 2.25206e-11 -3.74093e-25 -7.72515e-10  1.21294e-23  9.44008e-09 -1.23629e-22 -6.16681e-08  7.17824e-22  2.37986e-07 -2.71526e-21 -5.43988e-07  6.92796e-21  6.77574e-07 -1.18959e-20 -3.46501e-07  1.33046e-20 -2.20599e-08 -8.88521e-21  3.36368e-08  2.78436e-21  1.41147e-09
-3.74093e-25  1.12734e-09 -6.24012e-24 -2.09573e-08  1.35946e-22  1.83647e-07  -1.0718e-21 -9.20229e-07  5.07219e-21  2.75702e-06 -1.58481e-20 -4.75966e-06  3.32336e-20  4.05907e-06 -4.63041e-20 -8.62218e-07   4.1149e-20 -4.52008e-07 -2.07287e-20  4.65448e-08  3.77147e-21
-7.72515e-10 -6.24012e-24  2.65717e-08 -5.71631e-23 -3.26071e-07  9.13946e-22  2.14321e-06 -5.79618e-21 -8.34259e-06  2.26735e-20  1.92898e-05 -5.80626e-20 -2.43546e-05  9.78086e-20  1.25309e-05  -1.0722e-19  1.07988e-06  7.35103e-20 -1.34653e-06 -2.66683e-20 -6.76202e-08
 1.21294e-23 -2.09573e-08 -5.71631e-23  3.91271e-07 -3.49925e-22   -3.451e-06  4.39802e-21   1.7456e-05 -2.33262e-20 -5.29929e-05  7.56184e-20  9.31118e-05 -1.54361e-19 -8.10651e-05  1.97975e-19  1.70871e-05 -1.58436e-19  1.01509e-05  7.88979e-20 -1.00097e-06 -1.85519e-20
 9.44008e-09  1.35946e-22 -3.26071e-07 -3.49925e-22  4.02783e-06 -1.60735e-21 -2.67363e-05  1.72722e-20  0.000105562 -7.92023e-20 -0.000248995  2.09701e-19  0.000322933 -3.24829e-19 -0.000171561  2.84511e-19 -1.67462e-05 -1.33943e-19  2.06429e-05  4.26194e-20  1.15066e-06
-1.23629e-22  1.83647e-07  9.13946e-22   -3.451e-06 -1.60735e-21  3.07431e-05 -6.36059e-21 -0.000157819  6.32603e-20  0.000489399 -2.50694e-19 -0.000886087  5.29323e-19  0.000804188 -5.95871e-19 -0.000179986  2.96995e-19 -0.000112445 -1.73956e-20  1.19214e-05  7.07538e-22
-6.16681e-08  -1.0718e-21  2.14321e-06  4.39802e-21 -2.67363e-05 -6.36059e-21  0.000180143 -2.47591e-20 -0.000727033  2.26388e-19   0.00177004 -7.46937e-19  -0.00240237  1.24792e-18   0.00136697  -1.0302e-18  0.000123387  2.37689e-19 -0.000187176  1.10261e-19  -1.0641e-05
 7.17824e-22 -9.20229e-07 -5.79618e-21   1.7456e-05  1.72722e-20 -0.000157819 -2.47591e-20  0.000828311  -9.4353e-20  -0.00265339  7.32888e-19   0.00503665  -1.9525e-18  -0.00490587   2.6163e-18   0.00127729 -1.66271e-18  0.000758058  1.60999e-19 -0.000100753  1.40569e-19
 2.37986e-07  5.07219e-21 -8.34259e-06 -2.33262e-20  0.000105562  6.32603e-20 -0.000727033  -9.4353e-20   0.00303183 -3.14099e-19  -0.00774508  1.95533e-18    0.0112903  -4.1783e-18  -0.00723156  4.57685e-18 -0.000383293 -2.32192e-18    0.0011502  1.00566e-19  5.87001e-05
-2.71526e-21  2.75702e-06  2.26735e-20 -5.29929e-05 -7.92023e-20  0.000489399  2.26388e-19  -0.00265339 -3.14099e-19   0.00892086  -8.3644e-19   -0.0181928  4.08351e-18    0.0198022 -7.04262e-18  -0.00665266  6.40613e-18  -0.00329161 -2.61207e-18  0.000658514   5.1673e-20
-5.43988e-07 -1.58481e-20  1.92898e-05  7.56184e-20 -0.000248995 -2.50694e-19   0.00177004  7.32888e-19  -0.00774508  -8.3644e-19    0.0212585 -1.71028e-18   -0.0345411  6.49739e-18    0.0265946 -9.13325e-18 -0.000840453  6.97027e-18  -0.00503066 -2.22065e-18 -0.000170281
 6.92796e-21 -4.75966e-06 -5.80626e-20  9.31118e-05  2.09701e-19 -0.000886087 -7.46937e-19   0.00503665  1.95533e-18   -0.0181928 -1.71028e-18    0.0413253  -2.6148e-18   -0.0532313  7.64664e-18    0.0256522 -8.83872e-18    0.0086524  5.68429e-18  -0.00335869 -1.25833e-18
 6.77574e-07  3.32336e-20 -2.43546e-05 -1.54361e-19  0.000322933  5.29323e-19  -0.00240237  -1.9525e-18    0.0112903  4.08351e-18   -0.0345411  -2.6148e-18    0.0661779 -2.86418e-18   -0.0669557  6.24636e-18    0.0133578 -5.96213e-18    0.0153755  3.24545e-18 -0.000101754
-1.18959e-20  4.05907e-06  9.78086e-20 -8.10651e-05 -3.24829e-19  0.000804188  1.24792e-18  -0.00490587  -4.1783e-18    0.0198022  6.49739e-18   -0.0532313 -2.86418e-18    0.0887817 -2.01031e-18   -0.0691812  2.88303e-18  -0.00760922 -2.26695e-18    0.0128931  1.09363e-18
-3.46501e-07 -4.63041e-20  1.25309e-05  1.97975e-19 -0.000171561 -5.95871e-19   0.00136697   2.6163e-18  -0.00723156 -7.04262e-18    0.0265946  7.64664e-18   -0.0669557 -2.01031e-18     0.102936 -5.17619e-19   -0.0582787  -1.9635e-19   -0.0278459  8.02737e-20   0.00361997
 1.33046e-20 -8.62218e-07  -1.0722e-19  1.70871e-05  2.84511e-19 -0.000179986  -1.0302e-18   0.00127729  4.57685e-18  -0.00665266 -9.13325e-18    0.0256522  6.24636e-18   -0.0691812 -5.17619e-19     0.109123  5.43861e-19   -0.0353588 -1.33226e-18   -0.0336827  5.08247e-19
-2.20599e-08   4.1149e-20  1.07988e-06 -1.58436e-19 -1.67462e-05  2.96995e-19  0.000123387 -1.66271e-18 -0.000383293  6.40613e-18 -0.000840453 -8.83872e-18    0.0133578  2.88303e-18   -0.0582787  5.43861e-19     0.115422  6.48083e-19 -0.000341012 -9.09725e-19   -0.0184955
-8.88521e-21 -4.52008e-07  7.35103e-20  1.01509e-05 -1.33943e-19 -0.000112445  2.37689e-19  0.000758058 -2.32192e-18  -0.00329161  6.97027e-18    0.0086524 -5.96213e-18  -0.00760922  -1.9635e-19   -0.0353588  6.48083e-19     0.130244  2.54832e-19    0.0374933 -2.66597e-19
 3.36368e-08 -2.07287e-20 -1.34653e-06  7.88979e-20  2.06429e-05 -1.73956e-20 -0.000187176  1.60999e-19    0.0011502 -2.61207e-18  -0.00503066  5.68429e-18    0.0153755 -2.26695e-18   -0.0278459 -1.33226e-18 -0.000341012  2.54832e-19     0.143733 -4.94665e-21    0.0455615
 2.78436e-21  4.65448e-08 -2.66683e-20 -1.00097e-06  4.26194e-20  1.19214e-05  1.10261e-19 -0.000100753  1.00566e-19  0.000658514 -2.22065e-18  -0.00335869  3.24545e-18    0.0128931  8.02737e-20   -0.0336827 -9.09725e-19    0.0374933 -4.94665e-21     0.119127 -3.05895e-20
 1.41147e-09  3.77147e-21 -6.76202e-08 -1.85519e-20  1.15066e-06  7.07538e-22  -1.0641e-05  1.40569e-19  5.87001e-05   5.1673e-20 -0.000170281 -1.25833e-18 -0.000101754  1.09363e-18   0.00361997  5.08247e-19   -0.0184955 -2.66597e-19    0.0455615 -3.05895e-20    0.0488748
