 1.87172e-13 -1.18115e-24 -5.02447e-12  2.61272e-23  5.31625e-11  -2.1372e-22 -3.41345e-10  1.14299e-21  1.52755e-09 -4.51988e-21 -5.08543e-09  1.39491e-20  1.30155e-08 -3.46657e-20 -2.59327e-08  7.07168e-20  3.99695e-08 -1.19729e-19 -4.60125e-08  1.68933e-19   3.5454e-08  -1.9804e-19 -1.02304e-08  1.90494e-19 -1.40127e-08 -1.46014e-19  2.01172e-08  8.31201e-20 -7.20352e-09  -2.7613e-20 -7.74361e-09 -3.92394e-21  9.33591e-09  1.17806e-20 -5.03993e-10  -7.3059e-21 -5.07874e-09  1.59565e-21  2.32927e-09  8.36325e-22  1.81002e-09 -7.80284e-22 -1.62827e-09  1.96701e-22 -4.46067e-10   5.1118e-23  7.42681e-10 -4.25382e-23  7.96307e-11  3.48907e-24 -2.46878e-10  3.54313e-24   -1.842e-11 -7.23637e-26  5.45156e-11 -6.15143e-25  6.78857e-12  7.61974e-26 -4.82621e-12  3.62014e-26  -5.8575e-13
-1.18115e-24   7.1635e-12  -1.1279e-23  -1.0917e-10  1.65215e-22  8.77184e-10 -1.07533e-21 -4.64999e-09  4.89105e-21  1.78466e-08  -1.6991e-20 -5.19516e-08  4.69538e-20  1.17256e-07 -1.05756e-19 -2.05899e-07  1.97135e-19  2.76139e-07 -3.06692e-19 -2.65933e-07  3.98985e-19  1.47563e-07 -4.31761e-19  2.11686e-08  3.82755e-19 -1.23992e-07   -2.686e-19  9.46137e-08   1.3709e-19  8.32553e-09 -3.66019e-20 -6.55143e-08 -1.20544e-20  3.36004e-08  1.95506e-20  2.10323e-08 -1.00427e-20 -2.80142e-08   1.3695e-21 -5.93791e-10  1.45076e-21    1.414e-08 -9.32197e-22 -3.33464e-09  1.09823e-22 -5.40862e-09  9.66037e-23    2.092e-09 -1.76229e-23  1.68831e-09  -2.3421e-23 -7.06668e-10  7.84472e-24 -4.25448e-10  3.60591e-24  1.18169e-10 -2.06666e-24  6.55611e-11  3.32292e-26 -2.38359e-12   7.7536e-26
-5.02447e-12  -1.1279e-23  1.34884e-10 -5.37017e-23 -1.42725e-09  5.74261e-22  9.16453e-09 -3.08361e-21 -4.10142e-08  1.21667e-20  1.36548e-07 -3.76233e-20 -3.49483e-07  9.38929e-20  6.96309e-07 -1.92681e-19 -1.07303e-06  3.29376e-19  1.23461e-06 -4.72127e-19 -9.49519e-07  5.67445e-19   2.6989e-07 -5.67679e-19  3.82858e-07  4.64267e-19 -5.45933e-07  -2.9827e-19  1.94997e-07  1.35717e-19  2.11344e-07 -2.68328e-20 -2.55604e-07 -1.78677e-20  1.51672e-08  2.00047e-20  1.38916e-07 -8.39144e-21 -6.54624e-08  2.24967e-22 -4.86634e-08  1.50047e-21  4.56302e-08 -4.61394e-22  1.12367e-08 -2.35842e-22 -2.07455e-08  1.34455e-22 -1.56685e-09  7.47374e-23   6.8799e-09 -7.59466e-23  2.51056e-10  8.78197e-24 -1.53218e-09  1.02027e-23 -1.27211e-10 -2.98595e-24  1.43946e-10 -2.66058e-25  1.39163e-11
 2.61272e-23  -1.0917e-10 -5.37017e-23  1.66382e-09 -1.57223e-22 -1.33701e-08  1.28306e-21   7.0884e-08 -5.83444e-21 -2.72096e-07  2.03874e-20  7.92243e-07 -5.69768e-20 -1.78859e-06  1.29368e-19  3.14172e-06 -2.42645e-19  -4.2149e-06  3.81141e-19  4.05996e-06 -5.04321e-19 -2.25053e-06  5.61297e-19 -3.33161e-07 -5.21099e-19  1.91193e-06  3.95974e-19 -1.46331e-06 -2.35811e-19 -1.22795e-07  9.72684e-20  1.01414e-06 -1.30568e-20 -5.30155e-07  -1.7244e-20 -3.18915e-07  1.50865e-20  4.39675e-07 -4.25947e-21   3.4098e-10 -1.70647e-21 -2.19644e-07  1.49941e-21  5.79914e-08  3.28353e-22  8.23357e-08 -7.26833e-22 -3.56008e-08  1.20796e-22 -2.49432e-08  2.14698e-22  1.21837e-08 -1.14648e-22  6.12448e-09 -5.81482e-24  -2.1837e-09  1.57857e-23 -9.53148e-10 -1.61609e-24  7.87115e-11 -5.61209e-25
 5.31625e-11  1.65215e-22 -1.42725e-09 -1.57223e-22  1.51036e-08 -2.96528e-22 -9.69981e-08  1.88654e-21  4.34204e-07 -7.55002e-21 -1.44609e-06   2.4519e-20  3.70292e-06 -6.35443e-20 -7.38247e-06  1.31668e-19  1.13866e-05 -2.24607e-19 -1.31174e-05  3.22394e-19  1.01073e-05 -3.92063e-19 -2.88685e-06  4.03785e-19 -4.08258e-06 -3.51046e-19  5.86075e-06  2.54599e-19 -2.13573e-06 -1.47382e-19  -2.2393e-06  5.74527e-20  2.77229e-06 -9.66313e-22 -2.12854e-07 -1.90325e-20 -1.48619e-06  1.32803e-20  7.41118e-07 -9.16485e-22  5.00943e-07 -4.17704e-21 -5.07768e-07  1.84109e-21 -1.01529e-07  9.26914e-22  2.28005e-07  -8.8235e-22  6.16149e-09 -1.16532e-22  -7.4866e-08  3.24535e-22  1.41001e-09 -6.61152e-23  1.67339e-08 -3.95638e-23  4.34133e-10  1.36592e-23 -1.66872e-09  1.45522e-24 -1.10152e-10
 -2.1372e-22  8.77184e-10  5.74261e-22 -1.33701e-08 -2.96528e-22  1.07458e-07 -3.45459e-22 -5.69878e-07  1.77202e-21  2.18849e-06  -7.6348e-21 -6.37608e-06  2.66803e-20  1.44075e-05 -6.56616e-20 -2.53386e-05  1.20711e-19  3.40558e-05 -1.79818e-19 -3.28996e-05  2.25696e-19  1.83559e-05 -2.41855e-19  2.57037e-06  2.26486e-19 -1.55189e-05  -1.9378e-19  1.20654e-05  1.54491e-19  8.00727e-07 -1.05003e-19 -8.24789e-06  4.40676e-20  4.49918e-06  9.42294e-21  2.46777e-06 -3.07606e-20 -3.65213e-06  1.97472e-20  1.28524e-07 -1.30997e-21  1.78249e-06  -5.0442e-21 -5.52931e-07  1.87536e-21  -6.4395e-07    5.039e-22  3.26205e-07   1.2984e-22  1.85006e-07 -6.70746e-22 -1.12113e-07  2.28594e-22 -4.32394e-08  1.09932e-22  2.13207e-08 -6.86286e-23  6.76044e-09  1.89836e-24 -1.07634e-09  2.88347e-24
-3.41345e-10 -1.07533e-21  9.16453e-09  1.28306e-21 -9.69981e-08 -3.45459e-22  6.23133e-07 -1.97997e-22 -2.79077e-06   1.7699e-21  9.30121e-06 -1.40416e-20 -2.38418e-05   5.1131e-20  4.76037e-05  -1.0943e-19 -7.35826e-05  1.67825e-19  8.50551e-05 -2.03548e-19 -6.59596e-05    1.987e-19  1.93861e-05 -1.57769e-19  2.61065e-05  1.19882e-19 -3.83557e-05  -1.2147e-19  1.46332e-05  1.44734e-19  1.41197e-05 -1.32952e-19 -1.83564e-05  6.44797e-20   1.9943e-06  1.45152e-20  9.54949e-06 -4.72041e-20 -5.21036e-06  3.21174e-20 -2.99916e-06 -8.49052e-21  3.45257e-06 -5.08429e-22  4.59488e-07   1.2461e-21 -1.51277e-06 -2.42464e-21  6.32243e-08  2.84967e-21  4.86069e-07 -1.18871e-21  -4.6969e-08 -2.56397e-22 -1.07958e-07  3.42736e-22  5.65819e-09 -6.03219e-23  1.13606e-08 -9.88279e-24  3.08448e-10
 1.14299e-21 -4.64999e-09 -3.08361e-21   7.0884e-08  1.88654e-21 -5.69878e-07 -1.97997e-22  3.02374e-06 -2.70219e-22 -1.16211e-05   9.4164e-21  3.38962e-05 -5.75796e-20 -7.67182e-05  1.61145e-19  0.000135248 -2.88068e-19  -0.00018244  3.86342e-19  0.000177348 -4.04386e-19 -0.000100495  3.12572e-19 -1.17668e-05 -1.59945e-19  8.29379e-05  6.61904e-20 -6.65148e-05 -9.81455e-20 -2.19878e-06  1.83662e-19  4.40392e-05 -1.95319e-19 -2.57563e-05  1.02746e-19  -1.1996e-05  7.10283e-21  2.00823e-05  -5.4279e-20 -1.80185e-06  4.62901e-20 -9.40896e-06  -2.6735e-20  3.58431e-06  1.13946e-20  3.18941e-06  2.30628e-21 -2.00177e-06 -9.43294e-21 -8.30589e-07  6.58559e-21  6.82775e-07 -9.02893e-22  1.74445e-07 -1.08833e-21 -1.35561e-07  4.78833e-22 -2.68723e-08 -1.85766e-23  8.51421e-09 -9.70193e-24
 1.52755e-09  4.89105e-21 -4.10142e-08 -5.83444e-21  4.34204e-07  1.77202e-21 -2.79077e-06 -2.70219e-22  1.25088e-05 -3.64394e-21 -4.17399e-05  5.27397e-20  0.000107179 -2.13573e-19 -0.000214542  4.77263e-19  0.000332878 -7.57519e-19  -0.00038712   9.4671e-19  0.000303822 -9.23575e-19 -9.43477e-05  6.42855e-19 -0.000114504 -2.59492e-19  0.000175921  3.25128e-20 -7.22718e-05 -6.01066e-20 -6.03241e-05  1.90868e-19  8.52706e-05  -2.2541e-19 -1.34601e-05  1.33604e-19 -4.20994e-05 -2.10064e-20  2.61159e-05 -4.30514e-20  1.16493e-05  6.60654e-20 -1.64349e-05 -5.99004e-20 -7.11218e-07  2.62053e-20  6.90819e-06  1.01874e-20 -9.46238e-07 -2.03731e-20 -2.12974e-06  9.26213e-21  4.42682e-07  6.94979e-22  4.60448e-07 -1.89238e-21 -7.64807e-08  4.28412e-22 -5.03514e-08   1.1464e-23   1.3468e-09
-4.51988e-21  1.78466e-08  1.21667e-20 -2.72096e-07 -7.55002e-21  2.18849e-06   1.7699e-21 -1.16211e-05 -3.64394e-21  4.47176e-05 -2.20427e-20 -0.000130667  1.96698e-19   0.00029652 -6.03955e-19 -0.000524762  1.16138e-18  0.000712078 -1.71603e-18 -0.000699404   2.0591e-18  0.000406824 -1.93736e-18  3.13184e-05  1.31453e-18 -0.000319905 -5.39336e-19  0.000269715  5.37726e-20 -4.95811e-06  1.90664e-20 -0.000168906  1.00998e-19  0.000109306 -1.73543e-19  3.87222e-05  1.49502e-19 -8.00705e-05 -7.55135e-20  1.33816e-05 -2.37616e-20  3.50883e-05  1.05375e-19 -1.71538e-05 -1.05373e-19 -1.06206e-05  3.23863e-20  8.94777e-06  2.87228e-20  2.23206e-06 -3.19985e-20 -2.97965e-06  8.72113e-21 -3.33786e-07   3.1599e-21  6.03774e-07 -2.21182e-21  4.50732e-08  2.65364e-22 -4.38293e-08  4.42671e-24
-5.08543e-09  -1.6991e-20  1.36548e-07  2.03874e-20 -1.44609e-06  -7.6348e-21  9.30121e-06   9.4164e-21 -4.17399e-05 -2.20427e-20  0.000139534 -8.13092e-20 -0.000359253  5.25249e-19  0.000721932 -1.32601e-18   -0.0011267  2.31542e-18   0.00132274 -3.28683e-18  -0.00105776  3.84439e-18  0.000356695 -3.54198e-18  0.000364615  2.41769e-18 -0.000604061 -1.08595e-18  0.000275252    1.755e-19     0.000183  1.50954e-19 -0.000296536 -1.10983e-19  6.77478e-05 -4.87638e-20  0.000134425  1.75279e-19 -9.93897e-05 -1.49554e-19  -2.9006e-05 -2.75255e-20  5.81257e-05  1.76435e-19 -4.29669e-06 -1.48958e-19 -2.28252e-05  1.80776e-20  6.19923e-06   5.5504e-20  6.50093e-06 -3.92001e-20 -2.47869e-06  4.53056e-21 -1.30308e-06   5.2509e-21  4.69736e-07 -1.90812e-21  1.42408e-07  1.37921e-22 -1.71966e-08
 1.39491e-20 -5.19516e-08 -3.76233e-20  7.92243e-07   2.4519e-20 -6.37608e-06 -1.40416e-20  3.38962e-05  5.27397e-20 -0.000130667 -8.13092e-20  0.000382846 -2.09839e-19 -0.000872199   1.0593e-18   0.00155251 -2.33157e-18  -0.00212556  3.87083e-18   0.00212044 -5.40655e-18  -0.00128195   6.2117e-18 -2.27218e-05 -5.63193e-18  0.000930461  3.87572e-18 -0.000845075 -1.84622e-18  7.65631e-05  3.43263e-19  0.000484316  3.69163e-19  -0.00036044 -4.14204e-19 -7.78522e-05   7.3965e-20  0.000241319   2.4682e-19 -6.63238e-05 -2.13625e-19 -9.46907e-05 -8.79401e-20  6.28196e-05  2.72754e-19  2.27341e-05 -1.69632e-19 -3.01213e-05 -1.91491e-20 -2.09431e-06  8.18387e-20  9.54731e-06 -3.83762e-20  -5.1732e-07 -1.49251e-21 -1.90673e-06  5.88104e-21  1.34506e-07 -1.25898e-21  1.50781e-07  8.80583e-23
 1.30155e-08  4.69538e-20 -3.49483e-07 -5.69768e-20  3.70292e-06  2.66803e-20 -2.38418e-05 -5.75796e-20  0.000107179  1.96698e-19 -0.000359253 -2.09839e-19  0.000928598 -4.03531e-19   -0.0018768  1.68285e-18   0.00295438 -3.43121e-18  -0.00351688  5.67152e-18   0.00288977 -7.91209e-18   -0.0010868  8.91865e-18 -0.000855323 -7.91831e-18   0.00160538  5.40802e-18 -0.000836879  -2.5761e-18 -0.000389537  3.94335e-19  0.000796256   7.0088e-19 -0.000260492 -7.16587e-19 -0.000313356  9.87821e-20  0.000295499  3.69147e-19  3.41243e-05 -2.24269e-19 -0.000155913 -2.14237e-19  3.57624e-05  3.67017e-19  5.44635e-05 -1.53722e-19 -2.62252e-05  -6.9536e-20  -1.3046e-05  9.83674e-20  9.45301e-06  -2.9805e-20   2.0392e-06 -6.53259e-21 -1.82478e-06  4.88225e-21 -1.85915e-07 -6.56828e-22  8.40505e-08
-3.46657e-20  1.17256e-07  9.38929e-20 -1.78859e-06 -6.35443e-20  1.44075e-05   5.1131e-20 -7.67182e-05 -2.13573e-19   0.00029652  5.25249e-19 -0.000872199 -4.03531e-19   0.00199847  -6.0496e-19  -0.00358737   2.2279e-18   0.00497555 -4.54907e-18  -0.00507547  7.75733e-18   0.00323608 -1.07489e-17 -0.000202135  1.17109e-17   -0.0020732 -1.00134e-17    0.0020981  6.60144e-18 -0.000392698  -2.9505e-18  -0.00104568  1.86334e-19   0.00094363  1.10019e-18  4.89759e-05 -8.96948e-19 -0.000555513 -2.26843e-20  0.000238266  5.03288e-19  0.000178322 -1.52618e-19 -0.000177878 -3.83161e-19 -2.01338e-05  4.30332e-19  7.63291e-05 -1.04335e-19 -1.06372e-05 -1.18577e-19 -2.19313e-05  1.00421e-19  6.09162e-06 -1.71352e-20   4.0135e-06   -8.491e-21 -1.18299e-06  2.95249e-21 -3.18271e-07 -2.77066e-22
-2.59327e-08 -1.05756e-19  6.96309e-07  1.29368e-19 -7.38247e-06 -6.56616e-20  4.76037e-05  1.61145e-19 -0.000214542 -6.03955e-19  0.000721932   1.0593e-18   -0.0018768  -6.0496e-19   0.00382514 -7.51745e-19  -0.00609696  2.72859e-18   0.00740361 -6.01612e-18  -0.00631809  1.04855e-17   0.00271692 -1.39527e-17   0.00142788  1.42851e-17  -0.00334177 -1.14589e-17   0.00206236  7.05466e-18  0.000506952 -2.77276e-18  -0.00166213 -2.60138e-19  0.000776772  1.44056e-18  0.000504163 -8.72276e-19 -0.000689798 -2.66595e-19  6.01915e-05   6.0323e-19  0.000312222 -2.77076e-21    -0.000142 -5.60563e-19 -8.59082e-05   4.5208e-19  7.82092e-05 -3.52782e-20  1.11158e-05 -1.55487e-19 -2.53274e-05  8.86363e-20  9.87242e-07 -5.30534e-21  4.69611e-06 -6.91454e-21 -3.84435e-07  1.09267e-21 -2.38901e-07
 7.07168e-20 -2.05899e-07 -1.92681e-19  3.14172e-06  1.31668e-19 -2.53386e-05  -1.0943e-19  0.000135248  4.77263e-19 -0.000524762 -1.32601e-18   0.00155251  1.68285e-18  -0.00358737 -7.51745e-19   0.00651944 -8.78612e-19  -0.00921314  3.59494e-18   0.00969888 -8.48657e-18  -0.00663609  1.41805e-17   0.00109846 -1.73001e-17   0.00349618  1.61153e-17  -0.00415904 -1.17826e-17   0.00130792  6.58012e-18   0.00164034 -2.12989e-18  -0.00196525 -7.66005e-19  0.000279469  1.60495e-18  0.000951553 -6.40685e-19 -0.000641238 -5.86337e-19 -0.000187621    6.562e-19  0.000384202   2.0484e-19 -5.73299e-05 -7.27153e-19 -0.000138888  4.36976e-19  5.98083e-05  4.09669e-20  3.15358e-05 -1.73873e-19 -2.27116e-05  6.72439e-20 -3.87507e-06  1.48906e-21  4.10301e-06 -3.09914e-21  1.84629e-07  5.44125e-23
 3.99695e-08  1.97135e-19 -1.07303e-06 -2.42645e-19  1.13866e-05  1.20711e-19 -7.35826e-05 -2.88068e-19  0.000332878  1.16138e-18   -0.0011267 -2.33157e-18   0.00295438   2.2279e-18  -0.00609696 -8.78612e-19   0.00989826 -1.16812e-18   -0.0123693  5.43623e-18    0.0111212 -1.23817e-17  -0.00559872  1.85511e-17  -0.00141382 -2.00123e-17   0.00539331  1.64881e-17  -0.00411975 -1.07327e-17 -4.06615e-05  5.37932e-18   0.00263647 -1.34194e-18  -0.00180234 -1.16574e-18 -0.000408224  1.58285e-18   0.00123742 -2.42581e-19 -0.000418835 -9.75172e-19 -0.000426729  6.68312e-19  0.000373803  4.62298e-19  4.87059e-05 -8.75252e-19 -0.000165186  3.87522e-19  2.84221e-05  1.14299e-19   4.5229e-05  -1.6908e-19 -1.58495e-05  4.31592e-20 -7.07215e-06  1.77957e-21  2.75113e-06   4.8309e-22    3.395e-07
-1.19729e-19  2.76139e-07  3.29376e-19  -4.2149e-06 -2.24607e-19  3.40558e-05  1.67825e-19  -0.00018244 -7.57519e-19  0.000712078  2.31542e-18  -0.00212556 -3.43121e-18   0.00497555  2.72859e-18  -0.00921314 -1.16812e-18    0.0133877 -1.86491e-18    -0.014744  8.57854e-18    0.0110663 -1.72907e-17  -0.00326259   2.2452e-17  -0.00417706 -2.09408e-17    0.0065047  1.49148e-17  -0.00316999 -8.58841e-18  -0.00158753  4.01415e-18   0.00318619 -7.01524e-19  -0.00122896 -1.47749e-18  -0.00107876  1.44911e-18   0.00129282  3.24339e-19 -9.72963e-05 -1.45143e-18 -0.000597345  6.15522e-19  0.000293875  7.68952e-19  0.000148375 -9.83997e-19 -0.000162909  3.00977e-19 -6.64602e-06  1.69694e-19  5.02489e-05 -1.40956e-19 -7.34492e-06  2.38727e-20 -8.08549e-06 -1.95556e-21  1.29997e-06  1.70206e-21
-4.60125e-08 -3.06692e-19  1.23461e-06  3.81141e-19 -1.31174e-05 -1.79818e-19  8.50551e-05  3.86342e-19  -0.00038712 -1.71603e-18   0.00132274  3.87083e-18  -0.00351688 -4.54907e-18   0.00740361  3.59494e-18   -0.0123693 -1.86491e-18    0.0161393 -3.08909e-18   -0.0156167  1.26303e-17   0.00943926  -2.1856e-17 -0.000236321  2.42773e-17  -0.00641796 -1.92082e-17   0.00655765  1.16396e-17  -0.00163966 -6.21671e-18  -0.00289974  3.07917e-18    0.0032054 -2.03759e-19 -0.000446631 -1.88033e-18  -0.00157885  1.23032e-18    0.0011462  1.12075e-18  0.000238337 -1.97299e-18 -0.000678607  4.40477e-19  0.000172637  1.09333e-18  0.000224367 -1.01528e-18  -0.00013791   1.8602e-19 -3.79124e-05  1.89344e-19  4.73685e-05 -9.81939e-20  4.52951e-07  1.28596e-20 -7.17032e-06 -4.97291e-21  2.70568e-07
 1.68933e-19 -2.65933e-07 -4.72127e-19  4.05996e-06  3.22394e-19 -3.28996e-05 -2.03548e-19  0.000177348   9.4671e-19 -0.000699404 -3.28683e-18   0.00212044  5.67152e-18  -0.00507547 -6.01612e-18   0.00969888  5.43623e-18    -0.014744 -3.08909e-18    0.0173919 -4.67765e-18    -0.014782  1.64439e-17   0.00677978 -2.42724e-17   0.00261696  2.27517e-17  -0.00765665 -1.48669e-17   0.00574519   7.7741e-18 -1.40374e-05 -4.67002e-18  -0.00374315  2.75448e-18   0.00282309  4.75222e-19  0.000340699 -2.50282e-18  -0.00186298  8.14979e-19  0.000872198   2.1638e-18  0.000532156 -2.39891e-18 -0.000678329   1.1861e-19  3.69174e-05   1.3599e-18  0.000270028 -9.44683e-19 -9.87539e-05  7.19005e-20 -6.08295e-05  1.66217e-19  3.88653e-05 -5.41888e-20  5.96504e-06  7.64909e-21 -5.04297e-06  -4.4066e-21
  3.5454e-08  3.98985e-19 -9.49519e-07 -5.04321e-19  1.01073e-05  2.25696e-19 -6.59596e-05 -4.04386e-19  0.000303822   2.0591e-18  -0.00105776 -5.40655e-18   0.00288977  7.75733e-18  -0.00631809 -8.48657e-18    0.0111212  8.57854e-18   -0.0156167 -4.67765e-18       0.0169 -6.17572e-18   -0.0127172   1.8543e-17   0.00398342 -2.31063e-17   0.00465901  1.76655e-17  -0.00792279 -9.11031e-18   0.00452905  4.84078e-18   0.00135946 -4.52348e-18  -0.00413534  2.61934e-18   0.00223685  1.69858e-18   0.00102099 -3.23636e-18  -0.00196006  3.53116e-20  0.000538662  3.31948e-18  0.000760284 -2.57408e-18 -0.000614988  -2.8605e-19 -9.36894e-05  1.49175e-18  0.000285668 -7.88827e-19 -5.38624e-05 -6.50622e-21 -7.35551e-05  1.10592e-19   2.7536e-05 -1.78123e-20  8.51057e-06  4.22289e-21 -2.55828e-06
 -1.9804e-19  1.47563e-07  5.67445e-19 -2.25053e-06 -3.92063e-19  1.83559e-05    1.987e-19 -0.000100495 -9.23575e-19  0.000406824  3.84439e-18  -0.00128195 -7.91209e-18   0.00323608  1.04855e-17  -0.00663609 -1.23817e-17    0.0110663  1.26303e-17    -0.014782 -6.17572e-18    0.0151164 -7.00713e-18   -0.0103204  1.77804e-17    0.0017876 -1.80067e-17   0.00577278  1.01555e-17  -0.00760546 -3.83387e-18    0.0033103  3.95918e-18   0.00239121 -5.45855e-18  -0.00421963   1.9441e-18    0.0015868  3.53495e-18   0.00156729 -3.77107e-18  -0.00191655 -1.14734e-18   0.00019008  4.33263e-18  0.000916905  -2.4536e-18 -0.000508176 -6.50849e-19 -0.000206419  1.46157e-18  0.000275561 -5.94843e-19   -1.025e-05 -3.05048e-20 -7.63458e-05  4.16448e-20  1.59982e-05   8.0403e-21  8.16498e-06  1.70794e-21
-1.02304e-08 -4.31761e-19   2.6989e-07  5.61297e-19 -2.88685e-06 -2.41855e-19  1.93861e-05  3.12572e-19 -9.43477e-05 -1.93736e-18  0.000356695   6.2117e-18   -0.0010868 -1.07489e-17   0.00271692  1.41805e-17  -0.00559872 -1.72907e-17   0.00943926  1.64439e-17   -0.0127172 -7.00713e-18    0.0129367  -6.7333e-18  -0.00837874  1.38692e-17  0.000415163 -9.96597e-18   0.00626259  2.32009e-18  -0.00710776 -7.44289e-19   0.00225049  5.22428e-18   0.00315445 -6.47122e-18  -0.00412071  2.40837e-19  0.000934949  5.67572e-18   0.00198577 -3.82083e-18  -0.00177043 -2.54514e-18 -0.000145267   4.9762e-18   0.00100472 -2.12926e-18 -0.000375961 -8.76909e-19  -0.00029409  1.29341e-18   0.00024597  -4.0934e-19  2.69967e-05 -5.99007e-21 -7.08373e-05 -2.18357e-20  6.31564e-06  2.07606e-20  5.59211e-06
 1.90494e-19  2.11686e-08 -5.67679e-19 -3.33161e-07  4.03785e-19  2.57037e-06 -1.57769e-19 -1.17668e-05  6.42855e-19  3.13184e-05 -3.54198e-18 -2.27218e-05  8.91865e-18 -0.000202135 -1.39527e-17   0.00109846  1.85511e-17  -0.00326259  -2.1856e-17   0.00677978   1.8543e-17   -0.0103204  -6.7333e-18    0.0111625 -5.25043e-18  -0.00717525  7.52674e-18 -0.000368634 -9.67065e-19    0.0065067 -3.70587e-18  -0.00662233 -5.52182e-19   0.00133156  7.72791e-18   0.00373497 -6.57112e-18  -0.00390129 -2.39932e-18   0.00030729  7.64343e-18   0.00228606 -3.32477e-18  -0.00155237   -3.827e-18 -0.000448647  5.16709e-18   0.00103149 -1.74301e-18  -0.00023377 -9.35084e-19 -0.000353968  1.02949e-18  0.000203712 -2.58094e-19   5.4747e-05  4.02653e-20 -5.93815e-05 -6.27535e-20 -1.53965e-07   1.8284e-20
-1.40127e-08  3.82755e-19  3.82858e-07 -5.21099e-19 -4.08258e-06  2.26486e-19  2.61065e-05 -1.59945e-19 -0.000114504  1.31453e-18  0.000364615 -5.63193e-18 -0.000855323  1.17109e-17   0.00142788 -1.73001e-17  -0.00141382   2.2452e-17 -0.000236321 -2.42724e-17   0.00398342  1.77804e-17  -0.00837874 -5.25043e-18    0.0100961 -2.82651e-18  -0.00651783  1.84175e-19 -0.000913513  6.85951e-18   0.00670123 -6.69622e-18  -0.00615922 -2.76744e-18  0.000504065  1.01971e-17   0.00417209   -5.408e-18  -0.00359427 -5.42779e-18 -0.000277072  9.06512e-18   0.00247979 -2.47085e-18  -0.00128909 -4.69446e-18 -0.000709182  4.96436e-18   0.00100773 -1.38988e-18 -9.36989e-05 -8.49956e-19 -0.000386502  7.10403e-19  0.000155199 -1.39406e-19  7.15015e-05  7.18894e-20   -4.467e-05 -6.94078e-20 -2.88956e-06
-1.46014e-19 -1.23992e-07  4.64267e-19  1.91193e-06 -3.51046e-19 -1.55189e-05  1.19882e-19  8.29379e-05 -2.59492e-19 -0.000319905  2.41769e-18  0.000930461 -7.91831e-18   -0.0020732  1.42851e-17   0.00349618 -2.00123e-17  -0.00417706  2.42773e-17   0.00261696 -2.31063e-17    0.0017876  1.38692e-17  -0.00717525 -2.82651e-18   0.00955936  1.80998e-20  -0.00607642 -6.59604e-18  -0.00140832  1.21285e-17   0.00686268 -6.70407e-18  -0.00568861  -6.1786e-18 -0.000244303  1.17563e-17   0.00448361 -3.35446e-18  -0.00322986 -8.22852e-18 -0.000805093  9.80706e-18   0.00258235 -1.56531e-18  -0.00100227 -5.01549e-18 -0.000922236  4.49884e-18  0.000944588 -1.08604e-18  3.54151e-05 -6.65113e-19   -0.0003941  3.73786e-19  0.000106097 -3.00717e-20  7.72046e-05  6.61844e-20 -2.90879e-05 -4.73643e-20
 2.01172e-08   -2.686e-19 -5.45933e-07  3.95974e-19  5.86075e-06  -1.9378e-19 -3.83557e-05  6.61904e-20  0.000175921 -5.39336e-19 -0.000604061  3.87572e-18   0.00160538 -1.00134e-17  -0.00334177  1.61153e-17   0.00539331 -2.09408e-17  -0.00641796  2.27517e-17   0.00465901 -1.80067e-17  0.000415163  7.52674e-18  -0.00651783  1.80998e-20   0.00922893  2.71379e-18  -0.00566936  -1.1717e-17  -0.00186578  1.46142e-17   0.00696481 -4.68354e-18  -0.00521482 -9.60987e-18 -0.000909546  1.22881e-17   0.00469171  -1.0876e-18  -0.00283432 -1.04216e-17  -0.00127239   9.9553e-18   0.00260982 -8.64839e-19 -0.000708147 -4.85663e-18  -0.00108722   3.8995e-18  0.000852616 -8.00246e-19  0.000147381 -4.21846e-19 -0.000380434  5.09915e-20  6.10012e-05  8.43353e-20  7.28133e-05  3.74414e-20  -1.4917e-05
 8.31201e-20  9.46137e-08  -2.9827e-19 -1.46331e-06  2.54599e-19  1.20654e-05  -1.2147e-19 -6.65148e-05  3.25128e-20  0.000269715 -1.08595e-18 -0.000845075  5.40802e-18    0.0020981 -1.14589e-17  -0.00415904  1.64881e-17    0.0065047 -1.92082e-17  -0.00765665  1.76655e-17   0.00577278 -9.96597e-18 -0.000368634  1.84175e-19  -0.00607642  2.71379e-18   0.00892586  4.84107e-18  -0.00528894 -1.48736e-17  -0.00225504  1.49918e-17   0.00701618 -1.76237e-18  -0.00475761 -1.24444e-17  -0.00149758  1.22482e-17   0.00481998  8.88773e-19  -0.00242509 -1.19158e-17  -0.00167974  9.71607e-18   0.00257663 -4.72733e-19 -0.000418594 -4.41375e-18  -0.00120591  3.23964e-18  0.000741456 -5.14404e-19  0.000238259 -1.52506e-19 -0.000349834 -2.32087e-19  2.32028e-05  1.75052e-19  5.94926e-05  2.18543e-20
-7.20352e-09   1.3709e-19  1.94997e-07 -2.35811e-19 -2.13573e-06  1.54491e-19  1.46332e-05 -9.81455e-20 -7.22718e-05  5.37726e-20  0.000275252 -1.84622e-18 -0.000836879  6.60144e-18   0.00206236 -1.17826e-17  -0.00411975  1.49148e-17   0.00655765 -1.48669e-17  -0.00792279  1.01555e-17   0.00626259 -9.67065e-19 -0.000913513 -6.59604e-18  -0.00566936  4.84107e-18   0.00864452  6.25529e-18  -0.00497158 -1.64767e-17  -0.00258153   1.4219e-17   0.00704256  1.26463e-18  -0.00432448 -1.46866e-17  -0.00202069  1.22019e-17   0.00488619  2.40164e-18  -0.00201337 -1.27812e-17  -0.00202991   9.2975e-18   0.00249535 -3.47274e-19 -0.000142339 -3.87587e-18  -0.00128163  2.52636e-18  0.000619594 -2.54083e-19  0.000306069  1.10575e-19 -0.000306334 -4.41849e-19 -4.29938e-06  1.87627e-19  4.01146e-05
 -2.7613e-20  8.32553e-09  1.35717e-19 -1.22795e-07 -1.47382e-19  8.00727e-07  1.44734e-19 -2.19878e-06 -6.01066e-20 -4.95811e-06    1.755e-19  7.65631e-05  -2.5761e-18 -0.000392698  7.05466e-18   0.00130792 -1.07327e-17  -0.00316999  1.16396e-17   0.00574519 -9.11031e-18  -0.00760546  2.32009e-18    0.0065067  6.85951e-18  -0.00140832  -1.1717e-17  -0.00528894  6.25529e-18    0.0084236   7.0957e-18  -0.00471643 -1.72835e-17  -0.00287012  1.30755e-17   0.00705759  3.99218e-18  -0.00391391  -1.6671e-17  -0.00248863  1.24654e-17   0.00490354  3.43892e-18  -0.00160712 -1.30919e-17  -0.00232676  8.82995e-18   0.00237699 -3.78428e-19  0.000114503 -3.30719e-18  -0.00131863  1.72978e-18  0.000493868 -3.53724e-20  0.000349471  3.19474e-19 -0.000254417 -5.34687e-19  -2.0266e-05   1.1789e-19
-7.74361e-09 -3.66019e-20  2.11344e-07  9.72684e-20  -2.2393e-06 -1.05003e-19  1.41197e-05  1.83662e-19 -6.03241e-05  1.90664e-20     0.000183  3.43263e-19 -0.000389537  -2.9505e-18  0.000506952  6.58012e-18 -4.06615e-05 -8.58841e-18  -0.00163966   7.7741e-18   0.00452905 -3.83387e-18  -0.00710776 -3.70587e-18   0.00670123  1.21285e-17  -0.00186578 -1.48736e-17  -0.00497158   7.0957e-18   0.00826424  7.67685e-18  -0.00450175 -1.79893e-17  -0.00313442  1.20986e-17   0.00706519  6.21477e-18  -0.00352504 -1.86789e-17  -0.00290901   1.3051e-17   0.00488307  3.94485e-18  -0.00121181 -1.28614e-17  -0.00257495  8.33433e-18   0.00223085 -4.26475e-19  0.000348033 -2.62951e-18  -0.00132079  7.98967e-19  0.000370589  2.06395e-19  0.000368232  4.17886e-19  -0.00019884 -4.83466e-19 -2.40771e-05
-3.92394e-21 -6.55143e-08 -2.68328e-20  1.01414e-06  5.74527e-20 -8.24789e-06 -1.32952e-19  4.40392e-05  1.90868e-19 -0.000168906  1.50954e-19  0.000484316  3.94335e-19  -0.00104568 -2.77276e-18   0.00164034  5.37932e-18  -0.00158753 -6.21671e-18 -1.40374e-05  4.84078e-18    0.0033103 -7.44289e-19  -0.00662233 -6.69622e-18   0.00686268  1.46142e-17  -0.00225504 -1.64767e-17  -0.00471643  7.67685e-18   0.00814624  8.30848e-18  -0.00431643 -1.90007e-17  -0.00337852  1.17212e-17   0.00706968  7.80354e-18  -0.00315777 -2.07034e-17  -0.00328916  1.37991e-17   0.00483395   3.8481e-18 -0.000830722 -1.20962e-17  -0.00277933  7.67616e-18   0.00206425 -3.20431e-19  0.000554998 -1.70561e-18  -0.00129235 -3.15829e-19  0.000255607  5.55914e-19  0.000364157  3.90585e-19   -0.0001399 -3.34392e-19
 9.33591e-09 -1.20544e-20 -2.55604e-07 -1.30568e-20  2.77229e-06  4.40676e-20 -1.83564e-05 -1.95319e-19  8.52706e-05  1.00998e-19 -0.000296536  3.69163e-19  0.000796256  1.86334e-19  -0.00166213 -2.12989e-18   0.00263647  4.01415e-18  -0.00289974 -4.67002e-18   0.00135946  3.95918e-18   0.00225049 -5.52182e-19  -0.00615922 -6.70407e-18   0.00696481  1.49918e-17  -0.00258153 -1.72835e-17  -0.00450175  8.30848e-18   0.00805984  9.13702e-18  -0.00415873 -2.04481e-17  -0.00360718  1.22687e-17   0.00707588  8.75309e-18  -0.00281096 -2.24684e-17  -0.00363602  1.44482e-17   0.00476334   3.2675e-18 -0.000465563 -1.08643e-17  -0.00294394  6.54457e-18   0.00188389  5.72303e-20  0.000733074 -4.83591e-19  -0.00123848 -1.54979e-18   0.00015135  9.52979e-19  0.000335609  3.04735e-19 -8.73874e-05
 1.17806e-20  3.36004e-08 -1.78677e-20 -5.30155e-07 -9.66313e-22  4.49918e-06  6.44797e-20 -2.57563e-05  -2.2541e-19  0.000109306 -1.10983e-19  -0.00036044   7.0088e-19   0.00094363 -2.60138e-19  -0.00196525 -1.34194e-18   0.00318619  3.07917e-18  -0.00374315 -4.52348e-18   0.00239121  5.22428e-18   0.00133156 -2.76744e-18  -0.00568861 -4.68354e-18   0.00701618   1.4219e-17  -0.00287012 -1.79893e-17  -0.00431643  9.13702e-18   0.00800463  1.01131e-17  -0.00402604 -2.23377e-17  -0.00382597  1.37371e-17   0.00708731  9.25507e-18  -0.00248282 -2.36063e-17  -0.00395565  1.46139e-17    0.0046767  2.57483e-18 -0.000117817 -9.27342e-18  -0.00307308  4.63811e-18   0.00169574  6.41054e-19  0.000882429  8.50485e-19  -0.00116068 -2.61748e-18  6.26854e-05  1.15142e-18   0.00028183  2.77447e-19
-5.03993e-10  1.95506e-20  1.51672e-08  -1.7244e-20 -2.12854e-07  9.42294e-21   1.9943e-06  1.02746e-19 -1.34601e-05 -1.73543e-19  6.77478e-05 -4.14204e-19 -0.000260492  1.10019e-18  0.000776772 -7.66005e-19  -0.00180234 -7.01524e-19    0.0032054  2.75448e-18  -0.00413534 -5.45855e-18   0.00315445  7.72791e-18  0.000504065  -6.1786e-18  -0.00521482 -1.76237e-18   0.00704256  1.30755e-17  -0.00313442 -1.90007e-17  -0.00415873  1.01131e-17   0.00797929  1.11198e-17   -0.0039148 -2.46629e-17  -0.00403921  1.56441e-17   0.00710656  9.61053e-18  -0.00217159 -2.38203e-17   -0.0042531   1.3915e-17    0.0045792  2.17313e-18  0.000212216 -7.40325e-18  -0.00317146  1.98088e-18   0.00150219  1.27372e-18   0.00100019  1.87934e-18  -0.00106099 -3.13543e-18 -8.69871e-07  9.09644e-19  0.000214998
 -7.3059e-21  2.10323e-08  2.00047e-20 -3.18915e-07 -1.90325e-20  2.46777e-06  1.45152e-20  -1.1996e-05  1.33604e-19  3.87222e-05 -4.87638e-20 -7.78522e-05 -7.16587e-19  4.89759e-05  1.44056e-18  0.000279469 -1.16574e-18  -0.00122896 -2.03759e-19   0.00282309  2.61934e-18  -0.00421963 -6.47122e-18   0.00373497  1.01971e-17 -0.000244303 -9.60987e-18  -0.00475761  1.26463e-18   0.00705759  1.20986e-17  -0.00337852 -2.04481e-17  -0.00402604  1.11198e-17   0.00798158  1.21541e-17  -0.00382272 -2.73673e-17  -0.00425036  1.72572e-17    0.0071361  9.98821e-18  -0.00187593 -2.29613e-17  -0.00453389  1.22645e-17   0.00447474  2.26201e-18  0.000526051 -5.25518e-18  -0.00323989 -1.07851e-18   0.00130763  1.96204e-18   0.00108099  2.27202e-18 -0.000949142 -2.91256e-18  -5.2133e-05  3.48153e-19
-5.07874e-09 -1.00427e-20  1.38916e-07  1.50865e-20 -1.48619e-06 -3.07606e-20  9.54949e-06  7.10283e-21 -4.20994e-05  1.49502e-19  0.000134425   7.3965e-20 -0.000313356 -8.96948e-19  0.000504163  1.60495e-18 -0.000408224 -1.47749e-18 -0.000446631  4.75222e-19   0.00223685   1.9441e-18  -0.00412071 -6.57112e-18   0.00417209  1.17563e-17 -0.000909546 -1.24444e-17  -0.00432448  3.99218e-18   0.00706519  1.17212e-17  -0.00360718 -2.23377e-17   -0.0039148  1.21541e-17   0.00801056  1.33588e-17  -0.00374851 -3.02053e-17  -0.00446278  1.80545e-17   0.00717883  1.02662e-17   -0.0015935 -2.10463e-17  -0.00480291  9.88531e-18   0.00436457  2.81497e-18  0.000821751 -2.67414e-18  -0.00328012  -4.2311e-18   0.00112082  2.79627e-18   0.00113261  2.09286e-18  -0.00081962 -2.04722e-18 -6.25134e-05
 1.59565e-21 -2.80142e-08 -8.39144e-21  4.39675e-07  1.32803e-20 -3.65213e-06 -4.72041e-20  2.00823e-05 -2.10064e-20 -8.00705e-05  1.75279e-19  0.000241319  9.87821e-20 -0.000555513 -8.72276e-19  0.000951553  1.58285e-18  -0.00107876 -1.88033e-18  0.000340699  1.69858e-18    0.0015868  2.40837e-19  -0.00390129   -5.408e-18   0.00448361  1.22881e-17  -0.00149758 -1.46866e-17  -0.00391391  6.21477e-18   0.00706968  1.22687e-17  -0.00382597 -2.46629e-17  -0.00382272  1.33588e-17    0.0080664  1.48191e-17  -0.00369114 -3.26432e-17  -0.00468031  1.79069e-17   0.00723663  1.01333e-17  -0.00132199 -1.81722e-17  -0.00506237  6.87601e-18   0.00425313  3.56424e-18   0.00109773  6.15244e-19  -0.00330121 -7.23109e-18  0.000936218   3.5194e-18   0.00114785  1.67908e-18   -0.0006497 -1.10008e-18
 2.32927e-09   1.3695e-21 -6.54624e-08 -4.25947e-21  7.41118e-07  1.97472e-20 -5.21036e-06  -5.4279e-20  2.61159e-05 -7.55135e-20 -9.93897e-05   2.4682e-19  0.000295499 -2.26843e-20 -0.000689798 -6.40685e-19   0.00123742  1.44911e-18  -0.00157885 -2.50282e-18   0.00102099  3.53495e-18  0.000934949 -2.39932e-18  -0.00359427 -3.35446e-18   0.00469171  1.22482e-17  -0.00202069  -1.6671e-17  -0.00352504  7.80354e-18   0.00707588  1.37371e-17  -0.00403921 -2.73673e-17  -0.00374851  1.48191e-17   0.00814972  1.63068e-17  -0.00364939 -3.38924e-17  -0.00490581  1.67966e-17   0.00731137  9.30883e-18   -0.0010619 -1.43318e-17  -0.00531802  2.99611e-18   0.00414572  3.94445e-18   0.00136248  4.46865e-18  -0.00329646 -9.40407e-18  0.000750015  3.59515e-18   0.00109299  1.21443e-18 -0.000539492
 8.36325e-22 -5.93791e-10  2.24967e-22   3.4098e-10 -9.16485e-22  1.28524e-07  3.21174e-20 -1.80185e-06 -4.30514e-20  1.33816e-05 -1.49554e-19 -6.63238e-05  3.69147e-19  0.000238266 -2.66595e-19 -0.000641238 -2.42581e-19   0.00129282  1.23032e-18  -0.00186298 -3.23636e-18   0.00156729  5.67572e-18   0.00030729 -5.42779e-18  -0.00322986  -1.0876e-18   0.00481998  1.22019e-17  -0.00248863 -1.86789e-17  -0.00315777  8.75309e-18   0.00708731  1.56441e-17  -0.00425036 -3.02053e-17  -0.00369114  1.63068e-17   0.00826116  1.72609e-17  -0.00362343 -3.30777e-17  -0.00514195  1.45686e-17   0.00740836  7.67197e-18  -0.00081016 -9.39503e-18  -0.00557809 -1.82258e-18   0.00403462  3.52931e-18   0.00161139  7.65551e-18  -0.00325007 -9.73985e-18  0.000602471  2.68893e-18   0.00101343  1.35391e-18
 1.81002e-09  1.45076e-21 -4.86634e-08 -1.70647e-21  5.00943e-07 -1.30997e-21 -2.99916e-06  4.62901e-20  1.16493e-05 -2.37616e-20  -2.9006e-05 -2.13625e-19  3.41243e-05  5.03288e-19  6.01915e-05 -5.86337e-19 -0.000418835  3.24339e-19    0.0011462  8.14979e-19  -0.00196006 -3.77107e-18   0.00198577  7.64343e-18 -0.000277072 -8.22852e-18  -0.00283432  8.88773e-19   0.00488619  1.24654e-17  -0.00290901 -2.07034e-17  -0.00281096  9.25507e-18   0.00710656  1.72572e-17  -0.00446278 -3.26432e-17  -0.00364939  1.72609e-17   0.00840299  1.70616e-17  -0.00361422 -2.95197e-17   -0.0053951   1.1165e-17   0.00752983  5.35841e-18 -0.000559687  -3.3792e-18  -0.00583693 -7.06247e-18   0.00392264  2.83803e-18   0.00182153  8.56756e-18  -0.00320295 -7.98244e-18  0.000481383  6.79354e-19  0.000900787
-7.80284e-22    1.414e-08  1.50047e-21 -2.19644e-07 -4.17704e-21  1.78249e-06 -8.49052e-21 -9.40896e-06  6.60654e-20  3.50883e-05 -2.75255e-20 -9.46907e-05 -2.24269e-19  0.000178322   6.0323e-19 -0.000187621 -9.75172e-19 -9.72963e-05  1.12075e-18  0.000872198  3.53116e-20  -0.00191655 -3.82083e-18   0.00228606  9.06512e-18 -0.000805093 -1.04216e-17  -0.00242509  2.40164e-18   0.00490354   1.3051e-17  -0.00328916 -2.24684e-17  -0.00248282  9.61053e-18    0.0071361  1.80545e-17  -0.00468031 -3.38924e-17  -0.00362343  1.70616e-17   0.00857874  1.53382e-17  -0.00361958 -2.30599e-17  -0.00566879  6.90077e-18   0.00767369  2.82625e-18 -0.000318672  3.49276e-18  -0.00609618 -1.21892e-17   0.00383978  2.99451e-18   0.00202399  7.31412e-18  -0.00314107 -5.26681e-18  0.000245292   -1.061e-18
-1.62827e-09 -9.32197e-22  4.56302e-08  1.49941e-21 -5.07768e-07  -5.0442e-21  3.45257e-06  -2.6735e-20 -1.64349e-05  1.05375e-19  5.81257e-05 -8.79401e-20 -0.000155913 -1.52618e-19  0.000312222    6.562e-19 -0.000426729 -1.45143e-18  0.000238337   2.1638e-18  0.000538662 -1.14734e-18  -0.00177043 -3.32477e-18   0.00247979  9.80706e-18  -0.00127239 -1.19158e-17  -0.00201337  3.43892e-18   0.00488307  1.37991e-17  -0.00363602 -2.36063e-17  -0.00217159  9.98821e-18   0.00717883  1.79069e-17  -0.00490581 -3.30777e-17  -0.00361422  1.53382e-17   0.00878921  1.20393e-17  -0.00364104 -1.42135e-17  -0.00596129  2.08907e-18   0.00785439   5.7029e-19 -9.10761e-05   1.1118e-17  -0.00639168 -1.70572e-17   0.00375532  4.01734e-18   0.00225639  5.62724e-18  -0.00295212 -2.43511e-18  0.000384711
 1.96701e-22 -3.33464e-09 -4.61394e-22  5.79914e-08  1.84109e-21 -5.52931e-07 -5.08429e-22  3.58431e-06 -5.99004e-20 -1.71538e-05  1.76435e-19  6.28196e-05 -2.14237e-19 -0.000177878 -2.77076e-21  0.000384202  6.68312e-19 -0.000597345 -1.97299e-18  0.000532156  3.31948e-18   0.00019008 -2.54514e-18  -0.00155237 -2.47085e-18   0.00258235   9.9553e-18  -0.00167974 -1.27812e-17  -0.00160712  3.94485e-18   0.00483395  1.44482e-17  -0.00395565 -2.38203e-17  -0.00187593  1.02662e-17   0.00723663  1.67966e-17  -0.00514195 -2.95197e-17  -0.00361958  1.20393e-17   0.00903949  7.34081e-18  -0.00368698 -3.99018e-18  -0.00628802 -3.50176e-18   0.00808619 -1.33877e-18  0.000160192  1.89286e-17  -0.00670801 -2.06005e-17   0.00361954  4.35403e-18   0.00233715  4.21998e-18  -0.00269975 -7.79644e-19
-4.46067e-10  1.09823e-22  1.12367e-08  3.28353e-22 -1.01529e-07  1.87536e-21  4.59488e-07  1.13946e-20 -7.11218e-07 -1.05373e-19 -4.29669e-06  2.72754e-19  3.57624e-05 -3.83161e-19    -0.000142   2.0484e-19  0.000373803  6.15522e-19 -0.000678607 -2.39891e-18  0.000760284  4.33263e-18 -0.000145267   -3.827e-18  -0.00128909 -1.56531e-18   0.00260982  9.71607e-18  -0.00202991 -1.30919e-17  -0.00121181   3.8481e-18   0.00476334  1.46139e-17   -0.0042531 -2.29613e-17   -0.0015935  1.01333e-17   0.00731137  1.45686e-17   -0.0053951 -2.30599e-17  -0.00364104  7.34081e-18   0.00934265  1.72917e-18  -0.00375027  6.39465e-18  -0.00666668 -1.01893e-17   0.00834146 -2.85637e-18  0.000419716  2.40554e-17  -0.00696883 -1.99889e-17   0.00358184  3.35764e-18   0.00231842  1.72337e-18  -0.00297257
  5.1118e-23 -5.40862e-09 -2.35842e-22  8.23357e-08  9.26914e-22  -6.4395e-07   1.2461e-21  3.18941e-06  2.62053e-20 -1.06206e-05 -1.48958e-19  2.27341e-05  3.67017e-19 -2.01338e-05 -5.60563e-19 -5.73299e-05  4.62298e-19  0.000293875  4.40477e-19 -0.000678329 -2.57408e-18  0.000916905   4.9762e-18 -0.000448647 -4.69446e-18  -0.00100227 -8.64839e-19   0.00257663   9.2975e-18  -0.00232676 -1.28614e-17 -0.000830722   3.2675e-18    0.0046767   1.3915e-17  -0.00453389 -2.10463e-17  -0.00132199  9.30883e-18   0.00740836   1.1165e-17  -0.00566879 -1.42135e-17  -0.00368698  1.72917e-18    0.0096971 -3.76605e-18   -0.0038224  1.56404e-17  -0.00706815 -1.73388e-17   0.00863519 -2.70781e-18  0.000599852   2.1789e-17  -0.00731513 -1.36606e-17   0.00367292  2.15779e-18   0.00275346   5.7627e-19
 7.42681e-10  9.66037e-23 -2.07455e-08 -7.26833e-22  2.28005e-07    5.039e-22 -1.51277e-06  2.30628e-21  6.90819e-06  3.23863e-20 -2.28252e-05 -1.69632e-19  5.44635e-05  4.30332e-19 -8.59082e-05 -7.27153e-19  4.87059e-05  7.68952e-19  0.000172637   1.1861e-19 -0.000614988  -2.4536e-18   0.00100472  5.16709e-18 -0.000709182 -5.01549e-18 -0.000708147 -4.72733e-19   0.00249535  8.82995e-18  -0.00257495 -1.20962e-17 -0.000465563  2.57483e-18    0.0045792  1.22645e-17  -0.00480291 -1.81722e-17   -0.0010619  7.67197e-18   0.00752983  6.90077e-18  -0.00596129 -3.99018e-18  -0.00375027 -3.76605e-18    0.0101008 -7.83814e-18  -0.00394442  2.26471e-17   -0.0075085 -2.34574e-17   0.00908963  1.05486e-18  0.000821408  1.11295e-17   -0.0079321  -4.5194e-18   0.00350554 -3.09854e-19   0.00227445
-4.25382e-23    2.092e-09  1.34455e-22 -3.56008e-08  -8.8235e-22  3.26205e-07 -2.42464e-21 -2.00177e-06  1.01874e-20  8.94777e-06  1.80776e-20 -3.01213e-05 -1.53722e-19  7.63291e-05   4.5208e-19 -0.000138888 -8.75252e-19  0.000148375  1.09333e-18  3.69174e-05  -2.8605e-19 -0.000508176 -2.12926e-18   0.00103149  4.96436e-18 -0.000922236 -4.85663e-18 -0.000418594 -3.47274e-19   0.00237699  8.33433e-18  -0.00277933 -1.08643e-17 -0.000117817  2.17313e-18   0.00447474  9.88531e-18  -0.00506237 -1.43318e-17  -0.00081016  5.35841e-18   0.00767369  2.08907e-18  -0.00628802  6.39465e-18   -0.0038224 -7.83814e-18    0.0106057 -9.91244e-18   -0.0041259  2.72083e-17  -0.00811016 -2.70776e-17   0.00962294  7.09395e-18   0.00125256 -8.92164e-19  -0.00811036  3.05417e-18   0.00286815 -4.87898e-18
 7.96307e-11 -1.76229e-23 -1.56685e-09  1.20796e-22  6.16149e-09   1.2984e-22  6.32243e-08 -9.43294e-21 -9.46238e-07  2.87228e-20  6.19923e-06 -1.91491e-20 -2.62252e-05 -1.04335e-19  7.82092e-05  4.36976e-19 -0.000165186 -9.83997e-19  0.000224367   1.3599e-18 -9.36894e-05 -6.50849e-19 -0.000375961 -1.74301e-18   0.00100773  4.49884e-18  -0.00108722 -4.41375e-18 -0.000142339 -3.78428e-19   0.00223085  7.67616e-18  -0.00294394 -9.27342e-18  0.000212216  2.26201e-18   0.00436457  6.87601e-18  -0.00531802 -9.39503e-18 -0.000559687  2.82625e-18   0.00785439 -3.50176e-18  -0.00666668  1.56404e-17  -0.00394442 -9.91244e-18    0.0112306 -1.07512e-17  -0.00425793   2.9574e-17  -0.00880527 -2.56523e-17   0.00999377  8.80117e-18    0.0014756 -7.93205e-18  -0.00826742    1.323e-17   0.00584862
 3.48907e-24  1.68831e-09  7.47374e-23 -2.49432e-08 -1.16532e-22  1.85006e-07  2.84967e-21 -8.30589e-07 -2.03731e-20  2.23206e-06   5.5504e-20 -2.09431e-06  -6.9536e-20 -1.06372e-05 -3.52782e-20  5.98083e-05  3.87522e-19 -0.000162909 -1.01528e-18  0.000270028  1.49175e-18 -0.000206419 -8.76909e-19  -0.00023377 -1.38988e-18  0.000944588   3.8995e-18  -0.00120591 -3.87587e-18  0.000114503 -4.26475e-19   0.00206425  6.54457e-18  -0.00307308 -7.40325e-18  0.000526051  2.81497e-18   0.00425313  2.99611e-18  -0.00557809  -3.3792e-18 -0.000318672   5.7029e-19   0.00808619 -1.01893e-17  -0.00706815  2.26471e-17   -0.0041259 -1.07512e-17    0.0118854 -1.14911e-17  -0.00442373  2.76104e-17  -0.00937194 -1.36664e-17    0.0107947  9.87483e-19  0.000981199 -1.36517e-17  -0.00973645  2.23628e-17
