    0.0817622  -5.13664e-16    -0.0238275   4.01513e-16    -0.0234261   6.87417e-16    -0.0129025   8.63269e-16   -0.00580025   4.56442e-16   -0.00229568   1.31573e-16   -0.00082483   1.83536e-17  -0.000276658  -7.08054e-18  -9.12068e-05  -7.59308e-18  -3.23221e-05   -4.2916e-18  -1.33141e-05    -1.955e-18  -6.22042e-06  -7.86838e-19  -2.99267e-06  -2.87763e-19  -1.37517e-06   -9.6483e-20  -5.83536e-07  -2.97257e-20  -2.26398e-07  -8.43939e-21  -8.02937e-08  -2.21478e-21  -2.61112e-08  -5.39116e-22  -7.81583e-09  -1.22269e-22  -2.16125e-09   -2.6007e-23  -5.53816e-10  -5.24034e-24  -1.31829e-10  -1.01539e-24  -2.91999e-11  -1.93083e-25  -6.02357e-12  -3.68446e-26  -1.15714e-12   -7.1697e-27  -2.06732e-13  -1.42512e-27  -3.42436e-14  -2.85607e-28  -5.22852e-15   -5.6577e-29  -7.28051e-16   -1.0876e-29  -9.05545e-17  -2.00221e-30  -9.60506e-18  -3.50132e-31  -7.55699e-19  -5.79035e-32  -1.28205e-20  -9.03603e-33   1.07363e-20  -1.32937e-33   2.93729e-21   -1.8432e-34   5.43114e-22   -2.4084e-35   8.36864e-23  -2.96548e-36   1.14125e-23  -3.44043e-37   1.41289e-24  -3.75973e-38   1.60837e-25  -3.86824e-39   1.69528e-26  -3.74434e-40   1.66094e-27  -3.40666e-41   1.51563e-28  -2.90968e-42    1.2891e-29  -2.32957e-43   1.02179e-30  -1.74516e-44   7.54106e-32  -1.22064e-45   5.17403e-33  -7.95125e-47   3.29321e-34  -4.80929e-48   1.93913e-35  -2.69158e-49   1.05269e-36  -1.38814e-50   5.24679e-38  -6.56537e-52    2.3889e-39  -2.83133e-53    9.8757e-41  -1.10572e-54   3.67951e-42  -3.87797e-56   1.22438e-43  -1.20899e-57   3.59766e-45  -3.30768e-59   9.20101e-47  -7.81129e-61   2.00979e-48  -1.55766e-62   3.65423e-50  -2.54374e-64   5.33025e-52  -3.25071e-66   5.89007e-54  -3.01711e-68   4.45623e-56  -1.75783e-70   1.83262e-58  -4.15075e-73
 -5.13664e-16      0.116815  -2.32522e-15    0.00730325   -2.7309e-16    -0.0197747    1.3077e-15    -0.0178072   1.25845e-15    -0.0108826   6.68835e-16   -0.00565458   2.65423e-16   -0.00269122   8.74666e-17   -0.00122031    2.2715e-17  -0.000539614   3.65556e-18  -0.000234956  -3.81469e-19   -0.00010043  -6.41928e-19  -4.16619e-05  -3.44997e-19  -1.65426e-05  -1.37638e-19  -6.21322e-06    -4.584e-20  -2.18934e-06  -1.32749e-20  -7.20247e-07  -3.42274e-21  -2.20679e-07   -8.0432e-22  -6.29109e-08  -1.78594e-22  -1.66821e-08  -3.97634e-23  -4.11391e-09  -9.52129e-24  -9.42967e-10  -2.52485e-24  -2.00615e-10  -7.13015e-25     -3.95e-11  -2.01206e-25  -7.15857e-12  -5.42679e-26  -1.18209e-12  -1.37035e-26  -1.74364e-13  -3.21832e-27  -2.19779e-14   -7.0275e-28  -2.07471e-15  -1.42962e-28  -5.16763e-17   -2.7166e-29   3.79573e-17  -4.83412e-30   1.25972e-17  -8.07321e-31   2.77938e-18  -1.26763e-31   5.09924e-19  -1.87397e-32    8.2858e-20  -2.61099e-33   1.22464e-20  -3.43105e-34    1.6689e-21  -4.25398e-35   2.11311e-22  -4.97693e-36   2.49717e-23  -5.49358e-37   2.76161e-24  -5.71872e-38   2.86222e-25  -5.61051e-39   2.78187e-26  -5.18286e-40   2.53542e-27  -4.50288e-41    2.1657e-28  -3.67398e-42   1.73195e-29  -2.81031e-43   1.29486e-30  -2.01118e-44   9.03312e-32   -1.3433e-45   5.86623e-33  -8.35029e-47   3.53634e-34  -4.81508e-48    1.9722e-35  -2.56573e-49   1.01344e-36  -1.25767e-50   4.77559e-38  -5.64112e-52   2.05192e-39  -2.30071e-53   7.98415e-41  -8.46766e-55   2.79015e-42  -2.78645e-56   8.66802e-44  -8.10484e-58   2.36336e-45  -2.05364e-59    5.5627e-47  -4.44772e-61    1.1057e-48   -8.0238e-63   1.80007e-50  -1.16197e-64   2.29349e-52  -1.27547e-66   2.12257e-54  -9.59046e-69   1.23324e-56  -3.92159e-71   2.90432e-59
   -0.0238275  -2.32522e-15     0.0930237  -4.27921e-15     0.0275865  -8.50858e-16   -0.00780971   1.08236e-15    -0.0154288   1.17017e-15    -0.0124489     7.193e-16     -0.007814   3.52226e-16   -0.00431057   1.49078e-16   -0.00218848   5.60214e-17   -0.00104264   1.91942e-17  -0.000468989   6.15972e-18  -0.000198995   1.89305e-18  -7.93405e-05   5.65242e-19  -2.95974e-05   1.64584e-19  -1.02937e-05   4.61924e-20  -3.32925e-06   1.21137e-20   -9.9954e-07   2.80707e-21  -2.78154e-07   5.09053e-22  -7.16171e-08   3.90356e-23  -1.70121e-08  -2.10829e-23  -3.70963e-09  -1.41615e-23   -7.3574e-10  -5.68939e-24  -1.30344e-10  -1.84778e-24   -1.9818e-11  -5.23575e-25  -2.30572e-12  -1.33618e-25  -9.92964e-14  -3.12295e-26   4.74608e-14  -6.75236e-27   2.01004e-14  -1.35962e-27   5.35445e-15  -2.56124e-28     1.173e-15  -4.52899e-29    2.2678e-16  -7.53573e-30   3.98417e-17  -1.18194e-30    6.4562e-18  -1.74972e-31   9.73258e-19  -2.44695e-32   1.37201e-19  -3.23448e-33   1.81465e-20   -4.0422e-34   2.25647e-21  -4.77596e-35   2.64119e-22  -5.33367e-36   2.91181e-23  -5.62737e-37   3.02391e-24  -5.60522e-38   2.95727e-25  -5.26598e-39   2.72173e-26  -4.66079e-40   2.35508e-27  -3.88075e-41    1.9134e-28   -3.0347e-42   1.45726e-29  -2.22434e-43   1.03832e-30  -1.52464e-44   6.90507e-32  -9.74669e-46   4.27402e-33   -5.7932e-47   2.45427e-34  -3.18996e-48   1.30245e-35  -1.62043e-49   6.35923e-37  -7.55643e-51    2.8415e-38  -3.21598e-52   1.15465e-39  -1.24052e-53   4.23468e-41  -4.30076e-55    1.3888e-42  -1.32637e-56   4.02646e-44  -3.59216e-58   1.01708e-45  -8.40273e-60   2.19626e-47  -1.66069e-61   3.95092e-49  -2.68932e-63   5.70615e-51  -3.40973e-65   6.24751e-53  -3.14129e-67   4.68614e-55  -1.81744e-69   1.91174e-57  -4.26336e-72
  4.01513e-16    0.00730325  -4.27921e-15     0.0697762  -4.50618e-15     0.0339512  -1.20995e-15    0.00232657   5.72074e-16    -0.0099815    8.7052e-16    -0.0108781   6.29079e-16   -0.00794109   3.50527e-16   -0.00481614   1.65998e-16   -0.00258658   6.97293e-17   -0.00126138   2.67023e-17  -0.000564216   9.46094e-18  -0.000232301   3.10981e-18  -8.80941e-05   9.40458e-19  -3.07513e-05   2.56214e-19   -9.8671e-06   6.00083e-20  -2.90312e-06   1.05788e-20   -7.7983e-07   5.23128e-22  -1.89704e-07  -6.41594e-22  -4.11302e-08  -3.94755e-22  -7.67365e-09  -1.59363e-22  -1.11813e-09   -5.3115e-23  -7.67016e-11   -1.5594e-23     2.437e-11  -4.14754e-24   1.38717e-11  -1.01443e-24   4.52003e-12  -2.30255e-25   1.18963e-12  -4.87943e-26   2.74407e-13  -9.69478e-27   5.73259e-14  -1.81154e-27   1.10279e-14  -3.19071e-28   1.97235e-15  -5.30629e-29   3.29928e-16  -8.34256e-30   5.18213e-17  -1.24107e-30   7.66287e-18  -1.74796e-31   1.06865e-18  -2.33155e-32   1.40711e-19   -2.9456e-33   1.75048e-20  -3.52418e-34   2.05796e-21  -3.99165e-35   2.28635e-22   -4.2778e-36   2.39952e-23  -4.33454e-37   2.37747e-24  -4.14866e-38   2.22197e-25  -3.74638e-39   1.95661e-26  -3.18753e-40   1.62109e-27  -2.55111e-41   1.26162e-28  -1.91694e-42   9.20478e-30  -1.34941e-43   6.28147e-31   -8.8762e-45   3.99862e-32  -5.43987e-46   2.36708e-33  -3.09569e-47   1.29838e-34   -1.6294e-48   6.57128e-36    -7.896e-50    3.0536e-37  -3.50398e-51   1.29527e-38  -1.41489e-52   4.98049e-40  -5.15904e-54   1.72149e-41  -1.68291e-55   5.29393e-43  -4.85515e-57   1.42985e-44  -1.22083e-58   3.33607e-46   -2.6251e-60    6.5772e-48  -4.70393e-62   1.06265e-49  -6.76905e-64   1.34437e-51  -7.38627e-66   1.23598e-53  -5.52295e-68   7.13692e-56  -2.24656e-70   1.67109e-58
   -0.0234261   -2.7309e-16     0.0275865  -4.50618e-15     0.0590422  -3.85615e-15     0.0362404  -1.37153e-15     0.0100997    1.0316e-16   -0.00354435   5.08405e-16   -0.00713408   4.34728e-16   -0.00609775   2.61908e-16   -0.00395591    1.2904e-16   -0.00216989   5.48045e-17   -0.00104544   2.04807e-17  -0.000449517   6.71415e-18  -0.000173582   1.86705e-18  -6.02304e-05   3.93379e-19  -1.86887e-05   3.01684e-20  -5.11798e-06  -2.61468e-20  -1.19894e-06  -1.95229e-20  -2.20236e-07  -9.11022e-21  -2.08581e-08  -3.46924e-21   5.85596e-09  -1.15735e-21   4.42071e-09  -3.48557e-22   1.76732e-09  -9.62898e-23   5.61991e-10   -2.4638e-23   1.55496e-10  -5.87712e-24   3.87911e-11  -1.31297e-24   8.88371e-12  -2.75651e-25   1.88746e-12  -5.45251e-26   3.74545e-13   -1.0182e-26   6.97341e-14  -1.79775e-27   1.22205e-14  -3.00469e-28   2.02035e-15  -4.75791e-29   3.15619e-16  -7.14236e-30   4.66439e-17  -1.01681e-30   6.52602e-18  -1.37302e-31   8.64792e-19  -1.75852e-32   1.08556e-19  -2.13578e-33   1.29074e-20  -2.45886e-34   1.45322e-21  -2.68184e-35   1.54848e-22  -2.76903e-36   1.56043e-23  -2.70404e-37   1.48572e-24  -2.49459e-38   1.33499e-25  -2.17122e-39   1.13049e-26  -1.78011e-40   9.00723e-28  -1.37228e-41   6.73946e-29  -9.92621e-43   4.72507e-30  -6.72087e-44   3.09625e-31  -4.24785e-45   1.89073e-32  -2.49823e-46    1.0723e-33  -1.36214e-47    5.6258e-35  -6.85617e-49   2.71794e-36  -3.16993e-50   1.20266e-37  -1.33837e-51   4.84307e-39  -5.12423e-53   1.76136e-40  -1.76418e-54   5.73174e-42  -5.40541e-56    1.6498e-43  -1.45503e-57   4.13944e-45  -3.38421e-59   8.88277e-47  -6.65278e-61   1.58865e-48  -1.07197e-62   2.28198e-50  -1.35278e-64   2.48582e-52  -1.24082e-66   1.85576e-54  -7.14944e-69    7.5373e-57  -1.67067e-71
  6.87417e-16    -0.0197747  -8.50858e-16     0.0339512  -3.85615e-15     0.0539041  -3.21033e-15      0.038006  -1.45744e-15     0.0167047  -3.06558e-16     0.0033169   1.21765e-16   -0.00198167   1.73179e-16   -0.00277897   1.11393e-16   -0.00200109   5.11277e-17   -0.00109404   1.74299e-17  -0.000491768   3.60481e-18  -0.000184841  -4.78373e-19  -5.68194e-05  -1.01264e-18   -1.2877e-05  -6.82693e-19  -1.05588e-06  -3.43101e-19   9.13388e-07  -1.45861e-19   6.98476e-07   -5.4909e-20   3.29423e-07  -1.87193e-20   1.25861e-07  -5.85563e-21   4.19242e-08  -1.69517e-21   1.25671e-08  -4.56918e-22   3.44841e-09   -1.1519e-22   8.75323e-10  -2.72558e-23   2.06983e-10  -6.06986e-24    4.5823e-11  -1.27508e-24   9.53248e-12  -2.53113e-25   1.86854e-12  -4.75476e-26   3.45852e-13  -8.46207e-27   6.05438e-14  -1.42804e-27   1.00362e-14  -2.28666e-28   1.57678e-15  -3.47582e-29   2.34936e-16  -5.01672e-30   3.32098e-17  -6.87583e-31    4.4544e-18  -8.94821e-32   5.66896e-19  -1.10547e-32   6.84402e-20  -1.29591e-33   7.83495e-21  -1.44072e-34    8.5001e-22  -1.51788e-35   8.73258e-23  -1.51409e-36   8.48747e-24  -1.42841e-37   7.79533e-25  -1.27287e-38   6.75651e-26  -1.06978e-39   5.51768e-27  -8.46515e-41   4.23784e-28  -6.29429e-42   3.05473e-29  -4.38777e-43   2.06154e-30  -2.86019e-44   1.29896e-31  -1.73821e-45   7.61729e-33  -9.81456e-47   4.14195e-34  -5.12833e-48   2.07946e-35  -2.46836e-49   9.59119e-37  -1.08847e-50   4.04031e-38  -4.36933e-52   1.54362e-39  -1.58442e-53   5.30376e-41  -5.14202e-55   1.62201e-42  -1.47636e-56   4.35842e-44  -3.69573e-58   1.01203e-45  -7.91368e-60    1.9864e-47  -1.41254e-61   3.19608e-49  -2.02528e-63   4.02782e-51  -2.20246e-65   3.68979e-53  -1.64164e-67    2.1235e-55  -6.65797e-70   4.95667e-58
   -0.0129025    1.3077e-15   -0.00780971  -1.20995e-15     0.0362404  -3.21033e-15     0.0512883  -2.76468e-15      0.040052  -1.57189e-15     0.0228144  -6.96784e-16     0.0102661  -2.70043e-16    0.00377362  -1.11942e-16    0.00120314  -6.15863e-17   0.000418634   -4.0988e-17   0.000223188   -2.6768e-17   0.000155801  -1.57467e-17   0.000103714  -8.24348e-18    5.9989e-05  -3.86793e-18   3.01547e-05  -1.64262e-18   1.33884e-05  -6.36932e-19   5.33182e-06  -2.27147e-19   1.92804e-06  -7.49495e-20   6.39121e-07  -2.29935e-20   1.95658e-07  -6.58533e-21   5.56425e-08  -1.76671e-21   1.47688e-08  -4.45257e-22   3.67251e-09  -1.05673e-22   8.58223e-10  -2.36652e-23   1.88953e-10  -5.00952e-24   3.92757e-11  -1.00379e-24   7.72038e-12  -1.90615e-25    1.4371e-12  -3.43362e-26   2.53595e-13  -5.87151e-27   4.24575e-14   -9.5365e-28   6.74835e-15  -1.47175e-28    1.0187e-15  -2.15861e-29   1.46082e-16  -3.00906e-30   1.99011e-17  -3.98623e-31   2.57532e-18  -5.01713e-32   3.16479e-19  -5.99705e-33   3.69171e-20  -6.80406e-34   4.08527e-21  -7.32216e-35   4.28545e-22  -7.46746e-36   4.25746e-23  -7.20971e-37   4.00132e-24  -6.58178e-38   3.55296e-25  -5.67328e-39   2.97615e-26  -4.60977e-40    2.3477e-27  -3.52423e-41   1.74055e-28  -2.52964e-42   1.21003e-29  -1.70057e-43   7.86748e-31  -1.06772e-44   4.76981e-32  -6.24083e-46   2.68717e-33  -3.38331e-47   1.40116e-34   -1.6939e-48   6.73078e-36  -7.79302e-50   2.96261e-37  -3.27516e-51    1.1872e-38   -1.2486e-52   4.29815e-40  -4.28158e-54   1.39281e-41  -1.30701e-55   3.99338e-43  -3.50611e-57   9.98343e-45  -8.12868e-59   2.13516e-46  -1.59321e-60    3.8068e-48  -2.56008e-62   5.45243e-50  -3.22243e-64   5.92368e-52  -2.94871e-66   4.41135e-54  -1.69528e-68   1.78762e-56  -3.95345e-71
  8.63269e-16    -0.0178072   1.08236e-15    0.00232657  -1.37153e-15      0.038006  -2.76468e-15     0.0504587  -2.53954e-15     0.0425874  -1.75413e-15     0.0285153  -1.07068e-15     0.0167137  -6.28905e-16    0.00914996  -3.68513e-16    0.00488391  -2.13475e-16    0.00258093  -1.18772e-16    0.00133642   -6.1973e-17   0.000663705  -2.99558e-17   0.000310283  -1.33595e-17   0.000135044  -5.49862e-18   5.44707e-05  -2.09347e-18   2.03536e-05  -7.39547e-19   7.05777e-06  -2.43204e-19   2.27724e-06  -7.46885e-20   6.85741e-07  -2.14823e-20    1.9328e-07   -5.8022e-21   5.11283e-08  -1.47503e-21   1.27245e-08  -3.53663e-22   2.98573e-09  -8.01183e-23   6.61742e-10  -1.71745e-23   1.38753e-10  -3.48826e-24   2.75601e-11  -6.71999e-25   5.19137e-12  -1.22897e-25   9.28166e-13  -2.13516e-26    1.5762e-13  -3.52579e-27   2.54363e-14   -5.5357e-28   3.90212e-15  -8.26544e-29   5.69148e-16   -1.1737e-29   7.89288e-17  -1.58493e-30   1.04058e-17  -2.03476e-31   1.30383e-18  -2.48262e-32   1.55198e-19  -2.87719e-33   1.75398e-20  -3.16518e-34    1.8807e-21  -3.30251e-35   1.91154e-22  -3.26494e-36   1.83974e-23  -3.05487e-37   1.67456e-24  -2.70153e-38   1.43946e-25  -2.25454e-39   1.16662e-26  -1.77242e-40   8.89767e-28  -1.30995e-41   6.37237e-29  -9.08079e-43   4.27499e-30  -5.88876e-44   2.67889e-31   -3.5616e-45   1.56299e-32  -2.00208e-46   8.45913e-34  -1.04183e-47   4.22856e-35  -4.99538e-49   1.94257e-36  -2.19502e-50   8.15295e-38  -8.78242e-52   3.10426e-39  -3.17507e-53   1.06325e-40  -1.02754e-54   3.24221e-42   -2.9426e-56   8.68865e-44  -7.34851e-58   2.01255e-45  -1.57007e-59   3.94122e-47  -2.79679e-61   6.32812e-49  -4.00254e-63   7.95968e-51  -4.34525e-65   7.27888e-53  -3.23373e-67   4.18233e-55  -1.30962e-69   9.74816e-58
  -0.00580025   1.25845e-15    -0.0154288   5.72074e-16     0.0100997  -1.45744e-15      0.040052  -2.53954e-15     0.0509763  -2.50543e-15     0.0453497  -1.97652e-15     0.0333268  -1.38755e-15     0.0217867  -9.02327e-16     0.0131517  -5.48918e-16    0.00744497  -3.11277e-16    0.00396042  -1.63591e-16    0.00197229  -7.94102e-17   0.000915382  -3.55851e-17   0.000394835  -1.47412e-17   0.000158155  -5.65869e-18   5.88809e-05  -2.01871e-18   2.04122e-05  -6.71291e-19    6.6047e-06  -2.08688e-19   1.99966e-06  -6.08161e-20   5.67904e-07  -1.66554e-20   1.51643e-07  -4.29611e-21   3.81525e-08  -1.04575e-21   9.06143e-09  -2.40636e-22   2.03499e-09  -5.24222e-23   4.32757e-10  -1.08253e-23   8.72503e-11  -2.12123e-24   1.66944e-11  -3.94767e-25   3.03397e-12  -6.98223e-26   5.24045e-13  -1.17429e-26   8.60696e-14  -1.87864e-27    1.3446e-14   -2.8595e-28   1.99834e-15   -4.1414e-29   2.82546e-16  -5.70668e-30   3.80015e-17  -7.48013e-31   4.86061e-18   -9.3234e-32   5.90998e-19  -1.10451e-32   6.82732e-20  -1.24286e-33   7.48832e-21  -1.32739e-34   7.79158e-22   -1.3443e-35   7.68313e-23  -1.28956e-36   7.17157e-24  -1.17026e-37   6.32799e-25   -1.0032e-38   5.27006e-26  -8.11018e-40   4.13514e-27  -6.17139e-41   3.05075e-28  -4.41063e-42   2.11133e-29  -2.95328e-43   1.36707e-30  -1.84743e-44   8.25652e-32  -1.07616e-45   4.63515e-33  -5.81593e-47   2.40908e-34  -2.90344e-48   1.15382e-35  -1.33223e-49   5.06479e-37  -5.58528e-51   2.02453e-38  -2.12453e-52   7.31283e-40  -7.27031e-54   2.36474e-41  -2.21521e-55   6.76707e-43   -5.9322e-57   1.68881e-44   -1.3732e-58   3.60613e-46  -2.68764e-60   6.42018e-48  -4.31316e-62   9.18362e-50  -5.42281e-64    9.9657e-52  -4.95707e-66   7.41369e-54   -2.8473e-68   3.00147e-56  -6.63461e-71
  4.56442e-16    -0.0108826   1.17017e-15    -0.0099815    1.0316e-16     0.0167047  -1.57189e-15     0.0425874  -2.50543e-15     0.0522193  -2.58306e-15     0.0475817   -2.1665e-15     0.0363899  -1.58872e-15     0.0246233  -1.04735e-15     0.0151063  -6.27504e-16    0.00849223  -3.43231e-16    0.00439327  -1.71909e-16    0.00209571   -7.9086e-17   0.000923426  -3.35336e-17    0.00037663  -1.31521e-17   0.000142549  -4.78847e-18   5.02063e-05  -1.62392e-18   1.65019e-05  -5.14614e-19   5.07566e-06  -1.52829e-19   1.46477e-06  -4.26456e-20   3.97557e-07  -1.12069e-20   1.01699e-07  -2.77925e-21   2.45665e-08  -6.51575e-22    5.6131e-09   -1.4463e-22   1.21483e-09  -3.04353e-23   2.49352e-10  -6.07842e-24   4.85882e-11  -1.15316e-24   8.99568e-12  -2.07965e-25   1.58345e-12  -3.56722e-26   2.65129e-13  -5.82213e-27   4.22414e-14  -9.04383e-28   6.40516e-15  -1.33718e-28   9.24385e-16  -1.88181e-29    1.2696e-16  -2.52024e-30   1.65911e-17  -3.21111e-31   2.06215e-18  -3.89067e-32    2.4366e-19  -4.48022e-33   2.73521e-20  -4.89972e-34   2.91473e-21  -5.08465e-35   2.94576e-22  -5.00181e-36   2.82041e-23  -4.65855e-37   2.55498e-24  -4.10237e-38   2.18668e-25  -3.41034e-39   1.76512e-26  -2.67151e-40   1.34129e-27  -1.96799e-41   9.57382e-29  -1.36015e-42   6.40294e-30  -8.79607e-44   4.00105e-31  -5.30658e-45   2.32839e-32  -2.97611e-46    1.2572e-33  -1.54543e-47   6.27105e-35  -7.39589e-49   2.87528e-36  -3.24418e-50   1.20462e-37  -1.29597e-51   4.57933e-39  -4.67861e-53   1.56622e-40  -1.51219e-54    4.7698e-42  -4.32557e-56   1.27677e-43  -1.07912e-57   2.95435e-45  -2.30357e-59   5.78038e-47  -4.10014e-61   9.27382e-49  -5.86379e-63   1.16569e-50  -6.36216e-65   1.06537e-52   -4.7324e-67    6.1185e-55   -1.9158e-69   1.42553e-57
  -0.00229568   6.68835e-16    -0.0124489    8.7052e-16   -0.00354435  -3.06558e-16     0.0228144  -1.75413e-15     0.0453497  -2.58306e-15     0.0532199  -2.66406e-15     0.0482363   -2.2447e-15     0.0368971  -1.63295e-15     0.0247872  -1.05211e-15     0.0149199  -6.08674e-16    0.00813542  -3.18975e-16    0.00404671  -1.52434e-16     0.0018459    -6.681e-17   0.000775636  -2.69919e-17   0.000301467  -1.00979e-17   0.000108798  -3.51247e-18   3.65882e-05  -1.14014e-18   1.15028e-05  -3.46476e-19   3.39062e-06  -9.88561e-20   9.39504e-07  -2.65482e-20   2.45281e-07  -6.72534e-21   6.04574e-08  -1.61013e-21   1.40934e-08  -3.64906e-22   3.11184e-09   -7.8392e-23   6.51636e-10  -1.59822e-23   1.29552e-10  -3.09525e-24   2.44746e-11  -5.69878e-25   4.39665e-12  -9.98064e-26   7.51439e-13  -1.66348e-26   1.22235e-13  -2.63931e-27   1.89289e-14  -3.98694e-28   2.79075e-15  -5.73416e-29   3.91709e-16  -7.85109e-30   5.23324e-17  -1.02308e-30   6.65283e-18  -1.26834e-31   8.04403e-19  -1.49516e-32   9.24525e-20  -1.67485e-33   1.00931e-20  -1.78135e-34   1.04571e-21   -1.7972e-35   1.02714e-22  -1.71803e-36   9.55342e-24  -1.55415e-37   8.40231e-25  -1.32842e-38    6.9769e-26   -1.0711e-39   5.45967e-27   -8.1308e-41   4.01808e-28  -5.79827e-42   2.77463e-29  -3.87472e-43   1.79295e-30  -2.41948e-44    1.0809e-31  -1.40712e-45    6.0582e-33  -7.59345e-47    3.1441e-34   -3.7859e-48    1.5039e-35  -1.73513e-49   6.59385e-37  -7.26703e-51   2.63306e-38  -2.76177e-52   9.50242e-40  -9.44368e-54   3.07043e-41  -2.87551e-55   8.78073e-43  -7.69614e-57   2.19014e-44   -1.7807e-58   4.67451e-46  -3.48392e-60   8.31929e-48  -5.58946e-62   1.18969e-49  -7.02604e-64   1.29076e-51  -6.42181e-66   9.60117e-54  -3.68845e-68   3.88693e-56  -8.59472e-71
  1.31573e-16   -0.00565458     7.193e-16    -0.0108781   5.08405e-16     0.0033169  -6.96784e-16     0.0285153  -1.97652e-15     0.0475817  -2.66406e-15     0.0528059  -2.64848e-15      0.046428  -2.16335e-15     0.0345639  -1.51966e-15     0.0225102  -9.40601e-16     0.0130644  -5.20757e-16    0.00683793  -2.60637e-16    0.00325564  -1.18898e-16    0.00141968  -4.97718e-17   0.000570271  -1.92284e-17    0.00021206  -6.88941e-18   7.33174e-05  -2.29903e-18   2.36578e-05  -7.17175e-19   7.14839e-06  -2.09803e-19   2.02848e-06  -5.77171e-20   5.41955e-07  -1.49671e-20   1.36627e-07  -3.66607e-21    3.2562e-08  -8.49682e-22   7.34837e-09  -1.86617e-22   1.57243e-09  -3.88891e-23   3.19409e-10  -7.69733e-24   6.16498e-11  -1.44829e-24    1.1315e-11  -2.59216e-25   1.97593e-12   -4.4155e-26    3.2845e-13  -7.16078e-27   5.19838e-14  -1.10584e-27   7.83481e-15  -1.62631e-28   1.12447e-15  -2.27752e-29   1.53664e-16  -3.03655e-30   1.99886e-17  -3.85313e-31   2.47404e-18  -4.65112e-32   2.91214e-19  -5.33767e-33    3.2577e-20  -5.81934e-34   3.46057e-21  -6.02195e-35   3.48742e-22  -5.90867e-36   3.33037e-23  -5.49041e-37   3.00989e-24  -4.82479e-38   2.57057e-25  -4.00332e-39   2.07107e-26  -3.13072e-40   1.57111e-27  -2.30278e-41   1.11972e-28  -1.58939e-42   7.47862e-30  -1.02664e-43   4.66768e-31  -6.18713e-45   2.71352e-32  -3.46681e-46   1.46383e-33  -1.79883e-47   7.29614e-35   -8.6029e-49   3.34311e-36  -3.77156e-50   1.39987e-37  -1.50597e-51   5.31926e-39  -5.43485e-53   1.81869e-40  -1.75617e-54   5.53732e-42  -5.02259e-56   1.48198e-43   -1.2529e-57   3.42895e-45  -2.67448e-59   6.70896e-47   -4.7606e-61   1.07644e-48  -6.80919e-63   1.35324e-50  -7.38928e-65   1.23703e-52  -5.49776e-67   7.10617e-55   -2.2263e-69   1.65617e-57
  -0.00082483   2.65423e-16     -0.007814   6.29079e-16   -0.00713408   1.21765e-16     0.0102661  -1.07068e-15     0.0333268   -2.1665e-15     0.0482363  -2.64848e-15     0.0500313  -2.48052e-15     0.0419002   -1.9262e-15     0.0298441  -1.28882e-15     0.0185958  -7.60067e-16     0.0103169  -4.01099e-16    0.00515965  -1.91519e-16    0.00234788  -8.34636e-17   0.000979388  -3.34326e-17   0.000376825  -1.23815e-17   0.000134428  -4.26039e-18   4.46616e-05  -1.36781e-18   1.38715e-05  -4.11201e-19   4.04089e-06  -1.16111e-19   1.10717e-06  -3.08759e-20   2.86012e-07  -7.74946e-21   6.98044e-08  -1.83932e-21    1.6124e-08  -4.13509e-22   3.53022e-09  -8.81747e-23   7.33518e-10  -1.78537e-23   1.44793e-10  -3.43593e-24   2.71755e-11  -6.28943e-25   4.85271e-12  -1.09567e-25   8.24864e-13   -1.8173e-26   1.33511e-13  -2.87056e-27   2.05814e-14   -4.3187e-28   3.02188e-15   -6.1884e-29    4.2256e-16  -8.44459e-30   5.62622e-17  -1.09706e-30   7.13038e-18  -1.35631e-31   8.59747e-19  -1.59488e-32   9.85656e-20  -1.78254e-33   1.07362e-20  -1.89207e-34   1.11009e-21  -1.90545e-35   1.08841e-22  -1.81859e-36   1.01071e-23  -1.64277e-37   8.87673e-25  -1.40241e-38   7.36169e-26  -1.12952e-39   5.75456e-27  -8.56617e-41   4.23116e-28  -6.10381e-42   2.91945e-29  -4.07612e-43   1.88528e-30  -2.54382e-44   1.13595e-31  -1.47877e-45   6.36401e-33  -7.97738e-47   3.30174e-34  -3.97635e-48   1.57894e-35  -1.82214e-49   6.92195e-37  -7.63091e-51   2.76394e-38  -2.90009e-52   9.97509e-40  -9.91756e-54    3.2235e-41  -3.02028e-55   9.22011e-43  -8.08543e-57   2.30029e-44   -1.8713e-58   4.91111e-46  -3.66245e-60   8.74353e-48  -5.87825e-62   1.25088e-49  -7.39239e-64   1.35779e-51  -6.76004e-66   1.01049e-53  -3.88483e-68   4.09317e-56  -9.05767e-71
  1.83536e-17   -0.00269122   3.52226e-16   -0.00794109   4.34728e-16   -0.00198167  -2.70043e-16     0.0167137  -1.38755e-15     0.0363899   -2.2447e-15      0.046428  -2.48052e-15     0.0446297  -2.16385e-15     0.0352008  -1.58218e-15      0.023759  -1.00192e-15     0.0140698     -5.61e-16    0.00743345  -2.81811e-16    0.00354666  -1.28397e-16     0.0015426  -5.35166e-17   0.000616259  -2.05481e-17   0.000227524  -7.30969e-18   7.80346e-05  -2.42075e-18   2.49704e-05  -7.49341e-19   7.48242e-06  -2.17558e-19   2.10616e-06  -5.94152e-20   5.58386e-07  -1.53011e-20    1.3975e-07  -3.72355e-21   3.30812e-08  -8.57779e-22    7.4187e-09  -1.87337e-22   1.57828e-09  -3.88368e-23   3.18892e-10  -7.65033e-24   6.12501e-11  -1.43315e-24   1.11916e-11  -2.55482e-25   1.94645e-12  -4.33606e-26   3.22358e-13  -7.00868e-27   5.08493e-14  -1.07911e-27    7.6407e-15  -1.58269e-28   1.09363e-15  -2.21104e-29   1.49085e-16  -2.94146e-30   1.93506e-17  -3.72517e-31   2.39041e-18  -4.48886e-32   2.80885e-19  -5.14355e-33   3.13736e-20  -5.60014e-34    3.3283e-21  -5.78832e-35   3.35025e-22  -5.67368e-36   3.19622e-23  -5.26752e-37   2.88621e-24  -4.62559e-38   2.46323e-25  -3.83578e-39   1.98346e-26  -2.99829e-40   1.50398e-27  -2.20459e-41   1.07152e-28  -1.52124e-42   7.15509e-30  -9.82471e-44   4.46518e-31  -5.92062e-45   2.59571e-32  -3.31757e-46   1.40035e-33  -1.72159e-47   6.98063e-35  -8.23499e-49    3.1992e-36  -3.61119e-50   1.33998e-37   -1.4424e-51   5.09343e-39  -5.20742e-53   1.74217e-40  -1.68342e-54    5.3068e-42  -4.81692e-56   1.42102e-43  -1.20225e-57   3.28974e-45  -2.56788e-59   6.44052e-47  -4.57376e-61   1.03404e-48  -6.54639e-63   1.30085e-50  -7.10921e-65   1.19001e-52  -5.29338e-67   6.84135e-55  -2.14523e-69   1.59573e-57
 -0.000276658   8.74666e-17   -0.00431057   3.50527e-16   -0.00609775   1.73179e-16    0.00377362  -6.28905e-16     0.0217867  -1.58872e-15     0.0368971  -2.16335e-15     0.0419002  -2.16385e-15     0.0371684  -1.75061e-15     0.0274501  -1.20064e-15     0.0174782  -7.17891e-16    0.00981037  -3.81299e-16    0.00493025  -1.82365e-16    0.00224439   -7.9358e-17   0.000933926  -3.16798e-17   0.000357825  -1.16789e-17   0.000126988  -3.99787e-18   4.19499e-05  -1.27655e-18   1.29532e-05  -3.81673e-19   3.75156e-06  -1.07198e-19   1.02216e-06  -2.83603e-20   2.62651e-07  -7.08369e-21   6.37835e-08  -1.67371e-21    1.4665e-08  -3.74698e-22   3.19706e-09  -7.95901e-23   6.61686e-10  -1.60584e-23   1.30146e-10  -3.08043e-24   2.43469e-11  -5.62216e-25   4.33481e-12  -9.76828e-26   7.34875e-13  -1.61632e-26   1.18663e-13  -2.54766e-27   1.82536e-14  -3.82562e-28   2.67505e-15  -5.47265e-29   3.73441e-16  -7.45687e-30     4.965e-17  -9.67502e-31   6.28446e-18  -1.19481e-31   7.56931e-19  -1.40365e-32   8.66989e-20  -1.56757e-33   9.43646e-21  -1.66282e-34   9.75101e-22  -1.67373e-35   9.55597e-23  -1.59681e-36   8.87059e-24  -1.44204e-37   7.78882e-25  -1.23085e-38   6.45858e-26  -9.91281e-40   5.04842e-27  -7.51803e-41   3.71217e-28  -5.35758e-42   2.56172e-29  -3.57851e-43   1.65464e-30  -2.23388e-44   9.97275e-32  -1.29905e-45   5.58916e-33  -7.01073e-47     2.901e-34  -3.49617e-48   1.38799e-35  -1.60295e-49   6.08818e-37  -6.71691e-51   2.43248e-38  -2.55435e-52    8.7846e-40  -8.74116e-54   2.84078e-41  -2.66395e-55   8.13145e-43    -7.137e-57   2.03028e-44  -1.65313e-58    4.3382e-46  -3.23817e-60   7.73016e-48  -5.20182e-62   1.10689e-49  -6.54766e-64    1.2026e-51  -5.99317e-66    8.9585e-54  -3.44746e-68   3.63233e-56  -8.04585e-71
 -7.08054e-18   -0.00122031   1.49078e-16   -0.00481614   2.61908e-16   -0.00277897  -1.11942e-16    0.00914996  -9.02327e-16     0.0246233  -1.63295e-15     0.0345639   -1.9262e-15     0.0352008  -1.75061e-15     0.0287919  -1.31312e-15     0.0198729  -8.44249e-16     0.0119218   -4.7661e-16    0.00634017   -2.4027e-16    0.00303215  -1.09525e-16    0.00131828   -4.5584e-17   0.000525514  -1.74556e-17   0.000193402  -6.18862e-18   6.60819e-05  -2.04184e-18   2.10605e-05  -6.29614e-19   6.28507e-06  -1.82097e-19   1.76207e-06  -4.95466e-20   4.65372e-07  -1.27147e-20   1.16052e-07  -3.08396e-21   2.73794e-08   -7.0827e-22   6.12108e-09  -1.54251e-22   1.29856e-09  -3.18963e-23   2.61704e-10  -6.26867e-24   5.01504e-11   -1.1719e-24   9.14468e-12  -2.08526e-25   1.58756e-12  -3.53337e-26   2.62501e-13  -5.70315e-27   4.13498e-14   -8.7702e-28   6.20585e-15  -1.28495e-28   8.87357e-16  -1.79351e-29   1.20863e-16  -2.38428e-30   1.56766e-17   -3.0178e-31    1.9355e-18  -3.63486e-32   2.27338e-19  -4.16369e-33   2.53855e-20  -4.53241e-34    2.6926e-21  -4.68431e-35   2.71021e-22  -4.59161e-36   2.58571e-23  -4.26338e-37   2.33525e-24  -3.74457e-38   1.99347e-25  -3.10607e-39   1.60569e-26  -2.42877e-40     1.218e-27   -1.7866e-41    8.6817e-29  -1.23343e-42   5.80021e-30  -7.97036e-44   3.62177e-31  -4.80611e-45   2.10676e-32  -2.69487e-46   1.13735e-33  -1.39946e-47   5.67382e-35  -6.69925e-49   2.60234e-36  -2.94012e-50   1.09089e-37  -1.17536e-51   4.15022e-39  -4.24711e-53   1.42084e-40  -1.37425e-54   4.33207e-42  -3.93602e-56   1.16114e-43  -9.83356e-58   2.69081e-45  -2.10249e-59    5.2734e-47  -3.74875e-61   8.47554e-49  -5.37129e-63    1.0674e-50  -5.83944e-65   9.77528e-53  -4.35278e-67   5.62613e-55  -1.76604e-69   1.31379e-57
 -9.12068e-05    2.2715e-17   -0.00218848   1.65998e-16   -0.00395591   1.11393e-16    0.00120314  -3.68513e-16     0.0131517  -1.04735e-15     0.0247872  -1.51966e-15     0.0298441  -1.58218e-15     0.0274501  -1.31312e-15     0.0207361  -9.14938e-16     0.0133843  -5.52126e-16       0.00757  -2.94663e-16    0.00381816  -1.41189e-16    0.00173988  -6.14356e-17   0.000723489  -2.44936e-17   0.000276716  -9.01144e-18   9.79726e-05  -3.07726e-18   3.22787e-05  -9.80023e-19   9.93922e-06  -2.92237e-19   2.87068e-06  -8.18659e-20   7.80065e-07  -2.16048e-20   1.99938e-07  -5.38385e-21   4.84408e-08  -1.26937e-21   1.11137e-08  -2.83627e-22   2.41818e-09   -6.0141e-23   4.99623e-10  -1.21156e-23   9.81213e-11  -2.32097e-24   1.83317e-11  -4.23112e-25   3.26015e-12  -7.34414e-26   5.52162e-13  -1.21421e-26   8.90895e-14  -1.91258e-27   1.36958e-14  -2.87049e-28   2.00614e-15  -4.10475e-29   2.79964e-16  -5.59161e-30    3.7214e-17  -7.25398e-31   4.70993e-18   -8.9581e-32   5.67296e-19  -1.05248e-32   6.49858e-20  -1.17561e-33    7.0747e-21  -1.24738e-34   7.31275e-22  -1.25602e-35   7.16926e-23  -1.19882e-36   6.65815e-24  -1.08318e-37   5.84933e-25  -9.25077e-39   4.85325e-26  -7.45497e-40   3.79612e-27  -5.65791e-41   2.79335e-28  -4.03504e-42   1.92915e-29   -2.6973e-43   1.24708e-30  -1.68522e-44   7.52289e-32  -9.80863e-46   4.22001e-33   -5.2985e-47   2.19244e-34  -2.64487e-48   1.05001e-35  -1.21386e-49   4.61042e-37  -5.09176e-51     1.844e-38   -1.9384e-52    6.6666e-40  -6.64061e-54   2.15825e-41  -2.02606e-55   6.18482e-43  -5.43425e-57   1.54603e-44  -1.26019e-58   3.30739e-46  -2.47142e-60   5.90047e-48  -3.97492e-62   8.45929e-50  -5.00947e-64    9.2021e-52  -4.59094e-66   6.86351e-54  -2.64418e-68   2.78643e-56  -6.17898e-71
 -7.59308e-18  -0.000539614   5.60214e-17   -0.00258658    1.2904e-16   -0.00200109  -6.15863e-17    0.00488391  -5.48918e-16     0.0151063  -1.05211e-15     0.0225102  -1.28882e-15      0.023759  -1.20064e-15     0.0198729  -9.14938e-16     0.0139079  -5.93971e-16    0.00841197  -3.37179e-16    0.00449347  -1.70447e-16    0.00215318  -7.77682e-17   0.000936458   -3.2358e-17   0.000373054  -1.23785e-17   0.000137117  -4.38234e-18   4.67741e-05   -1.4435e-18   1.48806e-05  -4.44343e-19   4.43276e-06  -1.28293e-19   1.24057e-06  -3.48502e-20   3.27101e-07  -8.92974e-21   8.14465e-08  -2.16293e-21    1.9189e-08  -4.96136e-22   4.28483e-09  -1.07937e-22   9.08062e-10   -2.2299e-23   1.82846e-10   -4.3792e-24   3.50137e-11  -8.18179e-25   6.38098e-12  -1.45519e-25   1.10731e-12  -2.46496e-26    1.8304e-13   -3.9779e-27   2.88285e-14  -6.11672e-28   4.32649e-15  -8.96222e-29   6.18683e-16  -1.25112e-29   8.42835e-17  -1.66364e-30   1.09352e-17  -2.10641e-31   1.35061e-18   -2.5382e-32   1.58712e-19  -2.90896e-33    1.7732e-20  -3.16841e-34   1.88196e-21  -3.27673e-35   1.89555e-22  -3.21419e-36   1.80982e-23  -2.98674e-37   1.63582e-24  -2.62547e-38    1.3976e-25   -2.1797e-39   1.12675e-26  -1.70599e-40   8.55511e-28  -1.25615e-41     6.104e-29  -8.68092e-43   4.08227e-30  -5.61547e-44   2.55178e-31  -3.38979e-45   1.48599e-32  -1.90284e-46   8.03134e-34  -9.89285e-48    4.0112e-35  -4.74131e-49   1.84196e-36  -2.08333e-50   7.73081e-38  -8.33866e-52   2.94477e-39  -3.01689e-53   1.00942e-40  -9.77416e-55   3.08161e-42  -2.80304e-56   8.27046e-44  -7.01209e-58    1.9191e-45  -1.50121e-59   3.76601e-47  -2.68023e-61   6.06095e-49  -3.84545e-63    7.6434e-51  -4.18629e-65   7.00944e-53  -3.12477e-67   4.03981e-55  -1.26955e-69   9.44669e-58
 -3.23221e-05   3.65556e-18   -0.00104264   6.97293e-17   -0.00216989   5.11277e-17   0.000418634  -2.13475e-16    0.00744497  -6.27504e-16     0.0149199  -9.40601e-16     0.0185958  -1.00192e-15     0.0174782  -8.44249e-16     0.0133843  -5.93971e-16    0.00871165  -3.60551e-16    0.00495129  -1.93058e-16    0.00250377  -9.26515e-17    0.00114214  -4.03342e-17   0.000474983  -1.60768e-17    0.00018158   -5.9109e-18   6.42361e-05  -2.01667e-18   2.11425e-05  -6.41619e-19   6.50334e-06  -1.91135e-19   1.87638e-06  -5.34928e-20    5.0939e-07  -1.41048e-20   1.30449e-07   -3.5122e-21   3.15818e-08  -8.27556e-22   7.24133e-09  -1.84815e-22   1.57486e-09  -3.91738e-23   3.25272e-10   -7.8897e-24   6.38667e-11  -1.51122e-24    1.1931e-11  -2.75493e-25   2.12189e-12  -4.78235e-26    3.5943e-13  -7.90837e-27   5.80071e-14  -1.24608e-27   8.92059e-15  -1.87094e-28   1.30725e-15  -2.67673e-29   1.82528e-16  -3.64842e-30    2.4277e-17  -4.73616e-31   3.07468e-18  -5.85302e-32   3.70613e-19  -6.88205e-33   4.24898e-20   -7.6937e-34   4.62971e-21  -8.17081e-35   4.78994e-22  -8.23525e-36   4.70056e-23  -7.86811e-37   4.36993e-24  -7.11659e-38   3.84319e-25  -6.08449e-39   3.19228e-26  -4.90887e-40    2.4998e-27   -3.7299e-41   1.84164e-28  -2.66322e-42   1.27342e-29  -1.78246e-43   8.24212e-31  -1.11504e-44   4.97828e-32  -6.49826e-46    2.7962e-33  -3.51484e-47   1.45463e-34  -1.75683e-48   6.97589e-36  -8.07377e-50   3.06714e-37   -3.3913e-51   1.22843e-38  -1.29282e-52   4.44727e-40  -4.43512e-54   1.44178e-41  -1.35506e-55    4.1375e-43  -3.63966e-57   1.03573e-44  -8.45237e-59    2.2189e-46  -1.66001e-60   3.96431e-48  -2.67374e-62   5.69176e-50  -3.37454e-64   6.20062e-52  -3.09713e-66   4.63161e-54  -1.78643e-68   1.88311e-56  -4.18073e-71
  -4.2916e-18  -0.000234956   1.91942e-17   -0.00126138   5.48045e-17   -0.00109404   -4.0988e-17    0.00258093  -3.11277e-16    0.00849223  -6.08674e-16     0.0130644  -7.60067e-16     0.0140698  -7.17891e-16     0.0119218  -5.52126e-16    0.00841197  -3.60551e-16    0.00511345  -2.05405e-16    0.00273947  -1.04043e-16    0.00131472  -4.75167e-17   0.000572171  -1.97772e-17   0.000227957  -7.56511e-18   8.37677e-05  -2.67745e-18   2.85642e-05  -8.81567e-19   9.08322e-06   -2.7125e-19   2.70458e-06  -7.82856e-20   7.56616e-07  -2.12587e-20   1.99432e-07  -5.44582e-21   4.96466e-08  -1.31887e-21   1.16954e-08  -3.02511e-22   2.61152e-09  -6.58166e-23   5.53501e-10  -1.35996e-23   1.11475e-10  -2.67148e-24   2.13533e-11  -4.99306e-25   3.89305e-12  -8.88464e-26   6.75909e-13  -1.50581e-26   1.11795e-13  -2.43158e-27   1.76193e-14  -3.74165e-28   2.64622e-15  -5.48658e-29   3.78715e-16  -7.66575e-30   5.16382e-17  -1.02027e-30   6.70602e-18  -1.29306e-31   8.29093e-19  -1.55973e-32   9.75302e-20  -1.78949e-33   1.09085e-20  -1.95128e-34   1.15908e-21  -2.02034e-35   1.16884e-22  -1.98416e-36   1.11734e-23  -1.84604e-37   1.01119e-24   -1.6248e-38   8.65044e-26  -1.35069e-39   6.98322e-27  -1.05855e-40    5.3093e-28  -7.80481e-42   3.79332e-29  -5.40113e-43   2.54045e-30  -3.49874e-44   1.59024e-31  -2.11501e-45   9.27378e-33  -1.18895e-46   5.01946e-34   -6.1903e-48   2.51059e-35  -2.97115e-49   1.15457e-36  -1.30745e-50   4.85302e-38  -5.24092e-52   1.85135e-39  -1.89898e-53    6.3557e-41  -6.16163e-55   1.94324e-42  -1.76971e-56   5.22324e-44  -4.43386e-58   1.21387e-45  -9.50693e-60   2.38574e-47  -1.69995e-61    3.8455e-49  -2.44276e-63   4.85702e-51  -2.66338e-65   4.46108e-53   -1.9911e-67   2.57509e-55  -8.10214e-70   6.03096e-58
 -1.33141e-05  -3.81469e-19  -0.000468989   2.67023e-17   -0.00104544   1.74299e-17   0.000223188  -1.18772e-16    0.00396042  -3.43231e-16    0.00813542  -5.20757e-16     0.0103169     -5.61e-16    0.00981037   -4.7661e-16       0.00757  -3.37179e-16    0.00495129  -2.05405e-16    0.00282262  -1.10228e-16    0.00142993  -5.29685e-17   0.000652958  -2.30753e-17    0.00027169  -9.20083e-18   0.000103888  -3.38333e-18   3.67546e-05  -1.15438e-18   1.20976e-05  -3.67284e-19   3.72123e-06  -1.09418e-19   1.07373e-06  -3.06257e-20   2.91526e-07  -8.07666e-21   7.46717e-08  -2.01167e-21   1.80832e-08  -4.74159e-22   4.14783e-09  -1.05938e-22   9.02503e-10  -2.24666e-23   1.86508e-10  -4.52758e-24   3.66441e-11  -8.67829e-25   6.85048e-12  -1.58325e-25   1.21932e-12  -2.75073e-26   2.06723e-13  -4.55292e-27   3.33939e-14  -7.18082e-28   5.14063e-15  -1.07929e-28   7.54128e-16  -1.54581e-29   1.05415e-16  -2.10938e-30   1.40371e-17  -2.74153e-31   1.77995e-18  -3.39221e-32    2.1482e-19  -3.99368e-33   2.46604e-20  -4.47054e-34   2.69059e-21  -4.75415e-35   2.78751e-22  -4.79824e-36    2.7393e-23  -4.59075e-37   2.55024e-24  -4.15819e-38   2.24608e-25   -3.5603e-39    1.8684e-26  -2.87662e-40   1.46528e-27  -2.18899e-41   1.08111e-28  -1.56534e-42   7.48681e-30  -1.04926e-43   4.85323e-31  -6.57387e-45   2.93591e-32  -3.83707e-46   1.65162e-33  -2.07867e-47   8.60547e-35  -1.04062e-48    4.1334e-36  -4.78985e-50   1.82024e-37  -2.01512e-51   7.30192e-39  -7.69419e-53   2.64774e-40  -2.64377e-54   8.59763e-42  -8.09047e-56   2.47125e-43  -2.17657e-57   6.19622e-45  -5.06277e-59   1.32959e-46  -9.95914e-61   2.37931e-48  -1.60669e-62   3.42163e-50  -2.03108e-64   3.73357e-52  -1.86713e-66   2.79335e-54   -1.0787e-68   1.13756e-56  -2.52855e-71
   -1.955e-18   -0.00010043   6.15972e-18  -0.000564216   2.04807e-17  -0.000491768   -2.6768e-17    0.00133642  -1.63591e-16    0.00439327  -3.18975e-16    0.00683793  -4.01099e-16    0.00743345  -3.81299e-16    0.00634017  -2.94663e-16    0.00449347  -1.93058e-16    0.00273947  -1.10228e-16    0.00147043  -5.59141e-17   0.000706558  -2.55607e-17   0.000307747  -1.06458e-17   0.000122679  -4.07418e-18   4.51007e-05  -1.44253e-18    1.5385e-05  -4.75147e-19   4.89424e-06  -1.46258e-19   1.45791e-06   -4.2231e-20   4.08051e-07   -1.1474e-20   1.07615e-07  -2.94102e-21   2.68065e-08  -7.12733e-22   6.31934e-09  -1.63603e-22   1.41218e-09  -3.56239e-23   2.99561e-10  -7.36751e-24   6.03877e-11  -1.44866e-24    1.1579e-11  -2.71037e-25   2.11328e-12  -4.82811e-26   3.67319e-13  -8.19234e-27    6.0826e-14  -1.32449e-27   9.59824e-15  -2.04065e-28    1.4434e-15  -2.99621e-29   2.06846e-16  -4.19187e-30   2.82422e-17  -5.58684e-31   3.67283e-18  -7.09063e-32   4.54739e-19   -8.5653e-33   5.35714e-20   -9.8415e-34   6.00077e-21  -1.07474e-34    6.3858e-22  -1.11448e-35   6.44947e-23  -1.09621e-36   6.17493e-24   -1.0215e-37   5.59711e-25  -9.00498e-39   4.79581e-26  -7.49776e-40   3.87773e-27  -5.88553e-41   2.95299e-28  -4.34652e-42   2.11327e-29  -3.01281e-43   1.41761e-30  -1.95484e-44   8.88849e-32  -1.18366e-45   5.19208e-33  -6.66498e-47    2.8149e-34  -3.47592e-48   1.41029e-35  -1.67111e-49   6.49651e-37  -7.36599e-51   2.73527e-38  -2.95761e-52   1.04521e-39  -1.07345e-53   3.59427e-41  -3.48888e-55   1.10079e-42  -1.00374e-56   2.96381e-44  -2.51902e-58   6.89945e-46  -5.41027e-60    1.3583e-47  -9.69045e-62   2.19309e-49  -1.39482e-63   2.77463e-51  -1.52334e-65   2.55273e-53  -1.14074e-67     1.476e-55  -4.64963e-70   3.46265e-58
