 1.52078e-05 -3.87372e-20 -0.000140041  5.56218e-19  0.000444207 -2.09878e-18 -0.000706829  3.72383e-18  0.000569232 -3.70468e-18 -0.000134569  1.99726e-18 -0.000122752 -3.61323e-19  8.32506e-05 -2.04825e-19 -4.48902e-07   1.1221e-19 -9.27001e-06 -1.06621e-20  1.02113e-06
-3.87372e-20  0.000206261 -3.45037e-19  -0.00102234  3.34271e-18    0.0022919 -9.31178e-18  -0.00269106  1.30741e-17   0.00145061 -1.04789e-17  0.000103245  4.41816e-18  -0.00051104  -2.6031e-19  0.000161228 -5.74329e-19  3.71711e-05  1.68059e-19 -1.94763e-05 -5.31568e-21
-0.000140041 -3.45037e-19   0.00131142 -1.67186e-18  -0.00426478  1.15701e-17   0.00705037  -2.4769e-17  -0.00606717  2.83317e-17   0.00179145 -1.84285e-17   0.00119073  5.71801e-18  -0.00106872  6.29698e-19  0.000125852 -8.96698e-19  0.000100898  1.11636e-19 -1.94666e-05
 5.56218e-19  -0.00102234 -1.67186e-18   0.00519501 -5.66929e-18   -0.0120893  2.76606e-17    0.0150666 -4.71823e-17  -0.00917104  4.45372e-17  0.000268313 -2.39681e-17   0.00307991  4.73847e-18  -0.00143841  1.95222e-18 -5.25427e-05 -9.37537e-19  0.000138619  1.07854e-19
 0.000444207  3.34271e-18  -0.00426478 -5.66929e-18     0.014393 -1.18687e-17    -0.025178   4.6516e-17    0.0238607 -6.68108e-17  -0.00930554  5.34695e-17  -0.00346784 -2.29325e-17    0.0049911  7.64457e-19  -0.00137483  3.13291e-18 -0.000249592  -5.0175e-19  0.000108696
-2.09878e-18    0.0022919  1.15701e-17   -0.0120893 -1.18687e-17    0.0297424 -2.03642e-17   -0.0404375  6.41418e-17    0.0290534 -7.90003e-17    -0.005156  5.53838e-17  -0.00818279 -1.68518e-17   0.00611675 -4.52755e-18  -0.00101127  4.01293e-18 -0.000305619 -1.64239e-18
-0.000706829 -9.31178e-18   0.00705037  2.76606e-17    -0.025178 -2.03642e-17    0.0479251 -2.60437e-17   -0.0520698  7.33429e-17    0.0279023 -8.15953e-17   0.00185303  4.93845e-17   -0.0121348 -6.32541e-18   0.00631759 -8.19076e-18 -0.000690675   1.3134e-18 -0.000181739
 3.72383e-18  -0.00269106  -2.4769e-17    0.0150666   4.6516e-17   -0.0404375 -2.60437e-17    0.0625854 -3.01815e-17   -0.0559967  7.79112e-17    0.0215974  -8.4217e-17   0.00891698  4.22365e-17   -0.0144554  4.68181e-18   0.00601433 -1.37921e-17 -0.000597379  1.53196e-17
 0.000569232  1.30741e-17  -0.00606717 -4.71823e-17    0.0238607  6.41418e-17   -0.0520698 -3.01815e-17    0.0690953  -3.2781e-17   -0.0529631  8.65541e-17    0.0137857 -9.16287e-17    0.0140743  3.66758e-17   -0.0153066  3.90294e-18   0.00554294  5.54101e-18  -0.00053765
-3.70468e-18   0.00145061  2.83317e-17  -0.00917104 -6.68108e-17    0.0290534  7.33429e-17   -0.0559967  -3.2781e-17    0.0679775 -3.74765e-17   -0.0470708  1.04956e-16   0.00753869 -9.96651e-17     0.016848  1.99748e-17   -0.0149874  3.90329e-17   0.00466077 -9.69816e-17
-0.000134569 -1.04789e-17   0.00179145  4.45372e-17  -0.00930554 -7.90003e-17    0.0279023  7.79112e-17   -0.0529631 -3.74765e-17    0.0634621 -4.83133e-17     -0.04217  1.32169e-16   0.00412408 -1.14605e-16    0.0172255  5.25788e-17   -0.0130965 -6.66058e-17   0.00283608
 1.99726e-18  0.000103245 -1.84285e-17  0.000268313  5.34695e-17    -0.005156 -8.15953e-17    0.0215974  8.65541e-17   -0.0470708 -4.83133e-17    0.0596724 -5.82497e-17   -0.0401478  1.32307e-16   0.00400308 -4.12651e-17    0.0145122 -1.50515e-16  -0.00892061  4.46033e-16
-0.000122752  4.41816e-18   0.00119073 -2.39681e-17  -0.00346784  5.53838e-17   0.00185303  -8.4217e-17    0.0137857  1.04956e-16     -0.04217 -5.82497e-17     0.058724  -8.4052e-17    -0.041828  1.84606e-16   0.00816692 -2.08505e-16    0.0078632  3.22188e-16  -0.00345026
-3.61323e-19  -0.00051104  5.71801e-18   0.00307991 -2.29325e-17  -0.00818279  4.93845e-17   0.00891698 -9.16287e-17   0.00753869  1.32169e-16   -0.0401478  -8.4052e-17     0.061575 -7.24468e-18   -0.0483755    -1.28e-16    0.0173935  6.17001e-16  -0.00074682 -1.49313e-15
 8.32506e-05  -2.6031e-19  -0.00106872  4.73847e-18    0.0049911 -1.68518e-17   -0.0121348  4.22365e-17    0.0140743 -9.96651e-17   0.00412408  1.32307e-16    -0.041828 -7.24468e-18    0.0694387 -2.60599e-16   -0.0603389  6.07094e-16    0.0283123 -1.10836e-15  -0.00518661
-2.04825e-19  0.000161228  6.29698e-19  -0.00143841  7.64457e-19   0.00611675 -6.32541e-18   -0.0144554  3.66758e-17     0.016848 -1.14605e-16   0.00400308  1.84606e-16   -0.0483755 -2.60599e-16    0.0827333  6.95949e-16   -0.0729583 -1.83414e-15    0.0314929  3.57062e-15
-4.48902e-07 -5.74329e-19  0.000125852  1.95222e-18  -0.00137483 -4.52755e-18   0.00631759  4.68181e-18   -0.0153066  1.99748e-17    0.0172255 -4.12651e-17   0.00816692    -1.28e-16   -0.0603389  6.95949e-16    0.0960985 -1.71438e-15   -0.0738043   2.9065e-15    0.0204064
  1.1221e-19  3.71711e-05 -8.96698e-19 -5.25427e-05  3.13291e-18  -0.00101127 -8.19076e-18   0.00601433  3.90294e-18   -0.0149874  5.25788e-17    0.0145122 -2.08505e-16    0.0173935  6.07094e-16   -0.0729583 -1.71438e-15    0.0958611   3.8139e-15   -0.0537367 -5.90616e-15
-9.27001e-06  1.67251e-19  0.000100898 -9.34614e-19 -0.000249592  4.01126e-18 -0.000690675 -1.37422e-17   0.00554294   3.9196e-17   -0.0130965  -1.5065e-16    0.0078632   6.1703e-16    0.0283123 -1.83299e-15   -0.0738043  3.81587e-15    0.0717429  -5.3745e-15   -0.0228042
-1.06177e-20 -1.94763e-05  1.11588e-19  0.000138619 -4.99788e-19 -0.000305619  1.31063e-18 -0.000597379  5.51981e-18   0.00466077  -6.6726e-17  -0.00892061  3.22438e-16  -0.00074682  -1.1083e-15    0.0314929  2.90726e-15   -0.0537367  -5.3745e-15    0.0344292  6.10209e-15
 1.02113e-06 -5.30694e-21 -1.94666e-05  1.08008e-19  0.000108696 -1.64267e-18 -0.000181739  1.53196e-17  -0.00053765 -9.69851e-17   0.00283608  4.46029e-16  -0.00345026  -1.4931e-15  -0.00518661  3.57069e-15    0.0204064  -5.9061e-15   -0.0228042  6.10211e-15   0.00781625
