 6.88944e-25 -4.04285e-41 -3.82024e-23  3.15265e-39  8.25145e-22 -6.80856e-38 -1.07245e-20  7.86879e-37  9.67551e-20 -5.73984e-36 -6.50624e-19  2.53005e-35  3.39904e-18 -1.58369e-35 -1.41575e-17 -8.50611e-34  4.77845e-17  9.10081e-33 -1.31934e-16 -6.09643e-32  2.99125e-16  3.13076e-31 -5.55942e-16  -1.3129e-30  8.39915e-16   4.6321e-30  -1.0127e-15 -1.39893e-29   9.3881e-16  3.65634e-29 -6.14452e-16 -8.32754e-29  2.11256e-16  1.65837e-28  5.27277e-17 -2.88646e-28 -1.00786e-16  4.36648e-28  3.31647e-17 -5.65909e-28  1.73732e-17  6.08197e-28 -1.49127e-17  -4.9769e-28 -1.46216e-18   2.1322e-28  4.19662e-18  1.89926e-28 -1.41788e-20 -5.89406e-28 -1.01858e-18   8.5272e-28 -1.19996e-20  -9.0762e-28  2.23331e-19  7.75194e-28  2.49017e-20  -5.4402e-28 -4.07678e-20  3.11923e-28 -1.14785e-20 -1.40318e-28  4.94226e-21  4.35007e-29  2.98485e-21 -4.16173e-30 -5.23102e-23 -4.43767e-30 -4.47544e-22  2.90753e-30 -1.14661e-22  -8.7268e-31  2.39156e-23  1.56327e-31   2.0422e-23  1.24808e-34  3.54119e-24 -1.01679e-31 -9.52899e-25  1.55701e-31 -6.14955e-25 -1.30096e-31 -1.09376e-25  7.47213e-32  1.31277e-26  -3.4299e-32  1.14313e-26  1.46244e-32  2.57726e-27  -6.2102e-33  1.17064e-28  2.41296e-33 -9.29196e-29 -7.75574e-34 -3.02058e-29  2.19162e-34 -4.34578e-30 -6.67904e-35 -8.82797e-32  2.06207e-35  1.01256e-31 -5.28157e-36  2.43702e-32  1.28297e-36    2.966e-33 -3.01608e-37  1.57594e-34   3.9318e-38 -1.25461e-35 -6.50499e-40 -3.62246e-36  1.34738e-40 -3.95383e-37 -6.05151e-41 -2.47167e-38  -6.0154e-42  -7.5212e-40  1.52104e-42  9.61448e-42 -2.17261e-43  2.02723e-42  2.07352e-44  5.98316e-44  9.38812e-47  1.21068e-45 -1.01378e-47
-4.04285e-41  5.48458e-23 -1.89232e-39 -1.72866e-21  9.54768e-38  2.84443e-20 -1.54592e-36  -3.0693e-19  1.42019e-35  2.39572e-18 -8.49061e-35 -1.42725e-17  3.04076e-34  6.70525e-17  9.53294e-35 -2.53602e-16 -1.14912e-32  7.82059e-16   1.0764e-31 -1.97965e-15 -6.71496e-31  4.11883e-15  3.26895e-30 -7.01222e-15 -1.30916e-29  9.65055e-15  4.42703e-29 -1.04731e-14 -1.28417e-28  8.51075e-15  3.22931e-28 -4.53139e-15 -7.08986e-28  7.51048e-16  1.36447e-27  1.00712e-15  -2.3035e-27 -8.06166e-16  3.39814e-27  5.18795e-17 -4.33246e-27  2.22338e-16  4.65779e-27 -7.56076e-17 -3.98382e-27 -4.61733e-17  2.24025e-27   2.5885e-17  1.65854e-28  9.80118e-18 -2.46932e-27 -6.35135e-18  3.92967e-27 -2.44506e-18 -4.22437e-27   1.1895e-18  3.55975e-27  6.38722e-19 -2.44826e-27 -1.36142e-19   1.3758e-27 -1.41541e-19 -6.06572e-28 -5.50934e-21  1.81093e-28  2.17222e-20 -1.09111e-29  6.21338e-21  -2.4555e-29 -1.44727e-21   1.6217e-29 -1.22415e-21  -6.0856e-30 -1.75042e-22  1.79424e-30  8.73429e-23 -1.30915e-31  4.47763e-23 -7.93067e-31  5.28503e-24  1.04098e-30 -2.32189e-24 -7.71423e-31 -1.13627e-24  4.07609e-31 -1.76641e-25 -1.76778e-31  2.15819e-26  7.27596e-32  1.67242e-26 -3.02122e-32  3.65214e-27  1.13782e-32  2.35544e-28 -3.42813e-33 -8.60587e-29  8.85706e-34 -3.02863e-29 -2.62793e-34 -4.68852e-30  8.22856e-35 -2.76608e-31 -2.04285e-35  4.45926e-32  4.75098e-36  1.39065e-32 -1.07007e-36  1.85018e-33  1.16456e-37  1.36228e-34  2.14267e-39  2.48036e-36  6.44113e-40  -6.6308e-37  -2.6735e-40 -8.55068e-38 -1.29464e-41 -5.41207e-39  3.38574e-42 -1.95737e-40 -4.84088e-43 -3.19426e-42  4.20242e-44 -9.33093e-45  2.45653e-46  6.11996e-46
-3.82024e-23 -1.89232e-39  2.15014e-21 -4.52272e-38   -4.717e-20   1.5393e-36  6.23144e-19 -1.74601e-35 -5.71883e-18  1.05251e-34  3.91533e-17   -2.958e-34 -2.08463e-16 -1.00391e-33  8.85893e-16  2.01504e-32  -3.0547e-15  -1.7119e-31  8.62977e-15  1.09134e-30  -2.0058e-14  -5.6976e-30  3.83112e-14  2.49681e-29 -5.96836e-14 -9.29589e-29  7.45801e-14  2.96814e-28 -7.22873e-14 -8.19486e-28  5.04579e-14  1.97029e-27 -2.00894e-14 -4.14867e-27 -2.08816e-15  7.67946e-27  7.99105e-15 -1.25116e-26 -3.45708e-15  1.78922e-26 -1.02746e-15 -2.22555e-26  1.35528e-15  2.35947e-26 -3.78737e-17  -2.0379e-26 -3.61772e-16  1.26419e-26  4.81786e-17 -2.45149e-27  8.74044e-17 -6.87209e-27 -1.10433e-17  1.25067e-26 -2.01998e-17 -1.35945e-26  5.03606e-19  1.13074e-26  4.14699e-18 -7.66633e-27  5.71741e-19  4.28522e-27 -6.38579e-19 -1.90043e-27 -2.33989e-19  5.70804e-28  4.62541e-20 -2.39701e-29  4.65923e-20 -9.59205e-29  6.15923e-21  6.87113e-29 -4.27553e-21 -3.07813e-29 -1.98723e-21  1.04411e-29 -1.22776e-22 -4.43006e-31  1.64826e-22 -4.15831e-30  6.20939e-23  4.64621e-30   5.0777e-24 -3.08734e-30 -3.24746e-24  1.51288e-30 -1.33864e-24 -6.23644e-31 -1.94429e-25  2.48428e-31   1.8647e-26 -1.00954e-31  1.49714e-26  3.68184e-32  3.26411e-27 -1.02998e-32  2.78029e-28  2.38262e-33 -3.96211e-29  -6.9712e-34 -1.73231e-29  2.26287e-34 -2.87717e-30 -5.43318e-35  -2.4061e-31  1.20425e-35  2.65605e-33 -2.58793e-36  3.74565e-33  2.18008e-37  5.56991e-34  1.55094e-38   4.5766e-35  2.21235e-39  2.01622e-36 -7.52761e-40  2.34036e-39 -1.82179e-41 -5.82674e-39  5.00324e-42 -3.71346e-40 -6.88188e-43 -1.06242e-41  5.26867e-44  -1.5226e-43  2.40495e-46
 3.15265e-39 -1.72866e-21 -4.52272e-38  5.53389e-20 -6.33944e-37 -9.25515e-19  1.26467e-35  1.01585e-17 -4.29962e-35 -8.07232e-17 -6.79578e-34  4.90056e-16   1.0511e-32 -2.34859e-15 -8.28699e-32  9.07244e-15  4.84418e-31 -2.86163e-14 -2.40341e-30  7.42192e-14   1.0792e-29 -1.58561e-13 -4.45306e-29  2.77981e-13    1.668e-28 -3.95559e-13 -5.57579e-28   4.4671e-13  1.64491e-27 -3.82399e-13 -4.26355e-27  2.21718e-13  9.70883e-27 -5.26503e-14 -1.94627e-26 -3.84707e-14   3.4426e-26  3.98281e-14 -5.37836e-26 -6.73343e-15  7.40537e-26 -9.59666e-15 -8.91498e-26  4.77164e-15  9.21472e-26  1.66971e-15 -7.86515e-26   -1.524e-15  5.02286e-26 -3.01795e-16 -1.51878e-26  3.81363e-16 -1.50436e-26  7.88287e-17  3.21679e-26 -7.92026e-17 -3.51128e-26 -2.49878e-17  2.87916e-26  1.22048e-17 -1.94355e-26  6.79875e-18  1.10622e-26 -7.97826e-19 -5.10667e-27 -1.30803e-18  1.61352e-27 -1.95165e-19 -6.19134e-29  1.39266e-19 -3.22412e-28  6.48449e-20  2.53192e-28  1.09605e-21 -1.25155e-28   -7.228e-21  4.24664e-29 -2.30352e-21   6.4342e-31   7.1702e-24 -1.68056e-29  2.10048e-22   1.6084e-29   6.4074e-23 -9.64241e-30  3.93821e-24  4.40902e-30 -3.11384e-24 -1.73889e-30 -1.15699e-24   6.7246e-31 -1.66222e-25 -2.67654e-31  8.52333e-27  9.44221e-32  9.21397e-27 -2.42115e-32  2.05678e-27  4.84673e-33  2.13122e-28 -1.43257e-33 -5.98332e-30  4.96782e-34  -6.0974e-30 -1.14851e-34 -1.10368e-30  2.41334e-35 -1.08243e-31 -4.91721e-36 -4.35638e-33  2.73546e-37  4.00126e-34  4.84264e-38  8.38865e-35  5.76177e-39  7.17644e-36 -1.57298e-39   3.5373e-37 -1.98863e-41  8.89498e-39  5.64284e-42  9.31321e-42 -6.91592e-43 -5.31392e-42  4.44598e-44 -9.45268e-44
 8.25145e-22  9.54768e-38   -4.717e-20 -6.33944e-37  1.05179e-18 -4.27756e-36 -1.41332e-17 -3.24712e-35  1.32041e-16  2.22125e-33  -9.2112e-16 -3.06971e-32  5.00224e-15  2.49877e-31 -2.17074e-14 -1.46631e-30  7.65364e-14  6.85398e-30 -2.21442e-13  -2.7367e-29  5.28148e-13  9.84959e-29 -1.03771e-12 -3.30437e-28   1.6686e-12  1.04164e-27 -2.16284e-12 -3.04889e-27  2.19294e-12  8.13463e-27 -1.63036e-12 -1.94869e-26  7.37716e-13  4.15466e-26 -1.06686e-14 -7.85539e-26 -2.42964e-13  1.31645e-25  1.34884e-13 -1.95559e-25  1.74293e-14  2.57002e-25 -4.67304e-14 -2.96633e-25  7.16657e-15  2.95525e-25  1.16282e-14 -2.44901e-25 -3.30864e-15  1.54465e-25 -2.74446e-15 -5.19181e-26  8.21317e-16 -3.01289e-26   6.6348e-16  7.24619e-26 -1.24511e-16 -7.77921e-26 -1.52195e-16  6.27132e-26  8.70101e-19   -4.288e-26  2.82231e-17   2.5677e-26  5.77331e-18  -1.2747e-26 -3.25327e-18  4.32146e-27 -1.69828e-18 -1.52224e-28  7.75907e-21 -1.00964e-27  2.26768e-19  8.36729e-28  6.51504e-20 -4.25886e-28 -6.17899e-21   1.3515e-28 -8.67427e-21  1.19234e-29 -2.08041e-21 -5.56577e-29  1.13935e-22  4.59668e-29   1.9983e-22 -2.49189e-29  5.26898e-23  1.06901e-29  2.92265e-24 -4.06716e-30 -2.17421e-24  1.53214e-30 -7.68106e-25 -5.97483e-31 -1.13301e-25  2.03599e-31  3.47005e-28 -4.70167e-32  3.95519e-27  7.65561e-33  9.31662e-28 -2.40113e-33  1.10024e-28  9.27151e-34  3.50241e-30 -2.05036e-34 -1.21914e-30  4.06075e-35 -2.62463e-31 -7.76249e-36 -2.79451e-32  1.68679e-37 -1.66466e-33  1.05547e-37 -2.40206e-35  1.17851e-38  5.04702e-36 -2.59667e-39  4.94588e-37 -1.90116e-41  2.21912e-38   5.1298e-42  5.18052e-40 -4.87179e-43  4.54262e-42   2.3261e-44
-6.80856e-38  2.84443e-20   1.5393e-36 -9.25515e-19 -4.27756e-36  1.57443e-17  2.87494e-35 -1.75916e-16 -2.76599e-33  1.42427e-15  5.01758e-32  -8.8183e-15 -4.93711e-31  4.31489e-14  3.32826e-30 -1.70394e-13 -1.70635e-29  5.50239e-13  7.09124e-29 -1.46362e-12 -2.50687e-28  3.21394e-12  7.85892e-28 -5.80805e-12 -2.26331e-27  8.55356e-12  6.12667e-27 -1.00599e-11 -1.56596e-26   9.0719e-12  3.73619e-26 -5.70332e-12 -8.17356e-26  1.74344e-12  1.61437e-25  7.02877e-13   -2.851e-25 -1.01566e-12  4.48213e-25    2.799e-13 -6.26359e-25  2.04197e-13  7.76617e-25 -1.47382e-13 -8.48748e-25 -2.42775e-14  8.03627e-25  4.43827e-14 -6.34393e-25   2.0297e-15  3.80832e-25 -1.11938e-14 -1.20872e-25 -6.03171e-16 -6.76709e-26  2.50286e-15  1.51741e-25  3.73743e-16 -1.54223e-25 -4.59293e-16  1.21973e-25 -1.48176e-16 -8.68752e-26  5.43403e-17  5.67207e-26  3.71333e-17 -3.07131e-26  2.67278e-19  1.09823e-26 -5.46582e-18 -1.91699e-28 -1.53344e-18 -2.99813e-27   2.6644e-19  2.48931e-27   2.6175e-19 -1.24502e-27  4.98188e-20  3.55403e-28 -1.11726e-20  6.28412e-29 -8.05897e-21 -1.56679e-28 -1.55029e-21  1.12204e-28  1.38683e-22 -5.49261e-29  1.48625e-22  2.22372e-29  3.56554e-23 -8.25424e-30  2.18252e-24  3.03949e-30 -1.11794e-24 -1.16043e-30 -3.95637e-25  3.81407e-31 -6.09466e-26 -7.73907e-32 -2.32347e-27  8.93755e-33  1.12722e-27 -3.34862e-33  2.98326e-28  1.52604e-33  3.84228e-29  -3.2024e-34  2.41525e-30  5.94162e-35 -7.89413e-32 -1.04635e-35  -3.5598e-32 -2.01915e-37 -4.07674e-33  1.80788e-37 -2.63914e-34   1.9489e-38 -9.25591e-36 -3.49544e-39 -4.28541e-38 -1.77198e-41  1.04279e-38  3.87027e-42  3.88184e-40 -2.16752e-43  3.76362e-42
-1.07245e-20 -1.54592e-36  6.23144e-19  1.26467e-35 -1.41332e-17  2.87494e-35  1.93324e-16  1.27602e-33 -1.84017e-15 -4.96953e-32  1.30912e-14  6.70326e-31 -7.25767e-14 -5.54332e-30  3.21906e-13  3.30457e-29 -1.16165e-12 -1.53695e-28  3.44553e-12  5.85897e-28 -8.44107e-12 -1.89916e-27  1.70786e-11  5.40552e-27  -2.8374e-11 -1.39304e-26  3.81865e-11  3.33887e-26 -4.05253e-11 -7.56192e-26  3.20582e-11  1.61716e-25 -1.62641e-11 -3.21927e-25  1.88291e-12  5.85599e-25  4.33336e-12 -9.58848e-25 -3.08561e-12  1.40076e-24  3.07464e-14 -1.81904e-24  9.40894e-13  2.09595e-24 -2.73649e-13 -2.13118e-24  -2.1089e-13  1.87945e-24  1.03188e-13 -1.37622e-24  4.68749e-14  7.47301e-25 -2.64876e-14 -1.76288e-25 -1.17832e-14 -1.85388e-25  5.06364e-15  3.08306e-25  3.06198e-15 -2.82546e-25 -5.64434e-16  2.20099e-25 -6.78788e-16 -1.69786e-25 -3.86288e-17  1.23648e-25  1.04457e-16 -7.19826e-26  3.19788e-17  2.60431e-26 -6.73893e-18  5.83301e-28 -6.21859e-18 -8.35151e-27  -9.5963e-19  6.67182e-27  4.35199e-19 -3.18834e-27  2.35298e-19  7.95372e-28  2.99769e-20  2.27713e-28 -1.17441e-20 -3.84214e-28 -6.06317e-21  2.38823e-28 -9.94759e-22 -1.04967e-28   9.9963e-23  4.04189e-29  8.80918e-23  -1.4876e-29  2.00375e-23  5.36999e-30  1.49307e-24 -2.00244e-30 -4.10266e-25  6.34162e-31  -1.5627e-25 -1.09096e-31 -2.52503e-26  5.54118e-33 -1.72547e-27 -3.87159e-33  1.75113e-28  2.27074e-33   6.4282e-29 -4.48825e-34  8.88062e-30  7.75405e-35  6.89191e-31 -1.21871e-35  1.98963e-32 -8.59596e-37 -2.03537e-33  2.55735e-37 -3.02032e-34  2.65998e-38 -1.91151e-35 -3.89778e-39 -6.61329e-37 -1.64196e-41 -1.09777e-38  2.45895e-42 -2.44805e-41 -4.01206e-44
 7.86879e-37  -3.0693e-19 -1.74601e-35  1.01585e-17 -3.24712e-35 -1.75916e-16  1.27602e-33  2.00257e-15  2.10278e-32 -1.65337e-14 -6.03182e-31  1.04495e-13  6.79434e-30 -5.22526e-13 -4.94533e-29  2.11146e-12  2.67047e-28 -6.98751e-12 -1.14426e-27   1.9082e-11  4.05393e-27 -4.31145e-11 -1.22332e-26  8.04003e-11  3.22586e-26 -1.22672e-10 -7.62786e-26  1.50383e-10  1.66033e-25 -1.42884e-10 -3.39787e-25  9.70682e-11  6.58811e-25 -3.60855e-11 -1.19932e-24 -6.82367e-12   2.0108e-24  1.67573e-11 -3.04466e-24 -6.55128e-12   4.1055e-24 -2.55559e-12 -4.89431e-24  2.85514e-12  5.14329e-24  2.99846e-14 -4.74283e-24 -8.07337e-13  3.76884e-24  8.36225e-14 -2.43859e-24  2.02348e-13  1.06814e-24 -2.07894e-14 -2.95897e-27 -4.79224e-14 -5.40514e-25  3.66353e-16   6.1788e-25  1.00409e-14 -4.90863e-25  1.52599e-15  3.83942e-25 -1.57629e-15 -3.33587e-25 -6.04359e-16  2.69105e-25  1.14758e-16 -1.62562e-25  1.21752e-16  5.67806e-26  1.67268e-17  4.90828e-27  -1.1348e-17 -2.15224e-26 -5.39334e-18  1.61578e-26 -3.49101e-19 -7.26012e-27  4.52001e-19  1.53829e-27  1.73211e-19  6.58695e-28  1.47342e-20 -8.35361e-28 -9.00052e-21  4.49046e-28 -3.78367e-21 -1.75123e-28  -5.6451e-22  6.49174e-29  4.78805e-23 -2.42513e-29  4.16478e-23  8.59171e-30  9.27724e-24 -3.11519e-30  8.40461e-25  9.50915e-31 -9.54552e-26 -1.31322e-31 -4.58706e-26 -6.22331e-33 -7.80214e-27 -3.55181e-33 -6.86056e-28  3.10853e-33 -2.85102e-30 -5.76621e-34  8.33255e-30  9.22162e-35  1.28666e-30 -1.22466e-35  1.06766e-31  -1.6933e-36  4.95147e-33  3.05907e-37  5.52815e-35  3.03506e-38 -8.10582e-36 -3.61694e-39 -5.20594e-37 -1.37802e-41 -1.28661e-38  1.29273e-42 -9.66707e-41
 9.67551e-20  1.42019e-35 -5.71883e-18 -4.29962e-35  1.32041e-16 -2.76599e-33 -1.84017e-15  2.10278e-32  1.78616e-14  2.44723e-31 -1.29704e-13 -5.76418e-30   7.3478e-13  5.65491e-29 -3.33432e-12 -3.70115e-28  1.23277e-11  1.83334e-27 -3.75245e-11 -7.29821e-27  9.45315e-11  2.41963e-26 -1.97173e-10 -6.84927e-26  3.38835e-10  1.69077e-25 -4.73953e-10 -3.72091e-25  5.26816e-10  7.48225e-25 -4.43113e-10 -1.40734e-24  2.49537e-10  2.50844e-24  -5.1423e-11  -4.2172e-24 -5.13008e-11  6.55783e-24   4.8075e-11 -9.20631e-24  -6.5506e-12   1.1432e-23 -1.26232e-11 -1.23857e-23  5.80188e-12  1.16124e-23  2.36522e-12 -9.33934e-24 -1.97766e-12  6.26895e-24 -4.47827e-13 -3.15394e-24    5.164e-13   5.9362e-25  1.16393e-13  9.84158e-25 -1.11073e-13 -1.46493e-24 -3.66712e-14  1.20787e-24  1.77177e-14 -8.24559e-25  1.01358e-14  6.75366e-25 -1.21282e-15  -6.7231e-25 -2.00693e-15  5.79483e-25 -2.97052e-16 -3.49218e-25  2.22169e-16  1.12877e-25  1.03012e-16  1.99547e-26  1.15552e-18 -5.09365e-26 -1.19341e-17  3.55304e-26 -3.76924e-18 -1.48692e-26   3.4016e-20  2.58244e-27  3.56346e-19  1.61649e-27  1.07826e-19 -1.63203e-27  6.38603e-21  7.51568e-28 -5.35502e-21 -2.54362e-28 -1.97697e-21  9.27166e-29 -2.84461e-22 -3.63608e-29   1.3874e-23  1.26131e-29  1.54698e-23 -4.41642e-30  3.46563e-24  1.30366e-30  3.65879e-25 -1.31963e-31 -6.81073e-27 -2.91785e-32 -9.41874e-27 -2.12146e-33 -1.72247e-27  3.96208e-33 -1.70743e-28 -6.92425e-34 -7.60866e-30  1.01899e-34  4.33894e-31 -1.04004e-35  1.03978e-31 -2.48036e-36   8.8031e-33  3.12488e-37  4.19067e-34  2.91319e-38  1.03716e-35 -2.77578e-39  5.19231e-38 -9.17723e-42 -2.55151e-39  4.95955e-43
-5.73984e-36  2.39572e-18  1.05251e-34 -8.07232e-17  2.22125e-33  1.42427e-15 -4.96953e-32 -1.65337e-14  2.44723e-31  1.39335e-13  2.27607e-30   -8.998e-13  -4.6007e-29  4.60285e-12  4.01809e-28 -1.90523e-11 -2.39506e-27  6.46849e-11  1.09706e-26 -1.81558e-10 -4.07958e-26  4.22574e-10  1.27115e-25 -8.14105e-10 -3.39017e-25  1.28832e-09  7.87917e-25 -1.64776e-09   -1.627e-24  1.65003e-09   3.0553e-24 -1.20804e-09 -5.34777e-24  5.27612e-10  8.87117e-24    1.638e-11 -1.39242e-23 -1.96247e-10  2.02603e-23  1.03108e-10 -2.65353e-23  1.75645e-11  3.04022e-23 -3.85319e-11 -2.97363e-23  5.24266e-12  2.42561e-23  1.00473e-11 -1.59324e-23  -2.7537e-12  7.60307e-24 -2.44684e-12 -1.22091e-24   7.2667e-13 -2.60013e-24  6.06984e-13  3.98889e-24 -1.17102e-13 -3.50873e-24 -1.43556e-13  2.24401e-24  1.91811e-15 -1.35657e-24  2.77067e-14  1.23444e-24  5.45417e-15 -1.37986e-24 -3.38477e-15  1.21354e-24 -1.71131e-15 -7.07102e-25  3.41798e-17  2.03799e-25  2.42216e-16  6.09606e-26  6.69252e-17 -1.10578e-25 -7.86116e-18  7.13345e-26 -9.54676e-18 -2.76322e-26 -2.20285e-18   3.7305e-27  1.59532e-19  3.47888e-27  2.26393e-19 -2.89569e-27  5.79539e-20  1.12294e-27  2.80841e-21 -3.15889e-28 -2.51661e-21  1.18018e-28 -8.62296e-22 -5.09495e-29  -1.2482e-22  1.71662e-29  6.77605e-25 -5.75333e-30  4.36141e-24  1.65645e-30  1.01217e-24  -1.0296e-31  1.18761e-25 -6.38013e-32  4.07367e-27  4.33796e-34 -1.17934e-27  4.73652e-33 -2.54805e-28 -7.90546e-34 -2.67376e-29  1.06333e-34 -1.59026e-30   -6.987e-36 -3.03153e-32 -2.97831e-36  3.36108e-33  2.72507e-37  3.29082e-34  2.35354e-38  1.33742e-35 -1.72608e-39  2.54282e-37 -4.12536e-42  1.42091e-39
-6.50624e-19 -8.49061e-35  3.91533e-17 -6.79578e-34  -9.2112e-16  5.01758e-32  1.30912e-14 -6.03182e-31 -1.29704e-13  2.27607e-30  9.62364e-13  1.78106e-29 -5.57678e-12 -3.16533e-28  2.59192e-11  2.49535e-27 -9.82906e-11 -1.36649e-26  3.07393e-10  5.82167e-26 -7.97243e-10 -2.03044e-25  1.71633e-09  5.96402e-25 -3.05444e-09 -1.50291e-24  4.44542e-09  3.29994e-24 -5.17945e-09 -6.42472e-24  4.63003e-09  1.13431e-23 -2.87247e-09 -1.86346e-23  8.31036e-10  2.90477e-23  4.14425e-10 -4.29817e-23 -5.49226e-10  5.90454e-23  1.43182e-10 -7.26877e-23  1.18144e-10  7.71863e-23  -8.2862e-11 -6.79152e-23 -1.48648e-11  4.67846e-23  2.61788e-11 -2.19217e-23  1.22446e-12  2.02679e-24 -6.86112e-12  9.03287e-24 -3.24743e-13 -1.24128e-23  1.59628e-12  1.09882e-23  2.20253e-13 -7.34944e-24 -3.07881e-13  3.85256e-24 -9.42456e-14 -2.20168e-24  3.94751e-14  2.35086e-24  2.52195e-14 -2.81664e-24 -4.20709e-16  2.43432e-24 -3.98598e-15 -1.34384e-24 -1.03863e-15  3.33312e-25  2.29012e-16  1.55268e-25  1.95532e-16 -2.20733e-25  3.39073e-17  1.31474e-25  -9.6852e-18 -4.69082e-26 -6.21966e-18  4.48231e-27 -1.11269e-18  6.70575e-27  1.35958e-19 -4.70753e-27  1.18821e-19  1.49367e-27  2.71521e-20 -3.17326e-28  1.37984e-21  1.33614e-28 -9.26421e-22 -6.77452e-29 -3.09457e-22  2.18196e-29 -4.60536e-23 -6.93365e-30 -1.55202e-24   1.9806e-30  8.70215e-25 -4.51154e-32  2.21268e-25 -1.07443e-31  2.77888e-26  3.87984e-33  1.72427e-27  5.33017e-33 -4.72338e-29  -8.6836e-34 -2.24527e-29  1.05833e-34 -2.48288e-30 -2.82979e-36 -1.53641e-31 -3.03911e-36 -5.18191e-33  2.00616e-37 -4.05322e-35  1.59256e-38  3.38356e-36 -8.30884e-40   9.8982e-38 -8.42136e-43
 2.53005e-35 -1.42725e-17   -2.958e-34  4.90056e-16 -3.06971e-32  -8.8183e-15  6.70326e-31  1.04495e-13 -5.76418e-30   -8.998e-13  1.78106e-29  5.94377e-12  1.20657e-28 -3.11384e-11 -1.91517e-27   1.3218e-10  1.37623e-26 -4.60947e-10 -6.96932e-26  1.33139e-09  2.77411e-25 -3.19612e-09 -9.10342e-25  6.36924e-09  2.52668e-24 -1.04668e-08 -6.02838e-24  1.39814e-08  1.25336e-23 -1.47624e-08 -2.30773e-23  1.16241e-08  3.84718e-23 -5.83067e-09 -5.96673e-23  5.59823e-10  8.80313e-23   1.7019e-09 -1.23774e-22 -1.18751e-09  1.61782e-22 -1.38529e-12 -1.88502e-22  3.81377e-10  1.86462e-22 -1.12272e-10  -1.4729e-22 -8.79944e-11  8.23276e-23  4.47773e-11 -1.76153e-23  1.98576e-11 -2.45288e-23 -1.20953e-11  3.91595e-23 -5.10651e-12 -3.54188e-23  2.46742e-12   2.4511e-23  1.38678e-12 -1.34266e-23 -3.13759e-13  5.94502e-24 -3.26641e-13 -3.53761e-24 -8.73888e-15  4.56064e-24  5.44051e-14 -5.58244e-24   1.4968e-14  4.63335e-24 -4.18849e-15 -2.39618e-24 -3.27082e-15  4.91892e-25 -4.17579e-16  3.45017e-25  2.63824e-16 -4.06816e-25  1.27062e-16  2.23554e-25  1.32278e-17 -7.31121e-26 -7.43376e-18  3.99462e-27 -3.41242e-18  1.17507e-26 -5.02203e-19 -7.06631e-27   7.4499e-20  1.74784e-27  5.18751e-20 -2.08388e-28  1.10536e-20  1.33536e-28  6.90202e-22 -8.65794e-29 -2.57836e-22  2.59994e-29 -8.90438e-23 -7.77718e-30 -1.37091e-23  2.26848e-30 -8.64509e-25  3.05373e-32   1.0219e-25 -1.54703e-31   3.3944e-26  7.81434e-33  4.48218e-27  5.65291e-33  3.34145e-28 -9.20972e-34  9.47094e-30  1.00576e-34 -8.41768e-31   1.0566e-36 -1.18741e-31 -2.67663e-36 -6.86576e-33  1.21153e-37 -2.10272e-34  8.92661e-39 -2.89521e-36 -2.78849e-40 -6.70391e-39
 3.39904e-18  3.04076e-34 -2.08463e-16   1.0511e-32  5.00224e-15 -4.93711e-31 -7.25767e-14  6.79434e-30   7.3478e-13  -4.6007e-29 -5.57678e-12  1.20657e-28  3.30955e-11  7.20844e-28  -1.5773e-10 -1.03341e-26  6.14263e-10  6.81964e-26 -1.97622e-09 -3.21034e-25  5.28359e-09  1.19835e-24 -1.17557e-08  -3.7098e-24  2.16936e-08  9.74855e-24 -3.28908e-08 -2.20571e-23  4.02054e-08  4.34945e-23 -3.81896e-08 -7.58906e-23  2.59528e-08  1.19803e-22 -9.55616e-09 -1.76134e-22 -2.08812e-09  2.47294e-22  4.78978e-09 -3.32471e-22 -1.88709e-09  4.16075e-22 -7.53353e-10 -4.61423e-22  8.64195e-10  4.26941e-22 -9.24942e-13 -3.01941e-22 -2.52511e-10  1.28335e-22  3.20287e-11  2.24825e-23  6.52652e-11 -1.01251e-22 -8.85368e-12  1.09424e-22 -1.60979e-11 -8.08408e-23  7.10341e-13  4.66701e-23  3.57544e-12 -2.11873e-23  4.12167e-13  7.94184e-24 -6.11973e-13 -5.63338e-24 -2.05342e-13  8.74491e-24  5.50126e-14 -1.05665e-23  4.66092e-14  8.33107e-24   4.6572e-15 -4.01686e-24 -5.02165e-15  6.49915e-25  -2.0825e-15  6.86051e-25 -5.41846e-17 -6.95451e-25  2.04449e-16  3.52271e-25  6.93588e-17 -1.05013e-25  3.77923e-18  1.16941e-27  -4.3331e-18  1.89335e-26 -1.60405e-18 -9.86218e-27  -2.0828e-19  1.74298e-27  2.93648e-20  5.41619e-29  1.87205e-20  1.15924e-28  3.84702e-21 -1.07189e-28   3.0077e-22  2.90126e-29 -4.95743e-23 -8.17134e-30 -1.97498e-23  2.53773e-30 -3.14859e-24  1.06152e-31 -2.58024e-25 -1.98808e-31  8.62167e-28  1.17518e-32   3.2508e-27     5.65e-33  4.64678e-28 -9.38087e-34  3.61519e-29  9.05933e-35   1.5669e-30  3.83733e-36  1.70607e-32 -2.04687e-36 -1.98295e-33  5.58872e-38 -1.08328e-34  4.06008e-39 -1.96202e-36  -4.7623e-41
-1.58369e-35  6.70525e-17 -1.00391e-33 -2.34859e-15  2.49877e-31  4.31489e-14 -5.54332e-30 -5.22526e-13  5.65491e-29  4.60285e-12 -3.16533e-28 -3.11384e-11  7.20844e-28  1.67273e-10  3.84807e-27 -7.29112e-10 -5.02524e-26  2.61507e-09  3.06367e-25 -7.78328e-09 -1.34645e-24  1.92977e-08  4.72798e-24  -3.9834e-08 -1.38391e-23  6.80682e-08   3.4488e-23 -9.50726e-08 -7.40997e-23  1.05911e-07   1.3876e-22 -8.95585e-08  -2.2977e-22  5.07923e-08  3.44166e-22 -1.04042e-08 -4.81101e-22 -1.10193e-08  6.45565e-22  1.04874e-08 -8.34138e-22 -1.54227e-09  1.00438e-21 -2.82114e-09 -1.06446e-21  1.38962e-09  9.23629e-22  5.20538e-10 -5.81635e-22 -4.90508e-10  1.64506e-22 -9.32168e-11  1.54256e-22  1.33747e-10  -2.8124e-22  2.43746e-11  2.50722e-22 -3.05888e-11 -1.58908e-22 -8.46976e-12   7.7155e-23  5.39844e-12 -2.79597e-23  2.61413e-12   8.4429e-24 -5.06685e-13 -8.87245e-24 -5.77789e-13  1.61795e-23 -5.76566e-14 -1.89308e-23  7.42482e-14  1.41369e-23  2.90768e-14 -6.35298e-24  -1.3828e-15   7.5632e-25  -3.9869e-15  1.24089e-24  -1.0756e-15 -1.10792e-24  7.40546e-17  5.16494e-25  1.24163e-16 -1.39341e-25   3.2724e-17 -5.11081e-27  6.96846e-19  2.83092e-26 -2.02616e-18 -1.28802e-26 -6.49515e-19  1.34885e-27 -8.00142e-20   4.8829e-28  8.17319e-21   8.4676e-29  5.48006e-21  -1.2867e-28  1.11348e-21  3.00912e-29  1.03968e-22 -8.11009e-30 -4.71289e-24  2.82195e-30 -3.17495e-24  1.63965e-31 -5.29828e-25 -2.33329e-31 -4.87412e-26  1.51787e-32 -1.90096e-27  5.32161e-33  1.36974e-28 -9.07033e-34  2.72839e-29  7.64149e-35  2.08618e-30  5.13813e-36  8.87905e-32 -1.35932e-36  1.90847e-33  1.53002e-38  8.30453e-36   1.4349e-39 -2.03956e-37
-1.41575e-17  9.53294e-35  8.85893e-16 -8.28699e-32 -2.17074e-14  3.32826e-30  3.21906e-13 -4.94533e-29 -3.33432e-12  4.01809e-28  2.59192e-11 -1.91517e-27  -1.5773e-10  3.84807e-27  7.71871e-10  1.85384e-26 -3.09122e-09 -2.22033e-25  1.02452e-08  1.25671e-24  -2.8277e-08 -5.17508e-24  6.51162e-08  1.71404e-23 -1.24781e-07 -4.75307e-23   1.9735e-07  1.12497e-22 -2.53364e-07 -2.29793e-22  2.55741e-07  4.09065e-22 -1.89558e-07 -6.43542e-22  8.43152e-08  9.16002e-22   2.3241e-09  -1.2204e-21 -3.25141e-08  1.57077e-21   1.7919e-08 -1.95899e-21  2.61626e-09  2.27822e-21 -6.84154e-09 -2.31361e-21  1.17245e-09    1.884e-21  1.80411e-09 -1.04574e-21 -5.98936e-10  1.29683e-22 -4.45341e-10  4.84631e-22   1.6823e-10 -6.50057e-22   1.1479e-10  5.03461e-22 -3.16015e-11 -2.76796e-22 -2.91256e-11  1.10271e-22  2.36276e-12 -2.76967e-23  6.20446e-12  4.94054e-24  8.50394e-13 -1.37338e-23 -8.85078e-13  2.84613e-23  -3.6308e-13 -3.19801e-23   3.5653e-14  2.26589e-23  6.12302e-14 -9.52156e-24  1.35773e-14   7.4743e-25 -3.16137e-15  2.06523e-24 -2.47165e-15 -1.65239e-24 -4.62939e-16  7.07248e-25  7.77636e-17 -1.71016e-25  6.22986e-17 -1.56548e-26  1.36273e-17  3.95819e-26  6.85077e-20 -1.58343e-26 -7.71331e-19  4.94084e-28  -2.2528e-19  1.07187e-27  -2.7862e-20  4.88334e-29  1.34437e-21 -1.48866e-28  1.25816e-21  2.84959e-29  2.58286e-22 -7.69966e-30  2.71451e-23  3.15058e-30  5.09099e-25  1.93328e-31 -3.29305e-25 -2.53551e-31 -6.09555e-26  1.76059e-32 -5.83429e-27  4.72615e-33 -3.13425e-28 -8.20977e-34 -4.45162e-30  5.96459e-35  6.59547e-31  5.10399e-36  5.31561e-32 -7.79978e-37  1.76667e-33 -2.28658e-39  2.41224e-35  3.47068e-40
-8.50611e-34 -2.53602e-16  2.01504e-32  9.07244e-15 -1.46631e-30 -1.70394e-13  3.30457e-29  2.11146e-12 -3.70115e-28 -1.90523e-11  2.49535e-27   1.3218e-10 -1.03341e-26 -7.29112e-10  1.85384e-26  3.26806e-09  8.12312e-26 -1.20732e-08 -8.97277e-25  3.70834e-08  4.73455e-24 -9.51062e-08 -1.83253e-23   2.0366e-07  5.73829e-23 -3.62411e-07  -1.5101e-22  5.29983e-07  3.39898e-22 -6.23423e-07 -6.60757e-22  5.65565e-07  1.11914e-21 -3.58663e-07 -1.67416e-21  1.08582e-07  2.26713e-21  5.11229e-08 -2.88483e-21 -7.29086e-08  3.57337e-21  2.13063e-08 -4.31795e-21  1.53283e-08  4.86466e-21 -1.22253e-08 -4.74097e-21 -1.54478e-09  3.61945e-21  3.93789e-09 -1.74064e-21 -4.38935e-11 -1.14862e-22 -1.06736e-09  1.19501e-21  1.96896e-11 -1.32932e-21  2.63099e-10  9.10982e-22  1.79056e-11 -4.32104e-22 -5.57014e-11  1.31776e-22 -1.26336e-11 -1.00775e-23  8.46821e-12 -6.31721e-24  4.16204e-12 -2.06722e-23 -4.45461e-13  4.72415e-23 -7.81107e-13 -5.08922e-23 -1.51151e-13  3.43682e-23  6.31578e-14 -1.35903e-23  3.81985e-14  5.67792e-25  4.48445e-15  3.19009e-24 -2.64695e-15 -2.31755e-24 -1.27108e-15  9.07799e-25 -1.70597e-16 -1.94118e-25  4.65277e-17 -3.06604e-26  2.64022e-17  5.20917e-26  5.07048e-18 -1.84167e-26   2.9534e-20 -7.96232e-28 -2.37499e-19  1.73786e-27 -6.58243e-20    1.971e-29 -8.41403e-21 -1.64164e-28 -2.13005e-23  2.36933e-29  2.13865e-22 -7.12585e-30  4.58079e-23   3.5273e-30  5.14932e-24  1.94405e-31  2.63237e-25 -2.57125e-31 -1.51371e-26  1.86626e-32 -4.28093e-27  3.96321e-33 -4.14468e-28 -6.86597e-34 -2.27422e-29  4.27604e-35 -6.57267e-31  4.22344e-36 -3.00343e-33 -3.81774e-37  3.42883e-34 -5.40437e-39  5.56708e-36
 4.77845e-17 -1.14912e-32  -3.0547e-15  4.84418e-31  7.65364e-14 -1.70635e-29 -1.16165e-12  2.67047e-28  1.23277e-11 -2.39506e-27 -9.82906e-11  1.37623e-26  6.14263e-10 -5.02524e-26 -3.09122e-09  8.12312e-26  1.27507e-08  3.25808e-25 -4.36038e-08 -3.33469e-24  1.24438e-07  1.64621e-23 -2.97065e-07  -6.0051e-23  5.92085e-07  1.78142e-22  -9.7831e-07 -4.45584e-22  1.32074e-06  9.54906e-22 -1.41719e-06 -1.76828e-21  1.14209e-06  2.85168e-21 -5.94662e-07 -4.05921e-21  7.10445e-08  5.23488e-21  1.71821e-07 -6.37428e-21 -1.30839e-07  7.62344e-21  5.73215e-09 -8.95754e-21  4.16523e-08   9.7998e-21 -1.50701e-08 -9.17066e-21 -9.29226e-09  6.54635e-21  6.00327e-09 -2.65185e-21  2.01595e-09 -8.33216e-22 -1.70263e-09  2.55876e-21 -5.33248e-10 -2.46875e-21  3.83033e-10   1.5061e-21  1.61095e-10 -6.05383e-22 -6.09385e-11  1.17007e-22 -4.34669e-11  3.94435e-23  2.93822e-12 -3.02465e-23  8.49675e-12 -2.98457e-23  1.63168e-12  7.37449e-23 -8.90237e-13  -7.6326e-23 -4.89932e-13  4.94381e-23 -2.61838e-14 -1.85695e-23   5.2362e-14  1.99614e-25  1.93312e-14  4.60424e-24  7.28897e-16 -3.07036e-24 -1.57388e-15  1.09655e-24 -5.59659e-16  -2.0338e-25 -5.61438e-17 -4.95728e-26  2.05054e-17  6.48757e-26  9.50771e-18 -2.03418e-26   1.6841e-18 -2.38756e-27  3.43985e-20  2.38306e-27 -5.76617e-20  6.95313e-30 -1.57627e-20 -1.70098e-28 -2.09232e-21  1.55693e-29 -8.51803e-23 -6.59283e-30   2.3944e-23  3.91729e-30  5.82974e-24  1.76906e-31   6.7672e-25 -2.44092e-31  4.39681e-26  1.82236e-32  7.80977e-28  3.14384e-33 -1.40559e-28 -5.25056e-34 -1.50847e-29  2.81542e-35 -7.29055e-31  3.04299e-36  -1.7934e-32 -1.54789e-37 -1.70494e-34 -2.94713e-39
 9.10081e-33  7.82059e-16  -1.7119e-31 -2.86163e-14  6.85398e-30  5.50239e-13 -1.53695e-28 -6.98751e-12  1.83334e-27  6.46849e-11 -1.36649e-26 -4.60947e-10  6.81964e-26  2.61507e-09 -2.22033e-25 -1.20732e-08  3.25808e-25  4.60175e-08   1.2025e-24 -1.46117e-07 -1.14498e-23    3.883e-07  5.30445e-23 -8.64091e-07 -1.82795e-22  1.60394e-06  5.14641e-22 -2.45956e-06  -1.2252e-21  3.05822e-06   2.5026e-21 -2.97499e-06 -4.41812e-21  2.09286e-06  6.78832e-21 -8.25322e-07 -9.19938e-21 -1.36495e-07  1.13077e-20  4.03638e-07 -1.32016e-20 -1.82129e-07  1.52963e-20 -5.49907e-08 -1.75382e-20  8.14888e-08  1.86682e-20 -5.98946e-09  -1.6771e-20 -2.37488e-08  1.11459e-20  5.16912e-09 -3.62721e-21  6.23513e-09 -2.46185e-21 -1.52843e-09  4.93876e-21 -1.62202e-09 -4.22059e-21   2.4835e-10  2.29227e-21  3.97084e-10 -7.55106e-22  6.87742e-12  3.21685e-23 -7.88187e-11  1.38206e-22 -1.80529e-11 -7.26323e-23  9.65985e-12 -4.07046e-23  5.47355e-12  1.08148e-22   3.2132e-14 -1.07984e-22 -7.66473e-13  6.75942e-23 -2.35586e-13 -2.44156e-23  1.88465e-14 -3.08173e-25  3.17676e-14  6.24257e-24  8.23637e-15 -3.85967e-24 -2.40914e-16  1.25231e-24 -7.44735e-16 -1.95711e-25 -2.14877e-16  -7.1178e-26 -1.75801e-17  7.67753e-26  7.01923e-18 -2.13688e-26  2.89087e-18 -4.05453e-27  4.90852e-19   2.8893e-27  2.06755e-20  1.52339e-29  -1.0471e-20 -1.62728e-28 -2.97462e-21   4.5929e-30 -4.06583e-22 -6.25643e-30 -2.63748e-23  4.25054e-30  1.15917e-24  1.54801e-31  4.81563e-25 -2.16596e-31  5.73903e-26  1.64918e-32  3.87886e-27   2.3624e-33  1.39314e-28 -3.64717e-34  3.41801e-31  1.71732e-35 -1.95439e-31  1.94693e-36 -7.35403e-33 -4.84325e-38 -7.47156e-35
-1.31934e-16   1.0764e-31  8.62977e-15 -2.40341e-30 -2.21442e-13  7.09124e-29  3.44553e-12 -1.14426e-27 -3.75245e-11  1.09706e-26  3.07393e-10 -6.96932e-26 -1.97622e-09  3.06367e-25  1.02452e-08 -8.97277e-25 -4.36038e-08   1.2025e-24  1.54135e-07  4.10235e-24 -4.55668e-07 -3.64636e-23  1.12977e-06  1.58954e-22 -2.34633e-06 -5.18537e-22   4.0573e-06  1.38773e-21 -5.76836e-06 -3.14839e-21   6.5843e-06  6.13554e-21 -5.75656e-06 -1.03341e-20  3.43804e-06  1.51351e-20 -8.34764e-07 -1.95339e-20 -6.85182e-07  2.29015e-20  7.56918e-07  -2.5689e-20 -1.60227e-07  2.89443e-20 -1.92075e-07 -3.24983e-20  1.19686e-07  3.37074e-20   2.9679e-08 -2.90448e-20 -4.21243e-08  1.78639e-20 -3.51807e-09 -4.28004e-21  1.19168e-08 -5.63289e-21  8.61359e-10  8.74868e-21 -2.95209e-09 -6.69476e-21 -4.66146e-10  3.22522e-21  6.02718e-10 -8.19686e-22   1.9745e-10 -1.59831e-22  -8.1163e-11  3.03526e-22 -5.48251e-11 -1.39659e-22  5.91617e-13 -5.15705e-23  9.02081e-12  1.48994e-22  2.46468e-12 -1.44253e-22 -5.18224e-13   8.8015e-23 -4.72694e-13 -3.10386e-23 -8.79116e-14 -8.23145e-25  2.22692e-14  7.98526e-24  1.56008e-14 -4.62519e-24  3.04162e-15  1.36027e-24 -2.56422e-16 -1.71115e-25 -2.91277e-16 -9.39065e-26 -7.25027e-17  8.65542e-26 -5.52439e-18 -2.13059e-26  1.86315e-18 -5.52735e-27   7.2898e-19  3.15151e-27  1.21638e-19  4.29121e-29  7.75341e-21 -1.40303e-28 -1.26123e-21 -8.16203e-30 -4.18546e-22 -6.17836e-30 -5.84001e-23    4.441e-30 -4.50906e-24  1.39788e-31 -9.71676e-26 -1.78484e-31   2.0662e-26  1.39548e-32  2.78356e-27  1.68119e-33  1.76464e-28 -2.29946e-34  6.17789e-30  9.82887e-36  9.91307e-32  1.10118e-36  6.82623e-35  -9.5749e-39
-6.09643e-32 -1.97965e-15  1.09134e-30  7.42192e-14  -2.7367e-29 -1.46362e-12  5.85897e-28   1.9082e-11 -7.29821e-27 -1.81558e-10  5.82167e-26  1.33139e-09 -3.21034e-25 -7.78328e-09  1.25671e-24  3.70834e-08 -3.33469e-24 -1.46117e-07  4.10235e-24  4.80573e-07  1.29857e-23 -1.32594e-06 -1.08067e-22  3.07237e-06  4.44308e-22 -5.96037e-06 -1.37457e-21  9.60104e-06  3.50188e-21 -1.26357e-05 -7.57988e-21  1.31804e-05  1.41058e-20 -1.02275e-05 -2.26812e-20  4.93873e-06  3.16744e-20  -1.8416e-07 -3.89394e-20 -1.77276e-06  4.35701e-20  1.15245e-06 -4.70655e-20  5.54746e-08  5.17833e-20 -4.19739e-07 -5.71422e-20  1.15124e-07   5.7819e-20  1.05586e-07  -4.7715e-20 -5.24325e-08  2.69453e-20 -2.52615e-08 -3.89967e-21  1.54976e-08 -1.11429e-20  6.80096e-09  1.43677e-20 -3.44006e-09 -9.90188e-21 -1.95354e-09  4.20444e-21   4.8505e-10 -7.30335e-22  4.92979e-10 -4.89067e-22  6.89508e-12  5.49039e-22 -8.86021e-11 -2.37272e-22 -2.37892e-11 -5.94509e-23  7.51438e-12  1.92886e-22  5.66349e-12 -1.82057e-22  6.94386e-13  1.09316e-22 -4.86247e-13 -3.83042e-23 -2.32851e-13 -1.13497e-24 -2.45414e-14   9.6693e-24  1.38098e-14 -5.30924e-24  6.46596e-15  1.41649e-24  1.00294e-15  -1.3258e-25 -1.20722e-16 -1.16221e-25 -9.51709e-17  9.30144e-26 -2.14168e-17 -2.00099e-26 -1.71469e-18  -6.5528e-27  3.67426e-19  3.10428e-27  1.47912e-19  8.29987e-29  2.45755e-20 -1.04436e-28  1.97825e-21 -2.11769e-29 -6.07528e-23 -6.31791e-30 -4.02428e-23  4.41452e-30 -5.78952e-24  1.36576e-31  -4.6732e-25 -1.34822e-31 -1.98249e-26  1.12052e-32  5.43899e-29  1.12978e-33  5.96174e-29 -1.32803e-34  3.38126e-30  5.28276e-36   8.1818e-32  5.24964e-37  6.17836e-34
 2.99125e-16 -6.71496e-31  -2.0058e-14   1.0792e-29  5.28148e-13 -2.50687e-28 -8.44107e-12  4.05393e-27  9.45315e-11 -4.07958e-26 -7.97243e-10  2.77411e-25  5.28359e-09 -1.34645e-24  -2.8277e-08  4.73455e-24  1.24438e-07 -1.14498e-23 -4.55668e-07  1.29857e-23  1.39846e-06  3.82656e-23 -3.60887e-06  -2.9892e-22  7.82629e-06  1.16146e-21 -1.41919e-05 -3.41317e-21   2.1286e-05  8.28843e-21 -2.58736e-05 -1.71348e-20  2.45085e-05  3.04755e-20 -1.65622e-05 -4.68047e-20  5.84723e-06  6.23339e-20  1.81668e-06 -7.29857e-20 -3.50845e-06  7.79775e-20  1.34396e-06 -8.13328e-20  6.20526e-07  8.78035e-20 -6.95064e-07 -9.55801e-20 -1.74232e-09  9.44227e-20  2.19432e-07 -7.44772e-20 -3.10606e-08  3.82238e-20 -6.05269e-08 -1.41486e-21  9.87401e-09 -1.98396e-20  1.59961e-08  2.20123e-20 -1.21354e-09 -1.37012e-20  -3.8587e-09  5.08434e-21 -3.33394e-10 -4.35073e-22   7.3079e-10 -9.66004e-22  2.23032e-10  8.81098e-22 -7.73835e-11 -3.70281e-22 -5.77351e-11 -6.03657e-23 -4.24829e-12  2.34674e-22   7.0145e-12 -2.17043e-22  2.71331e-12  1.29639e-22  8.63601e-15 -4.60222e-23 -2.95498e-13 -9.87016e-25 -9.61124e-14  1.11109e-23 -4.38177e-15 -5.86747e-24  6.34884e-15  1.42888e-24  2.30787e-15 -8.49236e-26  3.04022e-16 -1.36933e-25 -3.85185e-17  9.51214e-26 -2.58292e-17  -1.7398e-26 -5.44691e-18 -6.95257e-27 -4.84358e-19  2.73902e-27  4.73994e-20  1.25684e-28  2.30614e-20 -6.01741e-29  3.84979e-21 -3.27953e-29  3.48695e-22 -6.55975e-30  8.90813e-24  4.13466e-30 -2.20006e-24  1.41882e-31 -3.57954e-25 -9.11778e-32 -2.80482e-26  8.71657e-33 -1.25576e-27  7.12688e-34 -2.62044e-29  -7.1917e-35  1.49274e-31  2.57522e-36  1.47258e-32  1.81549e-37
 3.13076e-31  4.11883e-15  -5.6976e-30 -1.58561e-13  9.84959e-29  3.21394e-12 -1.89916e-27 -4.31145e-11  2.41963e-26  4.22574e-10 -2.03044e-25 -3.19612e-09  1.19835e-24  1.92977e-08 -5.17508e-24 -9.51062e-08  1.64621e-23    3.883e-07 -3.64636e-23 -1.32594e-06  3.82656e-23  3.80726e-06  1.05267e-22 -9.20728e-06 -7.73604e-22  1.87105e-05  2.84573e-21 -3.17265e-05 -7.95517e-21  4.42701e-05  1.84364e-20 -4.95417e-05 -3.64404e-20  4.22386e-05  6.19905e-20 -2.41111e-05 -9.09715e-20  4.65296e-06  1.15527e-19  5.99439e-06 -1.28778e-19 -5.70319e-06  1.31414e-19  8.65998e-07 -1.32766e-19  1.65001e-06  1.41423e-19 -8.71441e-07  -1.5245e-19 -3.09043e-07  1.47104e-19  3.32122e-07 -1.10621e-19  5.18214e-08  5.09217e-20 -9.78671e-08  4.53767e-21 -1.35904e-08 -3.24184e-20  2.45485e-08   3.1592e-20  5.54745e-09 -1.77759e-20 -4.90547e-09  5.70922e-21 -2.02343e-09  7.13591e-23  5.89853e-10 -1.57062e-21   5.1805e-10  1.29616e-21  2.61828e-11 -5.41065e-22 -7.79088e-11 -5.03402e-23 -2.64632e-11  2.68217e-22  2.91297e-12 -2.44103e-22  4.30594e-12  1.46838e-22  1.03102e-12 -5.39254e-23 -1.26151e-13   -1.289e-25 -1.40198e-13  1.21344e-23 -3.42751e-14 -6.27535e-24 -6.31603e-17  1.41405e-24  2.33652e-15 -3.30822e-26  7.14332e-16 -1.55339e-25   8.6038e-17  9.21613e-26 -8.59902e-18 -1.34764e-26 -5.70883e-18 -6.66276e-27 -1.15848e-18  2.10657e-27 -1.13941e-19  1.61184e-28  1.97669e-21 -1.47981e-29  2.56641e-21 -4.15789e-29  4.39593e-22 -6.76042e-30  4.14383e-23  3.61686e-30  2.00067e-24   1.4718e-31 -2.41219e-26 -5.26683e-32 -1.13995e-26  6.70233e-33  -8.4617e-28  4.18434e-34 -3.13974e-29  -3.7657e-35 -5.50467e-31  1.04031e-36 -2.56358e-33
-5.55942e-16  3.26895e-30  3.83112e-14 -4.45306e-29 -1.03771e-12  7.85892e-28  1.70786e-11 -1.22332e-26 -1.97173e-10  1.27115e-25  1.71633e-09 -9.10342e-25 -1.17557e-08  4.72798e-24  6.51162e-08 -1.83253e-23 -2.97065e-07  5.30445e-23  1.12977e-06 -1.08067e-22 -3.60887e-06  1.05267e-22  9.71834e-06  2.70997e-22 -2.20629e-05 -1.87716e-21  4.20565e-05  6.54747e-21 -6.66905e-05 -1.74345e-20  8.64539e-05  3.86075e-20 -8.86822e-05 -7.30344e-20   6.7187e-05  1.18921e-19 -3.06765e-05 -1.66793e-19 -1.00737e-06  2.01889e-19  1.29569e-05 -2.14057e-19 -7.60536e-06  2.08657e-19   -9.202e-07 -2.04969e-19  3.07866e-06  2.16853e-19 -6.77234e-07 -2.32388e-19 -8.41194e-07  2.19044e-19   3.5265e-07 -1.56572e-19  2.14432e-07  6.35369e-20 -1.08789e-07  1.54029e-20 -5.90976e-08 -4.91558e-20  2.40576e-08   4.2592e-20  1.67916e-08 -2.16563e-20 -3.01436e-09  5.96611e-21 -4.12642e-09  7.22161e-22 -2.70082e-10 -2.24768e-21  7.05518e-10  1.77972e-21  2.30931e-10 -7.47864e-22 -4.88607e-11 -2.69533e-23 -4.87386e-11  2.87602e-22 -8.31721e-12 -2.58183e-22  3.46048e-12  1.58759e-22  2.06186e-12 -6.16513e-23  3.12966e-13  1.62247e-24 -9.00756e-14  1.26022e-23 -5.51425e-14 -6.52884e-24 -1.08235e-14  1.39107e-24  2.62256e-16  1.94172e-26  7.03169e-16 -1.71174e-25  1.90778e-16  8.39309e-26  2.24086e-17 -8.37276e-27 -1.17481e-18 -5.74405e-27 -9.91681e-19  1.30458e-27 -1.97879e-19  1.81836e-28 -2.08248e-20  2.41834e-29 -6.19299e-22 -4.65966e-29  1.75748e-22 -6.79179e-30  3.35956e-23  2.92598e-30   3.1284e-24  1.43556e-31  1.67958e-25 -2.29533e-32  3.92353e-27  5.12776e-33 -9.68213e-29  2.26319e-34 -9.15282e-30 -1.91566e-35 -2.01375e-31  2.86732e-37
 -1.3129e-30 -7.01222e-15  2.49681e-29  2.77981e-13 -3.30437e-28 -5.80805e-12  5.40552e-27  8.04003e-11 -6.84927e-26 -8.14105e-10  5.96402e-25  6.36924e-09  -3.7098e-24  -3.9834e-08  1.71404e-23   2.0366e-07  -6.0051e-23 -8.64091e-07  1.58954e-22  3.07237e-06  -2.9892e-22 -9.20728e-06  2.70997e-22  2.33049e-05  6.54212e-22 -4.97452e-05 -4.27821e-21  8.90212e-05  1.41686e-20 -0.000131985 -3.59831e-20  0.000158637   7.6231e-20 -0.000148256 -1.38167e-19  9.78944e-05  2.15489e-19 -3.18231e-05 -2.88864e-19 -1.40302e-05  3.32972e-19  2.24662e-05 -3.35288e-19 -7.70757e-06  3.12117e-19 -4.60621e-06 -2.99548e-19  4.49148e-06  3.17224e-19  2.34999e-07 -3.39265e-19 -1.51089e-06  3.12281e-19  1.48016e-07 -2.11457e-19  4.34932e-07  7.39026e-20 -5.15761e-08  3.23602e-20 -1.17653e-07 -6.96457e-20   3.8422e-09  5.40368e-20  2.85135e-08 -2.47936e-20  3.67769e-09  5.83768e-21 -5.29245e-09  1.37011e-21   -1.902e-09 -2.91141e-21  4.99207e-10  2.30694e-21  4.58722e-10 -9.82895e-22  5.32659e-11  8.97614e-24  -5.0518e-11  2.88509e-22 -2.29019e-11  -2.5519e-22 -1.20062e-12  1.63552e-22  2.13909e-12  -6.8743e-23  8.19108e-13  4.32946e-24  7.50376e-14  1.24403e-23 -4.14415e-14 -6.64028e-24 -1.84386e-14  1.37451e-24 -3.08383e-15  7.10959e-26  9.12275e-17 -1.84466e-25  1.72443e-16   7.0913e-26  4.32136e-17 -2.35352e-27  5.13932e-18 -4.36037e-27 -1.81676e-20  4.54057e-28 -1.27537e-19  1.83079e-28 -2.57541e-20  5.10885e-29  -2.7872e-21 -4.75693e-29 -1.48597e-22 -6.56822e-30  4.01063e-24  2.15902e-30  1.48677e-24  1.26243e-31  1.34436e-25 -3.52716e-33  6.58178e-27  3.84151e-33  1.70141e-28  1.11426e-34   1.4928e-30 -8.84637e-36  -9.1418e-33
