 6.64049e-36  2.20097e-51 -7.68566e-36 -9.94222e-51 -3.44685e-36   1.5857e-51  6.55716e-36    1.302e-50 -3.59117e-36 -8.11958e-51  1.79214e-36 -7.86908e-51 -3.08559e-36  3.11071e-51  2.95081e-36   6.4479e-52  5.30595e-37 -6.97996e-51 -2.39536e-36  5.42292e-50  1.69256e-36 -2.47386e-49 -4.96158e-37 -7.18307e-50  3.55258e-38 -8.28985e-49  6.16861e-38 -2.11107e-48 -2.34855e-38  7.33571e-48 -7.42303e-39 -4.94862e-48  1.66773e-38 -2.77631e-47 -1.79102e-38 -5.87351e-47  4.76729e-39  1.09309e-47  -2.2201e-39 -3.72748e-47  7.63877e-40  2.90783e-46    5.094e-40 -3.66702e-47 -8.60697e-40 -6.90307e-46  7.94954e-40 -1.77254e-46 -4.08782e-40  -2.2569e-46   1.0679e-40 -2.16647e-47   3.0218e-42  6.56848e-48 -9.19694e-42 -2.79487e-46  6.05582e-42 -1.35254e-45 -3.13354e-42 -6.32839e-46  1.27976e-42  1.08018e-46 -4.60602e-43  3.06407e-48  2.21201e-43  3.66609e-46 -7.82773e-44 -2.14764e-46 -5.08919e-44  2.90413e-47   3.7844e-44 -9.66733e-47 -2.43481e-44  5.11379e-48  6.30176e-45 -2.72402e-47  1.07136e-45 -1.94885e-47 -2.22177e-45 -1.35906e-47  8.15291e-46  1.32789e-48 -1.85908e-46  -9.5483e-48 -1.88991e-46  1.99068e-47  5.46096e-46 -3.70085e-47 -1.04511e-45  6.52496e-47  1.88654e-45 -1.06838e-46  -3.1962e-45  1.61801e-46  5.02024e-45 -2.25969e-46 -7.23523e-45  2.89798e-46  9.47911e-45 -3.39689e-46 -1.11961e-44   3.6196e-46  1.18357e-44 -3.48383e-46  -1.1126e-44  3.00589e-46  9.24566e-45 -2.30375e-46 -6.75146e-45  1.55091e-46  4.30153e-45 -9.04426e-47 -2.36699e-45  4.48797e-47  1.10726e-45 -1.85096e-47  -4.2959e-46  6.14191e-48  1.33104e-46 -1.56321e-48  -3.1042e-47  2.82403e-49  4.91557e-48 -3.11808e-50 -4.18954e-49  1.35168e-51
 2.20097e-51  2.00811e-35  1.08147e-50 -1.72814e-35 -3.41567e-50 -1.30032e-35  4.74676e-51  2.05139e-35  3.24599e-50 -1.23618e-35 -2.20396e-50  7.47611e-36 -2.34623e-50 -9.81407e-36 -4.46473e-51   8.0518e-36 -1.26597e-50  3.79648e-37 -8.17629e-50 -5.07815e-36  5.76364e-49  3.68889e-36 -2.68541e-48 -8.71363e-37 -1.28476e-48 -8.88326e-38  -7.7693e-48  2.03191e-37 -1.31377e-47 -3.77734e-38  6.45145e-47 -4.87347e-38 -5.11757e-47  7.01303e-38 -2.49534e-46 -5.47236e-38 -4.77847e-46  7.44828e-39 -3.93182e-47  -3.5381e-39  -3.5232e-46  7.17786e-40  2.13274e-45  2.40841e-39  5.49494e-47 -2.82032e-39 -5.11087e-45  2.23312e-39 -1.39138e-45 -1.04089e-39 -2.17898e-45  2.71009e-40  2.60575e-46 -1.24931e-41 -5.22363e-46 -7.77522e-42  -2.0408e-45  1.01435e-41 -8.19154e-45 -7.06281e-42 -3.95158e-45  3.26552e-42  2.01847e-46 -1.03354e-42  -8.6288e-47  5.09709e-43  1.98548e-45 -2.11707e-43 -1.04413e-45 -2.01686e-43  9.01566e-47  1.35237e-43 -4.45957e-46 -9.13847e-44 -2.41807e-47  2.22914e-44 -1.33929e-46    5.017e-45 -8.17326e-47 -8.79764e-45 -8.74367e-47  3.45917e-45  7.04968e-47 -1.99797e-45 -1.76006e-46  1.88586e-45  3.45619e-46 -1.92077e-45 -6.27618e-46  8.12971e-46   1.0644e-45  3.66254e-45 -1.67344e-45 -1.39021e-44  2.43037e-45   3.1441e-44 -3.24889e-45 -5.51924e-44   3.9802e-45  8.03442e-44 -4.44643e-45 -9.94113e-44  4.50311e-45  1.05661e-43 -4.10584e-45 -9.69334e-44  3.34257e-45  7.69245e-44  -2.4054e-45 -5.28357e-44  1.51126e-45  3.13448e-44 -8.16108e-46 -1.59421e-44  3.71198e-46  6.83594e-45 -1.38369e-46 -2.39829e-45  4.06607e-47  6.56186e-46 -8.87353e-48 -1.29568e-46  1.29584e-48  1.59294e-47 -1.00148e-49 -7.86353e-49
-7.68566e-36  1.08147e-50  4.35058e-35  2.82487e-50 -3.19038e-35 -7.12707e-50 -2.37746e-35  9.83375e-51  3.41193e-35  6.04012e-50 -2.39049e-35 -4.21857e-50  2.00275e-35 -3.04223e-50 -2.29746e-35 -9.25535e-50  1.68224e-35 -1.41977e-49 -1.43675e-36 -6.54831e-49 -7.52387e-36  4.21503e-48  5.41896e-36 -2.03571e-47  -6.5031e-37 -1.23037e-47  -5.8946e-37 -4.99128e-47  4.77032e-37 -4.43507e-47 -4.88873e-38  3.91812e-46 -1.19638e-37 -3.40164e-46  1.60614e-37 -1.55696e-45 -1.06319e-37 -2.76291e-45   1.3356e-39 -8.76089e-46 -2.21161e-39 -2.34129e-45 -2.94835e-39  1.08121e-44  7.76502e-39  1.73826e-45 -6.62372e-39 -2.62052e-44  4.35342e-39 -7.15072e-45 -1.76613e-39 -1.33944e-44  4.75791e-40  2.94865e-45 -7.71641e-41  -4.4575e-45  2.07937e-41 -1.03039e-44  6.06646e-42 -3.40044e-44 -9.69944e-42 -1.70143e-44  5.10521e-42 -8.53708e-46 -1.07724e-42 -9.61949e-46  5.38628e-43  7.45977e-45 -3.08367e-43 -3.43906e-45 -5.94816e-43   1.0783e-46  3.35623e-43 -1.41217e-45 -2.31825e-43  -2.0992e-46  5.04101e-44 -4.98767e-46  2.24204e-44 -1.01338e-46 -3.96069e-44 -6.44488e-46  4.34785e-44  1.04015e-45 -7.40843e-44 -2.18697e-45  1.27494e-43  4.12646e-45 -1.98989e-43 -7.23882e-45  2.72327e-43   1.1802e-44 -3.14348e-43   -1.781e-44  2.83676e-43   2.4789e-44 -1.51596e-43 -3.16977e-44   -7.167e-44  3.70647e-44  3.26439e-43 -3.94202e-44 -5.25997e-43  3.78924e-44  6.04009e-43  -3.2673e-44 -5.52413e-43  2.50433e-44  4.18807e-43 -1.68751e-44 -2.68604e-43  9.85957e-45   1.4725e-43 -4.90745e-45 -6.88925e-44   2.0329e-45  2.69957e-44  -6.7866e-46 -8.51695e-45  1.74133e-46   2.0305e-45 -3.17953e-47   -3.293e-46  3.55998e-48  2.88204e-47 -1.57183e-49
-9.94222e-51 -1.72814e-35  2.82487e-50   7.8368e-35  4.74032e-50 -5.16757e-35 -1.06847e-49 -2.87994e-35  1.58134e-50  3.97553e-35  1.04116e-49 -3.74444e-35 -8.92255e-50  4.13557e-35  1.26737e-49 -4.37392e-35 -6.61698e-49  3.00006e-35 -9.92544e-49 -5.51668e-36 -4.04469e-48 -8.81608e-36   2.4183e-47  5.91703e-36 -1.24198e-46  6.64378e-37  -8.3534e-47 -1.55874e-36 -2.52148e-46  8.48747e-37 -3.50805e-47 -6.57311e-38  1.88622e-45  -1.8454e-37  -1.7121e-45  2.62238e-37 -7.72815e-45 -1.54562e-37 -1.31048e-44 -2.03972e-38 -6.48925e-45  2.06927e-39 -1.26028e-44 -1.47136e-38  4.37563e-44  1.93634e-38  1.20378e-44 -1.30061e-38 -1.07293e-43  6.91056e-39  -2.7929e-44 -2.26513e-39 -6.25637e-44  6.95708e-40  1.69175e-44 -2.32882e-40 -2.20005e-44  9.18613e-41 -4.11355e-44 -1.34806e-41 -1.11416e-43 -5.74514e-42 -5.84241e-44  3.50355e-42 -8.07257e-45  1.43755e-42  -5.7311e-45 -7.69534e-43  2.24933e-44  1.44068e-44 -8.76099e-45 -1.48261e-42 -2.60332e-46   6.5963e-43 -3.59288e-45 -4.35759e-43 -6.51106e-46  2.21381e-44 -2.01618e-45  2.21007e-43  1.54434e-45 -4.62011e-43 -5.58214e-45   8.6824e-43  1.08706e-44 -1.61506e-42 -2.13967e-44  2.74708e-42  3.88828e-44 -4.19921e-42 -6.56846e-44  5.69627e-42  1.02899e-43 -6.74031e-42 -1.48974e-43   6.7731e-42  1.98583e-43 -5.49002e-42 -2.42697e-43  3.12859e-42  2.70592e-43 -4.64634e-43 -2.73635e-43 -1.58304e-42  2.49257e-43  2.48685e-42  -2.0285e-43 -2.35226e-42  1.46025e-43  1.69124e-42 -9.18468e-44 -9.95701e-43  4.97003e-44  4.98446e-43 -2.26765e-44 -2.14065e-43  8.49062e-45  7.68002e-44 -2.51018e-45 -2.17093e-44  5.52227e-46  4.43332e-45 -8.14992e-47 -5.63812e-46  6.38588e-48  2.88988e-47
-3.44685e-36 -3.41567e-50 -3.19038e-35  4.74032e-50     1.22e-34  5.44501e-50 -7.59239e-35 -1.24805e-49 -2.19158e-35  2.51569e-50  3.60522e-35  2.05414e-49 -5.50059e-35 -2.91068e-49  7.13581e-35   1.3828e-48 -7.16346e-35 -3.65258e-48  4.69986e-35 -5.57752e-48 -1.13721e-35  -2.0688e-47 -8.37543e-36  1.14396e-46  4.54856e-36   -6.461e-46  3.16249e-36 -4.46799e-46 -2.76452e-36 -1.05064e-45  1.14566e-36  6.07969e-46 -1.01991e-37  7.56973e-45  -1.7903e-37 -7.00266e-45  3.33878e-37 -3.21687e-44  -1.7856e-37 -5.38958e-44  -5.7112e-38 -3.26057e-44  4.57661e-39  -5.8064e-44 -3.87507e-38  1.49854e-43  3.99918e-38  5.46184e-44 -2.29439e-38  -3.7156e-43  9.73662e-39 -8.78428e-44 -2.25343e-39 -2.39585e-43  9.78111e-40  7.05529e-44 -5.18113e-40 -8.03634e-44    2.098e-40 -1.37092e-43 -4.92957e-41 -3.04412e-43  1.22732e-41 -1.69813e-43 -8.18594e-42 -3.66977e-44   1.0802e-41 -2.47351e-44 -5.67359e-42  5.79079e-44  1.56251e-42  -1.7971e-44 -3.20408e-42 -1.59705e-45  9.37625e-43 -8.42946e-45 -2.08575e-43  5.73831e-46 -1.27276e-42 -1.14193e-44   3.3895e-42  1.97544e-44 -7.22953e-42 -4.68673e-44  1.41288e-41  9.29649e-44 -2.53891e-41 -1.75152e-43  4.13236e-41  3.06504e-43 -6.03741e-41 -4.98051e-43  7.83487e-41  7.49293e-43 -8.90525e-41 -1.04007e-42  8.68963e-41  1.32675e-42 -7.05002e-41 -1.54824e-42  4.46927e-41  1.64395e-42 -1.85613e-41 -1.57834e-42  2.33386e-43  1.35998e-42  7.60982e-42 -1.04225e-42 -7.82901e-42  7.02656e-43  5.14549e-42 -4.11049e-43 -2.66094e-42   2.0503e-43  1.19376e-42 -8.52054e-44 -4.76405e-43  2.85732e-44   1.5941e-43 -7.37632e-45 -4.04573e-44  1.35783e-45  6.92022e-45 -1.53657e-46 -6.37885e-46  6.87926e-48
  1.5857e-51 -1.30032e-35 -7.12707e-50 -5.16757e-35  5.44501e-50  1.69973e-34  4.16843e-50 -1.07763e-34 -1.23633e-49  1.50663e-36  7.32591e-50  2.71583e-35  6.05575e-49  -7.8565e-35 -1.19153e-48  1.07372e-34  8.58522e-48 -1.03838e-34  -1.6999e-47  6.50928e-35  -2.6743e-47 -1.74716e-35 -9.13903e-47 -6.17514e-36  4.56401e-46  1.37168e-36 -2.95904e-45  6.32215e-36 -1.98683e-45 -3.57883e-36 -3.66028e-45  1.04791e-36  4.85088e-45 -1.74959e-37  2.58229e-44 -2.95029e-38 -2.42595e-44  3.43005e-37 -1.15398e-43  -1.6916e-37 -1.97456e-43 -9.51993e-38 -1.27825e-43  -6.7565e-39 -2.35492e-43 -7.61188e-38  4.47922e-43  7.16438e-38  1.89988e-43 -3.78843e-38 -1.12246e-42  1.30527e-38 -2.28011e-43 -1.68531e-39 -7.84841e-43  1.49951e-39  2.37625e-43 -9.45852e-40 -2.37219e-43  3.68082e-40 -3.93259e-43 -8.64716e-41 -7.12002e-43  5.11841e-41 -4.31427e-43 -4.01245e-41 -1.23316e-43  3.41839e-41 -8.57726e-44 -1.76623e-41   1.3219e-43   5.2491e-42 -2.99299e-44 -5.27172e-42 -2.28359e-45 -1.65674e-42 -2.44115e-44  7.85594e-42  2.39244e-44 -2.15867e-41 -7.96828e-44  4.89674e-41    1.663e-43 -1.00868e-40 -3.53324e-43      1.9e-40  6.84233e-43 -3.25658e-40 -1.24009e-42  5.03894e-40  2.08879e-42 -6.97824e-40 -3.26268e-42  8.55671e-40  4.71098e-42 -9.16061e-40 -6.26482e-42  8.39876e-40  7.64051e-42 -6.40715e-40 -8.50371e-42   3.8706e-40  8.58729e-42  -1.6575e-40 -7.81442e-42  3.11195e-41  6.35601e-42  1.84678e-41 -4.57532e-42 -2.04294e-41  2.87945e-42  1.05254e-41 -1.56015e-42  -4.0365e-42  7.13383e-43  1.56539e-42 -2.67971e-43 -6.49237e-43  7.95841e-44  2.22466e-43 -1.76169e-44 -5.19701e-44  2.62157e-45  7.26743e-45 -2.07669e-46 -4.09874e-46
 6.55716e-36  4.74676e-51 -2.37746e-35 -1.06847e-49 -7.59239e-35  4.16843e-50  2.23384e-34  1.60739e-50 -1.57062e-34 -1.36675e-49  4.43841e-35  3.73258e-49   1.8094e-35  2.59291e-48 -1.07062e-34 -4.71821e-48  1.43941e-34  4.37966e-47 -1.34739e-34 -6.82215e-47  7.98375e-35 -1.12447e-46 -2.20127e-35 -3.59155e-46  -2.6684e-36  1.54711e-45 -2.82115e-36 -1.21784e-44  9.07398e-36   -7.581e-45 -3.08133e-36 -1.05031e-44  1.49505e-37  2.37081e-44 -3.08543e-37  7.48127e-44  3.20557e-37 -7.34327e-44  2.88324e-37 -3.62533e-43 -1.40184e-37 -6.54051e-43 -1.06466e-37 -4.13181e-43 -5.12041e-38 -8.54889e-43 -1.22409e-37  1.18976e-42   1.1503e-37  5.33933e-43 -5.96362e-38 -3.01438e-42  1.75699e-38 -4.89339e-43 -8.76026e-40 -2.25979e-42  2.56413e-39  6.78225e-43 -1.47821e-39 -5.91363e-43  5.61063e-40 -9.91003e-43 -8.71396e-41 -1.44071e-42  1.13242e-40 -9.76899e-43 -1.04732e-40 -3.40021e-43  8.07128e-41 -2.52063e-43  -3.9385e-41  2.76484e-43  7.38862e-42 -4.31987e-44  6.40953e-42  2.08318e-44 -4.66348e-41 -1.14019e-43  1.22842e-40  2.22018e-43 -2.89937e-40  -5.5499e-43  6.24136e-40  1.17703e-42 -1.23041e-39 -2.37416e-42  2.21197e-39  4.44515e-42 -3.60405e-39 -7.75681e-42  5.28143e-39  1.25695e-41 -6.89619e-39 -1.88611e-41  7.92946e-39  2.61184e-41 -7.90616e-39 -3.32466e-41  6.69248e-39  3.87245e-41 -4.66119e-39 -4.10533e-41  2.53419e-39  3.93655e-41 -9.62142e-40 -3.38887e-41  1.68612e-40  2.59586e-41  5.10677e-41 -1.75004e-41 -3.71604e-41  1.02434e-41  2.30345e-42 -5.11577e-42  5.07113e-42  2.13048e-42 -1.86924e-42 -7.16723e-43  5.32895e-44  1.85868e-43  1.16117e-43 -3.44302e-44 -3.29057e-44  3.92955e-45   3.9978e-45 -1.77938e-46
   1.302e-50  2.05139e-35  9.83375e-51 -2.87994e-35 -1.24805e-49 -1.07763e-34  1.60739e-50  2.93044e-34  1.12014e-50 -2.35778e-34  -2.9724e-49   1.0564e-34  2.00536e-48   1.2166e-35  1.23856e-47 -1.36051e-34 -1.67411e-47  1.73618e-34  1.96331e-46 -1.57297e-34 -2.37189e-46  8.69007e-35 -4.24086e-46 -2.40033e-35 -1.28914e-45  1.52481e-36   4.4197e-45 -6.77582e-36 -4.56975e-44  1.01179e-35 -2.53038e-44 -3.27545e-37 -2.30913e-44 -1.90822e-36  9.03533e-44 -5.44471e-37  1.78932e-43  8.94931e-37 -2.00362e-43   2.0657e-37 -1.00735e-42 -1.31333e-37 -1.97715e-42 -5.06047e-38 -1.12849e-42 -1.51916e-37 -2.80921e-42 -1.67286e-37  2.83773e-42  1.69319e-37  1.22428e-42 -8.95272e-38 -7.28552e-42  2.42767e-38 -8.43541e-43 -4.88297e-40 -5.82775e-42  4.52383e-39  1.68424e-42 -2.00931e-39 -1.27837e-42  8.06901e-40 -2.22708e-42  7.37135e-42  -2.5126e-42  1.93759e-40 -1.99564e-42 -2.12689e-40 -8.02383e-43  1.53037e-40 -6.51124e-43 -5.14194e-41  5.55534e-43 -5.94915e-41 -9.54057e-44  2.22916e-40  2.38177e-43 -6.31504e-40 -6.96381e-43  1.54097e-39  1.57542e-42 -3.45605e-39 -3.57346e-42  7.11496e-39  7.39523e-42 -1.33916e-38 -1.43408e-41  2.29147e-38  2.58965e-41 -3.54023e-38 -4.35034e-41  4.89707e-38  6.77804e-41  -6.0018e-38 -9.76384e-41  6.43059e-38  1.29563e-40 -5.91697e-38 -1.57707e-40  4.55951e-38  1.75223e-40 -2.83083e-38 -1.76685e-40  1.32175e-38   1.6059e-40 -3.94205e-39 -1.30503e-40  2.97973e-40  9.38926e-41  2.39442e-40 -5.90852e-41  6.93549e-42  3.20276e-41 -1.07849e-40 -1.46608e-41  6.31999e-41  5.51776e-42 -1.81862e-41 -1.64368e-42  3.10101e-42  3.65473e-43 -3.73517e-43 -5.47314e-44  3.06074e-44  4.37389e-45 -4.79296e-46
-3.59117e-36  3.24599e-50  3.41193e-35  1.58134e-50 -2.19158e-35 -1.23633e-49 -1.57062e-34  1.12014e-50  3.93482e-34  1.96949e-49 -3.48272e-34 -1.08099e-48  1.77012e-34   9.9409e-48   1.1333e-35  5.71855e-47 -1.59348e-34 -5.31282e-47  1.89283e-34  7.93033e-46 -1.65884e-34 -7.05865e-46  8.41625e-35 -1.46911e-45 -2.40083e-35  -4.3469e-45   5.9915e-36  1.02461e-44 -9.21982e-36  -1.5804e-43  8.36807e-36 -7.46665e-44  5.29853e-36 -2.70567e-44 -5.27056e-36  2.88097e-43 -9.59946e-37   3.1831e-43  1.69173e-36 -5.12676e-43  1.57495e-37 -2.49034e-42 -2.01936e-37 -5.49367e-42  1.18892e-37 -2.61898e-42 -3.29289e-37 -8.42672e-42 -1.96587e-37   6.1075e-42   2.3166e-37  2.20855e-42 -1.26764e-37 -1.59768e-41  3.39821e-38 -1.04104e-42 -1.37301e-39 -1.36494e-41  7.62892e-39  3.69757e-42 -2.37195e-39 -2.44181e-42  1.17601e-39 -4.51693e-42  2.60444e-40 -3.67641e-42  2.77749e-40 -3.70494e-42 -3.46353e-40 -1.64454e-42  1.63136e-40 -1.53598e-42   2.3828e-40  1.18506e-42 -1.04338e-39 -5.47347e-43  2.92992e-39  1.71256e-42 -7.46356e-39 -4.29621e-42  1.74178e-38  9.75303e-42 -3.74006e-38 -2.10162e-41  7.35963e-38  4.20685e-41 -1.32031e-37 -7.86258e-41  2.14588e-37  1.36819e-40 -3.13559e-37 -2.21167e-40   4.0805e-37  3.31106e-40 -4.67306e-37 -4.57524e-40  4.63656e-37  5.81236e-40 -3.90101e-37 -6.75778e-40  2.69626e-37  7.15251e-40 -1.45199e-37 -6.84862e-40  5.45895e-38  5.88865e-40 -9.80582e-39 -4.50635e-40 -2.07578e-39  3.03601e-40  1.14488e-39 -1.77651e-40   5.6956e-40  8.87378e-41 -6.59794e-40 -3.69837e-41  2.65562e-40  1.24616e-41  -6.0562e-41 -3.24043e-42  9.89153e-42    6.028e-43  -1.3687e-42 -6.92335e-44  1.09414e-43  3.16374e-45
-8.11958e-51 -1.23618e-35  6.04012e-50  3.97553e-35  2.51569e-50  1.50663e-36 -1.36675e-49 -2.35778e-34  1.96949e-49  5.31448e-34  1.49215e-48  -4.8414e-34 -4.12596e-48  2.43088e-34  4.50499e-47  1.65839e-35    2.446e-46 -1.71158e-34 -1.56137e-46  1.87086e-34   2.9319e-45 -1.58623e-34 -1.71645e-45  7.26819e-35  -4.7945e-45 -2.41457e-35 -1.42022e-44   1.0786e-35  1.67789e-44 -9.30683e-36 -5.08088e-43  3.35988e-36 -1.95214e-43   1.3781e-35  6.71701e-44  -9.7488e-36   7.9011e-43 -1.67714e-36  2.13311e-43  2.70726e-36 -1.29466e-42  1.93543e-37 -5.49458e-42 -4.17837e-37 -1.41246e-41  4.45255e-37  -5.0841e-42 -5.91766e-37 -2.32344e-41 -1.96475e-37  1.18586e-41  2.96164e-37  2.61443e-42 -1.66447e-37 -3.19512e-41  4.67665e-38 -3.87639e-43 -4.27768e-39 -2.93472e-41  1.18449e-38  7.25519e-42 -2.37755e-39 -4.19291e-42  1.80808e-39 -8.35172e-42  7.32857e-40   -4.111e-42  2.61112e-40 -6.28036e-42   -1.548e-40 -2.87795e-42 -1.04483e-39  -3.5306e-42  4.30174e-39  3.19326e-42 -1.26373e-38 -3.74511e-42  3.32524e-38  1.04627e-41 -8.07612e-38 -2.47642e-41  1.80706e-37   5.4692e-41 -3.71349e-37 -1.13315e-40  6.97511e-37  2.18972e-40  -1.1906e-36 -3.94535e-40  1.83395e-36   6.6119e-40 -2.52749e-36 -1.02788e-39  3.08324e-36  1.47757e-39 -3.28341e-36 -1.95683e-39  2.99602e-36  2.37751e-39 -2.28059e-36 -2.63703e-39   1.3879e-36  2.65481e-39 -6.22829e-37 -2.40948e-39  1.64846e-37  1.95551e-39  4.75851e-39 -1.40533e-39 -2.11157e-38  8.83535e-40  3.24683e-39 -4.78612e-40  3.98269e-39  2.19023e-40 -2.60932e-39 -8.24513e-41  7.47249e-40  2.45858e-41 -1.32117e-40 -5.47832e-42  2.06057e-41  8.23506e-43 -2.66717e-42 -6.62164e-44  1.26156e-43
 1.79214e-36 -2.20396e-50 -2.39049e-35  1.04116e-49  3.60522e-35  7.32591e-50  4.43841e-35  -2.9724e-49 -3.48272e-34  1.49215e-48  6.97684e-34  8.35869e-48 -6.18964e-34 -1.50926e-47  2.86575e-34  1.86956e-46  2.69638e-35  9.57198e-46 -1.68084e-34 -4.60712e-46  1.68219e-34   1.0043e-44 -1.37577e-34  -2.8601e-45  5.60467e-35 -1.50868e-44 -2.74156e-35 -4.62583e-44  1.65342e-35  4.32747e-45 -6.95384e-36 -1.52936e-42 -4.51395e-36 -4.48128e-43  2.43498e-35  6.05541e-43 -1.48188e-35  1.87475e-42 -2.84181e-36  -1.3478e-42  3.95486e-36 -3.39013e-42  3.29365e-37 -1.08378e-41 -8.34453e-37 -3.38443e-41  9.54943e-37 -7.75297e-42  -9.2605e-37 -5.92407e-41  -1.5818e-37  2.06374e-41  3.52605e-37 -6.35741e-43 -1.98088e-37 -5.84087e-41  6.14894e-38  2.42013e-42 -9.46581e-39 -5.84262e-41  1.66849e-38  1.28489e-41 -1.86749e-39 -6.61789e-42  2.83281e-39 -1.42097e-41  1.75278e-39 -2.03802e-42  -1.1074e-39 -9.81537e-42  4.59518e-39  -3.7861e-42  -1.6669e-38 -8.93469e-42   5.0348e-38   1.1953e-41   -1.376e-37 -2.27609e-41  3.47122e-37    5.792e-41 -8.08722e-37 -1.32016e-40  1.73381e-36  2.81998e-40 -3.40559e-36  -5.6351e-40  6.09622e-36  1.05063e-39  -9.8814e-36 -1.82435e-39  1.43904e-35  2.94284e-39 -1.86473e-35 -4.39696e-39  2.12367e-35  6.06427e-39 -2.09122e-35 -7.69016e-39  1.74045e-35  8.92567e-39 -1.18251e-35 -9.43155e-39  6.17004e-36  9.01662e-39 -2.14343e-36 -7.74102e-39  2.33487e-37  5.91523e-39  2.04028e-37 -3.97961e-39 -1.02701e-37  2.32557e-39 -2.30615e-39 -1.16024e-39  1.89696e-38  4.83079e-40 -7.68519e-39 -1.62674e-40  1.48288e-39  4.23029e-41 -2.07543e-40 -7.87858e-42   3.4657e-41   9.0757e-43 -3.52166e-42 -4.17119e-44
-7.86908e-51  7.47611e-36 -4.21857e-50 -3.74444e-35  2.05414e-49  2.71583e-35  3.73258e-49   1.0564e-34 -1.08099e-48  -4.8414e-34  8.35869e-48  8.66963e-34  4.01677e-47 -7.23077e-34 -5.45933e-47  2.96087e-34  7.10061e-46  3.89285e-35  3.40604e-45 -1.50825e-34 -1.52435e-45  1.38341e-34  3.21805e-44 -1.06925e-34   4.7974e-46  3.87092e-35 -4.64592e-44 -3.68356e-35 -1.52573e-43  2.44395e-35 -1.05978e-43 -3.01875e-36 -4.33699e-42 -1.40034e-35 -8.75828e-43  3.56075e-35  2.64776e-42   -1.976e-35  3.78084e-42 -4.55707e-36 -8.25336e-42  5.45713e-36 -9.37911e-42  5.26577e-37 -1.91797e-41 -1.47873e-36 -7.62045e-41  1.64143e-36 -7.03569e-42 -1.29006e-36 -1.40446e-40  -8.1662e-38   3.1661e-41  3.85739e-37 -1.53192e-41  -2.0554e-37 -9.75502e-41   7.5481e-38  9.07101e-42 -1.63352e-38  -1.0848e-40  2.10706e-38   2.0827e-41 -5.43287e-40 -9.93853e-42  3.36855e-39 -2.24873e-41  7.43926e-39   5.8194e-42 -1.83377e-38 -1.48535e-41  6.07874e-38 -1.79204e-43 -1.87439e-37 -2.85436e-41  5.30947e-37    5.483e-41 -1.39131e-36 -1.23765e-40  3.37191e-36   2.9638e-40 -7.53461e-36 -6.53034e-40  1.54592e-35  1.34784e-39 -2.89817e-35 -2.59939e-39   4.9353e-35  4.67415e-39 -7.57986e-35 -7.81861e-39  1.04077e-34  1.21328e-38 -1.26357e-34 -1.74107e-38   1.3371e-34  2.30198e-38 -1.20933e-34 -2.79236e-38   9.0846e-35  3.09231e-38 -5.40656e-35 -3.10833e-38  2.31434e-35  2.81668e-38 -5.15697e-36 -2.28232e-38 -1.05439e-36  1.63744e-38  1.25554e-36 -1.02764e-38 -3.06016e-37  5.55625e-39 -7.92514e-38 -2.53762e-39  6.78676e-38  9.53367e-40 -1.64992e-38 -2.83749e-40  1.87602e-39  6.31378e-41 -2.61611e-40  -9.4876e-42  5.10302e-41  7.64117e-43 -2.83228e-42
-3.08559e-36 -2.34623e-50  2.00275e-35 -8.92255e-50 -5.50059e-35  6.05575e-49   1.8094e-35  2.00536e-48  1.77012e-34 -4.12596e-48 -6.18964e-34  4.01677e-47  1.00656e-33  1.72927e-46 -7.73686e-34 -2.01722e-46  2.71307e-34  2.46015e-45  4.78126e-35  1.09509e-44 -1.24745e-34 -5.87837e-45   1.0496e-34  9.70919e-44 -7.05949e-35  3.02817e-44  2.43585e-35 -1.40386e-43 -5.48562e-35 -5.07811e-43  3.62161e-35 -5.56486e-43  7.26056e-37 -1.16524e-41 -2.32359e-35 -1.32638e-42  4.58708e-35  8.93216e-42 -2.38854e-35  6.02576e-42 -6.78481e-36 -3.10186e-41    7.208e-36 -2.67955e-41  7.01331e-37 -3.09283e-41 -2.33273e-36 -1.62801e-40  2.45093e-36  6.67776e-42 -1.61228e-36 -3.11209e-40  2.28983e-38  4.12404e-41  3.76274e-37  -5.7732e-41 -1.68927e-37 -1.48177e-40  8.45371e-38  2.04556e-41 -2.30452e-38 -1.88996e-40  2.26721e-38  3.17349e-41   4.8853e-39 -1.48866e-41 -9.52929e-39 -3.37721e-41  6.46251e-38  2.57313e-41 -2.07915e-37 -2.63866e-41  6.54922e-37  2.85231e-41 -1.92028e-36 -1.14849e-40  5.22304e-36  2.63584e-40 -1.31589e-35 -6.17109e-40  3.06191e-35  1.41367e-39 -6.55535e-35 -3.01223e-39  1.28546e-34  6.00573e-39 -2.29629e-34 -1.11779e-38  3.71256e-34  1.93781e-38 -5.38935e-34 -3.12106e-38  6.95517e-34  4.65636e-38 -7.87893e-34 -6.41296e-38  7.70296e-34  8.12121e-38 -6.34539e-34 -9.41325e-38  4.24248e-34   9.9332e-38 -2.14893e-34 -9.48277e-38  6.90496e-35  8.12887e-38 -2.62786e-36 -6.20117e-38 -1.02761e-35  4.16399e-38  4.85443e-36  -2.4279e-38 -3.67204e-37  1.20813e-38 -4.69266e-37 -5.01496e-39  1.79706e-37  1.68295e-39 -2.18527e-38 -4.36028e-40   8.3998e-40  8.09159e-41 -3.67101e-40 -9.29573e-42  6.12584e-41   4.2699e-43
 3.11071e-51 -9.81407e-36 -3.04223e-50  4.13557e-35 -2.91068e-49  -7.8565e-35  2.59291e-48   1.2166e-35   9.9409e-48  2.43088e-34 -1.50926e-47 -7.23077e-34  1.72927e-46  1.08921e-33  6.77999e-46 -7.64061e-34 -7.61042e-46  2.22392e-34   7.7262e-45  5.07181e-35  3.14895e-44 -9.84843e-35 -2.44377e-44  7.43666e-35   2.7663e-43 -3.08009e-35  1.66709e-43   1.5083e-35 -4.13414e-43 -8.31972e-35 -1.67617e-42  5.38726e-35  -1.9814e-42  1.87106e-36 -2.98154e-41 -3.01323e-35 -9.50494e-43  5.36081e-35  2.55164e-41 -2.67683e-35  5.29204e-42 -9.25527e-36 -9.48042e-41  9.12316e-36 -7.59334e-41   7.5084e-37 -4.79485e-41 -3.32228e-36 -3.33612e-40  3.27701e-36  5.32606e-41 -1.79965e-36  -6.4781e-40  1.35828e-37  4.13413e-41  3.04068e-37 -1.57817e-40 -6.84586e-38 -2.02419e-40  8.30219e-38  3.37502e-41 -2.46468e-38 -3.10596e-40  9.91103e-39  4.77541e-41  5.28707e-38  -2.2895e-41 -1.78703e-37 -5.10213e-41  6.65802e-37  7.40357e-41 -2.15427e-36 -7.50408e-41  6.53444e-36  1.78797e-40 -1.84352e-35  -5.1278e-40  4.82483e-35  1.23466e-39 -1.16812e-34 -2.86312e-39  2.60698e-34  6.31738e-39 -5.34093e-34 -1.30149e-38  9.99449e-34  2.50617e-38 -1.69813e-33 -4.50055e-38  2.60077e-33  7.51908e-38 -3.55845e-33 -1.16548e-37  4.30068e-33   1.6707e-37 -4.52375e-33  -2.2067e-37  4.05787e-33  2.67416e-37 -3.01141e-33 -2.95849e-37  1.75625e-33  2.97071e-37 -7.20237e-34 -2.68884e-37  1.34088e-34  2.17576e-37  5.47615e-35 -1.55838e-37 -4.90678e-35  9.75948e-38   1.2395e-35 -5.26246e-38  1.69157e-36   2.3951e-38 -1.71541e-36 -8.95883e-39  3.17816e-37  2.65208e-39 -1.46005e-39 -5.86407e-40 -1.25216e-39  8.75183e-41 -6.66016e-40 -7.00375e-42  4.60366e-41
 2.95081e-36 -4.46473e-51 -2.29746e-35  1.26737e-49  7.13581e-35 -1.19153e-48 -1.07062e-34  1.23856e-47   1.1333e-35  4.50499e-47  2.86575e-34 -5.45933e-47 -7.73686e-34  6.77999e-46  1.10448e-33  2.43993e-45 -7.05612e-34  -2.8498e-45    1.647e-34  2.17248e-44  4.84619e-35  7.93537e-44 -8.09116e-35 -9.98175e-44  4.97053e-35  7.43389e-43  1.19749e-35   6.5897e-43  1.14588e-35 -1.17566e-42  -1.2287e-34 -5.37809e-42  7.92431e-35 -5.85548e-42 -2.09962e-36 -7.30035e-41  -3.2903e-35  2.91653e-42  5.78198e-35   6.3671e-41 -2.83733e-35 -1.00111e-41 -1.14372e-35 -2.54309e-40  1.10094e-35 -2.06708e-40  5.86081e-37 -8.11529e-41 -4.31535e-36 -6.63085e-40  3.97015e-36  1.66444e-40 -1.75318e-36 -1.27316e-39  2.30262e-37  2.05067e-41  1.52987e-37 -3.65518e-40  1.11452e-37 -2.42394e-40  5.99276e-38  3.68821e-41  8.51642e-39 -4.83523e-40 -1.26795e-37  7.55547e-41  5.54243e-37 -3.35776e-41 -1.96943e-36 -9.11044e-41  6.68692e-36  2.11736e-40 -2.09867e-35 -3.15957e-40  6.13762e-35  8.84166e-40 -1.66755e-34 -2.30162e-39  4.19737e-34  5.50871e-39 -9.75617e-34 -1.24617e-38  2.08596e-33  2.65536e-38 -4.08376e-33 -5.28779e-38  7.28047e-33  9.83204e-38 -1.17416e-32 -1.70304e-37   1.6992e-32  2.74093e-37 -2.18427e-32 -4.08667e-37  2.46179e-32  5.62532e-37 -2.39039e-32 -7.12037e-37  1.95013e-32  8.24956e-37 -1.28448e-32 -8.70131e-37  6.33089e-33  8.30233e-37 -1.88873e-33 -7.11195e-37 -5.47659e-35  5.41994e-37  3.67807e-34 -3.63403e-37 -1.61206e-34   2.1143e-37  1.37499e-35  -1.0488e-37  1.25154e-35  4.33441e-38 -4.22343e-36 -1.44583e-38  2.07915e-37  3.71633e-39  6.59355e-38 -6.82835e-40  4.04118e-41  7.75402e-41 -9.94647e-40 -3.51922e-42
  6.4479e-52   8.0518e-36 -9.25535e-50 -4.37392e-35   1.3828e-48  1.07372e-34 -4.71821e-48 -1.36051e-34  5.71855e-47  1.65839e-35  1.86956e-46  2.96087e-34 -2.01722e-46 -7.64061e-34  2.43993e-45  1.06325e-33  8.08891e-45  -6.2302e-34   -1.025e-44   1.1262e-34   5.3257e-44  4.50901e-35  1.67004e-43 -7.79615e-35 -3.82178e-43  3.09023e-35   1.8735e-42  5.79765e-35  2.19362e-42  1.31891e-35 -3.21212e-42 -1.74018e-34 -1.65203e-41  1.13285e-34 -1.53005e-41 -1.31239e-35 -1.71797e-40  -3.0493e-35   1.6661e-41  5.82358e-35  1.39637e-40  -2.9043e-35 -7.21175e-41 -1.26036e-35 -6.19594e-40  1.25765e-35 -5.31105e-40  1.55863e-37 -1.71934e-40 -5.13439e-36 -1.29056e-39  4.36296e-36     3.93e-40 -1.38776e-36  -2.3746e-39  2.75668e-37 -2.80836e-41 -8.59754e-38 -7.58789e-40  3.89409e-37 -2.38197e-40 -5.55452e-38 -6.60105e-43  3.64352e-37 -7.14489e-40 -1.50995e-36  1.27834e-40  5.63839e-36 -2.78487e-41 -1.95964e-35 -2.39258e-40  6.37836e-35  7.01533e-40 -1.93279e-34 -1.45626e-39  5.44801e-34  3.99891e-39 -1.42467e-33 -9.96874e-39  3.44585e-33  2.32916e-38 -7.68124e-33 -5.11349e-38  1.57136e-32  1.05317e-37 -2.93522e-32 -2.02668e-37  4.97612e-32  3.63781e-37 -7.60021e-32 -6.07584e-37  1.03629e-31  9.41627e-37 -1.24691e-31  -1.3498e-36  1.30397e-31  1.78308e-36 -1.16038e-31 -2.16133e-36  8.51111e-32  2.39191e-36 -4.86847e-32 -2.40262e-36  1.91574e-32  2.17527e-36 -2.90811e-33 -1.76034e-36 -1.95994e-33  1.26047e-36  1.49194e-33 -7.88664e-37 -3.54221e-34  4.24462e-37  -4.9046e-35 -1.92552e-37  4.42229e-35  7.16473e-38 -6.10865e-36 -2.10439e-38 -7.22894e-37  4.60161e-39  1.38579e-37 -6.76615e-40   9.4006e-39  5.31517e-41 -7.84499e-40
 5.30595e-37 -1.26597e-50  1.68224e-35 -6.61698e-49 -7.16346e-35  8.58522e-48  1.43941e-34 -1.67411e-47 -1.59348e-34    2.446e-46  2.69638e-35  7.10061e-46  2.71307e-34 -7.61042e-46 -7.05612e-34  8.08891e-45   9.9421e-34   2.4698e-44 -5.46024e-34 -3.45984e-44  7.58472e-35  1.06156e-43  4.55327e-35  2.51102e-43 -9.09092e-35 -1.35313e-42  1.59516e-35  4.37949e-42  1.06972e-34  6.47841e-42  1.97531e-35 -8.44654e-42 -2.35392e-34 -4.81554e-41  1.55362e-34 -3.64466e-41  -3.1927e-35 -3.90052e-40 -2.28464e-35  5.23765e-41  5.52851e-35   2.6498e-40 -2.93544e-35 -2.59316e-40 -1.19898e-35 -1.39884e-39   1.3495e-35 -1.27851e-39 -5.46894e-37 -4.39852e-40 -5.58415e-36  -2.4738e-39   4.3063e-36  7.81481e-40  -6.5211e-37 -4.22524e-39  2.47385e-37 -8.33445e-41 -4.39421e-37 -1.45505e-39  9.18709e-37 -1.48597e-40 -9.77389e-37 -1.42593e-40  3.95015e-36 -9.97365e-40 -1.51952e-35   2.0735e-40  5.46501e-35  1.12937e-40 -1.83824e-34 -8.87874e-40  5.77095e-34  2.67217e-39 -1.68666e-33 -6.49189e-39   4.5792e-33  1.70456e-38 -1.15162e-32 -4.11432e-38  2.67391e-32  9.33104e-38 -5.70955e-32 -1.98432e-37  1.11598e-31  3.95099e-37  -1.9856e-31  -7.3454e-37  3.19443e-31  1.27242e-36 -4.60868e-31 -2.04848e-36  5.90131e-31  3.05583e-36 -6.61763e-31 -4.20952e-36  6.38243e-31  5.33355e-36 -5.15749e-31 -6.18683e-36  3.34738e-31  6.53471e-36 -1.60575e-31 -6.24453e-36  4.43273e-32   5.3574e-36  4.45769e-33 -4.08848e-36 -1.06456e-32  2.74404e-36  4.29907e-33 -1.59692e-36 -2.89443e-34  7.91388e-37 -3.38264e-34 -3.26124e-37  9.81805e-35  1.08171e-37  3.74407e-37 -2.75386e-38 -2.69242e-36  4.98525e-39  7.51287e-38 -5.54099e-40  1.98677e-38  2.44388e-41
-6.97996e-51  3.79648e-37 -1.41977e-49  3.00006e-35 -3.65258e-48 -1.03838e-34  4.37966e-47  1.73618e-34 -5.31282e-47 -1.71158e-34  9.57198e-46  3.89285e-35  2.46015e-45  2.22392e-34  -2.8498e-45  -6.2302e-34   2.4698e-44  9.35101e-34  6.90412e-44 -5.02016e-34 -1.08206e-43  5.89744e-35  1.29152e-43  5.31068e-35  3.07999e-44 -1.16596e-34 -4.43271e-42  2.53137e-36  9.31603e-42  1.57521e-34  1.73913e-41  3.06618e-35 -2.15528e-41 -3.03658e-34 -1.32695e-40  2.02846e-34 -8.06938e-41 -5.76666e-35 -8.57173e-40 -1.09105e-35  1.26457e-40  4.98725e-35  4.10081e-40  -2.9904e-35  -7.4329e-40 -8.99961e-36 -2.96745e-39  1.34819e-35 -2.87778e-39  -1.4959e-36 -1.17164e-39 -5.49224e-36 -4.67309e-39  3.70823e-36  1.35293e-39  4.44354e-37 -7.21093e-39  1.96973e-37 -4.70102e-41  -1.2624e-36  -2.6299e-39  3.37834e-36  7.59787e-41 -9.86426e-36 -5.12642e-40  3.89324e-35 -1.27684e-39 -1.44794e-34  2.03693e-40   5.0379e-34    9.533e-40 -1.63717e-33  -3.7203e-39    4.959e-33  1.07601e-38 -1.39692e-32 -2.73647e-38  3.65013e-32  6.89252e-38 -8.82008e-32 -1.61303e-37  1.96378e-31  3.54429e-37  -4.0115e-31 -7.29465e-37  7.47986e-31  1.40395e-36 -1.26528e-30 -2.52086e-36  1.92721e-30  4.21291e-36 -2.61873e-30 -6.53524e-36  3.13707e-30  9.38018e-36  -3.2616e-30 -1.24119e-35  2.87936e-30  1.50761e-35 -2.08729e-30 -1.67258e-35  1.17082e-30  1.68488e-35 -4.41332e-31 -1.53031e-35  5.12113e-32  1.24261e-35  5.65864e-32 -8.92781e-36 -3.79914e-32   5.6034e-36  8.13979e-33 -3.02289e-36  1.50698e-33  1.37259e-36 -1.07962e-33 -5.09998e-37  1.12529e-34  1.49022e-37  2.71329e-35 -3.22372e-38 -4.10209e-36  4.65176e-39 -2.04466e-37 -3.54714e-40  1.55512e-38
-2.39536e-36 -8.17629e-50 -1.43675e-36 -9.92544e-49  4.69986e-35  -1.6999e-47 -1.34739e-34  1.96331e-46  1.89283e-34 -1.56137e-46 -1.68084e-34  3.40604e-45  4.78126e-35   7.7262e-45    1.647e-34   -1.025e-44 -5.46024e-34  6.90412e-44  9.23186e-34  1.73807e-43 -5.11598e-34 -3.11559e-43  6.31293e-35 -1.80704e-43  6.81782e-35 -1.65126e-42 -1.48998e-34 -1.35023e-41 -1.08856e-35  1.73904e-41  2.06947e-34  4.30387e-41  4.52305e-35 -5.39955e-41  -3.7298e-34 -3.45483e-40  2.51316e-34 -1.68676e-40 -8.80065e-35  -1.8279e-39  3.61986e-36  2.45012e-40  4.30584e-35  4.04973e-40 -3.10974e-35 -1.86854e-39  -3.3941e-36  -5.9788e-39  1.23839e-35 -6.05841e-39 -2.64899e-36 -2.96348e-39 -4.75846e-36 -8.66407e-39   2.5885e-36  2.04603e-39  1.68391e-36 -1.18666e-38  9.46589e-37  3.42085e-40 -6.40097e-36 -4.54887e-39  2.45734e-35  4.95899e-40 -9.51149e-35 -1.35982e-39   3.6537e-34 -1.29716e-39 -1.31478e-33  -5.7194e-40  4.42167e-33  4.89129e-39 -1.38731e-32 -1.55283e-38  4.05246e-32   4.3001e-38 -1.09945e-31 -1.08996e-37  2.76262e-31  2.64586e-37 -6.40759e-31 -6.00036e-37  1.36641e-30  1.27629e-36 -2.66645e-30 -2.54075e-36  4.73487e-30  4.72523e-36 -7.59874e-30 -8.19103e-36  1.09293e-29  1.32015e-35 -1.39402e-29 -1.97251e-35  1.55533e-29  2.72308e-35 -1.48988e-29  -3.4598e-35  1.19238e-29  4.02715e-35 -7.62346e-30 -4.27125e-35  3.55529e-30  4.10138e-35 -8.99087e-31 -3.53809e-35 -1.66969e-31  2.71641e-35  2.62521e-31 -1.83476e-35  -9.7327e-32  1.07452e-35  3.70899e-33 -5.35554e-36  8.43652e-33  2.21644e-36 -2.10916e-33 -7.36319e-37 -9.43026e-35  1.86883e-37  7.15647e-35 -3.34769e-38 -1.58936e-36  3.63934e-39 -4.52761e-37 -1.54289e-40
 5.42292e-50 -5.07815e-36 -6.54831e-49 -5.51668e-36 -5.57752e-48  6.50928e-35 -6.82215e-47 -1.57297e-34  7.93033e-46  1.87086e-34 -4.60712e-46 -1.50825e-34  1.09509e-44  5.07181e-35  2.17248e-44   1.1262e-34 -3.45984e-44 -5.02016e-34  1.73807e-43  9.88039e-34  3.78192e-43 -5.86747e-34 -8.22811e-43  8.77056e-35 -2.02662e-42  8.82471e-35 -8.32874e-42 -1.81166e-34 -3.84597e-41 -2.46562e-35  2.60745e-41  2.51873e-34  9.91577e-41  6.20888e-35 -1.34195e-40 -4.35374e-34 -8.51119e-40  2.95379e-34 -3.38047e-40 -1.19602e-34 -3.78922e-39  1.87329e-35  3.54882e-40  3.57491e-35 -2.86803e-40 -3.30088e-35 -4.27012e-39  4.59722e-36 -1.15406e-38  1.02289e-35 -1.19393e-38  -3.9516e-36 -6.91502e-39 -3.44666e-36 -1.56569e-38  1.37719e-36  2.63135e-39  1.19351e-36 -1.89258e-38  1.09514e-35  1.63441e-39 -5.36398e-35 -7.62223e-39  2.23106e-34  1.22469e-39 -8.79822e-34 -3.26957e-39  3.27305e-33   8.0626e-42 -1.13877e-32 -5.23446e-39  3.69931e-32  2.13897e-38 -1.11995e-31  -6.2119e-38  3.15289e-31  1.65552e-37 -8.23206e-31   -4.105e-37  1.98726e-30  9.62667e-37 -4.41938e-30  -2.1138e-36  9.01453e-30  4.34932e-36 -1.67785e-29 -8.36957e-36  2.83196e-29  1.50335e-35 -4.30167e-29  -2.5147e-35  5.82497e-29  3.90693e-35   -6.947e-29 -5.62059e-35  7.18049e-29  7.46071e-35 -6.28783e-29 -9.09959e-35  4.50371e-29  1.01479e-34 -2.47536e-29 -1.02873e-34  8.90502e-30  9.41378e-35 -6.80398e-31 -7.71024e-35 -1.38971e-30  5.59343e-35  8.37749e-31 -3.54761e-35  -1.5758e-31  1.93482e-35 -4.12084e-32 -8.87977e-36   2.3774e-32  3.33084e-36 -1.81739e-33  -9.7987e-37  -7.2208e-34  2.12299e-37  8.94873e-35 -3.04014e-38  5.34975e-36   2.2647e-39  -3.1572e-37
 1.69256e-36  5.76364e-49 -7.52387e-36 -4.04469e-48 -1.13721e-35  -2.6743e-47  7.98375e-35 -2.37189e-46 -1.65884e-34   2.9319e-45  1.68219e-34 -1.52435e-45 -1.24745e-34  3.14895e-44  4.84619e-35   5.3257e-44  7.58472e-35 -1.08206e-43 -5.11598e-34  3.78192e-43  1.14725e-33  6.28394e-43 -7.29975e-34 -1.98508e-42  1.30948e-34 -9.43763e-42   1.0903e-34 -2.92776e-41   -2.069e-34 -1.02951e-40 -3.80917e-35  2.13202e-41  2.88987e-34  2.14461e-40  7.88292e-35 -3.32244e-40 -4.81973e-34 -1.98918e-39  3.29858e-34 -6.60368e-40 -1.48828e-34 -7.64363e-39   3.2574e-35  2.22936e-40  2.84841e-35 -3.02241e-39 -3.53423e-35  -9.0215e-39  1.42739e-35 -2.14911e-38  7.21462e-36 -2.20389e-38 -5.23281e-36 -1.48479e-38 -2.36682e-36 -2.73684e-38  3.82058e-36  2.59333e-39 -1.87717e-35 -2.93846e-38  1.11493e-34  4.83043e-39 -4.94743e-34 -1.25127e-38  2.02617e-33  2.64321e-39 -7.78428e-33 -7.93003e-39   2.8009e-32  6.83354e-39 -9.41693e-32  -2.6089e-38  2.95332e-31  8.53887e-38 -8.62213e-31 -2.35434e-37  2.33761e-30  6.05692e-37 -5.86867e-30  -1.4587e-36  1.35972e-29  3.30658e-36 -2.89578e-29 -7.02264e-36  5.64181e-29   1.3966e-35 -9.99839e-29 -2.59584e-35  1.60064e-28  4.50025e-35 -2.29511e-28 -7.25961e-35  2.91593e-28  1.08673e-34 -3.23675e-28 -1.50479e-34  3.07921e-28  1.92021e-34 -2.44015e-28 -2.24817e-34  1.53601e-28  2.40232e-34 -6.95119e-29 -2.32817e-34  1.58461e-29  2.03073e-34  4.66947e-30 -1.57931e-34   -5.654e-30   1.0824e-34  1.91866e-30 -6.44167e-35 -4.15833e-33  3.26613e-35 -1.87537e-31 -1.37566e-35   4.0431e-32  4.64809e-36  3.40575e-33 -1.19709e-36 -1.56419e-33  2.16485e-37   1.6034e-35 -2.35208e-38  9.93812e-36  9.77487e-40
-2.47386e-49  3.68889e-36  4.21503e-48 -8.81608e-36  -2.0688e-47 -1.74716e-35 -1.12447e-46  8.69007e-35 -7.05865e-46 -1.58623e-34   1.0043e-44  1.38341e-34 -5.87837e-45 -9.84843e-35  7.93537e-44  4.50901e-35  1.06156e-43  5.89744e-35 -3.11559e-43 -5.86747e-34  6.28394e-43  1.40399e-33  3.29023e-43 -9.33375e-34 -4.34298e-42  1.89314e-34 -3.45604e-41  1.25979e-34 -8.59881e-41 -2.21945e-34 -2.60007e-40 -4.97496e-35 -4.15958e-41  3.15722e-34  4.39087e-40  9.21391e-35 -8.16309e-40 -5.04955e-34 -4.42489e-39  3.50913e-34 -1.27881e-39 -1.72497e-34 -1.50078e-38   4.3826e-35 -8.08666e-40   2.1365e-35 -1.07972e-38 -3.74971e-35  -1.7775e-38  2.45913e-35 -3.88135e-38  3.48346e-36 -3.81019e-38 -5.14016e-36 -2.94878e-38 -8.68407e-36 -4.59631e-38  4.52277e-35  9.85118e-40 -2.25501e-34 -4.45777e-38  1.04953e-33  1.15716e-38 -4.45887e-33 -2.04185e-38  1.77122e-32  6.25518e-39 -6.58825e-32 -2.08782e-38  2.29163e-31  3.46503e-38 -7.44167e-31 -1.07405e-37  2.25184e-30  3.16772e-37 -6.33544e-30 -8.39152e-37  1.65287e-29   2.0852e-36 -3.98629e-29 -4.86053e-36  8.85445e-29  1.06425e-35 -1.80348e-28 -2.18325e-35  3.35077e-28   4.1914e-35  -5.6431e-28 -7.51649e-35  8.54813e-28  1.25653e-34 -1.15349e-27 -1.95341e-34  1.36953e-27  2.81616e-34 -1.40716e-27 -3.75264e-34  1.22208e-27  4.60405e-34 -8.64552e-28 -5.17655e-34  4.65114e-28  5.30387e-34 -1.58865e-28 -4.91838e-34  4.92024e-30  4.09325e-34  2.97595e-29 -3.02543e-34 -1.62807e-29  1.96001e-34     2.61e-30 -1.09437e-34  9.73087e-31  5.15146e-35 -4.66217e-31 -1.98429e-35  2.34304e-32  5.99572e-36  1.60861e-32 -1.33248e-36 -1.62821e-33  1.94936e-37 -1.29827e-34 -1.46981e-38  5.89345e-36
-4.96158e-37 -2.68541e-48  5.41896e-36   2.4183e-47 -8.37543e-36 -9.13903e-47 -2.20127e-35 -4.24086e-46  8.41625e-35 -1.71645e-45 -1.37577e-34  3.21805e-44   1.0496e-34 -2.44377e-44 -8.09116e-35  1.67004e-43  4.55327e-35  1.29152e-43  6.31293e-35 -8.22811e-43 -7.29975e-34  3.29023e-43  1.74568e-33 -3.22461e-42  -1.1779e-33 -8.47991e-42  2.56447e-34 -1.11293e-40  1.35773e-34 -2.22556e-40 -2.24694e-34 -6.21286e-40 -5.77306e-35 -2.74929e-40  3.30622e-34  8.59058e-40   9.8509e-35 -1.97151e-39 -4.99473e-34 -9.40294e-39  3.56683e-34 -2.48907e-39 -1.88378e-34 -2.86698e-38  5.18905e-35 -4.24268e-39  1.41286e-35 -2.95671e-38 -3.87484e-35 -3.28131e-38  3.46458e-35 -6.82238e-38 -2.82756e-36 -6.16202e-38  9.24764e-36 -5.45187e-38  -8.9756e-35 -7.37713e-38  4.55296e-34 -3.72503e-39 -2.13898e-33 -6.62732e-38  9.39967e-33  2.44331e-38 -3.85944e-32 -3.39846e-38  1.48387e-31  1.76921e-38 -5.33795e-31 -6.05935e-38   1.7941e-30  1.36036e-37 -5.62422e-30 -3.94027e-37  1.64107e-29  1.09048e-36 -4.44614e-29 -2.78257e-36  1.11526e-28  6.66957e-36 -2.58121e-28 -1.50037e-35  5.48997e-28  3.16729e-35 -1.06788e-27 -6.26311e-35  1.88874e-27  1.15857e-34 -3.01622e-27 -2.00138e-34  4.31148e-27  3.22208e-34  -5.4561e-27 -4.82313e-34  6.02517e-27  6.69419e-34  -5.6918e-27 -8.58619e-34  4.46508e-27  1.01365e-33 -2.76541e-27 -1.09602e-33  1.21158e-27  1.07884e-33 -2.43151e-28 -9.59467e-34 -1.07727e-28  7.63759e-34  1.07898e-28 -5.37769e-34 -3.33801e-29  3.29923e-34 -1.33772e-30 -1.72966e-34  3.70314e-30  7.55164e-35  -6.8488e-31  -2.6499e-35   -8.848e-32  7.09589e-36  2.97022e-32 -1.33431e-36  1.09829e-34  1.50465e-37 -1.96648e-34 -6.45183e-39
-7.18307e-50 -8.71363e-37 -2.03571e-47  5.91703e-36  1.14396e-46 -6.17514e-36 -3.59155e-46 -2.40033e-35 -1.46911e-45  7.26819e-35  -2.8601e-45 -1.06925e-34  9.70919e-44  7.43666e-35 -9.98175e-44 -7.79615e-35  2.51102e-43  5.31068e-35 -1.80704e-43  8.77056e-35 -1.98508e-42 -9.33375e-34 -3.22461e-42    2.144e-33  -1.9558e-41 -1.43431e-33 -1.42073e-41  3.22865e-34 -3.28362e-40  1.37422e-34 -5.17805e-40 -2.16353e-34 -1.40702e-39 -5.99895e-35 -9.16168e-40  3.33363e-34  1.62391e-39  9.52696e-35 -4.62934e-39 -4.64862e-34 -1.91616e-38  3.47289e-34 -4.89987e-39 -1.95398e-34 -5.32342e-38  5.68243e-35 -1.30326e-38  6.39106e-36 -7.01548e-38  -3.8938e-35 -5.68837e-38  4.70899e-35 -1.16932e-37 -3.40366e-35 -9.29572e-38  1.60934e-34 -9.44152e-38 -8.69088e-34 -1.12733e-37  4.20127e-33 -1.37617e-38 -1.90103e-32 -9.68666e-38  8.06325e-32  4.76837e-38 -3.20361e-31 -6.02143e-38  1.19151e-30  5.59119e-38 -4.14335e-30 -1.84689e-37  1.34498e-29  4.70421e-37 -4.06792e-29 -1.30385e-36  1.14378e-28  3.43171e-36 -2.98174e-28 -8.41667e-36  7.18428e-28  1.93912e-35 -1.59391e-27 -4.19247e-35  3.24178e-27  8.50116e-35 -6.01229e-27 -1.61453e-34   1.0103e-26  2.86843e-34 -1.52617e-26 -4.76016e-34  2.05224e-26  7.36589e-34 -2.42559e-26 -1.06058e-33  2.47725e-26  1.41729e-33 -2.13334e-26 -1.75211e-33  1.49001e-26  1.99556e-33 -7.83639e-27 -2.08296e-33  2.52464e-27  1.97919e-33  5.64289e-29 -1.69735e-33  -5.6404e-28  1.29962e-33  2.81955e-28 -8.76296e-34 -3.69345e-29  5.11267e-34 -2.00195e-29 -2.52296e-34  8.15448e-30   1.0214e-34 -1.92577e-31 -3.25031e-35 -3.12898e-31  7.62018e-36  2.54267e-32 -1.17777e-36  2.76296e-33  9.39432e-38 -9.75677e-35
