 2.29643e-26 -6.23585e-36 -1.37885e-24 -3.30298e-35  3.23291e-23 -2.73383e-35 -4.57399e-22 -1.30597e-34  4.50636e-21   1.5089e-33 -3.32121e-20 -1.38293e-32   1.9097e-19  1.01775e-31 -8.79816e-19 -6.20731e-31   3.3042e-18  3.19813e-30 -1.02251e-17 -1.40928e-29  2.62232e-17  5.35894e-29 -5.57965e-17 -1.76916e-28  9.81264e-17  5.08832e-28 -1.41188e-16 -1.27596e-27  1.62874e-16  2.78254e-27  -1.4473e-16 -5.23716e-27  9.03254e-17   8.3666e-27  -2.8178e-17 -1.09267e-26 -9.92088e-18  1.05103e-26  1.53299e-17 -4.20813e-27 -4.62888e-18 -9.68292e-27 -2.74966e-18  2.96386e-26  2.23006e-18 -5.01688e-26  2.20499e-19  6.36622e-26 -6.32016e-19 -6.43333e-26  1.46949e-20   5.1774e-26  1.52281e-19 -3.13863e-26 -4.19797e-21  1.11927e-26 -3.34979e-20  2.63728e-27  -1.8131e-21 -8.38194e-27  6.36114e-21   8.1701e-27  1.27569e-21 -5.45614e-27 -8.84191e-22  2.79823e-27 -3.85699e-22  -1.1587e-27  5.01243e-23   4.1843e-28  6.71643e-23 -1.53227e-28  1.03985e-23    6.245e-29 -5.52851e-24 -2.39131e-29 -2.71391e-24   5.9709e-30 -1.86374e-25  2.34956e-31   2.0847e-25 -9.93041e-31  7.69687e-26  4.32628e-31  5.64373e-27  -5.5594e-32  -3.9589e-27 -3.15526e-32 -1.49981e-27  1.72932e-32 -1.88945e-28 -1.98437e-33  2.63404e-29 -1.10838e-33  1.56614e-29  4.50547e-34  2.93931e-30 -3.25647e-35  1.70509e-31 -1.52496e-35 -4.87328e-32  3.10272e-36 -1.49952e-32  4.99868e-37 -2.01479e-33 -3.10758e-37  -1.1453e-34  4.38815e-38  9.15287e-36  2.94703e-39  2.74423e-36 -9.02642e-40  2.96954e-37 -5.94226e-41  1.76506e-38  1.85655e-42  3.85461e-40  3.11933e-42 -2.16679e-41 -1.02756e-43 -2.14599e-42 -1.61532e-44 -7.42863e-44  2.88897e-46 -1.26301e-45  6.30082e-48
-6.23585e-36  1.97756e-24 -2.55604e-35  -6.7514e-23 -1.12932e-34  1.20645e-21  1.42277e-34 -1.41792e-20 -2.93099e-33  1.20946e-19  3.06363e-32 -7.90436e-19 -2.52295e-31  4.09201e-18  1.70226e-30 -1.71447e-17 -9.62773e-30  5.89468e-17  4.63537e-29 -1.67689e-16 -1.92065e-28  3.96102e-16  6.90271e-28 -7.76117e-16 -2.16337e-27  1.25342e-15  5.93104e-27  -1.6454e-15 -1.42343e-26  1.70895e-15  2.98397e-26 -1.32823e-15 -5.42901e-26  6.66488e-16   8.4553e-26 -8.12563e-17 -1.09447e-25 -1.68683e-16  1.09327e-25  1.22446e-16 -6.28208e-26 -4.44381e-18 -3.95098e-26 -3.50065e-17  1.81828e-25  1.14376e-17 -3.21659e-25  7.15194e-18  4.06996e-25 -4.07091e-18 -4.04362e-25 -1.42976e-18  3.18879e-25  1.02224e-18 -1.90848e-25  3.37825e-19  7.10469e-26 -2.01107e-19  6.69451e-27 -8.79591e-20 -3.71039e-26  2.73761e-20   3.5678e-26  2.03361e-20 -2.24655e-26 -8.88919e-22  1.05185e-26  -3.4415e-21 -3.83114e-27  -6.5538e-22  1.19936e-27  3.19219e-22 -4.25563e-28  1.67967e-22  1.97352e-28  7.15386e-24 -8.54819e-29 -1.66321e-23  2.32672e-29 -5.48144e-24  1.43642e-31 -3.35992e-26 -3.48365e-30  4.56901e-25  1.64017e-30  1.35392e-25 -2.65519e-31    7.169e-27 -9.20035e-32 -6.43621e-27  5.87219e-32 -2.18929e-27 -7.18993e-33 -2.73644e-28 -3.57338e-33  2.37102e-29  1.44313e-33  1.63277e-29 -1.23958e-34  3.12563e-30 -3.18527e-35  2.49409e-31  6.95391e-36 -2.10578e-32  1.30092e-36 -9.07321e-33 -9.38912e-37 -1.30555e-33  1.61143e-37 -9.75961e-35  5.16413e-39 -1.09322e-36  -2.7429e-39  6.09453e-37 -1.04515e-40   7.4161e-38 -4.60847e-42  4.46605e-39  7.68542e-42  1.47105e-40 -1.65156e-43  1.71793e-42 -2.97151e-44 -4.66878e-44  3.92265e-46  -1.2691e-45
-1.37885e-24 -2.55604e-35  8.38868e-23  -5.4481e-35 -1.99407e-21 -3.89294e-34  2.86209e-20  3.49501e-33 -2.86255e-19 -4.36915e-32  2.14332e-18  4.07933e-31 -1.25309e-17 -3.06079e-30  5.87538e-17  1.90532e-29 -2.24801e-16 -1.00316e-28  7.09616e-16  4.52677e-28 -1.85909e-15 -1.76756e-27  4.04827e-15  6.01357e-27 -7.30321e-15 -1.79117e-26  1.08142e-14  4.68365e-26 -1.29017e-14 -1.07586e-25  1.19596e-14  2.16671e-25  -7.9453e-15  -3.8044e-25   2.8943e-15  5.75572e-25  5.42041e-16 -7.32357e-25 -1.31133e-15  7.40619e-25  5.17084e-16 -4.94225e-25  1.83269e-16 -3.56917e-26 -2.15334e-16  7.43823e-25  4.03114e-18 -1.40547e-24   5.7685e-17  1.77821e-24 -8.25143e-18 -1.73505e-24 -1.37014e-17  1.33574e-24   2.1566e-18 -7.82016e-25  3.12734e-18   2.9283e-25 -2.31548e-19  7.25079e-27 -6.51796e-19 -1.16911e-25 -4.85975e-20  1.09577e-25  1.07744e-19 -6.44875e-26  2.92334e-20  2.71201e-26 -1.05032e-20 -8.31764e-27 -6.75859e-21  2.06899e-27 -2.74612e-22 -7.31224e-28  7.81002e-22  4.35091e-28  2.46993e-22 -2.17425e-28  -1.4209e-23  6.44282e-29 -2.84828e-23 -2.41127e-30 -7.00191e-24 -8.09961e-30  2.95744e-25  4.29721e-30  6.05786e-25 -8.62742e-31    1.541e-25 -1.68394e-31  7.22325e-27  1.37043e-31 -6.20472e-27 -1.71874e-32 -1.99506e-27 -8.09077e-33 -2.58007e-28  3.12449e-33   7.7117e-30 -3.20015e-34   9.7128e-30 -2.33554e-35  1.93758e-30  8.42963e-36   1.8612e-31  2.00654e-36  3.95657e-34  -2.0221e-36 -2.65756e-33  4.14811e-37 -4.22063e-34  3.62582e-39 -3.48423e-35 -5.91818e-39 -1.39915e-36 -7.75038e-41  2.36426e-38 -2.43303e-41  6.40334e-39  1.22649e-41  3.71544e-40  -1.5312e-43  1.00247e-41 -3.22981e-44  1.00156e-43  2.84131e-46
-3.30298e-35  -6.7514e-23  -5.4481e-35  2.33682e-21 -1.74037e-35 -4.23619e-20 -3.14101e-33  5.05409e-19  4.53481e-32 -4.37951e-18 -4.92898e-31  2.90998e-17  4.15739e-30 -1.53298e-16 -2.86193e-29  6.54251e-16  1.65161e-28 -2.29398e-15 -8.12388e-28  6.66404e-15  3.44521e-27 -1.61012e-14  -1.2703e-26  3.23364e-14  4.09738e-26 -5.36739e-14 -1.16106e-25  7.27004e-14  2.89747e-25 -7.84015e-14 -6.37132e-25  6.40488e-14  1.23227e-24 -3.49835e-14 -2.08571e-24  6.78787e-15  3.05761e-24  7.17308e-15 -3.80319e-24 -6.49299e-15  3.83541e-24  8.80579e-16 -2.74809e-24  1.63675e-15  5.17617e-25 -7.61249e-16  2.32418e-24 -2.82566e-16 -4.83976e-24  2.50173e-16  6.14243e-24   4.6792e-17 -5.88102e-24 -6.31521e-17  4.40679e-24 -1.10264e-17 -2.50679e-24  1.33674e-17  9.22653e-25  3.46022e-18 -6.24298e-27 -2.20757e-18 -3.03755e-25 -9.81392e-19  2.73485e-25   2.0736e-19  -1.4911e-25  2.03184e-19  5.52381e-26  1.41599e-20 -1.32067e-26 -2.55571e-20  1.97305e-27 -8.47406e-21 -7.89418e-28  8.54994e-22  7.77923e-28  1.20006e-21 -4.48122e-28  2.53538e-22  1.43223e-28 -4.11605e-23 -1.25248e-29 -3.40916e-23 -1.41666e-29 -6.69178e-24  9.07567e-30  4.93448e-25 -2.23116e-30  5.69051e-25 -2.02452e-31  1.30969e-25  2.54194e-31  6.87591e-27 -3.02653e-32 -4.01208e-27 -1.49795e-32 -1.28034e-27  5.17599e-33 -1.74132e-28 -6.53271e-34 -3.06224e-30  6.48233e-35  3.55316e-30  2.50163e-36  7.68351e-31  1.44684e-36  8.20182e-32 -3.59615e-36  3.47437e-33  8.56469e-37  -3.3343e-34 -5.34062e-39 -7.09564e-35  -1.0282e-38 -6.06783e-36  8.14056e-41 -2.83586e-37 -5.59355e-41 -5.60089e-39  1.43503e-41  1.08865e-40 -7.56566e-44  7.91243e-42 -2.22586e-44  9.14833e-44
 3.23291e-23 -1.12932e-34 -1.99407e-21 -1.74037e-35   4.8086e-20  9.65459e-34 -7.00615e-19 -3.39349e-32  7.11828e-18  4.62159e-31 -5.41841e-17  -4.4925e-30  3.22331e-16  3.45246e-29 -1.53925e-15 -2.19307e-28  6.00482e-15  1.17837e-27  -1.9351e-14 -5.43265e-27  5.18334e-14  2.17063e-26 -1.15614e-13 -7.57203e-26   2.1415e-13  2.31881e-25 -3.26638e-13  -6.2574e-25  4.03351e-13  1.49123e-24 -3.90243e-13 -3.13978e-24  2.75621e-13  5.83067e-24 -1.14752e-13 -9.50568e-24 -6.56336e-15  1.34786e-23  4.33628e-14 -1.63256e-23  -2.1683e-14  1.62598e-23 -3.91536e-15 -1.20356e-23  7.95164e-15  3.95193e-24 -1.07111e-15  5.79957e-24 -1.98375e-15 -1.39521e-23   5.5892e-16  1.78223e-23  4.56013e-16 -1.67295e-23 -1.46553e-16  1.21701e-23 -1.07129e-16 -6.69085e-24  2.49369e-17  2.38159e-24  2.44674e-17  -3.6691e-26 -1.51206e-18 -6.89812e-25 -4.70385e-18  5.87816e-25 -6.41461e-19 -2.94497e-25   6.1608e-19  9.38222e-26  2.39868e-19 -1.47812e-26  -2.5845e-20 -7.98503e-28 -3.78176e-20 -2.50664e-28 -7.28273e-21  1.20858e-27  2.10838e-21 -7.79839e-28  1.34337e-21  2.66925e-28   1.9675e-22 -3.89304e-29 -5.52623e-23  -1.9027e-29 -3.10553e-23  1.66536e-29 -5.17905e-24 -4.90933e-30   4.3104e-25 -1.09924e-31  4.01005e-25  3.99382e-31  8.70955e-26 -3.83747e-32  5.71359e-27 -2.41788e-32 -1.75944e-27  6.67798e-33 -5.93454e-28 -1.13028e-33 -8.49195e-29  2.98476e-34  -4.3636e-30 -1.31921e-35  7.28786e-31 -2.11946e-36   1.9313e-31 -5.60384e-36  2.19368e-32  1.49514e-36   1.3125e-33 -2.35073e-38  1.06605e-35 -1.50455e-38 -5.30506e-36  3.70362e-40 -4.80888e-37 -8.94354e-41 -2.07594e-38  1.27016e-41 -4.27227e-40  6.43536e-45 -2.19534e-42 -8.70133e-45
-2.73383e-35  1.20645e-21 -3.89294e-34 -4.23619e-20  9.65459e-34   7.7954e-19  1.21653e-32 -9.44762e-18 -3.22757e-31  8.32243e-17  3.90795e-30 -5.62625e-16 -3.43116e-29  3.01836e-15  2.41915e-28 -1.31322e-14  -1.4253e-27  4.69954e-14   7.1586e-27 -1.39535e-13 -3.10285e-26  3.45151e-13  1.17078e-25 -7.11146e-13 -3.87093e-25  1.21434e-12  1.12695e-24  -1.6987e-12 -2.89887e-24  1.90354e-12  6.60134e-24 -1.63458e-12 -1.33124e-23  9.67455e-13  2.37348e-23 -2.53387e-13 -3.72496e-23 -1.51339e-13  5.10206e-23  1.78733e-13  -6.0008e-23 -4.19194e-14  5.86386e-23 -3.83732e-14  -4.3862e-23  2.50385e-14  1.78958e-23  4.76301e-15  1.16018e-23 -7.70286e-15  -3.4837e-23 -3.54361e-16  4.49299e-23  1.93884e-15 -4.13034e-23  6.84158e-17  2.90993e-23 -4.33321e-16 -1.53922e-23  -4.8641e-17  5.23182e-24  8.16286e-17 -4.52899e-26  2.12718e-17 -1.40822e-24   -1.083e-17  1.12136e-24 -5.73899e-18 -5.12491e-25  4.19974e-19  1.35988e-25  9.39727e-19 -7.42507e-27  1.83654e-19 -7.86918e-27 -6.89392e-20  9.86882e-28 -4.05231e-20  1.71197e-27 -4.20415e-21 -1.15704e-27  2.74367e-21  4.26459e-28  1.17754e-21 -9.40173e-29  1.22821e-22 -1.83509e-29 -5.02178e-23  2.80577e-29 -2.24582e-23 -9.53416e-30 -3.38695e-24  1.52809e-31  2.33432e-25  5.54461e-31  2.15863e-25 -2.56316e-32   4.5722e-26 -3.51287e-32  3.71743e-27  6.23038e-33 -4.82488e-28 -1.73309e-33 -1.95901e-28  7.18332e-34 -2.93909e-29 -3.33987e-35 -2.12981e-30 -1.03262e-35  3.94352e-32  -7.8784e-36  2.84498e-32  2.27049e-36   3.4407e-33 -4.89533e-38  2.23488e-34 -1.89813e-38  7.07209e-36  6.96947e-40 -5.16345e-38 -1.11018e-40 -1.33662e-38  8.41423e-42 -4.30233e-40  4.11241e-44 -3.69385e-42
-4.57399e-22  1.42277e-34  2.86209e-20 -3.14101e-33 -7.00615e-19  1.21653e-32  1.03694e-17  1.14576e-31 -1.07098e-16 -2.60067e-30  8.29399e-16  2.81168e-29 -5.02415e-15 -2.24746e-28  2.44553e-14  1.46267e-27 -9.73538e-14 -8.03111e-27  3.20561e-13  3.78453e-26 -8.78703e-13  -1.5467e-25  2.00949e-12  5.52382e-25 -3.82536e-12 -1.73394e-24  6.01601e-12  4.80524e-24 -7.69628e-12 -1.17932e-23  7.77601e-12  2.56774e-23 -5.83278e-12  -4.9611e-23  2.73322e-12  8.49202e-23 -1.40207e-13 -1.28248e-22 -8.51141e-13  1.69515e-22  5.35109e-13 -1.93204e-22  2.14307e-14   1.8437e-22 -1.73089e-13 -1.37444e-22  4.48124e-14  6.23297e-23  3.90741e-14  1.77381e-23 -1.81261e-14 -7.70567e-23 -8.38749e-15   1.0059e-22  4.77816e-15 -9.04219e-23  2.00603e-15  6.15412e-23 -9.49532e-16 -3.11934e-23 -5.08855e-16  1.00159e-23  1.22588e-16  9.57548e-26   1.1433e-16 -2.62092e-24 -1.47327e-19  1.93257e-24 -1.87807e-17 -8.00277e-25 -4.30521e-18  1.68324e-25  1.61299e-18  1.47481e-26  9.92428e-19 -1.95106e-26  7.37025e-20  2.33401e-27 -9.11792e-20  2.31084e-27 -3.39055e-20 -1.44289e-27 -1.27445e-21  5.93056e-28  2.54215e-21 -1.93621e-28  8.43263e-22 -8.16951e-30  6.65181e-23  4.54353e-29 -3.38359e-23 -1.67027e-29 -1.31379e-23   4.8656e-31 -1.89535e-24  7.06223e-31  6.99475e-26  2.89548e-32  8.81799e-26  -4.6576e-32  1.87068e-26  2.49696e-33  1.78989e-27 -2.43397e-33 -5.22171e-29  1.29654e-33 -4.38231e-29 -4.37908e-35 -6.96325e-30 -2.37491e-35 -5.82076e-31 -1.01389e-35 -1.74591e-32  3.05493e-36  1.90443e-33 -7.54244e-38  2.85689e-34 -2.09738e-38  1.79346e-35  9.13757e-40  5.94421e-37 -1.11279e-40  7.99539e-39  3.93449e-42 -3.36644e-41  2.85753e-44
-1.30597e-34 -1.41792e-20  3.49501e-33  5.05409e-19 -3.39349e-32 -9.44762e-18  1.14576e-31  1.16395e-16  9.03745e-31 -1.04312e-15 -1.79803e-29   7.1804e-15   1.7505e-28 -3.92609e-14 -1.28279e-27  1.74281e-13     7.75e-27 -6.37128e-13 -3.98379e-26  1.93522e-12  1.76775e-25 -4.90544e-12 -6.83142e-25  1.03794e-11  2.31426e-24 -1.82516e-11 -6.90856e-24  2.63935e-11  1.82472e-23 -3.07579e-11  -4.2765e-23  2.77664e-11  8.90786e-23 -1.77438e-11 -1.64943e-22  5.80169e-12  2.71075e-22  1.88362e-12 -3.93832e-22 -3.20593e-12   5.0198e-22  1.08506e-12 -5.53553e-22  5.48289e-13  5.14101e-22 -5.20818e-13 -3.78403e-22 -2.15853e-14   1.8088e-22  1.49887e-13   1.6319e-23 -1.37533e-14 -1.53544e-22 -3.71742e-14  2.03119e-22  4.06409e-15 -1.78157e-22  8.66282e-15  1.16817e-22  -2.8308e-16 -5.65213e-23 -1.81553e-15  1.69757e-23 -2.00593e-16  6.33032e-25  2.97794e-16 -4.48064e-24  9.28751e-17  3.04433e-24 -2.74807e-17 -1.13377e-24 -2.04448e-17   1.7177e-25 -1.36912e-18  5.58718e-26  2.27096e-18 -3.33944e-26  7.93427e-19  2.11763e-27 -2.22356e-20  3.10232e-27 -8.59924e-20 -1.42285e-27  -2.3193e-20  7.29389e-28  3.10427e-22 -3.57105e-28  1.82502e-21  1.15617e-29  5.06095e-22  7.29069e-29  3.41963e-23 -2.67345e-29 -1.73637e-23  5.65059e-31 -6.23005e-24  8.57521e-31 -8.95326e-25  1.43508e-31 -1.17959e-27 -5.65622e-32   2.6506e-26 -4.92117e-33  5.80116e-27 -3.20305e-33  6.18018e-28  1.91357e-33   1.5453e-29 -2.58937e-35  -5.9035e-30 -4.12663e-35 -1.06215e-30 -1.20271e-35 -9.32033e-32  3.69018e-36 -4.31297e-33 -9.37864e-38 -2.43298e-35 -2.05458e-38   9.5869e-36  9.10321e-40  5.69873e-37  -9.0919e-41  1.34432e-38  1.08405e-42  9.46559e-41
 4.50636e-21 -2.93099e-33 -2.86255e-19  4.53481e-32  7.11828e-18 -3.22757e-31 -1.07098e-16  9.03745e-31  1.12533e-15  6.12428e-30 -8.87339e-15 -1.08034e-28  5.47796e-14  9.54269e-28 -2.72023e-13 -6.45229e-27  1.10603e-12  3.63857e-26 -3.72464e-12 -1.75903e-25  1.04583e-11  7.37694e-25 -2.45459e-11 -2.70336e-24  4.80722e-11  8.70616e-24 -7.80302e-11 -2.47571e-23  1.03515e-10  6.23969e-23  -1.0929e-10 -1.39766e-22  8.69976e-11   2.7867e-22 -4.53669e-11 -4.94669e-22   6.6161e-12  7.80578e-22   1.1312e-11 -1.09077e-21  -9.0375e-12  1.33994e-21  7.57166e-13 -1.42795e-21  2.54407e-12  1.28736e-21 -1.03031e-12 -9.29381e-22 -4.90002e-13  4.54349e-22  3.68111e-13 -1.03995e-23  8.96459e-14 -2.79441e-22 -9.71568e-14  3.74287e-22 -2.12896e-14 -3.19367e-22  2.10865e-14  2.01116e-22  6.35029e-15 -9.25377e-23 -3.50641e-15   2.5753e-23 -1.74814e-15  1.90147e-24  3.12414e-16 -7.07151e-24  3.58122e-16  4.42377e-24  3.22485e-17 -1.46637e-24 -4.44718e-17  1.22983e-25  -1.5945e-17  1.17288e-25  1.24332e-18 -4.39994e-26  2.19458e-18 -2.57185e-27  5.00667e-19  4.27123e-27 -6.63646e-20 -8.42327e-28  -6.3683e-20  8.16145e-28 -1.34312e-20 -6.07407e-28  6.54068e-22  3.31401e-29  1.04982e-21  1.16769e-28   2.5754e-22 -3.93507e-29  1.74576e-23 -1.59504e-31 -6.74152e-24  1.02811e-30 -2.36623e-24   3.2203e-31 -3.46098e-25 -6.30531e-32 -1.23501e-26 -1.46772e-32  5.46551e-27 -3.99169e-33  1.30601e-27  2.38158e-33  1.48223e-28  3.31712e-35  7.75871e-30 -6.02033e-35 -3.03876e-31 -1.31998e-35 -9.30583e-32  4.04123e-36 -8.26546e-33 -9.59126e-38 -3.93912e-34 -1.80013e-38 -8.93818e-36  6.93807e-40  1.30478e-38 -5.97692e-41  3.84247e-39  5.07062e-44
  1.5089e-33  1.20946e-19 -4.36915e-32 -4.37951e-18  4.62159e-31  8.32243e-17 -2.60067e-30 -1.04312e-15  6.12428e-30  9.51827e-15  3.61134e-29 -6.67706e-14 -5.69257e-28  3.72425e-13  4.59163e-27 -1.68831e-12 -2.88222e-26  6.31099e-12  1.52568e-25 -1.96294e-11 -6.97007e-25   5.1041e-11  2.77328e-24 -1.11023e-10 -9.66629e-24  2.01257e-10  2.96615e-23 -3.01177e-10 -8.04817e-23  3.65322e-10  1.93795e-22 -3.46792e-10 -4.15226e-22  2.38588e-10  7.92875e-22 -9.31283e-11 -1.34961e-21 -1.26881e-11  2.04494e-21  4.12174e-11 -2.74809e-21 -1.87285e-11  3.25222e-21 -4.82492e-12 -3.34635e-21  7.61526e-12  2.92288e-21 -7.32954e-13 -2.05945e-21 -2.02355e-12  1.01005e-21  4.95756e-13 -9.16051e-23  4.84707e-13 -4.70228e-22 -1.38619e-13  6.35228e-22 -1.16458e-13 -5.25138e-22  2.39848e-14   3.1643e-22  2.69639e-14  -1.3793e-22 -1.17617e-15  3.52472e-23 -5.24797e-15  4.20847e-24 -7.97159e-16 -1.03542e-23  6.92685e-16  5.98359e-24  2.85125e-16  -1.7351e-24 -2.71058e-17 -5.43671e-27 -4.49285e-17    1.984e-25 -9.12586e-18 -4.29751e-26  2.44387e-18 -1.56799e-26  1.64929e-18  6.04714e-27  2.56088e-19  5.33709e-28 -6.46241e-20   8.8493e-28 -3.86266e-20 -9.69496e-28 -6.77574e-21  3.89425e-29  4.35692e-22  1.84321e-28  4.88924e-22 -5.33586e-29  1.10901e-22 -2.31332e-30  8.40799e-24  1.24258e-30 -1.89791e-24   5.4472e-31  -7.0167e-25 -6.53681e-32 -1.05213e-25 -2.34999e-32 -6.43897e-27 -4.70311e-33  6.37131e-28  2.51668e-33  1.99677e-28  1.31984e-34  2.35524e-29  -7.7183e-35  1.49915e-30 -1.34432e-35  2.94292e-32  4.04023e-36 -3.50401e-33 -7.93929e-38 -3.46874e-34 -1.41596e-38 -1.40693e-35  3.85355e-40 -2.56731e-37 -3.02327e-41 -1.24215e-39
-3.32121e-20  3.06363e-32  2.14332e-18 -4.92898e-31 -5.41841e-17  3.90795e-30  8.29399e-16 -1.79803e-29 -8.87339e-15  3.61134e-29  7.13029e-14  1.86752e-28 -4.49013e-13 -2.64462e-27  2.27681e-12  1.95891e-26 -9.46433e-12 -1.14881e-25  3.26292e-11  5.74386e-25 -9.39465e-11 -2.49309e-24  2.26539e-10  9.45159e-24 -4.56943e-10 -3.14361e-23  7.66373e-10  9.21362e-23 -1.05534e-09 -2.38966e-22  1.16515e-09  5.50433e-22 -9.83758e-10 -1.12904e-21  5.66043e-10  2.06572e-21 -1.30877e-10 -3.37248e-21 -1.06854e-10  4.90693e-21  1.12627e-10 -6.34072e-21 -2.26954e-11  7.22691e-21 -2.66822e-11 -7.17503e-21  1.59822e-11  6.06272e-21  3.77915e-12 -4.15351e-21 -5.23093e-12  2.01626e-21 -3.76729e-13 -2.62972e-22   1.3714e-12 -7.40205e-22  7.35707e-14  1.00048e-21 -3.16157e-13 -7.96967e-22 -3.99308e-14  4.57417e-22  6.11993e-14 -1.88155e-22  1.67503e-14  4.37986e-23 -8.32469e-15   7.6553e-24 -4.56309e-15 -1.41541e-23  3.22236e-16  7.61441e-24  7.63022e-16 -1.87216e-24    1.521e-16 -2.46706e-25 -5.71112e-17  2.98957e-25 -3.41119e-17 -2.02393e-26 -3.61433e-18 -4.16246e-26  2.33575e-18  8.58101e-27  1.01713e-18  2.86162e-27  1.09322e-19  1.04203e-27  -4.2826e-20 -1.46508e-27 -1.95767e-20  2.49027e-30 -3.03493e-21  2.81124e-28  1.74778e-22 -6.65032e-29  1.83315e-22 -6.33752e-30  3.97981e-23  1.51267e-30  3.47246e-24  7.65534e-31  -3.4187e-25   -6.578e-32 -1.55818e-25 -2.70351e-32  -2.4024e-26 -5.19012e-33 -1.85225e-27  2.22786e-33  1.91178e-30  2.53202e-34  1.83428e-29  -8.9112e-35  2.29343e-30 -1.27411e-35  1.49177e-31   3.7018e-36  5.00081e-33 -4.97683e-38   1.9378e-35 -9.95224e-39  -4.5481e-36  1.30488e-40 -1.22392e-37 -1.03108e-41
-1.38293e-32 -7.90436e-19  4.07933e-31  2.90998e-17  -4.4925e-30 -5.62625e-16  2.81168e-29   7.1804e-15 -1.08034e-28 -6.67706e-14  1.86752e-28   4.7778e-13  8.50053e-28 -2.72108e-12 -1.08455e-26  1.26098e-11  7.41493e-26 -4.82472e-11 -4.09206e-25  1.53834e-10  1.94703e-24 -4.10778e-10 -8.08085e-24  9.19583e-10  2.93364e-23 -1.72042e-09 -9.34564e-23  2.66724e-09   2.6234e-22 -3.37077e-09 -6.51654e-22  3.36604e-09  1.43775e-21 -2.48756e-09 -2.82562e-21  1.12668e-09  4.95573e-21 -8.82504e-12  -7.7613e-21 -3.98314e-10  1.08436e-20  2.36439e-10  -1.3472e-20  1.82936e-11  1.47849e-20 -8.26326e-11 -1.41572e-20  1.97265e-11  1.15597e-20  1.96565e-11 -7.67721e-21  -8.7265e-12  3.65113e-21 -4.36543e-12 -5.51834e-22  2.41888e-12 -1.10253e-21  1.06504e-12  1.47169e-21 -5.01422e-13 -1.12144e-21 -2.75751e-13  6.09499e-22  6.78076e-14 -2.35672e-22  6.37562e-14  4.97295e-23 -3.90159e-16   1.1971e-23  -1.0858e-14 -1.82189e-23 -2.45293e-15  9.24023e-24  9.80432e-16 -1.81607e-24  5.92312e-16 -6.42457e-25  4.04567e-17  4.21015e-25 -5.67946e-17  3.46888e-26 -2.08137e-17 -8.44307e-26 -6.74209e-19  1.17536e-26  1.61672e-18  6.17593e-27  5.30738e-19  1.46935e-27  4.10458e-20 -2.10241e-27 -2.15964e-20 -1.06858e-28  -8.3397e-21  4.07424e-28 -1.20929e-21 -7.56626e-29  3.91646e-23 -1.21981e-29  5.42027e-23  1.82767e-30  1.15829e-23  9.20371e-31  1.13788e-24 -7.00158e-32 -1.96554e-26 -2.15678e-32 -2.41889e-26  -5.3121e-33 -3.89556e-27  1.57066e-33  -3.3001e-28  3.70436e-34 -1.15651e-29 -9.37935e-35  7.07988e-31 -1.12554e-35  1.18564e-31  3.10995e-36  7.17426e-33  -1.8015e-38  2.20198e-34 -6.14119e-39  2.79466e-36  2.53987e-42  1.48372e-39
  1.9097e-19 -2.52295e-31 -1.25309e-17  4.15739e-30  3.22331e-16 -3.43116e-29 -5.02415e-15   1.7505e-28  5.47796e-14 -5.69257e-28 -4.49013e-13  8.50053e-28   2.8871e-12   3.4015e-27 -1.49643e-11 -3.90835e-26  6.36623e-11  2.47847e-25 -2.24944e-10 -1.29921e-24  6.64871e-10  5.94206e-24 -1.64911e-09  -2.3779e-23  3.42995e-09  8.31825e-23 -5.95098e-09 -2.54952e-22  8.51599e-09  6.87619e-22 -9.83992e-09 -1.63949e-21  8.80942e-09  3.46986e-21 -5.55672e-09 -6.53945e-21  1.72622e-09  1.09987e-20  7.08368e-10 -1.65254e-20 -1.08078e-09  2.21683e-20  3.47974e-10 -2.64763e-20  2.00591e-10  2.79742e-20 -1.82096e-10 -2.58289e-20 -1.01592e-11  2.03649e-20  5.49133e-11 -1.30798e-20 -4.86627e-12  6.04253e-21  -1.4106e-11 -9.53106e-22  1.60046e-12  -1.5714e-21    3.397e-12  2.03314e-21 -1.40625e-13 -1.46767e-21 -7.39294e-13  7.49338e-22 -7.41441e-14 -2.71325e-22  1.27189e-13   5.2082e-23  3.80779e-14   1.6452e-23 -1.27032e-14 -2.23317e-23 -8.91388e-15  1.08689e-23 -4.64067e-16 -1.51589e-24  1.05536e-15 -1.24296e-24  3.52671e-16  5.68687e-25 -1.64269e-17  1.31417e-25 -4.08933e-17  -1.4666e-25 -1.05999e-17  1.49828e-26  2.90583e-19  1.03595e-26  8.87273e-19   2.3981e-27  2.38679e-19 -2.86254e-27  1.48122e-20 -3.16662e-28  -8.5209e-21  5.55157e-28 -2.96814e-21 -7.74829e-29 -4.20484e-22 -1.92057e-29 -5.64592e-25  2.16281e-30  1.21477e-23  9.44722e-31  2.63142e-24  -8.5619e-32  2.79903e-25 -5.88258e-33   8.1159e-27 -5.03597e-33 -2.28314e-27  7.28357e-34 -4.14672e-28  4.59233e-34  -3.5751e-29 -9.01671e-35 -1.65318e-30 -9.24585e-36  -1.8599e-32  2.38832e-36   2.2896e-33  5.40915e-39  1.26983e-34 -3.20635e-39  2.29859e-36 -2.06441e-41
 1.01775e-31  4.09201e-18 -3.06079e-30 -1.53298e-16  3.45246e-29  3.01836e-15 -2.24746e-28 -3.92609e-14  9.54269e-28  3.72425e-13 -2.64462e-27 -2.72108e-12   3.4015e-27  1.58406e-11  1.18584e-26 -7.51223e-11 -1.21943e-25  2.94538e-10  7.21077e-25 -9.63823e-10 -3.64243e-24  2.64617e-09  1.62587e-23 -6.10417e-09 -6.34844e-23  1.18009e-08  2.15774e-22 -1.89768e-08 -6.39906e-22  2.50127e-08  1.66468e-21 -2.62891e-08 -3.81984e-21  2.08333e-08   7.7681e-21 -1.07411e-08 -1.40523e-20   1.3571e-09  2.26731e-20  2.95136e-09 -3.26802e-20 -2.29702e-09  4.20832e-20  1.66013e-10 -4.83082e-20  6.82589e-10  4.91383e-20 -2.76582e-10 -4.37489e-20 -1.35558e-10  3.32958e-20  1.03993e-10 -2.06402e-20  2.48998e-11  9.19035e-21  -2.8641e-11 -1.40254e-21 -5.92933e-12 -2.16587e-21   6.5103e-12  2.65118e-21  1.84019e-12 -1.78909e-21 -1.15121e-12  8.48029e-22  -5.3741e-13 -2.86507e-22  1.16869e-13  5.12256e-23   1.1743e-13  2.00618e-23   7.8266e-15 -2.64227e-23 -1.57743e-14  1.26026e-23 -5.23347e-15 -9.27235e-25  5.95465e-16 -2.10118e-24  7.90266e-16  7.45165e-25  1.65819e-16  2.77294e-25 -2.91192e-17 -2.28282e-25 -2.35457e-17  1.71335e-26  -4.6417e-18  1.51138e-26  3.41298e-19  4.06133e-27  3.98761e-19 -3.68659e-27  9.32284e-20 -6.43621e-28  5.53865e-21  7.07126e-28 -2.61276e-21 -6.93676e-29 -8.67095e-22 -2.60593e-29 -1.23031e-22   2.5034e-30 -4.09851e-24  7.95055e-31  1.91503e-24 -1.18355e-31  4.43261e-25  1.77325e-32  4.91578e-26 -4.51234e-33  2.57586e-27 -7.19877e-35 -7.57212e-29  5.05457e-34 -2.53472e-29 -7.85086e-35 -2.15206e-30 -6.99452e-36 -9.59515e-32  1.66535e-36 -2.04668e-33  1.57827e-38 -4.65139e-36 -1.31971e-39  3.06486e-37
-8.79816e-19  1.70226e-30  5.87538e-17 -2.86193e-29 -1.53925e-15  2.41915e-28  2.44553e-14 -1.28279e-27 -2.72023e-13  4.59163e-27  2.27681e-12 -1.08455e-26 -1.49643e-11  1.18584e-26   7.9373e-11  3.51303e-26 -3.45993e-10 -3.16828e-25  1.25446e-09  1.75985e-24  -3.8111e-09  -8.8095e-24  9.73563e-09  3.94371e-23 -2.09067e-08 -1.53115e-22  3.75722e-08  5.11731e-22 -5.59412e-08 -1.47968e-21  6.77113e-08  3.73144e-21 -6.42751e-08 -8.26739e-21  4.42256e-08  1.61878e-20 -1.70914e-08 -2.81372e-20 -2.81249e-09  4.35643e-20  8.17822e-09  -6.0225e-20 -3.72384e-09  7.44168e-20 -9.96768e-10 -8.20826e-20  1.59036e-09  8.03852e-20 -1.67722e-10 -6.90347e-20 -4.35533e-10  5.07191e-20  1.16432e-10 -3.02974e-20   1.0682e-10  1.28984e-20   -3.442e-11 -1.75852e-21 -2.64694e-11 -2.91359e-21  6.55589e-12  3.27882e-21  6.42385e-12 -2.03001e-21 -5.16718e-13  8.76253e-22 -1.33265e-12 -2.75277e-22 -1.59968e-13      4.9e-23  1.92565e-13  2.16638e-23  7.08665e-14 -3.05987e-23 -1.03773e-14  1.45901e-23 -1.24426e-14 -6.55446e-27 -2.18021e-15 -3.25893e-24   8.0414e-16  9.48558e-25  4.66172e-16  4.75512e-25   6.1909e-17 -3.25723e-25 -2.18235e-17  1.66192e-26  -1.1296e-17   1.9926e-26 -1.79749e-18  6.63865e-27  1.79748e-19 -4.47022e-27  1.48012e-19 -1.08727e-27   3.1491e-20  8.39257e-28  2.07508e-21 -5.05448e-29 -5.99761e-22 -3.11399e-29 -2.01825e-22  2.86906e-30 -2.89279e-23  4.65972e-31 -1.66373e-24 -1.68334e-31  1.76635e-25  4.39841e-32  5.14209e-26 -4.05278e-33   5.7972e-27 -6.59137e-34  3.54439e-28  5.07162e-34  7.22423e-30 -6.06932e-35 -6.37432e-31 -4.77396e-36 -5.90156e-32  1.04318e-36 -2.05175e-33  1.51624e-38 -2.82217e-35 -3.63672e-40
-6.20731e-31 -1.71447e-17  1.90532e-29  6.54251e-16 -2.19307e-28 -1.31322e-14  1.46267e-27  1.74281e-13 -6.45229e-27 -1.68831e-12  1.95891e-26  1.26098e-11 -3.90835e-26 -7.51223e-11  3.51303e-26  3.65027e-10  8.24769e-26 -1.46842e-09 -6.07059e-25   4.9379e-09  3.22286e-24 -1.39573e-08 -1.72888e-23  3.32216e-08  8.25635e-23  -6.6457e-08  -3.3007e-22  1.10996e-07  1.10561e-21 -1.52766e-07 -3.15144e-21  1.69107e-07  7.75626e-21 -1.43528e-07 -1.66637e-20  8.31054e-08  3.14952e-20 -1.90667e-08 -5.26663e-20 -1.66396e-08  7.82641e-20  1.76914e-08 -1.03725e-19 -3.72533e-09  1.22901e-19 -4.29261e-09 -1.30204e-19  2.71494e-09   1.2279e-19  5.82082e-10 -1.01797e-19  -9.1761e-10  7.22442e-20 -3.95704e-11 -4.15325e-20  2.49073e-10  1.67503e-20  4.48142e-12 -1.80338e-21 -6.01169e-11 -3.85297e-21 -5.19943e-12  3.86463e-21  1.24258e-11 -2.13532e-21  2.83697e-12   8.0976e-22 -1.88043e-12 -2.35511e-22 -8.85053e-13  4.82343e-23  1.15471e-13  2.02846e-23  1.65571e-13 -3.50445e-23  2.65356e-14  1.69367e-23 -1.47183e-14  1.28404e-24 -7.42753e-15 -4.72731e-24 -5.24207e-16  1.16936e-24  6.00781e-16  7.22643e-25  2.28163e-16  -4.3143e-25  1.82254e-17  1.17128e-26 -1.16172e-17  2.40504e-26 -4.60249e-18  1.02058e-26 -6.30297e-19 -5.07131e-27  6.29428e-20 -1.62645e-27  4.50606e-20  9.25655e-28  9.03839e-21 -2.28144e-29  6.94661e-22 -3.29712e-29 -9.36802e-23  3.31752e-30    -3.58e-23 -3.76821e-33 -5.18666e-24  -2.2818e-31 -3.75174e-25  6.64345e-32  1.88348e-27 -3.99146e-33  3.61651e-27 -9.75294e-34  4.19049e-28   4.7104e-34  2.52646e-29 -4.01372e-35  7.80073e-31 -2.83443e-36  3.88127e-33  5.77617e-37 -4.34713e-34   9.3304e-39 -7.24549e-36
  3.3042e-18 -9.62773e-30 -2.24801e-16  1.65161e-28  6.00482e-15  -1.4253e-27 -9.73538e-14     7.75e-27  1.10603e-12 -2.88222e-26 -9.46433e-12  7.41493e-26  6.36623e-11 -1.21943e-25 -3.45993e-10  8.24769e-26  1.54739e-09  1.14711e-25 -5.76465e-09  -3.5383e-25  1.80258e-08  2.17406e-24  -4.7492e-08  -2.1876e-23  1.05449e-07  1.38962e-22 -1.96572e-07 -6.20691e-22  3.04921e-07  2.15724e-21 -3.87041e-07 -6.16687e-21  3.89623e-07  1.49572e-20 -2.91349e-07 -3.13408e-20  1.34132e-07  5.73687e-20 -1.34717e-09  -9.2429e-20 -4.92424e-08  1.31846e-19  3.04246e-08 -1.67386e-19  1.75827e-09  1.89977e-19 -1.08565e-08 -1.93192e-19  2.95954e-09  1.75514e-19  2.58839e-09 -1.40658e-19 -1.32368e-09  9.65651e-20 -5.70605e-10 -5.33753e-20  3.83373e-10  2.01531e-20  1.42007e-10 -1.26901e-21  -8.5543e-11 -5.03232e-21 -3.92667e-11  4.36414e-21   1.3421e-11 -2.06094e-21  9.94559e-12  6.33481e-22 -6.80498e-13 -1.68606e-22  -1.8884e-12  5.17613e-23 -3.28291e-13  1.52826e-23  2.04072e-13 -3.98145e-23  1.00574e-13  1.96171e-23  1.69521e-15  2.95249e-24 -1.14456e-14 -6.46835e-24 -3.56283e-15   1.3918e-24   6.1686e-17   1.0064e-24  3.35717e-16 -5.34276e-25  9.54996e-17  9.88294e-28  4.24104e-18  2.65455e-26 -4.82815e-18  1.46981e-26 -1.60146e-18 -5.33292e-27 -2.01744e-19 -2.21898e-27  1.48464e-20  9.45102e-28  1.10191e-20  9.39491e-30  2.13883e-21 -3.06834e-29  1.87849e-22  3.91748e-30 -6.98438e-24 -5.39339e-31 -4.52001e-24 -2.84728e-31 -6.66313e-25  7.98461e-32 -5.23971e-26 -4.49965e-33 -1.63316e-27 -1.06609e-33  1.09684e-28  4.07539e-34  1.58115e-29 -2.09803e-35  8.39448e-31 -1.36901e-36  2.16196e-32  2.75304e-37  2.04817e-34  3.59315e-39
 3.19813e-30  5.89468e-17 -1.00316e-28 -2.29398e-15  1.17837e-27  4.69954e-14 -8.03111e-27 -6.37128e-13  3.63857e-26  6.31099e-12 -1.14881e-25 -4.82472e-11  2.47847e-25  2.94538e-10 -3.16828e-25 -1.46842e-09  1.14711e-25  6.06931e-09 -1.85211e-25 -2.10036e-08   3.7898e-24  6.12116e-08 -1.53041e-23 -1.50562e-07  1.46394e-23   3.1212e-07  1.40611e-22 -5.42229e-07 -9.56853e-22  7.80295e-07  3.72906e-21 -9.10521e-07  -1.1019e-20  8.27031e-07  2.67317e-20 -5.32598e-07 -5.50797e-20  1.72099e-07  9.80813e-20  6.70078e-08 -1.52539e-19  -1.0979e-07   2.0886e-19  3.86191e-08 -2.53671e-19  1.96885e-08   2.7532e-19 -2.02427e-08   -2.685e-19 -2.31722e-10  2.35154e-19  6.19039e-09 -1.82594e-19 -8.89708e-10  1.21569e-19 -1.62532e-09 -6.45666e-20  2.94529e-10  2.24482e-20  4.08467e-10  1.18003e-22 -4.57343e-11  -6.5057e-21 -9.54417e-11  4.75002e-21 -3.29494e-12 -1.78206e-21  1.82417e-11  3.43309e-22  4.17286e-12 -7.79326e-23 -2.22085e-12  6.12892e-23 -1.20314e-12  6.34731e-24  1.82521e-14 -4.46035e-23  1.69735e-13  2.24481e-23  4.59515e-14  4.93563e-24 -6.11394e-15 -8.38632e-24 -6.64539e-15    1.599e-24 -1.41749e-15  1.30497e-24  1.43048e-16 -6.20967e-25  1.51665e-16 -1.62434e-26  3.48829e-17  2.63979e-26  8.75482e-19  1.98912e-26 -1.60571e-18 -5.11892e-27 -4.72841e-19 -2.80476e-27 -5.78929e-20  8.86945e-28  1.89187e-21  3.98405e-29  2.08543e-21 -2.43042e-29  4.00311e-22  4.69972e-30  3.83366e-23 -1.04988e-30  6.53629e-25 -3.23846e-31 -3.58674e-25  8.19047e-32  -5.6392e-26 -5.46715e-33 -4.41157e-27 -1.02302e-33 -1.82785e-28  3.27852e-34 -1.55697e-30 -6.64391e-36  2.13247e-31 -4.56666e-37  9.06899e-33  1.07211e-37  9.65247e-35
-1.02251e-17  4.63537e-29  7.09616e-16 -8.12388e-28  -1.9351e-14   7.1586e-27  3.20561e-13 -3.98379e-26 -3.72464e-12  1.52568e-25  3.26292e-11 -4.09206e-25 -2.24944e-10  7.21077e-25  1.25446e-09 -6.07059e-25 -5.76465e-09 -1.85211e-25  2.20997e-08  -2.2268e-24 -7.12376e-08  2.43097e-23  1.93882e-07 -9.71322e-23 -4.45813e-07  2.18658e-22  8.63406e-07 -1.64771e-22 -1.39745e-06 -9.59215e-22  1.86247e-06  5.45507e-21 -1.98921e-06 -1.77413e-20  1.61213e-06  4.41352e-20 -8.60632e-07 -9.05224e-20  1.27289e-07   1.5778e-19  2.33951e-07 -2.37443e-19 -1.97452e-07  3.11988e-19  2.22437e-08  -3.6178e-19  5.78907e-08  3.74537e-19 -2.75862e-08 -3.49798e-19 -1.07501e-08  2.95675e-19  1.04293e-08 -2.23262e-19  1.70089e-09  1.44742e-19 -2.97413e-09 -7.38464e-20 -3.84252e-10  2.30571e-20  7.20594e-10  2.58367e-21  1.42245e-10 -8.32466e-21 -1.42149e-10  5.01782e-21 -5.03541e-11 -1.29761e-21  1.85309e-11 -5.42229e-23  1.29266e-11  3.31716e-23 -1.64635e-13  7.65606e-23 -2.06549e-12 -6.65067e-24 -5.24392e-13 -4.86195e-23  1.29516e-13   2.5148e-23  1.01608e-13  7.05862e-24  1.56069e-14 -1.03354e-23 -5.62942e-15  1.77955e-24  -3.1338e-15  1.58925e-24 -4.80383e-16 -6.78311e-25  8.75215e-17 -3.96441e-26  5.70228e-17  2.27388e-26  1.12444e-17  2.54029e-26  2.39919e-19 -4.35379e-27  -4.2544e-19  -3.3125e-27 -1.16313e-19  7.54486e-28 -1.42835e-20  6.20273e-29 -1.13899e-22 -1.47709e-29  2.86789e-22  5.61276e-30  5.61357e-23 -1.45375e-30   5.5797e-24 -3.36105e-31  2.43578e-25   7.3619e-32 -1.23323e-26 -6.53171e-33 -2.74493e-27 -9.23646e-34 -2.01722e-28  2.43039e-34 -7.72893e-30  1.43638e-36 -1.33379e-31 -3.24205e-38 -1.41235e-34  2.97309e-38
-1.40928e-29 -1.67689e-16  4.52677e-28  6.66404e-15 -5.43265e-27 -1.39535e-13  3.78453e-26  1.93522e-12 -1.75903e-25 -1.96294e-11  5.74386e-25  1.53834e-10 -1.29921e-24 -9.63823e-10  1.75985e-24   4.9379e-09  -3.5383e-25 -2.10036e-08  -2.2268e-24   7.4925e-08 -1.09279e-23 -2.25513e-07  9.97674e-23  5.74183e-07 -3.80746e-22 -1.23561e-06  9.39747e-22  2.23643e-06  -1.4812e-21 -3.37012e-06  5.24968e-22  4.14995e-06  5.84319e-21 -4.03258e-06 -2.49958e-20  2.86811e-06   6.6852e-20 -1.17999e-06 -1.39131e-19 -1.38824e-07  2.39436e-19  5.51587e-07 -3.49751e-19 -2.82452e-07  4.40751e-19 -5.39891e-08 -4.86485e-19  1.18176e-07  4.78571e-19 -2.05002e-08 -4.27156e-19 -3.18809e-08  3.49148e-19  1.17049e-08 -2.57839e-19  7.76069e-09  1.63767e-19 -3.58497e-09  -8.0272e-20 -1.98747e-09  2.16143e-20  7.81083e-10  6.25975e-21  5.25382e-10 -1.05252e-20 -1.02748e-10  5.18518e-21  -1.2322e-10 -6.30966e-22  -3.8108e-12 -5.43244e-22  2.10716e-11   1.6288e-22  5.64062e-12  9.51042e-23 -1.78048e-12 -2.38613e-23 -1.28165e-12 -5.06442e-23 -1.32629e-13  2.74688e-23  1.13569e-13  9.01972e-24  4.83519e-14 -1.21437e-23  3.48295e-15  1.93174e-24 -3.22015e-15  1.82788e-24 -1.24663e-15 -6.95849e-25 -1.43598e-16 -6.77826e-26  3.58797e-17  1.51093e-26   1.7983e-17  3.07201e-26  3.19411e-18 -3.05459e-27  9.65422e-20 -3.67016e-27 -8.74135e-20  5.64729e-28 -2.31197e-20  7.10725e-29 -2.86931e-21 -3.66235e-30 -1.11998e-22  6.51219e-30  2.52754e-23 -1.70018e-30  5.47721e-24 -3.20407e-31  5.42048e-25  5.84249e-32  2.87894e-26 -7.24587e-33  3.68708e-28 -8.04527e-34 -5.68625e-29   1.6356e-34 -3.98261e-30  4.07651e-36 -1.05165e-31  7.37473e-38 -8.31609e-34
 2.62232e-17 -1.92065e-28 -1.85909e-15  3.44521e-27  5.18334e-14 -3.10285e-26 -8.78703e-13  1.76775e-25  1.04583e-11 -6.97007e-25 -9.39465e-11  1.94703e-24  6.64871e-10 -3.64243e-24  -3.8111e-09  3.22286e-24  1.80258e-08   3.7898e-24 -7.12376e-08 -1.09279e-23  2.37142e-07 -4.09066e-23 -6.67912e-07  3.33626e-22  1.59337e-06 -1.20956e-21 -3.21178e-06  3.01391e-21  5.43332e-06  -5.4682e-21 -7.61453e-06  6.26825e-21  8.63499e-06   1.0347e-21 -7.57037e-06 -2.85278e-20  4.60371e-06  9.15974e-20 -1.22166e-06 -1.99802e-19 -8.40171e-07  3.43743e-19  1.03693e-06 -4.89313e-19 -2.81907e-07  5.90764e-19 -2.33523e-07 -6.17896e-19  1.83804e-07  5.74308e-19  2.13133e-08  -4.8839e-19 -6.17128e-08  3.87258e-19  3.14077e-09 -2.82148e-19  1.71106e-08   1.7713e-19 -1.44337e-09 -8.34476e-20  -4.3696e-09  1.80412e-20  7.85228e-11  1.11513e-20  9.98702e-10 -1.31093e-20  1.22347e-10  5.28448e-21 -1.78781e-10  1.72049e-22 -5.87093e-11 -1.09962e-21  1.79479e-11  3.11213e-22  1.39211e-11   1.1264e-22  9.85512e-13 -4.55892e-23 -1.64576e-12   -4.929e-23 -6.00379e-13  2.93424e-23   1.1693e-14  1.04202e-23  6.64965e-14  -1.3648e-23  1.91269e-14  2.06289e-24  1.53418e-16  1.99405e-24 -1.40702e-15 -6.68195e-25 -4.26683e-16 -9.82979e-26 -3.97215e-17  3.69473e-27  1.09882e-17  3.52558e-26  4.72539e-18 -1.34291e-27  7.85791e-19 -3.81834e-27  3.61671e-20  3.44533e-28 -1.31461e-20   6.5232e-29  -3.5528e-21  7.24235e-30 -4.42075e-22  7.19616e-30 -2.56369e-23 -1.77933e-30  9.19229e-25 -2.83778e-31   3.3092e-25  4.06279e-32  3.18959e-26 -7.28521e-33  1.64359e-27 -6.70857e-34  4.09472e-29  9.78965e-35   1.0053e-32  3.47565e-36 -1.79663e-32  4.63756e-38
 5.35894e-29  3.96102e-16 -1.76756e-27 -1.61012e-14  2.17063e-26  3.45151e-13  -1.5467e-25 -4.90544e-12  7.37694e-25   5.1041e-11 -2.49309e-24 -4.10778e-10  5.94206e-24  2.64617e-09  -8.8095e-24 -1.39573e-08  2.17406e-24  6.12116e-08  2.43097e-23 -2.25513e-07 -4.09066e-23  7.02367e-07 -1.30348e-22 -1.85476e-06   9.7187e-22  4.15132e-06 -3.34504e-21  -7.8433e-06  8.21224e-21  1.23984e-05 -1.55662e-20 -1.61331e-05  2.20134e-20  1.67732e-05 -1.71034e-20 -1.31094e-05 -1.89494e-20  6.51701e-06  1.10105e-19 -4.56452e-07 -2.67515e-19 -2.22165e-06  4.68457e-19  1.60016e-06 -6.53015e-19  -4.4802e-08  7.53979e-19 -5.42049e-07  -7.4249e-19  2.05089e-07   6.4653e-19  1.19191e-07 -5.21409e-19 -8.67342e-08  4.03239e-19 -2.35797e-08 -2.93733e-19  2.59252e-08   1.8448e-19   5.8146e-09 -8.35762e-20 -6.32791e-09  1.25434e-20 -1.86617e-09  1.71205e-20  1.19818e-09 -1.60236e-20  5.74442e-10  5.35149e-21 -1.30518e-10  1.04621e-21 -1.33073e-10  -1.6913e-21 -8.87581e-12  4.79225e-22  1.88239e-11  1.23982e-22  6.39449e-12 -7.22905e-23 -7.14827e-13 -4.33731e-23 -9.96305e-13  3.09699e-23 -2.19433e-13  1.08411e-23  3.42264e-14  -1.4726e-23  3.05068e-14  2.18408e-24  6.48074e-15  2.07147e-24 -2.73252e-16  -5.9645e-25 -4.96793e-16 -1.28245e-25 -1.26621e-16 -1.05627e-26 -1.05956e-17  3.84366e-26  2.53749e-18  5.70965e-28  1.01433e-18 -3.72397e-27   1.6196e-19   1.2435e-28  1.00918e-20  4.64947e-29  -1.2668e-21  1.64149e-29 -3.96194e-22  7.47434e-30  -4.8837e-23 -1.71787e-30  -3.2257e-24 -2.37603e-31 -5.72947e-26  2.39658e-32  9.65331e-27 -6.58225e-33  9.60844e-28 -5.21669e-34  4.05872e-29  5.06827e-35  7.78868e-31  1.87615e-36    3.963e-33
-5.57965e-17  6.90271e-28  4.04827e-15  -1.2703e-26 -1.15614e-13  1.17078e-25  2.00949e-12 -6.83142e-25 -2.45459e-11  2.77328e-24  2.26539e-10 -8.08085e-24 -1.64911e-09  1.62587e-23  9.73563e-09 -1.72888e-23  -4.7492e-08 -1.53041e-23  1.93882e-07  9.97674e-23 -6.67912e-07 -1.30348e-22  1.95087e-06 -3.68049e-22 -4.83869e-06  2.53645e-21  1.01725e-05 -8.29495e-21 -1.80224e-05  1.98904e-20   2.6606e-05 -3.81596e-20 -3.20702e-05  5.83447e-20  3.03824e-05 -6.35125e-20 -2.07936e-05  2.09258e-20  7.72279e-06  1.07178e-19  1.93018e-06 -3.32603e-19 -4.42636e-06  6.08679e-19  1.95407e-06 -8.35559e-19  6.27975e-07  9.19979e-19 -9.39683e-07 -8.45315e-19  9.39601e-08  6.80903e-19  2.77879e-07 -5.17067e-19 -7.74504e-08  3.93656e-19 -7.23798e-08 -2.92494e-19  2.52526e-08  1.86633e-19  1.90336e-08 -8.13191e-20 -5.35458e-09  5.53948e-21 -4.95594e-09  2.38855e-20  5.36514e-10 -1.91381e-20  1.11455e-09  5.41395e-21  1.13078e-10  1.91027e-21 -1.76148e-10  -2.2787e-21 -6.18033e-11  6.67607e-22  1.10986e-11  1.24157e-22  1.18997e-11 -1.04436e-22  1.99048e-12 -3.22727e-23 -8.28031e-13  3.28006e-23 -4.67433e-13  9.94744e-24 -6.21913e-14  -1.5317e-23  2.20437e-14   2.3029e-24  1.15838e-14  2.05759e-24  1.93211e-15 -4.88338e-25 -1.44523e-16 -1.54552e-25  -1.4397e-16 -2.60414e-26 -3.24295e-17  3.98068e-26 -2.70569e-18  2.43059e-27  4.22117e-19 -3.39021e-27  1.71939e-19 -6.85107e-29  2.67078e-20  1.99688e-29  1.98842e-21  2.28889e-29 -4.30497e-23  7.23851e-30 -2.90125e-23 -1.56298e-30  -3.5481e-24 -1.92501e-31 -2.32209e-25  1.07999e-32 -7.52154e-27 -5.32467e-33  1.95754e-29 -3.66703e-34  1.02083e-29  2.17856e-35  2.65977e-31  6.26164e-37
-1.76916e-28 -7.76117e-16  6.01357e-27  3.23364e-14 -7.57203e-26 -7.11146e-13  5.52382e-25  1.03794e-11 -2.70336e-24 -1.11023e-10  9.45159e-24  9.19583e-10  -2.3779e-23 -6.10417e-09  3.94371e-23  3.32216e-08  -2.1876e-23 -1.50562e-07 -9.71322e-23  5.74183e-07  3.33626e-22 -1.85476e-06 -3.68049e-22  5.09161e-06 -9.38431e-22   -1.188e-05  6.01431e-21  2.34821e-05 -1.87185e-20 -3.90197e-05  4.37401e-20  5.37437e-05 -8.39321e-20 -5.98201e-05  1.32889e-19  5.12016e-05 -1.62772e-19 -2.98242e-05  1.18592e-19  6.48806e-06  5.96377e-20  6.90406e-06 -3.81419e-19  -7.2597e-06  7.58351e-19  1.55142e-06 -1.03102e-18   1.8998e-06  1.07786e-18 -1.26361e-06 -9.12802e-19 -2.56344e-07  6.67301e-19  4.59414e-07 -4.71702e-19   7.3501e-09  3.59478e-19 -1.33525e-07 -2.80665e-19  2.50207e-09  1.85214e-19  3.47912e-08 -7.75294e-20  1.62381e-09 -2.44487e-21  -7.8904e-09  3.10317e-20 -1.48658e-09 -2.22357e-20  1.34675e-09  5.48435e-21  5.60018e-10  2.67125e-21  -1.0935e-10 -2.81634e-21 -1.19469e-10  8.75438e-22 -1.56408e-11   1.0951e-22  1.21937e-11 -1.42299e-22   5.5826e-12 -1.61475e-23  2.73048e-13  3.53953e-23 -5.02167e-13  7.58589e-24 -1.80604e-13 -1.54234e-23 -1.30171e-14  2.41819e-24   9.6258e-15  1.96294e-24  3.72813e-15 -3.57004e-25   5.1936e-16 -1.74508e-25 -4.31547e-17 -4.07231e-26 -3.40655e-17  3.91247e-26 -7.03895e-18  3.99182e-27 -6.20017e-19 -2.85847e-27  4.34212e-20 -2.15096e-28  2.18441e-20 -7.74418e-30  3.32562e-21  2.63537e-29  2.67428e-22   6.5021e-30  6.23861e-24 -1.36274e-30 -1.13418e-24 -1.54539e-31 -1.48584e-25  2.00007e-33 -8.66061e-27 -3.84092e-33 -2.59149e-28 -2.25734e-34 -2.94754e-30  7.24639e-36  6.60589e-33
