  0.00567381  1.53599e-19   -0.0155221  -1.0243e-18   0.00468258  2.28943e-18   0.00347594  -4.2285e-18  0.000677251  1.42425e-18 -6.78303e-05   7.5274e-19 -7.06611e-05  2.41845e-19 -1.91187e-05  3.20149e-20 -2.84078e-06 -1.12472e-20 -2.30348e-07  2.06459e-22 -6.96123e-09
 1.53599e-19    0.0284717  5.73825e-19   -0.0380668 -1.69448e-18 -0.000938503  2.42023e-18   0.00644849 -8.95171e-18   0.00279023  1.29668e-18  0.000567367  1.35364e-18  4.53002e-05  4.98798e-19 -5.11657e-06   6.3092e-20 -1.58719e-06  2.42576e-21 -1.28897e-07  1.53695e-21
  -0.0155221  5.73825e-19    0.0663825     1.51e-18   -0.0506997 -2.24588e-19     -0.01673 -2.01288e-18   0.00346513  -1.3824e-17   0.00369901  -1.0431e-18   0.00122814  8.67671e-19  0.000233706   3.9063e-19  2.69359e-05  5.09932e-20  1.71628e-06   1.2759e-20  4.04356e-08
 -1.0243e-18   -0.0380668     1.51e-18    0.0980847  4.19776e-18   -0.0421372  3.83214e-18   -0.0318863 -9.39348e-18   -0.0052711 -1.82057e-17   0.00151124  -5.1587e-18   0.00096963 -8.51346e-19  0.000232906 -1.03365e-19  2.99703e-05  3.27622e-21  1.83277e-06  8.36953e-21
  0.00468258 -1.69448e-18   -0.0506997  4.19776e-18      0.10809  1.10728e-17   -0.0193967  9.45523e-18   -0.0365105 -1.46741e-17   -0.0135853 -2.10316e-17  -0.00217411 -9.23118e-18  4.98783e-06 -2.76366e-18  6.22218e-05 -5.46909e-19  9.54277e-06 -2.63974e-20   4.1677e-07
 2.28943e-18 -0.000938503 -2.24588e-19   -0.0421372  1.10728e-17     0.102099  2.38703e-17    0.0054842  1.67434e-17   -0.0290479 -1.41338e-17   -0.0158787  -2.1093e-17  -0.00429535 -1.12873e-17 -0.000680608  -3.6346e-18 -6.14046e-05  -6.0433e-19 -2.57986e-06 -1.95108e-20
  0.00347594  2.42023e-18     -0.01673  3.83214e-18   -0.0193967  2.38703e-17    0.0939704  4.19257e-17    0.0270944  2.67867e-17   -0.0136726  -8.2214e-18   -0.0114358 -1.81908e-17  -0.00367969 -1.05944e-17 -0.000655881 -3.12945e-18 -6.29155e-05 -3.70067e-19 -2.21374e-06
 -4.2285e-18   0.00644849 -2.01288e-18   -0.0318863  9.45523e-18    0.0054842  4.19257e-17    0.0908377  6.22859e-17    0.0444684  3.82123e-17   0.00331861 -7.16542e-19  -0.00395201 -1.35653e-17   -0.0016463 -7.92157e-18 -0.000291539 -1.89798e-18 -2.25411e-05 -1.25749e-19
 0.000677251 -8.95171e-18   0.00346513 -9.39348e-18   -0.0365105  1.67434e-17    0.0270944  6.22859e-17    0.0913754  7.97619e-17    0.0556018  4.58611e-17    0.0156152  4.22049e-18   0.00192394 -8.91478e-18 -4.11354e-05 -4.72531e-18 -3.53117e-05  -7.9506e-19 -2.20851e-06
 1.42425e-18   0.00279023  -1.3824e-17   -0.0052711 -1.46741e-17   -0.0290479  2.67867e-17    0.0444684  7.97619e-17    0.0899903  8.73532e-17    0.0572273  4.45897e-17    0.0195987  4.96915e-18   0.00400992 -5.22499e-18  0.000479204 -2.18787e-18  2.79508e-05 -2.02422e-19
-6.78303e-05  1.29668e-18   0.00369901 -1.82057e-17   -0.0135853 -1.41338e-17   -0.0136726  3.82123e-17    0.0556018  8.73532e-17    0.0812552  8.00642e-17    0.0485866  3.43409e-17    0.0163054  3.05237e-18   0.00323744 -2.66686e-18  0.000350596 -7.37508e-19  1.38871e-05
  7.5274e-19  0.000567367  -1.0431e-18   0.00151124 -2.10316e-17   -0.0158787  -8.2214e-18   0.00331861  4.58611e-17    0.0572273  8.00642e-17    0.0639428  5.99703e-17    0.0336507  2.05242e-17    0.0100115  9.87572e-19   0.00167933 -1.10865e-18  0.000132894 -1.55177e-19
-7.06611e-05  1.35364e-18   0.00122814  -5.1587e-18  -0.00217411  -2.1093e-17   -0.0114358 -7.16542e-19    0.0156152  4.45897e-17    0.0485866  5.99703e-17    0.0423294  3.58708e-17    0.0187561  9.25505e-18   0.00463841 -1.07212e-21  0.000598257 -3.39159e-19  2.71633e-05
 2.41845e-19  4.53002e-05  8.67671e-19   0.00096963 -9.23118e-18  -0.00429535 -1.81908e-17  -0.00395201  4.22049e-18    0.0195987  3.43409e-17    0.0336507  3.58708e-17    0.0229757   1.6706e-17   0.00828383  3.00145e-18    0.0016108  -1.5758e-19  0.000142867 -6.39534e-20
-1.91187e-05  4.98798e-19  0.000233706 -8.51346e-19  4.98783e-06 -1.12873e-17  -0.00367969 -1.35653e-17   0.00192394  4.96915e-18    0.0163054  2.05242e-17    0.0187561   1.6706e-17    0.0100081  5.85694e-18   0.00284289  6.32039e-19  0.000407695 -7.23775e-20  2.00792e-05
 3.20149e-20 -5.11657e-06   3.9063e-19  0.000232906 -2.76366e-18 -0.000680608 -1.05944e-17   -0.0016463 -8.91478e-18   0.00400992  3.05237e-18    0.0100115  9.25505e-18   0.00828383  5.85694e-18   0.00342243  1.46348e-18  0.000737553  6.04079e-20  7.07866e-05 -1.47045e-20
-2.84078e-06   6.3092e-20  2.69359e-05 -1.03365e-19  6.22218e-05  -3.6346e-18 -0.000655881 -7.92157e-18 -4.11354e-05 -5.22499e-18   0.00323744  9.87572e-19   0.00463841  3.00145e-18   0.00284289  1.46348e-18   0.00089418  2.32877e-19  0.000138612 -6.14062e-21  7.24898e-06
-1.12472e-20 -1.58719e-06  5.09932e-20  2.99703e-05 -5.46909e-19 -6.14046e-05 -3.12945e-18 -0.000291539 -4.72531e-18  0.000479204 -2.66686e-18   0.00167933 -1.07212e-21    0.0016108  6.32039e-19  0.000737553  2.32877e-19  0.000171758  1.59801e-20  1.74999e-05 -2.21067e-21
-2.30348e-07  2.42576e-21  1.71628e-06  3.27622e-21  9.54277e-06  -6.0433e-19 -6.29155e-05 -1.89798e-18 -3.53117e-05 -2.18787e-18  0.000350596 -1.10865e-18  0.000598257  -1.5758e-19  0.000407695  6.04079e-20  0.000138612  1.59801e-20   2.2809e-05 -1.31199e-21  1.24948e-06
 2.06459e-22 -1.28897e-07   1.2759e-20  1.83277e-06 -2.63974e-20 -2.57986e-06 -3.70067e-19 -2.25411e-05  -7.9506e-19  2.79508e-05 -7.37508e-19  0.000132894 -3.39159e-19  0.000142867 -7.23775e-20  7.07866e-05 -6.14062e-21  1.74999e-05 -1.31199e-21  1.86772e-06 -2.89803e-22
-6.96123e-09  1.53695e-21  4.04356e-08  8.36953e-21   4.1677e-07 -1.95108e-20 -2.21374e-06 -1.25749e-19 -2.20851e-06 -2.02422e-19  1.38871e-05 -1.55177e-19  2.71633e-05 -6.39534e-20  2.00792e-05 -1.47045e-20  7.24898e-06 -2.21067e-21  1.24948e-06 -2.89803e-22  7.09787e-08
