    0.274223  5.37266e-16    0.0914352 -1.91545e-16    0.0348899  1.99659e-16    0.0202643  5.77357e-16    0.0114055  3.98819e-16   0.00544466  2.02491e-16   0.00223808   1.0952e-16  0.000815487  6.17439e-17  0.000269361  3.03363e-17  8.19416e-05  1.15749e-17  2.32158e-05  3.01251e-18  6.17557e-06  2.39811e-19  1.55156e-06 -2.76949e-19  3.69834e-07 -2.19516e-19  8.39224e-08 -1.10745e-19  1.81777e-08 -4.52345e-20  3.76609e-09 -1.55777e-20   7.4756e-10 -4.44719e-21  1.42351e-10 -9.62431e-22    2.603e-11 -9.21064e-23  4.57425e-12  4.83528e-23  7.72946e-13  3.81334e-23  1.25645e-13  1.72055e-23   1.9653e-14  6.05933e-24  2.95843e-15  1.75787e-24  4.28611e-16  4.08663e-25  5.97593e-17   6.2911e-26   8.0171e-18  -2.7872e-27  1.03464e-18 -7.18286e-27  1.28403e-19 -3.66848e-27  1.53176e-20 -1.37529e-27  1.75553e-21 -4.38174e-28  1.93185e-22 -1.24889e-28  2.03978e-23 -3.26209e-29  2.06491e-24 -7.90798e-30  2.00237e-25 -1.79325e-30  1.85817e-26 -3.83278e-31  1.64835e-27 -7.80401e-32  1.39609e-28 -1.53643e-32  1.12743e-29 -2.97216e-33  8.66822e-31 -5.70455e-34  6.33461e-32 -1.08209e-34    4.392e-33 -1.99302e-35  2.88318e-34 -3.47873e-36  1.78797e-35 -5.62267e-37  1.04479e-36 -8.26319e-38  5.73629e-38 -1.08979e-38  2.94967e-39 -1.27815e-39  1.41536e-40  -1.3248e-40  6.31094e-42 -1.20795e-41  2.60236e-43 -9.64775e-43  9.86863e-45 -6.70733e-44  3.41905e-46 -4.00658e-45  1.07377e-47 -1.99591e-46  3.02806e-49 -7.69349e-48  7.57862e-51 -1.75683e-49  1.65877e-52  2.67715e-51  3.11475e-54  5.14843e-52  4.88901e-56  2.87146e-53  6.18097e-58   9.8576e-55   5.9423e-60   2.1724e-56  3.92545e-62  2.76244e-58  1.41396e-64  1.33081e-60
 5.37266e-16      0.16916  1.63912e-16    0.0963885   7.8376e-17      0.06512  1.13929e-15    0.0377423  1.10674e-15    0.0182869   6.5352e-16   0.00765712  3.48215e-16   0.00285393  1.89307e-16  0.000966916  9.55706e-17  0.000302178  3.95763e-17  8.80207e-05  1.19595e-17  2.40798e-05  1.83218e-18  6.22194e-06 -5.84077e-19  1.52503e-06  -6.6933e-19   3.5576e-07 -3.77787e-19  7.91955e-08 -1.65934e-19  1.68579e-08 -6.09429e-20  3.43701e-09 -1.86591e-20  6.72038e-10 -4.46813e-21  1.26151e-10 -6.08595e-22   2.2752e-11  1.31036e-22  3.94498e-12  1.45705e-22  6.57908e-13  7.25197e-23  1.05563e-13  2.72947e-23  1.62994e-14   8.4226e-24  2.42198e-15  2.11034e-24  3.46336e-16  3.76932e-25  4.76543e-17  1.04199e-26  6.30795e-18 -2.94796e-26   8.0302e-19 -1.73214e-26  9.82761e-20 -6.94252e-27  1.15571e-20 -2.31993e-27  1.30523e-21 -6.87972e-28  1.41476e-22 -1.86223e-28  1.47068e-23 -4.66833e-29  1.46498e-24 -1.09303e-29  1.39708e-25  -2.4078e-30   1.2742e-26 -5.03934e-31  1.11015e-27 -1.01627e-31  9.22786e-29  -2.0075e-32  7.30766e-30  -3.9315e-33   5.5047e-31 -7.63057e-34  3.93744e-32 -1.44593e-34  2.66919e-33 -2.61271e-35  1.71119e-34 -4.39564e-36  1.03497e-35 -6.75292e-37  5.88979e-37 -9.34028e-38  3.14412e-38 -1.15181e-38  1.56905e-39 -1.25795e-39  7.29153e-41 -1.21108e-40  3.14123e-42 -1.02376e-41  1.24805e-43 -7.55906e-43  4.54549e-45 -4.82446e-44  1.50675e-46 -2.59839e-45  4.50688e-48 -1.11333e-46  1.20375e-49 -3.15235e-48   2.8336e-51  2.59022e-51  5.78116e-53  6.81436e-51   9.9983e-55  4.67981e-52  1.42133e-56  1.90842e-53  1.58671e-58  5.12923e-55  1.29081e-60  8.62337e-57  6.61324e-63  7.34723e-59  1.37573e-65
   0.0914352  1.63912e-16     0.119711 -1.56802e-16     0.109397  1.56102e-15    0.0721765  2.02474e-15    0.0378226  1.38667e-15    0.0167992  7.62524e-16    0.0065791  4.08688e-16   0.00232911  2.10935e-16   0.00075773  9.37483e-17   0.00022914  3.20133e-17  6.49404e-05  6.74253e-18  1.73539e-05 -4.78887e-19  4.39287e-06 -1.37882e-18  1.05711e-06 -8.96195e-19  2.42506e-07 -4.26271e-19   5.3152e-08 -1.67297e-19    1.115e-08 -5.48753e-20  2.24179e-09 -1.44015e-20  4.32483e-10 -2.46778e-21  8.01267e-11  1.55718e-22  1.42665e-11   3.7912e-22  2.44239e-12  2.12744e-22  4.02186e-13  8.60503e-23  6.37177e-14  2.82759e-23  9.71334e-15   7.6093e-24  1.42483e-15  1.53575e-24  2.01097e-16  1.24279e-25  2.73041e-17 -7.89284e-26  3.56546e-18 -5.64825e-26  4.47633e-19 -2.44514e-26  5.40085e-20 -8.60191e-27  6.25911e-21 -2.65875e-27  6.96331e-22 -7.46474e-28  7.43145e-23 -1.93597e-28  7.60235e-24 -4.68177e-29  7.44834e-25 -1.06335e-29  6.98207e-26 -2.28872e-30  6.25532e-27 -4.73003e-31  5.34971e-28 -9.54134e-32  4.36159e-29 -1.90505e-32  3.38492e-30 -3.77695e-33  2.49646e-31 -7.34847e-34  1.74655e-32 -1.37208e-34  1.15673e-33 -2.39932e-35  7.23598e-35 -3.84905e-36  4.26454e-36 -5.57878e-37  2.36113e-37  -7.2284e-38  1.22417e-38 -8.31287e-39  5.92179e-40 -8.44389e-40  2.66159e-41 -7.54707e-41  1.10616e-42 -5.90956e-42  4.22722e-44 -4.02021e-43  1.47569e-45 -2.33088e-44  4.66922e-47  -1.0994e-45  1.32643e-48 -3.68991e-47  3.34388e-50 -3.62055e-49  7.37118e-52  5.74272e-50  1.39385e-53  5.03814e-51  2.20299e-55  2.42805e-52  2.80411e-57  7.79296e-54  2.71375e-59  1.64606e-55   1.8043e-61  2.02719e-57  6.54365e-64  9.50202e-60
-1.91545e-16    0.0963885 -1.56802e-16     0.128386  1.75413e-15     0.101506  2.86928e-15    0.0594077  2.29067e-15    0.0285761  1.34206e-15    0.0119253   7.2185e-16    0.0044551   3.7851e-16    0.0015197  1.78479e-16  0.000479667   6.7646e-17  0.000141409  1.75973e-17  3.92055e-05  1.02359e-18   1.0275e-05 -2.14372e-18  2.55568e-06 -1.69419e-18  6.05142e-07 -8.82354e-19  1.36741e-07 -3.71236e-19  2.95443e-08 -1.30417e-19  6.11307e-09 -3.72556e-20  1.21282e-09 -7.56184e-21  2.30947e-10 -2.32568e-22   4.2242e-11  7.60968e-22  7.42599e-12  4.99239e-22  1.25526e-12  2.18704e-22  2.04086e-13  7.66752e-23   3.1921e-14  2.21079e-23  4.80348e-15  4.95314e-24  6.95411e-16   6.0974e-25   9.6846e-17  -1.4833e-25  1.29714e-17 -1.45856e-25  1.67043e-18 -6.92026e-26  2.06749e-19 -2.57539e-26  2.45826e-20   -8.315e-27  2.80637e-21 -2.42409e-27  3.07412e-22 -6.50788e-28  3.22876e-23 -1.62611e-28  3.24891e-24 -3.80949e-29  3.12912e-25  -8.4369e-30  2.88169e-26 -1.78791e-30  2.53463e-27  -3.6839e-31  2.12653e-28 -7.49498e-32  1.69945e-29 -1.51565e-32  1.29166e-30 -3.02166e-33  9.32048e-32 -5.81845e-34  6.37298e-33 -1.05585e-34  4.12031e-34 -1.76662e-35  2.51282e-35 -2.68076e-36  1.44168e-36 -3.64695e-37  7.75788e-38 -4.41347e-38  3.90207e-39 -4.72661e-39  1.82739e-40 -4.46288e-40  7.93251e-42 -3.70113e-41   3.1753e-43  -2.6781e-42  1.16499e-44 -1.66528e-43  3.88974e-46  -8.5777e-45  1.17178e-47 -3.31433e-46  3.15169e-49 -6.10395e-48  7.47031e-51  3.39178e-49  1.53447e-52  4.13343e-50  2.67157e-54  2.35771e-51  3.82286e-56  8.91144e-53  4.29511e-58  2.28924e-54  3.51531e-60  3.72416e-56   1.8111e-62   3.0873e-58  3.79552e-65
   0.0348899   7.8376e-17     0.109397  1.75413e-15     0.112968  3.36922e-15    0.0763535  3.13613e-15    0.0404929  2.00584e-15    0.0182085  1.10441e-15   0.00723278  5.86831e-16   0.00260086  2.90355e-16  0.000860257  1.20459e-16   0.00026461  3.67978e-17   7.6292e-05   5.3114e-18  2.07394e-05 -2.46993e-18  5.33953e-06  -2.6776e-18  1.30649e-06 -1.55419e-18  3.04646e-07 -7.04477e-19  6.78445e-08 -2.65217e-19  1.44552e-08 -8.20746e-20  2.95071e-09 -1.90662e-20   5.7771e-10 -1.84688e-21  1.08582e-10  1.20327e-21  1.96053e-11  9.87883e-22  3.40238e-12  4.74017e-22  5.67741e-13  1.77838e-22  9.11147e-14  5.48611e-23  1.40655e-14  1.34779e-23  2.08866e-15  2.13329e-24   2.9833e-16 -1.59071e-25  4.09801e-17 -3.12974e-25  5.41244e-18 -1.66408e-25  6.87088e-19 -6.59301e-26  8.38011e-20 -2.22961e-26  9.81498e-21 -6.75859e-27  1.10325e-21 -1.87956e-27  1.18937e-22 -4.85459e-28  1.22878e-23 -1.17355e-28  1.21557e-24 -2.67586e-29  1.15029e-25 -5.81856e-30  1.04013e-26  -1.2252e-30  8.97642e-28 -2.53946e-31  7.38366e-29  -5.2315e-32  5.78032e-30 -1.06662e-32  4.29964e-31 -2.11372e-33  3.03333e-32 -3.97341e-34  2.02552e-33 -6.92481e-35  1.27731e-34 -1.09907e-35  7.58759e-36 -1.56868e-36  4.23372e-37 -1.99637e-37  2.21185e-38 -2.25269e-38    1.078e-39 -2.24518e-39  4.88098e-41  -1.9698e-40  2.04328e-42 -1.51329e-41   7.8642e-44 -1.00593e-42  2.76463e-45 -5.62106e-44  8.80798e-47 -2.45002e-45   2.5192e-48 -6.32415e-47  6.39331e-50  1.27352e-48  1.41862e-51  2.72756e-49  2.69992e-53  1.85989e-50  4.29427e-55  8.20816e-52  5.50016e-57  2.50866e-53  5.35436e-59  5.12091e-55  3.57648e-61  6.13481e-57  1.30067e-63  2.80471e-59
 1.99659e-16      0.06512  1.56102e-15     0.101506  3.36922e-15     0.082782  3.65196e-15    0.0494049  2.60346e-15    0.0242199  1.50167e-15    0.0103061  8.11862e-16   0.00392691  4.17709e-16   0.00136615  1.87461e-16  0.000439654  6.53299e-17    0.0001321  1.37802e-17  3.73089e-05 -1.60748e-18  9.95543e-06 -3.58813e-18  2.51975e-06 -2.39222e-18  6.06801e-07 -1.17726e-18  1.39377e-07 -4.75775e-19  3.05947e-08 -1.59004e-19  6.42826e-09 -4.13843e-20  1.29444e-09 -6.11984e-21  2.50064e-10  1.40255e-21  4.63818e-11  1.68723e-21  8.26494e-12  9.01977e-22  1.41556e-12  3.63735e-22  2.33106e-13  1.20006e-22  3.69153e-14  3.20526e-23  5.62246e-15  6.05466e-24   8.2359e-16  1.37171e-25  1.16016e-16 -5.65724e-25  1.57129e-17 -3.49677e-25  2.04557e-18 -1.48766e-25  2.55873e-19  -5.2878e-26  3.07394e-20 -1.66946e-26  3.54481e-21 -4.81355e-27  3.92143e-22 -1.28577e-27  4.15853e-23 -3.20876e-28  4.22403e-24 -7.53684e-29  4.10591e-25 -1.68289e-29  3.81544e-26 -3.62388e-30  3.38563e-27 -7.65277e-31  2.86514e-28 -1.60453e-31  2.30918e-29 -3.33932e-32  1.76969e-30 -6.79576e-33  1.28741e-31 -1.32083e-33  8.87324e-33 -2.39418e-34  5.78184e-34 -3.97016e-35  3.55329e-35 -5.94019e-36  2.05406e-36 -7.94456e-37  1.11353e-37 -9.43938e-38   5.6417e-39 -9.92346e-39  2.66103e-40 -9.20149e-40  1.16327e-41 -7.49348e-41   4.6887e-43 -5.31022e-42  1.73198e-44 -3.20131e-43  5.82158e-46 -1.55069e-44  1.76531e-47 -5.02947e-46  4.77894e-49  3.50701e-49  1.13998e-50  1.47738e-48  2.35638e-52  1.23285e-49  4.12773e-54  6.32903e-51  5.94109e-56  2.26665e-52  6.71363e-58   5.6174e-54  5.52061e-60  8.88533e-56  2.84369e-62  7.18608e-58  5.90637e-65
   0.0202643  1.13929e-15    0.0721765  2.86928e-15    0.0763535  3.65196e-15    0.0527111   2.9613e-15    0.0285719  1.83583e-15    0.0131347  1.02176e-15   0.00533256  5.43746e-16   0.00195886  2.61207e-16  0.000661432  1.01869e-16  0.000207549  2.72603e-17  6.10002e-05  1.27575e-18  1.68917e-05 -4.01567e-18  4.42693e-06 -3.25711e-18  1.10189e-06 -1.76187e-18  2.61208e-07 -7.66868e-19  5.91025e-08 -2.76327e-19   1.2787e-08  -7.9479e-20   2.6491e-09  -1.5103e-20  5.26129e-10  7.48417e-22  1.00264e-10  2.50213e-21  1.83474e-11  1.53174e-21  3.22563e-12  6.68283e-22   5.4506e-13  2.35973e-22  8.85486e-14  6.81187e-23  1.38324e-14  1.47491e-23  2.07783e-15  1.30166e-24  3.00126e-16 -8.46789e-25  4.16788e-17 -6.51539e-25  5.56346e-18 -3.01278e-25  7.13604e-19 -1.13056e-25  8.79177e-20 -3.72548e-26   1.0399e-20 -1.11488e-26  1.18018e-21 -3.08168e-27   1.2843e-22 -7.94298e-28  1.33908e-23 -1.92298e-28  1.33661e-24 -4.41259e-29  1.27597e-25 -9.72517e-30  1.16373e-26 -2.09324e-30  1.01278e-27 -4.46402e-31  8.39957e-29  -9.4675e-32  6.62887e-30 -1.97427e-32  4.96996e-31 -3.95927e-33  3.53352e-32  -7.4521e-34  2.37752e-33 -1.28957e-34  1.51052e-34 -2.02085e-35   9.0389e-36 -2.83832e-36  5.07992e-37 -3.54876e-37  2.67276e-38 -3.93259e-38  1.31172e-39 -3.85054e-39  5.97984e-41 -3.31962e-40  2.52014e-42 -2.50191e-41  9.76376e-44 -1.61975e-42  3.45477e-45  -8.6212e-44  1.10773e-46 -3.32192e-45  3.18822e-48 -4.15287e-47  8.14149e-50  6.52555e-48  1.81761e-51   7.0029e-49  3.48017e-53  4.18745e-50  5.56674e-55  1.73932e-51  7.16339e-57  5.11644e-53   7.0064e-59  1.01471e-54  4.68448e-61  1.18599e-56  1.67263e-63  5.29666e-59
 5.77357e-16    0.0377423  2.02474e-15    0.0594077  3.13613e-15    0.0494049   2.9613e-15    0.0301622    2.028e-15    0.0151351  1.18396e-15   0.00658977  6.51689e-16   0.00256723  3.31982e-16  0.000912366   1.4275e-16  0.000299674  4.55119e-17  9.18169e-05   6.8147e-18   2.6421e-05 -3.48008e-18  7.17744e-06 -3.92725e-18  1.84806e-06 -2.38376e-18  4.52435e-07 -1.12375e-18  1.05578e-07 -4.36535e-19  2.35307e-08 -1.37516e-19  5.01705e-09 -3.11885e-20  1.02465e-09 -1.69616e-21  2.00666e-10  3.18159e-21  3.77136e-11  2.34172e-21  6.80664e-12  1.11604e-21  1.18029e-12  4.22599e-22  1.96706e-13  1.31345e-22   3.1515e-14  3.18154e-23  4.85445e-15  4.36846e-24  7.18933e-16 -9.64392e-25  1.02359e-16 -1.08224e-24   1.4008e-17 -5.53793e-25  1.84214e-18 -2.20672e-25   2.3271e-19 -7.60961e-26  2.82267e-20 -2.36671e-26  3.28571e-21 -6.77455e-27  3.66823e-22 -1.80432e-27  3.92498e-23 -4.50492e-28   4.0218e-24 -1.06316e-28  3.94289e-25 -2.40045e-29  3.69473e-26 -5.26951e-30  3.30546e-27 -1.14273e-30  2.81982e-28 -2.46622e-31  2.29056e-29 -5.25842e-32  1.76899e-30 -1.08571e-32  1.29664e-31 -2.11812e-33  9.00329e-33 -3.81987e-34  5.90935e-34 -6.26346e-35  3.65763e-35 -9.23158e-36  2.12923e-36 -1.21383e-36  1.16224e-37 -1.41701e-37  5.92841e-39 -1.46397e-38  2.81489e-40 -1.33457e-39  1.23859e-41  -1.0676e-40  5.02443e-43 -7.39387e-42  1.86775e-44 -4.28621e-43  6.31708e-46 -1.89727e-44  1.92732e-47 -4.29351e-46  5.24903e-49  2.22297e-47  1.25958e-50  3.44361e-48  2.61902e-52  2.41732e-49  4.61454e-54   1.1572e-50  6.67278e-56  3.97652e-52  7.54436e-58  9.56411e-54  6.20898e-60  1.47568e-55  3.15997e-62  1.16639e-57  5.99668e-65
   0.0114055  1.10674e-15    0.0378226  2.29067e-15    0.0404929  2.60346e-15    0.0285719    2.028e-15    0.0158581  1.27228e-15   0.00746329  7.29065e-16   0.00309948  3.90898e-16   0.00116352  1.82901e-16  0.000401076  6.70397e-17  0.000128354  1.51555e-17  3.84385e-05 -1.57161e-18  1.08364e-05 -4.14102e-18  2.88895e-06 -2.92712e-18  7.30949e-07 -1.50844e-18  1.76016e-07 -6.32712e-19  4.04312e-08  -2.1707e-19  8.87511e-09 -5.65174e-20   1.8645e-09 -7.08839e-21  3.75316e-10  3.29852e-21  7.24587e-11  3.23077e-21  1.34267e-11  1.70686e-21  2.38936e-12  6.95575e-22  4.08524e-13  2.32275e-22  6.71284e-14  6.19765e-23  1.06029e-14  1.09582e-23  1.60992e-15 -5.11518e-25  2.34981e-16 -1.59605e-24  3.29652e-17 -9.29994e-25  4.44406e-18 -3.96589e-25   5.7554e-19  -1.4359e-25  7.15769e-20 -4.64905e-26  8.54407e-21 -1.37929e-26  9.78377e-22 -3.79812e-27  1.07402e-22 -9.78512e-28  1.12944e-23 -2.37687e-28  1.13679e-24 -5.50319e-29  1.09411e-25 -1.23317e-29  1.00586e-26 -2.71958e-30   8.8226e-28 -5.96609e-31  7.37334e-29   -1.298e-31  5.86281e-30 -2.75287e-32  4.42805e-31 -5.55575e-33  3.17103e-32 -1.04262e-33  2.14878e-33 -1.78689e-34  1.37471e-34  -2.7615e-35   8.2825e-36 -3.81606e-36  4.68611e-37 -4.69007e-37  2.48184e-38  -5.1093e-38  1.22592e-39  -4.9202e-39  5.62437e-41 -4.17062e-40  2.38519e-42 -3.08004e-41  9.29797e-44 -1.93105e-42  3.30992e-45 -9.60417e-44  1.06762e-46 -2.97996e-45  3.09088e-48  4.46737e-47  7.93868e-50  1.46779e-47  1.78252e-51  1.23137e-48  3.43276e-53  6.77651e-50   5.5222e-55   2.6896e-51  7.11543e-57  7.66676e-53  6.84191e-59  1.48258e-54  4.50184e-61  1.69397e-56  1.51274e-63  7.39662e-59
 3.98819e-16    0.0182869  1.38667e-15    0.0285761  2.00584e-15    0.0242199  1.83583e-15    0.0151351  1.27228e-15   0.00777635  7.69031e-16   0.00346423  4.32101e-16   0.00137943  2.17279e-16   0.00050053  8.93333e-17   0.00016768  2.57664e-17  5.23479e-05   1.8885e-18  1.53348e-05 -3.66809e-18  4.23729e-06 -3.25724e-18  1.10891e-06  -1.8632e-18  2.75733e-07 -8.46918e-19  6.53099e-08 -3.15459e-19  1.47659e-08 -9.21769e-20  3.19191e-09 -1.65536e-20  6.60594e-10  2.28752e-21  1.31033e-10  4.00364e-21  2.49325e-11  2.40072e-21  4.55388e-12  1.05891e-21  7.98824e-13  3.79725e-22  1.34629e-13  1.10487e-22  2.18047e-14  2.32573e-23  3.39425e-15  1.19823e-24   5.0785e-16 -2.05021e-24  7.30285e-17 -1.43059e-24  1.00913e-17 -6.60014e-25  1.33963e-18 -2.51969e-25  1.70792e-19 -8.51029e-26  2.09026e-20 -2.61978e-26  2.45451e-21 -7.46333e-27  2.76375e-22 -1.98516e-27  2.98194e-23 -4.96688e-28   3.0805e-24 -1.18045e-28  3.04422e-25 -2.70291e-29  2.87495e-26 -6.06471e-30  2.59176e-27 -1.35137e-30  2.22756e-28 -2.99434e-31  1.82277e-29 -6.50805e-32  1.41785e-30 -1.35581e-32  1.04661e-31 -2.64332e-33  7.31754e-33 -4.72937e-34  4.83556e-34 -7.65695e-35  3.01299e-35 -1.11127e-35  1.76546e-36 -1.43707e-36  9.69882e-38 -1.64972e-37  4.97854e-39 -1.67679e-38  2.37859e-40 -1.50396e-39  1.05301e-41 -1.18119e-40  4.29732e-43  -7.9643e-42  1.60692e-44  -4.3819e-43  5.46655e-46 -1.68082e-44  1.67738e-47 -8.85046e-47  4.59418e-49  5.36103e-47  1.10859e-50   5.5736e-48  2.31786e-52  3.53178e-49  4.10765e-54  1.60661e-50  5.97429e-56  5.33898e-52  6.67432e-58  1.25123e-53  4.98018e-60  1.88738e-55  2.28168e-62  1.45955e-57  3.08213e-65
  0.00544466   6.5352e-16    0.0167992  1.34206e-15    0.0182085  1.50167e-15    0.0131347  1.18396e-15   0.00746329  7.69031e-16   0.00359408  4.53014e-16   0.00152575  2.42025e-16  0.000584816  1.09431e-16  0.000205612   3.7438e-17  6.70441e-05  6.72225e-18  2.04381e-05  -2.3917e-18  5.86008e-06  -3.2562e-18  1.58769e-06  -2.1219e-18  4.07946e-07 -1.05192e-18  9.96945e-08 -4.24962e-19  2.32261e-08 -1.37432e-19  5.16811e-09  -3.0828e-20  1.10001e-09 -4.48346e-22  2.24231e-10  4.38328e-21  4.38191e-11  3.10884e-21  8.21553e-12  1.49732e-21  1.47869e-12  5.77242e-22  2.55613e-13   1.8197e-22  4.24517e-14  4.37772e-23  6.77484e-15  5.13781e-24  1.03904e-15 -2.16912e-24  1.53143e-16 -2.01274e-24  2.16889e-17 -1.02071e-24  2.95102e-18  -4.1315e-25  3.85632e-19 -1.45944e-25  4.83813e-20 -4.66785e-26  5.82484e-21 -1.37679e-26  6.72591e-22  -3.7831e-27  7.44388e-23 -9.75642e-28  7.89056e-24 -2.38252e-28  8.00409e-25 -5.58079e-29  7.76251e-26 -1.27496e-29  7.18983e-27 -2.88463e-30  6.35259e-28 -6.49918e-31  5.34721e-29 -1.44422e-31  4.28169e-30 -3.09871e-32  3.25619e-31 -6.26469e-33  2.34762e-32 -1.16856e-33  1.60138e-33 -1.98011e-34  1.03119e-34 -3.01599e-35  6.25259e-36 -4.10133e-36  3.55987e-37 -4.95854e-37  1.89701e-38 -5.31561e-38  9.42737e-40  -5.0389e-39    4.351e-41 -4.19947e-40  1.85602e-42 -3.03132e-41  7.27698e-44   -1.824e-42  2.60523e-45 -8.20583e-44  8.45023e-47 -1.56075e-45  2.45986e-48  1.61373e-46   6.3524e-50  2.24775e-47  1.43396e-51  1.65155e-48  2.77583e-53  8.57123e-50  4.49153e-55  3.28102e-51   5.8254e-57  9.10427e-53  5.21976e-59  1.72094e-54  1.84051e-61  1.92473e-56  3.22043e-65  8.21951e-59
 2.02491e-16   0.00765712  7.62524e-16    0.0119253  1.10441e-15    0.0103061  1.02176e-15   0.00658977  7.29065e-16   0.00346423  4.53014e-16   0.00157757   2.5487e-16  0.000641418  1.24567e-16   0.00023738  4.84904e-17   8.1023e-05  1.23571e-17  2.57464e-05 -3.74994e-19  7.67005e-06 -2.86242e-18  2.15358e-06 -2.22732e-18  5.72265e-07 -1.21661e-18  1.44387e-07 -5.33518e-19  3.46809e-08  -1.8931e-19  7.94683e-09 -4.98997e-20  1.74013e-09 -5.37777e-21  3.64632e-10    4.056e-21  7.31974e-11  3.69716e-21  1.40895e-11  1.97131e-21  2.60229e-12  8.19436e-22  4.61439e-13  2.78806e-22  7.85857e-14  7.48544e-23  1.28576e-14   1.2477e-23   2.0213e-15 -1.53198e-24  3.05335e-16 -2.57077e-24  4.43173e-17 -1.46896e-24  6.17957e-18 -6.35103e-25  8.27613e-19 -2.35409e-25  1.06424e-19 -7.83588e-26  1.31345e-20 -2.39505e-26  1.55499e-21 -6.80269e-27  1.76494e-22 -1.80956e-27  1.91919e-23 -4.54484e-28  1.99781e-24 -1.09036e-28  1.98907e-25 -2.53881e-29  1.89223e-26 -5.83291e-30  1.71808e-27 -1.33457e-30  1.48703e-28  -3.0253e-31  1.22519e-29 -6.66911e-32  9.59458e-31 -1.39533e-32  7.12929e-32  -2.7094e-33  5.01694e-33 -4.79984e-34  3.33643e-34 -7.66662e-35  2.09191e-35 -1.09564e-35  1.23329e-36 -1.39429e-36  6.81624e-38 -1.57544e-37  3.51965e-39 -1.57682e-38   1.6914e-40 -1.39195e-39   7.5309e-42 -1.07169e-40  3.09072e-43 -6.99154e-42  1.16216e-44 -3.57537e-43  3.97523e-46 -1.05688e-44  1.22632e-47  3.49927e-46  3.37621e-49  8.05457e-47  8.18943e-51  6.96793e-48  1.72057e-52  4.11948e-49  3.06002e-54  1.80089e-50  4.46878e-56   5.8178e-52  5.03744e-58  1.33229e-53  2.47738e-60   1.9677e-55 -2.87851e-62  1.48962e-57 -1.46502e-64
  0.00223808  3.48215e-16    0.0065791   7.2185e-16   0.00723278  8.11862e-16   0.00533256  6.51689e-16   0.00309948  4.32101e-16   0.00152575   2.5487e-16  0.000661372  1.32676e-16  0.000258553  5.71334e-17  9.26138e-05  1.79066e-17  3.07361e-05   2.1157e-18   9.5278e-06 -2.10096e-18  2.77562e-06 -2.14927e-18  7.63479e-07 -1.31389e-18  1.99027e-07 -6.27053e-19  4.93159e-08 -2.42818e-19  1.16426e-08 -7.27844e-20   2.6238e-09 -1.26713e-20   5.6534e-10  2.74345e-21  1.16609e-10   4.0052e-21  2.30483e-11  2.41785e-21  4.36901e-12  1.08945e-21  7.94764e-13  3.99428e-22  1.38807e-13  1.17938e-22  2.32839e-14  2.43748e-23  3.75199e-15  3.97208e-25  5.80869e-16 -2.92643e-24  8.63987e-17 -1.96576e-24  1.23455e-17 -9.17164e-25  1.69434e-18 -3.58212e-25  2.23286e-19 -1.24348e-25  2.82447e-20 -3.94298e-26  3.42788e-21 -1.15844e-26  3.98927e-22 -3.18056e-27  4.44902e-23 -8.22322e-28  4.75138e-24 -2.02308e-28  4.85511e-25 -4.80673e-29  4.74239e-26 -1.12194e-29   4.4234e-27 -2.60455e-30   3.9352e-28 -6.01059e-31  3.33475e-29 -1.35798e-31   2.6879e-30 -2.93383e-32  2.05739e-31  -5.9203e-33  1.49275e-32 -1.09519e-33  1.02461e-33 -1.83285e-34  6.63827e-35 -2.75091e-35  4.04935e-36  -3.6828e-36  2.31911e-37 -4.38355e-37  1.24301e-38 -4.62856e-38  6.21256e-40 -4.32143e-39  2.88339e-41 -3.53819e-40  1.23678e-42 -2.48586e-41   4.8755e-44 -1.41577e-42  1.75487e-45 -5.41972e-44  5.72223e-47  1.52704e-46   1.6742e-48  2.53459e-46  4.34336e-50  2.66038e-47  9.84987e-52  1.79542e-48  1.91226e-53  8.91163e-50  3.07886e-55  3.31023e-51  3.94913e-57   8.9699e-53  3.58177e-59   1.6603e-54 -2.37588e-61  1.81908e-56 -8.88525e-63  7.59629e-59
  1.0952e-16   0.00285393  4.08688e-16    0.0044551  5.86831e-16   0.00392691  5.43746e-16   0.00256723  3.90898e-16   0.00137943  2.42025e-16  0.000641418  1.32676e-16  0.000265988  6.18768e-17  0.000100289  2.23621e-17  3.48382e-05  4.64786e-18  1.12563e-05 -1.09257e-18  3.40676e-06 -1.89756e-18  9.71029e-07 -1.32885e-18  2.61755e-07 -6.92942e-19  6.69537e-08 -2.91847e-19  1.62941e-08  -9.7555e-20  3.78093e-09 -2.20805e-20  8.37986e-10  2.83299e-22  1.77649e-10  3.87836e-21  3.60643e-11  2.75801e-21  7.01744e-12  1.35884e-21  1.30974e-12   5.3707e-22  2.34609e-13  1.72814e-22  4.03494e-14  4.16711e-23  6.66481e-15  4.18644e-24  1.05748e-15 -2.83731e-24  1.61182e-16 -2.43676e-24  2.35998e-17 -1.24529e-24  3.31882e-18 -5.15277e-25  4.48177e-19 -1.87027e-25  5.80988e-20 -6.16085e-26  7.22703e-21 -1.87379e-26  8.62213e-22 -5.31341e-27     9.86e-23 -1.41538e-27  1.08007e-23   -3.575e-28  1.13241e-24 -8.67892e-29  1.13539e-25 -2.05971e-29  1.08756e-26 -4.84949e-30  9.94137e-28 -1.13726e-30  8.66135e-29 -2.62685e-31  7.18249e-30 -5.84623e-32  5.66044e-31 -1.22372e-32  4.23224e-32 -2.36065e-33  2.99649e-33 -4.13536e-34  2.00474e-34 -6.51392e-35  1.26437e-35 -9.16891e-36  7.49734e-37 -1.14903e-36  4.16729e-38 -1.27904e-37  2.16389e-39 -1.26148e-38   1.0456e-40  -1.0957e-39  4.68074e-42 -8.24696e-41  1.93126e-43  -5.1569e-42  7.29992e-45 -2.36585e-43  2.51005e-46 -3.63459e-45   7.7834e-48  6.78538e-46   2.1525e-49  9.19249e-47  5.23507e-51  7.13019e-48  1.10187e-52  4.00516e-49  1.94689e-54  1.69491e-50  2.70973e-56  5.34225e-52  2.72865e-58  1.19782e-53  1.16829e-60  1.73393e-55 -1.06905e-61  1.28516e-57 -1.26677e-63
 0.000815487  1.89307e-16   0.00232911   3.7851e-16   0.00260086  4.17709e-16   0.00195886  3.31982e-16   0.00116352  2.17279e-16  0.000584816  1.24567e-16  0.000258553  6.18768e-17  0.000102976  2.48452e-17  3.75394e-05   6.7183e-18  1.26669e-05 -3.46624e-20  3.98882e-06 -1.52473e-18  1.17951e-06 -1.26431e-18  3.29093e-07 -7.23587e-19  8.69627e-08 -3.30619e-19  2.18298e-08 -1.21672e-19  5.21817e-09 -3.29194e-20  1.19013e-09 -3.30708e-21  2.59397e-10  3.20593e-21  5.41002e-11  2.91122e-21  1.08081e-11  1.59055e-21  2.07003e-12  6.79514e-22  3.80337e-13     2.37e-22  6.70723e-14  6.45377e-23  1.13568e-14  1.03041e-23  1.84678e-15 -2.02919e-24   2.8845e-16 -2.77392e-24  4.32745e-17 -1.58883e-24  6.23539e-18 -7.01582e-25  8.62764e-19 -2.67135e-25  1.14604e-19 -9.15708e-26  1.46095e-20 -2.88589e-26  1.78651e-21 -8.45774e-27  2.09448e-22 -2.32306e-27  2.35276e-23 -6.03094e-28  2.53042e-24 -1.49806e-28  2.60355e-25  -3.6189e-29  2.56032e-26 -8.64188e-30  2.40393e-27 -2.05651e-30   2.1525e-28 -4.84468e-31  1.83567e-29 -1.10794e-31  1.48883e-30  -2.4006e-32  1.14656e-31  -4.8218e-33  8.36891e-33 -8.83215e-34   5.7782e-34 -1.45895e-34  3.76526e-35 -2.15792e-35  2.30987e-36  -2.8457e-36  1.33028e-37 -3.33746e-37  7.16931e-39  -3.4737e-38  3.60257e-40 -3.19464e-39  1.68091e-41  -2.5652e-40  7.24775e-43 -1.74298e-41  2.87189e-44 -9.19156e-43  1.03891e-45 -2.60043e-44  3.40531e-47  1.40683e-45  1.00149e-48  2.86243e-46  2.60472e-50  2.58811e-47  5.87806e-52  1.64428e-48  1.12655e-53  7.87499e-50  1.71857e-55  2.85046e-51  1.63245e-57  7.56015e-53  1.41321e-60  1.37194e-54 -3.09535e-61  1.47308e-56 -2.22169e-62  6.01127e-59
 6.17439e-17  0.000966916  2.10935e-16    0.0015197  2.90355e-16   0.00136615  2.61207e-16  0.000912366  1.82901e-16   0.00050053  1.09431e-16   0.00023738  5.71334e-17  0.000100289  2.48452e-17  3.84825e-05  7.88339e-18  1.35913e-05  8.43782e-19  4.46078e-06 -1.11631e-18  1.37029e-06 -1.14169e-18  3.96139e-07 -7.18901e-19  1.08235e-07 -3.55224e-19  2.80441e-08 -1.42552e-19  6.90964e-09 -4.41736e-20  1.62242e-09 -7.80807e-21    3.637e-10  1.95367e-21  7.79519e-11  2.81273e-21  1.59929e-11  1.74502e-21   3.1438e-12  8.10215e-22  5.92575e-13  3.05544e-22  1.07163e-13  9.21882e-23  1.86017e-14  1.89639e-23  3.10027e-15 -2.51099e-25   4.9621e-16 -2.84766e-24  7.62758e-17 -1.90048e-24  1.12604e-17   -9.046e-25  1.59629e-18 -3.62847e-25  2.17254e-19 -1.29705e-25  2.83787e-20 -4.24053e-26  3.55641e-21 -1.28541e-26  4.27383e-22 -3.64321e-27  4.92217e-23 -9.73172e-28  5.42925e-24 -2.47681e-28  5.73103e-25 -6.09855e-29  5.78438e-26 -1.47778e-29  5.57679e-27 -3.56505e-30  5.13024e-28 -8.54658e-31  4.49762e-29  -2.0032e-31  3.75254e-30 -4.48268e-32  2.97511e-31  -9.3589e-33  2.23757e-32 -1.79032e-33  1.59341e-33 -3.09872e-34  1.07209e-34 -4.81309e-35  6.79935e-36 -6.67569e-36  4.05394e-37 -8.24443e-37  2.26547e-38 -9.04832e-38   1.1826e-39 -8.79704e-39  5.74412e-41 -7.51104e-40  2.58459e-42 -5.50266e-41   1.0718e-43 -3.25143e-42  4.07178e-45 -1.25101e-43  1.40677e-46  1.36888e-45  4.38621e-48  7.93838e-46  1.21962e-49  8.59641e-47  2.94956e-51  6.19324e-48  5.98569e-53  3.34228e-49  9.63297e-55  1.37596e-50  9.20823e-57  4.24251e-52 -1.08922e-58  9.32694e-54 -5.41362e-60  1.32408e-55 -1.04889e-61  9.60553e-58 -2.91458e-63
 0.000269361  9.55706e-17   0.00075773  1.78479e-16  0.000860257  1.87461e-16  0.000661432   1.4275e-16  0.000401076  8.93333e-17  0.000205612  4.84904e-17  9.26138e-05  2.23621e-17  3.75394e-05  7.88339e-18  1.39133e-05  1.34169e-18  4.76878e-06 -7.70549e-19  1.52412e-06  -9.9646e-19  4.57076e-07 -6.86757e-19  1.29249e-07 -3.64761e-19  3.45938e-08 -1.58219e-19  8.79084e-09 -5.47168e-20  2.12616e-09 -1.28292e-20  4.90415e-10  1.80031e-22  1.08055e-10  2.42976e-21  2.27726e-11  1.78796e-21  4.59557e-12  9.10777e-22  8.88784e-13  3.71413e-22  1.64847e-13   1.2275e-22  2.93372e-14  2.99864e-23  5.01161e-15  2.65623e-24  8.21988e-16 -2.52949e-24  1.29463e-16 -2.12071e-24  1.95808e-17 -1.10403e-24  2.84376e-18  -4.6907e-25  3.96518e-19 -1.75319e-25  5.30675e-20 -5.95452e-26  6.81463e-21 -1.86846e-26  8.39292e-22 -5.46873e-27  9.90863e-23 -1.50452e-27  1.12066e-23 -3.92868e-28  1.21335e-24 -9.87442e-29  1.25658e-25 -2.43015e-29  1.24363e-26 -5.94024e-30  1.17499e-27 -1.44638e-30  1.05857e-28 -3.46547e-31  9.08191e-30 -7.98948e-32  7.40947e-31  -1.7305e-32  5.73917e-32 -3.45248e-33  4.21294e-33 -6.25522e-34  2.92502e-34 -1.01962e-34   1.9165e-35 -1.48662e-35  1.18205e-36 -1.93235e-36  6.84365e-38 -2.23477e-37  3.70747e-39 -2.29404e-38  1.87254e-40 -2.07728e-39  8.78085e-42 -1.63114e-40  3.80477e-43 -1.06173e-41  1.51512e-44 -4.99546e-43  5.50894e-46 -6.05856e-45  1.81327e-47  1.90577e-45  5.36791e-49  2.60938e-46  1.40433e-50  2.14675e-47  3.03846e-52   1.3026e-48  4.84024e-54   6.0555e-50  3.07304e-56  2.14235e-51 -1.39275e-57  5.57073e-53 -7.70075e-59  9.91905e-55 -1.63936e-60  1.04373e-56 -2.04574e-62  4.15733e-59
 3.03363e-17  0.000302178  9.37483e-17  0.000479667  1.20459e-16  0.000439654  1.01869e-16  0.000299674  6.70397e-17   0.00016768   3.7438e-17   8.1023e-05  1.79066e-17  3.48382e-05   6.7183e-18  1.35913e-05  1.34169e-18  4.87584e-06 -5.72882e-19  1.62413e-06 -8.69332e-19  5.05961e-07 -6.41132e-19  1.48233e-07 -3.61651e-19  4.10194e-08 -1.67818e-19  1.07583e-08 -6.35771e-20  2.68174e-09 -1.78896e-20  6.36763e-10 -1.97052e-21  1.44285e-10  1.77121e-21  3.12462e-11  1.69801e-21  6.47483e-12  9.64334e-22  1.28511e-12  4.26469e-22  2.44497e-13  1.53379e-22  4.46162e-14  4.27243e-23   7.8126e-15  6.69557e-24  1.31318e-15 -1.72164e-24  2.11919e-16 -2.18686e-24  3.28373e-17 -1.27339e-24   4.8856e-18 -5.77277e-25  6.97864e-19 -2.26354e-25   9.5684e-20 -8.00058e-26  1.25891e-20 -2.60141e-26  1.58881e-21 -7.86867e-27  1.92247e-22 -2.23158e-27  2.22903e-23 -5.98636e-28  2.47486e-24 -1.53826e-28  2.62926e-25 -3.84962e-29  2.67046e-26 -9.53479e-30  2.59053e-27 -2.35435e-30  2.39751e-28 -5.75168e-31  2.11433e-29 -1.36258e-31  1.77433e-30 -3.05531e-32  1.41476e-31 -6.34744e-33  1.06999e-32 -1.20254e-33  7.66142e-34 -2.05551e-34  5.18266e-35  -3.1487e-35  3.30434e-36  -4.3056e-36   1.9804e-37 -5.24411e-37  1.11238e-38  -5.6782e-38  5.83596e-40 -5.44182e-39  2.84866e-41 -4.55896e-40   1.2879e-42 -3.23019e-41  5.36576e-44 -1.76384e-42  2.04877e-45 -4.85006e-44  7.11829e-47  3.66402e-45  2.22372e-48  7.20147e-46  6.24247e-50  6.85962e-47   1.5149e-51  4.68092e-48  2.44838e-53  2.44471e-49  1.98164e-56  9.82556e-51 -1.81739e-56  2.96925e-52 -7.74143e-58  6.40685e-54 -2.21988e-59  8.92204e-56 -3.38857e-61  6.33058e-58  -2.5585e-63
 8.19416e-05  3.95763e-17   0.00022914   6.7646e-17   0.00026461  6.53299e-17  0.000207549  4.55119e-17  0.000128354  2.57664e-17  6.70441e-05  1.23571e-17  3.07361e-05  4.64786e-18  1.26669e-05  8.43782e-19  4.76878e-06 -5.72882e-19  1.65883e-06 -7.95574e-19  5.37643e-07 -5.98405e-19  1.63395e-07 -3.50979e-19  4.67929e-08 -1.71824e-19  1.26766e-08  -7.0167e-20  3.25881e-09 -2.25242e-20   7.9697e-10 -4.29606e-21  1.85797e-10  8.87866e-22  4.13591e-11  1.47204e-21  8.80302e-12  9.59028e-22  1.79349e-12  4.62884e-22  3.50074e-13   1.8063e-22  6.55116e-14  5.60864e-23  1.17601e-14  1.16719e-23  2.02585e-15 -3.86734e-25  3.34989e-16 -2.04564e-24  5.31796e-17 -1.38358e-24  8.10534e-18 -6.76068e-25    1.186e-18 -2.79303e-25  1.66581e-19  -1.0296e-25  2.24533e-20  -3.4732e-26   2.9034e-21 -1.08659e-26  3.60015e-22 -3.17941e-27  4.27855e-23 -8.77235e-28  4.87044e-24 -2.30813e-28  5.30674e-25  -5.8823e-29  5.52998e-26 -1.47701e-29  5.50627e-27  -3.6945e-30  5.23337e-28 -9.18132e-31  4.74235e-29   -2.229e-31  4.09197e-30 -5.16211e-32  3.35718e-31 -1.11479e-32  2.61471e-32 -2.20576e-33  1.92976e-33 -3.95033e-34  1.34694e-34 -6.35381e-35  8.87132e-36 -9.13577e-36  5.49969e-37 -1.17127e-36  3.20018e-38 -1.33667e-37  1.74225e-39 -1.35361e-38   8.8425e-41 -1.20558e-39   4.1662e-42 -9.21741e-41  1.81318e-43 -5.66694e-42  7.25049e-45 -2.21627e-43  2.65179e-46  4.00157e-45  8.79591e-48   1.7854e-45  2.58357e-49  2.02069e-46  6.86543e-51   1.5557e-47  1.44598e-52  9.09881e-49 -3.06603e-55  4.12292e-50 -1.47951e-55  1.42884e-51 -8.17397e-57  3.64695e-53  -2.3554e-58  6.37443e-55 -4.87687e-60  6.57093e-57  -5.2035e-62  2.55034e-59
 1.15749e-17  8.80207e-05  3.20133e-17  0.000141409  3.67978e-17    0.0001321  2.72603e-17  9.18169e-05  1.51555e-17  5.23479e-05  6.72225e-18  2.57464e-05   2.1157e-18  1.12563e-05 -3.46624e-20  4.46078e-06 -7.70549e-19  1.62413e-06 -7.95574e-19  5.48617e-07 -5.72889e-19  1.73193e-07 -3.39021e-19  5.13857e-08 -1.71848e-19  1.43918e-08 -7.44006e-20   3.8183e-09 -2.63843e-20  9.62342e-10 -6.57946e-21  2.30933e-10 -1.37224e-22  5.28627e-11  1.12648e-21  1.15606e-11  8.90652e-22  2.41834e-12  4.74658e-22   4.8439e-13  2.01033e-22  9.29745e-14  6.86724e-23  1.71118e-14  1.71911e-23  3.02135e-15  1.43071e-24  5.11947e-16 -1.66635e-24  8.32654e-17 -1.40803e-24  1.30006e-17 -7.52556e-25  1.94862e-18 -3.29414e-25  2.80356e-19 -1.26995e-25  3.87105e-20 -4.45102e-26  5.12814e-21 -1.44156e-26   6.5154e-22 -4.35554e-27  7.93537e-23 -1.23739e-27  9.25968e-24 -3.33871e-28  1.03453e-24   -8.679e-29   1.1058e-25 -2.21137e-29  1.12987e-26 -5.60028e-30  1.10248e-27 -1.41284e-30  1.02621e-28 -3.50551e-31  9.10112e-30 -8.36358e-32  7.67984e-31 -1.87384e-32  6.15675e-32 -3.86682e-33  4.68122e-33 -7.24889e-34  3.36942e-34 -1.22341e-34  2.29101e-35 -1.84875e-35  1.46807e-36 -2.49384e-36  8.84229e-38 -2.99764e-37  4.99092e-39  -3.2036e-38  2.63098e-40 -3.02495e-39  1.29031e-41 -2.47945e-40  5.85978e-43 -1.68335e-41  2.44964e-44 -8.18286e-43  9.37851e-46 -8.02116e-45   3.2901e-47  3.86891e-45  1.04276e-48  5.47534e-46  2.78365e-50  4.79129e-47  6.89458e-52   3.1342e-48  7.74502e-54  1.59215e-49 -1.03323e-54  6.26326e-51 -5.87813e-56   1.8577e-52 -2.54338e-57  3.93677e-54 -5.75203e-59  5.37738e-56 -8.56448e-61  3.72753e-58 -5.30441e-63
 2.32158e-05  1.19595e-17  6.49404e-05  1.75973e-17   7.6292e-05  1.37802e-17  6.10002e-05   6.8147e-18  3.84385e-05   1.8885e-18  2.04381e-05 -3.74994e-19   9.5278e-06 -1.09257e-18  3.98882e-06 -1.11631e-18  1.52412e-06 -8.69332e-19  5.37643e-07 -5.72889e-19  1.76582e-07 -3.31392e-19  5.43457e-08 -1.70085e-19  1.57514e-08 -7.66537e-20  4.31638e-09 -2.92978e-20  1.12187e-09  -8.6311e-21  2.77264e-10 -1.20516e-21  6.52948e-11  6.94453e-22   1.4677e-11  7.63766e-22  3.15334e-12  4.58874e-22  6.48292e-13  2.11735e-22  1.27653e-13  7.89986e-23  2.40919e-14  2.27054e-23  4.36041e-15  3.59863e-24  7.57155e-16 -1.05134e-24  1.26173e-16 -1.32834e-24  2.01812e-17 -7.94404e-25  3.09849e-18 -3.71217e-25  4.56623e-19 -1.50188e-25  6.45819e-20 -5.47913e-26  8.76407e-21 -1.83899e-26  1.14078e-21 -5.74221e-27   1.4237e-22 -1.68142e-27  1.70267e-23 -4.65898e-28   1.9502e-24 -1.23743e-28  2.13775e-25 -3.20358e-29  2.24086e-26 -8.21422e-30  2.24419e-27 -2.10026e-30  2.14507e-28  -5.3117e-31  1.95463e-29 -1.30205e-31  1.69577e-30 -3.01988e-32  1.39872e-31 -6.48911e-33   1.0951e-32 -1.27196e-33    8.124e-34 -2.25088e-34  5.69914e-35 -3.57293e-35   3.7723e-36 -5.06874e-36  2.35004e-37 -6.41397e-37  1.37403e-38 -7.22681e-38  7.51588e-40 -7.21889e-39  3.83229e-41 -6.31229e-40  1.81399e-42 -4.67007e-41  7.92548e-44 -2.65333e-42  3.16896e-45 -7.27673e-44  1.15615e-46  6.81934e-45  3.93359e-48  1.35673e-45  1.19581e-49   1.3685e-46  2.49646e-51  1.00221e-47  4.99955e-53  5.68528e-49 -2.22361e-54  2.51866e-50 -4.35315e-55  8.56449e-52 -1.75221e-56  2.14754e-53 -6.68486e-58  3.68533e-55  -1.1705e-59  3.71892e-57 -1.15348e-61   1.4031e-59
 3.01251e-18  2.40798e-05  6.74253e-18  3.92055e-05   5.3114e-18  3.73089e-05  1.27575e-18   2.6421e-05 -1.57161e-18  1.53348e-05  -2.3917e-18  7.67005e-06 -2.10096e-18  3.40676e-06 -1.52473e-18  1.37029e-06  -9.9646e-19  5.05961e-07 -5.98405e-19  1.73193e-07 -3.31392e-19  5.53683e-08 -1.68589e-19  1.66256e-08 -7.75791e-20  4.70992e-09 -3.12723e-20  1.26332e-09 -1.03192e-20  3.21752e-10 -2.21936e-21  7.79909e-11  2.19576e-22  1.80263e-11  5.90993e-22  3.97907e-12  4.16364e-22  8.39888e-13  2.11069e-22  1.69696e-13  8.57657e-23  3.28464e-14  2.75998e-23  6.09473e-15  5.91123e-24  1.08464e-15 -2.40484e-25  1.85198e-16  -1.1391e-24  3.03465e-17 -7.92155e-25  4.77257e-18 -3.99319e-25  7.20402e-19 -1.70305e-25  1.04361e-19 -6.48184e-26  1.45066e-20 -2.25744e-26  1.93433e-21 -7.29095e-27  2.47332e-22 -2.20252e-27  3.03118e-23 -6.27546e-28  3.55864e-24 -1.70588e-28   3.9996e-25 -4.49442e-29  4.30014e-26 -1.16741e-29  4.41887e-27 -3.02176e-30  4.33595e-28 -7.77064e-31  4.05816e-29 -1.95158e-31  3.61842e-30 -4.67442e-32  3.06948e-31 -1.04405e-32  2.47349e-32 -2.13719e-33  1.89027e-33 -3.96218e-34  1.36737e-34 -6.60267e-35  9.34294e-36 -9.84666e-36  6.01576e-37 -1.31108e-36   3.6405e-38 -1.55624e-37  2.06442e-39 -1.64183e-38  1.09324e-40 -1.52575e-39  5.38609e-42 -1.21851e-40  2.45765e-43 -7.81966e-42  1.02942e-44 -3.15261e-43  3.88896e-46  7.27858e-45  1.33487e-47   3.0356e-45  4.62495e-49  3.62222e-46  1.35053e-50  2.98134e-47  5.52923e-53  1.88435e-48 -4.09271e-54  9.34445e-50 -1.38454e-54  3.60492e-51 -1.43751e-55  1.05052e-52 -4.47425e-57  2.18723e-54 -1.52342e-58  2.92934e-56 -1.94152e-60  1.98047e-58 -1.03505e-62
 6.17557e-06  1.83218e-18  1.73539e-05  1.02359e-18  2.07394e-05 -1.60748e-18  1.68917e-05 -3.48008e-18  1.08364e-05 -3.66809e-18  5.86008e-06 -2.86242e-18  2.77562e-06 -1.89756e-18  1.17951e-06 -1.14169e-18  4.57076e-07 -6.41132e-19  1.63395e-07 -3.39021e-19  5.43457e-08 -1.68589e-19  1.69272e-08 -7.78373e-20  4.96243e-09   -3.244e-20  1.37477e-09 -1.15788e-20  3.61061e-10 -3.10021e-21  9.01318e-11 -2.51695e-22  2.14309e-11  3.90769e-22  4.86206e-12  3.51633e-22  1.05398e-12  1.98905e-22  2.18563e-13  8.81082e-23  4.33968e-14  3.13012e-23   8.2566e-15  8.12092e-24  1.50611e-15  6.92267e-25  2.63518e-16 -8.50482e-25  4.42379e-17 -7.41319e-25  7.12669e-18 -4.09324e-25  1.10185e-18 -1.85104e-25  1.63486e-19 -7.37103e-26   2.3276e-20  -2.6679e-26  3.17913e-21 -8.92134e-27  4.16431e-22 -2.78288e-27  5.22917e-23   -8.163e-28  6.29158e-24 -2.27475e-28  7.24876e-25 -6.10981e-29  7.99177e-26  -1.6093e-29  8.42462e-27 -4.21467e-30  8.48384e-28 -1.09969e-30  8.15316e-29 -2.82169e-31  7.46883e-30 -6.96134e-32  6.51353e-31 -1.61291e-32  5.40002e-32 -3.44313e-33  4.24911e-33 -6.68097e-34  3.16775e-34 -1.16804e-34  2.23301e-35 -1.83028e-35  1.48507e-36 -2.56325e-36  9.29465e-38  -3.2033e-37  5.45934e-39 -3.56472e-38  2.99979e-40 -3.51051e-39  1.53626e-41 -3.00541e-40  7.30704e-43 -2.13267e-41  3.21055e-44 -1.07994e-42   1.2763e-45 -9.49707e-45  4.35479e-47  5.96455e-45  1.34217e-48  8.85835e-46  5.73382e-50   8.2603e-47  1.54199e-51   5.8145e-48  -7.0913e-53  3.21329e-49  -3.8848e-54  1.39492e-50 -5.43643e-55  4.65984e-52 -4.16058e-56  1.14854e-53 -9.95333e-58  1.93488e-55 -2.98333e-59  1.90925e-57 -2.46825e-61  6.97961e-60
 2.39811e-19  6.22194e-06 -4.78887e-19   1.0275e-05 -2.46993e-18  9.95543e-06 -4.01567e-18  7.17744e-06 -4.14102e-18  4.23729e-06  -3.2562e-18  2.15358e-06 -2.14927e-18  9.71029e-07 -1.26431e-18  3.96139e-07 -6.86757e-19  1.48233e-07 -3.50979e-19  5.13857e-08 -1.70085e-19  1.66256e-08 -7.78373e-20  5.04946e-09 -3.29681e-20  1.44613e-09 -1.24002e-20  3.91947e-10 -3.79246e-21  1.00824e-10 -6.76936e-22  2.46744e-11  1.84232e-22  5.75586e-12  2.72091e-22  1.28186e-12  1.76701e-22  2.72899e-13   8.5765e-23  5.55964e-14  3.33855e-23  1.08479e-14  9.98166e-24  2.02853e-15  1.65017e-24  3.63733e-16 -4.87759e-25  6.25618e-17 -6.43675e-25  1.03244e-17 -3.98692e-25  1.63498e-18 -1.92688e-25  2.48461e-19 -8.05736e-26  3.62301e-20 -3.03665e-26  5.06842e-21 -1.05254e-26  6.80064e-22  -3.3933e-27  8.74873e-23 -1.02584e-27   1.0786e-23   -2.935e-28  1.27369e-24 -8.05123e-29  1.43969e-25  -2.1535e-29  1.55652e-26 -5.70658e-30  1.60826e-27 -1.50819e-30  1.58654e-28 -3.94289e-31   1.4927e-29 -9.99152e-32  1.33782e-30 -2.39606e-32   1.1406e-31  -5.3255e-33  9.23698e-33 -1.08035e-33   7.0934e-34 -1.98013e-34  5.15574e-35 -3.25857e-35  3.53936e-36 -4.79796e-36  2.28941e-37 -6.30969e-37  1.39166e-38 -7.39931e-38  7.92679e-40 -7.70492e-39  4.21636e-41  -7.0346e-40  2.08568e-42 -5.44177e-41  9.58193e-44  -3.2332e-42  4.05084e-45 -9.13681e-44  1.47072e-46  9.57584e-45  3.65012e-48  1.98836e-45  7.36146e-50   2.1318e-46  8.84799e-51  1.67406e-47   1.7817e-52  1.02796e-48  -3.3129e-53  4.98966e-50 -1.55587e-54  1.89047e-51 -1.81034e-55  5.41663e-53   -1.073e-56  1.10815e-54 -1.91045e-58  1.45415e-56 -4.88405e-60   9.5669e-59 -2.06105e-62
