 1.78673e-18   4.3216e-30 -1.22279e-16 -2.48621e-28   3.2365e-15  4.28139e-27 -5.08303e-14 -4.16406e-26   5.4107e-13  2.68849e-25 -4.13025e-12 -1.21322e-24  2.30264e-11  3.82228e-24 -9.25043e-11 -8.01835e-24  2.52636e-10  9.95998e-24 -3.99435e-10 -5.44764e-24   2.0627e-10
  4.3216e-30  1.75425e-16  1.34187e-28 -6.77907e-15 -4.94621e-27  1.35343e-13  6.26069e-26 -1.73921e-12 -4.66667e-25   1.5678e-11   2.3195e-24 -1.02698e-10 -7.82777e-24  4.90123e-10  1.68013e-23 -1.64891e-09 -1.78728e-23  3.54668e-09 -2.40796e-24  -3.6523e-09  1.48524e-23
-1.22279e-16  1.34187e-28  8.43109e-15  2.13601e-27 -2.24903e-13 -5.32527e-26  3.56119e-12  4.78277e-25 -3.82333e-11   -2.454e-24  2.94464e-10  7.34896e-24 -1.65669e-09 -7.59425e-24  6.71499e-09 -3.47413e-23 -1.84754e-08  1.61327e-22  2.92421e-08 -2.45596e-22 -1.46494e-08
-2.48621e-28 -6.77907e-15  2.13601e-27  2.64021e-13  2.03039e-26 -5.31437e-12 -3.17702e-25  6.88788e-11  1.43257e-24 -6.26476e-10  7.19042e-25  4.14175e-09 -4.21538e-23 -1.99502e-08  2.52217e-22  6.76916e-08 -8.13438e-22 -1.46351e-07  1.43929e-21  1.49215e-07 -9.60202e-22
  3.2365e-15 -4.94621e-27 -2.24903e-13  2.03039e-26  6.04863e-12  1.04546e-25  -9.6599e-11 -2.62495e-25  1.04642e-09 -1.17033e-23 -8.13449e-09  1.25927e-22  4.62014e-08 -6.79575e-22 -1.88993e-07  2.30883e-21  5.23838e-07 -4.88519e-21 -8.28986e-07   5.3215e-21  3.99338e-07
 4.28139e-27  1.35343e-13 -5.32527e-26 -5.31437e-12  1.04546e-25   1.0789e-10 -8.90614e-26 -1.41092e-09  1.56099e-23  1.29531e-08 -1.93234e-22 -8.64623e-08   1.1754e-21  4.20489e-07 -4.49367e-21 -1.43915e-06  1.12109e-20  3.12606e-06 -1.65429e-20 -3.14411e-06  9.63545e-21
-5.08303e-14  6.26069e-26  3.56119e-12 -3.17702e-25  -9.6599e-11 -8.90614e-26   1.5566e-09 -7.23546e-24 -1.70204e-08  1.81901e-22  1.33599e-07 -1.43435e-21 -7.66304e-07  6.42907e-21  3.16438e-06 -1.86713e-20 -8.83491e-06  3.42899e-20  1.39581e-05 -3.27694e-20 -6.39065e-06
-4.16406e-26 -1.73921e-12  4.78277e-25  6.88788e-11 -2.62495e-25 -1.41092e-09 -7.23546e-24  1.86247e-08 -7.49477e-23 -1.72657e-07  1.19762e-21  1.16406e-06 -6.88923e-21 -5.71747e-06  2.33747e-20  1.97408e-05 -5.06851e-20 -4.30548e-05    6.427e-20  4.25242e-05 -3.19436e-20
  5.4107e-13 -4.66667e-25 -3.82333e-11  1.43257e-24  1.04642e-09  1.56099e-23 -1.70204e-08 -7.49477e-23  1.87929e-07 -4.67329e-22 -1.49005e-06  5.26796e-21  8.63411e-06 -2.22146e-20 -3.59992e-05  5.48922e-20  0.000101225 -8.13882e-20  -0.00015937  5.90884e-20  6.82993e-05
 2.68849e-25   1.5678e-11   -2.454e-24 -6.26476e-10 -1.17033e-23  1.29531e-08  1.81901e-22 -1.72657e-07 -4.67329e-22  1.61683e-06 -1.96344e-21 -1.10139e-05   1.5376e-20  5.46479e-05 -4.36802e-20 -0.000190349  6.44318e-20  0.000416539 -3.75099e-20 -0.000401904 -5.51376e-21
-4.13025e-12   2.3195e-24  2.94464e-10  7.19042e-25 -8.13449e-09 -1.93234e-22  1.33599e-07  1.19762e-21 -1.49005e-06 -1.96344e-21  1.19374e-05 -5.39956e-21 -6.98953e-05  2.47824e-20  0.000294274 -2.29547e-20  -0.00083312 -5.19436e-20   0.00130472  1.30631e-19 -0.000513528
-1.21322e-24 -1.02698e-10  7.34896e-24  4.14175e-09  1.25927e-22 -8.64623e-08 -1.43435e-21  1.16406e-06  5.26796e-21 -1.10139e-05 -5.39956e-21  7.58177e-05 -7.46761e-21 -0.000380053 -8.91337e-21   0.00133532  1.53213e-19  -0.00292978  -3.6715e-19   0.00274912  2.66987e-19
 2.30264e-11 -7.82777e-24 -1.65669e-09 -4.21538e-23  4.62014e-08   1.1754e-21 -7.66304e-07 -6.88923e-21  8.63411e-06   1.5376e-20 -6.98953e-05 -7.46761e-21  0.000413514  8.76082e-21  -0.00175775 -1.73653e-19   0.00500882  5.60557e-19  -0.00779634 -6.98838e-19   0.00276581
 3.82228e-24  4.90123e-10 -7.59425e-24 -1.99502e-08 -6.79575e-22  4.20489e-07  6.42907e-21 -5.71747e-06 -2.22146e-20  5.46479e-05  2.47824e-20 -0.000380053  8.76082e-21   0.00192397  7.63207e-20  -0.00681624 -5.23472e-19    0.0149957  1.02345e-18   -0.0137117 -6.48553e-19
-9.25043e-11  1.68013e-23  6.71499e-09  2.52217e-22 -1.88993e-07 -4.49367e-21  3.16438e-06  2.33747e-20 -3.59992e-05 -4.36802e-20  0.000294274 -8.91337e-21  -0.00175775  7.63207e-20   0.00753815    2.142e-19   -0.0216216 -9.27955e-19    0.0335975  1.12971e-18   -0.0107903
-8.01835e-24 -1.64891e-09 -3.47413e-23  6.76916e-08  2.30883e-21 -1.43915e-06 -1.86713e-20  1.97408e-05  5.48922e-20 -0.000190349 -2.29547e-20   0.00133532 -1.73653e-19  -0.00681624    2.142e-19    0.0243319   3.7362e-19   -0.0538752 -1.08167e-18    0.0495499  6.98018e-19
 2.52636e-10 -1.78728e-23 -1.84754e-08 -8.13438e-22  5.23838e-07  1.12109e-20 -8.83491e-06 -5.06851e-20  0.000101225  6.44318e-20  -0.00083312  1.53213e-19   0.00500882 -5.23472e-19   -0.0216216   3.7362e-19    0.0625747  4.42597e-19   -0.0997152 -8.17821e-19    0.0326198
 9.95998e-24  3.54668e-09  1.61327e-22 -1.46351e-07 -4.88519e-21  3.12606e-06  3.42899e-20 -4.30548e-05 -8.13882e-20  0.000416539 -5.19436e-20  -0.00292978  5.60557e-19    0.0149957 -9.27955e-19   -0.0538752  4.42597e-19     0.122608  3.56162e-19    -0.131366 -3.53303e-19
-3.99435e-10 -2.40796e-24  2.92421e-08  1.43929e-21 -8.28986e-07 -1.65429e-20  1.39581e-05    6.427e-20  -0.00015937 -3.75099e-20   0.00130472  -3.6715e-19  -0.00779634  1.02345e-18    0.0335975 -1.08167e-18   -0.0997152  3.56162e-19      0.18496  1.84724e-19    -0.092182
-5.44764e-24  -3.6523e-09 -2.45596e-22  1.49215e-07   5.3215e-21 -3.14411e-06 -3.27694e-20  4.25242e-05  5.90884e-20 -0.000401904  1.30631e-19   0.00274912 -6.98838e-19   -0.0137117  1.12971e-18    0.0495499 -8.17821e-19    -0.131366  1.84724e-19     0.260521  5.55587e-20
  2.0627e-10  1.48524e-23 -1.46494e-08 -9.60202e-22  3.99338e-07  9.63545e-21 -6.39065e-06 -3.19436e-20  6.82993e-05 -5.51376e-21 -0.000513528  2.66987e-19   0.00276581 -6.48553e-19   -0.0107903  6.98018e-19    0.0326198 -3.53303e-19    -0.092182  5.55587e-20     0.335039
