 0.000119771 -2.62928e-18 -0.000639098  2.24151e-17   0.00092869 -4.16183e-17 -0.000329623   2.2203e-17 -0.000202217  1.25138e-17   4.0499e-05 -1.27699e-17  6.48298e-05 -8.95973e-18  2.06127e-05  1.15631e-17 -4.35493e-06 -1.40642e-19 -7.49859e-06 -3.11183e-18 -3.85009e-06  5.78496e-19 -9.45894e-07  5.70843e-19  1.58336e-07 -2.28557e-19   3.0426e-07 -1.69321e-19  1.87231e-07  3.43784e-20  7.85219e-08  5.39606e-20  2.36343e-08  1.50269e-20  3.89479e-09 -5.71275e-21 -9.12797e-10 -5.55141e-21 -1.18863e-09 -1.73204e-21 -6.76836e-10  8.10023e-23 -2.95386e-10   3.8271e-22 -1.09909e-10  1.81573e-22 -3.62843e-11  2.00575e-23 -1.08257e-11 -2.23601e-23 -2.94404e-12 -1.53498e-23 -7.31337e-13 -4.51346e-24 -1.65338e-13  2.59399e-25 -3.36192e-14   1.1536e-24 -5.98108e-15   8.1078e-25 -8.66931e-16  3.92948e-25 -7.71637e-17   1.5474e-25   7.2312e-18  5.30085e-26   5.9397e-18  1.64357e-26  1.93077e-18  4.70077e-27   4.8086e-19  1.24387e-27  1.02303e-19  3.04828e-28  1.92856e-20  6.97624e-29    3.267e-21  1.50404e-29   4.9896e-22  3.05135e-30  6.83847e-23  5.78343e-31  8.29052e-24  1.02057e-31  8.60113e-25  1.67701e-32  6.99619e-26  2.56042e-33  2.99567e-27  3.61609e-34 -3.24629e-28  4.70871e-35 -1.07725e-28  5.63801e-36  -1.7987e-29  6.18334e-37 -2.31639e-30  6.18646e-38 -2.51007e-31  5.62689e-39 -2.35913e-32  4.63264e-40 -1.94568e-33  3.43248e-41  -1.4126e-34  2.27352e-42 -9.01126e-36  1.33571e-43 -5.02289e-37  6.89299e-45 -2.42431e-38  3.08595e-46 -1.00014e-39  1.17938e-47 -3.46389e-41  3.76567e-49 -9.82079e-43  9.74791e-51 -2.19711e-44  1.95585e-52 -3.66208e-46  2.82349e-54 -4.10797e-48  2.53556e-56  -2.4602e-50  9.15176e-59
-2.62928e-18   0.00102737 -1.59288e-17  -0.00298953  9.08631e-17   0.00289939 -1.28897e-16 -0.000266959   4.8142e-17 -0.000743606  4.71283e-17 -0.000114291 -3.91334e-17  0.000147757 -1.70171e-17  0.000102238   2.2401e-17  2.10853e-05 -4.32241e-19 -1.17405e-05 -4.30057e-18 -1.26969e-05  1.26975e-18 -6.07931e-06  6.39897e-19 -1.54849e-06 -6.37324e-19  1.42849e-07 -3.43499e-19  4.07538e-07  9.03263e-20  2.69016e-07  1.31101e-19  1.22633e-07   3.9608e-20   4.3218e-08 -1.10065e-20  1.14604e-08 -1.28448e-20  1.67717e-09 -4.37319e-21 -4.05537e-10  6.73974e-23 -4.74091e-10  8.25849e-22 -2.54996e-10  3.64873e-22 -1.06774e-10  1.21481e-23 -3.86187e-11 -6.43454e-23 -1.25637e-11 -3.67281e-23 -3.75338e-12 -8.26629e-24 -1.04256e-12  2.77912e-24 -2.71499e-13   4.0277e-24 -6.66901e-14  2.54573e-24 -1.55255e-14  1.18939e-24 -3.43886e-15  4.60811e-25 -7.27104e-16  1.56369e-25 -1.47154e-16  4.80006e-26 -2.85663e-17  1.35268e-26 -5.32635e-18  3.50907e-27 -9.54345e-19  8.39769e-28 -1.64232e-19  1.86694e-28 -2.71042e-20  3.88012e-29 -4.27945e-21  7.53541e-30 -6.44378e-22  1.36186e-30 -9.21898e-23  2.28612e-31 -1.24811e-23  3.56393e-32  -1.5922e-24  5.15031e-33 -1.90553e-25  6.87815e-34 -2.12993e-26  8.46606e-35 -2.21336e-27   9.5764e-36 -2.12813e-28  9.91657e-37 -1.88365e-29  9.36329e-38 -1.52639e-30  8.02966e-39 -1.12548e-31  6.22369e-40 -7.49911e-33  4.33291e-41 -4.47912e-34  2.68966e-42 -2.37553e-35   1.4756e-43  -1.1059e-36    7.076e-45 -4.45512e-38  2.92416e-46 -1.52503e-39  1.02212e-47 -4.33021e-41  2.94627e-49 -9.86399e-43  6.75289e-51 -1.71599e-44  1.16255e-52 -2.10425e-46  1.35873e-54 -1.55858e-48  8.56216e-57 -4.43659e-51
-0.000639098 -1.59288e-17   0.00425231 -5.28912e-17  -0.00822026  2.21082e-16   0.00529234 -2.52176e-16  0.000984333  7.07798e-17  -0.00134854  9.45114e-17 -0.000655431  -6.8213e-17  8.93981e-05 -2.45028e-17  0.000220333  2.66673e-17  0.000106008   1.9333e-19  1.23497e-05 -2.48126e-18  -1.7258e-05  2.36398e-18 -1.49568e-05  2.02364e-19 -6.93454e-06 -1.32197e-18 -1.91182e-06 -5.78979e-19 -2.10844e-08  1.58113e-19  3.44054e-07  2.29657e-19  2.54117e-07  7.31364e-20  1.25654e-07  -1.4316e-20  4.94772e-08 -2.00903e-20  1.61362e-08  -7.0596e-21  4.27938e-09  4.09396e-23  8.13976e-10  1.15464e-21  3.03659e-11  4.10957e-22 -6.63034e-11 -7.99652e-23 -4.20131e-11 -1.36728e-22 -1.80242e-11 -6.11693e-23 -6.45206e-12 -7.11254e-24 -2.05119e-12  1.01016e-23 -5.95414e-13  9.78744e-24 -1.60185e-13  5.64227e-24 -4.02995e-14  2.52732e-24 -9.53509e-15  9.54904e-25 -2.12957e-15  3.17984e-25 -4.49991e-16  9.58092e-26  -9.0078e-17  2.64257e-26 -1.70903e-17  6.69055e-27 -3.07274e-18  1.55921e-27 -5.23147e-19  3.36432e-28 -8.42389e-20  6.75265e-29 -1.28077e-20  1.26066e-29 -1.83491e-21  2.18396e-30 -2.47112e-22  3.50686e-31 -3.11972e-23  5.21695e-32 -3.68072e-24  7.17882e-33  -4.0443e-25   9.1161e-34 -4.12251e-26  1.06572e-34 -3.88146e-27  1.14353e-35  -3.3589e-28  1.12195e-36 -2.65646e-29  1.00244e-37  -1.9074e-30  8.12099e-39 -1.23367e-31  5.93323e-40 -7.11934e-33   3.8832e-41 -3.62228e-34  2.25834e-42 -1.59997e-35  1.15555e-43   -6.007e-37   5.1375e-45 -1.85831e-38  1.95264e-46 -4.49817e-40  6.20822e-48 -7.64945e-42  1.60197e-49 -6.20761e-44  3.20723e-51  7.50301e-46  4.62496e-53  2.86401e-47  4.15258e-55  2.97479e-49  1.49941e-57
 2.24151e-17  -0.00298953 -5.28912e-17    0.0113446 -1.16667e-16   -0.0158458   3.7676e-16   0.00620856 -3.63503e-16   0.00369561  8.60743e-17   -0.0012745  1.34368e-16  -0.00147746  -8.3257e-17 -0.000300897 -3.32113e-17  0.000246828  1.98489e-17  0.000230351   1.7273e-18   8.6993e-05  2.58356e-18  2.84522e-06  4.17301e-18 -1.86201e-05 -4.91149e-19  -1.4269e-05 -2.20859e-18 -6.58226e-06 -8.90415e-19 -2.00961e-06   2.0179e-19 -2.38016e-07  3.19228e-19  1.83142e-07  1.05487e-19  1.72043e-07 -1.37879e-20  9.37325e-08 -2.39034e-20   4.0277e-08 -8.32825e-21  1.47319e-08  4.48645e-23  4.71262e-09  1.06727e-21  1.32563e-09  1.30451e-22  3.23303e-10 -3.12781e-22  6.49356e-11 -2.40696e-22  8.83745e-12 -8.01581e-23  -2.9191e-13  4.43888e-24 -7.71404e-13  2.43327e-23 -3.58742e-13  1.89037e-23 -1.22727e-13  1.00739e-23 -3.57526e-14  4.31793e-24 -9.30915e-15  1.58253e-24 -2.21427e-15  5.13946e-25 -4.86638e-16  1.51113e-25 -9.94389e-17  4.06081e-26 -1.89568e-17  1.00018e-26 -3.37694e-18  2.26474e-27 -5.62311e-19  4.73772e-28 -8.74671e-20  9.18913e-29 -1.26906e-20  1.65268e-29 -1.71358e-21  2.75241e-30 -2.14664e-22  4.24126e-31 -2.48473e-23  6.04266e-32 -2.64325e-24  7.94823e-33 -2.56589e-25  9.63282e-34  -2.2503e-26  1.07315e-34 -1.75648e-27  1.09557e-35    -1.19e-28  1.02099e-36 -6.65429e-30  8.64912e-38 -2.67021e-31  6.62831e-39 -2.56602e-33  4.56827e-40  7.85221e-34  2.81092e-41  9.36642e-35  1.53042e-42  6.93074e-36  7.29143e-44  3.91133e-37  2.99696e-45  1.76205e-38  1.04299e-46  6.36429e-40  2.99592e-48  1.81177e-41  6.84766e-50  3.91478e-43  1.17646e-51  5.98738e-45  1.37327e-53   5.6193e-47  8.64828e-56  2.09354e-49
  0.00092869  9.08631e-17  -0.00822026 -1.16667e-16    0.0220242 -1.84585e-16   -0.0231958   4.7719e-16   0.00393684 -4.16854e-16   0.00693658  9.66525e-17  8.65596e-05  1.58185e-16  -0.00208716 -7.58253e-17  -0.00102072 -4.51095e-17  2.82688e-05  2.47383e-18  0.000302475   2.9875e-18  0.000196461  9.56382e-18  6.17221e-05  6.73449e-18 -2.72023e-06 -1.00063e-18 -1.62829e-05 -3.04706e-18 -1.16673e-05 -1.22697e-18 -5.45738e-06  1.84998e-19  -1.8497e-06  3.59496e-19 -3.91941e-07  1.21888e-19  2.28829e-08 -9.95777e-21  7.68074e-08 -2.23889e-20  5.00262e-08 -7.53853e-21   2.3605e-08 -1.72216e-22  9.34874e-09  2.46484e-22  3.27003e-09 -6.12882e-22  1.03484e-09 -7.06706e-22  3.00269e-10 -3.65124e-22  8.05311e-11 -8.43609e-23  2.00649e-11  2.95964e-23  4.65986e-12  4.54841e-23  1.01109e-12  3.06193e-23  2.05381e-13  1.52474e-23   3.9154e-14  6.25378e-24  7.03434e-15  2.21644e-24  1.19986e-15  6.99178e-25  1.96829e-16  1.99832e-25  3.16693e-17  5.21568e-26  5.11984e-18  1.24678e-26  8.48014e-19  2.73811e-27  1.44352e-19  5.54754e-28  2.48469e-20  1.03975e-28  4.21317e-21  1.80321e-29   6.8662e-22  2.89118e-30  1.05613e-22  4.28256e-31  1.51524e-23  5.85514e-32  2.01253e-24  7.37799e-33  2.46197e-25  8.55221e-34    2.763e-26  9.09713e-35  2.83434e-27   8.8513e-36  2.64753e-28   7.8462e-37  2.24219e-29  6.30813e-38  1.71291e-30  4.57548e-39  1.17321e-31  2.97476e-40  7.15088e-33  1.71975e-41  3.84324e-34  8.75326e-43  1.80052e-35  3.87371e-44  7.24583e-37  1.46651e-45  2.45702e-38  4.64721e-47  6.83889e-40  1.19583e-48  1.50496e-41  2.38845e-50  2.47049e-43  3.43773e-52  2.73108e-45   3.0823e-54  1.61183e-47  1.11176e-56
-4.16183e-17   0.00289939  2.21082e-16   -0.0158458 -1.84585e-16    0.0333947 -2.14618e-16   -0.0270471  4.56838e-16  -0.00150243 -4.08176e-16   0.00910354  1.04918e-16   0.00261169  1.75215e-16  -0.00192506 -4.84239e-17  -0.00179504 -5.95007e-17 -0.000476684 -2.10228e-17  0.000210544   2.5629e-18    0.0002787  1.62695e-17   0.00014722  9.59703e-18  4.05357e-05 -9.69949e-19 -3.88969e-06 -3.51368e-18 -1.19671e-05 -1.47672e-18  -8.3397e-06  9.93829e-20 -4.00185e-06  3.25387e-19 -1.48719e-06  1.11714e-19 -4.21521e-07 -5.74215e-21 -7.22299e-08 -1.68083e-20    9.559e-09 -5.77159e-21  1.58185e-08 -1.33551e-21  9.13282e-09 -1.59092e-21  3.99041e-09 -1.85435e-21  1.49192e-09 -1.23301e-21  4.99454e-10 -4.89266e-22  1.53135e-10  -6.8324e-23  4.35752e-11  6.66052e-23  1.16078e-11  7.05681e-23  2.91234e-12  4.28438e-23  6.91272e-13  2.00997e-23  1.55741e-13  7.89563e-24  3.33852e-14  2.70159e-24   6.8203e-15  8.25672e-25  1.32902e-15  2.28801e-25  2.47063e-16  5.78779e-26   4.3792e-17  1.34048e-26  7.39217e-18  2.85127e-27   1.1862e-18   5.5894e-28  1.80531e-19  1.01201e-28  2.59875e-20  1.69282e-29  3.52744e-21   2.6145e-30  4.49961e-22  3.72545e-31  5.37451e-23  4.89229e-32  5.98791e-24   5.9118e-33  6.19706e-25  6.56068e-34  5.93107e-26  6.66919e-35  5.22396e-27  6.18872e-36  4.21153e-28  5.22049e-37  3.08896e-29  3.98368e-38  2.04687e-30  2.73396e-39  1.21547e-31  1.67544e-40  6.40578e-33   9.0876e-42  2.96124e-34  4.31456e-43  1.18332e-35  1.76779e-44  4.01166e-37  6.13501e-46  1.12553e-38   1.7579e-47  2.52471e-40  4.00905e-49   4.3021e-42  6.87381e-51  5.12317e-44  8.00962e-53  3.63009e-46   5.0365e-55   9.5964e-49
-0.000329623 -1.28897e-16   0.00529234   3.7676e-16   -0.0231958 -2.14618e-16    0.0416223 -1.75173e-16   -0.0259587  3.17738e-16  -0.00833361 -3.75148e-16   0.00906906  1.08481e-16   0.00548164  1.98114e-16 -0.000770015 -9.18288e-18  -0.00222979 -7.26339e-17  -0.00113626 -4.46058e-17 -9.58429e-05 -1.74533e-19  0.000257285  2.06606e-17   0.00021857  1.20092e-17  0.000101656 -2.88292e-19  2.63195e-05 -3.36846e-18 -2.39834e-06 -1.51791e-18 -7.38393e-06 -1.98343e-20 -5.18724e-06  2.27973e-19 -2.57077e-06  7.74352e-20 -1.02756e-06 -3.98601e-21 -3.42109e-07 -1.09539e-20 -9.32065e-08 -5.49082e-21 -1.85856e-08 -4.41311e-21 -1.08981e-09 -4.59208e-21  1.30525e-09 -3.51027e-21  8.82317e-10 -1.82289e-21   3.8771e-10 -5.91891e-22  1.40679e-10 -3.44429e-23  4.50905e-11  1.08162e-22  1.31443e-11   9.4176e-23   3.5389e-12  5.27746e-23  8.87954e-13  2.34705e-23    2.088e-13  8.84101e-24   4.6175e-14  2.91826e-24  9.62323e-15  8.62755e-25  1.89206e-15  2.31411e-25  3.51052e-16  5.66527e-26  6.14432e-17   1.2697e-26  1.01357e-17  2.61284e-27  1.57372e-18  4.95159e-28  2.29574e-19  8.65663e-29  3.13982e-20  1.39648e-29  4.01578e-21  2.07765e-30  4.78906e-22  2.84827e-31  5.30754e-23  3.59345e-32  5.44555e-24  4.16527e-33  5.14988e-25  4.42643e-34  4.46645e-26   4.3005e-35  3.53155e-27   3.8058e-36  2.52778e-28  3.05411e-37  1.62385e-29  2.21066e-38  9.26182e-31  1.43407e-39   4.6244e-32  8.27159e-41   1.9822e-33  4.20048e-42  7.08281e-35  1.85474e-43  2.00503e-36  7.00665e-45  4.01113e-38  2.21591e-46  3.45784e-40  5.69136e-48 -9.60923e-42  1.13469e-49 -4.51494e-43  1.63032e-51 -8.45208e-45  1.45936e-53 -7.22604e-47  5.25553e-56
  2.2203e-17 -0.000266959 -2.52176e-16   0.00620856   4.7719e-16   -0.0270471 -1.75173e-16    0.0445748 -6.80033e-17   -0.0209917  1.21316e-16   -0.0143837 -3.60949e-16   0.00680998  1.02289e-16   0.00773548  2.28461e-16   0.00114102  3.28507e-17  -0.00204575 -7.98525e-17  -0.00171007 -6.28373e-17 -0.000563432 -4.77875e-18  8.85582e-05    2.163e-17  0.000225791  1.33267e-17  0.000154189  9.19902e-19  6.68301e-05 -2.55274e-18  1.77189e-05 -1.26675e-18 -2.43481e-07  -9.7093e-20  -3.6583e-06  1.18317e-19 -2.72731e-06  3.83375e-20 -1.40721e-06 -3.81107e-21 -5.94255e-07  -8.3263e-21 -2.16556e-07 -8.90945e-21 -6.95065e-08 -9.93066e-21 -1.97258e-08  -8.5837e-21  -4.8917e-09 -5.36674e-21 -1.01761e-09 -2.38309e-21 -1.54735e-10 -6.58286e-22  -4.6365e-12  7.45304e-24   8.3316e-12  1.43907e-22  4.31327e-12  1.10489e-22  1.51279e-12  5.79872e-23  4.41676e-13  2.45632e-23   1.1398e-13  8.88426e-24  2.66694e-14  2.82837e-24  5.73044e-15  8.08122e-25  1.13841e-15  2.09585e-25  2.09831e-16  4.96084e-26  3.59355e-17  1.07492e-26  5.71799e-18  2.13817e-27  8.44289e-19  3.91428e-28  1.15408e-19  6.60409e-29  1.45517e-20  1.02708e-29   1.6838e-21  1.47159e-30  1.77494e-22  1.94048e-31  1.68605e-23  2.35152e-32  1.41841e-24    2.614e-33  1.02383e-25  2.65929e-34  5.90204e-27  2.46827e-35  2.10135e-28  2.08191e-36 -5.24104e-30  1.58807e-37 -1.80601e-30  1.08912e-38 -2.00398e-31  6.66801e-40 -1.59054e-32  3.61252e-41 -1.00835e-33  1.71286e-42 -5.25876e-35  7.00806e-44 -2.26334e-36  2.42854e-45 -7.94915e-38  6.94852e-47 -2.22376e-39  1.58235e-48 -4.75415e-41  2.70897e-50 -7.22835e-43  3.15176e-52 -6.76743e-45  1.97883e-54 -2.52186e-47
-0.000202217   4.8142e-17  0.000984333 -3.63503e-16   0.00393684  4.56838e-16   -0.0259587 -6.80033e-17    0.0428533  7.72957e-17   -0.0144779  -6.1886e-17   -0.0183621 -3.81653e-16   0.00313812  8.36925e-17   0.00878131   2.5609e-16   0.00330291  6.96363e-17  -0.00120395 -7.83834e-17  -0.00197183 -7.25516e-17    -0.001058 -1.01808e-17   -0.0002107  1.92312e-17  0.000136756  1.33045e-17  0.000166592  2.40612e-18   0.00010062 -1.17855e-18  4.25059e-05 -6.88771e-19  1.23375e-05 -3.35118e-20  1.28697e-06  7.40076e-20 -1.24054e-06  2.74079e-20 -1.13028e-06  2.19014e-21 -6.23378e-07 -8.71468e-21 -2.76154e-07 -1.59524e-20 -1.06051e-07 -1.71867e-20 -3.64893e-08 -1.28946e-20 -1.14492e-08 -7.07512e-21 -3.31153e-09  -2.8055e-21 -8.89308e-10 -6.78858e-22 -2.22915e-10  4.58202e-23 -5.23792e-11  1.65022e-22 -1.15843e-11  1.15721e-22 -2.42206e-12  5.74172e-23 -4.81298e-13   2.3248e-23 -9.15099e-14  8.08347e-24 -1.67832e-14   2.4821e-24 -2.99563e-15  6.85036e-25 -5.24497e-16  1.71668e-25 -9.04916e-17  3.92606e-26 -1.53733e-17  8.21909e-27 -2.55605e-18  1.57919e-27 -4.11883e-19  2.79084e-28 -6.36243e-20  4.54167e-29 -9.32494e-21  6.80633e-30 -1.28537e-21   9.3873e-31 -1.65437e-22  1.19009e-31 -1.97633e-23  1.38458e-32 -2.17993e-24  1.47527e-33 -2.20939e-25  1.43584e-34 -2.04759e-26  1.27221e-35 -1.72627e-27  1.02178e-36 -1.31637e-28  7.39957e-38 -9.01922e-30  4.80081e-39 -5.50913e-31  2.76857e-40 -2.97171e-32  1.40529e-41 -1.39912e-33  6.20071e-43 -5.66487e-35  2.34034e-44  -1.9347e-36  7.39401e-46 -5.42919e-38  1.89702e-47 -1.20574e-39  3.77769e-49 -1.99962e-41   5.4209e-51 -2.23582e-43  4.84601e-53  -1.3364e-45  1.74278e-55
 1.25138e-17 -0.000743606  7.07798e-17   0.00369561 -4.16854e-16  -0.00150243  3.17738e-16   -0.0209917  7.72957e-17    0.0386715  2.25156e-16  -0.00838572 -1.90926e-16   -0.0201366 -4.22529e-16 -0.000955743  5.52006e-17   0.00852865  2.68423e-16   0.00521505  9.53203e-17  0.000124013 -6.87331e-17  -0.00179989 -7.35897e-17  -0.00142461  -1.5399e-17 -0.000568703   1.4352e-17 -4.52933e-05  1.20987e-17  0.000117922  3.91136e-18  0.000108631  5.56624e-19  6.12791e-05  2.18875e-19  2.60133e-05  2.69638e-19  8.43932e-06    1.765e-19  1.79766e-06  8.32962e-20 -4.48843e-08  2.82412e-20  -2.9884e-07 -6.24659e-21 -1.99655e-07 -2.31008e-20 -9.54317e-08 -2.39214e-20 -3.83311e-08 -1.63505e-20 -1.36587e-08 -8.18602e-21 -4.43095e-09 -2.97515e-21 -1.32815e-09 -6.42549e-22 -3.71347e-10  7.47313e-23 -9.74862e-11  1.68308e-22 -2.41428e-11   1.0964e-22    -5.66e-12  5.17062e-23 -1.25923e-12  2.00557e-23   -2.663e-13  6.70927e-24  -5.3581e-14  1.98707e-24 -1.02592e-14  5.29545e-25 -1.86842e-15  1.28163e-25 -3.23323e-16  2.83064e-26 -5.30756e-17  5.72211e-27 -8.24785e-18  1.06133e-27 -1.21029e-18  1.80957e-28  -1.6723e-19  2.83879e-29 -2.16898e-20  4.09734e-30 -2.63172e-21  5.43668e-31 -2.97631e-22  6.62261e-32 -3.12505e-23  7.39242e-33 -3.03325e-24  7.54422e-34 -2.70881e-25   7.0187e-35 -2.21402e-26  5.93059e-36  -1.6464e-27  4.52999e-37 -1.10629e-28  3.10986e-38 -6.66371e-30  1.90522e-39 -3.56405e-31  1.03251e-40 -1.67315e-32  4.89561e-42 -6.79602e-34  2.00243e-43 -2.34486e-35  6.93553e-45 -6.70733e-37  1.98305e-46 -1.53776e-38  4.51234e-48 -2.68818e-40  7.71808e-50  -3.3035e-42  8.97057e-52 -2.44028e-44   5.6261e-54 -6.86286e-47
  4.0499e-05  4.71283e-17  -0.00134854  8.60743e-17   0.00693658 -4.08176e-16  -0.00833361  1.21316e-16   -0.0144779  2.25156e-16    0.0341308  3.49146e-16  -0.00359957 -2.58543e-16   -0.0202525 -4.55949e-16   -0.0047573  2.32892e-17   0.00722531  2.59257e-16   0.00654698  1.07441e-16   0.00166585 -5.40886e-17  -0.00119937 -6.83309e-17  -0.00154419 -2.00088e-17 -0.000887176   8.1224e-18 -0.000281406  1.00562e-17  8.53204e-06  5.23277e-18  7.89241e-05  2.46328e-18  6.33399e-05  1.44771e-18  3.45043e-05  8.86838e-19  1.49213e-05  4.88632e-19  5.31613e-06  2.40423e-19  1.53271e-06   9.2455e-20  3.16531e-07  9.70263e-21  1.41924e-08 -2.40104e-20 -2.84509e-08 -2.68062e-20 -1.93377e-08 -1.75496e-20 -8.79045e-09  -8.2507e-21 -3.31316e-09 -2.78994e-21 -1.10324e-09 -5.34404e-22 -3.33786e-10  9.72634e-23  -9.3142e-11  1.57201e-22 -2.41858e-11  9.53493e-23 -5.87664e-12  4.27775e-23 -1.34083e-12  1.59008e-23 -2.87886e-13  5.11755e-24 -5.82319e-14   1.4614e-24 -1.11007e-14  3.75873e-25 -1.99377e-15  8.78144e-26 -3.37126e-16  1.87206e-26    -5.36e-17  3.65227e-27 -7.99979e-18  6.53552e-28 -1.11855e-18  1.07442e-28 -1.46168e-19  1.62387e-29 -1.78022e-20  2.25596e-30 -2.01437e-21  2.87801e-31 -2.10997e-22  3.36623e-32 -2.03746e-23  3.60236e-33 -1.80507e-24  3.51814e-34 -1.45907e-25  3.12554e-35   -1.069e-26  2.51561e-36 -7.04284e-28  1.82487e-37 -4.13189e-29  1.18557e-38   -2.132e-30  6.84393e-40 -9.51747e-32  3.47624e-41 -3.59174e-33  1.53442e-42 -1.10575e-34  5.79176e-44 -2.60441e-36  1.82952e-45 -4.01062e-38  4.69226e-47 -1.41964e-40  9.33971e-49  1.06053e-41  1.33945e-50  2.73253e-43  1.19662e-52   2.6448e-45  4.30036e-55
-1.27699e-17 -0.000114291  9.45114e-17   -0.0012745  9.66525e-17   0.00910354 -3.75148e-16   -0.0143837  -6.1886e-17  -0.00838572  3.49146e-16    0.0303423  4.34036e-16 -0.000139112 -2.75922e-16    -0.019372 -4.60689e-16   -0.0079253  -4.8129e-18   0.00523296  2.31278e-16   0.00716473  1.07249e-16   0.00315151 -3.85558e-17 -0.000273238 -6.03371e-17  -0.00136364  -2.4183e-17  -0.00107466  1.42214e-18 -0.000510606  7.49593e-18 -0.000138626  6.25152e-18  1.28125e-05   4.4166e-18  4.31903e-05  2.98317e-18  3.25736e-05  1.84887e-18  1.74927e-05  1.03872e-18  7.70715e-06  5.19805e-19  2.91962e-06  2.11193e-19  9.67129e-07  5.07596e-20  2.79891e-07  -1.1843e-20  6.91974e-08 -2.26557e-20  1.35649e-08 -1.53589e-20  1.49785e-09 -6.97579e-21 -3.01694e-10 -2.19659e-21 -2.72498e-10 -3.42963e-22 -1.16619e-10  1.22308e-22  -3.9099e-11  1.39264e-22 -1.13359e-11  7.75931e-23 -2.94932e-12  3.29466e-23 -7.00859e-13  1.17063e-23 -1.53557e-13  3.61894e-24 -3.11813e-14  9.95255e-25 -5.88425e-15  2.46805e-25 -1.03309e-15  5.56141e-26 -1.68731e-16  1.14357e-26 -2.56089e-17  2.15168e-27 -3.60474e-18  3.71211e-28 -4.69217e-19  5.88011e-29 -5.62535e-20  8.55651e-30 -6.17787e-21  1.14339e-30 -6.16842e-22  1.40142e-31 -5.53897e-23  1.57268e-32 -4.39754e-24  1.61212e-33 -2.99505e-25  1.50522e-34 -1.63812e-26  1.27555e-35 -5.77437e-28  9.76615e-37  7.20138e-30  6.71775e-38  3.41678e-30  4.12233e-39  3.56309e-31  2.23705e-40  2.57115e-32   1.0618e-41  1.45351e-33  4.34627e-43  6.63056e-35  1.50607e-44  2.43865e-36  4.30736e-46  7.09371e-38  9.80222e-48  1.57009e-39   1.6766e-49  2.46483e-41  1.94853e-51  2.37888e-43  1.22193e-53  9.13101e-46
 6.48298e-05 -3.91334e-17 -0.000655431  1.34368e-16  8.65596e-05  1.04918e-16   0.00906906 -3.60949e-16   -0.0183621 -1.90926e-16  -0.00359957  4.34036e-16    0.0275332  4.73084e-16   0.00232923 -2.58907e-16   -0.0179887 -4.30577e-16   -0.0103837   -2.377e-17   0.00288216  1.93197e-16   0.00707986  9.86712e-17   0.00437085 -2.54538e-17  0.000824191 -5.28716e-17 -0.000898666 -2.84123e-17  -0.00107138 -5.29016e-18 -0.000669505  4.63045e-18 -0.000285352    6.949e-18  -7.4592e-05  6.36935e-18  3.56748e-06  4.79641e-18  1.87153e-05  3.13296e-18  1.41992e-05  1.81387e-18  7.64683e-06  9.22295e-19  3.41617e-06  3.92361e-19  1.33579e-06  1.24424e-19  4.69021e-07  1.77007e-20  1.50015e-07  -9.8265e-21  4.40942e-08 -9.41684e-21  1.19785e-08  -4.3665e-21  3.01898e-09 -1.22777e-21  7.07862e-10 -7.34403e-23  1.54774e-10  1.57282e-22  3.16456e-11  1.21966e-22  6.07638e-12  6.06687e-23  1.10381e-12  2.40704e-23  1.92079e-13  8.12006e-24  3.26315e-14   2.4014e-24  5.54025e-15  6.34241e-25  9.58675e-16  1.51337e-25  1.69834e-16   3.2841e-26  3.03673e-17  6.50565e-27  5.34649e-18  1.17929e-27  9.04653e-19  1.95963e-28  1.44455e-19  2.98834e-29  2.15075e-20  4.18324e-30  2.96291e-21  5.37243e-31  3.75727e-22  6.32121e-32  4.36848e-23  6.79998e-33  4.64018e-24  6.67057e-34  4.48612e-25  5.94813e-35  3.93114e-26  4.80213e-36  3.10692e-27  3.49266e-37  2.20149e-28  2.27424e-38  1.38842e-29  1.31548e-39  7.72391e-31  6.69354e-41   3.7477e-32  2.95904e-42  1.56327e-33  1.11834e-43   5.5006e-35   3.5364e-45  1.59098e-36  9.07806e-47   3.6448e-38  1.80836e-48  6.24337e-40  2.59536e-50  7.22369e-42  2.32029e-52  4.47935e-44  8.34523e-55
-8.95973e-18  0.000147757  -6.8213e-17  -0.00147746  1.58185e-16   0.00261169  1.08481e-16   0.00680998 -3.81653e-16   -0.0201366 -2.58543e-16 -0.000139112  4.73084e-16    0.0255181  4.66945e-16   0.00414805 -2.22153e-16   -0.0163919 -3.72484e-16    -0.012186 -3.10671e-17  0.000420642  1.55089e-16    0.0063847  8.65353e-17   0.00518978 -1.64171e-17   0.00192804 -4.79497e-17 -0.000219573 -3.31308e-17 -0.000861081 -1.18365e-17 -0.000710339   1.6385e-18  -0.00039036  7.42157e-18 -0.000159212   8.3364e-18 -4.50373e-05  6.83422e-18 -3.81777e-06  4.66477e-18  5.45564e-06  2.76184e-18  4.81449e-06  1.42532e-18  2.69085e-06  6.30044e-19  1.22244e-06  2.29798e-19  4.84746e-07  6.40714e-20  1.73214e-07  1.08773e-20  5.67674e-08 -3.88999e-22  1.72552e-08 -7.79515e-22  4.90238e-09 -1.53266e-23  1.30928e-09  2.43786e-22  3.30127e-10  2.02082e-22  7.88522e-11  1.09389e-22  1.78868e-11  4.70479e-23  3.86022e-12  1.71084e-23  7.93429e-13  5.41658e-24  1.55366e-13  1.52108e-24  2.89716e-14  3.83859e-25    5.139e-15  8.78107e-26  8.65618e-16  1.83014e-26  1.38146e-16  3.48533e-27  2.08329e-17  6.07646e-28  2.95974e-18  9.71158e-29  3.94845e-19  1.42394e-29  4.92881e-20  1.91539e-30  5.73564e-21  2.36167e-31  6.19753e-22  2.66477e-32  6.19152e-23   2.7451e-33  5.69241e-24  2.57422e-34  4.79163e-25  2.18963e-35  3.67151e-26  1.68196e-36  2.54395e-27  1.16032e-37  1.58171e-28  7.13928e-39  8.74435e-30  3.88397e-40  4.25104e-31  1.84787e-41  1.79249e-32  7.58078e-43  6.44152e-34  2.63238e-44  1.92761e-35  7.54334e-46  4.65177e-37  1.71986e-47  8.63423e-39  2.94716e-49   1.1412e-40  3.43165e-51  9.25123e-43  2.15636e-53  2.95501e-45
 2.06127e-05 -1.70171e-17  8.93981e-05  -8.3257e-17  -0.00208716  1.75215e-16   0.00548164  1.02289e-16   0.00313812 -4.22529e-16   -0.0202525 -2.75922e-16   0.00232923  4.66945e-16    0.0240475  4.23299e-16   0.00555717 -1.77854e-16   -0.0147278 -2.99383e-16    -0.013426 -2.66198e-17  -0.00198488  1.24766e-16   0.00520407   7.5019e-17   0.00554316 -1.14135e-17   0.00289002 -4.61296e-17  0.000569437 -3.84257e-17 -0.000470972 -1.80371e-17 -0.000612903  -1.2066e-18 -0.000421767  7.87998e-18 -0.000216025  1.03668e-17 -8.80461e-05  9.01523e-18 -2.81238e-05  6.33006e-18 -6.00982e-06  3.79925e-18  1.01516e-07  1.98396e-18  9.67343e-07  9.02745e-19  6.56006e-07  3.56143e-19    3.169e-07  1.21376e-19  1.28508e-07  3.62358e-20  4.61905e-08  1.01643e-20  1.50957e-08  3.15555e-21  4.54993e-09  1.23586e-21  1.27591e-09   5.5735e-22  3.34797e-10  2.48251e-22  8.25153e-11  1.01439e-22  1.91493e-11  3.71755e-23  4.19065e-12  1.21648e-23  8.65429e-13   3.5642e-24  1.68671e-13  9.40758e-25  3.10105e-14  2.25156e-25  5.37337e-15  4.91049e-26  8.76358e-16  9.78795e-27  1.34303e-16  1.78612e-27   1.9301e-17  2.98713e-28  2.59509e-18  4.58184e-29  3.25572e-19   6.4476e-30  3.79975e-20  8.32079e-31  4.11158e-21  9.83612e-32  4.10913e-22  1.06294e-32   3.7766e-23  1.04728e-33  3.17625e-24  9.37654e-35  2.43061e-25  7.59824e-36  1.68114e-26  5.54538e-37  1.04267e-27   3.6227e-38  5.74389e-29   2.1022e-39  2.77765e-30   1.0731e-40   1.1618e-31  4.75927e-42   4.1227e-33  1.80459e-43  1.20912e-34  5.72509e-45  2.82297e-36  1.47447e-46  4.94937e-38  2.94696e-48   5.8756e-40  4.24402e-50  3.72547e-42  3.80798e-52  3.25712e-45  1.37497e-54
 1.15631e-17  0.000102238 -2.45028e-17 -0.000300897 -7.58253e-17  -0.00192506  1.98114e-16   0.00773548  8.36925e-17 -0.000955743 -4.55949e-16    -0.019372 -2.58907e-16   0.00414805  4.23299e-16    0.0229385   3.5455e-16   0.00670291  -1.3537e-16   -0.0130645 -2.23848e-16   -0.0141975  -1.1989e-17  -0.00422886  1.06176e-16   0.00366756  6.67724e-17    0.0054199   -9.374e-18   0.00359303   -4.685e-17   0.00135093 -4.39141e-17  3.66052e-05 -2.34865e-17  -0.00038872 -3.46718e-18 -0.000366232  8.61303e-18 -0.000227252  1.25107e-17 -0.000112043  1.12321e-17 -4.63413e-05  7.99073e-18 -1.62992e-05   4.8233e-18 -4.79252e-06  2.53673e-18 -1.08841e-06  1.17644e-18 -1.25639e-07  4.85001e-19  4.37663e-08  1.79927e-19  3.98659e-08  6.15694e-20  1.92582e-08  2.02585e-20  7.38522e-09  6.72072e-21  2.45857e-09  2.30677e-21  7.35992e-10  8.10962e-22   2.0162e-10  2.83313e-22  5.10413e-11  9.53533e-23  1.20107e-11  3.01691e-23  2.63622e-12  8.82761e-24  5.40774e-13  2.36935e-24  1.03767e-13  5.82159e-25  1.86275e-14  1.31061e-25  3.12649e-15  2.70694e-26  4.90102e-16  5.13265e-27  7.16368e-17  8.93592e-28  9.74277e-18  1.42851e-28  1.22962e-18  2.09678e-29  1.43548e-19  2.82494e-30  1.54399e-20  3.49037e-31  1.52274e-21  3.94851e-32  1.36881e-22  4.07997e-33  1.11297e-23  3.83886e-34  8.10336e-25  3.27674e-35  5.20852e-26   2.5259e-36  2.89167e-27  1.74874e-37  1.33414e-28  1.07993e-38   4.6891e-30  5.89787e-40  8.97431e-32  2.81756e-41 -2.45857e-33  1.16094e-42 -3.32136e-34  4.04986e-44 -1.80018e-35  1.16611e-45 -6.53762e-37  2.67202e-47  -1.6832e-38  4.60274e-49 -2.96123e-40  5.38889e-51  -3.1332e-42   3.4061e-53 -1.30036e-44
-4.35493e-06   2.2401e-17  0.000220333 -3.32113e-17  -0.00102072 -4.84239e-17 -0.000770015  2.28461e-16   0.00878131  5.52006e-17   -0.0047573 -4.60689e-16   -0.0179887 -2.22153e-16   0.00555717   3.5455e-16    0.0220803  2.73803e-16   0.00767366 -1.00832e-16   -0.0114299 -1.54595e-16     -0.01458  1.02274e-17  -0.00624663  9.94895e-17   0.00189702  6.26831e-17   0.00484842 -8.98762e-18   0.00395748 -4.89644e-17   0.00201209 -4.87934e-17  0.000577574 -2.75088e-17 -7.77254e-05 -4.58949e-18 -0.000232545  9.91041e-18  -0.00018798  1.47837e-17 -0.000109502  1.33557e-17 -5.26863e-05   9.5007e-18 -2.19852e-05  5.72551e-18 -8.13785e-06  3.01566e-18 -2.70072e-06  1.41188e-18 -8.06116e-07  5.95126e-19 -2.15522e-07  2.29154e-19 -5.08676e-08  8.21896e-20 -1.02146e-08  2.80894e-20 -1.56571e-09  9.32203e-21 -9.56987e-11  3.02976e-21  4.87525e-11  9.62783e-22  2.68893e-11  2.97001e-22  9.00555e-12  8.80442e-23  2.43676e-12  2.47812e-23  5.72148e-13  6.54632e-24   1.1983e-13   1.6095e-24   2.2655e-14  3.66655e-25   3.8828e-15   7.7237e-26  6.02699e-16  1.50273e-26  8.42222e-17  2.69725e-27  1.04572e-17  4.46102e-28  1.12277e-18  6.79162e-29  9.77381e-20  9.50925e-30  5.49133e-21  1.22323e-30 -1.43704e-22  1.44353e-31  -9.8425e-23  1.55946e-32  -1.7808e-23  1.53782e-33 -2.33329e-24  1.37935e-34 -2.51353e-25  1.12056e-35 -2.31642e-26  8.20299e-37 -1.85312e-27  5.37761e-38 -1.29181e-28  3.13292e-39 -7.82845e-30  1.60639e-40 -4.09539e-31  7.16017e-42 -1.82834e-32  2.72997e-43 -6.84921e-34  8.71297e-45  -2.1014e-35  2.25845e-46 -5.09441e-37  4.54472e-48 -9.22238e-39  6.59227e-50 -1.12729e-40  5.96016e-52  -7.3893e-43  2.16961e-54
-1.40642e-19  2.10853e-05  2.66673e-17  0.000246828 -4.51095e-17  -0.00179504 -9.18288e-18   0.00114102   2.5609e-16   0.00852865  2.32892e-17   -0.0079253 -4.30577e-16   -0.0163919 -1.77854e-16   0.00670291  2.73803e-16    0.0214093  1.91368e-16   0.00852626 -7.70972e-17  -0.00983223 -9.59904e-17   -0.0146356  3.67716e-17  -0.00799856  1.02078e-16  2.90595e-06  6.20756e-17   0.00388568 -9.28016e-18   0.00394317 -5.11931e-17   0.00245915 -5.20211e-17   0.00106183 -2.92991e-17  0.000261106 -4.05351e-18 -4.90872e-05  1.19637e-17 -0.000107514  1.71346e-17 -8.12232e-05  1.52397e-17 -4.55333e-05  1.07206e-17 -2.14581e-05  6.40654e-18 -8.91146e-06  3.35891e-18 -3.34063e-06  1.57394e-18 -1.14685e-06  6.68334e-19 -3.64096e-07  2.60666e-19 -1.07668e-07  9.47407e-20 -2.98279e-08  3.25236e-20 -7.77993e-09   1.0643e-20 -1.91915e-09  3.33219e-21 -4.49637e-10  9.98181e-22 -1.00454e-10  2.85627e-22 -2.14763e-11  7.78247e-23  -4.4062e-12  2.00857e-23 -8.69013e-13  4.87939e-24 -1.64809e-13  1.10956e-24  -3.0019e-14  2.35276e-25 -5.23755e-15  4.64027e-26 -8.72064e-16  8.49445e-27  -1.3795e-16  1.44032e-27 -2.06339e-17   2.2576e-28  -2.9042e-18  3.26528e-29 -3.82833e-19  4.35084e-30 -4.70463e-20  5.33185e-31 -5.36544e-21  5.99712e-32 -5.65277e-22  6.17467e-33 -5.47558e-23  5.80005e-34 -4.85177e-24  4.95027e-35 -3.91051e-25  3.82038e-36 -2.84884e-26  2.65071e-37 -1.86208e-27  1.64196e-38  -1.0825e-28  9.00207e-40 -5.53782e-30  4.32071e-41 -2.46037e-31  1.79009e-42 -9.33419e-33  6.28368e-44 -2.95701e-34  1.82188e-45 -7.58309e-36  4.20613e-47 -1.50347e-37  7.30384e-49 -2.13766e-39  8.62446e-51 -1.88244e-41  5.50043e-53 -6.62247e-44
-7.49859e-06 -4.32241e-19  0.000106008  1.98489e-17  2.82688e-05 -5.95007e-17  -0.00222979  3.28507e-17   0.00330291  2.68423e-16   0.00722531  -4.8129e-18   -0.0103837 -3.72484e-16   -0.0147278  -1.3537e-16   0.00767366  1.91368e-16    0.0208875  1.13467e-16   0.00930051 -6.42337e-17  -0.00826886 -4.92038e-17   -0.0144107  6.40534e-17  -0.00945875  1.09773e-16  -0.00191467  6.32048e-17   0.00261009 -9.78477e-18   0.00354911 -5.23762e-17   0.00262867 -5.25604e-17   0.00140915 -2.81715e-17  0.000562983 -1.55561e-18  0.000143903  1.47806e-17 -6.21589e-06  1.94266e-17 -3.57235e-05  1.67289e-17  -2.7749e-05  1.15323e-17 -1.54008e-05  6.79109e-18 -7.14339e-06  3.52319e-18  -2.9224e-06  1.63997e-18  -1.0824e-06  6.94144e-19 -3.68474e-07  2.70351e-19 -1.16424e-07  9.79554e-20 -3.43738e-08  3.33101e-20 -9.52943e-09  1.06878e-20 -2.48942e-09  3.24261e-21 -6.14355e-10  9.30753e-22 -1.43473e-10  2.52748e-22  -3.1738e-11  6.48711e-23 -6.65273e-12  1.57007e-23 -1.32109e-12  3.57166e-24  -2.4834e-13  7.61221e-25  -4.4139e-14  1.51607e-25 -7.40551e-15  2.81559e-26 -1.17055e-15  4.86587e-27 -1.73916e-16  7.80765e-28 -2.42268e-17  1.16054e-28 -3.15521e-18  1.59452e-29 -3.82998e-19  2.02079e-30 -4.31843e-20  2.35715e-31 -4.50604e-21  2.52418e-32 -4.33316e-22  2.47374e-33 -3.82244e-23  2.21016e-34 -3.07694e-24    1.792e-35 -2.24654e-25  1.31139e-36 -1.47731e-26   8.6058e-38 -8.67701e-28  5.02452e-39 -4.50662e-29   2.5846e-40 -2.04433e-30  1.15688e-41  -7.9747e-32  4.43357e-43 -2.62157e-33  1.42353e-44 -7.06694e-35   3.7149e-46 -1.50252e-36  7.53118e-48 -2.37286e-38  1.10115e-49 -2.50619e-40  1.00397e-51 -1.39777e-42  3.68709e-54
-3.11183e-18 -1.17405e-05   1.9333e-19  0.000230351  2.47383e-18 -0.000476684 -7.26339e-17  -0.00204575  6.96363e-17   0.00521505  2.59257e-16   0.00523296   -2.377e-17    -0.012186 -2.99383e-16   -0.0130645 -1.00832e-16   0.00852626  1.13467e-16    0.0204913  4.30432e-17    0.0100268 -6.03294e-17  -0.00673026 -1.36349e-17   -0.0139365  8.85599e-17    -0.010607  1.18063e-16  -0.00376287  6.39556e-17   0.00111724 -1.03422e-17   0.00281244  -5.1558e-17   0.00249541 -4.96262e-17   0.00156328 -2.38028e-17  0.000771573  2.85438e-18  0.000305022  1.81463e-17  9.09371e-05  2.14448e-17  1.40226e-05  1.76762e-17 -5.29504e-06  1.18548e-17 -6.27804e-06  6.84048e-18 -3.76204e-06  3.49233e-18 -1.76804e-06  1.60461e-18 -7.16649e-07  6.71769e-19 -2.60203e-07    2.589e-19 -8.62805e-08  9.26525e-20 -2.64257e-08  3.09845e-20 -7.52934e-09  9.71809e-21 -2.00513e-09  2.86342e-21 -5.00639e-10  7.93237e-22 -1.17423e-10  2.06696e-22 -2.59006e-11   5.0653e-23 -5.37516e-12  1.16613e-23 -1.04943e-12  2.51766e-24 -1.92645e-13    5.088e-25 -3.32187e-14  9.60873e-26 -5.37353e-15  1.69295e-26 -8.14082e-16  2.77772e-27 -1.15279e-16   4.2353e-28 -1.52231e-17  5.98745e-29 -1.86973e-18  7.82981e-30 -2.12944e-19  9.44902e-31 -2.24109e-20  1.04966e-31 -2.17095e-21  1.07016e-32 -1.92692e-22  9.97823e-34 -1.55887e-23  8.47225e-35 -1.14236e-24  6.51734e-36 -7.52753e-26  4.51479e-37 -4.42087e-27  2.79606e-38 -2.28889e-28  1.53443e-39 -1.03044e-29  7.37959e-41 -3.96205e-31  3.06648e-42 -1.26986e-32  1.08058e-43   -3.276e-34  3.14768e-45 -6.43925e-36  7.30615e-47 -8.72298e-38  1.27627e-48 -6.32829e-40  1.51672e-50  1.78274e-43  9.73869e-53  2.28053e-44
-3.85009e-06 -4.30057e-18  1.23497e-05   1.7273e-18  0.000302475 -2.10228e-17  -0.00113626 -7.98525e-17  -0.00120395  9.53203e-17   0.00654698  2.31278e-16   0.00288216 -3.10671e-17    -0.013426 -2.23848e-16   -0.0114299 -7.70972e-17   0.00930051  4.30432e-17    0.0202068 -1.85382e-17    0.0107303 -6.23202e-17   -0.0052019  1.20666e-17   -0.0132315   1.0734e-16   -0.0114235  1.23116e-16  -0.00545275  6.26147e-17 -0.000482701 -1.07385e-17   0.00180591  -4.8004e-17   0.00207626 -4.28805e-17   0.00150208 -1.63838e-17  0.000851235  8.73493e-18  0.000402331  2.16515e-17  0.000161834  2.29337e-17  5.50789e-05  1.79685e-17  1.51627e-05  1.16585e-17  2.81153e-06  6.55966e-18 -8.78508e-08  3.27972e-18 -3.99237e-07  1.47968e-18 -2.42369e-07   6.0914e-19 -1.06328e-07   2.3087e-19 -3.92951e-08  8.11303e-20 -1.28705e-08  2.65647e-20 -3.82401e-09   8.1279e-21 -1.04363e-09  2.32733e-21 -2.63541e-10  6.24238e-22 -6.18508e-11  1.56937e-22 -1.35262e-11  3.69857e-23 -2.76021e-12  8.16647e-24 -5.25859e-13  1.68766e-24 -9.35123e-14  3.26049e-25 -1.55095e-14  5.88181e-26 -2.39599e-15  9.89458e-27 -3.44133e-16  1.54967e-27 -4.58447e-17  2.25519e-28  -5.6478e-18  3.04275e-29 -6.41055e-19  3.79712e-30 -6.67343e-20  4.37167e-31 -6.33483e-21  4.63044e-32 -5.44271e-22  4.49735e-33 -4.19009e-23  3.98974e-34 -2.84903e-24  3.21768e-35 -1.67248e-25  2.34592e-36 -8.13043e-27  1.53583e-37 -2.96249e-28  8.95606e-39 -5.16549e-30   4.6058e-40  2.74425e-31  2.06281e-41  3.27697e-32  7.91621e-43  1.89657e-33  2.54702e-44  7.65483e-35   6.6649e-46  2.26392e-36  1.35559e-47  4.79161e-38  1.98938e-49  6.66917e-40  1.82112e-51  4.89226e-42   6.7165e-54
 5.78496e-19 -1.26969e-05 -2.48126e-18   8.6993e-05   2.9875e-18  0.000210544 -4.46058e-17  -0.00171007 -7.83834e-17  0.000124013  1.07441e-16   0.00716473  1.93197e-16  0.000420642 -2.66198e-17   -0.0141975 -1.54595e-16  -0.00983223 -6.42337e-17    0.0100268 -1.85382e-17    0.0200266  -7.0072e-17    0.0114342 -6.67132e-17   -0.0036647  2.94915e-17   -0.0123017  1.18472e-16    -0.011885  1.22556e-16  -0.00689687  5.84984e-17  -0.00206813 -1.04357e-17  0.000633031 -4.12436e-17   0.00142903 -3.25433e-17   0.00124154 -6.63362e-18  0.000794316   1.5326e-17  0.000420938  2.47807e-17  0.000193256  2.36575e-17  7.85508e-05  1.75545e-17  2.85748e-05  1.09734e-17  9.33975e-06  5.99591e-18  2.73618e-06  2.92382e-18  7.10529e-07  1.28973e-18  1.59013e-07  5.19769e-19   2.8423e-08   1.9287e-19  2.93707e-09  6.62891e-20 -4.65275e-10  2.11889e-20 -3.99782e-10  6.31439e-21  -1.5392e-10   1.7569e-21 -4.57463e-11  4.56864e-22 -1.16071e-11  1.11107e-22 -2.60557e-12   2.5275e-23 -5.25388e-13  5.37662e-24 -9.57116e-14  1.06882e-24 -1.57504e-14  1.98389e-25 -2.32812e-15  3.43505e-26  -3.0501e-16  5.54171e-27 -3.44274e-17  8.31742e-28 -3.12325e-18  1.15917e-28 -1.75439e-19  1.49682e-29  7.71595e-21  1.78646e-30  4.18021e-21  1.96537e-31  7.80104e-22  1.98701e-32  1.07529e-22  1.83948e-33  1.22754e-23  1.55264e-34  1.20463e-24  1.18876e-35  1.03067e-25   8.2052e-37  7.71986e-27  5.06805e-38  5.05378e-28  2.77607e-39  2.87471e-29   1.3335e-40  1.40693e-30   5.5377e-42  5.83998e-32   1.9512e-43  2.01439e-33  5.68591e-45  5.60643e-35  1.32085e-46  1.20416e-36  2.31008e-48  1.85369e-38  2.74937e-50   1.7686e-40   1.7683e-52  6.75489e-43
-9.45894e-07  1.26975e-18  -1.7258e-05  2.58356e-18  0.000196461   2.5629e-18 -9.58429e-05 -6.28373e-17  -0.00197183 -6.87331e-17   0.00166585  1.07249e-16   0.00707986  1.55089e-16  -0.00198488  -1.1989e-17     -0.01458 -9.59904e-17  -0.00826886 -6.03294e-17    0.0107303  -7.0072e-17    0.0199493 -1.09959e-16    0.0121615 -7.02053e-17  -0.00209514   4.0288e-17   -0.0111426  1.21394e-16   -0.0119643  1.15891e-16   -0.0080095  5.22136e-17  -0.00351134 -8.56326e-18 -0.000580711 -3.11697e-17  0.000644977 -1.94012e-17  0.000832488  4.31822e-18  0.000621638  2.17085e-17  0.000365455  2.70341e-17  0.000183604  2.34626e-17  8.17223e-05   1.6465e-17  3.28765e-05  9.88653e-18   1.2107e-05  5.22876e-18  4.11789e-06  2.47835e-18  1.30245e-06   1.0652e-18  3.85236e-07  4.18791e-19  1.07082e-07  1.51641e-19  2.81006e-08  5.08278e-20  6.99237e-09  1.58257e-20  1.65676e-09  4.58733e-21  3.75212e-10  1.23969e-21   8.1476e-11   3.1265e-22  1.69982e-11  7.36326e-23  3.40927e-12  1.61972e-23  6.56725e-13  3.32718e-24  1.21199e-13  6.37912e-25   2.1352e-14  1.14075e-25  3.57524e-15  1.90104e-26  5.66324e-16  2.94893e-27  8.44638e-17  4.25163e-28  1.18067e-17  5.68651e-29     1.54e-18  7.03989e-30  1.86625e-19  8.04664e-31  2.09225e-20  8.46727e-32  2.16039e-21  8.17548e-33  2.04496e-22  7.21482e-34  1.76539e-23  5.79229e-35  1.38193e-24  4.20679e-36  9.74378e-26  2.74534e-37  6.13973e-27  1.59673e-38  3.42487e-28  8.19382e-40  1.67169e-29  3.66329e-41  7.03549e-31  1.40379e-42  2.50464e-32  4.51151e-44    7.349e-34  1.17953e-45  1.71241e-35  2.39767e-47  2.99137e-37  3.51742e-49  3.53938e-39   3.2193e-51  2.25105e-41   1.1872e-53
 5.70843e-19 -6.07931e-06  2.36398e-18  2.84522e-06  9.56382e-18    0.0002787 -1.74533e-19 -0.000563432 -7.25516e-17  -0.00179989 -5.40886e-17   0.00315151  9.86712e-17    0.0063847  1.24766e-16  -0.00422886  1.02274e-17   -0.0146356 -4.92038e-17  -0.00673026 -6.23202e-17    0.0114342 -1.09959e-16     0.019979 -1.36472e-16    0.0129365 -7.02066e-17 -0.000465844  4.61177e-17  -0.00974158  1.17021e-16   -0.0116322  1.04478e-16  -0.00871056  4.54452e-17  -0.00468759 -4.18449e-18  -0.00170128 -1.81544e-17 -0.000164917   -4.707e-18  0.000349981  1.51465e-17  0.000376026  2.70016e-17  0.000256875  2.80458e-17  0.000141772  2.23228e-17  6.78308e-05  1.48135e-17  2.90516e-05  8.52669e-18  1.13415e-05  4.35368e-18  4.08268e-06  2.00032e-18  1.36606e-06  8.35375e-19  4.27343e-07   3.1954e-19  1.25537e-07  1.12617e-19  3.47448e-08  3.67316e-20  9.08224e-09  1.11213e-20  2.24606e-09  3.13202e-21  5.26046e-10  8.21575e-22  1.16732e-10  2.00926e-22  2.45389e-11  4.58396e-23  4.88367e-12   9.7575e-24  9.19144e-13  1.93753e-24   1.6335e-13  3.58731e-25  2.73625e-14  6.18893e-26  4.31094e-15  9.94042e-27   6.3728e-16  1.48465e-27  8.81637e-17  2.05872e-28  1.13816e-17  2.64532e-29  1.36682e-18  3.14243e-30  1.52167e-19  3.44187e-31  1.56455e-20   3.4652e-32   1.4794e-21  3.19527e-33  1.28038e-22  2.68711e-34  1.00877e-23  2.05044e-35  7.18963e-25  1.41102e-36  4.60126e-26  8.69201e-38  2.62099e-27  4.74973e-39  1.31463e-28   2.2766e-40    5.729e-30  9.43527e-42  2.13237e-31  3.31832e-43  6.62702e-33   9.6532e-45  1.66655e-34  2.23893e-46  3.23755e-36  3.91015e-48  4.50413e-38  4.64766e-50   3.8728e-40  2.98559e-52  1.32616e-42
