  8.6939e-35 -5.23065e-51 -1.54166e-34 -6.10443e-49   7.8758e-35  4.08663e-48 -4.35117e-35 -2.23764e-47  2.37113e-35  1.30615e-46 -1.27573e-35  4.43367e-46  5.25846e-36 -2.62664e-45  6.06379e-36  3.58383e-47 -8.28826e-36  1.46038e-44  4.22222e-36 -8.01543e-45 -5.91077e-37  1.35551e-44 -3.76308e-37  1.28844e-43  4.08712e-37 -3.79469e-43 -1.85925e-36 -2.08101e-43  9.55977e-36  7.87911e-44 -4.95795e-35 -9.86528e-43  2.36947e-34   2.5968e-42 -1.02563e-33  1.27898e-43  4.01154e-33 -8.55436e-43 -1.41888e-32 -1.48445e-42  4.53891e-32  2.39071e-41 -1.31246e-31 -8.49297e-41  3.42618e-31  3.04502e-40 -8.05861e-31  -1.0053e-39  1.70288e-30  3.05701e-39 -3.22004e-30 -8.64309e-39  5.41937e-30  2.27165e-38 -8.05863e-30 -5.55269e-38    1.048e-29  1.26193e-37 -1.17435e-29 -2.66593e-37  1.10795e-29  5.23324e-37 -8.45062e-30 -9.54041e-37   4.7709e-30  1.61414e-36 -1.46087e-30 -2.53242e-36 -4.28791e-31  3.68076e-36  8.19071e-31 -4.95082e-36 -4.19494e-31  6.15503e-36  6.05087e-33 -7.06343e-36  1.12966e-31  7.47113e-36 -5.09872e-32 -7.27125e-36 -8.54353e-33  6.49863e-36  1.43482e-32 -5.32066e-36 -2.12038e-33  3.97793e-36 -2.12622e-33 -2.70392e-36  6.01963e-34  1.66046e-36  3.11557e-34   -9.125e-37 -1.26886e-34  4.42131e-37   -2.754e-35 -1.84229e-37  1.23659e-35  6.29556e-38  3.46012e-36 -1.56801e-38 -1.07238e-36  1.53474e-39 -2.41137e-37  9.55002e-40  2.31428e-39 -6.63881e-40  3.69277e-38  2.34478e-40  -6.1283e-39 -5.18025e-41  8.98902e-40  5.56594e-42 -3.48453e-40  6.25579e-43  4.02752e-41 -3.76748e-43  7.43037e-43  7.13727e-44 -2.32621e-43 -6.69407e-45   1.6986e-44  2.06141e-46     2.33e-46  1.08552e-47 -1.28835e-46 -5.22739e-49
-5.23065e-51  2.83986e-34  -1.5803e-49 -2.83966e-34 -9.43629e-48   1.2013e-34   5.5026e-47 -6.05352e-35 -3.06956e-46  3.14715e-35  1.40171e-45 -2.07466e-35  4.78748e-45  3.41211e-36 -2.27065e-44   1.6574e-35 -5.52496e-46 -2.02933e-35  9.69184e-44  1.08763e-35 -6.47898e-44 -1.25065e-36  1.77256e-43 -2.48612e-36  6.77601e-43  1.03092e-35 -2.56033e-42 -6.08458e-35 -1.17049e-42  3.37265e-34  1.11127e-43 -1.70135e-33 -6.24636e-42  7.75416e-33  1.64354e-41 -3.19306e-32 -3.98066e-42  1.18882e-31  1.21243e-41 -4.00348e-31 -7.66076e-41  1.21919e-30  4.00981e-40  -3.3545e-30 -1.44432e-39  8.32564e-30  4.95577e-39 -1.85948e-29  -1.5737e-38  3.72457e-29  4.63139e-38 -6.65985e-29 -1.26711e-37  1.05641e-28  3.22292e-37 -1.47378e-28 -7.62162e-37  1.78631e-28  1.67533e-36 -1.84689e-28 -3.42187e-36  1.58059e-28  6.49105e-36 -1.05685e-28  -1.1428e-35  4.74938e-29  1.86586e-35 -4.90807e-30 -2.82254e-35 -1.24574e-29   3.9518e-35  1.06271e-29 -5.11493e-35 -2.92997e-30   6.1126e-35  -1.4392e-30 -6.73549e-35  1.47556e-30  6.83348e-35 -2.36675e-31 -6.37336e-35  -2.6661e-31  5.45491e-35  1.29429e-31 -4.27551e-35  2.13128e-32   3.0604e-35 -2.60241e-32 -1.99286e-35 -7.77174e-34  1.17368e-35  4.29443e-33 -6.19521e-36 -2.61147e-34  2.88833e-36 -4.67495e-34 -1.16031e-36  1.52983e-35  3.83221e-37  4.51401e-35 -9.27806e-38  9.89694e-37  9.29981e-39 -2.94396e-36  4.87519e-39  -4.2315e-37 -3.35265e-39  1.90333e-37  1.14752e-39 -1.12657e-39  -2.4727e-40  4.28401e-39  2.78833e-41  -1.7201e-39   1.4751e-42  6.54246e-41 -1.20095e-42  7.41269e-42  2.14969e-43 -5.69471e-43 -1.80138e-44  9.44593e-44  4.82788e-46 -5.63191e-46  1.50178e-47 -1.65648e-46
-1.54166e-34  -1.5803e-49  4.52307e-34 -3.60342e-48   -3.066e-34 -9.34612e-47  1.02336e-34  4.73525e-46 -3.53727e-35  -2.7056e-45  2.96417e-35  1.03431e-44 -2.70884e-35  3.34685e-44 -5.48488e-36 -1.29187e-43  3.05178e-35 -1.94922e-44 -3.68782e-35  4.52461e-43  2.02684e-35 -3.60826e-43   2.7958e-36   1.2914e-42 -4.19693e-35  2.17253e-42  2.65917e-34 -1.23274e-41 -1.56974e-33 -4.38861e-42  8.36212e-33 -7.80987e-43 -4.01672e-32 -2.93201e-41  1.74178e-31  7.85578e-41 -6.82669e-31  -6.7666e-41  2.41999e-30  2.55387e-40 -7.75964e-30 -1.13283e-39  2.24933e-29  4.70964e-39  -5.8873e-29 -1.66557e-38  1.38857e-28  5.51249e-38 -2.94277e-28 -1.69237e-37   5.5817e-28   4.8247e-37 -9.42453e-28 -1.27857e-36  1.40622e-27  3.14967e-36 -1.83532e-27 -7.21176e-36   2.0644e-27   1.5343e-35 -1.95546e-27  -3.0316e-35  1.49774e-27  5.55963e-35 -8.49266e-28 -9.45569e-35   2.6115e-28  1.49008e-34  7.72722e-29 -2.17338e-34 -1.48206e-28  2.93062e-34  7.63726e-29 -3.64864e-34 -1.15784e-30  4.18857e-34 -2.08217e-29 -4.42754e-34  9.53347e-30  4.30339e-34  1.51033e-30 -3.84055e-34  -2.6504e-30  3.14245e-34  3.83314e-31 -2.35349e-34  4.16353e-31  1.60986e-34 -1.24502e-31 -1.00259e-34 -5.57148e-32  5.65579e-35  2.35112e-32  -2.8656e-35   5.6206e-33  1.28563e-35 -2.54825e-33 -4.98396e-36 -6.37698e-34   1.5944e-36  1.95386e-34 -3.77259e-37  6.18604e-35   3.9854e-38 -8.62458e-36  1.61837e-38 -4.16285e-36 -1.12609e-38  1.95896e-37  3.74126e-39  7.55823e-38 -7.82402e-40  2.82333e-38  8.97902e-41 -4.39018e-39  1.50944e-42 -1.33836e-40 -2.51396e-42  3.43828e-42  4.21744e-43 -1.27381e-42 -3.06921e-44  2.69219e-43  6.53605e-46  5.34974e-46  1.10026e-47
-6.10443e-49 -2.83966e-34 -3.60342e-48  4.74521e-34 -5.12835e-47 -2.46191e-34 -6.89313e-46   4.8546e-35  2.99967e-45  1.22439e-35 -1.78393e-44  2.91692e-35  6.01432e-44 -2.74974e-35  1.77943e-43 -2.42991e-35 -5.48308e-43  4.56417e-35 -2.28427e-43 -5.43768e-35  1.79654e-42   1.6214e-35 -1.66838e-42  1.27051e-34  6.96578e-42 -9.22141e-34  3.92418e-42  5.77349e-33 -4.88686e-41 -3.24894e-32 -1.20629e-41  1.64557e-31 -4.28048e-42 -7.51709e-31 -1.25399e-40  3.10199e-30  3.62752e-40 -1.15752e-29 -7.06904e-40  3.90736e-29  2.82936e-39 -1.19291e-28 -1.15117e-38  3.29096e-28  4.38735e-38 -8.19088e-28 -1.51064e-37  1.83481e-27  4.84192e-37 -3.68668e-27 -1.44101e-36  6.61392e-27  3.98459e-36 -1.05279e-26 -1.02404e-35  1.47417e-26  2.44586e-35 -1.79378e-26 -5.42769e-35  1.86232e-26   1.1186e-34 -1.60085e-26 -2.13971e-34   1.0755e-26  3.79589e-34 -4.85886e-27 -6.23957e-34  5.07097e-28  9.49311e-34  1.28618e-27 -1.33522e-33 -1.10529e-27  1.73384e-33  3.07998e-28  -2.0757e-33  1.50502e-28  2.28765e-33 -1.56568e-28 -2.31764e-33  2.60428e-29   2.1554e-33  2.80968e-29 -1.83769e-33 -1.38488e-29  1.43472e-33 -2.35787e-30 -1.02451e-33  2.91501e-30   6.6823e-34  3.54345e-32 -3.97217e-34 -4.60786e-31   2.1431e-34  2.74647e-32 -1.04147e-34  5.31542e-32  4.49657e-35 -2.13225e-33 -1.68369e-35 -5.13129e-33  5.22682e-36 -1.01471e-34 -1.21348e-36  3.66417e-34  1.36747e-37  3.03154e-35  4.00445e-38 -1.48684e-35 -2.90327e-38 -2.28779e-36   9.3829e-39  8.01593e-38 -1.89691e-39  1.17598e-37  2.17008e-40 -1.99043e-39  -1.2656e-42 -4.54834e-40 -3.98052e-42 -5.52559e-41  6.19661e-43 -5.44738e-42   -3.772e-44  3.81573e-43  5.61778e-46  2.60073e-45
  7.8758e-35 -9.43629e-48   -3.066e-34 -5.12835e-47  4.05387e-34 -5.07238e-46 -1.90171e-34 -4.04769e-45   -5.991e-36  1.46394e-44  5.42729e-35 -9.40115e-44  3.24556e-35  2.91124e-43 -1.18393e-35  7.74199e-43 -5.49991e-35  -1.7698e-42  5.60544e-35 -1.73292e-42 -3.20136e-35  6.84579e-42 -3.15499e-34 -7.04052e-42  2.67214e-33  3.10324e-41 -1.77898e-32 -2.80383e-42  1.05801e-31 -1.68843e-40 -5.65357e-31 -2.39834e-41   2.7217e-30  5.12547e-42  -1.1828e-29 -5.63924e-40  4.64639e-29  1.88478e-39 -1.65107e-28 -5.91671e-39  5.30763e-28  2.39874e-38  -1.5427e-27 -9.36528e-38  4.04931e-27   3.4089e-37 -9.57938e-27 -1.14193e-36  2.03662e-26  3.55508e-36 -3.87596e-26 -1.02797e-35  6.56779e-26  2.76172e-35 -9.83674e-26 -6.89396e-35  1.28899e-25  1.59868e-34 -1.45608e-25 -3.44262e-34  1.38556e-25  6.88041e-34 -1.06653e-25 -1.27531e-33   6.0816e-26  2.19029e-33 -1.88456e-26 -3.48181e-33 -5.54324e-27  5.11673e-33  1.07696e-26 -6.94171e-33 -5.60453e-27  8.68111e-33  1.04022e-28 -9.99149e-33  1.53749e-27  1.05664e-32 -7.16503e-28 -1.02512e-32 -1.07552e-28   9.1105e-33  1.98591e-28 -7.40818e-33  -2.9373e-29  5.50688e-33 -3.20114e-29 -3.74024e-33  1.00195e-29  2.32015e-33  4.11552e-30 -1.31328e-33 -1.81336e-30  6.76456e-34 -4.40057e-31  -3.1502e-34  2.06102e-31  1.30903e-34  4.97153e-32 -4.73854e-35  -1.6329e-32  1.42972e-35  -4.8296e-33 -3.26502e-36  7.57794e-34  3.92488e-37  3.09128e-34  7.70517e-38 -3.31796e-36 -6.08402e-38 -1.11953e-35  1.91853e-38  -1.2215e-36 -3.73882e-39  2.22544e-37  4.20227e-40  1.88498e-38 -8.46621e-42  8.60152e-40 -5.03819e-42 -1.14692e-40  7.18048e-43 -1.42602e-41 -3.45649e-44  1.89108e-43  2.79641e-46
 4.08663e-48   1.2013e-34 -9.34612e-47 -2.46191e-34 -5.07238e-46  3.64916e-34 -3.79888e-45 -1.87982e-34 -1.96326e-44 -4.08754e-35   5.4911e-44  7.29647e-35 -4.11553e-43  3.29876e-35  1.21089e-42  2.80248e-35  2.88748e-42 -8.80767e-35 -4.00054e-42 -2.09813e-35 -1.00602e-41  7.60503e-34  2.67995e-41 -6.68122e-33 -2.83063e-41  4.73917e-32  1.20593e-40 -2.98107e-31 -5.68616e-41  1.68169e-30 -5.22238e-40 -8.53603e-30 -3.75691e-41  3.90788e-29  2.20815e-40 -1.61634e-28 -2.81984e-39  6.04615e-28  1.08576e-38 -2.04623e-27 -4.19585e-38  6.26416e-27  1.69098e-37 -1.73311e-26 -6.42028e-37  4.32673e-26  2.26606e-36 -9.72346e-26 -7.40218e-36  1.96042e-25  2.24545e-35 -3.52975e-25 -6.32529e-35  5.64023e-25  1.65482e-34 -7.93006e-25 -4.02046e-34  9.69152e-25  9.06825e-34 -1.01091e-24 -1.89795e-33  8.73429e-25  3.68357e-33 -5.90171e-25 -6.62378e-33  2.68548e-25  1.10242e-32 -2.87742e-26 -1.69616e-32 -7.13676e-26  2.40911e-32  6.20232e-26 -3.15386e-32 -1.75781e-26  3.79916e-32 -8.41906e-27 -4.20347e-32  8.95287e-27  4.26389e-32 -1.55138e-27  -3.9583e-32 -1.60057e-27  3.35762e-32  8.08871e-28 -2.59935e-32   1.3458e-28  1.83551e-32 -1.73962e-28 -1.18246e-32  1.29525e-31   6.9551e-33  2.70955e-29 -3.73815e-33 -1.74163e-30  1.83443e-33 -3.23354e-30 -8.17854e-34  1.57784e-31  3.27151e-34  3.16764e-31 -1.14601e-34   2.5575e-33  3.36482e-35 -2.25549e-32 -7.56719e-36 -1.78784e-33  9.63449e-37  9.21868e-34  1.14732e-37  1.65328e-34 -1.06677e-37  -1.4506e-35   3.2974e-38 -5.74133e-36 -6.18415e-39 -8.83666e-38  6.75832e-40  3.98315e-38 -1.95721e-41  5.70197e-39 -5.24557e-42  6.08298e-41  6.70021e-43 -1.65796e-41 -2.31468e-44 -5.83798e-44
-4.35117e-35   5.5026e-47  1.02336e-34 -6.89313e-46 -1.90171e-34 -3.79888e-45   4.1168e-34 -2.27527e-44 -2.42831e-34 -8.03168e-44 -4.74484e-35  1.45869e-43  6.24636e-35 -1.53592e-42  2.23465e-35  4.42877e-42  7.83068e-35  9.56589e-42  3.98568e-35 -3.06879e-42 -1.68169e-33 -4.81995e-41  1.48078e-32  1.06998e-40  -1.1131e-31 -1.08566e-40  7.41356e-31  4.20822e-40  -4.4184e-30 -2.83463e-40  2.36601e-29 -1.46145e-39 -1.14154e-28 -1.25559e-40  4.97246e-28  1.93612e-39 -1.95814e-27 -1.45695e-38   6.9763e-27  6.12516e-38 -2.24882e-26 -2.53963e-37  6.55545e-26  1.01371e-36   -1.726e-25 -3.77451e-36  4.09653e-25  1.30373e-35 -8.73958e-25 -4.17184e-35  1.66938e-24  1.23846e-34 -2.83981e-24 -3.41121e-34  4.27096e-24  8.71832e-34 -5.62151e-24 -2.06723e-33   6.3806e-24  4.54596e-33 -6.10322e-24  -9.2663e-33  4.72523e-24  1.74948e-32 -2.71313e-24 -3.05653e-32  8.50341e-25  4.93591e-32  2.44895e-25 -7.35772e-32 -4.86592e-25  1.01084e-31  2.56667e-25 -1.27772e-31 -6.27512e-27  1.48308e-31 -7.04959e-26 -1.57755e-31  3.35951e-26  1.53452e-31  4.71331e-27  -1.3622e-31 -9.30095e-27  1.10157e-31  1.44498e-27 -8.10457e-32  1.51505e-27  5.42305e-32 -4.97355e-28  -3.3033e-32 -1.91045e-28  1.83586e-32  8.86849e-29 -9.33793e-33  2.10222e-29  4.35506e-33 -1.04136e-29 -1.85704e-33 -2.37949e-30  7.15385e-34  8.46796e-31 -2.42777e-34  2.33316e-31  6.94295e-35 -3.93191e-32 -1.53735e-35 -1.58293e-32  2.05089e-36  2.59552e-34   1.2179e-37  6.18663e-34 -1.58825e-37  4.81299e-35  4.84687e-38  -9.2785e-36 -8.74766e-39 -1.31924e-36  9.22584e-40 -3.22514e-38 -3.12473e-41  9.16434e-39 -4.57678e-42  4.67343e-40  5.03394e-43 -4.13684e-42  -1.0069e-44
-2.23764e-47 -6.05352e-35  4.73525e-46   4.8546e-35 -4.04769e-45 -1.87982e-34 -2.27527e-44  5.45288e-34 -1.13044e-43 -3.42445e-34 -2.80015e-43 -2.30213e-35  1.54841e-43  2.59042e-35  -4.9818e-42  1.64774e-35  1.45254e-41 -1.42073e-34  2.90017e-41  3.08717e-33   2.6697e-41 -2.93552e-32 -1.98694e-40  2.33699e-31  4.14921e-40 -1.64931e-30 -3.89832e-40  1.03943e-29   1.3372e-39 -5.87594e-29 -1.00546e-39  2.98916e-28 -3.74049e-39 -1.37168e-27  -7.6274e-40  5.68749e-27  1.08153e-38 -2.13307e-26  -6.7828e-38  7.23915e-26  3.01346e-37 -2.22267e-25  -1.2874e-36  6.16868e-25   5.1375e-36 -1.54511e-24 -1.89907e-35  3.48451e-24  6.48989e-35 -7.05153e-24 -2.05081e-34  1.27466e-23  5.99854e-34 -2.04539e-23 -1.62469e-33  2.88876e-23  4.07553e-33 -3.54756e-23 -9.46834e-33  3.71993e-23  2.03666e-32  -3.2328e-23 -4.05419e-32   2.1992e-23    7.463e-32 -1.00991e-23 -1.26921e-31  1.12901e-24   1.9918e-31  2.67935e-24 -2.88024e-31 -2.36448e-24  3.83139e-31   6.8568e-25 -4.67949e-31  3.17314e-25  5.23635e-31 -3.47711e-25 -5.35596e-31  6.32741e-26  4.99537e-31  6.18428e-26 -4.23809e-31 -3.23209e-26  3.26371e-31 -5.06431e-27 -2.27794e-31  7.02108e-27  1.44057e-31 -9.11836e-29 -8.26782e-32 -1.09069e-27  4.32385e-32   7.9879e-29 -2.07302e-32  1.33133e-28  9.16254e-33 -8.01479e-30  -3.7334e-33 -1.32122e-29  1.38619e-33  3.58765e-32 -4.56343e-34  9.53637e-31  1.27168e-34  7.16063e-32 -2.76809e-35 -4.12857e-32  3.82161e-36 -6.91329e-33  5.39193e-38  7.29263e-34 -2.01634e-37  2.34484e-34  6.14733e-38   6.6634e-36 -1.07006e-38  -2.2835e-36   1.0831e-39 -2.44383e-37 -3.87057e-41  7.60859e-40 -3.40068e-42  5.32592e-40  2.95178e-43  5.54511e-42
 2.37113e-35 -3.06956e-46 -3.53727e-35  2.99967e-45   -5.991e-36 -1.96326e-44 -2.42831e-34 -1.13044e-43  7.49215e-34 -4.78595e-43 -4.73834e-34 -8.33083e-43  2.97288e-35 -1.02331e-42 -5.55844e-35 -1.42715e-41  4.32827e-34  4.35221e-41 -5.20177e-33  8.24538e-41  5.21978e-32  1.88352e-40 -4.42718e-31 -7.22722e-40   3.3144e-30  1.49969e-39 -2.21094e-29 -1.28332e-39  1.32046e-28  3.86912e-39 -7.08672e-28 -2.77021e-39  3.42723e-27 -9.52963e-39 -1.49661e-26 -7.94856e-40  5.90922e-26  3.42427e-38 -2.11119e-25 -2.29848e-37   6.8257e-25  1.12407e-36   -1.996e-24 -5.10619e-36  5.27287e-24  2.10995e-35 -1.25591e-23 -7.95931e-35  2.68946e-23  2.74846e-34 -5.15781e-23 -8.71313e-34  8.81148e-23   2.5419e-33 -1.33126e-22 -6.83454e-33  1.76082e-22  1.69537e-32 -2.00923e-22 -3.88202e-32  1.93314e-22  8.20657e-32 -1.50667e-22 -1.60137e-31  8.72298e-23  2.88288e-31 -2.77547e-23 -4.78417e-31 -7.69747e-24  7.31043e-31  1.58102e-23  -1.0271e-30  -8.4848e-24  1.32453e-30  2.78266e-25 -1.56459e-30  2.32218e-24  1.68894e-30 -1.13777e-24 -1.66176e-30 -1.45668e-25   1.4861e-30  3.14251e-25 -1.20449e-30 -5.21812e-26  8.82454e-31 -5.13019e-26 -5.83265e-31  1.77746e-26  3.47641e-31  6.38951e-27  -1.8726e-31 -3.16021e-27  9.17107e-32 -7.11265e-28 -4.12466e-32  3.80066e-28  1.72204e-32  8.10643e-29 -6.70064e-33 -3.15896e-29  2.40139e-33 -8.17163e-30 -7.68059e-34  1.51571e-30  2.08501e-34  5.81558e-31 -4.44726e-35 -1.61788e-32  6.27102e-36 -2.32206e-32 -1.24471e-37 -1.64349e-33 -2.16594e-37  3.47512e-34  6.73622e-38  5.46096e-35 -1.13742e-38  5.29805e-37  1.09965e-39 -3.58176e-37 -3.84355e-41 -1.54463e-38  -2.1802e-42  4.40128e-41   1.1955e-43
 1.30615e-46  3.14715e-35  -2.7056e-45  1.22439e-35  1.46394e-44 -4.08754e-35 -8.03168e-44 -3.42445e-34 -4.78595e-43  1.00578e-33 -1.76478e-42 -6.25515e-34 -2.09742e-42  1.37925e-34 -8.49192e-42 -7.44793e-34 -3.66862e-41  8.09809e-33  1.21378e-40 -8.42887e-32  2.23606e-40  7.61721e-31  8.17484e-40 -6.05961e-30 -2.35613e-39  4.28331e-29  4.94695e-39 -2.70506e-28 -3.77902e-39  1.53261e-27  9.87107e-39  -7.8151e-27 -4.19257e-39  3.59525e-26 -3.39778e-38  -1.4947e-25  4.83263e-38  5.62169e-25 -8.65106e-38 -1.91359e-24 -5.52559e-38  5.89403e-24   1.6433e-36 -1.64131e-23   -1.169e-35   4.1258e-23  5.96414e-35  -9.3398e-23 -2.53049e-34  1.89772e-22  9.36939e-34 -3.44517e-22 -3.09669e-33  5.55378e-22  9.24912e-33 -7.88258e-22 -2.51451e-32  9.73211e-22  6.25018e-32 -1.02649e-21 -1.42435e-31   8.9796e-22   2.9808e-31 -6.15665e-22 -5.73319e-31  2.85901e-22  1.01363e-30 -3.38457e-23 -1.64674e-30 -7.52661e-23  2.45625e-30   6.7742e-23 -3.35947e-30 -2.02189e-23  4.20617e-30 -8.90816e-24 -4.81072e-30  1.01494e-23  5.01366e-30 -1.95674e-24 -4.74753e-30 -1.78945e-24  4.07152e-30  9.75283e-25  -3.1517e-30  1.39322e-25  2.19481e-30 -2.12698e-25 -1.37141e-30  5.62066e-27  7.68151e-31  3.31078e-26 -3.86651e-31 -2.84118e-27  1.76328e-31 -4.10714e-27 -7.39584e-32  3.03939e-28  2.90571e-32  4.13704e-28 -1.07965e-32 -6.00262e-30  3.74381e-33 -3.05993e-29  -1.1653e-33 -2.03398e-30  3.07698e-34  1.38602e-30 -6.39632e-35  2.14206e-31  9.08398e-36 -2.58376e-32 -4.10246e-37 -7.72321e-33 -1.91076e-37 -2.03675e-34  6.31936e-38  8.54372e-35 -1.04733e-38  7.64285e-36  9.61924e-40  -4.3618e-38 -3.04457e-41 -1.71355e-38 -1.19028e-42 -2.40857e-40
-1.27573e-35  1.40171e-45  2.96417e-35 -1.78393e-44  5.42729e-35   5.4911e-44 -4.74484e-35 -2.80015e-43 -4.73834e-34 -1.76478e-42  1.29627e-33 -5.78274e-42 -8.29237e-34 -4.37828e-42  1.01415e-33 -4.03348e-41 -1.13256e-32  -8.6267e-41  1.24234e-31  3.21009e-40 -1.19697e-30  5.83269e-40  1.01334e-29  2.86048e-39 -7.60002e-29  -6.9455e-39  5.08036e-28  1.47325e-38 -3.04102e-27 -9.33104e-39  1.63597e-26  1.85512e-38 -7.93178e-26  2.20838e-38  3.47296e-25 -2.17751e-37 -1.37517e-24  7.13873e-37  4.92791e-24 -2.47934e-36 -1.59834e-23  7.67842e-36  4.68982e-23 -1.99419e-35 -1.24338e-22  3.59693e-35  2.97288e-22 -1.67356e-36  -6.3922e-22 -3.58873e-34  1.23122e-21  2.07117e-33 -2.11315e-21 -8.28762e-33  3.20852e-21   2.7351e-32 -4.26668e-21 -7.85623e-32  4.89723e-21  2.01094e-31 -4.74263e-21  -4.6432e-31  3.72437e-21  9.73709e-31 -2.17727e-21 -1.86175e-30  7.05938e-22  3.25235e-30  1.85075e-22 -5.19559e-30 -3.97867e-22  7.58951e-30  2.18086e-22 -1.01297e-29 -9.51365e-24  1.23357e-29 -5.91888e-23 -1.36789e-29  2.99888e-23  1.37764e-29  3.38661e-24 -1.25623e-29 -8.24171e-24  1.03342e-29  1.48105e-24 -7.63863e-30  1.34091e-24  5.05237e-30  -4.9441e-25 -2.97943e-30 -1.64938e-25  1.56355e-30   8.8044e-26 -7.31845e-31   1.8367e-26  3.08673e-31 -1.07933e-26 -1.19872e-31 -2.11872e-27  4.41306e-32  9.18567e-28 -1.56752e-32  2.21424e-28  5.28018e-33 -4.61784e-29 -1.60194e-33 -1.64331e-29  4.09938e-34   6.5999e-31 -8.23154e-35  6.78768e-31  1.15881e-35  4.41599e-32 -7.42165e-37 -1.08633e-32 -1.25697e-37 -1.62802e-33  4.91578e-38 -2.19366e-36 -8.20373e-39  1.07422e-35  7.11223e-40  4.62055e-37 -1.84479e-41 -1.24748e-39 -4.88687e-43
 4.43367e-46 -2.07466e-35  1.03431e-44  2.91692e-35 -9.40115e-44  7.29647e-35  1.45869e-43 -2.30213e-35 -8.33083e-43 -6.25515e-34 -5.78274e-42  1.64576e-33 -1.71885e-41 -1.91053e-33 -7.36082e-42  1.42236e-32 -1.49823e-40 -1.67419e-31 -1.90719e-40  1.72462e-30  8.18762e-40 -1.55649e-29  1.46602e-39  1.24036e-28  8.68477e-39  -8.7862e-28 -1.85254e-38  5.56134e-27  3.88874e-38 -3.15846e-26 -1.36222e-38  1.61466e-25 -1.16295e-38 -7.44813e-25  3.27002e-37  3.10538e-24 -1.71862e-36  -1.1715e-23  6.75941e-36  4.00057e-23  -2.5121e-35 -1.23643e-22  8.48635e-35  3.45558e-22 -2.57168e-34 -8.71989e-22  6.84072e-34  1.98208e-21  -1.5399e-33 -4.04493e-21  2.64345e-33  7.37764e-21 -1.95466e-33 -1.19528e-20 -8.70951e-33  1.70566e-20  5.35022e-32 -2.11826e-20 -1.91008e-31  2.24876e-20  5.41882e-31 -1.98173e-20 -1.31832e-30  1.37093e-20  2.83464e-30 -6.45123e-21 -5.46573e-30  8.19144e-22  9.52342e-30  1.67423e-21 -1.50548e-29  -1.5441e-21  2.16318e-29  4.77045e-22  -2.8262e-29  1.96964e-22  3.35493e-29 -2.35728e-22 -3.61254e-29  4.85589e-23  3.51975e-29  4.09994e-23  -3.0929e-29  -2.3504e-23  2.44136e-29 -2.95236e-24 -1.72298e-29  5.12657e-24  1.08164e-29 -2.15154e-25 -6.01003e-30 -8.00399e-25  2.94556e-30  8.14428e-26 -1.27499e-30  1.00569e-25  4.93249e-31 -9.10115e-27  -1.7573e-31 -1.03067e-26  6.03344e-32  2.94642e-28 -2.05573e-32  7.84116e-28  6.76895e-33  4.31989e-29 -2.00335e-33 -3.69913e-29  4.93093e-34  -5.2734e-30 -9.42172e-35  7.39668e-31  1.28778e-35   2.0421e-31 -1.01111e-36  4.00122e-33 -3.49673e-38 -2.41959e-33  2.84228e-38 -1.96724e-34 -5.16203e-39  1.63083e-36   4.2292e-40   4.8932e-37  -7.6708e-42  6.77157e-39
 5.25846e-36  4.78748e-45 -2.70884e-35  6.01432e-44  3.24556e-35 -4.11553e-43  6.24636e-35  1.54841e-43  2.97288e-35 -2.09742e-42 -8.29237e-34 -1.71885e-41  2.91087e-33 -4.73964e-41 -1.70601e-32 -1.04011e-41  2.06648e-31 -4.71326e-40 -2.28489e-30 -4.12121e-40  2.20287e-29  2.03748e-39 -1.86825e-28  3.55755e-39  1.40415e-27  2.35065e-38 -9.40756e-27 -4.38745e-38  5.64479e-26  8.46652e-38 -3.04447e-25  4.77598e-38  1.48008e-24 -4.51135e-37 -6.49923e-24  2.77098e-36  2.58133e-23 -1.27596e-35 -9.28014e-23  5.13594e-35  3.02032e-22 -1.90777e-34 -8.89454e-22  6.47793e-34  2.36732e-21 -2.00157e-33 -5.68355e-21  5.58943e-33  1.22744e-20  -1.3965e-32 -2.37533e-20  3.06069e-32  4.09737e-20 -5.63876e-32 -6.25506e-20  7.72682e-32  8.36698e-20 -3.42309e-32 -9.66561e-20 -2.33742e-31  9.42845e-20  1.07277e-30 -7.46725e-20 -3.09538e-30  4.41435e-20  7.19128e-30 -1.46391e-20 -1.43701e-29 -3.55154e-21  2.53668e-29  8.11178e-21 -4.00633e-29 -4.55968e-21  5.69718e-29  2.59725e-22 -7.31564e-29  1.22088e-21  8.48837e-29 -6.43594e-22 -8.89199e-29 -6.10654e-23  8.39169e-29  1.75423e-22  -7.1115e-29 -3.44454e-23  5.38829e-29 -2.83054e-23 -3.63064e-29  1.12108e-23  2.16185e-29  3.42411e-24 -1.12995e-29 -2.00198e-24  5.15452e-30 -3.77922e-25 -2.05017e-30  2.49604e-25  7.19965e-31  4.42852e-26 -2.32461e-31 -2.18001e-26  7.40605e-32 -4.82904e-27 -2.43978e-32  1.15211e-27    7.928e-33  3.75134e-28  -2.2858e-33 -2.04468e-29  5.33157e-34 -1.62202e-29 -9.43186e-35 -9.28224e-31  1.21068e-35  2.79087e-31 -1.10463e-36  3.86482e-32  6.01603e-38 -2.07829e-34  5.60384e-39 -2.70281e-34 -2.09989e-39 -1.12823e-35   1.7753e-40  5.51751e-38 -1.58395e-42
-2.62664e-45  3.41211e-36  3.34685e-44 -2.74974e-35  2.91124e-43  3.29876e-35 -1.53592e-42  2.59042e-35 -1.02331e-42  1.37925e-34 -4.37828e-42 -1.91053e-33 -4.73964e-41  1.88628e-32 -1.24129e-40 -2.35153e-31 -2.14606e-41  2.78924e-30  -1.2975e-39 -2.87953e-29 -9.09022e-40  2.60375e-28  4.95523e-39 -2.07934e-27   8.4689e-39  1.47627e-26  5.65938e-38 -9.36683e-26 -8.40731e-38  5.33338e-25  9.72746e-38 -2.73395e-24  6.73059e-37  1.26477e-23 -3.87499e-36 -5.28943e-23  1.94453e-35  2.00193e-22 -8.49302e-35 -6.86006e-22  3.36538e-34  2.12798e-21 -1.22644e-33 -5.97054e-21  4.10035e-33  1.51288e-20 -1.25527e-32 -3.45409e-20  3.50802e-32  7.08229e-20  -8.9078e-32  -1.2983e-19  2.03874e-31  2.11488e-19 -4.14621e-31 -3.03571e-19  7.28603e-31  3.79435e-19 -1.03493e-30 -4.05696e-19  9.30987e-31  3.60461e-19  5.23592e-31 -2.51891e-19 -5.02627e-30  1.20368e-19  1.50089e-29 -1.65634e-20  -3.3102e-29 -3.05748e-20  6.09557e-29   2.9045e-20 -9.76833e-29 -9.33935e-21  1.38707e-28 -3.55107e-21 -1.76004e-28  4.51837e-21  2.00292e-28 -1.00212e-21 -2.04565e-28 -7.70614e-22  1.87257e-28  4.68981e-22  -1.5317e-28  4.93796e-23  1.11445e-28 -1.01999e-22 -7.16894e-29  6.13222e-24  4.04625e-29  1.59616e-23 -1.98605e-29 -1.93352e-24  8.40145e-30 -2.02733e-24  -3.0475e-30  2.23487e-25  9.58309e-31  2.11756e-25 -2.75615e-31 -9.63522e-27  8.10933e-32 -1.66053e-26 -2.62633e-32 -6.90659e-28  8.53803e-33  8.17271e-28 -2.38198e-33  1.06168e-28  5.11209e-34 -1.77139e-29 -7.90194e-35 -4.44221e-30  8.84889e-36 -5.02951e-32 -9.69828e-37  5.62118e-32  1.43352e-37  4.24236e-33 -1.49295e-38 -5.46333e-35  2.94011e-40 -1.16524e-35  2.91749e-41 -1.49389e-37
 6.06379e-36 -2.27065e-44 -5.48488e-36  1.77943e-43 -1.18393e-35  1.21089e-42  2.23465e-35  -4.9818e-42 -5.55844e-35 -8.49192e-42  1.01415e-33 -7.36082e-42 -1.70601e-32 -1.24129e-40  2.46309e-31 -3.15271e-40 -3.14299e-30 -1.03184e-40  3.48258e-29 -3.17474e-39 -3.36433e-28 -2.09262e-39  2.85939e-27  1.16075e-38 -2.15398e-26  2.09461e-38  1.44663e-25  1.13898e-37 -8.70257e-25 -6.21684e-38   4.7065e-24 -4.65777e-37 -2.29472e-23  5.07572e-36  1.01075e-22 -2.60363e-35 -4.02758e-22  1.21122e-34  1.45299e-21 -5.09704e-34 -4.74638e-21  1.96645e-33  1.40325e-20 -6.98209e-33  -3.7504e-20  2.28012e-32  9.04419e-20 -6.84232e-32  -1.9625e-19  1.88359e-31  3.81712e-19 -4.74367e-31 -6.62037e-19  1.08803e-30  1.01663e-18 -2.25636e-30 -1.36861e-18  4.17868e-30  1.59223e-18 -6.75274e-30 -1.56561e-18  9.04728e-30  1.25173e-18 -8.58205e-30 -7.49398e-19  7.51722e-31  2.55107e-19  2.09598e-29  5.58368e-20 -6.32747e-29 -1.38081e-19  1.29772e-28  7.99271e-20 -2.16931e-28 -5.82129e-21  3.11835e-28 -2.09959e-20 -3.93946e-28  1.15904e-20  4.41606e-28  8.56396e-22 -4.40883e-28  -3.1218e-21  3.92071e-28  6.75028e-22 -3.09822e-28  4.96993e-22  2.16555e-28 -2.13601e-22 -1.32983e-28 -5.86881e-23  7.10969e-29   3.8243e-23 -3.27126e-29  6.35317e-24  1.27797e-29 -4.84441e-24 -4.18884e-30 -7.58203e-25  1.15734e-30  4.34877e-25 -2.88601e-31  8.70315e-26  7.81707e-32 -2.41835e-26 -2.57472e-32 -7.13335e-27  8.51963e-33  5.14001e-28 -2.25723e-33  3.25298e-28  4.18457e-34  1.54486e-29 -4.78553e-35 -6.01539e-30  3.38448e-36 -7.64255e-31 -6.62351e-37  9.92911e-33  2.09515e-37  5.79244e-33 -2.98299e-38  2.26259e-34  1.56579e-39 -1.76569e-36  -1.7759e-41
 3.58383e-47   1.6574e-35 -1.29187e-43 -2.42991e-35  7.74199e-43  2.80248e-35  4.42877e-42  1.64774e-35 -1.42715e-41 -7.44793e-34 -4.03348e-41  1.42236e-32 -1.04011e-41 -2.35153e-31 -3.15271e-40  3.27122e-30 -7.86271e-40 -3.90175e-29 -5.34941e-40  4.03616e-28 -6.95687e-39 -3.65745e-27 -4.88109e-39  2.92751e-26  2.49493e-38  -2.0835e-25  6.10345e-38  1.32538e-24  1.28423e-37 -7.56731e-24  6.32457e-37   3.8904e-23 -5.14553e-36 -1.80533e-22  3.18718e-35  7.57494e-22 -1.54461e-34 -2.87696e-21  6.85933e-34  9.89509e-21 -2.78939e-33 -3.08155e-20  1.04387e-32  8.68227e-20 -3.59991e-32 -2.20984e-19  1.14398e-31   5.0694e-19 -3.34818e-31 -1.04474e-18  9.01534e-31  1.92565e-18  -2.2291e-30 -3.15532e-18  5.04613e-30  4.55818e-18 -1.04105e-29 -5.73732e-18  1.94315e-29  6.18258e-18 -3.24198e-29 -5.54313e-18  4.72884e-29  3.91751e-18 -5.74902e-29 -1.90499e-18  5.05883e-29  2.86307e-19 -9.30469e-30  4.69886e-19 -8.32924e-29 -4.62432e-19  2.34692e-28  1.55565e-19 -4.33435e-28  5.33972e-20  6.45313e-28 -7.32986e-20 -8.20477e-28  1.76202e-20  9.11123e-28  1.21704e-20 -8.91954e-28 -7.94323e-21   7.7193e-28 -6.51717e-22 -5.89852e-28  1.71786e-21  3.96218e-28 -1.39575e-22 -2.32245e-28 -2.69001e-22  1.17525e-28  3.88252e-23 -5.05912e-29  3.44859e-23   1.8167e-29 -4.61801e-24 -5.31814e-30 -3.67565e-24  1.25466e-30  2.41616e-25 -2.58244e-31  2.97749e-25   6.4512e-32   7.7037e-27 -2.31396e-32  -1.5338e-26  7.91489e-33 -1.77845e-27 -1.90336e-33  3.61387e-28  2.56808e-34  8.15069e-29 -3.97143e-36  1.35523e-31 -3.20677e-36 -1.11084e-30 -3.46484e-37 -7.72346e-32  2.61197e-37  1.49518e-33  -3.6754e-38  2.34453e-34  1.65396e-39  2.76227e-36
-8.28826e-36 -5.52496e-46  3.05178e-35 -5.48308e-43 -5.49991e-35  2.88748e-42  7.83068e-35  1.45254e-41  4.32827e-34 -3.66862e-41 -1.13256e-32 -1.49823e-40  2.06648e-31 -2.14606e-41 -3.14299e-30 -7.86271e-40  4.05219e-29 -1.92679e-39 -4.50031e-28 -2.26341e-39  4.35686e-27 -1.37369e-38 -3.71144e-26 -1.03669e-38  2.80265e-25  4.13576e-38 -1.88716e-24  2.34959e-37  1.13839e-23 -4.74951e-37 -6.17462e-23  5.69429e-36  3.01988e-22 -3.39102e-35 -1.33455e-21  1.79961e-34  5.33645e-21 -8.36233e-34 -1.93235e-20  3.57359e-33  6.33726e-20 -1.40494e-32 -1.88147e-19  5.09263e-32   5.0511e-19 -1.70324e-31 -1.22392e-18  5.25652e-31  2.66937e-18 -1.49648e-30 -5.22047e-18  3.92678e-30  9.10775e-18 -9.48384e-30 -1.40753e-17  2.10354e-29  1.90807e-17 -4.27062e-29   -2.237e-17  7.89632e-29  2.21893e-17 -1.31937e-28 -1.79275e-17  1.96661e-28  1.08862e-17   -2.554e-28 -3.81719e-18  2.74489e-28 -7.30205e-19 -2.08613e-28  2.00478e-18  1.60061e-29 -1.20021e-18  3.17926e-28  1.09523e-19 -7.59219e-28  3.07412e-19  1.22142e-27 -1.78936e-19 -1.58883e-27 -8.94592e-21  1.76107e-27  4.74363e-20 -1.69692e-27 -1.13693e-20    1.432e-27 -7.40624e-21 -1.05913e-27  3.49275e-21  6.83949e-28  8.44275e-22 -3.82605e-28 -6.26496e-22  1.83108e-28 -8.82965e-23 -7.35898e-29  8.05881e-23  2.41591e-29  1.07577e-23 -6.21982e-30 -7.44308e-24   1.1945e-30 -1.31799e-24 -1.80611e-31  4.35775e-25  4.23241e-32  1.15229e-25 -1.91151e-32 -1.08224e-26  6.74635e-33 -5.58022e-27  -1.3102e-33 -2.01178e-28  3.55257e-35  1.11199e-28   4.6262e-35  1.28591e-29 -9.21292e-36 -2.89995e-31 -2.25367e-37 -1.06855e-31  2.97302e-37 -3.81792e-33 -3.46593e-38  4.37679e-35  9.58035e-40
 1.46038e-44 -2.02933e-35 -1.94922e-44  4.56417e-35  -1.7698e-42 -8.80767e-35  9.56589e-42 -1.42073e-34  4.35221e-41  8.09809e-33  -8.6267e-41 -1.67419e-31 -4.71326e-40  2.78924e-30 -1.03184e-40 -3.90175e-29 -1.92679e-39   4.6663e-28 -4.60009e-39 -4.83757e-27  -7.9183e-39  4.39373e-26 -2.50033e-38 -3.52543e-25  -1.3619e-38  2.51555e-24 -4.60201e-39 -1.60464e-23  1.12988e-36   9.1886e-23 -5.15048e-36 -4.73863e-22  3.50097e-35  2.20622e-21 -1.89306e-34 -9.28959e-21  9.35076e-34  3.54137e-20 -4.18432e-33 -1.22287e-19  1.72512e-32  3.82437e-19 -6.55766e-32 -1.08237e-18  2.30117e-31  2.76811e-18 -7.45849e-31 -6.38264e-18  2.23308e-30   1.3226e-17 -6.17449e-30 -2.45221e-17  1.57562e-29  4.04373e-17 -3.70635e-29 -5.88211e-17  8.02247e-29  7.46028e-17 -1.59365e-28 -8.10819e-17   2.8942e-28  7.34216e-17 -4.77799e-28 -5.25422e-17  7.10729e-28   2.6055e-17  -9.3868e-28 -4.29983e-18  1.07083e-27 -6.18567e-18 -9.90811e-28  6.34772e-18  5.99387e-28  -2.2451e-18  1.27295e-28 -6.79374e-19 -1.09357e-27   1.0249e-18  2.08892e-27 -2.68581e-19 -2.85521e-27 -1.64216e-19  3.19158e-27  1.16284e-19 -3.04099e-27   6.5053e-21   2.5078e-27 -2.49357e-20 -1.79709e-27  2.63637e-21  1.11602e-27  3.89811e-21 -5.95702e-28  -6.7035e-22  2.69397e-28 -5.03627e-22 -1.00858e-28  8.18024e-23  3.00862e-29  5.48277e-23 -6.67203e-30 -4.93292e-24   9.5025e-31 -4.59979e-24 -6.41472e-32 -3.48593e-26  1.55521e-32  2.48835e-25 -1.39258e-32  2.50232e-26  4.80138e-33 -6.37714e-27 -4.32609e-34 -1.28424e-27 -2.32102e-34  1.27632e-29  9.40912e-35  1.90207e-29 -1.27478e-35  1.19903e-30 -4.18193e-37 -3.35132e-32  3.05489e-37 -4.07266e-33 -2.49357e-38 -4.36594e-35
 4.22222e-36  9.69184e-44 -3.68782e-35 -2.28427e-43  5.60544e-35 -4.00054e-42  3.98568e-35  2.90017e-41 -5.20177e-33  1.21378e-40  1.24234e-31 -1.90719e-40 -2.28489e-30  -1.2975e-39  3.48258e-29 -5.34941e-40 -4.50031e-28 -4.60009e-39  5.00904e-27 -1.05838e-38 -4.86053e-26 -2.35044e-38  4.15063e-25 -4.65739e-38 -3.14245e-24  3.92506e-38  2.12181e-23 -5.57819e-37  -1.2837e-22  5.86209e-36   6.9845e-22 -3.20374e-35 -3.42731e-21  1.86964e-34  1.51994e-20 -9.58035e-34 -6.10057e-20  4.51171e-33  2.21784e-19 -1.94748e-32 -7.30438e-19  7.75466e-32   2.1784e-18 -2.85081e-31 -5.87639e-18  9.68397e-31  1.43121e-17 -3.04089e-30 -3.13864e-17  8.82773e-30  6.17446e-17 -2.36864e-29 -1.08407e-16  5.87066e-29   1.6869e-16 -1.34267e-28 -2.30409e-16  2.82928e-28  2.72401e-16 -5.48073e-28 -2.72796e-16  9.72939e-28  2.22952e-16 -1.57562e-27 -1.37529e-16  2.31216e-27  4.98342e-17 -3.04247e-27  7.98541e-18  3.52608e-27  -2.5221e-17  -3.4749e-27  1.56881e-17  2.66689e-27 -1.76077e-18 -1.08093e-27 -3.89082e-18 -1.02312e-27  2.40582e-18  3.14961e-27  5.59464e-20 -4.74487e-27 -6.25026e-19  5.42732e-27  1.66996e-19 -5.14249e-27  9.49887e-20  4.15429e-27 -4.97754e-20  -2.8873e-27 -1.02803e-20  1.72487e-27  8.93596e-21 -8.78353e-28  1.01242e-21  3.75068e-28 -1.16673e-21 -1.30538e-28 -1.26331e-22  3.51538e-29  1.10949e-22 -6.52817e-30  1.69117e-23   5.4322e-31 -6.84158e-24  7.24106e-32 -1.60167e-24 -1.31177e-32  1.94772e-25 -6.38188e-33  8.30584e-26  1.46186e-33  1.88827e-27   8.1668e-34 -1.79155e-27 -5.27442e-34 -1.86308e-28  1.29552e-34  6.49015e-30 -1.24693e-35  1.71779e-30 -8.53123e-37  5.50066e-32  2.69474e-37 -8.99717e-34 -1.20308e-38
-8.01543e-45  1.08763e-35  4.52461e-43 -5.43768e-35 -1.73292e-42 -2.09813e-35 -3.06879e-42  3.08717e-33  8.24538e-41 -8.42887e-32  3.21009e-40  1.72462e-30 -4.12121e-40 -2.87953e-29 -3.17474e-39  4.03616e-28 -2.26341e-39 -4.83757e-27 -1.05838e-38  5.02667e-26 -2.33338e-38 -4.57665e-25 -5.90098e-38  3.68176e-24 -1.17532e-37 -2.63437e-23    4.904e-37  1.68538e-22 -4.06543e-36 -9.68115e-22  2.99169e-35  5.00924e-21 -1.68215e-34 -2.34046e-20  9.12684e-34  9.89184e-20 -4.48517e-33 -3.78602e-19   2.0303e-32  1.31291e-18 -8.46272e-32 -4.12455e-18  3.25729e-31  1.17296e-17 -1.15858e-30 -3.01524e-17  3.81062e-30  6.99075e-17 -1.15931e-29 -1.45717e-16  3.26256e-29  2.71887e-16 -8.49109e-29  -4.5143e-16  2.04252e-28  6.61585e-16 -4.53688e-28 -8.46036e-16  9.29247e-28   9.2809e-16  -1.7516e-27 -8.49583e-16   3.0303e-27  6.16401e-16 -4.79318e-27 -3.12355e-16  6.89403e-27   5.6783e-17 -8.94282e-27  7.06551e-17  1.03257e-26 -7.61767e-17 -1.03661e-26  2.84577e-17  8.60941e-27  7.36894e-18  -5.1102e-27  -1.2522e-17  5.48463e-28  3.59512e-18  3.95058e-27  1.91477e-18 -7.24943e-27 -1.49138e-18  8.66744e-27 -4.02395e-20 -8.22328e-27  3.16118e-19  6.52461e-27 -4.23653e-20 -4.40269e-27 -4.91846e-20  2.53102e-27  1.00825e-20 -1.22955e-27  6.39144e-21  4.95533e-28 -1.25975e-21 -1.60099e-28 -7.11321e-22  3.87055e-29  8.48224e-23 -5.80314e-30  6.19905e-23  4.77458e-32 -8.56406e-25  2.08229e-31 -3.53428e-24 -4.61176e-32 -2.95593e-25  6.88186e-33  9.85601e-26 -4.27448e-33  1.75821e-26  2.52286e-33 -4.25624e-28 -8.19865e-34 -2.85652e-28  1.43473e-34 -1.59934e-29 -8.34453e-36  6.32706e-31 -1.27105e-36  6.20011e-32   1.8855e-37  5.92936e-34
-5.91077e-37 -6.47898e-44  2.02684e-35  1.79654e-42 -3.20136e-35 -1.00602e-41 -1.68169e-33   2.6697e-41  5.21978e-32  2.23606e-40 -1.19697e-30  8.18762e-40  2.20287e-29 -9.09022e-40 -3.36433e-28 -6.95687e-39  4.35686e-27  -7.9183e-39 -4.86053e-26 -2.33338e-38  4.72797e-25 -4.97229e-38 -4.04794e-24 -1.15792e-37   3.0732e-23 -4.71722e-37 -2.08117e-22  3.15748e-36  1.26306e-21 -2.25464e-35 -6.89509e-21  1.44783e-34  3.39542e-20 -7.99923e-34 -1.51147e-19  4.13252e-33  6.09086e-19 -1.95607e-32 -2.22375e-18  8.54095e-32  7.35707e-18 -3.44155e-31 -2.20472e-17  1.28162e-30  5.97807e-17 -4.41359e-30   -1.464e-16  1.40622e-29  3.22952e-16 -4.14605e-29 -6.39356e-16  1.13118e-28  1.13023e-15 -2.85507e-28 -1.77183e-15   6.6627e-28  2.43987e-15 -1.43629e-27 -2.91084e-15  2.85648e-27  2.94554e-15 -5.23172e-27 -2.43783e-15  8.80281e-27     1.53e-15 -1.35615e-26 -5.74629e-16    1.904e-26 -7.24801e-17  -2.4196e-26  2.78231e-16  2.75422e-26 -1.80692e-16 -2.75956e-26  2.45372e-17  2.35362e-26  4.30481e-17 -1.57621e-26 -2.85099e-17  5.97286e-27  1.79627e-19  3.38404e-27  7.22359e-18 -1.00869e-26 -2.16294e-18   1.3019e-26 -1.05826e-18 -1.24699e-26  6.25391e-19  9.74401e-27   1.0591e-19  -6.3902e-27 -1.12243e-19  3.53673e-27 -9.33388e-21 -1.63952e-27  1.48682e-20  6.23794e-28  1.20006e-21 -1.87127e-28 -1.45653e-21  4.05482e-29 -1.83703e-22 -4.72809e-30  9.46222e-23 -4.25162e-31   1.9305e-23  3.33421e-31 -3.04218e-24 -9.42555e-32 -1.08392e-24  3.13197e-32 -7.69294e-27 -1.34784e-32  2.54422e-26  4.67439e-33   2.3399e-27 -1.06109e-33  -1.1943e-28  1.30775e-34 -2.43222e-29 -2.00219e-36 -6.79548e-31 -1.38141e-36  1.58268e-32  8.93955e-38
 1.35551e-44 -1.25065e-36 -3.60826e-43   1.6214e-35  6.84579e-42  7.60503e-34 -4.81995e-41 -2.93552e-32  1.88352e-40  7.61721e-31  5.83269e-40 -1.55649e-29  2.03748e-39  2.60375e-28 -2.09262e-39 -3.65745e-27 -1.37369e-38  4.39373e-26 -2.35044e-38 -4.57665e-25 -4.97229e-38  4.17777e-24 -1.06518e-37  -3.3702e-23 -9.94327e-38  2.41856e-22 -2.32264e-36 -1.55217e-21  1.66892e-35  8.94569e-21 -1.09917e-34 -4.64512e-20  6.55664e-34  2.17852e-19 -3.51105e-33 -9.24439e-19  1.74246e-32  3.55332e-18 -7.96397e-32 -1.23781e-17  3.36194e-31  3.90747e-17 -1.31142e-30 -1.11696e-16  4.73075e-30  2.88715e-16 -1.57888e-29 -6.73331e-16  4.87671e-29  1.41241e-15 -1.39417e-28 -2.65336e-15  3.68869e-28  4.43814e-15 -9.02952e-28 -6.55685e-15  2.04384e-27  8.45997e-15 -4.27413e-27 -9.37437e-15  8.24789e-27  8.68339e-15 -1.46628e-26  -6.3955e-15  2.39606e-26  3.31852e-15 -3.58822e-26 -6.65486e-16  4.90398e-26 -7.06823e-16 -6.08047e-26  8.07826e-16  6.77989e-26 -3.20143e-16 -6.70333e-26  -6.8147e-17  5.73096e-26  1.35078e-16 -4.01474e-26 -4.26786e-17  1.95667e-26 -1.94298e-17 -6.28104e-28  1.69307e-17 -1.25848e-26 -8.32023e-20  1.84529e-26 -3.53466e-18  -1.8009e-26  5.89442e-19   1.3894e-26  5.45207e-19 -8.86393e-27 -1.33482e-19  4.72616e-27 -7.10681e-20 -2.09249e-27  1.70514e-20  7.52807e-28  8.09245e-21 -2.10421e-28 -1.25559e-21    4.122e-29 -7.35252e-22 -3.73545e-30  2.87412e-23 -7.68237e-31  4.43592e-23  4.63866e-31  2.88124e-24 -1.77771e-31 -1.34718e-24  7.32045e-32 -2.10642e-25 -2.66942e-32  8.89011e-27  7.06072e-33  3.79672e-27  -1.1912e-33  1.83538e-28  9.41766e-35 -1.02921e-29  3.81585e-36 -8.35225e-31 -1.08004e-36 -6.91031e-33
-3.76308e-37  1.77256e-43   2.7958e-36 -1.66838e-42 -3.15499e-34  2.67995e-41  1.48078e-32 -1.98694e-40 -4.42718e-31  8.17484e-40  1.01334e-29  1.46602e-39 -1.86825e-28  4.95523e-39  2.85939e-27 -4.88109e-39 -3.71144e-26 -2.50033e-38  4.15063e-25 -5.90098e-38 -4.04794e-24 -1.06518e-37  3.47534e-23  -2.5073e-37 -2.64626e-22  6.14221e-37  1.79768e-21 -1.12923e-35 -1.09465e-20  7.84855e-35    5.997e-20 -4.87348e-34 -2.96433e-19  2.75958e-33  1.32487e-18 -1.42787e-32 -5.36176e-18  6.83888e-32  1.96647e-17 -3.02568e-31 -6.53745e-17   1.2378e-30  1.96923e-16 -4.68308e-30 -5.36904e-16  1.63917e-29  1.32262e-15 -5.30908e-29 -2.93612e-15  1.59142e-28  5.85233e-15  -4.4149e-28 -1.04217e-14  1.13336e-27  1.64689e-14 -2.69138e-27 -2.28782e-14  5.90891e-27  2.75635e-14 -1.19843e-26 -2.82084e-14  2.24285e-26   2.3668e-14 -3.86728e-26 -1.51368e-14  6.13108e-26  5.90846e-15 -8.91222e-26  5.28294e-16  1.18332e-25 -2.71625e-15 -1.42749e-25  1.85141e-15  1.55249e-25 -2.99856e-16 -1.50402e-25 -4.19729e-16  1.27167e-25  3.00548e-16 -9.01213e-26 -1.16258e-17  4.81964e-26 -7.38562e-17 -1.12584e-26  2.49162e-17  -1.3721e-26  1.02935e-17  2.48601e-26 -6.98858e-18 -2.49409e-26 -9.09988e-19  1.90308e-26  1.25226e-18 -1.18192e-26  6.30124e-20  6.07695e-27 -1.68185e-19 -2.57435e-27 -8.49331e-21  8.79047e-28  1.69805e-20 -2.31043e-28  1.66342e-21   4.2062e-29  -1.1625e-21 -3.35107e-30  -2.0229e-22 -9.37701e-31  4.17284e-23   6.5325e-31  1.24895e-23  -3.2377e-31 -1.44518e-25  1.37149e-31 -3.21093e-25 -4.32564e-32 -2.55097e-26  9.23814e-33  1.87208e-27 -1.16186e-33  3.05737e-28   4.5525e-35  7.15293e-30  6.68622e-36 -2.42615e-31 -5.41255e-37
 1.28844e-43 -2.48612e-36   1.2914e-42  1.27051e-34 -7.04052e-42 -6.68122e-33  1.06998e-40  2.33699e-31 -7.22722e-40 -6.05961e-30  2.86048e-39  1.24036e-28  3.55755e-39 -2.07934e-27  1.16075e-38  2.92751e-26 -1.03669e-38 -3.52543e-25 -4.65739e-38  3.68176e-24 -1.15792e-37  -3.3702e-23  -2.5073e-37  2.72676e-22 -7.19154e-37 -1.96296e-21  5.03936e-36  1.26399e-20 -5.08164e-35 -7.31071e-20  3.34682e-34  3.81051e-19 -1.97557e-33 -1.79429e-18   1.0715e-32  7.64655e-18 -5.36311e-32 -2.95256e-17  2.48918e-31  1.03353e-16  -1.0696e-30  -3.2795e-16   4.2539e-30  9.42636e-16 -1.56528e-29 -2.45093e-15  5.32851e-29  5.75216e-15  -1.6781e-28  -1.2148e-14  4.88912e-28  2.29888e-14 -1.31768e-27 -3.87582e-14  3.28461e-27  5.77597e-14 -7.57022e-27  -7.5244e-14  1.61238e-26   8.4289e-14 -3.17131e-26 -7.90822e-14  5.75415e-26  5.92048e-14 -9.61797e-26 -3.15189e-14  1.47815e-25  6.97256e-15 -2.08336e-25  6.23251e-15  2.68336e-25  -7.6338e-15 -3.14282e-25  3.22268e-15  3.32353e-25   5.3133e-16 -3.13939e-25 -1.29679e-15  2.60242e-25  4.52797e-16 -1.83141e-25  1.72052e-16  1.01171e-25 -1.71476e-16 -3.23239e-26  6.84521e-18 -1.25472e-26  3.51119e-17  3.23303e-26 -7.19363e-18 -3.34945e-26   -5.341e-18  2.52696e-26  1.56845e-18 -1.52802e-26  6.95639e-19  7.58583e-27 -2.04622e-19 -3.08419e-27 -8.11144e-20  1.00628e-27  1.62453e-20 -2.52894e-28  7.71923e-21  4.50009e-29 -5.36271e-22 -4.00001e-30 -4.95306e-22  -1.0185e-30 -2.18469e-23   9.9627e-31  1.64062e-23 -5.59045e-31  2.21464e-24   2.2292e-31 -1.45528e-25 -6.08698e-32 -4.49602e-26  1.06304e-32 -1.79664e-27 -9.67887e-34  1.46556e-28  1.95695e-36  1.00218e-29  5.97391e-36  6.82879e-32
