 2.37401e-29 -1.85534e-44 -1.65576e-27  1.94007e-42  4.52867e-26 -6.30681e-41 -7.50964e-25  1.19628e-39  8.71748e-24 -1.59096e-38 -7.61536e-23  1.61438e-37  5.22568e-22 -1.30974e-36 -2.89574e-21   8.7467e-36   1.3201e-20 -4.90264e-35 -5.01335e-20  2.33751e-34  1.59893e-19 -9.56608e-34 -4.30176e-19  3.37782e-33  9.77372e-19 -1.03013e-32 -1.87079e-18  2.69981e-32  2.99658e-18 -5.98515e-32  -3.9651e-18  1.07639e-31  4.23389e-18 -1.37443e-31  -3.4862e-18  3.95527e-32  1.98693e-18  4.29888e-31 -4.94676e-19 -1.68238e-30   -3.132e-19  4.24642e-30   3.6098e-19 -8.58551e-30 -9.12895e-20  1.48136e-29 -6.99957e-20 -2.24448e-29  5.11815e-20  3.03564e-29  5.32961e-21 -3.70416e-29 -1.46937e-20  4.10351e-29  8.07059e-22 -4.13058e-29  3.45855e-21  3.75187e-29 -3.25788e-22 -3.02021e-29 -7.48417e-22  2.07941e-29  3.31235e-23 -1.13624e-29  1.46673e-22  3.89223e-30  1.05777e-23  5.42094e-31 -2.33952e-23 -2.13239e-30 -5.56951e-24  1.94954e-30  2.41515e-24 -1.16807e-30  1.26485e-24   5.0617e-31 -2.70793e-26 -1.57267e-31  -1.5509e-25  3.29542e-32 -3.50157e-26 -4.81649e-33  6.51998e-27  1.56968e-33  4.83499e-27 -1.24888e-33  7.23481e-28  8.31778e-34 -1.68084e-28 -4.73819e-34  -9.1367e-29  2.28957e-34 -1.34555e-29  -8.9609e-35  1.39172e-30  3.12436e-35  9.54227e-31 -1.16326e-35  1.68557e-31  4.36483e-36  5.19092e-33  -1.4314e-36 -3.80354e-33  4.46072e-37 -8.90508e-34   -1.371e-37 -8.91414e-35  3.17547e-38 -5.55787e-37 -4.16777e-39  1.07774e-36  3.18772e-40  1.55029e-37 -5.08313e-41  1.06879e-38  7.58328e-42  2.46166e-40  -2.8637e-43 -1.46209e-41  2.70506e-44 -1.78816e-42 -9.53135e-46 -5.46894e-44 -5.81865e-46 -9.33811e-46  2.27278e-47
-1.85534e-44  2.37062e-27 -1.09934e-42 -9.40676e-26   8.1102e-41  1.96236e-24  -2.1353e-39 -2.70568e-23  3.47887e-38  2.72251e-22 -4.10034e-37 -2.11208e-21  3.75814e-36  1.30726e-20 -2.78926e-35 -6.60313e-20  1.71979e-34  2.76395e-19 -8.96365e-34 -9.68591e-19  3.99814e-33  2.85956e-18 -1.53939e-32 -7.13266e-18  5.14467e-32  1.50244e-17 -1.49566e-31 -2.66134e-17  3.77412e-31  3.92816e-17 -8.18835e-31 -4.75082e-17  1.49053e-30  4.56474e-17 -2.13108e-30 -3.26808e-17   1.8462e-30   1.4545e-17  1.26912e-30 -3.85953e-19 -1.02076e-29 -4.66997e-18   2.8398e-29  2.86871e-18 -5.81507e-29  6.01207e-20   9.8723e-29 -8.84837e-19 -1.45238e-28  2.65956e-19  1.89584e-28  1.76716e-19 -2.23104e-28 -1.01776e-19  2.39352e-28 -3.14137e-20 -2.35243e-28   2.6262e-20  2.10797e-28  6.46129e-21 -1.69149e-28 -5.43162e-21  1.17292e-28 -1.61857e-21 -6.56411e-29  8.70676e-22  2.46701e-29  3.95516e-22  -1.6784e-31  -8.4152e-23 -8.98996e-30 -7.60421e-23  8.68644e-30  -2.7886e-24 -5.20126e-30  9.57964e-24  2.23164e-30  2.52767e-24 -7.06108e-31 -4.86507e-25  1.75213e-31 -3.85161e-25  -4.7331e-32 -5.17076e-26  2.05104e-32  2.00507e-26 -1.05588e-32  9.28778e-27  5.45401e-33  1.00318e-27 -2.87561e-33 -3.27149e-28   1.3449e-33 -1.39237e-28 -4.99466e-34 -1.83461e-29  1.63403e-34    1.603e-30 -5.90343e-35   1.0541e-30   2.1887e-35  1.80538e-31 -6.96432e-36  9.00955e-33  2.07889e-36 -2.32404e-33  -6.0777e-37  -5.8538e-34  1.29834e-37 -6.15112e-35 -1.44262e-38  -2.2674e-36   7.6833e-40  2.50093e-37 -1.48465e-40  4.32272e-38  2.47419e-41  2.88959e-39 -1.25479e-42  9.99262e-41  1.49719e-43  2.36662e-43 -6.54164e-45 -5.45294e-44 -8.14716e-46 -1.13097e-45
-1.65576e-27 -1.09934e-42  1.16671e-25 -3.74085e-41  -3.2254e-24  2.12629e-39  5.40862e-23 -4.69765e-38 -6.35236e-22  6.69548e-37  5.61762e-21 -7.06895e-36 -3.90466e-20  5.89031e-35  2.19314e-19 -4.01468e-34 -1.01414e-18  2.28975e-33  3.90983e-18 -1.11016e-32 -1.26709e-17  4.62799e-32  3.46771e-17 -1.67267e-31   -8.025e-17  5.27108e-31  1.56712e-16 -1.45258e-30 -2.56634e-16  3.49874e-30  3.48205e-16 -7.32247e-30 -3.82997e-16   1.3104e-29  3.27579e-16  -1.9258e-29 -1.98036e-16  2.05359e-29  5.90123e-17 -6.44129e-30  2.38638e-17 -3.81706e-29 -3.53387e-17  1.28363e-28  1.15938e-17 -2.70356e-28  5.69324e-18  4.52863e-28  -5.5214e-18 -6.45643e-28  -1.0899e-20  8.09542e-28  1.49459e-18 -9.13138e-28 -2.33233e-19  9.43479e-28  -3.4238e-19 -9.02938e-28  7.13613e-20  7.98871e-28  7.50928e-20 -6.40675e-28 -1.20367e-20  4.47734e-28 -1.56296e-20 -2.54581e-28  5.39677e-22  1.00121e-28  2.77939e-21 -7.18196e-30  3.64297e-22 -2.81931e-29 -3.52384e-22    2.844e-29 -1.23025e-22 -1.70515e-29  1.87558e-23  7.35524e-30  1.91449e-23 -2.45631e-30  2.59868e-24  7.37434e-31 -1.28011e-24 -2.62872e-31 -5.68562e-25   1.1455e-31 -4.11412e-26 -5.04488e-32  3.20606e-26  2.35822e-32  1.11122e-26  -1.2083e-32  9.25394e-28  5.46769e-33 -3.58094e-28 -1.89994e-33 -1.30829e-28  5.74989e-34 -1.63746e-29 -2.02478e-34  8.66786e-31  7.51343e-35  6.73344e-31 -2.33256e-35  1.14345e-31  6.64578e-36  7.56669e-33 -1.83196e-36 -6.14363e-34  3.56729e-37 -1.97048e-34 -3.22482e-38 -2.12921e-35  8.59035e-40 -1.08261e-36  -2.9484e-40  5.52109e-39  5.45097e-41  4.38214e-39 -3.19677e-42  2.88071e-40  3.85603e-43  7.09693e-42  -1.4609e-44  6.67724e-44 -5.83357e-46
 1.94007e-42 -9.40676e-26 -3.74085e-41  3.77279e-24 -8.94806e-40 -7.95888e-23  4.13213e-38  1.11025e-21 -7.85736e-37 -1.13089e-20  9.93756e-36  8.88635e-20 -9.47968e-35 -5.57461e-19  7.21978e-34  2.85595e-18 -4.53299e-33 -1.21345e-17  2.39501e-32  4.32025e-17 -1.08031e-31 -1.29715e-16  4.20458e-31  3.29451e-16 -1.42327e-30 -7.07651e-16  4.21443e-30   1.2806e-15 -1.09545e-29 -1.93586e-15  2.50126e-29  2.40655e-15 -4.99925e-29 -2.39097e-15  8.64923e-29  1.79175e-15 -1.25954e-28 -8.67891e-16  1.42962e-28  8.79133e-17 -9.08288e-29  2.36642e-16 -9.15999e-29 -1.72726e-16  4.55438e-28  1.20761e-17 -1.00382e-27  4.77284e-17  1.66258e-27 -1.95145e-17 -2.29073e-27  -8.2286e-18  2.74149e-27  6.79972e-18 -2.93772e-27  1.17177e-18  2.89832e-27 -1.73214e-18 -2.68947e-27 -2.14099e-19  2.35357e-27  3.71659e-19 -1.89593e-27  6.33966e-20  1.33924e-27 -6.58443e-20 -7.69345e-28 -1.93544e-20  3.06092e-28  8.27912e-21 -2.61931e-29  4.48536e-21 -7.98438e-29 -3.51464e-22  8.10475e-29 -6.87018e-22 -4.86027e-29  -1.1102e-22  2.13745e-29  5.34995e-23 -7.67283e-30  2.51149e-23  2.66639e-30  1.17885e-24 -1.05542e-30 -1.92149e-24  4.41888e-31 -5.96668e-25 -1.78717e-31 -1.73429e-26  8.02572e-32  3.39564e-26 -4.06444e-32   9.6532e-27  1.76756e-32  6.93703e-28 -5.66953e-33 -2.57446e-28  1.56233e-33 -8.62021e-29 -5.40517e-34  -1.0692e-29  2.03953e-34  1.41099e-31 -6.20858e-35  2.73788e-31  1.68045e-35  4.69832e-32 -4.32722e-36  3.62809e-33  7.57882e-37 -1.79948e-35 -5.21922e-38 -3.52889e-35 -4.28791e-40 -3.89156e-36 -4.60642e-40 -2.06987e-37  9.15605e-41 -4.35124e-39 -5.65098e-42  1.23201e-40  6.38937e-43  7.08483e-42 -1.82465e-44  8.52781e-44
 4.52867e-26   8.1102e-41  -3.2254e-24 -8.94806e-40  9.01684e-23 -1.65115e-38 -1.52976e-21  6.42047e-37  1.81874e-20 -1.07095e-35 -1.62906e-19  1.21556e-34   1.1476e-18 -1.05507e-33 -6.53719e-18  7.37663e-33  3.06812e-17 -4.27717e-32 -1.20158e-16  2.09571e-31  3.95949e-16 -8.79317e-31 -1.10308e-15  3.19089e-30  2.60209e-15 -1.00911e-29 -5.18817e-15  2.79718e-29  8.69346e-15 -6.82267e-29 -1.21052e-14  1.46684e-28  1.37266e-14 -2.77518e-28 -1.22018e-14  4.58469e-28  7.81535e-15 -6.47734e-28 -2.70718e-15  7.40364e-28 -6.37884e-16 -5.62244e-28  1.35312e-15 -9.25417e-29 -5.55005e-16  1.36353e-27 -1.65685e-16 -3.18903e-27  2.30803e-16  5.22527e-27 -2.25213e-17 -6.93523e-27 -5.82851e-17  7.86183e-27   1.5819e-17  -7.9059e-27  1.27763e-17  7.34873e-27 -4.51386e-18 -6.56437e-27  -2.8117e-18  5.69856e-27  8.74429e-19 -4.64805e-27  6.22216e-19  3.33364e-27 -1.01346e-19 -1.92275e-27 -1.23321e-19  7.46701e-28  -2.7796e-21 -3.65177e-29  1.85139e-20  -2.2354e-28  4.12596e-21  2.16932e-28 -1.55985e-21 -1.29431e-28 -8.67787e-22  5.83017e-29   -3.497e-23 -2.22646e-29  8.07962e-23  8.36788e-30  2.40763e-23 -3.37964e-30  -6.1449e-25  1.35113e-30  -2.0131e-24 -5.19882e-31 -4.82982e-25  2.30872e-31 -9.30448e-28 -1.15815e-31  2.60005e-26  4.79997e-32  6.44713e-27 -1.40154e-32  4.55839e-28  3.44448e-33 -1.26154e-28 -1.18692e-33 -4.11392e-29  4.64821e-34 -5.15537e-30 -1.39308e-34 -1.08761e-31  3.55946e-35  6.94402e-32 -8.47589e-36  1.24615e-32  1.31453e-36  1.02891e-33 -6.07142e-38  2.87171e-35 -4.03504e-39 -2.76085e-36 -5.95333e-40 -3.43787e-37   1.2102e-40 -1.66036e-38 -7.41432e-42 -3.34324e-40  7.45126e-43  -1.5767e-42 -1.29063e-44
-6.30681e-41  1.96236e-24  2.12629e-39 -7.95888e-23 -1.65115e-38  1.69866e-21 -2.48332e-37 -2.39866e-20  8.34329e-36  2.47461e-19 -1.23885e-34 -1.97069e-18  1.27336e-33  1.25373e-17 -1.01144e-32 -6.51865e-17  6.51502e-32   2.8132e-16 -3.49563e-31 -1.01826e-15  1.58955e-30  3.11151e-15 -6.20129e-30 -8.05273e-15  2.09481e-29  1.76522e-14 -6.17116e-29  -3.2662e-14  1.59427e-28  5.06109e-14 -3.62684e-28 -6.47261e-14  7.28418e-28  6.65446e-14  -1.2917e-27 -5.22027e-14  2.01293e-27  2.73871e-14 -2.71404e-27 -4.66506e-15  3.02991e-27 -6.17391e-15  -2.4186e-27  5.44819e-15  2.95844e-28 -8.58876e-16  3.65242e-27 -1.32249e-15 -9.05457e-27   7.1962e-16  1.46475e-26   1.7792e-16  -1.8678e-26 -2.32356e-16  1.99076e-26 -1.19887e-17 -1.85001e-26   5.8187e-17   1.5872e-26  4.38444e-19 -1.34743e-26 -1.28356e-17  1.16541e-26 -6.76195e-19 -9.73894e-27  2.46391e-18  7.12624e-27  4.06848e-19 -4.08116e-27  -3.6755e-19   1.4621e-27 -1.27588e-19  1.01668e-28  3.10051e-20 -6.29945e-28  2.42867e-20  5.62484e-28  1.44826e-21 -3.31161e-28 -2.54569e-21  1.51583e-28 -7.87318e-22 -5.97731e-29  5.34207e-23  2.29185e-29  8.52206e-23 -9.08399e-30  1.79415e-23  3.48813e-30 -1.57746e-24  -1.3078e-30 -1.59226e-24  5.82187e-31 -3.16026e-25 -2.87858e-31  2.78737e-27   1.1273e-31  1.48904e-26 -2.94853e-32  3.37344e-27  6.25987e-33   2.5652e-28 -2.20261e-33 -4.09443e-29  9.20112e-34 -1.41122e-29 -2.72213e-34 -1.79133e-30  6.51171e-35 -8.08548e-32   -1.418e-35  9.58718e-33  1.91116e-36  2.02312e-33 -4.18711e-38  1.67089e-34 -9.86937e-39  6.54303e-36 -6.36068e-40 -2.24069e-39  1.25373e-40 -1.15392e-38 -7.42212e-42 -3.96525e-40  6.13921e-43 -3.73174e-42
-7.50964e-25  -2.1353e-39  5.40862e-23  4.13213e-38 -1.52976e-21 -2.48332e-37  2.62715e-20 -3.15795e-36 -3.16349e-19   9.3456e-35  2.87163e-18 -1.24959e-33 -2.05145e-17  1.17159e-32  1.18591e-16 -8.55616e-32  -5.6528e-16  5.09241e-31  2.25039e-15  -2.5325e-30 -7.54566e-15  1.06928e-29   2.1415e-14 -3.87637e-29 -5.15335e-14  1.21665e-28  1.04997e-13 -3.32718e-28 -1.80175e-13  7.96738e-28  2.57701e-13 -1.67719e-27 -3.01509e-13  3.11305e-27  2.78713e-13 -5.10383e-27 -1.88956e-13  7.38103e-27  7.45532e-14 -9.31965e-27  7.65336e-15  9.90988e-27 -3.12419e-14 -7.80849e-27  1.57248e-14  1.62342e-27  2.35106e-15  9.29787e-27 -5.77298e-15 -2.36659e-26  1.15766e-15  3.76264e-26  1.33351e-15 -4.60972e-26 -5.53767e-16  4.60061e-26 -2.71067e-16 -3.88865e-26  1.52985e-16  2.98888e-26  5.87681e-17 -2.35546e-26 -3.18881e-17   2.0414e-26 -1.39493e-17 -1.77606e-26  4.80109e-18  1.32849e-26   3.1264e-18 -7.37396e-27 -3.29691e-19  2.13987e-27 -5.51426e-19  8.82688e-28 -6.11183e-20 -1.74124e-27  6.17001e-20  1.41469e-27  2.18797e-20 -8.15026e-28 -1.81868e-21  3.73136e-28 -2.76621e-21 -1.46939e-28 -5.36736e-22  5.51947e-29  1.01129e-22 -2.11228e-29  6.87877e-23  7.88077e-30  1.08915e-23 -2.93359e-30 -1.49669e-24  1.31454e-30 -9.85632e-25 -6.35332e-31 -1.71368e-25  2.33076e-31  7.01195e-28 -5.34695e-32  6.40748e-27  9.25675e-33  1.37533e-27 -3.49635e-33  1.15287e-28  1.61828e-33 -7.59954e-30 -4.72893e-34 -3.35392e-30  1.04795e-34 -4.29656e-31 -2.06129e-35 -2.51657e-32  2.35873e-36  3.19858e-34  1.08694e-38  1.77495e-34 -1.62934e-38  1.41142e-35 -5.25303e-40  5.28796e-37  9.79344e-41  7.33428e-39 -5.68626e-42 -4.38704e-41  3.21598e-43
 1.19628e-39 -2.70568e-23 -4.69765e-38  1.11025e-21  6.42047e-37 -2.39866e-20 -3.15795e-36  3.43055e-19 -3.48545e-35 -3.58668e-18  9.22055e-34  2.89648e-17 -1.12029e-32 -1.86994e-16  9.63696e-32   9.8737e-16 -6.49529e-31 -4.33103e-15   3.5806e-30   1.5949e-14 -1.65265e-29 -4.96369e-14  6.48145e-29  1.31006e-13 -2.18178e-28 -2.93314e-13  6.34877e-28  5.55395e-13 -1.60507e-27 -8.82947e-13  3.53784e-27  1.16271e-12 -6.81552e-27 -1.23793e-12  1.14998e-26  1.01679e-12 -1.70338e-26 -5.75489e-13  2.21951e-26  1.35384e-13 -2.53651e-26  1.02589e-13  2.47399e-26 -1.13187e-13 -1.80775e-26   2.7821e-14  2.54945e-27  2.33123e-14  2.36976e-26 -1.70178e-14 -5.78626e-26 -1.81063e-15   8.9968e-26  5.11511e-15 -1.06464e-25 -3.35967e-16  9.98629e-26  -1.2487e-15 -7.60556e-26  1.43267e-16  5.04784e-26  2.80752e-16  -3.5373e-26 -1.99355e-17  3.08613e-26 -5.78035e-17 -2.84708e-26 -2.51765e-18  2.15824e-26  9.86374e-18 -1.09428e-26  2.03569e-18  1.43754e-27 -1.13647e-18  3.64865e-27 -5.25039e-19 -4.57914e-27  3.32422e-20  3.41098e-27  7.17354e-20 -1.91023e-27  1.39673e-20  8.59792e-28 -3.76532e-21 -3.28649e-28 -2.27277e-21  1.17746e-28  -2.8089e-22 -4.33089e-29  9.74607e-23  1.59482e-29  4.44059e-23 -5.98674e-30   5.6205e-24  2.69457e-30 -9.20843e-25 -1.26052e-30 -4.83777e-25   4.2922e-31 -7.73252e-26  -8.3745e-32 -9.13636e-28  1.03722e-32  2.03164e-27  -4.7478e-33  4.26501e-28  2.57209e-33  3.86913e-29 -7.40721e-34 -2.17489e-31  1.50079e-34  -5.1262e-31 -2.63008e-35 -6.67392e-32  2.48023e-36 -4.18773e-33  8.49734e-38 -8.64527e-35 -2.07322e-38  6.17067e-36 -2.48938e-40  5.01682e-37   5.1071e-41  1.31313e-38  -3.2456e-42  9.78209e-41
 8.71748e-24  3.47887e-38 -6.35236e-22 -7.85736e-37  1.81874e-20  8.34329e-36 -3.16349e-19 -3.48545e-35  3.86043e-18  -3.4039e-34 -3.55351e-17  8.14134e-33  2.57599e-16 -9.05238e-32 -1.51221e-15  7.17767e-31  7.32585e-15 -4.47848e-30 -2.96676e-14  2.29124e-29  1.01298e-13 -9.82623e-29 -2.93105e-13  3.58056e-28   7.2013e-13 -1.11827e-27 -1.50061e-12  3.00967e-27   2.6395e-12 -6.99912e-27 -3.88137e-12  1.40683e-26  4.68968e-12 -2.43933e-26 -4.51089e-12  3.63521e-26  3.23454e-12 -4.63595e-26 -1.43234e-12  5.04555e-26  1.08727e-14 -4.68654e-26  4.99903e-13  3.65226e-26   -3.071e-13 -1.93342e-26 -7.55377e-15 -1.04375e-26  9.94115e-14  6.14525e-26 -3.12343e-14 -1.32444e-25 -2.02524e-14  2.01188e-25  1.25172e-14 -2.33037e-25  3.56055e-15  2.08642e-25 -3.38189e-15 -1.44408e-25 -7.25677e-16  8.06289e-26  7.39679e-16 -4.68444e-26  1.90811e-16  4.07315e-26 -1.28507e-16 -4.01617e-26 -5.07703e-17  2.96355e-26  1.46284e-17 -1.13354e-26  1.07313e-17 -4.35409e-27 -9.69011e-20  1.14724e-26 -1.51218e-18 -1.12525e-26 -3.33462e-19  7.78851e-27  9.80884e-20 -4.21958e-27  6.05972e-20  1.83928e-27  5.93204e-21 -6.67277e-28 -3.85852e-21  2.23692e-28 -1.49421e-21 -7.92705e-29 -1.14668e-22  2.93914e-29  6.61429e-23 -1.12722e-29  2.34453e-23  5.06416e-30  2.55368e-24 -2.26881e-30 -3.99427e-25  7.09546e-31 -1.87555e-25 -1.11988e-31 -2.85628e-26  6.08877e-33 -9.17666e-28 -5.42682e-33  4.51774e-28  3.74499e-33  9.65613e-29 -1.05648e-33  9.14067e-30  1.92585e-34  2.54958e-31 -2.96106e-35 -4.28409e-32  2.21265e-36  -6.0576e-33  1.51032e-37 -3.61753e-34 -2.11976e-38 -9.94494e-36  1.21815e-40 -1.90058e-38  8.77976e-42  4.03931e-39 -1.23547e-42
-1.59096e-38  2.72251e-22  6.69548e-37 -1.13089e-20 -1.07095e-35  2.47461e-19   9.3456e-35 -3.58668e-18  -3.4039e-34  3.80258e-17 -2.98435e-33 -3.11604e-16  6.50978e-32  2.04277e-15 -6.66082e-31 -1.09617e-14  4.88594e-30  4.89077e-14 -2.82923e-29 -1.83373e-13  1.34563e-28   5.8172e-13 -5.36755e-28 -1.56704e-12  1.81771e-27  3.58664e-12 -5.26274e-27 -6.95631e-12  1.30648e-26  1.13566e-11 -2.77761e-26 -1.54132e-11  5.02527e-26  1.70085e-11 -7.63006e-26 -1.46307e-11   9.4574e-26  8.90482e-12 -9.01332e-26  -2.6471e-12  5.53229e-26 -1.15934e-12 -7.59998e-28   1.7085e-12 -4.80539e-26 -5.77821e-13  7.45808e-26 -2.79947e-13 -9.64181e-26  2.86992e-13  1.57482e-25 -5.38101e-15 -2.79516e-25 -7.98785e-14   4.1866e-25  1.52422e-14 -4.86061e-25  1.87243e-14  4.27205e-25 -4.86109e-15 -2.78464e-25 -4.24462e-15  1.34489e-25  9.34478e-16 -6.10674e-26  9.33819e-16  4.91249e-26 -8.47637e-17 -4.90397e-26 -1.80045e-16  3.02614e-26  -1.4446e-17  5.01564e-28  2.56917e-17 -2.35768e-26  7.33821e-18  3.05063e-26 -1.85585e-18 -2.56651e-26 -1.34955e-18  1.67094e-26 -1.19324e-19 -8.72549e-27  1.10648e-19  3.63784e-27  4.00816e-20 -1.22937e-27  1.04644e-21  3.79215e-28 -2.81781e-21 -1.30527e-28 -8.12456e-22  4.99546e-29 -3.81948e-23 -1.97826e-29  3.40869e-23  8.79515e-30  1.01979e-23 -3.73188e-30  1.03352e-24  1.05822e-30 -1.20841e-25 -1.22992e-31 -5.63339e-26 -7.93596e-33  -8.3535e-27 -4.95234e-33  -4.2224e-28  5.05221e-33  6.30178e-29 -1.38131e-33  1.50011e-29  2.22093e-34   1.4251e-30  -2.9445e-35  6.09979e-32  1.65331e-36 -9.83183e-34  1.78492e-37  -2.6718e-34 -1.75896e-38 -1.35857e-35  4.37278e-40 -2.79538e-37 -1.15067e-41 -1.41718e-39
-7.61536e-23 -4.10034e-37  5.61762e-21  9.93756e-36 -1.62906e-19 -1.23885e-34  2.87163e-18  9.22055e-34 -3.55351e-17 -2.98435e-33  3.31913e-16 -2.37466e-32 -2.44321e-15  4.75551e-31  1.45752e-14 -4.49689e-30 -7.18151e-14  3.06053e-29  2.96078e-13 -1.64811e-28 -1.03028e-12  7.29789e-28  3.04192e-12  -2.7101e-27 -7.63725e-12  8.53144e-27  1.62917e-11 -2.28779e-26 -2.94014e-11  5.22256e-26   4.4493e-11 -1.00709e-25 -5.55683e-11  1.60849e-25  5.56542e-11 -2.03068e-25 -4.21837e-11  1.76427e-25  2.07355e-11 -3.48361e-26 -2.13222e-12 -2.15184e-25 -5.91191e-12  4.83463e-25  4.46606e-12 -6.33886e-25 -3.90319e-13   5.9349e-25 -1.25777e-12 -4.44002e-25   5.6586e-13  3.78936e-25  2.09695e-13 -5.25676e-25 -2.02278e-13  8.00021e-25 -2.54522e-14 -9.66935e-25  5.34501e-14  8.66135e-25  3.81482e-15   -5.625e-25 -1.20936e-14  2.61318e-25 -1.35589e-15 -1.01774e-25  2.32301e-15  6.28621e-26   5.2301e-16 -4.81329e-26  -3.3555e-16  6.64722e-27 -1.43327e-16  4.41174e-26  2.40036e-17 -7.24552e-26   2.5469e-17   7.1691e-26  2.62478e-18 -5.43086e-26 -2.44938e-18   3.3562e-26  -9.0268e-19 -1.68375e-26  1.48628e-20  6.64343e-27  8.64572e-20 -2.05419e-27  2.16248e-20  5.72076e-28 -6.76514e-22 -1.94091e-28  -1.6004e-21  7.90818e-29 -3.72876e-22 -3.26085e-29  -1.2043e-23  1.42123e-29  1.36023e-23  -5.6446e-30  3.63081e-24  1.42761e-30  3.63731e-25 -9.72958e-32 -2.29093e-26 -3.53773e-32 -1.26411e-26 -2.95341e-33 -1.84559e-27  6.37533e-33 -1.16797e-28 -1.66227e-33  3.72183e-30  2.29884e-34  1.44836e-30 -2.57637e-35  1.33921e-31    1.011e-36  6.03493e-33  1.54892e-37  8.51804e-35 -1.17165e-38 -3.55028e-36  5.54365e-40 -1.31968e-37 -1.05668e-41
 1.61438e-37 -2.11208e-21 -7.06895e-36  8.88635e-20  1.21556e-34 -1.97069e-18 -1.24959e-33  2.89648e-17  8.14134e-33 -3.11604e-16 -2.37466e-32  2.59283e-15  -1.7289e-31 -1.72729e-14  3.19476e-30  9.42664e-14 -2.80124e-29 -4.28138e-13  1.77304e-28  1.63575e-12 -8.89468e-28 -5.29388e-12  3.67164e-27  1.45683e-11 -1.27046e-26 -3.41183e-11  3.71862e-26  6.78454e-11 -9.22671e-26 -1.13857e-10  1.92965e-25  1.59418e-10 -3.33958e-25 -1.82489e-10  4.56243e-25  1.64453e-10 -4.24036e-25 -1.07355e-10  5.84865e-26  3.83669e-11  7.39656e-25   8.6217e-12 -1.82818e-24 -1.97496e-11  2.77604e-24  8.68593e-12 -3.07422e-24  2.23882e-12  2.53499e-24 -3.65483e-12 -1.53951e-24  5.11823e-13  8.10695e-25  9.26568e-13 -8.18803e-25 -3.14459e-13  1.37286e-24 -2.02657e-13  -1.8354e-24  9.30919e-14  1.74553e-24  4.54829e-14 -1.19164e-24 -1.98272e-14  5.94899e-25 -1.07326e-14 -2.43164e-25  2.89136e-15  1.06849e-25  2.35393e-15 -2.43117e-26 -1.35599e-16 -7.54921e-26 -4.03921e-16  1.56204e-25 -6.06472e-17 -1.78818e-25  4.27331e-17  1.52386e-25  1.77011e-17 -1.06862e-25 -6.75076e-19  6.30672e-26 -2.06642e-18 -3.02962e-26 -4.71698e-19  1.12016e-26  5.74192e-20 -3.10604e-27  5.25371e-20    7.597e-28  9.81378e-21 -2.60519e-28 -7.34354e-22  1.17493e-28 -7.29345e-22 -5.07772e-29 -1.45717e-22  2.15041e-29 -4.48073e-24 -7.89448e-30  4.16908e-24  1.74246e-30  1.03703e-24 -1.75938e-32  1.05668e-25 -7.73405e-32 -1.46293e-27  4.87554e-34 -1.99508e-27  7.58341e-33 -2.89771e-28 -1.84412e-33 -2.00174e-29  2.12042e-34 -2.81556e-31 -1.96166e-35  7.17043e-32  4.91747e-37  6.52523e-33  9.40609e-38  2.48018e-34 -6.03875e-39  3.77345e-36  4.44426e-40  5.37218e-39
 5.22568e-22  3.75814e-36 -3.90466e-20 -9.47968e-35   1.1476e-18  1.27336e-33 -2.05145e-17 -1.12029e-32  2.57599e-16  6.50978e-32 -2.44321e-15  -1.7289e-31  1.82755e-14 -1.15879e-30 -1.10877e-13  1.98341e-29   5.5609e-13 -1.61683e-28 -2.33595e-12  9.53573e-28  8.29135e-12  -4.4632e-27 -2.50022e-11  1.71952e-26  6.42065e-11 -5.54837e-26 -1.40348e-10  1.51021e-25  2.60134e-10 -3.46291e-25 -4.05533e-10  6.60412e-25  5.24037e-10 -1.01048e-24  -5.4689e-10  1.11395e-24  4.37996e-10 -4.71978e-25 -2.36987e-10 -1.42698e-24  4.45411e-11  4.65562e-24  5.31512e-11 -8.41138e-24 -5.06109e-11  1.10944e-23   9.8242e-12 -1.11832e-23  1.20311e-11  8.44896e-24 -7.57399e-12 -4.42508e-24 -1.34668e-12  1.43388e-24  2.46753e-12 -8.25471e-25 -3.86184e-14   2.0324e-24 -6.33308e-13 -3.33704e-24  4.37338e-14  3.49791e-24  1.46548e-13 -2.58658e-24 -4.32893e-15  1.44052e-24  -3.0531e-14 -6.55967e-25 -2.46811e-15  2.35576e-25  5.19246e-15  4.86491e-26  1.27599e-15 -2.78355e-25 -5.76967e-16  3.97353e-25 -3.06436e-16 -3.84861e-25  8.81863e-18  2.97106e-25  4.00925e-17 -1.96169e-25  8.99477e-18   1.1097e-25 -1.83385e-18 -5.08546e-26 -1.32497e-18  1.74427e-26 -1.96261e-19 -4.22531e-27   4.8313e-20  8.63513e-28  2.59687e-20 -3.13433e-28  3.85268e-21  1.64681e-28 -3.82278e-22 -7.50342e-29 -2.68615e-22  3.06529e-29 -4.82355e-23 -1.02627e-29 -1.86944e-24   1.9187e-30  9.50044e-25  1.23016e-31  2.29616e-25 -1.30939e-31  2.37808e-26  4.75018e-33  5.01467e-28  8.55351e-33  -1.9869e-28 -1.88453e-33  -2.9732e-29  1.71227e-34 -2.02814e-30 -1.26726e-35 -5.96273e-32  1.97668e-37  9.23918e-34  2.66977e-38  1.20215e-34 -2.19703e-39  2.71751e-36  2.17822e-40
-1.30974e-36  1.30726e-20  5.89031e-35 -5.57461e-19 -1.05507e-33  1.25373e-17  1.17159e-32 -1.86994e-16 -9.05238e-32  2.04277e-15  4.75551e-31 -1.72729e-14 -1.15879e-30  1.17023e-13 -7.18262e-30 -6.50055e-13  1.14216e-28  3.00798e-12 -8.67457e-28  -1.1721e-11  4.77507e-27  3.87349e-11 -2.08804e-26 -1.08999e-10  7.51632e-26  2.61461e-10 -2.26326e-25 -5.33617e-10  5.72886e-25  9.21506e-10 -1.21206e-24 -1.33248e-09  2.09496e-24  1.58375e-09 -2.76949e-24 -1.49584e-09   2.1574e-24  1.04516e-09  1.29154e-24 -4.35233e-10 -8.74251e-24 -2.89785e-11  1.95945e-23  1.80105e-10 -3.05911e-23 -1.00524e-10  3.67534e-23 -8.92366e-12 -3.43482e-23  3.63051e-11  2.39858e-23 -9.74237e-12 -1.09412e-23 -8.09636e-12  1.72296e-24  4.38808e-12  5.09078e-25  1.54954e-12  2.35525e-24 -1.25076e-12   -5.871e-24 -3.29412e-13  6.96309e-24  2.82046e-13 -5.59204e-24  8.52785e-14  3.40796e-24  -4.9574e-14 -1.66374e-24   -2.217e-14  5.38609e-25  5.47651e-15  2.22099e-25  4.62617e-15 -7.01601e-25  7.08106e-17  8.54984e-25 -6.42336e-16 -7.46605e-25 -1.57882e-16  5.36311e-25   3.8739e-17 -3.37135e-25  2.71617e-17  1.83123e-25  3.20146e-18 -7.97141e-26 -1.60557e-18  2.50806e-26 -6.87147e-19 -5.10555e-27 -6.60127e-20  7.76548e-28  2.68544e-20 -3.31042e-28  1.06473e-20  2.18335e-28  1.33842e-21 -1.05599e-28 -1.31581e-22   4.1405e-29 -7.92149e-23 -1.24641e-29  -1.3243e-23  1.89212e-30 -6.76697e-25  3.14734e-31  1.50118e-25 -1.89232e-31  3.74709e-26  8.82245e-33  3.87161e-27  9.18774e-33  1.58469e-28 -1.76781e-33 -9.50121e-30  1.16082e-34 -1.74931e-30 -6.52484e-36 -1.07764e-31  1.02815e-37 -3.07475e-33 -1.93178e-38 -2.41353e-35  -4.1413e-40   2.8574e-37
-2.89574e-21 -2.78926e-35  2.19314e-19  7.21978e-34 -6.53719e-18 -1.01144e-32  1.18591e-16  9.63696e-32 -1.51221e-15 -6.66082e-31  1.45752e-14  3.19476e-30 -1.10877e-13 -7.18262e-30  6.84696e-13 -4.13162e-29 -3.49848e-12  6.11842e-28  1.49872e-11  -4.3372e-27 -5.43124e-11  2.23164e-26  1.67432e-10 -9.12837e-26 -4.40245e-10  3.07329e-25  9.87135e-10 -8.64136e-25 -1.88116e-09  2.03385e-24  3.02437e-09 -3.96191e-24 -4.04783e-09  6.15412e-24  4.40529e-09 -6.76413e-24 -3.72713e-09  2.27567e-24  2.20544e-09  1.14443e-23  -5.8717e-10  -3.6223e-23 -3.62263e-10  6.80342e-23  4.59724e-10 -9.60032e-23 -1.38853e-10  1.06781e-22 -8.67714e-11 -9.30647e-23  7.86776e-11  6.00837e-23  1.68567e-12  -2.3601e-23 -2.33908e-11 -3.33422e-25  3.72712e-12  5.75395e-24  5.74043e-12  1.34661e-24 -1.31715e-12 -1.01688e-23  -1.3407e-12  1.37421e-23  2.60429e-13 -1.17905e-23  3.00536e-13  7.58518e-24 -2.12901e-14 -3.78992e-24 -5.87167e-14  1.12931e-24 -5.72469e-15  5.86762e-25  8.42992e-15 -1.48283e-24  2.58913e-15  1.63641e-24 -5.89225e-16 -1.32743e-24 -4.69318e-16  9.02441e-25  -4.8041e-17 -5.44276e-25  3.74863e-17  2.83943e-25  1.44824e-17 -1.16809e-25  5.99831e-19  3.32677e-26 -9.66384e-19 -5.32675e-27 -2.97651e-19  3.87324e-28 -1.86052e-20 -2.89268e-28  1.12112e-20  2.73797e-28  3.63631e-21 -1.41941e-28  4.13963e-22   5.3282e-29 -3.02592e-23 -1.42155e-29 -1.82522e-23  1.64526e-30 -2.90726e-24  5.30532e-31 -1.82241e-25 -2.42828e-31  1.38486e-26  1.16303e-32   4.1837e-27  9.42581e-33  4.20614e-28 -1.51211e-33  2.02684e-29  5.85034e-35  7.63745e-32 -2.14874e-36 -4.58127e-32  1.07616e-37  -2.3053e-33 -3.40089e-38 -3.89795e-35  4.36178e-41
  8.7467e-36 -6.60313e-20 -4.01468e-34  2.85595e-18  7.37663e-33 -6.51865e-17 -8.55616e-32   9.8737e-16  7.17767e-31 -1.09617e-14 -4.49689e-30  9.42664e-14  1.98341e-29 -6.50055e-13 -4.13162e-29  3.67876e-12 -2.21159e-28 -1.73591e-11  3.05603e-27  6.90543e-11  -2.0252e-26 -2.33262e-10   9.7534e-26  6.71893e-10 -3.73635e-25 -1.65256e-09  1.17765e-24  3.46538e-09 -3.09373e-24 -6.16507e-09  6.76801e-24  9.21661e-09  -1.2104e-23 -1.13857e-08  1.66936e-23  1.12766e-08 -1.41815e-23  -8.4195e-09  -5.4846e-24  4.00031e-09  5.16437e-23 -2.39797e-10 -1.24468e-22 -1.31419e-09  2.07496e-22  9.28815e-10  -2.6943e-22 -4.81434e-11  2.79271e-22 -2.85697e-10 -2.27271e-22  1.19472e-10  1.35138e-22  5.19377e-11   -4.436e-23 -4.58942e-11 -1.01681e-23 -7.07258e-12  2.01961e-23  1.26831e-11 -2.78696e-24  1.14537e-12 -1.77048e-23 -2.96811e-12  2.67929e-23 -3.76951e-13 -2.39466e-23  5.86139e-13  1.57177e-23  1.40255e-13 -7.75836e-24 -8.65536e-14  2.10649e-24 -3.85916e-14  1.27896e-24  6.18107e-15 -2.77658e-24  6.95233e-15  2.84592e-24  7.64327e-16  -2.1843e-24 -6.73108e-16  1.42314e-24 -2.56608e-16 -8.28071e-25  2.18653e-18  4.14453e-25  2.43744e-17 -1.60167e-25   6.3333e-18  4.06122e-26 -1.23492e-19 -4.45944e-27 -4.50639e-19 -3.84933e-28 -1.09693e-19 -1.65409e-28 -4.84803e-21  3.23832e-28  3.62287e-21 -1.82615e-28  1.02502e-21  6.56099e-29  1.11565e-22 -1.53075e-29 -3.89713e-24  1.21938e-30 -3.14948e-24  7.32818e-31 -4.84902e-25 -2.82594e-31 -3.39848e-26  1.24089e-32  2.35941e-28  9.25181e-33    2.831e-28 -1.16622e-33  2.72443e-29  9.86156e-36  1.24228e-30  2.64208e-37  2.21148e-32  1.19102e-37 -2.30869e-34  -2.5999e-38 -8.36766e-36
  1.3201e-20  1.71979e-34 -1.01414e-18 -4.53299e-33  3.06812e-17  6.51502e-32  -5.6528e-16 -6.49529e-31  7.32585e-15  4.88594e-30 -7.18151e-14 -2.80124e-29   5.5609e-13  1.14216e-28 -3.49848e-12 -2.21159e-28  1.82287e-11 -1.10408e-27  -7.9716e-11  1.42607e-26  2.95249e-10 -8.84754e-26 -9.31489e-10  3.99341e-25  2.51052e-09 -1.43434e-24 -5.78092e-09  4.23616e-24    1.134e-08 -1.04021e-23 -1.88239e-08  2.11379e-23  2.61238e-08 -3.45714e-23 -2.96747e-08  4.15775e-23  2.65217e-08 -2.29499e-23 -1.70767e-08 -4.66881e-23  5.80678e-09  1.84237e-22  1.76288e-09  -3.7712e-22 -3.40448e-09    5.717e-22  1.42417e-09 -6.88849e-22  4.44326e-10  6.67095e-22 -6.51805e-10  -5.0636e-22  7.99204e-11   2.7538e-22  1.74045e-10 -7.11623e-23 -5.69053e-11 -3.98446e-23 -3.95241e-11  5.33661e-23   1.7804e-11 -1.26604e-23  9.11049e-12 -3.14872e-23 -3.95556e-12  5.13316e-23 -2.20201e-12 -4.65447e-23  6.00387e-13  3.03126e-23   4.9646e-13 -1.43955e-23  -3.0028e-14  3.48665e-24 -8.78375e-14  2.46037e-24 -1.31423e-14 -4.69965e-24  9.59019e-15   4.5439e-24  3.98092e-15 -3.34813e-24 -1.61473e-16  2.11292e-24 -4.76032e-16 -1.19078e-24 -1.09439e-16   5.7047e-25  1.32295e-17 -2.05668e-25  1.22922e-17  4.54346e-26  2.33802e-18  -2.2211e-27 -1.57142e-19 -1.55639e-27  -1.6909e-19  5.85019e-29  -3.4642e-20  3.59123e-28  -1.3526e-21 -2.25166e-28  9.00395e-22  7.75453e-29  2.33114e-22 -1.56538e-29  2.49796e-23  7.04053e-31  4.85189e-26  8.85086e-31 -3.79591e-25 -3.02332e-31 -5.74033e-26  1.09601e-32 -4.12214e-27  8.69254e-33 -9.36963e-29 -7.95886e-34  8.96788e-30 -2.23681e-35  8.69002e-31  1.11799e-36  3.03346e-32  9.85952e-38  3.83601e-34 -1.13363e-38
-4.90264e-35  2.76395e-19  2.28975e-33 -1.21345e-17 -4.27717e-32   2.8132e-16  5.09241e-31 -4.33103e-15 -4.47848e-30  4.89077e-14  3.06053e-29 -4.28138e-13 -1.61683e-28  3.00798e-12  6.11842e-28 -1.73591e-11 -1.10408e-27  8.36168e-11 -5.15038e-27 -3.39932e-10  6.22785e-26  1.17499e-09 -3.62234e-25 -3.46832e-09  1.53422e-24  8.75702e-09 -5.17237e-24 -1.88906e-08  1.43264e-23  3.46642e-08 -3.28942e-23 -5.36425e-08  6.20308e-23  6.89493e-08 -9.22907e-23 -7.16552e-08  9.40755e-23  5.71007e-08 -1.55366e-23 -3.04995e-08 -1.99538e-22  5.09987e-09  5.70493e-22  7.66181e-09 -1.03548e-21  -7.0068e-09  1.44494e-21  1.26101e-09 -1.62223e-21  1.77867e-09  1.46844e-21 -1.09715e-09 -1.03687e-21 -2.12777e-10  5.10372e-22  3.75312e-10 -9.10971e-23 -5.02589e-12 -1.12523e-22  -9.9943e-11  1.20596e-22  7.33885e-12 -3.13133e-23  2.39211e-11 -5.73388e-23  -9.0138e-13  9.60179e-23 -5.16715e-12 -8.62875e-23 -3.71267e-13  5.45302e-23  9.16222e-13 -2.43819e-23  2.16758e-13  5.12126e-24 -1.07459e-13  4.24955e-24 -5.51561e-14 -7.23963e-24  2.31351e-15  6.69461e-24  7.56542e-15 -4.80374e-24  1.64354e-15  2.96537e-24 -3.69347e-16 -1.62282e-24 -2.54952e-16  7.41625e-25 -3.68224e-17  -2.4747e-25  9.61544e-18  4.62471e-26   5.0564e-18  1.36931e-27  7.48186e-19 -3.06097e-27 -7.26448e-20  3.92512e-28 -5.14908e-20  3.69761e-28 -9.31808e-21 -2.66125e-28 -4.07018e-22  8.81075e-29  1.66297e-22 -1.53022e-29  4.12024e-23  2.07391e-31  4.36068e-24  9.63556e-31  1.25727e-25 -3.00306e-31 -2.80847e-26  7.70393e-33 -4.38326e-27  7.80806e-33   -2.968e-28 -4.64281e-34 -9.16482e-30 -3.63638e-35  2.31929e-32  1.06023e-36   8.8844e-33  5.69939e-38  1.33428e-34
-5.01335e-20 -8.96365e-34  3.90983e-18  2.39501e-32 -1.20158e-16 -3.49563e-31  2.25039e-15   3.5806e-30 -2.96676e-14 -2.82923e-29  2.96078e-13  1.77304e-28 -2.33595e-12 -8.67457e-28  1.49872e-11  3.05603e-27  -7.9716e-11 -5.15038e-27  3.56254e-10 -2.24879e-26 -1.35007e-09  2.54941e-25  4.36419e-09 -1.39198e-24 -1.20711e-08  5.53907e-24  2.85804e-08 -1.75472e-23  -5.7783e-08  4.56188e-23  9.91608e-08 -9.79644e-23 -1.42867e-07  1.71209e-22  1.69556e-07  -2.3007e-22 -1.60107e-07  1.89381e-22  1.11742e-07  7.66662e-23 -4.59391e-08 -6.74481e-22 -4.42437e-09  1.59044e-21  2.07137e-08 -2.61518e-21 -1.14604e-08   3.3818e-21 -1.16622e-09 -3.54424e-21  4.36275e-09  2.99617e-21  -1.1873e-09 -1.96011e-21 -1.00368e-09  8.59867e-22  5.62179e-10 -6.97454e-23  1.94505e-10 -2.67531e-22 -1.66948e-10  2.44176e-22 -4.16668e-11 -6.12612e-23   3.9312e-11 -1.05637e-22  1.11522e-11  1.74237e-22 -7.28887e-12 -1.52289e-22 -3.06147e-12  9.16928e-23  8.79355e-13 -3.78292e-23  6.77657e-13  6.63502e-24  -4.5336e-15  6.59324e-24 -1.00146e-13 -1.01427e-23 -2.28568e-14  9.12039e-24  6.69237e-15 -6.47752e-24   4.2877e-15  3.94853e-24  4.50705e-16 -2.10072e-24 -2.72576e-16  9.11847e-25 -1.10536e-16 -2.79198e-25 -9.75397e-18  4.23236e-26    4.552e-18  5.91147e-27  1.73261e-18 -4.75773e-27  2.12526e-19  8.34803e-28 -2.16631e-20  3.47541e-28  -1.2604e-20 -3.01153e-28 -2.08825e-21  9.62594e-29 -1.11011e-22 -1.44107e-29  2.11778e-23 -1.80445e-31   5.3563e-24  9.63618e-31  5.51183e-25 -2.79123e-31  2.40033e-26  3.51983e-33 -8.82159e-28  6.68005e-33 -1.85125e-28 -2.14235e-34 -1.07818e-29 -3.55539e-35 -2.78404e-31  6.71364e-37 -2.10219e-33  2.03724e-38
 2.33751e-34 -9.68591e-19 -1.11016e-32  4.32025e-17  2.09571e-31 -1.01826e-15  -2.5325e-30   1.5949e-14  2.29124e-29 -1.83373e-13 -1.64811e-28  1.63575e-12  9.53573e-28  -1.1721e-11  -4.3372e-27  6.90543e-11  1.42607e-26 -3.39932e-10 -2.24879e-26  1.41395e-09 -9.20454e-26 -5.00714e-09  9.79678e-25  1.51651e-08 -5.02783e-24 -3.93571e-08  1.88197e-23  8.74536e-08  -5.6081e-23 -1.65746e-07  1.36959e-22   2.6585e-07 -2.75123e-22 -3.55968e-07  4.44835e-22  3.88481e-07 -5.34639e-22 -3.30132e-07  3.23561e-22  1.96125e-07  4.62289e-22 -5.14673e-08 -1.98191e-21 -3.47329e-08  4.06615e-21  4.37251e-08 -6.13101e-21 -1.34198e-08  7.37534e-21 -8.50723e-09 -7.21911e-21  7.95955e-09  5.68876e-21  7.74058e-11 -3.42904e-21 -2.43838e-09  1.30958e-21  4.42866e-10  6.18568e-23   6.1339e-10  -5.6468e-22 -1.61409e-10   4.5374e-22 -1.47561e-10 -1.03088e-22  3.45146e-11 -1.93253e-22  3.45272e-11  3.05061e-22 -3.69235e-12 -2.55576e-22 -7.14031e-12  1.44263e-22 -4.83224e-13 -5.37262e-23  1.10263e-12  7.43574e-24  3.03432e-13  9.09141e-24 -8.86658e-14 -1.28209e-23 -6.10209e-14  1.14875e-23 -4.80363e-15 -8.24054e-24  5.37262e-15  5.00488e-24  1.90529e-15 -2.58759e-24  4.04199e-17   1.0616e-24 -1.39067e-16 -2.95661e-25  -4.0113e-17   3.4134e-26 -2.04362e-18   1.0673e-26  1.62088e-18 -6.46031e-27  4.96831e-19  1.36654e-27  5.41089e-20  2.88372e-28 -4.34933e-21 -3.25432e-28 -2.41702e-21   1.0107e-28 -3.75169e-22 -1.31996e-29 -2.34174e-23 -4.14381e-31  1.54091e-24  8.98585e-31  4.72029e-25 -2.44294e-31  4.60462e-26 -5.49472e-34  2.17628e-27  5.40471e-33   1.8561e-29 -5.92771e-35 -3.15292e-30 -2.63854e-35 -1.37699e-31   3.0652e-37 -1.45869e-33
 1.59893e-19  3.99814e-33 -1.26709e-17 -1.08031e-31  3.95949e-16  1.58955e-30 -7.54566e-15 -1.65265e-29  1.01298e-13  1.34563e-28 -1.03028e-12 -8.89468e-28  8.29135e-12  4.77507e-27 -5.43124e-11  -2.0252e-26  2.95249e-10  6.22785e-26 -1.35007e-09 -9.20454e-26  5.24149e-09 -3.53693e-25 -1.73829e-08  3.53897e-24  4.94086e-08 -1.70932e-23 -1.20451e-07  6.02559e-23  2.51341e-07 -1.69083e-22 -4.46532e-07  3.88198e-22  6.68798e-07 -7.29519e-22 -8.30222e-07  1.08884e-21  8.28577e-07  -1.1546e-21 -6.24987e-07  4.05955e-22  3.00535e-07  1.68596e-21 -1.76282e-08 -5.25126e-21 -1.03273e-07  9.63647e-21  7.49552e-08 -1.34235e-20  -4.8291e-09  1.50542e-20 -2.35831e-08 -1.37559e-20  1.05929e-08  1.00768e-20  4.21554e-09 -5.55521e-21 -4.16904e-09  1.77789e-21 -5.04004e-10  4.18584e-22  1.18879e-09 -1.08608e-21  6.33709e-11  7.85872e-22 -2.89974e-10  -1.5395e-22 -2.52458e-11  -3.4517e-22  6.06566e-11  5.13241e-22   1.1904e-11 -4.07483e-22 -9.75498e-12   2.1227e-22 -3.76473e-12 -6.93859e-23  8.57143e-13  6.84109e-24  7.52464e-13  1.08288e-23  5.62098e-14 -1.43362e-23 -8.17129e-14  1.33467e-23 -2.75099e-14 -9.93013e-24  1.29032e-15   6.0557e-24  2.94762e-15 -3.03611e-24  6.90285e-16  1.17152e-24  -3.5161e-17 -2.94554e-25 -5.52775e-17  2.34182e-26 -1.24281e-17  1.47715e-26 -3.68019e-19 -7.97484e-27  4.48869e-19  1.94709e-27  1.18113e-19  1.93815e-28   1.2118e-20 -3.34391e-28 -5.18495e-22  1.01943e-28 -3.47391e-22 -1.18955e-29 -5.11477e-23 -5.01074e-31 -3.46963e-24  7.92115e-31  1.39388e-26 -2.02288e-31  2.46553e-26 -3.62482e-33  2.22975e-27  4.09025e-33    9.331e-29  1.35472e-35  1.54093e-30 -1.53717e-35 -5.87072e-33  9.13698e-38
-9.56608e-34  2.85956e-18  4.62799e-32 -1.29715e-16 -8.79317e-31  3.11151e-15  1.06928e-29 -4.96369e-14 -9.82623e-29   5.8172e-13  7.29789e-28 -5.29388e-12  -4.4632e-27  3.87349e-11  2.23164e-26 -2.33262e-10 -8.84754e-26  1.17499e-09  2.54941e-25 -5.00714e-09 -3.53693e-25  1.81908e-08 -1.27767e-24 -5.66089e-08  1.20336e-23  1.51225e-07 -5.47683e-23 -3.46641e-07  1.82038e-22  6.79541e-07 -4.81522e-22 -1.13137e-06  1.04014e-21  1.58021e-06 -1.82863e-21  -1.8127e-06  2.51257e-21  1.64198e-06 -2.30532e-21 -1.07647e-06   8.9449e-23  3.76921e-07   5.0139e-21  1.10633e-07 -1.27779e-20 -2.26916e-07   2.1317e-20  1.00744e-07 -2.75652e-20  2.79422e-08  2.88504e-20 -4.66386e-08  -2.4581e-20  7.36282e-09  1.66776e-20  1.25177e-08  -8.3254e-21 -4.81933e-09  2.08306e-21 -2.83511e-09  1.16468e-21  1.54948e-09 -1.93428e-21  6.62466e-10  1.28341e-21 -3.65754e-10  -2.0648e-22 -1.68854e-10 -5.95097e-22  6.23455e-11  8.27511e-22  4.13169e-11 -6.16691e-22  -5.1472e-12  2.91395e-22 -8.04785e-12 -8.01154e-23 -8.23113e-13  4.33217e-24  9.98707e-13  1.02988e-23  3.50064e-13  -1.3513e-23 -3.48486e-14  1.42351e-23 -4.83029e-14 -1.13853e-23 -9.41032e-15  7.00838e-24   1.8366e-15 -3.39387e-24  1.26313e-15  1.22667e-24  2.09507e-16 -2.77486e-25 -2.40526e-17  1.27902e-26 -1.77798e-17  1.74286e-26  -3.3182e-18 -9.13055e-27 -7.59577e-20  2.51321e-27  9.62095e-20  7.10625e-29  2.27315e-20 -3.24747e-28  2.27188e-21  9.88209e-29 -1.08638e-23 -1.06799e-29 -3.48319e-23 -4.84378e-31 -4.91321e-24  6.68571e-31 -3.32503e-25 -1.58907e-31 -7.33986e-27 -5.23522e-33  5.70906e-28  2.85169e-33  4.95998e-29  3.20208e-35  1.40724e-30 -6.79744e-36  1.09942e-32
-4.30176e-19 -1.53939e-32  3.46771e-17  4.20458e-31 -1.10308e-15 -6.20129e-30   2.1415e-14  6.48145e-29 -2.93105e-13 -5.36755e-28  3.04192e-12  3.67164e-27 -2.50022e-11 -2.08804e-26  1.67432e-10   9.7534e-26 -9.31489e-10 -3.62234e-25  4.36419e-09  9.79678e-25 -1.73829e-08 -1.27767e-24  5.92309e-08 -4.34456e-24 -1.73268e-07  3.85651e-23  4.35589e-07 -1.65593e-22 -9.39571e-07  5.19558e-22  1.73079e-06  -1.2969e-21 -2.69889e-06  2.63781e-21  3.50881e-06 -4.33825e-21 -3.70338e-06  5.46911e-21  3.01263e-06 -4.21753e-21 -1.65838e-06 -1.59148e-21  3.06634e-07  1.31131e-20  4.13776e-07   -2.886e-20   -4.055e-07  4.42267e-20  8.65255e-08  -5.3257e-20  1.00874e-07  5.20336e-20 -7.04257e-08 -4.12605e-20 -9.67561e-09  2.58061e-20  2.42562e-08 -1.15053e-20  -1.6934e-09  1.92814e-21 -6.57818e-09  2.50323e-21  9.14863e-10 -3.22694e-21  1.63258e-09  1.99514e-21 -1.74626e-10 -2.48369e-22 -3.75063e-10 -9.84425e-22 -2.59369e-12  1.27663e-21  7.27692e-11 -8.85082e-22  1.25538e-11  3.71232e-22 -9.85309e-12 -7.93574e-23 -4.05074e-12 -1.15335e-25  4.74698e-13  5.50934e-24   6.4747e-13 -9.19675e-24  1.09754e-13  1.38209e-23 -4.09369e-14 -1.24839e-23 -2.17766e-14  7.76442e-24 -2.37203e-15 -3.61034e-24  1.04313e-15  1.22009e-24  4.43848e-16 -2.49804e-25  5.48538e-17  4.95845e-27 -8.97963e-18  1.81993e-26 -4.66751e-18 -9.79515e-27 -7.60169e-19  2.98612e-27 -2.11507e-20 -6.85746e-29  1.54645e-20 -2.95573e-28  3.40419e-21  9.22419e-29  3.32568e-22 -9.65314e-30  7.70861e-24  -4.1924e-31 -2.14306e-24  5.45862e-31 -2.99206e-25  -1.1841e-31 -1.84156e-26 -5.39883e-33 -5.10796e-28  1.79513e-33   4.7304e-31  2.49263e-35  2.82022e-31 -1.99589e-36
 3.37782e-33 -7.13266e-18 -1.67267e-31  3.29451e-16  3.19089e-30 -8.05273e-15 -3.87637e-29  1.31006e-13  3.58056e-28 -1.56704e-12  -2.7101e-27  1.45683e-11  1.71952e-26 -1.08999e-10 -9.12837e-26  6.71893e-10  3.99341e-25 -3.46832e-09 -1.39198e-24  1.51651e-08  3.53897e-24 -5.66089e-08 -4.34456e-24  1.81294e-07 -1.39238e-23  -4.9933e-07  1.16628e-22  1.18266e-06 -4.73018e-22 -2.40208e-06   1.4026e-21  4.15797e-06  -3.3074e-21 -6.06714e-06  6.33928e-21  7.32395e-06 -9.75259e-21 -7.07092e-06   1.1235e-20  5.08635e-06 -6.95324e-21 -2.20507e-06 -6.89451e-21 -1.29639e-07   3.1117e-20  9.75874e-07  -6.0919e-20 -5.93013e-07  8.63584e-20 -2.79107e-08 -9.70376e-20   2.2159e-07  8.84701e-20 -7.46306e-08 -6.51246e-20 -4.87706e-08  3.73227e-20  3.41322e-08 -1.45692e-20  8.57683e-09  9.24116e-22 -1.03644e-08  4.64969e-21 -1.70813e-09 -5.09046e-21  2.57235e-09  2.97601e-21  5.04946e-10 -2.62285e-22 -5.22394e-10 -1.55911e-21 -1.64771e-10  1.88316e-21  7.53899e-11 -1.20321e-21  4.26207e-11  4.34474e-22 -3.85271e-12 -5.94823e-23 -7.32041e-12 -5.73025e-24 -1.20605e-12 -5.67958e-24  6.27937e-13 -6.14485e-25  3.03793e-13  1.20467e-23  1.60962e-14 -1.31684e-23 -2.41008e-14  8.22765e-24 -7.95545e-15  -3.6447e-24 -3.83539e-16  1.15456e-24   4.1507e-16 -2.19109e-25  1.30657e-16  1.83111e-27   1.2841e-17  1.70827e-26 -2.33445e-18 -9.87877e-27  -9.9037e-19  3.28732e-27 -1.46153e-19 -2.11937e-28 -5.69988e-21 -2.49006e-28  1.74617e-21  8.31976e-29  3.74195e-22 -8.82114e-30  3.50007e-23  -3.4807e-31  1.33565e-24  4.33199e-31 -5.81642e-26 -8.33778e-32 -9.72181e-27 -4.52288e-33 -4.81375e-28  9.93157e-34 -9.87027e-30  1.24983e-35 -4.57393e-32
