  0.00615787 -3.66679e-18   -0.0132971  1.44933e-17   0.00191047  1.03078e-17   0.00322709 -6.00729e-17   0.00122384   9.7619e-17   2.8991e-05 -9.00486e-17 -0.000263666  3.30718e-17 -0.000205701  5.73764e-18 -0.000102459 -6.43608e-18 -3.77441e-05 -1.96777e-18 -9.38429e-06  8.47436e-19 -2.12443e-07  1.11026e-18  1.53211e-06  5.58883e-19  1.21886e-06 -1.69436e-21  6.76731e-07 -1.51705e-19  3.17178e-07 -9.66347e-20   1.3334e-07 -2.88641e-20  5.17169e-08  4.46707e-22  1.87983e-08  5.06195e-21  6.46455e-09   2.5892e-21  2.11558e-09  5.57795e-22  6.61105e-10 -5.61423e-23  1.97587e-10 -7.51205e-23  5.64961e-11 -2.00708e-23  1.54432e-11  6.79687e-25  4.02994e-12   2.1528e-24  1.00204e-12   2.7213e-25  2.36887e-13 -6.96116e-25  5.31175e-14 -7.49659e-25  1.12688e-14 -4.82375e-25  2.25578e-15 -2.40939e-25  4.24837e-16 -1.03821e-25  7.50267e-17 -3.97565e-26  1.23752e-17 -1.22492e-26  1.89689e-18 -1.78353e-27  2.68335e-19   1.0483e-27  3.46727e-20   1.1035e-27  4.02313e-21  6.04893e-28  4.05692e-22  2.44973e-28  3.28347e-23  7.89601e-29  1.54177e-24  2.04898e-29 -1.09312e-25  4.09559e-30 -4.26049e-26   4.9649e-31  -7.3728e-27 -4.59981e-32 -9.78252e-28 -5.47264e-32 -1.09974e-28 -2.28136e-32 -1.08484e-29 -7.23983e-33  -9.5316e-31 -1.95563e-33 -7.50636e-32  -4.6304e-34 -5.30764e-33 -9.66736e-35 -3.36556e-34 -1.77699e-35 -1.90732e-35 -2.86368e-36 -9.61077e-37 -4.02111e-37 -4.27704e-38 -4.87523e-38 -1.66757e-39 -5.03613e-39  -5.6429e-41  -4.3506e-40  -1.6382e-42 -3.06614e-41 -4.01087e-44  -1.7091e-42 -8.02245e-46 -7.27687e-44 -1.22572e-47 -2.30204e-45 -1.22232e-49 -5.44486e-47 -4.42633e-52 -9.76813e-49  3.56987e-54 -9.13819e-51
-3.66679e-18    0.0250853 -1.67351e-17   -0.0270222  4.72263e-17  -0.00400922 -4.20091e-18   0.00492578 -4.91272e-17   0.00370297  1.06795e-16   0.00121503 -1.19153e-16 -3.10122e-05  4.52727e-17 -0.000319113  9.81692e-18 -0.000249174 -1.23352e-17 -0.000132052 -5.29071e-18 -5.53328e-05  1.55279e-18  -1.8682e-05  3.03209e-18  -4.6693e-06  1.62547e-18 -4.37961e-07  1.51731e-19  4.04125e-07 -3.27974e-19  3.57316e-07 -2.45335e-19  1.96949e-07 -8.57915e-20  8.93598e-08 -6.68898e-21   3.5915e-08  9.76549e-21  1.31819e-08  5.64162e-21  4.48597e-09  1.27082e-21  1.42716e-09 -1.20563e-22  4.26304e-10 -1.86352e-22  1.19806e-10 -6.42453e-23  3.16907e-11 -1.05264e-23  7.88371e-12 -1.82026e-24  1.84107e-12 -3.46167e-24    4.024e-13   -4.161e-24   8.1959e-14 -3.17683e-24  1.54553e-14 -1.83928e-24  2.67133e-15 -8.90397e-25   4.1601e-16 -3.79614e-25   5.6443e-17 -1.39963e-25  6.13572e-18 -3.85889e-26  3.72675e-19 -3.01898e-27 -4.53907e-20   4.8149e-27 -2.23763e-20  3.93562e-27 -5.33371e-21  1.94679e-27 -9.92811e-22  7.33141e-28 -1.58647e-22  2.21877e-28 -2.25323e-23  5.39576e-29 -2.88983e-24  9.85959e-30 -3.37319e-25  9.08409e-31 -3.59697e-26 -2.37233e-31 -3.50846e-27 -1.70644e-31 -3.12896e-28 -6.45309e-32 -2.54697e-29 -1.92889e-32 -1.88662e-30 -4.93656e-33 -1.26626e-31 -1.10604e-33 -7.65664e-33 -2.17944e-34 -4.13923e-34 -3.77095e-35 -1.98064e-35 -5.70325e-36  -8.2772e-37 -7.48555e-37 -2.96654e-38 -8.43484e-38 -8.88585e-40 -8.03527e-39  -2.1372e-41  -6.3378e-40 -3.82437e-43 -4.02956e-41 -4.01365e-45 -2.00002e-42  1.90166e-47  -7.4995e-44   1.9633e-48 -2.08455e-45  4.84948e-50 -4.32389e-47  6.54173e-52 -6.04463e-49  3.40133e-54
  -0.0132971 -1.67351e-17     0.049042 -3.93321e-17   -0.0306418  7.94941e-17   -0.0144693 -2.96176e-17   0.00237895   1.9229e-17   0.00540572  5.08672e-17   0.00310941  -1.0333e-16  0.000923865  4.87383e-17 -6.05251e-05   7.8271e-18 -0.000278091 -2.01264e-17 -0.000218631 -1.00438e-17  -0.00012173  2.39208e-18 -5.58534e-05  5.75301e-18 -2.21762e-05  3.26645e-18 -7.74678e-06  5.26446e-19 -2.37411e-06 -4.81132e-19 -6.20948e-07 -4.22578e-19 -1.26538e-07 -1.62753e-19 -1.24395e-08 -2.07106e-20  4.98077e-09  1.28146e-20  3.96033e-09  8.26833e-21  1.74917e-09  1.82711e-21  6.10908e-10  -2.6006e-22  1.81586e-10 -3.36533e-22   4.6689e-11 -1.27958e-22  1.02146e-11 -3.25203e-23  1.76859e-12 -1.40502e-23  1.72407e-13 -1.41524e-23 -3.03246e-14 -1.26165e-23 -2.40822e-14 -8.57002e-24 -9.00871e-15 -4.72938e-24 -2.62855e-15  -2.2477e-24 -6.60169e-16 -9.36334e-25 -1.48069e-16 -3.24804e-25 -3.01828e-17 -7.67042e-26 -5.64487e-18  1.61654e-27 -9.73855e-19  1.42648e-26  -1.5546e-19  9.57739e-27 -2.30001e-20  4.30479e-27 -3.15551e-21  1.50852e-27 -4.01361e-22  4.27445e-28 -4.72841e-23  9.66032e-29  -5.1512e-24  1.56841e-29 -5.17731e-25   7.6909e-31 -4.78557e-26  -6.7919e-31 -4.05119e-27 -3.65062e-31 -3.12338e-28 -1.25989e-31 -2.17641e-29 -3.53696e-32 -1.35568e-30 -8.54715e-33 -7.42132e-32 -1.80731e-33 -3.46589e-33 -3.35445e-34 -1.29636e-34 -5.45306e-35 -3.18186e-36 -7.72252e-36  1.30215e-38 -9.44582e-37  6.95336e-39 -9.85366e-38  4.71711e-40 -8.61454e-39  2.10713e-41 -6.16814e-40  7.05488e-43 -3.51525e-41  1.81341e-44 -1.54369e-42  3.55588e-46 -5.07297e-44  5.20299e-48 -1.23165e-45  5.39494e-50  -2.1494e-47  3.31568e-52 -1.86077e-49
 1.44933e-17   -0.0270222 -3.93321e-17     0.062771 -5.81113e-17   -0.0223401  7.72634e-17   -0.0226262 -2.90976e-17  -0.00355801  8.51881e-17   0.00473599 -1.68456e-17   0.00455348 -6.17377e-17   0.00226639  4.95067e-17  0.000640136 -1.25294e-18 -4.22896e-05 -3.11819e-17   -0.0001923 -1.58863e-17 -0.000154577  3.42485e-18 -8.94959e-05  8.95178e-18 -4.35548e-05  5.30657e-18 -1.88357e-05  1.12921e-18 -7.44722e-06 -5.35875e-19 -2.74104e-06 -5.66189e-19  -9.5194e-07 -2.30041e-19 -3.15504e-07 -3.33201e-20 -1.00796e-07   1.5124e-20 -3.13041e-08  1.04175e-20 -9.50859e-09  2.39403e-21  -2.8327e-09 -2.39571e-22 -8.26946e-10 -3.59636e-22 -2.35616e-10 -1.25175e-22 -6.51354e-11 -3.09592e-23 -1.73576e-11 -2.49291e-23 -4.43178e-12 -3.06709e-23 -1.07853e-12 -2.67244e-23 -2.49136e-13 -1.75966e-23 -5.44468e-14 -9.54537e-24 -1.12284e-14 -4.46612e-24 -2.18054e-15 -1.79331e-24 -3.98038e-16  -5.7194e-25 -6.81826e-17 -1.06699e-25 -1.09417e-17  2.13439e-26 -1.64204e-18  3.20835e-26 -2.29976e-19  1.83655e-26 -2.99874e-20  7.54245e-27 -3.62964e-21  2.45903e-27 -4.06277e-22  6.49672e-28 -4.18456e-23  1.34778e-28 -3.93869e-24  1.84622e-29  -3.3536e-25 -4.27133e-31 -2.54109e-26 -1.39787e-30 -1.66281e-27 -6.16105e-31 -8.77699e-29 -1.95207e-31 -2.93733e-30 -5.13962e-32  5.54152e-32 -1.17006e-32  2.02168e-32 -2.33031e-33  2.15004e-33 -4.06659e-34  1.64781e-34 -6.19856e-35  1.02527e-35 -8.19863e-36  5.36091e-37 -9.31394e-37  2.37577e-38 -8.95623e-38    8.885e-40 -7.14808e-39  2.76683e-41 -4.61788e-40  7.02067e-43 -2.34343e-41  1.40822e-44 -9.04869e-43  2.14425e-46 -2.59219e-44  2.34296e-48 -5.40884e-46  1.65858e-50  -7.2346e-48  5.26246e-53
  0.00191047  4.72263e-17   -0.0306418 -5.81113e-17    0.0617572 -6.09488e-17  -0.00975604  3.70713e-17   -0.0251934  1.15837e-17  -0.00988082  1.02566e-16   0.00188441 -5.20563e-17   0.00472076 -1.11746e-17   0.00337277  4.95556e-17    0.0015539 -1.61544e-17   0.00045174  -4.5364e-17    5.505e-06 -2.21602e-17 -0.000100431  4.60345e-18 -8.66828e-05  1.22115e-17 -5.21022e-05   7.4651e-18 -2.62418e-05  1.90868e-18 -1.17742e-05 -4.28867e-19 -4.84669e-06 -6.04796e-19 -1.86159e-06 -2.46818e-19 -6.74348e-07 -2.78602e-20 -2.31974e-07  2.30382e-20 -7.61034e-08  1.50508e-20 -2.38653e-08  4.63457e-21 -7.15898e-09  8.81419e-22  -2.0534e-09  2.32045e-22 -5.62471e-10  1.66691e-22 -1.46884e-10   8.0882e-23 -3.64939e-11 -5.76049e-24 -8.60817e-12 -4.46962e-23 -1.92358e-12 -4.43347e-23 -4.06343e-13 -2.97762e-23 -8.09702e-14 -1.61307e-23 -1.51863e-14 -7.39826e-24 -2.67458e-15 -2.81971e-24 -4.41157e-16 -8.02166e-25 -6.79392e-17 -9.56461e-26 -9.73115e-18  6.48313e-26  -1.2898e-18  5.87736e-26 -1.57069e-19  2.94258e-26 -1.73843e-20  1.10889e-26 -1.71706e-21  3.35984e-27 -1.46028e-22  8.22614e-28 -9.77242e-24  1.53627e-28 -3.42151e-25  1.58385e-29  3.21179e-26 -2.78048e-30  8.77174e-27  -2.2862e-30  1.22366e-27 -8.68273e-31  1.32393e-28 -2.53865e-31  1.21128e-29 -6.26493e-32  9.66296e-31 -1.34152e-32  6.80508e-32 -2.51233e-33  4.24804e-33 -4.11473e-34  2.34892e-34 -5.86788e-35  1.14552e-35  -7.2277e-36  4.88906e-37 -7.59739e-37  1.80491e-38 -6.70259e-38  5.66784e-40 -4.85607e-39  1.47879e-41 -2.81242e-40  3.10288e-43 -1.26235e-41  5.00535e-45 -4.25941e-43  5.83109e-47 -1.05462e-44  4.48317e-49 -1.81792e-46  1.92461e-51 -1.49797e-48
 1.03078e-17  -0.00400922  7.94941e-17   -0.0223401 -6.09488e-17    0.0531368  -5.5953e-17  0.000472142 -5.78431e-18   -0.0234474  6.51059e-17   -0.0145396  7.57508e-17  -0.00197688 -4.34209e-17   0.00354083  3.95689e-17   0.00378284  4.78209e-17   0.00233477 -3.52556e-17   0.00105235  -6.1146e-17  0.000342434 -2.80217e-17   5.3342e-05  5.82739e-18 -2.78563e-05  1.51285e-17 -3.34944e-05  9.46196e-18  -2.1798e-05  2.79737e-18 -1.13247e-05 -1.11303e-19 -5.14015e-06  -4.7325e-19 -2.11448e-06 -1.70042e-19 -8.03154e-07  1.89087e-20 -2.84661e-07  4.89547e-20 -9.47236e-08  2.88752e-20 -2.96967e-08    1.209e-20 -8.78726e-09  4.87368e-21 -2.45558e-09  2.25582e-21 -6.47899e-10  1.08545e-21 -1.61264e-10  4.26222e-22 -3.78136e-11  8.42162e-23 -8.33731e-12  -4.3254e-23 -1.72436e-12 -6.12369e-23 -3.33505e-13 -4.35262e-23   -6.007e-14 -2.36574e-23 -1.00182e-14 -1.05323e-23 -1.53378e-15 -3.73859e-24 -2.12577e-16 -9.02358e-25 -2.59928e-17  -1.3233e-26 -2.64675e-18  1.34007e-25 -1.85788e-19  9.12288e-26  1.82909e-21  4.06653e-26  3.73234e-21  1.41033e-26  8.70557e-22  3.96192e-27  1.45609e-22  8.90609e-28  2.03394e-23  1.44745e-28   2.4893e-24  7.64879e-30  2.72406e-25 -5.83343e-30  2.69084e-26 -3.12925e-30  2.40955e-27 -1.05446e-30  1.95837e-28 -2.85681e-31  1.44346e-29 -6.60658e-32  9.62542e-31 -1.32904e-32  5.78462e-32 -2.33684e-33  3.11646e-33 -3.58522e-34  1.49459e-34  -4.7715e-35  6.32135e-36 -5.45533e-36  2.32851e-37 -5.28376e-37  7.34107e-39 -4.25482e-38  1.93176e-40 -2.78153e-39  4.08602e-42 -1.43454e-40  6.54173e-44 -5.65669e-42  7.11829e-46 -1.65619e-43  4.08632e-48 -3.48123e-45  9.17496e-52 -4.53947e-47 -5.78086e-53
  0.00322709 -4.20091e-18   -0.0144693  7.72634e-17  -0.00975604  -5.5953e-17     0.044516 -6.23498e-17   0.00684284 -2.04649e-17   -0.0198326  9.26427e-17   -0.0171265  3.70173e-17  -0.00579637  -1.2776e-18   0.00141223  8.55013e-17   0.00335611  4.20588e-17   0.00270582 -5.70946e-17   0.00155374 -7.65188e-17  0.000713404 -3.27145e-17  0.000267458   6.9847e-18  7.79342e-05  1.74009e-17  1.31805e-05  1.11058e-17 -2.93681e-06  3.75782e-18 -4.21245e-06  4.58149e-19 -2.59724e-06 -1.19795e-19 -1.23962e-06  3.95392e-20 -5.09769e-07  1.33401e-19 -1.87859e-07  1.09281e-19 -6.31817e-08  6.10862e-20 -1.95723e-08  2.94089e-20 -5.60889e-09  1.38686e-20 -1.48874e-09  6.58781e-21 -3.65478e-10  2.94723e-21 -8.26384e-11  1.10578e-21   -1.707e-11   2.7524e-22 -3.17246e-12 -1.67003e-23   -5.143e-13 -7.36039e-23  -6.7322e-14 -5.67341e-23 -5.18871e-15 -3.07745e-23   5.7091e-16 -1.31052e-23  3.75162e-16 -4.22097e-24  1.08386e-16 -7.77748e-25  2.42291e-17  1.49044e-25  4.64607e-18  2.20109e-25  7.93321e-19  1.23044e-25  1.22728e-19  4.94399e-26  1.73565e-20  1.58042e-26   2.2547e-21  4.09912e-27  2.69685e-22  8.33465e-28  2.97254e-23  1.10182e-28  3.01835e-24 -3.92612e-30  2.82004e-25 -8.75656e-30  2.41937e-26 -3.69801e-30  1.90053e-27 -1.12601e-30  1.36194e-28 -2.83583e-31  8.86176e-30 -6.14486e-32  5.20471e-31 -1.16008e-32  2.73877e-32 -1.91211e-33   1.2789e-33 -2.74228e-34  5.23181e-35 -3.39648e-35  1.84092e-36 -3.59131e-36  5.41284e-38 -3.19034e-37  1.26106e-39   -2.332e-38   2.0461e-41 -1.36683e-39   1.1728e-43 -6.23421e-41 -4.79268e-45 -2.14452e-42 -1.68621e-46 -5.39199e-44 -2.57172e-48 -9.24968e-46 -1.76596e-50 -7.38094e-48
-6.00729e-17   0.00492578 -2.96176e-17   -0.0226262  3.70713e-17  0.000472142 -6.23498e-17    0.0385456 -8.42602e-17    0.0105386  -1.2022e-17   -0.0158741   7.8108e-17   -0.0180501  1.37777e-17  -0.00900849  5.85742e-17  -0.00117313  1.22261e-16   0.00219483  3.01515e-17   0.00253604 -8.01454e-17   0.00178288 -8.96846e-17  0.000990326 -3.57405e-17  0.000468832   7.9848e-18  0.000195518  1.88911e-17   7.3033e-05  1.23492e-17  2.46441e-05  4.81158e-18  7.54314e-06  1.31923e-18  2.09989e-06  4.91498e-19  5.35065e-07  4.12354e-19  1.27599e-07  3.39337e-19  3.03182e-08  2.19516e-19  8.05616e-09  1.20091e-19  2.60035e-09  6.04477e-20  9.59557e-10  2.93557e-20  3.59493e-10  1.36844e-20  1.27367e-10  5.84544e-21  4.16152e-11   2.1228e-21  1.24789e-11  5.61305e-22  3.44048e-12   3.3209e-23  8.75053e-13 -8.01845e-23   2.0598e-13 -6.73903e-23  4.49929e-14 -3.59645e-23  9.13813e-15 -1.43623e-23  1.72813e-15  -4.0276e-24  3.04567e-16 -4.03913e-25  5.00454e-17  3.67768e-25  7.66693e-18  3.05188e-25  1.09469e-18  1.46707e-25  1.45562e-19  5.35848e-26   1.8005e-20  1.57859e-26   2.0685e-21  3.75341e-27  2.20273e-22  6.72769e-28  2.16873e-23  6.08262e-29   1.9679e-24 -1.54764e-29  1.63911e-25 -1.07388e-29   1.2468e-26  -3.8514e-30  8.60357e-28 -1.07231e-30  5.33749e-29 -2.51632e-31  2.93894e-30 -5.10813e-32  1.40788e-31 -9.04024e-33  5.66297e-33 -1.39443e-33  1.76599e-34 -1.86498e-34  3.17687e-36 -2.14286e-35 -5.92064e-38 -2.08694e-36  -8.4118e-39 -1.69191e-37 -4.40683e-40 -1.11594e-38 -1.59156e-41   -5.825e-40 -4.29602e-43   -2.333e-41 -8.61031e-45 -6.94425e-43 -1.20667e-46 -1.47059e-44 -1.02332e-48 -1.88944e-46 -3.35924e-51
  0.00122384 -4.91272e-17   0.00237895 -2.90976e-17   -0.0251934 -5.78431e-18   0.00684284 -8.42602e-17     0.034784 -1.05397e-16     0.012838 -6.44955e-18   -0.0121356  3.45866e-17   -0.0178226  1.77869e-17   -0.0114141  1.23015e-16   -0.0038099  1.46048e-16   0.00052157  1.12338e-17   0.00183524 -1.02556e-16   0.00164802 -9.92941e-17    0.0010712 -3.68676e-17  0.000582486  8.79947e-18  0.000279993  1.96565e-17  0.000122509  1.33005e-17  4.97198e-05  6.03732e-18  1.89752e-05  2.50587e-18  6.88249e-06  1.37607e-18  2.39201e-06  9.62507e-19  8.01189e-07  6.49254e-19  2.59444e-07  3.87516e-19  8.12751e-08  2.09274e-19  2.45925e-08  1.05996e-19  7.16561e-09   5.1113e-20  2.00289e-09  2.31511e-20  5.34952e-10  9.50441e-21  1.36038e-10  3.34097e-21  3.28353e-11  8.90075e-22  7.50279e-12  9.16881e-23  1.61948e-12 -8.24711e-23  3.29622e-13 -7.39252e-23  6.31635e-14 -3.79822e-23   1.1379e-14 -1.38464e-23  1.92452e-15 -3.12219e-24  3.05134e-16  1.53124e-25  4.52811e-17  5.93844e-25   6.2779e-18  3.68746e-25  8.11436e-19  1.56545e-25  9.75239e-20  5.22494e-26  1.08639e-20  1.41531e-26  1.11709e-21  3.04787e-27   1.0545e-22  4.58419e-28  9.06921e-24  1.08466e-29  7.02707e-25 -2.39447e-29  4.81659e-26 -1.13322e-29  2.82262e-27 -3.58632e-30  1.30443e-28 -9.20231e-31  3.44667e-30 -2.01536e-31 -1.28261e-31 -3.83149e-32 -2.69329e-32 -6.34877e-33 -2.39828e-33  -9.1465e-34 -1.57543e-34 -1.13773e-34 -8.39255e-36 -1.20842e-35 -3.72698e-37 -1.07913e-36 -1.38686e-38 -7.94069e-38 -4.29487e-40 -4.69613e-39 -1.08796e-41 -2.16788e-40 -2.18571e-43  -7.5671e-42 -3.29903e-45 -1.92638e-43 -3.37831e-47 -3.30155e-45 -1.85156e-49  -2.5792e-47
  9.7619e-17   0.00370297   1.9229e-17  -0.00355801  1.15837e-17   -0.0234474 -2.04649e-17    0.0105386 -1.05397e-16    0.0323139 -1.10002e-16    0.0144486 -2.07451e-17  -0.00872812 -1.07061e-17   -0.0168216   4.9627e-17   -0.0129914  1.82966e-16  -0.00620691  1.54586e-16  -0.00140249 -1.37079e-17  0.000719636 -1.22208e-16   0.00115265 -1.04498e-16  0.000912484 -3.60914e-17  0.000561316  9.48026e-18  0.000297034  1.99283e-17  0.000141104  1.41806e-17  6.15706e-05  7.53543e-18  2.50264e-05  4.02827e-18  9.56176e-06  2.51831e-18  3.45399e-06  1.67759e-18  1.18382e-06  1.05559e-18   3.8569e-07  6.07447e-19   1.1952e-07  3.23693e-19  3.52194e-08  1.62291e-19  9.86021e-09  7.66922e-20  2.61961e-09  3.36378e-20  6.59533e-10  1.32935e-20  1.57128e-10  4.51035e-21  3.53712e-11  1.17861e-21  7.51233e-12  1.37708e-22  1.50302e-12 -8.28625e-23   2.8283e-13 -7.52978e-23  4.99682e-14 -3.62353e-23  8.27188e-15 -1.15818e-23  1.28007e-15 -1.69528e-24  1.84639e-16  7.60588e-25  2.47318e-17  7.71903e-25  3.06094e-18  3.95861e-25  3.47555e-19  1.50836e-25  3.58128e-20  4.61173e-26    3.288e-21  1.14252e-26  2.59506e-22  2.18178e-27  1.60934e-23  2.45605e-28  5.22927e-25 -2.82211e-29 -4.45779e-26 -2.77576e-29 -1.12393e-26 -1.05728e-29 -1.43674e-27 -3.01753e-30 -1.41786e-28 -7.17348e-31 -1.17733e-29 -1.46769e-31 -8.47451e-31 -2.61166e-32 -5.34756e-32 -4.04581e-33 -2.96613e-33 -5.43183e-34 -1.44275e-34 -6.26477e-35 -6.11646e-36 -6.12655e-36 -2.23846e-37 -4.99201e-37 -6.97688e-39 -3.31461e-38 -1.81735e-40 -1.74595e-39 -3.84956e-42 -7.07619e-41  -6.3552e-44 -2.13362e-42  -7.6005e-46 -4.55091e-44 -5.68053e-48  -5.7976e-46 -1.69932e-50
  2.8991e-05  1.06795e-16   0.00540572  8.51881e-17  -0.00988082  6.51059e-17   -0.0198326  -1.2022e-17     0.012838 -1.10002e-16    0.0305891 -1.01321e-16    0.0157036  -5.3037e-17  -0.00561746 -3.42998e-17   -0.0152819  1.03519e-16   -0.0137779  2.31627e-16  -0.00815982  1.47361e-16  -0.00331661 -4.22561e-17 -0.000624791 -1.37217e-16  0.000386604 -1.05075e-16  0.000540117 -3.36487e-17  0.000402958  1.01255e-17  0.000237292  2.00338e-17  0.000120929  1.52354e-17   5.5407e-05  9.37177e-18  2.32807e-05  5.84736e-18  9.07465e-06  3.85873e-18  3.30464e-06  2.51022e-18  1.12916e-06  1.52554e-18  3.62942e-07  8.57443e-19  1.09891e-07  4.49496e-19  3.13588e-08  2.21238e-19  8.43334e-09  1.01839e-19  2.13627e-09  4.31726e-20  5.09265e-10  1.64175e-20  1.14111e-10  5.35515e-21  2.39943e-11  1.34766e-21  4.72491e-12  1.54872e-22  8.68993e-13 -8.24922e-23  1.48734e-13  -7.1087e-23  2.35709e-14 -3.09854e-23  3.43293e-15 -8.06966e-24  4.54017e-16 -8.90632e-26  5.33743e-17  1.27226e-24  5.33278e-18  8.61929e-25  3.98499e-19  3.82461e-25  8.90978e-21  1.32076e-25 -3.99107e-21  3.69781e-26 -1.01814e-21  8.29494e-27 -1.66874e-22  1.34933e-27 -2.22318e-23   7.5114e-29 -2.56444e-24 -5.08539e-29 -2.62601e-25 -2.70577e-29 -2.41427e-26 -8.86695e-30 -2.00251e-27 -2.31263e-30 -1.50043e-28 -5.11124e-31 -1.01442e-29 -9.77408e-32 -6.16973e-31 -1.62648e-32 -3.35975e-32 -2.35148e-33 -1.62752e-33  -2.9345e-34 -6.95466e-35 -3.12727e-35 -2.59358e-36  -2.8035e-36 -8.32671e-38 -2.07318e-37 -2.26113e-39 -1.23437e-38 -5.07124e-41 -5.75071e-40 -9.07667e-43 -2.03025e-41 -1.22754e-44 -5.22198e-43 -1.13508e-46  -8.9609e-45 -5.67993e-49  -6.9017e-47
-9.00486e-17   0.00121503  5.08672e-17   0.00473599  1.02566e-16   -0.0145396  9.26427e-17   -0.0158741 -6.44955e-18    0.0144486 -1.01321e-16    0.0293581 -9.85035e-17     0.016778 -9.16273e-17  -0.00273068 -2.64239e-17   -0.0133352  1.68472e-16   -0.0138168  2.62546e-16  -0.00951997  1.25047e-16  -0.00497806 -7.17165e-17   -0.0019763 -1.46628e-16 -0.000498493 -1.01591e-16  3.95391e-05 -3.00368e-17  0.000149148  1.08241e-17  0.000119092  2.02876e-17  6.94805e-05  1.66382e-17   3.4202e-05  1.15253e-17  1.49278e-05  7.85526e-18  5.91252e-06  5.28805e-18  2.15184e-06  3.37773e-18  7.24809e-07  2.00339e-18  2.26881e-07  1.10282e-18  6.61382e-08  5.66788e-19   1.7967e-08  2.72477e-19  4.54579e-09  1.21744e-19  1.06918e-09   4.9802e-20  2.32978e-10  1.81955e-20  4.67656e-11  5.67863e-21  8.56511e-12  1.35509e-21  1.40702e-12   1.3932e-22  2.00214e-13  -8.0445e-23  2.25514e-14 -6.16881e-23  1.32157e-15 -2.32866e-23 -2.26433e-16 -4.10173e-24 -1.06005e-16  1.33391e-24 -2.61174e-17  1.58254e-24 -5.08667e-18  8.52176e-25 -8.54731e-19  3.35503e-25 -1.28082e-19  1.05553e-25 -1.73841e-20  2.69601e-26 -2.15417e-21  5.37646e-27 -2.44709e-22  6.81602e-28 -2.55295e-23 -3.53468e-29 -2.44667e-24 -5.76024e-29 -2.15214e-25  -2.3182e-29 -1.73433e-26 -6.75896e-30 -1.27697e-27 -1.62446e-30  -8.5594e-29 -3.34525e-31 -5.19905e-30 -5.97872e-32 -2.84534e-31 -9.29281e-33 -1.39318e-32 -1.25122e-33 -6.04995e-34 -1.44708e-34 -2.30511e-35 -1.41941e-35 -7.60324e-37 -1.16083e-36 -2.13462e-38 -7.74592e-38 -4.99054e-40 -4.10824e-39 -9.43179e-42 -1.68039e-40 -1.37965e-43 -5.11958e-42 -1.45308e-45 -1.09939e-43  -9.5253e-48 -1.39416e-45 -2.48704e-50
-0.000263666 -1.19153e-16   0.00310941 -1.68456e-17   0.00188441  7.57508e-17   -0.0171265   7.8108e-17   -0.0121356 -2.07451e-17    0.0157036 -9.85035e-17    0.0285029 -1.19715e-16    0.0177842 -1.25292e-16  1.60911e-05  8.39778e-18   -0.0110428  2.29317e-16   -0.0131384  2.69447e-16   -0.0101769    8.896e-17   -0.0061762 -1.00143e-16   -0.0031124 -1.50802e-16  -0.00132532 -9.53444e-17 -0.000471059 -2.59245e-17 -0.000130721  1.16318e-17 -2.05391e-05   2.0903e-17  5.07153e-06  1.84217e-17  6.45639e-06  1.38637e-17  3.69575e-06  9.87515e-18  1.62366e-06  6.65609e-18  6.04365e-07  4.17363e-18  1.96937e-07  2.42135e-18  5.66977e-08   1.3043e-18  1.43269e-08  6.55043e-19  3.08796e-09  3.06478e-19   5.2032e-10  1.32574e-19  4.45466e-11   5.2239e-20 -1.20441e-11  1.82933e-20 -8.19359e-12  5.43199e-21 -2.97697e-12  1.21038e-21 -8.57537e-13  1.00225e-22 -2.13713e-13 -7.47506e-23 -4.76717e-14 -4.84418e-23 -9.67749e-15 -1.46669e-23  -1.8044e-15   -4.853e-25  -3.1069e-16  2.31283e-24 -4.95625e-17   1.6562e-24 -7.33871e-18   7.5874e-25 -1.00953e-18  2.68845e-25 -1.29044e-19  7.71669e-26 -1.53212e-20  1.78279e-26 -1.68807e-21  3.05188e-27 -1.72355e-22  2.28491e-28 -1.62771e-23 -8.87441e-29 -1.41845e-24 -5.28856e-29 -1.13725e-25 -1.78542e-29 -8.35909e-27 -4.71992e-30 -5.60852e-28 -1.05094e-30 -3.41714e-29 -2.01902e-31  -1.8787e-30 -3.37081e-32 -9.24839e-32 -4.88606e-33 -4.03757e-33 -6.11175e-34 -1.54445e-34 -6.52865e-35 -5.09708e-36 -5.86884e-36 -1.42226e-37 -4.35561e-37 -3.26501e-39 -2.60639e-38 -5.93233e-41 -1.22284e-39 -8.03852e-43 -4.35625e-41 -7.31077e-45 -1.13032e-42 -3.47188e-47 -1.94446e-44 -9.76726e-51 -1.48342e-46
 3.30718e-17 -3.10122e-05  -1.0333e-16   0.00455348 -5.20563e-17  -0.00197688  3.70173e-17   -0.0180501  3.45866e-17  -0.00872812  -5.3037e-17     0.016778 -1.19715e-16     0.027966 -1.68353e-16     0.018808 -1.46564e-16   0.00270937  5.67335e-17   -0.0084224  2.70201e-16    -0.011763  2.48004e-16   -0.0100581  4.11436e-17  -0.00675222   -1.266e-16  -0.00384758 -1.51156e-16  -0.00193289 -8.79457e-17  -0.00087622 -2.19197e-17 -0.000364633   1.2599e-17 -0.000141396  2.19531e-17 -5.18564e-05  2.04636e-17 -1.82647e-05  1.61573e-17 -6.27037e-06  1.16854e-17 -2.12238e-06  7.79653e-18 -7.11804e-07  4.78919e-18 -2.35893e-07  2.71563e-18  -7.6587e-08  1.42851e-18 -2.40965e-08  6.98978e-19 -7.27293e-09  3.17382e-19 -2.08921e-09  1.32621e-19 -5.68017e-10  5.02341e-20 -1.45642e-10   1.6808e-20 -3.51388e-11  4.71765e-21 -7.96676e-12  9.64935e-22 -1.69596e-12  5.36999e-23 -3.38802e-13 -6.41427e-23 -6.34872e-14 -3.34566e-23 -1.11543e-14 -6.66755e-24  -1.8365e-15  2.19981e-24 -2.83174e-16  2.75128e-24 -4.08583e-17  1.52565e-24 -5.51108e-18  6.14748e-25 -6.94042e-19  1.97554e-25 -8.14849e-20  5.16061e-26 -8.90279e-21  1.06074e-26 -9.03221e-22  1.44449e-27 -8.48709e-23  -2.5891e-29 -7.36341e-24 -1.00123e-28 -5.87682e-25 -4.22304e-29 -4.29533e-26 -1.25276e-29 -2.85918e-27 -3.03723e-30 -1.72136e-28 -6.28633e-31 -9.29015e-30 -1.12723e-31 -4.44133e-31 -1.75635e-32 -1.84924e-32 -2.36958e-33 -6.53241e-34 -2.74569e-34   -1.868e-35 -2.69872e-35 -3.87596e-37 -2.21277e-36 -3.55307e-39 -1.48183e-37  1.16252e-40 -7.90006e-39  6.62381e-42  -3.2547e-40  1.72949e-43 -1.00011e-41  2.75432e-45 -2.16137e-43  2.51631e-47 -2.73522e-45  8.83879e-50
-0.000205701  4.52727e-17  0.000923865 -6.17377e-17   0.00472076 -4.34209e-17  -0.00579637  1.37777e-17   -0.0178226 -1.07061e-17  -0.00561746 -9.16273e-17    0.0177842 -1.68353e-16    0.0277257 -2.30733e-16     0.019923 -1.50881e-16   0.00543131  1.03132e-16  -0.00547455  2.79391e-16  -0.00971996  1.98096e-16  -0.00914521 -1.51592e-17  -0.00662456 -1.50686e-16  -0.00406954  -1.4937e-16  -0.00221524 -8.06928e-17  -0.00109614 -1.83106e-17 -0.000501501   1.3809e-17 -0.000214758  2.33751e-17 -8.68513e-05  2.25181e-17 -3.33795e-05  1.81238e-17 -1.22398e-05  1.30615e-17 -4.29031e-06  8.56133e-18 -1.43788e-06  5.13847e-18 -4.60313e-07  2.84249e-18 -1.40522e-07  1.45671e-18  -4.0824e-08   6.9262e-19 -1.12638e-08  3.04471e-19 -2.94604e-09  1.22635e-19 -7.29216e-10  4.45453e-20 -1.70578e-10  1.41857e-20 -3.76626e-11  3.73464e-21 -7.84073e-12   6.8691e-22 -1.53758e-12  1.46511e-23 -2.83757e-13 -4.92171e-23 -4.92339e-14  -1.9083e-23 -8.02319e-15 -4.22311e-25 -1.22659e-15  3.72154e-24 -1.75696e-16  2.70781e-24 -2.35439e-17  1.26459e-24  -2.9463e-18  4.56274e-25 -3.43593e-19  1.33368e-25  -3.7246e-20    3.147e-26 -3.74144e-21  5.57314e-27 -3.46946e-22  4.83825e-28 -2.95556e-23  -1.3276e-28 -2.29837e-24 -8.74884e-29 -1.61746e-25 -3.02409e-29  -1.0172e-26 -8.07855e-30 -5.60236e-28 -1.80899e-30 -2.60339e-29 -3.48733e-31 -9.34377e-31 -5.83581e-32 -1.79249e-32 -8.47418e-33  6.68124e-34 -1.06162e-33  9.35896e-35 -1.13577e-34  5.95528e-36 -1.02284e-35  2.73284e-37    -7.61e-37  9.76153e-39 -4.57056e-38  2.74073e-40 -2.15602e-39  5.92822e-42 -7.73679e-41  9.41423e-44 -2.02279e-42  9.97759e-46 -3.49106e-44  5.63039e-48 -2.64634e-46
 5.73764e-18 -0.000319113  4.87383e-17   0.00226639 -1.11746e-17   0.00354083  -1.2776e-18  -0.00900849  1.77869e-17   -0.0168216 -3.42998e-17  -0.00273068 -1.25292e-16     0.018808 -2.30733e-16    0.0277837 -2.83474e-16    0.0211925 -1.36192e-16   0.00824642  1.35228e-16  -0.00221272  2.52693e-16  -0.00707658  1.24794e-16  -0.00749648 -7.52847e-17  -0.00581209 -1.71818e-16  -0.00376438 -1.46519e-16  -0.00214562 -7.40789e-17  -0.00110617  -1.4953e-17 -0.000524499  1.53676e-17  -0.00023123  2.49908e-17 -9.54731e-05  2.42728e-17 -3.70967e-05  1.94882e-17 -1.36055e-05  1.38241e-17 -4.71803e-06  8.85361e-18 -1.54817e-06  5.17845e-18 -4.80785e-07  2.78853e-18 -1.41271e-07  1.38896e-18 -3.92562e-08  6.40208e-19 -1.03097e-08  2.71857e-19 -2.55715e-09  1.05313e-19 -5.98582e-10  3.65785e-20 -1.32133e-10  1.10346e-20 -2.74828e-11  2.69997e-21 -5.38135e-12  4.35126e-22    -9.91e-13 -8.78902e-24 -1.71444e-13 -3.23128e-23 -2.78269e-14 -7.25774e-24 -4.23085e-15  3.56688e-24 -6.01437e-16  4.17339e-24 -7.97518e-17  2.33628e-24  -9.8356e-18  9.54924e-25 -1.12388e-18  3.11468e-25 -1.18382e-19  8.26827e-26  -1.1413e-20  1.73533e-26 -9.96392e-22  2.47016e-27 -7.74113e-23  3.41603e-30 -5.17957e-24 -1.50175e-28 -2.76215e-25 -6.56926e-29 -8.68139e-27 -1.97416e-29  3.26938e-28  -4.8171e-30  8.61989e-29 -1.00067e-30  9.21205e-30 -1.79849e-31  7.31287e-31 -2.80672e-32  4.76963e-32 -3.79145e-33  2.63648e-33 -4.39823e-34  1.24577e-34 -4.32837e-35  5.01949e-36 -3.55484e-36  1.70695e-37 -2.38651e-37  4.81123e-39 -1.27724e-38  1.09272e-40 -5.29212e-40  1.91371e-42 -1.63792e-41  2.40096e-44 -3.56115e-43  1.86693e-46 -4.50483e-45  5.81842e-49
-0.000102459  9.81692e-18 -6.05251e-05  4.95067e-17   0.00337277  3.95689e-17   0.00141223  5.85742e-17   -0.0114141   4.9627e-17   -0.0152819 -2.64239e-17  1.60911e-05 -1.46564e-16     0.019923 -2.83474e-16    0.0281526 -3.04698e-16    0.0226588 -1.04137e-16    0.0111797   1.4585e-16   0.00130267  1.93861e-16  -0.00396769  3.73871e-17  -0.00526523  -1.3357e-16   -0.0044425 -1.88795e-16  -0.00302014 -1.42609e-16   -0.0017779 -6.77152e-17 -0.000937034 -1.13959e-17 -0.000450478  1.73257e-17 -0.000199832  2.65307e-17 -8.24098e-05  2.54137e-17 -3.17513e-05  2.00416e-17 -1.14666e-05  1.38774e-17 -3.88974e-06  8.64882e-18 -1.24105e-06  4.91756e-18 -3.72704e-07  2.57213e-18 -1.05388e-07  1.24249e-18 -2.80601e-08  5.53969e-19 -7.03335e-09  2.26746e-19 -1.65895e-09  8.42767e-20 -3.67989e-10  2.78952e-20 -7.67025e-11  7.92666e-21 -1.50068e-11  1.78306e-21 -2.75211e-12  2.43592e-22 -4.72237e-13 -1.62832e-23 -7.56386e-14 -1.64206e-23  -1.1273e-14  9.69237e-25 -1.55646e-15  5.40843e-24 -1.97829e-16  3.85395e-24 -2.29229e-17  1.81339e-24 -2.38226e-18  6.61792e-25 -2.15219e-19  1.95893e-25 -1.56846e-20  4.69055e-26 -6.89876e-22  8.49229e-27  3.32822e-23  7.98881e-28  1.29539e-23 -1.76009e-28  2.00472e-24 -1.25432e-28  2.34278e-25 -4.40944e-29  2.30062e-26 -1.18667e-29   1.9683e-27  -2.6677e-30  1.48869e-28 -5.15458e-31  1.00071e-29  -8.6385e-32  5.98001e-31 -1.25569e-32   3.1665e-32  -1.5744e-33   1.4765e-33 -1.68573e-34  6.00652e-35 -1.51967e-35  2.10427e-36 -1.13242e-36  6.23575e-38 -6.81899e-38  1.52431e-39 -3.23006e-39  2.96316e-41 -1.16607e-40  4.32589e-43 -3.06937e-42  4.28646e-45 -5.31701e-44  2.28946e-47 -4.01332e-46
-6.43608e-18 -0.000249174   7.8271e-18  0.000640136  4.95556e-17   0.00378284  8.55013e-17  -0.00117313  1.23015e-16   -0.0129914  1.03519e-16   -0.0133352  8.39778e-18   0.00270937 -1.50881e-16    0.0211925 -3.04698e-16    0.0288377  -2.8349e-16    0.0243234 -6.12965e-17    0.0141898  1.32708e-16   0.00493549  1.12337e-16 -0.000612534 -5.29761e-17  -0.00269759 -1.84283e-16  -0.00273568 -1.99875e-16  -0.00200404 -1.36724e-16  -0.00122467  -6.0693e-17 -0.000657443 -7.18212e-18 -0.000317997  1.95809e-17 -0.000140603  2.76681e-17 -5.73426e-05  2.56886e-17 -2.16979e-05  1.96855e-17 -7.64728e-06   1.3229e-17  -2.5169e-06  7.99788e-18 -7.74843e-07   4.4108e-18 -2.23339e-07  2.23637e-18 -6.02968e-08  1.04554e-18 -1.52461e-08  4.49994e-19  -3.6083e-09  1.77153e-19 -7.98445e-10  6.30027e-20 -1.64897e-10  1.97932e-20 -3.16992e-11  5.26278e-21 -5.64969e-12  1.07463e-21 -9.27908e-13   1.1976e-22 -1.39074e-13 -1.27282e-23 -1.86998e-14 -3.93516e-24 -2.17993e-15  5.53644e-24 -2.02029e-16  5.61673e-24 -1.01114e-17  3.12046e-24  1.20743e-18  1.28376e-24  4.82125e-19  4.22702e-25  9.68278e-20  1.13438e-25  1.52257e-20  2.41372e-26  2.05263e-21  3.52752e-27  2.45306e-22  4.19867e-29  2.63824e-23 -1.98565e-28  2.57181e-24 -8.90152e-29  2.27928e-25 -2.69811e-29   1.8374e-26 -6.61136e-30   1.3455e-27 -1.37658e-30   8.9252e-29 -2.47745e-31  5.34043e-30 -3.86958e-32   2.8661e-31 -5.23022e-33  1.36948e-32 -6.07013e-34    5.771e-34 -5.97699e-35  2.11861e-35 -4.91315e-36  6.66751e-37 -3.30365e-37  1.76017e-38 -1.77308e-38  3.78061e-40 -7.38021e-40  6.31266e-42  -2.2984e-41  7.60388e-44 -5.02602e-43  5.71017e-46 -6.36234e-45  1.72643e-48
-3.77441e-05 -1.23352e-17 -0.000278091 -1.25294e-18    0.0015539  4.78209e-17   0.00335611  1.22261e-16   -0.0038099  1.82966e-16   -0.0137779  1.68472e-16   -0.0110428  5.67335e-17   0.00543131 -1.36192e-16    0.0226588  -2.8349e-16    0.0298117 -2.24167e-16      0.02612  -1.8758e-17    0.0171467  9.70547e-17    0.0084631  1.99308e-17   0.00269457 -1.35835e-16  -0.00010207 -2.22641e-16 -0.000960604 -2.03266e-16 -0.000918351 -1.27641e-16 -0.000620404 -5.21707e-17 -0.000347788 -2.15444e-18 -0.000170735  2.18329e-17 -7.52722e-05   2.8077e-17 -3.02168e-05    2.496e-17  -1.1136e-05  1.84519e-17 -3.78653e-06  1.19862e-17 -1.19133e-06  7.01213e-18 -3.47261e-07  3.74366e-18 -9.37685e-08  1.83652e-18 -2.34164e-08  8.29412e-19 -5.38867e-09  3.43906e-19 -1.13524e-09  1.29916e-19 -2.16363e-10  4.40717e-20  -3.6456e-11  1.30797e-20 -5.15412e-12  3.22912e-21 -5.17783e-13  5.90483e-22   -1.386e-15  5.24909e-23  1.67793e-14 -4.51462e-24  5.64927e-15  4.07036e-24  1.33718e-15  7.12846e-24  2.64529e-16  4.84796e-24  4.61246e-17  2.27611e-24  7.25366e-18  8.35423e-25  1.04084e-18  2.49259e-25  1.37129e-19    6.025e-26  1.66429e-20   1.1054e-26  1.86354e-21  1.08306e-27  1.92561e-22 -2.11985e-28  1.83491e-23 -1.58559e-28  1.60998e-24 -5.63077e-29   1.2978e-25 -1.52209e-29  9.58221e-27 -3.42958e-30  6.45563e-28  -6.6349e-31  3.94976e-29 -1.11268e-31  2.18189e-30 -1.61798e-32  1.08048e-31 -2.02905e-33   4.7541e-33 -2.17293e-34  1.83799e-34 -1.95956e-35  6.15506e-36 -1.46142e-36  1.75208e-37 -8.81523e-38  4.13175e-39 -4.18898e-39   7.7784e-41 -1.51988e-40  1.10368e-42  -4.0253e-42  1.06645e-44   -7.001e-44  5.57052e-47 -5.26947e-46
-1.96777e-18 -0.000132052 -2.01264e-17 -4.22896e-05 -1.61544e-17   0.00233477  4.20588e-17   0.00219483  1.46048e-16  -0.00620691  2.31627e-16   -0.0138168  2.29317e-16   -0.0084224  1.03132e-16   0.00824642 -1.04137e-16    0.0243234 -2.24167e-16    0.0309856  -1.4436e-16    0.0278949  1.05516e-17    0.0198299  4.25663e-17    0.0115955 -7.19706e-17   0.00562525 -2.03163e-16   0.00220621 -2.45534e-16  0.000623479 -1.97776e-16  5.08404e-05 -1.14564e-16 -8.34622e-05 -4.18735e-17 -7.55422e-05  3.39937e-18 -4.34676e-05  2.36376e-17 -2.01378e-05  2.75116e-17 -8.00305e-06  2.32393e-17 -2.79196e-06  1.64955e-17 -8.59684e-07  1.03288e-17 -2.31598e-07  5.83582e-18 -5.28953e-08  3.01105e-18 -9.29729e-09  1.42677e-18 -7.40926e-10   6.2133e-19  3.02596e-10  2.47693e-19  1.99084e-10  8.95581e-20  7.54279e-11  2.88748e-20  2.29279e-11  8.05117e-21  6.05589e-12  1.82994e-21  1.43516e-12  2.96551e-22  3.10107e-13  2.30368e-23  6.16538e-14  3.32384e-24  1.13406e-14  7.84984e-24  1.93653e-15   6.7686e-24  3.07637e-16  3.68622e-24  4.55186e-17   1.5168e-24  6.27613e-18  5.01906e-25  8.06356e-19  1.35583e-25   9.6487e-20  2.90823e-26  1.07426e-20  4.30684e-27  1.11136e-21  7.04457e-29  1.06645e-22 -2.34983e-28  9.47108e-24 -1.06641e-28  7.76359e-25 -3.24675e-29   5.8549e-26 -7.97281e-30  4.04656e-27 -1.66183e-30  2.55124e-28 -2.99229e-31  1.45918e-29 -4.67448e-32  7.52051e-31 -6.31799e-33  3.46441e-32 -7.33179e-34  1.41213e-33 -7.21892e-35  5.02874e-35 -5.93537e-36  1.53902e-36  -3.9944e-37  3.95999e-38 -2.14809e-38  8.30787e-40 -8.97423e-40  1.35776e-41 -2.81016e-41  1.60401e-43 -6.17937e-43  1.18361e-45 -7.83359e-45    3.522e-48
-9.38429e-06 -5.29071e-18 -0.000218631 -3.11819e-17   0.00045174 -3.52556e-17   0.00270582  3.01515e-17   0.00052157  1.54586e-16  -0.00815982  2.62546e-16   -0.0131384  2.70201e-16  -0.00547455  1.35228e-16    0.0111797 -6.12965e-17      0.02612  -1.4436e-16    0.0321871 -6.82751e-17    0.0294077  1.59294e-17    0.0219562 -2.50886e-17    0.0140269  -1.5393e-16   0.00788141 -2.50047e-16   0.00397091 -2.51852e-16   0.00182309 -1.83335e-16  0.000774873 -9.76315e-17  0.000310282 -3.02837e-17  0.000119385  8.82423e-18  4.50181e-05  2.45444e-17  1.68821e-05  2.58796e-17   6.3225e-06  2.06877e-17  2.34789e-06  1.40595e-17  8.52688e-07  8.46984e-18  2.98494e-07  4.61478e-18   9.9566e-08  2.29773e-18  3.14027e-08     1.05e-18  9.32238e-09   4.4013e-19   2.5987e-09  1.68329e-19  6.79518e-10  5.80849e-20  1.66621e-10  1.77245e-20  3.83154e-11  4.61447e-21  8.26469e-12  9.57708e-22  1.67258e-12  1.38331e-22  3.17627e-13  1.37246e-23  5.66022e-14  8.24172e-24  9.46418e-15  8.49729e-24  1.48436e-15  5.44548e-24  2.18271e-16  2.53289e-24  3.00719e-17  9.30716e-25  3.87835e-18  2.78824e-25  4.67701e-19  6.77455e-26  5.26661e-20  1.25072e-26  5.52865e-21  1.24167e-27  5.39987e-22  -2.3562e-28  4.89578e-23 -1.78994e-28  4.10923e-24 -6.38054e-29  3.18289e-25 -1.72776e-29  2.26668e-26 -3.89607e-30  1.47761e-27 -7.53938e-31  8.77168e-29 -1.26431e-31  4.71268e-30 -1.83804e-32  2.27444e-31 -2.30422e-33  9.77104e-33 -2.46671e-34  3.69431e-34   -2.224e-35  1.21165e-35 -1.65893e-36  3.38252e-37 -1.00168e-37  7.83293e-39 -4.77151e-39  1.44991e-40 -1.73873e-40  2.02542e-42 -4.63121e-42  1.92928e-44 -8.08878e-44  9.94613e-47 -6.07667e-46
 8.47436e-19 -5.53328e-05 -1.00438e-17   -0.0001923  -4.5364e-17   0.00105235 -5.70946e-17   0.00253604  1.12338e-17  -0.00140249  1.47361e-16  -0.00951997  2.69447e-16    -0.011763  2.79391e-16  -0.00221272   1.4585e-16    0.0141898  -1.8758e-17    0.0278949 -6.82751e-17    0.0331616 -1.80755e-17    0.0303642 -7.29732e-18    0.0232402  -9.8348e-17    0.0155069 -2.18929e-16   0.00926238 -2.74589e-16   0.00504696 -2.42468e-16   0.00254522 -1.61207e-16   0.00120157 -7.80059e-17  0.000535673 -1.84795e-17  0.000226927  1.33409e-17  9.16926e-05  2.42513e-17  3.53919e-05   2.3277e-17   1.3046e-05  1.75822e-17  4.58602e-06  1.14231e-17   1.5343e-06  6.61255e-18  4.87513e-07  3.47019e-18  1.46836e-07  1.66521e-18  4.18559e-08  7.32763e-19  1.12777e-08  2.95113e-19  2.86952e-09  1.08025e-19  6.89009e-10  3.54567e-20  1.56039e-10  1.01912e-20  3.33154e-11  2.46106e-21   6.7034e-12  4.64322e-22  1.27061e-12  6.32238e-23  2.26783e-13   1.2237e-23  3.80953e-14   9.8836e-24  6.01915e-15  7.34165e-24  8.93902e-16  3.89105e-24   1.2467e-16  1.59375e-24  1.63119e-17  5.28041e-25  1.99983e-18  1.43074e-25   2.2941e-19  3.07922e-26  2.45834e-20  4.57285e-27   2.4561e-21  7.35377e-29  2.28271e-22  -2.5153e-28  1.96848e-23 -1.14244e-28  1.57028e-24 -3.48065e-29   1.1547e-25 -8.54965e-30   7.7951e-27 -1.78198e-30  4.80777e-28 -3.20773e-31  2.69375e-29  -5.0088e-32  1.36174e-30 -6.76607e-33  6.15969e-32 -7.84696e-34  2.46791e-33 -7.72175e-35   8.6466e-35 -6.34668e-36  2.60581e-36 -4.27224e-37  6.60801e-38 -2.30056e-38  1.36744e-39 -9.64044e-40  2.20626e-41 -3.03376e-41  2.57541e-43 -6.70729e-43  1.87954e-45 -8.51908e-45  5.53497e-48
-2.12443e-07  1.55279e-18  -0.00012173 -1.58863e-17    5.505e-06  -6.1146e-17   0.00155374 -8.01454e-17   0.00183524 -1.37079e-17  -0.00331661  1.25047e-16   -0.0101769  2.48004e-16  -0.00971996  2.52693e-16   0.00130267  1.32708e-16    0.0171467  1.05516e-17    0.0294077 -1.80755e-17    0.0336054 -6.68196e-18    0.0304796 -5.58586e-17    0.0234699 -1.68229e-16     0.015908 -2.62423e-16   0.00971028 -2.77503e-16   0.00542215 -2.19981e-16   0.00280104  -1.3382e-16   0.00134958 -5.75627e-17  0.000609954 -7.74641e-18  0.000259596  1.63246e-17  0.000104292  2.27054e-17  3.96036e-05  1.99682e-17  1.42235e-05  1.42537e-17  4.83185e-06  8.84747e-18  1.55232e-06  4.91749e-18  4.71498e-07  2.48324e-18  1.35353e-07  1.14706e-18  3.67118e-08  4.85327e-19   9.4051e-09  1.87433e-19  2.27523e-09  6.54897e-20  5.19608e-10  2.03687e-20  1.11996e-10  5.48526e-21  2.27758e-11  1.22153e-21  4.36862e-12  2.11245e-22  7.90016e-13  3.17578e-23  1.34628e-13  1.20742e-23  2.16066e-14  9.13334e-24  3.26348e-15  5.50223e-24    4.635e-16  2.52372e-24  6.18388e-17  9.25079e-25  7.74117e-18  2.77383e-25  9.08015e-19   6.7502e-26  9.96398e-20  1.24671e-26  1.02101e-20  1.22652e-27  9.74905e-22 -2.43423e-28  8.65303e-23 -1.82185e-28  7.11898e-24 -6.48226e-29  5.41109e-25 -1.75413e-29  3.78539e-26 -3.95343e-30  2.42635e-27 -7.64584e-31  1.41752e-28 -1.28129e-31  7.50093e-30 -1.86131e-32  3.56817e-31 -2.33146e-33  1.51193e-32 -2.49378e-34  5.64186e-34 -2.24678e-35  1.82735e-35 -1.67532e-36  5.04078e-37 -1.01202e-37  1.15409e-38 -4.82962e-39  2.11337e-40 -1.76659e-40  2.92241e-42 -4.73087e-42  2.75745e-44 -8.29865e-44  1.40915e-46   -6.226e-46
 1.11026e-18  -1.8682e-05  2.39208e-18 -0.000154577 -2.21602e-17  0.000342434 -7.65188e-17   0.00178288 -1.02556e-16  0.000719636 -4.22561e-17  -0.00497806    8.896e-17   -0.0100581  1.98096e-16  -0.00707658  1.93861e-16   0.00493549  9.70547e-17    0.0198299  1.59294e-17    0.0303642 -6.68196e-18      0.03323 -3.44117e-17    0.0295564 -1.19368e-16    0.0225734 -2.25607e-16    0.0152635 -2.82444e-16   0.00931664 -2.61665e-16   0.00520191 -1.88259e-16   0.00268174 -1.04273e-16   0.00128505 -3.83504e-17  0.000575098  8.42571e-19  0.000241185  1.74961e-17  9.50106e-05  2.01106e-17  3.52142e-05  1.63159e-17  1.22934e-05  1.10182e-17  4.04547e-06  6.53373e-18  1.25555e-06  3.48507e-18  3.67638e-07   1.6921e-18  1.01587e-07  7.51529e-19   2.6494e-08  3.05255e-19  6.52217e-09  1.12803e-19  1.51557e-09  3.75063e-20  3.32409e-10   1.1006e-20   6.8807e-11  2.76185e-21  1.34389e-11  5.65944e-22   2.4759e-12  9.35134e-23  4.30099e-13  1.95645e-23  7.04124e-14  1.09623e-23  1.08567e-14  7.19401e-24  1.57537e-15  3.69919e-24   2.1493e-16  1.50317e-24  2.75406e-17  4.97206e-25  3.31021e-18  1.34723e-25  3.72649e-19  2.89761e-26  3.92246e-20  4.27659e-27  3.85274e-21   4.9943e-29  3.52321e-22 -2.45308e-28  2.99166e-23 -1.10421e-28   2.3516e-24  -3.3556e-29   1.7051e-25 -8.23151e-30  1.13571e-26 -1.71391e-30  6.91533e-28 -3.08221e-31  3.82724e-29 -4.80808e-32  1.91208e-30 -6.48827e-33  8.55194e-32  -7.5168e-34  3.38943e-33 -7.38932e-35  1.17523e-34 -6.06854e-36  3.50653e-36 -4.08392e-37  8.80732e-38 -2.20093e-38  1.80594e-39 -9.24639e-40  2.88848e-41 -2.92314e-41  3.34414e-43 -6.49724e-43  2.42207e-45 -8.27024e-45  7.08307e-48
