 8.03882e-09  4.76619e-22 -1.32848e-07 -6.44603e-21  8.35131e-07   3.3849e-20  -3.0359e-06 -1.19329e-19  7.18019e-06   2.9808e-19 -1.13489e-05 -5.45859e-19  1.13271e-05   7.5966e-19 -5.09334e-06 -8.04988e-19 -2.81742e-06  6.21552e-19  5.13241e-06 -3.01587e-19 -1.08624e-06   2.5539e-20 -2.57394e-06  9.08948e-20  1.46937e-06 -6.67289e-20  1.06438e-06 -1.47614e-21 -9.61679e-07  3.45823e-20 -4.41049e-07 -2.08531e-20  4.86996e-07 -4.60015e-21  2.06138e-07  1.24006e-20  -2.0024e-07 -4.44426e-21 -1.03393e-07 -2.56812e-21   6.1322e-08  2.05328e-21  4.64994e-08  5.15039e-22 -9.63984e-09 -8.30877e-22 -1.52519e-08  1.19411e-22 -1.60528e-09  7.17288e-23  2.66785e-09  1.62503e-23  1.01793e-09 -2.29257e-23 -4.20319e-11  1.64771e-24 -9.20292e-11  9.44197e-25 -1.61204e-11 -1.23005e-26 -4.38899e-13
 4.76619e-22  1.90946e-07  2.45201e-21 -1.76421e-06 -2.16702e-20  8.25139e-06  9.66332e-20  -2.4063e-05 -3.09038e-19  4.67293e-05  6.68449e-19  -5.9888e-05  -1.0547e-18   4.4305e-05  1.28974e-18 -4.85325e-06 -1.21888e-18 -2.43278e-05  8.40151e-19  1.81327e-05 -3.44032e-19  5.73583e-06 -5.08966e-20 -1.27941e-05  2.34254e-19  5.09297e-07 -1.99566e-19  6.84356e-06  4.42472e-20 -1.25525e-06  7.28927e-20 -3.30628e-06 -6.94446e-20  6.87927e-07  2.33712e-21  1.49857e-06  3.23146e-20 -1.89307e-07 -1.62038e-20  -6.1056e-07 -4.68596e-21 -2.08667e-08  5.03684e-21  1.99082e-07  1.28332e-21  4.85141e-08 -2.02574e-21 -4.08404e-08   3.6102e-22 -2.15815e-08  7.22055e-23  1.69172e-09  5.66831e-23  3.59612e-09 -4.04492e-23  7.76341e-10  1.03911e-24 -4.63577e-11  1.25534e-24 -2.72611e-11  2.16049e-26
-1.32848e-07  2.45201e-21  2.20028e-06  6.23944e-21 -1.38752e-05  -3.7649e-20   5.0662e-05  1.93229e-19 -0.000120569 -5.64261e-19  0.000192356  9.77238e-19 -0.000195117 -1.23917e-18  9.20338e-05  1.29975e-18  4.39939e-05 -1.18221e-18 -8.88946e-05  9.87846e-19   2.3027e-05 -7.38404e-19  4.26215e-05  3.06351e-19 -2.79793e-05  2.09301e-19  -1.6356e-05 -4.24072e-19  1.79983e-05  2.16584e-19  6.15513e-06  8.16694e-20 -9.17525e-06 -1.46005e-19 -2.73457e-06  2.22258e-20  3.91357e-06  6.03509e-20  1.42641e-06 -3.38681e-20 -1.32177e-06 -6.48734e-21 -7.03651e-07  7.53655e-21  2.88529e-07  2.75897e-21  2.62155e-07 -3.39286e-21  -8.1377e-09  7.26369e-22 -5.69102e-08 -2.68622e-23 -1.40439e-08  1.02351e-22    3.415e-09 -4.64018e-23  2.02141e-09 -9.83954e-25  2.41426e-10  8.99378e-25 -2.28349e-12
-6.44603e-21 -1.76421e-06  6.23944e-21  1.63519e-05  3.25719e-21 -7.68215e-05 -6.53515e-20  0.000225443  4.57025e-19  -0.00044181 -9.72749e-19   0.00057447  1.00907e-18 -0.000437797 -5.13113e-19  6.52192e-05 -8.14128e-20  0.000226819  1.64846e-19 -0.000185633  5.80704e-19 -4.24281e-05 -1.39632e-18   0.00012591  1.14189e-18 -1.52464e-05  -2.1503e-20 -6.51391e-05 -7.03283e-19  1.87187e-05  4.79987e-19  3.06823e-05  6.92016e-20 -1.04339e-05 -2.28908e-19 -1.38625e-05  3.50981e-20  3.80497e-06  9.49094e-20  5.83945e-06 -5.00186e-20 -6.69616e-07   -7.776e-21 -2.07413e-06  7.63187e-21 -1.93746e-07  4.64128e-21  5.15139e-07 -4.54419e-21   1.6979e-07  1.19922e-21 -5.50012e-08 -1.59713e-22 -4.02115e-08   1.2203e-22 -4.43785e-09 -4.21396e-23  1.63114e-09 -3.41026e-24  3.72194e-10  2.33198e-25
 8.35131e-07 -2.16702e-20 -1.38752e-05  3.25719e-21   8.7893e-05  1.05624e-20 -0.000322952  -4.6264e-19  0.000775526  1.73286e-18  -0.00125409 -2.54222e-18   0.00130224  1.76141e-18 -0.000656888  3.44123e-19 -0.000245411 -2.54738e-18  0.000592431  2.84499e-18  -0.00019456 -4.98974e-19 -0.000262832 -2.04513e-18   0.00020888  2.10394e-18  8.73212e-05 -2.88842e-19 -0.000130318 -9.83249e-19 -2.58769e-05  7.25179e-19  6.62137e-05  6.64672e-20  9.64742e-06 -2.82021e-19 -2.90725e-05  1.86594e-20 -5.55756e-06  1.26116e-19  1.06845e-05  -5.7283e-20  3.36825e-06 -6.58859e-21  -2.9068e-06  5.36007e-21 -1.54229e-06  5.66232e-21  3.97739e-07 -5.31434e-21  4.29628e-07  1.63739e-21  4.07242e-08 -1.86693e-22 -4.64004e-08  1.18894e-22 -1.49011e-08 -3.47925e-23 -7.10051e-10 -5.27881e-24  1.32378e-10
  3.3849e-20  8.25139e-06  -3.7649e-20 -7.68215e-05  1.05624e-20  0.000363198  2.32645e-19   -0.0010754  -2.2875e-18   0.00213496  5.54185e-18  -0.00283343 -6.94631e-18   0.00225043  5.15628e-18 -0.000460309 -4.62652e-19  -0.00105919 -4.67928e-18  0.000989783  5.67457e-18  0.000113454 -1.61127e-18 -0.000630728 -2.50549e-18  0.000148078  2.72614e-18  0.000307375 -3.86216e-19 -0.000136638 -1.19741e-18 -0.000137154  8.44234e-19  7.60875e-05  8.20727e-20  6.04998e-05 -2.67364e-19 -3.16083e-05 -2.56843e-20 -2.62637e-05  1.35855e-19   9.2376e-06  -5.5248e-20   1.0262e-05 -1.32251e-21 -1.16177e-06  4.00157e-21 -3.06776e-06   4.7902e-21  -4.0403e-07 -5.86143e-21  5.16509e-07  1.73279e-21  1.95411e-07 -3.88343e-23 -9.87366e-09  1.23535e-22 -1.58855e-08  -2.6032e-23 -2.16292e-09 -4.72962e-24
 -3.0359e-06  9.66332e-20   5.0662e-05 -6.53515e-20 -0.000322952  2.32645e-19   0.00119724  1.12322e-18  -0.00291163 -6.39195e-18   0.00479826  1.19659e-17  -0.00514659 -1.39705e-17   0.00283255   1.1169e-17  0.000686919 -3.05607e-18  -0.00230892 -5.68354e-18  0.000986812  7.28163e-18  0.000895133 -2.03806e-18 -0.000926708 -2.60222e-18  -0.00021207  2.71185e-18  0.000550684 -2.59729e-19  1.30934e-05 -1.25317e-18 -0.000274151  7.84201e-19  1.21446e-05  7.99013e-20  0.000122147 -1.70136e-19 -2.19874e-06 -6.36096e-20 -4.81061e-05  1.11738e-19 -4.09404e-06 -5.17835e-20  1.54325e-05   4.9673e-21  3.83795e-06  8.11096e-21 -3.30845e-06  2.58216e-21 -1.60738e-06  -6.3819e-21  2.20409e-07  1.25663e-21  2.81982e-07  2.02603e-22  4.68178e-08  1.42568e-22 -5.18879e-09 -1.42293e-23 -1.21038e-09
-1.19329e-19  -2.4063e-05  1.93229e-19  0.000225443  -4.6264e-19   -0.0010754  1.12322e-18    0.0032244  2.86146e-18  -0.00651854 -1.13494e-17    0.0088999  1.77773e-17  -0.00747037 -2.03382e-17    0.0020832  1.68282e-17   0.00300587 -5.40611e-18  -0.00339498  -5.5971e-18  9.44029e-05  6.86056e-18    0.0019637 -1.67717e-18 -0.000781295 -2.13137e-18 -0.000855891  2.06593e-18  0.000607543 -3.44343e-20  0.000336408 -1.05741e-18 -0.000332848  5.72289e-19 -0.000135637  2.27296e-21  0.000147852 -2.57138e-20   5.9874e-05 -4.76127e-20 -5.27301e-05  6.30625e-20 -2.66915e-05 -5.65012e-20  1.32753e-05  4.66897e-21  9.97358e-06  1.93526e-20 -1.32703e-06  8.96499e-22 -2.41084e-06 -6.81121e-21 -3.63807e-07  3.40452e-22  2.06305e-07   3.8375e-22  7.40258e-08  1.44857e-22  4.99968e-09 -3.48107e-24
 7.18019e-06 -3.09038e-19 -0.000120569  4.57025e-19  0.000775526  -2.2875e-18  -0.00291163  2.86146e-18   0.00720885  4.58405e-18   -0.0121986 -1.33838e-17     0.013675  1.88931e-17  -0.00839012 -2.27687e-17 -0.000730117  1.89487e-17   0.00590581 -5.74211e-18   -0.0033798 -4.31179e-18  -0.00176037  4.49006e-18   0.00274043 -1.05388e-18  3.41219e-05 -1.04708e-18  -0.00150494   1.0418e-18  0.000304429  8.62337e-20   0.00070955 -5.71884e-19 -0.000220522  3.14877e-19 -0.000311432 -1.81063e-19  9.89169e-05  8.44371e-20  0.000128953  4.61807e-20 -2.82854e-05  1.97076e-20 -4.76106e-05 -7.28297e-20  2.06981e-06 -7.86335e-21  1.35793e-05  3.42145e-20  2.30003e-06  1.14811e-21  -2.1477e-06 -6.85723e-21 -8.75079e-07 -5.78864e-22  1.20292e-08  4.03799e-22   5.1272e-08  1.05423e-22  5.15583e-09
  2.9808e-19  4.67293e-05 -5.64261e-19  -0.00044181  1.73286e-18   0.00213496 -6.39195e-18  -0.00651854  4.58405e-18     0.013524  4.69567e-18   -0.0192102 -1.00419e-17    0.0173479  1.51189e-17  -0.00653006 -2.10511e-17  -0.00529849  1.64564e-17   0.00804128 -4.15082e-18   -0.0016677 -1.57938e-18  -0.00396202  1.12198e-18   0.00261167 -7.41594e-19   0.00134136  4.21009e-19  -0.00177369 -2.42845e-20 -0.000329896 -7.87214e-20  0.000935106  1.44679e-19   6.2059e-05  1.58463e-19 -0.000426126 -4.42744e-19 -2.21734e-05  8.14507e-20  0.000169464  1.95316e-19  2.04489e-05  1.21593e-20 -5.51228e-05 -9.65321e-20 -1.43568e-05 -2.99596e-20  1.21194e-05  4.60714e-20  5.82359e-06  3.05335e-21 -8.31688e-07 -6.24993e-21 -9.82061e-07 -1.08486e-21 -1.55912e-07  2.76703e-22  9.60509e-09  4.40685e-23
-1.13489e-05  6.68449e-19  0.000192356 -9.72749e-19  -0.00125409  5.54185e-18   0.00479826 -1.13494e-17   -0.0121986  4.69567e-18    0.0214478   2.5245e-18   -0.0255621 -3.66277e-18    0.0179315  1.06092e-17  -0.00167799 -1.68459e-17   -0.0100834  1.01035e-17   0.00814179 -2.03759e-18    0.0014005  2.26347e-18  -0.00552747 -2.02328e-18   0.00141638 -8.90899e-19   0.00262409  1.94181e-18  -0.00145486 -8.70215e-19  -0.00106505 -6.28899e-19   0.00088318  9.41098e-19  0.000417363  2.18361e-19   -0.0004192 -7.15301e-19 -0.000173822 -5.30047e-20  0.000159659  3.42568e-19   7.5817e-05  5.10644e-20 -4.41645e-05 -1.19676e-19  -2.9305e-05 -5.16677e-20  5.74502e-06  4.96591e-20  7.50876e-06  5.11865e-21  8.68786e-07  -4.9346e-21  -6.4019e-07 -1.03457e-21 -1.86653e-07  1.11602e-22 -9.10225e-09
-5.45859e-19  -5.9888e-05  9.77238e-19   0.00057447 -2.54222e-18  -0.00283343  1.19659e-17    0.0088999 -1.33838e-17   -0.0192102   2.5245e-18    0.0289204  -5.0644e-19   -0.0288413  1.87244e-19    0.0146168   9.1952e-18    0.0047172 -1.09556e-17   -0.0131957  1.66675e-18   0.00597143 -8.42196e-19    0.0046955  6.21576e-18  -0.00579807 -4.25742e-18 -0.000428407 -1.29809e-18   0.00339236   3.3376e-18 -0.000650434 -1.38005e-18  -0.00163614 -1.54063e-18   0.00056569  1.63193e-18  0.000723008  5.17784e-19 -0.000289541 -9.34513e-19 -0.000304925 -2.62168e-19  0.000100976  4.29984e-19  0.000118666  1.22574e-19 -1.78864e-05 -1.33955e-19 -3.70613e-05 -6.31378e-20  -3.1099e-06   4.4014e-20  6.60871e-06  6.05061e-21  2.09264e-06 -3.14525e-21 -1.09028e-07 -5.97372e-22 -1.01419e-07   1.6577e-23
 1.13271e-05  -1.0547e-18 -0.000195117  1.00907e-18   0.00130224 -6.94631e-18  -0.00514659  1.77773e-17     0.013675 -1.00419e-17   -0.0255621  -5.0644e-19    0.0333777 -1.86185e-18   -0.0277751 -2.15643e-18   0.00857125  1.06845e-17    0.0103729 -3.25352e-18   -0.0136912 -6.45686e-18   0.00247431 -1.03272e-18   0.00711031  9.29632e-18  -0.00483533 -5.67056e-18   -0.0022794  -1.7327e-18   0.00347715    4.647e-18  0.000355471 -1.58312e-18  -0.00189985 -2.64863e-18  9.25313e-05  2.07212e-18  0.000899915  9.77097e-19  -7.9091e-05 -1.06125e-18 -0.000380497 -4.56543e-19  1.11525e-05  4.27592e-19  0.000136715   1.9813e-19  1.54916e-05 -1.32352e-19 -3.51279e-05 -6.10921e-20 -1.11708e-05  3.20611e-20  3.62089e-06  5.50922e-21  2.30108e-06 -1.37408e-21  2.56819e-07 -1.29328e-22 -1.48205e-08
  7.5966e-19   4.4305e-05 -1.23917e-18 -0.000437797  1.76141e-18   0.00225043 -1.39705e-17  -0.00747037  1.88931e-17    0.0173479 -3.66277e-18   -0.0288413 -1.86185e-18    0.0333742 -8.38711e-20    -0.023246 -9.64518e-18   0.00222075  1.20867e-17    0.0137206  5.54016e-18   -0.0120703 -1.22231e-17  -0.00103235 -1.90328e-18   0.00823683  1.11459e-17   -0.0031904   -6.753e-18  -0.00370056 -2.10335e-18   0.00301162  5.97777e-18   0.00130618 -1.59639e-18  -0.00185492 -3.69265e-18 -0.000414731  2.19431e-18   0.00092709  1.45024e-18  0.000159192  -1.0693e-18 -0.000388112 -5.74386e-19 -8.70426e-05  3.41397e-19  0.000126592  2.48593e-19  4.66706e-05 -1.12094e-19 -2.44608e-05 -4.93397e-20 -1.57317e-05  1.83132e-20 -7.19029e-08    3.885e-21  1.56399e-06 -1.47144e-22  2.87575e-07  8.04283e-23
-5.09334e-06  1.28974e-18  9.20338e-05 -5.13113e-19 -0.000656888  5.15628e-18   0.00283255 -2.03382e-17  -0.00839012  1.51189e-17    0.0179315  1.87244e-19   -0.0277751 -8.38711e-20    0.0296749  4.21945e-18   -0.0176766 -1.84043e-17   -0.0024522  1.11715e-17    0.0147469  1.33557e-17  -0.00958438 -1.50954e-17  -0.00376129 -2.27777e-18   0.00833641   1.1958e-17  -0.00140349 -7.89196e-18  -0.00458845  -2.4243e-18   0.00222431  7.30909e-18   0.00206728 -1.51865e-18  -0.00157148 -4.42537e-18 -0.000870001  2.00115e-18  0.000820859  1.78181e-18  0.000380835 -9.31155e-19 -0.000332387 -6.09218e-19 -0.000173287  2.04438e-19  9.21619e-05  2.56376e-19  6.80747e-05 -7.78271e-20 -8.56205e-06 -3.44975e-20 -1.55523e-05  6.93367e-21 -2.88349e-06  1.95116e-21  4.91705e-07  3.37492e-22  1.20413e-07
-8.04988e-19 -4.85325e-06  1.29975e-18  6.52192e-05  3.44123e-19 -0.000460309   1.1169e-17    0.0020832 -2.27687e-17  -0.00653006  1.06092e-17    0.0146168 -2.15643e-18    -0.023246  4.21945e-18    0.0246827  9.31037e-18    -0.013254  -2.5097e-17   -0.0050194  8.22965e-18    0.0144728  1.80623e-17  -0.00719528 -1.59903e-17  -0.00565079 -1.40577e-18   0.00785634  1.20411e-17  0.000253842 -9.12419e-18  -0.00502196 -2.74716e-18   0.00129224  8.41366e-18   0.00259812 -1.33233e-18  -0.00112948 -4.71141e-18  -0.00122449  1.54666e-18  0.000613255  1.86499e-18  0.000554959 -6.32057e-19 -0.000227886 -5.88659e-19 -0.000232942  6.11671e-20  4.19009e-05  2.22007e-19   7.5311e-05 -4.05966e-20  7.85049e-06  -2.1369e-20  -1.1165e-05  6.90051e-22 -3.76686e-06  6.48978e-22 -1.97338e-07   3.0426e-22
-2.81742e-06 -1.21888e-18  4.39939e-05 -8.14128e-20 -0.000245411 -4.62652e-19  0.000686919  1.68282e-17 -0.000730117 -2.10511e-17  -0.00167799   9.1952e-18   0.00857125 -9.64518e-18   -0.0176766  9.31037e-18    0.0206416   1.3653e-17   -0.0106517 -2.83068e-17  -0.00625539  5.20067e-18    0.0138569  1.88121e-17  -0.00518175 -1.61167e-17  -0.00695917  6.69934e-19   0.00708548  1.16348e-17   0.00171072 -1.01694e-17   -0.0051021 -3.13091e-18   0.00032378  8.95889e-18    0.0028995 -9.05021e-19  -0.00059836 -4.55034e-18  -0.00145518   9.2125e-19  0.000340701  1.68123e-18  0.000663622 -2.05357e-19 -9.38568e-05 -5.34736e-19 -0.000257959 -4.81581e-20  -1.3594e-05  1.61318e-19  6.76438e-05 -1.23707e-20  2.02167e-05 -1.12501e-20 -4.63486e-06  5.45786e-23 -2.77297e-06  4.17407e-22  -2.5188e-07
 6.21552e-19 -2.43278e-05 -1.18221e-18  0.000226819 -2.54738e-18  -0.00105919 -3.05607e-18   0.00300587  1.89487e-17  -0.00529849 -1.68459e-17    0.0047172  1.06845e-17   0.00222075 -1.84043e-17    -0.013254   1.3653e-17    0.0183033  1.63011e-17  -0.00926166 -2.80357e-17  -0.00703885  3.84158e-18    0.0132599  1.62987e-17  -0.00344469 -1.60712e-17  -0.00788538  3.24893e-18   0.00614647  1.10346e-17   0.00295505 -1.06265e-17  -0.00490634 -3.62918e-18 -0.000611019  8.69753e-18   0.00298941 -1.23986e-19 -3.54952e-05 -4.02319e-18   -0.0015566  2.27477e-19   3.8589e-05  1.29817e-18  0.000699874  2.48187e-19  4.94117e-05 -4.46959e-19 -0.000246617 -9.98773e-20 -6.36945e-05  9.42822e-20  4.77897e-05 -5.84183e-22  2.53645e-05 -3.47469e-21  1.19035e-06  2.59271e-21 -1.06346e-06  5.64819e-22
 5.13241e-06  8.40151e-19 -8.88946e-05  1.64846e-19  0.000592431 -4.67928e-18  -0.00230892 -5.40611e-18   0.00590581  1.64564e-17   -0.0100834 -1.09556e-17    0.0103729  1.20867e-17   -0.0024522  -2.5097e-17   -0.0106517  1.63011e-17    0.0171163  1.67169e-17  -0.00827821 -2.50454e-17  -0.00772812  4.54003e-18    0.0126579   1.2143e-17  -0.00188571 -1.58638e-17  -0.00851012  5.31576e-18   0.00510759  1.06196e-17   0.00398149 -1.02101e-17  -0.00450017 -4.27047e-18  -0.00146487   7.6036e-18   0.00289559  9.36832e-19  0.000513815 -3.21685e-18  -0.00153527 -4.47606e-19 -0.000261713  8.23215e-19  0.000665453  5.90215e-19  0.000183009 -3.17531e-19 -0.000202686 -9.34108e-20 -9.93926e-05  3.42995e-20  2.12296e-05 -5.59182e-21  2.24871e-05  1.94028e-21  3.94707e-06  4.25923e-21 -1.28786e-08
-3.01587e-19  1.81327e-05  9.87846e-19 -0.000185633  2.84499e-18  0.000989783 -5.68354e-18  -0.00339498 -5.74211e-18   0.00804128  1.01035e-17   -0.0131957 -3.25352e-18    0.0137206  1.11715e-17   -0.0050194 -2.83068e-17  -0.00926166  1.67169e-17     0.016302  1.48752e-17  -0.00736714 -2.05935e-17  -0.00831021  6.37219e-18    0.0120062  8.05568e-18 -0.000492337 -1.53966e-17  -0.00888303  5.99413e-18   0.00402797  1.06359e-17   0.00479623 -8.88197e-18  -0.00394171  -5.0216e-18  -0.00220933  5.87678e-18   0.00264979  1.98679e-18   0.00101584 -2.18341e-18  -0.00140514 -1.03425e-18 -0.000534132  3.45746e-19  0.000568577  7.16361e-19  0.000290901 -1.53141e-19 -0.000134377 -4.84264e-20 -0.000114601 -1.33482e-20 -4.89003e-06  -2.0431e-20  1.37323e-05  3.83325e-21    3.265e-06  2.95655e-21
-1.08624e-06 -3.44032e-19   2.3027e-05  5.80704e-19  -0.00019456  5.67457e-18  0.000986812  -5.5971e-18   -0.0033798 -4.15082e-18   0.00814179  1.66675e-18   -0.0136912  5.54016e-18    0.0147469  8.22965e-18  -0.00625539 -2.80357e-17  -0.00827821  1.48752e-17    0.0155375   1.1526e-17  -0.00655417 -1.61099e-17  -0.00874804  8.05886e-18    0.0113349  5.24163e-18  0.000735923  -1.4738e-17  -0.00905952  4.98128e-18   0.00294955  1.09891e-17   0.00541665 -6.79579e-18  -0.00327806 -5.74281e-18  -0.00282971  3.82717e-18   0.00228332  2.68642e-18   0.00144644 -9.57926e-19  -0.00118438 -1.45681e-18 -0.000758072 -8.92306e-20  0.000422168  6.17947e-19  0.000360873  2.03917e-20  -5.3219e-05  8.40759e-21 -0.000107205 -4.48078e-20 -2.32986e-05 -3.29746e-20   3.9008e-06  2.49152e-21  1.17627e-06
  2.5539e-20  5.73583e-06 -7.38404e-19 -4.24281e-05 -4.98974e-19  0.000113454  7.28163e-18  9.44029e-05 -4.31179e-18   -0.0016677 -2.03759e-18   0.00597143 -6.45686e-18   -0.0120703  1.33557e-17    0.0144728  5.20067e-18  -0.00703885 -2.50454e-17  -0.00736714   1.1526e-17    0.0148559  7.97103e-18  -0.00588757  -1.2685e-17  -0.00908057  8.87866e-18    0.0106799  4.21007e-18   0.00182056 -1.40274e-17  -0.00908673   2.6601e-18   0.00189537  1.12799e-17   0.00586275 -4.15591e-18  -0.00254545 -6.18407e-18  -0.00331972  1.70849e-18   0.00182525  2.87778e-18   0.00178892   3.8447e-19 -0.000893402  -1.6308e-18 -0.000918153 -4.63612e-19  0.000242538  3.80964e-19  0.000385205  1.67891e-19  2.71413e-05   5.9861e-20 -7.98837e-05 -5.32209e-20 -2.88468e-05 -3.25526e-20 -1.87985e-06  6.62955e-22
-2.57394e-06 -5.08966e-20  4.26215e-05 -1.39632e-18 -0.000262832 -1.61127e-18  0.000895133  6.86056e-18  -0.00176037 -1.57938e-18    0.0014005 -8.42196e-19   0.00247431 -1.22231e-17  -0.00958438  1.80623e-17    0.0138569  3.84158e-18  -0.00772812 -2.05935e-17  -0.00655417  7.97103e-18     0.014312  5.33702e-18  -0.00533619  -1.0732e-17  -0.00935463  8.81683e-18    0.0100492  4.87864e-18   0.00278653 -1.32649e-17    -0.008997 -2.46771e-19  0.000878204  1.10478e-17   0.00615303 -1.16289e-18  -0.00177197 -6.08033e-18  -0.00367807 -3.93725e-19     0.001302  2.66681e-18    0.0020322  1.68555e-18 -0.000553796 -1.50508e-18   -0.0010039 -7.54536e-19  4.84186e-05  1.20895e-19  0.000361333  2.55891e-19  9.24208e-05  1.02802e-19 -4.06463e-05 -3.56487e-20 -2.16618e-05 -1.92148e-20 -2.16756e-06
 9.08948e-20 -1.27941e-05  3.06351e-19   0.00012591 -2.04513e-18 -0.000630728 -2.03806e-18    0.0019637  4.49006e-18  -0.00396202  2.26347e-18    0.0046955 -1.03272e-18  -0.00103235 -1.50954e-17  -0.00719528  1.88121e-17    0.0132599  4.54003e-18  -0.00831021 -1.61099e-17  -0.00588757  5.33702e-18    0.0138799  4.00772e-18  -0.00485751 -1.00698e-17  -0.00958936  8.09811e-18   0.00944105  6.77682e-18   0.00365198 -1.22566e-17  -0.00881377 -3.20462e-18 -9.45216e-05  1.00352e-17   0.00630414  1.93959e-18 -0.000979497 -5.31627e-18  -0.00390639 -2.52036e-18  0.000737456  2.28103e-18   0.00216952  2.72596e-18 -0.000187844 -1.10723e-18  -0.00100956  -9.2758e-19 -0.000139805 -9.17259e-20  0.000292635  2.62693e-19  0.000129677  1.34389e-19 -2.59941e-06 -5.06794e-21 -9.00858e-06 -4.92762e-21
 1.46937e-06  2.34254e-19 -2.79793e-05  1.14189e-18   0.00020888 -2.50549e-18 -0.000926708 -1.67717e-18   0.00274043  1.12198e-18  -0.00552747  6.21576e-18   0.00711031 -1.90328e-18  -0.00376129 -1.59903e-17  -0.00518175  1.62987e-17    0.0126579  6.37219e-18  -0.00874804  -1.2685e-17  -0.00533619  4.00772e-18     0.013521  3.70299e-18  -0.00443485 -1.02992e-17  -0.00979332  6.79645e-18   0.00885562  9.28301e-18   0.00443182 -1.07567e-17  -0.00855509 -6.11358e-18  -0.00101931  8.30284e-18   0.00633044  4.86482e-18 -0.000185167 -4.02298e-18  -0.00400774 -4.65406e-18  0.000153435  1.84296e-18   0.00219741  3.31279e-18  0.000181585 -5.38326e-19 -0.000934242 -9.60294e-19 -0.000300875 -2.55813e-19  0.000189338  1.87469e-19  0.000130243  1.37993e-19  1.97132e-05  1.38625e-20 -6.96134e-07
-6.67289e-20  5.09297e-07  2.09301e-19 -1.52464e-05  2.10394e-18  0.000148078 -2.60222e-18 -0.000781295 -1.05388e-18   0.00261167 -2.02328e-18  -0.00579807  9.29632e-18   0.00823683 -2.27777e-18  -0.00565079 -1.61167e-17  -0.00344469   1.2143e-17    0.0120062  8.05886e-18  -0.00908057  -1.0732e-17  -0.00485751  3.70299e-18    0.0132218  4.01754e-18  -0.00406117  -1.1152e-17  -0.00997632   4.8985e-18   0.00829252  1.18899e-17   0.00513974 -8.64498e-18  -0.00823415 -9.08248e-18  -0.00189524  6.12679e-18   0.00624363  7.40281e-18  0.000597252 -2.49316e-18  -0.00398569 -6.55853e-18 -0.000429617  1.28353e-18   0.00211519   3.3795e-18  0.000530901  7.74739e-20 -0.000782412  -8.6433e-19  -0.00041383  -4.0567e-19  6.93636e-05  5.24276e-20  9.51662e-05  9.77372e-20  2.00985e-05    1.068e-20
 1.06438e-06 -1.99566e-19  -1.6356e-05  -2.1503e-20  8.73212e-05  2.72614e-18  -0.00021207 -2.13137e-18  3.41219e-05 -7.41594e-19   0.00141638 -4.25742e-18  -0.00483533  1.11459e-17   0.00833641 -1.40577e-18  -0.00695917 -1.60712e-17  -0.00188571  8.05568e-18    0.0113349  8.87866e-18  -0.00935463 -1.00698e-17  -0.00443485  4.01754e-18    0.0129778  4.84255e-18  -0.00372748 -1.25762e-17    -0.010147  2.55185e-18   0.00774933  1.43769e-17   0.00578756 -5.99062e-18  -0.00786002 -1.20115e-17  -0.00272274  3.75697e-18   0.00605281  9.52866e-18   0.00135612 -9.75282e-19  -0.00384379  -7.8306e-18 -0.000991803  4.74541e-19   0.00192487  3.03332e-18   0.00083562  6.44184e-19 -0.000565038 -6.79166e-19 -0.000460104 -5.56022e-19 -4.07572e-05 -9.72499e-20  4.21076e-05  3.28156e-20  8.39516e-06
-1.47614e-21  6.84356e-06 -4.24072e-19 -6.51391e-05 -2.88842e-19  0.000307375  2.71185e-18 -0.000855891 -1.04708e-18   0.00134136 -8.90899e-19 -0.000428407 -5.67056e-18   -0.0031904   1.1958e-17   0.00785634  6.69934e-19  -0.00788538 -1.58638e-17 -0.000492337  5.24163e-18    0.0106799  8.81683e-18  -0.00958936 -1.02992e-17  -0.00406117  4.84255e-18    0.0127826  6.30948e-18  -0.00342556 -1.45543e-17   -0.0103112  5.59957e-20   0.00722285  1.67312e-17    0.0063852 -2.98696e-18   -0.0074386 -1.44691e-17  -0.00350273   1.2548e-18   0.00576459  1.13343e-17   0.00208085  4.58483e-19  -0.00358535 -8.16404e-18  -0.00151289  -5.7404e-19   0.00163163  2.51208e-18   0.00107031  1.11964e-18 -0.000301391 -4.47373e-19  -0.00042671 -6.65708e-19 -0.000108091 -1.94199e-19   1.3175e-06 -7.76081e-21
-9.61679e-07  4.42472e-20  1.79983e-05 -7.03283e-19 -0.000130318 -3.86216e-19  0.000550684  2.06593e-18  -0.00150494  4.21009e-19   0.00262409 -1.29809e-18   -0.0022794   -6.753e-18  -0.00140349  1.20411e-17   0.00708548  3.24893e-18  -0.00851012 -1.53966e-17  0.000735923  4.21007e-18    0.0100492  8.09811e-18  -0.00979332  -1.1152e-17  -0.00372748  6.30948e-18    0.0126301  8.42273e-18  -0.00314954 -1.68723e-17   -0.0104739 -2.42227e-18   0.00670954  1.88812e-17   0.00694109  1.60993e-19  -0.00697317 -1.60447e-17  -0.00423612 -1.42011e-18   0.00538328  1.28259e-17   0.00276095  1.84985e-18  -0.00321352 -7.60074e-18  -0.00197137 -1.66433e-18   0.00124479   2.0563e-18   0.00120893  1.50301e-18 -2.08999e-05 -1.99713e-19 -0.000313067 -6.53396e-19 -0.000109783 -1.84903e-19 -9.17075e-06
 3.45823e-20 -1.25525e-06  2.16584e-19  1.87187e-05 -9.83249e-19 -0.000136638 -2.59729e-19  0.000607543   1.0418e-18  -0.00177369  1.94181e-18   0.00339236  -1.7327e-18  -0.00370056 -7.89196e-18  0.000253842  1.16348e-17   0.00614647  5.31576e-18  -0.00888303  -1.4738e-17   0.00182056  4.87864e-18   0.00944105  6.79645e-18  -0.00997632 -1.25762e-17  -0.00342556  8.42273e-18    0.0125166  1.08495e-17  -0.00289461 -1.90927e-17    -0.010639 -5.00566e-18   0.00620544  2.05418e-17   0.00746235  3.31387e-18  -0.00646473 -1.68188e-17  -0.00492324 -4.16993e-18   0.00491107  1.38108e-17   0.00338499   3.1841e-18  -0.00273175 -6.53361e-18  -0.00234352 -2.53831e-18  0.000779607  1.76135e-18   0.00122682  1.77918e-18  0.000234293  3.44503e-20 -0.000147418 -4.83345e-19 -6.12946e-05 -9.41577e-20
-4.41049e-07  7.28927e-20  6.15513e-06  4.79987e-19 -2.58769e-05 -1.19741e-18  1.30934e-05 -3.44343e-20  0.000304429 -2.42845e-20  -0.00145486   3.3376e-18   0.00347715 -2.10335e-18  -0.00458845 -9.12419e-18   0.00171072  1.10346e-17   0.00510759  5.99413e-18  -0.00905952 -1.40274e-17   0.00278653  6.77682e-18   0.00885562   4.8985e-18    -0.010147 -1.45543e-17  -0.00314954  1.08495e-17    0.0124396  1.31227e-17  -0.00265648 -2.07921e-17   -0.0108101 -7.86961e-18   0.00570615  2.13956e-17   0.00795488  6.40192e-18  -0.00591228   -1.739e-17  -0.00556336 -6.65289e-18   0.00434825  1.40041e-17   0.00393961  4.30003e-18  -0.00214458 -5.44311e-18  -0.00260271 -3.03448e-18  0.000260583  1.51956e-18   0.00110431  1.86243e-18  0.000404683  2.00486e-19  1.61164e-06  -2.4184e-19 -1.35798e-05
-2.08531e-20 -3.30628e-06  8.16694e-20  3.06823e-05  7.25179e-19 -0.000137154 -1.25317e-18  0.000336408  8.62337e-20 -0.000329896 -8.70215e-19 -0.000650434    4.647e-18   0.00301162  -2.4243e-18  -0.00502196 -1.01694e-17   0.00295505  1.06196e-17   0.00402797  4.98128e-18  -0.00908673 -1.32649e-17   0.00365198  9.28301e-18   0.00829252  2.55185e-18   -0.0103112 -1.68723e-17  -0.00289461  1.31227e-17    0.0123971  1.50241e-17  -0.00243142 -2.18435e-17   -0.0109902 -1.08745e-17   0.00520684  2.14622e-17   0.00842344  9.35506e-18  -0.00531293  -1.8304e-17  -0.00615423   -8.444e-18   0.00369352  1.32328e-17   0.00440838  4.97027e-18  -0.00145922 -4.58265e-18  -0.00271852 -3.16646e-18 -0.000274311  1.10712e-18  0.000831621  1.61878e-18  0.000425754  2.27603e-19  6.34586e-05 -6.84305e-20
 4.86996e-07 -6.94446e-20 -9.17525e-06  6.92016e-20  6.62137e-05  8.44234e-19 -0.000274151 -1.05741e-18   0.00070955 -7.87214e-20  -0.00106505 -1.38005e-18  0.000355471  5.97777e-18   0.00222431 -2.74716e-18   -0.0051021 -1.06265e-17   0.00398149  1.06359e-17   0.00294955   2.6601e-18    -0.008997 -1.22566e-17   0.00443182  1.18899e-17   0.00774933  5.59957e-20   -0.0104739 -1.90927e-17  -0.00265648  1.50241e-17     0.012388  1.67002e-17  -0.00221606 -2.24354e-17   -0.0111823 -1.35523e-17   0.00470216   2.1237e-17   0.00887164  1.19983e-17  -0.00466196 -1.93922e-17  -0.00669137 -9.28676e-18   0.00294439  1.15637e-17   0.00477032  5.09209e-18 -0.000687458 -3.86794e-18  -0.00265721 -3.13072e-18 -0.000770622  3.56195e-19  0.000430766  1.00973e-18   0.00028946  1.18621e-19  4.04622e-05
-4.60015e-21  6.87927e-07 -1.46005e-19 -1.04339e-05  6.64672e-20  7.60875e-05  7.84201e-19 -0.000332848 -5.71884e-19  0.000935106 -6.28899e-19  -0.00163614 -1.58312e-18   0.00130618  7.30909e-18   0.00129224 -3.13091e-18  -0.00490634 -1.02101e-17   0.00479623  1.09891e-17   0.00189537 -2.46771e-19  -0.00881377 -1.07567e-17   0.00513974  1.43769e-17   0.00722285 -2.42227e-18    -0.010639 -2.07921e-17  -0.00243142  1.67002e-17    0.0124116  1.83572e-17  -0.00200726 -2.27822e-17   -0.0113889 -1.55166e-17   0.00418608  2.13419e-17   0.00930192  1.40149e-17   -0.0039528 -1.97389e-17  -0.00716735 -9.22061e-18   0.00209777  9.33969e-18   0.00499876   4.8638e-18  0.000150465 -3.02693e-18  -0.00238684 -3.17952e-18  -0.00114545 -6.43409e-19  6.83357e-06  2.66338e-19  0.000100279  2.70207e-21
 2.06138e-07  2.33712e-21 -2.73457e-06 -2.28908e-19  9.64742e-06  8.20727e-20  1.21446e-05  5.72289e-19 -0.000220522  1.44679e-19   0.00088318 -1.54063e-18  -0.00189985 -1.59639e-18   0.00206728  8.41366e-18   0.00032378 -3.62918e-18  -0.00450017 -8.88197e-18   0.00541665  1.12799e-17  0.000878204 -3.20462e-18  -0.00855509 -8.64498e-18   0.00578756  1.67312e-17   0.00670954 -5.00566e-18   -0.0108101 -2.18435e-17  -0.00221606  1.83572e-17    0.0124681  1.98676e-17  -0.00180193 -2.28599e-17   -0.0116128 -1.68248e-17   0.00365173  2.19501e-17   0.00971537   1.5082e-17  -0.00317697 -1.84568e-17  -0.00757077  -8.5863e-18   0.00115138  7.13013e-18   0.00505963  4.79316e-18   0.00101743 -1.80726e-18  -0.00187945 -3.26973e-18  -0.00126863 -1.42055e-18 -0.000254654 -1.93335e-19 -4.18179e-06
 1.24006e-20  1.49857e-06  2.22258e-20 -1.38625e-05 -2.82021e-19  6.04998e-05  7.99013e-20 -0.000135637  3.14877e-19   6.2059e-05  9.41098e-19   0.00056569 -2.64863e-18  -0.00185492 -1.51865e-18   0.00259812  8.95889e-18 -0.000611019 -4.27047e-18  -0.00394171 -6.79579e-18   0.00586275  1.10478e-17 -9.45216e-05 -6.11358e-18  -0.00823415 -5.99062e-18    0.0063852  1.88812e-17   0.00620544 -7.86961e-18   -0.0109902 -2.24354e-17  -0.00200726  1.98676e-17    0.0125582  2.07783e-17  -0.00159697 -2.25414e-17   -0.0118565  -1.7868e-17   0.00309115  2.25812e-17    0.0101114  1.51399e-17  -0.00232408 -1.55997e-17  -0.00788447 -7.98222e-18  0.000105646  5.44812e-18   0.00490739  5.41952e-18   0.00185462 -4.71856e-20   -0.0011165 -2.86944e-18  -0.00102518 -1.43373e-18 -0.000248603 -1.98767e-19
 -2.0024e-07  3.23146e-20  3.91357e-06  3.50981e-20 -2.90725e-05 -2.67364e-19  0.000122147  2.27296e-21 -0.000311432  1.58463e-19  0.000417363  1.63193e-18  9.25313e-05 -3.69265e-18  -0.00157148 -1.33233e-18    0.0028995  8.69753e-18  -0.00146487  -5.0216e-18  -0.00327806 -4.15591e-18   0.00615303  1.00352e-17  -0.00101931 -9.08248e-18  -0.00786002 -2.98696e-18   0.00694109  2.05418e-17   0.00570615 -1.08745e-17   -0.0111823 -2.27822e-17  -0.00180193  2.07783e-17    0.0126831  2.08222e-17  -0.00138912 -2.20393e-17   -0.0121227 -1.89656e-17   0.00249495  2.25313e-17    0.0104873  1.45772e-17  -0.00138141 -1.22794e-17  -0.00808344  -8.0966e-18  -0.00103535  4.29748e-18   0.00448851  6.87402e-18   0.00257707  2.22738e-18 -0.000171008 -1.56371e-18 -0.000504951 -7.60047e-19 -9.81424e-05
-4.44426e-21 -1.89307e-07  6.03509e-20  3.80497e-06  1.86594e-20 -3.16083e-05 -1.70136e-19  0.000147852 -1.81063e-19 -0.000426126  2.18361e-19  0.000723008  2.07212e-18 -0.000414731 -4.42537e-18  -0.00112948 -9.05021e-19   0.00298941   7.6036e-18  -0.00220933 -5.74281e-18  -0.00254545 -1.16289e-18   0.00630414  8.30284e-18  -0.00189524 -1.20115e-17   -0.0074386  1.60993e-19   0.00746235  2.13956e-17   0.00520684 -1.35523e-17   -0.0113889 -2.28599e-17  -0.00159697  2.08222e-17    0.0128447  2.04503e-17  -0.00117478 -2.20528e-17   -0.0124142 -2.01618e-17   0.00185177  2.14859e-17    0.0108374  1.41006e-17 -0.000333972 -9.81494e-18  -0.00813429 -9.34055e-18  -0.00225388  3.12451e-18   0.00375191  8.61653e-18   0.00301464  4.45747e-18  0.000651091  7.40226e-20  -4.9088e-05 -1.26439e-19
-1.03393e-07 -1.62038e-20  1.42641e-06  9.49094e-20 -5.55756e-06 -2.56843e-20 -2.19874e-06 -2.57138e-20  9.89169e-05 -4.42744e-19   -0.0004192  5.17784e-19  0.000899915  2.19431e-18 -0.000870001 -4.71141e-18  -0.00059836 -1.23986e-19   0.00289559  5.87678e-18  -0.00282971 -6.18407e-18  -0.00177197  1.93959e-18   0.00633044  6.12679e-18  -0.00272274 -1.44691e-17  -0.00697317  3.31387e-18   0.00795488  2.14622e-17   0.00470216 -1.55166e-17   -0.0116128 -2.25414e-17  -0.00138912  2.04503e-17    0.0130458  2.07223e-17 -0.000949858 -2.31846e-17   -0.0127339 -2.13283e-17     0.001148  1.96784e-17    0.0111525  1.42595e-17  0.000832825 -8.75899e-18  -0.00798722 -1.14931e-17  -0.00350059  1.44257e-18   0.00262224  9.54989e-18   0.00285831  5.49063e-18   0.00092942  8.97677e-19  8.71565e-05
-2.56812e-21  -6.1056e-07 -3.38681e-20  5.83945e-06  1.26116e-19 -2.62637e-05 -6.36096e-20   5.9874e-05  8.44371e-20 -2.21734e-05 -7.15301e-19 -0.000289541  9.77097e-19   0.00092709  2.00115e-18  -0.00122449 -4.55034e-18 -3.54952e-05  9.36832e-19   0.00264979  3.82717e-18  -0.00331972 -6.08033e-18 -0.000979497  4.86482e-18   0.00624363  3.75697e-18  -0.00350273 -1.60447e-17  -0.00646473  6.40192e-18   0.00842344   2.1237e-17   0.00418608 -1.68248e-17   -0.0118565 -2.20393e-17  -0.00117478  2.07223e-17      0.01329  2.24502e-17 -0.000709654 -2.50873e-17   -0.0130846 -2.22129e-17  0.000367124   1.7587e-17    0.0114153  1.49333e-17   0.00213613 -8.67544e-18  -0.00756335 -1.37544e-17  -0.00470994 -6.67306e-19   0.00101026  8.59795e-18   0.00191675  4.56586e-18  0.000611627  6.30531e-19
  6.1322e-08 -4.68596e-21 -1.32177e-06 -5.00186e-20  1.06845e-05  1.35855e-19 -4.81061e-05 -4.76127e-20  0.000128953  8.14507e-20 -0.000173822 -9.34513e-19  -7.9091e-05  1.45024e-18  0.000820859  1.54666e-18  -0.00145518 -4.02319e-18  0.000513815  1.98679e-18   0.00228332  1.70849e-18  -0.00367807 -5.31627e-18 -0.000185167  7.40281e-18   0.00605281   1.2548e-18  -0.00423612 -1.68188e-17  -0.00591228  9.35506e-18   0.00887164  2.13419e-17   0.00365173  -1.7868e-17   -0.0121227 -2.20528e-17 -0.000949858  2.24502e-17    0.0135819  2.52863e-17 -0.000448206 -2.63616e-17   -0.0134688 -2.22842e-17 -0.000513677  1.56619e-17    0.0116014  1.53264e-17   0.00359981  -8.6555e-18  -0.00678035 -1.52614e-17  -0.00577915 -2.78377e-18 -0.000890529  5.70586e-18  0.000599158  2.42491e-18  0.000167368
 2.05328e-21 -2.08667e-08 -6.48734e-21 -6.69616e-07  -5.7283e-20   9.2376e-06  1.11738e-19 -5.27301e-05  4.61807e-20  0.000169464 -5.30047e-20 -0.000304925 -1.06125e-18  0.000159192  1.78181e-18  0.000613255   9.2125e-19   -0.0015566 -3.21685e-18   0.00101584  2.68642e-18   0.00182525 -3.93725e-19  -0.00390639 -4.02298e-18  0.000597252  9.52866e-18   0.00576459 -1.42011e-18  -0.00492324   -1.739e-17  -0.00531293  1.19983e-17   0.00930192  2.19501e-17   0.00309115 -1.89656e-17   -0.0124142 -2.31846e-17 -0.000709654  2.52863e-17    0.0139275  2.76264e-17 -0.000157797 -2.55278e-17   -0.0138906 -2.07799e-17  -0.00152094  1.42406e-17    0.0116817  1.46999e-17   0.00521799 -7.96642e-18  -0.00555174 -1.54667e-17  -0.00632126 -4.36489e-18  -0.00227809  2.32956e-18 -0.000246955  6.75126e-19
 4.64994e-08  5.03684e-21 -7.03651e-07   -7.776e-21  3.36825e-06  -5.5248e-20 -4.09404e-06  6.30625e-20 -2.82854e-05  1.95316e-19  0.000159659 -2.62168e-19 -0.000380497  -1.0693e-18  0.000380835  1.86499e-18  0.000340701  2.27477e-19  -0.00153527 -2.18341e-18   0.00144644  2.87778e-18     0.001302 -2.52036e-18  -0.00400774 -2.49316e-18   0.00135612  1.13343e-17   0.00538328 -4.16993e-18  -0.00556336  -1.8304e-17  -0.00466196  1.40149e-17   0.00971537  2.25812e-17   0.00249495 -2.01618e-17   -0.0127339 -2.50873e-17 -0.000448206  2.76264e-17    0.0143351  2.75503e-17  0.000169343 -2.21879e-17   -0.0143519 -1.72635e-17  -0.00268035  1.33867e-17    0.0115845  1.32664e-17   0.00693959 -6.26532e-18  -0.00361382 -1.39121e-17  -0.00556113 -4.65571e-18  -0.00229887    2.493e-19 -0.000292439
 5.15039e-22  1.99082e-07  7.53655e-21 -2.07413e-06 -6.58859e-21   1.0262e-05 -5.17835e-20 -2.66915e-05  1.97076e-20  2.04489e-05  3.42568e-19  0.000100976 -4.56543e-19 -0.000388112 -9.31155e-19  0.000554959  1.68123e-18   3.8589e-05 -4.47606e-19  -0.00140514 -9.57926e-19   0.00178892  2.66681e-18  0.000737456 -4.65406e-18  -0.00398569 -9.75282e-19   0.00208085  1.28259e-17   0.00491107 -6.65289e-18  -0.00615423 -1.93922e-17   -0.0039528   1.5082e-17    0.0101114  2.25313e-17   0.00185177 -2.13283e-17   -0.0130846 -2.63616e-17 -0.000157797  2.75503e-17    0.0148131  2.41195e-17  0.000545817 -1.73573e-17   -0.0148446 -1.22731e-17  -0.00404873  1.27073e-17    0.0111827   1.2256e-17    0.0087999 -3.36581e-18 -0.000589869  -1.0232e-17  -0.00318937 -3.32875e-18  -0.00120685 -2.03742e-19
-9.63984e-09  1.28332e-21  2.88529e-07  7.63187e-21  -2.9068e-06 -1.32251e-21  1.54325e-05 -5.65012e-20 -4.76106e-05  1.21593e-20   7.5817e-05  4.29984e-19  1.11525e-05 -5.74386e-19 -0.000332387 -6.32057e-19  0.000663622  1.29817e-18 -0.000261713 -1.03425e-18  -0.00118438   3.8447e-19    0.0020322  2.28103e-18  0.000153435 -6.55853e-18  -0.00384379  4.58483e-19   0.00276095  1.38108e-17   0.00434825   -8.444e-18  -0.00669137 -1.97389e-17  -0.00317697  1.51399e-17    0.0104873  2.14859e-17     0.001148 -2.22129e-17   -0.0134688 -2.55278e-17  0.000169343  2.41195e-17    0.0153749  1.80075e-17  0.000996837 -1.27958e-17   -0.0153784 -7.35677e-18  -0.00571583  1.15384e-17    0.0104234  1.26262e-17    0.0107935  4.46465e-19   0.00306708 -5.24029e-18 -0.000409113 -1.37773e-18 -0.000221171
-8.30877e-22  4.85141e-08  2.75897e-21 -1.93746e-07  5.36007e-21 -1.16177e-06   4.9673e-21  1.32753e-05 -7.28297e-20 -5.51228e-05  5.10644e-20  0.000118666  4.27592e-19 -8.70426e-05 -6.09218e-19 -0.000227886 -2.05357e-19  0.000699874  8.23215e-19 -0.000534132 -1.45681e-18 -0.000893402  1.68555e-18   0.00216952  1.84296e-18 -0.000429617  -7.8306e-18  -0.00358535  1.84985e-18   0.00338499  1.40041e-17   0.00369352 -9.28676e-18  -0.00716735 -1.84568e-17  -0.00232408  1.45772e-17    0.0108374  1.96784e-17  0.000367124 -2.22842e-17   -0.0138906 -2.21879e-17  0.000545817  1.80075e-17    0.0160461  1.10438e-17   0.00153302 -9.76721e-18   -0.0159777 -4.40155e-18  -0.00766718   9.1987e-18   0.00920435  1.31806e-17    0.0120158  3.42718e-18   0.00542397 -1.26156e-18  0.000968531 -2.14448e-19
-1.52519e-08 -2.02574e-21  2.62155e-07  4.64128e-21 -1.54229e-06  4.00157e-21  3.83795e-06  4.66897e-21  2.06981e-06 -9.65321e-20 -4.41645e-05  1.22574e-19  0.000136715  3.41397e-19 -0.000173287 -5.88659e-19 -9.38568e-05  2.48187e-19  0.000665453  3.45746e-19 -0.000758072  -1.6308e-18 -0.000553796  2.72596e-18   0.00219741  1.28353e-18 -0.000991803 -8.16404e-18  -0.00321352   3.1841e-18   0.00393961  1.32328e-17   0.00294439 -9.22061e-18  -0.00757077 -1.55997e-17  -0.00138141  1.41006e-17    0.0111525   1.7587e-17 -0.000513677 -2.07799e-17   -0.0143519 -1.73573e-17  0.000996837  1.10438e-17    0.0168385  5.28182e-18   0.00215753 -8.03871e-18   -0.0165339 -4.93248e-18  -0.00987861  4.60387e-18   0.00667189  1.06232e-17    0.0105188  3.30687e-18   0.00481029  1.50574e-19  0.000692453
 1.19411e-22 -4.08404e-08 -3.39286e-21  5.15139e-07  5.66232e-21 -3.06776e-06  8.11096e-21  9.97358e-06 -7.86335e-21 -1.43568e-05 -1.19676e-19 -1.78864e-05   1.9813e-19  0.000126592  2.04438e-19 -0.000232942 -5.34736e-19  4.94117e-05  5.90215e-19  0.000568577 -8.92306e-20 -0.000918153 -1.50508e-18 -0.000187844  3.31279e-18   0.00211519  4.74541e-19  -0.00151289 -7.60074e-18  -0.00273175  4.30003e-18   0.00440838  1.15637e-17   0.00209777  -8.5863e-18  -0.00788447 -1.22794e-17 -0.000333972  1.42595e-17    0.0114153  1.56619e-17  -0.00152094 -1.72635e-17   -0.0148446 -1.27958e-17   0.00153302  5.28182e-18    0.0177527  2.41123e-18   0.00300379 -6.54334e-18   -0.0169045 -9.99363e-18   -0.0129184 -3.69546e-18   0.00146984  3.20488e-18   0.00566327  4.50653e-19   0.00222869 -7.04484e-21
-1.60528e-09   3.6102e-22  -8.1377e-09 -4.54419e-21  3.97739e-07   4.7902e-21 -3.30845e-06  1.93526e-20  1.35793e-05 -2.99596e-20  -2.9305e-05 -1.33955e-19  1.54916e-05  2.48593e-19  9.21619e-05  6.11671e-20 -0.000257959 -4.46959e-19  0.000183009  7.16361e-19  0.000422168 -4.63612e-19   -0.0010039 -1.10723e-18  0.000181585   3.3795e-18   0.00192487  -5.7404e-19  -0.00197137 -6.53361e-18  -0.00214458  4.97027e-18   0.00477032  9.33969e-18   0.00115138 -7.98222e-18  -0.00808344 -9.81494e-18  0.000832825  1.49333e-17    0.0116014  1.42406e-17  -0.00268035 -1.22731e-17   -0.0153784 -9.76721e-18   0.00215753  2.41123e-18    0.0189235  3.38497e-18   0.00424871 -5.81763e-18   -0.0174411 -1.97199e-17    -0.017451 -1.50262e-17  -0.00564157 -5.67065e-18   0.00023032 -1.87299e-18  0.000293222
 7.17288e-23 -2.15815e-08  7.26369e-22   1.6979e-07 -5.31434e-21  -4.0403e-07  2.58216e-21 -1.32703e-06  3.42145e-20  1.21194e-05 -5.16677e-20 -3.70613e-05 -1.32352e-19  4.66706e-05  2.56376e-19  4.19009e-05 -4.81581e-20 -0.000246617 -3.17531e-19  0.000290901  6.17947e-19  0.000242538 -7.54536e-19  -0.00100956 -5.38326e-19  0.000530901  3.03332e-18   0.00163163 -1.66433e-18  -0.00234352 -5.44311e-18  -0.00145922  5.09209e-18   0.00499876  7.13013e-18  0.000105646  -8.0966e-18  -0.00813429 -8.75899e-18   0.00213613  1.53264e-17    0.0116817  1.33867e-17  -0.00404873 -7.35677e-18   -0.0159777 -8.03871e-18   0.00300379  3.38497e-18    0.0205119  7.87119e-18   0.00557387 -7.77333e-18   -0.0184399 -3.04756e-17   -0.0216987 -2.36289e-17   -0.0104482 -9.73044e-18  -0.00216717 -1.62158e-18
