 1.37419e-15   8.2116e-33 -4.06533e-14 -1.19814e-30  4.55458e-13  2.38299e-29 -2.97012e-12 -2.02499e-28  1.29176e-11  8.95294e-28 -3.98585e-11  -1.5769e-27  8.97155e-11 -5.36514e-27 -1.47959e-10  4.93208e-26  1.75002e-10 -1.95103e-25 -1.38355e-10  5.26721e-25  5.69648e-11 -1.08206e-24  8.23321e-12  1.77356e-24 -2.10724e-11 -2.36815e-24  4.16787e-12   2.5623e-24  5.20907e-12 -2.12647e-24 -1.66742e-12  1.06791e-24 -1.36583e-12  2.86094e-25  3.49441e-13 -1.42548e-24  3.79565e-13  1.99379e-24 -1.66816e-14 -2.00916e-24 -8.99506e-14   1.7179e-24  -1.9892e-14 -1.30032e-24  1.27782e-14  8.15684e-25  8.09995e-15 -3.45608e-25   4.4092e-16  1.63734e-26 -1.28244e-15  1.22494e-25 -5.74928e-16 -1.31884e-25 -2.74234e-17  9.37128e-26  7.53079e-17 -5.08537e-26   3.5821e-17  1.87994e-26  5.36657e-18 -2.33508e-27 -2.14062e-18 -2.51409e-27   -1.554e-18  2.69545e-27 -4.41435e-19 -1.82392e-27   -3.375e-20   8.5705e-28  2.67015e-20  -2.4257e-28  1.40985e-20  4.69201e-29  3.69906e-21 -1.90939e-29  4.70732e-22  6.19157e-30 -5.92496e-23  1.73098e-30 -5.07825e-23 -1.57513e-30 -1.54941e-23  2.42157e-31 -3.01863e-24  1.06785e-31 -3.49847e-25 -8.57681e-32  3.97036e-27  2.18195e-32  1.33685e-26  3.34584e-33  3.81817e-27 -1.84509e-33  7.04758e-28 -1.49915e-34  9.55333e-29  7.60328e-35  9.23906e-30  5.90471e-36  4.66381e-31 -4.15637e-36 -3.54838e-32  6.33525e-37 -1.24454e-32  9.54434e-38 -1.82671e-33  1.68008e-38 -1.88286e-34 -8.37492e-39 -1.48284e-35  -2.5008e-39 -9.03767e-37 -1.93741e-40 -4.16389e-38 -1.53369e-41 -1.35669e-39 -8.94023e-43 -2.29952e-41  3.57989e-44  4.79511e-44  1.55706e-45  4.43572e-45 -3.98196e-46  1.79637e-46 -1.14409e-47
  8.2116e-33  5.90264e-14  9.12199e-31 -9.89078e-13 -4.73379e-29  8.39855e-12  6.57832e-28 -4.51392e-11  -4.6614e-27    1.681e-10  1.96367e-26 -4.52783e-10 -4.77587e-26  8.96836e-10  3.12746e-26 -1.29893e-09  2.51956e-25  1.32648e-09 -1.23034e-24 -8.55246e-10  3.32488e-24  2.05302e-10 -6.49544e-24  1.54429e-10  9.93373e-24 -1.24223e-10 -1.22513e-23 -1.19275e-11  1.20261e-23  3.73956e-11 -8.42343e-24  7.15642e-13  1.86232e-24 -9.93199e-12  5.61412e-24 -9.76239e-13 -1.11714e-23  2.30513e-12  1.31319e-23  6.70174e-13  -1.2065e-23 -3.62527e-13  9.64962e-24 -2.43922e-13 -6.91358e-24 -3.01713e-16  4.09497e-24  4.77042e-14 -1.56812e-24  1.72072e-14 -7.02004e-26 -1.89277e-15  6.74569e-25 -3.62579e-15  -6.5055e-25 -1.18606e-15  4.36159e-25  4.10434e-17 -2.26996e-25  1.83184e-16  8.01427e-26  7.38013e-17 -8.52147e-27  9.67263e-18 -1.11098e-26 -4.20861e-18  1.13149e-26 -2.84951e-18 -7.38603e-27  -8.1146e-19  3.20646e-27 -8.59413e-20 -7.62885e-28  3.18967e-20  1.29624e-28  1.96415e-20  -8.1247e-29  5.61365e-21  2.72284e-29  9.28868e-22  8.56549e-30   2.5134e-23 -6.84552e-30 -3.93771e-23  9.91059e-31 -1.49591e-23   3.9108e-31 -3.36381e-24 -3.16686e-31  -5.1846e-25   7.4612e-32 -4.67777e-26  1.67405e-32  1.55352e-27 -6.66158e-33   1.6043e-27 -9.78849e-34  3.74252e-28  2.91796e-34  5.86993e-29  3.09006e-35  6.94684e-30 -1.10074e-35  6.21554e-31  7.70343e-37  3.80407e-32  3.11615e-37  7.63074e-34  5.61765e-38  -1.5908e-34 -2.79012e-38  -2.5203e-35 -7.60986e-39 -2.20281e-36 -6.81536e-40 -1.36283e-37  -5.4207e-41 -6.15945e-39 -2.88433e-42  -1.9286e-40  6.43388e-44  -4.3068e-42  2.68558e-45 -6.46304e-44 -5.59861e-46  -2.8758e-46
-4.06533e-14  9.12199e-31    1.245e-12  2.60178e-29 -1.44687e-11 -8.84653e-28  9.81072e-11  9.68349e-27 -4.44968e-10 -5.86884e-26  1.43717e-09  2.24826e-25 -3.40323e-09 -5.48358e-25  5.94869e-09   6.8584e-25  -7.5505e-09  5.76545e-25  6.57644e-09 -5.17709e-24 -3.27623e-09  1.43014e-23  6.95705e-11 -2.64968e-23   9.9238e-10  3.75224e-23 -3.71047e-10 -4.22988e-23   -2.064e-10  3.68509e-23  1.32285e-10 -1.94406e-23  5.13303e-11 -7.47817e-24 -3.32331e-11  3.55519e-23 -1.64143e-11 -5.38696e-23  5.54383e-12  5.70314e-23  4.99203e-12 -4.89284e-23  7.88573e-16  3.70615e-23 -1.06878e-12 -2.53331e-23 -3.39644e-13  1.42371e-23   9.0479e-14 -4.90596e-24  9.58621e-14 -7.23934e-25   2.1248e-14  2.50804e-24 -7.28273e-15 -2.19421e-24 -6.32534e-15  1.38762e-24 -1.61352e-15 -6.94318e-25  1.74932e-16  2.36982e-25  2.83544e-16 -2.32916e-26  1.02684e-16 -3.27917e-26  1.30672e-17  3.27912e-26 -4.98371e-18 -2.06991e-26 -3.39179e-18  8.14085e-27 -9.94354e-19 -1.49228e-27 -1.37582e-19  2.24871e-28  1.80463e-20 -2.58183e-28  1.64885e-20  8.52567e-29  5.23251e-21  2.82423e-29  1.02847e-21 -2.02905e-29   1.0626e-22  2.78301e-30 -9.68167e-24  9.90557e-31 -7.45631e-24 -8.29111e-31 -1.99706e-24  1.81271e-31 -3.61199e-25   5.5231e-32 -4.68375e-26 -1.68163e-32 -3.77949e-27 -3.55881e-33  2.65892e-29  7.05326e-34  7.22389e-29  1.18972e-34  1.49334e-29 -1.82805e-35  2.01558e-30 -1.38172e-36  2.05427e-31   4.7075e-37  1.62461e-32  1.05657e-37  9.74659e-34 -6.04854e-38  4.02943e-35 -1.55887e-38  6.98672e-37 -1.55147e-39 -4.42162e-38 -1.27222e-40 -4.36788e-39 -6.06916e-42 -1.84761e-40  1.05264e-43 -4.72635e-42  5.35385e-45 -7.61854e-44 -3.82969e-46
-1.19814e-30 -9.89078e-13  2.60178e-29  1.71905e-11  4.25468e-28 -1.51739e-10 -1.08629e-26   8.5003e-10  9.82641e-26 -3.31026e-09 -5.17467e-25  9.36399e-09  1.78646e-24 -1.95951e-08 -4.11033e-24  3.02594e-08  5.62026e-24 -3.34964e-08 -8.36843e-25  2.43798e-08 -1.69775e-23 -8.33613e-09  4.87836e-23 -2.83266e-09  -8.4949e-23  3.86965e-09  1.09873e-22 -3.35798e-10 -1.11118e-22 -1.07273e-09  8.20835e-23  2.00825e-10   -2.056e-23  2.91063e-10 -6.51702e-23 -3.62385e-11  1.48389e-22 -7.81635e-11 -1.95123e-22 -4.81329e-12  1.91817e-22  1.71476e-11 -1.55621e-22  5.56957e-12  1.12486e-22 -1.98808e-12 -7.38172e-23 -1.77899e-12  3.95798e-23 -2.46303e-13 -1.22538e-23  2.32213e-13 -3.18376e-24  1.33804e-13  7.29709e-24  1.66803e-14 -5.83866e-24 -1.35575e-14  3.47754e-24 -8.20157e-15 -1.68007e-24 -1.72017e-15  5.65087e-25   2.8541e-16 -5.80555e-26  3.27407e-16 -7.51275e-26  1.11615e-16  7.63774e-26  1.51592e-17 -4.64762e-26 -3.95567e-18  1.60329e-26 -2.97274e-18 -1.80542e-27 -9.16052e-19  2.65766e-28 -1.55235e-19 -6.87013e-28 -8.09203e-22  2.15359e-28  8.93237e-21  7.22724e-29  3.32825e-21 -4.74516e-29  7.46657e-22  6.31992e-30  1.09705e-22    1.985e-30  6.90221e-24 -1.79137e-30 -1.59024e-24  3.64627e-31  -6.6838e-25  1.42333e-31 -1.42228e-25 -3.40355e-32 -2.16158e-26 -9.54965e-33 -2.45346e-27  1.25447e-33 -1.93156e-28  3.48124e-34 -5.99752e-30 -1.79127e-35   1.0607e-30 -8.59122e-36  2.33956e-31 -3.10745e-38  2.75083e-32  1.01456e-37  2.32341e-33 -1.00697e-37  1.49206e-34 -2.45388e-38  7.29458e-36 -2.65748e-39  2.60536e-37 -2.24357e-40  6.34964e-39 -9.43037e-42  9.38815e-41  1.64098e-43  2.56928e-43  8.01399e-45 -1.03091e-44
 4.55458e-13 -4.73379e-29 -1.44687e-11  4.25468e-28  1.74777e-10  4.85984e-27 -1.23483e-09 -9.92804e-26  5.85284e-09  7.63035e-25 -1.98286e-08 -3.53174e-24  4.94959e-08  1.09765e-23 -9.18532e-08 -2.33221e-23  1.25219e-07  3.12689e-23 -1.19861e-07  -1.3727e-23   7.0352e-08 -4.72028e-23 -1.11787e-08  1.41375e-22 -1.66278e-08 -2.27287e-22  1.00827e-08  2.62394e-22  2.33569e-09 -2.29821e-22 -3.34041e-09  1.27895e-22 -4.29903e-10  4.62701e-23  9.08801e-10 -2.73244e-22  1.84702e-10  4.80354e-22 -2.03916e-10 -5.76568e-22 -8.35933e-11  5.34632e-22  2.75437e-11  -4.1308e-22  2.60721e-11  2.86311e-22  2.23243e-12 -1.81361e-22 -4.48112e-12  9.33919e-23 -2.04752e-12 -2.60491e-23  2.60768e-14 -9.85462e-24  3.59934e-13  1.76868e-23  1.44437e-13 -1.29899e-23  6.65113e-15  7.25739e-24 -1.76548e-14 -3.40862e-24 -8.58003e-15  1.16238e-24 -1.57082e-15 -1.41627e-25  3.01571e-16 -1.42875e-25  2.99855e-16   1.5321e-25  9.98757e-17 -8.89084e-26   1.5279e-17  2.54723e-26 -1.96001e-18 -2.87326e-28 -1.97696e-18  1.97242e-28 -6.54728e-19 -1.57925e-27 -1.29197e-19  4.60034e-28 -1.10563e-20   1.5212e-28  2.66236e-21 -9.30431e-29  1.43965e-21  1.26253e-29  3.70231e-22   3.3062e-30  6.50083e-23 -3.41231e-30  7.67942e-24  6.46726e-31  3.56482e-25  3.08548e-31  -9.2153e-26 -5.80244e-32 -3.05197e-26 -2.09657e-32 -5.43798e-27  1.70028e-33 -7.05238e-28  8.11003e-34 -7.02221e-29  3.64821e-36 -5.26457e-30 -2.32209e-35 -2.61707e-31 -2.13586e-36 -2.82331e-33 -6.83389e-38  9.65181e-34 -1.38636e-37  1.13786e-34 -3.11217e-38  7.60864e-36 -3.63779e-39  3.44534e-37 -3.12824e-40   1.0733e-38  -1.1309e-41  2.17405e-40  2.13958e-43   2.1311e-42  6.77785e-45
 2.38299e-29  8.39855e-12 -8.84653e-28 -1.51739e-10  4.85984e-27  1.39545e-09  4.24762e-26 -8.16615e-09 -7.20958e-25  3.33302e-08  4.79669e-24 -9.92356e-08 -1.96876e-23  2.19837e-07    5.515e-23 -3.62522e-07  -1.0717e-22  4.35033e-07  1.35005e-22 -3.55025e-07 -6.96389e-23  1.56896e-07 -1.20175e-22  1.47468e-08  3.63424e-22 -5.79912e-08 -5.24295e-22  1.57554e-08  5.20106e-22   1.3951e-08 -3.65422e-22 -6.44533e-09  8.81168e-23 -3.67432e-09  3.26749e-22  1.63587e-09 -8.45909e-22  1.12518e-09  1.29299e-21 -2.35682e-10 -1.45221e-21 -3.19765e-10  1.28154e-21 -2.54488e-11 -9.46859e-22  6.30272e-11  6.31306e-22  2.54509e-11 -3.88014e-22 -3.72291e-12  1.93467e-22 -6.18477e-12 -4.90573e-23 -1.74447e-12  -2.4354e-23  3.36169e-13  3.70264e-23  4.17781e-13 -2.49253e-23   1.2847e-13  1.29521e-23 -2.63884e-15 -5.98014e-24 -1.79468e-14  2.15176e-24 -7.57558e-15  -3.3559e-25 -1.29874e-15 -2.36134e-25  2.26295e-16  2.76586e-25  2.23297e-16 -1.50014e-25   7.4906e-17  3.22715e-26  1.30762e-17  5.20467e-27 -2.39516e-19  7.38923e-29 -9.80279e-19 -3.17382e-27 -3.62827e-19  8.53212e-28 -8.07661e-20  2.69603e-28 -1.09025e-20 -1.58422e-28 -1.60483e-22  2.34891e-29  3.76694e-22  4.68821e-30  1.22866e-22 -5.94622e-30  2.47175e-23  1.04161e-30  3.59743e-24   5.8691e-31   3.6856e-25 -8.48432e-32  1.86565e-26 -3.95986e-32 -1.95016e-27  1.63231e-33 -6.63246e-28  1.56619e-33 -1.02532e-28  6.21786e-35 -1.12518e-29  -4.5356e-35 -9.47203e-31 -6.64745e-36 -6.17142e-32 -5.11174e-37 -3.01653e-33 -1.64916e-37 -1.00001e-34 -3.23697e-38 -1.46077e-36 -4.10832e-39  4.52085e-38 -3.54992e-40  3.33597e-39  -1.0597e-41  8.18688e-41  2.08445e-43   6.1147e-43
-2.97012e-12  6.57832e-28  9.81072e-11 -1.08629e-26 -1.23483e-09  4.24762e-26  9.11267e-09  2.99439e-25 -4.52477e-08 -4.33065e-24  1.61182e-07  2.52849e-23 -4.25105e-07 -9.26776e-23  8.39276e-07  2.34385e-22  -1.2304e-06 -4.14311e-22  1.29245e-06  4.79069e-22 -8.78337e-07 -2.40386e-22  2.47936e-07 -3.01544e-22  1.44349e-07  8.53436e-22 -1.44231e-07 -1.06291e-21 -4.94669e-10  8.48618e-22  4.39017e-08 -3.80607e-22 -4.29957e-09 -2.42542e-22 -1.23372e-08  1.10043e-21  4.91032e-10 -2.15137e-21  3.28293e-09  3.00404e-21  4.45427e-10 -3.20134e-21 -6.89247e-10  2.70375e-21 -2.83124e-10 -1.91484e-21  6.61103e-11  1.23062e-21  8.06739e-11 -7.37876e-22  1.56588e-11  3.59934e-22 -9.17308e-12 -8.44202e-23 -6.40709e-12 -5.09555e-23 -1.10642e-12  6.86236e-23  5.36874e-13 -4.20092e-23  3.94562e-13  1.99708e-23  9.87113e-14 -9.23719e-24 -7.16739e-15  3.69684e-24 -1.49547e-14 -7.47582e-25 -5.78671e-15 -3.54335e-25 -9.95122e-16  4.63924e-25  1.16693e-16 -2.28288e-25  1.35617e-16  2.92402e-26  4.70709e-17    1.698e-26  9.28217e-18  1.50402e-28  5.71825e-19 -5.61094e-27  -3.3119e-19  1.40003e-27 -1.52067e-19  4.02344e-28 -3.78722e-20 -2.40196e-28 -6.33206e-21    4.211e-29 -6.13826e-22  5.75263e-30  2.19776e-23 -9.68323e-30  2.40432e-23  1.54142e-30  5.95304e-24  1.00662e-30  9.87238e-25 -1.05979e-31  1.22703e-25 -6.61959e-32  1.13473e-26  5.42518e-34  6.76454e-28  2.58075e-33  2.46203e-30  1.69322e-34 -5.34159e-30 -7.14245e-35 -7.85878e-31 -1.35718e-35 -7.15823e-32 -1.24392e-36 -4.73804e-33 -1.74122e-37  -2.3389e-34 -2.75572e-38 -8.46738e-36 -3.90925e-39 -2.13557e-37  -3.3369e-40 -3.28559e-39 -7.65892e-42 -2.06661e-41  1.30149e-43
-2.02499e-28 -4.51392e-11  9.68349e-27   8.5003e-10 -9.92804e-26 -8.16615e-09  2.99439e-25  5.00549e-08    1.762e-24 -2.14691e-07 -2.21119e-23  6.74529e-07  1.14486e-22 -1.58575e-06 -3.76855e-22  2.79799e-06  8.61784e-22 -3.64225e-06  -1.3803e-21  3.31751e-06  1.44068e-21  -1.8012e-06 -6.33807e-22  1.55495e-07 -7.74597e-22  5.17553e-07  1.86348e-21 -2.56406e-07 -1.91416e-21 -9.26283e-08  1.08217e-21  9.32772e-08  2.49618e-23   2.0276e-08 -1.22209e-21  -2.6217e-08  2.79752e-21 -7.49497e-09 -4.70935e-21  5.81228e-09  6.16031e-21  2.97289e-09 -6.28396e-21 -6.88901e-10  5.09983e-21 -8.67699e-10 -3.46655e-21 -1.19269e-10  2.14964e-21  1.38688e-10 -1.26517e-21  7.39555e-11  6.11789e-22  2.83394e-12  -1.3624e-22 -1.17986e-11 -9.35933e-23  -5.3892e-12  1.14794e-22 -4.79689e-13 -6.28296e-23  5.72403e-13  2.64534e-23  3.17085e-13 -1.26898e-23  6.82111e-14  6.02899e-24  -6.9329e-15 -1.53198e-24 -1.04473e-14 -5.07066e-25 -3.86362e-15  7.39416e-25 -7.00963e-16  -3.1809e-25  2.94697e-17  7.20278e-27  6.60315e-17  3.64638e-26   2.4476e-17  8.88884e-28  5.36421e-18 -8.74227e-27  6.25081e-19  2.06573e-27 -4.76887e-20  4.89416e-28 -4.50796e-20  -3.3152e-28 -1.30159e-20  7.34262e-29 -2.49167e-21  6.23366e-30 -3.35502e-22 -1.49053e-29 -2.63242e-23  2.10253e-30  9.67449e-25  1.58638e-30  7.67478e-25 -1.08864e-31  1.57819e-25 -9.97065e-32  2.20039e-26 -2.05792e-33  2.33154e-27  3.69866e-33  1.90639e-28  3.25486e-34  1.15327e-29 -9.44978e-35  4.31545e-31 -2.17315e-35 -1.04373e-33 -2.13212e-36 -1.51132e-33 -1.64839e-37 -1.20952e-34  -1.8678e-38 -5.59639e-36   -3.195e-39 -1.63725e-37 -2.61873e-40 -2.71283e-39 -4.06444e-42 -1.64954e-41
 1.29176e-11  -4.6614e-27 -4.44968e-10  9.82641e-26  5.85284e-09 -7.20958e-25 -4.52477e-08    1.762e-24  2.36055e-07  8.86569e-24 -8.86711e-07 -9.78784e-23  2.47783e-06  4.53115e-22 -5.21733e-06 -1.34556e-21  8.24011e-06  2.78534e-21 -9.49363e-06 -4.02771e-21  7.38399e-06  3.73671e-21 -2.94842e-06 -1.29651e-21 -6.05719e-07 -1.99843e-21  1.28874e-06  3.80695e-21 -2.62434e-07 -3.07432e-21 -3.43095e-07  8.70493e-22  1.26474e-07  1.31193e-21  9.45267e-08 -3.32875e-21  -3.2967e-08  5.94678e-21 -2.87873e-08 -9.09901e-21  4.14152e-09  1.13096e-20  8.01748e-09 -1.11137e-20  1.01291e-09  8.69752e-21 -1.52789e-09 -5.67619e-21 -7.09119e-10  3.39542e-21  6.55484e-11 -1.97652e-21   1.6224e-10  9.63584e-22  5.18052e-11  -2.1048e-22 -6.85483e-12 -1.55146e-22 -1.13317e-11  1.76262e-22 -3.85413e-12 -8.36633e-23 -7.47416e-14  2.91038e-23  4.80115e-13 -1.55595e-23   2.2277e-13  9.46799e-24  4.37733e-14 -2.87064e-24 -4.32397e-15  -7.2657e-25 -6.15588e-15  1.13454e-24 -2.25165e-15 -4.09751e-25 -4.41974e-16  -4.2742e-26 -1.33771e-17  6.29032e-26  2.45372e-17  2.83449e-27  1.02806e-17 -1.19451e-26  2.47816e-18  2.78667e-27   3.8102e-19  4.26271e-28  2.20517e-20 -4.26067e-28 -7.53208e-21  1.23464e-28  -3.0736e-21  6.19814e-30 -6.72454e-22  -2.1809e-29 -1.05135e-22  2.64479e-30 -1.20484e-23  2.32899e-30 -8.87241e-25 -7.91082e-32 -3.92244e-27 -1.36985e-31  1.08835e-26 -6.50316e-33  2.02723e-27  4.66291e-33  2.37935e-28  5.15293e-34  2.07784e-29 -1.06727e-34  1.39687e-30 -2.90251e-35  7.16372e-32 -2.91402e-36  2.67854e-33 -1.38167e-37  6.50009e-35  -9.1895e-39   6.3432e-37 -2.29535e-39 -1.36058e-38 -1.70428e-40 -4.06217e-40 -1.37162e-42
 8.95294e-28    1.681e-10 -5.86884e-26 -3.31026e-09  7.63035e-25  3.33302e-08 -4.33065e-24 -2.14691e-07  8.86569e-24  9.70805e-07  3.88336e-23 -3.22879e-06 -3.81262e-22  8.07902e-06  1.58863e-21 -1.52914e-05 -4.27104e-21  2.16218e-05  8.00718e-21 -2.19189e-05 -1.04102e-20  1.41924e-05  8.43691e-21 -3.36193e-06 -1.91732e-21 -2.88983e-06 -4.93807e-21  2.43009e-06  7.25187e-21    1.692e-07 -4.39587e-21 -8.00868e-07 -2.67948e-22  3.49543e-08  3.96017e-21  2.34043e-07  -7.0275e-21  1.91412e-09   1.1032e-20 -6.31712e-08 -1.57513e-20 -1.12917e-08  1.87602e-20  1.32017e-08 -1.78605e-20  6.14496e-09  1.35277e-20 -1.13911e-09 -8.46843e-21 -1.69702e-09  4.87626e-21 -3.77215e-10 -2.83622e-21  1.82908e-10  1.42405e-21  1.41932e-10 -3.15302e-22  2.77557e-11 -2.37931e-22 -1.09379e-11    2.524e-22 -8.95839e-12 -9.86561e-23 -2.42864e-12  2.35109e-23  8.96887e-14 -1.69475e-23  3.35053e-13  1.44069e-23  1.38907e-13 -4.93604e-24  2.65074e-14 -1.07239e-24 -1.69681e-15  1.68336e-24 -3.03459e-15 -4.89912e-25 -1.13282e-15 -1.26289e-25 -2.41892e-16  9.22568e-26 -2.15197e-17  6.37267e-27  6.01492e-18 -1.40429e-26  3.34209e-18   3.5054e-27  8.93242e-19  7.82819e-29  1.60699e-19 -5.22295e-28  1.84726e-20  1.97451e-28  4.06652e-22  6.02959e-30 -4.01457e-22 -3.04298e-29 -1.16788e-22  3.07017e-30 -2.06983e-23  3.21801e-30  -2.7152e-24 -4.02911e-33  -2.7099e-25 -1.73181e-31 -1.94516e-26 -1.28297e-32 -7.31007e-28  5.19352e-33  3.81048e-29  7.08179e-34  9.66101e-30 -1.03009e-34   9.7253e-31 -3.32931e-35  6.56437e-32 -3.31469e-36  3.19139e-33  -9.7538e-38  1.10738e-34 -2.04639e-39  2.56447e-36 -1.48786e-39  3.42573e-38 -8.85501e-41  1.70456e-40
-3.98585e-11  1.96367e-26  1.43717e-09 -5.17467e-25 -1.98286e-08  4.79669e-24  1.61182e-07 -2.21119e-23 -8.86711e-07  3.88336e-23  3.52491e-06  1.50145e-22 -1.04721e-05 -1.32235e-21  2.35908e-05  4.98608e-21 -4.02376e-05 -1.21693e-20   5.0872e-05  2.06573e-20 -4.49438e-05 -2.40167e-20  2.31589e-05  1.66161e-20 -7.01211e-07 -1.26303e-21  -7.6777e-06 -1.12353e-20  3.36361e-06  1.27556e-20  1.56095e-06 -5.56238e-21 -1.33554e-06 -2.67739e-21 -3.67093e-07   8.1509e-21  3.91998e-07 -1.25564e-20  1.31321e-07  1.82806e-20 -8.86273e-08 -2.46531e-20 -5.06193e-08  2.82792e-20  1.00731e-08 -2.62484e-20  1.47337e-08  1.93236e-20  2.32642e-09 -1.15683e-20 -2.34831e-09  6.37874e-21 -1.33535e-09 -3.76278e-21 -7.23573e-11  1.99783e-21  2.10984e-10  -4.5972e-22  1.01387e-10  -3.4575e-22  1.04446e-11  3.42324e-22  -1.0441e-11 -1.00875e-22 -6.10295e-12  5.00253e-24 -1.39337e-12 -1.60624e-23  1.02737e-13  2.12382e-23  1.98972e-13 -7.84941e-24  7.72553e-14 -1.62116e-24   1.5055e-14  2.41171e-24 -1.43018e-16 -5.41394e-25 -1.21992e-15 -2.43258e-25  -4.8242e-16  1.16737e-25  -1.1167e-16   1.1442e-26 -1.47875e-17 -1.34257e-26  2.94723e-19  4.21346e-27   7.6689e-19 -6.83698e-28  2.41191e-19 -6.24246e-28  4.86491e-20   2.9733e-28  7.01191e-21  6.05751e-30  6.60421e-22 -4.06154e-29  1.21854e-23   3.2913e-30 -9.79431e-24   4.2158e-30 -2.37066e-24  1.23393e-31 -3.49744e-25 -2.02738e-31 -3.83709e-26 -2.06437e-32 -3.25816e-27  5.09263e-33 -2.11417e-28  8.64862e-34 -9.74734e-30  -8.3889e-35  -2.3602e-31 -3.33118e-35  5.63277e-33 -3.18601e-36  8.56549e-34 -4.99444e-38  4.16643e-35  1.58692e-39  1.09724e-36 -8.79811e-40  1.37829e-38 -3.22344e-41
 -1.5769e-27 -4.52783e-10  2.24826e-25  9.36399e-09 -3.53174e-24 -9.92356e-08  2.52849e-23  6.74529e-07 -9.78784e-23 -3.22879e-06  1.50145e-22  1.14127e-05  5.18128e-22 -3.05079e-05 -4.12284e-21  6.21443e-05  1.41297e-20  -9.5659e-05 -3.13665e-20  0.000107804  4.81535e-20 -8.17373e-05 -4.96941e-20  3.05903e-05  2.83452e-20  8.98273e-06  3.53273e-21 -1.52623e-05 -2.30153e-20  2.57156e-06  2.04349e-20  4.36834e-06   -6.205e-21 -1.45203e-06  -6.0267e-21 -1.25253e-06  1.33457e-20  3.98984e-07 -1.97365e-20   3.8958e-07  2.74663e-20 -4.92662e-08 -3.50602e-20 -1.10809e-07  3.88579e-20 -1.54037e-08 -3.54611e-20  2.16331e-08  2.55083e-20  1.04364e-08 -1.45049e-20 -9.10316e-10  7.57756e-21 -2.43893e-09 -4.64261e-21 -7.99091e-10  2.68996e-21  1.03139e-10 -6.50119e-22  1.77984e-10 -4.86582e-22  6.18846e-11  4.46218e-22  1.52659e-12 -8.40736e-23  -7.7366e-12 -3.01526e-23 -3.67808e-12 -1.23901e-23 -7.49452e-13  3.02258e-23  6.14789e-14 -1.16493e-23  1.01046e-13  -2.4445e-24  3.81499e-14  3.32278e-24  7.82929e-15 -5.42081e-25  3.78868e-16 -3.86068e-25 -3.76942e-16  1.25394e-25 -1.68759e-16  1.73091e-26 -4.22955e-17 -8.40811e-27 -6.90647e-18  4.97151e-27 -5.34651e-19 -1.93357e-27  8.83138e-20 -7.36215e-28  4.47266e-20  4.20092e-28   1.0345e-20  6.00709e-30  1.68221e-21 -5.20674e-29   2.0355e-22  3.24846e-30  1.71995e-23  5.26176e-30  6.27651e-25  3.01108e-31 -9.01468e-26  -2.2064e-31 -2.21656e-26 -2.90518e-32 -2.76679e-27  4.32905e-33 -2.45921e-28  9.48164e-34 -1.65664e-29 -5.57866e-35 -8.48379e-31 -2.93206e-35  -3.2055e-32 -2.58309e-36 -8.31517e-34 -5.87173e-39 -1.25584e-35   2.3159e-39 -6.06786e-38 -4.54776e-40  4.44239e-40
 8.97155e-11 -4.77587e-26 -3.40323e-09  1.78646e-24  4.94959e-08 -1.96876e-23 -4.25105e-07  1.14486e-22  2.47783e-06 -3.81262e-22 -1.04721e-05  5.18128e-22  3.32221e-05  1.61044e-21 -8.03948e-05 -1.16473e-20   0.00014859   3.6411e-20 -0.000206493 -7.36024e-20  0.000206309  1.01952e-19 -0.000130905  -9.2401e-20  2.77828e-05  4.09004e-20  3.03279e-05  1.73687e-20 -2.38561e-05 -4.19312e-20 -2.42458e-06  2.92773e-20  8.38897e-06 -6.26551e-21 -2.24127e-07 -8.60713e-21 -2.56126e-06  1.79842e-20 -4.51695e-08 -2.79608e-20  7.18351e-07  3.78346e-20  1.32662e-07 -4.53639e-20 -1.56684e-07  4.87003e-20 -7.38804e-08 -4.42548e-20  1.44941e-08  3.13089e-20  2.13035e-08 -1.66784e-20  4.67189e-09  8.08273e-21 -2.43997e-09 -5.36052e-21 -1.86922e-09  3.51119e-21 -3.58489e-10 -8.85564e-22  1.53529e-10 -6.73791e-22  1.23517e-10  5.65958e-22  3.33775e-11 -4.47418e-23 -1.43173e-12 -8.35639e-23 -4.78206e-12 -5.71314e-24 -1.98987e-12   4.1368e-23 -3.84779e-13 -1.62789e-23  2.24763e-14 -3.58871e-24  4.34863e-14  4.38419e-24  1.65069e-14 -4.63147e-25  3.61189e-15 -5.39791e-25  3.55828e-16  1.05924e-25 -7.51802e-17  2.25182e-26 -4.61733e-17  2.23277e-27 -1.27245e-17  5.87744e-27 -2.36342e-18 -3.64523e-27 -2.91795e-19 -8.52301e-28 -1.32257e-20  5.58273e-28  4.19629e-21  4.70201e-30   1.4083e-21 -6.44152e-29  2.59988e-22  2.90253e-30   3.4988e-23  6.27115e-30  3.60662e-24  5.16054e-31  2.78101e-25  -2.2356e-31  1.39004e-26 -3.67358e-32  8.28624e-29  3.06076e-33 -6.52059e-29  9.34791e-34 -7.59432e-30 -2.81287e-35 -5.18674e-31 -2.27931e-35 -2.42666e-32 -1.72979e-36 -7.77183e-34  2.41919e-38 -1.57564e-35  1.58274e-39 -1.62792e-37 -1.74701e-40
-5.36514e-27  8.96836e-10 -5.48358e-25 -1.95951e-08  1.09765e-23  2.19837e-07 -9.26776e-23 -1.58575e-06  4.53115e-22  8.07902e-06 -1.32235e-21 -3.05079e-05  1.61044e-21  8.75538e-05  4.54328e-21 -0.000192787 -3.00172e-20  0.000324147   8.5839e-20 -0.000406326 -1.58065e-19  0.000356777  1.96804e-19  -0.00018126 -1.54161e-19  5.48553e-07  4.65895e-20  6.59582e-05  4.64956e-20 -2.81845e-05 -6.72329e-20 -1.42203e-05  3.64349e-20  1.20074e-05 -6.62717e-21   3.4256e-06 -6.79108e-21 -3.71912e-06  1.96009e-20 -1.24815e-06 -3.64799e-20   8.9165e-07  4.82231e-20  5.02017e-07 -5.32342e-20 -1.12981e-07  5.55431e-20 -1.54751e-07 -5.13106e-20 -2.21367e-08  3.59773e-20  2.66608e-08 -1.74722e-20  1.45862e-08  7.51484e-21  4.95513e-10 -5.83941e-21  -2.5109e-09  4.48065e-21 -1.16406e-09 -1.15423e-21  -1.0209e-10 -9.23611e-22  1.31763e-10  7.04459e-22  7.41758e-11  1.60746e-23  1.64298e-11 -1.53988e-22  -1.5441e-12  4.03944e-24 -2.53365e-12  5.43245e-23 -9.71072e-13 -2.15883e-23 -1.88165e-13 -5.07372e-24  2.13753e-15   5.5212e-24  1.54573e-14 -2.68137e-25  6.12465e-15 -6.83692e-25  1.43141e-15  4.76183e-26  1.96139e-16  2.51128e-26 -6.50469e-19  1.86898e-26 -8.91156e-18  6.97383e-27 -2.89785e-18 -5.67624e-27 -5.95291e-19 -9.46307e-28 -8.80774e-20  7.02787e-28 -8.90958e-21   4.0935e-31 -3.51783e-22  -7.7248e-29  8.09528e-23  2.21437e-30  2.29236e-23  7.13817e-30  3.49782e-24  7.44556e-31  3.87854e-25 -2.10589e-31  3.31457e-26 -4.22197e-32   2.1852e-27  1.58168e-33  1.06669e-28  8.23773e-34  3.38125e-30 -8.91406e-36  3.07608e-32 -1.56555e-35 -3.09491e-33 -9.00702e-37 -1.74101e-34  3.51046e-38 -4.03979e-36  6.56631e-40 -3.23532e-38
-1.47959e-10  3.12746e-26  5.94869e-09 -4.11033e-24 -9.18532e-08    5.515e-23  8.39276e-07 -3.76855e-22 -5.21733e-06  1.58863e-21  2.35908e-05 -4.12284e-21 -8.03948e-05  4.54328e-21  0.000210141  1.17104e-20 -0.000422872 -7.09856e-20  0.000647979  1.86108e-19 -0.000730984 -3.12048e-19  0.000556366  3.47231e-19 -0.000207208 -2.29228e-19 -6.79033e-05  3.13184e-20  0.000112236  9.60531e-20 -1.92446e-05 -9.32234e-20 -3.36058e-05   3.6989e-20  1.17897e-05 -9.84282e-21   9.9732e-06  4.88117e-21 -3.50498e-06  1.55673e-20 -3.24321e-06 -4.49416e-20  5.18666e-07  5.73469e-20  9.81884e-07 -5.60573e-20  1.10173e-07  5.72767e-20 -2.09167e-07 -5.57361e-20 -9.38959e-08  3.90402e-20  1.26641e-08 -1.63726e-20  2.44301e-08  5.58834e-21  7.39688e-09 -6.07471e-21 -1.38603e-09  5.62236e-21  -1.8829e-09  -1.4336e-21 -6.16049e-10   -1.248e-21   4.0674e-12  8.63958e-22  8.78121e-11  9.16821e-23  3.96553e-11 -2.37372e-22    7.629e-12  1.70196e-23 -8.88102e-13  6.84781e-23  -1.1588e-12 -2.73394e-23 -4.25517e-13 -6.91929e-24 -8.57058e-14   6.6187e-24 -3.71398e-15  8.44663e-26  4.28876e-15 -7.93877e-25  1.88827e-15 -5.50171e-26  4.72063e-16  2.31878e-26  7.77764e-17   3.9741e-26  6.44291e-18  8.12294e-27 -8.08977e-19 -7.79482e-27 -4.53156e-19 -9.69529e-28 -1.06453e-19  8.46688e-28 -1.74637e-20 -8.18778e-30 -2.14759e-21 -9.00561e-29 -1.90752e-22  1.13831e-30 -9.33501e-24  7.74812e-30  4.41934e-25  9.55708e-31  1.61585e-25  -1.8342e-31   2.1078e-26 -4.42828e-32  1.86651e-27  2.16618e-34  1.22898e-28  6.37969e-34  6.07885e-30 -1.26119e-36  2.19832e-31 -9.46453e-36  5.44362e-33 -2.95892e-37  8.05099e-35  2.99317e-38  4.99857e-37  1.30975e-40
 4.93208e-26 -1.29893e-09   6.8584e-25  3.02594e-08 -2.33221e-23 -3.62522e-07  2.34385e-22  2.79799e-06 -1.34556e-21 -1.52914e-05  4.98608e-21  6.21443e-05 -1.16473e-20 -0.000192787  1.17104e-20  0.000461723  2.77366e-20 -0.000852297 -1.54835e-19   0.00119144  3.72802e-19  -0.00120454 -5.68435e-19  0.000777336   5.6054e-19 -0.000168434 -2.98741e-19 -0.000189626 -2.44999e-20  0.000155169  1.65849e-19  1.34764e-05 -1.07249e-19 -5.70875e-05  2.47075e-20  3.10939e-06 -2.05709e-20  1.82592e-05  3.26259e-20 -3.35493e-07  4.36157e-21 -5.45117e-06 -5.39502e-20 -7.97782e-07  6.41072e-20  1.30359e-06 -5.15368e-20  5.49075e-07  5.26701e-20 -1.52915e-07 -5.75303e-20 -1.79368e-07  4.04747e-20 -3.24009e-08 -1.30535e-20  2.44505e-08  2.17941e-21  1.64263e-08 -6.14806e-21  2.59074e-09  6.95316e-21 -1.66213e-09 -1.69582e-21 -1.16351e-09 -1.64444e-21 -2.85937e-10  1.04421e-21    2.807e-11  1.69719e-22   4.9117e-11 -3.27735e-22   1.9185e-11  3.36182e-23  3.42913e-12  8.31561e-23 -3.44879e-13 -3.32039e-23  -4.5424e-13 -9.18806e-24 -1.65177e-13  7.53137e-24 -3.51664e-14  6.32626e-25 -3.26089e-15 -8.46795e-25  7.94746e-16 -1.98845e-25  4.60462e-16  1.57361e-26   1.2501e-16  6.27446e-26  2.30986e-17  8.91067e-27  2.87955e-18 -9.74587e-27   1.4917e-19 -8.61461e-28 -3.41224e-20   9.8746e-28 -1.21376e-20 -2.09096e-29  -2.2524e-21 -1.02114e-28 -3.02512e-22 -3.50555e-31 -3.12057e-23  8.00008e-30 -2.44697e-24  1.11765e-30 -1.33179e-25 -1.45939e-31 -3.01217e-27  -4.2368e-32  2.80578e-28 -7.87306e-34  3.97355e-29  4.17565e-34  2.69685e-30 -2.82936e-36  1.18116e-31 -4.97711e-36  3.36146e-33  2.28102e-38  5.54662e-35  1.74966e-38  3.46941e-37
 1.75002e-10  2.51956e-25  -7.5505e-09  5.62026e-24  1.25219e-07  -1.0717e-22  -1.2304e-06  8.61784e-22  8.24011e-06 -4.27104e-21 -4.02376e-05  1.41297e-20   0.00014859 -3.00172e-20 -0.000422872  2.77366e-20  0.000932981  6.06781e-20  -0.00158482  -3.1295e-19   0.00202142  6.92816e-19  -0.00181928   -9.585e-19  0.000958808  8.27321e-19 -1.75537e-05 -3.27546e-19 -0.000361363 -1.41452e-19  0.000169399  2.45701e-19  7.69096e-05 -8.98641e-20 -7.52351e-05 -6.01538e-21 -1.78125e-05 -4.52581e-20  2.47604e-05  8.14055e-20  6.90572e-06  -1.3087e-20 -6.52683e-06 -6.53082e-20 -3.14743e-06  6.77389e-20  1.03706e-06 -3.82192e-20  1.10026e-06  4.19066e-20  9.49306e-08 -5.78055e-20  -2.2171e-07  4.07306e-20 -1.04819e-07  -7.4087e-21  3.45294e-09  -2.6383e-21  2.17351e-08 -6.20935e-21  8.88452e-09  8.46294e-21  3.15608e-10 -1.91744e-21  -1.2529e-09 -2.08644e-21 -6.24368e-10  1.24172e-21 -1.20343e-10   2.3336e-22  2.19087e-11 -4.18717e-22   2.3748e-11  5.44306e-23  8.45372e-12  9.79673e-23  1.49893e-12 -3.87522e-23 -7.75515e-14 -1.20173e-23 -1.49279e-13  8.09975e-24 -5.55708e-14  1.39528e-24 -1.25465e-14 -8.23564e-25 -1.64564e-15 -3.70044e-25  2.53434e-17  3.58807e-27  8.04692e-17  8.41058e-26   2.5286e-17  8.65115e-27   5.1066e-18 -1.13303e-26  7.48862e-19 -5.71851e-28  7.63062e-20  1.12608e-27  3.46541e-21  -3.5619e-29 -5.36496e-22 -1.12409e-28 -1.63331e-22 -2.20569e-30 -2.48688e-23   7.8345e-30 -2.71535e-24  1.20535e-30 -2.27508e-25 -1.03328e-31 -1.47213e-26 -3.68029e-32 -7.14027e-28 -1.32594e-33 -2.38057e-29  2.07672e-34  -4.0053e-31 -8.13188e-36  5.28642e-33 -2.20644e-36  4.54838e-34  1.13853e-37   8.5772e-36  6.43827e-39
-1.95103e-25  1.32648e-09  5.76545e-25 -3.34964e-08  3.12689e-23  4.35033e-07 -4.14311e-22 -3.64225e-06  2.78534e-21  2.16218e-05 -1.21693e-20  -9.5659e-05   3.6411e-20  0.000324147 -7.09856e-20 -0.000852297  6.06781e-20    0.0017409  1.23168e-19  -0.00272873 -5.88569e-19   0.00317311  1.19897e-18  -0.00251597 -1.50008e-18   0.00100893  1.11264e-18  0.000283318  -2.6642e-19 -0.000554952 -3.33301e-19  0.000122996  3.12851e-19  0.000167799    -1.84e-20 -7.35627e-05 -5.74998e-20 -5.08857e-05 -9.08377e-20  2.39282e-05  1.52606e-19   1.7717e-05 -3.26338e-20 -4.65251e-06 -8.17085e-20  -5.9776e-06  6.76964e-20 -2.23788e-07 -1.57105e-20  1.47676e-06  2.66728e-20  5.42716e-07 -5.86441e-20 -1.44325e-07  4.05885e-20 -1.74515e-07  4.61723e-22 -4.24806e-08 -8.59432e-21  1.51792e-08 -6.42734e-21  1.43724e-08  1.00917e-20  4.01018e-09 -2.09017e-21 -3.75092e-10 -2.51914e-21 -7.50037e-10  1.45053e-21 -2.99978e-10   2.6363e-22  -4.7939e-11 -5.05345e-22  1.13901e-11  8.00043e-23  1.00129e-11  1.13136e-22  3.38078e-12 -4.34429e-23   6.2317e-13  -1.5606e-23  6.78884e-15  8.17073e-24 -3.92834e-14  2.35272e-24 -1.57077e-14 -7.15093e-25 -3.75976e-15 -5.44559e-25 -5.95939e-16 -9.92325e-27 -4.53969e-17  1.00134e-25  7.07574e-18  6.53397e-27  3.55008e-18 -1.24622e-26  8.07219e-19 -8.52979e-29  1.29566e-19  1.26304e-27  1.56889e-20 -4.88058e-29  1.38972e-21 -1.19728e-28  7.24847e-23 -4.27195e-30 -1.72934e-24  7.25456e-30 -9.01016e-25  1.20724e-30 -1.17655e-25 -6.09513e-32 -1.00906e-26 -2.87241e-32 -6.33016e-28 -1.43927e-33 -2.93831e-29  4.46609e-35 -9.78719e-31  -1.2013e-35 -2.17012e-32 -7.53156e-37 -2.71506e-34  8.71562e-38 -1.16464e-36
-1.38355e-10 -1.23034e-24  6.57644e-09 -8.36843e-25 -1.19861e-07  1.35005e-22  1.29245e-06  -1.3803e-21 -9.49363e-06  8.00718e-21   5.0872e-05 -3.13665e-20 -0.000206493   8.5839e-20  0.000647979 -1.54835e-19  -0.00158482  1.23168e-19   0.00301109  2.32945e-19  -0.00436517 -1.03394e-18   0.00461859  1.93882e-18  -0.00317464 -2.18372e-18  0.000822296  1.35285e-18  0.000740964 -6.17372e-20 -0.000714635 -5.98251e-19 -1.14211e-05  3.34055e-19  0.000267698  1.26247e-19 -3.68926e-05 -1.26468e-19  -8.9519e-05 -1.62718e-19  1.00315e-05  2.42411e-19  2.91059e-05 -4.72363e-20   1.6383e-06 -1.05933e-19 -7.97494e-06  6.33481e-20 -2.55715e-06  1.55166e-20  1.27219e-06  9.71903e-21  1.06183e-06 -6.26106e-20   1.0519e-07  4.09084e-20 -1.87974e-07  1.02791e-20  -1.0083e-07 -1.52504e-20 -8.56227e-09 -6.92209e-21  1.40139e-08  1.17121e-20  7.88113e-09 -2.22815e-21  1.54097e-09   -2.863e-21 -3.88208e-10  1.66421e-21 -3.81962e-10  2.42378e-22 -1.31551e-10 -5.85604e-22   -1.893e-11   1.1045e-22  4.46254e-12  1.29681e-22  3.66332e-12 -4.66225e-23  1.21084e-12 -2.01366e-23  2.37049e-13  7.62167e-24  1.63272e-14  3.42952e-24 -7.42098e-15 -5.27265e-25 -3.56311e-15 -6.91684e-25 -9.12004e-16 -1.90127e-26 -1.61732e-16  1.08035e-25 -1.92767e-17  1.89246e-27   -8.684e-19 -1.31755e-26  2.49987e-19  5.63584e-28  8.19743e-20  1.39365e-27  1.46525e-20 -5.69972e-29  1.90951e-21 -1.22924e-28  1.91798e-22 -6.29819e-30  1.47329e-23  6.33028e-30  8.03215e-25   1.1282e-30  2.19246e-26 -2.33679e-32 -9.42533e-28 -1.97316e-32 -1.57081e-28 -1.26066e-33 -1.01819e-29 -5.35936e-35 -4.02289e-31 -1.21023e-35   -9.671e-33 -1.32876e-37 -1.16462e-34  3.57251e-38
 5.26721e-25 -8.55246e-10 -5.17709e-24  2.43798e-08  -1.3727e-23 -3.55025e-07  4.79069e-22  3.31751e-06 -4.02771e-21 -2.19189e-05  2.06573e-20  0.000107804 -7.36024e-20 -0.000406326  1.86108e-19   0.00119144  -3.1295e-19  -0.00272873  2.32945e-19   0.00484465  4.12044e-19  -0.00650845  -1.7025e-18   0.00624392  2.93893e-18  -0.00362531   -2.962e-18  0.000311332  1.46251e-18     0.001313   3.2846e-19 -0.000765884 -9.13332e-19 -0.000242277  2.73368e-19  0.000343154  3.51761e-19  4.35971e-05 -2.03284e-19 -0.000120164 -2.62848e-19 -1.98437e-05  3.41787e-19  3.57136e-05 -4.84045e-20  1.23588e-05 -1.39931e-19 -7.37357e-06  5.37172e-20 -5.43877e-06  5.46215e-20  1.51855e-07 -5.96152e-21  1.38024e-06 -7.20759e-20  4.99785e-07  4.23606e-20 -9.16561e-08  2.15982e-20 -1.40575e-07  -2.2044e-20 -4.57194e-08 -7.70241e-21  3.64126e-09   1.3126e-20  9.14286e-09 -2.36755e-21  3.76763e-09 -3.02558e-21  5.15529e-10  1.87811e-21 -2.36227e-10  1.55225e-22 -1.70153e-10 -6.61388e-22 -5.31542e-11  1.45043e-22 -7.57522e-12  1.49295e-22  1.29143e-12 -4.75472e-23  1.14237e-12 -2.56395e-23  3.79919e-13  6.38805e-24  7.91614e-14  4.48872e-24  8.98959e-15 -2.84467e-25 -6.16449e-16 -7.80363e-25 -5.97001e-16 -1.64946e-26  -1.7065e-16  1.06683e-25 -3.27481e-17  -5.4974e-27 -4.60411e-18 -1.35789e-26 -4.47548e-19   1.2931e-27  -1.8042e-20  1.50568e-27  3.36528e-21 -5.82469e-29  9.35514e-22 -1.21286e-28  1.35758e-22 -8.00529e-30  1.41887e-23  5.18269e-30  1.13689e-24   9.8732e-31  7.01997e-26  6.25887e-33  3.24781e-27 -1.14137e-32  1.04477e-28   -9.474e-34  1.87977e-30 -9.00601e-35 -1.87835e-33 -9.06782e-36 -8.26096e-34  4.68691e-38 -1.01077e-35
 5.69648e-11  3.32488e-24 -3.27623e-09 -1.69775e-23   7.0352e-08 -6.96389e-23 -8.78337e-07  1.44068e-21  7.38399e-06 -1.04102e-20 -4.49438e-05  4.81535e-20  0.000206309 -1.58065e-19 -0.000730984  3.72802e-19   0.00202142 -5.88569e-19  -0.00436517  4.12044e-19   0.00727557  6.84021e-19  -0.00907227 -2.63625e-18   0.00784835  4.18851e-18  -0.00368204 -3.74808e-18 -0.000557472  1.35302e-18   0.00190316  9.16757e-19 -0.000635732 -1.23573e-18 -0.000547315  1.03785e-19  0.000353015  6.48894e-19  0.000163336 -2.73403e-19 -0.000125218 -3.88786e-19  -6.2858e-05  4.38378e-19  3.13269e-05 -2.83248e-20  2.52394e-05 -1.84283e-19 -2.70593e-06  3.75368e-20 -7.69647e-06  1.00946e-19 -1.89414e-06 -1.80178e-20  1.17072e-06 -8.85644e-20  9.01426e-07  4.52208e-20  1.30441e-07  3.37902e-20 -1.23034e-07 -2.83349e-20  -8.0542e-08  -8.6343e-21 -1.62779e-08  1.40824e-20  5.21567e-09 -2.55664e-21  4.89413e-09 -2.91783e-21  1.62211e-09  2.09103e-21  1.58347e-10 -6.21414e-24 -1.10161e-10 -7.38627e-22 -6.69189e-11  1.81907e-22 -1.97543e-11  1.73869e-22 -2.99694e-12 -4.54335e-23  2.23715e-13 -3.18434e-23  2.93221e-13  4.49182e-24   1.0131e-13  5.34489e-24  2.23364e-14  -2.9089e-26  3.22308e-15   -7.867e-25  1.75846e-16   4.2533e-27 -5.81144e-17  9.68987e-26 -2.26419e-17 -1.52135e-26 -4.76798e-18 -1.37814e-26 -7.27076e-19  1.99576e-27 -8.41597e-20   1.5813e-27 -7.11307e-21 -5.28955e-29 -3.47424e-22 -1.14816e-28  9.81104e-24  -9.1771e-30  4.24514e-24  3.95424e-30  5.18543e-25  8.11652e-31  4.15943e-26  2.63304e-32  2.41758e-27 -4.92409e-33  1.02288e-28 -6.25526e-34  3.02185e-30 -8.31169e-35  5.64364e-32 -5.09529e-36  5.22877e-34  4.56284e-38
-1.08206e-24  2.05302e-10  1.43014e-23 -8.33613e-09 -4.72028e-23  1.56896e-07 -2.40386e-22  -1.8012e-06  3.73671e-21  1.41924e-05 -2.40167e-20 -8.17373e-05  1.01952e-19  0.000356777 -3.12048e-19  -0.00120454  6.92816e-19   0.00317311 -1.03394e-18  -0.00650845  6.84021e-19    0.0102329  1.06908e-18   -0.0118585 -3.85026e-18   0.00917377  5.62818e-18  -0.00319268 -4.42746e-18  -0.00173677  9.58979e-19   0.00237587  1.67422e-18 -0.000278711 -1.51241e-18 -0.000870851 -1.81749e-19  0.000261572  9.91337e-19  0.000300842 -3.20721e-19  -8.8969e-05 -5.34297e-19  -0.00010914  5.19799e-19  1.14796e-05  1.80596e-20  3.57628e-05 -2.38392e-19  6.26415e-06  1.37378e-20  -7.8254e-06  1.54325e-19 -4.37117e-06 -2.53438e-20   2.1983e-07   -1.123e-19  1.08721e-06  4.92705e-20  4.25377e-07   4.6015e-20 -2.39986e-08 -3.34551e-20 -8.97915e-08 -9.45878e-21 -3.84485e-08  1.43144e-20 -4.22778e-09 -2.83839e-21  3.55842e-09 -2.46978e-21  2.26909e-09  2.30614e-21  6.44459e-10 -2.43184e-22  5.02884e-11  -8.2648e-22 -4.15964e-11  2.17808e-22 -2.31522e-11  2.04721e-22 -6.66318e-12 -3.95478e-23 -1.10848e-12  -3.8075e-23 -1.51551e-14   2.0629e-24  5.77841e-14  5.79763e-24  2.20276e-14  1.84857e-25  5.12923e-15 -7.00393e-25  8.41269e-16  4.69584e-26  8.95886e-17  8.11068e-26   1.8825e-18 -2.61816e-26 -1.67237e-18  -1.3827e-26 -4.54526e-19  2.56938e-27 -7.52104e-20  1.60279e-27 -9.25663e-21 -4.32458e-29 -8.82347e-22 -1.04306e-28   -6.428e-23 -9.72517e-30 -3.31095e-24  2.77768e-30 -8.48516e-26  6.28442e-31  3.37885e-27  3.67195e-32  5.15542e-28 -7.50165e-34  2.98455e-29 -3.65819e-34  1.01047e-30 -5.64294e-35  1.91002e-32 -2.03688e-36   1.3513e-34
 8.23321e-12 -6.49544e-24  6.95705e-11  4.87836e-23 -1.11787e-08 -1.20175e-22  2.47936e-07 -6.33807e-22 -2.94842e-06  8.43691e-21  2.31589e-05 -4.96941e-20 -0.000130905  1.96804e-19  0.000556366 -5.68435e-19  -0.00181928  1.19897e-18   0.00461859  -1.7025e-18  -0.00907227  1.06908e-18    0.0135254  1.57769e-18   -0.0145797 -5.31855e-18   0.00996017  7.14951e-18  -0.00208812 -4.88247e-18  -0.00309389  2.64115e-19   0.00258797  2.53026e-18   0.00030141 -1.69548e-18   -0.0011332 -5.65118e-19  5.30547e-05  1.34183e-18  0.000420264 -3.31644e-19 -4.57095e-06 -6.91179e-19 -0.000143299  5.77241e-19 -2.38484e-05    9.163e-20  3.83436e-05 -3.01368e-19  1.78828e-05 -1.77842e-20 -4.61929e-06   2.1499e-19 -6.31327e-06 -2.81737e-20 -1.39594e-06 -1.42029e-19  8.40789e-07  5.38072e-20  6.70348e-07  5.72232e-20  1.43601e-07 -3.67658e-20 -5.46148e-08  -9.8624e-21 -5.05184e-08  1.35869e-20  -1.5978e-08 -3.23112e-21 -5.33358e-10 -1.64058e-21  1.82838e-09  2.53168e-21  9.34096e-10 -5.49536e-22  2.39958e-10 -9.35605e-22  1.87564e-11  2.48066e-22 -1.26924e-11  2.41715e-22 -6.94177e-12 -2.93385e-23 -1.99306e-12 -4.32748e-23 -3.62278e-13 -6.57502e-25 -2.84018e-14  5.67925e-24  7.19232e-15  3.03833e-25  3.65744e-15 -5.27916e-25  9.16924e-16    1.106e-25  1.62215e-16  6.25308e-26  2.11057e-17 -3.68912e-26  1.82976e-18 -1.36711e-26  3.91072e-20  2.94521e-27 -2.01018e-20  1.55943e-27  -4.4937e-21 -3.24157e-29 -5.95149e-22 -9.11394e-29 -5.79133e-23  -9.6943e-30 -4.33194e-24  1.75366e-30 -2.48676e-25  4.59016e-31 -1.06026e-26  3.85864e-32 -3.10359e-28  1.27434e-33 -5.04092e-30 -1.88687e-34 -3.31934e-33 -2.91816e-35    1.131e-33 -4.85852e-37
 1.77356e-24  1.54429e-10 -2.64968e-23 -2.83266e-09  1.41375e-22  1.47468e-08 -3.01544e-22  1.55495e-07 -1.29651e-21 -3.36193e-06  1.66161e-20  3.05903e-05  -9.2401e-20  -0.00018126  3.47231e-19  0.000777336   -9.585e-19  -0.00251597  1.93882e-18   0.00624392 -2.63625e-18   -0.0118585  1.57769e-18     0.016861  2.20413e-18   -0.0169153 -6.96598e-18    0.0100106  8.60792e-18 -0.000411915 -5.02326e-18  -0.00443347 -6.83528e-19   0.00242769  3.38679e-18   0.00104331 -1.75776e-18  -0.00125038 -1.00667e-18 -0.000258329  1.66247e-18  0.000480063  -2.9853e-19  0.000120811 -8.51326e-19 -0.000148708  6.08288e-19 -6.87073e-05  1.88612e-19  2.83888e-05 -3.73166e-19  2.86515e-05 -5.55176e-20  2.12452e-06  2.83038e-19 -6.58407e-06 -2.76562e-20 -3.22962e-06 -1.75122e-19  7.65235e-08  5.77483e-20  7.14604e-07  6.62337e-20  3.21654e-07 -3.77286e-20  2.56559e-08 -9.58506e-21 -4.10738e-08   1.1738e-20  -2.4032e-08  -3.7155e-21 -5.98637e-09 -4.20782e-22   1.6941e-10  2.78179e-21  7.74878e-10 -9.11733e-22  3.44591e-10 -1.07561e-21  8.39003e-11   2.6666e-22  7.90515e-12  2.82576e-22  -2.9761e-12 -1.46044e-23 -1.75481e-12 -4.61604e-23   -5.126e-13 -3.34262e-24 -1.00013e-13  4.90276e-24 -1.20178e-14  2.89704e-25  -4.1824e-17  -2.9131e-25  4.00525e-16  1.88814e-25  1.19087e-16  4.42373e-26  2.25237e-17 -4.57651e-26  3.17696e-18 -1.32057e-26  3.40849e-19   3.1027e-27  2.61182e-20  1.45231e-27  1.00187e-21 -2.30283e-29 -7.04963e-23 -7.69145e-29 -1.75874e-23  -9.2125e-30 -1.88122e-24  9.41411e-31 -1.36194e-25  3.16059e-31 -7.12463e-27  3.41235e-32 -2.66426e-28  1.75242e-33  -6.7009e-30 -8.38385e-35 -9.82002e-32 -1.09671e-35 -5.37182e-34
