 3.58936e-23 -1.06351e-36 -1.80488e-21  7.49276e-36  3.52342e-20 -3.05029e-34 -4.12336e-19  4.27655e-33  3.33512e-18 -3.99129e-32 -2.00057e-17  2.81655e-31  9.26843e-17 -1.55574e-30 -3.39935e-16  6.82985e-30  1.00161e-15 -2.35735e-29 -2.38796e-15  6.02225e-29  4.60864e-15 -8.58536e-29 -7.14846e-15 -1.30319e-28   8.7511e-15  1.43913e-27 -8.13483e-15 -6.07293e-27  5.24046e-15  1.84587e-26 -1.66993e-15 -4.50718e-26 -5.71144e-16  9.18123e-26  8.64402e-16 -1.58332e-25 -2.19066e-16  2.31832e-25 -1.79776e-16 -2.86247e-25  1.11098e-16  2.91979e-25  2.85173e-17 -2.33722e-25 -3.27186e-17  1.24417e-25 -5.36775e-18 -2.30543e-27  7.89808e-18 -8.97017e-26  1.62447e-18  1.27694e-25 -1.57858e-18  -1.1606e-25 -5.47305e-19   7.8073e-26   2.2012e-19  -3.8457e-26  1.45676e-19  1.13976e-26 -6.18341e-21  1.02985e-27  -2.5721e-20 -3.70839e-27 -5.89101e-21  2.51309e-27  2.09397e-21 -1.02256e-27  1.42637e-21   2.7545e-28  1.71992e-22 -5.29787e-29 -1.14423e-22  4.73699e-30 -5.56532e-23  7.50342e-30 -6.54273e-24 -6.88159e-30  3.03156e-24  2.15011e-30  1.54551e-24  9.46409e-32  2.65448e-25 -1.27614e-31 -2.38844e-26 -5.42507e-32 -2.43553e-26  2.70619e-32  -6.0989e-27  4.12766e-33 -5.74021e-28 -1.81339e-33  1.10634e-28 -9.36513e-34  5.33919e-29  2.93131e-34  1.02239e-29  3.23462e-35  9.47404e-31 -4.52361e-36 -4.11559e-32 -3.80466e-36 -2.98862e-32 -1.72828e-37 -5.36186e-33   2.7604e-37 -5.55634e-34 -2.48619e-38 -2.92646e-35  4.39212e-40   9.1551e-37  2.98232e-40  3.43852e-37 -4.50874e-41   3.5392e-38 -1.13928e-41  2.13479e-39 -2.25976e-42  7.85098e-41  2.03605e-43  9.58915e-43  1.33758e-44 -1.60039e-44   1.1626e-45 -5.84869e-46 -5.88644e-48
-1.06351e-36   2.5947e-21 -8.86684e-36 -7.41287e-20   3.9958e-34  1.10179e-18 -7.74973e-33 -1.06968e-17  9.03004e-32  7.47791e-17 -7.54236e-31 -3.96886e-16  4.87896e-30   1.6507e-15 -2.53021e-29 -5.48509e-15  1.06852e-28  1.47214e-14 -3.67289e-28 -3.20424e-14  1.00379e-27  5.64046e-14 -2.00753e-27 -7.93968e-14  1.91882e-27  8.71578e-14  5.39487e-27 -7.06825e-14  -3.6287e-26  3.66371e-14  1.22545e-25 -4.81196e-15 -3.08592e-25 -8.98796e-15   6.3081e-25  6.26932e-15 -1.07812e-24   1.4308e-16   1.5551e-24 -1.90084e-15 -1.88776e-24  4.09885e-16  1.89783e-24  4.52059e-16 -1.51599e-24 -1.49626e-16  8.50878e-25  -1.0774e-16 -1.44608e-25  3.36072e-17 -3.64523e-25  2.67089e-17  5.68957e-25 -4.35279e-18 -5.17456e-25 -6.11381e-18  3.42425e-25 -2.50515e-19  -1.6571e-25  1.07056e-18      4.9e-26  2.93319e-19  2.78707e-27 -9.95964e-20 -1.33163e-26 -7.21103e-20   8.4338e-27 -6.59229e-21 -2.98271e-27  7.64292e-21  6.62456e-28  3.20054e-21 -1.55953e-28  1.39866e-22  5.11324e-29 -2.95643e-22  1.45695e-29 -1.10298e-22 -2.49178e-29 -9.49502e-24  7.15928e-30  5.97305e-24  1.33295e-30  2.63779e-24 -6.09645e-31  4.34061e-25 -3.07543e-31 -2.56572e-26  1.22522e-31 -3.14662e-26  2.18315e-32 -7.99573e-27 -6.59101e-33 -9.11555e-28 -4.36323e-33  5.41657e-29  1.03999e-33  4.38675e-29   1.6027e-34  9.17741e-30 -4.88048e-36  1.04609e-30 -1.51116e-35  3.68702e-32 -1.22666e-36 -1.04072e-32  9.08854e-37 -2.38806e-33 -7.10028e-38  -2.7451e-34  5.91495e-39 -1.91994e-35  1.37711e-39 -6.35732e-37 -2.33353e-40  2.36893e-38 -5.85299e-41  4.24247e-39 -4.68245e-42   2.5649e-40  4.86133e-43  7.35223e-42  3.19572e-44   1.2311e-43   1.6164e-45   5.3422e-46
-1.80488e-21 -8.86684e-36  9.23332e-20 -1.86692e-34 -1.83527e-18  7.75422e-33  2.18872e-17 -1.21277e-31 -1.80581e-16  1.22658e-30  1.10613e-15 -9.22158e-30 -5.23946e-15  5.48518e-29  1.96755e-14 -2.66352e-28 -5.94589e-14   1.0721e-27  1.45698e-13 -3.58912e-27 -2.89795e-13   9.8909e-27  4.64999e-13 -2.16378e-26 -5.92229e-13  3.33467e-26  5.78491e-13 -1.52002e-26 -4.00721e-13 -1.15003e-25  1.52192e-13  5.14622e-25  2.45054e-14 -1.39397e-24  -6.4677e-14  2.90602e-24   2.3502e-14 -4.95891e-24  1.07853e-14   7.0694e-24 -1.00029e-14 -8.44064e-24 -9.59859e-16  8.34126e-24  2.82879e-15 -6.59305e-24  4.72192e-17  3.78153e-24 -6.98682e-16 -9.56258e-25 -3.73883e-17 -9.82654e-25  1.53479e-16  1.73349e-24  2.69321e-17 -1.57688e-24 -2.67103e-17  1.02535e-24 -1.02486e-17 -4.86649e-25  2.58245e-18  1.41426e-25  2.36921e-18  7.08493e-27  2.10391e-19 -3.47832e-26 -2.95914e-19  1.98341e-26 -1.16677e-19 -5.49135e-27  2.86791e-21  7.38264e-28  1.50457e-20 -3.41661e-28  4.51827e-21  2.35296e-28 -8.57108e-23  1.85824e-29 -4.58045e-22 -7.46672e-29 -1.42541e-22  1.85819e-29 -1.00071e-23  6.23153e-30  7.05251e-24 -1.89286e-30   2.8774e-24 -1.13062e-30  4.75707e-25  3.64128e-31 -7.41439e-27  7.93874e-32  -2.4141e-26 -1.55169e-32 -6.41618e-27 -1.37857e-32 -8.46447e-28  2.45086e-33 -1.57817e-29  5.00836e-34  1.86257e-29  2.54965e-35   4.4998e-30 -3.98135e-35   5.7984e-31 -4.72727e-36  4.04636e-32  1.98232e-36 -2.80986e-34 -1.28367e-37   -4.461e-34  2.36399e-38  -5.8949e-35  3.99162e-39 -4.44086e-36 -6.86311e-40 -2.03399e-37 -1.60397e-40 -4.36079e-39  -6.8227e-42  7.08203e-41  7.52075e-43   5.8099e-42  4.53635e-44  1.15713e-43  1.14768e-45
 7.49276e-36 -7.41287e-20 -1.86692e-34  2.15629e-18 -3.22974e-33 -3.26595e-17  1.04994e-31  3.23412e-16 -1.39779e-30 -2.30847e-15  1.24919e-29  1.25245e-14 -8.50574e-29 -5.33205e-14  4.66472e-28  1.81646e-13 -2.11988e-27 -5.00768e-13  8.09815e-27  1.12227e-12 -2.61274e-26 -2.04055e-12  7.08632e-26  2.98029e-12 -1.58516e-25 -3.41915e-12  2.77198e-25  2.93849e-12 -3.12881e-25 -1.67832e-12 -6.45306e-26  3.57824e-13  1.47936e-24  3.23197e-13 -4.73065e-24 -2.95597e-13  1.03287e-23  2.93315e-14 -1.77881e-23  7.92475e-14  2.51816e-23 -2.88962e-14 -2.96112e-23 -1.68985e-14  2.87162e-23  9.58214e-15 -2.23194e-23  3.84819e-15  1.28242e-23 -2.31277e-15 -3.82669e-24 -1.02226e-15 -2.01708e-24  4.10303e-16   4.1748e-24  2.71125e-16 -3.79168e-24 -3.50167e-17  2.42371e-24 -5.80735e-17 -1.13123e-24 -7.04636e-18  3.20756e-25  7.92728e-18  2.07958e-26  3.24801e-18 -7.75825e-26 -2.31584e-19   3.8183e-26  -5.1414e-19 -6.37298e-27 -1.30203e-19 -6.45765e-28  1.92575e-20 -7.28971e-28   2.0459e-20  7.71687e-28   4.7609e-21  2.81229e-29 -3.23523e-22 -2.01179e-28  -5.0701e-22  4.13894e-29 -1.39719e-22  2.00657e-29 -9.52155e-24 -4.51118e-30  5.73749e-24 -3.20932e-30  2.28418e-24   8.3181e-31  3.90832e-25  2.25175e-31  1.11293e-26 -2.62831e-32 -1.20225e-26 -3.39644e-32 -3.50276e-27  4.30144e-33 -5.15156e-28  1.17146e-33 -3.28306e-29  1.48204e-34  3.62375e-30  -8.1245e-35  1.28892e-30 -1.30702e-35  1.83757e-31  3.31606e-36  1.56878e-32 -1.55353e-37  6.74959e-34   5.9996e-38   -1.869e-35  8.47817e-39 -5.35799e-36 -1.45994e-39 -4.23467e-37 -3.05916e-40 -1.87218e-38  -8.3248e-42 -4.65086e-40  8.46882e-43 -5.77061e-42  4.20226e-44 -4.67787e-45
 3.52342e-20   3.9958e-34 -1.83527e-18 -3.22974e-33  3.71729e-17 -4.13613e-32  -4.5216e-16  1.10584e-30  3.80874e-15  -1.2778e-29 -2.38456e-14  1.01939e-28  1.15592e-13 -6.31954e-28 -4.44884e-13  3.20404e-27   1.3803e-12 -1.36343e-26 -3.47997e-12  4.93364e-26  7.14114e-12 -1.52566e-25 -1.18659e-11  4.02395e-25   1.5737e-11  -8.9521e-25 -1.61592e-11  1.63108e-24  1.20117e-11 -2.24071e-24 -5.29138e-12   1.5916e-24 -1.12707e-13  2.43385e-24  1.84521e-12 -1.24347e-23 -9.04805e-13  2.98567e-23 -2.09081e-13 -5.27393e-23  3.36091e-13   7.4631e-23   -1.621e-14 -8.66249e-23 -9.02788e-14  8.23561e-23  1.21233e-14 -6.26261e-23  2.24648e-14  3.55259e-23 -2.35844e-15 -1.13932e-23 -5.32586e-15 -3.32777e-24 -9.25807e-17  8.42799e-24  1.08822e-15  -7.6134e-24  2.18257e-16  4.79968e-24 -1.54945e-16 -2.22431e-24 -7.48763e-17  6.16833e-25  5.98221e-18  6.08591e-26  1.31607e-17 -1.58601e-25  2.99273e-18  6.48112e-26 -8.48173e-19 -9.22662e-28 -6.38819e-19 -5.53012e-27 -1.07851e-19 -1.69562e-27  3.26387e-20  2.05253e-27  2.12489e-20  8.95446e-29  4.07135e-21 -4.86598e-28 -3.98431e-22  7.99101e-29 -4.29427e-22  5.18605e-29 -1.09914e-22 -8.78465e-30 -8.45536e-24 -7.55735e-30  3.31477e-24   1.5546e-30  1.36814e-24  5.26877e-31  2.45803e-25 -3.03636e-32  1.60929e-26 -6.91435e-32 -3.65357e-27  5.59826e-33 -1.31205e-27  2.20552e-33 -2.11012e-28  4.58334e-34 -1.88293e-29 -1.37501e-34 -2.73053e-31 -2.87955e-35  1.93518e-31  4.53923e-36   3.3061e-32 -8.74055e-38  3.05615e-33  1.14247e-37  1.73164e-34  1.39757e-38   4.7865e-36 -2.46821e-39 -8.81522e-38 -4.47716e-40 -1.34106e-38 -9.12371e-42 -4.99155e-40  7.08192e-43 -8.00765e-42   2.3457e-44
-3.05029e-34  1.10179e-18  7.75422e-33 -3.26595e-17 -4.13613e-32  5.04524e-16 -4.18985e-31 -5.10052e-15  9.49716e-30  3.72079e-14 -9.64886e-29 -2.06559e-13  6.92273e-28  9.01052e-13 -3.92503e-27 -3.15031e-12  1.84473e-26  8.93052e-12  -7.3587e-26   -2.063e-11  2.52053e-25  3.87871e-11 -7.44793e-25 -5.88397e-11  1.89759e-24  7.06031e-11 -4.14041e-24 -6.42878e-11  7.59761e-24  4.02146e-11 -1.12029e-23 -1.16588e-11   1.1507e-23 -5.56532e-12 -2.14755e-24  7.12715e-12 -2.43793e-23 -1.55599e-12  7.16969e-23 -1.63005e-12  -1.3326e-22  9.16654e-13  1.90254e-22  2.82465e-13 -2.18683e-22 -2.86655e-13  2.03721e-22 -5.54069e-14 -1.50876e-22  7.20151e-14  8.34603e-23  1.62934e-14 -2.72694e-23 -1.48806e-14  -4.5826e-24 -5.41711e-15   1.4689e-23   2.1467e-15 -1.31062e-23  1.46418e-15   8.2191e-24 -6.44499e-17 -3.86177e-24 -2.66651e-16  1.06402e-24 -6.08182e-17  1.57943e-25  2.28501e-17 -3.08049e-25  1.53584e-17  1.02035e-25  1.76811e-18  1.87884e-26 -1.29913e-18 -1.69001e-26  -6.1945e-19 -4.08676e-27 -6.91937e-20  4.67339e-27  3.58102e-20  3.21072e-28  1.77574e-20 -1.05241e-27  2.98003e-21   1.3276e-28 -3.03471e-22   1.1432e-28 -2.86444e-22 -1.43693e-29 -7.07658e-23 -1.53378e-29 -6.52529e-24  2.44861e-30  1.30735e-24  1.05219e-30  6.18037e-25 -1.25728e-32  1.17474e-25 -1.20091e-31  1.09235e-26   4.5138e-33 -4.10902e-28  3.47783e-33 -3.21488e-28  1.05651e-33 -5.74224e-29 -2.01508e-34 -5.93014e-30 -5.33211e-35  -3.2279e-31  5.34227e-36   5.7543e-33  1.36718e-37  2.95601e-33  1.74931e-37  2.98828e-34  1.82444e-38  1.72185e-35 -3.47446e-39   5.8548e-37 -5.26488e-40  9.78764e-39 -8.99761e-42  -6.6022e-42  4.25134e-43 -1.66252e-42
-4.12336e-19 -7.74973e-33  2.18872e-17  1.04994e-31  -4.5216e-16 -4.18985e-31  5.61484e-15 -3.49718e-30 -4.83342e-14  6.84731e-29  3.09605e-13 -6.17555e-28 -1.53752e-12  4.00831e-27  6.07131e-12 -2.08698e-26 -1.93609e-11  9.11857e-26  5.02787e-11 -3.41519e-25 -1.06568e-10  1.10733e-24  1.83579e-10 -3.12097e-24 -2.53778e-10   7.6493e-24   2.7407e-10 -1.62388e-23 -2.18273e-10  2.95113e-23  1.09471e-10 -4.46149e-23 -1.03248e-11  5.20195e-23 -3.06931e-11 -3.44411e-23  1.99552e-11 -2.77703e-23  1.19447e-12  1.42885e-22 -6.51876e-12 -2.92031e-22  1.26827e-12  4.26185e-22  1.62388e-12 -4.87254e-22 -5.12078e-13  4.44722e-22 -3.98198e-13 -3.19295e-22  1.21867e-13  1.70128e-22  1.01028e-13 -5.43721e-23 -1.67911e-14 -5.64623e-24 -2.38321e-14  2.23768e-23 -8.27224e-16 -1.94819e-23  4.35402e-15   1.2391e-23  1.16018e-15 -6.13389e-24 -4.36372e-16  1.73305e-24 -3.02625e-16  3.57453e-25 -2.35647e-17 -5.77029e-25  3.44181e-17  1.54707e-25  1.38096e-17  6.43533e-26  3.73802e-19 -3.85305e-26 -1.38307e-18   -9.368e-27 -4.93248e-19   9.3765e-27 -3.60679e-20  9.40915e-28   2.9347e-20  -2.0424e-27  1.22779e-20   1.8668e-28  1.92261e-21  2.21713e-28 -1.51458e-22 -1.99255e-29 -1.51353e-22 -2.74692e-29 -3.72225e-23  3.29282e-30 -4.07642e-24  1.83544e-30  2.84906e-25  4.45012e-32  2.04788e-25 -1.81457e-31  4.17456e-26 -1.12253e-33  4.66777e-27  4.70813e-33  1.63989e-28  1.99668e-33 -4.36957e-29 -2.64766e-34 -9.83868e-30 -8.55818e-35 -1.10222e-30  5.75173e-36 -7.53196e-32  5.37195e-37 -2.55037e-33  2.22698e-37     5.91e-35  1.86762e-38  1.20895e-35  -4.1718e-39   6.5992e-37 -5.08443e-40  1.81519e-38 -7.61023e-42  2.15926e-40  1.60289e-43
 4.27655e-33 -1.06968e-17 -1.21277e-31  3.23412e-16  1.10584e-30 -5.10052e-15 -3.49718e-30  5.26947e-14 -2.46757e-29 -3.93266e-13  4.22671e-28  2.23631e-12 -3.40803e-27 -1.00066e-11  2.01085e-26  3.59464e-11 -9.65318e-26 -1.04905e-10  3.93403e-25  2.50092e-10 -1.38639e-24 -4.86787e-10  4.25764e-24  7.67859e-10 -1.14325e-23 -9.64513e-10  2.68743e-23  9.30448e-10 -5.52193e-23  -6.3448e-10  9.84477e-23  2.30618e-10 -1.49358e-22  5.15491e-11  1.83835e-22 -1.10238e-10 -1.58965e-22  3.78998e-11   2.7443e-23  1.99513e-11  2.28332e-22 -1.75562e-11 -5.60061e-22 -1.96729e-12  8.51566e-22  5.20522e-12 -9.74098e-22  1.04794e-13  8.71215e-22 -1.33526e-12 -6.03268e-22 -6.54924e-14  3.05216e-22  3.05364e-13 -9.14617e-23  5.06201e-14 -7.40638e-24 -5.60561e-14  2.96361e-23 -2.05683e-14 -2.46094e-23   6.0146e-15  1.65824e-23  5.07139e-15 -9.21802e-24  3.41511e-16  2.78549e-24 -6.87874e-16  7.18823e-25 -2.53125e-16 -1.04433e-24  1.42816e-17   2.3121e-25  3.60597e-17  1.50861e-25  1.00594e-17  -7.4494e-26 -5.13329e-19 -1.95993e-26  -1.1473e-18  1.68802e-26 -3.33636e-19  2.26491e-27 -1.69507e-20 -3.58233e-27  1.88534e-20  2.13347e-28  7.10671e-21  3.85473e-28  1.09698e-21 -2.32635e-29 -4.10921e-23 -4.41331e-29  -6.2537e-23  3.78733e-30 -1.57438e-23  2.84316e-30 -1.97642e-24  1.51144e-31 -1.93378e-26 -2.41283e-31  4.64441e-26 -1.28094e-32  1.06323e-26  5.56711e-33  1.32218e-27    3.233e-33  8.90087e-29 -3.22091e-34 -6.54993e-31 -1.21267e-34  -9.1894e-31   6.1783e-36 -1.15688e-31  1.06375e-36 -8.25898e-33  2.38933e-37 -3.57293e-34  1.40431e-38 -7.49595e-36 -4.31754e-39  5.34563e-38 -4.05322e-40  6.30571e-39 -5.08479e-42  7.89565e-41
 3.33512e-18  9.03004e-32 -1.80581e-16 -1.39779e-30  3.80874e-15  9.49716e-30 -4.83342e-14 -2.46757e-29  4.25659e-13 -1.49723e-28 -2.79266e-12  2.26278e-27  1.42238e-11 -1.63919e-26 -5.76939e-11  8.82918e-26  1.89326e-10  -3.9255e-25 -5.07061e-10  1.49863e-24  1.11146e-09 -4.98474e-24 -1.98737e-09  1.45158e-23  2.86676e-09    -3.71e-23 -3.25825e-09   8.3426e-23    2.777e-09 -1.65243e-22 -1.56479e-09  2.87277e-22  3.05488e-10 -4.32446e-22  3.36353e-10  5.44878e-22 -2.95124e-10 -5.26701e-22  2.55118e-11   2.7225e-22  8.35435e-11  2.54253e-22 -3.03804e-11 -9.41178e-22 -1.83459e-11   1.5348e-21  1.06775e-11 -1.77019e-21  4.23505e-12  1.55216e-21 -2.71848e-12  -1.0302e-21 -1.15159e-12  4.85669e-22  5.17822e-13 -1.28425e-22   3.1966e-13 -1.28212e-23 -5.31488e-14  3.28551e-23 -7.29476e-14 -2.46346e-23 -6.77811e-15  1.96568e-23  1.09093e-14 -1.35195e-23  4.05368e-15   4.5283e-24 -4.85416e-16  1.31488e-24 -7.18938e-16 -1.81787e-24   -1.614e-16  3.42845e-25   3.5429e-17  2.95438e-25  2.96742e-17 -1.28206e-25  6.16306e-18  -3.7115e-26  -7.5119e-19  2.76078e-26 -7.77166e-19  4.64845e-27 -1.95982e-19 -5.72416e-27 -8.61989e-21  1.73836e-28  9.62282e-21  6.08672e-28  3.43924e-21 -2.21894e-29  5.43007e-22 -6.44208e-29  4.60124e-24  3.69929e-30 -1.94971e-23  3.95669e-30 -5.21172e-24   2.9998e-31 -7.23275e-25 -2.83593e-31 -4.06419e-26 -3.02635e-32  5.87084e-27  5.83604e-33  1.81992e-27  4.59981e-33  2.45181e-28 -3.73052e-34  1.98796e-29 -1.53254e-34  8.04244e-31  7.14555e-36 -2.24967e-32   1.5967e-36 -5.78396e-33  2.15279e-37 -4.16825e-34  5.65166e-39 -1.64211e-35 -3.85082e-39 -3.45827e-37  -2.6328e-40 -2.77622e-39 -2.28877e-42
-3.99129e-32  7.47791e-17  1.22658e-30 -2.30847e-15  -1.2778e-29  3.72079e-14  6.84731e-29 -3.93266e-13 -1.49723e-28  3.00606e-12 -7.89754e-28 -1.75303e-11   1.0579e-26  8.05603e-11  -6.9044e-26  -2.9771e-10  3.40845e-25  8.95589e-10 -1.41172e-24 -2.20623e-09  5.08027e-24  4.45148e-09 -1.60232e-23 -7.31034e-09  4.43289e-23  9.62201e-09 -1.07749e-22 -9.83558e-09  2.31121e-22  7.28504e-09 -4.39598e-22 -3.17217e-09  7.41948e-22 -1.43293e-10 -1.10117e-21   1.1997e-09  1.39966e-21 -5.85305e-10 -1.43192e-21 -1.42237e-10   9.7708e-22  2.29095e-10  3.62854e-23 -1.29456e-11 -1.37278e-21 -6.36587e-11  2.51684e-21  9.88094e-12 -2.95671e-21  1.63519e-11  2.54381e-21 -2.22156e-12 -1.60614e-21 -4.04696e-12  6.86374e-22  6.84946e-14  -1.4193e-22  8.80614e-13 -2.77285e-23  1.44852e-13  2.63269e-23 -1.38687e-13 -1.38664e-23 -5.89967e-14  2.02366e-23   8.2633e-15 -1.97926e-23  1.16788e-14  7.43213e-24  2.21035e-15  2.23063e-24 -9.33724e-16 -3.02474e-24 -5.79414e-16  5.01114e-25  -7.7657e-17  5.13787e-25  3.75389e-17  -2.0105e-25   2.0224e-17 -6.38569e-26   3.2945e-18  4.13917e-26 -5.88637e-19  8.36386e-27 -4.39057e-19 -8.39519e-27 -1.00987e-19  3.27972e-29 -5.10877e-21  8.81845e-28  3.86351e-21 -1.58876e-29  1.37397e-21 -8.63494e-29  2.25898e-22  3.03745e-30  1.09832e-23  4.98276e-30 -4.22463e-24  4.60454e-31 -1.29699e-24 -2.93329e-31 -1.94158e-25  -5.0859e-32 -1.59112e-26  5.52716e-33 -6.10516e-29   5.8478e-33   1.8158e-28 -4.17925e-34  2.80171e-29 -1.73418e-34  2.40727e-30  8.87555e-36  1.26188e-31  1.98723e-36  3.14837e-33  1.58412e-37  -5.7241e-35 -3.16882e-39 -7.18926e-36  -2.9273e-39 -2.11637e-37 -1.33307e-40  -1.8515e-39
-2.00057e-17 -7.54236e-31  1.10613e-15  1.24919e-29 -2.38456e-14 -9.64886e-29  3.09605e-13  4.22671e-28 -2.79266e-12 -7.89754e-28  1.87892e-11 -3.63876e-27 -9.82734e-11   4.3197e-26  4.09981e-10 -2.54024e-25  -1.3863e-09  1.15426e-24  3.83428e-09 -4.49281e-24 -8.70363e-09  1.53919e-23  1.61752e-08 -4.63709e-23 -2.43763e-08  1.22252e-22    2.918e-08 -2.82341e-22 -2.65946e-08  5.75587e-22  1.66751e-08 -1.04649e-21 -4.78735e-09  1.70791e-21 -2.48554e-09 -2.49037e-21  3.16114e-09  3.17222e-21 -7.13187e-10 -3.35533e-21 -7.42623e-10  2.60341e-21  4.40886e-10 -7.72151e-22  1.26008e-10 -1.68285e-21 -1.43568e-10  3.78017e-21 -2.32688e-11   -4.584e-21  3.78127e-11  3.87541e-21  7.04435e-12  -2.3063e-21 -8.36021e-12   8.5507e-22 -2.60017e-12 -9.37284e-23   1.3607e-12 -6.09554e-23  7.83005e-13  2.28479e-24 -8.44715e-14  1.49086e-23 -1.60015e-13  1.69444e-23 -2.86728e-14 -2.91516e-23  1.67674e-14  1.20816e-23  9.20118e-15   3.5566e-24  6.09048e-16 -4.78572e-24 -9.54259e-16  7.13499e-25 -3.82992e-16  8.14585e-25 -2.59697e-17 -2.90952e-25  2.84575e-17 -1.00439e-25  1.17539e-17  5.72797e-26  1.59804e-18  1.34367e-26 -3.28971e-19 -1.13798e-26 -2.08099e-19 -2.21024e-28 -4.55039e-20   1.1829e-27  -3.0153e-21 -6.21038e-30  1.17466e-21 -1.07302e-28  4.42435e-22  2.14905e-30   7.6171e-23  5.68955e-30  5.99303e-24  5.83311e-31 -4.84981e-25 -2.61561e-31 -2.27391e-25 -7.01026e-32 -3.67395e-26  4.89425e-33 -3.49356e-27  6.73052e-33 -1.66088e-28 -4.50798e-34  5.43796e-30 -1.75373e-34  1.69944e-30  1.10467e-35  1.52441e-31  2.12084e-36  7.83187e-33  8.72485e-38  2.32402e-34 -9.00877e-39  3.10953e-36 -1.84763e-39 -3.70868e-39 -4.60433e-41
 2.81655e-31 -3.96886e-16 -9.22158e-30  1.25245e-14  1.01939e-28 -2.06559e-13 -6.17555e-28  2.23631e-12  2.26278e-27 -1.75303e-11 -3.63876e-27  1.04978e-10 -1.46036e-26 -4.96121e-10  1.52494e-25  1.88871e-09 -8.04312e-25 -5.86494e-09  3.38291e-24  1.49508e-08 -1.25661e-23 -3.13148e-08  4.16899e-23   5.3612e-08  -1.2142e-22 -7.40256e-08  3.06579e-22  8.02105e-08 -6.71983e-22 -6.43568e-08  1.29524e-21  3.26331e-08 -2.23675e-21 -3.08065e-09  3.51373e-21 -9.56657e-09 -5.02525e-21  6.43248e-09  6.40623e-21  2.78146e-10 -6.94182e-21 -2.15829e-09  5.80715e-21  4.90556e-10  -2.7024e-21  5.44325e-10 -1.56099e-21 -2.03356e-10  5.22381e-21  -1.3568e-10 -6.65598e-21   5.2393e-11  5.54345e-21  3.59811e-11 -3.07635e-21 -8.77664e-12  9.16102e-22 -9.16061e-12   6.6463e-23  2.63926e-13 -1.23525e-22  1.86517e-12 -4.83879e-23  3.81489e-13  6.95488e-23 -2.28963e-13  8.66597e-24 -1.25426e-13 -4.29072e-23 -1.63293e-15  1.90474e-23  1.73394e-14  5.37065e-24  5.70962e-15 -7.17494e-24 -2.57726e-16  9.79293e-25 -7.25756e-16  1.19279e-24   -2.155e-16 -3.91517e-25 -3.85248e-18 -1.45199e-25  1.71023e-17  7.35726e-26  5.91965e-18  1.95001e-26  7.26685e-19 -1.43541e-26 -1.37663e-19 -5.56962e-28 -8.22418e-20  1.48238e-27 -1.76471e-20  2.01509e-30 -1.50876e-21 -1.24697e-28  2.44285e-22  1.64606e-30  1.10616e-22  5.85423e-30  2.00241e-23  6.15058e-31   1.9757e-24 -1.88948e-31  3.14152e-26 -8.31212e-32  -2.4513e-26  4.33125e-33 -4.59148e-27  7.10268e-33 -4.65118e-28  -4.5608e-34 -2.86316e-29 -1.57057e-34 -7.96756e-31  1.29163e-35  2.97284e-32  1.96938e-36  4.08312e-33  2.40156e-38  1.83795e-34 -1.03351e-38  3.88648e-36 -9.16256e-40  2.67571e-38
 9.26843e-17  4.87896e-30 -5.23946e-15 -8.50574e-29  1.15592e-13  6.92273e-28 -1.53752e-12 -3.40803e-27  1.42238e-11   1.0579e-26 -9.82734e-11 -1.46036e-26  5.28572e-10 -5.02648e-26 -2.27129e-09  4.50985e-25  7.92538e-09 -2.09891e-24 -2.26711e-08  8.25301e-24  5.33735e-08 -3.02301e-23 -1.03249e-07  1.00384e-22  1.62777e-07 -2.88528e-22 -2.05423e-07  7.03385e-22  2.00126e-07 -1.46115e-21  -1.3864e-07  2.64218e-21   5.1802e-08 -4.29113e-21  1.10969e-08  6.44609e-21 -2.55489e-08 -9.04062e-21  9.51233e-09  1.15749e-20  4.49207e-09 -1.28473e-20 -4.47832e-09  1.13443e-20 -3.01932e-10 -6.43101e-21  1.36151e-09 -5.61225e-22 -4.66257e-11  6.65164e-21 -3.62999e-10 -9.12306e-21   5.1518e-12  7.51792e-21  8.85631e-11 -3.84761e-21  8.63522e-12  7.85139e-22 -1.80714e-11  3.92806e-22 -5.11089e-12 -2.27095e-22  2.42655e-12 -1.34555e-22  1.52041e-12  1.57077e-22 -1.67574e-14 -5.20801e-24 -2.49038e-13 -6.22242e-23 -7.18104e-14  2.87014e-23  1.22949e-14  7.70582e-24   1.3198e-14 -1.01737e-23   2.8734e-15  1.28733e-24 -4.83525e-16  1.62417e-24 -4.48717e-16 -4.92373e-25 -1.06201e-16 -1.93629e-25  1.68662e-18  8.81591e-26  8.43808e-18  2.57433e-26  2.59701e-18 -1.69742e-26  3.11867e-19 -8.98545e-28 -4.19137e-20  1.75272e-27 -2.66223e-20  2.34108e-30 -5.73887e-21 -1.36548e-28 -5.94584e-22  2.15307e-30  2.22463e-23  5.30679e-30  2.01946e-23  5.16555e-31  3.92071e-24 -8.63952e-32  4.33684e-25 -8.65652e-32   2.3928e-26  4.21693e-33  -8.9715e-28  6.97845e-33 -3.32923e-28 -4.13478e-34 -3.57919e-29  -1.2192e-34 -2.25688e-30  1.37225e-35 -8.45625e-32  1.60027e-36 -1.39573e-33 -1.58723e-38  1.69021e-35 -8.05855e-39    8.992e-37 -3.09761e-40
-1.55574e-30   1.6507e-15  5.48518e-29 -5.33205e-14 -6.31954e-28  9.01052e-13  4.00831e-27 -1.00066e-11 -1.63919e-26  8.05603e-11   4.3197e-26 -4.96121e-10 -5.02648e-26  2.41489e-09 -1.41822e-25  -9.4853e-09  1.01419e-24  3.04523e-08 -3.90321e-24 -8.04591e-08  1.47824e-23  1.75218e-07 -5.88976e-23 -3.13205e-07  2.11349e-22   4.5426e-07 -6.22676e-22 -5.22082e-07  1.48497e-21   4.5289e-07 -2.91834e-21 -2.62438e-07  4.89175e-21  5.57343e-08  -7.3482e-21   5.6053e-08  1.04377e-20 -5.32385e-08 -1.43791e-20  6.60854e-09  1.86786e-20  1.49911e-08   -2.141e-20 -6.48931e-09   1.9847e-20 -3.17168e-09 -1.26573e-20  2.33185e-09   1.8551e-21  7.07537e-10  7.77244e-21  -6.3071e-10 -1.18787e-20 -2.01826e-10  9.75606e-21  1.34864e-10 -4.56341e-21  6.29556e-11  3.92952e-22 -1.88747e-11  9.30973e-22 -1.65314e-11 -3.81926e-22 -9.22078e-14 -2.62407e-22  2.95786e-12  2.81738e-22  8.18609e-13 -2.45818e-23 -2.29182e-13 -8.76727e-23  -1.8987e-13  4.10244e-23 -2.88907e-14  1.05111e-23  1.44658e-14 -1.36341e-23  8.13622e-15   1.6167e-24  1.19173e-15  2.06386e-24 -3.86713e-16 -5.80948e-25 -2.34217e-16 -2.38579e-25  -4.6913e-17  9.90986e-26  1.42827e-18  3.10121e-26  3.44871e-18 -1.89924e-26  9.87095e-19 -1.14098e-27  1.22838e-19  1.97762e-27 -7.93332e-21 -1.03349e-29  -6.8369e-21 -1.41626e-28 -1.51261e-21  3.98362e-30 -1.78412e-22  3.96328e-30 -5.17322e-24  2.77168e-31  2.37063e-24  2.69515e-32  5.36696e-25 -8.00161e-32  6.31295e-26   4.7768e-33  4.45934e-27  6.51447e-33  1.31256e-28 -3.10515e-34 -9.06718e-30 -7.79967e-35 -1.35714e-30  1.30844e-35 -8.06191e-32  1.13846e-36 -2.61196e-33 -2.95068e-38 -4.15332e-35 -4.47546e-39 -1.84055e-37
-3.39935e-16 -2.53021e-29  1.96755e-14  4.66472e-28 -4.44884e-13 -3.92503e-27  6.07131e-12  2.01085e-26 -5.76939e-11  -6.9044e-26  4.09981e-10  1.52494e-25 -2.27129e-09 -1.41822e-25  1.00691e-08 -2.81109e-25 -3.63178e-08  1.01344e-24   1.0763e-07 -1.02972e-24 -2.63244e-07  7.27764e-24   5.3094e-07 -7.37915e-23 -8.77025e-07   3.7269e-22  1.16819e-06 -1.21759e-21 -1.21649e-06  2.90199e-21  9.26284e-07 -5.38337e-21 -4.23797e-07  8.20713e-21 -5.10673e-09 -1.10603e-20  1.58629e-07  1.45219e-20 -8.65799e-08  -1.9753e-20 -1.51379e-08  2.66475e-20  3.36843e-08 -3.21722e-20 -4.17317e-09  3.14844e-20 -9.38018e-09 -2.19035e-20   2.3054e-09  6.24199e-21  2.46371e-09  8.20206e-21 -6.01009e-10 -1.47485e-20 -6.49297e-10  1.22131e-20  7.89205e-11 -5.20737e-21  1.57443e-10 -2.87906e-22  1.07883e-11  1.70417e-21  -2.9425e-11 -5.94641e-22 -8.95455e-12  -4.3275e-22  2.90019e-12   4.4296e-22  2.29549e-12 -4.85162e-23  2.32232e-13 -1.18808e-22 -2.57558e-13  5.54706e-23 -1.13573e-13  1.36211e-23 -5.80114e-15 -1.72689e-23  1.08451e-14  1.94013e-24  4.24935e-15  2.45112e-24  4.15352e-16 -6.45329e-25 -2.21688e-16 -2.71411e-25 -1.05031e-16   1.0528e-25 -1.88481e-17  3.40646e-26  4.57655e-19 -2.03585e-26  1.15872e-18 -1.18824e-27  3.19926e-19  2.15677e-27  4.23024e-20 -3.62179e-29 -9.62765e-23 -1.39191e-28 -1.31786e-21  6.92209e-30  -3.0963e-22  1.84951e-30 -3.96246e-23 -8.18014e-32 -2.51357e-24  1.27784e-31  1.06033e-25 -6.61627e-32  4.59539e-26  6.00789e-33  5.76701e-27  5.92398e-33  4.28868e-28 -1.54989e-34  1.89718e-29 -3.51397e-35  3.17152e-31   1.1154e-35 -1.43554e-32  7.06538e-37 -9.54196e-34 -2.48506e-38 -1.85309e-35 -1.59602e-39
 6.82985e-30 -5.48509e-15 -2.66352e-28  1.81646e-13  3.20404e-27 -3.15031e-12 -2.08698e-26  3.59464e-11  8.82918e-26  -2.9771e-10 -2.54024e-25  1.88871e-09  4.50985e-25  -9.4853e-09 -2.81109e-25  3.85083e-08 -4.46681e-26 -1.28049e-07 -5.35469e-24  3.51294e-07   3.3616e-23 -7.96843e-07 -8.80957e-23  1.48975e-06  5.02274e-23   -2.273e-06  4.79639e-22  2.77337e-06 -2.14172e-21 -2.59783e-06  5.28458e-21  1.69824e-06 -9.22651e-21  -5.4009e-07  1.24034e-20 -2.27265e-07 -1.40734e-20  3.41682e-07  1.61031e-20  -9.7521e-08 -2.19918e-20 -7.53023e-08  3.27059e-20   5.6042e-08 -4.33853e-20  1.01956e-08  4.55891e-20 -1.84658e-08 -3.42723e-20 -1.16273e-09  1.30716e-20  5.09722e-09  7.45928e-21  4.07566e-10 -1.74631e-20 -1.23674e-09  1.48392e-20 -2.36566e-10 -5.82182e-21  2.39567e-10 -1.22216e-21  9.47646e-11  2.70098e-21 -2.68273e-11 -8.65883e-22 -2.42186e-11  -6.3884e-22 -1.80418e-12  6.33807e-22  3.42582e-12 -7.51962e-23  1.31149e-12 -1.53933e-22 -6.71092e-14  7.09474e-23 -1.92068e-13   1.6753e-23 -5.58422e-14 -2.06808e-23  2.22168e-15  2.22816e-24  6.32691e-15  2.72032e-24  1.93336e-15 -6.77297e-25  1.28185e-16 -2.83924e-25 -1.00089e-16  1.06934e-25 -4.06532e-17  3.39195e-26 -6.88469e-18 -2.12636e-26  9.24046e-21 -9.97549e-28  3.12539e-19  2.30321e-27  8.61704e-20 -6.81995e-29  1.21057e-20 -1.28543e-28  5.24501e-22  1.02548e-29 -1.69741e-22 -8.83185e-31 -4.64632e-23 -5.14571e-31 -6.27405e-24   1.9418e-31 -4.99641e-25 -4.96095e-32 -1.47513e-26  7.67878e-33  1.79843e-27  5.36984e-33  2.91663e-28  2.20728e-35  2.12643e-29 -1.65511e-36  9.07641e-31  8.47725e-36  2.12211e-32   3.7924e-37  1.78958e-34 -1.37217e-38 -7.91998e-37
 1.00161e-15  1.06852e-28 -5.94589e-14 -2.11988e-27   1.3803e-12  1.84473e-26 -1.93609e-11 -9.65318e-26  1.89326e-10  3.40845e-25  -1.3863e-09 -8.04312e-25  7.92538e-09  1.01419e-24 -3.63178e-08 -4.46681e-26  1.35663e-07  3.06886e-24 -4.17333e-07  -4.3672e-23  1.06248e-06  2.03021e-22 -2.23853e-06 -5.27698e-22  3.88114e-06  7.32911e-22 -5.46422e-06  1.26904e-22  6.08447e-06 -3.33352e-21 -5.07346e-06  9.03941e-21  2.74372e-06 -1.47938e-20 -3.90424e-07  1.66338e-20 -7.52503e-07 -1.34141e-20  5.90557e-07  1.02471e-20 -2.18516e-08 -1.54811e-20 -1.90978e-07  3.20157e-20  6.31821e-08 -5.17345e-20  4.59851e-08  6.03729e-20 -2.52658e-08 -4.92121e-20 -1.12218e-08  2.26296e-20  7.03842e-09  4.95988e-21  3.17057e-09 -1.96225e-20 -1.45931e-09    1.756e-20 -9.25921e-10 -6.50624e-21  1.67857e-10 -2.30508e-21  2.25958e-10  3.86861e-21  1.89078e-11 -1.18807e-21 -3.66255e-11 -8.65708e-22 -1.33559e-11  8.40579e-22  1.92131e-12 -1.02075e-22  2.57682e-12 -1.90163e-22  5.63307e-13  8.59439e-23 -1.40607e-13  1.95473e-23 -1.12698e-13 -2.34293e-23 -2.32308e-14  2.45181e-24  3.01909e-15  2.81569e-24  3.05452e-15 -6.74488e-25   7.8065e-16 -2.70482e-25  3.97116e-17  1.05794e-25 -3.64464e-17  3.01819e-26 -1.34971e-17 -2.21021e-26 -2.24479e-18 -6.12754e-28 -6.61785e-20  2.43352e-27  6.45539e-20  -9.2215e-29  1.86069e-20 -1.08794e-28  2.74621e-21  1.30621e-29  1.98891e-22 -3.95616e-30 -9.30329e-24 -9.63824e-31 -4.65205e-24  2.11745e-31 -6.68266e-25 -3.48982e-32 -5.69483e-26  9.39642e-33  -2.8296e-27  4.89785e-33 -3.58786e-29  1.77047e-34  5.73146e-30  1.81967e-35  4.48189e-31  5.70791e-36  1.49051e-32  1.72859e-37   2.1097e-34 -4.70641e-39
-2.35735e-29  1.47214e-14   1.0721e-27 -5.00768e-13 -1.36343e-26  8.93052e-12  9.11857e-26 -1.04905e-10  -3.9255e-25  8.95589e-10  1.15426e-24 -5.86494e-09 -2.09891e-24  3.04523e-08  1.01344e-24 -1.28049e-07  3.06886e-24  4.41936e-07  1.95288e-23 -1.26155e-06 -2.04751e-22  2.98684e-06  8.33795e-22 -5.85206e-06 -2.05751e-21  9.40998e-06  3.12309e-21  -1.2204e-05 -1.78959e-21  1.23366e-05 -4.42074e-21 -9.01623e-06  1.46717e-20  3.76018e-06 -2.23725e-20  4.47909e-07  1.90599e-20 -1.71856e-06  -3.9626e-21  7.96593e-07 -1.06675e-20  2.42225e-07  7.76404e-21 -3.53539e-07      1.8e-20  1.60139e-08 -5.25427e-20  1.06446e-07  7.28652e-20 -1.72718e-08 -6.53419e-20 -2.91908e-08  3.49089e-20  4.56471e-09  3.19446e-23  7.74086e-09 -2.06757e-20 -3.30245e-10   2.0249e-20 -1.83214e-09 -7.39209e-21 -2.55715e-10 -3.37501e-21  3.21923e-10  5.11406e-21  1.26325e-10  -1.5438e-21 -2.47981e-11 -1.09149e-21 -2.83351e-11  1.04408e-21 -4.65419e-12 -1.26259e-22  2.65091e-12 -2.23862e-22  1.48891e-12  9.87968e-23  1.69361e-13  2.16528e-23 -1.11129e-13 -2.51211e-23 -5.53252e-14  2.58231e-24 -8.41523e-15  2.70527e-24   1.8389e-15 -6.40971e-25  1.25055e-15 -2.29606e-25  2.82344e-16  1.04851e-25  1.41601e-17  2.32254e-26 -1.06315e-17 -2.33585e-26 -3.78013e-18 -1.69888e-28 -6.32314e-19  2.55525e-27 -3.74031e-20  -9.0979e-29  9.21105e-21 -7.91159e-29  3.06425e-21  1.46279e-29  4.70928e-22 -6.98864e-30  4.16872e-23 -1.37233e-30  1.15862e-24  1.78638e-31  -2.4757e-25 -2.47369e-32  -4.3258e-26  1.07204e-32 -3.69859e-27  4.44569e-33 -1.91735e-28   2.7278e-34 -5.53908e-30  2.48465e-35 -4.16547e-32  3.35715e-36  2.05889e-33  6.40589e-38  3.66193e-35
-2.38796e-15 -3.67289e-28  1.45698e-13  8.09815e-27 -3.47997e-12  -7.3587e-26  5.02787e-11  3.93403e-25 -5.07061e-10 -1.41172e-24  3.83428e-09  3.38291e-24 -2.26711e-08 -3.90321e-24   1.0763e-07 -5.35469e-24 -4.17333e-07  1.95288e-23  1.33568e-06  8.55951e-23 -3.54769e-06 -7.66351e-22  7.82542e-06  2.83117e-21 -1.42706e-05 -6.57802e-21  2.12735e-05  9.94184e-21  -2.5351e-05 -7.74868e-21  2.30918e-05 -4.49004e-21 -1.44378e-05   2.2887e-20  3.92744e-06 -3.22059e-20   2.5958e-06  1.65742e-20 -3.13227e-06    2.177e-20  6.96052e-07 -5.65461e-20  8.00948e-07  5.69627e-20  -4.9342e-07 -1.63373e-20 -1.38893e-07 -4.06204e-20  1.74908e-07  7.91479e-20  2.40926e-08 -8.03789e-20 -5.00111e-08  4.95072e-20 -7.51091e-09 -8.01629e-21  1.21924e-08  -1.9952e-20  3.22618e-09  2.27097e-20 -2.27923e-09 -8.59852e-21 -1.13045e-09 -4.24465e-21   2.1012e-10  6.31418e-21  2.67112e-10 -1.90593e-21  3.55108e-11  -1.2907e-21 -3.38325e-11  1.22268e-21 -1.58871e-11 -1.45104e-22 -2.87852e-13 -2.51378e-22  1.98753e-12  1.08032e-22  7.04859e-13  2.28411e-23  2.17814e-14 -2.54995e-23 -6.30592e-14  2.58807e-24  -2.3457e-14  2.38924e-24 -2.76348e-15 -5.86126e-25  7.97147e-16 -1.64415e-25  4.37063e-16  1.07729e-25  9.12182e-17   1.4155e-26  5.53194e-18 -2.54504e-26  -2.4004e-18  1.31831e-28 -8.68819e-19  2.65744e-27 -1.47719e-19 -5.01014e-29 -1.21516e-20 -3.94969e-29  6.22552e-22  1.47446e-29  3.55979e-22 -9.55882e-30  5.76478e-23 -1.68983e-30  5.50417e-24  1.07153e-31  2.94048e-25 -1.92955e-32  6.02209e-28  1.12933e-32 -1.34714e-27  3.91381e-33 -1.20229e-28  2.94809e-34 -5.45994e-30  2.21865e-35 -1.32571e-31  1.67668e-36 -1.33814e-33  1.69504e-38
 6.02225e-29 -3.20424e-14 -3.58912e-27  1.12227e-12  4.93364e-26   -2.063e-11 -3.41519e-25  2.50092e-10  1.49863e-24 -2.20623e-09 -4.49281e-24  1.49508e-08  8.25301e-24 -8.04591e-08 -1.02972e-24  3.51294e-07  -4.3672e-23 -1.26155e-06  8.55951e-23  3.75656e-06  3.10609e-22 -9.30613e-06 -2.48162e-21  1.91539e-05  8.43484e-21 -3.25288e-05 -1.84123e-20  4.49154e-05  2.69006e-20 -4.90022e-05 -2.25532e-20  3.97921e-05 -1.92004e-21 -2.04253e-05  3.48468e-20  1.69482e-06 -4.45492e-20  6.70707e-06  4.58986e-21 -4.66282e-06  7.34061e-20 -1.46827e-07 -1.38183e-19  1.67863e-06  1.40196e-19 -4.50052e-07 -7.60817e-20 -4.40759e-07 -1.16952e-20  2.00628e-07   7.4873e-20  1.14016e-07 -9.12109e-20 -5.78221e-08  6.55522e-20  -3.2544e-08 -1.97555e-20  1.17569e-08  -1.6773e-20  9.31407e-09  2.46845e-20 -1.07778e-09 -1.01806e-20 -2.20035e-09 -4.74361e-21 -2.98193e-10  7.33358e-21   3.3439e-10 -2.24049e-21  1.46172e-10  -1.4387e-21 -1.05122e-11  1.35671e-21  -2.5326e-11 -1.56911e-22 -6.80511e-12 -2.69942e-22  9.60333e-13   1.1269e-22  1.12416e-12    2.312e-23  2.83262e-13 -2.45032e-23 -1.16734e-14  2.43109e-24 -2.87478e-14  1.89927e-24  -8.7471e-15 -5.22407e-25 -8.66949e-16 -8.16806e-26  2.65302e-16  1.17873e-25  1.29597e-16   4.5564e-27  2.58967e-17 -2.85763e-26  1.98909e-18  8.67943e-29 -3.84947e-19  2.70948e-27 -1.57325e-19  3.57785e-29 -2.73402e-20  8.36309e-30 -2.65904e-21  1.37493e-29 -6.34565e-23 -1.12942e-29  2.47422e-23 -1.87679e-30  4.63095e-24  2.01701e-32  4.49727e-25 -1.68017e-32  2.67895e-26  1.09447e-32  8.45698e-28  3.24742e-33 -2.44526e-30  2.55277e-34  -1.3582e-30  1.53013e-35 -4.72963e-32  6.71412e-37 -4.69556e-34
 4.60864e-15  1.00379e-27 -2.89795e-13 -2.61274e-26  7.14114e-12  2.52053e-25 -1.06568e-10 -1.38639e-24  1.11146e-09  5.08027e-24 -8.70363e-09 -1.25661e-23  5.33735e-08  1.47824e-23 -2.63244e-07   3.3616e-23  1.06248e-06 -2.04751e-22 -3.54769e-06  3.10609e-22  9.85785e-06  9.88382e-22 -2.28258e-05 -7.18765e-21  4.38932e-05  2.26463e-20 -6.94349e-05 -4.64255e-20  8.86707e-05  6.47305e-20 -8.81154e-05 -5.43497e-20  6.27832e-05  5.48281e-21 -2.44211e-05   5.2649e-20 -5.21218e-06 -5.96849e-20   1.3058e-05 -2.31687e-20 -5.41802e-06  1.62019e-19 -2.24092e-06 -2.64953e-19  2.68447e-06  2.61092e-19  1.90169e-08 -1.61511e-19 -8.60716e-07  3.59328e-20  9.75734e-08  5.59539e-20  2.45512e-07 -9.41661e-20 -2.63629e-08  8.17055e-20 -6.62719e-08 -3.54317e-20 -2.10678e-10 -1.06421e-20  1.56608e-08  2.58944e-20  2.90291e-09 -1.20865e-20 -2.66571e-09  -4.7594e-21 -1.22292e-09  8.04701e-21  1.62389e-10 -2.51307e-21  2.57073e-10 -1.51623e-21  5.30735e-11  1.43323e-21 -2.08833e-11 -1.61463e-22 -1.41385e-11  -2.7849e-22 -2.18832e-12   1.1253e-22  8.59313e-13   2.2807e-23  5.23235e-13 -2.22761e-23  9.95136e-14  2.06612e-24 -1.02251e-14  1.28858e-24 -1.09335e-14 -4.62822e-25 -2.89073e-15  1.01601e-26  -2.6959e-16  1.37725e-25  6.77385e-17 -3.88627e-27  3.20258e-17 -3.26152e-26  6.27797e-18 -4.50619e-28  5.84452e-19  2.67005e-27 -3.24466e-20  1.59547e-28 -2.10768e-20   6.0519e-29 -3.80081e-21  1.22877e-29 -3.99027e-22 -1.19648e-29 -2.19115e-23 -1.90873e-30  4.26935e-25 -5.68394e-32  2.07727e-25 -1.49432e-32  2.06968e-26  9.73451e-33  1.15993e-27  2.47758e-33  3.77939e-29  1.83371e-34  5.85533e-31  8.34992e-36  7.29837e-34  1.86576e-37
-8.58536e-29  5.64046e-14   9.8909e-27 -2.04055e-12 -1.52566e-25  3.87871e-11  1.10733e-24 -4.86787e-10 -4.98474e-24  4.45148e-09  1.53919e-23 -3.13148e-08 -3.02301e-23  1.75218e-07  7.27764e-24 -7.96843e-07  2.03021e-22  2.98684e-06 -7.66351e-22 -9.30613e-06  9.88382e-22  2.41953e-05  2.83122e-21 -5.24649e-05 -1.89482e-20  9.43571e-05  5.56053e-20 -0.000139013 -1.07078e-19  0.000163814  1.41527e-19 -0.000147216 -1.15207e-19  8.97716e-05  1.96825e-20 -2.16279e-05  8.00836e-20 -1.93121e-05 -7.77914e-20  2.08997e-05 -7.49905e-20 -3.85238e-06  2.99198e-19 -5.89543e-06 -4.42085e-19  3.28662e-06  4.15392e-19  1.15159e-06 -2.65532e-19 -1.24014e-06  1.00098e-19  -2.2759e-07  1.92727e-20  3.67898e-07 -8.55328e-20  7.05437e-08  9.63028e-20 -9.13413e-08 -5.47461e-20 -2.82931e-08 -1.46732e-21  1.69264e-08   2.6098e-20   9.5553e-09 -1.41389e-20 -1.34416e-09 -4.26291e-21 -2.19955e-09   8.3618e-21 -3.68222e-10 -2.69779e-21  2.61409e-10 -1.51283e-21  1.39745e-10  1.44969e-21  7.95965e-12 -1.60204e-22 -1.58703e-11 -2.78147e-22 -6.40648e-12  1.08063e-22 -4.60226e-13  2.25319e-23  4.83558e-13 -1.91237e-23  2.08297e-13  1.44496e-24  3.15671e-14  6.15898e-25 -4.56198e-15 -4.18909e-25 -3.50652e-15  1.03284e-25 -8.43447e-16  1.68077e-25 -8.15935e-17 -9.77507e-27  1.25082e-17  -3.7111e-26   6.3964e-18 -1.51265e-27  1.25093e-18  2.50348e-27  1.32353e-19   3.0258e-28  2.28658e-21  1.11056e-28   -1.855e-21  1.09598e-29 -3.69776e-22 -1.15431e-29 -3.97885e-23 -1.78273e-30 -2.60353e-24 -1.04983e-31 -7.79664e-26  -1.2198e-32  2.86734e-27  7.91923e-33  4.29337e-28   1.7031e-33  2.05243e-29  1.09582e-34  4.60736e-31  3.48364e-36  3.37397e-33
-7.14846e-15 -2.00753e-27  4.64999e-13  7.08632e-26 -1.18659e-11 -7.44793e-25  1.83579e-10  4.25764e-24 -1.98737e-09 -1.60232e-23  1.61752e-08  4.16899e-23 -1.03249e-07 -5.88976e-23   5.3094e-07 -8.80957e-23 -2.23853e-06  8.33795e-22  7.82542e-06 -2.48162e-21 -2.28258e-05  2.83122e-21  5.56667e-05  7.40833e-21 -0.000113233 -4.59525e-20  0.000190614  1.26023e-19 -0.000261385 -2.28054e-19  0.000283315  2.84587e-19 -0.000227902 -2.20429e-19  0.000114004   4.0558e-20 -5.03569e-06  1.23682e-19 -4.22232e-05  -9.8629e-20  2.77594e-05 -1.61643e-19  1.98943e-06  4.96137e-19 -1.07905e-05  -6.6825e-19  2.59717e-06  5.88558e-19  3.00367e-06 -3.72569e-19 -1.26351e-06  1.74465e-19 -8.11126e-07   -3.674e-20  3.78446e-07 -6.23474e-20  2.37204e-07  1.07655e-19 -7.75423e-08 -7.66854e-20 -6.87202e-08  1.02615e-20  6.14621e-09  2.51447e-20  1.62955e-08  -1.6054e-20  2.62571e-09 -3.30864e-21   -2.427e-09  8.23569e-21 -1.16638e-09 -2.78662e-21  4.52279e-11 -1.42852e-21  1.93314e-10  1.41538e-21  5.79362e-11 -1.55953e-22 -5.27747e-12 -2.72215e-22 -8.67757e-12  1.00394e-22 -2.45602e-12  2.31555e-23 -1.12287e-14 -1.54292e-23  2.10702e-13    5.265e-25  7.23418e-14 -7.13742e-26  9.35373e-15  -3.9959e-25 -1.42226e-15   1.9214e-25 -9.43216e-16  2.07693e-25   -2.138e-16 -1.22707e-26 -2.24715e-17 -4.13511e-26  1.33911e-18 -2.99612e-27  9.83543e-19  2.19681e-27  1.95498e-19  4.39927e-28  2.21949e-20  1.53275e-28  1.18585e-21  1.00564e-29 -7.21682e-23 -1.02058e-29 -2.24107e-23 -1.52264e-30 -2.44757e-24 -1.17937e-31 -1.59122e-25 -8.39173e-33 -6.12361e-27  5.86001e-33 -9.88263e-29    1.035e-33  1.70086e-30  5.34583e-35  8.19967e-32  9.74677e-37
-1.30319e-28 -7.93968e-14 -2.16378e-26  2.98029e-12  4.02395e-25 -5.88397e-11 -3.12097e-24  7.67859e-10  1.45158e-23 -7.31034e-09 -4.63709e-23   5.3612e-08  1.00384e-22 -3.13205e-07 -7.37915e-23  1.48975e-06 -5.27698e-22 -5.85206e-06  2.83117e-21  1.91539e-05 -7.18765e-21 -5.24649e-05  7.40833e-21  0.000120297  1.78733e-20 -0.000229899 -1.03259e-19  0.000362435  2.65312e-19 -0.000462096 -4.51398e-19  0.000458619  5.30367e-19 -0.000325258 -3.85707e-19  0.000122894  6.28024e-20  3.33539e-05  1.94034e-19 -7.29184e-05 -1.21205e-19  2.90867e-05 -2.96782e-19  1.37382e-05  7.62906e-19 -1.55391e-05 -9.34221e-19 -4.15796e-07  7.55525e-19  5.22714e-06  -4.5985e-19 -5.19606e-07  2.49626e-19 -1.54788e-06 -1.11726e-19  1.46642e-07 -2.33711e-20  4.30585e-07  1.14455e-19  7.01668e-09 -9.94716e-20 -1.04121e-07  2.34317e-20 -2.10061e-08  2.29976e-20  1.78777e-08 -1.74988e-20  8.71448e-09  -2.0097e-21 -9.79559e-10  7.68598e-21 -1.82071e-09 -2.79516e-21 -4.12109e-10 -1.27307e-21  1.38295e-10  1.34983e-21  1.03628e-10 -1.52289e-22  1.83222e-11 -2.65629e-22 -5.51391e-12  9.09557e-23 -3.84045e-12  2.56186e-23 -8.21202e-13 -1.15558e-23  4.04322e-14 -7.08814e-25  7.52541e-14 -7.48905e-25  2.20837e-14 -4.10828e-25  2.63988e-15   2.7382e-25 -3.16689e-16   2.5329e-25 -2.08751e-16  -1.1193e-26 -4.57889e-17  -4.4522e-26 -5.22508e-18 -4.67968e-27 -3.89803e-20  1.77032e-27  1.06953e-19  5.47692e-28  2.25756e-20  1.81434e-28  2.63561e-21   9.5139e-30   1.8134e-22  -8.2761e-30  3.86464e-24  -1.1776e-30 -6.32222e-25 -1.02042e-31 -8.01436e-26 -4.35917e-33 -4.70615e-27  3.90983e-33 -1.53786e-28  5.43911e-34 -2.45526e-30  2.02443e-35 -1.03635e-32
