 4.05858e-09  1.17277e-23 -5.87592e-08 -3.24488e-22  3.01777e-07  2.59243e-21 -8.24334e-07 -1.13384e-20  1.31129e-06  3.24619e-20 -1.16493e-06 -6.53718e-20  3.98429e-07  9.49206e-20  1.77202e-07 -9.88282e-20 -1.41738e-07  7.13311e-20 -4.57871e-08 -3.37473e-20  3.29982e-08  1.20471e-20  1.84645e-08 -1.01747e-20 -3.14969e-09  1.42958e-20 -5.55777e-09 -1.43297e-20 -1.44707e-09  1.07638e-20  6.22508e-10 -6.88836e-21  6.05673e-10  3.90148e-21  1.72462e-10 -1.92503e-21 -3.03442e-11  9.27473e-22 -4.89185e-11 -5.39752e-22 -2.14799e-11  3.21941e-22 -3.67219e-12 -1.31642e-22  1.39763e-12  2.00876e-23  1.35645e-12  4.33632e-25  5.70201e-13  9.78339e-24  1.39173e-13 -8.26865e-24   5.7154e-15  8.63823e-25 -1.33768e-14  1.19725e-24 -7.94865e-15 -3.88508e-25 -2.88521e-15  4.96648e-26 -7.53797e-16 -2.20165e-26  -1.3044e-16 -1.99101e-26 -3.33858e-18    1.579e-26  8.21556e-18  2.61896e-27  4.08059e-18  -3.2435e-27  1.32604e-18  1.80049e-29  3.42111e-19  3.17303e-28  7.35617e-20 -3.30581e-29  1.32232e-20 -2.75868e-29  1.90763e-21  7.87774e-31  1.85812e-22  4.16465e-30 -1.56297e-24  9.04795e-31 -6.27049e-24 -3.21642e-31 -1.91321e-24 -7.70139e-32 -4.10204e-25  4.57892e-32  -7.2465e-26  1.05056e-32 -1.10895e-26 -5.25056e-33 -1.50177e-27 -1.81483e-33 -1.81772e-28  2.06523e-34 -1.97495e-29  1.58311e-34 -1.92786e-30  1.00742e-35 -1.68823e-31 -6.07773e-36 -1.32155e-32 -1.21251e-36 -9.19751e-34  1.19695e-38 -5.64992e-35  2.69191e-38 -3.03456e-36  3.47329e-39 -1.40866e-37  3.66276e-40 -5.56929e-39  5.19215e-41 -1.80389e-40  1.81743e-42 -4.27089e-42 -6.98477e-43 -6.29757e-44 -8.69227e-44 -1.32745e-45 -2.81488e-45  -3.0686e-47  4.01924e-48
 1.17277e-23  8.74214e-08  1.92467e-22 -7.11253e-07 -3.67428e-21   2.7273e-06  2.34283e-20  -5.9727e-06 -8.68538e-20  7.70693e-06  2.17548e-19 -5.24154e-06 -3.89583e-19  6.87318e-07  5.05453e-19  1.29137e-06 -4.66784e-19 -3.51777e-07  2.90985e-19 -3.63621e-07 -1.11689e-19  4.59228e-08  3.45322e-20  1.05213e-07 -4.17008e-20  1.97051e-08  5.89227e-20 -1.86408e-08 -5.35161e-20 -1.22175e-08   3.7248e-20 -1.24604e-09 -2.30194e-20  2.05224e-09  1.24931e-20  1.29816e-09 -5.57852e-21  2.78146e-10  2.49607e-21 -9.38412e-11 -1.59874e-21 -1.02114e-10  1.01482e-21 -4.16795e-11 -3.66629e-22 -7.30292e-12  4.27794e-24  2.15612e-12   2.2253e-23  2.27492e-12  3.38001e-23  1.00219e-12 -2.75951e-23  2.77704e-13  1.30209e-24   3.6504e-14  3.75893e-24  -1.0431e-14 -7.07092e-25 -9.28797e-15    1.264e-25 -3.87604e-15 -1.45479e-25  -1.1682e-15 -6.62762e-26 -2.68243e-16  6.05941e-26  -4.2838e-17  8.99895e-27 -1.80571e-18 -1.04344e-26  1.82783e-18 -3.03526e-28  8.87752e-19  9.32005e-28  2.73621e-19 -6.01023e-29  6.73033e-20 -9.31974e-29    1.405e-20  1.70556e-30  2.54251e-21  1.54229e-29  3.99804e-22  2.72902e-30  5.38341e-23 -1.23652e-30  5.92583e-24 -1.56272e-31  4.55636e-25  2.01979e-31  2.52436e-27  3.45748e-32 -7.41527e-27 -2.05312e-32 -1.77663e-27 -6.15394e-33 -2.88688e-28  8.00641e-34 -3.80133e-29  5.20439e-34 -4.27147e-30  2.89432e-35 -4.17734e-31 -1.93434e-35 -3.58027e-32 -3.90964e-36  -2.6895e-33 -7.44857e-38 -1.76281e-34  6.01787e-38  -1.0001e-35  1.07817e-38 -4.85068e-37  1.64798e-39 -1.97541e-38  2.00809e-40 -6.49597e-40  4.68298e-42 -1.58923e-41 -1.78919e-42 -2.71013e-43 -1.69697e-43 -3.95643e-45 -3.76284e-45 -2.69814e-47
-5.87592e-08  1.92467e-22  9.19719e-07  1.77593e-21 -5.14659e-06 -2.56159e-20  1.54965e-05   1.3498e-19 -2.77204e-05  -4.3234e-19  2.89576e-05  9.59105e-19  -1.4156e-05 -1.53948e-18 -1.91459e-06  1.79153e-18   4.5968e-06 -1.46436e-18  1.95572e-07  7.75298e-19 -1.27198e-06 -2.25066e-19 -2.58265e-07  6.23769e-20  2.71225e-07 -1.22381e-19  1.51471e-07  1.64101e-19 -1.01247e-08 -1.33408e-19 -4.00671e-08  8.67259e-20 -1.60695e-08 -5.27697e-20  8.44671e-10  2.73507e-20  3.77659e-09 -1.05134e-20  1.85345e-09  4.25941e-21   3.0773e-10 -3.33106e-21 -1.59062e-10  2.29064e-21 -1.42703e-10 -6.96593e-22 -5.63411e-11 -1.33692e-22 -1.08389e-11  9.27009e-23  1.77632e-12   8.5788e-23  2.45038e-12 -6.34489e-23  1.15831e-12 -1.37343e-24  3.58723e-13  7.87977e-24  7.07327e-14 -2.03432e-25  1.92329e-15  3.10467e-25 -5.52503e-15 -5.34051e-25  -2.9621e-15 -1.61424e-25 -1.02389e-15  1.59216e-25 -2.74726e-16  2.30339e-26 -5.90629e-17 -2.34584e-26 -9.70936e-18 -1.48785e-27 -9.19012e-19  1.94254e-27  1.03106e-19 -7.00385e-29  8.08517e-20 -2.21825e-28  2.58643e-20  7.17702e-30  6.22974e-21  3.88634e-29  1.25836e-21  4.76357e-30  2.21477e-22 -3.33133e-30  3.45317e-23 -2.63962e-32  4.80181e-24  6.10177e-31  5.95977e-25  7.71328e-32  6.57428e-26 -5.55395e-32  6.37938e-27 -1.43061e-32  5.33503e-28  2.20791e-33  3.68266e-29  1.20578e-33   1.8658e-30  5.73745e-35  3.45056e-32 -4.36533e-35 -5.93277e-33 -9.08389e-36 -9.23455e-34 -4.50919e-37 -8.28157e-35  8.07241e-38 -5.56571e-36  2.34608e-38 -2.96921e-37  4.31894e-39 -1.26474e-38   4.5935e-40 -4.10484e-40  7.32232e-42 -9.07862e-42  -2.8902e-42 -1.36866e-43 -2.01148e-43  -1.9018e-45 -2.48085e-45
-3.24488e-22 -7.11253e-07  1.77593e-21  6.30024e-06  1.12728e-20 -2.65431e-05 -1.29446e-19  6.47858e-05  5.77929e-19 -9.56832e-05 -1.62425e-18  7.98964e-05  3.22534e-18 -2.39626e-05 -4.67233e-18 -1.46209e-05  4.89007e-18  9.90197e-06   -3.521e-18   3.8843e-06  1.53821e-18 -2.45677e-06 -2.82582e-19 -1.52448e-06  8.25516e-20  2.45215e-07 -2.92586e-19  4.73096e-07  3.54552e-19  1.22897e-07 -2.54942e-19 -5.93035e-08  1.57018e-19 -5.58839e-08 -9.66841e-20 -1.49819e-08  4.73978e-20  3.79621e-09 -1.41514e-20  5.03287e-09  4.86097e-21  2.08754e-09 -5.73649e-21  2.84864e-10  4.31215e-21 -1.89143e-10 -1.04184e-21 -1.54504e-10 -5.16998e-22   -6.086e-11  2.37095e-22 -1.32779e-11  1.82965e-22  4.30816e-13 -1.15338e-22  1.87081e-12 -1.25421e-23  9.87334e-13   1.2483e-23  3.38408e-13   2.5005e-24  8.30265e-14  7.86331e-25  1.23883e-14 -1.40546e-24  -6.7495e-16 -3.31869e-25 -1.27502e-15  3.30456e-25 -5.53822e-16   4.8881e-26 -1.70404e-16 -4.25437e-26 -4.23613e-17  -3.9039e-27 -8.80159e-18   3.3807e-27 -1.51862e-18 -7.23567e-29 -2.05024e-19  -4.2437e-28 -1.64787e-20  3.06424e-29  1.32009e-21  7.62295e-29   9.3351e-22  3.40272e-30  2.52735e-22 -7.30425e-30  5.12891e-23  8.06501e-31  8.72389e-24  1.45257e-30   1.2935e-24  1.32174e-31  1.70109e-25 -1.19507e-31  2.00029e-26  -2.5995e-32  2.10982e-27  5.02154e-33  1.99629e-28  2.28911e-33  1.69074e-29  9.28618e-35  1.27641e-30 -8.07577e-35  8.53724e-32 -1.76145e-35  5.01739e-33 -1.38286e-36  2.56217e-34  5.94039e-38  1.11828e-35  4.12852e-38  4.05978e-37   8.1947e-39  1.18007e-38   7.5346e-40  2.70276e-40  7.34258e-42  4.92258e-42  -3.3794e-42  4.51519e-44 -1.57836e-43 -1.48755e-46
 3.01777e-07 -3.67428e-21 -5.14659e-06  1.12728e-20  3.16105e-05  5.38517e-20 -0.000105605 -5.09357e-19  0.000213396  1.96389e-18 -0.000261281 -4.90727e-18   0.00016932  8.80675e-18 -1.56081e-05 -1.15846e-17 -4.68468e-05  1.09208e-17  1.14416e-05 -6.86936e-18  1.37886e-05  2.34824e-18 -1.66399e-06 -1.03685e-19 -4.17639e-06  9.49877e-20 -7.52789e-07 -5.95099e-19  8.17679e-07   6.2696e-19  5.16757e-07  -3.9259e-19  3.45994e-08  2.34952e-19 -1.01808e-07  -1.5212e-19 -5.94578e-08  6.92406e-20 -1.04004e-08 -1.22693e-20  6.08441e-09  2.51776e-21  5.38841e-09 -8.81385e-21  2.00199e-09  7.21517e-21  2.51435e-10 -1.30472e-21 -1.71033e-10 -1.25868e-21  -1.3659e-10  4.61384e-22 -5.49659e-11  3.45225e-22 -1.36304e-11 -1.74436e-22 -1.02226e-12 -3.95721e-23  9.66513e-13  1.51807e-23  6.30178e-13  9.00724e-24  2.40447e-13  1.83237e-24  6.79985e-14 -2.94191e-24  1.44239e-14 -6.06014e-25   1.9116e-15  5.72916e-25 -8.83574e-17   8.7356e-26 -1.57971e-16 -6.62235e-26 -6.31834e-17 -7.09474e-27 -1.80828e-17  5.34819e-27 -4.24535e-18 -8.87126e-29 -8.53364e-19 -6.65127e-28 -1.48898e-19  1.00167e-28 -2.24823e-20   1.2085e-28 -2.87095e-21 -9.30912e-30 -2.89402e-22  -1.3863e-29 -1.73435e-23  3.05476e-30  1.08912e-24  2.87795e-30  5.64895e-25   1.7581e-31  1.13713e-25 -2.16498e-31  1.70523e-26 -3.83286e-32  2.12176e-27  1.00274e-32  2.27085e-28  3.81588e-33  2.11972e-29   1.3756e-34  1.73257e-30 -1.29832e-34  1.23782e-31 -3.01013e-35  7.68144e-33 -3.06256e-36  4.09547e-34 -1.73617e-38  1.84346e-35  6.21453e-38  6.80932e-37  1.22522e-38  1.98384e-38  9.54074e-40  4.35937e-40  3.81815e-42  6.55739e-42 -2.95496e-42  4.05188e-44 -7.52288e-44
 2.59243e-21   2.7273e-06 -2.56159e-20 -2.65431e-05  5.38517e-20  0.000123906  2.03738e-19  -0.00033947 -1.62573e-18  0.000575928  5.49755e-18 -0.000583013 -1.23601e-17  0.000275331    2.023e-17  4.95567e-05 -2.42986e-17 -9.97167e-05  2.06377e-17 -5.09651e-06  -1.1188e-17  2.96004e-05   2.6727e-18  5.73325e-06  5.10148e-19 -6.97913e-06  1.38603e-19 -3.69242e-06 -1.05099e-18  4.70085e-07  9.31325e-19  1.12372e-06 -4.94456e-19  4.01704e-07  3.01348e-19 -6.12806e-08 -2.15873e-19 -1.20184e-07  8.86299e-20 -5.22285e-08 -4.32057e-22 -5.25524e-09 -4.22766e-21  6.83589e-09 -1.26058e-20  4.88925e-09   1.1085e-20  1.70559e-09   -1.433e-21  2.27067e-10 -2.41863e-21 -1.19277e-10  7.41847e-22 -1.00305e-10  5.92666e-22 -4.20363e-11 -2.23961e-22 -1.16941e-11 -8.99635e-23 -1.80904e-12  1.29253e-23  2.18657e-13  2.05523e-23  2.85652e-13  3.73819e-24  1.27236e-13 -5.17026e-24  4.04182e-14 -1.00346e-24  1.01391e-14   8.5095e-25  2.01169e-15   1.2915e-25  2.84566e-16 -9.24158e-26  1.18228e-17 -9.47055e-27  -9.1378e-18  8.09408e-27 -4.06894e-18 -5.92474e-29 -1.14218e-18 -7.98339e-28 -2.56958e-19  2.63228e-28 -4.94619e-20  1.53257e-28 -8.36202e-21 -4.55761e-29 -1.25585e-21 -2.35086e-29 -1.68191e-22  7.36635e-30 -2.00548e-23  4.87218e-30 -2.11428e-24    1.601e-31 -1.94218e-25 -3.40789e-31 -1.50944e-26 -4.53494e-32 -9.26449e-28  1.81837e-32 -3.51637e-29  5.83795e-33  7.67603e-31   2.0728e-34  2.95989e-31 -1.86769e-34  3.30062e-32 -4.62752e-35  2.56227e-33 -5.40171e-36  1.54414e-34 -1.28011e-37  7.35787e-36  8.23475e-38   2.7164e-37  1.50532e-38   7.4409e-39  9.64027e-40  1.42094e-40 -1.20222e-42  1.45297e-42 -1.88192e-42 -1.03808e-45
-8.24334e-07  2.34283e-20  1.54965e-05 -1.29446e-19 -0.000105605  2.03738e-19  0.000395272  6.30462e-19 -0.000909121 -4.31975e-18   0.00130636  1.29839e-17  -0.00108109 -2.65707e-17  0.000319221   4.0021e-17  0.000216075 -4.41181e-17 -0.000150103  3.37207e-17 -5.80221e-05 -1.54149e-17  4.17654e-05  1.83132e-18  2.41394e-05    1.641e-18 -5.74678e-06   2.9686e-19 -8.49157e-06 -1.63399e-18 -1.73401e-06   1.1753e-18  1.40475e-06 -4.99457e-19   1.0825e-06  3.40754e-19  2.19412e-07 -2.87246e-19 -1.22879e-07   1.0254e-19 -1.13682e-07  2.40576e-20 -3.98852e-08 -1.58485e-20 -1.63031e-09 -1.70636e-20  6.12302e-09  1.59138e-20  3.87119e-09 -1.46806e-21  1.31877e-09  -3.9904e-21  2.05706e-10  1.02772e-21 -6.05936e-11  9.42738e-22 -6.07978e-11 -2.43861e-22 -2.70911e-11 -1.68792e-22 -8.32033e-12  3.28212e-24 -1.75958e-12  3.74657e-23 -1.53752e-13  6.73166e-24  7.08054e-14 -7.85846e-24  4.67292e-14 -1.51571e-24  1.71798e-14  1.08995e-24  4.84818e-15  1.47989e-25  1.12644e-15 -1.21179e-25  2.18133e-16 -9.18301e-27  3.41643e-17  1.18589e-26  3.79024e-18  3.08325e-28  7.97202e-20 -4.96321e-28 -1.00419e-19  5.88243e-28 -3.49618e-20  1.42277e-28 -8.03796e-21 -1.18618e-28 -1.49805e-21 -3.62071e-29 -2.40105e-22  1.38676e-29 -3.39115e-23  7.12539e-30 -4.26854e-24  1.18858e-32 -4.81257e-25 -4.75816e-31 -4.86656e-26 -3.89325e-32 -4.40845e-27  3.05165e-32 -3.56571e-28  8.44772e-33  -2.5617e-29  3.33984e-34 -1.62271e-30 -2.43795e-34 -8.97247e-32 -6.42553e-35 -4.27158e-33 -7.89919e-36  -1.7194e-34 -2.17644e-37 -5.73361e-36    9.761e-38 -1.55687e-37  1.55445e-38 -3.36242e-39  7.87237e-40 -5.52953e-41 -4.35166e-42 -7.24017e-43 -7.68488e-43
-1.13384e-20  -5.9727e-06   1.3498e-19  6.47858e-05 -5.09357e-19  -0.00033947  6.30462e-19   0.00105576  1.63007e-18  -0.00207353 -9.72067e-18   0.00253436  2.62953e-17  -0.00167313  -4.9572e-17  0.000165671  6.93561e-17  0.000497597 -7.05058e-17 -0.000142602  4.83562e-17  -0.00015437 -1.79777e-17  2.95075e-05 -6.59691e-19  5.18487e-05  3.14481e-18  5.74573e-06  6.65442e-19  -1.2441e-05 -2.26448e-18 -6.49829e-06  1.25715e-18  2.88037e-07 -3.63154e-19  1.72906e-06  3.48997e-19  8.23465e-07 -3.68841e-19  6.10556e-08  1.10624e-19 -1.39198e-07  6.06098e-20 -9.20615e-08 -3.16473e-20 -2.76008e-08 -2.17791e-20   -2.726e-13  2.15779e-20  4.58241e-09  -1.5483e-21  2.71161e-09 -5.92484e-21   9.2996e-10  1.25581e-21  1.75011e-10  1.40612e-21 -1.61764e-11 -2.18569e-22 -2.93841e-11 -2.76532e-22 -1.44331e-11 -1.43506e-23 -4.84621e-12  5.89519e-23 -1.22106e-12  1.10028e-23  -2.1574e-13 -1.04562e-23 -1.31068e-14 -2.07515e-24   8.6439e-15  1.18942e-24   4.7171e-15  9.93219e-26  1.55424e-15  -1.5841e-25  4.03547e-16 -6.54278e-27  8.83403e-17  1.63519e-26  1.66816e-17  1.64174e-27  2.72428e-18  7.73841e-28  3.78663e-19  1.15715e-27  4.25388e-20  5.48631e-29  3.20772e-21 -2.36128e-28 -3.44082e-23 -5.10153e-29 -6.99463e-23   2.1728e-29 -1.64029e-23  8.97415e-30 -2.70159e-24 -3.59304e-31 -3.63465e-25 -5.98019e-31 -4.18373e-26 -1.09706e-32 -4.19478e-27  4.78765e-32 -3.68651e-28  1.17586e-32 -2.83936e-29  5.55366e-34 -1.90746e-30 -2.89709e-34 -1.10752e-31 -8.02483e-35 -5.47992e-33 -9.73745e-36 -2.26454e-34 -2.26756e-37 -7.61155e-36  1.04329e-37 -2.00951e-37  1.36473e-38 -3.94344e-39  5.18894e-40 -5.30349e-41  -4.1494e-42 -3.93809e-43
 1.31129e-06 -8.68538e-20 -2.77204e-05  5.77929e-19  0.000213396 -1.62573e-18 -0.000909121  1.63007e-18   0.00241117  3.57008e-18  -0.00409572 -1.87265e-17   0.00425665  4.61775e-17  -0.00213427 -8.12836e-17 -0.000327072  1.06701e-16  0.000834133  -1.0047e-16 -5.36908e-06  6.15258e-17  -0.00027082 -1.74384e-17 -3.11832e-05 -4.74459e-18  7.55626e-05  4.66225e-18  3.14593e-05  1.29586e-18 -9.93151e-06 -2.83592e-18 -1.26222e-05  1.11198e-18 -3.24108e-06 -7.66968e-20  1.50258e-06  3.33148e-19  1.55287e-06 -4.64047e-19  5.20128e-07  1.15286e-19 -3.19579e-08  1.04858e-19 -1.22315e-07 -5.00929e-20 -6.62957e-08 -2.57802e-20 -1.79369e-08  2.78779e-20   2.3749e-10 -1.86332e-21  2.90809e-09 -8.16822e-21  1.68296e-09  1.37138e-21  5.93361e-10  1.98032e-21   1.3237e-10 -1.45022e-22  6.69199e-12  -4.0844e-22 -1.02307e-11 -3.84358e-23 -6.10588e-12  8.32218e-23 -2.25824e-12  1.68285e-23 -6.38783e-13 -1.20866e-23 -1.42853e-13 -2.51066e-24 -2.38316e-14  1.06013e-24 -2.01405e-15 -6.95857e-26  4.36414e-16 -2.18552e-25  2.76097e-16 -7.22248e-27   8.7896e-17  2.00058e-26  2.15543e-17  4.82905e-27  4.45697e-18  3.65823e-27   8.0365e-19  2.04349e-27  1.28203e-19 -1.26612e-28  1.81895e-20 -3.92581e-28  2.29333e-21 -6.58992e-29  2.55202e-22  2.89924e-29  2.46861e-23  9.48318e-30  2.01052e-24 -1.04162e-30  1.27451e-25 -6.83835e-31    4.603e-27  4.39689e-32 -2.12843e-28  7.05523e-32 -6.01672e-29  1.58091e-32 -6.90318e-30  8.94314e-34 -5.70303e-31 -3.11346e-34 -3.71551e-32 -8.93377e-35 -1.94552e-33 -1.01332e-35 -8.12554e-35 -1.30679e-37 -2.64825e-36  1.00655e-37 -6.50484e-38  1.02196e-38 -1.14338e-39  2.71834e-40  -1.3524e-41 -2.02135e-42
 3.24619e-20  7.70693e-06  -4.3234e-19 -9.56832e-05  1.96389e-18  0.000575928 -4.31975e-18  -0.00207353  3.57008e-18   0.00478631  6.67198e-18   -0.0071001  -3.1044e-17   0.00623868  7.08249e-17  -0.00213334 -1.18319e-16  -0.00121645  1.47348e-16   0.00107808  -1.2903e-16  0.000308242  7.00239e-17 -0.000346552 -1.32287e-17 -0.000150053 -9.72659e-18  7.12936e-05  5.76856e-18   6.7174e-05  2.15296e-18  5.09283e-06 -3.26329e-18 -1.61747e-05  7.44613e-19 -9.01368e-06   3.3147e-19 -5.77168e-07  3.04471e-19  1.81984e-06 -5.72674e-19  1.15125e-06  1.20453e-19  2.80718e-07  1.49344e-19 -6.39341e-08 -6.94334e-20 -9.08843e-08 -2.75877e-20 -4.34594e-08  3.46345e-20 -1.12319e-08 -2.58056e-21 -7.47909e-11 -1.06788e-20  1.55247e-09  1.34959e-21  9.16771e-10  2.64244e-21  3.36817e-10 -3.74922e-23  8.61243e-11 -5.56195e-22  1.23861e-11 -6.64751e-23 -1.54925e-12  1.07721e-22  -1.8644e-12  2.46735e-23 -8.04249e-13 -1.15995e-23 -2.51655e-13 -2.49826e-24 -6.36426e-14  6.84011e-25 -1.33269e-14 -3.96045e-25 -2.26257e-15 -3.23792e-25 -2.79197e-16 -2.43233e-26 -1.11602e-17  1.94906e-26  6.42136e-18  1.07128e-26  2.56053e-18   8.6878e-27  6.35234e-19  3.27832e-27  1.26087e-19 -3.86226e-28  2.14147e-20 -5.64486e-28  3.19746e-21 -7.80822e-29  4.25021e-22  3.28244e-29  5.05862e-23   7.6711e-30  5.40109e-24 -2.09125e-30  5.16929e-25 -7.15984e-31  4.42226e-26  1.26605e-31  3.36558e-27  9.78288e-32  2.26332e-28  2.04312e-32  1.33282e-29  1.33992e-33  6.79253e-31 -2.96881e-34  2.95216e-32 -8.74209e-35  1.07487e-33 -8.76809e-36  3.20185e-35  3.91105e-38   7.4657e-37  8.71472e-38  1.21732e-38  6.49083e-39  8.44117e-41   1.0879e-40 -9.53342e-43
-1.16493e-06  2.17548e-19  2.89576e-05 -1.62425e-18 -0.000261281  5.49755e-18   0.00130636 -9.72067e-18  -0.00409572  6.67198e-18   0.00836976  1.06419e-17   -0.0109221 -4.42181e-17   0.00800729  9.52041e-17  -0.00135818 -1.54171e-16  -0.00239471  1.84409e-16   0.00103518 -1.50718e-16  0.000773177  7.17304e-17 -0.000300739  -6.0309e-18 -0.000305436 -1.45082e-17  1.47403e-05  6.17839e-18  9.74221e-05  3.11649e-18  3.44492e-05 -3.52398e-18 -1.15455e-05  2.30661e-19 -1.47581e-05    8.091e-19 -4.84068e-06  2.69978e-19  8.42903e-07   -6.874e-19  1.57238e-06  1.29784e-19  7.46163e-07  1.85035e-19  1.33122e-07 -8.82667e-20 -5.90748e-08 -2.55782e-20 -5.91909e-08  4.17697e-20 -2.62538e-08 -3.77921e-21 -6.82649e-09 -1.33992e-20 -3.69047e-10  1.21376e-21  6.71138e-10   3.3467e-21  4.28914e-10  7.38707e-23  1.66136e-10  -7.1133e-22    4.717e-11 -9.75171e-23  9.58236e-12  1.29091e-22  9.26521e-13   3.5067e-23 -2.76046e-13 -7.72586e-24 -1.94739e-13 -1.53384e-24 -7.10798e-14  1.81329e-25 -1.98692e-14 -8.70455e-25 -4.62866e-15 -4.98134e-25 -9.23699e-16 -7.71054e-26 -1.58497e-16  1.00757e-26 -2.29788e-17  1.96479e-26 -2.65242e-18  1.59827e-26 -1.93039e-19  4.81978e-27  7.78744e-21 -6.64582e-28   6.2366e-21 -7.12448e-28  1.45556e-21  -8.5114e-29  2.47763e-22   3.0121e-29  3.48433e-23  2.81247e-30  4.21715e-24 -3.50041e-30  4.46539e-25 -6.85888e-31  4.16145e-26  2.32207e-31    3.414e-27  1.27666e-31  2.45587e-28   2.5169e-32   1.5373e-29  1.84216e-33  8.27784e-31 -2.40657e-34  3.77309e-32 -7.34194e-35  1.42393e-33 -6.01722e-36   4.3064e-35  2.10288e-37  9.87353e-37  6.68308e-38  1.52729e-38   3.4303e-39  1.10186e-40   2.9587e-41
-6.53718e-20 -5.24154e-06  9.59105e-19  7.98964e-05 -4.90727e-18 -0.000583013  1.29839e-17   0.00253436 -1.87265e-17   -0.0071001  1.06419e-17     0.013043  1.43314e-17   -0.0150523  -5.3453e-17   0.00897868  1.12057e-16  0.000323206 -1.81135e-16  -0.00357891  2.10987e-16  0.000550848 -1.61443e-16   0.00127389  6.64573e-17 -7.13095e-05  2.44334e-18 -0.000440925 -1.80446e-17 -0.000102768  5.87991e-18  9.91961e-05  4.02403e-18  7.15704e-05 -3.66504e-18  5.47484e-06 -3.12002e-19 -1.63424e-05  1.29801e-18 -1.01905e-05  2.28554e-19 -1.83549e-06 -7.93099e-19  1.23212e-06  1.45145e-19   1.1277e-06  2.03171e-19  4.39285e-07 -1.05867e-19  5.85085e-08 -1.85285e-20 -4.06078e-08  4.92805e-20 -3.42755e-08 -5.42346e-21 -1.46371e-08 -1.61969e-20  -3.9706e-09  1.04753e-21 -4.50812e-10  4.03373e-21   2.0936e-10  1.52567e-22  1.65492e-10 -8.68713e-22  6.90052e-11 -1.34977e-22   2.1299e-11  1.42699e-22  5.13483e-12  4.81185e-23   9.2126e-13  6.19447e-25  8.63306e-14  1.03143e-24 -1.70636e-14 -1.46643e-25 -1.19858e-14 -1.41099e-24  -4.0494e-15 -7.57262e-25 -1.04553e-15 -1.85399e-25  -2.2673e-16 -1.29041e-26 -4.27445e-17  3.11354e-26 -7.10752e-18  2.50345e-26 -1.04715e-18  6.54918e-27 -1.36346e-19 -8.63915e-28 -1.55263e-20 -7.91248e-28  -1.5098e-21 -8.64414e-29 -1.18479e-22  1.82927e-29 -6.23457e-24 -5.29381e-30  3.25779e-26 -5.17477e-30   5.9888e-26 -5.92142e-31  9.29708e-27  3.51124e-31  9.80809e-28  1.56713e-31  8.15634e-29  2.93255e-32  5.55665e-30  2.32345e-33  3.12345e-31 -1.47745e-34  1.43708e-32 -5.03747e-35  5.30727e-34 -2.79589e-36  1.51944e-35  3.12519e-37  3.15156e-37  4.44271e-38  3.98385e-39  1.43854e-39  1.45576e-41
 3.98429e-07 -3.89583e-19  -1.4156e-05  3.22534e-18   0.00016932 -1.23601e-17  -0.00108109  2.62953e-17   0.00425665  -3.1044e-17   -0.0109221  1.43314e-17    0.0183037  1.57404e-17   -0.0187464  -5.2876e-17   0.00867931  1.14608e-16   0.00275933 -1.93161e-16  -0.00439487  2.22437e-16 -0.000403583 -1.59783e-16   0.00163273   5.5935e-17  0.000345318  1.01485e-17 -0.000482348 -1.97468e-17  -0.00026217  5.12427e-18  5.22458e-05  4.72472e-18  0.000101227 -3.77302e-18  3.40743e-05 -7.63771e-19 -9.54196e-06  1.74622e-18 -1.39904e-05  1.73704e-19 -5.77989e-06 -8.69343e-19 -2.66962e-07  1.65947e-19  1.06928e-06  1.97024e-19  7.12129e-07 -1.22209e-19  2.42215e-07 -6.13096e-21  2.66286e-08  5.70619e-20 -2.25279e-08 -7.39517e-21 -1.76464e-08 -1.88152e-20 -7.46365e-09  9.96043e-22 -2.14783e-09   4.6545e-21 -3.65028e-10  1.72539e-22  2.41918e-11 -1.02761e-21  4.82529e-11 -1.88176e-22  2.30064e-11  1.42015e-22  7.70254e-12  6.27401e-23  2.05671e-12  1.38915e-23  4.49863e-13  5.86084e-24  7.85092e-14  1.62997e-25  9.49489e-15  -1.8621e-24  1.28597e-16 -1.09818e-24 -3.46364e-16 -3.61114e-25 -1.29061e-16 -5.19156e-26 -3.24048e-17  4.37349e-26 -6.62024e-18  3.47105e-26 -1.16434e-18   8.3071e-27 -1.80517e-19 -8.69666e-28 -2.49492e-20 -7.65228e-28 -3.08961e-21 -8.48466e-29 -3.43318e-22 -4.05003e-30 -3.41961e-23 -1.61889e-29 -3.04358e-24 -6.93214e-30 -2.40831e-25 -4.37924e-31 -1.68211e-26  4.70131e-31 -1.02722e-27  1.80801e-31 -5.41644e-29  3.21442e-32 -2.42612e-30  2.70028e-33 -9.02561e-32 -3.52618e-35  -2.6906e-33 -2.45025e-35 -5.97818e-35 -1.02612e-37 -8.12758e-37  3.17036e-37 -1.83708e-39  2.47388e-38  5.04376e-41  4.18378e-40
 9.49206e-20  6.87318e-07 -1.53948e-18 -2.39626e-05  8.80675e-18  0.000275331 -2.65707e-17  -0.00167313  4.61775e-17   0.00623868 -4.42181e-17   -0.0150523  1.57404e-17    0.0233644  1.25967e-17   -0.0212731 -3.80737e-17   0.00694531  9.97454e-17    0.0055382 -1.88123e-16  -0.00451751  2.17638e-16  -0.00169574 -1.47175e-16   0.00167547  4.30145e-17  0.000877492   1.5479e-17 -0.000368576 -1.96216e-17 -0.000416949  4.29206e-18 -4.89771e-05  5.11326e-18  0.000104474  -3.9262e-18  6.65816e-05 -1.03704e-18  7.36233e-06  2.11149e-18 -1.29815e-05  1.00473e-19 -9.46167e-06 -8.94918e-19 -2.79127e-06  1.89545e-19  2.91498e-07  1.63313e-19  7.37878e-07  -1.3771e-19  4.08248e-07  1.07039e-20  1.27995e-07  6.46255e-20  1.42402e-08 -9.58777e-21 -1.00999e-08 -2.08874e-20 -7.97237e-09  1.24989e-21 -3.41694e-09  5.20297e-21 -1.04499e-09  1.38037e-22 -2.25016e-10 -1.18855e-21 -2.21403e-11 -2.71147e-22  7.78661e-12  1.18466e-22  5.58118e-12  7.58987e-23  2.11678e-12   3.1439e-23  6.14741e-13  1.34128e-23  1.48229e-13  1.63028e-24  3.04173e-14 -2.02851e-24  5.30399e-15 -1.49415e-24  7.62043e-16 -6.00537e-25  8.09286e-17 -1.05498e-25  3.14316e-18  5.53251e-26 -1.22216e-18  4.35263e-26 -4.29376e-19  9.95722e-27 -9.12143e-20 -5.84363e-28 -1.53632e-20 -6.23556e-28 -2.19813e-21 -8.69837e-29 -2.74344e-22 -3.66928e-29 -3.02075e-23 -2.87964e-29 -2.94608e-24  -8.5291e-30 -2.54389e-25 -2.30749e-31 -1.93755e-26  5.74254e-31 -1.29291e-27   1.9588e-31  -7.4831e-29  3.30502e-32 -3.70378e-30   2.9044e-33  -1.5363e-31  7.17392e-35 -5.17898e-33 -2.54687e-36 -1.34889e-34  1.45125e-36  -2.4785e-36  2.45754e-37 -2.70084e-38  1.08579e-38 -1.24179e-40
 1.77202e-07  5.05453e-19 -1.91459e-06 -4.67233e-18 -1.56081e-05    2.023e-17  0.000319221  -4.9572e-17  -0.00213427  7.08249e-17   0.00800729  -5.3453e-17   -0.0187464  1.25967e-17    0.0274066  3.40891e-18   -0.0221777  -8.7108e-18   0.00399011    6.984e-17   0.00812818  -1.6828e-16  -0.00379345   1.9883e-16  -0.00306888 -1.27073e-16    0.0013002   3.0556e-17    0.0013954  1.77349e-17 -8.05046e-05  -1.8123e-17 -0.000507322  3.72472e-18  -0.00018838  5.13579e-18  6.69589e-05 -4.15603e-18  9.00061e-05 -1.09412e-18  3.15997e-05  2.35966e-18 -4.94073e-06   1.1902e-20 -1.07025e-05 -8.52644e-19 -5.50278e-06  2.12537e-19 -1.17716e-06  1.03179e-19  3.47437e-07 -1.52711e-19  4.36974e-07  2.98662e-20  2.15755e-07  7.08513e-20  6.54576e-08 -1.20417e-20  8.81608e-09 -2.20386e-20 -3.41486e-09  2.00728e-21 -3.06983e-09  5.74306e-21 -1.36622e-09  9.93946e-23 -4.42236e-10 -1.34639e-21 -1.09868e-10 -3.98208e-22 -1.95303e-11  6.24224e-23 -1.36329e-12  8.23706e-23   6.7673e-13  5.12132e-23  3.86886e-13   2.3692e-23  1.29003e-13  4.65566e-24   3.3784e-14 -1.74073e-24   7.4833e-15 -1.89926e-24  1.44184e-15 -8.81738e-25  2.44231e-16  -1.6808e-25  3.63877e-17  6.35997e-26  4.72474e-18    5.009e-26  5.21625e-19  1.14398e-26  4.59718e-20  3.42467e-29  2.57364e-21 -3.89523e-28 -6.78401e-23  -1.0251e-28 -4.44258e-23 -7.77598e-29 -7.67895e-24 -4.16236e-29 -9.46423e-25 -9.71298e-30  -9.4173e-26  1.47613e-32 -7.84674e-27  6.49084e-31 -5.53097e-28  1.99127e-31 -3.29042e-29  3.18369e-32 -1.63358e-30  2.89742e-33 -6.62731e-32  1.49081e-34 -2.11922e-33  1.10773e-35 -5.00658e-35  1.83935e-36 -7.69888e-37  1.48004e-37 -5.86602e-39  3.24854e-39
-9.88282e-20  1.29137e-06  1.79153e-18 -1.46209e-05 -1.15846e-17  4.95567e-05   4.0021e-17  0.000165671 -8.12836e-17  -0.00213334  9.52041e-17   0.00897868  -5.2876e-17   -0.0212731  3.40891e-18    0.0298661 -1.15047e-17    -0.021424  3.03449e-17   0.00031036  3.20413e-17    0.0100597 -1.38878e-16  -0.00228614  1.70389e-16  -0.00422856 -1.03627e-16  0.000515886  2.05416e-17   0.00175331  1.71313e-17  0.000346255 -1.58519e-17 -0.000481983  3.60641e-18 -0.000330412  4.78147e-18 -1.34161e-05 -4.43479e-18  9.06918e-05 -9.50155e-19   5.5835e-05  2.46308e-18  9.74684e-06 -7.88918e-20 -7.66202e-06 -7.33257e-19 -7.07198e-06  2.32439e-19 -2.88575e-06  2.26761e-20 -4.51834e-07 -1.66767e-19  2.39436e-07   4.8416e-20   2.2818e-07   7.3935e-20  1.05432e-07 -1.50789e-20  3.21293e-08 -2.20569e-20  5.49452e-09  3.41716e-21 -6.23722e-10  6.41375e-21 -9.49696e-10  1.56986e-22 -4.58451e-10 -1.48214e-21 -1.57136e-10 -5.77352e-22 -4.27254e-11 -3.44838e-23 -9.35535e-12   7.5405e-23  -1.5599e-12  6.98914e-23 -1.44591e-13    3.607e-23  2.04144e-14  9.32632e-24  1.48636e-14 -9.30398e-25  4.77969e-15 -2.26245e-24   1.1653e-15 -1.16951e-24  2.38533e-16 -2.31803e-25  4.25514e-17  6.65837e-26  6.72755e-18  5.35159e-26  9.50235e-19  1.27733e-26  1.20275e-19  9.41178e-28  1.36405e-20 -1.20055e-28  1.38226e-21 -1.41795e-28  1.24495e-22 -1.23943e-28  9.88358e-24 -5.30558e-29  6.83154e-25 -1.02854e-29  4.03476e-26  2.73976e-31  1.97443e-27  6.83563e-31  7.54534e-29  1.89815e-31  1.92169e-30  2.87203e-32  8.35225e-33  2.67846e-33 -1.99094e-33  1.82883e-34 -1.04983e-34  1.57205e-35 -2.57724e-36  1.47219e-36 -2.30359e-38  6.69024e-38  4.96831e-41
-1.41738e-07 -4.66784e-19   4.5968e-06  4.89007e-18 -4.68468e-05 -2.42986e-17  0.000216075  6.93561e-17 -0.000327072 -1.18319e-16  -0.00135818  1.12057e-16   0.00867931 -3.80737e-17   -0.0221777 -1.15047e-17     0.030602 -2.96434e-17   -0.0193537  7.02844e-17  -0.00350638 -4.61488e-18    0.0110578 -1.05887e-16 -0.000233557  1.37329e-16  -0.00493404  -8.0485e-17 -0.000563553  1.37179e-17   0.00183618  1.44703e-17  0.000829959 -1.32926e-17   -0.0003174  3.93332e-18 -0.000430634  4.07743e-18  -0.00012327 -4.68955e-18  6.00832e-05 -6.66048e-19  7.03424e-05  2.40149e-18  2.75023e-05 -1.52332e-19  9.07681e-08 -5.37861e-19 -6.24451e-06  2.49062e-19 -4.07162e-06    -6.73e-20 -1.41481e-06 -1.77924e-19 -1.73772e-07  6.32593e-20  1.25632e-07  7.16331e-20  1.05539e-07 -1.93771e-20  4.72274e-08 -2.10663e-20  1.47735e-08  5.51661e-21  3.08757e-09  7.40314e-21  1.73873e-10  4.48519e-22 -2.01896e-10 -1.55793e-21 -1.20683e-10 -8.03765e-22 -4.47776e-11  -1.7617e-22 -1.30216e-11  4.83867e-23 -3.14797e-12  8.35252e-23 -6.40748e-13  4.92747e-23 -1.07707e-13  1.52864e-23 -1.37675e-14  3.17299e-25 -8.68694e-16 -2.54641e-24  1.72977e-16  -1.4267e-24  8.29741e-17 -2.89699e-25   2.0872e-17  6.29843e-26  4.07031e-18  5.36158e-26  6.70414e-19  1.39875e-26  9.63025e-20  1.98972e-27  1.22377e-20  1.05376e-28  1.38427e-21 -2.12677e-28  1.39621e-22 -1.70908e-28  1.25398e-23 -6.16635e-29  9.98992e-25 -1.01558e-29  7.01509e-26  5.13472e-31  4.30306e-27  6.72724e-31  2.27696e-28  1.69568e-31   1.0214e-29  2.42495e-32   3.7896e-31  2.28518e-33  1.12294e-32  1.74391e-34  2.53177e-34  1.38827e-35  4.06067e-36  8.66618e-37  3.97321e-38  1.99433e-38
 7.13311e-20 -3.51777e-07 -1.46436e-18  9.90197e-06  1.09208e-17 -9.97167e-05 -4.41181e-17  0.000497597  1.06701e-16  -0.00121645 -1.54171e-16  0.000323206  1.14608e-16   0.00694531  -8.7108e-18    -0.021424 -2.96434e-17    0.0298788 -4.69477e-17   -0.0165097  1.01528e-16  -0.00696763 -3.26659e-17    0.0110779 -7.41532e-17    0.0020459   1.0412e-16  -0.00505576 -6.00757e-17  -0.00175962  9.76009e-18   0.00159129  1.07239e-17   0.00126688 -1.06995e-17 -2.68924e-05  4.55619e-18 -0.000450038  3.09412e-18 -0.000236457  -4.8311e-18 -9.81893e-07 -3.34592e-19  6.66088e-05  2.16482e-18  4.23958e-05 -1.90322e-19  1.09908e-05 -2.79061e-19 -2.50735e-06  2.64937e-19 -3.98111e-06 -1.51804e-19   -2.125e-06 -1.82252e-19 -6.67375e-07  7.20011e-20 -7.75083e-08  6.17875e-20  5.20585e-08 -2.59329e-20  4.27153e-08 -1.96212e-20  1.90193e-08  8.18313e-21  6.15707e-09   8.8956e-21  1.48385e-09  1.12047e-21  2.25623e-10 -1.51854e-21 -7.98364e-12 -1.05626e-21 -2.10234e-11 -3.59063e-22 -9.41757e-12 -2.84415e-24 -2.97577e-12  8.86067e-23 -7.67433e-13  6.15947e-23 -1.69166e-13  2.17411e-23 -3.24161e-14  1.76107e-24 -5.41113e-15 -2.74329e-24  -7.7778e-16 -1.62743e-24 -9.29461e-17 -3.38696e-25 -8.31384e-18  5.23066e-26 -3.04229e-19  5.07859e-26  7.56557e-20  1.50175e-26  2.28212e-20  2.94479e-27  3.98566e-21  2.04302e-28  5.42696e-22 -3.17078e-28  6.18254e-23 -2.13791e-28  6.04031e-24 -6.64514e-29  5.10186e-25 -9.36517e-30  3.72352e-26  6.98236e-31   2.3329e-27  6.19334e-31  1.23947e-28   1.4187e-31  5.47853e-30  1.91342e-32  1.95755e-31  1.78704e-33  5.41781e-33  1.37557e-34  1.08928e-34    9.255e-36  1.42641e-36  3.74704e-37  8.44314e-39
-4.57871e-08  2.90985e-19  1.95572e-07   -3.521e-18  1.14416e-05  2.06377e-17 -0.000150103 -7.05058e-17  0.000834133  1.47348e-16  -0.00239471 -1.81135e-16   0.00275933  9.97454e-17   0.00399011  3.03449e-17   -0.0193537 -4.69477e-17    0.0281999 -5.92015e-17   -0.0134322  1.17224e-16  -0.00977911 -4.84983e-17    0.0102562 -4.66436e-17   0.00424866  7.40715e-17  -0.00458561 -4.34727e-17  -0.00288135  7.73477e-18   0.00103618  6.73025e-18   0.00155978 -8.13631e-18  0.000342693  5.25863e-18 -0.000367395   1.9537e-18 -0.000321507 -4.78351e-18 -8.12824e-05 -6.14627e-20  4.08559e-05  1.75583e-18  4.81659e-05  -1.8539e-19  2.17385e-05  1.89897e-20  3.48755e-06   2.8446e-19 -2.25601e-06 -2.13537e-19  -2.1747e-06 -1.73935e-19 -1.02555e-06  7.37497e-20 -3.07402e-07  4.29719e-20 -4.15865e-08 -3.58935e-20  1.60227e-08 -1.86657e-20  1.46715e-08  1.11219e-20  6.68406e-09  1.10082e-20  2.24312e-09  2.29043e-21  5.93501e-10 -1.30106e-21  1.21335e-10 -1.29865e-21  1.60605e-11 -5.70388e-22 -4.29096e-13 -7.77474e-23 -1.12637e-12  8.32272e-23 -4.52258e-13  7.12646e-23 -1.28578e-13  2.76182e-23 -3.00474e-14  3.05842e-24 -6.05891e-15 -2.88027e-24 -1.07649e-15 -1.76618e-24 -1.70134e-16 -3.80872e-25 -2.39991e-17  3.47827e-26  -3.0185e-18   4.5668e-26 -3.36794e-19  1.56208e-26 -3.29937e-20  3.52881e-27 -2.78446e-21  1.14638e-28 -1.94969e-22 -4.48539e-28 -1.03233e-23 -2.47766e-28  -2.7456e-25 -6.70056e-29   1.8211e-26 -8.06961e-30  3.38477e-27  8.02272e-31  2.98151e-28  5.33439e-31  1.86749e-29  1.11062e-31  8.86837e-31  1.40642e-32  3.18468e-32  1.26893e-33  8.34778e-34  9.11855e-35  1.50226e-35  4.80005e-36  1.62754e-37  1.05792e-37
-3.37473e-20 -3.63621e-07  7.75298e-19   3.8843e-06 -6.86936e-18 -5.09651e-06  3.37207e-17 -0.000142602  -1.0047e-16   0.00107808  1.84409e-16  -0.00357891 -1.93161e-16    0.0055382    6.984e-17   0.00031036  7.02844e-17   -0.0165097 -5.92015e-17    0.0261001 -6.35473e-17   -0.0105178  1.15408e-16   -0.0118503  -5.2607e-17   0.00882123 -2.46591e-17   0.00614752  4.91499e-17  -0.00361064 -3.06774e-17  -0.00376829  6.59487e-18  0.000246137  3.07237e-18   0.00164057 -5.59275e-18  0.000723699  5.83674e-18 -0.000185621  8.28879e-19 -0.000350851 -4.50392e-18 -0.000161866  5.74991e-20 -3.95982e-06  1.19099e-18  4.06105e-05 -1.47576e-19  2.83723e-05  3.21733e-19   9.9873e-06   3.1199e-19  8.12117e-07 -2.35446e-19 -1.37452e-06 -1.46086e-19 -1.05072e-06   6.9598e-20 -4.59988e-07  1.50264e-20 -1.37329e-07  -5.0292e-20 -2.33906e-08 -1.93543e-20  2.56978e-09  1.38976e-20  4.01002e-09   1.3738e-20  1.96213e-09  4.01051e-21  6.86472e-10 -8.51058e-22  1.93042e-10 -1.48631e-21  4.48882e-11 -7.88627e-22  8.50313e-12  -1.6978e-22  1.20135e-12  6.79033e-23  7.49217e-14  7.69164e-23 -2.33985e-14  3.18413e-23 -1.15006e-14  3.86002e-24 -3.18409e-15 -3.01221e-24 -6.91587e-16  -1.8587e-24 -1.27521e-16 -4.22259e-25 -2.05838e-17  1.12092e-26  -2.9502e-18  3.87694e-26 -3.77984e-19  1.53808e-26 -4.34008e-20  3.49417e-27 -4.46516e-21 -1.84497e-28 -4.10668e-22 -5.91731e-28 -3.36225e-23 -2.68717e-28 -2.43549e-24 -6.35225e-29 -1.54783e-25 -6.49285e-30 -8.53474e-27  8.17114e-31 -4.02283e-28  4.29694e-31 -1.58876e-29  8.12171e-32 -5.11383e-31    9.577e-33 -1.28627e-32  8.08293e-34  -2.3323e-34  5.05465e-35 -2.45657e-36  1.87666e-36 -5.94375e-39
 3.29982e-08 -1.11689e-19 -1.27198e-06  1.53821e-18  1.37886e-05  -1.1188e-17 -5.80221e-05  4.83562e-17 -5.36908e-06  -1.2903e-16   0.00103518  2.10987e-16  -0.00439487 -1.88123e-16   0.00812818  3.20413e-17  -0.00350638  1.01528e-16   -0.0134322 -6.35473e-17    0.0239948 -5.94109e-17   -0.0079766  9.90149e-17   -0.0132363 -4.82205e-17   0.00701295 -8.44148e-18   0.00761097  3.00958e-17  -0.00227147 -2.11012e-17  -0.00431429  5.52548e-18 -0.000669346  8.70825e-20   0.00148183 -3.09507e-18   0.00104422  6.15944e-18  6.89869e-05 -7.54516e-20 -0.000308663 -3.98759e-18 -0.000221278 -4.07403e-20 -5.84305e-05    4.994e-19  1.93918e-05 -1.06414e-19    2.774e-05  5.86956e-19  1.47077e-05  3.49584e-19  4.30521e-06 -2.03879e-19  1.17582e-07 -9.21939e-20 -6.67586e-07  6.25563e-20 -4.51933e-07 -2.07353e-20  -1.9008e-07 -6.97659e-20 -5.79129e-08 -2.27895e-20  -1.2035e-08  1.60034e-20 -7.52216e-10  1.69365e-20  7.29225e-10  6.24181e-21  4.45806e-10 -1.41043e-22  1.67429e-10 -1.57636e-21  4.94658e-11 -9.86365e-22  1.22638e-11 -2.66708e-22  2.60651e-12   4.5719e-23  4.75041e-13  7.79432e-23  7.26467e-14  3.36215e-23  8.68507e-15  3.90763e-24  5.97766e-16 -3.20391e-24 -5.39706e-17 -1.93429e-24 -3.03009e-17 -4.69766e-25 -7.14786e-18 -1.72276e-26 -1.26648e-18  3.02402e-26 -1.86852e-19  1.38228e-26 -2.37876e-20  2.70325e-27 -2.65132e-21 -6.61471e-28 -2.60062e-22 -7.24703e-28 -2.24439e-23 -2.73956e-28 -1.69716e-24 -5.67297e-29 -1.11579e-25 -4.86637e-30 -6.30358e-27  7.53695e-31 -3.00925e-28  3.23462e-31  -1.1854e-29  5.53212e-32 -3.72095e-31  5.99175e-33  -8.7999e-33  4.54671e-34 -1.40718e-34  2.28956e-35 -1.15171e-36  4.86104e-37
 1.20471e-20  4.59228e-08 -2.25066e-19 -2.45677e-06  2.34824e-18  2.96004e-05 -1.54149e-17  -0.00015437  6.15258e-17  0.000308242 -1.50718e-16  0.000550848  2.22437e-16  -0.00451751  -1.6828e-16    0.0100597 -4.61488e-18  -0.00696763  1.17224e-16   -0.0105178 -5.94109e-17    0.0221246 -4.84874e-17  -0.00586392   7.4106e-17   -0.0140632  -3.9367e-17   0.00503232  2.33612e-18   0.00859175  1.66892e-17 -0.000723564 -1.40211e-17  -0.00447218   4.0837e-18   -0.0015914  -2.0843e-18   0.00109723 -7.59184e-19   0.00124329  6.19912e-18  0.000353289 -5.56257e-19 -0.000195164 -3.25928e-18 -0.000241549 -3.68295e-19 -0.000109132 -2.79662e-19 -1.14475e-05 -1.06938e-19  1.87784e-05  7.69577e-19  1.56897e-05  3.95332e-19  6.99323e-06 -1.11548e-19  1.82285e-06 -7.81713e-21  2.43049e-08  5.68853e-20 -2.65911e-07 -6.17375e-20 -1.71192e-07 -9.43494e-20 -7.08791e-08 -2.97586e-20 -2.22041e-08  1.69493e-20 -5.29578e-09  2.03199e-20 -8.29526e-10  8.84621e-21  5.76977e-12  8.14107e-22  6.36639e-11  -1.5385e-21  2.94714e-11 -1.13503e-21  9.41508e-12  -3.5271e-22  2.44907e-12  2.16661e-23  5.46289e-13   7.4645e-23  1.06751e-13  3.26578e-23  1.84309e-14   3.0995e-24  2.81352e-15  -3.5085e-24  3.77249e-16 -2.02296e-24  4.36821e-17 -5.27722e-25  4.20112e-18 -4.90978e-26  3.01203e-19  1.99176e-26  8.77481e-21  1.06096e-26 -1.72014e-21  1.18812e-27  -4.0402e-22 -1.23557e-27  -5.4078e-23 -8.23766e-28 -5.53281e-24 -2.62877e-28 -4.62074e-25 -4.77217e-29 -3.20837e-26 -3.37957e-30  -1.8511e-27  6.36957e-31 -8.76371e-29  2.27239e-31 -3.32287e-30  3.49342e-32 -9.68794e-32  3.40424e-33 -2.01862e-33  2.21006e-34 -2.55485e-35  8.03799e-36 -1.14801e-37
 1.84645e-08  3.45322e-20 -2.58265e-07 -2.82582e-19 -1.66399e-06   2.6727e-18  4.17654e-05 -1.79777e-17  -0.00027082  7.00239e-17  0.000773177 -1.61443e-16 -0.000403583  2.17638e-16  -0.00379345 -1.38878e-16    0.0110578 -3.26659e-17  -0.00977911  1.15408e-16   -0.0079766 -4.84874e-17    0.0205768 -3.39274e-17  -0.00414196  4.74065e-17   -0.0144695 -2.93745e-17     0.003024   8.3577e-18   0.00910171   8.0934e-18   0.00088942 -8.86237e-18  -0.00424571  2.17189e-18  -0.00241148 -3.46263e-18  0.000533907  1.21908e-18   0.00128146  6.02906e-18  0.000616987 -4.52736e-19 -2.66507e-05 -2.35591e-18 -0.000213122 -8.78267e-19 -0.000142358 -1.09982e-18 -4.44503e-05   -2.005e-19  3.09047e-06   8.2838e-19  1.20916e-05    4.431e-19  7.81359e-06  4.06478e-20  3.12185e-06  1.08016e-19   7.8113e-07  5.70066e-20  3.55037e-08 -1.04698e-19 -8.43205e-08 -1.23398e-19 -5.55662e-08 -4.05489e-20 -2.31251e-08   1.6346e-20  -7.4385e-09  2.35092e-20 -1.93078e-09  1.15975e-20 -3.96712e-10  1.95001e-21 -5.65231e-11 -1.36309e-21 -1.20332e-12 -1.21041e-21  2.61187e-12 -4.11825e-22  1.13602e-12  1.35678e-24  3.28726e-13  6.80953e-23  7.70698e-14  2.91771e-23  1.55202e-14  1.50248e-24  2.75162e-15 -3.94958e-24  4.34628e-16 -2.14309e-24  6.15095e-17 -5.95639e-25  7.81491e-18 -8.28191e-26  8.90881e-19  7.60966e-27  9.08825e-20  5.73621e-27  8.25848e-21 -8.36181e-28  6.63968e-22 -1.79605e-27  4.67918e-23 -8.69765e-28  2.85391e-24 -2.37264e-28  1.48013e-25 -3.77465e-29  6.36392e-27 -2.15282e-30  2.18089e-28  4.96569e-31  5.55218e-30  1.48614e-31  8.84585e-32  2.03037e-32  2.75535e-34  1.72847e-33 -1.90168e-35  8.98044e-35 -1.55387e-37  1.90223e-36
-1.01747e-20  1.05213e-07  6.23769e-20 -1.52448e-06 -1.03685e-19  5.73325e-06  1.83132e-18  2.95075e-05 -1.74384e-17 -0.000346552  7.17304e-17   0.00127389 -1.59783e-16  -0.00169574   1.9883e-16  -0.00228614 -1.05887e-16    0.0110779 -4.84983e-17   -0.0118503  9.90149e-17  -0.00586392 -3.39274e-17    0.0193419 -1.91814e-17  -0.00273606  2.42497e-17   -0.0145744 -2.02433e-17   0.00108014  1.06149e-17    0.0091864  3.20556e-18   0.00244914 -5.26727e-18  -0.00367596 -7.74847e-20  -0.00304369  -4.2201e-18 -0.000139004  2.61466e-18   0.00114571  5.79008e-18  0.000812734  3.18986e-19  0.000168205 -1.30801e-18 -0.000137468 -1.46992e-18 -0.000147977 -1.91123e-18  -7.0861e-05 -4.32717e-19 -1.54102e-05  7.33725e-19  4.58692e-06  4.84049e-19   6.3092e-06  2.43675e-19  3.50944e-06  2.52209e-19  1.31664e-06  6.63546e-20  3.36039e-07 -1.46314e-19  3.54831e-08 -1.55652e-19 -1.87604e-08 -5.48783e-20 -1.46659e-08  1.39697e-20 -6.32669e-09  2.60909e-20 -2.08981e-09    1.421e-20 -5.69547e-10   3.1572e-21 -1.30692e-10 -1.06425e-21 -2.50009e-11 -1.19773e-21 -3.77021e-12 -4.31796e-22 -3.53751e-13 -1.04925e-23   2.0322e-14  5.97753e-23  1.99277e-14  2.38086e-23  6.00696e-15 -6.85402e-25  1.32818e-15 -4.51248e-24  2.43798e-16 -2.29442e-24  3.87462e-17 -6.68037e-25  5.42957e-18 -1.16672e-25  6.76452e-19 -6.52488e-27  7.51572e-20 -3.67206e-28  7.44466e-21 -3.01663e-27  6.55573e-22 -2.23189e-27   5.1055e-23  -8.5361e-28  3.48937e-24 -2.01063e-28  2.07062e-25 -2.79833e-29  1.05135e-26 -1.23425e-30  4.47611e-28  3.58357e-31  1.55223e-29  9.00946e-32   4.1948e-31  1.07458e-32  8.21539e-33   7.6674e-34  1.02095e-34  2.87475e-35   5.5677e-37
