   0.0307687  1.59987e-18   -0.0412985 -5.73931e-18   0.00153815  3.87067e-18   0.00936513  3.63114e-19  0.000827627 -9.51078e-19  -0.00161232  1.10125e-19 -0.000401253  1.18644e-19  0.000126907 -3.80494e-20  5.50209e-05 -2.51444e-21  1.34274e-06  1.21023e-21 -7.50837e-07
 1.59987e-18    0.0746091  3.96925e-18   -0.0488532 -9.49904e-18   -0.0121481  4.27023e-18    0.0122892  1.15405e-18   0.00398554 -1.28798e-18  -0.00194718  2.39066e-19 -0.000955347  1.37059e-19   8.2755e-05 -6.10005e-20  8.90492e-05 -1.56075e-21  7.53667e-06  7.95269e-22
  -0.0412985  3.96925e-18    0.0877516  5.67591e-18   -0.0337794  -9.9698e-18   -0.0224459  3.31539e-18    0.0102928  9.51163e-19   0.00666377 -1.30481e-18  -0.00144998  4.88455e-19  -0.00137368  1.05493e-19 -5.24648e-05 -6.49583e-20  8.68928e-05  5.29703e-22   8.8158e-06
-5.73931e-18   -0.0488532  5.67591e-18    0.0732907  5.73355e-18   -0.0180864 -7.69303e-18   -0.0259093  2.78236e-18   0.00691177 -3.47659e-19   0.00821243 -1.16033e-18 -0.000575346  6.90826e-19  -0.00155171  5.87441e-20 -0.000205729 -4.35133e-20  5.22235e-05  2.02434e-21
  0.00153815 -9.49904e-18   -0.0337794  5.73355e-18    0.0559761  4.15158e-18  -0.00931394 -3.88338e-18   -0.0260668  3.04603e-18    0.0038404 -1.91908e-18   0.00891946  -9.0475e-19  0.000404494  6.85195e-19  -0.00148311  7.83762e-21 -0.000309371 -1.06903e-20  1.10442e-05
 3.87067e-18   -0.0121481  -9.9698e-18   -0.0180864  4.15158e-18    0.0453311  1.27015e-18  -0.00499564  4.25878e-19    -0.025421  3.40749e-18   0.00126091 -2.84332e-18   0.00908056 -5.69645e-19   0.00136788  4.56948e-19  -0.00118793 -3.56186e-20 -0.000308731  8.33454e-21
  0.00936513  4.27023e-18   -0.0224459 -7.69303e-18  -0.00931394  1.27015e-18     0.039598 -2.17271e-18  -0.00250854  3.96171e-18   -0.0247614  3.20043e-18  -0.00101049  -2.7248e-18   0.00882809 -2.09716e-19   0.00223292  1.23765e-19 -0.000713824 -5.14137e-20 -0.000189447
 3.63114e-19    0.0122892  3.31539e-18   -0.0259093 -3.88338e-18  -0.00499564 -2.17271e-18     0.036291 -4.87347e-18  -0.00076435  5.57342e-18   -0.0242607  2.34553e-18  -0.00316418 -1.78342e-18   0.00816646  8.06672e-20   0.00287872 -1.61106e-19 -0.000187231  -3.4423e-20
 0.000827627  1.15405e-18    0.0102928  2.78236e-18   -0.0260668  4.25878e-19  -0.00250854 -4.87347e-18    0.0343274 -5.75454e-18  0.000661446  5.06146e-18   -0.0239419  1.19071e-18  -0.00536401 -5.29244e-19   0.00699272  1.75208e-19   0.00308198 -2.88495e-19  0.000145112
-9.51078e-19   0.00398554  9.51163e-19   0.00691177  3.04603e-18    -0.025421  3.96171e-18  -0.00076435 -5.75454e-18    0.0332985 -4.78634e-18   0.00200258  3.19269e-18   -0.0237748  2.23693e-19  -0.00775141  5.88375e-19   0.00511938  3.49537e-20   0.00255299 -2.14115e-19
 -0.00161232 -1.28798e-18   0.00666377 -3.47659e-19    0.0038404  3.40749e-18   -0.0247614  5.57342e-18  0.000661446 -4.78634e-18    0.0330397 -2.81054e-18   0.00344676  1.03352e-18   -0.0236708 -8.56019e-21   -0.0103908  1.34868e-18   0.00245998 -1.35805e-19   0.00130109
 1.10125e-19  -0.00194718 -1.30481e-18   0.00821243 -1.91908e-18   0.00126091  3.20043e-18   -0.0242607  5.06146e-18   0.00200258 -2.81054e-18    0.0335201 -8.91985e-19   0.00521457 -5.28094e-19   -0.0233853  9.28574e-19   -0.0129856  1.72996e-18 -0.000395188 -5.81024e-20
-0.000401253  2.39066e-19  -0.00144998 -1.16033e-18   0.00891946 -2.84332e-18  -0.00101049  2.34553e-18   -0.0239419  3.19269e-18   0.00344676 -8.91985e-19    0.0348339 -3.25186e-20   0.00768542 -9.58253e-19   -0.0221896  2.75591e-18   -0.0142418  1.67571e-18   -0.0017738
 1.18644e-19 -0.000955347  4.88455e-19 -0.000575346  -9.0475e-19   0.00908056  -2.7248e-18  -0.00316418  1.19071e-18   -0.0237748  1.03352e-18   0.00521457 -3.25186e-20    0.0372794 -1.04699e-18    0.0117108 -4.25458e-19   -0.0183251  3.90366e-18   -0.0118887  1.05419e-18
 0.000126907  1.37059e-19  -0.00137368  6.90826e-19  0.000404494 -5.69645e-19   0.00882809 -1.78342e-18  -0.00536401  2.23693e-19   -0.0236708 -5.28094e-19   0.00768542 -1.04699e-18    0.0416282 -4.10168e-18    0.0189936 -2.93493e-19  -0.00964147  2.55521e-18  -0.00561317
-3.80494e-20   8.2755e-05  1.05493e-19  -0.00155171  6.85195e-19   0.00136788 -2.09716e-19   0.00816646 -5.29244e-19  -0.00775141 -8.56019e-21   -0.0233853 -9.58253e-19    0.0117108 -4.10168e-18    0.0494079 -8.44926e-18    0.0308941 -2.52873e-18   0.00220059 -1.98683e-19
 5.50209e-05 -6.10005e-20 -5.24648e-05  5.87441e-20  -0.00148311  4.56948e-19   0.00223292  8.06672e-20   0.00699272  5.88375e-19   -0.0103908  9.28574e-19   -0.0221896 -4.25458e-19    0.0189936 -8.44926e-18    0.0614761 -1.31326e-17    0.0433629 -6.50353e-18   0.00836251
-2.51444e-21  8.90492e-05 -6.49583e-20 -0.000205729  7.83762e-21  -0.00118793  1.23765e-19   0.00287872  1.75208e-19   0.00511938  1.34868e-18   -0.0129856  2.75591e-18   -0.0183251 -2.93493e-19    0.0308941 -1.31326e-17    0.0726479 -1.69416e-17    0.0440099 -6.96893e-18
 1.34274e-06 -1.56075e-21  8.68928e-05 -4.35133e-20 -0.000309371 -3.56186e-20 -0.000713824 -1.61106e-19   0.00308198  3.49537e-20   0.00245998  1.72996e-18   -0.0142418  3.90366e-18  -0.00964147 -2.52873e-18    0.0433629 -1.69416e-17    0.0690182 -1.63601e-17    0.0256554
 1.21023e-21  7.53667e-06  5.29703e-22  5.22235e-05 -1.06903e-20 -0.000308731 -5.14137e-20 -0.000187231 -2.88495e-19   0.00255299 -1.35805e-19 -0.000395188  1.67571e-18   -0.0118887  2.55521e-18   0.00220059 -6.50353e-18    0.0440099 -1.63601e-17    0.0431605 -8.82999e-18
-7.50837e-07  7.95269e-22   8.8158e-06  2.02434e-21  1.10442e-05  8.33454e-21 -0.000189447  -3.4423e-20  0.000145112 -2.14115e-19   0.00130109 -5.81024e-20   -0.0017738  1.05419e-18  -0.00561317 -1.98683e-19   0.00836251 -6.96893e-18    0.0256554 -8.82999e-18     0.012746
