  2.9744e-24 -7.20898e-40 -1.59183e-22  5.75274e-38  3.31451e-21 -1.41481e-36 -4.14737e-20  2.03763e-35  3.59683e-19 -2.07231e-34 -2.32097e-18   1.6236e-33  1.16119e-17 -1.02788e-32  -4.6205e-17  5.41106e-32  1.48546e-16 -2.41306e-31 -3.89232e-16  9.23671e-31  8.33534e-16 -3.06623e-30  -1.4539e-15  8.90471e-30  2.04245e-15 -2.27982e-29 -2.25626e-15  5.18035e-29  1.86386e-15 -1.05032e-28 -1.01202e-15  1.90649e-28  1.82175e-16 -3.09873e-28  2.13189e-16  4.48924e-28  -1.7565e-16  -5.7266e-28  1.20022e-17  6.26686e-28  4.78887e-17   -5.548e-28 -1.59357e-17  3.31022e-28 -1.01047e-17  9.80109e-30  5.35348e-18 -3.69599e-28  2.21325e-18  6.27922e-28 -1.28267e-18 -7.06418e-28 -5.58897e-19  6.10585e-28  2.27651e-19 -4.16819e-28  1.42846e-19  2.18785e-28 -2.13449e-20 -7.74883e-29 -3.01558e-20  5.96332e-30 -2.79345e-21  1.50155e-29  4.22554e-21 -1.25086e-29  1.50721e-21   5.4586e-30 -1.90272e-22 -1.22636e-30 -2.54125e-22 -8.66228e-32 -5.17877e-23  2.33561e-31  1.32716e-23 -1.96381e-31  9.56965e-24  1.45177e-31  1.70775e-24 -6.79052e-32 -3.13933e-25  2.94021e-33  -2.3683e-25  2.09833e-32 -5.04581e-26 -1.77285e-32  3.08288e-28  9.35596e-33  3.11018e-27 -3.96464e-33  8.93028e-28  1.26058e-33  1.05456e-28 -1.46076e-34 -8.57275e-30 -1.01111e-34 -6.09923e-30  6.31325e-35 -1.24443e-30 -1.77412e-35  -1.2611e-31  2.90425e-36  1.00456e-33 -1.55284e-37  2.65181e-33 -5.81885e-38  4.84134e-34  5.17244e-39  4.87862e-35  5.26069e-39  2.56718e-36 -1.85077e-39 -3.76371e-38   2.6503e-40 -1.97987e-38 -2.61454e-43  -1.8135e-39 -3.61511e-42 -9.22405e-41  2.54404e-43 -2.36287e-42 -6.48379e-45 -3.59305e-44  -7.8738e-46 -1.33959e-46  3.21999e-47
-7.20898e-40  2.28642e-22 -3.21602e-38 -6.95419e-21  1.78163e-36  1.10288e-19 -3.51268e-35 -1.14541e-18  4.30856e-34  8.59131e-18 -3.86313e-33 -4.90933e-17   2.7289e-32  2.20746e-16 -1.58138e-31 -7.96987e-16  7.69695e-31  2.33867e-15 -3.19382e-30 -5.61037e-15  1.14187e-29  1.10037e-14  -3.5479e-29 -1.75298e-14  9.65434e-29  2.23267e-14 -2.31748e-28 -2.20073e-14  4.94093e-28  1.56197e-14 -9.41291e-28 -6.38579e-15  1.60972e-27 -5.04923e-16 -2.47585e-27  2.41586e-15  3.41595e-27 -1.06357e-15 -4.18524e-27 -3.08041e-16   4.4491e-27  4.08256e-16 -3.89798e-27 -7.69248e-18  2.43484e-27 -1.08891e-16  -3.3507e-28  1.22264e-17 -1.77877e-27   2.6388e-17  3.21519e-27  -2.4641e-18 -3.59166e-27 -6.05045e-18   3.0253e-27  -9.7677e-20 -1.99067e-27  1.20405e-18  9.90644e-28  2.24729e-19 -3.10623e-28 -1.71468e-19 -1.56541e-29 -7.64201e-20  9.93292e-29   8.4928e-21    -7.53e-29  1.36028e-20  3.37774e-29  2.60485e-21 -8.83107e-30 -1.00306e-21  7.85825e-32 -6.13626e-22  1.57979e-30 -7.69944e-23 -1.49213e-30  3.88098e-23  1.01541e-30  1.94275e-23  -4.2351e-31  2.77556e-24  5.85479e-33 -6.50929e-25  1.27929e-31 -3.98052e-25 -1.00894e-31 -7.95299e-26  5.01402e-32 -8.74497e-28 -1.99222e-32  3.80053e-27  5.88592e-33  1.10099e-27 -5.23749e-34  1.44925e-28  -5.2358e-34 -8.48882e-31     2.89e-34  -4.5192e-30 -7.35408e-35 -1.01167e-30  9.89169e-36 -1.19203e-31  1.76694e-37 -5.52168e-33 -3.77258e-37  7.39092e-34  2.38576e-38  1.85662e-34   2.0025e-38  2.04473e-35 -6.11801e-39   1.3277e-36  8.21203e-40  4.15086e-38  6.23036e-42 -8.85079e-40 -1.07993e-41 -1.57542e-40  6.26861e-43 -6.78798e-42 -1.49003e-44 -1.56668e-43 -1.12642e-45 -1.21616e-45
-1.59183e-22 -3.21602e-38  8.65406e-21 -8.12574e-37 -1.83179e-19  3.41599e-35  2.33185e-18 -5.58215e-34 -2.05916e-17  5.93909e-33  1.35424e-16 -4.75498e-32 -6.91267e-16  3.05961e-31  2.80984e-15 -1.63701e-30  -9.2412e-15  7.42027e-30  2.48142e-14 -2.88184e-29 -5.45734e-14  9.66726e-29  9.80376e-14 -2.82045e-28 -1.42417e-13  7.20434e-28  1.63722e-13 -1.62188e-27 -1.42445e-13   3.2397e-27  8.41076e-14  -5.7796e-27 -2.10378e-14  9.26321e-27 -1.37117e-14 -1.33925e-26  1.47586e-14  1.74669e-26 -2.55547e-15 -2.03951e-26 -3.52381e-15  2.08707e-26  1.72966e-15 -1.78224e-26  6.30931e-16  1.11222e-26 -5.45328e-16 -2.15806e-27 -1.21963e-16 -6.39352e-27  1.34596e-16  1.18283e-26  3.27972e-17 -1.29339e-26 -2.71045e-17   1.0533e-26 -1.00336e-17 -6.64313e-27  3.84187e-18  3.10988e-27  2.57925e-18 -8.21795e-28 -1.36993e-19 -2.20914e-28 -4.59705e-19  4.47006e-28 -9.49663e-20 -3.20635e-28  4.12651e-20  1.46442e-28  2.45964e-20 -4.04893e-29  2.04893e-21  4.15723e-31  -2.2534e-21  8.16415e-30 -9.18901e-22 -7.38958e-30 -6.42548e-23  4.57854e-30  6.33543e-23 -1.74696e-30  2.52598e-23 -1.05363e-32  3.10959e-24  5.18665e-31 -7.62602e-25 -3.89413e-31 -4.20529e-25  1.84441e-31 -8.21128e-26 -6.92339e-32 -3.02722e-27  1.90413e-32  2.67951e-27 -1.19184e-33  8.19074e-28 -1.83768e-33  1.18428e-28  9.06841e-34  5.25445e-30 -2.08528e-34 -1.63009e-30   2.2084e-35 -4.40891e-31  2.63347e-36 -5.72899e-32 -1.38012e-36 -4.09843e-33  6.35942e-38 -3.79091e-35  5.20296e-38  2.80238e-35 -1.36056e-38  3.57762e-36  1.76251e-39  2.40328e-37  1.97687e-41   9.4791e-39 -2.06677e-41   1.7205e-40  9.90957e-43 -6.54235e-43 -2.18037e-44  -1.0102e-43 -8.13224e-46
 5.75274e-38 -6.95419e-21 -8.12574e-37  2.15014e-19 -1.41937e-35 -3.46902e-18  4.75956e-34  3.66827e-17 -6.59547e-33 -2.80398e-16  6.17523e-32  1.63454e-15 -4.46571e-31 -7.50636e-15  2.64424e-30  2.77162e-14 -1.31815e-29 -8.33077e-14  5.60772e-29  2.05108e-13 -2.05132e-28 -4.13888e-13  6.48813e-28  6.80652e-13 -1.78374e-27 -8.99333e-13   4.2861e-27   9.2728e-13 -9.05419e-27 -7.00645e-13  1.69192e-26  3.24319e-13  -2.8153e-26  -1.0947e-14  4.20041e-26 -1.01752e-13 -5.65596e-26  5.76093e-14  6.89897e-26  7.14467e-15 -7.59356e-26 -1.96327e-14  7.39616e-26  2.84896e-15 -6.05741e-26  4.90941e-15  3.62034e-26 -1.28639e-15  -5.9883e-27 -1.17261e-15 -2.11341e-26  3.04772e-16  3.68806e-26  2.83618e-16 -3.85378e-26 -3.96943e-17  2.99517e-26 -6.35988e-17 -1.79264e-26 -2.72245e-18  7.77201e-27   1.1166e-17 -1.52958e-27  2.91982e-18 -1.16969e-27 -1.11089e-18  1.62425e-27  -7.3384e-19 -1.12074e-27 -4.45184e-20   5.1326e-28  8.43574e-20 -1.40522e-28  3.07078e-20 -4.74251e-30 -1.76341e-22  3.44831e-29 -3.27433e-21 -2.80787e-29 -1.01386e-21  1.58069e-29 -3.18152e-23 -5.61122e-30   7.1197e-23 -9.52249e-32  2.44528e-23  1.62878e-30  2.82969e-24 -1.18165e-30 -5.84976e-25  5.38182e-31  -3.1787e-25 -1.92148e-31  -6.2481e-26  4.93785e-32 -4.02593e-27 -1.86223e-33  1.16335e-27 -5.06443e-33  4.07414e-28   2.2564e-33  6.37652e-29 -4.68185e-34  4.81935e-30  3.66249e-35 -1.99906e-31   1.0259e-35 -1.08317e-31 -3.65365e-36 -1.55331e-32  1.18907e-37 -1.28198e-33  1.05416e-37 -5.56219e-35 -2.33156e-38  4.72515e-37  3.03033e-39  2.42892e-37  3.15261e-41  1.66601e-38 -2.91542e-41  5.75586e-40   1.1483e-42  9.73197e-42 -2.17887e-44  3.55972e-44
 3.31451e-21  1.78163e-36 -1.83179e-19 -1.41937e-35  3.94445e-18 -1.86926e-34 -5.11232e-17  5.15537e-33  4.60041e-16 -6.15611e-32 -3.08615e-15  5.13293e-31  1.60865e-14  -3.3906e-30 -6.68557e-14  1.86795e-29  2.25146e-13 -8.76404e-29  -6.2013e-13  3.52933e-28  1.40204e-12 -1.22431e-27 -2.59664e-12  3.67017e-27  3.90439e-12  -9.5442e-27 -4.67473e-12  2.16261e-26   4.2839e-12 -4.29015e-26 -2.73964e-12  7.48899e-26  8.69041e-13 -1.15692e-25  3.10981e-13  1.59271e-25 -4.76851e-13 -1.97072e-25  1.33704e-13  2.21019e-25   9.5164e-14 -2.25166e-25 -6.82509e-14  2.04913e-25  -1.2012e-14  -1.5697e-25  2.04009e-14   8.3895e-26  1.37696e-15 -1.34726e-28 -5.11554e-15 -6.98953e-26 -4.39356e-16   1.0516e-25  1.12368e-15 -1.01928e-25  2.15694e-16  7.42764e-26 -1.96647e-16  -4.1531e-26 -7.59717e-17  1.61867e-26  2.00101e-17  -1.4882e-27   1.7479e-17 -4.50007e-27  1.17056e-18  5.10153e-27 -2.29305e-18 -3.40289e-27 -8.09083e-19  1.53712e-27  5.87704e-20 -3.96085e-28  1.14727e-19 -4.51987e-29  2.90204e-20    1.217e-28 -2.56404e-21 -8.76744e-29 -3.51513e-21  4.49406e-29 -8.91994e-22 -1.50832e-29 -8.40977e-24 -2.64886e-31  5.96054e-23  4.21817e-30  1.86401e-23 -2.99738e-30   2.1903e-24   1.3222e-30 -2.96028e-25 -4.51883e-31 -1.77931e-25  1.09166e-31 -3.59339e-26 -1.70218e-33 -3.18474e-27  -1.1656e-32  2.61424e-28  4.73229e-33  1.35491e-28 -8.85129e-34  2.29666e-29  4.61211e-35  2.15144e-30  2.66342e-35  6.62157e-32 -7.71629e-36 -1.26164e-32  1.66216e-37  -2.3047e-33  1.74871e-37 -2.00538e-34 -3.22911e-38 -1.03213e-35  4.42053e-39 -2.64642e-37  2.86039e-41  1.70078e-39 -3.17866e-41  3.17644e-40   1.0115e-42  7.20987e-42 -1.34375e-44
-1.41481e-36  1.10288e-19  3.41599e-35 -3.46902e-18 -1.86926e-34  5.69834e-17 -1.94416e-33 -6.14012e-16  4.49298e-32  4.78712e-15 -4.67369e-31 -2.84931e-14  3.50661e-30  1.33762e-13 -2.14193e-29 -5.05584e-13  1.11246e-28  1.55814e-12 -4.97183e-28 -3.94114e-12  1.91378e-27  8.19074e-12 -6.34197e-27 -1.39194e-11  1.81158e-26  1.90973e-11 -4.47335e-26 -2.06097e-11  9.58273e-26  1.65632e-11 -1.78702e-25 -8.57294e-12  2.91009e-25  1.12665e-12 -4.15141e-25  2.17268e-12  5.21174e-25 -1.58459e-12 -5.80392e-25  2.22494e-14  5.80447e-25  4.77067e-13 -5.27149e-25 -1.35141e-13   4.2983e-25 -1.08267e-13 -2.89174e-25   4.9986e-14  1.08297e-25  2.46971e-14   8.3293e-26 -1.25131e-14  -2.2951e-25 -6.27663e-15  2.84417e-25  2.25817e-15  -2.4908e-25  1.60012e-15  1.66799e-25 -1.99301e-16 -8.52054e-26 -3.38793e-16  2.81834e-26 -3.71963e-17  2.71853e-27   4.7638e-17 -1.43737e-26  1.80518e-17  1.43016e-26  -2.0079e-18 -9.21686e-27 -3.02877e-18  4.04676e-27 -6.50024e-19 -9.39465e-28  1.54046e-19 -2.18781e-28  1.17954e-19  3.66011e-28  2.20173e-20 -2.33537e-28 -3.66755e-21  1.09516e-28 -2.96511e-21 -3.54145e-29 -6.54695e-22 -2.03055e-31  -3.0402e-24  9.31313e-30  3.83603e-23 -6.57425e-30  1.14139e-23  2.82618e-30  1.42646e-24 -9.30453e-31 -8.40752e-26  2.13219e-31 -7.33657e-26  4.76871e-34 -1.55157e-26 -2.31948e-32 -1.66375e-27  8.66161e-33 -1.45696e-29 -1.45887e-33    2.802e-29  4.15451e-35  5.39094e-30  5.37729e-35  5.58913e-31 -1.36742e-35  3.18922e-32  1.73825e-37  1.18518e-34  2.42703e-37 -1.55256e-34 -3.66757e-38 -1.48298e-35   5.6181e-39 -7.24307e-37  6.92261e-42 -1.93514e-38 -2.70774e-41 -2.17091e-40  6.66071e-43 -6.55088e-44
-4.14737e-20 -3.51268e-35  2.33185e-18  4.75956e-34 -5.11232e-17 -1.94416e-33  6.75176e-16 -1.63726e-32 -6.19673e-15  3.19829e-31  4.24413e-14 -2.91478e-30 -2.26117e-13  1.98778e-29  9.61772e-13 -1.14066e-28 -3.31982e-12  5.68455e-28  9.38919e-12 -2.45727e-27 -2.18457e-11  9.14353e-27  4.17565e-11 -2.91711e-26 -6.50565e-11  7.98245e-26  8.11942e-11 -1.87865e-25 -7.83856e-11  3.81421e-25  5.41221e-11 -6.69369e-25 -2.07007e-11  1.01552e-24 -3.30285e-12 -1.32953e-24  9.12914e-12  1.49777e-24   -3.627e-12 -1.44973e-24 -1.38214e-12  1.21045e-24  1.54526e-12 -8.80013e-25  3.09132e-14  5.45049e-25 -4.36101e-13 -2.14181e-25  3.61267e-14 -1.41053e-25   1.0952e-13   4.8846e-25 -7.71953e-15 -7.16916e-25 -2.57307e-14  7.36672e-25 -8.47107e-16  -5.7454e-25  5.22982e-15   3.4703e-25  1.05116e-15 -1.57224e-25 -7.60039e-16  3.89626e-26 -3.53131e-16   2.0201e-26  3.74855e-17 -4.01443e-26     6.39e-17  3.63686e-26  1.25327e-17 -2.25873e-26 -4.80882e-18   9.5266e-27 -2.99383e-18 -1.90866e-27 -3.81169e-19  -7.6807e-28  1.92633e-19  9.54867e-28  9.74758e-20 -5.43028e-28  1.41114e-20  2.34538e-28 -3.26719e-21 -7.47986e-29  -2.0268e-21  1.49569e-30 -4.10266e-22  1.78698e-29 -6.29648e-24 -1.27359e-29  1.90512e-23  5.36492e-30  5.60812e-24 -1.71258e-30  7.56298e-25  3.76945e-31  2.60908e-27  5.29368e-33 -2.13873e-26  -4.0817e-32 -4.90383e-27  1.41603e-32 -5.90144e-28 -2.14263e-33 -3.08638e-29  1.82049e-35  2.69104e-30  8.96115e-35   7.6507e-31 -2.09534e-35  8.48625e-32  1.22323e-37  5.53295e-33  2.83941e-37  1.89216e-34 -3.37746e-38 -7.41222e-37  6.28158e-39 -3.89268e-37 -2.25064e-41 -1.65225e-38 -1.77084e-41 -2.62426e-40  2.92537e-43
 2.03763e-35 -1.14541e-18 -5.58215e-34  3.66827e-17  5.15537e-33 -6.14012e-16 -1.63726e-32  6.74786e-15  -1.1257e-31 -5.37092e-14  1.85195e-30  3.26716e-13 -1.47595e-29 -1.56947e-12  9.25809e-29   6.0788e-12 -5.11838e-28 -1.92289e-11  2.51503e-27   5.0022e-11 -1.07358e-26 -1.07188e-10  3.91338e-26  1.88441e-10 -1.21166e-25 -2.68739e-10  3.19201e-25  3.03765e-10 -7.18333e-25 -2.59486e-10  1.38526e-24  1.48787e-10 -2.29001e-24 -3.26267e-11  3.23226e-24 -2.89178e-11 -3.85535e-24  2.79822e-11  3.80874e-24  -3.9192e-12 -2.99684e-24 -7.27656e-12  1.70867e-24  3.29501e-12 -4.47066e-25  1.39758e-12 -4.48204e-25 -1.10865e-12  1.01576e-24 -2.80678e-13 -1.48222e-24  2.85579e-13  1.89909e-24  7.51825e-14 -2.06634e-24 -5.96078e-14  1.81745e-24 -2.30037e-14 -1.26076e-24  8.76611e-15  6.77332e-25  6.02971e-15 -2.62048e-25 -3.37457e-16  3.31657e-26 -1.10962e-15  7.11719e-26 -2.27284e-16 -1.00545e-25  1.04473e-16  8.46614e-26  6.15183e-17 -5.05238e-26  4.76349e-18  2.02842e-26  -5.9058e-18 -3.33716e-27 -2.37039e-18 -2.17742e-27 -1.51618e-19    2.193e-27  1.71213e-19  -1.1189e-27  6.70812e-20  4.48908e-28   8.0452e-21 -1.45193e-28 -2.11348e-21  8.61226e-30 -1.13664e-21  3.01192e-29 -2.20322e-22 -2.21049e-29 -8.02176e-24   9.1693e-30  7.14821e-24 -2.85776e-30  2.17543e-24  6.14121e-31  3.15011e-25  1.11667e-32  1.49276e-26 -6.45459e-32 -3.93304e-27  2.10316e-32 -1.08349e-27 -2.84115e-33 -1.40717e-28 -1.89467e-35 -1.02423e-29  1.26752e-34 -1.70853e-31 -2.83034e-35   5.3171e-32  1.77945e-38  6.92313e-33  2.78838e-37  4.49619e-34 -2.38148e-38  1.67799e-35  6.17119e-39  3.04462e-37 -4.20479e-41  1.32202e-40 -8.39291e-42 -4.40516e-41
 3.59683e-19  4.30856e-34 -2.05916e-17 -6.59547e-33  4.60041e-16  4.49298e-32 -6.19673e-15  -1.1257e-31  5.80612e-14 -6.23615e-31 -4.06392e-13  8.38925e-30  2.21529e-12 -5.72572e-29 -9.65358e-12  3.37257e-28  3.41916e-11 -1.89575e-27 -9.94067e-11  9.64941e-27  2.38293e-10 -4.19236e-26 -4.70628e-10  1.52073e-25  7.60599e-10 -4.60564e-25 -9.90454e-10  1.17298e-24  1.00767e-09 -2.53043e-24 -7.49302e-10  4.64245e-24  3.34907e-10 -7.23407e-24  3.35219e-12  9.48373e-24 -1.18741e-10 -1.02147e-23   6.3491e-11  8.54184e-24  1.04742e-11 -4.63608e-24 -2.33286e-11 -9.70857e-26  2.97565e-12  3.84785e-24  6.10906e-12  -5.6865e-24 -1.53854e-12  6.06736e-24 -1.50508e-12 -6.00943e-24  3.88673e-13   5.9219e-24  3.73853e-13 -5.43516e-24 -5.43649e-14   4.2317e-24 -8.65899e-14 -2.62979e-24  -3.0401e-15  1.24637e-24  1.58743e-14 -3.92153e-25  4.01252e-15 -2.35076e-26 -1.69464e-15  1.94341e-25 -1.07247e-15 -2.29135e-25 -4.94832e-17  1.81534e-25  1.31653e-16 -1.03804e-25  4.59519e-17  3.93835e-26  -1.1176e-18 -4.96791e-27  -5.2767e-18 -5.24266e-27 -1.56735e-18  4.48532e-27 -2.68063e-20 -2.06317e-27  1.18857e-19  7.77035e-28  3.92325e-20 -2.63011e-28  4.25764e-21  2.87592e-29 -1.02626e-21  4.47722e-29 -5.22099e-22 -3.47107e-29 -1.00093e-22    1.424e-29 -6.10753e-24 -4.36654e-30  1.90656e-24  9.34695e-31  6.46314e-25  1.26725e-32  9.95059e-26 -9.28459e-32  7.48643e-27  2.87518e-32 -2.67825e-28 -3.41793e-33 -1.53395e-28 -5.50232e-35  -2.1623e-29  1.53931e-34 -1.74874e-30 -3.41351e-35 -7.64917e-32 -1.14875e-37  3.86574e-35  2.25248e-37  2.35942e-34 -1.01187e-38  1.51384e-35  5.27633e-39  4.50517e-37 -4.22435e-41  5.62742e-39 -2.45505e-42
-2.07231e-34  8.59131e-18  5.93909e-33 -2.80398e-16 -6.15611e-32  4.78712e-15  3.19829e-31 -5.37092e-14 -6.23615e-31  4.36873e-13 -2.61389e-30 -2.71888e-12  2.52836e-29  1.33793e-11 -1.30485e-28 -5.31602e-11  7.82484e-28    1.728e-10 -5.39083e-27 -4.62869e-10  3.18408e-26  1.02388e-09 -1.47688e-25 -1.86436e-09   5.4294e-25  2.76672e-09 -1.61986e-24 -3.27814e-09  4.00034e-24  2.97534e-09 -8.28499e-24 -1.87671e-09  1.44733e-23  5.64663e-10 -2.12608e-23  2.51909e-10  2.58321e-23 -3.50666e-10 -2.48394e-23  9.29256e-11   1.6543e-23  7.48812e-11 -2.76403e-24 -5.21172e-11 -1.13821e-23 -9.96247e-12  2.05984e-23  1.63505e-11 -2.30651e-23  1.12331e-12  2.11205e-23 -4.26426e-12 -1.82566e-23 -3.38125e-13  1.58411e-23  9.76527e-13 -1.30511e-23   1.7589e-13  9.23313e-24 -1.80408e-13 -5.19014e-24 -6.62201e-14  2.16269e-24  2.03025e-14 -5.17697e-25  1.62607e-14 -1.92121e-25  7.20194e-16  4.54525e-25  -2.3075e-15 -4.79797e-25 -7.57758e-16  3.60362e-25  8.24582e-17 -1.96881e-25   1.1841e-16  7.01468e-26  2.76716e-17 -6.03918e-27 -3.54607e-18 -1.10322e-26 -3.76255e-18  8.24056e-27 -8.92931e-19 -3.42457e-27  1.20194e-20  1.22651e-27  6.67172e-20 -4.48949e-28  1.96569e-20  7.40215e-29  2.11216e-21  5.85012e-29 -3.66138e-22 -4.96214e-29  -1.9362e-22  2.02104e-29 -3.75202e-23  -6.1523e-30 -3.13412e-24  1.34213e-30   2.9987e-25  1.51903e-34   1.3993e-25 -1.22677e-31  2.29009e-26  3.65433e-32   2.0856e-27  -3.7111e-33  6.38367e-29 -7.13291e-35  -1.1052e-29  1.60302e-34 -1.95417e-30 -3.70672e-35 -1.61996e-31 -2.51342e-37 -7.88248e-33  1.41557e-37 -1.95521e-34    2.543e-39  1.55694e-37  3.85695e-39  1.28445e-37 -2.79582e-41  1.79744e-39
-2.32097e-18 -3.86313e-33  1.35424e-16  6.17523e-32 -3.08615e-15 -4.67369e-31  4.24413e-14  1.85195e-30 -4.06392e-13 -2.61389e-30  2.91008e-12 -6.13498e-30 -1.62487e-11 -2.12416e-30  7.26266e-11  2.76742e-28  -2.6426e-10  -6.4859e-28  7.90753e-10 -8.36114e-27  -1.9554e-09  8.79447e-26  3.99535e-09 -4.73464e-25 -6.70613e-09  1.80058e-24  9.12117e-09 -5.32079e-24 -9.78396e-09  1.27596e-23  7.82044e-09 -2.53798e-23 -4.00027e-09  4.22175e-23  4.48233e-10 -5.84298e-23   1.1127e-09  6.55973e-23 -7.93283e-10 -5.54394e-23  2.08634e-12  2.59021e-23    2.516e-10  1.48022e-23 -7.20946e-11 -5.11478e-23 -5.87897e-11  7.00287e-23  2.82654e-11  -6.9581e-23  1.36382e-11  5.85342e-23 -7.46959e-12 -4.68031e-23 -3.55542e-12  3.76141e-23  1.45037e-12 -2.87504e-23  9.48883e-13  1.88078e-23 -1.54651e-13 -9.64231e-24 -2.13966e-13   3.5326e-24 -1.71376e-14 -5.82364e-25  3.28439e-14 -5.60421e-25  1.12313e-14  9.46773e-25 -1.85534e-15 -9.30098e-25 -2.10967e-15  6.65277e-25  -3.9395e-16 -3.46152e-25  1.30835e-16  1.15099e-25  8.46726e-17 -5.15109e-27  1.37981e-17 -2.06574e-26 -3.37542e-18   1.3682e-26 -2.22839e-18 -5.12819e-27    -4.49e-19  1.77519e-27  1.13924e-20 -7.25535e-28  3.05768e-20  1.59392e-28  8.40607e-21  6.62084e-29  9.51433e-22 -6.47662e-29 -8.62991e-23  2.62835e-29 -5.63489e-23 -8.03282e-30 -1.12254e-23  1.82927e-30 -1.13305e-24 -3.82376e-32 -3.65471e-28 -1.50122e-31  2.01321e-26  4.35027e-32  3.63531e-27 -3.56307e-33  3.59463e-28 -5.47992e-35  1.95688e-29  1.40738e-34  7.82255e-32 -3.64229e-35 -8.29037e-32 -3.79187e-37 -7.29557e-33  5.71258e-38 -3.18978e-34  1.03776e-38 -7.23943e-36  2.33963e-39 -6.28698e-38 -1.14102e-41
  1.6236e-33 -4.90933e-17 -4.75498e-32  1.63454e-15  5.13293e-31 -2.84931e-14 -2.91478e-30  3.26716e-13  8.38925e-30 -2.71888e-12 -6.13498e-30  1.73316e-11   1.9038e-29 -8.74708e-11 -7.06632e-28  3.56975e-10  5.49189e-27  -1.1939e-09 -2.05429e-26  3.29723e-09  2.34861e-26 -7.53909e-09  1.87396e-25  1.42368e-08 -1.39453e-24 -2.20119e-08   5.6041e-24  2.73635e-08 -1.64484e-23  -2.6385e-08  3.82909e-23  1.82097e-08 -7.30939e-23 -6.89584e-09  1.15683e-22 -1.29536e-09 -1.50649e-22   3.2842e-09  1.55615e-22  -1.3129e-09  -1.1297e-22 -5.13172e-10   2.4897e-23  5.88365e-10   8.0622e-23  5.09919e-12 -1.62707e-22 -1.71754e-10  1.93774e-22  1.81854e-11 -1.77358e-22  4.45584e-11  1.40074e-22 -4.57909e-12 -1.06076e-22 -1.09311e-11  8.09385e-23  3.27281e-14 -5.84539e-23  2.36478e-12  3.57224e-23  3.85517e-13 -1.67915e-23 -3.78941e-13  5.42586e-24 -1.54081e-13 -5.23307e-25  2.62962e-14 -1.22378e-24  3.13547e-14  1.79222e-24  4.95561e-15 -1.67975e-24 -2.82796e-15  1.14696e-24  -1.4904e-15 -5.66071e-25 -1.36564e-16   1.7443e-25  1.16085e-16 -3.45341e-28  5.05484e-17 -3.48328e-26  5.87996e-18  2.06021e-26 -2.19599e-18 -6.91268e-27 -1.11679e-18  2.36284e-27 -2.02109e-19 -1.11098e-27  3.64699e-21  2.97948e-28  1.13624e-20  6.23696e-29  3.02279e-21  -7.7072e-29  3.68946e-22  3.13011e-29 -7.22731e-24 -9.75349e-30 -1.22505e-23  2.37232e-30 -2.57199e-24 -1.11832e-31 -2.89723e-25 -1.71364e-31 -1.32673e-26  4.87473e-32  1.48792e-27 -2.86968e-33  3.63589e-28 -5.18343e-36  3.74672e-29  9.92041e-35   2.2732e-30 -3.24437e-35  7.16814e-32 -4.90472e-37 -2.26713e-34 -3.36772e-39 -1.13464e-34  1.22478e-38 -3.82944e-36  1.11384e-39 -3.63925e-38
 1.16119e-17   2.7289e-32 -6.91267e-16 -4.46571e-31  1.60865e-14  3.50661e-30 -2.26117e-13 -1.47595e-29  2.21529e-12  2.52836e-29 -1.62487e-11   1.9038e-29  9.30461e-11  3.52969e-28  -4.2712e-10 -6.35252e-27  1.59868e-09  4.05953e-26 -4.93024e-09  -1.4807e-25  1.25938e-08  2.82817e-25  -2.6658e-08  2.08515e-25  4.65331e-08 -3.81808e-24 -6.61838e-08  1.65238e-23  7.48993e-08 -4.81422e-23  -6.4265e-08   1.0858e-22  3.70777e-08 -1.98588e-22 -8.07507e-09  2.98593e-22 -7.62169e-09  -3.6512e-22  7.47285e-09  3.44986e-22 -1.12423e-09 -2.07399e-22 -1.99235e-09 -2.41265e-23  9.67055e-10  2.69394e-22  3.77931e-10 -4.33424e-22 -3.37662e-10  4.67993e-22 -7.28563e-11  -4.0023e-22  9.11086e-11  2.99753e-22  1.98765e-11 -2.17804e-22 -2.03393e-11   1.6005e-22 -6.65651e-12 -1.10311e-22  3.36914e-12  6.32655e-23   1.9368e-12 -2.73218e-23 -2.36549e-13  7.85129e-24 -3.98815e-13 -3.40054e-25 -6.20338e-14  -2.2372e-24  4.49172e-14  3.12219e-24  2.18699e-14  -2.8419e-24  5.61493e-16  1.85355e-24 -2.52347e-15 -8.63269e-25 -8.61086e-16  2.44302e-25 -1.34918e-17  1.05289e-26  7.71853e-17 -5.33292e-26  2.59249e-17  2.81586e-26  2.25932e-18 -8.31221e-27 -1.09666e-18  2.89322e-27  -4.7605e-19 -1.60932e-27 -8.13528e-20   4.9305e-28 -3.39326e-22  4.32449e-29  3.34421e-21 -8.29261e-29  8.91262e-22   3.3972e-29   1.1683e-22 -1.10451e-29  3.61771e-24  2.92506e-30 -1.80543e-24   -2.216e-31 -4.27221e-25 -1.83643e-31 -5.12105e-26  5.15671e-32 -3.40135e-27 -1.64015e-33 -3.24011e-29   6.4217e-35  1.86876e-29  4.78917e-35  2.13311e-30 -2.61461e-35  1.24085e-31 -5.67506e-37  4.06113e-33 -3.09299e-38  6.11371e-35  9.68663e-39  2.76887e-38  3.62009e-40
-1.02788e-32  2.20746e-16  3.05961e-31 -7.50636e-15  -3.3906e-30  1.33762e-13  1.98778e-29 -1.56947e-12 -5.72572e-29  1.33793e-11 -2.12416e-30 -8.74708e-11  3.52969e-28  4.53364e-10  2.76312e-27 -1.90301e-09 -3.95249e-26  6.55772e-09  2.24105e-25 -1.86992e-08 -7.72994e-25  4.42586e-08  1.58861e-24 -8.68022e-08 -5.75144e-25  1.40013e-07 -9.86488e-24 -1.82809e-07   4.6517e-23  1.87291e-07 -1.33974e-22 -1.40864e-07  2.91799e-22  6.40352e-08 -5.10168e-22  4.61852e-10  7.27303e-22 -2.35742e-08 -8.32752e-22  1.32035e-08  7.13934e-22    1.869e-09 -3.33117e-22 -4.96431e-09 -2.16152e-22  8.07332e-10  7.32751e-22  1.31728e-09 -1.02098e-21 -4.06414e-10  1.01699e-21 -3.30198e-10 -8.18144e-22   1.1055e-10  5.84635e-22  8.55664e-11 -4.11326e-22 -1.90214e-11  2.93766e-22   -2.133e-11 -1.94148e-22   6.3685e-13  1.04507e-22   4.3432e-12 -4.14262e-23  8.24851e-13  1.07854e-23 -5.58417e-13 -2.31184e-25 -2.80799e-13 -3.53857e-24  6.31078e-15  5.05111e-24  4.14282e-14  -4.5265e-24   1.1806e-14  2.81721e-24 -1.27879e-15 -1.22986e-24  -1.7089e-15  3.15602e-25 -4.21224e-16  2.92333e-26  2.06526e-17 -7.45535e-26  4.15255e-17  3.48409e-26  1.16241e-17 -8.71557e-27  8.47243e-19  3.25111e-27 -4.32291e-19 -2.19973e-27 -1.71551e-19  7.29759e-28  -2.8754e-20  9.18194e-30 -9.47886e-22 -7.88579e-29  7.43275e-22  3.32258e-29  2.07906e-22 -1.17049e-29  2.88218e-23  3.41724e-30  1.80409e-24 -3.55993e-31 -1.33167e-25 -1.85772e-31 -4.72266e-26   5.1575e-32 -5.94917e-27  -3.8438e-35  -4.3715e-28  1.32463e-34 -1.67452e-29  2.06855e-36  1.16177e-31 -1.89274e-35  5.12549e-32 -5.83133e-37  2.69944e-33 -3.22982e-38  6.21496e-35  5.49818e-39  4.53125e-37
 -4.6205e-17 -1.58138e-31  2.80984e-15  2.64424e-30 -6.68557e-14 -2.14193e-29  9.61772e-13  9.25809e-29 -9.65358e-12 -1.30485e-28  7.26266e-11 -7.06632e-28  -4.2712e-10  2.76312e-27  2.01652e-09   1.6319e-26 -7.77548e-09 -2.01939e-25  2.47506e-08  1.03958e-24 -6.54083e-08 -3.36585e-24  1.43653e-07  6.87085e-24 -2.61163e-07 -4.93575e-24  3.88946e-07 -2.45062e-23 -4.64776e-07  1.25716e-22  4.27695e-07 -3.55381e-22  -2.7545e-07  7.44512e-22  8.64212e-08 -1.24114e-21  3.65324e-08   1.6738e-21 -5.47287e-08 -1.78829e-21  1.62099e-08  1.37571e-21  1.14358e-08 -4.34364e-22 -9.05358e-09 -7.56058e-22 -1.24892e-09  1.74631e-21  2.90311e-09 -2.18053e-21    3.042e-11   2.0209e-21 -7.85788e-10 -1.53506e-21 -1.04943e-11  1.05166e-21  1.91612e-10 -7.21969e-22   2.0835e-11  5.04241e-22  -3.9231e-11 -3.19858e-22 -1.09774e-11  1.60994e-22  5.44844e-12 -5.83632e-23  3.24649e-12  1.43027e-23 -1.21073e-13 -7.89187e-25 -5.51509e-13 -4.86275e-24 -1.39754e-13  7.64485e-24  3.41406e-14 -6.81719e-24  2.83275e-14  4.03892e-24  4.97865e-15 -1.63817e-24 -1.43228e-15  3.73761e-25 -9.48739e-16  5.65747e-26 -1.79736e-16 -9.55359e-26   1.8141e-17  3.87036e-26  1.86005e-17 -7.51036e-27  4.59013e-18   3.3358e-27  3.27275e-19 -2.83055e-27 -1.33372e-19   9.6925e-28 -5.13878e-20 -3.40749e-29 -8.64549e-21 -6.22566e-29 -5.21361e-22  2.85982e-29  1.12242e-22 -1.16734e-29  3.64984e-23   3.7624e-30  5.28403e-24 -4.91409e-31  4.22084e-25 -1.78092e-31  6.76601e-27  4.88265e-32 -2.89187e-27  1.63105e-33 -4.13468e-28  1.80049e-34 -3.02126e-29 -2.66836e-35 -1.28558e-30 -1.21208e-35 -2.61586e-32 -5.20421e-37  1.02982e-34 -2.14121e-38  1.24089e-35  2.02986e-39
 5.41106e-32 -7.96987e-16 -1.63701e-30  2.77162e-14  1.86795e-29 -5.05584e-13 -1.14066e-28   6.0788e-12  3.37257e-28 -5.31602e-11  2.76742e-28  3.56975e-10 -6.35252e-27 -1.90301e-09   1.6319e-26  8.22861e-09   8.1119e-26 -2.92623e-08 -8.96611e-25  8.62916e-08   4.2373e-24 -2.11764e-07 -1.28505e-23  4.32036e-07  2.53224e-23 -7.28133e-07  -2.1371e-23  9.99769e-07 -5.97053e-23 -1.08874e-06  3.27044e-22  8.89743e-07 -8.99489e-22 -4.71645e-07  1.80518e-21  6.33429e-08 -2.86216e-21  1.30031e-07  3.64261e-21 -1.01107e-07 -3.61639e-21  4.73157e-09  2.45788e-21   3.1848e-08 -3.39566e-22 -1.12614e-08 -2.03317e-21 -7.22795e-09  3.75976e-21  4.42707e-09 -4.27994e-21  1.63114e-09  3.70766e-21 -1.23651e-09  -2.6656e-21 -4.41583e-10  1.75906e-21  2.68929e-10 -1.18702e-21  1.30956e-10  8.14024e-22 -3.88172e-11  -4.9455e-22  -3.3795e-11  2.30987e-22  3.14859e-13 -7.60995e-23  6.15553e-12  1.88281e-23  1.53902e-12 -3.19413e-24 -5.37738e-13 -5.68704e-24 -3.80961e-13  1.08947e-23 -4.36392e-14 -9.74558e-24  3.35192e-14  5.47612e-24  1.56794e-14 -2.03966e-24  1.59057e-15  4.00142e-25 -9.63858e-16  9.21409e-26 -4.47338e-16 -1.12494e-25  -6.8982e-17  3.78601e-26  9.06243e-18 -4.28228e-27  6.98973e-18  3.10726e-27  1.58961e-18 -3.42397e-27  1.25317e-19  1.15009e-27  -3.0823e-20 -7.59683e-29 -1.24381e-20 -3.19493e-29  -2.1249e-21  2.05086e-29 -1.73089e-22 -1.10724e-29  7.73275e-24   3.8767e-30  4.45887e-24 -5.98353e-31  6.79637e-25  -1.6198e-31   5.9262e-26  4.38481e-32  2.67321e-27  3.00861e-33 -3.30919e-29  1.96406e-34 -1.40467e-29 -3.50626e-35 -9.97502e-31 -6.66433e-36 -3.58107e-32 -3.92809e-37 -6.18062e-34 -9.95489e-39 -2.99903e-36
 1.48546e-16  7.69695e-31  -9.2412e-15 -1.31815e-29  2.25146e-13  1.11246e-28 -3.31982e-12 -5.11838e-28  3.41916e-11  7.82484e-28  -2.6426e-10  5.49189e-27  1.59868e-09 -3.95249e-26 -7.77548e-09   8.1119e-26  3.09382e-08  3.54171e-25 -1.01823e-07 -3.55464e-24  2.78867e-07  1.55251e-23 -6.36561e-07 -4.40896e-23  1.20734e-06  8.27731e-23 -1.88562e-06 -7.22087e-23  2.38179e-06 -1.44863e-22 -2.34966e-06  8.18948e-22  1.67662e-06 -2.17217e-21 -6.77594e-07  4.16097e-21 -9.41716e-08 -6.26068e-21  3.16025e-07  7.50095e-21  -1.4444e-07 -6.88625e-21   -4.282e-08  4.04319e-21    6.348e-08  3.41907e-22 -4.04413e-09 -4.70618e-21 -1.85453e-08  7.42846e-21  3.62816e-09 -7.78379e-21  4.91248e-09  6.31868e-21 -1.02526e-09 -4.30763e-21 -1.27818e-09  2.75264e-21   1.3807e-10 -1.83958e-21  3.06661e-10  1.24133e-21  1.99259e-11 -7.18617e-22 -5.78631e-11  3.07655e-22 -1.65854e-11  -9.1252e-23  6.15423e-12  2.54612e-23  4.37856e-12 -9.29512e-24  2.99732e-13 -5.25775e-24 -5.33158e-13  1.47066e-23 -2.04231e-13 -1.32684e-23 -4.84799e-16  7.03901e-24  2.23992e-14 -2.37016e-24  7.33358e-15  3.75043e-25  3.42097e-16  1.34498e-25 -4.93001e-16 -1.21879e-25 -1.82339e-16  3.10927e-26 -2.44812e-17  9.94883e-28  3.18612e-18  2.63337e-27  2.18922e-18 -3.89391e-27  4.74899e-19  1.19846e-27   4.3144e-20 -1.03833e-28 -4.71053e-21  1.14575e-29 -2.33008e-21  1.02985e-29 -4.07783e-22 -1.01762e-29 -3.87714e-23  3.70487e-30 -9.11564e-25 -6.51379e-31  3.21937e-25 -1.39264e-31  5.63087e-26  3.75228e-32  4.97825e-27   3.8067e-33   2.5921e-28  1.82546e-34  6.29202e-30 -2.80238e-35 -9.67871e-32 -2.95576e-36 -1.10057e-32 -2.42391e-37  -2.4266e-34 -2.98936e-39
-2.41306e-31  2.33867e-15  7.42027e-30 -8.33077e-14 -8.76404e-29  1.55814e-12  5.68455e-28 -1.92289e-11 -1.89575e-27    1.728e-10  -6.4859e-28  -1.1939e-09  4.05953e-26  6.55772e-09 -2.01939e-25 -2.92623e-08  3.54171e-25  1.07585e-07  1.38857e-24 -3.28699e-07 -1.27831e-23  8.37903e-07  5.18397e-23 -1.78151e-06 -1.37934e-22  3.14259e-06  2.45041e-22 -4.54441e-06 -2.09171e-22  5.26408e-06 -3.51655e-22 -4.66484e-06  1.97003e-21  2.82931e-06 -5.00122e-21 -7.19958e-07  9.11862e-21 -5.33557e-07 -1.29962e-20  6.08506e-07  1.46235e-20 -1.30544e-07  -1.2343e-20 -1.53393e-07  6.05058e-21  9.43861e-08   2.3519e-21  2.47559e-08 -9.76774e-21 -3.29953e-08   1.3593e-20 -3.53052e-09 -1.31855e-20  9.28868e-09  1.00427e-20  9.77906e-10 -6.50313e-21 -2.26625e-09  4.04989e-21 -4.55769e-10 -2.70138e-21  4.43851e-10  1.79395e-21  1.73227e-10 -9.81421e-22 -5.25792e-11  3.77866e-22 -4.43884e-11 -9.95141e-23 -2.17803e-12  3.62313e-23  6.58687e-12   -2.145e-23  2.24317e-12  -2.7296e-24 -2.33496e-13  1.89071e-23 -3.60388e-13 -1.72543e-23 -8.82314e-14  8.60007e-24  9.95033e-15  -2.5621e-24  1.18475e-14  2.81835e-25  2.98364e-15  1.81721e-25  2.39747e-17 -1.21525e-25 -2.03702e-16  1.83401e-26 -6.46216e-17  7.85522e-27 -8.12054e-18  2.11931e-27  7.86976e-19 -4.17235e-27  5.60501e-19  1.04601e-27  1.19044e-19 -1.07038e-28  1.22594e-20  6.54904e-29 -2.41397e-22 -3.39537e-32 -3.15171e-22 -9.31402e-30 -5.78235e-23  3.24355e-30 -5.89553e-24 -6.38471e-31 -3.06181e-25 -1.11883e-31  6.04231e-27  3.08423e-32  2.55713e-27  3.91732e-33  2.27165e-28  1.48414e-34  1.09526e-29 -1.46746e-35  2.86052e-31 -8.89357e-37  2.91031e-33 -1.15531e-37 -6.16849e-36
-3.89232e-16 -3.19382e-30  2.48142e-14  5.60772e-29  -6.2013e-13 -4.97183e-28  9.38919e-12  2.51503e-27 -9.94067e-11 -5.39083e-27  7.90753e-10 -2.05429e-26 -4.93024e-09  2.24105e-25  2.47506e-08 -8.96611e-25 -1.01823e-07  1.38857e-24  3.47172e-07  4.95496e-24 -9.87338e-07 -4.21316e-23  2.34709e-06  1.59221e-22 -4.65314e-06 -3.97322e-22  7.63471e-06  6.65509e-22 -1.02075e-05 -5.39523e-22  1.07958e-05 -8.47748e-22 -8.48962e-06  4.53888e-21  4.17665e-06 -1.09682e-20 -2.26638e-07  1.89987e-20 -1.43483e-06 -2.56137e-20  9.47573e-07  2.70049e-20  4.30389e-08 -2.08132e-20 -3.41069e-07  8.05071e-21  9.04477e-08  6.90918e-21  8.68283e-08 -1.85379e-20 -4.06554e-08  2.31708e-20 -2.13358e-08 -2.08768e-20  1.17878e-08  1.49239e-20  5.82994e-09 -9.19667e-21 -2.50244e-09  5.62723e-21 -1.64903e-09 -3.77635e-21  3.02552e-10  2.46278e-21  3.99395e-10 -1.25781e-21  2.69792e-11   4.2236e-22 -6.65407e-11 -9.66094e-23 -2.21412e-11   5.4081e-23  4.31332e-12 -4.20421e-23  4.53783e-12  2.59526e-24  8.18113e-13  2.32592e-23 -3.05684e-13 -2.14852e-23 -1.92452e-13  1.00184e-23  -3.1208e-14 -2.56111e-24  7.90295e-15  1.11239e-25   5.2275e-15  2.31874e-25  1.08027e-15 -1.11352e-25 -1.39147e-17  8.35492e-28 -6.91433e-17   1.5378e-26 -1.98054e-17  1.89771e-27 -2.47152e-18 -4.23356e-27   1.1412e-19  6.50767e-28  1.13314e-19 -8.11322e-29  2.41147e-20   1.2594e-28  2.70949e-21 -8.35079e-30  8.67167e-23 -8.73826e-30 -2.66881e-23  2.55077e-30 -5.61631e-24 -5.65342e-31 -5.85116e-25 -8.19079e-32 -3.57998e-26   2.4618e-32 -9.47404e-28  3.44106e-33  3.69382e-29  1.07112e-34  4.44849e-30 -3.05084e-36  1.69547e-31 -2.95068e-38  2.61226e-33 -3.70129e-38
 9.23671e-31 -5.61037e-15 -2.88184e-29  2.05108e-13  3.52933e-28 -3.94114e-12 -2.45727e-27   5.0022e-11  9.64941e-27 -4.62869e-10 -8.36114e-27  3.29723e-09  -1.4807e-25 -1.86992e-08  1.03958e-24  8.62916e-08 -3.55464e-24 -3.28699e-07  4.95496e-24  1.04272e-06  1.62403e-23   -2.767e-06 -1.28203e-22  6.14402e-06  4.52863e-22 -1.13668e-05  -1.0612e-21   1.7342e-05  1.67308e-21 -2.13911e-05 -1.26454e-21  2.05307e-05 -2.00008e-21 -1.40661e-05  9.98415e-21  5.10377e-06  -2.2892e-20  1.41316e-06   3.7636e-20 -2.91403e-06  -4.7952e-20  1.12781e-06  4.72631e-20  5.13608e-07 -3.29862e-20 -5.71935e-07  9.04245e-21 -7.75301e-09   1.5762e-20  1.80606e-07 -3.25281e-20 -2.15979e-08  3.69379e-20 -5.00803e-08 -3.09654e-20  6.46107e-09  2.07657e-20  1.31943e-08 -1.22072e-20 -4.42703e-10  7.41682e-21 -3.11111e-09 -5.04687e-21 -4.16441e-10  3.21657e-21  5.56373e-10   -1.507e-21  2.06005e-10  4.17871e-22 -4.83908e-11 -7.96038e-23 -4.76742e-11  8.24032e-23 -6.27032e-12 -7.27125e-23  4.95249e-12  1.09997e-23  2.38705e-12  2.74745e-23   1.6749e-13 -2.56773e-23  -2.0986e-13  1.11743e-23 -8.59416e-14  -2.3425e-24 -9.14307e-15 -1.35598e-25   4.0532e-15   2.8304e-25  1.96788e-15 -9.32215e-26  3.53549e-16 -1.92044e-26 -5.06658e-18  2.23715e-26 -1.91819e-17  2.36554e-27 -5.16274e-18 -4.10367e-27 -6.60857e-19  1.42661e-29  -2.3607e-21 -3.03444e-29  1.70486e-20  1.87193e-28  3.76146e-21 -1.29787e-29  4.43584e-22 -8.51489e-30  2.60714e-23   1.7351e-30  -7.6503e-25 -4.52553e-31 -3.28155e-25 -5.17319e-32 -3.48316e-26  1.92854e-32   -2.086e-27  2.62405e-33 -7.04062e-29  6.93282e-35 -8.81666e-31  3.08079e-36   1.6501e-32  1.54997e-37  3.99647e-34
 8.33534e-16  1.14187e-29 -5.45734e-14 -2.05132e-28  1.40204e-12  1.91378e-27 -2.18457e-11 -1.07358e-26  2.38293e-10  3.18408e-26  -1.9554e-09  2.34861e-26  1.25938e-08 -7.72994e-25 -6.54083e-08   4.2373e-24  2.78867e-07 -1.27831e-23 -9.87338e-07  1.62403e-23  2.92265e-06   4.9216e-23 -7.25226e-06 -3.62162e-22  1.50627e-05  1.19892e-21 -2.60186e-05  -2.6423e-21  3.68836e-05  3.91984e-21 -4.18455e-05 -2.72943e-21   3.6133e-05 -4.54782e-21 -2.09416e-05  2.09111e-20  4.29709e-06 -4.54414e-20  4.96535e-06  7.09002e-20 -4.83562e-06 -8.53228e-20  7.43883e-07  7.84388e-20  1.38939e-06 -4.90641e-20 -7.21279e-07  7.26277e-21 -2.68655e-07  3.10818e-20  2.72765e-07 -5.31379e-20  4.96339e-08  5.52211e-20 -7.98132e-08 -4.30849e-20 -1.38908e-08  2.70667e-20  1.96524e-08 -1.52301e-20  5.36318e-09  9.31738e-21 -3.73851e-09 -6.47398e-21 -1.82033e-09  3.99976e-21  3.76222e-10 -1.67523e-21  4.33986e-10    3.413e-22  4.63637e-11 -4.81924e-23 -5.83711e-11  1.24091e-22 -2.43594e-11 -1.13501e-22  6.68495e-13  2.21647e-23  3.35902e-12  3.12095e-23  1.01531e-12 -2.95184e-23 -2.67195e-14  1.20053e-23 -1.07786e-13 -1.92127e-24 -3.31278e-14 -4.46553e-25  -2.2917e-15  3.32784e-25     1.59e-15 -6.98918e-26  6.36255e-16 -3.92386e-26  1.04836e-16  2.76507e-26   1.3982e-19  3.87313e-27 -4.24952e-18 -3.84881e-27 -1.11333e-18 -8.11461e-28 -1.47157e-19  3.27362e-29 -6.11835e-21  2.42778e-28  1.69136e-21 -1.31815e-29  4.23175e-22 -8.49336e-30  5.09382e-23  9.27074e-31  3.55354e-24 -3.27075e-31  9.37299e-26  -2.4097e-32  -8.0904e-27  1.48912e-32 -1.05111e-27  1.74286e-33 -5.52841e-29  4.05161e-35 -1.48682e-30  4.18094e-36 -1.65163e-32  9.11887e-38
-3.06623e-30  1.10037e-14  9.66726e-29 -4.13888e-13 -1.22431e-27  8.19074e-12  9.14353e-27 -1.07188e-10 -4.19236e-26  1.02388e-09  8.79447e-26 -7.53909e-09  2.82817e-25  4.42586e-08 -3.36585e-24 -2.11764e-07  1.55251e-23  8.37903e-07 -4.21316e-23   -2.767e-06   4.9216e-23  7.66327e-06  1.38599e-22 -1.78157e-05 -9.53865e-22  3.46519e-05  2.96649e-21 -5.58982e-05 -6.16001e-21  7.35336e-05  8.60588e-21 -7.64079e-05 -5.48288e-21   5.8622e-05  -9.8467e-21 -2.72773e-05  4.16165e-20 -3.82921e-07 -8.57626e-20  1.10453e-05  1.27061e-19 -6.56276e-06 -1.44389e-19 -7.79544e-07  1.23516e-19  2.62429e-06 -6.83341e-20 -5.51065e-07   1.4398e-22 -7.23875e-07  5.51273e-20  2.84165e-07  -8.1201e-20  1.88451e-07   7.7568e-20 -8.57842e-08 -5.62627e-20 -5.24975e-08  3.30244e-20  1.79624e-08 -1.78803e-20  1.46919e-08  1.12192e-20 -1.78271e-09 -8.00186e-21 -3.46667e-09  4.73503e-21 -4.08033e-10 -1.70285e-21  5.46086e-10  1.75304e-22  2.17837e-10 -5.48285e-24 -2.53595e-11  1.80283e-22 -4.01583e-11   -1.622e-22 -9.16441e-12   3.5161e-23  2.08813e-12  3.40497e-23  1.73949e-12 -3.27161e-23  3.59433e-13  1.25303e-23 -4.45996e-14 -1.35122e-24  -4.5098e-14 -8.01336e-25 -1.12534e-14  3.77449e-25 -5.45215e-16 -4.34948e-26  4.96768e-16 -5.71498e-26   1.7568e-16  3.03143e-26  2.77143e-17  6.59521e-27  7.36138e-19  -3.5452e-27 -7.17313e-19  -1.7304e-27  -1.9096e-19   9.0454e-29 -2.58387e-20  2.86172e-28 -1.69542e-21 -9.32625e-30  7.05544e-23 -8.37685e-30  3.09375e-23  2.43617e-31  3.80182e-24 -2.12612e-31  2.68994e-25 -1.71227e-33  1.06921e-26  1.12482e-32  1.10093e-28   1.0019e-33 -1.02494e-29  2.13303e-35 -4.56275e-31  2.75328e-36  -5.0415e-33
 -1.4539e-15  -3.5479e-29  9.80376e-14  6.48813e-28 -2.59664e-12 -6.34197e-27  4.17565e-11  3.91338e-26 -4.70628e-10 -1.47688e-25  3.99535e-09  1.87396e-25  -2.6658e-08  1.58861e-24  1.43653e-07 -1.28505e-23 -6.36561e-07  5.18397e-23  2.34709e-06 -1.28203e-22 -7.25226e-06  1.38599e-22  1.88377e-05  3.64148e-22 -4.11019e-05 -2.35041e-21  7.49365e-05   6.8827e-21 -0.000112878 -1.34946e-20  0.000137533  1.77884e-20 -0.000130117 -1.03507e-20  8.70473e-05 -2.01379e-20 -2.91355e-05   7.8598e-20 -1.16645e-05 -1.53897e-19  1.95434e-05  2.16735e-19 -6.75643e-06 -2.32561e-19 -3.99763e-06  1.84656e-19  3.85946e-06 -8.87887e-20  2.49833e-07 -1.54602e-20 -1.29753e-06  8.96746e-20  9.78543e-08  -1.1648e-19  3.74832e-07  1.02514e-19 -3.18259e-08 -6.89207e-20 -1.00903e-07  3.76309e-20 -9.12122e-10 -1.97734e-20  2.38603e-08  1.30374e-20  4.23085e-09 -9.56551e-21 -4.15984e-09  5.33165e-21 -1.79478e-09 -1.53531e-21  3.03285e-10 -8.60077e-23  3.90539e-10  4.21188e-23  6.74171e-11  2.49195e-22 -3.60829e-11 -2.14225e-22 -2.05818e-11   4.8654e-23  -2.3237e-12  3.54938e-23  1.52285e-12 -3.50442e-23  7.42723e-13  1.28535e-23  1.08535e-13 -7.12053e-25 -2.47711e-14  -1.1775e-24  -1.5863e-14  4.11942e-25 -3.40758e-15 -1.42335e-26 -1.47098e-16 -7.17768e-26   1.2354e-16  2.99276e-26  4.07131e-17  1.04312e-26  6.31694e-18 -3.24474e-27  3.30567e-19 -2.62151e-27 -8.36445e-20  1.25318e-28 -2.46678e-20  3.11834e-28 -3.37843e-21 -2.69413e-30  -2.6228e-22 -7.86443e-30 -6.10386e-24 -2.40672e-31   1.1584e-24 -1.23152e-31  1.62451e-25  1.34644e-32  1.06724e-26  8.14972e-33  3.94275e-28  4.89399e-34  7.13807e-30  9.86461e-36  2.65513e-32  1.06402e-36
 8.90471e-30 -1.75298e-14 -2.82045e-28  6.80652e-13  3.67017e-27 -1.39194e-11 -2.91711e-26  1.88441e-10  1.52073e-25 -1.86436e-09 -4.73464e-25  1.42368e-08  2.08515e-25 -8.68022e-08  6.87085e-24  4.32036e-07 -4.40896e-23 -1.78151e-06  1.59221e-22  6.14402e-06 -3.62162e-22 -1.78157e-05  3.64148e-22  4.34998e-05  8.95425e-22 -8.92156e-05 -5.43352e-21  0.000152581  1.50148e-20 -0.000214513 -2.78641e-20  0.000241427  3.47627e-20 -0.000206248 -1.85493e-20  0.000116731 -3.87148e-20 -2.01505e-05  1.40775e-19 -3.20238e-05 -2.62651e-19  2.88754e-05  3.52123e-19 -3.41405e-06 -3.56809e-19 -9.06213e-06  2.62249e-19  4.31518e-06 -1.06983e-19  1.92752e-06 -4.27102e-20 -1.74128e-06  1.35316e-19 -3.94154e-07 -1.57285e-19  5.29515e-07  1.27572e-19  1.12952e-07 -7.90508e-20 -1.33137e-07  3.98524e-20 -4.20054e-08 -2.06253e-20  2.52255e-08  1.47419e-20  1.38814e-08 -1.10996e-20 -2.26173e-09  5.69898e-21 -3.23884e-09 -1.13612e-21 -4.53446e-10 -4.32942e-22  4.12812e-10  8.60492e-23  1.95152e-10  3.25508e-22  2.75185e-12 -2.63157e-22 -2.45923e-11  6.12569e-23 -8.47874e-12  3.49616e-23 -1.79198e-13 -3.63736e-23  7.67651e-13  1.31458e-23  2.71304e-13 -8.86237e-26  2.90117e-14 -1.55812e-24 -9.49445e-15  4.30613e-25 -4.73437e-15  2.00303e-26 -9.19008e-16 -8.30351e-26 -4.62593e-17  2.65574e-26  2.37458e-17  1.49797e-26  7.68994e-18 -2.95283e-27  1.18689e-18 -3.36472e-27  8.59798e-20  1.25341e-28 -4.90457e-21  3.16324e-28 -2.20865e-21  4.96456e-30 -3.06981e-22 -6.79741e-30 -2.47406e-23 -5.05802e-31 -1.07669e-24 -6.18609e-32 -3.43951e-28  2.09019e-32    3.014e-27  5.51006e-33  1.78678e-28  1.94692e-34  4.49803e-30  3.72981e-36  3.59221e-32
