  2.1519e-17  4.50449e-32 -7.36104e-16 -4.55954e-30  9.61408e-15  6.26966e-29 -7.38199e-14 -1.12364e-28  3.82761e-13 -4.22374e-27 -1.43089e-12  5.18603e-26  3.98821e-12 -3.41572e-25 -8.40722e-12  1.56504e-24  1.33777e-11 -5.43256e-24 -1.57122e-11  1.48584e-23  1.27976e-11 -3.26364e-23 -5.93581e-12  5.79542e-23 -9.00567e-14 -8.28443e-23  1.89545e-12  9.35514e-23 -6.95172e-13 -7.95373e-23 -3.68331e-13  4.42378e-23  2.57246e-13  -5.9091e-24   7.9113e-14 -1.54591e-23  -6.7759e-14  1.37097e-23 -2.37621e-14  8.84129e-25  1.36037e-14  -1.3271e-23    7.697e-15   1.6069e-23 -1.41194e-15 -1.16368e-23 -1.96187e-15  5.82615e-24 -2.57891e-16 -2.14589e-24  2.95239e-16  7.49054e-25  1.43151e-16 -4.11754e-25 -7.86923e-19  2.65324e-25 -2.34065e-17   -1.157e-25 -8.70992e-18  2.21603e-26  -2.8065e-20  4.26209e-27  1.15792e-18  -3.7349e-27  4.67986e-19  1.35111e-27  5.35659e-20 -5.02878e-28  -2.9269e-20  1.26599e-28 -1.72351e-20 -3.14402e-30 -4.18064e-21 -1.95138e-29 -1.75296e-22    2.826e-29  2.61552e-22 -1.56199e-29  1.12661e-22   6.8141e-31  2.48616e-23  2.26977e-30  2.30769e-24 -6.37936e-31 -5.26813e-25 -3.75756e-32 -2.90195e-25  1.87689e-32 -7.17555e-26  6.71305e-33 -1.12139e-26  1.93273e-34  -8.9435e-28 -1.02662e-33  8.19121e-29  2.91425e-34  4.48684e-29 -9.84888e-35  9.33342e-30  2.11072e-36  1.30879e-30 -8.84531e-37  1.30625e-31  9.78853e-37  8.17476e-33  4.43598e-37  2.51866e-35 -2.35715e-38 -6.89779e-35 -8.60086e-39  -1.0148e-35 -7.03433e-40 -9.08861e-37 -2.55822e-40 -5.80341e-38 -3.90856e-41 -2.69873e-39 -1.93739e-42 -8.75894e-41  2.40352e-45 -1.57725e-42  5.37433e-45 -7.67537e-45  6.15406e-46  2.59225e-46  9.62699e-48
 4.50449e-32  1.06534e-15  4.26771e-30  -2.0662e-14 -2.01617e-28  2.04851e-13  2.39534e-27 -1.29941e-12 -1.19004e-26  5.78931e-12  2.89018e-27 -1.89932e-11  3.54432e-25  4.69763e-11 -2.76615e-24 -8.82037e-11  1.28978e-23  1.24517e-10 -4.37725e-23 -1.27643e-10  1.15304e-22  8.64224e-11 -2.42184e-22 -2.64079e-11  4.09365e-22 -1.14562e-11 -5.54546e-22  1.35251e-11  5.89468e-22 -1.12344e-12 -4.64751e-22 -3.67213e-12  2.26663e-22  8.11975e-13  1.59394e-24  9.47368e-13 -1.12257e-22 -1.95237e-13  9.21531e-23 -2.51362e-13  -1.2501e-23  1.35123e-14 -4.76034e-23   5.9875e-14  5.92118e-23  1.02054e-14 -3.98733e-23 -9.85894e-15  1.72628e-23 -4.84261e-15 -4.76331e-24  3.41248e-16    1.199e-24  9.77901e-16 -9.54737e-25  2.88619e-16  7.86489e-25 -4.89517e-17 -3.35379e-25 -6.19385e-17  4.10166e-26 -1.73778e-17  2.41066e-26  1.23059e-18 -1.37999e-26  2.63478e-18  5.81188e-27  9.27636e-19 -2.33709e-27  9.59783e-20  2.68742e-28 -5.26204e-20  1.34635e-28 -2.97859e-20  -8.0344e-29 -7.36501e-21  1.03302e-28 -5.77237e-22  -6.0756e-29  2.95341e-22  3.06656e-30  1.45892e-22  8.42483e-30  3.54198e-23 -2.47254e-30  4.74903e-24 -7.18862e-32 -5.40683e-26  7.25716e-32 -2.13337e-25  1.62852e-32 -6.32514e-26  1.17899e-33 -1.15132e-26 -1.64595e-33 -1.38537e-27  5.42834e-34 -7.76481e-29 -4.39729e-34  1.01973e-29 -5.16931e-37  3.66939e-30  9.00773e-37  6.08163e-31  4.09917e-36  6.99754e-32  1.45861e-36  5.90467e-33 -3.91562e-38  3.46512e-34 -2.31528e-38  1.01105e-35 -2.99924e-39 -4.45921e-37 -9.36255e-40 -7.99784e-38 -1.26424e-40 -5.61633e-39 -5.58007e-42 -2.41561e-40  -2.6827e-44 -6.34887e-42  7.47256e-45 -9.12439e-44  6.22466e-46 -3.32865e-46
-7.36104e-16  4.26771e-30  2.59188e-14  1.22799e-28 -3.48995e-13 -4.00257e-27   2.7676e-12  4.04019e-26 -1.48524e-11 -2.08714e-25  5.76155e-11   4.9961e-25 -1.67185e-10  8.75779e-25  3.68521e-10 -1.37286e-23 -6.17079e-10  6.94652e-23  7.70679e-10 -2.35334e-22 -6.81733e-10  6.02816e-22  3.67271e-10 -1.21725e-21 -4.10391e-11  1.96486e-21 -9.45113e-11 -2.52737e-21  5.21186e-11  2.53163e-21   1.2806e-11 -1.85099e-21 -1.75729e-11  7.84985e-22 -1.70904e-12  1.21291e-22  4.76715e-12 -4.92809e-22  6.24495e-13  3.70794e-22 -1.11928e-12 -7.31061e-23 -3.14523e-13 -1.24617e-22  1.92833e-13  1.55284e-22  1.12943e-13 -9.62509e-23 -9.61005e-15  3.51234e-23 -2.49799e-14 -5.78314e-24 -6.24127e-15  3.15869e-25  2.25876e-15  -1.7381e-24  1.85242e-15    1.842e-24  3.40766e-16 -7.19902e-25 -1.41259e-16   2.4729e-26 -1.02955e-16  7.62676e-26 -2.30818e-17 -3.72598e-26  3.05812e-18  2.04896e-26  3.83191e-18 -8.25153e-27  1.23851e-18   5.1269e-29  1.31811e-19  7.96689e-28  -5.6925e-20  -2.4404e-28 -3.30798e-20  2.74222e-28 -8.53229e-21 -1.61782e-28 -9.78929e-22  7.02101e-30  1.63852e-22  2.15479e-29  1.12247e-22 -6.44507e-30  3.03049e-23 -9.30085e-32  4.99472e-24  1.93889e-31  3.78993e-25  3.27609e-32 -5.99439e-26   6.5041e-33  -2.8575e-26  2.15525e-34 -6.06903e-27  5.80127e-35  -8.7247e-28   -1.325e-33 -8.59945e-29 -3.33513e-35 -4.27565e-30  7.66167e-36   3.2993e-31  1.17096e-35  1.08258e-31  3.51202e-36  1.47271e-32 -4.51795e-39  1.36802e-33 -4.44019e-38  9.33186e-35  -8.0592e-39  4.63257e-36 -2.19688e-39  1.52208e-37 -2.61751e-40  2.23999e-39 -1.07394e-41 -5.39737e-41 -1.20698e-43 -3.15857e-42  4.41526e-45 -4.75893e-44  2.88732e-46
-4.55954e-30  -2.0662e-14  1.22799e-28  4.13119e-13  2.04608e-27 -4.22955e-12 -5.11325e-26  2.77593e-11  4.44318e-25 -1.28267e-10 -2.18102e-24  4.37693e-10  6.27592e-24 -1.13022e-09  -5.6176e-24  2.22702e-09 -4.38144e-23 -3.32516e-09  2.78984e-22  3.65504e-09 -9.73169e-22  -2.7395e-09   2.4528e-21  1.07432e-09 -4.78924e-21  1.92356e-10  7.40595e-21 -4.39646e-10 -9.06021e-21  1.04544e-10  8.55584e-21  1.04049e-10 -5.79265e-21 -4.70682e-11  2.10307e-21 -2.51902e-11  6.78145e-22  1.26917e-11   -1.603e-21  7.21344e-12  1.09691e-21 -2.28649e-12 -2.27565e-22 -2.07432e-12 -2.76798e-22  8.29656e-14  3.33414e-22  4.65095e-13 -1.89111e-22  1.12289e-13  5.67412e-23 -5.58104e-14 -1.51273e-24 -3.90405e-14 -2.98354e-24 -3.96623e-15 -3.33683e-24  4.94773e-15  3.92784e-24  2.49426e-15 -1.29986e-24  2.57947e-16 -9.28805e-26 -2.35754e-16  1.73132e-25 -1.27982e-16 -8.37392e-26 -2.42571e-17  6.09256e-26  4.13975e-18 -2.33497e-26  4.14311e-18 -1.57718e-27  1.28245e-18  2.63976e-27  1.54013e-19 -6.10304e-28 -4.07497e-20  6.20127e-28 -2.66715e-20 -3.40307e-28 -7.30014e-21  8.52596e-30 -1.07277e-21  4.37015e-29  1.16425e-23  -1.3363e-29  5.49483e-23 -2.07228e-31  1.72915e-23  4.32093e-31  3.28247e-24  7.95163e-32  3.93572e-25  2.71281e-32  1.47701e-26  7.94695e-33 -5.95411e-27 -2.59501e-33 -1.76968e-27 -3.18253e-33 -2.93313e-28 -1.65735e-34 -3.44049e-29  1.75608e-35  -2.8865e-30  2.62217e-35 -1.47296e-31  6.98058e-36  8.00652e-34   1.2643e-37  1.05405e-33 -7.07072e-38  1.22014e-34 -1.61811e-38  8.66625e-36 -3.86903e-39  4.26221e-37 -4.05818e-40  1.43847e-38 -1.55456e-41  3.10694e-40 -2.37708e-43  3.55835e-42 -2.69745e-46  1.51066e-44
 9.61408e-15 -2.01617e-28 -3.48995e-13  2.04608e-27  4.85238e-12  2.37081e-26 -3.98076e-11 -4.79065e-25  2.21475e-10  3.63402e-24 -8.93022e-10 -1.65817e-23  2.70233e-09   4.8998e-23 -6.23877e-09 -7.91929e-23  1.10091e-08 -5.80712e-23 -1.46325e-08  8.64857e-22  1.40374e-08 -3.27299e-21 -8.64537e-09  8.24138e-21  1.93457e-09 -1.56609e-20  1.67572e-09  2.32729e-20 -1.37988e-09  -2.7114e-20 -5.79234e-11  2.41323e-20  4.23629e-10 -1.50831e-20  -3.9709e-11  4.56269e-21 -1.14968e-10  2.44023e-21  8.51338e-12 -4.19798e-21  2.99815e-11  2.59166e-21  1.90903e-12 -5.01928e-22 -6.65911e-12 -5.48314e-22     -1.9e-12  6.17337e-22  9.25979e-13 -3.21431e-22  6.50944e-13  7.79412e-23   2.7609e-14  1.15641e-23 -1.08855e-13 -8.78556e-24 -4.36019e-14  -7.3203e-24  1.34522e-15  7.84921e-24  7.14617e-15 -2.02293e-24  2.63142e-15  -4.1249e-25  1.05285e-16  3.03657e-25 -2.84324e-16 -1.64806e-25 -1.28332e-16  1.53731e-25 -2.19589e-17 -5.44488e-26  3.77807e-18 -6.45499e-27  3.52031e-18  6.27774e-27  1.07994e-18 -1.31865e-27  1.51341e-19  1.27229e-27 -1.75115e-20 -5.95137e-28 -1.60087e-20 -6.31553e-31 -4.74492e-21  7.41108e-29 -8.25602e-22 -2.41463e-29 -5.85397e-23 -8.76818e-31  1.47337e-23  8.72695e-31  6.55044e-24   2.2684e-31  1.42127e-24  8.83179e-32  2.07151e-25  2.54576e-32  1.93684e-26 -9.28393e-33  4.49088e-28  -6.5289e-33 -2.28165e-28  -5.2733e-34 -5.22904e-29    1.911e-35 -6.96326e-30  4.84033e-35 -6.65048e-31  1.18237e-35 -4.67357e-32  3.48484e-37 -2.27405e-33 -1.00618e-37  -5.6068e-35 -2.61431e-38  1.58247e-36 -5.45834e-39  2.29354e-37 -5.00589e-40  1.09234e-38  -1.7573e-41  2.86524e-40 -2.85003e-43  3.61749e-42 -1.88319e-45
 6.26966e-29  2.04851e-13 -4.00257e-27 -4.22955e-12  2.37081e-26  4.47935e-11  2.08506e-25 -3.04719e-10 -3.52121e-24  1.46287e-09  2.36018e-23 -5.20145e-09 -9.95685e-23  1.40475e-08  2.88301e-22 -2.90961e-08   -5.383e-22  4.60094e-08  3.06677e-22 -5.42444e-08  2.01591e-21  4.48138e-08 -9.19643e-21 -2.14323e-08  2.36204e-20    3.358e-11 -4.40068e-20  7.01097e-09  6.30403e-20 -2.89379e-09 -7.00093e-20 -1.30299e-09  5.86693e-20  1.10962e-09 -3.36823e-20   2.5612e-10  8.09169e-21 -3.12444e-10  6.82236e-21 -7.98956e-11 -9.24221e-21   7.1358e-11  5.09945e-21  3.00631e-11 -8.51776e-22 -1.06875e-11 -9.77751e-22 -9.15447e-12  1.00976e-21 -2.10608e-13 -4.91372e-22  1.76834e-12  9.67066e-23  6.13059e-13   3.5443e-23 -1.05245e-13 -1.56273e-23 -1.42062e-13 -1.65809e-23 -3.70003e-14  1.46672e-23  6.82052e-15 -2.64615e-24   7.9051e-15 -1.05809e-24  2.30917e-15  4.08085e-25 -1.95092e-17 -2.93176e-25 -2.69107e-16  3.34787e-25 -1.08008e-16 -1.07057e-25 -1.78941e-17 -1.67935e-26  2.39325e-18   1.1576e-26  2.39643e-18  -2.5648e-27  7.49556e-19  2.42183e-27  1.21739e-19 -8.76255e-28 -9.06513e-22 -2.61737e-29  -6.9687e-21  1.07565e-28 -2.33349e-21 -4.09391e-29 -4.60418e-22  -3.2374e-30 -5.40258e-23   1.6408e-30 -4.64176e-25  6.15213e-31    1.464e-24  2.36026e-31  3.98266e-25  5.69592e-32  6.62248e-26 -2.15384e-32  7.78019e-27 -1.18398e-32  6.12684e-28 -1.29265e-33  1.81539e-29 -1.09081e-35  -3.2548e-30  7.52027e-35 -6.63958e-31  1.71892e-35 -7.09329e-32  5.69044e-37  -5.2726e-33 -1.33907e-37 -2.84638e-34 -3.54256e-38 -1.08683e-35 -6.38173e-39 -2.68805e-37 -5.04931e-40 -3.27728e-39 -1.56527e-41  1.24053e-41 -2.21571e-43  4.94384e-43
-7.38199e-14  2.39534e-27   2.7676e-12 -5.11325e-26 -3.98076e-11  2.08506e-25  3.38468e-10  1.46498e-24 -1.95598e-09 -2.11534e-23  8.21348e-09  1.26574e-22 -2.59686e-08 -4.93809e-22  6.29083e-08  1.37589e-21  -1.1718e-07 -2.67669e-21  1.65935e-07  2.78169e-21 -1.72493e-07  2.94153e-21  1.20107e-07 -2.18227e-20 -3.93628e-08  5.89381e-20 -1.50281e-08 -1.08584e-19  2.03906e-08  1.50407e-19  -2.7722e-09 -1.59308e-19 -5.53332e-09   1.2547e-19  1.71838e-09 -6.56657e-20  1.44143e-09  1.14023e-20 -4.77906e-10  1.58795e-20 -4.07436e-10  -1.7536e-20  7.32084e-11  8.54434e-21  1.10344e-10 -1.13966e-21  6.20641e-12 -1.55422e-21 -2.26757e-11  1.47908e-21 -7.64239e-12 -6.99555e-22   2.1339e-12  1.16779e-22  2.14331e-12  7.12716e-23  3.79001e-13 -2.07285e-23 -2.17646e-13 -3.54417e-23 -1.43087e-13  2.55045e-23 -2.44289e-14 -2.62309e-24  9.86633e-15 -2.13407e-24  7.15883e-15  3.55258e-25  1.76132e-15 -4.84459e-25   -6.774e-17  6.41279e-25 -2.07559e-16 -1.80193e-25  -7.7803e-17  -3.4025e-26 -1.32374e-17  1.67991e-26  9.23292e-19 -4.67789e-27  1.30209e-18  4.28654e-27  4.26907e-19 -1.05753e-27   7.8608e-20 -5.53627e-29  5.11585e-21  1.34408e-28 -1.95734e-21 -6.89401e-29  -8.4199e-22 -9.39806e-30 -1.86381e-22  2.84774e-30 -2.71617e-23  1.45315e-30 -2.25216e-24   5.3676e-31  7.27208e-26  1.07498e-31  6.34792e-26  -3.9455e-32  1.28162e-26 -1.93133e-32  1.69738e-27 -2.61682e-33  1.63557e-28 -1.02294e-34  1.11871e-29  9.88185e-35  4.36172e-31  2.13825e-35 -7.66543e-33   6.3301e-37 -2.72844e-33 -1.70174e-37 -2.32244e-34 -4.12912e-38 -1.20179e-35 -6.29943e-39 -4.04872e-37 -4.20557e-40 -8.37379e-39 -1.08484e-41 -8.48801e-41 -1.02749e-43
-1.12364e-28 -1.29941e-12  4.04019e-26  2.77593e-11 -4.79065e-25 -3.04719e-10  1.46498e-24  2.15295e-09  8.50274e-24 -1.07604e-08 -1.06745e-22  3.99488e-08  5.75195e-22 -1.13067e-07  -2.0804e-21  2.46648e-07  5.53706e-21 -4.13721e-07 -1.07904e-20  5.23511e-07  1.33878e-20 -4.75277e-07 -1.13889e-21   2.6883e-07 -4.35553e-20 -3.93744e-08  1.29826e-19 -6.74059e-08 -2.38937e-19  4.34356e-08  3.20997e-19  6.96775e-09 -3.24286e-19 -1.48593e-08   2.3935e-19 -6.77367e-11 -1.12923e-19  4.22227e-09  1.11893e-20  8.99659e-11  3.18554e-20 -1.09798e-09 -2.90858e-20 -1.68654e-10  1.23101e-20   2.3256e-10 -1.19367e-21  9.03025e-11 -2.15702e-21 -2.72238e-11  1.96246e-21 -2.65859e-11 -9.62333e-22 -3.11344e-12  1.47302e-22  3.86888e-12  1.22856e-22   1.9397e-12 -2.07815e-23  9.28551e-14 -6.94886e-23 -2.63908e-13  4.11897e-23  -1.1875e-13 -1.05228e-24 -1.25184e-14 -3.63752e-24   9.8123e-15 -6.46539e-26  5.50646e-15 -7.63137e-25  1.20721e-15  1.09834e-24 -5.43086e-17 -2.60878e-25 -1.32393e-16 -5.70986e-26 -4.82133e-17  1.81058e-26 -8.73446e-18 -8.28287e-27  7.42085e-21  7.02267e-27  5.48753e-19 -9.17847e-28  1.96174e-19 -3.57381e-29  4.01144e-20  1.42817e-28  4.50494e-21 -1.17883e-28 -1.62386e-22 -2.25666e-29 -2.05184e-22  4.45906e-30 -5.33294e-23  2.96999e-30 -8.86313e-24  1.06383e-30 -1.01508e-24  1.83209e-31 -6.65798e-26 -6.08011e-32  1.96846e-27 -2.85877e-32  1.26428e-27 -4.53821e-33  2.02991e-28 -2.78352e-34  2.14018e-29  1.08651e-34  1.64762e-30  2.24669e-35  9.27169e-32  4.12363e-37  3.54095e-33 -2.05584e-37  6.65949e-35  -4.2018e-38  -1.2594e-36 -5.29468e-39 -1.21913e-37 -2.88095e-40 -3.17764e-39 -5.59547e-42 -2.65191e-41
 3.82761e-13 -1.19004e-26 -1.48524e-11  4.44318e-25  2.21475e-10 -3.52121e-24 -1.95598e-09  8.50274e-24  1.17667e-08  4.17283e-23 -5.15712e-08 -4.61343e-22  1.70738e-07  2.25565e-21 -4.34926e-07 -7.59012e-21  8.56844e-07  1.92511e-20 -1.29456e-06 -3.69136e-20   1.4579e-06  4.90277e-20 -1.13876e-06 -2.59371e-20   4.8747e-07 -7.10285e-20  5.45402e-08  2.54968e-19 -1.94489e-07 -4.74524e-19  6.20819e-08  6.20064e-19  4.32128e-08 -5.97182e-19 -2.73657e-08  4.11345e-19 -9.79323e-09 -1.72049e-19  8.03703e-09  1.85035e-21  2.96541e-09  5.61879e-20  -1.8056e-09 -4.24434e-20 -1.00925e-09  1.52198e-20  2.32685e-10 -9.62744e-22  2.83889e-10  -2.5153e-21  2.66051e-11  2.39546e-21 -5.01695e-11 -1.32389e-21 -2.15724e-11  1.95668e-22  1.66864e-12  2.01614e-22  4.34198e-12 -1.26608e-23   1.3897e-12  -1.2495e-22 -1.13528e-13  6.17346e-23 -2.43701e-13  3.24846e-24  -8.4636e-14 -5.33951e-24 -4.85168e-15 -1.11933e-24  7.66597e-15 -1.17087e-24  3.67304e-15  1.70429e-24  7.58424e-16 -3.21154e-25  -2.0463e-17 -8.09078e-26 -6.97026e-17  9.83055e-27 -2.55415e-17 -1.45037e-26 -4.99661e-18  1.06062e-26 -2.93666e-19 -1.41871e-28  1.65764e-19  1.40911e-28  7.05194e-20  1.22978e-28  1.58813e-20   -2.017e-28  2.27279e-21 -4.68196e-29  1.45545e-22  6.12254e-30 -2.45771e-23  5.32063e-30 -9.96456e-24  1.86712e-30 -1.89795e-24  2.89494e-31 -2.49334e-25 -8.10037e-32 -2.34117e-26 -3.85817e-32 -1.37963e-27 -6.89897e-33 -5.32754e-30 -5.39852e-34  9.78448e-30  9.60854e-35  1.32049e-30  1.92953e-35   1.0667e-31 -9.52194e-38  6.00349e-33 -2.31213e-37   2.3761e-34 -3.75764e-38    6.289e-36 -3.78854e-39  9.65735e-38 -1.59058e-40  6.00078e-40 -1.88068e-42
-4.22374e-27  5.78931e-12 -2.08714e-25 -1.28267e-10  3.63402e-24  1.46287e-09 -2.11534e-23 -1.07604e-08  4.17283e-23  5.61256e-08  1.76122e-22 -2.18088e-07 -1.73213e-21  6.48407e-07  7.73588e-21 -1.49303e-06 -2.43174e-20   2.6617e-06  5.87932e-20 -3.61875e-06 -1.09982e-19  3.60342e-06  1.49577e-19 -2.36358e-06 -1.10484e-19  6.45502e-07 -8.54204e-20  4.06784e-07  4.49676e-19 -4.21308e-07 -8.58909e-19  2.35278e-08   1.0945e-18  1.27043e-07 -1.00372e-18 -2.81839e-08  6.41467e-19 -3.50109e-08 -2.31786e-19  8.21042e-09 -2.36618e-20   9.9555e-09  8.81954e-20 -9.85379e-10 -5.44067e-20 -2.63212e-09  1.58368e-20 -3.18437e-10 -7.06276e-22  5.14186e-10 -2.23314e-21  2.13204e-10  2.76095e-21 -3.80982e-11 -1.85619e-21 -5.37623e-11  2.55076e-22 -1.22844e-11   3.2961e-22  4.57673e-12   6.4237e-24  3.74533e-12 -2.07404e-22  8.08427e-13  8.57363e-23 -1.95332e-13  1.15194e-23 -1.85831e-13 -6.69136e-24   -5.345e-14  -3.0802e-24 -1.40644e-15  -1.7711e-24  4.92245e-15  2.42072e-24  2.14422e-15 -3.19929e-25  4.37731e-16 -9.58833e-26   4.0174e-18 -1.44173e-26 -2.97011e-17 -2.50853e-26 -1.13848e-17  1.47469e-26 -2.40702e-18  1.65135e-27 -2.51342e-19  6.36945e-28  2.65555e-20   7.1722e-29  1.87106e-20 -3.35437e-28  4.73826e-21 -8.63871e-29  7.79492e-22  7.05485e-30   8.3232e-23  8.46626e-30  3.07504e-24  2.93313e-30 -9.03136e-25  4.26281e-31 -2.45649e-25 -9.44686e-32 -3.63967e-26 -4.76459e-32 -3.82427e-27 -9.34195e-33 -2.95013e-28 -8.55217e-34 -1.57457e-29  5.96841e-35 -4.17694e-31  1.23226e-35  1.53303e-32 -7.36918e-37   2.3925e-33  -2.3619e-37  1.36181e-34 -2.95004e-38  4.46826e-36 -2.28463e-39  8.05285e-38 -6.73304e-41  5.41179e-40
-1.43089e-12  2.89018e-27  5.76155e-11 -2.18102e-24 -8.93022e-10  2.36018e-23  8.21348e-09 -1.06745e-22 -5.15712e-08  1.76122e-22  2.36532e-07  6.47396e-22 -8.22137e-07 -5.70958e-21  2.20778e-06  2.34342e-20 -4.61102e-06 -6.91312e-20  7.44655e-06  1.59643e-19 -9.08887e-06  -2.9027e-19  7.92144e-06  3.95589e-19 -4.18294e-06 -3.34101e-19  3.27659e-07  -3.9431e-20  1.26596e-06   7.1595e-19 -6.88645e-07 -1.42901e-18 -1.83487e-07  1.77963e-18  2.59799e-07 -1.55089e-18  2.00785e-08  9.12255e-19 -7.72828e-08 -2.72845e-19 -6.74346e-09 -7.16493e-20  2.03431e-08  1.24042e-19   4.4277e-09 -6.04429e-20 -4.22083e-09   1.3032e-20 -1.98428e-09 -1.09086e-21  4.27714e-10  -8.9844e-22   5.4698e-10  3.13019e-21  8.94556e-11 -2.63994e-21 -7.31807e-11  2.93623e-22 -4.27141e-11  5.37307e-22 -3.94232e-12  3.92172e-23  5.19265e-12 -3.19864e-22  2.67855e-12   1.0996e-22  3.85756e-13   2.4739e-23 -1.82249e-13 -6.83933e-24 -1.21557e-13 -6.14547e-24 -3.06446e-14  -2.6427e-24 -4.48811e-16  3.17441e-24  2.63497e-15 -2.09828e-25  1.09446e-15 -8.96617e-26  2.28737e-16 -6.03194e-26  1.20042e-17 -4.22958e-26 -9.74925e-18  1.89041e-26 -4.16009e-18  4.85167e-27  -9.4937e-19  1.64253e-27  -1.3018e-19 -4.12192e-30 -4.15807e-21 -5.29862e-28  3.16341e-21 -1.44468e-28   1.0093e-21   6.0925e-30  1.85623e-22  1.20797e-29  2.37928e-23  4.15288e-30  2.03385e-24  5.82034e-31  6.50442e-26 -9.69594e-32 -1.27957e-26 -5.40655e-32 -2.83321e-27  -1.1406e-32 -3.30267e-28 -1.16476e-33  -2.6922e-29  7.33452e-36 -1.60408e-30  3.57591e-36  -6.8224e-32 -1.27783e-36 -1.87692e-33 -2.14522e-37 -2.29908e-35 -2.01508e-38  3.08517e-37 -1.13268e-39  1.23399e-38 -1.90542e-41
 5.18603e-26 -1.89932e-11   4.9961e-25  4.37693e-10 -1.65817e-23 -5.20145e-09  1.26574e-22  3.99488e-08 -4.61343e-22 -2.18088e-07  6.47396e-22  8.89517e-07  2.09185e-21   -2.786e-06 -1.66511e-20  6.78979e-06  6.31672e-20 -1.28957e-05 -1.75774e-19   1.8868e-05  3.88972e-19 -2.05892e-05 -6.86864e-19   1.5459e-05  9.27442e-19 -6.04375e-06 -8.32351e-19 -1.32236e-06  1.53683e-19  2.84278e-06  1.03287e-18 -7.36262e-07 -2.20227e-18 -7.09364e-07  2.68419e-18  3.74636e-07 -2.21633e-18  1.74026e-07  1.18676e-18 -1.15536e-07 -2.71411e-19 -5.28816e-08 -1.44704e-19  2.60616e-08  1.56724e-19  1.74784e-08 -5.59072e-20  -2.9854e-09  6.56068e-21 -4.79527e-09 -3.07761e-21 -6.43373e-10  1.75926e-21  8.15532e-10  3.66365e-21  3.97851e-10 -3.73137e-21 -1.29743e-11  2.53704e-22 -7.52985e-11  8.55205e-22 -2.70082e-11  8.85651e-23  9.32684e-13 -4.60817e-22  4.30277e-12  1.29458e-22  1.65609e-12  4.33231e-23    1.523e-13 -4.81064e-24 -1.28036e-13 -1.03691e-23 -6.95696e-14 -3.85993e-24 -1.61913e-14  3.87529e-24 -3.69931e-16  5.32885e-26  1.16975e-15 -5.10187e-26  4.83505e-16 -1.31809e-25  1.05522e-16 -6.85469e-26  9.84846e-18   2.2426e-26 -2.14719e-18  9.78059e-27 -1.19519e-18  3.32772e-27  -2.9727e-19 -8.68471e-29 -4.76185e-20 -7.85518e-28 -4.35312e-21 -2.21817e-28  1.23714e-22  1.94806e-30  1.34469e-22  1.55314e-29   2.9448e-23  5.31871e-30  4.19231e-24  7.30451e-31  4.31558e-25 -8.79427e-32  3.10879e-26 -5.67082e-32  1.17907e-27 -1.26822e-32 -4.77308e-29 -1.39941e-33 -1.21438e-29  -4.6502e-35 -1.09876e-30  -4.2834e-36   -6.333e-32 -1.53014e-36 -2.46739e-33 -1.70219e-37 -6.22181e-35 -1.17608e-38 -8.81394e-37 -4.37526e-40 -4.38949e-39
 3.98821e-12  3.54432e-25 -1.67185e-10  6.27592e-24  2.70233e-09 -9.95685e-23 -2.59686e-08  5.75195e-22  1.70738e-07 -1.73213e-21 -8.22137e-07  2.09185e-21  3.00961e-06  5.98065e-21 -8.54638e-06 -4.31896e-20  1.89769e-05  1.52295e-19 -3.28368e-05 -4.02121e-19  4.34864e-05  8.56553e-19 -4.21483e-05 -1.47058e-18  2.65711e-05   1.9557e-18 -6.18806e-06 -1.80101e-18 -5.57831e-06  6.19972e-19   4.9972e-06  1.35349e-18  -3.0509e-09 -3.16652e-18 -1.63744e-06  3.77895e-18  2.82716e-07 -2.94456e-18   4.7356e-07  1.41371e-18  -8.8273e-08 -2.06098e-19 -1.37554e-07 -2.39255e-19  8.17005e-09  1.77554e-19  3.66136e-08 -3.76874e-20  5.68496e-09 -2.69515e-21 -7.09806e-09 -7.58686e-21  -3.2734e-09  5.74142e-21   4.5593e-10   4.5576e-21  8.01842e-10 -5.13169e-21  2.04925e-10  6.63401e-23 -6.26221e-11   1.3021e-21 -5.82597e-11  1.56861e-22 -1.39692e-11 -6.23135e-22  2.55787e-12  1.38493e-22  2.92009e-12  6.69721e-23  9.11814e-13  1.39354e-25  5.20466e-14 -1.56348e-23 -7.31339e-14 -5.46281e-24 -3.51143e-14  4.44991e-24 -7.89779e-15  5.01776e-25  -3.6978e-16  2.48979e-26  4.19589e-16 -2.30895e-25   1.8135e-16 -1.05808e-25  4.17248e-17  2.47613e-26  5.28902e-18  1.66048e-26 -1.21829e-19  5.78606e-27 -2.49235e-19 -1.49862e-28 -7.08733e-20 -1.08869e-27 -1.26219e-20 -3.15563e-28 -1.52491e-21 -6.39094e-30 -9.98999e-23  1.79927e-29  5.39255e-24  6.16307e-30   2.6797e-24  8.33782e-31  4.45861e-25 -7.14634e-32  4.97549e-26 -5.54587e-32  4.07094e-27 -1.29521e-32  2.41911e-28 -1.50556e-33  9.39762e-30 -8.71093e-35  1.26907e-31 -9.22146e-36 -1.02855e-32   -1.448e-36 -7.72368e-34 -1.16042e-37 -2.43881e-35 -5.68205e-39 -3.47777e-37 -1.14413e-40
-3.41572e-25  4.69763e-11  8.75779e-25 -1.13022e-09   4.8998e-23  1.40475e-08 -4.93809e-22 -1.13067e-07  2.25565e-21  6.48407e-07 -5.70958e-21   -2.786e-06  5.98065e-21  9.22452e-06  1.51905e-20 -2.38739e-05 -9.99162e-20  4.84538e-05  3.29451e-19 -7.64682e-05 -8.31309e-19  9.14609e-05  1.71447e-18 -7.79477e-05 -2.86935e-18  3.94457e-05  3.74801e-18 -1.10955e-06 -3.47507e-18 -1.36627e-05   1.5048e-18  6.76168e-06   1.6134e-18  2.31656e-06 -4.27715e-18 -2.77282e-06  4.99381e-18 -3.29575e-07 -3.65333e-18  8.64411e-07   1.5398e-18  1.04253e-07 -6.62267e-20 -2.34295e-07 -3.45065e-19 -5.83614e-08  1.78938e-19  4.93687e-08 -5.57908e-21  2.52578e-08 -1.30319e-20 -4.79488e-09 -1.50698e-20 -6.95887e-09  1.07604e-20 -1.26371e-09  5.95698e-21  9.21357e-10 -6.77754e-21  5.73349e-10 -3.23414e-22  6.22012e-11  1.87495e-21 -6.79036e-11  2.44732e-22 -3.71983e-11 -7.94626e-22 -5.96194e-12  1.32223e-22  2.33171e-12   9.4736e-23  1.69994e-12  8.11915e-24   4.5735e-13 -2.17047e-23  1.84825e-14 -7.42814e-24 -3.47426e-14   4.8819e-24 -1.56014e-14  1.15148e-24 -3.51233e-15  1.32036e-25 -2.76445e-16 -3.58199e-25   1.1388e-16 -1.54993e-25  5.60391e-17  2.56377e-26  1.37016e-17  2.52525e-26  2.08145e-18  8.98693e-27  1.31413e-19 -1.62473e-28 -2.96856e-20 -1.41133e-27 -1.19529e-20 -4.18801e-28 -2.37452e-21 -1.92639e-29 -3.25308e-22  1.86455e-29  -3.1279e-23  6.43352e-30 -1.72297e-24  8.53765e-31  4.41302e-26 -5.47145e-32   2.3042e-26 -5.11758e-32  3.02521e-27 -1.22422e-32   2.5647e-28 -1.46388e-33  1.55411e-29 -1.05719e-34  6.73244e-31 -1.06337e-35   1.9702e-32 -1.12834e-36   3.3545e-34 -6.66063e-38  1.94381e-36 -2.14218e-39  -1.2534e-38
-8.40722e-12 -2.76615e-24  3.68521e-10  -5.6176e-24 -6.23877e-09  2.88301e-22  6.29083e-08  -2.0804e-21 -4.34926e-07  7.73588e-21  2.20778e-06 -1.66511e-20 -8.54638e-06  1.51905e-20  2.57633e-05  3.43171e-20 -6.10414e-05 -2.06144e-19  0.000113529  6.39954e-19 -0.000163459 -1.55737e-18  0.000175906  3.13342e-18 -0.000129787 -5.13239e-18  4.81702e-05  6.58028e-18  1.43326e-05 -6.07516e-18 -2.56407e-05  2.93087e-18  5.93231e-06  1.75094e-18  6.89489e-06 -5.46271e-18 -3.39935e-06  6.22514e-18 -1.77568e-06 -4.24961e-18  1.10671e-06  1.52579e-18  5.51213e-07  1.41856e-19 -2.58794e-07 -4.47441e-19 -1.85191e-07  1.57489e-19  2.97895e-08  3.72929e-20  5.19621e-08 -2.26982e-20  7.42626e-09 -2.52034e-20 -9.04248e-09  1.63472e-20 -4.55539e-09  7.88033e-21  1.22495e-10 -8.55922e-21  8.76455e-10 -9.31049e-22  3.23744e-10  2.54454e-21 -8.53254e-12  3.49356e-22 -5.16211e-11 -9.60266e-22 -2.05197e-11  1.08753e-22 -2.10368e-12  1.25271e-22  1.52059e-12  1.82864e-23  8.68176e-13 -2.83411e-23   2.1209e-13 -9.65189e-24  9.01622e-15  5.24479e-24 -1.36842e-14  2.00132e-24 -6.03468e-15  2.51917e-25 -1.39113e-15 -5.13453e-25 -1.53962e-16 -2.15497e-25  1.89214e-17  2.51092e-26  1.35874e-17  3.53454e-26  3.60395e-18  1.27515e-26  6.14453e-19 -9.72813e-29  6.51522e-20 -1.71566e-27  1.21549e-21 -5.21324e-28 -1.17053e-21 -3.60967e-29 -2.95297e-22  1.69393e-29 -4.44819e-23  5.97902e-30 -4.80906e-24  7.66642e-31 -3.77066e-25 -4.47831e-32 -1.91593e-26 -4.52029e-32  -2.3671e-28 -1.07781e-32  6.15594e-29 -1.29354e-33  6.78906e-30 -1.02204e-34  3.98487e-31 -9.28824e-36  1.47904e-32 -7.32432e-37  3.33598e-34 -3.12204e-38  3.69933e-36  -5.4565e-40
 1.56504e-24 -8.82037e-11 -1.37286e-23  2.22702e-09 -7.91929e-23 -2.90961e-08  1.37589e-21  2.46648e-07 -7.59012e-21 -1.49303e-06  2.34342e-20  6.78979e-06 -4.31896e-20 -2.38739e-05  3.43171e-20  6.58997e-05  6.87727e-20 -0.000143488 -3.77671e-19  0.000245042  1.11368e-18 -0.000321693 -2.64693e-18   0.00030964  5.24774e-18 -0.000192902 -8.45765e-18  4.12474e-05  1.06518e-17  4.54261e-05 -9.72774e-18 -3.88283e-05  4.94365e-18  -8.2509e-07  1.73214e-18  1.35213e-05 -6.63608e-18 -2.19878e-06   7.3515e-18 -4.07917e-06 -4.65067e-18  7.46395e-07  1.36075e-18  1.22779e-06  3.93319e-19 -7.38181e-08 -5.31668e-19 -3.39353e-07  1.16179e-19 -5.24999e-08  8.52945e-20   6.8718e-08 -3.07689e-20  3.17448e-08 -3.68896e-20 -4.77333e-09  2.20328e-20 -8.12749e-09  1.01989e-20 -2.06592e-09 -1.03557e-20  6.68639e-10 -1.71903e-21  6.15706e-10  3.25828e-21  1.48048e-10  4.62902e-22 -2.79134e-11 -1.10529e-21 -3.18686e-11  7.08719e-23 -1.00863e-11  1.57174e-22 -6.27949e-13  2.87635e-23  7.96733e-13 -3.54566e-23  3.92522e-13 -1.19485e-23  9.12019e-14  5.71056e-24  5.50053e-15  3.03519e-24 -4.34866e-15  3.56662e-25 -1.99114e-15 -6.95121e-25 -4.76404e-16 -2.84986e-25 -6.56717e-17   2.3444e-26 -6.78277e-19  4.61661e-26  2.34213e-18    1.676e-26  7.22795e-19  6.04013e-29  1.34635e-19 -1.96255e-27     1.73e-20 -6.11523e-28  1.37342e-21 -5.54144e-29  3.19433e-24  1.28017e-29 -1.93106e-23  4.81222e-30 -3.62229e-24    5.754e-31 -4.20506e-25 -4.52648e-32 -3.52378e-26 -3.87467e-32 -2.16873e-27 -8.88122e-33 -9.33024e-29 -1.04163e-33 -2.31896e-30 -8.33658e-35  1.70739e-33 -6.62101e-36   2.3695e-33 -3.94023e-37  7.45782e-35 -1.12945e-38  6.93431e-37
 1.33777e-11  1.28978e-23 -6.17079e-10 -4.38144e-23  1.10091e-08   -5.383e-22  -1.1718e-07  5.53706e-21  8.56844e-07 -2.43174e-20 -4.61102e-06  6.31672e-20  1.89769e-05 -9.99162e-20 -6.10414e-05  6.87727e-20  0.000155066  1.21168e-19 -0.000311316 -6.07265e-19  0.000488862  1.72365e-18 -0.000584246 -4.07754e-18  0.000498479  8.07546e-18 -0.000251143 -1.28954e-17  2.08746e-06  1.59839e-17  9.43743e-05 -1.43824e-17 -4.64315e-05  7.46415e-18 -1.68827e-05  1.56877e-18  2.02107e-05  -7.7061e-18  2.41736e-06  8.25259e-18 -6.60116e-06 -4.80343e-18 -7.52777e-07   1.0691e-18  1.87645e-06  6.49339e-19  4.48696e-07 -5.88021e-19 -4.19117e-07  6.44146e-20 -2.07745e-07  1.32051e-19  4.57928e-08 -3.76522e-20  6.09926e-08 -4.85883e-20  1.02325e-08  2.75007e-20 -8.72385e-09  1.26809e-20 -5.22483e-09 -1.20635e-20 -4.99261e-10 -2.60079e-21  6.66169e-10  3.94808e-21   3.5487e-10  5.71445e-22  5.46097e-11 -1.21787e-21 -2.37808e-11  2.68083e-23  -1.6863e-11  1.89234e-22 -4.52548e-12   3.6842e-23 -1.82545e-13 -4.32204e-23  3.46625e-13 -1.40665e-23  1.56904e-13  6.52274e-24  3.59696e-14  4.22337e-24  3.13043e-15  4.16434e-25 -1.03721e-15 -8.98786e-25 -5.42821e-16 -3.59397e-25 -1.36444e-16  2.09262e-26 -2.16577e-17  5.66897e-26 -1.67677e-18  2.05895e-26  2.01838e-19  3.03071e-28  1.01137e-19 -2.12125e-27  2.10598e-20 -6.78913e-28  2.98096e-21 -7.51032e-29  3.02166e-22  6.71752e-30  1.97933e-23  3.11977e-30  2.76178e-25   3.1264e-31 -1.22776e-25   -5.465e-32 -1.86773e-26 -3.24903e-32 -1.62164e-27 -6.86591e-33 -9.71411e-29 -7.64512e-34 -4.08787e-30 -5.85963e-35 -1.15263e-31 -3.93392e-36 -1.92154e-33 -1.71836e-37 -1.35518e-35 -2.73845e-39
-5.43256e-24  1.24517e-10  6.94652e-23 -3.32516e-09 -5.80712e-23  4.60094e-08 -2.67669e-21 -4.13721e-07  1.92511e-20   2.6617e-06 -6.91312e-20 -1.28957e-05  1.52295e-19  4.84538e-05 -2.06144e-19 -0.000143488  1.21168e-19  0.000336988  1.83601e-19 -0.000625612 -8.33319e-19    0.0009041  2.33242e-18 -0.000980824 -5.67017e-18  0.000731684  1.14397e-17 -0.000273878 -1.82607e-17 -8.69985e-05  2.23398e-17  0.000155909   -1.976e-17 -3.76106e-05  1.02715e-17 -4.34597e-05  1.31995e-18  2.27319e-05 -8.58547e-18  1.14343e-05  8.82643e-18  -7.8174e-06 -4.69601e-18 -3.67275e-06  7.07409e-19  1.96451e-06  8.66285e-19  1.30832e-06 -6.15289e-19 -2.67349e-07   1.5789e-20 -3.94328e-07  1.72426e-19 -4.55145e-08 -4.49288e-20  7.51101e-08 -5.88398e-20   3.5262e-08  3.26262e-20 -2.23579e-09  1.50722e-20 -7.50018e-09 -1.36016e-20 -2.61075e-09 -3.45919e-21  1.52392e-10  4.54004e-21  4.62238e-10  6.54647e-22  1.76212e-10 -1.29041e-21  1.56877e-11 -1.04816e-23 -1.43262e-11  2.20496e-22 -7.84498e-12  3.94337e-23 -1.88501e-12 -5.20495e-23 -7.17611e-14 -1.57168e-23  1.25362e-13  7.93499e-24  5.48512e-14    5.522e-24  1.27179e-14  4.09346e-25  1.46481e-15 -1.11478e-24 -1.44555e-16 -4.33097e-25 -1.16065e-16  1.76991e-26 -3.14324e-17  6.57027e-26 -5.48066e-18  2.37776e-26 -6.16712e-19  5.95309e-28 -2.34933e-20 -2.17706e-27  7.56634e-21  -7.1648e-28  2.14555e-21  -9.2824e-29  3.32839e-22 -3.63536e-31  3.66216e-23  1.21348e-30  2.95858e-24   3.1594e-32   1.6562e-25 -6.73577e-32  4.66838e-27 -2.66035e-32 -1.65741e-28 -4.97642e-33 -2.78917e-29  -5.1022e-34 -1.66197e-30 -3.56988e-35 -5.68024e-32 -1.94486e-36 -1.06599e-33 -5.76983e-38 -7.33187e-36
-1.57122e-11 -4.37725e-23  7.70679e-10  2.78984e-22 -1.46325e-08  3.06677e-22  1.65935e-07 -1.07904e-20 -1.29456e-06  5.87932e-20  7.44655e-06 -1.75774e-19 -3.28368e-05  3.29451e-19  0.000113529 -3.77671e-19 -0.000311316  1.83601e-19  0.000678754  2.26059e-19  -0.00116815  -9.0474e-19   0.00155396  2.64879e-18   -0.0015234 -7.05041e-18  0.000972485  1.49318e-17 -0.000217845 -2.40987e-17 -0.000236903  2.92051e-17  0.000213604 -2.53617e-17 -8.14392e-08  1.30282e-17 -7.69482e-05    1.075e-18  1.52429e-05 -9.19461e-18  2.40165e-05   9.0015e-18 -5.54634e-06 -4.35839e-18 -7.59347e-06  3.51951e-19   8.2057e-07  1.00653e-18  2.25109e-06   -6.213e-19  2.55621e-07   -1.581e-20 -5.02328e-07   2.0389e-19 -2.07083e-07 -5.45581e-20  4.61723e-08 -6.67337e-20  6.01124e-08  3.73828e-20  1.32916e-08  1.71683e-20    -5.98e-09 -1.48895e-20 -4.75137e-09 -4.17099e-21 -1.02481e-09   4.9634e-21  2.74776e-10  6.86841e-22  2.60587e-10 -1.31894e-21  7.78932e-11 -2.55397e-23  3.20288e-12  2.50058e-22 -6.94296e-12  3.36498e-23 -3.24344e-12   -6.246e-23 -7.32887e-13 -1.66085e-23 -3.90446e-14  1.01303e-23  3.68089e-14  6.87154e-24  1.64294e-14   3.3066e-25  3.91141e-15 -1.32622e-24  5.45977e-16 -4.99155e-25  1.04498e-17  1.37676e-26 -1.74822e-17  7.20124e-26 -5.52158e-18  2.59004e-26 -1.03896e-18  8.76371e-28 -1.36119e-19 -2.13419e-27 -1.16064e-20 -7.21972e-28 -2.71856e-22 -1.06447e-28   1.0404e-22 -7.26383e-30  2.16158e-23 -5.59964e-31  2.54681e-24 -2.11274e-31  2.12517e-25 -7.67148e-32  1.29957e-26 -2.10291e-32  5.65741e-28 -3.36765e-33   1.5746e-29 -3.08004e-34  1.79937e-31 -1.87777e-35 -3.65326e-33 -7.83595e-37 -1.29892e-34 -1.29909e-38
 1.48584e-23 -1.27643e-10 -2.35334e-22  3.65504e-09  8.64857e-22 -5.42444e-08  2.78169e-21  5.23511e-07 -3.69136e-20 -3.61875e-06  1.59643e-19   1.8868e-05 -4.02121e-19 -7.64682e-05  6.39954e-19  0.000245042 -6.07265e-19 -0.000625612  2.26059e-19   0.00127121   1.8439e-19  -0.00203259 -5.60936e-19    0.0024878  2.22936e-18  -0.00218887 -7.67773e-18   0.00115363  1.79532e-17 -3.63794e-05  -2.9734e-17 -0.000441685  3.58546e-17  0.000239544 -3.05473e-17  7.45697e-05  1.53452e-17 -0.000107128  9.25243e-19 -7.59051e-06 -9.46426e-18  3.65364e-05  8.74322e-18  2.19918e-06 -3.85307e-18 -1.10826e-05  8.06328e-20 -2.01721e-06  1.04742e-18  2.73397e-06 -6.20195e-19  1.15225e-06 -2.03781e-20  -3.7868e-07  2.26789e-19  -3.8883e-07 -6.78101e-20 -4.55276e-08 -7.21145e-20  6.53946e-08  4.16753e-20  3.40708e-08  1.88422e-20  1.61946e-09 -1.58176e-20  -5.1779e-09 -4.62922e-21 -2.46066e-09  5.15744e-21 -2.99735e-10  6.40425e-22  2.03823e-10 -1.30124e-21  1.26257e-10 -3.74905e-24  3.14959e-11  2.76684e-22  3.82881e-13  1.73623e-23 -2.80845e-12 -7.48181e-23 -1.19137e-12 -1.64936e-23 -2.63437e-13  1.31458e-23 -2.08735e-14  8.19734e-24  8.22913e-15  1.98088e-25  4.08379e-15 -1.50883e-24  1.01069e-15 -5.49793e-25  1.59973e-16  9.18445e-27  1.28793e-17  7.47107e-26 -1.22822e-18  2.66537e-26 -6.71333e-19  1.07365e-27 -1.40658e-19 -2.01269e-27  -1.9936e-20  -6.9774e-28 -2.04341e-21 -1.14397e-28 -1.41896e-22 -1.28802e-29 -4.03439e-24 -1.91641e-30  4.78251e-25  -3.7446e-31  8.54336e-26 -7.81089e-32  7.42571e-27 -1.57792e-32  4.27717e-28 -2.11184e-33  1.68396e-29  -1.6673e-34  4.30072e-31  -8.4135e-36   6.1252e-33 -2.44476e-37  3.01735e-35
 1.27976e-11  1.15304e-22 -6.81733e-10 -9.73169e-22  1.40374e-08  2.01591e-21 -1.72493e-07  1.33878e-20   1.4579e-06 -1.09982e-19 -9.08887e-06  3.88972e-19  4.34864e-05 -8.31309e-19 -0.000163459  1.11368e-18  0.000488862 -8.33319e-19  -0.00116815   1.8439e-19   0.00222037 -4.48274e-20  -0.00330466  5.48223e-19   0.00371677  5.54739e-19  -0.00290511 -6.96277e-18   0.00118317  1.98447e-17  0.000304291  -3.4406e-17 -0.000670442  4.14961e-17  0.000199522  -3.4665e-17   0.00018428  1.68645e-17 -0.000117872  9.36834e-19 -4.73847e-05 -9.34064e-18  4.26299e-05   8.0557e-18  1.58993e-05 -3.25949e-18 -1.18281e-05 -4.50367e-20 -6.34671e-06  9.85886e-19   2.0668e-06 -6.27524e-19  2.18005e-06  5.18349e-21  9.63614e-08  2.43528e-19 -4.85276e-07 -8.44153e-20 -1.89887e-07 -7.54585e-20  3.07029e-08   4.5198e-20  4.91923e-08  2.00283e-20  1.45577e-08 -1.62323e-20 -2.18673e-09 -4.76038e-21 -3.22771e-09   5.0768e-21 -1.09294e-09  4.92181e-22 -4.99378e-11 -1.23452e-21  1.11437e-10  6.50148e-23  5.40186e-11   2.9838e-22  1.19049e-11 -1.03786e-23  6.89016e-14 -8.90905e-23 -9.52297e-13 -1.52195e-23 -3.84787e-13  1.68293e-23  -8.5532e-14  9.41526e-24 -9.20776e-15  5.11291e-26  1.14172e-15 -1.63327e-24  8.00373e-16  -5.7711e-25  2.10718e-16  4.32525e-27  3.62203e-17  7.34169e-26  4.07847e-18  2.59188e-26  1.76224e-19  1.12476e-27 -4.16428e-20  -1.8406e-27 -1.22638e-20 -6.49332e-28 -1.89224e-21 -1.15864e-28 -2.05841e-22 -1.64511e-29 -1.65141e-23 -2.70319e-30 -9.41849e-25 -4.42597e-31 -3.16542e-26 -7.06609e-32  1.16063e-28 -1.10431e-32  8.31716e-29 -1.21426e-33  4.95513e-30 -7.98703e-35  1.48814e-31 -3.12448e-36  2.08909e-33 -5.14396e-38
-3.26364e-23  8.64224e-11  6.02816e-22  -2.7395e-09 -3.27299e-21  4.48138e-08  2.94153e-21 -4.75277e-07  4.90277e-20  3.60342e-06  -2.9027e-19 -2.05892e-05  8.56553e-19  9.14609e-05 -1.55737e-18 -0.000321693  1.72365e-18    0.0009041  -9.0474e-19  -0.00203259 -4.48274e-20   0.00362723 -5.93492e-19  -0.00503322  2.78462e-18   0.00518991 -2.81622e-18  -0.00354839 -4.45219e-18  0.000963056  2.00683e-17  0.000805956 -3.74533e-17 -0.000866028  4.54497e-17  6.38369e-05 -3.71935e-17  0.000311477  1.73346e-17 -9.12422e-05  1.13574e-18 -9.90006e-05 -8.79438e-18  3.48051e-05  6.98029e-18  3.33085e-05 -2.65732e-18 -7.38397e-06  6.84541e-21 -1.09816e-05  8.37873e-19 -2.58779e-07 -6.55026e-19  2.84051e-06  5.61569e-20  9.05928e-07   2.5714e-19 -3.70302e-07 -1.02317e-19 -3.33474e-07 -7.75191e-20 -5.09387e-08  4.74085e-20  4.40544e-08  2.06907e-20  2.75876e-08  -1.5955e-20  4.48172e-09 -4.53782e-21 -2.30153e-09  4.69537e-21 -1.65255e-09  2.31852e-22  -4.3064e-10 -1.11384e-21  7.27932e-12  1.83429e-22  4.98587e-11  3.12165e-22  2.06601e-11 -4.91478e-23  4.24936e-12 -1.04709e-22  9.16167e-14 -1.27851e-23  -2.6582e-13   2.0844e-23 -1.07099e-13  1.04429e-23 -2.42958e-14 -5.58807e-26 -3.21707e-15 -1.67004e-24 -2.43753e-17 -5.74146e-25  1.11768e-16  8.36602e-29  3.35744e-17  6.84121e-26  6.15695e-18  2.37983e-26  7.93754e-19  1.00052e-27  6.78653e-20 -1.64462e-27  2.00594e-21 -5.83589e-28 -4.76129e-22 -1.10882e-28 -1.02358e-22 -1.77078e-29 -1.18357e-23 -2.91879e-30 -9.56356e-25 -4.26743e-31 -5.62604e-26 -5.68475e-32  -2.3553e-27 -7.09414e-33 -6.44721e-29 -6.31492e-34 -8.97441e-31 -3.31839e-35  1.08121e-33 -9.09969e-37  1.20956e-34
-5.93581e-12 -2.42184e-22  3.67271e-10   2.4528e-21 -8.64537e-09 -9.19643e-21  1.20107e-07 -1.13889e-21 -1.13876e-06  1.49577e-19  7.92144e-06 -6.86864e-19 -4.21483e-05  1.71447e-18  0.000175906 -2.64693e-18 -0.000584246  2.33242e-18   0.00155396 -5.60936e-19  -0.00330466 -5.93492e-19   0.00555711 -1.58947e-18  -0.00719921   6.3916e-18   0.00678113 -8.05343e-18   -0.0039582 -1.70715e-20   0.00041762  1.83771e-17   0.00142396 -3.84818e-17  -0.00095401  4.73059e-17 -0.000179185 -3.78504e-17  0.000422785  1.66544e-17 -1.43327e-05  1.50826e-18 -0.000149382 -7.83089e-18  7.43282e-06  5.59162e-18  4.90779e-05 -2.11282e-18   3.6131e-06  2.33166e-19 -1.38336e-05  6.33412e-19 -4.16736e-06 -7.06912e-19  2.52442e-06  1.21377e-19   1.8234e-06  2.69886e-19  3.34634e-08 -1.18136e-19 -3.88773e-07 -7.89383e-20 -1.59906e-07  4.76469e-20  8.63479e-09  2.08118e-20  3.21312e-08  -1.4832e-20  1.25879e-08  -3.9932e-21  6.91276e-10  4.00907e-21 -1.44722e-09 -1.29374e-22  -7.3235e-10 -9.32018e-22 -1.55458e-10  3.45355e-22  9.43569e-12   3.1425e-22   1.8855e-11 -9.71929e-23  7.06917e-12 -1.20629e-22  1.42112e-12 -9.39066e-24  7.38568e-14  2.47223e-23 -5.82039e-14  1.12139e-23 -2.49054e-14 -6.55372e-26 -5.82139e-15 -1.59589e-24 -8.78709e-16 -5.36229e-25 -6.47106e-17 -2.17736e-27  7.80324e-18   6.0602e-26  3.71668e-18  2.06041e-26  7.47079e-19  7.18777e-28  1.02793e-19 -1.44337e-27  1.03005e-20 -5.07105e-28  7.11471e-22 -1.00298e-28  2.31821e-23 -1.68734e-29 -1.59746e-24 -2.68346e-30 -3.13431e-25 -3.55342e-31 -2.62537e-26 -4.07234e-32 -1.40758e-27 -4.12393e-33 -4.99043e-29 -2.91965e-34 -1.08832e-30 -1.15769e-35  -1.1635e-32 -1.80468e-37
 5.79542e-23 -2.64079e-11 -1.21725e-21  1.07432e-09  8.24138e-21 -2.14323e-08 -2.18227e-20   2.6883e-07 -2.59371e-20 -2.36358e-06  3.95589e-19   1.5459e-05 -1.47058e-18 -7.79477e-05  3.13342e-18   0.00030964 -4.07754e-18 -0.000980824  2.64879e-18    0.0024878  5.48223e-19  -0.00503322 -1.58947e-18    0.0080062 -3.10572e-18  -0.00969419  1.13481e-17   0.00829628 -1.48989e-17  -0.00396971  6.03843e-18   -0.0004763  1.49005e-17   0.00206494  -3.7461e-17 -0.000861273  4.70105e-17 -0.000512097 -3.66377e-17   0.00047523  1.48803e-17  0.000113444  2.01307e-18 -0.000179547 -6.49754e-18 -3.98889e-05  3.99114e-18  5.57678e-05 -1.67084e-18  2.02353e-05  5.98652e-19 -1.25274e-05  4.09259e-19 -8.73441e-06 -7.78773e-19  7.96306e-07  1.86316e-19  2.43197e-06  2.82436e-19  6.80588e-07 -1.28167e-19 -2.71149e-07 -8.00102e-20 -2.48353e-07   4.5362e-20 -5.31845e-08  2.04168e-20  2.05431e-08 -1.27992e-20  1.77129e-08 -3.22468e-21   4.8648e-09  3.03738e-21 -2.34295e-10 -5.54011e-22 -7.11246e-10 -6.81441e-22 -2.88744e-10   5.3653e-22 -5.30842e-11  3.00671e-22   3.9923e-12 -1.51703e-22  6.05496e-12 -1.35573e-22  2.14274e-12 -5.45994e-24   4.3407e-13  2.79536e-23  3.73646e-14  1.16899e-23 -8.79791e-15  6.87189e-26  -4.6157e-15 -1.40013e-24 -1.12896e-15  -4.6236e-25 -1.84653e-16 -9.75102e-28 -1.97315e-17  5.13021e-26 -7.28169e-19  1.67968e-26  2.15102e-19  3.41484e-28  5.83034e-20  -1.2454e-27  8.59404e-21 -4.25524e-28   8.9814e-22 -8.56324e-29  6.93966e-23  -1.4531e-29  3.84161e-24 -2.17963e-30  1.31329e-25  -2.6132e-31  6.90083e-28 -2.59627e-32 -1.98846e-28 -2.13922e-33 -1.12074e-29 -1.17266e-34   -2.746e-31 -3.19659e-36 -2.31629e-33
