   0.0947864 -2.10599e-17   -0.0541221  3.01341e-17   -0.0240127  2.03984e-17   0.00321511 -1.05185e-17   0.00541797 -1.68462e-18   0.00137703 -4.12152e-19 -0.000230222 -5.67152e-20 -0.000212416  8.58165e-20 -4.69271e-05  3.32534e-20  -3.1963e-06 -6.96693e-22  8.70621e-08
-2.10599e-17     0.131065 -4.78886e-17   -0.0275994  4.60296e-17   -0.0345027  2.18529e-17  -0.00291364 -5.15147e-18   0.00645254   -1.908e-18   0.00285941 -1.02556e-18  0.000135894 -2.53813e-19 -0.000232148  1.53273e-19 -7.16929e-05  5.38195e-20  -7.2292e-06 -8.67944e-24
  -0.0541221 -4.78886e-17    0.0992696 -6.01656e-17  -0.00504661   3.9512e-17   -0.0331847  1.70494e-17  -0.00808271   5.7574e-19   0.00550028 -8.13937e-19   0.00379862 -1.46683e-18  0.000688976 -3.56588e-19 -0.000102824  2.29276e-19 -5.45186e-05  6.06939e-20 -4.85087e-06
 3.01341e-17   -0.0275994 -6.01656e-17    0.0690798  -5.1059e-17   0.00356161  2.13361e-17   -0.0295229  1.03681e-17    -0.011525  3.48389e-18   0.00365937  -1.1215e-19   0.00404565 -1.97124e-18   0.00115717 -3.19019e-19  7.99755e-05  2.79204e-19 -1.57913e-05  4.63081e-20
  -0.0240127  4.60296e-17  -0.00504661  -5.1059e-17    0.0543865 -3.19463e-17   0.00697534  6.41164e-18   -0.0262451  5.02865e-18   -0.0139834   4.6472e-18   0.00131825 -7.03433e-19   0.00355735 -2.58258e-18   0.00131371 -2.31815e-19  0.000187169  2.53587e-19  6.05781e-06
 2.03984e-17   -0.0345027   3.9512e-17   0.00356161 -3.19463e-17    0.0470048  -1.5265e-17    0.0090883 -8.62743e-19    -0.023402  3.67647e-18   -0.0158523  5.39769e-18  -0.00134684 -2.30707e-18   0.00237223 -3.11553e-18   0.00105835 -1.96371e-19  0.000159006  1.36976e-19
  0.00321511  2.18529e-17   -0.0331847  2.13361e-17   0.00697534  -1.5265e-17    0.0427054 -5.93023e-18    0.0109016 -2.56775e-18   -0.0207037  6.77217e-18   -0.0171602  5.76164e-18  -0.00404092  -4.3515e-18  0.000770977 -3.49507e-18  0.000536623 -2.74764e-19  6.26234e-05
-1.05185e-17  -0.00291364  1.70494e-17   -0.0295229  6.41164e-18    0.0090883 -5.93023e-18    0.0402321 -4.19967e-18    0.0128618 -1.13108e-18    -0.017742  1.19229e-17     -0.01756  4.49214e-18    -0.006137 -6.78354e-18 -0.000642802 -3.78774e-18  8.60115e-05 -3.49639e-19
  0.00541797 -5.15147e-18  -0.00808271  1.03681e-17   -0.0262451 -8.62743e-19    0.0109016 -4.19967e-18    0.0391356 -8.48116e-18    0.0153787  1.82716e-18   -0.0138909  1.50295e-17   -0.0163151  2.46813e-21  -0.00676517 -9.61873e-18  -0.00124178 -3.73955e-18 -6.77935e-05
-1.68462e-18   0.00645254   5.7574e-19    -0.011525  5.02865e-18    -0.023402 -2.56775e-18    0.0128618 -8.48116e-18    0.0393458 -1.47876e-17    0.0189947  5.27211e-18  -0.00834396   1.2789e-17    -0.012687 -7.82245e-18   -0.0054637 -1.17272e-17 -0.000948224 -2.67393e-18
  0.00137703   -1.908e-18   0.00550028  3.48389e-18   -0.0139834  3.67647e-18   -0.0207037 -1.13108e-18    0.0153787 -1.47876e-17    0.0411045 -1.68202e-17    0.0243007  8.80654e-18 -0.000690037  4.73753e-18   -0.0069251 -1.61448e-17  -0.00293601 -1.09748e-17 -0.000348161
-4.12152e-19   0.00285941 -8.13937e-19   0.00365937   4.6472e-18   -0.0158523  6.77217e-18    -0.017742  1.82716e-18    0.0189947 -1.68202e-17    0.0447547 -9.33563e-18    0.0312357  1.16019e-17   0.00793523 -6.44269e-18 -0.000983804 -2.01693e-17 -0.000747474 -6.59812e-18
-0.000230222 -1.02556e-18   0.00379862  -1.1215e-19   0.00131825  5.39769e-18   -0.0171602  1.19229e-17   -0.0138909  5.27211e-18    0.0243007 -9.33563e-18    0.0499532  6.67113e-18    0.0378867  1.11039e-17      0.01441 -1.59676e-17   0.00253695 -1.69345e-17  0.000121915
-5.67152e-20  0.000135894 -1.46683e-18   0.00404565 -7.03433e-19  -0.00134684  5.76164e-18     -0.01756  1.50295e-17  -0.00834396  8.80654e-18    0.0312357  6.67113e-18    0.0544449  2.19335e-17    0.0403529  5.09512e-18    0.0155878 -1.90971e-17   0.00276677 -8.64333e-18
-0.000212416 -2.53813e-19  0.000688976 -1.97124e-18   0.00355735 -2.30707e-18  -0.00404092  4.49214e-18   -0.0163151   1.2789e-17 -0.000690037  1.16019e-17    0.0378867  2.19335e-17    0.0540454  2.52858e-17    0.0354163 -3.84729e-18    0.0114872 -1.45706e-17   0.00129503
 8.58165e-20 -0.000232148 -3.56588e-19   0.00115717 -2.58258e-18   0.00237223  -4.3515e-18    -0.006137  2.46813e-21    -0.012687  4.73753e-18   0.00793523  1.11039e-17    0.0403529  2.52858e-17    0.0455721   1.5102e-17    0.0242351 -9.11017e-18   0.00564196 -6.49816e-18
-4.69271e-05  1.53273e-19 -0.000102824 -3.19019e-19   0.00131371 -3.11553e-18  0.000770977 -6.78354e-18  -0.00676517 -7.82245e-18   -0.0069251 -6.44269e-18      0.01441  5.09512e-18    0.0354163   1.5102e-17    0.0306964   1.7532e-18    0.0121952 -7.57624e-18   0.00160887
 3.32534e-20 -7.16929e-05  2.29276e-19  7.99755e-05 -2.31815e-19   0.00105835 -3.49507e-18 -0.000642802 -9.61873e-18   -0.0054637 -1.61448e-17 -0.000983804 -1.59676e-17    0.0155878 -3.84729e-18    0.0242351   1.7532e-18    0.0155629 -4.39692e-18   0.00414922  -3.0474e-18
 -3.1963e-06  5.38195e-20 -5.45186e-05  2.79204e-19  0.000187169 -1.96371e-19  0.000536623 -3.78774e-18  -0.00124178 -1.17272e-17  -0.00293601 -2.01693e-17   0.00253695 -1.90971e-17    0.0114872 -9.11017e-18    0.0121952 -4.39692e-18    0.0055186 -3.35317e-18   0.00079994
-6.96693e-22  -7.2292e-06  6.06939e-20 -1.57913e-05  2.53587e-19  0.000159006 -2.74764e-19  8.60115e-05 -3.73955e-18 -0.000948224 -1.09748e-17 -0.000747474 -1.69345e-17   0.00276677 -1.45706e-17   0.00564196 -7.57624e-18   0.00414922 -3.35317e-18   0.00121285 -9.50288e-19
 8.70621e-08 -8.67944e-24 -4.85087e-06  4.63081e-20  6.05781e-06  1.36976e-19  6.26234e-05 -3.49639e-19 -6.77935e-05 -2.67393e-18 -0.000348161 -6.59812e-18  0.000121915 -8.64333e-18   0.00129503 -6.49816e-18   0.00160887  -3.0474e-18   0.00079994 -9.50288e-19  0.000123916
