 0.000352392 -1.67787e-19  -0.00194585  1.48977e-18   0.00259311 -2.78495e-18  -0.00049312  1.36988e-18 -0.000515671  2.78359e-19 -6.11237e-05 -2.61242e-19  3.21994e-05  4.38057e-20  1.34903e-05  6.12392e-20  2.17856e-06  -6.5363e-21  1.53936e-07 -3.17678e-21  2.78255e-09
-1.67787e-19   0.00317833 -1.01551e-18  -0.00906433  5.95925e-18   0.00716398 -7.16152e-18  0.000834428  5.43521e-19  -0.00117112  1.78408e-18 -0.000454138 -7.15301e-19  -4.3297e-05  2.91625e-19  1.07145e-05  9.08358e-20  3.28147e-06 -1.05096e-20  2.91273e-07  -1.7567e-21
 -0.00194585 -1.01551e-18    0.0132339 -3.61786e-18    -0.023608  1.51699e-17    0.0100033 -1.10084e-17   0.00506413 -3.45981e-18 -0.000624154  2.29869e-18 -0.000813189 -7.01495e-19 -0.000210677  5.29494e-19 -2.21273e-05  9.31329e-20 -2.90413e-07 -5.19884e-21  6.28604e-08
 1.48977e-18  -0.00906433 -3.61786e-18    0.0340211 -9.26415e-18   -0.0409167  2.87661e-17    0.0053678 -1.02591e-17   0.00982638 -9.24667e-18   0.00183477  1.46312e-19 -0.000446475 -4.78754e-19 -0.000246374  5.33321e-19 -4.20294e-05  7.01177e-20   -2.839e-06 -1.77045e-22
  0.00259311  5.95925e-18    -0.023608 -9.26415e-18    0.0612345 -1.87052e-17   -0.0509545  4.35353e-17   -0.0077038 -2.58716e-18    0.0104942 -1.35015e-17   0.00458924 -3.49635e-18  0.000579836 -6.36839e-19  -5.6828e-05  2.93314e-19 -2.13897e-05  3.16688e-20 -1.32493e-06
-2.78495e-18   0.00716398  1.51699e-17   -0.0409167 -1.87052e-17    0.0836911 -3.13295e-17   -0.0473496  5.45357e-17   -0.0234242  9.52262e-18   0.00492789 -1.36389e-17   0.00507142 -6.00254e-18   0.00129733 -1.04862e-18  0.000139286   2.7449e-20  4.07408e-06  4.51847e-21
 -0.00049312 -7.16152e-18    0.0100033  2.87661e-17   -0.0509545 -3.13295e-17    0.0932997 -4.45334e-17   -0.0324821  5.73244e-17   -0.0342854  1.99643e-17  -0.00425013 -1.00175e-17   0.00261523 -6.05241e-18   0.00105618 -1.16954e-18  0.000149154 -7.95849e-20  6.53094e-06
 1.36988e-18  0.000834428 -1.10084e-17    0.0053678  4.35353e-17   -0.0473496 -4.45334e-17    0.0917082 -5.42633e-17    -0.012986  5.01629e-17    -0.036036  2.34976e-17   -0.0118121 -5.41555e-18 -0.000799115 -4.38407e-18  0.000290637 -8.56552e-19  5.28815e-05 -5.22643e-20
-0.000515671  5.43521e-19   0.00506413 -1.02591e-17   -0.0077038  5.45357e-17   -0.0324821 -5.42633e-17    0.0865102 -5.76093e-17   0.00672058  3.49017e-17   -0.0284114  1.91156e-17   -0.0137473  -2.4078e-18    -0.002651 -2.47217e-18 -0.000198433 -4.15932e-19 -1.58049e-06
 2.78359e-19  -0.00117112 -3.45981e-18   0.00982638 -2.58716e-18   -0.0234242  5.73244e-17    -0.012986 -5.76093e-17    0.0839603 -5.53641e-17    0.0254009   1.5902e-17   -0.0142046  1.00133e-17  -0.00989617  -1.4822e-18  -0.00228169 -1.15897e-18 -0.000209624 -1.23666e-19
-6.11237e-05  1.78408e-18 -0.000624154 -9.24667e-18    0.0104942  9.52262e-18   -0.0342854  5.01629e-17   0.00672058 -5.53641e-17    0.0856284  -5.1119e-17    0.0416847 -1.69355e-18   0.00123867   1.1251e-18  -0.00374915 -1.47513e-18 -0.000976713 -4.67038e-19 -6.62736e-05
-2.61242e-19 -0.000454138  2.29869e-18   0.00183477 -1.35015e-17   0.00492789  1.99643e-17    -0.036036  3.49017e-17    0.0254009  -5.1119e-17    0.0885866 -4.72933e-17    0.0517933 -1.33421e-17    0.0117857 -3.90441e-18  0.000637873 -1.26553e-18 -0.000111193 -1.42056e-19
 3.21994e-05 -7.15301e-19 -0.000813189  1.46312e-19   0.00458924 -1.36389e-17  -0.00425013  2.34976e-17   -0.0284114   1.5902e-17    0.0416847 -4.72933e-17    0.0870715 -4.27071e-17     0.051546 -1.67938e-17    0.0142338 -4.56333e-18   0.00183659 -7.14521e-19  7.51589e-05
 4.38057e-20  -4.3297e-05 -7.01495e-19 -0.000446475 -3.49635e-18   0.00507142 -1.00175e-17   -0.0118121  1.91156e-17   -0.0142046 -1.69355e-18    0.0517933 -4.27071e-17     0.076121 -3.48086e-17    0.0408646  -1.3531e-17    0.0104873 -2.88192e-18   0.00116354 -2.28524e-19
 1.34903e-05  2.91625e-19 -0.000210677 -4.78754e-19  0.000579836 -6.00254e-18   0.00261523 -5.41555e-18   -0.0137473  1.00133e-17   0.00123867 -1.33421e-17     0.051546 -3.48086e-17    0.0560806 -2.37107e-17    0.0252685 -7.74684e-18    0.0052302 -1.13967e-18  0.000355923
 6.12392e-20  1.07145e-05  5.29494e-19 -0.000246374 -6.36839e-19   0.00129733 -6.05241e-18 -0.000799115  -2.4078e-18  -0.00989617   1.1251e-18    0.0117857 -1.67938e-17    0.0408646 -2.37107e-17      0.03333 -1.27456e-17    0.0118202 -3.14314e-18   0.00172504 -2.56733e-19
 2.17856e-06  9.08358e-20 -2.21273e-05  5.33321e-19  -5.6828e-05 -1.04862e-18   0.00105618 -4.38407e-18    -0.002651  -1.4822e-18  -0.00374915 -3.90441e-18    0.0142338  -1.3531e-17    0.0252685 -1.27456e-17    0.0153459 -5.15174e-18   0.00399793 -8.54875e-19   0.00032816
 -6.5363e-21  3.28147e-06  9.31329e-20 -4.20294e-05  2.93314e-19  0.000139286 -1.16954e-18  0.000290637 -2.47217e-18  -0.00228169 -1.47513e-18  0.000637873 -4.56333e-18    0.0104873 -7.74684e-18    0.0118202 -5.15174e-18   0.00522496 -1.47962e-18  0.000904964 -1.33564e-19
 1.53936e-07 -1.05096e-20 -2.90413e-07  7.01177e-20 -2.13897e-05   2.7449e-20  0.000149154 -8.56552e-19 -0.000198433 -1.15897e-18 -0.000976713 -1.26553e-18   0.00183659 -2.88192e-18    0.0052302 -3.14314e-18   0.00399793 -1.47962e-18   0.00123103 -2.75804e-19  0.000115253
-3.17678e-21  2.91273e-07 -5.19884e-21   -2.839e-06  3.16688e-20  4.07408e-06 -7.95849e-20  5.28815e-05 -4.15932e-19 -0.000209624 -4.67038e-19 -0.000111193 -7.14521e-19   0.00116354 -1.13967e-18   0.00172504 -8.54875e-19  0.000904964 -2.75804e-19  0.000178455 -2.73083e-20
 2.78255e-09  -1.7567e-21  6.28604e-08 -1.77045e-22 -1.32493e-06  4.51847e-21  6.53094e-06 -5.22643e-20 -1.58049e-06 -1.23666e-19 -6.62736e-05 -1.42056e-19  7.51589e-05 -2.28524e-19  0.000355923 -2.56733e-19   0.00032816 -1.33564e-19  0.000115253 -2.73083e-20   1.1956e-05
