 1.61759e-08 -3.54785e-22 -2.13329e-07  7.25836e-21  9.85041e-07 -4.48195e-20 -2.36973e-06  1.57833e-19  3.19496e-06 -3.70136e-19 -2.17707e-06  6.00488e-19  2.34027e-07 -6.70148e-19  5.42804e-07  5.10552e-19 -1.02673e-07  -3.0656e-19 -1.52749e-07  2.61848e-19 -8.94855e-10 -3.10778e-19  3.85776e-08   2.6141e-19  1.33105e-08  -1.0276e-19 -3.90954e-09 -2.36049e-20 -4.78177e-09  4.70218e-20 -1.42939e-09 -1.56807e-20  2.84145e-10 -7.80655e-21  4.41083e-10  8.16139e-21   1.8836e-10 -7.44055e-22  2.52331e-11 -1.81907e-21 -1.84807e-11   4.5618e-22 -1.49442e-11  3.08091e-22 -5.83633e-12 -6.57008e-23 -1.19878e-12 -6.09866e-23  1.15991e-13  7.02081e-24  2.24081e-13  1.12752e-23  1.13743e-13 -1.32057e-24  3.82984e-14 -2.10453e-24  9.00543e-15   8.9751e-26   1.0685e-15  4.32065e-25 -2.63915e-16  7.74554e-26 -2.26111e-16  -4.3612e-26  -9.1957e-17 -2.85497e-26 -2.80801e-17 -2.32667e-27 -7.01657e-18  3.24508e-27 -1.45729e-18  1.22423e-27 -2.43564e-19 -1.45237e-29 -2.81269e-20 -1.71076e-28 -1.45735e-22 -7.13015e-29  1.08838e-21 -8.41364e-30  3.96286e-22  4.96832e-30  9.95719e-23  3.33054e-30  2.06092e-23  1.21227e-30   3.7106e-24   3.4393e-31   5.9494e-25   8.9473e-32  8.59366e-26  2.44912e-32  1.12485e-26  7.09614e-33   1.3376e-27  2.00025e-33  1.44559e-28  5.16748e-34  1.41814e-29  1.17123e-34   1.2596e-30  2.25458e-35  1.00911e-31  3.66832e-36  7.25484e-33  5.10708e-37  4.64973e-34  6.09593e-38  2.63464e-35  6.15099e-39  1.30638e-36  5.17897e-40  5.60725e-38  3.61532e-41  2.05173e-39  2.06428e-42  6.20432e-41  9.35037e-44  1.49296e-42  3.20379e-45  2.77026e-44  7.71895e-47  3.82751e-46  1.13676e-48  2.92099e-48  6.64198e-51
-3.54785e-22  3.18849e-07  -4.1019e-21 -2.35933e-06  5.73742e-20  8.10481e-06 -2.84334e-19 -1.55085e-05  8.64078e-19  1.66163e-05 -1.80404e-18 -7.93325e-06  2.60512e-18 -1.37211e-06  -2.4972e-18  2.50762e-06  1.45584e-18  3.16794e-07 -5.07081e-19 -6.47086e-07  4.18521e-19 -2.18481e-07 -7.34935e-19  1.02527e-07  6.86179e-19   9.0812e-08 -2.70839e-19  1.27204e-08 -5.84546e-20 -1.51709e-08  1.20761e-19 -1.02509e-08 -4.79151e-20 -2.09287e-09 -1.24216e-20  9.48737e-10  1.89816e-20  9.35118e-10  -2.1858e-21  3.59609e-10 -4.55983e-21  4.52146e-11  1.07076e-21 -3.30479e-11  8.10058e-22 -2.65037e-11 -1.33021e-22 -1.07006e-11 -1.45255e-22 -2.58304e-12  1.66429e-23 -1.06777e-13  2.39683e-23  2.52181e-13 -6.02656e-24  1.53701e-13 -5.41189e-24  5.81251e-14  8.39602e-25  1.63009e-14  1.30839e-24  3.31058e-15  1.96747e-25  3.32538e-16 -1.37085e-25 -8.87724e-17  -7.9083e-26 -6.57165e-17 -4.81061e-27 -2.45838e-17  8.86365e-27 -7.05517e-18  2.90829e-27 -1.69525e-18 -3.24187e-28 -3.50916e-19 -5.77162e-28 -6.28459e-20 -2.14303e-28 -9.57406e-21 -1.87467e-29  -1.1701e-21  1.83523e-29  -9.1132e-23  1.14856e-29   3.7929e-24  4.24189e-30  3.37677e-24  1.26197e-30  8.63544e-25  3.47297e-31  1.62466e-25  9.54168e-32  2.55292e-26  2.58143e-32  3.49577e-27  6.58166e-33  4.24772e-28  1.53532e-33  4.61736e-29   3.1703e-34   4.5029e-30  5.62133e-35  3.93766e-31  8.49446e-36  3.07822e-32  1.10197e-36  2.13927e-33   1.2253e-37  1.31103e-34  1.14998e-38  7.00833e-36  8.97461e-40  3.22051e-37  5.76233e-41  1.24584e-38  2.98901e-42  3.93213e-40  1.20809e-43  9.66242e-42   3.5858e-45  1.72779e-43  7.07082e-47  1.95557e-45  7.39442e-49  8.91841e-48
-2.13329e-07  -4.1019e-21  3.06685e-06 -2.60346e-20 -1.55819e-05  2.71729e-19  4.18559e-05 -1.12666e-18 -6.47601e-05  3.05284e-18  5.44907e-05 -5.81903e-18 -1.51785e-05  7.60772e-18 -1.06171e-05 -6.30403e-18  5.85574e-06  2.64177e-18  3.07892e-06 -2.31176e-20 -1.18989e-06  1.24788e-19     -1.1e-06 -1.17442e-18 -3.31505e-08  1.23147e-18  2.63065e-07 -4.88401e-19  1.19715e-07 -7.75392e-20 -5.22509e-09  1.94284e-19 -2.92758e-08 -9.44806e-20 -1.43319e-08 -9.31032e-21 -1.91096e-09  3.25066e-20  1.69732e-09 -4.94144e-21  1.33194e-09 -8.30679e-21  4.83543e-10  1.74539e-21  6.55149e-11  1.45114e-21 -3.64812e-11 -1.47358e-22 -3.10986e-11 -2.05863e-22  -1.3208e-11  3.22402e-23 -3.65976e-12  2.78422e-23 -5.07669e-13 -1.90508e-23  1.23162e-13  -1.0083e-23  1.20106e-13  2.86463e-24  5.25627e-14  2.83211e-24  1.67984e-14  3.73215e-25  4.22775e-15 -2.85457e-25  8.17522e-16 -1.48124e-25  9.79313e-17 -5.38115e-27 -6.34254e-18  1.60781e-26 -8.33072e-18  3.91985e-27 -3.16924e-18 -1.54564e-27 -8.84123e-19 -1.42406e-27 -2.05575e-19 -4.61132e-28 -4.16079e-20  -2.3078e-29 -7.46643e-21  4.84494e-29 -1.19655e-21  2.84435e-29 -1.71283e-22  1.05621e-29 -2.17577e-23  3.22594e-30 -2.41276e-24  9.05846e-31  -2.2507e-25  2.43812e-31 -1.59624e-26  6.19035e-32 -5.07631e-28  1.45058e-32   7.8887e-29  3.09439e-33  1.96491e-29  5.86091e-34  2.71847e-30  9.59357e-35   2.9001e-31  1.34535e-35   2.5653e-32  1.62213e-36  1.92517e-33  1.67402e-37  1.23155e-34   1.4542e-38  6.68351e-36  1.04509e-39  3.03961e-37  6.12018e-41  1.13309e-38  2.85188e-42  3.33758e-40  1.01166e-43  7.34317e-42  2.53091e-45   1.0984e-43  3.86198e-47  8.92376e-46  2.33267e-49
 7.25836e-21 -2.35933e-06 -2.60346e-20    1.919e-05 -1.09406e-19 -7.32721e-05  8.92565e-19  0.000158745 -3.21371e-18 -0.000200082  8.05826e-18   0.00012813 -1.44114e-17 -7.73828e-06   1.7336e-17 -3.59568e-05  -1.2479e-17  5.59538e-06  3.35323e-18   1.0576e-05  1.83409e-18   1.8303e-07 -8.56556e-19 -2.81468e-06  -1.4924e-18 -9.74799e-07  1.70688e-18  3.31927e-07 -6.64309e-19  3.82748e-07 -4.54828e-20  1.05541e-07  2.21052e-19 -3.17926e-08 -1.48615e-19 -3.96552e-08  6.83117e-21 -1.56051e-08  4.79733e-20   -1.238e-09 -8.98081e-21  2.15045e-09 -1.27176e-20  1.48552e-09  1.96764e-21  5.29012e-10  1.98961e-21  8.46445e-11  6.58237e-24  -2.6721e-11 -1.38265e-22 -2.71979e-11  6.40575e-23 -1.23788e-11  7.60531e-24 -3.84838e-12  -4.6521e-23 -7.94602e-13 -1.64277e-23 -4.34028e-14  6.26108e-24  5.14863e-14  4.94413e-24  3.04367e-14    6.213e-25  1.11963e-14 -4.41462e-25  3.22075e-15  -2.0864e-25  7.63499e-16 -1.09992e-27  1.48811e-16  2.07564e-26  2.23287e-17  1.43522e-27  1.83154e-18 -4.71285e-27 -2.78697e-19 -2.94143e-27 -1.78719e-19 -8.23833e-28 -5.38117e-20 -6.61036e-30 -1.24693e-20  1.04223e-28 -2.45209e-21  5.78539e-29 -4.24403e-22  2.14002e-29 -6.57549e-23  6.58429e-30 -9.19822e-24  1.84111e-30 -1.16657e-24  4.78939e-31 -1.34333e-25    1.144e-31 -1.40391e-26  2.48594e-32 -1.32908e-27  4.88907e-33 -1.13609e-28  8.53559e-34 -8.72904e-30  1.29195e-34 -5.99302e-31  1.67995e-35 -3.64931e-32  1.87786e-36 -1.95296e-33  1.79194e-37 -9.08186e-35  1.43345e-38 -3.61618e-36  9.42134e-40 -1.20706e-37  4.98598e-41 -3.28872e-39  2.06041e-42 -7.07454e-41  6.28694e-44 -1.13555e-42  1.27779e-45 -1.15934e-44  1.37389e-47  -4.8088e-47
 9.85041e-07  5.73742e-20 -1.55819e-05 -1.09406e-19  8.78727e-05 -3.24038e-19 -0.000265528   2.1113e-18  0.000473323 -6.90723e-18  -0.00048548  1.68761e-17  0.000220451 -2.92268e-17  5.08522e-05  3.28116e-17 -7.82887e-05 -2.05326e-17 -1.12425e-05  2.64334e-18  2.18255e-05  5.23708e-18  7.34854e-06   -2.258e-18 -3.94505e-06 -1.66666e-18 -3.31746e-06  1.87297e-18 -3.36018e-07 -6.78008e-19  6.62593e-07  6.05898e-20  4.04065e-07  1.65118e-19   6.1434e-08 -2.05982e-19 -5.33191e-08  3.72458e-20  -4.2718e-08  6.58265e-20 -1.44004e-08 -1.26812e-20 -6.28934e-10 -1.74226e-20  2.12865e-09  7.83563e-22  1.37649e-09  2.03643e-21  4.95242e-10  4.56876e-22  9.59187e-11  1.87919e-22 -1.02627e-11  1.37322e-22 -1.79947e-11 -4.42974e-23 -9.06393e-12 -9.23499e-23 -3.11604e-12 -2.57538e-23 -7.92898e-13  9.89109e-24 -1.33661e-13  7.16498e-24 -1.69278e-15  9.41191e-25  9.52752e-15 -5.11381e-25  4.70237e-15 -2.19851e-25   1.5618e-15  7.44021e-27   4.1848e-16  1.49419e-26  9.52453e-17 -8.79649e-27  1.86917e-17 -1.11262e-26   3.1417e-18  -5.3526e-27    4.359e-19 -1.30067e-27  4.39594e-20  4.59378e-29  1.14617e-21  1.92117e-28 -8.41299e-22  1.01519e-28 -2.75334e-22  3.70755e-29 -5.82994e-23  1.13154e-29 -9.98802e-24  3.10024e-30 -1.47288e-24  7.73297e-31 -1.91658e-25  1.73995e-31 -2.22551e-26  3.52485e-32 -2.31687e-27  6.42502e-33 -2.16416e-28  1.03753e-33 -1.81023e-29  1.45376e-34 -1.35002e-30  1.75108e-35 -8.91636e-32  1.81001e-36 -5.16643e-33  1.59089e-37 -2.59291e-34  1.16556e-38 -1.10727e-35  6.95332e-40  -3.9234e-37    3.291e-41 -1.11298e-38  1.18759e-42 -2.39092e-40  3.03709e-44 -3.51863e-42  4.74888e-46 -2.80937e-44  2.93197e-48
-4.48195e-20  8.10481e-06  2.71729e-19 -7.32721e-05 -3.24038e-19  0.000314107 -6.66473e-19 -0.000776662  3.42618e-18   0.00115338 -1.11254e-17 -0.000951943  2.89706e-17  0.000255015 -5.04774e-17  0.000204423  5.34438e-17 -0.000114265 -2.88609e-17 -6.07876e-05 -2.21118e-19  2.68626e-05   9.4763e-18  2.32533e-05 -3.31068e-18  -5.3966e-07 -1.79402e-18 -6.43403e-06  1.56435e-18 -2.56526e-06 -4.46971e-19  4.00281e-07  2.40781e-19  8.10029e-07  1.86369e-20  3.40355e-07 -2.67656e-19  1.41464e-08  7.66387e-20 -6.17652e-08  8.81495e-20 -3.90105e-08 -1.23429e-20 -1.18833e-08 -2.20807e-20  -3.7449e-10 -3.02327e-21  1.71242e-09  1.09247e-21  1.08627e-09  1.25174e-21  4.03132e-10  8.76244e-22  9.28736e-11  2.95349e-22  3.93684e-12 -1.14517e-22 -8.43694e-12 -1.53172e-22 -5.11753e-12 -3.99055e-23 -1.95044e-12  1.12897e-23 -5.67194e-13  8.54011e-24 -1.28537e-13  1.26549e-24 -2.05678e-14 -4.04176e-25 -9.20664e-16 -1.54625e-25  8.69666e-16   8.3225e-27  4.34252e-16 -1.34926e-26  1.37687e-16 -3.18116e-26  3.50804e-17 -2.20474e-26  7.66282e-18 -8.81249e-27  1.47249e-18 -1.87919e-27  2.51584e-19  1.42259e-28   3.8301e-20    3.113e-28  5.16901e-21  1.57311e-28  6.09247e-22  5.62802e-29   6.0578e-23  1.68403e-29   4.6267e-24  4.47313e-30  1.72073e-25   1.0647e-30 -2.21201e-26  2.25826e-31 -6.25599e-27  4.27862e-32 -9.34444e-28  7.25303e-33 -1.07006e-28  1.08584e-33 -1.01652e-29  1.40924e-34 -8.21812e-31   1.5705e-35 -5.69291e-32  1.49708e-36 -3.36917e-33  1.20702e-37 -1.68604e-34  8.05123e-39 -7.00655e-36  4.32306e-40 -2.35091e-37   1.8077e-41 -6.09845e-39   5.5878e-43 -1.13849e-40  1.15562e-44  -1.3234e-42  1.26723e-46 -6.17509e-45
-2.36973e-06 -2.84334e-19  4.18559e-05  8.92565e-19 -0.000265528 -6.66473e-19  0.000913176 -7.68129e-19  -0.00189085   2.5527e-18   0.00235451 -1.21588e-17  -0.00152245  4.16233e-17  9.23986e-05 -7.64504e-17  0.000464535  7.66573e-17 -8.81253e-05 -3.49859e-17 -0.000146135 -5.35946e-18  5.73056e-06  1.31797e-17  4.40485e-05 -3.20743e-18  1.23863e-05 -1.99284e-18 -7.23416e-06   7.9518e-19 -6.38775e-06  3.01039e-20 -1.25063e-06   4.7338e-19  8.85362e-07 -1.98071e-19  7.66471e-07 -3.40965e-19  2.41215e-07  1.13729e-19 -1.74009e-08  1.18358e-19 -5.73595e-08 -2.79812e-21 -3.13497e-08  -2.6211e-20 -9.08082e-09  -1.0468e-20 -4.19422e-10 -1.37662e-21  1.12623e-09  2.24988e-21  7.33645e-10  1.93851e-21  2.84842e-10  5.91253e-22  7.56115e-11 -1.62362e-22  1.07444e-11 -2.14168e-22 -1.93736e-12 -5.92577e-23 -2.08032e-12  7.69331e-24  -9.1959e-13  7.93141e-24 -2.98369e-13   1.4296e-24 -7.82297e-14 -1.10013e-25 -1.68302e-14 -3.85253e-26 -2.84815e-15 -3.02522e-26 -3.06515e-16 -8.04944e-26  1.46511e-17 -7.24915e-26  1.94644e-17 -3.83526e-26  6.71205e-18 -1.33524e-26   1.6919e-18 -2.54209e-27  3.56101e-19  2.74355e-28  6.54758e-20  4.49775e-28  1.07325e-20   2.1801e-28   1.5843e-21  7.59306e-29  2.11674e-22  2.20876e-29  2.56473e-23  5.64839e-30  2.81781e-24  1.27911e-30  2.80231e-25   2.5584e-31  2.51459e-26  4.54202e-32  2.02656e-27  7.17581e-33  1.45792e-28  9.97356e-34  9.28928e-30  1.19897e-34  5.19048e-31  1.23437e-35  2.51183e-32  1.08193e-36  1.03593e-33  7.96555e-38  3.56566e-35  4.80552e-39  9.97503e-37  2.29998e-40  2.19138e-38  8.37212e-42  3.58861e-40  2.16162e-43    3.975e-42  3.42637e-45  2.41084e-44  2.14912e-47
 1.57833e-19 -1.55085e-05 -1.12666e-18  0.000158745   2.1113e-18 -0.000776662 -7.68129e-19   0.00222169  5.50985e-19   -0.0039174 -5.40292e-18   0.00409353 -3.83924e-18  -0.00195986  5.09027e-17 -0.000415102 -1.04099e-16  0.000763415  9.83353e-17  6.95578e-05 -3.63338e-17 -0.000238142 -1.20601e-17   -6.169e-05  1.50099e-17  5.46439e-05 -1.69619e-18  3.61321e-05 -2.32541e-18 -6.12617e-07 -2.22405e-19 -9.83305e-06  6.90733e-19  -4.6959e-06  7.28511e-19  -1.0138e-07 -4.50728e-19  1.02355e-06 -4.39515e-19  6.11319e-07  1.34447e-19  1.49933e-07   1.6001e-19 -2.90118e-08  2.10465e-20  -4.5217e-08 -2.88724e-20 -2.26494e-08 -2.17935e-20 -6.53156e-09 -5.82329e-21 -5.48993e-10  3.06144e-21  5.87552e-10  3.24487e-21  4.19196e-10  1.06541e-21  1.72448e-10 -1.26979e-22  5.11764e-11 -2.48709e-22  1.06166e-11 -7.98525e-23    8.841e-13 -1.94978e-24 -4.55806e-13  4.69223e-24 -2.98968e-13  1.23473e-24 -1.12193e-13  2.45099e-25 -3.27757e-14  2.48095e-26  -8.0157e-15 -1.62139e-25 -1.67733e-15 -2.03774e-25 -2.99201e-16 -1.34426e-25 -4.39225e-17 -6.02357e-26 -4.67793e-18  -1.8849e-26 -1.29407e-19 -3.27413e-27  9.90444e-20  4.14193e-28  3.41365e-20  5.84128e-28  7.60468e-21  2.72282e-28  1.37057e-21  9.19043e-29  2.12676e-22  2.58381e-29  2.91397e-23  6.33264e-30  3.56649e-24   1.3618e-30  3.91916e-25  2.56885e-31  3.87169e-26  4.27783e-32  3.43376e-27  6.30621e-33   2.7242e-28  8.14257e-34  1.92226e-29  9.06247e-35  1.19662e-30  8.60301e-36   6.4988e-32   6.9104e-37  3.03303e-33  4.62228e-38  1.19133e-34  2.50297e-39  3.82377e-36  1.05557e-40  9.59329e-38  3.28305e-42  1.74704e-39  6.83618e-44  1.99548e-41  7.57603e-46  9.23048e-44
 3.19496e-06  8.64078e-19 -6.47601e-05 -3.21371e-18  0.000473323  3.42618e-18  -0.00189085  5.50985e-19   0.00462069   5.5721e-18  -0.00702421 -2.73052e-17   0.00612466  1.99467e-17   -0.0019041    5.416e-17  -0.00131975 -1.30256e-16  0.000941038  1.13868e-16  0.000395062 -3.13408e-17 -0.000271365 -1.87855e-17 -0.000176924  1.43888e-17   3.1953e-05  6.55428e-19   6.2999e-05 -2.82721e-18  1.73652e-05 -1.17091e-18 -8.77061e-06  1.46823e-18  -8.8974e-06  9.91239e-19 -2.66934e-06 -7.07698e-19  5.49618e-07 -5.81321e-19  9.07924e-07  1.25682e-19  4.31195e-07   2.1484e-19  8.56844e-08  6.23979e-20 -2.64173e-08 -2.84268e-20 -3.10342e-08 -3.60774e-20  -1.4843e-08 -1.24759e-20 -4.41043e-09  3.09434e-21 -5.93244e-10  4.51609e-21  2.16544e-10  1.71495e-21  1.96201e-10  5.16438e-23  8.73901e-11  -2.2342e-22  2.84037e-11 -9.13235e-23  7.12139e-12 -1.48941e-23  1.28783e-12 -5.24501e-25  9.53349e-14  6.18818e-25 -4.41106e-14  4.23029e-25 -2.63256e-14 -1.30626e-25 -9.07862e-15 -4.51493e-25 -2.46533e-15 -3.97756e-25 -5.68827e-16 -2.18486e-25 -1.14794e-16  -8.6966e-26 -2.04963e-17 -2.50111e-26 -3.24294e-18 -4.06424e-27  -4.5132e-19  5.17669e-28 -5.40983e-20  6.84766e-28 -5.29793e-21  3.07966e-28 -3.55963e-22  1.00457e-28  8.87654e-25  2.71913e-29  5.30447e-24  6.36854e-30  1.10483e-24   1.2989e-30  1.58648e-25  2.31069e-31  1.84446e-26  3.61095e-32   1.8193e-27  4.96932e-33  1.54771e-28  5.96078e-34  1.13995e-29  6.13584e-35  7.24379e-31  5.35834e-36  3.93428e-32  3.92922e-37  1.79829e-33   2.3738e-38  6.75829e-35  1.14347e-39   2.0166e-36  4.18938e-41  4.51819e-38  1.08622e-42  6.87542e-40  1.72983e-44  5.64303e-42   1.0938e-46
-3.70136e-19  1.66163e-05  3.05284e-18 -0.000200082 -6.90723e-18   0.00115338   2.5527e-18   -0.0039174   5.5721e-18   0.00835441   1.7335e-17   -0.0110496 -6.92451e-17   0.00792266  6.11881e-17  -0.00101866  5.23733e-17  -0.00248756 -1.52436e-16  0.000796537  1.19317e-16  0.000843088 -2.04119e-17 -0.000167882 -2.34548e-17  -0.00030758  1.18389e-17 -4.23104e-05  2.72402e-18  7.53361e-05 -3.60277e-18  4.48442e-05 -1.78665e-18  1.21288e-06  2.34021e-18 -1.09792e-05  1.28042e-18 -6.37831e-06 -9.47543e-19  -1.1259e-06 -7.83066e-19  7.35412e-07  7.80366e-20  6.82619e-07  2.80723e-19  2.78131e-07  1.21242e-19  4.79222e-08 -2.26435e-20 -1.78209e-08 -5.12495e-20  -1.8682e-08 -2.12157e-20 -8.80427e-09  1.70725e-21 -2.74839e-09  5.36869e-21 -5.10412e-10  2.46907e-21  2.59805e-11   4.0575e-22  6.95885e-11 -1.07584e-22  3.56024e-11 -7.73004e-23  1.26342e-11 -2.37068e-23  3.55301e-12 -5.28653e-24  8.10661e-13 -1.41244e-25  1.43871e-13  1.86729e-25  1.57511e-14 -6.68727e-25 -1.09644e-15 -9.45899e-25 -1.23455e-15 -6.65617e-25 -4.37458e-16 -3.21179e-25 -1.14536e-16  -1.1669e-25 -2.50918e-17 -3.13717e-26 -4.80273e-18 -4.89505e-27 -8.19043e-19  5.38928e-28 -1.25665e-19  7.25693e-28 -1.74279e-20  3.16437e-28 -2.18813e-21  9.96396e-29 -2.48541e-22  2.59068e-29 -2.54739e-23  5.78808e-30 -2.34543e-24  1.11872e-30 -1.92708e-25  1.87644e-31 -1.39977e-26  2.75172e-32 -8.86934e-28  3.53485e-33 -4.80586e-29  3.93675e-34 -2.15592e-30  3.74212e-35 -7.52296e-32  2.99761e-36 -1.72478e-33  1.99755e-37 -4.59324e-36  1.08243e-38  1.63631e-36  4.58815e-40  7.92398e-38  1.43419e-41  2.01347e-39  2.99461e-43  2.80006e-41  3.32891e-45  1.45135e-43
-2.17707e-06 -1.80404e-18  5.44907e-05  8.05826e-18  -0.00048548 -1.11254e-17   0.00235451 -5.40292e-18  -0.00702421   1.7335e-17    0.0133165  3.84509e-17   -0.0154245 -1.32683e-16   0.00883366    1.147e-16  0.000820003  5.03597e-17  -0.00359488 -1.68625e-16  0.000188668   1.1232e-16   0.00127475 -6.19501e-18  0.000118563 -2.40437e-17 -0.000389837  8.80742e-18 -0.000165568  3.43612e-18  5.20834e-05 -4.87113e-18   7.1507e-05 -1.99468e-18  2.14253e-05  3.32633e-18 -7.21694e-06  1.64627e-18 -9.42174e-06 -1.15546e-18 -3.86809e-06 -1.05116e-18 -2.61311e-07 -1.24542e-20  6.44795e-07  3.50911e-19  4.54838e-07  1.94032e-19  1.68065e-07 -9.22752e-21  2.79176e-08 -6.45609e-20 -9.24707e-09 -3.15279e-20  -9.7912e-09 -1.58946e-21 -4.66903e-09  5.40051e-21 -1.54169e-09  3.18422e-21 -3.54431e-10  9.19352e-22 -3.67218e-11  1.16498e-22  1.41692e-11 -1.89732e-23   1.0703e-11 -1.74691e-23  4.30649e-12 -5.64389e-24  1.32765e-12 -3.31352e-25  3.39451e-13 -5.47474e-25  7.35642e-14 -1.66179e-24  1.33984e-14 -1.64379e-24  1.94611e-15 -9.91226e-25  1.81532e-16 -4.33395e-25 -7.32132e-18 -1.46371e-25 -8.63679e-18 -3.72886e-26 -2.59849e-18  -5.7212e-27 -5.70676e-19  4.50662e-28 -1.04477e-19  6.94677e-28 -1.66704e-20  2.95902e-28 -2.36398e-21  8.99852e-29  -3.0073e-22  2.24513e-29 -3.44633e-23  4.78022e-30 -3.56145e-24  8.75075e-31 -3.31468e-25  1.38344e-31 -2.76963e-26  1.90309e-32 -2.06717e-27  2.28069e-33  -1.3684e-28  2.35562e-34 -7.95686e-30  2.06334e-35 -4.01175e-31  1.51075e-36 -1.72324e-32  9.09901e-38 -6.15359e-34  4.38532e-39 -1.76231e-35  1.61358e-40 -3.82504e-37  4.20066e-42 -5.68878e-39  6.70172e-44 -4.60438e-41  4.24589e-46
 6.00488e-19 -7.93325e-06 -5.81903e-18   0.00012813  1.68761e-17 -0.000951943 -1.21588e-17   0.00409353 -2.73052e-17   -0.0110496  3.84509e-17    0.0189456  6.95222e-17   -0.0193008 -2.11887e-16   0.00834111   1.6857e-16   0.00340857  5.44037e-17  -0.00423619 -1.76582e-16 -0.000872704  9.26032e-17   0.00150016  7.09426e-18  0.000564119 -1.93561e-17 -0.000352601  7.10409e-18 -0.000306022  2.32304e-18 -1.93368e-05 -6.88621e-18  8.08141e-05 -1.93894e-18  4.72558e-05  4.44043e-18  4.73078e-06  2.14171e-18 -9.10563e-06 -1.31651e-18 -6.61427e-06 -1.37418e-18 -2.06489e-06 -1.43058e-19  8.34373e-08  4.15514e-19  4.56502e-07  2.74598e-19  2.74789e-07  1.34449e-20  9.64271e-08 -7.33083e-20  1.72152e-08 -4.25536e-20 -3.38425e-09 -6.96779e-21 -4.35801e-09  4.28784e-21 -2.16481e-09  3.66646e-21 -7.56717e-10  1.52462e-21 -2.00153e-10  4.46305e-22  -3.7164e-11  9.90293e-23 -2.27295e-12  1.50013e-23  1.74854e-12  2.78235e-24  1.00514e-12  1.08487e-24  3.53939e-13 -1.60499e-24  9.89266e-14 -3.02182e-24  2.34951e-14 -2.47329e-24  4.86475e-15 -1.33587e-24  8.85549e-16 -5.40647e-25  1.41263e-16 -1.72047e-25  1.94061e-17 -4.19913e-26  2.18955e-18 -6.45171e-27  1.73774e-19  2.59965e-28  1.32433e-21  5.98554e-28 -2.89754e-21  2.51945e-28  -7.2017e-22  7.41588e-29 -1.20811e-22  1.77564e-29 -1.64082e-23  3.60159e-30 -1.90112e-24  6.24237e-31 -1.91661e-25  9.29763e-32 -1.69288e-26  1.19898e-32 -1.31008e-27  1.33913e-33 -8.84055e-29  1.28061e-34 -5.15519e-30  1.03079e-35 -2.56215e-31  6.86875e-37 -1.06388e-32  3.71432e-38 -3.58506e-34  1.57566e-39 -9.37934e-36  4.94488e-41 -1.76956e-37  1.03616e-42  -2.0819e-39   1.1533e-44 -9.86515e-42
 2.34027e-07  2.60512e-18 -1.51785e-05 -1.44114e-17  0.000220451  2.89706e-17  -0.00152245 -3.83924e-18   0.00612466 -6.92451e-17   -0.0154245  6.95222e-17    0.0243401   1.0816e-16   -0.0218542 -2.94756e-16   0.00629937  2.08329e-16   0.00625967  6.88742e-17  -0.00408953 -1.73636e-16  -0.00220287  6.20991e-17   0.00135665  1.50731e-17   0.00106781 -9.61231e-18 -0.000151898  8.21063e-18 -0.000409433 -2.86337e-19 -0.000132474 -9.76703e-18  5.71202e-05 -1.89103e-18  6.81994e-05  5.63815e-18  2.35534e-05  2.78205e-18  -3.2196e-06 -1.41553e-18  -7.5984e-06 -1.72255e-18 -4.06865e-06 -3.03818e-19 -1.00853e-06  4.64987e-19  1.46373e-07  3.56009e-19  2.77006e-07  4.57932e-20  1.51895e-07 -7.54864e-20  5.25209e-08 -5.32198e-20  1.07161e-08 -1.42089e-20 -4.36665e-10  1.86698e-21 -1.55652e-09  3.71871e-21 -8.46975e-10  2.11838e-21 -3.14708e-10  8.57872e-22 -9.15211e-11   2.8256e-22 -2.11874e-11  8.10319e-23 -3.63857e-12  2.32328e-23   -2.913e-13  5.13638e-24  9.06255e-14 -2.56515e-24  5.55142e-14 -4.49456e-24  1.85124e-14 -3.29757e-24  4.82982e-15 -1.64378e-24  1.07204e-15 -6.25581e-25   2.0916e-16 -1.89564e-25  3.64226e-17 -4.47115e-26  5.70265e-18 -6.95672e-27  8.05018e-19  9.50934e-30  1.02413e-19   4.6069e-28  1.17015e-20  1.95139e-28  1.19268e-21   5.5831e-29   1.0719e-22  1.28438e-29  8.32448e-24  2.48229e-30   5.3717e-25  4.07271e-31  2.61475e-26  5.71188e-32  6.18416e-28  6.89854e-33 -4.35023e-29  7.17069e-34 -7.21715e-30  6.33511e-35 -5.87751e-31   4.6698e-36 -3.42312e-32  2.81702e-37 -1.51612e-33  1.35657e-38  -5.0914e-35  4.99858e-40 -1.24465e-36  1.30657e-41 -2.01995e-38  2.09158e-43 -1.73677e-40  1.32661e-45
-6.70148e-19 -1.37211e-06  7.60772e-18 -7.73828e-06 -2.92268e-17  0.000255015  4.16233e-17  -0.00195986  1.99467e-17   0.00792266 -1.32683e-16   -0.0193008   1.0816e-16    0.0285696  1.49417e-16   -0.0226002 -3.67025e-16    0.0029979  2.22514e-16   0.00878126  9.40556e-17  -0.00304642 -1.57506e-16  -0.00350183  2.46547e-17  0.000779628  1.47149e-17   0.00148228  3.49679e-18  0.000203487  1.27288e-17 -0.000419116 -3.48992e-18 -0.000259326 -1.33491e-17  -5.7511e-06 -2.09231e-18  7.14423e-05  6.80266e-18  4.35118e-05  3.51767e-18  8.36895e-06 -1.44653e-18 -5.16183e-06 -2.05771e-18 -5.18988e-06 -4.78942e-19 -2.28416e-06  4.93849e-19 -4.74539e-07  4.32658e-19  1.05096e-07  8.69965e-20  1.46708e-07 -7.00935e-20  7.66213e-08 -6.23844e-20  2.67759e-08 -2.27254e-20  6.28352e-09 -1.81247e-21  5.26721e-10  3.20187e-21 -3.80061e-10  2.59373e-21 -2.62625e-10  1.31116e-21 -1.06249e-10  5.24166e-22 -3.32686e-11  1.80776e-22 -8.60343e-12  5.64065e-23 -1.85875e-12  1.24238e-23 -3.25927e-13  -2.8988e-24 -4.08686e-14 -5.72818e-24 -1.17043e-15 -3.94992e-24  1.27312e-15 -1.85633e-24  5.07534e-16 -6.72432e-25   1.3223e-16  -1.9564e-25  2.79464e-17 -4.48848e-26  5.09595e-18 -7.10566e-27   8.2262e-19 -2.38149e-28  1.19033e-19  3.11931e-28  1.55354e-20   1.3709e-28  1.83368e-21  3.83926e-29  1.95799e-22   8.5058e-30  1.88866e-23  1.56758e-30  1.64077e-24  2.43461e-31  1.27795e-25  3.21317e-32  8.86811e-27  3.63034e-33   5.4371e-28  3.50558e-34  2.91285e-29  2.85331e-35  1.34353e-30  1.91794e-36  5.22776e-32  1.04059e-37  1.66681e-33  4.41702e-39  4.16679e-35  1.38942e-40  7.58869e-37   2.9244e-42  8.71149e-39  3.26664e-44  4.07327e-41
 5.42804e-07  -2.4972e-18 -1.06171e-05   1.7336e-17  5.08522e-05 -5.04774e-17  9.23986e-05  5.09027e-17   -0.0019041  6.11881e-17   0.00883366 -2.11887e-16   -0.0218542  1.49417e-16    0.0310188  1.87593e-16   -0.0215497 -4.17595e-16 -0.000971281  2.06589e-16     0.010489  1.26285e-16  -0.00124106 -1.27653e-16  -0.00446133 -1.47056e-17 -0.000170183  5.35155e-18   0.00166594  1.73624e-17  0.000648697  2.01567e-17 -0.000299278 -6.27352e-18 -0.000358007 -1.71574e-17 -9.91003e-05 -2.61669e-18  4.75539e-05  7.78202e-18  5.59628e-05  4.23802e-18  2.28606e-05 -1.42504e-18  1.21969e-06 -2.34737e-18 -4.34284e-06 -6.50886e-19 -3.11192e-06  5.02447e-19 -1.20447e-06  5.01587e-19 -2.28915e-07  1.35406e-19   5.1456e-08 -5.70372e-20  6.75163e-08  -6.8941e-20  3.47907e-08  -3.1641e-20  1.24655e-08 -6.46167e-21  3.28566e-09  2.09412e-21  5.50898e-10  2.87619e-21  -1.3311e-11   1.7604e-21  -5.5118e-11  8.03367e-22 -2.69806e-11  3.06153e-22 -9.22272e-12  9.98444e-23 -2.56721e-12  2.27971e-23 -6.10147e-13 -2.17204e-24 -1.25835e-13 -6.39034e-24 -2.24994e-14 -4.28588e-24 -3.41985e-15    -1.93e-24 -4.15947e-16 -6.71838e-25 -3.20453e-17 -1.88907e-25  1.37139e-18 -4.23513e-26   1.1737e-18 -6.82105e-27  2.93692e-19  -4.2512e-28  5.38436e-20   1.7978e-28  8.19642e-21   8.6843e-29  1.07978e-21  2.40755e-29  1.25222e-22  5.15706e-30   1.2872e-23  9.07605e-31  1.17439e-24  1.33461e-31  9.48715e-26  1.65648e-32  6.74853e-27  1.74837e-33  4.19036e-28  1.56493e-34  2.24316e-29   1.1695e-35  1.01742e-30  7.13113e-37  3.81527e-32  3.45176e-38  1.14107e-33  1.27469e-39  2.57204e-35  3.34344e-41  3.95091e-37  5.37964e-43  3.28494e-39   3.4258e-45
 5.10552e-19  2.50762e-06 -6.30403e-18 -3.59568e-05  3.28116e-17  0.000204423 -7.64504e-17 -0.000415102    5.416e-17  -0.00101866    1.147e-16   0.00834111 -2.94756e-16   -0.0226002  1.87593e-16    0.0315779  2.18425e-16   -0.0191371  -4.4208e-16  -0.00495114  1.63575e-16    0.0111429  1.59812e-16    0.0010204 -8.62324e-17  -0.00486251 -5.08394e-17  -0.00133076 -1.12004e-17    0.0015304  2.93442e-17   0.00108218   2.9048e-17 -5.05787e-05 -7.94423e-18 -0.000387145 -2.05236e-17 -0.000200075 -3.31924e-18 -4.46944e-06  8.45707e-18  5.27052e-05  4.80719e-18  3.50539e-05 -1.39272e-18  1.02726e-05 -2.57904e-18 -1.06093e-06 -8.06172e-19 -2.85165e-06  4.95618e-19 -1.69173e-06  5.62406e-19 -6.07245e-07  1.89034e-19 -1.17459e-07 -3.68223e-20  1.63447e-08 -7.18774e-20  2.62992e-08 -3.98856e-20  1.38677e-08 -1.15527e-20  5.13612e-09    5.302e-22  1.47544e-09  2.95193e-21  3.24025e-10  2.16618e-21  4.49692e-11  1.09122e-21 -2.14182e-12  4.42571e-22 -4.11779e-12   1.4839e-22 -1.75541e-12  3.52838e-23 -5.38699e-13 -2.22629e-25 -1.36785e-13 -6.28264e-24 -3.01084e-14 -4.23041e-24  -5.8625e-15 -1.85035e-24 -1.01897e-15 -6.23917e-25  -1.5852e-16 -1.70431e-25   -2.202e-17 -3.74522e-26 -2.70924e-18 -6.11803e-27 -2.90212e-19 -5.18662e-28   -2.609e-20  8.08222e-29 -1.78742e-21  4.90556e-29  -5.8397e-23   1.3718e-29  6.92745e-24  2.85884e-30  1.69158e-24  4.81596e-31  2.17307e-25  6.70842e-32  2.10844e-26   7.8253e-33  1.66428e-27  7.70356e-34  1.09103e-28  6.37456e-35  5.94138e-30   4.3559e-36  2.65464e-31  2.39398e-37  9.49501e-33  1.02337e-38  2.60807e-34  3.23177e-40  5.11958e-36  6.83466e-42   6.2188e-38  7.68031e-44  3.02213e-40
-1.02673e-07  1.45584e-18  5.85574e-06  -1.2479e-17 -7.82887e-05  5.34438e-17  0.000464535 -1.04099e-16  -0.00131975  5.23733e-17  0.000820003   1.6857e-16   0.00629937 -3.67025e-16   -0.0215497  2.18425e-16    0.0305975  2.40438e-16   -0.0159946 -4.43004e-16  -0.00842956  1.01921e-16    0.0107627  1.88972e-16   0.00337746 -3.80076e-17  -0.00462397  -7.9565e-17  -0.00249452 -3.13308e-17   0.00106403  3.75594e-17   0.00139706  3.74597e-17  0.000288153 -8.34941e-18 -0.000320546 -2.27895e-17 -0.000278301 -3.88372e-18 -7.52514e-05  8.80206e-18  2.96598e-05  5.11429e-18  3.91783e-05 -1.40784e-18   1.9066e-05 -2.76428e-18  4.07232e-06 -9.40232e-19 -1.21159e-06  4.79052e-19 -1.59481e-06  6.15849e-19 -8.45063e-07  2.45745e-19 -2.93546e-07 -1.02888e-20 -6.24271e-08 -7.03257e-20  7.73113e-10  -4.6293e-20  8.13022e-09 -1.63535e-20  4.66136e-09 -1.19629e-21  1.80419e-09  2.87824e-21  5.51778e-10  2.50544e-21  1.38197e-10  1.35759e-21  2.78567e-11   5.7277e-22  4.04171e-12  1.95541e-22  1.71872e-13  4.83065e-23   -1.401e-13  2.76768e-24 -6.49733e-14  -5.4041e-24 -1.91013e-14 -3.80018e-24 -4.52262e-15 -1.63603e-24 -9.21304e-16 -5.38219e-25 -1.65966e-16 -1.43453e-25  -2.6797e-17 -3.09599e-26 -3.90497e-18 -5.10649e-27 -5.15298e-19 -5.18257e-28 -6.16371e-20  1.89072e-29  -6.6784e-21  2.41733e-29 -6.54111e-22  7.05495e-30 -5.77211e-23  1.44485e-30 -4.56801e-24  2.33845e-31 -3.22278e-25  3.08873e-32 -2.01158e-26  3.38425e-33 -1.10013e-27  3.10184e-34  -5.2065e-29  2.36547e-35 -2.09747e-30  1.47059e-36 -7.03131e-32  7.22734e-38 -1.89726e-33  2.69329e-39 -3.90784e-35  7.10513e-41 -5.57858e-37   1.1504e-42  -4.4013e-39  7.37759e-45
 -3.0656e-19  3.16794e-07  2.64177e-18  5.59538e-06 -2.05326e-17 -0.000114265  7.66573e-17  0.000763415 -1.30256e-16  -0.00248756  5.03597e-17   0.00340857  2.08329e-16    0.0029979 -4.17595e-16   -0.0191371  2.40438e-16    0.0286718    2.548e-16   -0.0127122 -4.27169e-16    -0.011137   3.2311e-17    0.0095501  2.09619e-16   0.00551853  1.07431e-17  -0.00379447 -9.83982e-17  -0.00346688 -5.07791e-17  0.000327775   4.1256e-17   0.00151066  4.34951e-17  0.000650983 -7.84467e-18 -0.000156342 -2.35054e-17 -0.000305542 -3.93615e-18 -0.000147071  8.90611e-18 -1.07813e-05  5.11615e-18  3.12703e-05 -1.52326e-18  2.39935e-05 -2.93108e-18  9.45471e-06 -1.05836e-18  1.50878e-06  4.55618e-19 -7.74499e-07   6.6184e-19 -7.80363e-07  3.03062e-19 -3.87538e-07  2.14505e-20  -1.3419e-07 -6.36429e-20 -3.20832e-08 -4.97141e-20 -3.18703e-09 -2.00111e-20  1.63772e-09 -2.67682e-21  1.22823e-09  2.77136e-21  5.13709e-10  2.77586e-21  1.65942e-10  1.57839e-21  4.46604e-11  6.81248e-22  1.02525e-11  2.35146e-22  2.00397e-12  6.00929e-23  3.23244e-13  6.32825e-24  3.85195e-14 -3.94158e-24  1.61603e-15 -3.09321e-24 -7.77503e-16  -1.3316e-24 -3.07781e-16 -4.30616e-25 -7.48224e-17 -1.12442e-25 -1.45392e-17 -2.38643e-26 -2.41876e-18 -3.95476e-27  -3.5402e-19 -4.48523e-28 -4.61596e-20 -1.17406e-29 -5.39137e-21  9.88915e-30 -5.64949e-22  3.23576e-30 -5.30471e-23  6.62366e-31  -4.4477e-24  1.03605e-31 -3.31094e-25  1.29992e-32 -2.17056e-26  1.33733e-33 -1.23925e-27  1.13897e-34 -6.06935e-29  7.97553e-36 -2.49734e-30  4.48377e-37  -8.3807e-32  1.95102e-38 -2.19346e-33  6.23102e-40 -4.15799e-35    1.328e-41 -4.93631e-37  1.50415e-43 -2.37031e-39
-1.52749e-07 -5.07081e-19  3.07892e-06  3.35323e-18 -1.12425e-05 -2.88609e-17 -8.81253e-05  9.83353e-17  0.000941038 -1.52436e-16  -0.00359488  5.44037e-17   0.00625967  2.22514e-16 -0.000971281  -4.4208e-16   -0.0159946    2.548e-16    0.0263926  2.63938e-16  -0.00969108 -4.02053e-16   -0.0130291 -3.50745e-17   0.00778035  2.19583e-16   0.00723598  5.37852e-17  -0.00251065 -1.06726e-16  -0.00410634 -6.57723e-17 -0.000568293   4.0718e-17    0.0013827  4.57488e-17  0.000962853 -7.09561e-18   8.1933e-05  -2.2551e-17  -0.00026464 -3.17388e-18 -0.000199029  8.94537e-18 -5.97589e-05  4.85435e-18  1.10576e-05  -1.7619e-18  2.22071e-05 -3.10759e-18  1.30032e-05 -1.17154e-18  4.44191e-06  4.23969e-19  5.89694e-07  6.98289e-19 -3.68093e-07  3.57906e-19 -3.34103e-07  5.69407e-20 -1.60953e-07 -5.15198e-20 -5.64636e-08 -4.91624e-20 -1.49378e-08 -2.16889e-20 -2.63621e-09  -3.4743e-21 -3.47341e-11  2.77387e-21  2.07809e-10  2.99271e-21  1.08051e-10  1.74008e-21  3.79115e-11  7.57622e-22  1.07826e-11  2.62798e-22  2.62765e-12  6.91128e-23  5.61058e-13  9.84784e-24  1.05838e-13 -2.19876e-24  1.76228e-14 -2.25331e-24   2.5622e-15   -9.929e-25  3.16254e-16 -3.18575e-25  3.07444e-17 -8.18593e-26  1.72811e-18 -1.71055e-26 -1.27765e-19 -2.83493e-27 -5.86834e-20  -3.4449e-28 -1.13041e-20 -2.12806e-29 -1.62898e-21  2.88315e-30 -1.94268e-22  1.29366e-30 -1.98215e-23  2.73088e-31  -1.7507e-24  4.16871e-32 -1.34085e-25  4.98383e-33 -8.86437e-27  4.81423e-34 -5.00846e-28  3.80207e-35 -2.38068e-29  2.43417e-36 -9.29939e-31  1.22834e-37 -2.88176e-32   4.6728e-39 -6.69831e-34  1.24969e-40 -1.05639e-35  2.04354e-42 -8.98098e-38  1.32334e-44
 2.61848e-19 -6.47086e-07 -2.31176e-20   1.0576e-05  2.64334e-18 -6.07876e-05 -3.49859e-17  6.95578e-05  1.13868e-16  0.000796537 -1.68625e-16  -0.00423619  6.88742e-17   0.00878126  2.06589e-16  -0.00495114 -4.43004e-16   -0.0127122  2.63938e-16    0.0241891  2.69826e-16  -0.00711725 -3.73111e-16   -0.0142057 -9.22255e-17    0.0057151  2.18465e-16   0.00843222  8.63514e-17 -0.000946468  -1.0544e-16  -0.00433984 -7.38013e-17  -0.00149485  3.68786e-17   0.00101956  4.35409e-17   0.00115765 -6.83552e-18  0.000351522 -2.01529e-17 -0.000154833  -1.4676e-18 -0.000213361  9.11698e-18 -0.000104308  4.44054e-18 -1.74556e-05 -2.10148e-18  1.28873e-05 -3.30514e-18   1.2986e-05 -1.28879e-18  6.46061e-06  3.80323e-19  2.03368e-06  7.21441e-19  2.76498e-07  4.06726e-19 -1.31546e-07  9.43859e-20 -1.22573e-07 -3.40693e-20 -5.90238e-08 -4.39805e-20 -2.11292e-08 -2.07379e-20 -6.01382e-09 -3.23162e-21 -1.34307e-09  3.01094e-21 -2.05059e-10  3.17924e-21 -2.76583e-12     1.84e-21  1.22933e-11  7.97903e-22  5.72132e-12    2.765e-22  1.80502e-12  7.43882e-23   4.6473e-13  1.27497e-23  1.03341e-13 -4.98693e-25  2.03393e-14 -1.42591e-24  3.58636e-15 -6.71372e-25  5.69976e-16 -2.16725e-25  8.18475e-17 -5.51294e-26  1.06184e-17 -1.13615e-26  1.24175e-18  -1.8759e-27   1.3032e-19 -2.37621e-28  1.21881e-20  -1.9657e-29    1.005e-21  1.07556e-31  7.18574e-23  4.28777e-31  4.33131e-24  9.97849e-32  2.08069e-25  1.51219e-32  6.81031e-27  1.73192e-33  3.41708e-29  1.57203e-34 -1.40068e-29  1.14885e-35 -1.15102e-30  6.69109e-37 -5.54565e-32  3.00299e-38 -1.82467e-33   9.8232e-40 -4.03311e-35  2.12819e-41 -5.30583e-37  2.44038e-43 -2.71609e-39
-8.94855e-10  4.18521e-19 -1.18989e-06  1.83409e-18  2.18255e-05 -2.21118e-19 -0.000146135 -3.63338e-17  0.000395062  1.19317e-16  0.000188668 -1.76582e-16  -0.00408953  9.40556e-17     0.010489  1.63575e-16  -0.00842956 -4.27169e-16  -0.00969108  2.69826e-16     0.022285  2.72882e-16  -0.00501398  -3.4285e-16   -0.0148239 -1.34049e-16   0.00355733   2.0717e-16   0.00909592  1.06015e-16  0.000727047 -9.62633e-17  -0.00415813 -7.38884e-17  -0.00232937  3.08943e-17  0.000467308  3.69368e-17   0.00119152 -7.66789e-18   0.00060092 -1.68149e-17  7.74568e-06  1.08654e-18 -0.000180787  9.56015e-18 -0.000131197  4.01549e-18 -4.69584e-05  -2.4774e-18 -2.19917e-06 -3.50879e-18  8.78576e-06 -1.40976e-18  6.64402e-06  3.22316e-19  2.99013e-06  7.27704e-19  9.14912e-07  4.46217e-19    1.498e-07  1.31871e-19 -2.96349e-08 -1.18471e-20 -3.66774e-08 -3.39948e-20 -1.83839e-08 -1.68591e-20 -6.76017e-09 -1.77124e-21 -2.02035e-09  3.54916e-21 -5.04008e-10  3.35405e-21 -1.03815e-10  1.88312e-21 -1.64733e-11  8.03664e-22 -1.42916e-12  2.76533e-22  2.27383e-13  7.56037e-23  1.53564e-13  1.46292e-23  4.84221e-14  9.01499e-25  1.17068e-14 -7.22121e-25  2.39323e-15 -4.02917e-25  4.29024e-16 -1.34177e-25  6.85922e-17 -3.41171e-26  9.86412e-18 -6.95673e-27  1.28116e-18 -1.14145e-27  1.50485e-19 -1.47966e-28  1.59755e-20 -1.40713e-29  1.52935e-21 -6.19192e-31  1.31525e-22  1.01347e-31  1.01066e-23  3.14432e-32  6.88825e-25   4.8887e-33  4.12383e-26  5.41542e-34  2.14071e-27  4.62868e-35  9.46813e-29   3.1241e-36  3.48176e-30  1.64554e-37  1.02713e-31  6.49225e-39  2.29759e-33  1.78549e-40  3.52467e-35  2.97735e-42  2.94555e-37  1.95735e-44
-3.10778e-19 -2.18481e-07  1.24788e-19   1.8303e-07  5.23708e-18  2.68626e-05 -5.35946e-18 -0.000238142 -3.13408e-17  0.000843088   1.1232e-16 -0.000872704 -1.73636e-16  -0.00304642  1.26285e-16    0.0111429  1.01921e-16    -0.011137 -4.02053e-16  -0.00711725  2.72882e-16    0.0207409  2.71924e-16  -0.00331786 -3.11474e-16   -0.0150377 -1.58559e-16   0.00144244  1.87395e-16   0.00926953  1.12864e-16   0.00236514  -8.1081e-17  -0.00360061 -6.64028e-17  -0.00297339  2.38594e-17 -0.000201345  2.66265e-17   0.00104933 -9.94528e-18  0.000781243 -1.31961e-17  0.000193909  4.17003e-18 -0.000103349  1.02913e-17 -0.000130924  3.69596e-18 -6.90109e-05 -2.80455e-18 -1.91025e-05 -3.68073e-18  1.25651e-06 -1.52194e-18  4.68978e-06  2.52486e-19  3.03508e-06  7.15925e-19  1.28847e-06  4.74376e-19  3.97345e-07  1.67745e-19  8.02024e-08   1.4196e-20  1.27411e-09 -1.96142e-20 -7.90483e-09 -1.02087e-20 -4.55979e-09  8.45334e-22 -1.75962e-09  4.37129e-21 -5.46024e-10  3.52067e-21 -1.43835e-10  1.87721e-21 -3.27899e-11  7.79949e-22 -6.48007e-12  2.64803e-22 -1.09293e-12  7.30358e-23 -1.49692e-13  1.53193e-23 -1.39639e-14  1.85835e-24   9.1089e-17 -2.01276e-25  4.23934e-16 -2.03905e-25  1.23963e-16 -7.40603e-26  2.53338e-17 -1.91721e-26  4.24504e-18 -3.89377e-27  6.12646e-19 -6.34697e-28  7.76969e-20 -8.31901e-29  8.73264e-21 -8.50404e-30  8.71998e-22 -5.71386e-31  7.72538e-23  3.70243e-33  6.04557e-24  8.04734e-33  4.14831e-25  1.38205e-33  2.46942e-26  1.50757e-34  1.25652e-27  1.21904e-35  5.35328e-29  7.58798e-37  1.85399e-30  3.58943e-38  4.99156e-32  1.22621e-39  9.70247e-34  2.74521e-41  1.17736e-35  3.22214e-43  5.76034e-38
 3.85776e-08 -7.34935e-19     -1.1e-06 -8.56556e-19  7.34854e-06   9.4763e-18  5.73056e-06 -1.20601e-17 -0.000271365 -2.04119e-17   0.00127475  9.26032e-17  -0.00220287 -1.57506e-16  -0.00124106  1.59812e-16    0.0107627   3.2311e-17   -0.0130291 -3.73111e-16  -0.00501398  2.71924e-16    0.0195247  2.65058e-16  -0.00193939 -2.78262e-16   -0.0149711 -1.66726e-16 -0.000550452  1.61151e-16   0.00902119  1.09055e-16   0.00385789 -6.15119e-17  -0.00273752 -5.26132e-17  -0.00336076  1.67121e-17 -0.000901597  1.37501e-17  0.000744844 -1.37149e-17  0.000855791 -9.97109e-18  0.000368096  7.29497e-18  5.83893e-06  1.11745e-17 -0.000100631  3.52662e-18 -7.66699e-05 -3.01121e-18  -3.2918e-05 -3.77595e-18 -7.49214e-06 -1.60457e-18  1.08218e-06   1.7902e-19  2.08191e-06  6.88714e-19  1.23635e-06  4.91255e-19  5.09047e-07  2.00928e-19  1.60636e-07  4.27788e-20  3.79984e-08  -1.8455e-21  5.26987e-09 -1.40965e-21 -6.30864e-10  4.31733e-21 -7.74067e-10  5.37548e-21 -3.42524e-10  3.66349e-21 -1.12327e-10  1.82885e-21 -3.06874e-11  7.33046e-22 -7.28012e-12  2.44026e-22 -1.52769e-12  6.73774e-23 -2.85896e-13  1.48816e-23 -4.78119e-14  2.34681e-24 -7.12239e-15  1.27753e-25 -9.36074e-16 -7.35749e-26  -1.0633e-16 -3.47723e-26 -9.96708e-18 -9.55749e-27 -6.72747e-19  -1.9621e-27 -1.08956e-20 -3.18947e-28  5.76696e-21 -4.19987e-29   1.1979e-21 -4.45767e-30  1.57723e-22 -3.51467e-31  1.62797e-23 -1.31605e-32  1.39001e-24  1.38655e-33  9.97287e-26  3.30238e-34   6.0108e-27  3.67901e-35   3.0114e-28  2.84112e-36  1.22877e-29  1.63032e-37  3.94971e-31  6.86806e-39  9.46775e-33  1.99016e-40  1.53225e-34  3.45022e-42  1.33087e-36  2.33222e-44
  2.6141e-19  1.02527e-07 -1.17442e-18 -2.81468e-06   -2.258e-18  2.32533e-05  1.31797e-17   -6.169e-05 -1.87855e-17 -0.000167882 -6.19501e-18   0.00150016  6.20991e-17  -0.00350183 -1.27653e-16    0.0010204  1.88972e-16    0.0095501 -3.50745e-17   -0.0142057  -3.4285e-16  -0.00331786  2.65058e-16    0.0185711  2.50928e-16 -0.000796245 -2.42833e-16   -0.0147132 -1.62002e-16  -0.00238148  1.30365e-16   0.00842601  9.79444e-17   0.00512944 -3.88059e-17  -0.00165451 -3.41977e-17  -0.00345882   1.0271e-17   -0.0015495 -2.69414e-19  0.000316029 -1.87102e-17   0.00080625 -7.70026e-18   0.00049602  9.89453e-18  0.000125622  1.19359e-17 -4.51096e-05  3.45269e-18 -6.66856e-05  -3.0727e-18 -3.93917e-05 -3.76446e-18  -1.4805e-05 -1.63847e-18 -3.06361e-06  1.12828e-19  4.29667e-07  6.51817e-19  7.69378e-07  4.98822e-19  4.41221e-07  2.30865e-19  1.79477e-07  7.23114e-20  5.79527e-08   1.7783e-20  1.51414e-08  8.53667e-21  3.06356e-09  8.16389e-21  3.79093e-10  6.39885e-21 -3.15131e-11  3.75177e-21 -3.88549e-11   1.7419e-21  -1.5467e-11  6.69003e-22 -4.54719e-12   2.1708e-22 -1.11688e-12  5.95383e-23 -2.39347e-13  1.35454e-23 -4.56543e-14  2.43291e-24 -7.83154e-15  2.92374e-25 -1.21472e-15 -7.50394e-29 -1.70785e-16 -1.20132e-26 -2.17775e-17  -4.0035e-27 -2.51611e-18 -8.62812e-28 -2.62816e-19 -1.41737e-28 -2.47337e-20 -1.87656e-29 -2.08755e-21 -2.03279e-30  -1.5708e-22  -1.7226e-31 -1.04597e-23 -9.48489e-33 -6.10686e-25 -1.77213e-35 -3.09031e-26  6.21119e-35 -1.33569e-27  7.69377e-36 -4.83726e-29   5.7809e-37 -1.42959e-30  3.06265e-38 -3.31461e-32  1.13684e-39  -5.6419e-34  2.71246e-41 -6.15411e-36  3.33487e-43 -2.80581e-38
