   0.0181979  1.02444e-19   -0.0365992  2.67841e-18   0.00856489 -6.17307e-19    0.0148059 -1.82001e-17  -0.00161437  2.29244e-17  -0.00679857  2.12158e-18   -0.0013516 -1.12623e-17   0.00248607   6.4205e-19   0.00150147  2.64889e-18 -0.000448853  6.36635e-20 -0.000798056  -4.9618e-19 -0.000165112 -5.95693e-20  0.000232846  1.81433e-19  0.000168094  8.59109e-21 -3.55409e-06 -8.38021e-20  -5.9088e-05 -1.59557e-20 -2.82055e-05  2.47796e-20  3.86854e-06  1.69685e-20  1.01699e-05 -6.15113e-21    4.315e-06 -7.08266e-21 -2.21341e-07 -8.82049e-22 -1.08909e-06  1.03805e-21 -5.39375e-07  5.22739e-22 -9.68595e-08  2.34234e-22  2.78994e-08  3.57523e-23  2.41782e-08 -3.24744e-23  7.97918e-09 -1.78608e-23  1.52436e-09 -3.06216e-24  1.64893e-10  1.13203e-26  7.62084e-12 -2.63085e-26  -1.2108e-14
 1.02444e-19    0.0602427 -1.74164e-18   -0.0551395  1.16881e-17  -0.00990558  5.81035e-18    0.0225068 -4.21439e-17    0.0083871  2.86433e-17  -0.00831675  1.61647e-17  -0.00614796 -1.36111e-17   0.00174784 -3.53469e-18   0.00330386  2.78857e-18  0.000489355  8.89719e-19   -0.0011895 -4.39603e-19 -0.000695817 -7.19805e-20  0.000167367  3.20427e-19   0.00034168  1.81003e-20  9.87577e-05 -1.65971e-19 -7.23914e-05  -5.8583e-20 -6.92603e-05  5.84962e-20 -1.26505e-05  4.63432e-20  1.38996e-05 -7.05648e-21  1.09512e-05 -1.65406e-20  2.47489e-06 -4.69529e-21 -1.11645e-06   7.6273e-22  -1.1018e-06  1.06432e-21 -4.02835e-07  6.95266e-22 -5.61617e-08  1.68542e-22  1.50848e-08 -2.72903e-23  1.00651e-08 -2.86613e-23  2.57789e-09 -4.47514e-24  3.60033e-10 -1.72472e-25   2.4171e-11 -3.22536e-26
  -0.0365992 -1.74164e-18    0.0843178 -7.21663e-18   -0.0355387  2.11403e-17   -0.0306708  1.30917e-17    0.0156542 -5.60863e-17    0.0162885  1.76604e-17   -0.0039178  2.35925e-17  -0.00868235 -7.88627e-18 -0.000806403 -5.52018e-18   0.00371966  9.14649e-19   0.00171916  6.18327e-19  -0.00096501 -3.79669e-19  -0.00113371  1.99487e-19   -9.426e-05  5.62891e-19  0.000409387  1.15836e-20  0.000230841 -3.00586e-19 -3.55903e-05  -1.3132e-19  -9.8294e-05   9.6549e-20 -4.02817e-05  8.96045e-20  8.07887e-06  1.75041e-21   1.5783e-05 -2.34872e-20  6.83269e-06 -9.81355e-21  3.03545e-07 -1.47372e-21 -1.16018e-06  9.60772e-22 -6.79108e-07  1.03618e-21 -1.99274e-07  3.48281e-22 -2.85494e-08  1.07582e-23  9.87618e-10 -2.53871e-23  1.20681e-09 -2.33837e-24  1.99672e-10 -1.26728e-25  1.00975e-11
 2.67841e-18   -0.0551395 -7.21663e-18    0.0709588 -1.85262e-17   -0.0115306  3.51046e-17   -0.0310205  1.13508e-17   0.00489476 -5.37562e-17    0.0167688  5.69482e-18   0.00070298  2.01193e-17  -0.00843173 -1.26354e-18  -0.00284597 -3.64295e-18   0.00319673 -7.15845e-19   0.00254054 -8.24198e-19 -0.000477378 -8.12493e-19  -0.00134665  5.89097e-19  -0.00039686  9.54125e-19  0.000374533  7.30556e-20  0.000342703 -4.64417e-19   3.3789e-05  -2.4083e-19 -0.000104662  1.09721e-19 -6.87576e-05  1.32028e-19 -6.27639e-06   2.0731e-20  1.58974e-05 -2.11949e-20  1.08722e-05 -1.31798e-20  2.80274e-06 -4.89948e-21 -4.39773e-07 -1.43249e-22 -6.63289e-07  9.20711e-22 -2.80624e-07  4.39525e-22 -6.87849e-08  3.72121e-23 -1.01736e-08 -1.29615e-23 -7.91996e-10  5.91999e-25 -1.78493e-11 -2.32472e-27
  0.00856489  1.16881e-17   -0.0355387 -1.85262e-17    0.0414361 -2.46142e-17 -0.000454943  5.13809e-17   -0.0255809  9.58599e-18  0.000285349 -4.48543e-17    0.0150108 -1.53511e-18   0.00302008  1.28506e-17  -0.00751808  3.15058e-18  -0.00403851  2.54119e-19   0.00249013 -8.61781e-19    0.0030182 -2.41513e-18   4.7728e-05 -1.68204e-18  -0.00139939  7.73202e-19 -0.000678913  1.38631e-18  0.000270088  2.66534e-19  0.000418257 -5.73686e-19   0.00011873 -3.67319e-19 -8.72303e-05  7.65463e-20 -9.04015e-05  1.51212e-19 -2.57319e-05  4.23063e-20  1.02918e-05 -8.41775e-21   1.2695e-05 -1.25894e-20   5.3796e-06 -7.89721e-21  8.61363e-07 -1.96043e-21 -2.74467e-07  3.45179e-22 -2.15333e-07  3.56456e-22 -6.71903e-08  1.94877e-23  -1.2122e-08 -3.11344e-24 -1.21397e-09  9.87085e-25 -4.56824e-11
-6.17307e-19  -0.00990558  2.11403e-17   -0.0115306 -2.46142e-17    0.0315325 -3.45112e-17  -0.00185806  6.32303e-17   -0.0219618  1.42607e-17   -0.0014504 -3.47124e-17    0.0136824 -7.68744e-18   0.00451626   5.3819e-18  -0.00664186  5.44342e-18  -0.00488322  4.30324e-18   0.00175342  4.61101e-19   0.00329454 -3.29837e-18  0.000568066 -2.68622e-18  -0.00133525  5.29134e-19 -0.000921795  1.68987e-18  0.000116944  5.57333e-19  0.000451137 -5.64755e-19   0.00020597 -4.68411e-19 -4.83532e-05  6.74766e-21   -9.976e-05  1.35119e-19 -4.58022e-05  5.76982e-20 -3.26289e-07  9.89144e-21  1.10684e-05 -8.25012e-21  6.83313e-06 -9.45165e-21  2.14797e-06 -3.86554e-21  2.99776e-07 -3.87804e-22 -4.10672e-08  1.30813e-22 -2.86832e-08 -2.74934e-23 -5.87793e-09 -1.61356e-24 -5.17342e-10 -2.70169e-25
   0.0148059  5.81035e-18   -0.0306708  3.51046e-17 -0.000454943 -3.45112e-17    0.0278551 -4.29533e-17 -0.000416117  5.96439e-17   -0.0204145  2.14291e-17  -0.00322977 -2.21285e-17    0.0126133 -1.20874e-17   0.00570678 -1.71017e-18  -0.00572663  4.95544e-18  -0.00547069  7.03923e-18  0.000998723  2.63034e-18    0.0034004  -3.1476e-18    0.0010601  -3.4992e-18  -0.00117606 -9.44863e-20  -0.00111198  1.76289e-18  -6.7381e-05  8.48861e-19  0.000438864 -4.41611e-19  0.000283757 -5.08094e-19  6.99939e-06 -6.93816e-20   -9.357e-05  9.13185e-20 -6.16546e-05  6.41122e-20 -1.37159e-05  2.72122e-20  5.86236e-06 -2.12976e-21  6.27678e-06 -9.63748e-21  2.72485e-06 -5.22198e-21  7.12987e-07 -9.24537e-22  1.12158e-07 -1.18766e-22  8.28265e-09  -6.1365e-23 -1.49335e-10 -4.23426e-24 -4.00791e-11
-1.82001e-17    0.0225068  1.30917e-17   -0.0310205  5.13809e-17  -0.00185806 -4.29533e-17     0.025674 -4.64511e-17  0.000928281   4.5571e-17   -0.0186663   2.3694e-17  -0.00441836 -9.21268e-18    0.0114216  -1.2256e-17   0.00652147 -7.40657e-18  -0.00479261  1.79113e-18  -0.00583748  7.72898e-18  0.000264188  4.78672e-18   0.00337031 -2.11467e-18   0.00150482 -3.89292e-18 -0.000944099 -8.31893e-19  -0.00124155  1.62204e-18 -0.000266498  1.05537e-18    0.0003826 -2.64133e-19  0.000342029 -4.78491e-19  7.17807e-05 -1.25643e-19 -7.10603e-05   4.0501e-20  -6.8915e-05    6.462e-20 -2.65022e-05  3.95706e-20 -1.72562e-06  3.82913e-21  3.63569e-06  -8.9303e-21  2.23172e-06 -5.50339e-21  7.25326e-07  -1.0606e-21  1.48402e-07 -2.58319e-22  1.86065e-08 -5.47145e-23  1.17918e-09 -4.13345e-24
 -0.00161437 -4.21439e-17    0.0156542  1.13508e-17   -0.0255809  6.32303e-17 -0.000416117 -4.64511e-17    0.0223285 -4.16934e-17   0.00145026  2.94092e-17   -0.0170013  2.02445e-17  -0.00521135  5.20063e-19    0.0103558 -8.94219e-18    0.0071084  -1.0627e-17  -0.00391364 -2.51004e-18  -0.00605142   6.6716e-18  -0.00043116  6.29538e-18   0.00323347 -6.56435e-19   0.00189328 -3.84564e-18 -0.000656945 -1.41084e-18   -0.0013064   1.3645e-18 -0.000465704  1.13445e-18  0.000286265 -1.06334e-19  0.000372617 -3.99402e-19  0.000137432 -1.52488e-19 -3.41735e-05  1.71981e-21  -6.4542e-05  6.29288e-20 -3.48883e-05  4.64476e-20 -9.32213e-06  8.76959e-21  -1.1283e-07 -7.42474e-21  9.53697e-07 -4.45507e-21  4.05659e-07 -7.98525e-22   8.8745e-08 -2.24388e-22  1.04539e-08 -2.06702e-23  4.56803e-10
 2.29244e-17    0.0083871 -5.60863e-17   0.00489476  9.58599e-18   -0.0219618  5.96439e-17  0.000928281 -4.16934e-17    0.0203661 -3.18378e-17   0.00181625  1.54599e-17   -0.0158155   1.4367e-17  -0.00581227   6.5327e-18   0.00942072 -3.94219e-18    0.0075409 -1.13514e-17  -0.00307832 -6.32751e-18  -0.00614412   4.6995e-18  -0.00108613   6.9412e-18   0.00300744  7.01384e-19      0.00222 -3.49811e-18 -0.000329262 -1.68981e-18  -0.00130433    1.096e-18  -0.00065112  1.07646e-18  0.000156308   -1.609e-20  0.000369533 -3.02865e-19  0.000194457 -1.55138e-19  1.23171e-05 -1.88364e-20 -4.77356e-05  5.95132e-20 -3.57123e-05  4.93747e-20 -1.40849e-05  1.25416e-20 -3.27175e-06 -4.93406e-21 -3.24354e-07 -2.38996e-21  4.72152e-08 -3.32979e-22  1.95186e-08 -8.05337e-23  2.15244e-09  3.96203e-24
 -0.00679857  2.86433e-17    0.0162885 -5.37562e-17  0.000285349  1.42607e-17   -0.0204145   4.5571e-17   0.00145026 -3.18378e-17    0.0189541 -2.07464e-17   0.00212473  4.79399e-18   -0.0147678  8.39024e-18  -0.00627667  9.99211e-18    0.0085474  1.38891e-18   0.00785745 -1.02458e-17  -0.00228043 -8.80007e-18  -0.00613884  2.55207e-18  -0.00169765  6.79571e-18   0.00270633  1.57079e-18      0.00248 -3.01256e-18  2.53836e-05 -1.65831e-18  -0.00123477  8.77548e-19 -0.000809436  8.93596e-19  1.75803e-06  2.65725e-21  0.000329536 -2.17269e-19  0.000233236 -1.46804e-19  6.09603e-05 -2.87826e-20 -2.07425e-05  5.21446e-20 -2.77769e-05  4.95677e-20 -1.40062e-05  1.46238e-20 -4.40793e-06  -1.7926e-21 -9.20913e-07  -2.6207e-22  -1.2311e-07  4.63259e-23 -9.20321e-09  3.73565e-23 -2.46368e-10
 2.12158e-18  -0.00831675  1.76604e-17    0.0167688 -4.48543e-17   -0.0014504  2.14291e-17   -0.0186663  2.94092e-17   0.00181625 -2.07464e-17    0.0176226 -1.09674e-17   0.00235388  -2.1599e-18   -0.0138472  3.25825e-18  -0.00664559  1.15957e-17   0.00774792  5.97054e-18   0.00808878  -8.1604e-18  -0.00152112 -9.77815e-18  -0.00605179  6.88079e-19  -0.00226401  6.04462e-18    0.0023405  1.83233e-18   0.00266892 -2.47985e-18  0.000394039 -1.38008e-18  -0.00109882  7.14601e-19 -0.000927888  6.27234e-19 -0.000165673 -1.94747e-20  0.000252884  -1.5861e-19  0.000245185  -1.4183e-19  0.000102289 -4.18678e-20  1.07462e-05  3.86725e-20 -1.30729e-05  4.60357e-20   -9.308e-06  1.37424e-20 -3.37975e-06  7.81089e-22 -7.73704e-07   8.7086e-22 -1.09439e-07  1.61538e-22 -7.89655e-09  5.47391e-23
  -0.0013516  1.61647e-17   -0.0039178  5.69482e-18    0.0150108 -3.47124e-17  -0.00322977   2.3694e-17   -0.0170013  1.54599e-17   0.00212473 -1.09674e-17    0.0165693 -3.69169e-18   0.00253046 -5.93467e-18   -0.0130715 -8.21685e-19  -0.00694834  1.16769e-17   0.00700974  9.03188e-18    0.0082541 -5.75083e-18 -0.000793264  -9.5136e-18   -0.0058931 -6.91682e-19  -0.00278451  4.90881e-18   0.00191812  1.62737e-18   0.00278233 -1.92879e-18  0.000763453 -9.45911e-19 -0.000899511  5.85145e-19 -0.000994473  3.52371e-19 -0.000331559 -4.05898e-20  0.000144241  -1.2796e-19  0.000224395  -1.4941e-19  0.000126263 -6.78574e-20  3.81723e-05   1.8993e-20  3.07958e-06  3.61474e-20 -2.71384e-06  9.01812e-21 -1.39289e-06  1.53697e-21 -3.33222e-07  7.02826e-22  -4.1922e-08  8.28476e-23 -1.93321e-09
-1.12623e-17  -0.00614796  2.35925e-17   0.00070298 -1.53511e-18    0.0136824 -2.21285e-17  -0.00441836  2.02445e-17   -0.0158155  4.79399e-18   0.00235388 -3.69169e-18    0.0157141  7.79577e-19    0.0026754 -7.84672e-18   -0.0123901 -4.05709e-18  -0.00720686  1.04986e-17   0.00631629  1.04884e-17   0.00836762 -3.28075e-18 -9.15205e-05 -8.42266e-18  -0.00566952 -1.56602e-18  -0.00325719  3.62474e-18    0.0014462   1.2008e-18   0.00281544 -1.38453e-18   0.00111949 -4.51796e-19 -0.000642412   4.7756e-19 -0.000998536  1.55547e-19  -0.00047896 -2.75846e-20  1.35793e-05 -1.12313e-19  0.000169685 -1.69346e-19  0.000124813 -1.05257e-19  5.25435e-05 -4.17013e-21  1.41518e-05  1.91854e-20  2.24369e-06  1.76458e-21  1.08812e-07  4.80637e-22  -2.7808e-08  -7.9775e-23 -4.54928e-09    3.342e-25
  0.00248607 -1.36111e-17  -0.00868235  2.01193e-17   0.00302008 -7.68744e-18    0.0126133 -9.21268e-18  -0.00521135   1.4367e-17   -0.0147678  -2.1599e-18   0.00253046  7.79577e-19    0.0149743  3.06522e-18   0.00280299 -8.78075e-18   -0.0117882  -6.8135e-18  -0.00743639  8.38433e-18   0.00566021  1.08587e-17   0.00843838 -8.54503e-19  0.000588266 -6.92649e-18  -0.00538455 -1.98782e-18  -0.00367913  2.41307e-18   0.00093127  7.23082e-19   0.00276326 -8.96666e-19    0.0014466   7.6904e-21 -0.000336378  4.01578e-19 -0.000931781  9.32965e-20 -0.000589111  3.48936e-20 -0.000123255 -8.95404e-20   8.6947e-05 -1.91429e-19  9.57218e-05 -1.39933e-19  4.89495e-05 -2.48872e-20  1.63485e-05 -2.15547e-22  3.75166e-06 -4.38106e-21  5.74246e-07 -1.03923e-21  5.21596e-08 -5.52649e-22  1.85873e-09
  6.4205e-19   0.00174784 -7.88627e-18  -0.00843173  1.28506e-17   0.00451626 -1.20874e-17    0.0114216  5.20063e-19  -0.00581227  8.39024e-18   -0.0138472 -5.93467e-18    0.0026754  3.06522e-18    0.0143531  4.51843e-18   0.00291776 -9.05547e-18   -0.0112561 -9.28383e-18  -0.00764606  5.80576e-18   0.00503214  1.07306e-17   0.00847182  1.29028e-18    0.0012503 -5.34506e-18   -0.0050396 -2.01479e-18  -0.00404603  1.41854e-18  0.000380261  2.35125e-19   0.00262085 -5.21258e-19   0.00172747   3.4408e-19  5.45198e-06  3.64304e-19 -0.000789844  1.60964e-19 -0.000642974  1.44687e-19 -0.000244771 -3.94261e-20 -8.73649e-06  -1.9867e-19  4.66556e-05 -1.51177e-19  3.06996e-05 -3.52131e-20  1.12366e-05  -1.3415e-20  2.64985e-06 -6.13558e-21   3.8953e-07 -1.69463e-21  2.93024e-08 -4.23549e-22
  0.00150147 -3.53469e-18 -0.000806403 -1.26354e-18  -0.00751808   5.3819e-18   0.00570678  -1.2256e-17    0.0103558   6.5327e-18  -0.00627667  3.25825e-18   -0.0130715 -7.84672e-18   0.00280299  4.51843e-18    0.0138268  6.27383e-18    0.0030246 -8.86186e-18   -0.0107793  -1.1403e-17  -0.00784379  3.25883e-18   0.00442346  1.03423e-17   0.00847128  2.80439e-18   0.00189766 -3.85773e-18  -0.00463442 -1.70039e-18  -0.00435186  6.71861e-19 -0.000198777 -2.74559e-19   0.00238378 -2.96593e-19   0.00194286  4.84829e-19  0.000364567  3.40106e-19 -0.000574569  2.93688e-19 -0.000623975  2.84727e-19 -0.000325562  4.24413e-20 -9.32993e-05 -1.74416e-19 -4.71058e-06 -1.24217e-19  8.49241e-06 -2.97724e-20  4.11102e-06  -1.4376e-20  9.80687e-07  -3.6144e-21  1.24418e-07 -1.31468e-21  5.80324e-09
 2.64889e-18   0.00330386 -5.52018e-18  -0.00284597  3.15058e-18  -0.00664186 -1.71017e-18   0.00652147 -8.94219e-18   0.00942072  9.99211e-18  -0.00664559 -8.21685e-19   -0.0123901 -8.78075e-18   0.00291776  6.27383e-18    0.0133763  8.54553e-18   0.00312899 -8.40498e-18   -0.0103491 -1.29779e-17   -0.0080354  1.09262e-18   0.00382706  9.58077e-18   0.00843781  3.45913e-18   0.00253239 -2.53193e-18  -0.00416744 -1.11709e-18  -0.00458868  1.20814e-19 -0.000795806 -7.68446e-19   0.00204901 -2.35174e-19   0.00207185  3.88676e-19  0.000715946  2.65076e-19 -0.000296844  3.96598e-19 -0.000522168  4.22914e-19 -0.000341567  1.36902e-19 -0.000140434 -1.12956e-19 -3.85175e-05 -6.32412e-20 -6.60785e-06 -1.14313e-20 -5.08416e-07 -5.31873e-21  3.34799e-08  -4.2047e-23  8.54597e-09  -5.7143e-22
-0.000448853  2.78857e-18   0.00371966 -3.64295e-18  -0.00403851  5.44342e-18  -0.00572663 -7.40657e-18    0.0071084 -3.94219e-18    0.0085474  1.15957e-17  -0.00694834 -4.05709e-18   -0.0117882 -9.05547e-18    0.0030246  8.54553e-18    0.0129936  1.07824e-17   0.00323346 -7.81488e-18  -0.00995811 -1.38081e-17  -0.00822485 -5.26408e-19   0.00323589  8.27839e-18   0.00837067  3.29541e-18   0.00315549 -1.38143e-18  -0.00363626 -3.75182e-19  -0.00474638 -2.80734e-19  -0.00139783 -1.12935e-18   0.00161608 -3.19195e-19   0.00209247  5.95598e-20    0.0010274   6.0577e-20  2.04005e-05  3.86309e-19 -0.000341059  5.12454e-19 -0.000281621  2.06725e-19 -0.000135839 -2.91649e-20 -4.51415e-05  5.51104e-21 -1.05833e-05  8.63865e-21 -1.68625e-06  5.21289e-21 -1.61887e-07  1.63699e-21  -6.1685e-09
 6.36635e-20  0.000489355  9.14649e-19   0.00319673  2.54119e-19  -0.00488322  4.95544e-18  -0.00479261  -1.0627e-17    0.0075409  1.38891e-18   0.00774792  1.16769e-17  -0.00720686  -6.8135e-18   -0.0112561 -8.86186e-18   0.00312899  1.07824e-17    0.0126691  1.23283e-17   0.00334042 -7.09689e-18  -0.00959927 -1.37546e-17  -0.00841546 -1.54844e-18   0.00264335  6.47747e-18   0.00826758  2.55733e-18   0.00376651 -4.11698e-19  -0.00303796  3.90035e-19  -0.00481251 -4.88228e-19  -0.00198778 -1.20299e-18   0.00108883 -4.89784e-19   0.00198354 -4.49211e-19   0.00126016 -3.24347e-19  0.000338636  2.26589e-19 -0.000107715  5.02226e-19  -0.00016176  2.14118e-19 -8.94106e-05  4.25145e-20 -3.11272e-05  4.80334e-20 -7.23757e-06  1.92106e-20 -1.06535e-06  1.00446e-20 -8.08541e-08  1.16876e-21
-0.000798056  8.89719e-19   0.00171916 -7.15845e-19   0.00249013  4.30324e-18  -0.00547069  1.79113e-18  -0.00391364 -1.13514e-17   0.00785745  5.97054e-18   0.00700974  1.04986e-17  -0.00743639 -9.28383e-18   -0.0107793 -8.40498e-18   0.00323346  1.23283e-17    0.0123956  1.29328e-17   0.00345233  -6.2156e-18  -0.00926699 -1.27696e-17   -0.0086097 -1.97201e-18   0.00204308   4.4324e-18   0.00812458  1.50822e-18    0.0043634  3.51835e-19  -0.00236961   1.0638e-18  -0.00477215 -3.56921e-19  -0.00254339 -8.64246e-19  0.000477952 -6.41161e-19    0.0017282 -1.03884e-18   0.00137052  -8.6381e-19  0.000600458 -5.46421e-20  0.000121323  3.60773e-19 -2.75173e-05  1.42196e-19 -3.11516e-05  6.65778e-20 -1.20954e-05  4.71737e-20 -2.68645e-06  1.78778e-20 -3.30348e-07  8.30595e-21 -1.51861e-08
 -4.9618e-19   -0.0011895  6.18327e-19   0.00254054 -8.61781e-19   0.00175342  7.03923e-18  -0.00583748 -2.51004e-18  -0.00307832 -1.02458e-17   0.00808878  9.03188e-18   0.00631629  8.38433e-18  -0.00764606  -1.1403e-17   -0.0103491 -7.81488e-18   0.00334042  1.29328e-17    0.0121681  1.27297e-17   0.00357109 -5.18801e-18  -0.00895615 -1.08895e-17   -0.0088094 -1.82185e-18   0.00142879  2.41354e-18   0.00793609   3.0346e-19   0.00494204  8.38579e-19  -0.00162884  1.59134e-18  -0.00460807  2.65106e-19  -0.00303564 -6.89521e-20 -0.000195121 -6.33068e-19   0.00131844 -1.57006e-18   0.00131349  -1.4263e-18  0.000736071 -3.76483e-19  0.000274808  1.03574e-19  6.79261e-05  1.04592e-20  9.48788e-06  3.32367e-20  1.09208e-07  1.57281e-20  -2.0177e-07  1.07374e-20 -2.72239e-08  3.71444e-21
-0.000165112 -4.39603e-19  -0.00096501 -8.24198e-19    0.0030182  4.61101e-19  0.000998723  7.72898e-18  -0.00605142 -6.32751e-18  -0.00228043  -8.1604e-18    0.0082541  1.04884e-17   0.00566021  5.80576e-18  -0.00784379 -1.29779e-17  -0.00995811 -7.09689e-18   0.00345233  1.27297e-17    0.0119825  1.18893e-17   0.00369861 -4.07635e-18  -0.00866201 -8.22088e-18   -0.0090159  -1.1584e-18  0.000794136  5.50347e-19   0.00769475 -1.00903e-18    0.0054957  9.22125e-19  -0.00081489  1.96157e-18  -0.00430099  1.39486e-18  -0.00342695  1.12841e-18 -0.000894843 -3.27158e-19  0.000760993 -1.87791e-18   0.00105801 -1.80673e-18  0.000693508 -6.40607e-19  0.000306074 -1.94473e-19  9.73452e-05 -1.26818e-19  2.23313e-05 -3.09905e-20  3.53138e-06  -1.6673e-20  3.40166e-07  4.45126e-21  1.31231e-08
-5.95693e-20 -0.000695817 -3.79669e-19 -0.000477378 -2.41513e-18   0.00329454  2.63034e-18  0.000264188   6.6716e-18  -0.00614412 -8.80007e-18  -0.00152112 -5.75083e-18   0.00836762  1.08587e-17   0.00503214  3.25883e-18   -0.0080354 -1.38081e-17  -0.00959927  -6.2156e-18   0.00357109  1.18893e-17    0.0118355   1.0385e-17   0.00383685 -2.93563e-18  -0.00838013 -4.93209e-18  -0.00923006 -9.26601e-20  0.000132706  -1.1443e-18   0.00739117 -2.42167e-18   0.00601416   4.4883e-19  7.03677e-05  2.13931e-18  -0.00382992  2.83388e-18  -0.00367126  2.59473e-18  -0.00156868  3.49271e-19  9.30837e-05 -1.81738e-18  0.000622346 -1.82466e-18  0.000483864 -7.67222e-19  0.000228008 -4.17552e-19  7.40831e-05 -2.07694e-19  1.66461e-05 -8.35766e-20  2.41024e-06 -2.93709e-20  1.81826e-07  1.05222e-21
 0.000232846 -7.19805e-20  -0.00113371 -8.12493e-19   4.7728e-05 -3.29837e-18    0.0034004  4.78672e-18  -0.00043116   4.6995e-18  -0.00613884 -9.77815e-18 -0.000793264 -3.28075e-18   0.00843838  1.07306e-17   0.00442346  1.09262e-18  -0.00822485 -1.37546e-17  -0.00926699 -5.18801e-18   0.00369861   1.0385e-17    0.0117249  8.06683e-18   0.00398787  -1.7968e-18   -0.0081061 -1.25156e-18  -0.00945223  1.20769e-18 -0.000562077 -2.63644e-18   0.00701354 -3.92106e-18   0.00648296 -6.95483e-19   0.00102111  2.01652e-18  -0.00317539  4.22283e-18  -0.00371638  4.14389e-18  -0.00213738  1.32778e-18 -0.000589137 -1.33233e-18  0.000107896 -1.42565e-18  0.000197869 -7.10919e-19  0.000105829 -4.64701e-19  3.40646e-05  -2.0399e-19  6.95899e-06 -9.88758e-20   8.1902e-07 -2.25958e-20  3.67669e-08
 1.81433e-19  0.000167367  1.99487e-19  -0.00134665 -1.68204e-18  0.000568066  -3.1476e-18   0.00337031  6.29538e-18  -0.00108613  2.55207e-18  -0.00605179  -9.5136e-18 -9.15205e-05 -8.54503e-19   0.00847182  1.03423e-17   0.00382706 -5.26408e-19  -0.00841546 -1.27696e-17  -0.00895615 -4.07635e-18   0.00383685  8.06683e-18    0.0116493  4.90576e-18    0.0041539 -6.82051e-19  -0.00783541  2.52349e-18  -0.00968216  2.54958e-18  -0.00129712 -3.78191e-18   0.00654746 -5.47862e-18    0.0068826 -2.50888e-18   0.00202348  1.44216e-18  -0.00232524  5.19027e-18  -0.00350106  5.52858e-18  -0.00247955   2.3744e-18  -0.00112101 -4.95373e-19 -0.000320191 -7.10521e-19 -4.02497e-05 -4.68163e-19  9.10929e-06 -3.19894e-19  5.57692e-06 -1.41001e-19  1.18444e-06 -8.02134e-20  1.09932e-07 -9.37034e-21
 0.000168094  3.20427e-19   -9.426e-05  5.89097e-19  -0.00139939 -2.68622e-18    0.0010601 -2.11467e-18   0.00323347   6.9412e-18  -0.00169765  6.88079e-19   -0.0058931 -8.42266e-18  0.000588266  1.29028e-18   0.00847128  9.58077e-18   0.00323589 -1.54844e-18   -0.0086097 -1.08895e-17  -0.00866201 -2.93563e-18   0.00398787  4.90576e-18    0.0116077  1.15446e-18   0.00433754  3.78502e-19  -0.00756322  6.03049e-18  -0.00991905  3.80374e-18  -0.00207933 -4.36572e-18   0.00597618 -7.03276e-18    0.0071853 -4.82356e-18   0.00304942  3.09874e-19  -0.00127486  5.48282e-18  -0.00295042  6.43265e-18  -0.00244763  3.18414e-18  -0.00132922  5.15163e-19 -0.000522482  1.11763e-19 -0.000151879 -9.58729e-20 -3.21935e-05 -7.62109e-20 -4.73428e-06    -7.11e-20 -4.27592e-07 -4.60235e-20 -1.57007e-08
 8.59109e-21   0.00034168  5.62891e-19  -0.00039686  7.73202e-19  -0.00133525  -3.4992e-18   0.00150482 -6.56435e-19   0.00300744  6.79571e-18  -0.00226401 -6.91682e-19  -0.00566952 -6.92649e-18    0.0012503  2.80439e-18   0.00843781  8.27839e-18   0.00264335 -1.97201e-18   -0.0088094 -8.22088e-18  -0.00838013  -1.7968e-18    0.0041539  1.15446e-18    0.0116001 -2.71507e-18   0.00454177  1.33364e-18  -0.00728435  8.90244e-18    -0.010161   4.9942e-18  -0.00291491 -4.21439e-18   0.00527842 -8.44365e-18   0.00735054 -7.32587e-18   0.00405783 -1.36102e-18 -2.64546e-05  5.01736e-18  -0.00200835  6.55467e-18  -0.00195669  3.55026e-18   -0.0011498  1.46045e-18 -0.000478022  7.97779e-19 -0.000144705  2.83548e-19 -3.11418e-05  1.27543e-19 -4.39369e-06  -2.7353e-20  -3.2694e-07 -1.51888e-20
-3.55409e-06  1.81003e-20  0.000409387  9.54125e-19 -0.000678913  5.29134e-19  -0.00117606 -3.89292e-18   0.00189328  7.01384e-19   0.00270633  6.04462e-18  -0.00278451 -1.56602e-18  -0.00538455 -5.34506e-18   0.00189766  3.45913e-18   0.00837067  6.47747e-18   0.00204308 -1.82185e-18   -0.0090159 -4.93209e-18   -0.0081061 -6.82051e-19   0.00433754 -2.71507e-18    0.0116271 -6.20903e-18   0.00476999  2.09811e-18   -0.0069927  1.08843e-17   -0.0104042  6.28586e-18   -0.0038108 -3.28263e-18   0.00442586 -9.48181e-18   0.00732985 -9.65865e-18   0.00499741 -3.37747e-18   0.00137396  3.87936e-18  -0.00073529  5.77086e-18  -0.00110237  3.44187e-18 -0.000700791  2.06786e-18 -0.000290223  1.15204e-18 -8.29914e-05  5.35591e-19 -1.58853e-05    2.078e-19 -1.80076e-06 -7.50471e-21 -7.91934e-08
-8.38021e-20  9.87577e-05  1.15836e-20  0.000374533  1.38631e-18 -0.000921795 -9.44863e-20 -0.000944099 -3.84564e-18      0.00222  1.57079e-18    0.0023405  4.90881e-18  -0.00325719 -1.98782e-18   -0.0050396 -3.85773e-18   0.00253239  3.29541e-18   0.00826758   4.4324e-18   0.00142879  -1.1584e-18  -0.00923006 -1.25156e-18  -0.00783541  3.78502e-19   0.00454177 -6.20903e-18    0.0116898 -8.95702e-18   0.00502647  2.55353e-18  -0.00668025  1.19358e-17   -0.0106441  7.85377e-18  -0.00477623 -1.66852e-18   0.00339104  -9.9098e-18   0.00707386  -1.1523e-17    0.0057731 -5.36309e-18    0.0027475  2.27575e-18   0.00060294  4.21302e-18 -0.000176899  2.90566e-18  -0.00021862  2.09595e-18 -9.96035e-05  1.12096e-18 -2.71564e-05  5.99245e-19 -4.46467e-06  1.76642e-19 -3.67032e-07  2.15205e-21
 -5.9088e-05 -1.65971e-19  0.000230841  7.30556e-20  0.000270088  1.68987e-18  -0.00111198 -8.31893e-19 -0.000656945 -3.49811e-18      0.00248  1.83233e-18   0.00191812  3.62474e-18  -0.00367913 -2.01479e-18  -0.00463442 -2.53193e-18   0.00315549  2.55733e-18   0.00812458  2.41354e-18  0.000794136 -9.26601e-20  -0.00945223  2.52349e-18  -0.00756322  1.33364e-18   0.00476999 -8.95702e-18    0.0117904 -1.07505e-17   0.00531725  2.58346e-18  -0.00633856   1.2252e-17   -0.0108766   9.7494e-18  -0.00581315  4.47869e-19   0.00215755 -9.58757e-18   0.00650381 -1.26651e-17   0.00617357 -6.85225e-18   0.00373886  4.17193e-19   0.00159767  2.16786e-18  0.000484229  1.94937e-18   9.8119e-05  1.49694e-18  1.07744e-05  8.35676e-19  -6.8974e-08  5.11266e-19 -1.65025e-07  9.95809e-20 -1.14845e-08
-1.59557e-20 -7.23914e-05 -3.00586e-19  0.000342703  2.66534e-19  0.000116944  1.76289e-18  -0.00124155 -1.41084e-18 -0.000329262 -3.01256e-18   0.00266892  1.62737e-18    0.0014462  2.41307e-18  -0.00404603 -1.70039e-18  -0.00416744 -1.38143e-18   0.00376651  1.50822e-18   0.00793609  5.50347e-19  0.000132706  1.20769e-18  -0.00968216  6.03049e-18  -0.00728435  2.09811e-18   0.00502647 -1.07505e-17     0.011933 -1.15781e-17   0.00564846  2.13225e-18  -0.00596019  1.21909e-17   -0.0110885  1.19044e-17  -0.00690505  2.93996e-18  0.000694136 -8.46748e-18   0.00545409 -1.28025e-17   0.00587284 -7.54184e-18   0.00395659 -1.59098e-18   0.00193416 -5.68905e-20  0.000712689  6.13623e-19  0.000197546  5.46744e-19   3.9802e-05  5.19084e-19  5.35653e-06  3.47113e-19  3.86956e-07  3.75614e-20
-2.82055e-05  -5.8583e-20 -3.55903e-05 -4.64417e-19  0.000418257  5.57333e-19  -6.7381e-05  1.62204e-18   -0.0013064 -1.68981e-18  2.53836e-05 -2.47985e-18   0.00278233   1.2008e-18   0.00093127  1.41854e-18  -0.00435186 -1.11709e-18  -0.00363626 -4.11698e-19    0.0043634   3.0346e-19   0.00769475  -1.1443e-18 -0.000562077  2.54958e-18  -0.00991905  8.90244e-18   -0.0069927  2.55353e-18   0.00531725 -1.15781e-17    0.0121215 -1.17161e-17   0.00602475  1.23616e-18  -0.00552847  1.21501e-17   -0.0112461  1.42952e-17  -0.00804318  5.85614e-18  -0.00109359 -6.51544e-18   0.00370793 -1.17073e-17   0.00462848 -7.53678e-18   0.00326128 -3.66649e-18   0.00161362 -2.12862e-18  0.000586382 -8.44868e-19  0.000155035 -2.81011e-19  2.82623e-05  3.09623e-19  3.11179e-06  1.70814e-19  1.34843e-07
 2.47796e-20 -6.92603e-05  -1.3132e-19   3.3789e-05 -5.73686e-19  0.000451137  8.48861e-19 -0.000266498   1.3645e-18  -0.00130433 -1.65831e-18  0.000394039 -1.92879e-18   0.00281544  7.23082e-19  0.000380261  6.71861e-19  -0.00458868 -3.75182e-19  -0.00303796  3.51835e-19   0.00494204 -1.00903e-18   0.00739117 -2.63644e-18  -0.00129712  3.80374e-18    -0.010161  1.08843e-17  -0.00668025  2.58346e-18   0.00564846 -1.17161e-17    0.0123585  -1.1766e-17    0.0064594 -1.74816e-21  -0.00500755    1.247e-17   -0.0113234  1.70837e-17  -0.00927098  9.31227e-18  -0.00330687 -3.76195e-18   0.00122671 -9.47274e-18   0.00257776 -7.25297e-18   0.00194279  -5.4862e-18  0.000945147 -3.64422e-18  0.000321896 -1.97197e-18  7.59968e-05  -6.5461e-19  1.15259e-05  1.83944e-19  9.05375e-07  4.89871e-20
 3.86854e-06  5.84962e-20  -9.8294e-05  -2.4083e-19   0.00011873 -5.64755e-19  0.000438864  1.05537e-18 -0.000465704    1.096e-18  -0.00123477 -1.38008e-18  0.000763453 -1.38453e-18   0.00276326  2.35125e-19 -0.000198777  1.20814e-19  -0.00474638  3.90035e-19  -0.00236961  8.38579e-19    0.0054957 -2.42167e-18   0.00701354 -3.78191e-18  -0.00207933   4.9942e-18   -0.0104042  1.19358e-17  -0.00633856  2.13225e-18   0.00602475  -1.1766e-17    0.0126548 -1.24833e-17   0.00698377 -1.44574e-18  -0.00437215   1.3378e-17   -0.0113458  2.04284e-17   -0.0106174  1.30878e-17  -0.00581567 -4.85609e-19  -0.00158321 -6.61175e-18  0.000320965 -6.91123e-18  0.000575593 -6.40446e-18  0.000314265 -4.27033e-18  0.000103493 -2.42468e-18  2.15911e-05 -5.98383e-19  2.58627e-06  6.60249e-20  1.17676e-07
 1.69685e-20 -1.26505e-05   9.6549e-20 -0.000104662 -3.67319e-19   0.00020597 -4.41611e-19    0.0003826  1.13445e-18  -0.00065112  8.77548e-19  -0.00109882 -9.45911e-19   0.00111949 -8.96666e-19   0.00262085 -2.74559e-19 -0.000795806 -2.80734e-19  -0.00481251   1.0638e-18  -0.00162884  9.22125e-19   0.00601416 -3.92106e-18   0.00654746 -4.36572e-18  -0.00291491  6.28586e-18   -0.0106441   1.2252e-17  -0.00596019  1.23616e-18    0.0064594 -1.24833e-17    0.0130392 -1.43997e-17   0.00761628 -2.94611e-18  -0.00365091  1.48459e-17   -0.0113179  2.39245e-17   -0.0118621  1.63477e-17  -0.00804153  2.80962e-18  -0.00390683 -3.68736e-18  -0.00138205 -6.11664e-18 -0.000345169 -5.87562e-18 -5.50813e-05 -4.02469e-18 -3.87388e-06 -2.22239e-18  2.84061e-07 -3.83215e-19  6.29035e-08 -9.94968e-21
 1.01699e-05  4.63432e-20 -4.02817e-05  1.09721e-19 -8.72303e-05 -4.68411e-19  0.000283757 -2.64133e-19  0.000286265  1.07646e-18 -0.000809436  7.14601e-19 -0.000899511 -4.51796e-19    0.0014466 -5.21258e-19   0.00238378 -7.68446e-19  -0.00139783 -4.88228e-19  -0.00477215  1.59134e-18  -0.00081489   4.4883e-19   0.00648296 -5.47862e-18   0.00597618 -4.21439e-18   -0.0038108  7.85377e-18   -0.0108766  1.21909e-17  -0.00552847 -1.74816e-21   0.00698377 -1.43997e-17    0.0135264 -1.75133e-17   0.00831919  -4.4556e-18  -0.00285158  1.62915e-17   -0.0109961  2.62721e-17   -0.0123713  1.80924e-17  -0.00911242   5.8055e-18  -0.00497111  -7.7478e-19  -0.00208131 -4.14981e-18 -0.000669987 -4.09926e-18 -0.000161882 -3.32634e-18 -2.76671e-05 -1.65481e-18  -2.9227e-06 -2.38731e-19 -1.24143e-07
-6.15113e-21  1.38996e-05  8.96045e-20 -6.87576e-05  7.65463e-20 -4.83532e-05 -5.08094e-19  0.000342029 -1.06334e-19  0.000156308  8.93596e-19 -0.000927888  5.85145e-19 -0.000642412   7.6904e-21   0.00172747 -2.96593e-19   0.00204901 -1.12935e-18  -0.00198778 -3.56921e-19  -0.00460807  1.96157e-18  7.03677e-05 -6.95483e-19    0.0068826 -7.03276e-18   0.00527842 -3.28263e-18  -0.00477623   9.7494e-18   -0.0110885  1.21501e-17  -0.00500755 -1.44574e-18   0.00761628 -1.75133e-17    0.0140745 -2.14192e-17   0.00907504 -6.28585e-18  -0.00173994  1.64726e-17  -0.00976871  2.59632e-17   -0.0113504  1.82035e-17  -0.00842381  8.74153e-18  -0.00456573  2.56913e-18  -0.00186679 -9.06428e-19 -0.000571921 -2.12392e-18 -0.000126268 -2.61787e-18 -1.83781e-05 -1.04597e-18 -1.41212e-06 -1.38958e-19
   4.315e-06 -7.05648e-21  8.07887e-06  1.32028e-19 -9.04015e-05  6.74766e-21  6.99939e-06 -4.78491e-19  0.000372617   -1.609e-20  1.75803e-06  6.27234e-19 -0.000994473   4.7756e-19 -0.000336378   3.4408e-19   0.00194286 -2.35174e-19   0.00161608 -1.20299e-18  -0.00254339  2.65106e-19  -0.00430099  2.13931e-18   0.00102111 -2.50888e-18    0.0071853 -8.44365e-18   0.00442586 -1.66852e-18  -0.00581315  1.19044e-17   -0.0112461    1.247e-17  -0.00437215 -2.94611e-18   0.00831919 -2.14192e-17    0.0146617 -2.58636e-17    0.0101041 -9.13346e-18  0.000249217  1.41654e-17  -0.00697881  2.28234e-17  -0.00847124  1.79654e-17  -0.00614934  1.21703e-17  -0.00316607  6.59205e-18  -0.00119752  2.48103e-18 -0.000328428 -1.05078e-18 -6.17908e-05  -1.9985e-18 -6.98097e-06  -6.0012e-19 -3.08569e-07
-7.08266e-21  1.09512e-05  1.75041e-21 -6.27639e-06  1.51212e-19   -9.976e-05 -6.93816e-20  7.17807e-05 -3.99402e-19  0.000369533  2.65725e-21 -0.000165673  3.52371e-19 -0.000998536  4.01578e-19  5.45198e-06  4.84829e-19   0.00207185 -3.19195e-19   0.00108883 -8.64246e-19  -0.00303564  1.39486e-18  -0.00382992  2.01652e-18   0.00202348 -4.82356e-18   0.00735054 -9.48181e-18   0.00339104  4.47869e-19  -0.00690505  1.42952e-17   -0.0113234   1.3378e-17  -0.00365091  -4.4556e-18   0.00907504 -2.58636e-17    0.0155025  -3.0991e-17    0.0119351 -1.33784e-17   0.00364482  9.53722e-18  -0.00258012  1.89187e-17  -0.00432464  1.91591e-17  -0.00320319  1.62025e-17  -0.00156815  1.05231e-17 -0.000540438    4.275e-18 -0.000129197 -1.04542e-18 -1.98183e-05 -1.38473e-18 -1.57165e-06 -2.79468e-19
-2.21341e-07 -1.65406e-20   1.5783e-05   2.0731e-20 -2.57319e-05  1.35119e-19   -9.357e-05 -1.25643e-19  0.000137432 -3.02865e-19  0.000329536 -1.94747e-20 -0.000331559  1.55547e-19 -0.000931781  3.64304e-19  0.000364567  3.88676e-19   0.00209247 -4.89784e-19  0.000477952 -6.89521e-20  -0.00342695  2.83388e-18  -0.00317539  1.44216e-18   0.00304942 -7.32587e-18   0.00732985  -9.9098e-18   0.00215755  2.93996e-18  -0.00804318  1.70837e-17   -0.0113458  1.48459e-17  -0.00285158 -6.28585e-18    0.0101041  -3.0991e-17    0.0171127 -3.65629e-17    0.0150149 -1.79608e-17   0.00827738  4.95833e-18   0.00249012  1.74166e-17  -0.00020118  2.23767e-17 -0.000666839  1.99689e-17 -0.000386381  1.26571e-17 -0.000130336   3.6648e-18 -2.75346e-05 -1.33658e-18 -3.31906e-06 -8.22814e-19 -1.51264e-07
-8.82049e-22  2.47489e-06 -2.34872e-20  1.58974e-05  4.23063e-20 -4.58022e-05  9.13185e-20 -7.10603e-05 -1.52488e-19  0.000194457 -2.17269e-19  0.000252884 -4.05898e-20  -0.00047896  9.32965e-20 -0.000789844  3.40106e-19  0.000715946  5.95598e-20   0.00198354 -6.41161e-19 -0.000195121  1.12841e-18  -0.00367126  4.22283e-18  -0.00232524  3.09874e-19   0.00405783 -9.65865e-18   0.00707386 -9.58757e-18  0.000694136  5.85614e-18  -0.00927098  2.04284e-17   -0.0113179  1.62915e-17  -0.00173994 -9.13346e-18    0.0119351 -3.65629e-17    0.0199116 -4.07721e-17    0.0190482 -2.01341e-17    0.0129823  3.89579e-18   0.00670019  1.99705e-17   0.00267015  2.62587e-17  0.000821927  2.18454e-17  0.000192796  1.16515e-17  3.34147e-05  1.59473e-18  3.99498e-06 -1.24477e-18  2.70937e-07 -3.58577e-19
-1.08909e-06 -4.69529e-21  6.83269e-06 -2.11949e-20  1.02918e-05  5.76982e-20 -6.16546e-05   4.0501e-20 -3.41735e-05 -1.55138e-19  0.000233236  -1.5861e-19  0.000144241 -2.75846e-20 -0.000589111  1.60964e-19 -0.000574569  2.65076e-19    0.0010274 -4.49211e-19    0.0017282 -6.33068e-19 -0.000894843  2.59473e-18  -0.00371638  5.19027e-18  -0.00127486 -1.36102e-18   0.00499741  -1.1523e-17   0.00650381 -8.46748e-18  -0.00109359  9.31227e-18   -0.0106174  2.39245e-17   -0.0109961  1.64726e-17  0.000249217 -1.33784e-17    0.0150149 -4.07721e-17     0.023564 -4.04229e-17     0.022754 -1.69953e-17    0.0161208  8.22651e-18   0.00882975  2.50734e-17    0.0037909  2.84115e-17   0.00126497  2.04247e-17  0.000318191  7.93482e-18  5.65884e-05 -1.89672e-19  6.19595e-06 -8.13873e-19  2.71112e-07
 1.03805e-21 -1.11645e-06 -9.81355e-21  1.08722e-05 -8.41775e-21 -3.26289e-07  6.41122e-20  -6.8915e-05  1.71981e-21  1.23171e-05 -1.46804e-19  0.000245185  -1.2796e-19  1.35793e-05  3.48936e-20 -0.000642974  2.93688e-19 -0.000296844   6.0577e-20   0.00126016 -1.03884e-18   0.00131844 -3.27158e-19  -0.00156868  4.14389e-18  -0.00350106  5.48282e-18 -2.64546e-05 -3.37747e-18    0.0057731 -1.26651e-17   0.00545409 -6.51544e-18  -0.00330687  1.30878e-17   -0.0118621  2.62721e-17  -0.00976871  1.41654e-17   0.00364482 -1.79608e-17    0.0190482 -4.04229e-17    0.0267545 -3.31078e-17    0.0244684 -7.86712e-18    0.0165814  1.62848e-17   0.00864744  2.91463e-17   0.00348575  2.70442e-17   0.00106628  1.56932e-17  0.000236693  3.60593e-18  3.47723e-05 -8.10094e-19   2.7027e-06  -3.4411e-19
-5.39375e-07   7.6273e-22  3.03545e-07 -1.31798e-20   1.2695e-05  9.89144e-21 -1.37159e-05    6.462e-20  -6.4542e-05 -1.88364e-20  6.09603e-05  -1.4183e-19  0.000224395 -1.12313e-19 -0.000123255  1.44687e-19 -0.000623975  3.96598e-19  2.04005e-05 -3.24347e-19   0.00137052 -1.57006e-18  0.000760993  3.49271e-19  -0.00213738  5.52858e-18  -0.00295042  5.01736e-18   0.00137396 -5.36309e-18   0.00617357 -1.28025e-17   0.00370793 -3.76195e-18  -0.00581567  1.63477e-17   -0.0123713  2.59632e-17  -0.00697881  9.53722e-18   0.00827738 -2.01341e-17     0.022754 -3.31078e-17    0.0278189 -1.95073e-17    0.0231965  4.60265e-18    0.0144341  2.37603e-17   0.00686994   2.9287e-17   0.00248958  2.20206e-17  0.000667433  9.41031e-18    0.0001243  6.87784e-19  1.40209e-05 -6.26858e-19  6.22737e-07
 5.22739e-22  -1.1018e-06 -1.47372e-21  2.80274e-06 -1.25894e-20  1.10684e-05  2.72122e-20 -2.65022e-05  6.29288e-20 -4.77356e-05 -2.87826e-20  0.000102289  -1.4941e-19  0.000169685 -8.95404e-20 -0.000244771  2.84727e-19 -0.000522168  3.86309e-19  0.000338636  -8.6381e-19   0.00131349 -1.87791e-18  9.30837e-05  1.32778e-18  -0.00247955  6.43265e-18  -0.00200835  3.87936e-18    0.0027475 -6.85225e-18   0.00587284 -1.17073e-17   0.00122671 -4.85609e-19  -0.00804153  1.80924e-17   -0.0113504  2.28234e-17  -0.00258012  4.95833e-18    0.0129823 -1.69953e-17    0.0244684 -1.95073e-17    0.0258105  -3.4657e-18    0.0192398  1.57897e-17    0.0107607  2.68191e-17   0.00457202   2.5045e-17   0.00145462  1.48834e-17  0.000332188  4.02589e-18   4.9746e-05  -3.7301e-19  3.91064e-06 -2.60029e-19
-9.68595e-08  1.06432e-21 -1.16018e-06 -4.89948e-21   5.3796e-06 -8.25012e-21  5.86236e-06  3.95706e-20 -3.48883e-05  5.95132e-20 -2.07425e-05 -4.18678e-20  0.000126263 -1.69346e-19   8.6947e-05 -3.94261e-20 -0.000325562  4.22914e-19 -0.000341059  2.26589e-19  0.000600458  -1.4263e-18   0.00105801 -1.81738e-18 -0.000589137   2.3744e-18  -0.00244763  6.55467e-18  -0.00073529  2.27575e-18   0.00373886 -7.54184e-18   0.00462848 -9.47274e-18  -0.00158321  2.80962e-18  -0.00911242  1.82035e-17  -0.00847124  1.89187e-17   0.00249012  3.89579e-18    0.0161208 -7.86712e-18    0.0231965  -3.4657e-18    0.0211168  1.01859e-17    0.0139323  2.18825e-17   0.00691499  2.45305e-17   0.00258373  1.81024e-17  0.000708136  7.98442e-18  0.000133921  9.49224e-19  1.52561e-05 -3.86593e-19  6.81208e-07
 2.34234e-22 -4.02835e-07  9.60772e-22 -4.39773e-07 -7.89721e-21  6.83313e-06 -2.12976e-21 -1.72562e-06  4.64476e-20 -3.57123e-05  5.21446e-20  1.07462e-05 -6.78574e-20  0.000124813 -1.91429e-19 -8.73649e-06  4.24413e-20 -0.000341567  5.12454e-19 -0.000107715 -5.46421e-20  0.000736071 -1.80673e-18  0.000622346 -1.33233e-18  -0.00112101  3.18414e-18  -0.00195669  5.77086e-18   0.00060294  4.17193e-19   0.00395659 -7.53678e-18   0.00257776 -6.61175e-18  -0.00390683   5.8055e-18  -0.00842381  1.79654e-17  -0.00432464  1.74166e-17   0.00670019  8.22651e-18    0.0165814  4.60265e-18    0.0192398  1.01859e-17    0.0151611  1.81022e-17   0.00880308  2.19055e-17   0.00384103  1.86892e-17    0.0012456  1.08674e-17  0.000288314   3.1461e-18  4.35695e-05 -1.00885e-19  3.44406e-06 -1.57478e-19
 2.78994e-08  6.95266e-22 -6.79108e-07 -1.43249e-22  8.61363e-07 -9.45165e-21  6.27678e-06  3.82913e-21 -9.32213e-06  4.93747e-20 -2.77769e-05  3.86725e-20  3.81723e-05 -1.05257e-19  9.57218e-05  -1.9867e-19 -9.32993e-05  1.36902e-19 -0.000281621  5.02226e-19  0.000121323 -3.76483e-19  0.000693508 -1.82466e-18  0.000107896 -4.95373e-19  -0.00132922  3.55026e-18  -0.00110237  4.21302e-18   0.00159767 -1.59098e-18   0.00326128 -7.25297e-18  0.000320965 -3.68736e-18  -0.00497111  8.74153e-18  -0.00614934  1.91591e-17  -0.00020118  1.99705e-17   0.00882975  1.62848e-17    0.0144341  1.57897e-17    0.0139323  1.81022e-17   0.00953089  1.96234e-17   0.00484886  1.76103e-17   0.00184374  1.19702e-17  0.000511642  5.22172e-18  9.75963e-05  7.52871e-19  1.11804e-05 -1.91842e-19    5.008e-07
 3.57523e-23 -5.61617e-08  1.03618e-21 -6.63289e-07 -1.96043e-21  2.14797e-06 -9.63748e-21  3.63569e-06  8.76959e-21 -1.40849e-05  4.95677e-20 -1.30729e-05   1.8993e-20  5.25435e-05 -1.39933e-19  4.66556e-05 -1.74416e-19 -0.000140434  2.06725e-19  -0.00016176  3.60773e-19  0.000274808 -6.40607e-19  0.000483864 -1.42565e-18 -0.000320191  5.15163e-19   -0.0011498  3.44187e-18 -0.000176899  2.16786e-18   0.00193416 -3.66649e-18   0.00194279 -6.91123e-18  -0.00138205  -7.7478e-19  -0.00456573  1.21703e-17  -0.00320319  2.23767e-17   0.00267015  2.50734e-17   0.00864744  2.37603e-17    0.0107607  2.18825e-17   0.00880308  1.96234e-17   0.00523647  1.64553e-17   0.00232334  1.17918e-17   0.00076239  6.37685e-18  0.000177938  1.87545e-18   2.7041e-05  7.35091e-21  2.14499e-06  -7.6378e-20
