 3.07531e-34  1.00216e-36 -4.59333e-34  -4.3093e-36  9.50393e-35 -6.67344e-36 -1.85899e-34  4.26992e-36  7.04228e-35 -4.86701e-36  -6.5455e-35  6.49636e-36  1.95144e-34   -7.512e-36 -1.00066e-34  1.94825e-36 -2.07576e-35 -8.50891e-37  2.44061e-35  1.48134e-36 -1.56347e-35 -5.97724e-37 -7.74811e-37  2.56349e-37  3.27276e-36    7.949e-38 -8.98644e-37  4.70456e-38 -1.53436e-37 -4.75476e-39 -6.79802e-36  4.53197e-38  3.81177e-35 -6.16496e-39  -1.7275e-34 -3.44826e-39  7.04308e-34  1.34123e-39 -2.60055e-33 -6.32886e-39   8.6988e-33  1.12697e-39 -2.63513e-32  -3.1718e-39  7.22207e-32  9.74838e-39 -1.78777e-31 -3.17088e-38  3.98735e-31  9.67674e-38 -7.98555e-31 -2.72163e-37  1.42947e-30  7.10061e-37 -2.27305e-30 -1.71948e-36  3.18372e-30  3.86379e-36 -3.88133e-30 -8.05084e-36  4.04639e-30  1.55396e-35 -3.50541e-30 -2.77456e-35  2.39083e-30  4.57364e-35 -1.12138e-30 -6.94253e-35  1.64806e-31     9.67e-35  2.51251e-31 -1.22984e-34 -2.37079e-31  1.41801e-34  7.54127e-32 -1.46592e-34  2.56634e-32  1.33345e-34 -3.25875e-32 -1.02857e-34  7.08456e-33  6.12666e-35  5.04699e-33 -1.82087e-35 -2.96068e-33 -1.67444e-35 -2.94224e-34   3.7599e-35  5.78473e-34 -4.36341e-35 -2.86355e-35   3.8597e-35 -8.36314e-35 -2.81886e-35  9.85469e-36  1.74262e-35   8.7246e-36 -9.16519e-36 -5.98331e-37   4.0752e-36 -9.71365e-37 -1.50636e-36  7.05982e-38  4.48236e-37  4.45499e-38 -1.00488e-37  6.03038e-39  1.40173e-38  -3.0372e-39  6.96234e-41 -2.05455e-40 -6.20529e-40  3.35876e-41  1.74234e-40  9.16883e-42 -2.75057e-41  4.40381e-43   2.8316e-42 -1.34209e-43 -2.15695e-43 -3.32306e-45  1.48757e-44  1.20503e-48 -8.13338e-46  5.73412e-48  1.67357e-47
 1.00216e-36  1.31145e-33  6.87151e-36 -1.30678e-33 -1.49865e-35  2.68129e-34 -2.85492e-35 -6.84732e-34  1.14703e-35  2.96172e-34 -1.01726e-35 -1.32256e-34  7.97472e-37  2.91141e-34 -2.14673e-35 -2.18731e-34  5.56179e-36 -9.32399e-36 -1.60284e-36  4.84328e-35  2.61518e-36  -4.3478e-35 -1.07991e-36  2.15583e-36   4.7585e-37  9.42777e-36  2.82915e-37 -9.94501e-36  4.01769e-38  4.78908e-35 -1.43442e-38 -2.70571e-34  1.59032e-37  1.29487e-33 -3.18928e-38 -5.55717e-33 -1.01374e-38  2.15804e-32  5.58233e-39 -7.59181e-32 -2.13654e-38  2.41937e-31  1.61945e-38 -6.97983e-31 -5.50983e-38  1.82055e-30  1.80431e-37  -4.2844e-30 -5.66545e-37   9.0708e-30  1.65769e-36 -1.72088e-29 -4.50005e-36  2.90998e-29   1.1345e-35 -4.35443e-29 -2.65618e-35  5.70869e-29  5.77314e-35  -6.4633e-29 -1.16408e-34  6.18055e-29  2.17552e-34 -4.80341e-29 -3.76341e-34  2.79679e-29  6.01574e-34 -9.32662e-30 -8.86534e-34 -1.81198e-30  1.20084e-33  4.55499e-30 -1.48896e-33  -2.5564e-30  1.68037e-33  1.83774e-31 -1.71157e-33  6.15679e-31  1.55266e-33 -3.24515e-31 -1.22531e-33 -2.45558e-32  8.00644e-34  8.01267e-32 -3.75123e-34 -1.58599e-32  3.49936e-35 -1.17386e-32  1.72822e-34  4.56489e-33 -2.49721e-34   1.3052e-33  2.32807e-34 -7.46768e-34 -1.71038e-34 -1.23516e-34  1.04186e-34  7.91892e-35  -5.3336e-35  1.52367e-35  2.28714e-35 -6.99366e-36 -8.08267e-36  -1.1223e-36  2.27657e-36  2.34102e-37 -4.76349e-37  1.04234e-37  6.01583e-38 -7.10952e-39  9.70433e-40 -2.92331e-39 -2.40462e-39 -1.96793e-40  5.67963e-40  4.33395e-41 -7.21786e-41  6.57355e-42  5.50601e-42 -1.38158e-43 -3.08623e-43 -2.17592e-44  2.04114e-44 -9.42815e-46 -1.00878e-45 -1.58404e-48
-4.59333e-34  6.87151e-36  3.23849e-33  2.70747e-35 -2.27135e-33 -3.30543e-35  2.53538e-34 -7.20911e-35 -1.12182e-33  2.15818e-35  5.34494e-34 -1.33314e-35 -2.11327e-34  -2.0652e-35  2.75834e-34 -4.07429e-35 -3.73482e-34  9.97807e-36  3.34603e-35 -2.85642e-36  6.21069e-35  3.46157e-36 -7.53053e-35  -1.5504e-36 -1.52909e-36  5.88188e-37  5.50152e-35  5.86762e-37  -2.4161e-34 -2.45284e-38  1.32537e-33 -7.19309e-38 -6.65675e-33  3.79623e-37  3.00672e-32 -8.52586e-38 -1.22816e-31 -2.25732e-38  4.54373e-31  2.01152e-38 -1.52302e-30 -8.67494e-38  4.62366e-30  2.01129e-37 -1.27007e-29 -7.00895e-37  3.15147e-29  2.27391e-36 -7.04655e-29 -6.90089e-36  1.41495e-28  1.94692e-35 -2.53988e-28 -5.10246e-35  4.05047e-28  1.24245e-34 -5.69041e-28 -2.81046e-34  6.95914e-28   5.9034e-34 -7.27861e-28 -1.15073e-33  6.32616e-28  2.07965e-33 -4.32819e-28 -3.48036e-33  2.03455e-28   5.3849e-33 -2.95718e-29 -7.68692e-33 -4.64759e-29  1.00968e-32   4.3865e-29 -1.21598e-32 -1.39776e-29  1.33629e-32 -4.82327e-30 -1.33091e-32  6.13197e-30  1.18914e-32 -1.34032e-30 -9.37262e-33 -9.59653e-31  6.31494e-33  5.66922e-31 -3.37907e-33  5.65367e-32  1.08993e-33 -1.12643e-31  3.17285e-34  6.17303e-33 -9.08095e-34  1.61299e-32  9.38463e-34 -1.81816e-33 -7.03337e-34 -1.82129e-33  4.24304e-34  1.67966e-34 -2.11807e-34  1.77347e-34  8.75877e-35 -8.28871e-36 -2.95389e-35 -1.10795e-35  7.84014e-36 -7.20237e-37 -1.51526e-36  5.36079e-37  1.67276e-37  5.47611e-38  6.57493e-39 -7.79923e-39 -6.59066e-39 -2.13237e-39  1.26085e-39 -3.47303e-41 -1.21308e-40  2.18903e-41  5.70133e-42   1.1186e-42 -1.72401e-43 -2.38952e-45  1.56862e-44 -1.98256e-45 -6.37346e-46
 -4.3093e-36 -1.30678e-33  2.70747e-35  5.63042e-33   7.4166e-35 -2.71683e-33 -5.35414e-35 -1.98815e-34 -1.30436e-34 -1.09316e-33  3.30893e-35   6.0115e-34 -1.05235e-35 -2.73841e-34 -5.28149e-35  1.97815e-34 -5.90352e-35 -5.44619e-34  1.39619e-35  9.80551e-35 -4.83678e-36  5.08435e-35    4.016e-36 -7.89456e-35 -1.81372e-36 -1.37796e-34  5.15971e-37  9.10844e-34  9.04539e-37 -5.15227e-33 -1.04374e-37  2.70947e-32 -2.43953e-37 -1.28784e-31  7.17771e-37  5.53407e-31 -1.49641e-37 -2.15326e-30 -6.92501e-38  7.59071e-30  1.47489e-37 -2.42432e-29 -6.34093e-37  7.01024e-29  2.13068e-36 -1.83293e-28 -7.23134e-36   4.3246e-28  2.27663e-35 -9.18064e-28 -6.66788e-35  1.74667e-27   1.8149e-34 -2.96241e-27 -4.59075e-34  4.44679e-27  1.07916e-33 -5.84892e-27 -2.35705e-33  6.64475e-27  4.78129e-33  -6.3766e-27 -9.00178e-33  4.97363e-27  1.57155e-32 -2.90582e-27 -2.54112e-32  9.70712e-28  3.79984e-32  1.93163e-28 -5.24456e-32 -4.82137e-28  6.66489e-32  2.71593e-28   -7.774e-32 -1.95474e-29  8.28797e-32  -6.6192e-29 -8.02997e-32  3.51237e-29  7.01198e-32  2.62797e-30 -5.44775e-32  -8.7636e-30  3.68225e-32  1.76028e-30 -2.06816e-32  1.29703e-30  8.49651e-33 -5.13764e-31 -1.06586e-33 -1.43436e-31 -2.26015e-33  8.38117e-32  2.89133e-33  1.43265e-32 -2.25864e-33 -9.41274e-33  1.35889e-33 -1.58755e-33 -6.63121e-34  7.63579e-34   2.6453e-34  1.47339e-34 -8.50017e-35 -3.34386e-35  2.11656e-35 -1.10286e-35 -3.73615e-36  6.55235e-37  3.44058e-37  3.79229e-37  2.68244e-38  2.19943e-38 -1.45068e-38 -5.77594e-39  2.17824e-39 -6.99806e-40 -1.44703e-40  7.00642e-42  1.81134e-42  3.24192e-42  1.12429e-43  1.19714e-43  7.18233e-45 -3.88572e-46
 9.50393e-35 -1.49865e-35 -2.27135e-33   7.4166e-35  7.62175e-33  1.53446e-34 -2.36802e-33 -6.44024e-35 -9.57933e-34   -1.859e-34 -5.05578e-34  4.29832e-35  3.98469e-34  7.52266e-37 -2.92296e-34 -8.52968e-35  1.33515e-34 -6.93588e-35 -6.84905e-34  1.65599e-35  1.76734e-34 -6.86932e-36 -3.23004e-35  4.10436e-36  2.98948e-34 -1.35668e-36 -2.72762e-33  2.19138e-37  1.67356e-32  1.09007e-36 -9.25607e-32  -1.1356e-37  4.63043e-31 -5.67314e-37 -2.09377e-30  1.12993e-36  8.56887e-30 -1.25364e-37 -3.17681e-29 -4.12469e-37   1.0672e-28  1.40919e-36 -3.24746e-28 -5.54353e-36  8.94254e-28  1.93237e-35 -2.22474e-27 -6.32791e-35  4.98811e-27  1.92338e-34 -1.00453e-26  -5.4335e-34  1.80868e-26  1.42664e-33 -2.89369e-26 -3.48181e-33  4.07909e-26  7.89817e-33 -5.00637e-26 -1.66479e-32  5.25581e-26  3.25915e-32  -4.5859e-26 -5.92192e-32  3.15017e-26  9.97783e-32 -1.48651e-26  -1.5571e-31   2.1585e-27  2.24734e-31  3.44365e-27 -2.99429e-31 -3.26368e-27  3.67453e-31  1.04676e-27 -4.14135e-31  3.61624e-28  4.27067e-31 -4.64102e-28 -4.00963e-31  1.02829e-28  3.40361e-31   7.3134e-29 -2.58505e-31 -4.38272e-29  1.72686e-31 -4.23921e-30 -9.82529e-32  8.79916e-30  4.41529e-32 -5.23744e-31 -1.17706e-32 -1.26781e-30 -3.13934e-33  1.47246e-31  7.09688e-33  1.46913e-31 -5.98842e-33 -1.50214e-32  3.62814e-33 -1.40005e-32 -1.73674e-33  6.03536e-34  6.68862e-34  9.56759e-34   -2.045e-34  4.42342e-35  4.75519e-35 -4.25208e-35  -7.5678e-36 -4.93527e-36   5.4011e-37  7.30933e-37  7.78725e-38  1.79877e-37 -2.67002e-38  1.88493e-39  3.05812e-39  -1.7641e-39  -1.1777e-40 -1.10116e-40 -4.46579e-42  8.42425e-43  3.04448e-43  1.80665e-43  1.84523e-45
-6.67344e-36  2.68129e-34 -3.30543e-35 -2.71683e-33  1.53446e-34  8.81355e-33  2.51664e-34 -1.53529e-33 -4.92862e-35 -1.60878e-33 -2.23101e-34  4.27579e-34  4.69676e-35 -4.11968e-35  1.99645e-35 -2.54251e-34 -1.09643e-34  1.10776e-34 -6.83064e-35 -7.54002e-34  1.69872e-35  3.60981e-34 -7.64239e-36 -1.02039e-33  3.31269e-36   7.1187e-33  4.20012e-37 -4.68353e-32 -3.14376e-37  2.73825e-31  9.74413e-37 -1.44295e-30  1.33064e-38  6.86787e-30 -9.66796e-37 -2.95695e-29  1.41931e-36  1.15296e-28   5.7123e-37 -4.07356e-28 -3.22477e-36   1.3041e-27  1.22071e-35 -3.78046e-27 -4.51587e-35  9.91082e-27  1.53254e-34  -2.3449e-26 -4.83639e-34  4.99271e-26  1.41757e-33 -9.52863e-26 -3.86167e-33  1.62143e-25  9.77896e-33 -2.44237e-25 -2.30206e-32  3.22433e-25  5.03721e-32 -3.67732e-25 -1.02416e-31  3.54346e-25  1.93387e-31 -2.77588e-25 -3.38885e-31  1.62927e-25    5.506e-31 -5.46877e-26 -8.28448e-31 -1.09555e-26  1.15268e-30  2.74842e-26 -1.48048e-30 -1.55911e-26  1.75147e-30    1.154e-27 -1.90347e-30  3.82989e-27  1.89395e-30 -2.05641e-27 -1.71775e-30 -1.47049e-28  1.41162e-30  5.17105e-28   -1.042e-30  -1.0658e-28  6.81527e-31 -7.69703e-29 -3.85545e-31  3.12694e-29  1.79282e-31  8.51134e-30 -5.90414e-32 -5.14363e-30  3.32555e-33 -8.59718e-31  1.38278e-32  5.91108e-31 -1.34698e-32  9.39315e-32  8.33303e-33 -4.76788e-32 -3.93124e-33 -9.38586e-33  1.46357e-33   2.2711e-33 -4.25244e-34  6.77026e-34  9.18817e-35 -4.07009e-35  -1.2978e-35  -2.5424e-35  6.21919e-37 -1.28643e-36  1.75237e-37  3.86556e-37 -4.17034e-38  4.50122e-38  3.52244e-39 -3.76905e-40 -4.39855e-41 -2.35445e-40 -9.08326e-42 -7.58809e-42   2.7132e-43  3.19277e-44
-1.85899e-34 -2.85492e-35  2.53538e-34 -5.35414e-35 -2.36802e-33  2.51664e-34  9.43656e-33  3.38226e-34 -7.32047e-34  3.72204e-36 -1.83852e-33  -2.3886e-34  1.39926e-33   4.1831e-35 -5.88777e-34  4.29593e-35 -1.59458e-34 -1.22234e-34  1.16477e-34 -5.73314e-35 -9.37905e-34  1.46837e-35  2.47205e-33 -6.06299e-36 -1.69011e-32  1.31186e-36  1.15805e-31  3.74782e-36 -7.15552e-31 -1.05206e-36  3.97595e-30   4.5554e-37 -1.99285e-29   2.2732e-37  9.02896e-29 -1.07261e-36 -3.70306e-28  5.33314e-37  1.37599e-27    6.061e-36 -4.63355e-27 -2.48388e-35  1.41356e-26  9.35683e-35   -3.903e-26 -3.30955e-34  9.73759e-26   1.0835e-33 -2.18985e-25 -3.29502e-33  4.42407e-25  9.31054e-33 -7.99252e-25 -2.44546e-32  1.28328e-24  5.97146e-32 -1.81582e-24 -1.35558e-31  2.23755e-24  2.86022e-31 -2.35908e-24 -5.60706e-31  2.06781e-24  1.02066e-30 -1.42747e-24 -1.72383e-30  6.77379e-25   2.6987e-30 -9.93395e-26 -3.91143e-30  -1.5825e-25  5.24087e-30  1.51217e-25  -6.4804e-30  -4.9059e-26  7.37941e-30 -1.67414e-26 -7.71911e-30  2.18797e-26  7.39416e-30 -4.95642e-27 -6.46066e-30 -3.45666e-27  5.12236e-30   2.1168e-27 -3.65835e-30  1.92713e-28  2.32744e-30 -4.28268e-28 -1.29433e-30  2.82166e-29  6.06296e-31   6.2229e-29 -2.17921e-31 -7.67416e-30  3.93353e-32 -7.31268e-30  1.98469e-32  8.11856e-31 -2.60137e-32  7.02163e-31  1.67806e-32 -3.35572e-32 -7.85193e-33 -4.97661e-32  2.83117e-33 -1.87009e-33 -7.80815e-34  2.20499e-33   1.5589e-34  2.58384e-34 -1.91517e-35  -4.1256e-35  4.01852e-37 -9.43325e-36  3.20542e-37  -7.4376e-38 -5.55104e-38  9.57286e-38  3.27845e-39  6.08494e-39  4.19056e-41 -6.79749e-41 -9.25025e-42 -9.81894e-42  1.15733e-43
 4.26992e-36 -6.84732e-34 -7.20911e-35 -1.98815e-34 -6.44024e-35 -1.53529e-33  3.38226e-34  9.81184e-33   3.8172e-34 -2.95773e-34  9.20619e-35 -1.65523e-33  -2.3976e-34  2.17728e-33  2.84631e-35 -1.08775e-33  6.30307e-35 -4.08157e-35 -1.23055e-34  4.77258e-34 -4.11761e-35 -4.81579e-33  9.80307e-36  3.54781e-32 -1.89961e-36 -2.56738e-31 -1.70614e-36  1.67515e-30  8.12367e-36 -9.82044e-30 -1.88764e-36  5.18639e-29 -3.68815e-37 -2.47357e-28  1.05633e-37  1.06729e-27  8.89721e-37 -4.17109e-27 -8.52456e-36  1.47729e-26  4.51539e-35 -4.74155e-26 -1.76761e-34  1.37828e-25  6.45985e-34  -3.6237e-25 -2.19633e-33   8.5999e-25  6.92854e-33   -1.837e-24 -2.03052e-32  3.51795e-24  5.53065e-32 -6.00806e-24 -1.40046e-31  9.08495e-24    3.297e-31 -1.20429e-23  -7.2157e-31  1.37952e-23  1.46765e-30 -1.33558e-23 -2.77297e-30  1.05166e-23  4.86371e-30 -6.20873e-24 -7.91266e-30   2.1007e-24  1.19277e-29  4.16035e-25 -1.66389e-29 -1.06254e-24  2.14478e-29    6.091e-25 -2.55015e-29 -4.75937e-26  2.79114e-29 -1.50169e-25  -2.8053e-29  8.20278e-26  2.58165e-29  5.37823e-27 -2.16767e-29 -2.07251e-26  1.65308e-29  4.42857e-27 -1.13793e-29  3.09206e-27  7.00625e-30 -1.29942e-27 -3.80095e-30  -3.4089e-28  1.76642e-30  2.15789e-28 -6.59326e-31  3.43907e-29  1.58775e-31 -2.51937e-29  1.32596e-32 -3.79086e-30 -4.30957e-32   2.0621e-30   2.9986e-32  3.94264e-31 -1.40394e-32 -1.02471e-31  4.91533e-33 -2.88864e-32 -1.28513e-33   1.9135e-33  2.35509e-34   1.1379e-33  -2.4483e-35  5.14132e-35 -2.70226e-37 -1.76835e-35  4.90113e-37 -2.01156e-36  -6.2827e-38   2.1692e-38  2.33872e-39  1.11251e-38  9.68014e-41  3.35291e-40 -5.85301e-42 -1.56078e-42
 7.04228e-35  1.14703e-35 -1.12182e-33 -1.30436e-34 -9.57933e-34 -4.92862e-35 -7.32047e-34   3.8172e-34  1.00189e-32  3.68087e-34 -3.14378e-34  1.96304e-34 -1.28485e-33 -2.32786e-34  2.64857e-33  1.23513e-35 -1.37597e-33  7.32441e-35 -5.26907e-34 -1.13701e-34  7.42946e-33 -2.54727e-35 -6.66436e-32  3.58927e-36  5.13996e-31   4.1259e-36  -3.5479e-30 -4.80878e-36    2.196e-29  1.22687e-35 -1.22271e-28 -2.69276e-36  6.14133e-28 -8.38366e-37 -2.78853e-27 -2.80574e-36  1.14632e-26  1.58536e-35 -4.26996e-26 -7.23137e-35  1.44163e-25  3.04817e-34 -4.41011e-25 -1.15525e-33  1.22124e-24  4.07183e-33  -3.0563e-24 -1.33275e-32  6.89576e-24  4.05077e-32 -1.39797e-23 -1.14407e-31  2.53491e-23  3.00367e-31 -4.08606e-23 -7.33179e-31  5.80592e-23  1.66387e-30 -7.18645e-23 -3.50995e-30  7.61337e-23  6.88003e-30 -6.70858e-23 -1.25242e-29  4.65868e-23  2.11574e-29 -2.22715e-23 -3.31381e-29  3.33614e-24  4.80685e-29  5.21615e-24 -6.44892e-29 -5.04711e-24  7.98975e-29   1.6648e-24 -9.12473e-29  5.53148e-25  9.58627e-29 -7.43216e-25 -9.24249e-29   1.7363e-25  8.15533e-29  1.17153e-25 -6.56447e-29 -7.38809e-26  4.80114e-29 -6.11058e-27 -3.17431e-29  1.50306e-26  1.88336e-29  -1.1194e-27 -9.91033e-30 -2.20084e-27   4.5259e-30  2.93358e-28 -1.71137e-30  2.61564e-28  4.67732e-31  -3.1797e-29 -3.33655e-32 -2.54875e-29  -6.0033e-32  1.43234e-30  4.78936e-32  1.85289e-30 -2.27162e-32  5.58082e-32  7.74768e-33 -8.38996e-32 -1.91728e-33 -9.47479e-33  3.19866e-34  1.66317e-33 -2.70252e-35  3.59035e-34 -1.39426e-36  1.57808e-36  6.36771e-37 -3.81937e-36 -5.99307e-38 -2.35302e-37  1.07416e-39  3.29329e-39   1.0032e-40  3.93694e-40 -2.08851e-42
-4.86701e-36  2.96172e-34  2.15818e-35 -1.09316e-33   -1.859e-34 -1.60878e-33  3.72204e-36 -2.95773e-34  3.68087e-34  1.00246e-32  3.05792e-34 -7.14765e-34  2.88428e-34 -9.37445e-34 -2.19683e-34  2.72354e-33  7.01847e-37 -4.76437e-34  6.89073e-35 -1.16608e-32 -9.63753e-35  1.13329e-31 -1.48528e-35 -9.35971e-31 -1.87217e-36  6.84683e-30  1.06015e-35 -4.47867e-29 -6.46415e-36  2.63085e-28  1.45193e-35 -1.39232e-27 -3.80782e-36   6.6551e-27  2.51053e-36 -2.87825e-26 -2.40567e-35  1.12764e-25  1.13389e-34  -4.0043e-25 -4.80801e-34  1.28881e-24  1.90502e-33 -3.75738e-24 -6.96605e-33  9.90968e-24  2.36495e-32 -2.35961e-23 -7.45517e-32  5.05806e-23  2.18325e-31 -9.72277e-23 -5.94252e-31  1.66711e-22  1.50375e-30 -2.53161e-22 -3.53798e-30  3.37118e-22  7.73859e-30 -3.88066e-22 -1.57317e-29  3.77719e-22  2.97097e-29 -2.99206e-22 -5.20897e-29  1.77908e-22  8.47192e-29 -6.08788e-23 -1.27688e-28 -1.16865e-23  1.78129e-28   3.0817e-23 -2.29677e-28 -1.79165e-23  2.73269e-28  1.51293e-24  -2.9946e-28   4.4132e-24  3.01604e-28 -2.46624e-24 -2.78513e-28 -1.40323e-25  2.35178e-28  6.24074e-25 -1.81044e-28 -1.39635e-25  1.26625e-28 -9.29921e-26 -8.01339e-29  4.08011e-26   4.5633e-29  1.01664e-26 -2.31814e-29 -6.83474e-27  1.03364e-29 -1.01697e-27 -3.90596e-30  8.09682e-28  1.13986e-30  1.13749e-28 -1.68933e-31 -6.76149e-29 -6.57084e-32 -1.22836e-29  6.85959e-32  3.48022e-30 -3.35506e-32  9.30399e-31  1.11908e-32 -7.04245e-32 -2.61514e-33 -3.81304e-32  3.93015e-34 -1.51982e-33 -2.52774e-35  6.15848e-34 -2.76105e-36  6.75358e-35     7.09e-37 -9.94539e-37 -4.72916e-38 -3.92503e-37  9.02372e-42 -1.13206e-38  6.64887e-41  6.20137e-41
 -6.5455e-35 -1.01726e-35  5.34494e-34  3.30893e-35 -5.05578e-34 -2.23101e-34 -1.83852e-33  9.20619e-35 -3.14378e-34  3.05792e-34  9.86243e-33   2.1748e-34 -1.35471e-33  3.44428e-34 -5.90882e-34 -1.98518e-34  1.14491e-33 -1.58949e-36  1.62402e-32  4.91606e-35 -1.77401e-31 -7.36777e-35  1.55974e-30 -1.17378e-35 -1.21065e-29  -4.4181e-36  8.37802e-29  1.57613e-35 -5.19627e-28 -5.05625e-36  2.89931e-27  1.39267e-35 -1.45948e-26 -9.07012e-36  6.64254e-26  3.05315e-35 -2.73745e-25 -1.60303e-34  1.02239e-24  7.12041e-34 -3.46149e-24 -2.91137e-33  1.06207e-23   1.1066e-32 -2.95037e-23 -3.89755e-32  7.40844e-23  1.27425e-31 -1.67749e-22 -3.86929e-31  3.41365e-22  1.09181e-30 -6.21491e-22 -2.86389e-30  1.00611e-21  6.98461e-30 -1.43619e-21 -1.58378e-29  1.78654e-21  3.33835e-29 -1.90292e-21 -6.53872e-29  1.68686e-21  1.18943e-28  -1.1796e-21 -2.00796e-28  5.69205e-22    3.143e-28  -8.8067e-23 -4.55644e-28 -1.32802e-22  6.10988e-28  1.30716e-22 -7.56665e-28 -4.40663e-23  8.63926e-28  -1.4034e-23  -9.0758e-28  1.95931e-23  8.75292e-28 -4.76074e-24 -7.73032e-28 -3.06504e-24  6.23503e-28   2.0071e-24 -4.57957e-28   1.4385e-25  3.05392e-28 -4.09715e-25 -1.84329e-28  3.50434e-26  1.00341e-28  6.03666e-26 -4.90003e-29 -8.81881e-27  2.12346e-29 -7.24937e-27 -7.95868e-30  9.77368e-28  2.41112e-30  7.18361e-28 -4.64386e-31  -4.8384e-29   -4.176e-32 -5.35271e-29  8.80208e-32 -1.15301e-30 -4.55726e-32  2.49789e-30  1.49292e-32  2.65344e-31 -3.28284e-33 -5.22558e-32  4.38271e-34 -1.06421e-32 -1.89467e-35  4.98292e-36  -4.0023e-36  1.19104e-34  6.78003e-37  7.00757e-36  -2.9737e-38 -1.20798e-37  -5.0985e-40 -1.24477e-38  2.67028e-41
 6.49636e-36 -1.32256e-34 -1.33314e-35   6.0115e-34  4.29832e-35  4.27579e-34  -2.3886e-34 -1.65523e-33  1.96304e-34 -7.14765e-34   2.1748e-34  9.63052e-33  1.27992e-34 -2.18484e-33  3.52743e-34   1.4167e-33  -1.6801e-34 -2.16673e-32  5.54795e-36  2.54718e-31  1.72711e-35 -2.38982e-30 -4.86447e-35  1.96995e-29 -1.57309e-35 -1.44388e-28 -2.57875e-36  9.46404e-28  1.78908e-35 -5.57111e-27 -7.88568e-38  2.95497e-26  1.43438e-35 -1.41579e-25 -4.41332e-35  6.13853e-25  2.08915e-34 -2.41137e-24 -9.76987e-34  8.58715e-24  4.16304e-33 -2.77214e-23  -1.6406e-32  8.10767e-23  5.99771e-32 -2.14556e-22 -2.03379e-31  5.12723e-22  6.40325e-31 -1.10328e-21   -1.873e-30  2.12943e-21  5.09233e-30 -3.66712e-21 -1.28722e-29  5.59475e-21  3.02539e-29 -7.48762e-21 -6.61082e-29   8.6663e-21  1.34262e-28 -8.48607e-21 -2.53321e-28  6.76832e-21  4.43745e-28 -4.05874e-21 -7.21077e-28  1.40945e-21  1.08587e-27  2.56495e-22 -1.51354e-27 -7.09828e-22  1.94991e-27   4.2013e-22 -2.31808e-27 -3.90842e-23  2.53811e-27 -1.02889e-22 -2.55403e-27  5.91722e-23  2.35622e-27  2.68851e-24 -1.98753e-27 -1.49453e-23  1.52852e-27  3.53506e-24  -1.0686e-27  2.21512e-24  6.77309e-28 -1.02472e-24 -3.88385e-28 -2.38466e-25  2.01213e-28  1.72948e-25 -9.40533e-29  2.34559e-26  3.94768e-29 -2.07869e-26 -1.46228e-29  -2.6679e-27  4.53888e-30  1.77466e-27 -1.00362e-30  3.01125e-28   3.5288e-32  -9.4674e-29  1.00532e-31 -2.38092e-29 -5.73375e-32  2.09805e-30  1.85211e-32  1.01731e-30 -3.81133e-33  3.42497e-32  4.43639e-34  -1.7235e-32 -9.27522e-36 -1.79803e-33 -4.73947e-36  3.56482e-35  5.54695e-37  1.10717e-35 -1.36875e-38  3.03936e-37 -5.01282e-40 -2.04505e-39
 1.95144e-34  7.97472e-37 -2.11327e-34 -1.05235e-35  3.98469e-34  4.69676e-35  1.39926e-33  -2.3976e-34 -1.28485e-33  2.88428e-34 -1.35471e-33  1.27992e-34  9.51903e-33  5.66162e-35  -4.9303e-33  3.15328e-34  2.93206e-32 -1.29701e-34 -3.37207e-31  1.72855e-35  3.37578e-30  -2.0177e-35 -2.95984e-29 -2.48082e-35  2.30055e-28 -2.37763e-35  -1.5952e-27  3.96619e-36  9.91484e-27  1.63561e-35 -5.54452e-26  3.40063e-36  2.79771e-25  4.60552e-35 -1.27655e-24 -2.62542e-34  5.27491e-24  1.25548e-33 -1.97571e-23 -5.57312e-33  6.70941e-23  2.28265e-32 -2.06523e-22 -8.65733e-32   5.7567e-22  3.04514e-31 -1.45077e-21 -9.94053e-31  3.29768e-21  3.01396e-30 -6.73836e-21 -8.49251e-30  1.23218e-20  2.22465e-29 -2.00414e-20 -5.41862e-29  2.87536e-20  1.22719e-28 -3.59643e-20 -2.58371e-28  3.85383e-20  5.05502e-28 -3.43944e-20 -9.18553e-28  2.42457e-20  1.54906e-27 -1.18322e-20 -2.42224e-27  1.91097e-21  3.50805e-27  2.73126e-21 -4.69941e-27 -2.74842e-21  5.81413e-27  9.51889e-22 -6.63158e-27   2.8555e-22  6.95905e-27  -4.1936e-22 -6.70289e-27  1.06845e-22  5.90999e-27  6.47098e-23  -4.7558e-27 -4.43992e-23  3.48156e-27 -2.56914e-24 -2.31126e-27  9.07281e-24  1.38771e-27  -9.0058e-25 -7.52641e-28  -1.3428e-24  3.69174e-28  2.17549e-25 -1.64389e-28  1.62819e-25  6.66513e-29 -2.46419e-26 -2.43918e-29 -1.64244e-26  7.72287e-30   1.3357e-27 -1.86354e-30   1.2565e-27  1.88305e-31  1.40154e-29  1.00559e-31  -6.0696e-29 -6.73132e-32 -5.94084e-30  2.14937e-32  1.34344e-30 -4.10542e-33  2.56228e-31   4.0622e-34  -1.7265e-33  1.28952e-36  -3.0329e-33 -4.75474e-36 -1.68594e-34  3.84102e-37  3.61385e-36 -3.45989e-39  3.22061e-37 -2.48301e-40
  -7.512e-36  2.91141e-34  -2.0652e-35 -2.73841e-34  7.52266e-37 -4.11968e-35   4.1831e-35  2.17728e-33 -2.32786e-34 -9.37445e-34  3.44428e-34 -2.18484e-33  5.66162e-35  1.14996e-32  1.44587e-35 -3.68815e-32  2.43764e-34  4.13515e-31 -8.71231e-35 -4.40683e-30  2.56144e-35  4.11683e-29  -5.4718e-35 -3.39814e-28 -6.07101e-36  2.49549e-27  -3.1162e-35 -1.63917e-26  1.37907e-35  9.67092e-26  1.61741e-35 -5.14185e-25 -2.89476e-35  2.46985e-24  2.87121e-34 -1.07376e-23 -1.52485e-33  4.23014e-23  7.02602e-33 -1.51099e-22 -2.99027e-32  4.89366e-22  1.17726e-31 -1.43618e-21 -4.29475e-31  3.81451e-21  1.45354e-30 -9.15105e-21 -4.56769e-30  1.97732e-20  1.33366e-29  -3.8333e-20 -3.61975e-29  6.63273e-20  9.13508e-29 -1.01709e-19 -2.14379e-28  1.36872e-19  4.67776e-28 -1.59374e-19 -9.48755e-28   1.5711e-19  1.78782e-27 -1.26283e-19 -3.12798e-27  7.64805e-20  5.07703e-27 -2.70449e-20  -7.6369e-27 -4.54603e-21  1.06331e-26  1.34678e-20 -1.36842e-26 -8.14732e-21  1.62512e-26  8.47106e-22 -1.77756e-26   1.9732e-21   1.7868e-26 -1.17518e-21 -1.64636e-26 -3.65882e-23  1.38633e-26  2.95187e-22 -1.06318e-26 -7.44816e-23  7.39792e-27   -4.331e-23 -4.65274e-27  2.13464e-23  2.63682e-27  4.54914e-24 -1.34561e-27 -3.62554e-24  6.20853e-28 -4.34651e-25 -2.61799e-28  4.42107e-25  1.02315e-28  5.03625e-26  -3.7106e-29 -3.86375e-26  1.20073e-29 -6.01079e-27 -3.08724e-30  2.14068e-27  4.31144e-31  5.00855e-28  8.48239e-32 -5.20675e-29   -7.433e-32 -2.24312e-29  2.34431e-32 -5.87806e-31 -4.10822e-33  4.01181e-31  3.33723e-34  3.93418e-32  9.98847e-36  -1.0359e-33 -4.08832e-36 -2.59268e-34  2.20677e-37 -6.68628e-36  5.65023e-40  5.60858e-38
-1.00066e-34 -2.14673e-35  2.75834e-34 -5.28149e-35 -2.92296e-34  1.99645e-35 -5.88777e-34  2.84631e-35  2.64857e-33 -2.19683e-34 -5.90882e-34  3.52743e-34  -4.9303e-33  1.44587e-35  4.41126e-32  4.55565e-36 -4.69431e-31  1.54161e-34  5.32604e-30 -4.39956e-35 -5.31125e-29  2.18494e-35  4.66326e-28 -7.76797e-35  -3.6316e-27  3.80259e-36  2.52349e-26 -3.26078e-35 -1.57201e-25  1.98893e-35   8.8121e-25  5.26914e-35 -4.45788e-24 -2.92303e-34  2.03959e-23  1.71622e-33 -8.45228e-23 -8.37871e-33   3.1755e-22  3.70412e-32  -1.0819e-21  -1.5137e-31  3.34176e-21  5.72769e-31 -9.34928e-21 -2.00952e-30  2.36541e-20  6.54379e-30 -5.39917e-20 -1.97941e-29  1.10817e-19    5.565e-29  -2.0361e-19 -1.45473e-28  3.32871e-19  3.53645e-28 -4.80221e-19 -7.99486e-28  6.04277e-19  1.68044e-27 -6.51852e-19 -3.28273e-27  5.86179e-19  5.95657e-27 -4.17016e-19 -1.00317e-26  2.06232e-19  1.56663e-26  -3.5103e-20  -2.2661e-26 -4.67478e-20  3.03209e-26  4.83558e-20  -3.7471e-26 -1.72952e-20  4.26951e-26 -4.79081e-21 -4.47623e-26   7.5104e-21  4.30794e-26 -2.02194e-21 -3.79518e-26 -1.13504e-21  3.05031e-26  8.24192e-22 -2.22776e-26  3.39901e-23  1.47161e-26 -1.68174e-22 -8.74938e-27  1.94922e-23  4.66234e-27  2.49521e-23 -2.22468e-27 -4.52931e-24  9.57232e-28 -3.05195e-24 -3.79106e-28   5.2416e-25  1.42558e-28   3.1367e-25 -5.16173e-29 -3.09028e-26  1.72044e-29 -2.46942e-26 -4.65879e-30  3.41447e-29   7.6007e-31  1.23926e-27  5.42575e-32  1.09101e-28 -7.78718e-32 -2.91283e-29  2.41062e-32 -5.15519e-30 -3.81592e-33  7.52286e-32  2.42282e-34  6.49877e-32  1.48233e-35  3.36915e-33 -3.00723e-36  -9.0791e-35  1.01636e-37 -7.01048e-36  8.47373e-40
 1.94825e-36 -2.18731e-34 -4.07429e-35  1.97815e-34 -8.52968e-35 -2.54251e-34  4.29593e-35 -1.08775e-33  1.23513e-35  2.72354e-33 -1.98518e-34   1.4167e-33  3.15328e-34 -3.68815e-32  4.55565e-36  4.93564e-31  2.30872e-35 -5.96719e-30  6.28807e-35  6.36495e-29  -3.1248e-36 -5.95522e-28 -8.05095e-37  4.92523e-27 -8.18578e-35 -3.62465e-26  1.66485e-36  2.38627e-25 -1.99637e-35 -1.41128e-24 -1.41218e-35  7.52281e-24  3.27523e-34 -3.62339e-23 -1.84401e-33  1.57984e-22  9.43705e-33 -6.24306e-22 -4.35532e-32  2.23732e-21  1.84736e-31 -7.27128e-21 -7.24984e-31  2.14187e-20  2.63636e-30 -5.71131e-20 -8.89415e-30  1.37591e-19  2.78637e-29 -2.98637e-19 -8.11183e-29  5.81731e-19  2.19563e-28 -1.01176e-18 -5.52696e-28   1.5601e-18  1.29401e-27 -2.11215e-18 -2.81753e-27  2.47573e-18  5.70354e-27 -2.45875e-18 -1.07288e-26   1.9936e-18  1.87408e-26 -1.22115e-18 -3.03724e-26   4.4122e-19   4.5621e-26  6.63445e-20 -6.34323e-26 -2.15866e-19  8.15263e-26  1.34029e-19    -9.67e-26 -1.57277e-20  1.05657e-25  -3.1914e-20 -1.06121e-25  1.98148e-20  9.77348e-26  2.76749e-22  -8.2289e-26 -4.93066e-21  6.31041e-26  1.33844e-21 -4.38696e-26  7.11989e-22  2.74883e-26 -3.78174e-22 -1.54207e-26  -7.2053e-23  7.69552e-27  6.45576e-23 -3.40703e-27  6.55692e-24  1.35062e-27 -7.98646e-24 -4.96108e-28 -7.75811e-25  1.79211e-28  7.15246e-25 -6.57227e-29  9.97291e-26  2.28835e-29 -4.12383e-26 -6.48917e-30  -8.8644e-27  1.14838e-30  1.10014e-27  1.45778e-32  4.19035e-28 -7.80615e-32  7.21713e-30  2.33898e-32 -7.95681e-30 -3.27929e-33 -7.24388e-31  1.51238e-34  2.51184e-32  1.52966e-35   5.1664e-33  -1.8673e-36  1.23179e-34  3.52402e-38 -1.30744e-36
-2.07576e-35  5.56179e-36 -3.73482e-34 -5.90352e-35  1.33515e-34 -1.09643e-34 -1.59458e-34  6.30307e-35 -1.37597e-33  7.01847e-37  1.14491e-33  -1.6801e-34  2.93206e-32  2.43764e-34 -4.69431e-31  2.30872e-35  6.20093e-30  6.13697e-35 -7.09259e-29 -1.66199e-35  7.08591e-28  3.38424e-35 -6.23378e-27  -4.5193e-35  4.86505e-26 -6.26448e-35 -3.38829e-25 -1.75224e-35  2.11586e-24  3.98217e-35 -1.18913e-23 -2.87772e-34  6.03211e-23  1.92876e-33 -2.76788e-22 -1.01517e-32   1.1506e-21  4.87294e-32 -4.33702e-21 -2.14801e-31  1.48281e-20  8.74203e-31 -4.59717e-20 -3.29435e-30  1.29126e-19  1.15109e-29 -3.28077e-19 -3.73344e-29  7.52237e-19  1.12499e-28 -1.55141e-18 -3.15136e-28  2.86526e-18     8.21e-28 -4.71036e-18 -1.98963e-27  6.83655e-18  4.48524e-27 -8.65954e-18 -9.40363e-27  9.41003e-18  1.83284e-26 -8.53342e-18 -3.31901e-26  6.13372e-18  5.57953e-26 -3.08022e-18 -8.69878e-26  5.57146e-19  1.25625e-25  6.79981e-19 -1.67827e-25 -7.27439e-19  2.07086e-25  2.70055e-19 -2.35617e-25  6.74706e-20   2.4672e-25 -1.14983e-19 -2.37251e-25  3.29456e-20  2.08987e-25  1.68756e-20 -1.68103e-25 -1.31163e-20  1.22972e-25 -2.85277e-22  -8.1367e-26  2.66513e-21  4.83442e-26 -3.61839e-22 -2.55548e-26  -3.9546e-22  1.18943e-26  8.11626e-23 -4.83901e-27  4.87287e-23  1.73562e-27 -9.59198e-24 -5.78683e-28 -5.10676e-24  2.00494e-28  6.10683e-25 -7.65238e-29  4.14832e-25   2.8446e-29  -6.8103e-27 -8.41925e-30 -2.17056e-26  1.54717e-30 -1.66428e-27 -2.50278e-32   5.4371e-28 -7.53761e-32  8.84051e-29  2.13738e-32 -2.15579e-30 -2.59178e-33 -1.19664e-30   7.6827e-35 -5.69287e-32  1.24461e-35  1.95292e-33 -9.51673e-37  1.31119e-34  7.94996e-39
-8.50891e-37 -9.32399e-36  9.97807e-36 -5.44619e-34 -6.93588e-35  1.10776e-34 -1.22234e-34 -4.08157e-35  7.32441e-35 -4.76437e-34 -1.58949e-36 -2.16673e-32 -1.29701e-34  4.13515e-31  1.54161e-34 -5.96719e-30  6.13697e-35   7.3531e-29   1.0846e-34 -7.86236e-28 -7.59896e-35  7.37104e-27  6.64593e-35 -6.10926e-26 -1.09482e-34   4.5063e-25 -1.61264e-35 -2.97392e-24 -8.08856e-35  1.76338e-23  3.31502e-34 -9.42556e-23 -1.87283e-33  4.55315e-22  1.04657e-32 -1.99141e-21 -5.21685e-32   7.8955e-21  2.38763e-31 -2.83946e-20 -1.00803e-30  9.26284e-20  3.93585e-30  -2.7394e-19 -1.42391e-29  7.33569e-19  4.77932e-29 -1.77526e-18 -1.48983e-28  3.87182e-18  4.31655e-28 -7.58134e-18 -1.16309e-27  1.32593e-17  2.91553e-27 -2.05691e-17 -6.79995e-27   2.8031e-17  1.47552e-26 -3.30953e-17 -2.97786e-26  3.31388e-17  5.58678e-26 -2.71313e-17 -9.73641e-26  1.68332e-17  1.57473e-25 -6.23523e-18 -2.36096e-25 -8.04095e-19  3.27689e-25  2.97711e-18 -4.20413e-25 -1.90547e-18  4.97754e-25  2.53815e-19 -5.42878e-25  4.43173e-19   5.4438e-25 -2.88922e-19 -5.00833e-25  1.75826e-21  4.21693e-25  7.09221e-20 -3.23929e-25 -2.08779e-20  2.26038e-25 -1.00071e-20 -1.42394e-25  5.80167e-21  8.02483e-26  9.58021e-22 -3.99451e-26 -9.94193e-22  1.72729e-26 -8.01569e-23 -6.37897e-27  1.24754e-22  2.01109e-27  9.72423e-24 -5.83294e-28   -1.146e-23  1.93478e-28 -1.39001e-24 -8.12032e-29  6.88825e-25   3.3268e-29  1.34085e-25   -1.024e-29 -2.01158e-26  1.89339e-30 -6.74853e-27 -5.48424e-32 -4.35011e-29 -7.02962e-32  1.36839e-28   1.8303e-32  1.13997e-29 -1.86685e-33 -5.19073e-31  2.74242e-35 -8.91629e-32  8.17067e-36 -1.92519e-33 -3.76285e-37  2.63533e-35
 2.44061e-35 -1.60284e-36  3.34603e-35  1.39619e-35 -6.84905e-34 -6.83064e-35  1.16477e-34 -1.23055e-34 -5.26907e-34  6.89073e-35  1.62402e-32  5.54795e-36 -3.37207e-31 -8.71231e-35  5.32604e-30  6.28807e-35 -7.09259e-29   1.0846e-34  8.13924e-28  1.53797e-34  -8.1484e-27 -1.13137e-34  7.18392e-26  9.58947e-35 -5.61941e-25 -1.89897e-34  3.92322e-24  7.82839e-35 -2.45627e-23 -3.52324e-34  1.38425e-22  1.86272e-33 -7.04254e-22  -1.0296e-32  3.24162e-21  5.35714e-32 -1.35201e-20 -2.54739e-31  5.11422e-20  1.11556e-30 -1.75512e-19 -4.51324e-30   5.4632e-19  1.69018e-29 -1.54107e-18 -5.86842e-29  3.93329e-18  1.89139e-28 -9.06241e-18 -5.66417e-28  1.87878e-17  1.57727e-27 -3.48929e-17 -4.08612e-27  5.77093e-17  9.85104e-27 -8.43086e-17 -2.21029e-26   1.0756e-16  4.61471e-26 -1.17825e-16  -8.9619e-26  1.07845e-16  1.61788e-25 -7.84151e-17  -2.7127e-25  4.00684e-17  4.21981e-25 -7.75442e-18 -6.08196e-25 -8.53439e-18  8.10947e-25  9.50811e-18  -9.9864e-25 -3.68195e-18  1.13373e-24  -8.0587e-19 -1.18436e-24  1.52891e-18  1.13631e-24 -4.69355e-19  -9.9924e-25 -2.15645e-19  8.03568e-25  1.81793e-19 -5.89229e-25 -1.21896e-22   3.9226e-25 -3.66725e-20 -2.35445e-25  5.84029e-21  1.26006e-25  5.42607e-21 -5.90904e-26 -1.26985e-21  2.36607e-26 -6.72367e-22 -7.80928e-27  1.53183e-22  2.05772e-27  7.19091e-23  -4.6727e-28 -1.04597e-23  1.47987e-28 -6.04558e-24 -7.79853e-29  2.08069e-25  3.68536e-29  3.31094e-25  -1.1725e-29  2.10844e-26  2.12406e-30 -8.86812e-27 -6.80485e-32 -1.31007e-27 -6.31323e-32  4.80575e-29  1.45675e-32  1.92229e-29 -1.20988e-33  8.21781e-31  2.35653e-36 -3.64924e-32   4.2547e-36 -2.13929e-33  -1.0015e-37
 1.48134e-36  4.84328e-35 -2.85642e-36  9.80551e-35  1.65599e-35 -7.54002e-34 -5.73314e-35  4.77258e-34 -1.13701e-34 -1.16608e-32  4.91606e-35  2.54718e-31  1.72855e-35 -4.40683e-30 -4.39956e-35  6.36495e-29 -1.66199e-35 -7.86236e-28  1.53797e-34  8.42494e-27   1.8917e-34 -7.91551e-26 -1.32149e-34  6.57558e-25  1.26774e-34 -4.86212e-24 -2.96506e-34  3.21709e-23  3.56489e-34 -1.91285e-22 -1.74057e-33  1.02546e-21  9.86455e-33 -4.96917e-21 -5.28594e-32  2.18061e-20  2.61555e-31 -8.67631e-20 -1.18911e-30  3.13205e-19  4.98566e-30 -1.02584e-18  -1.9327e-29  3.04683e-18   6.9396e-29 -8.19623e-18  -2.3114e-28   1.9932e-17  7.14979e-28 -4.36987e-17 -2.05586e-27  8.60457e-17  5.49896e-27 -1.51399e-16 -1.36887e-26  2.36403e-16  3.17217e-26 -3.24471e-16 -6.84339e-26  3.86136e-16   1.3741e-25 -3.90135e-16 -2.56678e-25  3.22851e-16  4.45723e-25 -2.03201e-16 -7.18792e-25  7.74102e-17  1.07509e-24  8.05842e-18 -1.48909e-24 -3.58186e-17  1.90664e-24  2.37424e-17 -2.25244e-24 -3.59934e-18  2.45022e-24 -5.35378e-18 -2.44941e-24  3.69399e-18  2.24594e-24 -1.07288e-19 -1.88556e-24 -8.90338e-19  1.44674e-24  2.86409e-19 -1.01207e-24  1.21632e-19  6.42955e-25 -7.81193e-20 -3.68206e-25 -1.07052e-20   1.8755e-25  1.34203e-20 -8.30227e-26  7.64506e-22  3.07207e-26 -1.70758e-21 -8.88442e-27 -9.59601e-23  1.76961e-27  1.61033e-22 -2.02552e-28  1.62797e-23  6.07005e-29 -1.01066e-23 -6.69022e-29 -1.75069e-24  3.89349e-29  3.22278e-25 -1.26685e-29  9.48715e-26  2.19278e-30 -6.18432e-28 -6.31497e-32 -2.06717e-27 -5.41295e-32 -1.54772e-28  1.06541e-32  9.28965e-30 -6.93017e-34  1.34999e-30 -5.44417e-36  2.56535e-32  1.65819e-36 -4.64974e-34
-1.56347e-35  2.61518e-36  6.21069e-35 -4.83678e-36  1.76734e-34  1.69872e-35 -9.37905e-34 -4.11761e-35  7.42946e-33 -9.63753e-35 -1.77401e-31  1.72711e-35  3.37578e-30  2.56144e-35 -5.31125e-29  -3.1248e-36  7.08591e-28 -7.59896e-35  -8.1484e-27   1.8917e-34  8.17524e-26  2.09675e-34 -7.22414e-25 -1.42605e-34   5.6647e-24  1.77019e-34 -3.96514e-23 -5.34301e-34   2.4894e-22  1.59465e-33 -1.40707e-21 -8.99884e-33  7.18111e-21  5.03358e-32 -3.31646e-20 -2.58964e-31  1.38815e-19  1.22392e-30 -5.27081e-19 -5.32292e-30  1.81616e-18  2.13667e-29  -5.6775e-18 -7.93424e-29  1.60886e-17  2.73033e-28 -4.12644e-17 -8.71922e-28  9.55723e-17  2.58695e-27 -1.99249e-16 -7.13738e-27  3.72286e-16  1.83245e-26 -6.19748e-16 -4.38004e-26  9.11851e-16   9.7496e-26 -1.17246e-15   -2.021e-25  1.29567e-15  3.90042e-25 -1.19807e-15 -7.00464e-25  8.82299e-16  1.16955e-24 -4.59677e-16 -1.81342e-24  9.56907e-17  2.60718e-24   9.3461e-17 -3.46935e-24 -1.09312e-16  4.26416e-24  4.43673e-17  -4.8301e-24  8.18596e-18  5.03064e-24   -1.787e-17 -4.80725e-24  5.91427e-18  4.20694e-24  2.39007e-18 -3.36671e-24 -2.22081e-18  2.46114e-24  5.80029e-20 -1.64124e-24  4.43242e-19  9.95394e-25 -8.28495e-20  -5.4499e-25 -6.51542e-20  2.65152e-25  1.75356e-20 -1.11233e-25  8.09874e-21  3.80394e-26 -2.15809e-21  -9.4054e-27 -8.84645e-22  1.09066e-27   1.5708e-22  2.11782e-28  7.72539e-23 -6.21548e-29 -4.33132e-24 -5.00063e-29  -4.4477e-24  3.94816e-29 -2.17308e-25 -1.29234e-29  1.27796e-25  2.08357e-30  1.69288e-26 -4.42731e-32 -8.86928e-28 -4.37375e-32 -2.72422e-28  7.05397e-33 -1.01648e-29  -3.4199e-34  5.99273e-31 -4.76663e-36  3.07825e-32  4.13283e-37
-5.97724e-37  -4.3478e-35  3.46157e-36  5.08435e-35 -6.86932e-36  3.60981e-34  1.46837e-35 -4.81579e-33 -2.54727e-35  1.13329e-31 -7.36777e-35 -2.38982e-30  -2.0177e-35  4.11683e-29  2.18494e-35 -5.95522e-28  3.38424e-35  7.37104e-27 -1.13137e-34 -7.91551e-26  2.09675e-34  7.45398e-25  2.14028e-34 -6.20733e-24 -1.62857e-34  4.60181e-23  3.34201e-34 -3.05331e-22 -1.52924e-33  1.82084e-21  7.90438e-33 -9.79211e-21 -4.59282e-32  4.76096e-20  2.47404e-31  -2.0967e-19 -1.21809e-30  8.37413e-19  5.50407e-30  -3.0352e-18 -2.29019e-29  9.98405e-18  8.79979e-29 -2.97898e-17 -3.12917e-28  8.05306e-17  1.03151e-27 -1.96867e-16 -3.15648e-27  4.34036e-16  8.97632e-27 -8.59813e-16 -2.37441e-26  1.52273e-15  5.84635e-26 -2.39452e-15 -1.34064e-25   3.3121e-15  2.86393e-25 -3.97563e-15 -5.69979e-25  4.05642e-15  1.05656e-24 -3.39661e-15 -1.82313e-24  2.17202e-15  2.92559e-24 -8.53573e-16 -4.36009e-24 -6.49294e-17  6.02414e-24  3.79932e-16 -7.69983e-24 -2.62113e-16  9.08198e-24  4.52383e-17 -9.85902e-24  5.68133e-17  9.82365e-24 -4.18563e-17 -8.96265e-24   2.2999e-18  7.47331e-24  9.85359e-18 -5.68957e-24 -3.48988e-18  3.95497e-24 -1.28751e-18 -2.51121e-24  9.32728e-19  1.45475e-24  9.91637e-20 -7.63725e-25   -1.604e-19  3.56785e-25 -4.87852e-21  -1.4274e-25  2.06849e-20   4.5261e-26  6.54653e-22 -9.29271e-27 -2.00409e-21  4.15575e-29 -1.57723e-22  7.43362e-28  1.31525e-22 -2.04847e-28  1.98215e-23 -3.08762e-29 -4.56801e-24  3.86316e-29 -1.17439e-24 -1.24329e-29  2.61477e-26  1.81692e-30  2.76963e-26 -1.92234e-32  1.81931e-27 -3.27947e-32 -1.45794e-28  4.14618e-33 -1.81019e-29 -1.39778e-34 -2.90032e-31 -2.15872e-36  7.25494e-33
-7.74811e-37 -1.07991e-36 -7.53053e-35    4.016e-36 -3.23004e-35 -7.64239e-36  2.47205e-33  9.80307e-36 -6.66436e-32 -1.48528e-35  1.55974e-30 -4.86447e-35 -2.95984e-29  -5.4718e-35  4.66326e-28 -8.05095e-37 -6.23378e-27  6.64593e-35  7.18392e-26 -1.32149e-34 -7.22414e-25  2.14028e-34  6.39933e-24  2.06092e-34 -5.03103e-23 -2.51698e-34  3.53139e-22  1.06578e-33 -2.22365e-21 -6.62821e-33  1.26083e-20  4.00649e-32 -6.45637e-20 -2.27109e-31  2.99242e-19  1.17128e-30 -1.25728e-18 -5.51493e-30   4.7933e-18  2.38327e-29 -1.65876e-17 -9.48793e-29  5.20936e-17  3.48922e-28 -1.48346e-16 -1.18781e-27  3.82483e-16  3.74911e-27 -8.90856e-16 -1.09864e-26  1.86849e-15  2.99229e-26 -3.51391e-15 -7.58194e-26  5.89092e-15  1.78862e-25 -8.73423e-15 -3.93075e-25  1.13261e-14  8.05043e-25 -1.26363e-14 -1.53676e-24  1.18153e-14  2.73376e-24 -8.82391e-15 -4.52927e-24  4.69691e-15  6.98178e-24 -1.05581e-15 -9.99792e-24 -9.00212e-16  1.32728e-23  1.11602e-15 -1.62934e-23 -4.76976e-16  1.84398e-23 -7.01891e-17  -1.9177e-23  1.85296e-16  1.82666e-23 -6.65059e-17 -1.58902e-23 -2.30872e-17  1.25989e-23  2.41326e-17 -9.10102e-24 -1.32124e-18  5.99944e-24 -4.74638e-18 -3.62073e-24  1.04194e-18  2.00477e-24  6.89819e-19 -1.01332e-24  -2.1553e-19  4.57894e-25 -8.57058e-20 -1.76286e-25  2.70477e-20   5.2203e-26  9.56981e-21 -8.62292e-27 -2.08754e-21 -1.27514e-27 -8.71999e-22  1.32995e-27  7.18575e-23 -3.45242e-28  5.30471e-23 -1.35594e-29  1.69158e-24  3.65901e-29 -1.64077e-24 -1.12497e-29 -1.91661e-25  1.44501e-30  1.39976e-26  3.75304e-33  3.43376e-27 -2.24382e-32  1.07004e-28   2.1061e-33 -8.72872e-30 -4.41557e-35 -3.93779e-31 -5.08075e-37
 2.56349e-37  2.15583e-36  -1.5504e-36 -7.89456e-35  4.10436e-36 -1.02039e-33 -6.06299e-36  3.54781e-32  3.58927e-36 -9.35971e-31 -1.17378e-35  1.96995e-29 -2.48082e-35 -3.39814e-28 -7.76797e-35  4.92523e-27  -4.5193e-35 -6.10926e-26  9.58947e-35  6.57558e-25 -1.42605e-34 -6.20733e-24  2.06092e-34  5.18268e-23   2.0605e-34 -3.85288e-22 -6.96399e-34  2.56398e-21  4.84682e-33 -1.53386e-20 -3.28693e-32  8.27654e-20  1.98966e-31  -4.0385e-19 -1.08344e-30  1.78532e-18  5.34422e-30 -7.15948e-18 -2.40663e-29  2.60619e-17  9.94925e-29 -8.61247e-17 -3.79012e-28   2.5824e-16  1.33397e-27 -7.01776e-16 -4.34642e-27  1.72524e-15  1.31305e-26 -3.82668e-15 -3.68255e-26  7.62987e-15   9.5988e-26 -1.36075e-14 -2.32757e-25  2.15618e-14  5.25505e-25 -3.00749e-14 -1.10547e-24  3.64384e-14  2.16797e-24 -3.75783e-14  -3.9648e-24  3.18735e-14  6.76134e-24 -2.07405e-14 -1.07468e-23  8.43198e-15  1.59038e-23  3.80948e-16 -2.18759e-23 -3.58194e-15  2.79017e-23  2.58589e-15 -3.28974e-23 -5.07464e-16  3.57243e-23 -5.33269e-16 -3.55855e-23   4.2382e-16  3.23814e-23 -3.55467e-17 -2.68195e-23 -9.68604e-17  2.01709e-23  3.80627e-17 -1.37781e-23  1.19006e-17  8.58051e-24 -9.95292e-18 -4.90902e-24 -7.25956e-19  2.59999e-24  1.71046e-18 -1.27258e-24  1.14149e-21  5.61768e-25   -2.234e-19 -2.10565e-25 -8.74737e-22   5.8886e-26  2.22525e-20 -7.60546e-27   1.1979e-21 -2.69601e-27 -1.52935e-21  1.89202e-27 -1.94268e-22  -4.6013e-28  5.77211e-23 -1.33885e-30   1.2872e-23  3.35568e-29 -5.37172e-25 -9.53388e-30 -3.31467e-25  1.03725e-30 -1.84447e-26  1.89579e-32  2.02657e-27 -1.37569e-32  2.16414e-28   8.8772e-34   2.7187e-30 -9.24758e-36 -1.00916e-31
