 1.24135e-05  1.30845e-20  -0.00010799 -1.76815e-19  0.000311278  5.80535e-19 -0.000419985 -8.32931e-19  0.000237798  4.91789e-19  2.42241e-05  6.75524e-20 -7.57009e-05 -2.29092e-19  6.94431e-06  1.01751e-19  1.12155e-05 -2.00184e-20 -7.62007e-07  4.34155e-21 -3.47959e-07
 1.30845e-20  0.000160912  1.13737e-19 -0.000747752  -9.7323e-19   0.00149992  2.34674e-18  -0.00143113 -2.48655e-18  0.000416632  8.31579e-19  0.000300899  5.60708e-19 -0.000189076 -5.21084e-19   -3.425e-05  1.11238e-19  2.66646e-05 -5.33235e-21  1.97605e-06  2.77173e-21
 -0.00010799  1.13737e-19  0.000972589  5.08257e-19  -0.00294287 -3.08978e-18    0.0042694  5.66054e-18   -0.0027769  -4.2923e-18  2.78774e-06  2.53731e-19  0.000890293  1.46296e-18 -0.000199852 -6.24417e-19 -0.000134406  -1.1622e-20  2.75109e-05  2.28255e-20  4.85089e-06
-1.76815e-19 -0.000747752  5.08257e-19   0.00364607   1.4875e-18  -0.00783415 -6.89205e-18   0.00834332  9.79973e-18  -0.00328809 -4.97107e-18  -0.00143267 -1.41089e-18   0.00148377  2.19866e-18  3.09983e-05 -3.69094e-19 -0.000232884 -1.72296e-19  6.62802e-06  2.87594e-20
 0.000311278  -9.7323e-19  -0.00294287   1.4875e-18   0.00952767  3.22594e-18   -0.0152674     -1.2e-17    0.0118706  1.34453e-17  -0.00174656 -3.98628e-18  -0.00353992 -3.34762e-18   0.00160076  2.32618e-18  0.000449495  2.05434e-20  -0.00025064 -2.22465e-19 -1.47697e-05
 5.80535e-19   0.00149992 -3.08978e-18  -0.00783415  3.22594e-18    0.0185398  5.63871e-18   -0.0228917 -1.75089e-17    0.0125636  1.55934e-17   0.00183935 -1.85885e-18  -0.00534432 -4.76978e-18     0.001052  2.09127e-18  0.000838952  2.13751e-19 -0.000173864 -1.38516e-19
-0.000419985  2.34674e-18    0.0042694 -6.89205e-18   -0.0152674  5.63871e-18    0.0281563  8.41995e-18      -0.0275 -2.22696e-17   0.00969828  1.57348e-17   0.00613626  6.59421e-19  -0.00608056 -5.67522e-18  7.87868e-05  1.92239e-18   0.00101005  1.89856e-19 -6.15801e-05
-8.32931e-19  -0.00143113  5.66054e-18   0.00834332     -1.2e-17   -0.0228917  8.41995e-18    0.0348122  1.10385e-17   -0.0276198  -2.4928e-17   0.00463532  1.39314e-17   0.00967275  3.02331e-18  -0.00569145 -6.29614e-18 -0.000913112  1.70921e-18  0.000910432  1.22196e-19
 0.000237798 -2.48655e-18   -0.0027769  9.79973e-18    0.0118706 -1.75089e-17      -0.0275  1.10385e-17    0.0367231  1.27323e-17   -0.0244452 -2.48604e-17 -0.000599026   1.1505e-17    0.0118393  4.66637e-18  -0.00459731 -6.26767e-18  -0.00162637  1.07058e-18  0.000589954
 4.91789e-19  0.000416632  -4.2923e-18  -0.00328809  1.34453e-17    0.0125636 -2.22696e-17   -0.0276198  1.27323e-17    0.0349895  1.30951e-17   -0.0203262 -2.38128e-17   -0.0048193  1.05534e-17    0.0128475  5.10531e-18  -0.00324297 -4.89999e-18  -0.00191611  2.48563e-19
 2.42241e-05  8.31579e-19  2.78774e-06 -4.97107e-18  -0.00174656  1.55934e-17   0.00969828  -2.4928e-17   -0.0244452  1.30951e-17    0.0320705  1.29949e-17   -0.0169056  -2.4871e-17   -0.0079276  1.12615e-17    0.0131641  4.37471e-18  -0.00189004 -2.48779e-18  -0.00167507
 6.75524e-20  0.000300899  2.53731e-19  -0.00143267 -3.98628e-18   0.00183935  1.57348e-17   0.00463532 -2.48604e-17   -0.0203262  1.29949e-17    0.0297972  1.40041e-17   -0.0146317  -2.7749e-17    -0.010341  1.06382e-17    0.0131286  3.10203e-18 -0.000653553 -7.75245e-19
-7.57009e-05  5.60708e-19  0.000890293 -1.41089e-18  -0.00353992 -1.85885e-18   0.00613626  1.39314e-17 -0.000599026 -2.38128e-17   -0.0169056  1.40041e-17    0.0287969  1.58825e-17   -0.0133084 -2.68014e-17   -0.0125082  6.23801e-18    0.0128652  2.28638e-18  0.000413429
-2.29092e-19 -0.000189076  1.46296e-18   0.00148377 -3.34762e-18  -0.00534432  6.59421e-19   0.00967275   1.1505e-17   -0.0048193  -2.4871e-17   -0.0146317  1.58825e-17    0.0290404  1.55279e-17   -0.0126601 -1.78993e-17   -0.0147876  1.00317e-18    0.0122989  2.75551e-18
 6.94431e-06 -5.21084e-19 -0.000199852  2.19866e-18   0.00160076 -4.76978e-18  -0.00608056  3.02331e-18    0.0118393  1.05534e-17   -0.0079276  -2.7749e-17   -0.0133084  1.55279e-17    0.0304574  1.07253e-17   -0.0125434 -7.58556e-18   -0.0175482  1.47813e-19    0.0106355
 1.01751e-19   -3.425e-05 -6.24417e-19  3.09983e-05  2.32618e-18     0.001052 -5.67522e-18  -0.00569145  4.66637e-18    0.0128475  1.12615e-17    -0.010341 -2.68014e-17   -0.0126601  1.07253e-17    0.0332353  5.18193e-18   -0.0129314 -8.52964e-18   -0.0212195   5.4091e-20
 1.12155e-05  1.11238e-19 -0.000134406 -3.69094e-19  0.000449495  2.09127e-18  7.87868e-05 -6.29614e-18  -0.00459731  5.10531e-18    0.0131641  1.06382e-17   -0.0125082 -1.78993e-17   -0.0125434  5.18193e-18    0.0380046  6.34378e-18   -0.0138473 -2.02273e-17    -0.028663
-2.00184e-20  2.66646e-05  -1.1622e-20 -0.000232884  2.05434e-20  0.000838952  1.92239e-18 -0.000913112 -6.26767e-18  -0.00324297  4.37471e-18    0.0131286  6.23801e-18   -0.0147876 -7.58556e-18   -0.0129314  6.34378e-18    0.0462642  1.53036e-17    -0.017902 -2.81076e-17
-7.62007e-07 -5.33235e-21  2.75109e-05 -1.72296e-19  -0.00025064  2.13751e-19   0.00101005  1.70921e-18  -0.00162637 -4.89999e-18  -0.00189004  3.10203e-18    0.0128652  1.00317e-18   -0.0175482 -8.52964e-18   -0.0138473  1.53036e-17    0.0633535  2.68175e-17    0.0022046
 4.34155e-21  1.97605e-06  2.28255e-20  6.62802e-06 -2.22465e-19 -0.000173864  1.89856e-19  0.000910432  1.07058e-18  -0.00191611 -2.48779e-18 -0.000653553  2.28638e-18    0.0122989  1.47813e-19   -0.0212195 -2.02273e-17    -0.017902  2.68175e-17    0.0980658  9.35064e-17
-3.47959e-07  2.77173e-21  4.85089e-06  2.87594e-20 -1.47697e-05 -1.38516e-19 -6.15801e-05  1.22196e-19  0.000589954  2.48563e-19  -0.00167507 -7.75245e-19  0.000413429  2.75551e-18    0.0106355   5.4091e-20    -0.028663 -2.81076e-17    0.0022046  9.35064e-17     0.403374
