 0.000275228 -5.38457e-21  -0.00159488  7.91093e-20   0.00228548 -1.53332e-19 -0.000577769 -5.95565e-20 -0.000455394  2.35496e-19 -2.27058e-05 -1.25138e-19  3.99074e-05  4.06203e-20   1.3319e-05  1.46699e-22  1.82487e-06   4.4516e-21    9.442e-08 -1.18912e-21 -1.02925e-10
-5.38457e-21    0.0025902 -6.62833e-20   -0.0077688  5.41214e-19   0.00672576 -6.43773e-19  0.000357442  -3.8235e-19    -0.001203  6.44228e-19 -0.000382725 -1.90374e-19 -1.15899e-05   4.1725e-20  1.67706e-05  3.66812e-20  3.78602e-06  9.64504e-21  2.97435e-07 -2.09616e-22
 -0.00159488 -6.62833e-20    0.0112532 -3.81493e-19   -0.0211744  2.01839e-18    0.0102874 -1.49731e-18    0.0042099 -1.21686e-18  -0.00100024  1.00083e-18 -0.000831081 -2.01171e-19 -0.000181909  3.29404e-20  -1.2728e-05  9.42295e-20   9.2996e-07  1.93148e-20  1.14292e-07
 7.91093e-20   -0.0077688 -3.81493e-19    0.0301656 -1.35065e-18   -0.0384378  4.99291e-18   0.00723842 -2.25906e-18   0.00930451 -2.42717e-18   0.00116992  8.94358e-19 -0.000652025 -3.29038e-19 -0.000268504  3.25372e-20 -4.04404e-05  1.40097e-19 -2.36765e-06  2.14654e-20
  0.00228548  5.41214e-19   -0.0211744 -1.35065e-18    0.0565139 -3.30716e-18   -0.0502061  8.93331e-18   -0.0045162 -2.28668e-18    0.0111494 -3.35898e-18   0.00413683  1.17157e-19  0.000306539 -7.09887e-19 -0.000118636  2.45036e-20 -2.77088e-05  1.46881e-19 -1.52441e-06
-1.53332e-19   0.00672576  2.01839e-18   -0.0384378 -3.30716e-18    0.0800856 -5.97068e-18   -0.0491316  1.21199e-17   -0.0203006 -1.38173e-18    0.0068285 -3.40087e-18   0.00529122 -1.11484e-18     0.001186 -1.19147e-18  9.78603e-05  2.47327e-20 -6.47568e-07  1.03428e-19
-0.000577769 -6.43773e-19    0.0102874  4.99291e-18   -0.0502061 -5.97068e-18    0.0919012 -8.30917e-18   -0.0360994  1.27586e-17   -0.0326261  2.56469e-20   -0.0019773 -2.63663e-18   0.00340363 -2.29923e-18   0.00116277  -1.4146e-18   0.00015023  6.47184e-20  5.97114e-06
-5.95565e-20  0.000357442 -1.49731e-18   0.00723842  8.93331e-18   -0.0491316 -8.30917e-18    0.0919155 -9.42039e-18   -0.0172949  1.02569e-17   -0.0364883  1.19461e-18   -0.0103264 -1.80635e-18 -1.21208e-05 -2.96227e-18  0.000457942 -1.15339e-18  6.74751e-05  9.08847e-20
-0.000455394  -3.8235e-19    0.0042099 -2.25906e-18   -0.0045162  1.21199e-17   -0.0360994 -9.42039e-18    0.0869896 -9.84049e-18   0.00236204   5.2503e-18   -0.0308165  1.36054e-18    -0.013672  -1.6313e-18  -0.00232187 -2.86549e-18 -0.000114542 -5.75604e-19  4.21793e-06
 2.35496e-19    -0.001203 -1.21686e-18   0.00930451 -2.28668e-18   -0.0203006  1.27586e-17   -0.0172949 -9.84049e-18     0.083849 -1.16694e-17    0.0212807 -1.19297e-18   -0.0177112  6.74202e-20   -0.0109213 -2.11647e-18  -0.00237784 -2.07971e-18 -0.000205179 -1.09786e-19
-2.27058e-05  6.44228e-19  -0.00100024 -2.42717e-18    0.0111494 -1.38173e-18   -0.0326261  1.02569e-17   0.00236204 -1.16694e-17    0.0849741 -1.65964e-17    0.0383749 -7.73083e-18  -0.00203011  -2.2202e-18  -0.00496866 -2.49799e-18  -0.00117757 -1.02568e-18 -7.69144e-05
-1.25138e-19 -0.000382725  1.00083e-18   0.00116992 -3.35898e-18    0.0068285  2.56469e-20   -0.0364883   5.2503e-18    0.0212807 -1.65964e-17     0.088244 -2.33198e-17    0.0502374 -1.24127e-17    0.0099262 -4.04126e-18 -7.39757e-05 -2.08891e-18 -0.000213619 -2.63358e-19
 3.99074e-05 -1.90374e-19 -0.000831081  8.94358e-19   0.00413683 -3.40087e-18   -0.0019773  1.19461e-18   -0.0308165 -1.19297e-18    0.0383749 -2.33198e-17    0.0881994 -2.75878e-17    0.0522951 -1.34181e-17    0.0140032 -4.14254e-18   0.00167855 -1.10804e-18  5.78845e-05
 4.06203e-20 -1.15899e-05 -2.01171e-19 -0.000652025  1.17157e-19   0.00529122 -2.63663e-18   -0.0103264  1.36054e-18   -0.0177112 -7.73083e-18    0.0502374 -2.75878e-17    0.0792453 -2.58552e-17    0.0433156 -1.07117e-17    0.0111426 -2.74803e-18   0.00122785 -3.09887e-19
  1.3319e-05   4.1725e-20 -0.000181909 -3.29038e-19  0.000306539 -1.11484e-18   0.00340363 -1.80635e-18    -0.013672  6.74202e-20  -0.00203011 -1.24127e-17    0.0522951 -2.58552e-17     0.060422 -1.87869e-17    0.0279837 -6.34981e-18   0.00589279  -1.1562e-18  0.000406131
 1.46699e-22  1.67706e-05  3.29404e-20 -0.000268504 -7.09887e-19     0.001186 -2.29923e-18 -1.21208e-05  -1.6313e-18   -0.0109213  -2.2202e-18    0.0099262 -1.34181e-17    0.0433156 -1.87869e-17    0.0373169 -1.04248e-17    0.0136771 -2.71492e-18   0.00204664 -2.65337e-19
 1.82487e-06  3.66812e-20  -1.2728e-05  3.25372e-20 -0.000118636 -1.19147e-18   0.00116277 -2.96227e-18  -0.00232187 -2.11647e-18  -0.00496866 -4.04126e-18    0.0140032 -1.07117e-17    0.0279837 -1.04248e-17    0.0178939 -4.31917e-18   0.00483264 -7.80324e-19  0.000408567
  4.4516e-21  3.78602e-06  9.42295e-20 -4.04404e-05  2.45036e-20  9.78603e-05  -1.4146e-18  0.000457942 -2.86549e-18  -0.00237784 -2.49799e-18 -7.39757e-05 -4.14254e-18    0.0111426 -6.34981e-18    0.0136771 -4.31917e-18   0.00635186 -1.28071e-18   0.00114247 -1.26749e-19
   9.442e-08  9.64504e-21   9.2996e-07  1.40097e-19 -2.77088e-05  2.47327e-20   0.00015023 -1.15339e-18 -0.000114542 -2.07971e-18  -0.00117757 -2.08891e-18   0.00167855 -2.74803e-18   0.00589279 -2.71492e-18   0.00483264 -1.28071e-18   0.00156089 -2.49195e-19  0.000151902
-1.18912e-21  2.97435e-07  1.93148e-20 -2.36765e-06  1.46881e-19 -6.47568e-07  6.47184e-20  6.74751e-05 -5.75604e-19 -0.000205179 -1.02568e-18 -0.000213619 -1.10804e-18   0.00122785  -1.1562e-18   0.00204664 -7.80324e-19   0.00114247 -2.49195e-19  0.000236014 -2.57965e-20
-1.02925e-10 -2.09616e-22  1.14292e-07  2.14654e-20 -1.52441e-06  1.03428e-19  5.97114e-06  9.08847e-20  4.21793e-06 -1.09786e-19 -7.69144e-05 -2.63358e-19  5.78845e-05 -3.09887e-19  0.000406131 -2.65337e-19  0.000408567 -1.26749e-19  0.000151902 -2.57965e-20    1.649e-05
