 2.70502e-33  2.35599e-37  2.44556e-34 -4.31592e-36   2.4704e-34 -8.05748e-36  -1.0893e-34  2.08194e-35 -1.58181e-34  3.01068e-35  8.82913e-35 -1.56777e-35  1.66382e-33  1.00186e-35 -1.95412e-32  8.10793e-36  1.68274e-31 -1.72547e-36 -1.23407e-30  -1.7091e-36  7.80129e-30 -3.63731e-38 -4.28861e-29  2.53487e-37  2.06331e-28 -2.63791e-38 -8.72908e-28 -2.99671e-37  3.25814e-27  1.12997e-36 -1.07514e-26 -5.00553e-36  3.13941e-26    2.018e-35 -8.10939e-26 -7.43522e-35   1.8502e-25  2.50911e-34 -3.71735e-25 -7.78509e-34  6.54548e-25  2.22537e-33 -1.00272e-24 -5.87089e-33  1.32192e-24   1.4317e-32 -1.47463e-24 -3.23181e-32  1.35331e-24  6.76111e-32 -9.68329e-25 -1.31225e-31   4.7185e-25  2.36482e-31  -7.1639e-26 -3.95936e-31 -1.08897e-25  6.16056e-31  1.00577e-25 -8.90751e-31 -2.66792e-26  1.19625e-30 -1.64528e-26  -1.4908e-30  1.50715e-26  1.72161e-30 -1.23596e-27 -1.83904e-30  -3.4747e-27  1.81326e-30  1.17717e-27 -1.64641e-30  5.52152e-28   1.3735e-30 -3.30277e-28 -1.05061e-30 -7.50943e-29  7.35646e-31  6.49666e-29 -4.71022e-31  1.11953e-29  2.75572e-31 -1.00099e-29  -1.4716e-31 -2.00342e-30   7.1538e-32   1.1764e-30 -3.14617e-32  3.40845e-31  1.23707e-32 -8.90468e-32 -4.26494e-33 -4.38005e-32  1.25134e-33  1.70676e-33 -2.98079e-34  3.54231e-33  5.27577e-35  4.29663e-34 -5.35179e-36 -1.37091e-34 -1.87338e-37 -4.24495e-35  1.26387e-37   -9.274e-37  1.61344e-38  1.33178e-36 -1.87562e-38   2.1914e-37  5.60538e-39 -2.06578e-40 -8.68676e-40 -3.86364e-39  5.94719e-41 -4.37177e-40  3.30616e-43 -6.95307e-42 -5.34632e-44  2.26178e-42 -1.38104e-45  1.70493e-43 -6.17256e-45  3.80197e-45   5.5901e-46 -3.60439e-47 -4.50453e-48
 2.35599e-37  3.49997e-33   6.0923e-36 -5.12632e-34 -2.45617e-35  6.57849e-34 -1.11001e-35  2.98619e-34   6.5738e-35  2.41072e-34  7.45346e-35 -6.92441e-33 -3.05815e-35  8.16202e-32  1.65102e-35 -7.70207e-31  1.84031e-35  6.12033e-30 -3.35525e-36 -4.17165e-29 -3.82734e-36  2.46304e-28  8.39522e-37  -1.2691e-27  4.28116e-37  5.73839e-27  6.52771e-37 -2.28611e-26 -4.54763e-36  8.04607e-26   2.0481e-35 -2.50553e-25 -8.59271e-35  6.90537e-25  3.29198e-34 -1.68292e-24 -1.15527e-33  3.61887e-24    3.721e-33 -6.84003e-24 -1.10257e-32  1.12969e-23  3.01105e-32 -1.61605e-23 -7.59127e-32  1.97579e-23  1.76945e-31 -2.02108e-23 -3.81828e-31   1.6663e-23  7.63718e-31 -1.02283e-23 -1.41744e-30  3.61587e-24  2.44333e-30   6.0513e-25 -3.91447e-30    -1.71e-24   5.8312e-30  9.29969e-25 -8.07696e-30  3.56116e-27  1.03978e-29 -2.78313e-25 -1.24279e-29  1.15103e-25  1.37693e-29  3.38396e-26 -1.41106e-29 -3.84716e-26  1.33405e-29  8.05049e-28 -1.16026e-29   8.3295e-27  9.25736e-30 -1.21909e-27 -6.75956e-30 -1.49258e-27  4.50942e-30  2.80509e-28  -2.7465e-30  2.42276e-28  1.52739e-30 -3.63205e-29 -7.75707e-31 -3.53017e-29  3.59163e-31  1.85596e-30  -1.5067e-31  4.18982e-30  5.64892e-32  2.94212e-31 -1.84865e-32 -3.45315e-31  5.08995e-33 -7.23228e-32  -1.1098e-33  1.37992e-32  1.67894e-34  6.64136e-33 -9.15934e-36  2.99393e-34 -3.13967e-36 -2.55646e-34  8.93898e-37 -5.09277e-35 -1.41337e-38  5.09027e-37 -5.27864e-38  1.37266e-36  1.62801e-38  1.70921e-37 -2.20287e-39 -6.05731e-40  8.63406e-41 -2.00455e-39  4.59111e-42 -1.80248e-40  1.02412e-42 -3.04693e-42 -1.46553e-43  3.37195e-43 -8.53539e-45  1.69688e-44   8.3884e-46  1.48083e-46
 2.44556e-34   6.0923e-36  3.13251e-33  3.45792e-35 -1.39863e-33 -7.76157e-35  1.14954e-33  5.42766e-37 -1.58166e-34  1.31463e-34  1.81246e-32  1.19863e-34 -2.30112e-31 -4.73371e-35  2.36937e-30  1.54901e-35 -2.04741e-29  2.61808e-35  1.50819e-28 -5.02394e-36 -9.58103e-28 -6.17851e-36  5.29401e-27  2.88787e-36 -2.56077e-26 -1.42978e-36  1.08953e-25  1.16825e-35 -4.09109e-25 -5.82194e-35  1.35857e-24  2.54756e-34 -3.99366e-24 -1.01785e-33  1.03896e-23  3.71797e-33 -2.38848e-23 -1.24496e-32  4.83794e-23  3.82935e-32 -8.59346e-23 -1.08407e-31  1.32906e-22  2.82924e-31  -1.7707e-22 -6.81737e-31  1.99895e-22  1.51876e-30 -1.86058e-22 -3.13213e-30   1.3559e-22  5.98679e-30   -6.809e-23 -1.06182e-29   1.1988e-23  1.74929e-29  1.45718e-23 -2.67929e-29 -1.44573e-23   3.8176e-29  4.24953e-24 -5.06133e-29    2.169e-24  6.24151e-29 -2.23065e-24 -7.15161e-29  2.63096e-25  7.59995e-29  4.95374e-25 -7.47118e-29 -1.92605e-25  6.77256e-29 -7.43796e-26 -5.64118e-29  5.26359e-26  4.30261e-29  9.27335e-27 -2.99619e-29 -1.03679e-26  1.90148e-29 -1.31893e-27 -1.09949e-29  1.63138e-27  5.80047e-30  2.53004e-28 -2.79744e-30 -2.00231e-28  1.23327e-30 -4.78459e-29 -4.93937e-31  1.66808e-29  1.76821e-31  6.71349e-30 -5.49582e-32 -5.41745e-31  1.41755e-32 -5.93638e-31 -2.81053e-33 -5.40346e-32  3.52194e-34  2.62011e-32  1.34743e-36   6.8164e-33 -1.28612e-35  -4.2224e-35   3.0385e-36 -2.46307e-34 -1.59239e-37 -3.46913e-35 -1.09119e-37  8.88669e-37  3.40762e-38  7.33541e-37 -3.68834e-39   7.1804e-38 -4.14822e-41  1.15183e-40  1.88916e-41 -4.58771e-40  3.71431e-42 -3.02774e-41 -4.18897e-43 -5.15073e-43 -7.27317e-45  1.03754e-44  6.13165e-46
-4.31592e-36 -5.12632e-34  3.45792e-35  4.20788e-33  1.08288e-34 -2.17641e-33 -1.66417e-34  3.35393e-33  2.37804e-35 -3.38496e-32  1.94656e-34  4.98391e-31  1.47725e-34 -5.64918e-30  -6.1799e-35  5.32555e-29   6.7641e-36 -4.25149e-28  2.77523e-35  2.91195e-27 -6.82151e-36 -1.72811e-26 -9.45977e-36  8.95227e-26  9.13534e-36 -4.07089e-25 -2.54187e-35  1.63152e-24  1.31916e-34 -5.77858e-24 -6.06417e-34   1.8115e-23  2.52997e-33 -5.02807e-23 -9.63527e-33  1.23467e-22   3.3586e-32 -2.67643e-22 -1.07401e-31  5.10267e-22  3.15674e-31 -8.50688e-22 -8.54243e-31   1.2295e-21  2.13141e-30 -1.52055e-21 -4.90981e-30  1.57616e-21  1.04545e-29 -1.32079e-21 -2.06015e-29  8.29552e-22   3.7615e-29 -3.08252e-22 -6.37109e-29 -3.66531e-23  1.00226e-28  1.36241e-22 -1.46606e-28 -7.90541e-23  1.99588e-28  2.69488e-24 -2.53018e-28  2.24805e-23  2.98641e-28 -1.03198e-23 -3.27862e-28 -2.38748e-24  3.34113e-28  3.31673e-24 -3.15081e-28 -2.05343e-25  2.73885e-28 -7.03966e-25 -2.18478e-28  1.35224e-25   1.5923e-28   1.2494e-25  -1.0564e-28  -3.0181e-26  6.36664e-29 -2.04563e-26 -3.48678e-29  4.17218e-27  1.74069e-29  3.07331e-27 -7.95883e-30 -3.01706e-28  3.34078e-30 -3.83894e-28 -1.27954e-30 -1.25373e-29  4.38218e-31  3.40615e-29 -1.29394e-31  5.81778e-30  3.11663e-32 -1.60256e-30 -5.56824e-33 -6.15822e-31  5.52668e-34  -9.4659e-33  4.51075e-35  2.70784e-32 -3.31393e-35  4.56013e-33  7.27385e-36  -1.8809e-34 -4.92645e-37 -1.45274e-34 -1.99654e-37 -1.54459e-35  6.11438e-38  4.12811e-37 -4.64003e-39  2.22228e-37 -4.70058e-40  1.72599e-38  4.63868e-41  1.39312e-40   7.4885e-42 -4.23818e-41 -6.57206e-43 -1.78468e-42 -4.83418e-45 -1.27529e-44
  2.4704e-34 -2.45617e-35 -1.39863e-33  1.08288e-34  6.63941e-33  2.31044e-34 -5.01478e-33 -2.65307e-34  5.72747e-32  3.90709e-35 -8.76483e-31  2.28161e-34  1.10374e-29  1.50763e-34 -1.14035e-28 -6.53247e-35   9.8972e-28 -4.54412e-36 -7.32619e-27  2.34065e-35  4.67795e-26 -7.89888e-36 -2.59876e-25  -1.9995e-35  1.26419e-24  5.40342e-35 -5.41097e-24 -2.55503e-34  2.04462e-23  1.22713e-33 -6.83519e-23 -5.35195e-33  2.02351e-22  2.12739e-32 -5.30384e-22 -7.72912e-32  1.22909e-21  2.57286e-31 -2.51098e-21 -7.86294e-31  4.50156e-21  2.20986e-30 -7.03253e-21  -5.7197e-30  9.47432e-21  1.36503e-29 -1.08314e-20 -3.00708e-29  1.02334e-20  6.12108e-29 -7.60304e-21  -1.1525e-28  3.93946e-21  2.00942e-28 -7.93384e-22 -3.24827e-28 -7.71633e-22  4.87502e-28  8.30983e-22 -6.80249e-28 -2.70201e-22  8.83716e-28 -1.11848e-22  -1.0699e-27  1.31918e-22  1.20749e-27 -2.06545e-23 -1.26934e-27  -2.8012e-23  1.24017e-27  1.25549e-23 -1.12207e-27  3.88987e-24  9.35577e-28 -3.34537e-24 -7.14844e-28  -4.1836e-25  4.97684e-28  6.59205e-25 -3.14234e-28  5.32626e-26  1.79474e-28  -1.0578e-25  -9.2823e-29 -1.15724e-26  4.37163e-29  1.35415e-26 -1.89146e-29  2.57091e-27  7.56463e-30 -1.22675e-27 -2.77856e-30 -4.04243e-28  9.12765e-31  5.38676e-29 -2.55872e-31  3.93712e-29  5.72126e-32  2.31114e-30 -9.09334e-33 -1.97313e-30  6.71657e-34 -4.28845e-31  1.29695e-34  1.75814e-32 -6.43447e-35  1.80304e-32  1.41561e-35  2.13068e-33  -1.0786e-36 -1.26768e-34 -3.52915e-37 -5.49698e-35  1.01624e-37 -4.58369e-36 -4.49829e-39   7.6777e-38 -1.23727e-39  3.68231e-38  7.93746e-41  2.11368e-39  1.08427e-41   2.4007e-41 -6.85394e-43 -1.00272e-42 -2.72199e-45
-8.05748e-36  6.57849e-34 -7.76157e-35 -2.17641e-33  2.31044e-34   1.2218e-32  3.71484e-34 -7.43863e-32 -3.32638e-34   1.2998e-30  2.90404e-35 -1.81993e-29   2.2003e-34  2.07151e-28  1.34594e-34 -1.96189e-27 -5.12755e-35  1.57384e-26 -1.25429e-35 -1.08349e-25  1.51846e-35  6.46473e-25  1.35219e-36 -3.36801e-24 -9.28697e-35  1.54071e-23  4.38889e-34 -6.21382e-23 -2.17921e-33  2.21552e-22  9.93797e-33 -6.99437e-22 -4.12576e-32  1.95593e-21  1.56359e-31 -4.84122e-21 -5.42318e-31   1.0584e-20  1.72517e-30 -2.03636e-20 -5.04223e-30  3.42867e-20  1.35595e-29 -5.00954e-20 -3.35889e-29  6.27108e-20  7.67182e-29 -6.59214e-20 -1.61701e-28  5.61973e-20  3.14757e-28 -3.61551e-20 -5.66307e-28  1.41294e-20  9.42679e-28  1.00217e-21 -1.45358e-27 -5.80208e-21  2.07935e-27  3.60815e-21  -2.7644e-27 -2.64336e-22  3.42201e-27 -9.68169e-22 -3.95086e-27  4.95754e-22  4.25836e-27  8.45862e-23 -4.28315e-27 -1.52965e-22  4.01133e-27  1.62181e-23 -3.48313e-27  3.16752e-23  2.78727e-27 -7.75305e-24 -2.04072e-27 -5.53754e-24  1.35701e-27  1.69819e-24 -8.14466e-28  9.11876e-25  4.39747e-28 -2.46788e-25 -2.13984e-28 -1.41546e-25  9.47018e-29  2.16484e-26 -3.86982e-29  1.86719e-26  1.47741e-29 -1.73726e-28 -5.22873e-30 -1.78696e-27  1.65275e-30 -2.35911e-28 -4.38639e-31  9.67093e-29  9.00546e-32  3.01433e-29 -1.24977e-32 -6.09545e-31  6.43688e-34 -1.51936e-30  2.26713e-34 -2.12017e-31 -1.01993e-34  1.77906e-32  2.44229e-35   8.1553e-33 -1.98267e-36  7.18729e-34 -6.15502e-37 -4.27223e-35  1.59997e-37 -1.30482e-35 -3.08698e-39  -8.6571e-37 -2.18094e-39  3.45377e-39   1.0002e-40  2.75929e-39  1.21595e-41  9.85489e-41 -4.87304e-43  5.95865e-43
 -1.0893e-34 -1.11001e-35  1.14954e-33 -1.66417e-34 -5.01478e-33  3.71484e-34  9.03957e-32  4.79913e-34 -1.63354e-30 -3.42962e-34  2.57708e-29 -4.03428e-36 -3.25009e-28  1.79535e-34  3.37349e-27  1.11162e-34 -2.94218e-26 -2.09752e-35  2.18906e-25 -1.32618e-35 -1.40531e-24 -5.28375e-36  7.85132e-24  9.97641e-35 -3.84221e-23 -6.73424e-34   1.6549e-22  3.46397e-33 -6.29497e-22 -1.65224e-32  2.11923e-21  7.16694e-32 -6.32067e-21 -2.83431e-31  1.66986e-20  1.02474e-30 -3.90243e-20  -3.3951e-30  8.04486e-20  1.03273e-29 -1.45638e-19 -2.88851e-29  2.29953e-19  7.43736e-29 -3.13462e-19 -1.76443e-28  3.63172e-19  3.85943e-28 -3.48573e-19 -7.78755e-28  2.64291e-19  1.45027e-27 -1.41453e-19 -2.49402e-27  3.22186e-20  3.96352e-27  2.49446e-20 -5.82733e-27 -2.95509e-20  7.93873e-27  1.06158e-20 -1.00425e-26  3.45739e-21  1.18262e-26 -4.82146e-21 -1.29981e-26  9.56252e-22  1.33596e-26   9.6959e-22 -1.28452e-26 -5.04555e-22  1.15296e-26 -1.20313e-22 -9.61314e-27  1.31129e-22  7.38936e-27  9.60694e-24 -5.18811e-27 -2.58101e-23  3.29515e-27 -8.33047e-25 -1.87754e-27  4.21805e-24  9.55339e-28  2.61446e-25 -4.35266e-28 -5.62467e-25  1.80092e-28 -7.95125e-26 -6.93717e-29  5.49959e-26  2.53886e-29  1.46616e-26 -8.72267e-30 -2.97413e-27  2.66156e-30 -1.59555e-27 -6.64012e-31  -3.5985e-29  1.22629e-31  9.06309e-29 -1.44513e-32  1.62131e-29  5.68309e-34 -1.41265e-30   2.5478e-34 -8.07357e-31 -1.39369e-34 -7.70702e-32  3.95423e-35  8.48554e-33 -3.25111e-36  2.51687e-33 -1.03505e-36  1.73335e-34  2.35411e-37 -7.48199e-36 -5.72311e-40 -1.80009e-36 -2.97425e-39 -8.95077e-38  9.35472e-41 -4.70981e-40  1.07013e-41  5.91808e-41 -2.13646e-43
 2.08194e-35  2.98619e-34  5.42766e-37  3.35393e-33 -2.65307e-34 -7.43863e-32  4.79913e-34  1.77308e-30  5.23036e-34 -3.16359e-29 -3.05436e-34  4.45371e-28 -4.07692e-35 -5.09216e-27  1.27503e-34  4.84626e-26  9.09855e-35 -3.90765e-25  1.51097e-35  2.70469e-24  6.44591e-36 -1.62293e-23 -1.35297e-34  8.50575e-23  8.88798e-34 -3.91552e-22 -5.00723e-33  1.58966e-21  2.49487e-32  -5.7077e-21 -1.13121e-31  1.81532e-20  4.66852e-31 -5.11652e-20 -1.75944e-30  1.27707e-19  6.07125e-30 -2.81706e-19 -1.92227e-29  5.47248e-19   5.5939e-29 -9.31088e-19 -1.49807e-28  1.37607e-18  3.69542e-28 -1.74482e-18 -8.40174e-28  1.86147e-18  1.76118e-27 -1.61584e-18 -3.40441e-27  1.06602e-18  6.06922e-27   -4.383e-19 -9.98044e-27 -1.03127e-20   1.5145e-26  1.66082e-19  -2.1226e-26 -1.11262e-19  2.75174e-26  1.26601e-20 -3.30775e-26  2.79282e-20  3.69879e-26 -1.60553e-20 -3.86211e-26 -1.78648e-21  3.77831e-26  4.74457e-21 -3.46875e-26  -7.3093e-22   2.9836e-26 -9.52464e-22 -2.39066e-26   2.9229e-22  1.76754e-26  1.62714e-22 -1.19144e-26  -6.3249e-23  7.22949e-27 -2.68323e-23 -3.90484e-27  9.57363e-24  1.86506e-27  4.31554e-24 -7.90439e-28 -9.55867e-25  3.03638e-28 -6.04612e-25 -1.10098e-28  3.50472e-26  3.89542e-29  6.26191e-26 -1.31419e-29  5.76013e-27  3.87877e-30 -3.84592e-27 -8.95728e-31 -9.72981e-28  1.42955e-31  6.32785e-29 -1.36888e-32  5.67956e-29  8.39261e-34  6.31551e-30  8.74863e-35 -9.35715e-31 -1.73286e-34 -3.04849e-31  6.16049e-35 -2.11186e-32 -4.81207e-36  2.36388e-33 -1.62531e-36  5.09775e-34  3.15953e-37  2.81407e-35  2.64974e-39 -5.86544e-37 -3.29219e-39 -1.19157e-37  6.22915e-41 -3.68889e-39  7.12746e-42 -1.55106e-41
-1.58181e-34   6.5738e-35 -1.58166e-34  2.37804e-35  5.72747e-32 -3.32638e-34 -1.63354e-30  5.23036e-34  3.38678e-29   5.0098e-34 -5.36705e-28 -2.51994e-34  6.80038e-27 -6.07764e-35   -7.093e-26  8.21114e-35   6.2179e-25  8.02994e-35 -4.65124e-24  2.96027e-35  3.00291e-23  1.60368e-34 -1.68771e-22 -1.11929e-33  8.31117e-22  6.59473e-33 -3.60353e-21 -3.46359e-32  1.38033e-20  1.64108e-31 -4.68143e-20  -7.0678e-31  1.40723e-19   2.7757e-30 -3.74886e-19 -9.97112e-30  8.83918e-19  3.28454e-29 -1.83964e-18 -9.94073e-29  3.36478e-18  2.76836e-28 -5.37271e-18 -7.10153e-28  7.41529e-18  1.67917e-27 -8.71293e-18 -3.66093e-27  8.50276e-18  7.35948e-27 -6.58573e-18 -1.36387e-26  3.64473e-18  2.32929e-26 -9.29917e-19 -3.66498e-26 -5.66302e-19  5.31238e-26  7.51334e-19   -7.097e-26 -2.97981e-19  8.74991e-26 -7.27621e-20 -9.98122e-26  1.25802e-19  1.05767e-25 -3.06795e-20 -1.04659e-25 -2.36499e-20  9.72307e-26  1.44494e-20 -8.51106e-26  2.46525e-21  7.01479e-26  -3.6608e-21 -5.40825e-26 -7.28366e-23  3.85351e-26  7.18228e-22 -2.49804e-26 -1.40171e-23  1.44881e-26 -1.19363e-22 -7.40483e-27 -1.37069e-24  3.30274e-27  1.65638e-23 -1.29019e-27  1.52499e-24  4.55607e-28 -1.73956e-24 -1.55508e-28  -3.6483e-25  5.40637e-29  1.10415e-25 -1.82093e-29  4.54708e-26  5.18923e-30 -8.99706e-28 -1.07549e-30 -2.93493e-27  1.35733e-31 -4.18859e-28 -9.73959e-33  6.45349e-29  2.17614e-33  2.54957e-29 -4.06191e-34  1.82738e-30 -2.08496e-34 -3.61782e-31   9.1907e-35 -8.12233e-32 -6.35297e-36 -4.35484e-33 -2.33008e-36  3.78329e-34  3.79322e-37  6.21568e-35   5.9295e-39  2.61537e-36 -3.00258e-39 -8.55249e-39  2.49712e-41 -2.36401e-39  3.14443e-42
 3.01068e-35  2.41072e-34  1.31463e-34 -3.38496e-32  3.90709e-35   1.2998e-30 -3.42962e-34 -3.16359e-29   5.0098e-34  5.70923e-28  4.36545e-34 -8.07456e-27 -2.11817e-34  9.27716e-26 -5.50939e-35 -8.87448e-25  4.99488e-35  7.19429e-24  9.36411e-35 -5.00781e-23 -1.13247e-34  3.02286e-22  1.30208e-33 -1.59424e-21 -8.07528e-33  7.38752e-21  4.45496e-32 -3.02025e-20 -2.21007e-31  1.09245e-19  9.93272e-31 -3.50174e-19 -4.06362e-30  9.95185e-19  1.51869e-29 -2.50596e-18 -5.20012e-29  5.58028e-18   1.6352e-28  -1.0951e-17 -4.73081e-28  1.88384e-17  1.26095e-27 -2.81802e-17 -3.09918e-27   3.6218e-17  7.02709e-27  -3.9246e-17 -1.46994e-26  3.47209e-17  2.83582e-26 -2.35142e-17 -5.04237e-26  1.01739e-17  8.25674e-26 -2.36419e-19 -1.24401e-25 -3.52834e-18  1.72341e-25  2.56218e-18 -2.19504e-25 -3.99291e-19  2.57257e-25 -5.94994e-19 -2.78127e-25  3.87408e-19  2.78666e-25  2.04083e-20 -2.60553e-25 -1.09268e-19    2.292e-25  2.26355e-20  -1.9094e-25  2.10798e-20    1.508e-25 -8.06121e-21 -1.12074e-25 -3.47637e-21  7.71695e-26  1.72997e-21 -4.82235e-26  5.70017e-22  2.67533e-26 -2.71071e-22   -1.291e-26 -9.54304e-23  5.33961e-27  2.98136e-23 -1.89699e-27  1.43316e-23  6.06574e-28   -1.677e-24 -1.95632e-28 -1.61598e-24  6.88979e-29 -7.92831e-26  -2.3672e-29  1.11836e-25  6.44931e-30  2.26294e-26 -1.12869e-30 -2.84444e-27  8.56954e-32 -1.56044e-27 -3.58094e-33 -1.27887e-28  5.47468e-33  3.34747e-29 -1.29988e-33  8.35899e-30 -2.55984e-34  4.07326e-31  1.28742e-34 -8.79984e-32 -7.32511e-36 -1.46245e-32 -3.01284e-36 -6.36623e-34  4.02274e-37  3.08146e-35  8.36902e-39  3.76628e-36 -2.24498e-39   9.9222e-38  8.10176e-43  1.96869e-40
 8.82913e-35  7.45346e-35  1.81246e-32  1.94656e-34 -8.76483e-31  2.90404e-35  2.57708e-29 -3.05436e-34 -5.36705e-28  4.36545e-34  8.54779e-27  3.55584e-34 -1.08834e-25 -1.96169e-34    1.141e-24 -2.64802e-35 -1.00562e-23  1.52597e-35  7.56516e-23  2.52233e-34 -4.91333e-22 -1.33279e-33  2.77878e-21  9.22113e-33 -1.37748e-20 -5.35287e-32  6.01417e-20  2.78406e-31 -2.32073e-19 -1.30696e-30  7.93231e-19  5.57035e-30 -2.40419e-18  -2.1648e-29   6.4612e-18  7.69798e-29 -1.53777e-17 -2.51187e-28  3.23276e-17  7.53826e-28 -5.97732e-17 -2.08435e-27   9.6578e-17  5.31677e-27  -1.3505e-16  -1.2521e-26  1.61053e-16  2.72305e-26 -1.59939e-16 -5.46767e-26  1.26673e-16  1.01294e-25 -7.25605e-17  -1.7295e-25   2.0569e-17  2.71778e-25  9.64281e-18 -3.92461e-25 -1.46949e-17  5.20052e-25  6.43394e-18 -6.31764e-25  1.08193e-18  7.03696e-25 -2.51996e-18 -7.20178e-25  7.41138e-19  6.80626e-25  4.34816e-19 -5.99224e-25 -3.17317e-19  4.97259e-25 -3.32999e-20 -3.93294e-25  7.82531e-20  2.97691e-25  -2.8344e-21 -2.13851e-25 -1.52579e-20  1.42845e-25  1.16344e-21  -8.6327e-26  2.57382e-21  4.58583e-26 -1.13205e-22 -2.08338e-26 -3.71499e-22  7.91289e-27 -1.49332e-23 -2.50378e-27  4.17922e-23  7.06597e-28  6.51696e-24 -2.18315e-28 -3.02933e-24  8.23474e-29 -9.73899e-25 -2.95267e-29  7.04249e-26  7.51198e-30  7.20439e-26 -9.75438e-31  7.70111e-27 -1.76185e-32 -2.04764e-27  2.17214e-33 -6.08785e-28  1.14635e-32 -2.76409e-29 -2.55462e-33  1.11295e-29 -3.24469e-34  1.98022e-30   1.6609e-34  7.23903e-32 -7.17395e-36 -1.29884e-32 -3.49137e-36  -1.6247e-33  3.73512e-37 -5.55057e-35  9.14061e-39  8.90252e-37 -1.34018e-39  7.01458e-38 -5.08682e-42
-1.56777e-35 -6.92441e-33  1.19863e-34  4.98391e-31  2.28161e-34 -1.81993e-29 -4.03428e-36  4.45371e-28 -2.51994e-34 -8.07456e-27  3.55584e-34  1.14758e-25  2.76184e-34 -1.32527e-24 -2.00666e-34  1.27458e-23  2.57439e-35 -1.03913e-22 -1.42111e-34  7.27637e-22  1.45585e-33 -4.41981e-21  -9.7568e-33  2.34641e-20  6.03273e-32 -1.09489e-19  -3.2989e-31  4.50922e-19  1.62082e-30 -1.64373e-18 -7.20382e-30   5.3123e-18  2.91179e-29 -1.52298e-17 -1.07481e-28   3.8708e-17  3.63546e-28 -8.70565e-17 -1.12996e-27  1.72682e-16  3.23477e-27 -3.00523e-16 -8.54429e-27  4.55313e-16  2.08503e-26 -5.93573e-16 -4.70396e-26  6.53833e-16  9.81275e-26 -5.90094e-16 -1.89188e-25   4.1066e-16   3.3676e-25 -1.86998e-16 -5.52574e-25  1.29719e-17   8.3412e-25  5.87572e-17 -1.15567e-24 -4.66063e-17  1.46621e-24  9.30678e-18 -1.70001e-24   9.8665e-18  1.79972e-24 -7.36584e-18 -1.74175e-24  4.31888e-20  1.54868e-24   1.9731e-18 -1.27848e-24 -5.26881e-19  9.96018e-25 -3.61216e-19 -7.45482e-25   1.7274e-19  5.41018e-25  5.63654e-20 -3.77178e-25 -3.68389e-20  2.45725e-25 -9.07129e-21 -1.44222e-25  5.94918e-21  7.34522e-26  1.59443e-21 -3.12969e-26 -7.07262e-22  1.07642e-26 -2.60846e-22  -2.9283e-27  5.03735e-23  6.92887e-28  3.23617e-23  -2.1397e-28  2.66958e-26  9.52447e-29 -2.51927e-24 -3.61324e-29 -3.92764e-25  8.23646e-30  8.52661e-26 -5.47828e-31  3.32146e-26 -1.74661e-31  1.66312e-27   3.8438e-33 -8.93911e-28  2.02735e-32 -1.76863e-28 -4.00345e-33 -4.39853e-30 -4.10195e-34  2.43494e-30  1.94815e-34   3.2432e-31 -5.69321e-36  9.88062e-33 -3.61025e-36 -1.03504e-33  3.00794e-37 -9.19685e-35  8.01194e-39  -2.0191e-36 -5.99479e-40  1.79419e-39
 1.66382e-33 -3.05815e-35 -2.30112e-31  1.47725e-34  1.10374e-29   2.2003e-34 -3.25009e-28 -4.07692e-35  6.80038e-27 -2.11817e-34 -1.08834e-25  2.76184e-34  1.39284e-24  2.07678e-34 -1.46811e-23 -2.20959e-34  1.30126e-22  1.81819e-34  -9.8476e-22 -1.24616e-33  6.43587e-21  9.73242e-33 -3.66394e-20 -6.36756e-32  1.82892e-19  3.68524e-31 -8.04393e-19 -1.90188e-30  3.12809e-18    8.836e-30 -1.07798e-17 -3.71968e-29  3.29575e-17  1.42599e-28 -8.93945e-17 -4.99857e-28  2.14868e-16   1.6075e-27 -4.56509e-16 -4.75635e-27  8.53775e-16  1.29791e-26 -1.39678e-15  -3.2726e-26   1.9803e-15    7.635e-26 -2.39871e-15  -1.6494e-25  2.42625e-15  3.29976e-25 -1.96693e-15  -6.1094e-25  1.16722e-15  1.04539e-24 -3.65049e-16 -1.64974e-24 -1.27003e-16  2.39463e-24  2.30992e-16 -3.18697e-24 -1.11741e-16  3.87572e-24  -1.0777e-17 -4.29299e-24    4.046e-17  4.32089e-24  -1.4176e-17 -3.95105e-24 -6.23425e-18  3.29618e-24  5.58375e-18 -2.53868e-24   2.2365e-19  1.84493e-24 -1.33662e-18 -1.30081e-24  1.29251e-19  9.05899e-25  2.57915e-19  -6.1663e-25 -3.62238e-20  3.94741e-25 -4.40515e-20 -2.26218e-25  4.72559e-21  1.10614e-25  6.61386e-21 -4.39779e-26 -1.10156e-22  1.34166e-26 -7.96404e-22 -2.93228e-27 -8.16859e-23  5.05924e-28  6.48832e-23 -1.80971e-28  1.61932e-23  1.10954e-28 -2.31134e-24 -4.40867e-29  -1.3977e-24  8.48816e-30 -9.69415e-26   1.8591e-31  4.92298e-26 -3.72065e-31  1.14163e-26 -1.96597e-33  1.64599e-28  3.11282e-32 -2.63879e-28  -5.3929e-33 -3.78484e-29 -4.92922e-34 -6.09024e-31  2.06318e-34  3.34917e-31 -3.23924e-36  3.34672e-32  -3.3153e-36  8.52188e-34  2.07104e-37 -3.34466e-35  5.58845e-39 -1.63491e-36 -1.70046e-40
 1.00186e-35  8.16202e-32 -4.73371e-35 -5.64918e-30  1.50763e-34  2.07151e-28  1.79535e-34 -5.09216e-27 -6.07764e-35  9.27716e-26 -1.96169e-34 -1.32527e-24  2.07678e-34  1.53872e-23  1.54354e-34 -1.48827e-22 -3.06191e-34  1.22058e-21  1.08779e-33 -8.60058e-21 -8.73914e-33   5.2587e-20  6.26498e-32  -2.8112e-19  -3.8721e-31  1.32141e-18  2.11247e-30 -5.48432e-18 -1.03021e-29  2.01558e-17  4.52984e-29 -6.57066e-17 -1.80703e-28  1.90112e-16  6.57139e-28 -4.87945e-16 -2.18708e-27  1.10897e-15  6.68404e-27 -2.22465e-15 -1.88129e-26  3.91925e-15  4.88896e-26 -6.01815e-15 -1.17556e-25  7.96411e-15  2.61956e-25 -8.92514e-15  -5.4148e-25  8.22507e-15  1.03841e-24 -5.88794e-15 -1.84615e-24  2.82176e-15   3.0377e-24  -3.2423e-16 -4.61389e-24 -7.93046e-16  6.44671e-24  6.93934e-16 -8.25201e-24 -1.70506e-16  9.63227e-24 -1.31218e-16 -1.02045e-23  1.14326e-16  9.77074e-24 -7.45375e-18  -8.4364e-24 -2.88812e-17   6.5847e-24  9.71291e-18 -4.70264e-24  4.92214e-18  3.16037e-24 -2.98802e-18 -2.08526e-24 -7.00564e-19  1.39576e-24  6.33653e-19 -9.36238e-25  1.07615e-19  5.95004e-25   -1.051e-19 -3.35132e-25 -2.02382e-20  1.57541e-25  1.33479e-20  -5.8046e-26   3.7232e-21   1.5213e-26 -1.11663e-21 -2.26755e-27 -5.18008e-22  1.09885e-28  2.93438e-23 -1.29121e-28  4.55431e-23  1.34693e-28  5.03732e-24 -5.38713e-29 -1.92071e-24  8.15129e-30 -5.64204e-25  1.19518e-30  -7.2871e-27 -5.82538e-31  1.87744e-26 -1.67377e-32  2.96393e-27  4.23658e-32 -1.52092e-29  -6.4674e-33 -5.28793e-29 -5.42801e-34 -5.71656e-30  1.96675e-34 -8.39791e-32 -6.04724e-37  2.57883e-32   -2.685e-36  1.79733e-33  1.18868e-37  3.12953e-35   2.9648e-39 -1.71383e-37
-1.95412e-32  1.65102e-35  2.36937e-30  -6.1799e-35 -1.14035e-28  1.34594e-34  3.37349e-27  1.27503e-34   -7.093e-26 -5.50939e-35    1.141e-24 -2.00666e-34 -1.46811e-23  1.54354e-34  1.55622e-22  1.32376e-34 -1.38759e-21 -8.75202e-34  1.05668e-20  7.08253e-33 -6.95152e-20  -5.6441e-32  3.98503e-19  3.79613e-31  -2.0038e-18 -2.21232e-30  8.88129e-18  1.14011e-29 -3.48198e-17 -5.26071e-29  1.21033e-16  2.19133e-28 -3.73439e-16 -8.28889e-28  1.02282e-15  2.86018e-27 -2.48412e-15 -9.03738e-27   5.3369e-15  2.62355e-26 -1.01021e-14 -7.01859e-26  1.67453e-14  1.73512e-25 -2.40878e-14 -3.97368e-25  2.96598e-14  8.44693e-25 -3.05837e-14 -1.66882e-24  2.54038e-14  3.06544e-24 -1.56307e-14  -5.2316e-24  5.36088e-15  8.27928e-24  1.29747e-15 -1.21114e-23 -3.00296e-15  1.63075e-23  1.60801e-15 -2.01043e-23  4.49682e-17   2.2558e-23 -5.35303e-16 -2.28885e-23  2.21962e-16  2.08672e-23  7.04472e-17 -1.70072e-23 -8.10242e-17  1.23823e-23  2.07113e-18  -8.1388e-24  1.87419e-17  4.99643e-24 -3.07133e-18 -3.05374e-24 -3.55694e-18  1.97051e-24   7.6882e-19 -1.32172e-24   6.1296e-19  8.45712e-25 -1.12224e-19  -4.7174e-25 -9.58085e-20  2.13406e-25  7.87091e-21 -7.22153e-26   1.2368e-20  1.54227e-26  5.78212e-22 -7.40909e-28 -1.12301e-21 -4.89719e-28 -2.10535e-22 -7.88486e-29  5.23162e-23  1.71539e-28  2.19649e-23 -6.54286e-29  6.00864e-25  7.17252e-30 -9.40922e-25  2.37022e-30 -1.71244e-25  -7.7003e-31  4.34266e-27 -3.88694e-32  5.01568e-27  5.18631e-32  5.76612e-28 -7.05561e-33 -6.23821e-30 -5.35353e-34 -6.83603e-30   1.6864e-34  -5.5536e-31  1.38935e-36 -8.41572e-33 -1.89732e-36  8.55419e-34  5.42011e-38  3.09273e-35  1.04597e-39
 8.10793e-36 -7.70207e-31  1.54901e-35  5.32555e-29 -6.53247e-35 -1.96189e-27  1.11162e-34  4.84626e-26  8.21114e-35 -8.87448e-25 -2.64802e-35  1.27458e-23 -2.20959e-34 -1.48827e-22  1.32376e-34  1.44805e-21  2.80075e-34 -1.19505e-20 -4.73807e-33  8.47631e-20  4.51436e-32 -5.21876e-19 -3.41556e-31   2.8103e-18  2.16433e-30 -1.33119e-17 -1.19113e-29  5.57005e-17  5.80765e-29 -2.06476e-16 -2.53893e-28  6.79261e-16    1.003e-27 -1.98445e-15 -3.60043e-27  5.14611e-15  1.17941e-26 -1.18255e-14 -3.53832e-26  2.40059e-14  9.75368e-26 -4.28401e-14 -2.47821e-25  6.67185e-14  5.82142e-25 -8.96948e-14 -1.26792e-24  1.02354e-13  2.56703e-24  -9.6409e-14 -4.84013e-24  7.10617e-14   8.5063e-24 -3.58406e-14 -1.39271e-23  5.73144e-15  2.11985e-23  8.85827e-15 -2.98856e-23 -8.66474e-15  3.88209e-23   2.5511e-15 -4.61631e-23  1.42047e-15  4.98735e-23 -1.48364e-15 -4.85441e-23   1.8746e-16  4.21886e-23  3.49888e-16 -3.24539e-23 -1.46671e-16  2.19735e-23 -5.37939e-17 -1.31693e-23   4.2813e-17  7.25333e-24  6.44454e-18 -4.03658e-24 -9.02266e-18  2.52605e-24 -8.71096e-19 -1.73576e-24  1.53241e-18  1.13965e-24  1.85694e-19 -6.34727e-25 -2.06339e-19   2.7641e-25 -4.15073e-20 -8.49195e-26   1.9536e-20  1.34011e-26  6.72151e-21   1.7183e-27 -8.77644e-22 -1.23836e-27 -6.75403e-22 -5.55576e-29 -4.28127e-23  2.23798e-28  3.43844e-23 -7.79044e-29  7.75516e-24  5.62531e-30 -2.65299e-25  3.52903e-30 -3.20199e-25 -8.99476e-31  -3.9609e-26 -6.37171e-32  1.86811e-27  5.77144e-32  9.31443e-28 -7.11508e-33  8.08981e-29 -4.65409e-34 -5.16198e-31  1.30252e-34 -5.07827e-31  2.30272e-36 -2.86496e-32 -1.14997e-36 -3.52031e-34   1.7725e-38  5.23766e-36
 1.68274e-31  1.84031e-35 -2.04741e-29   6.7641e-36   9.8972e-28 -5.12755e-35 -2.94218e-26  9.09855e-35   6.2179e-25  4.99488e-35 -1.00562e-23  2.57439e-35  1.30126e-22 -3.06191e-34 -1.38759e-21  2.80075e-34  1.24499e-20   1.5614e-33 -9.54351e-20 -2.93341e-32  6.32198e-19  2.72388e-31 -3.65069e-18 -1.94393e-30  1.84985e-17  1.16285e-29  -8.2658e-17 -6.05398e-29  3.26859e-16  2.79719e-28 -1.14652e-15 -1.16028e-27  3.57174e-15  4.35264e-27 -9.88352e-15 -1.48428e-26   2.4268e-14  4.61903e-26 -5.27529e-14 -1.31615e-25  1.01128e-13  3.44463e-25 -1.69962e-13 -8.30694e-25  2.48249e-13  1.85198e-24 -3.10988e-13 -3.83001e-24  3.27212e-13  7.37142e-24 -2.78758e-13 -1.32396e-23  1.77982e-13   2.2227e-23 -6.65906e-14 -3.48788e-23 -9.85095e-15  5.10517e-23  3.29229e-14 -6.94017e-23 -1.95791e-14  8.70785e-23  7.50103e-16 -1.00041e-22  5.94292e-15  1.04258e-22 -2.91208e-15 -9.75213e-23 -6.15542e-16  8.09053e-23  9.88673e-16  -5.8755e-23  -9.2632e-17  3.68789e-23 -2.19449e-16 -1.99174e-23  5.29666e-17  9.56792e-24  4.05776e-17  -4.6935e-24 -1.25945e-17  2.88562e-24 -7.01698e-18 -2.12003e-24  1.96435e-18  1.46485e-24  1.14422e-18 -8.21014e-25 -1.85998e-19  3.43933e-25 -1.59107e-19 -9.45714e-26  2.43238e-21  8.77067e-27  1.60623e-20  5.00788e-27  2.08118e-21 -2.03879e-27  -9.1543e-22 -8.08138e-29 -2.83017e-22  2.88915e-28  6.67107e-24 -8.97262e-29  1.47173e-23  3.75367e-30  2.05442e-24  4.45542e-30 -1.70125e-25 -9.47741e-31  -7.8315e-26 -8.50231e-32  -6.9742e-27  5.88605e-32  3.56692e-28 -6.71843e-33  1.13936e-28 -3.50845e-34  7.47365e-30  9.10225e-35  1.17814e-32  2.21866e-36 -1.68463e-32 -5.81008e-37 -4.82202e-34  3.12027e-39
-1.72547e-36  6.12033e-30  2.61808e-35 -4.25149e-28 -4.54412e-36  1.57384e-26 -2.09752e-35 -3.90765e-25  8.02994e-35  7.19429e-24  1.52597e-35 -1.03913e-22  1.81819e-34  1.22058e-21 -8.75202e-34 -1.19505e-20   1.5614e-33  9.92765e-20  1.00043e-32 -7.09046e-19 -1.76091e-31  4.39746e-18   1.5475e-30  -2.3863e-17 -1.04211e-29  1.13955e-16  5.89488e-29 -4.80918e-16 -2.90816e-28  1.79893e-15  1.27542e-27 -5.97513e-15 -5.02755e-27  1.76351e-14   1.7935e-26 -4.62308e-14 -5.81703e-26  1.07478e-13  1.72135e-25 -2.20925e-13 -4.66128e-25  3.99636e-13  1.15843e-24 -6.31707e-13 -2.65041e-24  8.63444e-13  5.60215e-24  -1.0042e-12 -1.09823e-23  9.67703e-13  2.00504e-23 -7.35158e-13 -3.42247e-23   3.9018e-13  5.47742e-23 -7.97943e-14 -8.22662e-23 -8.28603e-14  1.15741e-22  9.23037e-14 -1.51803e-22 -3.19887e-14  1.84219e-22 -1.25165e-14 -2.04844e-22  1.63693e-14  2.06342e-22 -3.12078e-15  -1.8585e-22 -3.55018e-15   1.4742e-22  1.85657e-15 -1.01117e-22   4.6472e-16  5.86506e-23 -5.17291e-16 -2.81125e-23 -3.64339e-17  1.12223e-23   1.0813e-16 -4.50163e-24  2.47526e-18  2.81412e-24 -1.87494e-17  -2.4061e-24 -9.34539e-19  1.80778e-24  2.66358e-18 -1.02601e-24  3.43482e-19  4.12678e-25 -2.79718e-19 -9.98546e-26 -7.05946e-20  1.57701e-27  1.66944e-20  8.83733e-27  8.31718e-21  -2.7704e-27  8.56046e-23 -1.63866e-28 -5.04809e-22  3.59019e-28 -8.60532e-23 -9.90114e-29  8.72333e-24  1.94829e-30  4.52261e-24  4.96022e-30  4.14009e-25 -9.11056e-31 -4.82579e-26 -9.71746e-32 -1.35769e-26  5.53804e-32 -9.08892e-28 -5.99953e-33   3.5387e-29 -2.23721e-34  8.17883e-30  5.80879e-35  3.74888e-31  1.57385e-36  2.19811e-33 -2.31869e-37 -1.10144e-34
-1.23407e-30 -3.35525e-36  1.50819e-28  2.77523e-35 -7.32619e-27 -1.25429e-35  2.18906e-25  1.51097e-35 -4.65124e-24  9.36411e-35  7.56516e-23 -1.42111e-34  -9.8476e-22  1.08779e-33  1.05668e-20 -4.73807e-33 -9.54351e-20  1.00043e-32  7.36643e-19  6.06807e-32 -4.91551e-18 -9.98421e-31  2.86039e-17  8.27755e-30 -1.46118e-16 -5.26707e-29  6.58513e-16  2.82206e-28 -2.62762e-15 -1.32149e-27  9.30544e-15  5.51023e-27 -2.92847e-14 -2.06743e-26  8.19142e-14  7.02396e-26 -2.03463e-13 -2.16975e-25  4.47779e-13   6.1125e-25 -8.69927e-13 -1.57439e-24  1.48346e-12  3.71703e-24 -2.20183e-12 -8.06738e-24  2.80867e-12  1.61532e-23 -3.01829e-12 -2.99683e-23  2.63989e-12  5.17798e-23 -1.75039e-12 -8.37677e-23   7.1118e-13   1.2747e-22  4.49111e-14 -1.82893e-22 -3.08494e-13  2.47152e-22   2.0481e-13  -3.1291e-22 -2.11777e-14  3.67819e-22 -5.59926e-14 -3.96684e-22  3.25569e-14  3.87097e-22  3.78167e-15 -3.36439e-22  -1.0281e-14  2.55615e-22  1.71343e-15 -1.65714e-22  2.16619e-15  8.85326e-23 -7.26129e-16 -3.69058e-23 -3.84268e-16  1.11227e-23  1.67845e-16 -2.80458e-24  6.60614e-17  2.06181e-24 -2.74452e-17 -2.53346e-24 -1.12888e-17  2.15647e-24  3.04915e-18 -1.24332e-24  1.70818e-18  4.78749e-25  -1.5296e-19 -9.99927e-26  -1.9248e-19 -7.62513e-27    -1.37e-20  1.27569e-26  1.30035e-20 -3.31565e-27  2.98793e-21 -2.97143e-28 -2.75539e-22  4.22506e-28 -1.91714e-22 -1.04126e-28 -1.91268e-23  6.38848e-31  3.49461e-24   4.9429e-30   1.0188e-24 -8.05452e-31  6.42345e-26 -9.72481e-32 -8.09269e-27  4.83414e-32 -1.57906e-27 -5.09712e-33 -8.05259e-29 -1.14813e-34   1.5389e-30   3.4357e-35  2.68999e-31  8.47595e-37  6.24405e-33 -6.38215e-38
 -1.7091e-36 -4.17165e-29 -5.02394e-36  2.91195e-27  2.34065e-35 -1.08349e-25 -1.32618e-35  2.70469e-24  2.96027e-35 -5.00781e-23  2.52233e-34  7.27637e-22 -1.24616e-33 -8.60058e-21  7.08253e-33  8.47631e-20 -2.93341e-32 -7.09046e-19  6.06807e-32  5.10116e-18  3.44776e-31 -3.18809e-17 -5.33016e-30  1.74409e-16  4.17136e-29 -8.40012e-16 -2.51169e-28  3.57715e-15  1.27668e-27 -1.35089e-14 -5.68383e-27  4.53256e-14  2.25698e-26 -1.35218e-13 -8.07312e-26  3.58555e-13  2.61621e-25 -8.43834e-13 -7.70845e-25  1.75752e-12   2.0701e-24 -3.22491e-12  -5.0772e-24  5.17795e-12  1.13962e-23 -7.20177e-12 -2.34686e-23  8.54416e-12  4.44911e-23 -8.43208e-12 -7.80037e-23  6.60868e-12  1.27239e-22 -3.69063e-12 -1.94475e-22  9.18251e-13   2.8046e-22  6.51198e-13 -3.83454e-22 -8.49354e-13  4.97179e-22  3.42401e-13  -6.0794e-22  8.76692e-14  6.93441e-22 -1.55356e-13 -7.27093e-22  4.03738e-14  6.89079e-22  3.02791e-14 -5.79252e-22 -2.00216e-14  4.22324e-22 -2.96455e-15 -2.58996e-22  5.33568e-15  1.27023e-22 -5.10096e-17 -4.47749e-23 -1.10224e-15   7.9026e-24   6.0685e-17  1.06203e-24  1.94479e-16  4.32986e-25 -5.02633e-18 -2.46914e-24 -2.90639e-17  2.50152e-24 -1.65577e-18 -1.46381e-24  3.34888e-18  5.37726e-25  5.83916e-19 -9.49399e-26 -2.43056e-19 -1.77978e-26 -8.52771e-20    1.623e-26  4.70945e-21 -3.58561e-27   6.1904e-21 -4.57752e-28  7.47938e-22  4.67171e-28 -1.61664e-22 -1.04148e-28 -5.34581e-23  1.38089e-31 -3.10652e-24  4.42644e-30  8.43562e-25 -6.59998e-31  1.65492e-25 -8.59007e-32  7.65591e-27  3.93335e-32 -7.90784e-28 -4.12348e-33 -1.09815e-28 -4.12369e-35 -3.98671e-30  1.91045e-35  1.34547e-32  3.30782e-37  1.80933e-33
 7.80129e-30 -3.82734e-36 -9.58103e-28 -6.82151e-36  4.67795e-26  1.51846e-35 -1.40531e-24  6.44591e-36  3.00291e-23 -1.13247e-34 -4.91333e-22  1.45585e-33  6.43587e-21 -8.73914e-33 -6.95152e-20  4.51436e-32  6.32198e-19 -1.76091e-31 -4.91551e-18  3.44776e-31  3.30532e-17  1.84002e-30 -1.93903e-16 -2.67958e-29  9.99004e-16   1.9817e-28 -4.54294e-15 -1.13074e-27  1.83007e-14  5.46084e-27  -6.5466e-14 -2.31504e-26  2.08238e-13  8.76822e-26 -5.89136e-13 -2.99475e-25  1.48119e-12  9.27137e-25  -3.3025e-12 -2.60951e-24  6.50672e-12  6.68999e-24 -1.12668e-11 -1.56445e-23  1.70072e-11  3.34195e-23 -2.21105e-11 -6.53398e-23  2.42917e-11  1.17265e-22 -2.18348e-11 -1.94064e-22  1.50461e-11  2.98135e-22 -6.61249e-12 -4.28987e-22  9.43683e-14  5.83962e-22  2.49202e-12   -7.583e-22 -1.86162e-12  9.41915e-22  3.13443e-13 -1.11305e-21  4.50074e-13  1.23468e-21 -3.14018e-13  -1.2623e-21 -8.64837e-15  1.16515e-21  9.18907e-14 -9.49629e-22 -2.27672e-14  6.65661e-22 -1.80631e-14 -3.86522e-22  8.24774e-15   1.7342e-22  2.98974e-15 -4.96029e-23 -1.87215e-15  1.79225e-25 -5.01534e-16  7.57982e-24  3.17715e-16 -2.13761e-24  9.07383e-17 -2.22077e-24 -3.93201e-17  2.83386e-24 -1.52653e-17 -1.67456e-24  2.86229e-18  5.84914e-25  1.94487e-18 -8.54407e-26  1.36152e-20 -2.75745e-26 -1.53816e-19  1.87345e-26 -2.53066e-20 -3.53727e-27  5.06994e-21 -6.14369e-28  2.09802e-21  4.83714e-28  1.22367e-22 -9.90553e-29 -5.30155e-23   5.0984e-31 -1.10991e-23  3.54899e-30 -3.77383e-25 -5.06174e-31  1.30716e-25 -6.67925e-32  1.83555e-26  2.99376e-32  6.56413e-28 -3.16118e-33  -3.8949e-29 -3.49081e-36 -3.57264e-30  9.93031e-36 -6.68393e-32  7.86742e-38
-3.63731e-38  2.46304e-28 -6.17851e-36 -1.72811e-26 -7.89888e-36  6.46473e-25 -5.28375e-36 -1.62293e-23  1.60368e-34  3.02286e-22 -1.33279e-33 -4.41981e-21  9.73242e-33   5.2587e-20  -5.6441e-32 -5.21876e-19  2.72388e-31  4.39746e-18 -9.98421e-31 -3.18809e-17  1.84002e-30  2.00865e-16  9.23931e-30 -1.10827e-15  -1.2692e-28  5.38601e-15   8.8806e-28  -2.3155e-14 -4.80832e-27  8.83269e-14  2.20954e-26 -2.99529e-13 -8.93287e-26  9.03736e-13  3.23194e-25 -2.42547e-12 -1.05561e-24  5.78222e-12  3.12676e-24 -1.22112e-11 -8.41947e-24  2.27456e-11  2.06365e-23 -3.71261e-11 -4.60783e-23  5.25901e-11  9.37965e-23 -6.37076e-11 -1.74267e-22  6.44525e-11  2.96166e-22 -5.21653e-11 -4.62291e-22  3.06497e-11  6.67386e-22 -8.97923e-12 -9.00578e-22 -4.26471e-12  1.15155e-21   6.8108e-12 -1.41404e-21  -3.1711e-12  1.67914e-21  -4.4651e-13 -1.91901e-21  1.27823e-12  2.07611e-21 -4.30275e-13 -2.07699e-21 -2.15529e-13  1.87331e-21  1.86062e-13 -1.48408e-21  9.97287e-15    1.002e-21 -4.73478e-14 -5.51365e-22  4.42868e-15  2.25475e-22  9.60756e-15 -4.89883e-23 -1.37069e-15 -1.30571e-23 -1.71752e-15  1.68349e-23  1.92283e-16 -5.52726e-24  2.69686e-16 -1.83631e-24 -5.54655e-18  3.14031e-24 -3.39439e-17 -1.85874e-24 -3.43344e-18  6.15873e-25  2.87957e-18  -7.2913e-26  7.20496e-19 -3.55247e-26 -1.05781e-19    1.987e-26 -6.39918e-20 -3.17922e-27 -4.54231e-21  -7.3665e-28  2.24782e-21  4.68333e-28  5.29523e-22 -8.96151e-29  1.01858e-23  1.53015e-30  -1.1526e-23  2.51545e-30 -1.68859e-24 -3.68237e-31 -3.73267e-26 -4.49703e-32  1.24022e-26  2.13509e-32     1.24e-27 -2.27276e-33  3.30136e-29  8.85664e-36 -6.54913e-31  4.55699e-36 -2.43933e-32
-4.28861e-29  8.39522e-37  5.29401e-27 -9.45977e-36 -2.59876e-25  1.35219e-36  7.85132e-24 -1.35297e-34 -1.68771e-22  1.30208e-33  2.77878e-21  -9.7568e-33 -3.66394e-20  6.26498e-32  3.98503e-19 -3.41556e-31 -3.65069e-18   1.5475e-30  2.86039e-17 -5.33016e-30 -1.93903e-16  9.23931e-30  1.14724e-15  4.36923e-29 -5.96406e-15 -5.66749e-28  2.73799e-14  3.75618e-27 -1.11408e-13 -1.93236e-26  4.02788e-13  8.46067e-26 -1.29572e-12 -3.26662e-25  3.70997e-12  1.13061e-24 -9.44754e-12 -3.53641e-24  2.13552e-11  1.00366e-23 -4.27017e-11 -2.58932e-23  7.51401e-11  6.07668e-23 -1.15454e-10 -1.29745e-22  1.53119e-10  2.52027e-22 -1.72154e-10 -4.45498e-22  1.59192e-10   7.1746e-22 -1.14088e-10 -1.05598e-21  5.40506e-11  1.42978e-21  -4.6423e-12 -1.80201e-21  -1.7431e-11  2.15178e-21  1.48278e-11 -2.48437e-21 -3.47565e-12  2.81203e-21 -3.08159e-12 -3.11152e-21  2.63638e-12  3.29578e-21 -1.52738e-13 -3.24094e-21 -7.08876e-13  2.86696e-21  2.42566e-13 -2.21342e-21  1.26217e-13  1.44173e-21 -7.94141e-14 -7.52308e-22 -1.83805e-14  2.79276e-22  1.77729e-14 -4.07747e-23  2.86795e-15 -3.20026e-23 -3.11007e-15  2.83523e-23 -5.65402e-16 -9.41349e-24  4.18301e-16 -1.38879e-24  1.11396e-16  3.39967e-24 -3.74591e-17 -1.99728e-24 -1.65376e-17  6.27191e-25  1.17683e-18 -5.91444e-26   1.5351e-18 -4.04659e-26  1.59667e-19  1.94432e-26 -6.77213e-20 -2.56636e-27 -1.92821e-20 -8.03529e-28 -1.91256e-22  4.23581e-28  6.46526e-22 -7.70829e-29   1.0066e-22  2.76657e-30  -2.9369e-25  1.53065e-30 -1.67803e-24 -2.58393e-31 -1.78718e-25 -2.50592e-32 -3.16759e-27  1.42519e-32  6.25144e-28 -1.50766e-33  3.99465e-29  8.55951e-36  5.76136e-31  1.56178e-36
 2.53487e-37  -1.2691e-27  2.88787e-36  8.95227e-26  -1.9995e-35 -3.36801e-24  9.97641e-35  8.50575e-23 -1.11929e-33 -1.59424e-21  9.22113e-33  2.34641e-20 -6.36756e-32  -2.8112e-19  3.79613e-31   2.8103e-18 -1.94393e-30  -2.3863e-17  8.27755e-30  1.74409e-16 -2.67958e-29 -1.10827e-15  4.36923e-29  6.17002e-15  1.94729e-28  -3.0271e-14 -2.38737e-27  1.31448e-13  1.50037e-26 -5.06759e-13 -7.34291e-26  1.73789e-12  3.06735e-25 -5.30643e-12 -1.13251e-24  1.44235e-11  3.75471e-24 -3.48553e-11 -1.12622e-23  7.46919e-11   3.0667e-23 -1.41344e-10 -7.59067e-23  2.34731e-10  1.70809e-22 -3.38951e-10 -3.49251e-22  4.19671e-10  6.48342e-22 -4.35705e-10 -1.09189e-21  3.64517e-10  1.66807e-21 -2.25314e-10 -2.31542e-21   7.5964e-11  2.93591e-21  2.25661e-11 -3.44165e-21 -4.78758e-11   3.8111e-21  2.56676e-11 -4.10566e-21  9.96532e-13  4.41142e-21 -9.15646e-12 -4.73392e-21     3.89e-12  4.93618e-21   1.2456e-12 -4.79903e-21 -1.50146e-12  4.18148e-21  5.74399e-14 -3.15398e-21   3.6271e-13   1.9844e-21  -6.7798e-14 -9.82193e-22 -7.15599e-14  3.29479e-22  1.78021e-14 -2.37096e-23  1.28786e-14 -5.56826e-23 -2.81827e-15   4.1052e-23 -2.12638e-15 -1.33227e-23   2.3819e-16 -9.51493e-25  2.92789e-16  3.58294e-24  7.40186e-18 -2.07259e-24 -2.85334e-17  6.17245e-25 -4.83262e-18 -4.58666e-26  1.45899e-18 -4.17337e-26  5.57873e-19  1.75098e-26  8.21985e-21 -1.78735e-27  -2.5293e-20 -8.07709e-28 -4.34542e-21  3.57397e-28  1.42516e-22 -6.28672e-29  1.29338e-22  3.74205e-30  1.42417e-23  7.42015e-31 -1.50687e-25 -1.77686e-31 -1.54229e-25 -1.00164e-32 -1.17586e-26  8.85932e-33 -1.81047e-28 -9.00901e-34  1.18285e-29  4.77447e-36  2.75803e-31
