 5.20078e-06 -4.10275e-21 -5.26754e-05  5.76607e-20  0.000181228 -2.53483e-19 -0.000306782   6.3561e-19  0.000254511 -1.02945e-18 -5.47653e-05  1.07225e-18 -5.81047e-05  -6.6141e-19  2.87203e-05  1.93012e-19  6.00677e-06 -1.05928e-21 -3.33183e-06 -8.23232e-21 -1.61359e-07
-4.10275e-21  7.79206e-05 -3.25785e-20 -0.000423308  3.34905e-19   0.00102409 -1.23167e-18  -0.00126808  2.67856e-18  0.000688298 -3.74993e-18  7.61054e-05  3.28062e-18 -0.000233615 -1.60433e-18  3.51168e-05  3.02627e-19  3.00785e-05  4.01154e-20 -4.13054e-06 -1.18271e-20
-5.26754e-05 -3.25785e-20   0.00054565 -1.55884e-19  -0.00193793  1.27869e-18   0.00343717 -3.98553e-18  -0.00308253  7.46246e-18  0.000866268 -8.91951e-18  0.000659621  6.49788e-18 -0.000450823 -2.49432e-18 -4.15505e-05  2.54957e-19  5.77422e-05   8.4609e-20  -3.9122e-07
 5.76607e-20 -0.000423308 -1.55884e-19   0.00237367 -5.46308e-19  -0.00600905  3.64377e-18   0.00797577 -9.55834e-18  -0.00496368  1.52812e-17 -2.52068e-05 -1.55822e-17   0.00166923  9.55364e-18 -0.000476557 -2.89508e-18 -0.000199776  8.48956e-20   5.9711e-05  8.21678e-20
 0.000181228  3.34905e-19  -0.00193793 -5.46308e-19   0.00719943 -1.46737e-18    -0.013636  7.87637e-18    0.0136181 -1.72143e-17  -0.00520947  2.35763e-17  -0.00234367 -2.09941e-17   0.00258723  1.12432e-17 -0.000156112 -2.71126e-18 -0.000341043 -8.99881e-20  3.15207e-05
-2.53483e-19   0.00102409  1.27869e-18  -0.00600905 -1.46737e-18    0.0162271 -2.98855e-18    -0.023731  1.25678e-17    0.0176541 -2.26637e-17  -0.00256422   2.7445e-17  -0.00538223 -2.28698e-17   0.00281135  1.13687e-17   0.00039153  -2.0968e-18 -0.000363535 -1.60822e-19
-0.000306782 -1.23167e-18   0.00343717  3.64377e-18    -0.013636 -2.98855e-18    0.0283748  -4.3768e-18     -0.03282  1.33233e-17    0.0175898 -1.94843e-17   0.00248071  2.37343e-17  -0.00786354 -2.16398e-17    0.0021974  1.04261e-17   0.00087507 -1.21956e-18 -0.000252107
  6.3561e-19  -0.00126808 -3.98553e-18   0.00797577  7.87637e-18    -0.023731  -4.3768e-18    0.0398915 -3.73635e-18   -0.0373384  4.43086e-18    0.0132681 -4.38244e-18    0.0080719  1.46527e-17  -0.00897913 -1.95494e-17   0.00110359  8.60423e-18   0.00106314 -3.37758e-19
 0.000254511  2.67856e-18  -0.00308253 -9.55834e-18    0.0136181  1.25678e-17     -0.03282 -3.73635e-18     0.046795  1.24308e-18   -0.0364278 -1.66324e-17   0.00678219  1.85922e-17    0.0125541  6.10618e-18  -0.00879669 -1.77966e-17  2.48666e-05  5.80365e-18  0.000868718
-1.02945e-18  0.000688298  7.46246e-18  -0.00496368 -1.72143e-17    0.0176541  1.33233e-17   -0.0373384  1.24308e-18    0.0479306  1.15152e-17   -0.0321787 -4.57875e-17  0.000510979  4.00601e-17    0.0154165  2.50709e-18  -0.00786252 -1.56064e-17 -0.000686549  2.59974e-18
-5.47653e-05 -3.74993e-18  0.000866268  1.52812e-17  -0.00520947 -2.26637e-17    0.0175898  4.43086e-18   -0.0364278  1.15152e-17    0.0453586  2.53671e-17   -0.0274454 -7.39382e-17  -0.00439208  5.17193e-17    0.0170254  4.02658e-18  -0.00668988 -1.19642e-17 -0.000801827
 1.07225e-18  7.61054e-05 -8.91951e-18 -2.52068e-05  2.35763e-17  -0.00256422 -1.94843e-17    0.0132681 -1.66324e-17   -0.0321787  2.53671e-17    0.0421052  3.90038e-17   -0.0239277 -9.23209e-17  -0.00797196   5.0535e-17    0.0179404  7.90829e-18   -0.0055893 -6.94194e-18
-5.81047e-05  3.28062e-18  0.000659621 -1.55822e-17  -0.00234367   2.7445e-17   0.00248071 -4.38244e-18   0.00678219 -4.57875e-17   -0.0274454  3.90038e-17     0.040102  4.86368e-17   -0.0219911 -9.63876e-17   -0.0107181   3.8382e-17    0.0185472  1.03098e-17  -0.00461038
 -6.6141e-19 -0.000233615  6.49788e-18   0.00166923 -2.09941e-17  -0.00538223  2.37343e-17    0.0080719  1.85922e-17  0.000510979 -7.39382e-17   -0.0239277  4.86368e-17    0.0399311  5.20849e-17   -0.0214581 -8.59172e-17   -0.0130563  2.22492e-17    0.0189424  4.91109e-18
 2.87203e-05 -1.60433e-18 -0.000450823  9.55364e-18   0.00258723 -2.28698e-17  -0.00786354  1.46527e-17    0.0125541  4.00601e-17  -0.00439208 -9.23209e-17   -0.0219911  5.20849e-17    0.0416382  4.86966e-17   -0.0222599 -6.54399e-17   -0.0151971  1.33917e-17    0.0171581
 1.93012e-19  3.51168e-05 -2.49432e-18 -0.000476557  1.12432e-17   0.00281135 -2.16398e-17  -0.00897913  6.10618e-18    0.0154165  5.17193e-17  -0.00797196 -9.63876e-17   -0.0214581  4.86966e-17    0.0454659  4.04542e-17   -0.0247387 -5.40911e-17   -0.0155393  4.29455e-17
 6.00677e-06  3.02627e-19 -4.15505e-05 -2.89508e-18 -0.000156112  1.13687e-17    0.0021974 -1.95494e-17  -0.00879669  2.50709e-18    0.0170254   5.0535e-17   -0.0107181 -8.59172e-17   -0.0222599  4.04542e-17    0.0522969  3.12127e-17   -0.0315491 -5.85888e-17  -0.00543704
-1.05928e-21  3.00785e-05  2.54957e-19 -0.000199776 -2.71126e-18   0.00039153  1.04261e-17   0.00110359 -1.77966e-17  -0.00786252  4.02658e-18    0.0179404   3.8382e-17   -0.0130563 -6.54399e-17   -0.0247387  3.12127e-17    0.0657733  5.58211e-17    -0.054071 -2.04236e-16
-3.33183e-06  4.01154e-20  5.77422e-05  8.48956e-20 -0.000341043  -2.0968e-18   0.00087507  8.60423e-18  2.48666e-05 -1.56064e-17  -0.00668988  7.90829e-18    0.0185472  2.22492e-17   -0.0151971 -5.40911e-17   -0.0315491  5.58211e-17     0.100074  1.56989e-17   -0.0958167
-8.23232e-21 -4.13054e-06   8.4609e-20   5.9711e-05 -8.99881e-20 -0.000363535 -1.21956e-18   0.00106314  5.80365e-18 -0.000686549 -1.19642e-17   -0.0055893  1.03098e-17    0.0189424  1.33917e-17   -0.0155393 -5.85888e-17    -0.054071  1.56989e-17     0.164628  4.16315e-16
-1.61359e-07 -1.18271e-20  -3.9122e-07  8.21678e-20  3.15207e-05 -1.60822e-19 -0.000252107 -3.37758e-19  0.000868718  2.59974e-18 -0.000801827 -6.94194e-18  -0.00461038  4.91109e-18    0.0171581  4.29455e-17  -0.00543704 -2.04236e-16   -0.0958167  4.16315e-16     0.173206
