    0.531674  1.08842e-16    0.0401314 -5.16865e-18   -0.0210114  3.13522e-18   -0.0100832  1.67278e-18 -0.000540875 -1.56825e-18   0.00119098 -1.81774e-18  0.000521795 -8.54148e-19  8.34658e-05  -1.4083e-19 -3.58623e-06  2.51679e-20 -2.99713e-06  1.02657e-20 -2.52391e-07
 1.08842e-16    0.0722503 -4.91357e-18    0.0145076  3.54803e-18   -0.0153211  1.33467e-17   -0.0105098  8.45383e-18  -0.00133988 -2.20006e-19   0.00128433 -2.99362e-18  0.000744078 -1.57897e-18  0.000172609  -2.4424e-19  1.52875e-05  3.41328e-20 -4.07811e-07  9.10249e-21
   0.0401314 -4.91357e-18    0.0506578 -9.46541e-18    0.0132909  6.83417e-18    -0.012829  2.54151e-17   -0.0107346  1.77578e-17  -0.00226174  2.12527e-18  0.000974918  -3.5019e-18  0.000766587 -1.81757e-18  0.000215106 -2.12123e-19  2.79069e-05   3.6804e-20  1.14622e-06
-5.16865e-18    0.0145076 -9.46541e-18    0.0375939 -2.38615e-17    0.0116187  4.67535e-18    -0.010831  3.40313e-17   -0.0107435  2.41928e-17  -0.00325886  3.60237e-18   0.00035428 -3.27709e-18  0.000573617 -1.44046e-18  0.000177463 -7.14971e-20  2.19729e-05  2.58766e-20
  -0.0210114  3.54803e-18    0.0132909 -2.38615e-17    0.0306648 -4.62149e-17    0.0109642 -1.82193e-19  -0.00909156  3.68262e-17   -0.0105948  2.55667e-17  -0.00422107  3.82655e-18 -0.000435111 -2.27507e-18  0.000237313 -6.70655e-19  8.74469e-05  4.73371e-20  7.82712e-06
 3.13522e-18   -0.0153211  6.83417e-18    0.0116187 -4.62149e-17    0.0267791  -6.2705e-17    0.0109057 -4.03143e-18  -0.00736934  3.44093e-17   -0.0101399  2.24823e-17   -0.0049072  3.47702e-18  -0.00112929 -7.74186e-19 -7.38509e-05  3.53406e-21  1.26031e-05  5.91986e-20
  -0.0100832  1.33467e-17    -0.012829  4.67535e-18    0.0109642  -6.2705e-17    0.0245496 -6.78156e-17    0.0113653 -6.04715e-18  -0.00537477  2.76878e-17  -0.00907536  1.65916e-17  -0.00495188   3.0732e-18  -0.00141686  4.27467e-19 -0.000205626   2.3756e-19 -1.01347e-05
 1.67278e-18   -0.0105098  2.54151e-17    -0.010831 -1.82193e-19    0.0109057 -6.78156e-17    0.0234458 -6.39908e-17    0.0124466 -8.50925e-18  -0.00275072   1.6958e-17   -0.0070455  9.44159e-18  -0.00408088  2.30346e-18  -0.00117639  7.24249e-19 -0.000155877  1.39016e-19
-0.000540875  8.45383e-18   -0.0107346  3.40313e-17  -0.00909156 -4.03143e-18    0.0113653 -6.39908e-17     0.023329 -5.74677e-17    0.0143535 -1.52892e-17  0.000777699  3.03982e-18  -0.00399493  2.21385e-18  -0.00246804  9.29124e-19 -0.000635706  3.83043e-19 -5.46627e-05
-1.56825e-18  -0.00133988  1.77578e-17   -0.0107435  3.68262e-17  -0.00736934 -6.04715e-18    0.0124466 -5.74677e-17    0.0242485 -5.56821e-17    0.0171638 -2.82003e-17   0.00497352 -1.12502e-17  -0.00057545 -3.59921e-18 -0.000808656 -3.59595e-19 -0.000182103  6.08612e-20
  0.00119098 -2.20006e-19  -0.00226174  2.41928e-17   -0.0105948  3.44093e-17  -0.00537477 -8.50925e-18    0.0143535 -5.56821e-17    0.0261506 -6.26962e-17    0.0203414 -4.34879e-17   0.00871342 -2.12868e-17   0.00199195 -6.28422e-18  0.000183124 -7.63517e-19 -7.03127e-07
-1.81774e-18   0.00128433  2.12527e-18  -0.00325886  2.55667e-17   -0.0101399  2.76878e-17  -0.00275072 -1.52892e-17    0.0171638 -6.26962e-17    0.0283549 -7.44693e-17     0.022407 -5.30532e-17    0.0104003  -2.3407e-17   0.00282173 -5.50267e-18    0.0003756  -4.3075e-19
 0.000521795 -2.99362e-18  0.000974918  3.60237e-18  -0.00422107  2.24823e-17  -0.00907536   1.6958e-17  0.000777699 -2.82003e-17    0.0203414 -7.44693e-17     0.029241 -8.06444e-17    0.0215693 -5.06807e-17   0.00925055 -1.81565e-17   0.00215573 -3.00176e-18  0.000183752
-8.54148e-19  0.000744078  -3.5019e-18   0.00035428  3.82655e-18   -0.0049072  1.65916e-17   -0.0070455  3.03982e-18   0.00497352 -4.34879e-17     0.022407 -8.06444e-17    0.0269577 -7.31049e-17    0.0172698 -3.75524e-17   0.00616774  -1.0097e-17   0.00103818 -9.39278e-19
 8.34658e-05 -1.57897e-18  0.000766587 -3.27709e-18 -0.000435111  3.47702e-18  -0.00495188  9.44159e-18  -0.00399493 -1.12502e-17   0.00871342 -5.30532e-17    0.0215693 -7.31049e-17    0.0210553 -5.31881e-17    0.0110489 -2.11569e-17   0.00300501 -3.84738e-18  0.000288005
 -1.4083e-19  0.000172609 -1.81757e-18  0.000573617 -2.27507e-18  -0.00112929   3.0732e-18  -0.00408088  2.21385e-18  -0.00057545 -2.12868e-17    0.0104003 -5.06807e-17    0.0172698 -5.31881e-17    0.0133339 -3.01407e-17   0.00543263 -8.73794e-18   0.00100743  -8.7089e-19
-3.58623e-06  -2.4424e-19  0.000215106 -1.44046e-18  0.000237313 -7.74186e-19  -0.00141686  2.30346e-18  -0.00246804 -3.59921e-18   0.00199195  -2.3407e-17   0.00925055 -3.75524e-17    0.0110489 -3.01407e-17   0.00657697 -1.28543e-17   0.00195505 -2.47078e-18  0.000199839
 2.51679e-20  1.52875e-05 -2.12123e-19  0.000177463 -6.70655e-19 -7.38509e-05  4.27467e-19  -0.00117639  9.29124e-19 -0.000808656 -6.28422e-18   0.00282173 -1.81565e-17   0.00616774 -2.11569e-17   0.00543263 -1.28543e-17   0.00241387 -3.92141e-18  0.000476036 -4.07468e-19
-2.99713e-06  3.41328e-20  2.79069e-05 -7.14971e-20  8.74469e-05  3.53406e-21 -0.000205626  7.24249e-19 -0.000635706 -3.59595e-19  0.000183124 -5.50267e-18   0.00215573  -1.0097e-17   0.00300501 -8.73794e-18   0.00195505 -3.92141e-18  0.000617508  -7.8306e-19  6.59199e-05
 1.02657e-20 -4.07811e-07   3.6804e-20  2.19729e-05  4.73371e-20  1.26031e-05   2.3756e-19 -0.000155877  3.83043e-19 -0.000182103 -7.63517e-19    0.0003756 -3.00176e-18   0.00103818 -3.84738e-18   0.00100743 -2.47078e-18  0.000476036  -7.8306e-19  9.80132e-05  -8.3779e-20
-2.52391e-07  9.10249e-21  1.14622e-06  2.58766e-20  7.82712e-06  5.91986e-20 -1.01347e-05  1.39016e-19 -5.46627e-05  6.08612e-20 -7.03127e-07  -4.3075e-19  0.000183752 -9.39278e-19  0.000288005  -8.7089e-19  0.000199839 -4.07468e-19  6.59199e-05  -8.3779e-20  7.25833e-06
