 2.25582e-25 -4.56817e-36 -1.28453e-23  8.87848e-36   2.8516e-22  2.04696e-35 -3.81291e-21  3.14867e-34  3.54282e-20 -4.11991e-33 -2.45666e-19   3.6816e-32  1.32539e-18 -2.66896e-31 -5.71084e-18   1.5994e-30  1.99814e-17 -8.04324e-30  -5.7337e-17  3.43228e-29  1.35548e-16 -1.25287e-28 -2.63825e-16  3.93275e-28  4.19976e-16 -1.06415e-27 -5.38572e-16  2.47981e-27   5.3984e-16 -4.94846e-27 -3.96384e-16  8.33975e-27  1.76777e-16 -1.15043e-26 -2.03498e-18  1.19568e-26 -5.70973e-17 -6.49122e-27  3.10637e-17 -7.01112e-27  4.12578e-18  2.74753e-26 -1.05329e-17 -5.00871e-26  1.54311e-18  6.85137e-26  2.56113e-18 -7.86758e-26 -7.02622e-19  8.08875e-26 -5.88996e-19 -7.82933e-26  1.69668e-19  7.32171e-26  1.38179e-19 -6.52911e-26 -2.48196e-20  5.31666e-26 -3.06819e-20 -3.74949e-26  8.44559e-23  2.16222e-26  5.50918e-21 -9.35618e-27  1.11603e-21  2.38205e-27 -6.17535e-22   2.2635e-28 -3.16907e-22 -5.53894e-28  2.38822e-24  2.59061e-28  4.13609e-23 -4.52462e-29  1.14867e-23 -1.17015e-29 -1.19494e-24  7.37929e-30 -1.51951e-24  1.11929e-32 -3.45787e-25 -1.09833e-30  2.46384e-26  3.16803e-31  3.40662e-26  4.34183e-32  8.41688e-27 -4.37586e-32  3.27303e-28  5.82068e-33 -3.78437e-28   2.1413e-33 -1.21689e-28 -6.17452e-34 -1.61026e-29 -7.54347e-35  5.24045e-31  4.92072e-35  6.67119e-31 -1.07448e-35  1.40717e-31  3.27629e-36  1.46225e-32 -4.01459e-37  1.10132e-34 -1.09866e-37 -2.25785e-34   6.4954e-39 -4.05601e-35   2.5063e-39 -3.80163e-36  2.02415e-39 -1.88028e-37 -4.16398e-40  2.04922e-39 -1.59534e-41  9.72129e-40  1.55139e-42  7.58949e-41  4.17824e-43  3.21596e-42  1.26578e-44  6.86639e-44 -1.37759e-45  5.39019e-46 -5.31028e-48
-4.56817e-36  1.84352e-23 -2.12425e-35 -5.96755e-22  3.75145e-35  1.00937e-20 -4.31226e-34 -1.12073e-19  7.14179e-33  9.01154e-19 -7.44592e-32 -5.53785e-18  6.11367e-31  2.68787e-17 -4.11751e-30 -1.05221e-16  2.31226e-29  3.36607e-16 -1.09629e-28 -8.86397e-16  4.43078e-28  1.92555e-15 -1.53752e-27 -3.43973e-15  4.60305e-27   5.0031e-15 -1.19164e-26  -5.8053e-15  2.66563e-26  5.15726e-15 -5.12715e-26 -3.18483e-15  8.38057e-26  9.44057e-16 -1.13483e-25  3.97229e-16  1.19684e-25 -5.47738e-16 -7.91787e-26  1.43527e-16  -1.8423e-26  1.09611e-16  1.56495e-25 -7.52473e-17 -2.92932e-25  -1.3436e-17  3.82673e-25  2.21989e-17 -4.06673e-25  1.31067e-18  3.82066e-25 -5.44925e-18 -3.42917e-25 -3.63179e-19  3.09696e-25  1.17852e-18 -2.77127e-25  1.88722e-19  2.29499e-25 -2.07906e-19 -1.63428e-25 -6.90372e-20  9.35914e-26  2.33727e-20 -3.92373e-26  1.64076e-20  9.03198e-27  2.42569e-22  1.55323e-27 -2.31095e-21 -2.41563e-27 -6.50501e-22  9.87171e-28  1.07583e-22  -1.1487e-28  1.06385e-22 -6.99118e-29  1.99015e-23   3.0597e-29 -4.48438e-24  1.82643e-30 -3.14081e-24 -4.87507e-30 -5.80718e-25  1.24894e-30  5.89301e-26  1.75062e-31  5.63152e-26 -1.53776e-31  1.28283e-26  1.52567e-32  6.23396e-28  8.09249e-33 -4.36393e-28 -1.52625e-33 -1.41543e-28 -4.39645e-34 -2.00529e-29   1.5674e-34  -3.9876e-31 -3.66183e-35  4.46201e-31  1.61115e-35  1.04084e-31 -1.99821e-36  1.21609e-32 -5.45767e-37   6.0447e-34  3.48204e-38 -5.13155e-35  1.35984e-38 -1.33166e-35  6.24875e-39 -1.35787e-36 -1.31003e-39  -7.6429e-38 -4.92818e-41 -2.15482e-39  4.31828e-42  2.42261e-41  9.60319e-43  4.60705e-42   2.6632e-44  1.48372e-43 -1.57977e-45  1.44449e-45
-1.28453e-23 -2.12425e-35  7.41988e-22 -6.36024e-35 -1.67197e-20  4.32212e-34  2.27084e-19 -7.63323e-33 -2.14485e-18  9.31141e-32  1.51312e-17 -8.73561e-31 -8.31303e-17  6.65797e-30  3.65138e-16 -4.20559e-29 -1.30393e-15  2.22918e-28  3.82434e-15 -1.00179e-27 -9.25692e-15  3.84975e-27  1.84886e-14 -1.27355e-26 -3.02911e-14  3.64349e-26  4.01527e-14 -9.03471e-26    -4.19e-14  1.94067e-25  3.24997e-14 -3.59506e-25 -1.60452e-14  5.68353e-25  1.61279e-15  -7.5003e-25  4.31594e-15   7.8543e-25 -2.92179e-15 -5.58784e-25 -2.95986e-17  4.51407e-26  8.86878e-16  6.28518e-25 -2.34764e-16 -1.22082e-24 -1.97542e-16  1.51649e-24  8.81216e-17 -1.47024e-24  4.32847e-17  1.22604e-24 -2.19643e-17  -9.8671e-25 -1.05111e-17  8.53589e-25  4.00178e-18 -7.82235e-25  2.59856e-18  6.74368e-25 -4.01755e-19 -4.91791e-25 -5.45653e-19  2.81343e-25 -4.01941e-20 -1.14271e-25  7.92382e-20   2.3335e-26  2.53199e-20  6.34233e-27 -4.62645e-21 -7.30509e-27 -4.58892e-21  2.61229e-27 -7.37713e-22 -1.55748e-28  3.01421e-22 -2.41866e-28  1.66185e-22  8.26626e-29  2.13857e-23  1.01278e-29 -7.95636e-24  -1.4437e-29 -4.08657e-24  3.29419e-30 -6.53988e-25  5.09722e-31  6.96472e-26 -3.77489e-31  5.75807e-26  2.27624e-32  1.25911e-26  2.17304e-32  8.24054e-28 -2.04252e-33 -2.80817e-28 -1.55471e-33 -9.78891e-29   3.4049e-34 -1.48091e-29 -8.94041e-35  -8.3983e-31  5.23615e-35  1.36013e-31  -6.2609e-36  4.03584e-32 -1.74941e-36  5.11705e-33  1.06651e-37  3.52673e-34  4.39776e-38  5.34396e-36  1.29715e-38 -1.64089e-36 -2.75758e-39 -1.87899e-37 -1.01983e-40 -1.08593e-38  7.55424e-42 -3.44631e-40  1.46752e-42 -3.86658e-42   3.5813e-44  3.79445e-44 -8.56906e-46
 8.87848e-36 -5.96755e-22 -6.36024e-35  1.96078e-20 -2.64821e-34 -3.36873e-19  5.45872e-33  3.80203e-18 -8.15811e-32 -3.11005e-17  8.78491e-31  1.94603e-16 -7.62692e-30 -9.62707e-16  5.47452e-29  3.84558e-15 -3.28015e-28   -1.257e-14  1.65469e-27  3.38756e-14 -7.09035e-27 -7.54595e-14  2.60181e-26  1.38578e-13 -8.23032e-26 -2.07948e-13  2.25486e-25   2.5028e-13 -5.36315e-25  -2.3285e-13  1.10702e-24  1.54055e-13 -1.97498e-24 -5.45783e-14  3.01589e-24 -1.22631e-14 -3.86336e-24  2.58906e-14  3.97132e-24  -9.3498e-15 -2.88959e-24 -4.13672e-15   6.4353e-25  4.11698e-15  2.08155e-24  1.69932e-16 -4.21775e-24 -1.15089e-15  4.96697e-24   8.1337e-17 -4.33892e-24   2.8164e-16  3.08949e-24 -1.92548e-17 -2.09016e-24 -6.42043e-17  1.69777e-24 -1.49958e-18 -1.66399e-24  1.27751e-17  1.55432e-24  2.28512e-18 -1.18269e-24 -1.87214e-18  6.79934e-25 -7.79105e-19 -2.67294e-25  1.15861e-19  4.71865e-26  1.44229e-19  1.91567e-26  2.22951e-20  -1.7662e-26 -1.22777e-20   5.5453e-27 -6.17521e-21 -3.62496e-29 -4.78366e-22 -6.06671e-28  4.77157e-22  1.68064e-28  1.88251e-22  3.39785e-29  1.70286e-23 -3.35553e-29 -9.16623e-24  6.85829e-30 -3.89431e-24  1.20949e-30 -5.75531e-25 -7.53839e-31  4.89072e-26  1.08683e-32  4.14217e-26  4.91168e-32   8.9716e-27 -4.67625e-34  7.56278e-28 -4.20267e-33 -1.03467e-28  5.77639e-34  -4.4425e-29 -1.74884e-34 -7.15562e-30  1.30812e-34 -5.72718e-31 -1.49333e-35   7.6363e-33 -4.21654e-36  8.49692e-33  2.34939e-37  1.18466e-33  1.02945e-37  9.09781e-35  2.08317e-38  3.61104e-36 -4.47846e-39 -5.07333e-39 -1.63274e-40 -9.44821e-39  9.80316e-42  -5.0644e-40  1.69563e-42 -1.09268e-41  3.33369e-44 -6.68102e-44
  2.8516e-22  3.75145e-35 -1.67197e-20 -2.64821e-34  3.82682e-19 -2.08647e-33 -5.28307e-18  5.02113e-32  5.07609e-17 -6.37584e-31 -3.64597e-16  6.28979e-30  2.04138e-15 -5.18754e-29 -9.14783e-15  3.58016e-28  3.33698e-14 -2.06554e-27 -1.00123e-13  1.00194e-26  2.48369e-13 -4.12245e-26 -5.09517e-13  1.45142e-25  8.59982e-13 -4.40477e-25 -1.17941e-12   1.1583e-24  1.28215e-12 -2.64669e-24  -1.0502e-12  5.25486e-24   5.6961e-13 -9.03206e-24 -1.03132e-13  1.33164e-23 -1.23296e-13 -1.65248e-23  1.05684e-13    1.657e-23 -1.07652e-14 -1.20336e-23 -2.82775e-14  3.50148e-24  1.14429e-14  6.08996e-24  5.48083e-15 -1.28414e-23 -3.89169e-15  1.43307e-23 -1.07255e-15 -1.12077e-23   9.8742e-16  6.50143e-24   2.6811e-16 -3.20646e-24 -2.01955e-16  2.29289e-24  -7.6881e-17 -2.71862e-24  2.95468e-17  2.97191e-24  1.93684e-17 -2.41822e-24 -1.42266e-18   1.4044e-24 -3.51666e-18 -5.33062e-25 -6.21995e-19  7.83501e-26  3.48741e-19  4.68225e-26  1.78205e-19 -3.61774e-26  6.83436e-21  1.00347e-26 -1.85563e-20  3.95655e-28 -6.24863e-21 -1.20101e-27 -7.82198e-23  2.69012e-28  5.31564e-22  8.62795e-29  1.67279e-22 -6.57746e-29  1.14324e-23  1.21738e-29 -7.59938e-24   2.4778e-30 -2.87472e-24 -1.32106e-30 -4.15216e-25 -5.27329e-32  1.88117e-26  1.01628e-31  2.16413e-26  5.51311e-33   4.7642e-27 -9.54229e-33  4.82487e-28  7.98497e-34 -1.35085e-29 -2.78976e-34 -1.30995e-29  2.67721e-34 -2.27869e-30 -2.92698e-35 -2.12825e-31  -8.1643e-36 -7.84153e-33  4.07798e-37  7.59819e-34  1.89263e-37  1.44023e-34  2.72281e-38  1.12063e-35 -5.94563e-39  4.94447e-37 -2.13181e-40  1.03009e-38  1.02247e-41 -3.79621e-41  1.52579e-42 -4.17743e-42  1.96662e-44
 2.04696e-35  1.00937e-20  4.32212e-34 -3.36873e-19 -2.08647e-33  5.88287e-18 -1.63711e-32 -6.75397e-17  3.25295e-31  5.62463e-16  -3.5525e-30 -3.58643e-15  3.34936e-29  1.80985e-14 -2.75496e-28 -7.38346e-14  1.89542e-27  2.46818e-13 -1.07757e-26 -6.81362e-13  5.09819e-26  1.55784e-12 -2.03206e-25 -2.94404e-12  6.90313e-25  4.56216e-12 -2.01727e-24 -5.70038e-12  5.10414e-24   5.5563e-12 -1.12232e-23 -3.93091e-12  2.14578e-23  1.61743e-12  -3.5556e-23  1.23642e-13   5.0618e-23 -6.31466e-13 -6.07948e-23  2.98982e-13  5.92664e-23  6.89974e-14 -4.24105e-23 -1.14386e-13  1.37023e-23   1.0019e-14  1.63103e-23  2.99346e-14 -3.54532e-23 -6.37636e-15  3.75844e-23 -7.18648e-15 -2.63802e-23  1.62767e-15  1.18632e-23  1.71053e-15 -2.70149e-24 -2.21455e-16  9.76373e-25 -3.79069e-16 -3.15236e-24 -1.35243e-17  4.84941e-24  6.72938e-17 -4.35736e-24  1.61552e-17  2.56478e-24 -7.22759e-18 -9.35649e-25 -4.23347e-18  1.07775e-25 -9.33258e-20  9.72013e-26  5.29658e-19 -6.48162e-26  1.63258e-19  1.60644e-26 -1.12409e-20  1.16371e-27 -2.01802e-20 -1.94368e-27 -5.05641e-21  3.35624e-28  1.95184e-22  1.80727e-28  4.52299e-22 -1.13473e-28  1.21667e-22   1.9362e-29  7.34909e-24  4.57312e-30  -4.7051e-24 -2.14771e-30 -1.67652e-24 -2.17176e-31 -2.45966e-25  2.00978e-31  2.34589e-28  1.78807e-32  8.11121e-27 -1.90868e-32  1.87076e-27  8.96883e-34  2.14159e-28 -3.53003e-34  6.36583e-30    4.648e-34 -2.26175e-30  -4.8996e-35 -4.61029e-31 -1.31631e-35   -4.626e-32  5.87523e-37 -2.55391e-33  2.84982e-37 -2.86551e-35  2.94266e-38  7.10142e-36 -6.65701e-39  6.01928e-37 -2.31581e-40  2.26202e-38   9.0239e-42  3.94494e-40  1.04181e-42  2.07051e-42
-3.81291e-21 -4.31226e-34  2.27084e-19  5.45872e-33 -5.28307e-18 -1.63711e-32  7.41909e-17 -8.98777e-32 -7.25709e-16  1.17701e-30  5.31136e-15 -1.05108e-29 -3.03324e-14  1.11991e-28  1.38796e-13 -1.07456e-27 -5.17666e-13  8.02748e-27  1.59045e-12 -4.69351e-26 -4.04722e-12  2.21423e-25  8.53651e-12 -8.65346e-25 -1.48583e-11  2.85625e-24   2.1103e-11 -8.07105e-24 -2.39175e-11  1.97019e-23  2.06839e-11 -4.17613e-23 -1.22516e-11    7.698e-23  3.13484e-12 -1.23073e-22  2.00526e-12  1.69252e-22 -2.27555e-12 -1.96713e-22  4.79864e-13  1.86135e-22  5.19483e-13 -1.30349e-22 -3.06458e-13    4.385e-23 -7.75602e-14   4.0616e-23  9.70818e-14 -8.98587e-23  1.05811e-14  9.08924e-23  -2.4809e-14 -5.78731e-23 -2.68998e-15  1.93349e-23  5.48321e-15  2.93547e-24   1.0888e-15 -5.54403e-24 -9.73551e-16 -1.36478e-24 -3.66271e-16  6.85609e-24  1.06189e-16 -7.09008e-24  8.48966e-17  4.22982e-24  3.18297e-18 -1.47202e-24 -1.17705e-17    1.184e-25 -3.60707e-18  1.76609e-25  4.90478e-19 -1.03711e-25  5.68923e-19  2.34389e-26  1.15969e-19   1.9559e-27 -2.17291e-20 -2.57616e-27 -1.71712e-20  2.88803e-28 -3.42303e-21  3.26723e-28  2.51199e-22 -1.77284e-28  3.05075e-22  2.86096e-29  7.39565e-23  7.85876e-30  4.74051e-24  -3.3814e-30  -2.1768e-24 -5.48059e-31 -7.71099e-25  3.83566e-31  -1.1709e-25  3.71421e-32 -4.41006e-27 -3.44873e-32  2.05243e-27  7.58605e-34  5.27157e-28 -3.15106e-34   6.5318e-29  6.99179e-34  3.88367e-30 -7.15699e-35 -1.35141e-31 -1.80277e-35 -5.37457e-32  7.32324e-37 -5.69909e-33  3.59235e-37  -3.3602e-34   2.5957e-38 -1.03915e-35 -6.40609e-39 -2.35294e-38 -2.09571e-40  9.23039e-39  6.87983e-42  2.32736e-40  4.76327e-43
 3.14867e-34 -1.12073e-19 -7.63323e-33  3.80203e-18  5.02113e-32 -6.75397e-17 -8.98777e-32  7.89394e-16 -1.52411e-31 -6.69839e-15 -3.49421e-30   4.3561e-14  4.33751e-29 -2.24441e-13 -6.53984e-29  9.35987e-13 -2.15625e-27 -3.20293e-12  2.52792e-26  9.06633e-12  -1.6862e-25 -2.12982e-11  8.25302e-25  4.14624e-11 -3.21978e-24 -6.64201e-11  1.04202e-23  8.62375e-11 -2.86147e-23 -8.81098e-11  6.75851e-23   6.6557e-11 -1.38353e-22 -3.11885e-11  2.46187e-22  1.36655e-12 -3.80102e-22  9.91459e-12  5.05275e-22 -6.04741e-12 -5.68444e-22  -4.1808e-13  5.21796e-22  2.02627e-12 -3.56375e-22 -4.48209e-13  1.21137e-22 -4.83754e-13  9.43467e-23   1.8967e-13 -2.09996e-22  1.10662e-13  2.03709e-22 -4.96781e-14 -1.19473e-22 -2.72653e-14   2.8936e-23  9.23834e-15  1.94242e-23  6.76301e-15 -2.22728e-23 -8.84439e-16   4.9587e-24 -1.42791e-15  8.45941e-24 -1.29155e-16 -1.06084e-23  2.08388e-16  6.38499e-24  7.08789e-17 -2.09599e-24  -1.1693e-17  8.65887e-26 -1.27497e-17  2.86643e-25 -2.18889e-18 -1.50522e-25  8.20696e-19  3.20893e-26  4.77534e-19  1.96247e-27  6.57802e-20 -2.65933e-27 -2.19511e-20  3.77085e-29 -1.19176e-20  5.23522e-28 -2.00903e-21 -2.55622e-28   1.7312e-22  4.02982e-29  1.65425e-22  1.28436e-29  3.76988e-23 -5.28355e-30   2.8445e-24 -1.12125e-30 -7.25013e-25  6.98819e-31 -2.74617e-25  6.17787e-32 -4.34052e-26 -5.70031e-32 -2.87194e-27  2.92126e-34  2.87479e-28 -8.03274e-35  1.00714e-28  9.23187e-34  1.32568e-29 -9.24126e-35  9.68083e-31 -2.11581e-35  2.48976e-32  8.24585e-37 -2.68442e-33  3.82383e-37 -3.51121e-34  1.75216e-38 -1.95858e-35  -5.3583e-39 -5.71415e-37  -1.5571e-40 -7.18416e-39  4.36793e-42 -9.08309e-42
 3.54282e-20  7.14179e-33 -2.14485e-18 -8.15811e-32  5.07609e-17  3.25295e-31 -7.25709e-16 -1.52411e-31  7.23289e-15  3.38664e-30 -5.39876e-14 -1.04362e-28  3.14761e-13  9.43636e-28 -1.47211e-12 -4.49964e-27  5.61919e-12  8.99787e-27  -1.7696e-11  3.96288e-26  4.62428e-11 -4.73293e-25 -1.00391e-10  2.62398e-24  1.80392e-10  -1.0527e-23 -2.65604e-10  3.38271e-23  3.14096e-10 -9.08239e-23 -2.86781e-10  2.08235e-22  1.84647e-10 -4.12456e-22 -6.03684e-11  7.09366e-22 -2.01601e-11 -1.05867e-21  3.36356e-11  1.36138e-21 -1.08989e-11 -1.48338e-21 -6.13559e-12  1.32116e-21  5.39452e-12 -8.78813e-22  4.36246e-13  2.97555e-22 -1.59859e-12  2.03913e-22  6.91782e-14 -4.53069e-22   4.0636e-13  4.23508e-22 -1.92524e-14  -2.3232e-22 -9.51734e-14  4.08075e-23 -3.71762e-15  5.42897e-23  1.93789e-14  -5.5227e-23  3.72912e-15  1.82918e-23 -2.90145e-15  9.13036e-24  -1.2576e-15 -1.47984e-23  1.80346e-16  8.89373e-24  2.36482e-16 -2.70903e-24  3.76556e-17 -1.33332e-26 -2.04852e-17  4.21849e-25 -1.05106e-17 -2.00767e-25 -8.41247e-19  4.24469e-26  8.21337e-19 -1.08767e-28  3.29208e-19 -1.64276e-27  3.08181e-20 -4.95424e-28 -1.59059e-20  7.54856e-28 -6.89305e-21 -3.43653e-28 -1.04611e-21  5.49472e-29  7.74475e-23  2.01242e-29  7.19421e-23  -8.2121e-30   1.5932e-23 -2.00686e-30  1.43133e-24  1.19669e-30 -1.53801e-25  8.90038e-32 -7.30664e-26 -8.66885e-32 -1.20651e-26 -5.56785e-34  -1.0192e-27  3.86721e-34  -2.5531e-30  1.07747e-33  1.16166e-29 -1.06361e-34  1.68152e-30 -2.12374e-35  1.29564e-31  8.77403e-37  5.44953e-33  3.42358e-37  4.68026e-35  6.84981e-39 -7.67493e-36 -3.91123e-39  -3.9307e-37 -9.17713e-41 -6.85741e-39  1.98201e-42
-4.11991e-33  9.01154e-19  9.31141e-32 -3.11005e-17 -6.37584e-31  5.62463e-16  1.17701e-30 -6.69839e-15  3.38664e-30   5.7967e-14  5.15408e-29 -3.84833e-13 -1.09121e-27  2.02638e-12  8.73006e-27  -8.6472e-12 -4.26611e-26  3.03226e-11  1.32222e-25 -8.81047e-11 -1.68442e-25  2.12891e-10 -8.23879e-25 -4.27414e-10  6.92928e-24  7.08584e-10  -3.0244e-23 -9.56943e-10  9.83118e-23  1.02546e-09 -2.60083e-22 -8.26148e-10   5.8094e-22  4.34765e-10 -1.11553e-21 -6.38192e-11  1.85658e-21 -1.09097e-10 -2.68081e-21  8.64197e-11  3.33765e-21 -5.93773e-12 -3.52515e-21 -2.50732e-11  3.04821e-21  9.41715e-12 -1.97468e-21  5.17285e-12  6.62018e-22 -3.43705e-12  4.08489e-22 -1.05164e-12 -9.03116e-22  9.12116e-13  8.16672e-22  2.64975e-13 -4.24244e-22 -1.93665e-13  5.52447e-23 -7.65397e-14  1.15596e-22  2.94278e-14 -1.09883e-22  1.97017e-14  4.03066e-23  -1.5152e-15  8.63883e-24 -3.69225e-15 -1.94415e-23 -6.45939e-16  1.14753e-23   3.8208e-16 -3.16569e-24  1.93557e-16 -2.02009e-25  6.28911e-18  5.69665e-25 -2.09848e-17 -2.49145e-25  -6.9884e-18  5.55631e-26 -4.73591e-20 -5.75535e-27  6.16532e-19  1.01456e-27  1.92242e-19 -1.35572e-27  1.27397e-20  9.85059e-28 -8.90939e-21 -4.31376e-28  -3.3479e-21  7.29725e-29 -4.84689e-22  3.01723e-29  2.04687e-23 -1.25312e-29  2.46558e-23 -3.24465e-30  5.45238e-24  1.90455e-30  5.63762e-25  1.16896e-31 -1.00464e-26 -1.21578e-31 -1.36267e-26 -1.81057e-33 -2.39769e-27  1.02493e-33 -2.26472e-28  1.11299e-33 -9.37676e-30 -1.09807e-34  5.49898e-31 -1.79243e-35  1.17697e-31  9.09781e-37  9.01945e-33  2.52146e-37  3.79255e-34 -2.53355e-39  7.82909e-36 -2.47629e-39  2.32686e-38 -3.99567e-41 -9.84526e-40
-2.45666e-19 -7.44592e-32  1.51312e-17  8.78491e-31 -3.64597e-16  -3.5525e-30  5.31136e-15 -3.49421e-30 -5.39876e-14  5.15408e-29  4.11371e-13  4.71839e-28 -2.45098e-12 -8.29827e-27  1.17283e-11  6.01576e-26 -4.58661e-11  -2.8287e-25  1.48218e-10  9.29203e-25 -3.98196e-10 -1.95912e-24  8.90805e-10  8.33989e-25 -1.65439e-09  1.39508e-23  2.52806e-09 -7.57647e-23 -3.12221e-09  2.56707e-22   3.0101e-09 -6.75932e-22 -2.09903e-09  1.47698e-21  8.30748e-10 -2.75483e-21   1.0843e-10  4.44182e-21 -3.65357e-10 -6.21107e-21  1.64426e-10  7.49357e-21  4.57312e-11 -7.67894e-21 -6.79866e-11  6.45297e-21  4.88793e-12 -4.07451e-21  1.86362e-11  1.35096e-21 -3.83744e-12  7.56107e-22 -4.62269e-12 -1.66514e-21  1.05022e-12  1.46119e-21  1.13227e-12 -7.24867e-22 -1.54246e-13  7.19241e-23 -2.59432e-13  2.10094e-22 -7.04378e-15 -1.89125e-22  4.80648e-14  7.08218e-23  1.11019e-14  7.29517e-24 -5.50407e-15 -2.42102e-23 -3.09917e-15  1.37161e-23 -2.11887e-17  -3.2991e-24  4.11834e-16  -4.8721e-25  1.21867e-16  7.13273e-25 -1.09609e-17 -2.91224e-25 -1.61352e-17  7.26644e-26 -3.88774e-18 -1.61708e-26  2.13674e-19   5.7204e-27  3.71516e-19 -2.55202e-27  9.69672e-20  1.15847e-27   5.2222e-21 -5.01682e-28 -3.93492e-21  9.43724e-29 -1.35949e-21  4.30249e-29 -1.95962e-22 -1.84613e-29  5.03813e-25  -4.8209e-30     6.42e-24  2.80154e-30  1.46055e-24  1.46955e-31  1.66355e-25 -1.57342e-31  5.43426e-27 -3.46954e-33 -1.55166e-27  1.67067e-33 -3.17992e-28   1.0113e-33 -3.14219e-29 -1.02398e-34 -1.73113e-30 -1.21268e-35 -2.83005e-32  9.14775e-37  3.26213e-33   1.4304e-37  2.71817e-34 -8.00161e-39  8.98819e-36 -1.32906e-39  1.20399e-37 -1.07838e-41
  3.6816e-32 -5.53785e-18 -8.73561e-31  1.94603e-16  6.28979e-30 -3.58643e-15 -1.05108e-29   4.3561e-14 -1.04362e-28 -3.84833e-13  4.71839e-28   2.6108e-12  3.37972e-27 -1.40646e-11 -5.19561e-26  6.14817e-11  3.44789e-25 -2.21178e-10 -1.53496e-24  6.60437e-10  4.98745e-24 -1.64344e-09   -1.161e-23  3.40686e-09  1.54476e-23 -5.85214e-09  1.37929e-23  8.22966e-09 -1.61807e-22   -9.256e-09  6.02861e-22  7.94672e-09 -1.60181e-21 -4.64869e-09   3.4401e-21  1.11026e-09 -6.24428e-21  8.63531e-10  9.76395e-21 -9.26221e-10 -1.32329e-20  1.83107e-10  1.54858e-20  2.24719e-10 -1.54134e-20 -1.30359e-10  1.26036e-20 -3.49058e-11 -7.76794e-21  4.33732e-11  2.55171e-21  4.70682e-12  1.29041e-21 -1.15358e-11 -2.84466e-21 -1.15675e-12  2.42833e-21  2.65897e-12 -1.15571e-21   4.9272e-13  8.80345e-23 -4.97983e-13   3.4137e-22 -1.77228e-13 -2.91401e-22  5.95788e-14  1.07124e-22  4.38365e-14   5.9851e-24  6.10661e-16 -2.86566e-23 -6.54185e-15  1.51291e-23 -1.86093e-15 -2.96565e-24   3.3165e-16 -8.57854e-25  3.23057e-16  8.36632e-25  6.02357e-17 -3.24538e-25 -1.45272e-17  9.40883e-26 -1.00547e-17 -3.16587e-26 -1.86736e-18  1.26674e-26  1.92603e-19 -4.07186e-27  1.84589e-19  1.20514e-27  4.26188e-20  -5.3023e-28  2.31653e-21  1.18464e-28 -1.35917e-21  5.80465e-29 -4.54366e-22 -2.59206e-29 -6.67281e-23  -6.6615e-30 -2.26156e-24   3.8038e-30  1.18219e-24  1.85359e-31  2.92407e-25 -1.87825e-31  3.53504e-26  -5.5025e-33  2.08254e-27  2.10921e-33 -5.85933e-29  7.92451e-34 -2.49088e-29  -8.7283e-35 -2.54345e-30 -5.65574e-36 -1.42891e-31  8.56557e-37 -4.22477e-33  4.83984e-38 -2.37292e-35 -8.97592e-39  1.99989e-36 -5.72221e-40  3.28817e-38
 1.32539e-18  6.11367e-31 -8.31303e-17 -7.62692e-30  2.04138e-15  3.34936e-29 -3.03324e-14  4.33751e-29  3.14761e-13 -1.09121e-27 -2.45098e-12  3.37972e-27  1.49396e-11   2.0439e-26 -7.32258e-11  -2.8111e-25  2.93734e-10  1.71853e-24 -9.75205e-10 -7.20303e-24  2.69683e-09  2.25956e-23 -6.22475e-09 -5.32975e-23  1.19636e-08  8.61774e-23 -1.89963e-08 -4.51359e-23  2.45263e-08 -2.76903e-22 -2.49756e-08  1.27099e-21  1.88096e-08 -3.47464e-21 -8.72018e-09   7.3733e-21  1.92169e-10 -1.30474e-20  3.01688e-09  1.98021e-20 -1.81916e-09 -2.60317e-20 -1.45298e-10  2.95778e-20  6.41256e-10 -2.86303e-20 -1.45558e-10  2.28153e-20 -1.57641e-10 -1.37528e-20  6.51089e-11  4.49236e-21  3.67404e-11  2.02693e-21  -1.7985e-11  -4.5124e-21 -9.29163e-12  3.75514e-21  3.59554e-12 -1.71715e-21  2.41106e-12  9.57978e-23 -4.10685e-13  5.08609e-22 -5.41403e-13 -4.09862e-22  -3.2495e-14  1.44051e-22  8.58177e-14  5.92879e-24   2.6226e-14  -3.2215e-23 -5.94014e-15  1.52611e-23 -5.28206e-15 -2.09852e-24 -7.64339e-16  -1.2824e-24  3.95521e-16  9.29734e-25  2.02753e-16 -3.48389e-25  2.32654e-17  1.17971e-25 -1.09958e-17 -5.11922e-26 -5.26159e-18  2.18071e-26 -7.98882e-19 -5.90828e-27  1.03368e-19   1.0555e-27  7.61696e-20 -4.88929e-28  1.62628e-20  1.43763e-28  1.04204e-21  7.39425e-29 -3.54081e-22 -3.44265e-29 -1.21631e-22 -8.64912e-30 -1.83328e-23  4.77233e-30  -1.1256e-24   2.4146e-31  1.28001e-25 -2.06509e-31  4.09002e-26 -7.81096e-33  5.14571e-27  2.16496e-33  3.61006e-28  5.06903e-34  9.25697e-30 -6.96864e-35  -8.2699e-31 -4.20156e-37 -1.02907e-31  7.04611e-37 -5.16236e-33 -1.13794e-38 -1.29072e-34 -6.83167e-39 -1.24916e-36 -1.70947e-40
-2.66896e-31  2.68787e-17  6.65797e-30 -9.62707e-16 -5.18754e-29  1.80985e-14  1.11991e-28 -2.24441e-13  9.43636e-28  2.02638e-12 -8.29827e-27 -1.40646e-11   2.0439e-26  7.76066e-11  1.08106e-25 -3.47943e-10 -1.34846e-24  1.28573e-09  7.62932e-24 -3.95053e-09 -3.00457e-23  1.01371e-08  8.99997e-23 -2.17269e-08 -2.08173e-22  3.87208e-08  3.54876e-22 -5.67683e-08 -3.44075e-22  6.70692e-08 -2.99085e-22 -6.13344e-08   2.3913e-21  3.95807e-08 -6.92247e-21 -1.28255e-08  1.46006e-20 -4.73405e-09 -2.52243e-20  7.70444e-09   3.7179e-20 -2.53802e-09 -4.74407e-20 -1.44368e-09  5.23906e-20  1.31735e-09 -4.93889e-20  8.78164e-11  3.84264e-20 -4.03505e-10 -2.27107e-20  2.74391e-11  7.41444e-21   1.0595e-10  2.92286e-21 -8.55222e-12 -6.66179e-21 -2.58936e-11  5.41571e-21 -5.22144e-14 -2.37704e-21  5.60202e-12  8.06923e-23  8.60057e-13  7.06301e-22  -9.1979e-13 -5.32913e-22 -3.47613e-13  1.74938e-22  7.42357e-14  8.22871e-24  7.34074e-14 -3.42443e-23   8.9158e-15  1.38257e-23    -7.41e-15 -7.51641e-25 -3.28622e-15  -1.7127e-24 -1.40117e-16  9.91778e-25  3.01639e-16  -3.6252e-25  1.06514e-16  1.39396e-25  6.82765e-18 -7.23034e-26 -6.20203e-18  3.28598e-26 -2.35341e-18 -8.08546e-27 -3.12512e-19  6.63186e-28  3.90517e-20 -3.53239e-28  2.59319e-20  1.68095e-28  5.29869e-21  8.90842e-29  4.13694e-22 -4.31184e-29 -6.34443e-23 -1.06566e-29 -2.50304e-23  5.54553e-30 -3.87646e-24  3.23454e-31 -3.05775e-25 -2.08487e-31  1.18034e-27 -1.01874e-32  3.54563e-27  1.78387e-33  4.75495e-28  2.15981e-34  3.42625e-29 -5.45746e-35  1.34294e-30  2.40661e-36  1.16849e-32  4.73393e-37  -1.3773e-33 -3.42669e-38 -5.73755e-35  -3.7353e-39 -6.01817e-37
-5.71084e-18 -4.11751e-30  3.65138e-16  5.47452e-29 -9.14783e-15 -2.75496e-28  1.38796e-13 -6.53984e-29 -1.47211e-12  8.73006e-27  1.17283e-11 -5.19561e-26 -7.32258e-11  1.08106e-25  3.68099e-10  5.10442e-25 -1.51653e-09 -5.82758e-24  5.17973e-09  3.06256e-23 -1.47646e-08 -1.13258e-22  3.52107e-08  3.22095e-22 -7.01298e-08 -7.18951e-22  1.15864e-07   1.2276e-21 -1.56565e-07 -1.39964e-21  1.68485e-07  1.97137e-22 -1.36755e-07  3.96378e-21  7.26787e-08 -1.27092e-20 -1.06443e-08  2.68108e-20 -1.91132e-08 -4.52623e-20  1.55186e-08  6.48038e-20 -1.27059e-09 -8.03091e-20 -4.60911e-09  8.62979e-20  1.88339e-09 -7.93618e-20   9.4393e-10  6.04171e-20 -7.09237e-10  -3.5118e-20 -1.85979e-10  1.15311e-20  1.96724e-10  3.85029e-21  4.74088e-11 -9.17498e-21 -4.45771e-11  7.30362e-21 -1.48404e-11 -3.06683e-21  7.58374e-12  2.19099e-23  4.22686e-12  9.24826e-22   -6.162e-13 -6.46079e-22 -8.83277e-13  1.93156e-22  -1.1117e-13  1.33816e-23  1.07041e-13 -3.41229e-23   4.5366e-14  1.08193e-23  -1.0565e-15  8.85178e-25 -5.82407e-15 -2.09226e-24 -1.65472e-15  1.03077e-24  8.12613e-17 -3.65687e-25  1.77816e-16    1.507e-25  4.82107e-17 -9.13662e-26  1.45318e-18  4.53247e-26 -2.78383e-18 -1.06692e-26 -9.04598e-19  2.87356e-29 -1.12702e-19 -1.11303e-28   1.0271e-20  1.89019e-28  7.14315e-21  1.02018e-28  1.43286e-21 -5.09151e-29  1.31484e-22 -1.25751e-29 -5.55132e-24  5.98597e-30  -3.7158e-24  4.33025e-31 -5.97118e-25  -1.9215e-31 -5.23482e-26 -1.23064e-32 -1.90572e-27  1.06161e-33  1.34954e-28 -2.88126e-35   2.4367e-29 -4.46197e-35  1.67548e-30  2.79633e-36  6.19826e-32   2.2681e-37   1.0821e-33 -3.16958e-38  2.93111e-36 -1.32857e-39
  1.5994e-30 -1.05221e-16 -4.20559e-29  3.84558e-15  3.58016e-28 -7.38346e-14 -1.07456e-27  9.35987e-13 -4.49964e-27  -8.6472e-12  6.01576e-26  6.14817e-11  -2.8111e-25 -3.47943e-10  5.10442e-25  1.60213e-09  2.18098e-24 -6.08968e-09 -2.29441e-23  1.92812e-08  1.12334e-22  -5.1093e-08  -3.9013e-22  1.13387e-07  1.04988e-21 -2.09955e-07 -2.24087e-21  3.21339e-07  3.73832e-21 -3.99201e-07 -4.47557e-21  3.88793e-07  2.29311e-21 -2.75213e-07  5.63411e-21  1.11523e-07  -2.1587e-20  1.38114e-08  4.58234e-20 -5.06182e-08 -7.55935e-20   2.4153e-08    1.051e-19  5.93047e-09 -1.26555e-19  -1.0164e-08  1.32493e-19  1.11158e-09 -1.19091e-19  2.82251e-09  8.89448e-20 -7.38891e-10 -5.10394e-20 -7.12205e-10  1.69812e-20  2.14808e-10  4.58631e-21  1.81548e-10 -1.18156e-20 -3.86515e-11  9.23709e-21 -4.46206e-11 -3.68943e-21  1.74011e-12 -1.04175e-22  9.13961e-12  1.15151e-21  1.53921e-12 -7.34561e-22 -1.23674e-12  1.93711e-22 -5.57845e-13   2.0957e-23  3.72357e-14 -3.13772e-23  8.82572e-14  6.56766e-24  2.10672e-14  2.51228e-24 -4.07363e-15 -2.36592e-24 -3.52685e-15  1.05964e-24 -6.93753e-16 -3.55437e-25   9.8348e-17  1.43189e-25  8.60339e-17 -1.04195e-25  1.91919e-17  5.84786e-26   2.4469e-19 -1.37517e-26 -1.01209e-18 -7.87412e-28 -2.97058e-19  2.28629e-28 -3.67265e-20   2.0451e-28  1.55261e-21  1.11912e-28  1.53761e-21 -5.67618e-29  3.09474e-22 -1.43173e-29  3.16216e-23  6.02287e-30  5.78984e-25  5.61833e-31 -3.53415e-25 -1.59882e-31 -6.22573e-26 -1.37785e-32  -5.6045e-27  2.01888e-34 -2.78371e-28 -1.98519e-34 -3.39077e-30 -3.94688e-35  4.97898e-31  1.65924e-36  3.37199e-32  3.98297e-38  8.71341e-34  -1.8916e-38  6.89922e-36
 1.99814e-17  2.31226e-29 -1.30393e-15 -3.28015e-28  3.33698e-14  1.89542e-27 -5.17666e-13 -2.15625e-27  5.61919e-12 -4.26611e-26 -4.58661e-11  3.44789e-25  2.93734e-10 -1.34846e-24 -1.51653e-09  2.18098e-24  6.42648e-09   8.5156e-24 -2.26148e-08 -8.29817e-23   6.6547e-08  3.79451e-22 -1.64224e-07 -1.23799e-21  3.39489e-07  3.14609e-21 -5.84461e-07 -6.38362e-21  8.27666e-07  1.02557e-20 -9.41918e-07 -1.22859e-20  8.22768e-07  8.23168e-21 -4.93881e-07  6.43662e-21  1.25686e-07 -3.41103e-20  9.07754e-08  7.31822e-20 -1.04908e-07 -1.17795e-19  2.42906e-08  1.58886e-19  2.50008e-08 -1.85959e-19  -1.6605e-08  1.89945e-19  -3.3937e-09 -1.67252e-19  5.61936e-09  1.22943e-19  2.60434e-10 -6.99782e-20 -1.54726e-09  2.37954e-20 -4.94282e-11  4.83187e-21  3.78625e-10  -1.4261e-20  4.23214e-11  1.09909e-20 -7.81974e-11 -4.13797e-21 -2.09616e-11 -3.18178e-22  1.13198e-11   1.3717e-21  6.24807e-12 -7.85667e-22 -4.47186e-13  1.74383e-22 -1.10676e-12  2.95791e-23 -2.37221e-13 -2.57994e-23  8.24562e-14  1.67372e-24  5.42435e-14  3.78564e-24  7.08068e-15 -2.48794e-24 -3.48678e-15  1.09068e-24 -1.76013e-15 -3.29788e-25 -2.48763e-16  1.09827e-25  5.88873e-17 -1.06795e-25  3.50014e-17  7.13831e-26  6.79962e-18 -1.74093e-26  8.03588e-20 -1.67227e-27  -2.9628e-19  6.35827e-28  -8.1924e-20  2.13593e-28 -1.03591e-20  1.18693e-28  -4.8855e-23 -5.98765e-29  2.43759e-22 -1.57904e-29  5.08236e-23  5.67319e-30   5.5017e-24  6.92144e-31  2.67947e-25 -1.17402e-31 -1.48284e-26 -1.42631e-32  -3.8996e-27 -5.70595e-34 -3.47797e-28 -2.88067e-34 -1.71904e-29 -3.65713e-35 -4.29898e-31  2.02679e-37 -1.35271e-33  -4.9481e-38  1.39818e-34 -7.14051e-39
-8.04324e-30  3.36607e-16  2.22918e-28   -1.257e-14 -2.06554e-27  2.46818e-13  8.02748e-27 -3.20293e-12  8.99787e-27  3.03226e-11  -2.8287e-25 -2.21178e-10  1.71853e-24  1.28573e-09 -5.82758e-24 -6.08968e-09   8.5156e-24  2.38468e-08  3.06113e-23 -7.79303e-08 -2.77474e-22  2.13606e-07  1.18758e-21 -4.91646e-07 -3.64153e-21  9.47396e-07  8.72678e-21 -1.51602e-06 -1.67643e-20  1.98272e-06  2.56907e-20 -2.05688e-06 -2.99924e-20  1.59043e-06  2.19202e-20   -7.706e-07  4.71812e-21  3.91942e-08 -5.05719e-20  2.63227e-07  1.09685e-19 -1.74556e-07 -1.71636e-19 -4.82708e-09    2.242e-19  6.08889e-08 -2.55104e-19 -1.78599e-08  2.54635e-19 -1.45998e-08  -2.2023e-19  7.77015e-09  1.59967e-19  3.31967e-09 -9.08585e-20 -2.25025e-09  3.18863e-20 -8.64796e-10  4.26453e-21  5.00748e-10 -1.61723e-20  2.47065e-10  1.23478e-20 -7.55216e-11 -4.31987e-21 -6.31577e-11 -6.31454e-22   1.9848e-12  1.56971e-21  1.17704e-11 -7.90495e-22  2.56345e-12  1.36075e-22 -1.15042e-12  3.72282e-23 -6.91257e-13 -1.75114e-23 -4.95744e-14 -3.13375e-24  6.92812e-14  4.40556e-24  2.68781e-14 -2.42686e-24  1.35757e-15  1.13064e-24 -2.04262e-15 -2.90212e-25 -7.48584e-16  4.78953e-26 -7.93389e-17 -9.60853e-26  2.52924e-17  8.29423e-26  1.20523e-17 -2.16417e-26  2.14193e-18 -2.48877e-27   5.1979e-20  1.06124e-27 -6.80525e-20  2.16439e-28 -1.84429e-20  1.22809e-28 -2.39964e-21 -5.99046e-29 -9.67922e-23 -1.68606e-29  2.52533e-23  5.03389e-30  5.93805e-24  8.01824e-31   6.5652e-25 -7.20303e-32  4.01127e-26 -1.35957e-32  6.43948e-28 -1.09428e-33 -1.11576e-28  -3.0927e-34 -1.05915e-29 -3.29878e-35 -4.35603e-31  -7.2019e-37 -8.34474e-33 -5.69036e-38 -4.56752e-35
 -5.7337e-17 -1.09629e-28  3.82434e-15  1.65469e-27 -1.00123e-13 -1.07757e-26  1.59045e-12  2.52792e-26  -1.7696e-11  1.32222e-25  1.48218e-10 -1.53496e-24 -9.75205e-10  7.62932e-24  5.17973e-09 -2.29441e-23 -2.26148e-08  3.06113e-23  8.21332e-08  1.01911e-22 -2.49937e-07 -8.62266e-22  6.39381e-07  3.46058e-21 -1.37425e-06   -9.978e-21  2.46954e-06   2.2526e-20 -3.67047e-06 -4.08386e-20  4.42171e-06  5.92741e-20 -4.15291e-06 -6.62804e-20  2.78648e-06   4.9027e-20 -9.83528e-07 -1.38171e-21 -2.89143e-07 -7.12921e-20  5.69236e-07  1.55038e-19 -2.20372e-07  -2.3429e-19 -9.56494e-08  2.95574e-19  1.09931e-07 -3.26997e-19 -1.29198e-09  3.19514e-19 -3.35954e-08 -2.72275e-19  5.31081e-09  1.96415e-19  8.98481e-09 -1.12181e-19 -1.66827e-09  4.10668e-20 -2.31846e-09  2.61956e-21  2.40318e-10 -1.72863e-20  5.53162e-10  1.31528e-20   3.0031e-11 -4.17746e-21 -1.05896e-10 -1.04164e-21 -2.77321e-11  1.72955e-21  1.21826e-11 -7.44708e-22  7.64484e-12   8.2402e-23  2.26726e-13  4.17692e-23 -1.00936e-12 -6.95808e-24 -3.29688e-13 -7.20319e-24  1.87988e-14   4.2028e-24  4.14817e-14 -2.16753e-24  1.11692e-14  1.17854e-24 -1.69088e-16 -2.44305e-25 -9.40442e-16 -3.94658e-26 -2.76444e-16  -7.0479e-26 -2.38274e-17  9.20381e-26   8.3391e-18 -2.63131e-26  3.49014e-18 -3.11438e-27  5.89787e-19  1.44714e-27  2.58266e-20  2.13618e-28  -1.1616e-20  1.24711e-28 -3.25408e-21 -5.69405e-29 -4.32249e-22 -1.73408e-29 -2.71016e-23  4.25025e-30  1.11605e-24  8.71543e-31  4.44464e-25 -3.06069e-32  4.96868e-26 -1.18686e-32  3.09755e-27 -1.31273e-33  9.99507e-29  -2.8162e-34  1.51091e-31 -2.71104e-35 -1.04717e-31 -8.98296e-37 -2.78979e-33  -2.8581e-38
 3.43228e-29 -8.86397e-16 -1.00179e-27  3.38756e-14  1.00194e-26 -6.81362e-13 -4.69351e-26  9.06633e-12  3.96288e-26 -8.81047e-11  9.29203e-25  6.60437e-10 -7.20303e-24 -3.95053e-09  3.06256e-23  1.92812e-08 -8.29817e-23 -7.79303e-08  1.01911e-22  2.63344e-07  3.15733e-22 -7.48041e-07 -2.50087e-21  1.78903e-06  9.42689e-21 -3.59434e-06 -2.55701e-20    6.024e-06  5.43346e-20 -8.30608e-06 -9.27158e-20  9.18304e-06  1.26705e-19 -7.73331e-06 -1.33923e-19  4.35885e-06  9.60008e-20 -8.28255e-07 -1.24777e-20 -1.06126e-06 -9.73978e-20   9.9745e-07  2.07763e-19 -1.51155e-07 -3.00091e-19 -2.80889e-07  3.64289e-19  1.48001e-07 -3.91849e-19  5.05316e-08  3.75452e-19 -5.49984e-08 -3.16345e-19 -7.88588e-09  2.28134e-19    1.582e-08 -1.32325e-19  1.93632e-09  5.10811e-20 -3.89484e-09 -2.16728e-22 -7.89458e-10  -1.7499e-20  7.75244e-10  1.33501e-20  2.90683e-10  -3.6981e-21 -9.79833e-11 -1.53144e-21 -7.53167e-11  1.83585e-21 -1.31313e-12 -6.48655e-22  1.17549e-11  1.87828e-23   3.4738e-12  4.15468e-23 -5.97247e-13  5.14955e-24 -6.18018e-13 -1.01441e-23 -1.22453e-13  3.19563e-24  2.63176e-14 -1.71234e-24  1.99017e-14  1.22666e-24  4.00775e-15 -2.06349e-25 -2.73455e-16 -1.43498e-25 -3.55374e-16 -3.02461e-26 -8.93352e-17  9.77266e-26 -7.07419e-18 -3.11186e-26  2.11378e-18 -3.47297e-27  8.34447e-19  1.73913e-27  1.37498e-19  2.04736e-28  8.73083e-21   1.2435e-28 -1.30154e-21 -5.14361e-29 -4.24779e-22 -1.70239e-29 -5.70693e-23  3.47286e-30 -4.20067e-24  8.90788e-31 -8.52586e-26  2.11397e-33  1.69481e-26 -9.41704e-33  2.08833e-27 -1.26519e-33  1.17951e-28 -2.25614e-34  3.51762e-30 -1.93395e-35  4.37291e-32 -6.08769e-37  8.64892e-36
 1.35548e-16  4.43078e-28 -9.25692e-15 -7.09035e-27  2.48369e-13  5.09819e-26 -4.04722e-12  -1.6862e-25  4.62428e-11 -1.68442e-25 -3.98196e-10  4.98745e-24  2.69683e-09 -3.00457e-23 -1.47646e-08  1.12334e-22   6.6547e-08 -2.77474e-22 -2.49937e-07  3.15733e-22   7.8813e-07  9.13944e-22 -2.09424e-06 -6.79406e-21  4.68952e-06  2.40873e-20 -8.81345e-06 -6.14889e-20  1.37729e-05  1.22887e-19 -1.75855e-05 -1.96878e-19  1.77533e-05  2.51958e-19 -1.32174e-05 -2.48799e-19  5.89911e-06  1.67256e-19  2.54146e-07 -2.53691e-20  -2.4768e-06 -1.31886e-19   1.4142e-06  2.65339e-19  1.81212e-07 -3.61108e-19 -5.63441e-07  4.19943e-19  1.19997e-07 -4.39105e-19  1.50325e-07  4.13056e-19 -6.19133e-08 -3.45457e-19 -3.71505e-08  2.51272e-19  1.87736e-08 -1.49913e-19  9.89457e-09  6.16273e-20 -4.10911e-09 -4.12519e-21  -2.7326e-09 -1.69109e-20  5.32613e-10  1.29884e-20  6.60534e-10 -2.91146e-21  2.98627e-11 -2.07052e-21 -1.13523e-10  1.87531e-21  -3.3581e-11 -5.07255e-22  8.79167e-12 -4.85797e-23  7.39162e-12  3.58795e-23  1.02417e-12  1.78986e-23 -5.91678e-13 -1.19201e-23 -2.99429e-13  1.59936e-24 -3.45916e-14  -1.0825e-24  1.64491e-14  1.26378e-24  8.00858e-15 -1.94911e-25  1.27776e-15 -2.51739e-25 -1.31571e-16   2.2371e-26 -1.11569e-16  9.94343e-26 -2.51623e-17  -3.5597e-26 -2.05222e-18 -3.54619e-27  3.94325e-19  1.89698e-27  1.59641e-19  1.87319e-28  2.59953e-20  1.20964e-28  2.04455e-21 -4.40603e-29 -5.61658e-23 -1.57593e-29 -3.74618e-23  2.81839e-30 -5.13051e-24   8.6002e-31 -3.88708e-25  2.40915e-32 -1.52097e-26 -6.71393e-33  4.31694e-29 -1.04527e-33  3.67081e-29 -1.59568e-34   1.7138e-30 -1.14589e-35  2.95777e-32 -2.43688e-37
-1.25287e-28  1.92555e-15  3.84975e-27 -7.54595e-14 -4.12245e-26  1.55784e-12  2.21423e-25 -2.12982e-11 -4.73293e-25  2.12891e-10 -1.95912e-24 -1.64344e-09  2.25956e-23  1.01371e-08 -1.13258e-22  -5.1093e-08  3.79451e-22  2.13606e-07 -8.62266e-22 -7.48041e-07  9.13944e-22  2.20688e-06  2.48023e-21  -5.4964e-06 -1.73414e-20  1.15382e-05  5.78974e-20 -2.02948e-05 -1.39141e-19  2.95535e-05  2.61327e-19 -3.48534e-05 -3.92107e-19  3.19057e-05  4.67356e-19  -2.0551e-05 -4.26052e-19  6.37179e-06   2.6012e-19  3.06591e-06 -2.98949e-20 -4.57887e-06 -1.80234e-19  1.48402e-06  3.24245e-19  9.44993e-07 -4.08574e-19 -8.68942e-07  4.53204e-19 -5.73268e-08 -4.60287e-19  2.87276e-07  4.24844e-19  -2.4947e-08 -3.54163e-19 -8.06196e-08  2.63135e-19  8.97306e-09 -1.64114e-19  2.11732e-08  7.23479e-20 -6.82565e-10 -8.71064e-21 -4.99349e-09 -1.58131e-20 -6.06246e-10  1.21942e-20  9.12692e-10 -1.87752e-21  3.11103e-10  -2.6195e-21 -8.92153e-11  1.83865e-21 -7.49265e-11 -3.29867e-22 -7.05283e-12 -1.13526e-22  8.58032e-12  2.53117e-23  3.51759e-12  3.02092e-23  7.08241e-14 -1.28129e-23  -3.5871e-13 -2.15625e-25 -1.20892e-13 -3.18815e-25 -6.70342e-15  1.27888e-24  7.42734e-15 -2.28117e-25  2.76126e-15 -3.50872e-25  3.72018e-16  8.33149e-26 -4.09765e-17  9.70825e-26 -2.89406e-17 -3.91939e-26 -6.07292e-18 -3.36258e-27 -5.39988e-19  1.90133e-27  4.73109e-20  1.56906e-28  2.32967e-20  1.13346e-28  3.78188e-21 -3.55685e-29  3.30312e-22 -1.35389e-29  8.21949e-24  2.34477e-30 -1.84567e-24  7.88471e-31 -2.81487e-25  3.56643e-32 -2.02217e-26 -4.22004e-33 -8.07279e-28 -7.55818e-34 -1.43087e-29 -9.81068e-35  6.91002e-32 -5.29611e-36  3.76603e-33
-2.63825e-16 -1.53752e-27  1.84886e-14  2.60181e-26 -5.09517e-13 -2.03206e-25  8.53651e-12  8.25302e-25 -1.00391e-10 -8.23879e-25  8.90805e-10   -1.161e-23 -6.22475e-09  8.99997e-23  3.52107e-08  -3.9013e-22 -1.64224e-07  1.18758e-21  6.39381e-07 -2.50087e-21 -2.09424e-06  2.48023e-21  5.79434e-06  6.32859e-21 -1.35498e-05 -4.16971e-20  2.66944e-05  1.31241e-19 -4.39534e-05 -2.96997e-19  5.95799e-05  5.23734e-19 -6.46704e-05 -7.34003e-19  5.31545e-05  8.09903e-19 -2.85816e-05 -6.72334e-19  3.89101e-06  3.58123e-19  8.45733e-06 -6.73177e-21 -7.00827e-06 -2.49385e-19  6.38936e-07  3.79569e-19   2.2268e-06 -4.34936e-19 -9.99637e-07  4.59049e-19 -4.64543e-07 -4.51672e-19  4.04421e-07  4.06992e-19  8.85858e-08 -3.39693e-19 -1.21299e-07  2.62802e-19 -2.30369e-08 -1.74776e-19  3.02581e-08  8.27825e-20  8.25067e-09 -1.33208e-20 -5.88659e-09 -1.46132e-20 -2.74647e-09  1.11233e-20  6.51507e-10 -6.71919e-22  6.64601e-10 -3.13469e-21  5.01808e-11  1.72257e-21 -9.49192e-11 -1.29994e-22 -3.45757e-11 -1.70423e-22  2.85742e-12  1.15406e-23  5.26735e-12  4.08394e-23  1.32552e-12 -1.32708e-23 -1.30886e-13 -1.80594e-24 -1.67213e-13  5.20996e-25 -4.19736e-14  1.26373e-24 -5.03709e-16 -3.18407e-25   2.6552e-15 -4.29535e-25  8.21592e-16  1.47157e-25  1.00344e-16  9.10937e-26 -8.71823e-18 -4.13658e-26 -6.07797e-18 -2.97482e-27 -1.21892e-18  1.75529e-27 -1.18144e-19  1.08796e-28  1.61761e-21  1.00504e-28  2.40154e-21 -2.67086e-29  3.96605e-22 -1.05483e-29  3.55795e-23  2.04642e-30  1.61772e-24  6.89448e-31 -1.74512e-26  3.86869e-32 -7.66555e-27 -2.25598e-33 -4.99474e-28  -4.7849e-34 -1.53065e-29 -5.07361e-35 -1.91493e-31 -1.65252e-36
 3.93275e-28 -3.43973e-15 -1.27355e-26  1.38578e-13  1.45142e-25 -2.94404e-12 -8.65346e-25  4.14624e-11  2.62398e-24 -4.27414e-10  8.33989e-25  3.40686e-09 -5.32975e-23 -2.17269e-08  3.22095e-22  1.13387e-07 -1.23799e-21 -4.91646e-07  3.46058e-21  1.78903e-06 -6.79406e-21  -5.4964e-06  6.32859e-21  1.42933e-05   1.5222e-20 -3.14323e-05 -9.46707e-20   5.8166e-05  2.81178e-19 -8.96487e-05 -5.99236e-19  0.000112938  9.91121e-19  -0.00011228 -1.29345e-18  8.16756e-05  1.31179e-18 -3.43026e-05 -9.74211e-19 -4.25271e-06  4.24726e-19  1.68634e-05  7.15742e-20 -8.73491e-06 -3.44125e-19 -1.82296e-06  4.24083e-19  3.86797e-06  -4.3614e-19 -6.28571e-07  4.39423e-19 -1.11386e-06 -4.15686e-19  3.87396e-07  3.59994e-19  2.91655e-07 -3.02464e-19  -1.2312e-07  2.51339e-19 -7.97141e-08 -1.82337e-19  2.67531e-08  9.23057e-20  2.19384e-08 -1.71395e-20  -2.9537e-09 -1.37199e-20  -5.1922e-09  9.91126e-21 -4.89541e-10  6.25527e-22  8.49716e-10 -3.57266e-21  3.02875e-10  1.53117e-21 -5.21279e-11   7.5574e-23 -5.97916e-11 -2.14296e-22    -1.11e-11 -2.98681e-24  3.91683e-12  4.83974e-23  2.49045e-12 -1.37046e-23  4.00394e-13 -2.75476e-24 -9.90652e-14  1.37112e-24 -6.41053e-14  1.21371e-24 -1.28398e-14 -4.68771e-25  1.80388e-16 -4.80299e-25  7.70405e-16  2.07797e-25  2.09863e-16  8.22861e-26  2.47335e-17 -4.16967e-26 -1.09076e-18 -2.44034e-27 -9.96011e-19  1.48126e-27   -1.951e-19  4.08752e-29  -1.9995e-20  8.24198e-29 -5.95703e-22 -1.81572e-29  1.49831e-22 -7.15135e-30  2.73693e-23  1.86861e-30  2.38403e-24  5.75943e-31  1.17475e-25  3.56485e-32  2.45332e-27 -9.43781e-34 -5.17825e-29 -2.61247e-34 -3.83887e-30 -2.07483e-35 -4.93139e-32
