 1.17411e-16  5.72902e-30 -3.79207e-15 -2.88007e-28  4.66183e-14  4.40972e-27 -3.35671e-13 -3.89887e-26  1.62463e-12  2.38744e-25 -5.63592e-12 -1.09799e-24  1.44634e-11  3.95614e-24 -2.77642e-11 -1.14244e-23  3.95536e-11  2.67121e-23 -4.03616e-11 -5.05158e-23  2.66531e-11  7.59915e-23 -7.33848e-12 -8.64889e-23 -4.09366e-12  6.26746e-23  4.00794e-12  9.59615e-25  -1.3647e-14 -8.32038e-23 -1.14171e-12  1.43906e-22  1.22199e-13 -1.52539e-22  3.00267e-13   1.1326e-22 -1.74626e-14 -6.05233e-23 -7.55085e-14  2.83583e-23 -7.85543e-15 -2.42325e-23   1.5396e-14   3.1548e-23  5.43842e-15 -3.22157e-23 -1.64826e-15  2.25758e-23 -1.56825e-15 -1.01811e-23 -2.15199e-16  2.10495e-24  1.99826e-16  6.45977e-25  1.09979e-16 -6.44095e-25  1.10015e-17  1.45122e-25 -1.19089e-17  8.16767e-26 -6.35912e-18 -8.13392e-26 -1.06549e-18  2.64983e-26  3.32051e-19  2.78307e-27  2.59295e-19 -5.36306e-27   7.2841e-20   1.2518e-27  4.77419e-21  3.17463e-28 -4.62157e-21 -1.28993e-28 -2.26008e-21 -5.20552e-29 -5.42288e-22  2.48726e-29  -5.2478e-23  2.88099e-30  1.45828e-23 -9.62703e-31  8.34495e-24 -1.24908e-30  2.19357e-24  2.54991e-31   3.5824e-25  1.09658e-31  2.57787e-26 -2.17091e-33 -5.17867e-27 -1.13259e-32 -2.37271e-27 -1.23132e-33 -5.17486e-28 -4.17504e-35 -7.77751e-29  3.22332e-34 -8.16569e-30  4.55442e-35 -4.59664e-31 -8.23451e-36  2.81021e-32 -2.83238e-36  1.14167e-32 -7.54899e-37  1.73536e-33 -3.45396e-38  1.80817e-34  7.97728e-39  1.40946e-35  9.12826e-40  8.24723e-37  1.50664e-40   3.4193e-38  3.15764e-41  8.20354e-40  2.46854e-42 -7.16686e-43  3.94158e-44 -1.00168e-42 -1.53154e-46 -4.38556e-44 -3.00262e-47 -6.26615e-46 -9.67467e-49
 5.72902e-30  5.49485e-15  1.62998e-28 -1.00584e-13 -5.69163e-27  9.38111e-13  7.00296e-26 -5.57545e-12  -5.2839e-25  2.31578e-11  2.85365e-24 -7.03687e-11 -1.18178e-23  1.59785e-10  3.88957e-23 -2.71919e-10 -1.03691e-22  3.40785e-10  2.25689e-22 -2.97999e-10 -4.00127e-22  1.54161e-10  5.68269e-22  -1.0707e-11 -6.16666e-22 -4.27352e-11  4.38351e-22  1.96904e-11 -3.42067e-23  7.36304e-12 -4.36636e-22 -6.79868e-12  7.38083e-22 -1.51122e-12 -7.29845e-22   1.7938e-12  4.77534e-22  5.04509e-13 -1.87926e-22 -3.74176e-13  3.17343e-23 -1.83194e-13 -2.74462e-23  4.35679e-14  7.99795e-23   5.0212e-14 -1.00257e-22  5.64275e-15  7.29737e-23 -7.91583e-15 -3.18907e-23 -3.73079e-15  5.68801e-24  2.98172e-17  2.49407e-24  6.23851e-16 -2.15258e-24   2.3909e-16  5.57748e-25  5.03628e-18  1.72346e-25 -3.06174e-17 -2.25165e-25 -1.33208e-17  8.08579e-26 -1.89815e-18  8.25347e-27   6.8735e-19 -1.71046e-26  4.81699e-19  3.87716e-27  1.33359e-19  1.11455e-27  1.20605e-20 -4.01159e-28 -5.92734e-21 -1.96166e-28 -3.22194e-21  8.67677e-29 -8.37206e-22  1.21145e-29 -1.15302e-22 -3.85239e-30  4.62815e-24 -4.61218e-30  7.35066e-24  8.80415e-31  2.25649e-24  4.52909e-31  4.31954e-25 -1.12112e-32  5.27719e-26 -4.15845e-32   1.9649e-27 -6.03806e-33 -8.83979e-28 -1.62008e-35 -2.73053e-28  1.17761e-33  -4.7855e-29  1.78468e-34 -6.02061e-30 -2.05734e-35 -5.53443e-31 -1.03868e-35 -3.27607e-32 -2.85065e-36 -2.43139e-34 -2.25891e-37  2.14844e-34  9.00706e-39   3.0363e-35  2.00764e-39  2.57096e-36  4.46968e-40  1.54307e-37  8.80104e-41  6.75303e-39  6.38307e-42  2.12552e-40   1.4513e-43   4.4738e-42   2.8179e-45  4.15661e-44  3.12516e-47  1.43897e-46
-3.79207e-15  1.62998e-28  1.26339e-13  2.62389e-27 -1.60495e-12 -6.97177e-26  1.19657e-11  7.13413e-25 -6.01097e-11  -4.6764e-24  2.17077e-10  2.25155e-23  -5.8218e-10 -8.45562e-23  1.17418e-09  2.55448e-22 -1.77188e-09 -6.30822e-22  1.94319e-09   1.2811e-21 -1.42753e-09 -2.13216e-21  5.21315e-10  2.85912e-21  1.32642e-10 -2.95099e-21 -2.25956e-10  2.03204e-21  3.66707e-11 -2.58262e-22  5.79566e-11 -1.60628e-21 -1.79927e-11  2.64298e-21  -1.4969e-11 -2.45055e-21  4.35842e-12  1.42519e-21  4.16102e-12 -3.78966e-22 -4.62091e-13 -1.23395e-22 -1.05247e-12  8.93291e-23 -1.41744e-13  1.21861e-22  1.84427e-13 -2.18906e-22  8.36967e-14  1.65736e-22 -7.98791e-15 -6.97719e-23  -1.7959e-14   1.1021e-23 -5.22956e-15  5.51839e-24  9.05369e-16 -4.42258e-24  1.15581e-15   1.2997e-24   3.3842e-16  2.10157e-25 -1.58204e-17 -4.41952e-25 -4.90595e-17  1.79756e-25 -1.86719e-17  1.82464e-26 -2.47701e-18 -4.01009e-26  8.48912e-19  9.00522e-27  5.80043e-19  2.72447e-27  1.63146e-19 -9.72371e-28  1.96462e-20 -4.81323e-28 -4.01103e-21  2.17927e-28 -2.80567e-21  3.31427e-29 -7.99299e-22 -1.15865e-29 -1.36054e-22 -1.20007e-29  -8.6094e-24  2.27351e-30   2.9591e-24   1.3014e-30  1.25712e-24 -4.48113e-32  2.77603e-25 -1.10434e-31  4.19185e-26 -1.86884e-32  4.13349e-27  4.71807e-34  1.15369e-28  2.99927e-33 -5.03937e-29  4.85092e-34 -1.26666e-29  -3.0929e-35 -1.83988e-30 -2.61729e-35 -1.93978e-31 -7.52145e-36 -1.53804e-32 -7.77201e-37 -8.80774e-34 -1.83305e-38 -2.97695e-35  1.61779e-39   2.3831e-37  7.61176e-40  1.05471e-37  1.52061e-40  7.29268e-39  1.04183e-41  2.96863e-40  2.76493e-43  7.00371e-42  6.07575e-45   7.5114e-44  5.66694e-47
-2.88007e-28 -1.00584e-13  2.62389e-27  1.90249e-12  2.92759e-26  -1.8369e-11 -6.23941e-25  1.13268e-10  5.44018e-24 -4.89425e-10 -3.14077e-23  1.55236e-09  1.35983e-22 -3.69584e-09 -4.65806e-22  6.63688e-09    1.297e-21 -8.86779e-09 -2.97569e-21  8.43485e-09  5.65031e-21 -5.03164e-09  -8.8392e-21  9.47567e-10  1.11944e-20  1.08194e-09 -1.09725e-20   -7.549e-10  7.26159e-21 -1.01366e-10 -1.09661e-21  2.40476e-10 -4.76044e-21  4.17104e-12  7.58613e-21 -6.54818e-11 -6.62789e-21 -4.15377e-12  3.46887e-21   1.5993e-11 -5.48916e-22  3.54889e-12 -7.03312e-22 -2.95263e-12  5.02872e-22 -1.50335e-12  1.07592e-22   1.9833e-13  -3.9234e-22  3.60914e-13  3.04815e-22  8.32752e-14 -1.21314e-22 -3.50162e-14  1.72655e-23 -2.72042e-14  8.08341e-24 -4.97997e-15 -6.27409e-24  2.09465e-15  2.25986e-24  1.55829e-15  7.16663e-26  3.70011e-16  -7.1668e-25 -3.70505e-17  3.35948e-25 -5.79244e-17  3.50065e-26 -2.03133e-17 -7.85256e-26 -2.75533e-18  1.78402e-26  7.06343e-19  5.29133e-27  5.14944e-19 -2.09533e-27  1.50606e-19 -8.98883e-28  2.26617e-20  4.57433e-28  -9.3411e-22  7.09672e-29 -1.62922e-21 -2.98607e-29 -5.26249e-22 -2.54788e-29 -1.03669e-22  5.11899e-30 -1.21772e-23  3.00034e-30 -2.84577e-26 -1.42882e-31  3.76901e-25 -2.44524e-31  1.05033e-25 -4.40934e-32   1.8282e-26  2.38357e-33  2.28357e-27  6.19093e-33  1.96216e-28  1.05777e-33   7.3941e-30 -2.63803e-35 -9.66747e-31 -5.29476e-35 -2.38718e-31 -1.59045e-35 -2.91239e-32 -1.90347e-36 -2.49455e-33 -1.02772e-37 -1.59164e-34 -3.06417e-39 -7.49991e-36  7.94121e-40 -2.46352e-37  1.86255e-40 -4.71525e-39  1.21771e-41   -6.507e-42   3.3281e-43  1.43977e-42  6.06932e-45   1.6323e-44
 4.66183e-14 -5.69163e-27 -1.60495e-12  2.92759e-26  2.11055e-11  2.48065e-25  -1.6322e-10 -4.38959e-24  8.52583e-10  3.32023e-23 -3.21116e-09 -1.70662e-22  9.01631e-09  6.69145e-22 -1.91382e-08 -2.10092e-21  3.06324e-08  5.41047e-21 -3.61111e-08 -1.15622e-20  2.93658e-08  2.05652e-20 -1.33342e-08 -3.02743e-20 -6.92314e-10  3.62224e-20  4.65365e-09 -3.36809e-20 -1.54741e-09   2.1307e-20  -1.0008e-09 -3.40505e-21  6.12721e-10 -1.19935e-20   2.3622e-10  1.84144e-20 -1.65517e-10 -1.52269e-20 -7.26687e-11  7.27063e-21   3.2219e-11 -5.32056e-22  2.30274e-11 -2.05371e-21 -2.31202e-12  1.40334e-21 -5.61666e-12  1.42037e-25 -1.15172e-12 -6.23782e-22  7.41124e-13   4.8052e-22  4.69895e-13 -1.74132e-22  3.95709e-14  2.22959e-23 -6.35182e-14  6.68901e-24 -3.12565e-14  -5.5315e-24 -3.24704e-15  3.21193e-24  2.99421e-15 -3.79645e-25  1.67041e-15 -1.03363e-24  3.40388e-16  5.52465e-25 -4.41193e-17  6.21029e-26 -5.38175e-17 -1.33386e-25 -1.81214e-17  3.14657e-26 -2.68442e-18  8.48407e-27  3.82267e-19 -4.14938e-27  3.48631e-19 -1.34561e-27  1.08346e-19  8.51837e-28  1.92628e-20  1.27933e-28  1.02304e-21  -6.8001e-29 -5.89461e-22 -4.67319e-29 -2.41213e-22  1.05458e-29 -5.38948e-23  5.88241e-30 -8.05785e-24 -3.75975e-31 -6.93674e-25 -4.77139e-31  2.25857e-26 -8.57167e-32  2.12543e-26  7.41046e-33  4.56669e-27   1.1041e-32  6.50287e-28  1.95997e-33   6.8422e-29  4.25234e-36  5.25149e-30 -9.19538e-35  2.50092e-31 -2.84681e-35 -5.05332e-34  -3.6987e-36 -1.41546e-33 -2.61128e-37 -1.52769e-34 -1.39073e-38  -9.9534e-36  3.15337e-40 -4.43835e-37   1.6569e-40 -1.33014e-38  1.05224e-41 -2.41503e-40  2.68449e-43 -2.24483e-42  3.13197e-45
 4.40972e-27  9.38111e-13 -6.97177e-26  -1.8369e-11  2.48065e-25  1.83958e-10  1.68302e-24 -1.17918e-09 -2.53378e-23   5.3109e-09  1.68576e-22 -1.76175e-08 -7.78166e-22  4.40605e-08  2.77911e-21 -8.36331e-08 -8.03012e-21  1.19265e-07  1.91835e-20 -1.23269e-07 -3.82701e-20  8.37017e-08  6.38649e-20 -2.48731e-08 -8.85607e-20  -1.2385e-08  1.00131e-19  1.37911e-08 -8.82439e-20 -7.91387e-10  5.31461e-20 -3.97911e-09 -8.45427e-21   7.5144e-10 -2.63982e-20  1.07973e-09   3.8867e-20 -1.76403e-10 -3.05401e-20 -2.95103e-10  1.34851e-20   1.7045e-12 -1.30327e-22  7.04447e-11 -4.46471e-21   1.6023e-11  2.88335e-21 -1.09231e-11 -1.72467e-22 -6.58795e-12 -9.27866e-22 -2.79287e-14  6.69143e-22  1.21002e-12 -2.05672e-22  4.53378e-13  2.28779e-23 -2.44811e-14 -3.39657e-24 -8.01514e-14   2.7099e-25 -2.91934e-14  3.95689e-24 -1.20981e-15 -1.19961e-24  3.20358e-15 -1.39582e-24  1.49404e-15  8.04601e-25  2.78153e-16   1.0427e-25  -3.4938e-17 -1.98261e-25 -4.04583e-17  5.05117e-26 -1.35286e-17  1.11798e-26 -2.24882e-18 -7.58125e-27  8.57524e-20 -1.61644e-27  1.78317e-19  1.44508e-27  6.07979e-20  2.00245e-28  1.22829e-20 -1.37911e-28  1.34744e-21 -7.60458e-29 -7.19248e-23   2.0089e-29 -7.22611e-23  1.01233e-29 -1.90744e-23 -8.47429e-31    -3.29e-24 -8.43244e-31 -3.97289e-25 -1.42852e-31 -2.84212e-26  1.78972e-32  6.02841e-28  1.76191e-32  5.50602e-28  3.17655e-33  9.80921e-29  5.90338e-35  1.14913e-29 -1.42296e-34  9.98826e-31  -4.4422e-35   6.5219e-32 -6.01204e-36  3.04476e-33 -4.79197e-37  8.35608e-35 -2.96034e-38 -2.75276e-37 -5.93364e-40 -1.44441e-37  1.00586e-40 -6.60202e-39  6.62845e-42 -1.36896e-40  1.42563e-43 -1.07659e-42
-3.35671e-13  7.00296e-26  1.19657e-11 -6.23941e-25  -1.6322e-10  1.68302e-24  1.31205e-09   9.4661e-24  -7.1414e-09 -1.23472e-22   2.8111e-08  7.30497e-22 -8.28066e-08 -3.04974e-21  1.85344e-07  9.96799e-21 -3.15167e-07  -2.6596e-20  3.99606e-07  5.90881e-20 -3.58459e-07 -1.10256e-19  1.94993e-07  1.72878e-19 -2.04457e-08  -2.2601e-19 -5.32121e-08  2.41509e-19  2.89926e-08 -2.01533e-19  7.91133e-09  1.15159e-19 -1.02607e-08   -1.752e-20 -1.24315e-09 -5.15639e-20   2.8976e-09  7.25394e-20  4.66741e-10 -5.43898e-20 -6.97591e-10  2.25053e-20 -2.26419e-10  7.92755e-22  1.18211e-10 -8.01235e-21  8.01193e-11  4.84324e-21  -2.8569e-12 -2.84581e-22 -1.72397e-11  -1.3383e-21  -5.2626e-12  8.37928e-22  1.26708e-12 -1.87809e-22  1.38837e-12  1.57997e-23  3.38319e-13  -2.6706e-23 -7.57305e-14  1.27214e-23 -7.97423e-14  4.45392e-24 -2.32435e-14 -2.22503e-24  1.35982e-16 -1.83279e-24  2.74979e-15   1.0175e-24  1.14558e-15  1.64986e-25  2.07624e-16 -2.56009e-25 -1.83207e-17  7.50686e-26 -2.47486e-17  1.13949e-26 -8.46432e-18 -1.27156e-26 -1.57787e-18 -1.44677e-27 -6.60956e-20  2.25164e-27  6.47204e-20  2.73271e-28  2.60804e-20 -2.50533e-28  5.88036e-21 -1.11127e-28  8.53293e-22  3.53435e-29  5.46618e-23  1.55925e-29 -1.03873e-23 -1.68673e-30 -4.29211e-24 -1.36965e-30 -8.57873e-25 -2.08454e-31 -1.19944e-25  3.63582e-32 -1.22059e-26  2.56741e-32 -8.13534e-28   4.5734e-33 -1.16322e-29  1.15635e-34  5.47514e-30 -2.00597e-34   8.8816e-31 -6.15259e-35  8.41468e-32 -8.41944e-36  5.66558e-33  -7.0664e-37  2.79247e-34 -4.53023e-38  9.83917e-36 -1.53421e-39  2.28236e-37  2.79527e-41  2.98477e-39  2.82583e-42   1.3803e-41  4.35368e-44
-3.89887e-26 -5.57545e-12  7.13413e-25  1.13268e-10 -4.38959e-24 -1.17918e-09   9.4661e-24  7.87527e-09  4.52409e-23 -3.70552e-08 -5.18512e-22  1.28847e-07    2.752e-21 -3.39245e-07 -1.04507e-20  6.81998e-07  3.13822e-20 -1.03949e-06 -7.75335e-20  1.16702e-06  1.60541e-19 -8.93891e-07 -2.80679e-19  3.58712e-07   4.1404e-19  6.47902e-08  -5.1067e-19 -1.52484e-07  5.15673e-19  3.69271e-08 -4.06984e-19  3.77575e-08  2.19935e-19 -1.72575e-08 -3.10364e-20 -9.62617e-09  -9.0226e-20  4.81321e-09  1.21043e-19  2.89634e-09   -8.707e-20   -8.759e-10  3.42456e-20 -8.65387e-10  2.20365e-21  1.54703e-11  -1.2475e-20  1.97761e-10  6.98728e-21  5.45134e-11 -1.33144e-22 -2.24907e-11 -1.90179e-21 -1.82325e-11  9.53282e-22 -2.61509e-12 -9.51779e-23  2.11026e-12 -3.40284e-25  1.25996e-12 -6.58352e-23  1.96818e-13  3.13431e-23 -9.56891e-14  4.86084e-24 -6.62197e-14 -2.94585e-24 -1.63781e-14 -2.38742e-24  5.59428e-16  1.05391e-24  1.95201e-15  2.41338e-25  7.62471e-16 -2.79728e-25  1.41669e-16  1.04744e-25 -4.33145e-18  6.76256e-27 -1.21472e-17 -1.94083e-26 -4.38913e-18   -5.945e-28 -9.06626e-19  3.21518e-27 -8.91763e-20  3.16946e-28   1.2957e-20 -4.10783e-28   8.1299e-21 -1.46473e-28  2.07714e-21  5.72949e-29  3.51712e-22  2.17518e-29  3.92049e-23 -3.03237e-30  1.58917e-24 -2.06152e-30 -4.48675e-25 -2.68944e-31 -1.32243e-25  6.45107e-32 -2.11876e-26  3.45353e-32  -2.4357e-27  5.89384e-33 -2.09641e-28  1.35409e-34 -1.29615e-29  -2.6085e-34 -4.59132e-31 -7.65155e-35  7.25278e-33 -1.03366e-35  2.34401e-33 -8.74271e-37  1.78813e-34 -5.49586e-38  8.14656e-36 -2.06202e-39  2.34071e-37 -1.84229e-41  3.90026e-39  6.22571e-43  2.46975e-41
 1.62463e-12  -5.2839e-25 -6.01097e-11  5.44018e-24  8.52583e-10 -2.53378e-23  -7.1414e-09  4.52409e-23  4.06027e-08   1.8716e-22  -1.6745e-07 -1.90608e-21  5.18736e-07  9.14064e-21 -1.22716e-06 -3.17203e-20  2.22125e-06  8.77825e-20 -3.03232e-06 -2.01272e-19  2.99367e-06  3.89123e-19 -1.90608e-06 -6.38429e-19   4.5532e-07  8.87063e-19  3.72774e-07 -1.03274e-18 -3.25712e-07  9.85078e-19 -9.35698e-09 -7.34117e-19  1.03514e-07  3.73912e-19 -1.10839e-08 -4.76965e-20 -2.93725e-08 -1.42139e-19  2.44145e-09  1.81955e-19  8.04947e-09 -1.26575e-19  5.15078e-10  4.81524e-20 -1.87077e-09  3.81747e-21 -5.57045e-10 -1.73918e-20  2.65233e-10  8.93504e-21  1.98195e-10  4.88253e-22  1.24063e-11 -2.65818e-21 -3.32171e-11   9.8846e-22 -1.46579e-11  8.63577e-23 -1.19311e-13 -2.34762e-23  2.27495e-12 -1.20115e-22   9.5758e-13  5.28668e-23  8.67587e-14  5.47923e-24 -8.68397e-14 -2.46694e-24  -4.7381e-14 -3.08125e-24 -1.05149e-14  7.28878e-25  4.04957e-16  3.17936e-25  1.15744e-15 -2.40402e-25  4.40808e-16  1.38275e-25  8.66579e-17 -4.34192e-27  2.62272e-18 -2.66048e-26 -4.58438e-18  1.07857e-27  -1.8447e-18  4.17494e-27 -4.17917e-19  2.85403e-28 -5.71977e-20 -6.13263e-28 -1.50238e-21 -1.74228e-28  1.59921e-21  8.54579e-29  5.16306e-22   2.7635e-29  9.87337e-23 -5.00446e-30  1.33575e-23 -2.89015e-30  1.23162e-24 -3.07199e-31  4.79728e-26  1.01976e-31 -7.54633e-27  4.30669e-32  -1.9541e-27  6.80997e-33 -2.56316e-28  7.98212e-35 -2.37511e-29 -3.14718e-34 -1.64657e-30 -8.60635e-35 -8.46707e-32 -1.12385e-35 -3.02632e-33 -9.26544e-37 -6.06015e-35 -5.48698e-38  1.37805e-37 -1.99015e-39  4.24741e-38 -2.99811e-41  8.91465e-40 -4.40775e-44
 2.38744e-25  2.31578e-11  -4.6764e-24 -4.89425e-10  3.32023e-23   5.3109e-09 -1.23472e-22 -3.70552e-08   1.8716e-22  1.82642e-07  6.80008e-22 -6.67475e-07 -6.21035e-21  1.85496e-06  2.70666e-20 -3.95895e-06 -8.61482e-20  6.46145e-06  2.20225e-19 -7.88195e-06  -4.6942e-19  6.76837e-06   8.4869e-19 -3.41446e-06 -1.30864e-18  1.02227e-07  1.71461e-18  1.11543e-06 -1.88491e-18 -5.07699e-07  1.69682e-18 -2.05378e-07 -1.19127e-18  1.98731e-07  5.69637e-19  4.03512e-08 -6.43041e-20  -5.8487e-08 -2.01798e-19 -1.37004e-08  2.47618e-19  1.41379e-08 -1.68716e-19  5.72665e-09  6.35303e-20 -2.26591e-09  5.08915e-21 -1.88874e-09 -2.22456e-20 -3.32168e-11   1.0395e-20  3.85909e-10  1.69717e-21  1.37959e-10 -3.61698e-21  -2.2458e-11  9.27506e-22  -3.3014e-11  3.55131e-22 -9.35599e-12 -4.72023e-23  1.33638e-12 -1.85368e-22  1.92532e-12  7.12794e-23  6.32991e-13  6.64224e-24   2.6128e-14  3.80488e-25 -6.31495e-14 -3.86562e-24 -2.97306e-14 -1.39601e-25 -6.25292e-15  3.63561e-25  1.15184e-16 -1.20886e-25  5.69854e-16  1.72066e-25  2.19319e-16 -2.13699e-26  4.62076e-17 -3.19994e-26  3.83056e-18   3.5785e-27 -1.18007e-18  4.87705e-27 -6.04717e-19  1.27487e-28 -1.50822e-19 -8.40919e-28 -2.46383e-20  -1.8701e-28 -2.31127e-21  1.17085e-28  7.27473e-23   3.1913e-29  7.90993e-23 -7.67234e-30  1.82535e-23    -3.79e-30  2.77302e-24 -3.08841e-31  3.09222e-25  1.45123e-31  2.47609e-26  4.97623e-32  1.14356e-27   7.0229e-33 -2.57909e-29 -6.82119e-35 -1.10578e-29 -3.52748e-34 -1.21572e-30 -8.79113e-35 -8.56422e-32  -1.0879e-35 -4.25072e-33 -8.49421e-37 -1.47576e-34 -4.57538e-38 -3.35144e-36  -1.4748e-39  -4.2337e-38 -2.04427e-41 -1.70821e-40
-5.63592e-12  2.85365e-24  2.17077e-10 -3.14077e-23 -3.21116e-09  1.68576e-22   2.8111e-08 -5.18512e-22  -1.6745e-07  6.80008e-22  7.25676e-07  2.19555e-21 -2.37102e-06 -1.81185e-20   5.9447e-06  7.21072e-20 -1.14822e-05 -2.11074e-19  1.69038e-05  4.99223e-19 -1.83462e-05 -9.90459e-19  1.34672e-05  1.67685e-18 -4.87375e-06 -2.43366e-18 -1.49108e-06  3.01036e-18  2.45222e-06 -3.12531e-18 -4.46339e-07  2.65115e-18 -6.70689e-07 -1.74731e-18  2.52233e-07  7.80588e-19   1.8064e-07 -7.71377e-20  -7.3576e-08 -2.57136e-19 -5.46556e-08  3.05832e-19  1.28547e-08 -2.08324e-19  1.61156e-08  8.00282e-20  4.25646e-10  5.31361e-21  -3.6112e-09  -2.6672e-20 -1.15598e-09  1.13042e-20  3.77425e-10  3.46147e-21  3.59751e-10 -4.74516e-21  6.32361e-11  7.64441e-22 -3.84471e-11  6.95312e-22 -2.58888e-11  -6.0765e-23 -4.78668e-12 -2.55029e-22  1.70629e-12  7.86902e-23  1.36877e-12  8.55902e-24  3.75052e-13  6.77179e-24   3.5161e-15 -4.56809e-24 -3.82302e-14  -1.6492e-24 -1.64732e-14  3.34469e-25 -3.44206e-15  6.78609e-26 -6.57096e-17  1.97658e-25  2.27322e-16 -4.06729e-26  9.22014e-17 -3.20991e-26  2.08657e-17   6.8331e-27  2.57742e-18  5.06032e-27 -1.04325e-19 -1.86482e-28 -1.43222e-19 -1.06708e-27 -4.10675e-20 -1.81958e-28 -7.54714e-21  1.46812e-28 -9.54396e-22  3.30472e-29 -6.72608e-23 -1.10271e-29  3.26821e-24 -4.67122e-30  1.90125e-24 -2.70026e-31  3.45337e-25  1.86774e-31  4.23646e-26  5.30452e-32   3.8733e-27  6.37668e-33  2.64256e-28 -2.90233e-34  1.24728e-29 -3.66716e-34  2.80972e-31 -8.16819e-35 -1.11452e-32 -9.39283e-36 -1.40816e-33 -6.75648e-37  -6.7395e-35 -3.19213e-38 -1.78206e-36  -8.4419e-40 -2.26345e-38 -7.73814e-42
-1.09799e-24 -7.03687e-11  2.25155e-23  1.55236e-09 -1.70662e-22 -1.76175e-08  7.30497e-22  1.28847e-07 -1.90608e-21 -6.67475e-07  2.19555e-21  2.57216e-06  6.36183e-21 -7.56882e-06 -4.77442e-20     1.72e-05  1.74162e-19 -3.01333e-05 -4.69727e-19  3.99813e-05  1.02868e-18 -3.83395e-05  -1.9009e-18  2.33777e-05  3.01722e-18 -4.56677e-06 -4.12838e-18 -5.48306e-06  4.82752e-18  4.18324e-06 -4.73263e-18  3.78061e-07  3.77343e-18 -1.44085e-06 -2.32216e-18  8.55823e-08   9.6288e-19  4.27252e-07  -8.4808e-20 -1.73605e-08 -2.90355e-19 -1.19571e-07  3.42701e-19 -1.20681e-08 -2.41079e-19    2.797e-08  9.79272e-20  9.44988e-09   3.8303e-21 -3.85326e-09 -3.05773e-20 -3.23876e-09  1.18605e-20 -2.85912e-10  5.60159e-21   5.3019e-10 -5.97675e-21  2.53531e-10  4.98791e-22  8.45932e-12  1.08412e-21  -3.7709e-11 -4.94806e-23 -1.70676e-11 -3.22159e-22 -1.92519e-12  6.67748e-23  1.41742e-12  1.10727e-23  8.45303e-13  1.75185e-23  2.04082e-13 -4.84645e-24 -3.31691e-16  -3.7218e-24 -1.94796e-14  1.86724e-25 -8.03832e-15  2.75361e-25 -1.72477e-15  1.99181e-25 -1.08316e-16 -5.60213e-26  6.92262e-17 -2.29555e-26  3.18199e-17  1.08018e-26   7.7516e-18  4.60893e-27  1.18642e-18 -6.24506e-28  7.29122e-20 -1.25939e-27 -1.93846e-20  -1.6396e-28 -7.85824e-21  1.67146e-28 -1.62713e-21  2.95416e-29 -2.35736e-22  -1.4968e-29 -2.43933e-23 -5.44602e-30  -1.5156e-24 -2.02957e-31   2.2282e-26  2.17409e-31  2.02782e-26  5.17416e-32  3.06199e-27  4.93546e-33  2.98361e-28 -5.34776e-34  2.12292e-29 -3.52484e-34  1.12006e-30 -6.90025e-35  4.24129e-32 -7.22489e-36  1.05072e-33 -4.65146e-37  1.28927e-35 -1.84566e-38 -3.89467e-38 -3.59435e-40 -1.80734e-39
 1.44634e-11 -1.18178e-23  -5.8218e-10  1.35983e-22  9.01631e-09 -7.78166e-22 -8.28066e-08    2.752e-21  5.18736e-07 -6.21035e-21 -2.37102e-06  6.36183e-21  8.20026e-06  1.66852e-20 -2.18654e-05 -1.14501e-19  4.52061e-05  3.83932e-19 -7.19346e-05 -9.54873e-19  8.58306e-05  1.93589e-18 -7.19329e-05 -3.33217e-18  3.46026e-05  4.96419e-18  9.14706e-07 -6.41639e-18 -1.29064e-05  7.10436e-18  5.29556e-06 -6.57389e-18  2.66762e-06  4.90649e-18 -2.26671e-06 -2.79507e-18 -5.71731e-07  1.06568e-18  6.99271e-07 -9.13724e-20  1.91193e-07  -2.8152e-19 -1.73866e-07  3.46866e-19  -7.7658e-08 -2.64988e-19  2.79643e-08  1.17916e-19  2.55842e-08  2.52838e-22  8.87153e-10 -3.41018e-20 -5.26513e-09    1.245e-20 -1.99369e-09  7.85385e-21  2.87071e-10 -7.24482e-21  4.74391e-10  1.29023e-22  1.41676e-10  1.50123e-21  -1.7298e-11   4.9396e-24 -2.85069e-11 -3.81215e-22 -9.82733e-12  2.84023e-23 -5.69142e-13  1.32789e-23  9.26056e-13  3.26833e-23  4.61529e-13 -4.16906e-24  1.03529e-13 -6.03302e-24  9.71078e-16 -1.02836e-25 -8.29471e-15   4.1264e-25 -3.41438e-15  1.52623e-25 -7.66113e-16  -6.1037e-26  -7.9195e-17 -1.59712e-27  1.34384e-17  1.55621e-26   8.6005e-18  3.71323e-27  2.29225e-18 -1.05528e-27  4.00117e-19 -1.38381e-27  4.38773e-20 -1.45755e-28  8.57544e-22  1.70016e-28 -8.62031e-22  2.03052e-29   -2.306e-22  -1.9303e-29 -3.72052e-23 -6.05688e-30 -4.36613e-24 -1.34949e-31 -3.79229e-25  2.27899e-31 -2.23258e-26  4.55645e-32 -4.85615e-28  2.98288e-33  6.65147e-29 -7.36649e-34  9.68728e-30    -3.12e-34  7.16862e-31 -5.28761e-35  3.50556e-32 -4.93141e-36  1.15098e-33 -2.74912e-37  2.34924e-35  -8.6311e-39  2.36976e-37 -9.99106e-41
 3.95614e-24  1.59785e-10 -8.45562e-23 -3.69584e-09  6.69145e-22  4.40605e-08 -3.04974e-21 -3.39245e-07  9.14064e-21  1.85496e-06 -1.81185e-20 -7.56882e-06  1.66852e-20   2.3677e-05  3.99115e-20  -5.7505e-05 -2.51634e-19  0.000108491  7.77091e-19 -0.000156882 -1.78171e-18  0.000167668  3.33964e-18 -0.000120724  -5.3507e-18  4.10994e-05   7.4904e-18  1.64875e-05 -9.16968e-18 -2.35384e-05  9.63424e-18  3.61419e-06 -8.40738e-18  6.90042e-06  5.83518e-18 -2.40706e-06 -3.03282e-18 -1.93953e-06  1.04764e-18   7.4466e-07 -1.07684e-19  6.01886e-07 -2.14372e-19 -1.34016e-07  3.13519e-19 -1.81843e-07 -2.80637e-19 -6.19619e-09  1.40357e-19  4.19246e-08 -5.41935e-21  1.38417e-08 -3.74628e-20 -4.49812e-09  1.35339e-20 -4.40938e-09  9.96642e-21 -7.94846e-10 -8.52381e-21  4.81966e-10 -3.55444e-22  3.31394e-10  1.93555e-21  6.29871e-11  1.24267e-22 -2.18452e-11 -4.28256e-22 -1.80649e-11 -4.09167e-23 -5.08975e-12  1.30409e-23 -1.01322e-13  5.12751e-23  5.02576e-13 -1.85102e-24   2.2428e-13 -7.99588e-24  4.89982e-14 -5.10759e-25  1.84534e-15  3.70224e-25  -2.8722e-15  2.86338e-26 -1.23682e-15 -5.30052e-26 -2.92657e-16  3.21962e-26 -3.98685e-17   2.1283e-26  7.00241e-21  2.94679e-27  1.65377e-18 -1.23943e-27  5.15001e-19 -1.40812e-27  9.92543e-20 -1.43891e-28  1.33814e-20  1.49188e-28  1.13851e-21  5.07397e-30  8.70749e-24 -2.37565e-29 -1.67965e-23 -6.49005e-30 -3.48734e-24 -9.92716e-32 -4.47949e-25  2.12948e-31 -4.21461e-26  3.53763e-32 -2.98317e-27  9.36289e-34  -1.5375e-28  -8.4331e-34 -5.05627e-30 -2.53173e-34 -4.29785e-32 -3.66028e-35  5.32804e-33  -2.9655e-36  3.01465e-34 -1.37308e-37  7.08437e-36 -3.09644e-39  5.66415e-38
-2.77642e-11  3.88957e-23  1.17418e-09 -4.65806e-22 -1.91382e-08  2.77911e-21  1.85344e-07 -1.04507e-20 -1.22716e-06  2.70666e-20   5.9447e-06 -4.77442e-20 -2.18654e-05  3.99115e-20  6.22806e-05  8.76882e-20 -0.000138389 -5.10019e-19  0.000238809  1.45207e-18 -0.000313663 -3.06429e-18   0.00029837  5.29537e-18 -0.000179468 -7.88391e-18   3.1239e-05  1.03845e-17  4.69524e-05 -1.20852e-17 -3.43315e-05  1.20858e-17 -3.97981e-06 -9.93148e-18  1.25826e-05  6.34106e-18 -6.17332e-07 -2.92949e-18 -3.89829e-06  8.92911e-19  1.45909e-07 -1.49382e-19   1.1349e-06 -8.27306e-20  1.14383e-07  2.46516e-19 -2.77322e-07 -2.89968e-19 -9.35749e-08  1.64451e-19  4.05261e-08 -1.29382e-20   3.3671e-08 -4.07875e-20  2.71355e-09   1.5575e-20 -5.81529e-09  1.17939e-20 -2.75207e-09 -9.86136e-21 -6.78138e-11 -9.83591e-22  4.31379e-10  2.38474e-21  1.94004e-10  3.33264e-22  2.13336e-11 -4.58935e-22 -1.67526e-11  -1.4196e-22  -9.9698e-12   6.6081e-24 -2.43051e-12  7.11124e-23 -5.44453e-15  2.82432e-24  2.30272e-13 -8.82252e-24  9.67242e-14 -9.43762e-25  2.13192e-14  5.13624e-26   1.5773e-15 -2.00629e-25 -7.56712e-16 -3.64809e-26  -3.7026e-16  7.44878e-26 -9.31049e-17  2.80563e-26 -1.49741e-17  3.18174e-27 -1.16079e-18 -8.72507e-28  1.60346e-19 -1.30659e-27  8.05143e-20  -1.7191e-28  1.75256e-20  1.02779e-28  2.63003e-21 -1.52421e-29  2.87092e-22 -2.79767e-29  2.08941e-23 -6.76458e-30  4.59656e-25 -1.20674e-31 -1.28539e-25  1.73695e-31  -2.3334e-26  2.30516e-32 -2.36232e-27 -7.90853e-34 -1.68395e-28 -8.34707e-34 -8.77026e-30 -1.87382e-34 -3.26787e-31 -2.27474e-35  -8.1235e-33  -1.5532e-36 -1.14315e-34 -5.63288e-38 -5.54257e-37  -7.4154e-40
-1.14244e-23 -2.71919e-10  2.55448e-22  6.63688e-09 -2.10092e-21 -8.36331e-08  9.96799e-21  6.81998e-07 -3.17203e-20 -3.95895e-06  7.21072e-20     1.72e-05 -1.14501e-19  -5.7505e-05  8.76882e-20   0.00015001  1.78146e-19 -0.000306116 -9.59268e-19  0.000483982  2.51802e-18 -0.000576473 -4.87521e-18  0.000483327  7.72975e-18 -0.000231078 -1.06612e-17 -1.14732e-05  1.32361e-17  9.35934e-05 -1.47251e-17 -3.81996e-05  1.40795e-17 -2.03138e-05 -1.08682e-17  1.74399e-05   6.2683e-18  4.43067e-06 -2.44269e-18 -5.66329e-06  6.19733e-19 -1.50971e-06 -2.31579e-19  1.48879e-06  1.04769e-19  6.44591e-07  1.57674e-19 -2.60125e-07 -2.94126e-19 -2.25896e-07  1.87873e-19 -2.96838e-09 -2.22032e-20  4.99023e-08  -4.4061e-20  1.80397e-08  1.90316e-20 -3.27298e-09  1.33661e-20 -4.68363e-09 -1.13777e-20  -1.3381e-09 -1.81194e-21  2.08165e-10    2.846e-21  2.95013e-10  6.57731e-22  9.90395e-11 -4.64995e-22   4.6025e-12 -2.71146e-22 -1.00128e-11 -1.13301e-23 -4.88699e-12  8.89207e-23 -1.08869e-12  1.03917e-23 -7.96035e-15 -7.66732e-24  8.86603e-14 -1.22849e-24  3.65805e-14 -5.88729e-25  8.30963e-15 -5.51866e-25  9.09563e-16 -2.46479e-26 -1.22695e-16  1.16953e-25 -8.70557e-17  3.56523e-26 -2.37723e-17  5.33002e-27 -4.25819e-18  3.18227e-28 -4.97664e-19 -1.06712e-27 -2.01042e-20 -2.34038e-28  6.63814e-21  3.47464e-29  2.01075e-21 -3.84775e-29  3.35487e-22 -3.15502e-29  4.01999e-23  -6.9029e-30   3.6021e-24 -2.02635e-31  2.31106e-25  1.18017e-31  8.38471e-27  1.09365e-32 -1.60284e-28 -1.91951e-33 -4.88784e-29 -7.27338e-34 -3.84196e-30 -1.25751e-34  -1.8125e-31 -1.25793e-35 -5.39837e-33 -6.95789e-37 -9.13654e-35 -1.79517e-38 -5.77855e-37
 3.95536e-11 -1.03691e-22 -1.77188e-09    1.297e-21  3.06324e-08 -8.03012e-21 -3.15167e-07  3.13822e-20  2.22125e-06 -8.61482e-20 -1.14822e-05  1.74162e-19  4.52061e-05 -2.51634e-19 -0.000138389  1.78146e-19  0.000332332  3.36859e-19 -0.000624859 -1.68449e-18  0.000906083  4.07278e-18 -0.000975774 -7.19798e-18  0.000710256  1.03911e-17 -0.000243628 -1.32072e-17 -0.000103929  1.54948e-17  0.000149736 -1.66213e-17 -2.44146e-05  1.52983e-17 -4.56481e-05 -1.10493e-17  1.71487e-05  5.57381e-18  1.32234e-05 -1.61088e-18 -5.67074e-06  2.78114e-19 -4.28156e-06 -3.62207e-19  1.14811e-06  3.23467e-19  1.37606e-06  6.34223e-20  9.77587e-11 -2.91441e-19 -3.43616e-07  2.07277e-19 -1.02994e-07 -3.37507e-20  4.27843e-08 -4.72483e-20  3.71415e-08  2.43767e-20  5.69659e-09  1.49188e-20 -4.64182e-09 -1.32215e-20 -2.92582e-09 -2.92867e-21 -4.95815e-10  3.30072e-21  2.26448e-10  1.12014e-21  1.69118e-10 -4.31233e-22  4.54712e-11 -4.20332e-22  -5.5599e-14 -4.68624e-23 -4.97914e-12  1.00702e-22 -2.14464e-12  2.09401e-23  -4.5908e-13  -3.8259e-24 -1.46251e-14 -1.12452e-24  2.79789e-14 -1.51196e-24  1.18801e-14 -1.02114e-24  2.81195e-15 -3.69716e-26   3.9061e-16   1.4832e-25  4.25944e-18  4.33463e-26 -1.44722e-17   9.9883e-27 -4.62721e-18  2.45243e-27 -9.03514e-19 -7.00265e-28 -1.24514e-19 -3.22733e-28 -1.13767e-20 -4.54942e-29  -3.2785e-22 -6.15266e-29  1.06452e-22 -3.40401e-29  2.48736e-23 -6.90259e-30  3.26602e-24 -3.23662e-31  3.07999e-25  5.80857e-32  2.17984e-26  1.10909e-33  1.14026e-27 -2.37404e-33  4.08876e-29 -5.62529e-34  7.66486e-31   -7.596e-35 -7.13987e-33 -6.11114e-36 -7.96446e-34 -2.58646e-37 -1.58217e-35 -3.85951e-39
 2.67121e-23  3.40785e-10 -6.30822e-22 -8.86779e-09  5.41047e-21  1.19265e-07  -2.6596e-20 -1.03949e-06  8.77825e-20  6.46145e-06 -2.11074e-19 -3.01333e-05  3.83932e-19  0.000108491 -5.10019e-19 -0.000306116  3.36859e-19  0.000679902   5.9672e-19  -0.00118122 -2.77838e-18   0.00157149  6.17562e-18   -0.0015227 -9.89049e-18  0.000939281  1.28476e-17 -0.000172834 -1.49142e-17 -0.000254928   1.6603e-17  0.000197342 -1.74143e-17  1.83153e-05  1.55886e-17 -7.51249e-05 -1.04684e-17  6.27256e-06  4.33972e-18  2.42576e-05 -5.45145e-19 -1.95546e-06 -6.19035e-20 -7.48076e-06 -5.36855e-19 -4.25119e-07  5.35703e-19  1.98435e-06 -2.00499e-20  5.76964e-07 -2.76535e-19 -3.35109e-07   2.1961e-19 -2.40855e-07 -4.90453e-20 -8.05301e-09 -5.05456e-20  4.75861e-08  3.20637e-20  2.02292e-08  1.68782e-20 -5.04284e-10 -1.54903e-20 -3.70096e-09 -4.44584e-21  -1.5234e-09  3.70058e-21  -1.1997e-10  1.73297e-21  1.56295e-10 -3.35375e-22  8.46882e-11 -5.77191e-22  1.93106e-11 -1.05331e-22 -5.41062e-13  1.02358e-22 -2.10221e-12  3.38919e-23 -8.40863e-13  3.06124e-24 -1.79856e-13 -3.65912e-25 -1.20228e-14 -2.58876e-24  6.81186e-15 -1.57807e-24  3.20957e-15   -9.319e-26  7.98463e-16  1.57336e-25  1.28576e-16  4.99582e-26  1.04568e-17  1.71297e-26 -1.13725e-18  5.40287e-27 -6.23537e-19 -2.45557e-28 -1.36999e-19 -4.21377e-28 -2.06456e-20 -1.25412e-28 -2.28357e-21 -8.10231e-29 -1.75563e-22 -3.50594e-29 -6.27728e-24  -6.7294e-30  5.67664e-25 -4.45457e-31  1.27799e-25  6.14809e-33  1.31644e-26 -5.23338e-33  9.17338e-28 -2.26731e-33  4.57225e-29 -3.87069e-34  1.60038e-30 -4.09054e-35  3.65591e-32 -2.55851e-36  4.59748e-34 -7.53586e-38  1.88423e-36
-4.03616e-11  2.25689e-22  1.94319e-09 -2.97569e-21 -3.61111e-08  1.91835e-20  3.99606e-07 -7.75335e-20 -3.03232e-06  2.20225e-19  1.69038e-05 -4.69727e-19 -7.19346e-05  7.77091e-19  0.000238809 -9.59268e-19 -0.000624859   5.9672e-19   0.00128918  9.96533e-19  -0.00207462 -4.32978e-18   0.00253121  8.82352e-18  -0.00219042  -1.2681e-17   0.00109879  1.45561e-17  2.74752e-05 -1.51898e-17 -0.000454824   1.6161e-17  0.000207476 -1.69698e-17  9.61373e-05  1.50088e-17 -9.74436e-05 -9.27613e-18  -1.9355e-05  2.74309e-18  3.33268e-05  6.00116e-19  6.88423e-06 -3.25896e-19 -9.49793e-06 -7.37255e-19 -3.42284e-06  6.97336e-19  1.92644e-06 -8.16014e-20  1.37895e-06 -2.41039e-19 -7.89385e-08  2.23687e-19 -3.49925e-07  -7.0305e-20 -1.06757e-07 -5.46159e-20  3.23692e-08  4.23865e-20  3.38517e-08  1.97929e-20  8.21957e-09 -1.81478e-20 -2.22809e-09 -6.47503e-21 -2.27859e-09  3.96406e-21 -6.87603e-10  2.49136e-21  -1.3071e-14 -1.52227e-22   8.5295e-11 -7.26354e-22  3.78601e-11 -1.89447e-22  7.76125e-12  9.04743e-23 -2.19164e-13  4.79382e-23 -7.52355e-13  1.28633e-23 -2.91165e-13  1.27355e-24 -6.37474e-14 -3.61872e-24 -6.52576e-15 -2.16624e-24  1.06916e-15 -2.05463e-25  6.85978e-16  1.36392e-25  1.82995e-16  5.41514e-26  3.24196e-17  2.59864e-26  3.80301e-18  8.77965e-27  1.74552e-19  2.30362e-28 -4.23398e-20  -5.1059e-28 -1.33858e-20 -1.92775e-28 -2.23003e-21 -9.41701e-29  -2.6523e-22 -3.43689e-29  -2.3684e-23 -6.33764e-30 -1.54752e-24 -5.29016e-31 -6.40362e-26 -2.94921e-32 -3.62473e-28 -8.00013e-33  1.74203e-28 -1.82077e-33  1.45394e-29 -2.36487e-34   6.4208e-31 -1.93783e-35  1.65191e-32   -8.948e-37  2.08438e-34  -1.4929e-38
-5.05158e-23 -2.97999e-10   1.2811e-21  8.43485e-09 -1.15622e-20 -1.23269e-07  5.90881e-20  1.16702e-06 -2.01272e-19 -7.88195e-06  4.99223e-19  3.99813e-05 -9.54873e-19 -0.000156882  1.45207e-18  0.000483982 -1.68449e-18  -0.00118122  9.96533e-19    0.0022731  1.57832e-18  -0.00339546  -6.4104e-18   0.00379424  1.19395e-17  -0.00289953   -1.521e-17   0.00109275  1.49967e-17   0.00038762 -1.36397e-17 -0.000667858  1.40639e-17  0.000146697 -1.54257e-17  0.000203497  1.38053e-17 -9.63392e-05 -7.72114e-18 -5.94091e-05  9.96444e-19  3.40007e-05  1.66488e-18  2.04092e-05 -4.48766e-19 -8.12818e-06 -9.33733e-19  -7.2947e-06  7.66062e-19  6.43913e-07  -1.1849e-19   2.0833e-06 -1.75804e-19  4.73732e-07  2.21322e-19  -3.2804e-07 -9.97855e-20 -2.24776e-07 -6.06395e-20 -1.98843e-08  5.52644e-20  3.53998e-08  2.42108e-20  1.86587e-08 -2.09784e-20  2.20346e-09 -9.08946e-21  -1.9265e-09  3.98955e-21 -1.18255e-09  3.36816e-21 -2.77829e-10  1.38541e-22  1.87579e-11 -8.51424e-22  3.91329e-11 -2.97736e-22  1.52571e-11  6.30896e-23  2.97908e-12  6.12053e-23 -8.72538e-15  2.49226e-23  -2.2372e-13  3.90729e-24 -8.72133e-14 -4.37642e-24 -1.97694e-14 -2.71072e-24 -2.61134e-15 -3.71643e-25  3.51046e-18  8.45048e-26  1.05023e-16  5.48983e-26  3.21199e-17  3.51946e-26  6.13188e-18  1.20133e-26   8.3375e-19  6.46996e-28  7.64964e-20   -5.748e-28   2.6626e-21 -2.38772e-28 -5.63411e-22 -9.94158e-29 -1.37595e-22 -3.19651e-29 -1.78484e-23 -5.70524e-30 -1.64232e-24 -5.50259e-31 -1.12859e-25 -4.65035e-32 -5.73921e-27 -7.99107e-33   -2.039e-28 -1.26533e-33 -4.29206e-30 -1.27514e-34 -1.87323e-32 -7.91892e-36  1.29371e-33 -2.46731e-37  1.87733e-35
 2.66531e-11 -4.00127e-22 -1.42753e-09  5.65031e-21  2.93658e-08 -3.82701e-20 -3.58459e-07  1.60541e-19  2.99367e-06  -4.6942e-19 -1.83462e-05  1.02868e-18  8.58306e-05 -1.78171e-18 -0.000313663  2.51802e-18  0.000906083 -2.77838e-18  -0.00207462  1.57832e-18   0.00373867  2.38299e-18  -0.00519322 -9.05974e-18   0.00530187  1.53761e-17   -0.0035166 -1.71141e-17  0.000821814  1.38381e-17  0.000902166 -1.02164e-17 -0.000832435  1.05488e-17 -1.10332e-05 -1.31491e-17  0.000318911  1.23309e-17 -5.54946e-05 -6.06498e-18 -0.000106472 -7.16272e-19  1.96643e-05  2.51527e-18  3.53871e-05  -3.8318e-19 -1.47111e-06 -1.09029e-18   -1.058e-05  7.09596e-19 -2.09025e-06 -1.37359e-19  2.18792e-06 -7.39575e-20  1.21365e-06  2.17364e-19 -8.51413e-08 -1.38722e-19 -2.98444e-07 -7.00651e-20 -1.02168e-07  7.00577e-20  1.44565e-08  3.05177e-20  2.45257e-08 -2.36137e-20  8.48291e-09 -1.22844e-20  5.83683e-11  3.68376e-21 -1.17201e-09  4.31406e-21 -5.39113e-10  5.43697e-22 -1.04028e-10 -9.37632e-22  1.18978e-11 -4.23993e-22  1.54012e-11  2.02668e-23  5.53753e-12  7.16424e-23  1.07935e-12  3.81434e-23  4.05047e-14  7.47851e-24 -5.27401e-14  -4.6678e-24 -2.19097e-14 -3.13071e-24 -5.17416e-15  -5.7254e-25 -7.96826e-16  8.47408e-27 -5.92215e-17  5.19166e-26  8.14342e-18   4.3163e-26   3.9286e-18  1.45128e-26  8.30725e-19   9.3191e-28  1.21905e-19 -6.06026e-28  1.32204e-20 -2.59707e-28  1.01195e-21 -9.67414e-29  3.99951e-23 -2.81155e-29 -2.13629e-24 -4.86128e-30 -5.53833e-25 -5.07544e-31 -5.58324e-26 -4.79363e-32 -3.69265e-27 -6.40749e-33 -1.70822e-28 -7.68164e-34 -5.39555e-30 -6.00152e-35 -1.06035e-31 -2.70479e-36 -1.01764e-33 -4.64985e-38
 7.59915e-23  1.54161e-10 -2.13216e-21 -5.03164e-09  2.05652e-20  8.37017e-08 -1.10256e-19 -8.93891e-07  3.89123e-19  6.76837e-06 -9.90459e-19 -3.83395e-05  1.93589e-18  0.000167668 -3.06429e-18 -0.000576473  4.07278e-18   0.00157149 -4.32978e-18  -0.00339546  2.38299e-18   0.00575324  3.44321e-18  -0.00744264 -1.22653e-17   0.00691479  1.89309e-17  -0.00387204 -1.81285e-17  0.000214515  1.10747e-17   0.00151617 -5.26893e-18 -0.000872465  6.12836e-18 -0.000270513  -1.0627e-17  0.000406224  1.09453e-17   3.4215e-05 -4.50407e-18 -0.000145767 -2.28465e-18 -1.33114e-05  3.06054e-18  4.58905e-05 -1.03064e-19  1.08573e-05 -1.17045e-18 -1.11954e-05  5.12211e-19 -5.83428e-06 -1.52546e-19  1.21095e-06  6.60951e-20  1.84428e-06  2.18469e-19  3.88754e-07 -1.86356e-19 -2.50733e-07  -8.4087e-20   -1.824e-07    8.555e-20 -3.04572e-08  3.87806e-20  1.87747e-08 -2.56319e-20   1.3429e-08 -1.59526e-20  3.28348e-09  2.99582e-21 -3.59946e-10  5.26369e-21 -5.80947e-10  1.05034e-21 -2.21032e-10 -9.74621e-22 -3.74167e-11 -5.58094e-22   4.6802e-12 -3.57026e-23  5.19993e-12  7.75191e-23  1.79025e-12  5.11836e-23  3.58322e-13  1.17406e-23   2.8567e-14 -4.37825e-24  -8.7607e-15  -3.3544e-24 -4.40701e-15 -7.74658e-25 -1.09833e-15 -7.83496e-26 -1.85715e-16  4.58724e-26 -2.07173e-17  4.85265e-26 -8.10729e-19   1.5838e-26  2.49783e-19   1.0431e-27  7.26858e-20  -6.0386e-28  1.16064e-20 -2.56906e-28  1.33193e-21 -8.74973e-29  1.15121e-22 -2.33149e-29  7.33355e-24 -3.88881e-30  3.06452e-25 -4.18592e-31  3.91928e-27 -3.97723e-32 -4.99162e-28 -4.35737e-33   -4.211e-29 -4.07218e-34 -1.65953e-30 -2.42141e-35 -3.43974e-32 -7.28493e-37 -2.59522e-34
-7.33848e-12  5.68269e-22  5.21315e-10  -8.8392e-21 -1.33342e-08  6.38649e-20  1.94993e-07 -2.80679e-19 -1.90608e-06   8.4869e-19  1.34672e-05  -1.9009e-18 -7.19329e-05  3.33964e-18   0.00029837 -4.87521e-18 -0.000975774  6.17562e-18   0.00253121  -6.4104e-18  -0.00519322  3.44321e-18   0.00830779  4.77143e-18   -0.0100214  -1.5935e-17   0.00842287   2.2364e-17  -0.00379671 -1.81748e-17 -0.000741343  7.07887e-18   0.00212558  5.38217e-19 -0.000718289   1.4346e-18 -0.000605291 -8.33968e-18  0.000422647  9.93558e-18  0.000167881 -3.12498e-18 -0.000158252 -3.68461e-18 -6.25048e-05  3.25411e-18  4.48261e-05  3.95182e-19  2.67615e-05 -1.14255e-18 -7.21132e-06  1.78764e-19 -9.36338e-06 -1.82013e-19  -1.0193e-06  2.38642e-19  1.95646e-06  2.30869e-19  9.72261e-07 -2.39527e-19 -3.39296e-08 -1.03013e-19 -2.10957e-07  1.00171e-19 -8.58439e-08  4.86512e-20 -1.73463e-09 -2.66985e-20  1.30326e-08 -1.98871e-20  6.25506e-09  1.94295e-21  1.11203e-09  6.14627e-21 -2.66355e-10  1.62496e-21 -2.46243e-10 -9.58675e-22  -8.2482e-11 -6.87973e-22 -1.32216e-11 -1.00524e-22  1.22879e-12  7.78662e-23  1.48288e-12  6.26931e-23  5.05018e-13  1.62869e-23  1.04915e-13 -3.49692e-24  1.20369e-14 -3.33226e-24 -5.70115e-16 -9.37878e-25 -6.53002e-16  -1.5937e-25 -1.79741e-16  3.82429e-26 -3.24281e-17  5.05143e-26 -4.20688e-18  1.58214e-26 -3.66157e-19   9.8199e-28 -1.09506e-20 -5.72856e-28  2.80161e-21 -2.35289e-28  6.29357e-22 -7.39061e-29   7.7325e-23 -1.81737e-29  6.74792e-24 -2.90163e-30  4.38177e-25 -3.10194e-31  2.09422e-26 -2.81152e-32  6.97007e-28 -2.56055e-33  1.40341e-29 -1.87033e-34  9.84072e-32 -8.12346e-36 -1.39441e-33 -1.34066e-37
-8.64889e-23  -1.0707e-11  2.85912e-21  9.47567e-10 -3.02743e-20 -2.48731e-08  1.72878e-19  3.58712e-07 -6.38429e-19 -3.41446e-06  1.67685e-18  2.33777e-05 -3.33217e-18 -0.000120724  5.29537e-18  0.000483327 -7.19798e-18   -0.0015227  8.82352e-18   0.00379424 -9.05974e-18  -0.00744264  4.77143e-18     0.011291  6.34176e-18   -0.0127119 -1.98629e-17   0.00958082  2.54144e-17  -0.00316795 -1.74039e-17  -0.00197965  2.53832e-18   0.00259502  6.41803e-18  -0.00033081 -2.96603e-18 -0.000956791 -6.66613e-18  0.000331863  9.47849e-18  0.000323388   -1.901e-18 -0.000126626 -4.95921e-18 -0.000118037   3.0846e-18  2.66077e-05  1.09117e-18  4.15593e-05 -9.84464e-19  2.12473e-06 -2.64312e-19 -1.09355e-05 -2.41706e-19 -4.12188e-06  4.30385e-19  1.20495e-06   2.5785e-19  1.41915e-06 -2.93117e-19  3.26397e-07 -1.25792e-19 -1.43631e-07  1.12419e-19 -1.24771e-07  5.93817e-20 -3.21936e-08 -2.66882e-20  4.89329e-09 -2.38124e-20   6.9578e-09  6.16651e-22  2.57808e-09  6.89698e-21    3.438e-10  2.21797e-21  -1.2731e-10  -8.9387e-22 -9.07935e-11 -8.02159e-22 -2.80373e-11  -1.6853e-22 -4.54799e-12   7.2698e-23  1.48137e-13   7.1535e-23  3.45056e-13  2.06257e-23  1.20638e-13 -2.11194e-24  2.60409e-14 -3.04615e-24  3.63744e-15 -1.02572e-24  1.96276e-16 -2.19049e-25 -5.63594e-17   3.0876e-26 -2.08455e-17  4.91046e-26 -4.06254e-18  1.45933e-26 -5.63677e-19  7.91065e-28 -5.81297e-20 -5.19536e-28 -4.21963e-21 -2.01467e-28  -1.5438e-22 -5.84431e-29  8.78803e-24 -1.32762e-29  2.04088e-24 -2.00872e-30  1.90345e-25 -2.06983e-31  1.15364e-26  -1.7291e-32  4.78989e-28  -1.3052e-33  1.30768e-29 -7.32323e-35  2.04955e-31  -2.1395e-36  1.18324e-33
