 2.14018e-35 -2.76553e-52  -2.2502e-35  1.90661e-51  4.39905e-36  1.01835e-51  -5.2126e-36 -7.43135e-51  2.57123e-36 -8.51099e-51  2.35452e-36 -7.92197e-51  6.99688e-38 -1.24759e-51 -2.82278e-36  2.04322e-51  7.49941e-37  6.01794e-51   9.1424e-37 -8.49577e-51 -6.15444e-37 -4.42896e-50  8.82508e-38  4.70715e-50  1.17664e-37  1.02218e-49  9.29095e-39 -7.53345e-49 -7.35775e-38 -4.33906e-49 -4.09185e-39 -2.71935e-48  3.23226e-38 -9.13437e-48 -1.46833e-38  -2.2904e-47  6.35106e-39 -1.58087e-47 -2.64048e-39  2.03162e-47  -6.8999e-40  1.04201e-47   1.4512e-40 -1.45287e-46  3.89229e-40 -4.73756e-46  1.50492e-40 -6.11836e-46 -2.01254e-40 -5.04028e-46  3.77378e-41 -4.40479e-46   5.4401e-42 -1.99081e-46  -1.5178e-41 -5.75666e-46  2.54828e-42 -9.24316e-46  4.43967e-42 -3.13399e-46 -1.83949e-42 -1.84097e-46  1.67719e-43  3.21957e-47 -2.74394e-43  6.01905e-47  1.33939e-43 -1.48834e-46 -3.86756e-45 -1.49783e-46 -1.00981e-44 -5.46468e-47  7.82156e-45  6.95115e-48 -5.09234e-45 -6.30253e-48  2.07306e-45 -8.15354e-48 -5.98046e-46 -1.34022e-47  5.59552e-47 -3.60049e-48  1.96879e-47  3.02403e-48 -2.65782e-47 -3.50245e-48  8.41029e-47   6.3425e-48 -1.57874e-46 -1.12524e-47  2.83617e-46  1.84864e-47 -4.75179e-46  -2.8203e-47  7.40882e-46  3.97614e-47 -1.06755e-45 -5.16969e-47  1.41516e-45  6.17208e-47 -1.71493e-45 -6.73482e-47  1.88638e-45  6.67927e-47 -1.86841e-45 -5.98076e-47  1.65163e-45  4.79636e-47 -1.29008e-45 -3.41099e-47  8.80235e-46   2.1243e-47 -5.17408e-46 -1.13989e-47  2.57348e-46  5.15641e-48 -1.05649e-46 -1.90722e-48  3.45089e-47  5.51058e-49 -8.46286e-48 -1.15383e-49  1.40606e-48  1.51191e-50 -1.25406e-49  -7.9943e-52
-2.76553e-52  4.86377e-35  1.98746e-52 -2.81349e-35  6.32355e-51  9.15976e-37  7.47419e-52 -6.66266e-36 -1.88012e-50  4.34867e-36 -2.75654e-50    5.958e-36 -2.79101e-50 -1.31835e-36 -8.68892e-51 -5.52809e-36  2.83247e-51  2.25763e-36  3.16903e-50  1.38531e-36  -1.0828e-49  -1.5554e-36 -5.56768e-49  2.99986e-37  2.84728e-49  3.16014e-37  6.44365e-49  4.33311e-38 -6.77335e-48 -1.83608e-37 -2.57818e-48 -1.57966e-38 -3.35892e-47  8.27566e-38 -9.96058e-47 -3.69069e-38 -2.15969e-46  1.96032e-38 -1.29002e-46 -8.93958e-39   1.0762e-46 -2.62585e-39  -5.9291e-47  6.92448e-40 -1.21661e-45   1.1189e-39 -3.91891e-45  4.62487e-40 -4.77037e-45 -5.20357e-40 -3.87334e-45  6.90057e-41 -3.42389e-45  7.42363e-42 -1.86708e-45 -4.16309e-41 -4.14758e-45  5.19245e-42 -6.08629e-45  1.61137e-41 -2.07057e-45 -6.03733e-42 -1.18678e-45  9.82013e-44  2.12487e-46 -7.07033e-43  3.05848e-46  5.15552e-43 -8.94292e-46 -5.68405e-44 -8.93872e-46 -1.27451e-44  -2.9064e-46  2.46009e-44  6.00139e-47 -1.97652e-44 -3.76088e-47  8.25417e-45  -4.4964e-47 -2.20162e-45 -6.09747e-47   3.4511e-47 -2.32804e-47  2.38566e-46   3.1198e-47 -4.95335e-46  -4.7157e-47  1.12299e-45  8.41778e-47 -2.08409e-45 -1.42763e-46  3.66066e-45  2.24171e-46 -6.01171e-45 -3.26262e-46  9.19175e-45  4.38421e-46 -1.29898e-44  -5.4218e-46  1.68417e-44  6.14385e-46  -1.9863e-44 -6.34808e-46  2.11185e-44  5.94574e-46 -2.00513e-44 -5.01277e-46  1.68354e-44   3.7715e-46 -1.23705e-44 -2.50513e-46  7.86259e-45  1.44878e-46 -4.26134e-45 -7.16206e-47  1.93148e-45  2.95073e-47 -7.11412e-46 -9.76562e-48   2.0355e-46  2.45109e-48 -4.19405e-47 -4.21355e-49  5.36764e-48  3.93369e-50 -2.74921e-49
 -2.2502e-35  1.98746e-52  5.53742e-35  7.30055e-51 -2.11424e-35  1.40637e-50 -1.02178e-35  4.00114e-53  -6.4537e-36 -3.02437e-50  6.80236e-36 -5.76156e-50  1.05981e-35 -6.45615e-50 -4.39839e-36 -4.06014e-50 -7.31691e-36 -3.10397e-50  4.77557e-36  1.52427e-49  7.16426e-37 -9.35181e-49 -2.69914e-36 -4.89584e-48  6.07756e-37  2.62151e-49  6.14716e-37  1.44711e-48  7.90587e-38 -4.24871e-47 -3.12003e-37 -6.47284e-48 -4.22369e-38 -2.65234e-46  1.48995e-37 -7.23523e-46 -6.03853e-38  -1.4437e-45  4.24031e-38 -7.51402e-46 -2.11684e-38  2.14094e-46  -6.5235e-39 -1.18292e-45  2.08961e-39 -7.13668e-45  1.94835e-39 -2.24383e-44  1.08492e-39 -2.56483e-44 -8.41336e-40 -2.05871e-44  3.14836e-41 -1.80106e-44 -1.68634e-41 -1.10367e-44  -7.5012e-41 -2.03584e-44  3.36719e-42 -2.78154e-44  4.23834e-41 -9.46179e-45 -1.31354e-41 -5.33581e-45 -1.53247e-42  9.92752e-46 -1.06069e-42  1.16346e-45  1.45114e-42 -3.72195e-45  -2.5622e-43 -3.73201e-45  3.47149e-44 -1.09422e-45  5.23613e-44  3.11788e-46 -5.44202e-44 -1.44992e-46  2.32715e-44 -1.81251e-46 -5.82261e-45 -1.65066e-46 -5.03622e-46 -1.47333e-46  1.57164e-45  2.54643e-46 -3.37628e-45 -4.26036e-46  7.13315e-45  7.33934e-46 -1.34964e-44 -1.18468e-45  2.44416e-44  1.77025e-45 -4.16879e-44 -2.44653e-45    6.609e-44  3.11596e-45 -9.60594e-44 -3.64401e-45  1.26444e-43  3.89601e-45 -1.49068e-43 -3.78903e-45  1.55827e-43  3.33206e-45 -1.43094e-43 -2.63048e-45  1.14407e-43  1.84752e-45  -7.8927e-44 -1.14125e-45  4.65081e-44  6.10649e-46 -2.30955e-44 -2.77175e-46  9.46824e-45  1.03582e-46 -3.09754e-45 -3.04575e-47  7.63569e-46  6.53621e-48 -1.27877e-46 -8.83543e-49  1.15195e-47  4.84634e-50
 1.90661e-51 -2.81349e-35  7.30055e-51  5.12582e-35  3.27307e-50 -1.44234e-35  2.66998e-50  -2.6307e-35  5.28256e-51 -5.23391e-36 -3.16327e-50   1.0371e-35 -8.83678e-50  1.45964e-35 -1.26538e-49 -8.86779e-36 -2.33686e-49  -6.3521e-36 -3.77289e-49  8.05111e-36  6.17134e-49 -1.61415e-36 -6.47459e-48 -3.70978e-36 -3.42399e-47  8.30164e-37 -1.02538e-47  1.06958e-36 -1.05448e-47  5.49614e-38 -2.14856e-46 -4.26722e-37  2.53228e-47 -8.63137e-38 -1.59417e-45  2.14218e-37 -4.08364e-45 -7.21925e-38 -7.85696e-45   7.6261e-38 -3.61994e-45 -4.03627e-38 -1.11646e-45  -1.2653e-38 -9.28823e-45  4.78242e-39 -3.37618e-44  2.08136e-39 -1.02552e-43   2.1654e-39 -1.09758e-43 -7.96794e-40 -8.72847e-44 -1.91155e-40 -7.41381e-44 -1.20865e-40 -4.91659e-44 -9.16533e-41 -7.85633e-44 -1.23485e-41 -1.01809e-43  9.20691e-41 -3.44653e-44 -2.08068e-41 -1.93457e-44 -7.74902e-42  3.85306e-45 -6.09457e-43  3.91847e-45  3.43204e-42 -1.23915e-44 -7.81632e-43 -1.25523e-44  2.27772e-43 -3.35492e-45  8.42094e-44  1.19577e-45 -1.22301e-43 -3.98883e-46  5.43457e-44 -6.58115e-46  -1.6265e-44 -1.51271e-46  5.68558e-45 -9.26374e-46 -1.12383e-44  1.70136e-45  1.99509e-44 -2.87329e-45 -2.85477e-44  4.70776e-45  2.94731e-44 -7.17436e-45 -4.39304e-45  1.01019e-44 -7.02551e-44 -1.31144e-44  2.12804e-43  1.56422e-44 -4.17819e-43 -1.70786e-44  6.42743e-43   1.6998e-44 -8.15803e-43 -1.53497e-44  8.70221e-43  1.25085e-44 -7.85006e-43 -9.13826e-45  5.99366e-43  5.93541e-45 -3.86581e-43 -3.38903e-45  2.09638e-43  1.67413e-45 -9.46152e-44 -6.98749e-46   3.4782e-44  2.37655e-46 -9.98702e-45 -6.21349e-47  2.07451e-45  1.12549e-47 -2.68261e-46 -1.11672e-48   1.3901e-47
 4.39905e-36  6.32355e-51 -2.11424e-35  3.27307e-50  5.80548e-35  8.46336e-50 -1.31209e-35  4.69449e-50  -4.6623e-35  2.49043e-50 -1.85965e-36 -1.05869e-50  1.49318e-35  -9.8073e-50  1.55737e-35 -3.17936e-49 -1.38782e-35  -1.4798e-48  -1.4743e-36 -2.94049e-48  1.16289e-35  1.56651e-48 -5.40452e-36 -3.80684e-47 -4.21883e-36 -2.01411e-46  6.67711e-37 -1.13708e-46  1.77351e-36 -1.43531e-46 -8.61963e-38 -9.25233e-46   -5.128e-37  4.13696e-46  -1.4402e-37 -7.85777e-45  2.56491e-37 -1.91072e-44  -6.3558e-38 -3.67184e-44  1.23925e-37 -1.52862e-44 -6.52925e-38 -1.34519e-44 -2.10829e-38 -5.09029e-44  9.00935e-39 -1.36166e-43  3.28813e-40 -3.96354e-43  3.78338e-39 -3.96303e-43  2.08811e-40 -3.12717e-43 -7.38776e-40 -2.53414e-43 -3.95025e-40 -1.78001e-43 -4.26004e-41 -2.52508e-43 -5.53048e-41 -3.16408e-43  1.73988e-40 -1.06001e-43 -2.16897e-41 -6.00649e-44  -2.3434e-41  1.32322e-44  1.88949e-42  1.23724e-44   7.1989e-42 -3.49987e-44 -1.91905e-42 -3.59973e-44  7.19196e-43 -8.83847e-45  1.04454e-43  3.65049e-45 -2.51788e-43 -6.79622e-46  1.50803e-43 -2.40373e-45 -1.42154e-43  1.30178e-45  2.52941e-43 -5.01297e-45 -5.06943e-43  8.90169e-45  9.18084e-43 -1.43778e-44 -1.48193e-42  2.18999e-44  2.10066e-42 -3.07669e-44 -2.54027e-42  3.96495e-44  2.47903e-42 -4.67012e-44 -1.66089e-42  5.00534e-44   1.1079e-43 -4.86011e-44  1.75237e-42  4.25769e-44 -3.26267e-42 -3.35448e-44  3.88175e-42  2.37341e-44 -3.52727e-42 -1.50964e-44  2.57319e-42  8.65928e-45 -1.53739e-42 -4.48616e-45   7.5853e-43  2.08202e-45  -3.0809e-43 -8.41407e-46  1.00648e-43  2.79864e-46  -2.5006e-44 -6.97966e-47     4.24e-45  1.10698e-47 -3.86866e-46  -7.1014e-49
 1.01835e-51  9.15976e-37  1.40637e-50 -1.44234e-35  8.46336e-50  8.22323e-35  1.54188e-49 -1.66205e-35  7.36768e-50 -7.01972e-35  5.78255e-50  4.31765e-36  4.91151e-50  2.05891e-35 -6.46815e-50  1.12505e-35 -1.38565e-48 -1.85065e-35 -8.69403e-48  6.71303e-36 -1.88332e-47  1.50358e-35 -1.68437e-48 -9.78939e-36 -1.94624e-46 -3.90949e-36 -1.02767e-45 -1.65754e-37 -7.81165e-46  2.75543e-36 -9.94265e-46 -3.28093e-37   -3.468e-45 -5.88763e-37  3.02585e-45 -2.07301e-37 -3.30975e-44  2.61686e-37 -7.68031e-44 -3.97935e-38  -1.5144e-43  1.91002e-37 -5.81656e-44 -9.12212e-38 -7.99912e-44 -3.23252e-38 -2.21795e-43  1.45515e-38 -4.82024e-43 -4.53054e-39 -1.33643e-42  5.86445e-39  -1.2461e-42  2.87666e-39 -9.76502e-43 -1.72531e-39 -7.42602e-43 -9.60147e-40 -5.45705e-43  1.53007e-40  -6.9665e-43  -1.4203e-40 -8.62139e-43  2.94399e-40 -2.84035e-43 -1.40387e-42 -1.65087e-43 -5.45261e-41  4.12312e-44  8.03268e-42  3.68529e-44  1.37517e-41 -8.65887e-44 -4.08192e-42 -9.07789e-44  1.66576e-42 -2.05204e-44  1.96393e-43  9.14131e-45 -7.84984e-43  1.70644e-46  1.15168e-42 -8.50949e-45  -2.2972e-42   8.8994e-45  4.73316e-42 -1.97148e-44 -9.08388e-42  3.14605e-44  1.57961e-41 -4.46475e-44  -2.4665e-41  5.73028e-44  3.41961e-41 -6.42519e-44 -4.14091e-41  6.00769e-44    4.269e-41 -4.15375e-44 -3.57313e-41  1.02306e-44  2.15592e-41  2.63874e-44 -4.85674e-42 -5.73237e-44 -8.36328e-42   7.3122e-44  1.43562e-41 -7.07496e-44 -1.35745e-41  5.48466e-44  9.37526e-42 -3.43602e-44 -5.09033e-42  1.71638e-44  2.24633e-42 -6.61448e-45 -8.12824e-43  1.84777e-45   2.3419e-43 -3.29128e-46 -4.94532e-44  2.52667e-47  6.50838e-45  1.26087e-48 -3.42186e-46
 -5.2126e-36  7.47419e-52 -1.02178e-35  2.66998e-50 -1.31209e-35  1.54188e-49  1.21002e-34  2.16764e-49 -2.51785e-35   9.4073e-50 -9.46607e-35  7.94728e-50  1.23336e-35  1.93934e-49  2.82389e-35  -1.3287e-49  1.02718e-36  -7.7135e-48 -2.23695e-35 -4.55323e-47  1.59816e-35 -1.04048e-46  1.77585e-35 -4.88223e-47 -1.37049e-35 -8.73642e-46 -2.53783e-36 -4.63439e-45 -1.77516e-36  -4.1807e-45  3.86645e-36 -5.14452e-45 -5.34647e-37 -1.13337e-44 -7.13484e-37  1.67481e-44 -2.73169e-37 -1.22221e-43   2.3751e-37 -2.71133e-43 -2.43442e-38 -5.60364e-43  2.85688e-37 -2.02149e-43 -1.09389e-37 -3.56815e-43 -4.75505e-38  -8.1264e-43  2.04808e-38 -1.52455e-42 -1.33113e-38 -4.00786e-42   8.1275e-39 -3.47905e-42  7.79087e-39 -2.70862e-42 -3.18958e-39 -1.90194e-42 -1.94331e-39 -1.45291e-42  6.16709e-40  -1.6781e-42 -2.92432e-40 -2.10165e-42  4.53919e-40 -6.76315e-43  6.21167e-41  -4.1008e-43 -1.05992e-40  1.17399e-43   1.9358e-41  1.02309e-43  2.42071e-41 -1.91516e-43 -7.64576e-42 -2.05237e-43  2.54608e-42 -4.27436e-44  2.31107e-42  1.96456e-44  -6.8837e-42  4.23514e-45  1.52598e-41 -2.11344e-44 -3.29997e-41    1.922e-44  6.61764e-41 -2.50629e-44 -1.21235e-40   1.0637e-44  2.01107e-40  4.12711e-44 -2.99538e-40 -1.52039e-43  3.96357e-40   3.4116e-43 -4.59301e-40 -6.08221e-43  4.56585e-40  9.19835e-43 -3.76618e-40 -1.20817e-42   2.4143e-40  1.38964e-42 -9.92985e-41 -1.40067e-42 -2.90711e-42  1.23202e-42  4.68888e-41 -9.37979e-43 -4.67774e-41  6.10539e-43  2.95763e-41 -3.33925e-43 -1.40728e-41  1.49789e-43  5.42633e-42 -5.32282e-44 -1.74026e-42  1.42198e-44   4.4105e-43 -2.61936e-45 -7.71162e-44  2.81266e-46  7.18826e-45 -1.08328e-47
-7.43135e-51 -6.66266e-36  4.00114e-53  -2.6307e-35  4.69449e-50 -1.66205e-35  2.16764e-49   1.7179e-34  2.55626e-49 -3.99335e-35   7.0684e-50 -1.17539e-34  1.02054e-50  1.98388e-35  5.61056e-49  3.88142e-35 -2.04219e-48 -1.25548e-35 -4.21023e-47 -2.59118e-35  -2.1352e-46  2.38475e-35  -5.0551e-46  1.91172e-35 -3.52721e-46  -1.6404e-35 -3.45025e-45  5.92543e-38 -1.86972e-44 -3.96785e-36 -1.87549e-44  4.76312e-36 -2.18372e-44 -4.65129e-37 -3.16775e-44  -9.8108e-37  7.83631e-44 -3.54708e-37 -4.02446e-43  2.19268e-37 -8.52783e-43 -5.34186e-38   -1.881e-42   4.1584e-37 -6.46048e-43 -1.08353e-37 -1.32193e-42 -6.75286e-38 -2.58064e-42   2.5107e-38 -4.36074e-42 -2.60192e-38 -1.08295e-41  1.00376e-38 -8.73573e-42  1.51964e-38  -6.7578e-42 -5.07952e-39  -4.3096e-42  -3.4422e-39 -3.41565e-42  1.52388e-39  -3.5593e-42 -5.29955e-40 -4.64735e-42  6.43825e-40 -1.45052e-42  1.96919e-40 -9.33235e-43 -1.78872e-40  3.05531e-43  3.69615e-41   2.6197e-43  3.85757e-41  -3.8464e-43 -9.86527e-42 -4.20164e-43 -6.83182e-42 -8.53057e-44  3.37651e-41  4.97414e-44 -8.56306e-41 -1.91552e-44  1.93908e-40  4.42209e-44 -4.06184e-40  -1.7508e-43  7.79321e-40   4.3349e-43 -1.36054e-39 -9.52936e-43  2.14557e-39  1.85933e-42 -3.02992e-39 -3.24555e-42  3.78955e-39  5.10197e-42 -4.13722e-39 -7.23255e-42  3.86368e-39  9.23407e-42 -2.99221e-39 -1.05833e-41  1.81707e-39  1.08332e-41 -7.53134e-40 -9.83502e-42  8.87012e-41  7.84694e-42  1.55195e-40  -5.4375e-42 -1.50722e-40   3.2225e-42  8.07867e-41 -1.60043e-42 -3.15779e-41  6.47794e-43  1.03607e-41 -2.05325e-43 -2.99239e-42  4.79116e-44  6.71561e-43 -7.38894e-45 -9.26871e-44  5.91572e-46  4.96495e-45
 2.57123e-36 -1.88012e-50  -6.4537e-36  5.28256e-51  -4.6623e-35  7.36768e-50 -2.51785e-35  2.55626e-49  2.32844e-34  3.06027e-49 -6.04922e-35 -1.20495e-49  -1.3707e-34 -4.22157e-49  2.39001e-35  1.31536e-48  5.16342e-35 -1.79373e-47 -2.41154e-35 -2.11013e-46 -3.01987e-35 -9.06612e-46  2.91155e-35 -2.18612e-45  1.82486e-35 -1.80426e-45 -1.77097e-35  -1.1924e-44  3.90822e-36 -6.80339e-44 -6.24332e-36 -7.29538e-44  5.03242e-36 -7.89271e-44  1.48371e-37 -7.11741e-44 -1.50067e-36  3.23981e-43 -4.87109e-37 -1.19524e-42   2.6145e-37 -2.41174e-42 -1.62262e-37 -5.77518e-42  5.84167e-37 -1.90618e-42 -7.78635e-38 -4.25357e-42 -9.05757e-38 -7.23266e-42  2.64928e-38 -1.13843e-41 -4.14918e-38 -2.66054e-41  1.06986e-38 -1.98945e-41  2.49169e-38 -1.52936e-41 -7.28806e-39 -8.70416e-42 -5.49063e-39 -7.17095e-42  3.11675e-39 -6.65298e-42 -8.78913e-40 -9.41455e-42  8.42016e-40 -2.82967e-42  4.32364e-40 -1.96279e-42 -2.68335e-40  7.25777e-43  6.49892e-41  6.18024e-43  4.16636e-41 -7.16108e-43   3.5548e-41 -7.67056e-43  -1.5646e-40  -2.1953e-43  4.24518e-40  2.72519e-43   -1.011e-39 -4.86205e-43  2.20794e-39  1.14448e-42 -4.42743e-39 -2.59784e-42  8.10457e-39  5.29503e-42 -1.34577e-38 -9.90577e-42   2.0116e-38  1.69794e-41 -2.68128e-38  -2.6615e-41  3.14898e-38  3.80709e-41  -3.2076e-38 -4.95309e-41  2.77234e-38  5.83528e-41 -1.96634e-38 -6.19062e-41  1.07825e-38  5.87334e-41 -3.95189e-39  -4.9406e-41  3.84554e-40  3.64548e-41   6.0551e-40  -2.3276e-41 -4.61473e-40  1.26361e-41  1.82874e-40 -5.69796e-42 -5.17551e-41  2.06596e-42  1.43089e-41 -5.74101e-43 -4.07548e-42  1.13089e-43  8.20488e-43 -1.35814e-44 -8.04832e-44  6.37296e-46
-8.51099e-51  4.34867e-36 -3.02437e-50 -5.23391e-36  2.49043e-50 -7.01972e-35   9.4073e-50 -3.99335e-35  3.06027e-49  3.00824e-34   5.7666e-49 -8.40448e-35 -9.78573e-49 -1.51609e-34 -2.20753e-48  2.22045e-35  1.29655e-48  6.36013e-35 -1.14377e-46 -2.77723e-35 -9.62815e-46 -3.63901e-35  -3.5224e-45  3.24656e-35 -8.48965e-45  1.43009e-35 -7.49201e-45 -1.79592e-35 -3.54395e-44  8.78792e-36 -2.24452e-43 -7.88991e-36 -2.50449e-43  4.40352e-36 -2.46491e-43  1.49494e-36 -1.00741e-43 -2.36112e-36  1.21027e-42 -7.24279e-37 -3.22618e-42  4.17325e-37   -6.164e-42 -3.67958e-37  -1.6324e-41  7.83749e-37 -5.20868e-42 -1.44425e-38 -1.21899e-41 -1.11121e-37 -1.80863e-41  2.37725e-38  -2.7335e-41 -5.70456e-38  -5.9813e-41  8.67201e-39 -4.13073e-41  3.64921e-38 -3.15697e-41 -9.72355e-39 -1.57324e-41 -8.03493e-39 -1.35501e-41  5.70334e-39 -1.08571e-41 -1.35675e-39 -1.75958e-41  1.00948e-39 -5.05802e-42  7.95565e-40 -3.83351e-42 -3.78594e-40  1.56806e-42  1.65236e-40   1.3641e-42 -1.65145e-40 -1.31307e-42  6.90994e-40 -1.07628e-42 -1.93001e-39 -1.05413e-42  4.78765e-39  2.16293e-42 -1.09004e-38 -4.75325e-42  2.28093e-38  1.03979e-41 -4.36934e-38 -2.12242e-41  7.61794e-38  3.99205e-41 -1.20055e-37 -6.92827e-41  1.69583e-37  1.10682e-40 -2.12467e-37 -1.62257e-40  2.32959e-37  2.17497e-40 -2.19575e-37 -2.65398e-40   1.7346e-37  2.93224e-40 -1.10383e-37 -2.91433e-40  5.25314e-38  2.58512e-40 -1.52693e-38 -2.02682e-40  -1.9164e-40   1.3877e-40  2.64691e-39 -8.17068e-41 -1.27998e-39  4.05521e-41  2.86816e-40 -1.65117e-41  -3.5014e-41  5.30652e-42  1.04577e-41 -1.26827e-42 -4.44699e-42  2.03118e-43  7.80965e-43 -1.72354e-44 -4.17864e-44
 2.35452e-36 -2.75654e-50  6.80236e-36 -3.16327e-50 -1.85965e-36  5.78255e-50 -9.46607e-35   7.0684e-50 -6.04922e-35   5.7666e-49  3.69469e-34   1.9467e-48 -1.06602e-34 -4.50403e-48 -1.58939e-34 -8.76018e-48  1.42498e-35   -1.028e-47  7.03251e-35 -6.00193e-46 -1.99708e-35 -4.00921e-45 -4.51662e-35  -1.2639e-44  3.58064e-35 -2.97933e-44  6.78384e-36 -2.64693e-44 -1.78157e-35 -8.64347e-44  1.41212e-35 -6.73356e-43 -8.14779e-36 -7.65311e-43  2.93064e-36 -6.64445e-43   3.5959e-36  9.44874e-44 -3.58848e-36  4.13796e-42 -1.12745e-36 -7.95013e-42  7.15967e-37 -1.42526e-41 -6.55571e-37 -4.27125e-41  9.96668e-37  -1.3224e-41  7.38277e-38 -3.16254e-41 -1.20784e-37   -4.058e-41  1.89968e-38 -6.08013e-41 -6.81677e-38 -1.23608e-40  1.82918e-39 -7.83749e-41  4.94734e-38 -5.96231e-41 -1.23667e-38 -2.54783e-41   -1.092e-38 -2.31708e-41  9.62261e-39 -1.50223e-41 -1.95868e-39 -3.04866e-41  1.07605e-39 -8.33579e-42  1.36249e-39  -6.9529e-42 -7.29783e-40  3.03275e-42  1.10238e-39  2.98012e-42 -2.84436e-39 -2.87569e-42  8.12296e-39  3.44722e-43 -2.09221e-38 -6.91365e-42  4.95589e-38  1.56921e-41  -1.0812e-37  -3.4265e-41  2.16427e-37  7.06845e-41 -3.95466e-37  -1.3554e-40  6.55481e-37  2.40582e-40 -9.78018e-37 -3.94504e-40  1.30134e-36  5.95862e-40 -1.52599e-36 -8.25991e-40  1.55293e-36  1.04641e-39 -1.34301e-36 -1.20541e-39  9.57109e-37  1.25505e-39 -5.34024e-37 -1.17255e-39  2.09528e-37  9.74398e-40 -3.89191e-38 -7.12507e-40 -1.19268e-38  4.52286e-40  1.07286e-38 -2.44945e-40 -2.77204e-39  1.10602e-40 -1.12845e-42 -4.03324e-41  1.20629e-40  1.13323e-41 -5.46518e-42  -2.2724e-42 -4.29832e-42  2.80342e-43  5.09423e-43 -1.36888e-44
-7.92197e-51    5.958e-36 -5.76156e-50   1.0371e-35 -1.05869e-50  4.31765e-36  7.94728e-50 -1.17539e-34 -1.20495e-49 -8.40448e-35   1.9467e-48  4.30574e-34  7.85953e-48 -1.25296e-34 -1.81686e-47 -1.56544e-34  -3.0608e-47  1.64823e-36 -9.08501e-47  6.85097e-35 -2.73121e-45  -9.7175e-37 -1.53032e-44 -5.63067e-35 -4.22393e-44  4.10175e-35 -9.48606e-44 -4.05505e-36 -8.11516e-44 -1.81271e-35 -1.47561e-43   1.8944e-35 -1.83801e-42 -6.37908e-36 -2.08461e-42  1.04245e-36 -1.51238e-42   6.2668e-36  1.40583e-42 -5.11291e-36  1.30558e-41 -1.75189e-36 -1.79178e-41  1.14815e-36 -2.96963e-41 -9.74198e-37 -1.03959e-40   1.1976e-36 -3.13117e-41  1.66241e-37 -7.51441e-41 -1.12622e-37 -8.17194e-41  1.86153e-38 -1.26212e-40 -6.84294e-38 -2.35497e-40 -1.25618e-38 -1.35764e-40  6.36815e-38 -1.03074e-40 -1.52669e-38 -3.69487e-41 -1.38708e-38 -3.60031e-41  1.51507e-38 -1.61375e-41 -2.59178e-39   -4.909e-41  7.43887e-40 -1.27684e-41  2.96649e-39 -1.15773e-41 -4.08049e-39  4.86487e-42  1.13301e-38  7.43389e-42 -3.19056e-38 -9.84666e-42   8.5047e-38  1.45754e-41 -2.09429e-37 -4.39371e-41  4.75828e-37  9.82254e-41 -9.94174e-37 -2.06303e-40  1.90108e-36   4.0482e-40 -3.30797e-36 -7.37898e-40  5.20135e-36   1.2458e-39 -7.32774e-36 -1.94268e-39  9.15222e-36  2.78858e-39 -9.99786e-36 -3.66991e-39  9.38199e-36  4.40733e-39 -7.37331e-36 -4.80319e-39  4.66551e-36  4.71889e-39 -2.21124e-36 -4.14615e-39  6.51267e-37  3.22649e-39 -1.47438e-38 -2.19722e-39 -8.50463e-38  1.28964e-39  3.48175e-38 -6.39616e-40 -2.54227e-39  2.60976e-40 -1.99669e-39 -8.43243e-41  5.22673e-40  2.03444e-41 -1.71622e-41 -3.30617e-42 -4.08027e-42  2.86644e-43  1.12284e-43
 6.99688e-38 -2.79101e-50  1.05981e-35 -8.83678e-50  1.49318e-35  4.91151e-50  1.23336e-35  1.02054e-50  -1.3707e-34 -9.78573e-49 -1.06602e-34  7.85953e-48  4.77065e-34  3.07154e-47 -1.40264e-34 -6.78656e-47 -1.42604e-34 -9.45413e-47 -1.28778e-35 -4.80524e-46  5.79332e-35 -1.10744e-44  2.56271e-35 -5.37924e-44 -6.85467e-35 -1.32548e-43  4.89339e-35 -2.74423e-43  -1.6964e-35 -2.17231e-43 -1.98597e-35 -1.18796e-44  2.19898e-35 -4.55456e-42 -2.18987e-36 -5.02731e-42 -5.78596e-37 -2.70064e-42  9.14161e-36  6.75367e-42 -6.76559e-36  3.82369e-41 -2.63802e-36 -3.68897e-41  1.66847e-36 -5.50819e-41 -1.24687e-36 -2.36433e-40  1.36219e-36 -6.94574e-41  2.33567e-37 -1.64962e-40 -8.71335e-38 -1.46677e-40  3.34902e-38 -2.46541e-40 -4.98657e-38 -4.14233e-40 -3.73653e-38 -2.13545e-40  7.92215e-38  -1.6262e-40 -1.84821e-38  -4.8005e-41 -1.64208e-38  -5.1033e-41  2.22074e-38 -8.64521e-42 -2.41537e-39 -7.34108e-41 -2.83566e-39 -1.85803e-41  1.50124e-38  -1.6728e-41 -4.00965e-38  3.67071e-42  1.17718e-37  2.51248e-41 -3.23697e-37  -4.7964e-41  8.27548e-37  1.03465e-40 -1.95649e-36 -2.51032e-40  4.26216e-36  5.40772e-40  -8.5184e-36 -1.08837e-39  1.55364e-35  2.04045e-39 -2.56942e-35  -3.5514e-39   3.8234e-35  5.72222e-39 -5.07047e-35 -8.50818e-39  5.92105e-35  1.16305e-38 -5.99345e-35 -1.45528e-38  5.14677e-35  1.65826e-38 -3.63207e-35 -1.71033e-38  1.99672e-35  1.58516e-38 -7.62715e-36 -1.30866e-38  1.29436e-36  9.52068e-39  4.89591e-37 -6.02225e-39 -3.79678e-37   3.2555e-39  7.72195e-38 -1.47009e-39   1.2492e-38  5.37315e-40 -8.08819e-39  -1.5172e-40  9.86649e-40  3.06767e-41  1.42208e-41 -3.83254e-42 -2.37008e-42   1.9062e-43
-1.24759e-51 -1.31835e-36 -6.45615e-50  1.45964e-35  -9.8073e-50  2.05891e-35  1.93934e-49  1.98388e-35 -4.22157e-49 -1.51609e-34 -4.50403e-48 -1.25296e-34  3.07154e-47   5.0641e-34  1.11713e-46 -1.54981e-34 -2.37104e-46 -1.16979e-34 -2.42854e-46 -2.71209e-35 -2.03228e-45  4.17527e-35 -4.06976e-44  5.46218e-35 -1.74893e-43 -7.97522e-35  -3.9375e-43  5.90364e-35 -7.20042e-43 -2.96536e-35 -5.05207e-43 -2.39988e-35  1.27948e-42  2.18758e-35 -1.01782e-41   4.5263e-36 -1.05117e-41 -1.24139e-36 -2.70017e-42  1.17491e-35  2.43422e-41 -8.31866e-36  1.04431e-40 -3.80958e-36 -6.90273e-41  2.21323e-36 -8.83135e-41 -1.39352e-36   -5.047e-40  1.47774e-36 -1.45115e-40  2.45962e-37 -3.36891e-40 -5.71593e-38  -2.2981e-40   7.6764e-38  -4.5764e-40 -3.97605e-39 -6.72642e-40 -7.47761e-38 -3.00963e-40   9.6224e-38  -2.3212e-40 -2.21207e-38 -5.65212e-41 -1.73733e-38 -6.63793e-41  2.82644e-38  1.55056e-41  7.35713e-39 -1.01106e-40 -3.98862e-38 -2.78507e-41  1.35551e-37 -1.48104e-41 -4.05988e-37 -2.12192e-41  1.15834e-36  1.10884e-40 -3.07214e-36  -2.5114e-40  7.55072e-36  5.75278e-40 -1.71343e-35 -1.29066e-39  3.57502e-35   2.6705e-39 -6.82491e-35 -5.15315e-39  1.18516e-34   9.2505e-39 -1.85885e-34 -1.54036e-38  2.61061e-34  2.37208e-38 -3.24776e-34  -3.3665e-38  3.52978e-34  4.38537e-38 -3.28986e-34 -5.21859e-38  2.56099e-34  5.64148e-38 -1.59724e-34 -5.50357e-38  7.37893e-35  4.80676e-38 -2.03352e-35 -3.72232e-38 -5.84283e-37   2.5254e-38  3.22477e-36 -1.47853e-38 -1.18816e-36  7.32442e-39  5.12247e-38 -2.98962e-39  7.87948e-38  9.68094e-40 -1.87278e-38 -2.34603e-40  6.55061e-40  3.84049e-41  8.63214e-41 -3.36703e-42  1.83929e-42
-2.82278e-36 -8.68892e-51 -4.39839e-36 -1.26538e-49  1.55737e-35 -6.46815e-50  2.82389e-35  5.61056e-49  2.39001e-35 -2.20753e-48 -1.58939e-34 -1.81686e-47 -1.40264e-34  1.11713e-46  5.22169e-34  3.79929e-46 -1.74782e-34 -7.77553e-46 -8.18729e-35 -4.11777e-46 -4.03718e-35 -7.41748e-45   2.5072e-35 -1.37248e-43  8.10229e-35 -5.28098e-43 -8.73658e-35 -1.11657e-42   6.9769e-35 -1.70224e-42 -3.90743e-35  -1.0007e-42 -3.13257e-35  7.08091e-42  1.73468e-35 -2.02176e-41  1.36176e-35 -1.80057e-41 -5.12664e-37  4.71622e-42  1.36167e-35  7.46002e-41 -9.56095e-36  2.67035e-40  -5.2767e-36  -1.1605e-40  2.72685e-36 -1.12985e-40 -1.36066e-36 -1.01586e-39  1.55261e-36  -2.8732e-40  1.80944e-37 -6.43571e-40 -4.88272e-38 -2.96799e-40  1.59846e-37 -8.16505e-40  7.67265e-38 -1.00642e-39 -1.25543e-37 -3.68558e-40  1.14766e-37 -2.93687e-40 -2.77175e-38 -6.35865e-41 -9.25086e-39 -8.00536e-41  7.27613e-39  6.48863e-41  1.18125e-37 -1.23599e-40 -4.16804e-37 -5.39045e-41  1.32505e-36  3.47229e-41 -3.90757e-36 -1.76365e-40  1.07522e-35  5.32875e-40 -2.74532e-35 -1.25136e-39  6.48325e-35  2.82454e-39 -1.41067e-34 -6.03385e-39  2.81523e-34   1.1992e-38 -5.12529e-34 -2.22039e-38  8.45716e-34  3.82049e-38 -1.25492e-33 -6.09125e-38  1.65831e-33  8.96977e-38 -1.92763e-33 -1.21537e-37  1.93939e-33  1.50863e-37 -1.65158e-33 -1.70674e-37   1.1513e-33  1.74914e-37 -6.20208e-34 -1.61216e-37  2.26884e-34  1.32469e-37 -3.10524e-35 -9.60035e-38 -1.96158e-35  6.05485e-38  1.28476e-35 -3.26672e-38 -2.39224e-36  1.47385e-38 -4.37967e-37 -5.38872e-39  2.45272e-37  1.52437e-39 -2.38941e-38 -3.09361e-40  -1.4393e-39  3.88919e-41   9.1095e-41 -1.95348e-42
 2.04322e-51 -5.52809e-36 -4.06014e-50 -8.86779e-36 -3.17936e-49  1.12505e-35  -1.3287e-49  3.88142e-35  1.31536e-48  2.22045e-35 -8.76018e-48 -1.56544e-34 -6.78656e-47 -1.54981e-34  3.79929e-46  5.32863e-34  1.22896e-45 -2.04308e-34 -2.40585e-45 -4.21766e-35  3.26106e-46 -5.30406e-35 -2.42282e-44  1.26893e-35 -4.29231e-43  1.01221e-34 -1.48677e-42 -8.89672e-35 -3.04821e-42  7.90991e-35 -3.56989e-42 -4.19799e-35 -1.60401e-42 -4.21104e-35  2.73146e-41  7.53301e-36 -3.45647e-41  2.47365e-35 -2.05516e-41  1.60666e-36  3.78702e-41  1.43712e-35  2.03363e-40 -1.03796e-35  6.41629e-40 -7.04006e-36  -1.7105e-40  3.18665e-36 -8.10008e-41 -1.14775e-36 -1.93764e-39  1.62076e-36 -5.42809e-40  2.73034e-38 -1.15495e-39 -9.72391e-38 -2.55103e-40  2.87734e-37 -1.41773e-39  1.97073e-37 -1.38158e-39 -1.89316e-37   -3.609e-40  1.38251e-37 -3.12887e-40 -5.31649e-38 -7.92657e-41  7.95791e-38 -9.04107e-41 -3.03242e-37   1.4113e-40   1.2369e-36 -1.09938e-40   -4.074e-36 -1.66525e-40  1.24774e-35  3.26732e-40 -3.55821e-35   -9.603e-40  9.43187e-35   2.4964e-39 -2.31611e-34 -5.77844e-39  5.25018e-34  1.26284e-38 -1.09401e-33 -2.58783e-38  2.08515e-33  4.94208e-38 -3.61362e-33 -8.78414e-38  5.65349e-33   1.4493e-37 -7.91472e-33 -2.21292e-37  9.80643e-33  3.11605e-37 -1.06015e-32 -4.03004e-37   9.8103e-33  4.76453e-37 -7.55928e-33  -5.1205e-37  4.64025e-33  4.96948e-37 -2.08138e-33 -4.32078e-37  5.26336e-34  3.33324e-37  5.36835e-35  -2.2544e-37 -1.05413e-34  1.31671e-37  3.56667e-35 -6.51197e-38 -1.07634e-36  2.65568e-38 -2.30622e-36 -8.59978e-39  4.70586e-37  2.08637e-39  1.51517e-39 -3.42443e-40 -4.15338e-39  3.01689e-41 -2.75655e-41
 7.49941e-37  2.83247e-51 -7.31691e-36 -2.33686e-49 -1.38782e-35 -1.38565e-48  1.02718e-36 -2.04219e-48  5.16342e-35  1.29655e-48  1.42498e-35  -3.0608e-47 -1.42604e-34 -2.37104e-46 -1.74782e-34  1.22896e-45  5.49023e-34  3.86247e-45 -2.45094e-34 -7.10338e-45 -5.35304e-36  7.01483e-45 -6.53026e-35 -7.27443e-44  7.15023e-36 -1.25736e-42  1.13422e-34 -3.91833e-42 -8.27407e-35 -8.07642e-42  8.49557e-35   -6.406e-42 -3.56375e-35 -1.78295e-42 -5.58736e-35  8.78462e-41 -7.82251e-36 -4.66736e-41  3.73845e-35  7.54648e-42  4.66596e-36  1.41118e-40  1.38084e-35  5.04057e-40 -1.08078e-35  1.45385e-39 -9.09337e-36 -2.08267e-40  3.61754e-36  1.12774e-40 -8.19755e-37 -3.52178e-39  1.73935e-36 -9.85346e-40  -2.1711e-37 -1.95313e-39 -2.37741e-37  8.77435e-41  4.55073e-37 -2.42382e-39  3.59557e-37 -1.72666e-39 -2.73652e-37 -1.93778e-40   2.1132e-37 -2.35376e-40 -2.84938e-37 -1.31483e-40  9.61748e-37 -9.07538e-41 -3.45423e-36   2.1101e-40  1.19112e-35   6.5559e-41 -3.77687e-35 -6.92566e-40  1.11637e-34  1.72873e-39 -3.06993e-34 -4.52028e-39  7.83273e-34  1.09935e-38 -1.84805e-33 -2.46895e-38  4.01644e-33  5.20254e-38 -8.00396e-33 -1.02482e-37  1.45455e-32  1.88097e-37 -2.39473e-32 -3.20978e-37  3.54339e-32  5.07821e-37 -4.66559e-32 -7.42464e-37  5.39812e-32  9.99398e-37 -5.39761e-32  -1.2331e-36  4.55741e-32  1.38748e-36 -3.13685e-32  -1.4151e-36  1.65404e-32  1.29877e-36 -5.76845e-33 -1.06331e-36   5.7517e-34  7.68264e-37  6.40565e-34 -4.83333e-37 -3.67648e-34  2.60255e-37   6.1809e-35 -1.17243e-37  1.34056e-35  4.28207e-38 -6.35279e-36 -1.21056e-38  4.26491e-37  2.45668e-39  7.13982e-38 -3.09139e-40 -3.67909e-39  1.55707e-41
 6.01794e-51  2.25763e-36 -3.10397e-50  -6.3521e-36  -1.4798e-48 -1.85065e-35  -7.7135e-48 -1.25548e-35 -1.79373e-47  6.36013e-35   -1.028e-47  1.64823e-36 -9.45413e-47 -1.16979e-34 -7.77553e-46 -2.04308e-34  3.86247e-45  5.79958e-34  1.20133e-44  -2.9437e-34 -2.04576e-44  1.94635e-35  4.00989e-44   -7.583e-35 -2.06336e-43  7.78434e-36 -3.48549e-42  1.17666e-34 -9.71026e-42 -6.77041e-35 -2.09134e-41   8.5413e-35 -8.88555e-42 -1.84918e-35 -3.67389e-43 -7.13652e-35  2.49277e-40 -2.82161e-35 -3.35816e-41  5.09066e-35  1.36169e-40  7.91111e-36  4.05957e-40  1.19182e-35  1.15016e-39 -1.10105e-35  3.11774e-39  -1.1425e-35 -1.70135e-40  4.09238e-36  6.58342e-40 -4.99687e-37 -6.13766e-39  1.97931e-36 -1.72946e-39 -5.52496e-37 -3.11785e-39  -4.9472e-37  1.07386e-39   6.4089e-37 -4.11415e-39  5.83918e-37  -1.9388e-39 -4.86028e-37  2.39213e-40  8.00599e-37  1.50886e-41 -2.56737e-36 -2.82674e-40  9.46086e-36 -3.45968e-41 -3.30886e-35  9.37391e-41  1.08704e-34  9.32616e-40 -3.32762e-34 -3.03977e-39  9.48802e-34  7.82724e-39  -2.5134e-33 -1.94119e-38  6.16698e-33  4.51412e-38 -1.39651e-32 -9.78956e-38  2.90623e-32  1.98692e-37 -5.53029e-32 -3.76439e-37  9.56484e-32  6.64005e-37 -1.49264e-31 -1.08772e-36  2.08298e-31  1.64979e-36 -2.57029e-31 -2.30885e-36   2.7638e-31  2.96939e-36 -2.53901e-31 -3.49293e-36  1.93618e-31  3.73723e-36 -1.16924e-31 -3.61305e-36  5.08403e-32  3.13117e-36 -1.16386e-32 -2.40901e-36 -2.23879e-33  1.62574e-36  2.90684e-33 -9.47851e-37 -9.00395e-34  4.68072e-37  6.62824e-36 -1.90623e-37  6.09581e-35  6.16389e-38 -1.04627e-35  -1.4929e-38 -4.66078e-37   2.4457e-39  1.34316e-37 -2.15084e-40  4.31588e-40
  9.1424e-37  3.16903e-50  4.77557e-36 -3.77289e-49  -1.4743e-36 -8.69403e-48 -2.23695e-35 -4.21023e-47 -2.41154e-35 -1.14377e-46  7.03251e-35 -9.08501e-47 -1.28778e-35 -2.42854e-46 -8.18729e-35 -2.40585e-45 -2.45094e-34  1.20133e-44  6.31379e-34   3.7225e-44 -3.45526e-34 -5.94437e-44  2.33199e-35  1.68492e-43 -8.14777e-35 -5.70214e-43  1.07957e-35 -9.24228e-42  1.15735e-34 -2.27517e-41 -4.36959e-35 -5.31816e-41  7.87306e-35 -5.48542e-42   9.3655e-36   3.5236e-42 -8.67834e-35  6.40533e-40 -5.23766e-35  6.04612e-41  6.44477e-35  5.24273e-40  1.05261e-35   9.9287e-40  8.87312e-36  2.43424e-39 -1.12129e-35  6.35146e-39   -1.402e-35  4.36773e-41  4.71692e-36  1.84546e-39 -3.41713e-37 -1.03265e-38  2.41069e-36 -2.94791e-39 -9.86271e-37 -4.69857e-39 -8.63421e-37  3.24169e-39  7.65035e-37 -6.95203e-39  1.11758e-36 -1.91193e-39 -1.94155e-36  1.04482e-39  6.46217e-36  5.44926e-40  -2.4311e-35 -6.80905e-40  8.79109e-35   3.2128e-40 -2.97958e-34 -9.92257e-40  9.44277e-34  4.65235e-39 -2.78996e-33 -1.28287e-38  7.66827e-33  3.23943e-38 -1.95511e-32 -7.72383e-38  4.60866e-32  1.72761e-37 -1.00047e-31 -3.61224e-37  1.99086e-31  7.05892e-37 -3.61143e-31 -1.28626e-36  5.93235e-31  2.17998e-36 -8.75291e-31 -3.42706e-36  1.14833e-30  4.98134e-36 -1.32239e-30 -6.66978e-36  1.31402e-30  8.19096e-36 -1.09987e-30 -9.17917e-36  7.47254e-31  9.33029e-36 -3.85353e-31 -8.54018e-36  1.27579e-31  6.97763e-36 -7.46308e-33 -5.03413e-36 -1.75148e-32  3.16396e-36  8.98812e-33 -1.70243e-36 -1.30927e-33  7.66365e-37 -3.78373e-34 -2.79583e-37  1.48806e-34  7.88832e-38 -6.03841e-36 -1.59561e-38 -2.22941e-36  1.99815e-39  9.53486e-38 -1.00022e-40
-8.49577e-51  1.38531e-36  1.52427e-49  8.05111e-36 -2.94049e-48  6.71303e-36 -4.55323e-47 -2.59118e-35 -2.11013e-46 -2.77723e-35 -6.00193e-46  6.85097e-35 -4.80524e-46 -2.71209e-35 -4.11777e-46 -4.21766e-35 -7.10338e-45  -2.9437e-34   3.7225e-44  7.04354e-34  1.13855e-43 -3.90018e-34 -1.80524e-43 -7.04972e-38  5.92261e-43 -7.80476e-35  -1.5814e-42  1.01249e-35 -2.36988e-41  1.11031e-34 -5.07627e-41 -1.12585e-35  -1.3308e-40  6.34749e-35  1.89682e-41  4.59865e-35  5.22169e-42 -1.00114e-34  1.51195e-39 -7.84445e-35  3.44042e-40  7.69249e-35  1.48712e-39  1.18699e-35  2.13092e-39  5.00057e-36   4.7995e-39 -1.16038e-35  1.23411e-38  -1.6862e-35  5.77146e-40  5.60071e-36  4.03781e-39 -4.93217e-37 -1.68912e-38  3.08955e-36 -4.88712e-39 -1.55531e-36 -6.66976e-39 -1.20702e-36   7.3502e-39  2.28444e-37 -1.16592e-38  4.50333e-36 -1.58814e-39 -1.53912e-35  2.28144e-39  5.96261e-35  1.54319e-39 -2.22439e-34 -1.76135e-39  7.79553e-34   2.0421e-39 -2.55533e-33 -6.15351e-39  7.81945e-33  1.95199e-38  -2.2285e-32 -5.08989e-38  5.89969e-32  1.24524e-37  -1.4464e-31 -2.86225e-37  3.27199e-31  6.16689e-37 -6.80045e-31 -1.24229e-36  1.29197e-30   2.3365e-36 -2.22998e-30 -4.09356e-36  3.47114e-30  6.66363e-36  -4.8284e-30  -1.0049e-35  5.93337e-30  1.39913e-35 -6.34549e-30 -1.79143e-35  5.78642e-30  2.09955e-35 -4.36584e-30 -2.24002e-35  2.59223e-30  2.16133e-35 -1.09043e-30 -1.87104e-35  2.21655e-31  1.43916e-35  6.86816e-32 -9.71683e-36 -6.91656e-32  5.67055e-36   1.9479e-32 -2.80324e-36  4.93045e-34  1.14236e-36 -1.45548e-33 -3.69209e-37  2.08908e-34  8.91978e-38  1.78569e-35 -1.45318e-38 -3.31635e-36  1.26598e-39 -1.84397e-38
-6.15444e-37  -1.0828e-49  7.16426e-37  6.17134e-49  1.16289e-35 -1.88332e-47  1.59816e-35  -2.1352e-46 -3.01987e-35 -9.62815e-46 -1.99708e-35 -2.73121e-45  5.79332e-35 -2.03228e-45 -4.03718e-35  3.26106e-46 -5.35304e-36 -2.04576e-44 -3.45526e-34  1.13855e-43  7.95692e-34  3.36494e-43 -4.20003e-34 -5.81237e-43 -5.20125e-35  1.81596e-42  -6.1593e-35 -4.47769e-42 -1.21549e-36 -5.93384e-41   1.0829e-34 -1.08864e-40  2.84093e-35 -3.27434e-40  3.88718e-35   9.7598e-41  8.76199e-35 -2.26435e-41 -1.09416e-34  3.30778e-39  -1.0433e-34  9.90815e-40   8.7088e-35  3.57838e-39  1.16218e-35  4.04226e-39  7.59684e-37  8.83228e-39 -1.22635e-35  2.29676e-38 -1.99311e-35   1.6007e-39  6.81896e-36  7.56918e-39 -1.06395e-36 -2.70374e-38  4.08248e-36 -7.86541e-39 -2.52243e-36 -8.86986e-39 -2.73698e-37  1.43545e-38 -6.59024e-36 -1.92753e-38  3.50059e-35 -1.01248e-39 -1.39732e-34  3.84207e-39  5.38038e-34   3.5259e-39 -1.94828e-33 -5.02976e-39  6.60513e-33   9.3052e-39  -2.0922e-32 -2.69036e-38  6.17907e-32  7.51805e-38  -1.6974e-31  -1.8888e-37  4.32461e-31  4.46239e-37 -1.01848e-30  -9.8891e-37   2.2084e-30  2.05241e-36 -4.38817e-30  -3.9807e-36  7.94571e-30  7.20186e-36 -1.30224e-29 -1.21255e-35  1.91587e-29  1.89478e-35  -2.5043e-29 -2.73961e-35  2.87021e-29  3.65196e-35 -2.83394e-29 -4.46937e-35  2.35106e-29  4.99681e-35 -1.57601e-29 -5.07329e-35  7.93903e-30  4.64436e-35 -2.48031e-30 -3.80007e-35  2.75577e-32   2.7489e-35  4.13169e-31 -1.73398e-35 -1.91573e-31  9.36959e-36  2.29967e-32 -4.23556e-36  9.50045e-33  1.55024e-36 -3.12875e-33 -4.37856e-37  5.21294e-35  8.83212e-38  5.50062e-35 -1.09655e-38 -1.86133e-36  5.39914e-40
-4.42896e-50  -1.5554e-36 -9.35181e-49 -1.61415e-36  1.56651e-48  1.50358e-35 -1.04048e-46  2.38475e-35 -9.06612e-46 -3.63901e-35 -4.00921e-45  -9.7175e-37 -1.10744e-44  4.17527e-35 -7.41748e-45 -5.30406e-35  7.01483e-45  1.94635e-35 -5.94437e-44 -3.90018e-34  3.36494e-43  8.99545e-34  9.35923e-43  -4.3079e-34 -1.94788e-42 -1.27634e-34  4.93161e-42 -2.95629e-35 -1.29043e-41 -2.95124e-35 -1.46091e-40  1.12937e-34 -2.27042e-40  7.33403e-35 -7.89736e-40  5.33919e-36  2.89239e-40  1.29017e-34 -1.74209e-40 -1.12935e-34  6.74731e-39 -1.28176e-34  2.21882e-39  9.37098e-35  7.66085e-39  9.79571e-36  6.69598e-39 -3.27294e-36  1.51599e-38 -1.31453e-35   4.1123e-38 -2.31938e-35  3.27659e-39  8.38546e-36  1.25271e-38 -2.17527e-36  -4.2569e-38  5.85599e-36  -1.2228e-38 -6.35842e-36 -1.09325e-38  1.37297e-35  2.53064e-38 -7.22318e-35 -3.11798e-38  3.13381e-34 -3.18877e-40 -1.24558e-33  5.10904e-39  4.65918e-33  8.28505e-39 -1.63295e-32 -1.58628e-38  5.35189e-32  3.71164e-38  -1.6371e-31 -1.02814e-37  4.66341e-31  2.69528e-37  -1.2338e-30 -6.53598e-37  3.02239e-30  1.48889e-36 -6.83005e-30 -3.17863e-36   1.4177e-29  6.34997e-36 -2.68898e-29 -1.18467e-35   4.6318e-29  2.05987e-35 -7.19126e-29  -3.3301e-35  9.97059e-29  4.99172e-35  -1.2201e-28 -6.91564e-35  1.29765e-28  8.82225e-35 -1.17441e-28 -1.03175e-34  8.76423e-29  1.10032e-34 -5.11243e-29 -1.06328e-34  2.07483e-29   9.2374e-35 -3.63354e-30 -7.14498e-35 -1.72833e-30  4.86024e-35  1.44653e-30 -2.86189e-35 -3.67406e-31  1.42872e-35 -2.46271e-32 -5.87873e-36  3.10541e-32  1.91529e-36 -3.68534e-33 -4.64733e-37  -4.8571e-34  7.55508e-38   6.8374e-35 -6.50105e-39  7.10739e-37
 8.82508e-38 -5.56768e-49 -2.69914e-36 -6.47459e-48 -5.40452e-36 -1.68437e-48  1.77585e-35  -5.0551e-46  2.91155e-35  -3.5224e-45 -4.51662e-35 -1.53032e-44  2.56271e-35 -4.06976e-44   2.5072e-35 -2.42282e-44 -6.53026e-35  4.00989e-44  2.33199e-35 -1.80524e-43 -4.20003e-34  9.35923e-43  1.00971e-33  2.37875e-42 -4.22234e-34  -6.5544e-42 -2.16443e-34  1.18667e-41   1.8629e-35  -3.7162e-41 -7.86032e-35 -3.54656e-40  1.30075e-34 -4.66481e-40  1.20589e-34 -1.85931e-39 -3.50431e-35  6.72959e-40  1.63993e-34 -7.07143e-40 -1.09064e-34  1.28865e-38 -1.48788e-34  4.19775e-39  9.58853e-35  1.49162e-38  6.64603e-36  9.24989e-39  -6.4276e-36  2.41712e-38 -1.41081e-35  7.11508e-38 -2.66047e-35  5.72828e-39  1.03616e-35   1.8414e-38 -4.70375e-36 -6.61166e-38  1.31595e-35 -1.82263e-38 -3.66481e-35 -1.22346e-38  1.49835e-34  4.11744e-38 -6.69244e-34 -4.90916e-38  2.76311e-33  5.66751e-40 -1.06743e-32  3.83556e-39  3.86625e-32  2.21343e-38 -1.31055e-31 -5.25407e-38  4.15005e-31  1.34834e-37 -1.22516e-30 -3.58476e-37  3.36368e-30  8.97316e-37 -8.56373e-30 -2.09694e-36  2.01496e-29  4.59779e-36   -4.364e-29 -9.44082e-36  8.65872e-29  1.81252e-35 -1.56497e-28 -3.24744e-35  2.55897e-28  5.41866e-35 -3.75387e-28 -8.40031e-35  4.88862e-28  1.20658e-34 -5.57585e-28  -1.6006e-34  5.46975e-28  1.95353e-34 -4.49642e-28 -2.18369e-34  2.97233e-28  2.22323e-34 -1.46039e-28 -2.04745e-34  4.27074e-29  1.69097e-34  1.93491e-30 -1.23879e-34  -8.5714e-30   7.9373e-35   3.6116e-30 -4.36658e-35 -3.31741e-31  2.01215e-35 -2.09995e-31 -7.50474e-36  5.86975e-32  2.15457e-36   4.2007e-34 -4.39288e-37 -1.15795e-33  5.45758e-38  2.88604e-35 -2.64462e-39
 4.70715e-50  2.99986e-37 -4.89584e-48 -3.70978e-36 -3.80684e-47 -9.78939e-36 -4.88223e-47  1.91172e-35 -2.18612e-45  3.24656e-35  -1.2639e-44 -5.63067e-35 -5.37924e-44  5.46218e-35 -1.37248e-43  1.26893e-35 -7.27443e-44   -7.583e-35  1.68492e-43 -7.04972e-38 -5.81237e-43  -4.3079e-34  2.37875e-42   1.1218e-33  5.30683e-42 -3.98624e-34 -2.14465e-41  -3.0459e-34  2.48844e-41  8.15866e-35 -1.04679e-40 -1.48335e-34 -8.47686e-40  1.63253e-34 -9.55189e-40  1.66099e-34 -4.25399e-39 -7.84271e-35  1.29709e-39  1.86248e-34 -2.23077e-39 -9.62846e-35  2.31131e-38 -1.65899e-34  6.84186e-39  9.33485e-35  2.67248e-38  2.52325e-36  9.01194e-39 -8.00829e-36  3.54574e-38 -1.49346e-35  1.19454e-37 -3.03182e-35  9.06793e-39  1.42145e-35  2.37271e-38 -1.75453e-35 -1.01339e-37  7.14887e-35 -2.57948e-38 -3.10335e-34 -1.19121e-38  1.37892e-33   6.2636e-38 -5.87571e-33 -7.52022e-38  2.34548e-32  3.09695e-39 -8.77674e-32 -7.32315e-39  3.07578e-31  6.56593e-38 -1.00784e-30 -1.71772e-37  3.08181e-30  4.48407e-37 -8.77456e-30 -1.14411e-36  2.32001e-29  2.74377e-36 -5.67855e-29 -6.15925e-36  1.28191e-28  1.29583e-35 -2.65734e-28   -2.551e-35  5.03195e-28  4.69188e-35 -8.64974e-28 -8.04815e-35  1.33946e-27  1.28505e-34 -1.85103e-27 -1.90573e-34  2.25549e-27  2.61831e-34 -2.38536e-27 -3.32273e-34  2.14217e-27  3.88066e-34 -1.58059e-27 -4.15225e-34   9.0498e-28  4.04695e-34 -3.53129e-28 -3.56624e-34  5.07321e-29  2.81403e-34  3.72793e-29  -1.9633e-34 -2.69277e-29  1.19112e-34  6.10392e-30 -6.14666e-35  7.27692e-31  2.61817e-35  -5.9153e-31 -8.82292e-36  5.65378e-32  2.20593e-36  1.09265e-32 -3.66601e-37 -1.22187e-33  3.17923e-38 -2.04874e-35
