      0.12366   3.16733e-15   -0.00517767  -1.14697e-16    -0.0190012  -1.14965e-15    -0.0141526  -5.69812e-16   -0.00825371  -1.41208e-16    -0.0043243  -2.12719e-17   -0.00212281  -5.50361e-18  -0.000988365  -4.67534e-18  -0.000435527   -3.3277e-18  -0.000180126  -1.77808e-18   -6.9271e-05  -7.77163e-19  -2.45843e-05  -2.91589e-19  -8.00894e-06  -9.66974e-20  -2.38521e-06  -2.88796e-20  -6.46473e-07  -7.85799e-21  -1.58288e-07  -1.96103e-21  -3.45073e-08  -4.50056e-22  -6.48425e-09  -9.48921e-23  -9.60702e-10  -1.82812e-23  -7.26592e-11  -3.17609e-24   1.78393e-11  -4.82942e-25   1.09241e-11  -5.93727e-26   3.62129e-12  -4.18608e-27   9.62674e-13   5.38106e-28   2.24069e-13   3.18881e-28   4.72788e-14   9.01912e-29   9.20292e-15   2.01864e-29   1.66934e-15   3.94695e-30   2.83973e-16   6.99742e-31   4.54931e-17   1.14533e-31   6.88329e-18   1.74825e-32   9.85565e-19   2.50381e-33    1.3372e-19   3.37743e-34   1.72067e-20   4.30157e-35   2.10091e-21   5.18072e-36   2.43441e-22   5.90557e-37   2.67681e-23   6.37401e-38   2.79212e-24   6.51392e-39   2.76119e-25   6.30098e-40   2.58683e-26   5.76551e-41   2.29361e-27   4.98586e-42   1.92231e-28   4.07013e-43   1.52073e-29   3.13197e-44   1.13365e-30   2.26788e-45   7.94777e-32   1.54219e-46   5.22848e-33   9.82528e-48   3.21915e-34   5.84867e-49   1.84946e-35   3.24265e-50   9.88079e-37   1.66832e-51   4.88935e-38   7.93138e-53   2.23055e-39   3.46688e-54   9.33071e-41   1.38515e-55   3.55607e-42   5.02324e-57   1.22529e-43   1.63958e-58   3.78149e-45     4.767e-60   1.03329e-46    1.2187e-61    2.4636e-48   2.69445e-63   5.02821e-50   5.03932e-65   8.56094e-52   7.73161e-67   1.17168e-53   9.29787e-69   1.21713e-55   8.13359e-71   8.67189e-58   4.47303e-73   3.36414e-60   9.98402e-76
  3.16733e-15       0.13331   4.66225e-15     0.0325318   1.48741e-16   -0.00439338   -7.9927e-16    -0.0115494  -3.79897e-16   -0.00938787  -1.12024e-16   -0.00584185  -4.01187e-17   -0.00314279     -2.23e-17   -0.00151294  -1.27415e-17  -0.000657786  -6.26416e-18  -0.000258351  -2.64776e-18  -9.13694e-05  -9.80728e-19  -2.89279e-05    -3.227e-19   -8.1094e-06  -9.51628e-20  -1.96592e-06   -2.5248e-20  -3.87992e-07  -6.01358e-21  -4.97442e-08  -1.27066e-21   3.17007e-09   -2.3066e-22   5.00244e-09  -3.27598e-23   2.20239e-09  -2.23512e-24   7.26535e-10   6.52854e-25   2.04953e-10   3.68207e-25   5.17904e-11    1.1785e-25   1.19865e-11   3.05101e-26     2.573e-12   6.94262e-27   5.16304e-13   1.43571e-27   9.73607e-14   2.74421e-28   1.73172e-14   4.89565e-29     2.913e-15   8.20173e-30   4.64311e-16   1.29555e-30   7.02243e-17   1.93487e-31   1.00879e-17   2.73721e-32    1.3773e-18   3.67257e-33   1.78787e-19   4.67712e-34   2.20685e-20   5.65608e-35   2.59004e-21   6.49575e-36   2.88943e-22    7.0836e-37    3.0626e-23   7.33201e-38   3.08216e-24   7.19901e-39   2.94271e-25   6.69959e-40   2.66271e-26   5.90341e-41   2.28066e-27   4.91921e-42   1.84646e-28   3.87068e-43   1.41075e-29     2.871e-44   1.01525e-30   2.00343e-45   6.86705e-32   1.31225e-46    4.3548e-33   8.04681e-48    2.5819e-34   4.60565e-49   1.42651e-35   2.45197e-50   7.31735e-37   1.20937e-51   3.46976e-38   5.50048e-53    1.5133e-39   2.29445e-54   6.03475e-41   8.72164e-56   2.18497e-42   2.99786e-57   7.12202e-44   9.23118e-59   2.06835e-45   2.51717e-60   5.28291e-47   5.98986e-62   1.16714e-48   1.22035e-63   2.18157e-50   2.07431e-65   3.34562e-52   2.83466e-67   4.02212e-54   2.94052e-69   3.51778e-56    2.0924e-71    1.9344e-58   8.10776e-74   4.31765e-61
  -0.00517767   4.66225e-15     0.0933258   3.13101e-15     0.0445003   2.30761e-16    0.00969026  -2.71039e-16   -0.00366167   -1.3809e-16   -0.00587852  -6.03891e-17   -0.00437557  -3.69422e-17   -0.00247484  -2.28375e-17   -0.00116182  -1.18043e-17  -0.000462852  -5.09322e-18   -0.00015558  -1.87802e-18  -4.24127e-05  -5.98354e-19  -8.08735e-06  -1.64018e-19   -1.5063e-07  -3.75858e-20   7.82364e-07  -6.51624e-21   4.77085e-07   -4.6353e-22   2.00218e-07   2.42259e-22   6.98517e-08    1.5137e-22   2.14986e-08    5.7027e-23   5.99916e-09   1.74713e-23   1.54126e-09   4.70033e-24   3.68098e-10   1.14681e-24   8.22623e-11   2.58078e-25   1.72835e-11    5.4111e-26   3.42587e-12     1.064e-26   6.42328e-13   1.97093e-27   1.14147e-13   3.45037e-28   1.92558e-14   5.72173e-29   3.08707e-15   9.00292e-30   4.70751e-16   1.34572e-30   6.83203e-17   1.91252e-31   9.44017e-18   2.58563e-32   1.24208e-18   3.32623e-33   1.55616e-19   4.07182e-34   1.85612e-20   4.74248e-35   2.10694e-21   5.25359e-36   2.27492e-22    5.5324e-37   2.33484e-23   5.53446e-38   2.27593e-24   5.25486e-39   2.10493e-25   4.73057e-40   1.84492e-26   4.03267e-41   1.53033e-27   3.25064e-42   1.19943e-28   2.47355e-43   8.86675e-30   1.77343e-44   6.16961e-31   1.19538e-45   4.03124e-32   7.55637e-47   2.46688e-33   4.46682e-48   1.40948e-34    2.4612e-49   7.49288e-36    1.2593e-50   3.69122e-37   5.95752e-52   1.67722e-38   2.59275e-53   6.99088e-40    1.0319e-54   2.65577e-41    3.7294e-56    9.1246e-43    1.2136e-57   2.80887e-44   3.51913e-59   7.65796e-46   8.97594e-61    1.8222e-47   1.98051e-62   3.71266e-49   3.69762e-64    6.3116e-51   5.66468e-66    8.6271e-53    6.8037e-68   8.95196e-55   5.94556e-70   6.37231e-57   3.26698e-72   2.47021e-59   7.28723e-75
 -1.14697e-16     0.0325318   3.13101e-15     0.0733463   1.57113e-15     0.0470328   3.41309e-16      0.019705   5.80747e-17    0.00521859   1.27216e-17   0.000114779  -7.82593e-18  -0.000759252  -1.33973e-17  -0.000445929  -9.28929e-18  -0.000106033   -4.2686e-18   4.03787e-05  -1.41467e-18   6.22564e-05  -3.02362e-19   4.30268e-05   1.41422e-21   2.23289e-05    4.1233e-20     9.711e-06   2.61605e-20   3.70443e-06   1.15802e-20   1.27039e-06    4.2552e-21   3.97729e-07   1.37531e-21   1.14877e-07   4.01918e-22   3.08441e-08   1.07893e-22   7.74258e-09   2.68777e-23   1.82513e-09   6.25726e-24   4.05418e-10   1.36829e-24   8.50976e-11   2.82107e-25   1.69159e-11   5.49972e-26   3.19014e-12   1.01606e-26   5.71569e-13   1.78194e-27   9.73991e-14   2.97047e-28   1.57992e-14    4.7113e-29   2.44108e-15   7.11451e-30   3.59398e-16   1.02339e-30   5.04338e-17   1.40264e-31   6.74608e-18   1.83187e-32   8.60062e-19   2.27954e-33   1.04485e-19   2.70206e-34    1.2091e-20   3.04972e-35   1.33207e-21   3.27565e-36   1.39623e-22   3.34578e-37   1.39122e-23   3.24697e-38   1.31651e-24   2.99083e-39    1.1818e-25   2.61162e-40   1.00504e-26   2.15886e-41    8.0853e-28   1.68673e-42   6.14228e-29    1.2433e-43   4.39781e-30   8.62806e-45   2.96111e-31   5.62388e-46    1.8702e-32    3.4338e-47   1.10481e-33   1.95793e-48   6.08456e-35   1.03891e-49   3.11226e-36    5.1093e-51    1.4721e-37   2.31797e-52   6.40635e-39   9.64808e-54   2.54987e-40   3.66057e-55   9.21701e-42   1.25624e-56   3.00012e-43   3.86317e-58   8.70253e-45   1.05226e-59    2.2206e-46   2.50179e-61   4.90202e-48   5.09359e-63   9.15706e-50   8.65367e-65   1.40368e-51   1.18218e-66     1.687e-53   1.22612e-68   1.47522e-55   8.72453e-71   8.11183e-58   3.38097e-73   1.81074e-60
   -0.0190012   1.48741e-16     0.0445003   1.57113e-15      0.065815   9.53494e-16     0.0491501   4.35604e-16     0.0279868   2.09992e-16     0.0140231   9.87351e-17    0.00689454   4.09438e-17    0.00359232   1.64763e-17    0.00197818    7.6198e-18    0.00108205   4.02711e-18   0.000556179   2.12307e-18   0.000261659   1.02766e-18   0.000111946   4.46969e-19   4.36637e-05   1.75089e-19   1.56129e-05   6.22963e-20   5.14934e-06   2.03119e-20   1.57544e-06   6.11688e-21   4.49388e-07   1.71243e-21   1.20026e-07   4.48008e-22   3.01265e-08   1.10006e-22   7.12798e-09   2.54406e-23   1.59383e-09   5.55737e-24   3.37519e-10   1.14937e-24   6.78113e-11   2.25484e-25   1.29444e-11    4.2025e-26   2.35044e-12   7.45011e-27   4.06356e-13   1.25746e-27   6.69374e-14   2.02217e-28   1.05115e-14   3.09996e-29   1.57417e-15    4.5316e-30   2.24858e-16   6.31795e-31    3.0638e-17   8.40108e-32   3.98164e-18   1.06529e-32   4.93414e-19   1.28782e-33   5.82836e-20   1.48357e-34   6.55914e-21   1.62775e-35   7.02803e-22   1.69977e-36   7.16418e-23   1.68788e-37    6.9413e-24   1.59225e-38   6.38535e-25   1.42525e-39      5.57e-26   1.20894e-40   4.60075e-27   9.70259e-42   3.59252e-28   7.35504e-43   2.64704e-29   5.25585e-44   1.83655e-30   3.53257e-45     1.197e-31   2.22755e-46   7.30896e-33   1.31401e-47   4.16823e-34    7.2273e-49   2.21233e-35   3.69246e-50    1.0884e-36   1.74472e-51   4.94001e-38   7.58578e-53   2.05723e-39   3.01686e-54    7.8098e-41   1.08973e-55   2.68189e-42   3.54487e-57   8.25294e-44   1.02773e-58   2.24961e-45   2.62127e-60   5.35267e-47   5.78437e-62   1.09068e-48   1.08021e-63   1.85457e-50   1.65547e-65   2.53576e-52   1.98929e-67   2.63237e-54    1.7394e-69    1.8748e-56   9.56414e-72   7.27209e-59   2.13498e-74
 -1.14965e-15   -0.00439338   2.30761e-16     0.0470328   9.53494e-16     0.0627058   7.44255e-16      0.051958   4.62287e-16     0.0352344   2.72633e-16     0.0217407   1.50555e-16     0.0127732   7.85799e-17    0.00718832   3.98954e-17    0.00382009   1.97074e-17    0.00188698   9.25918e-18   0.000858477   4.05528e-18   0.000358816   1.64046e-18    0.00013801   6.12037e-19   4.90262e-05   2.11098e-19   1.61546e-05   6.75721e-20   4.95885e-06   2.01583e-20   1.42369e-06   5.62702e-21   3.83653e-07   1.47497e-21   9.73412e-08   3.64175e-22   2.33156e-08   8.49204e-23   5.28414e-09   1.87444e-23   1.13531e-09   3.92387e-24   2.31615e-10   7.80234e-25   4.49274e-11   1.47559e-25   8.29511e-12   2.65703e-26   1.45908e-12   4.55902e-27   2.44669e-13   7.45878e-28   3.91328e-14   1.16407e-28   5.97189e-15   1.73353e-29    8.6971e-16   2.46367e-30   1.20879e-16   3.34142e-31   1.60325e-17   4.32428e-32   2.02877e-18    5.3384e-33   2.44845e-19   6.28417e-34   2.81689e-20   7.05002e-35    3.0875e-21   7.53263e-36   3.22164e-22   7.65888e-37   3.19741e-23   7.40341e-38   3.01525e-24   6.79619e-39   2.69858e-25   5.91718e-40   2.28901e-26   4.87923e-41   1.83733e-27   3.80417e-42   1.39314e-28   2.79918e-43   9.95877e-30   1.93976e-44   6.69651e-31   1.26291e-45   4.22489e-32   7.70412e-47   2.49373e-33   4.38996e-48   1.37251e-34   2.32835e-49   7.01733e-36   1.14478e-50   3.31832e-37   5.19322e-52   1.44394e-38   2.16175e-53   5.74749e-40    8.2038e-55   2.07794e-41   2.81644e-56   6.76577e-43   8.66529e-58   1.96342e-44   2.36171e-59   5.01271e-46   5.61901e-61   1.10728e-47   1.14494e-62   2.06993e-49   1.94692e-64   3.17557e-51   2.66229e-66   3.81996e-53   2.76414e-68   3.34367e-55   1.96904e-70   1.84051e-57   7.63953e-73   4.11296e-60
   -0.0141526   -7.9927e-16    0.00969026   3.41309e-16     0.0491501   7.44255e-16     0.0622764   6.38697e-16     0.0550402   4.55571e-16      0.040745   2.96956e-16     0.0269741   1.77623e-16     0.0163115   9.83452e-17    0.00903475   5.06532e-17      0.004576   2.41847e-17    0.00211881   1.06548e-17   0.000898813   4.32583e-18    0.00035064    1.6214e-18   0.000126367    5.6298e-19   4.22656e-05   1.81803e-19    1.3177e-05   5.48202e-20   3.84452e-06   1.54922e-20   1.05335e-06   4.11668e-21    2.7185e-07   1.03152e-21   6.62591e-08   2.44332e-22   1.52859e-08   5.48232e-23   3.34416e-09   1.16736e-23   6.94902e-10   2.36241e-24   1.37334e-10   4.54933e-25   2.58417e-11   8.34488e-26   4.63379e-12   1.45922e-26   7.92357e-13   2.43398e-27    1.2927e-13   3.87437e-28   2.01292e-14   5.88705e-29   2.99223e-15   8.54023e-30   4.24652e-16   1.18282e-30   5.75328e-17   1.56385e-31   7.43977e-18   1.97327e-32   9.17969e-19   2.37536e-33   1.08027e-19   2.72652e-34   1.21177e-20   2.98228e-35   1.29478e-21   3.10611e-36   1.31672e-22   3.07768e-37    1.2732e-23    2.8981e-38   1.16927e-24   2.59039e-39   1.01857e-25   2.19473e-40   8.40415e-27    1.7599e-41   6.55692e-28   1.33327e-42   4.82833e-29   9.52378e-44   3.34862e-30   6.39998e-45   2.18204e-31   4.03568e-46   1.33232e-32   2.38103e-47   7.59904e-34   1.31004e-48   4.03435e-35   6.69621e-50   1.98558e-36    3.1659e-51   9.01685e-38   1.37747e-52    3.7574e-39    5.4827e-54   1.42747e-40   1.98225e-55   4.90605e-42   6.45474e-57   1.51113e-43   1.87341e-58   4.12325e-45   4.78377e-60   9.82139e-47   1.05695e-61   2.00355e-48   1.97638e-63   3.41093e-50     3.033e-65   4.66973e-52   3.64976e-67    4.8541e-54   3.19595e-69    3.4619e-56   1.75996e-71   1.34474e-58   3.93481e-74
 -5.69812e-16    -0.0115494  -2.71039e-16      0.019705   4.35604e-16      0.051958   6.38697e-16     0.0631639   5.72369e-16     0.0570398   4.37063e-16     0.0431724   2.96484e-16     0.0286221   1.80102e-16     0.0169136   9.88394e-17    0.00898534   4.93034e-17    0.00431923   2.24396e-17    0.00189046   9.35507e-18   0.000758074   3.58913e-18   0.000280165   1.27345e-18   9.59492e-05    4.1986e-19   3.05989e-05     1.292e-19    9.1256e-06   3.72523e-20   2.55455e-06   1.00987e-20   6.73352e-07   2.58148e-21   1.67582e-07   6.23811e-22   3.94704e-08   1.42805e-22   8.81503e-09   3.10258e-23   1.86981e-09   6.40693e-24   3.77215e-10   1.25912e-24   7.24583e-11   2.35736e-25   1.32645e-11   4.20802e-26   2.31588e-12   7.16642e-27   3.85834e-13   1.16494e-27   6.13638e-14   1.80809e-28    9.3188e-15   2.67993e-29   1.35141e-15   3.79342e-30   1.87149e-16   5.12748e-31   2.47452e-17   6.61683e-32   3.12306e-18   8.14933e-33   3.76082e-19   9.57459e-34   4.31887e-20   1.07248e-34   4.72676e-21   1.14452e-35   4.92636e-22   1.16265e-36   4.88496e-23   1.12317e-37   4.60373e-24   1.03067e-38   4.11858e-25   8.97226e-40    3.4928e-26   7.39878e-41   2.80356e-27   5.76992e-42   2.12613e-28    4.2473e-43   1.52035e-29   2.94488e-44   1.02279e-30   1.91862e-45   6.45678e-32   1.17136e-46   3.81384e-33   6.68079e-48   2.10083e-34   3.54699e-49    1.0751e-35   1.74589e-50   5.08911e-37   7.92964e-52   2.21694e-38   3.30505e-53   8.83483e-40   1.25595e-54   3.19815e-41   4.31789e-56    1.0427e-42   1.33044e-57   3.03008e-44   3.63162e-59   7.74707e-46   8.65403e-61   1.71383e-47   1.76622e-62   3.20873e-49   3.00837e-64   4.93044e-51   4.12077e-66   5.94053e-53   4.28584e-68   5.20843e-55   3.05842e-70    2.8718e-57   1.18875e-72   6.42859e-60
  -0.00825371  -3.79897e-16   -0.00366167   5.80747e-17     0.0279868   4.62287e-16     0.0550402   5.72369e-16     0.0634831   5.22642e-16     0.0562218   4.04393e-16     0.0415808   2.71637e-16     0.0266174   1.60713e-16     0.0150341   8.48624e-17    0.00759107   4.04064e-17    0.00346218   1.74926e-17    0.00143893   6.93562e-18   0.000549121   2.53502e-18   0.000193671   8.59117e-19   6.34829e-05   2.71319e-19   1.94317e-05   8.01956e-20   5.57675e-06   2.22676e-20   1.50579e-06   5.82657e-21   3.83635e-07   1.44054e-21   9.24514e-08   3.37279e-22   2.11179e-08   7.49246e-23   4.58019e-09   1.58169e-23   9.44593e-10   3.17727e-24   1.85462e-10   6.07985e-25   3.47005e-11   1.10922e-25   6.19198e-12   1.93074e-26   1.05438e-12   3.20803e-27   1.71406e-13   5.08997e-28   2.66099e-14   7.71344e-29   3.94562e-15   1.11653e-29   5.58792e-16    1.5437e-30   7.55789e-17   2.03821e-31    9.7604e-18   2.56923e-32   1.20309e-18   3.09061e-33   1.41477e-19   3.54602e-34   1.58626e-20   3.87798e-35   1.69453e-21   4.03922e-36   1.72323e-22   4.00326e-37   1.66656e-23   3.77132e-38   1.53106e-24    3.3729e-39   1.33441e-25   2.85986e-40   1.10173e-26   2.29527e-41   8.60239e-28    1.7406e-42   6.34027e-29   1.24471e-43   4.40164e-30   8.37457e-45    2.8714e-31   5.28767e-46   1.75533e-32     3.124e-47   1.00245e-33   1.72132e-48   5.32927e-35   8.81183e-50   2.62664e-36   4.17274e-51   1.19457e-37   1.81852e-52   4.98556e-39   7.25038e-54   1.89709e-40   2.62589e-55   6.53077e-42   8.56578e-57   2.01496e-43   2.49061e-58   5.50748e-45   6.37157e-60   1.31417e-46    1.4104e-61    2.6857e-48   2.64233e-63   4.58059e-50   4.06282e-65   6.28266e-52   4.89854e-67   6.54296e-54   4.29792e-69   4.67524e-56   2.37151e-71   1.81954e-58   5.31273e-74
 -1.41208e-16   -0.00938787   -1.3809e-16    0.00521859   2.09992e-16     0.0352344   4.55571e-16     0.0570398   5.22642e-16     0.0612394   4.68736e-16     0.0515478   3.51704e-16     0.0362557    2.2653e-16     0.0220151    1.2781e-16     0.0117821   6.42017e-17    0.00564145   2.90738e-17    0.00244522   1.19883e-17   0.000968538   4.53823e-18   0.000353323   1.58814e-18   0.000119477   5.16745e-19   3.76526e-05   1.57095e-19   1.11083e-05   4.48047e-20   3.07954e-06   1.20297e-20   8.04783e-07   3.04933e-21   1.98784e-07   7.31518e-22   4.65116e-08   1.66417e-22   1.03284e-08   3.59631e-23   2.18007e-09   7.39301e-24   4.37963e-10   1.44742e-24   8.38285e-11   2.70137e-25   1.53003e-11   4.80972e-26   2.66473e-12   8.17425e-27   4.43064e-13   1.32663e-27   7.03538e-14   2.05654e-28    1.0671e-14   3.04558e-29   1.54614e-15   4.30868e-30   2.13989e-16   5.82248e-31    2.8285e-17    7.5137e-32   3.56953e-18   9.25603e-33   4.29905e-19   1.08795e-33   4.93863e-20    1.2194e-34   5.40783e-21   1.30231e-35   5.63998e-22   1.32418e-36   5.59716e-23   1.28056e-37   5.27995e-24   1.17647e-38   4.72858e-25   1.02547e-39   4.01484e-26   8.46802e-41    3.2267e-27   6.61346e-42   2.45035e-28   4.87579e-43   1.75472e-29   3.38612e-44   1.18226e-30    2.2098e-45   7.47528e-32   1.35149e-46    4.4227e-33   7.72196e-48   2.44035e-34   4.10732e-49   1.25104e-35   2.02551e-50    5.9325e-37   9.21731e-52   2.58908e-38   3.84927e-53   1.03371e-39   1.46566e-54   3.74909e-41   5.04903e-56   1.22468e-42   1.55889e-57    3.5659e-44   4.26399e-59    9.1351e-46   1.01821e-60   2.02494e-47   2.08245e-62   3.79889e-49   3.55449e-64   5.84917e-51   4.87918e-66   7.06197e-53   5.08549e-68   6.20449e-55   3.63686e-70   3.42812e-57   1.41663e-72   7.68998e-60
   -0.0043243  -1.12024e-16   -0.00587852   1.27216e-17     0.0140231   2.72633e-16      0.040745   4.37063e-16     0.0562218   4.68736e-16      0.055299   3.98586e-16     0.0434146   2.82384e-16     0.0286549   1.71697e-16     0.0163905   9.16378e-17    0.00829348   4.36662e-17    0.00376885    1.8818e-17    0.00155626    7.4089e-18   0.000589362   2.68675e-18   0.000206232   9.03408e-19   6.70901e-05   2.83209e-19   2.03925e-05   8.31519e-20    5.8157e-06   2.29521e-20   1.56157e-06   5.97487e-21   3.95915e-07   1.47072e-21   9.50125e-08   3.43069e-22   2.16259e-08   7.59768e-23   4.67647e-09    1.5999e-23   9.62094e-10   3.20746e-24   1.88527e-10   6.12827e-25   3.52198e-11   1.11681e-25   6.27743e-12   1.94251e-26   1.06807e-12   3.22625e-27   1.73547e-13   5.11826e-28   2.69367e-14   7.75739e-29   3.99425e-15   1.12331e-29   5.65832e-16   1.55398e-30   7.65674e-17   2.05337e-31   9.89454e-18   2.59076e-32   1.22063e-18    3.1199e-33   1.43679e-19   3.58399e-34   1.61273e-20   3.92477e-35   1.72492e-21   4.09387e-36   1.75647e-22    4.0637e-37   1.70114e-23    3.8345e-38   1.56521e-24   3.43527e-39   1.36635e-25   2.91793e-40   1.12998e-26   2.34618e-41   8.83836e-28   1.78259e-42   6.52588e-29   1.27722e-43   4.53887e-30   8.61042e-45   2.96653e-31   5.44763e-46     1.817e-32   3.22516e-47   1.03972e-33   1.78079e-48   5.53851e-35   9.13565e-50   2.73533e-36   4.33539e-51   1.24658e-37   1.89351e-52   5.21348e-39   7.56592e-54     1.988e-40   2.74623e-55   6.85835e-42   8.97822e-57   2.12057e-43   2.61637e-58   5.80869e-45   6.70831e-60   1.38905e-46   1.48829e-61   2.84495e-48   2.79456e-63   4.86284e-50   4.30663e-65   6.68449e-52    5.2043e-67   6.97681e-54   4.57659e-69   4.99629e-56   2.53103e-71    1.9488e-58   5.68301e-74
 -2.12719e-17   -0.00584185  -6.03891e-17   0.000114779   9.87351e-17     0.0217407   2.96956e-16     0.0431724   4.04393e-16     0.0515478   3.98586e-16      0.046065   3.14569e-16     0.0334565   2.08002e-16     0.0206304   1.18782e-16     0.0111029   5.98881e-17    0.00531683   2.70945e-17    0.00229809   1.11355e-17   0.000906488   4.19747e-18   0.000329159   1.46232e-18   0.000110795   4.73764e-19   3.47661e-05   1.43467e-19   1.02171e-05   4.07785e-20   2.82289e-06    1.0917e-20   7.35591e-07   2.76068e-21   1.81259e-07   6.61013e-22   4.23296e-08   1.50159e-22   9.38566e-09   3.24162e-23    1.9789e-09   6.65946e-24   3.97255e-10   1.30338e-24   7.60048e-11    2.4325e-25   1.38706e-11   4.33209e-26   2.41607e-12   7.36615e-27   4.01871e-13   1.19633e-27   6.38504e-14   1.85623e-28   9.69216e-15   2.75189e-29   1.40565e-15   3.89798e-30   1.94761e-16   5.27471e-31   2.57755e-17   6.81699e-32   3.25729e-18   8.41121e-33   3.92881e-19   9.90333e-34   4.52045e-20   1.11197e-34   4.95819e-21    1.1898e-35   5.18009e-22   1.21211e-36   5.15014e-23   1.17452e-37   4.86742e-24   1.08127e-38   4.36761e-25   9.44461e-40   3.71575e-26   7.81575e-41   2.99241e-27   6.11734e-42   2.27717e-28   4.51999e-43   1.63416e-29   3.14606e-44   1.10339e-30   2.05779e-45    6.9918e-32    1.2614e-46   4.14576e-33   7.22385e-48   2.29263e-34    3.8513e-49   1.17794e-35   1.90369e-50   5.59851e-37   8.68332e-52   2.44887e-38   3.63481e-53   9.79968e-40   1.38728e-54   3.56232e-41   4.79034e-56   1.16635e-42   1.48253e-57    3.4039e-44   4.06478e-59   8.74027e-46   9.72951e-61   1.94191e-47   1.99463e-62   3.65158e-49    3.4127e-64   5.63541e-51    4.6957e-66   6.81969e-53    4.9059e-68   6.00554e-55   3.51677e-70    3.3259e-57    1.3731e-72   7.47799e-60
  -0.00212281  -4.01187e-17   -0.00437557  -7.82593e-18    0.00689454   1.50555e-16     0.0269741   2.96484e-16     0.0415808   3.51704e-16     0.0434146   3.14569e-16     0.0352116   2.28625e-16     0.0236332   1.40761e-16     0.0136212    7.5521e-17    0.00690906   3.60285e-17    0.00313856   1.55118e-17     0.0012937   6.09545e-18    0.00048877   2.20549e-18   0.000170607   7.39956e-19   5.53697e-05   2.31512e-19   1.67949e-05   6.78615e-20   4.78135e-06   1.87074e-20   1.28205e-06   4.86538e-21   3.24715e-07   1.19693e-21   7.78727e-08   2.79135e-22   1.77184e-08   6.18215e-23   3.83126e-09   1.30226e-23   7.88377e-10    2.6123e-24   1.54557e-10   4.99522e-25   2.88936e-11   9.11251e-26   5.15443e-12   1.58688e-26   8.77933e-13   2.63917e-27   1.42827e-13   4.19319e-28   2.21991e-14    6.3657e-29   3.29669e-15   9.23398e-30   4.67771e-16   1.27978e-30   6.34069e-17   1.69432e-31   8.20872e-18   2.14205e-32   1.01458e-18   2.58492e-33    1.1966e-19    2.9758e-34   1.34586e-20   3.26592e-35   1.44249e-21   3.41429e-36   1.47202e-22   3.39688e-37   1.42877e-23   3.21273e-38   1.31752e-24   2.88502e-39   1.15274e-25   2.45638e-40   9.55503e-27   1.97982e-41   7.49093e-28   1.50788e-42   5.54392e-29   1.08304e-43   3.86499e-30   7.31923e-45   2.53209e-31   4.64215e-46   1.55461e-32    2.7551e-47   8.91711e-34   1.52502e-48   4.76151e-35   7.84298e-50   2.35727e-36   3.73122e-51   1.07688e-37   1.63369e-52   4.51471e-39   6.54405e-54   1.72573e-40   2.38123e-55     5.968e-42   7.80434e-57   1.84977e-43   2.27995e-58   5.07919e-45   5.86024e-60   1.21756e-46   1.30336e-61   2.49974e-48   2.45338e-63   4.28313e-50   3.79018e-65   5.90183e-52   4.59148e-67   6.17478e-54    4.0476e-69   4.43257e-56   2.24396e-71   1.73307e-58   5.05071e-74
 -5.50361e-18   -0.00314279  -3.69422e-17  -0.000759252   4.09438e-17     0.0127732   1.77623e-16     0.0286221   2.71637e-16     0.0362557   2.82384e-16     0.0334565   2.28625e-16     0.0247198   1.53093e-16     0.0153755   8.79544e-17    0.00830676    4.4454e-17    0.00398269   2.01231e-17     0.0017212   8.26743e-18   0.000678411   3.11422e-18   0.000246104   1.08415e-18   8.27623e-05   3.51041e-19   2.59505e-05   1.06265e-19   7.62247e-06   3.02014e-20   2.10551e-06   8.08669e-21   5.48669e-07   2.04583e-21   1.35238e-07    4.9018e-22   3.15992e-08   1.11452e-22   7.01179e-09    2.4087e-23   1.47983e-09   4.95478e-24   2.97413e-10   9.71169e-25   5.69783e-11   1.81544e-25   1.04138e-11   3.23883e-26   1.81688e-12   5.51753e-27   3.02733e-13   8.97872e-28   4.81883e-14   1.39603e-28   7.32898e-15   2.07411e-29   1.06508e-15   2.94447e-30   1.47884e-16   3.99355e-31   1.96142e-17   5.17335e-32   2.48422e-18   6.39847e-33   3.00321e-19   7.55188e-34    3.4635e-20   8.50038e-35   3.80789e-21   9.11806e-36   3.98787e-22   9.31251e-37   3.97444e-23   9.04674e-38   3.76549e-24    8.3498e-39   3.38719e-25   7.31218e-40   2.88885e-26   6.06676e-41   2.33232e-27   4.76077e-42   1.77932e-28   3.52681e-43   1.28012e-29   2.46119e-44   8.66534e-31   1.61403e-45   5.50487e-32   9.91966e-47   3.27239e-33   5.69569e-48   1.81426e-34   3.04452e-49    9.3453e-36   1.50882e-50   4.45292e-37   6.90012e-52   1.95273e-38   2.89587e-53   7.83408e-40   1.10812e-54   2.85501e-41   3.83627e-56   9.37132e-43   1.19032e-57   2.74184e-44   3.27198e-59     7.058e-46   7.85188e-61   1.57208e-47    1.6138e-62   2.96353e-49   2.76814e-64   4.58496e-51   3.81846e-66   5.56226e-53   3.99944e-68   4.91034e-55   2.87416e-70   2.72607e-57     1.125e-72   6.14436e-60
 -0.000988365     -2.23e-17   -0.00247484  -1.33973e-17    0.00359232   7.85799e-17     0.0163115   1.80102e-16     0.0266174    2.2653e-16     0.0286549   2.08002e-16     0.0236332   1.53093e-16     0.0160052   9.48586e-17    0.00926743   5.10564e-17    0.00471116   2.43948e-17    0.00214221   1.05106e-17   0.000883336   4.13189e-18   0.000333784   1.49554e-18   0.000116526   5.01985e-19   3.78283e-05   1.57152e-19   1.14793e-05   4.61016e-20   3.27015e-06   1.27216e-20   8.77593e-07   3.31257e-21   2.22509e-07   8.16055e-22    5.3428e-08   1.90609e-22   1.21738e-08   4.22879e-23    2.6365e-09   8.92449e-24   5.43462e-10    1.7938e-24   1.06741e-10   3.43731e-25   1.99939e-11   6.28432e-26   3.57417e-12   1.09688e-26   6.10091e-13   1.82856e-27   9.94759e-14   2.91234e-28   1.54969e-14   4.43224e-29   2.30684e-15   6.44567e-30   3.28115e-16    8.9564e-31   4.45863e-17   1.18886e-31   5.78669e-18   1.50699e-32    7.1704e-19   1.82342e-33   8.47859e-20   2.10481e-34   9.56094e-21   2.31627e-35   1.02742e-21   2.42808e-36   1.05122e-22    2.4223e-37   1.02303e-23   2.29726e-38   9.45878e-25   2.06859e-39   8.29777e-26   1.76608e-40   6.89637e-27   1.42735e-41   5.42103e-28   1.09009e-42   4.02274e-29   7.85098e-44   2.81197e-30   5.32026e-45   1.84713e-31   3.38352e-46   1.13709e-32   2.01357e-47   6.53961e-34   1.11759e-48   3.50124e-35   5.76315e-50   1.73794e-36   2.74914e-51   7.96045e-38   1.20693e-52    3.3461e-39   4.84748e-54   1.28238e-40   1.76858e-55   4.44637e-42   5.81177e-57   1.38172e-43   1.70231e-58   3.80383e-45   4.38701e-60   9.14181e-47   9.78253e-62    1.8817e-48   1.84619e-63    3.2324e-50   2.85952e-65   4.46532e-52   3.47297e-67   4.68365e-54   3.06941e-69   3.37062e-56   1.70598e-71   1.32116e-58   3.84955e-74
 -4.67534e-18   -0.00151294  -2.28375e-17  -0.000445929   1.64763e-17    0.00718832   9.83452e-17     0.0169136   1.60713e-16     0.0220151   1.71697e-16     0.0206304   1.40761e-16     0.0153755   9.48586e-17    0.00961001    5.4691e-17    0.00520637    2.7701e-17    0.00250043   1.25577e-17    0.00108187   5.16533e-18   0.000426833    1.9479e-18   0.000154988   6.78935e-19   5.21754e-05   2.20127e-19   1.63791e-05   6.67352e-20   4.81752e-06   1.89979e-20   1.33271e-06   5.09604e-21   3.47866e-07   1.29175e-21   8.58988e-08   3.10149e-22   2.01098e-08   7.06745e-23   4.47157e-09   1.53095e-23   9.45778e-10   3.15682e-24   1.90514e-10     6.203e-25   3.65851e-11   1.16252e-25   6.70292e-12   2.07945e-26   1.17238e-12   3.55197e-27   1.95846e-13   5.79591e-28   3.12558e-14   9.03653e-29   4.76632e-15   1.34632e-29   6.94527e-16   1.91667e-30   9.66957e-17   2.60695e-31   1.28601e-17   3.38675e-32   1.63328e-18   4.20079e-33   1.97998e-19   4.97229e-34   2.28982e-20   5.61293e-35   2.52454e-21   6.03814e-36   2.65126e-22   6.18468e-37   2.64974e-23   6.02548e-38   2.51747e-24   5.57728e-39   2.27091e-25   4.89821e-40   1.94222e-26   4.07558e-41   1.57243e-27   3.20735e-42   1.20295e-28   2.38279e-43   8.67858e-30   1.66754e-44   5.89098e-31   1.09665e-45   3.75272e-32   6.75881e-47   2.23696e-33   3.89164e-48    1.2436e-34   2.08598e-49   6.42329e-36   1.03665e-50   3.06893e-37   4.75382e-52   1.34945e-38   2.00057e-53   5.42836e-40   7.67612e-55   1.98358e-41   2.66464e-56   6.52824e-43   8.29012e-58   1.91508e-44    2.2849e-59   4.94273e-46   5.49774e-61   1.10381e-47   1.13294e-62   2.08622e-49   1.94844e-64     3.236e-51   2.69476e-66   3.93587e-53   2.82981e-68   3.48346e-55   2.03887e-70   1.93883e-57   8.00094e-73   4.38102e-60
 -0.000435527  -1.27415e-17   -0.00116182  -9.28929e-18    0.00197818   3.98954e-17    0.00903475   9.88394e-17     0.0150341    1.2781e-16     0.0163905   1.18782e-16     0.0136212   8.79544e-17    0.00926743    5.4691e-17    0.00538201   2.95079e-17    0.00274172   1.41258e-17    0.00124879   6.09656e-18   0.000515735   2.40071e-18   0.000195182   8.70479e-19   6.82505e-05   2.92731e-19   2.21952e-05    9.1828e-20   6.74801e-06   2.69965e-20   1.92621e-06   7.46662e-21   5.18039e-07    1.9489e-21   1.31644e-07   4.81318e-22    3.1685e-08   1.12716e-22   7.23738e-09   2.50738e-23   1.57142e-09   5.30618e-24    3.2477e-10   1.06953e-24   6.39594e-11   2.05532e-25   1.20133e-11    3.7686e-26   2.15354e-12   6.59712e-27   3.68638e-13   1.10304e-27   6.02789e-14   1.76206e-28   9.41769e-15   2.68972e-29   1.40598e-15   3.92337e-30   2.00564e-16    5.4681e-31   2.73339e-17   7.28022e-32   3.55799e-18   9.25637e-33   4.42176e-19   1.12339e-33   5.24388e-20   1.30066e-34   5.93071e-21   1.43565e-35   6.39192e-22   1.50948e-36   6.55913e-23    1.5104e-37   6.40194e-24   1.43671e-38   5.93642e-25   1.29755e-39   5.22291e-26   1.11108e-40    4.3534e-27   9.00622e-42   3.43195e-28   6.89832e-43   2.55403e-29   4.98276e-44   1.79042e-30   3.38638e-45   1.17944e-31   2.15984e-46   7.28114e-33   1.28903e-47   4.19928e-34   7.17481e-49   2.25454e-35   3.71036e-50   1.12222e-36   1.77489e-51    5.1544e-38   7.81389e-53   2.17256e-39   3.14706e-54   8.34899e-41   1.15136e-55   2.90268e-42   3.79385e-57   9.04446e-44   1.11427e-58   2.49658e-45   2.87932e-60   6.01604e-47   6.43778e-62   1.24158e-48   1.21819e-63    2.1384e-50   1.89182e-65   2.96175e-52   2.30371e-67   3.11461e-54   2.04134e-69   2.24722e-56   1.13752e-71   8.83083e-59   2.57342e-74
  -3.3277e-18  -0.000657786  -1.18043e-17  -0.000106033    7.6198e-18    0.00382009   5.06532e-17    0.00898534   8.48624e-17     0.0117821   9.16378e-17     0.0111029    7.5521e-17    0.00830676   5.10564e-17    0.00520637   2.95079e-17    0.00282691   1.49775e-17    0.00136036   6.80363e-18    0.00058973   2.80436e-18   0.000233129   1.05986e-18   8.48275e-05   3.70265e-19    2.8619e-05   1.20341e-19   9.00498e-06   3.65765e-20   2.65503e-06   1.04402e-20   7.36352e-07   2.80824e-21    1.9271e-07   7.13863e-22   4.77158e-08   1.71899e-22   1.12021e-08   3.92879e-23     2.498e-09   8.53637e-24   5.29892e-10   1.76561e-24   1.07056e-10   3.48013e-25     2.062e-11   6.54266e-26   3.78933e-12     1.174e-26     6.648e-13    2.0117e-27   1.11396e-13     3.293e-28   1.78328e-14   5.15052e-29    2.7278e-15   7.69799e-30   3.98712e-16    1.0994e-30   5.56825e-17   1.50008e-31   7.42843e-18   1.95495e-32   9.46348e-19   2.43249e-33   1.15076e-19   2.88828e-34   1.33492e-20   3.27061e-35   1.47626e-21   3.52933e-36   1.55508e-22   3.62617e-37    1.5589e-23   3.54371e-38   1.48555e-24   3.29015e-39   1.34408e-25   2.89835e-40   1.15296e-26   2.41887e-41   9.36218e-28   1.90929e-42   7.18342e-29   1.42267e-43    5.1976e-30   9.98573e-45   3.53837e-31   6.58638e-46   2.26056e-32   4.07114e-47   1.35137e-33   2.35091e-48   7.53413e-35   1.26375e-49   3.90248e-36   6.29829e-51   1.86978e-37   2.89644e-52   8.24462e-39   1.22235e-53   3.32573e-40   4.70323e-55    1.2186e-41   1.63718e-56   4.02157e-43   5.10755e-58   1.18294e-44   1.41158e-59   3.06135e-46   3.40563e-61   6.85493e-48   7.03703e-63   1.29903e-49   1.21346e-64   2.02028e-51   1.68272e-66   2.46366e-53    1.7717e-68   2.18614e-55   1.27984e-70   1.21991e-57   5.03539e-73   2.76359e-60
 -0.000180126  -6.26416e-18  -0.000462852   -4.2686e-18    0.00108205   1.97074e-17      0.004576   4.93034e-17    0.00759107   6.42017e-17    0.00829348   5.98881e-17    0.00690906    4.4454e-17    0.00471116    2.7701e-17    0.00274172   1.49775e-17    0.00139961   7.18571e-18   0.000638863   3.10853e-18    0.00026444   1.22711e-18   0.000100318   4.46106e-19   3.51674e-05   1.50432e-19   1.14668e-05   4.73248e-20   3.49586e-06   1.39543e-20   1.00074e-06   3.87122e-21   2.69931e-07    1.0136e-21   6.88012e-08   2.51124e-22   1.66104e-08   5.89983e-23   3.80593e-09   1.31671e-23   8.28977e-10   2.79563e-24   1.71873e-10   5.65361e-25   3.39569e-11   1.09007e-25   6.39862e-12   2.00539e-26   1.15075e-12   3.52224e-27   1.97621e-13   5.90884e-28   3.24194e-14    9.4705e-29   5.08147e-15   1.45043e-29   7.61074e-16   2.12267e-30   1.08918e-16   2.96815e-31   1.48917e-17   3.96475e-32   1.94463e-18   5.05738e-33   2.42443e-19   6.15771e-34   2.88432e-20   7.15239e-35   3.27239e-21   7.91996e-36   3.53794e-22   8.35373e-37   3.64181e-23   8.38519e-38   3.56555e-24   8.00109e-39   3.31645e-25   7.24855e-40   2.92675e-26   6.22601e-41   2.44691e-27   5.06217e-42    1.9348e-28   3.88915e-43   1.44417e-29   2.81767e-44   1.01539e-30   1.92067e-45   6.70858e-32   1.22864e-46   4.15358e-33   7.35431e-48   2.40246e-34   4.10541e-49   1.29356e-35   2.12921e-50   6.45718e-37   1.02146e-51   2.97422e-38   4.50974e-53   1.25714e-39   1.82144e-54   4.84459e-41   6.68245e-56   1.68897e-42   2.20806e-57   5.27712e-44   6.50306e-59   1.46063e-45   1.68502e-60   3.52921e-47    3.7777e-62   7.30308e-49   7.16765e-64   1.26117e-50   1.11609e-65   1.75137e-52   1.36269e-67   1.84659e-54   1.21067e-69   1.33579e-56   6.76396e-72   5.26276e-59   1.53418e-74
 -1.77808e-18  -0.000258351  -5.09322e-18   4.03787e-05   4.02711e-18    0.00188698   2.41847e-17    0.00431923   4.04064e-17    0.00564145   4.36662e-17    0.00531683   3.60285e-17    0.00398269   2.43948e-17    0.00250043   1.41258e-17    0.00136036   7.18571e-18   0.000656088   3.27217e-18   0.000285112   1.35233e-18   0.000113003   5.12542e-19   4.12318e-05   1.79591e-19   1.39511e-05   5.85507e-20   4.40295e-06    1.7853e-20    1.3022e-06   5.11258e-21   3.62304e-07    1.3798e-21   9.51257e-08   3.51939e-22    2.3631e-08   8.50379e-23   5.56624e-09   1.95027e-23   1.24541e-09    4.2522e-24   2.65075e-10   8.82558e-25   5.37354e-11   1.74564e-25   1.03851e-11   3.29323e-26   1.91494e-12   5.92984e-27   3.37096e-13   1.01962e-27   5.66756e-14    1.6748e-28    9.1035e-15   2.62851e-29   1.39719e-15   3.94199e-30   2.04905e-16    5.6489e-31   2.87113e-17   7.73365e-32   3.84294e-18   1.01125e-32    4.9118e-19   1.26245e-33   5.99224e-20   1.50395e-34   6.97369e-21   1.70861e-35   7.73684e-22   1.84975e-36   8.17595e-23   1.90663e-37   8.22198e-24   1.86922e-38   7.85972e-25   1.74097e-39   7.13334e-26   1.53847e-40   6.13798e-27   1.28795e-41   4.99937e-28   1.01976e-42   3.84758e-29   7.62179e-44   2.79232e-30   5.36595e-45   1.90661e-31   3.54991e-46   1.22169e-32   2.20079e-47   7.32475e-34   1.27462e-48   4.09558e-35   6.87189e-50   2.12753e-36   3.43474e-51   1.02227e-37   1.58411e-52   4.52042e-39    6.7043e-54   1.82859e-40    2.5869e-55   6.71897e-42   9.03013e-57    2.2235e-43   2.82498e-58   6.55836e-45   7.82893e-60   1.70187e-46     1.894e-61   3.82109e-48   3.92416e-63   7.26049e-50     6.785e-65   1.13217e-51   9.43386e-67   1.38427e-53   9.95898e-69   1.23155e-55   7.21302e-71   6.89009e-58   2.84526e-73   1.56491e-60
  -6.9271e-05  -2.64776e-18   -0.00015558  -1.41467e-18   0.000556179   9.25918e-18    0.00211881   2.24396e-17    0.00346218   2.90738e-17    0.00376885   2.70945e-17    0.00313856   2.01231e-17    0.00214221   1.25577e-17    0.00124879   6.80363e-18   0.000638863   3.27217e-18    0.00029234   1.41943e-18   0.000121337   5.61999e-19   4.61656e-05   2.04953e-19   1.62338e-05   6.93393e-20   5.31021e-06   2.18875e-20   1.62426e-06   6.47617e-21   4.66539e-07   1.80296e-21   1.26272e-07   4.73753e-22   3.22967e-08   1.17796e-22   7.82459e-09   2.77746e-23   1.79915e-09   6.22111e-24   3.93261e-10   1.32564e-24   8.18233e-11   2.69054e-25   1.62229e-11   5.20631e-26   3.06772e-12   9.61239e-27   5.53645e-13   1.69434e-27   9.54116e-14   2.85249e-28   1.57065e-14   4.58802e-29   2.47039e-15   7.05128e-30   3.71272e-16   1.03553e-30   5.33146e-17   1.45299e-31   7.31404e-18   1.94749e-32   9.58314e-19   2.49262e-33   1.19875e-19   3.04516e-34   1.43085e-20   3.54885e-35   1.62869e-21   3.94269e-36   1.76658e-22   4.17224e-37    1.8243e-23   4.20155e-38    1.7918e-24   4.02197e-39    1.6719e-25   3.65529e-40   1.48007e-26   3.14955e-41   1.24126e-27    2.5688e-42   9.84503e-29   1.97966e-43   7.37093e-30   1.43865e-44   5.19815e-31   9.83637e-46   3.44466e-32   6.31121e-47   2.13907e-33   3.78898e-48   1.24089e-34   2.12138e-49   6.70086e-36   1.10344e-50   3.35459e-37   5.30893e-52   1.54957e-38   2.35063e-53   6.56832e-40   9.52098e-55   2.53832e-41   3.50288e-56   8.87401e-43   1.16068e-57   2.78031e-44   3.42784e-59   7.71657e-46    8.9063e-61   1.86956e-47   2.00217e-62   3.87914e-49   3.80907e-64   6.71676e-51   5.94706e-66   9.35216e-53   7.28032e-68   9.88648e-55   6.48512e-70   7.17034e-57   3.63266e-72   2.83226e-59   8.26074e-75
 -7.77163e-19  -9.13694e-05  -1.87802e-18   6.22564e-05   2.12307e-18   0.000858477   1.06548e-17    0.00189046   1.74926e-17    0.00244522    1.8818e-17    0.00229809   1.55118e-17     0.0017212   1.05106e-17    0.00108187   6.09656e-18    0.00058973   3.10853e-18   0.000285112   1.41943e-18   0.000124244   5.88413e-19   4.93929e-05   2.23738e-19   1.80801e-05   7.86639e-20   6.13805e-06   2.57366e-20   1.94386e-06   7.87577e-21   5.76938e-07   2.26367e-21   1.61094e-07   6.13191e-22   4.24498e-08   1.56987e-22   1.05838e-08   3.80741e-23   2.50211e-09   8.76466e-24    5.6188e-10   1.91811e-24   1.20029e-10   3.99594e-25   2.44208e-11   7.93301e-26   4.73681e-12   1.50212e-26   8.76592e-13   2.71467e-27   1.54865e-13   4.68478e-28   2.61304e-14   7.72289e-29   4.21206e-15   1.21641e-29   6.48736e-16   1.83073e-30    9.5472e-17   2.63269e-31   1.34238e-17   3.61686e-32   1.80291e-18   4.74573e-33   2.31219e-19   5.94487e-34   2.83029e-20   7.10608e-35   3.30484e-21   8.10013e-36    3.6786e-22   8.79839e-37   3.90009e-23   9.09875e-38   3.93476e-24   8.94925e-39   3.77346e-25   8.36209e-40    3.4356e-26   7.41299e-41    2.9655e-27    6.2255e-42   2.42292e-28   4.94456e-43   1.87046e-29   3.70705e-44    1.3616e-30   2.61786e-45   9.32522e-32   1.73713e-46   5.99316e-33   1.08018e-47   3.60391e-34    6.2746e-49   2.02102e-35    3.3928e-50   1.05291e-36   1.70076e-51    5.0738e-38   7.86655e-53   2.25001e-39   3.33882e-54   9.12741e-41   1.29196e-55   3.36317e-42   4.52251e-57   1.11606e-43   1.41875e-58   3.30095e-45   3.94265e-60   8.58919e-47   9.56424e-62   1.93368e-48   1.98696e-63   3.68404e-50   3.44473e-65   5.75996e-52   4.80228e-67   7.06108e-54   5.08295e-69   6.29845e-56   3.69105e-71   3.53287e-58   1.45974e-73   8.04456e-61
