 0.000448763  2.15282e-20  -0.00236004 -2.38592e-19   0.00291676  8.16429e-19 -0.000375438 -1.44407e-18 -0.000567112  1.17052e-18 -0.000102759 -2.46286e-19  2.15957e-05 -1.87831e-19  1.27493e-05  4.30277e-20  2.38147e-06  4.22674e-20  2.01104e-07 -4.13488e-21  5.34897e-09
 2.15282e-20   0.00387816  1.26562e-19   -0.0105092 -8.92264e-19   0.00753871  2.65374e-18   0.00136846 -4.11935e-18  -0.00109056  2.65558e-18 -0.000512738 -2.39377e-19 -7.53715e-05 -5.64528e-19  3.60304e-06  1.14401e-19  2.51421e-06  6.39845e-20  2.59942e-07 -2.82399e-21
 -0.00236004  1.26562e-19     0.015473  3.05648e-19   -0.0261427 -1.52413e-18   0.00948883  5.08243e-18   0.00589182 -7.35602e-18 -0.000184826  3.95569e-18 -0.000756656 -1.27578e-19 -0.000229177  -9.1787e-19  -3.0229e-05   1.7936e-19  -1.4652e-06  5.75168e-20  8.94981e-09
-2.38592e-19   -0.0105092  3.05648e-19    0.0381436  7.76225e-20   -0.0432327 -4.68061e-19   0.00320888  6.64962e-18     0.010146 -9.47492e-18   0.00248441  4.73136e-18 -0.000211598 -2.26766e-19 -0.000210505 -9.72243e-19 -4.08781e-05  2.07294e-19 -3.07322e-06  2.91998e-20
  0.00291676 -8.92264e-19   -0.0261427  7.76225e-20    0.0659688 -1.62524e-18   -0.0512775  3.72712e-18   -0.0109906  6.15468e-18   0.00954564 -9.01499e-18   0.00490558  5.05363e-18  0.000831115 -5.13416e-19  6.69882e-06 -6.49692e-19 -1.40746e-05  1.83746e-19 -1.04731e-06
 8.16429e-19   0.00753871 -1.52413e-18   -0.0432327 -1.62524e-18    0.0870119 -5.33264e-18   -0.0451329  9.76013e-18   -0.0263376  3.67276e-18   0.00285132 -5.73041e-18   0.00468301  4.99889e-18    0.0013508 -5.64794e-19  0.000171069 -1.41016e-19  8.10998e-06  1.08285e-19
-0.000375438  2.65374e-18   0.00948883 -4.68061e-19   -0.0512775 -5.33264e-18    0.0943693 -9.27952e-18   -0.0286201  1.39016e-17    -0.035516  7.08944e-19  -0.00644385 -7.67409e-19    0.0017579   4.5995e-18  0.000910685  -1.0985e-19  0.000140425  2.21353e-19  6.61917e-06
-1.44407e-18   0.00136846  5.08243e-18   0.00320888  3.72712e-18   -0.0451329 -9.27952e-18    0.0913723 -9.48975e-18  -0.00860128   1.4152e-17    -0.035109 -2.01752e-19   -0.0130077  4.12317e-18  -0.00152152  4.07931e-18   0.00012547  5.61786e-19   3.7353e-05  2.38964e-19
-0.000567112 -4.11935e-18   0.00589182  6.64962e-18   -0.0109906  9.76013e-18   -0.0286201 -9.48975e-18    0.0861158 -2.69167e-18    0.0110779  1.31624e-17   -0.0256499  2.91254e-18   -0.0135076  7.55791e-18   -0.0028687  3.64205e-18 -0.000264227  8.55742e-19 -6.40352e-06
 1.17052e-18  -0.00109056 -7.35602e-18     0.010146  6.15468e-18   -0.0263376  1.39016e-17  -0.00860128 -2.69167e-18    0.0842223   1.0583e-17    0.0294306  1.53391e-17    -0.010597  9.04333e-18  -0.00871328  8.84071e-18  -0.00212237  3.07777e-18 -0.000204713  5.59019e-19
-0.000102759  2.65558e-18 -0.000184826 -9.47492e-18   0.00954564  3.67276e-18    -0.035516   1.4152e-17    0.0110779   1.0583e-17    0.0863235  2.58498e-17    0.0447258  2.11224e-17   0.00431926  1.41377e-17  -0.00256108  7.92182e-18 -0.000772377  2.07955e-18 -5.48037e-05
-2.46286e-19 -0.000512738  3.95569e-18   0.00248441 -9.01499e-18   0.00285132  7.08944e-19    -0.035109  1.31624e-17    0.0294306  2.58498e-17    0.0887455  3.72321e-17    0.0529107  2.57987e-17    0.0133114  1.46853e-17   0.00124276  5.48268e-18 -2.26989e-05  8.89514e-19
 2.15957e-05 -2.39377e-19 -0.000756656  4.73136e-18   0.00490558 -5.73041e-18  -0.00644385 -2.01752e-19   -0.0256499  1.53391e-17    0.0447258  3.72321e-17    0.0855821  4.04233e-17    0.0503796  2.46421e-17    0.0142066  1.09305e-17   0.00192455  2.77033e-18  8.64811e-05
-1.87831e-19 -7.53715e-05 -1.27578e-19 -0.000211598  5.05363e-18   0.00468301 -7.67409e-19   -0.0130077  2.91254e-18    -0.010597  2.11224e-17    0.0529107  4.04233e-17    0.0726838  3.47811e-17    0.0382327  1.78878e-17   0.00974964  5.91738e-18   0.00108276  8.75546e-19
 1.27493e-05 -5.64528e-19 -0.000229177 -2.26766e-19  0.000831115  4.99889e-18    0.0017579  4.12317e-18   -0.0135076  9.04333e-18   0.00431926  2.57987e-17    0.0503796  3.47811e-17    0.0516898  2.37542e-17    0.0226275  9.75864e-18   0.00459429  2.25392e-18  0.000307966
 4.30277e-20  3.60304e-06  -9.1787e-19 -0.000210505 -5.13416e-19    0.0013508   4.5995e-18  -0.00152152  7.55791e-18  -0.00871328  1.41377e-17    0.0133114  2.46421e-17    0.0382327  2.37542e-17    0.0295454  1.26576e-17    0.0101304  3.91641e-18   0.00144016  5.27887e-19
 2.38147e-06  1.14401e-19  -3.0229e-05 -9.72243e-19  6.69882e-06 -5.64794e-19  0.000910685  4.07931e-18   -0.0028687  8.84071e-18  -0.00256108  1.46853e-17    0.0142066  1.78878e-17    0.0226275  1.26576e-17    0.0130574  5.11523e-18   0.00327967  1.09665e-18  0.000261172
 4.22674e-20  2.51421e-06   1.7936e-19 -4.08781e-05 -6.49692e-19  0.000171069  -1.0985e-19   0.00012547  3.64205e-18  -0.00212237  7.92182e-18   0.00124276  1.09305e-17   0.00974964  9.75864e-18    0.0101304  5.11523e-18   0.00426326  1.50106e-18  0.000710784  1.84674e-19
 2.01104e-07  6.39845e-20  -1.4652e-06  2.07294e-19 -1.40746e-05 -1.41016e-19  0.000140425  5.61786e-19 -0.000264227  3.07777e-18 -0.000772377  5.48268e-18   0.00192455  5.91738e-18   0.00459429  3.91641e-18   0.00327967  1.50106e-18  0.000962867  2.95614e-19  8.67026e-05
-4.13488e-21  2.59942e-07  5.75168e-20 -3.07322e-06  1.83746e-19  8.10998e-06  2.21353e-19   3.7353e-05  8.55742e-19 -0.000204713  2.07955e-18 -2.26989e-05  2.77033e-18   0.00108276  2.25392e-18   0.00144016  1.09665e-18  0.000710784  2.95614e-19  0.000133802  3.23056e-20
 5.34897e-09 -2.82399e-21  8.94981e-09  2.91998e-20 -1.04731e-06  1.08285e-19  6.61917e-06  2.38964e-19 -6.40352e-06  5.59019e-19 -5.48037e-05  8.89514e-19  8.64811e-05  8.75546e-19  0.000307966  5.27887e-19  0.000261172  1.84674e-19  8.67026e-05  3.23056e-20  8.59499e-06
