  6.4158e-10  2.60106e-24 -1.04113e-08  -6.9997e-23  6.07905e-08  5.03251e-22 -1.92861e-07 -1.78916e-21  3.69524e-07  2.71097e-21 -4.27772e-07  4.90796e-21  2.59683e-07 -3.82287e-20 -1.77779e-08  1.06901e-19 -6.83853e-08 -1.84335e-19   1.4481e-08  2.12247e-19  1.86179e-08 -1.59597e-19 -1.86117e-09  6.75676e-20 -5.15552e-09 -6.40594e-21 -9.11256e-10 -3.01621e-21  9.42696e-10 -6.51711e-21  5.64662e-10  7.07891e-21  2.48057e-11 -1.12458e-21 -1.09435e-10 -1.57338e-21 -5.71874e-11  7.55388e-22 -7.13247e-12  7.39157e-23  6.95995e-12 -5.79673e-23  4.94218e-12 -7.33597e-23  1.49312e-12  3.01101e-23  2.83872e-14  2.36887e-23 -2.08392e-13 -1.00032e-23 -1.18375e-13 -8.73205e-24 -3.70875e-14  3.49529e-24 -5.41018e-15  2.46149e-24   1.4091e-15  -7.2264e-25  1.33305e-15 -5.14688e-25  5.51184e-16 -3.72736e-27  1.56013e-16  8.12207e-26  2.98891e-17  2.76601e-26  2.01997e-18 -2.43614e-27  -1.2443e-18 -4.17935e-27 -7.02425e-19 -1.07506e-27 -2.32292e-19 -3.95285e-29 -5.90082e-20  6.09053e-29 -1.21869e-20  2.32174e-29   -2.034e-21  1.94382e-30 -2.51939e-22 -1.69681e-30 -1.36537e-23 -8.80779e-31  3.78604e-24  -7.9159e-32  1.61501e-24  1.55382e-31  3.88256e-25  9.53185e-32   7.3029e-26  2.97527e-32  1.16158e-26  7.41354e-33    1.609e-27  1.78492e-33  1.96547e-28  3.48898e-34  2.12695e-29  4.75319e-35  2.03817e-30  5.00089e-36  1.72188e-31  4.18915e-37  1.27164e-32 -1.02195e-38  8.09775e-34 -1.11255e-38   4.3476e-35  -1.9439e-39  1.89189e-36 -2.28326e-40  6.09679e-38 -2.05356e-41  1.04395e-39 -1.15199e-42 -2.02471e-41 -2.30996e-44 -2.14892e-42  1.18629e-45 -8.10468e-44  1.07676e-46 -1.86473e-45  3.88541e-48 -2.40053e-47  4.71401e-50
 2.60106e-24  1.54112e-08  4.56311e-23 -1.40779e-07 -8.36141e-22  6.15964e-07  5.09768e-21 -1.57859e-06 -1.76814e-20  2.49634e-06  3.48091e-20 -2.33597e-06 -1.59411e-20  9.83118e-07 -1.20201e-19  2.31736e-07  4.06468e-19 -3.42083e-07 -7.06498e-19 -3.33108e-08   7.7395e-19  9.29601e-08 -5.22635e-19  2.13872e-08  1.64948e-19 -1.94158e-08  2.83753e-20 -1.08912e-08  -2.5878e-20  9.63073e-10 -2.10164e-20  2.90258e-09  2.21274e-20  1.02468e-09 -2.29497e-21 -1.49859e-10 -4.59215e-21 -2.81891e-10  1.44384e-21 -1.13306e-10  7.05131e-22 -6.85015e-12 -3.11046e-22  1.62966e-11 -2.37848e-22  9.98904e-12  1.37897e-22  2.90601e-12   6.0247e-23  1.14818e-13 -3.91471e-23  -3.4336e-13 -2.48792e-23  -2.0329e-13  1.26578e-23 -6.82999e-14   7.7659e-24 -1.33543e-14 -2.40848e-24  2.33878e-16 -1.77085e-24  1.44453e-15 -6.89409e-26  7.10952e-16  2.61298e-25  2.29165e-16  1.04637e-25  5.47425e-17  5.09668e-28  9.12096e-18 -1.20118e-26  5.27595e-19 -4.06109e-27 -3.15234e-19 -5.68019e-28  -1.6044e-19  4.04247e-29  -4.8852e-20  3.26984e-29 -1.16261e-20 -1.56738e-30 -2.30734e-21 -5.95306e-30 -3.88369e-22 -2.51749e-30   -5.485e-23  1.11115e-31 -6.16754e-24  7.00366e-31 -4.48854e-25   3.7343e-31  1.08507e-26   1.1455e-31  1.14026e-26  2.87018e-32  2.57896e-27  6.71542e-33   4.1675e-28  1.28777e-33  5.51424e-29  1.84697e-34  6.23776e-30  2.15089e-35  6.13511e-31  2.05627e-36    5.277e-32  8.76657e-38  3.96817e-33 -1.22715e-38  2.59605e-34 -2.87079e-39  1.46442e-35 -3.54427e-40  7.02288e-37   -3.117e-41  2.80517e-38 -1.62196e-42  9.10107e-40 -3.06564e-44  2.30616e-41  1.04973e-45  4.22319e-43  8.27898e-47  4.65377e-45  2.16022e-48  1.83209e-47
-1.04113e-08  4.56311e-23  1.80998e-07  4.14864e-22 -1.13927e-06  -5.7261e-21  3.93082e-06  3.05027e-20   -8.306e-06 -1.00772e-19  1.08897e-05  2.08498e-19 -8.06397e-06 -2.06712e-19  1.84266e-06 -1.77427e-19  1.68106e-06   1.0163e-18 -8.73927e-07 -1.84243e-18 -4.32442e-07  1.93909e-18  2.14321e-07 -1.17087e-18  1.50623e-07   2.3688e-19 -1.99051e-08  1.63859e-19 -4.38954e-08 -7.77306e-20  -1.0834e-08 -5.23337e-20  5.87265e-09  4.63285e-20  4.99192e-09 -1.15542e-21  1.08308e-09  -9.8616e-21 -4.84891e-10  2.15205e-21 -4.59285e-10  1.96403e-21 -1.52857e-10 -9.45401e-22 -1.89607e-12 -4.39337e-22  2.43288e-11   3.7931e-22  1.37205e-11  9.33159e-23  4.00544e-12 -1.04414e-22  3.12634e-13 -4.87387e-23 -3.47985e-13  3.28493e-23 -2.27104e-13   1.7673e-23    -8.25e-14 -5.76081e-24 -1.96593e-14 -4.43313e-24 -2.13132e-15 -3.39285e-25  6.91424e-16  5.96482e-25  5.16141e-16  2.80694e-25  1.93613e-16  2.42572e-26  5.34675e-17  -2.2007e-26  1.15311e-17 -9.87357e-27  1.85752e-18 -2.26522e-27  1.60784e-19 -3.88516e-28 -2.46317e-20 -9.65016e-29 -1.61737e-20 -4.49107e-29 -4.87362e-21 -1.94029e-29 -1.11162e-21  -5.3145e-30 -2.11428e-22  1.28221e-30 -3.46763e-23  2.12903e-30 -4.96265e-24  1.02046e-30 -6.19591e-25  3.06593e-31 -6.66935e-26  7.61995e-32 -5.99921e-27   1.7226e-32 -4.14526e-28  3.22082e-33 -1.51665e-29  4.71296e-34  1.14923e-30  5.72222e-35   3.1036e-31  5.77236e-36  3.92358e-32  3.90857e-37  3.66585e-33  7.49864e-39  2.75427e-34 -1.75993e-39  1.70096e-35 -3.03193e-40  8.62477e-37 -2.82263e-41  3.53535e-38 -1.37058e-42   1.1407e-39 -2.20749e-44  2.76139e-41   6.5229e-46  4.51979e-43  3.87518e-47  3.85288e-45  5.90073e-49
 -6.9997e-23 -1.40779e-07  4.14864e-22  1.38557e-06  2.43441e-21 -6.57903e-06 -2.68979e-20  1.84921e-05  1.28965e-19 -3.26473e-05 -4.05781e-19  3.54174e-05  8.35347e-19 -1.98553e-05 -9.75785e-19  3.66347e-08  9.37757e-20  5.97288e-06  1.91438e-18 -9.24457e-07 -3.79383e-18 -1.70342e-06  3.87377e-18  9.86767e-08 -2.07595e-18  4.79818e-07  1.66197e-19  9.80076e-08  4.50272e-19 -8.99261e-08 -1.44939e-19  -5.7203e-08 -1.09106e-19 -2.65921e-09   7.4422e-20  1.16071e-08  4.14027e-21  6.11608e-09   -1.646e-20  6.97757e-10   3.3481e-21 -8.24992e-10  3.32002e-21 -5.69407e-10 -2.15097e-21  -1.6603e-10 -4.71942e-22  2.39385e-12  7.92638e-22  2.71501e-11  7.47173e-23  1.47466e-11 -2.24886e-22  4.45188e-12 -7.40486e-23  5.58868e-13  7.10146e-23 -2.28242e-13  3.37607e-23 -1.84405e-13 -1.14431e-23 -7.34289e-14 -9.32565e-24 -2.01883e-14 -1.10782e-24 -3.67096e-15  1.10237e-24 -1.58245e-16  6.14595e-25   1.9736e-16  9.86976e-26   1.0101e-16  -2.5398e-26   3.2369e-17 -1.75488e-26  8.06631e-18  -5.8567e-27   1.6389e-18 -1.86499e-27  2.68598e-19 -6.52319e-28  3.23221e-20 -2.11832e-28  1.53234e-21  -5.8807e-29 -5.46049e-22 -1.05524e-29 -2.17479e-22  4.42306e-30 -5.09338e-23   5.0277e-30 -9.39534e-24  2.22605e-30 -1.46792e-24  6.53768e-31 -1.99756e-25  1.59649e-31  -2.3961e-26  3.47612e-32 -2.54441e-27  6.30962e-33 -2.39092e-28  9.23403e-34 -1.98001e-29  1.13302e-34 -1.43404e-30   1.1619e-35  -8.9747e-32  9.08321e-37 -4.76408e-33   4.9253e-38 -2.08222e-34  1.35978e-39   -7.114e-36 -9.34179e-41 -1.69408e-37 -1.49123e-41 -1.70659e-39 -7.00363e-43  5.64381e-41 -6.72935e-45  3.06178e-42  3.80986e-46  5.95972e-44  1.26451e-47  3.40647e-46
 6.07905e-08 -8.36141e-22 -1.13927e-06  2.43441e-21  7.77667e-06  1.01307e-20 -2.93432e-05 -9.37167e-20  6.86867e-05   4.1712e-19 -0.000102109 -1.25899e-18  9.07621e-05  2.52958e-18 -3.49201e-05 -3.09969e-18  -1.1748e-05  1.33086e-18    1.385e-05  2.83308e-18  1.97739e-06 -6.58242e-18 -3.99423e-06  6.57926e-18 -1.04085e-06 -3.08759e-18  8.76773e-07  -1.7551e-19  5.17509e-07    8.795e-19 -4.90744e-08 -1.85246e-19 -1.45373e-07  -1.8937e-19 -5.04076e-08  9.45274e-20  9.44252e-09  1.14461e-20  1.54003e-08 -2.12087e-20   5.9222e-09  6.04642e-21  1.35271e-10  3.63343e-21 -1.01592e-09 -3.99993e-21  -5.8218e-10 -3.79061e-24 -1.56924e-10  1.37067e-21  2.21099e-12 -7.45302e-23  2.39698e-11 -4.20823e-22  1.30258e-11 -8.81478e-23  4.14249e-12   1.3619e-22  7.18139e-13  5.79802e-23 -6.89787e-14 -1.99995e-23 -1.08881e-13 -1.74619e-23 -4.93225e-14 -2.86439e-24 -1.52377e-14  1.71854e-24  -3.4872e-15  1.16113e-24 -5.34911e-16  2.68254e-25 -1.24986e-17  -3.3573e-27  2.65867e-17 -2.25738e-26  1.18099e-17 -1.16046e-26  3.43263e-18 -5.24685e-27  7.93943e-19 -2.07464e-27  1.53985e-19 -6.38682e-28  2.53541e-20 -1.53953e-28  3.49451e-21 -2.16046e-29  3.80171e-22  1.01747e-29  2.56937e-23  9.78498e-30 -1.07152e-24  4.08448e-30 -7.48125e-25  1.17124e-30 -1.60403e-25  2.79243e-31 -2.50291e-26  5.84602e-32 -3.20895e-27  1.02664e-32 -3.51635e-28  1.48223e-33 -3.34373e-29  1.80286e-34 -2.77199e-30  1.83742e-35  -2.0004e-31  1.50487e-36 -1.24891e-32   9.8308e-38 -6.67327e-34  5.00993e-39 -3.00341e-35  1.48476e-40 -1.11332e-36 -4.93877e-43 -3.28497e-38 -9.18011e-44 -7.27069e-40  3.82923e-45 -1.08501e-41  2.19492e-46 -8.69663e-44  2.84051e-48
 5.03251e-22  6.15964e-07  -5.7261e-21 -6.57903e-06  1.01307e-20  3.41316e-05  3.13159e-20 -0.000105859  -2.5284e-19  0.000209551  1.08095e-18 -0.000263078  -3.1558e-18  0.000187493  6.14207e-18 -3.70917e-05 -7.59772e-18 -4.42834e-05  4.41699e-18  2.12934e-05  3.26678e-18  1.18602e-05 -1.00166e-17 -5.69798e-06  9.86402e-18 -4.21388e-06 -3.95518e-18  6.12736e-07 -8.66889e-19  1.30132e-06  1.35715e-18  3.00688e-07 -1.44584e-19 -1.99863e-07 -2.69124e-19 -1.58318e-07  9.19916e-20  -2.9502e-08  1.34756e-20  1.93117e-08 -1.99033e-20  1.60261e-08  1.12088e-20  4.82481e-09  1.60245e-21 -3.01054e-10 -6.24339e-21 -1.00265e-09  1.34344e-21 -5.12567e-10  2.03715e-21 -1.34475e-10  -4.5968e-22 -1.88405e-12 -7.13335e-22  1.69806e-11 -7.35569e-23  9.60256e-12  2.39559e-22   3.2501e-12  9.33064e-23  7.02738e-13 -3.16158e-23  4.43217e-14 -2.99646e-23 -4.17225e-14  -6.3074e-24 -2.44082e-14  2.26788e-24 -8.51966e-15  1.94953e-24 -2.24349e-15  5.86822e-25 -4.60145e-16   7.3369e-26 -6.80294e-17 -1.60011e-26 -3.96069e-18 -1.87844e-26  1.64996e-18 -1.13304e-26  7.89222e-19 -4.83578e-27  2.20074e-19 -1.48104e-27  4.81013e-20 -3.41621e-28   8.8632e-21 -4.39402e-29  1.41395e-21  1.81126e-29  1.97031e-22   1.6229e-29  2.39336e-23  6.48143e-30  2.50016e-24  1.81328e-30   2.1707e-25   4.2028e-31  1.42727e-26  8.45086e-32  4.55166e-28  1.43166e-32 -4.63949e-29  2.01879e-33 -1.07861e-29  2.40184e-34 -1.27983e-30  2.39491e-35 -1.13028e-31  1.96452e-36 -8.00232e-33  1.33726e-37 -4.62426e-34  7.43425e-39 -2.17148e-35  2.99645e-40 -8.12828e-37  7.99465e-42  -2.3329e-38  2.03611e-43 -4.76994e-40  6.28266e-45 -5.98456e-42  1.03533e-46 -2.99722e-44
-1.92861e-07  5.09768e-21  3.93082e-06 -2.68979e-20 -2.93432e-05  3.13159e-20  0.000122022  7.32669e-20 -0.000318509 -5.43524e-19  0.000538847  2.31805e-18 -0.000570075 -6.57507e-18  0.000311978  1.23557e-17  8.85758e-06 -1.52601e-17 -0.000103731   1.0161e-17  1.55577e-05  2.64385e-18  3.12416e-05 -1.37873e-17 -2.25392e-06  1.33882e-17 -9.38822e-06  -4.3766e-18 -1.69696e-06 -1.88911e-18  1.98715e-06  1.71348e-18  1.16646e-06  1.12777e-20 -1.02512e-08 -3.03164e-19 -2.80473e-07  5.79836e-20 -1.32631e-07  1.27665e-21 -6.87008e-09 -1.00181e-20  2.34675e-08   1.8487e-20  1.40455e-08 -3.65736e-21  3.47642e-09 -8.12027e-21 -4.72883e-10  3.91328e-21 -8.30422e-10  2.64524e-21 -3.97635e-10  -1.2032e-21 -1.06032e-10 -1.12538e-21 -6.57433e-12 -1.18588e-23  9.43505e-12  3.93835e-22  5.87799e-12  1.44348e-22  2.13494e-12 -4.57851e-23  5.38957e-13 -4.78756e-23  8.21339e-14 -1.22817e-23  -3.7901e-15    2.445e-24 -7.96563e-15  2.96409e-24 -3.40626e-15  1.10657e-24 -1.01463e-15  2.40012e-25 -2.40199e-16  1.45025e-26 -4.64065e-17 -2.54545e-26 -7.10718e-18 -2.04434e-26 -7.39878e-19 -9.22545e-27 -1.90012e-21 -2.84358e-27  2.32014e-20 -6.49024e-28  7.33271e-21 -8.29893e-29  1.58368e-21  2.64818e-29  2.77861e-22  2.34436e-29   4.1735e-23  9.05224e-30  5.48232e-24  2.46903e-30  6.35565e-25   5.5465e-31  6.52009e-26  1.07023e-31  5.91002e-27  1.74436e-32  4.70979e-28  2.38379e-33  3.27173e-29   2.7465e-34  1.95558e-30   2.6477e-35  9.86384e-32  2.11968e-36  4.07405e-33  1.42192e-37  1.30786e-34  7.80131e-39  2.90784e-36  3.20986e-40  2.77015e-38  9.52162e-42 -7.01449e-40  2.28805e-43 -3.00434e-41  4.20621e-45 -3.84417e-43  3.12218e-47
-1.78916e-21 -1.57859e-06  3.05027e-20  1.84921e-05 -9.37167e-20 -0.000105859  7.32669e-20  0.000365505  1.29555e-19 -0.000816987 -9.60735e-19   0.00118927   4.2282e-18  -0.00105135 -1.15715e-17  0.000402751   2.0958e-17  0.000149517 -2.59944e-17  -0.00017713  1.89157e-17 -2.36216e-05  5.94944e-19  5.52679e-05 -1.76528e-17  1.28095e-05  1.67367e-17 -1.36552e-05 -4.05061e-18 -7.25036e-06 -3.10721e-18  1.30514e-06    1.754e-18  2.38204e-06  2.67143e-19  6.89643e-07 -2.44333e-19 -2.47472e-07 -1.48194e-21 -2.77993e-07 -2.85893e-20 -9.01469e-08  7.15216e-21  8.56936e-09  2.49907e-20  2.21303e-08 -1.23044e-20  1.08184e-08 -8.35232e-21  2.32404e-09  7.96316e-21 -4.20178e-10  3.00631e-21 -5.89166e-10 -2.42931e-21 -2.74205e-10 -1.68218e-21 -7.65137e-11  1.11058e-22 -8.97419e-12  6.11504e-22   3.7274e-12   2.1738e-22  2.91131e-12 -6.10043e-23   1.1537e-12 -7.18457e-23  3.26861e-13 -2.16058e-23  6.74186e-14  1.86516e-24  7.99877e-15  4.13928e-24 -8.29298e-16  1.86298e-24 -8.43541e-16  5.28374e-25 -3.08845e-16  8.13652e-26 -8.26562e-17 -2.87382e-26 -1.80773e-17 -3.20766e-26 -3.33833e-18 -1.51241e-26 -5.21653e-19 -4.70003e-27 -6.71308e-20 -1.07289e-27 -6.45819e-21 -1.40426e-28 -2.67535e-22  3.27296e-29  6.11376e-23  2.99499e-29  2.00826e-23  1.12647e-29  3.73188e-24  2.99306e-30  5.39199e-25  6.50135e-31  6.52598e-26  1.20264e-31  6.79664e-27  1.88097e-32  6.15256e-28  2.47539e-33  4.84944e-29  2.73979e-34  3.31602e-30  2.52912e-35   1.9511e-31  1.94213e-36  9.75124e-33  1.24653e-37  4.06143e-34  6.47525e-39  1.36998e-35  2.52146e-40  3.58026e-37  7.05727e-42   6.7347e-39  1.43339e-43   7.9289e-41    1.729e-45  3.81742e-43
 3.69524e-07 -1.76814e-20   -8.306e-06  1.28965e-19  6.86867e-05  -2.5284e-19 -0.000318509  1.29555e-19  0.000936605  1.73016e-19  -0.00181639 -1.49619e-18   0.00228282   6.7583e-18  -0.00165672 -1.72771e-17  0.000343474  3.01329e-17  0.000415095 -3.84531e-17 -0.000220516  3.04176e-17 -0.000113119 -2.80295e-18  6.69355e-05 -2.16054e-17  4.31908e-05   1.9464e-17 -1.05208e-05  -2.7322e-18 -1.52965e-05 -4.27836e-18 -2.42624e-06   1.3355e-18  3.04342e-06  5.46578e-19  1.94516e-06 -7.38318e-20  1.95426e-07  -6.2948e-20 -3.44104e-07 -6.75123e-20 -2.23138e-07  2.67533e-20 -5.09673e-08  2.51947e-20  1.46918e-08 -2.38402e-20  1.75795e-08 -5.43058e-21  7.53253e-09   1.3621e-20  1.50531e-09  2.93415e-21 -2.64214e-10 -4.24152e-21 -3.59418e-10 -2.40855e-21  -1.6764e-10  3.00134e-22 -4.96625e-11  9.01837e-22 -8.40528e-12  3.19315e-22  5.97338e-13 -7.47223e-23  1.09285e-12 -1.01754e-22  4.96433e-13  -3.4777e-23  1.55503e-13  1.89548e-25  3.75551e-14  5.37844e-24  6.90941e-15  2.86135e-24  8.02462e-16   9.5514e-25  -2.9961e-17  1.92541e-25 -4.95336e-17 -2.55665e-26 -1.73429e-17 -4.47422e-26 -4.32723e-18 -2.18814e-26 -8.83831e-19 -6.84646e-27 -1.54463e-19 -1.56611e-27 -2.34845e-20 -2.11011e-28 -3.11655e-21  3.46394e-29 -3.58391e-22  3.42205e-29 -3.49421e-23  1.26044e-29 -2.73437e-24  3.25931e-30 -1.43325e-25  6.83152e-31  5.32934e-28  1.21005e-31  1.28831e-27  1.81133e-32  1.95603e-28  2.28308e-33  1.99688e-29  2.41088e-34   1.5936e-30  2.11339e-35  1.03257e-31  1.53633e-36  5.45982e-33  9.25258e-38  2.32675e-34  4.43794e-39  7.76234e-36  1.57225e-40  1.92243e-37  3.88304e-42  3.20616e-39  6.21224e-44  2.87755e-41  4.19671e-46
 2.71097e-21  2.49634e-06 -1.00772e-19 -3.26473e-05   4.1712e-19  0.000209551 -5.43524e-19 -0.000816987  1.73016e-19   0.00208645  2.05917e-19  -0.00354638   -2.409e-18   0.00384798   9.8344e-18   -0.0022166 -2.15821e-17 -6.38762e-06  3.63252e-17  0.000780191 -5.03996e-17 -0.000163726  4.39793e-17 -0.000248116 -6.88972e-18  3.94847e-05 -2.59014e-17  8.31016e-05  2.10889e-17  7.74174e-06 -3.09897e-19 -2.15636e-05 -5.08164e-18 -9.97573e-06  4.42325e-19  1.58561e-06  7.27011e-19  3.23616e-06  1.74921e-19  1.19432e-06 -9.35906e-20 -1.24943e-07 -9.42592e-20 -3.25387e-07  4.29274e-20 -1.54205e-07  1.26558e-20 -2.43253e-08 -3.72663e-20  1.40153e-08  1.91244e-21  1.22106e-08  2.08199e-20  4.82374e-09  2.27501e-21  9.66865e-10  -6.6993e-21 -1.12197e-10 -3.32279e-21  -1.8626e-10   5.4814e-22 -8.97262e-11    1.267e-21 -2.83481e-11  4.55432e-22 -6.02502e-12 -8.37392e-23 -5.05671e-13 -1.36355e-22  2.50504e-13 -5.16028e-23  1.58791e-13 -2.69417e-24  5.63005e-14  6.59553e-24  1.51621e-14  4.07116e-24   3.3019e-15  1.51271e-24  5.79742e-16  3.47643e-25  7.58064e-17 -1.35625e-26  4.59388e-18 -5.61649e-26 -1.10724e-18 -2.83872e-26 -5.10493e-19 -8.92285e-27 -1.27743e-19 -2.04243e-27 -2.48042e-20 -2.82341e-28 -4.05493e-21  3.14192e-29 -5.75449e-22  3.52723e-29  -7.1831e-23  1.27717e-29 -7.92622e-24   3.2103e-30 -7.73238e-25   6.4801e-31 -6.64495e-26  1.09743e-31 -4.99471e-27  1.56797e-32  -3.2471e-28  1.88357e-33 -1.79519e-29  1.88592e-34 -8.22217e-31  1.55801e-35 -2.98389e-32  1.06031e-36 -7.82415e-34  5.90032e-38 -1.09173e-35   2.5616e-39  1.19849e-37    8.006e-41   9.8448e-39  1.65479e-42  2.03755e-40  1.88942e-44  1.39917e-42
-4.27772e-07  3.48091e-20  1.08897e-05 -4.05781e-19 -0.000102109  1.08095e-18  0.000538847 -9.60735e-19  -0.00181639  2.05917e-19   0.00409339  4.36844e-19  -0.00614616 -4.78862e-18    0.0057341  1.36615e-17  -0.00245272 -2.12437e-17 -0.000741953  3.50771e-17    0.0011382 -5.98305e-17  6.06113e-05  5.88491e-17 -0.000387606   -1.042e-17 -5.09235e-05 -3.08882e-17  0.000113419  2.10768e-17  4.45501e-05  3.09073e-18 -1.86482e-05 -5.17401e-18 -1.95374e-05 -7.68279e-19 -3.38294e-06  6.81801e-19  3.38851e-06   4.1617e-19  2.51064e-06 -6.73579e-20  5.42492e-07 -8.29413e-20   -2.483e-07  5.15182e-20 -2.50364e-07 -1.70145e-20 -9.54756e-08 -5.09726e-20 -1.00783e-08  1.43269e-20  1.02542e-08  2.92356e-20  7.54746e-09  9.10832e-22  2.85958e-09 -9.80245e-21  6.09861e-10 -4.43006e-21 -1.55973e-11  8.34681e-22 -7.91879e-11  1.69772e-21 -4.10833e-11  6.26141e-22 -1.38756e-11 -8.50955e-23 -3.41959e-12 -1.73095e-22 -5.61951e-13 -7.08781e-23 -1.55093e-14 -6.49906e-24  3.04149e-14   7.7659e-24  1.43008e-14  5.43192e-24  4.36267e-15   2.1671e-24  1.05442e-15  5.36744e-25  2.12869e-16  8.32964e-27  3.63201e-17 -6.37841e-26  5.15234e-18 -3.33377e-26  5.68195e-19 -1.05062e-26  3.62079e-20 -2.40034e-27 -2.79532e-21 -3.38316e-28 -1.46086e-21  2.40972e-29 -3.11191e-22  3.30245e-29 -4.93744e-23  1.17864e-29 -6.47681e-24  2.87562e-30 -7.27714e-25  5.57856e-31  -7.1001e-26  9.01676e-32 -6.03951e-27  1.22609e-32 -4.47077e-28  1.39719e-33 -2.86196e-29  1.31861e-34 -1.56745e-30  1.01906e-35 -7.22782e-32  6.42578e-37 -2.74099e-33  3.25761e-38  -8.2539e-35  1.25567e-39 -1.86771e-36  3.35436e-41 -2.87866e-38  5.45128e-43 -2.40419e-40   3.6122e-45
 4.90796e-21 -2.33597e-06  2.08498e-19  3.54174e-05 -1.25899e-18 -0.000263078  2.31805e-18   0.00118927 -1.49619e-18  -0.00354638  4.36844e-19   0.00714998  1.59582e-18  -0.00954141 -1.11777e-17   0.00758198  1.89143e-17  -0.00206114 -1.24789e-17  -0.00183491  2.27153e-17   0.00131588  -6.6274e-17  0.000473534  7.43756e-17 -0.000457455 -1.17168e-17 -0.000206762 -3.66679e-17  0.000105722  1.88832e-17   9.3107e-05  7.01801e-18  6.65406e-07 -4.28094e-18 -2.60463e-05 -1.98151e-18 -1.17334e-05   3.3738e-19   1.0278e-06  5.41862e-19  3.38136e-06   1.9929e-20  1.57991e-06 -1.69027e-20  1.44118e-07  5.04565e-20 -2.40986e-07 -6.36014e-20 -1.67428e-07 -6.23822e-20 -5.46906e-08  3.18011e-20 -4.02166e-09  3.83052e-20   6.1811e-09 -1.24115e-21  4.17043e-09  -1.3484e-20   1.5622e-09 -5.71789e-21  3.64844e-10  1.12636e-21  2.37249e-11  2.16916e-21 -2.52591e-11  8.23537e-22 -1.54755e-11  -7.7253e-23 -5.64995e-12 -2.08217e-22 -1.54421e-12 -9.02757e-23 -3.23816e-13 -1.04616e-23 -4.67974e-14  8.96179e-24 -1.44272e-15  6.86849e-24  1.84699e-15  2.86454e-24  7.95679e-16  7.42576e-25  2.21119e-16  3.96737e-26  4.90453e-17 -6.54199e-26  9.21339e-18 -3.56104e-26  1.49837e-18 -1.12414e-26  2.12213e-19 -2.55694e-27   2.6032e-20 -3.64906e-28  2.71116e-21  1.50151e-29  2.27749e-22   2.8255e-29    1.307e-23  9.95373e-30   2.4128e-26  2.35288e-30 -1.19779e-25  4.37694e-31 -2.00305e-26  6.73762e-32 -2.22062e-27   8.6924e-33 -1.92586e-28  9.35282e-34 -1.36318e-29   8.2711e-35 -7.94194e-31  5.93491e-36 -3.77658e-32  3.43138e-37 -1.43327e-33  1.56191e-38 -4.17096e-35  5.23141e-40 -8.67516e-37  1.14877e-41 -1.11899e-38  1.33218e-43 -5.79204e-41
 2.59683e-07 -1.59411e-20 -8.06397e-06  8.35347e-19  9.07621e-05  -3.1558e-18 -0.000570075   4.2282e-18   0.00228282   -2.409e-18  -0.00614616  1.59582e-18    0.0112257  5.25217e-18    -0.013375 -2.57117e-17   0.00889497  2.64602e-17  -0.00084268  8.10612e-18  -0.00309593 -1.80244e-18   0.00113357 -7.14197e-17    0.0010163  8.97729e-17 -0.000376126 -9.01573e-18 -0.000395971 -4.27538e-17  3.48641e-05  1.41056e-17  0.000134559  1.06948e-17  3.82688e-05 -2.31267e-18  -2.2596e-05 -2.81217e-18 -2.08076e-05 -2.78095e-19 -4.48474e-06  4.72169e-19  2.73524e-06  1.46697e-19  2.53883e-06  9.86128e-20  8.43723e-07  3.72149e-20 -3.01314e-08 -1.21891e-19 -1.79276e-07 -6.78502e-20 -1.00691e-07  5.39158e-20 -2.97624e-08  4.73733e-20 -1.96693e-09 -4.19363e-21  3.11098e-09  -1.7602e-20  2.04652e-09 -7.15304e-21  7.75226e-10  1.37773e-21  1.98738e-10   2.6382e-21  2.74851e-11  1.02901e-21 -4.19291e-12 -6.11658e-23 -4.43637e-12 -2.37247e-22   -1.831e-12 -1.06594e-22 -5.46416e-13 -1.34322e-23 -1.29901e-13  1.03481e-23 -2.48553e-14  8.30822e-24 -3.60189e-15  3.54403e-24 -2.81702e-16   9.4507e-25  3.98985e-17  7.87285e-26  2.37654e-17  -5.9899e-26  6.53699e-18 -3.46066e-26  1.36326e-18 -1.09564e-26  2.37488e-19 -2.47628e-27  3.57894e-20 -3.55382e-28  4.73604e-21  6.75558e-30  5.53589e-22  2.22207e-29  5.71917e-23  7.72527e-30  5.20457e-24  1.76507e-30  4.14202e-25  3.14051e-31  2.84881e-26  4.59252e-32  1.66184e-27  5.60234e-33  7.96926e-29   5.6644e-34  2.95872e-30  4.66516e-35  7.26652e-32  3.08323e-36  3.39818e-34  1.61622e-37 -6.31162e-35  6.49812e-39 -3.10733e-36  1.84144e-40 -7.40894e-38  3.14375e-42 -8.40769e-40  2.11605e-44
-3.82287e-20  9.83118e-07 -2.06712e-19 -1.98553e-05  2.52958e-18  0.000187493 -6.57507e-18  -0.00105135   6.7583e-18   0.00384798 -4.78862e-18  -0.00954141  5.25217e-18     0.015981  1.38618e-17   -0.0170545 -5.32611e-17   0.00919984   3.6546e-17   0.00118482  4.25112e-17  -0.00421101 -3.57905e-17  0.000485845 -7.85664e-17     0.001551   1.0366e-16 -9.31801e-05  -9.8685e-19  -0.00055447 -4.79325e-17 -0.000105469  6.72252e-18   0.00014306  1.31661e-17  8.67184e-05  5.33303e-19  -3.8477e-06 -2.94321e-18 -2.56903e-05 -1.02125e-18  -1.2134e-05  2.03805e-19 -2.19317e-07  2.77229e-19  2.69245e-06  2.32822e-19  1.60295e-06  5.36551e-21  3.93799e-07  -1.8392e-19 -7.14373e-08 -6.33789e-20  -1.1273e-07  8.00954e-20 -5.54877e-08  5.59068e-20 -1.56354e-08 -7.81094e-21 -1.31424e-09 -2.19231e-20  1.27642e-09 -8.67743e-21  8.75768e-10  1.53399e-21  3.41663e-10  3.04407e-21  9.50833e-11  1.21333e-21  1.81637e-11 -4.07669e-23  1.23922e-12 -2.55829e-22 -7.57421e-13 -1.16394e-22 -4.32563e-13 -1.41459e-23 -1.45185e-13  1.21275e-23  -3.7754e-14  9.69047e-24 -8.12265e-15  4.15011e-24 -1.46853e-15    1.126e-24 -2.19659e-16   1.2271e-25 -2.53436e-17 -4.74475e-26 -1.62995e-18 -3.04347e-26  1.62976e-19 -9.71319e-27  8.18735e-20 -2.18004e-27  1.81596e-20 -3.12545e-28  3.02842e-21  1.11475e-30   4.1917e-22  1.61706e-29  4.98339e-23  5.53282e-30  5.15916e-24  1.21799e-30  4.67161e-25  2.06649e-31  3.69588e-26  2.86228e-32  2.54138e-27  3.28904e-33  1.50505e-28  3.10889e-34  7.57229e-30  2.36879e-35  3.17364e-31   1.4292e-36  1.07678e-32  6.70596e-38  2.83165e-34  2.33469e-39  5.36679e-36  5.39914e-41  6.34327e-38  6.52781e-43  3.01876e-40
-1.77779e-08 -1.20201e-19  1.84266e-06 -9.75785e-19 -3.49201e-05  6.14207e-18  0.000311978 -1.15715e-17  -0.00165672   9.8344e-18    0.0057341 -1.11777e-17    -0.013375  1.38618e-17    0.0208032   3.0302e-17    -0.019921 -9.75912e-17   0.00822575  4.78847e-17   0.00375772   9.0528e-17  -0.00484288 -7.30989e-17 -0.000599782 -9.10973e-17   0.00190065  1.13805e-16  0.000379412  1.26968e-17 -0.000606292 -5.04759e-17 -0.000292941 -2.68625e-18  9.65148e-05  1.35793e-17  0.000129306  3.74169e-18  3.01561e-05 -2.26433e-18 -2.10666e-05 -1.66984e-18 -1.90226e-05 -1.68934e-19 -5.30976e-06   3.8344e-19  1.38227e-06  3.38489e-19  1.97199e-06 -5.63863e-20  8.97398e-07  -2.4263e-19  1.66438e-07  -4.6197e-20 -5.79303e-08  1.09539e-19 -6.20742e-08  6.36325e-20 -2.82179e-08  -1.1736e-20 -7.92195e-09 -2.61083e-20 -9.54412e-10 -1.02046e-20  3.90417e-10  1.53659e-21  3.15815e-10  3.31425e-21  1.29744e-10  1.34026e-21  3.87147e-11 -2.25337e-23  8.78031e-12 -2.60747e-22  1.38023e-12  -1.1689e-22  5.85538e-14 -1.16089e-23 -5.48893e-14  1.44462e-23 -2.58044e-14   1.0963e-23  -7.6209e-15  4.64055e-24 -1.78332e-15  1.27166e-24 -3.51968e-16  1.67941e-25 -5.99238e-17 -2.97256e-26  -8.8466e-18 -2.38711e-26 -1.12354e-18 -7.78004e-27 -1.19511e-19 -1.73717e-27 -9.88822e-21 -2.47158e-28 -4.69774e-22 -1.39213e-30  2.73835e-23  1.09846e-29  1.04198e-23  3.67282e-30  1.60273e-24  7.75549e-31  1.80183e-25   1.2501e-31  1.63413e-26  1.63424e-32  1.23046e-27  1.76134e-33  7.73238e-29  1.54764e-34  4.02437e-30  1.08287e-35  1.70274e-31   5.9038e-37  5.67239e-33  2.44183e-38  1.41016e-34  7.17514e-40  2.37074e-36  1.28309e-41  2.14344e-38  8.95606e-44
 1.06901e-19  2.31736e-07 -1.77427e-19  3.66347e-08 -3.09969e-18 -3.70917e-05  1.23557e-17  0.000402751 -1.72771e-17   -0.0022166  1.36615e-17   0.00758198 -2.57117e-17   -0.0170545   3.0302e-17    0.0249753  5.69147e-17   -0.0214674 -1.59299e-16   0.00600991  5.73311e-17   0.00644196   1.4936e-16  -0.00474909   -1.057e-16  -0.00195792 -1.10777e-16   0.00191113  1.17407e-16   0.00096042  3.09736e-17 -0.000492792 -4.86711e-17 -0.000478825 -1.28679e-17 -1.19771e-05  1.14968e-17  0.000145108   6.5615e-18  7.19788e-05 -9.49706e-19 -3.97143e-06 -2.00007e-18 -2.12145e-05 -4.74864e-19 -1.10535e-05   4.6447e-19 -1.52807e-06  3.70649e-19  1.49657e-06 -1.60508e-19   1.2196e-06 -2.94671e-19  4.61722e-07 -1.65064e-20  6.79295e-08  1.40799e-19 -3.36125e-08   7.0477e-20 -3.02495e-08 -1.54007e-20 -1.31911e-08 -2.97325e-20 -3.79952e-09 -1.16251e-20 -6.20738e-10  1.33074e-21  5.83158e-11  3.37576e-21  8.96848e-11  1.37346e-21  4.06812e-11 -1.41525e-23  1.29785e-11 -2.50857e-22  3.25887e-12 -1.06824e-22   6.5142e-13 -5.46898e-24  9.65541e-14  1.72955e-23  6.81228e-15   1.2068e-23 -1.65083e-15  4.98687e-24 -8.71002e-16  1.37302e-24 -2.43215e-16  2.09959e-25 -5.24234e-17 -9.47889e-27 -9.48972e-18 -1.61255e-26 -1.48888e-18 -5.53983e-27 -2.05212e-19 -1.23896e-27 -2.49699e-20 -1.73697e-28 -2.68111e-21 -1.37894e-30 -2.52791e-22  7.04918e-30  -2.0723e-23  2.27164e-30 -1.45176e-24  4.57193e-31 -8.42623e-26  6.96872e-32 -3.79665e-27  8.56161e-33 -1.08904e-28  8.61176e-34  3.75017e-31  6.98904e-35   2.6623e-31  4.45255e-36   1.7812e-32  2.16705e-37  7.08493e-34  7.75046e-39  1.81721e-35  1.85517e-40  2.73264e-37  2.33967e-42  1.59001e-39
-6.83853e-08  4.06468e-19  1.68106e-06  9.37757e-20  -1.1748e-05 -7.59772e-18  8.85758e-06   2.0958e-17  0.000343474 -2.15821e-17  -0.00245272  1.89143e-17   0.00889497 -5.32611e-17    -0.019921  5.69147e-17    0.0279059  9.44298e-17   -0.0215008 -2.34639e-16   0.00287821  6.05535e-17   0.00877432   2.1386e-16  -0.00385998 -1.25952e-16  -0.00333549 -1.36738e-16   0.00150536  1.11895e-16   0.00152079  5.13934e-17 -0.000197216 -4.14549e-17 -0.000602233 -2.20563e-17 -0.000167727  7.10854e-18  0.000117133  8.19418e-18  0.000108033  5.66076e-19  2.39404e-05 -1.87419e-18 -1.54284e-05 -5.23845e-19 -1.49687e-05  5.51972e-19 -5.35651e-06  3.06404e-19  -3.7722e-09 -3.13154e-19  1.08361e-06   -3.406e-19  6.70273e-07  2.16937e-20  2.24393e-07  1.71343e-19  2.95374e-08  7.63351e-20 -1.52557e-08 -1.81641e-20 -1.29715e-08 -3.23622e-20 -5.58794e-09 -1.28311e-20 -1.67389e-09  8.71739e-22 -3.39035e-10  3.16948e-21 -2.32107e-11  1.28482e-21  1.65649e-11 -2.27216e-23  9.77736e-12 -2.27637e-22  3.42128e-12 -8.70148e-23  9.25651e-13  3.76937e-24  2.06159e-13  2.04514e-23   3.8226e-14  1.29285e-23  5.74716e-15  5.17034e-24  6.26552e-16  1.42433e-24  2.22198e-17  2.43861e-25 -1.09626e-17  1.01065e-26 -3.79225e-18 -8.50229e-27 -8.07249e-19 -3.37625e-27  -1.3598e-19 -7.70943e-28 -1.93596e-20 -1.05556e-28 -2.38931e-21 -2.49225e-32 -2.58318e-22  4.34199e-30 -2.45433e-23  1.31768e-30 -2.04657e-24  2.50486e-31 -1.49048e-25   3.5887e-32 -9.40281e-27  4.12175e-33 -5.07677e-28   3.8465e-34 -2.30646e-29  2.86183e-35 -8.60763e-31  1.64336e-36 -2.54702e-32  7.03403e-38 -5.65081e-34  2.12105e-39 -8.50542e-36  3.92029e-41 -6.90549e-38  2.84485e-43
-1.84335e-19 -3.42083e-07   1.0163e-18  5.97288e-06  1.33086e-18 -4.42834e-05 -1.52601e-17  0.000149517  3.01329e-17 -6.38762e-06 -2.12437e-17  -0.00206114  2.64602e-17   0.00919984 -9.75912e-17   -0.0214674  9.44298e-17    0.0293122  1.41306e-16   -0.0201739  -3.1598e-16 -0.000680706  5.34702e-17    0.0103999  2.77402e-16  -0.00228629 -1.28644e-16  -0.00447011 -1.65571e-16  0.000706807  9.58597e-17   0.00192268  7.05573e-17  0.000246137 -2.88756e-17 -0.000610137 -2.83426e-17 -0.000336359  1.24362e-18  3.99437e-05  8.02879e-18  0.000122894  1.71234e-18  5.58757e-05 -1.30035e-18 -8.24165e-07 -1.79801e-19 -1.45192e-05  6.96478e-19 -8.68668e-06  1.56199e-19 -2.23249e-06 -5.06649e-19  3.57476e-07 -3.82345e-19  6.39803e-07  6.14612e-20  3.35705e-07  1.97598e-19  1.04779e-07  8.08392e-20    1.455e-08 -1.95397e-20 -5.28286e-09 -3.36871e-20 -4.79102e-09 -1.37597e-20 -2.09424e-09  1.27309e-22 -6.54497e-10  2.66284e-21  -1.5262e-10  1.06155e-21 -2.33982e-11 -5.31613e-23 -1.23263e-13 -1.95159e-22  1.46713e-12 -6.03504e-23  6.47698e-13  1.47806e-23  1.92819e-13  2.34868e-23  4.61008e-14  1.34468e-23  9.31688e-15  5.17823e-24  1.61915e-15    1.422e-24  2.41882e-16  2.65067e-25  3.04994e-17  2.61612e-26  3.07357e-18 -2.07706e-27  2.03708e-19 -1.57924e-27 -2.73647e-21 -3.92351e-28 -3.59642e-21 -5.16382e-29 -7.14891e-22  1.53376e-30 -9.88597e-23  2.61454e-30   -1.097e-23  7.22737e-31 -1.01839e-24  1.28147e-31 -8.01346e-26   1.7122e-32 -5.34546e-27  1.82632e-33 -2.99748e-28  1.57005e-34 -1.38988e-29  1.06138e-35 -5.18895e-31  5.42652e-37 -1.49494e-32  2.00407e-38 -3.09179e-34  4.91806e-40 -3.97431e-36  6.40268e-42 -2.05319e-38
  1.4481e-08 -7.06498e-19 -8.73927e-07  1.91438e-18    1.385e-05  4.41699e-18 -0.000103731 -2.59944e-17  0.000415095  3.63252e-17 -0.000741953 -1.24789e-17  -0.00084268   3.6546e-17   0.00822575 -1.59299e-16   -0.0215008  1.41306e-16    0.0292708  1.93865e-16   -0.0178871 -3.93768e-16  -0.00417778  3.37224e-17     0.011149  3.33194e-16  -0.00026494 -1.12118e-16   -0.0051607 -1.92358e-16 -0.000372851  6.96673e-17   0.00205874  8.48604e-17  0.000760629 -1.21889e-17 -0.000474832 -3.01454e-17 -0.000473215 -4.83008e-18 -7.65705e-05  5.84031e-18  0.000104964  1.96342e-18   8.1594e-05 -4.38522e-19  2.00098e-05  5.80811e-19 -8.30484e-06  9.40495e-19 -9.86718e-06 -3.89972e-20 -4.42737e-06 -7.16498e-19 -8.25688e-07 -4.19588e-19  2.97242e-07  9.53071e-20  3.26232e-07  2.15717e-19  1.54744e-07  8.33287e-20  4.70586e-08 -1.94033e-20  7.67846e-09  -3.3655e-20 -1.14643e-09 -1.44378e-20 -1.45753e-09 -9.23557e-22 -6.70706e-10  1.85724e-21  -2.1907e-10  7.09486e-22 -5.59074e-11 -1.07355e-22 -1.10936e-11  -1.5941e-22 -1.50371e-12 -3.12071e-23 -2.63009e-14  2.57076e-23   6.3842e-14  2.58617e-23  2.57675e-14  1.35212e-23  6.90582e-15  5.00422e-24  1.48951e-15  1.36497e-24  2.73588e-16  2.70407e-25  4.37748e-17  3.67746e-26  6.15773e-18  2.51442e-27  7.62827e-19 -2.96687e-28  8.28773e-20 -1.28276e-28  7.81206e-21  -1.5244e-29  6.25341e-22  2.58312e-30  4.06497e-23  1.56362e-30  1.90307e-24  3.78498e-31   3.1454e-26  6.15783e-32 -4.92103e-27  7.59571e-33 -6.56165e-28   7.4619e-34 -4.87512e-29  5.85779e-35 -2.58523e-30  3.55912e-36 -1.01311e-31  1.59544e-37 -2.85466e-33  4.95616e-39 -5.30777e-35  9.38186e-41  -5.2165e-37   7.0192e-43
 2.12247e-19 -3.33108e-08 -1.84243e-18 -9.24457e-07  2.83308e-18  2.12934e-05   1.0161e-17  -0.00017713 -3.84531e-17  0.000780191  3.50771e-17  -0.00183491  8.10612e-18   0.00118482  4.78847e-17   0.00600991 -2.34639e-16   -0.0201739  1.93865e-16    0.0281322  2.47183e-16   -0.0151248 -4.59093e-16  -0.00724862   1.4611e-18    0.0110366  3.75607e-16   0.00192227 -7.82241e-17  -0.00530573  -2.1207e-16  -0.00157051  3.54832e-17   0.00187733  9.12969e-17   0.00124844  6.42967e-18 -0.000202625 -2.66253e-17 -0.000536345 -9.74306e-18 -0.000208755  1.87985e-18  5.11888e-05   1.0109e-18  9.07347e-05    4.501e-19  4.14204e-05  1.64878e-18  3.05824e-06  1.29122e-18 -7.73389e-06 -2.23418e-19 -5.62235e-06 -9.05581e-19 -2.06762e-06 -4.47389e-19 -2.89214e-07  1.18087e-19   1.6466e-07  2.22891e-19  1.46199e-07   8.3092e-20  6.54469e-08 -1.80724e-20  1.99911e-08 -3.25409e-20  3.88932e-09 -1.50025e-20  6.72516e-11 -2.29039e-21 -3.29294e-10  7.88559e-22 -1.73944e-10  2.51921e-22 -6.01833e-11  -1.8409e-22 -1.63438e-11 -1.27102e-22  -3.6397e-12 -4.43764e-24 -6.61484e-13  3.46198e-23 -9.19081e-14  2.70656e-23 -7.03967e-15   1.3078e-23  8.72934e-16  4.65332e-24  5.17372e-16   1.2563e-24  1.37177e-16  2.59101e-25  2.74431e-17  4.13292e-26  4.57417e-18  5.12933e-27  6.58122e-19  4.62776e-28  8.29868e-20  2.61948e-29  9.22809e-21   5.0087e-30  9.05981e-22   2.9053e-30  7.83472e-23  9.34819e-31  5.93675e-24  1.91152e-31  3.90974e-25  2.79872e-32  2.21218e-26  3.14718e-33  1.05854e-27  2.81785e-34  4.19116e-29   1.9981e-35  1.33126e-30  1.07644e-36  3.23838e-32  4.14753e-38  5.59011e-34  1.04566e-39   5.9046e-36  1.39235e-41   2.4564e-38
 1.86179e-08   7.7395e-19 -4.32442e-07 -3.79383e-18  1.97739e-06  3.26678e-18  1.55577e-05  1.89157e-17 -0.000220516 -5.03996e-17    0.0011382  2.27153e-17  -0.00309593  4.25112e-17   0.00375772  5.73311e-17   0.00287821  -3.1598e-16   -0.0178871  2.47183e-16    0.0263611  2.96353e-16   -0.0123094 -5.05784e-16  -0.00970355 -4.08358e-17    0.0102073  4.01105e-16   0.00402033 -3.13554e-17  -0.00490475 -2.20789e-16  -0.00271463 -3.24672e-18   0.00138856   8.8092e-17   0.00161509  2.44135e-17  0.000167975 -1.79178e-17 -0.000498333 -1.23773e-17 -0.000325309 -3.17154e-18 -3.09759e-05 -1.13228e-18   7.6502e-05  1.08935e-18  5.63546e-05  2.80806e-18  1.68117e-05   1.7062e-18 -2.22715e-06 -3.48072e-19 -5.06093e-06 -1.03465e-18 -2.84617e-06 -4.56688e-19 -9.14882e-07  1.28999e-19 -1.08993e-07  2.18553e-19  7.01577e-08  7.97541e-20  5.73777e-08 -1.62117e-20  2.50242e-08 -3.09033e-20  7.79832e-09 -1.56748e-20  1.74639e-09 -3.96464e-21  2.11324e-10  -4.7754e-22 -3.57679e-11 -2.74965e-22 -3.27185e-11 -2.79443e-22 -1.27363e-11 -1.04178e-22 -3.67913e-12  1.57703e-23 -8.72568e-13  3.99958e-23 -1.75441e-13  2.67651e-23  -3.0073e-14  1.21045e-23 -4.32459e-15  4.14767e-24 -4.92999e-16  1.10465e-24 -3.58484e-17  2.33159e-25  1.05567e-18  4.04488e-26  9.72121e-19  6.02919e-27  2.17294e-19  7.90175e-28  3.46587e-20  9.47905e-29  4.49524e-21  1.31792e-29  4.93862e-22  2.63606e-30  4.66455e-23  5.55232e-31   3.8006e-24  9.38238e-32  2.66216e-25  1.21202e-32  1.58866e-26  1.22436e-33  7.95684e-28  9.86365e-35  3.26963e-29  6.23227e-36  1.06493e-30  2.92624e-37  2.60121e-32   9.4366e-39  4.31355e-34  1.82876e-40  3.86127e-36  1.39675e-42
-1.59597e-19  9.29601e-08  1.93909e-18 -1.70342e-06 -6.58242e-18  1.18602e-05  2.64385e-18 -2.36216e-05  3.04176e-17 -0.000163726 -5.98305e-17   0.00131588 -1.80244e-18  -0.00421101   9.0528e-17   0.00644196  6.05535e-17 -0.000680706 -3.93768e-16   -0.0151248  2.96353e-16    0.0243839   3.3759e-16   -0.0097209  -5.3134e-16   -0.0115091 -8.92858e-17    0.0088628  4.08558e-16   0.00584273  2.29263e-17  -0.00403415 -2.16406e-16  -0.00365951 -4.25844e-17  0.000653999   7.5017e-17    0.0017894  3.93706e-17  0.000576299 -5.12693e-18 -0.000353412 -1.21251e-17 -0.000395631 -8.36566e-18 -0.000124963 -4.12638e-18  3.83311e-05  1.27752e-18   5.8721e-05  3.79804e-18  2.88004e-05  2.09925e-18  5.39628e-06 -3.88797e-19 -2.57318e-06 -1.07501e-18 -2.74204e-06 -4.37628e-19 -1.31732e-06   1.3171e-19 -3.92233e-07  2.04838e-19 -4.91982e-08  7.35637e-20   2.2771e-08 -1.46175e-20  1.92994e-08 -2.94331e-20  8.43293e-09 -1.66892e-20  2.69594e-09 -5.90588e-21  6.65066e-10 -1.85297e-21  1.19712e-10 -8.27952e-22  1.02583e-11 -3.87144e-22 -2.84335e-12 -9.44044e-23 -1.79266e-12  2.68377e-23 -5.90088e-13  4.10837e-23 -1.49149e-13  2.49037e-23 -3.15298e-14  1.06684e-23 -5.75231e-15   3.5289e-24 -9.16941e-16  9.24379e-25 -1.27993e-16  1.96944e-25 -1.55508e-17  3.56232e-26 -1.61681e-18  5.70821e-27 -1.38332e-19   8.2243e-28 -8.74726e-21  1.07618e-28 -2.27022e-22  1.39654e-29  3.60557e-23  2.05373e-30  7.21117e-24  3.22528e-31  7.98853e-25  4.48869e-32  6.59365e-26  5.03299e-33  4.30818e-27  4.49692e-34  2.24996e-28  3.21072e-35  9.25881e-30  1.77752e-36   2.8964e-31  7.11402e-38  6.43234e-33  1.84968e-39  8.80233e-35  2.50991e-41  4.80724e-37
-1.86117e-09 -5.22635e-19  2.14321e-07  3.87377e-18 -3.99423e-06 -1.00166e-17  3.12416e-05  5.94944e-19 -0.000113119  4.39793e-17  6.06113e-05  -6.6274e-17   0.00113357 -3.57905e-17  -0.00484288   1.4936e-16   0.00877432  5.34702e-17  -0.00417778 -4.59093e-16   -0.0123094   3.3759e-16       0.0225  3.68857e-16  -0.00748914 -5.36675e-16   -0.0127332 -1.39755e-16   0.00720266  3.98955e-16    0.0072814  7.91584e-17  -0.00281363 -1.98773e-16  -0.00430429  -7.8845e-17 -0.000232201  5.33621e-17   0.00173469  4.95131e-17  0.000953479  9.90209e-18 -0.000118563 -8.99312e-18 -0.000397717 -1.27122e-17  -0.00020925 -7.39321e-18 -1.73862e-05  9.49133e-19  4.55746e-05  4.38963e-18  3.48353e-05  2.36526e-18  1.28841e-05 -3.53463e-19  1.26724e-06 -1.01808e-18 -1.64485e-06 -3.84046e-19 -1.29482e-06  1.32583e-19 -5.63848e-07  1.85943e-19 -1.63381e-07  6.53784e-20 -2.48738e-08 -1.39855e-20  4.75279e-09 -2.87514e-20   5.3095e-09 -1.82027e-20  2.41328e-09 -8.02657e-21  7.94752e-10 -3.23535e-21  2.08579e-10  -1.3621e-21  4.41795e-11 -4.98783e-22  7.17602e-12 -9.84227e-23  6.83628e-13  2.82811e-23 -6.33592e-14   3.8035e-23 -5.19094e-14  2.17198e-23 -1.60334e-14  8.91219e-24 -3.67085e-15  2.85389e-24   -6.969e-16  7.33421e-25 -1.14095e-16  1.56039e-25 -1.63845e-17  2.86768e-26 -2.07902e-18  4.71087e-27 -2.33589e-19  6.94993e-28 -2.32031e-20  9.17466e-29 -2.02853e-21  1.13047e-29  -1.5491e-22  1.41404e-30 -1.02194e-23  1.79918e-31 -5.73225e-25  2.08588e-32 -2.67144e-26  2.01051e-33 -9.98264e-28   1.5662e-34 -2.81359e-29  9.74583e-36 -5.24104e-31  4.63175e-37 -3.78231e-33   1.5345e-38  7.83143e-35  3.04083e-40  1.88818e-36  2.35259e-42
 6.75676e-20  2.13872e-08 -1.17087e-18  9.86767e-08  6.57926e-18 -5.69798e-06 -1.37873e-17  5.52679e-05 -2.80295e-18 -0.000248116  5.88491e-17  0.000473534 -7.14197e-17  0.000485845 -7.30989e-17  -0.00474909   2.1386e-16    0.0103999  3.37224e-17  -0.00724862 -5.05784e-16   -0.0097209  3.68857e-16    0.0208648  3.89902e-16  -0.00563167 -5.25083e-16   -0.0134879 -1.88771e-16   0.00539065  3.74784e-16   0.00829539  1.32803e-16  -0.00137583 -1.69444e-16  -0.00459726 -1.09092e-16   -0.0011637  2.56217e-17   0.00145091  5.38729e-17   0.00123613  2.49544e-17  0.000170713 -3.54999e-18 -0.000323496 -1.54015e-17 -0.000262868 -1.02652e-17 -7.87089e-05   1.9138e-19  1.83467e-05  4.44976e-18  3.21689e-05  2.41428e-18  1.77394e-05 -2.76006e-19  5.29417e-06 -8.77736e-19  1.64044e-07 -2.96842e-19 -8.06391e-07  1.37891e-19 -5.41322e-07  1.66655e-19 -2.22425e-07  5.63311e-20 -6.48082e-08  -1.4756e-20 -1.21013e-08 -2.92331e-20 -8.23313e-11 -2.02216e-20  1.07012e-09 -1.01852e-20  5.53182e-10 -4.51678e-21  1.90822e-10 -1.83496e-21  5.22802e-11 -6.04112e-22  1.19334e-11 -1.13588e-22  2.28996e-12  2.16277e-23  3.61846e-13  3.17886e-23  4.33814e-14  1.76799e-23  2.60549e-15  7.02496e-24 -4.43561e-16  2.18479e-24 -1.99099e-16  5.49833e-25 -4.55802e-17  1.15862e-25 -7.98667e-18  2.12756e-26 -1.16755e-18  3.49507e-27 -1.46881e-19  5.12565e-28  -1.6102e-20  6.64701e-29 -1.54422e-21  7.79641e-30 -1.29387e-22  8.73801e-31 -9.42162e-24  9.48688e-32 -5.90793e-25    9.331e-33   -3.147e-26   7.7139e-34 -1.39633e-27   5.1802e-35 -5.01534e-29  2.76111e-36 -1.39592e-30  1.09925e-37 -2.79894e-32  2.89707e-39 -3.49978e-34  3.97781e-41 -1.76455e-36
