 1.61598e-11 -2.18139e-24 -3.68369e-10  9.92899e-23  3.27534e-09 -8.38752e-22 -1.74379e-08  4.07445e-21  6.35788e-08 -1.36907e-20 -1.68345e-07   3.4134e-20  3.30858e-07 -6.52707e-20  -4.7837e-07  9.58987e-20  4.79956e-07 -1.04431e-19 -2.65257e-07  7.37608e-20 -4.97297e-08 -1.09822e-20  2.22804e-07  -5.0741e-20 -1.37599e-07   7.7092e-20 -5.18767e-08  -6.1526e-20  1.12644e-07   2.7279e-20 -2.12006e-08 -1.82783e-21 -5.56802e-08 -5.92389e-21  2.86916e-08  3.87418e-21  2.16441e-08 -1.14746e-21 -1.79246e-08  1.76599e-22 -7.59249e-09  1.12691e-22  8.16998e-09 -2.42876e-22  2.75395e-09  1.33996e-22 -2.82347e-09  2.73649e-23  -1.0441e-09 -4.91735e-23  6.53368e-10  3.39556e-24  3.23239e-10  1.15044e-23 -6.07941e-11   -3.859e-24 -4.97683e-11 -1.52451e-25 -3.67827e-12  1.60003e-25  7.38306e-13
-2.18139e-24   5.2643e-10 -7.65318e-23 -6.78005e-09  1.31695e-21  4.55041e-08 -8.35936e-21  -1.9845e-07  3.38388e-20  6.14002e-07 -9.86902e-20 -1.40023e-06  2.20128e-19  2.37019e-06 -3.86114e-19 -2.89385e-06  5.34401e-19  2.28085e-06  -5.7374e-19 -6.10925e-07  4.54745e-19 -9.58809e-07 -2.28758e-19  1.20288e-06   1.9549e-20 -2.32492e-07  7.79799e-20 -6.11222e-07  -6.7886e-20  4.49742e-07  2.21294e-20  1.63466e-07  2.95968e-21 -3.06485e-07 -4.14332e-21 -3.60664e-10  1.39058e-21  1.53748e-07  -2.3944e-21 -2.45086e-08  2.71545e-21 -6.52209e-08   -6.591e-22  1.36333e-08 -8.26348e-22  2.41695e-08  5.51916e-22 -3.66895e-09  5.32473e-23 -7.35434e-09 -1.22718e-22  6.78793e-11 -6.77175e-24  1.47938e-09  3.23479e-23   2.3276e-10 -7.82228e-24 -1.03265e-10 -6.72256e-25 -2.38508e-11  2.33614e-25
-3.68369e-10 -7.65318e-23  8.39938e-09 -5.82464e-22 -7.47144e-08  7.35442e-21  3.98026e-07  -3.9031e-20 -1.45246e-06  1.35329e-19  3.85048e-06 -3.43625e-19 -7.58014e-06  6.76739e-19   1.0986e-05 -1.05385e-18 -1.10643e-05  1.28979e-18  6.16702e-06 -1.20653e-18  1.09266e-06  8.04535e-19 -5.15221e-06 -3.04615e-19  3.25483e-06 -2.64826e-20  1.14079e-06  9.77078e-20 -2.63516e-06  -2.7363e-20  5.60091e-07 -2.50759e-20  1.27811e-06  1.44089e-20 -7.12316e-07  8.79182e-21 -4.78116e-07 -6.97325e-21  4.40634e-07 -6.07186e-21   1.5733e-07  8.44087e-21 -2.01224e-07 -2.00848e-21 -5.37328e-08 -1.87163e-21  7.08626e-08  1.15333e-21   2.0413e-08  6.66099e-23 -1.74205e-08 -1.44571e-22 -6.73076e-09 -5.85226e-23  2.06112e-09  5.76075e-23  1.16331e-09 -8.40461e-24  2.83017e-11 -1.44426e-24 -2.36845e-11
 9.92899e-23 -6.78005e-09 -5.82464e-22   8.7361e-08 -2.80427e-21 -5.86718e-07  2.96387e-20  2.56127e-06 -1.34731e-19  -7.9354e-06  4.01551e-19  1.81315e-05 -8.89545e-19  -3.0776e-05  1.54334e-18  3.77348e-05 -2.10838e-18 -2.99766e-05  2.21558e-18  8.32592e-06 -1.68604e-18  1.23417e-05   7.7422e-19 -1.59175e-05 -1.22366e-20  3.40904e-06 -2.44782e-19  7.89274e-06   9.2025e-20 -6.13779e-06  1.08978e-19 -1.92053e-06 -1.30209e-19  4.10553e-06  3.13525e-20 -1.83207e-07  3.22274e-20 -2.02142e-06 -1.83378e-20  4.37946e-07 -1.24679e-20  8.41328e-07  1.58452e-20 -2.38489e-07 -3.41155e-21 -3.08576e-07 -2.91327e-21  7.36932e-08  1.69174e-21  9.52262e-08 -6.35046e-23 -9.12293e-09  4.00439e-24 -2.04037e-08 -1.59124e-22 -1.66442e-09   7.2936e-23   1.7479e-09 -4.03072e-24  2.94372e-10  -1.5672e-24
 3.27534e-09  1.31695e-21 -7.47144e-08 -2.80427e-21  6.65064e-07 -1.09856e-20 -3.54669e-06  1.00469e-19  1.29617e-05 -3.88509e-19 -3.44335e-05  9.96887e-19  6.79891e-05 -1.94293e-18 -9.89764e-05  2.98799e-18  0.000100429 -3.57542e-18 -5.70115e-05  3.16424e-18 -8.60756e-06 -1.79645e-18  4.65054e-05  2.34821e-19 -3.06391e-05  6.35573e-19 -9.24626e-06 -5.51444e-19  2.41304e-05   5.8143e-22 -6.10398e-06  3.51733e-19 -1.12813e-05 -2.89339e-19  7.07046e-06  6.25816e-20   3.9363e-06  5.22591e-20 -4.28026e-06  -2.7657e-20 -1.14277e-06 -1.84978e-20  1.94397e-06  2.18295e-20  3.39895e-07  -4.7347e-21 -6.94564e-07 -3.26927e-21 -1.29119e-07  2.11052e-21  1.80842e-07 -5.23866e-22   4.8165e-08  3.61285e-22 -2.59574e-08 -2.71418e-22 -9.88473e-09  6.86116e-23  5.19233e-10   1.2577e-24  2.78843e-10
-8.38752e-22  4.55041e-08  7.35442e-21 -5.86718e-07 -1.09856e-20  3.94459e-06 -3.75806e-20 -1.72465e-05  2.90111e-19  5.35517e-05 -9.42667e-19 -0.000122743  2.10229e-18  0.000209294 -3.66468e-18 -0.000258466  5.07033e-18  0.000208193 -5.37736e-18 -6.17267e-05  4.01889e-18 -8.17078e-05 -1.55054e-18  0.000110802 -6.29255e-19 -2.75819e-05  1.41275e-18 -5.24262e-05 -8.19923e-19  4.44595e-05 -1.80959e-19  1.06156e-05  6.62763e-19 -2.87496e-05 -4.92755e-19   3.2078e-06  1.25861e-19  1.36864e-05  5.39422e-20 -4.12955e-06 -3.37561e-20 -5.49726e-06 -1.98664e-20  2.18437e-06  2.46264e-20  1.96679e-06 -6.40387e-21 -7.36081e-07 -2.82037e-21  -6.1218e-07  2.67432e-21  1.38809e-07 -1.35275e-21  1.40553e-07  7.99654e-22 -3.00224e-09 -3.35296e-22 -1.46803e-08  5.15007e-23 -1.57547e-09  2.35586e-24
-1.74379e-08 -8.35936e-21  3.98026e-07  2.96387e-20 -3.54669e-06 -3.75806e-20  1.89437e-05 -1.08654e-19 -6.93887e-05  6.81533e-19   0.00018493 -1.85457e-18 -0.000366839  3.65854e-18  0.000537773 -5.82753e-18 -0.000552195  7.39791e-18  0.000322895 -7.10632e-18  3.45686e-05  4.62777e-18 -0.000251396  -1.1751e-18  0.000176668 -1.40498e-18  4.05627e-05  1.99585e-18 -0.000132669 -9.27726e-19  4.15994e-05 -4.41014e-19  5.82502e-05  1.01334e-18  -4.2995e-05 -7.37679e-19 -1.78801e-05  2.25976e-19  2.51301e-05  3.79738e-20  3.84102e-06 -4.00328e-20 -1.12274e-05 -1.56706e-20 -6.47151e-07  2.54794e-20  4.03426e-06  -8.6837e-21   2.4034e-07 -2.32839e-21 -1.10373e-06  3.67768e-21 -1.45395e-07 -2.29411e-21  1.85326e-07  1.08825e-21  4.28826e-08 -3.22484e-22  -8.6924e-09  3.59836e-23 -1.79903e-09
 4.07445e-21  -1.9845e-07  -3.9031e-20  2.56127e-06  1.00469e-19 -1.72465e-05 -1.08654e-19  7.55777e-05 -2.48674e-19 -0.000235443  1.22706e-18  0.000542173 -2.80238e-18  -0.00093083  5.01217e-18   0.00116204 -7.49165e-18 -0.000955907  8.92301e-18  0.000311302 -7.97648e-18  0.000344496  4.78755e-18 -0.000506625 -9.40722e-19  0.000152266 -1.72109e-18  0.000221498  2.13597e-18 -0.000213285 -7.67684e-19 -2.99005e-05 -8.14743e-19   0.00013077  1.41381e-18 -2.68674e-05 -1.00824e-18 -5.88073e-05  3.34734e-19  2.52446e-05  2.18362e-20  2.21056e-05 -4.93226e-20 -1.28953e-05 -1.04401e-20 -7.46991e-06  2.77253e-20  4.57057e-06 -1.12395e-20   2.3073e-06  -2.7236e-21 -1.05328e-06  5.02665e-21  -5.7313e-07 -2.91838e-21  1.04664e-07  1.08206e-21  7.38061e-08  -2.5783e-22  2.67644e-09  2.32765e-23
 6.35788e-08  3.38388e-20 -1.45246e-06 -1.34731e-19  1.29617e-05  2.90111e-19 -6.93887e-05 -2.48674e-19     0.000255 -4.19807e-19 -0.000682801  1.54959e-18   0.00136363 -2.95574e-18  -0.00201954  5.00969e-18   0.00211008 -7.34012e-18  -0.00128742  8.44804e-18  -5.6556e-05 -7.30735e-18  0.000929186  4.40492e-18  -0.00071562 -9.71813e-19 -9.53382e-05 -1.47261e-18  0.000499556  1.73835e-18 -0.000200447   -2.403e-19 -0.000197301 -1.38057e-18  0.000182517  1.87147e-18  4.61167e-05 -1.24909e-18 -0.000101256  4.00555e-19  -1.1316e-06  2.59333e-20  4.37276e-05 -6.07305e-20 -4.09261e-06 -1.11568e-20 -1.55403e-05  3.44778e-20  1.62073e-06 -1.37987e-20  4.40508e-06 -3.97124e-21  -1.4136e-07  6.17675e-21 -8.42603e-07 -2.94308e-21 -7.32078e-08  8.40027e-22  6.00272e-08 -1.76729e-22  6.73741e-09
-1.36907e-20  6.14002e-07  1.35329e-19  -7.9354e-06 -3.88509e-19  5.35517e-05  6.81533e-19 -0.000235443 -4.19807e-19  0.000736915 -4.58104e-19  -0.00170837  1.01898e-18   0.00296199   -1.505e-18  -0.00375554   2.9097e-18   0.00318252  -4.7526e-18  -0.00116877   5.6286e-18 -0.000994332 -5.16616e-18   0.00166321  3.61019e-18 -0.000621318 -1.16828e-18 -0.000637838  -7.9539e-19  0.000739555  8.16704e-19  1.13857e-05  7.14673e-19 -0.000418366  -2.1673e-18  0.000141337   2.3254e-18  0.000170428 -1.38055e-18 -0.000108385  3.85347e-19 -5.58339e-05  5.92191e-20  5.30174e-05 -7.16023e-20  1.61432e-05 -2.19468e-20 -1.92035e-05  4.67886e-20 -4.64525e-06 -1.70869e-20  4.95441e-06 -4.86633e-21  1.29499e-06  6.52817e-21  -7.1331e-07 -2.42494e-21  -2.2271e-07  5.28818e-22   1.7179e-08 -9.10091e-23
-1.68345e-07 -9.86902e-20  3.85048e-06  4.01551e-19 -3.44335e-05 -9.42667e-19   0.00018493  1.22706e-18 -0.000682801 -4.58104e-19   0.00184057 -1.39442e-19  -0.00371141 -6.63498e-19   0.00557678  1.34822e-18  -0.00597068 -6.49841e-19   0.00385727 -5.14735e-19 -0.000153038  1.39503e-18  -0.00247883 -2.38489e-18   0.00216639   2.6113e-18  2.52178e-05 -1.31639e-18  -0.00135694  1.34421e-19  0.000718819 -5.39337e-19  0.000442142  2.01676e-18 -0.000570215 -3.04283e-18 -3.79745e-05  2.63894e-18  0.000292706 -1.35404e-18 -4.98348e-05  2.94573e-19  -0.00011827  1.14984e-19  3.62571e-05   -8.051e-20  4.01085e-05 -4.11113e-20 -1.40733e-05  6.32571e-20 -1.14544e-05 -2.24007e-20  3.16729e-06 -4.18025e-21  2.45517e-06  5.83234e-21 -2.38455e-07 -1.62903e-21 -2.40275e-07  2.58441e-22 -1.10737e-08
  3.4134e-20 -1.40023e-06 -3.43625e-19  1.81315e-05  9.96887e-19 -0.000122743 -1.85457e-18  0.000542173  1.54959e-18  -0.00170837 -1.39442e-19   0.00399853  5.75427e-19  -0.00703011 -2.83318e-18   0.00910976  4.07806e-18  -0.00803944 -3.94891e-18   0.00340843  3.78073e-18   0.00196247 -2.70118e-18  -0.00407581   9.4583e-20   0.00194022   1.5225e-18   0.00123867 -1.32785e-18  -0.00192194  1.22268e-18  0.000271197 -2.11895e-18  0.000959077  3.36948e-18 -0.000515454 -3.70848e-18   -0.0003213  2.67521e-18  0.000337528 -1.19225e-18  7.00742e-05  1.72082e-19 -0.000155464  1.76604e-19 -6.55564e-06 -8.72508e-20  5.57818e-05 -6.24428e-20 -6.93551e-07   8.0544e-20 -1.53035e-05 -2.96832e-20 -2.89082e-07 -1.83839e-21  2.69623e-06  4.24194e-21  2.82555e-07 -8.03931e-22 -1.38703e-07  6.94264e-23
 3.30858e-07  2.20128e-19 -7.58014e-06 -8.89545e-19  6.79891e-05  2.10229e-18 -0.000366839 -2.80238e-18   0.00136363  1.01898e-18  -0.00371141  5.75427e-19   0.00758775  1.34469e-18   -0.0116376 -4.05873e-18    0.0128877  4.94347e-18  -0.00896874 -5.71108e-18   0.00130342    6.944e-18   0.00482074 -5.49053e-18  -0.00503289  1.85245e-18  0.000697119  3.85268e-19   0.00267058 -1.31482e-18  -0.00195678  2.36667e-18 -0.000558245 -3.57155e-18    0.0013264  4.33523e-18  -0.00020439 -3.85059e-18 -0.000600374  2.39478e-18  0.000259221 -9.70982e-19  0.000209664   6.5817e-20 -0.000144179  2.27015e-19 -6.06401e-05 -9.12722e-20   5.4887e-05 -7.85288e-20  1.58383e-05   9.3939e-20 -1.43092e-05 -3.64316e-20 -3.82879e-06  1.20705e-21  1.96264e-06  2.20853e-21  5.50892e-07 -1.56478e-22 -2.51121e-08
-6.52707e-20  2.37019e-06  6.76739e-19  -3.0776e-05 -1.94293e-18  0.000209294  3.65854e-18  -0.00093083 -2.95574e-18   0.00296199 -6.63498e-19  -0.00703011  1.34469e-18    0.0126115  1.60661e-18    -0.016853 -3.25268e-18    0.0157125  3.56934e-18  -0.00785776 -6.11313e-18  -0.00232414  8.61769e-18   0.00750155 -6.68657e-18  -0.00469093  3.11043e-18  -0.00135762 -7.87852e-19   0.00374962 -1.33826e-18  -0.00129773  3.31216e-18  -0.00150036 -4.51629e-18   0.00135267  4.55556e-18  0.000280287 -3.35336e-18  -0.00075942  1.88792e-18  7.26401e-05 -7.60696e-19  0.000316456 -4.52175e-21 -8.47293e-05  2.56235e-19 -0.000106354 -9.27954e-20  3.72753e-05 -8.29874e-20  2.93396e-05  9.85268e-20 -9.03496e-06 -3.93544e-20 -5.99436e-06   3.8365e-21  7.32347e-07  4.33829e-22  4.75426e-07  1.22043e-22
 -4.7837e-07 -3.86114e-19   1.0986e-05  1.54334e-18 -9.89764e-05 -3.66468e-18  0.000537773  5.01217e-18  -0.00201954   -1.505e-18   0.00557678 -2.83318e-18   -0.0116376  1.60661e-18    0.0183911  1.02211e-18   -0.0213574  -6.2069e-19     0.016359  1.26454e-18  -0.00452013 -6.05467e-18   -0.0065327  8.79587e-18   0.00897161 -6.76283e-18  -0.00294311  4.41212e-18  -0.00357444 -2.10627e-18   0.00402793 -1.12671e-18 -0.000116902  3.70196e-18  -0.00222445 -4.72344e-18   0.00100924  3.97055e-18  0.000779581 -2.39816e-18 -0.000743239  1.31612e-18 -0.000162607 -5.82607e-19  0.000357119 -5.24007e-20  3.45249e-06  2.64972e-19 -0.000129931 -9.65358e-20  9.26231e-06  -7.1866e-20  3.56975e-05  9.15767e-20 -1.70361e-06 -3.69965e-20 -6.15443e-06  5.11749e-21 -3.40307e-07 -4.45185e-22  2.08013e-07
 9.58987e-20 -2.89385e-06 -1.05385e-18  3.77348e-05  2.98799e-18 -0.000258466 -5.82753e-18   0.00116204  5.00969e-18  -0.00375554  1.34822e-18   0.00910976 -4.05873e-18    -0.016853  1.02211e-18     0.023569 -2.49438e-19   -0.0237095  2.48081e-18    0.0143166 -2.85969e-19  0.000219953 -5.72382e-18   -0.0100104  7.46239e-18   0.00871318 -6.49581e-18 -0.000337499  6.18176e-18   -0.0052498 -3.85461e-18   0.00344608 -1.87784e-19     0.001205   3.3154e-18  -0.00253394  -4.2259e-18  0.000419586  2.87044e-18   0.00115707 -1.35924e-18 -0.000570851  8.18834e-19 -0.000382099 -4.13221e-19  0.000327142 -1.02556e-19  9.56383e-05  2.63888e-19 -0.000127365 -1.11382e-19  -2.0691e-05  -4.5726e-20  3.39227e-05  7.43295e-20  5.10228e-06 -3.00673e-20 -4.60609e-06   4.5058e-21  -7.9308e-07 -4.16126e-22
 4.79956e-07  5.34401e-19 -1.10643e-05 -2.10838e-18  0.000100429  5.07033e-18 -0.000552195 -7.49165e-18   0.00211008   2.9097e-18  -0.00597068  4.07806e-18    0.0128877 -3.25268e-18   -0.0213574 -2.49438e-19     0.026629 -1.66734e-18   -0.0231627  4.47824e-18    0.0102241 -5.04949e-19   0.00491288 -4.34457e-18   -0.0118396  4.82414e-18   0.00701348  -6.4492e-18   0.00229547  8.42308e-18  -0.00603239 -6.26977e-18   0.00229455   1.7055e-18   0.00232846  2.25768e-18  -0.00243019 -3.28579e-18 -0.000246547  1.72998e-18   0.00135309  -5.8237e-19 -0.000300963  4.57307e-19 -0.000543627  -2.2442e-19   0.00024177 -1.64081e-19  0.000172123  2.66769e-19  -0.00010237 -1.42058e-19 -4.53375e-05 -1.07922e-20  2.55971e-05  5.09275e-20  9.42935e-06 -1.99338e-20 -2.27595e-06  2.58086e-21 -5.76688e-07
-1.04431e-19  2.28085e-06  1.28979e-18 -2.99766e-05 -3.57542e-18  0.000208193  7.39791e-18 -0.000955907 -7.34012e-18   0.00318252 -6.49841e-19  -0.00803944  4.94347e-18    0.0157125  -6.2069e-19   -0.0237095 -1.66734e-18     0.026739 -2.59208e-18   -0.0201965  4.43479e-18   0.00555288 -1.24256e-19   0.00833816 -1.30743e-18   -0.0119755  1.55859e-18   0.00466716 -6.64355e-18   0.00436038  1.06647e-17  -0.00601057 -9.14509e-18  0.000952607  4.14595e-18   0.00310255  9.05148e-19  -0.00203155 -2.25241e-18 -0.000863433  9.46251e-19   0.00137256 -2.21089e-19  6.12886e-06  2.20015e-19 -0.000630229 -2.24895e-20  0.000123392 -2.19666e-19  0.000221417   2.7946e-19 -6.27456e-05 -1.80447e-19 -6.01476e-05  2.30437e-20  1.37633e-05    2.591e-20  1.04353e-05 -8.65771e-21 -2.69164e-07  9.02222e-22
-2.65257e-07  -5.7374e-19  6.16702e-06  2.21558e-18 -5.70115e-05 -5.37736e-18  0.000322895  8.92301e-18  -0.00128742  -4.7526e-18   0.00385727 -3.94891e-18  -0.00896874  3.56934e-18     0.016359  2.48081e-18   -0.0231627 -2.59208e-18    0.0243166 -2.52174e-18   -0.0162534  2.42713e-18   0.00170357 -2.04962e-19    0.0101463  2.85446e-18   -0.0110595 -1.46339e-18   0.00239457 -6.56456e-18    0.0057198  1.21247e-17  -0.00548517 -1.16765e-17 -0.000328647  6.26883e-18   0.00353422 -3.39233e-19  -0.00146548 -1.40761e-18   -0.0013681  6.70888e-19   0.00124877 -2.24782e-19  0.000304653  6.80925e-20 -0.000642079  1.40108e-19 -6.04748e-06 -2.37489e-19  0.000239503  2.94785e-19 -1.74773e-05 -2.07334e-19 -6.35565e-05  4.55783e-20  1.84161e-06  3.51716e-21  8.45309e-06 -1.37818e-22  5.82036e-07
 7.37608e-20 -6.10925e-07 -1.20653e-18  8.32592e-06  3.16424e-18 -6.17267e-05 -7.10632e-18  0.000311302  8.44804e-18  -0.00116877 -5.14735e-19   0.00340843 -5.71108e-18  -0.00785776  1.26454e-18    0.0143166  4.47824e-18   -0.0201965 -2.52174e-18    0.0207865 -1.32821e-18   -0.0128163 -5.38185e-19 -0.000755636 -1.18576e-18    0.0107902  6.76092e-18  -0.00981846 -3.75978e-18  0.000499007 -5.46193e-18     0.006533  1.20289e-17  -0.00471198 -1.28373e-17   -0.0014546   7.3536e-18   0.00368587 -1.26004e-18 -0.000823242 -8.82163e-19  -0.00173741    8.222e-19   0.00102057 -4.34424e-19  0.000563841 -1.18543e-20 -0.000589074  1.85119e-19 -0.000128259 -1.99055e-19   0.00022805  2.99749e-19  2.51636e-05 -2.02737e-19  -5.6566e-05  4.95224e-20 -7.22154e-06 -1.15969e-20  4.77663e-06  2.27025e-21
-4.97297e-08  4.54745e-19  1.09266e-06 -1.68604e-18 -8.60756e-06  4.01889e-18  3.45686e-05 -7.97648e-18  -5.6556e-05   5.6286e-18 -0.000153038  3.78073e-18   0.00130342 -6.11313e-18  -0.00452013 -2.85969e-19    0.0102241  4.43479e-18   -0.0162534 -1.32821e-18    0.0176538  5.62753e-19   -0.0105756 -3.03158e-18  -0.00212038 -2.76208e-18    0.0109362  9.25815e-18  -0.00863218 -5.54858e-18  -0.00104952 -2.79193e-18   0.00698813  1.00012e-17  -0.00382219 -1.20645e-17  -0.00240616  7.29961e-18   0.00361619 -1.85682e-18 -0.000165981 -6.62511e-19  -0.00196787  1.19617e-18  0.000725267 -6.87497e-19  0.000765171  2.16417e-20 -0.000486126  5.44364e-20 -0.000229783 -1.23274e-19  0.000192552  2.83585e-19  5.87129e-05  -1.5547e-19 -4.20693e-05  3.53834e-20 -1.15417e-05  -1.5764e-20  1.31675e-06
-1.09822e-20 -9.58809e-07  8.04535e-19  1.23417e-05 -1.79645e-18 -8.17078e-05  4.62777e-18  0.000344496 -7.30735e-18 -0.000994332  1.39503e-18   0.00196247    6.944e-18  -0.00232414 -6.05467e-18  0.000219953 -5.04949e-19   0.00555288  2.42713e-18   -0.0128163  5.62753e-19    0.0156466  2.30853e-18  -0.00933178 -3.94224e-18  -0.00298572 -4.33076e-18    0.0109735  1.01055e-17  -0.00754536 -7.46279e-18  -0.00235724   1.3603e-18   0.00718785  6.34829e-18  -0.00287738 -9.68327e-18  -0.00318013  6.56776e-18   0.00337447 -2.21508e-18   0.00046301 -6.42177e-19  -0.00206757  1.54753e-18  0.000396007 -8.74692e-19  0.000899951   2.4265e-19 -0.000349931 -2.35676e-19 -0.000302094  -5.8187e-20  0.000140686  2.35318e-19  7.90236e-05 -7.18067e-20 -2.41106e-05  1.41804e-20 -1.06426e-05 -1.01741e-20
 2.22804e-07 -2.28758e-19 -5.15221e-06   7.7422e-19  4.65054e-05 -1.55054e-18 -0.000251396  4.78755e-18  0.000929186 -5.16616e-18  -0.00247883 -2.70118e-18   0.00482074  8.61769e-18   -0.0065327 -5.72382e-18   0.00491288 -1.24256e-19   0.00170357 -5.38185e-19   -0.0105756  2.30853e-18    0.0145973  3.13137e-18  -0.00853953 -3.03641e-18  -0.00372187 -5.32109e-18    0.0109698  9.77207e-18  -0.00650522  -9.8559e-18  -0.00347348  6.12815e-18   0.00718319  2.02826e-18  -0.00192262 -6.70729e-18  -0.00377984  5.70443e-18   0.00300572 -2.36475e-18   0.00103455 -6.56071e-19  -0.00205174  1.61385e-18  6.02256e-05 -9.50186e-19  0.000966826  6.81372e-19 -0.000196856 -5.71807e-19 -0.000341097  -3.6743e-20   8.1022e-05  1.45975e-19  8.44035e-05  1.73656e-20 -7.15889e-06 -3.46245e-22 -5.80895e-06
 -5.0741e-20  1.20288e-06 -3.04615e-19 -1.59175e-05  2.34821e-19  0.000110802  -1.1751e-18 -0.000506625  4.40492e-18   0.00166321 -2.38489e-18  -0.00407581 -5.49053e-18   0.00750155  8.79587e-18   -0.0100104 -4.34457e-18   0.00833816 -2.04962e-19 -0.000755636 -3.03158e-18  -0.00933178  3.13137e-18    0.0139774  2.77576e-18  -0.00784755 -1.04921e-18  -0.00439245 -5.17952e-18    0.0108898  8.76355e-18  -0.00550259 -1.23192e-17  -0.00441146   1.0192e-17   0.00701986 -1.71751e-18 -0.000993407 -4.20372e-18  -0.00421794  4.90464e-18   0.00254899 -2.25016e-18   0.00153137 -4.83092e-19   -0.0019386  1.16415e-18 -0.000260608 -9.21033e-19   0.00096946  1.24334e-18 -4.17819e-05 -7.93018e-19 -0.000346411 -4.48233e-20  2.21061e-05  3.07935e-20  7.55874e-05  6.85601e-20  4.50119e-06 -3.87907e-21
-1.37599e-07   1.9549e-20  3.25483e-06 -1.22366e-20 -3.06391e-05 -6.29255e-19  0.000176668 -9.40722e-19  -0.00071562  3.61019e-18   0.00216639   9.4583e-20  -0.00503289 -6.68657e-18   0.00897161  7.46239e-18   -0.0118396 -1.30743e-18    0.0101463 -1.18576e-18  -0.00212038 -3.94224e-18  -0.00853953  2.77576e-18    0.0134428   1.6077e-18  -0.00720202  6.09766e-19  -0.00495807 -3.32508e-18    0.0107393  7.23296e-18  -0.00455781 -1.39504e-17  -0.00519112   1.2434e-17   0.00674121 -3.84342e-18 -0.000110628 -2.71498e-18  -0.00451197  3.95646e-18   0.00203549 -1.83966e-18   0.00194453  1.22076e-19   -0.0017468  1.26873e-19 -0.000550291 -8.26809e-19  0.000914781  1.70381e-18  0.000102409 -7.91737e-19 -0.000320685 -4.76602e-20 -2.81919e-05 -6.03566e-20  5.56143e-05  6.22747e-20  7.39206e-06
  7.7092e-20 -2.32492e-07 -2.64826e-20  3.40904e-06  6.35573e-19 -2.75819e-05 -1.40498e-18  0.000152266 -9.71813e-19 -0.000621318   2.6113e-18   0.00194022  1.85245e-18  -0.00469093 -6.76283e-18   0.00871318  4.82414e-18   -0.0119755  2.85446e-18    0.0107902 -2.76208e-18  -0.00298572 -3.03641e-18  -0.00784755   1.6077e-18    0.0129441   4.0242e-19  -0.00665146   3.4329e-19  -0.00542203  5.68501e-19    0.0105544  5.24384e-18  -0.00367801 -1.41718e-17  -0.00583986  1.24172e-17   0.00637924 -3.86504e-18   0.00071561 -2.07292e-18   -0.0046794  2.54852e-18   0.00148958 -1.27196e-18   0.00227047  1.29095e-18  -0.00149418 -1.28599e-18 -0.000796982 -6.99977e-19  0.000811768  1.81259e-18  0.000224986 -5.76535e-19 -0.000269042 -3.85052e-20 -6.31816e-05  -8.3701e-20   2.9779e-05  2.51552e-20
-5.18767e-08  7.79799e-20  1.14079e-06 -2.44782e-19 -9.24626e-06  1.41275e-18  4.05627e-05 -1.72109e-18 -9.53382e-05 -1.16828e-18  2.52178e-05   1.5225e-18  0.000697119  3.11043e-18  -0.00294311 -6.49581e-18   0.00701348  1.55859e-18   -0.0110595  6.76092e-18    0.0109362 -4.33076e-18  -0.00372187 -1.04921e-18  -0.00720202   4.0242e-19    0.0125338  5.00701e-20  -0.00620031 -2.99733e-18  -0.00582095  6.03523e-18    0.0103569  3.29572e-18  -0.00285638 -1.32282e-17   -0.0063804  1.03701e-17   0.00595596 -2.05827e-18   0.00148049 -1.62698e-18  -0.00473634  6.46117e-19  0.000930238 -8.41839e-19   0.00250911  2.84553e-18  -0.00119721 -2.61563e-18  -0.00099231 -5.19424e-19  0.000670671  1.45252e-18  0.000317354 -2.46193e-19 -0.000198716 -3.57831e-20  -7.7886e-05 -5.20532e-20  6.95078e-06
 -6.1526e-20 -6.11222e-07  9.77078e-20  7.89274e-06 -5.51444e-19 -5.24262e-05  1.99585e-18  0.000221498 -1.47261e-18 -0.000637838 -1.31639e-18   0.00123867  3.85268e-19  -0.00135762  4.41212e-18 -0.000337499  -6.4492e-18   0.00466716 -1.46339e-18  -0.00981846  9.25815e-18    0.0109735 -5.32109e-18  -0.00439245  6.09766e-19  -0.00665146  5.00701e-20      0.01222  1.25199e-18  -0.00581717 -9.38624e-18  -0.00617931  1.15454e-17    0.0101532  2.33919e-18  -0.00208585 -1.18074e-17  -0.00682981  6.89268e-18   0.00548776  5.48959e-19   0.00218249 -7.08749e-19  -0.00469724 -1.39592e-18  0.000372143  -7.4724e-19   0.00266244  4.26024e-18 -0.000870845 -3.39074e-18  -0.00113059 -2.24267e-19  0.000502571  7.41648e-19  0.000372953  7.13743e-20 -0.000119036 -4.17135e-20 -6.91195e-05 -1.63519e-20
 1.12644e-07  -6.7886e-20 -2.63516e-06   9.2025e-20  2.41304e-05 -8.19923e-19 -0.000132669  2.13597e-18  0.000499556  -7.9539e-19  -0.00135694 -1.32785e-18   0.00267058 -7.87852e-19  -0.00357444  6.18176e-18   0.00229547 -6.64355e-18   0.00239457 -3.75978e-18  -0.00863218  1.01055e-17    0.0109698 -5.17952e-18  -0.00495807   3.4329e-19  -0.00620031  1.25199e-18    0.0119744  4.16153e-18  -0.00548128 -1.71978e-17  -0.00650615  1.50109e-17   0.00994747  3.03545e-18  -0.00136117 -1.02382e-17  -0.00720269  2.79169e-18   0.00498678  2.53726e-18   0.00282238  9.45835e-19  -0.00457453 -3.09417e-18 -0.000173383 -8.39413e-19   0.00273355  4.92978e-18 -0.000528686 -3.38761e-18  -0.00120812  1.72073e-19  0.000319328 -1.75689e-21  0.000387236  2.60481e-19 -4.11424e-05 -3.93966e-20  -3.8416e-05
  2.7279e-20  4.49742e-07  -2.7363e-20 -6.13779e-06   5.8143e-22  4.44595e-05 -9.27726e-19 -0.000213285  1.73835e-18  0.000739555  1.34421e-19  -0.00192194 -1.31482e-18   0.00374962 -2.10627e-18   -0.0052498  8.42308e-18   0.00436038 -6.56456e-18  0.000499007 -5.54858e-18  -0.00754536  9.77207e-18    0.0108898 -3.32508e-18  -0.00542203 -2.99733e-18  -0.00581717  4.16153e-18    0.0117784  8.10092e-18  -0.00518663 -2.36357e-17  -0.00680895  1.49569e-17   0.00974448  4.96163e-18 -0.000676476 -8.20177e-18  -0.00751152 -9.45836e-19   0.00446137  2.79787e-18   0.00340216  3.08229e-18  -0.00437849 -4.22457e-18 -0.000697441 -7.20611e-19   0.00272585  4.55226e-18 -0.000183334 -2.69801e-18  -0.00122275  4.86575e-19  0.000133615 -4.39386e-19  0.000358157  2.65647e-19  2.03424e-05 -2.42707e-20
-2.12006e-08  2.21294e-20  5.60091e-07  1.08978e-19 -6.10398e-06 -1.80959e-19  4.15994e-05 -7.67684e-19 -0.000200447  8.16704e-19  0.000718819  1.22268e-18  -0.00195678 -1.33826e-18   0.00402793 -3.85461e-18  -0.00603239  1.06647e-17    0.0057198 -5.46193e-18  -0.00104952 -7.46279e-18  -0.00650522  8.76355e-18    0.0107393  5.68501e-19  -0.00582095 -9.38624e-18  -0.00548128  8.10092e-18    0.0116282  1.16754e-17  -0.00492833 -2.60718e-17   -0.0070961  1.15078e-17   0.00954728  6.67464e-18 -2.53714e-05 -5.22972e-18  -0.00776644 -3.38438e-18   0.00391701  1.18407e-18   0.00392428  5.14279e-18  -0.00411735  -4.9341e-18  -0.00119271 -1.34421e-19   0.00264273  3.26105e-18   0.00015315 -1.58899e-18  -0.00117369  4.84761e-19 -4.03712e-05 -4.42776e-19  0.000286481  1.46956e-19  4.20513e-05
-1.82783e-21  1.63466e-07 -2.50759e-20 -1.92053e-06  3.51733e-19  1.06156e-05 -4.41014e-19 -2.99005e-05   -2.403e-19  1.13857e-05 -5.39337e-19  0.000271197  2.36667e-18  -0.00129773 -1.12671e-18   0.00344608 -6.26977e-18  -0.00601057  1.21247e-17     0.006533 -2.79193e-18  -0.00235724  -9.8559e-18  -0.00550259  7.23296e-18    0.0105544  6.03523e-18  -0.00617931 -1.71978e-17  -0.00518663  1.16754e-17     0.011521   1.3407e-17  -0.00470016  -2.3495e-17  -0.00737437  6.31027e-18   0.00935735   6.6889e-18   0.00059832 -1.35168e-18   -0.0079756 -4.15206e-18   0.00335693 -1.36329e-18   0.00439115  6.55193e-18  -0.00379744 -5.45733e-18  -0.00165273  8.13022e-19   0.00248728  1.44808e-18  0.000468621 -3.65143e-19  -0.00106113  1.59855e-19 -0.000186095 -1.76111e-19  0.000175764  4.06021e-20
-5.56802e-08  2.95968e-21  1.27811e-06 -1.30209e-19 -1.12813e-05  6.62763e-19  5.82502e-05 -8.14743e-19 -0.000197301  7.14673e-19  0.000442142 -2.11895e-18 -0.000558245  3.31216e-18 -0.000116902 -1.87784e-19   0.00229455 -9.14509e-18  -0.00548517  1.20289e-17   0.00698813   1.3603e-18  -0.00347348 -1.23192e-17  -0.00455781  5.24384e-18    0.0103569  1.15454e-17  -0.00650615 -2.36357e-17  -0.00492833   1.3407e-17    0.0114526  1.25356e-17  -0.00449734 -1.69974e-17  -0.00764914  1.41051e-18   0.00917555  4.48986e-18   0.00120065  2.80933e-18  -0.00814549 -3.77852e-18    0.0027825 -3.31404e-18   0.00480472  6.87525e-18  -0.00342331 -5.75227e-18  -0.00207126   1.8113e-18   0.00226194 -4.05849e-19  0.000749815  6.25268e-19 -0.000887227 -1.88834e-19 -0.000285463  7.41677e-20  5.33153e-05
-5.92389e-21 -3.06485e-07  1.44089e-20  4.10553e-06 -2.89339e-19 -2.87496e-05  1.01334e-18   0.00013077 -1.38057e-18 -0.000418366  2.01676e-18  0.000959077 -3.57155e-18  -0.00150036  3.70196e-18     0.001205   1.7055e-18  0.000952607 -1.16765e-17  -0.00471198  1.00012e-17   0.00718785  6.12815e-18  -0.00441146 -1.39504e-17  -0.00367801  3.29572e-18    0.0101532  1.50109e-17  -0.00680895 -2.60718e-17  -0.00470016  1.25356e-17    0.0114202  9.41828e-18  -0.00431643 -8.94749e-18  -0.00792536 -1.93838e-18   0.00900221  7.42231e-19   0.00178765  6.47281e-18  -0.00828107  -3.3793e-18   0.00219358 -3.37951e-18   0.00516616  5.90745e-18  -0.00299774 -5.42876e-18  -0.00244125  2.53744e-18   0.00196921 -1.74806e-18  0.000981939  1.02019e-18  -0.00065828  -2.6562e-19 -0.000305943  1.36033e-19
 2.86916e-08 -4.14332e-21 -7.12316e-07  3.13525e-20  7.07046e-06 -4.92755e-19  -4.2995e-05  1.41381e-18  0.000182517  -2.1673e-18 -0.000570215  3.36948e-18    0.0013264 -4.51629e-18  -0.00222445   3.3154e-18   0.00232846  4.14595e-18 -0.000328647 -1.28373e-17  -0.00382219  6.34829e-18   0.00718319   1.0192e-17  -0.00519112 -1.41718e-17  -0.00285638  2.33919e-18   0.00994747  1.49569e-17   -0.0070961  -2.3495e-17  -0.00449734  9.41828e-18    0.0114224   5.2406e-18  -0.00415448 -1.55283e-18  -0.00820767  -3.6164e-18   0.00883713 -3.29995e-18   0.00236539   9.0985e-18  -0.00838586 -3.80485e-18   0.00158858 -1.25914e-18   0.00547527  3.72179e-18  -0.00252233 -4.02082e-18  -0.00275436  2.63633e-18   0.00161176 -2.10464e-18   0.00114502  7.04854e-19 -0.000381754 -1.20705e-19  -0.00020215
 3.87418e-21 -3.60664e-10  8.79182e-21 -1.83207e-07  6.25816e-20   3.2078e-06 -7.37679e-19 -2.68674e-05  1.87147e-18  0.000141337 -3.04283e-18 -0.000515454  4.33523e-18   0.00135267 -4.72344e-18  -0.00253394  2.25768e-18   0.00310255  6.26883e-18   -0.0014546 -1.20645e-17  -0.00287738  2.02826e-18   0.00701986   1.2434e-17  -0.00583986 -1.32282e-17  -0.00208585  3.03545e-18   0.00974448  1.15078e-17  -0.00737437 -1.69974e-17  -0.00431643   5.2406e-18    0.0114587  1.27049e-18   -0.0040089  4.12705e-18  -0.00850056 -4.15857e-18   0.00867968 -6.50224e-18   0.00294007  1.03479e-17  -0.00846184  -4.9576e-18   0.00096496  2.12889e-18   0.00573041  5.96177e-19  -0.00199732 -1.41262e-18  -0.00299966  1.84892e-18   0.00119111 -1.46515e-18   0.00121568  5.56002e-20 -7.90532e-05 -7.18465e-21
 2.16441e-08  1.39058e-21 -4.78116e-07  3.22274e-20   3.9363e-06  1.25861e-19 -1.78801e-05 -1.00824e-18  4.61167e-05   2.3254e-18 -3.79745e-05 -3.70848e-18  -0.00020439  4.55556e-18   0.00100924  -4.2259e-18  -0.00243019  9.05148e-19   0.00353422   7.3536e-18  -0.00240616 -9.68327e-18  -0.00192262 -1.71751e-18   0.00674121  1.24172e-17   -0.0063804 -1.18074e-17  -0.00136117  4.96163e-18   0.00954728  6.31027e-18  -0.00764914 -8.94749e-18  -0.00415448  1.27049e-18     0.011529 -1.81778e-18   -0.0038775  8.21497e-18  -0.00880853 -4.20035e-18   0.00852877 -8.11712e-18   0.00351802  9.82317e-18  -0.00850973  -5.8945e-18  0.000318745  5.18668e-18   0.00592779 -3.01969e-18  -0.00142094  1.75835e-18  -0.00316172  4.85419e-19  0.000716304 -3.46053e-19   0.00116418 -2.61478e-19   0.00012473
-1.14746e-21  1.53748e-07 -6.97325e-21 -2.02142e-06  5.22591e-20  1.36864e-05  2.25976e-19 -5.88073e-05 -1.24909e-18  0.000170428  2.63894e-18   -0.0003213 -3.85059e-18  0.000280287  3.97055e-18  0.000419586 -3.28579e-18  -0.00203155 -3.39233e-19   0.00368587  7.29961e-18  -0.00318013 -6.70729e-18 -0.000993407 -3.84342e-18   0.00637924  1.03701e-17  -0.00682981 -1.02382e-17 -0.000676476  6.67464e-18   0.00935735  1.41051e-18  -0.00792536 -1.55283e-18   -0.0040089 -1.81778e-18     0.011634 -4.11142e-18  -0.00375837  1.13749e-17  -0.00913624 -4.28883e-18   0.00838296 -7.69415e-18   0.00410625   7.1416e-18  -0.00852841  -5.5491e-18 -0.000355451  6.62039e-18   0.00605967 -6.23271e-18 -0.000794249  3.99031e-18   -0.0032198 -5.58665e-19   0.00020244  6.17653e-19   0.00089978 -7.27696e-20
-1.79246e-08  -2.3944e-21  4.40634e-07 -1.83378e-20 -4.28026e-06  5.39422e-20  2.51301e-05  3.34734e-19 -0.000101256 -1.38055e-18  0.000292706  2.67521e-18 -0.000600374 -3.35336e-18  0.000779581  2.87044e-18 -0.000246547 -2.25241e-18  -0.00146548 -1.26004e-18   0.00361619  6.56776e-18  -0.00377984 -4.20372e-18 -0.000110628 -3.86504e-18   0.00595596  6.89268e-18  -0.00720269 -8.20177e-18 -2.53714e-05   6.6889e-18   0.00917555 -1.93838e-18  -0.00820767  4.12705e-18   -0.0038775 -4.11142e-18    0.0117751 -6.06894e-18  -0.00364977  1.40566e-17  -0.00948893 -4.74818e-18      0.00824  -5.0993e-18   0.00471225  2.41914e-18  -0.00851421 -3.32064e-18   -0.0010623  6.08896e-18   0.00611511 -7.51802e-18  -0.00011504  3.66531e-18  -0.00313727  -8.8493e-19 -0.000346062  8.28999e-19   0.00039231
 1.76599e-22 -2.45086e-08 -6.07186e-21  4.37946e-07  -2.7657e-20 -4.12955e-06  3.79738e-20  2.52446e-05  4.00555e-19 -0.000108385 -1.35404e-18  0.000337528  2.39478e-18  -0.00075942 -2.39816e-18   0.00115707  1.72998e-18 -0.000863433 -1.40761e-18 -0.000823242 -1.85682e-18   0.00337447  5.70443e-18  -0.00421794 -2.71498e-18   0.00071561 -2.05827e-18   0.00548776  2.79169e-18  -0.00751152 -5.22972e-18   0.00059832  4.48986e-18   0.00900221  -3.6164e-18  -0.00850056  8.21497e-18  -0.00375837 -6.06894e-18    0.0119544 -7.91561e-18  -0.00354991  1.59492e-17  -0.00987216 -5.23391e-18    0.0080969 -7.37056e-19   0.00534358  -3.5489e-18  -0.00846216  6.79452e-19  -0.00181053  4.11127e-18   0.00607702 -5.44032e-18   0.00062154  8.05472e-19  -0.00288342 -1.05779e-18 -0.000820801  2.78086e-19
-7.59249e-09  2.71545e-21   1.5733e-07 -1.24679e-20 -1.14277e-06 -3.37561e-20  3.84102e-06  2.18362e-20  -1.1316e-06  3.85347e-19 -4.98348e-05 -1.19225e-18  0.000259221  1.88792e-18 -0.000743239 -1.35924e-18   0.00135309  9.46251e-19   -0.0013681 -8.82163e-19 -0.000165981 -2.21508e-18   0.00300572  4.90464e-18  -0.00451197 -2.07292e-18   0.00148049  5.48959e-19   0.00498678 -9.45836e-19  -0.00776644 -1.35168e-18   0.00120065  7.42231e-19   0.00883713 -4.15857e-18  -0.00880853  1.13749e-17  -0.00364977 -7.91561e-18    0.0121748 -9.27167e-18  -0.00345721  1.57381e-17   -0.0102923 -4.51142e-18   0.00795046  4.47886e-18   0.00601114 -9.69044e-18  -0.00836296  5.14675e-18   -0.0026099  1.52058e-18   0.00591705 -2.14197e-19   0.00138109 -1.82961e-18   -0.0023725 -9.77989e-19   -0.0008012
 1.12691e-22 -6.52209e-08  8.44087e-21  8.41328e-07 -1.84978e-20 -5.49726e-06 -4.00328e-20  2.21056e-05  2.59333e-20 -5.58339e-05  2.94573e-19  7.00742e-05 -9.70982e-19  7.26401e-05  1.31612e-18 -0.000570851  -5.8237e-19   0.00137256  6.70888e-19  -0.00173741 -6.62511e-19   0.00046301 -2.36475e-18   0.00254899  3.95646e-18   -0.0046794 -1.62698e-18   0.00218249  2.53726e-18   0.00446137 -3.38438e-18   -0.0079756  2.80933e-18   0.00178765 -3.29995e-18   0.00867968 -4.20035e-18  -0.00913624  1.40566e-17  -0.00354991 -9.27167e-18    0.0124405 -9.23597e-18  -0.00337013  1.14407e-17   -0.0107581 -1.45923e-18   0.00779449  9.51274e-18   0.00672513 -1.45315e-17  -0.00819906  7.17098e-18  -0.00345614 -1.09423e-18   0.00559142  5.60963e-18   0.00216235 -9.64711e-19  -0.00134686 -1.57375e-20
 8.16998e-09   -6.591e-22 -2.01224e-07  1.58452e-20  1.94397e-06 -1.98664e-20 -1.12274e-05 -4.93226e-20  4.37276e-05  5.92191e-20  -0.00011827  1.72082e-19  0.000209664 -7.60696e-19 -0.000162607  8.18834e-19 -0.000300963 -2.21089e-19   0.00124877    8.222e-19  -0.00196787 -6.42177e-19   0.00103455 -2.25016e-18   0.00203549  2.54852e-18  -0.00473634 -7.08749e-19   0.00282238  2.79787e-18   0.00391701 -4.15206e-18  -0.00814549  6.47281e-18   0.00236539 -6.50224e-18   0.00852877 -4.28883e-18  -0.00948893  1.59492e-17  -0.00345721 -9.23597e-18    0.0127568 -6.82841e-18  -0.00328585  1.72711e-18   -0.0112772  3.17723e-18    0.0076206  1.32979e-17   0.00749388 -1.52351e-17   -0.0079521  3.56879e-18  -0.00437887 -3.47874e-18   0.00502958  9.08826e-18    0.0029751  2.66257e-18 -9.91792e-05
-2.42876e-22  1.36333e-08 -2.00848e-21 -2.38489e-07  2.18295e-20  2.18437e-06 -1.56706e-20 -1.28953e-05 -6.07305e-20  5.30174e-05  1.14984e-19 -0.000155464   6.5817e-20  0.000316456 -5.82607e-19 -0.000382099  4.57307e-19  6.12886e-06 -2.24782e-19   0.00102057  1.19617e-18  -0.00206757 -6.56071e-19   0.00153137 -1.83966e-18   0.00148958  6.46117e-19  -0.00469724  9.45835e-19   0.00340216  1.18407e-18   0.00335693 -3.77852e-18  -0.00828107   9.0985e-18   0.00294007 -8.11712e-18   0.00838296 -4.74818e-18  -0.00987216  1.57381e-17  -0.00337013 -6.82841e-18    0.0131294 -1.50938e-18  -0.00320277 -1.22396e-17   -0.0118609  6.67695e-18   0.00742274  1.45574e-17   0.00834516  -8.5824e-18  -0.00759297 -5.90404e-18  -0.00537774 -5.22749e-18   0.00420183  9.27039e-18   0.00329923  4.00679e-18
 2.75395e-09 -8.26348e-22 -5.37328e-08 -3.41155e-21  3.39895e-07  2.46264e-20 -6.47151e-07 -1.04401e-20 -4.09261e-06 -7.16023e-20  3.62571e-05  1.76604e-19 -0.000144179 -4.52175e-21  0.000357119 -4.13221e-19 -0.000543627  2.20015e-19  0.000304653 -4.34424e-19  0.000725267  1.54753e-18  -0.00205174 -4.83092e-19   0.00194453 -1.27196e-18  0.000930238 -1.39592e-18  -0.00457453  3.08229e-18   0.00392428 -1.36329e-18    0.0027825  -3.3793e-18  -0.00838586  1.03479e-17   0.00351802 -7.69415e-18      0.00824 -5.23391e-18   -0.0102923  1.14407e-17  -0.00328585 -1.50938e-18    0.0135681  6.43196e-18  -0.00311935 -2.62558e-17   -0.0125293  6.80684e-18    0.0071819  1.27234e-17   0.00928446  4.61984e-18   -0.0070528 -1.66626e-17  -0.00632826 -5.96578e-18   0.00274817  6.58633e-18   0.00210245
 1.33996e-22  2.41695e-08 -1.87163e-21 -3.08576e-07  -4.7347e-21  1.96679e-06  2.54794e-20 -7.46991e-06 -1.11568e-20  1.61432e-05   -8.051e-20 -6.55564e-06  2.27015e-19 -8.47293e-05 -5.24007e-20  0.000327142  -2.2442e-19 -0.000630229  6.80925e-20  0.000563841 -6.87497e-19  0.000396007  1.61385e-18   -0.0019386  1.22076e-19   0.00227047 -8.41839e-19  0.000372143 -3.09417e-18  -0.00437849  5.14279e-18   0.00439115 -3.31404e-18   0.00219358 -3.80485e-18  -0.00846184  9.82317e-18   0.00410625  -5.0993e-18    0.0080969 -4.51142e-18   -0.0107581  1.72711e-18  -0.00320277  6.43196e-18    0.0140844  1.55274e-17  -0.00302638 -3.49555e-17    -0.013288  3.55316e-18   0.00686479  9.59037e-18    0.0103027  1.72436e-17  -0.00624283 -2.10923e-17  -0.00743781 -4.66902e-18  0.000122995  3.10682e-18
-2.82347e-09  5.51916e-22  7.08626e-08 -2.91327e-21 -6.94564e-07 -6.40387e-21  4.03426e-06  2.77253e-20 -1.55403e-05 -2.19468e-20  4.01085e-05 -8.72508e-20 -6.06401e-05  2.56235e-19  3.45249e-06 -1.02556e-19   0.00024177 -2.24895e-20 -0.000642079 -1.18543e-20  0.000765171 -8.74692e-19  6.02256e-05  1.16415e-18   -0.0017468  1.29095e-18   0.00250911  -7.4724e-19 -0.000173383 -4.22457e-18  -0.00411735  6.55193e-18   0.00480472 -3.37951e-18   0.00158858  -4.9576e-18  -0.00850973   7.1416e-18   0.00471225 -7.37056e-19   0.00795046 -1.45923e-18   -0.0112772 -1.22396e-17  -0.00311935  1.55274e-17    0.0146865  2.27626e-17  -0.00292129 -3.42522e-17   -0.0141657 -2.75394e-18   0.00646494  7.91233e-18    0.0115528   2.1422e-17  -0.00507495 -1.34451e-17  -0.00855402  3.38472e-19  -0.00184226
 2.73649e-23 -3.66895e-09  1.15333e-21  7.36932e-08 -3.26927e-21 -7.36081e-07  -8.6837e-21  4.57057e-06  3.44778e-20 -1.92035e-05 -4.11113e-20  5.57818e-05 -9.12722e-20 -0.000106354  2.64972e-19  9.56383e-05 -1.64081e-19  0.000123392  1.40108e-19 -0.000589074  2.16417e-20  0.000899951 -9.50186e-19 -0.000260608  1.26873e-19  -0.00149418  2.84553e-18   0.00266244 -8.39413e-19 -0.000697441  -4.9341e-18  -0.00379744  6.87525e-18   0.00516616 -1.25914e-18   0.00096496  -5.8945e-18  -0.00852841  2.41914e-18   0.00534358  4.47886e-18   0.00779449  3.17723e-18   -0.0118609 -2.62558e-17  -0.00302638  2.27626e-17    0.0154046  2.40131e-17  -0.00281052   -2.219e-17   -0.0152316 -1.25637e-17   0.00593145  6.88628e-18    0.0128642  1.49732e-17  -0.00348543  2.39602e-19  -0.00770525  3.71507e-18
 -1.0441e-09  5.32473e-23   2.0413e-08  1.69174e-21 -1.29119e-07 -2.82037e-21   2.4034e-07 -1.12395e-20  1.62073e-06  4.67886e-20 -1.40733e-05 -6.24428e-20   5.4887e-05 -9.27954e-20 -0.000129931  2.63888e-19  0.000172123 -2.19666e-19 -6.04748e-06  1.85119e-19 -0.000486126   2.4265e-19  0.000966826 -9.21033e-19 -0.000550291 -1.28599e-18  -0.00119721  4.26024e-18   0.00273355 -7.20611e-19  -0.00119271 -5.45733e-18  -0.00342331  5.90745e-18   0.00547527  2.12889e-18  0.000318745  -5.5491e-18  -0.00851421  -3.5489e-18   0.00601114  9.51274e-18    0.0076206  6.67695e-18   -0.0125293 -3.49555e-17  -0.00292129  2.40131e-17    0.0162623   1.6498e-17  -0.00264889 -4.15034e-19   -0.0164158 -2.22321e-17   0.00506467  2.67645e-18    0.0140327  7.87127e-19 -2.09266e-05  4.36403e-18  -0.00330791
-4.91735e-23 -7.35434e-09  6.66099e-23  9.52262e-08  2.11052e-21  -6.1218e-07 -2.32839e-21   2.3073e-06 -1.37987e-20 -4.64525e-06  6.32571e-20 -6.93551e-07 -7.85288e-20  3.72753e-05 -9.65358e-20 -0.000127365  2.66769e-19  0.000221417 -2.37489e-19 -0.000128259  5.44364e-20 -0.000349931  6.81372e-19   0.00096946 -8.26809e-19 -0.000796982 -2.61563e-18 -0.000870845  4.92978e-18   0.00272585 -1.34421e-19  -0.00165273 -5.75227e-18  -0.00299774  3.72179e-18   0.00573041  5.18668e-18 -0.000355451 -3.32064e-18  -0.00846216 -9.69044e-18   0.00672513  1.32979e-17   0.00742274  6.80684e-18    -0.013288 -3.42522e-17  -0.00281052   1.6498e-17    0.0172492  2.56127e-18  -0.00240956  2.11364e-17   -0.0178488 -2.16909e-17   0.00381718 -6.42829e-19    0.0163241 -7.27949e-18   0.00575818  1.84893e-18
