    0.169074 -1.26073e-16   -0.0121162  1.51904e-16   -0.0197914 -2.79817e-17  -0.00882893  1.04241e-17  -0.00256032  1.26386e-17 -0.000521824  7.31988e-18 -7.40206e-05  2.88475e-18 -6.92898e-06  6.46289e-19 -3.79882e-07  7.62449e-20 -8.80488e-09  3.57422e-21  1.35164e-11
-1.26073e-16     0.210456 -9.71413e-17    0.0548905  5.70075e-17   0.00854138 -4.47766e-18  0.000810795   2.0215e-17  0.000182877  1.90364e-17  9.14421e-05  1.02006e-17  2.62293e-05  3.20341e-18  4.21526e-06  5.56218e-19  3.77463e-07  4.63154e-20  1.58241e-08  1.12744e-21
  -0.0121162 -9.71413e-17     0.170724 -2.76267e-17    0.0888591 -4.75586e-18    0.0330708  5.77492e-18    0.0101142  2.42042e-17   0.00250953  1.99647e-17  0.000477553  8.80517e-18  6.53908e-05  2.15885e-18   5.9533e-06  2.76738e-19  3.12785e-07  1.45365e-20  6.17124e-09
 1.51904e-16    0.0548905 -2.76267e-17     0.144817 -1.79062e-17     0.091277 -2.17464e-17    0.0374507  9.38973e-18     0.011155  2.33448e-17   0.00243567  1.56568e-17  0.000381767  5.40239e-18  4.10611e-05   1.0003e-18   2.7705e-06  8.84138e-20  9.41123e-08  2.37918e-21
  -0.0197914  5.70075e-17    0.0888591 -1.79062e-17      0.12226 -3.95341e-17    0.0726803 -2.10356e-17    0.0275783  1.20796e-17   0.00727109  1.84425e-17   0.00135395  9.39443e-18  0.000174988  2.45711e-18  1.48635e-05   3.2854e-19    7.284e-07  1.80867e-20  1.34641e-08
-2.79817e-17   0.00854138 -4.75586e-18     0.091277 -3.95341e-17    0.0894107 -4.51029e-17    0.0455021 -1.05763e-17    0.0149149  1.26521e-17   0.00335396  1.15912e-17  0.000522741  4.34823e-18   5.4955e-05  8.36509e-19  3.59775e-06  7.59613e-20  1.18324e-07  2.12997e-21
 -0.00882893 -4.47766e-18    0.0330708 -2.17464e-17    0.0726803 -4.51029e-17     0.053456 -2.92083e-17     0.022492   3.0315e-19   0.00619962  9.80202e-18   0.00116881   5.6986e-18  0.000150367   1.5524e-18  1.26062e-05   2.1154e-19  6.07431e-07  1.18594e-20   1.1026e-08
 1.04241e-17  0.000810795  5.77492e-18    0.0374507 -2.10356e-17    0.0455021 -2.92083e-17    0.0257148 -9.94719e-18   0.00885791  4.83072e-18   0.00203204  5.58151e-18  0.000317977   2.1791e-18  3.32828e-05  4.24555e-19  2.16044e-06  3.88008e-20   7.0321e-08  1.10579e-21
 -0.00256032   2.0215e-17    0.0101142  9.38973e-18    0.0275783 -1.05763e-17     0.022492 -9.94719e-18    0.0099585  5.26769e-19   0.00280935  4.15976e-18  0.000534068  2.38442e-18  6.87373e-05  6.45881e-19   5.7417e-06  8.76007e-20  2.75115e-07  4.91083e-21  4.96187e-09
 1.26386e-17  0.000182877  2.42042e-17     0.011155  1.20796e-17    0.0149149   3.0315e-19   0.00885791  5.26769e-19   0.00312573    2.783e-18  0.000724547  2.14682e-18  0.000113731  7.77653e-19  1.18958e-05  1.47282e-19  7.70149e-07  1.32648e-20  2.49801e-08  3.78455e-22
-0.000521824  1.90364e-17   0.00250953  2.33448e-17   0.00727109  1.26521e-17   0.00619962  4.83072e-18   0.00280935    2.783e-18  0.000801308  1.83127e-18  0.000153015  7.87999e-19  1.97141e-05  1.95099e-19  1.64554e-06  2.54399e-20  7.87231e-08  1.40025e-21  1.41712e-09
 7.31988e-18  9.14421e-05  1.99647e-17   0.00243567  1.84425e-17   0.00335396  9.80202e-18   0.00203204  4.15976e-18  0.000724547  1.83127e-18  0.000168774  7.47832e-19  2.65441e-05  2.16985e-19  2.77765e-06  3.75307e-20  1.79777e-07  3.23606e-21  5.82766e-09  9.10863e-23
-7.40206e-05  1.02006e-17  0.000477553  1.56568e-17   0.00135395  1.15912e-17   0.00116881  5.58151e-18  0.000534068  2.14682e-18  0.000153015  7.47832e-19  2.92848e-05  2.20363e-19   3.7771e-06  4.55963e-20  3.15441e-07  5.45491e-21  1.50951e-08  2.87981e-22  2.71796e-10
 2.88475e-18  2.62293e-05  8.80517e-18  0.000381767  9.39443e-18  0.000522741   5.6986e-18  0.000317977  2.38442e-18  0.000113731  7.87999e-19  2.65441e-05  2.20363e-19  4.18012e-06  4.89364e-20  4.37847e-07  7.29713e-21  2.83631e-08   5.8193e-22  9.20216e-10  1.58748e-23
-6.92898e-06  3.20341e-18  6.53908e-05  5.40239e-18  0.000174988  4.34823e-18  0.000150367   2.1791e-18  6.87373e-05  7.77653e-19  1.97141e-05  2.16985e-19   3.7771e-06  4.89364e-20  4.87708e-07  8.26677e-21  4.07789e-08  8.74486e-22  1.95393e-09  4.32172e-23  3.52299e-11
 6.46289e-19  4.21526e-06  2.15885e-18  4.10611e-05  2.45711e-18   5.4955e-05   1.5524e-18  3.32828e-05  6.45881e-19  1.18958e-05  1.95099e-19  2.77765e-06  4.55963e-20  4.37847e-07  8.26677e-21  4.59214e-08  1.05208e-21  2.97922e-09  7.58999e-23  9.68204e-11  1.97401e-24
-3.79882e-07  5.56218e-19   5.9533e-06   1.0003e-18  1.48635e-05  8.36509e-19  1.26062e-05  4.24555e-19   5.7417e-06  1.47282e-19  1.64554e-06  3.75307e-20  3.15441e-07  7.29713e-21  4.07789e-08  1.05208e-21  3.41507e-09  9.83067e-23  1.63936e-10  4.49612e-24  2.96182e-12
 7.62449e-20  3.77463e-07  2.76738e-19   2.7705e-06   3.2854e-19  3.59775e-06   2.1154e-19  2.16044e-06  8.76007e-20  7.70149e-07  2.54399e-20  1.79777e-07  5.45491e-21  2.83631e-08  8.74486e-22  2.97922e-09  9.83067e-23  1.93649e-10  6.44944e-24  6.30692e-12  1.59185e-25
-8.80488e-09  4.63154e-20  3.12785e-07  8.84138e-20    7.284e-07  7.59613e-20  6.07431e-07  3.88008e-20  2.75115e-07  1.32648e-20  7.87231e-08  3.23606e-21  1.50951e-08   5.8193e-22  1.95393e-09  7.58999e-23  1.63936e-10  6.44944e-24  7.88688e-12  2.75568e-25  1.42837e-13
 3.57422e-21  1.58241e-08  1.45365e-20  9.41123e-08  1.80867e-20  1.18324e-07  1.18594e-20   7.0321e-08  4.91083e-21  2.49801e-08  1.40025e-21  5.82766e-09  2.87981e-22  9.20216e-10  4.32172e-23  9.68204e-11  4.49612e-24  6.30692e-12  2.75568e-25  2.05912e-13  6.53932e-27
 1.35164e-11  1.12744e-21  6.17124e-09  2.37918e-21  1.34641e-08  2.12997e-21   1.1026e-08  1.10579e-21  4.96187e-09  3.78455e-22  1.41712e-09  9.10863e-23  2.71796e-10  1.58748e-23  3.52299e-11  1.97401e-24  2.96182e-12  1.59185e-25  1.42837e-13  6.53932e-27  2.59376e-15
