 2.04802e-20  3.38835e-36 -8.67673e-19  -2.3894e-34  1.41771e-17  5.15221e-33 -1.37806e-16 -6.35251e-32  9.17589e-16  5.34035e-31 -4.48353e-15 -3.32044e-30   1.6705e-14  1.60086e-29 -4.84982e-14  -6.1827e-29  1.10839e-13  1.96359e-28 -1.99468e-13 -5.25547e-28  2.79519e-13  1.21579e-27 -2.96179e-13 -2.49511e-27  2.21248e-13  4.64414e-27 -9.34696e-14 -7.91805e-27 -6.67954e-15  1.22609e-26  3.35342e-14 -1.68006e-26 -1.26272e-14   1.9583e-26 -5.79964e-15 -1.83209e-26  4.97292e-15  1.21965e-26  8.42378e-16 -3.24122e-27 -1.38018e-15 -4.48871e-27 -1.94222e-16  7.64949e-27  3.26462e-16 -5.79092e-27  7.54618e-17  1.16122e-27 -6.18365e-17  3.16872e-27 -2.68133e-17 -5.11749e-27  6.73271e-18  4.43743e-27  6.71365e-18 -2.41478e-27  5.77692e-19  6.40376e-28 -9.73939e-19  1.71756e-28 -3.91881e-19 -2.81209e-28  2.00388e-20   1.8107e-28   6.2058e-20 -9.11452e-29    1.881e-20  2.96376e-29 -9.99789e-22  3.01578e-30 -2.51233e-21 -5.83644e-30 -8.00887e-22 -1.95579e-30 -4.33251e-23  4.44978e-30  5.66864e-23 -2.44056e-30  2.38465e-23  7.47489e-31  4.12107e-24 -1.79946e-31 -2.13569e-25  1.19688e-33 -3.28925e-25  4.25729e-32 -9.62907e-26 -1.90756e-32 -1.41528e-26   5.7529e-34 -3.36662e-29   1.4179e-33  5.51384e-28 -2.30269e-34   1.5613e-28 -9.26105e-35  2.48655e-29  6.75687e-35  2.14852e-30 -1.60141e-35  -5.3571e-32 -1.90433e-36  -5.2751e-32  1.76844e-36 -9.84554e-33  -3.6892e-37 -1.13337e-33  2.73463e-38 -8.57996e-35  3.93391e-39 -3.35757e-36 -8.46541e-40  1.13754e-37 -1.22304e-40  2.92286e-38  2.81332e-41  2.41126e-39 -1.07421e-42  1.18936e-40 -7.22881e-44  3.69464e-42  1.65421e-44  6.34163e-44 -2.13344e-46  4.64586e-46 -4.40915e-48
 3.38835e-36  1.25072e-18  1.35644e-34 -3.00808e-17 -6.77194e-33  3.73774e-16  1.18389e-31 -3.00931e-15 -1.24542e-30  1.72817e-14   9.1575e-30 -7.44981e-14 -5.04569e-29  2.48207e-13  2.16976e-28 -6.49314e-13 -7.48991e-28  1.34127e-12  2.12408e-27 -2.17825e-12 -5.06491e-27  2.73271e-12  1.04383e-26 -2.54013e-12 -1.92311e-26  1.57353e-12  3.27806e-26 -4.13031e-13 -5.26633e-26 -2.46914e-13  7.87674e-26  2.57611e-13 -1.05404e-25 -2.63966e-14  1.19516e-25 -6.82357e-14  -1.0683e-25   2.1335e-14  6.46229e-26  1.59816e-14 -8.89513e-27 -6.45107e-15 -3.45582e-26 -4.06002e-15  4.85024e-26  1.29734e-15 -3.42525e-26  1.07381e-15  6.43925e-27 -1.19951e-16  1.81951e-26 -2.46151e-16 -2.88248e-26 -3.10353e-17  2.43581e-26  3.83129e-17  -1.2417e-26  1.60469e-17  2.42588e-27 -1.64773e-18   1.6699e-27 -3.04227e-18 -1.80979e-27 -7.56383e-19  1.02125e-27  1.63537e-19  -4.6418e-28  1.54908e-19  1.24118e-28  3.54604e-20  3.88351e-29 -4.53873e-21 -3.72381e-29 -5.31057e-21 -1.16565e-29    -1.49e-21  2.43289e-29 -7.12022e-23 -1.24204e-29  9.41134e-23   3.4463e-30  3.82145e-23 -6.95874e-31  6.89355e-24 -8.36974e-32  2.23751e-26  2.19199e-31 -3.63618e-25 -7.92498e-32 -1.15404e-25 -3.05195e-33 -1.93656e-26    7.148e-33 -1.25486e-27  -1.0529e-33  2.93242e-28 -3.96424e-34  1.12313e-28  3.07597e-34  2.02813e-29 -7.17754e-35   2.2832e-30 -7.36744e-36  1.26256e-31  6.36281e-36 -8.85526e-33 -1.12477e-36 -3.08429e-33  4.44738e-38 -4.08583e-34  1.76072e-38 -3.49141e-35 -2.85378e-39 -1.99865e-36 -3.61229e-40 -6.57484e-38  7.18013e-41  2.48385e-41 -2.77293e-42  1.19169e-40 -1.17454e-43  6.01432e-42  3.01427e-44  1.43725e-43 -1.05248e-46  1.04259e-45
-8.67673e-19  1.35644e-34  3.75737e-17  3.16228e-33  -6.2818e-16 -1.22271e-31  6.25539e-15  1.79101e-30 -4.27282e-14 -1.63442e-29  2.14509e-13  1.06134e-28 -8.22696e-13 -5.21289e-28  2.46417e-12  2.00582e-27 -5.82697e-12 -6.19099e-27  1.08924e-11  1.56212e-26 -1.59456e-11 -3.28668e-26    1.782e-11    5.929e-26 -1.43226e-11 -9.58302e-26  6.97034e-12  1.47055e-25 -3.71346e-13 -2.22941e-25 -2.04944e-12  3.27639e-25  1.07544e-12 -4.36117e-25  2.39819e-13  4.85747e-25 -3.76936e-13 -4.13153e-25 -2.37702e-15   2.1818e-25  1.02255e-13  1.44029e-26 -2.54314e-15  -1.7347e-25 -2.54922e-14  2.03887e-25 -1.43627e-15  -1.2933e-25   5.6009e-15  1.31104e-26   1.2436e-15  8.35836e-26 -8.99008e-16 -1.21734e-25 -4.52302e-16  9.81722e-26  4.80755e-17 -4.58747e-26  9.25211e-17   5.0478e-27  2.01998e-17  9.39847e-27 -7.82889e-18 -7.93448e-27 -5.54236e-18  3.91435e-27 -8.49047e-19 -1.57684e-27   4.0124e-19  3.15153e-28   2.4367e-19  2.25239e-28  4.44442e-20  -1.5548e-28 -8.39555e-21 -4.85986e-29 -7.15843e-21  9.13867e-29 -1.85928e-21 -4.33969e-29 -1.04313e-22  1.08926e-29  9.48122e-23 -1.78337e-30  3.89876e-23 -5.48795e-31  7.48418e-24  7.67033e-31   3.9685e-25 -2.23649e-31 -2.20482e-25 -2.62682e-32 -8.16507e-26   2.4161e-32 -1.52897e-26 -3.40115e-33 -1.57448e-27 -1.13971e-33  1.15273e-29  9.53814e-34   3.9014e-29 -2.13967e-34  8.42257e-30 -2.08951e-35  1.08837e-30   1.5947e-35  9.08526e-32 -2.37452e-36  3.60204e-33    8.709e-39 -2.34134e-34  4.55601e-38 -5.51352e-35  -6.4362e-39 -5.19774e-36  -7.0365e-40 -3.08494e-37  1.20442e-40 -1.19386e-38 -4.97694e-42 -2.74404e-40 -1.27219e-43 -2.52121e-42  3.51471e-44  2.43775e-44  7.52062e-47
 -2.3894e-34 -3.00808e-17  3.16228e-33  7.40251e-16  5.25012e-32 -9.42235e-15 -1.65399e-30  7.78103e-14  2.07618e-29 -4.59002e-13 -1.66413e-28  2.03601e-12   9.6173e-28 -6.99438e-12 -4.23157e-27  1.89147e-11  1.46094e-26  -4.0524e-11 -4.03206e-26  6.85746e-11  9.00992e-26 -9.02802e-11 -1.64971e-25  8.91976e-11  2.52801e-25 -6.05852e-11 -3.41523e-25  2.05895e-11  4.52013e-25  6.16901e-12 -6.49778e-25  -1.0043e-11  9.79634e-25  2.33624e-12 -1.34759e-24   2.2871e-12  1.49711e-24 -1.19718e-12 -1.19553e-24 -4.66225e-13  4.92829e-25  3.55297e-13  2.56006e-25  1.16771e-13 -6.78358e-25   -8.196e-14  6.65128e-25 -3.54406e-14 -3.59463e-25  1.33767e-14 -2.98324e-26   9.9775e-15  3.31991e-25 -5.74953e-16 -4.33676e-25 -2.05878e-15  3.28978e-25 -4.51071e-16 -1.37799e-25  2.21673e-16  8.21424e-28  1.41784e-16  3.90628e-26  1.26204e-17 -2.73234e-26 -1.58787e-17  1.16885e-26   -7.213e-18 -4.06956e-27 -6.04088e-19  4.66051e-28  6.10042e-19  8.97462e-28  2.85749e-19 -5.01408e-28  4.41551e-20  -1.6118e-28 -9.72481e-21  2.72515e-28 -7.12044e-21 -1.20394e-28 -1.78529e-21  2.72933e-29 -1.33747e-22 -3.44377e-30  6.44702e-23 -2.10686e-30  2.85378e-23  2.12084e-30  5.87565e-24 -4.96547e-31  5.44256e-25 -1.03869e-31 -6.77479e-26  6.38026e-32 -3.71981e-26 -9.05602e-33 -7.79518e-27 -2.54262e-33 -9.89955e-28  2.34177e-33 -6.14214e-29  -4.9448e-34  4.71428e-30  -4.8806e-35  1.84937e-30  3.20324e-35  2.74121e-31 -4.02408e-36  2.61691e-32 -1.31941e-37  1.65427e-33  8.30625e-38  5.49711e-35 -1.14744e-38 -1.13192e-36 -1.03493e-39 -2.58521e-37  1.52686e-40 -1.56985e-38 -7.20112e-42  -5.2501e-40 -1.25414e-43 -9.18914e-42   2.8733e-44  -5.5365e-44
 1.41771e-17 -6.77194e-33  -6.2818e-16  5.25012e-32  1.07581e-14  6.78409e-31 -1.09873e-13 -1.79836e-29  7.70796e-13  1.96609e-28 -3.98069e-12 -1.39751e-27  1.57347e-11  7.23282e-27 -4.86847e-11  -2.8628e-26  1.19269e-10  8.88894e-26 -2.31872e-10 -2.19287e-25  3.54998e-10  4.31275e-25 -4.18677e-10 -6.72983e-25  3.61562e-10  8.26379e-25 -1.99554e-10  -8.1469e-25   3.2067e-11  7.78018e-25  4.62932e-11 -1.08936e-24 -3.34808e-11  2.00417e-24 -1.52255e-12 -3.16431e-24  1.04801e-11  3.61027e-24 -1.61523e-12 -2.60339e-24 -2.71785e-12  4.97199e-25  5.63917e-13  1.45162e-24  6.99901e-13 -2.22612e-24 -9.14772e-14  1.79591e-24 -1.73365e-13 -7.52533e-25 -6.73777e-15  -3.5559e-25  3.52763e-14  1.15151e-24  9.31455e-15 -1.35138e-24 -4.32168e-15  9.55946e-25 -2.87403e-15 -3.50291e-25 -1.31508e-16 -4.33865e-26  4.14824e-16   1.3125e-25  1.57295e-16 -7.82954e-26 -3.77022e-18  2.86583e-26 -2.17735e-17 -8.28311e-27 -7.35619e-18 -6.29483e-29 -2.29408e-19   2.8028e-27  6.77387e-19 -1.34363e-27  2.68349e-19 -4.47184e-28  3.78846e-20  6.84928e-28 -7.85056e-21  -2.8175e-28 -5.50186e-21  5.76131e-29  -1.3763e-21 -5.17824e-30 -1.35897e-22 -6.04838e-30  2.86653e-23   4.9409e-30  1.53587e-23  -9.2576e-31  3.41528e-24 -2.91006e-31  4.16499e-25  1.40543e-31  4.36746e-27 -2.11655e-32 -1.03505e-26  -4.6774e-33 -2.59191e-27  4.85207e-33 -3.73802e-28 -9.43634e-34 -3.40971e-29 -9.69485e-35 -1.32553e-30  5.44845e-35  1.50803e-31 -5.83148e-36  3.47195e-32 -4.01427e-37   3.6603e-33  1.12757e-37  2.51022e-34 -1.74834e-38  1.14165e-35 -1.20956e-39  3.03627e-37  1.54825e-40  1.81702e-39 -8.81857e-42 -1.45558e-40 -1.34556e-43 -3.78643e-42  1.51293e-44
 5.15221e-33  3.73774e-16 -1.22271e-31 -9.42235e-15  6.78409e-31  1.23002e-13   7.1721e-30 -1.04313e-12 -1.63532e-28  6.32881e-12  1.57613e-27 -2.89237e-11  -1.0011e-26  1.02588e-10  4.66394e-26 -2.87167e-10 -1.66645e-25  6.38964e-10  4.66217e-25 -1.12806e-09   -1.027e-24  1.56004e-09  1.76229e-24 -1.63845e-09 -2.26387e-24  1.21517e-09  1.92776e-24 -5.04811e-10 -5.49244e-25 -5.07188e-11 -9.99811e-25  1.97124e-10  9.90307e-25 -7.37327e-11  1.55804e-24 -3.54011e-11 -5.18514e-24  3.09048e-11  6.57428e-24  4.97921e-12 -3.70446e-24 -8.97694e-12 -1.73007e-24 -1.07346e-12  5.84389e-24  2.23596e-12 -6.37701e-24  4.45919e-13  4.14617e-24 -4.57638e-13 -1.07228e-24 -1.75591e-13  -1.6971e-24  5.93086e-14  3.51526e-24   4.8754e-14 -3.74527e-24  1.77778e-15  2.45715e-24 -8.09529e-15 -7.64512e-25 -2.78223e-15 -2.24681e-25  3.62941e-16  3.73126e-25  5.29234e-16 -1.92695e-25  1.34574e-16  5.91477e-26 -1.94106e-17 -1.31346e-26 -2.29003e-17  -2.8918e-27 -6.22458e-18  7.30928e-27  3.24556e-20  -3.1235e-27  5.87443e-19 -1.06734e-27  2.09181e-19  1.50041e-27  2.91437e-20 -5.75446e-28 -4.44648e-21  1.06051e-28 -3.35357e-21 -5.97312e-30 -8.58708e-22 -1.41693e-29 -1.05389e-22  1.00599e-29  6.05975e-24  -1.5156e-30  5.95335e-24 -6.48542e-31  1.46098e-24  2.68121e-31  2.09309e-25 -4.47212e-32  1.45806e-26  -7.3609e-33 -1.19384e-27   8.7912e-33 -5.27692e-28  -1.5363e-33 -8.67424e-29  -1.6554e-34 -9.12541e-30  8.07505e-35 -6.21383e-31 -7.48609e-36 -1.87129e-32 -7.74666e-37  1.31237e-33  1.10304e-37  2.21375e-34  -2.3848e-38  1.57161e-35 -1.14853e-39  6.79185e-37  1.30126e-40  1.78224e-38 -9.18038e-42  2.37039e-40 -1.33351e-43  9.36758e-43
-1.37806e-16  1.18389e-31  6.25539e-15 -1.65399e-30 -1.09873e-13   7.1721e-30  1.15234e-12  6.40273e-29 -8.31356e-12 -1.27578e-27  4.42256e-11  1.09424e-26 -1.80417e-10 -6.24905e-26  5.77459e-10  2.63192e-25 -1.46767e-09 -8.51382e-25  2.97155e-09   2.1489e-24 -4.76381e-09 -4.21819e-24  5.93373e-09  6.23401e-24 -5.50056e-09 -6.17496e-24  3.40453e-09  1.85104e-24 -8.77381e-10  6.59699e-24 -5.75486e-10 -1.48251e-23  5.97766e-10  1.63055e-23 -6.50103e-11 -8.45638e-24  -1.6374e-10 -2.83237e-24  5.54739e-11  7.11581e-24  3.88676e-11   1.8078e-25 -1.78554e-11 -1.24871e-23 -1.00829e-11  1.91567e-23  3.96715e-12 -1.63307e-23  2.81102e-12    8.321e-24 -4.99196e-13 -3.09534e-25 -7.01445e-13 -5.90059e-24 -4.97357e-14  9.54868e-24  1.24553e-13 -9.33286e-24  4.32099e-14  5.65416e-24 -8.88521e-15 -1.43293e-24 -9.85695e-15 -7.66475e-25 -1.88823e-15  9.22313e-25  7.67501e-16 -4.15683e-25  5.22777e-16  1.03748e-25  9.22563e-17 -1.45728e-26 -2.67065e-17 -1.09978e-26 -1.95886e-17  1.65196e-26 -4.55017e-18  -6.4876e-27   1.0314e-19 -2.23211e-27  4.09902e-19  2.92826e-27  1.37429e-19 -1.04874e-27  2.00259e-20  1.74142e-28 -1.56824e-21 -4.93643e-30     -1.6e-21  -2.8265e-29 -4.29512e-22  1.83358e-29 -6.18466e-23 -2.27278e-30 -1.78941e-24 -1.21085e-30  1.52864e-24  4.54105e-31  4.46623e-25 -8.65366e-32  7.16305e-26 -1.02125e-32  7.08671e-27  1.42404e-32  2.59598e-28 -2.17006e-33 -4.97094e-29 -2.43713e-34 -1.15408e-29  1.06104e-34 -1.34013e-30 -8.68012e-36 -1.02863e-31  -1.1833e-36 -5.20566e-33  5.79792e-38 -1.38614e-34  -2.9862e-38   1.5834e-36 -8.87863e-40  3.00878e-37  9.38399e-41  1.14122e-38 -7.91825e-42  1.75426e-40 -8.90623e-44
-6.35251e-32 -3.00931e-15  1.79101e-30  7.78103e-14 -1.79836e-29 -1.04313e-12  6.40273e-29  9.09721e-12  4.93228e-28 -5.68462e-11 -8.69166e-27  2.68052e-10   6.6842e-26  -9.8303e-10  -3.4497e-25  2.85257e-09  1.31819e-24 -6.60155e-09 -3.86947e-24  1.21762e-08  8.81663e-24 -1.77087e-08 -1.53668e-23   1.9777e-08  1.91619e-23 -1.59659e-08 -1.25353e-23  7.83387e-09 -1.03322e-23 -3.98705e-10  4.51372e-23  -2.4215e-09 -7.43996e-23  1.31993e-09  7.78682e-23   2.7025e-10 -5.19232e-23 -4.79739e-10  1.81805e-23  1.25133e-11 -6.04435e-24  1.34375e-10  2.31553e-23 -9.62561e-12 -4.78024e-23 -3.50753e-11  5.40117e-23 -9.19425e-15 -3.80003e-23  8.31539e-12  1.46131e-23  1.32207e-12  4.21383e-24 -1.52501e-12 -1.69192e-23 -6.18174e-13  2.33455e-23  1.34443e-13 -2.10911e-23  1.50316e-13  1.17461e-23  2.25804e-14 -2.26964e-24 -1.69195e-14  -2.0914e-24 -9.07776e-15  2.01895e-24 -7.70871e-16 -7.97434e-25  9.14655e-16  1.53938e-25  4.24784e-16 -4.50891e-27  5.24537e-17 -2.85705e-26 -2.47808e-17  3.31592e-26 -1.40651e-17 -1.23068e-26  -2.9522e-18  -4.1426e-27  5.65605e-20  5.17281e-27  2.32059e-19 -1.73268e-27  7.61335e-20  2.59098e-28  1.19482e-20 -2.77973e-30 -8.97344e-23  -4.9106e-29 -5.78114e-22  3.04354e-29 -1.68543e-22 -3.26768e-30 -2.72817e-23 -1.94779e-30 -2.13633e-24  6.94817e-31  1.82049e-25 -1.54108e-31  9.09891e-26 -1.29065e-32  1.64625e-26  2.09222e-32  1.88558e-27 -2.67395e-33  1.34989e-28 -3.08586e-34  2.98912e-30   1.2508e-34 -6.38655e-31 -9.13663e-36 -9.93822e-32 -1.54011e-36 -7.97576e-33  -4.1965e-38 -4.12894e-34 -3.45442e-38 -1.36843e-35  -5.4172e-40  -2.5084e-37  6.04607e-41 -1.26666e-39 -5.33746e-42  1.50987e-41
 9.17589e-16 -1.24542e-30 -4.27282e-14  2.07618e-29  7.70796e-13 -1.63532e-28 -8.31356e-12  4.93228e-28  6.17712e-11  3.33053e-27 -3.38994e-10 -5.23931e-26  1.42943e-09    3.635e-25 -4.74014e-09 -1.70269e-24  1.25183e-08  5.92076e-24 -2.64361e-08 -1.57994e-23  4.44389e-08  3.24908e-23 -5.85155e-08 -4.99876e-23  5.81961e-08  5.07871e-23 -4.00646e-08 -1.14224e-23  1.39712e-08 -7.79674e-23  4.10199e-09   1.9209e-22 -7.09052e-09   -2.727e-22  1.84526e-09  2.68256e-22  1.61069e-09 -1.84566e-22 -9.62008e-10  9.11609e-23 -3.13519e-10 -6.08859e-23  2.98982e-10  9.86806e-23  7.71327e-11 -1.42137e-22 -7.45239e-11  1.34893e-22 -2.53921e-11 -8.13897e-23  1.41581e-11  2.24512e-23  8.11792e-12  1.80982e-23 -1.31163e-12 -4.21608e-23 -1.94665e-12  5.19067e-23 -2.71151e-13 -4.35348e-23  2.69911e-13  2.21685e-23  1.29589e-13   -2.883e-24 -2.26051e-16 -4.86554e-24 -1.92361e-14  3.96622e-24 -6.73161e-15 -1.37573e-24  4.63043e-17  1.87808e-25  8.16304e-16  2.84165e-26    2.948e-16 -5.99282e-26   2.6101e-17  6.01476e-26 -1.76892e-17  -2.1685e-26 -8.61358e-18 -6.88393e-27 -1.71946e-18  8.37345e-27 -4.59658e-21 -2.62543e-27  1.05599e-19  3.52475e-28  3.51684e-20 -3.87715e-30  5.98111e-21  -7.5056e-29  2.89829e-22  4.66168e-29  -1.4537e-22 -4.69804e-30 -5.00617e-23  -2.7441e-30 -8.90977e-24  9.72267e-31 -9.50648e-25 -2.53075e-31  -3.1145e-26 -1.54754e-32   1.0004e-26  2.81502e-32  2.37895e-27 -2.85476e-33  3.00183e-28 -3.32606e-34  2.51526e-29  1.33464e-34  1.34593e-30 -8.62622e-36  2.79947e-32 -1.76468e-36 -2.21216e-33 -1.63816e-37 -2.47249e-34  -3.6598e-38 -1.18403e-35    -2.26e-40 -3.07809e-37  3.57918e-41 -3.66107e-39 -2.43724e-42
 5.34035e-31  1.72817e-14 -1.63442e-29 -4.59002e-13  1.96609e-28  6.32881e-12 -1.27578e-27 -5.68462e-11  3.33053e-27   3.6643e-10  1.99501e-26 -1.78565e-09 -2.82287e-25  6.78205e-09  1.77602e-24 -2.04352e-08 -7.57835e-24  4.92682e-08  2.40412e-23 -9.50871e-08 -5.83912e-23  1.45627e-07   1.0825e-22  -1.7304e-07 -1.45658e-22  1.51716e-07  1.12844e-22 -8.59922e-08  4.83166e-23  1.51928e-08 -3.36775e-22  2.00483e-08  6.51007e-22 -1.57281e-08 -8.27596e-22 -7.55399e-11  7.61971e-22  4.97711e-09 -5.14741e-22 -1.06602e-09  2.80166e-22 -1.30226e-09 -2.14775e-22  3.85768e-10  2.93852e-22  3.47076e-10 -3.59716e-22 -8.06278e-11  3.04068e-22 -9.30361e-11 -1.62369e-22  5.11855e-12  3.00734e-23  2.15308e-11  5.11972e-23  3.67167e-12 -9.39672e-23 -3.35518e-12  1.05876e-22 -1.61686e-12 -8.25675e-23  1.08711e-13  3.81868e-23  3.02718e-13 -2.40871e-24  8.41146e-14 -9.95293e-24 -1.48007e-14  7.06456e-24  -1.6628e-14 -2.15476e-24 -4.17477e-15  1.71009e-25  3.95918e-16  9.52136e-26  5.92066e-16 -1.07389e-25  1.79313e-16  9.98613e-26  1.25256e-17 -3.59454e-26 -1.01105e-17 -1.03011e-26 -4.51741e-18   1.2547e-26 -8.93827e-19 -3.67888e-27 -3.14578e-20  4.38349e-28  3.74308e-20 -1.81184e-29  1.32584e-20 -1.00791e-28  2.43229e-21  6.66006e-29  2.14492e-22 -6.89443e-30  -1.8569e-23 -3.41793e-30 -1.05554e-23  1.25356e-30 -2.08959e-24 -3.83887e-31 -2.57813e-25 -1.84167e-32 -1.89157e-26  3.49209e-32 -1.32785e-28 -2.56932e-33  1.75312e-28 -2.97757e-34  2.69718e-29  1.29733e-34  2.39088e-30 -7.03141e-36  1.41092e-31 -1.80219e-36  5.36389e-33 -2.68612e-37  1.03099e-34 -3.48783e-38 -6.42368e-37 -8.60063e-42 -7.25583e-38  1.87645e-41 -8.83398e-40
-4.48353e-15   9.1575e-30  2.14509e-13 -1.66413e-28 -3.98069e-12  1.57613e-27  4.42256e-11 -8.69166e-27 -3.38994e-10  1.99501e-26  1.92246e-09  1.07013e-25 -8.39361e-09 -1.37052e-24  2.88884e-08  7.85396e-24 -7.94126e-08 -3.06259e-23   1.7522e-07  8.88236e-23 -3.09334e-07 -1.96501e-22  4.31104e-07  3.27633e-22 -4.59936e-07 -3.80006e-22  3.50101e-07  1.92712e-22 -1.52911e-07  3.44756e-22 -1.03315e-08 -1.14586e-21   5.9716e-08  1.88709e-21 -2.55805e-08 -2.18059e-21 -9.83029e-09  1.87533e-21   1.0753e-08 -1.22176e-21  9.12867e-10  6.91316e-22 -3.21972e-09 -5.69686e-22 -1.07554e-10    7.251e-22  8.54461e-10 -8.05208e-22  8.70704e-11  6.27046e-22 -1.96702e-10 -3.05326e-22 -5.17328e-11  3.53267e-23  3.27834e-11  1.18464e-22  1.83352e-11 -1.90753e-22 -1.64645e-12  1.99549e-22 -3.86151e-12  -1.4459e-22 -8.99597e-13  6.02294e-23  3.37731e-13  5.37669e-25  2.51968e-13 -1.82249e-23  4.03988e-14  1.15043e-23 -1.87971e-14 -3.09138e-24 -1.18239e-14  6.57537e-26 -2.23727e-15   2.0043e-25  4.02159e-16 -1.68526e-25  3.61504e-16  1.53225e-25  9.71499e-17 -5.65531e-26  6.45255e-18 -1.39194e-26 -4.65287e-18  1.75566e-26 -2.01608e-18 -4.79094e-27 -4.06589e-19  4.89855e-28 -2.82785e-20  -6.1512e-29   9.5634e-21 -1.16799e-28  3.94498e-21  8.96134e-29  7.78538e-22 -1.02136e-29  8.92041e-23 -3.78194e-30  2.42225e-24  1.49243e-30 -1.35026e-24 -5.39206e-31 -3.31507e-25 -2.24506e-32  -4.4931e-26  4.01617e-32 -4.01692e-27 -1.79247e-33 -2.14328e-28 -2.08908e-34 -8.98749e-31  1.15174e-34  1.03689e-30 -4.46315e-36  1.07606e-31 -1.63874e-36  6.11889e-33 -3.22731e-37  2.13963e-34 -2.92127e-38  4.27345e-36  9.45843e-41  3.67802e-38  7.31076e-42
-3.32044e-30 -7.44981e-14  1.06134e-28  2.03601e-12 -1.39751e-27 -2.89237e-11  1.09424e-26  2.68052e-10 -5.23931e-26 -1.78565e-09  1.07013e-25  9.00926e-09  5.17979e-25 -3.55045e-08  -6.0362e-24  1.11293e-07  3.16288e-23 -2.80054e-07 -1.13024e-22  5.66578e-07  3.00218e-22 -9.15167e-07 -6.05074e-22  1.15803e-06  9.03913e-22 -1.10106e-06 -8.82911e-22  7.10171e-07  1.63084e-22 -2.04718e-07  1.37946e-21 -1.11135e-07 -3.33104e-21  1.34501e-07   4.8306e-21 -2.28669e-08 -5.10901e-21  -3.5823e-08  4.10065e-21  1.60225e-08 -2.55997e-21  8.12316e-09  1.48029e-21  -5.3521e-09 -1.28534e-21 -2.11338e-09  1.56734e-21  1.34061e-09 -1.62726e-21  6.49438e-10  1.19569e-21 -2.35343e-10 -5.47716e-22 -1.89464e-10  3.87956e-23  1.09891e-11  2.39609e-22  4.15303e-11 -3.57129e-22  9.11767e-12  3.49553e-22 -4.88896e-12 -2.34699e-22 -3.10141e-12  8.71271e-23 -2.43899e-13  7.64742e-24  3.80628e-13 -3.02177e-23  1.69432e-13  1.72494e-23  1.22964e-14  -4.1004e-24 -1.57528e-14 -1.53701e-25 -7.19838e-15  3.35689e-25 -1.07599e-15 -2.33776e-25  2.68996e-16  2.18876e-25  1.88662e-16 -8.49043e-26  4.71355e-17 -1.69808e-26  3.56459e-18  2.31237e-26 -1.68796e-18 -5.80407e-27 -7.53266e-19   4.6405e-28 -1.57384e-19  -1.5469e-28 -1.56666e-20 -1.10332e-28  1.34437e-21  1.14628e-28  8.76778e-22 -1.48179e-29   1.8902e-22 -3.72319e-30  2.48839e-23  1.63335e-30    1.817e-24 -7.03853e-31 -3.49627e-26 -2.80239e-32 -3.08357e-26  4.30673e-32 -4.81716e-27 -6.45821e-34 -4.62475e-28 -9.66386e-35 -2.98268e-29  9.28979e-35 -1.18585e-30 -1.34465e-36 -1.41968e-32 -1.31271e-36    1.368e-33  -3.1374e-37  8.79329e-35 -2.08978e-38  2.19892e-36  1.03487e-40  1.81422e-38
  1.6705e-14 -5.04569e-29 -8.22696e-13   9.6173e-28  1.57347e-11  -1.0011e-26 -1.80417e-10   6.6842e-26  1.42943e-09 -2.82287e-25 -8.39361e-09  5.17979e-25  3.80217e-08  2.27692e-24 -1.36091e-07 -2.42539e-23  3.90195e-07  1.16597e-22 -9.01304e-07 -3.82772e-22  1.67414e-06  9.32555e-22   -2.473e-06 -1.71179e-21  2.83118e-06  2.27827e-21 -2.37274e-06 -1.80178e-21  1.24371e-06 -4.54172e-22 -1.23788e-07  4.36066e-21 -3.65796e-07 -8.56319e-21  2.35759e-07  1.11118e-20   2.5717e-08 -1.07935e-20 -8.42234e-08  8.08665e-21  1.04893e-08 -4.83871e-21   2.3723e-08  2.85407e-21 -4.61745e-09 -2.58061e-21 -6.49492e-09  3.04268e-21  8.69029e-10 -3.00636e-21  1.71539e-09  2.12759e-21  4.74105e-11  -9.4772e-22 -3.79255e-10  5.00337e-23 -9.48163e-11  4.37046e-22  5.28286e-11 -6.22295e-22   3.2945e-11  5.71801e-22  4.84948e-13 -3.54174e-22 -5.40204e-12  1.15585e-22 -1.90253e-12  2.03669e-23  1.27775e-13   -4.572e-23  3.06148e-13  2.39647e-23  9.61272e-14 -5.08122e-24  -1.2681e-16 -4.86041e-25 -1.03756e-14  4.76028e-25 -3.84327e-15 -2.85643e-25   -4.859e-16   2.9274e-25  1.36292e-16 -1.21927e-25  8.43538e-17 -1.86415e-26  2.03465e-17  2.88862e-26  1.88846e-18 -6.51123e-27 -4.52347e-19  2.97667e-28 -2.29218e-19 -3.19087e-28 -5.01913e-20 -6.81327e-29 -6.15732e-21  1.40728e-28 -1.21472e-22  -2.0416e-29  1.29628e-22 -3.25929e-30  3.29895e-23  1.61989e-30  4.75161e-24 -8.58076e-31  4.42884e-25 -3.48677e-32  2.15835e-26  4.33796e-32 -7.89295e-28  6.33088e-34 -2.69471e-28 -5.04212e-36 -2.83094e-29  6.66491e-35 -1.83191e-30  1.64989e-36 -7.73218e-32 -9.10098e-37 -1.97527e-33 -2.54208e-37 -2.26902e-35 -1.22763e-38  5.50598e-38  5.93699e-41
 1.60086e-29  2.48207e-13 -5.21289e-28 -6.99438e-12  7.23282e-27  1.02588e-10 -6.24905e-26  -9.8303e-10    3.635e-25  6.78205e-09 -1.37052e-24 -3.55045e-08  2.27692e-24  1.45497e-07  9.13887e-24 -4.75502e-07 -8.93392e-23  1.25156e-06   3.9523e-22  -2.6597e-06 -1.19463e-21  4.53938e-06  2.67284e-21 -6.12439e-06 -4.46465e-21  6.31009e-06  5.25087e-21 -4.58367e-06 -3.12438e-21  1.79838e-06  -2.9934e-21  3.42512e-07  1.18361e-20 -8.55978e-07 -1.98268e-20  2.98609e-07  2.32132e-20  1.73949e-07 -2.07416e-20 -1.44948e-07  1.45283e-20 -2.60208e-08  -8.3815e-21  4.61653e-08  5.06688e-21  5.28938e-09 -4.70694e-21 -1.25242e-08  5.37151e-21 -2.25928e-09  -5.1202e-21   2.8424e-09  3.56142e-21  9.96245e-10 -1.59499e-21 -4.36904e-10  9.61386e-23 -3.14068e-10  7.32163e-22  4.54431e-12  -1.0162e-21  6.06059e-11  8.76796e-22  1.80663e-11 -4.97864e-22 -4.11351e-12  1.40265e-22 -4.21759e-12   3.9088e-23 -9.06453e-13 -6.34564e-23  2.34614e-13  3.10351e-23  1.99025e-13 -5.95298e-24   4.7507e-14 -8.97657e-25 -3.06303e-15   5.8148e-25 -5.67886e-15 -3.00559e-25 -1.82418e-15  3.68329e-25 -2.13899e-16 -1.67509e-25   5.3481e-17  -1.8312e-26  3.20403e-17  3.44845e-26  7.67844e-18 -6.67312e-27  8.65268e-19 -9.11451e-29 -7.16895e-20 -5.71353e-28 -5.43247e-20  1.94108e-29 -1.27072e-20  1.67408e-28 -1.76946e-21 -2.60978e-29 -1.23897e-22 -2.53344e-30  7.94737e-24  1.40892e-30  3.73803e-24 -9.83136e-31  5.98792e-25 -4.19241e-32  6.10985e-26  4.14621e-32  4.12583e-27  1.77165e-33  1.49401e-28  3.01157e-35 -2.56796e-30  4.01534e-35 -7.18022e-31  3.82808e-36  -4.6867e-32 -5.34212e-37 -1.65024e-33 -1.72252e-37 -3.04981e-35 -5.54273e-39 -1.94559e-37
-4.84982e-14  2.16976e-28  2.46417e-12 -4.23157e-27 -4.86847e-11  4.66394e-26  5.77459e-10  -3.4497e-25 -4.74014e-09  1.77602e-24  2.88884e-08  -6.0362e-24 -1.36091e-07  9.13887e-24  5.07791e-07  3.36492e-23 -1.52212e-06 -3.02949e-22  3.68927e-06  1.23671e-21 -7.22568e-06 -3.44881e-21  1.13337e-05  7.09345e-21 -1.39344e-05 -1.07672e-20  1.28211e-05  1.10597e-20 -7.85801e-06 -4.19161e-21  1.86658e-06 -1.05535e-20  1.59706e-06  2.85552e-20 -1.58174e-06 -4.18038e-20  1.59711e-07  4.43348e-20  4.73563e-07 -3.64574e-20 -1.70208e-07  2.39617e-20 -1.17978e-07 -1.34895e-20  6.13898e-08  8.40845e-21  3.19452e-08 -7.87325e-21 -1.55849e-08  8.67436e-21 -9.63627e-09 -8.08701e-21  2.54742e-09  5.64937e-21  2.70819e-09 -2.62145e-21  1.29865e-11  2.29559e-22 -5.65608e-10  1.14067e-21 -1.57863e-10  -1.5635e-21  5.82111e-11  1.26411e-21  4.61816e-11 -6.52504e-22  6.02179e-12  1.54718e-22 -4.92824e-12  6.23604e-23 -2.62965e-12  -8.1064e-23 -3.22109e-13  3.76864e-23    1.979e-13 -6.67442e-24  1.10021e-13 -1.33265e-24  2.10927e-14  6.03974e-25 -2.35262e-15 -2.53874e-25 -2.63829e-15  4.37994e-25 -7.72562e-16  -2.1988e-25 -9.19701e-17 -1.60399e-26  1.56398e-17  3.96477e-26   1.0139e-17 -6.05279e-27  2.46838e-18 -7.89741e-28  3.23655e-19 -9.17284e-28  3.38116e-21  1.53825e-28 -9.21582e-21  1.94617e-28 -2.43512e-21 -3.03919e-29   -3.689e-22 -1.74106e-30 -3.49211e-23  9.88958e-31  -1.2992e-24 -1.06668e-30    1.985e-25 -4.77195e-32  4.47888e-26  3.81124e-32  4.86958e-27  2.55584e-33  3.46177e-28  1.16575e-37  1.62854e-29  1.69151e-35  4.39511e-31  4.77173e-36  1.84508e-33 -2.60794e-37 -2.80623e-34 -9.60394e-38  -7.2173e-36 -1.64906e-39
 -6.1827e-29 -6.49314e-13  2.00582e-27  1.89147e-11  -2.8628e-26 -2.87167e-10  2.63192e-25  2.85257e-09 -1.70269e-24 -2.04352e-08  7.85396e-24  1.11293e-07 -2.42539e-23 -4.75502e-07  3.36492e-23   1.6244e-06  1.14119e-22 -4.48365e-06 -9.49222e-22  1.00334e-05  3.58463e-21 -1.81346e-05 -9.24015e-21  2.61303e-05  1.74861e-20  -2.9173e-05  -2.4071e-20   2.3698e-05  2.12289e-20 -1.16914e-05 -2.68132e-21  3.81827e-07  -2.9364e-20  4.08836e-06  6.23578e-20 -2.30951e-06 -8.08375e-20 -4.54387e-07  7.77254e-20  9.13596e-07 -5.88073e-20 -5.84396e-08  3.65264e-20  -2.7334e-07  -2.0452e-20  3.65037e-08  1.31737e-20  7.71091e-08 -1.21057e-20 -5.84453e-09  1.28302e-20 -2.04623e-08 -1.18986e-20 -1.62848e-09  8.54663e-21  4.44655e-09  -4.2048e-21  1.36347e-09  5.30023e-22 -5.73194e-10  1.66833e-21 -4.29984e-10 -2.27602e-21  -2.6913e-11  1.71753e-21  6.52375e-11 -7.96943e-22  2.67107e-11  1.53074e-22 -2.58357e-13  8.65317e-23  -3.8008e-12 -9.54894e-23 -1.37998e-12  4.31709e-23 -6.95477e-14 -7.22732e-24  1.23191e-13 -1.73469e-24  5.31221e-14  4.97036e-25  8.68241e-15 -1.27421e-25 -1.14022e-15  4.95085e-25 -1.04446e-15 -2.75182e-25 -2.89984e-16  -1.2783e-26 -3.71189e-17  4.42433e-26  2.88229e-18 -4.47063e-27  2.58429e-18 -1.86476e-27  6.54085e-19 -1.34685e-27  9.55492e-20  3.25473e-28  6.08775e-21   2.2239e-28 -8.74488e-22 -3.15972e-29 -3.27492e-22   -1.021e-30 -5.38756e-23  3.95583e-31 -5.72621e-24 -1.10524e-30 -3.83543e-25 -5.09732e-32 -8.68415e-27  3.41999e-32  1.36884e-27  2.89257e-33  1.96373e-28 -7.28442e-35  1.38132e-29 -1.44992e-37   6.0198e-31  4.50838e-36  1.58701e-32 -1.08352e-37  2.12535e-34 -4.20803e-38  7.61364e-37
 1.10839e-13 -7.48991e-28 -5.82697e-12  1.46094e-26  1.19269e-10 -1.66645e-25 -1.46767e-09  1.31819e-24  1.25183e-08 -7.57835e-24 -7.94126e-08  3.16288e-23  3.90195e-07 -8.93392e-23 -1.52212e-06  1.14119e-22  4.78375e-06  3.57765e-22 -1.22002e-05  -2.7571e-21  2.52618e-05   9.6541e-21 -4.21702e-05 -2.30437e-20  5.57548e-05  4.01529e-20 -5.62325e-05 -4.99929e-20  3.96324e-05  3.69007e-20 -1.43009e-05   7.1105e-21 -4.33613e-06 -7.04398e-20  7.99908e-06  1.24631e-19 -2.39769e-06 -1.44032e-19  -1.8492e-06  1.25321e-19  1.32688e-06 -8.71816e-20  3.30376e-07  5.18337e-20 -4.47469e-07 -2.96383e-20 -7.53369e-08    1.959e-20  1.25027e-07 -1.70473e-20  2.89561e-08  1.73272e-20 -2.85395e-08 -1.63657e-20 -1.17261e-08  1.23956e-20  4.19413e-09 -6.55493e-21  3.55498e-09  1.09547e-21  9.11388e-11  2.30846e-21 -6.60747e-10 -3.14533e-21 -2.25541e-10  2.20277e-21  3.65778e-11 -9.04924e-22  4.84417e-11  1.32041e-22  1.21249e-11  1.06169e-22 -2.10268e-12 -1.03775e-22 -2.30878e-12  4.69398e-23 -6.30395e-13 -7.56189e-24  4.89197e-15 -2.06864e-24  6.23324e-14  2.24278e-25  2.27195e-14  8.20145e-26  3.39322e-15    5.366e-25 -3.92164e-16 -3.27498e-25 -3.49187e-16 -1.04206e-26 -9.48607e-17  4.82609e-26 -1.32875e-17  -1.8727e-27  8.82445e-21 -3.32779e-27  4.99614e-19 -1.83188e-27  1.37086e-19  5.13382e-28  2.16139e-20   2.5017e-28  2.01033e-21 -2.83079e-29  2.85675e-23 -3.70396e-31 -2.59716e-23  -2.8548e-31 -5.11827e-24 -1.10294e-30 -5.76386e-25 -5.10921e-32 -4.34535e-26  3.03203e-32 -2.09153e-27  2.81622e-33 -4.15356e-29 -1.48998e-34  2.13773e-30  -9.4802e-36  2.03879e-31  3.45292e-36  7.15685e-33 -4.50095e-38  1.08199e-34 -1.26966e-38
 1.96359e-28  1.34127e-12 -6.19099e-27  -4.0524e-11  8.88894e-26  6.38964e-10 -8.51382e-25 -6.60155e-09  5.92076e-24  4.92682e-08 -3.06259e-23 -2.80054e-07  1.16597e-22  1.25156e-06 -3.02949e-22 -4.48365e-06  3.57765e-22  1.30189e-05  1.04008e-21 -3.07708e-05 -7.44532e-21  5.90608e-05  2.42252e-20  -9.1091e-05 -5.36356e-20  0.000110282  8.61115e-20 -9.97242e-05 -9.66395e-20  5.93005e-05  5.73309e-20  -1.1988e-05   3.6633e-20 -1.42385e-05 -1.50995e-19   1.2712e-05  2.29659e-19 -7.26111e-07 -2.37134e-19 -4.14438e-06  1.85799e-19  1.30963e-06 -1.18759e-19      1.1e-06  6.91122e-20 -5.08285e-07 -4.16606e-20 -3.08517e-07  2.76759e-20  1.32684e-07 -2.17441e-20  9.40316e-08  2.11692e-20 -2.10501e-08 -2.10997e-20 -2.64657e-08  1.72993e-20 -9.14378e-10 -9.87544e-21  5.48742e-09   2.0198e-21  1.71625e-09  3.04216e-21 -5.27063e-10 -4.13739e-21 -4.78191e-10  2.66916e-21 -7.55445e-11 -9.50237e-22  4.74118e-11  9.25224e-23  2.82527e-11  1.15353e-22  4.25169e-12  -1.0402e-22  -1.8513e-12  4.87301e-23 -1.18065e-12 -7.52851e-24 -2.58033e-13 -2.32776e-24  1.28692e-14 -2.36687e-25  2.64804e-14  3.56082e-25  8.63816e-15  5.65548e-25  1.26113e-15 -3.69492e-25 -8.85028e-17 -1.14266e-26 -9.64257e-17   5.1719e-26 -2.63574e-17   1.6065e-27  -4.0072e-18 -5.10506e-27 -2.13418e-19 -2.32756e-27  6.37762e-20  6.88657e-28  2.14393e-20  2.76132e-28  3.60985e-21 -1.99465e-29   3.9024e-22  3.64347e-31  2.37553e-23 -9.34357e-31 -3.32376e-25 -1.06733e-30 -2.63274e-25  -4.8301e-32  -3.3182e-26  2.66404e-32 -2.51099e-27  2.44671e-33 -1.25266e-28  -1.9282e-34 -3.91508e-30 -1.16269e-35 -6.03302e-32  2.16637e-36  8.95085e-35 -2.31362e-38  9.59341e-36
-1.99468e-13  2.12408e-27  1.08924e-11 -4.03206e-26 -2.31872e-10  4.66217e-25  2.97155e-09 -3.86947e-24 -2.64361e-08  2.40412e-23   1.7522e-07 -1.13024e-22 -9.01304e-07   3.9523e-22  3.68927e-06 -9.49222e-22 -1.22002e-05  1.04008e-21  3.28537e-05   2.8118e-21 -7.21545e-05 -1.87408e-20  0.000128563  5.67786e-20 -0.000183169 -1.16801e-19  0.000202425  1.72896e-19 -0.000162307 -1.74151e-19  7.75319e-05   7.7402e-20  1.00925e-06  1.05578e-19 -3.05817e-05   -2.947e-19  1.62072e-05  3.92202e-19  4.08471e-06 -3.61208e-19  -6.9332e-06   2.5256e-19  2.42646e-07 -1.48337e-19   2.1802e-06  8.77386e-20 -2.37829e-07 -5.75281e-20 -6.36537e-07  3.70264e-20  3.44268e-08 -2.45113e-20  1.73046e-07  2.29134e-20  1.73281e-08 -2.55471e-20 -3.81761e-08  2.32802e-20 -1.26797e-08 -1.43017e-20  4.85224e-09  3.36062e-21  3.95488e-09  3.84134e-21   3.2266e-10 -5.19117e-21 -5.90124e-10  3.05598e-21 -2.59079e-10 -9.13207e-22 -3.69646e-12  4.02004e-23   3.5213e-11   1.0955e-22  1.37803e-11 -9.61847e-23   1.0431e-12  4.85358e-23 -1.10766e-12 -6.83586e-24 -5.24596e-13 -2.51966e-24  -9.7249e-14 -8.96123e-25  6.72268e-15  6.53165e-25   9.5161e-15  5.92118e-25  2.90041e-15 -3.93637e-25  4.34328e-16 -1.82576e-26 -5.86409e-18  5.45111e-26  -2.1115e-17  5.61333e-27 -6.01099e-18 -7.02623e-27 -9.75312e-19 -2.77813e-27  -8.5011e-20  8.20808e-28  2.54349e-21  2.96913e-28  2.25233e-21 -7.08746e-30  4.20513e-22  1.40629e-30   4.8581e-23 -1.42975e-30  3.72077e-24 -1.00527e-30  1.58499e-25 -4.34093e-32 -1.85987e-27  2.29922e-32 -8.49856e-28   1.9297e-33 -6.68915e-29 -1.89806e-34   -2.905e-30 -9.04377e-36 -7.16249e-32  1.09217e-36 -8.13709e-34 -1.13471e-38
-5.25547e-28 -2.17825e-12  1.56212e-26  6.85746e-11 -2.19287e-25 -1.12806e-09   2.1489e-24  1.21762e-08 -1.57994e-23 -9.50871e-08  8.88236e-23  5.66578e-07 -3.82772e-22  -2.6597e-06  1.23671e-21  1.00334e-05  -2.7571e-21 -3.07708e-05   2.8118e-21  7.71118e-05  7.08671e-21 -0.000157735 -4.40734e-20  0.000261186  1.24576e-19 -0.000343484 -2.38511e-19  0.000344899  3.25755e-19 -0.000241148 -2.92969e-19  8.36841e-05  8.44673e-20  3.15458e-05  2.43432e-19  -5.2344e-05 -5.29729e-19  1.47607e-05  6.23065e-19  1.30185e-05 -5.08789e-19 -8.95947e-06  3.12557e-19 -2.49186e-06 -1.69168e-19  3.17557e-06  1.08084e-19  5.90798e-07 -7.86567e-20 -9.21793e-07  4.65797e-20 -2.27381e-07 -2.30014e-20  2.17151e-07  2.08844e-20  9.31361e-08  -2.9071e-20 -3.25417e-08  3.02279e-20  -2.8819e-08 -1.98301e-20 -9.67068e-10  5.10532e-21  5.44421e-09  4.67382e-21  1.93427e-09 -6.22246e-21 -2.86802e-10  3.30261e-21 -4.14834e-10 -7.86821e-22 -1.09566e-10 -1.52114e-23  1.61877e-11  8.74125e-23  2.01136e-11 -8.24164e-23  5.82968e-12  4.64936e-23  9.62394e-14 -5.06841e-24 -5.26039e-13  -2.6374e-24 -2.05741e-13 -1.75838e-24   -3.443e-14  9.13853e-25  2.07955e-15  6.32892e-25  2.86812e-15 -3.93723e-25  8.45795e-16 -3.26381e-26  1.32779e-16  5.62435e-26  4.98856e-18  9.59833e-27 -3.38145e-18 -8.84341e-27 -1.07475e-18 -3.12606e-27 -1.83897e-19  8.85079e-28 -1.95884e-20  3.08053e-28 -8.88982e-22  8.57643e-30   1.1455e-22  2.91271e-30   3.0682e-23 -1.68636e-30  3.75362e-24 -9.20855e-31   2.9963e-25  -3.7413e-32  1.59324e-26  1.91288e-32  4.90176e-28  1.38988e-33  1.91129e-30 -1.49267e-34 -5.00679e-31 -4.91414e-36 -1.83154e-32  4.18317e-37 -1.85648e-34
 2.79519e-13 -5.06491e-27 -1.59456e-11  9.00992e-26  3.54998e-10   -1.027e-24 -4.76381e-09  8.81663e-24  4.44389e-08 -5.83912e-23 -3.09334e-07  3.00218e-22  1.67414e-06 -1.19463e-21 -7.22568e-06  3.58463e-21  2.52618e-05 -7.44532e-21 -7.21545e-05  7.08671e-21  0.000168802  1.66887e-20 -0.000322268 -9.70398e-20  0.000496275  2.56388e-19 -0.000601527 -4.57664e-19  0.000545137  5.77237e-19 -0.000323661 -4.60645e-19   6.1387e-05  5.55401e-20  8.50149e-05  4.88634e-19 -7.44752e-05 -8.83881e-19  3.44276e-06  9.23253e-19  2.56216e-05 -6.60829e-19 -8.07007e-06  3.46944e-19 -7.07496e-06 -1.74934e-19  3.30937e-06  1.32377e-19  2.05052e-06 -1.06614e-19 -9.04966e-07  5.44872e-20 -6.46845e-07 -1.45699e-20  1.51128e-07  1.35487e-20  1.89077e-07  -3.1057e-20  5.75961e-09  3.78545e-20 -4.07225e-08 -2.62629e-20 -1.27745e-08  7.14671e-21  4.05464e-09  5.50873e-21   3.6911e-09 -7.13252e-21  5.93205e-10  3.36043e-21 -3.71478e-10 -5.80628e-22 -2.25868e-10 -6.19036e-23 -3.56339e-11  5.17918e-23   1.4363e-11 -6.67337e-23  9.58873e-12  4.27569e-23   2.2026e-12 -1.76845e-24 -5.87296e-14 -2.63288e-24 -2.07582e-13 -2.82893e-24 -7.15284e-14  1.07366e-24 -1.14737e-14   7.0788e-25  3.19769e-16 -3.66203e-25  7.07667e-16 -5.49882e-26  2.08681e-16  5.61395e-26  3.44047e-17  1.28993e-26  2.59784e-18 -1.02809e-26 -3.12092e-19 -3.32336e-27 -1.40478e-19  8.68394e-28 -2.55877e-20  3.05134e-28 -2.97785e-21  2.46247e-29 -2.16864e-22  4.85528e-30 -4.99092e-24 -1.68085e-30  1.01477e-24  -8.1625e-31  1.58432e-25 -3.11658e-32  1.25409e-26  1.49788e-32  6.30244e-28  9.10818e-34  1.98618e-29 -9.40469e-35  3.40402e-31 -1.64757e-36  1.91902e-33  1.04657e-37
 1.21579e-27  2.73271e-12 -3.28668e-26 -9.02802e-11  4.31275e-25  1.56004e-09 -4.21819e-24 -1.77087e-08  3.24908e-23  1.45627e-07 -1.96501e-22 -9.15167e-07  9.32555e-22  4.53938e-06 -3.44881e-21 -1.81346e-05   9.6541e-21  5.90608e-05 -1.87408e-20 -0.000157735  1.66887e-20  0.000345503  3.67947e-20 -0.000616762 -2.00407e-19  0.000883615  4.95864e-19 -0.000984779 -8.26814e-19  0.000797699  9.64155e-19 -0.000384184 -6.77722e-19  -9.0328e-06 -4.35173e-20  0.000161365  8.84055e-19 -8.69087e-05 -1.37705e-18  -2.2225e-05  1.27832e-18  3.89421e-05 -7.86117e-19 -1.71353e-06  3.34164e-19 -1.27223e-05 -1.62472e-19  1.58767e-06  1.65108e-19  3.86196e-06 -1.42575e-19 -2.77712e-07  5.82473e-20 -1.09789e-06  3.06225e-21 -9.32339e-08 -4.79128e-23  2.55035e-07 -3.10128e-20  8.13168e-08  4.56862e-20 -3.47699e-08 -3.31949e-20 -2.71513e-08  9.27757e-21 -1.91753e-09  6.32004e-21  4.27209e-09 -7.82033e-21   1.8461e-09  3.20369e-21  1.45307e-11 -3.20906e-22 -2.60563e-10 -8.85073e-23 -1.02161e-10  9.41289e-24 -8.00982e-12 -5.41475e-23   8.1842e-12  3.74277e-23  3.95618e-12  3.44464e-24  7.63569e-13 -2.41143e-24 -3.68446e-14 -4.11788e-24 -6.88647e-14  1.08022e-24 -2.19046e-14  8.35834e-25 -3.52263e-15 -3.10941e-25 -5.36613e-17 -8.42091e-26  1.36332e-16  5.30831e-26  4.20222e-17  1.48683e-26  7.22798e-18 -1.11027e-26  7.22877e-19 -3.34207e-27  8.67847e-21  7.72048e-28 -1.16082e-20  2.85257e-28 -2.44363e-21  3.85196e-29 -2.97232e-22   6.9813e-30 -2.42098e-23 -1.45481e-30 -1.23932e-24 -6.94271e-31 -2.13957e-26 -2.52356e-32  2.29056e-27  1.07545e-32  2.21661e-28  5.35527e-34   9.3726e-30 -4.58584e-35  1.99969e-31 -8.56313e-38  1.48061e-33
-2.96179e-13  1.04383e-26    1.782e-11 -1.64971e-25 -4.18677e-10  1.76229e-24  5.93373e-09 -1.53668e-23 -5.85155e-08   1.0825e-22  4.31104e-07 -6.05074e-22   -2.473e-06  2.67284e-21  1.13337e-05 -9.24015e-21 -4.21702e-05  2.42252e-20  0.000128563 -4.40734e-20 -0.000322268  3.67947e-20  0.000662749  7.60853e-20  -0.00110803 -3.88844e-19   0.00147676  9.02695e-19  -0.00150799 -1.40894e-18    0.0010762  1.52149e-18 -0.000383946 -9.34131e-19 -0.000144726 -2.55044e-19  0.000250818  1.46857e-18 -7.54746e-05 -2.01271e-18 -6.35828e-05  1.65515e-18  4.70961e-05 -8.44428e-19  1.19238e-05  2.55196e-19 -1.73466e-05 -1.34308e-19 -2.75995e-06  2.12537e-19  5.27564e-06 -1.86643e-19  1.14981e-06  5.52185e-20 -1.31949e-06  3.09935e-20 -5.21353e-07 -1.99325e-20   2.1748e-07 -2.86412e-20  1.75193e-07  5.31177e-20  1.07099e-09 -4.00554e-20 -3.56898e-08  1.12089e-20 -1.19609e-08  7.08576e-21  2.21285e-09  -8.1962e-21  2.78968e-09  2.83659e-21  7.08306e-10 -4.64905e-23 -1.22098e-10 -8.64492e-23 -1.39148e-10 -3.08008e-23 -3.98936e-11 -4.94999e-23 -5.83902e-13  3.05757e-23  3.65242e-12  1.07625e-23  1.43783e-12 -1.85718e-24  2.47874e-13 -5.63632e-24 -1.07752e-14  9.09751e-25 -1.90628e-14  1.02895e-24 -5.81019e-15 -2.31173e-25 -9.58756e-16 -1.17912e-25 -5.32645e-17  4.58345e-26  1.84948e-17  1.50107e-26  6.56822e-18 -1.11751e-26  1.17622e-18 -3.18118e-27  1.33838e-19  6.10578e-28  8.07717e-21  2.48291e-28 -3.01195e-22  4.82235e-29 -1.38413e-22   8.8815e-30 -1.81526e-23 -1.09443e-30  -1.4831e-24  -5.6072e-31 -8.09669e-26 -1.99194e-32 -2.76597e-27  6.87249e-33 -4.23115e-29  2.75274e-34  5.46849e-31 -1.55637e-35  2.74228e-32  2.05501e-37
-2.49511e-27 -2.54013e-12    5.929e-26  8.91976e-11 -6.72983e-25 -1.63845e-09  6.23401e-24   1.9777e-08 -4.99876e-23  -1.7304e-07  3.27633e-22  1.15803e-06 -1.71179e-21 -6.12439e-06  7.09345e-21  2.61303e-05 -2.30437e-20  -9.1091e-05  5.67786e-20  0.000261186 -9.70398e-20 -0.000616762  7.60853e-20   0.00119404  1.47787e-19  -0.00187233 -7.09822e-19   0.00232017  1.54905e-18   -0.0021598 -2.26867e-18   0.00132815  2.27398e-18 -0.000276509 -1.20816e-18 -0.000351775 -6.21969e-19   0.00033131   2.2662e-18 -2.54489e-05 -2.77108e-18 -0.000115951  2.00331e-18  4.21319e-05 -7.93578e-19  3.24075e-05  9.96512e-20 -1.77551e-05 -9.98176e-20 -9.66145e-06  2.81109e-19  5.17094e-06 -2.37295e-19  3.23757e-06  4.34899e-20 -9.83421e-07  6.84417e-20 -1.02353e-06 -4.50924e-20   1.3257e-08 -2.38828e-20  2.40567e-07  5.95364e-20  6.69844e-08 -4.61957e-20 -2.77091e-08  1.26102e-20 -2.20994e-08  7.78173e-21 -3.00695e-09 -8.19474e-21  2.48963e-09  2.29454e-21  1.40242e-09  1.99185e-22  2.00787e-10 -5.14127e-23 -9.85271e-11 -6.02429e-23 -6.18166e-11 -5.64021e-23 -1.38685e-11  2.23156e-23  4.66209e-13  2.01199e-23  1.34776e-12 -8.82616e-25  4.62726e-13 -7.38426e-24  7.56078e-14  5.76944e-25 -1.18087e-15  1.28839e-24 -4.29417e-15 -1.32788e-25 -1.29953e-15 -1.53011e-25 -2.21213e-16  3.33814e-26 -1.90399e-17  1.30987e-26  1.19949e-18 -1.05018e-26  7.34593e-19 -2.86752e-27  1.40215e-19  4.07661e-28  1.68764e-20  1.97376e-28  1.32494e-21  5.26325e-29  5.06017e-23  1.01355e-29 -2.51925e-24 -6.97656e-31 -5.64003e-25 -4.24943e-31 -4.60386e-26 -1.53225e-32 -2.24497e-27  3.75364e-33 -6.62715e-29  1.18547e-34 -1.02594e-30 -2.37055e-36 -4.93684e-33
