 1.55087e-16 -4.65277e-32  -4.9608e-15  2.83951e-30  6.03679e-14 -5.00945e-29 -4.29986e-13  4.86642e-28    2.057e-12 -3.15129e-27 -7.04574e-12  1.49141e-26   1.7828e-11 -5.43998e-26 -3.36749e-11   1.5811e-25  4.70545e-11 -3.74316e-25 -4.68147e-11  7.33293e-25  2.96846e-11 -1.20514e-24  -7.1208e-12  1.68841e-24 -5.24884e-12  -2.0624e-24  4.36192e-12  2.26216e-24  2.67887e-13  -2.2886e-24  -1.2907e-12  2.14597e-24  4.71479e-14 -1.81576e-24  3.40786e-13  1.32808e-24  6.52225e-15 -8.18964e-25 -8.25376e-14  4.51224e-25 -1.51982e-14 -2.78093e-25  1.53076e-14  2.24146e-25  7.07604e-15  -1.9113e-25 -1.12331e-15  1.40878e-25 -1.72682e-15 -8.39649e-26 -3.74199e-16  3.74056e-26  1.68616e-16 -8.59321e-27  1.25234e-16 -3.58619e-27   2.2345e-17  5.96772e-27 -9.50684e-18  -5.5486e-27 -6.97423e-18  5.04176e-27 -1.65534e-18 -4.27942e-27  1.54056e-19  3.11309e-27  2.51421e-19 -1.89733e-27  8.88595e-20  9.56649e-28  1.24319e-20 -3.97336e-28 -2.87396e-21  1.38501e-28 -2.18875e-21 -3.85159e-29 -6.50384e-22  5.47317e-30 -1.00626e-22  1.38072e-30  2.98227e-24 -1.05867e-30  6.83306e-24  3.70034e-31  2.26288e-24 -7.36075e-32    4.545e-25 -1.35037e-32  5.49423e-26  1.05083e-32  4.67472e-28 -1.71307e-33 -1.63709e-27 -7.41003e-36 -4.71876e-28  2.14523e-34 -8.41554e-29 -6.73202e-35 -1.07688e-29 -1.74927e-35 -9.50486e-31  1.02485e-35 -3.72156e-32 -1.43372e-36  4.87794e-33 -1.53072e-37  1.25779e-33  8.94818e-38  1.59986e-34 -5.11194e-40  1.43614e-35 -2.23512e-39   9.6935e-37  9.24954e-41  4.90656e-38     2.48e-41  1.73778e-39 -5.10091e-42  3.55813e-41 -5.33302e-43  2.22198e-43 -4.02065e-46 -2.08524e-44  4.33475e-46 -7.07064e-46 -8.83017e-49
-4.65277e-32  7.18991e-15 -1.68496e-30 -1.30339e-13  7.10636e-29  1.20318e-12 -1.00024e-27 -7.07263e-12  8.22336e-27  2.90294e-11 -4.65443e-26 -8.70671e-11  1.96436e-25  1.94827e-10 -6.47424e-25 -3.25954e-10  1.71519e-24  4.00008e-10 -3.72249e-24  -3.3972e-10   6.7106e-24  1.66263e-10 -1.01814e-23 -3.33247e-12    1.323e-23  -5.0279e-11 -1.51225e-23  1.96905e-11  1.57524e-23  9.76519e-12 -1.53905e-23 -7.06512e-12    1.407e-23 -2.21017e-12 -1.15801e-23  1.83668e-12  8.16682e-24  6.97983e-13 -4.83664e-24 -3.53529e-13    2.617e-24 -2.26603e-13 -1.67344e-24  2.77276e-14  1.39287e-24  5.53839e-14 -1.16152e-24  1.06751e-14  8.08211e-25 -7.22483e-15  -4.3988e-25 -4.44284e-15  1.66755e-25 -3.70711e-16 -2.10306e-26  5.85063e-16 -2.46841e-26  2.87671e-16  2.54963e-26  3.14459e-17 -2.17302e-26 -2.61857e-17  2.11581e-26 -1.49078e-17 -1.86039e-26 -3.13658e-18  1.33365e-26  3.32083e-19 -7.86858e-27  4.60331e-19  3.81759e-27  1.59224e-19 -1.52235e-27  2.49037e-20  5.16713e-28 -2.76356e-21 -1.41146e-28 -2.91836e-21  1.72078e-29 -9.36795e-22  6.59255e-30 -1.72574e-22 -4.01348e-30 -1.09451e-23  1.30811e-30   4.7133e-24 -2.56278e-31  2.06385e-24 -5.52182e-32  4.76029e-25  3.79614e-32  7.34515e-26 -6.35528e-33  6.68853e-27  8.98258e-35 -1.35998e-28  1.00126e-33 -1.89849e-28 -3.21663e-34   -4.282e-29 -5.12831e-35 -6.32363e-30  3.23818e-35 -6.90018e-31 -4.59107e-36 -5.51628e-32 -4.58333e-37 -2.76932e-33  3.00292e-37  8.38512e-38 -6.01582e-40  1.65003e-35 -7.47939e-39  1.92715e-36  2.20564e-40  1.36686e-37  7.04791e-41  6.69026e-39 -1.18477e-41  2.30309e-40 -1.25462e-42  5.53135e-42 -1.10038e-44  6.86613e-44  5.64712e-46  2.54138e-47
 -4.9608e-15 -1.68496e-30  1.63751e-13 -3.44634e-29 -2.05995e-12  1.10069e-27   1.5199e-11 -1.28011e-26 -7.55049e-11  9.07588e-26  2.69385e-10 -4.54377e-25 -7.12825e-10  1.72432e-24  1.41587e-09 -5.16664e-24 -2.09823e-09  1.25348e-23   2.2483e-09 -2.50289e-23 -1.59466e-09  4.16399e-23  5.31948e-10 -5.84742e-23  1.86286e-10  7.06868e-23  -2.5153e-10 -7.59422e-23  2.61592e-11  7.55698e-23  6.79038e-11 -7.16438e-23 -1.55921e-11  6.38418e-23 -1.78833e-11 -5.08056e-23  3.48589e-12  3.42023e-23  4.83184e-12 -1.92089e-23 -1.16698e-13  1.01129e-23 -1.13884e-12 -6.72362e-24 -2.45455e-13  5.79638e-24   1.7255e-13 -4.75271e-24  1.01717e-13   3.1445e-24  7.77337e-16 -1.57007e-24  -1.8091e-14   4.9579e-25 -6.85339e-15 -4.08671e-28  2.66975e-16 -9.95886e-26  1.14716e-15  6.79346e-26  4.29966e-16 -5.42016e-26  2.49191e-17  6.04083e-26 -4.32667e-17  -5.5447e-26 -2.10881e-17  3.90185e-26 -4.17938e-18 -2.23097e-26  3.65984e-19  1.04421e-26  5.37596e-19 -3.99959e-27  1.87965e-19  1.33109e-27   3.3296e-20 -3.62973e-28  -3.5456e-22  3.75791e-29 -2.29077e-21  2.04479e-29    -8.26e-22 -1.02996e-29 -1.73982e-22  3.17521e-30 -2.06544e-23 -6.43255e-31  5.54632e-25 -1.43724e-31  9.50392e-25  9.47005e-32  2.66004e-25 -1.86558e-32  4.77389e-26  1.28327e-33  6.01762e-27  2.99403e-33  4.64657e-28 -9.69035e-34 -3.65126e-30 -1.05376e-34 -8.06179e-30  7.10778e-35 -1.54264e-30 -1.06992e-35 -1.90437e-31 -8.58334e-37 -1.74361e-32  7.11994e-37 -1.20618e-33 -3.28185e-39 -6.03147e-35  -1.7228e-38 -1.81145e-36  3.42542e-40  3.59902e-39  1.40194e-40  3.50165e-39  -1.7679e-41  1.94626e-40 -1.90203e-42  5.79886e-42  -2.5103e-44  6.53583e-44  3.33383e-46
 2.83951e-30 -1.30339e-13 -3.44634e-29  2.44244e-12 -4.87578e-28  -2.3351e-11  1.24342e-26  1.42483e-10 -1.22495e-25 -6.08713e-10  7.60003e-25  1.90689e-09  -3.3985e-24 -4.47732e-09  1.16783e-23  7.91245e-09 -3.19794e-23 -1.03681e-08  7.13339e-23  9.60646e-09  -1.3145e-22 -5.47723e-09   2.0232e-22  8.12588e-10 -2.63589e-22   1.3087e-09  2.97362e-22 -7.90853e-10 -3.01776e-22 -1.67378e-10  2.88721e-22  2.61176e-10 -2.66703e-22  2.31424e-11  2.31297e-22 -7.10806e-11  -1.7686e-22 -9.95173e-12  1.12643e-22  1.66389e-11 -5.93999e-23  5.15636e-12  3.03668e-23 -2.72372e-12  -2.1225e-23 -1.81272e-12  1.89772e-23  5.16849e-14 -1.52876e-23  3.76057e-13  9.62255e-24  1.17875e-13 -4.39615e-24 -2.46255e-14   1.1039e-24 -2.91883e-14  1.92835e-25 -7.53047e-15 -2.90069e-25  1.32855e-15  1.18352e-25  1.60353e-15 -9.25029e-26  4.94751e-16  1.35545e-25  1.16438e-17 -1.30841e-25  -5.1473e-17  8.98444e-26 -2.28681e-17 -4.98828e-26 -4.51228e-18  2.26037e-26  1.98319e-19 -8.30784e-27  4.53491e-19  2.73571e-27  1.65336e-19 -7.61351e-28  3.29272e-20  6.66737e-29  2.08824e-21  4.90148e-29  -1.0968e-21 -2.05987e-29 -4.92745e-22  6.07338e-30  -1.1706e-22 -1.36537e-30 -1.80157e-23 -2.64277e-31 -1.37662e-24  1.87193e-31   1.6292e-25 -4.78891e-32  8.27597e-26  6.08459e-33  1.76146e-26  6.84594e-33  2.58517e-27 -2.21192e-33  2.77166e-28 -1.68769e-34  1.99798e-29  1.24197e-34  4.61326e-31 -2.10344e-35 -1.15857e-31 -1.05101e-36 -2.13713e-32  1.37021e-36 -2.19262e-33  -1.5761e-38 -1.59633e-34  -3.1703e-38 -8.57582e-36  3.77976e-40 -3.34395e-37  2.24954e-40 -9.01083e-39 -1.88663e-41 -1.35777e-40 -2.09608e-42 -3.11876e-44 -2.96155e-44  7.03117e-45
 6.03679e-14  7.10636e-29 -2.05995e-12 -4.87578e-28  2.68367e-11 -5.22709e-27 -2.05491e-10  1.10206e-25  1.06203e-09  -9.3692e-25 -3.95411e-09  5.14679e-24  1.09619e-08 -2.07248e-23 -2.29352e-08   6.4875e-23   3.6094e-08 -1.63094e-22 -4.16546e-08  3.35638e-22  3.28509e-08 -5.72263e-22 -1.39722e-08  8.16541e-22 -1.59556e-09 -9.89075e-22  5.28966e-09  1.04477e-21  -1.4417e-09 -1.00725e-21 -1.23204e-09  9.32734e-22  6.04906e-10 -8.42027e-22  3.06527e-10  7.08605e-22 -1.60037e-10 -5.17204e-22 -9.16235e-11  3.09082e-22  2.76545e-11 -1.51701e-22  2.68716e-11  7.55834e-23 -2.32161e-13 -5.64738e-23 -5.89915e-12  5.23143e-23 -1.69763e-12 -4.12452e-23  6.09849e-13  2.46233e-23  5.28513e-13 -1.02066e-23  8.67599e-14  1.84089e-24 -5.46691e-14  8.98579e-25 -3.53284e-14 -6.59715e-25 -6.34834e-15  8.67738e-26   2.2399e-15 -8.72392e-26  1.75883e-15  2.54421e-25   4.7371e-16 -2.59322e-25  3.93422e-18  1.72135e-25  -4.7266e-17 -9.31855e-26 -2.00693e-17   4.1083e-26 -4.10692e-18 -1.44291e-26 -4.66259e-20  4.75831e-27  2.82626e-19 -1.39194e-27  1.11889e-19  1.03387e-28  2.47467e-20  9.83112e-29  2.85392e-21  -3.3697e-29 -2.13989e-22  9.54184e-30 -1.95402e-22 -2.62657e-30 -5.39393e-23 -3.18152e-31 -9.67878e-24  3.09084e-31 -1.16616e-24 -1.08143e-31 -6.41839e-26  1.83878e-32  9.75694e-27  1.28364e-32  3.51032e-27 -4.12394e-33  6.06103e-28  -2.0391e-34  7.39572e-29  1.81217e-34  6.77034e-30 -3.68796e-35  4.52049e-31 -5.17505e-37  1.84368e-32  2.26055e-36 -7.78026e-35 -4.68011e-38 -8.18264e-35 -4.94966e-38 -7.22116e-36  2.56563e-40 -3.75241e-37   3.0535e-40 -1.28773e-38 -1.41857e-41 -2.62889e-40 -1.71545e-42 -2.38783e-42 -1.93454e-44
-5.00945e-29  1.20318e-12  1.10069e-27  -2.3351e-11 -5.22709e-27  2.31665e-10 -4.47626e-26 -1.47021e-09  7.99707e-25  6.55071e-09 -5.95238e-24 -2.14761e-08  2.92304e-23   5.3012e-08 -1.06726e-22 -9.91251e-08  3.05923e-22  1.38831e-07 -7.08852e-22 -1.40143e-07   1.3498e-21  9.16438e-08 -2.13394e-21 -2.41295e-08  2.82743e-21 -1.57418e-08 -3.19048e-21  1.48881e-08  3.16717e-21  4.91448e-11 -2.91934e-21  -4.4861e-09  2.63385e-21  5.28111e-10 -2.32706e-21  1.23352e-09  1.89226e-21 -1.01443e-10 -1.30953e-21 -3.28128e-10  7.28321e-22 -2.40858e-11 -3.29723e-22  7.29394e-11  1.61535e-22  2.28888e-11 -1.31718e-22 -9.42494e-12  1.26016e-22 -7.58197e-12 -9.67195e-23 -6.90619e-13  5.44803e-23  1.15265e-12 -2.01995e-23   5.5224e-13   1.9646e-24  2.60122e-14  2.75726e-24 -7.48896e-14 -1.20794e-24 -3.46027e-14 -2.61959e-25 -4.31412e-15  6.94341e-26  2.55676e-15  4.16624e-25   1.5912e-15 -4.45821e-25  3.94343e-16  2.81914e-25  5.34674e-18 -1.50065e-25  -3.4403e-17  6.48079e-26 -1.45444e-17  -2.1513e-26 -3.15913e-18  7.22924e-27 -2.06427e-19 -2.30927e-27  1.24649e-19  1.45352e-28  5.80551e-20  1.73653e-28   1.4184e-20 -4.53125e-29  2.14695e-21  1.21719e-29  1.14607e-22 -4.73317e-30 -4.30247e-23 -7.82778e-32 -1.64357e-23   4.3866e-31 -3.38467e-24 -2.13609e-31  -4.8877e-25  4.19092e-32 -4.92466e-26   2.0364e-32 -2.55705e-27 -6.52011e-33  1.94135e-28 -1.36498e-34  6.84721e-29  2.23871e-34  9.92351e-30 -5.89853e-35  9.93668e-31  1.30727e-36   7.4484e-32  3.29326e-36   4.1874e-33 -1.00252e-37  1.68009e-34 -6.76007e-38  4.10368e-36 -4.23996e-41  1.49864e-38  3.55035e-40 -2.87335e-39 -6.22026e-42 -8.69995e-41  -1.0068e-42 -6.15086e-43
-4.29986e-13 -1.00024e-27   1.5199e-11  1.24342e-26 -2.05491e-10 -4.47626e-26  1.63637e-09 -3.16968e-25 -8.81729e-09  4.88741e-24  3.43311e-08 -3.22189e-23 -9.99221e-08  1.42578e-22  2.20652e-07 -4.74863e-22 -3.69348e-07  1.25211e-21  4.59291e-07  -2.6833e-21 -4.01057e-07  4.73968e-21  2.07514e-07 -6.95958e-21 -1.22781e-08  8.57388e-21 -6.19517e-08 -9.02925e-21  2.92521e-08  8.45837e-21  1.08374e-08 -7.50802e-21 -1.07654e-08  6.63986e-21 -2.13595e-09 -5.73942e-21  3.03126e-09  4.48574e-21  7.36029e-10 -2.92352e-21 -6.95307e-10  1.50027e-21 -2.96883e-10 -6.19378e-22  1.00695e-10  3.02716e-22  9.20679e-11 -2.75977e-22  4.85013e-12  2.71424e-22 -1.71843e-11 -2.01593e-22 -6.81265e-12  1.06415e-22  6.58539e-13 -3.45393e-23  1.42451e-12  -2.8961e-25  4.57118e-13  6.75877e-24 -3.08588e-14 -1.77213e-24 -7.80476e-14 -1.36362e-24 -2.87623e-14  5.36931e-25 -2.51675e-15  6.20127e-25  2.24517e-15 -6.78073e-25  1.21962e-15   3.9922e-25  2.91527e-16  -2.1261e-25  1.06147e-17  9.07259e-26 -1.98225e-17 -2.77562e-26 -8.71396e-18    9.779e-27 -2.02898e-18 -3.57647e-27 -2.24972e-19  1.84045e-28  3.13632e-20  2.81229e-28  2.23086e-20 -4.73647e-29  6.12085e-21  1.12904e-29  1.08704e-21  -8.0853e-30  1.19135e-22  8.02269e-31  1.31991e-24  5.48395e-31 -2.79672e-24 -3.67997e-31 -7.43823e-25  7.76353e-32 -1.22286e-25  2.75971e-32 -1.46558e-26 -8.89666e-33 -1.28335e-27   1.3605e-34 -7.10527e-29  2.30092e-34 -1.39992e-31  -8.6744e-35  4.85185e-31  4.77873e-36  6.30649e-32  4.32133e-36   4.9831e-33 -1.69155e-37  2.77746e-34 -8.20933e-38  1.10859e-35 -4.66184e-40  3.01581e-37   3.5166e-40  4.91875e-39  5.64402e-43  4.05557e-41 -3.69497e-43
 4.86642e-28 -7.07263e-12 -1.28011e-26  1.42483e-10  1.10206e-25 -1.47021e-09 -3.16968e-25  9.72658e-09 -1.90177e-24 -4.53034e-08   2.5671e-23  1.55793e-07 -1.51303e-22 -4.05184e-07  6.07523e-22  8.03239e-07 -1.85537e-21 -1.20411e-06  4.51859e-21  1.32341e-06 -8.98315e-21 -9.81933e-07  1.47496e-20  3.64887e-07 -2.01412e-20  9.51806e-08  2.30916e-20 -1.68564e-07 -2.27359e-20  3.12865e-08  2.01962e-20  4.44477e-08 -1.74025e-20 -1.61736e-08  1.51627e-20 -1.17614e-08 -1.27939e-20  4.39613e-09  9.55303e-21  3.46623e-09 -5.82405e-21 -6.68725e-10  2.73039e-21 -9.71018e-10 -1.00997e-21 -6.30754e-11  5.03202e-22  1.99991e-10  -5.2791e-22  7.29347e-11  5.30978e-22 -1.65128e-11 -3.79211e-22 -1.97176e-11   1.8607e-22  -4.3371e-12 -5.11876e-23  1.67248e-12 -7.97971e-24  1.36533e-12  1.41937e-23  3.11203e-13 -1.94172e-24 -6.11804e-14  -3.8461e-24 -6.66798e-14   1.4726e-24  -2.0976e-14  8.81102e-25 -1.41683e-15 -9.23153e-25  1.58554e-15  4.87834e-25  8.01343e-16 -2.69452e-25  1.91848e-16  1.14667e-25  1.33888e-17 -3.05713e-26 -8.73874e-18  1.19332e-26 -4.25936e-18 -5.28054e-27 -1.06865e-18  1.91768e-28 -1.56352e-19  4.31973e-28 -2.83678e-21 -2.80243e-29  5.73573e-21  2.98926e-30  1.91935e-21 -1.30989e-29  3.85277e-22  2.69138e-30  5.36012e-23  6.27911e-31  4.62763e-24 -5.51281e-31   2.5952e-27  1.21767e-31 -8.31462e-26  3.16558e-32 -1.76425e-26 -1.04874e-32 -2.37057e-27  7.05948e-34 -2.35192e-28  1.79678e-34 -1.75776e-29 -1.17583e-34 -9.41946e-31  9.83317e-36 -2.89292e-32  5.18617e-36  3.28953e-34 -2.35441e-37  9.66691e-35 -8.93205e-38  5.85204e-36 -8.92364e-40  1.94416e-37   2.9163e-40  3.45817e-39  3.27513e-42  2.41917e-41
   2.057e-12  8.22336e-27 -7.55049e-11 -1.22495e-25  1.06203e-09  7.99707e-25 -8.81729e-09 -1.90177e-24  4.96583e-08 -9.84493e-24 -2.02709e-07  1.17661e-22  6.20942e-07 -6.24935e-22 -1.45056e-06  2.29037e-21  2.58768e-06 -6.44401e-21 -3.47055e-06  1.45483e-20  3.34606e-06 -2.69031e-20 -2.04743e-06  4.11305e-20  4.14772e-07 -5.22755e-20   4.5021e-07  5.58024e-20 -3.42373e-07  -5.1462e-20  -3.2219e-08  4.36012e-20  1.13322e-07 -3.67906e-20 -4.44759e-09   3.1694e-20 -3.24959e-08 -2.59986e-20  2.50915e-10  1.84275e-20  8.67214e-09 -1.04397e-20  1.22629e-09  4.41484e-21 -1.87272e-09  -1.4162e-21 -7.34232e-10  7.43887e-22  2.12091e-10 -9.32478e-22  2.20134e-10  9.54304e-22  3.15476e-11 -6.50876e-22 -3.02984e-11  2.94112e-22 -1.70969e-11 -6.51837e-23  -1.6482e-12 -2.52934e-23  2.02803e-12  2.64983e-23  1.08762e-12 -1.03858e-24  1.79814e-13 -8.42122e-24 -6.30739e-14  2.93193e-24 -4.84436e-14  1.25864e-24 -1.37265e-14 -1.12941e-24 -8.90165e-16  5.03126e-25  9.10395e-16 -3.11362e-25   4.5132e-16  1.32778e-25  1.11091e-16 -2.69938e-26  1.17387e-17  1.33055e-26 -2.63082e-18 -7.54538e-27 -1.64908e-18  1.02144e-28 -4.51111e-19  6.45304e-28 -7.81286e-20  2.71111e-29 -7.08608e-21 -1.71049e-29  6.06116e-22 -2.00535e-29  3.99708e-22    5.797e-30  9.37715e-23  7.11992e-31  1.48642e-23 -7.11149e-31   1.7029e-24    1.658e-31  1.28601e-25  2.95868e-32   2.4084e-27 -1.04307e-32 -1.02665e-27  1.59496e-33 -1.93386e-28  5.94262e-35 -2.11963e-29 -1.47188e-34 -1.67047e-30  1.59202e-35 -9.82227e-32  5.76447e-36 -4.23731e-33 -2.76947e-37 -1.25457e-34 -8.71799e-38 -2.10419e-36 -1.16905e-39 -6.50718e-39  1.96441e-40   3.1637e-40  2.37123e-42
-3.15129e-27  2.90294e-11  9.07588e-26 -6.08713e-10  -9.3692e-25  6.55071e-09  4.88741e-24 -4.53034e-08 -9.84493e-24  2.21186e-07 -4.45904e-23 -8.00027e-07  4.76205e-22  2.19806e-06 -2.29458e-21 -4.63085e-06  7.71634e-21  7.44381e-06 -2.00858e-20 -8.90863e-06  4.21773e-20  7.44506e-06 -7.27218e-20 -3.55719e-06  1.03658e-19 -7.82653e-08 -1.22663e-19   1.2626e-06   1.2192e-19 -4.94822e-07 -1.05526e-19 -2.61203e-07  8.58905e-20  2.02717e-07 -7.16284e-20  5.83983e-08  6.11009e-20 -5.94563e-08 -4.84506e-20 -1.91909e-08  3.23875e-20  1.36331e-08 -1.69419e-20  7.12746e-09  6.34765e-21 -1.79868e-09 -1.64334e-21 -2.10441e-09  9.68346e-22 -2.10496e-10 -1.53429e-21  3.72963e-10   1.5898e-21  1.70424e-10 -1.02767e-21 -7.24521e-12  4.23334e-22 -3.28754e-11 -6.92259e-23 -1.19597e-11 -5.68211e-23  1.90437e-13  4.50244e-23  1.82057e-12  1.81768e-24  7.49716e-13 -1.56826e-23    9.201e-14  4.75502e-24 -4.80806e-14  1.86397e-24 -3.04903e-14  -1.2319e-24 -8.14821e-15  4.07223e-25 -6.30311e-16 -3.37868e-25  4.18727e-16  1.42616e-25  2.15605e-16 -1.42085e-26  5.54829e-17  1.38532e-26  7.67417e-18 -1.05331e-26 -2.73376e-19 -2.07247e-28 -4.75772e-19  9.48359e-28 -1.47756e-19   1.3242e-28 -2.88135e-20 -5.20816e-29 -3.71472e-21 -2.88981e-29 -2.10045e-22  9.97781e-30  3.85716e-23  8.98128e-31  1.42703e-23 -7.67531e-31  2.60339e-24  1.99266e-31  3.35941e-25  1.99772e-32  3.23263e-26 -7.99207e-33  2.22028e-27  2.70507e-33  8.30651e-29 -1.33369e-34 -2.74329e-30 -1.70725e-34  -7.3749e-31  2.20887e-35 -6.59912e-32  5.98966e-36 -3.76624e-33 -2.78325e-37 -1.46314e-34  -7.6001e-38 -3.71713e-36 -1.18682e-39 -5.44752e-38  1.01617e-40 -3.03483e-40
-7.04574e-12 -4.65443e-26  2.69385e-10  7.60003e-25 -3.95411e-09 -5.95238e-24  3.43311e-08   2.5671e-23 -2.02709e-07 -4.45904e-23  8.70158e-07  -1.7866e-22 -2.81361e-06  1.71798e-21  6.97275e-06 -7.55361e-21 -1.32891e-05  2.34184e-20  1.92523e-05 -5.66203e-20 -2.04634e-05  1.10929e-19  1.45434e-05 -1.78702e-19 -4.82041e-06   2.3771e-19 -1.96443e-06 -2.61838e-19  2.65069e-06  2.42216e-19 -3.35413e-07 -1.97231e-19 -7.66155e-07   1.5561e-19  2.25952e-07  -1.2945e-19   2.1292e-07  1.09234e-19 -6.41498e-08 -8.31478e-20 -6.33576e-08  5.20977e-20   8.7748e-09 -2.50167e-20  1.76293e-08  8.07172e-21  1.86603e-09    -1.37e-21 -3.56333e-09  1.07183e-21 -1.47634e-09 -2.36955e-21  2.53708e-10  2.47237e-21  3.79816e-10 -1.50172e-21  9.54866e-11  5.58348e-22 -2.88062e-11 -5.59978e-23 -2.73509e-11 -1.06459e-22 -6.98214e-12  7.07536e-23  9.54314e-13  7.60308e-24  1.34024e-12 -2.58603e-23    4.598e-13  6.49569e-24  4.47799e-14  2.83164e-24 -2.92904e-14 -1.15855e-24 -1.67343e-14  1.86993e-25 -4.38032e-15 -3.61299e-25 -4.38586e-16  1.43068e-25  1.45955e-16  9.91853e-27  8.54846e-17  1.41188e-26  2.33134e-17 -1.44257e-26  3.85408e-18  -9.1693e-28  2.27855e-19  1.36675e-27 -8.63898e-20  2.98322e-28 -3.55046e-20 -1.01304e-28 -7.75312e-21 -3.90779e-29 -1.17378e-21   1.4661e-29 -1.20714e-22  1.33893e-30 -5.36938e-24 -6.34349e-31  8.70419e-25  2.13965e-31  2.56185e-25  4.49681e-33  3.77947e-26 -2.77499e-33  3.95473e-27  3.81767e-33  3.11609e-28 -3.88724e-34  1.83102e-29 -1.84494e-34  7.42805e-31  2.71885e-35  1.49977e-32  5.84487e-36 -3.44631e-34 -2.39235e-37 -3.76604e-35 -5.85788e-38 -1.26143e-36 -9.46996e-40 -1.87108e-38  3.51308e-41
 1.49141e-26 -8.70671e-11 -4.54377e-25  1.90689e-09  5.14679e-24 -2.14761e-08 -3.22189e-23  1.55793e-07  1.17661e-22 -8.00027e-07  -1.7866e-22  3.05373e-06 -6.38872e-22 -8.89188e-06  5.56692e-21  1.99681e-05  -2.2449e-20 -3.45017e-05  6.44453e-20  4.50031e-05 -1.45268e-19 -4.21615e-05  2.66313e-19  2.46799e-05 -4.01584e-19 -3.87653e-06  4.98738e-19 -6.41038e-06 -5.10915e-19  4.30462e-06  4.39399e-19   6.8957e-07 -3.37653e-19 -1.54374e-06  2.61165e-19   -1.133e-08 -2.18593e-19  4.62425e-07  1.81779e-19  1.50238e-08 -1.31772e-19 -1.26196e-07  7.69791e-20 -2.24683e-08 -3.37756e-20  2.74357e-08  8.92275e-21  1.19912e-08 -1.57908e-22 -2.95052e-09  9.01243e-22 -3.52504e-09 -3.46017e-21 -5.87617e-10  3.60897e-21  4.72917e-10 -2.04017e-21  2.88981e-10  6.79573e-22  3.38028e-11 -2.16467e-23 -3.28077e-11 -1.76456e-22 -1.89441e-11   1.0392e-22 -3.48952e-12  1.73163e-23  9.72499e-13 -3.85985e-23  8.44183e-13  7.44711e-24  2.55729e-13  4.24476e-24  2.26736e-14 -8.36427e-25 -1.45218e-14 -1.31842e-25 -7.98067e-15  -4.0527e-25 -2.10496e-15  1.33017e-25 -2.67261e-16  4.63908e-26  3.18353e-17   1.5348e-26  2.70648e-17 -1.93826e-26  7.99855e-18 -2.24181e-27  1.49594e-18   1.9065e-27  1.65437e-19  5.26889e-28 -1.50411e-21 -1.58254e-28 -5.47157e-21 -4.94558e-29  -1.4492e-21  1.89602e-29 -2.45004e-22  2.20416e-30 -3.01128e-23 -2.54336e-31 -2.62748e-24  2.07379e-31 -1.24541e-25 -1.16226e-32   5.7229e-27  5.13453e-33  1.97354e-27  4.65628e-33  2.40864e-28 -6.82629e-34  1.96489e-29  -1.8706e-34  1.16705e-30  3.01502e-35  5.05185e-32  5.34844e-36  1.52378e-33 -1.74504e-37  2.88978e-35  -3.9217e-38  2.67463e-37 -5.71057e-40  2.42064e-40
  1.7828e-11  1.96436e-25 -7.12825e-10  -3.3985e-24  1.09619e-08  2.92304e-23 -9.99221e-08 -1.51303e-22  6.20942e-07  4.76205e-22 -2.81361e-06 -6.38872e-22  9.63872e-06 -2.05362e-21 -2.54294e-05  1.63037e-20  5.19404e-05 -6.05763e-20 -8.14669e-05  1.61692e-19  9.54387e-05 -3.41043e-19 -7.78778e-05  5.86691e-19   3.5398e-05 -8.29421e-19  2.95323e-06  9.61685e-19  -1.4303e-05 -9.14622e-19  5.03085e-06  7.29943e-19  3.26356e-06 -5.31626e-19 -2.26838e-06  4.08877e-19 -7.76452e-07 -3.46729e-19  6.98356e-07  2.82266e-19  2.55309e-07 -1.93185e-19 -1.64751e-07  1.04841e-19  -9.4172e-08 -4.19522e-20  2.15534e-08  8.17379e-21  2.80376e-08  2.50918e-21    3.224e-09  2.76904e-22 -5.02162e-09 -4.81181e-21 -2.41152e-09  4.96341e-21  7.23888e-11  -2.5858e-21  4.66287e-10  7.71659e-22  1.76933e-10  3.13871e-23 -5.03826e-13 -2.67136e-22 -2.65633e-11  1.43444e-22 -1.14016e-11   3.1964e-23 -1.54297e-12 -5.28098e-23  6.82797e-13  6.78564e-24  4.64117e-13   6.0346e-24  1.30226e-13 -2.01205e-25   1.2352e-14 -4.80518e-25 -5.76947e-15 -4.97223e-25 -3.26366e-15  1.09542e-25 -8.85191e-16  9.48024e-26 -1.35259e-16  1.93789e-26 -7.93929e-19 -2.54773e-26  6.32981e-18 -4.38173e-27  2.15175e-18  2.53255e-27  4.43752e-19  8.08655e-28  6.21239e-20 -2.10021e-28  4.83935e-21 -5.83795e-29 -2.50177e-22  2.19957e-29 -1.63058e-22  3.61952e-30 -3.26745e-23   3.6563e-31 -4.42407e-24  1.83294e-31 -4.46474e-25 -2.08378e-32 -3.34276e-26  1.51123e-32 -1.67148e-27   4.9892e-33 -2.68443e-29 -9.77536e-34  4.15791e-30 -1.79251e-34  4.76525e-31  3.02951e-35  2.79346e-32    4.553e-36  1.03376e-33 -1.06055e-37  2.34744e-35 -2.21248e-38  2.66009e-37 -2.27461e-40
-5.43998e-26  1.94827e-10  1.72432e-24 -4.47732e-09 -2.07248e-23   5.3012e-08  1.42578e-22 -4.05184e-07 -6.24935e-22  2.19806e-06  1.71798e-21 -8.89188e-06 -2.05362e-21  2.75524e-05 -5.96884e-21 -6.62033e-05  4.33745e-20  0.000123357 -1.49112e-19 -0.000175703  3.71573e-19  0.000184067 -7.36032e-19 -0.000128383  1.19145e-18  3.97782e-05 -1.58123e-18  2.06808e-05  1.71052e-18 -2.50164e-05   -1.506e-18  2.47266e-06  1.11213e-18  7.72827e-06 -7.72537e-19 -2.10786e-06  6.01278e-19 -2.23937e-06 -5.18714e-19   6.3781e-07  4.09475e-19  6.85763e-07 -2.62225e-19 -8.90715e-08  1.32144e-19   -1.964e-07 -4.84058e-20 -2.20254e-08  5.22479e-21  4.10247e-08  7.15639e-21  1.73892e-08 -9.54424e-22 -3.02617e-09 -6.41256e-21 -4.61393e-09  6.44263e-21 -1.17633e-09 -3.06731e-21  3.60833e-10  8.33954e-22  3.46947e-10  9.45352e-23  9.00177e-11 -3.77458e-22 -1.20971e-11   1.8616e-22 -1.75212e-11  5.25211e-23 -6.13419e-12 -6.66334e-23 -6.40393e-13  3.80392e-24  3.77702e-13  7.90053e-24  2.24228e-13  7.87317e-25  6.06219e-14 -7.55923e-25  6.78158e-15 -6.57864e-25 -1.72324e-15  6.69092e-26 -1.11682e-15  1.53321e-25 -3.17079e-16  2.82625e-26 -5.54813e-17  -3.2625e-26 -4.33242e-18 -7.46028e-27  8.59393e-19  3.15412e-27  4.23734e-19  1.12236e-27  9.75861e-20 -2.39443e-28  1.54616e-20  -6.3891e-29  1.72479e-21  2.33005e-29  1.09435e-22  5.59955e-30 -4.12698e-24  1.13514e-30 -2.29841e-24  1.49305e-31 -3.71142e-25 -1.60534e-32 -4.01225e-26  2.60405e-32 -3.22293e-27  4.72146e-33 -1.94525e-28 -1.22692e-33 -8.49092e-30 -1.63217e-34  -2.3688e-31  2.75834e-35  -2.2576e-33  3.55626e-36  1.05509e-34 -5.19151e-38  4.21372e-36 -9.93336e-39  4.17826e-38
-3.36749e-11 -6.47424e-25  1.41587e-09  1.16783e-23 -2.29352e-08 -1.06726e-22  2.20652e-07  6.07523e-22 -1.45056e-06 -2.29458e-21  6.97275e-06  5.56692e-21 -2.54294e-05 -5.96884e-21  7.17479e-05 -1.57609e-20 -0.000157707  1.05254e-19  0.000268686 -3.36125e-19 -0.000347315  7.85161e-19   0.00032313 -1.46619e-18 -0.000186721  2.23948e-18  2.52401e-05   -2.793e-18  5.37112e-05  2.81484e-18 -3.48374e-05 -2.28414e-18 -6.50925e-06  1.55397e-18  1.33001e-05  -1.0396e-18  2.19281e-07  8.36371e-19  -4.1683e-06 -7.33974e-19 -1.42963e-07  5.54996e-19  1.18685e-06  -3.2955e-19  2.09701e-07  1.55064e-19 -2.70908e-07  -5.2758e-20 -1.17586e-07 -2.59671e-22  3.15566e-08  1.42104e-20  3.64366e-08 -2.83721e-21   5.7741e-09  -8.2227e-21 -5.21151e-09  7.88776e-21 -3.12053e-09 -3.41995e-21 -3.39041e-10  8.88327e-22  3.77158e-10   1.5773e-22  2.14195e-10 -5.05886e-22  3.87507e-11  2.26007e-22  -1.1647e-11   7.9711e-23 -9.90236e-12  -7.7525e-23 -3.00942e-12 -1.84165e-24  -2.7262e-13  9.30125e-24  1.69993e-13  2.12564e-24  9.48526e-14 -8.40619e-25  2.54714e-14 -8.92187e-25  3.41575e-15 -2.67747e-27 -3.04167e-16  2.18971e-25 -3.06581e-16  4.36873e-26 -9.36129e-17 -4.05209e-26  -1.8099e-17 -1.14742e-26 -2.17234e-18  3.62824e-27 -4.47871e-20   1.4383e-27  5.12821e-20  -2.2981e-28  1.48894e-20 -6.40154e-29  2.60934e-21  2.31201e-29  3.31544e-22  7.99693e-30  3.07895e-23  1.88956e-30  1.83117e-24  1.12773e-31  1.17364e-26  6.26537e-33 -1.24303e-26  3.64598e-32 -1.73512e-27  3.92947e-33 -1.44534e-28 -1.38516e-33 -8.45266e-30 -1.41354e-34  -3.5263e-31  2.26707e-35 -1.00686e-32  2.50052e-36 -1.76515e-34 -1.92171e-38 -1.43657e-36  -3.0773e-39
  1.5811e-25 -3.25954e-10 -5.16664e-24  7.91245e-09   6.4875e-23 -9.91251e-08 -4.74863e-22  8.03239e-07  2.29037e-21 -4.63085e-06 -7.55361e-21  1.99681e-05  1.63037e-20 -6.62033e-05 -1.57609e-20  0.000171075 -3.79506e-20 -0.000345299  2.33715e-19  0.000538772 -6.96022e-19 -0.000630897  1.53068e-18  0.000515756 -2.70555e-18 -0.000233292  3.91042e-18 -2.51627e-05 -4.58624e-18  0.000102157  4.29564e-18 -3.59563e-05 -3.19138e-18 -2.43909e-05  1.98718e-18  1.73214e-05 -1.30026e-18  5.92476e-06  1.10813e-18 -5.62928e-06 -9.83873e-19 -2.00142e-06  7.02002e-19  1.41334e-06 -3.83107e-19  7.77607e-07  1.71127e-19 -2.07127e-07 -5.58162e-20 -2.46877e-07 -8.34058e-21 -2.31469e-08  2.38415e-20  4.78885e-08  -5.2178e-21  2.18548e-08 -1.01451e-20 -1.31608e-09  9.07705e-21 -4.62522e-09 -3.61357e-21  -1.6781e-09  9.79046e-22  4.65899e-11  2.17677e-22  2.76788e-10 -6.50626e-22  1.14904e-10   2.5368e-22   1.4411e-11  1.13532e-22 -7.53717e-12 -8.25242e-23 -4.90621e-12 -9.96632e-24 -1.36125e-12  9.54346e-24 -1.26197e-13  3.75205e-24  6.16981e-14  -6.2852e-25  3.46625e-14 -1.18615e-24  9.45288e-15 -1.06489e-25   1.4793e-15  2.88142e-25  2.66181e-17  6.63879e-26  -6.1992e-17 -4.86148e-26 -2.17912e-17 -1.62731e-26 -4.58282e-18  3.78695e-27 -6.62895e-19  1.72417e-27 -5.79929e-20 -1.70683e-28  6.01041e-22 -5.70366e-29  1.30687e-21  2.24332e-29   2.8028e-22  1.04903e-29  3.88052e-23  2.43027e-30  3.97842e-24   7.7733e-32  3.06697e-25  4.41442e-32  1.68226e-26  4.48266e-32  5.09048e-28  2.82418e-33 -9.48185e-30 -1.42073e-33 -2.14228e-30 -1.15826e-34 -1.30301e-31  1.67008e-35 -4.46109e-33  1.54299e-36 -8.37979e-35 -4.69346e-39 -5.77383e-37
 4.70545e-11  1.71519e-24 -2.09823e-09 -3.19794e-23   3.6094e-08  3.05923e-22 -3.69348e-07 -1.85537e-21  2.58768e-06  7.71634e-21 -1.32891e-05  -2.2449e-20  5.19404e-05  4.33745e-20 -0.000157707 -3.79506e-20  0.000375181 -8.35648e-20  -0.00069765  4.75986e-19   0.00099788 -1.32717e-18  -0.00105505  2.76103e-18  0.000745412 -4.64018e-18 -0.000233548  6.36489e-18 -0.000127487 -7.02217e-18   0.00015739  6.08949e-18 -1.73133e-05 -4.10057e-18 -5.05807e-05  2.31329e-18  1.51881e-05 -1.51869e-18  1.51542e-05  1.40777e-18 -4.95645e-06 -1.24984e-18  -4.8601e-06  8.26326e-19  8.36462e-07 -4.11215e-19  1.48589e-06  1.80745e-19  1.16359e-07  -5.9441e-20 -3.38994e-07 -1.89166e-20 -1.31027e-07  3.57563e-20  3.15438e-08  -7.6908e-21   3.9103e-08  -1.1976e-20  8.87808e-09  9.74931e-21 -3.67044e-09 -3.68012e-21 -3.08494e-09  1.16146e-21  -7.3454e-10  2.86236e-22  1.42476e-10 -8.08451e-22  1.65536e-10  2.57354e-22  5.52137e-11  1.52674e-22  4.87154e-12 -7.87318e-23 -3.84659e-12 -1.98582e-23  -2.1487e-12  7.94849e-24 -5.67639e-13  5.54875e-24 -6.07943e-14 -4.86182e-26  1.70983e-14 -1.51018e-24  1.06771e-14 -2.47706e-25  3.01277e-15  3.57128e-25  5.30333e-16  9.57637e-26  4.40183e-17 -5.61436e-26 -6.99784e-18 -2.15747e-26 -3.71062e-18  3.48408e-27 -8.66302e-19  1.95094e-27  -1.3891e-19 -6.25659e-29 -1.59479e-20 -4.17033e-29 -1.14067e-21  2.26343e-29  1.88648e-24  1.26262e-29  1.47348e-23  2.58479e-30  2.55333e-24  4.45133e-32  2.78595e-25  9.03347e-32  2.22111e-26  4.98416e-32  1.32534e-27  1.66652e-33  5.77817e-29  -1.3275e-33  1.70299e-30 -8.87484e-35  2.69827e-32  1.09056e-35 -2.63254e-35  8.05523e-37 -7.06185e-36 -4.82425e-40
-3.74316e-25  4.00008e-10  1.25348e-23 -1.03681e-08 -1.63094e-22  1.38831e-07  1.25211e-21 -1.20411e-06 -6.44401e-21  7.44381e-06  2.34184e-20 -3.45017e-05 -6.05763e-20  0.000123357  1.05254e-19 -0.000345299 -8.35648e-20  0.000759823 -1.68572e-19  -0.00130534  8.90369e-19     0.001712 -2.33432e-18  -0.00162571  4.61948e-18  0.000966445 -7.41955e-18 -0.000141813  9.68885e-18 -0.000287785 -1.00537e-17  0.000199149  8.02637e-18  3.17627e-05 -4.82315e-18 -7.89897e-05   2.4244e-18  1.57735e-06 -1.66823e-18  2.58781e-05  1.72476e-18 -2.51972e-07 -1.50321e-18 -7.84086e-06  9.00315e-19 -1.02402e-06 -4.06436e-19  1.96076e-06  1.87828e-19  7.40949e-07 -6.57284e-20 -2.78333e-07 -3.18592e-20 -2.62982e-07  4.89823e-20  -2.9857e-08 -9.62914e-21  4.38671e-08 -1.33532e-20  2.32498e-08  9.65412e-21  1.54043e-09 -3.72932e-21 -3.33648e-09  1.48072e-21 -1.70356e-09  3.93934e-22 -2.60531e-10 -9.72346e-22  1.17007e-10  2.24879e-22  8.51441e-11  1.94211e-22  2.43099e-11  -6.3955e-23  1.68581e-12 -3.04754e-23 -1.61079e-12  4.03601e-24 -8.29577e-13  7.36563e-24 -2.15587e-13  9.19713e-25 -2.76002e-14 -1.82737e-24  2.97633e-15 -4.22311e-25  2.65959e-15  4.22518e-25    7.968e-16   1.2988e-25  1.53073e-16 -6.22264e-26  1.85747e-17 -2.70037e-26   5.3124e-19  2.64646e-27 -3.80241e-19  2.09616e-27 -1.13412e-19   8.1693e-29 -1.99311e-20 -1.73809e-29 -2.53847e-21  2.49828e-29 -2.39425e-22  1.39163e-29 -1.53466e-23  2.26577e-30 -3.64899e-25  1.19556e-32  5.50749e-26  1.34669e-31  8.90782e-27  5.07665e-32  7.41864e-28  6.78431e-34  4.16253e-29 -1.12831e-33  1.61738e-30  -6.2495e-35   4.1411e-32  6.20329e-36  6.06393e-34  3.34207e-37  3.25019e-36
-4.68147e-11 -3.72249e-24   2.2483e-09  7.13339e-23 -4.16546e-08 -7.08852e-22  4.59291e-07  4.51859e-21 -3.47055e-06 -2.00858e-20  1.92523e-05  6.44453e-20 -8.14669e-05 -1.49112e-19  0.000268686  2.33715e-19  -0.00069765 -1.68572e-19   0.00142619 -3.11743e-19  -0.00226915  1.53014e-18   0.00272736 -3.79075e-18  -0.00230737   7.1842e-18   0.00110158 -1.10942e-17  8.66537e-05  1.38379e-17 -0.000491798 -1.34944e-17  0.000197043  9.83661e-18  0.000115484 -5.14312e-18 -9.71659e-05  2.23489e-18 -2.69294e-05 -1.74325e-18    3.338e-05   2.0468e-18  9.55558e-06 -1.70759e-18 -9.18482e-06  8.98924e-19 -4.21341e-06 -3.68873e-19  1.64588e-06  1.98914e-19  1.52488e-06  -7.5736e-20  4.32727e-08 -4.70351e-20 -3.43424e-07   6.1732e-20 -1.33316e-07 -1.03233e-20  2.00749e-08 -1.37355e-20  3.41238e-08  8.62458e-21  1.07284e-08 -3.94144e-21 -1.13586e-09  1.94706e-21 -2.19281e-09  5.84657e-22 -8.16248e-10 -1.12936e-21  -7.2467e-11  1.47257e-22  6.82497e-11  2.34005e-22   3.8609e-11 -3.73558e-23  9.95042e-12 -4.07911e-23  6.84988e-13 -2.34774e-24 -5.52652e-13  9.05857e-24 -2.78787e-13  2.24259e-24 -7.29349e-14 -2.10239e-24 -1.09257e-14  -6.1782e-25 -7.15257e-17  4.81365e-25   4.9428e-16  1.65886e-25  1.67124e-16 -6.60035e-26  3.45371e-17 -3.21343e-26  4.95887e-18  1.30932e-27  4.41927e-19  2.14381e-27  4.85655e-22  2.39654e-28 -8.31947e-21    1.578e-29 -1.81008e-21  3.00428e-29 -2.48588e-22   1.3969e-29   -2.518e-23  1.50585e-30 -1.92649e-24 -1.96286e-32 -1.07349e-25   1.6745e-31 -3.74413e-27  4.76242e-32 -1.79873e-29 -1.34234e-35  6.65297e-30 -8.68221e-34  4.20546e-31 -3.95575e-35  1.27367e-32  2.98395e-36   1.7901e-34  9.51355e-38
 7.33293e-25  -3.3972e-10 -2.50289e-23  9.60646e-09  3.35638e-22 -1.40143e-07  -2.6833e-21  1.32341e-06  1.45483e-20 -8.90863e-06 -5.66203e-20  4.50031e-05  1.61692e-19 -0.000175703 -3.36125e-19  0.000538772  4.75986e-19  -0.00130534 -3.11743e-19   0.00248938 -5.28089e-19  -0.00367589  2.41292e-18   0.00404282 -5.68343e-18  -0.00301001  1.04046e-17    0.0010518 -1.55602e-17  0.000476858  1.86041e-17 -0.000698381 -1.70232e-17  0.000118172   1.1194e-17   0.00022523 -4.87128e-18  -8.8474e-05  1.71364e-18  -6.8629e-05 -1.76483e-18  3.10587e-05  2.35864e-18  2.34551e-05 -1.82392e-18  -6.7058e-06  8.06491e-19 -7.97999e-06 -3.07503e-19   4.2662e-08  2.20881e-19  2.10027e-06 -8.82746e-20  6.40754e-07 -6.41407e-20 -2.70886e-07  7.14559e-20 -2.41705e-07 -9.20963e-21 -3.96329e-08  -1.2448e-20  3.02668e-08  6.65494e-21  2.01397e-08 -4.53133e-21  3.80265e-09  2.51755e-21 -1.42184e-09  9.01129e-22 -1.18757e-09 -1.26071e-21  -3.5058e-10  2.24059e-23 -1.46977e-11  2.67978e-22  3.20968e-11  1.58192e-25   1.5585e-11 -5.01615e-23  3.79655e-12 -1.10011e-23  3.17372e-13  1.05252e-23  -1.4976e-13   3.8373e-24 -7.96678e-14  -2.3079e-24 -2.13446e-14 -8.14673e-25 -3.60174e-15  5.31225e-25 -2.71719e-16   2.0071e-25  5.38313e-17 -6.67772e-26  2.58193e-17 -3.65201e-26  5.84131e-18 -3.80728e-28  9.18039e-19  2.08217e-27  1.04258e-19  3.85426e-28  7.59459e-21  5.66158e-29   6.7498e-23  3.73579e-29 -7.64979e-23  1.26156e-29 -1.34683e-23   4.5346e-31 -1.43823e-24  -4.7019e-32 -1.10824e-25  1.82417e-31 -6.34254e-27  4.11952e-32 -2.64079e-28 -3.87693e-34 -7.48247e-30   -5.999e-34 -1.22696e-31 -2.18854e-35 -6.24093e-34  1.14654e-36  5.46649e-36
 2.96846e-11   6.7106e-24 -1.59466e-09  -1.3145e-22  3.28509e-08   1.3498e-21 -4.01057e-07 -8.98315e-21  3.34606e-06  4.21773e-20 -2.04634e-05 -1.45268e-19  9.54387e-05  3.71573e-19 -0.000347315 -6.96022e-19   0.00099788  8.90369e-19  -0.00226915 -5.28089e-19    0.0040534 -8.16964e-19  -0.00556481  3.47917e-18   0.00558522 -7.85664e-18  -0.00359071  1.40549e-17  0.000720011 -2.05356e-17   0.00101447  2.36243e-17 -0.000841805 -2.02324e-17 -6.01474e-05  1.17885e-17  0.000336214 -3.90359e-18 -3.76426e-05  9.04205e-19 -0.000114469 -1.77718e-18  1.27699e-05  2.64083e-18  3.75855e-05 -1.81759e-18  1.21322e-06  6.22074e-19 -1.06991e-05 -2.38865e-19 -2.93342e-06  2.58014e-19  1.95948e-06 -9.93539e-20   1.3601e-06 -8.23935e-20  2.80822e-08  7.51593e-20 -2.86863e-07 -6.11924e-21 -1.22124e-07 -8.80783e-21    3.179e-09  3.95459e-21  2.31443e-08 -5.68837e-21  9.82191e-09  3.09381e-21  9.16829e-10   1.3653e-21 -9.63671e-10 -1.34571e-21 -5.57655e-10 -1.42265e-22 -1.38736e-10  2.93968e-22 -2.09097e-12  4.60218e-23  1.26041e-11 -5.85561e-23  5.59132e-12 -2.14289e-23  1.33484e-12  1.17231e-23  1.42845e-13   5.5844e-24 -2.86269e-14 -2.42742e-24  -1.8639e-14 -9.90211e-25 -5.21686e-15  5.70178e-25 -9.58326e-16  2.31785e-25 -1.10367e-16 -6.41081e-26 -2.13877e-18 -3.97162e-26  2.44809e-18 -2.20002e-27  6.86539e-19  1.90269e-27  1.16654e-19  4.97027e-28  1.44679e-20  1.02716e-28  1.33777e-21  4.55109e-29  8.58026e-23  9.98335e-30  2.47524e-24 -6.70284e-31 -2.03123e-25 -6.52167e-32 -3.57743e-26  1.78186e-31 -2.87001e-27  3.27993e-32 -1.49678e-28  -5.0181e-34  -5.2217e-30 -3.67502e-34 -1.13563e-31 -1.01842e-35 -1.23594e-33  3.04848e-37
-1.20514e-24  1.66263e-10  4.16399e-23 -5.47723e-09 -5.72263e-22  9.16438e-08  4.73968e-21 -9.81933e-07 -2.69031e-20  7.44506e-06  1.10929e-19 -4.21615e-05 -3.41043e-19  0.000184067  7.85161e-19 -0.000630897 -1.32717e-18     0.001712  1.53014e-18  -0.00367589 -8.16964e-19   0.00617559 -1.14649e-18  -0.00789435  4.55299e-18   0.00719972 -9.98075e-18  -0.00387556  1.77328e-17  4.35304e-05  -2.5589e-17   0.00163413   2.8437e-17  -0.00084535 -2.27106e-17 -0.000336763  1.14076e-17  0.000410131 -2.26233e-18  6.18084e-05 -7.67318e-20 -0.000148465 -1.83546e-18 -2.39146e-05  2.86967e-18  4.56441e-05 -1.66567e-18  1.44211e-05  3.61556e-19 -1.02789e-05 -1.83401e-19  -6.6542e-06  3.09572e-19  6.81987e-07 -1.02645e-19  1.87218e-06 -1.00244e-19  5.32519e-07   6.9967e-20 -1.97082e-07 -1.45187e-21 -1.90266e-07 -2.31059e-21 -4.49369e-08  9.50857e-22   1.3494e-08 -7.50763e-21  1.34379e-08  3.54027e-21  4.13181e-09  1.96098e-21  4.53453e-11 -1.36924e-21 -5.01252e-10 -3.29874e-22 -2.32826e-10  3.13353e-22 -5.16857e-11  9.66161e-23 -6.16412e-13  -6.6524e-23  4.14024e-12 -3.29401e-23  1.76185e-12  1.26666e-23  4.22299e-13   7.3437e-24  5.56687e-14 -2.45569e-24 -2.09168e-15 -1.12417e-24 -3.33697e-15  5.96911e-25 -1.01866e-15   2.5753e-25 -1.99612e-16  -5.7844e-26 -2.73901e-17 -4.13093e-26 -2.29642e-18 -3.90894e-27  1.77972e-20  1.60233e-27  4.57358e-20    5.623e-28  9.37963e-21  1.50342e-28  1.23502e-21  5.25521e-29  1.20314e-22  6.48303e-30  8.86682e-24 -1.63781e-30  4.78957e-25 -7.03211e-32  1.68013e-26  1.57903e-31  1.87875e-28  2.39329e-32 -1.62196e-29  -4.5004e-34 -1.01305e-30 -1.95742e-34 -2.52233e-32 -3.74269e-36 -2.13749e-34
 -7.1208e-12 -1.01814e-23  5.31948e-10   2.0232e-22 -1.39722e-08 -2.13394e-21  2.07514e-07  1.47496e-20 -2.04743e-06 -7.27218e-20  1.45434e-05  2.66313e-19 -7.78778e-05 -7.36032e-19   0.00032313  1.53068e-18  -0.00105505 -2.33432e-18   0.00272736  2.41292e-18  -0.00556481 -1.14649e-18   0.00883016 -1.43947e-18   -0.0105229  5.32643e-18    0.0086645 -1.15742e-17  -0.00369943  2.09211e-17 -0.000975562 -3.02184e-17   0.00222319  3.25726e-17 -0.000643671 -2.41361e-17 -0.000678138  9.99834e-18   0.00040454 -1.02692e-19  0.000201249 -1.06392e-18 -0.000151532 -1.98952e-18 -7.48954e-05  3.01926e-18  4.07217e-05  -1.3624e-18  3.01947e-05  5.57612e-20 -5.01903e-06 -1.60671e-19 -9.74862e-06  3.68868e-19 -1.77698e-06 -9.09112e-20  1.77417e-06 -1.15299e-19  1.08789e-06  5.38134e-20  5.83783e-08  3.80428e-21 -1.94556e-07  7.17688e-21 -9.68055e-08 -1.77322e-21 -9.98531e-09 -9.93395e-21  1.09424e-08  3.72025e-21   6.5411e-09   2.6264e-21  1.55052e-09 -1.33053e-21 -9.37697e-11 -5.17293e-22  -2.1681e-10   3.3155e-22 -8.73793e-11   1.4816e-22 -1.82815e-11 -7.48785e-23 -5.68085e-13 -4.47184e-23   1.1119e-12  1.34151e-23  4.77016e-13  8.97401e-24  1.16467e-13 -2.39786e-24   1.7823e-14 -1.20387e-24  9.33062e-16  6.10768e-25 -3.86165e-16  2.77432e-25 -1.48576e-16 -4.80951e-26 -3.12477e-17   -4.098e-26 -4.66789e-18 -5.31749e-27 -5.05628e-19  1.18958e-27 -3.47222e-20   5.8131e-28   -1.386e-22  1.94683e-28  3.53007e-22  5.66272e-29  5.79519e-23  2.70791e-30  5.83607e-24 -2.27987e-30   4.2272e-25 -6.21285e-32   2.2557e-26  1.27586e-31  8.65034e-28  1.58907e-32  2.22041e-29 -3.25447e-34  3.24763e-31 -8.78293e-35  1.66142e-33 -9.39752e-37
 1.68841e-24 -3.33247e-12 -5.84742e-23  8.12588e-10  8.16541e-22 -2.41295e-08 -6.95958e-21  3.64887e-07  4.11305e-20 -3.55719e-06 -1.78702e-19  2.46799e-05  5.86691e-19 -0.000128383 -1.46619e-18  0.000515756  2.76103e-18  -0.00162571 -3.79075e-18   0.00404282  3.47917e-18  -0.00789435 -1.43947e-18    0.0118853 -1.56903e-18   -0.0132159  5.38856e-18   0.00973118 -1.20924e-17  -0.00295268   2.3104e-17  -0.00225484 -3.39582e-17   0.00264298  3.56491e-17 -0.000206697  -2.4352e-17  -0.00101978  7.68738e-18  0.000286587  2.32016e-18  0.000354919 -1.88319e-18 -0.000107909 -2.26988e-18 -0.000128707  3.06547e-18  1.81098e-05 -9.21112e-19  4.34001e-05 -2.54876e-19  5.38035e-06 -1.84932e-19 -1.04645e-05  4.24301e-19 -4.88442e-06 -5.79697e-20  7.80846e-07 -1.24579e-19  1.43164e-06  2.60553e-20  4.30377e-07  8.23515e-21 -9.85059e-08  1.92826e-20 -1.24135e-07 -3.59716e-21 -4.01718e-08 -1.27393e-20  9.02201e-10  3.54007e-21  6.24154e-09   3.2611e-21  2.79191e-09 -1.24952e-21  5.38222e-10  -6.8094e-22 -6.01096e-11  3.56738e-22 -7.99844e-11  1.97475e-22 -2.94618e-11 -8.42207e-23 -6.07336e-12 -5.58379e-23 -3.86932e-13   1.4069e-23  2.29774e-13  1.03566e-23   1.0727e-13 -2.26772e-24  2.69961e-14 -1.22719e-24  4.55672e-15  6.11704e-25  4.58864e-16  2.91775e-25 -6.42953e-18 -3.51998e-26 -1.39824e-17 -3.85954e-26 -3.42906e-18 -6.33087e-27 -5.44331e-19  6.90991e-28  -6.3949e-20  5.64546e-28  -5.6142e-21  2.30511e-28 -3.40489e-22  5.65602e-29 -9.05005e-24 -7.22331e-31  7.52086e-25 -2.52599e-30   1.2057e-25 -4.47009e-32  8.83047e-27  9.40127e-32  4.11923e-28  9.49865e-33  1.23638e-29 -1.96209e-34  2.12896e-31 -3.13376e-35  1.37201e-33
