 2.59376e-15  7.73027e-30 -1.42837e-13 -4.30975e-28  2.96182e-12  7.14538e-27 -3.52299e-11 -6.60436e-26  2.71796e-10   3.9861e-25 -1.41712e-09 -1.65188e-24  4.96187e-09  4.71156e-24  -1.1026e-08 -8.91292e-24  1.34641e-08  1.01492e-23 -6.17124e-09 -5.44112e-24  1.35164e-11
 7.73027e-30  2.05912e-13  2.42119e-28 -6.30692e-12  -9.1316e-27  9.68204e-11  1.18752e-25 -9.20216e-10 -9.07131e-25  5.82766e-09  4.60296e-24 -2.49801e-08 -1.60069e-23   7.0321e-08  3.76129e-23 -1.18324e-07 -5.61175e-23  9.41123e-08  4.55408e-23 -1.58241e-08 -1.24829e-23
-1.42837e-13  2.42119e-28  7.88688e-12  4.18487e-27 -1.63936e-10 -1.18247e-25  1.95393e-09  1.25551e-24 -1.50951e-08 -8.06397e-24  7.87231e-08  3.45536e-23 -2.75115e-07 -1.00322e-22  6.07431e-07  1.91015e-22   -7.284e-07 -2.15969e-22  3.12785e-07  1.11526e-22  8.80488e-09
-4.30975e-28 -6.30692e-12  4.18487e-27  1.93649e-10  4.96531e-26 -2.97922e-09 -1.11961e-24  2.83631e-08   9.9628e-24 -1.79777e-07 -5.42415e-23  7.70149e-07  1.95816e-22 -2.16044e-06 -4.69422e-22  3.59775e-06  7.06114e-22  -2.7705e-06 -5.67716e-22  3.77463e-07  1.46443e-22
 2.96182e-12  -9.1316e-27 -1.63936e-10  4.96531e-26  3.41507e-09  4.50015e-25 -4.07789e-08 -8.42458e-24  3.15441e-07  6.36054e-23 -1.64554e-06 -2.93249e-22   5.7417e-06  8.84374e-22 -1.26062e-05 -1.72108e-21  1.48635e-05  1.97006e-21  -5.9533e-06 -1.00863e-21 -3.79882e-07
 7.14538e-27  9.68204e-11 -1.18247e-25 -2.97922e-09  4.50015e-25  4.59214e-08  3.31513e-24 -4.37847e-07 -5.25025e-23  2.77765e-06  3.36227e-22 -1.18958e-05 -1.30235e-21  3.32828e-05  3.23933e-21  -5.4955e-05 -5.00087e-21  4.10611e-05  4.10417e-21 -4.21526e-06 -1.05482e-21
-3.52299e-11  1.18752e-25  1.95393e-09 -1.11961e-24 -4.07789e-08  3.31513e-24  4.87708e-07   2.0468e-23  -3.7771e-06 -2.74608e-22  1.97141e-05  1.47927e-21 -6.87373e-05 -4.76044e-21  0.000150367   9.6187e-21 -0.000174988 -1.13922e-20  6.53908e-05  6.00463e-21  6.92898e-06
-6.60436e-26 -9.20216e-10  1.25551e-24  2.83631e-08 -8.42458e-24 -4.37847e-07   2.0468e-23  4.18012e-06  1.06596e-22 -2.65441e-05 -1.20108e-21  0.000113731  5.38355e-21 -0.000317977 -1.42357e-20  0.000522741  2.29573e-20 -0.000381767 -1.96917e-20  2.62293e-05  5.15495e-21
 2.71796e-10 -9.07131e-25 -1.50951e-08   9.9628e-24  3.15441e-07 -5.25025e-23  -3.7771e-06  1.06596e-22  2.92848e-05  4.64801e-22 -0.000153015  -4.3497e-21  0.000534068  1.60718e-20  -0.00116881  -3.4633e-20   0.00135395   4.3436e-20 -0.000477553 -2.40205e-20 -7.40206e-05
  3.9861e-25  5.82766e-09 -8.06397e-24 -1.79777e-07  6.36054e-23  2.77765e-06 -2.74608e-22 -2.65441e-05  4.64801e-22  0.000168774  1.67795e-21 -0.000724547 -1.29231e-20   0.00203204  3.91956e-20  -0.00335396 -6.85133e-20   0.00243567  6.33836e-20 -9.14421e-05 -1.69844e-20
-1.41712e-09  4.60296e-24  7.87231e-08 -5.42415e-23 -1.64554e-06  3.36227e-22  1.97141e-05 -1.20108e-21 -0.000153015  1.67795e-21  0.000801308  4.96749e-21  -0.00280935 -3.13555e-20   0.00619962   7.8595e-20  -0.00727109 -1.10271e-19   0.00250953  6.66658e-20  0.000521824
-1.65188e-24 -2.49801e-08  3.45536e-23  7.70149e-07 -2.93249e-22 -1.18958e-05  1.47927e-21  0.000113731  -4.3497e-21 -0.000724547  4.96749e-21   0.00312573  1.19931e-20  -0.00885791  -6.2586e-20    0.0149149  1.32663e-19    -0.011155 -1.40212e-19  0.000182877  4.18076e-20
 4.96187e-09 -1.60069e-23 -2.75115e-07  1.95816e-22   5.7417e-06 -1.30235e-21 -6.87373e-05  5.38355e-21  0.000534068 -1.29231e-20  -0.00280935  1.19931e-20    0.0099585  2.37481e-20    -0.022492 -1.07283e-19    0.0275783  1.95108e-19   -0.0101142 -1.19518e-19  -0.00256032
 4.71156e-24   7.0321e-08 -1.00322e-22 -2.16044e-06  8.84374e-22  3.32828e-05 -4.76044e-21 -0.000317977  1.60718e-20   0.00203204 -3.13555e-20  -0.00885791  2.37481e-20    0.0257148  4.07323e-20   -0.0455021 -1.78426e-19    0.0374507  2.51002e-19 -0.000810795 -3.13618e-20
 -1.1026e-08  3.76129e-23  6.07431e-07 -4.69422e-22 -1.26062e-05  3.23933e-21  0.000150367 -1.42357e-20  -0.00116881  3.91956e-20   0.00619962  -6.2586e-20    -0.022492  4.07323e-20     0.053456  7.31295e-20   -0.0726803 -3.32348e-19    0.0330708  2.57838e-19   0.00882893
-8.91292e-24 -1.18324e-07  1.91015e-22  3.59775e-06 -1.72108e-21  -5.4955e-05   9.6187e-21  0.000522741  -3.4633e-20  -0.00335396   7.8595e-20    0.0149149 -1.07283e-19   -0.0455021  7.31295e-20    0.0894107  1.66851e-19    -0.091277 -6.49793e-19   0.00854138  2.43741e-19
 1.34641e-08 -5.61175e-23   -7.284e-07  7.06114e-22  1.48635e-05 -5.00087e-21 -0.000174988  2.29573e-20   0.00135395 -6.85133e-20  -0.00727109  1.32663e-19    0.0275783 -1.78426e-19   -0.0726803  1.66851e-19      0.12226  3.93308e-19   -0.0888591 -1.07612e-18   -0.0197914
 1.01492e-23  9.41123e-08 -2.15969e-22  -2.7705e-06  1.97006e-21  4.10611e-05 -1.13922e-20 -0.000381767   4.3436e-20   0.00243567 -1.10271e-19    -0.011155  1.95108e-19    0.0374507 -3.32348e-19    -0.091277  3.93308e-19     0.144817  6.56061e-19   -0.0548905 -6.43592e-19
-6.17124e-09  4.55408e-23  3.12785e-07 -5.67716e-22  -5.9533e-06  4.10417e-21  6.53908e-05 -1.96917e-20 -0.000477553  6.33836e-20   0.00250953 -1.40212e-19   -0.0101142  2.51002e-19    0.0330708 -6.49793e-19   -0.0888591  6.56061e-19     0.170724  4.46286e-19    0.0121162
-5.44112e-24 -1.58241e-08  1.11526e-22  3.77463e-07 -1.00863e-21 -4.21526e-06  6.00463e-21  2.62293e-05 -2.40205e-20 -9.14421e-05  6.66658e-20  0.000182877 -1.19518e-19 -0.000810795  2.57838e-19   0.00854138 -1.07612e-18   -0.0548905  4.46286e-19     0.210456  5.22746e-19
 1.35164e-11 -1.24829e-23  8.80488e-09  1.46443e-22 -3.79882e-07 -1.05482e-21  6.92898e-06  5.15495e-21 -7.40206e-05 -1.69844e-20  0.000521824  4.18076e-20  -0.00256032 -3.13618e-20   0.00882893  2.43741e-19   -0.0197914 -6.43592e-19    0.0121162  5.22746e-19     0.169074
