 1.48669e-34 -1.22537e-38 -1.04165e-34  -1.8696e-37  7.12505e-35  6.78454e-37  9.35437e-35  1.90269e-37 -1.43639e-34 -1.33276e-36  7.29057e-35 -1.37046e-36 -2.10588e-35  6.63651e-37 -2.33892e-35 -6.55546e-37  4.77095e-36 -1.20987e-37   4.7562e-36  -7.4787e-38 -1.60161e-36  6.73244e-39 -1.40327e-36 -9.87597e-38  1.19171e-36  4.36943e-38  1.75383e-38  -3.7367e-38 -2.36157e-37  1.91272e-39  -1.8333e-37  2.99858e-40   1.4786e-37 -2.67148e-39 -8.59282e-38 -1.05671e-39   -6.217e-39  1.27382e-39 -4.68367e-38 -8.90984e-42  2.01845e-38  1.09674e-39 -1.10233e-38 -4.38336e-40  1.75527e-39   1.0102e-40 -1.90545e-40  3.23937e-41  4.99594e-40  1.87287e-41 -3.97756e-40   1.7213e-41  1.80748e-41 -1.20439e-41  4.59369e-42 -3.14362e-42  4.97794e-41  2.67203e-42 -4.45228e-41  6.34656e-43 -7.20289e-43 -4.02989e-43 -3.33876e-42  1.22268e-43  2.05558e-42  6.09834e-44 -2.94396e-43 -6.15315e-45  -1.1002e-44  1.20549e-44 -1.22842e-43   3.3001e-45 -8.85285e-44  2.49125e-45  1.66945e-44 -3.66821e-47  2.30225e-44 -3.27332e-45 -2.07778e-44  6.74985e-45  3.28506e-44  -1.4108e-44 -6.39238e-44  2.80475e-44  1.04672e-43 -5.18365e-44 -1.54169e-43  8.91436e-44  2.03221e-43 -1.42197e-43 -2.37104e-43  2.09765e-43  2.42118e-43 -2.85198e-43 -2.13534e-43  3.56017e-43  1.60368e-43 -4.06253e-43  -1.0172e-43  4.21617e-43  5.57036e-44 -3.95618e-43 -2.94701e-44  3.33331e-43  1.84196e-44 -2.50136e-43 -1.37357e-44  1.65555e-43  9.86969e-45 -9.55037e-44 -5.95097e-45  4.73182e-44  2.91697e-45 -1.97625e-44 -1.17183e-45  6.78861e-45  3.87503e-46 -1.85408e-45 -1.02591e-46  3.83062e-46  2.02953e-47 -5.52267e-47 -2.67489e-48  4.75677e-48  1.85888e-49 -1.55443e-49
-1.22537e-38  4.13515e-34 -1.44288e-37 -4.26919e-34 -6.40765e-37  8.82415e-35  2.47368e-36  1.84618e-34 -5.42724e-37 -2.06344e-34 -2.47187e-36  8.08024e-35 -3.32097e-36 -3.04059e-35  8.85895e-37 -2.81477e-35 -1.07254e-36  5.09795e-36 -7.89783e-37  9.71708e-36  3.00756e-37  4.04077e-37 -2.19444e-37 -6.19354e-36 -2.08943e-37  2.90743e-36  1.09129e-37  2.26709e-37 -1.30326e-37 -4.95062e-37  1.32609e-38 -2.32468e-37 -3.40635e-39  3.37246e-37 -9.73879e-39 -2.22111e-37 -1.38366e-39   2.6764e-38  4.09735e-39 -1.37148e-37  4.89777e-40  6.77516e-38  3.56545e-39 -3.88174e-38 -1.47604e-39   3.6277e-39  2.88398e-40 -2.95025e-40  1.29433e-40  1.65426e-39  8.84456e-41 -1.46266e-39  4.34078e-41  2.29241e-40 -4.18642e-41 -1.65754e-41 -9.26324e-42  1.78999e-40  1.02891e-41 -1.64009e-40   2.4623e-42  1.40714e-42 -1.39834e-42 -1.56554e-41  3.79314e-43  8.47662e-42  1.83875e-43 -3.99483e-43  1.35629e-44 -1.13765e-43  3.00497e-44 -5.06472e-43  1.58949e-44 -2.88426e-43  1.76671e-45 -4.47609e-44  1.95174e-44  3.20701e-43 -5.86677e-44 -5.39405e-43  1.24961e-43  9.84301e-43 -2.55731e-43 -1.70272e-42  4.90255e-43  2.63736e-42  -8.7438e-43 -3.66154e-42  1.44852e-42  4.51584e-42 -2.22254e-42 -4.88832e-42  3.14859e-42  4.57498e-42 -4.10361e-42 -3.63039e-42  4.90031e-42   2.3822e-42 -5.33635e-42  -1.2576e-42  5.27061e-42  5.34676e-43 -4.69159e-42 -2.19973e-43   3.7358e-42  1.38443e-43  -2.6376e-42 -1.17211e-43  1.63369e-42  8.54519e-44 -8.76184e-43 -4.78508e-44  4.00305e-43  2.10379e-44 -1.52548e-43 -7.57237e-45  4.71387e-44  2.25431e-45 -1.13486e-44  -5.2752e-46  2.00216e-45   8.7668e-47 -2.32636e-46 -8.83507e-48  1.40111e-47  3.50766e-49
-1.04165e-34 -1.44288e-37  9.07227e-34 -7.52509e-37 -7.79647e-34 -1.08972e-36  4.70289e-35  5.98686e-36  2.07602e-34 -3.17357e-36 -1.78719e-34 -2.33145e-36  2.57984e-35 -4.45762e-36 -4.12385e-35  2.23873e-37  9.14283e-36 -5.44899e-37 -5.88776e-36 -2.08048e-36  1.72182e-35  1.47306e-36  4.70931e-36 -6.78485e-37 -1.40994e-35 -3.77877e-37  5.21732e-36  2.27044e-37  7.43293e-37 -2.89783e-37 -9.17626e-37  4.67834e-38  6.28004e-38  -9.8524e-39  5.23731e-37 -2.14763e-38 -4.00112e-37  1.54469e-39  1.24866e-37   8.5774e-39 -2.71234e-37  2.74842e-39  1.62319e-37  8.00245e-39 -9.84655e-38 -3.50479e-39  4.19753e-39  5.12776e-40 -5.00989e-40  3.80427e-40  4.51723e-39  2.76777e-40 -3.97693e-39  6.19665e-41  9.23278e-40 -1.02219e-40 -1.18134e-40 -1.84727e-41  4.48543e-40  2.64371e-41 -4.29548e-40  6.73409e-42  1.54945e-41 -3.54026e-42 -4.90857e-41  8.73408e-43  2.39305e-41  3.53873e-43  8.33379e-43  1.31814e-43 -4.33861e-43  2.52305e-44 -1.74185e-42  8.89789e-44  1.63895e-43 -1.06397e-43 -2.36568e-42   3.2242e-43  5.62434e-42 -7.66441e-43 -1.07262e-41   1.6141e-42   1.9173e-41 -3.19944e-42 -3.12336e-41  5.91611e-42  4.57207e-41 -1.01706e-41 -5.96761e-41  1.62173e-41  6.86877e-41 -2.39141e-41  -6.8714e-41   3.2503e-41  5.85866e-41 -4.05625e-41 -4.14002e-41  4.62759e-41  2.32323e-41 -4.80196e-41  -9.6533e-42  4.50577e-41  2.68595e-42 -3.79692e-41 -6.64466e-43  2.85032e-41  6.42636e-43 -1.88783e-41 -7.27431e-43  1.09033e-41  5.21117e-43 -5.41252e-42 -2.59004e-43  2.26743e-42  9.94949e-44 -7.82595e-43  -3.2054e-44  2.15339e-43  8.63147e-45 -4.50165e-44 -1.75863e-45  6.61309e-45  2.35561e-46 -5.87259e-46 -1.65217e-47  2.02008e-47
 -1.8696e-37 -4.26919e-34 -7.52509e-37  1.59364e-33 -2.41582e-36 -9.93071e-34 -5.68962e-37 -3.40748e-35  1.14141e-35  1.45589e-34 -7.60498e-36 -1.16062e-34 -1.33362e-37 -6.95956e-35 -2.63884e-36 -6.52113e-35 -1.14747e-36  9.08752e-35  1.57504e-36 -3.57928e-35 -3.62169e-36  3.01643e-35  3.54225e-36  7.28584e-36 -1.22261e-36 -2.32728e-35 -6.27652e-37  7.64417e-36   4.0474e-37  1.57939e-36 -4.82423e-37 -1.67075e-36  1.23003e-37  9.40034e-37 -2.32228e-38  5.94075e-37 -3.53465e-38  -5.3227e-37  1.08993e-38  2.77098e-37  1.31538e-38 -4.17433e-37  8.83278e-39   3.2343e-37  1.43992e-38 -2.08654e-37 -6.82189e-39  1.97582e-39  5.85114e-40 -2.80663e-39  9.47857e-40  1.07958e-38   6.8565e-40 -9.03239e-39  2.54533e-41  2.56577e-39 -2.00756e-40 -3.67222e-40 -2.86772e-41  9.20523e-40  5.35823e-41 -9.29938e-40  1.46172e-41  5.72661e-41 -7.68578e-42 -1.21291e-40  1.82173e-42  5.41316e-41  4.04597e-43  5.05228e-42    5.424e-43   1.3774e-42 -2.28746e-43 -1.10326e-41  7.16775e-43  1.78186e-41 -1.50351e-42  -4.4355e-41    3.671e-42  9.23065e-41 -8.13618e-42 -1.72706e-40   1.6664e-41  2.94816e-40 -3.19076e-41 -4.54629e-40  5.68904e-41  6.27603e-40 -9.41993e-41 -7.67841e-40  1.44463e-40  8.21664e-40 -2.04551e-40 -7.55468e-40  2.66463e-40  5.81719e-40  -3.1804e-40  -3.6022e-40  3.46172e-40  1.66372e-40 -3.41748e-40   -4.741e-41   3.0407e-40  2.03164e-42 -2.42029e-40  2.47147e-42  1.70829e-40   2.4999e-42 -1.05793e-40 -4.00329e-42  5.67469e-41  2.55493e-42 -2.59419e-41 -1.05896e-42  9.89996e-42  3.48772e-43 -3.06772e-42  -1.0263e-43  7.42348e-43  2.51662e-44 -1.32164e-43 -4.32079e-45  1.56025e-44   4.3701e-46 -9.66154e-46 -1.74619e-47
 7.12505e-35 -6.40765e-37 -7.79647e-34 -2.41582e-36  2.24296e-33 -5.45002e-36 -9.85465e-34  1.93086e-36 -1.29891e-34  1.84014e-35  5.61769e-35 -1.17912e-35  -8.6979e-35  3.30015e-36 -1.69955e-34  3.61279e-36 -1.06077e-34 -2.33947e-36    1.934e-34   5.2457e-36 -8.87637e-35 -4.71652e-36  4.94011e-35  6.24159e-36     3.28e-36 -1.64217e-36 -3.06272e-35 -9.21546e-37  9.32883e-36  5.97825e-37  2.60786e-36 -6.43199e-37 -2.91329e-36  2.66551e-37  2.56136e-36 -5.91851e-38  4.39134e-37 -4.83536e-38  -4.7653e-37  2.96494e-38  4.23992e-37  1.45629e-38 -5.30401e-37   2.0973e-38  5.74634e-37  2.20308e-38 -3.92156e-37 -1.15453e-38 -1.93766e-39  2.34792e-40 -1.25508e-38   2.0855e-39  2.22465e-38  1.43888e-39 -1.78298e-38 -1.42819e-40  5.77427e-39 -3.34242e-40 -7.74234e-40 -3.67328e-41  1.67026e-39  9.24038e-41 -1.77413e-39  2.62709e-41  1.45834e-40  -1.5458e-41 -2.56598e-40  3.80384e-42  1.09389e-40 -2.79437e-43 -1.58565e-44  2.09397e-42  4.92562e-41 -2.60124e-42 -1.38509e-40  6.48017e-42  3.06618e-40 -1.50999e-41  -6.6699e-40  3.45524e-41  1.31308e-39 -7.35014e-41 -2.35037e-39  1.45654e-40  3.81182e-39 -2.69142e-40 -5.55717e-39  4.62476e-40  7.21496e-39 -7.37049e-40 -8.24421e-39  1.08627e-39  8.16138e-39 -1.47558e-39 -6.84583e-39  1.84036e-39  4.70141e-39 -2.09825e-39 -2.48546e-39   2.1758e-39  8.72835e-40 -2.04006e-39 -8.91707e-41   1.7177e-39 -9.10519e-41  -1.2883e-39  3.87264e-41  8.52445e-40  1.40709e-41 -4.91838e-40 -2.05803e-41  2.43912e-40  1.02334e-41 -1.02094e-40 -3.30017e-42  3.52224e-41  9.44538e-43 -9.69635e-42 -2.68257e-43   2.0316e-42  5.92154e-44 -3.00156e-43 -8.04291e-45  2.69795e-44  5.54739e-46 -9.50556e-46
 6.78454e-37  8.82415e-35 -1.08972e-36 -9.93071e-34 -5.45002e-36    2.662e-33 -9.26343e-36 -7.85852e-34   6.0238e-36 -2.29703e-34   2.5778e-35  1.45927e-36 -1.25117e-35 -1.09261e-34  5.44125e-36  -2.4134e-34   1.4198e-35 -1.60331e-34  -2.2918e-36  2.86756e-34  9.63842e-36 -1.61465e-34 -4.68677e-36  7.19757e-35  9.01587e-36 -1.04093e-35 -1.78468e-36 -3.23724e-35 -1.18249e-36   9.5294e-36  7.08732e-37   3.5947e-36  -7.1533e-37 -4.75655e-36  4.98795e-37  4.98249e-36 -1.44509e-37   3.3524e-38 -5.92521e-38 -1.13744e-37  6.06864e-38  4.79913e-37  8.66547e-39 -5.79019e-37  4.04436e-38   9.4689e-37  2.94366e-38 -6.73085e-37 -1.74855e-38 -1.42464e-39  -7.4149e-40 -3.83494e-38   4.1074e-39   3.9121e-38  2.65242e-39 -3.12328e-38 -5.35998e-40  1.12326e-38 -4.82928e-40 -1.19433e-39 -4.13325e-41  2.81442e-39  1.42382e-40 -3.09524e-39  3.98143e-41  3.07672e-40 -3.01079e-41 -5.11445e-40  8.50231e-42  2.77792e-40 -4.54443e-42 -2.51808e-40  1.08691e-41  7.74886e-40 -2.25924e-41 -1.90199e-39  5.54163e-41  4.22958e-39 -1.28841e-40 -8.70354e-39  2.83339e-40  1.63307e-38 -5.81625e-40 -2.78217e-38  1.11325e-39  4.27605e-38 -1.98393e-39 -5.87931e-38  3.28354e-39  7.15546e-38 -5.03316e-39 -7.60268e-38  7.12297e-39  6.91879e-38 -9.27356e-39 -5.24193e-38  1.10614e-38  3.15145e-38 -1.20311e-38 -1.35779e-38  1.18673e-38  2.89537e-39 -1.05486e-38  8.67274e-40  8.38663e-39 -9.12929e-40 -5.91143e-39  1.98354e-40  3.65508e-39  1.10034e-40 -1.95691e-39 -9.36364e-41  8.92689e-40  3.18697e-41 -3.39856e-40 -7.43323e-42   1.0505e-40   2.0748e-42 -2.53641e-41 -6.12773e-43  4.51029e-42  1.13771e-43 -5.33223e-43   -1.107e-44  3.32572e-44  4.30008e-46
 9.35437e-35  2.47368e-36  4.70289e-35 -5.68962e-37 -9.85465e-34 -9.26343e-36  2.82792e-33 -1.24015e-35 -5.12557e-34  8.98817e-36 -3.11417e-34  3.14582e-35 -1.50932e-36 -7.33685e-36 -1.57209e-34  3.21836e-36 -2.62791e-34  2.73726e-35 -2.22902e-34 -2.98344e-37  3.52723e-34  1.35482e-35 -2.40243e-34 -3.13971e-36  9.29172e-35  1.11973e-35 -3.42203e-35 -1.62271e-36  -2.5034e-35 -1.35961e-36  8.31841e-36  6.25201e-37  4.14702e-36  -6.9039e-37 -7.26811e-36   8.3013e-37  8.15727e-36  -3.0882e-37 -5.03618e-37 -6.85073e-38  5.43494e-37  1.07411e-37  3.69747e-37 -8.10895e-39 -5.72448e-37  6.66165e-38  1.47631e-36  3.45765e-38 -1.07013e-36 -2.40698e-38   1.5781e-38 -2.30234e-39 -8.94576e-38  7.29271e-39  5.83207e-38  4.40407e-39 -4.93875e-38 -1.24279e-39  1.95834e-38 -6.08013e-40  -1.2759e-39 -4.76218e-41  4.56643e-39  2.03672e-40 -5.09088e-39  5.15152e-41  6.92296e-40 -5.87921e-41 -1.33129e-39  2.33784e-41  1.75238e-39 -3.07917e-41 -3.98384e-39  7.37659e-41  1.02853e-38 -1.79131e-40 -2.40034e-38  4.31292e-40  5.14216e-38 -9.76822e-40 -1.00947e-37  2.07426e-39  1.80429e-37 -4.11195e-39  -2.9187e-37  7.59586e-39  4.24105e-37 -1.30477e-38 -5.48332e-37  2.07866e-38  6.23154e-37 -3.06232e-38 -6.12335e-37  4.15789e-38  5.08119e-37   -5.183e-38 -3.42909e-37  5.90551e-38  1.75192e-37 -6.11913e-38 -5.56875e-38  5.73207e-38 -1.11769e-40 -4.82086e-38  1.08484e-38  3.61069e-38 -5.16374e-39 -2.38502e-38  2.86679e-40  1.37315e-38  7.37748e-40 -6.79173e-39 -3.41847e-40  2.83355e-39  6.65264e-41 -9.73693e-40 -1.03713e-41  2.66786e-40  4.25238e-42 -5.56015e-41 -1.27072e-42   8.1709e-42  1.71198e-43  -7.3156e-43 -1.04808e-44  2.57948e-44
 1.90269e-37  1.84618e-34  5.98686e-36 -3.40748e-35  1.93086e-36 -7.85852e-34 -1.24015e-35  2.86521e-33 -1.36322e-35 -3.09856e-34  6.52794e-36 -3.28569e-34  3.29941e-35  2.97596e-35  3.80551e-36 -2.00116e-34 -5.31408e-36 -2.35042e-34  4.04969e-35 -2.89468e-34  3.71296e-36  3.88213e-34  1.59533e-35 -3.02631e-34 -1.30188e-38  1.08603e-34  1.22401e-35 -6.65476e-35 -1.26301e-36 -6.92902e-36 -1.47157e-36  6.97396e-36  2.75422e-37  3.51799e-36 -6.20211e-37 -1.05077e-35  1.25583e-36  1.19788e-35 -5.73336e-37 -9.07904e-37 -7.67106e-38  1.27463e-36   1.7401e-37  5.92361e-38 -3.73866e-38 -5.69273e-37   9.6876e-38   2.1898e-36  3.51024e-38 -1.58627e-36 -3.03631e-38  6.75172e-38 -4.06905e-39 -1.71074e-37   1.1746e-38  7.24099e-38  6.72374e-39 -7.17956e-38 -2.32659e-39  3.14079e-38 -6.54919e-40 -5.99473e-40  -7.1607e-41  7.43158e-39   2.7791e-40 -8.50196e-39  6.11765e-41  3.10442e-39 -1.24772e-40 -8.13262e-39   9.6296e-41  1.96143e-38 -2.09437e-40 -5.04509e-38  5.29305e-40  1.22854e-37  -1.3056e-39 -2.74691e-37  3.05684e-39  5.63326e-37 -6.70724e-39 -1.05486e-36   1.3762e-38  1.79316e-36 -2.63408e-38 -2.74824e-36  4.69334e-38  3.76537e-36 -7.76613e-38 -4.56215e-36  1.19013e-37  4.81878e-36 -1.68378e-37 -4.34977e-36  2.19135e-37  3.25585e-36 -2.61263e-37 -1.91747e-36  2.84003e-37  7.89081e-37 -2.79934e-37 -1.34349e-37  2.48597e-37 -8.13611e-38 -1.97414e-37   6.9783e-38  1.38939e-37 -1.83632e-38 -8.57386e-38  -3.3366e-39  4.57877e-38  3.63299e-39 -2.08184e-38 -8.65757e-40  7.89198e-39  3.69095e-41   -2.426e-39 -5.61501e-42  5.81637e-40   9.9632e-42 -1.02525e-40  -2.2751e-42  1.19966e-41  1.80498e-43 -7.40257e-43 -5.91845e-45
-1.43639e-34 -5.42724e-37  2.07602e-34  1.14141e-35 -1.29891e-34   6.0238e-36 -5.12557e-34 -1.36322e-35  2.93105e-33 -1.31961e-35 -2.76747e-34 -4.98745e-36 -2.35739e-34   2.8726e-35  7.50727e-35  1.86321e-35 -2.24346e-34 -1.99126e-35 -1.78944e-34  5.11638e-35 -3.53768e-34  9.09062e-36  3.98059e-34  1.63232e-35  -3.2407e-34  4.52583e-36  1.18666e-34  1.19545e-35 -1.04628e-34 -9.05197e-37  2.07527e-35 -1.58816e-36  7.72282e-36 -3.31252e-37   4.1198e-37 -5.95744e-37 -1.45758e-35  1.75639e-36  1.63649e-35 -9.42901e-37  -8.5004e-37 -8.40656e-38  1.66731e-36  2.64885e-37 -4.29872e-37  -7.8099e-38 -6.62547e-37  1.27601e-37  3.07816e-36  2.86719e-38  -2.1984e-36 -3.51589e-38  1.75354e-37 -5.40807e-39 -2.79502e-37  1.72672e-38  7.05729e-38  9.61457e-39 -9.80611e-38 -3.81001e-39  4.74896e-38 -5.66705e-40  4.88454e-40 -1.39275e-40  1.40581e-38  3.58972e-40 -2.06164e-38  1.04083e-40  2.97312e-38 -3.51273e-40 -8.54767e-38  5.55989e-40   2.2811e-37 -1.42814e-39 -5.74807e-37  3.62865e-39  1.33971e-36 -8.76222e-39 -2.86849e-36  1.98773e-38  5.62021e-36 -4.21891e-38 -1.00247e-35  8.36269e-38  1.61761e-35 -1.54481e-37 -2.34326e-35  2.65343e-37  3.01796e-35  -4.2269e-37 -3.41278e-35  6.22638e-37  3.33141e-35 -8.45248e-37 -2.73871e-35  1.05339e-36  1.82164e-35 -1.19984e-36 -9.05881e-36  1.24268e-36  2.66303e-36 -1.16336e-36  2.13255e-37   9.7762e-37  -6.7282e-37 -7.31398e-37  3.05412e-37  4.82395e-37 -2.61447e-38 -2.77173e-37  -3.1224e-38  1.36716e-37  1.24765e-38 -5.68269e-38  -8.4195e-40  1.94287e-38  -3.1791e-40 -5.28668e-39 -1.29999e-41  1.09153e-39  2.49833e-41 -1.58407e-40 -2.99799e-42  1.39546e-41  1.04435e-43 -4.82604e-43
-1.33276e-36 -2.06344e-34 -3.17357e-36  1.45589e-34  1.84014e-35 -2.29703e-34  8.98817e-36 -3.09856e-34 -1.31961e-35  3.11511e-33  -1.2899e-35 -4.33263e-34 -2.63251e-35 -2.20223e-35  1.88462e-35  1.28108e-34  3.38137e-35 -2.32305e-34 -3.82675e-35 -1.23737e-34   5.8023e-35 -4.04271e-34  1.45397e-35  3.87489e-34  1.45825e-35 -2.87295e-34  1.01736e-35  1.25097e-34   1.0629e-35 -1.44765e-34 -7.62904e-37  5.42737e-35 -1.77271e-36  1.28565e-35 -1.09561e-36 -6.97568e-36 -7.08516e-37 -1.96279e-35  2.29963e-36  2.13679e-35 -1.40501e-36 -8.85933e-38 -9.26233e-38  1.24509e-36  3.83007e-37 -1.01699e-36 -1.26542e-37 -9.43693e-37  1.55779e-37  4.06567e-36  1.32431e-38  -2.8517e-36 -3.70516e-38  3.61907e-37  -5.7072e-39 -3.99443e-37  2.32922e-38  4.19385e-38  1.30959e-38 -1.29472e-37 -5.66505e-39  7.07948e-38 -3.14633e-40 -5.96881e-39 -2.63382e-40   5.1182e-38  3.67061e-40 -1.26013e-37  4.47088e-40   3.3547e-37 -1.51793e-39 -9.47857e-37  3.55301e-39  2.48121e-36 -9.32259e-39  -6.0168e-36   2.3217e-38  1.34373e-35 -5.44084e-38 -2.75178e-35  1.19439e-37  5.14318e-35 -2.45065e-37 -8.72331e-35  4.69096e-37   1.3333e-34 -8.35899e-37 -1.82055e-34  1.38327e-36  2.19632e-34 -2.11991e-36 -2.30687e-34  2.99927e-36  2.06648e-34 -3.90329e-36 -1.52957e-34  4.65332e-36   8.8421e-35 -5.05753e-36 -3.49348e-35  4.98374e-36  4.69327e-36 -4.42399e-36  4.61044e-36  3.51095e-36 -3.49242e-36 -2.46873e-36   8.7689e-37  1.52145e-36  1.50477e-37 -8.10981e-37 -1.49881e-37  3.67739e-37  2.53068e-38 -1.38869e-37  4.13672e-39  4.24525e-38 -1.21233e-39  -1.0097e-38 -1.56781e-40   1.7594e-39  4.98259e-41 -2.02495e-40  -1.9919e-42  1.22092e-41  1.28273e-44
 7.29057e-35 -2.47187e-36 -1.78719e-34 -7.60498e-36  5.61769e-35   2.5778e-35 -3.11417e-34  6.52794e-36 -2.76747e-34  -1.2899e-35  3.42269e-33 -1.47543e-35  -7.3227e-34 -5.47695e-35  2.76977e-34  5.71087e-36  1.92834e-34  4.64059e-35 -2.32578e-34 -5.70287e-35 -9.37309e-35  6.08442e-35 -4.24625e-34  1.84317e-35  3.59779e-34  1.09239e-35 -1.90056e-34  1.65083e-35  1.29528e-34  8.94755e-36 -1.81993e-34 -9.78128e-37  8.91993e-35 -2.03615e-36  2.35995e-35 -1.84986e-36 -2.05584e-35 -1.01417e-36 -2.57851e-35  2.84093e-36  2.72396e-35 -1.93572e-36  1.34738e-36 -1.10317e-37 -3.26488e-37  5.27298e-37 -1.56734e-36 -1.77123e-37 -1.45691e-36  1.80469e-37  4.99213e-36 -1.26743e-38 -3.46269e-36 -3.44208e-38  6.47086e-37 -4.77917e-39 -5.05085e-37  2.89327e-38 -1.83355e-38  1.72416e-38 -1.75441e-37  -7.8018e-39  1.27527e-37  2.93693e-41 -1.10559e-37 -3.06461e-40  4.18618e-37 -2.59765e-40 -1.26077e-36  2.80304e-39  3.64238e-36  -8.4939e-39 -9.93155e-36  2.22309e-38  2.50509e-35 -5.72191e-38 -5.82944e-35  1.38463e-37  1.24646e-34 -3.14216e-37 -2.43813e-34  6.67101e-37  4.34004e-34 -1.32253e-36   -6.986e-34  2.44351e-36  1.00893e-33 -4.19785e-36  -1.2945e-33  6.68838e-36  1.45674e-33 -9.85396e-36 -1.41283e-33  1.33792e-35  1.15096e-33 -1.66761e-35 -7.54876e-34  1.89964e-35  3.65727e-34 -1.96757e-35 -9.93639e-35  1.84193e-35  -1.5851e-35 -1.54762e-35  3.03991e-35  1.15746e-35 -1.28429e-35 -7.62965e-36  8.56293e-37  4.37965e-36   1.3275e-36 -2.15702e-36  -4.5554e-37  8.94482e-37 -3.50852e-39 -3.04716e-37  2.36644e-38  8.24566e-38 -1.35718e-39 -1.68793e-38 -6.55908e-40  2.41729e-39  5.81301e-41  -2.0862e-40  8.32768e-43   6.9929e-42
-1.37046e-36  8.08024e-35 -2.33145e-36 -1.16062e-34 -1.17912e-35  1.45927e-36  3.14582e-35 -3.28569e-34 -4.98745e-36 -4.33263e-34 -1.47543e-35  3.81395e-33 -1.92847e-35 -1.09041e-33 -8.54392e-35  5.92502e-34 -6.78029e-36  2.70505e-34  5.45008e-35  -2.3153e-34 -7.29948e-35 -1.00673e-34  5.99827e-35 -3.98385e-34   1.9321e-35  3.17692e-34  5.68247e-36 -4.73436e-35  2.29746e-35  1.30735e-34  7.71727e-36 -2.09967e-34 -1.57547e-36  1.22667e-34 -2.33807e-36  3.92821e-35 -2.39472e-36 -4.16951e-35 -1.50917e-36 -3.29092e-35  3.32145e-36    3.438e-35 -2.50974e-36  3.01471e-36 -1.53954e-37 -3.02565e-36  6.89541e-37 -1.90296e-36 -2.23526e-37 -2.16066e-36   2.0349e-37  5.62286e-36 -4.98169e-38 -3.93198e-36 -2.53582e-38  1.04342e-36 -3.26178e-39 -5.68263e-37  3.31019e-38 -8.82714e-38  2.21692e-38 -3.17695e-37 -1.00095e-38  5.04203e-37  1.82682e-41 -1.30652e-36  8.24434e-40    4.329e-36 -5.02752e-39  -1.3111e-35  1.75174e-38  3.70495e-35 -4.99914e-38 -9.71902e-35  1.31688e-37  2.35479e-34 -3.29257e-37 -5.25198e-34  7.72084e-37  1.07391e-33 -1.69533e-36  -2.0035e-33  3.47937e-36  3.39058e-33 -6.66173e-36 -5.16821e-33  1.18739e-35  7.03313e-33 -1.96546e-35 -8.44854e-33    3.013e-35   8.8244e-33 -4.26408e-35 -7.84484e-33  5.55104e-35   5.7421e-33 -6.61973e-35 -3.25791e-33  7.19694e-35  1.23425e-33 -7.09396e-35 -1.20269e-34  6.29877e-35 -1.97335e-34 -4.99969e-35  1.34765e-34  3.51578e-35 -3.06101e-35 -2.16647e-35 -6.96486e-36  1.15432e-35  5.60954e-36 -5.22959e-36 -7.19982e-37  1.97157e-36 -2.38779e-37 -6.00968e-37  5.79667e-38  1.42228e-37  4.25331e-39 -2.45754e-38 -1.39822e-39  2.78837e-39  5.93978e-42 -1.64103e-40  2.10819e-42
-2.10588e-35 -3.32097e-36  2.57984e-35 -1.33362e-37  -8.6979e-35 -1.25117e-35 -1.50932e-36  3.29941e-35 -2.35739e-34 -2.63251e-35  -7.3227e-34 -1.92847e-35  4.23946e-33 -2.48746e-35 -1.41763e-33 -1.13534e-34   8.5057e-34 -1.44719e-35  3.47868e-34  5.71004e-35 -2.28465e-34 -8.38882e-35 -1.42806e-34  5.58444e-35 -3.15068e-34  1.64785e-35  2.64568e-34 -6.87424e-37  1.13134e-34  2.89209e-35  1.24033e-34  7.54337e-36 -2.21766e-34 -2.49196e-36  1.54492e-34 -2.63237e-36  5.72681e-35 -2.53683e-36 -7.05463e-35 -2.12234e-36  -4.0318e-35  3.66765e-36  4.31533e-35 -3.11065e-36  4.02183e-36 -2.48601e-37 -6.33255e-36   8.5192e-37 -1.81982e-36 -2.59939e-37 -2.91231e-36  2.29221e-37  5.69356e-36  -9.8027e-38 -4.16623e-36 -7.66753e-39  1.55942e-36 -2.85735e-39 -6.10349e-37  3.47032e-38   6.8246e-38  2.78692e-38 -1.41765e-36 -1.15492e-38  4.28185e-36 -2.65038e-39   -1.394e-35  9.87874e-39  4.41104e-35 -3.45222e-38 -1.29515e-34  1.03612e-37  3.52908e-34 -2.85042e-37 -8.89666e-34  7.34308e-37  2.06793e-33 -1.77916e-36 -4.41552e-33  4.03874e-36  8.62265e-33 -8.57664e-36 -1.53181e-32   1.7008e-35  2.45967e-32 -3.14331e-35 -3.54157e-32  5.40181e-35  4.52682e-32 -8.60962e-35 -5.06941e-32  1.26893e-34  4.88473e-32  -1.7236e-34 -3.94296e-32  2.14929e-34  2.54934e-32 -2.44952e-34 -1.20207e-32  2.53841e-34  2.98753e-33  -2.3776e-34  7.60333e-34  1.99879e-34 -1.09686e-33 -1.49572e-34  4.28441e-34  9.86447e-35 -1.46744e-35 -5.66498e-35 -4.90175e-35  2.79081e-35  1.46601e-35 -1.15724e-35  8.22141e-37  3.93978e-36 -9.31617e-37  -1.0643e-36  4.83683e-38  2.17073e-37  2.13535e-38 -3.08615e-38 -1.33704e-39  2.62621e-39  -8.1893e-41 -8.56907e-41
 6.63651e-37 -3.04059e-35 -4.45762e-36 -6.95956e-35  3.30015e-36 -1.09261e-34 -7.33685e-36  2.97596e-35   2.8726e-35 -2.20223e-35 -5.47695e-35 -1.09041e-33 -2.48746e-35  4.65475e-33 -2.86021e-35 -1.64193e-33 -1.36024e-34  1.00065e-33   -1.438e-35  3.93099e-34  5.37901e-35 -2.14187e-34 -8.86009e-35 -2.07519e-34  4.88261e-35 -1.74303e-34  1.01821e-35  2.03001e-34 -7.62347e-36  2.60376e-34  3.37278e-35  1.02905e-34  8.62294e-36 -2.11589e-34 -3.68052e-36  1.86228e-34 -2.92665e-36  7.37426e-35 -2.11727e-36 -1.05757e-34 -2.71889e-36 -4.66194e-35  3.79683e-36  5.36504e-35 -3.73772e-36  3.14257e-36 -4.22876e-37 -9.22487e-36  9.86587e-37 -1.10611e-36   -2.819e-37 -3.48658e-36  2.63877e-37  4.98694e-36 -1.56229e-37 -4.12621e-36  2.09308e-38  2.31185e-36  -6.2932e-39 -1.21299e-36  3.29802e-38  2.89484e-36  3.33604e-38 -1.24983e-35 -8.62793e-39  4.28196e-35 -2.05657e-38  -1.3957e-34  6.55064e-38  4.25474e-34 -2.02998e-37 -1.20401e-33  5.78666e-37  3.15571e-33 -1.54227e-36 -7.63827e-33   3.8573e-36  1.70145e-32 -9.04942e-36 -3.47382e-32  1.98754e-35  6.46905e-32 -4.08014e-35 -1.09236e-31  7.81423e-35  1.66056e-31 -1.39326e-34 -2.25215e-31  2.30707e-34  2.69383e-31 -3.53814e-34 -2.79791e-31   5.0096e-34  2.46823e-31 -6.52494e-34 -1.78615e-31  7.78565e-34  9.93937e-32 -8.46998e-34 -3.59762e-32  8.35477e-34  2.03082e-33 -7.42409e-34  6.83813e-33  5.89802e-34 -4.25631e-33 -4.15137e-34  8.51349e-34  2.56069e-34   2.6994e-34  -1.3658e-34 -1.78761e-34  6.19427e-35  1.74619e-35 -2.33754e-35  9.00075e-36  7.13017e-36 -1.84404e-36 -1.68749e-36 -1.60173e-37  2.91134e-37  4.11768e-38 -3.28721e-38   6.3906e-40  1.91136e-39 -8.72505e-41
-2.33892e-35  8.85895e-37 -4.12385e-35 -2.63884e-36 -1.69955e-34  5.44125e-36 -1.57209e-34  3.80551e-36  7.50727e-35  1.88462e-35  2.76977e-34 -8.54392e-35 -1.41763e-33 -2.86021e-35  5.02849e-33 -2.78562e-35 -1.72866e-33 -1.51975e-34  1.03252e-33 -5.65006e-36  3.61997e-34  4.46638e-35  -1.7356e-34 -8.71155e-35 -2.74567e-34  3.97024e-35  1.32371e-35  1.59671e-36  1.32368e-34 -1.45343e-35  3.70423e-34  3.69922e-35  6.20193e-35  1.07594e-35 -1.76702e-34 -5.24085e-36  2.18642e-34 -3.32008e-36  8.50594e-35 -1.02996e-36 -1.44624e-34 -3.11627e-36 -4.98449e-35  3.63053e-36  6.55204e-35 -4.40698e-36 -9.36935e-37 -7.01962e-37 -1.03408e-35  1.05828e-36  4.47948e-37 -2.86309e-37 -3.63883e-36  3.14825e-37  3.47514e-36 -2.22637e-37 -4.14001e-36  6.24053e-38  4.81785e-36 -1.71147e-38 -8.83374e-36  2.88304e-38  3.33668e-35  3.22981e-38 -1.23355e-34  1.99768e-38  4.17311e-34 -1.22633e-37 -1.31808e-33   3.7682e-37  3.87142e-33 -1.10962e-36 -1.05435e-32   3.0551e-36  2.65544e-32 -7.89163e-36 -6.16528e-32   1.9124e-35  1.31463e-31 -4.34229e-35 -2.56298e-31  9.22323e-35  4.54404e-31 -1.82947e-34 -7.27872e-31  3.38212e-34  1.04488e-30 -5.81421e-34  -1.3305e-30  9.27065e-34   1.4827e-30   -1.367e-33 -1.41933e-30   1.8578e-33  1.13502e-30 -2.31806e-33 -7.23095e-31  2.64373e-33  3.31261e-31 -2.74186e-33 -7.40749e-32  2.57049e-33 -2.79229e-32 -2.16316e-33  3.29391e-32  1.62059e-33 -1.18575e-32  -1.0702e-33 -5.58385e-35  6.15507e-34  1.52806e-33 -3.03734e-34 -4.00425e-34  1.26187e-34  -4.0184e-35 -4.30508e-35  2.85668e-35  1.16564e-35  -9.7274e-37 -2.38271e-36  -6.6383e-37  3.39263e-37  3.00678e-38 -2.88445e-38  3.03166e-39  9.34103e-40
-6.55546e-37 -2.81477e-35  2.23873e-37 -6.52113e-35  3.61279e-36  -2.4134e-34  3.21836e-36 -2.00116e-34  1.86321e-35  1.28108e-34  5.71087e-36  5.92502e-34 -1.13534e-34 -1.64193e-33 -2.78562e-35  5.35171e-33 -2.16757e-35 -1.68852e-33 -1.61792e-34  9.74185e-34  1.03693e-35  2.12678e-34  3.04834e-35 -9.19532e-35  -8.0327e-35  -3.1887e-34  3.00546e-35  2.27314e-34 -7.71774e-36  4.79363e-35 -2.09352e-35   4.3361e-34  3.86872e-35  1.58313e-37  1.35711e-35 -1.18673e-34 -7.50714e-36  2.49151e-34 -4.00377e-36  8.90731e-35  7.65324e-37 -1.83649e-34 -3.11302e-36 -4.79369e-35  3.11476e-36  7.79686e-35 -5.14643e-36 -9.30002e-36 -1.10119e-36 -8.29482e-36  1.03005e-36  3.07462e-36 -2.70399e-37 -3.32338e-36  3.90282e-37  2.08023e-36 -2.95408e-37 -8.06998e-36  1.18261e-37  2.53892e-35 -4.05316e-38 -8.88415e-35  3.15963e-38  3.34965e-34 -1.04528e-38 -1.17954e-33   1.8964e-37  3.86186e-33 -6.71606e-37 -1.17652e-32  2.01455e-36  3.32741e-32 -5.72512e-36  -8.7139e-32  1.52678e-35  2.10697e-31 -3.82093e-35 -4.68752e-31  8.96513e-35  9.55609e-31 -1.96935e-34 -1.77635e-30  4.04356e-34  2.99296e-30 -7.74605e-34 -4.53751e-30  1.38152e-33  6.13335e-30 -2.28847e-33  -7.3047e-30  3.51115e-33   7.5441e-30 -4.97398e-33 -6.60331e-30   6.4825e-33  4.72293e-30 -7.74049e-33 -2.57525e-30  8.42775e-33  8.86238e-31 -8.32091e-33 -8.42534e-33  7.40196e-33 -1.98593e-31 -5.88767e-33  1.13496e-31  4.14993e-33 -1.94648e-32 -2.56399e-33  -8.6374e-33  1.37017e-33  4.84184e-33  -6.2281e-34 -3.34179e-34  2.35669e-34  -2.7344e-34 -7.21237e-35  4.71154e-35  1.71385e-35  5.50301e-36  -2.9712e-36 -1.08904e-36  3.37316e-37 -3.17278e-38 -1.97106e-38  2.49042e-39
 4.77095e-36 -1.07254e-36  9.14283e-36 -1.14747e-36 -1.06077e-34   1.4198e-35 -2.62791e-34 -5.31408e-36 -2.24346e-34  3.38137e-35  1.92834e-34 -6.78029e-36   8.5057e-34 -1.36024e-34 -1.72866e-33 -2.16757e-35  5.64111e-33 -1.11316e-35 -1.57022e-33 -1.66271e-34  8.73473e-34  3.08871e-35 -7.69733e-35  1.27516e-35  3.70404e-35 -6.98316e-35 -3.13604e-34  2.23235e-35  4.40563e-34 -1.64425e-35 -5.70428e-35 -2.65684e-35  4.56465e-34  3.92209e-35 -7.82604e-35  1.67669e-35 -4.31702e-35 -1.10327e-35  2.70866e-34 -5.23329e-36  8.58821e-35  3.22733e-36   -2.192e-34 -2.53053e-36 -3.94527e-35  2.24302e-36  8.99358e-35 -5.98785e-36 -2.24799e-35 -1.62208e-36 -2.12707e-36  8.70899e-37  7.33622e-36 -2.29961e-37 -4.33771e-36  4.99387e-37  1.00207e-35 -3.74241e-37 -5.53846e-35  1.91606e-37  2.26499e-34  -9.2104e-38 -8.67673e-34  9.49773e-38  3.15971e-33 -2.80182e-37 -1.07239e-32  1.09681e-36   3.3875e-32 -3.48312e-36  -9.9433e-32   1.0171e-35   2.7059e-31 -2.79906e-35 -6.80858e-31  7.23194e-35    1.579e-30 -1.75277e-34 -3.36235e-30  3.98012e-34  6.54447e-30   -8.455e-34 -1.15801e-29  1.67739e-33  1.85043e-29 -3.10171e-33 -2.64837e-29  5.33384e-33  3.35956e-29 -8.50808e-33 -3.72547e-29  1.25516e-32  3.54265e-29  -1.7068e-32 -2.80611e-29  2.13112e-32  1.76054e-29 -2.43247e-32 -7.81971e-30  2.52509e-32  1.53619e-30 -2.36978e-32   8.3602e-31  1.99669e-32 -8.43959e-31 -1.49796e-32  2.79014e-31  9.90809e-33   1.3829e-32 -5.70916e-33 -4.06142e-32   2.8236e-33  9.29968e-33 -1.17627e-33  1.39379e-33   4.0268e-34 -7.35075e-34 -1.09512e-34  9.86963e-36  2.25166e-35  1.79907e-35 -3.23114e-36 -5.65896e-37   2.7756e-37  -8.6931e-38 -9.10507e-39
-1.20987e-37  5.09795e-36 -5.44899e-37  9.08752e-35 -2.33947e-36 -1.60331e-34  2.73726e-35 -2.35042e-34 -1.99126e-35 -2.32305e-34  4.64059e-35  2.70505e-34 -1.44719e-35  1.00065e-33 -1.51975e-34 -1.68852e-33 -1.11316e-35  5.93141e-33  1.28887e-36  -1.4406e-33 -1.66155e-34  7.73515e-34  5.27709e-35 -4.96755e-34 -6.53672e-36  2.06906e-34 -5.76239e-35  -2.3455e-34  1.93462e-35   6.2118e-34 -2.39831e-35 -1.87149e-34 -3.14433e-35  4.58269e-34  3.93596e-35 -1.63862e-34   2.0338e-35  4.17829e-35 -1.64542e-35  2.74048e-34 -7.29621e-36  7.76698e-35  6.21086e-36 -2.47965e-34 -1.26247e-36 -2.42268e-35  1.07749e-36  1.00377e-34 -6.95886e-36 -4.01011e-35 -2.25047e-36  7.68535e-36  5.63531e-37  1.74334e-35  -1.5776e-37 -2.65327e-35   6.5272e-37  1.17902e-34 -4.65248e-37 -5.30676e-34  3.00997e-37  2.14062e-33 -2.48758e-37 -8.04707e-33  4.99603e-37   2.8283e-32 -1.71124e-36 -9.26011e-32  5.66718e-36  2.81969e-31   -1.718e-35 -7.96891e-31  4.87145e-35  2.08514e-30 -1.29894e-34 -5.03659e-30  3.25083e-34  1.11915e-29 -7.62752e-34 -2.27815e-29   1.6756e-33  4.22722e-29 -3.44078e-33 -7.10692e-29  6.59253e-33  1.07456e-28 -1.17609e-32 -1.44761e-28  1.94886e-32  1.71667e-28 -2.99144e-32 -1.76285e-28  4.24007e-32  1.53081e-28 -5.52965e-32  -1.0818e-28  6.60787e-32  5.77385e-29 -7.20105e-32 -1.87782e-29  7.11711e-32 -8.50175e-31 -6.33854e-32  4.94336e-30  5.04852e-32  -2.6071e-30 -3.56384e-32  3.69391e-31  2.20569e-32  2.32944e-31 -1.18108e-32 -1.12886e-31  5.38161e-33  4.50249e-33 -2.04254e-33  7.03926e-33  6.27556e-34 -1.01162e-33 -1.49923e-34 -1.59017e-34   2.6188e-35  2.49087e-35 -3.00571e-36  1.05745e-36  1.78457e-37  -5.8586e-38
  4.7562e-36 -7.89783e-37 -5.88776e-36  1.57504e-36    1.934e-34  -2.2918e-36 -2.22902e-34  4.04969e-35 -1.78944e-34 -3.82675e-35 -2.32578e-34  5.45008e-35  3.47868e-34   -1.438e-35  1.03252e-33 -1.61792e-34 -1.57022e-33  1.28887e-36  6.26117e-33  1.28546e-35 -1.36097e-33 -1.62248e-34  6.93602e-34  7.33953e-35 -1.00248e-33 -2.54113e-35  4.00018e-34 -4.56675e-35 -6.57979e-35  2.35352e-35  7.36247e-34 -3.05971e-35 -3.40859e-34 -3.57868e-35  4.64182e-34  4.00389e-35   -2.452e-34  2.45732e-35   1.2855e-34 -2.42778e-35  2.49536e-34 -1.04906e-35  6.77294e-35  9.44074e-36 -2.67043e-34   6.8084e-37 -3.71473e-36 -2.36985e-37  1.08349e-34  -8.0789e-36 -5.94678e-35 -2.95489e-36  1.22148e-35  1.10255e-37  7.50708e-35 -4.39182e-38 -2.66677e-34  8.65804e-37  1.19275e-33 -6.01286e-37  -5.0055e-33  5.53269e-37  1.95148e-32 -9.09261e-37 -7.09848e-32  2.63618e-36  2.40783e-31 -8.79198e-36 -7.60238e-31  2.75262e-35  2.23011e-30 -8.06337e-35 -6.06418e-30  2.21742e-34  1.52445e-29 -5.72831e-34 -3.53147e-29  1.38825e-33  7.50993e-29 -3.15228e-33 -1.45938e-28  6.69668e-33  2.57724e-28 -1.32872e-32 -4.10839e-28  2.45749e-32  5.86246e-28 -4.22732e-32 -7.40863e-28  6.74586e-32  8.17509e-28 -9.95714e-32 -7.72194e-28  1.35487e-31  6.05722e-28   -1.693e-31 -3.74038e-28  1.93414e-31  1.60691e-28 -2.00984e-31 -2.67705e-29   1.8884e-31 -2.11238e-29 -1.59314e-31  1.87751e-29  1.19692e-31 -5.67224e-30  -7.9294e-32 -5.76465e-31  4.57712e-32    9.343e-31 -2.26833e-32 -1.85322e-31  9.47249e-33 -3.89235e-32 -3.25276e-33  1.62999e-32  8.88286e-34  1.38422e-34 -1.83729e-34 -4.22088e-34   2.6603e-35  7.93563e-36 -2.31746e-36  2.11177e-36  7.77309e-38
 -7.4787e-38  9.71708e-36 -2.08048e-36 -3.57928e-35   5.2457e-36  2.86756e-34 -2.98344e-37 -2.89468e-34  5.11638e-35 -1.23737e-34 -5.70287e-35  -2.3153e-34  5.71004e-35  3.93099e-34 -5.65006e-36  9.74185e-34 -1.66271e-34  -1.4406e-33  1.28546e-35  6.66009e-33  2.17194e-35 -1.36834e-33 -1.55735e-34  6.21891e-34  9.09369e-35 -1.52647e-33 -4.24402e-35  5.96374e-34 -3.54214e-35  1.94362e-34  3.60246e-35  7.56454e-34 -3.71589e-35 -5.08909e-34 -3.99393e-35  4.97518e-34   4.2123e-35 -3.13045e-34  2.98978e-35  2.12523e-34 -3.46709e-35  1.92755e-34 -1.51103e-35  5.90869e-35  1.24951e-35 -2.73806e-34  3.14979e-36  1.94281e-35 -1.47179e-36  1.10858e-34 -9.36023e-36 -6.23743e-35  -3.6832e-36 -7.40022e-35  -4.6367e-37  5.88686e-34  1.17042e-37 -2.58818e-33  1.18126e-36  1.11751e-32 -9.39181e-37 -4.50931e-32  1.50072e-36  1.69817e-31 -4.03522e-36 -5.96541e-31  1.30635e-35  1.95218e-30 -4.20322e-35 -5.94097e-30  1.26963e-34  1.67785e-29 -3.60277e-34 -4.38656e-29  9.60292e-34  1.05849e-28 -2.40287e-33 -2.34917e-28  5.63737e-33  4.77504e-28 -1.23837e-32 -8.84471e-28  2.54313e-32   1.4838e-27 -4.87346e-32 -2.23753e-27  8.69659e-32  3.00425e-27 -1.44166e-31 -3.54732e-27  2.21406e-31  3.62193e-27 -3.14028e-31 -3.11995e-27  4.09862e-31  2.17774e-27 -4.90236e-31 -1.13641e-27  5.34811e-31  3.46701e-28 -5.29206e-31  3.82734e-29  4.71931e-31 -1.07216e-28 -3.76417e-31  5.23537e-29  2.66123e-31 -5.77144e-30 -1.64972e-31 -5.40368e-30  8.84906e-32  2.29521e-30  -4.0398e-32 -2.11543e-32  1.53668e-32 -1.56966e-31 -4.73464e-33  1.85139e-32  1.13559e-33   3.9077e-33  -1.9957e-34 -4.92877e-34  2.31345e-35 -2.84092e-35 -1.39689e-36   1.1815e-36
-1.60161e-36  3.00756e-37  1.72182e-35 -3.62169e-36 -8.87637e-35  9.63842e-36  3.52723e-34  3.71296e-36 -3.53768e-34   5.8023e-35 -9.37309e-35 -7.29948e-35 -2.28465e-34  5.37901e-35  3.61997e-34  1.03693e-35  8.73473e-34 -1.66155e-34 -1.36097e-33  2.17194e-35  7.14231e-33  2.75478e-35  -1.4671e-33 -1.48315e-34  5.20215e-34  1.04209e-34 -1.99652e-33 -5.69714e-35    7.861e-34 -2.74995e-35  5.29353e-34  5.61036e-35  6.62344e-34 -4.47269e-35 -6.75623e-34 -4.42484e-35   5.7355e-34  4.61902e-35 -3.64559e-34  3.66145e-35  2.93486e-34 -4.73549e-35  1.06659e-34 -2.14172e-35  5.33328e-35  1.48151e-35 -2.66389e-34  5.86914e-36  4.59988e-35 -2.33133e-36  7.85269e-35  -1.0812e-35  1.15294e-34 -4.35914e-36 -1.06533e-33 -1.10527e-36  5.38451e-33  2.92851e-37 -2.38543e-32  1.78768e-36  9.95013e-32 -2.22415e-36 -3.87751e-31   5.8054e-36   1.4103e-30 -1.87518e-35 -4.78162e-30  6.12185e-35  1.50895e-29 -1.90571e-34 -4.42362e-29  5.57574e-34  1.20197e-28 -1.53328e-33 -3.01885e-28  3.95975e-33  6.98569e-28 -9.59464e-33 -1.48361e-27  2.17845e-32  2.87846e-27 -4.62798e-32 -5.07351e-27  9.18381e-32  8.06851e-27 -1.69901e-31 -1.14793e-26  2.92378e-31  1.44522e-26 -4.66825e-31 -1.58687e-26  6.89532e-31   1.4888e-26 -9.39052e-31  -1.1563e-26  1.17459e-30  7.02339e-27 -1.34344e-30 -2.91052e-27  1.39784e-30  3.88652e-28 -1.31525e-30  4.60756e-28   1.1113e-30 -3.67529e-28  -8.3624e-31  1.00757e-28  5.54901e-31    1.646e-29 -3.20832e-31 -1.88509e-29  1.59256e-31  3.19105e-30 -6.66139e-32  9.16496e-31  2.29149e-32 -3.16049e-31 -6.27145e-33 -1.00872e-32  1.30137e-33  8.65597e-33 -1.89482e-34 -5.64545e-35   1.6676e-35 -4.46019e-35 -5.70159e-37
 6.73244e-39  4.04077e-37  1.47306e-36  3.01643e-35 -4.71652e-36 -1.61465e-34  1.35482e-35  3.88213e-34  9.09062e-36 -4.04271e-34  6.08442e-35 -1.00673e-34 -8.38882e-35 -2.14187e-34  4.46638e-35  2.12678e-34  3.08871e-35  7.73515e-34 -1.62248e-34 -1.36834e-33  2.75478e-35   7.7058e-33  3.14838e-35 -1.63234e-33 -1.41985e-34  3.37364e-34  1.12344e-34 -2.35615e-33 -6.90018e-35  9.80148e-34 -2.16137e-35  9.03845e-34  8.11419e-35  4.51029e-34 -5.41365e-35 -8.22478e-34 -4.90036e-35   6.9621e-34  5.24015e-35 -4.05488e-34  4.46639e-35   3.7495e-34 -6.16538e-35  2.36726e-36 -2.95829e-35  5.10094e-35  1.57557e-35  -2.5108e-34  8.49137e-36  1.24184e-34 -2.48941e-36 -2.83897e-34 -1.24426e-35  2.02058e-33  -4.8872e-36 -1.04836e-32 -1.70439e-36  4.87146e-32  2.61284e-37 -2.09914e-31  3.59469e-36  8.46233e-31 -7.91737e-36 -3.18574e-30  2.56146e-35  1.11871e-29 -8.53571e-35 -3.65925e-29  2.72832e-34  1.11297e-28 -8.22926e-34 -3.14111e-28  2.33364e-33  8.20539e-28 -6.21845e-33 -1.97804e-27  1.55557e-32  4.38477e-27 -3.64894e-32 -8.89998e-27  8.01542e-32  1.64567e-26 -1.64622e-31 -2.75493e-26  3.15549e-31  4.14345e-26 -5.63322e-31 -5.54481e-26  9.34383e-31  6.51907e-26  -1.4361e-30 -6.61796e-26   2.0388e-30  5.65445e-26 -2.66403e-30 -3.89702e-26  3.19064e-30  1.98577e-26 -3.48594e-30 -5.63073e-27  3.45506e-30 -1.06676e-27 -3.08655e-30  2.05224e-27  2.46637e-30 -9.29534e-28 -1.74693e-30  7.12669e-29  1.08489e-30  1.09566e-28 -5.82903e-31  -4.1139e-29  2.66499e-31 -9.80239e-31 -1.01496e-31  3.07521e-30  3.13041e-32 -2.89303e-31 -7.51644e-33 -8.31865e-32  1.32343e-33  8.48686e-33 -1.54055e-34  6.46276e-34  9.39111e-36 -2.06885e-35
-1.40327e-36 -2.19444e-37  4.70931e-36  3.54225e-36  4.94011e-35 -4.68677e-36 -2.40243e-34  1.59533e-35  3.98059e-34  1.45397e-35 -4.24625e-34  5.99827e-35 -1.42806e-34 -8.86009e-35  -1.7356e-34  3.04834e-35 -7.69733e-35  5.27709e-35  6.93602e-34 -1.55735e-34  -1.4671e-33  3.14838e-35  8.33705e-33  3.55894e-35 -1.82266e-33 -1.38602e-34  2.60819e-35  1.14597e-34 -2.57938e-33 -7.87759e-35   1.2135e-33 -1.68227e-35  1.26779e-33  1.07048e-34  1.41249e-34  -6.5774e-35 -9.32449e-34 -5.44233e-35   8.5792e-34  6.04742e-35 -4.49013e-34  5.35008e-35  4.61733e-34  -7.6687e-35 -1.04228e-34 -3.96034e-35  6.35243e-35  1.46767e-35 -3.16459e-34  1.06773e-35  7.70947e-34 -1.64228e-36 -3.78467e-33 -1.42498e-35  1.98047e-32 -5.19588e-36 -9.49527e-32 -1.93138e-36  4.23876e-31 -1.08164e-36 -1.76724e-30  1.08347e-35  6.88449e-30 -3.34672e-35 -2.50311e-29  1.13627e-34  8.48332e-29 -3.73102e-34 -2.67574e-28   1.1589e-33  7.83939e-28 -3.38825e-33 -2.12853e-27  9.31239e-33  5.34122e-27 -2.40414e-32 -1.23465e-26   5.8239e-32  2.61876e-26 -1.32218e-31 -5.07297e-26  2.80905e-31  8.92452e-26 -5.57563e-31 -1.41596e-25  1.03194e-30  2.00863e-25 -1.77695e-30 -2.51935e-25  2.83958e-30  2.75264e-25 -4.19876e-30 -2.56498e-25  5.72562e-30   1.9721e-25 -7.17275e-30  -1.1775e-25  8.21825e-30   4.6922e-26 -8.56771e-30  -4.5337e-27  8.07856e-30 -8.81832e-27  -6.8411e-30  6.39802e-27  5.15961e-30 -1.57614e-27  -3.4314e-30 -3.76079e-28  1.98807e-30  3.37247e-28 -9.88588e-31 -4.75823e-29  4.14044e-31 -1.86672e-29 -1.42527e-31  5.41317e-30  3.90074e-32  3.11297e-31 -8.09019e-33 -1.56788e-31  1.17755e-33 -9.09796e-34 -1.03805e-34  8.29975e-34  3.57593e-36
-9.87597e-38 -6.19354e-36 -6.78485e-37  7.28584e-36  6.24159e-36  7.19757e-35 -3.13971e-36 -3.02631e-34  1.63232e-35  3.87489e-34  1.84317e-35 -3.98385e-34  5.58444e-35 -2.07519e-34 -8.71155e-35 -9.19532e-35  1.27516e-35 -4.96755e-34  7.33953e-35  6.21891e-34 -1.48315e-34 -1.63234e-33  3.55894e-35  9.02031e-33  4.20247e-35 -1.99764e-33 -1.39437e-34 -4.40477e-34  1.10356e-34 -2.67523e-33  -8.6337e-35  1.53774e-33 -1.19623e-35  1.56449e-33  1.29133e-34  -2.2569e-34  -7.9556e-35 -9.93726e-34 -6.06784e-35  1.04182e-33  6.97469e-35 -5.11378e-34  6.21368e-35  5.59029e-34 -9.16312e-35  -2.1472e-34  -5.1213e-35  2.33535e-34  1.10611e-35 -1.34285e-33  1.21785e-35  6.88454e-33  4.25882e-37 -3.59369e-32 -1.61717e-35  1.77665e-31 -5.43918e-36 -8.19729e-31 -4.65618e-37  3.53534e-30 -8.76474e-36 -1.42483e-29  4.22035e-35  5.36234e-29 -1.44684e-34 -1.88234e-28  4.87375e-34   6.1543e-28  -1.5582e-33 -1.87082e-27  4.69472e-33  5.27648e-27 -1.33046e-32 -1.37725e-26  3.54343e-32  3.31691e-26 -8.86092e-32 -7.34418e-26  2.07813e-31   1.4886e-25 -4.56491e-31 -2.74786e-25   9.3774e-31  4.59046e-25 -1.79824e-30 -6.88621e-25  3.21241e-30  9.18495e-25 -5.33344e-30 -1.07528e-24  8.20718e-30  1.08531e-24 -1.16691e-29 -9.19681e-25  1.52749e-29  6.25629e-25 -1.83324e-29 -3.10876e-25  2.00761e-29  8.09697e-26 -1.99498e-29  2.33137e-26  1.78715e-29 -3.50245e-26 -1.43221e-29  1.47234e-26  1.01739e-29 -5.94262e-28 -6.33597e-30 -1.96638e-27   3.4128e-30  6.55653e-28 -1.56339e-30  3.94721e-29  5.96107e-31 -5.35089e-29 -1.83865e-31  3.81869e-30  4.40892e-32  1.55725e-30 -7.74149e-33 -1.27604e-31  8.97936e-34 -1.27616e-32 -5.46072e-35  3.15896e-34
