 2.48084e-34 -1.67437e-40  -1.4922e-34   1.5052e-39  2.29059e-35 -5.42671e-39 -1.69907e-36 -1.55899e-39 -4.57785e-35  5.63762e-38  7.53397e-35  6.50193e-39 -4.09639e-35  6.10054e-38  2.85213e-36 -5.50276e-38 -2.34819e-36 -1.05618e-37 -6.40282e-37   5.6597e-38  6.24906e-36  -3.7782e-38  9.59332e-37  1.29563e-38  -2.4149e-36  4.73846e-38 -6.88777e-37 -6.43598e-39  4.36588e-37  9.61326e-39  9.63004e-38  6.76457e-39 -9.69444e-38 -3.31269e-39  1.01612e-37  2.11793e-39 -7.45303e-38 -1.90628e-39  4.10073e-38   1.7075e-39 -2.91628e-38 -7.73928e-40  8.10494e-39  3.53182e-40 -9.65427e-40 -1.02043e-40  1.25353e-40 -2.31581e-41  2.37032e-40   2.5987e-41 -8.54198e-41  1.83304e-42 -1.59404e-40  2.44107e-42  3.11971e-41 -2.79934e-42  3.86687e-41 -2.11941e-43 -1.83204e-41  3.37404e-43  1.00563e-41 -3.96781e-43 -1.15983e-42  -3.5934e-44 -4.10682e-43  1.23313e-43 -7.71115e-43  -2.3511e-44  8.61623e-43  2.02526e-44 -2.41527e-43 -3.65774e-45  3.65624e-44  1.76001e-46 -2.21061e-44  -5.2806e-46  1.23141e-44 -6.14179e-47 -3.84407e-45  5.51332e-47  6.52688e-46 -3.68526e-47 -2.46884e-46  1.72148e-48  1.66503e-47  3.76643e-48 -3.25425e-48  1.19236e-48   5.0123e-49  1.00731e-48   5.0167e-49 -1.57852e-49 -1.49681e-48 -1.12651e-49  3.65806e-51  3.68555e-51  6.74628e-50 -7.81008e-51 -1.52675e-50   3.6383e-52 -9.38862e-52  7.79668e-53 -2.51931e-51  9.20729e-54  1.54468e-52 -1.36318e-53 -3.66525e-53  1.05968e-53 -1.82976e-54 -2.23804e-54  4.55609e-54 -5.50676e-54 -4.02566e-54  1.16021e-53  4.12616e-54 -1.31573e-53 -3.45612e-54  1.05818e-53  2.33467e-54 -6.18415e-54 -1.19701e-54  2.50686e-54  4.21909e-55 -6.17371e-55 -8.12514e-56   6.0015e-56
-1.67437e-40  4.26559e-34 -1.29172e-39 -2.72835e-34  9.00831e-39  1.00024e-34 -3.62891e-38  5.59656e-36  5.09834e-39 -9.81061e-35  2.39094e-37  1.62545e-34  3.68327e-39 -5.57442e-35  2.26386e-37 -1.28169e-35 -1.32366e-37 -6.97137e-36 -3.05634e-37  1.99453e-36  1.31196e-37  1.28674e-35 -7.38686e-38  2.50056e-36  1.10645e-38 -4.65088e-36  1.26965e-37 -2.56468e-36 -2.31384e-38  1.34719e-36  1.37658e-38   2.8999e-37  1.96748e-38 -3.78743e-37 -1.05518e-38  3.96984e-37  8.19621e-39 -2.44784e-37 -6.22629e-39  1.44617e-37  6.21653e-39 -1.04169e-37 -2.92649e-39  2.59406e-38  1.12952e-39 -2.38886e-39 -3.34553e-40 -4.27333e-41 -7.11107e-41  6.84156e-40  8.68493e-41 -1.37209e-40  7.74371e-42 -6.16672e-40  1.15249e-41  1.09373e-40 -1.08469e-41  1.43018e-40 -3.01484e-43 -7.42827e-41  8.07514e-43  3.51688e-41 -9.87787e-43 -5.75538e-42 -2.66577e-43 -1.48744e-43  5.10172e-43 -3.22656e-42 -1.09365e-43  3.28749e-42  6.84928e-44 -9.54247e-43 -1.15439e-44  1.29506e-43  9.37728e-46 -7.85492e-44 -1.29213e-45  4.36411e-44 -2.33159e-46 -1.18434e-44  1.57457e-46  1.82149e-45 -1.47547e-46 -9.89943e-46 -5.53273e-49  1.06276e-46  1.01951e-47 -3.18514e-47  4.77001e-48  1.83007e-48  4.02024e-48 -1.82129e-48 -5.77132e-49 -4.95653e-48 -4.13788e-49 -4.63723e-50  2.71437e-51  2.20681e-49 -2.62672e-50 -4.32096e-50  1.86509e-51  9.25992e-52 -4.64189e-53 -1.12056e-50  2.19226e-53  9.50071e-52  2.07294e-54 -6.05616e-53 -8.11803e-53 -7.63601e-53   1.8906e-52  7.88907e-53 -2.60495e-52 -7.83107e-53  2.71836e-52  7.11186e-53 -2.20107e-52 -5.28771e-53  1.36944e-52  3.09108e-53  -6.2556e-53 -1.31895e-53   1.9066e-53  3.55427e-54 -3.08258e-54 -3.90828e-55
 -1.4922e-34 -1.29172e-39  6.09969e-34 -5.65414e-39 -4.96425e-34  3.64998e-38  1.14907e-34 -1.51445e-37  3.45728e-35  5.35039e-38 -1.39232e-34   6.9425e-37  2.43072e-34 -7.23088e-38 -4.25615e-35  5.93782e-37 -4.56019e-35 -1.93705e-37 -1.46197e-35 -6.37802e-37  1.04557e-35  2.19802e-37  1.80328e-35  -6.5934e-38  4.08712e-36 -3.52357e-38 -5.74493e-36  2.48902e-37 -6.09874e-36 -6.21879e-38  2.83809e-36  1.94496e-39  7.07645e-37  3.54594e-38 -1.00009e-36  -2.3668e-38  9.92937e-37  2.21113e-38 -5.57839e-37 -1.47134e-38  3.62956e-37  1.58304e-38 -2.52107e-37 -7.55187e-39  5.38352e-38  2.55109e-39 -1.54195e-39 -7.69125e-40 -8.57883e-40  -1.7075e-40  1.12046e-39  1.98013e-40 -1.30478e-40  2.37286e-41 -1.63479e-39  3.34204e-41   2.7429e-40 -2.87415e-41  3.86503e-40  3.23068e-44  -2.1252e-40  1.32378e-42  8.89569e-41 -1.42316e-42 -1.87009e-41 -1.02475e-42  2.38979e-42  1.43933e-42 -8.92627e-42 -3.35533e-43  8.55451e-42  1.52399e-43 -2.54331e-42 -2.27844e-44  3.15205e-43  2.42422e-45 -2.00294e-43 -1.40048e-45  1.05204e-43 -6.62775e-46 -2.36826e-44   2.4529e-46  2.90879e-45 -4.27466e-46 -2.71625e-45 -2.19783e-47  4.01152e-46  1.28309e-47 -1.34236e-46  1.41505e-47  6.78724e-48  1.10909e-47 -1.52905e-47 -1.45375e-48 -1.10269e-47 -1.05366e-48 -2.79639e-49 -2.16834e-50   5.1375e-49 -6.29403e-50 -9.32245e-50  6.27016e-51  1.69696e-50 -6.02433e-52 -3.34976e-50 -9.55147e-52  2.96452e-51  1.71597e-51  5.33625e-52 -2.63528e-51 -9.62148e-52  3.35337e-51  1.01403e-51 -3.44855e-51 -9.68988e-52  2.87946e-51   7.8755e-52 -1.91002e-51 -5.16133e-52  9.66711e-52  2.57936e-52 -3.46817e-52 -8.88874e-53  7.60309e-53  1.67804e-53 -6.52859e-54
  1.5052e-39 -2.72835e-34 -5.65414e-39  9.23067e-34  -1.9169e-38 -7.02245e-34  1.20448e-37  1.19644e-35 -4.69036e-37  4.51005e-35  2.28569e-37 -1.48065e-34  1.60534e-36  3.08619e-34 -3.42623e-37 -1.47836e-35  1.26419e-36 -8.98607e-35 -1.42178e-37  -2.4274e-35 -1.15325e-36  2.60282e-35   2.9632e-37  1.97908e-35  6.71352e-38  4.75525e-36 -1.63186e-37 -4.34189e-36  4.14336e-37 -1.12603e-35 -1.31619e-37  4.66738e-36 -3.53005e-38  1.54738e-36  4.07785e-38 -2.12235e-36 -4.14697e-38  1.91354e-36   4.6662e-38 -1.02313e-36 -2.84146e-38  7.41791e-37  3.24739e-38 -4.86195e-37 -1.54721e-38  8.39362e-38  4.72962e-39  7.53698e-39 -1.43742e-39 -1.87989e-39 -3.59654e-40  8.95922e-40    3.511e-40 -2.09666e-40  5.63266e-41 -3.51451e-39  7.08463e-41  6.03053e-40 -5.97943e-41    8.627e-40  2.09943e-43 -4.96744e-40  2.04875e-42  1.89299e-40  -6.7707e-43 -4.68055e-41 -2.80297e-42  9.24313e-42  3.22847e-42 -1.90671e-41 -8.11294e-43  1.75654e-41  2.48639e-43 -5.29225e-42 -2.72277e-44  6.11572e-43  4.01058e-45 -4.28705e-43  1.64788e-45  1.99895e-43 -1.65978e-45  -3.3606e-44  3.59008e-47  1.45282e-45  -1.0355e-45 -5.96433e-45 -1.03169e-46  1.16568e-45 -8.89316e-48 -3.89557e-46  3.60665e-47  2.31205e-47  2.43739e-47 -5.72671e-47  -2.9364e-48 -1.79416e-47 -2.15347e-48 -9.62206e-49 -1.09732e-49   1.0244e-48 -1.22158e-49  -1.8907e-49  1.17087e-50  6.82713e-50   6.4333e-51  -7.5917e-50 -1.76152e-50  2.61523e-51  2.50735e-50  8.17253e-51 -3.08162e-50 -1.00367e-50  3.21701e-50  1.02194e-50 -2.78796e-50 -8.97046e-51  1.96427e-50  6.51033e-51 -1.08446e-50 -3.72265e-51  4.41787e-51  1.55775e-51  -1.1912e-51 -4.12517e-52  1.66151e-52  4.46551e-53
 2.29059e-35  9.00831e-39 -4.96425e-34  -1.9169e-38  1.32604e-33 -6.34466e-38 -7.92677e-34  3.41584e-37  -1.5725e-34 -1.16202e-36  1.00205e-36   6.8174e-37 -1.21331e-34  3.16713e-36   3.6195e-34 -9.05566e-37   1.0949e-35  2.29957e-36 -1.38659e-34  1.86433e-37 -3.46344e-35  -1.9691e-36  4.65712e-35   3.0211e-37  1.84857e-35  4.26868e-37  3.15569e-36 -3.94792e-37  8.70646e-37   6.1633e-37 -1.75096e-35  -2.2842e-37  6.33147e-36 -9.60703e-38  3.00679e-36   1.1392e-38 -3.82328e-36 -5.81294e-38  3.04544e-36  8.13877e-38 -1.59835e-36 -4.73365e-38  1.30114e-36  5.71644e-38 -8.02343e-37 -2.68991e-38  1.03178e-37  7.73285e-39  3.21823e-38 -2.32557e-39 -1.06893e-39 -6.84676e-40 -7.70138e-40  5.02953e-40 -8.83273e-40  1.04757e-40 -6.60059e-39  1.15747e-40  1.27598e-39 -1.02457e-40  1.65691e-39 -3.49626e-42 -1.00334e-39  4.00511e-42  3.59332e-40  3.03903e-42 -9.73268e-41 -6.09401e-42   2.1551e-41  6.13977e-42 -3.34574e-41 -1.67627e-42   3.0221e-41  2.87503e-43 -9.12085e-42  1.12837e-45  1.02306e-42  4.29548e-45 -8.28075e-43  1.22886e-44  3.20085e-43 -3.84338e-45 -3.02842e-44 -1.14498e-45 -7.98711e-45 -2.21195e-45 -1.11722e-44 -3.27582e-46  2.85636e-45 -9.21679e-47 -8.90418e-46  8.31854e-47  6.61823e-47  4.50858e-47 -1.55989e-46 -5.13274e-48 -1.90886e-47 -3.74923e-48 -2.54239e-48 -3.41101e-49  1.94296e-48 -1.73724e-49 -3.77571e-49 -4.01591e-50  1.63531e-49  1.16298e-49 -1.13631e-49 -1.80833e-49 -4.57636e-50  2.23381e-49  8.00577e-50 -2.37719e-49 -8.83608e-50  2.14117e-49  8.34896e-50 -1.59119e-49 -6.63711e-50  9.43419e-50  4.26848e-50 -4.23166e-50 -2.09692e-50  1.31202e-50  7.11506e-51 -2.34851e-51 -1.32441e-51  1.42886e-52
-5.42671e-39  1.00024e-34  3.64998e-38 -7.02245e-34 -6.34466e-38  1.71275e-33 -2.18115e-37 -7.47878e-34  8.32321e-37 -3.19664e-34 -2.40285e-36 -9.01977e-35  1.58955e-36  -7.3245e-35  5.56181e-36  4.06058e-34 -1.68109e-36  2.65649e-35  3.65491e-36 -1.84972e-34  1.03447e-36 -4.47113e-35 -3.26501e-36   6.6205e-35  1.43763e-37   1.6524e-35  1.10419e-36 -2.56684e-36 -7.08686e-37    1.118e-35  8.31481e-37 -2.40174e-35 -3.37913e-37  7.36064e-36 -1.60774e-37  5.09828e-36 -8.57738e-38 -5.94982e-36 -6.37272e-38  4.12091e-36  1.21501e-37 -2.18225e-36 -7.06244e-38  2.01557e-36  8.97799e-38 -1.18184e-36 -4.12849e-38  1.00813e-37  1.17289e-38  7.76393e-38 -3.37125e-39  4.86349e-39 -1.19546e-39 -4.06793e-39  5.74464e-40 -3.10539e-39  1.47591e-40 -1.12768e-38  1.42812e-40  2.64176e-39 -1.46361e-40  2.79244e-39 -2.09102e-41 -1.79855e-39  9.19426e-42  6.23593e-40  1.21405e-41 -1.76062e-40  -1.1099e-41  3.83599e-41  1.02662e-41 -4.97203e-41 -3.10719e-42  4.50281e-41  1.55726e-43 -1.34157e-41  1.09137e-43  1.58884e-42  1.70588e-45 -1.50626e-42   3.6687e-44  4.55505e-43 -8.31536e-45 -4.95615e-46 -4.50294e-45 -3.48538e-44 -4.26653e-45 -1.83986e-44 -8.30315e-46  6.13407e-45 -2.85464e-46 -1.70562e-45  1.76696e-46  1.59029e-46  7.20488e-47 -3.49604e-46 -8.30708e-48 -8.48079e-49 -5.66042e-48 -5.62484e-48   -9.899e-49  3.64706e-48  1.15079e-49 -6.33076e-49 -6.63989e-49  1.25854e-49  1.03495e-48  1.44892e-49 -1.33023e-48 -5.22929e-49   1.4519e-48  6.47899e-49 -1.35253e-48 -6.58327e-49  1.05038e-48  5.68845e-49  -6.5687e-49 -4.05975e-49   3.1384e-49  2.28651e-49 -1.04554e-49  -9.4358e-50  2.00332e-50  2.46701e-50 -1.12551e-51  -2.6393e-51
-1.69907e-36 -3.62891e-38  1.14907e-34  1.20448e-37 -7.92677e-34 -2.18115e-37  1.98999e-33 -7.06847e-37 -5.98656e-34   1.7176e-36  -4.4071e-34 -4.26182e-36 -1.92537e-34  3.00832e-36 -2.24382e-35  8.93619e-36  4.40463e-34 -2.29405e-36  3.24951e-35  5.12004e-36 -2.21726e-34  2.69323e-36 -5.28805e-35 -5.20963e-36  7.67436e-35 -2.78367e-37    1.668e-35  2.13857e-36 -1.43122e-35 -1.01726e-36  2.75589e-35  1.01954e-36 -3.00877e-35   -4.427e-37  7.68239e-36 -1.90555e-37  7.47783e-36 -2.86241e-37 -8.02054e-36 -4.76706e-38   4.7686e-36  1.58962e-37  -2.6274e-36 -9.72261e-38  2.80986e-36  1.29264e-37 -1.60009e-36 -5.74746e-38  7.73051e-38   1.7191e-38   1.4428e-37 -4.46897e-39  1.84393e-38 -1.93576e-39 -7.74141e-39  4.64131e-40 -8.14527e-39   1.2999e-40 -1.79076e-38  1.08723e-40  5.22077e-39 -1.70726e-40  4.17729e-39 -7.02855e-41 -2.90123e-39  1.94718e-41  9.97817e-40  2.91167e-41 -2.86213e-40 -1.74071e-41  5.65225e-41  1.54806e-41  -6.3451e-41 -5.33366e-42  5.93282e-41 -2.70177e-43 -1.70897e-41  3.65078e-43  2.48663e-42 -5.31242e-45 -2.64341e-42  8.17626e-44   6.1557e-43  -1.6866e-44  6.32625e-44 -1.17684e-44 -9.29014e-44 -7.52528e-45 -2.69041e-44 -1.78061e-45  1.17516e-44 -6.35033e-46 -2.83952e-45   3.4707e-46   3.2776e-46  1.00632e-46 -6.80894e-46 -1.36412e-47  5.70138e-47 -6.76524e-48 -1.05602e-47 -3.66187e-48  6.25939e-48  3.09824e-48  1.09146e-50 -5.09483e-48  -1.6816e-48  6.65754e-48  2.93713e-48 -7.48561e-48 -4.10567e-48  7.16952e-48  4.50449e-48  -5.7368e-48 -4.20568e-48  3.69133e-48  3.29622e-48 -1.78933e-48 -2.09123e-48  5.69638e-49  1.01449e-48 -7.07097e-50 -3.40226e-49 -2.01314e-50  6.26453e-50  5.82552e-51
-1.55899e-39  5.59656e-36 -1.51445e-37  1.19644e-35  3.41584e-37 -7.47878e-34 -7.06847e-37  2.11508e-33  -1.9899e-36 -4.10516e-34  2.95326e-36 -5.20862e-34  -6.6023e-36 -2.81086e-34  4.65039e-36  1.49182e-35  1.33492e-35  4.64465e-34 -2.13881e-36  3.15136e-35  6.32205e-36 -2.41292e-34   5.4094e-36 -5.68064e-35 -7.85625e-36   7.0757e-35 -1.03161e-36  2.00692e-35  3.48804e-36 -3.28038e-35 -1.16835e-36  5.00732e-35  1.14227e-36 -3.55652e-35 -5.38705e-37  7.76659e-36  -1.3127e-37  9.45747e-36 -6.17449e-37  -9.2839e-36 -3.67841e-39  4.62086e-36  1.85051e-37 -2.77181e-36 -1.26322e-37  3.57557e-36  1.73967e-37 -2.03609e-36 -7.40452e-38  4.92933e-38   2.5067e-38  2.27642e-37 -5.49466e-39  3.83756e-38  -2.9236e-39 -8.68027e-39  7.17213e-41 -1.72105e-38 -3.80118e-41 -2.66664e-38 -3.95061e-41   9.5958e-39 -1.47979e-40  5.58318e-39  -1.7834e-40  -4.2425e-39  3.39044e-41  1.47421e-39  5.54843e-41 -4.29047e-40 -2.38196e-41  7.21835e-41  2.15282e-41 -6.95059e-41 -8.64248e-42  7.00766e-41 -1.06355e-42 -1.88962e-41   8.5449e-43  4.17071e-42 -2.01767e-44  -4.5236e-42  1.53432e-43  8.60516e-43 -3.22485e-44  1.54473e-43 -2.49635e-44 -1.98977e-43 -1.22564e-44 -3.45976e-44 -3.32874e-45  2.02568e-44 -1.16961e-45 -4.21481e-45  6.30531e-46  5.90814e-46   1.2391e-46 -1.18653e-45  -2.6359e-47  1.75516e-46 -6.79381e-49 -1.47585e-47  -1.7656e-47  5.50175e-48  2.15491e-47  9.69892e-48  -2.8777e-47 -1.69616e-47  3.29081e-47  2.30511e-47 -3.20731e-47 -2.71864e-47  2.58656e-47  2.73235e-47 -1.63742e-47 -2.33215e-47  7.21124e-48  1.64428e-47 -1.32123e-48 -9.15503e-48 -7.82535e-49  3.73755e-48  6.88243e-49 -9.67353e-49 -1.95891e-49  1.02513e-49
-4.57785e-35  5.09834e-39  3.45728e-35 -4.69036e-37  -1.5725e-34  8.32321e-37 -5.98656e-34  -1.9899e-36   2.1228e-33 -4.75531e-36 -2.63441e-34  4.12059e-36 -5.63068e-34 -9.03378e-36 -3.55903e-34  5.72988e-36  2.30104e-35  1.86781e-35  4.82755e-34 -6.55044e-37  2.25955e-35  6.82358e-36 -2.33903e-34  9.26159e-36 -5.62565e-35 -1.10829e-35   4.5553e-35 -2.13778e-36  2.49313e-35  5.03474e-36 -5.62773e-35 -9.84741e-37  7.74068e-35  1.19838e-36 -4.09767e-35 -6.52178e-37  8.37735e-36  7.70905e-38   1.0282e-35 -1.08615e-36 -8.94223e-36  6.61547e-38  3.43102e-36  1.92871e-37 -2.48022e-36 -1.56994e-37  4.20318e-36  2.21833e-37 -2.47766e-36 -8.96652e-38  4.72208e-38  3.68131e-38  3.21648e-37 -6.37052e-39  5.71261e-38 -4.11077e-39 -2.48849e-39 -6.76159e-40 -3.09276e-38 -4.62269e-40 -3.72352e-38 -3.47611e-40  1.61973e-38 -5.43617e-41  6.68028e-39 -3.76799e-40 -5.64236e-39  4.53783e-41  2.00895e-39  9.03458e-41 -6.06715e-40 -2.84725e-41  8.33667e-41  2.82983e-41 -6.38297e-41 -1.33388e-41  7.46722e-41 -2.17965e-42 -1.78822e-41  1.67328e-42   7.4961e-42 -5.27472e-44 -7.56081e-42  2.54377e-43   1.3255e-42   -5.852e-44  2.48766e-43 -4.59673e-44 -3.69516e-43 -1.86443e-44 -3.74261e-44 -5.52754e-45  3.15329e-44 -1.89254e-45 -5.69413e-45  1.05733e-45  9.42175e-46  1.42321e-46 -1.87795e-45 -7.00863e-47  3.57716e-46  4.48639e-47  4.98016e-48 -8.65473e-47 -3.53013e-47  1.07613e-46  8.37938e-47 -1.23783e-46 -1.19297e-46  1.19821e-46  1.46943e-46 -9.31082e-47 -1.58158e-46  5.15941e-47  1.46038e-46 -1.14619e-47 -1.13205e-46 -1.26902e-47  7.10673e-47  1.74151e-47 -3.41326e-47 -1.08496e-47  1.13389e-47  3.65518e-48 -2.06916e-48 -4.64965e-49
 5.63762e-38 -9.81061e-35  5.35039e-38  4.51005e-35 -1.16202e-36 -3.19664e-34   1.7176e-36 -4.10516e-34 -4.75531e-36  2.11215e-33   -9.695e-36  -2.2074e-34   4.3488e-36 -5.53892e-34 -1.09696e-35 -4.25675e-34  5.07738e-36 -1.64975e-35  2.45301e-35  5.09076e-34  2.32828e-36 -1.90485e-36  6.29471e-36  -1.8584e-34  1.40885e-35 -5.77178e-35 -1.46261e-35  6.22782e-36 -3.59922e-36  2.69074e-35  6.63855e-36 -8.01111e-35 -3.35651e-37  1.06978e-34  1.25464e-36 -4.73301e-35 -8.48873e-37  1.00098e-35  4.86352e-37  9.55567e-36 -1.66777e-36 -6.43265e-36  1.50431e-37  1.14742e-36  1.78533e-37 -1.68279e-36 -1.87372e-37  4.61649e-36  2.70393e-37 -2.92055e-36 -1.03401e-37  1.05999e-37  5.42103e-38  4.23462e-37 -7.16854e-39  6.06463e-38 -5.32712e-39  1.48845e-38 -1.80586e-39  -4.8916e-38  -1.2223e-39 -4.84614e-38 -8.33572e-40  2.50609e-38  1.12979e-40  7.12792e-39 -6.95597e-40 -6.82097e-39  3.82054e-41   2.5203e-39  1.28875e-40 -8.26906e-40 -2.93166e-41  9.25382e-41  3.62262e-41 -4.47578e-41 -1.96493e-41   7.1231e-41 -3.40876e-42 -1.37922e-41   2.9201e-42   1.3769e-41 -1.24627e-43 -1.23055e-41  3.82045e-43  2.21642e-42 -1.01306e-43   3.0883e-43 -7.60345e-44 -6.14733e-43 -2.69014e-44 -2.88678e-44 -8.26049e-45  4.43241e-44   -2.781e-45 -7.12245e-45  1.61784e-45  1.32097e-45  2.05624e-46 -2.68996e-45 -2.43745e-46  5.10791e-46  2.58148e-46  2.05092e-46 -3.56034e-46 -3.55665e-46  3.91466e-46  5.55783e-46 -3.57977e-46 -7.22368e-46  2.34319e-46  8.25072e-46 -5.20385e-47 -8.19232e-46   -1.185e-46  6.92203e-46  2.07693e-46 -4.83291e-46 -1.94949e-46  2.66578e-46  1.20853e-46  -1.0786e-46 -4.79886e-47  2.76786e-47  9.98086e-48 -2.90947e-48
 7.53397e-35  2.39094e-37 -1.39232e-34  2.28569e-37  1.00205e-36 -2.40285e-36  -4.4071e-34  2.95326e-36 -2.63441e-34   -9.695e-36  2.18735e-33 -1.70763e-35 -3.09384e-34  2.54255e-36 -4.71271e-34 -1.18032e-35 -4.87863e-34  1.58837e-36  -1.2288e-34  3.02449e-35  5.63852e-34  6.39815e-36 -5.47344e-35  4.67462e-36 -7.95285e-35  1.95278e-35 -7.71031e-35 -1.81894e-35 -3.45335e-35 -5.44595e-36  2.07349e-35  8.22474e-36 -9.79745e-35  7.86623e-37  1.35803e-34  1.44807e-36 -5.57171e-35 -1.22666e-36  1.23131e-35  1.12312e-36  7.55606e-36 -2.30273e-36 -1.61441e-36   2.3142e-37 -2.08337e-36   1.4104e-37 -4.00654e-37 -2.14084e-37  4.79596e-36  3.16785e-37 -3.36327e-36 -1.15004e-37    2.527e-37  7.89323e-38  5.37595e-37 -8.19879e-39  3.11103e-38  -6.2352e-39  4.49957e-38 -3.28706e-39 -6.97314e-38 -2.31635e-39 -5.81576e-38 -1.47128e-39  3.56705e-38  3.15916e-40    6.695e-39  -1.1545e-39 -7.45016e-39 -1.13376e-41  2.90204e-39  1.61251e-40 -1.10847e-39  -2.4884e-41  1.08291e-40  4.66795e-41 -1.29851e-41 -2.75969e-41  5.80385e-41 -4.37607e-42 -7.26597e-42  4.68686e-42  2.46655e-41 -2.70723e-43 -1.94111e-41  5.27793e-43  3.76182e-42 -1.67696e-43  2.98481e-43 -1.15498e-43 -9.31894e-43 -3.75506e-44  2.38422e-46 -1.12292e-44  5.59722e-44  -3.7559e-45 -8.30763e-45  2.15752e-45  1.48461e-45  5.46396e-46 -3.22936e-45  -8.6041e-46  1.81656e-47  9.46949e-46  1.53878e-45 -9.94376e-46   -2.343e-45  7.19925e-46  3.23655e-45 -1.05929e-46 -3.91794e-45 -7.30227e-46   4.1579e-45  1.48366e-45  -3.8017e-45 -1.82463e-45  2.92013e-45  1.62506e-45 -1.81703e-45 -1.06479e-45  8.65267e-46  4.89259e-46 -2.85087e-46   -1.382e-46  5.16156e-47  1.56266e-47
 6.50193e-39  1.62545e-34   6.9425e-37 -1.48065e-34   6.8174e-37 -9.01977e-35 -4.26182e-36 -5.20862e-34  4.12059e-36  -2.2074e-34 -1.70763e-35  2.40505e-33 -2.63149e-35 -5.25085e-34 -2.07915e-36 -3.04579e-34 -1.11707e-35 -5.25654e-34 -5.19377e-36 -3.09062e-34  3.50433e-35  6.64187e-34  1.06343e-35 -1.48696e-34  2.22782e-36  1.02748e-34  2.51477e-35 -1.37017e-34 -2.15573e-35 -6.08709e-35 -7.77148e-36  2.49977e-36  9.86644e-36 -1.04148e-34  2.22213e-36  1.61794e-34  1.94526e-36 -6.69549e-35 -1.88805e-36  1.38483e-35  1.97176e-36  5.20974e-36 -2.90344e-36  5.22412e-36   2.9104e-37  -5.9767e-36  8.19624e-38   1.2496e-36 -2.32688e-37  4.78343e-36  3.57973e-37 -3.80185e-36 -1.25227e-37  4.96909e-37  1.11913e-37  6.77268e-37 -9.99101e-39 -4.79697e-38 -6.32524e-39  8.52587e-38 -5.03799e-39  -9.1352e-38 -3.61363e-39 -6.32533e-38 -2.18536e-39  4.69698e-38  4.58546e-40  5.36661e-39 -1.75584e-39  -7.2331e-39 -1.30515e-40  3.04933e-39   1.7263e-40 -1.48688e-39 -1.51838e-41  1.46258e-40  6.21337e-41   2.9771e-41 -3.69225e-41  3.25158e-41 -4.59903e-42  2.33364e-43  7.04153e-42  4.19758e-41 -5.32541e-43 -2.95382e-41   6.7765e-43  6.12312e-42 -2.65496e-43  2.01002e-43 -1.63859e-43 -1.30044e-42 -5.17414e-44  6.12871e-44 -1.40903e-44  6.24533e-44  -4.5264e-45 -8.60779e-45  2.15189e-45  2.21329e-46  1.70439e-45 -1.31758e-45 -2.19991e-45 -4.65884e-45  1.56181e-45  9.32579e-45  1.08006e-46 -1.32969e-44  -3.1905e-45  1.70396e-44  7.14619e-45  -1.9251e-44 -1.06948e-44  1.89275e-44    1.229e-44 -1.58531e-44 -1.11237e-44  1.09752e-44  7.82268e-45 -6.00406e-45 -4.08797e-45  2.40987e-45   1.4459e-45 -6.13637e-46 -2.76227e-46  6.40314e-47
-4.09639e-35  3.68327e-39  2.43072e-34  1.60534e-36 -1.21331e-34  1.58955e-36 -1.92537e-34  -6.6023e-36 -5.63068e-34   4.3488e-36 -3.09384e-34 -2.63149e-35   2.7673e-33 -3.58496e-35 -8.50299e-34 -9.38301e-36 -6.66274e-35 -9.20583e-36 -5.21884e-34 -1.47279e-35 -5.69895e-34  3.82966e-35  8.10154e-34  1.38985e-35 -2.90289e-34 -5.41928e-37  3.71789e-34  3.05905e-35 -2.58073e-34 -2.46438e-35  -6.0699e-35 -1.07321e-35  -2.8773e-35  1.18145e-35 -9.59217e-35   3.6608e-36  1.84836e-34   2.8684e-36 -8.13976e-35 -2.89866e-36  1.23663e-35  2.96213e-36  3.71158e-36 -3.37247e-36  1.35146e-35  3.17913e-37 -1.02043e-35  5.98767e-39  3.07622e-36 -2.39005e-37  4.66813e-36  3.91191e-37 -4.22793e-36 -1.36088e-37  8.28353e-37  1.52677e-37  8.62041e-37 -1.30997e-38 -1.85733e-37 -4.96234e-39    1.288e-37 -6.94917e-39 -1.12163e-37 -4.83402e-39 -6.03931e-38  -2.8598e-39   5.7546e-38  3.81391e-40  3.39521e-39 -2.48083e-39 -5.98914e-39 -3.42312e-40  2.88715e-39  1.44664e-40 -2.01824e-39  -2.5333e-42  2.30106e-40  8.59843e-41  8.25214e-41 -4.71412e-41 -9.49913e-42  -3.5885e-42  6.73755e-42  9.99529e-42  6.71672e-41 -9.42128e-43 -4.31935e-41  8.14183e-43  9.29097e-42 -4.01726e-43  3.29638e-44 -2.20367e-43 -1.68213e-42 -7.12548e-44  1.67034e-43 -1.67911e-44  5.78928e-44 -4.50432e-45 -4.36058e-45  1.29557e-45 -9.32678e-45  2.18313e-45  1.50605e-44  1.21926e-45 -3.25027e-44 -1.02867e-44  5.07877e-44  2.48541e-44 -6.82751e-44 -4.33311e-44  8.18377e-44  6.05004e-44 -8.60777e-44 -6.94171e-44  7.80345e-44  6.53182e-44 -5.94482e-44 -4.94353e-44  3.66929e-44  2.89585e-44 -1.73342e-44 -1.22436e-44   5.6669e-45  3.24019e-45  -1.0184e-45 -3.47417e-46
 6.10054e-38 -5.57442e-35 -7.23088e-38  3.08619e-34  3.16713e-36  -7.3245e-35  3.00832e-36 -2.81086e-34 -9.03378e-36 -5.53892e-34  2.54255e-36 -5.25085e-34 -3.58496e-35  3.24913e-33 -4.34938e-35 -1.26793e-33 -1.80516e-35  2.12414e-34 -6.64073e-36 -4.77786e-34 -2.56169e-35 -8.71172e-34  3.98115e-35  9.75606e-34  1.51634e-35 -4.74755e-34 -3.07279e-36  7.23447e-34  3.56511e-35 -4.47679e-34 -2.74537e-35 -3.15402e-35 -1.45015e-35 -7.10797e-35  1.44445e-35 -7.48577e-35  4.72766e-36  2.06965e-34   4.2191e-36 -9.88889e-35 -4.24657e-36  5.51638e-36  3.96832e-36  4.00427e-36 -3.62828e-36  2.26167e-35  3.13337e-37  -1.4491e-35 -7.75347e-38  4.85414e-36 -2.30594e-37  4.55911e-36  4.14389e-37 -4.63055e-36  -1.5089e-37  1.22298e-36  1.98914e-37  1.11188e-36 -1.77501e-38 -3.78878e-37 -1.46984e-39  1.66274e-37 -8.92597e-39 -1.32146e-37 -5.56614e-39 -4.68482e-38 -3.35674e-39  6.59105e-38 -1.26488e-40  1.27478e-39  -3.2905e-39 -3.72098e-39 -6.56435e-40  2.38919e-39  5.87942e-41 -2.78035e-39  7.88641e-42  3.93119e-40  1.21975e-40   1.4597e-40 -5.77776e-41 -7.33413e-41 -9.55162e-43  1.02782e-41  1.34506e-41  1.00827e-40 -1.50129e-42 -6.05352e-41  9.17867e-43  1.30161e-41 -5.80559e-43  -1.5513e-43 -2.84978e-43 -2.02871e-42 -9.82213e-44  3.32562e-43 -1.85965e-44   2.8295e-44 -7.03853e-45  2.54397e-44  1.07433e-44 -6.49602e-44 -2.57359e-44  1.08753e-43  6.49475e-44 -1.77997e-43 -1.28901e-43  2.53793e-43  2.10663e-43 -3.21216e-43 -2.91393e-43  3.59835e-43   3.4196e-43 -3.50886e-43 -3.37357e-43  2.91506e-43  2.74359e-43  -2.0018e-43 -1.78017e-43  1.08623e-43  8.72871e-44 -4.32478e-44 -2.92968e-44  1.09266e-44  5.35332e-45   -1.132e-45
 2.85213e-36  2.26386e-37 -4.25615e-35 -3.42623e-37   3.6195e-34  5.56181e-36 -2.24382e-35  4.65039e-36 -3.55903e-34 -1.09696e-35 -4.71271e-34 -2.07915e-36 -8.50299e-34 -4.34938e-35   3.8284e-33 -4.71437e-35 -1.76628e-33 -2.59132e-35  5.04211e-34 -4.63068e-36 -4.23534e-34 -3.61767e-35 -1.14745e-33  3.99908e-35  1.11052e-33   1.3734e-35 -6.84729e-34 -4.92841e-36  1.13321e-33  4.02722e-35 -6.91931e-34 -2.99854e-35  1.80848e-35 -1.91901e-35 -1.20942e-34  1.81269e-35 -4.62478e-35  5.10963e-36  2.31408e-34  5.83905e-36 -1.18754e-34 -5.81998e-36 -8.32919e-36  4.82334e-36  6.41931e-36  -3.6309e-36  3.19894e-35  2.94085e-37 -1.86878e-35  -1.5309e-37  6.37596e-36 -2.07582e-37  4.55063e-36  4.26476e-37 -4.99886e-36 -1.73732e-37  1.65442e-36  2.46561e-37  1.43884e-36 -2.34433e-38 -6.09035e-37  4.78461e-39  1.89199e-37 -1.09429e-38 -1.53791e-37 -5.32125e-39 -2.14024e-38 -3.53752e-39  7.07755e-38 -1.29408e-39 -3.54252e-40 -4.13094e-39  -6.5101e-40 -1.06189e-39  1.57905e-39 -9.88818e-41 -3.86912e-39  8.01416e-42  6.79382e-40   1.7341e-40  2.21915e-40 -6.87468e-41 -1.63667e-40   3.5289e-42   9.5108e-42  1.71376e-41  1.42136e-40 -2.16544e-42 -8.12207e-41  9.66277e-43   1.6823e-41 -8.01412e-43 -2.93459e-43 -3.57552e-43 -2.30191e-42 -1.40339e-43  5.91994e-43 -5.43985e-46 -8.78577e-44 -6.15728e-44   1.9375e-43  1.40245e-43 -3.61094e-43 -2.93987e-43  5.85669e-43  5.46785e-43 -8.75605e-43  -8.8323e-43  1.17009e-42  1.23849e-42 -1.39007e-42 -1.50195e-42  1.45022e-42  1.55796e-42 -1.30394e-42 -1.35733e-42   9.8508e-43  9.65916e-43 -6.02832e-43 -5.37615e-43   2.8232e-43  2.17563e-43 -9.15047e-44 -5.53996e-44  1.63125e-44  5.73699e-45
-5.50276e-38 -1.28169e-35  5.93782e-37 -1.47836e-35 -9.05566e-37  4.06058e-34  8.93619e-36  1.49182e-35  5.72988e-36 -4.25675e-34 -1.18032e-35 -3.04579e-34 -9.38301e-36 -1.26793e-33 -4.71437e-35  4.49984e-33 -4.54915e-35 -2.34054e-33 -3.08054e-35  8.00713e-34 -4.31132e-36 -4.13479e-34 -4.50946e-35 -1.31426e-33  3.97661e-35  1.15569e-33   9.3365e-36 -8.93393e-34 -5.91341e-36  1.55647e-33  4.44884e-35 -9.55305e-34 -3.21374e-35  7.25248e-35 -2.47501e-35 -1.75498e-34  2.30623e-35 -1.70273e-35  4.67293e-36  2.60839e-34  7.43488e-36 -1.39782e-34 -7.41405e-36  -2.9501e-35   5.3504e-36  1.06668e-35 -3.39849e-36  4.12831e-35  2.90173e-37 -2.27955e-35 -1.99113e-37  7.49294e-36 -1.72847e-37  4.68705e-36  4.27279e-37 -5.32178e-36  -2.0845e-37  2.10458e-36  2.90533e-37  1.83847e-36 -2.86876e-38 -8.43568e-37  1.43304e-38  1.93517e-37 -1.30937e-38 -1.82268e-37 -3.61143e-39  1.51763e-38 -3.27774e-39   7.1268e-38 -3.31616e-39 -8.36916e-40 -4.94184e-39  2.77591e-39  -1.5233e-39  5.13904e-40 -3.31875e-40 -5.38846e-39 -1.22659e-41  1.14187e-39  2.42468e-40  3.11212e-40 -8.07796e-41 -2.81629e-40  9.95134e-42  4.38511e-42  2.05622e-41  1.88566e-40 -2.84222e-42  -1.0438e-40  9.32438e-43  2.01226e-41 -1.06409e-42  -3.0433e-43 -4.15897e-43 -2.53643e-42 -2.68708e-43  1.10276e-42  2.10969e-43 -6.05346e-43 -5.42804e-43  1.06695e-42  1.10764e-42 -1.82543e-42 -2.02682e-42   2.8254e-42  3.29828e-42 -3.96835e-42 -4.73888e-42  4.98496e-42  5.96616e-42 -5.53746e-42  -6.5094e-42   5.3537e-42  6.05394e-42 -4.40805e-42 -4.68595e-42   2.9987e-42   2.9134e-42 -1.61122e-42 -1.37544e-42  6.35074e-43  4.46023e-43 -1.58904e-43 -7.89279e-44  1.63284e-44
-2.34819e-36 -1.32366e-37 -4.56019e-35  1.26419e-36   1.0949e-35 -1.68109e-36  4.40463e-34  1.33492e-35  2.30104e-35  5.07738e-36 -4.87863e-34 -1.11707e-35 -6.66274e-35 -1.80516e-35 -1.76628e-33 -4.54915e-35  5.27456e-33  -3.8381e-35 -2.99482e-33 -3.15735e-35  1.11914e-33 -6.27514e-36 -5.06968e-34 -5.18155e-35 -1.29271e-33  4.02758e-35  1.06394e-33  2.13994e-36 -1.07125e-33  -6.1056e-36  1.93562e-33  4.83686e-35 -1.18918e-33 -3.36666e-35  1.15958e-34 -3.08978e-35  -2.3383e-34  2.91463e-35  6.84215e-36  3.51878e-36  2.95692e-34  8.66673e-36 -1.60263e-34 -8.76693e-36 -5.69346e-35  5.40457e-36  1.61399e-35 -3.00715e-36  5.03534e-35  3.36591e-37 -2.69245e-35 -1.90783e-37  8.13066e-36 -1.32365e-37  4.93466e-36  4.17384e-37 -5.58273e-36 -2.57173e-37  2.56758e-36  3.25946e-37  2.28355e-36 -3.09788e-38 -1.04007e-36  2.75738e-38   1.8177e-37 -1.56149e-38 -2.24543e-37  -3.8577e-41    6.029e-38 -2.47282e-39  6.70935e-38 -6.29163e-39  3.69877e-40 -5.66727e-39  5.92133e-39 -1.98198e-39  -7.4198e-40 -6.27978e-40  -7.4321e-39 -6.32445e-41  1.83441e-39  3.29969e-40  4.11276e-40 -9.57605e-41 -4.22224e-40  1.83634e-41 -3.23575e-42  2.29954e-41   2.3599e-40 -3.41476e-42 -1.28749e-40  8.03204e-43  2.23619e-41 -1.43432e-42 -1.60456e-44 -2.42673e-43 -3.11798e-42 -1.01208e-42  2.68112e-42  1.75738e-42 -3.07092e-42 -3.65676e-42  5.28991e-42  6.74388e-42  -8.5647e-42 -1.11773e-41  1.25831e-41  1.65338e-41 -1.66541e-41 -2.16506e-41  1.96164e-41  2.48254e-41 -2.02758e-41 -2.45587e-41   1.8049e-41  2.05306e-41 -1.34876e-41 -1.40809e-41  8.15681e-42  7.57683e-42 -3.77218e-42 -2.97054e-42  1.20719e-42  7.33734e-43  -2.1279e-43 -7.37441e-44
-1.05618e-37 -6.97137e-36 -1.93705e-37 -8.98607e-35  2.29957e-36  2.65649e-35 -2.29405e-36  4.64465e-34  1.86781e-35 -1.64975e-35  1.58837e-36 -5.25654e-34 -9.20583e-36  2.12414e-34 -2.59132e-35 -2.34054e-33  -3.8381e-35  6.17416e-33 -2.66645e-35 -3.74239e-33 -2.87071e-35  1.48959e-33 -1.02372e-35 -7.42521e-34 -5.65103e-35 -1.03723e-33  4.23821e-35  8.18849e-34 -7.22222e-36 -1.19412e-33  -5.8257e-36  2.21233e-33  5.19792e-35 -1.34602e-33 -3.42206e-35  1.38759e-34 -3.70864e-35 -2.96581e-34  3.59187e-35  2.23117e-35  1.95114e-36  3.33397e-34  9.26957e-36 -1.78163e-34 -9.61439e-36  -8.8534e-35  4.91283e-36  2.23198e-35  -2.5709e-36  5.92152e-35  4.59711e-37 -3.11905e-35 -1.05275e-37  8.27708e-36 -9.68093e-38  5.16862e-36  3.98126e-37 -5.75133e-36 -3.18972e-37  3.04421e-36    3.494e-37   2.7229e-36 -2.70414e-38 -1.15405e-36   4.4806e-38  1.62594e-37 -1.88612e-38  -2.8748e-37  5.61544e-39  1.10193e-37 -1.03795e-39  5.87016e-38 -1.01679e-38   3.6108e-39  -6.2676e-39  8.01519e-39 -2.36139e-39 -2.14382e-39 -9.55922e-40 -1.00576e-38 -1.52573e-40  2.79605e-39  4.35828e-40  5.14509e-40 -1.16884e-40 -5.73218e-40  2.89192e-41 -9.12393e-42  2.35419e-41  2.79206e-40 -3.83372e-42 -1.52827e-40  7.55348e-43  2.29449e-41 -2.49783e-42  1.45285e-42  1.62241e-42  -6.1085e-42 -5.53711e-42  9.30151e-42  1.08669e-41 -1.45769e-41 -2.04694e-41   2.4351e-41  3.47568e-41 -3.74208e-41 -5.30778e-41  5.19966e-41  7.23181e-41 -6.46804e-41 -8.70237e-41  7.10979e-41  9.12536e-41 -6.79313e-41 -8.18904e-41  5.51894e-41  6.13323e-41 -3.69791e-41 -3.69652e-41  1.95355e-41  1.69353e-41 -7.56228e-42 -5.33092e-42  1.85976e-42  9.15394e-43 -1.88717e-43
-6.40282e-37 -3.05634e-37 -1.46197e-35 -1.42178e-37 -1.38659e-34  3.65491e-36  3.24951e-35 -2.13881e-36  4.82755e-34  2.45301e-35  -1.2288e-34 -5.19377e-36 -5.21884e-34 -6.64073e-36  5.04211e-34 -3.08054e-35 -2.99482e-33 -2.66645e-35  7.22389e-33   -1.169e-35 -4.59917e-33  -2.4309e-35  1.93143e-33 -1.50701e-35 -1.11633e-33 -5.97257e-35 -5.54771e-34  4.62113e-35    4.434e-34 -1.76468e-35 -1.24908e-33 -5.56097e-36  2.34102e-33  5.53688e-35 -1.39373e-33 -3.34261e-35  1.40303e-34 -4.25544e-35 -3.63954e-34  4.26221e-35   2.9766e-35  3.73759e-37  3.68944e-34    9.158e-36 -1.91485e-34 -9.74816e-36 -1.21773e-34  3.89871e-36   2.9037e-35 -2.20567e-36  6.79523e-35  6.61604e-37 -3.55808e-35  7.22188e-38  7.95679e-36 -8.47441e-38  5.18236e-36  3.71812e-37 -5.77669e-36 -3.89181e-37  3.52939e-36  3.59756e-37  3.08704e-36 -1.32271e-38 -1.14856e-36  6.62172e-38  1.47223e-37 -2.32235e-38 -3.75328e-37  1.33061e-38  1.60829e-37  1.08886e-39  4.74654e-38   -1.471e-38  9.00006e-39 -6.73131e-39   8.2581e-39 -2.57618e-39 -3.68551e-39 -1.26558e-39 -1.32558e-38 -2.82186e-40  4.03049e-39  5.60174e-40  6.08716e-40 -1.48599e-40 -7.16647e-40    4.195e-41 -6.48628e-42   2.1398e-41  3.12553e-40  -4.5756e-42 -1.74529e-40  2.25959e-42  1.98984e-41 -7.92166e-42  8.77746e-42  1.33141e-41 -2.12728e-41 -3.01367e-41  3.88957e-41  5.72415e-41 -6.53673e-41  -9.9978e-41  1.04514e-40  1.57805e-40 -1.52069e-40 -2.23653e-40  1.98974e-40   2.8195e-40 -2.31408e-40 -3.12359e-40  2.35679e-40  2.99291e-40 -2.06164e-40  -2.4273e-40    1.509e-40  1.61645e-40 -8.90588e-41  -8.4469e-41  4.00604e-41  3.21435e-41  -1.2455e-41 -7.69641e-42  2.14223e-42  7.48255e-43
  5.6597e-38  1.99453e-36 -6.37802e-37  -2.4274e-35  1.86433e-37 -1.84972e-34  5.12004e-36  3.15136e-35 -6.55044e-37  5.09076e-34  3.02449e-35 -3.09062e-34 -1.47279e-35 -4.77786e-34 -4.63068e-36  8.00713e-34 -3.15735e-35 -3.74239e-33   -1.169e-35  8.44364e-33  5.28705e-36  -5.5688e-33 -2.14276e-35  2.43056e-33 -1.91791e-35 -1.57465e-33 -6.19456e-35   9.2805e-35  5.09344e-35 -4.45324e-36 -2.76576e-35 -1.23616e-33 -5.84181e-36  2.29953e-33  5.85604e-35 -1.32482e-33 -3.09915e-35  1.27438e-34 -4.64533e-35 -4.33223e-34  4.83492e-35  3.21806e-35 -8.31353e-37  3.96495e-34  8.46886e-36 -1.98726e-34 -9.06388e-36 -1.54238e-34  2.48219e-36  3.64525e-35 -1.98729e-36  7.65987e-35   9.0749e-37  -3.9852e-35  3.44191e-37  7.21271e-36 -1.26298e-37  4.72133e-36  3.41872e-37 -5.58729e-36 -4.59755e-37  3.99893e-36  3.58015e-37  3.30082e-36  1.40768e-38 -1.00379e-36  9.18947e-38  1.43894e-37 -2.89981e-38 -4.87294e-37  2.26641e-38  2.08412e-37  3.93257e-39  3.57908e-38 -1.95106e-38  1.64359e-38 -7.08408e-39  5.96968e-39 -2.54388e-39 -5.40991e-39 -1.49251e-39  -1.6923e-38 -4.46133e-40  5.48666e-39  7.04782e-40  6.79672e-40 -1.96327e-40 -8.33079e-40  5.76896e-41   1.4176e-41  1.69346e-41  3.29487e-40 -9.12468e-42 -1.88164e-40  1.39288e-41  3.01035e-42  -3.7086e-41  4.42243e-41  7.46248e-41 -9.15798e-41 -1.49255e-40   1.6648e-40  2.67529e-40 -2.74811e-40 -4.36733e-40  4.17106e-40   6.4336e-40 -5.71776e-40 -8.48112e-40  6.99788e-40  9.89558e-40 -7.54239e-40 -1.00753e-39  7.03346e-40  8.78515e-40 -5.54364e-40 -6.39329e-40  3.57698e-40  3.74166e-40 -1.80478e-40 -1.66225e-40  6.62703e-41  5.06243e-41 -1.54651e-41 -8.38259e-42  1.51709e-42
 6.24906e-36  1.31196e-37  1.04557e-35 -1.15325e-36 -3.46344e-35  1.03447e-36 -2.21726e-34  6.32205e-36  2.25955e-35  2.32828e-36  5.63852e-34  3.50433e-35 -5.69895e-34 -2.56169e-35 -4.23534e-34 -4.31132e-36  1.11914e-33 -2.87071e-35 -4.59917e-33  5.28705e-36  9.83407e-33  2.34917e-35   -6.624e-33 -2.30573e-35  2.92933e-33 -2.10103e-35 -2.02409e-33  -6.3261e-35  8.04073e-34  5.49298e-35 -4.47354e-34 -3.56802e-35 -1.16506e-33 -7.07811e-36  2.09351e-33  6.15479e-35 -1.15788e-33 -2.67809e-35  1.10098e-34 -4.80328e-35  -4.9728e-34   5.2228e-35  3.36013e-35   -1.386e-36  4.11272e-34  7.52112e-36 -1.99287e-34 -7.58887e-36 -1.83905e-34  8.53678e-37   4.4793e-35 -1.91664e-36  8.50244e-35  1.12187e-36 -4.35174e-35  7.00457e-37  6.11056e-36 -2.64847e-37  3.53551e-36  3.12233e-37 -5.09945e-36 -5.20698e-37  4.40204e-36  3.46253e-37  3.30115e-36  5.81393e-38 -7.24289e-37  1.21797e-37  1.51994e-37 -3.62438e-38 -6.15997e-37  3.29743e-38  2.49555e-37  7.45429e-39  2.69856e-38  -2.4051e-38  2.56385e-38 -7.39276e-39  7.75349e-40 -2.19831e-39 -7.41247e-39 -1.56663e-39  -2.0847e-38 -6.30663e-40  7.04964e-39  8.74104e-40  7.14831e-40  -2.6555e-40 -9.08089e-40  7.43241e-41  6.66821e-41   1.6975e-41  3.16813e-40 -3.64287e-41 -1.69977e-40  7.90907e-41 -7.61259e-41 -1.80958e-40   2.0458e-40  3.60512e-40 -3.92507e-40   -6.697e-40   6.8117e-40  1.12951e-39 -1.07341e-39 -1.72785e-39  1.53426e-39  2.37718e-39 -1.96392e-39 -2.91246e-39  2.22123e-39   3.1374e-39 -2.18203e-39 -2.92277e-39  1.82021e-39  2.30296e-39 -1.25071e-39 -1.48781e-39  6.78669e-40  7.52482e-40 -2.73708e-40 -2.76203e-40  7.46661e-41  6.34838e-41 -1.13753e-41  -5.8844e-42
 -3.7782e-38  1.28674e-35  2.19802e-37  2.60282e-35  -1.9691e-36 -4.47113e-35  2.69323e-36 -2.41292e-34  6.82358e-36 -1.90485e-36  6.39815e-36  6.64187e-34  3.82966e-35 -8.71172e-34 -3.61767e-35 -4.13479e-34 -6.27514e-36  1.48959e-33  -2.4309e-35  -5.5688e-33  2.34917e-35  1.13593e-32  4.26668e-35 -7.69328e-33 -3.11777e-35  3.33466e-33 -1.94503e-35 -2.35689e-33 -6.32451e-35  1.46555e-33  5.63033e-35 -8.09392e-34 -4.04708e-35 -1.04897e-33 -9.39919e-36  1.75405e-33  6.42936e-35 -9.31476e-34 -2.08279e-35  9.65485e-35 -4.68347e-35 -5.45274e-34   5.3588e-35  3.77573e-35 -1.12865e-36  4.10859e-34  6.70609e-36 -1.93667e-34 -5.48382e-36 -2.09112e-34  -7.7058e-37  5.40008e-35  -1.9035e-36   9.2868e-35  1.19677e-36 -4.59511e-35  1.12244e-36  4.76546e-36 -5.53858e-37  1.43691e-36  2.85241e-37 -4.23232e-36 -5.62128e-37  4.66379e-36  3.26062e-37  3.05567e-36  1.21684e-37 -3.41831e-37  1.55708e-37   1.5816e-37 -4.46737e-38 -7.47574e-37  4.32212e-38  2.81143e-37  1.15201e-38  2.47193e-38 -2.78105e-38  3.61848e-38 -7.76224e-39 -7.20192e-39 -1.50338e-39 -9.84003e-39 -1.42317e-39 -2.47179e-38 -8.17174e-40  8.54913e-39  1.07435e-39  7.06984e-40  -3.5783e-40 -9.41865e-40  7.78447e-41  1.79764e-40  5.98705e-41  2.26379e-40 -1.77475e-40 -1.69924e-41  3.93428e-40 -4.23866e-40 -8.26032e-40  8.75559e-40  1.56944e-39 -1.57967e-39  -2.7393e-39  2.58833e-39  4.34518e-39 -3.83393e-39 -6.22699e-39  5.09135e-39  7.98795e-39 -5.97361e-39 -9.06743e-39  6.07723e-39  8.97428e-39 -5.22447e-39 -7.59487e-39  3.65691e-39  5.35178e-39 -1.96855e-39 -3.02238e-39  7.39754e-40  1.28938e-39 -1.59396e-40 -3.74501e-40  1.04016e-41  5.85565e-41  5.58484e-43
 9.59332e-37 -7.38686e-38  1.80328e-35   2.9632e-37  4.65712e-35 -3.26501e-36 -5.28805e-35   5.4094e-36 -2.33903e-34  6.29471e-36 -5.47344e-35  1.06343e-35  8.10154e-34  3.98115e-35 -1.14745e-33 -4.50946e-35 -5.06968e-34 -1.02372e-35  1.93143e-33 -2.14276e-35   -6.624e-33  4.26668e-35  1.29339e-32  6.27741e-35 -8.66248e-33 -4.61011e-35  3.54244e-33 -1.39809e-35 -2.48241e-33 -6.10378e-35  1.98164e-33  5.35614e-35 -1.03512e-33  -4.1547e-35 -8.98519e-34 -1.25737e-35  1.32967e-33  6.67304e-35 -6.93329e-34  -1.3291e-35  9.03903e-35 -4.28321e-35 -5.65296e-34  5.20663e-35  4.72857e-35  2.84903e-38   3.9545e-34  6.34858e-36  -1.8336e-34  -3.0163e-36 -2.28369e-34 -2.19794e-36  6.34876e-35 -1.77505e-36  9.95461e-35  1.01169e-36 -4.65806e-35  1.59079e-36  3.37354e-36 -1.04713e-36 -1.65391e-36  2.58064e-37 -2.92428e-36 -5.76279e-37  4.69675e-36  2.97252e-37  2.57764e-36   2.0672e-37  8.76342e-38  1.93208e-37  1.36083e-37 -5.36327e-38 -8.63869e-37  5.22185e-38  3.00395e-37  1.58787e-38   3.2034e-38 -3.04056e-38  4.75288e-38 -8.32546e-39 -1.72048e-38 -4.65503e-40 -1.28819e-38  -1.0138e-39 -2.81697e-38 -9.86438e-40  9.78698e-39  1.30557e-39  6.60602e-40 -4.51783e-40 -9.73192e-40  -5.2625e-42  4.48248e-40  3.25182e-40   -1.423e-40 -8.28893e-40  6.88656e-40  1.76169e-39 -1.83524e-39 -3.46933e-39  3.43935e-39  6.24097e-39 -5.81169e-39  -1.0257e-38  8.86122e-39  1.52791e-38  -1.2058e-38 -2.04642e-38  1.44015e-38  2.43849e-38 -1.47082e-38 -2.55073e-38  1.23107e-38  2.30185e-38 -7.76816e-39 -1.75089e-38  2.88607e-39  1.08667e-38  3.53726e-40 -5.24379e-39 -1.25219e-39  1.81834e-39  7.47268e-40 -3.89027e-40 -1.76996e-40  3.27906e-41
 1.29563e-38  2.50056e-36  -6.5934e-38  1.97908e-35   3.0211e-37   6.6205e-35 -5.20963e-36 -5.68064e-35  9.26159e-36  -1.8584e-34  4.67462e-36 -1.48696e-34  1.38985e-35  9.75606e-34  3.99908e-35 -1.31426e-33 -5.18155e-35 -7.42521e-34 -1.50701e-35  2.43056e-33 -2.30573e-35 -7.69328e-33  6.27741e-35  1.44243e-32  8.34997e-35  -9.3944e-33 -6.62455e-35  3.46914e-33 -4.60149e-36  -2.3538e-33 -5.55876e-35  2.29706e-33  4.61351e-35   -1.101e-33 -3.94158e-35 -7.18318e-34  -1.6076e-35  8.75264e-34  6.87619e-35 -4.88333e-34 -4.37162e-36  9.01786e-35  -3.6464e-35 -5.47995e-34  4.76458e-35  6.35649e-35   2.1528e-36  3.67081e-34  6.58887e-36  -1.7048e-34 -5.08477e-37 -2.40213e-34 -3.29964e-36  7.21202e-35 -1.30734e-36  1.04334e-34  4.61411e-37 -4.50925e-35  2.09329e-36  2.22437e-36 -1.78308e-36 -5.68502e-36  2.18486e-37 -1.14524e-36 -5.58702e-37  4.41777e-36  2.57533e-37  1.93174e-36  3.14299e-37     4.93e-37  2.33691e-37  5.07307e-38 -6.21807e-38 -9.46657e-37  5.88174e-38  3.05585e-37    2.016e-38  5.00809e-38 -3.17306e-38  5.90125e-38 -9.22892e-39 -2.78314e-38   8.5821e-40 -1.67472e-38  -3.1782e-40 -3.08431e-38  -1.1151e-39  1.05708e-38  1.52607e-39  6.22595e-40 -4.17934e-40 -1.17088e-39 -5.08822e-40  1.24191e-39  1.57204e-39 -1.57309e-39 -3.57198e-39  3.47193e-39  7.20927e-39 -6.98266e-39 -1.33998e-38  1.20557e-38  2.27635e-38 -1.86464e-38 -3.51786e-38   2.5433e-38   4.9055e-38 -2.97208e-38 -6.11308e-38  2.81243e-38  6.72449e-38 -1.85436e-38 -6.42713e-38  2.67667e-39  5.22722e-38  1.32476e-38  -3.5157e-38 -2.16483e-38  1.87651e-38  1.94276e-38 -7.45571e-39 -1.08844e-38  1.97053e-39  3.42185e-39 -2.69381e-40 -3.83943e-40
