 3.01044e-16  -1.2041e-26 -1.00616e-14  3.28839e-25  1.34173e-13 -3.23339e-24 -1.10204e-12  2.11536e-23  6.42608e-12 -1.02993e-22 -2.85337e-11  3.94556e-22  1.00419e-10 -1.23264e-21 -2.86858e-10  3.21345e-21  6.73938e-10 -7.09731e-21   -1.308e-09  1.34151e-20  2.08701e-09 -2.18379e-20  -2.6878e-09  3.07074e-20  2.66842e-09 -3.72902e-20 -1.78988e-09  3.89575e-20  3.43577e-10 -3.47115e-20   8.9373e-10  2.59526e-20 -1.21024e-09  -1.5784e-20  5.86592e-10  7.28579e-21  2.67732e-10 -2.02543e-21 -5.95384e-10 -2.21814e-22  2.90619e-10   6.5791e-22  1.42594e-10 -4.41177e-22 -2.50636e-10  1.89706e-22  7.24062e-11  -5.7855e-23  8.16339e-11  1.04091e-23  -7.0563e-11  2.09396e-24 -1.94154e-12 -3.17601e-24  2.46635e-11  1.54706e-24 -7.32486e-12  -3.6341e-25  -3.2424e-12   2.1613e-26  1.38915e-12
 -1.2041e-26  1.43067e-14 -1.50968e-25 -2.73082e-13  2.49963e-24  2.78539e-12 -1.95271e-23 -1.90551e-11  1.08336e-22  9.63466e-11  -4.5953e-22 -3.79418e-10  1.56386e-21  1.20023e-09 -4.40325e-21 -3.10534e-09  1.04507e-20  6.62853e-09 -2.11641e-20 -1.16728e-08  3.68693e-20  1.67747e-08 -5.55218e-20 -1.90989e-08  7.24193e-20  1.59669e-08 -8.17457e-20 -7.40235e-09   7.9546e-20 -2.60338e-09 -6.62369e-20  8.28465e-09  4.66322e-20 -6.77024e-09 -2.72376e-20  8.29086e-10  1.27955e-20  3.68654e-09 -4.54877e-21 -3.45925e-09   1.0051e-21  3.28927e-10  8.13908e-23  1.74148e-09  -2.7948e-22 -1.24193e-09  2.47681e-22 -1.76719e-10  -1.5931e-22  6.60239e-10  6.95509e-23 -2.25868e-10 -1.40608e-23 -1.51403e-10 -3.71278e-24  1.23088e-10  3.31956e-24  1.13024e-12 -7.67936e-25 -2.05391e-11  2.58019e-26
-1.00616e-14 -1.50968e-25   3.3641e-13  -7.3738e-25 -4.48749e-12  8.85915e-24  3.68673e-11 -5.94809e-23 -2.15009e-10  2.88768e-22  9.54752e-10 -1.08342e-21  -3.3598e-09  3.31359e-21  9.59507e-09 -8.48701e-21 -2.25309e-08  1.84489e-20  4.36904e-08 -3.43236e-20 -6.96102e-08  5.49471e-20  8.94244e-08 -7.58645e-20 -8.83541e-08  9.02688e-20  5.85411e-08 -9.22033e-20 -1.00023e-08  8.02883e-20 -3.10451e-08  -5.9063e-20  4.08403e-08  3.64603e-20 -1.91546e-08 -1.91341e-20 -9.76442e-09  9.25995e-21  2.04254e-08 -4.94063e-21 -9.65585e-09  3.05523e-21 -5.15594e-09 -1.68971e-21  8.65451e-09  5.24622e-22 -2.40452e-09  1.51408e-22 -2.88191e-09 -2.93192e-22  2.44522e-09  1.70011e-22  7.94092e-11  -4.4584e-23 -8.61656e-10 -2.09521e-24  2.57471e-10  4.54476e-24  1.10372e-10 -8.05238e-25 -4.76855e-11
 3.28839e-25 -2.73082e-13  -7.3738e-25  5.21417e-12 -1.99017e-24 -5.31974e-11  2.23513e-23  3.63995e-10 -1.42818e-22 -1.84062e-09  6.18706e-22  7.24838e-09 -2.07736e-21 -2.29257e-08  5.79618e-21  5.92954e-08 -1.36831e-20 -1.26492e-07   2.7448e-20  2.22524e-07 -4.69058e-20 -3.19233e-07  6.82777e-20  3.62334e-07  -8.4194e-20  -3.0089e-07  8.67205e-20  1.36108e-07 -7.24317e-20  5.47654e-08  4.58789e-20 -1.61159e-07 -1.78903e-20  1.29083e-07  -9.2643e-22 -1.32798e-08  6.57973e-21 -7.30643e-08 -2.90528e-21  6.69506e-08 -2.80343e-21  -5.3356e-09   5.4308e-21 -3.46139e-08 -4.38115e-21  2.42246e-08  1.89788e-21  3.73912e-09 -1.10613e-22  -1.3096e-08 -4.29619e-22   4.4492e-09  2.86126e-22  2.99919e-09 -7.64631e-23 -2.44659e-09 -6.97997e-25 -2.30123e-12  4.48792e-24  3.96367e-10 -3.12675e-25
 1.34173e-13  2.49963e-24 -4.48749e-12 -1.99017e-24   5.9876e-11 -5.48222e-24 -4.92015e-10   7.8404e-23   2.8698e-09 -4.56638e-22  -1.2744e-08  1.72679e-21  4.48437e-08 -5.24908e-21  -1.2804e-07  1.35955e-20   3.0054e-07 -3.00216e-20 -5.82379e-07  5.63602e-20  9.26789e-07 -8.99104e-20 -1.18816e-06  1.21383e-19  1.16927e-06 -1.36799e-19 -7.66684e-07  1.24522e-19  1.16965e-07 -8.39559e-20  4.27393e-07  2.89067e-20 -5.49637e-07  1.88834e-20  2.51061e-07 -4.25323e-20   1.3913e-07  3.95407e-20 -2.78686e-07 -2.10424e-20  1.28804e-07  2.33637e-21  7.27801e-08  7.17929e-21 -1.18755e-07 -7.37368e-21  3.23655e-08  3.53095e-21  3.99311e-08 -4.19924e-22 -3.37249e-08 -5.71179e-22 -9.91601e-10   3.8305e-22  1.18371e-08  -8.9939e-23 -3.63549e-09  -2.1428e-24 -1.43637e-09  2.75447e-24  6.37041e-10
-3.23339e-24  2.78539e-12  8.85915e-24 -5.31974e-11 -5.48222e-24  5.42858e-10 -2.90555e-23 -3.71499e-09  3.59553e-22  1.87872e-08 -1.65286e-21 -7.39846e-08  5.35287e-21   2.3398e-07 -1.47758e-20 -6.05017e-07  3.55148e-20  1.29007e-06 -7.34093e-20 -2.26771e-06  1.30091e-19  3.24893e-06 -1.97918e-19 -3.67858e-06  2.57792e-19  3.03841e-06 -2.84156e-19 -1.34648e-06  2.57815e-19 -6.00797e-07 -1.79805e-19  1.67083e-06  7.54315e-20 -1.31842e-06  1.72437e-20  1.16467e-07 -6.80561e-20  7.67952e-07   7.0541e-20  -6.9299e-07 -4.22786e-20  4.89637e-08  1.00942e-20  3.64174e-07  7.91523e-21 -2.53009e-07 -9.99209e-21 -3.96123e-08  4.78995e-21  1.37546e-07 -4.54159e-22 -4.73955e-08 -7.61397e-22 -3.08543e-08  4.23775e-22  2.57863e-08 -7.12616e-23 -4.05356e-10 -4.82903e-24  -3.9518e-09 -1.39559e-25
-1.10204e-12 -1.95271e-23  3.68673e-11  2.23513e-23 -4.92015e-10 -2.90555e-23  4.04365e-09 -1.43702e-22 -2.35882e-08  1.22263e-21  1.04753e-07 -4.23491e-21 -3.68596e-07  1.15089e-20   1.0523e-06  -2.8645e-20 -2.46932e-06  6.39972e-20  4.78265e-06 -1.25061e-19 -7.60471e-06  2.13453e-19  9.73499e-06 -3.19379e-19 -9.55197e-06  4.17938e-19  6.21332e-06 -4.73124e-19 -8.58079e-07  4.52849e-19 -3.59991e-06 -3.49452e-19  4.55631e-06   1.9148e-19 -2.04456e-06 -3.45231e-20 -1.19592e-06 -6.72235e-20  2.33485e-06  9.21332e-20   -1.068e-06 -6.11562e-20  -6.1813e-07   1.6988e-20  9.99592e-07  8.72897e-21 -2.74274e-07 -1.16281e-20 -3.34269e-07    4.807e-21  2.85858e-07   1.3816e-22  4.63875e-09   -9.893e-22 -9.83801e-08  3.67237e-22  3.18721e-08 -2.47181e-23  1.08316e-08 -3.34786e-24 -5.07222e-09
 2.11536e-23 -1.90551e-11 -5.94809e-23  3.63995e-10   7.8404e-23 -3.71499e-09 -1.43702e-22  2.54261e-08 -4.43094e-22 -1.28593e-07  2.24422e-21  5.06413e-07 -4.35302e-21 -1.60148e-06  6.96602e-21  4.14049e-06 -1.35785e-20 -8.82634e-06  3.01695e-20  1.55077e-05 -6.59947e-20 -2.21991e-05  1.35067e-19  2.50948e-05 -2.48538e-19 -2.06518e-05    3.965e-19  9.01694e-06 -5.34547e-19  4.32243e-06  5.95523e-19 -1.15888e-05 -5.29649e-19  9.06489e-06   3.4665e-19  -7.2864e-07 -1.22907e-19 -5.36952e-06 -4.33636e-20  4.81958e-06  9.99425e-20 -3.36081e-07 -6.99102e-20  -2.5423e-06   1.7356e-20  1.77827e-06  1.09668e-20   2.6009e-07 -1.12578e-20 -9.58536e-07     2.73e-21   3.4373e-07  1.41975e-21  2.05017e-07  -1.1045e-21 -1.80554e-07  1.88205e-22  7.74605e-09  2.39258e-23  2.52105e-08  2.69443e-24
 6.42608e-12  1.08336e-22 -2.15009e-10 -1.42818e-22   2.8698e-09  3.59553e-22 -2.35882e-08 -4.43094e-22   1.3761e-07 -6.09646e-22 -6.11149e-07 -1.08262e-21  2.15048e-06  1.52953e-20 -6.13915e-06 -5.23718e-20  1.44045e-05  1.21356e-19  -2.7893e-05 -2.23291e-19  4.43339e-05  3.31027e-19 -5.67096e-05 -3.77592e-19  5.55525e-05  2.85044e-19 -3.59627e-05 -2.80074e-20  4.63234e-06 -3.17364e-19   2.1375e-05  5.94711e-19 -2.68294e-05 -6.62186e-19  1.19629e-05   4.9592e-19  7.13518e-06 -2.14846e-19 -1.38442e-05 -1.12831e-20  6.36552e-06   9.2064e-20  3.62551e-06  -6.0738e-20 -5.94687e-06  7.31192e-21  1.69621e-06  1.35033e-20  1.93886e-06 -6.88391e-21 -1.71605e-06 -1.89126e-21  1.63304e-08  2.96566e-21  5.67027e-07 -8.79639e-22 -1.99925e-07 -7.32993e-23 -5.25336e-08  3.98867e-23  2.73773e-08
-1.02993e-22  9.63466e-11  2.88768e-22 -1.84062e-09 -4.56638e-22  1.87872e-08  1.22263e-21 -1.28593e-07 -6.09646e-22  6.50399e-07  1.28187e-21 -2.56146e-06 -2.21031e-20  8.10062e-06  9.20433e-20 -2.09436e-05 -2.43238e-19  4.46445e-05  5.06531e-19 -7.84325e-05 -8.78359e-19   0.00011225  1.26739e-18 -0.000126826  -1.4921e-18  0.000104219  1.37215e-18 -4.51811e-05 -8.66286e-19 -2.24626e-05  1.46361e-19  5.92561e-05  4.75553e-19 -4.62999e-05 -7.36823e-19  3.74599e-06  6.02712e-19   2.7488e-05 -2.77384e-19 -2.48441e-05  1.81642e-20  1.96502e-06  6.26838e-20  1.29471e-05 -2.76737e-20 -9.28061e-06 -1.13074e-20 -1.11801e-06  1.12627e-20  4.87031e-06  3.85124e-21  -1.8739e-06 -8.49709e-21 -9.53214e-07  3.92372e-21  9.22386e-07 -2.07841e-22 -7.68201e-08 -2.93117e-22  -1.1064e-07  2.34902e-23
-2.85337e-11  -4.5953e-22  9.54752e-10  6.18706e-22  -1.2744e-08 -1.65286e-21  1.04753e-07  2.24422e-21 -6.11149e-07  1.28187e-21  2.71436e-06  1.00799e-20 -9.55182e-06  -8.2919e-20  2.72707e-05  2.71081e-19 -6.39927e-05  -6.3505e-19  0.000123932  1.22368e-18  -0.00019701 -1.98993e-18  0.000252041  2.71468e-18 -0.000246908 -3.06168e-18  0.000159737  2.76814e-18 -2.01761e-05 -1.84719e-18 -9.58785e-05  6.38636e-19  0.000120438  3.56781e-19 -5.41485e-05  -7.8025e-19 -3.15511e-05  6.51194e-19  6.22947e-05 -3.00237e-19 -2.93552e-05  5.43354e-20 -1.56192e-05 -1.78076e-21  2.67987e-05  3.01914e-20 -8.24395e-06 -2.90856e-20 -8.28415e-06 -3.15002e-21  7.81866e-06  2.15386e-20 -3.97073e-07  -1.4993e-20 -2.40777e-06  3.39404e-21  9.59976e-07  7.25719e-22  1.59205e-07  -3.4555e-22 -1.04856e-07
 3.94556e-22 -3.79418e-10 -1.08342e-21  7.24838e-09  1.72679e-21 -7.39846e-08 -4.23491e-21  5.06413e-07 -1.08262e-21 -2.56146e-06  1.00799e-20  1.00886e-05  3.27188e-20 -3.19093e-05 -2.02048e-19  8.25154e-05   5.7012e-19 -0.000175943 -1.22579e-18  0.000309224   2.2154e-18 -0.000442807 -3.39347e-18  0.000500727  4.37165e-18 -0.000412027 -4.67876e-18  0.000179174  4.04387e-18  8.85526e-05 -2.60978e-18  -0.00023532  9.19639e-19  0.000185441  3.50146e-19 -1.71024e-05 -8.17754e-19 -0.000108326  6.44353e-19  0.000100136 -3.02197e-19 -1.01516e-05  1.26914e-19 -5.04845e-05 -1.15108e-19  3.79374e-05  1.02438e-19   2.8845e-06 -2.99254e-20 -1.89182e-05 -3.50917e-20  8.09365e-06   4.2743e-20  3.15276e-06 -1.81591e-20 -3.59999e-06  1.09975e-21  5.06198e-07  1.46003e-21  3.33454e-07 -2.52126e-22
 1.00419e-10  1.56386e-21  -3.3598e-09 -2.07736e-21  4.48437e-08  5.35287e-21 -3.68596e-07 -4.35302e-21  2.15048e-06 -2.21031e-20 -9.55182e-06  3.27188e-20  3.36176e-05  7.34431e-20 -9.60023e-05 -3.74297e-19  0.000225362  9.52167e-19 -0.000436699 -1.92936e-18  0.000694796  3.31784e-18 -0.000890047 -4.82625e-18  0.000873842  5.90016e-18 -0.000567995 -5.99496e-18  7.53028e-05  4.90202e-18  0.000337565 -2.93242e-18 -0.000429259  8.54486e-19  0.000198179  5.04016e-19  0.000106623  -8.5382e-19 -0.000221228   5.9633e-19  0.000109395  -3.2313e-19  5.05749e-05  2.70998e-19 -9.50329e-05 -2.74794e-19  3.28107e-05   1.6189e-19  2.66826e-05  3.86739e-21 -2.80725e-05 -8.26571e-20  3.12493e-06  5.98604e-20  7.69923e-06 -1.54078e-20 -3.64936e-06 -2.16838e-21 -1.91857e-07  1.64164e-21  2.81309e-07
-1.23264e-21  1.20023e-09  3.31359e-21 -2.29257e-08 -5.24908e-21   2.3398e-07  1.15089e-20 -1.60148e-06  1.52953e-20  8.10062e-06  -8.2919e-20 -3.19093e-05  7.34431e-20  0.000100952  1.27736e-19  -0.00026117  -5.6626e-19  0.000557259  1.35922e-18 -0.000980416 -2.67847e-18   0.00140621  4.45485e-18  -0.00159432 -6.21389e-18   0.00131846  7.25105e-18 -0.000582623 -6.98708e-18 -0.000270926  5.30387e-18  0.000748098 -2.74098e-18 -0.000601913  3.89004e-19  7.04799e-05  8.17229e-19  0.000337548 -8.75705e-19  -0.00032578  5.33002e-19  4.55466e-05 -4.17275e-19  0.000154317  5.07262e-19 -0.000125321 -4.47885e-19 -1.21028e-06  1.68659e-19  5.74078e-05  8.11733e-20 -2.84911e-05 -1.33691e-19 -6.94965e-06  6.43622e-20  1.09337e-05 -6.95778e-21 -2.41798e-06 -4.73797e-21 -6.02639e-07  1.21095e-21
-2.86858e-10 -4.40325e-21  9.59507e-09  5.79618e-21  -1.2804e-07 -1.47758e-20   1.0523e-06  6.96602e-21 -6.13915e-06  9.20433e-20  2.72707e-05 -2.02048e-19 -9.60023e-05  1.27736e-19   0.00027428  1.83124e-19 -0.000644344 -7.55801e-19   0.00125004  1.82586e-18   -0.0019924 -3.60829e-18   0.00255961  5.86743e-18  -0.00252563 -7.88371e-18   0.00166072  8.76959e-18 -0.000249059 -7.89313e-18  -0.00095221  5.28759e-18   0.00124475 -1.95683e-18  -0.00060329 -5.04617e-19 -0.000276537  1.24543e-18  0.000633873 -8.60504e-19 -0.000338365  5.05655e-19 -0.000121313  -6.4584e-19  0.000270557  8.21545e-19 -0.000109263 -5.71635e-19 -6.39477e-05  8.86387e-20  8.08976e-05   1.9072e-19 -1.58979e-05 -1.68786e-19 -1.82502e-05  5.20355e-20  1.11068e-05  3.80013e-21 -8.20505e-07 -5.59712e-21 -4.61442e-07
 3.21345e-21 -3.10534e-09 -8.48701e-21  5.92954e-08  1.35955e-20 -6.05017e-07  -2.8645e-20  4.14049e-06 -5.23718e-20 -2.09436e-05  2.71081e-19  8.25154e-05 -3.74297e-19  -0.00026117  1.83124e-19   0.00067618  2.35733e-19  -0.00144454 -1.01613e-18    0.0025463  2.61198e-18   -0.0036631 -5.18519e-18   0.00417386  8.17958e-18  -0.00348537 -1.04964e-17   0.00159031  1.09564e-17  0.000643478 -8.86931e-18  -0.00193588  4.71013e-18   0.00161601 -4.45551e-19 -0.000256623 -1.77296e-18 -0.000840295  1.66723e-18  0.000871561 -7.88635e-19 -0.000172977  6.00876e-19 -0.000371157 -1.05008e-18  0.000340247  1.15057e-18 -2.80433e-05 -5.75939e-19 -0.000135998 -8.12704e-20  8.27035e-05  2.98913e-19  6.41143e-06 -1.70674e-19 -2.56167e-05  2.64498e-20  8.67745e-06  1.18186e-20  5.01757e-08 -3.86585e-21
 6.73938e-10  1.04507e-20 -2.25309e-08 -1.36831e-20   3.0054e-07  3.55148e-20 -2.46932e-06 -1.35785e-20  1.44045e-05 -2.43238e-19 -6.39927e-05   5.7012e-19  0.000225362  -5.6626e-19 -0.000644344  2.35733e-19   0.00151559  3.21125e-19  -0.00294607 -1.58963e-18   0.00471009  4.23495e-18  -0.00608092 -8.13931e-18   0.00605295  1.21879e-17  -0.00406169 -1.46802e-17  0.000736196  1.40146e-17   0.00216686 -9.64232e-18  -0.00297679  3.19962e-18   0.00155473    1.827e-18  0.000532157 -3.16494e-18  -0.00147911  1.87674e-18  0.000881922   -6.775e-19  0.000195383   9.1949e-19 -0.000621634 -1.60779e-18  0.000306806  1.39113e-18  0.000104184  -4.2068e-19 -0.000187323 -3.00542e-19  5.92476e-05  3.64298e-19   2.9025e-05 -1.35733e-19 -2.67419e-05 -1.90143e-21  5.73857e-06  1.44284e-20  6.95724e-08
-7.09731e-21  6.62853e-09  1.84489e-20 -1.26492e-07 -3.00216e-20  1.29007e-06  6.39972e-20 -8.82634e-06  1.21356e-19  4.46445e-05  -6.3505e-19 -0.000175943  9.52167e-19  0.000557259 -7.55801e-19  -0.00144454  3.21125e-19   0.00309214   5.3696e-19  -0.00546752 -2.86594e-18    0.0079042  7.32357e-18  -0.00908032 -1.31822e-17   0.00770446  1.84484e-17  -0.00369975 -2.05455e-17  -0.00114614  1.74477e-17   0.00410154 -9.42993e-18  -0.00363026  3.98834e-19  0.000803761  4.57515e-18   0.00165904  -4.2082e-18  -0.00193309  1.66932e-18  0.000547249 -6.17884e-19  0.000686219  1.52164e-18 -0.000762695 -2.21261e-18   0.00015695  1.44267e-18  0.000242723 -1.26614e-19 -0.000197276 -4.97764e-19  2.11916e-05  3.58748e-19  4.35881e-05 -7.55475e-20 -2.34655e-05 -2.22423e-20  3.68211e-06  8.64818e-21
  -1.308e-09 -2.11641e-20  4.36904e-08   2.7448e-20 -5.82379e-07 -7.34093e-20  4.78265e-06  3.01695e-20  -2.7893e-05  5.06531e-19  0.000123932 -1.22579e-18 -0.000436699  1.35922e-18   0.00125004 -1.01613e-18  -0.00294607   5.3696e-19   0.00574458  1.02619e-18  -0.00922921 -5.24296e-18    0.0120092  1.23639e-17   -0.0121206 -2.06652e-17   0.00839357  2.68848e-17  -0.00192777 -2.73404e-17  -0.00394371  1.99791e-17   0.00589698 -7.26696e-18  -0.00342277 -3.64621e-18 -0.000653894   7.1116e-18   0.00279991 -4.35345e-18    -0.001947  9.90332e-19 -0.000104492 -7.67739e-19   0.00113736  2.37536e-18 -0.000723707 -2.70904e-18 -6.42809e-05  1.26145e-18  0.000340353  2.26768e-19 -0.000168501 -6.08577e-19 -1.53962e-05  2.88622e-19  4.83042e-05 -1.76403e-20 -1.86921e-05   -2.582e-20  2.11585e-06
 1.34151e-20 -1.16728e-08 -3.43236e-20  2.22524e-07  5.63602e-20 -2.26771e-06 -1.25061e-19  1.55077e-05 -2.23291e-19 -7.84325e-05  1.22368e-18  0.000309224 -1.92936e-18 -0.000980416  1.82586e-18    0.0025463 -1.58963e-18  -0.00546752  1.02619e-18   0.00971491  1.92097e-18   -0.0141526 -8.97098e-18    0.0164667  1.95114e-17   -0.0143166 -3.03751e-17   0.00739787  3.66101e-17   0.00132845 -3.34451e-17  -0.00706958  1.99547e-17   0.00684654 -2.63907e-18  -0.00212544 -8.21053e-18  -0.00249945  8.48934e-18   0.00354359 -3.22882e-18  -0.00142949  3.54199e-20 -0.000889975 -1.28509e-18   0.00139628  3.35288e-18 -0.000520013 -2.96381e-18 -0.000282931  8.87309e-19  0.000377529   5.3508e-19 -0.000120902 -6.01694e-19 -4.08168e-05  1.78727e-19  4.58841e-05  2.46279e-20 -1.32101e-05 -1.30008e-20
 2.08701e-09  3.68693e-20 -6.96102e-08 -4.69058e-20  9.26789e-07  1.30091e-19 -7.60471e-06 -6.59947e-20  4.43339e-05 -8.78359e-19  -0.00019701   2.2154e-18  0.000694796 -2.67847e-18   -0.0019924  2.61198e-18   0.00471009 -2.86594e-18  -0.00922921  1.92097e-18    0.0149409  3.29385e-18   -0.0196791 -1.40976e-17    0.0202854  2.85502e-17   -0.0147106 -4.15012e-17   0.00440119  4.59851e-17   0.00553458 -3.67629e-17  -0.00961541  1.61434e-17   0.00644054  3.93939e-18  4.84339e-05 -1.19473e-17  -0.00419267  7.83139e-18   0.00361971 -8.75946e-19 -0.000523359 -7.87236e-19   -0.0015734 -2.24156e-18   0.00141064  4.27745e-18 -0.000235256 -2.91893e-18 -0.000445367   4.2029e-19  0.000366545  7.25833e-19 -7.34453e-05 -5.09414e-19 -5.37205e-05  9.20445e-20  3.80316e-05  1.86022e-20 -6.77889e-06
-2.18379e-20  1.67747e-08  5.49471e-20 -3.19233e-07 -8.99104e-20  3.24893e-06  2.13453e-19 -2.21991e-05  3.31027e-19   0.00011225 -1.98993e-18 -0.000442807  3.31784e-18   0.00140621 -3.60829e-18   -0.0036631  4.23495e-18    0.0079042 -5.24296e-18   -0.0141526  3.29385e-18     0.020866  5.15374e-18   -0.0247575 -2.04922e-17     0.022321  3.88962e-17   -0.0127333 -5.26598e-17 -0.000194332  5.28688e-17   0.00965189 -3.54505e-17   -0.0107684  8.55746e-18   0.00468495  1.08336e-17   0.00250356 -1.33203e-17  -0.00525889  4.73706e-18   0.00305431  2.16518e-18  0.000485679  -1.0238e-18   -0.0020063 -3.57021e-18   0.00123992   4.9753e-18  4.36049e-05 -2.59321e-18 -0.000541027 -3.04635e-20  0.000330044  7.77471e-19 -3.50157e-05 -3.69602e-19 -5.42586e-05  2.13934e-20  2.51301e-05  1.14888e-20
 -2.6878e-09 -5.55218e-20  8.94244e-08  6.82777e-20 -1.18816e-06 -1.97918e-19  9.73499e-06  1.35067e-19 -5.67096e-05  1.26739e-18  0.000252041 -3.39347e-18 -0.000890047  4.45485e-18   0.00255961 -5.18519e-18  -0.00608092  7.32357e-18    0.0120092 -8.97098e-18   -0.0196791  5.15374e-18    0.0264202  7.46126e-18   -0.0281261 -2.78269e-17    0.0217867   4.9536e-17  -0.00861049 -6.19696e-17  -0.00530574   5.5115e-17    0.0125949 -2.87946e-17   -0.0102563 -1.22777e-18   0.00212922  1.58334e-17   0.00458589 -1.12432e-17    -0.005545  -4.1446e-19   0.00211973  5.00487e-18   0.00135268 -3.80134e-19  -0.00218599 -5.07245e-18  0.000984974    5.326e-18  0.000273783  -2.0851e-18  -0.00058384 -3.65393e-19  0.000282993   7.2219e-19 -1.05536e-05 -2.75038e-19 -4.17381e-05  5.63896e-20  1.06921e-05
 3.07074e-20 -1.90989e-08 -7.58645e-20  3.62334e-07  1.21383e-19 -3.67858e-06 -3.19379e-19  2.50948e-05 -3.77592e-19 -0.000126826  2.71468e-18  0.000500727 -4.82625e-18  -0.00159432  5.86743e-18   0.00417386 -8.13931e-18  -0.00908032  1.23639e-17    0.0164667 -1.40976e-17   -0.0247575  7.46126e-18    0.0303017  1.01133e-17   -0.0288528 -3.54816e-17    0.0187361  5.90048e-17  -0.00339847 -6.73596e-17  -0.00964313  5.13513e-17    0.0137941 -1.78125e-17  -0.00848853 -1.05681e-17 -0.000461967  1.70716e-17    0.0059403 -5.63343e-18  -0.00523918 -6.47589e-18   0.00112334  6.77423e-18   0.00199032  1.10005e-18  -0.00219476 -6.42117e-18  0.000714659  5.23232e-18  0.000448414 -1.46166e-18 -0.000586086 -6.08418e-19  0.000236049  6.48127e-19 -5.51572e-06 -1.91108e-19 -2.10081e-05 -6.43647e-21
 2.66842e-09  7.24193e-20 -8.83541e-08  -8.4194e-20  1.16927e-06  2.57792e-19 -9.55197e-06 -2.48538e-19  5.55525e-05  -1.4921e-18 -0.000246908  4.37165e-18  0.000873842 -6.21389e-18  -0.00252563  8.17958e-18   0.00605295 -1.31822e-17   -0.0121206  1.95114e-17    0.0202854 -2.04922e-17   -0.0281261  1.01133e-17    0.0315281  1.28995e-17   -0.0268683  -4.2511e-17    0.0141636   6.5622e-17   0.00148726 -6.72126e-17   -0.0123701  4.17602e-17    0.0134598 -5.07153e-18  -0.00625364 -1.68837e-17  -0.00255598  1.38573e-17   0.00662108  2.40014e-18  -0.00465518 -1.19454e-17  0.000229833  7.03528e-18   0.00243347  3.02902e-18  -0.00210505 -7.33243e-18  0.000457855  4.82845e-18  0.000565062 -1.00425e-18 -0.000558008 -5.81891e-19  0.000202197  4.80031e-19 -1.69842e-05 -1.95086e-19  -4.1928e-06
-3.72902e-20  1.59669e-08  9.02688e-20  -3.0089e-07 -1.36799e-19  3.03841e-06  4.17938e-19 -2.06518e-05  2.85044e-19  0.000104219 -3.06168e-18 -0.000412027  5.90016e-18   0.00131846 -7.88371e-18  -0.00348537  1.21879e-17   0.00770446 -2.06652e-17   -0.0143166  2.85502e-17     0.022321 -2.78269e-17   -0.0288528  1.28995e-17    0.0299857  1.54899e-17   -0.0231099 -4.78292e-17   0.00954553  6.80246e-17   0.00500578 -6.11143e-17   -0.0134876  2.82934e-17    0.0123314  6.39681e-18  -0.00420417 -1.88282e-17  -0.00406243  7.04168e-18   0.00689543    1.091e-17  -0.00400031 -1.56551e-17 -0.000540645  6.07325e-18   0.00273123  4.68247e-18  -0.00195291 -7.41726e-18  0.000237276  3.95377e-18  0.000621932  -3.5106e-19 -0.000517578 -8.29699e-19  0.000184908  5.42261e-19  -2.7774e-05  1.48725e-21
-1.78988e-09 -8.17457e-20  5.85411e-08  8.67205e-20 -7.66684e-07 -2.84156e-19  6.21332e-06    3.965e-19 -3.59627e-05  1.37215e-18  0.000159737 -4.67876e-18 -0.000567995  7.25105e-18   0.00166072 -1.04964e-17  -0.00406169  1.84484e-17   0.00839357 -3.03751e-17   -0.0147106  3.88962e-17    0.0217867 -3.54816e-17   -0.0268683  1.54899e-17    0.0265888  1.75092e-17   -0.0190753 -5.06053e-17   0.00605739  6.57449e-17   0.00697654 -5.02397e-17   -0.0136449  1.39541e-17    0.0111169   1.4525e-17  -0.00254948 -1.68538e-17  -0.00517446 -1.26914e-18   0.00696962  1.78969e-17  -0.00333097 -1.72511e-17  -0.00119973  4.60241e-18   0.00290248  5.65543e-18  -0.00177251 -7.03991e-18  7.59444e-05  3.45323e-18  0.000633081 -5.49296e-19 -0.000476358  -1.9863e-19  0.000165146  8.50775e-20 -2.18618e-05
 3.89575e-20 -7.40235e-09 -9.22033e-20  1.36108e-07  1.24522e-19 -1.34648e-06 -4.73124e-19  9.01694e-06 -2.80074e-20 -4.51811e-05  2.76814e-18  0.000179174 -5.99496e-18 -0.000582623  8.76959e-18   0.00159031 -1.46802e-17  -0.00369975  2.68848e-17   0.00739787 -4.15012e-17   -0.0127333   4.9536e-17    0.0187361  -4.2511e-17   -0.0231099  1.75092e-17    0.0228397  1.86894e-17   -0.0160129 -5.06363e-17   0.00401124  5.94678e-17   0.00795438 -3.70278e-17   -0.0135575  1.43601e-18     0.010101  1.90623e-17  -0.00116629 -1.28536e-17  -0.00606702 -8.64674e-18   0.00690258  2.22146e-17  -0.00266402 -1.73042e-17  -0.00173115  3.54219e-18   0.00297205  5.42442e-18  -0.00160586 -5.63189e-18 -2.64984e-05  1.95112e-18  0.000614501   6.7051e-19 -0.000416473 -1.11211e-18  0.000119659  1.61617e-19
 3.43577e-10   7.9546e-20 -1.00023e-08 -7.24317e-20  1.16965e-07  2.57815e-19 -8.58079e-07 -5.34547e-19  4.63234e-06 -8.66286e-19 -2.01761e-05  4.04387e-18  7.53028e-05 -6.98708e-18 -0.000249059  1.09564e-17  0.000736196 -2.05455e-17  -0.00192777  3.66101e-17   0.00440119 -5.26598e-17  -0.00861049  5.90048e-17    0.0141636 -4.78292e-17   -0.0190753  1.86894e-17    0.0200093  1.90041e-17   -0.0143115 -4.83932e-17   0.00292798  5.07723e-17   0.00863801 -2.41734e-17   -0.0135452 -8.04864e-18   0.00920541  2.13089e-17  8.34916e-05 -9.05677e-18  -0.00677284 -1.34953e-17    0.0067132  2.39498e-17  -0.00204989 -1.66651e-17  -0.00213034    3.067e-18   0.00298596  4.80335e-18  -0.00146828 -4.95541e-18 -8.43475e-05  2.45043e-18  0.000549157 -1.15086e-18 -0.000308846  1.01995e-18  5.52671e-05
-3.47115e-20 -2.60338e-09  8.02883e-20  5.47654e-08 -8.39559e-20 -6.00797e-07  4.52849e-19  4.32243e-06 -3.17364e-19 -2.24626e-05 -1.84719e-18  8.85526e-05  4.90202e-18 -0.000270926 -7.89313e-18  0.000643478  1.40146e-17  -0.00114614 -2.73404e-17   0.00132845  4.59851e-17 -0.000194332 -6.19696e-17  -0.00339847   6.5622e-17   0.00954553 -5.06053e-17   -0.0160129  1.90041e-17    0.0185114  1.86486e-17   -0.0135385 -4.46587e-17   0.00212907  4.14496e-17   0.00935764 -1.34247e-17   -0.0135466 -1.49895e-17   0.00831437  2.29791e-17   0.00119673 -6.84341e-18  -0.00728558 -1.55744e-17   0.00646655  2.37706e-17  -0.00152785  -1.5487e-17  -0.00242952  2.61611e-18   0.00296594   3.9568e-18  -0.00134854 -3.27568e-18 -7.86144e-05    1.576e-19  0.000401453  1.70174e-18 -0.000165594 -1.10593e-18
  8.9373e-10 -6.62369e-20 -3.10451e-08  4.58789e-20  4.27393e-07 -1.79805e-19 -3.59991e-06  5.95523e-19   2.1375e-05  1.46361e-19 -9.58785e-05 -2.60978e-18  0.000337565  5.30387e-18  -0.00095221 -8.86931e-18   0.00216686  1.74477e-17  -0.00394371 -3.34451e-17   0.00553458  5.28688e-17  -0.00530574 -6.73596e-17   0.00148726  6.80246e-17   0.00605739 -5.06363e-17   -0.0143115  1.86486e-17    0.0179286  1.78439e-17    -0.013029 -4.00499e-17   0.00128412   3.2752e-17    0.0100504 -4.94389e-18   -0.0134481 -2.07052e-17   0.00745761  2.49207e-17   0.00212898 -5.95903e-18  -0.00766036 -1.63098e-17   0.00622417  2.35706e-17  -0.00108695 -1.56119e-17  -0.00264299  4.31038e-18   0.00289612  1.26657e-18  -0.00126749 -1.89155e-18  3.63888e-05  2.06718e-18  0.000189817 -3.10312e-18 -4.80077e-05
 2.59526e-20  8.28465e-09  -5.9063e-20 -1.61159e-07  2.89067e-20  1.67083e-06 -3.49452e-19 -1.15888e-05  5.94711e-19  5.92561e-05  6.38636e-19  -0.00023532 -2.93242e-18  0.000748098  5.28759e-18  -0.00193588 -9.64232e-18   0.00410154  1.99791e-17  -0.00706958 -3.67629e-17   0.00965189   5.5115e-17  -0.00964313 -6.72126e-17   0.00500578  6.57449e-17   0.00401124 -4.83932e-17   -0.0135385  1.78439e-17    0.0176008  1.66437e-17   -0.0124541 -3.48546e-17  0.000463735  2.50428e-17    0.0105907  2.25434e-18   -0.0132885 -2.61696e-17    0.0067128  2.71464e-17   0.00291071 -6.38436e-18  -0.00796067 -1.45959e-17   0.00598795  1.95556e-17 -0.000726493 -1.00818e-17  -0.00273808 -1.30728e-18   0.00279198  6.16044e-18   -0.0012838 -4.63965e-18  0.000239401  3.05079e-19  1.15157e-05  3.16548e-18
-1.21024e-09  4.66322e-20  4.08403e-08 -1.78903e-20 -5.49637e-07  7.54315e-20  4.55631e-06 -5.29649e-19 -2.68294e-05  4.75553e-19  0.000120438  9.19639e-19 -0.000429259 -2.74098e-18   0.00124475  4.71013e-18  -0.00297679 -9.42993e-18   0.00589698  1.99547e-17  -0.00961541 -3.54505e-17    0.0125949  5.13513e-17   -0.0123701 -6.11143e-17   0.00697654  5.94678e-17   0.00292798 -4.46587e-17    -0.013029  1.66437e-17    0.0171995  1.49739e-17   -0.0118907 -2.93183e-17 -0.000191063  1.81897e-17    0.0110129  8.83922e-18   -0.0131642 -3.07461e-17   0.00607324  2.79103e-17   0.00359339 -5.14731e-18   -0.0081843 -1.64638e-17    0.0057632   2.3771e-17  -0.00050208 -1.99165e-17  -0.00271342  1.48315e-17   0.00272333 -1.15828e-17  -0.00138008  6.93535e-18  0.000394022  5.04237e-19 -4.80711e-05
 -1.5784e-20 -6.77024e-09  3.64603e-20  1.29083e-07  1.88834e-20 -1.31842e-06   1.9148e-19  9.06489e-06 -6.62186e-19 -4.62999e-05  3.56781e-19  0.000185441  8.54486e-19 -0.000601913 -1.95683e-18   0.00161601  3.19962e-18  -0.00363026 -7.26696e-18   0.00684654  1.61434e-17   -0.0107684 -2.87946e-17    0.0137941  4.17602e-17   -0.0134876 -5.02397e-17   0.00795438  5.07723e-17   0.00212907 -4.00499e-17   -0.0124541  1.49739e-17     0.016804  1.29006e-17   -0.0114912  -2.4055e-17 -0.000704955  1.23084e-17    0.0114182   1.4572e-17   -0.0130814 -3.44155e-17   0.00550025    3.035e-17   0.00415836 -1.10976e-17  -0.00832667 -3.60138e-18   0.00562195  2.87912e-18 -0.000438682  8.73104e-18  -0.00264456 -2.04302e-17   0.00268297  2.41931e-17  -0.00138474 -1.61494e-17  0.000366884 -1.56161e-18
 5.86592e-10 -2.72376e-20 -1.91546e-08  -9.2643e-22  2.51061e-07  1.72437e-20 -2.04456e-06   3.4665e-19  1.19629e-05 -7.36823e-19 -5.41485e-05  3.50146e-19  0.000198179  3.89004e-19  -0.00060329 -4.45551e-19   0.00155473  3.98834e-19  -0.00342277 -2.63907e-18   0.00644054  8.55746e-18   -0.0102563 -1.78125e-17    0.0134598  2.82934e-17   -0.0136449 -3.70278e-17   0.00863801  4.14496e-17   0.00128412 -3.48546e-17   -0.0118907  1.29006e-17    0.0165705  1.08765e-17   -0.0112387 -2.03233e-17  -0.00117713  8.89119e-18    0.0118148  1.66176e-17   -0.0130056 -3.31977e-17   0.00502929   2.6868e-17   0.00457913 -4.59198e-18  -0.00846172 -1.99742e-17   0.00560884  3.88642e-17 -0.000457537 -5.18432e-17  -0.00253986  5.72219e-17   0.00247308 -4.95948e-17  -0.00111701  2.62733e-17  0.000188458
 7.28579e-21  8.29086e-10 -1.91341e-20 -1.32798e-08 -4.25323e-20  1.16467e-07 -3.45231e-20  -7.2864e-07   4.9592e-19  3.74599e-06  -7.8025e-19 -1.71024e-05  5.04016e-19  7.04799e-05 -5.04617e-19 -0.000256623    1.827e-18  0.000803761 -3.64621e-18  -0.00212544  3.93939e-18   0.00468495 -1.22777e-18  -0.00848853 -5.07153e-18    0.0123314  1.39541e-17   -0.0135575 -2.41734e-17   0.00935764   3.2752e-17  0.000463735 -2.93183e-17   -0.0114912  1.08765e-17    0.0164852  9.53699e-18   -0.0110372 -1.92282e-17  -0.00161171  8.73089e-18     0.012163  1.63923e-17   -0.0129802 -3.58344e-17   0.00470912  3.96476e-17   0.00492018  -3.3421e-17   -0.0086428  3.05336e-17   0.00563704 -4.07247e-17   -0.0005273  6.19318e-17  -0.00218673  -7.9306e-17   0.00187338  7.05809e-17 -0.000627562 -2.29243e-17
 2.67732e-10  1.27955e-20 -9.76442e-09  6.57973e-21   1.3913e-07 -6.80561e-20 -1.19592e-06 -1.22907e-19  7.13518e-06  6.02712e-19 -3.15511e-05 -8.17754e-19  0.000106623  8.17229e-19 -0.000276537 -1.77296e-18  0.000532157  4.57515e-18 -0.000653894 -8.21053e-18  4.84339e-05  1.08336e-17   0.00212922 -1.05681e-17  -0.00625364  6.39681e-18    0.0111169  1.43601e-18   -0.0135452 -1.34247e-17    0.0100504  2.50428e-17 -0.000191063  -2.4055e-17   -0.0112387  9.53699e-18    0.0164531  9.78973e-18   -0.0108866 -2.25491e-17  -0.00196059   1.5142e-17    0.0125049  8.00739e-18   -0.0130675 -2.78123e-17   0.00448554  2.86104e-17   0.00523575 -3.84775e-18  -0.00876654 -4.05214e-17   0.00564106  9.17612e-17 -0.000861474 -1.32864e-16  -0.00133668  1.43605e-16  0.000973199 -1.05644e-16 -0.000190812
-2.02543e-21  3.68654e-09  9.25995e-21 -7.30643e-08  3.95407e-20  7.67952e-07 -6.72235e-20 -5.36952e-06 -2.14846e-19   2.7488e-05  6.51194e-19 -0.000108326  -8.5382e-19  0.000337548  1.24543e-18 -0.000840295 -3.16494e-18   0.00165904   7.1116e-18  -0.00249945 -1.19473e-17   0.00250356  1.58334e-17 -0.000461967 -1.68837e-17  -0.00420417   1.4525e-17     0.010101 -8.04864e-18   -0.0135466 -4.94389e-18    0.0105907  1.81897e-17 -0.000704955 -2.03233e-17   -0.0110372  9.78973e-18    0.0164757  1.11858e-17   -0.0108418 -2.87196e-17  -0.00225993  2.40669e-17    0.0129065  1.41754e-18   -0.0132162 -3.09789e-17   0.00430161  4.70626e-17   0.00540304 -4.87866e-17  -0.00872336  5.70902e-17   0.00582066 -9.22331e-17  -0.00172578  1.45054e-16  -0.00013474 -1.66507e-16  0.000198319  9.91811e-17
-5.95384e-10 -4.54877e-21  2.04254e-08 -2.90528e-21 -2.78686e-07   7.0541e-20  2.33485e-06 -4.33636e-20 -1.38442e-05 -2.77384e-19  6.22947e-05  6.44353e-19 -0.000221228 -8.75705e-19  0.000633873  1.66723e-18  -0.00147911  -4.2082e-18   0.00279991  8.48934e-18  -0.00419267 -1.33203e-17   0.00458589  1.70716e-17  -0.00255598 -1.88282e-17  -0.00254948  1.90623e-17   0.00920541 -1.49895e-17   -0.0134481  2.25434e-18    0.0110129  1.23084e-17  -0.00117713 -1.92282e-17   -0.0108866  1.11858e-17    0.0166105  1.46582e-17   -0.0108719 -3.75309e-17   -0.0025742  3.12883e-17    0.0133114  8.15984e-18   -0.0133583 -6.08371e-17   0.00429206  9.25677e-17   0.00526803 -7.94542e-17   -0.0086897  1.62086e-17    0.0064518  8.41135e-17  -0.00291174 -1.81967e-16  0.000810672  2.04949e-16 -0.000107899
-2.21814e-22 -3.45925e-09 -4.94063e-21  6.69506e-08 -2.10424e-20  -6.9299e-07  9.21332e-20  4.81958e-06 -1.12831e-20 -2.48441e-05 -3.00237e-19  0.000100136   5.9633e-19  -0.00032578 -8.60504e-19  0.000871561  1.87674e-18  -0.00193309 -4.35345e-18   0.00354359  7.83139e-18  -0.00525889 -1.12432e-17    0.0059403  1.38573e-17  -0.00406243 -1.68538e-17  -0.00116629  2.13089e-17   0.00831437 -2.07052e-17   -0.0132885  8.83922e-18    0.0114182  8.89119e-18  -0.00161171 -2.25491e-17   -0.0108418  1.46582e-17    0.0168283  2.03824e-17   -0.0109143  -5.8623e-17  -0.00283953  7.78029e-17    0.0136345 -8.35229e-17   -0.0136274  1.06577e-16   0.00464348 -1.66291e-16   0.00498624  2.27162e-16  -0.00895422 -2.13548e-16   0.00726987  8.03143e-17  -0.00361876  1.09008e-16  0.000988555 -1.89123e-16
 2.90619e-10   1.0051e-21 -9.65585e-09 -2.80343e-21  1.28804e-07 -4.22786e-20   -1.068e-06  9.99425e-20  6.36552e-06  1.81642e-20 -2.93552e-05 -3.02197e-19  0.000109395  5.33002e-19 -0.000338365 -7.88635e-19  0.000881922  1.66932e-18    -0.001947 -3.22882e-18   0.00361971  4.73706e-18    -0.005545 -5.63343e-18   0.00662108  7.04168e-18  -0.00517446 -1.28536e-17  8.34916e-05  2.29791e-17   0.00745761 -2.61696e-17   -0.0131642   1.4572e-17    0.0118148  8.73089e-18  -0.00196059 -2.87196e-17   -0.0108719  2.03824e-17    0.0170674  1.11066e-17   -0.0110383 -1.79018e-17   -0.0029543 -5.47554e-17    0.0139991  2.32714e-16   -0.0142255 -4.85981e-16   0.00520693  7.33683e-16   0.00487418 -8.60792e-16  -0.00922123  7.56943e-16   0.00730129 -4.08154e-16  -0.00317198 -5.81039e-18  0.000541872
  6.5791e-22  3.28927e-10  3.05523e-21  -5.3356e-09  2.33637e-21  4.89637e-08 -6.11562e-20 -3.36081e-07   9.2064e-20  1.96502e-06  5.43354e-20 -1.01516e-05  -3.2313e-19  4.55466e-05  5.05655e-19 -0.000172977   -6.775e-19  0.000547249  9.90332e-19  -0.00142949 -8.75946e-19   0.00305431  -4.1446e-19  -0.00523918  2.40014e-18   0.00689543 -1.26914e-18  -0.00606702 -9.05677e-18   0.00119673  2.49207e-17    0.0067128 -3.07461e-17   -0.0130814  1.66176e-17     0.012163   1.5142e-17  -0.00225993 -3.75309e-17   -0.0109143  1.11066e-17    0.0173989   7.6487e-17   -0.0113561 -2.21017e-16  -0.00303042  4.38206e-16    0.0146102 -7.72105e-16    -0.014994  1.24134e-15   0.00561569 -1.73471e-15   0.00464471  1.98652e-15  -0.00839078 -1.72135e-15   0.00574585  9.32084e-16  -0.00182509 -3.73312e-17
 1.42594e-10  8.13908e-23 -5.15594e-09   5.4308e-21  7.27801e-08  1.00942e-20  -6.1813e-07 -6.99102e-20  3.62551e-06  6.26838e-20 -1.56192e-05  1.26914e-19  5.05749e-05 -4.17275e-19 -0.000121313  6.00876e-19  0.000195383 -6.17884e-19 -0.000104492  3.54199e-20 -0.000523359  2.16518e-18   0.00211973 -6.47589e-18  -0.00465518    1.091e-17   0.00696962 -8.64674e-18  -0.00677284 -6.84341e-18   0.00212898  2.71464e-17   0.00607324 -3.44155e-17   -0.0130056  1.63923e-17    0.0125049  2.40669e-17   -0.0025742  -5.8623e-17   -0.0110383   7.6487e-17    0.0179383 -1.40693e-16   -0.0117627  3.85068e-16  -0.00327317 -9.59126e-16    0.0152926  1.91595e-15   -0.0154995 -3.09465e-15    0.0061063  4.06803e-15   0.00313495 -4.25817e-15   -0.0056022  3.30502e-15   0.00304916 -1.52297e-15 -0.000554798
-4.41177e-22  1.74148e-09 -1.68971e-21 -3.46139e-08  7.17929e-21  3.64174e-07   1.6988e-20  -2.5423e-06  -6.0738e-20  1.29471e-05 -1.78076e-21 -5.04845e-05  2.70998e-19  0.000154317  -6.4584e-19 -0.000371157   9.1949e-19  0.000686219 -7.67739e-19 -0.000889975 -7.87236e-19  0.000485679  5.00487e-18   0.00112334 -1.19454e-17  -0.00400031  1.78969e-17   0.00690258 -1.34953e-17  -0.00728558 -5.95903e-18   0.00291071  2.79103e-17   0.00550025 -3.31977e-17   -0.0129802  8.00739e-18    0.0129065  3.12883e-17  -0.00283953 -1.79018e-17   -0.0113561 -1.40693e-16    0.0185827  5.54247e-16   -0.0120515 -1.36303e-15  -0.00349464  2.70503e-15    0.0155483 -4.58016e-15   -0.0159033  6.60966e-15   0.00784603 -7.93129e-15 -0.000506159  7.53471e-15  -0.00157883 -5.07427e-15  0.000693733  1.55323e-15
-2.50636e-10  -2.7948e-22  8.65451e-09 -4.38115e-21 -1.18755e-07  7.91523e-21  9.99592e-07   1.7356e-20 -5.94687e-06 -2.76737e-20  2.67987e-05 -1.15108e-19 -9.50329e-05  5.07262e-19  0.000270557 -1.05008e-18 -0.000621634  1.52164e-18   0.00113736 -1.28509e-18   -0.0015734  -1.0238e-18   0.00135268  6.77423e-18  0.000229833 -1.56551e-17  -0.00333097  2.22146e-17    0.0067132 -1.55744e-17  -0.00766036 -6.38436e-18   0.00359339    3.035e-17   0.00502929 -3.58344e-17   -0.0130675  1.41754e-18    0.0133114  7.78029e-17   -0.0029543 -2.21017e-16   -0.0117627  5.54247e-16    0.0191244 -1.36937e-15   -0.0124151  3.07052e-15  -0.00315056 -5.91739e-15    0.0154646  9.61134e-15   -0.0173422 -1.29912e-14     0.011624  1.42496e-14  -0.00521517 -1.19691e-14   0.00159492  6.55783e-15 -0.000255901
 1.89706e-22 -1.24193e-09  5.24622e-22  2.42246e-08 -7.37368e-21 -2.53009e-07  8.72897e-21  1.77827e-06  7.31192e-21 -9.28061e-06  3.01914e-20  3.79374e-05 -2.74794e-19 -0.000125321  8.21545e-19  0.000340247 -1.60779e-18 -0.000762695  2.37536e-18   0.00139628 -2.24156e-18   -0.0020063 -3.80134e-19   0.00199032  7.03528e-18 -0.000540645 -1.72511e-17  -0.00266402  2.39498e-17   0.00646655 -1.63098e-17  -0.00796067 -5.14731e-18   0.00415836   2.6868e-17   0.00470912 -2.78123e-17   -0.0132162  8.15984e-18    0.0136345 -5.47554e-17  -0.00303042  3.85068e-16   -0.0120515 -1.36937e-15    0.0197567  3.51107e-15   -0.0134208 -7.27111e-15  -0.00227922  1.26548e-14    0.0161509 -1.86183e-14   -0.0205353  2.28069e-14    0.0160313 -2.23758e-14  -0.00827708  1.60632e-14   0.00241314 -6.14736e-15
 7.24062e-11  2.47681e-22 -2.40452e-09  1.89788e-21  3.23655e-08 -9.99209e-21 -2.74274e-07  1.09668e-20  1.69621e-06 -1.13074e-20 -8.24395e-06  1.02438e-19  3.28107e-05 -4.47885e-19 -0.000109263  1.15057e-18  0.000306806 -2.21261e-18 -0.000723707  3.35288e-18   0.00141064 -3.57021e-18  -0.00218599  1.10005e-18   0.00243347  6.07325e-18  -0.00119973 -1.73042e-17  -0.00204989  2.37706e-17   0.00622417 -1.45959e-17   -0.0081843 -1.10976e-17   0.00457913  3.96476e-17   0.00448554 -3.09789e-17   -0.0133583 -8.35229e-17    0.0139991  4.38206e-16  -0.00327317 -1.36303e-15   -0.0124151  3.51107e-15    0.0210535 -7.78834e-15   -0.0150537  1.48341e-14  -0.00198131 -2.40414e-14    0.0182813  3.27141e-14   -0.0237798 -3.64345e-14    0.0177739   3.1458e-14  -0.00778316 -1.82297e-14   0.00137638
 -5.7855e-23 -1.76719e-10  1.51408e-22  3.73912e-09  3.53095e-21 -3.96123e-08 -1.16281e-20   2.6009e-07  1.35033e-20 -1.11801e-06 -2.90856e-20   2.8845e-06   1.6189e-19 -1.21028e-06 -5.71635e-19 -2.80433e-05  1.39113e-18   0.00015695 -2.70904e-18 -0.000520013  4.27745e-18   0.00123992 -5.07245e-18  -0.00219476  3.02902e-18   0.00273123  4.60241e-18  -0.00173115 -1.66651e-17  -0.00152785  2.35706e-17   0.00598795 -1.64638e-17  -0.00832667 -4.59198e-18   0.00492018  2.86104e-17   0.00430161 -6.08371e-17   -0.0136274  2.32714e-16    0.0146102 -9.59126e-16  -0.00349464  3.07052e-15   -0.0134208 -7.78834e-15    0.0230043  1.62776e-14   -0.0162018 -2.86172e-14  -0.00293504  4.24448e-14    0.0199699 -5.24066e-14   -0.0233481  5.20133e-14    0.0146776 -3.82193e-14  -0.00461601   1.5828e-14
 8.16339e-11  -1.5931e-22 -2.88191e-09 -1.10613e-22  3.99311e-08  4.78995e-21 -3.34269e-07 -1.12578e-20  1.93886e-06  1.12627e-20 -8.28415e-06 -2.99254e-20  2.66826e-05  1.68659e-19 -6.39477e-05 -5.75939e-19  0.000104184  1.44267e-18 -6.42809e-05 -2.96381e-18 -0.000235256   4.9753e-18  0.000984974 -6.42117e-18  -0.00210505  4.68247e-18   0.00290248  3.54219e-18  -0.00213034  -1.5487e-17  -0.00108695  1.95556e-17    0.0057632 -3.60138e-18  -0.00846172  -3.3421e-17   0.00523575  4.70626e-17   0.00429206  1.06577e-16   -0.0142255 -7.72105e-16    0.0152926  2.70503e-15  -0.00315056 -7.27111e-15   -0.0150537  1.62776e-14    0.0244925  -3.0959e-14   -0.0161654  5.00469e-14  -0.00317077 -6.80503e-14    0.0172248  7.59591e-14   -0.0169765 -6.60485e-14   0.00820482   3.8971e-14  -0.00146352
 1.04091e-23  6.60239e-10 -2.93192e-22  -1.3096e-08 -4.19924e-22  1.37546e-07    4.807e-21 -9.58536e-07 -6.88391e-21  4.87031e-06 -3.15002e-21 -1.89182e-05  3.86739e-21  5.74078e-05  8.86387e-20 -0.000135998  -4.2068e-19  0.000242723  1.26145e-18 -0.000282931 -2.91893e-18  4.36049e-05    5.326e-18  0.000714659 -7.33243e-18  -0.00195291  5.65543e-18   0.00297205    3.067e-18  -0.00242952 -1.56119e-17 -0.000726493   2.3771e-17   0.00562195 -1.99742e-17   -0.0086428 -3.84775e-18   0.00540304  9.25677e-17   0.00464348 -4.85981e-16    -0.014994  1.91595e-15    0.0155483 -5.91739e-15  -0.00227922  1.48341e-14   -0.0162018  -3.0959e-14    0.0248008  5.44757e-14   -0.0169178 -8.08292e-14   0.00139015  9.97751e-14   0.00789471 -9.90611e-14  -0.00691345  7.31026e-14   0.00230888 -3.10798e-14
