 5.02524e-08  8.11043e-22 -8.60678e-07 -1.50148e-20  5.37464e-06  7.83544e-20 -1.84911e-05 -2.20452e-19   3.9085e-05  4.00959e-19 -5.14057e-05 -5.01844e-19  3.86532e-05  4.32958e-19 -1.04162e-05 -2.47964e-19 -5.95146e-06  8.67942e-20   4.4761e-06 -1.50876e-20 -4.93903e-07
 8.11043e-22  1.24916e-06   8.5847e-21 -1.17088e-05  -1.0165e-19  5.30923e-05  3.92002e-19 -0.000142398 -8.68325e-19  0.000238586  1.28976e-18 -0.000242683 -1.33588e-18   0.00012435  9.45049e-19  2.56727e-06 -4.31822e-19 -3.43859e-05  1.13646e-19  1.10879e-05 -1.16414e-20
-8.60678e-07   8.5847e-21  1.47531e-05   4.6806e-20  -9.2248e-05 -3.80548e-19  0.000318034  1.09722e-18   -0.0006745 -1.91633e-18  0.000892055  2.32184e-18 -0.000677168 -1.96796e-18  0.000185875  1.11374e-18  0.000108887  -3.9291e-19 -8.81396e-05  7.35682e-20  1.24007e-05
-1.50148e-20 -1.17088e-05   4.6806e-20  0.000109902  1.56582e-19 -0.000499513 -8.80209e-19   0.00134506  1.84809e-18  -0.00226884 -2.47854e-18   0.00233568  2.37767e-18  -0.00122762 -1.55518e-18  -7.9547e-06   6.4527e-19   0.00035364 -1.65504e-19  -0.00013148  2.09519e-20
 5.37464e-06  -1.0165e-19  -9.2248e-05  1.56582e-19  0.000578217  3.28497e-19  -0.00200201 -1.16363e-18   0.00427736  1.48631e-18  -0.00573126 -1.20247e-18    0.0044636  5.90561e-19    -0.001332 -4.04314e-21 -0.000684711 -1.18852e-19  0.000644166  1.72286e-20 -0.000115153
 7.83544e-20  5.30923e-05 -3.80548e-19 -0.000499513  3.28497e-19   0.00228028  3.64284e-19  -0.00618762 -2.69087e-19    0.0105791 -1.03213e-18   -0.0111669  2.12094e-18   0.00621946  -2.3681e-18 -0.000271023  1.62947e-18  -0.00172837 -5.25734e-19  0.000770467  4.13612e-20
-1.84911e-05  3.92002e-19  0.000318034 -8.80209e-19  -0.00200201  3.64284e-19   0.00698595 -1.02858e-19   -0.0151315   2.2796e-18    0.0207773 -4.88883e-18   -0.0169922   5.6846e-18   0.00595441 -4.57321e-18   0.00204607  2.13094e-18  -0.00258314 -3.65556e-19  0.000577811
-2.20452e-19 -0.000142398  1.09722e-18   0.00134506 -1.16363e-18  -0.00618762 -1.02858e-19    0.0170227 -1.17681e-18   -0.0298149  5.19735e-18    0.0329024 -7.53346e-18   -0.0202659  7.30779e-18   0.00288014  -4.6994e-18   0.00461306  1.41442e-18   -0.0026177 -1.14164e-19
  3.9085e-05 -8.68325e-19   -0.0006745  1.84809e-18   0.00427736 -2.69087e-19   -0.0151315 -1.17681e-18    0.0335711 -2.22459e-18   -0.0480892  6.23027e-18    0.0426746 -7.52937e-18   -0.0189253  6.63369e-18  -0.00172803 -3.17084e-18    0.0058534  3.76158e-19   -0.0016481
 4.00959e-19  0.000238586 -1.91633e-18  -0.00226884  1.48631e-18    0.0105791   2.2796e-18   -0.0298149 -2.22459e-18    0.0544414  -2.3659e-18   -0.0646868  5.05471e-18    0.0464631 -6.32591e-18   -0.0140397  5.02399e-18  -0.00503883 -1.52096e-18   0.00479619  2.90549e-19
-5.14057e-05  1.28976e-18  0.000892055 -2.47854e-18  -0.00573126 -1.03213e-18    0.0207773  5.19735e-18   -0.0480892  -2.3659e-18    0.0740065 -1.65982e-18   -0.0746776  4.01878e-18    0.0446695 -5.85157e-18  -0.00959044  3.50935e-18  -0.00469531 -2.78938e-19   0.00215012
-5.01844e-19 -0.000242683  2.32184e-18   0.00233568 -1.20247e-18   -0.0111669 -4.88883e-18    0.0329024  6.23027e-18   -0.0646868 -1.65982e-18     0.086834  -1.2894e-18   -0.0777258  4.92703e-18    0.0419838  -6.1083e-18  -0.00955256   2.8067e-18  -0.00114473 -1.69922e-18
 3.86532e-05 -1.33588e-18 -0.000677168  2.37767e-18    0.0044636  2.12094e-18   -0.0169922 -7.53346e-18    0.0426746  5.05471e-18   -0.0746776  -1.2894e-18    0.0922697  -1.9186e-18   -0.0787877  6.31322e-18    0.0437218 -5.21079e-18     -0.01394  6.85678e-19   0.00181639
 4.32958e-19   0.00012435 -1.96796e-18  -0.00122762  5.90561e-19   0.00621946   5.6846e-18   -0.0202659 -7.52937e-18    0.0464631  4.01878e-18   -0.0777258  -1.9186e-18    0.0953165   -2.951e-18   -0.0839672  7.00611e-18    0.0502087 -5.55564e-18   -0.0170641  5.93452e-18
-1.04162e-05  9.45049e-19  0.000185875 -1.55518e-18    -0.001332  -2.3681e-18   0.00595441  7.30779e-18   -0.0189253 -6.32591e-18    0.0446695  4.92703e-18   -0.0787877   -2.951e-18     0.102323 -2.61553e-18   -0.0936416   4.0776e-18    0.0535923  6.10453e-19   -0.0125757
-2.47964e-19  2.56727e-06  1.11374e-18  -7.9547e-06 -4.04314e-21 -0.000271023 -4.57321e-18   0.00288014  6.63369e-18   -0.0140397 -5.85157e-18    0.0419838  6.31322e-18   -0.0839672 -2.61553e-18      0.11364 -4.11375e-18   -0.0980722  7.96739e-18    0.0439051 -1.36308e-17
-5.95146e-06 -4.31822e-19  0.000108887   6.4527e-19 -0.000684711  1.62947e-18   0.00204607  -4.6994e-18  -0.00172803  5.02399e-18  -0.00959044  -6.1083e-18    0.0437218  7.00611e-18   -0.0936416 -4.11375e-18      0.11876  2.48469e-18   -0.0840487 -6.90075e-18    0.0222886
 8.67942e-20 -3.43859e-05  -3.9291e-19   0.00035364 -1.18852e-19  -0.00172837  2.13094e-18   0.00461306 -3.17084e-18  -0.00503883  3.50935e-18  -0.00955256 -5.21079e-18    0.0502087   4.0776e-18   -0.0980722  2.48469e-18     0.103147 -1.13684e-17   -0.0515397  2.24031e-17
  4.4761e-06  1.13646e-19 -8.81396e-05 -1.65512e-19  0.000644166 -5.25685e-19  -0.00258314  1.41429e-18    0.0058534 -1.52089e-18  -0.00469531   2.8067e-18     -0.01394 -5.55566e-18    0.0535923  7.96836e-18   -0.0840487 -1.13666e-17    0.0661637  1.70244e-17   -0.0185322
-1.50876e-20  1.10879e-05  7.35674e-20  -0.00013148  1.72456e-20  0.000770467 -3.65601e-19   -0.0026177  3.76307e-19   0.00479619 -2.78904e-19  -0.00114473   6.8578e-19   -0.0170641  6.09721e-19    0.0439051 -6.89895e-18   -0.0515397  1.70244e-17    0.0271989 -2.45443e-17
-4.93903e-07 -1.16414e-20  1.24007e-05  2.09519e-20 -0.000115153  4.13609e-20  0.000577811 -1.14165e-19   -0.0016481  2.90537e-19   0.00215012 -1.69922e-18   0.00181639   5.9345e-18   -0.0125757 -1.36308e-17    0.0222886  2.24033e-17   -0.0185322 -2.45444e-17   0.00533598
