 4.66229e-16 -8.86251e-32  -1.4345e-14   5.0004e-30   1.6754e-13 -8.39448e-29 -1.14223e-12  7.94176e-28  5.21253e-12 -5.08629e-27 -1.69569e-11  2.39613e-26  4.05063e-11 -8.67263e-26 -7.16028e-11  2.46808e-25  9.23132e-11 -5.57565e-25 -8.24282e-11  9.96412e-25  4.33772e-11 -1.37466e-24 -3.36668e-12  1.35045e-24  -1.1685e-11 -6.32407e-25  5.27688e-12 -7.40456e-25  2.10192e-12   2.3277e-24 -1.77754e-12 -3.55852e-24 -4.73965e-13  4.09581e-24  4.52844e-13 -3.93216e-24  1.58642e-13  3.21757e-24 -8.60696e-14 -2.14113e-24 -5.32864e-14  9.82743e-25  6.40235e-15 -9.17351e-26  1.29855e-14 -3.25483e-25  2.67331e-15  3.49194e-25 -1.59609e-15 -2.18106e-25 -1.05229e-15  1.06266e-25 -1.19062e-16 -5.25476e-26  1.24857e-16  3.07678e-26  6.85554e-17 -1.81678e-26  1.02168e-17  9.23168e-27 -5.02154e-18 -4.53322e-27 -3.42732e-18  2.96353e-27 -8.64075e-19 -2.25513e-27  1.08206e-20  1.42323e-27  9.33484e-20 -6.76731e-28  3.82313e-20  2.45204e-28  7.67923e-21 -6.83466e-29  4.83272e-23  1.40492e-29 -5.48862e-22 -1.04073e-30 -2.17398e-22 -1.09851e-30 -4.87312e-23  4.27507e-31 -5.80506e-24  2.34834e-31   3.8676e-25  -2.3619e-31  3.93042e-25  6.48218e-32  1.12705e-25  3.49681e-33   2.1059e-26 -7.13105e-33  2.67927e-27  2.29622e-33  1.68461e-28 -3.41895e-34 -1.98725e-29  -8.6629e-35 -8.36242e-30  4.48674e-35 -1.56277e-30  2.42451e-37 -2.05984e-31 -7.57424e-37 -2.05652e-32 -1.49187e-37 -1.52855e-33 -4.61753e-38 -7.35239e-35 -3.35479e-40 -4.52613e-37  2.21393e-39  3.08289e-37  2.25869e-40  3.43789e-38 -5.26024e-42   2.2797e-39  8.82293e-43  1.01119e-40  1.83788e-43  2.91976e-42 -8.28627e-45   7.0007e-44 -9.89231e-46  1.13716e-45  7.75748e-49
-8.86251e-32   2.0809e-14  -2.9073e-30 -3.62753e-13  1.14538e-28  3.21252e-12 -1.54832e-27 -1.80637e-11  1.24984e-26  7.06579e-11 -7.04559e-26 -2.00977e-10  2.97659e-25  4.23584e-10 -9.77307e-25 -6.60615e-10  2.53905e-24  7.42349e-10 -5.24477e-24 -5.55252e-10  8.52746e-24  2.06502e-10 -1.04973e-23  4.94027e-11  8.54297e-24  -8.6161e-11 -1.24336e-24  1.28355e-11 -9.86644e-24  2.22786e-11  2.07328e-23 -6.03361e-12 -2.74825e-23 -5.84523e-12  2.87913e-23  1.29884e-12 -2.56728e-23   1.5977e-12  1.96877e-23 -5.17429e-14 -1.21934e-23 -3.76884e-13  4.91879e-24 -8.27926e-14  1.61053e-25  5.52008e-14 -2.16857e-24  3.38828e-14  1.96335e-24  1.10154e-15 -1.09225e-24 -5.68588e-15  4.81752e-25 -2.35243e-15 -2.31886e-25 -1.72786e-17  1.40512e-25  3.49018e-16 -8.11079e-26  1.47648e-16  3.68167e-26  1.57601e-17 -1.63795e-26 -1.17137e-17  1.18081e-26 -6.83978e-18 -9.58097e-27 -1.65028e-18   5.8027e-27 -1.33383e-20  -2.5701e-27  1.47482e-19  8.96269e-28  6.21319e-20 -2.49306e-28  1.36542e-20  4.67839e-29   9.6261e-22   1.1869e-30 -5.20279e-22 -6.34473e-30 -2.52357e-22  2.11814e-30 -6.36971e-23  8.00313e-31 -1.01057e-23  -8.7925e-31 -6.43584e-25  2.59217e-31  1.81299e-25  5.86075e-33   7.7126e-26 -2.55111e-32   1.6883e-26  7.67031e-33  2.59499e-27 -1.01301e-33  2.83476e-28 -2.66571e-34  1.75253e-29  1.36526e-34 -7.69821e-31  3.44186e-36  -3.9785e-31 -2.49151e-36  -6.5271e-32 -5.56409e-37 -7.30353e-33  -1.5289e-37  -6.1705e-34   1.2599e-39 -3.99216e-35  6.83926e-39 -1.92081e-36   5.6252e-40 -6.07376e-38 -2.04049e-41  -5.7481e-40  2.86393e-42  4.33245e-41  5.52508e-43  2.25253e-42 -1.13636e-44  6.38727e-44 -1.40355e-45  8.93213e-46
 -1.4345e-14  -2.9073e-30  4.56168e-13 -5.44003e-29 -5.51677e-12   1.6374e-27  3.90326e-11 -1.84359e-26 -1.85351e-10  1.29263e-25  6.29545e-10 -6.48545e-25 -1.57718e-09  2.47606e-24  2.94265e-09 -7.41642e-24 -4.04538e-09  1.76656e-23  3.92888e-09 -3.34731e-23 -2.38079e-09     4.96e-23  4.62793e-10 -5.43105e-23  4.99355e-10  3.51391e-23 -3.44799e-10  1.03239e-23 -5.27917e-11 -6.84103e-23  1.08591e-10   1.1655e-22  5.99109e-12 -1.38783e-22 -2.91545e-11  1.34431e-22 -3.51404e-12 -1.12481e-22  6.78373e-12  8.13756e-23  2.04741e-12  -4.6916e-23 -1.08588e-12  1.61791e-23 -7.30055e-13  3.29702e-24  8.94372e-15 -9.47724e-24  1.46918e-13  7.38319e-24  4.96582e-14 -3.64184e-24 -7.71305e-15  1.45509e-24  -1.1324e-14 -7.09796e-25 -3.31679e-15   4.5627e-25  3.23757e-16 -2.51056e-25    6.002e-16  9.46882e-26  2.12492e-16 -3.61921e-26  1.73798e-17  3.24751e-26 -1.67867e-17 -2.84982e-26 -9.00658e-18   1.6193e-26 -2.16991e-18 -6.57113e-27 -9.37331e-20  2.25376e-27  1.41789e-19 -6.55118e-28  6.43504e-20  1.12857e-28  1.54925e-20  1.69172e-29  1.86887e-21 -2.24892e-29 -1.92461e-22  6.83185e-30  -1.6525e-22  1.74364e-30 -4.80144e-23 -2.21702e-30 -9.02246e-24    7.302e-31 -1.08221e-24 -7.33477e-33 -3.24463e-26 -6.52035e-32  2.13716e-26  1.77205e-32  6.47073e-27 -1.90389e-33  1.15651e-27 -5.37462e-34  1.50711e-28  2.83669e-34  1.46028e-29  1.06853e-35  9.50929e-31 -5.30268e-36  1.74603e-32 -1.35577e-36 -5.18142e-33  -3.5285e-37 -8.53404e-34  8.64389e-39 -8.01093e-35  1.45082e-38 -5.36515e-36   9.2016e-40 -2.64516e-37 -5.26847e-41  -9.2811e-39    6.013e-42 -2.27878e-40  9.98143e-43 -3.68216e-42 -1.01687e-44 -4.36243e-45 -1.02073e-45
  5.0004e-30 -3.62753e-13 -5.44003e-29  6.54768e-12 -7.09987e-28 -6.01633e-11  1.71927e-26  3.51853e-10 -1.65116e-25 -1.43578e-09  1.01954e-24  4.27675e-09 -4.59444e-24 -9.48892e-09  1.59549e-23  1.57003e-08 -4.38076e-23 -1.89672e-08  9.60214e-23  1.56996e-08 -1.67328e-22 -7.23338e-09  2.26164e-22 -3.15972e-10 -2.19048e-22  2.45322e-09  1.04178e-22   -7.842e-10  1.05715e-22 -5.41902e-10 -3.35504e-22  3.01464e-10  4.94452e-22    1.346e-10 -5.38488e-22 -7.75447e-11  4.87081e-22 -4.14296e-11 -3.85312e-22  1.31224e-11  2.64205e-22  1.23419e-11 -1.41427e-22 -3.57387e-14    3.972e-23 -2.67222e-12  1.84001e-23 -8.12319e-13 -3.18081e-23  2.50669e-13  2.15036e-23  2.40239e-13 -9.30311e-24  4.65832e-14  3.36419e-24 -2.15249e-14 -1.76278e-24 -1.60151e-14  1.22188e-24  -3.4948e-15 -6.18852e-25  7.28602e-16  1.69669e-25  7.61348e-16 -4.81753e-26  2.39304e-16  7.23654e-26  1.76768e-17 -6.86833e-26 -1.72215e-17  3.54606e-26 -8.97355e-18 -1.29007e-26 -2.22629e-18  4.53566e-27 -1.86965e-19  -1.4536e-27  8.95305e-20  2.31601e-28  4.75514e-20  6.54966e-29  1.25704e-20  -5.9241e-29  1.99071e-21  1.68593e-29  8.10338e-23  2.53178e-30 -6.06464e-23 -4.32873e-30   -2.284e-23  1.67858e-30 -4.93244e-24 -7.00632e-32  -7.4299e-25 -1.38895e-31 -7.32456e-26  3.25262e-32 -1.80435e-27 -2.33992e-33  1.01224e-27 -7.79198e-34  2.56538e-28   4.5881e-34  3.85693e-29  1.88825e-35  4.26686e-30 -8.42634e-36  3.60629e-31 -2.54731e-36  2.26365e-32 -6.48799e-37  9.17684e-34   2.7338e-38  6.01709e-36  2.44907e-38 -2.40433e-36  1.09687e-39 -2.07691e-37 -1.02324e-40 -9.61344e-39  9.40154e-42 -2.83072e-40  1.26306e-42 -5.08718e-42 -7.06338e-45 -2.44496e-44
  1.6754e-13  1.14538e-28 -5.51677e-12 -7.09987e-28  6.92186e-11 -7.07034e-27 -5.09236e-10  1.42455e-25  2.52123e-09  -1.1878e-24 -8.95849e-09  6.53085e-24  2.35828e-08 -2.66365e-23 -4.65209e-08  8.46087e-23  6.82728e-08 -2.13859e-22 -7.20549e-08  4.32709e-22  4.96644e-08 -6.94897e-22 -1.50083e-08  8.56735e-22   -7.173e-09 -7.27437e-22  7.97797e-09  2.11712e-22 -3.25234e-10  5.65644e-22 -2.30599e-09 -1.29898e-21  3.46065e-10  1.70706e-21  6.29105e-10 -1.71895e-21 -6.37718e-11  1.46274e-21 -1.67856e-10 -1.10101e-21 -1.15576e-11  7.18078e-22  3.70132e-11 -3.55007e-22  1.18717e-11  7.40854e-23 -4.52539e-12  6.89947e-23 -3.85389e-12 -8.76218e-23 -4.46866e-13  5.14471e-23  5.43798e-13 -1.91355e-23   2.8627e-13  6.25868e-24  2.51509e-14 -3.83346e-24 -3.37814e-14  2.86811e-24 -1.78116e-14 -1.27842e-24 -3.00739e-15  1.76498e-25  9.61318e-16 -5.15056e-27  7.68074e-16  1.42181e-25  2.25004e-16  -1.4233e-25  1.83632e-17  6.38786e-26 -1.32342e-17 -2.01797e-26 -7.07295e-18  7.84618e-27 -1.84309e-18 -2.90372e-27 -2.27019e-19  4.29876e-28  3.20087e-20  1.71492e-28  2.53689e-20  -1.2502e-28  7.49121e-21  3.40453e-29  1.40376e-21  1.54017e-30  1.50958e-22 -6.83322e-30 -4.67286e-24  3.34884e-30 -6.40231e-24 -2.33268e-31 -1.69249e-24 -2.63022e-31 -2.93635e-25   4.9734e-32 -3.71607e-26  -1.0501e-33 -3.26705e-27 -7.41665e-34 -1.27244e-28  6.00378e-34  1.71311e-29  1.98689e-35  4.43533e-30 -1.04792e-35  5.71406e-31 -4.00826e-36  5.22514e-32 -1.00341e-36  3.61578e-33  6.27852e-38  1.89366e-34  3.49468e-38  7.17771e-36  9.22712e-40  1.77459e-37 -1.56644e-40  2.11946e-39  1.15567e-41 -2.92542e-41  1.16872e-42 -1.21644e-42 -3.78658e-45
-8.39448e-29  3.21252e-12   1.6374e-27 -6.01633e-11 -7.07034e-27  5.74766e-10 -5.65632e-26 -3.50354e-09  9.70907e-25   1.4946e-08 -7.12561e-24 -4.67193e-08  3.52054e-23  1.09337e-07 -1.30812e-22 -1.92246e-07  3.81949e-22  2.49846e-07 -8.92078e-22 -2.28107e-07  1.67074e-21  1.25681e-07 -2.47652e-21 -1.37996e-08  2.78262e-21 -3.35554e-08 -2.04302e-21  1.78629e-08  1.64411e-22  5.33907e-09  2.24405e-21 -6.22631e-09 -4.19288e-21 -1.02372e-09  4.99765e-21  1.72111e-09 -4.68849e-21  3.86021e-10  3.77746e-21  -3.8985e-10 -2.72187e-21 -1.63825e-10  1.69319e-21  5.43831e-11 -7.66737e-22  5.08579e-11  9.57607e-23  3.57701e-12  2.03196e-22 -9.10738e-12 -2.05492e-22 -3.89129e-12  1.04137e-22  2.01968e-13 -3.20901e-23  7.46172e-13  9.52482e-24   2.6911e-13 -7.68469e-24 -1.58949e-15  6.08829e-24 -3.89964e-14 -2.25695e-24 -1.65008e-14 -1.04189e-25 -2.27725e-15  1.76374e-25  9.20363e-16  2.62347e-25  6.39313e-16 -2.61423e-25  1.81757e-16  9.57309e-26  1.84031e-17    -2.48e-26 -7.53668e-18  1.22703e-26 -4.45379e-18  -5.3499e-27 -1.23599e-18  7.32728e-28 -1.94052e-19  3.52647e-28 -1.89137e-21 -2.18525e-28  9.20603e-21  5.83535e-29  3.24319e-21 -4.30861e-30   6.9068e-22 -8.75319e-30  9.95618e-23  5.99802e-30  7.76296e-24 -5.45116e-31 -5.57527e-25 -4.56717e-31 -3.29079e-25  6.38811e-32 -6.89456e-26  3.46445e-33 -9.93476e-27 -1.12037e-34 -1.07529e-27  6.32843e-34 -8.61608e-29  4.86077e-36 -4.40802e-30 -1.02304e-35 -1.30353e-32 -5.62727e-36  2.47089e-32 -1.34786e-36  2.96651e-33  1.17266e-37  2.13908e-34  4.34663e-38  1.07298e-35  3.90685e-40  3.80627e-37 -1.92838e-40  9.11291e-39  1.14366e-41  1.23196e-40  7.78327e-43  5.02189e-43
-1.14223e-12 -1.54832e-27  3.90326e-11  1.71927e-26 -5.09236e-10 -5.65632e-26  3.90441e-09 -3.75874e-25 -2.02007e-08  5.59367e-24  7.52604e-08 -3.65325e-23 -2.08637e-07  1.63445e-22  4.36028e-07 -5.56477e-22 -6.84127e-07   1.5002e-21  7.84406e-07 -3.24863e-21 -6.09704e-07  5.64533e-21  2.47536e-07 -7.73274e-21  4.27051e-08  7.90364e-21 -1.02226e-07 -4.91292e-21  2.31449e-08 -8.73861e-22  2.57907e-08  7.27385e-21 -1.05205e-08 -1.16487e-20  -6.8009e-09  1.27286e-20  2.75573e-09 -1.11913e-20  2.03794e-09  8.59018e-21 -4.06037e-10 -5.96163e-21 -5.74081e-10  3.54471e-21 -4.21693e-11 -1.45261e-21  1.15572e-10  3.55406e-23  4.45407e-11  5.01196e-22 -8.16782e-12 -4.19749e-22 -1.14033e-11  1.80848e-22 -2.87008e-12  -4.2739e-23  7.93951e-13  1.17476e-23  7.83071e-13 -1.47085e-23  2.09788e-13  1.18838e-23 -2.02136e-14 -3.39485e-24 -3.61623e-14 -1.07211e-24 -1.32022e-14  5.92562e-25 -1.62789e-15  4.74279e-25  6.79191e-16 -4.32414e-25  4.46058e-16  1.16619e-25  1.27058e-16 -2.13967e-26  1.61789e-17  1.80845e-26 -2.87442e-18 -9.11417e-27 -2.21014e-18   1.1321e-27 -6.64445e-19  6.01178e-28 -1.22856e-19 -3.18587e-28 -1.08178e-20  8.69394e-29  1.69807e-21 -1.93777e-29  9.63642e-22 -8.71001e-30  2.36814e-22  9.84641e-30    3.979e-23 -1.01404e-30  4.70784e-24 -7.36478e-31  3.14336e-25  6.66748e-32  -1.4643e-26  1.21148e-32 -8.19906e-27  1.32144e-33 -1.44655e-27   5.0432e-34    -1.74e-28 -2.71672e-35 -1.58076e-29 -7.45201e-36 -1.09742e-30 -7.45591e-36  -5.5852e-32 -1.60999e-36 -1.77972e-33  1.85936e-37 -6.74943e-36  4.78108e-38  2.77485e-36 -3.08111e-40  1.63985e-37 -1.91507e-40  4.79639e-39   9.1295e-42   6.0452e-41  3.32498e-43
 7.94176e-28 -1.80637e-11 -1.84359e-26  3.51853e-10  1.42455e-25 -3.50354e-09 -3.75874e-25  2.23144e-08 -2.12381e-24 -9.97629e-08  2.77738e-23  3.28054e-07 -1.62882e-22 -8.11694e-07    6.643e-22  1.51969e-06 -2.08317e-21 -2.12703e-06  5.20639e-21   2.1375e-06 -1.04855e-20 -1.37737e-06  1.69433e-20  3.33724e-07 -2.14633e-20  2.64844e-07  1.98974e-20 -2.28225e-07 -1.01256e-20 -1.12208e-08 -5.32906e-21  7.24208e-08  2.01411e-20 -4.84481e-09 -2.84339e-20 -2.05389e-08  2.86916e-20  4.56464e-10 -2.37652e-20  5.46636e-09  1.74923e-20  7.64228e-10 -1.17674e-20  -1.1626e-09  6.69707e-21 -4.68469e-10 -2.44111e-21   1.2125e-10 -2.45461e-22  1.36762e-10  1.07221e-21  2.32089e-11 -7.58214e-22 -1.71742e-11  2.69798e-22 -1.07789e-11 -3.95581e-23 -1.46632e-12  1.11613e-23   1.0879e-12 -2.73718e-23  6.77475e-13  2.15103e-23  1.41389e-13 -4.18921e-24 -2.57414e-14 -3.29303e-24 -2.80718e-14  1.29005e-24 -9.32397e-15  8.50363e-25  -1.1459e-15  -6.4868e-25  3.88692e-16  1.03728e-25  2.61151e-16 -4.75619e-27   7.6357e-17  2.59272e-26  1.18128e-17 -1.42624e-26 -3.64658e-19  1.53124e-27 -8.27018e-19  8.65799e-28 -2.79982e-19 -3.77201e-28 -5.84553e-20  1.14939e-28  -7.7482e-21 -4.84051e-29  -2.9989e-22 -5.49769e-30   1.5981e-22  1.50122e-29  5.34637e-23 -1.56841e-30   1.0266e-23 -1.10577e-30  1.42301e-24  4.87311e-32  1.44843e-25   2.4284e-32  9.52489e-27   3.4698e-33  6.80638e-29  2.23041e-34 -8.23091e-29 -6.28832e-35 -1.33182e-29 -3.22193e-36 -1.31969e-30 -9.69711e-36 -9.50025e-32 -1.74224e-36 -5.11594e-33  2.54654e-37 -2.02694e-34  4.66325e-38 -5.59296e-36 -8.87997e-40  -9.2915e-38 -1.51443e-40 -5.57191e-40  5.69925e-42  9.26148e-43
 5.21253e-12  1.24984e-26 -1.85351e-10 -1.65116e-25  2.52123e-09  9.70907e-25 -2.02007e-08 -2.12381e-24  1.09516e-07 -1.03803e-23 -4.28964e-07   1.2057e-22  1.25558e-06  -6.3979e-22 -2.78668e-06  2.39272e-21   4.6834e-06 -6.94387e-21 -5.83615e-06  1.61501e-20  5.08565e-06 -3.03389e-20 -2.59045e-06  4.56744e-20  8.67203e-08 -5.35334e-20   8.2964e-07  4.48231e-20 -3.64514e-07 -1.76339e-20 -1.60711e-07 -1.87408e-20  1.40406e-07  4.88653e-20   3.5582e-08 -6.18504e-20 -4.02667e-08  5.79387e-20 -1.23069e-08 -4.54365e-20  9.06608e-09  3.23035e-20   4.7074e-09 -2.12074e-20   -1.131e-09  1.15593e-20 -1.38032e-09 -3.65605e-21 -1.65364e-10 -9.65367e-22  2.32455e-10  2.03408e-21  1.15087e-10 -1.22391e-21  2.42275e-14  3.40015e-22 -2.02204e-11 -5.04261e-24 -8.26935e-12  6.80552e-24 -3.33126e-13 -4.96533e-23  1.05886e-12  3.62405e-23  5.03898e-13 -3.64214e-24   8.6073e-14 -7.38603e-24 -2.14193e-14  2.17915e-24 -1.86086e-14  1.49096e-24  -5.8671e-15  -8.8332e-25 -7.84942e-16  3.06867e-26  1.64329e-16  2.73843e-26  1.26729e-16  3.67809e-26  3.88318e-17 -2.03232e-26  6.99139e-18  1.67676e-27   4.0948e-19  1.04472e-27 -2.05795e-19 -3.20822e-28 -8.86537e-20  1.38597e-28 -2.07222e-20 -9.49603e-29 -3.31712e-21  1.17063e-30  -3.3803e-22  2.14424e-29 -5.24294e-24  -2.0366e-30  6.33368e-24 -1.54265e-30   1.6152e-24  2.87104e-33  2.53282e-25  3.73244e-32  2.93479e-26  5.82661e-33  2.58175e-27 -1.29898e-34  1.64412e-28 -7.60618e-35  5.95416e-30  5.64182e-37 -1.24132e-31 -1.24697e-35 -3.75615e-32 -1.73159e-36 -3.10244e-33  3.03021e-37 -1.58788e-34  4.00171e-38 -5.39696e-36  -1.1394e-39 -1.13035e-37 -9.20358e-41 -1.16771e-39  2.45922e-42
-5.08629e-27  7.06579e-11  1.29263e-25 -1.43578e-09  -1.1878e-24   1.4946e-08  5.59367e-24 -9.97629e-08 -1.03803e-23  4.68827e-07 -4.44635e-23 -1.62654e-06  4.62709e-22  4.26677e-06 -2.23622e-21 -8.52727e-06  7.71023e-21  1.28752e-05 -2.08002e-20 -1.42274e-05  4.51838e-20  1.05675e-05 -7.93939e-20 -3.85481e-06  1.11561e-19 -1.15327e-06 -1.20999e-19  1.88596e-06  9.09763e-20 -3.08353e-07 -2.47423e-20 -5.23674e-07 -5.15597e-20  1.72017e-07  1.05582e-19  1.44784e-07 -1.21118e-19 -4.66509e-08  1.05746e-19 -4.35122e-08 -7.89261e-20   6.0769e-09   5.4657e-20  1.20995e-08 -3.52664e-20  1.41788e-09  1.84031e-20 -2.37384e-09 -4.86952e-21 -1.04486e-09 -2.40003e-21  1.35374e-10  3.47597e-21  2.53376e-10 -1.77846e-21  7.24023e-11  3.40689e-22 -1.50044e-11   8.1812e-23 -1.80473e-11  9.79965e-26 -5.36717e-12 -8.72254e-23  2.63947e-13  5.68871e-23  8.30394e-13 -1.86184e-25  3.30992e-13  -1.3809e-23  4.95869e-14  2.96546e-24 -1.34543e-14  2.49831e-24 -1.05996e-14 -1.08716e-24 -3.28239e-15 -1.23607e-25 -4.98031e-16  7.19996e-26  4.12451e-17  5.18022e-26  4.95082e-17 -2.61298e-26  1.63295e-17  1.10474e-27  3.30475e-18  9.96611e-28   3.7407e-19 -6.23483e-29 -1.57857e-20  1.59993e-28 -1.91709e-20 -1.59714e-28 -5.28238e-21  1.01468e-29 -9.55646e-22  2.88634e-29 -1.24472e-22 -2.16869e-30  -1.0742e-23  -1.9919e-30 -2.42731e-25 -7.18021e-32  1.10237e-25  4.69658e-32  2.44266e-26  7.54612e-33   3.1746e-27 -4.22813e-34   3.0164e-28 -3.88023e-35  2.18676e-29  2.16921e-36  1.19675e-30 -1.55081e-35  4.65685e-32 -1.59163e-36  1.05928e-33  3.13053e-37 -1.03139e-36  2.96332e-38 -9.56688e-37 -1.03829e-39 -2.77435e-38 -3.96778e-41 -2.33975e-40
-1.69569e-11 -7.04559e-26  6.29545e-10  1.01954e-24 -8.95849e-09 -7.12561e-24  7.52604e-08  2.77738e-23 -4.28964e-07 -4.44635e-23  1.77229e-06 -1.68617e-22 -5.49466e-06  1.58342e-21  1.29895e-05 -7.01023e-21 -2.34421e-05  2.23953e-20  3.17847e-05 -5.64055e-20 -3.09362e-05  1.14847e-19  1.90341e-05 -1.89271e-19 -3.75008e-06  2.48659e-19 -4.40925e-06 -2.49537e-19  3.28828e-06  1.67175e-19  3.78283e-07 -2.34599e-20 -1.13005e-06   -1.203e-19  1.89504e-08  2.05467e-19  3.34107e-07  -2.1511e-19  7.23835e-09  1.75574e-19 -9.05928e-08 -1.25456e-19 -1.62709e-08  8.54662e-20  1.92949e-08  -5.4593e-20  8.73552e-09   2.7235e-20 -1.86569e-09 -5.69596e-21 -2.48714e-09 -4.82177e-21 -4.85863e-10  5.41632e-21  3.00811e-10 -2.33841e-21  2.06679e-10  2.08399e-22  3.25615e-11  2.41503e-22 -1.96566e-11 -3.74641e-24 -1.33522e-11 -1.47114e-22 -3.04755e-12  8.31092e-23  4.10523e-13  8.21908e-24  5.50442e-13  -2.2592e-23  1.95192e-13   3.1574e-24  2.79706e-14  3.92898e-24 -6.50225e-15 -1.19696e-24 -5.16147e-15  -3.6572e-25  -1.6134e-15  1.20332e-25 -2.78134e-16  7.22376e-26 -4.03896e-18  -2.9943e-26  1.46208e-17 -8.64492e-28  5.49326e-18  5.68019e-28  1.22638e-18  4.78196e-28  1.80496e-19  1.91218e-28  1.25444e-20 -2.39112e-28 -1.94086e-21  1.89429e-29 -8.80677e-22  3.67779e-29 -1.83929e-22  -1.7035e-30 -2.70148e-23  -2.3676e-30 -2.96152e-24 -1.66807e-31 -2.31119e-25  4.86644e-32 -9.30632e-27  7.73714e-33  5.58001e-28  -5.2264e-34  1.49886e-28  6.27038e-35  1.63803e-29  9.14763e-37  1.21014e-30 -1.80677e-35  6.50261e-32 -1.35066e-36  2.53052e-33  2.79003e-37  6.77014e-35  1.82505e-38  1.10871e-36  -7.2319e-40  8.82498e-39 -9.82249e-42
 2.39613e-26 -2.00977e-10 -6.48545e-25  4.27675e-09  6.53085e-24 -4.67193e-08 -3.65325e-23  3.28054e-07   1.2057e-22 -1.62654e-06 -1.68617e-22  5.97539e-06 -5.70655e-22 -1.66761e-05  4.86495e-21  3.56876e-05 -1.98345e-20 -5.82658e-05  5.89942e-20  7.08082e-05  -1.3931e-19 -6.00545e-05  2.66808e-19  2.90699e-05  -4.1353e-19  7.25073e-07  5.08796e-19 -1.06582e-05 -4.72233e-19  4.17595e-06  2.78961e-19   2.3051e-06   2.0856e-21 -1.76287e-06 -2.46619e-19 -5.45317e-07  3.63085e-19  5.29435e-07 -3.48368e-19    1.862e-07  2.66415e-19 -1.22138e-07  -1.8354e-19 -7.00567e-08  1.24457e-19  1.48771e-08  -7.9263e-20  2.06083e-08  3.77085e-20  2.83194e-09 -5.65399e-21 -3.48639e-09 -8.40692e-21 -1.82617e-09  7.77753e-21 -2.61674e-11 -2.79313e-21   3.1991e-10 -1.19546e-22  1.36948e-10  4.90289e-22  7.34659e-12  5.05855e-24 -1.71787e-11 -2.36651e-22 -8.55853e-12  1.12661e-22 -1.56991e-12  2.37275e-23  3.25071e-13 -3.31179e-23  3.14902e-13  2.18827e-24  1.04025e-13  5.74437e-24  1.54451e-14 -1.15473e-24 -2.27614e-15 -6.83255e-25 -2.11244e-15  1.59898e-25 -6.83204e-16  9.96381e-26 -1.31616e-16 -2.98854e-26 -1.07413e-17 -5.05003e-27  2.71952e-18 -3.71667e-28  1.39955e-18  1.35023e-27  3.47618e-19  2.55365e-28  5.89947e-20 -3.24944e-28  6.76767e-21  2.45375e-29  3.28396e-22  4.45158e-29 -6.46975e-23  -4.6081e-31 -2.12064e-23 -2.56891e-30 -3.56679e-24 -2.64276e-31 -4.30574e-25  3.93673e-32 -3.95755e-26  5.86082e-33 -2.73627e-27 -3.48779e-34 -1.29549e-28  2.17173e-34  -2.4937e-30 -2.44556e-36  1.97536e-31 -1.91871e-35  2.26468e-32 -1.04632e-36  1.19223e-33  2.11569e-37  3.75225e-35  8.66942e-39  6.61943e-37 -3.80123e-40  4.47372e-39
 4.05063e-11  2.97659e-25 -1.57718e-09 -4.59444e-24  2.35828e-08  3.52054e-23 -2.08637e-07 -1.62882e-22  1.25558e-06  4.62709e-22 -5.49466e-06 -5.70655e-22  1.81165e-05 -1.73443e-21 -4.57907e-05  1.34925e-20  8.90284e-05  -5.0906e-20 -0.000131614  1.41639e-19  0.000142822  -3.1495e-19 -0.000103768  5.69433e-19  3.54417e-05 -8.32316e-19   1.4106e-05  9.60637e-19 -1.97998e-05 -8.24073e-19  2.62097e-06  4.23183e-19  5.89194e-06   7.6459e-20 -1.76777e-06 -4.53017e-19 -1.69732e-06  5.86179e-19  5.08317e-07 -5.16348e-19  5.23219e-07  3.70536e-19 -6.63717e-08  -2.4832e-19 -1.49224e-07  1.69963e-19 -1.88897e-08 -1.08621e-19  3.01374e-08  4.91151e-20  1.36757e-08 -4.30329e-21 -1.74935e-09 -1.31398e-20 -3.40466e-09   1.0399e-20  -9.9254e-10 -3.04319e-21  2.05986e-10 -6.91614e-22  2.53319e-10  8.38133e-22  7.67787e-11  4.08497e-23 -3.47392e-12 -3.61657e-22 -1.19902e-11  1.40886e-22 -4.88316e-12  4.79474e-23 -7.65545e-13   -4.407e-23  1.87022e-13 -3.61439e-25  1.56408e-13  7.79065e-24   4.9929e-14 -9.32015e-25  8.06403e-15 -1.04917e-24 -4.16117e-16  1.78149e-25 -7.02429e-16  1.36266e-25 -2.42631e-16 -2.45409e-26  -5.1273e-17 -1.22395e-26 -6.44071e-18 -1.89861e-27  2.06223e-21  2.55438e-27  2.38594e-19  3.82791e-28  7.15075e-20 -4.05009e-28  1.35063e-20  2.45976e-29  1.84757e-21  5.13264e-29  1.77515e-22  1.57852e-30  8.49437e-24 -2.50578e-30 -7.65241e-25 -3.41241e-31   -2.428e-25  1.88629e-32 -3.38945e-26  2.03011e-33 -3.30046e-27  9.14906e-35 -2.41933e-28  3.89286e-34 -1.34269e-29 -6.03912e-36 -5.45561e-31 -1.81892e-35 -1.48136e-32   -7.244e-37 -2.00775e-34  1.32971e-37   1.1187e-36  2.56501e-39  6.93583e-38 -1.34167e-40
-8.67263e-26  4.23584e-10  2.47606e-24 -9.48892e-09 -2.66365e-23  1.09337e-07  1.63445e-22 -8.11694e-07  -6.3979e-22  4.26677e-06  1.58342e-21 -1.66761e-05 -1.73443e-21  4.97351e-05 -4.75744e-21 -0.000114439  3.39193e-20   0.00020271 -1.18986e-19 -0.000271301  3.11206e-19  0.000261268 -6.54549e-19 -0.000158111  1.12139e-18  2.74761e-05 -1.55016e-18  4.10395e-05   1.6812e-18 -2.91411e-05 -1.33176e-18 -4.20864e-06   5.8285e-19  1.06748e-05   2.3005e-19 -4.11616e-08 -7.55073e-19 -3.30043e-06   8.6852e-19 -8.97195e-08 -7.01865e-19  9.32079e-07  4.72892e-19  1.69458e-07 -3.11946e-19 -2.07893e-07  2.19071e-19 -9.43842e-08 -1.41226e-19  2.17031e-08  6.04746e-20  2.81972e-08 -1.43498e-21  5.34869e-09 -1.87518e-20 -3.63175e-09  1.30964e-20 -2.45327e-09  -3.0456e-21 -3.71837e-10 -1.53532e-21  2.48484e-10  1.28802e-21  1.65935e-10  1.21772e-22  3.75323e-11 -5.23982e-22 -5.48348e-12   1.6084e-22 -7.08843e-12  8.10698e-23 -2.52199e-12 -5.36394e-23 -3.66979e-13 -4.52097e-24  8.24617e-14  9.83381e-24  6.70711e-14 -5.46508e-25  2.13079e-14 -1.43418e-24  3.79815e-15  1.66064e-25  1.11773e-16  1.85204e-25 -1.76834e-16 -1.34846e-26 -6.96271e-17 -2.29505e-26 -1.59947e-17 -4.01266e-27  -2.4641e-18  4.03619e-27 -2.05737e-19  6.03337e-28  1.47289e-20 -4.64781e-28  9.44197e-21  1.85501e-29  2.08648e-21  5.64821e-29  3.15675e-22  4.24048e-30  3.57756e-23 -2.12741e-30  2.99353e-24 -3.77364e-31  1.59121e-25 -9.95348e-33  3.34116e-28 -2.96719e-33 -9.93521e-28  6.99115e-34 -1.23354e-28  5.33063e-34 -9.24256e-30  -7.7484e-36 -4.83449e-31 -1.51021e-35 -1.77729e-32 -4.33277e-37 -4.34673e-34  6.57588e-38 -6.14411e-36 -5.74766e-41 -3.18583e-38
-7.16028e-11 -9.77307e-25  2.94265e-09  1.59549e-23 -4.65209e-08 -1.30812e-22  4.36028e-07    6.643e-22 -2.78668e-06 -2.23622e-21  1.29895e-05  4.86495e-21 -4.57907e-05 -4.75744e-21  0.000124365 -1.18194e-20 -0.000261654  7.75266e-20  0.000423132 -2.54045e-19 -0.000511991  6.27831e-19  0.000433339 -1.25504e-18 -0.000207754  2.04553e-18 -1.05789e-05  -2.6823e-18  8.30485e-05   2.7384e-18 -3.21457e-05 -2.00084e-18 -1.89042e-05  7.25152e-19   1.4538e-05  4.91701e-19  4.57391e-06  -1.1522e-18 -4.60973e-06  1.18493e-18 -1.59946e-06 -8.75045e-19   1.1302e-06  5.53156e-19  6.31271e-07 -3.65118e-19 -1.54089e-07  2.68067e-19 -1.97392e-07 -1.74885e-19 -2.35571e-08   7.0719e-20  3.61425e-08  2.73332e-21  1.81025e-08  -2.4729e-20 -1.89473e-10   1.5752e-20 -3.46206e-09 -2.84401e-21 -1.42422e-09 -2.66062e-21 -4.87266e-11  1.83465e-21   1.9605e-10  2.68198e-22  9.43616e-11 -7.18769e-22  1.65444e-11  1.64389e-22 -4.03024e-12  1.21041e-22 -3.63721e-12 -6.00057e-23 -1.18767e-12 -9.78515e-24 -1.74592e-13  1.16505e-23  2.67133e-14  -5.8994e-26  2.44057e-14 -1.82131e-24  7.91903e-15  1.20174e-25  1.54756e-15  2.49651e-25  1.37005e-16  2.45684e-27 -2.72781e-17 -3.71974e-26 -1.52003e-17 -6.62674e-27 -3.85662e-18  5.69475e-27 -6.68739e-19  9.37273e-28 -8.04702e-20 -4.89755e-28 -5.03642e-21  7.96464e-30   4.3264e-22  5.93754e-29  1.87529e-22  7.19088e-30  3.30142e-23 -1.44409e-30  4.04949e-24 -3.63048e-31  3.76577e-25 -4.20097e-32  2.66801e-26  -7.9593e-33  1.36898e-27  1.31173e-33  4.18181e-29  6.10566e-34  -1.6318e-31 -6.27699e-36 -9.62011e-32  -1.0715e-35 -5.36267e-33 -2.11155e-37 -1.52552e-34  2.26063e-38 -2.06203e-36 -4.47258e-40
 2.46808e-25 -6.60615e-10 -7.41642e-24  1.57003e-08  8.46087e-23 -1.92246e-07 -5.56477e-22  1.51969e-06  2.39272e-21 -8.52727e-06 -7.01023e-21  3.56876e-05  1.34925e-20 -0.000114439 -1.18194e-20  0.000284717   -2.666e-20 -0.000549782  1.61406e-19  0.000812781 -4.96502e-19  -0.00088663  1.16602e-18  0.000649621 -2.22702e-18 -0.000222424  3.46789e-18 -9.54541e-05 -4.32758e-18  0.000134101  4.16702e-18 -1.87104e-05 -2.80463e-18 -4.16297e-05  8.05236e-19  1.34596e-05  8.78261e-19  1.24087e-05 -1.62082e-18 -4.18541e-06  1.49184e-18 -4.00396e-06 -9.98144e-19   6.5976e-07  5.90299e-19  1.21761e-06 -3.99385e-19  1.17125e-07  3.12971e-19 -2.68539e-07 -2.06759e-19 -1.12277e-07  7.89339e-20  2.06826e-08  7.42148e-21  3.12676e-08  -3.0401e-20  8.29224e-09  1.84025e-20 -2.36184e-09 -2.56468e-21 -2.44854e-09  -4.0701e-21 -6.91484e-10  2.46023e-21   6.0314e-11  4.99732e-22  1.23608e-10  -9.3217e-22  4.79666e-11  1.44335e-22  6.88748e-12  1.63165e-22 -2.15477e-12 -6.19909e-23 -1.63227e-12 -1.51714e-23  -5.0857e-13  1.31408e-23 -8.00987e-14   4.5285e-25  4.91658e-15 -2.21376e-24  7.28814e-15   4.2679e-26  2.49172e-15  3.31324e-25  5.27006e-16  2.12853e-26  6.76321e-17  -5.4359e-26  7.65251e-19 -9.56821e-27 -2.20055e-18  7.40326e-27 -6.77772e-19  1.38833e-27 -1.29317e-19 -4.68107e-28 -1.79366e-20  -3.9622e-30 -1.79209e-21  5.96092e-29 -1.04343e-22  1.00233e-29  2.96399e-24 -5.33773e-31   1.6698e-24 -3.03909e-31  2.45608e-25 -7.16956e-32  2.39667e-26  -1.1854e-32  1.73096e-27  1.75585e-33  9.39691e-29  6.06272e-34  3.73952e-30 -1.87204e-36  1.01939e-31  -6.2209e-36   1.6235e-33 -7.32963e-38  8.28609e-36  3.18654e-39 -6.63884e-38
 9.23132e-11  2.53905e-24 -4.04538e-09 -4.38076e-23  6.82728e-08  3.81949e-22 -6.84127e-07 -2.08317e-21   4.6834e-06  7.71023e-21 -2.34421e-05 -1.98345e-20  8.90284e-05  3.39193e-20 -0.000261654   -2.666e-20  0.000599474 -5.46533e-20  -0.00106586  3.06271e-19   0.00144139 -8.89211e-19  -0.00141083  1.99752e-18  0.000873293 -3.66679e-18 -0.000158635   5.4809e-18 -0.000236503 -6.53171e-18  0.000177033  5.94494e-18  2.18882e-05 -3.68046e-18 -6.76294e-05   7.7625e-19  2.43514e-06  1.38489e-18  2.18861e-05 -2.11425e-18 -2.82954e-07   1.7351e-18    -6.58e-06 -1.03464e-18 -9.17736e-07  5.68507e-19  1.60903e-06 -4.09462e-19  6.44329e-07  3.49951e-19 -2.08608e-07 -2.33506e-19 -2.19218e-07  8.46049e-20 -3.24439e-08  1.12688e-20  3.32238e-08 -3.50939e-20  1.98023e-08  2.12807e-20  2.25432e-09 -2.37211e-21 -2.41455e-09 -5.76733e-21  -1.4324e-09  3.12747e-21 -2.87149e-10    8.301e-22  6.62378e-11 -1.14056e-21  6.63306e-11  9.72267e-23  2.22142e-11  2.00516e-22  2.85575e-12 -5.96801e-23 -8.99612e-13 -1.95008e-23 -6.37823e-13  1.44072e-23 -1.95513e-13  9.33251e-25 -3.37439e-14 -2.63027e-24 -6.91546e-16  -5.9399e-26  1.67072e-15  4.28684e-25  6.38856e-16  4.02157e-26  1.45221e-16 -7.32149e-26  2.23773e-17 -1.25946e-26  1.94136e-18  9.03348e-27   -9.814e-20  1.94082e-27 -7.56979e-20 -3.93337e-28 -1.69268e-20 -1.35977e-29 -2.56124e-21  5.70894e-29 -2.90827e-22  1.23696e-29 -2.47657e-23  4.71442e-31 -1.43591e-24  -2.1886e-31 -2.97494e-26 -9.44367e-32  4.47206e-27 -1.40333e-32  6.43698e-28  1.90687e-33   4.7943e-29  5.30608e-34  2.37759e-30  3.75402e-36  7.97276e-32 -2.66592e-36  1.67961e-33 -9.08728e-39  1.77617e-35 -1.26406e-39
-5.57565e-25  7.42349e-10  1.76656e-23 -1.89672e-08 -2.13859e-22  2.49846e-07   1.5002e-21 -2.12703e-06 -6.94387e-21  1.28752e-05  2.23953e-20 -5.82658e-05  -5.0906e-20   0.00020271  7.75266e-20 -0.000549782 -5.46533e-20   0.00116556 -1.01762e-19  -0.00191349  5.29101e-19   0.00236652 -1.45924e-18  -0.00206306  3.16041e-18   0.00103463 -5.61421e-18   3.0301e-05  8.09728e-18 -0.000425088   -9.251e-18  0.000183775  7.97899e-18   9.5349e-05 -4.53702e-18 -8.59414e-05  6.03147e-19 -2.21756e-05  1.98085e-18  2.88901e-05 -2.57134e-18   8.1999e-06  1.86369e-18 -7.77873e-06 -9.59814e-19 -3.67076e-06  4.82418e-19  1.31404e-06 -3.94743e-19  1.30509e-06  3.75504e-19  7.61823e-08 -2.51489e-19 -2.78416e-07  8.78069e-20 -1.19686e-07  1.24688e-20  1.04895e-08 -3.83079e-20  2.75861e-08  2.47828e-20  9.94359e-09 -2.39714e-21 -2.83475e-10  -7.7539e-21 -1.69297e-09  3.77272e-21 -7.28426e-10  1.25994e-21 -1.04635e-10 -1.31228e-21  4.25437e-11  2.60114e-23  3.11052e-11  2.25301e-22  9.46388e-12 -5.47535e-23  1.21239e-12 -2.18168e-23 -2.89141e-13  1.57485e-23 -2.13619e-13  1.37905e-24 -6.60564e-14 -3.08878e-24 -1.24518e-14 -1.74722e-25 -1.01228e-15  5.36091e-25  2.44025e-16  5.62816e-26   1.2571e-16 -9.21461e-26  3.11573e-17 -1.54262e-26  5.33447e-18  1.04748e-26  6.41176e-19  2.56076e-27  4.23446e-20 -2.66592e-28 -2.50257e-21 -1.82169e-29 -1.26522e-21  5.21066e-29 -2.23585e-22  1.39924e-29 -2.71024e-23  1.41725e-30 -2.48167e-24 -1.32233e-31 -1.73718e-25 -1.07608e-31 -8.97807e-27 -1.44842e-32 -3.03748e-28  1.73504e-33 -3.41666e-30  4.12419e-34  2.61818e-31  8.33241e-36  1.60809e-32 -5.35089e-37  3.90045e-34  8.19773e-39  3.20214e-36
-8.24282e-11 -5.24477e-24  3.92888e-09  9.60214e-23 -7.20549e-08 -8.92078e-22  7.84406e-07  5.20639e-21 -5.83615e-06 -2.08002e-20  3.17847e-05  5.89942e-20 -0.000131614 -1.18986e-19  0.000423132  1.61406e-19  -0.00106586 -1.01762e-19   0.00210043 -1.71579e-19  -0.00319153  8.29304e-19   0.00360557 -2.19062e-18    -0.002768  4.62024e-18   0.00103717 -8.00738e-18  0.000376301  1.12093e-17 -0.000626378 -1.23307e-17  0.000121631  1.01089e-17   0.00019578 -5.27292e-18 -8.09322e-05  2.75406e-19 -5.95032e-05  2.61381e-18  2.73344e-05 -2.93218e-18  2.05132e-05  1.84458e-18 -5.59885e-06  -7.6901e-19 -6.94827e-06  3.39827e-19 -1.18081e-07 -3.59574e-19  1.77264e-06  3.86426e-19  5.96741e-07 -2.57047e-19 -2.01343e-07  8.92839e-20 -2.07363e-07  9.05264e-21  -4.2377e-08 -3.98674e-20  2.20194e-08  2.93582e-20  1.72466e-08 -2.66466e-21   4.0423e-09 -1.00112e-20 -8.36356e-10  4.30462e-21 -9.63493e-10  1.76898e-21 -3.32326e-10 -1.41254e-21 -3.52323e-11 -5.85123e-23  2.08789e-11  2.30926e-22  1.28628e-11 -5.03229e-23  3.70471e-12 -2.17698e-23  5.13155e-13   1.7555e-23  -6.3571e-14   1.8424e-24 -5.95142e-14 -3.58673e-24 -1.90579e-14 -2.87325e-25 -3.87099e-15  6.44756e-25 -4.72368e-16  6.70752e-26  1.02482e-19  -1.0942e-25  1.66775e-17 -1.77925e-26  4.90194e-18  1.16414e-26  9.12149e-19  3.19911e-27   1.2434e-19  -9.8238e-29    1.234e-20 -1.69519e-29  7.47494e-22  4.53579e-29 -8.62437e-24  1.48269e-29 -9.01909e-24  2.16781e-30 -1.33389e-24 -6.37731e-32 -1.26702e-25 -1.10657e-31 -8.78518e-27 -1.36381e-32 -4.52904e-28  1.31599e-33 -1.69308e-29   2.8554e-34 -4.29126e-31  1.02498e-35 -6.36981e-33  3.10872e-37 -3.72113e-35  5.84046e-39
 9.96412e-25 -5.55252e-10 -3.34731e-23  1.56996e-08  4.32709e-22 -2.28107e-07 -3.24863e-21   2.1375e-06  1.61501e-20 -1.42274e-05 -5.64055e-20  7.08082e-05  1.41639e-19 -0.000271301 -2.54045e-19  0.000812781  3.06271e-19  -0.00191349 -1.71579e-19   0.00352035  -2.6018e-19  -0.00496086   1.1706e-18   0.00510739 -2.99624e-18  -0.00339277  6.23747e-18   0.00077863 -1.06521e-17  0.000875629   1.4571e-17  -0.00077918 -1.55101e-17  -3.4658e-05  1.21317e-17  0.000301489 -5.80136e-18 -3.72933e-05  -1.8632e-19  -0.00010172   3.2221e-18  1.12653e-05 -3.15527e-18  3.32304e-05  1.67316e-18  1.50102e-06 -4.80206e-19 -9.28218e-06  1.60921e-19 -2.76693e-06 -3.12323e-19  1.59123e-06  3.79732e-19  1.21124e-06 -2.46856e-19  7.41803e-08  9.03884e-20 -2.34761e-07 -7.20913e-22 -1.12364e-07 -3.99995e-20 -3.68481e-09  3.53478e-20  1.83405e-08 -3.05091e-21  8.94137e-09  -1.2472e-20  1.31273e-09  4.61292e-21 -6.52389e-10  2.31068e-21  -4.7159e-10 -1.41086e-21 -1.39157e-10 -1.38376e-22 -1.20955e-11  2.14128e-22  8.27944e-12 -5.02208e-23  4.67615e-12  -1.9788e-23  1.31605e-12  2.01376e-23  2.03566e-13  2.39871e-24 -3.90408e-15 -4.08939e-24 -1.30479e-14 -3.76336e-25 -4.52156e-15  7.45421e-25 -9.79085e-16  7.14984e-26 -1.44577e-16 -1.23447e-25 -1.16641e-17 -1.94796e-26   7.9156e-19  1.24696e-26   4.9518e-19   3.7957e-27  1.05942e-19  9.19544e-29  1.55408e-20  -1.1024e-29  1.71918e-21   3.7848e-29   1.4357e-22  1.49607e-29   8.3544e-24  2.64045e-30  2.18328e-25 -2.16671e-32  -1.6331e-26 -1.04691e-31 -2.58145e-27 -1.20601e-32 -1.84046e-28  7.97027e-34  -8.3662e-30  1.76378e-34 -2.45403e-31  9.30036e-36 -4.14533e-33  3.77976e-37 -2.63954e-35
 4.33772e-11  8.52746e-24 -2.38079e-09 -1.67328e-22  4.96644e-08  1.67074e-21 -6.09704e-07 -1.04855e-20  5.08565e-06  4.51838e-20 -3.09362e-05  -1.3931e-19  0.000142822  3.11206e-19 -0.000511991 -4.96502e-19   0.00144139  5.29101e-19  -0.00319153  -2.6018e-19   0.00550532 -3.49879e-19  -0.00720733  1.46599e-18   0.00673585 -3.70402e-18  -0.00376371  7.76046e-18  0.000183336 -1.32249e-17   0.00147392  1.78177e-17 -0.000807338  -1.8459e-17 -0.000288769  1.38416e-17  0.000376433 -6.07317e-18  5.26701e-05 -7.32278e-19 -0.000134026  3.75029e-18 -2.19956e-05 -3.22921e-18  4.05156e-05  1.37456e-18  1.34491e-05 -1.29881e-19 -8.74522e-06  -2.5583e-20  -6.0545e-06 -2.63678e-19  3.85272e-07  3.52688e-19  1.61909e-06 -2.18359e-19  5.23284e-07  9.28832e-20 -1.39653e-07  -1.7948e-20 -1.65309e-07 -3.93171e-20 -4.63836e-08  4.28204e-20  8.07364e-09 -3.29049e-21  1.12718e-08 -1.49931e-20  4.02928e-09  4.58839e-21  3.20386e-10  2.81265e-21 -3.61978e-10 -1.28944e-21 -2.03721e-10 -1.91593e-22 -5.42426e-11  1.76342e-22  -4.6598e-12  -5.7895e-23  2.65016e-12 -1.69368e-23  1.47374e-12   2.3563e-23   4.1493e-13  3.09227e-24  7.12848e-14 -4.53388e-24  4.04361e-15 -4.17334e-25 -1.97383e-15  8.31629e-25 -8.34798e-16  7.03243e-26 -1.93804e-16  -1.3294e-25    -3.17e-17 -2.03618e-26 -3.64073e-18  1.29105e-26 -2.21793e-19  4.28381e-27  1.64065e-20  2.76746e-28  7.07041e-21  -3.2545e-30  1.18741e-21  3.06518e-29   1.3798e-22  1.45644e-29  1.21235e-23  2.82071e-30  8.14274e-25 -2.04522e-33  4.05249e-26  -9.1917e-32  1.35463e-27 -1.01896e-32  2.02899e-29   3.3285e-34 -5.28828e-31  9.75423e-35 -3.49418e-32  6.54596e-36 -6.44214e-34  1.81814e-37
-1.37466e-24  2.06502e-10     4.96e-23 -7.23338e-09 -6.94897e-22  1.25681e-07  5.64533e-21 -1.37737e-06 -3.03389e-20  1.05675e-05  1.14847e-19 -6.00545e-05  -3.1495e-19  0.000261268  6.27831e-19  -0.00088663 -8.89211e-19   0.00236652  8.29304e-19  -0.00496086 -3.49879e-19     0.008059 -4.04827e-19   -0.0098151  1.57725e-18   0.00827732  -4.0737e-18    -0.003704  8.85945e-18 -0.000764166 -1.53206e-17   0.00206585   2.0524e-17 -0.000641334 -2.08377e-17 -0.000612622  1.50731e-17  0.000378645 -6.09022e-18  0.000182329 -1.29349e-18 -0.000138033  4.16202e-18 -6.89678e-05  -3.1741e-18  3.58043e-05  9.95232e-19  2.77433e-05  2.36398e-19 -3.75753e-06 -1.88015e-19 -8.70806e-06 -2.24783e-19 -1.86974e-06  3.03046e-19  1.45612e-06 -1.70223e-19  9.98955e-07  9.86431e-20  1.00678e-07 -4.27245e-20 -1.57216e-07 -3.87068e-20  -8.9429e-08  5.14589e-20 -1.38123e-08 -3.03469e-21  7.90828e-09 -1.73458e-20  5.75731e-09  4.14977e-21  1.63228e-09  3.18517e-21  4.80206e-11 -1.04984e-21 -1.62237e-10 -1.97294e-22 -7.84366e-11  1.23668e-22 -1.97198e-11 -7.52458e-23 -1.96262e-12 -1.45042e-23  6.52123e-13  2.75694e-23  3.92353e-13  3.88585e-24  1.12713e-13 -4.84845e-24  2.10594e-14 -3.86418e-25   2.2233e-15  9.02007e-25 -1.01207e-16  6.63126e-26  -1.0779e-16  -1.3697e-25 -2.83788e-17 -2.04051e-26 -4.98105e-18  1.29291e-26 -6.47775e-19  4.59683e-27 -6.13292e-20  4.25881e-28 -3.48485e-21  2.89603e-30  5.76794e-23  2.46026e-29  4.19654e-23  1.38084e-29  5.80716e-24  2.75287e-30  5.18397e-25  5.56233e-33  3.35709e-26  -7.5108e-32  1.59745e-27 -8.25624e-33  5.40942e-29   2.3579e-35  1.20371e-30  4.86963e-35  1.47693e-32  3.49916e-36  5.86004e-35
-3.36668e-12 -1.04973e-23  4.62793e-10  2.26164e-22 -1.50083e-08 -2.47652e-21  2.47536e-07  1.69433e-20 -2.59045e-06 -7.93939e-20  1.90341e-05  2.66808e-19 -0.000103768 -6.54549e-19  0.000433339  1.16602e-18  -0.00141083 -1.45924e-18   0.00360557   1.1706e-18  -0.00720733 -4.04827e-19    0.0110781 -3.72744e-19   -0.0125651  1.33974e-18   0.00947644 -3.85278e-18  -0.00308243  9.20211e-18  -0.00199796 -1.65361e-17   0.00251343  2.22884e-17 -0.000243388 -2.23641e-17 -0.000945804  1.57346e-17  0.000273765 -5.90491e-18  0.000327977 -1.79574e-18 -9.79882e-05  4.44545e-18 -0.000118958 -3.03242e-18  1.45148e-05  5.88029e-19  3.95521e-05  5.75361e-19  5.94196e-06 -2.97357e-19 -9.10008e-06 -2.05652e-19 -4.65702e-06  2.29451e-19  4.74874e-07 -1.02747e-19  1.25824e-06   1.0932e-19  4.34423e-07 -7.39414e-20 -5.80595e-08 -3.91491e-20 -1.07012e-07   6.0536e-20 -4.00038e-08 -1.94358e-21 -1.98281e-09  -1.9231e-20  4.86775e-09  3.27004e-21  2.56547e-09  3.33733e-21  6.12401e-10 -7.15549e-22  3.85222e-13 -1.41607e-22 -6.08059e-11   6.5283e-23 -2.68594e-11 -1.01813e-22 -6.60387e-12 -1.34795e-23 -8.00077e-13  3.16019e-23  1.03563e-13  4.64074e-24  8.44564e-14 -4.97853e-24  2.54231e-14 -2.66549e-25  5.06153e-15  9.60318e-25     6.82e-16  6.36843e-26  4.32159e-17 -1.34981e-25 -6.60425e-18 -1.96393e-26 -2.74348e-18  1.25119e-26 -5.34231e-19  4.67849e-27 -7.37471e-20  5.12587e-28 -7.73948e-21  4.41185e-30 -6.13455e-22  2.00425e-29 -3.37368e-23  1.28033e-29 -8.18392e-25   2.5126e-30  5.97484e-26  1.07656e-32  8.60849e-27 -5.71196e-32  5.54745e-28 -6.35267e-33  2.21418e-29 -1.12917e-34  5.39128e-31  2.21362e-35  6.57206e-33  1.25837e-36
 1.35045e-24  4.94027e-11 -5.43105e-23 -3.15972e-10  8.56735e-22 -1.37996e-08 -7.73274e-21  3.33724e-07  4.56744e-20 -3.85481e-06 -1.89271e-19  2.90699e-05  5.69433e-19 -0.000158111 -1.25504e-18  0.000649621  1.99752e-18  -0.00206306 -2.19062e-18   0.00510739  1.46599e-18   -0.0098151 -3.72744e-19    0.0143471 -1.96401e-19    -0.015166  6.14552e-19    0.0100928 -2.86227e-18  -0.00185682  8.55177e-18  -0.00337266 -1.65699e-17   0.00267894  2.28191e-17  0.000373483 -2.28674e-17  -0.00120676    1.582e-17  4.89648e-05 -5.60612e-18  0.000452174 -2.17329e-18 -7.68653e-06   4.6107e-18 -0.000155842 -2.85379e-18 -2.32437e-05  1.96367e-19  4.29762e-05  8.55764e-19  1.86267e-05 -3.31553e-19 -5.91018e-06 -2.14037e-19 -6.95108e-06  1.31919e-19 -1.26693e-06  -1.8162e-20   1.0579e-06  1.26039e-19  7.32007e-07 -1.09289e-19  1.23116e-07  -4.1513e-20 -7.66602e-08  6.89938e-20 -5.71204e-08  2.16961e-22 -1.53726e-08 -2.03235e-20   7.8447e-10  1.99336e-21  2.37222e-09  3.19735e-21   1.0222e-09 -3.29153e-22  2.18014e-10 -2.25842e-23 -3.51956e-13  1.07401e-23 -1.90753e-11 -1.34633e-22 -8.07653e-12 -1.41481e-23 -1.98745e-12   3.4956e-23 -2.85747e-13  5.14027e-24  7.02326e-17 -4.90799e-24  1.34982e-14 -5.41985e-26   4.5325e-15  1.01312e-24  9.53789e-16  6.69704e-26  1.44209e-16 -1.26819e-25  1.50185e-17 -1.81144e-26  6.83278e-19  1.16819e-26 -1.11994e-19  4.49588e-27 -3.38939e-20  5.20546e-28 -5.14527e-21  -3.8911e-31 -5.56514e-22  1.67664e-29 -4.57661e-23  1.15893e-29 -2.87084e-24  2.17649e-30 -1.32587e-25  1.74905e-32 -4.07891e-27 -4.04016e-32 -5.71155e-29 -4.55116e-33  1.05787e-30 -1.24326e-34  5.88345e-32  8.99095e-36  6.43555e-34
