 4.35758e-08 -2.03033e-23 -8.05147e-07  4.69726e-22  4.93463e-06 -2.49755e-21  -1.4593e-05   8.7318e-21  2.15343e-05 -2.47626e-20 -1.29351e-05  4.07049e-20 -7.40859e-07 -2.15288e-20  2.14011e-06 -2.05614e-20  2.45551e-07  2.52233e-20 -6.44038e-08 -5.70634e-21 -6.91039e-09
-2.03033e-23  1.20095e-06 -3.09663e-22 -1.18216e-05  3.14463e-21  5.06195e-05 -1.02992e-20 -0.000109636  4.60435e-20  0.000113155 -1.63942e-19 -3.31968e-05  2.76038e-19 -1.73623e-05  -1.7438e-19   4.0894e-06 -1.92399e-20  1.68191e-06  4.62528e-20  6.50311e-08  -5.3669e-21
-8.05147e-07 -3.09663e-22  1.53692e-05 -1.17851e-21 -9.82126e-05 -4.89372e-21   0.00030657  4.03296e-20 -0.000486436  6.42192e-20  0.000327652 -5.51664e-19   2.2714e-06  9.17904e-19 -5.97989e-05 -5.16053e-19 -4.86265e-06 -7.09656e-21   2.3345e-06   5.4637e-20   2.2137e-07
 4.69726e-22 -1.18216e-05 -1.17851e-21  0.000121334  7.38871e-21 -0.000548369 -1.64827e-19   0.00127522  5.41085e-19  -0.00145554 -2.60029e-19  0.000532126 -1.24534e-18  0.000220466  2.00298e-18 -8.01442e-05 -9.18173e-19 -2.66761e-05 -1.23277e-20 -4.89358e-07  4.14645e-20
 4.93463e-06  3.14463e-21 -9.82126e-05  7.38871e-21  0.000662402  1.03319e-19  -0.00221859 -1.06133e-18   0.00387242  2.55614e-18   -0.0030305 -1.51872e-18   0.00021904  -2.1716e-18  0.000608813  3.14801e-18  1.48679e-05  -1.1302e-18  -3.2316e-05 -2.93272e-20 -2.60091e-06
-2.49755e-21  5.06195e-05 -4.89372e-21 -0.000548369  1.03319e-19   0.00265872   5.7489e-19  -0.00678615 -4.03491e-18   0.00883784  7.51471e-18   -0.0042146 -3.82957e-18  -0.00117451 -3.19805e-18  0.000779032  3.60304e-18  0.000196907 -1.06189e-18 -4.36443e-06 -2.86546e-20
 -1.4593e-05 -1.02992e-20   0.00030657 -1.64827e-19  -0.00221859   5.7489e-19   0.00815073  2.04437e-18   -0.0161264 -1.07502e-17    0.0153008   1.5627e-17  -0.00296889 -5.82566e-18  -0.00330833 -4.06444e-18  0.000257867  2.75671e-18  0.000253805 -8.63042e-19  1.61803e-05
  8.7318e-21 -0.000109636  4.03296e-20   0.00127522 -1.06133e-18  -0.00678615  2.04437e-18    0.0195998  5.27022e-18   -0.0303504  -2.1673e-17    0.0198079  2.42313e-17   0.00215293 -5.03699e-18  -0.00448686 -4.25262e-18 -0.000734343  8.25521e-19  9.46868e-05   -6.042e-19
 2.15343e-05  4.60435e-20 -0.000486436  5.41085e-19   0.00387242 -4.03491e-18   -0.0161264  5.27022e-18    0.0377602  1.05557e-17   -0.0459239 -3.48474e-17    0.0178062  2.86178e-17    0.0097514 -2.54297e-19   -0.0030189 -3.44278e-18  -0.00122243 -9.96874e-19 -4.96214e-05
-2.47626e-20  0.000113155  6.42192e-20  -0.00145554  2.55614e-18   0.00883784 -1.07502e-17   -0.0303504  1.05557e-17    0.0594677  1.73768e-17   -0.0566082  -4.6783e-17   0.00720741  2.55674e-17    0.0154474  6.27326e-18  0.000555368 -2.25977e-18 -0.000721953  -1.4271e-18
-1.29351e-05 -1.63942e-19  0.000327652 -2.60029e-19   -0.0030305  7.51471e-18    0.0153008  -2.1673e-17   -0.0459239  1.73768e-17    0.0783766  2.47633e-17   -0.0575064 -5.44958e-17  -0.00938616  1.61091e-17    0.0148683  9.74167e-18   0.00330662 -1.70223e-18 -2.71456e-05
 4.07049e-20 -3.31968e-05 -5.51664e-19  0.000532126 -1.51872e-18   -0.0042146   1.5627e-17    0.0198079 -3.48474e-17   -0.0566082  2.47633e-17    0.0892761  3.17944e-17   -0.0482839 -5.59843e-17   -0.0259523  4.50529e-18   0.00752165  7.17969e-18    0.0029988 -1.47568e-18
-7.40859e-07  2.76038e-19   2.2714e-06 -1.24534e-18   0.00021904 -3.82957e-18  -0.00296889  2.42313e-17    0.0178062  -4.6783e-17   -0.0575064  3.17944e-17    0.0920986   3.7679e-17   -0.0319276 -4.94189e-17   -0.0358033 -4.76905e-18  -0.00171816  1.36748e-18  0.000938439
-2.15288e-20 -1.73623e-05  9.17904e-19  0.000220466  -2.1716e-18  -0.00117451 -5.82566e-18   0.00215293  2.86178e-17   0.00720741 -5.44958e-17   -0.0482839   3.7679e-17    0.0916884  4.26141e-17   -0.0108115 -3.39165e-17   -0.0338062 -8.58709e-18  -0.00603717  -1.7137e-18
 2.14011e-06  -1.7438e-19 -5.97989e-05  2.00298e-18  0.000608813 -3.19805e-18  -0.00330833 -5.03699e-18    0.0097514  2.55674e-17  -0.00938616 -5.59843e-17   -0.0319276  4.26141e-17     0.094092  4.90303e-17    0.0142181  -1.2232e-17   -0.0199631 -6.30283e-18   -0.0037865
-2.05614e-20   4.0894e-06 -5.16053e-19 -8.01442e-05  3.14801e-18  0.000779032 -4.06444e-18  -0.00448686 -2.54297e-19    0.0154474  1.61091e-17   -0.0259523 -4.94189e-17   -0.0108115  4.90303e-17     0.101928  5.86138e-17    0.0387409   7.5765e-18  -0.00323461 -1.67227e-18
 2.45551e-07 -1.92399e-20 -4.86265e-06 -9.18173e-19  1.48679e-05  3.60304e-18  0.000257867 -4.25262e-18   -0.0030189  6.27326e-18    0.0148683  4.50529e-18   -0.0358033 -3.39165e-17    0.0142181  5.86138e-17     0.109512  6.53679e-17     0.050729  1.57013e-17   0.00418715
 2.52233e-20  1.68191e-06 -7.09656e-21 -2.66761e-05  -1.1302e-18  0.000196907  2.75671e-18 -0.000734343 -3.44278e-18  0.000555368  9.74167e-18   0.00752165 -4.76905e-18   -0.0338062  -1.2232e-17    0.0387409  6.53679e-17     0.102637  5.75882e-17    0.0406005  1.03109e-17
-6.44038e-08  4.62528e-20   2.3345e-06 -1.23277e-20  -3.2316e-05 -1.06189e-18  0.000253805  8.25521e-19  -0.00122243 -2.25977e-18   0.00330662  7.17969e-18  -0.00171816 -8.58709e-18   -0.0199631   7.5765e-18     0.050729  5.75882e-17    0.0725094  3.41085e-17    0.0175336
-5.70634e-21  6.50311e-08   5.4637e-20 -4.89358e-07 -2.93272e-20 -4.36443e-06 -8.63042e-19  9.46868e-05 -9.96874e-19 -0.000721953 -1.70223e-18    0.0029988  1.36748e-18  -0.00603717 -6.30283e-18  -0.00323461  1.57013e-17    0.0406005  3.41085e-17    0.0326171  1.07695e-17
-6.91039e-09  -5.3669e-21   2.2137e-07  4.14645e-20 -2.60091e-06 -2.86546e-20  1.61803e-05   -6.042e-19 -4.96214e-05  -1.4271e-18 -2.71456e-05 -1.47568e-18  0.000938439  -1.7137e-18   -0.0037865 -1.67227e-18   0.00418715  1.03109e-17    0.0175336  1.07695e-17   0.00682697
