 1.39027e-09  2.70977e-23 -3.05908e-08 -7.85828e-22  2.54043e-07  6.42537e-21 -1.21824e-06  -2.7215e-20  3.84186e-06   7.0541e-20 -8.40526e-06 -1.20423e-19  1.29617e-05  1.40023e-19 -1.38979e-05 -1.10466e-19  9.84416e-06  5.51936e-20 -4.05437e-06 -1.39274e-20  6.36218e-07
 2.70977e-23  4.41041e-08  4.66238e-22 -5.40552e-07 -9.23565e-21  3.33524e-06  5.77988e-20 -1.28693e-05 -1.94641e-19   3.3744e-05  4.07756e-19 -6.21109e-05 -5.67194e-19  8.03446e-05  5.37622e-19 -7.08651e-05 -3.38894e-19  3.93139e-05  1.25012e-19 -1.10705e-05 -1.70191e-20
-3.05908e-08  4.66238e-22  6.75815e-07  4.50953e-21  -5.6354e-06 -6.49847e-20  2.71378e-05  3.15267e-19 -8.59508e-05 -8.42817e-19  0.000188878  1.41735e-18 -0.000292601 -1.59322e-18   0.00031522  1.21735e-18 -0.000224376 -5.95265e-19  9.28847e-05  1.45903e-19 -1.46541e-05
-7.85828e-22 -5.40552e-07  4.50953e-21  6.65238e-06  2.90937e-20 -4.12179e-05 -3.14135e-19  0.000159728  1.18364e-18 -0.000420664 -2.48981e-18  0.000777819   3.3191e-18   -0.0010109  -2.9807e-18  0.000895978  1.80783e-18  -0.00049959 -6.47947e-19  0.000141429  8.08398e-20
 2.54043e-07 -9.23565e-21  -5.6354e-06  2.90937e-20   4.7189e-05  1.33711e-19 -0.000228219 -1.09144e-18  0.000726001  3.15901e-18  -0.00160264 -5.11646e-18   0.00249435  5.28175e-18   -0.0027002 -3.73399e-18   0.00193171  1.75343e-18 -0.000803878  -3.9926e-19  0.000127526
 6.42537e-21  3.33524e-06 -6.49847e-20 -4.12179e-05  1.33711e-19  0.000256481  4.48565e-19 -0.000998288 -2.73739e-18   0.00264102  5.88203e-18  -0.00490608  -6.9569e-18   0.00640696  5.28922e-18  -0.00570705 -2.90033e-18   0.00319881  9.83386e-19 -0.000910501  -7.2832e-20
-1.21824e-06  5.77988e-20  2.71378e-05 -3.14135e-19 -0.000228219  4.48565e-19   0.00110858  1.09175e-18  -0.00354251 -4.75647e-18   0.00785638  6.84192e-18   -0.0122864 -4.87168e-18    0.0133666  2.22941e-18   -0.0096119 -9.57143e-19   0.00402163  9.46395e-20 -0.000641612
 -2.7215e-20 -1.28693e-05  3.15267e-19  0.000159728 -1.09144e-18 -0.000998288  1.09175e-18   0.00390313  1.82951e-18   -0.0103738 -4.81644e-18    0.0193632  2.32903e-18   -0.0254121  1.85886e-18    0.0227525 -1.71332e-18   -0.0128213  5.49478e-19   0.00366996 -3.11379e-19
 3.84186e-06 -1.94641e-19 -8.59508e-05  1.18364e-18  0.000726001 -2.73739e-18  -0.00354251  1.82951e-18    0.0113727  1.69943e-18   -0.0253423   1.7279e-19     0.039828 -7.58275e-18   -0.0435514  8.16295e-18    0.0314849 -2.99353e-18   -0.0132468  1.00157e-18    0.0021258
  7.0541e-20   3.3744e-05 -8.42817e-19 -0.000420664  3.15901e-18   0.00264102 -4.75647e-18   -0.0103738  1.69943e-18    0.0277035 -5.09005e-19   -0.0519648  9.61086e-18    0.0685464  -1.5261e-17   -0.0616982  7.53968e-18    0.0349602  -1.6422e-18   -0.0100652  8.75484e-19
-8.40526e-06  4.07756e-19  0.000188878 -2.48981e-18  -0.00160264  5.88203e-18   0.00785638 -4.81644e-18   -0.0253423 -5.09005e-19    0.0567497 -4.45159e-18   -0.0896423  1.61587e-17    0.0985411 -1.18472e-17   -0.0716315  1.23808e-18    0.0303118 -8.75737e-19  -0.00489387
-1.20423e-19 -6.21109e-05  1.41735e-18  0.000777819 -5.11646e-18  -0.00490608  6.84192e-18    0.0193632   1.7279e-19   -0.0519648 -4.45159e-18     0.097969 -7.04899e-18    -0.129912  1.16555e-17     0.117575  3.95595e-19   -0.0670041 -2.37764e-18    0.0194069  -1.2254e-18
 1.29617e-05 -5.67194e-19 -0.000292601   3.3191e-18   0.00249435  -6.9569e-18   -0.0122864  2.32903e-18     0.039828  9.61086e-18   -0.0896423 -7.04899e-18     0.142347 -4.93772e-18    -0.157334 -1.67621e-18     0.115023  8.35661e-18   -0.0489649 -6.68164e-20   0.00795532
 1.40023e-19  8.03446e-05 -1.59322e-18   -0.0010109  5.28175e-18   0.00640696 -4.87168e-18   -0.0254121 -7.58275e-18    0.0685464  1.61587e-17    -0.129912 -4.93772e-18     0.173214  9.63203e-19    -0.157658 -1.10662e-17    0.0903824  4.87199e-18   -0.0263423  2.21616e-18
-1.38979e-05  5.37622e-19   0.00031522  -2.9807e-18   -0.0027002  5.28922e-18    0.0133666  1.85886e-18   -0.0435514  -1.5261e-17    0.0985411  1.16555e-17    -0.157334  9.63203e-19     0.174891  5.27197e-18    -0.128618 -8.25904e-18    0.0550939 -2.27648e-18  -0.00901001
-1.10466e-19 -7.08651e-05  1.21735e-18  0.000895978 -3.73399e-18  -0.00570705  2.22941e-18    0.0227525  8.16295e-18   -0.0616982 -1.18472e-17     0.117575 -1.67621e-18    -0.157658  5.27197e-18     0.144352  4.26923e-18   -0.0832689   4.9636e-19    0.0244279 -3.53926e-18
 9.84416e-06 -3.38894e-19 -0.000224376  1.80783e-18   0.00193171 -2.90033e-18   -0.0096119 -1.71332e-18    0.0314849  7.53968e-18   -0.0716315  3.95595e-19     0.115023 -1.10662e-17    -0.128618  4.26923e-18    0.0951763  2.67591e-19   -0.0410351  4.51612e-18   0.00675713
 5.51936e-20  3.93139e-05 -5.95265e-19  -0.00049959  1.75343e-18   0.00319881 -9.57143e-19   -0.0128213 -2.99353e-18    0.0349602  1.23808e-18   -0.0670041  8.35661e-18    0.0903824 -8.25904e-18   -0.0832689  2.67591e-19    0.0483467 -2.03739e-18   -0.0142806  2.55476e-18
-4.05437e-06  1.25012e-19  9.28847e-05 -6.47947e-19 -0.000803878  9.83402e-19   0.00402163  5.49404e-19   -0.0132468  -1.6425e-18    0.0303118 -2.37694e-18   -0.0489649  4.87249e-18    0.0550939  4.95969e-19   -0.0410351 -2.03748e-18    0.0178137 -1.53069e-18  -0.00295465
-1.39274e-20 -1.10705e-05  1.45903e-19  0.000141429 -3.99264e-19 -0.000910501  9.46503e-20   0.00366996  1.00149e-18   -0.0100652 -8.75833e-19    0.0194069 -6.70003e-20   -0.0263423 -2.27636e-18    0.0244279  4.51629e-18   -0.0142806 -1.53069e-18   0.00424878 -4.02967e-19
 6.36218e-07 -1.70191e-20 -1.46541e-05  8.08399e-20  0.000127526 -7.28318e-20 -0.000641612 -3.11376e-19    0.0021258  8.75481e-19  -0.00489387 -1.22539e-18   0.00795532  2.21615e-18  -0.00901001 -3.53926e-18   0.00675713  2.55476e-18  -0.00295465 -4.02968e-19  0.000493842
