 1.99849e-12  2.03378e-26 -4.38063e-11 -6.94046e-25  3.55941e-10   7.1944e-24 -1.63798e-09  -4.2975e-23  4.84695e-09  1.74784e-22 -9.66229e-09 -5.11149e-22  1.29616e-08  1.07569e-21 -1.09822e-08 -1.52362e-21  4.48794e-09  9.91992e-22  9.01714e-10  1.41542e-21 -1.63256e-09 -5.58537e-21  6.94529e-11  9.89518e-21  4.48009e-10 -1.22109e-20 -9.24333e-12  1.16012e-20 -1.17576e-10 -8.91784e-21 -1.82812e-11  5.75373e-21  2.41524e-11 -3.18679e-21  1.11364e-11  1.50793e-21 -1.74024e-12 -6.05093e-22 -3.01313e-12  2.36861e-22 -8.31735e-13 -1.22872e-22  2.38577e-13  6.46805e-23  2.59345e-13 -1.58975e-23  7.64089e-14 -2.68385e-24  -7.4458e-15 -1.30825e-24 -1.56584e-14  3.44183e-24  -6.5119e-15 -1.08801e-25  -9.9679e-16 -1.22047e-24  3.68609e-16  2.05384e-25  3.04779e-16  2.46419e-25  1.06615e-16 -3.95238e-26  1.88762e-17 -3.94296e-26 -1.63995e-18  1.52289e-27 -2.52456e-18  5.09439e-27 -1.02487e-18  6.81158e-28 -2.62841e-19 -3.66664e-28 -4.11239e-20 -1.61512e-28 -9.07367e-23 -1.82191e-29  2.45303e-21  1.41848e-29  9.82631e-22  8.45562e-30  2.54591e-22   2.2436e-30  4.95068e-23 -1.13136e-30  7.14693e-24 -7.22887e-31  6.12412e-25 -5.34081e-32 -3.38073e-26  4.93318e-32  -2.7503e-26  1.69429e-32 -6.96796e-27   3.3992e-33 -1.26075e-27  3.94769e-34 -1.83168e-28 -8.57683e-35 -2.20905e-29 -5.79567e-35 -2.21832e-30 -1.71931e-35 -1.81566e-31 -4.13239e-36 -1.13185e-32 -7.52759e-37 -4.12258e-34 -7.93527e-38  1.16029e-35 -1.21105e-39  3.56166e-36  1.07145e-39  3.57158e-37  2.34365e-40  2.41978e-38  3.11502e-41  1.21369e-39  2.66361e-42  4.68942e-41  1.47654e-43   1.3487e-42  5.90863e-45  2.53628e-44    1.549e-46   1.8655e-46  1.45665e-48
 2.03378e-26   6.4132e-11  3.93543e-25 -7.94175e-10 -9.26059e-24  4.86928e-09  7.74789e-23 -1.83359e-08 -4.00478e-22  4.59164e-08  1.46504e-21 -7.83147e-08 -3.95075e-21  8.89897e-08  7.84186e-21 -6.04483e-08 -1.09085e-20  1.36332e-08  8.53261e-21  1.19127e-08  2.95512e-21 -7.54784e-09 -2.13178e-20 -2.22134e-09  3.78972e-20  2.20103e-09 -4.41107e-20  7.06629e-10  3.86054e-20 -4.82399e-10 -2.70934e-20 -2.71398e-10  1.60561e-20  4.82819e-11 -8.26914e-21  7.74321e-11  3.56624e-21  1.55944e-11 -1.17954e-21 -1.06443e-11  3.74806e-22 -7.46363e-12 -2.59662e-22  -1.1265e-12  1.69446e-22  8.72224e-13 -2.10204e-23  6.00643e-13  -3.1871e-23  1.40738e-13  6.73703e-25 -2.59242e-14  1.45116e-23 -3.34723e-14 -1.93567e-24 -1.29182e-14 -4.05973e-24  -2.0293e-15  7.06833e-25  5.72678e-16  7.94527e-25  5.11066e-16 -8.06716e-26  1.87052e-16 -1.26187e-25   3.9181e-17 -8.54659e-27  1.39809e-18  1.54153e-26 -2.63858e-18  4.30269e-27  -1.2897e-18 -9.17346e-28 -3.75799e-19 -7.45849e-28 -7.56614e-20  -8.5892e-29 -8.86008e-21  6.44764e-29  5.36026e-22  3.35441e-29  6.27941e-22  6.43478e-30  2.04143e-22 -4.60068e-30  4.62625e-23 -2.63283e-30  8.17749e-24  -2.1387e-31  1.13671e-24  1.61774e-31  1.14744e-25  6.22491e-32  5.02311e-27  1.45773e-32 -1.04392e-27  2.16687e-33 -3.40938e-28  -1.8373e-34 -6.06985e-29 -2.00678e-34 -8.19768e-30 -6.31744e-35 -9.04318e-31 -1.45483e-35 -8.34256e-32 -2.46068e-36 -6.46304e-33 -2.51771e-37 -4.17243e-34 -7.59883e-39 -2.19897e-35   2.0501e-39 -9.07782e-37  4.78053e-40 -2.74211e-38  6.08246e-41 -4.82308e-40  4.74574e-42  4.31905e-42  2.32754e-43   5.5833e-43  7.75311e-45   1.2483e-44  1.43311e-46  5.32723e-47
-4.38063e-11  3.93543e-25  1.00866e-09  4.22478e-24 -8.63942e-09 -7.50711e-23  4.20977e-08  5.25482e-22 -1.32705e-07 -2.39856e-21  2.84331e-07   7.9886e-21 -4.16105e-07 -1.99754e-20  3.96993e-07  3.73195e-20 -2.05172e-07 -5.00325e-20 -2.00105e-10  4.12301e-20  6.24366e-08 -1.57509e-21 -1.54491e-08 -5.57487e-20 -1.61112e-08  1.00215e-19    4.532e-09 -1.09424e-19  4.68716e-09  8.74083e-20 -4.77199e-10 -5.55463e-20 -1.27797e-09  3.04423e-20 -2.26552e-10 -1.50573e-20  2.24998e-10  6.08688e-21   1.2946e-10 -1.49174e-21  2.10072e-12  2.60099e-22 -2.53313e-11 -4.60906e-22 -1.14262e-11  4.04229e-22  -5.4589e-13 -1.81333e-23  1.72752e-12 -1.21322e-22  9.18252e-13   1.4133e-23  1.80264e-13  4.00069e-23 -4.50556e-14 -7.18105e-24 -4.70209e-14 -9.74301e-24 -1.75328e-14  1.53746e-24 -3.02182e-15  1.84981e-24  4.77716e-16 -5.18095e-26  5.44478e-16 -2.85844e-25  2.13334e-16 -5.14561e-26  5.13153e-17  3.24956e-26  5.99947e-18  1.41798e-26 -1.17772e-18   -1.677e-27 -9.19843e-19 -2.13321e-27 -3.11043e-19 -1.95517e-28 -7.33456e-20  1.99826e-28 -1.25191e-20  8.87011e-29 -1.27211e-21  1.14633e-29  6.60203e-23 -1.32936e-29  6.94545e-23 -6.88859e-30  2.01999e-23 -6.30948e-31  4.13967e-24  3.74639e-31  6.74259e-25  1.62804e-31    8.978e-26    4.232e-32   9.6459e-27  6.93562e-33  7.76685e-28 -2.16013e-34   3.2752e-29 -4.72865e-34 -2.65872e-30 -1.53752e-34 -8.04529e-31 -3.41547e-35 -1.10865e-31 -5.45144e-36 -1.11245e-32 -5.45328e-37 -8.85401e-34 -2.29634e-38 -5.71533e-35  2.27331e-39 -2.98802e-36  6.32086e-40 -1.25061e-37  7.74452e-41 -4.05985e-39  5.44507e-42 -9.40663e-41  2.30061e-43 -1.31285e-42  6.03181e-45 -1.06097e-44  6.42834e-47
-6.94046e-25 -7.94175e-10  4.22478e-24  1.03651e-08  3.07429e-23 -6.72421e-08 -4.34527e-22  2.69288e-07  2.61401e-21 -7.22288e-07  -1.0727e-20    1.334e-06   3.2911e-20 -1.67413e-06  -7.6784e-20  1.31845e-06  1.35088e-19 -4.61577e-07 -1.72882e-19 -1.68049e-07  1.42297e-19  2.00056e-07 -2.88135e-20  8.96146e-09 -1.17087e-19  -5.8528e-08  2.12697e-19 -3.39135e-09 -2.15751e-19  1.54805e-08   1.5499e-19  3.52393e-09 -8.79202e-20 -3.07017e-09  4.52733e-20 -1.71699e-09 -2.29459e-20  1.49429e-10  9.21366e-21  4.34213e-10 -1.31256e-21  1.39875e-10 -3.56415e-22 -2.85697e-11 -7.90993e-22 -3.94477e-11  9.23665e-22 -1.29582e-11 -3.08723e-23  6.51077e-13 -3.13492e-22  2.42327e-12  5.10941e-23  1.09133e-12   8.7258e-23  1.91975e-13 -1.71871e-23  -5.1935e-14 -1.94305e-23 -5.00785e-14  2.41719e-24 -1.86304e-14  3.55538e-24 -3.62866e-15  1.89547e-25  1.42064e-16 -5.23287e-25  4.08464e-16 -1.54287e-25  1.77494e-16  5.48816e-26  4.79873e-17  3.29867e-26  8.23462e-18   -2.939e-27  3.30916e-19 -4.58546e-27 -3.61282e-19 -2.03782e-28 -1.62121e-19  5.05771e-28 -4.41987e-20  1.87444e-28 -8.99815e-21  1.20635e-29 -1.39133e-21  -3.1793e-29 -1.44661e-22 -1.50131e-29 -2.04598e-24 -1.54488e-30  3.37895e-24  7.07049e-31  9.95619e-25   3.4643e-31  1.90322e-25  9.60322e-32  2.85462e-26  1.63096e-32  3.53439e-27 -5.29311e-35  3.66052e-28 -8.76066e-34  3.14876e-29 -2.89456e-34  2.18148e-30 -6.21637e-35  1.11612e-31 -9.43182e-36  2.87908e-33  -9.2226e-37 -1.51866e-34 -4.67486e-38 -2.58059e-35  1.30274e-39 -1.93042e-36   6.1414e-40 -9.79658e-38  7.34246e-41 -3.53897e-39  4.58628e-42 -8.40929e-41  1.61194e-43 -1.13315e-42  3.03232e-45 -6.65831e-45
 3.55941e-10 -9.26059e-24 -8.63942e-09  3.07429e-23  7.82782e-08  1.65363e-22 -4.05272e-07 -1.92214e-21  1.36541e-06  1.01613e-20 -3.15332e-06 -3.81462e-20  5.04278e-06  1.09115e-19  -5.4022e-06 -2.39151e-19  3.40409e-06  3.96971e-19 -5.53535e-07 -4.82577e-19 -8.14863e-07  3.86076e-19  4.16115e-07 -1.04755e-19  1.74656e-07 -2.13798e-19 -1.29813e-07  3.87038e-19 -5.44393e-08 -3.59588e-19  2.85119e-08  2.27047e-19  1.96224e-08 -1.11912e-19 -2.29479e-09  5.60412e-20 -5.40991e-09 -3.24986e-20 -1.30454e-09  1.40397e-20  7.05387e-10 -5.97174e-22  5.60194e-10 -1.86453e-21  9.92139e-11 -1.26009e-21 -6.20784e-11  1.92228e-21 -4.68866e-11 -1.07301e-22 -1.18732e-11 -6.49461e-22  1.75233e-12  1.22673e-22  2.66856e-12  1.63126e-22  1.08137e-12  -3.1893e-23  1.84617e-13 -3.40114e-23 -4.26004e-14   2.7191e-24 -4.24641e-14  5.91651e-24 -1.61839e-14    8.105e-25 -3.56651e-15 -8.10166e-25 -1.98478e-16  -3.3436e-25  2.09775e-16  7.82923e-26  1.09877e-16  5.98529e-26  3.32156e-17 -5.82405e-27  6.98348e-18 -7.99372e-27  9.11354e-19  2.74547e-28 -1.08855e-20  1.12504e-27 -4.74914e-20  3.46192e-28 -1.66596e-20 -1.53082e-30 -3.91566e-21 -6.65216e-29 -7.14434e-22 -2.88562e-29 -1.03702e-22 -3.27953e-30 -1.14669e-23  1.14687e-30 -7.65276e-25  6.29717e-31  3.09792e-26  1.80716e-31  2.02776e-26  3.08358e-32  3.99562e-27  4.02908e-34  5.58957e-28 -1.35465e-33  6.25082e-29 -4.49826e-34  5.79062e-30 -9.33578e-35  4.48619e-31 -1.34938e-35  2.89585e-32 -1.28426e-36  1.53582e-33 -7.21905e-38  6.52941e-35 -4.90466e-40  2.13098e-36  4.51064e-40  4.83412e-38   5.4212e-41  5.99369e-40  2.95672e-42  6.12723e-43  8.21058e-44 -4.10134e-44  9.04979e-46
  7.1944e-24  4.86928e-09 -7.50711e-23 -6.72421e-08  1.65363e-22  4.63352e-07  6.87644e-22 -1.98087e-06 -6.72227e-21  5.71072e-06  3.18911e-20 -1.14532e-05 -1.11615e-19  1.58864e-05  3.01603e-19 -1.43842e-05 -6.25625e-19  6.82645e-06  9.82615e-19  5.69477e-07 -1.13196e-18 -2.40471e-06  8.66289e-19  4.42378e-07 -2.52271e-19  6.65307e-07 -3.58101e-19 -1.43909e-07  6.27558e-19 -1.96884e-07 -5.24821e-19  1.08313e-08  2.81164e-19  5.37217e-08 -1.13518e-19  1.14512e-08  5.95261e-20 -9.37983e-09 -4.58502e-20  -5.9367e-09   2.2596e-20  -2.2277e-10  5.09026e-22  1.15415e-09 -4.83999e-21  5.50052e-10 -1.73778e-21  3.29305e-11  3.57362e-21 -8.31079e-11 -3.05329e-22  -4.5867e-11 -1.15953e-21 -9.35727e-12   2.3334e-22  2.21409e-12  2.72539e-22  2.42577e-12 -4.92038e-23  9.25499e-13 -5.36025e-23  1.64879e-13   1.6152e-24 -2.37869e-14  8.69134e-24  -2.9016e-14  1.92131e-24 -1.16192e-14 -1.07573e-24 -2.86339e-15 -5.82208e-25 -3.58033e-16  9.58954e-26  5.58759e-17  8.76521e-26  4.88546e-17 -1.26189e-26  1.69887e-17 -1.16637e-26   4.0993e-18  1.92959e-27  7.24202e-19  2.27698e-27  8.13556e-20   5.9238e-28 -7.89838e-22 -4.07719e-29 -3.22576e-21 -1.24461e-28 -1.00473e-21 -5.01538e-29 -2.11586e-22 -6.16845e-30 -3.51158e-23   1.6345e-30 -4.77474e-24  1.00084e-30 -5.31177e-25  2.91212e-31  -4.6362e-26  4.90499e-32 -2.70482e-27  1.12857e-33 -6.15802e-30 -1.80782e-33  2.37756e-29 -5.98048e-34  3.80593e-30  -1.1968e-34  3.94911e-31 -1.64604e-35  3.13094e-32 -1.51498e-36  1.97232e-33 -8.96053e-38  9.91559e-35 -2.20479e-39  3.90687e-36  2.42762e-40  1.15414e-37  3.15794e-41  2.38753e-39  1.47037e-42  3.08531e-41  2.95416e-44  1.68025e-43
-1.63798e-09  7.74789e-23  4.20977e-08 -4.34527e-22 -4.05272e-07  6.87644e-22  2.23901e-06   2.2566e-21 -8.09552e-06  -1.8827e-20  2.02262e-05  8.20778e-20 -3.54373e-05 -2.74183e-19  4.25809e-05  7.10769e-19  -3.2001e-05   -1.407e-18  9.94998e-06  2.09841e-18    5.158e-06 -2.28885e-18 -5.05375e-06  1.65836e-18 -5.12098e-07 -4.69361e-19   1.5765e-06 -5.68923e-19  1.57838e-07  9.29162e-19 -4.31011e-07 -6.87167e-19 -1.13547e-07  2.95571e-19  8.72358e-08  -8.2651e-20  5.29158e-08  5.44676e-20 -3.83702e-09 -6.55481e-20 -1.35867e-08  3.72209e-20 -4.53954e-09  1.66157e-21  9.20784e-10 -9.93885e-21  1.31366e-09 -1.94849e-21  4.36948e-10  5.97701e-21 -2.47063e-11 -6.69503e-22 -8.55385e-11 -1.85624e-21 -3.86582e-11  3.76531e-22 -6.72388e-12  4.16312e-22  1.97745e-12   -6.504e-23  1.86585e-12 -7.69094e-23  6.94749e-13 -1.61772e-24  1.35189e-13  1.13334e-23 -5.91266e-15  3.50005e-24 -1.57227e-14 -1.21288e-24 -6.84675e-15 -8.55264e-25 -1.86392e-15  9.75106e-26 -3.24895e-16  1.01879e-25 -1.52278e-17 -2.65568e-26  1.33313e-17 -1.42194e-26  6.14795e-18   5.7378e-27   1.6965e-18  4.26436e-27   3.4978e-19  9.75855e-28  5.53062e-20  -1.1146e-28  6.12534e-21 -2.09812e-28   2.2017e-22 -7.95918e-29 -9.96118e-23 -1.03985e-29 -3.26501e-23  2.06171e-30 -6.40706e-24  1.40916e-30 -9.69951e-25  4.09794e-31 -1.20591e-25  6.73573e-32 -1.25456e-26  1.94252e-33 -1.09087e-27 -2.12884e-33 -7.78314e-29 -6.95701e-34 -4.34363e-30  -1.3374e-34  -1.6495e-31 -1.74449e-35 -1.48572e-33 -1.54061e-36  3.47963e-34 -9.23634e-38  3.18943e-35 -3.08859e-39  1.61547e-36  8.03301e-41  5.30874e-38  1.43903e-41  1.09212e-39  5.54068e-43  1.20684e-41  6.61484e-45
 -4.2975e-23 -1.83359e-08  5.25482e-22  2.69288e-07 -1.92214e-21 -1.98087e-06   2.2566e-21  9.08367e-06  5.82763e-21 -2.82741e-05   -4.178e-20  6.18122e-05  1.73285e-19 -9.49534e-05 -5.71708e-19  9.83634e-05  1.44982e-18 -5.93928e-05 -2.76485e-18  7.21247e-06  3.93195e-18  1.62389e-05 -4.06173e-18 -7.46166e-06  2.76588e-18 -3.75769e-06 -7.11867e-19  2.51418e-06 -8.66918e-19  1.18342e-06  1.27486e-18 -5.79437e-07 -8.22729e-19 -4.29456e-07  2.59646e-19  4.78087e-08 -1.71858e-20  1.22236e-07  4.02207e-20  2.97925e-08 -9.23568e-20 -1.69687e-08  5.96088e-20 -1.34404e-08  2.29767e-21 -2.27769e-09 -1.76628e-20  1.62621e-09 -1.56354e-21   1.1943e-09  9.13291e-21  2.91858e-10 -1.20881e-21 -5.44958e-11 -2.72938e-21 -7.30333e-11  5.33156e-22 -2.89261e-11  5.88224e-22 -4.64345e-12 -7.41116e-23  1.34687e-12 -1.00736e-22  1.22464e-12 -7.25614e-24  4.58051e-13  1.30765e-23  9.89241e-14  5.38609e-24  4.50725e-15 -1.10125e-24 -6.35685e-15 -1.09236e-24 -3.23522e-15  6.56263e-26 -9.70508e-16   8.1613e-26 -2.03606e-16  -5.0969e-26 -2.67039e-17 -1.36596e-26  2.09369e-19   1.2851e-26  1.33939e-18  7.45501e-27  4.72403e-19  1.57839e-27  1.11205e-19  -2.0282e-28  2.03476e-20 -3.19008e-28   2.9789e-21 -1.15546e-28  3.38168e-22 -1.57914e-29  2.52184e-23  2.30235e-30 -1.00445e-25  1.77283e-30 -4.31133e-25  5.10074e-31 -9.07362e-26  8.11017e-32 -1.28247e-26  2.56354e-33 -1.42499e-27 -2.24846e-33 -1.30071e-28 -7.19058e-34 -9.87568e-30 -1.32108e-34  -6.2239e-31  -1.6262e-35 -3.21632e-32 -1.36592e-36 -1.33072e-33 -8.06233e-38 -4.23367e-35 -2.98298e-39 -9.70269e-37 -3.31289e-42 -1.44653e-38  4.95414e-42 -1.08318e-40  1.49841e-43  9.96694e-45
 4.84695e-09 -4.00478e-22 -1.32705e-07  2.61401e-21  1.36541e-06 -6.72227e-21 -8.09552e-06  5.82763e-21  3.15829e-05  1.13101e-20  -8.5786e-05 -6.91135e-20  0.000165301   2.9323e-19 -0.000222955 -1.01462e-18  0.000197211  2.58582e-18 -8.98557e-05 -4.80399e-18 -1.22173e-05  6.54612e-18  3.53749e-05 -6.41078e-18 -5.71864e-06  4.08024e-18 -1.03612e-05 -8.97817e-19  2.12772e-06  -1.2581e-18   3.1836e-06  1.63263e-18 -1.78633e-07 -9.16456e-19 -9.09397e-07  1.80977e-19 -1.88888e-07  7.60971e-20  1.71165e-07  1.48296e-20  1.05672e-07  -1.2347e-19  1.48239e-09  8.99726e-20 -2.25407e-08  1.68385e-21 -1.02769e-08  -2.8126e-20 -3.10045e-10 -3.36432e-22  1.76705e-09  1.29458e-20  9.22892e-10  -1.8826e-21  1.69815e-10 -3.74129e-21 -5.70565e-11  6.73126e-22  -5.3626e-11  7.72236e-22 -1.95676e-11  -7.1316e-23   -3.167e-12 -1.20135e-22  6.90819e-13 -1.48946e-23  6.82256e-13  1.32303e-23  2.62823e-13   7.3854e-24  6.27901e-14 -6.37964e-25  7.19642e-15 -1.24827e-24 -1.53175e-15 -3.22325e-26 -1.16472e-15  1.93874e-27 -3.94162e-16 -8.82112e-26 -9.37821e-17 -7.61298e-27 -1.64034e-17  2.43987e-26 -1.82882e-18  1.22306e-26   1.6486e-20  2.51573e-27   7.0892e-20 -2.76928e-28  2.19251e-20  -4.3613e-28  4.58193e-21 -1.53072e-28  7.55126e-22 -2.16071e-29  1.02185e-22  2.27574e-30  1.13792e-23  2.00684e-30  1.01068e-24   5.6663e-31  6.40474e-26  8.64483e-32  1.41674e-27  2.74964e-33 -3.08368e-28 -2.15727e-33  -5.6537e-29   -6.676e-34 -5.92079e-30  -1.1647e-34 -4.58307e-31 -1.34446e-35 -2.76592e-32 -1.06362e-36 -1.30701e-33  -6.0291e-38 -4.72832e-35 -2.24475e-39 -1.24976e-36 -2.56936e-41 -2.20527e-38  1.17764e-42 -2.07528e-40  2.50253e-44
 1.74784e-22  4.59164e-08 -2.39856e-21 -7.22288e-07  1.01613e-20  5.71072e-06  -1.8827e-20 -2.82741e-05  1.13101e-20  9.55984e-05  1.33008e-20 -0.000229033 -6.33574e-20  0.000391068  3.64491e-19 -0.000462682 -1.51999e-18  0.000343564  4.05767e-18 -0.000102242 -7.44604e-18 -6.23397e-05  9.77778e-18  5.85157e-05  -9.0938e-18  6.71795e-06  5.38473e-18 -1.94318e-05 -9.38426e-19 -1.89378e-06 -1.71336e-18  5.63577e-06  1.95422e-18  1.41603e-06 -9.66134e-19 -1.24186e-06  8.51095e-20 -7.16412e-07  1.83207e-19  8.25853e-08 -2.53461e-20  2.03142e-07 -1.52385e-19  6.19427e-08  1.26671e-19 -1.79819e-08 -9.33691e-22  -2.0977e-08 -4.09538e-20 -6.34567e-09  1.78989e-21  8.03383e-10  1.72416e-20  1.50672e-09 -2.59658e-21  6.29937e-10 -4.82261e-21  9.03425e-11  7.59476e-22 -4.39008e-11  9.41533e-22 -3.44532e-11 -5.37002e-23 -1.20516e-11 -1.29635e-22 -2.10542e-12 -2.34076e-23  2.31055e-13  1.16674e-23  3.15942e-13  9.47865e-24  1.28923e-13  2.42617e-25  3.37336e-14 -1.33372e-24  5.54916e-15 -2.51563e-25  1.37886e-16 -1.63168e-25 -2.78116e-16 -1.39033e-25 -1.18555e-16  6.14789e-27 -3.17511e-17  4.12137e-26 -6.41894e-18  1.89024e-26 -9.98481e-19  3.92657e-27 -1.08862e-19 -2.65014e-28 -3.82551e-21 -5.31813e-28  1.72847e-21 -1.83937e-28   5.5674e-22 -2.65086e-29  1.07437e-22  2.01401e-30  1.59873e-23  2.05952e-30  1.95298e-24  5.65732e-31  1.99665e-25  8.20878e-32  1.70908e-26  2.43285e-33  1.20726e-27 -1.89858e-33  6.78894e-29 -5.61195e-34  2.77776e-30 -9.22607e-35  5.73815e-32 -9.91195e-36 -1.99459e-33 -7.30553e-37 -2.52748e-34 -3.88597e-38 -1.25181e-35 -1.36995e-39  -3.7028e-37 -1.99981e-41 -6.27863e-39   1.4257e-43 -4.06565e-41
-9.66229e-09  1.46504e-21  2.84331e-07  -1.0727e-20 -3.15332e-06  3.18911e-20  2.02262e-05   -4.178e-20  -8.5786e-05  1.33008e-20  0.000255073 -7.25972e-21 -0.000543656  7.30384e-20  0.000825592  2.04323e-19 -0.000853544 -1.86504e-18  0.000516466   5.6142e-18 -5.83348e-05 -1.03625e-17 -0.000152576  1.32062e-17  7.18775e-05 -1.16931e-17  3.63558e-05  6.41243e-18 -2.61781e-05 -7.80114e-19 -1.17432e-05 -2.15976e-18  6.65798e-06  2.18004e-18  4.55112e-06 -9.79436e-19 -7.63744e-07  7.38159e-21 -1.43016e-06  2.85717e-19 -2.88862e-07 -8.35614e-20  2.37206e-07 -1.70591e-19  1.63784e-07  1.66458e-19  1.98576e-08 -6.14081e-21  -2.4762e-08 -5.53668e-20 -1.57449e-08  4.64238e-21 -3.20179e-09  2.17891e-20  1.11411e-09 -3.20679e-21   1.0881e-09 -5.87021e-21  3.90396e-10  7.55177e-22  4.72531e-11   1.0609e-21  -2.6992e-11  -2.2951e-23   -1.946e-11 -1.25587e-22 -6.73342e-12 -3.11215e-23  -1.3105e-12  9.35326e-24  5.20549e-15  1.20611e-23  1.15898e-13  1.57768e-24  5.25824e-14 -1.43787e-24  1.49804e-14 -6.72383e-25  2.99388e-15 -4.37693e-25  3.55746e-16 -2.02805e-25 -1.67046e-17  2.89424e-26 -2.29283e-17  6.35136e-26 -7.51444e-18  2.76047e-26  -1.7079e-18  5.94389e-27 -3.04675e-19 -7.72102e-29 -4.36381e-20 -5.68173e-28 -4.85319e-21 -1.98219e-28  -3.5512e-22 -2.88055e-29  1.13084e-24  1.68531e-30  5.73551e-24  1.93691e-30  1.17899e-24  5.11208e-31  1.62099e-25  6.97791e-32  1.74615e-26  1.75748e-33  1.53946e-27  -1.5426e-33  1.12402e-28 -4.29455e-34  6.77614e-30  -6.5955e-35  3.32626e-31 -6.53728e-36  1.29617e-32 -4.43396e-37  3.85078e-34 -2.16193e-38  8.16452e-36 -6.86369e-40  1.08949e-37 -9.62705e-42  6.61309e-40 -8.83606e-45
-5.11149e-22 -7.83147e-08   7.9886e-21    1.334e-06 -3.81462e-20 -1.14532e-05  8.20778e-20  6.18122e-05 -6.91135e-20 -0.000229033 -7.25972e-21   0.00060604 -9.34637e-20  -0.00115719  5.16535e-19   0.00156615 -4.76668e-19  -0.00140416 -1.70048e-18  0.000655018   6.8262e-18  8.94566e-05 -1.30064e-17 -0.000275412  1.62363e-17  5.17275e-05 -1.37313e-17  8.40384e-05   6.9345e-18 -2.14561e-05 -4.30123e-19 -2.72677e-05 -2.49668e-18  3.12606e-06  2.25165e-18   8.5276e-06 -9.64998e-19  1.30116e-06 -2.01203e-20 -1.87359e-06  3.63376e-19 -9.89833e-07 -1.59408e-19  6.85203e-08 -1.70107e-19  2.56902e-07  2.05333e-19  1.00192e-07 -1.42202e-20 -5.96336e-09 -7.04219e-20 -2.24167e-08  7.83247e-21 -1.01206e-08  2.63208e-20 -1.30489e-09 -3.52994e-21  9.53931e-10 -6.74978e-21  6.89522e-10  6.33196e-22  2.23898e-10  1.09273e-21  2.61263e-11  1.18852e-23 -1.34263e-11 -1.09007e-22 -9.60522e-12 -3.61431e-23 -3.36901e-12  8.67448e-24 -7.31592e-13  1.61024e-23 -5.82986e-14  3.41684e-24  2.95988e-14 -1.71327e-24  1.70277e-14 -1.38642e-24  5.34054e-15 -8.39184e-25  1.20778e-15 -2.78307e-25  1.99691e-16  6.03861e-26  1.96865e-17  9.06159e-26 -1.02417e-18  3.81874e-26 -1.03146e-18  8.64805e-27 -2.92111e-19  3.72027e-28 -5.84189e-20 -5.09823e-28 -9.31804e-21 -1.87325e-28 -1.22525e-21 -2.69829e-29 -1.32794e-22  1.53935e-30 -1.14944e-23  1.69918e-30 -7.13708e-25  4.22065e-31 -1.66975e-26   5.3428e-32  2.94561e-27  9.95206e-34  5.33043e-28 -1.15981e-33    5.352e-29 -3.00107e-34  3.92253e-30  -4.2653e-35  2.21206e-31 -3.86161e-36  9.60341e-33 -2.37624e-37   3.1188e-34 -1.03508e-38  7.10838e-36   -2.811e-40  9.86849e-38 -3.16946e-42  5.36534e-40
 1.29616e-08 -3.95075e-21 -4.16105e-07   3.2911e-20  5.04278e-06 -1.11615e-19 -3.54373e-05  1.73285e-19  0.000165301 -6.33574e-20 -0.000543656 -9.34637e-20   0.00129315 -3.17082e-19  -0.00222477  1.49939e-18   0.00268458 -1.99599e-18  -0.00205994 -6.54572e-19  0.000656982  7.19651e-18  0.000377158 -1.47577e-17 -0.000395417  1.82841e-17  -2.8353e-05 -1.48333e-17  0.000138644  6.83624e-18   5.4303e-06  5.21375e-20 -4.36181e-05  -2.6353e-18 -7.94994e-06  2.12926e-18  1.10741e-05 -9.21742e-19  5.23834e-06  1.90359e-20 -1.27691e-06  3.96212e-19 -1.80464e-06 -2.46809e-19 -4.16119e-07 -1.45599e-19  2.35631e-07  2.39781e-19   1.9885e-07 -2.50792e-20  4.67737e-08 -8.53179e-20 -1.53844e-08  1.07866e-20 -1.63168e-08  3.05472e-20 -5.78757e-09 -3.36137e-21 -4.14267e-10 -7.30345e-21  6.40759e-10  3.89431e-22  3.90153e-10  1.00529e-21  1.19906e-10   3.2297e-23  1.53868e-11  -8.7745e-23 -5.20504e-12  -3.6758e-23 -4.07158e-12  1.33261e-23 -1.47901e-12  2.31197e-23 -3.53728e-13  5.87829e-24 -4.92482e-14 -2.31786e-24  2.37294e-15 -2.46653e-24  3.96723e-15 -1.37179e-24  1.45838e-15 -3.64092e-25  3.65255e-16  9.80024e-26  7.01299e-17  1.20823e-25  1.03046e-17   5.0145e-26  1.01451e-18  1.20106e-26  1.02551e-20  1.12865e-27 -2.27501e-20 -3.37613e-28 -6.31704e-21 -1.47399e-28 -1.14589e-21 -2.03423e-29 -1.63121e-22  1.78941e-30 -1.91639e-23  1.43059e-30 -1.88665e-24  3.23436e-31 -1.55432e-25  3.72901e-32 -1.05564e-26  3.97531e-34 -5.70816e-28 -8.04836e-34 -2.26339e-29 -1.91633e-34 -4.89113e-31 -2.49631e-35  9.39341e-33 -2.04118e-36  1.36315e-33 -1.12054e-37  6.15062e-35 -4.22935e-39   1.5282e-36 -9.21106e-41  1.85194e-38 -6.52419e-43
 1.07569e-21  8.89897e-08 -1.99754e-20 -1.67413e-06  1.09115e-19  1.58864e-05 -2.74183e-19 -9.49534e-05   2.9323e-19  0.000391068  7.30384e-20  -0.00115719 -3.17082e-19   0.00249617 -7.65292e-19  -0.00388768  3.21842e-18   0.00417641 -4.53621e-18  -0.00268224  1.49652e-18  0.000400806  6.33271e-18  0.000800458 -1.51335e-17   -0.0004486  1.89884e-17 -0.000182894 -1.48606e-17  0.000174583  6.14773e-18  6.05179e-05  5.91083e-19 -5.06642e-05 -2.54395e-18 -2.69886e-05  1.80787e-18  8.69905e-06 -8.31938e-19  1.01282e-05  1.19334e-19  1.08149e-06  3.66499e-19 -2.18506e-06 -3.35186e-19 -1.17091e-06 -9.53491e-20 -1.71476e-08  2.68068e-19  2.47075e-07 -3.81623e-20  1.24232e-07 -9.96382e-20  1.48717e-08  1.27656e-20 -1.48142e-08  3.41586e-20  -1.0233e-08 -2.50425e-21 -3.03772e-09 -7.36157e-21 -9.92744e-11  5.54481e-23  3.59196e-10  7.80385e-22  1.98221e-10  1.01563e-23  5.97872e-11 -7.67073e-23  9.02249e-12 -3.17828e-23 -1.34765e-12  2.76564e-23 -1.43307e-12  3.49134e-23 -5.54133e-13  9.18998e-24 -1.43925e-13  -3.3286e-24 -2.58463e-14 -3.92351e-24 -2.26759e-15  -2.0167e-24  4.52188e-16  -4.5739e-25  2.74977e-16  1.37691e-25  7.95531e-17  1.51601e-25  1.69151e-17  6.26189e-26  2.86292e-18  1.58498e-26  3.88798e-19  2.16754e-27  4.02971e-20 -5.93554e-29  2.51221e-21 -8.16327e-29 -9.76612e-23 -9.45748e-30 -5.84894e-23   2.4929e-30 -1.06433e-23  1.20052e-30 -1.36654e-24  2.36209e-31 -1.39082e-25  2.43381e-32 -1.16047e-26  8.33011e-35 -7.99706e-28 -5.11219e-34 -4.52312e-29 -1.11574e-34 -2.06399e-30 -1.31986e-35 -7.37768e-32 -9.62302e-37 -1.96858e-33 -4.61713e-38 -3.60391e-35 -1.45151e-39 -3.83059e-37 -2.29444e-41 -1.46856e-39
-1.09822e-08  7.84186e-21  3.96993e-07  -7.6784e-20  -5.4022e-06  3.01603e-19  4.25809e-05 -5.71708e-19 -0.000222955  3.64491e-19  0.000825592  5.16535e-19  -0.00222477 -7.65292e-19   0.00438701 -1.50065e-18  -0.00620921  5.68501e-18   0.00591579 -7.95827e-18  -0.00305855  4.67814e-18  -0.00020923  4.09919e-18   0.00129216 -1.39658e-17 -0.000358402  1.83469e-17 -0.000398458 -1.39549e-17  0.000157131  5.02544e-18  0.000138044  1.13146e-18 -3.57537e-05 -2.27609e-18 -4.95604e-05  1.32515e-18 -1.76158e-06 -6.61812e-19  1.35452e-05  2.56051e-19  5.26823e-06  2.60947e-19 -1.40821e-06 -4.13761e-19  -1.8887e-06 -2.12213e-20 -5.37872e-07  2.91132e-19  1.52906e-07 -5.22806e-20  1.86223e-07 -1.13411e-19  6.59181e-08  1.28842e-20  9.22485e-10  3.68093e-20 -1.05467e-08 -8.10074e-22 -5.72448e-09 -6.75854e-21 -1.50375e-09  -2.9524e-22 -2.64447e-11  4.17767e-22  1.70732e-10 -8.92411e-23  9.00227e-11 -9.53534e-23  2.73606e-11 -2.07575e-23  4.86839e-12  5.55917e-23 -3.19032e-14   5.3113e-23 -3.90867e-13  1.36891e-23 -1.70429e-13 -4.65701e-24 -4.78628e-14 -5.66427e-24 -9.90343e-15  -2.7226e-24 -1.45109e-15 -5.51377e-25 -9.64518e-17  1.75153e-25  2.30772e-17  1.80086e-25   1.0942e-17  7.44997e-26  2.70766e-18  1.98222e-26  5.03231e-19  3.38073e-27  7.58716e-20  2.87915e-28  9.46877e-21 -2.32294e-31  9.70589e-22  3.82402e-30  7.83238e-23  3.50274e-30  4.30257e-24  1.03772e-30  3.71485e-26  1.70727e-31  -2.5729e-26   1.5578e-32 -3.77571e-27  2.11082e-35 -3.41861e-28 -2.92734e-34  -2.2903e-29 -5.89105e-35 -1.17516e-30  -6.2769e-36 -4.57179e-32 -4.02128e-37  -1.2919e-33 -1.64285e-38   -2.416e-35  -4.0649e-40 -2.38431e-37 -3.78373e-42
-1.52362e-21 -6.04483e-08  3.73195e-20  1.31845e-06 -2.39151e-19 -1.43842e-05  7.10769e-19  9.83634e-05 -1.01462e-18 -0.000462682  2.04323e-19   0.00156615  1.49939e-18  -0.00388768 -1.50065e-18   0.00706093 -2.50014e-18  -0.00911019  8.57872e-18   0.00764439 -1.17027e-17  -0.00295264  8.48498e-18  -0.00119031  6.69772e-19   0.00172192 -1.14634e-17 -6.60174e-05  1.67057e-17 -0.000625465 -1.24739e-17  5.58971e-05  3.70684e-18  0.000216697  1.64972e-18  1.03522e-05  -1.9662e-18 -6.59907e-05  7.56411e-19 -2.08623e-05 -3.69825e-19  1.21507e-05  3.96032e-19  1.01724e-05  7.31594e-20  1.01974e-06 -4.76987e-19 -2.03702e-06  7.18002e-20  -1.1903e-06  3.12637e-19 -1.41274e-07  -6.5412e-20  1.71081e-07 -1.26928e-19  1.15879e-07  1.01728e-20  3.07055e-08   3.8102e-20 -2.85472e-09  1.77798e-21 -6.24234e-09 -5.35432e-21 -2.91144e-09 -5.54515e-22 -7.15291e-10 -6.59689e-23 -2.09868e-11 -3.00669e-22  6.81239e-11 -1.62747e-22  3.60322e-11 -3.89919e-24  1.12325e-11  9.94712e-23  2.29124e-12  7.86716e-23  1.99094e-13  1.97732e-23 -6.73872e-14 -6.00076e-24   -4.028e-14 -7.46993e-24 -1.25114e-14 -3.40085e-24 -2.84705e-15 -6.32015e-25 -5.01629e-16  2.07796e-25 -6.57681e-17  2.03764e-25 -4.86847e-18  8.46151e-26  3.91635e-19  2.34685e-26  2.30334e-19  4.59454e-27  5.24337e-20  6.46251e-28  8.66077e-21  8.22222e-29   1.1526e-21   1.6898e-29  1.27673e-22   4.5222e-30  1.18675e-23  9.29649e-31  9.20363e-25   1.2673e-31  5.84053e-26  1.04053e-32  2.90742e-27  9.33735e-35  1.02417e-28 -1.47246e-34  1.63699e-30 -2.79364e-35 -6.77746e-32 -2.66477e-36 -6.06181e-33 -1.47445e-37 -2.18876e-34 -4.95126e-39  -4.1218e-36 -8.77713e-41 -2.85526e-38
 4.48794e-09 -1.09085e-20 -2.05172e-07  1.35088e-19  3.40409e-06 -6.25625e-19  -3.2001e-05  1.44982e-18  0.000197211 -1.51999e-18 -0.000853544 -4.76668e-19   0.00268458  3.21842e-18  -0.00620921 -2.50014e-18    0.0104647 -3.59952e-18   -0.0123377  1.12004e-17   0.00901319 -1.48749e-17  -0.00218253  1.23069e-17  -0.00244633 -3.53871e-18   0.00192587 -8.12924e-18  0.000437029  1.46023e-17 -0.000785424 -1.08499e-17 -0.000138528  2.46513e-18  0.000262896  2.13546e-18  8.67758e-05 -1.79546e-18 -6.39403e-05  1.96738e-19 -4.47299e-05  8.06366e-20  3.20721e-06  5.12071e-19  1.34916e-05 -1.94089e-19  4.88391e-06 -5.28324e-19 -1.08323e-06   1.7604e-19 -1.64844e-06  3.38005e-19  -5.9144e-07 -7.46586e-20  2.92072e-08 -1.40398e-19  1.27617e-07  3.71962e-21  6.30752e-08  3.76031e-20  1.29996e-08  5.19562e-21 -2.58135e-09 -3.06306e-21  -3.1981e-09 -6.04581e-22 -1.35674e-09 -6.44023e-22 -3.27742e-10 -6.50308e-22  -2.0617e-11 -2.91579e-22  2.19107e-11  1.81645e-23  1.23964e-11  1.59195e-22  4.01998e-12   1.1149e-22  9.09654e-13  2.78197e-23  1.31617e-13 -6.85613e-24  1.56642e-15  -9.0088e-24 -6.19241e-15 -3.93073e-24 -2.39547e-15 -6.76792e-25 -6.01153e-16  2.36154e-25 -1.16731e-16  2.21076e-25 -1.82267e-17  9.19536e-26 -2.25427e-18  2.63056e-26  -2.0027e-19  5.61258e-27 -6.77815e-21  9.52991e-28  1.73466e-21  1.51062e-28  4.68631e-22  2.72378e-29  7.21028e-23   5.2334e-30  8.39531e-24  8.42133e-31  7.89915e-25  9.78119e-32  6.12247e-26  7.50781e-33   3.9115e-27  1.82036e-34  2.03702e-28 -6.19114e-35  8.45681e-30  -1.1713e-35  2.69723e-31 -9.97866e-37  6.21511e-33 -4.66912e-38  9.26025e-35 -1.22336e-39  6.95022e-37 -1.26675e-41
 9.91992e-22  1.36332e-08 -5.00325e-20 -4.61577e-07  3.96971e-19  6.82645e-06   -1.407e-18 -5.93928e-05  2.58582e-18  0.000343564 -1.86504e-18  -0.00140416 -1.99599e-18   0.00417641  5.68501e-18  -0.00911019 -3.59952e-18    0.0143571   -4.481e-18    -0.015494  1.25972e-17   0.00967236 -1.65201e-17 -0.000695358  1.55537e-17   -0.0037726 -7.99994e-18   0.00175825 -4.58098e-18   0.00109025  1.25315e-17 -0.000793773 -9.43659e-18 -0.000402857  1.57675e-18  0.000241395  2.56128e-18  0.000178665 -1.94193e-18 -3.34878e-05 -2.65346e-19 -6.50115e-05  7.08698e-19 -1.35761e-05  5.94949e-19  1.24586e-05 -5.27464e-19  9.00263e-06 -5.80246e-19   1.1617e-06  2.81571e-19 -1.50518e-06   3.7263e-19 -1.02222e-06 -7.65596e-20 -2.33533e-07 -1.53603e-19  6.74796e-08 -7.11139e-21  7.73966e-08  3.49233e-20  3.10893e-08  9.25904e-21  5.25138e-09  1.12754e-22 -1.46139e-09 -3.57413e-22  -1.4366e-09 -1.29002e-21  -5.7775e-10 -1.14767e-21 -1.42269e-10 -4.83303e-22 -1.51224e-11  4.47311e-23   5.0533e-12  2.31989e-22  3.51653e-12  1.50315e-22   1.2115e-12  3.81012e-23  2.96687e-13 -6.59793e-24  5.33107e-14  -9.8893e-24  5.99009e-15 -4.17775e-24 -1.28195e-16 -6.57499e-25 -2.75233e-16  2.63921e-25 -8.59484e-17   2.3165e-25 -1.83913e-17  9.58496e-26 -3.11499e-18  2.79393e-26 -4.34437e-19  6.26897e-27 -5.01307e-20  1.15852e-27 -4.67989e-21  1.95729e-28 -3.27569e-22  3.31787e-29  -1.2337e-23  5.42819e-30  6.99388e-25  7.44027e-31  1.87893e-25  7.67681e-32  2.10653e-26  5.68864e-33  1.65278e-27  2.21599e-34  9.83719e-29  -1.9102e-35  4.47897e-30 -4.22864e-36  1.51972e-31 -3.23546e-37  3.60556e-33 -1.24561e-38  5.20716e-35 -2.33104e-40  2.97253e-37
 9.01714e-10  8.53261e-21 -2.00105e-10 -1.72882e-19 -5.53535e-07  9.82615e-19  9.94998e-06 -2.76485e-18 -8.98557e-05  4.05767e-18  0.000516466 -1.70048e-18  -0.00205994 -4.53621e-18   0.00591579  8.57872e-18   -0.0123377   -4.481e-18    0.0183322 -4.73188e-18   -0.0181277  1.18521e-17   0.00937705 -1.59798e-17   0.00139575  1.78545e-17  -0.00490375 -1.21963e-17   0.00114433 -1.36222e-18   0.00177065  1.07406e-17 -0.000590044 -8.40263e-18 -0.000681136  1.29689e-18  0.000129451  2.86751e-18  0.000258927 -2.53407e-18  2.73662e-05 -5.74089e-19 -7.11605e-05   1.5073e-18  -3.4847e-05  6.58152e-19  5.13096e-06 -9.03333e-19  1.14428e-05 -6.50178e-19  4.26173e-06   3.7706e-19 -4.85309e-07  4.19878e-19 -1.17329e-06 -6.78314e-20 -5.30763e-07 -1.65775e-19 -6.91604e-08 -2.24391e-20  5.40902e-08  2.98656e-20  4.07056e-08   1.3703e-20  1.42072e-08  4.04991e-21  2.14922e-09  2.02048e-22 -6.18655e-10 -1.98947e-21 -5.63766e-10 -1.78132e-21 -2.21996e-10 -7.26451e-22 -5.67819e-11  7.51887e-23 -8.39295e-12  3.12852e-22  4.34926e-13  1.92939e-22  7.58586e-13   5.0715e-23  2.93288e-13 -4.61391e-24  7.71311e-14 -9.74455e-24  1.55243e-14 -4.02333e-24   2.3876e-15 -5.47633e-25  2.45733e-16  2.96244e-25  2.60765e-18  2.36075e-25 -5.99495e-18  9.60728e-26 -1.73495e-18  2.81562e-26 -3.27759e-19  6.47169e-27 -4.85724e-20  1.23879e-27 -5.94064e-21  2.12276e-28 -6.09191e-22  3.43231e-29 -5.23587e-23  5.07594e-30 -3.72274e-24  6.22678e-31 -2.12457e-25   5.8947e-32 -9.09807e-27  4.25491e-33 -2.37656e-28   2.0391e-34  9.17795e-31 -1.82706e-36  4.37758e-31 -1.24948e-36  2.21861e-32  -8.8179e-38  5.84495e-34 -2.68701e-39  7.40552e-36 -2.95136e-41
 1.41542e-21  1.19127e-08  4.12301e-20 -1.68049e-07 -4.82577e-19  5.69477e-07  2.09841e-18  7.21247e-06 -4.80399e-18 -0.000102242   5.6142e-18  0.000655018 -6.54572e-19  -0.00268224 -7.95827e-18   0.00764439  1.12004e-17    -0.015494 -4.73188e-18    0.0219088 -3.96918e-18   -0.0198553  8.43283e-18   0.00806497 -1.31628e-17    0.0038318   1.9129e-17  -0.00558726  -1.5668e-17  0.000111575    1.176e-18   0.00232348  9.13937e-18 -0.000162606  -7.7073e-18 -0.000897976  1.83133e-18 -7.15587e-05  2.97609e-18  0.000295725 -3.62042e-18  0.000109442 -7.23288e-19 -5.44312e-05  2.44031e-18 -5.38866e-05  7.33195e-19 -8.32181e-06  -1.2902e-18  1.02335e-05  -7.5387e-19  7.13321e-06  4.51371e-19  1.33699e-06  4.79663e-19 -8.19694e-07 -4.63811e-20 -7.13943e-07 -1.75784e-19  -2.4165e-07 -4.16811e-20 -1.14699e-08  2.25992e-20  3.18166e-08  1.82418e-20  1.90986e-08  8.48431e-21  6.10077e-09  9.83829e-22   9.2374e-10 -2.74871e-21 -1.93215e-10 -2.52062e-21 -1.89722e-10 -9.99157e-22 -7.53039e-11  1.08792e-22 -2.01211e-11  3.95469e-22 -3.64429e-12  2.36613e-22 -2.74849e-13   6.5524e-23  9.70086e-14 -4.66089e-25  5.24425e-14 -8.32889e-24  1.52545e-14 -3.39913e-24  3.31466e-15 -3.32569e-25  5.74838e-16  3.36896e-25  7.96946e-17  2.35328e-25  8.30882e-18  9.28061e-26  4.80399e-19  2.69662e-26 -3.62499e-20  6.22087e-27  -1.5936e-20  1.19846e-27 -2.86943e-21  2.03404e-28 -3.74172e-22  3.14483e-29 -3.89702e-23  4.30625e-30 -3.33776e-24  4.84998e-31  -2.3647e-25  4.28327e-32 -1.37634e-26   2.9876e-33 -6.46844e-28   1.5298e-34 -2.38317e-29  2.81225e-36  -6.5604e-31  -2.6516e-37 -1.24321e-32 -1.91697e-38 -1.37959e-34 -4.34537e-40 -5.57995e-37
-1.63256e-09  2.95512e-21  6.24366e-08  1.42297e-19 -8.14863e-07 -1.13196e-18    5.158e-06  3.93195e-18 -1.22173e-05 -7.44604e-18 -5.83348e-05   6.8262e-18  0.000656982  1.49652e-18  -0.00305855 -1.17027e-17   0.00901319  1.25972e-17   -0.0181277 -3.96918e-18    0.0246575 -1.98708e-18   -0.0204664  2.44705e-18   0.00587312 -8.60532e-18   0.00627713  1.95159e-17  -0.00565273 -1.79998e-17  -0.00121345  2.89146e-18   0.00260527  7.35388e-18   0.00044236 -7.15403e-18 -0.000980237  3.30043e-18 -0.000332285  2.82694e-18  0.000263096 -5.16022e-18   0.00019321  -7.5678e-19 -1.19732e-05  3.44581e-18 -6.25317e-05  8.57226e-19 -2.50104e-05  -1.6533e-18   4.3179e-06 -8.98845e-19  8.36951e-06  4.95819e-19  3.44708e-06  5.48124e-19  8.62266e-08 -1.22619e-20 -6.36706e-07 -1.82565e-19  -3.7161e-07  -6.3492e-20  -1.0015e-07  1.37823e-20  2.05353e-09  2.26258e-20  1.54029e-08  1.30123e-20  8.07973e-09  1.78467e-21  2.46341e-09 -3.59863e-21  4.06322e-10 -3.32381e-21 -3.52166e-11 -1.27544e-21 -5.26506e-11  1.43985e-22 -2.18538e-11  4.73226e-22 -6.10759e-12  2.78474e-22 -1.25273e-12   8.2095e-23  -1.7294e-13  5.95741e-24 -5.65838e-15 -5.60027e-24   5.3865e-15 -2.31561e-24  2.07932e-15 -1.86319e-26  4.99324e-16  3.85615e-25  9.28245e-17  2.30172e-25  1.41145e-17  8.65428e-26  1.77635e-18  2.45833e-26  1.82223e-19  5.59821e-27  1.43646e-20  1.06499e-27  6.93744e-22  1.76438e-28  -1.4916e-23  2.60383e-29 -7.85354e-24  3.33196e-30 -1.03181e-24  3.48424e-31  -9.1578e-26  2.88411e-32 -6.15354e-27  1.91545e-33 -3.19559e-28    9.692e-35 -1.26353e-29  2.68281e-36 -3.63661e-31 -1.81349e-38 -6.93894e-33 -2.96926e-39 -7.00592e-35 -4.40361e-41
-5.58537e-21 -7.54784e-09 -1.57509e-21  2.00056e-07  3.86076e-19 -2.40471e-06 -2.28885e-18  1.62389e-05  6.54612e-18 -6.23397e-05 -1.03625e-17  8.94566e-05  7.19651e-18  0.000400806  4.67814e-18  -0.00295264 -1.48749e-17   0.00967236  1.18521e-17   -0.0198553 -1.98708e-18    0.0263138  1.13724e-18   -0.0199685 -5.31857e-18   0.00308971 -3.30712e-18   0.00840806  1.92363e-17  -0.00505105 -1.87969e-17  -0.00263927  3.78742e-18   0.00252226  4.89192e-18   0.00113068  -6.4914e-18 -0.000878816  5.70332e-18  -0.00060108  2.41475e-18  0.000150553 -7.03247e-18   0.00025374 -7.51621e-19  5.07735e-05  4.44479e-18  -5.4115e-05  1.05755e-18 -3.98244e-05 -1.96055e-18 -5.69567e-06 -1.08042e-18  6.82091e-06  5.06467e-19  5.01031e-06  6.18512e-19  1.33048e-06  3.18122e-20 -2.38068e-07 -1.85562e-19 -3.76452e-07 -8.58494e-20  -1.7293e-07  4.55809e-21  -3.9307e-08  2.66631e-20  2.44824e-09   1.7117e-20  6.33478e-09  2.30836e-21  3.07539e-09 -4.59279e-21    9.231e-10 -4.15019e-21  1.70934e-10  -1.5333e-21  4.12622e-12  1.77445e-22 -1.10572e-11  5.39966e-22 -5.18176e-12  3.15829e-22 -1.52758e-12  9.96279e-23 -3.38931e-13  1.43392e-23 -5.76322e-14 -1.76312e-24 -6.82338e-15 -8.73891e-25 -2.46442e-16  3.63199e-25  1.33559e-16  4.36966e-25  4.60924e-17  2.20835e-25  9.61164e-18  7.79606e-26  1.54728e-18  2.13614e-26   2.0458e-19  4.73565e-27  2.26645e-20  8.77267e-28  2.10809e-21  1.40377e-28  1.62823e-22  1.97006e-29   1.0159e-23  2.36098e-30  4.80991e-25  2.29923e-31  1.43005e-26  1.77926e-32  -1.8717e-29  1.10693e-33 -3.02022e-29  5.27454e-35 -1.84908e-30  1.54824e-36 -6.13632e-32  1.52938e-38 -1.12541e-33 -2.19487e-40 -7.76803e-36
 6.94529e-11 -2.13178e-20 -1.54491e-08 -2.88135e-20  4.16115e-07  8.66289e-19 -5.05375e-06 -4.06173e-18  3.53749e-05  9.77778e-18 -0.000152576 -1.30064e-17  0.000377158  6.33271e-18  -0.00020923  8.48498e-18  -0.00218253 -1.65201e-17   0.00937705  8.43283e-18   -0.0204664  1.13724e-18    0.0268342  5.03315e-18   -0.0185599  -1.3605e-17  6.60111e-05  1.56347e-18   0.00998648  1.84903e-17  -0.00385314 -1.77017e-17  -0.00395903  3.92451e-18   0.00205136  1.34563e-18   0.00178388 -5.51776e-18 -0.000582828  8.89712e-18 -0.000816972  1.80387e-18 -3.19186e-05 -9.05832e-18  0.000268068 -7.89634e-19  0.000120504  5.35355e-18 -2.62786e-05   1.3389e-18 -4.69744e-05 -2.18841e-18 -1.73788e-05 -1.28163e-18  2.18564e-06  4.85563e-19  5.18557e-06  6.82858e-19  2.47198e-06  8.06626e-20  4.00516e-07 -1.84913e-19 -2.14416e-07 -1.06265e-19 -1.88147e-07 -3.60889e-21 -7.38394e-08  3.01936e-20 -1.51774e-08  2.02157e-20  9.48472e-10  2.20978e-21  2.21197e-09 -5.80054e-21  1.03914e-09 -4.97263e-21  3.13264e-10 -1.76195e-21   6.4455e-11  2.03255e-22  6.60238e-12  5.90318e-22 -1.30431e-12  3.46223e-22 -9.24035e-13  1.16902e-22 -2.99036e-13  2.39138e-23 -7.05404e-14  2.74568e-24 -1.31801e-14  7.45964e-25 -1.96594e-15  7.61514e-25 -2.21707e-16  4.81432e-25 -1.44196e-17  2.07105e-25  8.90962e-19  6.78166e-26  4.77428e-19  1.77095e-26  9.37025e-20  3.77718e-27  1.31989e-20  6.73859e-28  1.48445e-21  1.03249e-28  1.37662e-22  1.37133e-29  1.06102e-23  1.53662e-30  6.76552e-25  1.39115e-31  3.51815e-26  9.99664e-33  1.45511e-27   5.7302e-34  4.59828e-29  2.48325e-35  1.03907e-30   6.8138e-37  1.48774e-32  8.67747e-39  1.02258e-34  2.07429e-41
 9.89518e-21 -2.22134e-09 -5.57487e-20  8.96146e-09 -1.04755e-19  4.42378e-07  1.65836e-18 -7.46166e-06 -6.41078e-18  5.85157e-05  1.32062e-17 -0.000275412 -1.47577e-17  0.000800458  4.09919e-18  -0.00119031  1.23069e-17 -0.000695358 -1.59798e-17   0.00806497  2.44705e-18   -0.0199685  5.03315e-18    0.0263772  9.13777e-18   -0.0165505  -2.1055e-17  -0.00287392  4.96127e-18    0.0108957  1.74424e-17  -0.00221632 -1.44657e-17  -0.00499635  3.36006e-18   0.00123947 -3.44583e-18   0.00228728 -4.15207e-18 -0.000122309   1.2604e-17 -0.000925168  1.11214e-18 -0.000255082  -1.1031e-17  0.000222345 -9.27662e-19  0.000179265  6.09707e-18   1.7474e-05  1.67803e-18 -4.20399e-05 -2.32598e-18  -2.7078e-05 -1.47691e-18 -4.66982e-06  4.41405e-19  3.50769e-06  7.33745e-19   3.0009e-06   1.2761e-19  1.06209e-06 -1.81234e-19  8.33423e-08 -1.22075e-19 -1.24146e-07 -9.22974e-21 -8.26583e-08  3.30261e-20 -2.93085e-08  2.17204e-20 -5.86994e-09  1.15057e-21  1.16686e-10 -7.29703e-21  6.38729e-10 -5.78599e-21  3.04108e-10 -1.96567e-21  9.32763e-11  2.12695e-22  2.07911e-11  6.19692e-22  3.14498e-12   3.6736e-22  1.42432e-13  1.32296e-22  -9.7263e-14   3.3555e-23 -4.16599e-14  7.33103e-24 -1.07429e-14  2.31975e-24 -2.12878e-15  1.11609e-24 -3.43941e-16  5.08371e-25 -4.58907e-17  1.88775e-25 -4.97503e-18  5.68798e-26 -4.10847e-19  1.40135e-26 -1.98233e-20  2.84684e-27  7.74372e-22  4.84611e-28  3.15607e-22  7.05539e-29  4.33981e-23  8.81964e-30  4.14471e-24  9.20428e-31  3.04318e-25  7.70962e-32  1.75407e-26  5.09643e-33  7.85912e-28  2.64585e-34  2.64653e-29  1.01144e-35  6.26278e-31  2.39729e-37  9.04565e-33  2.60397e-39  5.16565e-35
