  0.00150471  5.28078e-12    0.0062133  1.24354e-11   0.00993838  1.43025e-11    0.0081997  7.82856e-12    0.0021298 -1.16875e-12  -0.00277664 -5.14477e-12   -0.0031679 -2.99271e-12 -0.000693747  6.95984e-13   0.00118708  1.98409e-12   0.00111267  9.16659e-13  0.000121767 -3.80746e-13 -0.000452514 -6.68233e-13  -0.00034097 -2.50021e-13 -1.56536e-05  1.30861e-13  0.000134801  1.87945e-13   9.3524e-05  7.05656e-14  9.35543e-06  -2.3836e-14 -2.77861e-05 -4.08103e-14 -2.19199e-05 -1.98907e-14 -6.22539e-06 -1.37088e-15  1.98893e-06  4.44083e-15  2.95063e-06  3.35916e-15   1.5589e-06  1.34494e-15  4.79885e-07  3.07336e-16  7.13002e-08  1.49491e-17 -9.56556e-09 -1.70847e-17 -8.47422e-09  -7.0763e-18 -2.38245e-09 -1.47963e-18 -3.79614e-10 -1.78231e-19 -3.33355e-11 -1.05304e-20 -1.09043e-12
 5.28078e-12   0.00877794  2.18638e-11    0.0207055  3.50141e-11    0.0238281   2.8871e-11    0.0129963  7.35235e-12  -0.00211056 -1.01166e-11  -0.00882972 -1.15432e-11  -0.00519993 -2.64122e-12   0.00112419  4.27348e-12    0.0034389  4.16571e-12   0.00168669  5.99964e-13   -0.0005783 -1.60479e-12   -0.0011688 -1.32064e-12 -0.000500082 -1.51525e-13  0.000179699  4.62125e-13  0.000327736  3.71238e-13  0.000150038   7.4318e-14 -1.99316e-05 -8.35075e-14 -6.65892e-05 -8.37206e-14 -4.04682e-05 -3.32668e-14 -8.94071e-06  5.98044e-18  4.47074e-06  8.38607e-15  5.26378e-06  5.86804e-15  2.73543e-06  2.43994e-15  9.39267e-07  7.00666e-16  2.25836e-07  1.39848e-16  3.66654e-08  1.77486e-17  3.34637e-09  9.23695e-19  1.27562e-12  -9.8057e-20 -3.71454e-11 -1.90713e-20 -3.31919e-12 -8.01274e-22
   0.0062133  2.18638e-11    0.0257543  5.16813e-11    0.0413802  5.97658e-11    0.0343744  3.30186e-11   0.00905204 -4.89378e-12   -0.0118985  -2.2354e-11   -0.0140536 -1.37794e-11  -0.00364362  2.26016e-12   0.00489985  8.73486e-12   0.00520858  4.76995e-12   0.00107379 -1.06591e-12  -0.00178457 -2.97467e-12  -0.00170504 -1.53303e-12 -0.000365602   2.5013e-13  0.000477751  8.15771e-13  0.000484271  4.76601e-13  0.000159504  3.44785e-14 -6.18362e-05 -1.43898e-13 -0.000100204 -1.18112e-13 -5.51798e-05 -4.49481e-14 -1.25875e-05 -1.57082e-15  4.70784e-06  9.55064e-15  6.20729e-06  7.14172e-15  3.45452e-06  3.22811e-15  1.31886e-06  1.06183e-15  3.77539e-07   2.6559e-16  8.24711e-08  5.04414e-17  1.35003e-08  7.01944e-18   1.5642e-09  6.56084e-19  1.12147e-10  3.29985e-20  3.23524e-12
 1.24354e-11    0.0207055  5.16813e-11    0.0491485  8.35899e-11    0.0574244  7.05937e-11    0.0326957  2.02092e-11  -0.00350445 -2.30186e-11   -0.0213008    -2.93e-11   -0.0142627 -9.21106e-12     0.001064  8.95078e-12   0.00824441  1.11139e-11   0.00528058  3.34145e-12  -0.00035133 -3.04286e-12   -0.0027718 -3.73109e-12  -0.00181741 -1.30298e-12 -8.36136e-05  6.74776e-13   0.00071363  1.04399e-12  0.000567931  5.19486e-13   0.00015579  5.27833e-15 -8.72921e-05 -1.80116e-13 -0.000121963 -1.44089e-13 -6.91931e-05 -6.02743e-14 -2.01366e-05 -9.00055e-15  1.47849e-06   6.8093e-15   5.2082e-06  6.45914e-15  3.26835e-06  3.14798e-15  1.31299e-06  1.07078e-15  3.82742e-07  2.68465e-16  8.23368e-08  4.91751e-17  1.26713e-08  6.22829e-18  1.27981e-09  4.77045e-19  6.79935e-11  1.43775e-20
  0.00993838  3.50141e-11    0.0413802  8.35899e-11    0.0676347  9.93649e-11    0.0587635  5.95894e-11    0.0192766 -1.99865e-12   -0.0166977 -3.55155e-11    -0.024434 -2.70729e-11  -0.00981233 -1.41892e-12   0.00570407  1.33152e-11   0.00942035  1.06853e-11   0.00412359  1.28325e-12  -0.00158793 -4.26764e-12  -0.00319235 -3.85953e-12  -0.00170374  -1.0148e-12  0.000119407  9.19772e-13  0.000837297   1.1665e-12  0.000622683  5.68943e-13  0.000174825  1.62774e-14   -8.875e-05 -1.92004e-13 -0.000134435 -1.65064e-13 -8.35882e-05  -7.9178e-14 -3.09996e-05 -2.14109e-14  -4.8842e-06  2.05194e-16  2.09163e-06   3.4564e-15  1.94797e-06  1.96343e-15  8.30296e-07  6.72729e-16  2.35213e-07  1.59185e-16  4.64692e-08  2.60258e-17  6.17732e-09  2.73145e-18  4.87502e-10  1.48435e-19  1.49334e-11
 1.43025e-11    0.0238281  5.97658e-11    0.0574244  9.93649e-11    0.0701847  9.02971e-11    0.0455449  3.55878e-11   0.00344625 -1.92953e-11   -0.0230914 -3.69423e-11   -0.0214423 -1.98238e-11  -0.00471934  4.29253e-12   0.00792726  1.42188e-11   0.00891596  9.15532e-12   0.00300378 -2.54622e-14  -0.00216749 -4.68939e-12  -0.00328214  -3.8336e-12  -0.00164437 -9.17437e-13  0.000183665  1.01104e-12  0.000901397  1.26162e-12  0.000685969  6.50844e-13  0.000219926   6.2327e-14  -7.0507e-05 -1.82347e-13 -0.000136602 -1.76622e-13 -9.45878e-05 -9.64964e-14 -4.23203e-05  -3.5737e-14  -1.2867e-05 -8.63948e-15 -2.27843e-06 -8.60161e-16  4.42782e-08  2.87517e-16  1.73852e-07   1.6216e-16  5.97784e-08  4.05954e-17  1.14833e-08  6.04687e-18   1.3073e-09  5.05521e-19  7.39003e-11  1.58749e-20
   0.0081997   2.8871e-11    0.0343744  7.05937e-11    0.0587635  9.02971e-11    0.0573578  6.59098e-11    0.0285354    1.514e-11  -0.00557667 -2.45404e-11   -0.0221942 -3.16383e-11   -0.0168713 -1.39185e-11  -0.00193712  6.26852e-12   0.00814659  1.35485e-11   0.00820563  8.18268e-12   0.00250803 -4.79076e-13  -0.00234588 -4.84361e-12  -0.00335921 -3.93061e-12  -0.00170068 -9.72621e-13  0.000171427  1.03391e-12  0.000941793  1.34589e-12  0.000752772  7.48895e-13  0.000281281  1.36232e-13 -3.24897e-05  -1.4598e-13 -0.000123261 -1.70717e-13 -9.69984e-05 -1.05453e-13 -4.99627e-05 -4.66715e-14 -1.93177e-05 -1.59163e-14 -5.84213e-06 -4.27971e-15 -1.39737e-06 -9.09362e-16 -2.62918e-07  -1.5069e-16  -3.8054e-08 -1.88135e-17 -4.02117e-09 -1.63361e-18 -2.73308e-10 -7.95749e-20 -7.80355e-12
 7.82856e-12    0.0129963  3.30186e-11    0.0326957  5.95894e-11    0.0455449  6.59098e-11    0.0399389   4.4008e-11    0.0177985  6.87374e-12  -0.00682728 -2.18901e-11   -0.0189317 -2.67394e-11   -0.0142321 -1.15495e-11  -0.00121507  6.42983e-12   0.00795436  1.31525e-11   0.00796696  7.92533e-12   0.00237683 -6.41742e-13  -0.00245648 -5.01128e-12  -0.00347625 -4.09353e-12   -0.0018002 -1.08929e-12   0.00011624  9.95833e-13  0.000945938  1.39285e-12  0.000807462  8.48818e-13  0.000354608  2.37264e-13   2.6904e-05 -7.89249e-14 -9.08766e-05 -1.41156e-13 -8.59723e-05 -9.85883e-14  -4.8947e-05 -4.77827e-14 -2.06468e-05 -1.77492e-14 -6.79229e-06  -5.1795e-15 -1.75532e-06 -1.17995e-15  -3.4981e-07 -2.03396e-16 -5.13319e-08 -2.48402e-17 -5.04779e-09 -1.86809e-18  -2.6527e-10 -5.60555e-20
   0.0021298  7.35235e-12   0.00905204  2.02092e-11    0.0192766  3.55878e-11    0.0285354   4.4008e-11    0.0287008  3.40981e-11    0.0150236  7.00619e-12  -0.00518235 -1.88875e-11   -0.0171245 -2.48712e-11   -0.0134338 -1.08739e-11 -0.000935904   6.6902e-12   0.00806101  1.32055e-11   0.00793859  7.81849e-12   0.00228579 -7.67311e-13  -0.00253029  -5.1103e-12  -0.00355235 -4.23155e-12  -0.00191456 -1.26862e-12  1.78321e-06  8.68789e-13  0.000898498  1.38773e-12  0.000843193  9.42262e-13  0.000434203  3.57559e-13    0.0001035    1.572e-14 -3.93292e-05 -8.51215e-14 -5.85764e-05 -7.14265e-14 -3.66773e-05 -3.64301e-14 -1.58297e-05 -1.35528e-14 -5.11977e-06 -3.82031e-15 -1.25533e-06 -8.10015e-16 -2.27885e-07 -1.24032e-16 -2.87996e-08 -1.25256e-17 -2.20883e-09 -6.67067e-19 -6.67823e-11
-1.16875e-12  -0.00211056 -4.89378e-12  -0.00350445 -1.99865e-12   0.00344625    1.514e-11    0.0177985  3.40981e-11    0.0253194  3.26863e-11    0.0152718  7.88149e-12  -0.00468593 -1.84019e-11     -0.01683 -2.42976e-11   -0.0129071 -1.00263e-11 -0.000425928  7.17479e-12   0.00818592  1.31489e-11   0.00782387  7.66678e-12   0.00224239  -7.3723e-13  -0.00247887 -5.05929e-12  -0.00357175 -4.36125e-12  -0.00206381 -1.53315e-12 -0.000178818  6.51074e-13  0.000798573  1.32363e-12  0.000850281  1.01011e-12  0.000506099  4.78952e-13  0.000187471  1.27543e-13  2.61712e-05 -8.66957e-15 -1.85971e-05 -2.93552e-14 -1.67504e-05 -1.74152e-14 -7.67381e-06 -6.52801e-15 -2.41325e-06 -1.73967e-15 -5.45631e-07 -3.31888e-16 -8.67909e-08 -4.31599e-17 -8.94751e-09 -3.35631e-18  -4.8028e-10 -1.01742e-19
 -0.00277664 -1.01166e-11   -0.0118985 -2.30186e-11   -0.0166977 -1.92953e-11  -0.00557667  6.87374e-12    0.0150236  3.26863e-11    0.0250433  3.21305e-11     0.014544  6.56146e-12  -0.00540546 -1.87559e-11   -0.0165192  -2.3258e-11   -0.0120632 -9.00107e-12 -1.96187e-05  7.30824e-12    0.0080607  1.28633e-11   0.00768375  7.64261e-12    0.0023477 -4.82467e-13  -0.00230585 -4.90224e-12  -0.00356467 -4.50353e-12   -0.0022445 -1.86297e-12 -0.000411856  3.51819e-13  0.000642468  1.18296e-12   0.00081172   1.0253e-12  0.000552086  5.76468e-13  0.000262516  2.33658e-13   9.0442e-05  6.74366e-14  2.11562e-05  1.18674e-14  2.25612e-06  4.41333e-17  -5.3872e-07 -7.29086e-16 -3.24761e-07 -2.52945e-16 -8.06734e-08 -4.78436e-17 -1.17748e-08 -5.31649e-18 -9.57297e-10 -2.91128e-19 -2.89895e-11
-5.14477e-12  -0.00882972  -2.2354e-11   -0.0213008 -3.55155e-11   -0.0230914 -2.45404e-11  -0.00682728  7.00619e-12    0.0152718  3.21305e-11    0.0237925  2.95032e-11    0.0127442  4.73176e-12  -0.00585017 -1.82812e-11   -0.0157056 -2.19023e-11   -0.0113212 -8.42988e-12  2.55381e-05  7.03774e-12   0.00780351  1.25876e-11    0.0076413  7.81143e-12   0.00257977 -7.98263e-14  -0.00205864 -4.67026e-12  -0.00352446 -4.62319e-12  -0.00242872 -2.22723e-12 -0.000687123 -2.91713e-14  0.000422622  9.47909e-13  0.000712043  9.61095e-13  0.000550867  6.15479e-13   0.00030347  2.97933e-13  0.000130727  1.15107e-13  4.55112e-05  3.61972e-14  1.29343e-05  9.28583e-15  2.98588e-06  1.91894e-15  5.48027e-07  3.09287e-16  7.63321e-08  3.63872e-17  7.33512e-09  2.71058e-18  3.86676e-10  8.25271e-20
  -0.0031679 -1.15432e-11   -0.0140536    -2.93e-11    -0.024434 -3.69423e-11   -0.0221942 -2.18901e-11  -0.00518235  7.88149e-12     0.014544  2.95032e-11    0.0215302  2.65199e-11    0.0113889  4.01607e-12  -0.00559845 -1.72668e-11    -0.014897 -2.09461e-11   -0.0109521 -8.32998e-12 -0.000128847  6.66332e-12    0.0075634  1.23962e-11   0.00766526   8.0726e-12   0.00287519  4.23151e-13   -0.0017362 -4.32913e-12     -0.00342  -4.6795e-12   -0.0025958 -2.60559e-12 -0.000995253 -4.83466e-13  0.000140523   6.1194e-13  0.000539546  7.90374e-13  0.000478777   5.5863e-13  0.000285772  2.89828e-13  0.000130905  1.18223e-13  4.77446e-05  3.85921e-14  1.39277e-05  1.00217e-14  3.19976e-06  2.01896e-15  5.58434e-07  3.00217e-16  6.91349e-08  2.99274e-17  5.26936e-09  1.59331e-18  1.60113e-10
-2.99271e-12  -0.00519993 -1.37794e-11   -0.0142627 -2.70729e-11   -0.0214423 -3.16383e-11   -0.0189317 -1.88875e-11  -0.00468593  6.56146e-12    0.0127442  2.65199e-11    0.0197577  2.47952e-11    0.0108558   4.0357e-12  -0.00523056 -1.65095e-11   -0.0143917 -2.04034e-11   -0.0107731 -8.36476e-12 -0.000315209  6.27068e-12   0.00730831  1.21814e-11   0.00768667  8.37082e-12   0.00322895  1.04936e-12  -0.00131641 -3.84978e-12  -0.00323444 -4.64781e-12  -0.00272562 -2.96404e-12  -0.00131273 -9.83261e-13 -0.000192683  1.78116e-13  0.000288932  4.99604e-13  0.000326249   3.9581e-13  0.000206489  2.10859e-13  9.49637e-05  8.48113e-14  3.36124e-05  2.64624e-14  9.23001e-06   6.3659e-15  1.93037e-06  1.14457e-15  2.93696e-07  1.44093e-16  2.96066e-08  1.10504e-17  1.57881e-09  3.34926e-19
-0.000693747 -2.64122e-12  -0.00364362 -9.21106e-12  -0.00981233 -1.98238e-11   -0.0168713 -2.67394e-11   -0.0171245 -1.84019e-11  -0.00540546  4.73176e-12    0.0113889  2.47952e-11    0.0188535  2.39117e-11    0.0105297  3.94011e-12  -0.00506822  -1.6035e-11   -0.0140043 -1.99294e-11   -0.0106143 -8.44989e-12 -0.000567023  5.75448e-12   0.00697483  1.18976e-11    0.0077039  8.72358e-12   0.00365154  1.80312e-12 -0.000800151 -3.22719e-12  -0.00295346 -4.48962e-12  -0.00278338 -3.24905e-12  -0.00160613 -1.48833e-12 -0.000554247 -3.23397e-13  -1.7953e-05  1.24944e-13  0.000121251  1.70102e-13  9.46412e-05   9.9174e-14   4.4802e-05  3.95116e-14  1.52762e-05  1.16101e-14  3.87087e-06  2.52632e-15  7.16952e-07  3.92706e-16  9.15745e-08  3.99228e-17  7.04455e-09  2.12532e-18  2.12236e-10
 6.95984e-13   0.00112419  2.26016e-12     0.001064 -1.41892e-12  -0.00471934 -1.39185e-11   -0.0142321 -2.48712e-11     -0.01683 -1.87559e-11  -0.00585017  4.01607e-12    0.0108558  2.39117e-11    0.0181871  2.29956e-11    0.0100747  3.69345e-12  -0.00492987 -1.55071e-11   -0.0135752 -1.94588e-11   -0.0105188 -8.69261e-12 -0.000939197  5.09065e-12   0.00657568  1.15732e-11   0.00772442  9.11613e-12    0.0041223  2.65786e-12 -0.000192599 -2.44412e-12  -0.00255084 -4.15442e-12  -0.00273095 -3.40296e-12  -0.00183302 -1.92881e-12 -0.000888456 -8.00588e-13 -0.000312997 -2.33927e-13 -7.21071e-05 -3.74156e-14 -4.68996e-06  4.15367e-15  4.22907e-06  4.92966e-15  2.15803e-06  1.72365e-15   5.7698e-07  3.65705e-16  9.79843e-08  4.92841e-17  1.02249e-08  3.80304e-18  5.34894e-10  1.10414e-19
  0.00118708  4.27348e-12   0.00489985  8.95078e-12   0.00570407  4.29253e-12  -0.00193712 -1.15495e-11   -0.0134338 -2.42976e-11   -0.0165192 -1.82812e-11  -0.00559845   4.0357e-12    0.0105297  2.29956e-11    0.0174205  2.20074e-11   0.00967005   3.6215e-12  -0.00467041 -1.48889e-11   -0.0131657 -1.91127e-11    -0.010539 -9.09825e-12  -0.00140144  4.32996e-12   0.00612641  1.11917e-11   0.00771806  9.49926e-12   0.00461684  3.59994e-12  0.000510415 -1.48123e-12   -0.0020071 -3.60359e-12  -0.00253071 -3.34825e-12  -0.00192224 -2.17791e-12  -0.00109795 -1.10892e-12 -0.000503131 -4.60192e-13 -0.000189831 -1.58207e-13 -5.95053e-05 -4.51842e-14 -1.54487e-05   -1.062e-14 -3.26683e-06 -2.00259e-15  -5.4257e-07 -2.87986e-16 -6.59678e-08 -2.86015e-17 -5.07577e-09 -1.55543e-18 -1.59183e-10
 1.98409e-12    0.0034389  8.73486e-12   0.00824441  1.33152e-11   0.00792726  6.26852e-12  -0.00121507 -1.08739e-11   -0.0129071  -2.3258e-11   -0.0157056 -1.72668e-11  -0.00523056  3.94011e-12    0.0100747  2.20074e-11     0.016732  2.12678e-11   0.00945057  3.73667e-12  -0.00437019 -1.43229e-11   -0.0128336 -1.88897e-11   -0.0106329 -9.59565e-12  -0.00192608  3.46744e-12   0.00560008  1.07021e-11   0.00765415  9.84164e-12   0.00512025  4.61104e-12   0.00129756  -3.4687e-13  -0.00131422 -2.79366e-12  -0.00212686 -2.96925e-12   -0.0017784 -2.09002e-12  -0.00108906 -1.13384e-12 -0.000528875 -4.95766e-13 -0.000208779 -1.76768e-13 -6.71356e-05 -5.10946e-14 -1.73542e-05 -1.17274e-14 -3.50303e-06 -2.05555e-15 -5.24139e-07 -2.56465e-16 -5.27252e-08 -1.97465e-17 -2.83836e-09 -6.07179e-19
  0.00111267  4.16571e-12   0.00520858  1.11139e-11   0.00942035  1.42188e-11   0.00814659  6.42983e-12 -0.000935904 -1.00263e-11   -0.0120632 -2.19023e-11    -0.014897 -1.65095e-11  -0.00506822  3.69345e-12   0.00967005  2.12678e-11    0.0162531  2.07756e-11   0.00932233  3.87641e-12  -0.00409659 -1.38121e-11   -0.0125344 -1.87099e-11   -0.0107655 -1.01781e-11  -0.00253132  2.46546e-12   0.00497425  1.00788e-11   0.00751436  1.01054e-11   0.00559746  5.63605e-12   0.00213955  9.45468e-13 -0.000455247 -1.66424e-12  -0.00146202 -2.17755e-12  -0.00134947 -1.61441e-12 -0.000847249 -8.81203e-13 -0.000407789 -3.76837e-13 -0.000155478 -1.28167e-13 -4.70852e-05 -3.44226e-14 -1.11453e-05 -7.11785e-15 -1.98906e-06 -1.07847e-15 -2.50065e-07 -1.08826e-16 -1.92363e-08 -5.83155e-18 -5.86854e-10
 9.16659e-13   0.00168669  4.76995e-12   0.00528058  1.06853e-11   0.00891596  1.35485e-11   0.00795436   6.6902e-12 -0.000425928 -9.00107e-12   -0.0113212 -2.09461e-11   -0.0143917  -1.6035e-11  -0.00492987   3.6215e-12   0.00945057  2.07756e-11    0.0158851  2.03572e-11   0.00921028  4.02962e-12  -0.00380816 -1.32791e-11   -0.0122336 -1.85644e-11   -0.0109497 -1.08687e-11  -0.00322557  1.32058e-12   0.00424251  9.29127e-12    0.0072591  1.02146e-11   0.00599583  6.61599e-12   0.00301448   2.3877e-12  0.000570719 -2.23797e-13 -0.000560185 -1.04316e-12 -0.000706793 -8.78971e-13 -0.000467289 -4.84534e-13 -0.000221022 -1.99528e-13 -7.97998e-05 -6.33061e-14 -2.22213e-05 -1.54049e-14 -4.69028e-06 -2.78943e-15 -7.17263e-07 -3.52324e-16 -7.24174e-08 -2.70164e-17  -3.8553e-09 -8.16224e-19
 0.000121767  5.99964e-13   0.00107379  3.34145e-12   0.00412359  9.15532e-12   0.00820563  1.31525e-11   0.00806101  7.17479e-12 -1.96187e-05 -8.42988e-12   -0.0109521 -2.04034e-11   -0.0140043 -1.55071e-11  -0.00467041  3.73667e-12   0.00932233  2.03572e-11    0.0155501   1.9996e-11   0.00915179  4.26672e-12  -0.00347601 -1.27223e-11   -0.0119459 -1.84708e-11   -0.0111838 -1.16488e-11  -0.00399802  2.52849e-14   0.00337739  8.27338e-12   0.00683649  1.01006e-11   0.00627723  7.50031e-12   0.00387778  3.87859e-12   0.00165818  1.31853e-12  0.000403556  1.54096e-13  -4.3142e-05 -1.42174e-13 -0.000100787 -1.18698e-13 -5.73747e-05 -5.28106e-14 -2.10016e-05 -1.62617e-14 -5.48671e-06 -3.60523e-15 -1.02587e-06 -5.61438e-16   -1.304e-07 -5.64572e-17 -9.86532e-09 -2.93861e-18  -2.8891e-10
-3.80746e-13   -0.0005783 -1.06591e-12  -0.00035133  1.28325e-12   0.00300378  8.18268e-12   0.00796696  1.32055e-11   0.00818592  7.30824e-12  2.55381e-05 -8.32998e-12   -0.0107731 -1.99294e-11   -0.0135752 -1.48889e-11  -0.00437019  3.87641e-12   0.00921028   1.9996e-11    0.0152837  1.97572e-11   0.00916999  4.57886e-12  -0.00312135 -1.21636e-11   -0.0116673 -1.83993e-11   -0.0114449 -1.25042e-11  -0.00485947 -1.46043e-12   0.00234561  6.98211e-12   0.00622122  9.71706e-12   0.00638432  8.14055e-12   0.00457068  5.10531e-12    0.0025488  2.55598e-12   0.00115319  1.04997e-12  0.000431576  3.58916e-13  0.000135019  1.02917e-13   3.5515e-05  2.48319e-14  7.84903e-06  5.00909e-15  1.43556e-06  8.21623e-16  2.07672e-07  1.02265e-16  2.14482e-08  8.28998e-18  1.24124e-09  2.78711e-19
-0.000452514 -1.60479e-12  -0.00178457 -3.04286e-12  -0.00158793 -2.54622e-14   0.00250803  7.92533e-12   0.00793859  1.31489e-11    0.0080607  7.03774e-12 -0.000128847 -8.36476e-12   -0.0106143 -1.94588e-11   -0.0131657 -1.43229e-11  -0.00409659  4.02962e-12   0.00915179  1.97572e-11    0.0151069  1.96251e-11   0.00923744  4.93584e-12  -0.00274347  -1.1573e-11   -0.0113714 -1.83257e-11   -0.0117332 -1.34521e-11  -0.00582155 -3.13978e-12   0.00115222   5.4123e-12   0.00537633  8.92618e-12   0.00615042  8.19212e-12   0.00480387  5.61242e-12   0.00293731  3.09528e-12    0.0014706  1.41204e-12  0.000612295  5.36568e-13  0.000212033  1.68839e-13  6.03623e-05  4.32275e-14  1.37901e-05  8.72293e-15  2.42561e-06  1.31421e-15   3.0565e-07  1.33869e-16  2.38869e-08  7.33003e-18  7.48402e-10
-6.68233e-13   -0.0011688 -2.97467e-12   -0.0027718 -4.26764e-12  -0.00216749 -4.79076e-13   0.00237683  7.81849e-12   0.00782387  1.28633e-11   0.00780351  6.66332e-12 -0.000315209 -8.44989e-12   -0.0105188 -1.91127e-11   -0.0128336 -1.38121e-11  -0.00380816  4.26672e-12   0.00916999  1.96251e-11    0.0149898  1.95636e-11   0.00935061  5.36243e-12  -0.00231855 -1.09283e-11   -0.0110572 -1.82585e-11    -0.012047 -1.44639e-11  -0.00684915  -4.9668e-12 -0.000203715  3.47451e-12   0.00416408  7.42145e-12   0.00531372  7.24914e-12   0.00431715  5.09111e-12   0.00267564  2.81766e-12   0.00133137  1.26501e-12  0.000539976  4.63211e-13  0.000178116  1.37125e-13  4.70646e-05  3.21059e-14  9.67043e-06  5.71605e-15   1.4667e-06  7.21504e-16  1.48995e-07  5.60076e-17  8.07455e-09  1.73151e-18
 -0.00034097 -1.32064e-12  -0.00170504 -3.73109e-12  -0.00319235 -4.68939e-12  -0.00234588 -6.41742e-13   0.00228579  7.66678e-12   0.00768375  1.25876e-11    0.0075634  6.27068e-12 -0.000567023 -8.69261e-12    -0.010539 -1.88897e-11   -0.0125344 -1.32791e-11  -0.00347601  4.57886e-12   0.00923744  1.95636e-11    0.0149268  1.95931e-11   0.00952934  5.87407e-12  -0.00184999 -1.02411e-11   -0.0107201 -1.81542e-11   -0.0123329 -1.54564e-11  -0.00791216 -6.97932e-12  -0.00181901   9.3488e-13   0.00238698  4.91935e-12   0.00372115   5.1913e-12   0.00310965  3.65041e-12   0.00189534  1.95979e-12  0.000904329  8.34895e-13  0.000344557  2.84328e-13  0.000104613  7.66178e-14  2.48554e-05  1.59058e-14   4.4538e-06  2.41965e-15  5.62128e-07  2.45088e-16  4.34005e-08    1.318e-17  1.32854e-09
-2.50021e-13 -0.000500082 -1.53303e-12  -0.00181741 -3.85953e-12  -0.00328214 -4.84361e-12  -0.00245648 -7.67311e-13   0.00224239  7.64261e-12    0.0076413  1.23962e-11   0.00730831  5.75448e-12 -0.000939197 -9.09825e-12   -0.0106329 -1.87099e-11   -0.0122336 -1.27223e-11  -0.00312135  4.93584e-12   0.00935061  1.95931e-11    0.0149363  1.97238e-11   0.00976511  6.45113e-12    -0.001337 -9.46783e-12   -0.0103017 -1.79148e-11   -0.0125457  -1.6437e-11  -0.00907753 -9.34593e-12  -0.00382356 -2.34832e-12  2.33752e-05   1.5384e-12   0.00156204  2.42556e-12   0.00151868  1.80821e-12  0.000935625  9.52763e-13  0.000429127  3.83852e-13  0.000152472  1.20333e-13  4.20694e-05  2.90733e-14  8.82962e-06  5.24052e-15  1.34522e-06  6.59797e-16  1.35438e-07  5.04631e-17  7.19256e-09  1.52093e-18
-1.56536e-05 -1.51525e-13 -0.000365602 -1.30298e-12  -0.00170374  -3.8336e-12  -0.00335921 -5.01128e-12  -0.00253029  -7.3723e-13    0.0023477  7.81143e-12   0.00766526  1.21814e-11   0.00697483  5.09065e-12  -0.00140144 -9.59565e-12   -0.0107655 -1.85644e-11   -0.0119459 -1.21636e-11  -0.00274347  5.36243e-12   0.00952934  1.97238e-11    0.0150075  1.99303e-11    0.0100541  7.13151e-12 -0.000723524 -8.51159e-12  -0.00975591  -1.7543e-11   -0.0127425 -1.75406e-11   -0.0104292 -1.20958e-11  -0.00612449 -6.03605e-12  -0.00255527 -2.02259e-12 -0.000622181 -2.49964e-13  5.26234e-05  1.96822e-13  0.000141374  1.66722e-13  8.03884e-05  7.36704e-14  2.91306e-05  2.24028e-14  7.49874e-06  4.88232e-15  1.37461e-06  7.43161e-16  1.70176e-07  7.24645e-17  1.24199e-08  3.61511e-18  3.45838e-10
 1.30861e-13  0.000179699   2.5013e-13 -8.36136e-05  -1.0148e-12  -0.00164437 -3.93061e-12  -0.00347625  -5.1103e-12  -0.00247887 -4.82467e-13   0.00257977   8.0726e-12   0.00768667  1.18976e-11   0.00657568  4.32996e-12  -0.00192608 -1.01781e-11   -0.0109497 -1.84708e-11   -0.0116673  -1.1573e-11  -0.00231855  5.87407e-12   0.00976511  1.99303e-11    0.0151346  2.02461e-11    0.0104484    8.005e-12  3.00577e-05 -7.38596e-12  -0.00914593 -1.71709e-11   -0.0129895 -1.87337e-11   -0.0118004 -1.47356e-11  -0.00821794 -9.21457e-12  -0.00465854  -4.7673e-12  -0.00221049 -2.08208e-12 -0.000890783 -7.75312e-13 -0.000306641 -2.46546e-13 -8.98896e-05 -6.63792e-14 -2.21037e-05 -1.47906e-14 -4.41562e-06 -2.61185e-15 -6.76506e-07 -3.38502e-16 -7.15718e-08 -2.77042e-17 -4.13087e-09 -9.19856e-19
 0.000134801  4.62125e-13  0.000477751  6.74776e-13  0.000119407 -9.17437e-13  -0.00170068 -4.09353e-12  -0.00355235 -5.05929e-12  -0.00230585 -7.98263e-14   0.00287519  8.37082e-12    0.0077039  1.15732e-11   0.00612641  3.46744e-12  -0.00253132 -1.08687e-11   -0.0111838 -1.83993e-11   -0.0113714 -1.09283e-11  -0.00184999  6.45113e-12    0.0100541  2.02461e-11    0.0153682  2.07556e-11    0.0109813    9.044e-12  0.000848931 -6.23745e-12  -0.00853934 -1.67454e-11    -0.013086 -1.94451e-11   -0.0126188 -1.62461e-11   -0.0093494  -1.0824e-11  -0.00565006 -5.96501e-12  -0.00284814 -2.75414e-12  -0.00120441 -1.06531e-12 -0.000425081  -3.4182e-13 -0.000123391 -8.91947e-14 -2.87099e-05 -1.83147e-14 -5.13362e-06 -2.80229e-15 -6.56336e-07 -2.89376e-16 -5.19568e-08 -1.60397e-17 -1.64697e-09
 1.87945e-13  0.000327736  8.15771e-13   0.00071363  9.19772e-13  0.000183665 -9.72621e-13   -0.0018002 -4.23155e-12  -0.00357175 -4.90224e-12  -0.00205864  4.23151e-13   0.00322895  8.72358e-12   0.00772442  1.11917e-11   0.00560008  2.46546e-12  -0.00322557 -1.16488e-11   -0.0114449 -1.83257e-11   -0.0110572 -1.02411e-11    -0.001337  7.13151e-12    0.0104484  2.07556e-11     0.015739  2.14225e-11    0.0115684  1.00856e-11   0.00165654 -5.01604e-12  -0.00772832 -1.56729e-11   -0.0124434 -1.86457e-11   -0.0121457 -1.56388e-11  -0.00897039 -1.03159e-11  -0.00533001 -5.54898e-12  -0.00260236  -2.4613e-12  -0.00104805  -8.9834e-13 -0.000345599 -2.66457e-13 -9.16641e-05 -6.27146e-14 -1.89563e-05 -1.12494e-14 -2.89928e-06 -1.43307e-15 -2.97463e-07 -1.12436e-16 -1.63035e-08 -3.51781e-18
  9.3524e-05  3.71238e-13  0.000484271  1.04399e-12  0.000837297  1.01104e-12  0.000171427 -1.08929e-12  -0.00191456 -4.36125e-12  -0.00356467 -4.67026e-12   -0.0017362  1.04936e-12   0.00365154  9.11613e-12   0.00771806  1.07021e-11   0.00497425  1.32058e-12  -0.00399802 -1.25042e-11   -0.0117332 -1.82585e-11   -0.0107201 -9.46783e-12 -0.000723524    8.005e-12    0.0109813  2.14225e-11    0.0161591  2.20741e-11    0.0121254  1.11712e-11   0.00265767 -3.13241e-12  -0.00613498 -1.29696e-11   -0.0103882 -1.55077e-11  -0.00999373 -1.26684e-11  -0.00712564 -8.00718e-12  -0.00402906 -4.07158e-12  -0.00184731 -1.68444e-12 -0.000688958 -5.64993e-13 -0.000207041 -1.51299e-13 -4.90487e-05 -3.14073e-14 -8.80989e-06 -4.79948e-15 -1.11913e-06  -4.9016e-16 -8.72579e-08 -2.66606e-17  -2.7053e-09
 7.05656e-14  0.000150038  4.76601e-13  0.000567931   1.1665e-12  0.000901397  1.03391e-12   0.00011624 -1.26862e-12  -0.00206381 -4.50353e-12  -0.00352446 -4.32913e-12  -0.00131641  1.80312e-12    0.0041223  9.49926e-12   0.00765415  1.00788e-11   0.00424251  2.52849e-14  -0.00485947 -1.34521e-11    -0.012047 -1.81542e-11   -0.0103017 -8.51159e-12  3.00577e-05    9.044e-12    0.0115684  2.20741e-11    0.0165413  2.27463e-11    0.0128532  1.28804e-11   0.00441295  3.38532e-13  -0.00316407 -7.99527e-12  -0.00671889 -1.01359e-11  -0.00649084  -8.0983e-12   -0.0044544 -4.87074e-12  -0.00237499 -2.31697e-12  -0.00101113 -8.83511e-13 -0.000344933 -2.68845e-13   -9.318e-05  -6.4041e-14 -1.93941e-05 -1.15041e-14 -2.95737e-06 -1.45523e-15 -3.00187e-07 -1.12575e-16 -1.61713e-08 -3.45187e-18
 9.35543e-06   7.4318e-14  0.000159504  5.19486e-13  0.000622683  1.26162e-12  0.000941793  9.95833e-13  1.78321e-06 -1.53315e-12   -0.0022445 -4.62319e-12     -0.00342 -3.84978e-12 -0.000800151  2.65786e-12   0.00461684  9.84164e-12   0.00751436  9.29127e-12   0.00337739 -1.46043e-12  -0.00582155 -1.44639e-11   -0.0123329 -1.79148e-11  -0.00975591 -7.38596e-12  0.000848931  1.00856e-11    0.0121254  2.27463e-11     0.017085  2.40128e-11       0.0143  1.60921e-11   0.00745236  5.87384e-12   0.00121863 -1.17699e-12  -0.00202929 -3.71779e-12  -0.00257147 -3.30401e-12  -0.00182542 -1.97434e-12 -0.000942122 -8.92109e-13 -0.000375281 -3.14119e-13  -0.00011676 -8.60993e-14 -2.80397e-05 -1.79661e-14 -5.02507e-06 -2.72089e-15 -6.28704e-07 -2.72077e-16 -4.77269e-08   -1.433e-17 -1.42488e-09
 -2.3836e-14 -1.99316e-05  3.44785e-14   0.00015579  5.68943e-13  0.000685969  1.34589e-12  0.000945938  8.68789e-13 -0.000178818 -1.86297e-12  -0.00242872  -4.6795e-12  -0.00323444 -3.22719e-12 -0.000192599  3.59994e-12   0.00512025  1.01054e-11    0.0072591  8.27338e-12   0.00234561 -3.13978e-12  -0.00684915 -1.54564e-11   -0.0125457  -1.7543e-11  -0.00914593 -6.23745e-12   0.00165654  1.11712e-11    0.0128532  2.40128e-11    0.0183341  2.67285e-11    0.0169551  2.11704e-11    0.0116866  1.27979e-11   0.00620932  5.95913e-12   0.00251193  2.05869e-12  0.000717142   4.5331e-13  0.000100895  1.02962e-14 -2.43815e-05 -3.99784e-14 -2.08333e-05 -1.89771e-14 -7.13484e-06 -5.05359e-15  -1.5133e-06 -8.54103e-16  -2.0052e-07 -8.56494e-17 -1.42869e-08 -3.83076e-18 -2.95119e-10 -1.33043e-21
-2.77861e-05 -8.35075e-14 -6.18362e-05  5.27833e-15  0.000174825  6.50844e-13  0.000752772  1.39285e-12  0.000898498  6.51074e-13 -0.000411856 -2.22723e-12   -0.0025958 -4.64781e-12  -0.00295346 -2.44412e-12  0.000510415  4.61104e-12   0.00559746  1.02146e-11   0.00683649  6.98211e-12   0.00115222  -4.9668e-12  -0.00791216  -1.6437e-11   -0.0127425 -1.71709e-11  -0.00853934 -5.01604e-12   0.00265767  1.28804e-11       0.0143  2.67285e-11    0.0207646  3.12019e-11    0.0206566  2.72803e-11    0.0161712   1.9356e-11    0.0104857  1.15363e-11   0.00576721  5.87026e-12   0.00271865  2.56412e-12   0.00109942  9.58198e-13   0.00037851  3.02649e-13  0.000109079  7.90211e-14  2.55779e-05  1.64584e-14  4.66588e-06  2.58213e-15  6.14332e-07  2.75631e-16  5.04315e-08  1.58832e-17  1.66596e-09
-4.08103e-14 -6.65892e-05 -1.43898e-13 -8.72921e-05  1.62774e-14  0.000219926  7.48895e-13  0.000807462  1.38773e-12  0.000798573  3.51819e-13 -0.000687123 -2.60559e-12  -0.00272562 -4.48962e-12  -0.00255084 -1.48123e-12   0.00129756  5.63605e-12   0.00599583  1.01006e-11   0.00622122   5.4123e-12 -0.000203715 -6.97932e-12  -0.00907753 -1.75406e-11   -0.0129895 -1.67454e-11  -0.00772832 -3.13241e-12   0.00441295  1.60921e-11    0.0169551  3.12019e-11     0.024191  3.65219e-11    0.0243831  3.25373e-11    0.0195017  2.35926e-11    0.0129003  1.42933e-11   0.00717365  7.30199e-12   0.00336607  3.14325e-12   0.00132647  1.13049e-12  0.000433649  3.34203e-13  0.000115174  7.90932e-14   2.4038e-05  1.43659e-14  3.73388e-06   1.8637e-15  3.91083e-07  1.49604e-16  2.19767e-08  4.80749e-18
-2.19199e-05 -8.37206e-14 -0.000100204 -1.80116e-13   -8.875e-05   6.2327e-14  0.000281281  8.48818e-13  0.000843193  1.32363e-12  0.000642468 -2.91713e-14 -0.000995253 -2.96404e-12  -0.00278338 -4.15442e-12   -0.0020071  -3.4687e-13   0.00213955  6.61599e-12   0.00627723  9.71706e-12   0.00537633  3.47451e-12  -0.00181901 -9.34593e-12   -0.0104292 -1.87337e-11    -0.013086 -1.56729e-11  -0.00613498  3.38532e-13   0.00745236  2.11704e-11    0.0206566  3.65219e-11    0.0275675  4.07484e-11    0.0266958   3.4974e-11    0.0205679  2.43826e-11    0.0130407  1.41019e-11   0.00689018  6.80866e-12   0.00303771  2.73628e-12   0.00110985  9.05506e-13  0.000331053  2.41952e-13  7.86158e-05  5.05518e-14  1.42644e-05  7.82971e-15  1.84213e-06  8.15201e-16  1.46808e-07  4.54288e-17  4.67458e-09
-1.98907e-14 -4.04682e-05 -1.18112e-13 -0.000121963 -1.92004e-13  -7.0507e-05  1.36232e-13  0.000354608  9.42262e-13  0.000850281  1.18296e-12  0.000422622 -4.83466e-13  -0.00131273 -3.24905e-12  -0.00273095 -3.60359e-12  -0.00131422  9.45468e-13   0.00301448  7.50031e-12   0.00638432  8.92618e-12   0.00416408   9.3488e-13  -0.00382356 -1.20958e-11   -0.0118004 -1.94451e-11   -0.0124434 -1.29696e-11  -0.00316407  5.87384e-12    0.0116866  2.72803e-11    0.0243831  4.07484e-11    0.0294472  4.19223e-11    0.0265279  3.36075e-11    0.0191154   2.1906e-11    0.0113151  1.18012e-11   0.00555215   5.2726e-12   0.00225556  1.94302e-12  0.000751397  5.82425e-13  0.000201449  1.38583e-13   4.2121e-05  2.51368e-14  6.51538e-06  3.23924e-15  6.76369e-07  2.57221e-16  3.75351e-08  8.15126e-18
-6.22539e-06 -3.32668e-14 -5.51798e-05 -1.44089e-13 -0.000134435 -1.82347e-13 -3.24897e-05  2.37264e-13  0.000434203  1.01011e-12   0.00081172  9.47909e-13  0.000140523 -9.83261e-13  -0.00160613 -3.40296e-12  -0.00253071 -2.79366e-12 -0.000455247   2.3877e-12   0.00387778  8.14055e-12   0.00615042  7.42145e-12   0.00238698 -2.34832e-12  -0.00612449 -1.47356e-11   -0.0126188 -1.86457e-11   -0.0103882 -7.99527e-12   0.00121863  1.27979e-11    0.0161712  3.25373e-11    0.0266958  4.19223e-11    0.0287814  3.91488e-11    0.0237419  2.88715e-11    0.0157727  1.73605e-11   0.00860797  8.60997e-12    0.0038796  3.52254e-12    0.0014377  1.17855e-12  0.000432339  3.16672e-13  0.000103011  6.62521e-14  1.86828e-05  1.02409e-14  2.40453e-06  1.06129e-15  1.90528e-07  5.87462e-17  6.02069e-09
-1.37088e-15 -8.94071e-06 -4.49481e-14 -6.91931e-05 -1.65064e-13 -0.000136602  -1.4598e-13   2.6904e-05  3.57559e-13  0.000506099   1.0253e-12  0.000712043   6.1194e-13 -0.000192683 -1.48833e-12  -0.00183302 -3.34825e-12  -0.00212686 -1.66424e-12  0.000570719  3.87859e-12   0.00457068  8.19212e-12   0.00531372  4.91935e-12  2.33752e-05 -6.03605e-12  -0.00821794 -1.62461e-11   -0.0121457 -1.55077e-11  -0.00671889 -1.17699e-12   0.00620932   1.9356e-11    0.0195017   3.4974e-11    0.0265279  3.91488e-11    0.0254753  3.30033e-11    0.0191157   2.2235e-11    0.0116266   1.2249e-11   0.00581059  5.55514e-12   0.00238922  2.06685e-12   0.00080184  6.22964e-13    0.0002158  1.48581e-13  4.51698e-05  2.69477e-14  6.97916e-06  3.46552e-15  7.22449e-07  2.74206e-16  3.99229e-08  8.64786e-18
 1.98893e-06  5.98044e-18 -1.25875e-05 -6.02743e-14 -8.35882e-05 -1.76622e-13 -0.000123261 -7.89249e-14    0.0001035  4.78952e-13  0.000552086  9.61095e-13  0.000539546  1.78116e-13 -0.000554247 -1.92881e-12  -0.00192224 -2.96925e-12  -0.00146202 -2.23797e-13   0.00165818  5.10531e-12   0.00480387  7.24914e-12   0.00372115   1.5384e-12  -0.00255527 -9.21457e-12   -0.0093494 -1.56388e-11  -0.00999373 -1.01359e-11  -0.00202929  5.95913e-12    0.0104857  2.35926e-11    0.0205679  3.36075e-11    0.0237419  3.30033e-11    0.0203595  2.50993e-11     0.013865  1.53997e-11   0.00769248  7.74088e-12   0.00350508  3.19496e-12   0.00130801  1.07475e-12  0.000394932  2.89604e-13  9.42678e-05  6.06419e-14  1.70979e-05  9.36731e-15  2.19763e-06  9.68907e-16   1.7371e-07  5.34773e-17  5.47105e-09
 4.44083e-15  4.47074e-06 -1.57082e-15 -2.01366e-05  -7.9178e-14 -9.45878e-05 -1.70717e-13 -9.08766e-05    1.572e-14  0.000187471  5.76468e-13  0.000550867  7.90374e-13  0.000288932 -3.23397e-13 -0.000888456 -2.17791e-12   -0.0017784 -2.17755e-12 -0.000560185  1.31853e-12    0.0025488  5.61242e-12   0.00431715   5.1913e-12   0.00156204 -2.02259e-12  -0.00465854  -1.0824e-11  -0.00897039 -1.26684e-11  -0.00649084 -3.71779e-12   0.00251193  1.15363e-11    0.0129003  2.43826e-11    0.0191154  2.88715e-11    0.0191157  2.50993e-11    0.0146935  1.72385e-11   0.00907698  9.61728e-12   0.00458326  4.39812e-12   0.00189724  1.64509e-12  0.000639361  4.97382e-13  0.000172451  1.18797e-13  3.61226e-05  2.15483e-14  5.57886e-06  2.76861e-15  5.76717e-07  2.18683e-16   3.1803e-08  6.88022e-18
 2.95063e-06  8.38607e-15  4.70784e-06 -9.00055e-15 -3.09996e-05 -9.64964e-14 -9.69984e-05 -1.41156e-13 -3.93292e-05  1.27543e-13  0.000262516  6.15479e-13  0.000478777  4.99604e-13  -1.7953e-05 -8.00588e-13  -0.00109795 -2.09002e-12  -0.00134947 -1.04316e-12  0.000403556  2.55598e-12   0.00293731  5.09111e-12   0.00310965  2.42556e-12 -0.000622181  -4.7673e-12  -0.00565006 -1.03159e-11  -0.00712564  -8.0983e-12  -0.00257147  2.05869e-12   0.00576721  1.42933e-11    0.0130407   2.1906e-11    0.0157727   2.2235e-11     0.013865  1.72385e-11   0.00958753  1.07074e-11   0.00537246  5.42584e-12   0.00246401  2.25125e-12  0.000923348   7.5975e-13  0.000279471  2.05083e-13  6.67844e-05  4.29697e-14  1.21147e-05  6.63562e-15  1.55611e-06  6.85674e-16  1.22843e-07  3.77857e-17  3.86199e-09
 3.35916e-15  5.26378e-06  9.55064e-15  1.47849e-06 -2.14109e-14 -4.23203e-05 -1.05453e-13 -8.59723e-05 -8.51215e-14  2.61712e-05  2.33658e-13   0.00030347   5.5863e-13  0.000326249  1.24944e-13 -0.000312997 -1.10892e-12  -0.00108906 -1.61441e-12 -0.000706793  1.54096e-13   0.00115319  3.09528e-12   0.00267564  3.65041e-12   0.00151868 -2.49964e-13  -0.00221049 -5.96501e-12  -0.00533001 -8.00718e-12   -0.0044544 -3.30401e-12  0.000717142  5.87026e-12   0.00717365  1.41019e-11    0.0113151  1.73605e-11    0.0116266  1.53997e-11   0.00907698  1.07074e-11   0.00566282  6.02127e-12   0.00287781  2.76799e-12   0.00119626   1.0388e-12  0.000404181  3.14689e-13  0.000109171   7.5232e-14  2.28794e-05  1.36481e-14  3.53289e-06  1.75272e-15  3.64943e-07  1.38305e-16  2.01008e-08  4.34538e-18
  1.5589e-06  5.86804e-15  6.20729e-06   6.8093e-15  -4.8842e-06  -3.5737e-14 -4.99627e-05 -9.85883e-14 -5.85764e-05 -8.66957e-15   9.0442e-05  2.97933e-13  0.000285772   3.9581e-13  0.000121251 -2.33927e-13 -0.000503131 -1.13384e-12 -0.000847249 -8.78971e-13  -4.3142e-05  1.04997e-12    0.0014706  2.81766e-12   0.00189534  1.80821e-12  5.26234e-05 -2.08208e-12  -0.00284814 -5.54898e-12  -0.00402906 -4.87074e-12  -0.00182542   4.5331e-13   0.00271865  7.30199e-12   0.00689018  1.18012e-11   0.00860797   1.2249e-11   0.00769248  9.61728e-12   0.00537246  6.02127e-12   0.00302986  3.06707e-12   0.00139544  1.27686e-12  0.000524322  4.31816e-13  0.000158949  1.16696e-13  3.80129e-05  2.44612e-14  6.89653e-06  3.77698e-15  8.85527e-07  3.90064e-16   6.9853e-08  2.14756e-17  2.19371e-09
 1.34494e-15  2.73543e-06  7.14172e-15   5.2082e-06  2.05194e-16  -1.2867e-05 -4.66715e-14  -4.8947e-05 -7.14265e-14 -1.85971e-05  6.74366e-14  0.000130727  2.89828e-13  0.000206489  1.70102e-13 -7.21071e-05 -4.60192e-13 -0.000528875 -8.81203e-13 -0.000467289 -1.42174e-13  0.000431576  1.41204e-12   0.00133137  1.95979e-12  0.000935625  1.96822e-13 -0.000890783 -2.75414e-12  -0.00260236 -4.07158e-12  -0.00237499 -1.97434e-12  0.000100895  2.56412e-12   0.00336607  6.80866e-12   0.00555215  8.60997e-12   0.00581059  7.74088e-12   0.00458326  5.42584e-12   0.00287781  3.06707e-12   0.00146863  1.41472e-12  0.000612154  5.32083e-13  0.000207179  1.61396e-13  5.60129e-05   3.8609e-14  1.17431e-05  7.00513e-15  1.81316e-06  8.99374e-16  1.87216e-07  7.09276e-17  1.03043e-08  2.22659e-18
 4.79885e-07  2.43994e-15  3.45452e-06  6.45914e-15  2.09163e-06 -8.63948e-15 -1.93177e-05 -4.77827e-14 -3.66773e-05 -2.93552e-14  2.11562e-05  1.15107e-13  0.000130905  2.10859e-13  9.46412e-05 -3.74156e-14 -0.000189831 -4.95766e-13 -0.000407789 -4.84534e-13 -0.000100787  3.58916e-13  0.000612295  1.26501e-12  0.000904329  9.52763e-13  0.000141374 -7.75312e-13  -0.00120441  -2.4613e-12  -0.00184731 -2.31697e-12 -0.000942122  1.02962e-14   0.00109942  3.14325e-12   0.00303771   5.2726e-12    0.0038796  5.55514e-12   0.00350508  4.39812e-12   0.00246401  2.76799e-12   0.00139544  1.41472e-12  0.000644453  5.90267e-13  0.000242572  1.99895e-13  7.36135e-05  5.40623e-14   1.7614e-05  1.13358e-14  3.19603e-06  1.75024e-15  4.10296e-07  1.80695e-16  3.23508e-08  9.94294e-18   1.0153e-09
 3.07336e-16  9.39267e-07  3.22811e-15  3.26835e-06   3.4564e-15 -2.27843e-06 -1.59163e-14 -2.06468e-05 -3.64301e-14 -1.67504e-05  1.18674e-14  4.55112e-05  1.18223e-13  9.49637e-05   9.9174e-14 -4.68996e-06 -1.58207e-13 -0.000208779 -3.76837e-13 -0.000221022 -1.18698e-13  0.000135019  5.36568e-13  0.000539976  8.34895e-13  0.000429127  1.66722e-13 -0.000306641 -1.06531e-12  -0.00104805 -1.68444e-12  -0.00101113 -8.92109e-13 -2.43815e-05  9.58198e-13   0.00132647  2.73628e-12   0.00225556  3.52254e-12   0.00238922  3.19496e-12   0.00189724  2.25125e-12   0.00119626  1.27686e-12  0.000612154  5.90267e-13  0.000255612  2.22316e-13  8.66064e-05  6.74924e-14  2.34296e-05  1.61525e-14  4.91331e-06    2.931e-15  7.58606e-07  3.76251e-16  7.83098e-08  2.96622e-17  4.30831e-09  9.30701e-19
 7.13002e-08  7.00666e-16  1.31886e-06  3.14798e-15  1.94797e-06 -8.60161e-16 -5.84213e-06 -1.77492e-14 -1.58297e-05 -1.74152e-14  2.25612e-06  3.61972e-14  4.77446e-05  8.48113e-14   4.4802e-05  4.15367e-15 -5.95053e-05 -1.76768e-13 -0.000155478 -1.99528e-13 -5.73747e-05  1.02917e-13  0.000212033  4.63211e-13  0.000344557  3.83852e-13  8.03884e-05 -2.46546e-13 -0.000425081  -8.9834e-13 -0.000688958 -8.83511e-13 -0.000375281 -3.99784e-14   0.00037851  1.13049e-12   0.00110985  1.94302e-12    0.0014377  2.06685e-12   0.00130801  1.64509e-12  0.000923348   1.0388e-12  0.000524322  5.32083e-13  0.000242572  2.22316e-13  9.14074e-05  7.53551e-14  2.77586e-05  2.03904e-14  6.64434e-06  4.27641e-15  1.20572e-06  6.60272e-16  1.54772e-07  6.81541e-17  1.22002e-08  3.74904e-18  3.82747e-10
 1.49491e-17  2.25836e-07  1.06183e-15  1.31299e-06  1.96343e-15  4.42782e-08 -4.27971e-15 -6.79229e-06 -1.35528e-14 -7.67381e-06  4.41333e-17  1.29343e-05  3.85921e-14  3.36124e-05  3.95116e-14  4.22907e-06 -4.51842e-14 -6.71356e-05 -1.28167e-13 -7.97998e-05 -5.28106e-14   3.5515e-05  1.68839e-13  0.000178116  2.84328e-13  0.000152472  7.36704e-14 -8.98896e-05  -3.4182e-13 -0.000345599 -5.64993e-13 -0.000344933 -3.14119e-13 -2.08333e-05  3.02649e-13  0.000433649  9.05506e-13  0.000751397  1.17855e-12   0.00080184  1.07475e-12  0.000639361   7.5975e-13  0.000404181  4.31816e-13  0.000207179  1.99895e-13  8.66064e-05  7.53551e-14  2.93647e-05  2.28894e-14  7.94728e-06  5.47954e-15  1.66689e-06  9.94395e-16  2.57367e-07  1.27642e-16  2.65642e-08   1.0061e-17  1.46112e-09  3.15589e-19
