  4.2775e-10  1.02445e-24 -1.18499e-08 -2.69987e-23  1.14225e-07  2.10645e-22 -5.70442e-07 -1.02046e-21  1.60835e-06  3.61142e-21 -2.48998e-06 -9.24257e-21  1.76969e-06  1.60554e-20 -1.58306e-07 -1.74101e-20  -2.4203e-07  1.04329e-20  4.08972e-09 -2.65264e-21  4.45858e-09
 1.02445e-24  1.74068e-08   1.3764e-23  -2.5937e-07 -1.79369e-22  1.77524e-06  8.22484e-22 -6.70339e-06 -3.17577e-21  1.43188e-05  1.17618e-20 -1.58658e-05 -3.20056e-20  6.24123e-06  5.38161e-20  1.57712e-06 -5.10258e-20 -7.41543e-07  2.42282e-20 -1.06689e-07 -3.98498e-21
-1.18499e-08   1.3764e-23  3.31317e-07  5.42575e-23 -3.23463e-06    1.558e-22  1.64356e-05 -3.54398e-21 -4.74259e-05  1.09761e-20  7.57141e-05 -3.65806e-21 -5.60584e-05 -4.37108e-20  5.45575e-06  9.35462e-20   8.4119e-06  -7.7624e-20 -1.75762e-07  2.66413e-20 -1.72828e-07
-2.69987e-23  -2.5937e-07  5.42575e-23  3.91471e-06 -3.12992e-22  -2.7272e-05  9.09461e-21  0.000105485 -5.12123e-20  -0.00023275  1.27657e-19  0.000269555 -1.42988e-19 -0.000113539  2.01571e-20 -2.81984e-05  9.10751e-20  1.51032e-05 -6.19756e-20  2.18692e-06  1.11021e-20
 1.14225e-07 -1.79369e-22 -3.23463e-06 -3.12992e-22   3.2147e-05 -4.99479e-21 -0.000167392  6.75421e-20  0.000499423 -2.75023e-19 -0.000834701  5.46206e-19  0.000660566 -5.24135e-19 -8.10768e-05  1.57995e-19 -0.000108807   5.2389e-20   4.0464e-06 -1.23359e-20  2.60859e-06
 2.10645e-22  1.77524e-06    1.558e-22  -2.7272e-05 -4.99479e-21  0.000194729 -3.16539e-20 -0.000779151  3.02405e-19   0.00180132 -9.57466e-19  -0.00222878  1.48746e-18   0.00105246 -1.06454e-18  0.000228415  1.88826e-19 -0.000159881  5.30539e-20 -2.17776e-05  1.50395e-20
-5.70442e-07  8.22484e-22  1.64356e-05  9.09461e-21 -0.000167392 -3.16539e-20  0.000901809 -1.33331e-19  -0.00282031  9.86695e-19   0.00503514 -2.47124e-18  -0.00440371  2.92806e-18  0.000768912 -1.37108e-18  0.000792615 -6.73736e-20 -5.89684e-05   1.1284e-19 -2.35406e-05
-1.02046e-21 -6.70339e-06 -3.54398e-21  0.000105485  6.75421e-20 -0.000779151 -1.33331e-19   0.00326826  -4.2647e-19  -0.00807068  2.53278e-18    0.0109846 -5.02664e-18  -0.00614511  4.41403e-18 -0.000921376 -1.09794e-18   0.00108851 -4.29774e-19  0.000125726  1.22108e-19
 1.60835e-06 -3.17577e-21 -4.74259e-05 -5.12123e-20  0.000499423  3.02405e-19  -0.00282031  -4.2647e-19   0.00942099 -1.09764e-18   -0.0184676  5.29434e-18    0.0186432 -8.29169e-18  -0.00499736  5.22312e-18    -0.003586 -4.36356e-19  0.000553103 -4.89095e-19  0.000143846
 3.61142e-21  1.43188e-05  1.09761e-20  -0.00023275 -2.75023e-19   0.00180132  9.86695e-19  -0.00807068 -1.09764e-18    0.0218716 -2.32425e-18   -0.0340829  9.11957e-18     0.024116 -1.11506e-17  0.000818487  4.76529e-18  -0.00507896  4.61471e-20 -0.000394154 -2.30379e-19
-2.48998e-06  1.17618e-20  7.57141e-05  1.27657e-19 -0.000834701 -9.57466e-19   0.00503514  2.53278e-18   -0.0184676 -2.32425e-18     0.041363 -4.07277e-18   -0.0511219  1.29971e-17    0.0221679 -1.20522e-17   0.00961289  3.01094e-18  -0.00344355  7.25274e-20  -0.00061189
-9.24257e-21 -1.58658e-05 -3.65806e-21  0.000269555  5.46206e-19  -0.00222878 -2.47124e-18    0.0109846  5.29434e-18   -0.0340829 -4.07277e-18    0.0645714 -5.95473e-18   -0.0628264  1.54748e-17    0.0102152 -1.01075e-17    0.0158795  7.95909e-19  8.19884e-05 -1.02659e-19
 1.76969e-06 -3.20056e-20 -5.60584e-05 -1.42988e-19  0.000660566  1.48746e-18  -0.00440371 -5.02664e-18    0.0186432  9.11957e-18   -0.0511219 -5.95473e-18    0.0848252 -7.45257e-18   -0.0637826  1.57307e-17  -0.00887546 -6.05848e-18    0.0142429  -5.8628e-19   0.00168522
 1.60554e-20  6.24123e-06 -4.37108e-20 -0.000113539 -5.24135e-19   0.00105246  2.92806e-18  -0.00614511 -8.29169e-18     0.024116  1.29971e-17   -0.0628264 -7.45257e-18     0.096769  -8.3492e-18   -0.0533194  1.39636e-17     -0.02749  -1.9232e-18   0.00550344 -6.32008e-19
-1.58306e-07  5.38161e-20  5.45575e-06  2.01571e-20 -8.10768e-05 -1.06454e-18  0.000768912  4.41403e-18  -0.00499736 -1.11506e-17    0.0221679  1.54748e-17   -0.0637826  -8.3492e-18     0.100961  -8.7498e-18   -0.0336177  1.06649e-17   -0.0357116  4.49191e-19  -0.00176284
-1.74101e-20  1.57712e-06  9.35462e-20 -2.81984e-05  1.57995e-19  0.000228415 -1.37108e-18 -0.000921376  5.22312e-18  0.000818487 -1.20522e-17    0.0102152  1.57307e-17   -0.0533194  -8.7498e-18     0.103879  -8.7987e-18  -0.00551574  6.25949e-18   -0.0266848  6.80045e-19
 -2.4203e-07 -5.10258e-20   8.4119e-06  9.10751e-20 -0.000108807  1.88826e-19  0.000792615 -1.09794e-18    -0.003586  4.76529e-18   0.00961289 -1.01075e-17  -0.00887546  1.39636e-17   -0.0336177  -8.7987e-18     0.112915 -8.66244e-18    0.0278212  1.86605e-18   -0.0077711
 1.04329e-20 -7.41543e-07  -7.7624e-20  1.51032e-05   5.2389e-20 -0.000159881 -6.73736e-20   0.00108851 -4.36356e-19  -0.00507896  3.01094e-18    0.0158795 -6.05848e-18     -0.02749  1.06649e-17  -0.00551574 -8.66244e-18     0.126268 -8.20177e-18    0.0492354 -5.44794e-19
 4.08972e-09  2.42282e-20 -1.75762e-07 -6.19756e-20   4.0464e-06  5.30539e-20 -5.89684e-05 -4.29774e-19  0.000553103  4.61471e-20  -0.00344355  7.95909e-19    0.0142429  -1.9232e-18   -0.0357116  6.25949e-18    0.0278212 -8.20177e-18     0.123319 -6.39872e-18    0.0374483
-2.65264e-21 -1.06689e-07  2.66413e-20  2.18692e-06 -1.23359e-20 -2.17776e-05   1.1284e-19  0.000125726 -4.89095e-19 -0.000394154  7.25274e-20  8.19884e-05  -5.8628e-19   0.00550344  4.49191e-19   -0.0266848  1.86605e-18    0.0492354 -6.39872e-18    0.0828427 -2.97919e-18
 4.45858e-09 -3.98498e-21 -1.72828e-07  1.11021e-20  2.60859e-06  1.50395e-20 -2.35406e-05  1.22108e-19  0.000143846 -2.30379e-19  -0.00061189 -1.02659e-19   0.00168522 -6.32008e-19  -0.00176284  6.80045e-19   -0.0077711 -5.44794e-19    0.0374483 -2.97919e-18    0.0265925
