    0.531093 -1.09869e-16    0.0459886  3.91772e-17   -0.0550648  1.61401e-17   -0.0210447   8.4675e-19   0.00552021 -6.19378e-18   0.00640649 -3.01735e-18   0.00126876 -5.64925e-19 -0.000676417 -5.52217e-20 -0.000462325 -7.62754e-20 -0.000106003 -3.89869e-20 -7.72118e-06
-1.09869e-16      0.03103 -2.04061e-17   0.00111109  1.73703e-18   -0.0196011  4.75142e-18   -0.0121149 -2.11052e-18   0.00266461 -7.25725e-18   0.00582469 -3.09295e-18   0.00205384 -1.23404e-18 -0.000314038 -4.99932e-19 -0.000427745 -2.53112e-19 -0.000106703 -4.14351e-20
   0.0459886 -2.04061e-17     0.043972  -1.4806e-17    0.0111052 -2.35266e-18   -0.0196233  6.63351e-18   -0.0139512  4.23282e-19   0.00172077 -3.87553e-19   0.00596114 -8.52696e-19    0.0027627 -1.48129e-18  0.000261618 -1.08629e-18 -0.000165828 -3.42968e-19 -3.48277e-05
 3.91772e-17   0.00111109  -1.4806e-17    0.0392901 -4.30529e-18   0.00962388  6.41103e-18    -0.017196  1.27815e-17   -0.0132401  9.02695e-18  0.000463239  5.52278e-18   0.00546954 -1.28687e-18   0.00329114 -3.14402e-18  0.000864212 -1.60325e-18  8.90523e-05  -2.4576e-19
  -0.0550648  1.73703e-18    0.0111052 -4.30529e-18    0.0301736   1.9639e-18    0.0074577  8.93691e-18   -0.0148275  1.55614e-17   -0.0132277  1.54812e-17  -0.00107831    4.501e-18   0.00459012 -5.09892e-18   0.00329769   -4.693e-18   0.00102103 -1.40145e-18  0.000112295
 1.61401e-17   -0.0196011 -2.35266e-18   0.00962388   1.9639e-18    0.0256923 -8.35297e-18   0.00793878   8.7442e-19   -0.0133093  1.46559e-17   -0.0135354  1.40302e-17  -0.00286234 -2.19632e-18   0.00292677  -8.5987e-18   0.00233406 -4.39262e-18  0.000605207 -6.62508e-19
  -0.0210447  4.75142e-18   -0.0196233  6.41103e-18    0.0074577 -8.35297e-18     0.023877 -2.64363e-17   0.00801968 -7.45504e-18   -0.0120464  1.30899e-17   -0.0138961  6.36568e-18   -0.0051664 -8.95039e-18  0.000316546  -8.7495e-18  0.000750612 -2.61698e-18  0.000130762
  8.4675e-19   -0.0121149  6.63351e-18    -0.017196  8.93691e-18   0.00793878 -2.64363e-17    0.0223505 -3.38588e-17   0.00835359 -4.23059e-18   -0.0107539  1.13667e-17   -0.0144676 -2.39062e-18  -0.00778501 -1.12418e-17   -0.0021831 -5.96736e-18 -0.000294177 -9.05384e-19
  0.00552021 -2.11052e-18   -0.0139512  1.27815e-17   -0.0148275   8.7442e-19   0.00801968 -3.38588e-17    0.0215468 -2.15101e-17   0.00910452  6.70459e-18  -0.00948654  7.19318e-18   -0.0147251 -7.90396e-18  -0.00904838 -8.98684e-18  -0.00287152  -2.7551e-18 -0.000338877
-6.19378e-18   0.00266461  4.23282e-19   -0.0132401  1.55614e-17   -0.0133093 -7.45504e-18   0.00835359 -2.15101e-17     0.021398 -3.08085e-19    0.0100768   1.2119e-17  -0.00759652  3.21133e-19   -0.0126776 -9.07771e-18  -0.00716538 -5.19401e-18  -0.00173268  -7.9498e-19
  0.00640649 -7.25725e-18   0.00172077  9.02695e-18   -0.0132277  1.46559e-17   -0.0120464 -4.23059e-18   0.00910452 -3.08085e-19    0.0216441  1.16497e-17    0.0118552    6.672e-18  -0.00307423 -6.19294e-18  -0.00692901 -7.40489e-18  -0.00321458 -2.26939e-18 -0.000447416
-3.01735e-18   0.00582469 -3.87553e-19  0.000463239  1.54812e-17   -0.0135354  1.30899e-17   -0.0107539  6.70459e-18    0.0100768  1.16497e-17    0.0227888  8.01879e-18    0.0162935 -3.76042e-18   0.00483824 -9.21558e-18 -2.13235e-05 -4.72297e-18 -0.000263897 -6.92694e-19
  0.00126876 -3.09295e-18   0.00596114  5.52278e-18  -0.00107831  1.40302e-17   -0.0138961  1.13667e-17  -0.00948654   1.2119e-17    0.0118552  8.01879e-18    0.0265923 -3.49352e-18    0.0235829 -1.09747e-17    0.0122368 -8.18387e-18   0.00368258 -2.26263e-18  0.000440923
-5.64925e-19   0.00205384 -8.52696e-19   0.00546954    4.501e-18  -0.00286234  6.36568e-18   -0.0144676  7.19318e-18  -0.00759652    6.672e-18    0.0162935 -3.49352e-18    0.0330191 -1.23258e-17    0.0289032  -1.1756e-17    0.0139318 -5.02103e-18   0.00323588  -6.9367e-19
-0.000676417 -1.23404e-18    0.0027627 -1.28687e-18   0.00459012 -2.19632e-18   -0.0051664 -2.39062e-18   -0.0147251  3.21133e-19  -0.00307423 -3.76042e-18    0.0235829 -1.23258e-17    0.0369307 -1.39725e-17    0.0267206 -8.21256e-18   0.00982528 -2.11622e-18   0.00128995
-5.52217e-20 -0.000314038 -1.48129e-18   0.00329114 -5.09892e-18   0.00292677 -8.95039e-18  -0.00778501 -7.90396e-18   -0.0126776 -6.19294e-18   0.00483824 -1.09747e-17    0.0289032 -1.39725e-17    0.0327192 -1.03303e-17    0.0178636 -4.03577e-18   0.00440419  -5.4241e-19
-0.000462325 -4.99932e-19  0.000261618 -3.14402e-18   0.00329769  -8.5987e-18  0.000316546 -1.12418e-17  -0.00904838 -9.07771e-18  -0.00692901 -9.21558e-18    0.0122368  -1.1756e-17    0.0267206 -1.03303e-17    0.0216117 -5.45594e-18   0.00836417 -1.35583e-18   0.00112208
-7.62754e-20 -0.000427745 -1.08629e-18  0.000864212   -4.693e-18   0.00233406  -8.7495e-18   -0.0021831 -8.98684e-18  -0.00716538 -7.40489e-18 -2.13235e-05 -8.18387e-18    0.0139318 -8.21256e-18    0.0178636 -5.45594e-18    0.0102437 -2.03336e-18   0.00258154 -2.69224e-19
-0.000106003 -2.53112e-19 -0.000165828 -1.60325e-18   0.00102103 -4.39262e-18  0.000750612 -5.96736e-18  -0.00287152 -5.19401e-18  -0.00321458 -4.72297e-18   0.00368258 -5.02103e-18   0.00982528 -4.03577e-18   0.00836417 -2.03336e-18   0.00330904 -4.95757e-19  0.000448075
-3.89869e-20 -0.000106703 -3.42968e-19  8.90523e-05 -1.40145e-18  0.000605207 -2.61698e-18 -0.000294177  -2.7551e-18  -0.00173268 -2.26939e-18 -0.000263897 -2.26263e-18   0.00323588 -2.11622e-18   0.00440419 -1.35583e-18   0.00258154 -4.95757e-19  0.000656945 -6.52051e-20
-7.72118e-06 -4.14351e-20 -3.48277e-05  -2.4576e-19  0.000112295 -6.62508e-19  0.000130762 -9.05384e-19 -0.000338877  -7.9498e-19 -0.000447416 -6.92694e-19  0.000440923  -6.9367e-19   0.00128995  -5.4241e-19   0.00112208 -2.69224e-19  0.000448075 -6.52051e-20  6.09244e-05
