 7.06434e-06 -5.82396e-22 -7.22358e-05  1.73177e-20  0.000258403 -1.32744e-19  -0.00047679  4.71309e-19  0.000476385 -9.32435e-19 -0.000205551  1.13862e-18 -4.70224e-05 -9.10816e-19  8.21799e-05  4.87543e-19 -1.92769e-05 -1.67475e-19 -5.19054e-06  2.96512e-20   1.4856e-06
-5.82396e-22  0.000105937 -9.83417e-21 -0.000585096   1.8375e-19   0.00148925 -9.90481e-19  -0.00206239  2.61316e-18   0.00148005 -3.97999e-18  -0.00026152  3.82302e-18 -0.000362401 -2.43537e-18  0.000227523  1.03733e-18   -1.319e-05 -2.67014e-19 -1.60957e-05   2.4867e-20
-7.22358e-05 -9.83417e-21  0.000746582  -8.7732e-20  -0.00271452  1.10477e-18   0.00513615 -4.31165e-18  -0.00535124  8.57552e-18   0.00254133 -1.00858e-17  0.000390266  7.59115e-18  -0.00101867 -3.83655e-18  0.000338222  1.28252e-18  3.05096e-05 -2.19914e-19 -1.95246e-05
 1.73177e-20 -0.000585096  -8.7732e-20   0.00328475 -4.92617e-19  -0.00857218  4.37233e-18    0.0123515 -1.26029e-17  -0.00953482   1.8991e-17   0.00230441 -1.71329e-17   0.00212056  1.00284e-17  -0.00175727  -4.0302e-18  0.000308088  1.01286e-18  7.38916e-05  -7.5854e-20
 0.000258403   1.8375e-19  -0.00271452 -4.92617e-19    0.0101189 -1.88133e-18   -0.0198979  1.20804e-17    0.0221008 -2.58992e-17   -0.0120945   2.9257e-17 -0.000351544 -1.98359e-17   0.00449747  9.01385e-18  -0.00218769  -2.9258e-18  0.000177189  4.50257e-19   6.4879e-05
-1.32744e-19   0.00148925  1.10477e-18  -0.00857218 -1.88133e-18    0.0232411 -5.07643e-18   -0.0355583  2.38151e-17    0.0305521 -3.74206e-17   -0.0105771  3.04013e-17  -0.00501713 -1.48605e-17   0.00655674  5.49867e-18  -0.00219133 -1.41824e-18  8.52358e-05 -1.11574e-21
 -0.00047679 -9.90481e-19   0.00513615  4.37233e-18   -0.0198979 -5.07643e-18    0.0414986 -9.81963e-18   -0.0506743  3.30628e-17    0.0335571 -3.56502e-17  -0.00492288  1.81849e-17  -0.00994757 -6.03986e-18   0.00765249  2.44167e-18  -0.00195847 -2.43654e-19  7.51675e-05
 4.71309e-19  -0.00206239 -4.31165e-18    0.0123515  1.20804e-17   -0.0355583 -9.81963e-18     0.059613 -1.33745e-17   -0.0596314  2.96019e-17    0.0301417 -1.62976e-17    0.0024248  1.11855e-18   -0.0135152 -9.38282e-19   0.00777301  1.03992e-18  -0.00162157  3.18881e-19
 0.000476385  2.61316e-18  -0.00535124 -1.26029e-17    0.0221008  2.38151e-17   -0.0506743 -1.33745e-17    0.0713865 -1.15867e-17    -0.060507   1.0235e-17    0.0231033  8.00678e-18   0.00860504 -6.21445e-18   -0.0150616 -1.77278e-18   0.00703295  2.69977e-19  -0.00104474
-9.32435e-19   0.00148005  8.57552e-18  -0.00953482 -2.58992e-17    0.0305521  3.30628e-17   -0.0596314 -1.15867e-17      0.07449  -3.2898e-18   -0.0561306 -1.29113e-17    0.0164023   1.6806e-17     0.011937  4.46574e-19   -0.0143879 -3.80701e-18   0.00526323 -2.86672e-19
-0.000205551 -3.97999e-18   0.00254133   1.8991e-17   -0.0120945 -3.74206e-17    0.0335571  2.96019e-17    -0.060507  -3.2898e-18    0.0717141  6.43525e-18   -0.0511504 -2.06358e-17    0.0127806  3.53484e-18    0.0116072  1.07964e-17   -0.0111699 -3.16743e-18   0.00260467
 1.13862e-18  -0.00026152 -1.00858e-17   0.00230441   2.9257e-17   -0.0105771 -3.56502e-17    0.0301417   1.0235e-17   -0.0561306  6.43525e-18    0.0679292  9.57994e-18   -0.0490554 -6.27348e-18    0.0137302  -1.7281e-17   0.00703043  1.37874e-17  -0.00586471 -1.18653e-18
-4.70224e-05  3.82302e-18  0.000390266 -1.71329e-17 -0.000351544  3.04013e-17  -0.00492288 -1.62976e-17    0.0231033 -1.29113e-17   -0.0511504  9.57994e-18    0.0668851  3.26636e-18   -0.0518157  1.68465e-17    0.0200456 -2.73155e-17 -0.000831552  9.24268e-18  -0.00106828
-9.10816e-19 -0.000362401  7.59115e-18   0.00212056 -1.98359e-17  -0.00501713  1.81849e-17    0.0024248  8.00678e-18    0.0164023 -2.06358e-17   -0.0490554  3.26636e-18    0.0707148 -7.06904e-18   -0.0602889    3.028e-17    0.0300337 -2.28024e-17  -0.00746234  3.60595e-18
 8.21799e-05 -2.43537e-18  -0.00101867  1.00284e-17   0.00449747 -1.48605e-17  -0.00994757  1.11855e-18   0.00860504   1.6806e-17    0.0127806 -6.27348e-18   -0.0518157 -7.06904e-18    0.0802722 -1.35024e-17   -0.0720358  2.81082e-17    0.0368713 -1.22742e-17   -0.0074479
 4.87543e-19  0.000227523 -3.83655e-18  -0.00175727  9.01385e-18   0.00655674 -6.03986e-18   -0.0135152 -6.21445e-18     0.011937  3.53484e-18    0.0137302  1.68465e-17   -0.0602889 -1.35024e-17    0.0927908 -1.31836e-17   -0.0781998  1.76505e-17    0.0322493 -4.23042e-18
-1.92769e-05  1.03733e-18  0.000338222  -4.0302e-18  -0.00218769  5.49867e-18   0.00765249 -9.38282e-19   -0.0150616  4.46574e-19    0.0116072  -1.7281e-17    0.0200456    3.028e-17   -0.0720358 -1.31836e-17    0.0985836 -8.69453e-18   -0.0679322  7.57333e-18    0.0168215
-1.67475e-19   -1.319e-05  1.28252e-18  0.000308088  -2.9258e-18  -0.00219133  2.44167e-18   0.00777301 -1.77278e-18   -0.0143879  1.07964e-17   0.00703043 -2.73155e-17    0.0300337  2.81082e-17   -0.0781998 -8.69453e-18    0.0857692 -4.28227e-18   -0.0416295  2.22178e-18
-5.19054e-06 -2.67014e-19  3.05096e-05  1.01286e-18  0.000177189 -1.41822e-18  -0.00195847  1.03989e-18   0.00703295 -3.80735e-18   -0.0111699  1.37873e-17 -0.000831552 -2.28023e-17    0.0368713  1.76496e-17   -0.0679322 -4.28231e-18    0.0545824 -1.22882e-18   -0.0147828
 2.96512e-20 -1.60957e-05 -2.19913e-19  7.38916e-05  4.50258e-19  8.52358e-05 -2.43665e-19  -0.00162157  2.69913e-19   0.00526323 -3.16758e-18  -0.00586471  9.24263e-18  -0.00746234 -1.22745e-17    0.0322493   7.5738e-18   -0.0416295 -1.22882e-18    0.0220573 -4.02393e-19
  1.4856e-06   2.4867e-20 -1.95246e-05 -7.58538e-20   6.4879e-05 -1.11516e-21  7.51675e-05  3.18883e-19  -0.00104474 -2.86662e-19   0.00260467 -1.18653e-18  -0.00106828  3.60599e-18   -0.0074479 -4.23046e-18    0.0168215  2.22179e-18   -0.0147828 -4.02382e-19   0.00420897
