  0.00038733  -3.1545e-18  -0.00216444  1.96599e-17   0.00382244 -3.50983e-17  -0.00240577  2.49802e-17 -0.000780809 -2.10373e-18   0.00140164 -6.90623e-18  0.000293222  1.78327e-18 -0.000692453  2.52759e-18 -0.000221171 -6.81469e-19  0.000292439  -1.3347e-18  0.000167368  1.96524e-19 -8.71565e-05  6.12737e-19 -9.81424e-05  2.92059e-20  4.18179e-06 -2.09726e-19  4.04622e-05 -7.18638e-20  1.35798e-05  7.26036e-20 -9.17075e-06  2.85387e-20 -8.39516e-06 -1.22406e-20 -6.96134e-07   -1.083e-20  2.16756e-06 -1.26833e-21  1.17627e-06  3.52421e-21  1.28786e-08  9.89268e-22  -2.5188e-07 -4.55578e-22 -1.20413e-07 -3.01804e-22 -1.48205e-08 -1.75514e-23  9.10225e-09  1.63602e-23  5.15583e-09  6.81241e-24  1.21038e-09  1.53988e-24  1.32378e-10  4.74187e-25  2.28349e-12  1.10368e-25 -4.38899e-13
 -3.1545e-18   0.00322992 -1.00852e-17  -0.00951535  4.52233e-17    0.0108902 -5.27727e-17  -0.00272509    1.507e-17  -0.00455519  1.41013e-17   0.00216717 -1.05078e-17   0.00222869  -3.4209e-18 -0.000968531  5.99634e-18  -0.00120685  8.36251e-19  0.000246955 -3.20614e-18  0.000611627 -4.32071e-19   4.9088e-05  1.22912e-18 -0.000248603  2.93947e-19 -0.000100279 -3.49281e-19  6.34586e-05 -1.84502e-19  6.12946e-05  1.15059e-19   1.3175e-06  6.02816e-20 -2.00985e-05 -1.58128e-20 -9.00858e-06  -2.0085e-20  1.87985e-06 -3.72087e-21    3.265e-06  5.62676e-21  1.06346e-06  2.24537e-21 -1.97338e-07 -5.42423e-22 -2.87575e-07 -4.63765e-22 -1.01419e-07 -1.17754e-22 -9.60509e-09 -1.91685e-23  4.99968e-09   2.0694e-24  2.16292e-09  4.79483e-24  3.72194e-10  1.37933e-24  2.72611e-11   1.4496e-25
 -0.00216444 -1.00852e-17    0.0124942 -2.19143e-17   -0.0233032  6.89092e-17    0.0167091 -4.79306e-17   0.00282961   -5.683e-18   -0.0094289  2.25176e-17  -0.00023032  -8.8455e-18   0.00481029 -6.81809e-18  0.000409113  7.43483e-18  -0.00229887   2.7353e-18 -0.000599158 -4.02017e-18   0.00092942 -1.27034e-18  0.000504951  1.39629e-18 -0.000254654  5.37323e-19  -0.00028946 -3.96308e-19  1.61164e-06 -2.56929e-19  0.000109783  1.41458e-19  4.21076e-05   8.1438e-20 -1.97132e-05 -1.61397e-20 -2.16618e-05 -2.67435e-20  -3.9008e-06 -6.18006e-21  3.94707e-06  6.40667e-21  2.77297e-06  3.66322e-21  4.91705e-07  1.17528e-23 -2.56819e-07  -4.6287e-22 -1.86653e-07 -2.99302e-22  -5.1272e-08  -1.0814e-22 -5.18879e-09  -9.7589e-24  7.10051e-10  6.63635e-24  2.41426e-10  1.45469e-24  1.61204e-11
 1.96599e-17  -0.00951535 -2.19143e-17    0.0295441 -3.50918e-17   -0.0372179  6.94332e-17    0.0139486 -2.48226e-17    0.0130715 -1.20588e-17   -0.0104482  1.61291e-17  -0.00566327  -7.3438e-18   0.00542397 -6.99158e-18   0.00318937  7.74673e-18  -0.00227809  4.22162e-18  -0.00191675 -3.83826e-18  0.000651091 -1.70933e-18   0.00102518  1.31625e-18  6.83357e-06  6.10663e-19 -0.000425754  -4.5873e-19 -0.000147418 -2.76796e-19  0.000108091   1.6242e-19  9.51662e-05  9.22557e-20  2.59941e-06 -1.23956e-20 -2.88468e-05 -3.15668e-20 -1.37323e-05 -1.11308e-20  1.19035e-06  5.86124e-21  3.76686e-06  5.62768e-21  1.56399e-06  1.35529e-21  1.09028e-07 -3.71217e-22 -1.55912e-07 -5.19512e-22 -7.40258e-08 -2.07815e-22 -1.58855e-08 -2.13118e-23 -1.63114e-09  4.89979e-24 -4.63577e-11  6.73156e-25
  0.00382244  4.52233e-17   -0.0233032 -3.50918e-17    0.0474895 -3.32546e-17   -0.0410634   3.5039e-17   0.00199246 -1.12208e-19    0.0209697 -2.40274e-18  -0.00564157  8.28438e-18   -0.0105188 -1.00532e-17   0.00306708 -7.45445e-18   0.00556113  7.55319e-18 -0.000890529  4.81535e-18  -0.00285831 -3.28356e-18 -0.000171008 -1.57415e-18   0.00126863   1.2459e-18  0.000430766  5.76288e-19 -0.000404683  -5.4142e-19 -0.000313067  -2.8221e-19  4.07572e-05  1.60384e-19  0.000130243  1.04135e-19  4.06463e-05  2.92651e-22 -2.32986e-05 -3.84565e-20 -2.24871e-05  -2.1364e-20 -4.63486e-06  4.62494e-21  2.88349e-06  8.34651e-21  2.30108e-06  3.00505e-21   6.4019e-07 -2.89012e-22  1.20292e-08 -6.86242e-22 -4.68178e-08 -2.63485e-22 -1.49011e-08 -2.72969e-23 -2.02141e-09  1.47437e-24 -9.20292e-11
-3.50983e-17    0.0108902  6.89092e-17   -0.0372179 -3.32546e-17    0.0549736 -1.52527e-17    -0.032164 -6.62399e-18   -0.0110479  4.10299e-18    0.0216987  1.29483e-17   0.00146984   6.9693e-18   -0.0120158 -1.34509e-17 -0.000589869 -8.83036e-18   0.00632126  6.34141e-18   0.00101026  4.26923e-18  -0.00301464 -2.70388e-18   -0.0011165 -1.15319e-18   0.00114545  1.23132e-18  0.000831621  5.75409e-19 -0.000234293 -5.83529e-19  -0.00042671 -3.07919e-19 -6.93636e-05  1.37449e-19  0.000129677  1.35489e-19  7.98837e-05  2.02652e-20 -4.89003e-06 -5.26513e-20 -2.53645e-05 -3.52508e-20  -1.1165e-05  3.80645e-21  7.19029e-08  1.11645e-20  2.09264e-06  4.19076e-21  9.82061e-07 -2.13709e-22  2.06305e-07 -7.15882e-22  9.87366e-09 -2.51087e-22 -4.43785e-09 -2.48225e-23 -7.76341e-10  -3.1601e-25
 -0.00240577 -5.27727e-17    0.0167091  6.94332e-17   -0.0410634 -1.52527e-17    0.0484179  6.79504e-18   -0.0187813 -3.07873e-17    -0.017741 -5.54391e-18     0.017451  2.22712e-17   0.00667189  1.05695e-17   -0.0107935 -1.26695e-17  -0.00361382 -9.07084e-18   0.00577915  4.44628e-18   0.00262224  3.06649e-18  -0.00257707  -2.2586e-18  -0.00187945 -8.52022e-19  0.000770622  1.29355e-18   0.00110431  6.70789e-19  2.08999e-05 -6.08259e-19 -0.000460104 -3.69361e-19 -0.000189338  1.31758e-19  9.24208e-05  1.96727e-19  0.000107205  3.88067e-20  2.12296e-05 -7.39528e-20 -2.02167e-05 -4.73548e-20 -1.55523e-05  3.90915e-21 -3.62089e-06  1.28758e-20  8.68786e-07  4.53234e-21  8.75079e-07 -7.77234e-23  2.81982e-07  -5.9653e-22  4.64004e-08 -1.84623e-22    3.415e-09 -1.53067e-23  4.20319e-11
 2.49802e-17  -0.00272509 -4.79306e-17    0.0139486   3.5039e-17    -0.032164  6.79504e-18    0.0359791  2.26422e-17  -0.00993938 -3.57166e-17   -0.0184399 -1.36701e-17    0.0129184  2.29118e-17   0.00920435  1.39315e-17   -0.0087999 -7.96734e-18  -0.00555174 -7.48094e-18   0.00470994   2.8941e-18   0.00375191  1.90083e-18  -0.00185462 -2.18861e-18  -0.00238684 -8.24457e-19  0.000274311   1.5215e-18   0.00122682  7.88299e-19  0.000301391 -7.12352e-19  -0.00041383 -4.56985e-19 -0.000292635  1.73405e-19  2.71413e-05  2.74843e-19  0.000114601  4.84623e-20  4.77897e-05 -9.38547e-20 -7.85049e-06 -5.29602e-20 -1.57317e-05  4.36105e-21 -6.60871e-06  1.25985e-20 -8.31688e-07  4.14064e-21  3.63807e-07  1.06489e-22  1.95411e-07 -3.95833e-22  4.02115e-08  -1.0183e-22  3.59612e-09 -5.40938e-24
-0.000780809    1.507e-17   0.00282961 -2.48226e-17   0.00199246 -6.62399e-18   -0.0187813  2.26422e-17    0.0272046  2.85685e-17  -0.00677091 -3.14513e-17   -0.0174411 -1.69333e-17   0.00987861  1.67657e-17    0.0104234  1.41324e-17  -0.00693959 -3.22251e-18  -0.00678035 -5.01117e-18   0.00350059  2.49608e-18   0.00448851  9.47693e-19  -0.00101743 -2.71558e-18  -0.00265721 -8.72359e-19 -0.000260583  1.95506e-18   0.00120893  7.92811e-19  0.000565038  -9.3655e-19 -0.000300875 -5.39748e-19 -0.000361333  2.46706e-19  -5.3219e-05  3.40386e-19  9.93926e-05  4.89522e-20  6.76438e-05 -1.02139e-19  8.56205e-06 -5.12382e-20 -1.11708e-05    4.049e-21 -7.50876e-06  1.02154e-20  -2.1477e-06  3.24251e-21 -2.20409e-07   2.1888e-22  4.07242e-08 -2.09801e-22  1.40439e-08 -3.93923e-23  1.01793e-09
-2.10373e-18  -0.00455519   -5.683e-18    0.0130715 -1.12208e-19   -0.0110479 -3.07873e-17  -0.00993938  2.85685e-17    0.0237482  2.61359e-17  -0.00557387 -2.48632e-17   -0.0169045 -1.84608e-17   0.00766718  8.17041e-18    0.0111827  1.10528e-17  -0.00521799 -1.25499e-18  -0.00756335 -2.20014e-18   0.00225388  3.37655e-18   0.00490739 -3.55633e-20 -0.000150465 -3.68851e-18  -0.00271852 -6.68039e-19 -0.000779607  2.48842e-18   0.00107031  6.28101e-19  0.000782412 -1.20496e-18 -0.000139805 -5.89748e-19 -0.000385205  3.03644e-19 -0.000134377  3.68639e-19  6.36945e-05    4.517e-20   7.5311e-05 -9.53571e-20  2.44608e-05  -4.4728e-20  -3.1099e-06  1.99735e-21 -5.82359e-06   6.2363e-21 -2.41084e-06  2.00481e-21 -5.16509e-07  1.69418e-22 -5.50012e-08 -9.47002e-23 -1.69172e-09 -9.39407e-24
  0.00140164  1.41013e-17   -0.0094289 -1.20588e-17    0.0209697  4.10299e-18    -0.017741 -3.57166e-17  -0.00677091  2.61359e-17    0.0221993  2.18069e-17  -0.00424871 -1.80225e-17   -0.0165339 -1.76929e-17   0.00571583  1.96977e-18    0.0115845  5.74407e-18  -0.00359981  -2.0286e-18  -0.00798722  1.04026e-18   0.00103535  4.89021e-18   0.00505963 -1.19574e-18  0.000687458 -4.60173e-18  -0.00260271  -8.1898e-20  -0.00124479  2.93407e-18   0.00083562  3.74856e-19  0.000934242 -1.38964e-18  4.84186e-05 -6.02488e-19 -0.000360873  3.06518e-19 -0.000202686  3.52881e-19   1.3594e-05  4.19516e-20  6.80747e-05 -7.81241e-20  3.51279e-05 -3.70045e-20  5.74502e-06 -2.11274e-21 -2.30003e-06  1.61916e-21 -1.60738e-06  6.79757e-22 -4.29628e-07  1.44233e-23 -5.69102e-08 -4.23761e-23 -2.66785e-09
-6.90623e-18   0.00216717  2.25176e-17   -0.0104482 -2.40274e-18    0.0216987 -5.54391e-18   -0.0184399 -3.14513e-17  -0.00557387  2.18069e-17    0.0205119   1.9185e-17  -0.00300379 -1.11456e-17   -0.0159777 -1.24768e-17   0.00404873 -1.85051e-19    0.0116817 -7.06478e-19  -0.00213613  -3.7631e-18  -0.00813429  4.46417e-18 -0.000105646  6.09043e-18   0.00499876 -2.38491e-18   0.00145922 -5.03372e-18  -0.00234352  7.00483e-19  -0.00163163  3.15469e-18  0.000530901  1.74611e-19   0.00100956 -1.40631e-18  0.000242538 -5.89746e-19 -0.000290901  2.54561e-19 -0.000246617  3.04987e-19 -4.19009e-05  4.18801e-20  4.66706e-05 -5.79904e-20  3.70613e-05 -3.08184e-20  1.21194e-05  -7.5044e-21  1.32703e-06 -2.37079e-21  -4.0403e-07   -3.433e-22  -1.6979e-07 -1.03779e-22 -2.15815e-08 -1.76814e-23
 0.000293222 -1.05078e-17  -0.00023032  1.61291e-17  -0.00564157  1.29483e-17     0.017451 -1.36701e-17   -0.0174411 -2.48632e-17  -0.00424871   1.9185e-17    0.0189235  1.62979e-17  -0.00215753 -4.76737e-18   -0.0153784 -3.39304e-18   0.00268035 -1.29729e-19    0.0116014 -7.04186e-18 -0.000832825 -4.86107e-18  -0.00808344  7.23399e-18  -0.00115138  6.41167e-18   0.00477032 -3.34817e-18   0.00214458 -4.94575e-18  -0.00197137  1.34995e-18  -0.00192487  3.12224e-18  0.000181585  1.16008e-19    0.0010039 -1.25555e-18  0.000422168 -5.60068e-19 -0.000183009  1.78423e-19 -0.000257959  2.48983e-19 -9.21619e-05  4.55718e-20  1.54916e-05 -4.05647e-20   2.9305e-05 -2.72027e-20  1.35793e-05 -1.23441e-20  3.30845e-06 -4.60739e-21  3.97739e-07 -7.75512e-22   8.1377e-09 -1.11573e-22 -1.60528e-09
 1.78327e-18   0.00222869  -8.8455e-18  -0.00566327  8.28438e-18   0.00146984  2.22712e-17    0.0129184 -1.69333e-17   -0.0169045 -1.80225e-17  -0.00300379  1.62979e-17    0.0177527   9.7995e-18  -0.00153302  7.18154e-19   -0.0148446  6.32237e-18   0.00152094  -7.1715e-20    0.0114153 -1.18685e-17  0.000333972 -4.92111e-18  -0.00788447  8.58451e-18  -0.00209777  5.91032e-18   0.00440838 -3.94584e-18   0.00273175 -4.56989e-18  -0.00151289  1.63854e-18  -0.00211519  2.88651e-18 -0.000187844  1.89267e-19  0.000918153 -1.00634e-18  0.000568577 -5.11617e-19 -4.94117e-05  1.17345e-19 -0.000232942  2.08697e-19 -0.000126592  5.11499e-20 -1.78864e-05 -2.82363e-20  1.43568e-05 -2.53683e-20  9.97358e-06 -1.46498e-20  3.06776e-06 -4.75016e-21  5.15139e-07  -6.7075e-22  4.08404e-08  -5.4014e-23
-0.000692453  -3.4209e-18   0.00481029  -7.3438e-18   -0.0105188   6.9693e-18   0.00667189  2.29118e-17   0.00987861 -1.84608e-17   -0.0165339 -1.11456e-17  -0.00215753   9.7995e-18    0.0168385  2.52076e-19 -0.000996837  5.09286e-18   -0.0143519  1.35323e-17  0.000513677 -6.24346e-19    0.0111525 -1.42978e-17   0.00138141 -4.36416e-18  -0.00757077  8.47786e-18  -0.00294439  5.01225e-18   0.00393961 -4.18648e-18   0.00321352 -4.14057e-18 -0.000991803  1.54863e-18  -0.00219741   2.5211e-18 -0.000553796   3.1265e-19  0.000758072 -7.53854e-19  0.000665453 -4.40663e-19  9.38568e-05  9.70234e-20 -0.000173287  1.92944e-19 -0.000136715  5.39264e-20 -4.41645e-05 -2.08807e-20 -2.06981e-06 -2.34773e-20  3.83795e-06  -1.3591e-20  1.54229e-06 -3.45489e-21  2.62155e-07 -3.50991e-22  1.52519e-08
 2.52759e-18 -0.000968531 -6.81809e-18   0.00542397 -1.00532e-17   -0.0120158  1.05695e-17   0.00920435  1.67657e-17   0.00766718 -1.76929e-17   -0.0159777 -4.76737e-18  -0.00153302  2.52076e-19    0.0160461 -8.70949e-18 -0.000545817  8.05164e-18   -0.0138906  1.70759e-17 -0.000367124 -1.24589e-18    0.0108374 -1.43118e-17   0.00232408 -3.63641e-18  -0.00716735  7.55249e-18  -0.00369352  4.14217e-18   0.00338499 -4.14375e-18   0.00358535 -3.74798e-18 -0.000429617  1.22585e-18  -0.00216952  2.08895e-18 -0.000893402   3.8087e-19  0.000534132 -5.74815e-19  0.000699874 -3.52118e-19  0.000227886   1.1753e-19 -8.70426e-05  1.90226e-19 -0.000118666  4.92566e-20 -5.51228e-05 -1.66938e-20 -1.32753e-05 -2.00427e-20 -1.16177e-06 -1.00589e-20  1.93746e-07 -1.83548e-21  4.85141e-08 -1.04683e-22
-0.000221171  5.99634e-18  0.000409113 -6.99158e-18   0.00306708 -1.34509e-17   -0.0107935  1.39315e-17    0.0104234  8.17041e-18   0.00571583 -1.24768e-17   -0.0153784  7.18154e-19 -0.000996837 -8.70949e-18    0.0153749 -1.42719e-17 -0.000169343  9.39047e-18   -0.0134688  1.75698e-17    -0.001148 -1.38434e-18    0.0104873 -1.25807e-17   0.00317697 -2.89441e-18  -0.00669137  6.56862e-18  -0.00434825  3.50269e-18   0.00276095 -3.89142e-18   0.00384379 -3.34307e-18  0.000153435  8.60899e-19   -0.0020322   1.6275e-18  -0.00118438  3.13819e-19  0.000261713 -4.95995e-19  0.000663622 -2.60212e-19  0.000332387  1.56107e-19  1.11525e-05  1.80037e-19  -7.5817e-05   3.7032e-20 -4.76106e-05 -1.32983e-20 -1.54325e-05 -1.49787e-20  -2.9068e-06 -5.93163e-21 -2.88529e-07 -6.83229e-22 -9.63984e-09
-6.81469e-19  -0.00120685  7.43483e-18   0.00318937 -7.45445e-18 -0.000589869 -1.26695e-17   -0.0087999  1.41324e-17    0.0111827  1.96977e-18   0.00404873 -3.39304e-18   -0.0148446  5.09286e-18 -0.000545817 -1.42719e-17    0.0148131 -1.61217e-17  0.000157797  9.28856e-18   -0.0130846  1.61943e-17  -0.00185177 -1.04677e-18    0.0101114  -1.0091e-17    0.0039528 -2.13657e-18  -0.00615423   5.9297e-18  -0.00491107  3.05165e-18   0.00208085 -3.47548e-18   0.00398569 -2.81481e-18  0.000737456  5.87057e-19  -0.00178892  1.15533e-18  -0.00140514  1.03229e-19  -3.8589e-05 -4.90151e-19  0.000554959 -1.79144e-19  0.000388112  1.83952e-19  0.000100976  1.51095e-19 -2.04489e-05  2.26924e-20 -2.66915e-05 -9.21747e-21  -1.0262e-05 -9.46912e-21 -2.07413e-06 -2.74067e-21 -1.99082e-07 -1.52463e-22
 0.000292439  8.36251e-19  -0.00229887  7.74673e-18   0.00556113 -8.83036e-18  -0.00361382 -7.96734e-18  -0.00693959  1.10528e-17    0.0115845 -1.85051e-19   0.00268035  6.32237e-18   -0.0143519  8.05164e-18 -0.000169343 -1.61217e-17    0.0143351 -1.54969e-17  0.000448206  8.22983e-18   -0.0127339  1.38203e-17  -0.00249495 -6.71748e-19   0.00971537 -7.75385e-18   0.00466196 -1.37524e-18  -0.00556336   5.5652e-18  -0.00538328  2.62043e-18   0.00135612 -2.90022e-18   0.00400774 -2.08787e-18     0.001302  4.47054e-19  -0.00144644  7.01322e-19  -0.00153527 -1.69513e-19 -0.000340701 -4.99439e-19  0.000380835 -1.12308e-19  0.000380497  1.86099e-19  0.000159659  1.09758e-19  2.82854e-05  1.29804e-20 -4.09404e-06  -4.6209e-21 -3.36825e-06 -4.92122e-21 -7.03651e-07 -9.50342e-22 -4.64994e-08
 -1.3347e-18  0.000246955   2.7353e-18  -0.00227809  7.55319e-18   0.00632126 -9.07084e-18  -0.00555174 -3.22251e-18  -0.00521799  5.74407e-18    0.0116817 -1.29729e-19   0.00152094  1.35323e-17   -0.0138906  9.39047e-18  0.000157797 -1.54969e-17    0.0139275 -1.37519e-17  0.000709654  6.72676e-18   -0.0124142   1.0895e-17  -0.00309115 -6.73338e-19   0.00930192 -6.05779e-18   0.00531293 -6.94085e-19  -0.00492324  5.12291e-18  -0.00576459  2.07799e-18  0.000597252 -2.14857e-18   0.00390639  -1.1985e-18   0.00182525  4.22098e-19  -0.00101584   3.2651e-19   -0.0015566 -3.75743e-19 -0.000613255 -4.68396e-19  0.000159192 -4.89057e-20  0.000304925  1.69182e-19  0.000169464   7.2491e-20  5.27301e-05  1.05702e-20   9.2376e-06 -7.07661e-22  6.69616e-07 -2.03118e-21 -2.08667e-08 -2.17252e-22
 0.000167368 -3.20614e-18 -0.000599158  4.22162e-18 -0.000890529  6.34141e-18   0.00577915 -7.48094e-18  -0.00678035 -1.25499e-18  -0.00359981 -7.06478e-19    0.0116014  -7.1715e-20  0.000513677  1.70759e-17   -0.0134688  9.28856e-18  0.000448206 -1.37519e-17    0.0135819 -1.16152e-17  0.000949858  5.16264e-18   -0.0121227  7.73664e-18  -0.00365173 -1.07876e-18   0.00887164 -4.97514e-18   0.00591228 -2.33207e-19  -0.00423612  4.28903e-18  -0.00605281  1.43429e-18 -0.000185167 -1.25039e-18   0.00367807  -3.0265e-19   0.00228332  4.64644e-19 -0.000513815  9.91227e-20  -0.00145518 -4.22512e-19 -0.000820859 -3.66693e-19  -7.9091e-05  2.75947e-20  0.000173822  1.50868e-19  0.000128953  5.10457e-20  4.81061e-05  1.26671e-20  1.06845e-05   1.4953e-21  1.32177e-06 -6.28802e-22   6.1322e-08
 1.96524e-19  0.000611627 -4.02017e-18  -0.00191675  4.81535e-18   0.00101026  4.44628e-18   0.00470994 -5.01117e-18  -0.00756335  -2.0286e-18  -0.00213613 -7.04186e-18    0.0114153 -6.24346e-19 -0.000367124  1.75698e-17   -0.0130846  8.22983e-18  0.000709654 -1.16152e-17      0.01329 -9.17763e-18   0.00117478  3.75731e-18   -0.0118565  4.77421e-18  -0.00418608 -1.52919e-18   0.00842344 -4.20365e-18   0.00646473 -1.23338e-19  -0.00350273  3.02352e-18  -0.00624363  8.21945e-19 -0.000979497 -3.42367e-19   0.00331972  3.87484e-19   0.00264979  4.99815e-19  3.54952e-05  3.49936e-20  -0.00122449 -3.09814e-19  -0.00092709  -1.9724e-19 -0.000289541  1.21492e-19  2.21734e-05  1.40985e-19   5.9874e-05    4.393e-20  2.62637e-05  1.42785e-20  5.83945e-06  1.88458e-21   6.1056e-07 -1.27259e-22
-8.71565e-05 -4.32071e-19   0.00092942 -3.83826e-18  -0.00285831  4.26923e-18   0.00262224   2.8941e-18   0.00350059 -2.20014e-18  -0.00798722  -3.7631e-18 -0.000832825 -1.18685e-17    0.0111525 -1.24589e-18    -0.001148  1.61943e-17   -0.0127339  6.72676e-18  0.000949858 -9.17763e-18    0.0130458 -6.36466e-18   0.00138912  2.58571e-18   -0.0116128  2.52934e-18  -0.00470216 -1.59611e-18   0.00795488 -3.50954e-18   0.00697317 -3.95893e-19  -0.00272274  1.56767e-18  -0.00633044  3.88987e-19  -0.00177197  3.59419e-19   0.00282971  6.92576e-19   0.00289559  4.29515e-19   0.00059836  6.79481e-20 -0.000870001 -1.19125e-19 -0.000899915  3.81805e-21   -0.0004192  2.11058e-19 -9.89169e-05   1.3287e-19 -2.19874e-06  4.06452e-20  5.55756e-06  1.25352e-20  1.42641e-06  1.21756e-21  1.03393e-07
 6.12737e-19   4.9088e-05 -1.27034e-18  0.000651091 -3.28356e-18  -0.00301464  3.06649e-18   0.00375191  2.49608e-18   0.00225388  1.04026e-18  -0.00813429 -4.86107e-18  0.000333972 -1.42978e-17    0.0108374 -1.38434e-18  -0.00185177  1.38203e-17   -0.0124142  5.16264e-18   0.00117478 -6.36466e-18    0.0128447 -3.44765e-18   0.00159697  1.66369e-18   -0.0113889  1.40971e-18  -0.00520684 -1.10523e-18   0.00746235 -2.87919e-18    0.0074386 -9.49604e-19  -0.00189524  2.67256e-19  -0.00630414  2.01189e-19  -0.00254545  6.76773e-19   0.00220933  5.38547e-19   0.00298941  1.82508e-19   0.00112948  8.94018e-20 -0.000414731  4.46084e-20 -0.000723008  1.76151e-19 -0.000426126  2.57596e-19 -0.000147852  1.13298e-19 -3.16083e-05  3.28985e-20 -3.80497e-06  8.20117e-21 -1.89307e-07  4.42139e-22
-9.81424e-05  1.22912e-18  0.000504951 -1.70933e-18 -0.000171008 -2.70388e-18  -0.00257707  1.90083e-18   0.00448851  3.37655e-18   0.00103535  4.46417e-18  -0.00808344 -4.92111e-18   0.00138141 -1.43118e-17    0.0104873 -1.04677e-18  -0.00249495   1.0895e-17   -0.0121227  3.75731e-18   0.00138912 -3.44765e-18    0.0126831 -1.10963e-18   0.00180193  1.04399e-18   -0.0111823   1.5043e-18  -0.00570615 -2.11464e-19   0.00694109 -2.42567e-18   0.00786002 -1.60429e-18  -0.00101931 -6.06281e-19  -0.00615303    2.314e-19  -0.00327806  5.85548e-19   0.00146487 -1.61458e-21    0.0028995 -2.19422e-19   0.00157148  1.98414e-20  9.25313e-05  1.08581e-19 -0.000417363  2.62055e-19 -0.000311432    2.368e-19 -0.000122147   7.8999e-20 -2.90725e-05  2.08951e-20 -3.91357e-06  3.82077e-21  -2.0024e-07
 2.92059e-20 -0.000248603  1.39629e-18   0.00102518 -1.57415e-18   -0.0011165  -2.2586e-18  -0.00185462  9.47693e-19   0.00490739  4.89021e-18 -0.000105646  7.23399e-18  -0.00788447 -4.36416e-18   0.00232408 -1.25807e-17    0.0101114 -6.71748e-19  -0.00309115  7.73664e-18   -0.0118565  2.58571e-18   0.00159697 -1.10963e-18    0.0125582 -3.22159e-20   0.00200726  8.05771e-19   -0.0109902  2.53188e-18  -0.00620544  7.63137e-19    0.0063852  -2.2113e-18   0.00823415 -2.16468e-18 -9.45216e-05 -9.14844e-19  -0.00586275  4.26326e-19  -0.00394171  2.35424e-19  0.000611019 -7.14182e-19   0.00259812 -6.55956e-19   0.00185492 -1.50606e-19   0.00056569   6.0937e-20  -6.2059e-05  2.43128e-19 -0.000135637  1.62787e-19 -6.04998e-05  4.08973e-20 -1.38625e-05  9.84194e-21 -1.49857e-06   1.1098e-21
 4.18179e-06  2.93947e-19 -0.000254654  1.31625e-18   0.00126863 -1.15319e-18  -0.00187945 -2.18861e-18  -0.00101743 -3.55633e-20   0.00505963  6.09043e-18  -0.00115138  8.58451e-18  -0.00757077 -3.63641e-18   0.00317697  -1.0091e-17   0.00971537 -6.73338e-19  -0.00365173  4.77421e-18   -0.0116128  1.66369e-18   0.00180193 -3.22159e-20    0.0124681 -4.33868e-19   0.00221606  9.49528e-19   -0.0108101   3.9653e-18  -0.00670954  1.54058e-18   0.00578756 -2.15728e-18   0.00855509 -2.43465e-18  0.000878204 -6.32085e-19  -0.00541665  7.68016e-19  -0.00450017 -1.38772e-19  -0.00032378  -1.3213e-18   0.00206728 -9.81295e-19   0.00189985  -3.6818e-19   0.00088318  -4.9687e-20  0.000220522  1.55201e-19  1.21446e-05  7.76691e-20 -9.64742e-06  1.29494e-20 -2.73457e-06  3.22362e-21 -2.06138e-07
-2.09726e-19 -0.000100279  5.37323e-19  6.83357e-06   1.2459e-18   0.00114545 -8.52022e-19  -0.00238684 -2.71558e-18 -0.000150465 -1.19574e-18   0.00499876  6.41167e-18  -0.00209777  8.47786e-18  -0.00716735 -2.89441e-18    0.0039528 -7.75385e-18   0.00930192 -1.07876e-18  -0.00418608  2.52934e-18   -0.0113889  1.04399e-18   0.00200726 -4.33868e-19    0.0124116 -1.94565e-18   0.00243142  1.33677e-18    -0.010639  5.23823e-18  -0.00722285  1.99298e-18   0.00513974 -2.09417e-18   0.00881377 -2.24317e-18   0.00189537  1.65266e-19  -0.00479623  1.26045e-18  -0.00490634 -3.41048e-19  -0.00129224 -1.60053e-18   0.00130618 -1.10564e-18   0.00163614 -5.44932e-19  0.000935106 -1.45324e-19  0.000332848  6.12515e-20  7.60875e-05  1.78921e-20  1.04339e-05  1.51079e-22  6.87927e-07  6.32807e-22
 4.04622e-05 -3.49281e-19  -0.00028946  6.10663e-19  0.000430766  1.23132e-18  0.000770622 -8.24457e-19  -0.00265721 -3.68851e-18  0.000687458 -2.38491e-18   0.00477032  5.91032e-18  -0.00294439  7.55249e-18  -0.00669137 -2.13657e-18   0.00466196 -6.05779e-18   0.00887164 -1.52919e-18  -0.00470216  1.40971e-18   -0.0111823  8.05771e-19   0.00221606 -1.94565e-18     0.012388 -3.83731e-18   0.00265648  1.74605e-18   -0.0104739  5.91915e-18  -0.00774933  2.10865e-18   0.00443182 -1.90189e-18     0.008997 -1.55383e-18   0.00294955  1.28413e-18  -0.00398149  1.86552e-18   -0.0051021 -2.81917e-19  -0.00222431 -1.46679e-18  0.000355471 -1.01722e-18   0.00106505 -5.98619e-19   0.00070955 -1.69029e-19  0.000274151  5.35593e-21  6.62137e-05 -7.27801e-21  9.17525e-06 -2.17503e-21  4.86996e-07
-7.18638e-20  6.34586e-05 -3.96308e-19 -0.000425754  5.76288e-19  0.000831621  1.29355e-18  0.000274311 -8.72359e-19  -0.00271852 -4.60173e-18   0.00145922 -3.34817e-18   0.00440838  5.01225e-18  -0.00369352  6.56862e-18  -0.00615423 -1.37524e-18   0.00531293 -4.97514e-18   0.00842344 -1.59611e-18  -0.00520684   1.5043e-18   -0.0109902  9.49528e-19   0.00243142 -3.83731e-18    0.0123971 -5.37017e-18   0.00289461  1.97243e-18   -0.0103112  5.79574e-18  -0.00829252  1.87411e-18   0.00365198 -1.64069e-18   0.00908673 -5.76402e-19   0.00402797  2.44591e-18  -0.00295505  2.48265e-18  -0.00502196  4.37768e-20  -0.00301162 -9.69314e-19 -0.000650434 -7.55723e-19  0.000329896 -4.98546e-19  0.000336408 -1.18961e-19  0.000137154 -9.07268e-21  3.06823e-05 -9.80227e-21  3.30628e-06 -1.00814e-21
 1.35798e-05 -1.84502e-19  1.61164e-06  -4.5873e-19 -0.000404683  5.75409e-19   0.00110431   1.5215e-18 -0.000260583 -6.68039e-19  -0.00260271 -5.03372e-18   0.00214458 -3.94584e-18   0.00393961  4.14217e-18  -0.00434825   5.9297e-18  -0.00556336 -6.94085e-19   0.00591228 -4.20365e-18   0.00795488 -1.10523e-18  -0.00570615  2.53188e-18   -0.0108101  1.33677e-18   0.00265648 -5.37017e-18    0.0124396 -6.07254e-18   0.00314954  1.88944e-18    -0.010147  4.87137e-18  -0.00885562  1.18283e-18   0.00278653 -1.57217e-18   0.00905952  2.89195e-19   0.00510759  3.39155e-18  -0.00171072  3.01643e-18  -0.00458845    6.148e-19  -0.00347715 -2.42351e-19  -0.00145486 -3.89738e-19 -0.000304429 -2.90514e-19  1.30934e-05 -3.86112e-20  2.58769e-05 -3.60834e-21  6.15513e-06 -5.06842e-21  4.41049e-07
 7.26036e-20  6.12946e-05 -2.56929e-19 -0.000147418  -5.4142e-19 -0.000234293  6.70789e-19   0.00122682  1.95506e-18 -0.000779607  -8.1898e-20  -0.00234352 -4.94575e-18   0.00273175 -4.18648e-18   0.00338499  3.50269e-18  -0.00491107   5.5652e-18  -0.00492324 -2.33207e-19   0.00646473 -3.50954e-18   0.00746235 -2.11464e-19  -0.00620544   3.9653e-18    -0.010639  1.74605e-18   0.00289461 -6.07254e-18    0.0125166 -5.83627e-18   0.00342556  1.49016e-18  -0.00997632  3.30927e-18  -0.00944105 -1.20213e-19   0.00182056 -2.01617e-18   0.00888303  7.05015e-19   0.00614647  4.00387e-18 -0.000253842  3.46229e-18  -0.00370056  1.39285e-18  -0.00339236  5.33506e-19  -0.00177369 -1.27801e-20 -0.000607543 -7.04365e-20 -0.000136638  2.33043e-20 -1.87187e-05  2.38285e-21 -1.25525e-06 -1.37251e-21
-9.17075e-06  1.15059e-19  0.000109783 -2.76796e-19 -0.000313067 -5.83529e-19  2.08999e-05  7.88299e-19   0.00120893  2.48842e-18  -0.00124479  7.00483e-19  -0.00197137 -4.56989e-18   0.00321352 -4.14375e-18   0.00276095  3.05165e-18  -0.00538328  5.12291e-18  -0.00423612 -1.23338e-19   0.00697317 -2.87919e-18   0.00694109  7.63137e-19  -0.00670954  5.23823e-18   -0.0104739  1.97243e-18   0.00314954 -5.83627e-18    0.0126301 -4.82138e-18   0.00372748  9.38026e-19  -0.00979332  1.37656e-18   -0.0100492 -2.06492e-18  0.000735923 -3.09767e-18   0.00851012  6.56557e-19   0.00708548  4.36084e-18   0.00140349  3.90785e-18   -0.0022794  2.27036e-18  -0.00262409   1.1636e-18  -0.00150494  2.73664e-19 -0.000550684  7.83371e-20 -0.000130318  4.54025e-20 -1.79983e-05  3.20121e-21 -9.61679e-07
 2.85387e-20   1.3175e-06  1.41458e-19  0.000108091  -2.8221e-19  -0.00042671 -6.08259e-19  0.000301391  7.92811e-19   0.00107031  2.93407e-18  -0.00163163  1.34995e-18  -0.00151289 -4.14057e-18   0.00358535 -3.89142e-18   0.00208085  2.62043e-18  -0.00576459  4.28903e-18  -0.00350273 -3.95893e-19    0.0074386 -2.42567e-18    0.0063852  1.54058e-18  -0.00722285  5.91915e-18   -0.0103112  1.88944e-18   0.00342556 -4.82138e-18    0.0127826 -3.24379e-18   0.00406117  5.63114e-19  -0.00958936 -5.99367e-19   -0.0106799 -4.41653e-18 -0.000492337 -4.54947e-18   0.00788538  5.04655e-19   0.00785634  4.67558e-18    0.0031904  4.43296e-18 -0.000428407  3.03846e-18  -0.00134136  1.49592e-18 -0.000855891  4.03867e-19 -0.000307375   1.2972e-19 -6.51391e-05  3.67823e-20 -6.84356e-06  1.47971e-21
-8.39516e-06  6.02816e-20  4.21076e-05   1.6242e-19  4.07572e-05 -3.07919e-19 -0.000460104 -7.12352e-19  0.000565038  6.28101e-19   0.00083562  3.15469e-18  -0.00192487  1.63854e-18 -0.000991803 -3.74798e-18   0.00384379 -3.47548e-18   0.00135612  2.07799e-18  -0.00605281  3.02352e-18  -0.00272274 -9.49604e-19   0.00786002  -2.2113e-18   0.00578756  1.99298e-18  -0.00774933  5.79574e-18    -0.010147  1.49016e-18   0.00372748 -3.24379e-18    0.0129778 -1.19466e-18   0.00443485  7.05195e-19  -0.00935463 -2.31737e-18   -0.0113349 -6.71627e-18  -0.00188571 -5.73341e-18   0.00695917  7.69698e-19   0.00833641  5.14062e-18   0.00483533  4.98759e-18   0.00141638   3.4514e-18 -3.41219e-05  1.48343e-18  -0.00021207   3.8286e-19 -8.73212e-05  1.10345e-19  -1.6356e-05  1.86365e-20 -1.06438e-06
-1.22406e-20 -2.00985e-05   8.1438e-20  9.51662e-05  1.60384e-19 -6.93636e-05 -3.69361e-19  -0.00041383  -9.3655e-19  0.000782412  3.74856e-19  0.000530901  3.12224e-18  -0.00211519  1.54863e-18 -0.000429617 -3.34307e-18   0.00398569 -2.90022e-18  0.000597252  1.43429e-18  -0.00624363  1.56767e-18  -0.00189524 -1.60429e-18   0.00823415 -2.15728e-18   0.00513974  2.10865e-18  -0.00829252  4.87137e-18  -0.00997632  9.38026e-19   0.00406117 -1.19466e-18    0.0132218  1.34547e-18   0.00485751  1.43808e-18  -0.00908057 -3.63561e-18   -0.0120062 -8.44147e-18  -0.00344469 -5.91191e-18   0.00565079  1.77138e-18   0.00823683  5.75537e-18   0.00579807  5.35593e-18   0.00261167   3.3584e-18  0.000781295  1.20026e-18  0.000148078  2.74508e-19  1.52464e-05  6.50783e-20  5.09297e-07  5.60202e-21
-6.96134e-07 -1.58128e-20 -1.97132e-05  9.22557e-20  0.000130243  1.37449e-19 -0.000189338 -4.56985e-19 -0.000300875 -1.20496e-18  0.000934242  1.74611e-19  0.000181585  2.88651e-18  -0.00219741  1.22585e-18  0.000153435 -2.81481e-18   0.00400774 -2.14857e-18 -0.000185167  8.21945e-19  -0.00633044  2.67256e-19  -0.00101931 -2.16468e-18   0.00855509 -2.09417e-18   0.00443182  1.87411e-18  -0.00885562  3.30927e-18  -0.00979332  5.63114e-19   0.00443485  1.34547e-18     0.013521  4.25115e-18   0.00533619   2.3986e-18  -0.00874804 -4.60558e-18   -0.0126579 -9.13208e-18  -0.00518175 -4.65838e-18   0.00376129  3.34456e-18   0.00711031  6.26129e-18   0.00552747  5.26535e-18   0.00274043  2.79566e-18  0.000926708  7.96768e-19   0.00020888  1.53725e-19  2.79793e-05  2.69409e-20  1.46937e-06
  -1.083e-20 -9.00858e-06 -1.61397e-20  2.59941e-06  1.04135e-19  0.000129677  1.31758e-19 -0.000292635 -5.39748e-19 -0.000139805 -1.38964e-18   0.00100956  1.16008e-19 -0.000187844   2.5211e-18  -0.00216952  8.60899e-19  0.000737456 -2.08787e-18   0.00390639 -1.25039e-18 -0.000979497  3.88987e-19  -0.00630414 -6.06281e-19 -9.45216e-05 -2.43465e-18   0.00881377 -1.90189e-18   0.00365198  1.18283e-18  -0.00944105  1.37656e-18  -0.00958936  7.05195e-19   0.00485751  4.25115e-18    0.0138799  6.97644e-18   0.00588757  2.95182e-18  -0.00831021 -5.30673e-18   -0.0132599 -8.50221e-18  -0.00719528 -2.20962e-18   0.00103235  4.84588e-18    0.0046955  6.27329e-18   0.00396202  4.58288e-18    0.0019637  1.96779e-18  0.000630728  4.24513e-19   0.00012591   6.6248e-20  1.27941e-05  6.89669e-21
 2.16756e-06  -2.0085e-20 -2.16618e-05 -1.23956e-20  4.06463e-05  1.35489e-19  9.24208e-05  1.73405e-19 -0.000361333 -5.89748e-19  4.84186e-05 -1.40631e-18    0.0010039  1.89267e-19 -0.000553796  2.08895e-18   -0.0020322  5.87057e-19     0.001302  -1.1985e-18   0.00367807 -3.42367e-19  -0.00177197  2.01189e-19  -0.00615303 -9.14844e-19  0.000878204 -2.24317e-18     0.008997 -1.64069e-18   0.00278653 -1.20213e-19   -0.0100492 -5.99367e-19  -0.00935463  1.43808e-18   0.00533619  6.97644e-18     0.014312  8.65657e-18   0.00655417  2.64216e-18  -0.00772812 -5.67108e-18   -0.0138569 -6.65246e-18  -0.00958438  4.95205e-19  -0.00247431  5.51515e-18    0.0014005  5.55154e-18   0.00176037  3.44103e-18  0.000895133  1.14115e-18  0.000262832  1.72684e-19  4.26215e-05  2.06912e-20  2.57394e-06
-1.26833e-21  1.87985e-06 -2.67435e-20 -2.88468e-05  2.92651e-22  7.98837e-05  1.96727e-19  2.71413e-05  2.46706e-19 -0.000385205 -6.02488e-19  0.000242538 -1.25555e-18  0.000918153   3.1265e-19 -0.000893402   1.6275e-18  -0.00178892  4.47054e-19   0.00182525  -3.0265e-19   0.00331972  3.59419e-19  -0.00254545    2.314e-19  -0.00586275 -6.32085e-19   0.00189537 -1.55383e-18   0.00908673 -1.57217e-18   0.00182056 -2.06492e-18   -0.0106799 -2.31737e-18  -0.00908057   2.3986e-18   0.00588757  8.65657e-18    0.0148559  8.68246e-18   0.00736714  1.53548e-18  -0.00703885 -5.57165e-18   -0.0144728 -4.24353e-18   -0.0120703  2.27179e-18  -0.00597143  4.98066e-18   -0.0016677  4.21214e-18 -9.44029e-05  2.17593e-18  0.000113454  5.19772e-19  4.24281e-05  4.84305e-20  5.73583e-06  4.00031e-21
 1.17627e-06 -3.72087e-21  -3.9008e-06 -3.15668e-20 -2.32986e-05  2.02652e-20  0.000107205  2.74843e-19  -5.3219e-05  3.03644e-19 -0.000360873 -5.89746e-19  0.000422168 -1.00634e-18  0.000758072   3.8087e-19  -0.00118438  1.15533e-18  -0.00144644  4.22098e-19   0.00228332  3.87484e-19   0.00282971  6.76773e-19  -0.00327806  4.26326e-19  -0.00541665  1.65266e-19   0.00294955 -5.76402e-19   0.00905952 -2.01617e-18  0.000735923 -4.41653e-18   -0.0113349 -3.63561e-18  -0.00874804  2.95182e-18   0.00655417  8.68246e-18    0.0155375  7.22489e-18   0.00827821  8.97872e-20  -0.00625539 -5.08788e-18   -0.0147469 -2.28029e-18   -0.0136912  2.44715e-18  -0.00814179  3.52014e-18   -0.0033798  2.68306e-18 -0.000986812  1.12631e-18  -0.00019456  1.69613e-19  -2.3027e-05  7.06763e-21 -1.08624e-06
 3.52421e-21    3.265e-06 -6.18006e-21 -1.37323e-05 -3.84565e-20 -4.89003e-06  3.88067e-20  0.000114601  3.40386e-19 -0.000134377  3.06518e-19 -0.000290901 -5.60068e-19  0.000568577 -7.53854e-19  0.000534132  3.13819e-19  -0.00140514  7.01322e-19  -0.00101584  4.64644e-19   0.00264979  6.92576e-19   0.00220933  5.85548e-19  -0.00394171  7.68016e-19  -0.00479623  1.28413e-18   0.00402797  2.89195e-19   0.00888303 -3.09767e-18 -0.000492337 -6.71627e-18   -0.0120062 -4.60558e-18  -0.00831021  2.64216e-18   0.00736714  7.22489e-18     0.016302  5.06542e-18   0.00926166 -1.31082e-18   -0.0050194 -4.56621e-18   -0.0137206 -1.49521e-18   -0.0131957  1.30442e-18  -0.00804128  1.85151e-18  -0.00339498  1.41981e-18 -0.000989783   4.5845e-19 -0.000185633  3.09146e-20 -1.81327e-05 -1.90446e-22
 1.28786e-08  5.62676e-21  3.94707e-06 -1.11308e-20 -2.24871e-05 -5.26513e-20  2.12296e-05  4.84623e-20  9.93926e-05  3.68639e-19 -0.000202686  2.54561e-19 -0.000183009 -5.11617e-19  0.000665453 -5.74815e-19  0.000261713  1.03229e-19  -0.00153527   3.2651e-19 -0.000513815  4.99815e-19   0.00289559  5.38547e-19   0.00146487  2.35424e-19  -0.00450017  1.26045e-18  -0.00398149  2.44591e-18   0.00510759  7.05015e-19   0.00851012 -4.54947e-18  -0.00188571 -8.44147e-18   -0.0126579 -5.30673e-18  -0.00772812  1.53548e-18   0.00827821  5.06542e-18    0.0171163  2.84114e-18    0.0106517 -2.62972e-18   -0.0024522 -4.35827e-18   -0.0103729 -1.86389e-18   -0.0100834 -2.10194e-19  -0.00590581  6.29992e-19  -0.00230892  6.31414e-19 -0.000592431  1.37637e-19 -8.88946e-05 -1.02349e-21 -5.13241e-06
 9.89268e-22  1.06346e-06  6.40667e-21  1.19035e-06  -2.1364e-20 -2.53645e-05 -7.39528e-20  4.77897e-05  4.89522e-20  6.36945e-05  3.52881e-19 -0.000246617  1.78423e-19 -4.94117e-05 -4.40663e-19  0.000699874 -4.95995e-19  -3.8589e-05 -1.69513e-19   -0.0015566  9.91227e-20  3.54952e-05  4.29515e-19   0.00298941 -1.61458e-21  0.000611019 -1.38772e-19  -0.00490634  1.86552e-18  -0.00295505  3.39155e-18   0.00614647  6.56557e-19   0.00788538 -5.73341e-18  -0.00344469 -9.13208e-18   -0.0132599 -5.67108e-18  -0.00703885  8.97872e-20   0.00926166  2.84114e-18    0.0183033  5.61444e-19     0.013254 -3.98499e-18   0.00222075 -4.54337e-18   -0.0047172 -2.72104e-18  -0.00529849 -1.21645e-18  -0.00300587  7.24954e-20  -0.00105919  2.49048e-19 -0.000226819   2.7106e-20 -2.43278e-05 -1.69621e-21
 -2.5188e-07  2.24537e-21  2.77297e-06  5.86124e-21 -4.63486e-06 -3.52508e-20 -2.02167e-05 -9.38547e-20  6.76438e-05    4.517e-20   1.3594e-05  3.04987e-19 -0.000257959  1.17345e-19  9.38568e-05 -3.52118e-19  0.000663622 -4.90151e-19 -0.000340701 -3.75743e-19  -0.00145518  3.49936e-20   0.00059836  1.82508e-19    0.0028995 -7.14182e-19  -0.00032378 -3.41048e-19   -0.0051021  2.48265e-18  -0.00171072  4.00387e-18   0.00708548  5.04655e-19   0.00695917 -5.91191e-18  -0.00518175 -8.50221e-18   -0.0138569 -5.57165e-18  -0.00625539 -1.31082e-18    0.0106517  5.61444e-19    0.0206416 -2.02982e-18    0.0176766  -5.2979e-18   0.00857125 -4.89616e-18   0.00167799 -3.30065e-18 -0.000730117 -1.40054e-18 -0.000686919 -2.19874e-20 -0.000245411  9.50431e-20 -4.39939e-05  2.82769e-21 -2.81742e-06
-4.55578e-22 -1.97338e-07  3.66322e-21  3.76686e-06  4.62494e-21  -1.1165e-05 -4.73548e-20 -7.85049e-06 -1.02139e-19   7.5311e-05  4.19516e-20 -4.19009e-05  2.48983e-19 -0.000232942  9.70234e-20  0.000227886 -2.60212e-19  0.000554959 -4.99439e-19 -0.000613255 -4.22512e-19  -0.00122449  6.79481e-20   0.00112948 -2.19422e-19   0.00259812  -1.3213e-18  -0.00129224 -2.81917e-19  -0.00502196  3.01643e-18 -0.000253842  4.36084e-18   0.00785634  7.69698e-19   0.00565079 -4.65838e-18  -0.00719528 -6.65246e-18   -0.0144728 -5.08788e-18   -0.0050194 -2.62972e-18     0.013254 -2.02982e-18    0.0246827 -4.72187e-18     0.023246   -6.223e-18    0.0146168  -5.0406e-18   0.00653006 -3.18399e-18    0.0020832 -1.00018e-18  0.000460309   3.1453e-20  6.52192e-05   3.5841e-20  4.85325e-06  3.06692e-22
-1.20413e-07 -5.42423e-22  4.91705e-07  5.62768e-21  2.88349e-06  3.80645e-21 -1.55523e-05 -5.29602e-20  8.56205e-06 -9.53571e-20  6.80747e-05  4.18801e-20 -9.21619e-05  2.08697e-19 -0.000173287   1.1753e-19  0.000332387 -1.79144e-19  0.000380835 -4.68396e-19 -0.000820859 -3.09814e-19 -0.000870001  8.94018e-20   0.00157148 -6.55956e-19   0.00206728 -1.60053e-18  -0.00222431  4.37768e-20  -0.00458845  3.46229e-18   0.00140349  4.67558e-18   0.00833641  1.77138e-18   0.00376129 -2.20962e-18  -0.00958438 -4.24353e-18   -0.0147469 -4.56621e-18   -0.0024522 -3.98499e-18    0.0176766 -4.72187e-18    0.0296749 -6.70405e-18    0.0277751 -6.40178e-18    0.0179315 -4.65835e-18   0.00839012 -2.42447e-18   0.00283255 -4.64767e-19  0.000656888  5.70517e-20  9.20338e-05  1.19766e-20  5.09334e-06
-3.01804e-22 -2.87575e-07  1.17528e-23  1.56399e-06  8.34651e-21  7.19029e-08  3.90915e-21 -1.57317e-05 -5.12382e-20  2.44608e-05 -7.81241e-20  4.66706e-05  4.55718e-20 -0.000126592  1.92944e-19 -8.70426e-05  1.56107e-19  0.000388112 -1.12308e-19  0.000159192 -3.66693e-19  -0.00092709 -1.19125e-19 -0.000414731  1.98414e-20   0.00185492 -9.81295e-19   0.00130618 -1.46679e-18  -0.00301162    6.148e-19  -0.00370056  3.90785e-18    0.0031904  5.14062e-18   0.00823683  3.34456e-18   0.00103235  4.95205e-19   -0.0120703 -2.28029e-18   -0.0137206 -4.35827e-18   0.00222075  -5.2979e-18     0.023246 -6.70405e-18    0.0333742 -7.25495e-18    0.0288413 -5.74401e-18    0.0173479 -3.68962e-18   0.00747037  -1.4151e-18   0.00225043   -1.074e-19  0.000437797  3.95065e-20   4.4305e-05  2.91871e-21
-1.48205e-08 -4.63765e-22 -2.56819e-07  1.35529e-21  2.30108e-06  1.11645e-20 -3.62089e-06  4.36105e-21 -1.11708e-05  -4.4728e-20  3.51279e-05 -5.79904e-20  1.54916e-05  5.11499e-20 -0.000136715  1.90226e-19  1.11525e-05  1.83952e-19  0.000380497 -4.89057e-20  -7.9091e-05  -1.9724e-19 -0.000899915  4.46084e-20  9.25313e-05 -1.50606e-19   0.00189985 -1.10564e-18  0.000355471 -9.69314e-19  -0.00347715  1.39285e-18   -0.0022794  4.43296e-18   0.00483533  5.75537e-18   0.00711031  4.84588e-18  -0.00247431  2.27179e-18   -0.0136912 -1.49521e-18   -0.0103729 -4.54337e-18   0.00857125   -6.223e-18    0.0277751 -7.25495e-18    0.0333777 -6.41222e-18    0.0255621 -4.48497e-18     0.013675 -2.40554e-18   0.00514659 -5.90679e-19   0.00130224  2.28333e-20  0.000195117  1.58031e-20  1.13271e-05
-1.75514e-23 -1.01419e-07  -4.6287e-22  1.09028e-07  3.00505e-21  2.09264e-06  1.28758e-20 -6.60871e-06    4.049e-21  -3.1099e-06 -3.70045e-20  3.70613e-05 -4.05647e-20 -1.78864e-05  5.39264e-20 -0.000118666  1.80037e-19  0.000100976  1.86099e-19  0.000304925  2.75947e-20 -0.000289541  3.81805e-21 -0.000723008  1.08581e-19   0.00056569  -3.6818e-19   0.00163614 -1.01722e-18 -0.000650434 -2.42351e-19  -0.00339236  2.27036e-18 -0.000428407  4.98759e-18   0.00579807  6.26129e-18    0.0046955  5.51515e-18  -0.00597143  2.44715e-18   -0.0131957 -1.86389e-18   -0.0047172 -4.89616e-18    0.0146168 -6.40178e-18    0.0288413 -6.41222e-18    0.0289204 -4.84892e-18    0.0192102  -3.0242e-18    0.0088999 -1.23592e-18   0.00283343 -1.45542e-19   0.00057447  3.04046e-20   5.9888e-05  3.63216e-21
