  0.00300826  1.23527e-18  -0.00957732 -4.81828e-18   0.00765868   5.6539e-18  7.69829e-05 -2.84026e-18  -0.00207465  3.54656e-19  5.26955e-05  6.46167e-20  0.000400418  3.50635e-20  1.35492e-05 -5.04297e-20 -4.10642e-05   1.5533e-20 -3.49474e-06  3.33079e-22  7.02818e-07
 1.23527e-18    0.0151962  2.47642e-18   -0.0251637 -6.83409e-18    0.0113608   5.8903e-18   0.00442232 -7.23305e-19  -0.00372589 -1.22267e-18 -0.000874772  5.56918e-19  0.000702043 -5.58728e-20  0.000151497 -8.06541e-20 -5.79881e-05  2.35101e-20 -9.90907e-06  1.41683e-21
 -0.00957732  2.47642e-18    0.0358036  3.05942e-18   -0.0376054 -7.98739e-18   0.00739678  4.69382e-18    0.0102321  1.77314e-18  -0.00355555 -2.28727e-18  -0.00223905  1.13053e-18  0.000689615 -2.39868e-19  0.000321978 -1.01935e-19 -4.17834e-05  2.68445e-20 -1.05451e-05
-4.81828e-18   -0.0251637  3.05942e-18    0.0532537  4.22093e-18   -0.0388923 -1.09719e-17   -0.0014889  4.60826e-18     0.014003  1.57892e-18  -0.00173024 -1.90894e-18   -0.0033288  1.61429e-18  0.000384502 -3.95354e-19  0.000429001 -1.19782e-19 -7.96974e-06  2.11458e-20
  0.00765868 -6.83409e-18   -0.0376054  4.22093e-18    0.0581175   6.7831e-18   -0.0314562 -1.37381e-17  -0.00974894  5.37536e-18    0.0148676 -1.71356e-18  0.000633784 -5.67395e-19  -0.00384939   1.8672e-18 -4.44983e-05 -4.47751e-19  0.000431668 -1.15402e-19  1.62024e-05
  5.6539e-18    0.0113608 -7.98739e-18   -0.0388923   6.7831e-18    0.0525934  8.48688e-18   -0.0224046 -1.13598e-17   -0.0149173  5.74323e-18    0.0139457 -6.11382e-18   0.00276027  7.13274e-19  -0.00386607  1.85507e-18 -0.000448619  -3.9716e-19  0.000337018 -7.44188e-20
 7.69829e-05   5.8903e-18   0.00739678 -1.09719e-17   -0.0314562  8.48688e-18    0.0443719  6.11522e-18    -0.015742 -2.35315e-18   -0.0175876   5.2323e-18     0.012406 -9.02797e-18   0.00443434  1.33613e-18  -0.00353002  1.67736e-18 -0.000735132 -2.42322e-19  0.000179419
-2.84026e-18   0.00442232  4.69382e-18   -0.0014889 -1.37381e-17   -0.0224046  6.11522e-18    0.0381102 -7.96389e-19   -0.0116646  9.23623e-18   -0.0190176  4.04711e-18    0.0107988 -9.26932e-18   0.00569913  1.25908e-18  -0.00294934  1.47591e-18 -0.000837551  -2.6035e-20
 -0.00207465 -7.23305e-19    0.0102321  4.60826e-18  -0.00974894 -1.13598e-17    -0.015742 -7.96389e-19    0.0344038 -9.09669e-18  -0.00916426  1.71738e-17   -0.0200046  2.58808e-18   0.00926022 -7.92109e-18    0.0066322  5.54952e-19  -0.00217857  1.26167e-18 -0.000678405
 3.54656e-19  -0.00372589  1.77314e-18     0.014003  5.37536e-18   -0.0149173 -2.35315e-18   -0.0116646 -9.09669e-18    0.0324395 -1.42998e-17  -0.00748102  1.82556e-17   -0.0209226  1.72149e-18   0.00775932 -7.16586e-18   0.00726394 -6.45247e-19  -0.00124913  8.64956e-19
 5.26955e-05 -1.22267e-18  -0.00355555  1.57892e-18    0.0148676  5.74323e-18   -0.0175876  9.23623e-18  -0.00916426 -1.42998e-17    0.0315698  -1.4225e-17  -0.00622745  1.51094e-17   -0.0219602  2.82644e-18   0.00619289 -7.86933e-18   0.00753184 -1.80609e-18 -0.000275415
 6.46167e-20 -0.000874772 -2.28727e-18  -0.00173024 -1.71356e-18    0.0139457   5.2323e-18   -0.0190176  1.71738e-17  -0.00748102  -1.4225e-17    0.0315122 -1.13534e-17   -0.0051977  1.37179e-17   -0.0232478  6.31539e-18   0.00438582 -8.44802e-18   0.00715692 -1.99367e-18
 0.000400418  5.56918e-19  -0.00223905 -1.90894e-18  0.000633784 -6.11382e-18     0.012406  4.04711e-18   -0.0200046  1.82556e-17  -0.00622745 -1.13534e-17    0.0322011 -1.10951e-17  -0.00424339  1.72134e-17   -0.0249073  1.02545e-17   0.00201862 -6.80443e-18   0.00530932
 3.50635e-20  0.000702043  1.13053e-18   -0.0033288 -5.67395e-19   0.00276027 -9.02797e-18    0.0107988  2.58808e-18   -0.0209226  1.51094e-17   -0.0051977 -1.10951e-17    0.0337106 -1.62409e-17  -0.00320122  2.20115e-17   -0.0270732  1.22515e-17   -0.0014669 -3.02163e-18
 1.35492e-05 -5.58728e-20  0.000689615  1.61429e-18  -0.00384939  7.13274e-19   0.00443434 -9.26932e-18   0.00926022  1.72149e-18   -0.0219602  1.37179e-17  -0.00424339 -1.62409e-17    0.0362677 -2.30023e-17  -0.00180892  2.20138e-17   -0.0297748  1.29088e-17   -0.0055425
-5.04297e-20  0.000151497 -2.39868e-19  0.000384502   1.8672e-18  -0.00386607  1.33613e-18   0.00569913 -7.92109e-18   0.00775932  2.82644e-18   -0.0232478  1.72134e-17  -0.00320122 -2.30023e-17    0.0403465  -2.5184e-17  0.000565729  1.74425e-17   -0.0312072  1.22336e-17
-4.10642e-05 -8.06541e-20  0.000321978 -3.95354e-19 -4.44983e-05  1.85507e-18  -0.00353002  1.25908e-18    0.0066322 -7.16586e-18   0.00619289  6.31539e-18   -0.0249073  2.20115e-17  -0.00180892  -2.5184e-17    0.0469975 -2.53917e-17   0.00676712  1.01403e-17   -0.0228116
  1.5533e-20 -5.79881e-05 -1.01935e-19  0.000429001 -4.47751e-19 -0.000448619  1.67736e-18  -0.00294934  5.54952e-19   0.00726394 -7.86933e-18   0.00438582  1.02545e-17   -0.0270732  2.20138e-17  0.000565729 -2.53917e-17    0.0597285 -3.95054e-17    0.0257053 -8.00604e-18
-3.49474e-06  2.35101e-20 -4.17834e-05 -1.19782e-19  0.000431668  -3.9716e-19 -0.000735132  1.47591e-18  -0.00217857 -6.45247e-19   0.00753184 -8.44802e-18   0.00201862  1.22515e-17   -0.0297748  1.74425e-17   0.00676712 -3.95054e-17     0.087984 -7.76656e-17    0.0541817
 3.33079e-22 -9.90907e-06  2.68445e-20 -7.96974e-06 -1.15402e-19  0.000337018 -2.42322e-19 -0.000837551  1.26167e-18  -0.00124913 -1.80609e-18   0.00715692 -6.80443e-18   -0.0014669  1.29088e-17   -0.0312072  1.01403e-17    0.0257053 -7.76656e-17     0.127203 -9.79387e-17
 7.02818e-07  1.41683e-21 -1.05451e-05  2.11458e-20  1.62024e-05 -7.44188e-20  0.000179419  -2.6035e-20 -0.000678405  8.64956e-19 -0.000275415 -1.99367e-18   0.00530932 -3.02163e-18   -0.0055425  1.22336e-17   -0.0228116 -8.00604e-18    0.0541817 -9.79387e-17     0.105181
