   0.0150331  -1.7663e-18    -0.028999  7.60708e-18   0.00673924 -3.53094e-18   0.00696102 -3.86662e-18 -0.000396368  6.88939e-19  -0.00141576  1.23767e-18 -0.000296488 -2.30951e-20  8.81466e-05 -7.60626e-20  4.40335e-05 -2.25988e-20   4.7192e-06 -4.38007e-22 -6.70502e-08
 -1.7663e-18    0.0504669 -6.18392e-18   -0.0484401  1.81676e-17  -0.00252601 -1.50279e-18    0.0125804 -1.03222e-17   0.00252696  2.45532e-19  -0.00194914  1.97478e-18 -0.000885639  2.70512e-19 -9.21899e-06 -7.83232e-20  5.72934e-05 -3.75656e-20  9.12789e-06 -2.20616e-21
   -0.028999 -6.18392e-18    0.0799654 -1.41513e-17    -0.045838  3.00939e-17   -0.0166707  4.21656e-18    0.0127757 -1.47884e-17    0.0062147  -1.2009e-18  -0.00128357  1.92106e-18  -0.00131205  6.28244e-19 -0.000205087 -2.04604e-20  2.71637e-05 -3.73012e-20  5.86753e-06
 7.60708e-18   -0.0484401 -1.41513e-17    0.0836366 -2.48908e-17    -0.030507  3.90357e-17   -0.0259778  9.32186e-18   0.00897918 -1.45388e-17   0.00874986 -3.10362e-18  0.000151786  1.38701e-18  -0.00131385  8.45165e-19 -0.000353098  3.07702e-20 -1.44022e-05 -2.21838e-20
  0.00673924  1.81676e-17    -0.045838 -2.48908e-17    0.0707971 -3.39136e-17   -0.0165157  4.04365e-17   -0.0294329  1.22527e-17   0.00408323 -1.12647e-17    0.0097297 -4.67701e-18   0.00176066  8.21198e-19 -0.000892595  8.20789e-19 -0.000347536  2.93066e-20 -2.52506e-05
-3.53094e-18  -0.00252601  3.00939e-17    -0.030507 -3.39136e-17    0.0573338 -3.64069e-17  -0.00793475  3.44935e-17   -0.0298645  1.39541e-17 -0.000564366  -7.8898e-18   0.00940257 -5.36505e-18   0.00309783  3.86921e-19 -0.000233228  5.48233e-19 -0.000200727  -1.6378e-21
  0.00696102 -1.50279e-18   -0.0166707  3.90357e-17   -0.0165157 -3.64069e-17    0.0488142 -3.29627e-17   -0.0029471  2.60496e-17   -0.0292734  1.48612e-17  -0.00477939 -5.55358e-18   0.00798476 -4.96026e-18   0.00380506  7.58377e-20  0.000351399  1.83903e-19 -4.28606e-05
-3.86662e-18    0.0125804  4.21656e-18   -0.0259778  4.04365e-17  -0.00793475 -3.29627e-17    0.0441532 -2.77506e-17  0.000446804  1.93533e-17   -0.0283775  1.48209e-17  -0.00869163 -3.40186e-18    0.0055599 -3.34596e-18   0.00358632   -3.166e-20  0.000553014 -1.61035e-20
-0.000396368 -1.03222e-17    0.0127757  9.32186e-18   -0.0294329  3.44935e-17   -0.0029471 -2.77506e-17    0.0416704  -2.3538e-17    0.0032709  1.52111e-17   -0.0272791  1.43607e-17    -0.012341  8.70872e-20   0.00228819 -6.30117e-19   0.00242392  1.43101e-19  0.000337341
 6.88939e-19   0.00252696 -1.47884e-17   0.00897918  1.22527e-17   -0.0298645  2.60496e-17  0.000446804  -2.3538e-17    0.0405664 -2.07487e-17   0.00607833  1.21507e-17   -0.0257463  1.46239e-17   -0.0153953  5.33389e-18  -0.00119257  2.25257e-18  0.000891722  3.20782e-19
 -0.00141576  2.45532e-19    0.0062147 -1.45388e-17   0.00408323  1.39541e-17   -0.0292734  1.93533e-17    0.0032709 -2.07487e-17    0.0406016 -1.98533e-17   0.00937916  8.36343e-18   -0.0231183  1.58078e-17   -0.0168343  1.04121e-17  -0.00355658  3.58966e-18 -6.01204e-05
 1.23767e-18  -0.00194914  -1.2009e-18   0.00874986 -1.12647e-17 -0.000564366  1.48612e-17   -0.0283775  1.52111e-17   0.00607833 -1.98533e-17    0.0418714 -2.27769e-17    0.0139274  2.41177e-18   -0.0181594  1.59959e-17   -0.0151286  1.19526e-17  -0.00359009  2.50073e-18
-0.000296488  1.97478e-18  -0.00128357 -3.10362e-18    0.0097297  -7.8898e-18  -0.00477939  1.48209e-17   -0.0272791  1.21507e-17   0.00937916 -2.27769e-17    0.0448455 -3.14568e-17    0.0208097 -6.55572e-18  -0.00964714  1.24764e-17  -0.00977615   8.5648e-18  -0.00176634
-2.30951e-20 -0.000885639  1.92106e-18  0.000151786 -4.67701e-18   0.00940257 -5.55358e-18  -0.00869163  1.43607e-17   -0.0257463  8.36343e-18    0.0139274 -3.14568e-17    0.0503242 -4.54069e-17    0.0306016 -1.77267e-17    0.0015431  5.25885e-18  -0.00320767  3.21784e-18
 8.81466e-05  2.70512e-19  -0.00131205  1.38701e-18   0.00176066 -5.36505e-18   0.00798476 -3.40186e-18    -0.012341  1.46239e-17   -0.0231183  2.41177e-18    0.0208097 -4.54069e-17     0.058461 -6.03859e-17    0.0410261 -2.70734e-17    0.0106905 -1.31818e-18  0.000520027
-7.60626e-20 -9.21899e-06  6.28244e-19  -0.00131385  8.21198e-19   0.00309783 -4.96026e-18    0.0055599  8.70872e-20   -0.0153953  1.58078e-17   -0.0181594 -6.55572e-18    0.0306016 -6.03859e-17    0.0663359 -6.86645e-17    0.0456172 -2.85616e-17    0.0122984 -2.88018e-18
 4.40335e-05 -7.83232e-20 -0.000205087  8.45165e-19 -0.000892595  3.86921e-19   0.00380506 -3.34596e-18   0.00228819  5.33389e-18   -0.0168343  1.59959e-17  -0.00964714 -1.77267e-17    0.0410261 -6.86645e-17    0.0668176 -6.26546e-17     0.038372 -2.02019e-17   0.00681172
-2.25988e-20  5.72934e-05 -2.04604e-20 -0.000353098  8.20789e-19 -0.000233228  7.58377e-20   0.00358632 -6.30117e-19  -0.00119257  1.04121e-17   -0.0151286  1.24764e-17    0.0015431 -2.70734e-17    0.0456172 -6.26546e-17    0.0538449 -4.25395e-17    0.0220042 -8.21279e-18
  4.7192e-06 -3.75656e-20  2.71637e-05  3.07702e-20 -0.000347536  5.48233e-19  0.000351399   -3.166e-20   0.00242392  2.25257e-18  -0.00355658  1.19526e-17  -0.00977615  5.25885e-18    0.0106905 -2.85616e-17     0.038372 -4.25395e-17    0.0312227 -1.92942e-17   0.00713466
-4.38007e-22  9.12789e-06 -3.73012e-20 -1.44022e-05  2.93066e-20 -0.000200727  1.83903e-19  0.000553014  1.43101e-19  0.000891722  3.58966e-18  -0.00359009   8.5648e-18  -0.00320767 -1.31818e-18    0.0122984 -2.02019e-17    0.0220042 -1.92942e-17    0.0113281 -4.72733e-18
-6.70502e-08 -2.20616e-21  5.86753e-06 -2.21838e-20 -2.52506e-05  -1.6378e-21 -4.28606e-05 -1.61035e-20  0.000337341  3.20782e-19 -6.01204e-05  2.50073e-18  -0.00176634  3.21784e-18  0.000520027 -2.88018e-18   0.00681172 -8.21279e-18   0.00713466 -4.72733e-18   0.00190991
