  0.00107559  3.04354e-18  -0.00653524 -1.87054e-17   0.00899412  2.51325e-17  0.000943413 -1.53258e-18  -0.00328174 -9.75576e-18  -0.00248183 -4.56112e-18  -0.00102387 -1.07389e-18 -0.000289161 -1.51454e-19 -5.65277e-05 -1.41098e-20 -6.75255e-06  -9.1847e-22 -3.17489e-07
 3.04354e-18    0.0102865   1.1142e-17   -0.0294571 -4.09864e-17    0.0177353   3.4638e-17    0.0142344  1.49126e-17   0.00082117 -6.38308e-18  -0.00319071 -7.64841e-18   -0.0019819 -3.25029e-18 -0.000611309 -7.62877e-19 -0.000105359 -9.60913e-20 -8.66918e-06 -4.41532e-21
 -0.00653524   1.1142e-17    0.0418654  1.92242e-17   -0.0648238 -5.24923e-17   0.00275353   1.9871e-17    0.0284108  2.66369e-17    0.0173787  6.87077e-18   0.00595669 -5.32993e-19    0.0014143   -6.744e-19  0.000246574 -1.52992e-19  2.86404e-05 -1.36449e-20  1.39948e-06
-1.87054e-17   -0.0294571  1.92242e-17    0.0937049  2.29989e-17   -0.0765627 -5.61714e-17   -0.0384264 -1.36145e-17    0.0147877  1.10943e-17     0.021954  8.92783e-18     0.011125  3.26502e-18   0.00323875  7.06432e-19  0.000551904  8.48129e-20  4.59564e-05  3.77465e-21
  0.00899412 -4.09864e-17   -0.0648238  2.29989e-17     0.126208  3.28933e-17    -0.043524 -5.15985e-17   -0.0666167 -5.28712e-17   -0.0225963 -2.29275e-17 -0.000412369  -6.4737e-18   0.00193014 -1.35493e-18  0.000617508 -2.06364e-19  8.22588e-05 -1.80567e-20  3.59215e-06
 2.51325e-17    0.0177353 -5.24923e-17   -0.0765627  3.28933e-17     0.111267  5.64716e-17  -0.00183411 -4.20487e-17   -0.0633192 -7.24889e-17   -0.0468563  -4.4403e-17   -0.0194803 -1.60305e-17  -0.00523806 -3.58187e-18 -0.000874541 -4.50513e-19 -7.38268e-05 -2.12005e-20
 0.000943413   3.4638e-17   0.00275353 -5.61714e-17    -0.043524  5.64716e-17    0.0815284  6.90516e-17    0.0159079 -2.56323e-17   -0.0424581 -5.66291e-17   -0.0372418 -3.28236e-17   -0.0152856 -1.02237e-17  -0.00358468 -1.80424e-18 -0.000455292 -1.52979e-19 -2.11835e-05
-1.53258e-18    0.0142344   1.9871e-17   -0.0384264 -5.15985e-17  -0.00183411  6.90516e-17    0.0716022  7.52423e-17    0.0309638  1.04926e-17  -0.00698888  -1.3173e-17  -0.00980647 -7.97457e-18  -0.00363782  -2.0745e-18 -0.000671185 -2.67498e-19 -5.63495e-05 -1.20789e-20
 -0.00328174  1.49126e-17    0.0284108 -1.36145e-17   -0.0666167 -4.20487e-17    0.0159079  7.52423e-17    0.0799621  9.89638e-17    0.0613262  5.73135e-17    0.0276274  2.15762e-17    0.0085712  5.60965e-18   0.00181074  9.42498e-19  0.000228906   8.1996e-20  1.12201e-05
-9.75576e-18   0.00082117  2.66369e-17    0.0147877 -5.28712e-17   -0.0633192 -2.56323e-17    0.0309638  9.89638e-17     0.099256  1.27616e-16    0.0817621  7.72612e-17    0.0379646  2.82923e-17    0.0109725  6.41738e-18   0.00190611  8.18375e-19  0.000164006  3.90354e-20
 -0.00248183 -6.38308e-18    0.0173787  1.10943e-17   -0.0225963 -7.24889e-17   -0.0424581  1.04926e-17    0.0613262  1.27616e-16     0.107736  1.24444e-16     0.072181  6.19283e-17    0.0276059   1.8427e-17   0.00636614  3.23004e-18  0.000813868  2.77407e-19  3.86178e-05
-4.56112e-18  -0.00319071  6.87077e-18     0.021954 -2.29275e-17   -0.0468563 -5.66291e-17  -0.00698888  5.73135e-17    0.0817621  1.24444e-16    0.0877096  8.79888e-17    0.0451081  3.43689e-17    0.0135989  7.98826e-18   0.00239339  1.02262e-18  0.000205415  4.84171e-20
 -0.00102387 -7.64841e-18   0.00595669  8.92783e-18 -0.000412369  -4.4403e-17   -0.0372418  -1.3173e-17    0.0276274  7.72612e-17     0.072181  8.79888e-17    0.0527397  4.61471e-17    0.0208489  1.40171e-17   0.00486723  2.47274e-18  0.000623575  2.12161e-19  2.94904e-05
-1.07389e-18   -0.0019819 -5.32993e-19     0.011125  -6.4737e-18   -0.0194803 -3.28236e-17  -0.00980647  2.15762e-17    0.0379646  6.19283e-17    0.0451081  4.61471e-17    0.0239414  1.83778e-17   0.00730536  4.30203e-18   0.00129059   5.5146e-19  0.000110718  2.60637e-20
-0.000289161 -3.25029e-18    0.0014143  3.26502e-18   0.00193014 -1.60305e-17   -0.0152856 -7.97457e-18    0.0085712  2.82923e-17    0.0276059  3.43689e-17    0.0208489  1.83778e-17   0.00834052  5.62351e-18   0.00195566  9.94351e-19  0.000250772  8.52983e-20  1.18478e-05
-1.51454e-19 -0.000611309   -6.744e-19   0.00323875 -1.35493e-18  -0.00523806 -1.02237e-17  -0.00363782  5.60965e-18    0.0109725   1.8427e-17    0.0135989  1.40171e-17   0.00730536  5.62351e-18   0.00223928  1.31998e-18  0.000396174    1.693e-19  3.39844e-05  7.99709e-21
-5.65277e-05 -7.62877e-19  0.000246574  7.06432e-19  0.000617508 -3.58187e-18  -0.00358468  -2.0745e-18   0.00181074  6.41738e-18   0.00636614  7.98826e-18   0.00486723  4.30203e-18   0.00195566  1.31998e-18   0.00045931  2.33609e-19  5.89189e-05  2.00394e-20  2.78284e-06
-1.41098e-20 -0.000105359 -1.52992e-19  0.000551904 -2.06364e-19 -0.000874541 -1.80424e-18 -0.000671185  9.42498e-19   0.00190611  3.23004e-18   0.00239339  2.47274e-18   0.00129059  9.94351e-19  0.000396174  2.33609e-19  7.01267e-05  2.99695e-20  6.01577e-06  1.41549e-21
-6.75255e-06 -9.60913e-20  2.86404e-05  8.48129e-20  8.22588e-05 -4.50513e-19 -0.000455292 -2.67498e-19  0.000228906  8.18375e-19  0.000813868  1.02262e-18  0.000623575   5.5146e-19  0.000250772    1.693e-19  5.89189e-05  2.99695e-20  7.55902e-06  2.57102e-21  3.57033e-07
 -9.1847e-22 -8.66918e-06 -1.36449e-20  4.59564e-05 -1.80567e-20 -7.38268e-05 -1.52979e-19 -5.63495e-05   8.1996e-20  0.000164006  2.77407e-19  0.000205415  2.12161e-19  0.000110718  8.52983e-20  3.39844e-05  2.00394e-20  6.01577e-06  2.57102e-21  5.16107e-07  1.21446e-22
-3.17489e-07 -4.41532e-21  1.39948e-06  3.77465e-21  3.59215e-06 -2.12005e-20 -2.11835e-05 -1.20789e-20  1.12201e-05  3.90354e-20  3.86178e-05  4.84171e-20  2.94904e-05  2.60637e-20  1.18478e-05  7.99709e-21  2.78284e-06  1.41549e-21  3.57033e-07  1.21446e-22  1.68669e-08
