 0.000184568 -7.54186e-19  -0.00155888  5.22773e-18   0.00364763 -1.02377e-17  -0.00209102  8.35404e-18    -0.001715  1.96963e-18  5.39184e-05 -4.01213e-18  0.000505153 -3.21785e-18  0.000278795  -1.1907e-18  7.83075e-05 -2.44912e-19  1.15972e-05 -2.42619e-20  6.22451e-07
-7.54186e-19   0.00237743 -2.71185e-18   -0.0099675  8.11607e-18    0.0133787  -1.3927e-17 -4.96282e-05  1.16889e-17    -0.005992  2.97681e-18  -0.00345078 -7.61372e-18 -0.000936725 -6.06745e-18 -0.000126541 -2.04247e-18 -5.61539e-06 -3.34995e-19  2.36246e-07 -1.90788e-20
 -0.00155888 -2.71185e-18    0.0134739 -4.86182e-19   -0.0330316 -6.56426e-18    0.0221073 -1.04714e-18    0.0142445   1.4297e-17  -0.00340436 -1.88291e-18  -0.00635807 -1.00514e-17  -0.00315722 -5.60625e-18 -0.000853356 -1.40002e-18 -0.000124629 -1.52033e-19 -6.68736e-06
 5.22773e-18   -0.0099675 -4.86182e-19     0.043686  1.09451e-17   -0.0647673 -2.90642e-17   0.00926949  1.50558e-17    0.0315268  1.67566e-17    0.0136634  -2.9194e-18   0.00164092 -6.61292e-18 -0.000556017 -2.67463e-18 -0.000225188  -4.6967e-19 -2.66443e-05 -2.74114e-20
  0.00364763  8.11607e-18   -0.0330316  1.09451e-17    0.0885748  1.66186e-17   -0.0761727 -3.34376e-17   -0.0282551  1.33949e-17    0.0258153  1.45946e-17    0.0258139  2.57358e-18    0.0111068 -7.62368e-19   0.00280257 -3.65031e-19   0.00039689 -4.70138e-20    2.118e-05
-1.02377e-17    0.0133787 -6.56426e-18   -0.0647673  1.66186e-17     0.116845  1.19358e-17   -0.0498388 -2.70749e-17   -0.0592673 -2.86624e-18  -0.00611232    5.725e-18    0.0115834  3.17982e-18    0.0065698  8.30834e-19   0.00158562  1.15237e-19  0.000166867  5.89715e-21
 -0.00209102  -1.3927e-17    0.0221073 -2.90642e-17   -0.0761727  1.19358e-17     0.106206  1.39888e-17   -0.0122692 -2.34486e-17   -0.0642638 -1.81532e-17   -0.0369741  -6.4107e-18   -0.0111497 -1.38137e-18   -0.0020826 -1.94736e-19 -0.000238925 -1.60352e-20 -1.17609e-05
 8.35404e-18 -4.96282e-05 -1.04714e-18   0.00926949 -3.34376e-17   -0.0498388  1.39888e-17    0.0805467  1.92396e-17   0.00683183 -1.75498e-17   -0.0527874 -2.19887e-17    -0.041666 -1.08295e-17   -0.0159644 -2.99775e-18  -0.00338647 -4.49772e-19   -0.0003421 -2.47406e-20
   -0.001715  1.16889e-17    0.0142445  1.50558e-17   -0.0282551 -2.70749e-17   -0.0122692  1.92396e-17     0.069479  2.28857e-17    0.0191858 -5.10861e-18   -0.0254283 -1.17152e-17   -0.0213176 -5.66896e-18   -0.0072013 -1.32272e-18  -0.00117695 -1.38552e-19  -6.6588e-05
 1.96963e-18    -0.005992   1.4297e-17    0.0315268  1.33949e-17   -0.0592673 -2.34486e-17   0.00683183  2.28857e-17    0.0736465  3.10302e-17    0.0459009  1.28511e-17    0.0115378   2.4299e-18  0.000782631  1.49641e-19 -0.000192316 -1.29108e-20 -3.31991e-05 -1.17828e-21
 5.39184e-05  2.97681e-18  -0.00340436  1.67566e-17    0.0258153 -2.86624e-18   -0.0642638 -1.75498e-17    0.0191858  3.10302e-17    0.0904261  4.33755e-17    0.0736812   2.5543e-17    0.0325578  8.82904e-18   0.00868381  1.80452e-18   0.00129341   1.8143e-19  7.18374e-05
-4.01213e-18  -0.00345078 -1.88291e-18    0.0136634  1.45946e-17  -0.00611232 -1.81532e-17   -0.0527874 -5.10861e-18    0.0459009  4.33755e-17     0.106316  4.79299e-17    0.0761034  2.46737e-17    0.0292179  7.14387e-18   0.00629628  1.10571e-18  0.000646241  6.20669e-20
 0.000505153 -7.61372e-18  -0.00635807  -2.9194e-18    0.0258139    5.725e-18   -0.0369741 -2.19887e-17   -0.0254283  1.28511e-17    0.0736812  4.79299e-17    0.0971031  3.81526e-17    0.0534915   1.5354e-17    0.0159877  3.38239e-18   0.00250934  3.50161e-19  0.000141422
-3.21785e-18 -0.000936725 -1.00514e-17   0.00164092  2.57358e-18    0.0115834  -6.4107e-18    -0.041666 -1.17152e-17    0.0115378   2.5543e-17    0.0761034  3.81526e-17    0.0646293  2.18899e-17    0.0267026  6.65982e-18   0.00595226  1.05337e-18  0.000619043  5.95036e-20
 0.000278795 -6.06745e-18  -0.00315722 -6.61292e-18    0.0111068  3.17982e-18   -0.0111497 -1.08295e-17   -0.0213176   2.4299e-18    0.0325578  2.46737e-17    0.0534915  2.18899e-17    0.0314856  9.19745e-18   0.00968518  2.06538e-18   0.00153913  2.15424e-19  8.70701e-05
 -1.1907e-18 -0.000126541 -5.60625e-18 -0.000556017 -7.62368e-19    0.0065698 -1.38137e-18   -0.0159644 -5.66896e-18  0.000782631  8.82904e-18    0.0292179   1.5354e-17    0.0267026  9.19745e-18    0.0113405  2.84979e-18   0.00255864  4.54288e-19  0.000267365  2.57248e-20
 7.83075e-05 -2.04247e-18 -0.000853356 -2.67463e-18   0.00280257  8.30834e-19   -0.0020826 -2.99775e-18   -0.0072013  1.49641e-19   0.00868381  7.14387e-18    0.0159877  6.65982e-18   0.00968518  2.84979e-18   0.00301502   6.4504e-19  0.000481591  6.74898e-20  2.72884e-05
-2.44912e-19 -5.61539e-06 -1.40002e-18 -0.000225188 -3.65031e-19   0.00158562 -1.94736e-19  -0.00338647 -1.32272e-18 -0.000192316  1.80452e-18   0.00629628  3.38239e-18   0.00595226  2.06538e-18   0.00255864   6.4504e-19  0.000580307  1.03176e-19  6.07654e-05  5.84896e-21
 1.15972e-05 -3.34995e-19 -0.000124629  -4.6967e-19   0.00039689  1.15237e-19 -0.000238925 -4.49772e-19  -0.00117695 -1.29108e-20   0.00129341  1.10571e-18   0.00250934  1.05337e-18   0.00153913  4.54288e-19  0.000481591  1.03176e-19  7.70946e-05  1.08099e-20  4.37162e-06
-2.42619e-20  2.36246e-07 -1.52033e-19 -2.66443e-05 -4.70138e-20  0.000166867 -1.60352e-20   -0.0003421 -1.38552e-19 -3.31991e-05   1.8143e-19  0.000646241  3.50161e-19  0.000619043  2.15424e-19  0.000267365  6.74898e-20  6.07654e-05  1.08099e-20  6.36831e-06  6.13093e-22
 6.22451e-07 -1.90788e-20 -6.68736e-06 -2.74114e-20    2.118e-05  5.89715e-21 -1.17609e-05 -2.47406e-20  -6.6588e-05 -1.17828e-21  7.18374e-05  6.20669e-20  0.000141422  5.95036e-20  8.70701e-05  2.57248e-20  2.72884e-05  5.84896e-21  4.37162e-06  6.13093e-22  2.47959e-07
