   0.0592765  1.27692e-15    0.0729629  8.06661e-16    0.0157336 -1.48666e-16   -0.0245839 -3.81753e-16   -0.0176569  -8.0631e-17    0.0030116  1.17922e-16   0.00864967  7.83258e-17     0.002358 -1.59467e-17  -0.00251497 -3.88881e-17  -0.00203093 -1.02619e-17  7.28257e-05  9.81084e-18  0.000805088  8.58293e-18  0.000356023  8.96235e-19 -0.000113264 -2.48682e-18 -0.000180578  -1.6831e-18 -5.69724e-05 -1.82585e-19  2.66583e-05  4.23692e-19  3.20545e-05  3.19128e-19  1.06889e-05  7.05085e-20 -2.29998e-06 -4.77822e-20  -3.9859e-06 -4.57549e-20 -1.87417e-06 -1.61485e-20 -3.37493e-07 -1.07569e-21  1.14887e-07  1.86214e-21  1.08602e-07  1.11469e-21  4.27356e-08  3.37319e-22   1.0741e-08  6.11868e-23  1.82047e-09  7.07491e-24  2.00647e-10  3.78273e-25  1.26421e-11 -5.04091e-26  2.96033e-13
 1.27692e-15     0.128827  1.47647e-15    0.0815271  3.56522e-16  -0.00557143 -5.08173e-16   -0.0343829 -3.70399e-16   -0.0119228  4.97789e-17   0.00976077  1.74055e-16   0.00959004   6.2717e-17  0.000293528 -4.52096e-17  -0.00392916 -4.79158e-17   -0.0020912 -6.33747e-18  0.000529143  1.51325e-17   0.00112048  1.12052e-17  0.000406784  8.78674e-19 -0.000197345 -3.50392e-18 -0.000263741  -2.5307e-18 -8.60954e-05 -4.13702e-19  3.72312e-05  6.10376e-19  5.06153e-05  5.53135e-19  2.05827e-05  1.66742e-19 -1.00864e-06   -5.301e-20 -5.86966e-06 -7.23646e-20 -3.52466e-06 -3.31613e-20 -1.07038e-06 -7.32268e-21 -7.87853e-08  7.21962e-22  8.87774e-08  1.17029e-21   4.9842e-08  4.28829e-22  1.46554e-08  9.12793e-23  2.74866e-09  1.34047e-23  3.20799e-10  8.81277e-25  1.91727e-11 -3.78186e-26
   0.0729629  1.47647e-15    0.0947438  1.05112e-15    0.0297289 -8.45126e-17   -0.0260907  -5.1638e-16    -0.028173 -2.26876e-16  -0.00340687  1.00018e-16    0.0111883   1.5931e-16   0.00780594   4.4104e-17 -0.000797867 -4.96974e-17  -0.00406475 -4.69315e-17   -0.0019965 -6.72036e-18  0.000648219  1.62308e-17   0.00126211  1.30365e-17  0.000488951  1.84571e-18 -0.000217645 -3.86593e-18 -0.000328925 -3.35146e-18 -0.000127388 -8.43877e-19  3.46904e-05  6.69548e-19  6.53692e-05  7.67214e-19  3.27954e-05  2.93765e-19  3.49201e-06 -2.09408e-20 -6.00696e-06   -8.123e-20 -4.77537e-06 -4.82477e-20 -1.95385e-06  -1.5998e-20 -4.70371e-07 -2.45809e-21 -4.00276e-08  2.68793e-22  1.63236e-08  2.20472e-22  7.50729e-09  5.82256e-23  1.50153e-09  9.83641e-24  1.56211e-10  4.05833e-25  5.93198e-12
 8.06661e-16    0.0815271  1.05112e-15    0.0642604  5.46453e-16    0.0137595 -1.46452e-16   -0.0199145 -3.62739e-16   -0.0197437 -1.63217e-16  -0.00204455  7.94863e-17    0.0094442   1.4228e-16   0.00702351  4.28319e-17 -0.000675286 -4.56596e-17  -0.00405499 -4.83502e-17  -0.00215615 -9.30894e-18  0.000631399  1.63873e-17   0.00140051  1.47329e-17   0.00060469  3.10623e-18 -0.000210472 -3.94906e-18 -0.000384891 -4.11011e-18 -0.000175706 -1.39678e-18  2.07524e-05  6.02269e-19  7.41104e-05  9.21156e-19  4.53515e-05  4.33409e-19  1.08538e-05  4.91687e-20 -3.80071e-06 -6.57892e-20 -4.92566e-06 -5.40956e-20  -2.5305e-06 -2.25476e-20 -8.39756e-07 -5.71587e-21 -1.92037e-07  -8.9307e-22 -2.93184e-08 -7.68634e-23 -2.59489e-09  1.18643e-23 -6.67606e-11  4.68767e-24  6.57848e-12  9.05424e-26
   0.0157336  3.56522e-16    0.0297289  5.46453e-16    0.0297419  3.78529e-16   0.00951953 -5.07964e-17    -0.013951 -2.79821e-16   -0.0171404 -1.62868e-16  -0.00254844  6.68481e-17   0.00894112  1.37959e-16   0.00709975  4.33611e-17 -0.000613436 -4.38211e-17   -0.0042084  -4.9947e-17  -0.00232919 -1.11691e-17  0.000609591  1.57856e-17   0.00151097  1.58894e-17  0.000720734  4.48185e-18 -0.000176502 -3.68553e-18 -0.000422837 -4.76039e-18 -0.000227177 -2.04205e-18 -5.50849e-06  3.92474e-19  7.41381e-05  9.80928e-19  5.58918e-05  5.64696e-19  1.99891e-05  1.47246e-19  7.62127e-07 -2.50723e-20 -3.50652e-06 -4.48746e-20 -2.35519e-06 -2.24252e-20 -9.20929e-07 -6.72016e-21 -2.50132e-07 -1.42421e-21 -4.83577e-08 -2.08779e-22 -6.40143e-09 -2.55679e-24 -5.13004e-10  2.92209e-24 -1.63259e-11
-1.48666e-16  -0.00557143 -8.45126e-17    0.0137595  3.78529e-16    0.0292686  3.89558e-16    0.0128408  -1.9448e-17   -0.0128327  -2.6508e-16   -0.0169341 -1.54858e-16  -0.00231538  7.05349e-17   0.00894308  1.30356e-16   0.00698178  4.08798e-17 -0.000639374 -4.15928e-17  -0.00424892 -4.95814e-17  -0.00245742 -1.32635e-17  0.000528659  1.42096e-17   0.00157166  1.68105e-17  0.000843458  6.16359e-18 -0.000110481 -3.07584e-18 -0.000440163  -5.2893e-18 -0.000278836 -2.72623e-18  -4.2999e-05  3.70691e-20  6.36393e-05  9.19404e-19  6.15599e-05  6.57663e-19  2.88365e-05  2.51375e-19  6.81527e-06  3.34807e-20   -6.485e-07 -2.08516e-20  -1.3277e-06 -1.46331e-20 -6.26494e-07 -4.86527e-21 -1.80496e-07 -1.13616e-21 -3.45043e-08 -1.55129e-22  -4.1656e-09  5.21301e-24 -2.58745e-10  2.09132e-24
  -0.0245839 -5.08173e-16   -0.0260907 -1.46452e-16   0.00951953  3.89558e-16    0.0279422  3.45029e-16    0.0105506 -3.92805e-17   -0.0129257  -2.4272e-16   -0.0154364 -1.31301e-16  -0.00170558  6.90746e-17   0.00855849  1.18423e-16   0.00673892   4.0597e-17 -0.000509133 -3.76239e-17  -0.00419018 -4.88623e-17  -0.00261249 -1.62444e-17  0.000386355  1.22182e-17   0.00159936  1.77513e-17  0.000972113  8.13538e-18   -1.716e-05 -2.16362e-18 -0.000434173 -5.60024e-18 -0.000324872 -3.36756e-18  -8.8843e-05 -4.51937e-19  4.16247e-05  7.21057e-19  5.95118e-05  6.78511e-19  3.46583e-05  3.30423e-19  1.25422e-05  9.18491e-20  2.68252e-06   8.7752e-21  9.87601e-08 -3.36762e-21 -1.53284e-07 -1.83373e-21 -5.91064e-08 -5.58022e-22 -1.13569e-08 -5.87956e-23 -1.16569e-09  9.59762e-24 -4.40557e-11
-3.81753e-16   -0.0343829  -5.1638e-16   -0.0199145 -5.07964e-17    0.0128408  3.45029e-16    0.0243884  2.64925e-16    0.0080595 -4.24404e-17   -0.0118288 -2.12503e-16    -0.013989 -1.14599e-16  -0.00169661  6.10711e-17     0.008052  1.10398e-16   0.00667263  4.30765e-17 -0.000275904 -3.31924e-17  -0.00412275 -4.84818e-17  -0.00278669   -1.965e-17  0.000208475  9.96877e-18   0.00159269  1.85454e-17   0.00109606  1.02533e-17  0.000100363 -9.50306e-19 -0.000400476 -5.56646e-18 -0.000358766 -3.88452e-18 -0.000138624 -1.03233e-18  8.84779e-06  3.92604e-19  4.77957e-05  5.98977e-19  3.46568e-05  3.51379e-19  1.55861e-05  1.25976e-19  4.98187e-06   2.9993e-20  1.15839e-06  5.01652e-21  1.91678e-07  2.15346e-22  2.11569e-08 -2.03684e-22  1.35348e-09 -1.45955e-23  3.48274e-11  5.45469e-24
  -0.0176569 -3.70399e-16    -0.028173 -3.62739e-16    -0.013951  -1.9448e-17    0.0105506  2.64925e-16    0.0205362  2.21479e-16   0.00750241 -3.24872e-17   -0.0105193 -1.93429e-16   -0.0132124 -1.06826e-16  -0.00186589  5.35813e-17   0.00769509  1.06393e-16   0.00667223  4.61633e-17  -3.8197e-05  -2.8169e-17  -0.00402898 -4.79265e-17  -0.00295127 -2.32364e-17 -4.47835e-06  7.21717e-18   0.00154306  1.89871e-17   0.00120856   1.2324e-17  0.000239084  5.37855e-19 -0.000336434 -5.10918e-18 -0.000373653 -4.20327e-18 -0.000185778 -1.63041e-18 -3.14717e-05 -3.40495e-20  2.63549e-05  4.09717e-19  2.71662e-05  2.94592e-19  1.42161e-05  1.19543e-19  5.15432e-06  3.40482e-20  1.37396e-06  7.27015e-21  2.68164e-07  6.04053e-22  3.64306e-08 -1.36533e-22  3.02391e-09  -1.2718e-23  1.00041e-10
 -8.0631e-17   -0.0119228 -2.26876e-16   -0.0197437 -2.79821e-16   -0.0128327 -3.92805e-17    0.0080595  2.21479e-16    0.0188312  2.06562e-16    0.0073111 -3.08469e-17  -0.00988358 -1.81503e-16   -0.0126671 -1.01894e-16  -0.00192897  4.68812e-17   0.00736867   1.0259e-16   0.00665223  4.95606e-17   0.00023145 -2.21334e-17  -0.00388668  -4.7031e-17  -0.00310926 -2.69651e-17 -0.000254392  3.95247e-18   0.00144873  1.89625e-17   0.00130228  1.41175e-17  0.000392541   2.2383e-18 -0.000241145 -4.21904e-18 -0.000362438 -4.26524e-18 -0.000221892 -2.15341e-18 -7.32141e-05 -4.99057e-19 -1.75704e-06  1.37353e-19  1.32545e-05  1.71694e-19  8.77669e-06    7.792e-20  3.41451e-06  2.40486e-20  9.12921e-07  5.06039e-21  1.68733e-07  1.11955e-22   2.0074e-08 -1.62611e-22  1.24115e-09  -1.2478e-23
   0.0030116  4.97789e-17  -0.00340687 -1.63217e-16   -0.0171404  -2.6508e-16   -0.0129257 -4.24404e-17   0.00750241  2.06562e-16    0.0177745  1.92531e-16   0.00674871 -3.25923e-17  -0.00937882 -1.68343e-16   -0.0120733 -9.94841e-17  -0.00203178  3.90375e-17   0.00699516  9.77195e-17   0.00665151  5.33009e-17  0.000548651 -1.57069e-17  -0.00370696 -4.58676e-17  -0.00325926 -3.06542e-17 -0.000533903  3.97213e-19   0.00130704   1.8387e-17   0.00136669  1.54628e-17  0.000551962  4.07753e-18 -0.000115962 -2.94675e-18 -0.000319203 -4.02517e-18  -0.00023754 -2.49595e-18 -0.000107305 -9.09226e-19 -2.96391e-05 -1.46406e-19 -2.49013e-06  2.95798e-20  1.97662e-06  2.65495e-20  1.11817e-06  1.07255e-20  3.14897e-07  2.03709e-21  5.38618e-08 -3.18157e-22  5.21463e-09 -1.42632e-22   1.9068e-10
 1.17922e-16   0.00976077  1.00018e-16  -0.00204455 -1.62868e-16   -0.0169341  -2.4272e-16   -0.0118288 -3.24872e-17    0.0073111  1.92531e-16    0.0164491  1.77085e-16   0.00626101 -2.91168e-17  -0.00877081 -1.54858e-16   -0.0115803 -9.93661e-17  -0.00222492  3.05648e-17    0.0066293  9.20673e-17   0.00667997  5.67266e-17  0.000893214 -9.56253e-18  -0.00349069 -4.44725e-17  -0.00338954 -3.41401e-17 -0.000837321 -3.23814e-18   0.00111367  1.71942e-17   0.00139079   1.6286e-17  0.000705923  5.96412e-18  3.38084e-05 -1.37782e-18 -0.000240909 -3.44211e-18 -0.000223803 -2.54671e-18 -0.000122997 -1.14704e-18 -4.79691e-05 -3.45897e-19 -1.37696e-05 -7.39776e-20 -2.87083e-06 -8.32421e-21 -4.10355e-07  2.51137e-21 -3.46856e-08     3.82e-22 -9.35687e-10 -3.68221e-22  6.74358e-11 -7.23059e-23
  0.00864967  1.74055e-16    0.0111883  7.94863e-17  -0.00254844 -1.54858e-16   -0.0154364 -2.12503e-16   -0.0105193 -3.08469e-17   0.00674871  1.77085e-16    0.0153251   1.6444e-16   0.00603295 -2.25351e-17  -0.00824051  -1.4349e-16   -0.0112239 -9.91103e-17  -0.00243794  2.23922e-17   0.00627839  8.61443e-17   0.00671174  5.96382e-17   0.00126112 -3.78487e-18  -0.00322859 -4.29769e-17   -0.0034917 -3.73256e-17  -0.00115933 -6.84559e-18  0.000866575  1.53263e-17   0.00136309  1.65553e-17  0.000839369  7.76925e-18  0.000197657  3.82336e-19 -0.000129481 -2.49114e-18 -0.000175298 -2.22071e-18 -0.000112027 -1.12041e-18 -4.98017e-05 -3.96992e-19 -1.66459e-05 -1.08573e-19  -4.2429e-06 -1.78409e-20 -8.08794e-07  6.30309e-22 -1.08851e-07  1.26698e-22  -9.0437e-09 -2.05535e-22 -3.01768e-10
 7.83258e-17   0.00959004   1.5931e-16    0.0094442  6.68481e-17  -0.00231538 -1.31301e-16    -0.013989 -1.93429e-16  -0.00988358 -3.25923e-17   0.00626101   1.6444e-16    0.0145571  1.52902e-16   0.00584931 -1.68025e-17  -0.00781902 -1.33788e-16   -0.0109172 -9.78151e-17  -0.00266063  1.47611e-17   0.00591504  8.08117e-17   0.00674163  6.24865e-17   0.00165665  1.76696e-18  -0.00291719 -4.14743e-17  -0.00355737 -4.00299e-17  -0.00149068 -1.04127e-17  0.000565842  1.27428e-17    0.0012717   1.6225e-17  0.000933898  9.31293e-18   0.00035891  2.19699e-18  5.26755e-06 -1.21539e-18  -9.5548e-05 -1.53156e-18 -7.52887e-05  -8.3773e-19 -3.59964e-05 -3.13718e-19 -1.22808e-05 -8.71661e-20 -3.06736e-06 -1.07842e-20 -5.45722e-07  1.82836e-21 -6.35723e-08  3.84172e-22 -3.89099e-09 -6.08832e-23
    0.002358   6.2717e-17   0.00780594   1.4228e-16   0.00894112  7.05349e-17  -0.00170558 -1.14599e-16   -0.0132124 -1.81503e-16  -0.00937882 -2.91168e-17   0.00603295  1.52902e-16    0.0139011   1.4184e-16   0.00565569 -1.24943e-17   -0.0074216 -1.25125e-16   -0.0106468 -9.64159e-17  -0.00291588   7.9374e-18   0.00553707  7.66814e-17   0.00677086  6.56244e-17   0.00207588  7.16138e-18  -0.00255335 -3.98115e-17  -0.00357439 -4.19856e-17  -0.00181926 -1.39638e-17  0.000214335   9.4506e-18   0.00110614  1.52118e-17  0.000968868  1.03641e-17  0.000493949  3.85903e-18   0.00014184  1.95922e-19 -2.34313e-06 -6.53615e-19 -2.63736e-05 -4.31844e-19 -1.55237e-05 -1.75204e-19 -5.44224e-06 -4.62134e-20 -1.28624e-06 -6.04417e-22 -2.01407e-07  2.98034e-21 -1.85604e-08  4.64102e-22 -6.60178e-10
-1.59467e-17  0.000293528   4.4104e-17   0.00702351  1.37959e-16   0.00894308  6.90746e-17  -0.00169661 -1.06826e-16   -0.0126671 -1.68343e-16  -0.00877081 -2.25351e-17   0.00584931   1.4184e-16    0.0132959    1.332e-16   0.00552309 -9.11814e-18  -0.00704083 -1.17527e-16   -0.0104301 -9.55663e-17  -0.00319834  2.07997e-18   0.00514658  7.35947e-17   0.00679057  6.90145e-17   0.00251439  1.23595e-17  -0.00213127 -3.76424e-17  -0.00352927 -4.29695e-17  -0.00212966 -1.75127e-17 -0.000180008  5.49952e-18  0.000859884  1.33939e-17  0.000923237  1.06438e-17  0.000571944  5.04527e-18   0.00024646  1.39235e-18  7.49105e-05  1.23507e-19  1.45221e-05 -8.36349e-20  8.81742e-07 -6.30904e-20 -4.39852e-07 -1.47408e-20 -1.57939e-07  5.07398e-21 -2.45803e-08  2.90516e-21 -1.73504e-09  2.48593e-22
 -0.00251497 -4.52096e-17 -0.000797867  4.28319e-17   0.00709975  1.30356e-16   0.00855849  6.10711e-17  -0.00186589 -1.01894e-16   -0.0120733 -1.54858e-16  -0.00824051 -1.68025e-17   0.00565569    1.332e-16    0.0128008  1.27269e-16   0.00544271 -6.25067e-18  -0.00669688 -1.10777e-16   -0.0102538 -9.52324e-17  -0.00350055  -3.0788e-18   0.00473461  7.10775e-17   0.00679222  7.23767e-17   0.00296954  1.72995e-17  -0.00164632 -3.45944e-17  -0.00340732 -4.29211e-17  -0.00240144 -2.10618e-17 -0.000601741  9.60153e-19  0.000533385  1.06233e-17  0.000778336  9.84188e-18  0.000560145  5.36842e-18  0.000284413  2.00925e-18  0.000110338  5.58916e-19   3.3468e-05  9.49768e-20   7.9175e-06 -1.12189e-20  1.42529e-06 -1.22832e-21  1.84217e-07  5.60515e-21  1.49608e-08  1.86117e-21  4.96866e-10
-3.88881e-17  -0.00392916 -4.96974e-17 -0.000675286  4.33611e-17   0.00698178  1.18423e-16     0.008052  5.35813e-17  -0.00192897 -9.94841e-17   -0.0115803  -1.4349e-16  -0.00781902 -1.24943e-17   0.00552309  1.27269e-16    0.0123986  1.22512e-16   0.00538303 -3.42386e-18  -0.00637652 -1.04729e-16   -0.0101049 -9.53264e-17  -0.00382702  -7.9186e-18   0.00429388  6.88458e-17   0.00676904   7.5392e-17   0.00343578  2.20777e-17  -0.00109532 -3.03989e-17  -0.00319192 -4.19481e-17  -0.00260816 -2.45639e-17  -0.00102584 -4.06967e-18  0.000137271  6.78634e-18  0.000526808  7.75072e-18   0.00044238  4.61239e-18  0.000242783  1.91224e-18  9.90067e-05  6.07629e-19   3.0888e-05  1.11509e-19  7.30525e-06 -6.06545e-21   1.2572e-06 -3.30111e-22  1.43763e-07   3.5391e-21  8.73236e-09  6.82083e-22
 -0.00203093 -4.79158e-17  -0.00406475 -4.56596e-17 -0.000613436  4.08798e-17   0.00673892  1.10398e-16   0.00769509  4.68812e-17  -0.00203178 -9.93661e-17   -0.0112239 -1.33788e-16   -0.0074216 -9.11814e-18   0.00544271  1.22512e-16    0.0120509  1.17817e-16   0.00534943 -6.50571e-19  -0.00606742 -9.96673e-17  -0.00998316 -9.59616e-17  -0.00417953 -1.26838e-17   0.00381948  6.67988e-17   0.00671108  7.78847e-17   0.00390479  2.70115e-17 -0.000476479 -2.49508e-17  -0.00286506 -4.01716e-17  -0.00271749 -2.78268e-17  -0.00141688 -9.38269e-18 -0.000299087   2.0194e-18  0.000193133   4.5564e-18  0.000243053   2.9974e-18  0.000145412  1.31023e-18  5.96264e-05  4.14469e-19  1.78359e-05  4.71684e-20  3.86752e-06 -1.87056e-20  5.76163e-07 -3.73563e-21  5.16252e-08   1.3931e-21  1.81171e-09
-1.02619e-17   -0.0020912 -4.69315e-17  -0.00405499 -4.38211e-17 -0.000639374   4.0597e-17   0.00667263  1.06393e-16   0.00736867  3.90375e-17  -0.00222492 -9.91103e-17   -0.0109172 -1.25125e-16  -0.00704083 -6.25067e-18   0.00538303  1.17817e-16    0.0117582  1.13034e-16   0.00534708  1.67061e-18  -0.00577011 -9.59001e-17  -0.00988489 -9.74793e-17  -0.00455716 -1.75231e-17   0.00330382  6.48243e-17   0.00660608  7.98631e-17   0.00436555  3.24965e-17  0.000209296 -1.82478e-17  -0.00240954  -3.7523e-17  -0.00269386 -3.03967e-17  -0.00172385 -1.44288e-17 -0.000710709 -2.97915e-18 -0.000149676  1.02225e-18  2.95128e-05  1.16426e-18  4.10639e-05  6.05739e-19  1.93306e-05  1.76919e-19  5.71707e-06 -2.03934e-20  1.12698e-06 -2.93392e-20  1.39911e-07 -5.64211e-21  8.88251e-09  3.07559e-22
 7.28257e-05 -6.33747e-18   -0.0019965 -4.83502e-17   -0.0042084 -4.15928e-17 -0.000509133  4.30765e-17   0.00667223   1.0259e-16   0.00699516  3.05648e-17  -0.00243794 -9.78151e-17   -0.0106468 -1.17527e-16  -0.00669688 -3.42386e-18   0.00534943  1.13034e-16    0.0115211  1.08644e-16   0.00536935  3.52192e-18  -0.00548084 -9.35699e-17   -0.0098039 -1.00309e-16  -0.00496136 -2.25083e-17   0.00273836  6.26556e-17   0.00643997  8.14264e-17   0.00480315  3.88402e-17  0.000955417 -1.02854e-17    -0.001814 -3.36063e-17  -0.00249687 -3.14033e-17  -0.00186977 -1.80863e-17 -0.000993897 -6.94527e-18 -0.000398835 -1.77536e-18 -0.000122149 -1.95504e-19 -2.80981e-05  1.19682e-19 -4.65084e-06  1.70144e-20  -5.0782e-07 -5.62395e-20  -3.0031e-08 -3.08178e-20  -4.2454e-10 -4.23612e-21  1.58578e-11
 9.81084e-18  0.000529143 -6.72036e-18  -0.00215615  -4.9947e-17  -0.00424892 -3.76239e-17 -0.000275904  4.61633e-17   0.00665223  9.77195e-17    0.0066293  2.23922e-17  -0.00266063 -9.64159e-17   -0.0104301 -1.10777e-16  -0.00637652 -6.50571e-19   0.00534708  1.08644e-16    0.0113295  1.05559e-16    0.0054152  5.33369e-18  -0.00519313 -9.28163e-17  -0.00973659 -1.04611e-16  -0.00539364 -2.76964e-17   0.00211442  5.98537e-17   0.00619621  8.26756e-17   0.00519617  4.61476e-17   0.00174396 -9.79309e-19  -0.00107287 -2.76269e-17  -0.00207621 -2.95605e-17  -0.00176303 -1.89251e-17  -0.00104833 -8.65761e-18 -0.000479579 -3.07208e-18 -0.000173661 -7.53487e-19 -4.98347e-05 -6.36569e-20 -1.11135e-05 -4.49833e-20 -1.84011e-06 -6.03779e-20 -2.06009e-07 -2.33647e-20 -1.24393e-08 -1.38475e-21
 0.000805088  1.51325e-17  0.000648219 -9.30894e-18  -0.00232919 -4.95814e-17  -0.00419018 -3.31924e-17  -3.8197e-05  4.95606e-17   0.00665151  9.20673e-17   0.00627839  1.47611e-17  -0.00291588 -9.55663e-17   -0.0102538 -1.04729e-16  -0.00606742  1.67061e-18   0.00536935  1.05559e-16    0.0111792  1.04633e-16   0.00548696  7.43647e-18  -0.00490317 -9.37428e-17  -0.00967906 -1.10113e-16  -0.00585444  -3.3288e-17   0.00142309   5.5912e-17   0.00585404  8.35879e-17   0.00551186  5.42509e-17   0.00254694  9.88473e-18 -0.000182936 -1.86131e-17  -0.00139325 -2.37749e-17  -0.00135735 -1.61478e-17  -0.00085037  -7.7874e-18 -0.000396302 -2.86865e-18 -0.000142385 -6.48463e-19 -3.93555e-05 -4.29169e-20  -8.1302e-06 -4.23601e-20 -1.17747e-06 -4.55454e-20 -1.04077e-07 -1.16528e-20  -3.6437e-09
 8.58293e-18   0.00112048  1.62308e-17  0.000631399 -1.11691e-17  -0.00245742 -4.88623e-17  -0.00412275  -2.8169e-17   0.00023145  5.33009e-17   0.00667997  8.61443e-17   0.00591504   7.9374e-18  -0.00319834 -9.52324e-17   -0.0101049 -9.96673e-17  -0.00577011  3.52192e-18    0.0054152  1.04633e-16    0.0110699  1.06214e-16   0.00558473  9.80374e-18  -0.00460666 -9.61986e-17  -0.00962617 -1.16281e-16   -0.0063431 -3.97176e-17  0.000654048  5.03014e-17   0.00538473  8.38563e-17   0.00571016  6.27169e-17   0.00333152  2.23939e-17  0.000830872 -6.31524e-18 -0.000488807 -1.43035e-17 -0.000725576 -1.04994e-17 -0.000490443 -5.19311e-18 -0.000227555 -1.81373e-18 -7.78901e-05 -2.56101e-19 -1.97418e-05  4.75789e-20 -3.57522e-06 -1.38916e-20 -4.23682e-07 -2.46881e-20  -2.6318e-08 -2.52119e-21
 0.000356023  1.12052e-17   0.00126211  1.63873e-17  0.000609591 -1.32635e-17  -0.00261249 -4.84818e-17  -0.00402898 -2.21334e-17  0.000548651  5.67266e-17   0.00671174  8.08117e-17   0.00553707  2.07997e-18  -0.00350055 -9.53264e-17  -0.00998316 -9.59001e-17  -0.00548084  5.33369e-18   0.00548696  1.06214e-16    0.0109995  1.10191e-16   0.00570951  1.22328e-17  -0.00429803 -9.96011e-17  -0.00957133 -1.22614e-16  -0.00685879 -4.76176e-17 -0.000207403  4.24763e-17   0.00475854  8.28577e-17   0.00575218  7.06795e-17   0.00403439  3.56041e-17   0.00184954  7.60939e-18  0.000458674 -3.40885e-18 -6.31121e-05 -4.13452e-18 -0.000126553 -2.33466e-18 -6.90534e-05 -6.77735e-19 -2.36544e-05  1.10023e-19 -5.53523e-06  1.27649e-19 -8.61479e-07  1.27374e-20 -7.89272e-08 -7.79602e-21 -2.78645e-09
 8.96235e-19  0.000406784  1.30365e-17   0.00140051  1.57856e-17  0.000528659 -1.62444e-17  -0.00278669 -4.79265e-17  -0.00388668 -1.57069e-17  0.000893214  5.96382e-17   0.00674163  7.66814e-17   0.00514658  -3.0788e-18  -0.00382702 -9.59616e-17  -0.00988489 -9.35699e-17  -0.00519313  7.43647e-18   0.00558473  1.10191e-16    0.0109669   1.1622e-16   0.00586382   1.4671e-17  -0.00397032 -1.02937e-16  -0.00950754 -1.28834e-16  -0.00740317 -5.75732e-17  -0.00117137  3.20423e-17    0.0039559  7.95769e-17   0.00557612   7.6218e-17   0.00450306  4.66375e-17     0.002628  1.95091e-17   0.00117727  5.51693e-18  0.000411765  6.44923e-19   0.00011218 -3.35234e-19  2.34654e-05  9.27401e-20  3.68621e-06  3.26665e-19  4.24934e-07  1.67856e-19  3.51837e-08   2.2743e-20  1.87764e-09 -1.18337e-23
-0.000113264  8.78674e-19  0.000488951  1.47329e-17   0.00151097  1.42096e-17  0.000386355   -1.965e-17  -0.00295127  -4.7031e-17  -0.00370696 -9.56253e-18   0.00126112  6.24865e-17   0.00677086  7.35947e-17   0.00473461  -7.9186e-18  -0.00417953 -9.74793e-17   -0.0098039 -9.28163e-17  -0.00490317  9.80374e-18   0.00570951   1.1622e-16    0.0109727   1.2376e-16   0.00605169  1.73963e-17  -0.00361638 -1.05085e-16  -0.00943017 -1.34839e-16  -0.00797041 -6.96501e-17  -0.00223075   1.8786e-17   0.00294384  7.22078e-17   0.00504611  7.60008e-17   0.00449254  5.13223e-17   0.00288947  2.55573e-17   0.00145339  9.94082e-18  0.000586753  2.73019e-18  0.000190622  5.21535e-19  4.91046e-05  4.45686e-19  9.68599e-06  4.03196e-19  1.36725e-06   1.5884e-19  1.19885e-07  1.61462e-20  4.22635e-09
-2.48682e-18 -0.000197345  1.84571e-18   0.00060469  1.58894e-17   0.00157166  1.22182e-17  0.000208475 -2.32364e-17  -0.00310926 -4.58676e-17  -0.00349069 -3.78487e-18   0.00165665  6.56244e-17   0.00679057  7.10775e-17   0.00429388 -1.26838e-17  -0.00455716 -1.00309e-16  -0.00973659 -9.37428e-17  -0.00460666  1.22328e-17   0.00586382   1.2376e-16    0.0110192  1.32038e-16   0.00627729  2.08302e-17  -0.00323184  -1.0522e-16  -0.00932636 -1.40363e-16  -0.00853425 -8.32752e-17  -0.00338613  2.17084e-18   0.00162992  5.81441e-17   0.00397361  6.65931e-17   0.00380193   4.6785e-17   0.00251449  2.42781e-17   0.00127129  9.63509e-18  0.000505086  2.54461e-18  0.000157484  5.95281e-19  3.76897e-05  5.22594e-19  6.60138e-06  3.77614e-19  7.69943e-07  1.07084e-19  4.77123e-08  4.49881e-21
-0.000180578 -3.50392e-18 -0.000217645  3.10623e-18  0.000720734  1.68105e-17   0.00159936  9.96877e-18 -4.47835e-06 -2.69651e-17  -0.00325926 -4.44725e-17  -0.00322859  1.76696e-18   0.00207588  6.90145e-17   0.00679222  6.88458e-17   0.00381948 -1.75231e-17  -0.00496136 -1.04611e-16  -0.00967906 -9.61986e-17  -0.00429803   1.4671e-17   0.00605169  1.32038e-16    0.0111088  1.40035e-16   0.00654172  2.52533e-17  -0.00280434  -1.0289e-16  -0.00916252 -1.44892e-16  -0.00907535 -9.79393e-17  -0.00468962 -1.88626e-17 -9.86244e-05   3.5613e-17   0.00228233  4.73417e-17   0.00247746  3.40143e-17   0.00166035  1.75421e-17  0.000815516  6.42151e-18  0.000305711  1.31837e-18  8.74173e-05  3.68539e-19  1.85398e-05  4.58161e-19  2.73745e-06  2.77741e-19  2.45153e-07  4.18814e-20  8.64843e-09
 -1.6831e-18 -0.000263741 -3.86593e-18 -0.000210472  4.48185e-18  0.000843458  1.77513e-17   0.00159269  7.21717e-18 -0.000254392 -3.06542e-17  -0.00338954 -4.29769e-17  -0.00291719  7.16138e-18   0.00251439  7.23767e-17   0.00676904  6.67988e-17   0.00330382 -2.25083e-17  -0.00539364 -1.10113e-16  -0.00962617 -9.96011e-17  -0.00397032  1.73963e-17   0.00627729  1.40035e-16     0.011241  1.46789e-16   0.00685399  3.08647e-17  -0.00230134 -9.80238e-17  -0.00891412 -1.48256e-16  -0.00962469 -1.13645e-16  -0.00619411  -4.4363e-17  -0.00219497  6.45971e-18  0.000202647  2.23472e-17  0.000881846  1.78318e-17  0.000686164  9.16351e-18  0.000339123  2.66318e-18  0.000120449  1.04245e-19    3.125e-05  1.11939e-19  5.74171e-06  3.23045e-19  6.85711e-07  1.40438e-19  4.26879e-08  1.63884e-22
-5.69724e-05  -2.5307e-18 -0.000328925 -3.94906e-18 -0.000176502  6.16359e-18  0.000972113  1.85454e-17   0.00154306  3.95247e-18 -0.000533903 -3.41401e-17   -0.0034917 -4.14743e-17  -0.00255335  1.23595e-17   0.00296954   7.5392e-17   0.00671108  6.48243e-17   0.00273836 -2.76964e-17  -0.00585444 -1.16281e-16  -0.00957133 -1.02937e-16  -0.00361638  2.08302e-17   0.00654172  1.46789e-16    0.0114229  1.52043e-16   0.00724282  3.78436e-17  -0.00170201 -9.12439e-17  -0.00860939 -1.50754e-16   -0.0102054 -1.29473e-16  -0.00776803 -7.07809e-17  -0.00428311 -2.27393e-17  -0.00172979 -9.27858e-19 -0.000476831   4.0273e-18   -6.119e-05  2.44036e-18  1.55907e-05 -1.28293e-19  1.12783e-05 -6.92555e-19  3.26007e-06 -1.03924e-19  5.48121e-07  1.58656e-19  5.08121e-08  2.26483e-20  1.73049e-09
-1.82585e-19 -8.60954e-05 -3.35146e-18 -0.000384891 -3.68553e-18 -0.000110481  8.13538e-18   0.00109606  1.89871e-17   0.00144873  3.97213e-19 -0.000837321 -3.73256e-17  -0.00355737 -3.98115e-17  -0.00213127  1.72995e-17   0.00343578  7.78847e-17   0.00660608  6.26556e-17   0.00211442  -3.3288e-17   -0.0063431 -1.22614e-16  -0.00950754 -1.05085e-16  -0.00323184  2.52533e-17   0.00685399  1.52043e-16    0.0116813  1.56484e-16   0.00772355  4.59565e-17  -0.00104115 -8.35143e-17  -0.00826606 -1.51417e-16   -0.0106472 -1.41152e-16  -0.00895727 -9.05171e-17  -0.00573642  -4.3379e-17  -0.00294299 -1.58111e-17  -0.00123395 -3.94119e-18 -0.000424552 -1.37035e-18  -0.00011879 -1.67421e-18 -2.63682e-05 -1.13527e-18 -4.42017e-06  -2.5927e-19 -5.07912e-07  8.47575e-21 -3.18052e-08 -2.72538e-20
 2.66583e-05 -4.13702e-19 -0.000127388 -4.11011e-18 -0.000422837 -3.07584e-18   -1.716e-05  1.02533e-17   0.00120856  1.89625e-17   0.00130704 -3.23814e-18  -0.00115933 -4.00299e-17  -0.00357439 -3.76424e-17  -0.00164632  2.20777e-17   0.00390479  7.98631e-17   0.00643997  5.98537e-17   0.00142309 -3.97176e-17  -0.00685879 -1.28834e-16  -0.00943017  -1.0522e-16  -0.00280434  3.08647e-17   0.00724282  1.56484e-16    0.0120293   1.6099e-16   0.00825407  5.46688e-17 -0.000342327 -7.40939e-17  -0.00770673 -1.45745e-16   -0.0104786 -1.41173e-16   -0.0091352 -9.56123e-17  -0.00603048 -4.98163e-17  -0.00316793 -2.00391e-17  -0.00134382 -6.19091e-18 -0.000458595 -2.87403e-18 -0.000123549 -2.41421e-18 -2.53088e-05  -1.3448e-18 -3.67932e-06 -3.30779e-19 -3.29447e-07 -8.06107e-20 -1.17679e-08
 4.23692e-19  3.72312e-05 -8.43877e-19 -0.000175706 -4.76039e-18 -0.000440163 -2.16362e-18  0.000100363   1.2324e-17   0.00130228   1.8387e-17   0.00111367 -6.84559e-18  -0.00149068 -4.19856e-17  -0.00352927 -3.45944e-17  -0.00109532  2.70115e-17   0.00436555  8.14264e-17   0.00619621   5.5912e-17  0.000654048 -4.76176e-17  -0.00740317 -1.34839e-16  -0.00932636  -1.0289e-16  -0.00230134  3.78436e-17   0.00772355   1.6099e-16    0.0124218  1.66077e-16   0.00880402  6.49084e-17  0.000565707 -5.85009e-17  -0.00647671 -1.26616e-16  -0.00913534 -1.23287e-16  -0.00791641 -8.31988e-17  -0.00509974 -4.26221e-17  -0.00257258 -1.61989e-17  -0.00102953 -5.21941e-18 -0.000324495  -3.3546e-18 -7.85677e-05 -2.77508e-18 -1.39157e-05 -1.32494e-18 -1.63966e-06 -3.21717e-19 -1.02539e-07 -8.09703e-20
 3.20545e-05  6.10376e-19  3.46904e-05 -1.39678e-18 -0.000227177  -5.2893e-18 -0.000434173 -9.50306e-19  0.000239084  1.41175e-17   0.00136669  1.71942e-17  0.000866575 -1.04127e-17  -0.00181926 -4.29695e-17  -0.00340732 -3.03989e-17 -0.000476479  3.24965e-17   0.00480315  8.26756e-17   0.00585404  5.03014e-17 -0.000207403 -5.75732e-17  -0.00797041 -1.40363e-16  -0.00916252 -9.80238e-17  -0.00170201  4.59565e-17   0.00825407  1.66077e-16    0.0128256  1.73099e-16   0.00953765   8.0823e-17   0.00211305 -3.01869e-17  -0.00409461 -8.96471e-17  -0.00641141 -8.81698e-17   -0.0054989 -5.79277e-17  -0.00339344 -2.76457e-17   -0.0016063 -9.27376e-18 -0.000591706 -3.75195e-18 -0.000167913 -3.69191e-18 -3.55402e-05 -2.82689e-18 -5.25544e-06 -1.08437e-18 -4.72484e-07 -2.54487e-19 -1.67634e-08
 3.19128e-19  5.06153e-05  6.69548e-19  2.07524e-05 -2.04205e-18 -0.000278836 -5.60024e-18 -0.000400476  5.37855e-19  0.000392541  1.54628e-17   0.00139079  1.53263e-17  0.000565842 -1.39638e-17  -0.00212966 -4.29211e-17  -0.00319192 -2.49508e-17  0.000209296  3.88402e-17   0.00519617  8.35879e-17   0.00538473  4.24763e-17  -0.00117137 -6.96501e-17  -0.00853425 -1.44892e-16  -0.00891412 -9.12439e-17  -0.00104115  5.46688e-17   0.00880402  1.73099e-16    0.0134023    1.858e-16    0.0108672  1.07902e-16   0.00470997  1.34916e-17 -0.000521868 -3.88292e-17  -0.00276452 -4.47884e-17  -0.00261844  -2.9214e-17  -0.00159488  -1.2158e-17 -0.000712788 -3.57801e-18 -0.000240525 -3.25297e-18 -6.06874e-05 -3.98887e-18  -1.0988e-05 -2.47093e-18 -1.30413e-06 -7.41328e-19 -8.11707e-08 -1.44421e-19
 1.06889e-05  5.53135e-19  6.53692e-05  6.02269e-19 -5.50849e-06 -2.72623e-18 -0.000324872 -5.56646e-18 -0.000336434   2.2383e-18  0.000551962   1.6286e-17   0.00136309  1.27428e-17  0.000214335 -1.75127e-17  -0.00240144 -4.19481e-17  -0.00286506 -1.82478e-17  0.000955417  4.61476e-17   0.00551186  8.38563e-17   0.00475854  3.20423e-17  -0.00223075 -8.32752e-17  -0.00907535 -1.48256e-16  -0.00860939 -8.35143e-17 -0.000342327  6.49084e-17   0.00953765    1.858e-16    0.0145579  2.08633e-16    0.0131584  1.47105e-16   0.00827066  6.59853e-17   0.00357651  1.33882e-17  0.000836984 -5.67795e-18 -0.000140924 -5.81922e-18 -0.000244976 -1.24179e-18 -0.000130355 -1.03676e-18 -4.38935e-05 -3.69732e-18 -1.00955e-05 -3.89261e-18 -1.53921e-06 -1.78622e-18 -1.37326e-07 -4.28368e-19 -4.67825e-09
 7.05085e-20  2.05827e-05  7.67214e-19  7.41104e-05  3.92474e-19  -4.2999e-05 -3.36756e-18 -0.000358766 -5.10918e-18 -0.000241145  4.07753e-18  0.000705923  1.65553e-17    0.0012717   9.4506e-18 -0.000180008 -2.10618e-17  -0.00260816 -4.01716e-17  -0.00240954 -1.02854e-17   0.00174396  5.42509e-17   0.00571016  8.28577e-17    0.0039559   1.8786e-17  -0.00338613 -9.79393e-17  -0.00962469 -1.50754e-16  -0.00826606 -7.40939e-17  0.000565707   8.0823e-17    0.0108672  2.08633e-16    0.0166435  2.41356e-16    0.0162529   1.9021e-16    0.0119934  1.12807e-16   0.00708239  5.26341e-17   0.00343372  2.00113e-17   0.00138243  7.95742e-18  0.000462935  3.56439e-18  0.000127794 -1.24653e-18  2.83828e-05 -4.24139e-18  4.82556e-06 -3.19122e-18  5.68917e-07 -1.06013e-18  3.68624e-08 -1.89551e-19
-2.29998e-06  1.66742e-19  3.27954e-05  9.21156e-19  7.41381e-05  3.70691e-20  -8.8843e-05 -3.88452e-18 -0.000373653 -4.21904e-18 -0.000115962  5.96412e-18  0.000839369   1.6225e-17   0.00110614  5.49952e-18 -0.000601741 -2.45639e-17  -0.00271749  -3.7523e-17    -0.001814 -9.79309e-19   0.00254694  6.27169e-17   0.00575218  7.95769e-17   0.00294384  2.17084e-18  -0.00468962 -1.13645e-16   -0.0102054 -1.51417e-16  -0.00770673 -5.85009e-17   0.00211305  1.07902e-16    0.0131584  2.41356e-16    0.0194772  2.74928e-16    0.0192764  2.22062e-16    0.0146859  1.39425e-16    0.0090309  7.06532e-17   0.00456054  3.02816e-17   0.00189447  1.25296e-17  0.000640853  3.53572e-18  0.000172607  -2.6133e-18  3.55727e-05 -4.12071e-18  5.22798e-06  -2.1223e-18  4.75045e-07 -5.21202e-19  1.72742e-08
-4.77822e-20 -1.00864e-06  2.93765e-19  4.53515e-05  9.80928e-19  6.36393e-05 -4.51937e-19 -0.000138624 -4.20327e-18 -0.000362438 -2.94675e-18  3.38084e-05  7.76925e-18  0.000933898  1.52118e-17  0.000859884  9.60153e-19  -0.00102584 -2.78268e-17  -0.00269386 -3.36063e-17  -0.00107287  9.88473e-18   0.00333152  7.06795e-17   0.00557612  7.22078e-17   0.00162992 -1.88626e-17  -0.00619411 -1.29473e-16   -0.0106472 -1.45745e-16  -0.00647671 -3.01869e-17   0.00470997  1.47105e-16    0.0162529  2.74928e-16    0.0221627  2.94213e-16    0.0210107  2.29149e-16    0.0154309  1.39648e-16    0.0091102  6.86846e-17   0.00437311  2.89907e-17   0.00170169  1.09514e-17  0.000528815  1.16233e-18  0.000127469 -3.61315e-18  2.26395e-05 -3.21448e-18  2.69023e-06 -1.13929e-18  1.70471e-07 -1.96252e-19
 -3.9859e-06   -5.301e-20  3.49201e-06  4.33409e-19  5.58918e-05  9.19404e-19  4.16247e-05 -1.03233e-18 -0.000185778 -4.26524e-18 -0.000319203 -1.37782e-18  0.000197657  9.31293e-18  0.000968868  1.33939e-17  0.000533385 -4.06967e-18  -0.00141688 -3.03967e-17  -0.00249687 -2.76269e-17 -0.000182936  2.23939e-17   0.00403439   7.6218e-17   0.00504611  5.81441e-17 -9.86244e-05  -4.4363e-17  -0.00776803 -1.41152e-16   -0.0104786 -1.26616e-16  -0.00409461  1.34916e-17   0.00827066   1.9021e-16    0.0192764  2.94213e-16    0.0234766  2.86717e-16    0.0205918  2.07769e-16    0.0140836  1.18178e-16   0.00772125  5.45867e-17   0.00341471  2.19303e-17    0.0012093  6.71027e-18  0.000336043 -1.29016e-18  7.05548e-05 -3.55214e-18  1.04507e-05 -1.98742e-18  9.48546e-07 -4.97958e-19  3.42024e-08
-4.57549e-20 -5.86966e-06 -2.09408e-20  1.08538e-05  5.64696e-19  6.15599e-05  7.21057e-19  8.84779e-06 -1.63041e-18 -0.000221892 -4.02517e-18 -0.000240909  3.82336e-19   0.00035891  1.03641e-17  0.000923237  1.06233e-17  0.000137271 -9.38269e-18  -0.00172385 -3.14033e-17  -0.00207621 -1.86131e-17  0.000830872  3.56041e-17   0.00450306  7.60008e-17   0.00397361   3.5613e-17  -0.00219497 -7.07809e-17  -0.00895727 -1.41173e-16  -0.00913534 -8.96471e-17 -0.000521868  6.59853e-17    0.0119934  2.22062e-16    0.0210107  2.86717e-16    0.0225772  2.50447e-16    0.0180002  1.65581e-16    0.0112667  8.63514e-17   0.00564294  3.71613e-17   0.00226384  1.37267e-17   0.00071849   2.4589e-18  0.000175534 -2.57573e-18  3.14022e-05  -2.6389e-18  3.73941e-06 -9.77437e-19  2.36466e-07 -1.65382e-19
-1.87417e-06 -7.23646e-20 -6.00696e-06  4.91687e-20  1.99891e-05  6.57663e-19  5.95118e-05  3.92604e-19 -3.14717e-05 -2.15341e-18  -0.00023754 -3.44211e-18 -0.000129481  2.19699e-18  0.000493949  1.06438e-17  0.000778336  6.78634e-18 -0.000299087 -1.44288e-17  -0.00186977 -2.95605e-17  -0.00139325 -6.31524e-18   0.00184954  4.66375e-17   0.00449254  6.65931e-17   0.00228233  6.45971e-18  -0.00428311 -9.05171e-17   -0.0091352 -1.23287e-16  -0.00641141 -3.88292e-17   0.00357651  1.12807e-16    0.0146859  2.29149e-16    0.0205918  2.50447e-16    0.0194914  1.94785e-16    0.0140107   1.1628e-16   0.00795166  5.52966e-17   0.00360357  2.21382e-17   0.00129805  6.91078e-18  0.000364801 -3.94223e-19  7.71144e-05 -2.55853e-18  1.14586e-05 -1.51803e-18  1.04027e-06 -3.86311e-19  3.74287e-08
-1.61485e-20 -3.52466e-06   -8.123e-20 -3.80071e-06  1.47246e-19  2.88365e-05  6.78511e-19  4.77957e-05 -3.40495e-20 -7.32141e-05 -2.49595e-18 -0.000223803 -2.49114e-18  5.26755e-06  3.85903e-18  0.000571944  9.84188e-18  0.000526808   2.0194e-18 -0.000710709 -1.80863e-17  -0.00176303 -2.37749e-17 -0.000488807  7.60939e-18     0.002628  5.13223e-17   0.00380193  4.73417e-17  0.000202647 -2.27393e-17  -0.00573642 -9.56123e-17  -0.00791641 -8.81698e-17  -0.00276452  1.33882e-17   0.00708239  1.39425e-16    0.0154309  2.07769e-16    0.0180002  1.94785e-16    0.0150473  1.34573e-16   0.00971674  7.22149e-17   0.00497244  3.14135e-17   0.00202488  1.15223e-17  0.000649201  2.35984e-18  0.000159638 -1.57728e-18   2.8662e-05 -1.79826e-18   3.4176e-06 -6.86178e-19  2.15997e-07 -1.15085e-19
-3.37493e-07 -3.31613e-20 -4.77537e-06 -6.57892e-20  7.62127e-07  2.51375e-19  3.46583e-05  5.98977e-19  2.63549e-05 -4.99057e-19 -0.000107305 -2.54671e-18 -0.000175298 -1.21539e-18   0.00014184  5.04527e-18  0.000560145  7.75072e-18  0.000193133 -2.97915e-18 -0.000993897 -1.89251e-17  -0.00135735 -1.43035e-17  0.000458674  1.95091e-17   0.00288947   4.6785e-17   0.00247746  2.23472e-17  -0.00172979  -4.3379e-17  -0.00603048 -8.31988e-17   -0.0054989 -4.47884e-17  0.000836984  5.26341e-17    0.0090309  1.39648e-16    0.0140836  1.65581e-16    0.0140107  1.34573e-16    0.0103799  8.25511e-17   0.00601071  3.98622e-17   0.00276189  1.59549e-17   0.00100434  5.01731e-18  0.000284036 -2.69611e-20  6.02722e-05 -1.55486e-18  8.97311e-06 -9.58743e-19  8.14917e-07  -2.4678e-19  2.92941e-08
-1.07569e-21 -1.07038e-06 -4.82477e-20 -4.92566e-06 -2.50723e-20  6.81527e-06  3.30423e-19  3.46568e-05  4.09717e-19 -1.75704e-06 -9.09226e-19 -0.000122997 -2.22071e-18  -9.5548e-05  1.95922e-19   0.00024646  5.36842e-18   0.00044238   4.5564e-18 -0.000149676 -6.94527e-18  -0.00104833 -1.61478e-17 -0.000725576 -3.40885e-18   0.00117727  2.55573e-17   0.00251449  3.40143e-17  0.000881846 -9.27858e-19  -0.00294299 -4.98163e-17  -0.00509974 -5.79277e-17  -0.00261844 -5.67795e-18   0.00343372  7.06532e-17    0.0091102  1.18178e-16    0.0112667   1.1628e-16   0.00971674  8.25511e-17   0.00639937  4.50134e-17   0.00331853  1.96925e-17    0.0013637  7.19943e-18  0.000439913  1.54986e-18  0.000108602 -8.38837e-19  1.95429e-05 -1.02254e-18   2.3324e-06 -3.97653e-19  1.47388e-07 -6.64322e-20
 1.14887e-07 -7.32268e-21 -1.95385e-06 -5.40956e-20 -3.50652e-06  3.34807e-20  1.25422e-05  3.51379e-19  2.71662e-05  1.37353e-19 -2.96391e-05 -1.14704e-18 -0.000112027 -1.53156e-18 -2.34313e-06  1.39235e-18  0.000284413  4.61239e-18  0.000243053  1.02225e-18 -0.000398835 -8.65761e-18  -0.00085037 -1.04994e-17 -6.31121e-05  5.51693e-18   0.00145339  2.42781e-17   0.00166035  1.78318e-17 -0.000476831 -1.58111e-17  -0.00316793 -4.26221e-17  -0.00339344  -2.9214e-17 -0.000140924  2.00113e-17   0.00456054  6.86846e-17   0.00772125  8.63514e-17   0.00795166  7.22149e-17   0.00601071  4.50134e-17    0.0035265  2.19073e-17   0.00163485  8.76372e-18  0.000598109  2.76193e-18   0.00016983  3.94751e-20  3.61272e-05 -7.96287e-19  5.38539e-06 -5.01824e-19   4.8925e-07 -1.30203e-19  1.75794e-08
 1.86214e-21 -7.87853e-08  -1.5998e-20  -2.5305e-06 -4.48746e-20   -6.485e-07  9.18491e-20  1.55861e-05  2.94592e-19  1.32545e-05 -1.46406e-19 -4.79691e-05 -1.12041e-18 -7.52887e-05 -6.53615e-19  7.49105e-05  2.00925e-18  0.000242783   2.9974e-18  2.95128e-05 -1.77536e-18 -0.000479579  -7.7874e-18 -0.000490443 -4.13452e-18  0.000411765  9.94082e-18   0.00127129  1.75421e-17  0.000686164   4.0273e-18  -0.00123395 -2.00391e-17  -0.00257258 -2.76457e-17  -0.00159488 -5.81922e-18   0.00138243  3.02816e-17   0.00437311  5.45867e-17   0.00564294  5.52966e-17   0.00497244  3.98622e-17   0.00331853  2.19073e-17   0.00173612  9.60037e-18  0.000717724  3.50028e-18  0.000232467  7.66312e-19  5.75402e-05 -3.84312e-19  1.03701e-05 -4.83248e-19  1.23848e-06 -1.90028e-19  7.82589e-08  -3.1717e-20
 1.08602e-07  7.21962e-22 -4.70371e-07 -2.25476e-20 -2.35519e-06 -2.08516e-20  2.68252e-06  1.25976e-19  1.42161e-05  1.71694e-19 -2.49013e-06 -3.45897e-19 -4.98017e-05  -8.3773e-19 -2.63736e-05  1.23507e-19  0.000110338  1.91224e-18  0.000145412  1.16426e-18 -0.000122149 -3.07208e-18 -0.000396302 -5.19311e-18 -0.000126553  6.44923e-19  0.000586753  9.63509e-18  0.000815516  9.16351e-18   -6.119e-05 -3.94119e-18  -0.00134382 -1.61989e-17   -0.0016063  -1.2158e-17 -0.000244976  7.95742e-18   0.00189447  2.89907e-17   0.00341471  3.71613e-17   0.00360357  3.14135e-17   0.00276189  1.96925e-17   0.00163485  9.60037e-18  0.000762446  3.83092e-18  0.000280077  1.20578e-18  7.97417e-05  2.55817e-20  1.69917e-05 -3.39373e-19  2.53519e-06  -2.1626e-19  2.30379e-07 -5.64344e-20  8.27587e-09
 1.11469e-21  8.87774e-08 -2.45809e-21 -8.39756e-07 -2.24252e-20  -1.3277e-06   8.7752e-21  4.98187e-06  1.19543e-19  8.77669e-06  2.95798e-20 -1.37696e-05 -3.96992e-19 -3.59964e-05 -4.31844e-19  1.45221e-05  5.58916e-19  9.90067e-05  1.31023e-18  4.10639e-05 -1.95504e-19 -0.000173661 -2.86865e-18 -0.000227555 -2.33466e-18   0.00011218  2.73019e-18  0.000505086  6.42151e-18  0.000339123  2.44036e-18 -0.000424552 -6.19091e-18  -0.00102953 -9.27376e-18 -0.000712788 -1.24179e-18  0.000462935  1.25296e-17   0.00170169  2.19303e-17   0.00226384  2.21382e-17   0.00202488  1.59549e-17    0.0013637  8.76372e-18  0.000717724  3.83092e-18  0.000297923  1.38992e-18  9.67617e-05  3.06515e-19  2.39933e-05 -1.46038e-19  4.32875e-06 -1.87262e-19  5.17221e-07 -7.41588e-20  3.26839e-08 -1.23973e-20
