 9.36142e-07  7.82716e-21 -8.90391e-06 -1.14546e-19  2.79455e-05   5.9458e-19 -4.10503e-05 -1.91809e-18   2.5804e-05  4.41133e-18  1.03764e-06 -7.50152e-18  -6.9338e-06   9.2729e-18 -8.58769e-07 -8.01398e-18   1.6078e-06  4.61182e-18  7.38462e-07 -1.68248e-18   -1.003e-07  4.05115e-19 -2.23617e-07 -7.49412e-20  -9.1121e-08 -2.40944e-20 -3.63999e-11  3.01537e-20  1.95584e-08  -2.5071e-21  1.17488e-08 -3.12233e-21  3.39464e-09  1.24531e-21 -7.30714e-11 -7.96259e-22 -6.52089e-10 -8.14799e-22 -4.03801e-10  5.79093e-22 -1.53325e-10  2.25608e-22 -3.64318e-11 -9.18587e-23 -1.16892e-12 -4.95891e-23  4.12061e-12  1.32198e-23  2.66191e-12   1.2358e-23   1.1155e-12 -2.64097e-24  3.65365e-13 -4.65436e-24  9.66278e-14 -1.38639e-24  1.96944e-14  2.72077e-25  2.31674e-15  4.14053e-25 -3.47206e-16  1.88422e-25 -3.41837e-16  3.45048e-26 -1.42157e-16 -7.94256e-27 -4.53086e-17 -6.11009e-27 -1.23324e-17 -1.12242e-27 -2.98435e-18  4.58067e-28 -6.54641e-19  5.31063e-28 -1.31559e-19  3.10684e-28 -2.43714e-20  1.37558e-28 -4.17689e-21   5.0125e-29 -6.63573e-22  1.57044e-29  -9.7803e-23  4.34124e-30 -1.33738e-23  1.07569e-30 -1.69575e-24  2.42406e-31 -1.99193e-25  5.01911e-32 -2.16542e-26  9.54441e-33 -2.17682e-27  1.65521e-33 -2.02344e-28  2.60568e-34 -1.74168e-29  3.72124e-35  -1.3935e-30  4.81325e-36  -1.0435e-31  5.60374e-37 -7.38283e-33  5.80886e-38 -4.97946e-34  5.29143e-39 -3.21092e-35  4.19735e-40 -1.96325e-36  2.89412e-41 -1.11482e-37  1.72321e-42 -5.70452e-39  8.63285e-44 -2.53964e-40  3.51629e-45 -9.47693e-42  1.13855e-46 -2.83573e-43  2.85073e-48 -6.39121e-45  5.09549e-50 -9.75566e-47  5.49982e-52 -7.98851e-49  2.31375e-54
 7.82716e-21  1.35723e-05   5.0849e-20 -7.19229e-05 -5.08255e-19  0.000164851  2.07295e-18 -0.000183042 -5.65251e-18  7.28766e-05   1.1815e-17   2.9222e-05 -1.90203e-17  -2.1129e-05   2.2086e-17 -1.05328e-05 -1.71364e-17  2.94666e-06  8.11118e-18   3.7431e-06  -2.0826e-18  8.34271e-07  4.07442e-19 -5.11305e-07    -1.71e-19 -4.63944e-07 -3.63153e-20 -1.44227e-07  5.70814e-20  1.58697e-08 -1.16559e-22  3.95955e-08  1.64507e-21  2.15627e-08  3.59695e-22  6.21375e-09 -4.61974e-21  1.21621e-10 -1.59263e-21  -9.7384e-10  1.66895e-21 -6.44145e-10  4.87192e-22 -2.64147e-10 -2.01945e-22 -7.56905e-11 -5.65387e-23 -1.21647e-11  5.57962e-23  1.90331e-12  2.14823e-23  2.53365e-12 -1.77888e-23  1.27548e-12 -1.62598e-23  4.74369e-13 -4.42125e-24  1.45293e-13  7.91295e-25  3.77445e-14  1.28315e-24  8.25945e-15  6.14617e-25  1.43784e-15   1.3704e-25  1.53845e-16 -4.99181e-27 -1.40621e-17 -9.72983e-27 -1.44037e-17  3.46571e-28 -5.36276e-18  3.03286e-27 -1.51521e-18  2.29135e-27 -3.65463e-19  1.18731e-27 -7.84993e-20  4.92828e-28 -1.53192e-20  1.72338e-28  -2.7459e-21  5.23015e-29 -4.54957e-22  1.40327e-29 -6.99402e-23  3.37248e-30 -9.99679e-24   7.3503e-31 -1.32973e-24  1.46473e-31 -1.64594e-25  2.66756e-32 -1.89424e-26   4.4144e-33 -2.02349e-27  6.61034e-34 -2.00138e-28  8.94963e-35 -1.82667e-29  1.09451e-35  -1.5318e-30  1.20349e-36  -1.1737e-31  1.17785e-37 -8.16101e-33  1.01272e-38 -5.10565e-34  7.57974e-40 -2.84361e-35  4.92143e-41 -1.39122e-36  2.74566e-42 -5.87677e-38  1.28154e-43 -2.09497e-39   4.8377e-45 -6.10771e-41    1.434e-46 -1.39064e-42  3.19115e-48 -2.29315e-44   4.8006e-50 -2.36392e-46  3.82998e-52 -9.82539e-49
-8.90391e-06   5.0849e-20  9.56683e-05  1.82497e-19 -0.000345426 -1.35299e-18  0.000604978  4.27159e-18 -0.000504625 -9.67173e-18  8.93955e-05  1.92385e-17   0.00012387 -3.13284e-17 -2.41452e-05  3.54805e-17 -3.81281e-05  -2.4687e-17 -4.08636e-06  8.82487e-18  8.53744e-06 -9.05363e-19  4.78466e-06  2.66345e-19  2.52009e-07 -3.73697e-19  -1.0035e-06 -6.45135e-20 -6.30753e-07  6.68498e-20 -1.57037e-07   1.9823e-20  3.50627e-08  1.94909e-20  5.34536e-08  -3.6097e-21  2.76189e-08 -1.20987e-20   8.2519e-09  -2.7392e-21  6.61307e-10  2.79304e-21 -8.90097e-10  7.24193e-22 -6.68753e-10  -1.6218e-22 -2.97936e-10  1.07341e-22 -9.77604e-11  1.60262e-22 -2.32994e-11  1.41898e-23 -2.81794e-12 -6.09025e-23  8.08324e-13 -4.22955e-23  7.30256e-13 -1.15944e-23  3.27774e-13  1.07644e-24  1.13607e-13  2.69013e-24  3.33545e-14   1.3937e-24  8.57706e-15  3.70599e-25  1.95546e-15  4.05501e-26  3.95007e-16  5.83267e-27   6.9646e-17  1.29428e-26  1.02592e-17  1.16556e-26  1.09357e-18  6.86044e-27  1.93291e-20  3.17994e-27 -3.03356e-20  1.23318e-27 -1.07631e-20   4.1139e-28 -2.58997e-21  1.20229e-28 -5.15278e-22  3.11603e-29 -8.98068e-23  7.23506e-30 -1.40481e-23  1.52043e-30 -1.99544e-24  2.91112e-31 -2.58858e-25  5.07613e-32 -3.07408e-26   8.0212e-33 -3.34249e-27  1.14397e-33 -3.32267e-28  1.47064e-34 -3.01101e-29  1.70286e-35 -2.47694e-30  1.76883e-36 -1.83933e-31  1.63222e-37  -1.2241e-32  1.32067e-38 -7.23479e-34  9.27968e-40 -3.75401e-35  5.63072e-41 -1.68502e-36  2.91313e-42 -6.41666e-38  1.24926e-43 -2.01899e-39  4.28299e-45 -5.05496e-41  1.12871e-46 -9.50255e-43  2.14061e-48 -1.21076e-44  2.51823e-50 -8.28683e-47  1.17756e-52
-1.14546e-19 -7.19229e-05  1.82497e-19  0.000437174  4.61578e-19  -0.00117612 -2.62834e-18   0.00161288  5.68711e-18 -0.000976698 -9.30852e-18 -6.85619e-05  2.01336e-17   0.00029458 -3.87009e-17  3.50361e-05  4.52622e-17 -7.66418e-05 -2.79912e-17 -3.29636e-05  6.00054e-18  7.78809e-06  1.34951e-18  1.21218e-05  3.74247e-19  4.20524e-06 -6.42855e-19 -6.14197e-07 -1.75417e-19 -1.33165e-06  4.16093e-20 -6.73338e-07  6.60937e-20  -1.4066e-07  5.24868e-20  4.51968e-08 -8.12157e-21   5.6044e-08 -2.19305e-20  2.83979e-08 -5.41195e-21  9.01315e-09  2.63567e-21  1.32344e-09   7.8154e-22 -4.94932e-10  3.50619e-22 -4.98286e-10  6.61739e-22  -2.4603e-10   3.7864e-22  -8.9879e-11 -2.41162e-23 -2.59714e-11  -1.5034e-22 -5.74893e-12 -9.31189e-23 -7.55571e-13 -2.77148e-23  9.28932e-14 -6.64742e-25  1.09565e-13  4.14499e-24  4.86222e-14  2.46139e-24  1.63001e-14  7.80677e-25   4.6355e-15  1.80162e-25  1.16644e-15  7.25185e-26  2.64936e-16  5.18329e-26  5.48942e-17  3.22855e-26  1.04353e-17  1.62022e-26  1.82505e-18  6.82533e-27  2.93819e-19   2.4765e-27  4.34864e-20    7.857e-28  5.89734e-21  2.20201e-28  7.28536e-22  5.49177e-29  8.11964e-23  1.22791e-29  8.03056e-24  2.48173e-30   6.8316e-25  4.55837e-31  4.64925e-26  7.60529e-32  1.93992e-27  1.14742e-32 -6.46636e-29   1.5589e-33 -2.51255e-29  1.90375e-34 -3.34541e-30   2.0877e-35 -3.21316e-31  2.04765e-36  -2.4732e-32  1.77871e-37 -1.56362e-33  1.35052e-38 -8.07527e-35  8.86939e-40 -3.30291e-36  4.99742e-41 -9.88152e-38  2.37725e-42 -1.63139e-39   9.2578e-44   1.9368e-41  2.83374e-45  2.20696e-42  6.47006e-47  6.90442e-44  1.00205e-48  1.08195e-45  8.34013e-51  6.17401e-48
 2.79455e-05 -5.08255e-19 -0.000345426  4.61578e-19   0.00145745  9.97796e-19   -0.0030732 -4.40732e-18   0.00333348  4.16859e-18  -0.00133831  8.27859e-19 -0.000572797  9.12606e-18  0.000453515 -3.81236e-17  0.000211672  5.00151e-17 -8.44199e-05  -2.6867e-17 -8.76086e-05  6.84028e-19 -1.26129e-05  3.59246e-18  1.72757e-05  9.95184e-19   1.2261e-05 -8.48775e-19  2.67213e-06 -4.11929e-19 -1.28802e-06  -2.8092e-20 -1.39499e-06  1.31791e-19 -6.12757e-07     9.89e-20 -1.15046e-07 -6.49849e-21  4.17984e-08 -3.13339e-20  4.82366e-08  -1.1645e-20  2.45931e-08 -6.27164e-22  8.37741e-09  4.78778e-22  1.75005e-09  1.73032e-21 -4.86353e-11  1.87193e-21 -2.55637e-10  7.87052e-22 -1.49939e-10 -9.46548e-23 -6.08079e-11 -3.01054e-22 -1.98191e-11 -1.81479e-22 -5.38639e-12 -6.06204e-23 -1.20792e-12 -8.12882e-24  -2.0587e-13  4.25413e-24 -1.65022e-14  3.43708e-24  5.50881e-15  1.34495e-24  3.51596e-15  4.64658e-25    1.252e-15  2.27956e-25  3.55208e-16  1.34146e-25  8.73025e-17  7.07692e-26  1.92228e-17  3.18148e-26  3.85637e-18  1.23649e-26   7.1164e-19  4.21349e-27  1.21498e-19  1.27007e-27  1.92597e-20  3.40456e-28  2.84068e-21   8.1476e-29  3.90259e-22  1.74977e-29  4.99527e-23  3.39404e-30  5.95443e-24  5.97172e-31  6.60226e-25  9.52458e-32  6.79665e-26  1.37114e-32  6.47846e-27  1.77374e-33  5.69694e-28  2.05697e-34  4.59989e-29  2.13527e-35  3.38974e-30  1.97545e-36  2.26253e-31  1.61232e-37  1.35485e-32   1.1454e-38  7.19184e-34   7.0007e-40   3.3327e-35  3.64097e-41  1.32167e-36  1.57976e-42  4.36719e-38  5.52392e-44  1.15757e-39  1.48367e-45  2.32158e-41  2.85254e-47  3.18026e-43  3.40841e-49  2.36005e-45  1.63158e-51
  5.9458e-19  0.000164851 -1.35299e-18  -0.00117612  9.97796e-19    0.0037835   2.2031e-18   -0.0064565 -7.71522e-18   0.00552187 -1.19945e-18  -0.00111383  2.28242e-17   -0.0014599 -1.35883e-17  0.000404586 -3.13292e-17  0.000499401  5.11078e-17  5.14034e-06 -2.28643e-17 -0.000143251 -5.35059e-18 -6.28187e-05  4.97316e-18  7.99784e-06  2.07822e-18  2.06471e-05 -8.91157e-19  9.92803e-06  -7.4697e-19  1.11639e-06 -1.38976e-19 -1.54592e-06  1.96969e-19 -1.23867e-06   1.5661e-19 -4.98693e-07  9.70808e-21 -9.24468e-08 -3.78724e-20  2.87292e-08  -2.3987e-20  3.46764e-08 -8.73291e-21  1.81955e-08 -3.08872e-22   6.6567e-09  4.33378e-21  1.73623e-09  3.98648e-21  2.33867e-10  1.48041e-21 -6.23632e-11 -1.75286e-22 -6.23309e-11 -5.18389e-22 -2.95475e-11 -3.20282e-22 -1.06908e-11  -1.2061e-22  -3.2479e-12 -2.69335e-23 -8.55902e-13  6.20592e-25 -1.97327e-13  3.55516e-24 -3.94239e-14  1.92453e-24 -6.56655e-15  9.10285e-25 -7.99472e-16  4.95741e-25 -2.28509e-17  2.69583e-25  2.46459e-17  1.29141e-25  1.00392e-17  5.35315e-26  2.71061e-18   1.9432e-26  6.02366e-19   6.2467e-27  1.17188e-19  1.78976e-27  2.04829e-20  4.58263e-28  3.25805e-21  1.05035e-28   4.7478e-22  2.16241e-29  6.35965e-23  4.01866e-30  7.83941e-24   6.7641e-31  8.88924e-25  1.03025e-31  9.25657e-26  1.41384e-32  8.82702e-27  1.73989e-33  7.67784e-28  1.91429e-34  6.06007e-29  1.87901e-35  4.31206e-30  1.63716e-36  2.74343e-31  1.25268e-37  1.54467e-32  8.29996e-39  7.59705e-34   4.7001e-40  3.20922e-35  2.24252e-41  1.13858e-36  8.80035e-43  3.28864e-38  2.72909e-44  7.38509e-40  6.30491e-46  1.19582e-41  9.83915e-48  1.20567e-43  8.26174e-50  4.88237e-46
-4.10503e-05  2.07295e-18  0.000604978 -2.62834e-18   -0.0030732   2.2031e-18     0.007976  5.12746e-18   -0.0112525  -1.4999e-17   0.00743735 -8.73866e-18  0.000142184  5.29973e-17  -0.00248991 -4.17272e-17 -5.72321e-05 -2.28438e-17  0.000781002  5.06047e-17  0.000236253 -1.78302e-17 -0.000144632 -1.06133e-17 -0.000132865  5.30108e-18 -2.74921e-05  3.32953e-18  1.99607e-05 -7.77435e-19  1.87805e-05 -1.10807e-18  6.83511e-06 -2.80267e-19  8.05284e-08  2.43711e-19 -1.43072e-06  2.27971e-19 -9.68894e-07  4.73481e-20 -3.73301e-07 -4.13746e-20 -7.48405e-08 -4.49355e-20  1.33182e-08 -2.27297e-20  2.06033e-08 -1.55502e-21  1.14309e-08   8.3999e-21  4.48029e-09  7.17818e-21  1.35153e-09  2.55653e-21  2.99706e-10 -2.20372e-22  3.21583e-11 -7.95296e-22 -1.10567e-11 -5.19728e-22 -8.98812e-12 -2.18504e-22 -3.86894e-12 -6.36393e-23 -1.30435e-12 -9.74556e-24 -3.76205e-13  1.77763e-24 -9.60874e-14  2.25406e-24 -2.20906e-14   1.4659e-24  -4.6074e-15  8.63374e-25  -8.7411e-16   4.5057e-25 -1.50603e-16  2.02348e-25 -2.34094e-17  7.87295e-26  -3.2355e-18  2.69467e-26 -3.85418e-19  8.20794e-27 -3.65368e-20  2.23811e-27 -1.97103e-21  5.47156e-28  1.75565e-22  1.19975e-28  7.67355e-23  2.36452e-29  1.52386e-23  4.20436e-30  2.31552e-24  6.76167e-31  2.96613e-25  9.82409e-32  3.31169e-26  1.28374e-32  3.26563e-27  1.50102e-33  2.85627e-28  1.56479e-34  2.21405e-29  1.45015e-35  1.51426e-30  1.18761e-36  9.06787e-32  8.49652e-38  4.70218e-33  5.23192e-39  2.07958e-34  2.73151e-40  7.68228e-36  1.18755e-41  2.30262e-37  4.17517e-43  5.36742e-39  1.13163e-44  9.10461e-41  2.19238e-46  9.99032e-43  2.63125e-48  5.44337e-45  1.26625e-50
-1.91809e-18 -0.000183042  4.27159e-18   0.00161288 -4.40732e-18   -0.0064565  5.12746e-18    0.0140709  1.13453e-17   -0.0166467 -2.89279e-17   0.00809754 -1.48869e-17   0.00250661  8.31233e-17  -0.00318144 -6.65989e-17 -0.000986849 -1.63773e-17  0.000856532  4.95353e-17  0.000576766 -1.31533e-17 -3.35779e-05 -1.42552e-17 -0.000185955  4.94883e-18 -8.84655e-05  4.41855e-18 -3.33005e-07 -6.06296e-19  2.25927e-05 -1.44257e-18  1.44125e-05 -4.45847e-19  4.18517e-06  2.70206e-19 -3.64241e-07  3.22144e-19 -1.10892e-06  1.09052e-19  -6.8122e-07 -4.46348e-20 -2.59978e-07 -7.62647e-20 -5.94174e-08  -4.2583e-20  1.47683e-09 -2.99808e-21  9.62596e-09  1.40295e-20  5.94383e-09  1.15107e-20  2.50308e-09  4.09407e-21  8.35009e-10 -1.72344e-22  2.27114e-10 -1.11462e-21  4.85515e-11 -7.84626e-22  6.61227e-12 -3.62533e-22 -4.06478e-13 -1.23758e-22 -6.86699e-13 -2.94889e-23 -3.05534e-13 -2.89634e-24 -1.00343e-13  1.99472e-24 -2.78199e-14  2.00355e-24 -6.82271e-15  1.27178e-24 -1.51301e-15  6.48497e-25 -3.07089e-16  2.77799e-25 -5.74609e-17  1.02634e-25 -9.95769e-18  3.33615e-26 -1.60288e-18  9.66692e-27  -2.4011e-19  2.51279e-27 -3.35101e-20  5.86664e-28 -4.35948e-21  1.22993e-28 -5.28712e-22  2.31833e-29 -5.97533e-23  3.93991e-30 -6.28752e-24  6.04789e-31 -6.15064e-25  8.37277e-32  -5.5807e-26   1.0405e-32 -4.68102e-27  1.15434e-33 -3.61285e-28  1.13842e-34  -2.5496e-29  9.94214e-36 -1.63143e-30  7.63511e-37 -9.36309e-32  5.09199e-38 -4.75282e-33   2.9022e-39  -2.0957e-34  1.38918e-40 -7.83886e-36  5.46084e-42 -2.40786e-37  1.70065e-43 -5.79331e-39  3.95514e-45 -1.01159e-40  6.20467e-47 -1.10631e-42  5.22451e-49 -4.88611e-45
  2.5804e-05 -5.65251e-18 -0.000504625  5.68711e-18   0.00333348 -7.71522e-18   -0.0112525  1.13453e-17    0.0212689    2.197e-17   -0.0212882 -4.97897e-17   0.00679278 -1.64366e-17   0.00552704  1.04384e-16  -0.00304242  -8.1797e-17  -0.00219605 -1.27498e-17  0.000547761  4.76837e-17   0.00090518 -9.72158e-18  0.000208636 -1.59877e-17 -0.000171682  4.51593e-18 -0.000154244  5.16351e-18 -4.36473e-05 -4.99118e-19  1.32164e-05 -1.76318e-18  1.94174e-05 -6.41958e-19  9.84758e-06  2.93039e-19  2.39144e-06  4.51567e-19 -4.05325e-07  1.91728e-19  -7.4213e-07 -5.26305e-20 -4.33243e-07 -1.18388e-19 -1.67817e-07 -6.70414e-20  -4.4062e-08 -4.08117e-21 -4.52977e-09  2.12233e-20  2.98384e-09  1.69377e-20  2.41092e-09  6.13019e-21  1.11883e-09  1.88274e-23  4.04801e-10 -1.45502e-21  1.22797e-10 -1.11207e-21  3.18974e-11 -5.54657e-22  7.04542e-12 -2.09255e-22  1.26249e-12 -5.97271e-23   1.5212e-13  -1.1018e-23 -3.57509e-15  8.45535e-25 -9.46174e-15  2.34727e-24 -3.73854e-15  1.62668e-24 -1.06861e-15  8.20157e-25  -2.5677e-16  3.38794e-25 -5.44957e-17  1.19811e-25 -1.04464e-17  3.71902e-26 -1.82992e-18  1.02867e-26  -2.9484e-19  2.55347e-27  -4.3851e-20  5.69677e-28 -6.03033e-21  1.14174e-28 -7.67023e-22  2.05702e-29 -9.01651e-23  3.33848e-30 -9.77834e-24  4.88678e-31 -9.75684e-25  6.43941e-32 -8.92417e-26  7.60061e-33 -7.44682e-27  7.98837e-34 -5.63528e-28  7.43951e-35 -3.83849e-29   6.1094e-36  -2.3317e-30  4.38768e-37  -1.2485e-31  2.71832e-38 -5.80581e-33  1.42737e-39 -2.29969e-34  6.22384e-41 -7.55787e-36  2.19186e-42   -1.985e-37  5.96196e-44 -3.93173e-39  1.16101e-45 -5.30418e-41  1.39877e-47 -3.86664e-43  6.74455e-50
 4.41133e-18  7.28766e-05 -9.67173e-18 -0.000976698  4.16859e-18   0.00552187  -1.4999e-17   -0.0166467    2.197e-17    0.0281086  3.62389e-17   -0.0239003 -7.36666e-17    0.0035005 -1.23417e-17   0.00838984  1.11244e-16    -0.001841  -8.5564e-17   -0.0033094 -1.04074e-17 -0.000191313  4.43318e-17   0.00105706 -8.06107e-18  0.000535016 -1.59202e-17 -5.37485e-05  4.53224e-18 -0.000189092   5.6031e-18 -0.000100027 -5.39935e-19 -1.36559e-05 -2.13955e-18  1.61293e-05   -8.811e-19  1.42104e-05  3.37722e-19  6.21295e-06  6.23248e-19   1.3515e-06  2.85678e-19  -2.7069e-07 -7.11361e-20  -4.3088e-07 -1.70027e-19 -2.47709e-07 -9.37509e-20 -9.87972e-08 -3.94425e-21 -2.92218e-08  2.99397e-20 -5.64504e-09  2.33209e-20  2.89946e-11   8.6416e-21   6.4184e-10  3.75767e-22   3.6969e-10 -1.79668e-21  1.47708e-10 -1.48929e-21  4.84769e-11  -7.8733e-22  1.37831e-11  -3.1647e-22  3.47087e-12 -9.91106e-23   7.8077e-13 -2.23422e-23  1.56813e-13 -1.32466e-24  2.78255e-14  2.33494e-24  4.23928e-15  1.83027e-24  5.12516e-16  9.22685e-25  3.48276e-17  3.70534e-25 -4.28145e-18   1.2618e-25 -2.35025e-18   3.7566e-26 -6.04914e-19  9.94781e-27 -1.20547e-19  2.36228e-27 -2.04928e-20   5.0401e-28 -3.07793e-21  9.65757e-29 -4.14855e-22  1.66252e-29 -5.05386e-23  2.57512e-30  -5.5797e-24  3.59143e-31 -5.58217e-25  4.49978e-32 -5.04944e-26  5.03784e-33 -4.11335e-27    5.008e-34 -3.00032e-28   4.3955e-35 -1.94462e-29  3.38594e-36 -1.10889e-30  2.26716e-37 -5.49237e-32   1.2996e-38 -2.32359e-33  6.25318e-40 -8.20956e-35  2.46498e-41 -2.34755e-36  7.69048e-43 -5.18589e-38  1.79428e-44 -8.20175e-40  2.82661e-46 -8.01049e-42  2.38723e-48 -3.11087e-44
 1.03764e-06   1.1815e-17  8.93955e-05 -9.30852e-18  -0.00133831 -1.19945e-18   0.00743735 -2.89279e-17   -0.0212882  3.62389e-17    0.0331033  5.08839e-17   -0.0238908 -9.34205e-17  -0.00110068 -3.88938e-18    0.0103021  1.03156e-16  0.000272966 -7.99618e-17  -0.00393272 -7.28496e-18   -0.0012345  3.89659e-17  0.000902659 -8.38971e-18  0.000842855 -1.44422e-17  0.000165423  5.30951e-18 -0.000158282  5.93913e-18 -0.000147083  -7.5131e-19 -5.39338e-05 -2.64454e-18  8.87231e-07 -1.16343e-18  1.35402e-05  4.25786e-19  9.30093e-06  8.29837e-19  3.71389e-06  3.74304e-19  7.94886e-07  -1.0575e-19 -1.17916e-07 -2.28438e-19  -2.1327e-07 -1.19627e-19  -1.2497e-07 -1.52944e-21 -5.17266e-08  4.01134e-20 -1.67651e-08   3.0441e-20 -4.22357e-09  1.15294e-20 -7.07112e-10  8.81064e-22  9.64721e-12 -2.12349e-21  6.88708e-11 -1.89201e-21  3.58677e-11 -1.04203e-21  1.31997e-11 -4.35437e-22  4.03926e-12 -1.43586e-22  1.08391e-12 -3.57087e-23   2.6132e-13  -4.3812e-24  5.73418e-14  1.88728e-24  1.15386e-14  1.81922e-24  2.13877e-15  9.29919e-25   3.6611e-16  3.65727e-25  5.79497e-17  1.20534e-25  8.48466e-18  3.45438e-26  1.14873e-18  8.78036e-27  1.43701e-19  1.99797e-27  1.65923e-20  4.08032e-28  1.76658e-21  7.47705e-29  1.73348e-22  1.22962e-29  1.56866e-23  1.81678e-30   1.3124e-24  2.41234e-31  1.02055e-25  2.87084e-32   7.4366e-27  3.04455e-33  5.12496e-28   2.8576e-34  3.35914e-29  2.35866e-35  2.08572e-30  1.69969e-36  1.20628e-31  1.05738e-37  6.31968e-33  5.58254e-39  2.89705e-34   2.4459e-40  1.11724e-35  8.63755e-42  3.45897e-37  2.35414e-43  8.06703e-39  4.59817e-45  1.27606e-40  5.55966e-47   1.0847e-42  2.68744e-49
-7.50152e-18   2.9222e-05  1.92385e-17 -6.85619e-05  8.27859e-19  -0.00111383 -8.73866e-18   0.00809754 -4.97897e-17   -0.0239003  5.08839e-17    0.0354215  6.11636e-17   -0.0215516 -1.02183e-16  -0.00599571  6.29776e-18    0.0108217  8.38145e-17   0.00285697 -6.83846e-17   -0.0038197 -2.26337e-18  -0.00233391  3.15362e-17  0.000407118 -1.06369e-17   0.00101401 -1.21124e-17  0.000438666  6.90898e-18 -4.61675e-05  6.39754e-18 -0.000158534 -1.10093e-18 -9.46198e-05 -3.29075e-18 -2.48728e-05 -1.45667e-18  5.27552e-06  5.67074e-19  9.37136e-06  1.04631e-18  5.57818e-06  4.35327e-19  2.13122e-06 -1.61517e-19  4.89458e-07  -2.9015e-19 -1.62947e-08 -1.41479e-19 -8.54732e-08  4.14884e-21 -5.37543e-08  5.15836e-20 -2.32951e-08  3.79779e-20 -8.08223e-09  1.46083e-20 -2.33085e-09  1.47629e-21 -5.53666e-10 -2.42103e-21  -1.0019e-10 -2.28457e-21 -8.88509e-12 -1.29073e-21  2.69378e-12 -5.51197e-22  1.86563e-12 -1.87067e-22  6.96847e-13  -4.9231e-23  2.05878e-13 -7.91322e-24  5.24861e-14  1.04996e-24  1.19521e-14  1.59008e-24  2.47347e-15  8.41987e-25  4.69736e-16  3.26996e-25  8.23416e-17  1.04809e-25  1.33701e-17  2.90118e-26  2.01498e-18  7.09515e-27  2.82115e-19  1.54956e-27  3.66949e-20  3.03194e-28  4.43067e-21  5.31521e-29  4.95844e-22  8.34953e-30   5.1311e-23  1.17628e-30  4.89398e-24  1.48592e-31   4.2842e-25  1.67789e-32  3.42373e-26  1.68314e-33  2.48099e-27  1.48888e-34  1.61655e-28  1.15297e-35  9.37178e-30  7.74891e-37  4.77029e-31  4.46112e-38  2.09567e-32  2.15785e-39  7.76792e-34  8.54485e-41  2.35433e-35  2.67339e-42  5.57085e-37  6.25108e-44  9.54377e-39  9.87653e-46  1.02232e-40  8.36786e-48  4.41763e-43
 -6.9338e-06 -1.90203e-17   0.00012387  2.01336e-17 -0.000572797  2.28242e-17  0.000142184 -1.48869e-17   0.00679278 -7.36666e-17   -0.0238908  6.11636e-17    0.0351624  6.31504e-17   -0.0177769 -9.69283e-17   -0.0102918  1.53031e-17   0.00995475  5.90013e-17   0.00538457 -5.34836e-17  -0.00294467  4.54293e-18  -0.00321949  2.24076e-17  -0.00035697 -1.44924e-17  0.000961277 -9.52358e-18  0.000689226  9.15496e-18  0.000133772   7.0833e-18 -0.000115924 -1.52316e-18 -0.000118126 -3.99451e-18 -5.38583e-05 -1.68802e-18 -1.00889e-05  7.60061e-19   4.8823e-06  1.23483e-18  5.64315e-06   4.4449e-19  3.09103e-06 -2.42503e-19  1.17032e-06 -3.51809e-19  3.00996e-07 -1.56757e-19  2.68174e-08  1.35948e-20 -2.38284e-08  6.39334e-20 -1.84872e-08  4.54628e-20 -8.60974e-09  1.76049e-20 -3.16448e-09  2.07237e-21 -9.84911e-10 -2.67317e-21 -2.66136e-10 -2.62354e-21 -6.27098e-11 -1.50071e-21 -1.27021e-11 -6.46955e-22 -2.10373e-12 -2.22858e-22 -2.36937e-13 -6.07475e-23  3.93119e-15 -1.13257e-23  1.21402e-14 -1.38362e-26  4.48132e-15  1.19975e-24  1.18825e-15    6.838e-25  2.63913e-16  2.65162e-25   5.1596e-17  8.31132e-26  9.07553e-18   2.2298e-26  1.45217e-18  5.25937e-27  2.12586e-19  1.10423e-27  2.85488e-20  2.07204e-28  3.51943e-21  3.47654e-29  3.97951e-22  5.21651e-30  4.11871e-23  7.00449e-31  3.88919e-24   8.4121e-32  3.33583e-25  9.00324e-33  2.58411e-26   8.5301e-34   1.7949e-27  7.09731e-35  1.10777e-28  5.14301e-36  6.00573e-30  3.21282e-37  2.81846e-31  1.70404e-38  1.12314e-32  7.50485e-40  3.70238e-34  2.66199e-41  9.72533e-36   7.2764e-43  1.92116e-37  1.42472e-44   2.5776e-39   1.7277e-46  1.86342e-41  8.37604e-49
  9.2729e-18  -2.1129e-05 -3.13284e-17   0.00029458  9.12606e-18   -0.0014599  5.29973e-17   0.00250661 -1.64366e-17    0.0035005 -9.34205e-17   -0.0215516  6.31504e-17    0.0331175  5.58456e-17   -0.0135688 -7.98045e-17   -0.0134943  2.04787e-17   0.00803093  3.43212e-17   0.00743395  -3.6539e-17   -0.0014692   1.2316e-17    -0.003688  1.22451e-17  -0.00124148 -1.94501e-17  0.000657963 -7.17395e-18  0.000837649  1.16584e-17  0.000341409  7.89584e-18 -1.75598e-05 -1.94466e-18  -0.00010937 -4.58793e-18 -7.51033e-05 -1.75688e-18 -2.84333e-05   9.9625e-19 -3.88072e-06  1.35549e-18  3.12004e-06  3.81387e-19  3.00026e-06 -3.50718e-19   1.5736e-06 -4.10705e-19  6.03167e-07 -1.64218e-19  1.73327e-07  2.64096e-20  3.17765e-08  7.63103e-20  -1.2401e-09   5.2238e-20 -4.30613e-09   2.0174e-20 -2.39685e-09  2.56718e-21 -9.52167e-10 -2.86116e-21 -3.13745e-10 -2.86544e-21 -9.01656e-11 -1.64177e-21 -2.31146e-11  -7.0816e-22 -5.34459e-12 -2.45353e-22 -1.11995e-12 -6.83851e-23 -2.12718e-13 -1.40056e-23 -3.64551e-14 -1.07823e-24 -5.57379e-15  7.42088e-25 -7.42029e-16  4.94146e-25 -8.11526e-17  1.94668e-25 -5.98163e-18  6.01059e-26  9.62279e-20  1.56932e-26  1.42808e-19  3.57939e-27  3.41246e-20  7.23725e-28  5.83984e-21   1.3038e-28  8.26844e-22  2.09472e-29  1.01306e-22  3.00238e-30   1.0933e-23   3.8411e-31  1.04625e-24  4.38239e-32    8.886e-26  4.44063e-33  6.67824e-27  3.96739e-34  4.41423e-28  3.09819e-35  2.54267e-29  2.09484e-36  1.26017e-30  1.21171e-37  5.28136e-32  5.89012e-39  1.82769e-33   2.3447e-40  5.04947e-35  7.36811e-42   1.0588e-36  1.72824e-43  1.55076e-38  2.73798e-45    1.351e-40  2.32675e-47  4.38928e-43
-8.58769e-07   2.2086e-17 -2.41452e-05 -3.87009e-17  0.000453515 -1.35883e-17  -0.00248991  8.31233e-17   0.00552704 -1.23417e-17  -0.00110068 -1.02183e-16   -0.0177769  5.58456e-17    0.0302758   4.1825e-17  -0.00965948 -5.67319e-17   -0.0155196  1.97535e-17   0.00549595  1.36883e-17   0.00877504 -1.80189e-17  0.000348275  2.01608e-17   -0.0036462  1.93459e-18  -0.00207419 -2.48161e-17  0.000141895 -5.38891e-18  0.000827239  1.38616e-17  0.000522576   8.5368e-18  0.000119191 -2.30939e-18 -6.23016e-05 -4.87539e-18 -7.81532e-05 -1.56796e-18 -4.32022e-05  1.26177e-18 -1.45107e-05  1.37679e-18 -1.70212e-06  2.35165e-19  1.54227e-06 -4.84729e-19  1.39661e-06 -4.64906e-19  7.22298e-07 -1.64333e-19  2.82916e-07  4.10252e-20  8.86153e-08  8.73401e-20  2.16622e-08  5.74732e-20  3.43953e-09  2.19406e-20 -1.39504e-10  2.86504e-21  -3.8365e-10 -2.96738e-21 -1.92554e-10 -2.97694e-21 -6.98564e-11 -1.69366e-21 -2.12168e-11 -7.26143e-22 -5.67047e-12 -2.51439e-22 -1.36499e-12 -7.10402e-23 -2.99751e-13 -1.54986e-23 -6.05134e-14 -1.93121e-24 -1.12857e-14  3.13279e-25 -1.95061e-15  3.11473e-25 -3.13102e-16  1.28596e-25 -4.67352e-17  3.95428e-26 -6.49202e-18   1.0103e-26 -8.39538e-19  2.23571e-27 -1.01067e-19  4.36255e-28 -1.13216e-20    7.555e-29  -1.1791e-21  1.16303e-29 -1.13995e-22  1.59251e-30 -1.02064e-23  1.94055e-31 -8.43287e-25  2.10178e-32 -6.39687e-26  2.01393e-33 -4.42363e-27  1.69381e-34 -2.76245e-28  1.23851e-35 -1.53862e-29   7.7887e-37 -7.52194e-31  4.15331e-38 -3.16102e-32  1.83912e-39 -1.11054e-33    6.559e-41 -3.13697e-35  1.80101e-42 -6.71439e-37  3.53836e-44 -9.82439e-39  4.30386e-46 -7.78961e-41  2.09316e-48
-8.01398e-18 -1.05328e-05  3.54805e-17  3.50361e-05 -3.81236e-17  0.000404586 -4.17272e-17  -0.00318144  1.04384e-16   0.00838984 -3.88938e-18  -0.00599571 -9.69283e-17   -0.0135688   4.1825e-17    0.0274166  2.61475e-17    -0.006394 -3.45498e-17   -0.0165458  1.20089e-17    0.0027472  -1.1596e-18   0.00935856  1.53039e-18   0.00224169  2.74148e-17  -0.00310743 -7.47611e-18  -0.00270469 -2.97152e-17  -0.00050096 -4.30893e-18  0.000639026  1.51309e-17  0.000625565  8.60255e-18  0.000262599  -2.5991e-18   1.6915e-05 -4.71172e-18 -5.73725e-05 -1.07538e-18 -4.78745e-05  1.53177e-18  -2.3214e-05  1.28013e-18 -7.37939e-06  6.99345e-21 -9.93111e-07 -6.39221e-19  5.68822e-07 -5.13415e-19  5.51675e-07 -1.59434e-19  2.89556e-07  5.47157e-20  1.16321e-07  9.52196e-20  3.86406e-08   6.0267e-20  1.08227e-08  2.25626e-20  2.51585e-09  2.89297e-21  4.47828e-10 -2.98223e-21  3.94845e-11 -2.94399e-21  -1.1465e-11 -1.65119e-21 -7.89444e-12 -7.00092e-22 -2.91203e-12 -2.41135e-22 -8.48481e-13 -6.86154e-23 -2.13114e-13  -1.5629e-23 -4.77595e-14 -2.43872e-24 -9.71366e-15  -1.7621e-26    -1.81e-15   1.6286e-25 -3.10691e-16  7.53715e-26 -4.92819e-17  2.35182e-26 -7.23471e-18  5.92935e-27 -9.83289e-19  1.27897e-27 -1.23651e-19  2.41534e-28 -1.43651e-20   4.0278e-29 -1.53811e-21   5.9463e-30 -1.51289e-22  7.78041e-31  -1.3612e-23  9.02795e-32 -1.11427e-24  9.27554e-33 -8.24342e-26  8.39403e-34 -5.46578e-27  6.63343e-35 -3.21453e-28  4.52968e-36 -1.65504e-29  2.63983e-37  -7.3348e-31   1.2912e-38 -2.73601e-32  5.17099e-40 -8.32688e-34  1.63438e-41  -1.9747e-35  3.85196e-43 -3.38481e-37  6.12555e-45 -3.62234e-39  5.22333e-47 -1.56171e-41
  1.6078e-06 -1.71364e-17 -3.81281e-05  4.52622e-17  0.000211672 -3.13292e-17 -5.72321e-05 -6.65989e-17  -0.00304242  1.11244e-16    0.0103021  6.29776e-18   -0.0102918 -7.98045e-17  -0.00965948  2.61475e-17    0.0249563  1.42652e-17  -0.00381472  -1.8431e-17   -0.0168407 -2.51781e-18  6.13356e-05 -1.03324e-17   0.00925543  2.09466e-17   0.00399346  3.36667e-17  -0.00216112 -1.48542e-17  -0.00303153 -3.31601e-17  -0.00116198 -3.91742e-18  0.000293944  1.49077e-17  0.000615332  7.72585e-18  0.000375798 -2.84219e-18  0.000111077 -4.07014e-18 -1.45716e-05 -3.21333e-19 -3.86354e-05  1.75927e-18 -2.62817e-05  1.05606e-18 -1.18123e-05 -2.92698e-19  -3.7545e-06 -8.06724e-19 -6.71075e-07 -5.56814e-19   1.1612e-07 -1.53649e-19  1.72095e-07  6.39095e-20  9.63966e-08  9.79988e-20  4.00656e-08  5.98205e-20  1.38524e-08  2.18022e-20  4.14614e-09  2.61151e-21  1.09087e-09 -2.91037e-21  2.52686e-10 -2.77622e-21  5.08855e-11 -1.52512e-21  8.56645e-12 -6.36756e-22  1.06302e-12 -2.17321e-22   3.6862e-14 -6.19524e-23 -3.02202e-14  -1.4521e-23 -1.25751e-14  -2.5718e-24  -3.3915e-15 -2.22275e-25 -7.46513e-16   5.9708e-26 -1.42926e-16  3.79631e-26 -2.44334e-17  1.24793e-26  -3.7767e-18  3.14949e-27 -5.31139e-19  6.67046e-28 -6.81463e-20  1.22436e-28 -7.97989e-21  1.97098e-29 -8.51766e-22  2.79429e-30 -8.26497e-23  3.49562e-31 -7.26116e-24  3.86198e-32 -5.74449e-25  3.76141e-33  -4.0638e-26  3.21064e-34 -2.54786e-27  2.37919e-35 -1.39978e-28  1.51281e-36 -6.64128e-30  8.13653e-38 -2.66946e-31  3.62898e-39 -8.85588e-33  1.30306e-40 -2.33573e-34  3.60054e-42 -4.62195e-36  7.11082e-44 -6.19643e-38  8.68598e-46 -4.46393e-40   4.2408e-48
 4.61182e-18  2.94666e-06  -2.4687e-17 -7.66418e-05  5.00151e-17  0.000499401 -2.28438e-17 -0.000986849  -8.1797e-17    -0.001841  1.03156e-16    0.0108217  1.53031e-17   -0.0134943 -5.67319e-17    -0.006394  1.42652e-17    0.0230075   1.0037e-17  -0.00181073 -1.06118e-17     -0.01665 -2.21062e-17  -0.00240547 -1.50919e-17   0.00859255  3.84691e-17   0.00545443  3.86975e-17  -0.00093637    -1.91e-17  -0.00301016 -3.42007e-17  -0.00173437 -4.06562e-18 -0.000155043  1.28902e-17  0.000481718  5.72069e-18  0.000427036  -3.1035e-18   0.00019677 -3.07225e-18  4.10183e-05  5.47681e-19 -1.61164e-05  1.86587e-18 -2.16465e-05  6.95076e-19  -1.3108e-05 -6.51437e-19 -5.66688e-06 -9.81457e-19 -1.85865e-06 -5.98391e-19 -4.26214e-07 -1.52645e-19 -2.93021e-08  6.47551e-20  3.40007e-08  9.39877e-20  2.41811e-08  5.56313e-20  1.08123e-08  1.95835e-20  3.89172e-09  2.01963e-21  1.20814e-09 -2.77196e-21  3.33134e-10 -2.50438e-21  8.28217e-11 -1.33866e-21  1.87145e-11 -5.48163e-22  3.85873e-12 -1.84735e-22  7.26777e-13 -5.25127e-23  1.24843e-13 -1.25245e-23  1.94686e-14 -2.39297e-24  2.73159e-15 -3.09423e-25  3.39088e-16  -1.6429e-28  3.59882e-17  1.50619e-26  2.99472e-18  5.74026e-27  1.33533e-19  1.49221e-27  -1.3318e-20  3.14365e-28 -4.57151e-21  5.64778e-29  -7.6338e-22  8.81227e-30  -9.7107e-23  1.20245e-30  -1.0272e-23  1.43976e-31 -9.29777e-25  1.51487e-32 -7.26507e-26  1.39791e-33 -4.89592e-27  1.12402e-34 -2.82398e-28  7.79373e-36 -1.37495e-29  4.59955e-37 -5.53003e-31  2.27228e-38 -1.77734e-32  9.17731e-40 -4.32468e-34  2.92327e-41 -7.20188e-36  6.93791e-43 -6.32711e-38  1.10972e-44  4.71107e-41  9.50881e-47  3.66281e-42
 7.38462e-07  8.11118e-18 -4.08636e-06 -2.79912e-17 -8.44199e-05  5.11078e-17  0.000781002 -1.63773e-17  -0.00219605  -8.5564e-17  0.000272966  8.38145e-17   0.00995475  2.04787e-17   -0.0155196 -3.45498e-17  -0.00381472   1.0037e-17    0.0215157  1.46467e-17 -0.000234735 -1.05138e-17   -0.0161554 -4.39237e-17  -0.00458469 -1.72085e-17   0.00750771  5.21392e-17   0.00653995  4.24673e-17  0.000427934 -1.93128e-17   -0.0026474 -3.21109e-17  -0.00213121 -4.46804e-18 -0.000636193   9.1917e-18  0.000240788  2.68738e-18  0.000397915 -3.45288e-18  0.000251008 -1.96626e-18  9.53251e-05  1.29852e-18    1.449e-05  1.74369e-18 -9.84364e-06  1.79705e-19 -1.04077e-05 -1.06272e-18 -5.90314e-06 -1.16346e-18 -2.51043e-06  -6.4496e-19 -8.55119e-07  -1.6299e-19 -2.31147e-07  5.38662e-20 -4.40026e-08  8.21805e-20  -1.7462e-09  4.76496e-20  3.26428e-09  1.60209e-20  1.96077e-09  1.15542e-21  7.78827e-10 -2.59745e-21  2.53189e-10 -2.17189e-21  7.17496e-11 -1.12102e-21  1.82236e-11  -4.4827e-22  4.21035e-12 -1.48642e-22  8.92681e-13  -4.1945e-23  1.74655e-13 -1.00864e-23  3.16478e-14 -2.01607e-24  5.32366e-15 -3.10403e-25  8.32558e-16 -2.69211e-26  1.21141e-16  3.11287e-27  1.64033e-17  2.12446e-27  2.06623e-18    6.111e-28  2.41904e-19  1.31527e-28  2.62812e-20  2.34349e-29  2.64351e-21  3.56987e-30  2.45381e-22  4.70752e-31  2.09277e-23  5.40668e-32  1.63049e-24  5.42261e-33  1.15184e-25  4.74048e-34  7.30834e-27   3.5866e-35  4.11478e-28  2.32182e-36  2.02427e-29  1.26726e-37  8.52811e-31  5.71929e-39   2.9948e-32  2.07438e-40  8.43758e-34  5.78389e-42  1.79872e-35  1.15137e-43  2.61902e-37  1.41578e-45  2.06561e-39  6.95152e-48
-1.68248e-18   3.7431e-06  8.82487e-18 -3.29636e-05  -2.6867e-17  5.14034e-06  5.06047e-17  0.000856532 -1.27498e-17   -0.0033094 -7.99618e-17   0.00285697  5.90013e-17   0.00803093  1.97535e-17   -0.0165458  -1.8431e-17  -0.00181073  1.46467e-17    0.0203751  2.66563e-17    0.0010393 -1.57187e-17   -0.0154761 -6.48307e-17     -0.00646 -1.85706e-17   0.00612611  6.02913e-17   0.00721577   4.5114e-17   0.00180232 -1.49948e-17  -0.00198962 -2.65414e-17  -0.00229556 -4.67809e-18  -0.00107336  4.41581e-18 -6.96025e-05 -9.52521e-19  0.000287786 -3.92041e-18   0.00025761 -1.05865e-18  0.000133608  1.66273e-18   4.4972e-05  1.27391e-18  6.03488e-06 -5.15786e-19 -4.29914e-06 -1.52999e-18 -4.25901e-06 -1.36029e-18 -2.34728e-06 -7.06221e-19 -9.93973e-07 -1.90903e-19  -3.4867e-07  2.91592e-20 -1.03433e-07  6.25979e-20 -2.56635e-08  3.63512e-20 -5.00073e-09  1.14144e-20 -5.71998e-10  9.37801e-23   7.8931e-11 -2.41759e-21  7.71079e-11 -1.82347e-21  3.11916e-11 -9.00286e-22  9.64349e-12 -3.49733e-22  2.54101e-12 -1.13648e-22  5.93996e-13 -3.16911e-23  1.25572e-13 -7.62253e-24  2.42587e-14 -1.56143e-24  4.30827e-15 -2.62643e-25  7.05782e-16 -3.28762e-26  1.06831e-16 -1.84439e-27  1.49476e-17  4.64049e-28  1.93207e-18  1.99048e-28  2.30358e-19  4.69758e-29   2.5274e-20  8.54583e-30  2.54336e-21  1.28967e-30  2.33751e-22  1.65679e-31  1.95155e-23  1.83349e-32  1.47023e-24  1.75701e-33  9.91233e-26  1.45626e-34  5.91924e-27  1.03609e-35  3.09026e-28  6.24908e-37  1.38696e-29  3.14237e-38  5.23328e-31  1.28751e-39  1.60937e-32   4.1516e-41  3.85274e-34  9.95979e-43  6.66063e-36  1.60791e-44  7.18356e-38  1.38852e-46  3.11896e-40
  -1.003e-07  -2.0826e-18  8.53744e-06  6.00054e-18 -8.76086e-05 -2.28643e-17  0.000236253  4.95353e-17  0.000547761 -1.04074e-17  -0.00393272 -6.83846e-17   0.00538457  3.43212e-17   0.00549595  1.20089e-17   -0.0168407 -1.06118e-17 -0.000234735  2.66563e-17    0.0194882  4.29429e-17   0.00210215 -2.31479e-17   -0.0146854 -8.23076e-17  -0.00804133 -2.10108e-17   0.00455204   6.1904e-17   0.00748259  4.68677e-17   0.00307662 -6.24771e-18  -0.00110955 -1.75892e-17  -0.00220394 -4.08208e-18  -0.00139866 -3.94643e-19 -0.000398034 -4.50513e-18  0.000113752 -4.45581e-18  0.000211555   -6.221e-19  0.000144834  1.40856e-18  6.67141e-05  3.60017e-19  2.13716e-05 -1.41503e-18   3.3698e-06 -2.06323e-18 -1.25229e-06 -1.58411e-18 -1.42056e-06 -7.91967e-19 -7.92251e-07 -2.40414e-19 -3.37421e-07 -9.36053e-21 -1.20558e-07  3.64659e-20 -3.74186e-08  2.27117e-20 -1.02295e-08  6.21159e-21 -2.46694e-09 -1.05928e-21 -5.19005e-10 -2.25318e-21 -9.20579e-11 -1.49513e-21  -1.2405e-11 -6.98007e-22 -6.90373e-13 -2.61706e-22   2.7379e-13 -8.29404e-23  1.31578e-13 -2.27425e-23  3.76289e-14 -5.43199e-24  8.63032e-15 -1.12341e-24  1.70961e-15 -1.97647e-25  3.01209e-16 -2.85121e-26  4.78579e-17 -3.05457e-27  6.90442e-18 -1.40331e-28  9.07208e-19   3.5401e-29  1.08633e-19  1.28004e-29  1.18411e-20  2.59204e-30  1.17185e-21  4.01742e-31  1.04875e-22  5.11994e-32  8.44214e-24  5.51473e-33  6.07005e-25  5.07837e-34  3.86399e-26  4.00223e-35  2.15317e-27  2.67947e-36  1.03515e-28  1.50354e-37  4.21204e-30  6.93907e-39  1.41322e-31  2.56298e-40  3.76627e-33  7.25689e-42  7.52354e-35  1.46388e-43  1.01726e-36   1.8204e-45  7.38344e-39   9.0231e-48
 4.05115e-19  8.34271e-07 -9.05363e-19  7.78809e-06  6.84028e-19 -0.000143251 -1.78302e-17  0.000576766  4.76837e-17 -0.000191313 -7.28496e-18   -0.0038197 -5.34836e-17   0.00743395  1.36883e-17    0.0027472 -2.51781e-18     -0.01665 -1.05138e-17    0.0010393  4.29429e-17    0.0187846  6.00257e-17   0.00301494 -2.99998e-17   -0.0138272 -9.51267e-17  -0.00934957 -2.61938e-17   0.00286865  5.67057e-17    0.0073633  4.78515e-17   0.00416347  6.10497e-18 -9.44926e-05 -5.77126e-18  -0.00186501 -1.95356e-18  -0.00156206 -3.94056e-18 -0.000689432 -7.13163e-18  -9.3225e-05 -4.91206e-18  0.000120349  -8.1136e-19  0.000124913  4.11002e-19   7.3451e-05 -1.03457e-18  3.16256e-05 -2.52153e-18  1.01881e-05 -2.66865e-18  2.09399e-06 -1.84458e-18 -8.17297e-08 -9.07659e-19  -3.4289e-07 -3.11381e-19 -2.11688e-07 -5.90889e-20 -9.28402e-08   6.1716e-21  -3.3703e-08  8.08423e-21 -1.06622e-08  9.45912e-22 -3.01016e-09 -2.17767e-21 -7.68014e-10 -2.10907e-21  -1.7832e-10 -1.20847e-21 -3.78086e-11 -5.26629e-22 -7.32704e-12 -1.89055e-22 -1.29593e-12 -5.80921e-23 -2.08335e-13  -1.5577e-23 -3.02015e-14 -3.66894e-24 -3.89151e-15 -7.57173e-25 -4.33319e-16 -1.35763e-25 -3.90448e-17 -2.08548e-26 -2.25723e-18 -2.66987e-27  6.46726e-20 -2.64096e-28  4.38331e-20 -1.43634e-29   8.1056e-21  1.32357e-30  1.08212e-21  5.43022e-31  1.18045e-22  9.86413e-32  1.09224e-23  1.31483e-32   8.6731e-25  1.41549e-33  5.91025e-26  1.27142e-34  3.42948e-27  9.60877e-36  1.66906e-28  6.07854e-37  6.64807e-30  3.17513e-38  2.08264e-31  1.34087e-39  4.77792e-33  4.43061e-41  6.81321e-35  1.08481e-42  2.55747e-37  1.78171e-44 -8.48802e-39  1.56088e-46 -9.13484e-41
-2.23617e-07  4.07442e-19  4.78466e-06  1.34951e-18 -1.26129e-05 -5.35059e-18 -0.000144632 -1.31533e-17   0.00090518  4.43318e-17   -0.0012345 -2.26337e-18  -0.00294467  -3.6539e-17   0.00877504  -1.1596e-18  6.13356e-05 -2.21062e-17   -0.0161554 -1.57187e-17   0.00210215  6.00257e-17    0.0182176  7.52742e-17   0.00381869 -3.42745e-17   -0.0129276 -1.03515e-16   -0.0104085 -3.54513e-17   0.00114088  4.50509e-17   0.00689393  4.78391e-17    0.0049982  2.05376e-17  0.000963156  8.06955e-18  -0.00131527  2.41266e-18   -0.0015373 -4.94862e-18 -0.000894854 -8.02996e-18 -0.000294999 -5.06764e-18  2.18215e-06 -1.61649e-18  7.78644e-05 -1.30364e-18  6.32202e-05 -2.85834e-18  3.38819e-05 -3.80041e-18  1.40831e-05 -3.33552e-18  4.67396e-06 -2.14021e-18  1.18129e-06 -1.05011e-18  1.69552e-07 -3.98191e-19 -3.21034e-08 -1.14854e-19 -3.75295e-08 -2.50377e-20 -1.86621e-08 -6.00331e-21 -7.07521e-09 -3.84312e-21 -2.27826e-09 -3.13301e-21 -6.49054e-10  -1.9751e-21 -1.66926e-10 -9.70417e-22  -3.9203e-11 -3.89929e-22 -8.46768e-12  -1.3283e-22 -1.68994e-12    -3.93e-23 -3.12592e-13 -1.02408e-23 -5.36983e-14 -2.36214e-24 -8.57753e-15   -4.817e-25 -1.27485e-15  -8.6502e-26 -1.76317e-16 -1.36141e-26  -2.2682e-17 -1.86376e-27 -2.71141e-18 -2.17892e-28 -3.00698e-19 -2.07181e-29 -3.08638e-20 -1.37785e-30 -2.92216e-21 -1.57752e-32 -2.54069e-22  1.23975e-32 -2.01676e-23  2.33291e-33  -1.4506e-24  2.78394e-34 -9.36436e-26  2.56333e-35 -5.36031e-27  1.90904e-36 -2.67902e-28  1.15852e-37 -1.14582e-29  5.67381e-39 -4.08233e-31  2.19387e-40  -1.1662e-32  6.44137e-42 -2.51949e-34  1.33837e-43  -3.7161e-36  1.70527e-45 -2.96783e-38  8.62283e-48
-7.49412e-20 -5.11305e-07  2.66345e-19  1.21218e-05  3.59246e-18 -6.28187e-05 -1.06133e-17 -3.35779e-05 -9.72158e-18   0.00105706  3.89659e-17  -0.00233391  4.54293e-18   -0.0014692 -1.80189e-17   0.00935856 -1.03324e-17  -0.00240547 -4.39237e-17   -0.0154761 -2.31479e-17   0.00301494  7.52742e-17    0.0177574  8.76232e-17   0.00454202 -3.49077e-17   -0.0120018 -1.08787e-16   -0.0112409 -4.95715e-17 -0.000580695  2.76532e-17   0.00611765  4.60992e-17   0.00553704  3.50083e-17   0.00197311  2.28847e-17 -0.000613117  9.50337e-18  -0.00132444 -2.48698e-18 -0.000979714 -6.63162e-18 -0.000454176 -4.68771e-18 -0.000118508  -2.8696e-18  1.46495e-05 -3.55473e-18  3.88846e-05 -4.96542e-18  2.77732e-05 -5.16902e-18  1.40499e-05 -4.02689e-18  5.72866e-06 -2.45241e-18  1.95395e-06 -1.20545e-18  5.57518e-07 -4.89961e-19  1.27461e-07 -1.69654e-19  1.94126e-08 -5.35917e-20 -5.55931e-10 -1.81015e-20 -1.87012e-09 -7.69577e-21 -9.13632e-10 -3.81731e-21  -3.2101e-10 -1.83313e-21 -9.43793e-11 -7.77076e-22 -2.44157e-11 -2.85416e-22 -5.68712e-12 -9.14575e-23 -1.20754e-12 -2.58598e-23 -2.35392e-13 -6.50387e-24 -4.23055e-14 -1.45873e-24 -7.02642e-15 -2.91397e-25 -1.07957e-15 -5.17362e-26  -1.5344e-16 -8.15542e-27 -2.01567e-17    -1.14e-27 -2.44311e-18 -1.40538e-28 -2.72528e-19 -1.50582e-29 -2.78838e-20 -1.36279e-30 -2.60543e-21 -9.86646e-32 -2.21125e-22 -4.95189e-33 -1.69319e-23 -5.23912e-35 -1.16006e-24  2.24345e-35 -7.03841e-26  3.11329e-36 -3.73269e-27  2.63233e-37 -1.70149e-28  1.64124e-38 -6.51939e-30  7.81254e-40 -2.03561e-31  2.81341e-41 -4.94733e-33  7.34977e-43 -8.68263e-35  1.26966e-44 -9.50622e-37  1.15757e-46 -4.19019e-39
