 9.38848e-11 -1.39292e-25 -1.69802e-09  4.55334e-24  1.11825e-08 -4.10514e-23 -4.07032e-08  1.92644e-22  9.19276e-08  -5.6511e-22 -1.31935e-07  1.13849e-21  1.13402e-07 -1.71632e-21 -4.24546e-08  2.19317e-21 -1.34452e-08 -2.71295e-21  1.57564e-08  3.24555e-21  1.94049e-09 -3.33787e-21 -4.27581e-09  2.79433e-21  -9.6375e-10  -2.1102e-21  9.13419e-10    1.658e-21   4.7031e-10 -1.14273e-21 -7.15501e-11  3.90612e-22 -1.33279e-10   1.6137e-22  -3.7064e-11 -1.95924e-22  1.21945e-11 -1.74851e-23  1.30163e-11  1.24253e-22  3.86381e-12 -9.16259e-23 -4.72314e-13  3.44016e-23 -9.11403e-13 -2.53618e-24 -3.93722e-13 -9.23849e-24 -6.42921e-14  9.84748e-24  2.39619e-14 -5.57873e-24   2.1577e-14  1.71527e-24  8.27549e-15 -3.86993e-26  1.71401e-15 -2.51348e-25 -5.11656e-17  1.42532e-25 -2.07811e-16 -4.83235e-26 -9.95822e-17  2.01201e-26 -3.01684e-17  -1.1002e-26 -6.14553e-18  2.65311e-27 -5.42266e-19  6.49392e-28  1.91022e-19 -2.79746e-28  1.19732e-19  -7.2198e-29  3.96692e-20  -2.0989e-29  9.80239e-21  3.25079e-29  1.91831e-21  4.68716e-30   2.9013e-22 -5.23039e-30   2.8212e-23 -4.68751e-31 -6.60809e-25   5.3195e-31 -1.11257e-24  4.46437e-32 -3.24698e-25 -5.57019e-32 -6.68314e-26 -8.56896e-33 -1.11981e-26   4.8078e-33 -1.59745e-27  1.38243e-33 -1.97259e-28 -1.95249e-34 -2.11625e-29 -1.17238e-34 -1.96158e-30 -1.14924e-35 -1.54566e-31  1.76053e-36 -9.98878e-33   8.8856e-37 -4.83332e-34  1.69399e-37 -1.17783e-35 -8.34692e-39  6.42569e-37 -8.97896e-39  1.05942e-37 -1.03982e-39  8.04993e-39   6.8633e-41  4.42013e-40  2.07842e-41  1.78512e-41  9.21383e-43  3.80196e-43 -5.00679e-44 -2.30419e-46 -3.74326e-45 -1.08525e-47 -2.59923e-47
-1.39292e-25  2.50257e-09 -2.81691e-24 -2.55155e-08  6.35928e-23  1.26282e-07  -4.5538e-22 -3.73398e-07  1.79113e-21  7.04095e-07 -4.52271e-21  -8.4074e-07  7.97999e-21  5.67279e-07 -1.07852e-20 -1.00976e-07  1.29187e-20 -1.27578e-07 -1.55844e-20  5.66116e-08  1.79045e-20  3.16763e-08  -1.6991e-20 -1.42584e-08  1.29724e-20 -1.02788e-08 -9.48995e-21  1.51562e-09  7.67739e-21  2.95721e-09 -5.04028e-21  6.01381e-10  1.16059e-21 -4.54979e-10   1.1879e-21 -3.17469e-10 -8.97574e-22 -4.34074e-11 -1.90275e-22  4.36582e-11  5.47387e-22  2.94441e-11 -3.39432e-22  6.77997e-12  1.16778e-22 -1.61211e-12 -1.04587e-23 -1.95018e-12 -3.06078e-23 -7.79522e-13  3.37205e-23 -1.29526e-13 -1.86434e-23  3.79306e-14  5.32756e-24  3.66818e-14  7.47253e-26  1.46994e-14 -8.09313e-25  3.52062e-15  3.58555e-25  2.68963e-16 -8.51764e-26  -2.0499e-16  5.18591e-26 -1.24651e-16 -3.68684e-26 -4.28162e-17  6.50609e-27 -1.05066e-17  3.07518e-27 -1.77518e-18 -4.56622e-28 -1.09395e-19 -4.60365e-28  5.64081e-20 -1.04722e-28  2.85919e-20  1.27381e-28  8.44009e-21  1.87767e-29   1.9171e-21 -1.83644e-29  3.56474e-22 -1.75393e-30  5.46044e-23  1.97829e-30  6.61239e-24  1.69309e-31  5.28742e-25 -2.24004e-31   -5.909e-27 -3.81422e-32 -1.24729e-26  1.78629e-32 -2.99586e-27  5.59543e-33 -5.00562e-28 -4.96794e-34 -6.76878e-29 -4.15023e-34 -7.75825e-30 -6.00413e-35 -7.67109e-31  3.13986e-36 -6.57962e-32  3.61248e-36 -4.88918e-33  7.18373e-37 -3.12805e-34 -2.54255e-38 -1.70679e-35 -2.97953e-38 -7.83664e-37 -3.22723e-39 -2.93406e-38  1.74399e-40 -8.18845e-40  5.05446e-41 -1.61088e-41  2.09112e-42 -4.21906e-43 -7.70138e-44 -1.49824e-44 -4.51683e-45 -8.01777e-47
-1.69802e-09 -2.81691e-24  3.26462e-08 -3.22196e-23 -2.29701e-07  5.50126e-22  8.99428e-07 -3.23595e-21 -2.20754e-06  1.08451e-20  3.50301e-06 -2.37724e-20 -3.45681e-06  3.69048e-20  1.72729e-06  -4.5021e-20  1.17979e-07  5.13262e-20  -5.5345e-07 -6.09752e-20  5.88301e-08  6.68264e-20  1.54587e-07 -5.77778e-20 -5.60992e-09  4.00569e-20 -4.20587e-08 -2.93106e-20 -8.16848e-09  2.49345e-20  8.07582e-09 -1.52279e-20  4.69691e-09  1.51167e-21 -5.44219e-11  4.97643e-21 -1.05458e-09 -2.62952e-21 -4.60563e-10 -9.22991e-22 -5.88065e-12  1.59224e-21  8.49908e-11 -8.34225e-22  4.40977e-11   2.7609e-22  8.23248e-12 -3.76865e-23 -2.83364e-12 -6.75922e-23 -2.76528e-12  7.94495e-23 -1.06527e-12 -4.29777e-23 -1.93194e-13  1.14975e-23  3.25453e-14  6.39092e-25   3.9926e-14 -1.88375e-24  1.71076e-14  5.67079e-25  4.63976e-15 -1.46189e-26  6.99731e-16  1.00218e-25 -6.36212e-17  -9.2907e-26 -8.65334e-17  8.09847e-27 -3.52935e-17  9.78912e-27 -9.95528e-18   2.6468e-28 -2.13105e-18 -1.59191e-27 -3.30389e-19 -3.48622e-28 -2.41832e-20  3.41133e-28  5.82901e-21   5.0374e-29  3.12231e-21 -4.58506e-29  8.72474e-22 -3.91939e-30  1.86096e-22  5.40431e-30  3.28805e-23  4.24982e-31  4.93742e-24 -6.47821e-31  6.31381e-25 -1.17782e-31  6.74456e-26  4.59745e-32  5.66097e-27   1.5867e-32  2.95212e-28 -6.35632e-34 -8.28478e-30 -1.03024e-33 -4.59764e-30 -1.95977e-34 -7.21136e-31  1.18012e-36 -8.01064e-32   9.8621e-36 -7.10145e-33  1.96503e-36 -5.19738e-34 -5.47574e-38 -3.16803e-35 -6.67197e-38 -1.60021e-36 -6.72013e-39 -6.50973e-38  2.96052e-40   -2.005e-39  8.09589e-41 -4.54684e-41  2.99508e-42 -9.81036e-43 -7.37969e-44 -1.76585e-44 -2.70799e-45
 4.55334e-24 -2.55155e-08 -3.22196e-23  2.77842e-07 -2.55323e-22 -1.47711e-06  3.47444e-21  4.72956e-06 -1.71854e-20 -9.77882e-06  4.96704e-20  1.31003e-05 -9.50622e-20 -1.05146e-05    1.302e-19  3.39169e-06 -1.44441e-19  1.64757e-06  1.59634e-19 -1.47628e-06 -1.88149e-19 -2.97362e-07   1.9467e-19  4.22531e-07 -1.50818e-19  1.22727e-07   9.4641e-20 -9.12207e-08 -7.27167e-20 -5.43003e-08   6.5824e-20  6.12183e-09 -3.61433e-20  1.51601e-08 -2.02311e-21  4.57937e-09   1.4993e-20 -1.36727e-09 -5.64101e-21 -1.58546e-09 -2.99446e-21 -4.87162e-10  3.51571e-21  5.88603e-11 -1.56224e-21  1.18044e-10   5.3706e-22  5.16623e-11 -1.14538e-22  8.34611e-12 -1.15168e-22 -3.38803e-12  1.48601e-22 -3.00448e-12 -7.89475e-23 -1.15189e-12  2.02169e-23 -2.35863e-13  2.08912e-24  1.02877e-14 -3.78587e-24  3.08471e-14  5.65572e-25  1.46481e-14  3.48291e-25  4.43015e-15  1.84375e-25  9.00331e-16 -2.01405e-25  7.77828e-17 -2.67662e-27 -2.90386e-17  2.43496e-26 -1.79682e-17  3.45328e-27 -5.94584e-18 -3.97335e-27 -1.47141e-18 -8.76084e-28 -2.89279e-19  7.24081e-28 -4.42988e-20  9.97028e-29 -4.51502e-21 -9.47792e-29  1.54577e-23 -5.25837e-30  1.45855e-22  1.25716e-29  4.41152e-23  8.30643e-31  9.14696e-24 -1.54398e-30  1.53212e-24 -2.94629e-31  2.17829e-25  9.46646e-32  2.67826e-26  3.65506e-32  2.86337e-27  1.06729e-34  2.65405e-28 -2.08501e-33  2.10918e-29 -4.83108e-34  1.40394e-30 -7.87161e-36  7.45063e-32  2.12037e-35  2.75462e-33  4.10099e-36   2.7528e-35 -9.98851e-38 -5.40666e-36 -1.16824e-37  -5.1806e-37 -1.08356e-38 -2.68798e-38  3.84836e-40 -8.57299e-40  9.74245e-41 -1.89988e-41  3.04831e-42 -5.16998e-43 -4.88526e-44  -7.2937e-45
 1.11825e-08  6.35928e-23 -2.29701e-07 -2.55323e-22  1.73526e-06 -1.53587e-21 -7.34368e-06  1.72358e-20  1.96684e-05 -7.29181e-20 -3.45973e-05  1.83353e-19  3.90652e-05 -3.07403e-19 -2.47112e-05  3.71754e-19  3.08065e-06 -3.78489e-19  6.44364e-06  4.14592e-19 -2.40632e-06 -4.86596e-19 -1.69651e-06  4.68426e-19  6.46802e-07 -3.17735e-19  5.50861e-07  1.80379e-19 -6.40982e-08 -1.56096e-19  -1.6003e-07   1.4979e-19 -3.53593e-08 -7.07086e-20  2.53897e-08 -1.74302e-20  1.84501e-08  3.55954e-20  2.52176e-09 -9.11534e-21 -2.69336e-09 -7.38353e-21 -1.81687e-09  6.19402e-21 -4.07006e-10 -2.34656e-21  1.15358e-10  9.33953e-22  1.29969e-10 -2.83396e-22  5.09478e-11 -1.61192e-22  7.81263e-12   2.3299e-22  -2.9905e-12 -1.22733e-22 -2.63335e-12  3.16068e-23 -1.03068e-12   4.9149e-24 -2.39199e-13 -7.14648e-24 -1.39983e-14  7.12276e-26   1.6431e-14   1.2558e-24  9.40831e-15  3.62808e-25  3.17032e-15 -3.91386e-25  7.66976e-16   -4.339e-26  1.26737e-16  5.03208e-26  6.75906e-18  1.10644e-26 -4.46808e-18 -7.94509e-27 -2.16451e-18 -1.74661e-27 -6.29687e-19   1.2959e-27  -1.4182e-19  1.41347e-28 -2.62254e-20 -1.73918e-28 -4.00906e-21 -7.24789e-31 -4.88507e-22  2.62751e-29 -4.06994e-23  1.37531e-30 -2.01183e-25 -3.19335e-30  7.58568e-25 -6.35114e-31  1.88571e-25  1.65795e-31  3.14794e-26  7.26047e-32  4.20892e-27  2.76076e-33  4.74338e-28 -3.67602e-33  4.59206e-29 -9.74051e-34  3.84153e-30 -2.46861e-35  2.77365e-31  3.83898e-35  1.71769e-32  7.00839e-36  9.01648e-34 -1.65388e-37  3.93196e-35 -1.69755e-37  1.38496e-36 -1.43261e-38  3.90135e-38  3.99879e-40  9.13042e-40    9.164e-41  1.39591e-41  2.23758e-42 -5.07797e-44 -2.10601e-44
-4.10514e-23  1.26282e-07  5.50126e-22 -1.47711e-06 -1.53587e-21  8.48222e-06 -7.39408e-21 -2.95615e-05  7.00937e-20  6.73034e-05 -2.56889e-19 -0.000101316  5.65429e-19  9.57008e-05  -8.3112e-19 -4.47715e-05  8.86193e-19 -6.11454e-06 -8.38343e-19  1.62193e-05  9.34422e-19  -1.1112e-06 -1.09064e-18 -4.78899e-06  9.57995e-19  5.82399e-08 -5.48911e-19  1.35194e-06  2.83794e-19  2.81466e-07 -3.04092e-19 -2.73094e-07  3.02406e-19  -1.6237e-07 -1.15701e-19  3.87469e-09 -5.76894e-20  3.90082e-08  6.96996e-20  1.66776e-08 -1.04404e-20  -2.5221e-10 -1.46742e-20 -3.44737e-09  8.83078e-21 -1.71711e-09 -2.88985e-21 -2.83809e-10  1.52086e-21  1.38467e-10 -5.73745e-22  1.19575e-10 -1.92371e-22  4.39716e-11  3.12756e-22  7.04886e-12 -1.67355e-22 -1.94695e-12  4.72782e-23 -1.89112e-12  9.65048e-24 -7.72597e-13 -1.31048e-23 -2.00926e-13 -1.26523e-24 -2.69962e-14  2.98829e-24  4.51844e-15   7.4888e-25  4.36401e-15 -6.90899e-25  1.69314e-15 -1.36228e-25  4.65181e-16  8.92807e-26  9.72488e-17  2.45129e-26  1.45489e-17 -1.33697e-26  9.11007e-19 -2.80053e-27  -3.1141e-19   2.0218e-27 -1.50346e-19  1.01814e-28 -4.07492e-20 -2.95506e-28 -8.52884e-21  1.90072e-29 -1.48448e-21  5.03946e-29 -2.20053e-22  2.06617e-30 -2.78402e-23 -5.88785e-30 -2.95547e-24 -1.21582e-30 -2.49752e-25  2.56687e-31 -1.39728e-26  1.28292e-31  8.81829e-29  8.17425e-33  1.51266e-28 -5.87224e-33  2.44503e-29 -1.67676e-33   2.6774e-30 -4.33929e-35   2.3025e-31  6.06623e-35   1.6172e-32  1.01911e-35  9.34134e-34 -2.51949e-37  4.38653e-35 -2.11068e-37  1.63681e-36 -1.59965e-38  4.79256e-38  3.32122e-40  1.07769e-39  6.74484e-41  1.40936e-41  1.12393e-42  6.27497e-45
-4.07032e-08  -4.5538e-22  8.99428e-07  3.47444e-21 -7.34368e-06 -7.39408e-21  3.38007e-05 -2.94975e-20 -9.93426e-05   2.4045e-19  0.000194513 -7.70812e-19 -0.000251155  1.49084e-18  0.000195317  -1.9173e-18 -5.80887e-05  1.79443e-18 -3.55741e-05 -1.60649e-18  2.90765e-05  1.87768e-18  6.85078e-06 -2.16325e-18 -8.92158e-06  1.68923e-18 -2.73284e-06 -7.66795e-19  2.06537e-06  3.70941e-19  1.23899e-06 -5.54513e-19 -1.70626e-07  5.49654e-19 -3.71997e-07 -1.56451e-19 -1.05286e-07 -1.37971e-19  4.05981e-08  1.15306e-19   4.1835e-08 -5.32065e-21  1.17465e-08 -2.42225e-20 -2.40352e-09  9.98452e-21 -3.45934e-09 -2.94312e-21 -1.40613e-09  2.35492e-21 -1.76188e-10 -9.63928e-22  1.26018e-10 -2.00395e-22  9.44981e-11  3.57526e-22  3.38333e-11 -2.05876e-22  6.05451e-12   7.1713e-23  -8.2313e-13  1.69952e-23 -1.10235e-12 -2.33183e-23 -4.82654e-13 -3.88341e-24 -1.38716e-13   5.7954e-24 -2.61546e-14  1.50288e-24 -1.44344e-15 -1.11286e-24  1.22919e-15 -3.00395e-25  6.42389e-16  1.38581e-25  2.01874e-16  4.34549e-26  4.83697e-17 -1.93473e-26  9.23534e-18 -3.49012e-27  1.36274e-18  2.79999e-27  1.27933e-19 -1.56615e-28 -3.73299e-21 -4.76953e-28 -5.10878e-21  6.68151e-29 -1.44284e-21  8.94104e-29 -2.88995e-22  2.99229e-30 -4.71468e-23 -9.84548e-30 -6.54607e-24 -2.09917e-30  -7.8664e-25  3.62891e-31 -8.22084e-26  2.05318e-31 -7.44962e-27  1.62811e-32 -5.79429e-28 -8.71477e-33 -3.79041e-29 -2.52923e-33 -2.00306e-30 -5.16114e-35 -7.75742e-32  8.54184e-35 -1.44481e-33  1.29068e-35  6.55905e-35 -3.48926e-37  7.53598e-36 -2.28373e-37  3.82309e-37 -1.53383e-38  1.33468e-38  2.09579e-40  3.32571e-40  3.75568e-41  3.29311e-42  3.20032e-43
 1.92644e-22 -3.73398e-07 -3.23595e-21  4.72956e-06  1.72358e-20 -2.95615e-05 -2.94975e-20  0.000112937 -9.99577e-20 -0.000284866  7.10303e-19  0.000483645 -2.00636e-18 -0.000534797  3.41542e-18  0.000332214 -3.82082e-18 -3.42218e-05  3.11028e-18 -9.55228e-05 -2.71289e-18  3.50559e-05    3.434e-18  2.62568e-05  -3.8507e-18 -1.04641e-05  2.57806e-18 -8.87189e-06 -8.01499e-19  1.31035e-06  4.00182e-19  2.77457e-06 -9.61288e-19  5.30725e-07  9.06204e-19 -5.08737e-07 -1.64221e-19 -3.35462e-07 -2.69019e-19 -3.03197e-08  1.62803e-19  5.96839e-08  1.07535e-20  3.57833e-08 -3.36296e-20  6.45919e-09   8.0796e-21 -3.32138e-09 -2.50964e-21 -2.92398e-09  3.44262e-21 -1.03353e-09 -1.35316e-21 -1.07472e-10 -1.82318e-22  9.23528e-11  3.30146e-22  6.49053e-11 -2.35293e-22  2.32899e-11  1.12707e-22  4.76109e-12  2.80303e-23 -4.27676e-14  -3.9681e-23 -4.99864e-13 -8.33478e-24 -2.46313e-13  9.82166e-24 -7.77029e-14  2.79228e-24  -1.7674e-14 -1.63887e-24 -2.60409e-15 -5.41913e-25 -1.74027e-17  1.89787e-25  1.43183e-16  6.48941e-26  5.89986e-17  -2.4008e-26   1.6174e-17 -2.77658e-27  3.50555e-18  3.46224e-27  6.27322e-19 -8.33006e-28  9.26507e-20 -7.40072e-28  1.07838e-20  1.56391e-28  8.14471e-22  1.47261e-28 -1.48599e-23  4.31614e-30 -1.94969e-23 -1.51204e-29 -4.41879e-24 -3.29469e-30  -7.0264e-25  4.83976e-31 -9.03399e-26  3.00887e-31 -9.81068e-27   2.5532e-32 -9.14474e-28 -1.21883e-32  -7.3478e-29 -3.39859e-33 -5.07592e-30 -3.54371e-35 -2.99008e-31  1.08509e-34 -1.48149e-32  1.44514e-35 -6.05817e-34 -4.32512e-37 -1.99655e-35 -2.16927e-37 -5.04737e-37 -1.27506e-38 -8.26625e-39  8.21163e-41 -5.38847e-41  1.43995e-41 -3.14136e-43
 9.19276e-08  1.79113e-21 -2.20754e-06 -1.71854e-20  1.96684e-05  7.00937e-20 -9.93426e-05 -9.99577e-20  0.000323009 -2.93157e-19 -0.000708607  1.83581e-18   0.00104887 -4.59407e-18 -0.000987018  6.87815e-18  0.000461667 -6.61792e-18  7.23572e-05  4.60463e-18 -0.000182717 -4.10897e-18   1.4624e-05  5.80864e-18  5.71574e-05 -6.21307e-18 -2.40742e-06  3.37645e-18 -1.73744e-05 -4.05292e-19 -2.94189e-06  3.51475e-19  3.99984e-06 -1.58853e-18  2.10995e-06  1.36019e-18 -2.17694e-07 -9.99745e-20 -6.04749e-07 -4.48832e-19 -2.23298e-07  1.95449e-19  2.62444e-08  4.00386e-20  5.99446e-08 -3.90959e-20  2.59522e-08  2.23004e-21    2.611e-09 -1.93943e-21 -3.15693e-09  4.67806e-21 -2.16049e-09 -1.56631e-21 -6.99043e-10 -1.34509e-22 -7.14796e-11   1.9171e-22  5.51163e-11 -2.59095e-22  3.87154e-11  1.80219e-22  1.42325e-11  4.43491e-23  3.30189e-12 -6.37824e-23  2.88414e-13 -1.52188e-23 -1.54151e-13  1.50303e-23 -9.83944e-14  4.72903e-24 -3.45168e-14 -2.20793e-24 -8.89076e-15 -8.45773e-25 -1.73484e-15  2.28358e-25 -2.28293e-16  8.32646e-26 -4.14735e-18 -2.43866e-26  8.68551e-18  8.32397e-28   3.3168e-18  3.78463e-27  8.31399e-19 -2.15726e-27  1.65871e-19 -1.10575e-27   2.7789e-20  2.98232e-28  3.97602e-21  2.25704e-28  4.84925e-22  6.11417e-30  4.93399e-23 -2.15377e-29   3.9315e-24 -4.71752e-30  1.93108e-25  6.28627e-31 -5.37406e-27  4.06424e-31 -2.70626e-27   3.2943e-32 -3.93817e-28 -1.61506e-32  -4.0307e-29 -4.11084e-33 -3.25804e-30  1.27664e-35 -2.14358e-31  1.25252e-34 -1.15075e-32  1.44463e-35 -4.98177e-34 -4.74525e-37 -1.69684e-35 -1.81532e-37 -4.27792e-37 -9.23284e-39 -6.73175e-39 -5.38298e-42 -4.72144e-41  2.86086e-42
 -5.6511e-22  7.04095e-07  1.08451e-20 -9.77882e-06 -7.29181e-20  6.73034e-05   2.4045e-19 -0.000284866 -2.93157e-19  0.000803458 -7.55189e-19  -0.00154902  4.20446e-18   0.00200466 -9.35768e-18  -0.00158485  1.22793e-17  0.000488049 -9.95631e-18  0.000302948  5.71697e-18 -0.000266855 -5.69438e-18 -5.50046e-05  9.19992e-18  8.86963e-05 -9.15531e-18  2.28196e-05  3.67277e-18 -2.32792e-05  6.81151e-19 -1.19693e-05  2.58748e-19  2.98994e-06 -2.49073e-18  4.24553e-06  1.86143e-18   9.0603e-07  7.41318e-20 -6.46164e-07 -6.57051e-19 -5.10939e-07  1.94177e-19 -1.07828e-07   8.0357e-20   5.1831e-08 -3.67627e-20  4.86941e-08 -7.09185e-21   1.6622e-08 -1.83642e-21  5.74167e-10  5.82565e-21  -2.4127e-09 -1.39271e-21 -1.42398e-09 -4.54351e-23 -4.40961e-10 -9.33286e-23 -5.22526e-11 -2.87174e-22  2.60313e-11  2.83687e-22  1.97975e-11  6.78357e-23  7.59721e-12  -9.6281e-23  1.96378e-12 -2.49842e-23  3.03883e-13  2.11522e-23 -1.18044e-14  7.31133e-24  -2.7697e-14 -2.71603e-24 -1.16174e-14 -1.17597e-24 -3.33928e-15  2.34441e-25 -7.50051e-16  9.18008e-26  -1.3386e-16  -1.6402e-26 -1.78017e-17  9.06275e-27 -1.19668e-18  3.50622e-27  2.01903e-19 -4.33283e-27  9.99683e-20 -1.58378e-27  2.45621e-20  4.95847e-28  4.58748e-21   3.2263e-28  7.11766e-22  8.08625e-30  9.46676e-23 -2.86692e-29  1.09227e-23 -6.16473e-30  1.09559e-24  8.14047e-31   9.5075e-26  5.07764e-31  7.05216e-27  3.49709e-32  4.36929e-28 -2.02507e-32   2.1602e-29 -4.50275e-33  7.60563e-31  8.85071e-35  1.08037e-32  1.31909e-34 -7.70472e-34  1.29776e-35  -7.1354e-35 -4.57562e-37 -3.22971e-36 -1.33774e-37 -8.70981e-38 -5.82043e-39 -1.08383e-39 -3.60882e-41  -3.2687e-42
-1.31935e-07 -4.52271e-21  3.50301e-06  4.96704e-20 -3.45973e-05 -2.56889e-19  0.000194513  7.10303e-19 -0.000708607 -7.55189e-19   0.00176034 -1.72968e-18  -0.00300722  8.62449e-18    0.0034034 -1.71143e-17  -0.00220787  1.95471e-17  0.000280147 -1.28656e-17  0.000661208  5.61113e-18 -0.000287005  -7.4018e-18 -0.000184708  1.37653e-17  9.68925e-05 -1.23972e-17  6.71505e-05  2.97403e-18 -1.78353e-05  2.62742e-18 -2.41717e-05  2.23921e-19 -2.48992e-06  -3.6824e-18  5.61917e-06   2.3217e-18  2.93569e-06  3.78532e-19 -7.30109e-08 -8.56331e-19 -7.20322e-07  1.45308e-19 -3.44815e-07  1.24691e-19 -2.88021e-08 -2.44473e-20  5.26591e-08 -1.80053e-20   3.4149e-08 -2.83826e-21  9.73673e-09  6.58005e-21 -1.40267e-10  -6.3703e-22 -1.55818e-09  1.06498e-22 -8.44332e-10 -5.52243e-22 -2.59494e-10 -3.33049e-22 -3.82066e-11  4.28528e-22  8.66803e-12  9.99035e-23   8.4301e-12 -1.36438e-22  3.45852e-12 -3.76477e-23  9.79004e-13  2.76921e-23  1.96293e-13  1.04052e-23  2.08464e-14 -3.02761e-24 -3.36908e-15 -1.48629e-24  -2.6366e-15  1.84366e-25 -8.95928e-16  8.49328e-26 -2.24511e-16  4.94545e-27 -4.55898e-17  2.34795e-26 -7.66942e-18   2.3562e-27 -1.05159e-18 -7.46489e-27 -1.08279e-19 -2.16024e-27 -5.42338e-21  7.43551e-28  8.55001e-22   4.3087e-28  3.16787e-22  9.29567e-30  6.06808e-23 -3.58474e-29  8.85051e-24  -7.3313e-30  1.06782e-24  1.05709e-30  1.09681e-25  5.87355e-31  9.68844e-27  2.89593e-32  7.36697e-28 -2.39068e-32  4.79746e-29 -4.47557e-33  2.64803e-30  1.75276e-34  1.21923e-31  1.27034e-34  4.57077e-33  1.05246e-35  1.33887e-34 -3.85711e-37  2.86247e-36 -8.64718e-38  4.22639e-38 -3.15821e-39   4.3931e-40 -2.55183e-41
 1.13849e-21  -8.4074e-07 -2.37724e-20  1.31003e-05  1.83353e-19 -0.000101316 -7.70812e-19  0.000483645  1.83581e-18  -0.00154902 -1.72968e-18   0.00343303 -3.55911e-18   -0.0052307  1.59931e-17   0.00516234 -2.83312e-17   -0.0026314  2.78388e-17 -0.000278954 -1.37979e-17   0.00108219  3.41444e-18 -0.000168013 -9.29306e-18 -0.000355958  1.95747e-17  5.12578e-05 -1.55141e-17  0.000120334  8.56797e-19  7.83899e-06  5.42013e-18 -3.36726e-05   3.9757e-19 -1.32996e-05 -5.10959e-18  4.11633e-06  2.63171e-18  5.19279e-06   8.0211e-19  1.36483e-06 -1.00199e-18 -5.50718e-07  4.75494e-20 -5.84587e-07  1.63199e-19 -1.94796e-07 -2.77855e-21  9.17325e-09 -2.79051e-20  4.11198e-08 -5.42205e-21   2.1426e-08  6.68283e-21  5.39238e-09  8.44865e-22 -1.98693e-10  3.48321e-22 -8.63402e-10 -1.19848e-21 -4.49658e-10 -4.09345e-22 -1.40748e-10  6.12937e-22 -2.54698e-11  1.40267e-22  9.33799e-13 -1.82036e-22  2.80976e-12 -5.25856e-23  1.29615e-12  3.40088e-23  3.99177e-13  1.37898e-23  9.26265e-14 -2.99626e-24  1.57422e-14 -1.73957e-24  1.42587e-15  5.27877e-26 -2.16485e-16  6.09483e-26 -1.45996e-16  4.49798e-26 -4.41749e-17  4.49808e-26 -9.98561e-18   9.1507e-29 -1.85684e-18 -1.14943e-26 -2.93004e-19 -2.78713e-27 -3.95031e-20  1.02629e-27 -4.50222e-21  5.38071e-28 -4.17982e-22  8.18077e-30 -2.81948e-23 -4.22117e-29 -6.70884e-25 -7.87515e-30  1.63966e-25  1.35989e-30  3.38226e-26  6.28356e-31  4.08477e-27  1.45098e-32  3.74664e-28 -2.64014e-32  2.76841e-29 -4.02845e-33  1.67102e-30  2.50996e-34  8.19262e-32  1.12025e-34   3.1927e-33  7.73321e-36  9.46185e-35 -2.82699e-37  1.97927e-36 -4.86226e-38  2.65238e-38 -1.41698e-39   1.6901e-40
 1.13402e-07  7.97999e-21 -3.45681e-06 -9.50622e-20  3.90652e-05  5.65429e-19 -0.000251155 -2.00636e-18   0.00104887  4.20446e-18  -0.00300722 -3.55911e-18   0.00601324 -6.63981e-18   -0.0082139  2.70361e-17   0.00702165 -4.27614e-17  -0.00257573   3.5491e-17  -0.00122302 -1.09967e-17   0.00142718 -1.43791e-18  0.000144262 -1.15879e-17  -0.00051295  2.65623e-17 -6.97533e-05  -1.8049e-17  0.000158119 -2.87071e-18  5.64564e-05  8.82426e-18 -3.13459e-05  9.29429e-19   -2.711e-05 -6.63942e-18 -2.12467e-06  2.69186e-18  6.15878e-06  1.29736e-18  3.43479e-06 -1.05678e-18   2.6993e-07 -8.55649e-20 -6.21902e-07  1.86925e-19 -3.92349e-07  2.50016e-20 -9.45813e-08 -3.45468e-20  1.91929e-08 -9.85635e-21  2.71236e-08  6.03337e-21  1.22895e-08  3.13477e-21  2.89898e-09  7.04297e-22 -7.16802e-11 -2.02446e-21  -4.0811e-10 -5.22666e-22 -2.12696e-10  8.26102e-22 -6.89025e-11  1.85676e-22 -1.46987e-11   -2.298e-22 -1.20194e-12 -6.85706e-23  6.13136e-13  3.94585e-23  3.75852e-13  1.72592e-23  1.28467e-13 -2.49026e-24  3.29555e-14 -1.92876e-24  6.70111e-15 -1.83962e-25  1.05451e-15   2.3961e-26   1.0803e-16  1.08239e-25 -1.63799e-18   7.3299e-26 -4.15114e-18 -3.45554e-27 -1.25837e-18 -1.61598e-26 -2.65392e-19 -3.38011e-27 -4.53205e-20  1.32088e-27 -6.56821e-21  6.28005e-28 -8.22632e-22  3.00405e-30 -8.95402e-23 -4.67918e-29 -8.45271e-24 -7.51925e-30 -6.85891e-25  1.69776e-30  -4.6987e-26  6.19654e-31 -2.62504e-27 -5.94613e-33 -1.10688e-28 -2.70919e-32 -2.69317e-30 -3.25767e-33   4.4713e-32  2.97173e-34  8.72537e-33  9.05564e-35  4.93716e-34  5.16519e-36  1.65708e-35  -1.7896e-37  3.37785e-37 -2.33758e-38  3.94819e-39 -4.60382e-40
-1.71632e-21  5.67279e-07  3.69048e-20 -1.05146e-05 -3.07403e-19  9.57008e-05  1.49084e-18 -0.000534797 -4.59407e-18   0.00200466  8.62449e-18   -0.0052307 -6.63981e-18   0.00953574 -1.13242e-17   -0.0117244  4.19889e-17   0.00857407 -5.92548e-17  -0.00180523  4.03694e-17   -0.0024506 -3.11776e-18   0.00151825 -8.92983e-18  0.000644453  -1.4572e-17 -0.000573908  3.44992e-17 -0.000261318 -1.96544e-17  0.000148764 -8.06934e-18  0.000118989  1.24203e-17 -8.78062e-06  1.90945e-18 -3.78346e-05 -8.07677e-18  -1.3172e-05  2.44608e-18  4.00342e-06  1.78859e-18  5.23299e-06 -1.00465e-18  1.73794e-06 -2.29485e-19 -2.36363e-07  1.91436e-19 -4.93374e-07  5.45265e-20 -2.30476e-07  -3.6969e-20 -4.05285e-08 -1.62954e-20  1.62046e-08  4.73307e-21  1.56809e-08   6.2534e-21  6.51476e-09  1.18868e-21  1.52618e-09 -2.99318e-21  2.83438e-11 -6.68832e-22 -1.59859e-10  1.04875e-21 -8.74748e-11   2.2931e-22 -2.96468e-11 -2.76265e-22 -7.14492e-12 -8.41251e-23   -1.095e-12  4.35636e-23  3.15759e-15  2.07405e-23  7.19498e-14 -1.42109e-24  3.04786e-14 -2.09084e-24  8.67287e-15 -5.42649e-25  1.95101e-15  -1.5638e-26  3.61398e-16  1.96939e-25  5.49533e-17  1.06661e-25  6.50222e-18 -8.32292e-27  4.72783e-19 -2.10035e-26 -2.07957e-20 -3.82907e-27 -1.53878e-20  1.59776e-27   -3.449e-21  6.83421e-28  -5.5753e-22 -7.32867e-30 -7.33876e-23 -4.86482e-29 -8.17936e-24 -6.15685e-30 -7.83156e-25  2.01793e-30 -6.46488e-26  5.60042e-31 -4.58735e-27  -2.7751e-32 -2.77523e-28 -2.56533e-32 -1.41218e-29 -2.32331e-33 -5.92199e-31  3.05684e-34 -1.98574e-32  6.71711e-35 -5.10389e-34  3.14412e-36 -9.48752e-36 -9.70163e-38 -1.10453e-37 -9.21825e-39 -4.04912e-40
-4.24546e-08 -1.07852e-20  1.72729e-06    1.302e-19 -2.47112e-05  -8.3112e-19  0.000195317  3.41542e-18 -0.000987018 -9.35768e-18    0.0034034  1.59931e-17   -0.0082139 -1.13242e-17    0.0137918 -1.77915e-17   -0.0153078  6.03492e-17   0.00937425 -7.59068e-17 -0.000235657   4.0578e-17  -0.00372484  1.01517e-17   0.00120345 -1.84346e-17   0.00124827 -1.84083e-17  -0.00046068  4.30094e-17 -0.000483246 -2.01972e-17  6.66881e-05 -1.42797e-17  0.000173867  1.57017e-17  3.63177e-05  3.32488e-18 -3.72896e-05 -9.20534e-18 -2.61762e-05  1.90538e-18 -2.35777e-06  2.19126e-18  5.39109e-06 -8.57446e-19   3.3899e-06 -3.57193e-19  6.47017e-07  1.78656e-19 -3.45985e-07  8.22754e-20 -3.23401e-07 -3.58183e-20 -1.22936e-07 -2.49006e-20 -1.61319e-08  3.04412e-21  1.00242e-08  1.01536e-20  8.05675e-09  1.80152e-21  3.19306e-09 -4.03133e-21  7.75244e-10 -8.29375e-22  5.99267e-11   1.2564e-21 -4.80697e-11  2.61435e-22 -3.01916e-11 -3.18844e-22 -1.08614e-11 -9.80822e-23 -2.86534e-12  4.61588e-23 -5.62598e-13  2.43688e-23 -6.90973e-14  2.25208e-25  2.31239e-15 -2.30696e-24  4.35844e-15 -1.02631e-24  1.55409e-15 -4.26892e-26  3.88882e-16  3.09377e-25  7.85884e-17  1.41762e-25  1.33805e-17 -1.43651e-26  1.94216e-18 -2.54283e-26  2.38687e-19 -4.02289e-27  2.40779e-20  1.82293e-27  1.81355e-21  6.90029e-28  6.26273e-23 -2.24211e-29 -8.62486e-24 -4.70761e-29 -2.18979e-24 -3.91619e-30  -2.9412e-25  2.25279e-30  -2.9587e-26  4.59684e-31 -2.39636e-27  -4.5605e-32 -1.59326e-28 -2.22347e-32 -8.68168e-30 -1.39868e-33 -3.81632e-31  2.80067e-34 -1.31289e-32  4.57492e-35  -3.3657e-34  1.74295e-36  -5.8944e-36 -4.44619e-38 -5.55287e-38 -2.62548e-39
 2.19317e-21 -1.00976e-07  -4.5021e-20  3.39169e-06  3.71754e-19 -4.47715e-05  -1.9173e-18  0.000332214  6.87815e-18  -0.00158485 -1.71143e-17   0.00516234  2.70361e-17   -0.0117244 -1.77915e-17    0.0183231 -2.59305e-17    -0.018393   8.0821e-17   0.00908811 -9.05501e-17   0.00200543  3.52681e-17  -0.00473501  2.77817e-17  0.000423309 -2.89741e-17   0.00180667 -2.29553e-17 -0.000133966  5.16297e-17 -0.000666633 -1.97715e-17 -9.28894e-05 -2.08354e-17  0.000192872  1.81913e-17  9.62115e-05  5.04914e-18 -1.88098e-05 -9.83916e-18 -3.55893e-05  1.15168e-18 -1.21951e-05  2.43561e-18   2.7078e-06 -6.51837e-19   4.3524e-06 -4.48558e-19   1.8181e-06  1.56144e-19  1.27764e-07  1.06967e-19 -2.79853e-07 -3.30095e-20 -1.85947e-07 -3.58623e-20 -6.12729e-08  1.29024e-21 -6.61667e-09  1.46963e-20  4.97688e-09   2.5268e-21  3.67677e-09 -5.02835e-21  1.43254e-09 -9.70345e-22  3.68108e-10  1.42512e-21  4.94644e-11  2.71544e-22 -8.38056e-12 -3.56717e-22 -8.19356e-12 -1.10079e-22 -3.24863e-12  4.74845e-23 -9.24796e-13  2.84695e-23 -2.06295e-13  2.35656e-24 -3.58051e-14 -2.68654e-24 -4.25339e-15 -1.61765e-24 -7.43709e-17 -4.06572e-26  1.32157e-16  4.38806e-25  4.62799e-17  1.74134e-25  1.06422e-17 -2.12111e-26   1.9532e-18 -2.87987e-26  3.02558e-19 -3.88379e-27  4.04059e-20  1.96079e-27  4.68536e-21  6.40694e-28   4.7115e-22 -3.99879e-29  4.07332e-23 -4.18409e-29  2.97262e-24 -1.15097e-30  1.76506e-25  2.34324e-30  7.81529e-27  3.37813e-31  1.82893e-28 -5.54356e-32 -6.40036e-30  -1.7445e-32  -9.9734e-31 -6.23166e-34 -6.14244e-32  2.31763e-34 -2.42435e-33   2.8578e-35 -6.36626e-35  8.71196e-37 -1.01526e-36 -1.67225e-38 -6.19585e-39
-1.34452e-08  1.29187e-20  1.17979e-07 -1.44441e-19  3.08065e-06  8.86193e-19 -5.80887e-05 -3.82082e-18  0.000461667  1.22793e-17  -0.00220787 -2.83312e-17   0.00702165  4.19889e-17   -0.0153078 -2.59305e-17    0.0225232 -3.52773e-17   -0.0204623  1.01476e-16    0.0076135 -1.01405e-16    0.0046001  2.51868e-17  -0.00519491  4.75738e-17 -0.000754778 -3.96397e-17   0.00215014 -2.77137e-17  0.000383135  5.98887e-17 -0.000735125 -1.86126e-17 -0.000305975 -2.70229e-17  0.000151917  1.95369e-17  0.000153309  6.86317e-18  1.87693e-05 -9.86772e-18 -3.50148e-05  3.19776e-19 -2.25682e-05   2.4862e-18 -3.05873e-06 -4.38007e-19  3.68512e-06 -4.96348e-19  2.77376e-06  1.34388e-19  8.40178e-07  1.29708e-19 -4.45618e-08 -3.09806e-20 -1.77113e-07 -4.92779e-20 -9.65956e-08 -2.52099e-22  -2.9132e-08  1.96189e-20  -3.1379e-09  3.33095e-21   1.9916e-09 -5.84546e-21  1.47073e-09 -1.04443e-21  5.77005e-10  1.53847e-21  1.57466e-10   2.5146e-22  2.83975e-11 -3.91117e-22  1.22355e-12 -1.20666e-22 -1.47285e-12  4.82135e-23 -7.38643e-13  3.34378e-23  -2.3079e-13  4.75297e-24 -5.59522e-14 -3.33816e-24 -1.10845e-14 -2.27536e-24 -1.79614e-15  3.76412e-27  -2.2629e-16   5.7334e-25 -1.76295e-17  1.98913e-25  7.53371e-19 -2.82536e-26  6.24197e-19 -3.05706e-26  1.49051e-19   -3.401e-27  2.56007e-20  1.97919e-27  3.58127e-21  5.38458e-28  4.24726e-22 -5.62447e-29  4.33607e-23 -3.33575e-29  3.82731e-24  1.64862e-30  2.91486e-25  2.26167e-30  1.90214e-26  2.17186e-31  1.05109e-27 -5.57299e-32  4.83251e-29 -1.21677e-32   1.8025e-30 -7.42491e-35   5.2572e-32  1.74405e-34  1.12874e-33  1.62777e-35  1.57413e-35  3.81284e-37  1.05196e-37 -4.62984e-39
-2.71295e-21 -1.27578e-07  5.13262e-20  1.64757e-06 -3.78489e-19 -6.11454e-06  1.79443e-18 -3.42218e-05 -6.61792e-18  0.000488049  1.95471e-17   -0.0026314 -4.27614e-17   0.00857407  6.03492e-17    -0.018393 -3.52773e-17    0.0258128 -4.50234e-17   -0.0212123  1.20054e-16   0.00511437 -1.07607e-16   0.00713476  1.26993e-17  -0.00493338  6.67677e-17  -0.00215032 -4.99456e-17    0.0021436 -3.19611e-17    0.0010049  6.73638e-17 -0.000631836 -1.69577e-17 -0.000523123 -3.22194e-17  4.19983e-05  1.95644e-17  0.000185066  8.49889e-18  6.88373e-05 -9.28162e-18 -2.00459e-05 -4.36438e-19 -2.90224e-05  2.35029e-18 -1.06771e-05 -2.64902e-19  8.93615e-07 -5.06593e-19  2.89451e-06  1.23474e-19  1.51946e-06  1.52953e-19  3.45652e-07 -3.19162e-20 -6.49335e-08 -6.49488e-20 -9.52229e-08 -1.43415e-21 -4.59672e-08  2.45174e-20 -1.33121e-08  4.16104e-21 -1.69735e-09 -6.33593e-21  6.02379e-10 -9.96875e-22  5.01299e-10  1.59361e-21  2.02925e-10  1.98344e-22  5.85532e-11 -4.24793e-22   1.2497e-11 -1.30862e-22  1.70192e-12  4.94126e-23 -2.61234e-14  3.95553e-23 -1.05487e-13  7.07102e-24  -4.0922e-14 -4.33383e-24 -1.09097e-14 -2.93607e-24 -2.33275e-15  9.60528e-26 -4.18505e-16  6.97213e-25 -6.37556e-17  2.11858e-25 -8.17683e-18  -3.4689e-26 -8.50373e-19 -3.04226e-26 -6.34455e-20 -2.64932e-27 -1.40367e-21    1.857e-27  5.42648e-22  3.97095e-28  1.21928e-22 -6.70559e-29  1.67103e-23 -2.27095e-29  1.76624e-24   3.9956e-30  1.52474e-25  2.02323e-30  1.09266e-26  1.17352e-31  6.49335e-28 -4.77946e-32  3.16004e-29 -7.28721e-33  1.22944e-30  2.36439e-34  3.67253e-32  1.19317e-34   7.8315e-34  8.32535e-36  1.02124e-35  1.36739e-37  5.17785e-38
 1.57564e-08 -1.55844e-20  -5.5345e-07  1.59634e-19  6.44364e-06 -8.38343e-19 -3.55741e-05  3.11028e-18  7.23572e-05 -9.95631e-18  0.000280147  2.78388e-17  -0.00257573 -5.92548e-17   0.00937425   8.0821e-17   -0.0204623 -4.50234e-17    0.0278141 -5.40758e-17   -0.0206316   1.3426e-16   0.00195687 -1.09402e-16   0.00922291  1.24695e-18  -0.00393863  8.28275e-17  -0.00352327 -5.99202e-17   0.00172811 -3.50244e-17   0.00160577  7.36907e-17 -0.000340321 -1.49317e-17 -0.000683073  -3.5967e-17 -0.000124655  1.82903e-17   0.00017184  9.69223e-18  0.000117821  -8.1729e-18  9.18939e-06   -9.824e-19  -2.7238e-05  2.07269e-18 -1.75701e-05 -1.67683e-19 -3.64861e-06 -4.93822e-19  1.74962e-06  1.30525e-19  1.80005e-06   1.7893e-19  7.48984e-07 -3.71998e-20  1.32681e-07 -8.22113e-20 -4.23936e-08 -2.27218e-21 -4.47022e-08  2.88632e-20 -2.00682e-08  4.94291e-21 -5.79021e-09 -6.37382e-21  -9.1961e-10 -7.74726e-22  1.02178e-10  1.60418e-21  1.37848e-10  1.16324e-22   5.9959e-11 -4.60683e-22  1.82639e-11 -1.41237e-22  4.31164e-12  5.24327e-23  7.83613e-13  4.68129e-23   9.4947e-14  8.89033e-24  3.26637e-16 -5.67555e-24 -3.83122e-15 -3.52246e-24  -1.3534e-15  2.30814e-25  -3.2277e-16   7.9342e-25 -6.18066e-17   2.1041e-25 -1.00064e-17 -3.96265e-26  -1.3968e-18 -2.83512e-26 -1.69106e-19 -1.78066e-27 -1.77038e-20   1.5927e-27 -1.58385e-21  2.38562e-28 -1.18003e-22 -6.93877e-29 -6.90711e-24 -1.14492e-29 -2.65145e-25  5.54384e-30  2.94361e-28  1.68004e-30   1.0707e-27  4.94082e-32  1.04078e-28 -3.49458e-32  6.29026e-30  -3.4433e-33  2.69386e-31  3.48175e-34   8.1471e-33  7.35732e-35   1.6029e-34  3.70224e-36  1.61717e-36  3.42142e-38
 3.24555e-21  5.66116e-08 -6.09752e-20 -1.47628e-06  4.14592e-19  1.62193e-05 -1.60649e-18 -9.55228e-05  4.60463e-18  0.000302948 -1.28656e-17 -0.000278954   3.5491e-17  -0.00180523 -7.59068e-17   0.00908811  1.01476e-16   -0.0212123 -5.40758e-17     0.028445 -6.11377e-17   -0.0189697  1.41986e-16  -0.00141543 -1.07962e-16    0.0106025 -5.56159e-18  -0.00234463  9.40967e-17  -0.00464137 -6.98916e-17  0.000934478 -3.65576e-17    0.0020555  7.85273e-17  0.000108404 -1.25172e-17 -0.000731083 -3.79846e-17 -0.000315912  1.59045e-17  0.000104486  1.02352e-17  0.000149025 -6.71187e-18  4.70238e-05 -1.23395e-18 -1.49699e-05  1.71949e-18 -2.06428e-05 -1.61256e-19 -8.62496e-06 -4.73906e-19 -6.16955e-07  1.58565e-19  1.39477e-06  2.08328e-19  9.66589e-07 -4.71596e-20  3.43066e-07 -9.98957e-20  5.12669e-08 -2.94342e-21 -1.99327e-08  3.20597e-20 -1.83862e-08  5.58084e-21 -7.95923e-09 -5.88428e-21 -2.33919e-09 -3.37949e-22 -4.48367e-10   1.5978e-21 -1.92892e-11  1.58261e-23  2.67368e-11 -5.00238e-22  1.40033e-11 -1.50908e-22  4.57767e-12  5.87096e-23  1.15731e-12  5.48177e-23  2.37614e-13  9.80518e-24  3.94128e-14 -7.27331e-24  4.91398e-15 -3.95617e-24  3.13231e-16  3.91677e-25 -4.80632e-17  8.47306e-25 -2.25906e-17   1.9448e-25 -5.21209e-18 -4.22567e-26  -9.1075e-19  -2.4696e-26 -1.31773e-19 -9.85173e-28 -1.62927e-20  1.21053e-27 -1.74279e-21  8.78612e-29 -1.61803e-22 -6.24175e-29 -1.30073e-23 -1.21457e-30 -8.99224e-25  6.17129e-30  -5.2856e-26  1.30167e-30 -2.59782e-27  1.42098e-32 -1.04224e-28 -2.11001e-32 -3.29435e-30 -9.03838e-34 -7.75738e-32  3.27051e-34 -1.23779e-33  4.01026e-35 -1.14125e-35  1.34251e-36 -4.41951e-38
 1.94049e-09  1.79045e-20  5.88301e-08 -1.88149e-19 -2.40632e-06  9.34422e-19  2.90765e-05 -2.71289e-18 -0.000182717  5.71697e-18  0.000661208 -1.37979e-17  -0.00122302  4.03694e-17 -0.000235657 -9.05501e-17    0.0076135  1.20054e-16   -0.0206316 -6.11377e-17    0.0279007 -6.48015e-17   -0.0166241  1.41461e-16  -0.00460728 -1.04956e-16    0.0111753 -4.91819e-18 -0.000375869  1.00109e-16  -0.00533424 -8.00898e-17 -0.000131649 -3.66835e-17   0.00225234  8.15121e-17  0.000643919 -9.62004e-18 -0.000634933 -3.81504e-17 -0.000487869  1.27329e-17 -1.13073e-05  1.00185e-17   0.00014807 -5.10675e-18  8.33698e-05 -1.17226e-18  6.58678e-06  1.35708e-18 -1.75158e-05 -2.40822e-19 -1.21504e-05 -4.57817e-19 -3.58214e-06  2.06677e-19  2.66294e-07  2.39804e-19  8.36082e-07 -6.10433e-20  4.65561e-07 -1.16442e-19  1.49296e-07 -3.74676e-21  2.15422e-08  3.35317e-20 -7.05496e-09   5.9609e-21 -6.53236e-09 -4.86669e-21 -2.81021e-09  3.29503e-22 -8.49449e-10  1.60785e-21 -1.86354e-10 -8.94582e-23 -2.43827e-11 -5.42015e-22  1.65865e-12 -1.56983e-22  2.25303e-12  6.94608e-23  8.59097e-13  6.28243e-23  2.33507e-13  9.54229e-24  5.12667e-14 -8.94308e-24  9.43462e-15 -4.17219e-24   1.4641e-15  5.54752e-25     1.88e-16  8.50287e-25  1.86726e-17  1.66722e-25  1.07867e-18 -4.20439e-26 -6.55416e-20 -2.00715e-26 -3.13009e-20 -4.32369e-28  -5.7278e-21  7.60303e-28 -7.63374e-22 -3.31164e-29 -8.22609e-23 -4.77938e-29 -7.40226e-24   6.6994e-30 -5.61202e-25  5.98075e-30 -3.57473e-26  9.51243e-31 -1.89133e-27  4.34642e-33 -8.14277e-29  -9.4283e-33 -2.75943e-30  4.19062e-34 -6.96678e-32  2.41959e-34 -1.18763e-33  1.86596e-35 -1.09935e-35  3.40654e-37
-3.33787e-21  3.16763e-08  6.68264e-20 -2.97362e-07 -4.86596e-19  -1.1112e-06  1.87768e-18  3.50559e-05 -4.10897e-18 -0.000266855  5.61113e-18   0.00108219 -1.09967e-17   -0.0024506   4.0578e-17   0.00200543 -1.01405e-16   0.00511437   1.3426e-16   -0.0189697 -6.48015e-17    0.0265476 -6.36738e-17   -0.0140063  1.31423e-16   -0.0073515 -1.02068e-16    0.0109888  4.44744e-18   0.00172015    1.015e-16  -0.00551904 -9.02798e-17  -0.00132217 -3.59281e-17   0.00214398  8.22613e-17   0.00117471 -6.19041e-18 -0.000393529  -3.6488e-17 -0.000596536  9.18244e-18 -0.000155417  9.05517e-18  0.000107905 -3.55688e-18  0.000106629 -8.39679e-19  3.26448e-05  1.03404e-18 -7.64335e-06  -3.8751e-19 -1.24785e-05 -4.48639e-19 -6.10554e-06  2.70826e-19 -1.29711e-06   2.7037e-19  3.24682e-07 -7.71312e-20  4.20294e-07 -1.30127e-19  2.04587e-07 -5.03262e-21  6.22328e-08  3.28281e-20  9.84826e-09  5.96102e-21 -1.67063e-09 -3.40262e-21 -1.93623e-09  1.21073e-21 -8.56626e-10  1.66101e-21 -2.67445e-10 -1.87095e-22 -6.41346e-11 -5.81223e-22 -1.14832e-11 -1.54871e-22 -1.18876e-12  8.53019e-23  1.14245e-13   6.9887e-23  1.00242e-13  8.06679e-24  3.23943e-14 -1.04296e-23  7.67246e-15 -4.13096e-24  1.48991e-15  6.95055e-25  2.46292e-16  8.02627e-25  3.51327e-17  1.32119e-25  4.33035e-18 -3.88788e-26  4.57058e-19 -1.52155e-26  4.03398e-20 -2.13821e-28  2.81113e-21  3.08826e-28  1.28345e-22 -1.10716e-28 -5.49778e-25 -2.89629e-29 -8.50118e-25   1.1646e-29 -1.04347e-25  5.22695e-30 -8.32906e-27  6.68061e-31 -4.96061e-28  8.54733e-33 -2.25199e-29 -1.57935e-33 -7.62403e-31  8.44984e-34 -1.80903e-32  1.46869e-34 -2.62823e-34  6.95361e-36  -1.5457e-36
-4.27581e-09  -1.6991e-20  1.54587e-07   1.9467e-19 -1.69651e-06 -1.09064e-18  6.85078e-06    3.434e-18   1.4624e-05 -5.69438e-18 -0.000287005  3.41444e-18   0.00142718 -3.11776e-18  -0.00372484  3.52681e-17    0.0046001 -1.07607e-16   0.00195687  1.41986e-16   -0.0166241 -6.36738e-17    0.0247886 -5.65692e-17   -0.0114418  1.11377e-16   -0.0095278 -1.00611e-16    0.0101836  2.19373e-17   0.00372701  9.96198e-17  -0.00519766 -9.96118e-17  -0.00248222 -3.49824e-17   0.00173253  8.04343e-17    0.0016094 -2.32926e-18 -3.65573e-05  -3.3171e-17 -0.000609096  5.67185e-18 -0.000298046  7.47845e-18  3.16342e-05 -2.21169e-18   0.00010735 -3.20346e-19  5.60235e-05  7.71856e-19  7.17498e-06 -5.75748e-19 -8.75188e-06 -4.42331e-19 -7.11361e-06  3.44788e-19 -2.75564e-06  2.96386e-19 -4.29978e-07 -9.29443e-20  1.93789e-07 -1.39337e-19  1.83327e-07 -7.10784e-21  8.22095e-08  2.97166e-20  2.46071e-08  5.47086e-21  4.50324e-09 -1.64449e-21 -6.48292e-11  2.25088e-21 -4.43547e-10  1.76437e-21 -2.15359e-10  -2.7029e-22 -7.01253e-11 -6.10548e-22 -1.78321e-11  -1.3957e-22 -3.65172e-12  1.05867e-22  -5.8522e-13  7.50801e-23 -6.25839e-14   5.6326e-24  1.40235e-16 -1.14529e-23   2.1694e-15 -3.82515e-24  6.83695e-16  7.94024e-25  1.46947e-16  7.14226e-25  2.54286e-17  9.69141e-26  3.72551e-18 -3.31271e-26  4.71372e-19 -1.07967e-26  5.18904e-20 -3.11974e-28  4.97332e-21 -7.57342e-29  4.13278e-22 -1.41964e-28  2.95233e-23 -9.92594e-30  1.78861e-24  1.36932e-29  9.00362e-26  4.20923e-30  3.64939e-27  4.62622e-31   1.1304e-28  1.63435e-32   2.4149e-30  2.36515e-33  2.63624e-32  7.63261e-34 -1.32109e-34   7.2554e-35 -6.83893e-36    1.787e-36
 2.79433e-21 -1.42584e-08 -5.77778e-20  4.22531e-07  4.68426e-19 -4.78899e-06 -2.16325e-18  2.62568e-05  5.80864e-18 -5.50046e-05  -7.4018e-18 -0.000168013 -1.43791e-18   0.00151825  1.01517e-17  -0.00473501  2.51868e-17   0.00713476 -1.09402e-16  -0.00141543  1.41461e-16   -0.0140063 -5.65692e-17    0.0229577 -4.27788e-17  -0.00912821  8.19018e-17    -0.011135 -1.01304e-16   0.00893582  4.52108e-17   0.00548808  9.60192e-17   -0.0044355 -1.06764e-16  -0.00347808 -3.44077e-17   0.00106663  7.58545e-17   0.00187454  1.67901e-18   0.00038316 -2.85302e-17 -0.000511577  2.55637e-18 -0.000407059  5.51143e-18 -6.76734e-05 -1.14654e-18  8.13753e-05  2.86204e-19  6.92993e-05  5.66155e-19  2.31396e-05 -7.79422e-19 -1.47144e-06 -4.31112e-19 -5.94933e-06  4.20935e-19 -3.52254e-06  3.14695e-19 -1.15974e-06 -1.05544e-19 -1.44702e-07 -1.42797e-19  8.45344e-08 -1.01286e-20  6.97361e-08  2.42528e-20  2.98915e-08  4.42319e-21  8.99869e-09  2.13697e-22  1.88231e-09  3.35784e-21  1.75598e-10  1.89687e-21 -6.15315e-11 -3.40402e-22 -4.11179e-11 -6.22164e-22 -1.45099e-11 -1.07573e-22 -3.87657e-12  1.29576e-22 -8.47657e-13  7.77167e-23  -1.5487e-13  2.74859e-24 -2.34168e-14 -1.17693e-23 -2.77829e-15 -3.27946e-24 -2.08606e-16  8.45559e-25  6.21685e-18  6.02844e-25  5.86677e-18  6.71551e-26  1.32465e-18 -2.55458e-26  2.11867e-19 -7.24852e-27  2.73557e-20 -6.09875e-28  2.96902e-21 -3.41479e-28  2.74729e-22 -1.33762e-28  2.17254e-23  5.99661e-30  1.46112e-24   1.3453e-29  8.26466e-26   3.1773e-30  3.86122e-27  3.23441e-31  1.44922e-28  2.11213e-32  4.18473e-30  3.38249e-33   8.6449e-32  5.00148e-34  1.10439e-33  2.78022e-35  5.54608e-36
