   0.00886231  -1.18123e-16    -0.0166615    3.6899e-16   0.000380696  -2.79123e-16    0.00347038   1.12418e-16    0.00186208  -2.58633e-18   0.000452943  -6.30999e-17  -9.43463e-05  -1.62975e-17  -0.000175739   7.55367e-18  -0.000119922   7.66297e-18  -6.01957e-05   3.62164e-18  -2.48161e-05   1.38627e-18  -8.58865e-06   5.05659e-19  -2.40904e-06   1.01474e-19  -4.53992e-07  -5.93951e-20   2.15613e-08  -7.72779e-20   7.66458e-08  -4.31258e-20   4.94565e-08  -1.15621e-20   2.35746e-08   2.88417e-21   9.60237e-09   5.63885e-21   3.50538e-09   4.11261e-21   1.17084e-09   2.19105e-21   3.61311e-10   9.66264e-22   1.03429e-10   3.71725e-22   2.74737e-11   1.28284e-22   6.75278e-12   4.03604e-23   1.52585e-12   1.16929e-23   3.13094e-13    3.1412e-24    5.6966e-14   7.86886e-25   8.70663e-15   1.84693e-25   9.39769e-16   4.07625e-26  -2.51712e-18   8.47619e-27  -3.84287e-17   1.66207e-27  -1.39894e-17   3.07503e-28  -3.61845e-18   5.37055e-29  -7.84973e-19     8.856e-30  -1.50389e-19    1.3784e-30  -2.60214e-20   2.02393e-31  -4.11245e-21   2.80191e-32  -5.97241e-22   3.65482e-33  -7.99546e-23   4.48781e-34  -9.88007e-24   5.18152e-35  -1.12697e-24   5.61748e-36  -1.18535e-25   5.70968e-37   -1.1473e-26    5.4314e-38   -1.0187e-27   4.82617e-39  -8.26079e-29   3.99698e-40  -6.07982e-30   3.07737e-41  -4.02489e-31   2.19591e-42  -2.36422e-32   1.44705e-43   -1.2045e-33   8.76968e-45  -5.09068e-35   4.86432e-46  -1.58899e-36   2.45545e-47  -1.88866e-38   1.12036e-48   1.82015e-39    4.5826e-50   1.76421e-40   1.66329e-51   9.71418e-42   5.28893e-53    3.9823e-43   1.44927e-54   1.28257e-44   3.34805e-56   3.25802e-46   6.32453e-58   6.38564e-48   9.33553e-60   9.19649e-50   9.99424e-62   8.84065e-52   6.70754e-64   4.51815e-54   1.82235e-66
 -1.18123e-16     0.0325934  -2.07511e-16    -0.0297789   4.03782e-16    -0.0081269  -1.13028e-16    0.00361025   1.46243e-16    0.00417825  -4.93734e-17    0.00202247  -1.17051e-16   0.000509476  -4.30855e-17  -7.86503e-05   1.11891e-18  -0.000182426   9.91068e-18  -0.000133921   7.91797e-18  -7.28282e-05   4.62944e-18  -3.34293e-05    2.0562e-18  -1.35868e-05   5.60382e-19  -5.00479e-06  -1.91974e-20  -1.69344e-06   -1.0846e-19  -5.31405e-07  -4.94037e-20  -1.56142e-07   3.19715e-21   -4.3555e-08   2.08302e-20  -1.18014e-08   1.84158e-20  -3.21653e-09    1.1112e-20  -9.17448e-10   5.40567e-21  -2.79814e-10   2.25762e-21  -8.99884e-11   8.36894e-22  -2.93885e-11   2.80867e-22  -9.39379e-12   8.63796e-23  -2.86782e-12   2.45342e-23  -8.25308e-13   6.47127e-24  -2.22534e-13   1.59235e-24  -5.60849e-14   3.66932e-25  -1.32025e-14   7.94036e-26  -2.90276e-15   1.61627e-26  -5.96181e-16   3.09741e-27   -1.1439e-16   5.59218e-28  -2.05016e-17   9.51671e-29  -3.43092e-18   1.52686e-29  -5.35728e-19   2.30913e-30  -7.79678e-20   3.29071e-31  -1.05597e-20   4.41707e-32  -1.32811e-21   5.58118e-33  -1.54674e-22   6.63288e-34  -1.66153e-23   7.40604e-35  -1.63737e-24   7.75889e-36   -1.4686e-25   7.61485e-37  -1.18428e-26   6.98871e-38  -8.40774e-28   5.98591e-39  -5.03797e-29   4.77364e-40  -2.27671e-30   3.53474e-41  -4.07838e-32   2.42236e-42    5.7228e-33   1.53049e-43   8.73964e-34   8.87546e-45   7.82879e-35   4.69947e-46   5.46331e-36    2.2579e-47   3.17423e-37   9.77027e-49   1.56885e-38   3.77294e-50   6.62745e-40   1.28551e-51   2.38254e-41   3.80889e-53   7.20627e-43   9.63005e-55   1.79968e-44   2.02483e-56   3.60615e-46   3.41233e-58   5.54574e-48    4.3524e-60   6.07683e-50    3.7973e-62   4.09913e-52   1.79926e-64   1.09772e-54
   -0.0166615  -2.07511e-16     0.0576215    -2.433e-16    -0.0290401   2.70369e-16    -0.0190269   2.19099e-16   -0.00102019    2.1913e-16    0.00465031  -7.97451e-17    0.00370428  -1.60968e-16    0.00170153  -8.31955e-17   0.000460078  -2.12316e-17  -2.58593e-05   4.88141e-18  -0.000127651      1.08e-17  -0.000102018   8.15377e-18  -5.90657e-05   3.98288e-18  -2.89738e-05   1.28284e-18  -1.27356e-05   2.18871e-19  -5.16116e-06   8.13895e-21  -1.96251e-06   3.97322e-20  -7.08702e-07   6.95236e-20  -2.45163e-07   6.23508e-20  -8.17243e-08   4.03975e-20  -2.63401e-08   2.11913e-20  -8.21657e-09   9.49682e-21  -2.47814e-09   3.75274e-21  -7.20816e-10   1.33478e-21  -2.01513e-10   4.33164e-22  -5.39435e-11   1.29395e-22  -1.37767e-11   3.57907e-23  -3.34557e-12    9.2074e-24  -7.70241e-13   2.21129e-24  -1.67683e-13   4.97352e-25  -3.44385e-14   1.04999e-25  -6.65814e-15    2.0837e-26  -1.20917e-15   3.89059e-27  -2.05812e-16   6.83951e-28  -3.27486e-17   1.13259e-28  -4.85647e-18   1.76699e-29  -6.68574e-19   2.59693e-30  -8.49886e-20   3.59442e-31  -9.89917e-21   4.68342e-32  -1.04374e-21   5.74114e-33  -9.75235e-23   6.61551e-34  -7.72772e-24    7.1577e-35   -4.5942e-25   7.26151e-36  -9.12353e-27   6.89624e-37   2.58047e-27   6.11949e-38   5.20694e-28   5.06291e-39   6.56834e-29   3.89563e-40   6.64723e-30   2.77946e-41   5.75546e-31   1.83242e-42   4.36817e-32   1.11168e-43    2.9345e-33   6.17624e-45   1.74986e-34   3.12447e-46    9.2491e-36   1.42947e-47   4.31382e-37   5.86579e-49    1.7623e-38   2.13698e-50   6.24029e-40   6.82387e-52   1.88813e-41   1.87864e-53   4.78774e-43    4.3621e-55    9.9034e-45    8.2851e-57   1.60697e-46      1.23e-58   1.92468e-48   1.32471e-60   1.52887e-50   8.94572e-63   6.33277e-53   2.44577e-65
   3.6899e-16    -0.0297789    -2.433e-16     0.0673427   -3.3663e-16    -0.0170692   1.73775e-16     -0.025085   5.10826e-16   -0.00786495   3.36368e-16    0.00244916  -5.11616e-17    0.00428749  -1.78399e-16    0.00286183  -1.26075e-16    0.00129282  -5.28634e-17   0.000393915  -6.84983e-18   3.41841e-05   9.81853e-18  -5.75702e-05   9.72834e-18  -5.51706e-05   5.22729e-18  -3.41808e-05   2.00018e-18  -1.74966e-05   6.75534e-19  -7.94548e-06   3.29649e-19  -3.30402e-06   2.53675e-19  -1.27972e-06   1.94602e-19  -4.66278e-07   1.26102e-19  -1.60754e-07   6.89855e-20  -5.26074e-08   3.26052e-20  -1.63644e-08   1.36009e-20  -4.83916e-09   5.09384e-21  -1.35938e-09   1.73532e-21  -3.62283e-10    5.4279e-22  -9.14454e-11   1.56889e-22  -2.18196e-11   4.20952e-23  -4.91101e-12   1.05223e-23  -1.04014e-12   2.45797e-24  -2.06736e-13   5.37982e-25  -3.84331e-14   1.10539e-25  -6.65468e-15   2.13486e-26  -1.06705e-15   3.87901e-27  -1.57113e-16   6.63516e-28  -2.09552e-17    1.0689e-28  -2.46947e-18   1.62191e-29  -2.43331e-19   2.31774e-30  -1.68168e-20   3.11833e-31    4.2653e-23   3.94824e-32   2.82329e-22   4.70127e-33   6.46169e-23   5.25966e-34   1.04478e-23   5.52219e-35   1.40531e-24   5.43293e-36   1.65349e-25   4.99997e-37     1.738e-26   4.29574e-38   1.64805e-27   3.43744e-39   1.41597e-28   2.55492e-40   1.10366e-29   1.75821e-41   7.79677e-31     1.116e-42   4.97941e-32    6.5045e-44   2.86317e-33   3.46287e-45    1.4739e-34   1.67344e-46   6.74254e-36   7.28571e-48   2.71485e-37   2.83158e-49    9.5025e-39    9.7123e-51   2.84439e-40   2.89764e-52    7.1213e-42   7.37824e-54   1.44507e-43   1.56259e-55   2.26604e-45   2.65257e-57   2.53323e-47   3.40804e-59   1.70845e-49   2.99489e-61   3.85136e-52   1.42912e-63  -1.25057e-54
  0.000380696   4.03782e-16    -0.0290401   -3.3663e-16     0.0619316  -5.37279e-16   -0.00384234   1.39926e-16    -0.0250445   6.86511e-16    -0.0136587   4.65971e-16    -0.0014045   3.08674e-17    0.00336584  -1.64312e-16    0.00338258  -1.55177e-16    0.00205637  -8.10849e-17   0.000943748  -2.11313e-17   0.000333916   4.72072e-18   7.87577e-05   8.42157e-18  -1.58313e-06   5.31024e-18  -1.57971e-05    2.5833e-18  -1.20456e-05   1.32763e-18  -6.60336e-06   8.37113e-19  -3.06361e-06   5.68361e-19  -1.26872e-06   3.58435e-19  -4.80371e-07   1.99741e-19  -1.68367e-07   9.80198e-20  -5.49936e-08   4.27466e-20  -1.67973e-08   1.67555e-20  -4.80426e-09   5.96644e-21   -1.2865e-09   1.94726e-21  -3.22093e-10   5.86405e-22  -7.51897e-11   1.63729e-22  -1.62952e-11   4.25362e-23  -3.25628e-12    1.0313e-23  -5.93339e-13   2.33959e-24  -9.66271e-14    4.9769e-25  -1.34854e-14   9.94364e-26  -1.43449e-15   1.86804e-26  -5.55719e-17   3.30239e-27   2.46348e-17   5.49695e-28   9.34359e-18   8.61777e-29   2.21488e-18   1.27251e-29   4.27463e-19   1.76944e-30   7.19524e-20   2.31615e-31   1.08602e-20   2.85243e-32   1.48971e-21   3.30254e-33   1.87011e-22   3.59104e-34   2.15618e-23   3.66236e-35   2.28666e-24   3.49763e-36   2.23072e-25   3.12203e-37   1.99969e-26   2.59898e-38   1.64391e-27   2.01267e-39   1.23567e-28   1.44563e-40   8.45875e-30     9.597e-42   5.24604e-31    5.8643e-43   2.92795e-32   3.28234e-44   1.45776e-33   1.67316e-45   6.39846e-35   7.71411e-47   2.43501e-36   3.19019e-48   7.83318e-38   1.17133e-49   2.03803e-39   3.76958e-51   3.88915e-41   1.04583e-52   3.71195e-43   2.44692e-54  -6.43799e-45   4.68225e-56  -3.70015e-46   7.00154e-58  -8.30281e-48   7.59296e-60  -1.05582e-49   5.16121e-62  -6.64639e-52   1.41973e-64
 -2.79123e-16    -0.0081269   2.70369e-16    -0.0170692  -5.37279e-16     0.0516714  -7.67079e-16    0.00526576   1.03281e-16    -0.0215754   7.54916e-16     -0.017095   5.78005e-16   -0.00552065   1.34504e-16    0.00128083  -1.21643e-16    0.00301617  -1.57132e-16    0.00242194   -9.4149e-17    0.00140643  -3.18014e-17   0.000668174  -1.65361e-18   0.000270035   5.65363e-18     9.324e-05   4.93105e-18   2.66557e-05   3.29174e-18   5.55452e-06   2.20258e-18   2.73192e-07   1.47905e-18  -4.97979e-07   9.30879e-19  -3.45864e-07   5.27917e-19  -1.58484e-07   2.67197e-19  -5.92876e-08   1.21051e-19  -1.91366e-08   4.94316e-20  -5.40906e-09   1.83403e-20  -1.32798e-09   6.23026e-21  -2.72093e-10   1.95053e-21  -4.04898e-11   5.65658e-22  -1.12692e-12   1.52526e-22   2.09774e-12   3.83526e-23     1.045e-12   9.01545e-24   3.51667e-13   1.98552e-24   9.80127e-14   4.10429e-25   2.40165e-14   7.97378e-26   5.30855e-15   1.45738e-26   1.07258e-15   2.50762e-27   1.99586e-16   4.06373e-28   3.43571e-17   6.20351e-29   5.48562e-18   8.92004e-30   8.13528e-19   1.20779e-30   1.12121e-19   1.53924e-31   1.43581e-20   1.84514e-32   1.70713e-21   2.07859e-33    1.8819e-22   2.19797e-34    1.9197e-23   2.17848e-35   1.80723e-24   2.02022e-36   1.56464e-25    1.7493e-37   1.24003e-26   1.41095e-38   8.94142e-28   1.05717e-39   5.81666e-29   7.33415e-41   3.37224e-30   4.69321e-42     1.709e-31   2.75773e-43   7.31084e-33   1.48008e-44   2.43785e-34   7.20993e-46   4.69633e-36   3.16368e-47  -9.90589e-38   1.23896e-48  -1.51404e-38   4.28105e-50  -8.77467e-40    1.2863e-51  -3.56136e-41   3.29744e-53   -1.1044e-42   7.02799e-55  -2.64059e-44   1.20013e-56  -4.74045e-46   1.55038e-58  -5.99302e-48   1.36917e-60  -4.64112e-50   6.56188e-63   -1.4274e-52
   0.00347038  -1.13028e-16    -0.0190269   1.73775e-16   -0.00384234  -7.67079e-16     0.0434087  -9.43333e-16     0.0104375   3.61265e-17    -0.0171545   7.49116e-16    -0.0184131   6.52348e-16   -0.00903946   2.33519e-16   -0.00138496  -5.43724e-17    0.00184502  -1.25763e-16    0.00222671  -8.45803e-17    0.00159273  -3.22124e-17   0.000904101   -4.1373e-18   0.000442469   4.71075e-18   0.000194033   5.70497e-18   7.80375e-05   4.69114e-18   2.92854e-05   3.39368e-18   1.04094e-05   2.21203e-18   3.55469e-06   1.29159e-18   1.18171e-06   6.74846e-19   3.86438e-07   3.16751e-19   1.24975e-07   1.34334e-19   3.99315e-08   5.18058e-20   1.25252e-08   1.82853e-20   3.82145e-09   5.94263e-21   1.12347e-09    1.7875e-21   3.15727e-10   4.99638e-22   8.43019e-11   1.30178e-22   2.12948e-11   3.16925e-23   5.07394e-12   7.22496e-24   1.13813e-12   1.54515e-24   2.39999e-13   3.10463e-25   4.75272e-14   5.86726e-26   8.83075e-15   1.04375e-26   1.53813e-15   1.74875e-27   2.50905e-16   2.76031e-28    3.8287e-17   4.10489e-29   5.45778e-18   5.75005e-30    7.2552e-19   7.58388e-31   8.97434e-20   9.41251e-32   1.03004e-20   1.09841e-32   1.09299e-21   1.20397e-33   1.06694e-22   1.23789e-34   9.51555e-24   1.19196e-35   7.67456e-25   1.07278e-36   5.50584e-26   9.00438e-38   3.40841e-27   7.03007e-39   1.69888e-28   5.08994e-40   5.32839e-30   3.40547e-41   -1.0284e-31   2.09674e-42  -3.36951e-32   1.18218e-43   -3.3632e-33   6.06839e-45  -2.42255e-34   2.81647e-46  -1.41526e-35   1.17204e-47  -6.93842e-37    4.3283e-49  -2.87981e-38   1.40034e-50  -1.00844e-39   3.90379e-52  -2.94289e-41    9.1728e-54  -7.00513e-43   1.76177e-55  -1.31457e-44    2.6427e-57  -1.84008e-46   2.87311e-59  -1.73866e-48   1.95654e-61  -8.81209e-51   5.38796e-64
  1.12418e-16    0.00361025   2.19099e-16     -0.025085   1.39926e-16    0.00526576  -9.43333e-16     0.0381843  -1.04605e-15     0.0133936   -4.6823e-17    -0.0128799   6.95902e-16    -0.0182609    6.8224e-16    -0.0116404   3.18538e-16   -0.00412676   3.40496e-17   0.000121871  -6.17901e-17    0.00147956  -4.94576e-17    0.00140623  -1.68263e-17    0.00093816   2.60992e-18   0.000521631   9.03342e-18   0.000256858   9.21209e-18   0.000115502   7.27071e-18   4.83159e-05   4.95828e-18   1.90318e-05   2.99336e-18   7.11685e-06   1.61422e-18    2.5394e-06   7.82964e-19   8.66908e-07   3.43759e-19   2.83359e-07   1.37416e-19   8.86176e-08   5.02921e-20   2.64738e-08   1.69419e-20   7.53878e-09   5.27894e-21   2.04167e-09   1.52775e-21   5.24697e-10   4.12002e-22   1.27695e-10   1.03798e-22   2.93751e-11   2.44806e-23   6.37652e-12   5.41478e-24   1.30406e-12   1.12492e-24   2.50868e-13    2.1977e-25   4.53228e-14   4.04119e-26   7.67603e-15   6.99862e-27   1.21618e-15   1.14194e-27   1.79801e-16   1.75573e-28   2.47228e-17   2.54333e-29   3.14786e-18   3.47001e-30   3.68868e-19   4.45661e-31   3.94132e-20   5.38398e-32   3.78216e-21   6.11242e-33   3.16895e-22   6.51342e-34   2.17362e-23   6.50493e-35   9.75907e-25   6.07758e-36  -1.86528e-26   5.30098e-37  -1.09403e-26   4.30577e-38  -1.61431e-27   3.24777e-39  -1.73468e-28   2.26738e-40  -1.54588e-29   1.45948e-41  -1.19062e-30   8.62256e-43  -8.05377e-32   4.65073e-44  -4.81151e-33    2.2756e-45  -2.53855e-34   1.00243e-46  -1.17812e-35   3.93884e-48  -4.77428e-37   1.36474e-49   -1.6712e-38   4.10935e-51  -4.97697e-40   1.05504e-52  -1.23471e-41   2.25066e-54  -2.47611e-43   3.84431e-56  -3.83657e-45   4.96417e-58  -4.26257e-47   4.37907e-60  -2.93411e-49   2.09483e-62  -8.07343e-52
   0.00186208   1.46243e-16   -0.00102019   5.10826e-16    -0.0250445   1.03281e-16     0.0104375  -1.04605e-15     0.0349261  -1.08882e-15     0.0153021  -1.27883e-16   -0.00901486   6.10592e-16    -0.0171597   6.73613e-16    -0.0132837   3.90929e-16   -0.00659014    1.3839e-16   -0.00184988   2.85934e-17   0.000316238    9.8003e-18   0.000859913    1.6732e-17   0.000733264   2.14271e-17   0.000465475   2.02557e-17   0.000251102   1.59692e-17   0.000120963   1.10288e-17    5.3341e-05   6.78497e-18   2.18376e-05   3.74561e-18   8.37111e-06   1.86636e-18   3.02011e-06   8.44148e-19   1.02847e-06    3.4837e-19   3.31062e-07   1.31802e-19   1.00777e-07   4.59221e-20   2.90024e-08   1.47983e-20   7.88548e-09   4.42795e-21   2.02354e-09   1.23436e-21   4.89509e-10   3.21425e-22    1.1147e-10   7.83486e-23    2.3856e-11   1.79082e-23   4.78883e-12   3.84402e-24    8.9952e-13   7.75822e-25   1.57617e-13   1.47364e-25   2.56561e-14   2.63612e-26   3.85648e-15   4.44296e-27   5.30451e-16   7.05668e-28   6.57561e-17   1.05616e-28   7.13614e-18   1.48915e-29   6.33252e-19   1.97703e-30   3.57789e-20   2.46978e-31  -1.38929e-21   2.90058e-32  -8.27122e-22   3.19897e-33  -1.61286e-22   3.30855e-34  -2.35425e-23   3.20365e-35  -2.90074e-24   2.89851e-36  -3.14188e-25    2.4447e-37  -3.04433e-26   1.91708e-38  -2.66018e-27   1.39343e-39   -2.1031e-28   9.35415e-41  -1.50485e-29   5.77537e-42  -9.72928e-31   3.26344e-43  -5.66437e-32   1.67789e-44  -2.95489e-33   7.79522e-46  -1.37195e-34   3.24507e-47  -5.62036e-36   1.19806e-48  -2.00882e-37   3.87251e-50  -6.17357e-39   1.07785e-51  -1.60014e-40   2.52696e-53  -3.40661e-42    4.8393e-55   -5.7347e-44   7.23298e-57  -7.19648e-46    7.8298e-59  -6.06944e-48   5.30504e-61  -2.72154e-50   1.45234e-63
 -2.58633e-18    0.00417825    2.1913e-16   -0.00786495   6.86511e-16    -0.0215754   3.61265e-17     0.0133936  -1.08882e-15     0.0327452  -1.08965e-15      0.016708  -2.05015e-16    -0.0055364   5.01518e-16     -0.015432   6.37349e-16    -0.0140242    4.5243e-16   -0.00853943   2.49494e-16   -0.00377296    1.3491e-16   -0.00105025    8.7103e-17   6.21552e-05   6.57946e-17   0.000328413   5.07863e-17   0.000280854   3.70886e-17   0.000173562    2.4954e-17   9.03045e-05   1.53202e-17   4.16834e-05   8.55293e-18   1.74927e-05   4.34361e-18   6.76316e-06   2.01212e-18   2.42755e-06    8.5329e-19    8.1256e-07     3.325e-19   2.54264e-07   1.19484e-19   7.44629e-08   3.97373e-20    2.0411e-08   1.22729e-20   5.23277e-09   3.53123e-21   1.25267e-09   9.49049e-22   2.79281e-10   2.38763e-22   5.77543e-11   5.63261e-23   1.10088e-11   1.24778e-23   1.91457e-12   2.59878e-24   2.98309e-13   5.09349e-25   4.01162e-14   9.40112e-26    4.2171e-15    1.6348e-26   2.08764e-16   2.67904e-27  -4.73553e-17   4.13743e-28  -1.92603e-17   6.02044e-29  -4.44611e-18   8.25059e-30  -8.21061e-19   1.06421e-30  -1.31377e-19   1.29089e-31  -1.87869e-20   1.47105e-32  -2.43639e-21   1.57284e-33  -2.88721e-22   1.57543e-34  -3.13849e-23   1.47562e-35  -3.13464e-24   1.28966e-36  -2.87702e-25   1.04912e-37  -2.42416e-26   7.92072e-39  -1.87155e-27   5.53163e-40  -1.32021e-28   3.55964e-41  -8.47729e-30   2.10112e-42  -4.93169e-31   1.13153e-43  -2.58408e-32   5.52444e-45  -1.21068e-33   2.42666e-46  -5.02629e-35   9.50166e-48  -1.82827e-36   3.27841e-49  -5.74301e-38   9.82354e-51  -1.52882e-39    2.5081e-52  -3.36238e-41   5.31695e-54  -5.89437e-43   9.01842e-56    -7.804e-45   1.15555e-57  -7.13694e-47   1.01064e-59  -3.78578e-49   4.78906e-62  -7.01283e-52
  0.000452943  -4.93734e-17    0.00465031   3.36368e-16    -0.0136587   7.54916e-16    -0.0171545   -4.6823e-17     0.0153021  -1.08965e-15     0.0312199  -1.07091e-15     0.0178682  -2.89116e-16   -0.00235235   3.72781e-16    -0.0132543   5.80633e-16    -0.0139273   4.99359e-16   -0.00981413   3.54462e-16   -0.00537948   2.43382e-16   -0.00237382    1.7157e-16  -0.000816071   1.22263e-16  -0.000176752   8.48116e-17   1.92485e-05   5.56476e-17   4.87471e-05   3.39477e-17   3.46038e-05   1.90757e-17   1.82039e-05   9.83392e-18   8.08987e-06   4.64972e-18   3.17639e-06   2.02002e-18   1.12396e-06   8.08456e-19   3.61722e-07    2.9892e-19   1.06202e-07   1.02399e-19   2.83963e-08   3.25923e-20   6.86356e-09   9.66555e-21   1.47476e-09   2.67745e-21    2.7119e-10    6.9427e-22   3.83367e-11   1.68811e-22   2.24362e-12   3.85429e-23  -9.74241e-13     8.273e-24  -5.04891e-13   1.67093e-24  -1.57611e-13   3.17789e-25  -3.98448e-14   5.69394e-26  -8.78587e-15   9.61399e-27  -1.74117e-15   1.52982e-27  -3.14773e-16   2.29382e-28  -5.23386e-17    3.2397e-29   -8.0424e-18   4.30752e-30   -1.1452e-18   5.38757e-31  -1.51332e-19   6.33259e-32  -1.85678e-20   6.98684e-33  -2.11486e-21   7.22562e-34  -2.23431e-22   6.99244e-35  -2.18654e-23    6.3194e-36  -1.97834e-24   5.32114e-37  -1.65087e-25   4.16339e-38  -1.26667e-26   3.01752e-39  -8.90276e-28    2.0186e-40  -5.70573e-29   1.24114e-41   -3.3159e-30    6.9795e-43  -1.73547e-31   3.56881e-44  -8.11071e-33   1.64778e-45  -3.34827e-34   6.81235e-47  -1.20383e-35   2.49596e-48  -3.69777e-37   8.00036e-50  -9.43749e-39   2.20646e-51  -1.91429e-40    5.1216e-53  -2.83532e-42   9.70259e-55  -2.41875e-44   1.43326e-56    4.0253e-47   1.53191e-58   3.83269e-48   1.02366e-60   3.68285e-50   2.76037e-63
 -6.30999e-17    0.00202247  -7.97451e-17    0.00244916   4.65971e-16     -0.017095   7.49116e-16    -0.0128799  -1.27883e-16      0.016708  -1.07091e-15     0.0301658  -1.06153e-15     0.0189326  -3.94663e-16   0.000643441   2.24907e-16     -0.010708   5.03742e-16    -0.0130418   5.23185e-16    -0.0103038   4.38775e-16   -0.00644737   3.38347e-16    -0.0034181   2.48892e-16   -0.00158566   1.74498e-16  -0.000655533   1.15286e-16  -0.000244474   7.10125e-17  -8.31673e-05   4.04764e-17  -2.62168e-05   2.12602e-17  -7.87969e-06   1.02773e-17   -2.3719e-06   4.57602e-18  -7.59928e-07    1.8804e-18  -2.67457e-07   7.14815e-19  -1.00546e-07   2.51991e-19  -3.81025e-08   8.25825e-20  -1.39003e-08   2.52204e-20  -4.76426e-09   7.19416e-21  -1.51921e-09   1.92075e-21  -4.49529e-10   4.80819e-22   -1.2348e-10   1.13012e-22  -3.15331e-11   2.49687e-23   -7.4987e-12   5.19033e-24  -1.66307e-12   1.01584e-24  -3.44412e-13   1.87288e-25  -6.66635e-14   3.25368e-26  -1.20673e-14   5.32688e-27  -2.04352e-15   8.21793e-28  -3.23748e-16   1.19431e-28  -4.79714e-17   1.63426e-29  -6.64464e-18    2.1041e-30   -8.5963e-19   2.54661e-31  -1.03755e-19   2.89424e-32  -1.16661e-20   3.08467e-33  -1.21971e-21   3.07825e-34  -1.18309e-22   2.87088e-35  -1.06169e-23   2.49689e-36  -8.78458e-25   2.02006e-37   -6.6737e-26   1.51581e-38  -4.63094e-27   1.05143e-39  -2.91572e-28    6.7154e-41  -1.65125e-29   3.93131e-42  -8.31141e-31   2.09817e-43   -3.6532e-32   1.01441e-44  -1.36223e-33   4.40879e-46  -4.07131e-35   1.70654e-47  -8.33152e-37   5.81543e-49  -2.58028e-39   1.71934e-50   6.84706e-40   4.32662e-52   3.57326e-41    9.0298e-54   1.10047e-42   1.50593e-55   2.32908e-44   1.89454e-57   3.33387e-46   1.62422e-59   2.86174e-48   7.52994e-62   9.63982e-51
 -9.43463e-05  -1.17051e-16    0.00370428  -5.11616e-17    -0.0014045   5.78005e-16    -0.0184131   6.95902e-16   -0.00901486  -2.05015e-16     0.0178682  -1.06153e-15      0.029497  -1.08882e-15     0.0200089  -5.31984e-16    0.00355756   5.65039e-17   -0.00781916   4.02898e-16    -0.0114045   5.14614e-16   -0.00994682   4.89152e-16   -0.00682245   4.04683e-16   -0.00399986   3.04566e-16   -0.00208763   2.10964e-16  -0.000994624    1.3469e-16  -0.000440365   7.91796e-17  -0.000183686   4.28194e-17  -7.29551e-05   2.13037e-17  -2.77994e-05   9.76305e-18  -1.02071e-05   4.12979e-18  -3.61556e-06   1.61634e-18   -1.2338e-06   5.86766e-19  -4.04358e-07   1.98035e-19  -1.26786e-07   6.22795e-20  -3.78885e-08   1.82897e-20  -1.07554e-08   5.02571e-21  -2.89237e-09   1.29442e-21  -7.35329e-10   3.12947e-22  -1.76454e-10   7.11045e-23  -3.99198e-11   1.51971e-23  -8.50654e-12   3.05754e-24  -1.70605e-12   5.79379e-25  -3.21811e-13   1.03437e-25  -5.70517e-14   1.74011e-26  -9.49858e-15   2.75835e-27  -1.48382e-15   4.11903e-28  -2.17255e-16   5.79199e-29  -2.97763e-17   7.66431e-30  -3.81421e-18   9.53612e-31  -4.55768e-19    1.1145e-31   -5.0684e-20   1.22197e-32  -5.23021e-21    1.2551e-33  -4.98988e-22   1.20554e-34  -4.38045e-23   1.08067e-35  -3.51597e-24   9.01953e-37  -2.55744e-25   6.98988e-38   -1.6634e-26   5.01392e-39  -9.46166e-28   3.31679e-40  -4.50654e-29   2.01483e-41  -1.60462e-30   1.11834e-42  -2.26744e-32   5.63844e-44   2.36033e-33    2.5641e-45   2.72472e-34   1.04281e-46   1.79606e-35   3.75356e-48   8.96276e-37   1.18024e-49   3.59389e-38   3.18786e-51   1.17113e-39   7.23349e-53   3.06939e-41   1.33676e-54    6.2913e-43   1.92157e-56   9.57683e-45   1.99282e-58   9.82177e-47   1.28759e-60   5.40239e-49   3.34262e-63
 -1.62975e-17   0.000509476  -1.60968e-16    0.00428749   3.08674e-17   -0.00552065   6.52348e-16    -0.0182609   6.10592e-16    -0.0055364  -2.89116e-16     0.0189326  -1.08882e-15     0.0291782  -1.16857e-15     0.0211852  -7.03479e-16    0.00648762  -1.32375e-16   -0.00459349   2.75489e-16   -0.00906414   4.67693e-16   -0.00874772   4.96336e-16   -0.00644582   4.31136e-16   -0.00402736   3.28038e-16   -0.00223342   2.24049e-16   -0.00112769   1.38821e-16  -0.000526809   7.84566e-17  -0.000230127   4.05919e-17  -9.46617e-05   1.92857e-17  -3.68273e-05   8.44026e-18  -1.35829e-05   3.41288e-18  -4.75397e-06   1.27873e-18   -1.5789e-06   4.45106e-19  -4.97297e-07   1.44278e-19  -1.48404e-07   4.36444e-20  -4.19175e-08   1.23457e-20   -1.1195e-08   3.27143e-21  -2.82437e-09   8.13313e-22  -6.72509e-10   1.89942e-22  -1.51007e-10   4.17117e-23    -3.195e-11   8.61996e-24  -6.36439e-12   1.67729e-24  -1.19253e-12    3.0742e-25  -2.09979e-13   5.30833e-26  -3.47023e-14   8.63562e-27   -5.3753e-15   1.32332e-27  -7.79022e-16    1.9095e-28  -1.05402e-16   2.59306e-29  -1.32763e-17   3.31144e-30  -1.55108e-18   3.97297e-31  -1.67239e-19   4.47306e-32   -1.6523e-20   4.71939e-33  -1.47967e-21   4.65855e-34   -1.1795e-22    4.2941e-35  -8.08235e-24   3.68791e-36  -4.37019e-25   2.94342e-37  -1.29322e-26   2.17663e-38   7.73587e-28   1.48618e-39   1.78285e-28   9.33177e-41   1.95325e-29   5.36314e-42   1.62772e-30   2.80564e-43   1.12882e-31   1.32724e-44   6.70889e-33   5.63304e-46   3.44932e-34   2.12442e-47   1.53379e-35   7.03519e-49   5.85953e-37   2.01514e-50   1.89951e-38   4.89544e-52   5.12635e-40    9.8212e-54   1.11939e-41    1.5663e-55    1.8928e-43   1.87216e-57   2.30313e-45   1.51232e-59   1.74467e-47   6.53407e-62   5.31645e-50
 -0.000175739  -4.30855e-17    0.00170153  -1.78399e-16    0.00336584   1.34504e-16   -0.00903946    6.8224e-16    -0.0171597   5.01518e-16   -0.00235235  -3.94663e-16     0.0200089  -1.16857e-15      0.029205  -1.30124e-15     0.0225334  -9.02808e-16    0.00950559   -3.3688e-16   -0.00105586   1.23889e-16   -0.00611652   3.82245e-16   -0.00680246    4.5745e-16   -0.00537544   4.13524e-16   -0.00352208   3.15964e-16   -0.00202474   2.12351e-16   -0.00105062   1.27895e-16  -0.000500279   6.97599e-17   -0.00022088      3.47e-17  -9.10256e-05   1.58242e-17  -3.51632e-05   6.64498e-18  -1.27669e-05   2.57923e-18  -4.36348e-06   9.28363e-19  -1.40507e-06   3.10728e-19   -4.2641e-07   9.69445e-20  -1.21964e-07   2.82535e-20  -3.28716e-08   7.70632e-21  -8.34526e-09   1.97043e-21  -1.99466e-09   4.72946e-22  -4.48566e-10   1.06678e-22  -9.48334e-11    2.2632e-23   -1.8829e-11   4.51891e-24  -3.50639e-12   8.49563e-25    -6.114e-13   1.50423e-25  -9.96001e-14   2.50855e-26  -1.51135e-14   3.93974e-27  -2.12734e-15   5.82535e-28  -2.76094e-16   8.10537e-29  -3.27343e-17   1.06052e-29  -3.49091e-18   1.30367e-30  -3.25132e-19   1.50397e-31   -2.4675e-20   1.62614e-32  -1.18218e-21    1.6453e-33   4.14471e-23    1.5549e-34   2.02306e-23   1.36961e-35   3.32257e-24    1.1216e-36   4.07404e-25   8.51465e-38   4.19511e-26   5.97192e-39   3.77258e-27   3.85458e-40   3.01107e-28   2.27912e-41   2.14697e-29   1.22786e-42   1.36954e-30   5.98889e-44   7.80103e-32   2.62445e-45   3.95004e-33   1.02374e-46   1.76554e-34   3.51414e-48   6.89807e-36   1.04631e-49   2.32487e-37   2.65218e-51   6.63875e-39   5.58213e-53   1.56655e-40    9.4201e-55   2.94589e-42   1.20968e-56   4.17102e-44   1.08472e-58   4.02033e-46   5.74823e-61   2.09516e-48   1.11048e-63
  7.55367e-18  -7.86503e-05  -8.31955e-17    0.00286183  -1.64312e-16    0.00128083   2.33519e-16    -0.0116404   6.73613e-16     -0.015432   3.72781e-16   0.000643441  -5.31984e-16     0.0211852  -1.30124e-15     0.0295859  -1.47399e-15     0.0240968  -1.11569e-15     0.0126312  -5.46082e-16    0.00270969  -4.35981e-17   -0.00273718   2.64571e-16   -0.00431334   3.77375e-16   -0.00378721    3.5635e-16   -0.00261287   2.73098e-16    -0.0015459   1.80582e-16  -0.000814316    1.0588e-16  -0.000389606   5.58864e-17  -0.000171337   2.68137e-17  -6.97811e-05   1.17761e-17  -2.64496e-05   4.75976e-18  -9.36046e-06   1.77828e-18   -3.0994e-06   6.16282e-19  -9.61437e-07   1.98698e-19  -2.79597e-07    5.9746e-20  -7.62452e-08   1.67898e-20  -1.94932e-08   4.41764e-21   -4.6697e-09   1.08996e-21  -1.04707e-09   2.52494e-22  -2.19404e-10   5.49712e-23   -4.2861e-11    1.1256e-23  -7.77861e-12   2.16878e-24  -1.30455e-12   3.93342e-25  -2.00496e-13   6.71582e-26  -2.78386e-14   1.07937e-26  -3.39834e-15   1.63259e-27   -3.4232e-16   2.32287e-28  -2.27746e-17    3.1069e-29   6.53874e-19   3.90307e-30   5.80129e-19    4.6003e-31   1.31501e-19   5.08032e-32   2.20472e-20    5.2485e-33   3.12001e-21   5.06304e-34   3.89356e-22   4.55062e-35   4.36725e-23     3.801e-36   4.44357e-24   2.94161e-37   4.11897e-25   2.10184e-38   3.48349e-26   1.38081e-39   2.68671e-27    8.2995e-41   1.88615e-28   4.53734e-42    1.2014e-29   2.24021e-43   6.91207e-31   9.90152e-45   3.57089e-32   3.87463e-46   1.64407e-33   1.32319e-47   6.68149e-35   3.86719e-49    2.3675e-36   9.40294e-51   7.19766e-38   1.81771e-52   1.83736e-39   2.55978e-54   3.82075e-41   2.04004e-56   6.18638e-43  -4.90479e-59    7.2406e-45  -3.30046e-60   5.29577e-47  -3.01166e-62   1.56308e-49
 -0.000119922   1.11891e-18   0.000460078  -1.26075e-16    0.00338258  -1.21643e-16   -0.00138496   3.18538e-16    -0.0132837   6.37349e-16    -0.0132543   2.24907e-16    0.00355756  -7.03479e-16     0.0225334  -1.47399e-15     0.0303191  -1.66478e-15     0.0258651  -1.32206e-15     0.0158012  -7.44413e-16    0.00652939  -2.14068e-16   0.000805552   1.26822e-16   -0.00157752   2.68427e-16   -0.00194555   2.71828e-16   -0.00150057   2.10421e-16  -0.000931683   1.37364e-16  -0.000500338   7.86287e-17  -0.000239856   4.02729e-17  -0.000104388    1.8688e-17  -4.16569e-05   7.92386e-18  -1.53374e-05   3.08937e-18  -5.23021e-06   1.11292e-18  -1.65566e-06   3.71859e-19  -4.87024e-07   1.15594e-19  -1.33115e-07   3.35144e-20  -3.37645e-08   9.08194e-21  -7.92657e-09   2.30432e-21  -1.71402e-09   5.48213e-22  -3.38569e-10   1.22431e-22  -6.01797e-11    2.5689e-23  -9.33855e-12   5.06732e-24  -1.17367e-12   9.40043e-25   -8.8384e-14   1.64031e-25   8.36693e-15    2.6921e-26   5.52547e-15   4.15468e-27    1.5396e-15   6.02652e-28   3.30871e-16   8.21067e-29   6.10006e-17   1.04971e-29   1.00254e-17   1.25784e-30   1.49519e-18   1.41057e-31   2.04248e-19   1.47777e-32   2.56856e-20   1.44319e-33   2.98155e-21   1.31044e-34   3.19808e-22    1.1029e-35   3.16975e-23   8.57071e-37   2.90046e-24    6.1209e-38   2.44626e-25   3.99352e-39   1.89718e-26   2.36213e-40   1.34879e-27   1.25361e-41   8.75632e-29    5.8812e-43   5.16612e-30   2.38222e-44   2.75374e-31   7.97732e-46   1.31665e-32   1.98828e-47   5.59674e-34    2.2463e-49   2.09155e-35  -9.78582e-51   6.77432e-37  -7.63601e-52    1.8663e-38  -2.98324e-53    4.2629e-40  -8.08274e-55   7.78156e-42  -1.57622e-56    1.0721e-43  -2.12196e-58   1.00766e-45  -1.73286e-60   5.13022e-48  -5.59534e-63
  7.66297e-18  -0.000182426  -2.12316e-17    0.00129282  -1.55177e-16    0.00301617  -5.43724e-17   -0.00412676   3.90929e-16    -0.0140242   5.80633e-16     -0.010708   5.65039e-17    0.00648762  -9.02808e-16     0.0240968  -1.66478e-15     0.0313598  -1.84676e-15     0.0277446  -1.49963e-15     0.0188482  -9.14883e-16     0.0101352  -3.72333e-16    0.00417142  -1.47956e-17    0.00105788   1.47961e-16  -0.000146467   1.76494e-16  -0.000403012   1.41443e-16  -0.000323559   9.21332e-17  -0.000191021   5.18026e-17  -9.43901e-05   2.58551e-17  -4.08376e-05   1.16399e-17  -1.57861e-05   4.77606e-18  -5.50387e-06   1.79922e-18  -1.73587e-06   6.25664e-19  -4.93919e-07   2.01663e-19  -1.25516e-07   6.04416e-20  -2.78097e-08   1.68886e-20  -5.05391e-09   4.40867e-21  -6.03159e-10     1.077e-21   3.23227e-11   2.46549e-22   5.02698e-11   5.29418e-23   2.05141e-11   1.06711e-23   6.22689e-12   2.01984e-24   1.60578e-12   3.59074e-25   3.68153e-13   5.99468e-26   7.66304e-14   9.39519e-27   1.46454e-14   1.38143e-27   2.58702e-15   1.90384e-28   4.24078e-16   2.45614e-29   6.46702e-17   2.96117e-30   9.18718e-18   3.32895e-31   1.21662e-18   3.47985e-32    1.5019e-19   3.37003e-33   1.72757e-20   3.00905e-34    1.8499e-21   2.46077e-35   1.84162e-22   1.82554e-36   1.70146e-23   1.21026e-37   1.45566e-24   6.98367e-39    1.1501e-25   3.31664e-40    8.3646e-27   1.09271e-41   5.57825e-28   7.50066e-45   3.39532e-29  -3.51916e-44   1.87576e-30  -3.52039e-45   9.34274e-32   -2.3677e-46   4.16127e-33  -1.26095e-47   1.64076e-34  -5.54774e-49   5.65475e-36  -2.03547e-50   1.67573e-37  -6.18938e-52   4.17755e-39  -1.53176e-53     8.498e-41  -2.98819e-55     1.348e-42  -4.35425e-57    1.5477e-44  -4.29387e-59   1.11178e-46  -2.27948e-61   3.22635e-49
 -6.01957e-05   9.91068e-18  -2.58593e-05  -5.28634e-17    0.00205637  -1.57132e-16    0.00184502   3.40496e-17   -0.00659014    4.5243e-16    -0.0139273   5.03742e-16   -0.00781916  -1.32375e-16    0.00950559  -1.11569e-15     0.0258651  -1.84676e-15     0.0325871  -1.99301e-15     0.0295394  -1.62836e-15     0.0215066  -1.04244e-15     0.0131977  -5.03415e-16    0.00700499  -1.42911e-16    0.00326543   3.43532e-17    0.00135064   8.66632e-17   0.000500557   7.82552e-17   0.000169024   5.24374e-17    5.3998e-05   2.93968e-17   1.75944e-05   1.44205e-17   6.41838e-06   6.33163e-18   2.68742e-06   2.52219e-18   1.20143e-06   9.19688e-19   5.27096e-07   3.08903e-19   2.16713e-07   9.60087e-20   8.21409e-08   2.77078e-20   2.86202e-08   7.44481e-21   9.18537e-09   1.86621e-21   2.72443e-09   4.37126e-22   7.49303e-10   9.57812e-23   1.91651e-10   1.96469e-23   4.56975e-11   3.77385e-24   1.01775e-11   6.78769e-25    2.1204e-12    1.1426e-25    4.1372e-13   1.79842e-26   7.56577e-14   2.64285e-27   1.29738e-14   3.61822e-28   2.08661e-15   4.60053e-29   3.14741e-16    5.4082e-30   4.45116e-17   5.83862e-31   5.89882e-18   5.72791e-32   7.31954e-19   5.01496e-33   8.49524e-20   3.78168e-34    9.2102e-21   2.24585e-35   9.31247e-22   7.01713e-37   8.76449e-23  -5.70919e-38   7.66058e-24  -1.39121e-38   6.20156e-25  -1.71988e-39   4.63522e-26  -1.64561e-40   3.18681e-27  -1.32865e-41   2.00657e-28  -9.32796e-43    1.1511e-29  -5.75978e-44   5.97911e-31  -3.13694e-45   2.79114e-32  -1.50349e-46   1.16033e-33  -6.30211e-48   4.24719e-35  -2.28722e-49   1.34918e-36  -7.08406e-51   3.64988e-38  -1.83456e-52   8.19535e-40  -3.85743e-54   1.47205e-41  -6.29891e-56   1.99744e-43  -7.42014e-58    1.8505e-45  -5.45419e-60   9.29331e-48  -1.61623e-62
  3.62164e-18  -0.000133921   4.88141e-18   0.000393915  -8.10849e-17    0.00242194  -1.25763e-16   0.000121871    1.3839e-16   -0.00853943   4.99359e-16    -0.0130418   4.02898e-16   -0.00459349   -3.3688e-16     0.0126312  -1.32206e-15     0.0277446  -1.99301e-15     0.0337839  -2.08139e-15     0.0309616  -1.69406e-15     0.0234577  -1.11641e-15     0.0153952  -5.94974e-16    0.00901308  -2.42523e-16    0.00480891  -5.73309e-17    0.00237885   1.44733e-17    0.00110672   2.87953e-17   0.000489817   2.25117e-17   0.000207899   1.32165e-17   8.49775e-05   6.52861e-18   3.34633e-05   2.83268e-18   1.26647e-05   1.10317e-18    4.5886e-06   3.90538e-19   1.58481e-06   1.26705e-19   5.19817e-07   3.78815e-20   1.61441e-07   1.04767e-20    4.7375e-08   2.68755e-21   1.31175e-08   6.40622e-22   3.42409e-09   1.42037e-22    8.4222e-10   2.92998e-23   1.95156e-10   5.62003e-24   4.25951e-11   1.00077e-24   8.75639e-12    1.6496e-25   1.69527e-12   2.50469e-26   3.09054e-13   3.47471e-27   5.30413e-14   4.34189e-28   8.56696e-15    4.7532e-29   1.30157e-15   4.26917e-30   1.85896e-16   2.48319e-31   2.49399e-17  -8.09281e-33   3.13993e-18  -5.45096e-33   3.70549e-19  -1.08544e-33   4.09328e-20  -1.60891e-34    4.2256e-21  -2.01254e-35   4.06884e-22  -2.21559e-36   3.64631e-23  -2.18601e-37   3.03329e-24  -1.94945e-38   2.33532e-25  -1.57699e-39   1.65818e-26  -1.15797e-40    1.0814e-27  -7.70741e-42   6.44636e-29  -4.63595e-43   3.49251e-30  -2.50827e-44   1.70798e-31  -1.21307e-45   7.47747e-33  -5.20115e-47   2.90083e-34   -1.9561e-48   9.84523e-36  -6.36411e-50   2.87548e-37  -1.75846e-51   7.07047e-39  -4.02334e-53    1.4196e-40  -7.34911e-55   2.22401e-42  -1.01239e-56   2.52342e-44  -9.50881e-59   1.79231e-46  -4.83621e-61   5.14544e-49
 -2.48161e-05   7.91797e-18  -0.000127651  -6.84983e-18   0.000943748   -9.4149e-17    0.00222671  -6.17901e-17   -0.00184988   2.49494e-16   -0.00981413   5.23185e-16    -0.0114045   2.75489e-16   -0.00105586  -5.46082e-16     0.0158012  -1.49963e-15     0.0295394  -2.08139e-15     0.0346462  -2.09811e-15     0.0316812  -1.69032e-15     0.0244067  -1.13181e-15     0.0164968  -6.39542e-16     0.0100351  -3.04229e-16     0.0055909  -1.18479e-16    0.00288893  -3.42077e-17     0.0013969  -4.00773e-18   0.000635929   3.25137e-18   0.000273587   3.17991e-18   0.000111448   1.82765e-18   4.30155e-05    8.3506e-19   1.57284e-05   3.27531e-19     5.445e-06   1.13825e-19   1.78342e-06    3.5608e-20   5.52265e-07   1.01122e-20   1.61596e-07   2.61769e-21   4.46594e-08   6.18208e-22   1.16535e-08   1.32865e-22   2.87057e-09   2.58012e-23   6.67385e-10   4.45769e-24   1.46429e-10    6.6208e-25    3.0315e-11   7.70115e-26   5.92095e-12   4.42175e-27   1.09076e-12  -9.36113e-28   1.89467e-13  -4.31967e-28   3.10188e-14  -1.09413e-28   4.78385e-15  -2.20612e-29   6.94554e-16  -3.85136e-30   9.48558e-17  -6.01411e-31    1.2174e-17  -8.53317e-32   1.46663e-18  -1.10932e-32   1.65631e-19  -1.32735e-33   1.75071e-20  -1.46523e-34   1.72882e-21  -1.49346e-35    1.5916e-22  -1.40524e-36    1.3627e-23  -1.21931e-37   1.08199e-24  -9.73811e-39    7.9411e-26  -7.14014e-40    5.3667e-27  -4.79004e-41   3.32478e-28  -2.92769e-42   1.87827e-29  -1.62175e-43   9.61544e-31  -8.08934e-45   4.42715e-32  -3.60453e-46   1.81648e-33  -1.42062e-47   6.56645e-35  -4.89031e-49   2.06127e-36  -1.44661e-50   5.51339e-38  -3.59803e-52   1.22462e-39  -7.29918e-54     2.177e-41  -1.15431e-55   2.92485e-43  -1.32101e-57   2.68408e-45   -9.4579e-60   1.33574e-47   -2.7358e-62
  1.38627e-18  -7.28282e-05      1.08e-17   3.41841e-05  -2.11313e-17    0.00140643  -8.45803e-17    0.00147956   2.85934e-17   -0.00377296   3.54462e-16    -0.0103038   5.14614e-16   -0.00906414   1.23889e-16    0.00270969  -7.44413e-16     0.0188482  -1.62836e-15     0.0309616  -2.09811e-15     0.0348339  -2.03912e-15      0.031407   -1.6186e-15     0.0241708  -1.08995e-15     0.0164305  -6.36134e-16     0.0100785  -3.26004e-16    0.00565945  -1.47875e-16    0.00293839   -5.9633e-17     0.0014204  -2.14159e-17   0.000642314  -6.84604e-18   0.000272585  -1.94504e-18   0.000108787  -4.91616e-19   4.08837e-05  -1.12307e-19   1.44802e-05  -2.47638e-20   4.83595e-06  -6.17784e-21   1.52342e-06  -2.00369e-21   4.52793e-07  -7.69499e-22      1.27e-07  -2.94898e-22   3.36204e-08  -1.04005e-22   8.40141e-09  -3.31276e-23   1.98194e-09  -9.54739e-24   4.41407e-10  -2.50583e-24   9.28092e-11  -6.02832e-25   1.84209e-11  -1.33645e-25   3.45086e-12   -2.7418e-26   6.09999e-13   -5.2218e-27   1.01709e-13  -9.25367e-28   1.59886e-14  -1.52837e-28   2.36819e-15  -2.35522e-29    3.3026e-16  -3.38836e-30   4.33247e-17  -4.55181e-31   5.34059e-18  -5.70863e-32   6.17826e-19  -6.68017e-33   6.69772e-20    -7.287e-34   6.79244e-21  -7.40043e-35   6.43135e-22   -6.9854e-36   5.67231e-23  -6.11586e-37   4.64782e-24  -4.95417e-38   3.52727e-25  -3.70193e-39   2.47048e-26  -2.54259e-40    1.5903e-27  -1.59831e-41   9.36301e-29    -9.149e-43   5.01293e-30  -4.73975e-44   2.42394e-31  -2.20593e-45   1.04976e-32  -9.13984e-47    4.0305e-34  -3.33338e-48   1.35442e-35  -1.05481e-49    3.9184e-37  -2.84198e-51   9.54736e-39  -6.35442e-53   1.90018e-40  -1.13644e-54   2.95197e-42   -1.5353e-56    3.3224e-44  -1.41618e-58    2.3415e-46  -7.08227e-61   6.67191e-49
