 2.50726e-19  2.44143e-35 -9.87037e-18 -1.73198e-33  1.49377e-16  3.65581e-32 -1.33985e-15 -4.33778e-31  8.19589e-15  3.48227e-30 -3.65913e-14 -2.06652e-29  1.23735e-13  9.54562e-29 -3.23222e-13 -3.54707e-28  6.56961e-13  1.08353e-27 -1.03404e-12 -2.75896e-27   1.2343e-12  5.90347e-27  -1.0608e-12 -1.06562e-26  5.67576e-13  1.62413e-26  -7.3134e-14 -2.08901e-26 -1.38145e-13  2.26977e-26  8.51973e-14 -2.10201e-26  1.24114e-14  1.71035e-26 -2.74549e-14 -1.30729e-26  6.95983e-16  1.01605e-26  7.25932e-15 -8.02578e-27 -2.30572e-16  5.75725e-27  -1.7905e-15 -3.19833e-27 -1.31066e-16  1.06685e-27  3.81461e-16  5.78788e-29  1.00019e-16 -4.86759e-28 -5.51527e-17  9.49437e-28 -3.33278e-17 -1.60736e-27  7.50199e-19  1.97145e-27  5.99845e-18 -1.72835e-27  1.80837e-18  1.14022e-27  -3.1261e-19  -5.9735e-28 -3.71089e-19   2.3124e-28 -9.14645e-20 -2.42662e-29  1.33174e-20 -4.37089e-29  1.57602e-20  2.41399e-29  4.46567e-21  6.11652e-30  8.24952e-23 -1.21733e-29 -3.87338e-22  5.45942e-30 -1.51309e-22 -8.13787e-31 -2.50324e-23 -1.16634e-31  1.85876e-24   3.7374e-32  2.29483e-24  2.82911e-32  6.79526e-25 -6.23797e-32   1.0445e-25  5.75373e-32  1.23032e-27 -2.54694e-32  -4.0539e-27  5.13575e-33 -1.24642e-27    -5.08e-34 -2.17489e-28  1.14461e-34 -2.21804e-29  1.08952e-35 -1.65953e-31 -1.52969e-35  4.32747e-31 -7.84419e-37  9.74619e-32  7.55281e-37  1.31058e-32 -3.70047e-38  1.20371e-33  4.39591e-39  6.89606e-35  5.42624e-39  6.94689e-37 -5.54256e-40 -3.30053e-37 -2.02388e-40 -4.00348e-38  1.94299e-42 -2.72694e-39  3.17385e-42 -1.19909e-40 -7.21801e-44 -3.59733e-42  1.34231e-45 -5.59371e-44  1.01543e-45  2.22179e-46  1.03739e-48
 2.44143e-35  1.42461e-17  1.00778e-33 -3.18246e-16  -5.0105e-32  3.66062e-15  8.52002e-31 -2.71742e-14 -8.61055e-30  1.43201e-13  6.06733e-29 -5.63171e-13 -3.22082e-28   1.6992e-12  1.34819e-27 -3.98686e-12 -4.58175e-27  7.28903e-12  1.28828e-26 -1.02723e-11  -3.0317e-26  1.08205e-11  6.00667e-26 -7.89263e-12 -1.00362e-25  3.08573e-12   1.4122e-25  4.84637e-13 -1.66932e-25 -1.23916e-12  1.65899e-25   3.5764e-13 -1.40784e-25   2.6016e-13  1.07677e-25 -1.55474e-13 -8.24602e-26   -5.258e-14  6.77305e-26  4.36672e-14 -5.43584e-26  1.39681e-14  3.47403e-26 -9.61096e-15 -1.18433e-26 -4.39968e-15 -4.97025e-27  1.40843e-15   1.0745e-26  1.21348e-15 -9.69816e-27  2.90999e-18  9.19581e-27  -2.3046e-16 -1.12409e-26 -6.72123e-17  1.23594e-26  1.84263e-17 -1.02059e-26  1.68635e-17  6.36316e-27  3.00282e-18 -3.12426e-27 -1.32674e-18  1.08108e-27 -8.82187e-19 -2.40261e-30 -1.62816e-19  -2.8806e-28  4.06336e-20  1.29537e-28  3.27358e-20   4.2357e-29  8.32661e-21 -6.65285e-29  1.41604e-22  2.63629e-29  -6.4346e-22 -2.08791e-30 -2.46157e-22 -1.61366e-30  -4.3518e-23  5.10977e-31  2.86274e-25  3.12649e-32  2.57388e-24  -2.2972e-31   8.3332e-25  2.27954e-31  1.47128e-25 -9.86961e-32  1.10676e-26  1.71293e-32   -2.031e-27 -9.96886e-34 -9.05111e-28  3.78142e-34 -1.80609e-28    4.894e-35 -2.30537e-29 -6.10757e-35 -1.67332e-30 -3.61878e-36   3.1292e-32  2.67598e-36  2.91728e-32 -1.44733e-37  4.78078e-33  1.70176e-38  4.92672e-34  2.21793e-38  3.53398e-35 -1.25866e-39  1.68221e-36 -7.43385e-40  3.75384e-38  7.32987e-42 -1.32033e-39  9.13891e-42 -1.51212e-40 -1.13071e-43 -6.42638e-42  2.38039e-45 -1.15758e-43  1.19246e-45 -2.82633e-46
-9.87037e-18  1.00778e-33   3.9806e-16  2.38838e-32 -6.17889e-15 -9.09775e-31  5.69235e-14  1.28817e-29 -3.58198e-13 -1.12816e-28  1.64817e-12  7.05293e-28 -5.75688e-12  -3.3741e-27  1.55771e-11  1.28697e-26 -3.29174e-11 -4.01734e-26  5.41522e-11   1.0433e-25 -6.81302e-11 -2.27521e-25  6.27144e-11  4.18203e-25 -3.75764e-11 -6.47431e-25  8.38587e-12  8.40836e-25  7.03932e-12 -9.11568e-25 -6.07314e-12  8.25634e-25  7.99609e-14 -6.41674e-25  1.76861e-12  4.69926e-25 -3.30264e-13 -3.76868e-25 -4.51492e-13  3.34727e-25  9.81541e-14 -2.70634e-25  1.16957e-13  1.53719e-25 -1.31785e-14 -2.29689e-26 -2.86836e-14 -6.09942e-26  -2.2229e-15  7.74897e-26  5.50931e-15 -5.84064e-26  1.79928e-15  4.63166e-26 -5.42605e-16  -5.0746e-26 -4.81767e-16  5.30972e-26 -6.20991e-17 -4.19276e-26  5.54106e-17  2.47257e-26  2.85485e-17 -1.12646e-26  2.54913e-18   3.3354e-27 -2.77723e-18  5.01488e-28 -1.34636e-18 -1.25001e-27  -1.9465e-19  4.60275e-28  6.68037e-20  1.94861e-28  4.39299e-20  -2.4855e-28  1.05391e-20  8.73387e-29  3.38308e-22 -1.02509e-30 -6.56174e-22 -8.51626e-30 -2.56344e-22  2.57521e-30 -4.90871e-23 -1.55425e-31 -2.51424e-24 -5.68659e-31  1.58316e-24  6.23712e-31  6.04013e-25 -2.65113e-31  1.19628e-25   3.8131e-32  1.36328e-26  -3.5097e-34  1.51802e-28  1.03029e-33 -3.08059e-28  1.40442e-34 -7.63938e-29 -1.74101e-34 -1.11731e-29 -1.12442e-35 -1.09679e-30   6.6895e-36 -6.24025e-32 -4.06741e-37  7.32087e-34  3.41661e-38  6.14044e-34  6.12272e-38  7.62813e-35 -1.57603e-39  5.80702e-36 -1.73243e-39  3.02453e-37  1.85879e-41   1.0539e-38  1.71758e-41  2.17834e-40 -5.87035e-44  8.74724e-43  1.50696e-45 -2.40388e-44  6.77039e-46
-1.73198e-33 -3.18246e-16  2.38838e-32  7.29172e-15  3.97028e-31 -8.61371e-14 -1.21916e-29  6.57668e-13  1.47114e-28 -3.57074e-12 -1.13151e-27  1.44978e-11  6.33169e-27 -4.52734e-11 -2.74719e-26  1.10296e-10  9.59489e-26 -2.10289e-10 -2.76173e-25  3.11048e-10  6.64492e-25 -3.47657e-10 -1.34613e-24  2.75462e-10  2.29935e-24 -1.27565e-10  -3.3007e-24 -3.77712e-13   3.9537e-24  4.17171e-11 -3.91974e-24 -1.82783e-11  3.21987e-24 -6.67194e-12 -2.29342e-24  6.89341e-12  1.65619e-24  8.83451e-13 -1.45229e-24  -1.9302e-12   1.3857e-24 -2.23496e-13 -1.09911e-24  4.68769e-13  5.47004e-25  1.03266e-13  1.61974e-26 -9.09969e-14 -3.26478e-25 -3.98603e-14  3.41868e-25  9.73385e-15 -2.29436e-25  1.03108e-14  1.65755e-25  1.11772e-15 -1.76373e-25 -1.46598e-15   1.8118e-25 -6.61446e-16 -1.38066e-25  2.54447e-18  7.71096e-26  9.74391e-17 -3.22768e-26  3.50851e-17  7.60135e-27  5.97944e-19  3.10508e-27 -3.93475e-18 -4.17731e-27 -1.55448e-18  1.24568e-27 -1.88897e-19  6.88922e-28  7.42629e-20 -7.32287e-28    4.397e-20  2.30068e-28  1.03665e-20  1.18273e-29  6.05304e-22 -2.99865e-29 -4.57532e-22  8.64502e-30 -1.92478e-22 -9.07969e-31 -4.00183e-23 -1.07925e-30 -3.82241e-24  1.36338e-30  4.84652e-25 -5.70542e-31  2.81729e-25  6.38231e-32  6.29572e-26  3.54773e-33  8.74448e-27  2.67575e-33  6.58257e-28  3.18309e-34 -2.57132e-29 -4.09752e-34 -1.66844e-29 -2.77273e-35  -2.8979e-30  1.37101e-35  -3.2279e-31 -9.63798e-37 -2.48498e-32  3.21694e-38  -1.1948e-33  1.31689e-37 -1.18894e-35 -5.45487e-40  3.48958e-36 -3.00568e-39  3.34954e-37  3.57871e-41  1.67739e-38  2.43389e-41  5.04293e-40  8.43787e-44  7.61385e-42 -8.02105e-46  4.56446e-44
 1.49377e-16  -5.0105e-32 -6.17889e-15  3.97028e-31  9.84979e-14  5.05994e-30 -9.33205e-13 -1.29453e-28  6.04892e-12  1.35435e-27  -2.8724e-11 -9.24668e-27  1.03777e-10  4.66569e-26 -2.91272e-10 -1.84613e-25  6.40822e-10   5.9297e-25 -1.10324e-09 -1.57925e-24  1.46425e-09  3.53029e-24 -1.44292e-09 -6.65778e-24  9.60439e-10  1.05836e-23 -2.99172e-10 -1.40933e-23 -1.22873e-10  1.55502e-23  1.61057e-10 -1.40411e-23 -2.57638e-11  1.03929e-23 -4.11593e-11 -6.81171e-24  1.57024e-11  5.07492e-24  9.69154e-12 -5.01287e-24 -4.66825e-12  4.98699e-24 -2.58568e-12 -3.76153e-24  9.62877e-13  1.59446e-24  7.29493e-13  3.60316e-25 -9.53728e-14 -1.25757e-24 -1.76099e-13  1.14546e-24 -2.25279e-14 -6.91599e-25  2.80355e-14  4.69617e-25  1.23242e-14 -5.07909e-25 -9.76402e-16  5.21643e-25    -2.33e-15 -3.86088e-25 -6.58293e-16  2.04703e-25   9.7934e-17 -7.79186e-26  1.24128e-16   1.2552e-26  3.41899e-17  1.21433e-26 -1.46328e-18 -1.14882e-26  -4.2229e-18  2.69357e-27 -1.45635e-18  1.99183e-27  -1.6451e-19 -1.80321e-27  6.00499e-20  5.13861e-28  3.45114e-20  5.49252e-29  8.24648e-21 -8.17958e-29  7.33977e-22  2.25435e-29 -2.13242e-22 -2.80197e-30   -1.068e-22 -1.63242e-30 -2.41778e-23  2.53145e-30 -3.08647e-24 -1.04341e-30 -5.01381e-26  8.02957e-32  7.93907e-26  1.28554e-32  2.16441e-26  6.54944e-33  3.42123e-27  6.31324e-34  3.54628e-28 -8.41372e-34  1.90622e-29 -5.80287e-35 -1.00546e-30  2.44294e-35 -3.69386e-31 -2.04455e-36 -4.75997e-32 -3.29848e-38 -3.98435e-33    2.339e-37 -2.31754e-34  2.62286e-39 -8.90136e-36 -4.14196e-39 -1.72403e-37  5.45569e-41  2.09915e-39  2.74062e-41  2.07514e-40  2.08249e-43  3.63424e-42 -1.91588e-45
 3.65581e-32  3.66062e-15 -9.09775e-31 -8.61371e-14  5.05994e-30  1.04641e-12  5.20153e-29 -8.22876e-12 -1.13468e-27  4.60961e-11  1.04302e-26 -1.93502e-10 -6.37674e-26  6.26329e-10  2.91973e-25 -1.58666e-09 -1.05869e-24  3.15915e-09  3.13933e-24 -4.91039e-09 -7.76054e-24  5.82661e-09  1.61581e-23 -5.00398e-09 -2.84226e-23  2.68219e-09  4.20982e-23 -3.31598e-10 -5.20044e-23 -6.92726e-10  5.27472e-23  4.36759e-10 -4.31292e-23  5.89376e-11  2.85098e-23 -1.46613e-10  -1.7394e-23  7.79558e-12  1.42418e-23  4.01212e-11 -1.59019e-23 -2.99608e-12  1.58376e-23 -1.03942e-11 -1.10276e-23 -2.18909e-13  3.79091e-24  2.40294e-12  1.85708e-24  4.83386e-13 -3.91607e-24 -4.05064e-13  3.15245e-24   -1.985e-13 -1.70782e-24  2.23293e-14  1.10746e-24  4.25614e-14 -1.25987e-24  9.87568e-15   1.3094e-24 -3.47683e-15 -9.46709e-25 -2.70818e-15  4.78436e-25 -4.93751e-16 -1.63744e-25  1.72188e-16  1.11758e-26  1.25098e-16  3.69174e-26  2.80054e-17 -2.69695e-26 -2.42698e-18  4.68756e-27 -3.61793e-18   4.8766e-27 -1.14646e-18 -3.82943e-27 -1.33417e-19  1.01243e-27  3.55981e-20   1.5154e-28  2.15613e-20 -1.85095e-28  5.33791e-21  4.90076e-29  6.31724e-22 -6.43858e-30 -5.17336e-23 -1.96152e-30 -4.29264e-23  4.13555e-30 -1.07799e-23 -1.67189e-30  -1.6272e-24  6.38738e-32 -1.26265e-25  2.80452e-32  8.19651e-27  1.45402e-32  4.52287e-27  1.15386e-33  8.30294e-28  -1.5466e-33   9.8677e-29 -1.06463e-34   7.9423e-30  3.88047e-35  3.52782e-31 -3.95997e-36  -7.8831e-33 -2.07511e-37 -2.94001e-33  3.53953e-37 -2.79188e-34  7.89692e-39 -1.61556e-35 -4.68654e-39 -6.10106e-37   6.7266e-41 -1.40321e-38  2.49476e-41 -1.64808e-40  2.13697e-43  -5.9817e-43
-1.33985e-15  8.52002e-31  5.69235e-14 -1.21916e-29 -9.33205e-13  5.20153e-29  9.10592e-12  4.45725e-28 -6.08889e-11 -8.43388e-27  2.98849e-10  6.88439e-26 -1.11854e-09 -3.79671e-25   3.2615e-09  1.58614e-24 -7.48201e-09  -5.2932e-24  1.34991e-08  1.45409e-23 -1.89205e-08 -3.34588e-23  1.99569e-08  6.50324e-23 -1.46694e-08 -1.06876e-22  5.81896e-09  1.47627e-22  9.25011e-10 -1.69102e-22 -2.45408e-09  1.57175e-22  7.65934e-10 -1.15402e-22  5.14728e-10    6.727e-23 -3.45895e-10 -3.92589e-23  -9.9257e-11  3.80571e-23   1.0241e-10 -4.67167e-23  2.62466e-11  4.47404e-23 -2.45435e-11 -2.79599e-23 -9.05111e-12  7.10478e-24  4.29807e-12  6.69585e-24  2.83545e-12 -1.03387e-23  -2.5208e-13  7.40383e-24 -6.30514e-13 -3.56411e-24 -1.33209e-13  2.22617e-24   7.1059e-14 -2.75267e-24  4.56866e-14  2.92444e-24  4.53581e-15 -2.07873e-24 -5.12608e-15  1.00726e-24 -2.50736e-15 -3.06079e-25 -2.79511e-16 -1.50344e-26  1.93382e-16  9.40517e-26  1.04597e-16 -5.52801e-26  2.01693e-17  6.29698e-27 -2.14782e-18  1.03325e-26 -2.53549e-18 -7.14917e-27 -7.69121e-19  1.81239e-27 -9.86354e-20  3.14505e-28  1.44666e-20 -3.61511e-28  1.06471e-20   9.2614e-29  2.78321e-21 -1.20991e-29  3.99326e-22  -1.7839e-30  9.17371e-24  6.08647e-30 -1.15111e-23 -2.38461e-30 -3.44925e-24 -1.37501e-32  -5.8619e-25   4.6299e-32 -6.34084e-26  2.87505e-32 -2.98256e-27  1.96564e-33   3.9998e-28 -2.57989e-33  1.15172e-28 -1.73988e-34  1.54611e-29  5.53848e-35    1.393e-30 -7.01104e-36   8.6891e-32 -5.10619e-37  3.34365e-33  4.64935e-37  2.69177e-35   1.4096e-38  -5.5367e-36 -4.43573e-39 -3.67186e-37  6.79182e-41 -1.08337e-38  1.82084e-41  -1.4443e-40  1.16664e-43
-4.33778e-31 -2.71742e-14  1.28817e-29  6.57668e-13 -1.29453e-28 -8.22876e-12  4.45725e-28  6.67509e-11  3.25817e-27 -3.86417e-10 -5.41878e-26  1.67981e-09  3.96213e-25 -5.64501e-09 -1.98347e-24  1.48944e-08  7.59695e-24 -3.10184e-08 -2.34229e-23  5.07338e-08  5.97982e-23 -6.39596e-08 -1.28405e-22  5.94479e-08  2.33452e-22 -3.63057e-08 -3.58963e-22  8.52029e-09  4.62674e-22  6.88385e-09 -4.90926e-22 -6.36401e-09  4.16206e-22    2.982e-10 -2.70945e-22  1.88234e-09  1.36619e-22 -4.58811e-10 -8.08695e-23 -4.86468e-10  9.90034e-23  1.47583e-10 -1.27032e-22  1.31209e-10  1.13025e-22 -2.73483e-11 -6.15219e-23 -3.50643e-11  9.18254e-24  3.68414e-13  1.94182e-23  7.74911e-12 -2.37059e-23  1.79148e-12  1.51643e-23 -1.04141e-12 -6.36878e-24 -6.41467e-13   3.8334e-24 -2.06838e-14 -5.36483e-24  9.90212e-14  5.89271e-24  3.78857e-14 -4.15061e-24 -6.44435e-16  1.94335e-24   -5.365e-15 -5.17031e-25 -1.94295e-15 -1.02657e-25  -1.1444e-16  2.08624e-25  1.65662e-16 -1.00384e-25  7.45904e-17  5.28581e-27  1.31847e-17  1.92087e-26 -1.26765e-18 -1.18752e-26 -1.46311e-18  3.01983e-27 -4.39352e-19  5.21344e-28  -6.3518e-20 -6.25857e-28  2.75933e-21  1.56707e-28  4.03344e-21 -1.93251e-29  1.14474e-21 -1.07726e-30  1.87773e-22  8.20836e-30  1.49568e-23 -3.04174e-30  -1.4474e-24 -1.75195e-31 -7.38445e-25  6.13541e-32 -1.42787e-25  5.06044e-32 -1.78868e-26  3.07222e-33  -1.4617e-27 -3.93935e-33 -4.99678e-29 -2.55378e-34  5.90391e-30   7.0955e-35   1.2264e-30 -1.12932e-35  1.20558e-31 -9.12818e-37  7.82026e-33  5.36154e-37  3.45284e-34  1.92025e-38   9.6771e-36 -3.55046e-39  1.33232e-37  5.65372e-41 -9.99418e-41  1.02168e-41 -1.71372e-41
 8.19589e-15 -8.61055e-30 -3.58198e-13  1.47114e-28  6.04892e-12 -1.13468e-27 -6.08889e-11  3.25817e-27  4.20723e-10  2.06664e-26 -2.13796e-09 -3.05309e-25  8.30414e-09  2.01424e-24 -2.51994e-08 -9.20268e-24  6.03806e-08  3.24539e-23  -1.1435e-07 -9.27708e-23   1.6947e-07  2.20739e-22  -1.9137e-07 -4.43363e-22  1.54665e-07  7.55364e-22 -7.43697e-08 -1.08801e-21  1.46426e-09  1.30892e-21  2.45559e-08 -1.28421e-21 -1.20447e-08  9.86237e-22 -3.55309e-09 -5.57837e-22  4.62173e-09  2.35584e-22  2.76397e-10 -1.58997e-22 -1.34272e-09  2.51409e-22 -4.64181e-11 -3.18839e-22  3.50101e-10  2.56231e-22  4.42111e-11 -1.16913e-22 -7.75331e-11  2.01326e-24 -2.42523e-11  4.75841e-23  1.14678e-11 -4.78621e-23  7.87775e-12  2.74686e-23 -2.31936e-14 -9.72316e-24 -1.45462e-12  5.54175e-24 -4.68625e-13 -9.37868e-24  7.63176e-14   1.0823e-23  9.85678e-14 -7.62886e-24  2.52737e-14  3.48248e-24 -3.60306e-15 -7.99104e-25 -4.48157e-15 -3.10596e-25 -1.30553e-15  4.12273e-25 -2.97062e-17 -1.62975e-25  1.14706e-16  -2.0217e-27  4.60166e-17  3.15785e-26  7.91781e-18 -1.76714e-26 -4.67721e-19  4.77464e-27 -6.89343e-19  6.89966e-28 -2.11141e-19 -9.79885e-28 -3.41942e-20  2.43141e-28 -1.07678e-21 -2.66021e-29   1.0892e-21 -4.39478e-31  3.59085e-22  1.02684e-29   6.5333e-23 -3.44329e-30  7.28889e-24 -4.24711e-31  2.59928e-25  6.57289e-32 -8.45883e-26  7.98664e-32 -2.20114e-26  4.28114e-33 -3.07315e-27 -5.54405e-33 -2.92001e-28 -3.38437e-34 -1.86481e-29  8.11168e-35 -5.98112e-31 -1.64719e-35  2.17697e-32 -1.33603e-36  4.21938e-33  5.46189e-37  2.82922e-34  2.12738e-38   1.1054e-35 -2.41927e-39  2.51841e-37  3.87527e-41  2.80058e-39  3.86684e-42
 3.48227e-30  1.43201e-13 -1.12816e-28 -3.57074e-12  1.35435e-27  4.60961e-11 -8.43388e-27 -3.86417e-10  2.06664e-26  2.31588e-09  1.15254e-25 -1.04449e-08 -1.52549e-24  3.65094e-08  9.13697e-24 -1.00518e-07 -3.82807e-23  2.19346e-07  1.24781e-22 -3.78121e-07 -3.31759e-22  5.06985e-07  7.37663e-22 -5.09528e-07 -1.38882e-21  3.50658e-07  2.22087e-21  -1.1821e-07  -2.9996e-21 -4.10404e-08  3.36784e-21  6.31449e-08  -3.0469e-21 -1.36408e-08  2.09773e-21 -1.57286e-08 -9.95579e-22  7.73982e-09   3.3035e-22  3.55069e-09 -3.15576e-22 -2.43305e-09  6.16404e-22 -9.64306e-10 -7.37044e-22  5.77791e-10  5.22094e-22  3.03443e-10  -1.8801e-22 -8.98502e-11 -3.23058e-23 -8.61868e-11  1.00833e-22 -7.11197e-13 -8.58033e-23  1.73382e-11  4.44997e-23  5.16271e-12 -1.23566e-23 -1.52892e-12  6.17672e-24 -1.38886e-12 -1.46895e-23 -2.38971e-13  1.82693e-23  1.21722e-13 -1.30394e-23  7.85501e-14  5.85675e-24  1.38837e-14 -1.14136e-24 -4.14882e-15 -7.17581e-25 -3.13998e-15  7.36828e-25 -7.81848e-16 -2.37664e-25 -3.80596e-18 -2.01665e-26  6.55749e-17  4.60047e-26  2.46348e-17 -2.36024e-26  4.32242e-18  7.26056e-27 -3.60073e-20  6.70432e-28 -2.58322e-19  -1.4108e-27 -8.35647e-20  3.53273e-28 -1.49117e-20  -3.1342e-29 -1.21669e-21 -1.35643e-30  1.64127e-22  1.20102e-29  8.08981e-23  -3.3607e-30  1.64157e-23 -7.38266e-31  2.14092e-24  5.50043e-32  1.71084e-25  1.14119e-31  2.17173e-27  5.11372e-33 -1.70653e-27 -7.23603e-33 -3.02329e-28 -4.06907e-34 -3.10222e-29  8.19413e-35   -2.186e-30 -2.16846e-35 -1.05264e-31 -1.67609e-36 -3.01027e-33  4.92562e-37 -1.55115e-35  1.94957e-38  2.34908e-36 -1.40793e-39  8.35798e-38   2.1362e-41  8.33035e-40
-3.65913e-14  6.06733e-29  1.64817e-12 -1.13151e-27  -2.8724e-11  1.04302e-26  2.98849e-10 -5.41878e-26 -2.13796e-09  1.15254e-25  1.12708e-08  5.71053e-25 -4.55207e-08 -6.82041e-24  1.44045e-07  3.72851e-23 -3.61215e-07 -1.43856e-22  7.19382e-07  4.34948e-22 -1.12904e-06 -1.07877e-21   1.3657e-06  2.24693e-21 -1.20987e-06 -3.97308e-21  6.84526e-07  5.97193e-21 -1.11373e-07 -7.56943e-21 -1.68989e-07  7.92762e-21   1.2442e-07 -6.58673e-21   6.7696e-09  4.00084e-21 -4.14785e-08 -1.48807e-21  6.10386e-09  3.25726e-22  1.14928e-08 -6.60135e-22 -2.23208e-09  1.43794e-21 -3.15309e-09 -1.56777e-21  3.38267e-10  9.55001e-22  8.21785e-10 -2.40702e-22   6.0321e-11 -1.24151e-22 -1.71373e-10  1.86804e-22 -5.45641e-11 -1.37342e-22  1.95487e-11  6.53063e-23  1.62123e-11  -1.1889e-23  1.70665e-12   3.2591e-24 -2.14654e-12 -2.04067e-23  -1.0295e-12  2.85505e-23 -6.11377e-14 -2.09053e-23  1.18164e-13   9.3119e-24  5.28324e-14  -1.5183e-24  6.42183e-15 -1.40872e-24 -3.25491e-15  1.20353e-24  -1.8925e-15 -3.11294e-25 -4.25248e-16 -5.32129e-26 -2.82491e-18  5.90637e-26  3.09896e-17 -2.81536e-26  1.13648e-17  1.06927e-26  2.08889e-18  2.64655e-28  8.76987e-20 -1.89599e-27 -7.25854e-20  4.89733e-28 -2.63923e-20 -3.02966e-29 -5.12335e-21 -6.15394e-30 -5.82449e-22  1.31883e-29 -1.05598e-23 -2.59315e-30   1.1328e-23 -1.06198e-30  2.82032e-24  3.23512e-32  4.07344e-25  1.49091e-31  3.98973e-26   4.8608e-33  2.44016e-27 -8.80902e-33  2.99278e-29 -4.46394e-34  -1.2388e-29  7.19484e-35 -1.61217e-30 -2.57101e-35 -1.15345e-31 -1.83811e-36 -5.38209e-33  3.92494e-37  -1.6147e-34   1.4691e-38 -2.77468e-36 -6.96637e-40 -1.87767e-38  8.48133e-42
-2.06652e-29 -5.63171e-13  7.05293e-28  1.44978e-11 -9.24668e-27 -1.93502e-10  6.88439e-26  1.67981e-09 -3.05309e-25 -1.04449e-08  5.71053e-25  4.89794e-08  2.53512e-24 -1.78461e-07 -2.74872e-23  5.13794e-07  1.37786e-22 -1.17724e-06  -4.9144e-22  2.14293e-06  1.38274e-21 -3.05995e-06  -3.2081e-21  3.32431e-06  6.27369e-21 -2.55818e-06 -1.04372e-20   1.1138e-06  1.47654e-20   9.5001e-08 -1.75739e-20 -4.49126e-07  1.71523e-20  1.79152e-07 -1.30114e-20  8.35686e-08  6.79389e-21 -7.83167e-08 -1.67236e-21 -1.21841e-08   4.7918e-23  2.40691e-08 -1.45381e-21  2.87832e-09  3.15487e-21 -6.36694e-09 -3.06882e-21 -1.33428e-09  1.55922e-21  1.37353e-09 -1.92166e-22  5.64955e-10 -3.12741e-22 -1.79422e-10  3.03236e-22  -1.6459e-10 -1.97276e-22 -1.09779e-11  8.86709e-23  2.75012e-11 -4.85435e-24  1.09839e-11 -7.57968e-24 -7.52224e-13 -2.44713e-23 -1.97295e-12  4.16053e-23 -6.23381e-13 -3.16659e-23  2.88428e-14  1.40574e-23  8.87047e-14  -1.8912e-24  3.09989e-14 -2.44995e-24  2.61504e-15  1.81038e-24 -1.99832e-15 -3.63713e-25  -9.9258e-16 -1.03082e-25 -2.11407e-16  6.55099e-26 -5.40121e-18 -2.94652e-26  1.19094e-17  1.52727e-26  4.44526e-18 -7.26278e-28  8.64959e-19 -2.41192e-27   7.2315e-20  6.57571e-28 -1.29528e-20 -2.04136e-29 -6.33165e-21 -1.74726e-29 -1.34308e-21  1.36173e-29 -1.79962e-22 -1.03912e-30 -1.33043e-23  -1.3221e-30  4.07353e-25  1.06514e-32  2.88996e-25  1.79792e-31  4.84501e-26   2.8338e-33  5.16288e-27 -1.00519e-32  3.81912e-28 -4.50139e-34  1.84395e-29  5.31635e-35  3.68752e-31 -2.73988e-35 -2.14816e-32 -1.77224e-36 -2.21111e-33  2.74587e-37 -9.08504e-35  8.86097e-39 -1.88686e-36 -2.83951e-40 -1.36674e-38
 1.23735e-13 -3.22082e-28 -5.75688e-12  6.33169e-27  1.03777e-10 -6.37674e-26 -1.11854e-09  3.96213e-25  8.30414e-09 -1.52549e-24 -4.55207e-08  2.53512e-24  1.91621e-07  1.01543e-23 -6.33785e-07 -1.00465e-22   1.6671e-06  4.63685e-22 -3.49907e-06  -1.5342e-21  5.82642e-06  4.02938e-21 -7.55703e-06 -8.76799e-21  7.32403e-06  1.61331e-20 -4.78338e-06 -2.52942e-20  1.37387e-06  3.37178e-20  7.80012e-07 -3.77007e-20 -9.17425e-07  3.42392e-20  1.31784e-07 -2.35136e-20  2.58334e-07  1.00842e-20 -1.00734e-07 -7.17577e-22 -6.40549e-08 -7.27606e-22  3.38231e-08 -3.24219e-21  1.78582e-08  6.46647e-21 -8.03506e-09 -5.53059e-21 -5.45081e-09  2.23965e-21  1.10438e-09  1.04259e-22  1.48225e-09 -6.31298e-22  1.04285e-10  4.27857e-22 -2.81002e-10 -2.56494e-22 -1.02959e-10  1.15811e-22  1.94551e-11  1.30419e-23  2.44751e-11 -3.31085e-23  5.46197e-12 -2.35102e-23 -1.73124e-12    5.698e-23 -1.42532e-12 -4.55773e-23 -3.17448e-13   2.0179e-23  5.07607e-14 -2.21155e-24  5.53546e-14 -3.85476e-24  1.62432e-14  2.52239e-24  1.03864e-15 -3.71455e-25 -9.98666e-16 -1.68403e-25 -4.53439e-16  5.92325e-26 -9.52565e-17 -2.57334e-26 -5.20867e-18  2.11239e-26  3.56808e-18 -2.44133e-27  1.43665e-18 -2.94246e-27  2.96784e-19   8.6314e-28  3.39425e-20  2.48605e-32 -2.59648e-22 -3.72853e-29 -1.04735e-21  1.32472e-29 -2.56251e-22  1.23977e-30 -3.79716e-23 -1.44484e-30 -3.72517e-24   1.0104e-32 -1.92176e-25  2.01954e-31  8.49322e-27 -1.26402e-33   3.0699e-27 -1.07903e-32  3.66797e-28 -4.21179e-34   2.8015e-29  3.04429e-35  1.46676e-30 -2.61715e-35  5.05143e-32 -1.49645e-36  9.56141e-34   1.6652e-37  2.21038e-36  4.02405e-39 -2.20115e-37 -8.38282e-41
 9.54562e-29   1.6992e-12  -3.3741e-27 -4.52734e-11  4.66569e-26  6.26329e-10 -3.79671e-25 -5.64501e-09  2.01424e-24  3.65094e-08 -6.82041e-24 -1.78461e-07  1.01543e-23  6.79546e-07  3.69108e-23 -2.05102e-06 -3.34713e-22  4.94651e-06  1.42764e-21  -9.5293e-06 -4.39631e-21   1.4517e-05  1.08093e-20 -1.70539e-05 -2.21157e-20  1.45969e-05  3.83651e-20 -7.77687e-06 -5.67739e-20  7.81844e-07  7.13885e-20  2.32052e-06 -7.50074e-20 -1.47073e-06  6.32506e-20 -2.04764e-07 -3.88378e-20  5.42048e-07  1.24828e-20 -4.43094e-08  2.86477e-21 -1.59125e-07 -2.16355e-21  2.03401e-08 -7.01917e-21  4.47187e-08  1.23491e-20 -2.05993e-09 -9.17928e-21 -1.16309e-08  2.73227e-21 -1.49396e-09  8.53335e-22  2.36007e-09 -1.07891e-21  9.06855e-10    5.107e-22 -2.35775e-10 -3.08496e-22 -2.47841e-10  1.54803e-22 -3.74828e-11  4.66512e-23  2.96571e-11 -8.26771e-23   1.6673e-11 -1.31732e-23  1.74703e-12  7.40099e-23 -1.65702e-12 -6.25889e-23 -8.64997e-13  2.75213e-23 -1.39546e-13 -2.42684e-24  4.02515e-14 -5.55462e-24  2.96312e-14   3.2707e-24  7.71754e-15 -3.13256e-25  4.62294e-16 -2.44673e-25 -4.08044e-16  3.47628e-26 -1.78867e-16 -1.56619e-26 -3.80886e-17  2.82369e-26 -3.27286e-18 -4.90638e-27  7.48219e-19 -3.48204e-27  3.68947e-19  1.10992e-27  8.14764e-20  3.03278e-29  1.10488e-20  -6.5717e-29  6.85468e-22  1.22539e-29 -8.61357e-23  3.99264e-30 -3.25443e-23 -1.37946e-30 -5.35477e-24  5.11901e-32 -5.84735e-25  2.13149e-31 -4.34105e-26 -7.03756e-33  -1.7909e-27  -1.0915e-32  3.02625e-29 -3.69839e-34  1.11981e-29  9.39843e-36  9.24523e-31 -2.23068e-35  4.43766e-32 -1.09329e-36  1.30195e-33  8.55081e-38  2.07167e-35  1.18309e-39   1.1277e-37
-3.23222e-13  1.34819e-27  1.55771e-11 -2.74719e-26 -2.91272e-10  2.91973e-25   3.2615e-09 -1.98347e-24 -2.51994e-08  9.13697e-24  1.44045e-07 -2.74872e-23 -6.33785e-07  3.69108e-23  2.19719e-06  1.22356e-22 -6.07903e-06 -1.02088e-21  1.34821e-05  4.03747e-21  -2.3873e-05 -1.16072e-20  3.32522e-05  2.67928e-20 -3.52232e-05 -5.16685e-20  2.62217e-05  8.46677e-20 -1.05559e-05  -1.1843e-19 -1.90903e-06  1.40608e-19   4.9999e-06 -1.38845e-19 -1.71157e-06  1.08389e-19 -1.07705e-06 -5.83988e-20  8.44122e-07  1.10371e-20  1.91968e-07  1.12911e-20 -2.73849e-07 -4.14295e-21 -4.86885e-08 -1.43651e-20  7.42545e-08  2.19712e-20  1.97802e-08 -1.40231e-20 -1.59707e-08  2.55318e-21 -7.72137e-09  2.27643e-21  1.91547e-09 -1.58351e-21  2.16294e-09  4.75256e-22  2.30088e-10 -3.61929e-22 -3.44117e-10  2.25322e-22  -1.5637e-10   1.0137e-22  3.31953e-12 -1.67712e-22  2.59276e-11  1.09053e-23  9.26871e-12  9.21592e-23  2.16459e-14 -8.22004e-23 -1.16141e-12  3.55739e-23 -4.57256e-13 -2.49044e-24  -5.5041e-14 -7.38849e-24  2.31813e-14  3.96376e-24   1.3788e-14 -1.75065e-25  3.34093e-15 -3.25903e-25  2.33455e-16 -1.12511e-26 -1.33382e-16  1.16699e-27 -5.98271e-17  3.64542e-26 -1.31286e-17 -8.00685e-27 -1.48943e-18 -4.03164e-27  6.65584e-20   1.3922e-27   7.0436e-20  6.68673e-29   1.7154e-20 -1.00115e-28  2.57851e-21  1.10937e-29  2.43141e-22  6.81315e-30  7.17453e-24 -1.11555e-30 -2.10531e-24  1.45433e-31 -4.60817e-25  2.13146e-31 -5.41929e-26 -1.33735e-32 -4.33986e-27 -1.03986e-32 -2.39446e-28 -3.08571e-34  -8.0793e-30 -5.83373e-36 -6.73296e-32 -1.68395e-35  7.88647e-33 -6.76565e-37  3.88598e-34  3.55493e-38  6.77714e-36  1.18453e-40
-3.54707e-28 -3.98686e-12  1.28697e-26  1.10296e-10 -1.84613e-25 -1.58666e-09  1.58614e-24  1.48944e-08 -9.20268e-24 -1.00518e-07  3.72851e-23  5.13794e-07 -1.00465e-22 -2.05102e-06  1.22356e-22  6.50985e-06  3.71403e-22 -1.65747e-05 -2.86077e-21  3.38869e-05  1.05232e-20 -5.52018e-05  -2.8328e-20  7.01953e-05   6.1561e-20 -6.66037e-05 -1.12165e-19   4.2091e-05  1.73945e-19 -1.05927e-05 -2.30295e-19 -8.39226e-06  2.58407e-19  8.59759e-06 -2.39811e-19 -8.31164e-07  1.72611e-19 -2.64656e-06 -7.92043e-20  8.94456e-07  8.22413e-22  6.99224e-07  2.73352e-20 -3.21362e-07 -5.97612e-21 -2.00668e-07 -2.74681e-20  7.78237e-08  3.64697e-20  6.14949e-08 -1.96734e-20 -9.91038e-09  1.00434e-21 -1.66724e-08  4.52976e-21 -1.70157e-09 -1.96816e-21  3.11385e-09  2.33285e-22  1.27004e-09 -4.56036e-22 -1.83674e-10  3.61145e-22 -2.89238e-10  1.83442e-22 -7.29793e-11 -3.00184e-22  1.78707e-11   5.1625e-23  1.73571e-11  1.11376e-22  4.34561e-12  -1.0333e-22 -4.38634e-13  4.34255e-23 -6.65673e-13 -2.37697e-24 -2.15583e-13 -9.12521e-24 -2.07827e-14     4.51e-24  1.05678e-14   4.7954e-26   5.5842e-15 -4.07048e-25  1.30793e-15 -7.92172e-26  1.16207e-16  2.40987e-26 -3.27398e-17  4.54971e-26 -1.64796e-17 -1.14939e-26 -3.77247e-18 -4.58974e-27 -5.08457e-19  1.68922e-27 -2.10908e-20  1.03552e-28  8.52998e-21 -1.34849e-28  2.59854e-21  1.04634e-29  4.24462e-22   9.2329e-30  4.64838e-23 -6.88045e-31  3.21603e-24  2.88095e-31  5.85895e-26  2.03495e-31 -1.75063e-26 -1.87639e-32 -2.65762e-27 -9.30234e-33 -2.17526e-28 -2.47423e-34 -1.17453e-29 -1.37733e-35 -4.18712e-31 -1.11237e-35 -8.94427e-33 -3.42528e-37 -8.45478e-35  1.08694e-38  3.16893e-40
 6.56961e-13 -4.58175e-27 -3.29174e-11  9.59489e-26  6.40822e-10 -1.05869e-24 -7.48201e-09  7.59695e-24  6.03806e-08 -3.82807e-23 -3.61215e-07  1.37786e-22   1.6671e-06 -3.34713e-22 -6.07903e-06  3.71403e-22  1.77511e-05  1.03586e-21 -4.17336e-05 -7.38776e-21  7.88147e-05  2.53493e-20 -0.000118149 -6.40865e-20  0.000136805  1.31488e-19 -0.000115134 -2.26892e-19  5.92563e-05  3.33598e-19 -3.36394e-06 -4.18595e-19 -2.01674e-05  4.44315e-19  1.18243e-05 -3.87491e-19   2.3079e-06  2.55777e-19 -4.71761e-06 -9.49577e-20    2.275e-07 -2.50096e-20  1.45505e-06  5.38451e-20   -1.435e-07 -6.13074e-21 -4.22151e-07  -4.8934e-20  8.64638e-09  5.65972e-20  1.12095e-07 -2.52066e-20  1.71218e-08 -2.73385e-21 -2.29683e-08  7.59701e-21 -9.57077e-09 -1.93767e-21  2.19293e-09 -2.87445e-22  2.58866e-09 -6.72018e-22  4.43385e-10  6.07706e-22  -3.0051e-10  3.00213e-22 -1.82534e-10  -4.8994e-22 -2.28908e-11  1.08825e-22  1.70471e-11  1.32255e-22  9.67829e-12 -1.24258e-22  1.76404e-12  4.98516e-23 -3.73884e-13 -2.10093e-24 -3.25201e-13 -1.05219e-23 -9.20019e-14  4.84481e-24 -8.09435e-15  3.53556e-25  3.87135e-15   -4.859e-25  1.95078e-15 -1.66704e-25  4.54316e-16  5.14277e-26  5.03257e-17  5.50052e-26 -4.90326e-18 -1.50221e-26 -3.56851e-18 -5.14337e-27  -8.6957e-19  1.96315e-27  -1.3058e-19  1.33465e-28 -1.10427e-20 -1.62122e-28  2.14714e-22   1.1133e-29  2.47792e-22  1.08465e-29  4.65479e-23 -1.68311e-31  5.47024e-24   4.5664e-31  4.44985e-25  1.86659e-31  2.35505e-26 -2.18585e-32  4.88773e-28 -7.77383e-33  -3.9381e-29 -1.92131e-34 -4.47333e-30 -1.53676e-35 -2.20207e-31 -6.30216e-36 -5.95937e-33 -1.33573e-37 -7.56328e-35  1.86987e-39
 1.08353e-27  7.28903e-12 -4.01734e-26 -2.10289e-10   5.9297e-25  3.15915e-09  -5.2932e-24 -3.10184e-08  3.24539e-23  2.19346e-07 -1.43856e-22 -1.17724e-06  4.63685e-22  4.94651e-06 -1.02088e-21 -1.65747e-05  1.03586e-21  4.47204e-05  2.66209e-21 -9.73739e-05 -1.76253e-20  0.000170132    5.657e-20 -0.000234624 -1.34718e-19  0.000246387  2.61722e-19 -0.000181219 -4.28755e-19  7.00558e-05  5.98739e-19   1.7278e-05  -7.1297e-19 -3.72426e-05  7.16586e-19  1.18787e-05 -5.87196e-19   8.7166e-06  3.52879e-19 -6.42428e-06 -9.58696e-20 -1.68053e-06 -7.44823e-20  2.19145e-06  9.29952e-20  4.39449e-07 -2.13387e-21 -6.16583e-07 -8.13368e-20 -1.76793e-07  8.23178e-20  1.36446e-07 -2.91413e-20  6.94694e-08 -9.42198e-21  -1.6463e-08  1.11916e-20 -1.98009e-08 -1.10027e-21 -2.30697e-09 -1.11072e-21   3.1871e-09 -1.13172e-21  1.50937e-09  1.01331e-21 -1.39526e-11  4.59658e-22 -2.49332e-10 -7.41212e-22 -9.33073e-11  1.78188e-22 -1.75503e-12  1.55846e-22  1.12731e-11 -1.42728e-22  4.68394e-12  5.35707e-23  6.41839e-13 -1.73229e-24 -2.07556e-13 -1.14056e-23 -1.37705e-13  4.95189e-24 -3.57125e-14  7.37492e-25 -3.31076e-15  -5.6333e-25  1.11222e-15 -2.69238e-25  5.76568e-16  8.06269e-26  1.36194e-16  6.45509e-26  1.78267e-17 -1.82091e-26  1.34196e-19 -5.66475e-27  -5.5641e-19  2.16332e-27 -1.53007e-19  1.51287e-28 -2.47728e-20 -1.73754e-28 -2.62794e-21  1.36861e-29 -1.43098e-22  1.14236e-29  8.09629e-24  3.54688e-31  2.94022e-24  6.16384e-31  3.80816e-25  1.65171e-31  3.19187e-26 -2.19847e-32  1.84961e-27 -6.02701e-33  7.08448e-29   -1.447e-34  1.44639e-30 -1.28884e-35   -3.549e-33 -2.95781e-36 -8.59104e-34 -3.55065e-38 -1.11718e-35
-1.03404e-12  1.28828e-26  5.41522e-11 -2.76173e-25 -1.10324e-09  3.13933e-24  1.34991e-08 -2.34229e-23  -1.1435e-07  1.24781e-22  7.19382e-07  -4.9144e-22 -3.49907e-06  1.42764e-21  1.34821e-05 -2.86077e-21 -4.17336e-05  2.66209e-21  0.000104448  6.31823e-21 -0.000211178 -3.89233e-20  0.000341762  1.17177e-19 -0.000433127 -2.63687e-19  0.000410076  4.86553e-19 -0.000257529 -7.58607e-19   6.1016e-05  1.00795e-18  5.72873e-05 -1.14055e-18 -5.64174e-05  1.08664e-18  4.59351e-06 -8.36547e-19   1.8411e-05  4.53222e-19 -6.09033e-06 -6.96491e-20 -5.07138e-06 -1.55299e-19  2.32016e-06  1.45465e-19  1.50295e-06  9.21487e-21 -5.88731e-07 -1.26565e-19 -4.75612e-07  1.12487e-19  7.87801e-08 -2.95879e-20  1.33607e-07 -1.95341e-20  1.35412e-08  1.47137e-20 -2.58818e-08  9.71144e-22 -1.06482e-08 -2.18803e-21  1.58536e-09 -1.97766e-21   2.5038e-09  1.61502e-21  6.41953e-10  6.68581e-22 -1.55887e-10 -1.04915e-21 -1.55212e-10  2.51227e-22 -4.00073e-11  1.83064e-22  3.53027e-12 -1.56253e-22  6.00857e-12  5.36307e-23  2.01826e-12 -1.39928e-24   2.2113e-13 -1.17515e-23 -8.84711e-14  4.86961e-24 -5.06731e-14   1.1983e-24 -1.25241e-14  -6.4159e-25 -1.33007e-15 -3.81208e-25  2.29683e-16  1.08741e-25  1.39652e-16  7.36139e-26  3.40595e-17 -2.07026e-26  5.00177e-18 -6.11659e-27  3.27579e-19  2.23669e-27 -4.79948e-20  1.55591e-28  -1.8972e-20 -1.63478e-28 -3.33343e-21  1.82609e-29 -3.88216e-22  1.09646e-29 -3.03387e-23  7.96428e-31  -1.2127e-24  7.31418e-31  5.04978e-26   1.4113e-31  1.28745e-26  -1.9377e-32  1.13396e-27 -4.30022e-33  6.12589e-29 -1.05041e-34  2.11488e-30 -8.76178e-36  4.28583e-32 -1.07614e-36  3.89528e-34 -4.53738e-39
-2.75896e-27 -1.02723e-11   1.0433e-25  3.11048e-10 -1.57925e-24 -4.91039e-09  1.45409e-23  5.07338e-08 -9.27708e-23 -3.78121e-07  4.34948e-22  2.14293e-06  -1.5342e-21  -9.5293e-06  4.03747e-21  3.38869e-05 -7.38776e-21 -9.73739e-05  6.31823e-21  0.000226857  1.38729e-20 -0.000426882 -7.96816e-20  0.000640382  2.25625e-19 -0.000744391 -4.81402e-19  0.000629912  8.46462e-19 -0.000324772 -1.25931e-18  1.39274e-05  1.59493e-18  0.000118966 -1.71738e-18 -6.99072e-05  1.55302e-18  -1.4376e-05 -1.12326e-18  2.93742e-05  5.41323e-19  -1.5351e-06 -3.82024e-21 -9.43468e-06 -2.72863e-19  1.03298e-06  2.09836e-19  2.84844e-06  3.12708e-20  -9.5897e-08 -1.85129e-19 -7.91015e-07  1.44759e-19 -1.11709e-07 -2.45635e-20  1.70845e-07 -3.30572e-20  6.91785e-08  1.72983e-20 -1.78119e-08  4.64765e-21 -1.98672e-08 -3.39571e-21 -3.23877e-09 -3.33538e-21  2.44273e-09  2.42295e-21  1.45512e-09  9.29521e-22  1.76668e-10 -1.39754e-21 -1.41337e-10  3.16629e-22 -7.99288e-11  2.13863e-22 -1.47488e-11 -1.62595e-22  3.04141e-12  4.98173e-23  2.71601e-12 -1.27097e-24  7.86623e-13 -1.17229e-23  7.70117e-14  4.67859e-24 -2.98744e-14  1.73825e-24 -1.60638e-14 -7.21563e-25 -3.89639e-15 -4.96317e-25  -4.7983e-16  1.32877e-25  2.33272e-17  8.15482e-26  2.62883e-17 -2.22398e-26  6.81947e-18 -6.46435e-27   1.0818e-18  2.14198e-27  1.04474e-19  1.49848e-28  1.98018e-21 -1.29054e-28 -1.36516e-21  2.44092e-29 -2.93376e-22  9.68359e-30 -3.61524e-23  1.09553e-30 -3.06555e-24  7.76374e-31 -1.77501e-25  1.16145e-31 -5.85174e-27 -1.50161e-32  2.34054e-29 -2.79977e-33  1.37316e-29 -7.24363e-35  7.09755e-31  -4.8195e-36  1.67644e-32 -2.59691e-37  1.36063e-34
  1.2343e-12  -3.0317e-26 -6.81302e-11  6.64492e-25  1.46425e-09 -7.76054e-24 -1.89205e-08  5.97982e-23   1.6947e-07 -3.31759e-22 -1.12904e-06  1.38274e-21  5.82642e-06 -4.39631e-21  -2.3873e-05  1.05232e-20  7.88147e-05 -1.76253e-20 -0.000211178  1.38729e-20  0.000459494   2.8212e-20 -0.000806353 -1.51346e-19   0.00112161   4.0427e-19  -0.00119222 -8.20921e-19  0.000890142  1.38045e-18 -0.000349697 -1.96503e-18 -8.97194e-05  2.37671e-18  0.000196584 -2.43915e-18 -6.54534e-05  2.09705e-18 -4.72301e-05 -1.42543e-18  3.69146e-05  5.99838e-19  9.01392e-06  1.11019e-19 -1.31432e-05 -4.28358e-19  -2.3484e-06  2.82488e-19  3.88533e-06   6.6713e-20  1.01697e-06  -2.5567e-19  -9.1659e-07  1.75824e-19 -4.35677e-07 -1.24014e-20  1.24812e-07 -4.93977e-20  1.33987e-07  1.79618e-20  1.25635e-08  1.01444e-20 -2.33522e-08 -4.55731e-21 -1.04888e-08 -5.26726e-21  3.48397e-10  3.40792e-21  1.87462e-09  1.23722e-21  6.77984e-10 -1.75872e-21  3.42926e-12  3.62727e-22 -8.71979e-11  2.46432e-22  -3.5625e-11 -1.60311e-22 -4.82609e-12  4.29253e-23  1.60539e-12 -1.51955e-24  1.06235e-12 -1.16505e-23  2.78933e-13  4.47512e-24    2.779e-14  2.35867e-24 -7.81752e-15  -8.0042e-25 -4.30082e-15 -6.07491e-25 -1.04622e-15  1.50676e-25 -1.45585e-16  8.76002e-26 -4.42829e-18 -2.26826e-26  3.44964e-18 -6.68925e-27  1.03425e-18  1.86295e-27  1.74247e-19  1.41385e-28  1.95504e-20 -7.34495e-29  1.29795e-21  3.11497e-29 -4.81508e-24  7.92574e-30 -1.36481e-23  1.22484e-30 -1.94626e-24  7.44267e-31 -1.66501e-25  9.15335e-32 -9.68313e-27 -1.01835e-32 -3.77247e-28 -1.65055e-33 -8.76849e-30 -4.63446e-35 -7.68585e-32 -2.02819e-36  8.07086e-34 -2.15786e-38
 5.90347e-27  1.08205e-11 -2.27521e-25 -3.47657e-10  3.53029e-24  5.82661e-09 -3.34588e-23 -6.39596e-08  2.20739e-22  5.06985e-07 -1.07877e-21 -3.05995e-06  4.02938e-21   1.4517e-05 -1.16072e-20 -5.52018e-05  2.53493e-20  0.000170132 -3.89233e-20 -0.000426882   2.8212e-20  0.000870177  5.31628e-20  -0.00142665 -2.66786e-19   0.00183965  6.74437e-19  -0.00178008 -1.30903e-18   0.00114965   2.1136e-18 -0.000287985 -2.88705e-18 -0.000260897  3.34144e-18  0.000272867 -3.27441e-18 -2.89258e-05  2.68231e-18 -9.11651e-05 -1.71507e-18  3.41203e-05  6.14023e-19  2.55532e-05  2.77875e-19 -1.35233e-05 -6.17532e-19 -7.83088e-06  3.58127e-19  3.69165e-06  1.16698e-19   2.6355e-06 -3.34894e-19 -5.89926e-07  2.01947e-19  -7.9995e-07  7.86519e-21 -5.06739e-08 -6.74412e-20  1.69885e-07  1.58176e-20  6.33542e-08  1.74381e-20 -1.32591e-08 -5.48483e-21 -1.67059e-08 -7.73311e-21 -3.88964e-09  4.49725e-21  1.23008e-09  1.57615e-21   1.0753e-09 -2.09627e-21  2.61536e-10  3.80434e-22 -3.12293e-11  2.76752e-22 -4.32045e-11 -1.49184e-22 -1.41283e-11  3.47584e-23 -1.48209e-12 -2.27204e-24  6.43265e-13 -1.19468e-23  3.61015e-13   4.3408e-24  8.94453e-14  3.05113e-24  9.88507e-15 -8.70968e-25 -1.43829e-15 -7.06667e-25 -9.40597e-16   1.6066e-25 -2.34164e-16  9.10296e-26 -3.55638e-17 -2.20207e-26  -2.7241e-18 -6.79459e-27  2.09998e-19  1.41629e-27  1.08078e-19  1.38449e-28  1.98162e-20 -4.58145e-30  2.36899e-21  3.72126e-29  1.94509e-22  6.05842e-30  9.58172e-24  1.19325e-30  1.28574e-26   6.4747e-31  -4.4513e-26  6.85315e-32 -4.26575e-27 -5.96867e-33 -2.24469e-28 -8.76621e-34 -7.13482e-30 -2.65732e-35 -1.23497e-31 -5.55301e-37 -7.48065e-34
 -1.0608e-12  6.00667e-26  6.27144e-11 -1.34613e-24 -1.44292e-09  1.61581e-23  1.99569e-08 -1.28405e-22  -1.9137e-07  7.37663e-22   1.3657e-06  -3.2081e-21 -7.55703e-06  1.08093e-20  3.32522e-05  -2.8328e-20 -0.000118149    5.657e-20  0.000341762 -7.96816e-20 -0.000806353  5.31628e-20    0.0015445  9.28026e-20  -0.00236944 -4.36225e-19   0.00283024  1.04759e-18  -0.00247667 -1.95334e-18   0.00133979  3.04204e-18 -9.36903e-05 -3.99975e-18 -0.000493639  4.43966e-18  0.000318742  -4.1636e-18  5.04507e-05  3.25931e-18 -0.000136263 -1.96416e-18  1.38413e-05  5.76435e-19  4.50259e-05  4.91073e-19 -7.60304e-06 -8.30698e-19 -1.42472e-05  4.30854e-19  1.33405e-06  1.80299e-19  4.24465e-06  -4.1803e-19   3.7523e-07  2.19685e-19 -1.00973e-06  3.62636e-20 -3.50724e-07 -8.57552e-20  1.28659e-07  1.03015e-20   1.1637e-07  2.62242e-20  1.42757e-08 -6.02351e-21 -1.65595e-08  -1.0573e-20 -8.78527e-09  5.58096e-21 -7.87739e-10  1.92055e-21  9.87555e-10 -2.36986e-21   5.0922e-10   3.6575e-22  8.50157e-11  2.98738e-22 -2.32012e-11 -1.30402e-22 -1.81544e-11  2.77967e-23 -5.07486e-12 -3.56957e-24 -4.61858e-13 -1.29793e-23  2.03931e-13   4.3207e-24  1.05716e-13  3.78889e-24   2.5474e-14 -9.23003e-25   3.1913e-15 -7.85119e-25 -1.13903e-16  1.62357e-25  -1.5879e-16   9.1321e-26 -4.18418e-17  -2.0345e-26 -6.74332e-18 -6.80093e-27  -6.8538e-19  8.50991e-28 -2.41955e-20  1.46535e-28  5.97926e-21  6.64207e-29  1.43959e-21  4.13894e-29  1.80912e-22  4.37436e-30  1.54382e-23  1.03884e-30  9.13112e-25  5.11965e-31  3.39538e-26   4.8301e-32  4.36464e-28 -2.95737e-33 -2.68158e-29 -4.19751e-34 -1.55479e-30 -1.29779e-35 -2.93338e-32 -4.55769e-38
-1.06562e-26 -7.89263e-12  4.18203e-25  2.75462e-10 -6.65778e-24 -5.00398e-09  6.50324e-23  5.94479e-08 -4.43363e-22 -5.09528e-07  2.24693e-21  3.32431e-06 -8.76799e-21 -1.70539e-05  2.67928e-20  7.01953e-05 -6.40865e-20 -0.000234624  1.17177e-19  0.000640382 -1.51346e-19  -0.00142665  9.28026e-20   0.00257523  1.49869e-19  -0.00370183 -6.60598e-19   0.00408991  1.51393e-18  -0.00320595 -2.72865e-18   0.00137143  4.11979e-18  0.000265574 -5.23191e-18 -0.000757691  5.58365e-18  0.000298173 -5.02583e-18  0.000173517   3.7746e-18 -0.000165667 -2.15157e-18 -2.80502e-05  4.90271e-19  6.09223e-05  7.35897e-19  6.51647e-06 -1.05409e-18 -1.91268e-05  4.95483e-19 -3.60295e-06  2.54469e-19  4.96656e-06 -4.99723e-19  1.92079e-06  2.26584e-19 -8.24911e-07  7.18518e-20 -6.87451e-07 -1.02868e-19 -2.15296e-08  1.34097e-21  1.39001e-07  3.59255e-20  5.35791e-08 -6.08363e-21 -5.65213e-09 -1.35218e-20 -1.13711e-08  6.52733e-21 -3.64877e-09  2.23742e-21  1.70594e-10 -2.54125e-21  5.56908e-10  3.21058e-22  2.08548e-10  3.05067e-22  2.38289e-11 -1.06387e-22 -1.12204e-11  2.45923e-23 -6.61121e-12  -5.3536e-24 -1.66355e-12 -1.49442e-23 -1.52456e-13  4.41756e-24  5.03604e-14  4.52383e-24  2.61542e-14 -9.46021e-25  6.26506e-15 -8.34738e-25  8.73368e-16  1.56198e-25  3.18046e-17  8.84128e-26 -1.83525e-17 -1.78066e-26 -5.62527e-18 -6.73188e-27 -9.51855e-19  2.39001e-28 -1.08251e-19  1.65685e-28 -7.71397e-21  1.27957e-28 -1.23817e-22  4.28608e-29  4.99913e-23  3.03798e-30  7.72194e-24  8.15806e-31    6.562e-25  3.67756e-31  3.69715e-26  3.17377e-32  1.38025e-27 -1.19686e-33  3.10872e-29 -1.82817e-34  3.19554e-31 -4.96904e-36  1.99086e-34
