     0.13786  1.32582e-17   -0.0499292 -7.13966e-18   -0.0284253  1.06297e-18   0.00251062  4.74239e-19   0.00548728  1.10884e-19  0.000865341 -1.15897e-20  -0.00054935  4.34595e-20 -0.000219299  6.15669e-20  -4.3373e-06  1.30322e-20  8.64326e-06 -2.14005e-21  8.25434e-07
 1.32582e-17     0.133896  9.89401e-18   -0.0157037 -2.42965e-19   -0.0321723  1.05426e-18  -0.00178931 -2.83745e-20   0.00668252 -1.51366e-20   0.00187849 -3.64727e-19 -0.000587105  7.92118e-20 -0.000359344  1.47648e-19 -3.52851e-05  2.52241e-20  6.13309e-06 -2.37505e-21
  -0.0499292  9.89401e-18     0.082499  -4.7505e-18  -0.00142609  4.79353e-19   -0.0288439 -2.26204e-18  -0.00457977  1.36661e-19   0.00669898 -1.18078e-18   0.00271003 -1.08775e-18 -0.000405709  7.82051e-20 -0.000416647  2.07158e-19 -6.39895e-05  2.61962e-20  3.99586e-07
-7.13966e-18   -0.0157037  -4.7505e-18    0.0563563 -1.42914e-18   0.00219509 -1.72392e-18   -0.0258384 -4.05832e-19  -0.00640943  1.10641e-18   0.00623654 -2.66305e-18   0.00334066 -1.74399e-18 -8.23129e-05  8.25085e-20 -0.000372786  2.25201e-19 -6.71098e-05  1.84657e-20
  -0.0284253 -2.42965e-19  -0.00142609 -1.42914e-18    0.0452226   4.5755e-18   0.00368771 -6.92386e-19   -0.0236159  6.00599e-18  -0.00784667  2.45018e-18   0.00547195 -3.52326e-18   0.00375474 -1.94492e-18  0.000312244  1.93208e-19 -0.000238531  2.11743e-19 -3.92826e-05
 1.06297e-18   -0.0321723  4.79353e-19   0.00219509   4.5755e-18    0.0389996  8.23316e-19   0.00464571  2.52984e-18    -0.021932  1.22075e-17  -0.00913949  3.51613e-18   0.00442924  -3.6325e-18   0.00389473 -1.60441e-18  0.000674475  3.77476e-19 -7.31542e-05  1.52589e-19
  0.00251062  1.05426e-18   -0.0288439 -1.72392e-18   0.00368771  8.23316e-19    0.0351225 -8.54404e-18    0.0054338  5.13406e-18   -0.0206148  1.51616e-17   -0.0104194  3.30731e-18   0.00306539 -3.58463e-18   0.00365122 -1.03989e-18  0.000854275  4.43634e-19  2.70968e-05
 4.74239e-19  -0.00178931 -2.26204e-18   -0.0258384 -6.92386e-19   0.00464571 -8.54404e-18    0.0326952 -1.66078e-17   0.00623971  5.93019e-18   -0.0195217   1.3922e-17    -0.011752   9.6304e-19   0.00131658 -4.00371e-18   0.00290283 -6.83229e-19  0.000724474  2.82185e-19
  0.00548728 -2.83745e-20  -0.00457977 -4.05832e-19   -0.0236159  2.52984e-18    0.0054338 -1.66078e-17    0.0312758  -1.9926e-17   0.00719176  5.40946e-18   -0.0185025   9.1118e-18   -0.0131163 -3.30177e-18 -0.000794041 -4.84229e-18   0.00168138 -6.08764e-19   0.00035064
 1.10884e-19   0.00668252  1.36661e-19  -0.00640943  6.00599e-18    -0.021932  5.13406e-18   0.00623971  -1.9926e-17     0.030658  -1.7369e-17   0.00842847  4.82583e-18   -0.0173316   2.5531e-18   -0.0142803 -7.98902e-18  -0.00291585 -5.31288e-18  0.000403601 -5.04242e-19
 0.000865341 -1.51366e-20   0.00669898  1.10641e-18  -0.00784667  1.22075e-17   -0.0206148  5.93019e-18   0.00719176  -1.7369e-17    0.0307851 -9.35128e-18    0.0101713  5.00393e-18   -0.0155602 -3.88862e-18   -0.0145614 -1.12215e-17  -0.00418029  -4.6415e-18 -0.000255464
-1.15897e-20   0.00187849 -1.18078e-18   0.00623654  2.45018e-18  -0.00913949  1.51616e-17   -0.0195217  5.40946e-18   0.00842847 -9.35128e-18    0.0317511  1.66309e-18    0.0128575  4.92854e-18   -0.0123144 -9.53082e-18   -0.0128044 -1.19054e-17  -0.00368894 -2.79453e-18
 -0.00054935 -3.64727e-19   0.00271003 -2.66305e-18   0.00547195  3.51613e-18   -0.0104194   1.3922e-17   -0.0185025  4.82583e-18    0.0101713  1.66309e-18    0.0338914  1.08119e-17    0.0172759  1.38349e-18  -0.00649098 -1.44678e-17  -0.00835495 -9.91508e-18  -0.00176904
 4.34595e-20 -0.000587105 -1.08775e-18   0.00334066 -3.52326e-18   0.00442924  3.30731e-18    -0.011752   9.1118e-18   -0.0173316  5.00393e-18    0.0128575  1.08119e-17    0.0378745  1.14942e-17    0.0241884 -8.19629e-18   0.00182417 -1.74625e-17  -0.00276882 -5.71782e-18
-0.000219299  7.92118e-20 -0.000405709 -1.74399e-18   0.00375474  -3.6325e-18   0.00306539   9.6304e-19   -0.0131163   2.5531e-18   -0.0155602  4.92854e-18    0.0172759  1.14942e-17    0.0442441 -5.89553e-19    0.0326176 -2.05785e-17   0.00942816 -1.56301e-17   0.00058444
 6.15669e-20 -0.000359344  7.82051e-20 -8.23129e-05 -1.94492e-18   0.00389473 -3.58463e-18   0.00131658 -3.30177e-18   -0.0142803 -3.88862e-18   -0.0123144  1.38349e-18    0.0241884 -5.89553e-19    0.0516068 -2.05172e-17    0.0379091 -2.65974e-17    0.0113667 -8.59268e-18
 -4.3373e-06  1.47648e-19 -0.000416647  8.25085e-20  0.000312244 -1.60441e-18   0.00365122 -4.00371e-18 -0.000794041 -7.98902e-18   -0.0145614 -9.53082e-18  -0.00649098 -8.19629e-18    0.0326176 -2.05172e-17    0.0547197 -3.39544e-17    0.0340418 -2.07058e-17   0.00674334
 1.30322e-20 -3.52851e-05  2.07158e-19 -0.000372786  1.93208e-19  0.000674475 -1.03989e-18   0.00290283 -4.84229e-18  -0.00291585 -1.12215e-17   -0.0128044 -1.44678e-17   0.00182417 -2.05785e-17    0.0379091 -3.39544e-17    0.0471982 -3.05656e-17    0.0210559 -8.80649e-18
 8.64326e-06  2.52241e-20 -6.39895e-05  2.25201e-19 -0.000238531  3.77476e-19  0.000854275 -6.83229e-19   0.00168138 -5.31288e-18  -0.00418029 -1.19054e-17  -0.00835495 -1.74625e-17   0.00942816 -2.65974e-17    0.0340418 -3.05656e-17    0.0295651 -1.61397e-17   0.00740162
-2.14005e-21  6.13309e-06  2.61962e-20 -6.71098e-05  2.11743e-19 -7.31542e-05  4.43634e-19  0.000724474 -6.08764e-19  0.000403601  -4.6415e-18  -0.00368894 -9.91508e-18  -0.00276882 -1.56301e-17    0.0113667 -2.07058e-17    0.0210559 -1.61397e-17    0.0116429 -4.31806e-18
 8.25434e-07 -2.37505e-21  3.99586e-07  1.84657e-20 -3.92826e-05  1.52589e-19  2.70968e-05  2.82185e-19   0.00035064 -5.04242e-19 -0.000255464 -2.79453e-18  -0.00176904 -5.71782e-18   0.00058444 -8.59268e-18   0.00674334 -8.80649e-18   0.00740162 -4.31806e-18    0.0021365
