 9.69994e-13 -1.15917e-23 -3.07749e-11  1.19223e-22  3.84857e-10 -7.64889e-22  -2.9074e-09  2.86868e-21  1.51267e-08 -5.70302e-21 -5.71149e-08  3.81778e-22   1.5777e-07  3.25506e-20 -3.05321e-07 -9.55674e-20  3.47125e-07  1.30969e-19 -4.49573e-08 -7.66044e-20 -7.84335e-08
-1.15917e-23  4.38563e-11  4.57059e-23 -7.91174e-10 -1.02837e-21  7.50997e-09  7.13478e-21 -4.66644e-08 -3.53133e-20  2.06301e-07  1.24296e-19 -6.68053e-07 -3.18834e-19  1.56315e-06  5.92245e-19 -2.42702e-06 -7.76052e-19  1.73756e-06  6.96618e-19  1.03651e-06 -4.27715e-19
-3.07749e-11  4.57059e-23  9.79053e-10  5.43233e-22 -1.22777e-08 -4.07299e-21  9.30146e-08  1.95616e-20 -4.85317e-07 -6.58238e-20  1.83746e-06  1.51779e-19 -5.08724e-06 -2.37364e-19  9.85076e-06   2.4344e-19 -1.11166e-05 -1.94008e-19  1.02076e-06  2.13034e-19  2.51166e-06
 1.19223e-22 -7.91174e-10  5.43233e-22  1.43117e-08  1.54965e-22 -1.36224e-07  6.61702e-21  8.48804e-07 -3.74688e-20  -3.7628e-06  1.59672e-19  1.22156e-05 -4.76322e-19 -2.86349e-05  9.95702e-19  4.44272e-05 -1.42644e-18 -3.12579e-05  1.33327e-18 -2.07092e-05 -8.57629e-19
 3.84857e-10 -1.02837e-21 -1.22777e-08  1.54965e-22  1.54405e-07 -5.97251e-21 -1.17314e-06  3.70654e-20  6.13877e-06 -1.40282e-19 -2.33068e-05  4.00807e-19  6.46759e-05 -8.09574e-19   -0.0001253  1.15007e-18  0.000140253 -1.14203e-18 -7.10584e-06  7.81202e-19 -3.14627e-05
-7.64889e-22  7.50997e-09 -4.07299e-21 -1.36224e-07 -5.97251e-21  1.30026e-06 -6.68577e-21 -8.12463e-06 -1.52111e-21  3.61166e-05  1.39227e-20 -0.000117548 -8.30571e-20  0.000276046  3.15391e-19 -0.000427935 -6.86081e-19  0.000295584  1.01622e-18  0.000216826 -8.04518e-19
 -2.9074e-09  7.13478e-21  9.30146e-08  6.61702e-21 -1.17314e-06 -6.68577e-21   8.9395e-06  2.21773e-20 -4.69162e-05 -8.97296e-20  0.000178627   1.3946e-19  -0.00049683 -1.83994e-19  0.000962932  2.84201e-19  -0.00106834  -6.3386e-19  6.35118e-06   1.2909e-18   0.00023608
 2.86868e-21 -4.66644e-08  1.95616e-20  8.48804e-07  3.70654e-20 -8.12463e-06  2.21773e-20  5.09098e-05  1.72913e-20 -0.000226937  1.59763e-19  0.000740482 -7.82236e-19  -0.00174205  1.67204e-18   0.00269814 -2.05062e-18  -0.00182798  6.72221e-19  -0.00147939  1.67496e-19
 1.51267e-08 -3.53133e-20 -4.85317e-07 -3.74688e-20  6.13877e-06 -1.52111e-21 -4.69162e-05  1.72913e-20  0.000246951 -1.17599e-19  -0.00094288  9.64014e-19   0.00262848 -2.56681e-18  -0.00509605    3.917e-18   0.00560087 -3.08562e-18  0.000233031 -5.42503e-19  -0.00120978
-5.70302e-21  2.06301e-07 -6.58238e-20  -3.7628e-06 -1.40282e-19  3.61166e-05 -8.97296e-20 -0.000226937 -1.17599e-19   0.00101434 -3.96507e-19  -0.00331792  2.15919e-18   0.00781922  -4.2045e-18   -0.0120993  4.93832e-18    0.0080372 -2.45279e-18   0.00713638 -1.78057e-18
-5.71149e-08  1.24296e-19  1.83746e-06  1.59672e-19 -2.33068e-05  1.39227e-20  0.000178627  1.59763e-19  -0.00094288 -3.96507e-19   0.00360963  -8.5329e-19   -0.0100842    3.036e-18    0.0195562 -4.41785e-18   -0.0212946  4.23518e-18  -0.00189016 -2.42862e-18   0.00447979
 3.81778e-22 -6.68053e-07  1.51779e-19  1.22156e-05  4.00807e-19 -0.000117548   1.3946e-19  0.000740482  9.64014e-19  -0.00331792  -8.5329e-19    0.0108774 -1.05118e-18   -0.0256745  1.99723e-18     0.039693 -1.96539e-18   -0.0258839  2.18676e-18   -0.0249266 -1.73546e-18
  1.5777e-07 -3.18834e-19 -5.08724e-06 -4.76322e-19  6.46759e-05 -8.30571e-20  -0.00049683 -7.82236e-19   0.00262848  2.15919e-18   -0.0100842 -1.05118e-18    0.0282213 -3.25865e-19    -0.054746 -7.78905e-19    0.0592064  1.19375e-18   0.00735003  1.29278e-18    -0.012324
 3.25506e-20  1.56315e-06 -2.37364e-19 -2.86349e-05 -8.09574e-19  0.000276046 -1.83994e-19  -0.00174205 -2.56681e-18   0.00781922    3.036e-18   -0.0256745 -3.25865e-19    0.0606675  7.39914e-19   -0.0937431 -2.70855e-18    0.0603846  2.21578e-18    0.0612182  1.06817e-18
-3.05321e-07  5.92245e-19  9.85076e-06  9.95702e-19   -0.0001253  3.15391e-19  0.000962932  1.67204e-18  -0.00509605  -4.2045e-18    0.0195562  1.99723e-18    -0.054746  7.39914e-19     0.106291  1.29377e-18    -0.115471 -2.99616e-18   -0.0120666  6.85503e-19    0.0260889
-9.55674e-20 -2.42702e-06   2.4344e-19  4.44272e-05  1.15007e-18 -0.000427935  2.84201e-19   0.00269814    3.917e-18   -0.0120993 -4.41785e-18     0.039693 -7.78905e-19   -0.0937431  1.29377e-18     0.145002  1.40089e-18   -0.0946575 -3.22824e-18   -0.0908771 -8.56727e-19
 3.47125e-07 -7.76052e-19 -1.11166e-05 -1.42644e-18  0.000140253 -6.86081e-19  -0.00106834 -2.05062e-18   0.00560087  4.93832e-18   -0.0212946 -1.96539e-18    0.0592064 -2.70855e-18    -0.115471  1.40089e-18      0.13397  1.19693e-18   -0.0267241 -2.40743e-18   -0.0475634
 1.30969e-19  1.73756e-06 -1.94008e-19 -3.12579e-05 -1.14203e-18  0.000295584  -6.3386e-19  -0.00182798 -3.08562e-18    0.0080372  4.23518e-18   -0.0258839  1.19375e-18    0.0603846 -2.99616e-18   -0.0946575  1.19693e-18    0.0744669  2.38348e-18    0.0202438  -1.6429e-21
-4.49573e-08  6.96618e-19  1.02076e-06  1.33327e-18 -7.10584e-06  1.01622e-18  6.35118e-06  6.72221e-19  0.000233031 -2.45279e-18  -0.00189016  2.18676e-18   0.00735003  2.21578e-18   -0.0120666 -3.22824e-18   -0.0267241  2.38348e-18     0.188346  4.38615e-18    0.0829739
-7.66044e-20  1.03651e-06  2.13034e-19 -2.07092e-05  7.81202e-19  0.000216826   1.2909e-18  -0.00147939 -5.42503e-19   0.00713638 -2.42862e-18   -0.0249266  1.29278e-18    0.0612182  6.85503e-19   -0.0908771 -2.40743e-18    0.0202438  4.38615e-18     0.177569  2.99574e-18
-7.84335e-08 -4.27715e-19  2.51166e-06 -8.57629e-19 -3.14627e-05 -8.04518e-19   0.00023608  1.67496e-19  -0.00120978 -1.78057e-18   0.00447979 -1.73546e-18    -0.012324  1.06817e-18    0.0260889 -8.56727e-19   -0.0475634  -1.6429e-21    0.0829739  2.99574e-18    0.0696563
