 8.84302e-05 -1.56211e-19  -0.00061541  1.37941e-18    0.0014056 -3.34911e-18  -0.00145122  4.06597e-18  0.000509796 -2.98371e-18  0.000252618  1.40208e-18 -0.000221022  -3.1388e-19 -7.92275e-06  -6.6039e-20  3.51212e-05  4.77348e-20 -2.69435e-06 -3.37674e-21 -9.74441e-07
-1.56211e-19  0.000918829 -8.00151e-19  -0.00341392  4.70155e-18   0.00539312 -8.36822e-18  -0.00379784  7.97304e-18  0.000287059 -5.15293e-18   0.00111923  2.30545e-18 -0.000403146 -3.53529e-19 -0.000137136 -2.15829e-19  7.33303e-05  7.98321e-20  1.93914e-06 -1.74367e-21
 -0.00061541 -8.00151e-19   0.00445521 -2.28283e-18   -0.0107767  9.23753e-18    0.0121981 -1.20066e-17  -0.00538941  9.64473e-18  -0.00161088   -6.697e-18   0.00232507  3.23444e-18 -0.000269887 -3.20014e-19 -0.000355891 -3.38069e-19  8.31153e-05  7.24454e-20  6.73638e-06
 1.37941e-18  -0.00341392 -2.28283e-18    0.0134239 -4.09131e-18   -0.0230781   1.0793e-17    0.0188874 -9.53262e-18  -0.00382471  8.18602e-18  -0.00500519 -8.11681e-18   0.00308008   4.0788e-18  0.000256844 -1.72303e-19 -0.000538337 -3.66097e-19  5.97899e-05   3.5895e-20
   0.0014056  4.70155e-18   -0.0107767 -4.09131e-18    0.0283105  -4.2427e-18   -0.0364187   4.3257e-18    0.0211819  8.66252e-20   0.00134909   5.5101e-18  -0.00841158 -9.65149e-18   0.00288238  4.37854e-18  0.000931331  6.26982e-20 -0.000591143 -2.70021e-19  2.88326e-05
-3.34911e-18   0.00539312  9.23753e-18   -0.0230781  -4.2427e-18    0.0448399 -5.44098e-19   -0.0448239 -1.06029e-17    0.0174257  1.23356e-17   0.00805982  4.10115e-18   -0.0104568 -1.07331e-17   0.00193935  3.87349e-18   0.00144042   2.3986e-19 -0.000513283 -1.07308e-19
 -0.00145122 -8.36822e-18    0.0121981   1.0793e-17   -0.0364187 -5.44098e-19    0.0563487  7.02771e-18   -0.0453784 -2.84166e-17   0.00988135  2.13065e-17    0.0137816  4.49942e-18   -0.0109146 -1.05583e-17  0.000821243  2.71308e-18   0.00161858  1.96642e-19 -0.000338439
 4.06597e-18  -0.00379784 -1.20066e-17    0.0188874   4.3257e-18   -0.0448239  7.02771e-18    0.0593782  1.58657e-17   -0.0402074 -4.21191e-17   0.00213168  2.43372e-17    0.0174366  5.51611e-18   -0.0104163 -8.79058e-18 -8.40553e-06  1.22353e-18   0.00143056  1.41583e-19
 0.000509796  7.97304e-18  -0.00538941 -9.53262e-18    0.0211819 -1.06029e-17   -0.0453784  1.58657e-17    0.0559413  2.27727e-17   -0.0335715 -4.79799e-17   -0.0037387  2.23091e-17    0.0193737  5.98557e-18  -0.00968832  -5.7016e-18 -0.000316894  3.47468e-19  0.000886359
-2.98371e-18  0.000287059  9.64473e-18  -0.00382471  8.66252e-20    0.0174257 -2.84166e-17   -0.0402074  2.27727e-17    0.0505226  2.59336e-17   -0.0283527 -4.61892e-17  -0.00753843  1.72772e-17    0.0203748   5.1174e-18  -0.00918233 -1.00068e-18 -4.47064e-05 -1.87857e-18
 0.000252618 -5.15293e-18  -0.00161088  8.18602e-18   0.00134909  1.23356e-17   0.00988135 -4.21191e-17   -0.0335715  2.59336e-17     0.046306  2.52656e-17   -0.0252769  -3.8841e-17  -0.00986715   1.0374e-17    0.0209975  3.36647e-18  -0.00902488  2.40117e-19  0.000509383
 1.40208e-18   0.00111923   -6.697e-18  -0.00500519   5.5101e-18   0.00805982  2.13065e-17   0.00213168 -4.79799e-17   -0.0283527  2.52656e-17    0.0442432  2.17752e-17   -0.0240318 -2.78025e-17    -0.011214  3.62204e-18    0.0213531 -5.47093e-18  -0.00871377    1.608e-17
-0.000221022  2.30545e-18   0.00232507 -8.11681e-18  -0.00841158  4.10115e-18    0.0137816  2.43372e-17   -0.0037387 -4.61892e-17   -0.0252769  2.17752e-17    0.0441647  1.58543e-17   -0.0243182 -1.03381e-17   -0.0115672 -9.83409e-18    0.0206505  6.11162e-18  -0.00658488
 -3.1388e-19 -0.000403146  3.23444e-18   0.00308008 -9.65149e-18   -0.0104568  4.49942e-18    0.0174366  2.23091e-17  -0.00753843  -3.8841e-17   -0.0240318  1.58543e-17    0.0458802  8.67605e-18   -0.0263548  5.63354e-18  -0.00982955  1.06321e-17    0.0165466 -7.52861e-17
-7.92275e-06 -3.53529e-19 -0.000269887   4.0788e-18   0.00288238 -1.07331e-17   -0.0109146  5.51611e-18    0.0193737  1.72772e-17  -0.00986715 -2.78025e-17   -0.0243182  8.67605e-18    0.0497238 -1.18328e-17   -0.0315335  5.55335e-17  -0.00312833 -5.88576e-17   0.00752888
 -6.6039e-20 -0.000137136 -3.20014e-19  0.000256844  4.37854e-18   0.00193935 -1.05583e-17   -0.0104163  5.98557e-18    0.0203748   1.0374e-17    -0.011214 -1.03381e-17   -0.0263548 -1.18328e-17    0.0572298  3.95346e-18   -0.0430679 -4.97316e-17   0.00992377  2.56322e-16
 3.51212e-05 -2.15829e-19 -0.000355891 -1.72303e-19  0.000931331  3.87349e-18  0.000821243 -8.79058e-18  -0.00968832   5.1174e-18    0.0209975  3.62204e-18   -0.0115672  5.63354e-18   -0.0315335  3.95346e-18    0.0717493 -1.08024e-16   -0.0619501  1.89381e-16    0.0192759
 4.77348e-20  7.33303e-05 -3.38069e-19 -0.000538337  6.26982e-20   0.00144042  2.71308e-18 -8.40553e-06  -5.7016e-18  -0.00918233  3.36647e-18    0.0213531 -9.83409e-18  -0.00982955  5.55335e-17   -0.0430679 -1.08024e-16    0.0940815  2.39942e-16   -0.0746707 -6.18229e-16
-2.69435e-06  7.98321e-20  8.31153e-05 -3.66097e-19 -0.000591143   2.3986e-19   0.00161858  1.22353e-18 -0.000316894 -1.00068e-18  -0.00902488 -5.47093e-18    0.0206505  1.06321e-17  -0.00312833 -4.97316e-17   -0.0619501  2.39942e-16     0.109238 -4.61258e-16   -0.0555745
-3.37674e-21  1.93914e-06  7.24454e-20  5.97899e-05 -2.70021e-19 -0.000513283  1.96642e-19   0.00143056  3.47468e-19 -4.47064e-05  2.40117e-19  -0.00871377  6.11162e-18    0.0165466 -5.88576e-17   0.00992377  1.89381e-16   -0.0746707 -4.61258e-16    0.0883815  8.71137e-16
-9.74441e-07 -1.74367e-21  6.73638e-06   3.5895e-20  2.88326e-05 -1.07308e-19 -0.000338439  1.41583e-19  0.000886359 -1.87857e-18  0.000509383    1.608e-17  -0.00658488 -7.52861e-17   0.00752888  2.56322e-16    0.0192759 -6.18229e-16   -0.0555745  8.71137e-16    0.0347741
