 7.11446e-36 -8.99654e-52 -1.00118e-35 -3.86672e-51 -2.41772e-36  4.05933e-50  6.71612e-36  1.15954e-49 -1.65363e-36  3.19624e-49 -4.72202e-36  2.77039e-48  4.22182e-36  1.78729e-47 -4.25035e-36  1.22926e-46 -4.90103e-37   7.1656e-46  1.75738e-36 -1.83128e-46 -5.31303e-37  8.64288e-46  1.84382e-37  4.23698e-45 -1.32356e-37  1.46731e-44  3.12716e-38  2.28194e-44  2.65018e-38 -4.93649e-44 -1.90251e-38 -8.86326e-44 -6.50799e-39 -2.88969e-44  1.03652e-38  6.24817e-44  4.37177e-38 -2.73529e-43 -2.32554e-37 -7.76752e-44  9.69308e-37 -9.08588e-44  -3.6757e-36 -2.25263e-43  1.27479e-35 -2.43973e-44 -4.03574e-35 -4.71641e-43  1.16473e-34  1.85047e-42  -3.0596e-34 -5.67066e-42  7.29973e-34  1.75905e-41 -1.57726e-33 -5.11291e-41   3.0749e-33  1.37939e-40 -5.38241e-33 -3.47623e-40   8.4058e-33  8.17402e-40 -1.16133e-32 -1.79274e-39  1.40291e-32  3.66526e-39 -1.45685e-32 -6.98055e-39  1.26592e-32  1.23727e-38 -8.76342e-33 -2.03869e-38  4.30279e-33  3.11876e-38 -8.70851e-34 -4.42292e-38 -7.26443e-34  5.80496e-38  8.11719e-34  -7.0378e-38 -3.13955e-34  7.86554e-38 -4.35368e-35 -8.08578e-38  1.00327e-34  7.62835e-38 -3.15094e-35 -6.59001e-38 -1.04719e-35  5.20258e-38  9.18477e-36 -3.74786e-38 -2.37237e-37  2.46225e-38  -1.5245e-36 -1.47645e-38  3.52114e-37  8.10108e-39  7.79931e-38 -4.08348e-39  2.83545e-39  1.89845e-39 -3.04056e-38  -8.1479e-40  9.68244e-39  3.20945e-40 -1.39511e-39 -1.14316e-40  6.02924e-40  3.59694e-41 -2.68707e-40 -9.70725e-42  6.57459e-41  2.17191e-42 -1.51231e-41  -3.8742e-43   3.4863e-42  5.24831e-44 -5.38935e-43 -5.03935e-45  5.06681e-44  3.04432e-46 -2.65531e-45  -8.7609e-48  3.68445e-47  2.58196e-50
-8.99654e-52  2.50668e-35 -2.42786e-51 -1.98829e-35  -1.2097e-49 -5.62737e-36  7.00904e-49  8.70719e-36   6.0157e-49  2.83134e-36  6.91252e-48 -1.74538e-35  1.74543e-47  1.73139e-35   2.7016e-46 -1.10383e-35  1.58585e-45 -2.82625e-36  7.06199e-45  4.60297e-36 -6.78993e-46 -1.53456e-36  1.22116e-44   7.9989e-37  3.28499e-44 -3.50894e-37  1.15397e-43 -2.94839e-38  1.49693e-43  1.49779e-37 -3.07121e-43 -9.87393e-38 -6.59202e-43  4.88101e-38 -2.34242e-43 -3.26505e-37  2.82698e-43  1.82724e-36 -1.60412e-42 -8.03757e-36 -6.29247e-43  3.19945e-35 -2.75725e-43 -1.16209e-34 -2.01057e-42  3.85326e-34  1.68922e-42 -1.16544e-33 -8.89105e-42  3.21115e-33  3.13912e-41 -8.04536e-33 -9.83815e-41  1.82833e-32    2.951e-40 -3.75631e-32 -8.26884e-40  6.94716e-32  2.15833e-39 -1.15021e-31 -5.25896e-39  1.69231e-31   1.1955e-38  -2.1908e-31 -2.53433e-38   2.4606e-31  5.00661e-38 -2.34728e-31  -9.2092e-38  1.83487e-31  1.57558e-37 -1.09256e-31  -2.5041e-37  3.97335e-32  3.69165e-37  3.11452e-33 -5.03978e-37 -1.54927e-32  6.35901e-37   9.8098e-33 -7.39966e-37 -1.55551e-33  7.92199e-37 -1.76719e-33 -7.78245e-37  1.17715e-33  6.99584e-37 -5.29304e-35 -5.73794e-37 -2.26605e-34  4.28222e-37  7.02314e-35 -2.90122e-37   2.3588e-35  1.78212e-37 -1.50537e-35 -9.93062e-38 -6.85456e-37  5.03655e-38   1.3303e-36 -2.34011e-38  2.86076e-37   1.0045e-38 -2.49152e-37 -4.00749e-39  2.58884e-38  1.48124e-39  2.46272e-40   -4.987e-40  3.17742e-39  1.48487e-40 -1.02795e-39 -3.76803e-41  1.56805e-40  7.82482e-42 -4.73566e-41 -1.27162e-42  1.18718e-41  1.53185e-43 -1.56875e-42 -1.26566e-44  1.31428e-43  6.23186e-46 -5.92927e-45 -1.27419e-47  5.20523e-47
-1.00118e-35 -2.42786e-51  5.13425e-35  3.22281e-50 -3.05268e-35 -1.50984e-48 -6.18353e-36  7.66064e-48  9.46242e-36 -3.66733e-48  1.12472e-35   9.0925e-47 -3.96563e-35   3.3847e-48  3.90762e-35  2.61172e-45  -1.7798e-35  1.37305e-44 -7.21261e-36  4.73659e-44  7.87749e-36  3.99807e-45 -3.09822e-36  9.98439e-44  1.94458e-36  1.84567e-43  -5.5503e-37  6.13365e-43 -2.25106e-37  6.64106e-43  4.70114e-37 -1.23648e-42  -6.0396e-37 -3.45586e-42  1.95833e-36 -1.19575e-42 -9.95441e-36  8.00619e-43  4.59566e-35  -6.5827e-42 -1.91548e-34  -3.2686e-42  7.28571e-34  9.26305e-43 -2.52991e-33 -1.50044e-41  8.01672e-33  2.98644e-41 -2.31586e-32 -1.14234e-40  6.08948e-32   3.8244e-40 -1.45432e-31 -1.17886e-39  3.14561e-31  3.41773e-39 -6.13873e-31 -9.25104e-39  1.07562e-30  2.33577e-38 -1.68141e-30 -5.50414e-38  2.32495e-30  1.20995e-37 -2.81035e-30 -2.47975e-37  2.91912e-30  4.73453e-37 -2.53529e-30 -8.41306e-37  1.75129e-30  1.38972e-36 -8.53694e-31 -2.13106e-36  1.64479e-31  3.02864e-36  1.53498e-31 -3.98168e-36 -1.66241e-31  4.83189e-36   6.2781e-32 -5.39927e-36  1.01742e-32  5.54016e-36 -2.10086e-32 -5.20405e-36  6.38087e-33   4.4599e-36  2.31255e-33 -3.47459e-36 -1.95121e-33  2.45173e-36  5.78067e-35 -1.56151e-36  3.00916e-34  8.95416e-37 -5.29447e-35 -4.62073e-37 -2.96158e-35  2.15296e-37  5.47191e-36 -9.13827e-38  3.83558e-36  3.58486e-38 -9.61861e-37 -1.31863e-38 -1.08133e-37  4.55891e-39   3.7649e-39 -1.45266e-39  1.54195e-38  4.10206e-40 -1.42872e-39  -9.7853e-41  3.85051e-41  1.87726e-41  -1.1701e-40 -2.75222e-42  2.56615e-41  2.90295e-43 -2.74544e-42 -2.01754e-44  2.21313e-43   7.7736e-46 -7.39239e-45 -9.55895e-48
-3.86672e-51 -1.98829e-35  3.22281e-50  8.57717e-35  4.77314e-49 -5.08273e-35 -1.42371e-47 -2.30708e-36  6.55372e-47  1.44796e-35 -1.02854e-46   2.0536e-35    8.681e-46 -6.83515e-35 -9.29361e-46  6.29835e-35  1.91076e-44 -2.01128e-35  9.19638e-44 -1.28399e-35  2.49282e-43  1.04424e-35  7.27435e-44 -4.95447e-36  5.94974e-43  3.12408e-36  8.68727e-43 -4.57537e-37  2.54259e-42 -6.83102e-37  2.31677e-42  2.24963e-36 -3.52804e-42 -8.81644e-36 -1.46849e-41  4.35854e-35 -4.52282e-42 -2.08661e-34  1.46415e-42  9.10947e-34 -2.14529e-41  -3.6275e-33  -1.4932e-41  1.31895e-32  2.13314e-41 -4.37775e-32 -1.15904e-40  1.32541e-31  3.34257e-40 -3.65575e-31 -1.16616e-39  9.16917e-31  3.75603e-39 -2.08603e-30 -1.12525e-38  4.29058e-30   3.1543e-38  -7.9442e-30 -8.25524e-38  1.31673e-29  2.01631e-37 -1.93931e-29 -4.59586e-37   2.5128e-29  9.77091e-37 -2.82405e-29 -1.93629e-36  2.69437e-29  3.57351e-36 -2.10433e-29 -6.13539e-36  1.24861e-29  9.78709e-36 -4.47455e-30 -1.44832e-35 -4.45585e-31  1.98475e-35  1.83556e-30 -2.51349e-35 -1.14182e-30  2.93461e-35  1.68594e-31 -3.15023e-35  2.15604e-31  3.09959e-35 -1.39671e-31 -2.78551e-35  4.83758e-33  2.27729e-35  2.76191e-32 -1.68628e-35 -8.34525e-33  1.12557e-35 -2.87762e-33 -6.73962e-36  1.72584e-33  3.60452e-36  1.75551e-34 -1.71768e-36 -2.07439e-34   7.3075e-37 -1.67456e-35 -2.80409e-37   2.2823e-35  9.91886e-38 -1.91134e-37 -3.32664e-38 -9.42621e-37  1.07241e-38 -1.37473e-37 -3.24718e-39   4.6422e-38  8.73814e-40  5.50656e-39  -1.9599e-40 -3.77059e-40  3.45093e-41 -2.73484e-40 -4.50125e-42  3.37212e-41  4.06758e-43  -3.4803e-42 -2.30215e-44  2.82365e-43  6.46204e-46 -4.82956e-45
-2.41772e-36  -1.2097e-49 -3.05268e-35  4.77314e-49  1.38283e-34  3.96956e-48 -9.33973e-35 -1.13561e-46  6.33894e-36  4.71553e-46  2.73301e-35  -1.1544e-45  2.84539e-35  6.54357e-45 -9.71728e-35 -1.03472e-44  7.94862e-35  1.13607e-43 -1.50252e-35  5.06941e-43 -1.80695e-35  1.08988e-42  1.17698e-35  5.80951e-43 -6.71293e-36  2.83708e-42   3.3133e-36  3.62058e-42  7.82721e-37  8.69677e-42 -5.33302e-36  6.82814e-42  3.02628e-35 -6.38072e-42 -1.60268e-34 -5.34097e-41  7.98604e-34 -1.33811e-41 -3.64848e-33  3.54257e-43  1.52125e-32 -5.44442e-41 -5.79126e-32 -7.84653e-41    2.013e-31  2.20924e-40  -6.3855e-31 -9.19327e-40  1.84667e-30  3.01466e-39  -4.8613e-30   -1.005e-38  1.16237e-29  3.12618e-38 -2.51719e-29 -9.07106e-38  4.91839e-29  2.45935e-37 -8.62856e-29  -6.2257e-37  1.35043e-28  1.47108e-36 -1.86937e-28 -3.24364e-36   2.2618e-28  6.67005e-36 -2.35081e-28 -1.27818e-35  2.04163e-28  2.28037e-35 -1.40812e-28 -3.78322e-35  6.82124e-29  5.82842e-35 -1.25237e-29 -8.32449e-35 -1.29845e-29  1.10014e-34  1.36972e-29  -1.3423e-34 -5.06527e-30  1.50815e-34 -9.31176e-31 -1.55574e-34   1.7683e-30  1.46838e-34 -5.22616e-31 -1.26307e-34 -2.01959e-31   9.8565e-35  1.64508e-31 -6.94154e-35 -3.39601e-33  4.38588e-35 -2.57158e-32 -2.47004e-35  4.02769e-33  1.23172e-35  2.86198e-33 -5.40849e-36 -5.90998e-34  2.08837e-36 -2.83968e-34 -7.15661e-37   6.2379e-35  2.24113e-37   1.6147e-35 -6.74232e-38 -1.74187e-36  2.02157e-38 -1.03532e-36 -5.87359e-39  1.43081e-38  1.52026e-39  3.31777e-38 -3.20829e-40  8.48136e-40  5.13473e-41 -4.32651e-40 -5.83828e-42  1.47728e-41  4.37699e-43 -4.29394e-42 -1.91855e-44  2.55765e-43  3.30451e-46
 4.05933e-50 -5.62737e-36 -1.50984e-48 -5.08273e-35  3.96956e-48  2.22333e-34  2.53022e-47 -1.65219e-34 -7.94615e-46  1.73534e-35  2.95762e-45  4.80908e-35 -9.19365e-45   3.4737e-35  4.09411e-44 -1.18789e-34 -7.38581e-44  8.09425e-35  5.71517e-43 -3.16857e-36  2.38556e-42 -2.11853e-35  4.07997e-42  1.25207e-35  3.33747e-42 -7.92436e-36  1.13787e-41 -6.44271e-38  1.36991e-41  1.48621e-35  2.52216e-41 -8.78937e-35  1.79304e-41  5.07591e-34  8.00542e-44 -2.65726e-33 -1.71172e-40  1.27096e-32 -3.01233e-41 -5.54884e-32 -1.69902e-41  2.21171e-31 -6.71133e-41    -8.05e-31 -5.12661e-40   2.6748e-30  1.85044e-39 -8.10755e-30   -6.992e-39  2.23891e-29  2.34659e-38 -5.62253e-29 -7.55131e-38   1.2808e-28  2.27087e-37 -2.63786e-28 -6.37596e-37  4.89069e-28  1.67217e-36 -8.11704e-28 -4.09501e-36  1.19705e-27   9.3613e-36 -1.55291e-27  -1.9968e-35    1.747e-27  3.97159e-35 -1.66774e-27 -7.35971e-35  1.30208e-27  1.26931e-34 -7.70483e-28 -2.03485e-34  2.72477e-28  3.02764e-34  3.26511e-29 -4.17363e-34 -1.17187e-28  5.31947e-34  7.18208e-29 -6.25357e-34 -9.91633e-30  6.76222e-34 -1.41321e-29 -6.70433e-34  8.94927e-30  6.07157e-34 -2.29526e-31 -5.00065e-34 -1.81058e-30  3.72655e-34  5.30631e-31 -2.49759e-34  1.95926e-31  1.49479e-34 -1.12497e-31 -7.92293e-35 -1.36759e-32  3.68423e-35  1.45854e-32 -1.48843e-35  8.63927e-34  5.18642e-36 -1.39878e-33 -1.56417e-36 -4.22266e-35  4.22191e-37  7.55296e-35 -1.10916e-37  8.26604e-36  3.09216e-38 -3.02724e-36 -8.81464e-39 -4.59712e-37    2.232e-39  6.10514e-38 -4.43552e-40  7.43658e-39  6.35714e-41 -1.11517e-43 -6.10833e-42 -1.79896e-41   3.6122e-43 -5.74913e-42 -1.12234e-44  1.20287e-43
 6.71612e-36  7.00904e-49 -6.18353e-36 -1.42371e-47 -9.33973e-35  2.53022e-47  3.42803e-34  1.30184e-46 -2.59901e-34 -4.95245e-45  2.35595e-35  1.64875e-44  7.43213e-35 -5.86155e-44  4.03952e-35  2.19792e-43 -1.27125e-34  -4.1237e-43  6.52406e-35  2.49843e-42  1.11386e-35  9.82291e-42   -2.119e-35  1.33192e-41  1.38974e-35  1.54706e-41 -4.53013e-36   3.9584e-41 -3.69026e-35  4.75902e-41    2.371e-34  6.27145e-41 -1.42259e-33  4.39638e-41  7.83807e-33  5.77664e-41 -3.92913e-32 -4.93728e-40  1.79649e-31 -3.37454e-41 -7.49761e-31 -1.66471e-40  2.85733e-30  4.38871e-40 -9.94311e-30 -3.61875e-39  3.15784e-29  1.36596e-38 -9.14379e-29 -4.90714e-38  2.41022e-28  1.62209e-37 -5.77088e-28 -5.04783e-37  1.25148e-27  1.46793e-36 -2.44882e-27 -3.98703e-36  4.30238e-27  1.01152e-35 -6.74336e-27 -2.39644e-35  9.34789e-27  5.29994e-35 -1.13249e-26 -1.09359e-34  1.17826e-26  2.10378e-34 -1.02377e-26  -3.7697e-34  7.05485e-27  6.28461e-34 -3.39992e-27 -9.73473e-34   5.9614e-28  1.39877e-33   6.8116e-28 -1.86092e-33 -7.03178e-28  2.28726e-33  2.55452e-28 -2.59066e-33  5.19917e-29  2.69606e-33  -9.2622e-29 -2.56908e-33  2.67403e-29  2.23257e-33  1.09408e-29 -1.76096e-33 -8.65129e-30  1.25357e-33  9.55997e-32 -7.99917e-34   1.3894e-30  4.53769e-34 -2.05817e-31 -2.26513e-34 -1.60166e-31  9.82611e-35  3.32816e-32 -3.64879e-35  1.48962e-32  1.14099e-35 -3.02045e-33 -2.97391e-36 -1.01375e-33  6.62709e-37  1.09982e-34 -1.44164e-37   5.8548e-35  3.76417e-38 -1.25783e-36 -1.11011e-38 -1.76373e-36  2.83415e-39 -4.06177e-38 -5.30219e-40  1.33383e-38  6.64951e-41  1.61904e-39 -5.14199e-42   1.0248e-41  2.19919e-43 -5.38994e-42 -3.96487e-45
 1.15954e-49  8.70719e-36  7.66064e-48 -2.30708e-36 -1.13561e-46 -1.65219e-34  1.30184e-46  4.88912e-34  5.26627e-46 -3.57581e-34 -2.76834e-44  1.62602e-35   8.2556e-44  1.01627e-34 -3.14823e-43  4.62876e-35  1.03632e-42  -1.1908e-34 -1.93344e-42  3.65601e-35  9.67912e-42  2.16273e-35  3.60319e-41 -1.73611e-35  3.83732e-41  9.05496e-36  6.08562e-41  7.04227e-35  1.21944e-40 -5.72837e-34  1.52547e-40  3.60271e-33  1.33354e-40  -2.0793e-32  1.03978e-40  1.09294e-31   2.9795e-40 -5.23494e-31 -1.31465e-39  2.28785e-30  1.75137e-40 -9.12915e-30 -1.31839e-39  3.32663e-29  5.23702e-39 -1.10672e-28 -2.45767e-38   3.3589e-28  9.10385e-38 -9.28827e-28 -3.14723e-37  2.33586e-27  1.01161e-36 -5.32895e-27 -3.04445e-36   1.0992e-26  8.56139e-36 -2.04117e-26 -2.24916e-35  3.39313e-26  5.51964e-35 -5.01196e-26 -1.26502e-34  6.51185e-26  2.70636e-34 -7.33583e-26  -5.4015e-34  7.01026e-26  1.00492e-33 -5.47463e-26 -1.74098e-33   3.2335e-26  2.80528e-33 -1.13045e-26 -4.19798e-33 -1.56805e-27  5.82435e-33  5.07751e-27 -7.47703e-33 -3.07491e-27  8.86098e-33   3.9941e-28 -9.66808e-33  6.27176e-28  9.68165e-33 -3.90086e-28 -8.86599e-33  6.88236e-30  7.39282e-33  8.07257e-29 -5.58444e-33 -2.30618e-29  3.79805e-33 -9.05753e-30 -2.30817e-33  5.05109e-30  1.24163e-33  6.60494e-31 -5.84087e-34  -6.7229e-31   2.3649e-34  -3.8695e-32  -8.0665e-35   6.2481e-32  2.25107e-35   3.0466e-33 -4.95128e-36 -3.73256e-33  8.40223e-37 -3.80178e-34 -1.30498e-37  1.46252e-34  3.32809e-38   1.9991e-35 -1.17743e-38 -2.36273e-36  3.19065e-39 -4.00843e-37 -5.59567e-40 -8.92097e-39  5.92697e-41  2.98326e-39 -3.40428e-42  1.09574e-40  8.85211e-44 -1.80825e-42
-1.65363e-36   6.0157e-49  9.46242e-36  6.55372e-47  6.33894e-36 -7.94615e-46 -2.59901e-34  5.26627e-46  6.36381e-34  1.44741e-45 -4.33979e-34 -1.39311e-43 -7.90179e-36  3.73602e-43  1.24028e-34 -1.46495e-42  5.25248e-35   4.3647e-42 -9.55132e-35 -7.89888e-42  3.43894e-36  3.37506e-41   2.0945e-35  1.19345e-40  5.81495e-36  9.83774e-41 -1.38814e-34  2.09023e-40  1.22605e-33  3.37621e-40 -8.28196e-33  4.52165e-40  5.01412e-32  2.37435e-40 -2.76326e-31   2.3591e-40  1.38692e-30  1.07999e-39 -6.34835e-30 -3.39394e-39  2.65246e-29  1.97157e-39 -1.01206e-28 -9.32247e-39  3.52631e-28   3.8454e-38 -1.12142e-27  -1.5468e-37  3.25175e-27  5.54068e-37 -8.58404e-27 -1.84866e-36  2.05849e-26  5.75351e-36 -4.47127e-26 -1.67409e-35  8.76377e-26  4.55193e-35 -1.54237e-25 -1.15647e-34  2.42165e-25  2.74492e-34 -3.36279e-25 -6.08475e-34  4.08073e-25  1.25907e-33 -4.25187e-25 -2.43027e-33   3.6981e-25  4.37188e-33 -2.54802e-25 -7.32175e-33  1.22315e-25  1.14005e-32 -2.05549e-26 -1.64785e-32 -2.56422e-26  2.20705e-32  2.60216e-26 -2.73332e-32 -9.31874e-27  3.12243e-32 -2.05802e-27 -3.28092e-32  3.49449e-27  3.16066e-32 -9.89849e-28 -2.78083e-32 -4.25728e-28  2.22442e-32  3.29062e-28 -1.60898e-32 -1.09619e-30  1.04543e-32 -5.41957e-29 -6.05151e-33  7.77571e-30  3.08787e-33  6.35092e-30 -1.36957e-33 -1.30331e-30  5.17818e-34 -5.87855e-31  -1.6216e-34  1.13717e-31  4.01481e-35  4.29409e-32 -7.20423e-36 -4.69769e-33  7.62304e-37  -2.3694e-33 -2.42135e-38  5.57635e-35  1.22082e-38  6.78588e-35 -1.05214e-38  2.90775e-36  3.28203e-39 -6.51669e-37 -5.32259e-40 -7.25895e-38  4.52307e-41  1.02069e-39 -1.67732e-42  1.31434e-40  1.63465e-44
 3.19624e-49  2.83134e-36 -3.66733e-48  1.44796e-35  4.71553e-46  1.73534e-35 -4.95245e-45 -3.57581e-34  1.44741e-45  7.57199e-34  3.99815e-46 -4.72356e-34 -6.33039e-43 -4.37893e-35  1.53487e-42  1.35758e-34 -6.01174e-42  5.87677e-35  1.66292e-41 -6.09318e-35 -2.87798e-41 -2.19809e-35   1.0731e-40 -2.40793e-35  3.60686e-40  3.05474e-34  2.25822e-40 -2.42932e-33  6.38574e-40  1.73668e-32  8.49288e-40 -1.10684e-31   1.2404e-39  6.39875e-31  3.35667e-40 -3.36643e-30  4.70308e-40  1.61424e-29  3.41647e-39 -7.06297e-29 -9.39437e-39  2.82178e-28  1.39113e-38 -1.02959e-27 -5.97004e-38  3.42999e-27  2.39403e-37 -1.04252e-26  -8.9848e-37  2.88727e-26  3.10443e-36 -7.27277e-26 -1.00018e-35  1.66198e-25  3.00925e-35  -3.4342e-25  -8.4626e-35  6.38878e-25  2.22428e-34 -1.06402e-24 -5.46356e-34  1.57464e-24  1.25393e-33 -2.04973e-24 -2.68789e-33  2.31321e-24  5.37821e-33 -2.21393e-24 -1.00373e-32  1.73051e-24  1.74554e-32 -1.02118e-24 -2.82525e-32   3.5367e-25  4.24997e-32  5.50909e-26 -5.93193e-32 -1.65199e-25  7.66744e-32  9.91535e-26 -9.15764e-32 -1.22163e-26  1.00805e-31 -2.08638e-26 -1.01969e-31  1.28067e-26  9.44609e-32 -1.40357e-28  -7.9817e-32 -2.70853e-27  6.12264e-32  7.59897e-28 -4.23936e-32  3.12827e-28  2.63099e-32  -1.7132e-28 -1.45053e-32 -2.33657e-29   7.0219e-33  2.31515e-29 -2.93746e-33  1.39661e-30  1.03753e-33 -2.15876e-30 -2.98168e-34 -1.24006e-31  6.50628e-35  1.35229e-31 -9.03145e-36  1.32246e-32  1.82799e-37 -5.17144e-33  2.10257e-37 -7.14338e-34 -2.57955e-38  7.61851e-35 -7.98973e-39  1.64793e-35   3.1924e-39  1.96866e-37 -4.64877e-40 -1.09931e-37  2.96031e-41 -3.24892e-39 -5.38409e-43  2.92423e-41
-4.72202e-36  6.91252e-48  1.12472e-35 -1.02854e-46  2.73301e-35  2.95762e-45  2.35595e-35 -2.76834e-44 -4.33979e-34  3.99815e-46   8.3136e-34 -2.61012e-44 -4.70117e-34 -2.60576e-42  -8.1687e-35   5.7482e-42  1.34213e-34 -2.20256e-41  6.48159e-35  5.78631e-41 -2.56401e-35 -9.50701e-41  1.63064e-35  3.14616e-40 -5.61834e-34  1.00277e-39  4.52503e-33  4.66763e-40 -3.35431e-32  1.75796e-39    2.249e-31  1.95737e-39 -1.36507e-30  3.14661e-39  7.53099e-30  3.47752e-40 -3.78407e-29  5.15357e-40  1.73413e-28  1.08568e-38 -7.25462e-28 -3.18382e-38  2.77173e-27  8.54011e-38 -9.67113e-27 -3.50576e-37  3.08018e-26   1.3507e-36 -8.94561e-26 -4.83991e-36  2.36541e-25  1.61259e-35 -5.68229e-25 -5.01532e-35  1.23652e-24  1.45751e-34 -2.42825e-24 -3.95958e-34  4.28205e-24   1.0056e-33 -6.73691e-24 -2.38719e-33  9.37446e-24  5.29571e-33 -1.13991e-23 -1.09733e-32     1.19e-23  2.12246e-32 -1.03665e-23  -3.8288e-32   7.1473e-24  6.43496e-32 -3.42227e-24  -1.0063e-31  5.54042e-25    1.462e-31  7.46383e-25 -1.96986e-31 -7.47841e-25  2.45639e-31  2.65002e-25 -2.82824e-31  6.23912e-26  2.99864e-31 -1.02356e-25 -2.91864e-31  2.85987e-26  2.59861e-31  1.28104e-26 -2.10766e-31 -9.75272e-27  1.54959e-31 -2.05557e-29 -1.02661e-31   1.6408e-27  6.08333e-32  -2.3117e-28 -3.19371e-32 -1.94829e-28  1.46674e-32  3.95538e-29 -5.78841e-33  1.82569e-29  1.91058e-33 -3.45893e-30 -5.03626e-34 -1.37534e-30  9.61138e-35  1.51728e-31 -9.37259e-36  7.45752e-32 -1.11004e-36 -1.58511e-33   5.7517e-37 -2.16647e-33 -7.36839e-38 -1.08962e-34 -5.43992e-39  2.33438e-35  3.01465e-39  2.23312e-36 -3.76205e-40 -2.96813e-38  1.65466e-41 -3.95606e-39 -7.04075e-44
 2.77039e-48 -1.74538e-35   9.0925e-47   2.0536e-35  -1.1544e-45  4.80908e-35  1.64875e-44  1.62602e-35 -1.39311e-43 -4.72356e-34 -2.61012e-44  8.54273e-34 -2.07757e-43 -4.36926e-34 -9.75042e-42 -1.14471e-34  1.97107e-41  1.21231e-34 -7.26892e-41  7.66129e-35  1.85259e-40 -6.84193e-35 -2.88319e-40  8.37137e-34  8.58971e-40 -7.73504e-33  2.58105e-39   6.0026e-32    8.753e-40 -4.22728e-31  4.40263e-39  2.69534e-30  4.16421e-39  -1.5601e-29  7.34291e-39  8.21709e-29  4.82425e-40 -3.94491e-28 -2.32374e-39  1.72827e-27  3.94668e-38 -6.91416e-27 -1.36457e-37  2.52643e-26  4.83416e-37 -8.42949e-26 -1.91091e-36  2.56624e-25  7.06825e-36 -7.11943e-25 -2.43362e-35  1.79656e-24  7.81623e-35 -4.11333e-24 -2.34513e-34  8.51645e-24  6.57745e-34 -1.58765e-23 -1.72501e-33  2.64989e-23  4.23039e-33 -3.93028e-23 -9.69988e-33  5.12761e-23  2.07878e-32 -5.79959e-23 -4.16182e-32  5.56212e-23   7.7781e-32 -4.35453e-23 -1.35572e-31     2.57e-23  2.20125e-31 -8.83888e-24 -3.32473e-31 -1.50729e-24  4.66357e-31  4.27378e-24 -6.06348e-31 -2.55031e-24  7.29151e-31  3.01263e-25 -8.08953e-31  5.51099e-25  8.25679e-31 -3.35521e-25 -7.72831e-31  2.00368e-27  6.60909e-31  7.23858e-26 -5.14187e-31 -2.01065e-26  3.62093e-31 -8.54937e-27 -2.29382e-31  4.64245e-27  1.29714e-31  6.49923e-28 -6.48242e-32 -6.35991e-28  2.82408e-32 -4.00223e-29 -1.05157e-32  6.01201e-29  3.24455e-33  3.65908e-30 -7.84124e-34  -3.8598e-30  1.29695e-34 -3.72319e-31 -7.10509e-36  1.46486e-31   -3.173e-36  2.09613e-32  1.02495e-36 -2.17302e-33 -1.19131e-37 -4.99521e-34 -3.94125e-39 -3.86653e-36  2.76576e-39  3.10291e-36 -2.79211e-40  1.01422e-37  7.70009e-42 -7.11081e-40
 4.22182e-36  1.74543e-47 -3.96563e-35    8.681e-46  2.84539e-35 -9.19365e-45  7.43213e-35   8.2556e-44 -7.90179e-36 -6.33039e-43 -4.70117e-34 -2.07757e-43  8.36704e-34 -1.09745e-42 -3.87779e-34 -3.32905e-41 -1.41417e-34  6.21862e-41  9.39024e-35 -2.17515e-40  1.97072e-34  5.49014e-40 -1.24975e-33 -8.10757e-40  1.20464e-32  2.20263e-39 -9.96102e-32  6.18141e-39  7.37863e-31  1.51076e-39  -4.9444e-30  1.00967e-38  3.00422e-29   8.2671e-39 -1.65933e-28  1.54563e-38  8.34775e-28  3.64501e-39 -3.83051e-27 -2.50798e-38  1.60469e-26  1.71368e-37    -6.14e-26 -6.67064e-37  2.14573e-25  2.56887e-36 -6.84533e-25 -9.77172e-36  1.99155e-24  3.47176e-35  -5.2759e-24 -1.14992e-34  1.26989e-23   3.5573e-34 -2.76911e-23 -1.02859e-33  5.44971e-23  2.78137e-33   -9.632e-23 -7.03502e-33  1.51897e-22  1.66447e-32 -2.11878e-22 -3.68315e-32  2.58272e-22  7.61973e-32 -2.70271e-22 -1.47295e-31  2.35959e-22  2.65836e-31 -1.62933e-22 -4.47474e-31  7.79366e-23  7.01603e-31 -1.22392e-23 -1.02309e-30 -1.75795e-23    1.385e-30  1.74669e-23 -1.73699e-30 -6.14977e-24  2.01341e-30 -1.51816e-24  -2.1513e-30  2.43621e-24  2.11255e-30 -6.75617e-25 -1.90017e-30 -3.11737e-25  1.55958e-30  2.35626e-25  -1.1629e-30  1.23753e-27  7.83704e-31 -4.03565e-26 -4.74348e-31  5.65479e-27  2.55813e-31  4.85419e-27 -1.21638e-31 -9.83999e-28  5.02592e-32 -4.61883e-28 -1.76604e-32   8.7374e-29  5.09567e-33  3.54088e-29 -1.12883e-33 -3.94894e-30  1.60141e-34 -1.92591e-30 -1.55881e-36  3.82435e-32 -5.80853e-36  5.74056e-32  1.47091e-36  2.94616e-33 -1.49533e-37 -6.38571e-34 -3.73453e-39 -5.83529e-35  2.39605e-39  6.60107e-37 -1.83357e-40  1.10187e-37  2.66834e-42
 1.78729e-47  1.73139e-35   3.3847e-48 -6.83515e-35  6.54357e-45   3.4737e-35 -5.86155e-44  1.01627e-34  3.73602e-43 -4.37893e-35 -2.60576e-42 -4.36926e-34 -1.09745e-42  7.98949e-34 -4.65063e-42 -3.37172e-34 -1.04113e-40 -1.57696e-34  1.81488e-40 -7.58797e-35 -5.93054e-40  1.87953e-33  1.51336e-39 -1.75333e-32 -2.13085e-39  1.53452e-31   5.3432e-39 -1.19927e-30  1.38281e-38  8.45253e-30  2.47818e-39  -5.3944e-29  2.12616e-38  3.12598e-28  1.57588e-38  -1.6485e-27  2.71935e-38  7.92469e-27  2.94177e-38 -3.47672e-26 -1.63714e-37  1.39299e-25  8.32451e-37 -5.09811e-25 -3.36012e-36  1.70388e-24  1.29457e-35 -5.19657e-24 -4.73176e-35  1.44442e-23   1.6144e-34 -3.65229e-23 -5.14064e-34  8.37997e-23  1.52974e-33 -1.73893e-22 -4.25677e-33   3.2494e-22  1.10817e-32 -5.43685e-22 -2.69957e-32  8.08459e-22  6.15416e-32 -1.05754e-21 -1.31268e-31  1.19935e-21  2.61882e-31 -1.15325e-21 -4.88352e-31  9.04976e-22  8.50483e-31 -5.34797e-22 -1.38167e-30  1.83153e-22  2.09087e-30  3.34256e-23 -2.94232e-30 -9.12144e-23  3.84259e-30   5.4294e-23 -4.64661e-30 -6.23344e-24  5.18928e-30 -1.19941e-23 -5.33696e-30  7.28069e-24  5.03874e-30 -2.17605e-26  -4.3518e-30 -1.59822e-24  3.42479e-30  4.43249e-25 -2.44501e-30  1.91982e-25  1.57523e-30 -1.04334e-25 -9.10049e-31 -1.47724e-26   4.6766e-31  1.44915e-26 -2.11462e-31  9.25403e-28  8.28517e-32 -1.39164e-27   -2.748e-32 -8.54591e-29  7.41973e-33   9.0909e-29 -1.50721e-33  8.71748e-30  1.81402e-34 -3.47857e-30  6.94422e-36 -5.06696e-31 -8.54827e-36  5.30805e-32  1.80617e-36  1.22209e-32 -1.57106e-37  8.18852e-35 -4.25061e-39 -7.53241e-35  1.87671e-39 -2.62196e-36 -9.94883e-41  1.85148e-38
-4.25035e-36   2.7016e-46  3.90762e-35 -9.29361e-46 -9.71728e-35  4.09411e-44  4.03952e-35 -3.14823e-43  1.24028e-34  1.53487e-42  -8.1687e-35 -9.75042e-42 -3.87779e-34 -4.65063e-42  7.64251e-34 -1.67711e-41 -3.06623e-34  -2.9941e-40 -1.02187e-35  4.92857e-40 -2.24209e-33 -1.47826e-39  2.40403e-32  3.89645e-39 -2.20487e-31 -5.26724e-39  1.81891e-30  1.23333e-38 -1.34991e-29  2.89774e-38  9.05531e-29  4.14396e-39 -5.50839e-28  4.08503e-38  3.04628e-27  3.15137e-38 -1.53458e-26  2.47398e-38  7.05175e-26   1.9036e-37 -2.95866e-25 -9.30861e-37   1.1339e-24  4.18404e-36 -3.96947e-24 -1.66744e-35  1.26867e-23  6.24011e-35 -3.69822e-23 -2.18829e-34  9.81735e-23   7.1625e-34 -2.36817e-22 -2.18932e-33  5.17598e-22  6.25592e-33 -1.02114e-21 -1.67218e-32  1.80943e-21  4.18312e-32 -2.86116e-21 -9.79658e-32  4.00218e-21  2.14811e-31 -4.89265e-21 -4.40958e-31  5.13499e-21  8.47122e-31 -4.49591e-21 -1.52204e-30  3.11207e-21  2.55522e-30 -1.48961e-21 -4.00319e-30  2.28894e-22  5.84335e-30  3.45415e-22 -7.93153e-30  -3.4184e-22  9.98873e-30  1.20119e-22 -1.16415e-29  3.05908e-23  1.25202e-29 -4.85857e-23 -1.23868e-29  1.34666e-23  1.12353e-29  6.32238e-24 -9.30862e-30 -4.78378e-24  7.01649e-30 -2.90989e-26 -4.79006e-30  8.31766e-25  2.94646e-30 -1.17543e-25 -1.62281e-30 -1.01302e-25  7.93851e-31  2.07516e-26 -3.41128e-31  9.78066e-27   1.2672e-31 -1.87621e-27 -3.96905e-32 -7.60939e-28  1.00394e-32  8.67416e-29 -1.87282e-33  4.19511e-29  1.89507e-34 -8.56839e-31  1.68281e-35 -1.27978e-30  -1.0754e-35  -6.4824e-32  1.94147e-36  1.44755e-32 -1.41362e-37  1.31436e-33 -4.67546e-39 -1.43024e-35  1.26801e-39 -2.58962e-36  -3.8407e-41
 1.22926e-46 -1.10383e-35  2.61172e-45  6.29835e-35 -1.03472e-44 -1.18789e-34  2.19792e-43  4.62876e-35 -1.46495e-42  1.35758e-34   5.7482e-42 -1.14471e-34 -3.32905e-41 -3.37172e-34 -1.67711e-41  7.64504e-34 -5.28397e-41 -4.79983e-34 -7.94891e-40  2.50446e-33  1.25334e-39 -3.03207e-32 -3.37525e-39  2.96337e-31  9.40514e-39 -2.57989e-30 -1.23041e-38  2.01805e-29  2.72108e-38 -1.42406e-28  5.69616e-38  9.09907e-28  8.02967e-39 -5.27947e-27  6.88685e-38  2.78793e-26  8.07244e-38 -1.34216e-25 -1.15624e-37  5.89744e-25   1.0977e-36 -2.36678e-24 -4.97824e-36  8.67721e-24  2.09099e-35 -2.90551e-23 -8.05951e-35  8.87897e-23  2.90006e-34 -2.47317e-22 -9.74254e-34  6.26757e-22  3.05457e-33 -1.44147e-21  -8.9454e-33  2.99872e-21  2.44923e-32 -5.61835e-21 -6.27408e-32  9.42686e-21  1.50462e-31 -1.40589e-20 -3.37947e-31  1.84469e-20  7.11105e-31 -2.09868e-20 -1.40182e-30  2.02454e-20  2.58828e-30 -1.59365e-20 -4.47335e-30  9.44142e-21  7.22994e-30 -3.22965e-21 -1.09122e-29 -6.17504e-22  1.53528e-29  1.64776e-21 -2.00904e-29 -9.81727e-22  2.43888e-29  1.11337e-22 -2.73852e-29  2.20678e-22  2.83505e-29 -1.34295e-22  -2.6966e-29  3.03598e-25  2.34793e-29  2.99058e-23 -1.86415e-29 -8.35409e-24  1.34406e-29 -3.63585e-24  -8.7612e-30  1.99651e-24  5.13732e-30  2.81177e-25 -2.69345e-30 -2.81098e-25  1.25274e-30 -1.76181e-26 -5.11219e-31  2.74223e-26  1.80042e-31  1.64329e-27 -5.32924e-32 -1.82131e-27  1.26505e-32 -1.72215e-28 -2.17425e-33  7.08828e-29  1.84658e-34  1.03114e-29   2.5525e-35 -1.11477e-30 -1.18154e-35  -2.5319e-31  1.83676e-36 -1.51939e-33 -1.08362e-37   1.5906e-33 -4.51015e-39  5.61445e-35  6.96949e-40 -4.19236e-37
-4.90103e-37  1.58585e-45  -1.7798e-35  1.91076e-44  7.94862e-35 -7.38581e-44 -1.27125e-34  1.03632e-42  5.25248e-35 -6.01174e-42  1.34213e-34  1.97107e-41 -1.41417e-34 -1.04113e-40 -3.06623e-34 -5.28397e-41  9.98971e-34 -1.47379e-40 -3.30819e-33 -1.95587e-39  3.56366e-32  3.00457e-39 -3.72054e-31 -7.06153e-39  3.42788e-30  2.13548e-38 -2.82873e-29 -2.72571e-38   2.1017e-28  5.76086e-38 -1.41154e-27  1.04775e-37  8.59747e-27  2.09497e-38 -4.76114e-26  8.19246e-38  2.40196e-25  3.08533e-37 -1.10549e-24 -1.10554e-36  4.64598e-24  5.97736e-36 -1.78375e-23 -2.56984e-35  6.25624e-23  1.02606e-34 -2.00358e-22 -3.79628e-34  5.85309e-22  1.30854e-33 -1.55732e-21 -4.20542e-33  3.76575e-21  1.26096e-32  -8.2518e-21 -3.53078e-32  1.63239e-20  9.24114e-32 -2.90091e-20 -2.26275e-31  4.60105e-20  5.18732e-31  -6.4566e-20 -1.11414e-30  7.91972e-20  2.24314e-30 -8.34104e-20 -4.23461e-30  7.32896e-20  7.49548e-30 -5.09055e-20 -1.24343e-29  2.44271e-20  1.93137e-29 -3.71103e-21 -2.80474e-29 -5.78674e-21  3.80019e-29  5.72982e-21 -4.79161e-29 -2.01913e-21  5.60516e-29 -5.21783e-22 -6.06211e-29  8.29889e-22  6.03893e-29 -2.31627e-22  -5.5193e-29 -1.09189e-22  4.60923e-29  8.34194e-23 -3.50267e-29  3.76871e-25  2.41197e-29 -1.46873e-23 -1.49851e-29  2.12526e-24  8.36011e-30  1.80935e-24 -4.16482e-30 -3.79419e-25   1.8391e-30 -1.77041e-25 -7.12156e-31  3.49387e-26  2.37804e-31  1.39849e-26 -6.65995e-32 -1.65611e-27  1.48761e-32 -7.85238e-28 -2.36964e-33  1.78914e-29  1.71695e-34  2.45039e-29    3.026e-35  1.20737e-30 -1.13704e-35 -2.83238e-31  1.51657e-36 -2.55564e-32 -6.80084e-38  2.96392e-34 -3.71584e-39  5.19287e-35  2.73762e-40
  7.1656e-46 -2.82625e-36  1.37305e-44 -2.01128e-35  1.13607e-43  8.09425e-35  -4.1237e-43  -1.1908e-34   4.3647e-42  5.87677e-35 -2.20256e-41  1.21231e-34  6.21862e-41 -1.57696e-34  -2.9941e-40 -4.79983e-34 -1.47379e-40  4.01105e-33 -3.66014e-40 -4.00006e-32 -4.47821e-39  4.37172e-31  6.83544e-39 -4.27041e-30  -1.3513e-38  3.72278e-29  4.57581e-38 -2.91507e-28 -5.74322e-38  2.05953e-27   1.1767e-37 -1.31765e-26  1.77325e-37  7.65583e-26  7.72617e-38 -4.04881e-25 -8.27026e-38  1.95226e-24  1.54165e-36 -8.59271e-24 -6.81625e-36  3.45468e-23  3.14863e-35 -1.26902e-22 -1.29305e-34  4.25795e-22  4.93264e-34 -1.30404e-21  -1.7476e-33  3.64076e-21  5.76236e-33 -9.24935e-21 -1.76993e-32  2.13285e-20  5.06856e-32 -4.44942e-20 -1.35453e-31  8.36107e-20  3.38139e-31 -1.40729e-19 -7.89276e-31  2.10577e-19  1.72437e-30 -2.77272e-19 -3.52968e-30  3.16616e-19  6.77553e-30 -3.06611e-19  -1.2206e-29  2.42312e-19  2.06444e-29 -1.44107e-19 -3.27777e-29  4.94033e-20  4.88176e-29  9.69116e-21 -6.80976e-29 -2.56724e-20  8.87639e-29  1.53657e-20 -1.07784e-28 -1.75314e-21   1.2147e-28 -3.49743e-21 -1.26523e-28  2.14608e-21  1.21259e-28 -8.58036e-24 -1.06441e-28 -4.83207e-22  8.51843e-29  1.37201e-22 -6.18774e-29  5.91731e-23  4.06221e-29 -3.31622e-23 -2.40021e-29   -4.558e-24  1.27102e-29  4.72982e-24 -6.00309e-30  2.80212e-25  2.51237e-30 -4.68621e-25 -9.22358e-31 -2.64964e-26  2.92108e-31  3.16804e-26 -7.75342e-32  2.90642e-27  1.63594e-32 -1.25989e-27 -2.43904e-33 -1.80324e-28  1.58555e-34  2.04905e-29   2.9053e-35  4.54703e-30 -9.45435e-36  2.11834e-32  1.06356e-36 -2.93906e-32 -3.08432e-38 -1.02722e-33 -2.52399e-39  8.22497e-36
 1.75738e-36  7.06199e-45 -7.21261e-36  9.19638e-44 -1.50252e-35  5.71517e-43  6.52406e-35 -1.93344e-42 -9.55132e-35  1.66292e-41  6.48159e-35 -7.26892e-41  9.39024e-35  1.81488e-40 -1.02187e-35 -7.94891e-40 -3.30819e-33 -3.66014e-40   4.2066e-32  -8.0907e-40 -4.82346e-31 -9.58066e-39  4.99281e-30  1.48507e-38 -4.60459e-29 -2.35366e-38  3.80416e-28  9.28555e-38 -2.82982e-27 -1.15628e-37  1.90304e-26  2.35031e-37 -1.16072e-25  2.54053e-37  6.43751e-25  3.66004e-37 -3.25288e-24 -1.37744e-36  1.49968e-23  8.35105e-36 -6.31414e-23 -3.76678e-35  2.42893e-22  1.61683e-34  -8.5369e-22 -6.35914e-34  2.74004e-21  2.32202e-33 -8.02345e-21  -7.8752e-33  2.14017e-20  2.48348e-32   -5.189e-20 -7.28815e-32   1.1403e-19  1.99193e-31 -2.26262e-19 -5.07452e-31  4.03385e-19  1.20612e-30  -6.4199e-19 -2.67748e-30  9.04176e-19  5.55813e-30 -1.11335e-18 -1.08043e-29  1.17737e-18  1.96953e-29 -1.03897e-18 -3.37163e-29  7.24893e-19  5.42647e-29 -3.49393e-19 -8.21566e-29  5.31052e-20  1.16973e-28  8.40112e-20 -1.56403e-28 -8.36175e-20  1.95883e-28  2.97016e-20 -2.28944e-28  7.65497e-21  2.48568e-28 -1.23416e-20 -2.49392e-28  3.49628e-21  2.29965e-28  1.63154e-21  -1.9382e-28 -1.27011e-21  1.48526e-28 -5.50114e-25  -1.0298e-28  2.25885e-22  6.43191e-29 -3.39953e-23 -3.60486e-29 -2.81037e-23   1.8067e-29  6.11314e-24 -8.06756e-30  2.78373e-24  3.19319e-30 -5.73371e-25 -1.11035e-30 -2.23503e-25  3.33677e-31  2.79933e-26 -8.41395e-32  1.28189e-26  1.68633e-32 -3.43727e-28 -2.39025e-33 -4.10103e-28  1.53522e-34 -1.93074e-29  2.14929e-35  4.87996e-30 -6.51331e-36  4.32954e-31  5.92143e-37 -5.65652e-33 -4.94913e-39 -9.09045e-34 -1.24197e-39
-1.83128e-46  4.60297e-36  4.73659e-44 -1.28399e-35  5.06941e-43 -3.16857e-36  2.49843e-42  3.65601e-35 -7.89888e-42 -6.09318e-35  5.78631e-41  7.66129e-35 -2.17515e-40 -7.58797e-35  4.92857e-40  2.50446e-33 -1.95587e-39 -4.00006e-32  -8.0907e-40  4.99017e-31 -1.57902e-39 -5.48337e-30  -1.9235e-38  5.35673e-29  3.09791e-38 -4.67509e-28 -3.69563e-38  3.66522e-27  1.79353e-37 -2.59291e-26 -2.25397e-37  1.66122e-25  4.77955e-37 -9.66661e-25   1.5251e-37  5.12046e-24  1.95383e-36 -2.47325e-23 -9.10614e-36  1.09059e-22  4.52012e-35 -4.39336e-22 -1.98266e-34  1.61722e-21  8.09497e-34 -5.43849e-21 -3.05347e-33  1.66959e-20  1.06863e-32 -4.67327e-20 -3.47175e-32  1.19048e-19  1.04775e-31 -2.75316e-19 -2.93902e-31  5.76125e-19  7.66716e-31 -1.08619e-18 -1.86135e-30  1.83463e-18  4.20845e-30 -2.75549e-18 -8.87066e-30  3.64269e-18  1.74543e-29 -4.17728e-18 -3.21143e-29  4.06366e-18  5.53645e-29 -3.22712e-18 -8.96393e-29  1.92931e-18  1.36606e-28  -6.6527e-19 -1.96292e-28 -1.31053e-19  2.66127e-28  3.49934e-19 -3.40126e-28 -2.11216e-19  4.08665e-28  2.47175e-20 -4.59537e-28  4.84277e-20  4.80789e-28 -3.01459e-20 -4.64915e-28   2.5274e-22  4.12647e-28  6.83833e-21 -3.33928e-28 -1.99214e-21  2.44852e-28 -8.39174e-22 -1.61796e-28  4.85147e-22   9.5913e-29  6.36582e-23 -5.08321e-29 -7.00256e-23  2.40267e-29 -3.74406e-24 -1.01085e-29  7.04554e-24  3.77397e-30  3.60489e-25 -1.24148e-30 -4.85518e-25  3.54294e-31 -4.23337e-26 -8.51534e-32  1.97955e-26  1.63473e-32   2.7508e-27 -2.25792e-33 -3.34868e-28  1.62588e-34 -7.17904e-29  8.97372e-36 -1.75969e-31 -3.27108e-36  4.80117e-31  2.10134e-37  1.64025e-32  6.57955e-39 -1.43766e-34
-5.31303e-37 -6.78993e-46  7.87749e-36  2.49282e-43 -1.80695e-35  2.38556e-42  1.11386e-35  9.67912e-42  3.43894e-36 -2.87798e-41 -2.56401e-35  1.85259e-40  1.97072e-34 -5.93054e-40 -2.24209e-33  1.25334e-39  3.56366e-32 -4.47821e-39 -4.82346e-31 -1.57902e-39  5.65792e-30 -2.66081e-39 -5.86465e-29 -3.64082e-38  5.41422e-28  6.23139e-38 -4.47852e-27 -5.15248e-38  3.33584e-26  3.33442e-37  -2.2465e-25 -4.44378e-37  1.37229e-24  1.09779e-36 -7.62325e-24 -1.24861e-36  3.85873e-23  1.07673e-35 -1.78231e-22 -5.17541e-35  7.51907e-22  2.38459e-34 -2.89861e-21 -1.00699e-33  1.02108e-20  3.93979e-33 -3.28528e-20 -1.42705e-32  9.64496e-20  4.79309e-32  -2.5798e-19 -1.49344e-31   6.2734e-19   4.3183e-31 -1.38294e-18 -1.15909e-30  2.75329e-18  2.88874e-30 -4.92623e-18 -6.68683e-30  7.87014e-18  1.43832e-29 -1.11296e-17 -2.87701e-29  1.37645e-17  5.35794e-29 -1.46246e-17 -9.30696e-29  1.29714e-17  1.51171e-28 -9.10106e-18 -2.30353e-28  4.41542e-18  3.30517e-28 -6.80083e-19 -4.48144e-28 -1.07017e-18  5.75618e-28  1.07597e-18 -7.00618e-28 -3.87329e-19  8.06027e-28 -9.77274e-20 -8.71724e-28  1.61828e-19  8.79534e-28 -4.69154e-20 -8.20649e-28 -2.13473e-20  7.01802e-28  1.71006e-20 -5.45491e-28 -1.07937e-22  3.82527e-28 -3.06412e-21 -2.40525e-28  4.87055e-22  1.34972e-28  3.84278e-22 -6.73973e-29 -8.78679e-23  2.99156e-29 -3.84887e-23 -1.18081e-29  8.39589e-24  4.14446e-30  3.14439e-24 -1.28786e-30 -4.24057e-25    3.494e-31 -1.84712e-25 -8.04498e-32  6.02007e-27  1.49998e-32   6.0794e-27 -2.09715e-33  2.66807e-28  1.87669e-34 -7.49528e-29 -5.62783e-36 -6.46233e-30 -4.97451e-37  9.83961e-32 -1.83908e-38   1.4124e-32  6.46655e-39
 8.64288e-46 -1.53456e-36  3.99807e-45  1.04424e-35  1.08988e-42 -2.11853e-35  9.82291e-42  2.16273e-35  3.37506e-41 -2.19809e-35 -9.50701e-41 -6.84193e-35  5.49014e-40  1.87953e-33 -1.47826e-39 -3.03207e-32  3.00457e-39  4.37172e-31 -9.58066e-39 -5.48337e-30 -2.66081e-39  6.04432e-29 -3.64782e-39 -5.91158e-28 -6.53075e-38   5.1656e-27  1.21352e-37 -4.05512e-26 -6.36509e-38  2.87281e-25  6.16647e-37 -1.84335e-24 -9.97548e-37   1.0744e-23  3.32548e-36 -5.70112e-23 -1.02772e-35  2.75888e-22  5.86295e-35 -1.21899e-21  -2.7646e-34  4.92115e-21  1.21576e-33 -1.81567e-20 -4.93776e-33  6.12083e-20  1.85659e-32 -1.88399e-19 -6.46571e-32  5.28818e-19  2.08707e-31 -1.35116e-18 -6.24551e-31  3.13473e-18  1.73279e-30  -6.5821e-18 -4.45703e-30  1.24547e-17  1.06272e-29 -2.11188e-17 -2.34862e-29  3.18516e-17  4.81095e-29 -4.22962e-17 -9.13686e-29  4.87383e-17  1.61009e-28 -4.76623e-17 -2.63674e-28   3.8071e-17   4.0235e-28 -2.29141e-17 -5.74386e-28    7.978e-18  7.71238e-28  1.54259e-18 -9.79953e-28 -4.21982e-18  1.18473e-27  2.57897e-18  -1.3666e-27 -3.15542e-19   1.5017e-27 -5.92322e-19 -1.56184e-27  3.76469e-19  1.52188e-27 -5.86443e-21 -1.37294e-27 -8.57044e-20  1.13323e-27  2.58618e-20 -8.46819e-28  1.04788e-20  5.67801e-28 -6.32209e-21 -3.39222e-28 -7.71352e-22   1.7969e-28  9.22388e-22 -8.41956e-29  4.17278e-23   3.4919e-29 -9.42386e-23 -1.28631e-29 -4.11466e-24  4.22596e-30  6.62927e-24  -1.2379e-30  5.35631e-25  3.19852e-31 -2.77934e-25 -7.11998e-32 -3.69886e-26  1.32178e-32  4.92121e-27 -1.97168e-33   1.0069e-27  2.25359e-34 -7.00859e-31 -1.86818e-35 -7.00837e-30   1.2477e-36 -2.31404e-31 -9.27664e-38  2.27738e-33
 1.84382e-37  1.22116e-44 -3.09822e-36  7.27435e-44  1.17698e-35  4.07997e-42   -2.119e-35  3.60319e-41   2.0945e-35   1.0731e-40  1.63064e-35 -2.88319e-40 -1.24975e-33  1.51336e-39  2.40403e-32 -3.37525e-39 -3.72054e-31  6.83544e-39  4.99281e-30  -1.9235e-38 -5.86465e-29 -3.64782e-39  6.08715e-28 -3.25879e-39 -5.62654e-27 -1.11763e-37  4.66029e-26  2.30615e-37 -3.47618e-25 -8.37611e-38  2.34459e-24  1.24705e-36 -1.43457e-23 -3.04146e-36  7.98325e-23  1.37169e-35  -4.0486e-22 -6.08777e-35  1.87379e-21  3.09342e-34 -7.92213e-21 -1.41139e-33  3.06107e-20   5.9646e-33 -1.08099e-19 -2.33171e-32  3.48723e-19  8.43892e-32 -1.02669e-18 -2.82907e-31  2.75447e-18  8.78767e-31 -6.71982e-18 -2.52914e-30  1.48648e-17  6.74294e-30 -2.97038e-17 -1.66472e-29  5.33573e-17  3.80385e-29 -8.56061e-17 -8.03979e-29  1.21615e-16  1.57096e-28 -1.51149e-16 -2.83679e-28  1.61459e-16  4.73438e-28 -1.44058e-16 -7.30904e-28  1.01764e-16  1.04614e-27 -4.98045e-17 -1.39406e-27  7.87704e-18  1.74121e-27  1.20781e-17 -2.05704e-27 -1.23313e-17  2.32144e-27  4.52379e-18 -2.52123e-27  1.09473e-18  2.63771e-27 -1.88969e-18 -2.63887e-27  5.65322e-19  2.48971e-27    2.468e-19 -2.17877e-27 -2.05642e-19  1.74063e-27  3.26177e-21 -1.25254e-27  3.70219e-20  8.03224e-28 -6.30651e-21 -4.55395e-28 -4.66948e-21  2.27093e-28   1.1374e-21 -9.94249e-29  4.72303e-22  3.83125e-29 -1.10744e-22 -1.30869e-29 -3.93032e-23  4.00102e-30  5.80693e-24 -1.10159e-30  2.37158e-24    2.722e-31 -9.56403e-26 -5.97192e-32 -8.06242e-26  1.15332e-32 -3.19047e-27 -1.93402e-33   1.0359e-27  2.66016e-34  8.57887e-29 -2.68182e-35 -1.56044e-30  1.80414e-36 -1.96899e-31 -6.63523e-38
 4.23698e-45   7.9989e-37  9.98439e-44 -4.95447e-36  5.80951e-43  1.25207e-35  1.33192e-41 -1.73611e-35  1.19345e-40 -2.40793e-35  3.14616e-40  8.37137e-34 -8.10757e-40 -1.75333e-32  3.89645e-39  2.96337e-31 -7.06153e-39 -4.27041e-30  1.48507e-38  5.35673e-29 -3.64082e-38 -5.91158e-28 -3.25879e-39  5.78899e-27  1.36451e-39 -5.06518e-26 -1.84737e-37  3.98197e-25  4.38626e-37 -2.82532e-24 -2.39348e-37  1.81587e-23  3.29772e-36 -1.06025e-22 -1.28387e-35  5.63677e-22  6.67949e-35  -2.7333e-21 -3.26667e-34  1.21032e-20  1.56809e-33 -4.89758e-20 -6.89937e-33  1.81149e-19  2.80785e-32 -6.12308e-19 -1.05755e-31  1.89008e-18  3.68829e-31 -5.32149e-18 -1.19151e-30  1.36412e-17  3.56561e-30 -3.17589e-17 -9.88186e-30  6.69354e-17  2.53518e-29 -1.27165e-16 -6.01653e-29  2.16558e-16  1.31966e-28 -3.28132e-16 -2.67241e-28  4.37919e-16  4.99075e-28 -5.07377e-16 -8.58561e-28  4.99167e-16  1.35941e-27 -4.01442e-16 -1.98075e-27  2.43633e-16  2.65897e-27 -8.59915e-17 -3.30008e-27  -1.5911e-17  3.81401e-27  4.54187e-17 -4.15375e-27 -2.82258e-17  4.33078e-27  3.67549e-18 -4.38899e-27  6.45461e-18  4.35272e-27 -4.21756e-18 -4.19285e-27  1.08466e-19  3.84702e-27  9.59558e-19 -3.28262e-27 -3.02824e-19    2.549e-27 -1.16104e-19 -1.77091e-27  7.40395e-20  1.08715e-27  8.12573e-21 -5.84583e-28 -1.09048e-20  2.73861e-28 -3.75506e-22 -1.11614e-28  1.13126e-21  3.97328e-29  3.83318e-23  -1.2489e-29 -8.13471e-23  3.52454e-30 -5.89556e-24 -9.08968e-31   3.5172e-24  2.17462e-31  4.41547e-25 -4.90434e-32 -6.55615e-26  1.04776e-32 -1.26489e-26 -1.99827e-33  6.18533e-29  2.94407e-34  9.22327e-29 -2.81041e-35    2.906e-30  1.44498e-36 -3.29415e-32
