 4.57733e-20  3.98451e-29  -1.8608e-18 -1.18746e-27  3.04678e-17   1.2983e-26 -3.10676e-16 -9.67549e-26  2.27844e-15  5.48719e-25 -1.29227e-14 -2.47416e-24  5.91873e-14  9.16178e-24 -2.25139e-13 -2.85355e-23  7.24931e-13   7.6043e-23  -2.0019e-12 -1.75559e-22  4.78252e-12  3.54432e-22 -9.93424e-12 -6.30209e-22   1.7972e-11  9.92406e-22 -2.82562e-11 -1.39027e-21  3.83318e-11  1.73931e-21 -4.41775e-11 -1.95012e-21  4.18743e-11  1.96645e-21 -3.01628e-11 -1.78968e-21  1.21852e-11  1.47455e-21  5.36208e-12 -1.10126e-21 -1.57588e-11  7.43414e-22  1.62305e-11 -4.49072e-22  -9.3481e-12  2.37718e-22   7.6225e-13 -1.06256e-22  4.77842e-12  3.75043e-23 -5.93024e-12 -8.95403e-24  4.27814e-12   5.9131e-25 -2.11163e-12     5.26e-25   7.0749e-13  -2.2352e-25 -1.43674e-13  3.52694e-26  1.16513e-14
 3.98451e-29  2.64061e-18  5.00393e-28 -6.16073e-17 -8.27773e-27  7.75947e-16  6.35159e-26  -6.6339e-15  -3.7386e-25  4.25179e-14  1.74138e-24 -2.15882e-13 -6.50511e-24  8.98898e-13  1.99374e-23 -3.14095e-12 -5.09908e-23  9.35674e-12  1.09859e-22 -2.40191e-11 -2.00079e-22  5.34938e-11  3.07238e-22 -1.03708e-10 -3.94004e-22  1.74985e-10  4.14337e-22   -2.558e-10 -3.48269e-22  3.20459e-10  2.34872e-22 -3.36346e-10 -1.67631e-22  2.81288e-10  2.37452e-22  -1.6201e-10  -4.5719e-22  1.87231e-11  7.32953e-22  9.28585e-11 -9.18322e-22 -1.33367e-10  9.14183e-22  1.02825e-10 -7.31767e-22 -3.67379e-11  4.70248e-22 -2.10813e-11 -2.38438e-22  4.62591e-11   9.1567e-23 -4.16511e-11 -2.42438e-23  2.46639e-11  3.23246e-24 -1.00893e-11  3.12882e-25  2.69313e-12  -1.9664e-25 -3.81749e-13  1.99346e-26
 -1.8608e-18  5.00393e-28  7.57293e-17  1.98809e-27 -1.24127e-15 -4.75747e-27  1.26699e-14 -6.80134e-26 -9.30098e-14   6.8367e-25  5.28017e-13 -4.24207e-24 -2.42048e-12  2.02609e-23   9.2145e-12 -7.80899e-23 -2.96913e-11  2.49975e-22  8.20428e-11 -6.77971e-22 -1.96091e-10  1.57914e-21  4.07434e-10 -3.18771e-21 -7.37092e-10  5.60811e-21  1.15842e-09 -8.62149e-21 -1.56982e-09  1.15802e-20  1.80521e-09 -1.35458e-20 -1.70316e-09  1.36962e-20  1.21303e-09 -1.18002e-20 -4.66987e-10  8.42848e-21 -2.55766e-10 -4.69751e-21  6.76402e-10  1.68885e-21 -6.81967e-10  5.83731e-23  3.83059e-10 -6.55933e-22 -1.80789e-11  5.87149e-22 -2.14145e-10 -3.25545e-22  2.59068e-10   1.2438e-22 -1.85524e-10 -3.11531e-23  9.13095e-11  3.89651e-24 -3.05632e-11  2.02295e-25  6.20713e-12 -1.14959e-25 -5.03757e-13
-1.18746e-27 -6.16073e-17  1.98809e-27  1.43887e-15 -8.13288e-27 -1.81411e-14  2.75886e-25  1.55249e-13 -2.31107e-24 -9.95949e-13  1.29462e-23  5.06134e-12 -5.79313e-23  -2.1092e-11  2.15196e-22  7.37553e-11 -6.76038e-22 -2.19857e-10  1.82233e-21  5.64682e-10 -4.26055e-21 -1.25809e-09  8.70646e-21  2.43942e-09 -1.56318e-20 -4.11523e-09  2.47311e-20  6.01166e-09 -3.45101e-20 -7.51959e-09  4.24293e-20  7.86725e-09 -4.58104e-20 -6.53324e-09  4.31603e-20  3.68521e-09 -3.51017e-20 -2.87082e-10  2.41963e-20 -2.33207e-09 -1.36722e-20   3.2402e-09  5.88615e-21  -2.4517e-09 -1.51314e-21  8.29701e-10 -1.81186e-22  5.69947e-10  4.43854e-22 -1.16618e-09 -2.58379e-22  1.03738e-09  8.58563e-23 -6.11615e-10 -1.43392e-23  2.49774e-10 -5.93862e-25 -6.66484e-11  7.07756e-25  9.45165e-12 -7.39263e-26
 3.04678e-17 -8.27773e-27 -1.24127e-15 -8.13288e-27  2.03662e-14 -1.39072e-25 -2.08088e-13    2.147e-24  1.52901e-12 -1.37712e-23 -8.68799e-12  6.59272e-23  3.98599e-11 -2.59615e-22  -1.5186e-10  8.59878e-22  4.89666e-10 -2.43303e-21 -1.35383e-09  5.95449e-21  3.23726e-09 -1.27203e-20 -6.72805e-09  2.38748e-20  1.21717e-08 -3.95344e-20 -1.91212e-08  5.78761e-20  2.58846e-08 -7.49301e-20 -2.96998e-08  8.56775e-20  2.78908e-08 -8.62311e-20  -1.9638e-08  7.59316e-20  7.17747e-09 -5.79371e-20  4.80543e-09   3.7738e-20 -1.16547e-08 -2.04877e-20  1.15191e-08  8.89361e-21 -6.31014e-09 -2.84134e-21  7.34507e-11  5.35957e-22  3.84114e-09 -1.04779e-23  -4.5427e-09  6.76404e-24   3.2313e-09 -3.53709e-23 -1.58617e-09  2.48452e-23  5.30461e-10 -8.23968e-24 -1.07743e-10  1.23067e-24  8.75076e-12
  1.2983e-26  7.75947e-16 -4.75747e-27 -1.81411e-14 -1.39072e-25  2.28948e-13  -8.2083e-25 -1.96115e-12  8.93518e-24  1.25925e-11 -4.77668e-23 -6.40487e-11  2.02524e-22   2.6712e-10 -7.18322e-22 -9.34746e-10  2.16083e-21  2.78813e-09 -5.58983e-21 -7.16469e-09  1.25724e-20  1.59683e-08 -2.47889e-20 -3.09663e-08  4.30894e-20  5.22292e-08 -6.62304e-20 -7.62454e-08  9.01083e-20  9.52234e-08 -1.08479e-19 -9.93102e-08  1.15344e-19  8.18902e-08  -1.0789e-19 -4.52098e-08  8.81942e-20  1.73271e-09 -6.24094e-20  3.14388e-08  3.77583e-20  -4.2399e-08 -1.92629e-20  3.15063e-08  8.24955e-21 -1.00696e-08 -3.12138e-21 -8.19097e-09  1.28114e-21  1.58033e-08 -7.01487e-22 -1.39047e-08  4.17855e-22  8.16519e-09 -2.01998e-22 -3.32943e-09  6.73725e-23  8.88136e-10 -1.30948e-23 -1.26006e-10  8.99182e-25
-3.10676e-16  6.35159e-26  1.26699e-14  2.75886e-25 -2.08088e-13  -8.2083e-25  2.12812e-12 -2.88702e-24 -1.56514e-11   2.3617e-23  8.90092e-11 -1.08776e-22 -4.08697e-10  4.18004e-22  1.55822e-09 -1.35589e-21 -5.02775e-09  3.74659e-21  1.39085e-08 -8.93569e-21 -3.32719e-08   1.8592e-20  6.91664e-08 -3.40218e-20 -1.25126e-07  5.49815e-20  1.96487e-07 -7.85112e-20 -2.65707e-07  9.89495e-20  3.04201e-07 -1.09834e-19 -2.84354e-07  1.06895e-19   1.9791e-07 -9.04572e-20 -6.84041e-08  6.56988e-20 -5.52466e-08 -4.02549e-20  1.24657e-07  2.04526e-20 -1.20946e-07 -8.73631e-21  6.46263e-08  3.75249e-21  1.60527e-09 -2.40588e-21 -4.26407e-08  2.06609e-21  4.94249e-08 -1.56622e-21 -3.49423e-08  8.91364e-22  1.71112e-08 -3.56522e-22 -5.71795e-09  9.06592e-23  1.16151e-09 -1.15151e-23 -9.44048e-11
-9.67549e-26  -6.6339e-15 -6.80134e-26  1.55249e-13    2.147e-24 -1.96115e-12 -2.88702e-24  1.68143e-11 -6.34968e-24 -1.08058e-10  3.90297e-23  5.50058e-10 -1.64094e-22 -2.29579e-09  6.03178e-22  8.03931e-09 -1.85754e-21 -2.39937e-08  4.84841e-21  6.16868e-08 -1.08987e-20  -1.3753e-07  2.14025e-20  2.66734e-07 -3.70114e-20 -4.49797e-07  5.62668e-20  6.56172e-07 -7.46885e-20 -8.18254e-07  8.58954e-20  8.50702e-07 -8.45662e-20 -6.96565e-07  6.94204e-20  3.76196e-07 -4.46696e-20  1.12858e-09  1.86895e-20 -2.86156e-07  2.19195e-22  3.75721e-07  -8.2318e-21  -2.7441e-07   7.2013e-21  8.26108e-08 -2.24653e-21  7.88162e-08 -1.93699e-21 -1.44706e-07  3.37117e-21  1.26075e-07 -2.66445e-21 -7.37661e-08  1.35563e-21   3.0037e-08  -4.4659e-22 -8.01033e-09  8.32909e-23  1.13697e-09  -5.1165e-24
 2.27844e-15  -3.7386e-25 -9.30098e-14 -2.31107e-24  1.52901e-12  8.93518e-24 -1.56514e-11 -6.34968e-24  1.15209e-10 -7.53385e-24  -6.5573e-10  3.66392e-23  3.01319e-09 -1.95295e-22 -1.14964e-08  8.25515e-22  3.71174e-08  -2.6808e-21 -1.02734e-07  7.10358e-21  2.45859e-07 -1.59718e-20 -5.11211e-07  3.12445e-20  9.24782e-07 -5.33094e-20  -1.4516e-06  7.83284e-20  1.96096e-06 -9.76809e-20 -2.24022e-06  1.01517e-19  2.08454e-06 -8.40625e-20 -1.43415e-06  4.77863e-20   4.6692e-07 -4.38001e-21  4.50191e-07  -3.0161e-20 -9.55857e-07  4.47162e-20  9.11634e-07 -3.90994e-20 -4.75388e-07  2.23642e-20 -2.93469e-08  -5.7756e-21  3.38259e-07   -3.788e-21 -3.85196e-07  5.88697e-21  2.70828e-07 -4.02182e-21 -1.32336e-07  1.70825e-21  4.41905e-08 -4.35884e-22 -8.97768e-09  5.24564e-23  7.30171e-10
 5.48719e-25  4.25179e-14   6.8367e-25 -9.95949e-13 -1.37712e-23  1.25925e-11   2.3617e-23 -1.08058e-10 -7.53385e-24  6.95009e-10 -2.28363e-24 -3.54062e-09  5.97321e-23  1.47882e-08 -5.47399e-22 -5.18185e-08   2.4704e-21  1.54743e-07 -7.97715e-21 -3.98017e-07  2.06659e-20  8.87648e-07 -4.53938e-20 -1.72174e-06  8.63478e-20  2.90281e-06 -1.41441e-19 -4.23183e-06  1.97053e-19  5.26934e-06 -2.31056e-19 -5.46156e-06   2.2354e-19  4.44115e-06 -1.68005e-19 -2.34575e-06  7.85807e-20 -1.07278e-07  1.28047e-20  1.94245e-06 -7.31951e-20 -2.49008e-06  8.79098e-20  1.78919e-06 -6.61818e-20 -5.06442e-07  3.09138e-20 -5.61284e-07  -2.8084e-21  9.88379e-07 -9.64253e-21 -8.53632e-07  9.76772e-21   4.9783e-07 -5.35917e-21 -2.02459e-07  1.79484e-21  5.39796e-08 -3.22085e-22  -7.6648e-09  1.56401e-23
-1.29227e-14  1.74138e-24  5.28017e-13  1.29462e-23 -8.68799e-12 -4.77668e-23  8.90092e-11  3.90297e-23  -6.5573e-10 -2.28363e-24  3.73509e-09 -1.71832e-23 -1.71758e-08  4.55084e-22  6.55755e-08 -2.76511e-21 -2.11844e-07  1.03837e-20  5.86639e-07 -2.98145e-20 -1.40444e-06  7.08514e-20  2.92084e-06 -1.44968e-19 -5.28363e-06  2.56944e-19  8.29022e-06 -3.90456e-19 -1.11881e-05  5.04282e-19  1.27548e-05 -5.49222e-19 -1.18159e-05  4.93024e-19    8.037e-06 -3.40498e-19 -2.45589e-06  1.40656e-19 -2.80122e-06  3.37646e-20  5.64956e-06 -1.28218e-19 -5.30434e-06   1.3475e-19  2.70194e-06 -8.62415e-20  2.65328e-07  2.80566e-20 -2.06084e-06  9.14592e-21    2.311e-06  -1.9507e-20 -1.61692e-06  1.41355e-20  7.88551e-07 -6.08786e-21 -2.63151e-07  1.50567e-21   5.3467e-08 -1.58579e-22 -4.35118e-09
-2.47416e-24 -2.15882e-13 -4.24207e-24  5.06134e-12  6.59272e-23 -6.40487e-11 -1.08776e-22  5.50058e-10  3.66392e-23 -3.54062e-09 -1.71832e-23  1.80503e-08 -1.91117e-22 -7.54425e-08  2.32124e-21  2.64515e-07 -1.08991e-20 -7.90326e-07  3.55189e-20  2.03368e-06 -9.21075e-20 -4.53677e-06  2.02433e-19   8.8006e-06 -3.85986e-19 -1.48347e-05  6.34835e-19  2.16128e-05 -8.90886e-19 -2.68734e-05  1.06116e-18  2.77721e-05 -1.06329e-18 -2.24324e-05  8.67779e-19  1.15887e-05 -5.24953e-19  1.03423e-06   1.5576e-19 -1.03914e-05  1.12252e-19  1.30415e-05 -2.17965e-19 -9.23028e-06  1.86498e-19  2.45601e-06 -9.29972e-20  3.12652e-06  9.28587e-21 -5.31775e-06  3.04139e-20  4.55796e-06 -3.15759e-20 -2.65053e-06  1.74662e-20  1.07673e-06 -5.72911e-21 -2.87017e-07  9.37013e-22  4.07688e-08  -2.2535e-23
 5.91873e-14 -6.50511e-24 -2.42048e-12 -5.79313e-23  3.98599e-11  2.02524e-22 -4.08697e-10 -1.64094e-22  3.01319e-09  5.97321e-23 -1.71758e-08 -1.91117e-22  7.90367e-08 -9.09534e-22 -3.01942e-07  8.21192e-21  9.75974e-07 -3.33839e-20 -2.70393e-06  9.81956e-20  6.47559e-06 -2.35548e-19 -1.34699e-05  4.85871e-19  2.43654e-05   -8.676e-19 -3.82157e-05  1.32397e-18  5.15253e-05 -1.71348e-18 -5.86248e-05  1.87562e-18   5.4081e-05 -1.71081e-18 -3.63813e-05  1.23543e-18  1.04058e-05 -6.03309e-19   1.3912e-05  4.20128e-20   -2.687e-05  2.80369e-19  2.48761e-05 -3.38597e-19  -1.2398e-05  2.26263e-19 -1.64782e-06 -7.29326e-20  1.00603e-05 -3.00112e-20 -1.11355e-05  5.93122e-20  7.75828e-06 -4.29063e-20 -3.77721e-06   1.8231e-20   1.2598e-06 -4.20782e-21 -2.55985e-07  3.24333e-22  2.08427e-08
 9.16178e-24  8.98898e-13  2.02609e-23  -2.1092e-11 -2.59615e-22   2.6712e-10  4.18004e-22 -2.29579e-09 -1.95295e-22  1.47882e-08  4.55084e-22 -7.54425e-08 -9.09534e-22  3.15514e-07 -3.03302e-21 -1.10687e-06  2.34807e-20  3.30878e-06 -8.62435e-20 -8.51757e-06  2.34143e-19  1.90061e-05 -5.29351e-19 -3.68719e-05  1.03359e-18  6.21417e-05 -1.72717e-18 -9.04801e-05  2.43779e-18  0.000112355 -2.90144e-18 -0.000115794  2.90268e-18    9.294e-05 -2.37384e-18 -4.69897e-05  1.45544e-18 -6.22496e-06 -4.74624e-19  4.53394e-05 -2.32327e-19 -5.58654e-05  5.15904e-19  3.90101e-05 -4.48296e-19  -9.7834e-06  2.19307e-19 -1.40914e-05 -8.70413e-21  2.33052e-05 -9.22039e-20 -1.98481e-05  9.19386e-20  1.15138e-05 -5.02626e-20 -4.67279e-06  1.58627e-20  1.24534e-06 -2.23358e-21 -1.76938e-07 -3.48034e-23
-2.25139e-13  1.99374e-23   9.2145e-12  2.15196e-22  -1.5186e-10 -7.18322e-22  1.55822e-09  6.03178e-22 -1.14964e-08 -5.47399e-22  6.55755e-08  2.32124e-21 -3.01942e-07 -3.03302e-21  1.15416e-06 -8.41418e-21 -3.73251e-06  5.87557e-20  1.03453e-05 -1.98177e-19 -2.47836e-05  5.05964e-19  5.15615e-05 -1.09246e-18 -9.32652e-05  2.01867e-18   0.00014623 -3.13594e-18 -0.000196989  4.07176e-18  0.000223726 -4.43684e-18 -0.000205584  4.01751e-18  0.000136878 -2.87134e-18 -3.66137e-05   1.3769e-18 -5.67367e-05 -8.06457e-20  0.000105728 -6.39355e-19 -9.67029e-05   7.5334e-19  4.72809e-05 -4.87369e-19  7.74619e-06  1.31099e-19 -4.04144e-05  1.08369e-19  4.42664e-05 -1.70749e-19  -3.0734e-05  1.19719e-19   1.4942e-05 -4.93871e-20 -4.98108e-06  1.02407e-20  1.01215e-06 -3.06724e-22 -8.24407e-08
-2.85355e-23 -3.14095e-12 -7.80899e-23  7.37553e-11  8.59878e-22 -9.34746e-10 -1.35589e-21  8.03931e-09  8.25515e-22 -5.18185e-08 -2.76511e-21  2.64515e-07  8.21192e-21 -1.10687e-06 -8.41418e-21  3.88508e-06 -2.08254e-20 -1.16188e-05  1.32708e-19  2.99202e-05 -4.17126e-19   -6.678e-05  1.02141e-18  0.000129563 -2.11578e-18 -0.000218323  3.66676e-18  0.000317716 -5.24388e-18 -0.000394063  6.22423e-18  0.000405124 -6.16178e-18 -0.000323305  4.95369e-18  0.000160207 -2.93491e-18  2.78312e-05  8.44091e-19 -0.000165023  5.96381e-19  0.000200234 -1.11981e-18 -0.000138256   9.2571e-19  3.29258e-05 -4.15467e-19  5.24948e-05 -4.65623e-20 -8.50002e-05  2.63361e-19  7.20295e-05 -2.45946e-19 -4.17023e-05  1.31402e-19   1.6911e-05 -3.93148e-20 -4.50599e-06  4.41092e-21  6.40301e-07  3.31148e-22
 7.24931e-13 -5.09908e-23 -2.96913e-11 -6.76038e-22  4.89666e-10  2.16083e-21 -5.02775e-09 -1.85754e-21  3.71174e-08   2.4704e-21 -2.11844e-07 -1.08991e-20  9.75974e-07  2.34807e-20 -3.73251e-06 -2.08254e-20  1.20762e-05 -4.67241e-20 -3.34838e-05  2.73922e-19  8.02381e-05  -8.2359e-19 -0.000166959  1.96473e-18  0.000301992 -3.87479e-18 -0.000473352  6.20684e-18  0.000637187 -8.09146e-18 -0.000722539  8.71768e-18  0.000661696 -7.72702e-18 -0.000436529   5.3005e-18  0.000109492 -2.26133e-18  0.000193591 -2.48786e-19 -0.000350605  1.52618e-18  0.000317567 -1.61554e-18 -0.000152956  1.00494e-18 -2.87459e-05 -2.41603e-19  0.000135879 -2.76352e-19 -0.000147699  4.10027e-19  0.000102281 -2.85024e-19 -4.96716e-05  1.13757e-19  1.65514e-05 -1.96578e-20 -3.36303e-06 -1.33209e-21  2.73964e-07
  7.6043e-23  9.35674e-12  2.49975e-22 -2.19857e-10 -2.43303e-21  2.78813e-09  3.74659e-21 -2.39937e-08  -2.6808e-21  1.54743e-07  1.03837e-20 -7.90326e-07 -3.33839e-20  3.30878e-06  5.87557e-20 -1.16188e-05 -4.67241e-20  3.47608e-05 -9.53569e-20 -8.95421e-05  5.29546e-19  0.000199895 -1.57297e-18 -0.000387856  3.65308e-18  0.000653486 -6.72707e-18 -0.000950574  9.80801e-18   0.00117785 -1.15658e-17  -0.00120843  1.12096e-17  0.000959717  -8.6635e-18 -0.000467342  4.65596e-18 -9.83015e-05 -6.94029e-19  0.000508567 -1.84772e-18 -0.000609787  2.61139e-18  0.000417617 -2.09049e-18 -9.58698e-05  1.01969e-18 -0.000163678 -3.13558e-20  0.000261478 -4.80001e-19 -0.000220841  4.89973e-19  0.000127685 -2.65831e-19 -5.17468e-05  7.36145e-20  1.37847e-05 -4.35899e-21 -1.95872e-06 -1.30064e-21
 -2.0019e-12  1.09859e-22  8.20428e-11  1.82233e-21 -1.35383e-09 -5.58983e-21  1.39085e-08  4.84841e-21 -1.02734e-07 -7.97715e-21  5.86639e-07  3.55189e-20 -2.70393e-06 -8.62435e-20  1.03453e-05  1.32708e-19 -3.34838e-05 -9.53569e-20  9.28705e-05 -1.81866e-19 -0.000222602  1.00528e-18  0.000463257 -2.98774e-18 -0.000837927   6.5916e-18   0.00131312  -1.1063e-17  -0.00176661  1.45226e-17   0.00200081 -1.54302e-17  -0.00182743   1.3298e-17   0.00119673 -8.58379e-18 -0.000283915  2.90817e-18 -0.000559195  1.55967e-18  0.000991858 -3.66629e-18 -0.000892442  3.69587e-18  0.000426143 -2.53551e-18  8.55807e-05  1.03302e-18 -0.000386034  1.25842e-19  0.000417916 -5.75596e-19 -0.000288981  4.59972e-19  0.000140242 -1.79916e-19 -4.67138e-05  1.70555e-20  9.48959e-06  1.00329e-20 -7.72943e-07
-1.75559e-22 -2.40191e-11 -6.77971e-22  5.64682e-10  5.95449e-21 -7.16469e-09 -8.93569e-21  6.16868e-08  7.10358e-21 -3.98017e-07 -2.98145e-20  2.03368e-06  9.81956e-20 -8.51757e-06 -1.98177e-19  2.99202e-05  2.73922e-19 -8.95421e-05 -1.81866e-19  0.000230715 -3.44117e-19 -0.000515143  1.95283e-18  0.000999613 -5.64126e-18  -0.00168411  1.13918e-17   0.00244905 -1.71123e-17  -0.00303257  2.01722e-17   0.00310677 -1.93165e-17  -0.00245874  1.46132e-17   0.00118182 -7.41993e-18  0.000281726  4.78422e-19  -0.00133936  3.86866e-18   0.00159377 -5.26711e-18   -0.0010874  4.63848e-18  0.000246914 -2.97135e-18  0.000429257  1.11246e-18  -0.00068312  1.52374e-19  0.000576312 -5.19046e-19 -0.000333019  3.26985e-19  0.000134911 -7.16573e-20 -3.59272e-05 -1.13277e-20  5.10338e-06  3.54269e-21
 4.78252e-12 -2.00079e-22 -1.96091e-10 -4.26055e-21  3.23726e-09  1.25724e-20 -3.32719e-08 -1.08987e-20  2.45859e-07  2.06659e-20 -1.40444e-06 -9.21075e-20  6.47559e-06  2.34143e-19 -2.47836e-05 -4.17126e-19  8.02381e-05  5.29546e-19 -0.000222602 -3.44117e-19  0.000533661 -6.78399e-19  -0.00111074  3.83996e-18   0.00200916 -1.02305e-17  -0.00314827  1.83654e-17   0.00423423 -2.45432e-17  -0.00479218  2.61252e-17   0.00436984 -2.26214e-17  -0.00284855  1.48904e-17  0.000650931 -5.61061e-18   0.00137568 -1.67428e-18  -0.00241131  5.39838e-18   0.00216438 -6.26444e-18  -0.00103438  5.33758e-18 -0.000203119 -3.33722e-18  0.000929427  1.19279e-18  -0.00100703  1.06846e-19  0.000696399 -3.78257e-19 -0.000337907  1.49501e-19   0.00011252  3.03297e-20 -2.28476e-05 -3.49166e-20  1.85984e-06
 3.54432e-22  5.34938e-11  1.57914e-21 -1.25809e-09 -1.27203e-20  1.59683e-08   1.8592e-20  -1.3753e-07 -1.59718e-20  8.87648e-07  7.08514e-20 -4.53677e-06 -2.35548e-19  1.90061e-05  5.05964e-19   -6.678e-05  -8.2359e-19  0.000199895  1.00528e-18 -0.000515143 -6.78399e-19   0.00115038 -1.36634e-18  -0.00223249  7.22235e-18   0.00376134 -1.70197e-17  -0.00546941  2.68149e-17   0.00677099 -3.20219e-17  -0.00693267  3.10804e-17   0.00547839 -2.44535e-17  -0.00261746  1.41146e-17 -0.000659942 -4.09698e-18   0.00302736 -2.45792e-18  -0.00359552  5.62693e-18   0.00245954 -6.62786e-18 -0.000574644  5.83916e-18 -0.000943253 -3.61717e-18   0.00151632  1.29331e-18  -0.00128192  -5.9055e-20  0.000741166 -1.24884e-19 -0.000300238 -4.37497e-20  7.99181e-05  6.60478e-20 -1.13434e-05 -7.26728e-21
-9.93424e-12  3.07238e-22  4.07434e-10  8.70646e-21 -6.72805e-09 -2.47889e-20  6.91664e-08  2.14025e-20 -5.11211e-07 -4.53938e-20  2.92084e-06  2.02433e-19 -1.34699e-05 -5.29351e-19  5.15615e-05  1.02141e-18 -0.000166959 -1.57297e-18  0.000463257  1.95283e-18  -0.00111074 -1.36634e-18   0.00231213 -2.61973e-18  -0.00418271  1.22555e-17   0.00655471 -2.50029e-17  -0.00881632  3.45373e-17   0.00997847 -3.72181e-17  -0.00909866  3.32453e-17   0.00592857 -2.39669e-17   -0.0013469  1.27623e-17  -0.00288265 -4.00348e-18   0.00505192 -1.25954e-18    -0.004551  4.61262e-18   0.00220756 -6.42841e-18  0.000367341  5.81224e-18  -0.00188661 -3.27359e-18   0.00206135  9.00545e-19  -0.00142897  1.03223e-19  0.000693814 -8.71777e-20  -0.00023098 -8.61248e-20  4.68618e-05   6.6013e-20 -3.80945e-06
-6.30209e-22 -1.03708e-10 -3.18771e-21  2.43942e-09  2.38748e-20 -3.09663e-08 -3.40218e-20  2.66734e-07  3.12445e-20 -1.72174e-06 -1.44968e-19   8.8006e-06  4.85871e-19 -3.68719e-05 -1.09246e-18  0.000129563  1.96473e-18 -0.000387856 -2.98774e-18  0.000999613  3.83996e-18  -0.00223249 -2.61973e-18   0.00433301 -4.48576e-18  -0.00730162   1.8002e-17    0.0106202 -3.14867e-17    -0.013153  3.82555e-17     0.013477 -3.75564e-17   -0.0106656  3.10506e-17    0.0051195 -2.09656e-17   0.00124773  1.17084e-17  -0.00586756 -5.78274e-18   0.00701236  1.22306e-18  -0.00485487  3.47499e-18   0.00123142 -6.42031e-18   0.00170585  5.78083e-18  -0.00283654  -3.0824e-18    0.0024157  1.00939e-18      -0.0014  -3.4026e-19  0.000567362  3.44447e-19 -0.000150916 -2.13595e-19  2.13877e-05  2.11742e-20
  1.7972e-11 -3.94004e-22 -7.37092e-10 -1.56318e-20  1.21717e-08  4.30894e-20 -1.25126e-07 -3.70114e-20  9.24782e-07  8.63478e-20 -5.28363e-06 -3.85986e-19  2.43654e-05  1.03359e-18 -9.32652e-05 -2.11578e-18  0.000301992  3.65308e-18 -0.000837927 -5.64126e-18   0.00200916  7.22235e-18  -0.00418271 -4.48576e-18   0.00756819 -6.58325e-18   -0.0118644  2.21933e-17    0.0159685 -3.29561e-17   -0.0180946  3.52335e-17    0.0165374 -3.15935e-17   -0.0108384  2.42492e-17   0.00256815  -1.6447e-17   0.00510486  1.18967e-17  -0.00910131 -9.02081e-18   0.00830402  3.95812e-18  -0.00417267  2.29719e-18 -0.000420798 -5.26679e-18   0.00316975  3.68814e-18   -0.0035401 -7.82328e-19   0.00247012 -7.12025e-19  -0.00120174  6.53373e-19  0.000400016  -1.8729e-19 -8.10309e-05  1.24828e-20  6.56922e-06
 9.92406e-22  1.74985e-10  5.60811e-21 -4.11523e-09 -3.95344e-20  5.22292e-08  5.49815e-20 -4.49797e-07 -5.33094e-20  2.90281e-06  2.56944e-19 -1.48347e-05   -8.676e-19  6.21417e-05  2.01867e-18 -0.000218323 -3.87479e-18  0.000653486   6.5916e-18  -0.00168411 -1.02305e-17   0.00376134  1.22555e-17  -0.00730162 -6.58325e-18     0.012309 -8.00859e-18   -0.0179172  2.20813e-17     0.022222 -2.71236e-17   -0.0228313  2.50117e-17     0.018177 -1.99874e-17  -0.00890453  1.43669e-17   -0.0018081 -1.19815e-17   0.00967378  1.29531e-17   -0.0117839 -1.11979e-17    0.0083768  3.89829e-18  -0.00245935  3.88426e-18  -0.00241411 -6.44947e-18   0.00436863  4.58535e-18  -0.00378554 -2.38592e-18   0.00220649  1.50377e-18 -0.000895353 -1.30352e-18   0.00023788  7.56093e-19 -3.36112e-05 -1.26406e-19
-2.82562e-11  4.14337e-22  1.15842e-09  2.47311e-20 -1.91212e-08 -6.62304e-20  1.96487e-07  5.62668e-20  -1.4516e-06 -1.41441e-19  8.29022e-06  6.34835e-19 -3.82157e-05 -1.72717e-18   0.00014623  3.66676e-18 -0.000473352 -6.72707e-18   0.00131312  1.13918e-17  -0.00314827 -1.70197e-17   0.00655471   1.8002e-17   -0.0118644 -8.00859e-18    0.0186146 -7.74137e-18   -0.0250926  1.63034e-17     0.028517 -1.48981e-17   -0.0262181  1.01262e-17    0.0174462  -5.7208e-18  -0.00458992  4.68014e-18  -0.00747395 -9.65017e-18    0.0139687  1.50473e-17   -0.0131007 -1.28746e-17   0.00702321  4.61319e-18 -8.02265e-05  1.15958e-18  -0.00419778 -4.22535e-19   0.00493908   -2.883e-18  -0.00349826  4.51384e-18   0.00171005 -3.74801e-18 -0.000569231  2.00194e-18  0.000114963 -6.99121e-19 -9.26895e-06
-1.39027e-21   -2.558e-10 -8.62149e-21  6.01166e-09  5.78761e-20 -7.62454e-08 -7.85112e-20  6.56172e-07  7.83284e-20 -4.23183e-06 -3.90456e-19  2.16128e-05  1.32397e-18 -9.04801e-05 -3.13594e-18  0.000317716  6.20684e-18 -0.000950574  -1.1063e-17   0.00244905  1.83654e-17  -0.00546941 -2.50029e-17    0.0106202  2.21933e-17   -0.0179172 -7.74137e-18    0.0261223 -5.31571e-18   -0.0324969  6.18791e-18    0.0335847 -6.98367e-20   -0.0270864 -5.43305e-18    0.0138525  7.60007e-18   0.00164094 -2.46307e-18   -0.0132909 -8.26046e-18    0.0168831   1.3466e-17   -0.0126103 -7.14814e-18   0.00458258 -3.80399e-18   0.00225124  9.68769e-18  -0.00520885 -9.53659e-18   0.00470624  7.89627e-18  -0.00278037 -6.64427e-18   0.00113192  5.32383e-18 -0.000300048 -3.03707e-18  4.21278e-05  7.13822e-19
 3.83318e-11 -3.48269e-22 -1.56982e-09 -3.45101e-20  2.58846e-08  9.01083e-20 -2.65707e-07 -7.46885e-20  1.96096e-06  1.97053e-19 -1.11881e-05 -8.90886e-19  5.15253e-05  2.43779e-18 -0.000196989 -5.24388e-18  0.000637187  9.80801e-18  -0.00176661 -1.71123e-17   0.00423423  2.68149e-17  -0.00881632 -3.14867e-17    0.0159685  2.20813e-17   -0.0250926 -5.31571e-18    0.0339288 -1.41199e-18   -0.0387846 -4.55939e-18    0.0360804  1.26795e-17   -0.0247274 -1.76035e-17   0.00774535  1.56979e-17    0.0085469 -3.21023e-18   -0.0178622 -1.19704e-17     0.017683  1.71761e-17   -0.0105548 -1.21191e-17   0.00190715  7.60775e-18    0.0037375 -1.01678e-17  -0.00512188  1.54069e-17   0.00377118 -1.75458e-17  -0.00186602  1.49291e-17  0.000621457 -9.18686e-18 -0.000124654  3.68136e-18  9.92044e-06
 1.73931e-21  3.20459e-10  1.15802e-20 -7.51959e-09 -7.49301e-20  9.52234e-08  9.89495e-20 -8.18254e-07 -9.76809e-20  5.26934e-06  5.04282e-19 -2.68734e-05 -1.71348e-18  0.000112355  4.07176e-18 -0.000394063 -8.09146e-18   0.00117785  1.45226e-17  -0.00303257 -2.45432e-17   0.00677099  3.45373e-17    -0.013153 -3.29561e-17     0.022222  1.63034e-17   -0.0324969 -1.41199e-18    0.0406628   2.5608e-18   -0.0424974 -1.25823e-17    0.0351129  2.13318e-17   -0.0193544 -2.57318e-17  0.000414066  1.99502e-17    0.0144711 -4.40307e-18    -0.020129 -6.49659e-18    0.0164413  1.97815e-18  -0.00787687  1.23862e-17  4.11178e-05 -2.40768e-17   0.00385576  2.88107e-17  -0.00400978 -2.93882e-17   0.00246729   2.6537e-17  -0.00101455 -2.03849e-17  0.000267369  1.15189e-17 -3.68879e-05 -3.12815e-18
-4.41775e-11  2.34872e-22  1.80521e-09  4.24293e-20 -2.96998e-08 -1.08479e-19  3.04201e-07  8.58954e-20 -2.24022e-06 -2.31056e-19  1.27548e-05  1.06116e-18 -5.86248e-05 -2.90144e-18  0.000223726  6.22423e-18 -0.000722539 -1.15658e-17   0.00200081  2.01722e-17  -0.00479218 -3.20219e-17   0.00997847  3.82555e-17   -0.0180946 -2.71236e-17     0.028517  6.18791e-18   -0.0387846   2.5608e-18    0.0448269   5.0494e-18   -0.0426224 -1.62567e-17    0.0307673  2.50259e-17   -0.0122594 -2.66097e-17  -0.00627617  1.30764e-17    0.0180318  9.66589e-18   -0.0199394 -2.58462e-17    0.0141287  3.08845e-17  -0.00585238 -3.43305e-17 -0.000263028  4.39784e-17   0.00261997   -5.471e-17  -0.00231472  5.80952e-17    0.0012045 -5.01089e-17 -0.000402406  3.25105e-17  7.86687e-05 -1.37486e-17 -5.94298e-06
-1.95012e-21 -3.36346e-10 -1.35458e-20  7.86725e-09  8.56775e-20 -9.93102e-08 -1.09834e-19  8.50702e-07  1.01517e-19 -5.46156e-06 -5.49222e-19  2.77721e-05  1.87562e-18 -0.000115794 -4.43684e-18  0.000405124  8.71768e-18  -0.00120843 -1.54302e-17   0.00310677  2.61252e-17  -0.00693267 -3.72181e-17     0.013477  3.52335e-17   -0.0228313 -1.48981e-17    0.0335847 -4.55939e-18   -0.0424974   5.0494e-18    0.0453652  6.35676e-18   -0.0391536  -1.8766e-17    0.0243127  2.98729e-17  -0.00545594 -3.15252e-17   -0.0106548  1.96563e-17     0.018826 -8.99052e-18   -0.0182318  1.62168e-17    0.0122158 -4.10529e-17  -0.00547421  6.92812e-17    0.0010662 -8.94701e-17  0.000584126  9.75721e-17 -0.000636017  -8.9978e-17  0.000289621  6.81877e-17  -7.2561e-05 -3.83415e-17  8.34853e-06  1.10456e-17
 4.18743e-11 -1.67631e-22 -1.70316e-09 -4.58104e-20  2.78908e-08  1.15344e-19 -2.84354e-07 -8.45662e-20  2.08454e-06   2.2354e-19 -1.18159e-05 -1.06329e-18   5.4081e-05  2.90268e-18 -0.000205584 -6.16178e-18  0.000661696  1.12096e-17  -0.00182743 -1.93165e-17   0.00436984  3.10804e-17  -0.00909866 -3.75564e-17    0.0165374  2.50117e-17   -0.0262181 -6.98367e-20    0.0360804 -1.25823e-17   -0.0426224  6.35676e-18    0.0422392  5.78063e-18   -0.0333346 -1.84101e-17    0.0178548  2.63408e-17 -0.000845992 -1.53727e-17   -0.0120747 -1.57877e-17    0.0177153  5.17016e-17   -0.0166231 -8.15463e-17    0.0119245  1.08972e-16  -0.00691469 -1.39991e-16   0.00336377  1.66104e-16  -0.00143036 -1.72073e-16   0.00054554  1.48359e-16 -0.000177264  -9.7998e-17  4.08092e-05   4.2409e-17 -4.07459e-06
 1.96645e-21  2.81288e-10  1.36962e-20 -6.53324e-09 -8.62311e-20  8.18902e-08  1.06895e-19 -6.96565e-07 -8.40625e-20  4.44115e-06  4.93024e-19 -2.24324e-05 -1.71081e-18    9.294e-05  4.01751e-18 -0.000323305 -7.72702e-18  0.000959717   1.3298e-17  -0.00245874 -2.26214e-17   0.00547839  3.32453e-17   -0.0106656 -3.15935e-17     0.018177  1.01262e-17   -0.0270864  1.26795e-17    0.0351129 -1.62567e-17   -0.0391536  5.78063e-18    0.0366813  9.12413e-18   -0.0273184 -2.90199e-17    0.0134591  4.53696e-17  0.000715386 -4.85074e-17   -0.0113018  5.08184e-17    0.0164179 -7.55489e-17    -0.016538  1.31155e-16    0.0135304 -2.01399e-16  -0.00939933  2.60082e-16   0.00556199  -2.8617e-16   -0.0027306  2.64621e-16    0.0010506 -1.99103e-16 -0.000285339  1.11241e-16  4.33201e-05 -3.27291e-17
-3.01628e-11  2.37452e-22  1.21303e-09  4.31603e-20  -1.9638e-08  -1.0789e-19   1.9791e-07  6.94204e-20 -1.43415e-06 -1.68005e-19    8.037e-06  8.67779e-19 -3.63813e-05 -2.37384e-18  0.000136878  4.95369e-18 -0.000436529  -8.6635e-18   0.00119673  1.46132e-17  -0.00284855 -2.44535e-17   0.00592857  3.10506e-17   -0.0108384 -1.99874e-17    0.0174462 -5.43305e-18   -0.0247274  2.13318e-17    0.0307673  -1.8766e-17   -0.0333346  9.12413e-18     0.030859  3.92585e-18   -0.0232657 -1.60596e-17    0.0121347  5.92027e-18 -9.75706e-05    4.073e-17   -0.0101214 -1.15094e-16    0.0165297  2.00957e-16   -0.0183484 -2.90787e-16    0.0161509  3.80624e-16   -0.0115997  -4.4794e-16   0.00672871  4.58859e-16  -0.00304352 -3.92753e-16   0.00100305  2.59861e-16 -0.000209414 -1.13169e-16  1.79947e-05
-1.78968e-21  -1.6201e-10 -1.18002e-20  3.68521e-09  7.59316e-20 -4.52098e-08 -9.04572e-20  3.76196e-07  4.77863e-20 -2.34575e-06 -3.40498e-19  1.15887e-05  1.23543e-18 -4.69897e-05 -2.87134e-18  0.000160207   5.3005e-18 -0.000467342 -8.58379e-18   0.00118182  1.48904e-17  -0.00261746 -2.39669e-17    0.0051195  2.42492e-17  -0.00890453  -5.7208e-18    0.0138525 -1.76035e-17   -0.0193544  2.50259e-17    0.0243127 -1.84101e-17   -0.0273184  3.92585e-18     0.026964  2.49643e-17   -0.0222785 -6.44004e-17    0.0132779  1.02299e-16   -0.0014526 -1.48284e-16   -0.0102712  2.31375e-16    0.0185083 -3.68479e-16   -0.0210672  5.36439e-16    0.0181931 -6.80156e-16   -0.0123312  7.43007e-16   0.00649569 -6.84458e-16  -0.00255141  5.11494e-16   0.00068304 -2.83255e-16 -9.98869e-05  8.35154e-17
 1.21852e-11  -4.5719e-22 -4.66987e-10 -3.51017e-20  7.17747e-09  8.81942e-20 -6.84041e-08 -4.46696e-20   4.6692e-07  7.85807e-20 -2.45589e-06 -5.24953e-19  1.04058e-05  1.45544e-18 -3.66137e-05 -2.93491e-18  0.000109492  4.65596e-18 -0.000283915 -7.41993e-18  0.000650931  1.41146e-17   -0.0013469 -2.09656e-17   0.00256815  1.43669e-17  -0.00458992  7.60007e-18   0.00774535 -2.57318e-17   -0.0122594  2.98729e-17    0.0178548 -2.90199e-17   -0.0232657  2.49643e-17     0.026129 -2.02423e-17    -0.023796  4.31638e-17    0.0150227  -1.2634e-16  -0.00149625   2.7731e-16   -0.0122862 -4.80259e-16     0.021272  7.10679e-16   -0.0228456 -9.36441e-16    0.0182221  1.09468e-15   -0.0111438  -1.1077e-15   0.00514287  9.36032e-16  -0.00169219 -6.14428e-16   0.00034751  2.66335e-16 -2.90612e-05
 1.47455e-21  1.87231e-11  8.42848e-21 -2.87082e-10 -5.79371e-20  1.73271e-09  6.56988e-20  1.12858e-09 -4.38001e-21 -1.07278e-07  1.40656e-19  1.03423e-06 -6.03309e-19 -6.22496e-06   1.3769e-18  2.78312e-05 -2.26133e-18 -9.83015e-05  2.90817e-18  0.000281726 -5.61061e-18 -0.000659942  1.27623e-17   0.00124773  -1.6447e-17   -0.0018081  4.68014e-18   0.00164094  1.56979e-17  0.000414066 -2.66097e-17  -0.00545594  2.63408e-17    0.0134591 -1.60596e-17   -0.0222785 -2.02423e-17    0.0278074  9.19642e-17   -0.0259298 -1.95007e-16    0.0154258  3.42129e-16  0.000376121 -5.67547e-16   -0.0150071  8.90361e-16    0.0227389 -1.26614e-15   -0.0220153  1.58357e-15    0.0157321 -1.71593e-15  -0.00846843  1.57163e-15    0.0033356  -1.1652e-15 -0.000884144  6.37979e-16  0.000126793 -1.86455e-16
 5.36208e-12  7.32953e-22 -2.55766e-10  2.41963e-20  4.80543e-09 -6.24094e-20 -5.52466e-08  1.86895e-20  4.50191e-07  1.28047e-20 -2.80122e-06   1.5576e-19   1.3912e-05 -4.74624e-19 -5.67367e-05  8.44091e-19  0.000193591 -6.94029e-19 -0.000559195  4.78422e-19   0.00137568 -4.09698e-18  -0.00288265  1.17084e-17   0.00510486 -1.19815e-17  -0.00747395 -2.46307e-18    0.0085469  1.99502e-17  -0.00627617 -3.15252e-17 -0.000845992  4.53696e-17    0.0121347 -6.44004e-17    -0.023796  9.19642e-17    0.0301029 -1.64537e-16   -0.0266784  3.38255e-16    0.0138233 -6.48247e-16   0.00295128  1.08716e-15   -0.0161555 -1.60291e-15    0.0210371  2.10015e-15   -0.0180482 -2.42647e-15    0.0113643  2.41832e-15  -0.00527933 -2.01083e-15    0.0017235  1.30213e-15 -0.000347307 -5.57613e-16  2.82116e-05
-1.10126e-21  9.28585e-11 -4.69751e-21 -2.33207e-09   3.7738e-20  3.14388e-08 -4.02549e-20 -2.86156e-07  -3.0161e-20  1.94245e-06  3.37646e-20 -1.03914e-05  4.20128e-20  4.53394e-05 -8.06457e-20 -0.000165023 -2.48786e-19  0.000508567  1.55967e-18  -0.00133936 -1.67428e-18   0.00302736 -4.00348e-18  -0.00586756  1.18967e-17   0.00967378 -9.65017e-18   -0.0132909 -3.21023e-18    0.0144711  1.30764e-17   -0.0106548 -1.53727e-17  0.000715386  5.92027e-18    0.0132779  4.31638e-17   -0.0259298 -1.64537e-16    0.0309935   3.7946e-16   -0.0253366 -7.18924e-16    0.0114596  1.22578e-15   0.00379966 -1.90983e-15   -0.0136954  2.67687e-15    0.0156505 -3.31032e-15   -0.0118502  3.55467e-15   0.00648365 -3.22845e-15  -0.00253581   2.3686e-15  0.000655902 -1.27858e-15 -9.02745e-05  3.67674e-16
-1.57588e-11 -9.18322e-22  6.76402e-10 -1.36722e-20 -1.16547e-08  3.77583e-20  1.24657e-07  2.19195e-22 -9.55857e-07 -7.31951e-20  5.64956e-06  1.12252e-19   -2.687e-05 -2.32327e-19  0.000105728  5.96381e-19 -0.000350605 -1.84772e-18  0.000991858  3.86866e-18  -0.00241131 -2.45792e-18   0.00505192 -5.78274e-18  -0.00910131  1.29531e-17    0.0139687 -8.26046e-18   -0.0178622 -4.40307e-18    0.0180318  1.96563e-17   -0.0120747 -4.85074e-17 -9.75706e-05  1.02299e-16    0.0150227 -1.95007e-16   -0.0266784   3.7946e-16    0.0297591 -7.43946e-16   -0.0231629  1.36284e-15    0.0108671 -2.24172e-15  0.000765392  3.27778e-15  -0.00715129  -4.2533e-15   0.00778626  4.84913e-15  -0.00524156 -4.75735e-15   0.00243235  3.88858e-15 -0.000758231 -2.47646e-15  0.000139462  1.04236e-15 -9.70754e-06
 7.43414e-22 -1.33367e-10  1.68885e-21   3.2402e-09 -2.04877e-20  -4.2399e-08  2.04526e-20  3.75721e-07  4.47162e-20 -2.49008e-06 -1.28218e-19  1.30415e-05  2.80369e-19 -5.58654e-05 -6.39355e-19  0.000200234  1.52618e-18 -0.000609787 -3.66629e-18   0.00159377  5.39838e-18  -0.00359552 -1.25954e-18   0.00701236 -9.02081e-18   -0.0117839  1.50473e-17    0.0168831 -1.19704e-17    -0.020129  9.66589e-18     0.018826 -1.57877e-17   -0.0113018    4.073e-17   -0.0014526  -1.2634e-16    0.0154258  3.38255e-16   -0.0253366 -7.43946e-16    0.0276618  1.41465e-15   -0.0227475 -2.40913e-15    0.0142793   3.7098e-15  -0.00657004 -5.12491e-15   0.00195898  6.25675e-15 -0.000246769 -6.63893e-15  4.41266e-07  5.95747e-15 -6.50603e-05 -4.31106e-15  5.81665e-05  2.28728e-15 -1.74001e-05 -6.43542e-16
 1.62305e-11  9.14183e-22 -6.81967e-10  5.88615e-21  1.15191e-08 -1.92629e-20 -1.20946e-07  -8.2318e-21  9.11634e-07  8.79098e-20 -5.30434e-06 -2.17965e-19  2.48761e-05  5.15904e-19 -9.67029e-05 -1.11981e-18  0.000317567  2.61139e-18 -0.000892442 -5.26711e-18   0.00216438  5.62693e-18    -0.004551  1.22306e-18   0.00830402 -1.11979e-17   -0.0131007   1.3466e-17     0.017683 -6.49659e-18   -0.0199394 -8.99052e-18    0.0177153  5.08184e-17   -0.0101214 -1.48284e-16  -0.00149625  3.42129e-16    0.0138233 -7.18924e-16   -0.0231629  1.41465e-15    0.0273102 -2.55513e-15   -0.0263656  4.15576e-15    0.0220567 -6.02355e-15   -0.0164007  7.73499e-15    0.0108477 -8.70313e-15  -0.00622048  8.40885e-15   0.00293443 -6.75568e-15  -0.00104616  4.22334e-15  0.000241891 -1.74082e-15 -2.33826e-05
-4.49072e-22  1.02825e-10  5.83731e-23  -2.4517e-09  8.89361e-21  3.15063e-08 -8.73631e-21  -2.7441e-07 -3.90994e-20  1.78919e-06   1.3475e-19 -9.23028e-06 -3.38597e-19  3.90101e-05   7.5334e-19 -0.000138256 -1.61554e-18  0.000417617  3.69587e-18   -0.0010874 -6.26444e-18   0.00245954  4.61262e-18  -0.00485487  3.95812e-18    0.0083768 -1.28746e-17   -0.0126103  1.71761e-17    0.0164413 -2.58462e-17   -0.0182318  5.17016e-17    0.0164179 -1.15094e-16   -0.0102712   2.7731e-16  0.000376121 -6.48247e-16    0.0114596  1.36284e-15   -0.0227475 -2.55513e-15    0.0309928  4.30454e-15   -0.0343349 -6.53595e-15    0.0321598  8.89028e-15   -0.0255139 -1.06921e-14    0.0168615   1.1177e-14   -0.0089913 -9.87599e-15    0.0036685  7.02699e-15  -0.00103996 -3.65369e-15  0.000163612  1.00121e-15
 -9.3481e-12 -7.31767e-22  3.83059e-10 -1.51314e-21 -6.31014e-09  8.24955e-21  6.46263e-08   7.2013e-21 -4.75388e-07 -6.61818e-20  2.70194e-06  1.86498e-19  -1.2398e-05 -4.48296e-19  4.72809e-05   9.2571e-19 -0.000152956 -2.09049e-18  0.000426143  4.63848e-18  -0.00103438 -6.62786e-18   0.00220756  3.47499e-18  -0.00417267  3.89829e-18   0.00702321 -7.14814e-18   -0.0105548  1.97815e-18    0.0141287  1.62168e-17   -0.0166231 -7.55489e-17    0.0165297  2.31375e-16   -0.0122862 -5.67547e-16   0.00295128  1.22578e-15    0.0108671 -2.40913e-15   -0.0263656  4.30454e-15     0.039011 -6.92416e-15    -0.044464  9.93343e-15    0.0410439 -1.26107e-14   -0.0308943  1.40004e-14    0.0186943 -1.33216e-14  -0.00878946  1.05151e-14   0.00300839 -6.44247e-15 -0.000653648  2.59271e-15  5.87511e-05
 2.37718e-22 -3.67379e-11 -6.55933e-22  8.29701e-10 -2.84134e-21 -1.00696e-08  3.75249e-21  8.26108e-08  2.23642e-20 -5.06442e-07 -8.62415e-20  2.45601e-06  2.26263e-19  -9.7834e-06 -4.87369e-19  3.29258e-05  1.00494e-18 -9.58698e-05 -2.53551e-18  0.000246914  5.33758e-18 -0.000574644 -6.42841e-18   0.00123142  2.29719e-18  -0.00245935  4.61319e-18   0.00458258 -1.21191e-17  -0.00787687  3.08845e-17    0.0122158 -8.15463e-17    -0.016538  2.00957e-16    0.0185083 -4.80259e-16   -0.0150071  1.08716e-15   0.00379966 -2.24172e-15    0.0142793  4.15576e-15   -0.0343349 -6.92416e-15    0.0491209  1.03712e-14   -0.0529972 -1.38893e-14    0.0454223   1.6435e-14    -0.031127 -1.68907e-14     0.016752   1.4659e-14  -0.00677636 -1.02293e-14   0.00188259   5.1987e-15 -0.000288114  -1.3821e-15
  7.6225e-13  4.70248e-22 -1.80789e-11 -1.81186e-22  7.34507e-11 -3.12138e-21  1.60527e-09 -2.24653e-21 -2.93469e-08  3.09138e-20  2.65328e-07 -9.29972e-20 -1.64782e-06  2.19307e-19  7.74619e-06 -4.15467e-19 -2.87459e-05  1.01969e-18  8.55807e-05 -2.97135e-18 -0.000203119  5.83916e-18  0.000367341 -6.42031e-18 -0.000420798  3.88426e-18 -8.02265e-05 -3.80399e-18   0.00190715  1.23862e-17  -0.00585238 -4.10529e-17    0.0119245  1.31155e-16   -0.0183484 -3.68479e-16     0.021272  8.90361e-16   -0.0161555 -1.90983e-15  0.000765392   3.7098e-15    0.0220567 -6.53595e-15    -0.044464  1.03712e-14    0.0574947 -1.46883e-14   -0.0564817  1.84004e-14    0.0438211 -2.01316e-14   -0.0268275  1.88459e-14    0.0126137 -1.45986e-14  -0.00428476  8.75051e-15  0.000919264  -3.4288e-15 -8.13005e-05
-1.06256e-22 -2.10813e-11  5.87149e-22  5.69947e-10  5.35957e-22 -8.19097e-09 -2.40588e-21  7.88162e-08  -5.7756e-21 -5.61284e-07  2.80566e-20  3.12652e-06 -7.29326e-20 -1.40914e-05  1.31099e-19  5.24948e-05 -2.41603e-19 -0.000163678  1.03302e-18  0.000429257 -3.33722e-18 -0.000943253  5.81224e-18   0.00170585 -5.26679e-18  -0.00241411  1.15958e-18   0.00225124  7.60775e-18  4.11178e-05 -3.43305e-17  -0.00547421  1.08972e-16    0.0135304 -2.90787e-16   -0.0210672  7.10679e-16    0.0227389 -1.60291e-15   -0.0136954  3.27778e-15  -0.00657004 -6.02355e-15    0.0321598  9.93343e-15   -0.0529972 -1.46883e-14    0.0606239  1.93742e-14   -0.0534196 -2.25446e-14    0.0370605  2.27522e-14   -0.0200125 -1.93612e-14   0.00807705   1.3223e-14  -0.00223054 -6.55291e-15  0.000338448  1.68434e-15
 4.77842e-12 -2.38438e-22 -2.14145e-10  4.43854e-22  3.84114e-09  1.28114e-21 -4.26407e-08 -1.93699e-21  3.38259e-07  -2.8084e-21 -2.06084e-06  9.28587e-21  1.00603e-05 -8.70413e-21 -4.04144e-05 -4.65623e-20  0.000135879 -3.13558e-20 -0.000386034  1.11246e-18  0.000929427 -3.61717e-18  -0.00188661  5.78083e-18   0.00316975 -6.44947e-18  -0.00419778  9.68769e-18    0.0037375 -2.40768e-17 -0.000263028  6.92812e-17  -0.00691469 -2.01399e-16    0.0161509  5.36439e-16   -0.0228456 -1.26614e-15    0.0210371  2.67687e-15  -0.00715129 -5.12491e-15   -0.0164007  8.89028e-15    0.0410439 -1.38893e-14   -0.0564817  1.93742e-14    0.0570046 -2.38979e-14   -0.0447817  2.57195e-14    0.0275494 -2.36482e-14   -0.0129577  1.79474e-14   0.00439042 -1.05034e-14 -0.000937684  3.99637e-15  8.24392e-05
 3.75043e-23  4.62591e-11 -3.25545e-22 -1.16618e-09 -1.04779e-23  1.58033e-08  2.06609e-21 -1.44706e-07   -3.788e-21  9.88379e-07  9.14592e-21 -5.31775e-06 -3.00112e-20  2.33052e-05  1.08369e-19 -8.50002e-05 -2.76352e-19  0.000261478  1.25842e-19  -0.00068312  1.19279e-18   0.00151632 -3.27359e-18  -0.00283654  3.68814e-18   0.00436863 -4.22535e-19  -0.00520885 -1.01678e-17   0.00385576  4.39784e-17    0.0010662 -1.39991e-16  -0.00939933  3.80624e-16    0.0181931 -9.36441e-16   -0.0220153  2.10015e-15    0.0156505  -4.2533e-15   0.00195898  7.73499e-15   -0.0255139 -1.26107e-14    0.0454223  1.84004e-14   -0.0534196 -2.38979e-14    0.0476635  2.73304e-14    -0.033251 -2.70572e-14    0.0179862  2.25429e-14  -0.00725463 -1.50393e-14   0.00199908  7.25041e-15  -0.00030235 -1.79585e-15
