   0.0381921  4.81217e-19   -0.0671366  9.10826e-18   -0.0260346 -1.41282e-17   0.00334584  -1.8497e-17   0.00603099 -4.72451e-18   0.00259786 -7.19679e-18  0.000656708  2.28907e-18  0.000106085 -3.52573e-19  1.03725e-05  3.59346e-19  4.93826e-07 -2.48034e-19  4.36556e-09
 4.81217e-19     0.135055 -3.94425e-18   -0.0701661  4.05499e-17   -0.0727066 -1.34826e-17   -0.0462891 -1.37599e-17   -0.0215822  4.52465e-18  -0.00737057 -2.85065e-18  -0.00182308  3.15181e-18 -0.000315703  7.59165e-19 -3.52432e-05 -2.06391e-19 -2.04271e-06 -7.56338e-20
  -0.0671366 -3.94425e-18     0.172663 -4.84496e-19    0.0131461  2.65716e-17   -0.0703109  3.44661e-17   -0.0537161  2.53831e-17    -0.022475  1.27074e-17  -0.00631336  1.30552e-18  -0.00123282  1.09418e-18 -0.000161526  6.78091e-19 -1.25554e-05 -6.38758e-19   -3.793e-07
 9.10826e-18   -0.0701661 -4.84496e-19     0.127049 -4.12313e-17    0.0381972  4.99805e-17  0.000405633  3.91296e-17  -0.00258819  1.93843e-17  -0.00068664 -1.12569e-18 -2.46447e-05 -1.81797e-18   2.5895e-05 -4.34295e-20  6.38012e-06 -5.41082e-19   5.7165e-07 -3.19527e-19
  -0.0260346  4.05499e-17    0.0131461 -4.12313e-17    0.0750418  1.80675e-17    0.0816778  1.48326e-17    0.0507062 -5.43036e-18    0.0213436 -6.81681e-18   0.00640761 -1.01101e-17   0.00136937  -3.3874e-18  0.000198601 -3.96617e-20   1.7201e-05 -1.01543e-18  5.81909e-07
-1.41282e-17   -0.0727066  2.65716e-17    0.0381972  1.80675e-17     0.123864   -1.078e-17     0.105453 -3.21979e-17    0.0536959 -2.45909e-17    0.0188391 -1.72151e-17   0.00470828 -8.91877e-18  0.000821954 -1.61561e-18  9.27201e-05 -8.17659e-19  5.45074e-06 -4.20039e-19
  0.00334584 -1.34826e-17   -0.0703109  4.99805e-17    0.0816778   -1.078e-17     0.130991 -4.60167e-17     0.086346 -4.51776e-17     0.036289 -2.39748e-17    0.0106825 -1.47822e-17   0.00222601 -4.93796e-18  0.000314396 -4.14002e-19  2.65302e-05  -9.5155e-19  8.75386e-07
 -1.8497e-17   -0.0462891  3.44661e-17  0.000405633  1.48326e-17     0.105453 -4.60167e-17    0.0988018 -5.59099e-17     0.051116  -3.4635e-17    0.0178825 -1.80066e-17   0.00443107 -8.31998e-18  0.000765681 -1.53108e-18  8.54731e-05 -6.91792e-19  4.97393e-06 -3.14928e-19
  0.00603099 -1.37599e-17   -0.0537161  3.91296e-17    0.0507062 -3.21979e-17     0.086346 -5.59099e-17    0.0573303 -4.29486e-17    0.0240938 -2.06031e-17   0.00707771 -1.05573e-17   0.00147073 -3.36544e-18  0.000207099 -3.41201e-19  1.74234e-05 -5.95088e-19  5.73211e-07
-4.72451e-18   -0.0215822  2.53831e-17  -0.00258819 -5.43036e-18    0.0536959 -4.51776e-17     0.051116 -4.29486e-17    0.0265175 -2.38463e-17   0.00927606 -1.10135e-17   0.00229641 -4.63385e-18   0.00039637 -8.18665e-19  4.41967e-05 -3.93122e-19   2.5692e-06 -1.58371e-19
  0.00259786  4.52465e-18    -0.022475  1.93843e-17    0.0213436 -2.45909e-17     0.036289  -3.4635e-17    0.0240938 -2.38463e-17    0.0101279 -1.07816e-17   0.00297611 -4.96578e-18   0.00061867 -1.49811e-18  8.71562e-05 -1.68022e-19  7.33607e-06 -2.64129e-19  2.41477e-07
-7.19679e-18  -0.00737057  1.27074e-17  -0.00068664 -6.81681e-18    0.0188391 -2.39748e-17    0.0178825 -2.06031e-17   0.00927606 -1.07816e-17   0.00324674 -4.65218e-18  0.000804455  -1.8035e-18  0.000138988 -3.02513e-19   1.5514e-05 -1.59664e-19  9.02838e-07 -5.66157e-20
 0.000656708 -2.85065e-18  -0.00631336 -1.12569e-18   0.00640761 -1.72151e-17    0.0106825 -1.80066e-17   0.00707771 -1.10135e-17   0.00297611 -4.65218e-18  0.000875471 -1.86065e-18   0.00018224 -5.10788e-19  2.57118e-05 -6.27299e-20  2.16759e-06 -8.51419e-20   7.1463e-08
 2.28907e-18  -0.00182308  1.30552e-18 -2.46447e-05 -1.01101e-17   0.00470828 -1.47822e-17   0.00443107 -1.05573e-17   0.00229641 -4.96578e-18  0.000804455 -1.86065e-18  0.000199611 -6.01864e-19  3.45457e-05 -9.42598e-20  3.86296e-06 -4.78133e-20   2.2522e-07 -1.45685e-20
 0.000106085  3.15181e-18  -0.00123282 -1.81797e-18   0.00136937 -8.91877e-18   0.00222601 -8.31998e-18   0.00147073 -4.63385e-18   0.00061867  -1.8035e-18   0.00018224 -6.01864e-19  3.80016e-05 -1.43352e-19  5.37177e-06 -1.86545e-20  4.53752e-07 -1.97323e-20  1.49898e-08
-3.52573e-19 -0.000315703  1.09418e-18   2.5895e-05  -3.3874e-18  0.000821954 -4.93796e-18  0.000765681 -3.36544e-18   0.00039637 -1.49811e-18  0.000138988 -5.10788e-19  3.45457e-05 -1.43352e-19  5.99045e-06 -2.10919e-20   6.7126e-07 -9.98624e-21  3.92195e-08 -2.61733e-21
 1.03725e-05  7.59165e-19 -0.000161526 -4.34295e-20  0.000198601 -1.61561e-18  0.000314396 -1.53108e-18  0.000207099 -8.18665e-19  8.71562e-05 -3.02513e-19  2.57118e-05 -9.42598e-20  5.37177e-06 -2.10919e-20  7.60909e-07 -2.91664e-21  6.44118e-08 -3.05682e-21  2.13249e-09
 3.59346e-19 -3.52432e-05  6.78091e-19  6.38012e-06 -3.96617e-20  9.27201e-05 -4.14002e-19  8.54731e-05 -3.41201e-19  4.41967e-05 -1.68022e-19   1.5514e-05 -6.27299e-20  3.86296e-06 -1.86545e-20   6.7126e-07 -2.91664e-21  7.53835e-08 -1.35899e-21  4.41429e-09 -3.04549e-22
 4.93826e-07 -2.06391e-19 -1.25554e-05 -5.41082e-19   1.7201e-05 -8.17659e-19  2.65302e-05 -6.91792e-19  1.74234e-05 -3.93122e-19  7.33607e-06 -1.59664e-19  2.16759e-06 -4.78133e-20  4.53752e-07 -9.98624e-21  6.44118e-08 -1.35899e-21  5.46463e-09 -3.56567e-22  1.81324e-10
-2.48034e-19 -2.04271e-06 -6.38758e-19   5.7165e-07 -1.01543e-18  5.45074e-06  -9.5155e-19  4.97393e-06 -5.95088e-19   2.5692e-06 -2.64129e-19  9.02838e-07 -8.51419e-20   2.2522e-07 -1.97323e-20  3.92195e-08 -3.05682e-21  4.41429e-09 -3.56567e-22  2.59081e-10 -2.76952e-23
 4.36556e-09 -7.56338e-20   -3.793e-07 -3.19527e-19  5.81909e-07 -4.20039e-19  8.75386e-07 -3.14928e-19  5.73211e-07 -1.58371e-19  2.41477e-07 -5.66157e-20   7.1463e-08 -1.45685e-20  1.49898e-08 -2.61733e-21  2.13249e-09 -3.04549e-22  1.81324e-10 -2.76952e-23  6.03025e-12
