  0.00914673 -7.59154e-18   -0.0254871  2.13406e-17    0.0147425 -1.58165e-17   0.00699234   1.0146e-18  -0.00551295  3.76084e-18  -0.00325021 -4.71016e-19   0.00102237 -3.26667e-19    0.0011086  1.99693e-19  0.000119883 -2.45276e-19 -0.000100456  3.87866e-20 -2.15764e-05
-7.59154e-18    0.0400233 -1.10015e-17   -0.0534467  2.08837e-17   0.00835237 -9.96814e-18    0.0205237 -3.85256e-18  -0.00242631  3.36661e-18  -0.00753282  2.07521e-19 -0.000795383  4.00965e-19   0.00166527  3.48757e-20  0.000605826 -3.15466e-19  2.08403e-21 -1.95365e-20
  -0.0254871 -1.10015e-17    0.0771883 -8.81495e-18   -0.0567297  1.52642e-17    -0.013275 -3.68151e-18    0.0250017 -6.60981e-18   0.00598828  1.39073e-18  -0.00817706 -5.37424e-19  -0.00341555   1.6526e-18   0.00111736 -1.29923e-19  0.000844605 -3.35979e-19  0.000100456
 2.13406e-17   -0.0534467 -8.81495e-18    0.0869827  -8.4562e-18   -0.0355399  1.32543e-17   -0.0284246 -3.03444e-19    0.0192844 -5.80589e-18    0.0121745 -7.93826e-19  -0.00587197  -1.1926e-18   -0.0050409   2.6831e-18  5.45504e-19 -1.99134e-19  0.000605826 -2.95147e-19
   0.0147425  2.08837e-17   -0.0567297  -8.4562e-18    0.0684233 -7.78213e-18   -0.0160697  1.23389e-17   -0.0310907  3.19062e-18    0.0123532  -2.3844e-18    0.0148256 -3.16152e-18  -0.00292794 -3.88087e-19  -0.00552814  2.61133e-18  -0.00111736 -3.54361e-19  0.000119883
-1.58165e-17   0.00835237  1.52642e-17   -0.0355399 -7.78213e-18     0.049161 -8.37405e-18    -0.008629  1.15486e-17   -0.0299246  5.25719e-18   0.00752928  4.96542e-19    0.0159224 -5.44164e-18 -4.33528e-18  9.08446e-19   -0.0050409   1.2606e-18  -0.00166527 -4.41643e-19
  0.00699234 -9.96814e-18    -0.013275  1.32543e-17   -0.0160697 -8.37405e-18    0.0413791 -1.04468e-17  -0.00601931  8.80199e-18   -0.0293824  4.05057e-18   0.00364158  1.15501e-18    0.0162701  -5.2676e-18   0.00292794  9.78754e-19  -0.00341555 -3.37148e-19   -0.0011086
  1.0146e-18    0.0205237 -3.68151e-18   -0.0284246  1.23389e-17    -0.008629 -1.04468e-17    0.0385964 -1.08989e-17  -0.00366997   3.6733e-18   -0.0291383  1.70173e-18  8.15181e-18  1.46994e-18    0.0159224 -2.63088e-18   0.00587197 -5.41223e-19 -0.000795383 -8.95266e-19
 -0.00551295 -3.85256e-18    0.0250017 -3.03444e-19   -0.0310907  1.15486e-17  -0.00601931 -1.08989e-17    0.0364816 -5.22613e-18  -0.00167294 -2.64477e-18   -0.0290149  1.72993e-18  -0.00364158  2.09779e-18    0.0148256 -1.78813e-18   0.00817706 -2.32531e-18   0.00102237
 3.76084e-18  -0.00242631 -6.60981e-18    0.0192844  3.19062e-18   -0.0299246  8.80199e-18  -0.00366997 -5.22613e-18     0.035202  3.46009e-18  -4.5007e-18 -6.83746e-18   -0.0291383  4.23939e-18  -0.00752928  9.33756e-19    0.0121745 -4.19506e-18   0.00753282 -2.35045e-18
 -0.00325021  3.36661e-18   0.00598828 -5.80589e-18    0.0123532  5.25719e-18   -0.0293824   3.6733e-18  -0.00167294  3.46009e-18    0.0348311  5.77032e-18   0.00167294 -4.49536e-18   -0.0293824  7.52342e-18   -0.0123532  -1.3392e-18   0.00598828 -5.12705e-18   0.00325021
-4.71016e-19  -0.00753282  1.39073e-18    0.0121745  -2.3844e-18   0.00752928  4.05057e-18   -0.0291383 -2.64477e-18  -4.5007e-18  5.77032e-18     0.035202 -1.01247e-18   0.00366997  3.58969e-18   -0.0299246   1.0676e-17   -0.0192844   -8.771e-19  -0.00242631 -2.36499e-18
  0.00102237  2.07521e-19  -0.00817706 -7.93826e-19    0.0148256  4.96542e-19   0.00364158  1.70173e-18   -0.0290149 -6.83746e-18   0.00167294 -1.01247e-18    0.0364816 -9.29527e-18   0.00601931  1.02331e-17   -0.0310907  1.24107e-17   -0.0250017  1.64177e-18  -0.00551295
-3.26667e-19 -0.000795383 -5.37424e-19  -0.00587197 -3.16152e-18    0.0159224  1.15501e-18  8.15181e-18  1.72993e-18   -0.0291383 -4.49536e-18   0.00366997 -9.29527e-18    0.0385964  -1.2404e-17     0.008629  1.01177e-17   -0.0284246   1.0239e-17   -0.0205237  1.77441e-18
   0.0011086  4.00965e-19  -0.00341555  -1.1926e-18  -0.00292794 -5.44164e-18    0.0162701  1.46994e-18  -0.00364158  4.23939e-18   -0.0293824  3.58969e-18   0.00601931  -1.2404e-17    0.0413791 -1.28807e-17    0.0160697  2.94057e-18    -0.013275  3.78499e-18  -0.00699234
 1.99693e-19   0.00166527   1.6526e-18   -0.0050409 -3.88087e-19 -4.33528e-18  -5.2676e-18    0.0159224  2.09779e-18  -0.00752928  7.52342e-18   -0.0299246  1.02331e-17     0.008629 -1.28807e-17     0.049161 -1.78901e-17    0.0355399 -7.90363e-18   0.00835237 -1.51573e-18
 0.000119883  3.48757e-20   0.00111736   2.6831e-18  -0.00552814  9.08446e-19   0.00292794 -2.63088e-18    0.0148256  9.33756e-19   -0.0123532   1.0676e-17   -0.0310907  1.01177e-17    0.0160697 -1.78901e-17    0.0684233 -2.74982e-17    0.0567297 -1.38393e-17    0.0147425
-2.45276e-19  0.000605826 -1.29923e-19  5.45504e-19  2.61133e-18   -0.0050409  9.78754e-19   0.00587197 -1.78813e-18    0.0121745  -1.3392e-18   -0.0192844  1.24107e-17   -0.0284246  2.94057e-18    0.0355399 -2.74982e-17    0.0869827 -3.07141e-17    0.0534467 -9.31433e-18
-0.000100456 -3.15466e-19  0.000844605 -1.99134e-19  -0.00111736   1.2606e-18  -0.00341555 -5.41223e-19   0.00817706 -4.19506e-18   0.00598828   -8.771e-19   -0.0250017   1.0239e-17    -0.013275 -7.90363e-18    0.0567297 -3.07141e-17    0.0771883 -2.07886e-17    0.0254871
 3.87866e-20  2.08403e-21 -3.35979e-19  0.000605826 -3.54361e-19  -0.00166527 -3.37148e-19 -0.000795383 -2.32531e-18   0.00753282 -5.12705e-18  -0.00242631  1.64177e-18   -0.0205237  3.78499e-18   0.00835237 -1.38393e-17    0.0534467 -2.07886e-17    0.0400233 -7.06912e-18
-2.15764e-05 -1.95365e-20  0.000100456 -2.95147e-19  0.000119883 -4.41643e-19   -0.0011086 -8.95266e-19   0.00102237 -2.35045e-18   0.00325021 -2.36499e-18  -0.00551295  1.77441e-18  -0.00699234 -1.51573e-18    0.0147425 -9.31433e-18    0.0254871 -7.06912e-18   0.00914673
