 9.20728e-35  1.17378e-39 -2.10966e-35 -1.39173e-39 -1.46298e-35 -3.15862e-38  1.04003e-35  2.67257e-38  2.62635e-35  1.74866e-37 -3.20456e-35 -2.95892e-37 -5.74526e-36 -1.30166e-37  9.09185e-36  3.45388e-40  -2.9886e-36  9.85011e-38  1.09348e-36 -2.31175e-37 -3.28928e-36 -3.00856e-38   2.0047e-36  5.95401e-38 -4.68938e-37 -3.12765e-38   5.3321e-37  4.24385e-38  6.14772e-38 -9.67934e-39  -1.0565e-37  4.21686e-40  -6.4918e-38  5.16597e-40  8.27668e-38  1.42193e-39 -2.17248e-38 -1.82527e-39 -2.63729e-38  1.77115e-39  2.32978e-38  2.31971e-40 -2.82018e-39  8.01106e-41  1.99543e-39   -1.708e-41 -9.79638e-40  7.54391e-41 -6.11737e-40 -4.20326e-42 -9.95867e-41 -2.05936e-41 -8.64245e-41  7.83467e-42  8.23172e-41  2.99474e-42  3.44358e-41  7.25588e-43 -1.49202e-41 -3.96394e-43 -9.60951e-42  2.19693e-43  2.32255e-43  8.27021e-44 -1.42333e-42 -1.24099e-44   1.4342e-43  -2.2923e-44  2.02817e-43  1.02591e-44  3.48017e-44  5.59669e-45  7.09681e-45  1.17503e-46  1.34596e-44   6.5214e-46 -5.20554e-45  2.64985e-46 -5.00112e-46 -6.39602e-47  8.46752e-47  -2.3801e-47 -5.04255e-47  1.16111e-47  1.99312e-47  2.43954e-48 -3.11984e-48 -1.63939e-48 -4.21232e-48  5.48471e-51 -4.99942e-48  6.35469e-50 -1.55158e-49 -1.32063e-51  1.78338e-49  1.32563e-50 -5.66968e-50  3.54214e-52 -7.05749e-51  7.56985e-52  7.40148e-51 -8.22791e-52 -3.13655e-51  1.75033e-51  5.25618e-52 -2.16218e-51 -8.79499e-53  2.47762e-51 -6.36579e-55 -2.49165e-51 -5.64538e-55  2.19547e-51  6.19504e-56  -1.6644e-51 -2.81131e-54  1.06025e-51   3.6292e-54  -5.4934e-52 -2.81215e-54  2.20573e-52  1.47094e-54 -6.34283e-53 -4.95437e-55  1.12155e-53   8.7401e-56 -7.78763e-55
 1.17378e-39   1.2958e-34   1.0923e-38 -6.84348e-35 -3.20792e-39 -3.23929e-35 -1.88868e-37  5.33258e-35  3.84745e-38  4.46704e-35  7.17234e-37 -6.89677e-35 -1.07184e-36  -1.3105e-35 -2.14016e-37  1.21768e-35 -8.86775e-38   5.7306e-36  3.39536e-37  7.27636e-37 -5.50071e-37 -7.35981e-36 -1.64944e-37  3.74437e-36  8.73043e-38 -1.41491e-36 -9.43446e-38  1.81461e-36  9.12951e-38  4.86211e-37 -2.35016e-38  -3.8731e-37  5.93653e-41 -1.51808e-37  6.55021e-40  2.07252e-37  5.27061e-39 -4.76274e-38 -6.19444e-39 -8.06692e-38  6.51454e-39  6.45449e-38  3.74633e-40 -5.81438e-39  1.56582e-40  5.90231e-39  3.32326e-41 -3.63878e-39   2.9419e-40 -1.79568e-39 -4.74705e-42 -9.16571e-40 -5.90046e-41 -2.99331e-40  3.04376e-41  2.33212e-40  1.01172e-41  1.15283e-40  3.44013e-42  -6.4811e-41 -1.48729e-42  -2.6637e-41  8.38756e-43  2.73219e-42  3.76406e-43 -4.78259e-42 -4.83934e-44  6.05873e-43 -7.61601e-44  5.94213e-43   2.2359e-44  3.99882e-44   1.8583e-44  1.26607e-44  7.77864e-47  6.06915e-44   2.2346e-45 -1.86995e-44  9.96478e-46 -1.82805e-45 -2.33399e-46  1.03408e-45 -1.83196e-47 -4.57065e-47   4.2968e-47  4.85634e-47  5.57566e-48 -2.47953e-47  -6.7597e-48 -7.03308e-48 -5.69917e-50 -1.73854e-47  4.03488e-49 -1.28632e-49 -5.69936e-50  6.11289e-49  5.14846e-50 -1.98166e-49 -4.73309e-51 -3.43582e-50  1.37273e-50  2.97512e-50 -1.63131e-50 -1.13859e-50  2.33643e-50  1.85906e-51 -2.74582e-50 -2.88742e-52  2.90259e-50  3.60413e-53 -2.69268e-50 -8.47776e-53  2.16349e-50  1.00875e-52  -1.4737e-50 -1.00192e-52  8.26556e-51  7.47322e-53 -3.66044e-51 -4.14371e-53  1.19906e-51  1.61568e-53 -2.59013e-52 -3.86998e-54  2.85361e-53   3.7011e-55
-2.10966e-35   1.0923e-38  2.26908e-34   6.0183e-38 -1.20894e-34  7.02433e-39 -9.88232e-35 -7.24289e-37  1.33508e-34 -5.17854e-38  4.67043e-35  1.85993e-36  -9.3283e-35 -2.53669e-36 -1.75475e-35  7.85404e-38   2.4391e-36 -3.39495e-37  3.13624e-35  8.09315e-37 -2.61575e-36 -1.00819e-36 -1.19362e-35 -4.53366e-37  4.01892e-36   6.1351e-38 -1.65784e-36 -2.13434e-37  3.57654e-36  1.08598e-37  1.62895e-36 -3.45845e-38 -8.26719e-37 -7.34359e-40   -2.788e-37  7.57395e-40  3.57549e-37  1.14142e-38 -4.78987e-38 -1.49423e-38 -1.81531e-37  1.66478e-38  1.27729e-37  5.37352e-40  -2.7023e-39 -1.29337e-40  1.21773e-38   2.5727e-40 -9.63118e-39  8.04582e-40  -3.7587e-39  2.04038e-41  -3.4439e-39 -1.13876e-40 -7.64722e-40  8.33584e-41  4.19315e-40  2.36164e-41  2.67471e-40  1.03985e-41  -1.9323e-40 -4.31666e-42 -4.76706e-41  2.22207e-42  1.15436e-41  1.18646e-42 -1.09254e-41 -9.39471e-44  1.69786e-42 -2.05178e-43  1.29116e-42  2.29835e-44 -1.12474e-43  4.26559e-44  9.55389e-45 -5.23403e-46  1.75281e-43  5.22674e-45 -4.81946e-44  2.75802e-45 -4.84437e-45 -6.01444e-46  4.00845e-45  1.45733e-46  2.17964e-46  1.14577e-46  8.83665e-47  4.36971e-48 -1.00602e-46 -1.92598e-47  2.52988e-48 -4.90528e-49 -4.24761e-47  1.48215e-48  1.25461e-48 -3.00074e-49  1.41682e-48   1.7592e-49 -4.66299e-49 -7.69644e-50 -1.17914e-49  1.31407e-49  8.34374e-50 -1.64777e-49  -2.9531e-50  2.06774e-49  5.12393e-51 -2.26874e-49 -1.56996e-51  2.20422e-49  1.36764e-51 -1.86116e-49 -1.65354e-51  1.33939e-49  1.55555e-51 -7.99051e-50 -1.19047e-51  3.79691e-50  7.11572e-52 -1.35074e-50 -3.16219e-52  3.22936e-51  9.49395e-53 -4.11821e-52 -1.53459e-53  1.23745e-53
-1.39173e-39 -6.84348e-35   6.0183e-38  4.29861e-34  2.38268e-37 -1.78707e-34  6.45009e-38 -1.90233e-34 -2.07774e-36  2.25331e-34 -3.25721e-37  2.34451e-35  3.52721e-36 -8.42214e-35 -4.47735e-36 -1.53108e-35  1.18186e-36 -1.89224e-35  -7.1387e-37  7.19502e-35  1.50942e-36 -1.06656e-35 -1.65624e-36 -1.70378e-35 -8.93644e-37  2.00946e-36 -2.32803e-38  1.07878e-36 -4.05605e-37  5.01702e-36  2.14344e-38  3.68218e-36 -2.87158e-38 -1.17264e-36  3.96565e-40 -4.49075e-37   2.8274e-39  4.62476e-37  1.65229e-38  2.40038e-38 -2.93881e-38 -3.49688e-37  3.46942e-38  2.11366e-37   1.3908e-39   1.8679e-38 -1.44193e-39  2.02086e-38  8.00323e-40 -2.04395e-38  1.79252e-39 -6.60707e-39  1.13887e-40 -8.92402e-39 -1.65949e-40 -1.64901e-39  1.89835e-40  5.05608e-40  4.42011e-41  4.93403e-40   2.3785e-41 -4.62208e-40 -1.10268e-41 -5.51448e-41  4.76297e-42  3.39268e-41  2.96504e-42 -1.95883e-41 -5.52349e-44  3.55901e-42 -5.16233e-43  2.49375e-42 -1.61079e-44 -6.62119e-43  7.71156e-44 -5.32046e-45 -2.63416e-45  3.86768e-43  9.49784e-45 -1.04421e-43  6.50862e-45 -1.01624e-44 -1.25574e-45  9.96449e-45  7.47461e-46  1.08451e-45  2.50855e-46  1.06281e-46 -1.63392e-47   -2.863e-46 -4.37058e-47   4.8113e-47 -2.06782e-48 -8.41948e-47  4.04149e-48  7.06433e-48 -1.09572e-48  2.49908e-48  7.18684e-49 -8.20782e-49 -6.72559e-49 -3.18631e-49  9.72006e-49  1.91363e-49 -1.19949e-48 -6.86507e-50  1.37376e-48   2.0408e-50 -1.38442e-48 -1.64332e-50  1.21602e-48  1.76647e-50 -9.10715e-49 -1.72198e-50  5.64598e-49  1.37613e-50 -2.76821e-49 -8.88662e-51  9.91513e-50   4.4371e-51 -2.17153e-50 -1.59454e-51  1.17712e-51  3.57227e-52  5.26259e-52 -3.22649e-53
-1.46298e-35 -3.20792e-39 -1.20894e-34  2.38268e-37  7.15962e-34  7.34035e-37 -2.37939e-34  2.11497e-37  -2.5963e-34 -4.76992e-36  2.97973e-34 -6.68603e-37 -3.53163e-35  5.13494e-36  -3.7892e-35  -6.0854e-36 -4.28417e-36  3.22189e-36 -3.93593e-35 -9.58003e-37  1.17699e-34  2.28568e-36 -2.50834e-35 -2.51391e-36 -2.43454e-35 -1.43863e-36 -1.31458e-36  -1.4357e-37  9.04557e-36 -6.76093e-37  5.28637e-36 -2.51961e-37  6.43474e-36  7.96627e-39 -9.32715e-37  8.98765e-39 -6.69989e-37  1.18448e-38  4.11221e-37  1.39353e-38  2.01911e-37 -4.95498e-38 -6.14325e-37  6.30396e-38  3.14874e-37  4.34041e-39  7.16963e-38 -4.41217e-39  2.84239e-38  1.80954e-39 -3.66471e-38  3.45412e-39  -1.0557e-38  3.22747e-40  -1.8345e-38 -1.80999e-40 -3.14742e-39  3.83173e-40   2.7835e-40  7.03454e-41  7.66706e-40  4.40355e-41 -9.48513e-40 -2.55656e-41  -1.2505e-41  8.83163e-42  8.09499e-41  6.21952e-42  -2.9189e-41  2.81259e-43   5.6408e-42 -1.21343e-42  4.67817e-42 -1.31611e-43 -1.90818e-42  1.13403e-43 -2.33243e-44 -8.28671e-45  7.00112e-43  1.38308e-44 -2.03998e-43  1.38907e-44 -1.65696e-44 -2.23564e-45  1.81684e-44  2.22416e-45  2.98836e-45  4.76735e-46  -7.9341e-47 -8.68041e-47 -6.35677e-46 -8.36753e-47  1.63229e-46  -6.3158e-48 -1.43892e-46  9.35778e-48  2.30231e-47 -3.87211e-48  3.35514e-48  3.60876e-48 -1.04373e-48 -4.44243e-48 -7.37549e-49  5.83374e-48  4.19115e-49 -6.76774e-48 -2.06054e-49  7.02324e-48  1.42305e-49 -6.31904e-48 -1.49854e-49  4.81203e-48  1.48374e-49 -2.97711e-48 -1.25514e-49  1.38577e-48  8.73368e-50 -3.93578e-49 -4.84069e-50 -6.54809e-51  2.02011e-50  6.39215e-50 -5.74275e-51 -2.63818e-50  8.83578e-52   3.3673e-51
-3.15862e-38 -3.23929e-35  7.02433e-39 -1.78707e-34  7.34035e-37  1.02123e-33  1.83319e-36 -2.98864e-34  4.44817e-37 -2.76795e-34 -9.12285e-36   3.3665e-34 -6.09135e-37 -1.36514e-34  5.71856e-36  2.77401e-35 -6.12611e-36  1.42273e-35  5.68775e-36 -3.97697e-35 -6.28967e-37  1.56508e-34  2.82771e-36  -4.8129e-35 -3.52689e-36 -3.70154e-35 -2.02957e-36 -3.30872e-36 -2.71107e-37  2.31089e-35 -1.01409e-36    3.941e-36  -7.7232e-37  9.24974e-36  8.10456e-38  4.71951e-37  3.36757e-38 -9.85234e-37  3.70048e-38  8.25626e-38 -4.67324e-39  4.84529e-37 -7.31405e-38 -1.01286e-36  1.03348e-37  4.40717e-37  1.11658e-38  1.63306e-37   -9.065e-39  3.44477e-38  3.38271e-39 -5.74682e-38  5.93171e-39 -1.59511e-38  6.58407e-40 -3.18226e-38 -1.19926e-40 -5.41184e-39   7.0355e-40 -4.82347e-40  9.73641e-41  1.03946e-39  6.77881e-41 -1.73391e-39  -5.4132e-41  1.37265e-40  1.47555e-41  1.66716e-40  1.12961e-41 -3.73099e-41  1.23289e-42  6.03616e-42 -2.58759e-42  8.77868e-42 -3.55356e-43 -4.08669e-42  1.31969e-43 -3.91837e-44 -2.12991e-44  1.07854e-42  1.56157e-44 -3.72456e-43  2.76334e-44  -1.7926e-44 -3.48894e-45  2.42117e-44  5.11496e-45   6.5511e-45  8.16253e-46 -1.02361e-45 -2.54765e-46 -1.14855e-45 -1.38728e-46  3.78208e-46 -1.67437e-47 -2.19886e-46  2.17122e-47  5.74271e-47 -1.54823e-47  2.85887e-48  1.84401e-47 -5.39025e-49 -2.34527e-47 -1.73476e-48  2.79646e-47   1.2186e-48 -2.92094e-47 -1.02976e-48  2.62543e-47  1.04005e-48 -1.93915e-47  -1.0619e-48  1.07761e-47  9.45199e-49 -3.29531e-48 -7.07357e-49  -1.0463e-48  4.30845e-49    2.166e-48 -2.04388e-49  -1.4908e-48  7.00993e-50  5.76772e-49 -1.50219e-50  -1.1104e-49  1.29831e-51
 1.04003e-35 -1.88868e-37 -9.88232e-35  6.45009e-38 -2.37939e-34  1.83319e-36  1.28152e-33  3.79991e-36  -3.7054e-34  6.70353e-37 -2.44906e-34 -1.49548e-35  3.40619e-34  5.88459e-37 -2.71663e-34    4.393e-36  8.55909e-35 -3.49572e-36  3.22165e-35  7.52663e-36 -2.39676e-36  7.16185e-37  1.80246e-34   2.7903e-36 -8.26039e-35 -4.61911e-36 -5.82219e-35 -2.62212e-36 -1.00272e-36 -4.00273e-37  4.18903e-35 -1.39302e-36  1.08567e-36 -1.55444e-36  1.13088e-35   1.8463e-37  3.43167e-36  8.38229e-38 -1.49113e-36  9.23598e-38 -6.18023e-37 -4.64691e-38   8.3579e-37 -9.50477e-38 -1.58042e-36   1.5568e-37  5.92383e-37  2.32524e-38  2.88151e-37 -1.43287e-38  3.54968e-38  5.50502e-39 -8.10809e-38   9.2187e-39 -2.28357e-38  1.04143e-39 -4.81496e-38  4.51688e-41 -8.41385e-39  1.18617e-39 -1.89892e-39  1.15772e-40  1.26348e-39   8.6372e-41 -2.89085e-39 -1.04991e-40  4.64734e-40  2.28878e-41  3.04737e-40  1.80687e-41 -4.20433e-41  3.12289e-42  1.01395e-42 -4.92043e-42  1.62298e-41 -6.95899e-43  -7.1844e-42  1.01724e-43 -1.04512e-43 -4.75497e-44  1.44689e-42  1.09929e-44 -6.45009e-43  5.20987e-44  9.37937e-46 -4.89145e-45  1.82078e-44  9.94047e-45  1.30721e-44  1.29833e-45 -3.93762e-45 -5.82758e-46 -1.69469e-45 -1.97556e-46  6.95259e-46 -4.62608e-47 -3.08469e-46  6.08166e-47  1.19917e-46 -6.50731e-47   -1.394e-48  8.15529e-47  2.80702e-48 -9.57677e-47  -5.6418e-48  9.83932e-47  5.67945e-48 -8.30876e-47 -6.20362e-48   5.1393e-47  6.48397e-48 -1.26066e-47 -6.07954e-48 -1.94757e-47  4.86709e-48  3.45349e-47 -3.23323e-48 -3.19471e-47  1.71663e-48  1.99479e-47 -6.87685e-49 -8.41514e-48  1.87639e-49  2.13764e-48 -2.76413e-50  -2.1443e-49
 2.67257e-38  5.33258e-35 -7.24289e-37 -1.90233e-34  2.11497e-37 -2.98864e-34  3.79991e-36  1.48484e-33  6.63156e-36  -4.6578e-34   7.2457e-37 -1.87288e-34    -2.15e-35  3.09473e-34  3.52094e-36 -4.12845e-34  8.30589e-37  1.16686e-34  2.09572e-36  3.52377e-35  7.67716e-36  8.14172e-35  3.27197e-36  1.88177e-34  1.96958e-36 -1.30212e-34 -5.79743e-36 -8.92213e-35 -3.18263e-36  7.29295e-36 -5.54213e-37  6.18356e-35  -1.7743e-36 -2.81208e-36 -2.55722e-36  1.19709e-35  3.06218e-37  7.89793e-36  1.64292e-37 -2.29365e-36  1.95503e-37 -1.73441e-36  -1.1479e-37  1.20629e-36 -1.07951e-37 -2.32858e-36  2.17531e-37  7.69291e-37   4.0742e-38  4.29778e-37 -1.79795e-38  2.90394e-38  8.00174e-39 -1.05769e-37  1.30523e-38  -2.9991e-38   1.2543e-39 -6.47553e-38  3.16643e-40 -1.17774e-38  1.84244e-39 -3.91603e-39  1.07985e-40  1.41375e-39  8.56512e-41 -4.46372e-39   -1.874e-40  1.03599e-39  3.37169e-41  5.00542e-40  2.56301e-41 -4.37847e-41   6.1176e-42 -1.48122e-41  -8.3096e-42   2.8716e-41 -1.12117e-42  -1.0721e-41 -1.70204e-44 -4.20014e-43 -9.40949e-44  1.72676e-42 -4.67107e-45 -1.06177e-42  9.38626e-44  6.76016e-44 -6.38625e-45 -1.58099e-44  1.70605e-44  2.55319e-44  1.97043e-45 -1.08782e-44 -1.14518e-45 -1.93994e-45  -2.1599e-46  1.05903e-45  -1.4653e-46 -4.06548e-46  1.98878e-46  2.21433e-46 -2.37262e-46  -1.7763e-47  2.66117e-46  1.99918e-47 -2.46582e-46 -2.68055e-47   1.5591e-46    3.139e-47  6.94466e-49 -3.46689e-47 -1.80861e-46  3.41152e-47   3.1959e-46 -2.91384e-47 -3.64231e-46  2.09751e-47  3.08959e-46 -1.23276e-47 -1.98244e-46  5.64494e-48  9.30439e-47 -1.86498e-48 -2.92367e-47  3.82851e-49   4.9206e-48 -3.13904e-50
 2.62635e-35  3.84745e-38  1.33508e-34 -2.07774e-36  -2.5963e-34  4.44817e-37  -3.7054e-34  6.63156e-36  1.67433e-33  9.82418e-36 -5.92074e-34  4.47316e-37 -1.26215e-34 -2.76843e-35  2.35922e-34  8.17433e-36 -5.20884e-34 -4.56113e-36  1.16424e-34  9.70914e-36  8.44361e-36  5.65716e-36  2.05852e-34  6.86095e-36  1.86371e-34  4.04272e-37  -1.8913e-34 -7.19029e-36   -1.282e-34 -3.66564e-36  2.11238e-35 -7.53966e-37  7.82499e-35 -2.11332e-36 -7.22551e-36 -3.69092e-36    1.101e-35  4.37983e-37   1.3304e-35  2.68835e-37 -3.40934e-36  3.63183e-37 -3.25874e-36 -2.07791e-37  1.55656e-36 -1.04475e-37 -3.22186e-36   2.8331e-37  9.61823e-37  6.19674e-38   5.7059e-37  -1.7177e-38  1.35473e-38  1.05465e-38 -1.31327e-37  1.68371e-38 -3.36736e-38   9.3006e-40 -7.81157e-38  6.66763e-40 -1.46578e-38  2.64218e-39 -6.29227e-39  4.31978e-41   1.5032e-39  4.75847e-41  -6.4465e-39 -3.09666e-40  1.88433e-39  4.78468e-41  7.41243e-40  3.21603e-41  -4.6755e-41  1.00567e-41 -4.74035e-41 -1.24825e-41  4.75882e-41 -1.54895e-42 -1.35425e-41 -2.66758e-43 -1.44754e-42 -1.66783e-43  1.89819e-42 -3.66532e-44 -1.65655e-42  1.62018e-43  2.22062e-43 -8.24409e-45 -9.82585e-44  2.65611e-44  4.98506e-44  2.92336e-45  -2.4633e-44 -2.04541e-45 -1.32095e-45 -6.27933e-47  1.34209e-45 -4.53695e-46 -5.22573e-46  5.51084e-46  3.89692e-46 -5.23063e-46 -8.91229e-47  2.87671e-46  1.10828e-46  2.44559e-46  -1.4082e-46 -1.04461e-45  1.63521e-46  1.92511e-45  -1.7023e-46 -2.58178e-45  1.54708e-46  2.74242e-45 -1.20238e-46 -2.34392e-45  7.76702e-47  1.59219e-45 -4.01052e-47 -8.29878e-46  1.55721e-47  3.10014e-46 -4.08346e-48 -7.20481e-47  5.68912e-49  6.74621e-48
 1.74866e-37  4.46704e-35 -5.17854e-38  2.25331e-34 -4.76992e-36 -2.76795e-34  6.70353e-37  -4.6578e-34  9.82418e-36  1.91384e-33  1.23921e-35 -7.46684e-34   -2.918e-37 -7.66436e-35  -3.2612e-35   1.1244e-34  1.37649e-35 -5.58037e-34 -1.07979e-35  8.88273e-35  1.73103e-35 -5.54385e-35  1.75319e-36  3.49518e-34  1.10519e-35  1.84011e-34 -1.67152e-36 -2.52664e-34 -8.95859e-36 -1.70726e-34 -4.00454e-36  3.80653e-35 -9.68095e-37  8.69019e-35 -2.36624e-36 -1.17332e-35 -4.83726e-36   8.5994e-36   5.8869e-37  1.87122e-35  3.76014e-37 -4.67402e-36  6.04302e-37 -5.14646e-36 -3.18963e-37   1.8616e-36 -8.06213e-38 -4.16546e-36  3.44771e-37  1.14949e-36  8.34086e-38  7.06035e-37  -9.4525e-39 -1.11237e-38  1.27433e-38 -1.59878e-37  1.96558e-38 -2.66484e-38 -4.04938e-40 -8.44388e-38  1.04662e-39 -1.57463e-38  3.50731e-39 -8.66886e-39 -1.27708e-40  1.58872e-39 -4.66922e-41 -8.75971e-39 -4.76711e-40  2.97757e-39  6.56487e-41  9.84767e-40  3.51898e-41 -5.95456e-41  1.43446e-41 -1.01378e-40 -1.67038e-41  7.30995e-41 -1.84819e-42 -1.36794e-41 -6.85659e-43 -4.01086e-42 -2.66792e-43  2.06482e-42  -9.2101e-44  -2.4431e-42  2.67683e-43  5.11003e-43  -1.1355e-44 -2.49622e-43  3.81893e-44  9.56858e-44  4.32794e-45 -4.81225e-44 -3.42417e-45  8.69857e-46  3.97857e-46  1.38892e-45 -7.83657e-46 -7.39549e-46  2.10698e-46  7.69112e-46   1.3401e-45 -4.38216e-46 -4.14578e-45  5.70396e-46  8.11126e-45 -6.96385e-46 -1.24537e-44  7.65663e-46  1.58083e-44 -7.42342e-46 -1.68004e-44  6.22274e-46  1.48752e-44 -4.40721e-46 -1.07823e-44  2.54996e-46  6.19894e-45 -1.14573e-46 -2.67885e-45  3.67605e-47  7.88448e-46 -7.17019e-48 -1.25727e-46  5.36476e-49
-3.20456e-35  7.17234e-37  4.67043e-35 -3.25721e-37  2.97973e-34 -9.12285e-36 -2.44906e-34   7.2457e-37 -5.92074e-34  1.23921e-35  2.25475e-33  1.32766e-35 -9.16371e-34 -1.67968e-36  -5.6561e-35  -3.5933e-35 -5.46098e-35    1.908e-35 -4.98093e-34 -1.66186e-35  3.88614e-35  2.24507e-35 -1.51812e-34 -3.32073e-36  4.79841e-34  1.54527e-35  1.88643e-34 -3.97881e-36 -3.10327e-34 -1.11398e-35 -2.11521e-34 -4.13635e-36  5.45563e-35 -1.08328e-36  8.54808e-35 -2.49722e-36 -1.59169e-35 -5.87489e-36  5.11801e-36  7.89491e-37   2.3133e-35  4.52318e-37  -5.7398e-36  9.12607e-37 -7.33261e-36 -4.39351e-37  2.09097e-36 -3.92926e-38 -5.01382e-36  3.92445e-37  1.30323e-36  1.00206e-37  8.54263e-37  6.20589e-39 -4.42041e-38   1.4253e-38 -1.95352e-37  2.04069e-38  1.84398e-39 -3.23875e-39  -8.0371e-38  1.40661e-39 -1.34289e-38  4.32402e-39 -1.06672e-38 -4.72926e-40  1.77605e-39 -2.12806e-40 -1.12342e-38 -6.87672e-40  4.19247e-39  8.65512e-41  1.15298e-39  3.23951e-41 -9.42874e-41  1.79481e-41 -1.77732e-40 -1.98621e-41  1.03796e-40 -1.84641e-42 -8.34632e-42 -1.29989e-42 -9.34837e-42 -3.87149e-43  2.49088e-42  -1.8318e-43 -3.40672e-42  4.22216e-43  9.75967e-43  -1.7413e-44 -4.83838e-43  5.13951e-44  1.75802e-43  6.17855e-45 -8.32786e-44 -4.60509e-45  5.19047e-45 -9.25518e-46  1.26202e-45  4.27197e-45 -1.54379e-45 -1.20122e-44  2.11157e-45  2.51293e-44 -2.12601e-45 -4.33595e-44  2.72282e-45  6.38419e-44 -3.16656e-45  -8.0922e-44  3.28231e-45  8.81178e-44 -2.97909e-45 -8.16194e-44  2.31939e-45  6.31812e-44 -1.50524e-45  -3.9761e-44  7.79624e-46  1.94807e-44  -3.0071e-46 -6.90796e-45  7.64807e-47  1.53442e-45 -9.83597e-48 -1.38003e-46
-2.95892e-37 -6.89677e-35  1.85993e-36  2.34451e-35 -6.68603e-37   3.3665e-34 -1.49548e-35 -1.87288e-34  4.47316e-37 -7.46684e-34  1.32766e-35  2.72181e-33  1.19769e-35 -1.07795e-33 -4.10514e-36 -9.87642e-35 -3.78525e-35 -2.35854e-34  2.31311e-35 -3.32296e-34 -2.07586e-35 -2.90108e-35  2.32003e-35 -2.65849e-34  -9.0103e-36  5.62314e-34  1.99624e-35  2.02511e-34 -6.33548e-36 -3.51047e-34 -1.35515e-35  -2.4644e-34 -4.05201e-36  6.68518e-35 -9.28334e-37  7.42284e-35 -2.48672e-36  -1.9073e-35 -6.70227e-36  9.81892e-37  1.08948e-36  2.58978e-35  4.64435e-37 -6.19391e-36  1.26231e-36 -9.73704e-36 -5.60581e-37  2.17822e-36  7.84455e-39 -5.59809e-36  4.17618e-37  1.39103e-36  1.07074e-37   1.0535e-36  2.85511e-38  -8.5275e-38  1.48914e-38 -2.41445e-37  1.80645e-38  6.47571e-38 -7.96153e-39 -6.35403e-38  1.72447e-39 -6.05454e-39  4.97313e-39 -1.19493e-38   -1.071e-39  2.22925e-39 -4.58636e-40 -1.36114e-38 -9.34113e-40  5.31011e-39  1.08298e-40  1.13278e-39  2.28391e-41 -1.64513e-40  1.95165e-41 -2.71969e-40 -2.07437e-41  1.36427e-40 -1.33142e-42  5.82687e-42 -2.11485e-42 -1.90756e-41  -5.1029e-43  3.58902e-42 -3.31263e-43 -4.50844e-42  6.34077e-43  1.63831e-42 -2.92782e-44 -8.01175e-43  6.66998e-44  3.03208e-43  4.55656e-45 -1.29449e-43  4.70082e-45  1.11979e-44 -2.66962e-44  2.31405e-45   5.9318e-44 -5.38153e-45 -1.13588e-43   7.9952e-45  1.90082e-43  -9.9254e-45 -2.79494e-43  1.22962e-44  3.60843e-43 -1.37098e-44 -4.06467e-43  1.35686e-44  3.95109e-43 -1.17024e-44 -3.26008e-43  8.57377e-45  2.22921e-43 -5.13685e-45 -1.21906e-43   2.3726e-45   5.0398e-44 -7.66432e-46 -1.42474e-44  1.43937e-46  2.18836e-45 -9.40589e-48
-5.74526e-36 -1.07184e-36  -9.3283e-35  3.52721e-36 -3.53163e-35 -6.09135e-37  3.40619e-34    -2.15e-35 -1.26215e-34   -2.918e-37 -9.16371e-34  1.19769e-35  3.31186e-33  8.99452e-36 -1.20036e-33 -8.24351e-36 -2.49085e-34  -3.8835e-35 -3.83428e-34  2.56905e-35 -7.16484e-35 -2.21881e-35 -1.06713e-34  1.88983e-35 -3.78057e-34 -1.52997e-35  5.71857e-34   2.4785e-35  2.21297e-34 -8.70567e-36 -3.66742e-34 -1.58401e-35 -2.73557e-34 -3.83851e-36  7.17978e-35  -3.5068e-37  5.55176e-35 -2.34201e-36 -1.99626e-35 -7.25143e-36 -3.34604e-36  1.54171e-36  2.69524e-35  3.97446e-37 -5.75418e-36   1.6091e-36 -1.22557e-35 -6.77443e-37  2.00478e-36  4.17025e-38 -5.76049e-36  4.14067e-37  1.38509e-36   9.9316e-38  1.34572e-36  5.38097e-38 -1.35466e-37  1.46316e-38 -2.98591e-37  1.19886e-38  1.74517e-37  -1.4777e-38 -3.28696e-38  2.03966e-39  7.78162e-39  5.37072e-39  -1.2214e-38 -1.99016e-39  3.17949e-39 -7.79681e-40 -1.55685e-38 -1.19912e-39  6.04457e-39  1.26809e-40  7.87225e-40  8.29264e-42 -2.82314e-40  1.76278e-41 -3.73399e-40 -1.84139e-41  1.66597e-40  -3.5654e-44  3.22574e-41 -3.10514e-42 -3.50122e-41  -6.0701e-43  5.86103e-42 -5.69813e-43 -5.70276e-42  9.06337e-43  2.48652e-42  -5.5547e-44 -1.18282e-42  9.83278e-44  4.85643e-43  -3.7342e-44 -1.80793e-43  1.03991e-43  1.43095e-44 -2.30715e-43   1.2038e-44  4.32597e-43 -2.39804e-44 -7.23757e-43  3.52063e-44   1.0806e-42 -4.58831e-44 -1.43326e-42  5.56252e-44   1.6765e-42 -6.06127e-44  -1.7107e-42  5.84152e-44  1.50001e-42 -4.86227e-44 -1.10683e-42  3.37727e-44  6.67103e-43 -1.86021e-44 -3.14014e-43  7.50629e-45  1.07195e-43  -1.9359e-45 -2.29483e-44  2.37408e-46  1.99035e-45
-1.30166e-37  -1.3105e-35 -2.53669e-36 -8.42214e-35  5.13494e-36 -1.36514e-34  5.88459e-37  3.09473e-34 -2.76843e-35 -7.66436e-35 -1.67968e-36 -1.07795e-33  8.99452e-36  3.99977e-33  5.76164e-36 -1.25184e-33 -1.50062e-35  -5.4794e-34 -3.92798e-35 -4.48014e-34  2.73483e-35  2.54444e-34 -2.03617e-35 -1.79192e-34  1.03904e-35 -4.70172e-34 -2.26116e-35  5.02316e-34  3.01855e-35   2.3543e-34 -1.11469e-35 -3.54397e-34 -1.76542e-35 -2.93117e-34 -3.68022e-36  6.73942e-35  6.89439e-37   3.2709e-35 -2.10938e-36 -1.68246e-35 -7.49029e-36 -7.18829e-36  2.18454e-36  2.69712e-35  2.71068e-37 -4.44229e-36  1.89711e-36 -1.47426e-35 -7.88927e-37  1.41781e-36  4.04902e-38 -5.38158e-36  3.78953e-37  1.26957e-36  7.36142e-38  1.75315e-36  7.60241e-38 -1.97314e-37  1.34892e-38 -3.61139e-37  2.17528e-39  3.39331e-37 -2.36739e-38  1.13432e-38  2.49602e-39  2.90262e-38  5.50598e-39 -1.11771e-38 -3.25953e-39  4.92262e-39 -1.15446e-39 -1.67657e-38 -1.45725e-39  6.10767e-39  1.37237e-40 -2.48132e-41 -5.90743e-42  -4.5588e-40  1.11876e-41 -4.66136e-40 -1.25749e-41  1.90057e-40  2.39892e-42  7.35707e-41 -4.20686e-42 -5.88411e-41 -6.35141e-43  9.81432e-42 -9.46435e-43 -6.96005e-42  1.24747e-42  3.47115e-42 -1.46879e-43 -1.58802e-42  2.58204e-43   7.1583e-43 -3.62736e-43 -2.17973e-43  7.67405e-43 -8.90998e-45 -1.45061e-42   6.8555e-44  2.46123e-42 -1.16735e-43 -3.75867e-42  1.69901e-43  5.14185e-42 -2.25038e-43 -6.25258e-42  2.72121e-43  6.68973e-42 -2.94139e-43 -6.21179e-42  2.77854e-43  4.91468e-42 -2.22261e-43 -3.23011e-42   1.4406e-43  1.69995e-42 -7.09318e-44 -6.76565e-43  2.39326e-44  1.84044e-43 -4.55776e-45 -2.71727e-44  2.85545e-46
 9.09185e-36 -2.14016e-37 -1.75475e-35 -4.47735e-36  -3.7892e-35  5.71856e-36 -2.71663e-34  3.52094e-36  2.35922e-34  -3.2612e-35  -5.6561e-35 -4.10514e-36 -1.20036e-33  5.76164e-36  4.75163e-33  4.06203e-36 -1.21114e-33 -2.53551e-35 -1.00439e-33 -3.94279e-35 -3.98569e-34  2.90415e-35  6.03298e-34 -1.54259e-35  -2.2678e-34 -3.08159e-37 -5.28858e-34 -3.13243e-35  3.70364e-34  3.61586e-35  2.33321e-34 -1.36989e-35 -3.15916e-34 -1.88473e-35 -3.06845e-34 -3.80954e-36  5.31697e-35  2.05275e-36  8.92728e-36  -1.8846e-36 -7.73535e-36 -7.41501e-36 -9.50309e-36  3.02466e-36  2.72435e-35  1.45496e-37 -2.64132e-36  2.07024e-36 -1.69909e-35 -8.97253e-37  2.83194e-37 -1.38435e-38 -4.39253e-36  3.12721e-37  1.04803e-36  2.83485e-38   2.2593e-36   8.7951e-38  -2.7253e-37  1.13422e-38 -4.16135e-37  -1.0663e-38  5.59364e-37 -3.44636e-38  6.75858e-38  3.39043e-39  5.80561e-38   5.4604e-39 -8.63393e-39 -4.84245e-39  7.80068e-39 -1.54027e-39 -1.69064e-38  -1.6752e-39   5.2987e-39  1.36272e-40 -1.42447e-39 -1.09388e-41 -6.88839e-40  3.07633e-46 -5.31807e-40 -3.78211e-42  2.04206e-40  6.46149e-42  1.30607e-40 -5.32342e-42 -9.16144e-41 -5.26647e-43  1.58797e-41 -1.54991e-42 -8.27719e-42  1.76572e-42  4.50665e-42 -6.15545e-43 -1.94687e-42  1.21599e-42  9.43997e-43   -2.298e-42  -1.6364e-43   4.3835e-42 -1.84857e-43 -7.59043e-42  3.87173e-43  1.19026e-41 -6.28973e-43 -1.68168e-41  9.24381e-43  2.12537e-41 -1.23882e-42 -2.37968e-41  1.49396e-42  2.33123e-41 -1.58508e-42 -1.96574e-41  1.43848e-42  1.39568e-41 -1.07541e-42 -8.09071e-42  6.28418e-43   3.6579e-42 -2.65105e-43 -1.19655e-42   7.0456e-44  2.44651e-43 -8.77368e-45  -2.0181e-44
 3.45388e-40  1.21768e-35  7.85404e-38 -1.53108e-35  -6.0854e-36  2.77401e-35    4.393e-36 -4.12845e-34  8.17433e-36   1.1244e-34  -3.5933e-35 -9.87642e-35 -8.24351e-36 -1.25184e-33  4.06203e-36  5.54112e-33  5.27203e-36  -1.0765e-33 -4.00052e-35 -1.57744e-33 -3.95284e-35 -2.33661e-34  3.13352e-35  9.26856e-34 -8.23799e-36 -2.32956e-34  -1.0721e-35 -5.46631e-34 -4.12637e-35  2.11908e-34  4.22399e-35  2.05515e-34 -1.62685e-35 -2.56509e-34 -1.96036e-35 -3.17251e-34 -4.42656e-36  3.02899e-35   3.4143e-36 -1.36928e-35 -1.81479e-36  8.77957e-36 -7.03698e-36 -8.94663e-36  4.02593e-36  2.93552e-35  1.12599e-37 -1.00005e-36  2.08484e-36 -1.87209e-35 -1.00547e-36 -1.44655e-36  -1.3032e-37 -2.77496e-36  2.18294e-37  7.48973e-37  -3.6547e-38  2.80427e-36  8.24059e-38 -3.58332e-37  7.77196e-39 -4.44793e-37 -2.52441e-38  8.23864e-37 -4.68577e-38  1.33521e-37  5.21241e-39   9.4635e-38  5.39398e-39 -4.68703e-39 -6.62458e-39  1.21757e-38 -1.87014e-39 -1.57933e-38 -1.81313e-39  3.59257e-39  1.24906e-40 -3.48908e-39  4.30809e-42 -9.82623e-40 -1.45382e-41 -5.53381e-40  6.52833e-42  2.09205e-40   1.2798e-41  2.01574e-40 -6.37736e-42 -1.33198e-40 -9.80786e-44  2.43386e-41 -2.72067e-42 -9.65401e-42  3.19944e-42  5.45586e-42 -3.15636e-42 -2.09948e-42  6.37681e-42  9.29756e-43 -1.21099e-41  4.14585e-43  2.14526e-41 -1.31365e-42 -3.45819e-41  2.37477e-42  5.04729e-41 -3.84639e-42 -6.62185e-41  5.67474e-42  7.73979e-41 -7.53932e-42 -7.96751e-41  8.85009e-42  7.11788e-41 -8.95561e-42 -5.41207e-41  7.56911e-42  3.41071e-41 -5.11834e-42  -1.7151e-41  2.60101e-42  6.48934e-42  -8.9814e-43 -1.66669e-42  1.74168e-43  2.30214e-43 -1.11528e-44
 -2.9886e-36 -8.86775e-38   2.4391e-36  1.18186e-36 -4.28417e-36 -6.12611e-36  8.55909e-35  8.30589e-37 -5.20884e-34  1.37649e-35 -5.46098e-35 -3.78525e-35 -2.49085e-34 -1.50062e-35 -1.21114e-33  5.27203e-36  6.35831e-33  9.79683e-36 -8.66115e-34 -5.90487e-35 -2.17596e-33 -4.00584e-35  2.02053e-35   3.3885e-35  1.18039e-33 -1.06017e-37 -1.92923e-34 -1.86736e-35 -5.20694e-34 -5.15218e-35  7.19602e-35  4.75894e-35  1.48594e-34 -1.85553e-35 -1.82971e-34 -2.04356e-35 -3.27159e-34 -5.62372e-36  1.26406e-36  4.32094e-36 -3.41032e-35 -2.08473e-36  3.31001e-35 -6.37032e-36 -4.21802e-36  5.10504e-36  3.47514e-35  2.74864e-37 -2.15494e-37  1.92073e-36 -1.95812e-35 -1.11492e-36 -3.68161e-36 -3.07412e-37 -5.57322e-37  9.99941e-38  4.26732e-37 -1.19915e-37  3.29751e-36  5.38847e-38 -4.44371e-37  2.00006e-39  -4.2681e-37 -4.00581e-38  1.11037e-36 -6.05332e-38  2.06498e-37  8.64405e-39  1.37883e-37  5.49032e-39 -1.22427e-40 -8.42437e-39  1.84095e-38 -2.05221e-39 -1.33682e-38 -1.82719e-39  1.19109e-39   1.1025e-40 -6.23128e-39  5.11035e-41 -1.34215e-39  -2.8836e-41 -5.18997e-40  1.61664e-41  2.08077e-40    2.224e-41  2.81702e-40 -7.54456e-42 -1.81823e-40  1.44883e-42  3.52305e-41 -6.20529e-42 -1.09722e-41  9.45347e-42  5.93569e-42 -1.58566e-41 -1.31495e-42  3.09491e-41 -8.32545e-43 -5.59204e-41  4.52274e-42  9.27059e-41 -9.10782e-42 -1.39639e-40  1.60393e-41   1.8984e-40 -2.56976e-41 -2.30947e-40  3.71006e-41  2.48742e-40 -4.74895e-41 -2.33987e-40  5.27863e-41  1.88874e-40 -4.96133e-41 -1.27773e-40  3.80524e-41  7.00985e-41 -2.26438e-41 -2.97058e-41  9.67488e-42  8.98368e-42 -2.59593e-42 -1.66471e-42  3.26779e-43   1.2083e-43
 9.85011e-38   5.7306e-36 -3.39495e-37 -1.89224e-35  3.22189e-36  1.42273e-35 -3.49572e-36  1.16686e-34 -4.56113e-36 -5.58037e-34    1.908e-35 -2.35854e-34  -3.8835e-35  -5.4794e-34 -2.53551e-35  -1.0765e-33  9.79683e-36  7.20199e-33  1.68965e-35 -6.10031e-34 -8.15923e-35 -2.67995e-33 -4.17505e-35  3.19512e-34  3.53916e-35  1.32992e-33  7.66347e-36 -1.17814e-34 -2.28557e-35 -4.50857e-34 -6.07108e-35 -8.37468e-36  5.12965e-35  6.75702e-35 -2.00468e-35 -1.02794e-34 -2.20686e-35 -3.39264e-34 -7.34712e-36 -3.07671e-35  4.29423e-36 -5.19553e-35 -2.88447e-36  6.40797e-35 -5.42514e-36  5.41524e-36  6.13297e-36  4.43052e-35  7.19856e-37 -7.71828e-37  1.58828e-36 -1.91734e-35 -1.22419e-36 -6.18991e-36 -5.36186e-37    2.184e-36 -3.74185e-38  1.54662e-37 -2.19422e-37  3.64208e-36  2.14495e-40 -5.12706e-37 -7.05747e-39 -3.46442e-37 -5.37951e-38  1.38673e-36 -7.51427e-38  2.83941e-37  1.44855e-38  1.86243e-37  5.86697e-39  3.20428e-39 -1.00232e-38  2.68532e-38  -1.9735e-39 -9.73373e-39 -1.67387e-39 -1.49334e-39  1.05084e-40 -9.58077e-39  1.38251e-40 -1.78347e-39 -3.69302e-41 -4.24411e-40  2.23184e-41  2.05525e-40   3.6079e-41  3.63676e-40 -1.03145e-41  -2.3388e-40  7.94461e-42  4.80444e-41 -2.04547e-41 -1.12923e-41  3.83179e-41  3.68217e-42 -7.29777e-41  5.56264e-42  1.35183e-40 -1.55611e-41 -2.30084e-40  3.48505e-41   3.5718e-40 -6.58962e-41 -5.01917e-40  1.13164e-40  6.33272e-40 -1.75423e-40 -7.10076e-40  2.42084e-40  6.98494e-40 -2.92198e-40 -5.92811e-40  3.01608e-40   4.2457e-40 -2.58403e-40 -2.48894e-40  1.76286e-40  1.14257e-40 -9.00555e-41 -3.83192e-41  3.11796e-41  8.30158e-42 -6.05548e-42 -8.80648e-43  3.89683e-43
 1.09348e-36  3.39536e-37  3.13624e-35  -7.1387e-37 -3.93593e-35  5.68775e-36  3.22165e-35  2.09572e-36  1.16424e-34 -1.07979e-35 -4.98093e-34  2.31311e-35 -3.83428e-34 -3.92798e-35 -1.00439e-33 -4.00052e-35 -8.66115e-34  1.68965e-35  8.05838e-33  2.48822e-35 -3.39494e-34 -1.05578e-34 -2.97567e-33 -4.53416e-35  6.16195e-34  3.40648e-35  1.35701e-33  1.41675e-35 -3.20817e-35 -2.30783e-35 -3.37651e-34 -6.74836e-35  -2.9091e-36  5.27321e-35 -2.42311e-35 -2.00946e-35 -2.40477e-35 -2.52672e-35  -3.5547e-34 -9.40542e-36 -6.29462e-35  2.94897e-36 -6.70775e-35   -4.363e-36  9.89973e-35 -4.21043e-36  1.96278e-35  6.94208e-36  5.80127e-35  1.49941e-36 -2.72294e-36  1.13059e-36 -1.71081e-35 -1.33038e-36 -8.64921e-36 -8.06739e-37  5.31785e-36 -1.89335e-37  1.00187e-38 -3.30921e-37  3.75915e-36 -7.61163e-38 -5.42127e-37 -2.06505e-38 -1.98256e-37 -6.57072e-38   1.6161e-36 -9.02587e-38  3.63313e-37  2.34903e-38  2.37503e-37  6.47627e-39  2.18816e-39 -1.12025e-38   3.7826e-38 -1.50963e-39 -5.16037e-39 -1.31671e-39 -3.93301e-39  1.24719e-40 -1.33678e-38  2.69389e-40 -2.33996e-39 -3.09602e-41 -2.72917e-40  2.11646e-41  2.05667e-40  5.77989e-41  4.38659e-40 -2.21624e-41 -2.83554e-40  3.66189e-41  5.96056e-41 -8.19276e-41 -3.37277e-42  1.61527e-40 -1.89474e-41 -3.03453e-40  5.91944e-41  5.29905e-40  -1.3032e-40 -8.45694e-40  2.62756e-40  1.22448e-39 -4.78985e-40 -1.59506e-39  7.90198e-40  1.85045e-39  -1.1659e-39 -1.88714e-39   1.5153e-39  1.66339e-39 -1.70159e-39 -1.23849e-39  1.60955e-39  7.54023e-40 -1.23875e-39 -3.57232e-40  7.37905e-40  1.20985e-40 -3.14934e-40 -2.44294e-41  8.42328e-41  1.40355e-42 -1.05494e-41  2.31149e-43
-2.31175e-37  7.27636e-37  8.09315e-37  7.19502e-35 -9.58003e-37 -3.97697e-35  7.52663e-36  3.52377e-35  9.70914e-36  8.88273e-35 -1.66186e-35 -3.32296e-34  2.56905e-35 -4.48014e-34 -3.94279e-35 -1.57744e-33 -5.90487e-35 -6.10031e-34  2.48822e-35  8.88089e-33  3.15617e-35 -8.01372e-35 -1.27953e-34 -2.99149e-33 -5.11972e-35  8.66069e-34   2.8345e-35  1.26018e-33  1.90211e-35  3.47173e-35 -2.02467e-35 -1.81554e-34 -7.10117e-35  9.43709e-35  5.17627e-35 -1.08031e-34 -1.80594e-35  4.47375e-35 -3.06612e-35 -3.76081e-34 -1.15144e-35 -9.34202e-35  9.81403e-38 -7.91149e-35 -6.58134e-36  1.33936e-34  -2.7478e-36  3.67967e-35  7.34081e-36  7.48983e-35  2.62021e-36 -5.58408e-36  6.20589e-37 -1.30959e-35 -1.43276e-36 -1.07452e-35 -1.11502e-36  8.65276e-36  -3.5143e-37  5.40302e-38 -4.47107e-37  3.60162e-36 -1.67324e-37 -5.15805e-37 -4.00181e-38  9.81854e-39 -7.57601e-38  1.76387e-36 -1.05279e-37  4.41508e-37  3.61332e-38  2.88955e-37  7.03909e-39 -7.30661e-39 -1.17736e-38  5.15515e-38 -5.41423e-40 -8.53377e-41 -7.35286e-40 -5.64017e-39  1.82141e-40 -1.73113e-38  4.40369e-40 -3.06262e-39 -1.64493e-42 -7.27104e-41  4.90827e-42  2.09983e-40  1.01184e-40  4.95936e-40 -7.54091e-41 -3.17308e-40  1.57453e-40  4.64588e-41   -3.302e-40  7.18726e-41  6.34745e-40  -2.0459e-40 -1.13271e-39  4.79628e-40  1.85264e-39 -1.00639e-39 -2.75151e-39  1.93597e-39  3.67808e-39  -3.3781e-39 -4.37694e-39  5.29724e-39  4.57061e-39 -7.36683e-39 -4.10619e-39  8.93457e-39  3.08301e-39 -9.24569e-39 -1.84527e-39   7.9269e-39  8.01847e-40 -5.40273e-39 -1.89712e-40   2.7525e-39 -2.54822e-41 -9.48295e-40  3.73276e-41  1.82665e-40 -1.05137e-41 -1.15935e-41
-3.28928e-36 -5.50071e-37 -2.61575e-36  1.50942e-36  1.17699e-34 -6.28967e-37 -2.39676e-36  7.67716e-36  8.44361e-36  1.73103e-35  3.88614e-35 -2.07586e-35 -7.16484e-35  2.73483e-35 -3.98569e-34 -3.95284e-35 -2.17596e-33 -8.15923e-35 -3.39494e-34  3.15617e-35  9.58726e-33  3.48061e-35  1.48759e-34 -1.45217e-34 -2.72031e-33 -5.90806e-35  1.03246e-33  1.75249e-35   1.0534e-33  2.21092e-35  5.79433e-35 -1.61253e-35  1.62474e-35 -7.11842e-35  2.70801e-34  4.87369e-35 -1.64377e-34 -1.34866e-35  9.54189e-35 -3.86075e-35  -3.9924e-34 -1.33522e-35   -1.215e-34 -4.17911e-36 -8.74527e-35  -9.4827e-36   1.6449e-34 -1.09341e-36   5.4122e-35  7.13881e-36  9.31563e-35  4.04757e-36  -8.3625e-36   1.5312e-37 -7.05954e-36 -1.53731e-36 -1.22851e-35 -1.46695e-36  1.19433e-35 -5.19376e-37  3.14397e-37 -5.56022e-37  3.15161e-36 -2.60676e-37 -4.28994e-37 -6.62034e-38  2.57722e-37 -8.44905e-38   1.8052e-36 -1.19351e-37  5.13806e-37   5.2375e-38  3.37759e-37  7.05713e-39 -2.97658e-38  -1.1592e-38  6.80232e-38  1.02249e-39  4.90019e-39  6.44737e-41 -6.33349e-39  2.83686e-40 -2.10211e-38  6.35867e-40 -4.01005e-39  6.48248e-41  1.65677e-40 -5.16581e-41  2.21474e-40  2.22105e-40  5.05622e-40 -2.94542e-40 -2.60157e-40  6.22763e-40 -1.82699e-40 -1.23294e-39  6.94941e-40  2.24418e-39 -1.67802e-39 -3.74352e-39  3.69636e-39  5.66592e-39 -7.45086e-39 -7.70047e-39  1.36941e-38  9.27202e-39 -2.27225e-38 -9.70356e-39  3.36491e-38  8.56524e-39 -4.38217e-38 -6.03432e-39  4.92438e-38  2.95889e-39 -4.65591e-38 -4.44154e-40  3.57738e-38 -8.16632e-40 -2.12437e-38  9.22482e-40  9.01989e-39 -5.11306e-40 -2.39209e-39  1.54796e-40  2.95229e-40 -1.76701e-41
-3.00856e-38 -7.35981e-36 -1.00819e-36 -1.06656e-35  2.28568e-36  1.56508e-34  7.16185e-37  8.14172e-35  5.65716e-36 -5.54385e-35  2.24507e-35 -2.90108e-35 -2.21881e-35  2.54444e-34  2.90415e-35 -2.33661e-34 -4.00584e-35 -2.67995e-33 -1.05578e-34 -8.01372e-35  3.48061e-35  1.00807e-32  3.31141e-35  3.31689e-34   -1.542e-34 -2.22021e-33 -6.82635e-35  1.08756e-33  2.02515e-36  7.62299e-34    2.312e-35  2.55793e-35 -1.29635e-35  2.51769e-34 -6.84745e-35   5.0141e-34  4.42776e-35 -1.78259e-34 -6.26188e-36   1.2192e-34 -4.91015e-35 -4.20994e-34 -1.46037e-35 -1.47158e-34 -9.52113e-36  -9.1365e-35 -1.28949e-35  1.86606e-34  6.38434e-37  6.80791e-35  6.18276e-36  1.10506e-34  5.71906e-36 -9.72195e-36 -1.67705e-37  7.61951e-37 -1.66012e-36 -1.32883e-35 -1.87815e-36  1.49159e-35   -6.884e-37  7.78043e-37  -6.4042e-37  2.40468e-36 -3.39894e-37 -2.92665e-37 -9.98594e-38  5.18749e-37 -9.25713e-38  1.73087e-36 -1.31351e-37  5.72905e-37   7.1513e-38  3.81444e-37  5.93179e-39 -6.89965e-38 -1.05604e-38  8.68131e-38  3.22023e-39  9.08412e-39  1.03989e-39 -6.05117e-39  4.29025e-40 -2.40313e-38  8.20893e-40 -5.22297e-39  2.05954e-40  4.15785e-40  -2.4074e-40  2.99619e-40  6.24558e-40  2.55387e-40  -1.0996e-39  4.81692e-40  2.21506e-39 -2.17829e-39 -4.10095e-39  5.64089e-39  6.92649e-39 -1.29425e-38 -1.05716e-38  2.73083e-38  1.43741e-38   -5.268e-38 -1.70577e-38  9.21839e-38  1.70544e-38   -1.448e-37 -1.33225e-38  2.01528e-37  6.30644e-39 -2.44413e-37  1.74126e-39  2.52724e-37 -7.71695e-39 -2.16308e-37  9.55945e-39     1.47e-37 -7.62067e-39  -7.4538e-38  4.17963e-39  2.54834e-38 -1.48766e-39 -4.84498e-39  2.78158e-40   2.9982e-40
  2.0047e-36 -1.64944e-37 -1.19362e-35 -1.65624e-36 -2.50834e-35  2.82771e-36  1.80246e-34  3.27197e-36  2.05852e-34  1.75319e-36 -1.51812e-34  2.32003e-35 -1.06713e-34 -2.03617e-35  6.03298e-34  3.13352e-35  2.02053e-35 -4.17505e-35 -2.97567e-33 -1.27953e-34  1.48759e-34  3.31141e-35  1.02863e-32   2.6026e-35  4.55311e-34 -1.52797e-34 -1.59357e-33 -7.79661e-35  1.01409e-33 -1.67248e-35    4.194e-34  2.11404e-35 -5.89428e-35  -1.3036e-35  5.15795e-34 -6.35993e-35   7.5681e-34  3.89974e-35 -1.42947e-34  3.29652e-36  1.22195e-34 -6.17406e-35 -4.36066e-34 -1.49845e-35 -1.70113e-34 -1.53244e-35 -9.02512e-35 -1.65702e-35  1.97331e-34  2.26007e-36  7.50662e-35  4.39735e-36  1.24683e-34  7.56132e-36 -8.24684e-36 -2.44961e-37  9.76207e-36 -1.82751e-36 -1.40169e-35 -2.36902e-36  1.73126e-35 -8.53113e-37  1.39847e-36 -6.79115e-37  1.35026e-36 -3.87425e-37 -1.30215e-37  -1.4104e-37   7.6743e-37  -1.0019e-37  1.55013e-36 -1.39952e-37  6.08658e-37  9.21854e-38   4.1836e-37  3.17824e-39 -1.27021e-37 -8.63485e-39  1.06886e-37   6.0147e-39  1.16942e-38  2.10088e-39 -5.15103e-39  6.23131e-40 -2.58858e-38  9.11865e-40 -6.64957e-39  5.53434e-40  4.82094e-40 -8.72321e-40  1.03565e-39  1.94402e-39 -2.01351e-39 -3.66432e-39  6.69349e-39  6.84189e-39 -1.80482e-38 -1.15588e-38  4.32971e-38  1.74364e-38 -9.53356e-38 -2.29215e-38  1.92626e-37  2.50629e-38 -3.54486e-37 -2.02123e-38  5.88703e-37  5.97293e-39 -8.72091e-37  1.62447e-38  1.13556e-36 -4.00001e-38 -1.27514e-36  5.59892e-38  1.20389e-36 -5.74251e-38 -9.22735e-37  4.49538e-38  5.45752e-37 -2.64269e-38  -2.3021e-37  1.09872e-38  6.03851e-38 -2.81482e-39 -7.30382e-39  2.88186e-40
 5.95401e-38  3.74437e-36 -4.53366e-37 -1.70378e-35 -2.51391e-36  -4.8129e-35   2.7903e-36  1.88177e-34  6.86095e-36  3.49518e-34 -3.32073e-36 -2.65849e-34  1.88983e-35 -1.79192e-34 -1.54259e-35  9.26856e-34   3.3885e-35  3.19512e-34 -4.53416e-35 -2.99149e-33 -1.45217e-34  3.31689e-34   2.6026e-35   1.0184e-32  1.42387e-35  5.09935e-34 -1.40439e-34 -9.53509e-34 -8.79161e-35  8.07828e-34 -3.66848e-35  5.91292e-35  1.45809e-35 -1.79023e-34 -1.81582e-35  7.92478e-34 -5.71637e-35  1.00955e-33  3.32658e-35  -6.1628e-35  1.44295e-35  9.96376e-35 -7.57408e-35  -4.3902e-34  -1.4249e-35 -1.89012e-34 -2.08358e-35 -8.38473e-35 -2.02547e-35  1.95303e-34  3.51344e-36  7.20692e-35  1.82059e-36  1.33952e-34  9.50233e-36 -2.74961e-36 -6.71656e-39   1.9002e-35 -2.07148e-36 -1.49257e-35 -2.95692e-36  1.89413e-35 -1.00809e-36  2.11582e-36 -6.50887e-37 -4.06175e-38 -3.87232e-37  3.26074e-38 -1.88993e-37  9.86913e-37 -1.06438e-37  1.28958e-36 -1.43722e-37  6.09082e-37  1.12551e-37  4.47842e-37 -1.32265e-39 -2.03229e-37 -5.84606e-39  1.26531e-37  9.28469e-39  1.19737e-38  3.09367e-39 -4.14621e-39  9.19235e-40 -2.63727e-38  6.88207e-40  -7.7071e-39  1.52192e-39 -1.31006e-39 -2.80134e-39  7.44855e-39  5.68879e-39 -2.04531e-38 -1.02016e-38  5.55209e-38  1.68158e-38  -1.3833e-37 -2.39089e-38  3.17571e-37  2.74059e-38 -6.70651e-37 -1.99723e-38  1.29501e-36  -7.4178e-39 -2.26745e-36  6.06842e-38  3.56272e-36 -1.35709e-37 -4.95829e-36  2.13877e-37  6.01057e-36 -2.66356e-37 -6.20833e-36  2.68897e-37  5.30344e-36 -2.18935e-37 -3.59237e-36  1.40107e-37  1.81176e-36 -6.69853e-38 -6.13871e-37  2.17093e-38  1.14869e-37 -3.79519e-39 -6.87827e-39
