  0.00019561 -2.79633e-22  -0.00117004  4.77069e-21   0.00213834 -1.65547e-20  -0.00146935  2.22685e-20 -4.68074e-05 -2.37752e-20  0.000424433  2.21702e-20 -1.95136e-05  9.21909e-21 -7.47366e-05 -2.03833e-20 -2.29405e-06  1.25777e-21   4.8872e-06  1.16015e-21  3.10073e-07
-2.79633e-22   0.00178326 -3.06306e-21  -0.00564042  3.04425e-20   0.00689691 -6.64164e-20  -0.00265665  6.58544e-20  -0.00129481 -9.48822e-20  0.000949113  7.52508e-20  0.000232463  5.66222e-20 -0.000147693 -4.83845e-20 -3.29941e-05 -6.91914e-21  4.91757e-06  9.13636e-22
 -0.00117004 -3.06306e-21   0.00755398 -1.71869e-20   -0.0153992   1.0488e-19    0.0128191 -1.40559e-19  -0.00144971  1.39554e-19  -0.00370471 -3.05443e-19  0.000923998  1.38418e-19  0.000728109  1.86422e-19 -0.000116019 -5.33173e-20  -6.7822e-05 -2.18688e-20 -1.98322e-07
 4.77069e-21  -0.00564042 -1.71869e-20    0.0198393 -5.69385e-20   -0.0284365  2.09583e-19    0.0156285 -1.34191e-19   0.00318457  3.29115e-19  -0.00589147  -7.8968e-19 -6.67061e-05  7.33648e-20   0.00115435   4.0744e-19  4.25884e-05   1.4884e-21 -6.90552e-05 -2.55682e-20
  0.00213834  3.04425e-20   -0.0153992 -5.69385e-20    0.0365117 -1.14191e-19   -0.0386975  1.57373e-19    0.0123752  1.30124e-19   0.00950329  9.48156e-19  -0.00638036 -1.60005e-18  -0.00167411 -3.52166e-19   0.00121108  6.34485e-19  0.000225637  9.74165e-20 -3.34961e-05
-1.65547e-20   0.00689691   1.0488e-19   -0.0284365 -1.14191e-19    0.0508114 -9.12314e-20   -0.0412771 -5.31109e-19   0.00437502  7.12809e-19    0.0146957  2.56747e-18  -0.00491711 -2.54205e-18  -0.00317464 -1.26687e-18    0.0008616  7.06705e-19  0.000303862  1.40953e-19
 -0.00146935 -6.64164e-20    0.0128191  2.09583e-19   -0.0386975 -9.12314e-20    0.0570085  2.96171e-19   -0.0366578 -2.64796e-18   -0.0045925  1.31974e-18    0.0172985  5.71263e-18  -0.00228172 -3.16073e-18  -0.00405353 -2.47549e-18  0.000291127   5.1081e-19  0.000220183
 2.22685e-20  -0.00265665 -1.40559e-19    0.0156285  1.57373e-19   -0.0412771  2.96171e-19    0.0551759  1.60143e-18   -0.0290532 -7.08431e-18   -0.0117978  1.28851e-18    0.0175783  1.03507e-17  0.000629853 -2.94295e-18  -0.00415485  -3.4492e-18 -0.000235689  1.42504e-19
-4.68074e-05  6.58544e-20  -0.00144971 -1.34191e-19    0.0123752 -5.31109e-19   -0.0366578  1.60143e-18    0.0496357  4.58425e-18   -0.0221263 -1.43075e-17   -0.0167448 -1.01491e-19    0.0164385  1.56571e-17   0.00329135 -1.59447e-18  -0.00352225 -3.55019e-18 -0.000445216
-2.37752e-20  -0.00129481  1.39554e-19   0.00318457  1.30124e-19   0.00437502 -2.64796e-18   -0.0290532  4.58425e-18     0.044413  9.85228e-18   -0.0171228 -2.38071e-17    -0.020157 -3.27945e-18    0.0145391  2.03401e-17   0.00547172  7.31717e-19  -0.00227575 -2.39425e-18
 0.000424433 -9.48822e-20  -0.00370471  3.29115e-19   0.00950329  7.12809e-19   -0.0045925 -7.08431e-18   -0.0221263  9.85228e-18    0.0411092  1.73704e-17    -0.013712 -3.41367e-17   -0.0228563 -8.33032e-18    0.0121007  2.31063e-17   0.00696039  3.20658e-18 -0.000750438
 2.21702e-20  0.000949113 -3.05443e-19  -0.00589147  9.48156e-19    0.0146957  1.31974e-18   -0.0117978 -1.43075e-17   -0.0171228  1.73704e-17    0.0396719  2.63993e-17   -0.0112217 -4.37444e-17   -0.0253916  -1.5123e-17   0.00898482   2.2715e-17   0.00722328  4.08544e-18
-1.95136e-05  7.52508e-20  0.000923998  -7.8968e-19  -0.00638036  2.56747e-18    0.0172985  1.28851e-18   -0.0167448 -2.38071e-17    -0.013712  2.63993e-17    0.0396867  3.61316e-17  -0.00912485 -5.17231e-17   -0.0280899 -2.31465e-17   0.00473221  1.79819e-17   0.00519914
 9.21909e-21  0.000232463  1.38418e-19 -6.67061e-05 -1.60005e-18  -0.00491711  5.71263e-18    0.0175783 -1.01491e-19    -0.020157 -3.41367e-17   -0.0112217  3.61316e-17    0.0409632  4.63585e-17  -0.00699627 -5.74192e-17   -0.0310949 -3.07801e-17  -0.00103863  9.19396e-18
-7.47366e-05  5.66222e-20  0.000728109  7.33648e-20  -0.00167411 -2.54205e-18  -0.00228172  1.03507e-17    0.0164385 -3.27945e-18   -0.0228563 -4.37444e-17  -0.00912485  4.63585e-17    0.0436343  5.71678e-17  -0.00426534 -5.92783e-17    -0.033737 -3.43042e-17  -0.00603865
-2.03833e-20 -0.000147693  1.86422e-19   0.00115435 -3.52166e-19  -0.00317464 -3.16073e-18  0.000629853  1.56571e-17    0.0145391 -8.33032e-18   -0.0253916 -5.17231e-17  -0.00699627  5.71678e-17    0.0482494  6.74752e-17  0.000613196  -5.4824e-17   -0.0318452 -2.72153e-17
-2.29405e-06 -4.83845e-20 -0.000116019   4.0744e-19   0.00121108 -1.26687e-18  -0.00405353 -2.94295e-18   0.00329135  2.03401e-17    0.0121007  -1.5123e-17   -0.0280899 -5.74192e-17  -0.00426534  6.74752e-17    0.0564746  7.31682e-17    0.0124669 -4.27393e-17   -0.0176781
 1.25777e-21 -3.29941e-05 -5.33173e-20  4.25884e-05  6.34485e-19    0.0008616 -2.47549e-18  -0.00415485 -1.59447e-18   0.00547172  2.31063e-17   0.00898482 -2.31465e-17   -0.0310949 -5.92783e-17  0.000613196  7.31682e-17    0.0730693  6.69236e-17    0.0367546 -2.34469e-17
  4.8872e-06 -6.91914e-21  -6.7822e-05   1.4884e-21  0.000225637  7.06705e-19  0.000291127  -3.4492e-18  -0.00352225  7.31717e-19   0.00696039   2.2715e-17   0.00473221 -3.07801e-17    -0.033737  -5.4824e-17    0.0124669  6.69236e-17     0.102033    4.372e-17    0.0541401
 1.16015e-21  4.91757e-06 -2.18688e-20 -6.90552e-05  9.74165e-20  0.000303862   5.1081e-19 -0.000235689 -3.55019e-18  -0.00227575  3.20658e-18   0.00722328  1.79819e-17  -0.00103863 -3.43042e-17   -0.0318452 -4.27393e-17    0.0367546    4.372e-17     0.119415  1.48082e-17
 3.10073e-07  9.13636e-22 -1.98322e-07 -2.55682e-20 -3.34961e-05  1.40953e-19  0.000220183  1.42504e-19 -0.000445216 -2.39425e-18 -0.000750438  4.08544e-18   0.00519914  9.19396e-18  -0.00603865 -2.72153e-17   -0.0176781 -2.34469e-17    0.0541401  1.48082e-17    0.0727658
