 2.39375e-35   -1.878e-50 -4.34949e-35 -1.53171e-49  8.97216e-35  1.14443e-47 -1.69835e-33  -5.6767e-46  2.96676e-32  1.31365e-45  -3.9902e-31  1.07349e-44  4.27259e-30 -8.55551e-44  -3.7485e-29  8.15638e-43  2.75006e-28 -6.25241e-42 -1.71216e-27  4.53087e-41  9.14476e-27 -2.84603e-40 -4.22375e-26  1.53831e-39  1.69678e-25 -7.22689e-39 -5.95199e-25  2.93921e-38  1.82734e-24 -1.01848e-37 -4.91418e-24  2.89217e-37  1.15673e-23 -5.98152e-37 -2.37738e-23   4.0147e-37  4.24687e-23   3.8007e-36  -6.5456e-23  -2.5035e-35  8.60486e-23  1.01824e-34 -9.47227e-23 -3.29269e-34  8.45847e-23  9.06409e-34 -5.74858e-23 -2.18548e-33  2.48903e-23  4.68229e-33 -8.03102e-25 -8.98451e-33 -8.03692e-24  1.55078e-32   5.5864e-24 -2.41293e-32 -6.42677e-25  3.38585e-32 -1.37082e-24 -4.28014e-32  7.45991e-25   4.8615e-32   1.1889e-25 -4.93847e-32 -2.24356e-25  4.45279e-32   1.9675e-26 -3.51897e-32  4.80296e-26  2.38304e-32 -9.65992e-27 -1.31935e-32  -8.9808e-27  5.23535e-33  2.06889e-27 -5.83682e-34   1.5816e-27  -1.2964e-33 -2.71397e-28  1.49081e-33 -2.54863e-28  -1.0187e-33  1.34182e-29  5.06675e-34  3.36301e-29 -1.83065e-34  2.95839e-30  4.01361e-35 -3.05777e-30  1.70385e-36  -7.6628e-31 -6.21376e-36  1.22479e-31  3.26105e-36  8.01895e-32 -1.13581e-36  6.06299e-33  3.25035e-37 -3.38358e-33 -8.89165e-38 -9.33568e-34  2.40675e-38 -2.42512e-35 -5.46468e-39  3.03955e-35  7.29003e-40  5.52842e-36  1.98968e-41  1.41495e-37 -2.28556e-41 -8.27427e-38  3.07115e-42 -1.41831e-38 -1.51505e-42  -6.4027e-40  8.90364e-43  4.94489e-41 -2.30017e-43  7.14729e-42  2.97976e-44  3.53929e-43 -2.13187e-45  2.57804e-45  8.64594e-47 -2.53238e-46  -1.1739e-48
  -1.878e-50  8.90388e-35 -5.68856e-49 -2.40691e-34 -6.91956e-49  4.35839e-33  1.72642e-46 -8.95682e-32 -6.35309e-45  1.37476e-30  3.91435e-45 -1.64746e-29  2.42553e-43  1.59663e-28  -2.3329e-42  -1.2821e-27  2.13236e-41  8.67895e-27 -1.64362e-40 -5.01573e-26  1.13152e-39  2.49788e-25 -6.80358e-39 -1.07932e-24  3.58062e-38  4.06594e-24 -1.65784e-37 -1.33958e-23  6.75095e-37  3.86603e-23 -2.40543e-36 -9.77422e-23  7.40627e-36  2.16152e-22 -1.91445e-35 -4.16701e-22  3.84705e-35  6.96277e-22 -4.32495e-35 -9.99293e-22 -7.63639e-35  1.21443e-21    6.744e-34  -1.2208e-21 -2.64616e-33  9.72566e-22  7.85524e-33 -5.57372e-22 -1.95178e-32  1.58575e-22  4.21354e-32  6.90834e-23 -8.04316e-32 -1.03742e-22  1.37004e-31  4.18414e-23 -2.09232e-31  9.98164e-24  2.87069e-31 -1.68962e-23 -3.53835e-31  3.58889e-24  3.91069e-31  3.38141e-24 -3.86018e-31 -1.74351e-24  3.37954e-31 -4.67177e-25 -2.59362e-31  4.54369e-25  1.70851e-31  5.53875e-26 -9.25186e-32  -9.1693e-26  3.66656e-32 -8.98178e-27 -5.39329e-33  1.53276e-26 -6.79573e-33  2.22303e-27   8.1106e-33 -2.03695e-27 -5.42166e-33  -5.0664e-28  2.59578e-33   1.8411e-28  -8.9021e-34  8.17741e-29  1.79086e-34 -5.63573e-30  1.24675e-35 -8.23787e-30 -2.77104e-35 -9.98548e-31  1.31672e-35  4.07237e-31 -4.26367e-36  1.34757e-31  1.21008e-36  3.13352e-33 -3.66455e-37 -5.74594e-33  1.16291e-37 -1.14507e-33 -3.11938e-38  -1.2356e-36  5.55775e-39  3.02037e-35 -3.98099e-40  4.65524e-36 -5.41132e-41  1.37927e-37  2.51683e-41 -4.70356e-38 -1.29176e-41 -6.34882e-39  4.90938e-42 -2.81656e-40 -9.75968e-43  6.03538e-42  9.97328e-44  1.12835e-42 -5.35248e-45  2.96164e-44  1.44218e-46  1.82328e-47
-4.34949e-35 -5.68856e-49  3.42378e-34 -1.05481e-47 -7.15206e-33  3.70233e-47  1.75555e-31  1.19579e-45 -3.11715e-30 -3.66872e-44  4.21715e-29 -2.01853e-43 -4.54157e-28  4.41795e-42   4.0085e-27 -4.31894e-41 -2.95939e-26  3.73296e-40  1.85471e-25 -2.77853e-39 -9.97521e-25  1.82324e-38  4.64113e-24 -1.05179e-37 -1.87887e-23  5.35637e-37   6.6446e-23 -2.41716e-36 -2.05764e-22  9.67599e-36  5.58437e-22 -3.43048e-35 -1.32738e-21   1.0716e-34  2.75683e-21 -2.91529e-34 -4.98082e-21  6.73476e-34  7.77263e-21 -1.24051e-33 -1.03601e-20  1.44568e-33  1.15868e-20  8.66663e-34 -1.05473e-20 -1.14542e-32  7.35744e-21  4.23671e-32  -3.3431e-21 -1.13962e-31  2.48715e-22  2.53449e-31  9.84862e-22 -4.86832e-31  -7.4705e-22  8.23584e-31  1.18111e-22 -1.23908e-30  1.69677e-22  1.66569e-30 -1.05441e-22 -2.00397e-30 -1.00431e-23  2.15593e-30  3.03324e-23 -2.06746e-30 -4.30068e-24  1.75637e-30  -6.3061e-24 -1.30754e-30   1.6875e-24  8.36389e-31  1.16148e-24 -4.41624e-31 -3.59933e-25  1.73311e-31  -2.0715e-25 -2.94926e-32  5.15925e-26 -2.44542e-32  3.48494e-26  3.03518e-32 -4.02713e-27 -1.97767e-32 -4.91717e-27  9.05365e-33 -1.80678e-28 -2.89727e-33  4.92807e-28   4.9626e-34  9.65235e-29  8.00418e-35 -2.55407e-29 -9.62835e-35 -1.18808e-29  4.09028e-35 -4.41111e-31 -1.25459e-35  6.09145e-31  3.63932e-36  1.34793e-31 -1.21213e-36 -2.26344e-33  4.25227e-37  -5.3315e-33 -1.24816e-37 -8.12015e-34  2.52092e-38  2.33122e-36 -2.64425e-39  1.64806e-35 -9.61239e-41  2.18652e-36  1.29196e-40  6.54721e-38  -5.8208e-41 -1.10526e-38  1.69228e-41   -1.321e-39 -2.67379e-42 -5.00218e-41  2.11209e-43  8.48287e-44 -7.86438e-45  2.96816e-44  1.11381e-46
-1.53171e-49 -2.40691e-34 -1.05481e-47  8.39329e-33 -1.37324e-46 -2.55383e-31  1.07031e-45  5.33812e-30 -4.79464e-45 -8.24139e-29  4.37086e-44  9.93305e-28 -4.88644e-42 -9.68455e-27  6.49185e-41   7.8258e-26 -6.08721e-40 -5.33266e-25  4.97438e-39  3.10331e-24 -3.54002e-38  -1.5568e-23  2.22019e-37  6.77871e-23 -1.23056e-36 -2.57443e-22  6.05343e-36  8.55485e-22 -2.65154e-35 -2.49147e-21  1.03582e-34  6.36027e-21 -3.60837e-34 -1.42117e-20   1.1183e-33  2.77047e-20 -3.06571e-33 -4.68572e-20  7.34647e-33  6.81546e-20  -1.5011e-32 -8.40866e-20  2.46238e-32  8.60367e-20 -2.62135e-32 -7.00918e-20 -9.66937e-33  4.15426e-20  1.45719e-31 -1.29509e-20   -4.859e-31 -4.25038e-21  1.16268e-30  7.58952e-21 -2.28969e-30  -3.3916e-21    3.883e-30 -5.51473e-22 -5.78371e-30  1.27316e-21  7.63835e-30 -3.36199e-22 -8.98153e-30 -2.36615e-22  9.40972e-30  1.46507e-22 -8.76514e-30  2.78325e-23  7.22096e-30 -3.72679e-23 -5.20922e-30 -2.23135e-24  3.23081e-30  7.53208e-24 -1.65929e-30  2.89195e-25  6.40944e-31 -1.29151e-24 -1.18596e-31 -1.10598e-25 -6.97157e-32  1.81263e-25  9.01899e-32  3.33569e-26 -5.70569e-32 -1.82674e-26  2.47574e-32 -6.29432e-27 -7.19647e-33  8.77916e-28  8.74598e-34  7.18757e-28  3.97799e-34  5.40694e-29  -3.0461e-34 -4.19997e-29  1.18294e-34  -1.1089e-29  -3.5842e-35  2.59831e-31  1.07467e-35  5.73821e-31 -3.69467e-36  9.13078e-32  1.32892e-36 -3.69445e-33 -4.04183e-37 -3.11714e-33  8.59026e-38 -3.96263e-34 -9.89005e-39  -5.7415e-37 -2.73556e-40  5.31239e-36  4.84274e-40  5.92306e-37 -1.83903e-40  1.97211e-38  4.28869e-41 -1.16079e-39  -5.4086e-42 -1.13578e-40  3.18339e-43 -2.73754e-42 -7.21711e-45 -1.17685e-44
 8.97216e-35 -6.91956e-49 -7.15206e-33 -1.37324e-46  2.88269e-31 -1.42074e-45 -7.26599e-30  1.91286e-44  1.29771e-28 -2.61762e-43 -1.76575e-27  4.04743e-42  1.91303e-26 -7.01754e-41 -1.69914e-25  7.72379e-40  1.26275e-24 -6.86027e-39 -7.96893e-24  5.32139e-38  4.31729e-23 -3.62182e-37 -2.02415e-22  2.17884e-36  8.26088e-22 -1.16312e-35 -2.94649e-21  5.53103e-35  9.20725e-21 -2.34984e-34 -2.52293e-20  8.93499e-34  6.05864e-20 -3.04236e-33 -1.27223e-19  9.26744e-33  2.32605e-19 -2.51749e-32 -3.67738e-19  6.05843e-32  4.97312e-19 -1.27499e-31 -5.65514e-19  2.28455e-31  5.25209e-19 -3.26513e-31 -3.76378e-19  2.92811e-31  1.79479e-19  1.54194e-31 -2.08373e-20  -1.4729e-30 -4.76867e-20  4.21816e-30  3.98204e-20 -8.80936e-30 -8.07705e-21  1.51907e-29 -8.25163e-21 -2.25548e-29  5.92185e-21  2.93644e-29  1.92536e-22  -3.3801e-29 -1.62375e-21  3.45046e-29   3.2674e-22 -3.12154e-29  3.25012e-22  2.49221e-29 -1.13008e-22 -1.74048e-29 -5.83931e-23  1.04527e-29   2.4097e-23 -5.21221e-30  1.05089e-23  1.97419e-30 -3.68238e-24 -3.84752e-31 -1.85403e-24 -1.65912e-31  3.58859e-25  2.25034e-31  2.81402e-25  -1.3759e-31 -5.77532e-27  5.58084e-32 -3.11225e-26 -1.39593e-32 -4.42678e-27  3.73171e-34  1.94937e-27  1.58606e-33  6.87974e-28 -9.16878e-34 -7.46705e-30  3.39441e-34 -4.22864e-29 -1.04886e-34 -7.39255e-30  3.17848e-35  5.32289e-31 -1.05337e-35  3.67811e-31  3.68529e-36  4.52777e-32  -1.1227e-36 -2.06869e-33  2.40549e-37 -1.22064e-33 -2.74228e-38 -1.31522e-34 -1.15608e-39 -1.36956e-36  1.42434e-39  9.57333e-37 -4.49719e-40  9.03969e-38  8.50724e-41  2.73539e-39 -8.44984e-42 -2.86474e-41  3.48485e-43 -2.55344e-42 -3.65163e-45
 1.14443e-47  4.35839e-33  3.70233e-47 -2.55383e-31 -1.42074e-45  8.03556e-30  -1.3432e-44 -1.68998e-28  2.70733e-43  2.62412e-27 -4.26356e-42 -3.18178e-26  5.96268e-41  3.12176e-25 -7.55973e-40 -2.53929e-24   7.4959e-39  1.74235e-23 -6.32255e-38 -1.02135e-22  4.68744e-37  5.16305e-22 -3.06717e-36 -2.26631e-21  1.77963e-35  8.68054e-21 -9.18869e-35 -2.91061e-20  4.23599e-34  8.55795e-20 -1.74818e-33 -2.20698e-19  6.47067e-33  4.98524e-19 -2.15003e-32 -9.83272e-19  6.41166e-32   1.6843e-18 -1.71301e-31 -2.48445e-18   4.0836e-31  3.11407e-18 -8.61821e-31 -3.24578e-18  1.58623e-30  2.70644e-18 -2.46802e-30 -1.66018e-18  2.99871e-30  5.64214e-19 -2.03758e-30  1.31422e-19 -2.23157e-30 -2.95986e-19   1.1885e-29  1.46647e-19 -2.82706e-29  1.33928e-20  5.07375e-29 -5.10207e-20 -7.58287e-29  1.63958e-20  9.77556e-29  8.61537e-21 -1.10376e-28  -6.5319e-21  1.09855e-28 -7.59559e-22  -9.6504e-29  1.62015e-21  7.46177e-29 -5.83572e-24  -5.0398e-29  -3.2706e-22  2.92777e-29  8.02419e-24 -1.41599e-29  5.73993e-23  5.25121e-30  1.36607e-24 -1.06349e-30 -8.48311e-24 -3.33487e-31 -1.03032e-24  4.83018e-31  9.40399e-25 -2.83634e-31  2.47932e-25  1.04664e-31 -5.89464e-26 -1.93877e-32 -3.27312e-26 -4.34912e-33 -8.24669e-28  5.35682e-33  2.24897e-27 -2.62803e-33  4.66012e-28  9.55787e-34 -3.98623e-29 -3.01043e-34   -2.975e-29  8.94354e-35 -3.67751e-30 -2.76646e-35  3.85519e-31  9.21362e-36  1.67065e-31 -2.75659e-36  1.69219e-32  5.78547e-37 -6.12967e-34 -6.15787e-38 -3.10653e-34 -4.20394e-39 -2.86121e-35  3.42048e-39 -5.54206e-37 -8.90627e-40  8.66728e-38  1.35861e-40  6.37597e-39 -1.03162e-41  1.38658e-40  2.67499e-43  2.33918e-43
-1.69835e-33  1.72642e-46  1.75555e-31  1.07031e-45 -7.26599e-30  -1.3432e-44  1.84318e-28 -1.27398e-43  -3.3109e-27  3.11445e-42  4.53214e-26 -4.68203e-41 -4.94114e-25  5.82151e-40  4.41771e-24 -6.36334e-39 -3.30589e-23  5.88556e-38  2.10149e-22 -4.76634e-37 -1.14724e-21  3.41876e-36  5.42223e-21 -2.17353e-35 -2.23173e-20  1.22756e-34  8.03173e-20 -6.17525e-34 -2.53368e-19  2.77489e-33  7.01296e-19 -1.11668e-32 -1.70231e-18  4.03252e-32  3.61607e-18 -1.30843e-31 -6.69439e-18  3.81602e-31  1.07289e-17   -9.995e-31 -1.47314e-17  2.34509e-30  1.70455e-17 -4.90348e-30 -1.61652e-17  9.05024e-30  1.19115e-17 -1.44762e-29 -5.96096e-18  1.92912e-29  9.38451e-19 -1.91988e-29   1.4072e-18  7.57156e-30 -1.30868e-18  2.26849e-29  3.26759e-19 -7.53765e-29   2.4249e-19  1.46832e-28  -2.0441e-19 -2.24071e-28  6.11723e-21  2.87715e-28  5.31346e-20 -3.19422e-28 -1.42513e-20  3.10187e-28 -1.01105e-20 -2.64539e-28  4.53887e-21  1.97944e-28  1.74376e-21  -1.2918e-28 -9.69024e-22  7.25375e-29 -3.14751e-22 -3.40264e-29  1.55702e-22  1.23731e-29  5.87243e-23 -2.60792e-30 -1.74754e-23 -5.45385e-31 -9.69464e-24  8.93384e-31  8.59522e-25  -4.9808e-31  1.18771e-24  1.56157e-31  1.04416e-25 -7.95291e-33 -8.73377e-26 -2.26193e-32  -2.3717e-26  1.59475e-32  1.73286e-27 -7.09042e-33  1.75823e-27    2.552e-33  2.32993e-28 -8.04408e-34 -3.67001e-29  2.29866e-34 -1.52889e-29 -6.61876e-35  -1.4286e-30   2.0954e-35  1.64739e-31 -6.08405e-36  5.37851e-32  1.22462e-36  4.64694e-33 -1.16628e-37 -8.23129e-35 -1.19326e-38 -4.81919e-35  6.86479e-39 -3.70903e-36 -1.46048e-39 -8.30359e-38   1.7643e-40  2.71747e-39  -9.7219e-42  1.32393e-40  1.25504e-43
 -5.6767e-46 -8.95682e-32  1.19579e-45  5.33812e-30  1.91286e-44 -1.68998e-28 -1.27398e-43  3.57475e-27 -1.17336e-42  -5.5841e-26  2.81373e-41  6.81351e-25 -3.68673e-40 -6.72916e-24  4.01816e-39  5.51159e-23 -3.98531e-38 -3.80935e-22  3.54647e-37  2.25011e-21 -2.83533e-36 -1.14661e-20  2.02107e-35  5.07577e-20 -1.27675e-34 -1.96156e-19  7.14416e-34   6.6395e-19 -3.54866e-33 -1.97181e-18  1.56971e-32  5.13948e-18 -6.20293e-32 -1.17424e-17  2.19576e-31  2.34462e-17 -6.97691e-31 -4.07017e-17  1.99215e-30  6.09268e-17 -5.11172e-30 -7.76418e-17  1.17703e-29  8.25047e-17 -2.42384e-29 -7.04758e-17  4.43471e-29  4.47758e-17 -7.12195e-29 -1.65142e-17  9.80245e-29 -2.43422e-18 -1.09459e-28  7.73457e-18  8.29565e-29 -4.25701e-18  3.84284e-30 -1.00014e-19 -1.60198e-28  1.36574e-18  3.70033e-28 -5.27485e-19 -5.89462e-28 -2.02483e-19   7.5975e-28   1.9438e-19 -8.31783e-28  8.68369e-21   7.8873e-28  -4.6892e-20 -6.52842e-28  3.31261e-21  4.72342e-28  9.41915e-21 -2.97585e-28 -8.81913e-22  1.61483e-28 -1.68801e-21 -7.35827e-29  7.34332e-23  2.63813e-29   2.6231e-22   -5.881e-30  1.51258e-23 -5.95283e-31 -3.17373e-23  1.37919e-30 -6.11113e-24 -7.08524e-31   2.4041e-24  1.44044e-31  9.73186e-25  6.49743e-32  -3.3379e-26 -7.72792e-32 -7.86743e-26   4.2892e-32 -1.22874e-26 -1.78182e-32  2.21439e-27  6.30274e-33  1.00942e-27 -1.95017e-33   8.8839e-29  5.31727e-34 -1.98624e-29 -1.43953e-34 -5.83759e-30  4.36187e-35 -4.41739e-31 -1.21865e-35  4.39783e-32   2.3142e-36  1.18276e-32 -1.90372e-37  8.85292e-34 -2.71639e-38  8.10316e-37  1.16702e-38 -4.00566e-36 -2.00161e-39 -2.35762e-37  1.85571e-40 -4.09958e-39 -6.75634e-42  9.10997e-42
 2.96676e-32 -6.35309e-45 -3.11715e-30 -4.79464e-45  1.29771e-28  2.70733e-43  -3.3109e-27 -1.17336e-42  5.98313e-26 -9.20843e-42 -8.24167e-25  1.75494e-40  9.04482e-24 -1.68007e-39 -8.14275e-23  1.42914e-38  6.13778e-22 -1.32965e-37 -3.93149e-21   1.2771e-36  2.16353e-20 -1.13654e-35 -1.03121e-19  8.83253e-35  4.28225e-19 -5.91018e-34 -1.55567e-18  3.41985e-33  4.95654e-18 -1.72587e-32 -1.38649e-17  7.65973e-32  3.40371e-17 -3.01052e-31  -7.3182e-17  1.05355e-30  1.37265e-16 -3.29602e-30 -2.23162e-16  9.24256e-30  3.11329e-16 -2.32604e-29 -3.66842e-16  5.25266e-29  3.55557e-16 -1.06221e-28 -2.69629e-16  1.91495e-28  1.41597e-16 -3.05141e-28 -2.81047e-17  4.22881e-28 -2.91078e-17 -4.92876e-28  3.06338e-17  4.43118e-28 -9.16705e-18 -2.08576e-28 -4.92796e-18  -2.2862e-28  5.00909e-18  8.07765e-28 -4.67201e-19 -1.39294e-27 -1.22447e-18  1.82084e-27  4.23853e-19 -1.97264e-27  2.17161e-19  1.82806e-27 -1.27146e-19 -1.46798e-27   -3.492e-20  1.02607e-27  2.71807e-20 -6.23644e-28  6.24629e-21  3.27248e-28 -4.55245e-21 -1.45418e-28 -1.25414e-21  5.19808e-29  5.66683e-22 -1.26218e-29  2.29986e-22  2.31647e-31 -4.04885e-23  1.55062e-30 -3.15368e-23 -6.41144e-31 -9.22626e-25 -1.21288e-31  2.68762e-24  3.08699e-31  5.50863e-25 -2.18919e-31 -8.95042e-26  1.05649e-31 -5.06243e-26 -4.14377e-32 -4.57021e-27   1.4238e-32  1.48408e-27 -4.26188e-33  4.39524e-28  1.10666e-33  2.70938e-29 -2.85557e-34 -7.15955e-30  8.34921e-35 -1.63597e-30 -2.22742e-35 -1.06739e-31  3.93812e-36  6.92246e-33 -2.71078e-37  1.65575e-33 -5.10858e-38  1.04484e-34  1.69167e-38  1.24334e-36 -2.29231e-39 -1.33664e-37  1.54935e-40 -4.46889e-39 -3.02525e-42
 1.31365e-45  1.37476e-30 -3.66872e-44 -8.24139e-29 -2.61762e-43  2.62412e-27  3.11445e-42  -5.5841e-26 -9.20843e-42  8.77789e-25 -4.71024e-41 -1.07812e-23  2.28921e-40  1.07215e-22  5.99165e-39 -8.84546e-22 -1.00811e-37  6.16027e-21  8.17123e-37 -3.66795e-20 -3.70625e-36  1.88491e-19  4.75433e-37 -8.41831e-19   1.6099e-34  3.28388e-18 -1.73529e-33 -1.12258e-17  1.22492e-32  3.36904e-17 -6.80886e-32 -8.87999e-17  3.16832e-31  2.05324e-16 -1.27061e-30 -4.15285e-16   4.4644e-30  7.31072e-16 -1.38823e-29 -1.11134e-15  3.84461e-29  1.44097e-15 -9.51803e-29 -1.56241e-15  2.10981e-28  1.36845e-15 -4.18561e-28  -9.0111e-16  7.41127e-28   3.5926e-16 -1.16414e-27  2.50301e-17  1.60337e-27 -1.49462e-16 -1.89223e-27  9.17156e-17  1.81583e-27 -3.85541e-18 -1.20082e-27 -2.69218e-17  2.90445e-29  1.24285e-17  1.49348e-27  3.30245e-18 -2.97688e-27 -4.26451e-18  4.00126e-27  1.15297e-19 -4.30648e-27  9.96099e-19  3.90349e-27 -1.43546e-19  -3.0397e-27 -1.97987e-19  2.05079e-27  3.42776e-20 -1.20218e-27  3.61303e-20  6.11291e-28 -4.36402e-21 -2.66901e-28 -5.90329e-21  9.68797e-29  6.65196e-23 -2.65695e-29  7.76897e-22  3.88722e-30  9.74086e-23  2.69853e-31 -6.85142e-23  4.37386e-31 -2.06178e-23 -1.09495e-30  2.30931e-24  9.62418e-31   1.9864e-24 -5.49185e-31  2.11721e-25  2.39897e-31 -7.62616e-26 -8.88936e-32 -2.46485e-26  2.93331e-32 -1.20454e-27 -8.40944e-33   6.6829e-28  2.08252e-33  1.46407e-28  -5.1944e-34  6.97591e-30   1.4745e-34 -1.73068e-30 -3.72613e-35 -3.23612e-31  6.06582e-36 -1.87958e-32  -3.3899e-37  5.28782e-34 -8.09196e-38  1.29577e-34  2.09276e-38  6.20522e-36 -2.17227e-39  7.72686e-38  9.77317e-41  -7.0601e-40
 -3.9902e-31  3.91435e-45  4.21715e-29  4.37086e-44 -1.76575e-27 -4.26356e-42  4.53214e-26  2.81373e-41 -8.24167e-25 -4.71024e-41  1.14278e-23  9.37917e-41 -1.26283e-22 -1.29234e-38  1.14515e-21  2.45091e-37  -8.6977e-21 -2.66339e-36   5.6159e-20  2.07055e-35 -3.11654e-19 -1.23323e-34  1.49863e-18  5.64579e-34 -6.28158e-18 -1.83172e-33  2.30458e-17  2.39634e-33 -7.41968e-17  1.85757e-32  2.09864e-16 -1.85906e-31 -5.21327e-16  1.04857e-30   1.1352e-15 -4.56528e-30 -2.15868e-15  1.66123e-29  3.56254e-15 -5.22168e-29 -5.05351e-15  1.44176e-28   6.0688e-15 -3.52935e-28 -6.01692e-15  7.69759e-28  4.69982e-15 -1.49861e-27 -2.58987e-15  2.60212e-27   6.1989e-16 -4.01367e-27  4.50667e-16  5.45264e-27 -5.49334e-16 -6.41439e-27  1.93542e-16  6.30241e-27  7.32212e-17 -4.69884e-27 -9.36999e-17   1.6551e-27  1.48929e-17  2.18874e-27  2.12826e-17 -5.79062e-27 -9.37897e-18  8.14745e-27 -3.40257e-18 -8.74804e-27  2.68246e-18  7.76137e-27  4.78963e-19 -5.85801e-27 -5.73587e-19  3.81235e-27 -8.23452e-20 -2.15676e-27  9.95376e-20   1.0675e-27  1.86119e-20 -4.63734e-28 -1.34641e-20  1.75287e-28 -3.96852e-21 -5.59177e-29  1.19295e-21  1.50149e-29  6.22697e-22 -5.18628e-30 -2.43967e-23  4.20173e-30 -6.14021e-23 -3.74758e-30 -8.89081e-24  2.49889e-30  2.80563e-24 -1.25207e-30  1.08133e-24  5.03548e-31  4.75162e-26 -1.75684e-31 -4.17862e-26  5.51426e-32 -9.32021e-27 -1.50389e-32 -2.26339e-28   3.5645e-33  2.12351e-28 -8.71327e-34  3.67808e-29  2.40797e-34  1.53959e-30  -5.7129e-35 -2.67238e-31  8.48023e-36 -4.19924e-32   -3.736e-37 -2.11412e-33 -1.09083e-37   6.6733e-36  2.19829e-38   4.3096e-36 -1.66353e-39  1.12536e-37  4.06604e-41
 1.07349e-44 -1.64746e-29 -2.01853e-43  9.93305e-28  4.04743e-42 -3.18178e-26 -4.68203e-41  6.81351e-25  1.75494e-40 -1.07812e-23  9.37917e-41  1.33335e-22  6.21799e-39 -1.33561e-21 -2.39931e-37   1.1103e-20  3.48678e-36 -7.79445e-20   -3.354e-35  4.68006e-19  2.45738e-34 -2.42634e-18 -1.44753e-33  1.09376e-17  6.98916e-33  -4.3087e-17 -2.75272e-32  1.48828e-16  8.48447e-32 -4.51602e-16 -1.73496e-31  1.20435e-15 -1.06004e-32 -2.81985e-15  2.19839e-30  5.78087e-15  -1.3087e-29  -1.0327e-14  5.32033e-29  1.59539e-14 -1.74684e-28 -2.10641e-14  4.88658e-28  2.33246e-14 -1.19255e-27 -2.09657e-14  2.56933e-27  1.43184e-14 -4.91539e-27 -6.14957e-15  8.36492e-27  1.11117e-17 -1.26402e-26  2.25415e-15  1.68573e-26 -1.55126e-15 -1.95854e-26  1.64992e-16  1.92939e-26   4.1178e-16 -1.50943e-26 -2.27486e-16   7.4028e-27  -3.7014e-17  1.94488e-27  7.28608e-17 -1.03456e-26 -7.37804e-18  1.55702e-26 -1.63598e-17 -1.67387e-26  3.73471e-18  1.45419e-26  3.19032e-18 -1.06339e-26 -8.62045e-19  6.67542e-27 -5.90612e-19 -3.65273e-27   1.2741e-19  1.77395e-27  1.01655e-19 -7.80653e-28 -9.25174e-21  3.15747e-28  -1.4565e-20 -1.18067e-28 -8.29829e-22  4.35916e-29  1.46794e-21 -2.06022e-29  3.21156e-22  1.40775e-29 -7.31151e-23 -9.94865e-30  -3.8146e-23  5.76037e-30 -2.05394e-24 -2.62401e-30  1.88228e-24  9.77982e-31  4.53252e-25  -3.1977e-31  5.27583e-28  9.47256e-32 -1.63904e-26   -2.446e-32 -2.75745e-27  5.57923e-33 -3.66041e-29 -1.35439e-33  4.71842e-29  3.64056e-34  6.69667e-30 -8.02986e-35  2.66945e-31  1.07713e-35 -2.35118e-32 -3.63587e-37 -3.13412e-33 -1.25518e-37 -1.21825e-34  1.93551e-38 -7.81875e-37 -9.77929e-40  2.58192e-38
 4.27259e-30  2.42553e-43 -4.54157e-28 -4.88644e-42  1.91303e-26  5.96268e-41 -4.94114e-25 -3.68673e-40  9.04482e-24  2.28921e-40 -1.26283e-22  6.21799e-39  1.40564e-21  9.82817e-38 -1.28437e-20 -2.90432e-36  9.83318e-20  3.68662e-35 -6.40246e-19 -3.25282e-34  3.58448e-18  2.24612e-33 -1.73971e-17 -1.27306e-32  7.36376e-17  6.04772e-32 -2.72968e-16 -2.42208e-31  8.88501e-16  8.10727e-31 -2.54251e-15 -2.19175e-30  6.39474e-15  4.27107e-30 -1.41113e-14 -2.73968e-30  2.72225e-14 -2.28428e-29 -4.56376e-14  1.38539e-28  6.58761e-14 -5.12601e-28 -8.06959e-14  1.49574e-27  8.19134e-14 -3.68647e-27 -6.59605e-14  7.89204e-27  3.81384e-14 -1.48701e-26 -1.06847e-14  2.48041e-26 -5.38484e-15 -3.66626e-26  7.88059e-15  4.78409e-26 -3.23125e-15 -5.45633e-26 -8.01271e-16  5.32292e-26  1.39658e-15 -4.22551e-26 -3.19478e-16  2.33917e-26  -2.8939e-16 -1.51699e-27  1.62615e-16 -1.72851e-26  3.91176e-17  2.84122e-26 -4.46118e-17 -3.06262e-26 -3.98873e-18  2.60459e-26  9.52025e-18 -1.84522e-26  5.75112e-19  1.11871e-26 -1.70379e-18 -5.94918e-27 -1.77327e-19  2.86914e-27  2.47488e-19 -1.30592e-27  5.00737e-20  5.75955e-28 -2.55376e-20  -2.4777e-28 -9.43475e-21  1.09279e-28  1.20029e-21 -5.71742e-29  1.08802e-21  3.64346e-29  9.24694e-23  -2.2955e-29 -6.32389e-23  1.20886e-29  -1.7717e-23 -5.08195e-30  2.23801e-25  1.75793e-30  8.85696e-25 -5.36027e-31  1.49785e-25  1.48862e-31  -3.8074e-27 -3.62592e-32 -4.70372e-27  8.01993e-33 -6.30582e-28 -1.95803e-33 -7.95718e-30  5.09612e-34  6.98806e-30  -1.0339e-34  8.19595e-31  1.24227e-35   3.0531e-32 -3.13183e-37 -9.07815e-34 -1.22778e-37 -1.03259e-34  1.39199e-38 -2.18536e-36 -3.84878e-40
-8.55551e-44  1.59663e-28  4.41795e-42 -9.68455e-27 -7.01754e-41  3.12176e-25  5.82151e-40 -6.72916e-24 -1.68007e-39  1.07215e-22 -1.29234e-38 -1.33561e-21  9.82817e-38  1.34807e-20  1.12423e-36 -1.12963e-19 -2.85331e-35  7.99678e-19  3.28055e-34 -4.84398e-18 -2.68941e-33  2.53468e-17   1.7524e-32  -1.1538e-16 -9.48354e-32  4.59228e-16  4.35172e-31 -1.60361e-15 -1.70811e-30   4.9225e-15  5.73288e-30 -1.32899e-14 -1.62568e-29  3.15288e-14  3.75891e-29 -6.55575e-14 -6.34169e-29  1.18926e-13  3.81587e-29 -1.86855e-13   2.3681e-28  2.51424e-13 -1.27324e-27 -2.84572e-13  4.11313e-27  2.62752e-13 -1.04544e-26 -1.86231e-13  2.24246e-26  8.59039e-14 -4.17407e-26 -5.86614e-15  6.82745e-26 -2.74061e-14 -9.85945e-26  2.13434e-14  1.25562e-25 -3.64105e-15 -1.39953e-25  -5.0345e-15  1.34087e-25  3.35755e-15 -1.05934e-25  2.32257e-16  6.12867e-26 -1.00242e-15 -1.21846e-26  1.81483e-16 -2.80689e-26  2.13889e-16  5.06813e-26 -7.06574e-17 -5.45844e-26 -4.03557e-17  4.53769e-26  1.60862e-17 -3.11632e-26  7.53433e-18  1.83066e-26 -2.58771e-18   -9.535e-27  -1.3731e-18  4.63211e-27  2.63009e-19 -2.21623e-27  2.15609e-19  1.06651e-27 -4.03175e-21   -5.094e-28 -2.46695e-20  2.47839e-28 -3.60103e-21 -1.34799e-28  1.58751e-21  8.20559e-29  5.72173e-22 -4.78693e-29 -4.81508e-24  2.33661e-29 -3.55939e-23 -9.11956e-30 -6.36544e-24  2.92446e-30  4.16696e-25 -8.27433e-31  3.09968e-25  2.14036e-31  3.94722e-26 -4.90007e-32 -1.40575e-27  1.06192e-32 -9.71866e-28  -2.6386e-33 -1.07221e-28  6.59851e-34 -1.86608e-30 -1.21731e-34  6.25938e-31  1.29812e-35  5.90479e-32 -2.40059e-37  1.80038e-33   -1.008e-37 -4.90339e-36  7.75372e-39 -6.56893e-37
 -3.7485e-29  -2.3329e-42   4.0085e-27  6.49185e-41 -1.69914e-25 -7.55973e-40  4.41771e-24  4.01816e-39 -8.14275e-23  5.99165e-39  1.14515e-21 -2.39931e-37 -1.28437e-20  1.12423e-36  1.18295e-19  1.07227e-35 -9.13282e-19 -2.43344e-34  5.99896e-18  2.57625e-33 -3.38977e-17  -1.9757e-32  1.66131e-16  1.21638e-31 -7.10445e-16 -6.26744e-31  2.66228e-15  2.75776e-30 -8.76576e-15  -1.0465e-29  2.53919e-14  3.43428e-29 -6.47007e-14 -9.70174e-29  1.44782e-13  2.32106e-28 -2.83548e-13  -4.5031e-28  4.83248e-13  6.16371e-28 -7.10388e-13 -1.60467e-28  8.88402e-13 -2.40731e-27 -9.24152e-13  1.00327e-26  7.67835e-13 -2.72523e-26 -4.65804e-13  5.92452e-26  1.49538e-13 -1.09339e-25  4.97804e-14  1.75447e-25 -9.30082e-14 -2.47237e-25  4.40824e-14  3.06573e-25  6.02337e-15 -3.32713e-25 -1.70442e-14  3.11063e-25  5.20216e-15 -2.41303e-25  3.12848e-15  1.39925e-25 -2.28426e-15 -3.45875e-26 -3.06219e-16 -4.74944e-26   6.0207e-16  9.09134e-26  1.17898e-18 -9.67426e-26 -1.27744e-16  7.83778e-26    3.188e-18 -5.22579e-26  2.34803e-17  2.99076e-26  4.80355e-19 -1.54036e-26 -3.63764e-18  7.62271e-27 -4.28002e-19 -3.84379e-27  4.24201e-19  1.98273e-27  1.10127e-19 -1.01288e-27 -2.83136e-20  5.19299e-28 -1.53129e-20 -2.85893e-28 -2.92968e-22  1.67463e-28  1.09905e-21   -9.179e-29  2.24217e-22  4.18503e-29 -2.06464e-23 -1.51851e-29 -1.47384e-23  4.50185e-30 -1.80993e-24 -1.17557e-30   1.8933e-25  2.81147e-31  8.14758e-26 -6.02248e-32   8.2531e-27  1.29731e-32 -2.50799e-28 -3.31664e-33 -1.37735e-28  7.88664e-34 -1.25552e-29 -1.30678e-34 -2.74979e-31  1.22414e-35  2.80561e-32 -1.65646e-37  1.93054e-33  -6.7651e-38   3.3026e-35  2.91206e-39
 8.15638e-43  -1.2821e-27 -4.31894e-41   7.8258e-26  7.72379e-40 -2.53929e-24 -6.36334e-39  5.51159e-23  1.42914e-38 -8.84546e-22  2.45091e-37   1.1103e-20 -2.90432e-36 -1.12963e-19  1.07227e-35  9.54539e-19  8.97974e-35 -6.81693e-18 -1.85932e-33  4.16762e-17  1.82974e-32 -2.20207e-16 -1.31827e-31  1.01271e-15  7.67788e-31 -4.07453e-15 -3.76212e-30  1.43917e-14   1.5818e-29 -4.47165e-14 -5.76565e-29  1.22296e-13  1.82951e-28 -2.94163e-13 -5.04669e-28  6.20797e-13  1.19939e-27 -1.14445e-12 -2.39916e-27  1.83024e-12  3.79901e-27  -2.5119e-12 -3.79222e-27  2.90869e-12 -1.84101e-27 -2.76128e-12  2.10961e-26  2.03244e-12 -6.54246e-26 -1.00428e-12  1.46381e-25  1.31364e-13 -2.68861e-25  2.73842e-13  4.23202e-25 -2.44692e-13 -5.81027e-25  5.77377e-14   6.9975e-25  4.99228e-14 -7.36772e-25 -4.09765e-14  6.68287e-25  7.85876e-16 -5.03188e-25  1.13388e-14  2.83359e-25 -3.06971e-15 -6.80931e-26 -2.25608e-15 -9.05363e-26  1.04642e-15  1.68236e-25  4.01516e-16 -1.73632e-25  -2.3666e-16  1.36488e-25 -7.47717e-17 -8.85443e-26  4.03795e-17  4.96919e-26  1.46052e-17 -2.55051e-26  -4.8818e-18  1.28795e-26 -2.55532e-18 -6.75532e-27  2.83959e-19  3.63804e-27   3.3332e-19 -1.93028e-27   2.4685e-20  1.01622e-27  -2.6265e-20 -5.58496e-28  -6.7398e-21  3.15269e-28  6.22466e-22  -1.6326e-28    5.344e-22  6.96955e-29  6.66114e-23 -2.34812e-29 -1.19921e-23   6.4102e-30 -4.65968e-24 -1.53525e-30 -4.16032e-25  3.36062e-31   5.1136e-26 -6.68947e-32   1.5778e-26  1.46248e-32  1.32331e-27 -3.88497e-33 -2.02726e-29  8.67314e-34 -1.22189e-29 -1.27348e-34  -8.8451e-31  1.03509e-35 -1.89529e-32 -1.04685e-37  3.98475e-34  -3.5151e-38  1.26721e-35
 2.75006e-28  2.13236e-41 -2.95939e-26 -6.08721e-40  1.26275e-24   7.4959e-39 -3.30589e-23 -3.98531e-38  6.13778e-22 -1.00811e-37  -8.6977e-21  3.48678e-36  9.83318e-20 -2.85331e-35 -9.13282e-19  8.97974e-35   7.1131e-18  6.77829e-34 -4.71562e-17 -1.29605e-32   2.6906e-16  1.19286e-31  -1.3322e-15  -8.0981e-31   5.7588e-15  4.46629e-30 -2.18274e-14 -2.08023e-29  7.27406e-14  8.34212e-29 -2.13425e-13 -2.91037e-28  5.51309e-13  8.87659e-28 -1.25188e-12 -2.36724e-27  2.49081e-12  5.48957e-27 -4.31888e-12 -1.09044e-26  6.47117e-12  1.78936e-26 -8.26945e-12 -2.18584e-26  8.82366e-12   1.1022e-26 -7.57085e-12  3.55547e-26  4.81867e-12 -1.45117e-25 -1.74495e-12  3.40731e-25 -3.41006e-13 -6.24674e-25  9.20074e-13  9.63467e-25 -5.02821e-13 -1.28563e-24 -1.90312e-14   1.4992e-24   1.7332e-13 -1.52534e-24 -6.79497e-14   1.3339e-24  -2.6765e-14 -9.62746e-25   2.6585e-14  5.08719e-25  9.46839e-16  -9.0825e-26 -6.71632e-15 -1.97893e-25  5.98171e-16  3.24632e-25  1.40828e-15 -3.18481e-25 -1.67484e-16  2.41749e-25 -2.64737e-16 -1.52923e-25  1.87818e-17  8.45908e-26  4.35998e-17 -4.33575e-26  1.41237e-18  2.21337e-26 -5.66346e-18 -1.18127e-26 -9.52836e-19  6.48413e-27  4.73172e-19 -3.50658e-27  1.72467e-19  1.86845e-27 -1.08199e-20 -1.01641e-27 -1.52594e-20  5.52428e-28 -2.12481e-21 -2.70654e-28   4.8948e-22  1.08151e-28  1.96832e-22 -3.37353e-29   1.5163e-23  8.43688e-30 -4.22112e-24  -1.8385e-30 -1.12999e-24  3.62619e-31 -7.84544e-26 -6.62696e-32  8.83007e-27  1.51901e-32  2.14434e-27 -4.23008e-33   1.5049e-28  8.73621e-34  9.70657e-32 -1.11965e-34  -5.7262e-31  7.76928e-36 -2.88775e-32 -6.11106e-38  -3.8189e-34 -1.22846e-38
-6.25241e-42  8.67895e-27  3.73296e-40 -5.33266e-25 -6.86027e-39  1.74235e-23  5.88556e-38 -3.80935e-22 -1.32965e-37  6.16027e-21 -2.66339e-36 -7.79445e-20  3.68662e-35  7.99678e-19 -2.43344e-34 -6.81693e-18  6.77829e-34  4.91352e-17  4.68516e-33 -3.03323e-16 -8.33892e-32  1.61913e-15  7.20877e-31  -7.5268e-15 -4.62153e-30   3.0629e-14  2.41577e-29 -1.09492e-13 -1.06941e-28  3.44564e-13  4.08604e-28 -9.55208e-13 -1.36157e-27  2.33112e-12  3.97751e-27 -4.99676e-12 -1.01961e-26  9.36844e-12  2.28488e-26 -1.52622e-11 -4.42723e-26  2.13841e-11  7.23111e-26 -2.53573e-11 -9.33427e-26  2.47734e-11   7.4834e-26 -1.89486e-11  3.60429e-26   1.0007e-11  -2.9969e-25  -1.9036e-12   7.5469e-25 -2.26927e-12 -1.38169e-24  2.37718e-12   2.0819e-24 -7.22433e-13 -2.69013e-24 -4.01381e-13  3.02531e-24  4.20754e-13 -2.95953e-24  -4.4617e-14  2.47524e-24 -1.06683e-13  -1.6837e-24  4.02523e-14  7.91458e-25  1.91443e-14 -2.30823e-26 -1.26074e-14 -4.67067e-25 -3.04253e-15  6.47141e-25  2.83785e-15 -5.94992e-25  5.50263e-16  4.34507e-25 -5.06722e-16  -2.6834e-25 -1.19044e-16  1.46563e-25  6.88339e-17 -7.46868e-26  2.41572e-17  3.79396e-26 -5.79499e-18 -2.01617e-26  -3.6625e-18  1.10949e-26  2.04735e-20 -6.05429e-27    3.466e-19  3.23867e-27  6.07963e-20 -1.73345e-27 -1.39791e-20  9.05318e-28 -6.48411e-21 -4.19444e-28 -4.54294e-22  1.56601e-28  2.16674e-22 -4.50394e-29  5.64187e-23  1.02521e-29  2.72526e-24 -2.01008e-30  -1.0159e-24  3.47618e-31 -2.06059e-25 -5.69518e-32 -1.19302e-26  1.44849e-32  9.26935e-28 -4.26383e-33  1.87073e-28  8.01054e-34  1.05403e-29 -8.80316e-35  1.04467e-31  5.09319e-36 -9.71623e-33  -3.1721e-38 -1.94067e-34
-1.71216e-27 -1.64362e-40  1.85471e-25  4.97438e-39 -7.96893e-24 -6.32255e-38  2.10149e-22  3.54647e-37 -3.93149e-21  8.17123e-37   5.6159e-20   -3.354e-35 -6.40246e-19  3.28055e-34  5.99896e-18 -1.85932e-33 -4.71562e-17  4.68516e-33  3.15668e-16   2.9965e-32 -1.81959e-15  -4.9925e-31  9.10663e-15  4.06633e-30 -3.98144e-14 -2.46593e-29  1.52724e-13  1.22261e-28 -5.15449e-13  -5.1443e-28  1.53285e-12  1.87168e-27 -4.01679e-12 -5.94936e-27  9.26238e-12  1.66084e-26 -1.87371e-11 -4.07733e-26   3.3081e-11  8.77693e-26 -5.05657e-11 -1.64191e-25    6.609e-11  2.61614e-25 -7.24044e-11 -3.38547e-25  6.42116e-11  3.06584e-25 -4.28794e-11 -3.85642e-26  1.73059e-11  -5.8695e-25   1.3965e-12  1.61221e-24 -7.72179e-12 -2.93442e-24  4.87514e-12  4.29497e-24 -2.58238e-13 -5.34535e-24 -1.48341e-12  5.76618e-24  7.34764e-13  -5.3868e-24  1.73571e-13  4.25854e-24  -2.6021e-13 -2.65471e-24  1.58325e-14  9.86858e-25  6.25758e-14  3.45344e-25 -1.19109e-14 -1.10804e-24 -1.28382e-14  1.30388e-24  2.97076e-15 -1.11758e-24  2.45527e-15  7.83657e-25 -4.43997e-16 -4.72511e-25 -4.29921e-16  2.54402e-25  2.69622e-17 -1.27814e-25  6.19378e-17  6.35603e-26  5.07411e-18 -3.30777e-26 -6.16357e-18  1.80871e-26 -1.53354e-18  -9.9202e-27  2.79974e-19  5.30273e-27  1.72181e-19 -2.77925e-27  1.29955e-20  1.39143e-27 -7.81002e-21 -6.08814e-28 -2.12275e-21  2.11819e-28 -5.21216e-23 -5.58784e-29  6.66207e-23  1.14813e-29  1.26327e-23 -1.99134e-30  4.19241e-25  2.86129e-31 -1.67639e-25 -3.96869e-32 -2.69325e-26  1.26023e-32 -1.35029e-27 -3.95582e-33   5.0131e-29  6.63147e-34  8.90422e-30 -6.11065e-35  3.48293e-31  2.83582e-36  3.08425e-33 -1.24987e-38
 4.53087e-41 -5.01573e-26 -2.77853e-39  3.10331e-24  5.32139e-38 -1.02135e-22 -4.76634e-37  2.25011e-21   1.2771e-36 -3.66795e-20  2.07055e-35  4.68006e-19 -3.25282e-34 -4.84398e-18  2.57625e-33  4.16762e-17 -1.29605e-32 -3.03323e-16   2.9965e-32  1.89168e-15  1.78636e-31 -1.02067e-14 -2.79738e-30  4.79872e-14  2.15166e-29  -1.9762e-13 -1.23588e-28  7.15425e-13  5.81583e-28 -2.28172e-12 -2.32639e-27  6.41611e-12  8.05771e-27  -1.5898e-11 -2.44114e-26  3.46388e-11  6.50246e-26 -6.61039e-11 -1.52493e-25  1.09799e-10  3.14035e-25   -1.572e-10 -5.63356e-25  1.91075e-10  8.65038e-25 -1.92296e-10 -1.09264e-24  1.52945e-10  1.01339e-24 -8.61613e-11 -3.40737e-25  2.13074e-11 -1.13319e-24  1.55641e-11  3.37773e-24 -1.98022e-11 -6.03926e-24  7.45085e-12  8.50942e-24  2.55404e-12 -1.01259e-23   -3.678e-12  1.04021e-23  7.17685e-13 -9.18899e-24  8.37352e-13  6.73514e-24 -4.30088e-13 -3.63916e-24 -1.26702e-13  6.75521e-25  1.26385e-13  1.48468e-24  1.52698e-14  -2.5328e-24 -2.82775e-14  2.59573e-24 -2.40163e-15 -2.07695e-24   5.2395e-15   1.3979e-24  6.61067e-16 -8.22219e-25  -7.7918e-16  4.34772e-25 -1.75909e-16 -2.13354e-25  8.08282e-17  1.02415e-25  3.26411e-17 -5.16034e-26 -3.48262e-18  2.79593e-26  -3.7276e-18 -1.54162e-26 -3.75878e-19  8.21067e-27  2.08339e-19 -4.19631e-27  6.37304e-20  2.00897e-27  3.84699e-22  -8.2877e-28 -2.95268e-21  2.67874e-28 -5.47705e-22 -6.44158e-29  2.12461e-24  1.18189e-29   1.4787e-23 -1.76324e-30  2.17114e-24  1.84833e-31  6.01916e-26 -1.74946e-32 -1.79825e-26  9.90294e-33 -2.30985e-27  -3.3523e-33 -9.70648e-29  4.90121e-34  8.06404e-31 -3.67245e-35  1.62122e-31  1.26992e-36  2.40967e-33
 9.14476e-27  1.13152e-39 -9.97521e-25 -3.54002e-38  4.31729e-23  4.68744e-37 -1.14724e-21 -2.83533e-36  2.16353e-20 -3.70625e-36 -3.11654e-19  2.45738e-34  3.58448e-18 -2.68941e-33 -3.38977e-17  1.82974e-32   2.6906e-16 -8.33892e-32 -1.81959e-15  1.78636e-31  1.06017e-14  9.97872e-31 -5.36619e-14 -1.47311e-29  2.37423e-13  1.07192e-28 -9.22262e-13 -5.83786e-28  3.15441e-12  2.60906e-27 -9.51426e-12 -9.92438e-27  2.53104e-11  3.27204e-26 -5.93133e-11 -9.44331e-26  1.22092e-10  2.39758e-25 -2.19678e-10 -5.36133e-25   3.4287e-10  1.05304e-24 -4.58793e-10 -1.80258e-24  5.16579e-10  2.64459e-24 -4.73945e-10 -3.20551e-24  3.32081e-10  2.90325e-24 -1.47983e-10 -1.15239e-24  2.68795e-12 -2.29382e-24  5.53487e-11  7.06004e-24 -4.06634e-11 -1.21502e-23  5.66729e-12   1.6282e-23  1.07195e-11 -1.83537e-23 -6.70955e-12  1.77825e-23 -7.09633e-13 -1.46302e-23  2.16157e-12  9.59412e-24 -3.48759e-13 -3.88383e-24 -4.88151e-13 -1.11007e-24  1.52591e-13  4.33282e-24  9.62852e-14 -5.48315e-24 -3.67473e-14  5.02023e-24 -1.85811e-14 -3.76633e-24  6.14214e-15  2.43444e-24  3.47684e-15 -1.39507e-24 -6.35229e-16  7.21362e-25 -5.58746e-16 -3.42738e-25  6.01276e-18  1.56938e-25  6.50221e-17 -7.59614e-26  1.01293e-17  4.08565e-26 -4.16561e-18 -2.27178e-26 -1.58229e-18   1.2031e-26 -3.54332e-21 -5.97207e-27  9.59278e-20  2.72746e-27  1.82295e-20 -1.05921e-27 -8.69251e-22  3.17025e-28 -8.20644e-22 -6.89946e-29 -1.12211e-22  1.11422e-29    1.871e-24 -1.35806e-30  2.33393e-24  6.15717e-32  2.73567e-25  5.06293e-33  7.44699e-27   6.9104e-33 -1.11506e-27 -2.56916e-33 -1.10738e-28  3.18364e-34 -3.33977e-30 -1.85078e-35 -9.57282e-33  3.97795e-37
-2.84603e-40  2.49788e-25  1.82324e-38  -1.5568e-23 -3.62182e-37  5.16305e-22  3.41876e-36 -1.14661e-20 -1.13654e-35  1.88491e-19 -1.23323e-34 -2.42634e-18  2.24612e-33  2.53468e-17  -1.9757e-32 -2.20207e-16  1.19286e-31  1.61913e-15  -4.9925e-31 -1.02067e-14  9.97872e-31  5.56965e-14  5.24332e-30 -2.64994e-13 -7.31344e-29  1.10509e-12  5.04143e-28  -4.0541e-12 -2.60569e-27   1.3113e-11  1.10663e-26 -3.74293e-11 -4.00417e-26   9.4237e-11  1.25671e-25 -2.08877e-10 -3.45411e-25  4.06085e-10  8.35262e-25 -6.88345e-10 -1.77841e-24  1.00801e-09  3.32361e-24 -1.25717e-09  -5.4071e-24   1.3046e-09  7.52757e-24 -1.07972e-09 -8.64152e-24  6.47782e-10  7.39827e-24 -1.96058e-10 -2.77935e-24 -8.65687e-11 -5.14618e-24  1.42559e-10  1.48992e-23 -6.49497e-11 -2.40538e-23 -1.17537e-11  3.02302e-23  2.75689e-11 -3.19322e-23 -8.02027e-12  2.88061e-23 -5.43546e-12 -2.15279e-23   3.8439e-12  1.16907e-23  5.81706e-13 -1.60794e-24 -1.06804e-12 -6.32279e-24 -9.08452e-15  1.05911e-23  2.36509e-13  -1.1187e-23 -5.42129e-15  9.33422e-24 -4.51779e-14 -6.59837e-24 -9.41464e-16  4.09966e-24  7.26071e-15  -2.2859e-24  8.61052e-16  1.15096e-24   -8.763e-16 -5.25212e-25 -2.29826e-16  2.26857e-25  6.01349e-17 -1.04822e-25  3.28617e-17  5.63084e-26  6.81619e-19   -3.175e-26 -2.38725e-18  1.66896e-26 -4.97693e-19 -8.01395e-27  4.22677e-20  3.48373e-27  3.21049e-20 -1.27214e-27  4.11329e-21   3.5153e-28 -3.60093e-22 -6.86844e-29 -1.70004e-22  9.57043e-30  -1.8069e-23  -8.5291e-31   2.7969e-25 -5.92497e-32  2.47964e-25  2.32958e-32  2.31414e-26  4.15211e-33  6.14227e-28 -1.75748e-33 -3.12274e-29  1.77587e-34 -2.09705e-30 -7.36839e-36 -2.42442e-32
-4.22375e-26 -6.80358e-39  4.64113e-24  2.22019e-37 -2.02415e-22 -3.06717e-36  5.42223e-21  2.02107e-35 -1.03121e-19  4.75433e-37  1.49863e-18 -1.44753e-33 -1.73971e-17   1.7524e-32  1.66131e-16 -1.31827e-31  -1.3322e-15  7.20877e-31  9.10663e-15 -2.79738e-30 -5.36619e-14  5.24332e-30  2.74868e-13  2.59898e-29 -1.23148e-12 -3.43097e-28  4.84743e-12  2.24306e-27 -1.68137e-11 -1.10111e-26  5.14732e-11  4.44643e-26 -1.39119e-10 -1.53098e-25  3.31592e-10  4.57469e-25  -6.9514e-10 -1.19727e-24  1.27582e-09  2.75597e-24 -2.03527e-09 -5.58081e-24  2.79099e-09  9.90356e-24  -3.2331e-09 -1.52591e-23  3.07153e-09  2.00336e-23 -2.25845e-09 -2.15212e-23  1.10302e-09  1.68987e-23  -1.1663e-10 -4.91207e-24 -3.39199e-10 -1.27766e-23  2.94302e-10  3.17994e-23 -6.60552e-11 -4.69931e-23 -6.50225e-11  5.46465e-23  5.24091e-11 -5.34691e-23 -5.44274e-13  4.41339e-23  -1.5295e-11 -2.86351e-23  4.18418e-12  1.02273e-23  3.16273e-12  6.81275e-24 -1.50872e-12 -1.85245e-23 -5.78912e-13  2.30852e-23  3.57698e-13 -2.15088e-23   1.1089e-13  1.65894e-23 -6.39856e-14 -1.10988e-23 -2.25327e-14   6.6349e-24  8.16019e-15 -3.59523e-24  4.13082e-15  1.75575e-24 -5.20715e-16 -7.63416e-25 -5.63913e-16  3.07183e-25 -3.77664e-17 -1.34634e-25  4.62714e-17  7.30378e-26  1.16266e-17 -4.20985e-26 -1.15582e-18  2.19229e-26  -9.4789e-19 -1.01387e-26 -1.17559e-19  4.18698e-27  2.09908e-20 -1.43719e-27  8.15896e-21  3.65823e-28  7.44819e-22 -6.36322e-29 -8.03806e-23   7.4367e-30 -2.56955e-23 -3.46522e-31 -2.19703e-24 -1.53985e-31   1.1837e-26  3.39372e-32  1.59275e-26  2.00786e-33  1.11873e-27 -1.05425e-33  2.39315e-29   8.1975e-35 -1.94554e-31 -2.00172e-36
 1.53831e-39 -1.07932e-24 -1.05179e-37  6.77871e-23  2.17884e-36 -2.26631e-21 -2.17353e-35  5.07577e-20  8.83253e-35 -8.41831e-19  5.64579e-34  1.09376e-17 -1.27306e-32  -1.1538e-16  1.21638e-31  1.01271e-15  -8.0981e-31  -7.5268e-15  4.06633e-30  4.79872e-14 -1.47311e-29 -2.64994e-13  2.59898e-29   1.2767e-12  1.21785e-28 -5.39501e-12 -1.52367e-27  2.00707e-11  9.45624e-27 -6.58876e-11 -4.41208e-26  1.91051e-10  1.69497e-25 -4.89165e-10 -5.55577e-25  1.10396e-09  1.58087e-24 -2.18847e-09 -3.93946e-24  3.78939e-09  8.62832e-24 -5.68163e-09  -1.6601e-23  7.27847e-09  2.79213e-23 -7.79633e-09 -4.06071e-23  6.71907e-09  4.99673e-23 -4.28723e-09 -4.95876e-23   1.5301e-09  3.44176e-23   3.6489e-10 -4.55661e-24 -8.90908e-10 -3.31981e-23    4.862e-10  6.80292e-23  2.33901e-11 -9.04855e-23  -1.7769e-10  9.63472e-23  7.10436e-11 -8.63509e-23  2.82725e-11  6.36378e-23  -2.9162e-11 -3.25787e-23 -7.47701e-13 -5.55696e-25  7.65285e-12  2.80193e-23 -8.15891e-13 -4.36514e-23 -1.66316e-12  4.61086e-23  2.36045e-13 -3.90263e-23  3.25427e-13  2.81043e-23  -3.0823e-14 -1.78608e-23  -5.6215e-14  1.02821e-23 -6.82729e-16 -5.40847e-24  7.71411e-15  2.55227e-24  1.16545e-15 -1.04836e-24 -6.88499e-16  3.86543e-25 -2.34654e-16 -1.59346e-25  1.92892e-17  8.89585e-26  2.20226e-17  -5.2991e-26  2.87275e-18  2.72689e-26 -7.45331e-19  -1.2086e-26 -2.83649e-19  4.73426e-27 -2.08509e-20 -1.52898e-27  6.08166e-21  3.58204e-28  1.58206e-21 -5.50372e-29   1.0944e-22  5.17688e-30 -1.10973e-23  7.12434e-32 -2.68105e-24 -2.07021e-31 -1.84733e-25  3.61544e-32 -1.04641e-27  6.26949e-34  5.01318e-28 -5.40818e-34  2.18662e-29  2.92689e-35  1.92115e-31
