 3.42657e-35 -4.01141e-53 -2.24257e-35 -7.61367e-52 -2.82462e-36 -2.03198e-50  8.99702e-37  9.10581e-51 -7.02673e-36  1.77621e-50   2.8722e-36 -6.39902e-51  6.03606e-36 -2.33774e-51 -7.25467e-36 -9.38892e-53  3.95525e-36  1.61951e-50 -2.10461e-36  5.27558e-50  4.14844e-37  2.15579e-49  8.55561e-37 -1.24086e-48 -6.28772e-37  1.17551e-48  1.77863e-38  1.32838e-47  1.46484e-37  2.22509e-47 -5.22657e-38  2.86877e-47 -1.42559e-38  1.01686e-48  1.93854e-38  2.91444e-46  1.37671e-39 -4.37555e-47 -7.60296e-39  2.20626e-46  1.79887e-39 -5.15573e-46  1.21863e-39  8.36016e-47 -9.87003e-40 -4.22086e-46  1.44439e-40  1.14053e-45  1.38509e-40  1.57298e-46 -8.06594e-41  3.02037e-45  1.26902e-42  -1.9952e-45  4.64305e-42  4.31262e-46  7.88306e-43 -1.53748e-45 -1.02563e-43  9.32116e-46  -5.6171e-43  1.13541e-45 -1.37754e-43  1.57291e-46   2.0009e-43  3.54297e-46 -9.55433e-44  1.39068e-46  6.59913e-45  7.32419e-47  -2.9048e-44  1.97047e-46  1.26115e-44  1.53553e-47 -2.09697e-45 -1.52195e-48  6.20672e-46 -8.22676e-48 -1.92208e-45  -1.8152e-47  4.38242e-45  1.87919e-47 -9.20083e-45 -3.86713e-47  1.71949e-44  7.38005e-47 -2.94994e-44 -1.34845e-46  4.65783e-44  2.28726e-46 -6.75766e-44 -3.59368e-46   9.0094e-44   5.2015e-46 -1.10554e-43 -6.91025e-46  1.25219e-43  8.39038e-46 -1.31338e-43 -9.26468e-46  1.27773e-43  9.24874e-46 -1.15009e-43 -8.28888e-46   9.4972e-44  6.61329e-46 -7.09281e-44 -4.64949e-46  4.70363e-44  2.84421e-46 -2.71417e-44 -1.48988e-46  1.33408e-44   6.5459e-47 -5.45605e-45 -2.34597e-47  1.80324e-45  6.59414e-48 -4.62104e-46 -1.37007e-48  8.60255e-47   1.9055e-49 -1.03693e-47 -1.45499e-50  6.27048e-49  3.36501e-52
-4.01141e-53  6.50512e-35  1.51044e-51 -3.94704e-35 -9.07199e-53  5.88914e-36 -5.59468e-50  7.99004e-36  1.08735e-50  -2.3481e-35  2.26611e-50   7.6228e-36  -1.0904e-50  1.31007e-35   1.0521e-50 -1.32133e-35  8.26622e-50  8.00909e-36  2.80422e-49 -5.93973e-36  4.62707e-49  1.35658e-36   1.3973e-48  2.20575e-36 -9.07571e-48 -1.49714e-36  1.68944e-47  4.76805e-38  1.23927e-46  2.88609e-37  2.23977e-46 -8.80392e-38  3.09586e-46 -5.32357e-38  1.07623e-46   6.0281e-38  2.25142e-45  3.08339e-39 -1.43643e-46 -2.06466e-38  1.94735e-45  3.63705e-39 -3.25193e-45  3.96889e-39  6.81357e-46 -2.69027e-39 -3.30403e-45   4.0612e-40  7.74808e-45  4.02768e-40  6.65678e-46  -2.6344e-40  1.98829e-44 -9.14897e-42 -1.31208e-44  1.97832e-41  3.26539e-45  3.69892e-42 -9.39846e-45  6.65853e-43  5.38495e-45 -1.26368e-42  7.37632e-45  -3.7996e-43  5.28492e-46  7.12389e-43  2.08988e-45 -4.16635e-43   5.8566e-46  6.98574e-44  4.06947e-46 -1.21714e-43   9.4844e-46  4.24618e-44  1.17987e-46  -1.3551e-44 -1.30621e-47  2.36637e-44   1.7893e-47 -5.61895e-44 -2.16228e-46  1.17506e-43  3.80037e-46 -2.26592e-43 -7.72027e-46  3.99211e-43  1.44903e-45 -6.44161e-43 -2.54086e-45  9.50521e-43  4.12859e-45 -1.28121e-42 -6.19943e-45  1.57873e-42  8.56921e-45 -1.78427e-42  -1.0861e-44  1.86088e-42  1.25646e-44  -1.8046e-42 -1.31967e-44  1.63627e-42  1.25049e-44 -1.38522e-42 -1.06106e-44  1.08239e-42  7.98963e-45 -7.65172e-43 -5.28039e-45  4.77794e-43  3.02154e-45 -2.57293e-43 -1.47123e-45  1.16754e-43  5.95907e-46 -4.35461e-44 -1.94694e-46  1.29239e-44  4.90988e-47 -2.90577e-45 -8.92824e-48  4.55779e-46   1.0394e-48 -4.25414e-47 -5.94827e-50  1.49347e-48
-2.24257e-35  1.51044e-51  1.01115e-34  1.13421e-50 -8.75126e-35  6.03028e-51  3.83413e-35 -9.46741e-50  2.21899e-35  5.46859e-52 -5.07234e-35  4.03516e-50   1.1914e-35 -6.45316e-50  2.02558e-35  2.24975e-49 -1.54852e-35  9.50648e-49  1.19869e-35  2.71967e-48 -1.17397e-35  3.21937e-48  2.75451e-36  3.63944e-48  3.87062e-36 -4.50806e-47 -2.41845e-36   1.5257e-46  1.82815e-37  8.09796e-46  3.54337e-37  1.54215e-45 -1.14037e-37  2.16521e-45 -1.19667e-37  1.24333e-45  1.34696e-37  1.19405e-44   2.8894e-39  4.68105e-47 -3.74852e-38  1.14114e-44  2.64937e-39 -1.34622e-44  9.56067e-39  3.90915e-45 -5.23972e-39 -1.82441e-44  9.20179e-40  3.65223e-44  8.16369e-40   1.0993e-45 -6.03026e-40  9.20774e-44 -5.83917e-41 -5.99722e-44  5.08139e-41  1.67868e-44   1.4234e-41 -4.04001e-44  3.52037e-42  2.17175e-44 -1.49073e-42  3.24019e-44 -4.07321e-43  9.52693e-46  1.82087e-42  8.19548e-45 -1.34533e-42  1.60166e-45  3.36013e-43  1.46378e-45 -3.82349e-43  3.13192e-45  1.66354e-43  6.52065e-46 -2.20492e-43 -3.60856e-46  5.08291e-43  9.42813e-46 -1.10311e-42 -2.64977e-45  2.18452e-42   5.2828e-45 -3.97004e-42 -1.03082e-44  6.58857e-42  1.86609e-44 -9.95791e-42 -3.13928e-44  1.36672e-41  4.88889e-44 -1.70059e-41 -7.02647e-44  1.92006e-41  9.28507e-44 -1.97712e-41  -1.1234e-43  1.87641e-41  1.23838e-43  -1.6657e-41 -1.23671e-43  1.40037e-41  1.11129e-43 -1.11507e-41 -8.91319e-44  8.26394e-42  6.31901e-44 -5.53468e-42 -3.91272e-44  3.24638e-42  2.08459e-44 -1.62273e-42  -9.3742e-45  6.74928e-43  3.46869e-45 -2.27586e-43 -1.01955e-45  5.99519e-44  2.26008e-46 -1.16052e-44 -3.47382e-47  1.47897e-45  3.15232e-48  -9.7254e-47 -1.06188e-49
-7.61367e-52 -3.94704e-35  1.13421e-50  1.67974e-34  4.06031e-50 -1.80964e-34  2.33756e-50  8.08834e-35 -1.08537e-49  5.40572e-35 -2.63229e-50 -8.16706e-35  2.37761e-49  9.22235e-36 -4.88495e-49  2.43666e-35  2.23261e-48 -1.09041e-35   8.0658e-48  1.51181e-35  1.97065e-47 -1.86059e-35  2.00006e-47   4.4173e-36 -1.52325e-47  5.11356e-36 -1.79323e-46 -3.06008e-36  1.03424e-45  5.79997e-37  4.26257e-45  2.88818e-37  8.46156e-45 -1.64191e-37  1.15421e-44 -2.09067e-37  8.78152e-45   2.4638e-37  5.00052e-44 -2.03062e-39  2.72541e-45 -4.99566e-38  5.18866e-44 -7.37151e-39 -4.10686e-44  1.96056e-38  1.75503e-44 -8.45512e-39 -8.16548e-44  1.89836e-39  1.38733e-43   1.3161e-39  -3.6748e-45 -1.09231e-39  3.45344e-43 -1.97553e-40 -2.19964e-43  9.37782e-41  6.85046e-44  4.22808e-41 -1.40691e-43  1.05191e-41  7.07255e-44 -2.17969e-43  1.11697e-43   8.2364e-43  4.91327e-46  3.95182e-42  2.47507e-44 -3.66206e-42   3.1166e-45  1.26457e-42  4.13738e-45 -1.43073e-42  7.74827e-45  1.71127e-42   3.8451e-45 -3.83323e-42 -5.26287e-45  8.56884e-42  1.26228e-44 -1.76029e-41 -2.84692e-44  3.31105e-41  5.66408e-44 -5.68715e-41 -1.06141e-43  8.87719e-41  1.84769e-43 -1.25351e-40 -2.98368e-43  1.59428e-40  4.45543e-43  -1.8208e-40 -6.13189e-43   1.8676e-40  7.74764e-43  -1.7315e-40 -8.94675e-43  1.47497e-40  9.39302e-43 -1.18504e-40 -8.91082e-43  9.20284e-41   7.5829e-43 -6.91937e-41 -5.73803e-43  4.88995e-41  3.82022e-43 -3.10643e-41 -2.20855e-43  1.70481e-41  1.09045e-43 -7.85385e-42 -4.50002e-44  2.96919e-42  1.50754e-44 -8.96595e-43 -3.93352e-45  2.06778e-43  7.50186e-46 -3.36164e-44  -9.3666e-47    3.296e-45  5.99441e-48 -1.24338e-46
-2.82462e-36 -9.07199e-53 -8.75126e-35  4.06031e-50  2.86461e-34  9.38942e-50 -3.11035e-34   5.7781e-50  1.04591e-34 -5.02276e-50  1.06117e-34  -5.4724e-50 -1.01627e-34  1.58842e-48 -4.77433e-36  -3.0842e-48   2.1753e-35  1.62338e-47  1.59163e-36  5.73952e-47   1.6495e-35  1.17531e-46 -2.47809e-35  1.11418e-46  6.13652e-36 -2.36357e-46  5.18458e-36 -6.40988e-46 -3.29233e-36  5.68515e-45  1.37781e-36  1.90892e-44  1.27241e-37  3.93998e-44 -2.95856e-37    5.024e-44 -3.11568e-37  4.67451e-44   3.8412e-37  1.74567e-43  -1.2483e-38  1.54774e-44  -4.4801e-38  1.95331e-43 -3.52592e-38 -9.17298e-44  3.60441e-38     6.42e-44 -1.21635e-38  -3.1303e-43  3.67574e-39  4.52718e-43  1.72946e-39 -3.64424e-44 -1.61411e-39  1.10908e-42 -4.97471e-40 -6.86613e-43  1.26198e-40  2.36655e-43    1.006e-40 -4.19839e-43  2.58579e-41  1.97423e-43  2.61516e-42  3.21665e-43  5.38321e-42 -2.51012e-45  8.11954e-42  6.11639e-44 -9.59475e-42  3.42294e-45  6.36209e-42  1.14948e-44 -1.16502e-41  1.04387e-44  2.52198e-41  2.77873e-44 -5.80452e-41 -5.49451e-44  1.23809e-40  1.23592e-43 -2.42112e-40 -2.58782e-43  4.32335e-40  4.99544e-43 -7.01551e-40 -9.00105e-43  1.02859e-39  1.50628e-42 -1.35421e-39 -2.33538e-42  1.59097e-39  3.34412e-42 -1.65901e-39 -4.40681e-42  1.53254e-39  5.32209e-42 -1.26252e-39 -5.86227e-42   9.4951e-40  5.85643e-42 -6.81705e-40 -5.27116e-42  4.89141e-40  4.24092e-42 -3.51106e-40  -3.0211e-42  2.38729e-40   1.8835e-42 -1.43846e-40 -1.01287e-42  7.33515e-41  4.61153e-43 -3.08553e-41 -1.73445e-43  1.05066e-41  5.20891e-44 -2.81197e-42 -1.18828e-44  5.58098e-43  1.89936e-45 -7.35554e-44 -1.82227e-46   5.0543e-45  6.68266e-48
-2.03198e-50  5.88914e-36  6.03028e-51 -1.80964e-34  9.38942e-50  4.58527e-34  1.57935e-49 -4.40495e-34  1.09787e-49  8.60823e-35  2.87309e-49  1.67222e-34  1.39606e-49 -9.76934e-35  9.28793e-48 -2.90555e-35 -1.72546e-47   1.1182e-35  9.63859e-47  1.99711e-35  3.49921e-46  1.52171e-35  6.05732e-46 -2.84315e-35  5.45883e-46  7.73746e-36 -1.60014e-45  3.88748e-36 -2.33555e-45 -3.32731e-36  2.64743e-44  2.61002e-36  7.47886e-44 -3.11129e-38   1.6094e-43 -5.63169e-37   1.8546e-43 -4.08114e-37  2.03592e-43  5.17171e-37  5.21584e-43 -2.50656e-38   5.4953e-44  -7.1508e-39  6.30303e-43 -9.05142e-38  -1.2301e-43  6.07488e-38  1.95482e-43 -1.64731e-38 -1.05837e-42  6.72469e-39  1.31625e-42  1.74028e-39 -1.69473e-43 -1.92189e-39  3.14007e-42 -1.01979e-39 -1.88411e-42  9.81207e-41  7.16067e-43  2.00954e-40 -1.10561e-42  5.86596e-41  4.87764e-43  3.87387e-42  8.01508e-43   1.5093e-41 -8.38376e-45  2.09269e-41  1.28996e-43  -3.7113e-41 -8.03942e-45  6.17277e-41  4.61308e-44 -1.48631e-40 -4.48809e-44  3.50615e-40  2.16291e-43 -7.77055e-40 -4.70346e-43  1.58229e-39  1.01038e-42 -2.94582e-39 -2.02297e-42  4.98897e-39  3.76716e-42 -7.64016e-39 -6.53029e-42  1.05062e-38  1.05045e-41   -1.287e-38 -1.56357e-41  1.39214e-38  2.14641e-41 -1.31818e-38 -2.70708e-41  1.08622e-38  3.12289e-41 -7.82516e-39 -3.27821e-41  5.08574e-39  3.11256e-41 -3.21642e-39 -2.65394e-41  2.15385e-39  2.01484e-41 -1.51056e-39 -1.34788e-41  9.99298e-40  7.84424e-42 -5.68589e-40 -3.90754e-42  2.66341e-40  1.63142e-42 -1.01165e-40 -5.54891e-43  3.07503e-41  1.47675e-43 -7.21183e-42 -2.89069e-44  1.20317e-42  3.73767e-45 -1.21721e-43  -2.5114e-46  4.77553e-45
 8.99702e-37 -5.59468e-50  3.83413e-35  2.33756e-50 -3.11035e-34  1.57935e-49  6.46376e-34   2.0936e-49 -5.22223e-34  1.66066e-49   2.2356e-35  2.10146e-48    2.205e-34  2.44497e-48 -6.70834e-35  4.78783e-47  -5.9017e-35 -8.85225e-47 -4.44849e-36  4.90906e-46  3.99289e-35  1.85207e-45  1.08817e-35  2.77935e-45 -2.86104e-35  2.31674e-45  9.05388e-36   -7.835e-45  1.86022e-36 -9.40746e-45 -3.63501e-36  1.07462e-43  4.18825e-36  2.60452e-43 -1.06988e-37  5.87963e-43 -9.94772e-37  5.94341e-43 -4.68612e-37  7.57667e-43  6.01078e-37  1.35067e-42 -3.23684e-38  1.34952e-43   7.4602e-38  1.77905e-42 -1.80387e-37  7.57225e-44  9.47794e-38  4.99596e-43 -2.18653e-38 -3.21237e-42   1.1637e-38  3.49076e-42   8.7873e-40 -5.89451e-43 -1.70678e-39  7.97575e-42 -1.75106e-39 -4.64093e-42    -7.47e-41   1.9369e-42  3.49439e-40 -2.61546e-42  1.25071e-40   1.0873e-42   7.2124e-43  1.76901e-42  9.04917e-42 -1.40948e-44  1.23005e-40  2.51932e-43 -3.15153e-40 -1.02645e-43  7.75206e-40  2.85374e-43 -1.91513e-39 -5.99728e-43  4.40679e-39  1.60154e-42 -9.34894e-39 -3.48696e-42  1.81658e-38  7.20351e-42 -3.21673e-38 -1.38797e-41  5.16031e-38  2.49025e-41 -7.44692e-38 -4.15314e-41   9.5864e-38  6.42019e-41 -1.08978e-37 -9.17117e-41  1.08105e-37  1.20633e-40  -9.2332e-38 -1.45511e-40  6.70542e-38  1.60197e-40 -4.13264e-38 -1.60079e-40  2.24787e-38  1.44247e-40 -1.23225e-38 -1.16307e-40   7.9698e-39  8.31352e-41 -5.69106e-39 -5.20818e-41   3.6906e-39  2.81922e-41 -1.95653e-39 -1.29481e-41   8.2803e-40  4.92561e-42 -2.80809e-40 -1.50123e-42  7.56351e-41  3.49079e-43 -1.53283e-41 -5.72102e-44    2.075e-42  5.67469e-45 -1.46587e-43 -2.17863e-46
 9.10581e-51  7.99004e-36 -9.46741e-50  8.08834e-35   5.7781e-50 -4.40495e-34   2.0936e-49  7.90552e-34  2.51547e-49 -5.30759e-34  2.29233e-49 -6.96142e-35   1.1581e-47  2.55519e-34  1.88771e-47 -1.77868e-35  2.20502e-46 -8.98566e-35 -4.20867e-46 -1.96397e-35   2.2074e-45  5.66511e-35  8.62085e-45  4.17039e-36  1.15818e-44 -2.57444e-35  8.40428e-45  9.88145e-36 -3.07972e-44  3.93737e-37 -4.04442e-44 -4.71934e-36  3.88096e-43  5.95954e-36  8.13896e-43 -1.21093e-37  1.94402e-42 -1.58023e-36  1.67893e-42 -4.60403e-37   2.4741e-42  5.94705e-37  3.03954e-42  -2.6966e-38  1.81383e-43  2.04926e-37  4.44315e-42 -3.06912e-37  1.10994e-42  1.37495e-37  1.06229e-42 -2.89292e-38 -8.85325e-42  1.90614e-38  8.57973e-42 -1.43368e-39   -1.713e-42 -7.63962e-40  1.83845e-41 -2.50786e-39 -1.04165e-41 -5.13957e-40  4.74642e-42  5.48216e-40 -5.62407e-42  2.24342e-40  2.21127e-42  8.20877e-41  3.52712e-42 -3.54805e-40 -4.48818e-44  1.35083e-39  5.87841e-43 -3.71241e-39 -7.72906e-43  9.51306e-39  1.97078e-42  -2.2789e-38 -4.62528e-42  5.03569e-38  1.08272e-41 -1.02131e-37 -2.29799e-41  1.89166e-37  4.57542e-41  -3.1817e-37 -8.49468e-41  4.82696e-37  1.46772e-40 -6.55122e-37  -2.3544e-40  7.87455e-37  3.49618e-40 -8.27798e-37 -4.79027e-40  7.49066e-37  6.03297e-40 -5.71886e-37 -6.95357e-40  3.59738e-37  7.29761e-40 -1.83093e-37 -6.93206e-40  7.85271e-38   5.9183e-40 -3.66994e-38  -4.5033e-40  2.53048e-38  3.02298e-40 -1.94945e-38 -1.76784e-40  1.22771e-38   8.8645e-41 -5.90633e-39 -3.73337e-41  2.21341e-39  1.28435e-41 -6.65119e-40 -3.46896e-42  1.57997e-40  6.92174e-43 -2.70928e-41 -9.17678e-44  2.80997e-42  6.37458e-45 -1.12733e-43
-7.02673e-36  1.08735e-50  2.21899e-35 -1.08537e-49  1.04591e-34  1.09787e-49 -5.22223e-34  2.51547e-49  8.52931e-34  4.43387e-49 -4.76876e-34  7.14724e-49 -1.66575e-34  5.73432e-47  2.73875e-34  1.10967e-46  3.70517e-35  9.16636e-46 -1.17933e-34 -1.86146e-45 -2.94648e-35  8.93492e-45  6.61527e-35  3.57078e-44 -2.94525e-36  4.44334e-44 -2.14286e-35  2.54164e-44  9.99983e-36 -1.00555e-43  9.05547e-37 -1.70111e-43 -6.89942e-36  1.26711e-42  7.78904e-36  2.29449e-42 -2.19599e-37  5.86073e-42 -2.26065e-36  4.22319e-42 -3.66596e-37  7.21533e-42  4.82311e-37  5.89741e-42  -8.1572e-39 -2.82666e-43  3.79824e-37  9.86502e-42 -4.64767e-37  4.24063e-42  1.85893e-37  1.79241e-42 -3.77931e-38 -2.23223e-41  2.95929e-38   1.9754e-41 -5.77105e-39 -4.37318e-42  7.97129e-40  3.87715e-41 -2.84749e-39 -2.15558e-41 -1.39617e-39  1.06352e-41  8.91671e-40 -1.10824e-41 -2.24015e-41  4.10984e-42  1.62311e-39  6.52904e-42 -5.40593e-39 -4.53064e-43  1.61615e-38  2.29514e-42  -4.3443e-38 -5.19569e-42  1.08193e-37  1.28979e-41 -2.48999e-37 -3.00718e-41  5.26879e-37  6.65398e-41 -1.02036e-36 -1.36676e-40  1.79898e-36  2.62411e-40  -2.8693e-36  -4.6945e-40  4.10826e-36  7.80802e-40 -5.23046e-36 -1.20415e-39  5.85058e-36  1.71664e-39 -5.66036e-36 -2.25429e-39  4.63775e-36  2.71589e-39  -3.1235e-36 -2.98781e-39  1.65501e-36   2.9851e-39 -6.48933e-37 -2.69119e-39  1.86956e-37  2.17269e-39 -7.45883e-38 -1.55648e-39  7.31158e-38  9.78392e-40 -6.32385e-38 -5.32161e-40  3.70809e-38  2.46021e-40 -1.55674e-38  -9.4414e-41  5.07375e-39  2.91097e-41 -1.35396e-39 -6.87168e-42  2.82428e-40  1.14856e-42 -3.94763e-41 -1.16903e-43  2.83686e-42  4.64502e-45
 1.77621e-50  -2.3481e-35  5.46859e-52  5.40572e-35 -5.02276e-50  8.60823e-35  1.66066e-49 -5.30759e-34  4.43387e-49  8.40336e-34  1.71572e-48    -3.95e-34  5.13077e-48 -2.52849e-34  2.59803e-46  2.84651e-34  5.41255e-46  8.53083e-35  3.46726e-45 -1.39936e-34 -7.67892e-45 -3.17571e-35  3.30199e-44  6.58702e-35  1.32939e-43 -7.68913e-36  1.58419e-43 -1.77658e-35   5.9643e-44  9.29633e-36 -2.72646e-43   4.3414e-36 -6.61435e-43  -1.0201e-35  3.79044e-42  9.61126e-36   5.8488e-42 -6.36692e-37  1.61853e-41 -2.92132e-36  9.52315e-42 -2.06113e-37  1.90268e-41  2.91108e-37  9.61776e-42  1.22388e-38 -3.03419e-42  5.88003e-37  1.94168e-41 -6.40515e-37  1.13244e-41  2.34544e-37  1.95426e-42 -4.75391e-38 -5.17423e-41  4.36214e-38  4.29028e-41 -1.25406e-38 -1.01006e-41  2.39453e-39   7.5269e-41 -1.96955e-39 -4.15375e-41 -3.28161e-39   2.1929e-41  2.85989e-39 -2.00929e-41   -5.813e-39  6.81507e-42  2.14067e-38  1.19924e-41 -6.52387e-38 -3.86036e-42  1.83171e-37  1.27272e-41 -4.74703e-37 -3.21598e-41  1.13704e-36  7.75905e-41  -2.5086e-36 -1.75735e-40  5.07598e-36  3.73659e-40 -9.37371e-36 -7.41246e-40  1.57057e-35   1.3722e-39 -2.37065e-35 -2.36469e-39  3.19545e-35  3.78408e-39 -3.80406e-35 -5.60712e-39  3.94241e-35  7.66817e-39 -3.48798e-35 -9.64242e-39  2.56063e-35  1.11005e-38 -1.49058e-35 -1.16406e-38  6.31949e-36  1.10545e-38 -1.57833e-36 -9.44097e-39  6.74647e-38  7.19153e-39 -5.05135e-38 -4.83727e-39  2.19289e-37  2.83784e-39 -1.98861e-37 -1.42959e-39  1.00504e-37     6.06e-40 -3.51831e-38 -2.10321e-40   9.9358e-39  5.74789e-41 -2.39859e-39 -1.16488e-41  4.32922e-40  1.57634e-42 -4.60696e-41 -1.12502e-43  1.85359e-42
  2.8722e-36  2.26611e-50 -5.07234e-35 -2.63229e-50  1.06117e-34  2.87309e-49   2.2356e-35  2.29233e-49 -4.76876e-34  1.71572e-48  7.92698e-34  8.23061e-48 -3.19247e-34  3.36614e-47 -3.23412e-34  1.08327e-45  2.95434e-34   2.2595e-45  1.18865e-34  1.20096e-44  -1.5213e-34 -2.96107e-44 -2.72688e-35   1.1263e-43  5.49561e-35  4.48549e-43 -7.44316e-36  5.28193e-43 -1.66557e-35  7.82879e-44  7.94694e-36  -5.8596e-43  1.07693e-35 -2.32926e-42  -1.4385e-35  1.05125e-41  1.14262e-35  1.34708e-41 -1.62171e-36  4.10536e-41 -3.39147e-36  1.93377e-41 -4.69081e-38  4.57705e-41  9.60755e-38  1.23051e-41  9.11507e-39 -1.33044e-41  8.13476e-37  3.33728e-41 -8.13534e-37  2.35615e-41  2.76314e-37 -8.42476e-43 -5.59944e-38 -1.10576e-40  6.11536e-38  8.82588e-41 -2.17653e-38 -2.15213e-41  2.73815e-39  1.35182e-40  2.31194e-39  -7.5177e-41 -1.14247e-38  4.17307e-41  2.46976e-38 -3.33002e-41 -7.78407e-38  8.70786e-42   2.4698e-37  2.58473e-41 -7.18152e-37 -2.61896e-41  1.93471e-36  7.36843e-41 -4.82086e-36 -1.83825e-40  1.10812e-35  4.29587e-40 -2.34069e-35 -9.41099e-40  4.52299e-35  1.92995e-39 -7.95205e-35  -3.6946e-39  1.26377e-34  6.59241e-39   -1.801e-34 -1.09379e-38  2.27852e-34    1.683e-38 -2.52623e-34 -2.39426e-38  2.41218e-34   3.1382e-38 -1.93483e-34 -3.77456e-38  1.25339e-34  4.14679e-38 -6.09369e-35 -4.13881e-38   1.8377e-35  3.72911e-38 -4.79102e-37 -3.01053e-38 -2.08779e-36  2.15814e-38  2.21842e-37 -1.35874e-38  7.69939e-37  7.41084e-39 -5.94625e-37 -3.44079e-39  2.35755e-37  1.32872e-39 -6.61081e-38 -4.13274e-40  1.67573e-38  9.87334e-41 -3.77358e-39 -1.67708e-41   5.6143e-40  1.74405e-42 -4.03108e-41 -7.13134e-44
-6.39902e-51   7.6228e-36  4.03516e-50 -8.16706e-35  -5.4724e-50  1.67222e-34  2.10146e-48 -6.96142e-35  7.14724e-49    -3.95e-34  8.23061e-48  7.53512e-34  3.44807e-47  -2.6786e-34  1.78643e-46 -3.77842e-34  4.17292e-45  3.06842e-34  8.18684e-45  1.33711e-34  3.82826e-44 -1.51201e-34 -1.06931e-43 -1.84676e-35  3.57689e-43  3.44674e-35  1.38073e-42 -6.18719e-37  1.65367e-42 -1.93294e-35 -1.68509e-43  6.56862e-36 -8.04384e-43  1.93159e-35 -7.41057e-42 -1.90714e-35   2.7328e-41  1.32571e-35  2.79067e-41 -3.36726e-36  9.57207e-41 -3.46036e-36  3.54918e-41 -7.92481e-39  1.01079e-40  8.63708e-39  9.51603e-42 -5.02296e-38 -4.42859e-41  1.03856e-36  4.79398e-41 -9.58628e-37  3.75048e-41  3.03828e-37  -1.2582e-41 -6.01409e-38   -2.181e-40  8.15046e-38  1.72327e-40 -3.21499e-38 -4.28634e-41 -3.39314e-39  2.25562e-40   2.6979e-38 -1.28655e-40   -8.567e-38   7.2904e-41  2.71663e-37 -4.80424e-41 -8.72848e-37 -1.28939e-42  2.63238e-36  8.04755e-41 -7.36028e-36 -1.54157e-40  1.90654e-35   4.0336e-40 -4.56238e-35 -9.74023e-40  1.00515e-34   2.2018e-39 -2.03023e-34 -4.66109e-39  3.74089e-34  9.22516e-39 -6.25051e-34 -1.70336e-38  9.40144e-34  2.92819e-38 -1.26146e-33 -4.67475e-38  1.49254e-33  6.91112e-38 -1.53361e-33 -9.43093e-38   1.3395e-33  1.18346e-37 -9.62601e-34  -1.3598e-37   5.3744e-34   1.4235e-37 -2.04276e-34 -1.34981e-37  2.79444e-35  1.15148e-37  2.05593e-35  -8.7654e-38 -1.26219e-35   5.8958e-38  1.35576e-37 -3.46184e-38  2.94116e-36  1.74755e-38 -1.58799e-36 -7.43507e-39  4.46908e-37  2.59542e-39 -9.94248e-38 -7.15389e-40  2.54436e-38  1.46748e-40 -5.34971e-39 -2.01924e-41  5.88193e-40   1.4741e-42 -2.25695e-41
 6.03606e-36  -1.0904e-50   1.1914e-35  2.37761e-49 -1.01627e-34  1.39606e-49    2.205e-34   1.1581e-47 -1.66575e-34  5.13077e-48 -3.19247e-34  3.44807e-47  7.47077e-34  1.17086e-46 -2.42155e-34  7.91495e-46 -4.14182e-34  1.48909e-44  3.13614e-34  2.58387e-44  1.29181e-34  1.12769e-43 -1.36133e-34 -3.62188e-43 -8.05398e-36  1.06538e-42  7.16957e-36  3.89745e-42   1.3022e-35  4.87479e-42 -2.62209e-35 -1.77391e-42   6.2529e-36  5.29557e-43  2.84466e-35 -2.13854e-41 -2.38888e-35  6.72616e-41  1.51082e-35  5.14477e-41 -5.95869e-36  2.04914e-40 -2.91609e-36  5.92066e-41 -2.48796e-37  2.05847e-40  1.51797e-37 -5.17138e-42 -1.96449e-37 -1.25447e-40  1.24674e-36  4.95304e-41 -1.04999e-36  3.62389e-41  3.11286e-37 -4.63279e-41 -5.66957e-38  -3.9673e-40  1.00964e-37  3.19485e-40 -3.10593e-38 -8.04359e-41 -6.51055e-38  3.50878e-40  2.55945e-37 -2.08499e-40 -8.77964e-37  1.12926e-40  2.90282e-36 -4.40766e-41 -9.04743e-36 -8.41334e-41  2.62457e-35  3.44311e-40 -7.06191e-35 -8.24005e-40  1.75802e-34  2.06022e-39  -4.0361e-34 -4.80806e-39  8.51266e-34   1.0508e-38 -1.64188e-33 -2.14879e-38  2.88005e-33  4.10397e-38 -4.56403e-33 -7.30532e-38  6.48072e-33   1.2092e-37 -8.16077e-33 -1.85615e-37  8.99139e-33   2.6343e-37 -8.51003e-33 -3.44457e-37  6.73495e-33  4.13313e-37 -4.26299e-33 -4.52993e-37   1.9712e-33   4.5107e-37 -4.96036e-34 -4.05523e-37 -8.78517e-35   3.2673e-37   1.3579e-34 -2.33839e-37 -4.28199e-35  1.47065e-37  -7.2856e-36 -8.01941e-38   1.0265e-35  3.72704e-38  -3.4387e-36 -1.44314e-38    5.924e-37   4.5112e-39 -1.19417e-37  -1.0865e-39  3.79916e-38  1.86798e-40 -6.65517e-39 -1.97634e-41  4.49966e-40   8.2762e-43
-2.33774e-51  1.31007e-35 -6.45316e-50  9.22235e-36  1.58842e-48 -9.76934e-35  2.44497e-48  2.55519e-34  5.73432e-47 -2.52849e-34  3.36614e-47  -2.6786e-34  1.17086e-46  7.73046e-34   3.0057e-46 -2.33996e-34  2.99947e-45 -4.28341e-34  4.93123e-44  3.09536e-34  7.04598e-44  1.07463e-34   3.0805e-43 -1.09579e-34 -1.15218e-42  2.15747e-36   2.9953e-42 -2.32656e-35   1.0126e-41  3.26416e-35  1.35569e-41 -3.70971e-35  -8.5435e-42  8.40943e-36  8.86731e-42  3.64573e-35 -5.62909e-41 -2.85812e-35  1.58148e-40   1.6951e-35   8.2463e-41 -9.34425e-36  4.01162e-40 -1.60423e-36  9.09784e-41 -9.47669e-37  3.87811e-40  6.29382e-37  -3.5087e-41  -4.4957e-37 -3.16026e-40  1.42515e-36  5.33064e-42 -1.06564e-36 -2.62821e-41  2.95051e-37 -1.28212e-40 -3.74104e-38 -6.63387e-40  8.59576e-38  5.61825e-40   1.1794e-37 -1.42459e-40 -7.13931e-37  5.09138e-40  2.64002e-36 -3.14565e-40 -9.07494e-36  1.29131e-40  2.92712e-35  8.72892e-41 -8.80193e-35 -5.47641e-40  2.45866e-34  1.63784e-39 -6.36271e-34 -4.08749e-39  1.52096e-33  9.85106e-39 -3.34644e-33 -2.22272e-38  6.74836e-33  4.69525e-38   -1.241e-32  -9.2717e-38   2.0685e-32  1.70822e-37 -3.10184e-32 -2.92987e-37  4.14601e-32  4.66643e-37 -4.88112e-32 -6.88183e-37  4.98182e-32  9.36657e-37 -4.30972e-32 -1.17216e-36  3.05095e-32   1.3429e-36 -1.65693e-32 -1.40152e-36  5.86085e-33  1.32475e-36 -3.84107e-34 -1.12644e-36 -9.51913e-34  8.54724e-37  5.47192e-34 -5.73171e-37 -7.61626e-35  3.35678e-37 -5.32197e-35 -1.69143e-37  2.88005e-35  7.19198e-38 -5.00793e-36 -2.51365e-38  2.88898e-37  6.95499e-39 -1.46434e-37 -1.43715e-39  5.79416e-38  2.00117e-40 -6.57154e-39 -1.48705e-41  2.02941e-40
-7.25467e-36   1.0521e-50  2.02558e-35 -4.88495e-49 -4.77433e-36  9.28793e-48 -6.70834e-35  1.88771e-47  2.73875e-34  2.59803e-46 -3.23412e-34  1.78643e-46 -2.42155e-34   3.0057e-46  8.14679e-34  4.28229e-46 -2.33986e-34  9.81786e-45 -4.17629e-34  1.51738e-43  2.91766e-34  1.61089e-43  7.32121e-35  7.82879e-43 -7.76229e-35 -3.44705e-42  1.17611e-35  7.99625e-42 -5.34203e-35  2.42679e-41  5.68904e-35  3.56272e-41 -5.12774e-35 -3.19203e-41  1.43992e-35  4.06735e-41  4.19832e-35 -1.35892e-40 -3.30411e-35  3.57778e-40  1.87449e-35  1.08612e-40 -1.33183e-35  7.11998e-40  5.10079e-37   1.3312e-40 -2.26877e-36  6.77624e-40  1.49944e-36 -6.69921e-41 -8.15802e-37 -7.23991e-40  1.56579e-36 -1.50227e-40 -9.88687e-37 -2.48598e-40  2.39925e-37 -3.07205e-40  7.86329e-38 -1.01224e-39  -3.2306e-37  9.34492e-40  1.87005e-36 -2.35611e-40 -7.46771e-36  6.80077e-40  2.67439e-35 -4.02261e-40 -8.93671e-35 -5.94194e-41  2.78485e-34  8.79172e-40 -8.07075e-34 -2.85164e-39  2.16978e-33  7.72275e-39 -5.39625e-33 -1.90327e-38  1.23742e-32  4.43384e-38 -2.60614e-32 -9.67409e-38  5.01783e-32  1.97472e-37 -8.78314e-32 -3.76438e-37  1.38821e-31  6.68751e-37 -1.96473e-31 -1.10454e-36  2.46373e-31   1.6915e-36 -2.69965e-31 -2.39434e-36  2.53602e-31   3.1217e-36 -1.98512e-31  -3.7336e-36  1.23403e-31  4.07734e-36 -5.49665e-32 -4.04392e-36  1.19556e-32  3.61982e-36   4.1727e-33  -2.9029e-36 -4.68366e-33  2.06743e-36  1.50974e-33 -1.29382e-36  9.24206e-35  7.02182e-37 -2.21037e-34 -3.25006e-37  5.73022e-35  1.25483e-37  -1.1372e-36 -3.91901e-38 -7.09113e-37  9.45811e-39 -2.98892e-37 -1.63609e-39  7.95132e-38  1.75097e-40 -4.20529e-39 -7.46704e-42
-9.38892e-53 -1.32133e-35  2.24975e-49  2.43666e-35  -3.0842e-48 -2.90555e-35  4.78783e-47 -1.77868e-35  1.10967e-46  2.84651e-34  1.08327e-45 -3.77842e-34  7.91495e-46 -2.33996e-34  4.28229e-46  8.52171e-34    -8.68e-46 -2.36451e-34  2.76221e-44 -3.83868e-34  4.34292e-43   2.6201e-34  2.80604e-43  3.26982e-35  1.85724e-42 -4.79831e-35 -9.71341e-42  2.16088e-35  2.03826e-41 -8.10859e-35  5.36699e-41  8.43594e-35  8.86236e-41 -6.77779e-35 -1.02675e-40  2.50264e-35  1.39299e-40  4.43362e-35 -3.02337e-40 -3.72697e-35  7.82451e-40  2.04733e-35  9.69904e-41 -1.75196e-35  1.12529e-39  3.30097e-36  1.98345e-40 -4.32405e-36  1.10134e-39  2.76026e-36 -4.66607e-41 -1.28984e-36 -1.52822e-39  1.65937e-36 -5.32089e-40 -7.75599e-37 -8.11364e-40 -4.69457e-38 -6.69943e-40  1.18491e-36 -1.38749e-39 -4.89543e-36  1.46049e-39  2.00147e-35 -3.46418e-40 -7.45532e-35  7.69302e-40   2.5814e-34 -1.98199e-40 -8.33422e-34 -1.32801e-39   2.5047e-33  4.80305e-39 -6.99108e-33  -1.3553e-38  1.80762e-32  3.49393e-38  -4.3164e-32 -8.38163e-38  9.48477e-32  1.88902e-37 -1.90969e-31 -3.98556e-37  3.50518e-31   7.8597e-37 -5.82887e-31 -1.44587e-36  8.71556e-31  2.47556e-36 -1.16073e-30 -3.93481e-36  1.36018e-30  5.78899e-36 -1.37965e-30 -7.85703e-36   1.1832e-30  9.80009e-36 -8.26602e-31 -1.11844e-35  4.38417e-31  1.16204e-35 -1.45863e-31 -1.09275e-35  1.09879e-33  9.23746e-36   3.0095e-32 -6.96357e-36 -1.60136e-32  4.63648e-36  2.28906e-33 -2.69489e-36  1.27116e-33  1.34753e-36 -6.17572e-34 -5.68826e-37  5.25296e-35  1.97599e-37  1.72448e-35 -5.44593e-38 -1.19928e-36  1.12479e-38  -7.1361e-37 -1.57316e-39  7.74871e-38  1.18171e-40 -1.01327e-39
 3.95525e-36  8.26622e-50 -1.54852e-35  2.23261e-48   2.1753e-35 -1.72546e-47  -5.9017e-35  2.20502e-46  3.70517e-35  5.41255e-46  2.95434e-34  4.17292e-45 -4.14182e-34  2.99947e-45 -2.33986e-34    -8.68e-46   8.7366e-34 -9.63275e-45 -2.40755e-34  6.49176e-44 -3.33286e-34  1.15729e-42  2.24814e-34   2.1802e-43 -7.63675e-36  4.12972e-42 -2.74139e-35 -2.58258e-41  3.30361e-35  4.98682e-41 -1.05574e-34  1.09291e-40  1.13692e-34  2.09069e-40 -8.53098e-35 -2.96195e-40  4.00545e-35  4.07608e-40    4.357e-35 -6.22553e-40 -4.12909e-35  1.65725e-39  2.21699e-35 -1.53026e-41 -2.14603e-35  1.52102e-39  6.48302e-36  3.27365e-40 -7.13634e-36  1.67402e-39   4.3505e-36  1.53315e-40 -1.84744e-36 -2.99784e-39   1.6166e-36 -1.32063e-39  2.43998e-38 -2.00888e-39 -2.69359e-36 -1.36158e-39  1.25498e-35 -1.64552e-39 -5.12571e-35  2.10643e-39  1.97233e-34 -3.52796e-40 -7.07176e-34  3.35985e-40  2.36476e-33  1.64773e-39 -7.36649e-33 -7.67053e-39   2.1335e-32  2.27843e-38 -5.73122e-32 -6.07307e-38  1.42399e-31  1.50986e-37 -3.26158e-31 -3.51273e-37  6.85957e-31  7.66107e-37 -1.31848e-30 -1.56287e-36  2.30304e-30  2.97683e-36 -3.63074e-30 -5.28258e-36  5.12217e-30  8.71234e-36 -6.39708e-30  -1.3317e-35  6.97263e-30  1.88053e-35 -6.50311e-30 -2.44442e-35   5.0377e-30  2.91267e-35 -3.07908e-30 -3.16634e-35  1.32447e-30  3.12313e-35 -2.47695e-31 -2.77731e-35 -1.34182e-31  2.21018e-35  1.26636e-31 -1.56017e-35 -3.83068e-32   9.6663e-36 -2.78136e-33 -5.18871e-36  5.27842e-33  2.37386e-36 -1.08079e-33 -9.05968e-37 -1.17602e-34  2.79969e-37   4.9602e-35 -6.70178e-38   2.3873e-36  1.15466e-38 -1.20335e-36 -1.23831e-39  3.45033e-38  5.33376e-41
 1.61951e-50  8.00909e-36  9.50648e-49 -1.09041e-35  1.62338e-47   1.1182e-35 -8.85225e-47 -8.98566e-35  9.16636e-46  8.53083e-35   2.2595e-45  3.06842e-34  1.48909e-44 -4.28341e-34  9.81786e-45 -2.36451e-34 -9.63275e-45  8.79888e-34 -4.59555e-44 -2.50065e-34    1.158e-43 -2.73651e-34  2.87444e-42   1.8478e-34 -8.94497e-43  -4.2768e-35  8.65874e-42 -1.93532e-35 -6.49215e-41  4.67779e-35  1.17658e-40 -1.27351e-34  2.03623e-40  1.43388e-34  4.68778e-40 -1.02193e-34 -7.82664e-40    5.796e-35  1.06953e-39  4.02802e-35 -1.19093e-39 -4.50536e-35  3.39616e-39  2.39199e-35 -3.21626e-40  -2.4598e-35  1.56444e-39  9.65995e-36  6.13671e-40 -1.06092e-35  2.40804e-39  6.13491e-36  7.59533e-40 -2.28651e-36 -5.49942e-39  4.30372e-37 -2.76935e-39  6.23822e-36 -4.27504e-39 -2.94123e-35 -2.61567e-39  1.25243e-34 -1.49351e-39 -4.96483e-34  2.63267e-39   1.8414e-33  3.83007e-40 -6.37496e-33 -2.66465e-39  2.05754e-32  1.12988e-38 -6.18012e-32 -3.65551e-38  1.72375e-31  1.01164e-37 -4.45308e-31 -2.59767e-37  1.06223e-30  6.25102e-37 -2.33116e-30 -1.40916e-36   4.6864e-30  2.97413e-36 -8.58562e-30 -5.86561e-36  1.42445e-29   1.0788e-35 -2.12385e-29 -1.84596e-35  2.81843e-29  2.93092e-35 -3.28757e-29 -4.30493e-35  3.31434e-29  5.82914e-35 -2.81825e-29 -7.24771e-35  1.94341e-29  8.23735e-35 -1.00697e-29 -8.51338e-35  3.14638e-30  7.95303e-35  1.64368e-31 -6.66868e-35 -7.80717e-31  4.97804e-35   3.8339e-31 -3.27608e-35 -4.64784e-32  1.87853e-35 -3.22751e-32  -9.2501e-36  1.35677e-32  3.83967e-36 -4.24029e-34 -1.31077e-36  -6.1851e-34  3.55256e-37  5.65987e-35 -7.23489e-38  1.25351e-35  1.00297e-38   -1.122e-36 -7.52667e-40 -1.10173e-38
-2.10461e-36  2.80422e-49  1.19869e-35   8.0658e-48  1.59163e-36  9.63859e-47 -4.44849e-36 -4.20867e-46 -1.17933e-34  3.46726e-45  1.18865e-34  8.18684e-45  3.13614e-34  4.93123e-44 -4.17629e-34  2.76221e-44 -2.40755e-34 -4.59555e-44  8.82097e-34 -1.64013e-43 -2.68973e-34  9.07267e-44 -2.10912e-34  6.66266e-42  1.44495e-34 -5.70533e-42 -7.02142e-35  1.72906e-41 -2.26412e-35 -1.54674e-40  6.21144e-35  2.68757e-40 -1.47301e-34  3.42125e-40  1.71537e-34  1.00158e-39 -1.16348e-34 -1.91875e-39  7.60775e-35   2.5772e-39  3.52553e-35 -2.12409e-39  -4.8359e-35  6.71254e-39  2.58335e-35 -9.23478e-40  -2.6445e-35  5.75065e-40   1.2398e-35  1.22151e-39 -1.44624e-35  3.36198e-39  7.59298e-36  2.09029e-39 -4.83683e-37 -9.48232e-39 -1.23766e-35 -5.19189e-39  6.63395e-35 -8.19047e-39 -2.90306e-34 -4.81493e-39  1.19075e-33 -3.16193e-40 -4.56594e-33    1.995e-39  1.63587e-32  4.84199e-39 -5.46815e-32 -1.74291e-38  1.70253e-31  5.56415e-38 -4.92775e-31 -1.61706e-37  1.32271e-30  4.29628e-37  -3.2833e-30 -1.06832e-36  7.51158e-30   2.4911e-36  -1.5776e-29 -5.44005e-36  3.02718e-29  1.11105e-35 -5.27678e-29 -2.11798e-35  8.29771e-29  3.76014e-35 -1.16691e-28 -6.20124e-35  1.45149e-28  9.47291e-35 -1.57377e-28 -1.33593e-34  1.45729e-28  1.73276e-34 -1.11718e-28 -2.05812e-34  6.71237e-29  2.22753e-34 -2.78471e-29 -2.18429e-34  4.32766e-30  1.92773e-34  3.52049e-30 -1.51937e-34 -2.91119e-30  1.05973e-34   8.0473e-31 -6.46994e-35  9.44366e-32  3.41221e-35 -1.20232e-31 -1.52917e-35  2.01797e-32  5.70108e-36  4.15234e-33 -1.71796e-36  -1.2979e-33  4.01018e-37 -4.19056e-35 -6.75727e-38  2.27264e-35  7.13563e-39 -2.10441e-37 -3.05885e-40
 5.27558e-50 -5.93973e-36  2.71967e-48  1.51181e-35  5.73952e-47  1.99711e-35  4.90906e-46 -1.96397e-35 -1.86146e-45 -1.39936e-34  1.20096e-44  1.33711e-34  2.58387e-44  3.09536e-34  1.51738e-43 -3.83868e-34  6.49176e-44 -2.50065e-34 -1.64013e-43   8.9578e-34 -4.82974e-43 -3.01211e-34  -3.9426e-43  -1.4742e-34   1.4431e-41  1.04051e-34  -2.0962e-41 -9.03004e-35  3.34638e-41 -3.17484e-35 -3.50229e-40  7.67458e-35  5.96085e-40 -1.66026e-34  5.01395e-40  1.95746e-34   2.0449e-39   -1.255e-34 -4.40201e-39  9.11416e-35  5.78311e-39  2.91414e-35 -3.54525e-39 -5.08422e-35  1.27377e-38   2.8001e-35 -1.86933e-39  -2.6668e-35 -2.58113e-39  1.42032e-35  2.36272e-39 -1.76104e-35   4.7664e-39  4.36464e-36  4.47815e-39  2.52023e-35 -1.54385e-38 -1.40191e-34 -8.91848e-39  6.42971e-34 -1.44306e-38 -2.72315e-33 -8.70743e-39  1.07982e-32  3.56183e-39 -4.00237e-32 -4.22988e-39  1.38505e-31  2.63499e-38 -4.46824e-31 -8.39724e-38  1.34133e-30  2.48093e-37 -3.73858e-30 -6.84792e-37   9.6498e-30  1.76101e-36 -2.29946e-29 -4.24657e-36     5.04e-29  9.59842e-36 -1.01166e-28 -2.03027e-35  1.84995e-28  4.01184e-35 -3.06228e-28 -7.39008e-35  4.55295e-28  1.26596e-34 -6.02043e-28 -2.01122e-34  6.99034e-28  2.95391e-34 -7.00418e-28 -3.99639e-34  5.90464e-28     4.96e-34 -4.01809e-28 -5.62058e-34  2.03201e-28  5.78353e-34 -5.92093e-29 -5.36992e-34 -7.19587e-30  4.46579e-34  1.74636e-29 -3.29775e-34 -7.91419e-30   2.1402e-34  7.22711e-31  -1.2057e-34  7.53648e-31  5.80777e-35 -2.75494e-31 -2.34713e-35 -1.88008e-33  7.76412e-36  1.49424e-32 -2.03134e-36 -1.17521e-33  3.98808e-37 -2.67817e-34 -5.34615e-38  1.85152e-35  3.91525e-39  5.17816e-37
 4.14844e-37  4.62707e-49 -1.17397e-35  1.97065e-47   1.6495e-35  3.49921e-46  3.99289e-35   2.2074e-45 -2.94648e-35 -7.67892e-45  -1.5213e-34  3.82826e-44  1.29181e-34  7.04598e-44  2.91766e-34  4.34292e-43 -3.33286e-34    1.158e-43 -2.68973e-34 -4.82974e-43  9.34064e-34 -1.20403e-42 -3.48177e-34 -2.54029e-42 -8.23573e-35  2.92332e-41  6.20458e-35 -6.15441e-41 -1.05549e-34   6.4611e-41 -3.84483e-35 -7.56122e-40  8.75328e-35  1.28603e-39 -1.83432e-34  5.83989e-40  2.13428e-34  4.00171e-39 -1.27627e-34 -9.51044e-39  1.00056e-34  1.21948e-38  2.22673e-35 -5.56085e-39 -5.20224e-35  2.30815e-38  3.04125e-35 -3.04249e-39 -2.49717e-35 -9.48856e-39  1.34044e-35  4.17337e-39 -1.15946e-35  7.26333e-39 -4.63362e-35  8.09058e-39  2.85443e-34 -2.38394e-38 -1.35683e-33 -1.42469e-38  5.95044e-33 -2.34828e-38 -2.43894e-32  -1.6381e-38   9.3502e-32  1.62466e-38 -3.34874e-31 -3.50303e-38   1.1189e-30  1.22741e-37 -3.48195e-30 -3.71339e-37  1.00716e-29  1.05364e-36 -2.70133e-29 -2.80613e-36   6.6991e-29  7.00035e-36 -1.53089e-28 -1.63757e-35  3.21076e-28  3.58774e-35 -6.15065e-28 -7.34885e-35  1.06995e-27  1.40457e-34 -1.67823e-27 -2.49919e-34  2.35266e-27  4.12905e-34 -2.91462e-27 -6.31535e-34  3.14345e-27  8.91159e-34 -2.88976e-27 -1.15564e-33  2.19184e-27  1.37101e-33 -1.29378e-27 -1.48031e-33  5.16199e-28  1.44591e-33 -6.23021e-29 -1.26868e-33 -7.91702e-29  9.91735e-34  5.85694e-29 -6.83944e-34 -1.45744e-29  4.11275e-34  -2.6303e-30 -2.12593e-34  2.46554e-30   9.2819e-35 -3.40055e-31 -3.34742e-35 -1.02967e-31  9.68193e-36  2.63718e-32 -2.15376e-36  1.20909e-33  3.44451e-37  -4.4268e-34 -3.46192e-38 -1.22211e-36  1.43093e-39
 2.15579e-49  1.35658e-36  3.21937e-48 -1.86059e-35  1.17531e-46  1.52171e-35  1.85207e-45  5.66511e-35  8.93492e-45 -3.17571e-35 -2.96107e-44 -1.51201e-34  1.12769e-43  1.07463e-34  1.61089e-43   2.6201e-34  1.15729e-42 -2.73651e-34  9.07267e-44 -3.01211e-34 -1.20403e-42  1.00359e-33  -2.5161e-42 -4.08441e-34 -9.44232e-42 -1.37736e-35  5.53271e-41  1.72812e-35 -1.56025e-40 -1.19489e-34  1.29462e-40 -3.44126e-35 -1.56234e-39  9.17761e-35  2.70094e-39 -1.98691e-34  3.37094e-40  2.22394e-34  7.52955e-39   -1.215e-34 -1.94434e-38  1.00618e-34  2.43189e-38  1.46852e-35 -8.23828e-39 -5.13653e-35  3.97028e-38  3.25704e-35 -3.99616e-39 -1.90254e-35 -2.19532e-38 -4.86827e-36  6.41303e-39  8.44883e-35  1.22778e-38 -5.55326e-34  1.26365e-38  2.74165e-33 -3.50299e-38 -1.24322e-32 -2.15898e-38  5.26835e-32 -3.43501e-38 -2.08848e-31 -3.57253e-38  7.73881e-31  6.33052e-38 -2.67709e-30 -1.71789e-37  8.63243e-30  5.38533e-37  -2.5899e-29 -1.57443e-36  7.21361e-29  4.32783e-36 -1.86036e-28 -1.11732e-35  4.42849e-28  2.70515e-35 -9.69438e-28  -6.1378e-35  1.94298e-27  1.30308e-34 -3.54643e-27 -2.58375e-34  5.85723e-27  4.77437e-34 -8.68392e-27 -8.20163e-34   1.1442e-26   1.3061e-33 -1.32243e-26 -1.92195e-33  1.31687e-26   2.6037e-33 -1.10045e-26 -3.23349e-33  7.38688e-27  3.66312e-33 -3.64087e-27 -3.76402e-33  9.78844e-28  3.48481e-33  2.02058e-28 -2.88426e-33 -3.43864e-28  2.11436e-33  1.43848e-28 -1.35763e-33 -8.22384e-30  7.53307e-34 -1.56175e-29  -3.5525e-34  5.00298e-30  1.39446e-34  2.11118e-31 -4.43502e-35 -3.02338e-31  1.10212e-35   1.8207e-32 -2.02918e-36  5.58108e-33  2.52743e-37 -2.96944e-34 -1.72219e-38 -1.27391e-35
 8.55561e-37   1.3973e-48  2.75451e-36  2.00006e-47 -2.47809e-35  6.05732e-46  1.08817e-35  8.62085e-45  6.61527e-35  3.30199e-44 -2.72688e-35 -1.06931e-43 -1.36133e-34   3.0805e-43  7.32121e-35  2.80604e-43  2.24814e-34  2.87444e-42 -2.10912e-34  -3.9426e-43 -3.48177e-34  -2.5161e-42  1.10374e-33 -4.13916e-42 -4.78056e-34 -2.78552e-41  5.90727e-35  9.71677e-41 -2.98056e-35 -3.51248e-40 -1.35283e-34  2.78891e-40 -1.38973e-35 -3.10319e-39  8.84215e-35  5.52154e-39 -2.10504e-34 -7.77427e-40   2.2153e-34  1.36646e-38 -1.07086e-34 -3.77644e-38  9.19425e-35  4.60782e-38  6.31411e-36 -1.15933e-38  -4.7859e-35  6.43922e-38  2.99172e-35 -3.74411e-39  1.66465e-35 -4.14472e-38 -1.86192e-34  7.91383e-39  1.03809e-33  2.25025e-38 -5.30711e-33  1.69532e-38  2.48755e-32 -4.88739e-38 -1.08954e-31 -3.28026e-38  4.46547e-31 -3.87453e-38 -1.71149e-30 -1.00269e-37  6.12768e-30  2.54593e-37 -2.04658e-29 -7.57675e-37  6.36559e-29  2.28028e-36 -1.84011e-28 -6.47173e-36  4.93163e-28  1.72696e-35 -1.22187e-27 -4.32686e-35   2.7891e-27  1.01646e-34 -5.84167e-27 -2.23598e-34   1.1172e-26  4.59786e-34 -1.93949e-26 -8.82016e-34  3.03449e-26  1.57482e-33 -4.24055e-26 -2.61017e-33  5.23227e-26  4.00383e-33 -5.61308e-26 -5.66427e-33   5.1223e-26    7.361e-33 -3.84304e-26 -8.74685e-33  2.22678e-26  9.45284e-33 -8.51318e-27 -9.23323e-33  6.95138e-28  8.09152e-33  1.55973e-27 -6.30665e-33 -1.04625e-27  4.32625e-33  2.30941e-28 -2.57895e-33  6.05675e-29  1.31519e-33 -4.50806e-29 -5.62618e-34  4.96626e-30  1.96864e-34  2.14716e-30 -5.44945e-35  -4.5969e-31  1.13921e-35 -3.13796e-32 -1.67549e-36  7.98202e-33  1.51908e-37  9.51815e-35 -5.64895e-39
-1.24086e-48  2.20575e-36  3.63944e-48   4.4173e-36  1.11418e-46 -2.84315e-35  2.77935e-45  4.17039e-36  3.57078e-44  6.58702e-35   1.1263e-43 -1.84676e-35 -3.62188e-43 -1.09579e-34  7.82879e-43  3.26982e-35   2.1802e-43   1.8478e-34  6.66266e-42  -1.4742e-34 -2.54029e-42 -4.08441e-34 -4.13916e-42  1.22842e-33 -4.02228e-42   -5.514e-34 -7.00431e-41  1.34193e-34  1.54773e-40  -7.6718e-35 -7.08017e-40 -1.54551e-34  6.50526e-40  2.43328e-35 -5.95478e-39  7.86315e-35  1.09807e-38 -2.17554e-34 -3.76679e-39  2.11273e-34  2.39904e-38 -8.56126e-35 -6.99206e-38  7.45745e-35  8.32505e-38 -3.65917e-36 -1.55767e-38 -3.43716e-35   9.7638e-38 -2.14556e-35 -5.13516e-40    3.341e-34 -6.82042e-38 -1.90452e-33   5.7434e-39  9.85136e-33  4.24593e-38 -4.77153e-32  1.83055e-38  2.15966e-31 -6.30364e-38 -9.14943e-31 -5.80539e-38  3.62631e-30  4.36865e-39 -1.34334e-29 -3.54484e-37  4.64534e-29   1.0547e-36 -1.49724e-28 -3.20364e-36  4.48951e-28  9.37123e-36  -1.2496e-27 -2.58391e-35  3.21996e-27  6.69468e-35 -7.65722e-27 -1.62764e-34  1.67418e-26  3.70806e-34 -3.35043e-26  -7.9034e-34  6.10425e-26  1.57308e-33  -1.0059e-25 -2.91758e-33  1.48718e-25  5.02992e-33 -1.95257e-25 -8.03785e-33   2.2463e-25  1.18673e-32 -2.22295e-25  -1.6128e-32  1.84111e-25  2.00891e-32 -1.21853e-25 -2.28204e-32  5.84374e-26   2.3504e-32 -1.42881e-26 -2.17995e-32 -4.49485e-27  1.80597e-32  6.03261e-27 -1.32344e-32 -2.32822e-27  8.47818e-33  4.47705e-29 -4.67927e-33  2.87289e-28  2.18474e-33 -8.09088e-29 -8.42927e-34 -6.49948e-30  2.60569e-34  5.37443e-30 -6.18556e-35 -2.18816e-31  1.06009e-35 -1.05202e-31 -1.18608e-36  4.23179e-33  6.98653e-38  2.55679e-34
