   0.0537913 -6.17347e-16   -0.0304925  7.27677e-16   -0.0201535 -1.00782e-15  -0.00781133  -7.2671e-16  -0.00185415 -3.50185e-16  0.000134053  -7.6942e-17   0.00049982  4.78281e-17  0.000394293  7.07038e-17  0.000233019   5.0217e-17   0.00011919  2.55879e-17   5.5363e-05  1.01703e-17  2.38278e-05   3.1641e-18  9.58291e-06  6.88703e-19  3.61027e-06  3.30629e-20  1.27316e-06 -6.28621e-20  4.19169e-07 -4.22219e-20  1.28346e-07 -1.85469e-20  3.63596e-08 -6.62704e-21  9.46222e-09 -2.05446e-21  2.23719e-09 -5.68525e-22  4.71274e-10 -1.42525e-22  8.48941e-11 -3.26279e-23  1.16527e-11 -6.84608e-24  5.91219e-13 -1.31668e-24 -3.27223e-13 -2.31159e-25 -1.60957e-13 -3.66496e-26 -4.94585e-14 -5.12252e-27 -1.24204e-14 -5.94365e-28 -2.73557e-15 -4.61575e-29 -5.44073e-16  1.39258e-30 -9.91729e-17  1.56941e-30 -1.67066e-17   4.2687e-31 -2.61394e-18  8.67651e-32 -3.80965e-19  1.51034e-32 -5.17986e-20  2.35759e-33 -6.57349e-21  3.37012e-34 -7.78235e-22  4.46101e-35 -8.58307e-23  5.50288e-36 -8.79616e-24  6.34927e-37 -8.34323e-25  6.86651e-38  -7.2795e-26  6.96707e-39 -5.78591e-27  6.63344e-40 -4.12059e-28  5.92381e-41 -2.54689e-29  4.95683e-42 -1.26529e-30  3.88065e-43 -3.73347e-32  2.83698e-44  1.35727e-33  1.93201e-45  3.42582e-34  1.22206e-46  3.57513e-35  7.15478e-48  2.81753e-36  3.86128e-49  1.85839e-37  1.91153e-50  1.06132e-38  8.63044e-52  5.31414e-40  3.52922e-53  2.33975e-41  1.29622e-54   9.0333e-43  4.23217e-56  3.03627e-44  1.21262e-57  8.78262e-46   2.9989e-59  2.14971e-47  6.26181e-61   4.3461e-49  1.07058e-62  7.00274e-51  1.43202e-64  8.49953e-53  1.39084e-66  7.02826e-55  8.47713e-69  3.14532e-57  2.09337e-71
-6.17347e-16    0.0977783  9.77251e-16   -0.0116811  2.27168e-17   -0.0259993 -1.57852e-15   -0.0163566 -1.50078e-15  -0.00720827 -8.49267e-16  -0.00235807   -2.538e-16  -0.00043983  4.28959e-17   0.00011111  1.11338e-16  0.000174507  8.41009e-17  0.000119122  4.41682e-17  6.29358e-05  1.83816e-17  2.85071e-05  6.30965e-18  1.14485e-05  1.78374e-18  4.12131e-06  3.94955e-19  1.32842e-06  5.48614e-20  3.78687e-07 -3.77958e-21  9.24615e-08 -5.97986e-21  1.76895e-08  -2.5891e-21  1.72622e-09 -8.05241e-22 -5.23878e-10 -2.01921e-22  -4.0608e-10 -4.12996e-23 -1.67664e-10 -6.41598e-24 -5.48969e-11 -4.83009e-25 -1.55681e-11  1.33072e-25 -3.95894e-12  7.94168e-26 -9.18598e-13  2.60337e-26 -1.96422e-13  6.81967e-27  -3.8943e-14  1.55696e-27 -7.18683e-15  3.20819e-28 -1.23756e-15  6.07364e-29 -1.99116e-16  1.06744e-29  -2.9947e-17  1.75293e-30 -4.20855e-18  2.70124e-31 -5.51917e-19  3.91704e-32 -6.73774e-20  5.35471e-33 -7.62627e-21  6.90832e-34  -7.9519e-22  8.41591e-35  -7.5572e-23  9.68191e-36 -6.42223e-24  1.05154e-36 -4.69171e-25  1.07752e-37 -2.64994e-26  1.04075e-38 -6.47335e-28  9.46354e-40  9.96775e-29  8.08867e-41  2.07829e-29  6.48659e-42  2.54882e-30  4.86998e-43  2.50149e-31  3.41436e-44  2.11507e-32  2.22888e-45  1.58416e-33  1.35015e-46  1.06379e-34   7.5592e-48  6.43551e-36  3.89379e-49  3.51002e-37  1.83537e-50  1.72253e-38  7.86597e-52  7.57359e-40  3.04179e-53  2.96435e-41   1.0515e-54  1.02381e-42  3.21208e-56  3.08368e-44  8.54515e-58  7.97394e-46  1.94239e-59  1.73292e-47  3.67634e-61  3.07137e-49   5.5832e-63   4.2441e-51  6.42415e-65  4.24529e-53  5.06094e-67  2.65767e-55  2.16713e-69  6.72476e-58
  -0.0304925  9.77251e-16    0.0918253  3.00632e-15      0.01177  3.77382e-16   -0.0192584 -1.81895e-15   -0.0191927 -2.03235e-15    -0.011687 -1.20726e-15  -0.00563978 -3.96141e-16  -0.00230954  1.63372e-17  -0.00082102  1.20186e-16 -0.000255064   9.5847e-17 -7.01331e-05  5.18508e-17 -1.84106e-05  2.25312e-17 -5.85991e-06  8.36541e-18 -2.76455e-06  2.74465e-18 -1.56952e-06  8.17362e-19 -8.49903e-07  2.27445e-19 -4.10014e-07  6.12454e-20  -1.7563e-07  1.65571e-20 -6.74626e-08  4.60443e-21 -2.34781e-08  1.31584e-21 -7.46562e-09  3.78025e-22 -2.18334e-09  1.06305e-22 -5.90241e-10  2.86788e-23 -1.48073e-10  7.33681e-24  -3.4574e-11  1.77049e-24 -7.53009e-12  4.02365e-25 -1.53211e-12  8.61396e-26 -2.91481e-13  1.73902e-26 -5.18648e-14  3.31499e-27 -8.62752e-15  5.97404e-28 -1.33995e-15  1.01886e-28 -1.93835e-16  1.64581e-29 -2.60105e-17  2.51945e-30 -3.21601e-18  3.65624e-31 -3.62189e-19  5.03036e-32 -3.63654e-20  6.56044e-33 -3.10669e-21  8.10731e-34 -1.96678e-22  9.48814e-35 -2.85157e-24  1.05078e-35  1.72521e-24  1.10012e-36  3.74441e-25  1.08757e-37  5.42531e-26  1.01381e-38   6.4894e-27  8.89673e-40  6.80314e-28  7.33619e-41  6.40588e-29   5.6721e-42  5.48085e-30   4.1019e-43  4.28494e-31  2.76679e-44  3.06798e-32  1.73507e-45  2.01204e-33  1.00785e-46  1.20692e-34   5.3995e-48  6.60378e-36  2.65468e-49  3.28286e-37  1.19074e-50  1.47491e-38   4.8387e-52  5.94821e-40  1.76637e-53  2.13494e-41  5.73309e-55  6.74544e-43  1.63317e-56  1.84985e-44  4.01605e-58  4.32183e-46  8.33894e-60  8.38568e-48   1.4179e-61  1.30258e-49   1.8864e-63  1.52988e-51  1.82244e-65  1.22803e-53  1.10499e-67  5.34934e-56  2.71472e-70
 7.27677e-16   -0.0116811  3.00632e-15     0.070408  4.52485e-15    0.0231945  1.12943e-15   -0.0098976 -1.65855e-15   -0.0174044 -2.09783e-15   -0.0136507 -1.27242e-15  -0.00819916 -4.34568e-16   -0.0042529 -7.71997e-18  -0.00201293  1.04499e-16 -0.000900212  8.75526e-17 -0.000389787  4.89493e-17 -0.000165747  2.22743e-17  -6.9409e-05  8.86845e-18 -2.84295e-05  3.21702e-18 -1.12567e-05   1.0933e-18 -4.25799e-06   3.5503e-19 -1.52447e-06  1.11471e-19 -5.13428e-07  3.39785e-20 -1.62081e-07  1.00362e-20  -4.7875e-08  2.85819e-21 -1.32229e-08  7.80523e-22 -3.41474e-09  2.03469e-22 -8.24635e-10   5.0477e-23 -1.86243e-10  1.18956e-23 -3.93311e-11   2.6608e-24 -7.76162e-12  5.64763e-25 -1.42936e-12  1.13763e-25 -2.45045e-13  2.17539e-26 -3.89481e-14  3.94995e-27 -5.69982e-15  6.81185e-28  -7.5876e-16  1.11586e-28 -8.97681e-17  1.73633e-29 -8.95511e-18   2.5661e-30 -6.37119e-19  3.60099e-31 -8.26461e-22  4.79617e-32  1.06613e-20   6.0597e-33  2.58019e-21  7.25745e-34   4.4181e-22  8.23232e-35  6.35455e-23  8.83536e-36  8.09338e-24  8.96143e-37  9.33795e-25  8.57806e-38  9.87186e-26  7.73715e-39  9.62042e-27  6.56416e-40  8.66925e-28  5.22761e-41   7.2329e-29  3.89896e-42   5.5871e-30  2.71628e-43  3.99187e-31  1.76227e-44  2.63324e-32  1.06107e-45  1.59954e-33  5.90552e-47  8.91668e-35  3.02417e-48  4.54203e-36  1.41722e-49  2.10296e-37  6.03905e-51  8.79259e-39  2.32206e-52  3.29321e-40  7.98189e-54  1.09395e-41  2.42472e-55  3.18242e-43  6.41509e-57  7.97632e-45  1.45031e-58  1.68517e-46  2.73031e-60  2.91102e-48  4.12468e-62   3.9292e-50  4.72143e-64  3.84652e-52  3.70069e-66  2.36069e-54  1.57678e-68  5.86467e-57
  -0.0201535  2.27168e-17      0.01177  4.52485e-15    0.0567816  5.27703e-15    0.0274227  1.56667e-15  -0.00205289 -1.30768e-15    -0.013481 -1.80062e-15   -0.0132974 -1.09486e-15  -0.00934702 -3.76357e-16  -0.00554795  -1.3946e-17  -0.00296115  8.28198e-17  -0.00146564  7.19073e-17 -0.000683297  4.17377e-17 -0.000302005  1.99741e-17 -0.000126647   8.4699e-18 -5.02804e-05  3.29765e-18 -1.88364e-05  1.20206e-18 -6.63775e-06  4.14466e-19 -2.19469e-06  1.35777e-19 -6.79647e-07  4.23068e-20 -1.96894e-07  1.25322e-20 -5.33153e-08  3.52614e-21 -1.34837e-08  9.41698e-22 -3.18184e-09   2.3862e-22 -6.99535e-10  5.73664e-23 -1.42933e-10   1.3087e-23 -2.70311e-11  2.83387e-24 -4.69868e-12  5.82673e-25  -7.4141e-13  1.13793e-25 -1.03638e-13  2.11137e-26 -1.21264e-14  3.72253e-27 -9.82042e-16   6.2368e-28   1.2915e-17  9.92912e-29  2.77536e-17  1.50179e-29    7.708e-18  2.15742e-30  1.55939e-18  2.94243e-31  2.67535e-19  3.80793e-32  4.08872e-20  4.67297e-33  5.68979e-21  5.43337e-34  7.29212e-22   5.9801e-35  8.66236e-23  6.22345e-36  9.57262e-24  6.11627e-37  9.86042e-25  5.66819e-38  9.47542e-26   4.9452e-39  8.49469e-27    4.054e-40  7.10004e-28  3.11609e-41  5.52593e-29  2.24025e-42  3.99772e-30   1.5022e-43  2.68213e-31  9.36508e-45  1.66402e-32  5.40803e-46  9.51315e-34  2.88041e-47  4.99049e-35  1.40795e-48  2.39007e-36    6.279e-50  1.03865e-37  2.53704e-51  4.06531e-39  9.20953e-53  1.42015e-40   2.9726e-54  4.37791e-42  8.42196e-56  1.17387e-43  2.05996e-57  2.68647e-45  4.25494e-59  5.11435e-47  7.19783e-61  7.80584e-49  9.52824e-63  9.01969e-51  9.16032e-65  7.13121e-53  5.52772e-67  3.06281e-55  1.35175e-69
-1.00782e-15   -0.0259993  3.77382e-16    0.0231945  5.27703e-15    0.0500261  5.14711e-15    0.0294844  1.56368e-15   0.00428278 -9.14236e-16  -0.00865046 -1.31953e-15    -0.011142 -7.80821e-16  -0.00891292 -2.48665e-16  -0.00578261  1.07801e-17  -0.00328914  7.51554e-17  -0.00169582  6.25582e-17 -0.000805267  3.69566e-17 -0.000354825  1.83316e-17 -0.000145534  8.09852e-18 -5.56169e-05  3.27503e-18 -1.98025e-05  1.22961e-18 -6.56598e-06  4.31874e-19 -2.02604e-06  1.42496e-19 -5.81227e-07  4.42776e-20 -1.54793e-07  1.29783e-20 -3.81793e-08  3.59305e-21 -8.68631e-09  9.40583e-22 -1.81036e-09  2.33049e-22 -3.41301e-10  5.47008e-23 -5.67553e-11  1.21721e-23 -7.83967e-12  2.56947e-24 -7.29048e-13  5.14824e-25  2.27243e-14  9.79457e-26  3.33587e-14  1.76988e-26  1.07412e-14  3.03809e-27  2.56584e-15  4.95417e-28  5.22771e-16  7.67387e-29  9.52003e-17  1.12887e-29   1.5831e-17  1.57659e-30  2.43164e-18  2.08949e-31  3.47305e-19  2.62642e-32  4.63142e-20  3.12882e-33  5.78079e-21  3.52956e-34   6.7632e-22  3.76663e-35  7.42171e-23  3.79816e-36  7.63984e-24  3.61411e-37  7.37442e-25  3.24019e-38  6.66938e-26  2.73225e-39  5.64467e-27  2.16263e-40  4.46373e-28  1.60311e-41  3.29159e-29  1.11002e-42  2.25795e-30   7.1579e-44  1.43673e-31   4.2839e-45  8.45101e-33  2.37011e-46  4.57674e-34  1.20662e-47  2.27114e-35  5.62208e-49  1.02682e-36  2.38217e-50  4.20094e-38  9.10904e-52  1.54238e-39  3.11426e-53  5.03037e-41   9.4106e-55   1.4388e-42  2.47698e-56  3.54998e-44  5.57191e-58  7.39151e-46  1.04386e-59  1.25961e-47  1.56951e-61  1.67876e-49  1.78836e-63  1.62407e-51  1.39551e-65  9.85722e-54  5.92041e-68  2.42345e-56
 -0.00781133 -1.57852e-15   -0.0192584  1.12943e-15    0.0274227  5.14711e-15    0.0462737  4.34304e-15    0.0310564  1.33873e-15   0.00975789 -4.90408e-16  -0.00331363 -7.58819e-16  -0.00759389 -3.97696e-16  -0.00700107 -6.68786e-17  -0.00486738  7.50902e-17  -0.00286672  9.23963e-17  -0.00149385  6.60757e-17 -0.000702797  3.75671e-17  -0.00030157  1.84889e-17 -0.000118646   8.1687e-18 -4.29029e-05  3.30118e-18 -1.42668e-05  1.23353e-18   -4.358e-06  4.29078e-19 -1.21889e-06  1.39581e-19 -3.10117e-07  4.26052e-20 -7.08627e-08  1.22338e-20 -1.41602e-08  3.31143e-21 -2.31605e-09  8.46355e-22 -2.41574e-10   2.0454e-22  1.78909e-11  4.67937e-23  1.97437e-11  1.01435e-23  7.30798e-12  2.08501e-24  2.05474e-12  4.06636e-25  4.95842e-13  7.52781e-26  1.07232e-13   1.3232e-26  2.12116e-14  2.20876e-27  3.88137e-15  3.50144e-28  6.61495e-16  5.27086e-29  1.05461e-16  7.53282e-30  1.57732e-17   1.0217e-30  2.21731e-18  1.31455e-31  2.93302e-19  1.60343e-32  3.65308e-20  1.85276e-33  4.28496e-21  2.02625e-34  4.73273e-22  2.09516e-35  4.91978e-23  2.04576e-36  4.80962e-24  1.88362e-37  4.41717e-25  1.63276e-38  3.80584e-26  1.32995e-39  3.07118e-27   1.0158e-40  2.31651e-28  7.25739e-42  1.62934e-29  4.83667e-43  1.06567e-30   2.9972e-44  6.46032e-32  1.72063e-45  3.61618e-33  9.11191e-47  1.86064e-34  4.42909e-48  8.75378e-36  1.96451e-49   3.7421e-37  7.89575e-51  1.44256e-38  2.85152e-52  4.96873e-40  9.15832e-54  1.51173e-41  2.58226e-55  4.00413e-43  6.28667e-57  9.05948e-45  1.29271e-58  1.70633e-46   2.1773e-60   2.5783e-48  2.87015e-62  2.95131e-50  2.74817e-64  2.31281e-52  1.65189e-66  9.85095e-55  4.02438e-69
 -7.2671e-16   -0.0163566 -1.81895e-15   -0.0098976  1.56667e-15    0.0294844  4.34304e-15    0.0441294  3.33481e-15    0.0326876  1.18087e-15    0.0148509  1.13979e-17   0.00237526 -1.55188e-16  -0.00304446  2.27503e-17  -0.00394828  1.54652e-16  -0.00302447  1.72589e-16   -0.0018315   1.3043e-16 -0.000945827  7.96629e-17  -0.00042932  4.20065e-17 -0.000173574  1.97538e-17 -6.27779e-05  8.43794e-18 -2.02544e-05  3.31174e-18 -5.75843e-06  1.20357e-18 -1.39811e-06  4.07283e-19 -2.65221e-07  1.28866e-19 -2.53617e-08  3.82478e-20  7.97523e-09  1.06765e-20  6.08306e-09  2.80885e-21  2.50221e-09  6.97675e-22  8.19792e-10  1.63841e-22  2.33528e-10  3.64201e-23  5.98926e-11   7.6705e-24  1.40761e-11  1.53178e-24  3.06293e-12  2.90213e-25  6.21139e-13  5.21877e-26  1.17911e-13  8.90991e-27  2.10169e-14  1.44442e-27  3.52516e-15  2.22349e-28  5.57251e-16   3.2497e-29  8.31068e-17  4.50827e-30  1.17009e-17  5.93427e-31  1.55577e-18  7.40783e-32  1.95357e-19  8.76384e-33  2.31626e-20  9.81812e-34  2.59191e-21  1.04058e-34  2.73548e-22  1.04218e-35   2.7204e-23  9.85062e-37  2.54636e-24   8.7736e-38  2.24019e-25  7.35077e-39   1.8493e-26  5.78181e-40  1.42967e-27  4.25975e-41   1.0327e-28    2.932e-42  6.95139e-30  1.87978e-43  4.34696e-31  1.11873e-44  2.51628e-32  6.15593e-46  1.34268e-33  3.11755e-47  6.57193e-35  1.44522e-48   2.9336e-36  6.09371e-50  1.18601e-37  2.31914e-51  4.30643e-39  7.89279e-53  1.39002e-40  2.37457e-54  3.93736e-42   6.2238e-56  9.62669e-44  1.39434e-57  1.98734e-45    2.602e-59  3.35956e-47  3.89761e-61  4.44378e-49  4.42507e-63  4.26848e-51  3.44105e-65  2.57338e-53    1.455e-67  6.28678e-56
 -0.00185415 -1.50078e-15   -0.0191927 -1.65855e-15  -0.00205289  1.56368e-15    0.0310564  3.33481e-15    0.0431927  2.56452e-15    0.0346445  1.27683e-15     0.019806  6.15048e-16   0.00820313  4.65502e-16   0.00199254  4.47509e-16 -0.000316855  3.85648e-16 -0.000720444  2.79411e-16 -0.000512451   1.7355e-16 -0.000256586  9.47656e-17 -9.89623e-05  4.63689e-17 -2.80171e-05  2.06085e-17 -3.75776e-06  8.40136e-18  1.78702e-06  3.16431e-18  1.82804e-06  1.10724e-18  1.00939e-06  3.61518e-19  4.39053e-07  1.10525e-19  1.64335e-07    3.173e-20  5.48875e-08  8.57382e-21  1.66738e-08  2.18482e-21  4.66054e-09  5.25887e-22  1.20785e-09  1.19725e-22  2.91823e-10  2.58089e-23  6.59917e-11  5.27267e-24  1.40098e-11  1.02159e-24  2.79866e-12  1.87821e-25  5.27012e-13  3.27792e-26  9.36766e-14  5.43178e-27  1.57335e-14   8.5471e-28  2.49871e-15  1.27707e-28  3.75414e-16  1.81155e-29  5.33718e-17  2.43894e-30  7.18017e-18   3.1151e-31  9.13916e-19  3.77236e-32   1.1002e-19  4.32822e-33  1.25195e-20  4.70089e-34  1.34566e-21  4.82805e-35  1.36492e-22  4.68337e-36  1.30496e-23  4.28476e-37   1.1744e-24  3.69123e-38  9.93252e-26  2.98873e-39  7.87969e-27  2.26959e-40  5.85086e-28  1.61249e-41  4.05598e-29  1.06887e-42  2.61742e-30  6.58936e-44  1.56708e-31  3.76399e-45  8.67058e-33  1.98374e-46  4.41333e-34  9.59812e-48   2.0555e-35  4.23839e-49  8.70439e-37  1.69626e-50  3.32598e-38  6.10102e-52  1.13614e-39  1.95183e-53  3.42988e-41  5.48271e-55  9.01856e-43  1.33001e-56  2.02649e-44  2.72544e-58  3.79217e-46  4.57531e-60  5.69516e-48  6.01222e-62  6.48163e-50  5.73933e-64   5.0518e-52  3.43989e-66  2.14068e-54  8.35722e-69
-3.50185e-16  -0.00720827 -2.03235e-15   -0.0174044 -1.30768e-15   0.00428278  1.33873e-15    0.0326876  2.56452e-15    0.0432772   2.2582e-15    0.0369807  1.65572e-15     0.024572  1.28101e-15    0.0137471   1.0506e-15   0.00683864  8.24204e-16   0.00319386  5.81853e-16   0.00148392  3.64724e-16  0.000715047  2.04123e-16  0.000357265  1.02998e-16  0.000178723  4.72946e-17  8.60999e-05  1.99174e-17  3.89474e-05  7.74226e-18  1.63498e-05  2.79248e-18  6.34751e-06  9.38561e-19   2.2805e-06  2.95004e-19  7.60009e-07  8.69701e-20  2.35637e-07  2.41081e-20  6.81693e-08  6.29667e-21  1.84522e-08  1.55228e-21  4.68483e-09  3.61723e-22  1.11804e-09  7.97731e-23  2.51271e-10  1.66666e-23   5.3263e-11  3.30141e-24  1.06629e-11  6.20424e-25  2.01814e-12  1.10668e-25  3.61426e-13  1.87429e-26  6.12852e-14  3.01448e-27  9.84359e-15  4.60432e-28  1.49806e-15  6.67812e-29  2.16033e-16  9.19556e-30  2.95185e-17  1.20165e-30  3.82074e-18  1.48947e-31  4.68277e-19  1.75009e-32  5.43139e-20  1.94767e-33  5.95729e-21  2.05106e-34  6.17324e-22  2.04157e-35  6.03698e-23  1.91822e-36   5.5641e-24  1.69873e-37  4.82578e-25  1.41542e-38  3.93152e-26  1.10743e-39  3.00245e-27  8.11767e-41  2.14427e-28  5.56025e-42  1.42817e-29  3.54821e-43  8.84323e-31  2.10225e-44  5.07203e-32  1.15184e-45   2.6832e-33  5.80939e-47  1.30277e-34  2.68256e-48  5.77154e-36  1.12685e-49  2.31683e-37  4.27323e-51   8.3565e-39  1.44935e-52  2.68042e-40  4.34617e-54  7.54783e-42  1.13558e-55  1.83517e-43  2.53652e-57  3.76872e-45  4.71999e-59  6.33953e-47  7.05105e-61  8.34641e-49   7.9846e-63   7.9819e-51  6.19375e-65  4.79213e-53  2.61281e-67  1.16612e-55
 0.000134053 -8.49267e-16    -0.011687 -2.09783e-15    -0.013481 -9.14236e-16   0.00975789  1.18087e-15    0.0346445   2.2582e-15    0.0441799  2.40796e-15    0.0394768  2.21679e-15    0.0287693  1.91214e-15    0.0183789  1.52248e-15    0.0107568  1.09364e-15   0.00592988  7.03117e-16    0.0031219  4.05659e-16   0.00157338  2.11457e-16  0.000755504  1.00336e-16  0.000343235   4.3636e-17  0.000146642  1.74977e-17  5.86862e-05  6.50222e-18  2.19597e-05   2.2488e-18    7.681e-06  7.26476e-19  2.51323e-06  2.19889e-19   7.7027e-07  6.25212e-20  2.21479e-07  1.67359e-20  5.98439e-08  4.22555e-21  1.52195e-08  1.00789e-21  3.64855e-09  2.27416e-22  8.25591e-10  4.85938e-23  1.76542e-10  9.84209e-24  3.57115e-11  1.89085e-24  6.83927e-12  3.44769e-25  1.24092e-12  5.96867e-26   2.1342e-13  9.81327e-27  3.48045e-14  1.53244e-27  5.38306e-15  2.27288e-28  7.89656e-16  3.20126e-29  1.09854e-16   4.2804e-30  1.44896e-17    5.431e-31  1.81126e-18  6.53511e-32   2.1446e-19  7.45229e-33   2.4035e-20  8.04651e-34  2.54734e-21  8.21774e-35  2.55042e-22  7.92854e-36  2.40921e-23  7.21632e-37  2.14407e-24  6.18604e-38   1.7946e-25  4.98509e-39  1.40998e-26  3.76852e-40  1.03753e-27  2.66591e-41  7.13201e-29  1.75989e-42  4.56629e-30  1.08067e-43  2.71376e-31  6.14995e-45  1.49115e-32  3.22965e-46  7.54083e-34  1.55731e-47  3.49076e-35  6.85458e-49  1.46978e-36  2.73483e-50  5.58587e-38  9.80757e-52  1.89845e-39  3.12885e-53   5.7039e-41  8.76559e-55  1.49305e-42  2.12099e-56  3.34071e-44  4.33586e-58  6.22652e-46  7.26218e-60  9.31591e-48  9.52223e-62  1.05647e-49  9.07131e-64  8.20656e-52  5.42632e-66  3.46649e-54  1.31589e-68
 -7.6942e-17  -0.00235807 -1.20726e-15   -0.0136507 -1.80062e-15  -0.00865046 -4.90408e-16    0.0148509  1.27683e-15    0.0369807  2.40796e-15    0.0455235  2.84856e-15    0.0416119  2.79124e-15    0.0317755  2.39058e-15    0.0214335  1.80911e-15    0.0131633  1.21618e-15    0.0074794  7.31197e-16   0.00396056  3.96245e-16   0.00195905  1.95046e-16  0.000905281  8.78209e-17  0.000390656  3.63908e-17  0.000157412  1.39505e-17  5.92534e-05  4.96967e-18  2.08563e-05  1.65141e-18   6.8737e-06  5.13542e-19  2.12441e-06  1.49862e-19  6.16711e-07  4.11364e-20  1.68428e-07  1.06427e-20  4.33406e-08  2.59962e-21  1.05228e-08  6.00383e-22  2.41366e-09  1.31261e-22  5.23603e-10  2.71934e-23  1.07529e-10  5.34278e-24  2.09216e-11  9.96148e-25  3.85906e-12  1.76336e-25  6.75153e-13  2.96456e-26  1.12073e-13  4.73432e-27   1.7655e-14   7.1821e-28  2.63949e-15   1.0349e-28  3.74473e-16  1.41611e-29  5.04044e-17  1.83945e-30  6.43429e-18  2.26696e-31  7.78556e-19    2.649e-32  8.92365e-20  2.93261e-33  9.68046e-21  3.07284e-34  9.92922e-22    3.044e-35  9.61798e-23  2.84705e-36  8.78624e-24  2.51034e-37  7.55749e-25  2.08302e-38  6.10954e-26  1.62335e-39  4.63212e-27  1.18549e-40  3.28579e-28  8.09112e-42  2.17463e-29  5.14576e-43  1.33853e-30  3.03894e-44  7.63438e-32  1.65997e-45   4.0176e-33  8.34784e-47  1.94107e-34  3.84408e-48  8.55958e-36  1.61055e-49  3.42107e-37  6.09233e-51  1.22889e-38  2.06146e-52   3.9266e-40  6.16795e-54  1.10169e-41  1.60819e-55  2.66949e-43  3.58499e-57  5.46446e-45  6.65839e-59  9.16417e-47  9.92902e-61  1.20308e-48  1.12247e-62  1.14745e-50  8.69327e-65  6.87157e-53  3.66173e-67  1.66815e-55
  0.00049982   -2.538e-16  -0.00563978 -1.27242e-15   -0.0132974 -1.31953e-15  -0.00331363  1.13979e-17     0.019806  1.65572e-15    0.0394768  2.84856e-15    0.0466822  3.35232e-15     0.042662  3.20895e-15    0.0329564  2.62583e-15    0.0224638  1.87743e-15    0.0138241  1.18941e-15   0.00777819  6.75107e-16    0.0040297  3.46536e-16   0.00193034  1.62148e-16  0.000857436  6.96283e-17  0.000353979   2.7596e-17  0.000136112  1.01435e-17  4.88503e-05  3.47212e-18  1.63981e-05  1.11066e-18  5.15884e-06  3.32997e-19  1.52397e-06  9.38169e-20  4.23495e-07  2.48913e-20  1.10887e-07  6.23085e-21  2.73983e-08  1.47388e-21  6.39659e-09  3.29893e-22  1.41271e-09  6.99449e-23  2.95441e-10  1.40607e-23  5.85539e-11  2.68189e-24  1.10052e-11  4.85624e-25  1.96257e-12  8.35137e-26  3.32196e-13  1.36434e-26  5.33829e-14  2.11757e-27  8.14493e-15  3.12244e-28  1.17985e-15  4.37335e-29   1.6223e-16  5.81655e-30  2.11671e-17  7.34268e-31  2.61943e-18  8.79279e-32  3.07255e-19  9.98075e-33   3.4135e-20  1.07295e-33   3.5884e-21  1.09122e-34   3.5655e-22  1.04866e-35  3.34422e-23  9.50877e-37  2.95645e-24  8.12216e-38  2.45921e-25  6.52321e-39  1.92092e-26  4.91547e-40  1.40581e-27  3.46671e-41   9.6142e-29  2.28194e-42  6.12601e-30  1.39743e-43  3.62434e-31  7.93203e-45  1.98308e-32  4.15535e-46  9.98875e-34  1.99906e-47  4.60671e-35  8.77977e-49  1.93285e-36  3.49573e-50  7.32161e-38   1.2512e-51  2.48067e-39  3.98432e-53  7.43153e-41   1.1143e-54  1.93996e-42  2.69188e-56  4.32954e-44  5.49452e-58  8.05009e-46  9.18965e-60   1.2017e-47  1.20334e-61  1.35989e-49  1.14491e-63  1.05424e-51  6.84065e-66  4.44485e-54  1.65704e-68
 4.78281e-17  -0.00043983 -3.96141e-16  -0.00819916 -1.09486e-15    -0.011142 -7.58819e-16   0.00237526  6.15048e-16     0.024572  2.21679e-15    0.0416119  3.35232e-15     0.046864  3.71001e-15    0.0419456  3.35538e-15    0.0319533  2.59002e-15    0.0214403  1.74718e-15    0.0129188   1.0465e-15   0.00707265  5.63261e-16   0.00354528  2.75034e-16   0.00163611  1.22786e-16  0.000698123   5.0442e-17   0.00027642  1.91713e-17  0.000101881  6.77164e-18  3.50536e-05  2.23143e-18  1.12875e-05  6.88237e-19  3.40951e-06  1.99234e-19  9.68101e-07  5.42619e-20  2.58876e-07  1.39319e-20  6.53015e-08  3.37797e-21  1.55611e-08  7.74581e-22  3.50743e-09   1.6818e-22   7.4857e-10  3.46109e-23  1.51412e-10   6.7568e-24  2.90459e-11  1.25209e-24   5.2876e-12  2.20345e-25  9.13822e-13  3.68371e-26  1.49973e-13  5.85135e-27  2.33761e-14  8.83144e-28  3.46045e-15  1.26639e-28  4.86444e-16  1.72486e-29  6.49158e-17  2.23065e-30  8.22057e-18  2.73761e-31  9.87281e-19  3.18631e-32  1.12372e-19  3.51419e-33  1.21108e-20  3.66911e-34  1.23463e-21  3.62242e-35  1.18911e-22  3.37724e-36  1.08048e-23  2.96882e-37  9.24725e-25  2.45643e-38  7.44052e-26   1.9092e-39  5.61646e-27  1.39068e-40  3.96763e-28  9.46878e-42  2.61575e-29  6.00827e-43  1.60423e-30  3.54075e-44  9.11871e-32  1.93019e-45  4.78345e-33   9.6884e-47  2.30419e-34  4.45348e-48  1.01324e-35  1.86275e-49  4.03907e-37  7.03536e-51  1.44731e-38  2.37707e-52  4.61385e-40  7.10254e-54  1.29172e-41   1.8495e-55  3.12363e-43    4.118e-57  6.38201e-45  7.63988e-59  1.06841e-46  1.13809e-60   1.4003e-48  1.28537e-62   1.3335e-50  9.94613e-65  7.97426e-53  4.18605e-67  1.93326e-55
 0.000394293  4.28959e-17  -0.00230954 -4.34568e-16  -0.00934702 -7.80821e-16  -0.00759389 -1.55188e-16   0.00820313  1.28101e-15    0.0287693  2.79124e-15     0.042662  3.71001e-15    0.0453512   3.7889e-15    0.0391168  3.20266e-15    0.0288773  2.32363e-15    0.0187754  1.47952e-15    0.0109385  8.39636e-16   0.00577575  4.29681e-16   0.00278659  2.00111e-16   0.00123607  8.54455e-17  0.000506628  3.36547e-17  0.000192676  1.22898e-17  6.82375e-05  4.17864e-18  2.25752e-05  1.32765e-18    6.996e-06   3.9538e-19  2.03574e-06  1.10653e-19  5.57406e-07  2.91673e-20   1.4388e-07  7.25489e-21  3.50676e-08  1.70554e-21  8.08146e-09  3.79469e-22  1.76305e-09  7.99941e-23  3.64467e-10  1.59921e-23  7.14534e-11  3.03414e-24  1.32935e-11  5.46628e-25  2.34809e-12  9.35506e-26  3.93912e-13  1.52127e-26  6.27729e-14   2.3508e-27  9.50289e-15  3.45191e-28  1.36651e-15  4.81569e-29  1.86613e-16  6.38086e-30  2.41928e-17  8.02646e-31  2.97596e-18  9.57932e-32  3.47122e-19   1.0839e-32   3.8362e-20  1.16171e-33  4.01299e-21  1.17815e-34  3.96908e-22  1.12918e-35  3.70675e-23  1.02131e-36  3.26376e-24  8.70308e-38  2.70461e-25   6.9742e-39  2.10515e-26  5.24429e-40  1.53555e-27  3.69135e-41  1.04691e-28  2.42533e-42  6.65143e-30  1.48267e-43  3.92454e-31   8.4023e-45  2.14191e-32  4.39506e-46  1.07633e-33   2.1114e-47  4.95293e-35  9.26102e-49  2.07383e-36  3.68285e-50  7.84052e-38  1.31668e-51  2.65172e-39  4.18845e-53  7.93068e-41  1.17026e-54  2.06704e-42  2.82454e-56  4.60649e-44  5.76057e-58  8.55355e-46  9.62741e-60  1.27527e-47   1.2598e-61  1.44149e-49  1.19789e-63  1.11632e-51   7.1532e-66  4.70195e-54  1.73189e-68
 7.07038e-17   0.00011111  1.63372e-17   -0.0042529 -3.76357e-16  -0.00891292 -3.97696e-16  -0.00304446  4.65502e-16    0.0137471  1.91214e-15    0.0317755  3.20895e-15    0.0419456   3.7889e-15    0.0417894  3.55884e-15    0.0343446  2.80531e-15    0.0242985  1.91291e-15    0.0151665  1.15106e-15   0.00848458  6.20052e-16   0.00430143  3.02294e-16   0.00199256   1.3454e-16  0.000848855  5.50454e-17  0.000334324  2.08223e-17  0.000122272  7.31717e-18  4.16811e-05  2.39831e-18  1.32861e-05  7.35671e-19  3.97111e-06    2.118e-19  1.11564e-06  5.73707e-20  2.95217e-07  1.46514e-20  7.37125e-08  3.53392e-21  1.73936e-08  8.06244e-22  3.88381e-09    1.742e-22  8.21526e-10  3.56815e-23  1.64768e-10  6.93445e-24  3.13566e-11  1.27948e-24  5.66543e-12  2.24241e-25  9.72212e-13   3.7342e-26  1.58498e-13  5.90955e-27  2.45511e-14   8.8879e-28  3.61319e-15  1.27023e-28  5.05136e-16  1.72465e-29  6.70648e-17  2.22374e-30  8.45194e-18  2.72148e-31  1.01051e-18  3.15916e-32  1.14531e-19  3.47558e-33   1.2295e-20  3.62032e-34  1.24879e-21   3.5664e-35  1.19861e-22  3.31817e-36  1.08561e-23  2.91128e-37   9.2632e-25  2.40448e-38  7.43243e-26  1.86567e-39  5.59564e-27  1.35684e-40  3.94325e-28   9.2249e-42  2.59375e-29  5.84557e-43  1.58735e-30  3.44053e-44  9.00495e-32  1.87337e-45  4.71508e-33  9.39309e-47  2.26738e-34  4.31345e-48  9.95467e-36  1.80254e-49  3.96239e-37   6.8023e-51   1.4179e-38  2.29659e-52  4.51443e-40  6.85733e-54  1.26242e-41  1.78454e-55  3.04954e-43  3.97116e-57  6.22454e-45  7.36379e-59  1.04111e-46  1.09648e-60  1.36342e-48   1.2379e-62  1.29742e-50  9.57572e-65  7.75334e-53  4.02904e-67  1.87857e-55
 0.000233019  1.11338e-16  -0.00082102 -7.71997e-18  -0.00554795 -2.48665e-16  -0.00700107  2.27503e-17   0.00199254   1.0506e-15    0.0183789  2.39058e-15    0.0329564  3.35538e-15    0.0391168  3.55884e-15    0.0363589  3.08076e-15    0.0282724  2.26713e-15    0.0190437  1.45489e-15    0.0113521  8.28682e-16   0.00607631  4.24444e-16   0.00295142  1.97474e-16   0.00131149   8.4127e-17  0.000536587  3.30313e-17  0.000203214  1.20173e-17  7.15513e-05  4.06932e-18  2.35099e-05  1.28735e-18  7.23163e-06  3.81689e-19  2.08811e-06  1.06348e-19  5.67308e-07   2.7909e-20  1.45312e-07  6.91186e-21  3.51513e-08  1.61805e-21  8.04216e-09  3.58533e-22  1.74231e-09  7.52834e-23  3.57797e-10  1.49936e-23  6.97054e-11  2.83445e-24  1.28912e-11  5.08897e-25  2.26427e-12   8.6809e-26  3.77842e-13  1.40727e-26  5.99129e-14  2.16828e-27  9.02761e-15  3.17509e-28  1.29248e-15  4.41798e-29  1.75779e-16  5.83954e-30  2.27008e-17  7.32863e-31   2.7824e-18   8.7276e-32  3.23454e-19  9.85532e-33  3.56343e-20  1.05429e-33  3.71673e-21  1.06732e-34  3.66602e-22  1.02127e-35    3.415e-23  9.22302e-37  2.99975e-24  7.84827e-38  2.48034e-25  6.28095e-39  1.92664e-26  4.71728e-40  1.40266e-27  3.31669e-41  9.54618e-29  2.17693e-42  6.05518e-30  1.32957e-43  3.56734e-31  7.52822e-45  1.94425e-32  3.93479e-46  9.75744e-34  1.88896e-47  4.48479e-35  8.28013e-49  1.87579e-36  3.29093e-50  7.08478e-38  1.17598e-51  2.39397e-39  3.73923e-53  7.15397e-41  1.04435e-54  1.86323e-42  2.51984e-56  4.14954e-44  5.13777e-58  7.70051e-46  8.58469e-60  1.14749e-47  1.12317e-61  1.29646e-49  1.06784e-63   1.0036e-51  6.37613e-66  4.22576e-54  1.54369e-68
  5.0217e-17  0.000174507  1.20186e-16  -0.00201293  -1.3946e-17  -0.00578261 -6.68786e-17  -0.00394828  4.47509e-16   0.00683864  1.52248e-15    0.0214335  2.62583e-15    0.0319533  3.20266e-15    0.0343446  3.08076e-15    0.0297214  2.46709e-15    0.0217847  1.69885e-15    0.0139224    1.028e-15   0.00790589  5.55237e-16   0.00404251   2.7086e-16   0.00187993   1.2045e-16  0.000801307  4.91903e-17  0.000315023  1.85605e-17  0.000114816  6.50286e-18  3.89619e-05   2.1244e-18  1.23546e-05  6.49394e-19  3.67199e-06  1.86297e-19  1.02564e-06  5.02829e-20  2.69819e-07   1.2796e-20  6.69831e-08  3.07572e-21   1.5717e-08  6.99352e-22  3.49041e-09  1.50615e-22  7.34472e-10  3.07545e-23  1.46577e-10  5.95916e-24  2.77634e-11  1.09642e-24  4.99388e-12  1.91642e-25  8.53369e-13  3.18324e-26  1.38573e-13  5.02558e-27   2.1385e-14   7.5414e-28  3.13626e-15  1.07552e-28   4.3703e-16  1.45739e-29  5.78456e-17  1.87567e-30  7.26932e-18  2.29155e-31  8.66806e-19  2.65583e-32  9.80015e-20  2.91749e-33  1.04963e-20  3.03481e-34  1.06382e-21  2.98583e-35  1.01905e-22  2.77476e-36  9.21283e-24   2.4319e-37  7.84775e-25  2.00658e-38  6.28687e-26  1.55555e-39  4.72637e-27  1.13039e-40  3.32627e-28  7.67973e-42  2.18526e-29  4.86328e-43  1.33588e-30  2.86073e-44  7.57069e-32  1.55687e-45  3.96045e-33  7.80273e-47  1.90291e-34  3.58177e-48  8.34832e-36   1.4963e-49  3.32078e-37  5.64514e-51  1.18761e-38  1.90551e-52  3.77924e-40  5.68872e-54  1.05635e-41  1.48026e-55  2.55076e-43  3.29383e-57  5.20477e-45   6.1077e-59  8.70311e-47  9.09468e-61   1.1395e-48  1.02684e-62  1.08416e-50  7.94385e-65  6.47816e-53  3.34289e-67   1.5695e-55
  0.00011919  8.41009e-17 -0.000255064  1.04499e-16  -0.00296115  1.07801e-17  -0.00486738  1.54652e-16 -0.000316855  8.24204e-16    0.0107568  1.80911e-15    0.0224638  2.59002e-15    0.0288773  2.80531e-15    0.0282724  2.46709e-15    0.0227757  1.83514e-15    0.0157132  1.18572e-15    0.0095152  6.78017e-16   0.00514275  3.47907e-16   0.00251124  1.61914e-16   0.00111825  6.89247e-17  0.000457451  2.70207e-17  0.000172938  9.81027e-18  6.07168e-05  3.31392e-18  1.98784e-05   1.0456e-18  6.08986e-06  3.09155e-19  1.75087e-06  8.58946e-20  4.73589e-07  2.24777e-20  1.20771e-07  5.55127e-21  2.90878e-08  1.29601e-21  6.62676e-09  2.86419e-22  1.42981e-09  5.99896e-23  2.92477e-10  1.19189e-23  5.67682e-11  2.24804e-24  1.04617e-11   4.0274e-25  1.83142e-12  6.85603e-26  3.04657e-13  1.10931e-26  4.81665e-14  1.70613e-27  7.23773e-15  2.49418e-28  1.03357e-15  3.46513e-29  1.40231e-16   4.5735e-30  1.80697e-17  5.73211e-31  2.21019e-18  6.81795e-32  2.56444e-19  7.69027e-33  2.82019e-20  8.21834e-34  2.93672e-21  8.31219e-35  2.89231e-22  7.94684e-36  2.69056e-23  7.17127e-37  2.36042e-24   6.0982e-38  1.94947e-25  4.87743e-39  1.51269e-26  3.66124e-40  1.10025e-27  2.57302e-41  7.48167e-29  1.68816e-42  4.74202e-30  1.03071e-43  2.79181e-31  5.83447e-45  1.52066e-32  3.04887e-46  7.62762e-34  1.46343e-47  3.50427e-35  6.41419e-49  1.46512e-36  2.54917e-50   5.5319e-38  9.10912e-52  1.86876e-39  2.89652e-53  5.58332e-41   8.0905e-55  1.45394e-42  1.95233e-56  3.23771e-44  3.98131e-58  6.00809e-46  6.65366e-60   8.9529e-48  8.70724e-62  1.01156e-49  8.28055e-64  7.83126e-52  4.94581e-66  3.29783e-54   1.1978e-68
 2.55879e-17  0.000119122   9.5847e-17 -0.000900212  8.28198e-17  -0.00328914  7.50902e-17  -0.00302447  3.85648e-16   0.00319386  1.09364e-15    0.0131633  1.87743e-15    0.0214403  2.32363e-15    0.0242985  2.26713e-15    0.0217847  1.83514e-15    0.0163562  1.27307e-15     0.010623  7.73988e-16   0.00609539  4.19161e-16   0.00313621  2.04716e-16   0.00146313  9.10412e-17  0.000624283  3.71527e-17  0.000245295  1.40002e-17  8.92568e-05  4.89683e-18   3.0217e-05  1.59662e-18  9.55437e-06  4.87034e-19  2.83079e-06  1.39414e-19  7.88067e-07  3.75457e-20  2.06625e-07  9.53365e-21  5.11235e-08  2.28664e-21  1.19564e-08  5.18848e-22  2.64684e-09  1.11517e-22  5.55265e-10  2.27276e-23  1.10492e-10  4.39586e-24  2.08707e-11  8.07411e-25  3.74432e-12  1.40902e-25   6.3828e-13  2.33694e-26  1.03409e-13  3.68438e-27  1.59244e-14  5.52173e-28   2.3308e-15  7.86558e-29  3.24195e-16  1.06469e-29  4.28379e-17  1.36891e-30  5.37492e-18  1.67094e-31  6.39994e-19  1.93501e-32  7.22628e-20  2.12414e-33  7.73031e-21  2.20816e-34  7.82632e-22  2.17131e-35  7.48955e-23  2.01685e-36  6.76499e-24  1.76691e-37  5.75804e-25  1.45739e-38  4.60955e-26  1.12949e-39  3.46324e-27  8.20602e-41    2.436e-28  5.57417e-42  1.59964e-29  3.52954e-43  9.77494e-31  2.07607e-44  5.53786e-32  1.12984e-45  2.89627e-33   5.6628e-47  1.39132e-34  2.59969e-48  6.10301e-36  1.08618e-49  2.42743e-37  4.09857e-51  8.68089e-39  1.38376e-52  2.76249e-40  4.13213e-54  7.72201e-42  1.07552e-55  1.86482e-43  2.39399e-57  3.80567e-45   4.4407e-59  6.36479e-47  6.61495e-61  8.33526e-49  7.47169e-63  7.93249e-51   5.7828e-65  4.74129e-53  2.43461e-67  1.14907e-55
  5.5363e-05  4.41682e-17 -7.01331e-05  8.75526e-17  -0.00146564  7.51554e-17  -0.00286672  1.72589e-16 -0.000720444  5.81853e-16   0.00592988  1.21618e-15    0.0138241  1.74718e-15    0.0187754  1.91291e-15    0.0190437  1.69885e-15    0.0157132  1.27307e-15    0.0110184  8.26756e-16   0.00674452  4.74278e-16   0.00367017  2.43795e-16   0.00179924  1.13539e-16  0.000802681  4.83268e-17  0.000328475  1.89327e-17  0.000124092  6.86635e-18   4.3505e-05  2.31631e-18  1.42159e-05  7.29719e-19  4.34538e-06  2.15404e-19   1.2463e-06  5.97466e-20   3.3626e-07  1.56087e-20  8.55332e-08  3.84846e-21  2.05492e-08  8.97023e-22  4.67012e-09  1.97937e-22  1.00528e-09  4.13965e-23  2.05177e-10  8.21339e-24  3.97393e-11  1.54713e-24  7.30886e-12  2.76838e-25  1.27711e-12  4.70752e-26  2.12078e-13  7.60907e-27  3.34756e-14  1.16919e-27  5.02274e-15   1.7078e-28  7.16279e-16  2.37084e-29  9.70609e-17  3.12709e-30  1.24927e-17  3.91696e-31  1.52648e-18  4.65658e-32  1.76949e-19  5.25007e-33  1.94435e-20  5.60852e-34   2.0232e-21  5.67087e-35  1.99131e-22  5.42036e-36  1.85137e-23  4.89052e-37  1.62341e-24  4.15826e-38  1.34023e-25  3.32565e-39   1.0396e-26  2.49639e-40  7.55948e-28  1.75447e-41  5.13938e-29  1.15122e-42  3.25697e-30  7.02981e-44  1.91734e-31  3.98005e-45  1.04432e-32  2.08029e-46   5.2384e-34  9.98788e-48  2.40679e-35  4.37898e-49  1.00638e-36  1.74092e-50  3.80046e-38  6.22323e-52  1.28411e-39  1.97966e-53  3.83749e-41  5.53194e-55  9.99595e-43  1.33554e-56  2.22665e-44  2.72484e-58  4.13334e-46  4.55617e-60  6.16162e-48   5.9656e-62  6.96468e-50  5.67646e-64  5.39426e-52  3.39242e-66  2.27265e-54  8.22091e-69
 1.01703e-17  6.29358e-05  5.18508e-17 -0.000389787  7.19073e-17  -0.00169582  9.23963e-17   -0.0018315  2.79411e-16   0.00148392  7.03117e-16    0.0074794  1.18941e-15    0.0129188  1.47952e-15    0.0151665  1.45489e-15    0.0139224  1.18572e-15     0.010623  8.26756e-16   0.00697504  5.04395e-16   0.00403088  2.73751e-16   0.00208314  1.33851e-16  0.000974215  5.95485e-17  0.000416095  2.42963e-17  0.000163492  9.15011e-18  5.94481e-05  3.19763e-18  2.01013e-05  1.04149e-18  6.34618e-06  3.17326e-19  1.87702e-06   9.0724e-20  5.21588e-07  2.44026e-20    1.365e-07  6.18871e-21    3.371e-08  1.48258e-21  7.86947e-09   3.3602e-22  1.73903e-09  7.21435e-23  3.64209e-10  1.46883e-23  7.23588e-11  2.83829e-24  1.36476e-11  5.20878e-25  2.44507e-12  9.08282e-26   4.1627e-13  1.50539e-26  6.73621e-14  2.37191e-27  1.03623e-14  3.55283e-28  1.51524e-15  5.05858e-29  2.10574e-16   6.8446e-30   2.7803e-17  8.79757e-31   3.4861e-18  1.07359e-31  4.14845e-19  1.24302e-32   4.6817e-20  1.36434e-33  5.00609e-21  1.41821e-34  5.06647e-22  1.39453e-35  4.84709e-23  1.29538e-36  4.37723e-24  1.13496e-37  3.72513e-25  9.36275e-39  2.98186e-26  7.25758e-40  2.24025e-27  5.27402e-41  1.57581e-28  3.58351e-42  1.03486e-29  2.26978e-43  6.32451e-31  1.33555e-44  3.58369e-32  7.27117e-46  1.87465e-33  3.64586e-47  9.00783e-35  1.67451e-48  3.95246e-36  6.99968e-50  1.57259e-37   2.6426e-51  5.62594e-39  8.92679e-53  1.79104e-40  2.66718e-54  5.00871e-42  6.94635e-56  1.21014e-43  1.54713e-57  2.47084e-45  2.87164e-59  4.13451e-47  4.28046e-61  5.41747e-49  4.83812e-63  5.15864e-51  3.74712e-65  3.08518e-53   1.5787e-67  7.48167e-56
 2.38278e-05  1.83816e-17 -1.84106e-05  4.89493e-17 -0.000683297  6.25582e-17  -0.00149385   1.3043e-16 -0.000512451  3.64724e-16    0.0031219  7.31197e-16   0.00777819   1.0465e-15    0.0109385  1.15106e-15    0.0113521    1.028e-15    0.0095152  7.73988e-16   0.00674452  5.04395e-16   0.00415843  2.90034e-16   0.00227351  1.49301e-16    0.0011177  6.95816e-17  0.000499367  2.96223e-17  0.000204457  1.16026e-17   7.7227e-05  4.20594e-18  2.70574e-05  1.41791e-18  8.83294e-06  4.46344e-19  2.69682e-06  1.31645e-19  7.72485e-07  3.64828e-20  2.08144e-07  9.52291e-21  5.28737e-08    2.346e-21  1.26861e-08  5.46386e-22  2.87942e-09  1.20476e-22  6.19067e-10  2.51792e-23  1.26208e-10  4.99267e-24  2.44186e-11   9.3994e-25  4.48673e-12  1.68109e-25  7.83294e-13  2.85745e-26  1.29972e-13   4.6171e-27  2.05011e-14  7.09259e-28  3.07411e-15  1.03577e-28  4.38156e-16  1.43769e-29  5.93463e-17  1.89613e-30  7.63559e-18  2.37502e-31  9.32704e-19  2.82357e-32  1.08094e-19  3.18372e-33  1.18757e-20  3.40155e-34   1.2356e-21  3.44002e-35  1.21608e-22  3.28882e-36  1.13064e-23  2.96817e-37  9.91501e-25  2.52455e-38  8.18651e-26  2.01979e-39  6.35132e-27  1.51675e-40  4.61941e-28  1.06645e-41  3.14139e-29  7.00092e-43  1.99141e-30  4.27719e-44  1.17273e-31  2.42289e-45  6.38999e-33  1.26711e-46  3.20664e-34  6.08722e-48  1.47397e-35  2.67046e-49  6.16632e-37  1.06235e-50  2.32983e-38   3.8001e-52  7.87642e-40  1.20967e-53  2.35518e-41  3.38268e-55  6.13848e-43  8.17251e-57  1.36823e-44  1.66864e-58   2.5415e-46  2.79224e-60  3.79117e-48  3.65885e-62  4.28824e-50  3.48427e-64  3.32366e-52  2.08399e-66   1.4013e-54  5.05433e-69
  3.1641e-18  2.85071e-05  2.25312e-17 -0.000165747  4.17377e-17 -0.000805267  6.60757e-17 -0.000945827   1.7355e-16  0.000715047  4.05659e-16   0.00396056  6.75107e-16   0.00707265  8.39636e-16   0.00848458  8.28682e-16   0.00790589  6.78017e-16   0.00609539  4.74278e-16   0.00403088  2.90034e-16   0.00234058  1.57659e-16   0.00121329  7.71602e-17  0.000568428  3.43432e-17  0.000242995  1.40137e-17  9.55011e-05   5.2768e-18  3.47184e-05  1.84344e-18  1.17334e-05  6.00152e-19  3.70172e-06  1.82764e-19  1.09395e-06  5.22242e-20  3.03718e-07  1.40394e-20  7.94108e-08  3.55867e-21  1.95937e-08   8.5211e-22   4.5701e-09  1.93041e-22   1.0091e-09  4.14295e-23  2.11178e-10  8.43214e-24  4.19267e-11  1.62893e-24   7.9029e-12  2.98873e-25   1.4151e-12  5.21078e-26  2.40807e-13  8.63555e-27  3.89528e-14  1.36057e-27  5.99019e-15  2.03801e-28    8.757e-16  2.90196e-29  1.21675e-16  3.92706e-30  1.60635e-17  5.04848e-31  2.01403e-18   6.1622e-32  2.39672e-19  7.13669e-33  2.70498e-20  7.83576e-34  2.89277e-21  8.14812e-35  2.92817e-22   8.0153e-36  2.80202e-23  7.44874e-37  2.53109e-24  6.52941e-38  2.15471e-25  5.38918e-39  1.72541e-26  4.17974e-40  1.29681e-27  3.03914e-41  9.12582e-29  2.06625e-42  5.99591e-30  1.30958e-43  3.66626e-31  7.71078e-45  2.07855e-32  4.20089e-46  1.08793e-33  2.10788e-47  5.23069e-35  9.68842e-49  2.29656e-36  4.05294e-50  9.14344e-38   1.5313e-51  3.27327e-39  5.17688e-53  1.04279e-40  1.54802e-54  2.91829e-42  4.03496e-56  7.05598e-44  8.99444e-58  1.44177e-45   1.6709e-59  2.41442e-47  2.49281e-61  3.16613e-49  2.82006e-63   3.0173e-51  2.18609e-65  1.80601e-53  9.21857e-68  4.38332e-56
