  0.00818536 -4.10451e-19   -0.0196959  3.32933e-18   0.00350088 -1.24145e-17   0.00402361  1.25794e-17   0.00119662 -4.16332e-18  0.000131846  2.23349e-19 -2.34849e-05  2.67004e-19 -1.18381e-05  1.59271e-19 -2.12737e-06 -1.33119e-21 -1.90637e-07 -3.75603e-21 -6.10598e-09
-4.10451e-19    0.0372032  4.54727e-19   -0.0429784  2.23019e-18  -0.00577785 -2.32063e-17   0.00538652  1.61843e-17   0.00310275 -5.11843e-18  0.000849463 -2.42563e-19   0.00013994  6.07891e-19  1.35526e-05  2.45755e-19  6.14221e-07 -5.12833e-21  6.25985e-10 -2.79642e-21
  -0.0196959  4.54727e-19    0.0788134  7.50405e-18    -0.050196  -7.6936e-18   -0.0231175 -2.95068e-17 -0.000226473   7.9502e-18   0.00275647 -6.83339e-18   0.00115337 -1.14781e-18  0.000257886  6.80573e-19  3.50983e-05  1.89045e-19  2.70837e-06 -1.06361e-20  7.95663e-08
 3.32933e-18   -0.0429784  7.50405e-18     0.106894  2.48753e-17   -0.0348069  -1.8566e-17    -0.035249 -3.18288e-17  -0.00967357  -7.6311e-18 -0.000445477 -1.08439e-17  0.000464032 -2.30636e-18  0.000150412  3.45246e-19  2.17254e-05  5.26307e-20  1.41008e-06 -1.04213e-20
  0.00350088  2.23019e-18    -0.050196  2.48753e-17     0.110606  5.13048e-17  -0.00878938 -1.50028e-17   -0.0344824  -2.9799e-17   -0.0157717 -2.13372e-17  -0.00373831 -1.44469e-17 -0.000495622 -3.07343e-18 -2.93904e-05 -9.42793e-20  4.07392e-07 -3.48685e-20  8.15098e-08
-1.24145e-17  -0.00577785  -7.6936e-18   -0.0348069  5.13048e-17     0.101741  8.33648e-17    0.0161962  9.32349e-18    -0.022387 -2.11026e-17    -0.014606 -2.64061e-17  -0.00449984 -1.44856e-17 -0.000831269 -2.94538e-18 -9.18457e-05 -2.95961e-19 -5.07398e-06 -3.62231e-20
  0.00402361 -2.32063e-17   -0.0231175  -1.8566e-17  -0.00878938  8.33648e-17    0.0943969  1.19365e-16    0.0366942  4.55794e-17  -0.00495902 -7.16577e-18  -0.00787486 -2.25913e-17  -0.00284344  -1.1065e-17 -0.000538326 -2.11865e-18 -5.37095e-05 -2.35645e-19 -1.93547e-06
 1.25794e-17   0.00538652 -2.95068e-17    -0.035249 -1.50028e-17    0.0161962  1.19365e-16    0.0926401  1.54723e-16    0.0518198  7.65162e-17    0.0108609  5.52633e-18 -0.000429873  -1.4716e-17 -0.000714574 -6.65211e-18 -0.000150238 -1.16251e-18 -1.22112e-05 -9.52849e-20
  0.00119662  1.61843e-17 -0.000226473 -3.18288e-17   -0.0344824  9.32349e-18    0.0366942  1.54723e-16    0.0926406  1.76671e-16    0.0588898  8.73715e-17    0.0195451  1.11611e-17   0.00381748 -7.74175e-18  0.000430981 -3.24352e-18  2.44395e-05 -4.73069e-19  4.27264e-07
-4.16332e-18   0.00310275   7.9502e-18  -0.00967357  -2.9799e-17    -0.022387  4.55794e-17    0.0518198  1.76671e-16    0.0881065  1.70908e-16    0.0554209  7.51057e-17     0.019625  9.63478e-18   0.00427205 -3.53274e-18  0.000555232 -1.29604e-18   3.5694e-05 -1.24966e-19
 0.000131846 -5.11843e-18   0.00275647  -7.6311e-18   -0.0157717 -2.11026e-17  -0.00495902  7.65162e-17    0.0588898  1.70908e-16    0.0750126  1.35817e-16    0.0429258  4.96564e-17    0.0141311  5.21827e-18   0.00277583 -1.49109e-18  0.000297717 -4.07564e-19   1.1638e-05
 2.23349e-19  0.000849463 -6.83339e-18 -0.000445477 -2.13372e-17    -0.014606 -7.16577e-18    0.0108609  8.73715e-17    0.0554209  1.35817e-16    0.0547707  8.66557e-17    0.0270467  2.51041e-17   0.00768626  1.76155e-18   0.00123907 -5.70698e-19  9.43411e-05 -8.63473e-20
-2.34849e-05 -2.42563e-19   0.00115337 -1.08439e-17  -0.00373831 -2.64061e-17  -0.00787486  5.52633e-18    0.0195451  7.51057e-17    0.0429258  8.66557e-17      0.03331  4.34734e-17    0.0136885  9.46574e-18   0.00318531  2.63614e-19  0.000388905 -1.74599e-19  1.67542e-05
 2.67004e-19   0.00013994 -1.14781e-18  0.000464032 -1.44469e-17  -0.00449984 -2.25913e-17 -0.000429873  1.11611e-17     0.019625  4.96564e-17    0.0270467  4.34734e-17    0.0165151  1.67175e-17   0.00548405  2.51927e-18  0.000994407 -5.91416e-20  8.27486e-05 -3.43694e-20
-1.18381e-05  6.07891e-19  0.000257886 -2.30636e-18 -0.000495622 -1.44856e-17  -0.00284344  -1.4716e-17   0.00381748  9.63478e-18    0.0141311  2.51041e-17    0.0136885  1.67175e-17   0.00655043  4.73552e-18   0.00170672  4.09735e-19  0.000226972 -4.13214e-20  1.04298e-05
 1.59271e-19  1.35526e-05  6.80573e-19  0.000150412 -3.07343e-18 -0.000831269  -1.1065e-17 -0.000714574 -7.74175e-18   0.00427205  5.21827e-18   0.00768626  9.46574e-18   0.00548405  4.73552e-18   0.00203646  9.13517e-19  0.000401626  1.67409e-20  3.56223e-05 -8.86624e-21
-2.12737e-06  2.45755e-19  3.50983e-05  3.45246e-19 -2.93904e-05 -2.94538e-18 -0.000538326 -6.65211e-18  0.000430981 -3.53274e-18   0.00277583  1.76155e-18   0.00318531  2.51927e-18   0.00170672  9.13517e-19  0.000483453  9.52505e-20  6.85051e-05 -8.39078e-21  3.30409e-06
-1.33119e-21  6.14221e-07  1.89045e-19  2.17254e-05 -9.42793e-20 -9.18457e-05 -2.11865e-18 -0.000150238 -3.24352e-18  0.000555232 -1.49109e-18   0.00123907  2.63614e-19  0.000994407  4.09735e-19  0.000401626  9.52505e-20  8.43887e-05 -1.99811e-21  7.85675e-06 -1.72107e-21
-1.90637e-07 -5.12833e-21  2.70837e-06  5.26307e-20  4.07392e-07 -2.95961e-19 -5.37095e-05 -1.16251e-18  2.44395e-05 -1.29604e-18  0.000297717 -5.70698e-19  0.000388905 -5.91416e-20  0.000226972  1.67409e-20  6.85051e-05 -1.99811e-21  1.01897e-05 -2.03059e-21  5.10167e-07
-3.75603e-21  6.25985e-10 -1.06361e-20  1.41008e-06 -3.48685e-20 -5.07398e-06 -2.35645e-19 -1.22112e-05 -4.73069e-19   3.5694e-05 -4.07564e-19  9.43411e-05 -1.74599e-19  8.27486e-05 -4.13214e-20  3.56223e-05 -8.39078e-21  7.85675e-06 -2.03059e-21  7.59369e-07 -2.21577e-22
-6.10598e-09 -2.79642e-21  7.95663e-08 -1.04213e-20  8.15098e-08 -3.62231e-20 -1.93547e-06 -9.52849e-20  4.27264e-07 -1.24966e-19   1.1638e-05 -8.63473e-20  1.67542e-05 -3.43694e-20  1.04298e-05 -8.86624e-21  3.30409e-06 -1.72107e-21  5.10167e-07 -2.21577e-22  2.62941e-08
