 1.76475e-34  4.43394e-49   -1.525e-32  1.08991e-47   5.2755e-31 -7.64946e-46 -1.11372e-29  1.82429e-44  1.65707e-28 -3.03018e-43 -1.86924e-27  3.73377e-42   1.6701e-26 -3.59689e-41 -1.21628e-25  2.78507e-40  7.36448e-25 -1.75965e-39 -3.76002e-24  9.11939e-39  1.63509e-23 -3.83809e-38 -6.09886e-23  1.25798e-37  1.96015e-22  -2.7405e-37 -5.44131e-22  1.16712e-38  1.30506e-21  3.55909e-36 -2.69926e-21 -2.21794e-35  4.79262e-21  9.32121e-35 -7.24628e-21 -3.15027e-34   9.2059e-21  9.05862e-34 -9.60776e-21 -2.27415e-33  7.90105e-21  5.05457e-33 -4.66096e-21 -1.00284e-32  1.39114e-21  1.78505e-32  5.29708e-22 -2.85982e-32 -8.36137e-22  4.13381e-32  3.23419e-22 -5.40591e-32  9.63365e-23  6.42523e-32 -1.35817e-22  -7.0014e-32  1.97118e-23  7.10369e-32  3.08404e-23 -6.86994e-32 -1.15983e-23  6.50131e-32 -5.57564e-24 -6.11403e-32  3.22136e-24  5.66726e-32  9.99839e-25 -5.02956e-32 -6.64515e-25  4.12469e-32 -2.01947e-25 -3.02806e-32  1.06025e-25   1.9359e-32  4.20897e-26 -1.04622e-32 -1.14747e-26  4.56222e-33 -7.47948e-27 -1.43712e-33  3.38801e-28  1.87695e-34  9.50195e-28  1.20257e-34  1.39109e-28 -1.04116e-34 -6.70129e-29  4.23656e-35 -2.61714e-29 -8.16051e-36 -1.05356e-31  -2.0735e-36  1.86437e-30  2.74061e-36  4.07171e-31 -1.52443e-36  -1.8092e-32  6.28136e-37 -2.37169e-32 -2.12859e-37 -4.11291e-33   6.0095e-38  5.08908e-35 -1.27586e-38  1.34719e-34   1.1264e-39  2.25228e-35  4.52481e-40  9.92326e-37  -2.2938e-40 -2.23865e-37  5.19936e-41 -4.32162e-38 -6.33929e-42 -3.06543e-39 -7.17307e-44 -1.54524e-41   1.7114e-43  1.07032e-41  -1.9927e-44  9.22973e-43 -1.29036e-46  2.38736e-44   1.3076e-46  1.09885e-46 -4.97307e-48
 4.43394e-49  2.17879e-32 -3.75684e-49 -1.08824e-30  9.87028e-46   2.8756e-29 -3.74008e-44 -5.05414e-28  7.82862e-43  6.52813e-27 -1.15745e-41 -6.55151e-26  1.29595e-40  5.29129e-25 -1.15006e-39 -3.52179e-24  8.30448e-39  1.96425e-23 -4.95678e-38 -9.29053e-23  2.46439e-37  3.75815e-22 -1.01861e-36 -1.30768e-21  3.43843e-36   3.9277e-21 -8.94719e-36 -1.01976e-20  1.42171e-35  2.28704e-20  1.28271e-35 -4.41717e-20 -2.09676e-34   7.3029e-20  1.00847e-33 -1.02307e-19 -3.50448e-33  1.19412e-19  1.00029e-32 -1.12765e-19 -2.45428e-32  8.12816e-20   5.2883e-32 -3.83205e-20 -1.01219e-31  3.77821e-21  1.73175e-31  1.04841e-20 -2.65728e-31 -8.04507e-21  3.66302e-31  1.10069e-21 -4.54169e-31  1.93656e-21  5.07701e-31 -1.06822e-21 -5.14946e-31 -1.98762e-22   4.8092e-31  3.29796e-22 -4.25356e-31 -1.30155e-23   3.7084e-31 -7.58343e-23 -3.29276e-31  9.38673e-24  2.96844e-31  1.54657e-23 -2.60966e-31 -1.85221e-24  2.12744e-31 -2.90771e-24 -1.54352e-31  1.20359e-25  9.65443e-32  4.75624e-25 -5.03636e-32  4.01018e-26   2.0725e-32 -5.92684e-26  -5.7672e-33 -1.46534e-26  2.47431e-34   4.2203e-27  8.34575e-34  2.34397e-27 -5.57488e-34  6.76317e-29  1.95258e-34 -1.87292e-28 -2.14057e-35 -4.50189e-29 -2.27921e-35  3.17974e-30  2.02107e-35   3.4104e-30  -1.0475e-35  5.55636e-31  4.13404e-36 -4.13665e-32 -1.32052e-36 -3.04164e-32  3.41246e-37 -4.48851e-33 -6.23905e-38  2.82001e-35   2.0756e-39  1.08097e-34  3.44078e-39  1.68522e-35  -1.2915e-39   8.4307e-37  2.38397e-40 -7.87541e-38 -2.05875e-41 -1.57946e-38  -1.8597e-42 -1.00408e-39  7.71191e-43 -2.61922e-41 -6.14564e-44  9.59247e-43 -1.19804e-45  5.43739e-44  2.60706e-46   6.4552e-46
  -1.525e-32 -3.75684e-49  1.34662e-30 -4.08906e-46 -4.69261e-29  4.00163e-44  9.97838e-28 -1.19526e-42 -1.49586e-26  2.19381e-41  1.70073e-25 -2.90429e-40 -1.53212e-24  2.96351e-39  1.12547e-23  -2.4253e-38 -6.87672e-23  1.63092e-37  3.54461e-22 -9.14959e-37 -1.55697e-21  4.31822e-36  5.86935e-21 -1.71673e-35 -1.90767e-20   5.6981e-35  5.35921e-20 -1.53271e-34 -1.30186e-19  3.04269e-34  2.72985e-19 -2.66438e-34  -4.9198e-19 -1.08974e-33  7.56204e-19  7.25881e-33 -9.78722e-19 -2.67133e-32  1.04396e-18  7.62565e-32 -8.82483e-19 -1.83236e-31  5.42486e-19  3.82978e-31  -1.8027e-19 -7.07396e-31 -4.68583e-20  1.16404e-30  9.49095e-20 -1.71264e-30 -4.20957e-20  2.25517e-30 -8.14312e-21 -2.65654e-30  1.61246e-20  2.79853e-30 -3.40591e-21  -2.6433e-30 -3.40222e-21  2.26377e-30  1.63671e-21 -1.81072e-30  5.58802e-22  1.43002e-30 -4.40775e-22  -1.1853e-30 -9.22892e-23  1.04121e-30  9.22221e-23  -9.1442e-31  1.90978e-23  7.45474e-31 -1.55706e-23 -5.34799e-31 -4.44589e-24  3.25527e-31  1.93559e-24 -1.61772e-31  8.93384e-25  6.08207e-32 -1.20306e-25 -1.30636e-32 -1.28987e-25 -2.45911e-33 -1.03696e-26  4.05891e-33  1.10075e-26 -2.15851e-33  3.19571e-27  6.17101e-34 -2.32126e-28  1.96071e-35 -2.84397e-28 -1.43526e-34 -4.60965e-29  1.03513e-34  6.42545e-30 -5.00082e-35   3.6613e-30  1.86245e-35   4.7621e-31 -5.54287e-36 -4.05537e-32  1.30367e-36 -2.24453e-32 -2.01151e-37 -2.97228e-33 -7.08908e-39 -2.51873e-35  1.58759e-38  4.61365e-35 -4.79184e-39  6.64776e-36  7.18116e-40  3.65315e-37 -3.69492e-41  -8.4905e-39 -9.29379e-42 -2.36734e-39  2.17151e-42 -1.44949e-40 -1.15291e-43 -2.54375e-42 -3.45559e-45  4.67312e-45  2.49365e-46
 1.08991e-47 -1.08824e-30 -4.08906e-46   5.4759e-29  -1.7024e-44 -1.45745e-27  1.13527e-42  2.58095e-26 -2.87405e-41 -3.35998e-25  4.67102e-40  3.39989e-24 -5.58014e-39  -2.7697e-23  5.20991e-38  1.86022e-22  -3.9396e-37 -1.04743e-21  2.46706e-36  5.00391e-21 -1.29782e-35  -2.0456e-20  5.78349e-35  7.19762e-20 -2.18895e-34 -2.18757e-19  7.00187e-34  5.75164e-19 -1.85797e-33 -1.30748e-18  3.87723e-33  2.56239e-18 -5.22347e-33 -4.30461e-18  -1.7649e-33  6.13861e-18  4.00757e-32 -7.31256e-18 -1.62369e-31  7.07746e-18  4.65951e-31 -5.27235e-18  -1.0961e-30  2.63387e-18  2.21928e-30 -3.90791e-19 -3.95158e-30 -6.29497e-19   6.2509e-30  5.49034e-19 -8.82067e-30    -1.07e-19  1.11067e-29 -1.18576e-19 -1.24527e-29  7.87918e-20  1.23907e-29  7.63829e-21 -1.09182e-29 -2.29916e-20  8.56086e-30   2.6286e-21 -6.12852e-30  5.12458e-21  4.29223e-30 -1.06997e-21 -3.26537e-30 -1.03896e-21  2.80354e-30  2.20313e-22 -2.48674e-30  2.01043e-22   2.0364e-30 -2.56877e-23 -1.43728e-30 -3.50559e-23    8.386e-31 -2.89891e-25 -3.84225e-31  4.84037e-24  1.20174e-31   8.1304e-25 -7.59216e-33   -4.247e-25 -2.02384e-32 -1.67553e-25  1.60043e-32  7.73623e-27 -6.92376e-33  1.62781e-26  1.45013e-33  2.85385e-27  4.63493e-34 -5.23784e-28 -6.73042e-34 -2.89058e-28  4.21994e-34 -3.33235e-29  -1.8957e-34  6.61126e-30   6.6005e-35  2.68643e-30 -1.81717e-35  2.97085e-31  3.86738e-36 -2.18516e-32  -4.8518e-37 -1.07854e-32 -6.39038e-38 -1.31914e-33  5.41447e-38 -3.12628e-35 -1.35903e-38  1.08428e-35  1.62468e-39  1.50225e-36 -2.53343e-41  7.95621e-38  -2.7862e-41  7.03837e-40  4.43144e-42 -1.48589e-40 -1.46657e-43 -5.32493e-42 -5.43181e-45  -4.5444e-44
  5.2755e-31  9.87028e-46 -4.69261e-29  -1.7024e-44   1.6471e-27 -4.68207e-43 -3.52883e-26  2.52336e-41  5.33184e-25  -5.5607e-40 -6.11213e-24  8.08292e-39  5.55382e-23   -8.772e-38 -4.11675e-22  7.52282e-37  2.53933e-21 -5.26717e-36 -1.32201e-20  3.07334e-35  5.86818e-20 -1.51448e-34 -2.23678e-19  6.35335e-34  7.35584e-19 -2.27586e-33  -2.0924e-18  6.93955e-33  5.15105e-18 -1.77704e-32 -1.09571e-17   3.6819e-32  2.00571e-17 -5.48753e-32 -3.13628e-17  2.55402e-32  4.13842e-17   1.8242e-31 -4.51521e-17 -8.47657e-31  3.92651e-17  2.44182e-30 -2.51592e-17 -5.59825e-30  9.22526e-18  1.09361e-29  1.44511e-18 -1.87146e-29 -4.25592e-18  2.84041e-29  2.15869e-18 -3.84077e-29   2.1733e-19  4.62521e-29 -7.53679e-19 -4.94158e-29   2.1356e-19   4.6546e-29  1.44579e-19 -3.83712e-29 -8.96153e-20    2.758e-29 -2.02339e-20 -1.75458e-29  2.34763e-20  1.06377e-29   2.7549e-21 -7.24242e-30 -4.96443e-21  6.09694e-30 -5.85944e-22 -5.52109e-30  8.79294e-22  4.52571e-30  1.67013e-22 -3.08047e-30 -1.21506e-22  1.65142e-30 -4.00929e-23 -6.28938e-31  1.03809e-23  9.46045e-32  6.70946e-24  8.71676e-32  5.06336e-26 -9.53467e-32 -6.81237e-25  5.41057e-32 -1.43611e-25  -1.9206e-32  2.68691e-26  2.18976e-33  1.65117e-26  2.67471e-33   1.7792e-27 -2.57427e-33 -5.82544e-28  1.44356e-33 -2.14204e-28 -6.01723e-34 -1.86565e-29  1.94824e-34   4.3229e-30 -4.93944e-35  1.41498e-30   9.4481e-36  1.41428e-31 -8.97978e-37 -6.52779e-33  -2.6231e-37 -3.41909e-33  1.48104e-37 -3.87957e-34  -3.1307e-38 -1.39129e-35  2.88318e-39  1.29926e-36  6.88486e-41  1.76388e-37 -6.00879e-41  8.37623e-39  6.92119e-42  1.09822e-40 -1.25448e-43 -1.31964e-42 -4.71692e-45
-7.64946e-46   2.8756e-29  4.00163e-44 -1.45745e-27 -4.68207e-43  3.90839e-26 -1.00972e-41 -6.97584e-25  4.62601e-40  9.15639e-24 -9.01411e-39 -9.34523e-23  1.18186e-37  7.68198e-22 -1.17168e-36 -5.20849e-21  9.26197e-36  2.96201e-20 -6.01687e-35 -1.42992e-19  3.27401e-34  5.91032e-19  -1.5107e-33 -2.10396e-18  5.95512e-33  6.47408e-18 -2.01129e-32 -1.72475e-17  5.80546e-32  3.97649e-17 -1.41605e-31 -7.91286e-17  2.83179e-31  1.35164e-16 -4.24903e-31 -1.96356e-16  3.05036e-31  2.38916e-16  7.48411e-31 -2.37188e-16 -4.02464e-30  1.82735e-16  1.14734e-29 -9.66212e-17 -2.53709e-29  1.90079e-17  4.74592e-29  1.97083e-17 -7.76316e-29 -1.98934e-17  1.12624e-28  5.07083e-18 -1.45586e-28   3.7563e-18  1.67493e-28 -3.06342e-18 -1.70566e-28 -3.96953e-20  1.52364e-28  8.41584e-19 -1.17949e-28 -1.64763e-19  7.81136e-29 -1.79867e-19  -4.4214e-29  5.59887e-20  2.27774e-29  3.58915e-20 -1.34074e-29 -1.18344e-20  1.10088e-29 -7.13481e-21 -1.01322e-29  1.68439e-21  8.05504e-30  1.33122e-21 -4.93522e-30 -1.05026e-22  2.05888e-30 -2.03475e-22 -2.59935e-31 -1.84806e-23 -4.61157e-31  2.11195e-23  5.27032e-31  5.99917e-24  -3.4826e-31 -8.95242e-25  1.61096e-31 -7.21437e-25 -4.64909e-32 -8.17994e-26 -6.29967e-34  3.37964e-26  1.09007e-32  1.24545e-26 -8.38169e-33  8.02227e-28  4.26139e-33 -4.28108e-28  -1.6463e-33 -1.20368e-28  4.94409e-34 -8.66678e-30 -1.15134e-34  1.89686e-30  1.96293e-35  5.39513e-31 -1.21026e-36  5.06007e-32 -7.79101e-37 -7.56969e-34  3.39361e-37 -6.84866e-34 -6.04917e-38 -7.22042e-35  4.03129e-39 -2.88231e-36  2.93396e-40  4.63993e-38 -9.96523e-41  9.24158e-39  8.43233e-42  2.76121e-40 -6.35491e-44  2.11596e-42
-1.11372e-29 -3.74008e-44  9.97838e-28  1.13527e-42 -3.52883e-26 -1.00972e-41  7.61999e-25 -1.80825e-40 -1.16083e-23  7.21631e-39  1.34221e-22 -1.25759e-37 -1.23064e-21  1.49771e-36  9.20861e-21 -1.36274e-35 -5.73671e-20  9.96011e-35  3.01788e-19 -6.01525e-34 -1.35437e-18  3.05534e-33  5.22261e-18 -1.32008e-32 -1.73869e-17  4.88388e-32  5.01068e-17 -1.55094e-31 -1.25082e-16  4.21604e-31  2.70084e-16 -9.70449e-31 -5.02496e-16   1.8388e-30   7.9993e-16 -2.64778e-30 -1.07699e-15   2.0029e-30  1.20291e-15  3.22427e-30 -1.07699e-15 -1.82874e-29  7.19502e-16   5.0014e-29 -2.88998e-16  -1.0487e-28 -1.91537e-17  1.85709e-28   1.1639e-16 -2.87962e-28 -6.75571e-17  3.96896e-28 -1.06573e-18 -4.88383e-28  2.13971e-17  5.35334e-28  -7.8039e-18 -5.19086e-28  -3.6004e-18  4.40312e-28  2.95575e-18 -3.21694e-28  3.65445e-19  1.98517e-28 -7.53177e-19  -1.0191e-28 -2.13847e-20  4.53007e-29  1.60322e-19 -2.25018e-29  4.86408e-21   1.7064e-29 -2.96085e-20  -1.4675e-29  -2.9804e-21  9.69733e-30  4.46929e-21 -3.45536e-30  1.00684e-21 -1.14395e-30 -4.66329e-22  3.02442e-30 -2.04622e-22 -2.92383e-30  1.67443e-23  2.01427e-30  2.47461e-23 -1.07661e-30  3.44303e-24  4.28479e-31 -1.39144e-24 -9.70186e-32 -5.61638e-25 -1.97317e-32 -2.72432e-26  3.62107e-32  2.76144e-26 -2.37986e-32  7.29715e-27  1.10484e-32  2.77278e-28 -3.95503e-33 -2.23968e-28  1.10129e-33 -5.19632e-29 -2.35329e-34 -3.42799e-30  3.53893e-35  5.53553e-31 -8.34603e-37   1.4549e-31 -1.86966e-36  1.29208e-32  6.68694e-37  1.33607e-34 -9.98892e-38 -7.92386e-35  4.26604e-39 -7.53184e-36  6.34123e-40 -2.82276e-37 -1.30569e-40  -1.5359e-39  7.96696e-42  1.08251e-40 -9.65351e-45
 1.82429e-44 -5.05414e-28 -1.19526e-42  2.58095e-26  2.52336e-41 -6.97584e-25 -1.80825e-40  1.25535e-23 -2.77165e-39 -1.66198e-22  9.78678e-38  1.71159e-21 -1.53894e-36 -1.42029e-20  1.67442e-35   9.7255e-20 -1.40388e-34 -5.58855e-19  9.51347e-34  2.72755e-18 -5.35119e-33 -1.14045e-17  2.53979e-32  4.10956e-17 -1.02767e-31 -1.28099e-16  3.56542e-31  3.45998e-16 -1.06226e-30 -8.09564e-16  2.70789e-30  1.63682e-15 -5.83571e-30 -2.84497e-15  1.03166e-29  4.21353e-15 -1.37396e-29 -5.24087e-15  9.13744e-30  5.34142e-15  1.67155e-29 -4.25872e-15 -8.24654e-29  2.38098e-15  2.07437e-28 -5.80961e-16 -4.03586e-28 -4.00405e-16   6.6653e-28  4.81077e-16 -9.68559e-28 -1.53029e-16  1.25691e-27 -7.62034e-17 -1.46202e-27  7.89793e-17   1.5192e-27 -5.45895e-18 -1.39884e-27 -2.02657e-17  1.12785e-27  5.84986e-18 -7.83945e-28  4.08087e-18  4.61062e-28 -1.81433e-18 -2.26385e-28  -7.8773e-19  9.61491e-29  3.90949e-19 -4.29195e-29  1.60527e-19   2.4525e-29 -6.22195e-20 -1.17457e-29 -3.23749e-20 -2.83618e-30  6.12161e-21  1.42393e-29  5.51681e-21 -1.81584e-29  4.49903e-23  1.57716e-29 -6.65868e-22 -1.08568e-29 -1.29799e-22  6.22299e-30  4.14963e-23 -2.92964e-30  2.04254e-23  1.02623e-30  9.56352e-25 -1.67537e-31 -1.27964e-24 -9.07851e-32 -3.38828e-25   1.0328e-31 -7.90499e-28 -5.98447e-32  1.63991e-26  2.54665e-32  3.39957e-27 -8.45184e-33  8.71438e-29  2.18591e-33 -8.48341e-29  -4.2897e-34 -1.70692e-29  5.61382e-35 -1.10966e-30  1.19863e-36  9.98969e-32 -3.80141e-36  2.63427e-32  1.15233e-36   2.1779e-33  -1.4253e-37  5.30364e-35  2.85594e-39  -4.1933e-36  9.83178e-40 -3.65369e-37 -1.35819e-40 -9.16336e-39  5.61207e-42 -5.26948e-41
 1.65707e-28  7.82862e-43 -1.49586e-26 -2.87405e-41  5.33184e-25  4.62601e-40 -1.16083e-23 -2.77165e-39  1.78368e-22 -3.70938e-38 -2.08101e-21  1.17222e-36  1.92609e-20  -1.6751e-35 -1.45556e-19   1.6732e-34  9.16222e-19 -1.29716e-33 -4.87274e-18   8.1704e-33  2.21204e-17 -4.28769e-32 -8.63386e-17  1.90351e-31  2.91146e-16 -7.21513e-31 -8.50556e-16  2.34593e-30  2.15438e-15 -6.54462e-30  -4.7252e-15  1.55824e-29  8.94181e-15  -3.1197e-29 -1.45027e-14  5.06364e-29  1.99388e-14  -5.9819e-29 -2.28174e-14  2.66386e-29  2.10498e-14  9.89851e-29 -1.46663e-14  -3.7236e-28  6.41453e-15  8.30217e-28 -9.26938e-17 -1.46676e-27 -2.23626e-15  2.22136e-27  1.49213e-15 -2.98102e-27 -9.57692e-17  3.59552e-27 -4.24602e-16 -3.90956e-27  1.95458e-16  3.81697e-27  5.86779e-17 -3.31987e-27 -6.79572e-17  2.54862e-27 -1.90368e-18 -1.71232e-27  1.67911e-17  1.00359e-27 -1.05767e-18 -5.20353e-28 -3.57875e-18   2.5047e-28  2.23326e-19 -1.15808e-28  6.86007e-19  3.68982e-29  6.78392e-21  2.50944e-29  -1.1207e-19 -6.96317e-29 -1.47629e-20  8.60072e-29  1.35943e-20 -7.62015e-29  4.13288e-21  5.40077e-29  -8.5914e-22 -3.23535e-29 -6.09044e-22  1.67013e-29 -4.02336e-23 -7.16836e-30  4.47046e-23  2.22328e-30  1.27443e-23 -2.10208e-31 -3.28152e-25 -2.96532e-31 -8.47047e-25   2.5954e-31 -1.63799e-25 -1.34715e-31  4.58052e-27  5.26486e-32   7.3345e-27 -1.62231e-32  1.26721e-27  3.91345e-33  3.11178e-29 -7.07379e-34 -2.28874e-29   7.9132e-35 -4.13335e-30  6.01227e-36 -2.69575e-31 -6.71647e-36  8.83175e-33   1.7559e-36  2.92488e-33 -1.76788e-37  2.14006e-34 -2.54257e-40  5.95657e-36  1.18079e-39 -5.13573e-38 -1.10459e-40  -4.6978e-39   2.5927e-42
-3.03018e-43  6.52813e-27  2.19381e-41 -3.35998e-25  -5.5607e-40  9.15639e-24  7.21631e-39 -1.66198e-22 -3.70938e-38   2.2202e-21 -4.39792e-37  -2.3081e-20   1.2549e-35  1.93428e-19 -1.63918e-34 -1.33828e-18  1.50937e-33  7.77422e-18 -1.08528e-32 -3.83794e-17  6.36805e-32   1.6242e-16 -3.12285e-31 -5.92779e-16  1.29807e-30   1.8729e-15 -4.61056e-30 -5.13206e-15  1.40407e-29  1.21944e-14 -3.66086e-29 -2.50688e-14   8.1073e-29  4.43699e-14 -1.49482e-28 -6.70486e-14  2.18299e-28  8.53241e-14 -2.14022e-28 -8.93513e-14  2.67797e-30  7.37753e-14   5.8072e-28  -4.3575e-14 -1.65634e-27  1.26593e-14  3.21317e-27  5.71791e-15 -5.07247e-27 -8.57005e-15  6.92888e-27  3.30918e-15 -8.43494e-27  1.05876e-15  9.27913e-27 -1.49081e-15 -9.25619e-27  2.27265e-16  8.35063e-27  3.52439e-16 -6.79208e-27 -1.41331e-16  4.99326e-27 -6.48373e-17 -3.36479e-27  4.13608e-17  2.13619e-27  1.16885e-17 -1.31397e-27 -9.04304e-18  7.72239e-28 -2.43446e-18 -3.75498e-28  1.55421e-18  5.51025e-29  5.44072e-19  1.82824e-28 -1.89593e-19 -3.04996e-28 -1.05525e-19  3.09118e-28  9.58337e-21 -2.39209e-28  1.48003e-20  1.52557e-28   1.6652e-21 -8.38638e-29 -1.19779e-21  4.02082e-29 -4.02732e-22 -1.59785e-29  1.42266e-23  4.36563e-30  3.30117e-23  -6.7068e-32  6.24368e-24 -8.00343e-31   -5.506e-25  5.83478e-31 -4.28683e-25 -2.73579e-31 -6.49318e-26  9.82587e-32  2.68117e-27 -2.81866e-32   2.4793e-27  6.38842e-33  3.72921e-28 -1.06929e-33  1.13973e-29  9.97803e-35 -4.19054e-30  1.43767e-35 -6.97495e-31 -1.04646e-35 -4.42481e-32  2.38258e-36 -6.65073e-35 -1.91046e-37  1.68241e-34 -4.12239e-39  1.00664e-35  1.11994e-39  2.03981e-37 -6.70291e-41  6.06502e-40
-1.86924e-27 -1.15745e-41  1.70073e-25  4.67102e-40 -6.11213e-24 -9.01411e-39  1.34221e-22  9.78678e-38 -2.08101e-21 -4.39792e-37  2.45086e-20 -4.67068e-36 -2.29089e-19  1.21191e-34  1.74923e-18 -1.45413e-33 -1.11309e-17  1.23876e-32  5.98766e-17 -8.28334e-32 -2.75102e-16  4.53705e-31  1.08746e-15 -2.08222e-30 -3.71659e-15  8.11126e-30  1.10136e-14 -2.70045e-29 -2.83241e-14  7.69791e-29  6.31472e-14 -1.87205e-28 -1.21634e-13  3.83803e-28  2.01152e-13 -6.44653e-28 -2.82639e-13  8.21969e-28  3.31684e-13  -5.7584e-28 -3.15547e-13 -5.90258e-28  2.29364e-13  3.11986e-27 -1.08693e-13  -7.0803e-27  9.55672e-15  1.19478e-26  3.23269e-14 -1.67167e-26 -2.50347e-14  2.02995e-26  3.54612e-15 -2.19343e-26  6.29529e-15  2.13679e-26 -3.64424e-15  -1.8862e-26   -6.168e-16  1.51489e-26  1.17145e-15 -1.12615e-26 -7.82665e-17  8.11237e-27 -2.78734e-16 -6.03703e-27   4.5543e-17  4.72812e-27  5.90298e-17 -3.63791e-27 -9.96402e-18  2.43762e-27 -1.17003e-17 -1.15537e-27  1.06836e-18  2.52629e-29  2.06149e-18  7.22159e-28  7.92463e-20 -1.00084e-27 -2.84301e-19  9.07002e-28 -5.64349e-20 -6.41703e-28  2.41776e-20  3.79442e-28  1.08235e-20 -1.95572e-28 -2.06723e-22  8.83744e-29 -1.00884e-21 -3.27308e-29 -2.00568e-22    7.766e-30   2.7694e-23   6.2995e-31  1.85002e-23 -1.87899e-30  2.47515e-24  1.18522e-30 -3.45863e-25  -5.0404e-31 -1.69303e-25  1.66321e-31 -2.13292e-26 -4.46164e-32  7.96863e-28  9.60964e-33  6.21217e-28 -1.50067e-33  8.36312e-29   1.1285e-34  3.21317e-30  2.60943e-35 -4.71916e-31 -1.44984e-35 -7.49704e-32  2.89009e-36 -4.30315e-33  -1.7973e-37 -6.89643e-35 -7.17314e-39  3.52997e-36   8.3029e-40  1.34408e-37 -2.65254e-41
 3.73377e-42 -6.55151e-26 -2.90429e-40  3.39989e-24  8.08292e-39 -9.34523e-23 -1.25759e-37  1.71159e-21  1.17222e-36  -2.3081e-20 -4.67068e-36  2.42326e-19 -4.48207e-35 -2.05187e-18  1.06372e-33  1.43511e-17  -1.1773e-32 -8.43214e-17  9.30777e-32  4.21289e-16 -5.80209e-31 -1.80552e-15  2.97208e-30  6.67805e-15 -1.27824e-29 -2.13999e-14  4.67042e-29  5.95288e-14 -1.45776e-28 -1.43746e-13  3.88705e-28  3.00684e-13 -8.79639e-28 -5.42359e-13  1.65996e-27  8.36917e-13 -2.50226e-27 -1.09061e-12  2.64326e-27  1.17451e-12 -6.94617e-28 -1.00497e-12 -4.93522e-27  6.26627e-13  1.50321e-26 -2.10909e-13 -2.85148e-26 -5.81198e-14  4.22673e-26  1.18717e-13  -5.2339e-26 -5.47683e-14  5.58158e-26 -9.80151e-15  -5.2035e-26  2.17474e-14  4.25506e-26 -5.23312e-15 -3.03892e-26  -4.6284e-15  1.91676e-26  2.53649e-15 -1.19008e-26  7.31127e-16  9.54729e-27 -7.10241e-16 -1.04202e-26 -1.12046e-16  1.14522e-26  1.56873e-16 -1.04293e-26  2.36927e-17  7.19972e-27  -2.8606e-17 -3.09991e-27 -6.32395e-18 -3.59663e-28  4.01203e-18  2.34272e-27  1.47314e-18  -2.8279e-27 -3.35233e-19  2.34161e-27 -2.44515e-19 -1.53866e-27 -6.21691e-21  8.54657e-28  2.45667e-20 -4.17666e-28  5.66337e-21  1.79293e-28 -8.89926e-22 -6.20011e-29 -6.23291e-22  1.24665e-29 -7.62423e-23  2.57083e-30  2.01121e-23 -3.93194e-30  8.18533e-24  2.19041e-30  8.20126e-25 -8.45779e-31 -1.39912e-25  2.56128e-31 -5.20867e-26 -6.47209e-32 -5.74694e-27  1.34638e-32  1.17738e-28 -1.97863e-33  1.10526e-28  1.13974e-34  1.34581e-29  3.96001e-35  5.86375e-31 -1.79342e-35 -2.60087e-32  3.13753e-36 -4.41909e-33 -1.46685e-37 -2.02414e-34 -8.12318e-39 -3.05607e-36  4.59935e-40  5.17152e-39
  1.6701e-26  1.29595e-40 -1.53212e-24 -5.58014e-39  5.55382e-23  1.18186e-37 -1.23064e-21 -1.53894e-36  1.92609e-20   1.2549e-35 -2.29089e-19 -4.48207e-35  2.16358e-18 -3.91371e-34 -1.67001e-17  8.53725e-33  1.07483e-16 -8.74715e-32 -5.85132e-16   6.4359e-31  2.72241e-15 -3.74813e-30 -1.09053e-14  1.79858e-29  3.77981e-14 -7.25789e-29 -1.13693e-13  2.48919e-28  2.97079e-13 -7.28478e-28 -6.73737e-13  1.81532e-27  1.32198e-12 -3.81193e-27 -2.23103e-12  6.57209e-27  3.20663e-12 -8.69358e-27  -3.8624e-12  6.79197e-27  3.79245e-12  4.11827e-27 -2.87683e-12 -2.82188e-26  1.47109e-12  6.50501e-26 -2.29407e-13 -1.06975e-25 -3.64612e-13  1.40987e-25  3.33365e-13 -1.54831e-25 -7.29756e-14  1.43323e-25 -7.20676e-14 -1.10432e-25  5.31194e-14  6.67697e-26  2.92655e-15 -2.55338e-26 -1.57834e-14 -1.40988e-27  2.63178e-15  7.91031e-27  3.57189e-15  2.85366e-27 -1.01047e-15 -1.96171e-26 -7.42372e-16  3.02215e-26  2.25567e-16  -2.9202e-26  1.51604e-16  1.93181e-26   -3.295e-17 -7.10827e-27 -2.88772e-17 -2.20446e-27  1.90694e-18  6.71607e-27  4.49664e-18 -7.17334e-27  4.60107e-19  5.47336e-27 -4.72478e-19 -3.36552e-27 -1.41673e-19   1.7694e-27  1.93224e-20 -8.25772e-28  1.69806e-20  3.38326e-28  2.08269e-21 -1.09122e-28 -7.73428e-22  1.78819e-29 -3.01371e-22  6.83305e-30 -2.22242e-23 -7.43616e-30   9.7279e-24   3.7009e-30  2.90115e-24 -1.29566e-30  2.34568e-25  3.59409e-31 -3.91794e-26 -8.65365e-32 -1.22269e-26  1.77606e-32 -1.22301e-27 -2.47449e-33 -9.58911e-31  1.00802e-34  1.29547e-29   5.2105e-35   1.4183e-30 -1.98183e-35  6.11319e-32  3.04349e-36 -1.51199e-34 -1.03222e-37 -1.06495e-34 -6.79953e-39 -2.78434e-36  1.66401e-40
-3.59689e-41  5.29129e-25  2.96351e-39  -2.7697e-23   -8.772e-38  7.68198e-22  1.49771e-36 -1.42029e-20  -1.6751e-35  1.93428e-19  1.21191e-34 -2.05187e-18 -3.91371e-34  1.75631e-17 -3.12767e-33 -1.24242e-16  6.29709e-32  7.38755e-16  -5.9918e-31 -3.73758e-15  4.11303e-30  1.62314e-14 -2.24226e-29 -6.08795e-14  1.00949e-28  1.97999e-13 -3.82637e-28 -5.59525e-13  1.23254e-27  1.37406e-12  -3.3819e-27 -2.92688e-12  7.86649e-27  5.38469e-12 -1.52727e-26 -8.49238e-12  2.38121e-26  1.13427e-11  -2.6625e-26 -1.25734e-11  1.05752e-26   1.1157e-11  3.98868e-26 -7.33952e-12 -1.32366e-25   2.8072e-12  2.54669e-25  3.84215e-13  -3.7205e-25 -1.32126e-12  4.40549e-25  7.23006e-13 -4.30052e-25   4.3475e-14  3.40392e-25 -2.53154e-13 -1.99773e-25  8.57056e-14  5.09201e-26  4.65544e-14  6.33898e-26 -3.55475e-14 -1.12618e-25   -5.373e-15  9.09675e-26  9.56526e-15  -2.3466e-26  4.21663e-16 -4.61828e-26 -2.12323e-15  8.23788e-26 -8.62193e-17 -7.71636e-26    4.065e-16  4.68428e-26  4.40179e-17 -1.36766e-26 -6.34525e-17 -8.61338e-27 -1.47683e-17  1.73998e-26  6.83109e-18 -1.66155e-26  3.06783e-18  1.17418e-26 -2.49883e-19 -6.78958e-27 -3.80072e-19  3.39788e-27 -5.39842e-20 -1.52286e-27  2.16793e-20  5.97222e-28  8.90776e-21 -1.79086e-28  4.61294e-22   2.2412e-29 -4.35362e-22  1.48156e-29 -1.17576e-22 -1.28217e-29 -5.09229e-24  5.73564e-30  3.43876e-24 -1.81349e-30  8.21328e-25  4.59509e-31  5.84805e-26 -1.07299e-31 -7.46431e-27  2.22763e-32 -2.10117e-27 -2.95155e-33 -1.92264e-28  7.36178e-35 -3.49335e-30  6.03951e-35  8.76268e-31 -1.95175e-35   8.4656e-32  2.62503e-36  3.01792e-33 -6.20508e-38  2.57353e-35 -4.19031e-39 -4.02658e-37
-1.21628e-25 -1.15006e-39  1.12547e-23  5.20991e-38 -4.11675e-22 -1.17168e-36  9.20861e-21  1.67442e-35 -1.45556e-19 -1.63918e-34  1.74923e-18  1.06372e-33 -1.67001e-17 -3.12767e-33  1.30375e-16 -2.29874e-32  -8.4916e-16  4.28717e-31  4.68104e-15 -3.79909e-30 -2.20682e-14  2.43847e-29  8.96379e-14 -1.24661e-28 -3.15294e-13  5.27277e-28  9.63299e-13 -1.87908e-27 -2.55938e-12  5.68755e-27  5.90899e-12 -1.46276e-26 -1.18207e-11  3.17088e-26  2.03755e-11 -5.66492e-26 -2.99836e-11  7.86969e-26  3.71035e-11 -6.92177e-26 -3.76337e-11 -1.67443e-26  2.98036e-11  2.20019e-25 -1.63893e-11 -5.40598e-25  3.60406e-12  9.08998e-25  3.25941e-12 -1.19838e-24 -3.62429e-12  1.28432e-24  1.08138e-12 -1.11442e-24  6.42365e-13  7.35471e-25 -6.24565e-13 -2.64313e-25  3.18309e-14 -1.63207e-25   1.7023e-13  4.32235e-25 -4.75968e-14 -4.80471e-25 -3.58335e-14  3.28104e-25  1.57945e-14 -7.94205e-26  7.14234e-15 -1.31262e-25 -3.58005e-15  2.19638e-25 -1.49634e-15 -1.89576e-25  5.98235e-16  1.02733e-25  3.11815e-16 -2.08576e-26 -6.25368e-17 -2.68921e-26 -5.52287e-17  4.11456e-26 -4.80551e-20 -3.54445e-26  6.95159e-18  2.32939e-26  1.32276e-18 -1.27196e-26 -4.55481e-19  6.09096e-27 -2.19072e-19 -2.63453e-27   -9.244e-21  9.90702e-28  1.41905e-20 -2.74801e-28  3.71344e-21  2.31957e-29   1.2291e-24  2.79668e-29 -1.81678e-22 -2.02738e-29 -3.75433e-23  8.16981e-30 -1.03145e-24 -2.31679e-30  9.01477e-25  5.34059e-31  1.81953e-25 -1.24199e-31  1.22179e-26  2.67557e-32 -8.85543e-28 -3.35918e-33 -2.46895e-28  3.56947e-35 -2.02461e-29  6.20472e-35 -5.47387e-31 -1.70364e-35  2.57645e-32  1.99434e-36  2.17426e-33 -3.13824e-38  4.36944e-35  -1.6913e-39
 2.78507e-40 -3.52179e-24  -2.4253e-38  1.86022e-22  7.52282e-37 -5.20849e-21 -1.36274e-35   9.7255e-20   1.6732e-34 -1.33828e-18 -1.45413e-33  1.43511e-17  8.53725e-33 -1.24242e-16 -2.29874e-32  8.89426e-16 -1.56029e-31 -5.35517e-15  2.70418e-30  2.74522e-14 -2.23733e-29 -1.20883e-13  1.34548e-28  4.60084e-13 -6.46066e-28 -1.51973e-12  2.57044e-27  4.36604e-12 -8.61956e-27 -1.09127e-11  2.45222e-26  2.36905e-11 -5.90838e-26 -4.44926e-11  1.19106e-25  7.17839e-11 -1.94551e-25 -9.83613e-11  2.35345e-25  1.12336e-10 -1.36522e-25 -1.03451e-10 -2.37237e-25  7.17646e-11  9.68359e-25 -3.07514e-11 -1.97727e-24  -6.8647e-13  2.97818e-24  1.20503e-11 -3.57798e-24 -7.82626e-12  3.48473e-24   3.5654e-13 -2.67626e-24  2.39516e-12  1.40148e-24 -1.08699e-12 -4.16856e-26 -3.50679e-13 -1.03649e-24  4.01083e-13  1.56986e-24  1.18399e-14  -1.4693e-24 -1.03472e-13  8.80391e-25  7.22565e-15 -1.43981e-25  2.29162e-14 -3.87968e-25 -1.70805e-15  5.54464e-25 -4.57353e-15  -4.3091e-25  1.89404e-17  2.03848e-25   7.8277e-16 -1.97992e-26  9.23793e-17 -7.18907e-26 -1.00482e-16  8.93612e-26 -2.89108e-17 -6.99936e-26  6.97974e-18    4.294e-26  4.55693e-18 -2.22328e-26  2.41031e-19  1.02417e-26 -3.56039e-19 -4.29546e-27 -9.67251e-20  1.55022e-27  3.78518e-21  -3.9498e-28  6.78805e-21  1.62067e-29  1.26429e-21  4.73027e-29 -4.49601e-23 -2.95137e-29 -5.82645e-23  1.07026e-29 -9.81152e-24 -2.69197e-30  -2.3143e-25  5.61162e-31  1.71532e-25 -1.35161e-31  3.02766e-26  3.08538e-32  1.95981e-27 -3.63196e-33 -4.95104e-29 -6.57934e-36 -1.77545e-29  5.65049e-35 -1.23314e-30 -1.30618e-35 -3.22274e-32   1.3129e-36  8.64512e-35 -1.29163e-38  1.02194e-35
 7.36448e-25  8.30448e-39 -6.87672e-23  -3.9396e-37  2.53933e-21  9.26197e-36 -5.73671e-20 -1.40388e-34  9.16222e-19  1.50937e-33 -1.11309e-17  -1.1773e-32  1.07483e-16  6.29709e-32  -8.4916e-16 -1.56029e-31  5.60034e-15 -9.81634e-31 -3.12805e-14  1.58549e-29  1.49522e-13 -1.22753e-28 -6.16261e-13  6.92924e-28  2.20135e-12 -3.12966e-27 -6.83665e-12  1.17251e-26  1.84839e-11 -3.70212e-26 -4.34802e-11  9.90073e-26  8.87551e-11 -2.23294e-25 -1.56403e-10  4.17396e-25  2.35868e-10 -6.17793e-25 -3.00154e-10  6.26044e-25  3.14773e-10 -1.00133e-25 -2.60357e-10 -1.31252e-24  1.53534e-10  3.69248e-24 -4.31303e-11  -6.5815e-24 -2.29611e-11  9.00678e-24  3.27788e-11 -9.91777e-24 -1.25528e-11  8.78613e-24 -4.34887e-12 -5.90702e-24  6.04507e-12  2.18887e-24 -9.41732e-13  1.31254e-24 -1.48525e-12 -3.73492e-24  6.21458e-13  4.56617e-24  2.78431e-13 -3.78869e-24 -1.90379e-13  1.97615e-24 -5.04693e-14 -8.29366e-26  4.36355e-14 -1.08555e-24  1.07664e-14  1.30663e-24   -7.932e-15 -9.05478e-25 -2.54615e-15  3.64828e-25  1.04742e-15  1.29574e-26  5.29227e-16 -1.70028e-25 -6.62282e-17  1.79083e-25 -7.97569e-17 -1.28403e-25 -7.22516e-18  7.37985e-26  7.03325e-18 -3.63886e-26  2.16546e-18  1.62189e-26 -1.33619e-19 -6.62682e-27 -1.93505e-19  2.29548e-27 -3.37059e-20 -5.32223e-28  3.88738e-21 -3.19442e-30  2.52457e-21  7.28333e-29  3.58539e-22 -3.96546e-29  -1.9447e-23  1.28837e-29 -1.43674e-23 -2.82358e-30 -2.06122e-24  5.27199e-31 -5.69768e-26 -1.39262e-31  2.24397e-26    3.407e-32   3.5399e-27 -3.70299e-33  2.14465e-28 -4.45113e-35  7.77744e-31  4.54112e-35 -6.40267e-31 -8.67471e-36 -3.32288e-32   7.2739e-37 -5.19005e-34 -3.87434e-39
-1.75965e-39  1.96425e-23  1.63092e-37 -1.04743e-21 -5.26717e-36  2.96201e-20  9.96011e-35 -5.58855e-19 -1.29716e-33  7.77422e-18  1.23876e-32 -8.43214e-17 -8.74715e-32  7.38755e-16  4.28717e-31 -5.35517e-15 -9.81634e-31  3.26694e-14 -5.74273e-30 -1.69802e-13  8.66613e-29  7.58662e-13 -6.29167e-28  -2.9322e-12  3.33922e-27  9.84437e-12 -1.42047e-26 -2.87752e-11  5.01582e-26  7.32628e-11 -1.49196e-25 -1.62237e-10  3.75034e-25  3.11331e-10 -7.90785e-25 -5.14341e-10  1.36539e-24  7.23755e-10 -1.80764e-24 -8.52445e-10  1.42465e-24  8.15342e-10  7.76405e-25 -5.96246e-10  -5.5556e-24  2.83182e-10  1.26217e-23 -2.15251e-11 -2.01417e-23 -9.09764e-11  2.52567e-23  7.08005e-11  -2.5565e-23 -1.02149e-11  2.05546e-23   -1.855e-11 -1.18356e-23  1.11362e-11  2.11297e-24  1.75123e-12  6.06108e-24 -3.71152e-12 -1.09074e-23  3.29097e-13  1.16234e-23  9.09479e-13 -8.66517e-24 -1.78462e-13   3.8246e-24 -1.98676e-13  5.31102e-25   4.1753e-14 -2.78983e-24  4.10968e-14  2.86184e-24  -5.4578e-15 -1.75986e-24 -7.67817e-15   5.8341e-25 -2.06603e-17  1.26075e-25  1.14169e-15 -3.62515e-25  1.88459e-16  3.32405e-25 -1.08535e-16 -2.19393e-25 -4.24129e-17  1.18543e-25  2.39265e-18 -5.59328e-26  4.39685e-18   2.4276e-26   7.6443e-19 -9.70734e-27 -1.48316e-19  3.22524e-27 -8.09318e-20  -6.7202e-28 -9.47503e-21 -3.93215e-29  1.79174e-21  1.03127e-28  7.43959e-22 -4.92355e-29  8.56074e-23  1.42103e-29 -4.58866e-24 -2.63401e-30  -2.6614e-24   4.3294e-31 -3.34181e-25 -1.36606e-31 -1.14678e-26  3.57675e-32  1.81942e-27 -3.53018e-33  2.61862e-28 -6.95449e-35  1.36977e-29  3.19329e-35  2.00146e-31 -4.88388e-36 -7.28752e-33  3.20398e-37 -1.73781e-34
-3.76002e-24 -4.95678e-38  3.54461e-22  2.46706e-36 -1.32201e-20 -6.01687e-35  3.01788e-19  9.51347e-34 -4.87274e-18 -1.08528e-32  5.98766e-17  9.30777e-32 -5.85132e-16  -5.9918e-31  4.68104e-15  2.70418e-30 -3.12805e-14 -5.74273e-30  1.77145e-13   -3.133e-29  -8.5915e-13  4.42759e-28  3.59568e-12 -3.01991e-27 -1.30538e-11  1.50922e-26  4.12428e-11 -6.05364e-26 -1.13564e-10  2.01635e-25  2.72422e-10 -5.65208e-25 -5.67964e-10  1.33498e-24  1.02419e-09 -2.62733e-24  -1.5845e-09  4.16843e-24  2.07565e-09 -4.83997e-24 -2.25272e-09  2.47775e-24  1.94701e-09  5.46739e-24 -1.22842e-09  -2.0161e-23  4.17539e-10  3.93724e-23  1.21628e-10 -5.70735e-23 -2.49591e-10  6.59074e-23  1.18972e-10 -6.13698e-23  1.98753e-11  4.45211e-23 -4.87631e-11 -2.10469e-23  1.29862e-11 -2.12494e-24  1.04386e-11  1.95515e-23 -6.36986e-12 -2.80412e-23 -1.57264e-12  2.67948e-23  1.84229e-12 -1.79503e-23  2.14845e-13  6.34422e-24 -4.24809e-13  2.74876e-24  -4.5424e-14  -6.5615e-24  8.21721e-14  5.82515e-24  1.42455e-14 -3.16525e-24 -1.25512e-14  8.15183e-25 -3.85157e-15  4.04231e-25  1.23346e-15 -7.05164e-25  7.20204e-16  5.73166e-25 -1.41461e-17 -3.49801e-25  -8.1365e-17  1.78305e-25 -1.56497e-17 -8.09455e-26  3.74938e-18  3.44525e-26  2.04213e-18 -1.35433e-26  1.95442e-19  4.31021e-27 -7.87901e-20  -7.9332e-28 -2.70612e-20 -9.51142e-29 -2.21548e-21  1.35267e-28  5.53048e-22 -5.64858e-29  1.73048e-22  1.42736e-29  1.70632e-23 -2.11796e-30 -6.23796e-25   2.9491e-31 -3.53082e-25 -1.27875e-31 -3.90488e-26  3.53443e-32 -1.50808e-27 -3.12164e-33  7.30968e-29 -7.67829e-35  1.02548e-29  1.93946e-35  3.91161e-31 -2.24929e-36  4.39321e-33  9.72141e-38
 9.11939e-39 -9.29053e-23 -9.14959e-37  5.00391e-21  3.07334e-35 -1.42992e-19 -6.01525e-34  2.72755e-18   8.1704e-33 -3.83794e-17 -8.28334e-32  4.21289e-16   6.4359e-31 -3.73758e-15 -3.79909e-30  2.74522e-14  1.58549e-29 -1.69802e-13   -3.133e-29  8.95471e-13  -1.5981e-28 -4.06253e-12  2.11946e-27   1.5957e-11 -1.36046e-26 -5.44958e-11  6.41082e-26  1.62208e-10 -2.42718e-25 -4.21063e-10  7.63086e-25   9.5202e-10 -2.01615e-24 -1.86854e-09  4.47182e-24   3.1642e-09  -8.1959e-24 -4.57725e-09   1.1863e-23  5.56554e-09 -1.17016e-23 -5.53346e-09  1.63102e-24  4.26486e-09  2.40085e-23 -2.22662e-09 -6.54146e-23  3.63445e-10  1.13295e-22  5.68665e-10 -1.50501e-22 -5.42331e-10  1.60502e-22   1.3068e-10 -1.37331e-22  1.16859e-10  8.89541e-23 -9.44108e-11 -3.15737e-23 -1.75031e-12 -1.92253e-23    2.843e-11  5.32085e-23 -6.10467e-12 -6.55753e-23  -6.4868e-12  5.68666e-23  2.30065e-12 -3.39741e-23  1.36849e-12  8.56708e-24 -5.43115e-13  8.75622e-24 -2.91682e-13 -1.41813e-23  8.96523e-14  1.10352e-23  5.98746e-14 -5.26722e-24 -8.09461e-15  9.40507e-25  -1.0275e-14  9.73459e-25 -5.08047e-16 -1.26161e-24  1.22486e-15  9.20177e-25  2.95386e-16  -5.2111e-25 -6.80184e-17  2.51488e-25 -4.22772e-17 -1.10536e-25 -3.55424e-18  4.64937e-26  2.33947e-18 -1.80447e-26  7.48381e-19  5.49059e-27  3.24171e-20 -8.71019e-28 -2.91229e-20 -1.71333e-28 -7.33558e-21  1.65339e-28 -4.52316e-22  -5.9777e-29  1.21287e-22  1.29044e-29  3.10332e-23 -1.35524e-30  2.72842e-24  1.40893e-31 -3.39633e-26 -1.13957e-31 -3.09393e-26  3.25103e-32 -2.95928e-27 -2.54241e-33 -1.10252e-28 -6.74865e-35  5.34494e-31   9.9863e-36   1.4531e-31 -7.92655e-37  2.21929e-33
 1.63509e-23  2.46439e-37 -1.55697e-21 -1.29782e-35  5.86818e-20  3.27401e-34 -1.35437e-18 -5.35119e-33  2.21204e-17  6.36805e-32 -2.75102e-16 -5.80209e-31  2.72241e-15  4.11303e-30 -2.20682e-14 -2.23733e-29  1.49522e-13  8.66613e-29  -8.5915e-13  -1.5981e-28  4.23103e-12 -7.63963e-28 -1.79951e-11  9.52685e-27  6.64507e-11 -5.76393e-26 -2.13769e-10  2.56422e-25  6.00027e-10  -9.1719e-25 -1.46923e-09  2.72321e-24  3.13167e-09 -6.78176e-24 -5.78486e-09  1.41126e-23  9.19088e-09 -2.40153e-23 -1.24073e-08  3.13947e-23  1.39495e-08 -2.48489e-23 -1.26053e-08 -1.09612e-23  8.49307e-09  8.62519e-23 -3.37709e-09 -1.93706e-22 -3.94164e-10  3.02864e-22  1.61004e-09 -3.70731e-22 -9.43093e-10   3.6558e-22 -2.17825e-11 -2.86592e-22  3.29573e-10  1.62857e-22 -1.29117e-10 -3.39963e-23 -5.73241e-11 -6.89963e-23  5.31686e-11  1.29374e-22  4.72097e-12 -1.41796e-22 -1.45908e-11   1.1209e-22  2.89365e-13 -5.88353e-23  3.35949e-12   7.5888e-24 -9.13606e-14  2.25344e-23 -6.83074e-13   -2.832e-23 -2.75694e-14  1.94927e-23  1.16748e-13 -8.09768e-24  1.89464e-14  7.33731e-25 -1.45301e-14  1.99325e-24 -5.01884e-15 -2.08775e-24  8.67988e-16  1.37753e-24  7.34423e-16 -7.25829e-25  6.61777e-17  3.32928e-25 -5.17719e-17 -1.42707e-25 -1.67166e-17  5.98123e-26 -8.28739e-20 -2.30155e-26  1.00452e-18  6.68092e-27  2.22841e-19 -8.80179e-28  1.89765e-21 -2.66221e-28 -8.04684e-21  1.89336e-28 -1.60707e-21 -5.81194e-29  -8.4087e-23  1.02559e-29  1.86058e-23 -4.92827e-31  4.09899e-24  1.19149e-33  3.24456e-25 -9.59194e-32  2.67454e-27    2.752e-32 -1.55713e-27  -1.8951e-33  -1.2231e-28 -4.84559e-35 -3.49856e-30  4.24019e-36 -1.91852e-32 -1.81664e-37
-3.83809e-38  3.75815e-22  4.31822e-36  -2.0456e-20 -1.51448e-34  5.91032e-19  3.05534e-33 -1.14045e-17 -4.28769e-32   1.6242e-16  4.53705e-31 -1.80552e-15 -3.74813e-30  1.62314e-14  2.43847e-29 -1.20883e-13 -1.22753e-28  7.58662e-13  4.42759e-28 -4.06253e-12 -7.63963e-28  1.87298e-11  -3.4301e-27 -7.48276e-11  4.02909e-26  2.60181e-10 -2.30096e-25  -7.8934e-10   9.6747e-25  2.09106e-09 -3.27188e-24 -4.83208e-09  9.17784e-24  9.71026e-09 -2.15394e-23 -1.68733e-08  4.20011e-23  2.51203e-08 -6.60978e-23 -3.15666e-08  7.69114e-23  3.26528e-08 -4.32655e-23 -2.65231e-08 -6.92032e-23  1.51245e-08  2.72378e-22 -3.67184e-09 -5.29715e-22 -2.89982e-09  7.55883e-22  3.54719e-09 -8.55549e-22 -1.20736e-09  7.80137e-22 -5.80267e-10 -5.57547e-22  6.71623e-10  2.69777e-22 -7.36172e-11 -1.91183e-24 -1.80213e-10 -1.91772e-22  6.56572e-11  2.88301e-22  3.67308e-11 -2.86165e-22 -2.16666e-11   2.0618e-22 -7.13042e-12 -9.27521e-23   5.1608e-12  -2.9599e-24  1.55178e-12  5.05063e-23 -9.52198e-13 -5.25198e-23 -3.60463e-13  3.21615e-23  1.23107e-13  -1.1461e-23  7.31623e-14 -1.47723e-25 -6.24064e-15  3.62872e-24 -1.07189e-14 -3.20812e-24 -1.30997e-15  1.92435e-24  8.87505e-16 -9.45181e-25  3.15769e-16  4.13873e-25  -7.0724e-18  -1.7447e-25 -2.55592e-17  7.35087e-26 -5.22437e-18 -2.81639e-26  3.22142e-19  7.78242e-27  3.27802e-19 -8.01324e-28  5.47977e-20 -3.75565e-28 -5.61277e-22  2.04181e-28 -1.67648e-21 -5.15164e-29 -2.78441e-22  6.78456e-30 -1.38455e-23  2.98864e-31  1.86545e-24 -1.00735e-31  3.69868e-25 -7.52616e-32  2.55897e-26  2.11923e-32  4.94678e-28 -1.28424e-33 -3.39388e-29 -2.83124e-35 -1.92501e-30  1.41488e-36 -2.18613e-32
-6.09886e-23 -1.01861e-36  5.86935e-21  5.78349e-35 -2.23678e-19  -1.5107e-33  5.22261e-18  2.53979e-32 -8.63386e-17 -3.12285e-31  1.08746e-15  2.97208e-30 -1.09053e-14 -2.24226e-29  8.96379e-14  1.34548e-28 -6.16261e-13 -6.29167e-28  3.59568e-12  2.11946e-27 -1.79951e-11  -3.4301e-27  7.78448e-11 -1.44933e-26 -2.92656e-10  1.60621e-25  9.59497e-10 -8.66977e-25 -2.74809e-09  3.44875e-24  6.87563e-09 -1.10349e-23 -1.49993e-08  2.92512e-23  2.84137e-08 -6.46705e-23 -4.64132e-08   1.1797e-22  6.46422e-08 -1.70786e-22 -7.53688e-08  1.73014e-22  7.12516e-08 -4.73881e-23 -5.11923e-08  -2.7257e-22  2.32819e-08  7.79273e-22 -4.67222e-10 -1.34781e-21 -8.79948e-09   1.7677e-21  6.34688e-09 -1.85385e-21 -6.49692e-10  1.56162e-21 -1.86082e-09 -1.00976e-21   1.0196e-09  3.93968e-22  2.20451e-10  1.24133e-22 -3.67734e-10  -4.6229e-22  1.98952e-11  5.97011e-22  9.50948e-11  -5.4214e-22 -1.56065e-11  3.54707e-22 -2.15911e-11 -1.31197e-22  3.85367e-12 -3.46986e-23  4.57564e-12  1.01857e-22 -4.76439e-13 -9.08303e-23 -8.65081e-13  4.96351e-23 -2.45312e-14 -1.48294e-23  1.28431e-13 -2.13473e-24  2.47105e-14  6.00189e-24 -1.17933e-14 -4.58963e-24 -5.17659e-15   2.5081e-24  1.39625e-16 -1.14963e-24  5.09124e-16  4.83074e-25  1.01396e-16 -2.02235e-25 -1.40595e-17  8.64548e-26 -9.50539e-18 -3.31362e-26 -1.32155e-18  8.70064e-27  1.57366e-19 -6.25712e-28  8.35633e-20 -4.92879e-28   1.1177e-20  2.08424e-28 -1.51092e-22 -4.10255e-29 -2.57195e-22  3.12735e-30 -3.64836e-23  8.78634e-31 -1.79983e-24 -1.54484e-31  1.04545e-25 -5.40553e-32  2.01601e-26  1.46648e-32  1.12106e-27  -7.8401e-34  2.16037e-29 -1.31826e-35 -1.28781e-31   3.2812e-37
 1.25798e-37 -1.30768e-21 -1.71673e-35  7.19762e-20  6.35335e-34 -2.10396e-18 -1.32008e-32  4.10956e-17  1.90351e-31 -5.92779e-16 -2.08222e-30  6.67805e-15  1.79858e-29 -6.08795e-14 -1.24661e-28  4.60084e-13  6.92924e-28  -2.9322e-12 -3.01991e-27   1.5957e-11  9.52685e-27 -7.48276e-11 -1.44933e-26  3.04345e-10 -5.77373e-26 -1.07844e-09  6.04611e-25  3.33812e-09 -3.08821e-24 -9.03414e-09  1.16326e-23  2.13598e-08 -3.52352e-23 -4.39975e-08  8.82751e-23  7.85445e-08 -1.83743e-22 -1.20487e-07  3.12878e-22  1.56657e-07 -4.13736e-22 -1.68758e-07  3.52024e-22   1.4448e-07  4.51199e-23 -8.95387e-08 -8.80627e-22   2.8394e-08  2.05205e-21  1.14871e-08 -3.20725e-21 -1.98929e-08  3.88422e-21  8.91655e-09 -3.77842e-21  2.03793e-09   2.9346e-21 -4.03519e-09  -1.6975e-21  9.66259e-10  4.75741e-22    9.318e-10  4.60372e-22 -5.29724e-10 -1.00777e-21 -1.53157e-10  1.15862e-21  1.61564e-10 -9.67764e-22  2.30939e-11  5.70929e-22 -3.86624e-11 -1.60912e-22 -4.97781e-12 -1.05951e-22  7.67957e-12  1.88099e-22  1.49687e-12 -1.46997e-22 -1.19005e-12  7.17238e-23 -3.96924e-13 -1.73015e-23  1.15139e-13 -5.66676e-24  7.36991e-14  9.13153e-24 -1.05434e-16 -6.12224e-24  -8.1876e-15  3.04564e-24 -1.73556e-15 -1.30317e-24  3.42449e-16  5.28892e-25  2.12097e-16 -2.22383e-25  2.41401e-17  9.74385e-26 -7.20851e-18 -3.75691e-26 -2.79418e-18  9.36341e-27 -2.77576e-19 -3.59263e-28   4.4518e-20 -6.09467e-28  1.65962e-20  2.02379e-28  1.86366e-21 -2.84892e-29 -8.79305e-24 -7.97055e-32 -2.75326e-23  1.17465e-30 -3.35487e-24 -1.63615e-31 -1.57824e-25 -3.46809e-32  1.92931e-27  8.99291e-33  5.30055e-28 -4.24547e-34  1.91485e-29  -4.7067e-36   1.6156e-31
