   0.0586026 -1.90621e-14    0.0858615  -1.4485e-14    0.0319655 -3.54633e-16   -0.0164435  5.10199e-15   -0.0178785    2.214e-15  -0.00199765 -6.42825e-16    0.0042912  -8.7917e-16   0.00248178 -2.90194e-16  0.000470585 -2.25216e-17 -1.39761e-05  5.43901e-18 -9.21407e-06
-1.90621e-14     0.120215 -2.89912e-14     0.093782 -1.13169e-14   0.00413774  5.52943e-15   -0.0342585  6.84717e-15   -0.0183012  1.49491e-15   0.00161324 -1.26603e-15   0.00590414  -1.0784e-15   0.00300381 -3.77126e-16   0.00076173 -6.82568e-17  9.44299e-05 -4.81065e-18
   0.0858615 -2.89912e-14     0.132471 -2.42121e-14    0.0604548 -3.45557e-15   -0.0174927  7.69142e-15   -0.0338928  5.90728e-15   -0.0143549  1.01527e-15   0.00201266 -1.16659e-15    0.0054314 -1.02145e-15   0.00297992 -3.89013e-16  0.000798069 -6.86167e-17  7.73138e-05
 -1.4485e-14     0.093782 -2.42121e-14    0.0899103 -1.44936e-14    0.0292148  -1.1282e-16    -0.019445  6.63757e-15   -0.0287466  5.22576e-15   -0.0140509  1.34569e-15  1.98809e-05 -7.13897e-16   0.00383234 -7.30548e-16   0.00205186 -2.42699e-16  0.000419198 -2.58702e-17
   0.0319655 -1.13169e-14    0.0604548 -1.44936e-14    0.0570119  -9.8277e-15    0.0232371 -5.02761e-16    -0.014712  5.74031e-15   -0.0269318  5.27838e-15   -0.0157191  1.96373e-15  -0.00309482  2.81614e-17  0.000994906 -2.23453e-16  0.000606874  -6.0086e-17  7.42402e-05
-3.54633e-16   0.00413774 -3.45557e-15    0.0292148  -9.8277e-15    0.0470624 -9.25368e-15    0.0239498 -9.33633e-16   -0.0129635  5.40174e-15   -0.0263035  5.43741e-15   -0.0178545  2.74567e-15  -0.00691097  8.38232e-16  -0.00164296  1.54903e-16 -0.000218933  1.26579e-17
  -0.0164435  5.52943e-15   -0.0174927  -1.1282e-16    0.0232371 -9.25368e-15    0.0457814 -8.90567e-15    0.0229526 -1.03306e-15   -0.0113725  4.97081e-15   -0.0253456  5.56271e-15   -0.0195694  3.25461e-15  -0.00884238  1.13214e-15  -0.00227328  1.98756e-16 -0.000223503
 5.10199e-15   -0.0342585  7.69142e-15    -0.019445 -5.02761e-16    0.0239498 -8.90567e-15    0.0427402  -8.4039e-15    0.0226008 -1.41329e-15  -0.00880161  4.35797e-15   -0.0229897  5.07546e-15   -0.0174968  2.77359e-15  -0.00695805  7.84674e-16  -0.00129971  8.00358e-17
  -0.0178785  6.84717e-15   -0.0338928  6.63757e-15    -0.014712 -9.33633e-16    0.0229526  -8.4039e-15    0.0409059 -8.31967e-15     0.023805 -2.07557e-15  -0.00427765  2.93949e-15   -0.0156428  3.28463e-15   -0.0104183   1.4704e-15  -0.00316201  2.85994e-16  -0.00032853
   2.214e-15   -0.0183012  5.90728e-15   -0.0287466  5.74031e-15   -0.0129635 -1.03306e-15    0.0226008 -8.31967e-15    0.0408337 -8.58735e-15     0.027261 -3.62058e-15   0.00560421  1.65388e-16   -0.0034204  8.16174e-16  -0.00248811  3.07459e-16 -0.000532119  3.27294e-17
 -0.00199765  1.49491e-15   -0.0143549  5.22576e-15   -0.0269318  5.40174e-15   -0.0113725 -1.41329e-15     0.023805 -8.58735e-15    0.0431394 -9.77141e-15    0.0360767  -6.4282e-15    0.0192833 -2.84983e-15   0.00710904 -8.63455e-16   0.00170107 -1.49768e-16  0.000174238
-6.42825e-16   0.00161324  1.01527e-15   -0.0140509  5.27838e-15   -0.0263035  4.97081e-15  -0.00880161 -2.07557e-15     0.027261 -9.77141e-15    0.0507825 -1.21378e-14    0.0476214 -8.99552e-15    0.0282306 -4.24256e-15    0.0103516 -1.15658e-15   0.00192659 -1.20537e-16
   0.0042912 -1.26603e-15   0.00201266  1.34569e-15   -0.0157191  5.43741e-15   -0.0253456  4.35797e-15  -0.00427765 -3.62058e-15    0.0360767 -1.21378e-14    0.0607439 -1.39734e-14     0.052172 -9.22866e-15    0.0265755 -3.56663e-15   0.00748909 -6.75529e-16  0.000784667
 -8.7917e-16   0.00590414 -1.16659e-15  1.98809e-05  1.96373e-15   -0.0178545  5.56271e-15   -0.0229897  2.93949e-15   0.00560421  -6.4282e-15    0.0476214 -1.39734e-14    0.0629097 -1.30929e-14    0.0440204 -6.93364e-15    0.0174544 -1.98489e-15   0.00333434 -2.08568e-16
  0.00248178  -1.0784e-15    0.0054314 -7.13897e-16  -0.00309482  2.74567e-15   -0.0195694  5.07546e-15   -0.0156428  1.65388e-16    0.0192833 -8.99552e-15     0.052172 -1.30929e-14    0.0517007 -9.49166e-15    0.0280186 -3.81956e-15   0.00809543 -7.33263e-16  0.000852321
-2.90194e-16   0.00300381 -1.02145e-15   0.00383234  2.81614e-17  -0.00691097  3.25461e-15   -0.0174968  3.28463e-15   -0.0034204 -2.84983e-15    0.0282306 -9.22866e-15    0.0440204 -9.49166e-15    0.0326493 -5.21901e-15    0.0132628 -1.51648e-15   0.00255449 -1.59859e-16
 0.000470585 -3.77126e-16   0.00297992 -7.30548e-16  0.000994906  8.38232e-16  -0.00884238  2.77359e-15   -0.0104183  8.16174e-16   0.00710904 -4.24256e-15    0.0265755 -6.93364e-15    0.0280186 -5.21901e-15    0.0155524 -2.13262e-15   0.00453631 -4.11585e-16  0.000478668
-2.25216e-17   0.00076173 -3.89013e-16   0.00205186 -2.23453e-16  -0.00164296  1.13214e-15  -0.00695805   1.4704e-15  -0.00248811 -8.63455e-16    0.0103516 -3.56663e-15    0.0174544 -3.81956e-15    0.0132628 -2.13262e-15   0.00544071 -6.23472e-16   0.00105159 -6.58276e-17
-1.39761e-05 -6.82568e-17  0.000798069 -2.42699e-16  0.000606874  1.54903e-16  -0.00227328  7.84674e-16  -0.00316201  3.07459e-16   0.00170107 -1.15658e-15   0.00748909 -1.98489e-15   0.00809543 -1.51648e-15   0.00453631 -6.23472e-16   0.00132828 -1.20604e-16  0.000140322
 5.43901e-18  9.44299e-05 -6.86167e-17  0.000419198  -6.0086e-17 -0.000218933  1.98756e-16  -0.00129971  2.85994e-16 -0.000532119 -1.49768e-16   0.00192659 -6.75529e-16   0.00333434 -7.33263e-16   0.00255449 -4.11585e-16   0.00105159 -1.20604e-16  0.000203549 -1.27447e-17
-9.21407e-06 -4.81065e-18  7.73138e-05 -2.58702e-17  7.42402e-05  1.26579e-17 -0.000223503  8.00358e-17  -0.00032853  3.27294e-17  0.000174238 -1.20537e-16  0.000784667 -2.08568e-16  0.000852321 -1.59859e-16  0.000478668 -6.58276e-17  0.000140322 -1.27447e-17  1.48335e-05
