 1.37161e-05  6.24458e-19 -9.83425e-05 -7.15916e-18  0.000215851   2.4503e-17  -0.00018524  -4.5307e-17  1.80626e-05   4.9851e-17  4.59274e-05 -2.97952e-17  2.63564e-06  3.68463e-18 -1.08639e-05  6.15842e-18 -5.07073e-06 -9.45018e-19  2.03788e-07 -3.63638e-18  1.31409e-06  1.83142e-18  7.21367e-07  6.69371e-19  1.54219e-07 -5.59717e-19 -5.46661e-08 -1.61358e-19 -6.75212e-08  1.14246e-19 -3.46564e-08   5.8597e-20 -1.09604e-08 -9.98734e-21   -1.353e-09 -1.48404e-20  9.06431e-10 -4.11625e-21  8.22764e-10  8.84278e-22  4.14014e-10  1.19163e-21  1.57621e-10  4.68571e-22  4.78682e-11  7.66983e-23  1.11227e-11 -2.94153e-23  1.46264e-12 -3.08377e-23 -2.81703e-13 -1.54395e-23 -3.02957e-13 -5.73886e-24 -1.44425e-13 -1.45048e-24 -5.32759e-14 -7.04204e-26 -1.69042e-14  1.50952e-25 -4.80339e-15  1.01251e-25 -1.24713e-15  4.69631e-26 -2.99316e-16  1.93953e-26 -6.69002e-17   7.7084e-27 -1.39969e-17  2.86409e-27 -2.75164e-18  8.90162e-28 -5.09822e-19  1.88206e-28 -8.92564e-20  3.62395e-30 -1.48008e-20 -1.86121e-29 -2.32993e-21 -1.04058e-29 -3.48942e-22 -3.83369e-30  -4.9815e-23 -1.14254e-30 -6.78907e-24 -2.92472e-31 -8.83902e-25 -6.52806e-32 -1.09885e-25 -1.27768e-32 -1.30196e-26 -2.21632e-33 -1.46515e-27 -3.44643e-34 -1.55837e-28 -4.82199e-35 -1.55709e-29 -6.05154e-36 -1.45129e-30 -6.79351e-37 -1.25208e-31 -6.82018e-38 -9.91574e-33 -6.11318e-39 -7.14363e-34 -4.86422e-40 -4.63575e-35 -3.40719e-41 -2.67965e-36 -2.08249e-42 -1.36186e-37 -1.09926e-43 -5.98961e-39 -4.93584e-45 -2.23441e-40 -1.84375e-46 -6.88365e-42 -5.55792e-48 -1.68641e-43 -1.29411e-49 -3.10012e-45 -2.16298e-51 -3.86185e-47 -2.24232e-53 -2.58617e-49 -9.30755e-56
 6.24458e-19   0.00015332  4.00847e-18 -0.000607199 -3.14744e-17  0.000945066  8.62244e-17 -0.000539098 -1.35458e-16 -0.000100884  1.29404e-16  0.000141312 -6.53418e-17  5.49615e-05 -5.26385e-20  -1.8744e-05  1.95085e-17 -2.21235e-05 -4.40362e-18 -6.38839e-06 -7.30334e-18  1.81501e-06  3.90217e-18   2.5799e-06  1.37269e-18  1.21286e-06 -1.16093e-18  2.32976e-07 -4.00726e-19 -9.49133e-08  2.48706e-19 -1.10272e-07  1.56246e-19 -5.77029e-08 -1.23478e-20 -2.00337e-08 -3.74776e-20 -4.04284e-09 -1.41932e-20  4.10389e-10  2.99412e-22  8.69672e-10  2.87818e-21  5.14652e-10  1.59102e-21  2.19446e-10  4.57249e-22  7.64193e-11  1.76531e-24  2.24456e-11 -7.83239e-23  5.50461e-12 -5.17568e-23  1.04593e-12 -2.23306e-23  1.02965e-13 -6.88362e-24 -2.81571e-14 -1.23584e-24 -2.19693e-14  1.29915e-25 -8.96597e-15   2.4486e-25 -2.90659e-15  1.47043e-25 -8.19992e-16  6.79818e-26 -2.08681e-16  2.72823e-26 -4.87793e-17  9.56696e-27 -1.05815e-17   2.7413e-27 -2.14376e-18  5.30628e-28  -4.0726e-19  4.44723e-30 -7.27329e-20 -4.91893e-29 -1.22286e-20  -2.5585e-29 -1.93668e-21 -8.90656e-30  -2.8888e-22 -2.52263e-30 -4.05528e-23 -6.15364e-31 -5.35015e-24 -1.31111e-31 -6.62071e-25 -2.45349e-32 -7.66546e-26 -4.07289e-33 -8.27789e-27  -6.0584e-34 -8.30697e-28 -8.09799e-35 -7.71305e-29 -9.69635e-36 -6.59306e-30 -1.03702e-36 -5.15816e-31 -9.89582e-38 -3.66867e-32 -8.40425e-39 -2.35334e-33 -6.31128e-40 -1.34874e-34 -4.15292e-41 -6.82825e-36 -2.37066e-42 -3.01117e-37 -1.15981e-43 -1.13629e-38 -4.77746e-45 -3.58453e-40 -1.61445e-46 -9.15383e-42 -4.31507e-48   -1.805e-43  -8.6274e-50  -2.5452e-45 -1.16738e-51  -2.2121e-47 -8.48501e-54 -7.62246e-50
-9.83425e-05  4.00847e-18  0.000830243  1.41475e-17   -0.0022183 -8.34962e-17   0.00253302  1.89878e-16 -0.000834858 -2.58436e-16  -0.00054511  2.18547e-16  0.000193804 -9.70241e-17  0.000195471 -7.87807e-18  1.77796e-05  3.47053e-17 -4.35562e-05 -9.11535e-18 -2.71165e-05 -1.00219e-17 -4.67078e-06   5.9105e-18  3.62636e-06  1.90027e-18  3.39357e-06  -1.8518e-18  1.45182e-06 -6.82088e-19  2.73343e-07  4.20553e-19 -1.01053e-07  3.00361e-19 -1.21356e-07 -8.48281e-22 -6.58991e-08 -6.74639e-20 -2.49747e-08 -3.28587e-20 -6.63521e-09 -3.61873e-21 -7.77136e-10  4.66577e-21  3.98145e-10   3.5912e-21  3.55209e-10  1.36736e-21  1.75724e-10  1.94277e-22  6.82892e-11 -1.18722e-22  2.26295e-11 -1.11329e-22  6.59129e-12 -5.55933e-23  1.70488e-12 -1.99373e-23  3.90269e-13 -5.03752e-24  7.74031e-14 -5.26676e-25  1.24831e-14   3.4589e-25  1.27218e-15  3.01273e-25 -9.78981e-17  1.53013e-25  -1.0251e-16   6.1653e-26 -3.70346e-17  2.07898e-26 -1.01689e-17  5.64139e-27 -2.39259e-18  1.03328e-27   -5.031e-19  9.74864e-30 -9.63846e-20 -8.49085e-29 -1.69929e-20 -4.20661e-29 -2.77181e-21 -1.39644e-29 -4.19428e-22 -3.77743e-30 -5.89339e-23 -8.80529e-31 -7.68707e-24 -1.79343e-31 -9.29584e-25 -3.21038e-32 -1.03998e-25  -5.0993e-33 -1.07322e-26 -7.25165e-34 -1.01779e-27 -9.25233e-35  -8.8292e-29 -1.05576e-35 -6.96681e-30 -1.07406e-36 -4.96626e-31 -9.72471e-38 -3.17165e-32 -7.80899e-39 -1.79606e-33 -5.52091e-40 -8.90185e-35 -3.40237e-41 -3.79666e-36 -1.80711e-42 -1.36177e-37 -8.15463e-44 -3.97366e-39 -3.06164e-45 -8.94901e-41 -9.27466e-47 -1.40816e-42  -2.1673e-48 -1.17504e-44 -3.63139e-50  2.81078e-47  -3.7741e-52  1.36051e-48 -1.57058e-54
-7.15916e-18 -0.000607199  1.41475e-17   0.00290559  3.36074e-17  -0.00571822 -1.57598e-16    0.0048157  3.04409e-16 -0.000482015 -3.62576e-16  -0.00133933    2.763e-16 -1.36757e-05  -1.1447e-16  0.000377832 -1.20031e-17  0.000148927  4.39817e-17 -3.25826e-05  -1.3417e-17 -5.66307e-05 -1.03833e-17 -2.49169e-05  7.56797e-18 -1.74164e-06  1.88142e-18  4.68386e-06 -2.67922e-18  3.54314e-06  -9.5861e-19  1.44229e-06  6.34584e-19  2.90793e-07  4.90756e-19 -7.08206e-08  3.29864e-20 -1.01397e-07 -1.00188e-19  -5.8294e-08 -6.07595e-20 -2.39308e-08  -1.2585e-20 -7.55216e-09  5.75199e-21 -1.71481e-09  6.38659e-21 -1.48619e-10  2.94034e-21  1.07377e-10  6.61363e-22  8.12208e-11 -1.01068e-22  3.70739e-11 -1.81181e-22  1.36338e-11 -1.05898e-22    4.357e-12 -4.29692e-23   1.2491e-12 -1.28796e-23  3.26564e-13 -2.35292e-24  7.85936e-14  2.43934e-25  1.75108e-14  4.62996e-25    3.624e-15  2.58431e-25  6.97992e-16  1.04621e-25  1.25214e-16  3.43322e-26  2.09247e-17  8.97071e-27   3.2566e-18  1.58859e-27  4.71975e-19  2.68826e-29  6.37471e-20  -1.1169e-28  8.04867e-21 -5.35698e-29  9.57316e-22 -1.70713e-29  1.08936e-22 -4.42695e-30   1.2162e-23 -9.88299e-31  1.37295e-24 -1.92657e-31  1.59811e-25 -3.30044e-32  1.90499e-26 -5.01538e-33  2.25618e-27 -6.81528e-34  2.56128e-28 -8.29378e-35  2.70773e-29 -9.00874e-36  2.61377e-30  -8.7051e-37   2.2732e-31  -7.4648e-38  1.76305e-32 -5.65549e-39  1.20793e-33 -3.75437e-40   7.2358e-35 -2.15979e-41  3.74281e-36 -1.06285e-42  1.64528e-37 -4.39933e-44    6.016e-39 -1.49405e-45  1.77554e-40 -4.01196e-47  4.04338e-42 -8.04919e-49  6.59621e-44 -1.09195e-50  6.66407e-46 -7.95758e-53  2.69232e-48
 0.000215851 -3.14744e-17   -0.0022183  3.36074e-17   0.00740211  5.91248e-17    -0.011262 -2.28966e-16    0.0068181  3.78885e-16   0.00109026 -3.93222e-16  -0.00212658  2.75274e-16 -0.000658836 -1.16123e-16  0.000431789 -7.76239e-18   0.00036684   4.3306e-17   5.9254e-05 -1.60471e-17 -6.63765e-05  -7.5634e-18 -5.54079e-05  8.94233e-18  -1.8865e-05   1.0972e-18  6.23709e-07 -3.73991e-18  4.70298e-06 -1.23625e-18  3.14873e-06  8.80999e-19  1.26332e-06  7.23675e-19  2.89606e-07  9.50846e-20 -2.32876e-08 -1.29927e-19 -6.49393e-08 -9.61127e-20 -4.09683e-08 -2.69856e-20 -1.81572e-08  5.47809e-21 -6.43158e-09  9.65915e-21 -1.86118e-09  5.15329e-21 -4.19529e-10   1.4752e-21 -5.60444e-11  3.13097e-23  8.13954e-12 -2.36371e-22  9.57817e-12 -1.66097e-22  4.51948e-12 -7.48743e-23  1.63547e-12 -2.48892e-23  5.08157e-13 -5.55118e-24  1.41396e-13 -1.96527e-25  3.59719e-14  5.56214e-25  8.46738e-15  3.48581e-25  1.85805e-15  1.42497e-25  3.82011e-16  4.59235e-26  7.38444e-17  1.16842e-26  1.34533e-17   2.0265e-27  2.31367e-18  5.40919e-29  3.75948e-19 -1.19626e-28  5.77334e-20 -5.61844e-29  8.37622e-21  -1.7269e-29  1.14702e-21 -4.30508e-30  1.48012e-22 -9.22029e-31  1.79576e-23 -1.72188e-31  2.04246e-24 -2.82382e-32  2.17004e-25 -4.10462e-33  2.14458e-26 -5.32707e-34  1.96171e-27 -6.17831e-35   1.6515e-28 -6.38102e-36  1.27127e-29 -5.84785e-37  8.88079e-31 -4.74056e-38  5.58097e-32 -3.38082e-39  3.12253e-33 -2.10136e-40  1.53601e-34 -1.12434e-41  6.54041e-36 -5.10212e-43  2.36295e-37 -1.92473e-44  7.05199e-39 -5.85873e-46  1.67375e-40 -1.37514e-47  2.98016e-42 -2.31176e-49  3.59337e-44 -2.40892e-51  2.32649e-46 -1.00511e-53
  2.4503e-17  0.000945066 -8.34962e-17  -0.00571822  5.91248e-17    0.0146735  8.24391e-17   -0.0177651 -2.71504e-16    0.0071337  3.79565e-16   0.00386857 -3.32237e-16  -0.00227465  2.20633e-16  -0.00166192 -1.06551e-16  0.000152522  1.18266e-18   0.00056398  3.31703e-17  0.000245246 -1.61921e-17 -1.63314e-05  -1.4417e-18 -7.56001e-05  1.03555e-17 -4.53618e-05 -3.74756e-19 -1.25197e-05  -5.0822e-18  1.70757e-06 -1.56552e-18  3.93819e-06  1.12291e-18  2.46243e-06  9.81185e-19  9.99703e-07   1.8271e-19  2.65402e-07 -1.52353e-19  1.79669e-08 -1.35026e-19 -2.91434e-08 -4.54602e-20 -2.23158e-08  3.70641e-21 -1.08149e-08  1.30272e-20 -4.17892e-09  7.84682e-21 -1.36913e-09  2.63738e-21   -3.872e-10  3.18123e-22 -9.37517e-11 -2.47942e-22 -1.85296e-11  -2.2211e-22 -2.47374e-12 -1.10082e-22  6.91186e-14 -3.92387e-23  1.95893e-13 -9.71213e-24   8.7598e-14 -9.82298e-25  2.85863e-14  5.18041e-25  7.90496e-15   3.8647e-25  1.94641e-15  1.61119e-25  4.36486e-16  5.14291e-26  9.02246e-17  1.28457e-26  1.73097e-17  2.19692e-27   3.0946e-18  7.90578e-29  5.16681e-19 -1.08515e-28  8.06395e-20 -5.02543e-29  1.17643e-20  -1.4942e-29  1.60298e-21  -3.5876e-30  2.03695e-22 -7.37994e-31  2.40881e-23  -1.3211e-31  2.64363e-24  -2.0743e-32  2.68356e-25 -2.88334e-33  2.50947e-26 -3.57193e-34  2.15147e-27 -3.94482e-35  1.68161e-28 -3.86936e-36   1.1903e-29 -3.35784e-37  7.57001e-31 -2.56817e-38  4.28455e-32 -1.71982e-39  2.13322e-33 -9.97711e-41  9.20857e-35 -4.94484e-42  3.38316e-36 -2.05796e-43   1.0322e-37 -7.02211e-45  2.52786e-39 -1.89455e-46  4.72593e-41 -3.81709e-48  6.21614e-43 -5.19488e-50    4.916e-45 -3.79592e-52  1.47897e-47
 -0.00018524  8.62244e-17   0.00253302 -1.57598e-16    -0.011262  8.24391e-17    0.0236632  9.76928e-17   -0.0231804 -2.79665e-16   0.00484573  3.12336e-16   0.00705648 -2.07725e-16  -0.00128682  1.44284e-16  -0.00263852 -9.03995e-17 -0.000537239  5.79296e-18  0.000573887  1.58249e-17  0.000468625 -1.37002e-17  0.000113972  7.44714e-18 -5.56367e-05  1.22019e-17 -6.71462e-05  -2.1526e-18 -3.29556e-05  -6.6072e-18  -7.7373e-06 -1.98088e-18  1.69322e-06  1.30728e-18  2.82927e-06  1.22504e-18  1.71522e-06  2.79299e-19  7.16453e-07 -1.67751e-19  2.17418e-07 -1.73223e-19  3.89694e-08 -6.54398e-20 -4.94217e-09  8.89316e-22 -8.44045e-09   1.6206e-20 -4.80143e-09   1.0787e-20 -2.02944e-09  4.07585e-21  -7.2128e-10  7.67229e-22 -2.25253e-10 -1.91859e-22 -6.30508e-11 -2.56367e-22 -1.59606e-11 -1.39647e-22 -3.66125e-12 -5.24466e-23 -7.57656e-13 -1.38432e-23 -1.39492e-13 -1.94489e-24 -2.20981e-14  3.41014e-25 -2.74604e-15  3.55427e-25 -1.69191e-16  1.53808e-25  3.79389e-17  4.90967e-26  1.88034e-17  1.21211e-26  5.10377e-18  2.04919e-27  1.10152e-18  8.82219e-29  2.05426e-19 -8.58613e-29  3.41586e-20 -3.92541e-29  5.13666e-21 -1.13013e-29  7.03137e-22 -2.61564e-30  8.78262e-23 -5.17082e-31  1.00073e-23 -8.87492e-32  1.03775e-24 -1.33397e-32  9.75215e-26 -1.77245e-33  8.25171e-27 -2.09448e-34  6.22906e-28  -2.2005e-35  4.13908e-29 -2.04716e-36  2.37114e-30 -1.67938e-37  1.12937e-31 -1.20923e-38   4.1343e-33 -7.58305e-40   8.8467e-35  -4.0915e-41 -1.42941e-36 -1.86968e-42 -2.50532e-37 -7.09134e-44  -1.3772e-38 -2.16884e-45 -4.86002e-40 -5.11429e-47 -1.16927e-41 -8.63262e-49  -1.8069e-43 -9.02388e-51 -1.45197e-45 -3.77555e-53
 -4.5307e-17 -0.000539098  1.89878e-16    0.0048157 -2.28966e-16   -0.0177651  9.76928e-17    0.0321167  1.07315e-16   -0.0256395 -2.69901e-16  0.000198082  2.10239e-16    0.0094849  -7.0303e-17  0.000835456  8.36022e-17  -0.00309478 -6.90822e-17  -0.00149517  -1.3488e-18  0.000272665 -6.79543e-18  0.000616636  -9.5111e-18  0.000299838  1.78963e-17  2.40528e-05  1.47034e-17 -6.34733e-05 -3.68468e-18 -5.12764e-05 -8.03383e-18   -2.213e-05 -2.43305e-18 -4.77161e-06  1.39672e-18  1.12066e-06  1.40608e-18   1.7482e-06  3.56344e-19  1.05944e-06 -1.82635e-19  4.59112e-07 -2.08234e-19  1.55003e-07 -8.43852e-20  3.95166e-08 -2.25696e-21  5.68283e-09  1.90224e-20 -1.13193e-09  1.37084e-20 -1.32424e-09  5.65814e-21 -6.72858e-10  1.35089e-21 -2.62882e-10 -5.61962e-23 -8.79356e-11 -2.53225e-22 -2.62403e-11 -1.54207e-22 -7.13019e-12 -6.05987e-23 -1.78553e-12 -1.67199e-23 -4.15258e-13 -2.78992e-24 -9.01757e-14  8.43788e-26 -1.83576e-14   2.6867e-25 -3.51462e-15  1.24655e-25 -6.34504e-16  4.03087e-26 -1.08271e-16  9.90314e-27 -1.75004e-17  1.65386e-27 -2.68449e-18  7.71998e-29 -3.91404e-19 -6.08448e-29 -5.42943e-20  -2.7274e-29 -7.16637e-21 -7.59299e-30  -8.9914e-22  -1.6935e-30 -1.06991e-22 -3.21692e-31 -1.20304e-23 -5.29248e-32 -1.27207e-24 -7.61203e-33 -1.25734e-25 -9.66174e-34 -1.15379e-26 -1.08812e-34 -9.75527e-28 -1.08628e-35  -7.5364e-29  -9.5707e-37 -5.27118e-30 -7.40785e-38 -3.30358e-31  -5.0096e-39 -1.83321e-32 -2.93281e-40 -8.87983e-34 -1.46589e-41  -3.6887e-35  -6.1432e-43 -1.28425e-36 -2.10755e-44 -3.63145e-38 -5.71357e-46 -7.96355e-40 -1.15646e-47 -1.25619e-41 -1.58011e-49  -1.2312e-43 -1.15824e-51 -4.83793e-46
 1.80626e-05 -1.35458e-16 -0.000834858  3.04409e-16    0.0068181 -2.71504e-16   -0.0231804  1.07315e-16    0.0377873  1.19417e-16   -0.0245297  -2.6253e-16  -0.00556337  1.03985e-16    0.0102791  3.82383e-17    0.0035803  6.25676e-17  -0.00270424  -4.1624e-17  -0.00241498 -2.11948e-17 -0.000338159 -3.29359e-17  0.000577127  -5.5517e-18  0.000473311  2.80516e-17  0.000155427  1.76574e-17 -1.89807e-05 -4.47962e-18 -5.38113e-05 -8.96574e-18 -3.52714e-05 -2.76808e-18 -1.41415e-05  1.40082e-18  -3.1025e-06  1.48646e-18  4.74669e-07  3.84001e-19  9.07276e-07 -2.07511e-19  5.68468e-07 -2.40401e-19  2.56744e-07  -1.0092e-19  9.37959e-08 -5.26531e-21  2.84275e-08  2.12864e-20  6.96241e-09  1.63155e-20  1.19488e-09  7.20809e-21   1.9186e-11  2.00934e-21 -9.59633e-11  1.53821e-22 -5.35153e-11  -2.0483e-22  -2.0654e-11 -1.47606e-22  -6.6513e-12 -6.09073e-23 -1.89413e-12 -1.73855e-23  -4.8964e-13 -3.22261e-24 -1.16532e-13 -1.54836e-25 -2.57514e-14  1.60843e-25 -5.31221e-15  8.54226e-26 -1.02654e-15  2.85323e-26 -1.86224e-16  7.03187e-27 -3.17521e-17  1.15621e-27 -5.09042e-18  5.29025e-29 -7.67101e-19 -3.96082e-29  -1.0856e-19 -1.71212e-29 -1.44061e-20 -4.59067e-30 -1.78884e-21 -9.85094e-31 -2.07297e-22  -1.7964e-31 -2.23455e-23 -2.83073e-32 -2.23197e-24 -3.89272e-33 -2.05645e-25 -4.71568e-34 -1.73856e-26 -5.05602e-35 -1.34042e-27 -4.78955e-36 -9.35749e-29 -3.98945e-37 -5.86497e-30 -2.90722e-38 -3.26706e-31 -1.84146e-39 -1.59757e-32 -1.00293e-40  -6.7522e-34 -4.62242e-42 -2.41792e-35 -1.76539e-43 -7.14158e-37 -5.42902e-45 -1.67474e-38  -1.2865e-46 -2.94057e-40 -2.18146e-48 -3.48828e-42 -2.28914e-50 -2.21534e-44 -9.60844e-53
  4.9851e-17 -0.000100884 -2.58436e-16 -0.000482015  3.78885e-16    0.0071337 -2.79665e-16   -0.0256395  1.19417e-16    0.0396695  1.40582e-16    -0.020655 -2.65906e-16   -0.0109631  4.67039e-18   0.00924781  1.00341e-16   0.00622514  8.49884e-17  -0.00145691  -7.3415e-18  -0.00297624 -4.81631e-17   -0.0011245 -5.99903e-17  0.000297206 -3.88333e-18  0.000552128  3.57145e-17  0.000300461  2.03401e-17  6.52077e-05 -4.33185e-18 -2.99339e-05 -9.04505e-18  -3.8558e-05 -2.77819e-18  -2.2391e-05  1.38182e-18 -8.72615e-06  1.45969e-18 -2.12149e-06   3.4494e-19  2.16253e-08 -2.51324e-19  3.68261e-07 -2.71855e-19  2.53998e-07 -1.15151e-19  1.20784e-07 -8.26282e-21  4.68127e-08  2.26538e-20  1.55668e-08  1.82725e-20   4.5211e-09  8.52352e-21  1.14562e-09  2.65773e-21  2.47402e-10  4.13393e-22  4.21246e-11 -1.15288e-22  3.91687e-12 -1.19539e-22 -7.91697e-13 -5.28548e-23 -5.90829e-13 -1.55507e-23 -2.18196e-13 -3.08222e-24 -6.33908e-14 -2.91955e-25 -1.59307e-14   6.8688e-26 -3.59023e-15  4.88873e-26 -7.38243e-16  1.73999e-26 -1.39797e-16  4.34658e-27 -2.45048e-17  6.99293e-28 -3.98703e-18  2.72205e-29 -6.02812e-19 -2.41806e-29 -8.46914e-20 -9.83695e-30 -1.10463e-20 -2.52417e-30 -1.33525e-21 -5.19678e-31 -1.49217e-22 -9.08213e-32 -1.53679e-23 -1.36895e-32 -1.45296e-24 -1.79782e-33 -1.25514e-25 -2.07614e-34 -9.85061e-27 -2.11627e-35 -6.97625e-28 -1.89915e-36  -4.4219e-29 -1.49252e-37 -2.48362e-30 -1.02148e-38 -1.22088e-31 -6.04144e-40 -5.17078e-33 -3.04883e-41 -1.84867e-34 -1.28879e-42 -5.42701e-36 -4.45232e-44 -1.25757e-37 -1.21377e-45 -2.16534e-39   -2.469e-47 -2.49781e-41 -3.38869e-49 -1.55671e-43 -2.49339e-51 -2.60903e-46
 4.59274e-05  1.29404e-16  -0.00054511 -3.62576e-16   0.00109026  3.79565e-16   0.00484573 -2.69901e-16   -0.0245297  1.40582e-16    0.0383001  1.72589e-16   -0.0155248 -2.76355e-16   -0.0150101 -9.20469e-17   0.00680073  1.19274e-16   0.00817936  1.38411e-16  0.000385261  3.22641e-17  -0.00297769  -7.3477e-17  -0.00188059 -8.41812e-17 -0.000191593 -5.68603e-18  0.000476443  3.89297e-17  0.000405084  2.16804e-17  0.000168453 -3.43157e-18  2.11091e-05 -8.12217e-18 -2.53982e-05 -2.30411e-18 -2.43873e-05  1.42409e-18 -1.32243e-05  1.35283e-18  -5.1768e-06  2.42268e-19  -1.4386e-06 -3.16234e-19 -1.81054e-07  -3.0441e-19  9.05315e-08 -1.28149e-19  8.62304e-08 -1.19478e-20  4.49886e-08  2.26118e-20  1.84629e-08  1.92253e-20  6.49581e-09  9.39945e-21  2.02877e-09  3.19636e-21  5.72297e-10  6.80141e-22  1.47164e-10 -1.03555e-24  3.46533e-11 -7.59948e-23  7.48051e-12 -3.84053e-23  1.47723e-12 -1.17048e-23  2.65237e-13 -2.41276e-24  4.27602e-14 -2.94301e-25  6.03317e-15  1.39695e-26  7.01367e-16  2.31541e-26  5.46329e-17  9.19079e-27 -1.22283e-18   2.3547e-27 -1.59937e-18  3.66942e-28 -4.09622e-19   9.0663e-30 -7.57414e-20 -1.39411e-29    -1.16e-20  -5.2153e-30 -1.53299e-21 -1.27187e-30 -1.77038e-22 -2.50388e-31 -1.78355e-23 -4.18453e-32 -1.54381e-24 -6.02303e-33 -1.10476e-25 -7.54294e-34 -5.86743e-27 -8.29183e-35 -1.27321e-28 -8.02261e-36   1.7617e-29 -6.80716e-37  2.99686e-30 -5.03569e-38  2.85155e-31 -3.22763e-39  2.03638e-32 -1.77613e-40  1.16066e-33 -8.26664e-42  5.34323e-35 -3.18484e-43  1.96677e-36 -9.86287e-45  5.62891e-38 -2.35043e-46  1.18949e-39 -4.00551e-48  1.68356e-41 -4.22176e-50   1.2703e-43 -1.77866e-52
-2.97952e-17  0.000141312  2.18547e-16  -0.00133933 -3.93222e-16   0.00386857  3.12336e-16  0.000198082  -2.6253e-16    -0.020655  1.72589e-16    0.0350995  2.14727e-16   -0.0104815 -2.87262e-16   -0.0174229 -1.91945e-16   0.00359873  1.07745e-16   0.00915691  2.02715e-16   0.00244255  7.34305e-17  -0.00238659 -8.90993e-17  -0.00240963 -1.01334e-16 -0.000788265 -1.07493e-17  0.000233098  3.66046e-17  0.000420691  2.06488e-17  0.000257168 -2.30419e-18   8.7843e-05 -6.35586e-18  4.76887e-06 -1.33634e-18 -1.65232e-05  1.57976e-18 -1.37651e-05  1.20647e-18 -7.21413e-06  9.52867e-20 -2.88618e-06 -3.96886e-19 -9.02796e-07 -3.38331e-19 -2.01077e-07 -1.41263e-19 -1.33905e-08  -1.7308e-20  1.60426e-08  2.05987e-20  1.15137e-08  1.88619e-20  5.27221e-09   9.6586e-21  1.96818e-09  3.52588e-21  6.41984e-10  9.02031e-22  1.88605e-10  1.13308e-22  5.07312e-11 -2.72766e-23    1.262e-11 -2.12379e-23  2.92299e-12 -6.90285e-24  6.33365e-13 -1.43578e-24  1.28851e-13 -1.88919e-25  2.46781e-14 -2.24513e-27  4.45907e-15  9.77993e-27  7.61331e-16  4.39835e-27   1.2296e-16  1.15593e-27   1.8795e-17  1.72029e-28  2.71866e-18  7.49989e-31  3.71828e-19 -7.46507e-30  4.80062e-20  -2.5491e-30  5.83642e-21 -5.88666e-31  6.65961e-22 -1.10564e-31  7.10239e-23 -1.76374e-32   7.0448e-24 -2.42032e-33  6.46192e-25 -2.88629e-34  5.44578e-26 -3.01582e-35  4.18566e-27 -2.76478e-36  2.90953e-28 -2.21328e-37  1.81138e-29 -1.53719e-38  9.98448e-31 -9.19767e-40  4.80514e-32 -4.69006e-41    1.984e-33 -2.00237e-42  6.86906e-35 -6.97844e-44  1.93256e-36 -1.91585e-45  4.21878e-38 -3.91953e-47  6.62769e-40  -5.4063e-49  6.47195e-42  -3.9948e-51  2.53457e-44
 2.63564e-06 -6.53418e-17  0.000193804    2.763e-16  -0.00212658 -3.32237e-16   0.00705648  2.10239e-16  -0.00556337 -2.65906e-16   -0.0155248  2.14727e-16    0.0314619  2.66281e-16  -0.00625387 -2.95028e-16   -0.0184295 -2.92736e-16  0.000236824   7.8649e-17   0.00915638  2.58375e-16   0.00436367  1.11451e-16  -0.00130972  -9.0244e-17  -0.00258118 -1.08116e-16  -0.00136044 -1.76449e-17 -0.000140964   2.8879e-17  0.000322325  1.66778e-17  0.000297142 -1.61085e-18  0.000149851 -4.19279e-18  4.50757e-05  -6.2515e-20  1.07248e-06  1.81941e-18 -8.71509e-06  1.04295e-18 -6.85869e-06 -7.54922e-20 -3.55708e-06 -4.85512e-19 -1.46031e-06 -3.73297e-19 -4.97121e-07 -1.55937e-19 -1.39928e-07  -2.5358e-20 -3.05102e-08  1.61558e-20 -3.65505e-09  1.69793e-20  8.34437e-10  9.18258e-21  7.96071e-10  3.56639e-21  3.62756e-10  1.03006e-21  1.29115e-10  2.02271e-22  3.96397e-11  1.54785e-23  1.09067e-11 -5.40368e-24  2.74107e-12  -2.3515e-24  6.36073e-13 -4.46928e-25  1.37192e-13 -3.94835e-26  2.76181e-14  6.23223e-27  5.20268e-15  5.51874e-27  9.18441e-16  2.24364e-27  1.52024e-16  5.71892e-28  2.35902e-17  8.06746e-29  3.42894e-18 -5.20865e-31  4.66209e-19 -3.53615e-30  5.91748e-20 -1.12995e-30  6.99398e-21 -2.48562e-31  7.67349e-22 -4.46232e-32  7.78628e-23 -6.79594e-33  7.27508e-24 -8.88656e-34  6.22727e-25 -1.00831e-34  4.85415e-26 -1.00031e-35  3.42163e-27 -8.67525e-37  2.16291e-28 -6.53777e-38  1.21386e-29 -4.25113e-39  5.97435e-31 -2.36618e-40  2.53923e-32 -1.11289e-41  9.13572e-34 -4.33117e-43  2.70866e-35 -1.35325e-44  6.37035e-37 -3.24809e-46  1.12061e-38 -5.56757e-48  1.33019e-40 -5.89674e-50  8.44052e-43 -2.49431e-52
 3.68463e-18  5.49615e-05 -9.70241e-17 -1.36757e-05  2.75274e-16  -0.00227465 -2.07725e-16    0.0094849  1.03985e-16   -0.0109631 -2.76355e-16   -0.0104815  2.66281e-16    0.0282354  3.25458e-16   -0.0029993 -2.98504e-16   -0.0184465  -3.8409e-16   -0.0028975  4.11156e-17   0.00834581  2.91823e-16   0.00590285   1.4234e-16  7.02668e-05 -7.59762e-17  -0.00235097 -1.02958e-16  -0.00178389 -2.43065e-17 -0.000572421  1.71199e-17  0.000116882  9.92609e-18  0.000265819 -1.90123e-18  0.000184959 -2.23613e-18  8.31727e-05  1.16396e-18    2.396e-05   2.0151e-18  1.29454e-06  8.41008e-19  -3.6129e-06 -2.65652e-19 -2.91777e-06 -5.79988e-19 -1.52945e-06 -4.10978e-19 -6.43217e-07 -1.74142e-19 -2.30752e-07 -3.70574e-20 -7.22567e-08  9.01654e-21 -1.98415e-08  1.35251e-20 -4.71937e-09  7.93518e-21 -9.30729e-10   3.2762e-21 -1.30604e-10   1.0317e-21 -1.61072e-12  2.47171e-22  7.30117e-12  4.37958e-23  3.39927e-12  5.98833e-24  1.09849e-12  1.00851e-24  2.96116e-13    3.044e-25  7.04244e-14  8.90932e-26  1.51413e-14  2.16642e-26  2.97971e-15  5.57097e-27   5.4039e-16  1.53039e-27  9.06465e-17  3.38704e-28  1.40881e-17  4.64755e-29  2.02939e-18    1.006e-30  2.70772e-19 -1.32999e-30  3.34123e-20 -4.35312e-31  3.80433e-21 -9.36592e-32  3.98467e-22 -1.62527e-32  3.82463e-23 -2.37501e-33  3.34838e-24 -2.96604e-34   2.6587e-25 -3.20522e-35   1.9016e-26 -3.01927e-36  1.21498e-27 -2.47477e-37    6.864e-29 -1.75242e-38  3.38525e-30 -1.06391e-39  1.43385e-31 -5.48811e-41  5.10421e-33 -2.36869e-42   1.4823e-34 -8.34272e-44  3.36208e-36 -2.31172e-45  5.55535e-38 -4.76507e-47  5.87906e-40 -6.61234e-49  2.89393e-42 -4.90927e-51 -1.82989e-46
-1.08639e-05 -5.26385e-20  0.000195471  -1.1447e-16 -0.000658836  2.20633e-16  -0.00128682  -7.0303e-17    0.0102791  4.67039e-18   -0.0150101 -2.87262e-16  -0.00625387  3.25458e-16    0.0257027  3.86871e-16 -0.000566357 -2.96307e-16   -0.0178564 -4.53732e-16  -0.00561797  2.28956e-19   0.00694957  2.97318e-16   0.00693115  1.63917e-16    0.0015544 -4.84878e-17  -0.00175135 -8.63055e-17  -0.00196988 -2.86461e-17 -0.000973207  3.59135e-18 -0.000159466  1.29707e-18  0.000159989 -3.41844e-18  0.000177153 -1.06057e-18  0.000105605  1.92177e-18  4.47818e-05  1.96747e-18  1.33398e-05  5.31826e-19  1.75473e-06 -4.96062e-19   -9.907e-07 -6.89514e-19 -9.85964e-07 -4.57096e-19 -5.42367e-07 -1.98776e-19 -2.34544e-07 -5.33008e-20 -8.68326e-08  -8.6405e-22 -2.85006e-08  8.60903e-21 -8.44152e-09  5.97438e-21 -2.27842e-09  2.66471e-21  -5.6338e-10  9.00257e-22 -1.27914e-10  2.41167e-22 -2.66606e-11  5.40425e-23 -5.08608e-12  1.15537e-23 -8.82382e-13  2.75166e-24 -1.37529e-13  6.94378e-25 -1.88074e-14  1.57594e-25 -2.14064e-15  3.13127e-26 -1.72135e-16  6.18708e-27 -7.96101e-19  1.29659e-27  3.23664e-18  2.45515e-28  8.27055e-19  3.39218e-29  1.43466e-19  2.34601e-30   1.9985e-20 -2.67212e-31  2.32358e-21 -1.31635e-31  2.24362e-22   -2.999e-32  1.70883e-23 -5.19272e-33  8.34683e-25 -7.39081e-34 -1.28708e-26 -8.88506e-35 -9.02085e-27 -9.18689e-36 -1.30118e-27 -8.23739e-37 -1.30653e-28  -6.3851e-38 -1.04145e-29 -4.24413e-39 -6.83293e-31 -2.40017e-40 -3.71799e-32 -1.14324e-41  -1.6663e-33  -4.5032e-43  -6.0386e-35 -1.42356e-44 -1.71354e-36  -3.4523e-46 -3.60702e-38 -5.96788e-48 -5.10208e-40 -6.36264e-50 -3.85653e-42 -2.70446e-52
 6.15842e-18  -1.8744e-05 -7.87807e-18  0.000377832 -1.16123e-16  -0.00166192  1.44284e-16  0.000835456  3.82383e-17   0.00924781 -9.20469e-17   -0.0174229 -2.95028e-16   -0.0029993  3.86871e-16    0.0238125  4.41548e-16   0.00127394 -2.86102e-16   -0.0169279 -4.93897e-16  -0.00787244 -4.19234e-17   0.00517922  2.75965e-16   0.00741241   1.7589e-16    0.0029657 -1.19072e-17 -0.000868024 -6.02739e-17  -0.00187722 -2.89982e-17  -0.00126168 -9.06411e-18 -0.000451582 -7.77163e-18  -2.9611e-06 -6.02055e-18   0.00012226 -1.04568e-18  0.000102755  1.84683e-18  5.60072e-05  1.46753e-18  2.32666e-05  2.07083e-20   7.4399e-06 -8.07574e-19  1.59767e-06 -8.33425e-19  7.64857e-09   -5.208e-19 -2.14698e-07 -2.33243e-19 -1.42222e-07  -7.4728e-20 -6.54894e-08 -1.32626e-20 -2.50316e-08  2.50759e-21 -8.40977e-09  3.45468e-21 -2.55037e-09  1.79556e-21 -7.08619e-10  6.56968e-22 -1.82087e-10  1.90168e-22 -4.35484e-11  4.77078e-23 -9.73831e-12   1.1693e-23  -2.0432e-12  2.98427e-24 -4.03279e-13    7.372e-25 -7.50321e-14  1.60433e-25 -1.31791e-14   3.0743e-26 -2.18749e-15  5.66101e-27 -3.43245e-16  1.05299e-27 -5.09051e-17  1.81059e-28 -7.12882e-18  2.51772e-29 -9.41106e-19  2.48678e-30 -1.16827e-19   1.0667e-31 -1.35928e-20 -2.15207e-32 -1.47626e-21 -7.32573e-33 -1.48941e-22 -1.38292e-33 -1.38818e-23 -1.98757e-34 -1.18768e-24 -2.34265e-35 -9.26063e-26 -2.34313e-36 -6.52652e-27 -2.01298e-37 -4.11769e-28 -1.48018e-38 -2.29939e-29 -9.23976e-40 -1.12082e-30 -4.86013e-41 -4.68662e-32 -2.13038e-42 -1.64318e-33 -7.61463e-44 -4.68177e-35 -2.14023e-45 -1.03516e-36 -4.46818e-47 -1.64747e-38 -6.26627e-49 -1.63026e-40 -4.68977e-51 -6.47242e-43
-5.07073e-06  1.95085e-17  1.77796e-05 -1.20031e-17  0.000431789 -1.06551e-16  -0.00263852  8.36022e-17    0.0035803  1.00341e-16   0.00680073 -1.91945e-16   -0.0184295 -2.98504e-16 -0.000566357  4.41548e-16    0.0224062  4.80362e-16   0.00271441 -2.65958e-16   -0.0158237 -5.04393e-16  -0.00967769 -8.50492e-17   0.00320614  2.33215e-16   0.00737086  1.79161e-16   0.00416634  2.87963e-17  0.000184778 -2.80059e-17  -0.00151202 -2.43561e-17  -0.00137849 -1.83815e-17 -0.000699101 -1.56588e-17 -0.000189741 -9.23186e-18  2.96634e-05 -2.28188e-18  7.24323e-05  7.39664e-19  5.28439e-05  3.69405e-19  2.73583e-05 -7.73893e-19  1.13497e-05 -1.24231e-18  3.88139e-06  -1.0325e-18  1.06992e-06 -6.10784e-19  2.08792e-07 -2.79914e-19   7.1268e-09 -1.01234e-19 -1.81369e-08 -2.75749e-20  -1.1418e-08 -4.32462e-21 -4.84749e-09   6.1955e-22 -1.70215e-09    7.784e-22  -5.2567e-10  3.45393e-22 -1.46736e-10   1.0982e-22 -3.75708e-11  3.00358e-23 -8.90151e-12  8.06298e-24 -1.96238e-12  2.17578e-24 -4.03971e-13  5.42377e-25 -7.78257e-14  1.16898e-25 -1.40483e-14  2.21381e-26 -2.37702e-15  3.96889e-27 -3.76904e-16   6.9915e-28 -5.59545e-17  1.13819e-28 -7.76642e-18  1.56827e-29 -1.00583e-18   1.7282e-30 -1.21239e-19  1.40894e-31 -1.35594e-20   4.9615e-33 -1.40189e-21 -1.02774e-33 -1.33411e-22 -2.90019e-34 -1.16272e-23 -4.54234e-35 -9.22571e-25 -5.41765e-36 -6.61834e-26 -5.33351e-37 -4.25736e-27 -4.43399e-38 -2.43142e-28 -3.10752e-39 -1.21793e-29 -1.82388e-40 -5.26967e-31 -8.91157e-42 -1.93087e-32 -3.58206e-43 -5.83385e-34 -1.15434e-44 -1.39934e-35 -2.85233e-46 -2.51349e-37 -5.01636e-48 -3.05131e-39 -5.42663e-50 -1.98441e-41 -2.33192e-52
-9.45018e-19 -2.21235e-05  3.47053e-17  0.000148927 -7.76239e-18  0.000152522 -9.03995e-17  -0.00309478  6.25676e-17   0.00622514  1.19274e-16   0.00359873 -2.92736e-16   -0.0184465 -2.96307e-16   0.00127394  4.80362e-16    0.0213372  4.98348e-16   0.00388734 -2.35779e-16   -0.0146346 -4.91655e-16   -0.0110775 -1.29525e-16   0.00115874  1.76192e-16   0.00686425  1.74913e-16   0.00506083  6.86531e-17   0.00128455  7.01685e-18 -0.000920082 -1.44508e-17  -0.00129556 -2.25409e-17 -0.000849853 -2.09355e-17 -0.000359768 -1.23904e-17 -8.01858e-05 -4.56768e-18   2.0872e-05 -1.37778e-18  3.51228e-05 -1.35201e-18  2.38495e-05 -1.87953e-18  1.19988e-05 -1.81942e-18  4.99195e-06  -1.2964e-18  1.78357e-06 -7.29709e-19  5.53612e-07  -3.3807e-19   1.4818e-07 -1.31367e-19  3.29591e-08 -4.26954e-20  5.35118e-09  -1.1257e-20   2.0704e-10 -2.22157e-21 -2.90087e-10 -2.50191e-22 -1.57632e-10  2.01664e-23 -5.67871e-11  2.01113e-23 -1.68724e-11  7.81057e-24 -4.40203e-12  2.78586e-24 -1.03585e-12   9.1594e-25 -2.22868e-13  2.50104e-25 -4.41769e-14  5.53145e-26 -8.10225e-15  1.04671e-26 -1.37803e-15  1.85698e-27 -2.17541e-16  3.20098e-28 -3.18704e-17  5.04816e-29  -4.3289e-18  6.76018e-30 -5.44215e-19  7.41095e-31 -6.31736e-20    6.403e-32 -6.75063e-21  3.49468e-33 -6.61547e-22 -1.16871e-34 -5.91842e-23 -6.51509e-35 -4.80732e-24   -1.079e-35 -3.52213e-25  -1.2751e-36 -2.30929e-26 -1.21978e-37 -1.34196e-27 -9.71944e-39 -6.82988e-29  -6.4386e-40 -2.99896e-30 -3.52618e-41 -1.11417e-31 -1.58832e-42 -3.41192e-33 -5.80421e-44 -8.30115e-35 -1.66774e-45 -1.51831e-36  -3.5621e-47 -1.90461e-38 -5.10822e-49 -1.36797e-40 -3.89903e-51 -3.32131e-43
 2.03788e-07 -4.40362e-18 -4.35562e-05  4.39817e-17   0.00036684  1.18266e-18 -0.000537239 -6.90822e-17  -0.00270424  8.49884e-17   0.00817936  1.07745e-16  0.000236824  -3.8409e-16   -0.0178564 -2.86102e-16   0.00271441  4.98348e-16    0.0205037  4.96886e-16   0.00487724 -1.97542e-16   -0.0134091 -4.65317e-16   -0.0121209 -1.75396e-16 -0.000870606  1.11737e-16   0.00596558  1.64019e-16   0.00559207  1.03347e-16    0.0023148   4.1559e-17 -0.000175898  2.84093e-19  -0.00101861  -2.0659e-17 -0.000870395  -2.2664e-17 -0.000475179  -1.4831e-17 -0.000181461 -7.48266e-18 -3.91161e-05 -4.26609e-18  7.43995e-06 -3.57706e-18  1.36321e-05 -3.24322e-18  9.12768e-06 -2.51616e-18  4.54042e-06 -1.61338e-18   1.8906e-06 -8.69826e-19  6.88752e-07 -4.02498e-19  2.24217e-07 -1.62035e-19  6.59471e-08 -5.70222e-20  1.76165e-08 -1.75372e-20  4.27801e-09 -4.73761e-21  9.41109e-10 -1.15357e-21   1.8574e-10 -2.66382e-22  3.21951e-11 -6.03545e-23  4.66099e-12 -1.28039e-23  4.80436e-13 -2.26809e-24  3.58383e-15 -2.93524e-25 -1.48498e-14 -2.30244e-26 -5.02797e-15 -4.61653e-28 -1.17536e-15  1.64147e-28 -2.26764e-16  6.42878e-29 -3.80604e-17  1.95724e-29 -5.67531e-18  3.67856e-30 -7.58364e-19  3.55014e-31 -9.10118e-20 -7.29419e-33 -9.78759e-21 -9.60132e-33 -9.37153e-22 -2.21771e-33  -7.8946e-23 -3.63586e-34 -5.72809e-24 -4.79886e-35 -3.43244e-25 -5.28944e-36 -1.52608e-26  -4.9962e-37 -2.91627e-28 -4.09128e-38  2.78178e-29 -2.87707e-39  3.88437e-30 -1.70504e-40   2.8803e-31 -8.38843e-42  1.54426e-32 -3.38329e-43  6.31278e-34 -1.09531e-44  1.95722e-35 -2.73269e-46  4.41559e-37 -4.87975e-48  6.61102e-39 -5.37972e-50  5.24477e-41 -2.35677e-52
-3.63638e-18 -6.38839e-06 -9.11535e-18 -3.25826e-05   4.3306e-17   0.00056398  5.79296e-18  -0.00149517  -4.1624e-17  -0.00145691  1.38411e-16   0.00915691   7.8649e-17   -0.0028975 -4.53732e-16   -0.0169279 -2.65958e-16   0.00388734  4.96886e-16    0.0198422   4.8267e-16   0.00573861 -1.54454e-16   -0.0121724 -4.34456e-16   -0.0128536 -2.21707e-16   -0.0028164  4.54311e-17   0.00475253  1.47002e-16   0.00573522  1.29751e-16   0.00317423   7.3059e-17  0.000629185  1.88384e-17 -0.000584433 -1.28625e-17 -0.000752181 -2.05499e-17 -0.000509803  -1.6043e-17 -0.000250056    -1.05e-17 -9.21158e-05  -7.5238e-18 -2.24434e-05 -6.05688e-18 -1.19568e-07 -4.72971e-18   3.7689e-06 -3.26311e-18  2.76004e-06 -1.94761e-18  1.39702e-06  -1.0124e-18  5.84049e-07 -4.63766e-19  2.13672e-07 -1.88861e-19  7.02795e-08 -6.86926e-20  2.11008e-08 -2.24168e-20  5.83902e-09 -6.63832e-21  1.49909e-09 -1.82345e-21  3.58813e-10  -4.7588e-22  8.03701e-11 -1.18667e-22  1.68979e-11 -2.77066e-23  3.34351e-12 -5.90964e-24  6.23982e-13 -1.15103e-24  1.10045e-13 -2.10987e-25  1.83678e-14 -3.75505e-26  2.90463e-15  -6.4529e-27  4.35348e-16 -1.03908e-27  6.18154e-17 -1.55084e-28   8.3032e-18 -2.18453e-29  1.05243e-18  -2.9538e-30  1.25426e-19 -3.80647e-31   1.3991e-20 -4.59582e-32  1.45284e-21 -5.14955e-33  1.39572e-22 -5.31818e-34  1.23192e-23 -5.00617e-35  9.91321e-25 -4.25275e-36  7.21019e-26 -3.24439e-37  4.69348e-27 -2.20659e-38    2.703e-28  -1.3155e-39  1.35815e-29 -6.71996e-41  5.85108e-31 -2.87747e-42  2.11269e-32 -1.00965e-43  6.19705e-34 -2.81066e-45  1.41031e-35 -5.87795e-47   2.3101e-37 -8.34556e-49  2.35305e-39 -6.36915e-51  9.61946e-42
 1.31409e-06 -7.30334e-18 -2.71165e-05  -1.3417e-17   5.9254e-05  3.31703e-17  0.000573887  -1.3488e-18  -0.00241498  -7.3415e-18  0.000385261  2.02715e-16   0.00915638  4.11156e-17  -0.00561797 -4.93897e-16   -0.0158237 -2.35779e-16   0.00487724   4.8267e-16    0.0193139  4.64519e-16   0.00650856 -1.09827e-16   -0.0109361 -4.05122e-16   -0.0133143 -2.66365e-16    -0.004632  -1.8562e-17   0.00330212  1.24437e-16   0.00549168   1.4633e-16    0.0037824  9.98816e-17   0.00139848  3.98232e-17 -5.41107e-05 -1.53527e-19 -0.000512778 -1.49318e-17 -0.000455124 -1.57609e-17 -0.000270045 -1.31004e-17 -0.000124806 -1.06731e-17  -4.6275e-05 -8.46267e-18 -1.31933e-05 -6.14608e-18 -2.23024e-06  -3.9566e-18   3.6038e-07 -2.24612e-18  5.43323e-07  -1.1318e-18   3.1116e-07 -5.10419e-19  1.34983e-07 -2.07231e-19  4.98409e-08 -7.60218e-20  1.63586e-08 -2.53235e-20  4.87609e-09 -7.73779e-21  1.33639e-09 -2.20168e-21    3.394e-10 -5.90689e-22  8.02901e-11 -1.49517e-22  1.77546e-11 -3.53313e-23  3.67853e-12 -7.72221e-24  7.15141e-13 -1.56573e-24   1.3055e-13 -2.98257e-25  2.23807e-14 -5.38286e-26  3.60138e-15 -9.16015e-27   5.4339e-16 -1.45483e-27  7.67567e-17 -2.14887e-28   1.0129e-17 -2.96203e-29  1.24543e-18 -3.81638e-30  1.42229e-19 -4.57573e-31  1.50293e-20 -5.07227e-32  1.46304e-21 -5.17091e-33  1.30534e-22 -4.81915e-34   1.0611e-23 -4.07453e-35  7.80429e-25 -3.10288e-36  5.15086e-26 -2.11508e-37  3.02068e-27 -1.27871e-38   1.5551e-28  -6.7511e-40  6.92236e-30   -3.049e-41  2.61265e-31 -1.15012e-42  8.14277e-33 -3.51805e-44  2.01836e-34 -8.35719e-46  3.75463e-36 -1.43327e-47  4.73369e-38 -1.53363e-49  3.20857e-40 -6.59606e-52
 1.83142e-18  1.81501e-06 -1.00219e-17 -5.66307e-05 -1.60471e-17  0.000245246  1.58249e-17  0.000272665 -2.11948e-17  -0.00297624  3.22641e-17   0.00244255  2.58375e-16   0.00834581  2.28956e-19  -0.00787244 -5.04393e-16   -0.0146346 -1.97542e-16   0.00573861  4.64519e-16    0.0188941  4.49966e-16   0.00721409 -6.63113e-17  -0.00970419 -3.79683e-16   -0.0135338 -3.06523e-16  -0.00628303 -7.71928e-17   0.00168884   9.7473e-17   0.00488452  1.53297e-16   0.00408335  1.21389e-16   0.00204068  6.17043e-17  0.000496674  1.58737e-17 -0.000192208 -6.63426e-18 -0.000322001 -1.39769e-17  -0.00023771 -1.48618e-17 -0.000129835 -1.32534e-17  -5.8022e-05 -1.04548e-17 -2.18939e-05  -7.2856e-18 -6.97627e-06 -4.48448e-18 -1.80849e-06 -2.45316e-18  -3.2782e-07 -1.20276e-18 -3.90986e-09 -5.32326e-19  3.08806e-08 -2.13634e-19  1.81124e-08  -7.7982e-20  7.37563e-09  -2.6012e-20  2.50063e-09 -7.99533e-21   7.4699e-10 -2.28846e-21  2.01647e-10 -6.14375e-22  4.98571e-11 -1.54633e-22  1.13798e-11 -3.62722e-23  2.40919e-12 -7.89744e-24  4.74427e-13 -1.59986e-24  8.70339e-14 -3.03352e-25  1.48823e-14 -5.39788e-26  2.37146e-15 -8.98423e-27  3.51844e-16 -1.39174e-27   4.8533e-17 -2.00221e-28  6.21158e-18 -2.67482e-29  7.35746e-19 -3.31351e-30  8.03981e-20 -3.79161e-31  8.07454e-21 -3.98885e-32  7.41995e-22 -3.83879e-33  6.20581e-23 -3.35922e-34  4.69448e-24   -2.654e-35  3.18802e-25 -1.87955e-36  1.92612e-26 -1.18388e-37  1.02395e-27 -6.56065e-39   4.7242e-29 -3.14848e-40  1.85854e-30 -1.28135e-41  6.09085e-32  -4.3058e-43  1.60997e-33 -1.15196e-44  3.27263e-35 -2.31994e-46  4.73414e-37 -3.18169e-48  4.19485e-39 -2.35886e-50  1.46096e-41
 7.21367e-07  3.90217e-18 -4.67078e-06 -1.03833e-17 -6.63765e-05 -1.61921e-17  0.000468625 -6.79543e-18 -0.000338159 -4.81631e-17  -0.00297769  7.34305e-17   0.00436367  2.91823e-16   0.00694957 -4.19234e-17  -0.00967769 -4.91655e-16   -0.0134091 -1.54454e-16   0.00650856  4.49966e-16    0.0185671  4.43108e-16   0.00787624 -2.56786e-17  -0.00847509 -3.57636e-16   -0.0135354 -3.39229e-16  -0.00774234 -1.28078e-16 -1.51842e-05  6.82013e-17   0.00395545  1.52472e-16   0.00404823  1.37832e-16   0.00247979  8.30234e-17  0.000989163  3.33786e-17  0.000154876  3.25292e-18  -0.00013785 -1.08944e-17 -0.000162113 -1.55137e-17 -0.000107658 -1.49035e-17  -5.5636e-05 -1.17543e-17 -2.42663e-05 -7.97729e-18 -9.22948e-06 -4.75619e-18 -3.10532e-06 -2.52634e-18 -9.27701e-07 -1.20813e-18 -2.44528e-07 -5.23817e-19 -5.56123e-08 -2.06754e-19 -1.02512e-08 -7.45125e-20 -1.20318e-09 -2.46273e-20  8.99888e-11 -7.51638e-21  1.14485e-10 -2.13453e-21  4.61379e-11 -5.66591e-22  1.39437e-11 -1.40491e-22  3.57709e-12 -3.24292e-23  8.13088e-13 -6.95506e-24  1.66982e-13 -1.38817e-24  3.12945e-14  -2.5858e-25  5.38056e-15 -4.49769e-26  8.50858e-16  -7.2872e-27   1.2385e-16 -1.09639e-27  1.65853e-17 -1.52884e-28  2.04011e-18 -1.97305e-29  2.29928e-19 -2.35093e-30  2.36607e-20 -2.57674e-31  2.21317e-21 -2.58653e-32  1.87109e-22 -2.36561e-33  1.41965e-23 -1.95898e-34  9.58015e-25 -1.45831e-35  5.68388e-26 -9.68261e-37  2.91958e-27 -5.68081e-38   1.2708e-28 -2.90851e-39  4.53779e-30 -1.27733e-40  1.25724e-31  -4.7024e-42  2.38903e-33 -1.40679e-43  1.82953e-35 -3.26921e-45 -4.84909e-37 -5.48181e-47 -1.74659e-38 -5.73639e-49 -2.03081e-40 -2.41841e-51
 6.69371e-19   2.5799e-06   5.9105e-18 -2.49169e-05  -7.5634e-18 -1.63314e-05 -1.37002e-17  0.000616636 -3.29359e-17   -0.0011245  -7.3477e-17  -0.00238659  1.11451e-16   0.00590285  2.97318e-16   0.00517922 -8.50492e-17   -0.0110775 -4.65317e-16   -0.0121724 -1.09827e-16   0.00721409  4.43108e-16    0.0183226  4.44181e-16   0.00851249    1.099e-17  -0.00724338 -3.37048e-16   -0.0133349 -3.62025e-16  -0.00898586 -1.69133e-16   -0.0017388  3.96471e-17   0.00276317  1.46819e-16   0.00367722  1.50092e-16   0.00266374  1.02559e-16   0.00135365  5.05947e-17  0.000469836  1.36005e-17   6.0041e-05 -6.85268e-18 -6.21306e-05 -1.49606e-17 -6.58503e-05 -1.54206e-17 -4.13157e-05 -1.21988e-17 -2.05448e-05 -8.12635e-18 -8.75273e-06 -4.72676e-18 -3.30388e-06 -2.44868e-18 -1.12494e-06 -1.14382e-18 -3.49246e-07 -4.85337e-19 -9.95429e-08 -1.87843e-19 -2.61661e-08  -6.6526e-20 -6.36247e-09 -2.16509e-20 -1.43396e-09 -6.51289e-21 -2.99951e-10 -1.82122e-21 -5.82905e-11 -4.74857e-22 -1.05351e-11 -1.15391e-22 -1.77377e-12 -2.60789e-23 -2.79081e-13 -5.47646e-24 -4.12682e-14 -1.06959e-24 -5.79097e-15 -1.94522e-25 -7.82295e-16 -3.29299e-26  -1.0352e-16 -5.17844e-27 -1.36178e-17 -7.54679e-28 -1.78825e-18 -1.01722e-28 -2.32042e-19  -1.2655e-29  -2.9155e-20 -1.44894e-30 -3.46803e-21 -1.52111e-31 -3.83005e-22 -1.45759e-32 -3.86779e-23 -1.26795e-33 -3.52916e-24 -9.94732e-35 -2.88003e-25 -6.98448e-36 -2.08131e-26 -4.35092e-37 -1.31763e-27 -2.37881e-38 -7.21407e-29 -1.12529e-39 -3.36071e-30 -4.51749e-41 -1.30365e-31 -1.49913e-42 -4.08564e-33 -3.96237e-44 -9.88926e-35 -7.87905e-46  -1.7165e-36 -1.06585e-47 -1.84722e-38  -7.7912e-50 -7.95998e-41
