   0.0663939   1.3485e-15    -0.028292  -1.1838e-15   -0.0223917 -9.34394e-17   -0.0105418 -1.99615e-16  -0.00380086  -1.7788e-16 -0.000988496 -5.31003e-17 -7.39318e-05  -4.7441e-18  0.000121991  3.07905e-18  0.000109045  4.13917e-18  6.36894e-05  4.44874e-18   3.0581e-05  3.72458e-18  1.27911e-05  2.45365e-18  4.74118e-06  1.33156e-18  1.55535e-06  6.17455e-19  4.43484e-07  2.51131e-19   1.0447e-07  9.13587e-20  1.71107e-08  3.01609e-20 -1.03616e-10  9.13472e-21  -1.5918e-09  2.55903e-21 -8.56091e-10  6.67352e-22 -3.26263e-10  1.62833e-22 -1.04064e-10  3.73259e-23 -2.93022e-11  8.06466e-24 -7.46304e-12  1.64682e-24 -1.74216e-12  3.18544e-25 -3.75723e-13  5.84759e-26 -7.52392e-14  1.02033e-26 -1.40347e-14  1.69444e-27 -2.44323e-15  2.68097e-28 -3.97261e-16  4.04503e-29 -6.03185e-17  5.82392e-30 -8.54123e-18  8.00559e-31 -1.12489e-18  1.05099e-31 -1.37142e-19  1.31794e-32 -1.53543e-20  1.57855e-33 -1.55652e-21  1.80544e-34 -1.38987e-22  1.97092e-35 -1.02421e-23  2.05224e-36 -4.92873e-25  2.03645e-37  1.28131e-26  1.92358e-38  7.36674e-27  1.72719e-39  1.23121e-27  1.47181e-40   1.5383e-28  1.18799e-41   1.6309e-29  9.06308e-43  1.53077e-30  6.51872e-44  1.29572e-31  4.40807e-45  9.97806e-33  2.79354e-46   7.0184e-34  1.65319e-47   4.5141e-35  9.09879e-49  2.65272e-36  4.63574e-50  1.42096e-37  2.17476e-51  6.91245e-39  9.33618e-53  3.03826e-40  3.64102e-54   1.1986e-41  1.27876e-55  4.20812e-43  4.00197e-57  1.30061e-44  1.10143e-58  3.48937e-46  2.62143e-60  7.97647e-48  5.27666e-62  1.51454e-49  8.71022e-64  2.30264e-51  1.12647e-65  2.64754e-53  1.05915e-67  2.08089e-55  6.25678e-70  8.87745e-58   1.4991e-72
  1.3485e-15      0.10748  8.89222e-16  -0.00301219 -5.23587e-17   -0.0238852 -4.54985e-16    -0.017779 -4.98596e-16  -0.00939926 -2.96785e-16   -0.0041375 -1.24616e-16    -0.001593 -4.79632e-17 -0.000549245 -1.31312e-17 -0.000174259  3.74454e-18 -5.41772e-05  8.79524e-18 -1.86639e-05  7.52836e-18 -7.88349e-06  4.63684e-18 -3.85234e-06  2.33202e-18  -1.9083e-06  1.00871e-18 -8.85725e-07  3.86171e-19 -3.75167e-07  1.33303e-19  -1.4446e-07  4.20335e-20 -5.07341e-08  1.22232e-20 -1.63309e-08  3.30183e-21 -4.84111e-09  8.33259e-22 -1.32704e-09  1.97357e-22 -3.37509e-10  4.40345e-23 -7.98538e-11  9.28409e-24   -1.761e-11  1.85444e-24 -3.62427e-12  3.51692e-25 -6.96497e-13   6.3443e-26 -1.24951e-13  1.09028e-26 -2.08991e-14  1.78717e-27  -3.2504e-15  2.79711e-28 -4.67862e-16  4.18314e-29 -6.18166e-17  5.98112e-30 -7.38643e-18  8.17868e-31  -7.7463e-19  1.06963e-31 -6.62152e-20  1.33769e-32 -3.43985e-21  1.59909e-33  2.09113e-22    1.826e-34   9.7875e-23  1.99004e-35  1.88944e-23  2.06766e-36  2.81626e-24   2.0454e-37  3.61074e-25  1.92352e-38  4.13849e-26  1.71662e-39  4.31587e-27  1.45096e-40  4.13224e-28  1.15902e-41  3.64944e-29  8.72812e-43  2.97951e-30  6.17983e-44  2.25003e-31  4.10158e-45   1.5707e-32  2.54323e-46  1.01198e-33  1.46772e-47  6.00301e-35  7.84985e-49  3.26777e-36  3.87184e-50  1.62551e-37  1.75127e-51  7.35041e-39  7.21597e-53  3.00196e-40  2.68737e-54  1.09849e-41  8.96048e-56  3.56579e-43  2.64383e-57  1.01392e-44  6.80198e-59  2.48451e-46  1.49697e-60  5.13318e-48  2.74603e-62   8.6737e-50  4.04576e-64  1.14551e-51  4.52012e-66  1.09752e-53  3.46054e-68  6.59402e-56  1.44116e-70  1.60413e-58
   -0.028292  8.89222e-16    0.0927604  1.14102e-15    0.0195803  3.44769e-16   -0.0142216 -4.77614e-16   -0.0181223 -5.58496e-16   -0.0127124 -3.76339e-16   -0.0071503 -2.09345e-16  -0.00356436 -9.62814e-17  -0.00165362 -2.70941e-17 -0.000736249   4.8482e-18 -0.000320479  1.24866e-17 -0.000137241  9.94027e-18 -5.75443e-05  5.69638e-18 -2.33588e-05  2.68687e-18 -9.06583e-06  1.09894e-18 -3.32978e-06  4.00702e-19  -1.1493e-06  1.32543e-19 -3.71249e-07  4.02538e-20 -1.11999e-07  1.13238e-20 -3.15304e-08  2.97057e-21 -8.28212e-09  7.30607e-22 -2.02985e-09  1.69204e-22 -4.64141e-10   3.7031e-23 -9.89584e-11  7.68136e-24 -1.96466e-11  1.51392e-24 -3.62269e-12  2.84089e-25 -6.17554e-13  5.08406e-26 -9.65343e-14  8.68832e-27 -1.36308e-14  1.41923e-27 -1.68586e-15  2.21742e-28 -1.68979e-16  3.31502e-29 -9.94016e-18  4.74249e-30  8.94865e-19  6.49128e-31  4.49578e-19  8.49713e-32  1.02019e-19  1.06303e-32  1.80932e-20  1.26993e-33  2.77739e-21  1.44715e-34  3.83094e-22  1.57115e-35  4.83257e-23  1.62291e-36  5.62763e-24  1.59248e-37  6.08177e-25  1.48189e-38  6.11727e-26  1.30531e-39  5.73495e-27  1.08611e-40  5.01323e-28  8.51774e-42  4.08458e-29   6.2804e-43  3.09859e-30   4.3418e-44  2.18501e-31   2.8057e-45  1.42905e-32   1.6889e-46  8.64423e-34  9.43326e-48  4.81934e-35  4.86718e-49  2.46609e-36  2.30788e-50  1.15238e-37  9.99669e-52  4.88765e-39   3.9275e-53  1.86768e-40  1.38767e-54   6.3717e-42  4.36354e-56  1.91881e-43  1.20537e-57  5.02767e-45  2.87668e-59  1.12473e-46  5.80156e-61  2.09367e-48  9.58824e-63  3.12555e-50  1.24075e-64  3.53362e-52  1.16668e-66  2.73428e-54  6.88933e-69   1.1497e-56  1.64938e-71
 -1.1838e-15  -0.00301219  1.14102e-15    0.0697892  1.56514e-15    0.0284793  4.89044e-16  -0.00426286 -3.08473e-16   -0.0144634 -4.95723e-16   -0.0130621 -4.11395e-16  -0.00873239 -2.54357e-16  -0.00501686 -1.13284e-16  -0.00261976   -2.656e-17  -0.00127629    8.551e-18 -0.000586757  1.44118e-17 -0.000255313  1.02923e-17 -0.000104978  5.48501e-18 -4.06481e-05  2.44335e-18 -1.47691e-05  9.53121e-19 -5.02096e-06  3.33932e-19 -1.59383e-06   1.0678e-19 -4.71751e-07  3.15132e-20 -1.30059e-07  8.65457e-21 -3.33614e-08  2.22594e-21 -7.94962e-09  5.38875e-22  -1.7552e-09  1.23291e-22 -3.57479e-10  2.67464e-23 -6.66358e-11  5.51605e-24 -1.12032e-11  1.08375e-24 -1.64823e-12  2.03168e-25 -1.96547e-13  3.63832e-26 -1.38338e-14  6.22857e-27  1.42644e-15  1.01974e-27  8.64263e-16  1.59676e-28  2.33523e-16  2.39096e-29   4.9296e-17  3.42226e-30  9.01683e-18  4.67956e-31  1.48468e-18  6.10823e-32  2.24106e-19  7.60417e-33    3.132e-20  9.01913e-34  4.07628e-21  1.01801e-34  4.95794e-22  1.09211e-35  5.64714e-23    1.112e-36     6.03e-24  1.07301e-37  6.03847e-25  9.79601e-39  5.66988e-26  8.44585e-40  4.98844e-27    6.863e-41  4.10791e-28  5.24437e-42  3.16144e-29  3.75926e-43  2.26942e-30  2.52077e-44  1.51593e-31  1.57623e-45  9.39595e-33  9.15833e-47  5.38546e-34  4.92433e-48  2.84299e-35  2.43874e-49   1.3757e-36  1.10634e-50  6.06732e-38  4.56777e-52  2.42229e-39  1.70317e-53  8.68177e-41  5.68174e-55  2.76508e-42  1.67629e-56  7.72602e-44  4.31023e-58  1.86286e-45  9.47657e-60  3.79171e-47  1.73606e-61  6.31875e-49  2.55366e-63  8.23806e-51  2.84782e-65  7.79869e-53  2.17585e-67  4.63329e-55  9.04179e-70  1.11538e-57
  -0.0223917 -5.23587e-17    0.0195803  1.56514e-15     0.057512   1.6314e-15    0.0315713    6.371e-16   0.00354656 -1.08888e-16  -0.00928041 -4.03288e-16   -0.0110978 -3.82179e-16  -0.00852537 -2.31139e-16  -0.00536969 -9.02185e-17  -0.00297971  -1.2056e-17   -0.0015008  1.39142e-17 -0.000695309  1.48828e-17 -0.000297977  9.35937e-18 -0.000118353  4.63081e-18 -4.35805e-05   1.9567e-18 -1.48701e-05   7.3315e-19 -4.69739e-06  2.48922e-19 -1.37182e-06  7.76759e-20 -3.69493e-07  2.25009e-20 -9.14105e-08  6.09566e-21 -2.06188e-08  1.55313e-21 -4.18175e-09  3.73817e-22 -7.40759e-10   8.5279e-23 -1.06486e-10  1.84872e-23 -9.22483e-12  3.81578e-24  9.84168e-13  7.50884e-25  7.58467e-13  1.41004e-25  2.46042e-13  2.52803e-26  6.19483e-14  4.32827e-27  1.34883e-14  7.07635e-28  2.64257e-15   1.1045e-28  4.74787e-16  1.64515e-29  7.90606e-17  2.33721e-30  1.22793e-17  3.16489e-31  1.78605e-18  4.08186e-32  2.43918e-19   5.0098e-33  3.13278e-20  5.84561e-34  3.78757e-21  6.47776e-35   4.3124e-22  6.80919e-36   4.6238e-23  6.78073e-37  4.66703e-24  6.38762e-38  4.43134e-25   5.6831e-39  3.95405e-26   4.7669e-40  3.31118e-27    3.762e-41  2.59801e-28  2.78712e-42  1.90613e-29  1.93349e-43  1.30464e-30  1.25235e-44  8.30703e-32  7.54891e-46  4.90463e-33  4.21877e-47  2.67494e-34  2.17644e-48  1.34159e-35  1.03129e-49  6.15496e-37  4.46187e-51  2.56681e-38  1.75026e-52  9.65686e-40   6.1725e-54  3.24742e-41  1.93684e-55  9.64996e-43  5.33791e-57  2.49736e-44  1.27079e-58  5.52279e-46   2.5563e-60  1.01708e-47  4.21364e-62   1.5032e-49  5.43793e-64  1.68358e-51   5.0994e-66  1.29134e-53  3.00301e-68  5.38521e-56     7.17e-71
-9.34394e-17   -0.0238852  3.44769e-16    0.0284793   1.6314e-15    0.0515892  1.57254e-15    0.0333561  7.58446e-16   0.00993919  3.61574e-17  -0.00345154  -2.8659e-16  -0.00744004 -2.78512e-16  -0.00663221 -1.48156e-16   -0.0044748 -3.96796e-17  -0.00255746  1.00972e-17  -0.00129014  2.00546e-17 -0.000585143  1.49748e-17 -0.000240705   8.2363e-18 -9.01511e-05  3.77703e-18 -3.07618e-05  1.51811e-18 -9.54243e-06  5.49324e-19 -2.67478e-06  1.81961e-19 -6.68773e-07  5.58071e-20  -1.4498e-07  1.59766e-20  -2.5316e-08   4.2949e-21 -2.62802e-09  1.08902e-21  3.56681e-10  2.61315e-22  3.21935e-10  5.94843e-23  1.24632e-10  1.28682e-23  3.74376e-11  2.64883e-24  9.71251e-12  5.19245e-25  2.26458e-12  9.69818e-26  4.83842e-13   1.7263e-26  9.57737e-14  2.92871e-27  1.76838e-14  4.73506e-28  3.05942e-15  7.29397e-29  4.97462e-16  1.07015e-29  7.61809e-17  1.49478e-30   1.1003e-17  1.98664e-31  1.50022e-18  2.51068e-32  1.93192e-19  3.01485e-33  2.35014e-20  3.43691e-34  2.70029e-21  3.71595e-35  2.92936e-22  3.80616e-36   2.9985e-23  3.68867e-37  2.89347e-24   3.3775e-38  2.62922e-25  2.91717e-39  2.24659e-26  2.37234e-40  1.80214e-27  1.81277e-41  1.35448e-28   1.2985e-42  9.51651e-30  8.69602e-44  6.23375e-31  5.42823e-45  3.79527e-32  3.14735e-46  2.13992e-33  1.68827e-47  1.11273e-34  8.33933e-49  5.30987e-36  3.77269e-50  2.31182e-37  1.55315e-51  9.11986e-39  5.77401e-53  3.23254e-40   1.9204e-54  1.01894e-41  5.64859e-56  2.81974e-43  1.44802e-57  6.73783e-45  3.17408e-59  1.35993e-46  5.79751e-61  2.24848e-48  8.50294e-63  2.90986e-50  9.45529e-65  2.73563e-52  7.20399e-67  1.61472e-54  2.98548e-69  3.86343e-57
  -0.0105418 -4.54985e-16   -0.0142216  4.89044e-16    0.0315713  1.57254e-15    0.0483328  1.51079e-15    0.0350378  7.90929e-16     0.015666  1.42912e-16    0.0027542 -1.24866e-16  -0.00261428 -1.17554e-16  -0.00345335 -3.43022e-17  -0.00257584  2.00867e-17  -0.00149869  3.33754e-17 -0.000735238  2.60922e-17 -0.000312716  1.52477e-17  -0.00011621  7.43184e-18 -3.74657e-05  3.16917e-18 -1.01742e-05  1.21418e-18 -2.12094e-06  4.25012e-19 -2.06101e-07  1.37484e-19  8.96005e-08  4.14332e-20  7.03458e-08  1.17016e-20  3.12115e-08  3.11048e-21  1.10852e-08  7.80718e-22  3.42479e-09  1.85474e-22  9.52222e-10  4.17794e-23  2.42497e-10  8.93512e-24  5.71602e-11  1.81597e-24  1.25563e-11  3.50974e-25  2.58258e-12  6.45345e-26  4.99043e-13   1.1292e-26  9.08215e-14  1.88045e-27  1.55954e-14  2.98027e-28  2.53012e-15  4.49467e-29  3.88179e-16  6.44883e-30  5.63561e-17  8.79931e-31  7.74492e-18  1.14129e-31  1.00765e-18  1.40628e-32  1.24097e-19    1.645e-33  1.44623e-20  1.82522e-34  1.59406e-21  1.91909e-35  1.66052e-22  1.90994e-36  1.63323e-23  1.79692e-37  1.51503e-24  1.59579e-38  1.32361e-25  1.33548e-39  1.08734e-26  1.05119e-40  8.38327e-28  7.76539e-42  6.05274e-29  5.37043e-43  4.08209e-30  3.46731e-44  2.56411e-31  2.08311e-45  1.49501e-32  1.16025e-46   8.0594e-34  5.96543e-48  3.99876e-35  2.81714e-49  1.81627e-36  1.21476e-50  7.50409e-38  4.74942e-52  2.79875e-39  1.66952e-53   9.3356e-41  5.22214e-55  2.75318e-42  1.43478e-56  7.07473e-44  3.40554e-58  1.55418e-45  6.83068e-60   2.8444e-47  1.12277e-61   4.1794e-49  1.44507e-63  4.65532e-51  1.35158e-65  3.55238e-53  7.93944e-68  1.47427e-55  1.89105e-70
-1.99615e-16    -0.017779 -4.77614e-16  -0.00426286    6.371e-16    0.0333561  1.51079e-15    0.0467325  1.38991e-15    0.0370359  7.65915e-16    0.0211206  2.70378e-16    0.0090812  8.05823e-17   0.00275223  6.42396e-17  0.000347054  7.91036e-17 -0.000208087  7.35634e-17 -0.000171104  5.24405e-17  -5.8814e-05  3.06512e-17  1.76274e-06  1.53778e-17  1.74671e-05  6.82181e-18  1.45587e-05  2.72965e-18  8.38302e-06  9.98941e-19  3.95028e-06  3.37697e-19  1.61558e-06  1.06228e-19  5.90197e-07  3.12639e-20  1.95864e-07    8.644e-21     5.97e-08  2.25223e-21  1.68427e-08  5.54345e-22  4.42323e-09  1.29128e-22  1.08603e-09  2.85072e-23  2.50146e-10  5.97131e-24  5.41945e-11  1.18778e-24  1.10676e-11  2.24508e-25  2.13417e-12  4.03418e-26  3.89099e-13  6.89339e-27  6.71426e-14  1.12031e-27  1.09743e-14  1.73173e-28  1.69994e-15   2.5458e-29  2.49637e-16  3.55856e-30  3.47586e-17  4.72806e-31  4.58851e-18  5.96829e-32  5.74168e-19  7.15351e-33  6.80754e-20  8.13535e-34  7.64322e-21  8.77093e-35  8.12028e-22  8.95543e-36  8.15584e-23  8.64941e-37  7.73534e-24  7.89141e-38  6.91869e-25  6.79072e-39  5.82674e-26   5.5017e-40  4.61212e-27  4.18812e-41  3.42408e-28  2.98868e-42  2.37856e-29  1.99403e-43  1.54176e-30  1.24014e-44  9.29548e-32  7.16457e-46  5.19384e-33  3.82964e-47  2.67804e-34  1.88521e-48  1.26794e-35  8.50038e-50  5.48003e-37  3.48823e-51  2.14706e-38  1.29278e-52   7.5617e-40  4.28691e-54  2.36933e-41  1.25733e-55  6.52004e-43  3.21433e-57  1.54982e-44  7.02735e-59  3.11273e-46  1.28033e-60  5.12281e-48   1.8733e-62  6.60102e-50  2.07835e-64   6.1806e-52  1.58004e-66  3.63424e-54  6.53441e-69  8.66428e-57
 -0.00380086 -4.98596e-16   -0.0181223 -3.08473e-16   0.00354656  7.58446e-16    0.0350378  1.38991e-15    0.0464497  1.22941e-15    0.0394642  7.73461e-16    0.0263026  4.45863e-16    0.0150402  2.97215e-16   0.00785679  2.26713e-16   0.00395712  1.67868e-16   0.00199599  1.10433e-16   0.00101655  6.35691e-17  0.000512734  3.23297e-17  0.000249067   1.4732e-17  0.000114032  6.09166e-18  4.86283e-05  2.30931e-18  1.92276e-05  8.09101e-19   7.0467e-06  2.63649e-19  2.39784e-06  8.02924e-20  7.59529e-07   2.2941e-20  2.24583e-07  6.16816e-21  6.21587e-08  1.56442e-21  1.61438e-08   3.7501e-22  3.94328e-09  8.50952e-23   9.0763e-10  1.83014e-23  1.97191e-10  3.73441e-24   4.0496e-11  7.23536e-25  7.87037e-12  1.33188e-25  1.44896e-12  2.33036e-26  2.52885e-13  3.87674e-27  4.18641e-14  6.13281e-28  6.57632e-15  9.22594e-29  9.80483e-16  1.31969e-29  1.38752e-16  1.79449e-30  1.86351e-17  2.31877e-31   2.3747e-18  2.84581e-32  2.87006e-19   3.3152e-33  3.28798e-20  3.66296e-34  3.56783e-21  3.83506e-35  3.66373e-22  3.80065e-36  3.55646e-23  3.56076e-37  3.25936e-24  3.14918e-38  2.81593e-25  2.62484e-39  2.28952e-26  2.05794e-40   1.7484e-27  1.51444e-41  1.25121e-28  1.04349e-42  8.36922e-30  6.71301e-44  5.21692e-31   4.0192e-45  3.02014e-32  2.23121e-46  1.61734e-33  1.14355e-47  7.97508e-35  5.38395e-49  3.60145e-36  2.31484e-50  1.47996e-37  9.02547e-52  5.49191e-39  3.16428e-53  1.82327e-40  9.87281e-55  5.35335e-42  2.70609e-56  1.36995e-43  6.40853e-58  2.99787e-45  1.28264e-59  5.46675e-47  2.10401e-61   8.0053e-49   2.7028e-63  8.88859e-51  2.52335e-65  6.76253e-53  1.47972e-67  2.79869e-55  3.51879e-70
 -1.7788e-16  -0.00939926 -5.58496e-16   -0.0144634 -1.08888e-16   0.00993919  7.90929e-16    0.0370359  1.22941e-15    0.0471976  1.12795e-15    0.0420857  8.60585e-16    0.0307905  6.41452e-16    0.0199012  4.78562e-16    0.0118502  3.39306e-16   0.00664631  2.18811e-16   0.00353752  1.26353e-16   0.00178355  6.54119e-17  0.000847086  3.05863e-17  0.000376965  1.30299e-17  0.000156639  5.09728e-18  6.06882e-05  1.84343e-18  2.19274e-05  6.19738e-19  7.39704e-06  1.94551e-19  2.33381e-06  5.72386e-20  6.90025e-07  1.58297e-20  1.91569e-07  4.12526e-21  5.00355e-08  1.01508e-21  1.23168e-08  2.36235e-22  2.86204e-09  5.20694e-23  6.28669e-10   1.0882e-23  1.30696e-10  2.15833e-24  2.57419e-11  4.06562e-25  4.80754e-12  7.27737e-26  8.51919e-13  1.23832e-26  1.43313e-13  2.00359e-27  2.28945e-14  3.08282e-28  3.47392e-15  4.51068e-29  5.00689e-16  6.27509e-30  6.85377e-17  8.29769e-31  8.90833e-18  1.04248e-31  1.09899e-18   1.2437e-32  1.28614e-19  1.40796e-33  1.42683e-20  1.51123e-34  1.49926e-21  1.53637e-35  1.49058e-22  1.47769e-36  1.40049e-23  1.34278e-37  1.24177e-24  1.15103e-38  1.03738e-25  9.29083e-40  8.15001e-27  7.04748e-41  6.00866e-28   5.0121e-42  4.14703e-29  3.33324e-43  2.67191e-30  2.06664e-44  1.60192e-31  1.19045e-45  8.90398e-33  6.34558e-47  4.56871e-34  3.11549e-48  2.15326e-35  1.40126e-49  9.26698e-37  5.73666e-51  3.61639e-38  2.12133e-52  1.26895e-39  7.01958e-54  3.96231e-41  2.05472e-55  1.08685e-42  5.24303e-57  2.57568e-44  1.14425e-58  5.15856e-46   2.0813e-60  8.46748e-48  3.04052e-62  1.08841e-49  3.36846e-64  1.01676e-51  2.55738e-66  5.96592e-54   1.0563e-68   1.4195e-56
-0.000988496 -2.96785e-16   -0.0127124 -4.95723e-16  -0.00928041  3.61574e-17     0.015666  7.65915e-16    0.0394642  1.12795e-15    0.0485075  1.13839e-15     0.044285  9.95913e-16    0.0338628  8.00588e-16    0.0229101  5.87812e-16    0.0140998   3.8873e-16   0.00799904  2.30446e-16   0.00420571  1.22827e-16   0.00205284  5.92489e-17  0.000930734  2.60595e-17  0.000392215  1.05245e-17  0.000153793  3.92697e-18  5.62024e-05  1.36081e-18  1.91787e-05  4.39861e-19    6.124e-06  1.33104e-19  1.83367e-06  3.78221e-20  5.15895e-07  1.01176e-20  1.36643e-07  2.55337e-21  3.41311e-08  6.09015e-22  8.05249e-09   1.3749e-22  1.79689e-09  2.94157e-23  3.79695e-10  5.97036e-24  7.60514e-11  1.15052e-24   1.4451e-11   2.1064e-25   2.6067e-12  3.66563e-26  4.46588e-13  6.06544e-27  7.26936e-14  9.54466e-28  1.12447e-14  1.42845e-28  1.65303e-15  2.03299e-29  2.30922e-16  2.75093e-30  3.06481e-17  3.53787e-31   3.8631e-18  4.32225e-32  4.62216e-19  5.01315e-33   5.2462e-20  5.51582e-34  5.64401e-21  5.75184e-35   5.7498e-22  5.67844e-36  5.54047e-23  5.30065e-37  5.04305e-24  4.67173e-38  4.32941e-25  3.88107e-39  3.49938e-26  3.03338e-40  2.65772e-27  2.22567e-41  1.89229e-28  1.52927e-42  1.25975e-29  9.81223e-44  7.81806e-31  5.86016e-45  4.50743e-32  3.24559e-46  2.40461e-33  1.65977e-47  1.18149e-34  7.79824e-49  5.31784e-36  3.34637e-50  2.17855e-37  1.30236e-51  8.06108e-39  4.55825e-53  2.66907e-40  1.41995e-54  7.81727e-42  3.88626e-56  1.99586e-43  9.19073e-58  4.35821e-45  1.83713e-59  7.93158e-47  3.01002e-61  1.15933e-48  3.86243e-63  1.28505e-50  3.60236e-65  9.76135e-53  2.11052e-67  4.03388e-55  5.01457e-70
-5.31003e-17   -0.0041375 -3.76339e-16   -0.0130621 -4.03288e-16  -0.00345154  1.42912e-16    0.0211206  7.73461e-16    0.0420857  1.13839e-15    0.0496184  1.22261e-15     0.045204  1.10782e-15     0.034804  8.76848e-16    0.0236091  6.12162e-16    0.0144163  3.79588e-16   0.00801652  2.10714e-16   0.00408691  1.05595e-16   0.00191871  4.81558e-17  0.000832414  2.01297e-17  0.000334757   7.7611e-18  0.000125156  2.77469e-18  4.36243e-05  9.23965e-19   1.4214e-05  2.87666e-19  4.34003e-06  8.40033e-20  1.24468e-06  2.30699e-20  3.35981e-07  5.97201e-21    8.552e-08  1.46002e-21  2.05605e-08  3.37644e-22  4.67557e-09  7.39633e-23  1.00695e-09  1.53645e-23   2.0559e-10  3.02949e-24  3.98291e-11  5.67398e-25  7.32659e-12     1.01e-25  1.28038e-12   1.7094e-26  2.12657e-13  2.75148e-27  3.35757e-14  4.21254e-28  5.03983e-15  6.13428e-29  7.19174e-16  8.49493e-30  9.75439e-17  1.11842e-30  1.25712e-17  1.39932e-31  1.53873e-18  1.66285e-32  1.78771e-19  1.87546e-33  1.96996e-20   2.0059e-34  2.05708e-21  2.03247e-35  2.03337e-22  1.94867e-36  1.90025e-23  1.76549e-37  1.67652e-24  1.50914e-38  1.39411e-25  1.21493e-39  1.09057e-26  9.19297e-41  8.00834e-28  6.52278e-42  5.50673e-29  4.32848e-43  3.53579e-30  2.67825e-44  2.11309e-31  1.53983e-45  1.17105e-32  8.19335e-47  5.99229e-34  4.01607e-48  2.81702e-35  1.80355e-49   1.2095e-36  7.37314e-51  4.70972e-38   2.7229e-52  1.64925e-39  8.99931e-54  5.14019e-41  2.63128e-55  1.40751e-42  6.70739e-57  3.33032e-44  1.46247e-58  6.66024e-46  2.65787e-60  1.09178e-47  3.87984e-62  1.40166e-49  4.29534e-64  1.30793e-51  3.25907e-66  7.66655e-54  1.34538e-68  1.82246e-56
-7.39318e-05 -1.24616e-16   -0.0071503 -4.11395e-16   -0.0110978  -2.8659e-16    0.0027542  2.70378e-16    0.0263026  8.60585e-16     0.044285  1.22261e-15     0.049581  1.29684e-15    0.0440657  1.13753e-15    0.0332683  8.55809e-16    0.0220623  5.63254e-16    0.0130951   3.2895e-16   0.00703797  1.72445e-16   0.00345233  8.19316e-17   0.00155492  3.55675e-17  0.000646192  1.42043e-17  0.000248831  5.24848e-18  8.91142e-05  1.80296e-18  2.97803e-05  5.78149e-19  9.31397e-06  1.73651e-19  2.73342e-06  4.89959e-20  7.54498e-07  1.30182e-20  1.96281e-07  3.26404e-21  4.82111e-08  7.73638e-22  1.11979e-08  1.73598e-22   2.4628e-09  3.69244e-23  5.13463e-10  7.45232e-24  1.01575e-10  1.42837e-24  1.90804e-11  2.60159e-25  3.40541e-12  4.50506e-26  5.77728e-13  7.41936e-27  9.31908e-14   1.1623e-27  1.42948e-14  1.73211e-28  2.08519e-15  2.45525e-29  2.89209e-16  3.30967e-30  3.81297e-17  4.24116e-31  4.77666e-18  5.16391e-32  5.68274e-19  5.97027e-33  6.41603e-20  6.54923e-34  6.86887e-21  6.81026e-35    6.966e-22  6.70564e-36  6.68427e-23  6.24408e-37  6.06055e-24  5.49054e-38  5.18422e-25  4.55151e-39  4.17636e-26  3.55026e-40   3.1621e-27  2.60007e-41  2.24498e-28  1.78344e-42  1.49061e-29  1.14248e-43  9.22823e-31  6.81314e-45  5.30849e-32  3.76825e-46  2.82608e-33  1.92465e-47  1.38593e-34  9.03239e-49  6.22705e-36  3.87191e-50  2.54692e-37  1.50546e-51  9.41023e-39  5.26457e-53  3.11159e-40  1.63871e-54  9.10214e-42  4.48187e-56  2.32132e-43  1.05928e-57  5.06378e-45  2.11624e-59  9.20729e-47  3.46571e-61   1.3447e-48  4.44537e-63  1.48944e-50  4.14465e-65  1.13067e-52  2.42756e-67  4.66988e-55  5.76658e-70
 -4.7441e-18    -0.001593 -2.09345e-16  -0.00873239 -3.82179e-16  -0.00744004 -1.24866e-16    0.0090812  4.45863e-16    0.0307905  9.95913e-16     0.045204  1.29684e-15    0.0475716  1.29315e-15    0.0405414   1.0667e-15    0.0294932  7.54476e-16     0.018841  4.67747e-16    0.0107535  2.58187e-16   0.00554798  1.28415e-16   0.00260964  5.81028e-17   0.00112671  2.41012e-17  0.000448978  9.22395e-18  0.000165901  3.27443e-18  5.70725e-05    1.083e-18  1.83429e-05  3.34977e-19  5.52439e-06  9.72015e-20  1.56322e-06  2.65316e-20  4.16554e-07  6.82769e-21  1.04735e-07  1.65973e-21  2.48901e-08  3.81737e-22  5.59894e-09  8.31845e-23  1.19361e-09  1.71936e-23  2.41404e-10  3.37396e-24  4.63568e-11  6.29044e-25  8.45778e-12   1.1149e-25  1.46687e-12  1.87925e-26  2.41919e-13  3.01322e-27  3.79468e-14  4.59649e-28  5.66156e-15  6.67049e-29  8.03375e-16   9.2078e-30    1.084e-16  1.20862e-30  1.39032e-17  1.50792e-31  1.69421e-18  1.78717e-32  1.96027e-19  2.01071e-33  2.15191e-20  2.14564e-34  2.23919e-21  2.16943e-35  2.20619e-22  2.07588e-36  2.05558e-23  1.87731e-37  1.80856e-24  1.60201e-38  1.50008e-25   1.2877e-39  1.17071e-26  9.72963e-41  8.57831e-28  6.89452e-42  5.88699e-29  4.56969e-43   3.7731e-30  2.82443e-44  2.25118e-31  1.62228e-45  1.24569e-32   8.6244e-47  6.36544e-34    4.224e-48  2.98871e-35  1.89559e-49  1.28177e-36  7.74459e-51  4.98604e-38  2.85852e-52  1.74442e-39  9.44313e-54  5.43243e-41  2.75995e-55  1.48647e-42  7.03308e-57  3.51494e-44  1.53308e-58  7.02564e-46  2.78563e-60  1.15114e-47  4.06576e-62  1.47729e-49  4.50077e-64  1.37807e-51  3.41482e-66  8.07564e-54   1.4097e-68  1.91934e-56
 0.000121991 -4.79632e-17  -0.00356436 -2.54357e-16  -0.00852537 -2.78512e-16  -0.00261428  8.05823e-17    0.0150402  6.41452e-16    0.0338628  1.10782e-15    0.0440657  1.29315e-15    0.0432516  1.18974e-15    0.0349404  9.14976e-16    0.0242345  6.07287e-16    0.0147913  3.55183e-16   0.00807296  1.85816e-16   0.00398565    8.795e-17   0.00179554  3.80026e-17  0.000743246  1.50996e-17  0.000284308  5.54983e-18  0.000100981  1.89627e-18  3.34378e-05  6.04819e-19  1.03584e-05  1.80702e-19  3.01088e-06  5.07213e-20  8.23285e-07  1.34088e-20  2.12235e-07   3.3456e-21  5.16782e-08  7.89259e-22  1.19047e-08  1.76309e-22    2.598e-09  3.73408e-23  5.37722e-10  7.50574e-24  1.05652e-10  1.43307e-24  1.97207e-11  2.60066e-25  3.49898e-12  4.48803e-26  5.90355e-13  7.36754e-27   9.4744e-14   1.1507e-27  1.44647e-14  1.70999e-28  2.10078e-15  2.41752e-29  2.90197e-16  3.25082e-30  3.81175e-17  4.15627e-31  4.75871e-18  5.04988e-32  5.64344e-19  5.82704e-33  6.35305e-20  6.38062e-34  6.78317e-21  6.62396e-35  6.86211e-22  6.51231e-36  6.56967e-23  6.05566e-37  5.94428e-24  5.31814e-38  5.07513e-25  4.40354e-39   4.0814e-26  3.43129e-40  3.08534e-27  2.51061e-41  2.18736e-28  1.72065e-42  1.45048e-29  1.10145e-43  8.96937e-31  6.56425e-45  5.15422e-32  3.62857e-46  2.74141e-33  1.85243e-47  1.34331e-34  8.68996e-49  6.03119e-36  3.72391e-50  2.46527e-37  1.44754e-51  9.10365e-39  5.06105e-53  3.00885e-40  1.57515e-54  8.79831e-42  4.30774e-56  2.24316e-43  1.01811e-57  4.89215e-45  2.03407e-59  8.89376e-47  3.33142e-61  1.29878e-48  4.27371e-63  1.43852e-50  3.98533e-65  1.09202e-52  2.33476e-67  4.51056e-55  5.54762e-70
 3.07905e-18 -0.000549245 -9.62814e-17  -0.00501686 -2.31139e-16  -0.00663221 -1.17554e-16   0.00275223  2.97215e-16    0.0199012  8.00588e-16     0.034804  1.13753e-15    0.0405414  1.18974e-15    0.0369445  1.00698e-15    0.0281038  7.21656e-16    0.0184776  4.50053e-16    0.0107302  2.48848e-16   0.00558642  1.23677e-16   0.00263639  5.58341e-17   0.00113748  2.30878e-17  0.000451753  8.80363e-18  0.000166084  3.11275e-18  5.67877e-05  1.02524e-18    1.813e-05  3.15773e-19   5.4227e-06  9.12436e-20  1.52386e-06  2.48024e-20  4.03316e-07  6.35704e-21  1.00744e-07  1.53933e-21  2.37919e-08   3.5273e-22  5.32019e-09  7.65917e-23  1.12785e-09  1.57778e-23  2.26909e-10  3.08634e-24    4.336e-11  5.73708e-25  7.87495e-12  1.01399e-25     1.36e-12   1.7047e-26  2.23412e-13  2.72671e-27  3.49165e-14  4.15006e-28  5.19196e-15  6.01007e-29  7.34458e-16  8.28021e-30  9.88184e-17  1.08495e-30  1.26412e-17  1.35141e-31  1.53673e-18  1.59931e-32  1.77415e-19  1.79693e-33  1.94369e-20  1.91517e-34  2.01884e-21  1.93428e-35  1.98579e-22  1.84905e-36  1.84746e-23  1.67071e-37  1.62325e-24   1.4246e-38  1.34474e-25  1.14432e-39  1.04835e-26  8.64123e-41  7.67431e-28  6.12023e-42  5.26215e-29  4.05481e-43  3.37013e-30  2.50535e-44  2.00947e-31  1.43863e-45  1.11134e-32  7.64663e-47  5.67631e-34  3.74465e-48  2.66415e-35  1.68037e-49  1.14224e-36  6.86526e-51  4.44233e-38   2.5341e-52  1.55397e-39  8.37229e-54  4.83892e-41  2.44736e-55  1.32404e-42   6.2378e-57  3.13098e-44  1.36006e-58  6.25877e-46  2.47198e-60  1.02564e-47  3.60919e-62  1.31649e-49  3.99685e-64  1.22836e-51  3.03373e-66  7.20042e-54  1.25294e-68  1.71189e-56
 0.000109045 -1.31312e-17  -0.00165362 -1.13284e-16  -0.00536969 -1.48156e-16  -0.00345335  6.42396e-17   0.00785679  4.78562e-16    0.0229101  8.76848e-16    0.0332683   1.0667e-15    0.0349404  1.00698e-15    0.0295128  7.86315e-16    0.0210762   5.2635e-16     0.013102   3.0914e-16   0.00722763  1.61959e-16   0.00358704  7.66294e-17   0.00161832  3.30599e-17  0.000669135  1.31054e-17  0.000255234  4.80343e-18   9.0298e-05  1.63619e-18  2.97635e-05  5.20173e-19  9.17476e-06    1.549e-19  2.65335e-06  4.33363e-20  7.21867e-07  1.14196e-20  1.85174e-07  2.84042e-21  4.48751e-08   6.6808e-22  1.02908e-08  1.48815e-22  2.23619e-09  3.14331e-23  4.60976e-10   6.3023e-24  9.02326e-11  1.20045e-24  1.67837e-11  2.17372e-25  2.96821e-12  3.74359e-26  4.99299e-13  6.13388e-27  7.99094e-14  9.56362e-28  1.21689e-14  1.41894e-28  1.76323e-15  2.00314e-29  2.43051e-16  2.69008e-30   3.1863e-17  3.43528e-31  3.97089e-18  4.16946e-32  4.70166e-19   4.8066e-33  5.28526e-20  5.25886e-34  5.63585e-21  5.45546e-35  5.69491e-22  5.36015e-36  5.44669e-23  4.98163e-37  4.92382e-24  4.37299e-38  4.20061e-25  3.61964e-39  3.37587e-26  2.81968e-40  2.55055e-27   2.0627e-41  1.80737e-28  1.41349e-42  1.19805e-29  9.04766e-44  7.40621e-31   5.3921e-45  4.25503e-32  2.98082e-46  2.26283e-33  1.52192e-47  1.10872e-34  7.14077e-49  4.97792e-36  3.06072e-50  2.03486e-37  1.19008e-51  7.51511e-39   4.1622e-53  2.48424e-40  1.29587e-54   7.2659e-42  3.54538e-56  1.85297e-43  8.38298e-58  4.04246e-45  1.67563e-59   7.3517e-47  2.74577e-61  1.07402e-48  3.52433e-63   1.1901e-50  3.28841e-65  9.03874e-53  1.92765e-67  3.73532e-55  4.58318e-70
 4.13917e-18 -0.000174259 -2.70941e-17  -0.00261976 -9.02185e-17   -0.0044748 -3.43022e-17  0.000347054  2.26713e-16    0.0118502  5.87812e-16    0.0236091  8.55809e-16    0.0294932  9.14976e-16    0.0281038  7.86315e-16    0.0220145  5.69008e-16    0.0147501  3.56883e-16    0.0086656  1.97906e-16   0.00454088  9.84572e-17   0.00214919  4.44346e-17  0.000927659   1.8352e-17  0.000367961  6.98538e-18  0.000134959  2.46454e-18  4.60048e-05  8.09813e-19  1.46368e-05  2.48803e-19  4.36187e-06  7.17114e-20   1.2212e-06  1.94445e-20  3.22027e-07  4.97169e-21  8.01523e-08  1.20108e-21  1.88644e-08  2.74611e-22  4.20469e-09  5.95048e-23  8.88664e-10  1.22341e-23   1.7828e-10   2.3888e-24  3.39778e-11  4.43302e-25  6.15596e-12  7.82306e-26  1.06075e-12  1.31335e-26  1.73897e-13  2.09809e-27  2.71273e-14  3.18966e-28  4.02691e-15  4.61453e-29   5.6878e-16  6.35183e-30  7.64224e-17  8.31617e-31  9.76426e-18  1.03516e-31  1.18571e-18  1.22434e-32   1.3676e-19  1.37496e-33  1.49706e-20  1.46486e-34  1.55383e-21  1.47903e-35  1.52748e-22  1.41354e-36  1.42036e-23  1.27702e-37  1.24748e-24  1.08883e-38  1.03313e-25  8.74603e-40  8.05234e-27   6.6049e-41  5.89377e-28  4.67856e-42  4.04097e-29  3.10023e-43  2.58803e-30  1.91599e-44  1.54324e-31  1.10052e-45  8.53596e-33   5.8515e-47  4.36068e-34  2.86665e-48  2.04717e-35  1.28693e-49   8.7797e-37  5.26028e-51  3.41571e-38  1.94265e-52  1.19531e-39  6.42173e-54  3.72371e-41  1.87826e-55  1.01938e-42  4.79021e-57  2.41176e-44   1.0451e-58  4.82371e-46   1.9008e-60  7.90935e-48  2.77718e-62  1.01585e-49   3.0777e-64  9.48457e-52  2.33782e-66  5.56341e-54   9.6627e-69  1.32362e-56
 6.36894e-05  3.74454e-18 -0.000736249   -2.656e-17  -0.00297971 -3.96796e-17  -0.00257584  7.91036e-17   0.00395712  3.39306e-16    0.0140998  6.12162e-16    0.0220623  7.54476e-16    0.0242345  7.21656e-16    0.0210762  5.69008e-16     0.015341  3.83335e-16   0.00965293  2.26008e-16   0.00536376  1.18637e-16    0.0026723  5.61663e-17   0.00120743  2.42238e-17  0.000499187  9.59346e-18  0.000190181  3.51138e-18  6.71555e-05  1.19412e-18  2.20839e-05  3.78954e-19  6.78999e-06  1.12639e-19  1.95843e-06  3.14545e-20  5.31381e-07  8.27359e-21  1.35953e-07  2.05432e-21  3.28639e-08  4.82386e-22  7.51837e-09  1.07286e-22  1.63007e-09  2.26286e-23  3.35328e-10  4.53102e-24  6.55116e-11  8.62025e-25   1.2164e-11  1.55923e-25  2.14776e-12  2.68272e-26  3.60764e-13   4.3919e-27  5.76626e-14  6.84255e-28  8.77093e-15  1.01457e-28  1.26958e-15  1.43153e-29  1.74849e-16  1.92161e-30  2.29044e-17  2.45308e-31  2.85257e-18  2.97659e-32  3.37571e-19  3.43085e-33  3.79308e-20  3.75331e-34  4.04331e-21  3.89355e-35  4.08467e-22  3.82573e-36    3.906e-23  3.55599e-37  3.53074e-24  3.12209e-38  3.01213e-25  2.58486e-39   2.4209e-26  2.01419e-40  1.82929e-27  1.47396e-41  1.29652e-28  1.01045e-42  8.59642e-30  6.47073e-44  5.31587e-31  3.85822e-45  3.05519e-32    2.134e-46  1.62542e-33  1.09018e-47  7.96774e-35  5.11818e-49  3.57914e-36  2.19519e-50  1.46386e-37  8.54114e-52  5.40944e-39  2.98929e-53  1.78928e-40  9.31378e-55  5.23667e-42   2.5501e-56  1.33638e-43   6.0344e-58  2.91753e-45  1.20716e-59   5.3098e-47  1.97976e-61  7.76307e-49  2.54329e-63   8.6089e-51  2.37512e-65  6.54374e-53  1.39353e-67   2.7065e-55  3.31627e-70
 4.44874e-18 -5.41772e-05   4.8482e-18  -0.00127629  -1.2056e-17  -0.00255746  2.00867e-17 -0.000208087  1.67868e-16   0.00664631   3.8873e-16    0.0144163  5.63254e-16     0.018841  6.07287e-16    0.0184776   5.2635e-16    0.0147501  3.83335e-16    0.0100049  2.41459e-16   0.00592312  1.34241e-16   0.00311771  6.68688e-17   0.00147892  3.01888e-17  0.000638799  1.24645e-17  0.000253297  4.74087e-18  9.28081e-05  1.67093e-18  3.15901e-05  5.48389e-19  1.00333e-05  1.68269e-19  2.98449e-06  4.84364e-20     8.34e-07  1.31167e-20  2.19513e-07  3.34961e-21  5.45384e-08  8.08268e-22  1.28142e-08  1.84602e-22  2.85161e-09  3.99615e-23  6.01806e-10  8.20875e-24  1.20571e-10  1.60157e-24  2.29514e-11   2.9701e-25  4.15377e-12  5.23835e-26  7.15072e-13  8.79004e-27   1.1713e-13  1.40367e-27   1.8259e-14  2.13332e-28  2.70886e-15  3.08567e-29  3.82428e-16  4.24684e-30  5.13642e-17  5.55995e-31   6.5608e-18  6.92101e-32  7.96552e-19  8.18667e-33   9.1865e-20  9.19539e-34  1.00558e-20  9.79892e-35  1.04378e-21  9.89656e-36  1.02621e-22  9.46171e-37  9.54429e-24  8.55134e-38  8.38479e-25  7.29447e-39  6.94622e-26  5.86226e-40  5.41601e-27  4.42954e-41  3.96585e-28   3.1395e-42  2.72042e-29  2.08169e-43  1.74319e-30  1.28738e-44  1.04005e-31  7.39973e-46  5.75623e-33  3.93734e-47  2.94253e-34  1.93038e-48  1.38234e-35  8.67295e-50  5.93268e-37  3.54796e-51  2.30981e-38  1.31139e-52  8.08933e-40  4.33878e-54  2.52206e-41  1.27017e-55  6.90995e-43  3.24231e-57  1.63623e-44  7.08053e-59  3.27546e-46  1.28901e-60  5.37553e-48  1.88515e-62  6.91048e-50  2.09121e-64  6.45808e-52  1.59007e-66  3.79176e-54  6.57878e-69  9.02991e-57
  3.0581e-05  8.79524e-18 -0.000320479    8.551e-18   -0.0015008  1.00972e-17  -0.00149869  7.35634e-17   0.00199599  2.18811e-16   0.00799904  3.79588e-16    0.0130951  4.67747e-16    0.0147913  4.50053e-16     0.013102  3.56883e-16   0.00965293  2.41459e-16   0.00612152  1.42766e-16   0.00341792  7.50678e-17   0.00170751  3.55683e-17  0.000772502   1.5343e-17  0.000319468  6.07492e-18  0.000121667  2.22236e-18  4.29283e-05  7.55231e-19   1.4102e-05  2.39483e-19  4.33068e-06  7.11234e-20  1.24753e-06  1.98449e-20  3.38071e-07  5.21574e-21  8.63905e-08   1.2941e-21  2.08595e-08  3.03674e-22  4.76707e-09  6.74992e-23  1.03258e-09  1.42297e-23  2.12235e-10   2.8481e-24   4.1433e-11  5.41671e-25  7.68829e-12  9.79536e-26  1.35679e-12  1.68506e-26  2.27807e-13  2.75842e-27  3.63999e-14  4.29761e-28  5.53545e-15  6.37274e-29  8.01142e-16  8.99309e-30  1.10329e-16  1.20745e-30  1.44531e-17  1.54184e-31  1.80023e-18  1.87153e-32  2.13077e-19  2.15801e-33  2.39482e-20  2.36193e-34  2.55362e-21  2.45143e-35  2.58071e-22  2.41007e-36   2.4689e-23   2.2415e-37   2.2328e-24  1.96927e-38  1.90586e-25  1.63153e-39  1.53266e-26  1.27225e-40  1.15885e-27  9.31732e-42  8.21892e-29  6.39241e-43   5.4533e-30  4.09695e-44  3.37473e-31  2.44493e-45  1.94106e-32   1.3535e-46  1.03352e-33  6.92079e-48  5.07052e-35  3.25219e-49  2.27966e-36   1.3962e-50  9.33208e-38  5.43768e-52  3.45167e-39  1.90501e-53  1.14278e-40  5.94149e-55  3.34777e-42  1.62844e-56  8.55174e-44  3.85748e-58  1.86885e-45  7.72492e-60  3.40468e-47  1.26826e-61  4.98287e-49  1.63104e-63  5.53156e-51  1.52486e-65  4.20906e-53  8.95659e-68  1.74274e-55  2.13385e-70
 3.72458e-18 -1.86639e-05  1.24866e-17 -0.000586757  1.39142e-17  -0.00129014  3.33754e-17 -0.000171104  1.10433e-16   0.00353752  2.30446e-16   0.00801652   3.2895e-16    0.0107535  3.55183e-16    0.0107302   3.0914e-16    0.0086656  2.26008e-16   0.00592312  1.42766e-16   0.00352396  7.95223e-17   0.00186047  3.96564e-17  0.000884004  1.79132e-17   0.00038212  7.39716e-18  0.000151538  2.81315e-18  5.55083e-05  9.91206e-19   1.8884e-05  3.25179e-19  5.99374e-06   9.9735e-20  1.78157e-06  2.86962e-20  4.97478e-07  7.76776e-21  1.30845e-07  1.98293e-21  3.24869e-08  4.78336e-22  7.62844e-09  1.09221e-22  1.69672e-09  2.36396e-23  3.57923e-10  4.85549e-24  7.16847e-11  9.47312e-25  1.36422e-11  1.75688e-25  2.46858e-12  3.09899e-26  4.24934e-13  5.20119e-27  6.96058e-14   8.3079e-28  1.08515e-14  1.26307e-28  1.61017e-15  1.82764e-29  2.27373e-16  2.51655e-30   3.0548e-17  3.29633e-31  3.90338e-18  4.10557e-32  4.74118e-19  4.85933e-33   5.4706e-20  5.46166e-34  5.99156e-21  5.82422e-35  6.22283e-22  5.88663e-36  6.12202e-23  5.63237e-37  5.69772e-24  5.09462e-38  5.00918e-25  4.34951e-39  4.15295e-26  3.49861e-40  3.24068e-27  2.64597e-41  2.37496e-28  1.87714e-42  1.63055e-29  1.24587e-43  1.04577e-30  7.71242e-45  6.24519e-32  4.43753e-46  3.45974e-33  2.36362e-47  1.77031e-34  1.16004e-48  8.32486e-36  5.21751e-50  3.57648e-37  2.13672e-51   1.3939e-38  7.90645e-53  4.88684e-40  2.61879e-54  1.52524e-41  7.67512e-56   4.1834e-43  1.96145e-57  9.91696e-45  4.28834e-59  1.98742e-46  7.81604e-61  3.26535e-48  1.14442e-62  4.20254e-50  1.27102e-64  3.93194e-52  9.67586e-67  2.31126e-54  4.00811e-69  5.51061e-57
 1.27911e-05  7.52836e-18 -0.000137241  1.44118e-17 -0.000695309  2.00546e-17 -0.000735238  5.24405e-17   0.00101655  1.26353e-16   0.00420571  2.10714e-16   0.00703797  2.58187e-16   0.00807296  2.48848e-16   0.00722763  1.97906e-16   0.00536376  1.34241e-16   0.00341792  7.95223e-17    0.0019143  4.18668e-17  0.000958144  1.98526e-17  0.000433935  8.56742e-18  0.000179541  3.39279e-18  6.83848e-05   1.2412e-18  2.41256e-05   4.2177e-19  7.92328e-06  1.33728e-19  2.43244e-06  3.97112e-20  7.00472e-07  1.10792e-20  1.89762e-07  2.91174e-21  4.84782e-08  7.22444e-22  1.17027e-08  1.69538e-22  2.67405e-09  3.76885e-23  5.79168e-10  7.94669e-24  1.19041e-10  1.59094e-24  2.32411e-11   3.0267e-25  4.31323e-12  5.47544e-26  7.61344e-13  9.42336e-27  1.27868e-13  1.54336e-27  2.04385e-14  2.40588e-28  3.10947e-15  3.56975e-29   4.5025e-16  5.04089e-30  6.20399e-17  6.77289e-31  8.13208e-18  8.65509e-32  1.01356e-18  1.05141e-32   1.2005e-19  1.21337e-33  1.35027e-20  1.32918e-34  1.44094e-21   1.3808e-35  1.45743e-22  1.35878e-36  1.39549e-23  1.26497e-37  1.26317e-24  1.11245e-38  1.07921e-25    9.226e-40  8.68715e-27  7.20191e-41  6.57484e-28  5.27995e-42  4.66781e-29  3.62642e-43  3.10033e-30  2.32678e-44  1.92064e-31  1.39012e-45   1.1059e-32  7.70443e-47  5.89485e-34  3.94406e-48  2.89528e-35  1.85556e-49  1.30317e-36  7.97556e-51   5.3408e-38  3.10993e-52  1.97771e-39  1.09084e-53  6.55549e-41  3.40635e-55  1.92271e-42  9.34761e-57  4.91737e-44  2.21702e-58  1.07591e-45  4.44531e-60  1.96249e-47  7.30739e-62  2.87569e-49  9.40949e-64  3.19629e-51  8.80812e-66  2.43513e-53  5.18022e-68  1.00951e-55  1.23573e-70
 2.45365e-18 -7.88349e-06  9.94027e-18 -0.000255313  1.48828e-17 -0.000585143  2.60922e-17  -5.8814e-05  6.35691e-17   0.00178355  1.22827e-16   0.00408691  1.72445e-16   0.00554798  1.85816e-16   0.00558642  1.61959e-16   0.00454088  1.18637e-16   0.00311771  7.50678e-17   0.00186047  4.18668e-17  0.000984156  2.08969e-17  0.000468199  9.44507e-18  0.000202532  3.90185e-18   8.0351e-05  1.48428e-18  2.94381e-05  5.23083e-19  1.00156e-05  1.71632e-19  3.17898e-06  5.26493e-20  9.44912e-07  1.51512e-20  2.63856e-07  4.10216e-21  6.94016e-08  1.04746e-21  1.72331e-08  2.52754e-22  4.04722e-09  5.77341e-23   9.0038e-10  1.25012e-23  1.89988e-10  2.56894e-24  3.80639e-11  5.01476e-25  7.24685e-12  9.30589e-26  1.31195e-12  1.64256e-26  2.25956e-13  2.75872e-27  3.70343e-14  4.40984e-28  5.77738e-15  6.70975e-29  8.57858e-16   9.7171e-30  1.21229e-16  1.33916e-30  1.63003e-17  1.75574e-31  2.08458e-18  2.18886e-32  2.53423e-19   2.5933e-33   2.9268e-20  2.91773e-34  3.20857e-21  3.11469e-35   3.3357e-22  3.15146e-36  3.28499e-23  3.01867e-37  3.06052e-24  2.73354e-38  2.69355e-25  2.33643e-39  2.23558e-26  1.88155e-40  1.74645e-27  1.42469e-41  1.28136e-28  1.01194e-42  8.80744e-30  6.72448e-44  5.65536e-31  4.16787e-45  3.38134e-32  2.40107e-46  1.87547e-33  1.28052e-47  9.60827e-35  6.29268e-49  4.52385e-36  2.83388e-50  1.94593e-37  1.16205e-51  7.59362e-39  4.30548e-53  2.66559e-40  1.42793e-54  8.33019e-42  4.19045e-56  2.28772e-43  1.07232e-57  5.43015e-45  2.34752e-59  1.08965e-46  4.28433e-61  1.79263e-48  6.28145e-63  2.31014e-50  6.98562e-65  2.16423e-52  5.32506e-67  1.27384e-54   2.2088e-69  3.04115e-57
