 3.74439e-05  4.02466e-20 -0.000288653 -4.16012e-19  0.000720873  1.19231e-18 -0.000800599 -1.74053e-18  0.000298174  1.51531e-18  0.000139634 -8.94019e-19 -0.000109528  3.98653e-19 -1.78454e-05 -1.09752e-19  1.58787e-05  5.46961e-21  1.79602e-06   2.4705e-21 -3.77923e-07
 4.02466e-20  0.000432918  2.44073e-19  -0.00177707 -1.67782e-18   0.00305787  3.65283e-18  -0.00230537 -4.18515e-18  0.000202188  2.98185e-18  0.000652958 -1.65804e-18 -0.000168768  7.47121e-19 -0.000107425 -1.73922e-19  2.16788e-05  6.88508e-21  6.68006e-06  2.20816e-22
-0.000288653  2.44073e-19   0.00233049   8.0741e-19  -0.00620945  -4.0556e-18   0.00762043  6.83008e-18  -0.00359008  -6.0498e-18  -0.00101049  3.68595e-18   0.00137049 -2.17907e-18  2.02125e-05    9.229e-19  -0.00022793 -1.44594e-19  -7.1394e-08  9.08949e-21  7.62163e-06
-4.16012e-19  -0.00177707   8.0741e-19   0.00777591  1.80355e-18   -0.0146686  -6.9578e-18    0.0129317  8.86952e-18  -0.00280147 -5.85764e-18  -0.00339514  3.58458e-18   0.00168991 -2.43043e-18  0.000497991  7.46676e-19 -0.000273432 -3.03443e-20 -3.49385e-05  1.07098e-20
 0.000720873 -1.67782e-18  -0.00620945  1.80355e-18    0.0180978  3.02123e-18   -0.0253967 -8.92537e-18    0.0157355  7.79297e-18  0.000962833 -3.78829e-18  -0.00588261   3.5977e-18    0.0011528  -2.3776e-18    0.0010308  2.43109e-19 -0.000190842   7.0093e-20 -4.52925e-05
 1.19231e-18   0.00305787  -4.0556e-18   -0.0146686  3.02123e-18    0.0314642  3.92002e-18   -0.0339703 -7.83762e-18    0.0137232  2.83748e-18   0.00651637 -1.71181e-18  -0.00718001  4.36652e-18 -0.000100544 -1.90488e-18   0.00132533 -3.03148e-19 -3.77422e-05  7.58471e-20
-0.000800599  3.65283e-18   0.00762043  -6.9578e-18   -0.0253967  3.92002e-18    0.0430055  3.50091e-18    -0.036742  -1.5783e-18   0.00763482 -4.63161e-18    0.0116585 -1.42688e-18  -0.00683309  5.43288e-18  -0.00152843 -1.06072e-18   0.00125786 -5.82434e-19  7.14417e-05
-1.74053e-18  -0.00230537  6.83008e-18    0.0129317 -8.92537e-18   -0.0339703  3.50091e-18    0.0485288  4.85688e-19   -0.0337948  9.87791e-18   0.00024186 -1.13532e-17    0.0149873 -3.13875e-18  -0.00527565  5.94613e-18  -0.00264202 -1.48835e-19   0.00089454 -5.03184e-19
 0.000298174 -4.18515e-18  -0.00359008  8.86952e-18    0.0157355 -7.83762e-18    -0.036742  4.85688e-19    0.0478152 -5.45743e-18   -0.0281137  2.26343e-17   -0.0061536 -1.41684e-17     0.016445 -5.81944e-18   -0.0031914  5.71352e-18  -0.00319783  5.17057e-19  0.000399671
 1.51531e-18  0.000202188  -6.0498e-18  -0.00280147  7.79297e-18    0.0137232  -1.5783e-18   -0.0337948 -5.45743e-18    0.0438942 -1.24545e-17   -0.0226376  3.09918e-17   -0.0108765 -1.24585e-17    0.0166479 -8.58426e-18  -0.00105212  5.12416e-18  -0.00310785  7.20706e-19
 0.000139634  2.98185e-18  -0.00101049 -5.85764e-18  0.000962833  2.83748e-18   0.00763482  9.87791e-18   -0.0281137 -1.24545e-17    0.0399479 -1.74347e-17   -0.0186191  3.27927e-17   -0.0143482 -8.42617e-18    0.0161616 -1.10992e-17  0.000923418  4.26218e-18  -0.00226679
-8.94019e-19  0.000652958  3.68595e-18  -0.00339514 -3.78829e-18   0.00651637 -4.63161e-18   0.00024186  2.26343e-17   -0.0226376 -1.74347e-17    0.0374951 -1.91771e-17   -0.0159922  3.16877e-17   -0.0172303 -4.87056e-18    0.0152428 -1.27601e-17    0.0026047  2.40879e-18
-0.000109528 -1.65804e-18   0.00137049  3.58458e-18  -0.00588261 -1.71181e-18    0.0116585 -1.13532e-17   -0.0061536  3.09918e-17   -0.0186191 -1.91771e-17     0.036699 -1.97432e-17   -0.0142965  3.27533e-17   -0.0200561 -2.91262e-18    0.0138339 -1.24021e-17   0.00355708
 3.98653e-19 -0.000168768 -2.17907e-18   0.00168991   3.5977e-18  -0.00718001 -1.42688e-18    0.0149873 -1.41684e-17   -0.0108765  3.27927e-17   -0.0159922 -1.97432e-17    0.0373317 -2.19247e-17   -0.0131509  3.66073e-17   -0.0232525 -9.50306e-19    0.0114063 -9.46505e-18
-1.78454e-05  7.47121e-19  2.02125e-05 -2.43043e-18    0.0011528  4.36652e-18  -0.00683309 -3.13875e-18     0.016445 -1.24585e-17   -0.0143482  3.16877e-17   -0.0142965 -2.19247e-17    0.0393365 -2.57407e-17   -0.0122827  3.96269e-17   -0.0273049  4.52979e-18   0.00627417
-1.09752e-19 -0.000107425    9.229e-19  0.000497991  -2.3776e-18 -0.000100544  5.43288e-18  -0.00527565 -5.81944e-18    0.0166479 -8.42617e-18   -0.0172303  3.27533e-17   -0.0131509 -2.57407e-17    0.0430136 -2.94248e-17   -0.0114071  4.02486e-17   -0.0328819  1.25542e-17
 1.58787e-05 -1.73922e-19  -0.00022793  7.46676e-19    0.0010308 -1.90488e-18  -0.00152843  5.94613e-18   -0.0031914 -8.58426e-18    0.0161616 -4.87056e-18   -0.0200561  3.66073e-17   -0.0122827 -2.94248e-17    0.0492044 -3.41426e-17  -0.00976676  4.11139e-17   -0.0353324
 5.46961e-21  2.16788e-05 -1.44594e-19 -0.000273432  2.43109e-19   0.00132533 -1.06072e-18  -0.00264202  5.71352e-18  -0.00105212 -1.10992e-17    0.0152428 -2.91262e-18   -0.0232525  3.96269e-17   -0.0114071 -3.41426e-17    0.0599025  -4.5264e-17  -0.00088671  3.07783e-17
 1.79602e-06  6.88508e-21  -7.1394e-08 -3.03443e-20 -0.000190842 -3.03148e-19   0.00125786 -1.48835e-19  -0.00319783  5.12416e-18  0.000923418 -1.27601e-17    0.0138339 -9.50306e-19   -0.0273049  4.02486e-17  -0.00976676  -4.5264e-17    0.0842972 -7.48677e-17    0.0363827
  2.4705e-21  6.68006e-06  9.08949e-21 -3.49385e-05   7.0093e-20 -3.77422e-05 -5.82434e-19   0.00089454  5.17057e-19  -0.00310785  4.26218e-18    0.0026047 -1.24021e-17    0.0114063  4.52979e-18   -0.0328819  4.11139e-17  -0.00088671 -7.48677e-17     0.145523 -1.22055e-16
-3.77923e-07  2.20816e-22  7.62163e-06  1.07098e-20 -4.52925e-05  7.58471e-20  7.14417e-05 -5.03184e-19  0.000399671  7.20706e-19  -0.00226679  2.40879e-18   0.00355708 -9.46505e-18   0.00627417  1.25542e-17   -0.0353324  3.07783e-17    0.0363827 -1.22055e-16     0.183867
