 1.21039e-34  6.21774e-38 -8.45916e-35 -8.37541e-38 -1.16172e-34  6.30631e-39  1.38382e-34  -7.5436e-37 -1.10224e-34  4.55665e-37  4.10934e-35 -1.08742e-36  3.47592e-36 -1.28523e-37  -5.3684e-35 -5.83869e-37  7.31444e-36 -1.61756e-37  -6.5787e-37 -2.66423e-38  3.60653e-36  4.58632e-38 -6.52575e-37  9.03867e-38  2.41222e-36  3.31545e-38  1.58201e-36  2.01554e-38  -8.0693e-37  3.31062e-39  4.00602e-37  2.92564e-38   1.5329e-37 -3.59546e-39 -1.10748e-37  1.65944e-39 -1.22295e-39 -1.93693e-39 -1.82184e-39 -7.17197e-40 -5.22677e-39   2.7421e-40 -2.04279e-39 -1.27202e-40 -1.12659e-39   9.9402e-41 -1.37573e-39 -1.37864e-41 -3.98055e-40 -1.27107e-41  5.07601e-40  1.80703e-41  6.72225e-41  3.71795e-42 -7.40572e-41 -1.12871e-42 -1.34999e-41  2.36355e-42 -9.17213e-42  5.99243e-43  2.39389e-42 -6.88434e-43  7.04957e-43  1.24871e-43   1.2731e-42  1.09004e-43  3.01891e-43  3.48122e-44  1.29227e-44 -3.00918e-44  -3.5397e-44  -2.1911e-45 -1.07492e-44 -2.27951e-45 -1.51208e-44  2.88871e-46  3.97097e-45 -2.76768e-46 -5.51983e-46  1.36956e-46  1.58187e-45  5.72074e-48 -2.63162e-46  2.38785e-47  1.18328e-46 -5.39587e-47 -1.07419e-46  7.95274e-47  9.58813e-47 -1.19022e-46 -1.36466e-46  1.69838e-46  1.99968e-46 -2.21312e-46 -2.58404e-46  2.60681e-46  2.96846e-46 -2.74117e-46 -2.96438e-46  2.52662e-46  2.52001e-46 -1.97696e-46 -1.77233e-46  1.22589e-46  9.84801e-47 -4.80623e-47 -3.95747e-47 -7.04157e-48  8.93816e-48  3.41067e-47  4.89809e-49 -3.68924e-47 -8.28977e-49  2.66218e-47 -1.21918e-49 -1.42969e-47  3.19823e-49  5.76655e-48 -1.63775e-49 -1.68844e-48  4.79211e-50  3.31348e-49 -9.09228e-51 -3.67092e-50  9.56734e-52  1.37406e-51
 6.21774e-38  3.75986e-34  3.42729e-37 -1.92393e-34 -1.94122e-37 -1.62796e-34 -2.74718e-37  2.62088e-34 -2.76915e-36 -2.65273e-34   1.7602e-36  6.76415e-35 -4.11487e-36  1.08127e-35  3.40857e-37 -9.80799e-35 -2.29791e-36  4.19438e-36 -1.53149e-37 -3.99223e-36 -3.31669e-37  1.20062e-35  1.40586e-38  -3.9475e-36  1.66412e-37  6.18972e-36  1.07554e-37  3.24563e-36    4.266e-38 -1.53206e-36 -9.65108e-39  1.02575e-36  7.82169e-38  3.72861e-37 -1.16524e-38 -2.48886e-37  2.12673e-39 -3.85111e-38 -6.44346e-39  1.15814e-38 -2.85751e-39 -3.67381e-39  1.35437e-39  -8.8455e-39 -4.56743e-40 -4.78825e-39  3.63602e-40 -4.47466e-39 -1.56347e-41 -1.05633e-39 -5.75082e-41   1.2737e-39  6.08606e-41  3.72963e-40  9.52257e-42 -2.35015e-40 -2.95371e-42 -6.60929e-41  7.52841e-42 -3.95984e-41  2.04622e-42  4.85621e-42 -2.37806e-42  2.77919e-42  3.89491e-43  3.73611e-42   4.0415e-43  7.56097e-43  1.32266e-43  3.79002e-43 -1.02851e-43 -1.50044e-43 -6.65604e-45 -5.28716e-44  -6.8996e-45 -7.08034e-44  1.80221e-45  1.94727e-44 -1.22937e-45  -4.9503e-45  5.17667e-46  7.01833e-45 -4.28029e-47 -1.75287e-45  1.95154e-46  1.20314e-45 -3.75308e-46 -1.61221e-45  5.09081e-46  2.38949e-45 -6.36379e-46 -3.60044e-45  6.81121e-46   4.9665e-45 -5.34764e-46 -6.06326e-45   1.1384e-46  6.48275e-45  5.94886e-46 -5.95596e-45 -1.48932e-45  4.58331e-45  2.35566e-45 -2.83884e-45 -2.93911e-45  1.31285e-45   3.0589e-45 -3.68636e-46 -2.70167e-45 -7.07236e-48  2.02839e-45  6.13258e-47 -1.28485e-45 -2.69291e-47  6.76141e-46  3.82185e-48 -2.88431e-46  1.04643e-48  9.60524e-47 -6.16309e-49 -2.35141e-47  1.54732e-49  3.80338e-48 -2.54683e-50 -3.19604e-49  1.78568e-51
-8.45916e-35  3.42729e-37  6.73258e-34  1.05957e-36 -2.77543e-34   9.7092e-38 -1.71133e-34 -1.14222e-36  4.15774e-34 -7.07556e-36 -4.48045e-34  4.22952e-36  6.21779e-35 -9.74732e-36   3.0339e-35   2.0816e-36 -1.38537e-34 -5.80389e-36 -6.97734e-36  1.34864e-37 -1.19143e-35 -9.24491e-37  2.55662e-35 -2.41673e-37 -1.02508e-35  2.18428e-37  1.14618e-35  2.73669e-37  4.17305e-36  4.24535e-38  -1.8386e-36 -4.61462e-38  2.00711e-36  1.50464e-37  6.50896e-37 -2.52461e-38 -4.18686e-37 -8.90686e-40 -1.33975e-37 -1.60098e-38  5.46132e-38 -7.56605e-39  1.44233e-38  4.19621e-39  -2.4291e-38 -1.19332e-39 -1.29406e-38  9.37676e-40 -9.95605e-39  2.84676e-41 -1.92022e-39 -1.64502e-40   2.0494e-39  1.52927e-40   1.1776e-39  2.01234e-41 -5.77705e-40 -3.89112e-42 -1.91452e-40  1.59028e-41  -1.1592e-40  4.73849e-42  7.13209e-42  -5.9311e-42  7.76443e-42  7.81526e-43  7.51492e-42  1.07103e-42  9.63434e-43  3.43957e-43  1.77133e-42 -2.47353e-43 -4.29418e-43 -1.67219e-44 -1.54288e-43 -1.40284e-44 -2.26168e-43  6.40228e-45  6.37497e-44 -3.63444e-45 -2.21748e-44   1.3935e-45  2.45364e-44  -2.1335e-46 -1.29472e-44  4.59131e-46  1.71183e-44 -4.08344e-46 -2.84142e-44 -6.02694e-46   4.5077e-44  2.94857e-45 -6.54457e-44 -7.33159e-45  8.49498e-44  1.42325e-44 -9.70633e-44 -2.34211e-44  9.61484e-44  3.36418e-44 -8.07907e-44 -4.26685e-44  5.57443e-44  4.79506e-44  -2.9854e-44 -4.76846e-44  1.09033e-44  4.17607e-44 -1.42993e-45 -3.19499e-44 -1.12024e-45  2.11081e-44  8.34384e-46 -1.18508e-44 -2.63719e-46  5.52999e-45  3.87042e-47 -2.07812e-45 -1.05064e-48  5.99848e-46 -2.95273e-49 -1.23065e-46  1.07724e-49  1.54385e-47 -3.08109e-50 -7.59169e-49
-8.37541e-38 -1.92393e-34  1.05957e-36  1.00234e-33  2.32241e-36 -3.72734e-34  1.79259e-36  -1.3995e-34 -2.41278e-36  5.65851e-34  -1.4051e-35 -5.97068e-34  7.59159e-36  1.96433e-36 -1.76973e-35  7.62391e-35  5.59271e-36 -1.85935e-34 -1.09381e-35 -2.43872e-35  5.50365e-37  -2.2336e-35 -1.45988e-36  4.23163e-35 -9.90166e-37 -1.92735e-35  2.75747e-37   1.8044e-35  5.96877e-37  3.54345e-36 -1.84729e-38 -1.54448e-36 -1.07407e-37  3.41917e-36  2.41512e-37  1.00785e-36 -4.07989e-38 -6.25315e-37 -1.10647e-38 -3.03697e-37 -3.36455e-38  1.38303e-37 -1.57708e-38   6.1679e-38  9.92371e-39 -5.07426e-38 -2.57266e-39 -2.69875e-38  1.98133e-39 -1.71354e-38  1.85341e-40 -2.56196e-39 -3.43694e-40  2.28066e-39  3.30513e-40  2.74793e-39  4.50627e-41 -1.28261e-39  7.17007e-43 -4.18877e-40   2.4578e-41 -2.69879e-40   8.4821e-42  9.52672e-42 -1.23751e-41  1.80489e-41  1.07888e-42  1.15615e-41  2.34048e-42 -3.04567e-44  7.16436e-43  5.32389e-42 -4.79169e-43 -9.99932e-43 -4.25636e-44 -3.18479e-43  -2.0221e-44 -5.81592e-43  1.62658e-44  1.76033e-43  -7.7111e-45 -9.24555e-44  1.38515e-45  1.19688e-43  3.60055e-45 -1.54169e-43 -9.02102e-45  2.66479e-43  2.10999e-44 -4.47521e-43 -4.49149e-44    6.853e-43  8.46107e-44 -9.41808e-43 -1.43288e-43  1.14706e-42  2.19438e-43 -1.22056e-42 -3.04242e-43  1.11402e-42   3.8144e-43 -8.49339e-43 -4.31164e-43  5.18425e-43  4.37367e-43 -2.33093e-43 -3.95598e-43  5.98818e-44  3.16369e-43  6.46357e-45 -2.21246e-43 -1.39968e-44   1.3336e-43  6.34172e-45 -6.79632e-44 -1.45988e-45  2.85168e-44   1.8601e-46  -9.4819e-45 -3.00559e-47  2.35439e-45  8.06811e-48 -3.93355e-46  -7.9482e-49  3.49527e-47 -7.71338e-51
-1.16172e-34 -1.94122e-37 -2.77543e-34  2.32241e-36  1.44453e-33  4.18718e-36 -5.38776e-34    5.974e-36 -3.93644e-35 -2.87496e-36  6.20492e-34 -2.25404e-35 -6.36801e-34  1.09681e-35 -1.30613e-34 -2.68704e-35   1.6182e-34  1.07699e-35 -2.57381e-34 -1.64753e-35 -4.85852e-35  6.69364e-37  -2.7479e-35 -1.24586e-36  5.88595e-35 -2.51928e-36 -3.01462e-35  3.92388e-37  2.55416e-35  1.13776e-36  1.35741e-36 -1.73069e-37 -9.15166e-37 -1.86408e-37  5.27171e-36  3.46406e-37  1.57532e-36 -4.97314e-38 -9.00133e-37  -3.3275e-38 -5.55096e-37 -6.21794e-38  2.58061e-37 -2.78668e-38  1.47344e-37  1.94695e-38 -8.63052e-38 -4.88468e-39 -4.71302e-38  3.62493e-39 -2.35867e-38  5.43225e-40 -1.90871e-39 -5.37581e-40  1.58633e-39  6.50768e-40  5.25477e-39  1.07292e-40 -2.65485e-39  1.90422e-41 -7.72321e-40  2.63157e-41 -5.34427e-40  1.20541e-41  1.19914e-41 -2.28347e-41  3.73121e-41  7.78818e-43  1.30951e-41  4.46625e-42 -3.50555e-42  1.27792e-42  1.25561e-41 -7.75581e-43 -2.07095e-42 -1.10556e-43  -4.3922e-43  -1.3878e-44 -1.34993e-42  2.89132e-44  5.82147e-43 -3.04562e-45 -6.51309e-43 -2.52456e-44  1.17825e-42  6.91588e-44 -2.12582e-42 -1.47575e-43  3.74333e-42   2.9123e-43 -6.03731e-42 -5.30277e-43  8.76957e-42  8.84809e-43 -1.13482e-41 -1.35282e-42  1.29212e-41  1.89221e-42 -1.27396e-41 -2.41436e-42  1.06396e-41  2.79941e-42 -7.28132e-42 -2.93505e-42  3.85379e-42  2.76524e-42 -1.37901e-42 -2.32274e-42  1.65595e-43  1.72225e-42  1.47398e-43 -1.11295e-42  -1.0408e-43  6.16447e-43  3.17747e-44 -2.86146e-43 -4.91645e-45  1.07861e-43   6.0406e-46 -3.15029e-44 -2.06391e-46  6.60247e-45  4.55499e-47 -8.55537e-46 -2.86779e-48  4.40558e-47
 6.30631e-39 -1.62796e-34   9.7092e-38 -3.72734e-34  4.18718e-36  2.04599e-33   7.0164e-36 -7.83154e-34  1.27797e-35  1.55205e-34 -3.59899e-37  5.09966e-34 -2.97347e-35 -5.23271e-34  1.31395e-35 -3.26488e-34 -3.58527e-35  2.87727e-34  1.68009e-35 -3.62062e-34 -2.06151e-35 -8.39552e-35  9.06778e-38 -1.71752e-35  4.40241e-37  7.23891e-35 -4.93336e-36  -4.1709e-35   5.8814e-37  3.29527e-35  1.91064e-36 -1.55225e-36 -4.32506e-37 -4.91439e-37 -2.69568e-37  7.50396e-36  4.66117e-37  2.59073e-36 -4.11719e-38 -1.28871e-36 -7.32679e-38 -8.90523e-37 -1.02801e-37  3.84327e-37 -4.35169e-38  2.70622e-37  3.31622e-38 -1.23656e-37 -8.58192e-39 -7.26967e-38  5.86072e-39 -2.53646e-38  1.18123e-39  2.18887e-39 -5.70709e-40  4.06664e-40  1.19965e-39  8.68687e-39  2.45848e-40 -5.07796e-39  6.21292e-41 -1.28524e-39  1.06572e-41 -9.31903e-40  1.28492e-41   9.4702e-42 -3.80876e-41  7.08419e-41 -9.13126e-43  6.87992e-42  7.67089e-42 -1.06227e-41  2.02176e-42  2.51962e-41 -1.02993e-42 -4.12535e-42 -2.77974e-43  1.68718e-43  4.37672e-44 -3.80859e-42 -1.80213e-45  3.95283e-42  1.18909e-43 -7.45089e-42 -3.17035e-43  1.47831e-41  6.86467e-43 -2.72969e-41  -1.3487e-42  4.62521e-41  2.45502e-42 -7.08564e-41 -4.13344e-42  9.71633e-41  6.41504e-42 -1.17952e-40 -9.15658e-42  1.25004e-40  1.19841e-41 -1.13509e-40 -1.43272e-41  8.59755e-41  1.55732e-41 -5.20314e-41 -1.53025e-41  2.31277e-41  1.34973e-41 -5.84913e-42 -1.05925e-41 -6.11515e-43  7.31415e-42   1.2782e-42 -4.37989e-42 -5.36962e-43  2.23137e-42  1.03559e-43 -9.41999e-43 -8.27504e-45  3.17254e-43  2.03035e-45 -8.03574e-44 -9.58415e-46  1.38004e-44  1.34544e-46 -1.27138e-45 -3.90042e-48
 1.38382e-34 -2.74718e-37 -1.71133e-34  1.79259e-36 -5.38776e-34   7.0164e-36  2.74289e-33  1.16667e-35 -1.06665e-33  2.07002e-35  4.28752e-34  7.35573e-36  2.50838e-34 -3.22403e-35 -2.80964e-34  1.29626e-35 -5.40302e-34 -4.33906e-35  4.36519e-34  2.23618e-35 -4.93779e-34  -2.1919e-35 -1.35872e-34 -1.25072e-36  1.49824e-35  3.91097e-36  8.21451e-35 -7.98644e-36 -5.26658e-35  8.20128e-37  3.84344e-35  2.85219e-36 -3.98535e-36 -7.74918e-37  -7.4699e-37 -3.39452e-37  1.00601e-35  6.10914e-37  4.30853e-36 -7.09865e-39 -1.80926e-36 -1.36349e-37 -1.30916e-36 -1.53402e-37  4.62905e-37 -6.17358e-38  4.15069e-37  5.04381e-38 -1.52306e-37 -1.44737e-38  -1.0429e-37   8.3891e-39 -1.77257e-38  2.12113e-39  1.32594e-38 -1.28972e-40  5.43214e-40  2.09406e-39  1.27674e-38  5.11679e-40 -8.84558e-39   1.4198e-40 -2.02686e-39 -3.19657e-41 -1.45547e-39  6.72683e-42 -1.57167e-41 -5.76916e-41  1.25517e-40 -5.04956e-42 -1.52504e-41  1.20808e-41 -2.22798e-41  2.88162e-42  4.55494e-41 -9.81775e-43 -9.89905e-42 -6.81639e-43  7.96772e-42  3.36584e-43 -2.28034e-41 -4.33153e-43  4.38589e-41  1.14308e-42 -9.10528e-41 -2.49244e-42   1.7704e-40  4.96436e-42 -3.14741e-40 -9.15261e-42  5.07499e-40  1.56501e-41 -7.35631e-40 -2.47686e-41  9.49116e-40  3.61792e-41 -1.07659e-39  -4.8634e-41  1.05642e-39  5.99562e-41 -8.76927e-40 -6.75025e-41  5.95377e-40   6.9055e-41  -3.1174e-40 -6.37925e-41  1.09842e-40  5.28093e-41 -1.28213e-41 -3.87986e-41 -1.11631e-41  2.49852e-41  7.36678e-42  -1.3874e-41 -1.92205e-42  6.49726e-42  1.60652e-43   -2.487e-42  4.34588e-45  7.42555e-43  9.48651e-45  -1.6018e-43  -3.1531e-45  2.15132e-44  2.31453e-46  -1.1568e-45
 -7.5436e-37  2.62088e-34 -1.14222e-36  -1.3995e-34    5.974e-36 -7.83154e-34  1.16667e-35  3.41034e-33  1.90662e-35 -1.34656e-33    2.689e-35  7.24757e-34    2.124e-35 -6.15579e-35 -2.77081e-35  3.68215e-36  9.81708e-36 -7.09493e-34 -4.86049e-35  5.79356e-34  2.60413e-35 -6.34687e-34 -2.00252e-35 -2.05671e-34 -3.01515e-36  6.72461e-35  8.78941e-36   8.9058e-35 -1.10984e-35 -6.16277e-35  9.98551e-37  3.95285e-35  3.83165e-36 -4.88147e-36 -1.14596e-36 -1.83696e-36 -3.78119e-37  1.29791e-35  7.95613e-37  6.86969e-36  5.30103e-38 -2.39073e-36 -2.25456e-37 -1.80091e-36 -2.07194e-37   4.2988e-37 -8.12672e-38  5.46202e-37  6.97889e-38 -1.63626e-37 -2.38952e-38 -1.47391e-37  1.04829e-38  4.36239e-39  3.26564e-39   3.5966e-38  1.20326e-39  5.26855e-39  3.47038e-39  1.68094e-38  9.56432e-40 -1.38734e-38  2.68425e-40 -3.12993e-39 -1.04181e-40 -2.04371e-39 -1.21252e-41 -1.01904e-40 -7.89059e-41  2.09038e-40 -1.29593e-41 -6.34099e-41  1.76876e-41 -4.23838e-41  3.66628e-42  8.51989e-41 -6.37505e-44 -4.91292e-41 -1.81586e-42  9.84349e-41  1.87049e-42 -2.36024e-40 -3.40462e-42  5.09912e-40  7.51113e-42 -1.03606e-39 -1.51518e-41  1.93067e-39  2.83728e-41 -3.27093e-39 -4.93377e-41  5.00083e-39  7.95658e-41 -6.83834e-39 -1.18735e-40  8.27203e-39  1.63508e-40 -8.72732e-39 -2.07151e-40  7.87926e-39  2.40584e-40 -5.92271e-39 -2.55046e-40  3.54682e-39  2.45524e-40 -1.55168e-39 -2.13262e-40  3.80227e-40  1.65791e-40  4.41845e-41 -1.14156e-40 -8.07074e-41  6.86624e-41   3.0314e-41 -3.54066e-41 -4.00483e-42  1.52489e-41 -3.36596e-43 -5.28012e-42     3.34e-44   1.3853e-42  4.19989e-44 -2.48155e-43 -6.97758e-45  2.40027e-44  1.97086e-46
-1.10224e-34 -2.76915e-36  4.15774e-34 -2.41278e-36 -3.93644e-35  1.27797e-35 -1.06665e-33  1.90662e-35  3.95516e-33  2.94714e-35 -1.59766e-33  2.83168e-35  9.66593e-34  4.01072e-35 -3.10083e-34 -1.60034e-35  2.29549e-34  3.92904e-36 -7.86179e-34 -5.09982e-35  6.89377e-34  2.68689e-35 -7.63883e-34  -1.5677e-35 -2.87529e-34 -4.67028e-36  1.29801e-34  1.40747e-35  9.42031e-35 -1.35742e-35 -6.73896e-35  1.01165e-36  3.38277e-35  4.70561e-36 -3.57783e-36 -1.47288e-36  -3.5713e-36  -3.7211e-37  1.63986e-35  1.02692e-36  1.01939e-35  1.31374e-37 -2.81737e-36  -3.3968e-37 -2.33264e-36 -2.52151e-37  2.38144e-37 -1.01016e-37  6.12687e-37  8.89425e-38 -1.55465e-37 -3.86683e-38 -2.15658e-37  1.09611e-38  4.64856e-38  4.32516e-39  7.49244e-38  3.84322e-39  1.89095e-38  5.45228e-39   1.9463e-38  1.61826e-39 -1.93559e-38  4.44932e-40 -4.81369e-39 -1.96358e-40 -2.55261e-39 -5.16621e-41 -3.11421e-40 -9.60403e-41  3.24892e-40 -2.64397e-41 -1.36104e-40  2.44188e-41 -1.17666e-40  3.80198e-42  2.75169e-40  3.19811e-42  -4.7113e-40 -5.93115e-42  1.13465e-39  9.56652e-42  -2.6124e-39 -1.90631e-41  5.53826e-39  3.88959e-41 -1.07941e-38 -7.36759e-41  1.91844e-38  1.29748e-40 -3.08754e-38 -2.12079e-40  4.46378e-38  3.21127e-40 -5.74016e-38 -4.49432e-40  6.48389e-38   5.7989e-40 -6.32821e-38 -6.87871e-40  5.21568e-38  7.47757e-40 -3.50634e-38 -7.42128e-40  1.80882e-38   6.6937e-40 -6.20092e-39  -5.4545e-40  6.31212e-40  3.98383e-40  6.57019e-40 -2.57945e-40 -3.92733e-40  1.45781e-40   8.3972e-41 -7.03419e-41  1.49441e-42  2.80634e-41 -2.78332e-42 -8.82133e-42   -1.492e-43  2.01976e-42   1.3114e-43 -2.89744e-43 -9.24254e-45    1.672e-44
 4.55665e-37 -2.65273e-34 -7.07556e-36  5.65851e-34 -2.87496e-36  1.55205e-34  2.07002e-35 -1.34656e-33  2.94714e-35  4.36746e-33  4.20691e-35 -1.80808e-33  2.29426e-35  1.08054e-33  6.07248e-35 -4.13353e-34  7.10673e-37  3.32886e-34 -3.64997e-36 -7.57519e-34 -5.04217e-35  7.51665e-34  2.47276e-35 -8.63263e-34 -1.01335e-35 -3.69317e-34 -5.80151e-36  1.88622e-34  1.85143e-35  9.75586e-35 -1.49075e-35 -6.95658e-35  7.30751e-37  1.97732e-35  5.38706e-36  1.93212e-37 -1.68539e-36 -5.59592e-36 -3.19885e-37  2.04376e-35  1.28997e-36  1.39465e-35  2.16643e-37 -2.71205e-36 -4.74104e-37 -2.83526e-36 -2.71867e-37 -1.15188e-37 -1.20094e-37  5.49825e-37  1.05179e-37 -1.32601e-37 -6.06805e-38 -3.31671e-37  8.34237e-39  1.15749e-37  4.74441e-39  1.32486e-37  8.07224e-39  4.60892e-38  8.09436e-39  1.83982e-38  2.51194e-39 -2.34914e-38  6.64031e-40 -7.39943e-39 -2.85239e-40 -2.73792e-39 -1.22979e-40 -7.12655e-40 -1.01004e-40  4.21478e-40 -4.82407e-41 -6.40442e-41  3.25693e-41 -7.95676e-40  1.28987e-42  2.11985e-39  1.35264e-41 -5.14184e-39 -2.21212e-41  1.23003e-38  4.21426e-41 -2.72517e-38 -8.28466e-41  5.54847e-38  1.57133e-40 -1.03286e-37 -2.76532e-40  1.74674e-37  4.50883e-40  -2.6641e-37  -6.7953e-40  3.63186e-37  9.44455e-40 -4.37635e-37 -1.20784e-39  4.59437e-37  1.41843e-39 -4.12093e-37 -1.52718e-39  3.07001e-37  1.50613e-39 -1.81433e-37 -1.36033e-39   7.7595e-38  1.12539e-39 -1.78922e-38 -8.52101e-40 -2.85639e-39  5.88087e-40  4.07146e-39 -3.66078e-40 -1.35682e-39  2.01461e-40  9.86439e-41 -9.49527e-41  4.76937e-41  3.66015e-41 -7.05899e-42 -1.07863e-41 -1.38543e-42  2.17543e-42  2.59459e-43 -2.36431e-43 -5.28336e-45
 4.10934e-35   1.7602e-36 -4.48045e-34  -1.4051e-35  6.20492e-34 -3.59899e-37  4.28752e-34    2.689e-35 -1.59766e-33  4.20691e-35  4.71258e-33  5.51852e-35 -1.96906e-33  1.02775e-35    1.014e-33  7.88603e-35 -3.53672e-34  1.89345e-35  3.09821e-34 -1.15141e-35 -6.45045e-34 -4.70601e-35  7.64701e-34  2.04095e-35 -9.19104e-34  -4.4212e-36 -4.36319e-34  -6.2995e-36  2.30547e-34  2.10798e-35  9.78954e-35 -1.50006e-35 -6.91558e-35  5.46187e-39 -2.79937e-36  5.89083e-36  6.42641e-36 -1.73152e-36 -7.68749e-36 -2.40427e-37  2.50203e-35  1.54365e-36  1.75956e-35  3.02728e-37 -1.57764e-36 -6.20833e-37 -3.20245e-36 -2.48034e-37 -5.72713e-37 -1.37148e-37  2.83917e-37   1.1567e-37 -1.01038e-37 -9.10353e-38 -5.23971e-37  1.18763e-39  2.21815e-37  3.66429e-39  2.05884e-37  1.39049e-38  9.09717e-38  1.13081e-38  1.00796e-38  3.63091e-39 -2.34307e-38  9.04114e-40 -1.13034e-38 -3.38781e-40 -2.30423e-39 -2.41515e-40 -1.19161e-39 -8.54101e-41  -1.8517e-40  -8.3011e-41  2.24845e-39  4.41496e-41 -8.12885e-39 -1.01351e-41  2.17273e-38  4.40938e-41 -5.38329e-38 -7.44153e-41  1.24225e-37  1.40321e-40 -2.63981e-37 -2.53059e-40  5.14013e-37  4.25695e-40 -9.11964e-37 -6.51338e-40  1.46445e-36  8.97212e-40 -2.11128e-36 -1.09501e-39  2.70541e-36  1.15231e-39 -3.04218e-36 -9.88769e-40  2.95167e-36  5.87426e-40  -2.4134e-36 -3.12714e-41   1.6039e-36 -5.10676e-40 -8.12203e-37  8.57595e-40  2.67729e-37 -9.13799e-40 -2.01527e-38   7.2078e-40 -3.19919e-38 -4.21693e-40  1.71227e-38  1.64629e-40 -2.97759e-39 -2.13696e-41 -3.89495e-40 -2.23779e-41  1.90593e-40  1.85856e-41 -1.59907e-42 -7.16956e-42 -4.68165e-42  1.46573e-42  2.79208e-43 -1.10107e-43
-1.08742e-36  6.76415e-35  4.22952e-36 -5.97068e-34 -2.25404e-35  5.09966e-34  7.35573e-36  7.24757e-34  2.83168e-35 -1.80808e-33  5.51852e-35  5.08058e-33  6.68488e-35 -2.06885e-33 -8.76062e-36  7.51182e-34  9.06854e-35 -1.71779e-34  3.52529e-35  2.02721e-34 -1.86137e-35  -4.8945e-34 -4.13896e-35  7.35722e-34  1.52499e-35 -9.22235e-34  1.10159e-36 -4.75452e-34 -6.33228e-36  2.47252e-34  2.13193e-35  9.35275e-35  -1.4191e-35 -6.84141e-35 -1.31985e-36 -3.25761e-35  6.33778e-36  1.49604e-35 -1.58098e-36 -1.00493e-35 -1.79354e-37  2.97591e-35  1.72968e-36  2.05375e-35  3.97263e-37  1.10695e-36 -7.70255e-37 -3.30551e-36 -1.64181e-37 -1.01822e-36 -1.49131e-37 -2.63021e-37   1.1782e-37 -5.72264e-38 -1.28971e-37 -8.21192e-37 -1.14493e-38  3.77342e-37 -2.04744e-41  2.84648e-37  2.10058e-38  1.56811e-37  1.47906e-38 -1.01498e-38  4.96504e-39 -1.55953e-38  1.13004e-39 -1.68573e-38 -3.27322e-40 -1.52567e-39 -4.27579e-40  5.66818e-40 -4.38494e-41 -9.14266e-39 -1.38255e-40  2.94906e-38  6.33089e-41 -8.48564e-38 -3.81982e-41  2.19903e-37  1.00028e-40 -5.27698e-37 -1.43352e-40  1.16895e-36  1.99168e-40 -2.37797e-36 -1.96247e-40  4.41966e-36  2.33945e-43 -7.45912e-36  6.37249e-40  1.13474e-35  -2.0534e-39 -1.54199e-35  4.58253e-39  1.85051e-35 -8.36279e-39 -1.93246e-35  1.31025e-38  1.72112e-35 -1.79496e-38 -1.26952e-35  2.16333e-38  7.38924e-36 -2.29309e-38 -3.07267e-36  2.12746e-38  6.48092e-37 -1.71253e-38  1.52935e-37   1.1805e-38 -1.70313e-37    -6.84e-39  5.06008e-38  3.24342e-39 -1.06971e-39 -1.20932e-39 -2.69299e-39  3.32176e-40  3.78071e-40 -5.93182e-41  4.63962e-41  4.84911e-42  -8.5054e-42  1.54791e-43  8.27368e-44
 3.47592e-36 -4.11487e-36  6.21779e-35  7.59159e-36 -6.36801e-34 -2.97347e-35  2.50838e-34    2.124e-35  9.66593e-34  2.29426e-35 -1.96906e-33  6.68488e-35  5.52499e-33  7.54165e-35 -2.09145e-33 -3.23252e-35  3.22568e-34  9.39124e-35  5.95901e-35  4.74368e-35  6.80593e-35 -2.47634e-35 -3.32381e-34 -3.40802e-35  6.75315e-34  1.05336e-35 -8.68921e-34  6.68177e-36 -4.78385e-34 -6.17366e-36   2.3683e-34  1.94567e-35  8.31737e-35 -1.30878e-35 -6.98582e-35 -3.35361e-36 -6.71227e-35  6.92715e-36  2.55417e-35 -1.21807e-36 -1.34976e-35 -2.08575e-37  3.39835e-35  1.79255e-36  2.22346e-35  5.24175e-37  5.76161e-36 -9.11658e-37 -3.02089e-36 -9.88233e-39 -1.29299e-36 -1.50267e-37 -1.16789e-36  1.09635e-37  2.42909e-38 -1.71002e-37 -1.24566e-36 -2.96171e-38  5.97499e-37 -7.44859e-39  3.49477e-37  2.86736e-38  2.45867e-37  1.79915e-38 -4.74148e-38  6.53087e-39  3.20856e-39  1.29921e-39 -2.23814e-38 -2.38745e-40 -7.85497e-39 -7.04294e-40  3.05198e-38  1.98929e-41 -1.06476e-37 -2.14538e-40  3.10816e-37  6.29152e-41 -8.40622e-37  9.49766e-42  2.09844e-36 -1.00755e-40 -4.84032e-36  5.30936e-40  1.02753e-35 -1.62264e-39 -1.99789e-35  4.13959e-39  3.53808e-35 -9.25239e-39 -5.66834e-35   1.8507e-38  8.14825e-35 -3.34047e-38 -1.04029e-34  5.45962e-38  1.16427e-34 -8.08373e-38 -1.12261e-34  1.08258e-37  9.10045e-35 -1.30695e-37 -5.97199e-35  1.41528e-37  2.96052e-35 -1.36545e-37 -9.29149e-36  1.16339e-37  3.61874e-37 -8.65454e-38  1.30047e-36  5.53881e-38 -6.25153e-37  -2.9907e-38  8.78621e-38  1.32684e-38  2.25759e-38  -4.6588e-39 -8.20727e-39  1.22332e-39  1.08155e-40 -2.18562e-40  1.59279e-40  2.20344e-41  -7.3076e-42 -7.22596e-43
-1.28523e-37  1.08127e-35 -9.74732e-36  1.96433e-36  1.09681e-35 -5.23271e-34 -3.22403e-35 -6.15579e-35  4.01072e-35  1.08054e-33  1.02775e-35 -2.06885e-33  7.54165e-35  6.02549e-33  8.01402e-35 -2.02063e-33 -5.81243e-35 -1.99689e-34  8.83141e-35  2.67214e-34   5.4715e-35 -5.18967e-35 -3.06018e-35 -2.03613e-34 -2.58663e-35  5.94529e-34  7.00259e-36  -7.6181e-34   1.2749e-35 -4.43055e-34 -6.03372e-36  2.02742e-34  1.62379e-35  6.64217e-35 -1.23083e-35 -7.49334e-35 -6.08762e-36 -1.03519e-34  7.89718e-36  3.78405e-35 -6.34237e-37 -1.94478e-35 -4.17743e-37  3.69171e-35  1.70108e-36  2.23078e-35  7.16615e-37  1.25879e-35 -1.03322e-36 -2.26297e-36  2.15386e-37 -1.21857e-36 -1.32233e-37 -2.50042e-36  9.01576e-38  2.00303e-37 -2.10847e-37 -1.80899e-36 -5.22863e-38  8.98545e-37  -1.9411e-38  3.73679e-37  3.58856e-38  3.59245e-37  2.01551e-38 -1.04885e-37   8.4031e-39  2.93871e-38  1.37287e-39 -3.86372e-39 -9.59281e-41 -1.04406e-37 -1.08282e-39  3.54344e-37  5.49904e-41 -1.08049e-36 -1.94354e-40  3.02109e-36  -3.3048e-40 -7.83985e-36  1.15386e-39  1.88156e-35 -3.14253e-39 -4.16377e-35   7.9812e-39  8.45899e-35 -1.83287e-38 -1.56952e-34  3.86278e-38  2.64334e-34 -7.48088e-38 -4.01071e-34  1.33165e-37  5.43211e-34 -2.17608e-37 -6.49151e-34  3.25736e-37  6.74173e-34 -4.45262e-37 -5.95993e-34  5.53548e-37  4.34974e-34 -6.22642e-37 -2.48978e-34  6.29585e-37   1.0023e-34 -5.67677e-37 -1.87629e-35   4.5186e-37 -6.60617e-36 -3.13499e-37   5.9921e-36  1.86514e-37 -1.59324e-36 -9.31353e-38 -4.17176e-38  3.79108e-38  1.07104e-37 -1.20644e-38 -1.32774e-38   2.8139e-39 -1.64937e-39 -4.29733e-40  2.57075e-40  3.34196e-41  6.34782e-44
 -5.3684e-35  3.40857e-37   3.0339e-35 -1.76973e-35 -1.30613e-34  1.31395e-35 -2.80964e-34 -2.77081e-35 -3.10083e-34  6.07248e-35    1.014e-33 -8.76062e-36 -2.09145e-33  8.01402e-35  6.49484e-33  8.15575e-35 -1.84873e-33 -8.38007e-35   -7.219e-34  7.55565e-35  4.00721e-34   5.7283e-35 -1.41476e-34 -3.70178e-35 -1.16469e-34 -1.74263e-35  5.04391e-34  4.70016e-36 -6.09286e-34  1.94419e-35 -3.73651e-34  -5.9914e-36  1.50876e-34  1.26263e-35  4.37545e-35 -1.22374e-35 -8.31466e-35 -9.34759e-36 -1.39065e-34  9.48573e-36  5.14337e-35  1.69612e-37  -2.9659e-35 -8.99248e-37  3.79287e-35  1.46179e-36  2.05478e-35  1.00072e-36  2.14987e-35 -1.12222e-36 -1.01749e-36  4.99198e-37 -6.18549e-37 -8.61663e-38 -4.31706e-36  5.98679e-38   5.6134e-37 -2.40515e-37 -2.51067e-36 -7.75126e-38  1.29534e-36 -3.58742e-38  3.28227e-37  4.13847e-38  4.93057e-37  2.04586e-38 -1.66758e-37  1.07308e-38 -7.28823e-39  1.33462e-39   2.9172e-37  6.98138e-42 -1.12482e-36 -1.46734e-39  3.53334e-36 -3.02358e-40 -1.02557e-35  9.08767e-40    2.761e-35 -3.79292e-39 -6.88934e-35  1.00893e-38  1.58774e-34 -2.46058e-38 -3.36643e-34  5.58828e-38  6.53554e-34  -1.1745e-37 -1.15518e-33  2.28719e-37  1.84632e-33 -4.12123e-37 -2.64621e-33  6.85842e-37  3.36569e-33 -1.05146e-36 -3.74848e-33  1.48031e-36  3.59101e-33 -1.90625e-36 -2.88497e-33  2.23443e-36   1.8678e-33 -2.36988e-36 -9.04471e-34  2.25781e-36   2.6778e-34 -1.91484e-36  1.84614e-36   1.4295e-36 -4.45373e-35 -9.26152e-37  1.93542e-35  5.11321e-37 -2.13465e-36 -2.34795e-37 -9.01329e-37  8.67162e-38  2.70697e-37 -2.45182e-38 -4.71834e-40  4.89862e-39 -5.05042e-39 -5.92811e-40  1.68949e-40   2.7668e-41
-5.83869e-37 -9.80799e-35   2.0816e-36  7.62391e-35 -2.68704e-35 -3.26488e-34  1.29626e-35  3.68215e-36 -1.60034e-35 -4.13353e-34  7.88603e-35  7.51182e-34 -3.23252e-35 -2.02063e-33  8.15575e-35  6.82273e-33  8.14512e-35 -1.58587e-33 -1.07206e-34 -1.15689e-33  5.84657e-35  4.40898e-34  5.55856e-35 -2.08589e-34 -4.44022e-35  -7.0175e-35 -9.29023e-36  4.16127e-34  3.17064e-36 -4.22783e-34  2.63531e-35 -2.79311e-34 -6.03059e-36  8.62572e-35  9.48571e-36  1.63856e-35 -1.28955e-35 -9.21755e-35  -1.2791e-35 -1.71871e-34  1.18886e-35  6.57788e-35   1.1679e-36 -4.57812e-35 -1.73121e-36  3.67583e-35  1.11923e-36   1.6847e-35  1.37534e-36   3.2121e-35 -1.16623e-36  6.25527e-37   8.1433e-37  6.63105e-37 -6.18581e-39 -6.65625e-36   2.0863e-38  1.22417e-36 -2.52446e-37 -3.33872e-36 -1.02927e-37  1.79578e-36 -5.55665e-38  1.98193e-37  4.37918e-38  5.95845e-37  1.82298e-38 -3.34739e-38  1.37138e-38 -8.35573e-37  1.25104e-39  3.34407e-36 -2.72643e-40  -1.0951e-35 -1.11445e-39  3.29175e-35 -3.21701e-39 -9.19449e-35  8.85311e-39  2.38297e-34 -2.48011e-38  -5.7144e-34  6.07148e-38  1.26317e-33 -1.38456e-37 -2.56268e-33  2.94394e-37  4.74674e-33 -5.82181e-37 -7.97719e-33  1.06962e-36  1.20713e-32 -1.82222e-36 -1.62943e-32  2.87161e-36   1.9388e-32 -4.17367e-36 -2.00214e-32  5.57445e-36  1.75636e-32 -6.81168e-36 -1.26763e-32  7.57402e-36   7.1269e-33 -7.61274e-36  -2.7666e-33  6.86061e-36  4.42081e-34 -5.48803e-36  2.33952e-34  3.84799e-36 -1.79659e-34 -2.32741e-36  4.26643e-35  1.18935e-36    3.214e-36 -4.99356e-37 -3.40934e-36  1.65571e-37  3.56649e-37 -4.08041e-38  5.57308e-38  6.72516e-39 -7.00926e-39 -5.84721e-40 -6.15409e-41
 7.31444e-36 -2.29791e-36 -1.38537e-34  5.59271e-36   1.6182e-34 -3.58527e-35 -5.40302e-34  9.81708e-36  2.29549e-34  7.10673e-37 -3.53672e-34  9.06854e-35  3.22568e-34 -5.81243e-35 -1.84873e-33  8.14512e-35  6.92832e-33   8.2197e-35 -1.26231e-33 -1.26521e-34 -1.44786e-33  4.00213e-35  3.93668e-34  4.99198e-35 -2.73744e-34 -5.21822e-35 -5.58519e-35 -1.76804e-36  3.40902e-34  1.84983e-36 -2.13413e-34  3.25941e-35 -1.71993e-34 -6.11372e-36   1.1076e-35  7.36073e-36 -1.38546e-35  -1.3942e-35 -9.88455e-35 -1.59544e-35 -2.01195e-34  1.52087e-35   8.0217e-35  2.28809e-36 -6.88339e-35 -2.96339e-36  3.36503e-35  7.44977e-37  1.10967e-35  1.79593e-36  4.38808e-35 -1.15548e-36   2.4421e-36  1.11873e-36  2.74502e-36  1.06949e-37 -9.53521e-36 -2.33589e-38  2.31271e-36 -2.42033e-37 -4.26558e-36 -1.26378e-37  2.37118e-36 -7.58234e-38  9.73859e-38  4.17365e-38  1.36844e-37  1.32009e-38  2.28809e-36  1.74725e-38 -9.46069e-36  1.57011e-39  3.21799e-35 -2.42154e-39 -1.00214e-34   3.9149e-39  2.90171e-34 -1.92933e-38 -7.80677e-34  5.03807e-38  1.94626e-33 -1.26453e-37 -4.48099e-33  2.91926e-37  9.48904e-33 -6.29661e-37 -1.83933e-32  1.26765e-36  3.24481e-32 -2.37793e-36 -5.17368e-32  4.14974e-36  7.39266e-32 -6.72285e-36 -9.36654e-32  1.00851e-35  1.03799e-31 -1.39645e-35 -9.87765e-32  1.77779e-35  7.86163e-32  -2.0708e-35 -5.01781e-32  2.19377e-35  2.36876e-32 -2.09806e-35 -6.54904e-33  1.79482e-35 -4.17687e-34 -1.35782e-35  1.30268e-33  8.95468e-36 -5.14252e-34 -5.05479e-36  4.12926e-35  2.38445e-36  2.87942e-35  -9.0963e-37 -7.34902e-36  2.67518e-37 -1.25923e-37 -5.61409e-38  1.43267e-37  7.24162e-39 -3.29433e-39 -3.68851e-40
-1.61756e-37  4.19438e-36 -5.80389e-36 -1.85935e-34  1.07699e-35  2.87727e-34 -4.33906e-35 -7.09493e-34  3.92904e-36  3.32886e-34  1.89345e-35 -1.71779e-34  9.39124e-35 -1.99689e-34 -8.38007e-35 -1.58587e-33   8.2197e-35  6.79272e-33  8.56789e-35 -9.20512e-34 -1.40203e-34  -1.5793e-33  2.24738e-35  2.76293e-34  4.05196e-35 -3.58763e-34 -5.89117e-35 -6.27215e-35  5.10137e-36  2.89065e-34  4.26746e-37   1.0144e-35  3.71123e-35 -6.41398e-35 -6.22835e-36 -7.50327e-35  6.40609e-36  -4.4523e-35 -1.47863e-35 -1.00404e-34 -1.83307e-35 -2.27455e-34  1.93999e-35  9.40554e-35  3.39351e-36 -9.87851e-35 -4.60886e-36  2.93748e-35  4.21593e-37  3.11371e-36  2.17003e-36  5.61453e-35 -1.08504e-36  4.05787e-36  1.35829e-36  5.68989e-36  2.43894e-37  -1.2945e-35  -6.8497e-38  3.91894e-36 -2.09551e-37  -5.1887e-36  -1.4645e-37  2.68892e-36 -9.28291e-38  1.35513e-36  3.39859e-38 -6.06432e-36  5.79199e-39  2.56248e-35  2.15533e-38  -8.9879e-35   4.4171e-39  2.89954e-34 -1.26899e-38 -8.69873e-34  3.01957e-38  2.42772e-33 -9.03092e-38 -6.28757e-33  2.24089e-37   1.5064e-32 -5.25817e-37 -3.32617e-32  1.14908e-36  6.73856e-32 -2.34877e-36 -1.24598e-31  4.48599e-36  2.08941e-31 -7.99523e-36 -3.15319e-31  1.32776e-35  4.24169e-31 -2.05062e-35  -5.0248e-31  2.93797e-35  5.15887e-31 -3.89218e-35 -4.48965e-31  4.74773e-35  3.20288e-31 -5.30355e-35 -1.76668e-31  5.38812e-35  6.58603e-32 -4.93553e-35 -8.46115e-33  4.03251e-35 -6.95861e-33 -2.89972e-35  4.65289e-33  1.80476e-35 -9.78551e-34 -9.51744e-36 -1.29468e-34  4.13492e-36  9.14415e-35 -1.42321e-36 -7.69547e-36  3.65735e-37  -1.6636e-36 -6.32965e-38  1.68256e-37  5.84448e-39  2.83088e-39
 -6.5787e-37 -1.53149e-37 -6.97734e-36 -1.09381e-35 -2.57381e-34  1.68009e-35  4.36519e-34 -4.86049e-35 -7.86179e-34 -3.64997e-36  3.09821e-34  3.52529e-35  5.95901e-35  8.83141e-35   -7.219e-34 -1.07206e-34 -1.26231e-33  8.56789e-35  6.46023e-33  9.23082e-35 -6.00602e-34 -1.46899e-34 -1.57323e-33  6.92387e-36  1.04176e-34  2.78623e-35 -4.79428e-34 -6.28693e-35 -8.23149e-35  1.15643e-35  2.69488e-34 -9.82987e-37  2.41297e-34  3.91032e-35  3.32911e-35 -6.38654e-36 -1.72741e-34   6.4526e-36 -7.26083e-35 -1.47552e-35 -9.54622e-35 -1.94524e-35 -2.51955e-34  2.42227e-35  1.06741e-34  4.28408e-36 -1.34375e-34 -6.64102e-36   2.5144e-35  2.28865e-37 -7.34781e-36  2.36829e-36  6.83743e-35  -9.5584e-37  4.96282e-36  1.47335e-36  9.48104e-36  3.87958e-37 -1.68191e-35 -1.10222e-37  5.93952e-36 -1.60656e-37 -5.31961e-36 -1.62627e-37 -4.81685e-37 -1.02239e-37  1.68244e-35  1.94809e-38  -6.6238e-35 -2.38205e-39  2.39474e-34  2.33555e-38 -7.98745e-34  1.76401e-38  2.48184e-33 -5.20776e-38 -7.18089e-33  1.29466e-37  1.93066e-32 -3.34894e-37 -4.80938e-32   7.8228e-37  1.10617e-31 -1.71835e-36  -2.3395e-31  3.52823e-36  4.52769e-31 -6.78391e-36 -7.97183e-31  1.22127e-35  1.26797e-30 -2.05809e-35 -1.80624e-30  3.24536e-35  2.27957e-30 -4.78402e-35 -2.51334e-30  6.58023e-35   2.3754e-30 -8.41793e-35 -1.87235e-30  9.96627e-35  1.17731e-30 -1.08442e-34 -5.40678e-31  1.07457e-34  1.37885e-31 -9.58752e-35  1.86506e-32  7.59693e-35 -3.30106e-32 -5.25864e-35  1.18648e-32  3.11694e-35 -5.76924e-34 -1.54282e-35 -7.76105e-34   6.1696e-36  1.69802e-34 -1.90118e-36  6.98393e-36  4.18583e-37  -3.5721e-36 -5.68922e-38  4.88397e-38  3.08144e-39
-2.66423e-38 -3.99223e-36  1.34864e-37 -2.43872e-35 -1.64753e-35 -3.62062e-34  2.23618e-35  5.79356e-34 -5.09982e-35 -7.57519e-34 -1.15141e-35  2.02721e-34  4.74368e-35  2.67214e-34  7.55565e-35 -1.15689e-33 -1.26521e-34 -9.20512e-34  9.23082e-35  6.01694e-33   1.0071e-34 -3.27342e-34 -1.45547e-34 -1.47601e-33 -6.54305e-36  -1.1597e-34  1.28246e-35 -6.42436e-34 -6.28578e-35 -1.10117e-34  1.81006e-35  2.89206e-34 -1.90288e-36  4.73031e-34   3.8365e-35  1.12151e-34 -6.59966e-36 -2.80148e-34  7.16095e-36 -9.48736e-35 -1.32678e-35 -8.42545e-35  -1.8964e-35  -2.7646e-34  2.92363e-35  1.18064e-34  4.72245e-36 -1.73235e-34   -8.993e-36  2.24352e-35   2.3664e-37 -2.04757e-35  2.24883e-36  8.02177e-35 -7.73566e-37  4.58068e-36  1.40871e-36  1.39528e-35  5.19727e-37  -2.0739e-35 -1.44844e-37  6.69939e-36  -1.0522e-37  2.74449e-36 -1.75019e-37 -3.76095e-35 -9.99715e-38  1.64525e-34 -2.87961e-39  -6.0892e-34 -7.62434e-39  2.09927e-33   1.5753e-38 -6.75077e-33  5.84555e-38  2.02391e-32 -1.57573e-37 -5.64515e-32   3.6926e-37  1.46099e-31 -8.47629e-37 -3.49714e-31  1.78316e-36  7.71302e-31 -3.49971e-36 -1.56039e-30  6.39554e-36  2.88014e-30  -1.0929e-35 -4.81917e-30  1.75635e-35  7.25276e-30 -2.67706e-35 -9.72251e-30  3.90957e-35  1.14659e-29   -5.517e-35  -1.1702e-29  7.53886e-35  1.01008e-29 -9.90221e-35 -7.11911e-30  1.23038e-34  3.84804e-30 -1.41677e-34 -1.37119e-30  1.48009e-34  1.26885e-31 -1.37489e-34  1.77579e-31  1.11402e-34 -1.05393e-31 -7.71976e-35  1.93296e-32  4.47455e-35    3.944e-33 -2.11035e-35 -2.12059e-33  7.80058e-36  1.33807e-34 -2.13518e-36  4.31344e-35  3.91864e-37 -3.51654e-36  -3.8399e-38 -9.00813e-38
 3.60653e-36 -3.31669e-37 -1.19143e-35  5.50365e-37 -4.85852e-35 -2.06151e-35 -4.93779e-34  2.60413e-35  6.89377e-34 -5.04217e-35 -6.45045e-34 -1.86137e-35  6.80593e-35   5.4715e-35  4.00721e-34  5.84657e-35 -1.44786e-33 -1.40203e-34 -6.00602e-34   1.0071e-34  5.56396e-33   1.0828e-34 -1.04991e-34 -1.35754e-34 -1.34226e-33 -1.83553e-35 -3.85436e-34 -3.48085e-36 -8.44925e-34 -5.88309e-35 -1.45331e-34  2.52861e-35  3.52969e-34 -1.74998e-36  6.94755e-34  3.54911e-35  1.67826e-34 -6.86184e-36 -3.90882e-34   8.2027e-36 -1.08657e-34  -9.9868e-36 -6.82835e-35 -1.66756e-35 -3.02736e-34  3.38409e-35  1.28262e-34   4.4843e-36 -2.12253e-34 -1.15572e-35  2.27268e-35   5.0415e-37 -3.61932e-35   1.6882e-36  9.15003e-35 -5.45943e-37  2.48732e-36  1.12551e-36   1.8198e-35  6.23846e-37 -2.10566e-35 -1.69706e-37 -1.00362e-35 -5.49707e-38  8.80114e-35 -1.83753e-37 -3.84835e-34 -8.31676e-38  1.48029e-33 -3.34183e-38 -5.27078e-33 -8.47703e-39  1.75349e-32   4.8791e-39 -5.44417e-32  8.66104e-38  1.57439e-31 -1.61406e-37 -4.23021e-31  1.77924e-37  1.05292e-30  6.56856e-38 -2.41927e-30 -1.24899e-36  5.11014e-30    4.798e-36 -9.87415e-30 -1.33171e-35   1.7351e-29  3.05691e-35 -2.75298e-29 -6.05293e-35  3.90949e-29  1.04963e-34 -4.91439e-29 -1.59911e-34  5.39027e-29   2.1302e-34 -5.05877e-29  -2.4488e-34   3.9477e-29  2.36503e-34 -2.44357e-29 -1.80836e-34  1.08926e-29  9.09863e-35 -2.52138e-30   2.8989e-36  -5.7437e-31 -6.90273e-35   7.3406e-31  9.17552e-35 -2.40137e-31 -7.82004e-35  3.30894e-33  4.91217e-35  1.81136e-32 -2.32259e-35 -3.39699e-33  8.09182e-36 -2.39153e-34 -1.95679e-36  7.82055e-35  2.87269e-37 -3.67791e-37  -1.6717e-38
 4.58632e-38  1.20062e-35 -9.24491e-37  -2.2336e-35  6.69364e-37 -8.39552e-35  -2.1919e-35 -6.34687e-34  2.68689e-35  7.51665e-34 -4.70601e-35  -4.8945e-34 -2.47634e-35 -5.18967e-35   5.7283e-35  4.40898e-34  4.00213e-35  -1.5793e-33 -1.46899e-34 -3.27342e-34   1.0828e-34  5.19787e-33  1.12335e-34  7.89169e-35 -1.18279e-34  -1.2209e-33 -2.89156e-35 -7.07887e-34  -2.0068e-35 -1.07468e-33  -5.2095e-35 -1.89876e-34  3.35795e-35  4.62265e-34 -1.64119e-37  8.90527e-34  3.18521e-35  1.99589e-34 -7.15638e-36 -4.94254e-34  9.41346e-36 -1.12997e-34 -4.93163e-36 -4.96798e-35 -1.25931e-35 -3.32157e-34   3.7366e-35   1.3788e-34  3.42214e-36 -2.48047e-34 -1.41862e-35  2.71619e-35  1.08218e-36 -5.39088e-35  6.09498e-37  1.01914e-34 -2.79565e-37 -2.90066e-37  6.11797e-37   1.4749e-35  6.95638e-37  1.63329e-35 -1.83345e-37 -1.94075e-34 -2.11134e-38   8.6908e-34 -1.87228e-37 -3.43886e-33 -5.54565e-38  1.26599e-32 -5.32555e-38 -4.35535e-32 -7.27272e-38  1.39971e-31  2.32568e-37 -4.19437e-31 -6.80163e-37  1.16925e-30  2.25538e-36  -3.0239e-30 -6.77285e-36  7.23165e-30  1.83277e-35 -1.59314e-29 -4.52561e-35  3.21841e-29  1.02149e-34 -5.92996e-29 -2.10933e-34  9.90032e-29  3.98106e-34 -1.48584e-28 -6.85263e-34  1.98478e-28  1.07214e-33 -2.33001e-28  -1.5176e-33  2.36359e-28  1.93151e-33 -2.02304e-28 -2.19263e-33  1.40801e-28  2.19637e-33 -7.44833e-29 -1.91299e-33  2.52295e-29  1.41775e-33 -1.28284e-30 -8.63046e-34 -3.95452e-30  4.02378e-34  2.11033e-30 -1.16819e-34 -3.29329e-31 -5.04038e-36 -9.92326e-32  2.86096e-35  4.31794e-32 -1.78913e-35  -1.7836e-33  6.39128e-36 -9.76308e-34 -1.37843e-36  6.37109e-35  1.51059e-37  2.32394e-36
-6.52575e-37  1.40586e-38  2.55662e-35 -1.45988e-36  -2.7479e-35  9.06778e-38 -1.35872e-34 -2.00252e-35 -7.63883e-34  2.47276e-35  7.64701e-34 -4.13896e-35 -3.32381e-34 -3.06018e-35 -1.41476e-34  5.55856e-35  3.93668e-34  2.24738e-35 -1.57323e-33 -1.45547e-34 -1.04991e-34  1.12335e-34  5.00054e-33  1.11248e-34  2.44364e-34 -9.52733e-35 -1.14523e-33  -3.8296e-35 -1.08261e-33 -3.63678e-35 -1.31033e-33 -4.50525e-35 -2.47468e-34  4.30784e-35  6.13929e-34   2.7194e-36  1.04014e-33  2.93668e-35   2.1071e-34 -7.47222e-36 -5.77512e-34  1.08759e-35 -1.09599e-34  1.45858e-36 -3.06923e-35 -6.92406e-36 -3.65334e-34  3.91827e-35  1.47347e-34  1.52516e-36 -2.77422e-34 -1.66991e-35  3.61471e-35  2.01355e-36 -7.19923e-35 -1.00022e-36  1.08666e-34  2.26008e-38  1.02307e-35 -1.11765e-37 -6.51567e-35  7.45072e-37  4.03028e-34 -1.85105e-37 -1.87407e-33 -1.53044e-38  7.66071e-33 -1.69802e-37 -2.91215e-32 -7.22151e-38  1.03578e-31  1.34734e-37 -3.44412e-31  -8.6019e-37  1.06888e-30  2.77373e-36 -3.08955e-30 -8.31016e-36    8.296e-30  2.35846e-35 -2.06323e-29 -6.21145e-35  4.73581e-29  1.51446e-34 -9.99047e-29 -3.41787e-34  1.92735e-28   7.1279e-34 -3.38003e-28 -1.37075e-33  5.34956e-28  2.42408e-33 -7.57301e-28 -3.92858e-33  9.48126e-28  5.81036e-33 -1.03445e-27 -7.80265e-33   9.6387e-28   9.4552e-33 -7.44424e-28 -1.02616e-32  4.53252e-28  9.88169e-33 -1.95606e-28 -8.34502e-33  4.01953e-29  6.08723e-33  1.41909e-29  -3.7578e-33 -1.44799e-29  1.90634e-33  4.29898e-30 -7.58112e-34  1.10868e-31  2.15382e-34 -3.71913e-31 -3.26579e-35  5.93676e-32 -3.19761e-36  6.33737e-33   2.9733e-36 -1.51112e-33 -6.41889e-37 -6.75145e-36  4.55434e-38
 9.03867e-38  -3.9475e-36 -2.41673e-37  4.23163e-35 -1.24586e-36 -1.71752e-35 -1.25072e-36 -2.05671e-34  -1.5677e-35 -8.63263e-34  2.04095e-35  7.35722e-34 -3.40802e-35 -2.03613e-34 -3.70178e-35 -2.08589e-34  4.99198e-35  2.76293e-34  6.92387e-36 -1.47601e-33 -1.35754e-34  7.89169e-35  1.11248e-34  5.03313e-33  1.05036e-34  4.08902e-34  -7.0102e-35 -1.12719e-33 -4.62677e-35 -1.49978e-33 -5.22565e-35 -1.52217e-33 -4.06329e-35 -3.23018e-34  5.33193e-35  7.99115e-34   6.1621e-36  1.12327e-33  3.01028e-35  2.08249e-34 -7.80552e-36 -6.29284e-34  1.29097e-35 -1.02956e-34  8.32357e-36 -1.35788e-35 -5.03803e-38 -4.01746e-34  3.88108e-35  1.56381e-34 -1.04307e-36 -2.97628e-34 -1.89013e-35  4.84094e-35  3.32938e-36 -8.38051e-35 -3.08709e-36  8.50375e-35  3.62465e-37   1.6685e-34 -9.93137e-37 -8.43767e-34  7.95488e-37  3.87721e-33 -1.69924e-37 -1.63578e-32 -7.23138e-38    6.424e-32 -1.29826e-38  -2.3612e-31 -5.54454e-37  8.12029e-31  1.94437e-36 -2.60879e-30 -6.83077e-36  7.81414e-30   2.0788e-35  -2.1771e-29 -5.90434e-35  5.62633e-29  1.56845e-34  -1.3443e-28 -3.88065e-34  2.95811e-28  8.92633e-34 -5.96733e-28 -1.90561e-33  1.09753e-27  3.76704e-33 -1.82828e-27 -6.87686e-33  2.73619e-27  1.15556e-32 -3.64196e-27 -1.78051e-32  4.25564e-27  2.50416e-32 -4.29029e-27 -3.19749e-32  3.64044e-27  3.68299e-32 -2.50071e-27 -3.79746e-32  1.29285e-27  3.47255e-32 -4.13484e-28 -2.78427e-32  7.08802e-31  1.92981e-32  7.78726e-29 -1.13554e-32 -3.76864e-29  5.53969e-33  4.81124e-30 -2.16924e-33  2.14249e-30  6.50468e-34 -7.79979e-31 -1.38386e-34  1.43033e-32  1.79032e-35  1.94797e-32 -7.88514e-37 -9.94946e-34 -8.31469e-38 -5.11258e-35
