 0.000583104 -3.65242e-18    -0.002351  2.78468e-17   0.00216824 -3.88719e-17  0.000106107 -9.98239e-18 -0.000483501  6.34967e-17 -0.000209281 -5.64359e-17  1.12427e-05  2.44194e-17  5.68968e-05  -1.1841e-17  3.42911e-05  5.74061e-18  1.06315e-05  1.35171e-18  4.35215e-08 -1.01796e-18 -2.22843e-06 -6.88805e-19 -1.67046e-06 -1.69659e-19 -8.20422e-07  2.81815e-19 -3.07025e-07   1.1691e-19 -8.56842e-08  -6.1069e-20  -1.2766e-08 -2.92191e-20  3.85341e-09   6.2317e-21  4.50336e-09  7.27045e-21  2.56387e-09  1.24831e-21   1.1485e-09 -8.92404e-22  4.47371e-10 -7.16212e-22  1.57694e-10 -1.56544e-22  5.13555e-11  7.46412e-23  1.56489e-11    4.767e-23   4.5001e-12 -6.82289e-25  1.22886e-12 -6.91926e-24  3.20142e-13 -8.45679e-25  7.98465e-14  1.07782e-24  1.91121e-14  4.08832e-25  4.39694e-15 -1.11318e-25  9.72783e-16  -1.5327e-25  2.06896e-16 -6.58828e-26  4.22522e-17 -1.26804e-26  8.27007e-18  1.93437e-27  1.54778e-18   2.4788e-27  2.76232e-19  1.08024e-27  4.68751e-20  3.20977e-28   7.5405e-21    6.766e-29  1.14635e-21  6.05339e-30  1.64193e-22 -3.21171e-30  2.20877e-23 -2.44718e-30   2.7817e-24 -1.13922e-30  3.26876e-25 -4.51321e-31  3.57126e-26 -1.62194e-31   3.6136e-27 -5.25992e-32  3.37178e-28 -1.50625e-32  2.88691e-29 -3.75065e-33  2.25503e-30 -8.10123e-34  1.59586e-31 -1.53391e-34  1.01441e-32 -2.58718e-35  5.72789e-34 -3.88488e-36  2.83048e-35 -4.92599e-37  1.19796e-36 -4.44155e-38  4.18933e-38 -8.62724e-40  1.11656e-39  5.78387e-40  1.59679e-41  1.23923e-40 -4.57489e-43  1.47601e-41 -5.07226e-44   1.1846e-42 -2.50697e-45  6.69743e-44 -7.70796e-47  2.71325e-45 -1.24864e-48   7.6119e-47   -4.836e-51   1.0173e-48
-3.65242e-18   0.00392345 -2.08732e-17  -0.00847802  1.07483e-16   0.00457203  -1.1174e-16    0.0017322  -4.0477e-17 -0.000737315  1.49671e-16 -0.000749444 -1.02728e-16  -0.00021003  3.28568e-17    5.986e-05 -2.19193e-17  9.13055e-05  1.14828e-17  5.02061e-05  5.08959e-18  1.59005e-05 -1.63497e-18  9.30462e-07 -2.23276e-18 -2.60434e-06 -5.47928e-19 -2.16054e-06  6.92104e-19 -1.14798e-06  2.73664e-19 -4.80476e-07 -1.31244e-19 -1.65671e-07 -7.16575e-20 -4.61187e-08  1.37994e-20 -8.96361e-09   1.9783e-20 -8.67317e-11  4.75423e-21  1.02075e-09 -2.13171e-21  6.58823e-10 -2.03922e-21  2.99966e-10 -4.56121e-22  1.15365e-10  1.73613e-22   3.9677e-11  9.99746e-23  1.25232e-11 -9.16457e-24  3.67873e-12  -1.4997e-23  1.01418e-12  8.94663e-25  2.63759e-13  3.78563e-24  6.49172e-14  1.01919e-24   1.5148e-14 -5.05645e-25   3.3539e-15 -5.31274e-25  7.04628e-16 -2.21685e-25  1.40391e-16 -4.56637e-26  2.64992e-17  3.69199e-27  4.73147e-18  7.18239e-27  7.97686e-19  3.40048e-27  1.26705e-19  1.08299e-27  1.89143e-20   2.4584e-28  2.64581e-21  2.68141e-29  3.45654e-22 -9.87519e-30  4.20072e-23 -8.59693e-30   4.7264e-24 -4.19123e-30  4.89399e-25 -1.68341e-30  4.62702e-26 -5.95516e-31  3.95034e-27 -1.86206e-31   2.9939e-28 -5.09592e-32   1.9543e-29 -1.21348e-32   1.0284e-30 -2.52215e-33  3.49408e-32  -4.6239e-34 -4.46996e-34 -7.53564e-35 -1.99855e-34 -1.07451e-35 -2.04863e-35 -1.25152e-36 -1.46682e-36 -9.71724e-38 -8.31583e-38 -2.21866e-41 -3.87338e-39   1.4088e-39 -1.51331e-40  2.48278e-40 -5.11709e-42  2.56599e-41 -1.56212e-43  1.80173e-42 -4.24911e-45  8.89471e-44  -8.7653e-47  3.07408e-45 -9.56442e-49  6.49027e-47 -1.58869e-51
   -0.002351 -2.08732e-17     0.012695 -6.69181e-17   -0.0178184  2.55069e-16   0.00464714 -2.06103e-16   0.00480332 -8.69862e-17  0.000109574  2.26361e-16  -0.00126016 -1.13806e-16 -0.000730877  1.97032e-17 -0.000130539 -3.20387e-17  9.70102e-05  1.66559e-17  0.000102197  1.14584e-17  5.35216e-05 -1.46586e-18  1.78508e-05 -4.46164e-18  2.33313e-06 -1.07951e-18 -1.79339e-06  1.16045e-18 -1.81167e-06  4.29501e-19 -1.04983e-06 -2.20187e-19 -4.79162e-07 -1.24731e-19 -1.86252e-07  2.53616e-20 -6.33991e-08  3.98177e-20 -1.90086e-08  1.13396e-20 -4.95057e-09 -3.62759e-21 -1.06374e-09 -3.88253e-21 -1.55052e-10 -8.49406e-22    5.628e-12   2.6885e-22  1.57228e-11  1.26181e-22  7.87539e-12 -3.10255e-23  2.90719e-12  -1.8728e-23  9.14799e-13    9.662e-24  2.57407e-13  9.53089e-24  6.61585e-14  1.78177e-24  1.56986e-14 -1.47929e-24   3.4579e-15 -1.31159e-24  7.08711e-16 -5.34091e-25  1.35186e-16 -1.16411e-25  2.39612e-17  2.93555e-27  3.93278e-18   1.4755e-26  5.94217e-19   7.5508e-27  8.18548e-20  2.51912e-27  1.01098e-20  5.90353e-28  1.08377e-21  6.52565e-29  9.31779e-23 -2.55389e-29  4.66589e-24 -2.24455e-29 -3.37727e-25 -1.10177e-29 -1.40672e-25  -4.3777e-30 -2.55995e-26 -1.50365e-30 -3.55257e-27 -4.50919e-31 -4.15564e-28 -1.17844e-31  -4.2413e-29 -2.68473e-32 -3.83055e-30 -5.36341e-33 -3.07766e-31 -9.47164e-34 -2.20075e-32 -1.47696e-34  -1.3965e-33 -1.97651e-35 -7.81813e-35 -2.08965e-36 -3.82801e-36 -1.35773e-37 -1.62096e-37   3.2268e-39 -5.87005e-39   2.2577e-39  -1.8143e-40  3.30777e-40 -4.91453e-42    2.961e-41 -1.23378e-43  1.80867e-42 -2.82039e-45  7.68484e-44 -4.66811e-47   2.1601e-45 -3.35167e-49  2.77738e-47
 2.78468e-17  -0.00847802 -6.69181e-17    0.0264569 -1.46981e-16   -0.0260168  4.37401e-16   0.00041404 -2.86857e-16   0.00758602 -1.26904e-16   0.00237176  2.60752e-16  -0.00106867  -8.1369e-17  -0.00129926 -1.04349e-17 -0.000556956 -4.38681e-17 -4.75226e-05  2.01064e-17  0.000106985  1.93408e-17  9.34019e-05 -5.76022e-19  4.79467e-05 -6.71318e-18   1.7171e-05 -1.51266e-18  3.59062e-06  1.57612e-18 -5.11023e-07  5.04861e-19 -1.02898e-06 -3.41335e-19 -6.82024e-07 -1.83654e-19 -3.37817e-07    4.317e-20  -1.4198e-07  6.73349e-20 -5.30677e-08  2.06724e-20 -1.80573e-08  -4.9669e-21 -5.67137e-09 -5.70096e-21 -1.65942e-09 -1.18146e-21 -4.55524e-10  3.05738e-22 -1.18038e-10  8.75229e-23 -2.90516e-11 -6.15432e-23 -6.83823e-12 -4.89748e-24 -1.55166e-12  3.20589e-23 -3.42418e-13  1.97275e-23 -7.41264e-14  2.46776e-24 -1.58449e-14  -3.3539e-24 -3.35247e-15 -2.64798e-24 -7.00253e-16 -1.05666e-24 -1.43397e-16 -2.40238e-25 -2.85232e-17 -3.53612e-27  -5.4589e-18  2.49774e-26 -9.96792e-19  1.36686e-26 -1.72469e-19  4.67728e-27 -2.81237e-20   1.0927e-27 -4.30354e-21  1.04118e-28 -6.15807e-22 -6.17246e-29 -8.21476e-23 -4.94835e-29 -1.01866e-23 -2.36615e-29 -1.17088e-24 -9.12688e-30 -1.24373e-25 -3.01402e-30 -1.21689e-26  -8.6352e-31 -1.09265e-27 -2.15317e-31  -8.9657e-29 -4.69113e-32 -6.69005e-30 -8.98779e-33 -4.51335e-31 -1.52024e-33 -2.73375e-32 -2.24797e-34 -1.47381e-33  -2.7942e-35   -6.994e-35 -2.64716e-36 -2.87947e-36 -1.37191e-37 -1.00995e-37  7.94674e-39 -2.96666e-39   2.7533e-39 -7.36346e-41  3.37779e-40 -1.70512e-42  2.60986e-41 -4.29641e-44  1.37416e-42 -1.02393e-45   4.8982e-44 -1.46712e-47    1.023e-45  -5.6715e-50
  0.00216824  1.07483e-16   -0.0178184 -1.46981e-16    0.0402951 -2.40827e-16    -0.028557  5.79918e-16  -0.00704717 -3.27465e-16   0.00807489 -1.39648e-16   0.00524094  2.55894e-16  0.000181625 -2.35649e-17  -0.00147184 -4.53923e-17  -0.00105776 -5.77867e-17 -0.000363214  2.14079e-17  3.36492e-06  2.66264e-17  9.40222e-05  3.67774e-19  7.39064e-05 -8.27244e-18  3.79418e-05 -1.54738e-18  1.46737e-05  1.88058e-18  4.12745e-06  4.35227e-19  5.33925e-07 -5.12527e-19 -2.83689e-07 -2.47277e-19 -2.87634e-07  6.71416e-20 -1.62818e-07  9.91852e-20 -7.37934e-08  3.10574e-20 -2.92122e-08 -5.64912e-21 -1.04751e-08 -6.80514e-21 -3.46942e-09   -1.315e-21 -1.07413e-09   2.2551e-22 -3.13374e-10 -2.85055e-23 -8.66438e-11 -7.57025e-23 -2.27955e-11  4.67215e-23  -5.7229e-12  7.55213e-23 -1.37343e-12  3.54843e-23 -3.15343e-13  2.76905e-24 -6.92701e-14 -6.36904e-24 -1.45473e-14 -4.62049e-24 -2.91692e-15 -1.80993e-24 -5.57434e-16  -4.2234e-25 -1.01312e-16 -1.71785e-26 -1.74701e-17  3.72581e-26 -2.85096e-18  2.13999e-26 -4.39125e-19  7.34999e-27 -6.36634e-20   1.6484e-27 -8.66266e-21  9.70471e-29 -1.10299e-21 -1.36623e-28 -1.30998e-22 -9.57063e-29 -1.44625e-23 -4.36033e-29 -1.47865e-24 -1.61177e-29  -1.3941e-25 -5.08328e-30 -1.20618e-26 -1.38761e-30 -9.52235e-28 -3.29816e-31 -6.81232e-29 -6.86424e-32 -4.37851e-30 -1.25741e-32 -2.50003e-31 -2.02488e-33 -1.24823e-32 -2.81546e-34 -5.31748e-34 -3.21827e-35 -1.84817e-35 -2.68944e-36 -4.71444e-37  -1.0134e-37 -5.59099e-39  1.19223e-38  1.78446e-40  2.71069e-39  1.12185e-41  2.79649e-40  1.91624e-43  1.85445e-41 -4.30559e-45  8.29034e-43 -2.45434e-46  2.36793e-44 -3.10519e-48  2.99032e-46
-3.88719e-17   0.00457203  2.55069e-16   -0.0260168 -2.40827e-16    0.0485636 -3.06391e-16   -0.0246291  6.14121e-16   -0.0146216 -3.30265e-16   0.00567824 -1.24189e-16   0.00742748  2.40756e-16   0.00220957  3.57013e-17 -0.000952941 -7.47222e-17  -0.00135625 -7.13306e-17 -0.000750199  2.09928e-17 -0.000216795  3.10933e-17  2.03777e-05  5.94285e-19  6.93427e-05 -8.69754e-18  5.16207e-05 -1.00175e-18   2.6837e-05  2.06647e-18  1.11249e-05  1.97017e-19  3.76392e-06 -7.40957e-19  9.89371e-07 -3.15245e-19  1.50446e-07  9.28678e-20 -3.10091e-08  1.28663e-19 -3.98537e-08   3.9814e-20  -2.2271e-08 -5.34615e-21 -9.67812e-09 -6.77191e-21 -3.64324e-09  -1.2681e-21 -1.23757e-09 -2.26557e-23 -3.87065e-10 -1.88674e-22 -1.12739e-10 -2.60675e-23 -3.07919e-11    1.601e-22 -7.91996e-12  1.46252e-22 -1.92331e-12  5.71154e-23 -4.41588e-13  2.37368e-24 -9.59053e-14  -1.0572e-23 -1.96993e-14 -7.17901e-24 -3.82414e-15 -2.75768e-24 -7.00781e-16 -6.49342e-25 -1.21038e-16 -3.54968e-26 -1.96664e-17  5.09564e-26 -2.99913e-18  2.98864e-26 -4.28131e-19  1.00552e-26 -5.70302e-20  2.05581e-27 -7.06249e-21 -2.59255e-29 -8.09396e-22 -2.69988e-28 -8.53554e-23 -1.64763e-28 -8.22044e-24 -7.06418e-29 -7.15427e-25 -2.48201e-29 -5.53625e-26 -7.44356e-30 -3.70358e-27 -1.93231e-30  -2.0171e-28 -4.37358e-31 -7.40597e-30 -8.68037e-32  2.91376e-32 -1.51466e-32  3.54325e-32 -2.30783e-33  3.87643e-33  -2.9927e-34   2.8905e-34 -3.11322e-35  1.70356e-35 -2.24678e-36  8.24951e-37 -4.86019e-38  3.29537e-38  1.33654e-38  1.06021e-39   2.2231e-39  2.56127e-41  1.93122e-40   3.8473e-43  1.08914e-41  1.18059e-45  4.02974e-43 -5.78134e-47  8.45089e-45 -4.68562e-49
 0.000106107  -1.1174e-16   0.00464714  4.37401e-16    -0.028557 -3.06391e-16    0.0494253 -3.04387e-16   -0.0170206  5.23714e-16   -0.0197877 -3.21651e-16    0.0013433 -9.60699e-17   0.00808712    2.395e-16   0.00434089  8.22094e-17  0.000218807 -9.30535e-17  -0.00123643 -8.01305e-17  -0.00103961  1.98242e-17 -0.000491443  3.13925e-17 -0.000127947 -2.23509e-19  1.63161e-05 -7.87654e-18  4.30594e-05   1.2379e-19  3.15839e-05  2.15033e-18  1.67402e-05 -1.86251e-19  7.32221e-06 -1.01076e-18  2.76174e-06 -3.83759e-19  9.10927e-07  1.12351e-19  2.61183e-07  1.47403e-19  6.28272e-08  4.42672e-20   1.1187e-08 -4.16513e-21  5.33865e-10 -5.77296e-21 -6.98685e-10 -1.27735e-21  -4.2916e-10 -4.63543e-22 -1.74138e-10 -3.11662e-22 -5.85465e-11  1.48055e-22  -1.7381e-11  3.55843e-22 -4.67914e-12  2.46494e-22 -1.15736e-12  8.36417e-23 -2.64806e-13  1.00582e-24 -5.62287e-14 -1.57609e-23 -1.10903e-14 -1.01182e-23 -2.02985e-15 -3.79784e-24 -3.43789e-16 -8.86966e-25  -5.3608e-17 -5.17892e-26 -7.63175e-18  6.54133e-26 -9.77799e-19  3.78459e-26 -1.09747e-19  1.21097e-26 -1.01493e-20   2.0613e-27 -6.28872e-22 -3.35104e-28  1.09605e-23 -4.72963e-28  1.15242e-23 -2.54482e-28  2.33777e-24 -1.02092e-28  3.42114e-25 -3.39327e-29  4.15213e-26 -9.65064e-30  4.36674e-27 -2.37918e-30  4.05007e-28 -5.12176e-31  3.33588e-29 -9.67204e-32  2.44375e-30 -1.60082e-32  1.58921e-31 -2.29306e-33  9.13447e-33 -2.75029e-34  4.61067e-34  -2.5731e-35  2.02629e-35 -1.55389e-36  7.66213e-37 -2.90507e-39  2.44473e-38  1.20408e-38  6.32568e-40  1.54703e-39  1.21042e-41  1.12945e-40  1.31997e-43  5.33688e-42  -1.2408e-46  1.56229e-43 -1.67959e-47  1.96449e-45
-9.98239e-18    0.0017322 -2.06103e-16   0.00041404  5.79918e-16   -0.0246291 -3.04387e-16    0.0452171 -2.22955e-16  -0.00916024  3.49604e-16   -0.0219128 -3.29548e-16  -0.00348458 -7.21999e-17   0.00714571    2.541e-16    0.0059468  1.11535e-16   0.00174303 -9.92072e-17 -0.000649777 -8.03264e-17  -0.00108367  1.87302e-17 -0.000717209  2.75572e-17 -0.000310625 -1.74491e-18 -8.08859e-05 -5.90003e-18  4.96722e-06  1.69601e-18  2.15174e-05  2.16001e-18  1.63337e-05 -6.47522e-19   8.8877e-06 -1.27937e-18  4.03602e-06 -4.43586e-19  1.61332e-06  1.17519e-19  5.82577e-07  1.48985e-19  1.92927e-07  4.28554e-20  5.91767e-08 -2.77419e-21  1.69369e-08  -4.6284e-21   4.5518e-09 -1.73019e-21  1.15594e-09 -1.06957e-21  2.79378e-10 -2.83805e-22  6.48159e-11  5.01645e-22  1.45812e-11  6.41899e-22  3.21486e-12  3.71925e-22  7.00973e-13  1.12423e-22  1.51831e-13 -1.59386e-24  3.26092e-14 -2.15062e-23  6.89225e-15 -1.30995e-23  1.41831e-15  -4.7768e-24  2.81047e-16  -1.0872e-24  5.31151e-17 -5.75889e-26   9.5018e-18  7.95926e-26  1.59979e-18  4.37325e-26  2.52413e-19  1.27874e-26  3.71941e-20  1.44283e-27  5.10389e-21 -8.66924e-28  6.50497e-22 -7.37389e-28  7.68011e-23 -3.54852e-28  8.37658e-24 -1.32948e-28  8.41442e-25  -4.1694e-29  7.75803e-26 -1.12267e-29  6.53943e-27 -2.62548e-30  5.01654e-28 -5.36772e-31  3.48353e-29 -9.61782e-32  2.17592e-30 -1.50282e-32  1.21354e-31 -2.01037e-33  5.99066e-33 -2.21065e-34  2.59157e-34 -1.83323e-35  9.71164e-36 -8.78694e-37   3.1065e-37  2.27544e-38  8.27157e-39  9.03527e-39  1.72654e-40  9.23538e-40    2.363e-42  5.63103e-41  6.53128e-45  2.17404e-42 -3.77312e-46  4.62164e-44 -3.54695e-48
-0.000483501  -4.0477e-17   0.00480332 -2.86857e-16  -0.00704717  6.14121e-16   -0.0170206 -2.22955e-16    0.0394779 -8.20281e-17  -0.00293781  1.56618e-16   -0.0217164 -3.63321e-16  -0.00776071 -6.01692e-17   0.00503487  2.69725e-16   0.00669078  1.22984e-16   0.00324457 -9.47305e-17  0.000292451 -7.08945e-17 -0.000817691  1.77744e-17 -0.000796877  2.07687e-17 -0.000463342 -3.16888e-18 -0.000194607 -2.94291e-18 -5.60051e-05  3.53114e-18  -4.5581e-06  2.13735e-18  7.33598e-06 -1.08659e-18  6.55923e-06 -1.48612e-18  3.75983e-06 -4.81771e-19  1.76263e-06  1.04497e-19  7.25374e-07  1.32011e-19  2.70564e-07  3.56038e-20  9.31282e-08 -2.37844e-21  2.99213e-08 -4.56977e-21  9.04542e-09 -2.99971e-21  2.58786e-09 -1.74162e-21  7.03673e-10  9.22462e-24  1.82407e-10  1.06063e-21  4.51671e-11  1.00535e-21  1.06944e-11  5.10262e-22   2.4217e-12  1.39148e-22   5.2413e-13 -5.69769e-24  1.08285e-13 -2.72334e-23  2.13179e-14 -1.57174e-23  3.99065e-15 -5.52587e-24  7.08661e-16 -1.20324e-24   1.1908e-16 -4.68008e-26  1.88849e-17  9.16303e-26  2.81908e-18  4.59978e-26  3.95027e-19  1.15308e-26  5.18143e-20   1.0462e-28  6.34292e-21 -1.59445e-27  7.22404e-22 -1.03108e-27  7.62853e-23  -4.4928e-28  7.44111e-24 -1.57202e-28  6.67629e-25 -4.64585e-29  5.48322e-26  -1.1831e-29  4.09915e-27  -2.6218e-30  2.77082e-28 -5.08135e-31  1.67985e-29 -8.61047e-32  9.04364e-31 -1.26369e-32  4.26962e-32 -1.56765e-33  1.73984e-33 -1.56496e-34  5.99706e-35 -1.12834e-35  1.70362e-36 -3.86156e-37  3.83452e-38  2.89819e-38  6.14329e-40  5.76185e-39   2.7762e-42  4.75623e-40 -2.55084e-43  2.39131e-41 -9.91701e-45  7.21771e-43 -1.40418e-46  9.12073e-45
 6.34967e-17 -0.000737315 -8.69862e-17   0.00758602 -3.27465e-16   -0.0146216  5.23714e-16  -0.00916024 -8.20281e-17    0.0344687  8.17327e-17   0.00139133 -4.12439e-18   -0.0202204 -4.09705e-16   -0.0110548 -5.76759e-17   0.00230393  2.69707e-16    0.0065269  1.16814e-16   0.00441774 -8.28748e-17   0.00139085 -5.45147e-17 -0.000271851  1.60661e-17 -0.000676353  1.26256e-17 -0.000524395   -3.703e-18 -0.000284626  7.38796e-19 -0.000120634  5.43456e-18 -3.97577e-05   2.1336e-18 -8.70008e-06 -1.39388e-18  2.17304e-07 -1.57262e-18  1.55093e-06 -4.86739e-19  1.08509e-06   7.5594e-20  5.45493e-07  1.00423e-19  2.31424e-07  2.34826e-20  8.74376e-08 -4.63019e-21  3.01753e-08 -6.85576e-21  9.64701e-09 -5.27782e-21   2.8818e-09 -2.32052e-21  8.08825e-10  6.40551e-22  2.14043e-10  1.80208e-21  5.35235e-11  1.40896e-21  1.26618e-11  6.42089e-22  2.83483e-12  1.58418e-22  6.00567e-13 -1.15386e-23  1.20311e-13 -3.23269e-23  2.27665e-14 -1.75889e-23  4.06379e-15 -5.90763e-24  6.83087e-16 -1.20595e-24  1.07915e-16  -1.9299e-26  1.59874e-17  9.87892e-26  2.21545e-18  4.34676e-26  2.86339e-19  8.15761e-27  3.44022e-20 -1.85661e-27  3.82726e-21 -2.41939e-27  3.92421e-22 -1.30345e-27    3.687e-23 -5.19234e-28   3.1508e-24 -1.69818e-28  2.42446e-25 -4.72688e-29   1.6552e-26 -1.13757e-29  9.78754e-28 -2.38589e-30   4.7851e-29 -4.37388e-31  1.71292e-30 -6.98291e-32  2.17922e-32 -9.57225e-33 -2.76412e-33 -1.09285e-33 -2.96693e-34 -9.78998e-35 -1.81633e-35 -5.96734e-36  -8.1445e-37  -1.0811e-37 -2.80764e-38  2.37796e-38 -7.54461e-40  3.15874e-39  -1.6213e-41  2.11501e-40 -2.89301e-43   8.5664e-42 -3.89667e-45  1.85788e-43 -2.26997e-47
-0.000209281  1.49671e-16  0.000109574 -1.26904e-16   0.00807489 -3.30265e-16   -0.0197877  3.49604e-16  -0.00293781  8.17327e-17    0.0308125  2.33196e-16     0.004313 -1.10818e-16    -0.018169 -4.43579e-16   -0.0133475 -5.75698e-17 -0.000603219   2.4621e-16    0.0055857  9.54755e-17   0.00508021  -6.7609e-17   0.00243205 -3.65196e-17  0.000452163  1.21619e-17 -0.000359112  4.43016e-18 -0.000457442  -2.9981e-18 -0.000314201  4.73823e-18 -0.000164791    7.191e-18 -7.15586e-05  2.18481e-18   -2.632e-05  -1.4886e-18 -8.10352e-06 -1.50837e-18 -1.94395e-06 -4.55129e-19 -2.51238e-07  3.70779e-20  7.32507e-08  6.04628e-20  7.54617e-08  6.90322e-21  3.88619e-08 -1.15018e-20  1.57937e-08 -1.24136e-20  5.57075e-09 -8.49392e-21  1.76899e-09 -2.63779e-21  5.14863e-10  1.60266e-21    1.387e-10  2.64649e-21  3.47812e-11  1.79519e-21  8.14494e-12  7.44381e-22  1.78407e-12  1.65015e-22  3.65692e-13 -1.91302e-23  7.01137e-14 -3.62187e-23  1.25581e-14  -1.8439e-23  2.09683e-15  -5.8548e-24  3.25391e-16 -1.09449e-24  4.67297e-17  1.80916e-26  6.17295e-18  9.81112e-26  7.43372e-19  3.57593e-26  8.04494e-20  2.98628e-27  7.62649e-21 -4.14895e-27  5.99196e-22 -3.19379e-27  3.28466e-23 -1.50046e-27   2.4154e-27 -5.50383e-28 -3.13339e-25 -1.68444e-28 -5.42801e-26 -4.41514e-29 -6.46874e-27 -1.00343e-29 -6.25666e-28 -1.98897e-30 -5.15125e-29 -3.43972e-31 -3.67224e-30 -5.15187e-32 -2.27694e-31 -6.55648e-33 -1.22464e-32 -6.83049e-34 -5.66582e-34 -5.41131e-35 -2.22305e-35 -2.66424e-36  -7.2464e-37  8.09457e-39 -1.91162e-38  1.52766e-38 -3.97965e-40  1.49718e-39 -6.49133e-42  8.08462e-41 -8.33715e-44  2.52815e-42 -7.13292e-46  3.23093e-44
-5.64359e-17 -0.000749444  2.26361e-16   0.00237176 -1.39648e-16   0.00567824 -3.21651e-16   -0.0219128  1.56618e-16   0.00139133  2.33196e-16    0.0282812  3.47896e-16    0.0063606  -1.6477e-16   -0.0159583 -4.43165e-16   -0.0147853 -5.30736e-17  -0.00339815  2.02481e-16   0.00406564  6.49348e-17   0.00516484 -5.25918e-17   0.00323679 -2.26442e-17   0.00121678  4.82989e-18  9.93243e-05 -3.14411e-18 -0.000263005  -1.3237e-18 -0.000264012  8.46711e-18  -0.00016935  8.54943e-18 -8.71748e-05   2.2792e-18 -3.85569e-05 -1.35733e-18 -1.51014e-05 -1.30971e-18 -5.31815e-06  -3.9744e-19 -1.69645e-06 -6.38444e-21 -4.91102e-07  1.59685e-20 -1.28572e-07 -1.56854e-20 -3.01177e-08 -2.50174e-20 -6.16259e-09 -2.15982e-20 -1.03971e-09  -1.2342e-20 -1.19284e-10  -2.5854e-21  2.19369e-12  2.78822e-21  6.30383e-12  3.46832e-21  2.26113e-12   2.0981e-21  5.53244e-13  7.96186e-22  1.01793e-13  1.55566e-22  1.24144e-14  -2.8032e-23  -5.8677e-17 -3.84553e-23 -5.98048e-16 -1.81584e-23 -2.25919e-16 -5.38769e-24 -5.98403e-17 -8.96505e-25 -1.31291e-17  5.38857e-26 -2.51572e-18  8.75911e-26 -4.30922e-19  2.35725e-26 -6.67701e-20 -3.18961e-27 -9.41759e-21 -6.35689e-27 -1.21297e-21 -3.76476e-27 -1.42835e-22 -1.58244e-27 -1.53743e-23 -5.37359e-28 -1.51062e-24 -1.54067e-28 -1.35177e-25 -3.80233e-29 -1.09805e-26 -8.15395e-30  -8.0622e-28 -1.52477e-30 -5.32167e-29 -2.47982e-31 -3.13652e-30 -3.46784e-32 -1.63645e-31 -4.06983e-33  -7.4737e-33 -3.83066e-34 -2.94326e-34 -2.63154e-35 -9.79126e-36 -9.59175e-37 -2.67526e-37  3.54554e-38 -5.79446e-39  8.14585e-39 -9.62513e-41  6.14012e-40 -1.22612e-42  2.62456e-41 -1.21728e-44  5.83409e-43 -6.36967e-47
 1.12427e-05 -1.02728e-16  -0.00126016  2.60752e-16   0.00524094 -1.24189e-16    0.0013433 -3.29548e-16   -0.0217164 -4.12439e-18     0.004313  3.47896e-16    0.0264937  4.12451e-16   0.00789109 -1.77468e-16   -0.0137605 -4.00156e-16   -0.0155405 -4.07785e-17  -0.00591713  1.49319e-16   0.00216922  3.35635e-17   0.00468907 -4.04601e-17   0.00368139  -1.6872e-17   0.00188152 -6.27317e-18  0.000608946 -9.98064e-18  2.23997e-05   5.5792e-19 -0.000139166  1.12361e-17 -0.000127922  9.24358e-18 -7.91292e-05  2.33941e-18 -4.01598e-05 -1.07132e-18 -1.78237e-05 -1.04163e-18 -7.13107e-06 -3.39398e-19 -2.61812e-06 -5.72806e-20 -8.92646e-07 -3.51062e-20 -2.85138e-07 -4.80022e-20 -8.59341e-08 -4.67164e-20  -2.4578e-08  -3.4071e-20 -6.70401e-09 -1.63766e-20 -1.75092e-09 -2.16679e-21 -4.39161e-10  4.00514e-21 -1.05967e-10  4.12457e-21 -2.46089e-11  2.26029e-21  -5.4958e-12  7.84782e-22   -1.178e-12   1.2998e-22 -2.41688e-13 -3.72259e-23 -4.73113e-14 -3.87534e-23 -8.80639e-15 -1.68208e-23  -1.5534e-15  -4.6052e-24 -2.58823e-16 -6.58261e-25 -4.06073e-17  7.64103e-26 -5.98134e-18  6.72926e-26 -8.24774e-19  8.67164e-27 -1.06163e-19 -9.29283e-27 -1.27186e-20 -8.06388e-27 -1.41387e-21  -4.0234e-27 -1.45364e-22 -1.53682e-27 -1.37723e-23 -4.85032e-28 -1.19758e-24 -1.30401e-28 -9.51388e-26 -3.02963e-29 -6.86837e-27 -6.12382e-30 -4.47805e-28 -1.07796e-30 -2.61717e-29 -1.64269e-31 -1.35873e-30 -2.13339e-32 -6.19429e-32 -2.29141e-33 -2.44214e-33 -1.92504e-34 -8.14962e-35 -1.11401e-35 -2.22938e-36 -2.40349e-37 -4.75793e-38   2.8757e-38  -7.3537e-40  3.69159e-39 -7.61693e-42  2.16867e-40 -6.25285e-44  7.05619e-42 -6.48025e-46  9.16033e-44
 2.44194e-17  -0.00021003 -1.13806e-16  -0.00106867  2.55894e-16   0.00742748 -9.60699e-17  -0.00348458 -3.63321e-16   -0.0202204 -1.10818e-16    0.0063606  4.12451e-16    0.0251784  4.22769e-16   0.00910779 -1.62131e-16   -0.0116378 -3.21446e-16   -0.0157596 -2.11468e-17  -0.00807625   9.9573e-17  7.67225e-05  9.14848e-18   0.00372503 -3.26536e-17   0.00370248  -2.0362e-17   0.00232802  -2.0369e-17   0.00106761 -1.62542e-17  0.000337035  1.70544e-18  3.23128e-05  1.24275e-17 -4.94626e-05  9.05047e-18  -4.8444e-05  2.23532e-18 -2.99742e-05 -7.69839e-19 -1.50861e-05  -8.0026e-19 -6.63952e-06 -3.17513e-19 -2.63945e-06 -1.27127e-19 -9.64964e-07 -1.00621e-19 -3.28107e-07 -9.44607e-20 -1.04546e-07 -7.68878e-20   -3.138e-08 -4.87805e-20 -8.90494e-09 -2.01181e-20 -2.39491e-09 -1.49987e-21 -6.11305e-10  5.02556e-21 -1.48191e-10  4.49305e-21 -3.41181e-11  2.24921e-21 -7.45621e-12   7.0998e-22 -1.54528e-12  9.19315e-23 -3.03315e-13 -4.52497e-23 -5.62995e-14 -3.70545e-23 -9.86452e-15 -1.46599e-23 -1.62844e-15 -3.65445e-24 -2.52749e-16 -4.29317e-25 -3.68009e-17   7.8308e-26 -5.01458e-18  3.97776e-26 -6.37804e-19 -6.50536e-27 -7.55055e-20 -1.42618e-26 -8.29348e-21 -8.97688e-27 -8.42211e-22 -3.93683e-27 -7.87545e-23 -1.38021e-27 -6.74943e-24 -4.06045e-28 -5.27229e-25 -1.02436e-28 -3.72894e-26 -2.23954e-29 -2.36842e-27 -4.26087e-30 -1.33675e-28 -7.04159e-31 -6.61017e-30 -1.00125e-31 -2.80542e-31 -1.20038e-32 -9.87838e-33 -1.16957e-33 -2.69414e-34 -8.63335e-35 -4.61587e-36 -4.01222e-36  1.40565e-38 -8.79222e-39  4.19817e-39  1.62411e-38  1.53157e-40  1.43463e-39  2.92574e-42  6.51625e-41  2.64807e-44  1.48978e-42   5.4072e-47
 5.68968e-05  3.28568e-17 -0.000730877  -8.1369e-17  0.000181625  2.40756e-16   0.00808712 -7.21999e-17  -0.00776071 -4.09705e-16    -0.018169  -1.6477e-16   0.00789109  4.22769e-16     0.024182  3.83492e-16     0.010127 -1.30957e-16  -0.00960435 -2.24189e-16   -0.0155534  2.84467e-18  -0.00983633  6.33644e-17  -0.00205887 -3.92751e-18   0.00237841  -2.9632e-17   0.00329388 -3.16415e-17   0.00247689 -3.58324e-17   0.00138325 -2.21854e-17  0.000610621  1.33677e-18   0.00020829  1.16781e-17  4.49344e-05  7.85757e-18 -4.17194e-06  1.82494e-18  -1.1355e-05 -6.14617e-19 -7.95066e-06 -6.83267e-19 -4.11861e-06 -3.69771e-19 -1.81037e-06 -2.32958e-19 -7.08775e-07 -1.90338e-19 -2.52988e-07 -1.57547e-19 -8.34132e-08 -1.13873e-19 -2.56096e-08 -6.40577e-20 -7.35915e-09 -2.31316e-20  -1.9858e-09 -7.70643e-22 -5.04198e-10  5.65174e-21 -1.20589e-10  4.50689e-21 -2.71792e-11  2.06682e-21 -5.77208e-12  5.84694e-22 -1.15439e-12  4.80407e-23 -2.17213e-13 -5.05922e-23 -3.84044e-14 -3.35616e-23 -6.37013e-15  -1.2013e-23 -9.89362e-16 -2.69053e-24 -1.43555e-16  -2.4797e-25 -1.94077e-17  5.90624e-26 -2.43692e-18  9.55252e-27 -2.83102e-19 -1.94984e-26  -3.0284e-20 -1.73442e-26 -2.96486e-21 -9.00288e-27 -2.63499e-22  -3.5512e-27 -2.10135e-23 -1.15035e-27 -1.47675e-24 -3.16129e-28 -8.85468e-26 -7.48647e-29 -4.21476e-27 -1.53917e-29 -1.23401e-28 -2.75137e-30  2.40647e-30 -4.25537e-31  6.80382e-31 -5.61892e-32  6.00184e-32 -6.17583e-33  3.73024e-33 -5.40082e-34  1.82233e-34  -3.4272e-35  7.18751e-36 -1.16445e-36  2.28225e-37  3.38184e-38   5.6816e-39  7.34602e-39  1.04265e-40  4.77829e-40  1.23956e-42  1.62408e-41  7.07637e-45  2.14838e-43
 -1.1841e-17    5.986e-05  1.97032e-17  -0.00129926 -2.35649e-17   0.00220957    2.395e-16   0.00714571 -6.01692e-17   -0.0110548 -4.43579e-16   -0.0159583 -1.77468e-16   0.00910779  3.83492e-16    0.0234213  3.07413e-16    0.0110214 -9.46284e-17  -0.00765254 -1.27956e-16   -0.0150007  2.78014e-17   -0.0111797  4.54145e-17  -0.00410779 -5.75157e-18  0.000775639 -3.11706e-17   0.00250085 -4.76155e-17    0.0022977 -5.07574e-17   0.00149257 -2.79042e-17  0.000782444 -9.31948e-19   0.00034541  8.98872e-18  0.000129501  5.70453e-18  4.02948e-05  1.00625e-18  9.43528e-06 -7.35693e-19  8.95753e-07 -7.60828e-19 -6.41442e-07 -5.24478e-19 -5.34632e-07 -3.89656e-19 -2.68522e-07 -3.10008e-19 -1.09268e-07 -2.35343e-19 -3.88491e-08 -1.53847e-19 -1.24485e-08 -7.78618e-20 -3.65162e-09 -2.50785e-20 -9.89165e-10 -1.62937e-22  -2.4868e-10  5.77289e-21 -5.81848e-11  4.17222e-21 -1.26858e-11  1.74877e-21 -2.57754e-12  4.31358e-22 -4.87616e-13  5.97777e-24 -8.57246e-14 -5.21909e-23 -1.39621e-14 -2.87301e-23 -2.09703e-15 -9.24626e-24 -2.88438e-16 -1.83998e-24  -3.5937e-17 -1.32608e-25 -3.98048e-18  2.46449e-26 -3.77697e-19 -1.82554e-26 -2.79324e-20 -2.84871e-26 -1.02879e-21 -1.82739e-26  1.26368e-22 -8.25168e-27   3.6147e-23 -2.96802e-27  5.48333e-24 -8.92392e-28  6.45576e-25 -2.29425e-28  6.40046e-26 -5.10052e-29  5.49854e-27 -9.85072e-30  4.13748e-28  -1.6507e-30  2.73383e-29 -2.38044e-31  1.58241e-30 -2.90291e-32  7.97547e-32 -2.90173e-33  3.46769e-33 -2.24712e-34  1.28399e-34 -1.18572e-35  3.97712e-36 -2.28066e-37   1.0036e-37  2.49997e-38  1.97358e-39  2.77561e-39   2.7816e-41  1.35038e-40  2.35441e-43  3.18379e-42  7.20231e-46
 3.42911e-05 -2.19193e-17 -0.000130539 -1.04349e-17  -0.00147184  3.57013e-17   0.00434089    2.541e-16   0.00503487 -5.76759e-17   -0.0133475 -4.43165e-16   -0.0137605 -1.62131e-16     0.010127  3.07413e-16    0.0228488  2.12661e-16    0.0118422  -6.1578e-17  -0.00576381 -4.77004e-17   -0.0141528  5.15334e-17   -0.0120959  4.47807e-17  -0.00595653  6.39386e-20 -0.000943223 -3.65242e-17   0.00141326 -6.47521e-17    0.0018125 -6.35067e-17   0.00137362 -3.33997e-17  0.000816467 -4.99951e-18   0.00041185     4.72e-18   0.00018251  2.78231e-18  7.23534e-05 -2.42029e-19  2.59186e-05 -1.19128e-18  8.43169e-06 -1.05746e-18  2.49381e-06 -7.90792e-19  6.68829e-07 -6.01479e-19  1.61473e-07 -4.56398e-19  3.45882e-08 -3.20531e-19   6.3923e-09 -1.91364e-19  9.60027e-10 -8.81712e-20  9.89596e-11 -2.57536e-20  1.61204e-12   2.0151e-22 -1.49459e-12  5.39169e-21  3.06189e-14  3.56308e-21  2.45576e-13  1.35353e-21  1.28448e-13  2.75542e-22   4.5038e-14 -2.77307e-23  1.27337e-14 -4.97959e-23   3.0938e-15 -2.31906e-23  6.65482e-16  -6.6804e-24  1.28787e-16 -1.17796e-24  2.26333e-17 -8.09676e-26  3.63207e-18 -1.52186e-26  5.33892e-19 -3.94126e-26  7.19948e-20 -3.27076e-26  8.90914e-21 -1.72735e-26  1.01107e-21  -6.9736e-27  1.05073e-22 -2.30724e-27  9.97671e-24 -6.45936e-28  8.62873e-25 -1.55503e-28  6.77137e-26 -3.24437e-29  4.79813e-27 -5.87742e-30  3.05171e-28 -9.20688e-31   1.7295e-29 -1.23258e-31  8.65608e-31 -1.37944e-32  3.78423e-32   -1.242e-33  1.42561e-33 -8.36473e-35  4.54961e-35 -3.46426e-36  1.20246e-36  2.26891e-39  2.54567e-38  1.20197e-38  4.07659e-40  8.87068e-40  4.40513e-42   3.1614e-41   2.4452e-44  4.27034e-43
 5.74061e-18  9.13055e-05 -3.20387e-17 -0.000556956 -4.53923e-17 -0.000952941  8.22094e-17    0.0059468  2.69725e-16   0.00230393 -5.75698e-17   -0.0147853 -4.00156e-16   -0.0116378 -1.30957e-16    0.0110214  2.12661e-16    0.0224372  1.17766e-16    0.0126292 -3.69234e-17  -0.00391259  1.00024e-17   -0.0130382  7.34878e-17    -0.012573   5.6445e-17  -0.00750185  8.50458e-18  -0.00262953 -4.44692e-17  0.000156806 -7.99891e-17   0.00109256 -7.30262e-17   0.00104991 -3.85114e-17  0.000709676 -1.03398e-17   0.00039593 -5.12758e-19  0.000192962 -6.06459e-19  8.45267e-05 -1.84646e-18  3.38592e-05 -1.95516e-18  1.25507e-05 -1.54878e-18  4.34352e-06 -1.15372e-18  1.41354e-06 -8.56605e-19  4.35194e-07 -6.15691e-19  1.27401e-07  -4.0155e-19  3.56123e-08 -2.20587e-19  9.53531e-09 -9.34382e-20  2.45042e-09 -2.51145e-20  6.04828e-10  2.89795e-22  1.43311e-10  4.61335e-21  3.25457e-11  2.79693e-21  7.06693e-12  9.45795e-22  1.46299e-12   1.3925e-22  2.87856e-13 -4.93289e-23  5.36641e-14 -4.40334e-23  9.45059e-15 -1.76173e-23  1.56768e-15 -4.53609e-24  2.44284e-16 -7.23702e-25  3.56638e-17 -7.59954e-26  4.86549e-18  -5.0712e-26   6.1865e-19 -5.16592e-26  7.31118e-20 -3.24919e-26   8.0071e-21 -1.49082e-26  8.10051e-22 -5.46656e-27  7.54299e-23 -1.67327e-27  6.43891e-24 -4.37133e-28   5.0154e-25 -9.85888e-29   3.5456e-26 -1.92892e-29   2.2606e-27 -3.27133e-30   1.2902e-28 -4.77441e-31  6.53266e-30 -5.90395e-32  2.90271e-31 -6.01887e-33  1.11698e-32  -4.8229e-34  3.66236e-34 -2.75184e-35  1.00268e-35   -7.906e-37  2.23168e-37   2.8212e-38  3.87725e-39  4.54152e-39  4.87251e-41  2.38851e-40  3.72502e-43  5.81887e-42  1.01837e-45
 1.06315e-05  1.14828e-17  9.70102e-05 -4.38681e-17  -0.00105776 -7.47222e-17  0.000218807  1.11535e-16   0.00669078  2.69707e-16 -0.000603219 -5.30736e-17   -0.0155405 -3.21446e-16  -0.00960435 -9.46284e-17    0.0118422  1.17766e-16    0.0221721  3.68246e-17    0.0134171 -2.18667e-17  -0.00206774  4.67627e-17   -0.0116666   9.4105e-17    -0.012594  7.37328e-17  -0.00864796  1.52899e-17  -0.00413246  -5.3366e-17  -0.00111936 -9.12012e-17  0.000247425 -7.88852e-17  0.000584957 -4.29461e-17  0.000491493 -1.61676e-17  0.000308038 -5.99744e-18  0.000163001 -4.10924e-18  7.63648e-05 -3.65504e-18  3.24591e-05 -2.93115e-18  1.27041e-05 -2.17076e-18   4.6236e-06 -1.57492e-18  1.57561e-06 -1.12717e-18  5.05247e-07 -7.66113e-19  1.52999e-07 -4.65541e-19  4.38601e-08 -2.36808e-19  1.19211e-08  -9.2962e-20  3.07448e-09 -2.32919e-20  7.52496e-10   1.4848e-22  1.74726e-10   3.6059e-21  3.84589e-11  2.00101e-21  8.01572e-12  5.80526e-22  1.57983e-12  3.62365e-23  2.93989e-13 -5.83466e-23   5.1567e-14 -3.61566e-23  8.51023e-15 -1.25841e-23  1.31884e-15 -2.91134e-24  1.91525e-16 -4.51708e-25  2.60054e-17 -9.48253e-26   3.2935e-18 -7.49434e-26   3.8802e-19 -5.49996e-26  4.24011e-20 -2.89709e-26   4.2835e-21 -1.18687e-26   3.9857e-22 -3.99176e-27  3.40128e-23 -1.13484e-27  2.64894e-24 -2.77043e-28  1.87187e-25 -5.85359e-29  1.19195e-26 -1.07271e-29  6.78263e-28 -1.69891e-30  3.41382e-29 -2.30093e-31  1.50036e-30 -2.61267e-32  5.66389e-32 -2.40478e-33  1.79765e-33 -1.68806e-34  4.66333e-35 -7.82234e-36  9.51902e-37 -1.02943e-37  1.44901e-38  1.63204e-38  1.49936e-40  1.41516e-39  8.00019e-43  5.30673e-41 -1.28874e-45  7.32918e-43
 1.35171e-18  5.02061e-05  1.66559e-17 -4.75226e-05 -5.77867e-17  -0.00135625 -9.30535e-17   0.00174303  1.22984e-16    0.0065269   2.4621e-16  -0.00339815 -4.07785e-17   -0.0157596 -2.24189e-16  -0.00765254  -6.1578e-17    0.0126292  3.68246e-17    0.0220492 -2.29172e-17    0.0142396 -1.40594e-17 -0.000193391  6.93425e-17   -0.0100332  1.13815e-16   -0.0121378  9.05761e-17   -0.0093089  1.81819e-17  -0.00530937  -6.1357e-17     -0.00226  -9.7293e-17 -0.000593479 -8.11339e-17  6.77272e-05 -4.63326e-17  0.000214508 -2.16489e-17  0.000175666 -1.10799e-17  0.000105603 -7.38786e-18  5.34995e-05 -5.47453e-18  2.40019e-05 -3.98373e-18  9.77098e-06 -2.83571e-18  3.66037e-06  -1.9992e-18  1.27308e-06 -1.37507e-18  4.13508e-07 -8.83761e-19  1.25932e-07 -5.01947e-19  3.60555e-08 -2.37682e-19  9.72131e-09 -8.70435e-20  2.47071e-09 -2.05679e-20  5.92163e-10 -1.28922e-22  1.33833e-10  2.54968e-21  2.85109e-11  1.28184e-21    5.721e-12  2.92497e-22  1.08024e-12 -2.94094e-23  1.91701e-13 -5.70054e-23  3.19267e-14 -2.76215e-23  4.98172e-15  -8.4604e-24  7.26877e-16 -1.79309e-24  9.89559e-17 -3.11828e-25  1.25378e-17 -1.17033e-25   1.4741e-18 -8.53217e-26   1.6028e-19 -5.12339e-26  1.60518e-20 -2.36094e-26  1.47349e-21 -8.77337e-27  1.23235e-22 -2.72387e-27  9.31886e-24 -7.21167e-28  6.30672e-25  -1.6465e-28  3.76518e-26 -3.25753e-29  1.93898e-27 -5.58201e-30  8.27395e-29 -8.23047e-31  2.66664e-30 -1.02956e-31  4.44291e-32 -1.06603e-32   -1.456e-33 -8.76171e-34 -1.64073e-34 -5.26985e-35 -8.04617e-36 -1.83068e-36 -2.64972e-37  1.78327e-38  -6.1413e-39  6.38766e-39 -9.65784e-41  3.66968e-40 -9.19411e-43  9.25001e-42 -3.57368e-45
 4.35215e-08  5.08959e-18  0.000102197  2.01064e-17 -0.000363214 -7.13306e-17  -0.00123643 -9.92072e-17   0.00324457  1.16814e-16    0.0055857  2.02481e-16  -0.00591713 -2.11468e-17   -0.0155534 -1.27956e-16  -0.00576381 -3.69234e-17    0.0134171 -2.29172e-17    0.0220731 -6.03344e-17    0.0151307 -8.79671e-18   0.00174905   8.5778e-17  -0.00812527  1.32427e-16   -0.0111857  1.02996e-16  -0.00941702  1.72153e-17  -0.00604101 -6.66969e-17  -0.00312557  -9.8065e-17  -0.00130443 -8.01173e-17  -0.00040788 -4.83173e-17  -6.0589e-05 -2.60931e-17  3.37268e-05 -1.52736e-17  3.89961e-05 -1.01693e-17   2.4689e-05 -7.11358e-18  1.24022e-05 -4.97105e-18  5.39149e-06 -3.44974e-18  2.10111e-06 -2.36537e-18  7.47421e-07 -1.56153e-18  2.45247e-07 -9.49337e-19  7.47119e-08 -5.05383e-19  2.12191e-08 -2.23744e-19  5.63331e-09 -7.68632e-20  1.40019e-09 -1.73175e-20  3.26102e-10 -4.39598e-22  7.11781e-11  1.59388e-21  1.45556e-11  7.06589e-22  2.78659e-12  9.35779e-23  4.98826e-13 -6.16621e-23   8.3356e-14 -4.89617e-23  1.29744e-14 -1.96771e-23  1.87577e-15 -5.37814e-24  2.50974e-16  -1.0929e-24   3.0928e-17 -2.49728e-25   3.4873e-18 -1.29591e-25  3.56389e-19 -8.31967e-26  3.25246e-20 -4.30645e-26  2.58237e-21 -1.77694e-26   1.6873e-22 -6.04887e-27  7.65199e-24 -1.74117e-27  7.62721e-27 -4.30065e-28 -4.67559e-26 -9.18507e-29  -6.4695e-27 -1.69998e-29 -6.03904e-28 -2.71779e-30 -4.48663e-29 -3.71698e-31 -2.77353e-30 -4.27072e-32 -1.44406e-31 -3.99882e-33 -6.31743e-33 -2.89317e-34 -2.29341e-34 -1.44102e-35 -6.75434e-36 -3.06491e-37 -1.55677e-37  1.83544e-38  -2.6523e-39  1.97109e-39 -3.02631e-41  7.80098e-41  -1.8545e-43  1.10228e-42
-1.01796e-18  1.59005e-05  1.14584e-17  0.000106985  2.14079e-17 -0.000750199 -8.01305e-17 -0.000649777 -9.47305e-17   0.00441774  9.54755e-17   0.00406564  1.49319e-16  -0.00807625  2.84467e-18   -0.0150007 -4.77004e-17  -0.00391259 -2.18667e-17    0.0142396 -6.03344e-17    0.0222558 -7.76054e-17    0.0161247  -5.7883e-19   0.00379609  1.02431e-16  -0.00593252  1.49213e-16  -0.00973338  1.09612e-16  -0.00893699  1.40823e-17  -0.00625014 -6.81111e-17   -0.0036153 -9.39922e-17  -0.00178757 -7.63391e-17 -0.000764312  -4.8676e-17 -0.000281098 -2.90759e-17 -8.61525e-05 -1.83058e-17 -1.97264e-05 -1.22745e-17 -1.63236e-06 -8.41717e-18  1.49457e-06 -5.77076e-18  1.18249e-06  -3.9285e-18   5.8112e-07 -2.61895e-18  2.31905e-07 -1.65714e-18  8.06584e-08 -9.53318e-19  2.51731e-08 -4.76805e-19   7.1521e-09 -1.98068e-19  1.86407e-09  -6.4135e-20  4.47406e-10 -1.39298e-20  9.90205e-11 -7.00464e-22  2.01929e-11  8.31711e-22  3.78307e-12   2.9909e-22  6.47369e-13 -2.33003e-23  1.00146e-13 -6.92113e-23  1.37398e-14 -3.79823e-23  1.60604e-15 -1.31157e-23  1.43331e-16 -3.26811e-24  5.21184e-18 -6.90895e-25 -1.43257e-18 -2.21496e-25 -4.54153e-19 -1.27874e-25 -8.57983e-20 -7.23663e-26 -1.29278e-20 -3.31878e-26 -1.66869e-21 -1.24338e-26 -1.89595e-22 -3.90256e-27 -1.91862e-23  -1.0446e-27 -1.73738e-24 -2.40959e-28 -1.40879e-25 -4.81284e-29  -1.0208e-26 -8.32058e-30 -6.58139e-28 -1.23757e-30 -3.75105e-29 -1.56302e-31  -1.8731e-30 -1.63871e-32  -8.0971e-32 -1.37329e-33 -2.98143e-33 -8.57643e-35 -9.14482e-35 -3.33126e-36 -2.26381e-36 -1.12616e-38 -4.31453e-38  7.82398e-39 -5.86668e-40  4.96749e-40 -4.92433e-42   1.2964e-41 -1.66059e-44
-2.22843e-06 -1.63497e-18  5.35216e-05  1.93408e-17  3.36492e-06  2.09928e-17  -0.00103961 -8.03264e-17  0.000292451 -8.28748e-17   0.00508021  6.49348e-17   0.00216922   9.9573e-17  -0.00983633  2.78014e-17   -0.0141528  1.00024e-17  -0.00206774 -1.40594e-17    0.0151307 -7.76054e-17    0.0226141 -7.72316e-17    0.0172515  1.54125e-17   0.00597323  1.22743e-16  -0.00346109  1.63456e-16  -0.00780693  1.11279e-16  -0.00788196  1.11201e-17  -0.00591889 -6.50593e-17  -0.00368613 -8.60041e-17   -0.0019917 -7.03996e-17 -0.000956555 -4.73948e-17 -0.000414489 -3.04715e-17 -0.000163694 -2.01067e-17 -5.93644e-05 -1.36229e-17 -1.98918e-05 -9.28528e-18 -6.19511e-06 -6.29536e-18 -1.80538e-06 -4.20976e-18 -4.96611e-07 -2.72363e-18 -1.30471e-07 -1.64907e-18 -3.32409e-08 -8.97892e-19 -8.35254e-09 -4.22737e-19 -2.09872e-09 -1.65264e-19 -5.29931e-10 -5.06676e-20 -1.33614e-10 -1.07332e-20 -3.31622e-11 -8.62782e-22 -7.97123e-12  2.96225e-22 -1.83008e-12  4.78331e-23 -3.97272e-13 -7.65537e-23 -8.09953e-14 -6.19166e-23 -1.54421e-14 -2.70099e-23  -2.7453e-15 -8.22611e-24 -4.54184e-16 -1.93858e-24 -6.98098e-17 -4.72831e-25 -9.95332e-18 -1.99873e-25 -1.31423e-18  -1.1371e-25 -1.60406e-19 -5.73067e-26 -1.80581e-20 -2.36726e-26 -1.87031e-21 -8.12536e-27 -1.77674e-22 -2.36187e-27 -1.54255e-23 -5.89042e-28  -1.2187e-24 -1.26952e-28 -8.71709e-26 -2.36957e-29 -5.61029e-27 -3.81882e-30 -3.22473e-28 -5.26606e-31 -1.64022e-29  -6.1096e-32 -7.29808e-31 -5.79871e-33 -2.79897e-32 -4.29214e-34 -9.07361e-34 -2.24704e-35 -2.42038e-35 -5.96459e-37 -5.11047e-37  1.67345e-38 -8.04487e-39  2.42884e-39 -8.51344e-41  1.01694e-40  -4.8114e-43  1.47013e-42
-6.88805e-19  9.30462e-07 -1.46586e-18  9.34019e-05  2.66264e-17 -0.000216795  1.98242e-17  -0.00108367 -7.08945e-17   0.00139085  -6.7609e-17   0.00516484  3.35635e-17  7.67225e-05  6.33644e-17   -0.0111797  5.15334e-17   -0.0130382  4.67627e-17 -0.000193391 -8.79671e-18    0.0161247 -7.72316e-17     0.023164  -6.0446e-17    0.0185285  4.22059e-17   0.00828208  1.47444e-16 -0.000750276   1.7496e-16  -0.00547873  1.10156e-16  -0.00632638   1.0328e-17    -0.005099 -5.78277e-17  -0.00336159 -7.52978e-17  -0.00192021 -6.29731e-17 -0.000978772 -4.46849e-17 -0.000453309 -3.04045e-17 -0.000193151 -2.07601e-17 -7.64253e-05 -1.42193e-17 -2.82884e-05 -9.67616e-18 -9.85416e-06 -6.49863e-18 -3.24645e-06 -4.26191e-18 -1.01553e-06 -2.66842e-18 -3.02528e-07 -1.54324e-18 -8.59968e-08 -7.95399e-19 -2.33487e-08 -3.53071e-19 -6.05493e-09 -1.30237e-19 -1.49855e-09 -3.79813e-20 -3.53441e-10 -7.94852e-21  -7.9291e-11 -9.13285e-22 -1.68834e-11 -2.79556e-23 -3.40441e-12 -7.99622e-23 -6.48608e-13 -8.80476e-23 -1.16494e-13 -4.81996e-23 -1.96813e-14  -1.7786e-23 -3.12093e-15 -4.90354e-24 -4.63496e-16 -1.15922e-24 -6.43236e-17 -3.51735e-25 -8.32222e-18 -1.73279e-25 -1.00131e-18  -9.2191e-26  -1.1173e-19 -4.18091e-26 -1.15276e-20 -1.57249e-26 -1.09599e-21 -4.97504e-27  -9.5653e-23  -1.3434e-27 -7.62958e-24 -3.12548e-28 -5.53328e-25 -6.29312e-29 -3.62683e-26 -1.09622e-29 -2.13313e-27 -1.64257e-30 -1.11608e-28 -2.09121e-31 -5.13956e-30 -2.21476e-32 -2.05539e-31 -1.88444e-33 -7.01547e-33 -1.21009e-34 -1.99657e-34 -5.05621e-36 -4.58494e-36 -5.66759e-38 -8.09043e-38  8.43598e-39 -1.01325e-39  5.99482e-40 -7.74409e-42  1.61973e-41 -2.32656e-44
