 1.22055e-33  2.56889e-36 -8.40125e-34  -2.6267e-36  1.38848e-34  7.12587e-36  2.86457e-34 -2.51874e-36 -2.80088e-34 -6.52475e-36 -2.64263e-35  3.28463e-36  8.89833e-35  1.68018e-36  -7.3939e-35 -2.10578e-36  2.39824e-35 -5.06743e-38 -3.49096e-36  9.90028e-37 -7.82727e-36 -7.48457e-39  1.30124e-35  3.12735e-37 -1.13042e-35 -1.34837e-37  2.87341e-36  4.02319e-38  -1.6668e-36  6.51063e-38   3.4021e-37 -1.61623e-38 -1.87036e-37  2.59831e-39 -1.68528e-37 -3.35492e-39  5.28167e-38  1.14761e-39 -5.16082e-37  4.02203e-40  1.89346e-36 -1.24501e-39 -6.95084e-36 -2.04919e-42  2.37665e-35 -2.64915e-40 -7.40641e-35 -7.64364e-41  2.10253e-34  2.98974e-41 -5.42775e-34 -2.16503e-40   1.2715e-33  7.36641e-40 -2.69481e-33 -1.84645e-39   5.1469e-33  4.24934e-39 -8.81337e-33 -8.68788e-39  1.34399e-32  1.53588e-38 -1.80875e-32 -2.17423e-38  2.12139e-32  1.82372e-38 -2.12829e-32  1.88166e-38  1.77199e-32 -1.35073e-37 -1.15581e-32  4.02064e-37  5.08779e-33 -9.08924e-37 -5.34674e-34  1.73456e-36 -1.26237e-33 -2.90099e-36  1.07425e-33  4.32386e-36  -3.1097e-34  -5.7902e-36 -1.19495e-34  6.99254e-36  1.34614e-34 -7.62421e-36 -2.70309e-35   7.5008e-36 -1.91057e-35  -6.6453e-36   1.0455e-35   5.2849e-36  1.00545e-36  -3.7564e-36 -1.81669e-36   2.3727e-36  9.27795e-38  -1.3221e-36   2.2273e-37  6.43736e-37 -2.95984e-38 -2.70416e-37 -1.49482e-38  9.62388e-38 -3.34222e-40 -2.81986e-38  2.13501e-39  6.44661e-39  -3.0766e-40 -1.00028e-39  9.13115e-42  4.07423e-41 -1.65972e-41  3.10385e-41  3.81613e-42 -1.10543e-41 -1.67045e-43  2.07129e-42  1.69567e-44 -2.38192e-43 -3.71137e-45  1.53723e-44  1.40347e-46 -3.84663e-46  -5.5863e-48 -1.47452e-48
 2.56889e-36  2.60901e-33   1.3411e-35 -9.77231e-34 -9.10839e-36  7.28403e-35  2.26267e-35  9.02213e-34 -1.43581e-36 -6.25596e-34 -1.03167e-35  7.26845e-36  4.03124e-36  2.22697e-34  9.42193e-36 -8.18692e-35 -2.55904e-36  8.93798e-35  4.36661e-36  -6.3681e-36  2.88917e-36  8.69353e-37  5.33806e-37  2.01702e-35   7.1962e-37 -2.26263e-35  -2.8887e-37   6.6088e-36  9.91032e-38 -4.11051e-36  1.52089e-37    1.056e-36 -5.57467e-38 -5.89855e-37  3.52152e-39 -9.77216e-37  -1.8297e-38  3.41004e-36  7.09678e-40 -1.57127e-35  2.83957e-39  6.09119e-35 -3.51805e-39 -2.17485e-34 -9.15334e-40  7.10018e-34 -2.46408e-40 -2.11291e-33 -8.84168e-40  5.72383e-33  2.02884e-39 -1.40878e-32 -6.37933e-39  3.14208e-32  1.82149e-38 -6.32861e-32  -4.6489e-38  1.14594e-31  1.09151e-37 -1.85451e-31 -2.33799e-37  2.66148e-31  4.53031e-37 -3.35133e-31 -7.81767e-37  3.64661e-31  1.16572e-36   -3.349e-31 -1.39702e-36   2.4916e-31  1.01914e-36 -1.37404e-31  7.16923e-37  4.10304e-32 -4.75161e-36  1.21502e-32  1.18983e-35 -2.26193e-32 -2.23408e-35  1.16014e-32  3.51513e-35 -4.77021e-34 -4.81525e-35 -2.79183e-33  5.83848e-35  1.34412e-33 -6.31291e-35  1.17596e-34  6.10438e-35  -3.0732e-34 -5.27892e-35    5.503e-35   4.0745e-35  4.03569e-35 -2.79663e-35 -1.44634e-35  1.69792e-35  -3.6975e-36 -9.05374e-36  1.96616e-36  4.20019e-36  2.59044e-37 -1.67391e-36 -1.46799e-37  5.62879e-37  -3.4383e-38 -1.55301e-37  1.35143e-38  3.33933e-38  4.16163e-40   -4.917e-39  4.46965e-42  2.30204e-40 -1.20961e-40  1.12305e-40  9.84559e-42  -3.8021e-41  4.11436e-43  6.41685e-42  9.43377e-44 -6.34351e-43 -7.83189e-45  3.19469e-44 -1.00297e-46 -4.33778e-46 -6.55452e-48
-8.40125e-34   1.3411e-35   3.2145e-33  4.07323e-35 -9.60763e-34 -1.66182e-35 -1.28371e-34  4.49621e-35  1.82978e-33  8.97587e-36 -9.31128e-34 -7.91671e-36  1.41076e-34  1.09026e-36  3.15985e-34  2.42322e-35  2.30737e-35   -1.285e-36  1.89286e-34  1.39278e-35 -1.70446e-35   5.3221e-36  3.01161e-35  1.61299e-36   1.5764e-35  1.36051e-36 -3.22926e-35 -3.75153e-37  1.15748e-35  1.69141e-37 -7.34689e-36  2.41829e-37  1.72016e-36  -1.2428e-37  2.22409e-36  1.09885e-38 -1.99014e-35 -5.32379e-38  8.85005e-35 -2.79978e-39 -3.65662e-34  9.02417e-39  1.36866e-33 -7.59776e-39 -4.67931e-33 -4.85072e-39  1.45939e-32  3.03538e-39 -4.14661e-32 -1.15613e-38  1.07161e-31  3.45446e-38 -2.51312e-31 -1.01989e-37  5.33228e-31  2.79244e-37 -1.01958e-30 -7.03732e-37  1.74782e-30  1.63745e-36 -2.66814e-30 -3.50488e-36  3.59419e-30  6.86985e-36 -4.21853e-30 -1.22436e-35  4.23362e-30  1.96168e-35 -3.52313e-30 -2.76943e-35  2.29248e-30  3.30584e-35 -1.00003e-30 -2.98231e-35  9.25249e-32  1.05508e-35  2.61525e-31  3.10927e-35 -2.17889e-31 -9.64402e-35  6.12337e-32  1.78479e-34  2.57266e-32 -2.61521e-34 -2.77542e-32  3.25371e-34   5.2927e-33 -3.52935e-34  4.10259e-33  3.37563e-34 -2.17069e-33 -2.85901e-34 -2.36269e-34  2.14495e-34  3.87059e-34 -1.42207e-34 -1.86054e-35   8.2933e-35 -4.60308e-35 -4.22558e-35  4.56175e-36  1.86364e-35  4.10181e-36 -7.02527e-36  -2.6954e-37  2.22358e-36 -3.29363e-37 -5.74955e-37  2.10808e-38  1.15587e-37  9.70371e-39 -1.60026e-38  1.35173e-39  7.92745e-40 -4.59572e-40  2.72159e-40 -1.36856e-41  -8.7195e-41  1.11792e-42  1.31813e-41  4.08901e-43 -1.10402e-42  3.14555e-45  4.13678e-44 -4.25336e-46 -2.12646e-46
 -2.6267e-36 -9.77231e-34  4.07323e-35  3.80531e-33  9.08467e-35 -1.33419e-33 -1.31715e-35 -1.43647e-34   6.5192e-35  2.75492e-33  3.22476e-35 -1.04193e-33  9.45825e-37  4.39594e-34 -3.49784e-36  2.71318e-34  4.46553e-35  2.68354e-34    1.597e-37  2.72241e-34  2.66876e-35 -3.97344e-35  7.49882e-36  7.46856e-35  2.81296e-36 -3.67452e-36  2.36606e-36 -3.71708e-35 -2.54194e-37  1.73829e-35   2.6547e-37 -8.98038e-36  2.96059e-37 -1.16847e-35 -2.08561e-37  8.25776e-35  4.65729e-38 -4.04766e-34 -1.13223e-37  1.74087e-33 -1.01853e-38 -6.83602e-33  1.99645e-38  2.44822e-32 -1.23906e-38 -8.00029e-32 -2.27138e-38  2.38329e-31  4.17294e-38  -6.4635e-31 -1.37006e-37   1.5927e-30  4.18881e-37 -3.55656e-30 -1.20109e-36  7.17222e-30  3.19816e-36  -1.3003e-29 -7.88695e-36  2.10686e-29  1.80016e-35 -3.02709e-29 -3.79395e-35  3.81555e-29  7.36043e-35  -4.1548e-29 -1.30862e-34  3.81653e-29  2.11838e-34 -2.83676e-29 -3.09106e-34  1.55794e-29  3.99739e-34  -4.5544e-30 -4.43458e-34 -1.50359e-30  3.89971e-34  2.64953e-30 -1.97616e-34 -1.33714e-30 -1.41623e-34  3.84056e-32  5.83542e-34  3.33913e-31 -1.03423e-33 -1.56937e-31  1.37956e-33 -1.61413e-32 -1.53072e-33  3.70932e-32  1.46193e-33 -6.34698e-33 -1.21838e-33 -4.97456e-33  8.90334e-34  1.72896e-33 -5.70418e-34   4.6492e-34  3.19314e-34 -2.33603e-34 -1.55211e-34 -3.85653e-35  6.49167e-35  2.06199e-35 -2.30701e-35  3.35788e-36  6.84407e-36 -1.29287e-36 -1.65017e-36 -1.77436e-37  3.08421e-37  2.63252e-38 -3.99034e-38  1.05775e-38  2.02993e-39 -5.24865e-40  5.00142e-40 -1.26982e-40 -1.52445e-40 -7.39095e-42  2.05659e-41  6.64134e-43  -1.4302e-42  3.93779e-44  3.68157e-44  -1.4213e-47
 1.38848e-34 -9.10839e-36 -9.60763e-34  9.08467e-35  5.33546e-33  1.66587e-34 -1.93162e-33  1.78597e-35  2.39045e-34  7.27524e-35  3.37053e-33  6.60084e-35 -9.48519e-34  1.09409e-35   9.4076e-34 -6.06223e-36  3.20971e-35  6.63722e-35  6.13033e-34 -9.52346e-38   2.8807e-34  3.90205e-35 -7.01909e-35  8.81311e-36   1.2191e-34  3.57552e-36 -3.78096e-35  3.80048e-36 -3.25717e-35  2.02732e-37  1.52204e-35  4.60265e-37  4.03974e-35  2.77344e-37 -3.05278e-34 -2.81454e-37  1.54733e-33  1.41588e-37  -6.9934e-33 -1.99178e-37  2.87485e-32 -1.81395e-38 -1.07852e-31  3.02621e-38  3.69216e-31  4.89125e-39 -1.15282e-30 -1.47342e-37  3.27942e-30  4.27616e-37 -8.48544e-30 -1.37245e-36  1.99254e-29  4.11005e-36 -4.23328e-29 -1.14579e-35  8.10522e-29  2.96806e-35 -1.39132e-28 -7.13494e-35  2.12671e-28  1.58988e-34 -2.86839e-28 -3.27794e-34  3.37024e-28  6.23798e-34 -3.38476e-28 -1.09207e-33  2.81677e-28  1.75074e-33  -1.8297e-28 -2.55332e-33  7.91887e-29  3.35403e-33 -6.39914e-30 -3.90352e-33 -2.17267e-29  3.90221e-33  1.77832e-29 -3.11547e-33 -4.86609e-30   1.5114e-33 -2.21285e-30  6.55112e-34  2.30412e-30 -2.88403e-33  -4.1974e-31  4.60702e-33 -3.52753e-31 -5.42047e-33  1.81723e-31  5.24645e-33   2.1663e-32 -4.33089e-33 -3.29819e-32  3.09098e-33  1.31515e-33 -1.91486e-33  3.99986e-33  1.02813e-33 -3.55145e-34 -4.75884e-34 -3.74168e-34  1.88223e-34  2.80022e-35   -6.282e-35   2.6646e-35  1.73835e-35 -8.07481e-37 -3.88636e-36 -1.13319e-36  6.71603e-37 -7.12769e-38 -8.09677e-38  3.24804e-38  4.23545e-39  2.40061e-39  7.14394e-40 -1.74976e-40 -2.12647e-40 -3.50076e-41  2.55477e-41 -4.39376e-43 -1.42393e-42  4.90968e-44  2.08822e-44
 7.12587e-36  7.28403e-35 -1.66182e-35 -1.33419e-33  1.66587e-34  7.57571e-33  2.64484e-34 -2.31604e-33  8.54555e-35  1.07628e-33   6.1365e-35  3.56472e-33  1.03522e-34 -8.22089e-34    1.477e-35  1.58902e-33 -5.06142e-36 -3.67909e-34  8.39845e-35  9.55482e-34 -2.63392e-36  2.19514e-34  4.74768e-35 -9.10041e-35  9.05389e-36  1.59377e-34  3.57909e-36 -8.89047e-35  5.61907e-36  8.68602e-36  1.07913e-36 -1.43914e-34  8.66061e-37  9.75227e-34  1.53094e-37 -5.16002e-33 -3.18223e-37  2.44189e-32  3.26637e-37 -1.05159e-31 -3.11334e-37  4.13165e-31 -6.47134e-39 -1.48156e-30 -1.78297e-38  4.84725e-30  2.61407e-37 -1.44578e-29 -1.16451e-36  3.92604e-29  3.76438e-36 -9.68733e-29 -1.17637e-35  2.16624e-28  3.42362e-35 -4.37474e-28 -9.27027e-35  7.94283e-28  2.33384e-34 -1.28885e-27  -5.4579e-34  1.85444e-27  1.18429e-33 -2.34058e-27 -2.38054e-33  2.55154e-27  4.42354e-33 -2.34539e-27 -7.57771e-33   1.7427e-27  1.19229e-32 -9.54013e-28 -1.71444e-32  2.73572e-28  2.23702e-32  9.92561e-29 -2.62039e-32 -1.67317e-28  2.70721e-32   8.3304e-29  -2.3853e-32 -1.46065e-30  1.65332e-32 -2.15237e-29 -6.50025e-33  9.91933e-30 -3.81106e-33  1.15243e-30  1.18477e-32 -2.41413e-30 -1.59773e-32  3.97125e-31  1.60588e-32  3.30284e-31 -1.32536e-32 -1.11648e-31  9.27128e-33 -3.19154e-32 -5.55787e-33  1.54561e-32  2.85973e-33  2.71989e-33 -1.25781e-33 -1.40836e-33  4.68933e-34 -2.21654e-34 -1.46325e-34  8.16847e-35  3.75519e-35  1.45077e-35 -7.73321e-36 -2.26156e-36  1.22878e-36 -6.50565e-37   -1.382e-37  2.12823e-38  7.61054e-39   1.0332e-38  7.65238e-40  4.82382e-40 -2.40125e-40 -4.72235e-41  2.56357e-41 -2.72477e-42 -1.06384e-42 -2.39271e-46
 2.86457e-34  2.26267e-35 -1.28371e-34 -1.31715e-35 -1.93162e-33  2.64484e-34  9.81637e-33  3.67695e-34 -2.34572e-33  1.81019e-34   2.2638e-33  3.06389e-35  3.45003e-33  1.37941e-34 -8.80785e-34  8.27604e-36  2.21487e-33 -2.28731e-36 -7.90471e-34   9.3443e-35  1.18211e-33 -6.70017e-36  7.71901e-35  4.99598e-35 -7.57988e-35  8.26342e-36  1.87762e-34  2.90482e-36 -2.15468e-34  7.71348e-36   4.7889e-34  2.39135e-36 -2.77963e-33  1.57738e-36  1.52704e-32 -1.07863e-37 -7.56677e-32 -3.14606e-37   3.4136e-31  6.26099e-37  -1.4047e-30 -4.70622e-37  5.27566e-30  1.51006e-37 -1.80827e-29 -5.88878e-37  5.65329e-29  2.46856e-36 -1.61035e-28 -8.99142e-36  4.17261e-28  2.90507e-35 -9.81243e-28 -8.81005e-35  2.08788e-27  2.48782e-34 -4.00379e-27  -6.5386e-34  6.88371e-27  1.59861e-33 -1.05389e-26 -3.63275e-33  1.42364e-26  7.66437e-33 -1.67511e-26 -1.49907e-32  1.68427e-26  2.71291e-32 -1.40242e-26 -4.53153e-32  9.10091e-27  6.96402e-32 -3.91323e-27 -9.80517e-32  2.74487e-28  1.25764e-31  1.12119e-27 -1.45762e-31 -9.04623e-28  1.50795e-31  2.41898e-28 -1.36396e-31  1.17815e-28  1.03558e-31 -1.19284e-28 -5.93605e-32  2.09053e-29  1.46912e-32  1.88184e-29  2.00596e-32 -9.49574e-30  -3.9051e-32 -1.22045e-30  4.25827e-32  1.75556e-30 -3.56146e-32 -5.78473e-32  2.45291e-32 -2.17684e-31 -1.42418e-32  1.82728e-32  7.01509e-33  2.06432e-32 -2.92486e-33 -1.49936e-33  1.02394e-33 -1.45649e-33 -2.97119e-34  2.82065e-35  7.02136e-35  6.72261e-35 -1.32102e-35  3.41878e-36  1.91889e-36 -1.69389e-36   -2.027e-37 -1.59512e-37  1.21856e-38  1.11716e-38  5.13138e-40   2.0094e-39 -2.18733e-40  2.43674e-41   2.0601e-41 -2.62311e-42  -5.2685e-43
-2.51874e-36  9.02213e-34  4.49621e-35 -1.43647e-34  1.78597e-35 -2.31604e-33  3.67695e-34  1.16792e-32  4.44774e-34 -2.27605e-33  2.80242e-34  3.54949e-33 -1.54682e-35  3.24728e-33  1.65185e-34 -1.22528e-33 -7.44833e-36  2.59178e-33 -1.10398e-36 -1.03975e-33  9.34715e-35  1.22242e-33  -1.1351e-35 -1.21505e-34  4.60363e-35 -1.84893e-35  6.51593e-36  3.41785e-34  1.95831e-36 -1.34563e-33  9.97617e-36  7.17715e-33  4.06595e-36 -4.06432e-32  2.61218e-36  2.10981e-31 -5.38297e-37 -9.97162e-31 -2.99018e-37  4.29805e-30   1.0888e-36 -1.69065e-29 -8.74289e-37  6.07003e-29  1.32635e-36 -1.98857e-28 -5.00435e-36  5.93954e-28  1.85091e-35 -1.61524e-27 -6.32692e-35  3.99164e-27  1.99378e-34 -8.94017e-27  -5.8628e-34  1.80846e-26  1.60577e-33 -3.28905e-26  -4.0951e-33  5.34625e-26  9.71858e-33 -7.70569e-26 -2.14458e-32  9.74205e-26  4.39542e-32 -1.06364e-25 -8.35502e-32  9.78841e-26  1.47023e-31 -7.27543e-26 -2.38951e-31  3.97408e-26  3.57637e-31 -1.12061e-26 -4.91083e-31 -4.40839e-27   6.1561e-31  7.17498e-27 -6.99821e-31 -3.53425e-27  7.14533e-31  2.76069e-29 -6.45536e-31  9.41705e-28  5.02701e-31 -4.27511e-28 -3.19201e-31 -5.44526e-29  1.39503e-31  1.06769e-28 -1.73301e-33 -1.70037e-29 -7.60248e-32 -1.49002e-29  9.84901e-32  4.93599e-30 -8.51693e-32  1.47909e-30  5.80837e-32  -6.9969e-31 -3.26936e-32  -1.2752e-31  1.53972e-32  6.45351e-32  -6.0684e-33  1.04533e-32  1.98604e-33 -3.73483e-33 -5.32395e-34 -7.13319e-34  1.14795e-34  1.10757e-34 -1.95186e-35  3.00701e-35  2.57554e-36 -7.64294e-37 -2.59414e-37 -5.21612e-37  1.76574e-38 -2.28679e-38 -4.45499e-41  2.27184e-39 -1.57612e-40  1.31447e-40  1.27309e-41  2.09319e-43
-2.80088e-34 -1.43581e-36  1.82978e-33   6.5192e-35  2.39045e-34  8.54555e-35 -2.34572e-33  4.44774e-34  1.31857e-32   4.6451e-34 -2.50092e-33  3.55587e-34  4.60719e-33 -7.01937e-35  3.15961e-33  1.84045e-34 -1.78678e-33 -2.76809e-35  2.53425e-33 -4.05326e-36  -9.4911e-34  8.54012e-35  1.07136e-33 -1.65687e-35 -3.32478e-34  3.67174e-35 -1.94395e-34  3.85917e-36  2.64663e-33  1.28619e-36 -1.66817e-32  1.23153e-35  9.83378e-32  5.91978e-36 -5.34571e-31  3.89015e-36  2.64794e-30 -1.16093e-36 -1.19566e-29 -3.74275e-37  4.92601e-29  2.03345e-36 -1.85244e-28 -2.94247e-36  6.35801e-28  9.27376e-36 -1.99058e-27 -3.46492e-35  5.67877e-27  1.22396e-34 -1.47377e-26 -4.02616e-34  3.47153e-26  1.23128e-33 -7.39952e-26 -3.51038e-33  1.42151e-25  9.32518e-33 -2.44853e-25 -2.30728e-32  3.75575e-25    5.314e-32 -5.08296e-25 -1.13828e-31  5.99166e-25   2.2651e-31  -6.0342e-25  -4.1813e-31  5.03012e-25  7.14712e-31  -3.2638e-25 -1.12868e-30   1.3964e-25  1.64217e-30 -8.48159e-27 -2.19355e-30 -4.15833e-26  2.67801e-30  3.31866e-26 -2.97063e-30 -8.70981e-27  2.96978e-30  -4.4933e-27 -2.64389e-30  4.45519e-27  2.05589e-30  -7.5729e-28 -1.34652e-30 -7.21189e-28  6.80499e-31  3.58652e-28 -1.82898e-31  4.88857e-29 -1.00088e-31 -6.75542e-29  1.98417e-31  1.89818e-30 -1.83021e-31  8.53714e-30  1.24463e-31 -6.91183e-31 -6.79802e-32 -8.18729e-31  3.05644e-32  5.71271e-32 -1.13506e-32  5.84706e-32  3.45473e-33 -9.12076e-34   -8.486e-34 -2.76477e-33  1.64902e-34 -1.37519e-34 -2.49482e-35  6.79483e-35  2.96905e-36  6.95252e-36 -2.93267e-37 -4.79566e-37  2.31355e-38 -8.37776e-38  -7.0475e-40 -1.09523e-39  -8.6277e-41  1.07981e-40  5.32168e-42
-6.52475e-36 -6.25596e-34  8.97587e-36  2.75492e-33  7.27524e-35  1.07628e-33  1.81019e-34 -2.27605e-33   4.6451e-34  1.45179e-32  4.17534e-34 -3.23451e-33  3.89341e-34  5.14267e-33 -1.25034e-34  3.31617e-33  1.94829e-34 -2.39727e-33 -4.69769e-35  1.97308e-33 -1.15805e-35 -4.52689e-34  7.19427e-35  7.20149e-34 -2.33899e-35 -1.60645e-35  2.39624e-35 -4.63772e-33  4.30405e-37  3.46665e-32  1.42209e-36 -2.17546e-31  1.46226e-35  1.24037e-30  7.66659e-36 -6.44091e-30  5.24271e-36  3.04746e-29 -1.90722e-36 -1.31514e-28  -1.0462e-36  5.17992e-28  5.59268e-36 -1.86236e-27 -1.56449e-35  6.11017e-27   5.8714e-35 -1.82785e-26 -2.14288e-34  4.97893e-26   7.3158e-34 -1.23253e-25 -2.32832e-33  2.76551e-25  6.90433e-33 -5.60477e-25 -1.90883e-32  1.02134e-24  4.91867e-32  -1.6635e-24  -1.1808e-31  2.40257e-24  2.63912e-31  -3.0437e-24 -5.48663e-31  3.32962e-24  1.05975e-30 -3.06939e-24 -1.89892e-30  2.28372e-24  3.15082e-30  -1.2461e-24 -4.83044e-30  3.46547e-25  6.82347e-30  1.45894e-25 -8.85145e-30 -2.31186e-25  1.04996e-29   1.1301e-25 -1.13272e-29  2.22675e-29  1.10333e-29 -3.09426e-26 -9.60436e-30  1.39038e-26  7.35535e-30  1.89456e-27 -4.82332e-30 -3.55238e-27  2.55857e-30  5.52869e-28 -9.23586e-31  5.05031e-28  3.59755e-33 -1.65338e-28   3.4362e-31 -5.11842e-29  -3.5601e-31  2.39129e-29   2.4348e-31   4.4664e-30 -1.29146e-31 -2.23231e-30  5.53342e-32 -3.71637e-31 -1.92939e-32  1.30878e-31  5.42855e-33  2.56864e-32 -1.20926e-33 -3.96277e-33  2.08095e-34 -1.07839e-33 -2.73353e-35  2.45121e-35  2.90891e-36  1.93197e-35 -2.96082e-37  8.37471e-37  2.70724e-38 -8.25409e-38 -1.15062e-39 -4.93674e-39 -3.32113e-41 -1.02765e-41
-2.64263e-35 -1.03167e-35 -9.31128e-34  3.22476e-35  3.37053e-33   6.1365e-35   2.2638e-33  2.80242e-34 -2.50092e-33  4.17534e-34  1.58116e-32  3.24198e-34 -4.38766e-33  3.78531e-34  4.97692e-33 -1.71364e-34  3.76933e-33  1.98043e-34 -2.89682e-33 -6.11403e-35  9.63576e-34 -2.20964e-35   4.7705e-34  5.58732e-35 -6.73008e-34 -3.30563e-35  8.18317e-33  1.00287e-35 -6.63417e-32  -3.4077e-36  4.42245e-31  2.80839e-36 -2.65076e-30  1.67467e-35  1.44371e-29  8.98006e-36 -7.15939e-29  6.36699e-36  3.23684e-28  -2.1543e-36 -1.33533e-27 -5.27389e-36  5.02871e-27  2.44953e-35 -1.72857e-26 -9.01696e-35   5.4205e-26  3.40603e-34 -1.54898e-25 -1.20701e-33  4.02712e-25  3.99128e-33 -9.50377e-25 -1.23086e-32  2.02969e-24  3.53962e-32 -3.90721e-24 -9.49257e-32  6.74445e-24  2.37331e-31 -1.03679e-23   -5.529e-31  1.40631e-23  1.19934e-30 -1.66141e-23    -2.42e-30  1.67674e-23  4.53656e-30 -1.40019e-23  -7.8888e-30  9.09201e-24  1.27016e-29 -3.87729e-24 -1.88923e-29  2.04808e-25  2.58884e-29  1.19424e-24 -3.25745e-29 -9.46023e-25  3.74816e-29  2.44918e-25 -3.92356e-29  1.32285e-25  3.71135e-29 -1.29344e-25 -3.14319e-29  2.15249e-26  2.35137e-29  2.14002e-26 -1.51995e-29 -1.05569e-26  8.13953e-30 -1.49915e-27 -3.24475e-30  2.02383e-27  5.54765e-31 -5.11697e-29  4.92341e-31 -2.60011e-28 -6.30515e-31  2.06775e-29  4.38019e-31  2.52523e-29 -2.25733e-31 -1.72677e-30  9.19844e-32 -1.83067e-30 -2.99995e-32  2.63398e-32  7.74951e-33  8.78267e-32 -1.54478e-33  4.42064e-33  2.29229e-34 -2.16969e-33 -2.50146e-35 -2.28759e-34  2.35462e-36  1.57235e-35 -2.69759e-37   2.7435e-36  2.77626e-38   3.8104e-38  -1.1703e-39 -3.58716e-39 -7.59031e-42
 3.28463e-36  7.26845e-36 -7.91671e-36 -1.04193e-33  6.60084e-35  3.56472e-33  3.06389e-35  3.54949e-33  3.55587e-34 -3.23451e-33  3.24198e-34  1.70665e-32  2.21617e-34 -5.66884e-33  3.31418e-34  4.08376e-33 -2.02503e-34  4.50009e-33  1.93747e-34 -3.19024e-33 -6.78425e-35 -4.83466e-34 -3.29432e-35  3.12097e-33   3.9316e-35 -1.54119e-32 -4.59476e-35  1.18428e-31 -3.16961e-36 -8.31677e-31 -7.05048e-36  5.24165e-30  5.77346e-36 -2.99608e-29  1.85047e-35  1.55778e-28   9.6796e-36 -7.37995e-28  6.33543e-36  3.18918e-27  1.80809e-36 -1.25794e-26 -2.95787e-35   4.5297e-26  1.27532e-34 -1.48857e-25  -4.9292e-34  4.46072e-25  1.81485e-33 -1.21729e-24  -6.2355e-33  3.01921e-24  1.99871e-32 -6.78816e-24 -5.97717e-32  1.37867e-23  1.66762e-31  -2.5179e-23 -4.34004e-31  4.11055e-23  1.05323e-30 -5.95102e-23  -2.3819e-30  7.55745e-23  5.01582e-30 -8.28736e-23 -9.82466e-30  7.65698e-23  1.78762e-29 -5.70717e-23 -3.01662e-29  3.11452e-23  4.71208e-29 -8.57258e-24 -6.79745e-29 -3.81199e-24  9.03068e-29    5.927e-24 -1.10126e-28 -2.88462e-24  1.22769e-28 -1.80221e-26 -1.24489e-28  8.08556e-25  1.14082e-28 -3.61428e-25 -9.36732e-29 -5.15438e-26   6.8081e-29  9.41862e-26 -4.29741e-29 -1.44895e-26  2.27717e-29 -1.36119e-26 -9.37924e-30  4.44256e-27  2.25802e-30  1.40218e-27   5.1646e-31 -6.53867e-28 -1.02161e-30  -1.2386e-28  7.29122e-31  6.18879e-29 -3.65093e-31  1.04575e-29   1.4119e-31 -3.68613e-30 -4.29075e-32 -7.31444e-31  1.00997e-32  1.13308e-31 -1.77027e-33  3.10683e-32   2.1673e-34 -6.90118e-34 -1.78011e-35 -5.67315e-34  1.46038e-36 -2.46599e-35 -2.23916e-37  2.43172e-36  2.43574e-38  1.48566e-37 -8.18352e-40  3.22158e-40
 8.89833e-35  4.03124e-36  1.41076e-34  9.45825e-37 -9.48519e-34  1.03522e-34  3.45003e-33 -1.54682e-35  4.60719e-33  3.89341e-34 -4.38766e-33  2.21617e-34  1.81653e-32  1.42296e-34 -6.76663e-33   2.6133e-34  2.59112e-33 -2.15083e-34  5.40234e-33  1.81692e-34 -3.07108e-33 -6.64618e-35 -4.31864e-33 -4.17494e-35  2.65999e-32  2.36528e-35 -1.98753e-31 -6.11054e-35   1.4531e-30 -1.44717e-35 -9.62841e-30 -9.77471e-36   5.7787e-29  1.05391e-35 -3.15151e-28   1.9652e-35  1.56489e-27   1.0391e-35 -7.08486e-27  8.12587e-37  2.92712e-26  2.96106e-35 -1.10405e-25 -1.58454e-34   3.8014e-25  6.54042e-34 -1.19416e-24 -2.49268e-33  3.41885e-24  8.90132e-33 -8.90613e-24 -2.96551e-32   2.1062e-23  9.22039e-32 -4.50806e-23 -2.67577e-31  8.69824e-23  7.24712e-31  -1.5051e-22 -1.83142e-30  2.31956e-22  4.31628e-30 -3.15448e-22  -9.4805e-30  3.73661e-22   1.9389e-29   -3.781e-22  -3.6879e-29  3.16507e-22  6.51463e-29 -2.05874e-22 -1.06696e-28  8.76764e-23   1.6169e-28 -4.08811e-24 -2.26177e-28 -2.77913e-23  2.91218e-28  2.19294e-23 -3.43971e-28 -5.63257e-24  3.71185e-28 -3.14623e-24  -3.6413e-28  3.05475e-24   3.2269e-28 -5.03051e-25 -2.56216e-28 -5.14594e-25   1.8021e-28  2.53535e-25 -1.10377e-28  3.68244e-26  5.71823e-29 -4.93861e-26 -2.35772e-29  1.20951e-27  6.40863e-30  6.43953e-27  1.59575e-31  -5.1406e-28 -1.52052e-30 -6.33903e-28  1.12868e-30   4.3632e-29 -5.48852e-31   4.6665e-29  2.01039e-31 -6.89788e-31 -5.67396e-32 -2.27251e-30  1.20732e-32 -1.14497e-31 -1.81739e-33  5.69755e-32  1.68817e-34  6.06009e-33 -7.36705e-36 -4.21496e-34   5.1293e-37  -7.3623e-35 -1.70321e-37   -1.042e-36  1.76808e-38  9.80851e-38 -3.59079e-40
 1.68018e-36  2.22697e-34  1.09026e-36  4.39594e-34  1.09409e-35 -8.22089e-34  1.37941e-34  3.24728e-33 -7.01937e-35  5.14267e-33  3.78531e-34 -5.66884e-33  1.42296e-34  1.89603e-32  1.00693e-34 -7.47681e-33  1.82502e-34  7.72246e-34 -2.09184e-34  6.05281e-33  1.62092e-34  3.54559e-34 -5.76246e-35 -3.84715e-32 -4.75282e-35  3.09241e-31  9.68605e-36 -2.36673e-30 -7.66092e-35  1.64805e-29 -2.35151e-35 -1.03914e-28 -1.09405e-35  5.94697e-28  1.73077e-35 -3.09618e-27  1.94024e-35  1.46887e-26   1.5463e-35 -6.35712e-26 -3.14369e-35  2.51151e-25  1.76134e-34 -9.05899e-25 -7.86692e-34  2.98237e-24  3.13502e-33 -8.95422e-24 -1.16226e-32  2.44849e-23  4.02486e-32 -6.08594e-23 -1.30106e-31  1.37142e-22  3.92705e-31 -2.79201e-22 -1.10682e-30  5.11198e-22  2.91242e-30  -8.3675e-22 -7.15217e-30  1.21474e-21  1.63822e-29 -1.54705e-21 -3.49713e-29   1.7014e-21  6.95035e-29 -1.57649e-21 -1.28443e-28   1.1781e-21  2.20373e-28 -6.43858e-22 -3.50402e-28  1.76103e-22  5.15244e-28  8.16145e-23 -6.98899e-28 -1.25443e-22  8.71964e-28   6.0998e-23 -9.97151e-28  6.16263e-25  1.04089e-27 -1.74333e-23 -9.86855e-28  7.79365e-24  8.44482e-28  1.13903e-24 -6.47035e-28 -2.06501e-24  4.39077e-28  3.18105e-25 -2.59733e-28  3.02615e-25  1.30492e-28 -9.93573e-26 -5.28965e-29  -3.1567e-26  1.50167e-29  1.48539e-26 -9.72895e-31  2.81892e-27 -2.08546e-30 -1.42706e-27  1.63082e-30 -2.41411e-28 -7.69424e-31  8.64618e-29  2.66571e-31  1.71517e-29 -6.97122e-32 -2.70763e-30  1.33056e-32 -7.41577e-31 -1.66512e-33  1.71132e-32  9.58364e-35  1.38036e-32  3.32931e-36  5.98361e-34 -2.06824e-37   -6.018e-35 -1.18233e-37 -3.69693e-36  1.00201e-38 -7.86119e-39
 -7.3939e-35  9.42193e-36  3.15985e-34 -3.49784e-36   9.4076e-34    1.477e-35 -8.80785e-34  1.65185e-34  3.15961e-33 -1.25034e-34  4.97692e-33  3.31418e-34 -6.76663e-33  1.00693e-34  1.93678e-32  9.32114e-35 -7.75532e-33  1.08227e-34 -7.23184e-34 -1.87656e-34  2.49734e-33   1.3656e-34   4.5114e-32  -4.2654e-35 -4.44587e-31 -5.09246e-35  3.59559e-30 -2.29314e-36 -2.63519e-29 -9.04658e-35  1.74662e-28 -3.04908e-35 -1.04951e-27 -1.02417e-35   5.7313e-27  2.67519e-35 -2.84996e-26  1.38175e-35  1.29224e-25  4.59211e-35 -5.34758e-25 -1.87391e-34  2.02048e-24  8.60184e-34 -6.96954e-24  -3.5976e-33  2.19366e-23  1.38788e-32 -6.29341e-23 -4.99377e-32  1.64304e-22  1.67831e-31 -3.89463e-22 -5.26896e-31  8.35651e-22  1.54546e-30 -1.61657e-21  -4.2348e-30  2.80489e-21  1.08375e-29 -4.33517e-21 -2.58895e-29  5.91335e-21  5.76909e-29 -7.02646e-21 -1.19804e-28   7.1326e-21  2.31588e-28 -5.98947e-21 -4.16133e-28  3.90662e-21  6.93904e-28 -1.66497e-21 -1.07172e-27  7.05762e-23  1.52966e-27  5.40252e-22 -2.01239e-27 -4.26206e-22   2.4328e-27  1.09299e-22 -2.69293e-27  6.23221e-23  2.71787e-27 -6.05114e-23 -2.48829e-27  9.97842e-24  2.05359e-27  1.03379e-23 -1.51566e-27 -5.12363e-24  9.89819e-28  -7.4664e-25 -5.63382e-28  1.01202e-24  2.72845e-28 -2.61047e-26 -1.07462e-28  -1.3375e-25   3.0676e-29  1.09793e-26 -3.35574e-30  1.33485e-26 -2.64018e-30 -9.50922e-28  2.20366e-30 -9.98328e-28 -1.00776e-30  1.66936e-29  3.30198e-31  4.94593e-29 -7.99815e-32  2.43954e-30  1.36032e-32  -1.2645e-30 -1.35161e-33 -1.33944e-31   1.6773e-35  9.61014e-33  1.13208e-35  1.66414e-33 -5.53825e-37   2.3199e-35 -7.31067e-38 -2.26791e-36  3.84776e-39
-2.10578e-36 -8.18692e-35  2.42322e-35  2.71318e-34 -6.06223e-36  1.58902e-33  8.27604e-36 -1.22528e-33  1.84045e-34  3.31617e-33 -1.71364e-34  4.08376e-33   2.6133e-34 -7.47681e-33  9.32114e-35  1.94381e-32  1.06277e-34 -8.00868e-33  4.93795e-35  2.91522e-33 -1.55221e-34 -5.36132e-32  1.08568e-34  5.88909e-31 -2.31094e-35  -5.1042e-30 -5.35152e-35  3.94348e-29 -1.25627e-35 -2.74994e-28 -1.01447e-34  1.73596e-27 -3.58075e-35 -9.94821e-27 -8.20872e-36  5.18682e-26  4.22581e-35 -2.46449e-25 -1.55012e-35  1.06835e-24  1.92314e-34 -4.22814e-24 -8.70551e-34  1.52793e-23  3.76171e-33 -5.04016e-23 -1.51114e-32  1.51644e-22  5.65088e-32 -4.15593e-22 -1.97389e-31  1.03545e-21  6.44517e-31  -2.3392e-21 -1.96753e-30  4.77498e-21  5.61552e-30 -8.76736e-21 -1.49809e-29  1.43936e-20  3.73396e-29 -2.09613e-20 -8.68949e-29  2.67834e-20  1.88638e-28 -2.95566e-20 -3.81587e-28   2.7483e-20  7.18314e-28 -2.06089e-20 -1.25636e-27   1.1296e-20  2.03802e-27 -3.08405e-21  -3.0598e-27 -1.46914e-21  4.24163e-27  2.24869e-21 -5.41415e-27 -1.09656e-21  6.34316e-27 -1.26491e-23 -6.79592e-27  3.18193e-22  6.62916e-27 -1.43069e-22 -5.85687e-27 -2.09756e-23  4.65686e-27   3.8415e-23 -3.30561e-27 -6.00855e-24  2.07286e-27  -5.6924e-24 -1.13153e-27  1.89803e-24  5.25647e-28  5.99152e-25 -1.99439e-28 -2.87761e-25  5.59987e-29 -5.39635e-26 -7.40086e-30  2.80798e-26 -3.07954e-30  4.68931e-27  2.78331e-30  -1.7332e-27 -1.23365e-30 -3.39873e-28  3.83068e-31  5.55754e-29 -8.61513e-32  1.50254e-29  1.30018e-32 -3.78529e-31 -9.58672e-34 -2.86147e-31 -4.84808e-35 -1.22085e-32  1.48973e-35  1.28048e-33 -5.62064e-37  7.81308e-35 -3.78573e-38  1.54169e-37
 2.39824e-35 -2.55904e-36  2.30737e-35  4.46553e-35  3.20971e-35 -5.06142e-36  2.21487e-33 -7.44833e-36 -1.78678e-33  1.94829e-34  3.76933e-33 -2.02503e-34  2.59112e-33  1.82502e-34 -7.75532e-33  1.06277e-34  1.96723e-32  1.24795e-34 -1.33292e-32  1.24428e-35   6.8877e-32 -1.17483e-34 -7.36162e-31  8.30297e-35  6.77631e-30 -6.12299e-37 -5.53221e-29 -5.67117e-35  4.06252e-28 -2.19274e-35 -2.69617e-27 -1.09491e-34  1.62227e-26 -3.96974e-35 -8.87203e-26  -7.9436e-36  4.41858e-25  7.89071e-35 -2.00683e-24 -1.44562e-34  8.31941e-24  8.07523e-34 -3.14926e-23 -3.59551e-33  1.08851e-22  1.49516e-32 -3.43343e-22 -5.80606e-32  9.87265e-22  2.10638e-31 -2.58373e-21 -7.14918e-31   6.1402e-21  2.27098e-30 -1.32107e-20 -6.75192e-30  2.56303e-20   1.8785e-29 -4.46074e-20 -4.88847e-29  6.91681e-20   1.1891e-28  -9.4672e-20 -2.70118e-28  1.12899e-19  5.72396e-28 -1.15038e-19 -1.12999e-27  9.69778e-20    2.075e-27 -6.34983e-20 -3.53811e-27  2.71445e-20  5.59076e-27 -1.09487e-21 -8.16849e-27 -8.96628e-21  1.10073e-26  7.09909e-21 -1.36404e-26 -1.83023e-21  1.54932e-26  -1.0507e-21 -1.60674e-26  1.02768e-21  1.51452e-26  -1.7186e-22 -1.29057e-26 -1.77316e-22  9.87674e-27  8.90732e-23 -6.73304e-27  1.27575e-23   4.0455e-27 -1.78001e-23 -2.11152e-27  5.21909e-25   9.3675e-28  2.38143e-24 -3.40025e-28    -2.06e-25  9.25595e-29 -2.40947e-25 -1.32569e-29  1.82471e-26 -3.27665e-30  1.83222e-26  3.27334e-30 -3.72511e-28 -1.40963e-30  -9.2567e-28  4.17112e-31 -4.34907e-29 -8.76209e-32  2.42291e-29  1.17243e-32  2.52659e-30 -5.77317e-34 -1.90932e-31  -8.6874e-35 -3.23472e-32   1.4163e-35 -4.30369e-34 -3.84972e-37  4.53827e-35 -1.40573e-38
-5.06743e-38  8.93798e-35   -1.285e-36  2.68354e-34  6.63722e-35 -3.67909e-34 -2.28731e-36  2.59178e-33 -2.76809e-35 -2.39727e-33  1.98043e-34  4.50009e-33 -2.15083e-34  7.72246e-34  1.08227e-34 -8.00868e-33  1.24795e-34  2.54008e-32  1.37031e-34 -8.67827e-32 -2.02682e-36  8.71087e-31 -7.97377e-35 -8.44262e-30  6.51343e-35  7.28449e-29  2.30283e-35 -5.63944e-28 -6.10494e-35   3.9379e-27 -3.13587e-35 -2.48931e-26 -1.15724e-34  1.42863e-25 -4.11068e-35 -7.46034e-25 -2.16194e-35  3.55069e-24  1.95698e-34 -1.54198e-23 -6.53379e-34  6.11425e-23  3.12546e-33 -2.21402e-22 -1.34289e-32  7.31926e-22  5.38971e-32 -2.20726e-21 -2.02542e-31  6.06408e-21  7.13114e-31 -1.51483e-20   -2.354e-30  3.43171e-20  7.28654e-30 -7.02588e-20 -2.11449e-29  1.29409e-19  5.74956e-29 -2.13163e-19 -1.46373e-28  3.11529e-19   3.4852e-28 -3.99556e-19 -7.75161e-28  4.42681e-19  1.60813e-27 -4.13352e-19 -3.10676e-27  3.11324e-19  5.57913e-27 -1.71398e-19 -9.29466e-27  4.69443e-20  1.43337e-26  2.26545e-20 -2.04123e-26 -3.47902e-20   2.6771e-26  1.70804e-20 -3.22373e-26  1.76503e-22  3.55197e-26 -5.00944e-21 -3.56663e-26  2.27883e-21   3.2485e-26   3.2763e-22 -2.66874e-26 -6.17882e-22  1.96413e-26  9.95453e-23 -1.28409e-26   9.2301e-23  7.37705e-27 -3.15642e-23 -3.67035e-27 -9.76493e-24  1.54831e-27  4.84554e-24  -5.3434e-28  8.84324e-25  1.39546e-28 -4.80428e-25 -2.06324e-29 -7.80348e-26 -3.08584e-30  3.02627e-26  3.55378e-30  5.79588e-27 -1.49885e-30 -9.98606e-28  4.27149e-31 -2.63211e-28 -8.46266e-32  7.53865e-30  1.00654e-32  5.15226e-30 -2.73943e-34  2.12838e-31 -9.59933e-35   -2.385e-32  1.06629e-35 -1.43005e-33 -1.86046e-37 -2.41008e-36
-3.49096e-36  4.36661e-36  1.89286e-34    1.597e-37  6.13033e-34  8.39845e-35 -7.90471e-34 -1.10398e-36  2.53425e-33 -4.69769e-35 -2.89682e-33  1.93747e-34  5.40234e-33 -2.09184e-34 -7.23184e-34  4.93795e-35 -1.33292e-32  1.37031e-34  1.01842e-31   1.3599e-34 -9.70305e-31  7.80342e-37  9.88019e-30 -4.57429e-35 -9.01429e-29  5.89819e-35  7.36437e-28  4.56375e-35 -5.41536e-27 -6.62817e-35    3.599e-26 -4.12731e-35  -2.1687e-25 -1.22755e-34  1.18792e-24 -3.31525e-35 -5.92627e-24  -9.3731e-35  2.69646e-23  6.01703e-34 -1.11999e-22 -2.47014e-33  4.24843e-22  1.09831e-32 -1.47166e-21   -4.521e-32  4.65287e-21  1.74512e-31 -1.34126e-20 -6.33165e-31   3.5195e-20  2.16109e-30 -8.38779e-20 -6.94171e-30   1.8101e-19  2.09796e-29 -3.52309e-19 -5.96129e-29  6.15263e-19   1.5907e-28 -9.57501e-19 -3.98016e-28  1.31564e-18  9.32233e-28 -1.57542e-18 -2.04005e-27  1.61235e-18  4.16274e-27 -1.36562e-18  -7.9037e-27  8.98687e-19  1.39331e-26 -3.86279e-19 -2.27534e-26  1.57135e-20  3.43387e-26  1.29125e-19 -4.77686e-26 -1.03018e-19  6.10802e-26  2.68957e-20 -7.15645e-26  1.53197e-20  7.65573e-26 -1.52111e-20 -7.44689e-26  2.61361e-21  6.55459e-26  2.63884e-21  -5.1899e-26 -1.35432e-21  3.67043e-26 -1.86318e-22  -2.2981e-26  2.73158e-22  1.25957e-26 -9.62041e-24 -5.95428e-27 -3.69458e-23  2.37733e-27  3.44613e-24 -7.75204e-28  3.78867e-24   1.9262e-28 -3.12537e-25  -2.8748e-29 -2.93206e-25 -2.34454e-30  7.55788e-27  3.50384e-30   1.5143e-26 -1.47557e-30  6.55067e-28  4.12314e-31 -4.07384e-28 -7.79915e-32 -4.13203e-29  8.27442e-33  3.35983e-30 -7.44708e-35   5.4943e-31 -8.26921e-35  6.72249e-33  6.41626e-36 -7.99481e-34 -5.67405e-38
 9.90028e-37  -6.3681e-36  1.39278e-35  2.72241e-34 -9.52346e-38  9.55482e-34   9.3443e-35 -1.03975e-33 -4.05326e-36  1.97308e-33 -6.11403e-35 -3.19024e-33  1.81692e-34  6.05281e-33 -1.87656e-34  2.91522e-33  1.24428e-35 -8.67827e-32   1.3599e-34  1.01503e-30  1.18959e-34 -1.08612e-29  1.21121e-35  1.04912e-28 -1.68926e-35 -9.05514e-28  6.66625e-35  7.01894e-27  6.47647e-35 -4.90802e-26  -7.2155e-35  3.10718e-25 -5.03209e-35 -1.78608e-24 -1.37828e-34  9.34287e-24  1.60507e-35 -4.45479e-23  -3.8749e-34  1.93839e-22  2.00782e-33 -7.70211e-22 -8.46008e-33  2.79521e-21  3.50812e-32 -9.26255e-21 -1.36253e-31  2.80038e-20  4.99323e-31 -7.71437e-20 -1.73228e-30  1.93263e-19  5.69864e-30 -4.39166e-19 -1.77827e-29  9.02067e-19  5.25886e-29 -1.66731e-18  -1.4709e-28  2.75664e-18  3.88049e-28 -4.04474e-18 -9.62593e-28  5.20971e-18  2.23792e-27 -5.79835e-18 -4.86093e-27  5.44085e-18  9.83484e-27  -4.1199e-18  -1.8483e-26  2.28199e-18  3.21801e-26 -6.30348e-19 -5.17727e-26 -3.03463e-19  7.67731e-26  4.71236e-19 -1.04658e-25 -2.33892e-19  1.30788e-25 -1.47621e-21 -1.49363e-25  6.90001e-20  1.55327e-25 -3.19548e-20 -1.46475e-25  -4.3921e-21  1.24629e-25   8.7166e-21 -9.50956e-26 -1.46716e-21  6.45824e-26 -1.30827e-21 -3.86708e-26  4.63571e-22  2.01732e-26  1.38503e-22 -9.02712e-27 -7.19472e-23  3.39303e-27 -1.25623e-23  -1.0381e-27  7.25004e-24  2.43654e-28  1.12675e-24 -3.64889e-29 -4.66895e-25 -8.88332e-31 -8.62001e-26  3.03814e-30  1.59292e-26 -1.33524e-30  4.04236e-27  3.76211e-31 -1.35751e-28 -6.87535e-32 -8.17414e-29   6.5042e-33 -3.20665e-30  3.00585e-35  3.94357e-31 -5.83236e-35  2.29955e-32  2.96699e-36  2.85319e-35
-7.82727e-36  2.88917e-36 -1.70446e-35  2.66876e-35   2.8807e-34 -2.63392e-36  1.18211e-33  9.34715e-35  -9.4911e-34 -1.15805e-35  9.63576e-34 -6.78425e-35 -3.07108e-33  1.62092e-34  2.49734e-33 -1.55221e-34   6.8877e-32 -2.02682e-36 -9.70305e-31  1.18959e-34  1.12195e-29  8.65337e-35 -1.14891e-28  2.28972e-35  1.04908e-27  7.77118e-36 -8.58108e-27  8.81528e-35  6.31883e-26  7.82191e-35 -4.20572e-25 -7.97492e-35  2.53838e-24 -5.13822e-35  -1.3928e-23 -1.92819e-34  6.96117e-23  2.59755e-34 -3.17358e-22 -1.58142e-33  1.32094e-21  7.06554e-33 -5.02195e-21 -2.79361e-32  1.74379e-20  1.04744e-31 -5.52738e-20 -3.69071e-31  1.59771e-19  1.23497e-30 -4.20469e-19  -3.9607e-30   1.0052e-18  1.22595e-29 -2.17645e-18 -3.67393e-29  4.25119e-18  1.06425e-28 -7.45235e-18 -2.96307e-28  1.16448e-17  7.86573e-28   -1.607e-17 -1.97414e-27  1.93334e-17  4.64923e-27 -1.98868e-17 -1.02112e-26  1.69375e-17   2.0815e-26 -1.12165e-17 -3.92344e-26  4.86013e-18  6.81805e-26 -2.11948e-19 -1.08959e-25 -1.63382e-18   1.5976e-25  1.31906e-18 -2.14424e-25 -3.51374e-19  2.62784e-25 -1.95522e-19 -2.93234e-25  1.98724e-19  2.96939e-25 -3.55396e-20 -2.71759e-25 -3.44941e-20   2.2365e-25  1.82398e-20 -1.64459e-25  2.34646e-21  1.07191e-25 -3.70358e-21 -6.12958e-26   1.6169e-22  3.03535e-26  5.05679e-22 -1.28009e-26 -5.19042e-23  4.49928e-27 -5.25382e-23 -1.28032e-27  4.82142e-24  2.81894e-28  4.14225e-24  -4.2735e-29 -1.37761e-25  1.40343e-30 -2.19238e-25  2.14776e-30 -8.34219e-27 -1.09947e-30  6.08616e-27   3.2565e-31  5.92601e-28 -5.78851e-32 -5.29813e-29  4.83428e-33 -8.25654e-30  6.63298e-35 -8.82876e-32  -3.3561e-35  1.25573e-32  9.22291e-37
-7.48457e-39  8.69353e-37   5.3221e-36 -3.97344e-35  3.90205e-35  2.19514e-34 -6.70017e-36  1.22242e-33  8.54012e-35 -4.52689e-34 -2.20964e-35 -4.83466e-34 -6.64618e-35  3.54559e-34   1.3656e-34 -5.36132e-32 -1.17483e-34  8.71087e-31  7.80342e-37 -1.08612e-29  8.65337e-35  1.18432e-28  4.16936e-35 -1.14571e-27  2.66007e-35  9.90141e-27  3.06743e-35 -7.68561e-26  1.21889e-34  5.38226e-25   8.5357e-35 -3.41292e-24 -9.62688e-35  1.96522e-23 -5.62214e-36  -1.0299e-22 -4.77774e-34  4.92041e-22  1.57044e-33 -2.14554e-21 -7.21713e-33  8.54455e-21  2.84331e-32 -3.10847e-20 -1.00346e-31  1.03273e-19  3.23967e-31 -3.13092e-19 -9.57508e-31  8.65042e-19  2.62216e-30 -2.17398e-18 -6.80962e-30  4.95675e-18  1.74311e-29 -1.02181e-17 -4.60537e-29  1.89591e-17  1.28747e-28 -3.14755e-17 -3.73863e-28  4.63881e-17  1.07801e-27 -6.00345e-17 -2.96223e-27  6.71642e-17  7.56284e-27 -6.33818e-17 -1.77145e-26  4.83017e-17  3.78602e-26 -2.69629e-17 -7.36812e-26  7.55343e-18  1.30482e-25  3.56863e-18 -2.10201e-25 -5.65099e-18  3.07911e-25  2.84788e-18 -4.09822e-25 -1.95597e-21  4.94998e-25 -8.40749e-19 -5.41541e-25  3.98966e-19  5.35208e-25  5.08746e-20 -4.76087e-25 -1.09057e-19  3.79297e-25  1.94398e-20 -2.68873e-25  1.63842e-20  1.68122e-25 -6.07987e-21  -9.1682e-26 -1.72651e-21  4.29682e-26  9.52519e-22 -1.69849e-26  1.56021e-22  5.53283e-27 -9.75719e-23 -1.44666e-27 -1.42391e-23  2.96558e-28  6.43517e-24 -4.67411e-29  1.12905e-24  4.52983e-30 -2.27958e-25  9.28543e-31 -5.50066e-26 -8.12385e-31  2.21361e-27  2.68481e-31  1.15531e-27 -4.62263e-32  4.20251e-29  3.32756e-33 -5.85141e-30  6.30873e-35 -3.28387e-31 -1.50415e-35 -2.02825e-34
 1.30124e-35  5.33806e-37  3.01161e-35  7.49882e-36 -7.01909e-35  4.74768e-35  7.71901e-35  -1.1351e-35  1.07136e-33  7.19427e-35   4.7705e-34 -3.29432e-35 -4.31864e-33 -5.76246e-35   4.5114e-32  1.08568e-34 -7.36162e-31 -7.97377e-35  9.88019e-30  1.21121e-35 -1.14891e-28  4.16936e-35  1.17984e-27  -1.0968e-35 -1.07875e-26  2.06262e-35  8.83611e-26  5.44128e-35 -6.51644e-25  1.65021e-34  4.34427e-24  9.27835e-35 -2.62656e-23 -1.68765e-34  1.44387e-22   3.4595e-34 -7.23082e-22 -2.26473e-33  3.30356e-21  9.53253e-33 -1.37819e-20 -3.90161e-32   5.2524e-20  1.40733e-31 -1.82858e-19  -4.4892e-31  5.81234e-19  1.25404e-30  -1.6851e-18 -2.97496e-30  4.44881e-18  5.57617e-30 -1.06719e-17 -6.30796e-30  2.31911e-17 -5.77283e-30 -4.54756e-17   5.7634e-29   8.0053e-17 -1.89841e-28 -1.25652e-16  4.00485e-28  1.74244e-16 -4.38994e-28 -2.10732e-16 -6.95175e-28  2.18017e-16  5.65481e-27 -1.86886e-16 -1.99025e-26  1.24706e-16  5.24622e-26 -5.46198e-17 -1.15046e-25  2.69187e-18   2.1834e-25  1.83418e-17 -3.65438e-25 -1.50529e-17  5.44846e-25  4.12249e-18 -7.27573e-25   2.2044e-18  8.72524e-25  -2.3145e-18 -9.40313e-25  4.36176e-19  9.09771e-25  3.99801e-19 -7.88156e-25 -2.19776e-19   6.0865e-25 -2.55741e-20  -4.1619e-25  4.48044e-20  2.49623e-25 -2.45627e-21 -1.29642e-25 -6.16545e-21  5.73061e-26  7.08355e-22 -2.10843e-26  6.48662e-22  6.28522e-27 -6.73868e-23 -1.48191e-27 -5.21572e-23  2.80219e-28  2.24398e-24 -4.83891e-29  2.83633e-24  8.28551e-30  8.86084e-26 -4.22646e-31  -8.1576e-26 -5.28008e-31 -7.51336e-27  2.11468e-31  7.55145e-28 -3.45796e-32  1.10827e-28   2.0609e-33  9.55628e-31  4.32551e-35 -1.77566e-31 -4.56256e-36
 3.12735e-37  2.01702e-35  1.61299e-36  7.46856e-35  8.81311e-36 -9.10041e-35  4.99598e-35 -1.21505e-34 -1.65687e-35  7.20149e-34  5.58732e-35  3.12097e-33 -4.17494e-35 -3.84715e-32  -4.2654e-35  5.88909e-31  8.30297e-35 -8.44262e-30 -4.57429e-35  1.04912e-28  2.28972e-35 -1.14571e-27  -1.0968e-35  1.10998e-26 -6.59404e-35  -9.6061e-26  6.00482e-36  7.46765e-25   8.1134e-35 -5.23812e-24  2.08534e-34  3.32731e-23  1.54454e-34 -1.91952e-22  -6.2871e-34  1.00796e-21  2.78473e-33 -4.82598e-21 -1.40322e-32   2.1092e-20  6.01275e-32 -8.42055e-20 -2.33364e-31  3.07143e-19  8.04744e-31  -1.0233e-18 -2.44791e-30  3.11169e-18  6.43246e-30   -8.625e-18 -1.38612e-29  2.17506e-17  2.07418e-29 -4.97753e-17 -9.04901e-31  1.03015e-16 -1.37333e-28  -1.9195e-16  6.33854e-28  3.20125e-16 -1.98152e-27 -4.74116e-16  4.94331e-27  6.16866e-16 -1.02075e-26 -6.94156e-16  1.72556e-26  6.59324e-16 -2.21271e-26  -5.0623e-16  1.44663e-26  2.85309e-16  2.44216e-26 -8.15214e-17 -1.19519e-25  -3.7136e-17  2.93462e-25  6.05303e-17 -5.52138e-25 -3.11138e-17  8.70835e-25  3.35445e-19 -1.19097e-24  9.14146e-18  1.43453e-24 -4.47515e-18 -1.53321e-24 -5.09789e-19  1.45821e-24  1.22077e-18 -1.23359e-24 -2.33361e-19   9.2506e-25 -1.82792e-19 -6.10853e-25  7.18284e-20  3.51528e-25  1.90454e-20  -1.7366e-25 -1.13423e-20  7.21161e-26 -1.70234e-21 -2.44689e-26  1.18122e-21  6.54816e-27  1.58275e-22 -1.34721e-27 -7.99167e-23  2.31765e-28 -1.31124e-23 -4.81804e-29  2.95017e-24  1.22239e-29  6.68538e-25 -1.65282e-30 -3.27185e-26 -2.93196e-31 -1.46717e-26  1.59105e-31 -4.79633e-28 -2.37981e-32    7.856e-29  1.10652e-33  4.19898e-30  2.21042e-35 -8.95289e-34
