 4.95673e-26   1.4693e-36 -2.92408e-24 -2.10239e-35  6.73233e-23 -1.06361e-35 -9.34769e-22 -9.53249e-35  9.03185e-21  1.13261e-33 -6.52305e-20 -9.87754e-33  3.67228e-19  7.04273e-32 -1.65472e-18 -4.12987e-31  6.07042e-18  2.03556e-30 -1.83226e-17 -8.52436e-30  4.57457e-17  3.05434e-29 -9.45288e-17 -9.39593e-29  1.60919e-16  2.48046e-28 -2.23061e-16 -5.58738e-28  2.46033e-16   1.0581e-27 -2.06089e-16 -1.62652e-27  1.16931e-16  1.83885e-27 -2.67179e-17 -9.04522e-28 -2.04742e-17 -2.11961e-27  2.06858e-17  7.80949e-27 -3.54158e-18 -1.58518e-26 -4.83935e-18  2.50421e-26  2.47009e-18 -3.40083e-26  7.80511e-19  4.20871e-26 -7.72221e-19 -4.93746e-26 -1.23473e-19  5.56956e-26  1.90005e-19 -5.95734e-26  3.00103e-20  5.86243e-26 -3.95347e-20 -5.14127e-26 -9.83444e-21  3.90772e-26   6.4137e-21 -2.50547e-26  2.81812e-21  1.30748e-26 -5.81451e-22 -5.18473e-27 -5.77516e-22  1.26357e-27 -4.45683e-23  6.57992e-29  7.06379e-23 -2.37496e-28  2.43073e-23  1.19121e-28 -1.99429e-24 -2.72548e-29 -3.30418e-24  -2.5824e-30 -7.44546e-25  4.45027e-30  9.74417e-26 -1.56102e-30  9.35077e-26  1.45833e-31  1.97819e-26  8.97931e-32 -9.23404e-28 -3.53989e-32 -1.54161e-27  5.84862e-34 -3.82212e-28  2.27903e-33 -2.61501e-29 -5.61804e-35  1.03327e-29  -2.3856e-34  3.68589e-30  6.49696e-36  5.47553e-31  2.72724e-35  1.82241e-32 -2.38644e-36 -9.78355e-33 -1.90393e-36 -2.38114e-33  1.94525e-37 -2.78787e-34  8.69124e-38  -1.4395e-35 -8.71505e-39   8.8429e-37 -1.22448e-39   2.4708e-37 -7.09089e-41  2.40891e-38  1.59293e-41  1.30986e-39  1.61973e-42  3.22695e-41  7.77682e-44 -5.20579e-43 -3.54731e-46 -5.23249e-44 -6.91183e-47 -9.35132e-46 -2.03057e-47
  1.4693e-36  4.19466e-24 -1.41532e-37  -1.4069e-22 -7.68231e-35  2.46851e-21   1.4922e-34 -2.84683e-20 -2.24196e-33   2.3811e-19  2.27946e-32 -1.52466e-18  -1.8195e-31  7.72594e-18  1.18906e-30 -3.16497e-17 -6.48706e-30  1.06253e-16  2.99782e-29 -2.94654e-16 -1.18456e-28  6.77082e-16   4.0263e-28 -1.28707e-15 -1.18068e-27  2.00893e-15  2.98586e-27 -2.53433e-15 -6.48085e-27  2.50537e-15  1.19297e-26  -1.8166e-15  -1.8135e-26  7.96869e-16  2.13063e-26  1.86291e-18 -1.51191e-26 -2.67059e-16 -6.72339e-27  1.44374e-16  4.58481e-26   1.8803e-17 -9.58055e-26 -4.93991e-17  1.44161e-25   7.9426e-18 -1.80455e-25  1.18848e-17  2.03796e-25 -3.62021e-18 -2.21954e-25  -2.6874e-18  2.41258e-25  9.07895e-19 -2.57026e-25  6.28621e-19  2.55339e-25 -1.49597e-19 -2.25498e-25 -1.42848e-19  1.70941e-25  8.41439e-21 -1.08046e-25  2.70799e-20   5.4882e-26  3.88085e-21 -2.08105e-26 -3.43935e-21  4.59738e-27 -1.38994e-21  5.11124e-28  1.22439e-22 -9.84985e-28  2.10784e-22  4.49094e-28  4.38416e-23 -9.19526e-29    -1.06e-23 -1.27334e-29 -7.49355e-24  1.61739e-29 -1.22357e-24 -5.27834e-30  2.68939e-25  4.04059e-31  1.72272e-25  3.28734e-31  3.16264e-26 -1.13176e-31 -1.57721e-27 -6.97656e-33 -2.18193e-27  1.04418e-32 -5.16511e-28  2.24048e-34 -4.20839e-29 -1.23281e-33  8.70694e-30  6.53224e-35  3.44675e-30   1.1336e-34  5.40842e-31 -1.09313e-35  3.45777e-32 -7.02424e-36 -3.66879e-33  6.17718e-37 -1.21524e-33  2.98987e-37 -1.53467e-34 -2.01299e-38  -1.0467e-35 -3.57744e-39 -1.90923e-37  -4.7017e-40  3.73462e-38  2.47824e-41  4.18483e-39  6.62275e-42  2.14654e-40  2.67019e-43  5.30355e-42  4.97941e-45  5.54691e-44  -1.3562e-46  9.24148e-48
-2.92408e-24 -1.41532e-37  1.74848e-22 -1.95992e-35 -4.08297e-21 -2.94504e-34  5.75355e-20  2.80578e-33 -5.64594e-19 -3.33085e-32  4.14453e-18  3.03215e-31 -2.37356e-17 -2.21472e-30  1.08905e-16  1.33927e-29 -4.07273e-16 -6.82581e-29  1.25475e-15  2.96719e-28 -3.20257e-15 -1.10896e-27  6.77848e-15  3.58161e-27 -1.18493e-14 -1.00204e-26  1.69266e-14  2.42727e-26 -1.93462e-14 -5.06841e-26  1.69645e-14  9.02818e-26 -1.03412e-14 -1.34172e-25  2.98163e-15  1.58056e-25  1.36184e-15 -1.25825e-25 -1.81621e-15  8.17634e-27  4.77193e-16  1.90258e-25  3.62208e-16 -4.17504e-25 -2.54902e-16  5.96457e-25 -4.06799e-17 -6.76626e-25  7.54183e-17  6.73789e-25   2.3518e-18 -6.55148e-25  -1.8573e-17  6.76113e-25 -5.37293e-19  -7.2741e-25  4.08294e-18  7.45259e-25  4.59748e-19 -6.73302e-25 -7.53688e-19  5.13533e-25 -2.01149e-19 -3.21232e-25  9.63308e-20   1.5897e-25   5.3023e-20 -5.75642e-26 -2.91109e-21  1.14092e-26 -8.37433e-21  2.03008e-27 -1.77922e-21 -2.76209e-27  5.62333e-22  1.14944e-27  3.63246e-22 -2.09145e-28  4.48005e-23 -3.95124e-29 -2.23139e-23  4.04817e-29 -1.05684e-23 -1.26588e-29   -1.311e-24  8.82535e-31  3.89845e-25  8.39628e-31  1.99311e-25 -2.72261e-31  3.36344e-26 -3.57043e-32 -1.13032e-27  3.34776e-32 -1.85921e-27  9.75499e-34 -4.34385e-28 -4.01646e-33 -4.18872e-29  2.77912e-34  3.30971e-30  3.21112e-34  1.80523e-30 -3.06671e-35  3.00392e-31 -1.85023e-35   2.5073e-32  1.24491e-36  2.72607e-35  7.32384e-37 -2.82697e-34 -2.42306e-38   -3.962e-35 -7.22364e-39 -2.92912e-36 -1.47664e-39 -1.12852e-37  5.00172e-42 -1.08307e-40  1.43758e-41  2.05634e-40  5.32181e-43  8.66032e-42  1.55225e-44  1.34814e-43 -5.31116e-47
-2.10239e-35  -1.4069e-22 -1.95992e-35  4.78592e-21 -2.73674e-35 -8.52218e-20 -2.48417e-33  9.98139e-19  3.52472e-32 -8.48493e-18 -3.73144e-31  5.52643e-17  3.07623e-30  -2.8512e-16  -2.0686e-29  1.19044e-15  1.16407e-28 -4.07815e-15 -5.56508e-28  1.15569e-14  2.28282e-27 -2.71855e-14 -8.08934e-27  5.30177e-14  2.48691e-26  -8.5153e-14 -6.64604e-26  1.11019e-13  1.54282e-25 -1.14241e-13 -3.09802e-25  8.75089e-14  5.32913e-25  -4.2559e-14 -7.69864e-25  3.78888e-15  8.94313e-25  1.18814e-14 -7.39456e-25 -7.96111e-15  1.98666e-25  -6.3969e-17  6.53617e-25  2.43107e-15 -1.53125e-24 -6.77268e-16  2.07712e-24 -5.31572e-16 -2.11046e-24  2.56774e-16  1.77556e-24  1.12859e-16 -1.43023e-24 -6.54315e-17  1.34912e-24  -2.7039e-17 -1.51156e-24  1.25952e-17  1.66511e-24  6.82773e-18 -1.57791e-24 -1.53787e-18  1.22473e-24 -1.50609e-18 -7.61249e-25 -2.23301e-20   3.6713e-25  2.38965e-19  -1.2666e-25  5.93276e-20  2.22091e-26 -1.88301e-20  5.67579e-27  -1.2766e-20 -6.04957e-27 -1.23566e-21   2.3004e-27  1.07933e-21 -3.68988e-28  4.40811e-22 -9.13885e-29  2.78566e-23  8.09248e-29 -2.96577e-23 -2.54752e-29 -1.09191e-23  2.04952e-30 -1.10562e-24  1.72824e-30  3.70892e-25 -5.93301e-31  1.66671e-25 -9.56446e-32  2.71473e-26   8.6099e-32 -1.23351e-28  1.42272e-33 -1.06808e-27 -1.00184e-32 -2.54081e-28  8.04735e-34 -2.79503e-29  7.28057e-34  5.75823e-32 -6.37082e-35  5.65053e-31 -4.02118e-35  1.02499e-31   1.7602e-36  9.68114e-33  1.46365e-36  3.93753e-34 -9.24578e-40 -2.36039e-35 -1.13897e-38 -4.87894e-36 -3.19557e-39  -3.6089e-37 -6.11793e-41 -1.43855e-38  2.10986e-41 -2.67064e-40  7.19916e-43 -6.04656e-43  2.19511e-44  3.86054e-44
 6.73233e-23 -7.68231e-35 -4.08297e-21 -2.73674e-35  9.67613e-20  6.67266e-34 -1.38473e-18 -2.65326e-32  1.38099e-17  3.53152e-31  -1.0311e-16 -3.35777e-30  6.01155e-16  2.52936e-29  -2.8108e-15 -1.57573e-28   1.0724e-14  8.29329e-28 -3.37519e-14  -3.7337e-27  8.81452e-14  1.44974e-26 -1.91269e-13  -4.8825e-26  3.43659e-13  1.43143e-25 -5.06363e-13 -3.65888e-25  6.00206e-13    8.147e-25 -5.51147e-13  -1.5736e-24  3.60069e-13  2.61219e-24 -1.24797e-13 -3.65828e-24 -3.10433e-14  4.15623e-24  6.17486e-14  -3.4554e-24 -2.22724e-14  1.24901e-24 -9.78981e-15  1.99068e-24  9.95422e-15 -5.02007e-24  2.52754e-16  6.49331e-24  -2.7779e-15 -5.91004e-24   2.7009e-16  4.03374e-24  6.77116e-16 -2.31238e-24 -7.20886e-17  1.75415e-24 -1.55527e-16 -2.26227e-24   3.5496e-18  2.96229e-24   3.1922e-17 -3.07333e-24   3.9958e-18  2.46375e-24 -5.04769e-18 -1.52747e-24  -1.6894e-18    7.174e-25  4.23133e-19 -2.34973e-25  3.52041e-19  3.57444e-26  3.22854e-20  1.24867e-26  -3.6253e-20 -1.09528e-26 -1.39679e-20  3.79584e-27  -7.3726e-23 -5.31511e-28   1.3724e-21 -1.68384e-28  4.12206e-22  1.37673e-28  8.27721e-24 -4.67612e-29 -2.84679e-23  5.34459e-30 -8.84469e-24  3.01521e-30 -8.10263e-25 -1.24944e-30  2.48287e-25 -1.73635e-31  1.05435e-25  1.87915e-31  1.71553e-26 -1.12877e-33  4.80579e-28 -2.07808e-32 -4.16069e-28  1.82851e-33 -1.05155e-28  1.41588e-33 -1.26916e-29 -1.05583e-34 -5.27837e-31 -7.62224e-35  9.42851e-32  1.57341e-36  2.10886e-32  2.51049e-36  2.10983e-33  7.09796e-38  1.15502e-34 -1.45004e-38  1.82174e-36  -5.3684e-39  -2.1562e-37 -1.64477e-40 -1.74293e-38   2.2592e-41 -5.64107e-40  6.88881e-43 -7.64392e-42  1.62991e-44
-1.06361e-35  2.46851e-21 -2.94504e-34 -8.52218e-20  6.67266e-34  1.54112e-18   9.3216e-33 -1.83439e-17  -2.4706e-31  1.58599e-16   2.9207e-30 -1.05154e-15 -2.51291e-29  5.52777e-15  1.74294e-28  -2.3542e-14 -1.01208e-27  8.23675e-14  5.00664e-27 -2.38741e-13 -2.13099e-26  5.75418e-13  7.85627e-26  -1.1524e-12 -2.52064e-25   1.9064e-12  7.06014e-25 -2.57102e-12 -1.72854e-24  2.75577e-12  3.69551e-24 -2.22923e-12 -6.87034e-24  1.19241e-12  1.10065e-23 -2.04146e-13 -1.49268e-23 -2.68563e-13  1.65191e-23  2.26625e-13 -1.35981e-23 -2.34428e-14  5.51367e-24 -6.08088e-14  5.55453e-24  2.54654e-14 -1.50653e-23  1.14225e-14  1.87116e-23 -8.73093e-15 -1.54615e-23 -2.09709e-15    8.397e-24  2.24288e-15 -2.35181e-24   5.0707e-16  3.27333e-25 -4.73115e-16  -1.8175e-24 -1.50112e-16   4.1597e-24  7.52079e-17 -5.13009e-24  4.01014e-17  4.32919e-24  -5.8253e-18 -2.68525e-24 -7.86705e-18  1.22573e-24 -9.13565e-19 -3.79205e-25  9.09532e-19  4.86427e-26  3.61915e-19  2.27989e-26  -1.3653e-20 -1.68336e-26 -4.54153e-20  5.26517e-27 -1.17507e-20 -6.32572e-28  9.24863e-22 -2.54179e-28  1.30847e-21  2.06556e-28  3.13634e-22 -8.18435e-29  -2.0956e-24    1.382e-29 -2.08682e-23  4.50839e-30 -5.79435e-24 -2.54064e-30 -5.33411e-25 -2.08823e-31  1.17565e-25  3.59604e-31  5.08978e-26 -1.20031e-32   8.4389e-27 -3.75147e-32  4.78484e-28  3.49599e-33 -1.01764e-28  2.45243e-33   -3.012e-29 -1.44506e-34 -3.87717e-30 -1.29314e-34 -2.49933e-31  1.90039e-38  2.84518e-33  3.78698e-36  2.34935e-33  2.00705e-37  2.49402e-34 -1.48546e-38  1.40921e-35 -7.38721e-39  4.14119e-37  -2.6572e-40  2.20028e-39  1.79063e-41 -1.96862e-40  4.56834e-43 -3.32936e-42
-9.34769e-22   1.4922e-34  5.75355e-20 -2.48417e-33 -1.38473e-18   9.3216e-33  2.01391e-17  8.73311e-32  -2.0427e-16 -1.93176e-30  1.55246e-15  2.03523e-29 -9.22167e-15 -1.59722e-28  4.39751e-14  1.02748e-27 -1.71316e-13 -5.59585e-27   5.5131e-13  2.61524e-26 -1.47455e-12 -1.05667e-25  3.28349e-12  3.71037e-25 -6.06971e-12 -1.13681e-24  9.23388e-12  3.04758e-24 -1.13608e-11 -7.15684e-24  1.09287e-11  1.47076e-23  -7.6369e-12 -2.63401e-23  3.08552e-12  4.07442e-23  2.89368e-13 -5.35006e-23 -1.25182e-12  5.75714e-23  5.90014e-13 -4.65708e-23    1.348e-13  1.98419e-23 -2.28266e-13  1.43664e-23  2.32442e-14 -4.16528e-23  5.93006e-14  5.00355e-23 -1.42846e-14 -3.83143e-23 -1.40555e-14  1.68452e-23  3.80384e-15  4.84465e-25  3.34173e-15 -6.11444e-24 -6.08873e-16  2.15998e-24 -7.57346e-16  4.19974e-24  1.34746e-17 -7.48405e-24  1.41922e-16  6.80811e-24  2.54897e-17 -4.23055e-24  -1.7441e-17  1.87009e-24 -8.02128e-18 -5.42717e-25  4.14542e-19  5.61891e-26  1.16107e-18  3.55612e-26  2.74082e-19 -2.21549e-26 -5.06515e-20  6.08186e-27 -4.28621e-20 -5.93523e-28 -7.96224e-21 -3.15332e-28  1.27383e-21  2.78898e-28  9.88382e-22 -1.38208e-28  2.01277e-22  3.23707e-29 -3.17475e-24  5.63098e-30 -1.19392e-23 -4.87759e-30 -3.09724e-24 -7.52813e-32 -3.06506e-25  6.17125e-31  3.69339e-26 -3.92333e-32  1.84755e-26 -6.06268e-32  3.15635e-27  5.87564e-33   2.4636e-28  3.86691e-33  -1.0804e-29 -1.65782e-34 -5.61799e-30 -1.98859e-34 -7.68457e-31 -3.30362e-36 -5.71944e-32  5.09072e-36 -1.77406e-33  3.74698e-37  9.45732e-35 -1.16825e-38  1.38301e-35 -8.55301e-39  7.13267e-37 -3.18107e-40   1.7917e-38  1.01449e-41  1.69842e-40  1.85676e-43
-9.53249e-35 -2.84683e-20  2.80578e-33  9.98139e-19 -2.65326e-32 -1.83439e-17  8.73311e-32  2.22066e-16  6.67124e-31 -1.95425e-15 -1.27935e-29  1.32002e-14  1.21016e-28 -7.07646e-14 -8.72962e-28  3.07682e-13  5.24828e-27 -1.10043e-12 -2.69943e-26   3.2654e-12  1.19873e-25 -8.07201e-12 -4.61817e-25  1.66179e-11  1.54964e-24 -2.83437e-11 -4.54495e-24  3.95788e-11  1.16826e-23 -4.42217e-11 -2.63515e-23   3.7769e-11  5.21125e-23 -2.20813e-11  -8.9991e-23  5.45744e-12  1.34508e-22  3.78547e-12 -1.71072e-22 -4.19245e-12  1.78908e-22  8.87904e-13 -1.41709e-22  9.56425e-13  6.16373e-23 -5.78833e-13  3.44526e-23 -1.34525e-13 -1.06105e-22  1.84124e-13   1.2396e-22  1.48113e-14  -8.9695e-23   -4.727e-14  3.35046e-23 -3.33043e-15  9.40528e-24  1.06308e-14 -2.25815e-23  1.59543e-15  1.31616e-23 -1.97848e-15  1.55788e-24 -6.07253e-16 -9.69297e-24  2.48359e-16  9.77087e-24  1.54144e-16 -6.07406e-24 -4.39294e-18  2.58638e-24 -2.39018e-17 -6.98065e-25 -5.63708e-18  5.41771e-26  1.50465e-18  4.81538e-26  1.08954e-18 -2.47276e-26  1.53711e-19  5.46499e-27 -6.25153e-20 -3.15963e-28 -3.24546e-20 -3.13758e-28 -4.53637e-21  3.41335e-28  1.05542e-21 -2.22891e-28  6.07652e-22  6.70999e-29  1.11146e-22  5.25989e-30  -8.6139e-25 -8.69715e-30 -5.33109e-24  4.16499e-31 -1.34022e-24  9.65925e-31 -1.45495e-25 -9.28216e-32  5.66152e-27 -8.93378e-32  4.85197e-27  8.96106e-33  8.66467e-28  5.61987e-33  7.94152e-29 -1.60246e-34  1.68497e-30 -2.78975e-34 -5.88353e-31 -8.21493e-36  -9.1918e-32  6.14494e-36 -7.04019e-33  5.55608e-37 -2.94243e-34  -5.8447e-39 -3.77232e-36 -8.43515e-39  2.27986e-37 -2.98044e-40  1.06063e-38  3.62737e-42    1.135e-40
 9.03185e-21 -2.24196e-33 -5.64594e-19  3.52472e-32  1.38099e-17  -2.4706e-31  -2.0427e-16  6.67124e-31  2.10889e-15   4.3016e-30  -1.6328e-14 -7.22357e-29  9.89003e-14  6.17114e-28 -4.81432e-13 -4.12447e-27  1.91687e-12  2.33856e-26  -6.3134e-12  -1.1457e-25   1.7311e-11  4.86799e-25 -3.95982e-11 -1.79749e-24  7.53895e-11  5.78478e-24 -1.18538e-10 -1.62819e-23   1.5152e-10  4.01996e-23 -1.52768e-10 -8.72099e-23  1.14007e-10  1.66148e-22 -5.25887e-11 -2.76926e-22  1.60714e-12  4.00314e-22  1.73478e-11 -4.93493e-22 -1.04948e-11  5.01673e-22 -7.04967e-13 -3.88502e-22  3.54323e-12  1.70125e-22  -8.3165e-13  7.63383e-23 -8.33365e-13 -2.48888e-22  3.54389e-13  2.83743e-22  1.85646e-13 -1.96679e-22 -9.49468e-14  6.59306e-23 -4.51857e-14  2.84861e-23  1.87191e-14 -5.54187e-23  1.14159e-14  3.51542e-23  -2.2454e-15 -5.25606e-24 -2.52422e-15 -1.13494e-23  -8.3303e-17  1.30218e-23  4.01889e-16 -8.05507e-24  1.07498e-16  3.28231e-24 -3.09714e-17 -8.16027e-25 -2.26943e-17  4.10534e-26 -2.47312e-18  5.71065e-26  1.88433e-18 -2.23868e-26  8.11767e-19  2.64683e-27  6.04886e-20  3.46554e-28 -5.26377e-20 -2.33226e-28 -2.04127e-20  3.75549e-28 -2.28131e-21 -3.37286e-28   6.3204e-22  1.23689e-28  3.07059e-22  1.66873e-30  5.29202e-23 -1.43246e-29  6.72649e-25  1.49254e-30 -1.82108e-24  1.39669e-30 -4.59533e-25 -1.83009e-31 -5.41489e-26 -1.21464e-31 -8.96549e-28  1.27145e-32  8.51195e-28  7.57721e-33   1.6598e-28 -1.32252e-34  1.64017e-29 -3.58268e-34  7.87578e-31 -1.38597e-35  -1.6887e-32  6.68945e-36  -5.7059e-33  6.93893e-37 -4.32203e-34  4.58039e-40 -1.68168e-35 -7.09959e-39 -3.10802e-37 -2.19687e-40 -1.16848e-39   4.8859e-43
 1.13261e-33   2.3811e-19 -3.33085e-32 -8.48493e-18  3.53152e-31  1.58599e-16 -1.93176e-30 -1.95425e-15   4.3016e-30  1.75201e-14  2.35757e-29 -1.20669e-13 -3.46865e-28  6.60286e-13  2.68577e-27 -2.93374e-12  -1.6792e-26  1.07364e-11  9.09465e-26 -3.26493e-11 -4.29517e-25  8.28634e-11  1.76245e-24 -1.75548e-10 -6.27768e-24  3.09044e-10  1.94583e-23 -4.47289e-10 -5.26985e-23  5.21375e-10  1.25192e-22 -4.70127e-10 -2.61538e-22  2.98956e-10  4.80517e-22 -9.53628e-11 -7.73787e-22  -3.4756e-11  1.08289e-21  5.55953e-11 -1.29515e-21 -1.80101e-11  1.28062e-21 -1.00906e-11  -9.6922e-22  9.05848e-12  4.24242e-22  5.85055e-13  1.55846e-22 -2.68242e-12  -5.3802e-22  1.86314e-13  5.99404e-22  6.79769e-13 -4.00924e-22 -5.74476e-14  1.25484e-22 -1.60398e-13  6.21387e-23  1.01205e-15 -1.10988e-22  3.36537e-14  7.12091e-23  4.67279e-15 -1.68852e-23 -5.42859e-15 -1.23751e-23 -1.90374e-15  1.63781e-23  4.58694e-16 -9.98185e-24  4.00584e-16  3.86755e-24  3.90065e-17  -8.7862e-25 -4.17801e-17  1.92257e-26 -1.65206e-17  5.96615e-26 -1.60847e-19 -1.39214e-26  1.63073e-18 -2.91752e-27  5.01274e-19  1.62043e-27  1.28592e-20 -1.13079e-28 -3.41243e-20  3.59319e-28 -1.08756e-20 -4.71094e-28 -1.06196e-21  2.05155e-28  2.84878e-22 -7.32974e-30  1.27071e-22 -2.18246e-29  2.13878e-23  3.36325e-30    8.155e-25   1.8827e-30 -4.53719e-25 -3.17409e-31 -1.20658e-25 -1.53417e-31 -1.50993e-26  1.71109e-32 -7.54903e-28  9.50508e-33  8.03568e-29 -1.01556e-34  2.04884e-29  -4.2204e-34  2.09293e-30  -1.8934e-35  1.18353e-31  6.58081e-36  2.64688e-33  7.47714e-37 -1.13691e-34  4.88764e-39 -1.03276e-35 -5.05789e-39 -2.88394e-37 -1.22835e-40 -2.37438e-39
-6.52305e-20  2.27946e-32  4.14453e-18 -3.73144e-31  -1.0311e-16   2.9207e-30  1.55246e-15 -1.27935e-29  -1.6328e-14  2.35757e-29  1.28902e-13  1.08988e-28 -7.96905e-13 -1.38927e-27  3.96373e-12  9.74493e-27 -1.61459e-11 -5.78696e-26  5.44826e-11   3.0606e-25 -1.53313e-10 -1.42073e-24  3.60652e-10  5.70756e-24  -7.0797e-10 -1.97806e-23  1.15179e-09  5.93523e-23 -1.53111e-09 -1.55119e-22  1.61892e-09  3.55166e-22 -1.28871e-09 -7.15291e-22  6.68745e-10  1.26856e-21 -9.10339e-11 -1.97563e-21 -1.74341e-10  2.67963e-21  1.36304e-10  -3.1128e-21 -9.57928e-12  2.99651e-21 -3.97037e-11 -2.21682e-21  1.54519e-11  9.65987e-22  7.96975e-12   2.9305e-22 -5.68196e-12 -1.07439e-21 -1.53042e-12   1.1696e-21  1.52588e-12 -7.56553e-22  3.72847e-13  2.25214e-22 -3.33737e-13  1.14807e-22 -1.10529e-13 -1.93746e-22  5.49334e-14  1.21759e-22  3.00416e-14 -3.23016e-23 -4.43804e-15  -1.3238e-23 -6.06106e-15  1.97265e-23 -6.97351e-16 -1.16838e-23  7.25589e-16  4.29055e-24  2.88491e-16 -8.90729e-25 -1.24438e-17 -5.25114e-27 -3.74268e-17  5.55215e-26 -9.64174e-18  7.01705e-29  8.10704e-19 -1.12978e-26  1.10433e-18  3.80518e-27  2.64504e-19 -7.60762e-29 -1.90758e-21  2.70825e-28 -1.77376e-20 -5.98469e-28 -4.94519e-21  3.09815e-28 -4.66394e-22  -2.3986e-29  9.55056e-23 -3.08896e-29  4.23769e-23  6.15373e-30  7.12413e-24  2.37817e-30  4.39571e-25 -4.97285e-31 -7.36053e-26 -1.80484e-31 -2.30659e-26  2.21377e-32  -3.0098e-27  1.11016e-32 -2.03213e-28 -9.59078e-35 -4.82174e-31 -4.56583e-34  1.39261e-30  -2.2162e-35   1.5037e-31  5.85017e-36  8.25709e-33   7.0133e-37  2.37017e-34  6.27481e-39  2.06955e-36 -2.98251e-39  -4.2002e-38 -4.57911e-41
-9.87754e-33 -1.52466e-18  3.03215e-31  5.52643e-17 -3.35777e-30 -1.05154e-15  2.03523e-29  1.32002e-14 -7.22357e-29 -1.20669e-13  1.08988e-28  8.48257e-13  4.11194e-28  -4.7424e-12 -4.35255e-27  2.15544e-11  2.73347e-26 -8.08001e-11   -1.598e-25  2.52086e-10  8.67437e-25 -6.57617e-10 -4.10926e-24  1.43532e-09  1.65319e-23 -2.61109e-09 -5.64415e-23  3.92136e-09  1.65005e-22 -4.77287e-09 -4.17498e-22  4.54421e-09   9.2278e-22  -3.1311e-09 -1.79324e-21  1.21584e-09  3.07235e-21  1.82627e-10 -4.63202e-21 -5.56131e-10  6.09642e-21   2.4936e-10 -6.88768e-21  6.88084e-11  6.46271e-21 -1.04316e-10 -4.67597e-21  8.97936e-12  2.02297e-21  2.84032e-11  5.08815e-22 -6.62168e-12 -1.98895e-21 -6.95707e-12  2.11287e-21  1.88111e-12 -1.31984e-21  1.70035e-12  3.74076e-22 -3.20408e-13  1.91249e-22 -3.97602e-13 -3.04195e-22  1.03149e-14  1.83082e-22  7.74848e-14 -4.83804e-23  1.33157e-14 -1.49331e-23 -1.00403e-14   2.3019e-23 -4.48458e-15 -1.30565e-23  3.04621e-16  4.56656e-24  6.85179e-16 -8.84132e-25  1.55449e-16 -2.44938e-26 -3.29807e-17  4.77177e-26 -2.59857e-17  1.67502e-26 -4.64108e-18 -2.17951e-26  8.46944e-19  7.19144e-27  6.13639e-19 -3.35234e-28  1.22086e-19  9.64754e-29 -2.73287e-21 -6.79412e-28 -7.47599e-21  4.30397e-28 -1.91043e-21 -4.99676e-29 -1.87654e-22  -4.0801e-29  2.21852e-23  9.83059e-30  1.10568e-23  2.81769e-30  1.88136e-24 -7.14101e-31   1.4961e-25 -1.97506e-31 -4.84758e-27  2.77333e-32 -2.95936e-27  1.20675e-32 -4.03709e-28  -1.3662e-34 -2.99307e-29 -4.53854e-34 -1.01075e-30  -2.2793e-35  2.90788e-32  4.68818e-36  4.97291e-33  5.72147e-37  2.35634e-34  5.10466e-39  4.96212e-36 -1.38408e-39  3.08119e-38
 3.67228e-19  -1.8195e-31 -2.37356e-17  3.07623e-30  6.01155e-16 -2.51291e-29 -9.22167e-15  1.21016e-28  9.89003e-14 -3.46865e-28 -7.96905e-13  4.11194e-28   5.0336e-12  1.12889e-27 -2.56092e-11 -8.07314e-27  1.06839e-10  4.14623e-26  -3.6978e-10 -2.85991e-25  1.06913e-09  1.90841e-24 -2.58951e-09 -1.01358e-23  5.24763e-09  4.26238e-23  -8.8441e-09 -1.46148e-22    1.224e-08   4.1988e-22 -1.35818e-08 -1.03228e-21  1.15226e-08   2.2056e-21 -6.65469e-09 -4.13821e-21  1.52955e-09  6.85341e-21  1.29115e-09 -1.00123e-20 -1.35594e-09  1.28048e-20  2.69386e-10 -1.40923e-20  3.28983e-10  1.29072e-20 -1.95704e-10 -9.14026e-21 -4.83094e-11  3.91743e-21  6.53476e-11  8.20156e-22  5.24132e-12 -3.42772e-21 -1.74416e-11  3.54457e-21 -1.09538e-12 -2.12967e-21  4.08169e-12  5.67966e-22  5.62684e-13  2.97219e-22  -7.9745e-13 -4.37258e-22 -2.31346e-13  2.46657e-22  1.07747e-13 -6.01835e-23  6.27195e-14  -1.8676e-23 -3.35306e-15  2.62107e-23  -1.0401e-14 -1.40852e-23 -2.26344e-15  4.78163e-24     7.37e-16 -9.09717e-25  4.84099e-16 -3.11175e-26  6.06077e-17  4.16718e-26 -3.08346e-17  3.13022e-26 -1.48347e-17 -3.26692e-26 -1.89732e-18  1.19075e-26  5.41713e-19 -1.16787e-27  2.85664e-19 -1.60447e-28  4.99997e-20 -6.67943e-28 -9.51751e-22  5.54872e-28 -2.53775e-21 -8.55466e-29 -6.16847e-22 -5.04808e-29 -6.51133e-23  1.41464e-29  2.70175e-24  3.11963e-30  2.15116e-24 -9.48235e-31  3.75778e-25 -1.99974e-31  3.40082e-26  3.36835e-32  8.14804e-28  1.21978e-32 -2.14678e-28 -2.24612e-34 -3.31973e-29 -4.14353e-34  -2.4461e-30  -2.0864e-35 -9.83473e-32   3.3677e-36 -1.43793e-33  4.02287e-37  4.04622e-35  2.90011e-39  1.61369e-36  -4.4101e-40
 7.04273e-32  7.72594e-18 -2.21472e-30  -2.8512e-16  2.52936e-29  5.52777e-15 -1.59722e-28 -7.07646e-14  6.17114e-28  6.60286e-13 -1.38927e-27  -4.7424e-12  1.12889e-27  2.71193e-11   9.7394e-28 -1.26229e-10  1.57984e-26  4.85265e-10 -1.27696e-25  -1.5551e-09  2.00875e-25  4.17501e-09  2.20014e-24 -9.39997e-09 -1.98664e-23  1.76927e-08  9.65388e-23 -2.76047e-08  -3.4355e-22  3.51192e-08  9.81649e-22 -3.53153e-08 -2.35476e-21  2.62891e-08  4.86877e-21 -1.19983e-08 -8.82062e-21  9.73233e-11  1.41245e-20  4.30602e-09 -2.00139e-20 -2.57738e-09   2.4912e-20 -2.00804e-10 -2.67598e-20  9.15418e-10  2.39669e-20  -2.2003e-10 -1.66271e-20 -2.21655e-10  7.04478e-21  9.89117e-11  1.23801e-21  5.02163e-11   -5.524e-21 -2.78484e-11  5.54075e-21 -1.25075e-11 -3.18215e-21  5.84743e-12  7.80459e-22  3.29875e-12   4.3969e-22 -7.91052e-13 -5.81472e-22 -7.73798e-13  2.99828e-22 -1.66348e-15 -6.19955e-23  1.32749e-13 -2.54117e-23  3.16428e-14  2.91841e-23 -1.17547e-14 -1.48404e-23 -7.54005e-15  5.06481e-24 -6.21274e-16 -1.01816e-24  7.03785e-16 -1.98765e-26  2.75434e-16  4.22919e-26  1.39211e-17  3.79527e-26 -2.02077e-17 -4.10356e-26 -7.18474e-18  1.77515e-26 -6.88807e-19 -2.85339e-27  2.57061e-19 -4.75354e-28  1.12034e-19  -5.2612e-28  1.81632e-20  6.68951e-28 -1.22438e-23 -1.28798e-28 -6.77741e-22 -5.86288e-29 -1.61908e-22  1.86278e-29 -1.82981e-23  3.19707e-30 -2.32943e-25 -1.17148e-30    2.868e-25 -1.85402e-31  5.34526e-26  3.95285e-32  5.09747e-27  1.14554e-32   2.3988e-28 -3.35826e-34 -3.70989e-30 -3.46891e-34 -1.40179e-30 -1.71088e-35  -9.8428e-32  2.14614e-36 -3.40742e-33  2.39239e-37 -5.28997e-35  1.07906e-39  -1.6485e-37
-1.65472e-18  1.18906e-30  1.08905e-16  -2.0686e-29  -2.8108e-15  1.74294e-28  4.39751e-14 -8.72962e-28 -4.81432e-13  2.68577e-27  3.96373e-12 -4.35255e-27 -2.56092e-11   9.7394e-28  1.33426e-10 -1.34361e-26 -5.70795e-10  2.55809e-25  2.02886e-09 -1.51449e-24 -6.03482e-09  4.86874e-24  1.50694e-08 -6.46094e-24 -3.15672e-08 -2.29432e-23  5.51856e-08   1.8598e-22 -7.96101e-08  -7.3189e-22  9.27821e-08  2.11636e-21 -8.38485e-08 -4.97668e-21  5.34665e-08  9.96195e-21 -1.69019e-08 -1.74152e-20  -6.7839e-09  2.69581e-20  1.06249e-08 -3.70833e-20 -3.50016e-09  4.50139e-20 -1.98113e-09 -4.73099e-20  1.84456e-09  4.15258e-20  9.34556e-11 -2.82538e-20 -5.64021e-10  1.18073e-20  5.29894e-11  1.77211e-21  1.47362e-10 -8.36252e-21 -1.73969e-11  8.09677e-21 -3.61794e-11 -4.40743e-21  1.57405e-12   9.5788e-22  8.03044e-12  6.25517e-22  8.16397e-13 -7.19279e-22 -1.40502e-12  3.27786e-22 -4.28781e-13 -4.88367e-23  1.40881e-13 -3.53458e-23  1.01762e-13   3.1718e-23  6.04822e-15 -1.54498e-23 -1.20541e-14  5.53475e-24 -4.19781e-15 -1.23458e-24  1.38808e-16  1.18976e-26  4.78023e-16  5.00204e-26  1.31225e-16   3.1585e-26 -1.16401e-18 -4.31198e-26 -1.04224e-17  2.40982e-26 -3.00537e-18 -5.58326e-27  -2.3672e-19 -8.06891e-28  9.44413e-20 -2.40246e-28  3.67726e-20  7.59514e-28  5.74719e-21 -1.75097e-28  1.43719e-22 -6.39262e-29 -1.35991e-22  2.26318e-29 -3.32175e-23  2.97805e-30  -3.9375e-24 -1.35342e-30 -1.79837e-25 -1.54565e-31  2.13665e-26  4.45404e-32  4.95919e-27   9.9921e-33   4.7656e-28 -4.30394e-34  2.53432e-29 -2.65438e-34  5.47363e-31 -1.25973e-35 -1.74121e-32   1.1922e-36 -1.42412e-33   1.1634e-37  -2.9407e-35  1.93262e-40
-4.12987e-31 -3.16497e-17  1.33927e-29  1.19044e-15 -1.57573e-28  -2.3542e-14  1.02748e-27  3.07682e-13 -4.12447e-27 -2.93374e-12  9.74493e-27  2.15544e-11 -8.07314e-27 -1.26229e-10 -1.34361e-26   6.0246e-10 -1.20693e-25 -2.37825e-09  1.63296e-24  7.83901e-09 -8.68075e-24 -2.16884e-08  2.85816e-23  5.04417e-08 -5.83457e-23 -9.83686e-08  3.35674e-23  1.59661e-07   2.7805e-22 -2.12557e-07 -1.40653e-21   2.2586e-07  4.22527e-21 -1.81247e-07 -9.79011e-21  9.50339e-08    1.896e-20 -1.29107e-08  -3.1923e-20 -2.59449e-08  4.77237e-20  2.08032e-08 -6.37878e-20 -1.73708e-09  7.56993e-20 -6.19979e-09 -7.80927e-20  2.61792e-09  6.73593e-20  1.23185e-09 -4.50048e-20 -9.91569e-10  1.85014e-20 -2.26227e-10  2.44573e-21  2.77426e-10 -1.19445e-20  5.49956e-11  1.10933e-20 -6.43481e-11 -5.65886e-21 -1.77619e-11  1.02314e-21  1.16445e-11  8.58073e-22  5.37558e-12 -8.28579e-22  -1.2144e-12   3.1655e-22 -1.20741e-12 -1.79922e-23 -8.03096e-14 -4.77009e-23  1.65302e-13  3.35325e-23  5.56887e-14 -1.60613e-23 -6.09812e-15  6.24095e-24 -8.49499e-15 -1.53632e-24 -1.85113e-15   6.4517e-26  2.96891e-16  5.75721e-26   2.5886e-16  9.53362e-27  5.39011e-17 -3.49704e-26 -2.92203e-18  2.99595e-26 -4.39511e-18 -9.36425e-27 -1.09347e-18 -1.11201e-27  -8.0858e-20  1.66191e-28   2.6737e-20  8.17816e-28  9.91837e-21 -2.17275e-28  1.53165e-21 -6.52755e-29   7.6488e-23  2.54757e-29 -1.86604e-23  2.43157e-30 -5.04672e-24 -1.46957e-30 -6.13602e-25 -1.11968e-31 -3.83344e-26  4.78199e-32  7.93286e-29  8.10053e-33  2.55166e-28 -4.71569e-34  2.48826e-29 -1.84615e-34  1.22827e-30 -8.31683e-36  3.08271e-32  5.60557e-37  2.30815e-34  4.33951e-38 -2.23243e-36
 6.07042e-18 -6.48706e-30 -4.07273e-16  1.16407e-28   1.0724e-14 -1.01208e-27 -1.71316e-13  5.24828e-27  1.91687e-12  -1.6792e-26 -1.61459e-11  2.73347e-26  1.06839e-10  1.57984e-26 -5.70795e-10 -1.20693e-25  2.50733e-09 -6.86166e-25 -9.16531e-09  7.92373e-24  2.80869e-08 -3.87496e-23 -7.24127e-08  1.23581e-22  1.57031e-07 -2.69263e-22 -2.85168e-07  3.32686e-22  4.29378e-07  2.02432e-22 -5.26122e-07 -2.41579e-21  5.06368e-07  7.85618e-21 -3.54394e-07 -1.80271e-20  1.41037e-07  3.36921e-20  2.01577e-08 -5.44278e-20  -6.6505e-08  7.84151e-20  3.16197e-08 -1.01929e-19  7.68844e-09  1.18659e-19 -1.34446e-08 -1.20659e-19  1.65788e-09  1.02622e-19  3.70123e-09 -6.74208e-20 -1.07283e-09  2.71776e-20 -9.18637e-10  3.31727e-21  3.20275e-10 -1.61631e-20  2.32641e-10   1.4283e-20 -6.29262e-11 -6.72283e-21 -5.81464e-11  8.89954e-22  5.51861e-12  1.13263e-21  1.24505e-11 -8.85605e-22  1.39818e-12  2.56249e-22 -1.85654e-12  2.99051e-23 -6.73895e-13  -6.0782e-23   1.0434e-13   3.4394e-23  1.22201e-13 -1.68154e-23  2.15416e-14  7.12727e-24 -8.00144e-15  -1.8432e-24 -4.70959e-15   1.3571e-25 -6.50228e-16  4.91343e-26  2.16457e-16 -2.70363e-26  1.16851e-16 -1.35394e-26  1.96036e-17  3.42202e-26 -1.58238e-18 -1.39456e-26 -1.53107e-18 -1.36809e-27 -3.44429e-19  6.28548e-28 -2.68528e-20  8.41386e-28  5.58477e-21 -2.46691e-28  2.13186e-21 -6.20319e-29  3.29002e-22  2.66171e-29  2.26986e-23  1.58999e-30 -1.31196e-24 -1.50778e-30 -5.23632e-25 -6.50936e-32 -6.47044e-26  4.85219e-32 -4.39247e-27  6.11712e-33 -1.30334e-28 -4.43714e-34  4.27486e-30 -1.15704e-34  5.78174e-31 -4.89447e-36   2.2507e-32  2.11879e-37  3.41167e-34  1.06406e-38
 2.03556e-30  1.06253e-16 -6.82581e-29 -4.07815e-15  8.29329e-28  8.23675e-14 -5.59585e-27 -1.10043e-12  2.33856e-26  1.07364e-11 -5.78696e-26 -8.08001e-11  4.14623e-26  4.85265e-10  2.55809e-25 -2.37825e-09 -6.86166e-25  9.65453e-09 -3.17037e-24 -3.27799e-08   3.2758e-23  9.36061e-08 -1.48659e-22 -2.25234e-07   4.5194e-22  4.55796e-07 -9.78849e-22 -7.70753e-07  1.39484e-21  1.07515e-06 -5.59875e-22 -1.20805e-06 -3.64285e-21  1.04343e-06  1.37207e-20 -6.18835e-07  -3.1298e-20  1.52156e-07  5.61415e-20  1.18808e-07 -8.64286e-20 -1.34359e-07  1.19528e-19  3.12439e-08  -1.5124e-19  3.19779e-08  1.73531e-19 -2.17378e-08 -1.74916e-19 -4.02599e-09  1.47303e-19  7.36628e-09 -9.52905e-20  1.42404e-10  3.75113e-20  -2.0281e-09  4.49842e-21   9.1281e-12 -2.07952e-20  5.01198e-10  1.73071e-20  3.34158e-11 -7.35152e-21 -1.06925e-10  4.84942e-22 -2.25752e-11   1.4325e-21  1.68565e-11 -8.68952e-22  7.57975e-12  1.43925e-22 -1.13846e-12  9.05291e-23 -1.48481e-12 -7.22865e-23 -2.27778e-13  3.42283e-23  1.37494e-13 -1.78447e-23  6.82728e-14  8.03904e-24  4.67286e-15 -2.02568e-24   -5.669e-15  2.19344e-25 -2.16815e-15  2.94855e-27 -1.80397e-16 -7.27816e-26  1.10013e-16  2.21811e-26  4.48666e-17  3.60031e-26  6.45424e-18 -1.88017e-26 -5.32195e-19 -1.59395e-27 -4.37748e-19  1.04966e-27 -9.22991e-20  8.33975e-28 -7.98044e-21 -2.55208e-28  7.59737e-22 -5.41797e-29  3.48545e-22  2.58258e-29  5.40698e-23   5.5618e-31  4.34838e-24 -1.47012e-30  5.19051e-26 -2.24014e-32 -3.18797e-26  4.61529e-32 -4.17901e-27  4.32088e-33 -2.73665e-28 -3.58722e-34 -9.60405e-30 -6.45157e-35 -1.10977e-31 -2.53539e-36  3.03898e-33  5.81465e-38   6.6603e-35
-1.83226e-17  2.99782e-29  1.25475e-15 -5.56508e-28 -3.37519e-14  5.00664e-27   5.5131e-13 -2.69943e-26  -6.3134e-12  9.09465e-26  5.44826e-11   -1.598e-25  -3.6978e-10 -1.27696e-25  2.02886e-09  1.63296e-24 -9.16531e-09 -3.17037e-24   3.4509e-08 -1.27679e-23 -1.09128e-07   1.2043e-22   2.9096e-07 -5.09507e-22 -6.54259e-07  1.46725e-21  1.23622e-06  -3.0779e-21 -1.94576e-06  4.51128e-21  2.50959e-06 -3.26457e-21 -2.57269e-06 -4.65063e-21  1.96765e-06  2.28107e-20 -9.39775e-07 -5.17314e-20  3.57806e-08   8.8184e-20   3.3261e-07 -1.27918e-19 -2.18877e-07  1.68645e-19 -5.57961e-09  -2.0795e-19    7.679e-08  2.36824e-19 -2.35587e-08 -2.38473e-19 -1.80535e-08  1.99853e-19  1.03005e-08 -1.27446e-19  3.94435e-09  4.87314e-20 -3.02128e-09  6.15377e-21 -1.00137e-09 -2.55114e-20  6.94634e-10  1.97409e-20  2.90803e-10 -7.31264e-21 -1.15028e-10 -2.28953e-22 -7.77573e-11  1.72818e-21  7.40148e-12 -7.64073e-22  1.55377e-11 -1.49133e-23  2.45575e-12  1.56326e-22 -1.77899e-12 -7.97047e-23  -8.3701e-13  3.31763e-23 -3.71445e-15 -1.93013e-23  1.00263e-13  8.77647e-24  3.06105e-14 -1.93019e-24 -7.28418e-16  3.03816e-25 -2.99909e-15 -1.03201e-25 -8.54932e-16  -1.1927e-25 -3.93894e-17  7.03911e-26  4.34989e-17  3.50492e-26  1.47411e-17 -2.31916e-26  1.93851e-18 -1.85898e-27 -1.15914e-19   1.3208e-27 -1.00572e-19  8.03605e-28 -2.04238e-20 -2.37618e-28 -1.94597e-21 -4.24065e-29  3.50323e-23  2.32761e-29  4.02652e-23 -5.12543e-31  6.37869e-24 -1.36969e-30  5.40002e-25  9.22712e-33   2.0981e-26  4.08203e-32 -6.71757e-28  2.87148e-33 -1.38188e-28 -2.47637e-34 -8.04661e-30  -3.1422e-35 -2.24831e-31 -1.12774e-36 -2.44886e-33  8.87375e-39
-8.52436e-30 -2.94654e-16  2.96719e-28  1.15569e-14  -3.7337e-27 -2.38741e-13  2.61524e-26   3.2654e-12  -1.1457e-25 -3.26493e-11   3.0606e-25  2.52086e-10 -2.85991e-25  -1.5551e-09 -1.51449e-24  7.83901e-09  7.92373e-24 -3.27799e-08 -1.27679e-23  1.14842e-07 -4.62109e-23 -3.39065e-07  4.02199e-22  8.45555e-07  -1.5912e-21 -1.77872e-06  4.32862e-21  3.13896e-06 -8.68865e-21 -4.59482e-06  1.25505e-20  5.46447e-06 -1.05072e-20 -5.07531e-06 -4.59971e-21  3.36782e-06  3.68186e-20 -1.16374e-06 -8.24168e-20 -3.73209e-07  1.31435e-19  7.01988e-07 -1.76438e-19 -2.71646e-07  2.19135e-19 -1.17018e-07 -2.63763e-19  1.37185e-07  3.01446e-19 -3.68391e-09 -3.06514e-19 -4.17169e-08  2.57134e-19   7.6961e-09 -1.61738e-19  1.10431e-08  5.96454e-20 -2.49633e-09   8.4688e-21 -2.84571e-09 -2.98998e-20  4.34969e-10  2.11623e-20  6.92113e-10   -6.444e-21  1.88554e-12 -1.23553e-21 -1.39154e-10  1.98086e-21 -2.81164e-11 -5.67125e-22  1.81817e-11 -2.06564e-22  9.07782e-12  2.17687e-22 -3.59818e-13 -8.06657e-23 -1.37081e-12  3.15527e-23 -3.51607e-13 -2.13922e-23  5.62653e-14   9.1737e-24  5.47747e-14 -1.41446e-24  1.13514e-14  3.71971e-25 -1.30142e-15 -2.85336e-25 -1.28464e-15 -1.57447e-25 -2.94821e-16  1.26435e-25 -7.46216e-18  3.19756e-26  1.37656e-17 -2.62936e-26  4.11878e-18 -2.27204e-27  5.22334e-19  1.35009e-27 -1.19724e-20  7.59491e-28 -1.78701e-20 -1.93694e-28 -3.58001e-21 -2.80416e-29 -3.63458e-22  1.95092e-29 -9.78939e-24 -1.44216e-30   2.8465e-24 -1.22457e-30  4.94691e-25  2.65405e-32  4.11654e-26   3.3296e-32  1.87491e-27  1.80538e-33  2.86097e-29 -1.43768e-34  -1.4512e-30 -1.30157e-35 -7.57897e-32 -4.08938e-37 -8.76402e-34
 4.57457e-17 -1.18456e-28 -3.20257e-15  2.28282e-27  8.81452e-14 -2.13099e-26 -1.47455e-12  1.19873e-25   1.7311e-11 -4.29517e-25 -1.53313e-10  8.67437e-25  1.06913e-09  2.00875e-25 -6.03482e-09 -8.68075e-24  2.80869e-08   3.2758e-23 -1.09128e-07 -4.62109e-23  3.56771e-07 -1.52809e-22 -9.85578e-07  1.23546e-21  2.30234e-06 -4.58123e-21 -4.53472e-06  1.17597e-20  7.47401e-06  -2.2444e-20 -1.01614e-05  3.12936e-20  1.11009e-05 -2.69949e-20 -9.24935e-06  -2.4807e-21  5.15045e-06  5.91618e-20 -9.30085e-07 -1.28383e-19 -1.30174e-06  1.87412e-19  1.20638e-06 -2.26455e-19 -1.84909e-07  2.59518e-19 -3.40023e-07 -3.05888e-19  1.84132e-07  3.57308e-19  5.84688e-08  -3.7244e-19 -6.86226e-08  3.14794e-19   -7.815e-09 -1.95225e-19  1.98008e-08  6.87752e-20  1.67182e-09  1.15836e-20 -4.94406e-09 -3.35018e-20 -7.65812e-10   2.1228e-20  1.02427e-09  -4.6978e-21   3.1611e-10 -2.46122e-21 -1.45584e-10  2.14984e-21 -8.91803e-11 -2.86971e-22  4.28207e-12 -4.11361e-22  1.53865e-11  2.64653e-22  3.53762e-12 -7.31786e-23 -1.09309e-12  2.97115e-23 -7.65238e-13 -2.43915e-23 -1.06546e-13   9.1688e-24  4.66634e-14 -3.82061e-25  2.43691e-14  4.04327e-25  3.56915e-15 -5.47781e-25 -7.43093e-16  -1.8082e-25 -4.59126e-16  1.83587e-25 -8.99864e-17   2.8286e-26 -1.84473e-18 -2.73874e-26  3.47573e-18 -2.94798e-27   9.6101e-19  1.08986e-27  1.21303e-19   7.0903e-28  1.75365e-21 -1.29006e-28  -2.2984e-21 -1.28488e-29 -4.70602e-22  1.52691e-29 -4.89183e-23 -2.08942e-30  -2.4067e-24 -1.05239e-30  7.21447e-26  3.05266e-32  2.17737e-26  2.48273e-32  1.71323e-27  1.07553e-33  6.99005e-29 -6.81481e-35  1.35422e-30 -4.40413e-36  5.32192e-33 -1.05327e-37
 3.05434e-29  6.77082e-16 -1.10896e-27 -2.71855e-14  1.44974e-26  5.75418e-13 -1.05667e-25 -8.07201e-12  4.86799e-25  8.28634e-11 -1.42073e-24 -6.57617e-10  1.90841e-24  4.17501e-09  4.86874e-24 -2.16884e-08 -3.87496e-23  9.36061e-08   1.2043e-22 -3.39065e-07 -1.52809e-22  1.03712e-06 -4.66346e-22 -2.68594e-06  3.51852e-21  5.88527e-06 -1.22522e-20 -1.08599e-05  2.96701e-20  1.67111e-05 -5.36559e-20 -2.10616e-05  7.13789e-20  2.10272e-05 -6.02787e-20 -1.54921e-05  1.97211e-21  6.80982e-06  9.68921e-20  3.97592e-07 -1.98203e-19 -2.96133e-06  2.58076e-19  1.68347e-06 -2.69366e-19  2.10977e-07   2.7407e-19 -6.75555e-07 -3.18642e-19  1.53207e-07  3.93228e-19  1.77658e-07 -4.29215e-19 -7.89752e-08  3.67926e-19 -4.26976e-08 -2.24509e-19  2.43248e-08  7.45869e-20  1.11819e-08  1.55069e-20 -5.55777e-09   -3.586e-20 -3.13127e-09  1.97431e-20  8.31929e-10 -2.16202e-21  7.88404e-10 -3.78568e-21 -9.80827e-12  2.20184e-21 -1.45773e-10  5.53749e-23 -3.37563e-11 -6.07491e-22   1.4025e-11  2.88881e-22  8.78518e-12 -5.58039e-23  6.84627e-13  2.78651e-23 -8.63815e-13 -2.86044e-23 -3.39886e-13  8.83185e-24 -1.84146e-14  1.19446e-24  2.49831e-14  3.85804e-25  9.17153e-15 -8.80729e-25  9.85521e-16 -1.88264e-25 -2.89501e-16  2.34467e-25 -1.38068e-16    2.608e-26 -2.42969e-17 -2.60335e-26 -7.02841e-19 -3.95991e-27   6.8201e-19  5.54114e-28    1.816e-19  6.56013e-28  2.30139e-20 -5.39387e-29  9.96113e-22  1.29502e-30 -1.86531e-22  1.12725e-29 -4.30038e-23 -2.38098e-30 -4.42178e-24 -8.67792e-31 -2.49727e-25  2.53617e-32 -4.62182e-27  1.67552e-32  3.80021e-28  6.02637e-34   3.0515e-29 -2.48622e-35  8.56199e-31 -1.13779e-36  7.21559e-33
-9.45288e-17   4.0263e-28  6.77848e-15 -8.08934e-27 -1.91269e-13  7.85627e-26  3.28349e-12 -4.61817e-25 -3.95982e-11  1.76245e-24  3.60652e-10 -4.10926e-24 -2.58951e-09  2.20014e-24  1.50694e-08  2.85816e-23 -7.24127e-08 -1.48659e-22   2.9096e-07  4.02199e-22 -9.85578e-07 -4.66346e-22  2.82718e-06 -1.32231e-21 -6.87621e-06  9.34152e-21  1.41482e-05  -3.0599e-20 -2.44682e-05  6.99232e-20  3.51272e-05 -1.19594e-19 -4.09318e-05  1.50722e-19  3.70794e-05 -1.21019e-19 -2.36279e-05  6.30485e-21  7.14713e-06  1.63503e-19  3.70075e-06  -3.0591e-19 -5.37319e-06  3.46501e-19  1.74612e-06 -2.94225e-19  1.10279e-06  2.44941e-19 -1.03584e-06 -2.86698e-19 -5.11213e-08   3.9986e-19  3.41443e-07 -4.71055e-19 -3.86139e-08  4.11811e-19 -9.51744e-08 -2.46164e-19  1.42034e-08   7.5775e-20  2.50421e-08  2.00419e-20 -1.96212e-09  -3.6579e-20   -6.035e-09  1.67077e-20 -4.25509e-10  9.47406e-22  1.16515e-09 -5.06382e-21  3.20062e-10  2.11954e-21 -1.34806e-10  4.29601e-22 -8.70682e-11 -7.75522e-22 -2.79273e-12  2.85596e-22  1.15109e-11 -2.78188e-23  3.76407e-12  2.59299e-23 -2.17352e-13 -3.42845e-23 -4.70848e-13   8.3376e-24 -1.25326e-13  3.26824e-24  2.02896e-15   3.1382e-25   1.0338e-14 -1.26164e-24  2.98065e-15 -1.85244e-25  2.52585e-16  2.72653e-25 -8.50844e-17  2.75032e-26 -3.47169e-17 -2.21961e-26 -5.70612e-18 -5.29408e-27   -2.556e-19 -1.80364e-28  9.82239e-20  6.00729e-28  2.65856e-20  1.89108e-29   3.3599e-21  1.27688e-29  2.04288e-22  8.01066e-30 -5.51244e-24 -2.32887e-30 -2.41818e-24 -6.82775e-31  -2.4263e-25  1.63237e-32 -1.30362e-26  1.01105e-32  -3.5374e-28  3.11353e-34 -1.54631e-30 -6.03261e-36  1.16727e-31 -1.93498e-37
-9.39593e-29 -1.28707e-15  3.58161e-27  5.30177e-14  -4.8825e-26  -1.1524e-12  3.71037e-25  1.66179e-11 -1.79749e-24 -1.75548e-10  5.70756e-24  1.43532e-09 -1.01358e-23 -9.39997e-09 -6.46094e-24  5.04417e-08  1.23581e-22 -2.25234e-07 -5.09507e-22  8.45555e-07  1.23546e-21 -2.68594e-06 -1.32231e-21  7.24136e-06     -3.5e-21 -1.65665e-05   2.3213e-20  3.20385e-05  -7.1635e-20 -5.19358e-05  1.54565e-19  6.94818e-05 -2.49808e-19 -7.45823e-05  2.96888e-19  6.06895e-05 -2.22161e-19 -3.22423e-05  2.14545e-21  4.06269e-06  2.82078e-19  9.87227e-06 -4.72303e-19 -8.10209e-06  4.57012e-19  7.58318e-07 -2.88994e-19  2.57932e-06  1.55654e-19 -1.19532e-06 -1.99474e-19 -5.20011e-07  3.72856e-19  4.85072e-07 -4.94827e-19  9.04746e-08  4.42465e-19 -1.46215e-07  -2.5716e-19 -2.18638e-08  7.15392e-20  3.71041e-08  2.47631e-20  8.20381e-09 -3.53958e-20 -7.56569e-09  1.23292e-20 -2.94419e-09  4.32096e-21  9.79946e-10 -6.15205e-21  7.66952e-10  1.90701e-21  1.16984e-11  8.00215e-22 -1.21701e-10 -9.02506e-22 -3.54667e-11  2.55069e-22  6.47432e-12  1.06105e-23  6.41542e-12  2.34736e-23  1.22989e-12 -4.15358e-23 -2.82908e-13  7.89527e-24 -2.03242e-13  5.73062e-24 -3.95133e-14  2.03967e-25  2.97741e-15 -1.65987e-24  3.48191e-15  -1.8275e-25   8.4382e-16  2.93991e-25  6.35807e-17  3.40856e-26 -1.90487e-17 -1.62694e-26 -7.15815e-18 -6.82708e-27 -1.12742e-18 -9.90272e-28 -6.92064e-20  5.41722e-28  9.10856e-21   7.8139e-29  2.82927e-21  2.05287e-29  3.52662e-22   5.6585e-30  2.39492e-23 -2.01703e-30  5.06945e-25 -5.08128e-31 -6.36244e-26  7.75011e-33 -6.78972e-27  5.36869e-33 -2.97705e-28  1.43427e-34 -5.98064e-30 -4.50622e-37  -3.3643e-32
