 6.55975e-13  7.55145e-26 -2.79241e-11 -2.42877e-24  4.33966e-10  2.56709e-23 -3.72025e-09 -1.61347e-22  1.96537e-08  6.81336e-22 -6.54204e-08 -1.99694e-21  1.31899e-07  4.06044e-21 -1.41799e-07 -5.56454e-21  5.50713e-08  4.75922e-21  6.95419e-09 -2.05896e-21  -2.0396e-09
 7.55145e-26    4.051e-11  1.13874e-24 -9.44191e-10 -2.27896e-23  1.06561e-08  1.76951e-22 -7.12345e-08  -8.7522e-22  2.99091e-07  2.98649e-21 -7.81793e-07 -7.10143e-21  1.17743e-06  1.16064e-20 -8.21512e-07 -1.25058e-20  8.64594e-08  7.96143e-21  5.94242e-08 -2.00301e-21
-2.79241e-11  1.13874e-24  1.18917e-09   8.1618e-24 -1.84905e-08 -1.04666e-22  1.58623e-07  5.87366e-22 -8.38718e-07 -2.24031e-21  2.79412e-06  5.97742e-21 -5.63205e-06 -1.09007e-20  6.01779e-06  1.32667e-20 -2.23042e-06 -1.04846e-20 -3.91955e-07  4.83513e-21  8.98869e-08
-2.42877e-24 -9.44191e-10   8.1618e-24  2.20198e-08  2.95029e-23 -2.48754e-07 -1.96429e-22  1.66532e-06  5.92344e-22 -7.00668e-06 -1.22481e-21  1.83605e-05  8.81505e-22 -2.76851e-05  3.15834e-21  1.91104e-05 -8.93144e-21 -1.51622e-06  7.70676e-21 -1.57871e-06 -1.25543e-21
 4.33966e-10 -2.27896e-23 -1.84905e-08  2.95029e-23  2.87809e-07  1.95459e-23 -2.47347e-06  4.32263e-22   1.3116e-05 -2.84093e-21 -4.38801e-05  9.59753e-21  8.89255e-05 -2.52532e-20 -9.53289e-05  4.87897e-20  3.42838e-05 -5.68604e-20  7.74722e-06  2.87908e-20 -1.51783e-06
 2.56709e-23  1.06561e-08 -1.04666e-22 -2.48754e-07  1.95459e-23   2.8155e-06 -3.14609e-22 -1.89113e-05  3.45191e-21    7.999e-05 -1.09848e-20 -0.000211264  2.49915e-20  0.000321814 -5.71878e-20 -0.000223306  1.02167e-19  1.32616e-05 -1.01195e-19  2.11151e-05  2.89179e-20
-3.72025e-09  1.76951e-22  1.58623e-07 -1.96429e-22 -2.47347e-06 -3.14609e-22  2.13308e-05 -1.40996e-21 -0.000113777  5.33982e-21  0.000384214  3.83435e-21 -0.000789527 -2.25648e-20    0.0008617 -9.33506e-21 -0.000310353  1.02402e-19 -8.39134e-05 -1.13387e-19   1.5382e-05
-1.61347e-22 -7.12345e-08  5.87366e-22  1.66532e-06  4.32263e-22 -1.89113e-05 -1.40996e-21  0.000127796 -9.58114e-22 -0.000546039  -2.8469e-20   0.00146535   1.5515e-19  -0.00228589 -3.04329e-19   0.00163561  2.46773e-19 -8.38023e-05  2.55745e-20 -0.000178705 -1.02151e-19
 1.96537e-08  -8.7522e-22 -8.38718e-07  5.92344e-22   1.3116e-05  3.45191e-21 -0.000113777 -9.58114e-22  0.000613194  1.68003e-20   -0.0021062 -2.09294e-19   0.00444529  6.66222e-19  -0.00505131 -1.01977e-18   0.00192192   7.4372e-19  0.000570119 -6.80317e-20 -0.000110041
 6.81336e-22  2.99091e-07 -2.24031e-21 -7.00668e-06 -2.84093e-21    7.999e-05  5.33982e-21 -0.000546039  1.68003e-20   0.00237383   9.8509e-20  -0.00655212 -7.25199e-19    0.0106851  1.72385e-18  -0.00819846 -2.15702e-18  0.000533859  1.28755e-18   0.00105319 -1.35522e-19
-6.54204e-08  2.98649e-21  2.79412e-06 -1.22481e-21 -4.38801e-05 -1.09848e-20  0.000384214  -2.8469e-20   -0.0021062   9.8509e-20    0.0074438  3.16663e-19   -0.0164528 -1.66738e-18    0.0201368  3.14474e-18  -0.00877508  -3.2497e-18   -0.0025188  1.48629e-18  0.000608147
-1.99694e-21 -7.81793e-07  5.97742e-21  1.83605e-05  9.59753e-21 -0.000211264  3.83435e-21   0.00146535 -2.09294e-19  -0.00655212  3.16663e-19    0.0189484  6.88312e-19    -0.033334  -2.7208e-18      0.02908  4.19473e-18  -0.00347955 -3.45063e-18  -0.00450723  9.73246e-19
 1.31899e-07 -7.10143e-21 -5.63205e-06  8.81505e-22  8.89255e-05  2.49915e-20 -0.000789527   1.5515e-19   0.00444529 -7.25199e-19   -0.0164528  6.88312e-19    0.0392437  1.04886e-18   -0.0544807 -3.19219e-18    0.0303721  4.05174e-18   0.00671736 -2.28424e-18  -0.00272105
 4.06044e-21  1.17743e-06 -1.09007e-20 -2.76851e-05 -2.52532e-20  0.000321814 -2.25648e-20  -0.00228589  6.66222e-19    0.0106851 -1.66738e-18    -0.033334  1.04886e-18    0.0664716  1.11815e-18   -0.0719635 -2.76451e-18    0.0183115  2.76791e-18    0.0139063 -6.74378e-19
-1.41799e-07  1.16064e-20  6.01779e-06  3.15834e-21 -9.53289e-05 -5.71878e-20    0.0008617 -3.04329e-19  -0.00505131  1.72385e-18    0.0201368  -2.7208e-18   -0.0544807  1.11815e-18    0.0932884  8.84585e-19   -0.0771214 -2.06801e-18  -0.00522262   1.3998e-18   0.00987669
-5.56454e-21 -8.21512e-07  1.32667e-20  1.91104e-05  4.87897e-20 -0.000223306 -9.33506e-21   0.00163561 -1.01977e-18  -0.00819846  3.14474e-18      0.02908 -3.19219e-18   -0.0719635  8.84585e-19     0.111769  7.33731e-19   -0.0661279 -1.73757e-18   -0.0273688  5.88937e-19
 5.50713e-08 -1.25058e-20 -2.23042e-06 -8.93144e-21  3.42838e-05  1.02167e-19 -0.000310353  2.46773e-19   0.00192192 -2.15702e-18  -0.00877508  4.19473e-18    0.0303721 -2.76451e-18   -0.0771214  7.33731e-19     0.121761  8.51199e-19   -0.0376544 -1.36502e-18   -0.0273992
 4.75922e-21  8.64594e-08 -1.04846e-20 -1.51622e-06 -5.68604e-20  1.32616e-05  1.02402e-19 -8.38023e-05   7.4372e-19  0.000533859  -3.2497e-18  -0.00347955  4.05174e-18    0.0183115 -2.06801e-18   -0.0661279  8.51199e-19     0.134193  9.66147e-19   0.00858577 -5.77646e-19
 6.95419e-09  7.96143e-21 -3.91955e-07  7.70676e-21  7.74722e-06 -1.01195e-19 -8.39134e-05  2.55745e-20  0.000570119  1.28755e-18   -0.0025188 -3.45063e-18   0.00671736  2.76791e-18  -0.00522262 -1.73757e-18   -0.0376544  9.66147e-19     0.157528  9.40324e-19    0.0445324
-2.05896e-21  5.94242e-08  4.83513e-21 -1.57871e-06  2.87908e-20  2.11151e-05 -1.13387e-19 -0.000178705 -6.80317e-20   0.00105319  1.48629e-18  -0.00450723 -2.28424e-18    0.0139063   1.3998e-18   -0.0273688 -1.36502e-18   0.00858577  9.40324e-19     0.159857  6.80736e-19
 -2.0396e-09 -2.00301e-21  8.98869e-08 -1.25543e-21 -1.51783e-06  2.89179e-20   1.5382e-05 -1.02151e-19 -0.000110041 -1.35522e-19  0.000608147  9.73246e-19  -0.00272105 -6.74378e-19   0.00987669  5.88937e-19   -0.0273992 -5.77646e-19    0.0445324  6.80736e-19    0.0863574
