    0.113956 -5.05562e-13    0.0802053 -1.20531e-13  -0.00526802  7.38429e-14   -0.0157699  3.52235e-14  -0.00215004 -5.02504e-15   0.00203852 -6.50855e-15  0.000818606 -1.10129e-15 -1.31174e-06  3.04218e-16 -6.09392e-05  1.32913e-16 -1.21982e-05  1.35483e-17 -5.23796e-07
-5.05562e-13     0.142776 -4.48219e-13    0.0533448   -2.939e-14   -0.0181246  9.84746e-14   -0.0179282  3.66169e-14  -0.00162503 -8.61796e-15   0.00290248 -9.22879e-15   0.00121314 -1.86095e-15  5.80549e-05   2.7435e-16 -6.63394e-05   1.4962e-16 -1.33208e-05  1.28356e-17
   0.0802053 -4.48219e-13     0.100475 -2.83724e-13    0.0291817  1.19732e-14   -0.0202934  9.68703e-14   -0.0174315  3.60429e-14  -0.00158786 -9.28873e-15   0.00320284 -1.06275e-14     0.001495 -2.65249e-15  0.000169319  3.14199e-17 -3.69737e-05  9.05563e-17 -6.84266e-06
-1.20531e-13    0.0533448 -2.83724e-13    0.0664081 -1.96315e-13    0.0200036  1.93846e-14   -0.0191647  9.15525e-14   -0.0169732  3.70471e-14  -0.00206212  -7.8264e-15   0.00308353  -1.0884e-14   0.00163687  -3.2493e-15   0.00027933 -2.58922e-16  1.21549e-06    1.825e-17
 -0.00526802   -2.939e-14    0.0291817 -1.96315e-13    0.0509751 -1.59176e-13    0.0166303  1.87153e-14   -0.0177344  8.69516e-14     -0.01678  3.93937e-14   -0.0029343  -4.5578e-15   0.00255854 -9.80853e-15   0.00155776 -3.28631e-15  0.000312915 -3.75377e-16  1.63184e-05
 7.38429e-14   -0.0181246  1.19732e-14    0.0200036 -1.59176e-13    0.0434269 -1.39711e-13    0.0150896  1.59458e-14   -0.0163339  8.30273e-14   -0.0167766  4.27643e-14  -0.00414249  3.86571e-16   0.00161914 -7.22297e-15   0.00119856 -2.53517e-15  0.000231858 -2.40415e-16
  -0.0157699  9.84746e-14   -0.0202934  1.93846e-14    0.0166303 -1.39711e-13    0.0389775 -1.28388e-13    0.0145263   1.1831e-14   -0.0149024  7.92841e-14    -0.016839  4.66473e-14   -0.0055656   6.5372e-15  0.000365483 -3.48732e-15   0.00063611 -1.27963e-15  9.40187e-05
 3.52235e-14   -0.0179282  9.68703e-14   -0.0191647  1.87153e-14    0.0150896 -1.28388e-13    0.0363141 -1.22403e-13    0.0146975  6.25333e-15   -0.0132736  7.47792e-14   -0.0167033  4.97961e-14  -0.00686716  1.24131e-14 -0.000849743   8.2553e-17   0.00012733 -2.72045e-16
 -0.00215004  3.66169e-14   -0.0174315  9.15525e-14   -0.0177344  1.59458e-14    0.0145263 -1.22403e-13    0.0349237 -1.20632e-13    0.0155887  -1.5811e-15     -0.01111   6.7664e-14   -0.0158299    4.966e-14  -0.00739256  1.53942e-14  -0.00148372   1.8207e-15 -8.13575e-05
-5.02504e-15  -0.00162503  3.60429e-14   -0.0169732  8.69516e-14   -0.0163339   1.1831e-14    0.0146975 -1.20632e-13    0.0346217 -1.23052e-13    0.0174137 -1.34281e-14  -0.00780958  5.48885e-14   -0.0134089  4.29252e-14   -0.0064482  1.33863e-14  -0.00125333  1.36447e-15
  0.00203852 -8.61796e-15  -0.00158786  3.70471e-14     -0.01678  8.30273e-14   -0.0149024  6.25333e-15    0.0155887 -1.23052e-13    0.0355019 -1.30777e-13    0.0206456 -3.19694e-14  -0.00263728  3.35613e-14  -0.00891278  2.85307e-14   -0.0040764  7.54373e-15 -0.000544633
-6.50855e-15   0.00290248 -9.28873e-15  -0.00206212  3.93937e-14   -0.0167766  7.92841e-14   -0.0132736  -1.5811e-15    0.0174137 -1.30777e-13    0.0379289 -1.45733e-13    0.0257764 -5.87465e-14   0.00447904  5.18205e-15  -0.00315391   1.1155e-14  -0.00148125  2.11433e-15
 0.000818606 -9.22879e-15   0.00320284  -7.8264e-15   -0.0029343  4.27643e-14    -0.016839  7.47792e-14     -0.01111 -1.34281e-14    0.0206456 -1.45733e-13    0.0422517  -1.6817e-13    0.0323615  -8.9132e-14    0.0117357 -2.07882e-14   0.00149468 -7.88805e-16   -5.713e-05
-1.10129e-15   0.00121314 -1.06275e-14   0.00308353  -4.5578e-15  -0.00414249  4.66473e-14   -0.0167033   6.7664e-14  -0.00780958 -3.19694e-14    0.0257764  -1.6817e-13     0.047792 -1.91263e-13    0.0377619  -1.0924e-13    0.0156227 -3.18335e-14    0.0029813  -3.2997e-15
-1.31174e-06 -1.86095e-15     0.001495  -1.0884e-14   0.00255854  3.86571e-16   -0.0055656  4.97961e-14   -0.0158299  5.48885e-14  -0.00263728 -5.87465e-14    0.0323615 -1.91263e-13    0.0515815 -1.98508e-13       0.0377 -1.03899e-13    0.0138234 -2.48749e-14   0.00179072
 3.04218e-16  5.80549e-05 -2.65249e-15   0.00163687 -9.80853e-15   0.00161914   6.5372e-15  -0.00686716    4.966e-14   -0.0134089  3.35613e-14   0.00447904  -8.9132e-14    0.0377619 -1.98508e-13    0.0490796 -1.73665e-13    0.0299613  -7.2936e-14   0.00809517 -1.05241e-14
-6.09392e-05   2.7435e-16  0.000169319  -3.2493e-15   0.00155776 -7.22297e-15  0.000365483  1.24131e-14  -0.00739256  4.29252e-14  -0.00891278  5.18205e-15    0.0117357  -1.0924e-13       0.0377 -1.73665e-13    0.0381781  -1.1923e-13    0.0176929 -3.50434e-14   0.00274461
 1.32913e-16 -6.63394e-05  3.14199e-17   0.00027933 -3.28631e-15   0.00119856 -3.48732e-15 -0.000849743  1.53942e-14   -0.0064482  2.85307e-14  -0.00315391 -2.07882e-14    0.0156227 -1.03899e-13    0.0299613  -1.1923e-13    0.0226365  -5.9723e-14   0.00709951 -9.78771e-15
-1.21982e-05   1.4962e-16 -3.69737e-05 -2.58922e-16  0.000312915 -2.53517e-15   0.00063611   8.2553e-17  -0.00148372  1.33863e-14   -0.0040764   1.1155e-14   0.00149468 -3.18335e-14    0.0138234  -7.2936e-14    0.0176929  -5.9723e-14   0.00944762 -1.97428e-14   0.00161808
 1.35483e-17 -1.33208e-05  9.05563e-17  1.21549e-06 -3.75377e-16  0.000231858 -1.27963e-15   0.00012733   1.8207e-15  -0.00125333  7.54373e-15  -0.00148125 -7.88805e-16    0.0029813 -2.48749e-14   0.00809517 -3.50434e-14   0.00709951 -1.97428e-14   0.00245175  -3.5066e-15
-5.23796e-07  1.28356e-17 -6.84266e-06    1.825e-17  1.63184e-05 -2.40415e-16  9.40187e-05 -2.72045e-16 -8.13575e-05  1.36447e-15 -0.000544633  2.11433e-15   -5.713e-05  -3.2997e-15   0.00179072 -1.05241e-14   0.00274461 -9.78771e-15   0.00161808  -3.5066e-15  0.000296296
