 8.43276e-06  3.29137e-20 -6.39928e-05 -4.70723e-19  0.000151269  1.74023e-18 -0.000146581 -3.07439e-18  2.97953e-05  3.10813e-18  3.40372e-05  -2.2623e-18 -3.87904e-06  1.85408e-18 -9.72115e-06 -1.52591e-18 -2.65193e-06  5.99693e-19  1.18532e-06  9.73392e-20   1.2464e-06 -1.81413e-20  4.27343e-07 -1.45522e-19 -2.27439e-08  2.90594e-20 -1.06135e-07   5.9319e-20 -6.38149e-08 -1.52636e-20 -2.11443e-08 -1.96374e-20 -2.13451e-09  7.58654e-21  2.33632e-09  3.12166e-21  1.92914e-09 -7.61603e-22  9.16692e-10 -5.53358e-22  3.17383e-10 -1.11422e-22  7.82051e-11 -1.98428e-23  8.38484e-12  6.33867e-23  -4.3422e-12  1.75071e-23 -3.62558e-12  -6.1687e-24 -1.70672e-12 -1.71249e-24 -6.34664e-13  8.97938e-25 -2.02108e-13  1.21958e-25 -5.68278e-14 -8.67242e-26 -1.42738e-14 -9.37976e-26  -3.2029e-15 -1.84557e-26 -6.34001e-16  4.40898e-26  -1.0671e-16  2.69671e-26 -1.36371e-17  5.05989e-28 -6.36168e-19  -4.3344e-27  3.35969e-19 -1.75002e-27   1.5348e-19 -3.23362e-28  4.39422e-20  1.23604e-29   1.0288e-20  6.36401e-29  2.11162e-21  3.97571e-29  3.90836e-22  1.07191e-29  6.61323e-23 -3.13283e-31  1.03028e-23 -1.25011e-30  1.48309e-24 -4.92436e-31  1.97532e-25 -1.17899e-31  2.43392e-26 -1.81519e-32  2.77081e-27 -5.06212e-34  2.90761e-28  5.05182e-34  2.80344e-29   6.9226e-35   2.4732e-30 -1.07183e-35  1.98606e-31  2.84116e-36  1.44263e-32  4.69787e-36  9.40654e-34  1.79447e-36  5.45429e-35  3.88013e-37  2.77782e-36  5.54503e-38  1.21935e-37  5.69969e-39  4.46009e-39  4.92882e-40  1.27663e-40  4.55179e-41  2.61376e-42  4.29805e-42  4.32733e-44  3.07681e-43  1.30446e-45  1.39372e-44  3.11185e-47  4.00011e-46 -2.82478e-49  6.62459e-48
 3.29137e-20  9.92691e-05  3.03268e-19 -0.000416922 -2.95638e-18   0.00070408  8.48367e-18 -0.000471958 -1.20687e-17 -2.58468e-05   9.9028e-18  0.000126511 -6.37886e-18  2.66386e-05  5.67884e-18 -2.54274e-05 -4.55848e-18  -1.6953e-05  1.18488e-18 -1.62403e-06  6.80236e-19  3.27431e-06  3.58476e-20  2.26952e-06 -5.14236e-19   6.4113e-07  3.79984e-20 -8.72281e-08  1.99056e-19 -1.90807e-07  -3.4124e-20 -1.09864e-07 -5.98699e-20 -3.79736e-08  1.60482e-20 -6.01753e-09  1.11615e-20  2.36253e-09    -7.06e-22  2.54709e-09 -1.70257e-21  1.33858e-09 -7.28648e-22  5.18943e-10 -1.01374e-22  1.58103e-10  1.85239e-22  3.60871e-11  5.84517e-23  4.21855e-12   -1.217e-23  -1.2681e-12 -3.06142e-24 -1.14065e-12  2.67739e-24 -5.24282e-13  7.59554e-25 -1.89281e-13  -3.3573e-25 -5.89261e-14 -4.59799e-25 -1.64118e-14 -3.68849e-26  -4.1655e-15  1.88952e-25 -9.73657e-16  1.01952e-25 -2.10946e-16  5.56488e-27 -4.25354e-17 -1.33417e-26 -8.00402e-18 -6.59951e-27 -1.40809e-18  -1.7599e-27 -2.31897e-19 -9.90734e-29 -3.57962e-20  2.51258e-28 -5.18697e-21  1.59818e-28 -7.07168e-22  4.28762e-29 -9.10416e-23  4.64717e-31  -1.1129e-23 -4.00963e-30 -1.30157e-24 -1.78858e-30 -1.46938e-25 -4.89372e-31 -1.61424e-26 -9.21678e-32 -1.73255e-27 -1.05513e-32 -1.81138e-28 -8.62546e-34  -1.8263e-29 -3.29633e-34 -1.74963e-30 -8.90226e-35 -1.56682e-31  1.76455e-35 -1.29088e-32   1.8536e-35 -9.64156e-34  6.11526e-36 -6.43896e-35  1.22677e-36 -3.79677e-36  1.71971e-37 -1.95682e-37  1.85352e-38 -8.75678e-39  1.74281e-39 -3.36539e-40  1.56485e-40 -1.06074e-41   1.2307e-41 -2.40309e-43  7.07985e-43 -3.06246e-45  2.63324e-44 -2.76247e-47  5.87468e-46 -5.69992e-49
-6.39928e-05  3.03268e-19  0.000566529  1.56905e-18  -0.00160895 -1.14061e-17   0.00201496  2.61822e-17 -0.000858699 -3.01617e-17 -0.000348982  1.97698e-17  0.000231568 -1.16864e-17  0.000141333   1.2206e-17 -1.70899e-05 -9.28638e-18 -4.45843e-05  1.00493e-18 -1.74894e-05  2.08626e-18  1.55246e-06  3.68709e-19  5.11918e-06 -1.19891e-18  2.82572e-06 -2.72658e-20  6.93681e-07   4.3916e-19 -1.36472e-07 -4.73598e-20 -2.31523e-07 -1.25338e-19 -1.31709e-07  2.12015e-20 -4.82369e-08  2.58138e-20 -1.04746e-08  2.15611e-21  6.23834e-10 -3.34258e-21  1.98232e-09 -2.22764e-21  1.21338e-09 -3.94477e-22  5.22198e-10  3.40739e-22  1.81278e-10   1.2386e-22  5.23831e-11 -1.21602e-23  1.23514e-11 -6.69603e-25  2.10979e-12  7.51048e-24  9.04099e-14  2.54654e-24 -1.20751e-13 -1.26001e-24 -6.86819e-14 -1.44201e-24 -2.57992e-14 -8.03593e-27 -8.00752e-15  5.49201e-25 -2.19092e-15  2.79427e-25  -5.4358e-16  2.80613e-26 -1.24148e-16 -2.85345e-26 -2.63361e-17 -1.78513e-26 -5.21891e-18 -5.81052e-27 -9.69756e-19 -5.17203e-28 -1.69384e-19  6.95599e-28  -2.7853e-20  4.43781e-28 -4.31504e-21  1.21359e-28 -6.29865e-22  6.00193e-30 -8.65799e-23  -8.9449e-30 -1.11939e-23 -4.56459e-30 -1.35879e-24 -1.37579e-30 -1.54475e-25 -2.96616e-31 -1.63961e-26  -5.0328e-32 -1.61859e-27  -9.3603e-33 -1.47932e-28 -2.24793e-33 -1.24502e-29 -3.43705e-34 -9.58819e-31  5.37269e-35 -6.70662e-32  4.73112e-35 -4.22297e-33  1.41132e-35 -2.36848e-34  2.66916e-36  -1.1688e-35  3.66877e-37 -5.00994e-37  4.01648e-38 -1.84303e-38  3.80729e-39 -5.72966e-40  3.17913e-40    -1.44e-41  2.13576e-41 -2.58833e-43  1.01073e-42 -2.77337e-45  2.99047e-44  -2.6706e-47  4.09702e-46
-4.70723e-19 -0.000416922  1.56905e-18   0.00209082   5.5846e-18  -0.00438565 -3.18688e-17   0.00411924  5.96385e-17 -0.000835598 -5.53862e-17   -0.0010555  2.77706e-17  0.000169864 -1.61312e-17  0.000340294  2.14572e-17  7.14758e-05 -1.49143e-17  -6.1238e-05 -9.59121e-19 -5.00434e-05  4.34494e-18 -1.25325e-05  1.21949e-18  4.71043e-06 -2.14844e-18   5.9355e-06 -2.09948e-19  2.84445e-06  7.49112e-19  6.46134e-07 -4.60951e-20  -1.3583e-07 -2.11527e-19 -2.17693e-07  1.69581e-20 -1.25452e-07  4.66185e-20 -4.89809e-08  1.02703e-20 -1.32461e-08 -4.68569e-21 -1.56479e-09 -4.70117e-21  8.11447e-10 -1.08197e-21  7.23676e-10  4.21161e-22  3.56676e-10  1.84604e-22  1.37419e-10 -2.28947e-24  4.48661e-11  1.23003e-23  1.27651e-11  1.98875e-23  3.18224e-12  5.92762e-24  6.85207e-13 -4.02843e-24  1.20988e-13 -3.55322e-24  1.43891e-14  1.39684e-25 -4.35903e-16  1.26911e-24 -9.62132e-16  6.37448e-25 -3.86364e-16  9.34076e-26 -1.13784e-16 -4.93239e-26  -2.8419e-17 -3.96829e-26 -6.31709e-18 -1.43487e-26 -1.27724e-18 -1.38654e-27  -2.3758e-19  1.59044e-27 -4.09139e-20  1.00387e-27  -6.5456e-21  2.83292e-28 -9.74426e-22  2.40814e-29 -1.35025e-22 -1.57949e-29 -1.74046e-23 -9.36552e-30 -2.08374e-24 -3.05352e-30 -2.31197e-25 -7.33509e-31 -2.37021e-26 -1.53225e-31 -2.23688e-27 -3.36161e-32 -1.93455e-28 -7.17397e-33  -1.5249e-29 -9.00532e-34 -1.08837e-30  1.16495e-34 -6.97785e-32  9.29305e-35  -3.9791e-33  2.56447e-35  -1.9936e-34  4.61005e-36 -8.64956e-36  6.18041e-37 -3.20371e-37  6.68697e-38 -1.00367e-38  6.11393e-39 -2.63628e-40  4.62884e-40 -5.48558e-42  2.65406e-41 -7.49016e-44  1.02187e-42 -6.24514e-46  2.20919e-44 -8.90222e-48
 0.000151269 -2.95638e-18  -0.00160895   5.5846e-18   0.00561898  1.49886e-17  -0.00914242 -6.94149e-17   0.00635426  1.07149e-16  0.000208709 -7.88008e-17  -0.00195196  2.68369e-17 -0.000279536 -1.78964e-17  0.000504795  3.28614e-17  0.000270145 -2.01189e-17 -1.70002e-05  -5.2493e-18 -8.22098e-05  7.05692e-18 -4.31492e-05  2.65982e-18 -6.08516e-06 -3.16748e-18  6.39087e-06  -4.8642e-19   5.6671e-06  1.06673e-18  2.49204e-06 -3.30783e-20   5.6411e-07 -3.11488e-19 -8.94705e-08 -1.86516e-21 -1.64961e-07  7.12316e-20 -9.87323e-08  2.52624e-20 -4.11208e-08 -4.41018e-21 -1.29598e-08 -7.71247e-21 -2.85722e-09 -2.25453e-21 -1.79772e-10  2.70096e-22  2.25041e-10  1.79641e-22  1.56181e-10  1.35823e-23  6.92281e-11  4.65956e-23  2.49238e-11  4.64404e-23  7.79904e-12  1.03282e-23  2.18308e-12 -1.06623e-23  5.54559e-13 -7.50561e-24  1.28782e-13   4.3816e-25  2.74192e-14  2.49545e-24   5.3489e-15  1.27393e-24  9.51707e-16  2.36736e-25  1.52868e-16 -7.43253e-26  2.17055e-17 -7.63945e-26  2.59797e-18  -2.8817e-26  2.27056e-19 -2.53594e-27  3.78236e-21  3.24753e-27 -4.02365e-21  1.99574e-27 -1.16884e-21  5.82942e-28  -2.2706e-22   6.8259e-29 -3.60632e-23 -2.25147e-29 -4.95152e-24 -1.62185e-29 -6.00068e-25 -5.70375e-30 -6.46459e-26 -1.50644e-30 -6.18799e-27 -3.56907e-31 -5.22823e-28 -8.23469e-32 -3.84472e-29 -1.62467e-32 -2.39526e-30  -1.8073e-33 -1.19195e-31  2.06751e-34 -3.94563e-33  1.51622e-34  7.13127e-36  3.91014e-35  1.31265e-35  6.69567e-36  1.16942e-36  8.67664e-37  6.55488e-38  9.05714e-38   2.5802e-39  7.74621e-39   7.1003e-41  5.20868e-40  1.40052e-42  2.51148e-41  2.05626e-44  7.55589e-43  5.10433e-47  9.73296e-45
 1.74023e-18   0.00070408 -1.14061e-17  -0.00438565  1.49886e-17    0.0117497   3.2009e-17   -0.0152771 -1.23155e-16     0.007469  1.57856e-16   0.00252576 -8.83577e-17  -0.00250221  1.23944e-17  -0.00117175 -1.65417e-17  0.000427464  4.53105e-17    0.0005218 -2.37698e-17  0.000128393 -1.14781e-17  -7.5241e-05   9.5785e-18 -7.92244e-05  4.46325e-18 -3.09654e-05 -4.00381e-18 -1.16678e-06 -7.53694e-19  6.38485e-06  1.33804e-18  4.69617e-06  -2.1342e-20  1.97641e-06 -4.21787e-19   4.7725e-07 -3.92043e-20 -2.61153e-08  9.57083e-20 -9.97336e-08  4.68969e-20 -6.43151e-08 -1.14312e-21 -2.86041e-08 -1.03275e-20 -1.00464e-08 -3.80172e-21 -2.83443e-09 -2.41149e-22 -5.97507e-10  3.77769e-23 -5.74458e-11  3.05695e-23  2.51525e-11  1.18972e-22  1.93118e-11  9.45799e-23  8.38378e-12  1.34671e-23   2.9094e-12 -2.39311e-23  8.77302e-13 -1.42078e-23  2.37872e-13  8.12871e-25  5.90313e-14  4.34435e-24  1.35498e-14  2.28721e-24  2.89635e-15   4.9103e-25  5.79269e-16 -1.03534e-25  1.08765e-16   -1.307e-25  1.92209e-17 -4.89887e-26  3.20289e-18  -3.0685e-27  5.03943e-19    6.205e-27  7.49306e-20  3.64598e-27  1.05321e-20  1.09772e-27  1.39901e-21  1.59986e-28  1.75451e-22 -2.40924e-29  2.07369e-23 -2.41782e-29  2.30376e-24 -9.27971e-30   2.3971e-25 -2.67309e-30  2.32561e-26 -6.84415e-31  2.09231e-27 -1.58832e-31   1.7345e-28 -2.92489e-32  1.31515e-29 -2.93546e-33  9.04395e-31  3.24121e-34   5.5868e-32  2.14617e-34  3.06634e-33  5.18192e-35   1.4757e-34  8.42917e-36  6.11722e-36  1.04337e-36  2.12509e-37  1.02808e-37  5.92718e-39  8.02432e-39  1.25324e-40   4.6911e-40  1.88853e-42  1.84889e-41  1.70377e-44  3.99259e-43  1.29686e-48
-0.000146581  8.48367e-18   0.00201496 -3.18688e-17  -0.00914242   3.2009e-17    0.0199717  5.63784e-17   -0.0211289 -1.83437e-16   0.00633507  1.96011e-16   0.00564929 -7.68615e-17  -0.00211766 -1.42796e-17  -0.00226203 -1.27708e-17 -5.13444e-05  5.73833e-17  0.000680165 -2.55022e-17  0.000359545 -1.84311e-17  8.85666e-06  1.13318e-17 -9.32705e-05  6.15362e-18 -6.30212e-05 -4.47128e-18 -1.94768e-05 -8.70035e-19  1.30108e-06   1.5515e-18  5.25237e-06 -2.22966e-20  3.47115e-06 -5.43202e-19  1.44458e-06 -9.77564e-20  3.87576e-07  1.14668e-19  2.48574e-08  7.25206e-20 -4.43762e-08  5.82422e-21 -3.36503e-08 -1.14846e-20 -1.61732e-08 -5.42958e-21 -6.16797e-09 -1.15191e-21 -1.97823e-09 -2.83322e-22 -5.40033e-10  6.23194e-23 -1.22648e-10  2.55526e-22 -2.09735e-11  1.71114e-22 -1.42255e-12  1.15351e-23  7.93485e-13 -4.68269e-23  4.82666e-13 -2.46317e-23  1.78631e-13  1.09424e-24  5.37154e-14   6.8859e-24  1.41404e-14   3.7453e-24  3.36094e-15  8.69831e-25  7.32729e-16 -1.39825e-25  1.47846e-16 -2.01255e-25  2.77584e-17 -7.15717e-26  4.86515e-18 -8.84948e-28  7.97405e-19  1.13693e-26  1.22305e-19  6.28414e-27  1.75518e-20  1.93317e-27  2.35462e-21  3.30163e-28  2.94826e-22 -1.18603e-29  3.43795e-23 -3.11292e-29  3.72295e-24 -1.34205e-29  3.73087e-25 -4.19196e-30  3.44538e-26 -1.12291e-30  2.91738e-27 -2.56061e-31  2.25169e-28  -4.4041e-32  1.57306e-29 -3.96468e-33  9.86562e-31  4.68247e-34  5.50094e-32  2.70803e-34  2.69601e-33  6.09737e-35  1.14522e-34  9.35848e-36  4.13589e-36  1.09127e-36  1.23186e-37  9.94391e-38  2.88082e-39  6.92349e-39  4.93608e-41  3.42973e-40  5.59891e-43  1.05258e-41  2.49232e-45  1.33527e-43
-3.07439e-18 -0.000471958  2.61822e-17   0.00411924 -6.94149e-17   -0.0152771  5.63784e-17    0.0285166  8.40463e-17   -0.0247774 -2.34674e-16   0.00271756   2.1012e-16   0.00855533 -4.75891e-17  -0.00055344 -4.68651e-17  -0.00309169 -7.34591e-18 -0.000909403   6.7709e-17  0.000584321 -2.57084e-17  0.000591177 -2.45842e-17  0.000175752  1.20065e-17 -5.50379e-05  7.19277e-18 -8.38681e-05  -4.5293e-18 -4.41896e-05 -7.20507e-19 -1.12922e-05  1.74318e-18  1.82616e-06 -3.30915e-20  3.70417e-06 -6.75066e-19  2.31218e-06  -1.7778e-19  9.73629e-07  1.21897e-19  2.92535e-07  9.72613e-20  4.88206e-08  1.58861e-20 -9.61957e-09 -1.05701e-20 -1.29058e-08  -6.8483e-21  -7.0759e-09 -2.42246e-21 -2.92448e-09 -7.65252e-22 -1.01703e-09  1.60737e-22 -3.09594e-10  4.92766e-22 -8.38612e-11  2.81403e-22 -2.03025e-11  3.81657e-25 -4.36673e-12  -8.1673e-23 -8.16595e-13 -3.94627e-23 -1.25089e-13  1.15852e-24 -1.25737e-14  1.01527e-23  5.71588e-16  5.65226e-24  7.46017e-16    1.353e-24  2.56521e-16 -1.87511e-25  6.55891e-17 -2.79832e-25  1.42303e-17 -8.90324e-26  2.73893e-18  7.69044e-27  4.76999e-19   2.0108e-26  7.59133e-20  1.03496e-26  1.10952e-20  3.21906e-27  1.49245e-21   6.1716e-28  1.84809e-22  2.55304e-29  2.10434e-23 -3.41342e-29  2.19831e-24 -1.74725e-29  2.09989e-25 -5.89195e-30  1.82606e-26 -1.61317e-30  1.43751e-27 -3.56132e-31  1.01729e-28 -5.69895e-32  6.41572e-30 -4.49674e-33  3.56776e-31   6.3327e-34  1.72719e-32  3.09743e-34  7.17121e-34  6.45257e-35   2.5089e-35  9.25404e-36   7.2102e-37  1.00114e-36  1.61755e-38  8.26824e-38   2.5327e-40  5.01442e-39  2.17277e-42  2.03302e-40 -3.77325e-45   4.4474e-42 -4.90959e-46
 2.97953e-05 -1.20687e-17 -0.000858699  5.96385e-17   0.00635426 -1.23155e-16   -0.0211289  8.40463e-17    0.0351705  1.08067e-16   -0.0251297 -2.62506e-16  -0.00255341  1.99868e-16    0.0102273 -1.28179e-17   0.00192042 -7.79147e-17  -0.00323365 -4.62809e-19  -0.00192339  7.52522e-17  0.000156078 -2.50326e-17  0.000702615 -2.86472e-17  0.000383228  1.15772e-17  4.81653e-05  7.18064e-18 -7.17968e-05 -4.28464e-18 -6.34288e-05 -2.67215e-19 -2.85123e-05  1.97293e-18 -6.42638e-06 -3.25735e-20  1.35181e-06 -8.07631e-19  2.25936e-06 -2.74644e-19   1.3821e-06  1.12017e-19  5.96883e-07  1.15138e-19  1.97971e-07  2.68994e-20  4.79677e-08 -7.93113e-21  5.33397e-09 -8.06456e-21  -2.4269e-09 -4.02302e-21 -2.08886e-09 -1.32832e-21 -9.94693e-10  4.16901e-22 -3.75154e-10  8.71197e-22 -1.22062e-10  4.28043e-22 -3.54776e-11 -2.31677e-23 -9.37781e-12 -1.29222e-22 -2.27795e-12 -5.86063e-23 -5.11817e-13  1.13487e-24 -1.06826e-13  1.41453e-23 -2.07734e-14  7.91901e-24 -3.77164e-15  1.88294e-24 -6.40462e-16 -2.47452e-25 -1.01888e-16 -3.49003e-25 -1.52153e-17 -8.91488e-26 -2.13863e-18  2.79038e-26 -2.84011e-19  3.41679e-26 -3.58163e-20  1.63351e-26 -4.31572e-21  5.08567e-27 -5.00014e-22  1.05766e-27 -5.59582e-23  9.86582e-29 -6.05379e-24  -3.0389e-29 -6.30292e-25 -2.06418e-29 -6.25664e-26 -7.49164e-30 -5.84725e-27 -2.05995e-30 -5.07396e-28 -4.35412e-31 -4.03177e-29 -6.43438e-32 -2.89384e-30 -4.25124e-33 -1.85004e-31  7.99759e-34 -1.03697e-32  3.24111e-34 -4.99997e-34   6.1848e-35 -2.02584e-35  8.19068e-36 -6.70774e-37  8.08771e-37 -1.75543e-38  5.92877e-38 -3.45082e-40  3.04566e-39 -4.62309e-42  9.59133e-41 -3.78466e-44  1.22307e-42
 3.10813e-18 -2.58468e-05 -3.01617e-17 -0.000835598  1.07149e-16     0.007469 -1.83437e-16   -0.0247774  1.08067e-16    0.0384741  1.21293e-16   -0.0224287  -2.6009e-16  -0.00810579  1.75493e-16    0.0101639  1.33258e-17   0.00468049 -1.02399e-16  -0.00250614  7.86734e-18  -0.00277307  7.93482e-17 -0.000550312 -2.38356e-17  0.000597428 -2.98675e-17  0.000554173  1.02154e-17  0.000198751  5.96823e-18 -1.43514e-05 -3.93298e-18 -6.26916e-05  4.37672e-19 -4.28286e-05  2.28955e-18 -1.74729e-05  1.22733e-20 -3.82848e-06  -9.1824e-19  6.44762e-07 -3.76633e-19  1.17218e-06  8.30719e-20  7.27549e-07  1.20949e-19  3.24664e-07  3.56311e-20  1.16242e-07 -5.05457e-21  3.39731e-08 -9.62311e-21  7.70591e-09 -6.04546e-21   1.0218e-09 -1.86829e-21 -1.61333e-10  9.32222e-22 -1.83089e-10  1.41852e-21 -8.59469e-11  6.07152e-22 -3.09624e-11 -6.13173e-23 -9.56092e-12 -1.88317e-22 -2.63769e-12 -8.08627e-23 -6.63563e-13   1.4862e-24  -1.5401e-13  1.87799e-23 -3.32199e-14  1.03399e-23 -6.69149e-15  2.37208e-24 -1.26277e-15 -3.11002e-25 -2.23732e-16 -3.81707e-25 -3.72634e-17 -5.59058e-26 -5.83757e-18  6.58845e-26  -8.6007e-19  5.53175e-26 -1.19089e-19  2.46441e-26 -1.54761e-20  7.61424e-27 -1.88379e-21  1.66959e-27 -2.14204e-22  2.11987e-28 -2.26775e-23 -1.84769e-29 -2.22619e-24 -2.22384e-29 -2.01664e-25 -8.67323e-30 -1.67617e-26 -2.36198e-30 -1.26982e-27  -4.7341e-31 -8.69994e-29  -6.3859e-32 -5.34075e-30 -3.22343e-33 -2.90444e-31  9.33752e-34 -1.37915e-32  3.11403e-34    -5.61e-34  5.38507e-35 -1.90559e-35  6.49894e-36 -5.22425e-37  5.75586e-37 -1.10261e-38  3.65936e-38 -1.65993e-40  1.53521e-39 -1.56196e-42  3.43034e-41 -7.55961e-45
 3.40372e-05   9.9028e-18 -0.000348982 -5.53862e-17  0.000208709  1.57856e-16   0.00633507 -2.34674e-16   -0.0251297  1.21293e-16    0.0383697  1.19038e-16   -0.0178871 -2.29475e-16   -0.0127562   1.5081e-16   0.00849716  2.21387e-17   0.00707306 -1.18593e-16  -0.00102227  1.70379e-17  -0.00318414  7.95843e-17  -0.00137153 -2.20185e-17  0.000249227 -2.80858e-17  0.000609245  8.18919e-18   0.00035207   3.6604e-18  8.25895e-05 -3.68151e-18  -3.2474e-05  1.27232e-18 -4.50928e-05  2.70455e-18 -2.66107e-05  1.34015e-19 -1.03634e-05 -9.74282e-19 -2.43744e-06 -4.64796e-19  1.11088e-07  3.89466e-20   4.8978e-07   1.1241e-19  3.24984e-07  3.88137e-20  1.51222e-07 -4.28766e-21   5.7329e-08 -1.26348e-20  1.85307e-08 -8.75567e-21  5.16603e-09 -2.31366e-21  1.22541e-09  1.76605e-21  2.33143e-10  2.12508e-21  2.76919e-11  8.01289e-22 -2.51152e-12 -1.17587e-22 -2.99789e-12 -2.56648e-22 -1.23918e-12 -1.04203e-22 -3.87996e-13  2.74632e-24 -1.03805e-13  2.37386e-23 -2.47698e-14  1.25733e-23 -5.37868e-15  2.71628e-24 -1.07443e-15 -3.56582e-25  -1.9866e-16 -3.43964e-25 -3.41191e-17  2.77982e-26 -5.45281e-18  1.27144e-25  -8.1138e-19   8.4716e-26 -1.12368e-19  3.53756e-26 -1.44666e-20  1.07703e-26  -1.7281e-21  2.43212e-27 -1.91041e-22  3.58917e-28 -1.94814e-23  6.82631e-31 -1.82519e-24 -2.19117e-29 -1.56348e-25 -9.18478e-30 -1.21755e-26 -2.44855e-30 -8.56092e-28 -4.60865e-31 -5.39072e-29 -5.57553e-32 -3.00986e-30 -1.70081e-33 -1.47162e-31  9.98017e-34 -6.19819e-33  2.74696e-34 -2.19858e-34  4.25914e-35 -6.36229e-36  4.61793e-36 -1.43548e-37  3.59895e-37 -2.35715e-39  1.92989e-38 -2.50343e-41  6.26683e-40  -1.5001e-43  8.11744e-42
 -2.2623e-18  0.000126511  1.97698e-17   -0.0010555 -7.88008e-17   0.00252576  1.96011e-16   0.00271756 -2.62506e-16   -0.0224287  1.19038e-16    0.0359171  1.00225e-16   -0.0128921 -1.78546e-16   -0.0159286  1.35574e-16   0.00576062  1.33018e-17    0.0086625 -1.26762e-16  0.000909007  2.55547e-17  -0.00302133  7.57692e-17  -0.00210414 -1.92247e-17 -0.000288815 -2.36543e-17  0.000499431  5.78518e-18  0.000452981  5.39502e-19   0.00019445 -3.68976e-18   2.5769e-05  2.08052e-18 -2.91125e-05  3.18402e-18 -2.84021e-05  3.52485e-19 -1.54018e-05 -9.41966e-19 -5.95147e-06 -5.15636e-19 -1.58328e-06 -9.67979e-21  -1.4627e-07  9.17258e-20  1.39083e-07  3.43965e-20  1.14458e-07 -8.18317e-21  5.71776e-08 -1.85186e-20  2.28039e-08 -1.25359e-20  7.81316e-09 -2.67581e-21  2.37023e-09  2.88023e-21  6.45716e-10  2.91944e-21  1.58869e-10  9.70575e-22  3.52754e-11 -2.00945e-22  7.01193e-12 -3.32714e-22  1.22233e-12 -1.26917e-22  1.77543e-13  4.84864e-24  1.81533e-14  2.82464e-23 -6.08047e-22   1.4132e-23 -6.28989e-16  2.80894e-24 -2.13098e-16  -3.5143e-25 -5.08027e-17 -2.01216e-25 -1.00885e-17  1.75737e-25 -1.75713e-18  2.14491e-25 -2.74292e-19  1.22166e-25 -3.87647e-20   4.8106e-26 -4.98207e-21  1.43464e-26 -5.82968e-22   3.2733e-27 -6.20401e-23  5.20235e-28 -5.98731e-24  2.37586e-29 -5.21575e-25 -1.97691e-29 -4.07491e-26 -8.92517e-30 -2.83043e-27 -2.30478e-30 -1.72761e-28 -4.02908e-31 -9.11773e-30 -4.25153e-32 -4.06286e-31 -1.28232e-34 -1.46831e-32  9.69886e-34 -3.94687e-34   2.2196e-34  -5.7936e-36  3.05351e-35  8.34087e-38  2.92902e-36   8.0001e-39  1.96506e-37    2.396e-40  8.56783e-39  3.54901e-42  1.96536e-40  1.27928e-44
-3.87904e-06 -6.37886e-18  0.000231568  2.77706e-17  -0.00195196 -8.83577e-17   0.00564929   2.1012e-16  -0.00255341  -2.6009e-16   -0.0178871  1.00225e-16    0.0324971  6.70705e-17   -0.0084021 -1.17012e-16   -0.0176289    1.319e-16   0.00256382 -6.90407e-18   0.00930002 -1.27557e-16   0.00292961  3.15109e-17  -0.00230194  6.81025e-17  -0.00257401 -1.51588e-17 -0.000906977 -1.72944e-17  0.000223323  3.24983e-18   0.00045638 -3.04176e-18  0.000286066 -4.04703e-18  9.84943e-05  2.70389e-18  4.70445e-06  3.65641e-18 -1.93727e-05  6.65975e-19 -1.59607e-05 -7.97515e-19 -8.27338e-06 -5.06187e-19 -3.24531e-06 -4.66452e-20 -9.74483e-07  6.58312e-20 -1.93107e-07  2.24157e-20  2.81694e-09 -1.87176e-20  2.57685e-08 -2.85275e-20  1.57699e-08  -1.7733e-20  6.81816e-09  -3.0708e-21  2.45564e-09  4.10357e-21  7.77958e-10  3.65424e-21   2.2237e-10  1.04613e-21  5.81668e-11  -3.2992e-22   1.4047e-11 -4.18524e-22  3.15051e-12 -1.49419e-22  6.59037e-13  6.26751e-24  1.28997e-13  3.08921e-23   2.3688e-14  1.44092e-23  4.09028e-15  2.55676e-24  6.65528e-16 -2.57932e-25  1.02244e-16  7.27856e-26  1.48583e-17  3.93203e-25  2.04576e-18     3.26e-25  2.67143e-19  1.65538e-25  3.30912e-20  6.17711e-26  3.88416e-21  1.79506e-26  4.30901e-22  4.07531e-27  4.49917e-23  6.67807e-28  4.39611e-24  4.59738e-29  3.99112e-25 -1.63226e-29  3.33897e-26 -7.97324e-30  2.55007e-27 -1.97397e-30  1.75929e-28 -3.16063e-31  1.08334e-29 -2.77154e-32  5.87237e-31  1.09213e-33  2.75672e-32  8.53608e-34  1.09883e-33    1.637e-34  3.62638e-35  1.97701e-35  9.56325e-37  1.64925e-36  1.90533e-38  9.27134e-38  2.58763e-40  3.11458e-39  1.82912e-42  4.12154e-41
 1.85408e-18  2.66386e-05 -1.16864e-17  0.000169864  2.68369e-17  -0.00250221 -7.68615e-17   0.00855533  1.99868e-16  -0.00810579 -2.29475e-16   -0.0128921  6.70705e-17    0.0291533  2.42591e-17  -0.00479891 -5.40115e-17   -0.0181804  1.35448e-16 -0.000621094  -2.9717e-17    0.0090563 -1.21449e-16   0.00474121  3.34237e-17  -0.00115345  5.74057e-17  -0.00267745 -9.76432e-18  -0.00147618 -9.90985e-18 -0.000174511  7.55043e-19  0.000342539 -6.75411e-18  0.000323943 -4.78215e-18  0.000164152  3.00286e-18  4.84979e-05   4.0284e-18 -5.54742e-08  1.04688e-18 -1.04482e-05 -5.36798e-19 -7.96031e-06 -4.19956e-19 -4.04874e-06 -5.37507e-20 -1.62463e-06  4.49671e-20 -5.34353e-07  5.05537e-21 -1.41365e-07 -3.66661e-20 -2.64912e-08 -4.32403e-20 -9.12689e-10 -2.44853e-20  2.07749e-09 -3.70863e-21  1.25587e-09  5.13097e-21  5.10464e-10  4.11028e-21  1.71478e-10  9.30873e-22  5.06453e-11 -5.34202e-22  1.35177e-11 -5.21909e-22  3.30923e-12  -1.7596e-22   7.4966e-13  3.44941e-24  1.58043e-13  2.96627e-23  3.11216e-14  1.27707e-23  5.73791e-15  1.90285e-24  9.91857e-16 -4.14374e-26  1.60843e-16  4.86959e-25   2.4466e-17  6.72786e-25  3.48824e-18  4.53864e-25  4.65522e-19  2.10666e-25   5.8037e-20  7.47418e-26  6.74174e-21  2.10634e-26  7.27334e-22  4.70059e-27  7.25915e-23  7.72721e-28  6.67115e-24  6.27176e-29  5.61421e-25 -1.22957e-29   4.2986e-26  -6.5512e-30  2.97143e-27  -1.5379e-30  1.83726e-28 -2.21194e-31  1.00463e-29 -1.45949e-32  4.79006e-31  1.75046e-33  1.95613e-32  6.78866e-34  6.68489e-34  1.09731e-34  1.85224e-35  1.15002e-35  3.97113e-37  8.17653e-37  6.09552e-39  3.71514e-38   5.7036e-41  8.77486e-40  1.84339e-43
-9.72115e-06  5.67884e-18  0.000141333 -1.61312e-17 -0.000279536  1.23944e-17  -0.00211766 -4.75891e-17    0.0102273  1.75493e-16   -0.0127562 -1.78546e-16   -0.0084021  2.42591e-17    0.0263817 -2.18201e-17  -0.00205868   2.6275e-18   -0.0179663  1.39181e-16  -0.00351774 -4.76923e-17   0.00811227 -1.09176e-16   0.00614958  3.08448e-17  0.000245004    4.518e-17  -0.00238993 -3.19039e-18   -0.0018819 -2.36979e-18 -0.000618644  -1.5943e-18  0.000122726 -1.03417e-17  0.000287467 -5.88532e-18  0.000200479  2.86914e-18  8.92759e-05  4.20191e-18  2.46677e-05  1.44233e-18  3.43768e-07 -1.80019e-19 -4.52689e-06 -2.51729e-19 -3.43164e-06 -1.53121e-20 -1.74771e-06  3.99031e-20  -7.1675e-07 -1.41176e-20 -2.49732e-07 -6.13149e-20 -7.51926e-08 -6.22182e-20 -1.94647e-08 -3.26104e-20 -4.17844e-09 -4.85975e-21 -6.52894e-10   5.5593e-21  -2.3344e-11   4.0226e-21   3.3477e-11  5.11093e-22  1.74639e-11 -8.51791e-22  6.06178e-12 -6.57119e-22   1.7371e-12  -2.1517e-22  4.37396e-13 -8.94684e-24  9.93906e-14  2.23252e-23  2.06622e-14  8.73179e-24  3.95983e-15  8.59333e-25  7.02631e-16  3.23379e-25  1.15697e-16  1.02662e-24  1.76948e-17  9.92829e-25  2.51328e-18  5.84808e-25  3.31183e-19    2.519e-25  4.04171e-20  8.51225e-26  4.55683e-21  2.31601e-26  4.73136e-22  5.03108e-27  4.50642e-23  8.14572e-28  3.91869e-24  7.10665e-29  3.09341e-25 -8.38698e-30   2.2016e-26 -4.94429e-30  1.40091e-27 -1.08644e-30  7.88784e-29 -1.36184e-31  3.87874e-30 -5.07106e-33  1.63769e-31  1.86244e-33   5.8045e-33  4.87103e-34  1.67386e-34  6.65297e-35   3.7501e-36  5.96903e-36  6.04822e-38  3.52612e-37  6.03064e-40  1.22767e-38  2.25245e-42  1.66484e-40
-1.52591e-18 -2.54274e-05   1.2206e-17  0.000340294 -1.78964e-17  -0.00117175 -1.42796e-17  -0.00055344 -1.28179e-17    0.0101639   1.5081e-16   -0.0159286 -1.17012e-16  -0.00479891 -2.18201e-17    0.0242618 -6.39828e-17  9.89634e-06  4.67566e-17   -0.0172945   1.3708e-16  -0.00600812 -5.68012e-17   0.00667273 -9.24147e-17   0.00706064  2.44367e-17   0.00171042  3.33641e-17  -0.00175313  4.35175e-18  -0.00204579    4.691e-18   -0.0010231 -3.70936e-18 -0.000164657 -1.36199e-17  0.000175405 -7.31997e-18  0.000192021  2.23682e-18  0.000113369  4.09017e-18  4.71172e-05  1.78107e-18  1.33052e-05  2.30723e-19  1.19697e-06 -9.34024e-21 -1.41984e-06  7.77393e-20  -1.2084e-06  5.88001e-20 -6.33948e-07 -3.13112e-20 -2.65871e-07 -9.05226e-20 -9.57502e-08 -8.39421e-20 -3.05159e-08 -4.16018e-20 -8.73294e-09 -6.81156e-21 -2.25891e-09  4.95329e-21 -5.28598e-10  3.12673e-21 -1.11349e-10 -3.21153e-22 -2.08259e-11 -1.32121e-21 -3.34917e-12 -8.42569e-22 -4.24579e-13 -2.78583e-22 -2.83344e-14 -3.67469e-23  5.04491e-15   7.1404e-24  2.66493e-15  2.18184e-24  7.24725e-16 -4.60917e-25  1.54656e-16  8.48034e-25  2.82963e-17  1.65208e-24  4.58614e-18  1.31958e-24  6.68071e-19   7.0223e-25  8.80428e-20  2.83245e-25  1.05201e-20  9.12052e-26  1.13905e-21  2.38568e-26  1.11441e-22  5.00479e-27   9.8044e-24  7.87793e-28  7.70129e-25  7.05412e-29  5.34646e-26 -5.09303e-30   3.2325e-27 -3.41444e-30  1.66363e-28 -6.90664e-31  6.99945e-30 -7.14603e-32  2.19852e-31  4.76404e-34  3.62976e-33  1.59824e-33 -9.12515e-35  3.14803e-34 -9.81558e-36  3.62774e-35  -4.1132e-37  2.73912e-36 -1.05889e-38  1.29844e-37 -1.63214e-40  3.16223e-39 -1.07541e-42
-2.65193e-06 -4.55848e-18 -1.70899e-05  2.14572e-17  0.000504795 -1.65417e-17  -0.00226203 -4.68651e-17   0.00192042  1.33258e-17   0.00849716  1.35574e-16   -0.0176289 -5.40115e-17  -0.00205868 -6.39828e-17    0.0226798 -9.56386e-17   0.00160839  7.46472e-17   -0.0163683  1.26334e-16  -0.00807014  -5.6739e-17   0.00492032  -7.3926e-17   0.00745517  1.55956e-17   0.00308423  2.38722e-17 -0.000853238  1.27016e-17  -0.00193427  1.09895e-17  -0.00131025 -5.45054e-18 -0.000464338 -1.64365e-17  6.38998e-06 -9.01507e-18  0.000135303   1.0964e-18  0.000111226  3.63365e-18  5.95919e-05  1.98772e-18  2.41277e-05   6.4151e-19  7.32924e-06  2.88704e-19  1.33597e-06  2.25721e-19 -1.70897e-07   1.0499e-19 -3.02391e-07 -4.34127e-20  -1.7755e-07 -1.20997e-19 -7.76914e-08 -1.06026e-19 -2.87052e-08 -5.07257e-20 -9.37413e-09 -9.82147e-21 -2.76716e-09  2.92968e-21 -7.47979e-10  1.21749e-21 -1.86675e-10 -1.63924e-21 -4.32599e-11 -1.97009e-21 -9.34734e-12 -1.09557e-21 -1.88921e-12 -3.77069e-22 -3.58099e-13 -8.41318e-23 -6.38025e-14 -1.62953e-23 -1.07072e-14 -6.42585e-24 -1.69565e-15 -1.83466e-24 -2.53825e-16  1.52584e-24 -3.59611e-17  2.30275e-24 -4.82539e-18  1.61289e-24 -6.13117e-19  7.89618e-25 -7.36654e-20  2.99778e-25 -8.34627e-21  9.19283e-26 -8.87973e-22   2.3025e-26 -8.82179e-23  4.63425e-27 -8.12835e-24  7.02436e-28 -6.89147e-25  6.28689e-29 -5.32887e-26 -2.64198e-30 -3.72125e-27 -2.14059e-30 -2.32108e-28 -3.88967e-31 -1.27705e-29 -2.93769e-32 -6.10822e-31   2.7884e-33 -2.49526e-32   1.1713e-33 -8.50974e-34  1.82809e-34 -2.34776e-35  1.76663e-35 -4.99404e-37  1.09709e-36 -7.51518e-39  3.96034e-38 -6.53386e-41  5.51128e-40
 5.99693e-19  -1.6953e-05 -9.28638e-18  7.14758e-05  3.28614e-17  0.000427464 -1.27708e-17  -0.00309169 -7.79147e-17   0.00468049  2.21387e-17   0.00576062    1.319e-16   -0.0181804   2.6275e-18  9.89634e-06 -9.56386e-17     0.021487 -1.12437e-16   0.00288955  8.57429e-17   -0.0153077  1.07707e-16  -0.00972773 -5.00225e-17   0.00300037 -5.70422e-17   0.00736149  5.90566e-18   0.00424396   1.8113e-17  0.000200364  2.17597e-17  -0.00155714  1.65932e-17  -0.00142457 -6.58623e-18 -0.000717118 -1.86257e-17  -0.00018593 -1.08457e-17  4.01799e-05 -4.91218e-19  8.07995e-05  2.81635e-18  5.72245e-05  2.00322e-18  2.89797e-05  1.00235e-18  1.16997e-05  6.19387e-19  3.83424e-06  4.20901e-19  9.71814e-07  1.76679e-19  1.45028e-07 -4.81445e-20 -2.32104e-08 -1.48637e-19 -3.01461e-08 -1.25614e-19 -1.55607e-08 -5.91707e-20 -6.12032e-09 -1.40677e-20  -2.0544e-09 -7.54477e-22 -6.13939e-10 -1.79237e-21 -1.66777e-10 -3.45434e-21 -4.16764e-11 -2.80306e-21 -9.65197e-12 -1.42507e-21 -2.08174e-12 -5.16128e-22 -4.19489e-13 -1.51409e-22 -7.91406e-14 -4.64294e-23 -1.39952e-14 -1.60288e-23 -2.32088e-15 -2.96105e-24 -3.60857e-16  2.32623e-24 -5.25621e-17   2.9061e-24 -7.16232e-18  1.83407e-24 -9.11191e-19  8.34273e-25 -1.07946e-19  2.98891e-25 -1.18697e-20  8.71724e-26 -1.20674e-21  2.08274e-26 -1.12906e-22   3.9997e-27 -9.66899e-24  5.79539e-28 -7.53052e-25  5.10183e-29 -5.29391e-26  -1.0296e-30 -3.32942e-27 -1.19958e-30  -1.8535e-28 -1.87644e-31 -9.01789e-30 -6.48545e-33 -3.77522e-31  3.06335e-33 -1.33362e-32  7.50465e-34  -3.8753e-34   9.5043e-35  -8.9362e-36  7.61287e-36 -1.54276e-37  3.76282e-37 -1.76943e-39   9.4501e-39 -9.09637e-42
 1.18532e-06  1.18488e-18 -4.45843e-05 -1.49143e-17  0.000270145  4.53105e-17 -5.13444e-05 -7.34591e-18  -0.00323365 -1.02399e-16   0.00707306  1.33018e-17   0.00256382  1.35448e-16   -0.0179663  4.67566e-17   0.00160839 -1.12437e-16    0.0205658 -1.13432e-16   0.00395479  8.27087e-17     -0.01418  8.44717e-17   -0.0110213  -4.0595e-17   0.00102186 -4.48024e-17   0.00683401 -3.31452e-18   0.00510444  1.66759e-17   0.00129209  3.14111e-17 -0.000960376  2.18114e-17  -0.00134052  -6.8069e-18  -0.00087232 -1.99863e-17 -0.000361234 -1.26215e-17   -7.275e-05 -2.38898e-18  2.83999e-05  1.67937e-18  3.97953e-05  1.80675e-18  2.60032e-05  1.28421e-18   1.2749e-05  9.63193e-19   5.1644e-06  6.50844e-19  1.78372e-06  2.68758e-19  5.27102e-07 -4.34402e-20  1.29951e-07 -1.68868e-19  2.42892e-08 -1.39837e-19  1.95298e-09 -6.61988e-20 -9.54841e-10 -1.95999e-20 -6.45892e-10  -6.1273e-21 -2.56656e-10 -5.82945e-21 -8.20579e-11  -5.6976e-21 -2.28202e-11 -3.79232e-21 -5.69797e-12  -1.8247e-21 -1.29791e-12 -6.91754e-22 -2.72118e-13 -2.33632e-22 -5.27858e-14 -7.96874e-23 -9.50187e-15 -2.51222e-23 -1.58956e-15 -3.53898e-24  -2.4722e-16  3.18966e-24 -3.57297e-17  3.38973e-24 -4.79273e-18   1.9539e-24  -5.9556e-19  8.30221e-25 -6.83842e-20  2.80933e-25 -7.23236e-21  7.77835e-26 -7.01777e-22  1.76638e-26 -6.21823e-23   3.2213e-27 -5.00312e-24  4.43654e-28 -3.63084e-25  3.80488e-29 -2.35766e-26 -1.08412e-31 -1.35669e-27 -5.81785e-31 -6.83897e-29 -7.09899e-32 -2.97838e-30   3.1928e-33 -1.10215e-31  2.40603e-33  -3.3975e-33  4.24696e-34  -8.5161e-35  4.40005e-35 -1.67913e-36  2.86607e-36 -2.44573e-38  1.07162e-37 -2.19122e-40  1.53047e-39
 9.73392e-20 -1.62403e-06  1.00493e-18  -6.1238e-05 -2.01189e-17    0.0005218  5.73833e-17 -0.000909403 -4.62809e-19  -0.00250614 -1.18593e-16    0.0086625 -6.90407e-18 -0.000621094  1.39181e-16   -0.0172945  7.46472e-17   0.00288955 -1.13432e-16    0.0198384 -1.01103e-16   0.00486932  7.04931e-17   -0.0130216  6.06633e-17   -0.0119935 -3.25195e-17 -0.000935729 -3.92153e-17   0.00593916 -1.12642e-17   0.00561416  1.92586e-17   0.00231221  4.14256e-17 -0.000216304   2.7026e-17  -0.00106458  -5.7966e-18 -0.000897542 -2.03006e-17 -0.000482087 -1.41003e-17 -0.000177708 -4.39437e-18 -3.31623e-05   3.2676e-19  1.18467e-05  1.43176e-18  1.60087e-05  1.49137e-18  1.01476e-05  1.31106e-18  4.89332e-06  9.03165e-19  1.98397e-06  3.75923e-19  7.02789e-07  -2.6518e-20  2.21378e-07  -1.7706e-19  6.24702e-08 -1.46288e-19  1.57912e-08 -7.12676e-20  3.54539e-09 -2.62999e-20  6.90762e-10 -1.29607e-20  1.09862e-10  -1.0647e-20  1.13782e-11 -8.21844e-21 -5.68806e-13 -4.87448e-21 -7.31448e-13 -2.26874e-21 -2.56661e-13 -8.88707e-22 -6.67993e-14 -3.20817e-22 -1.46864e-14  -1.1111e-22 -2.84966e-15 -3.21192e-23 -4.97509e-16 -3.36566e-24 -7.88951e-17  4.02796e-24 -1.14161e-17  3.69428e-24 -1.50981e-18  1.95866e-24 -1.82453e-19  7.79443e-25 -2.01108e-20  2.49051e-25 -2.01565e-21  6.53207e-26 -1.82894e-22  1.40509e-26 -1.49368e-23  2.42331e-27 -1.08977e-24  3.15835e-28 -7.03495e-26  2.62635e-29  -3.9688e-27  3.21005e-31 -1.92566e-28 -2.24846e-31  -7.8719e-30 -1.40395e-32 -2.64373e-31  5.47116e-33 -7.12137e-33  1.55494e-33  -1.5511e-34  2.12999e-34 -3.11085e-36  1.79941e-35 -7.05088e-38  9.24925e-37 -1.45938e-39  2.39272e-38 -1.36791e-41
  1.2464e-06  6.80236e-19 -1.74894e-05 -9.59121e-19 -1.70002e-05 -2.37698e-17  0.000680165   6.7709e-17  -0.00192339  7.86734e-18  -0.00102227 -1.26762e-16   0.00930002  -2.9717e-17  -0.00351774   1.3708e-16   -0.0163683  8.57429e-17   0.00395479 -1.01103e-16    0.0192568 -8.01459e-17   0.00567636  5.47697e-17   -0.0118517  3.94362e-17   -0.0126829 -2.90748e-17   -0.0028149 -4.09551e-17   0.00474723 -1.77299e-17   0.00575003  2.48024e-17   0.00316477  5.13873e-17  0.000587024  3.25173e-17 -0.000632795 -3.33943e-18 -0.000784434 -1.93929e-17 -0.000522487 -1.50324e-17 -0.000250604 -6.26879e-18 -8.84573e-05 -1.08146e-18 -1.88872e-05  9.69152e-19  2.11514e-06   1.6643e-18  4.87394e-06  1.66754e-18  3.21567e-06   1.1698e-18  1.55657e-06  4.95614e-19  6.31174e-07  6.60269e-21   2.2489e-07 -1.69139e-19  7.20718e-08 -1.43442e-19  2.10539e-08 -7.41136e-20  5.65372e-09 -3.38671e-20  1.40358e-09 -2.07778e-20  3.23438e-10 -1.58497e-20  6.93927e-11 -1.08011e-20  1.38952e-11 -5.95534e-21  2.60252e-12 -2.71325e-21  4.56931e-13 -1.08228e-21  7.53865e-14  -3.9991e-22  1.17211e-14  -1.3555e-22  1.72322e-15 -3.57875e-23  2.40452e-16 -2.41563e-24  3.19592e-17  4.73496e-24  4.05704e-18  3.78478e-24  4.92259e-19  1.85252e-24  5.69746e-20  6.91101e-25  6.25865e-21   2.0831e-25  6.47508e-22  5.16325e-26  6.24911e-23  1.04863e-26  5.56644e-24  1.70414e-27  4.52532e-25  2.09489e-28  3.31833e-26  1.68825e-29  2.16698e-27  4.46284e-31  1.24197e-28 -4.85667e-32  6.13612e-30  7.37108e-33  2.55199e-31  4.58482e-33  8.63627e-33  8.64047e-34  2.25559e-34  9.45502e-35  4.14234e-36  6.42316e-36  4.36465e-38  2.48104e-37  1.16128e-40  3.63285e-39
-1.81413e-20  3.27431e-06  2.08626e-18 -5.00434e-05  -5.2493e-18  0.000128393 -2.55022e-17  0.000584321  7.52522e-17  -0.00277307  1.70379e-17  0.000909007 -1.27557e-16    0.0090563 -4.76923e-17  -0.00600812  1.26334e-16   -0.0153077  8.27087e-17   0.00486932 -8.01459e-17    0.0187908 -5.56019e-17    0.0064063  4.04291e-17   -0.0106793  2.21208e-17   -0.0131221 -3.23147e-17  -0.00457349 -4.95175e-17   0.00332836 -2.30372e-17   0.00551262   3.1746e-17   0.00377279  6.06807e-17   0.00135629  3.83304e-17   -0.0001045  5.74494e-19 -0.000549889 -1.72074e-17 -0.000473601  -1.5225e-17 -0.000275286 -7.77984e-18  -0.00012402 -2.35034e-18 -4.40953e-05  5.54197e-19 -1.14638e-05  1.87089e-18   -1.246e-06   2.0488e-18   8.1928e-07  1.44905e-18  7.27131e-07  6.29283e-19  3.75773e-07  6.05396e-20  1.55096e-07 -1.42469e-19  5.53841e-08 -1.31021e-19  1.76966e-08 -7.47977e-20  5.15022e-09 -4.18396e-20  1.37984e-09 -2.89133e-20   3.4271e-10 -2.09514e-20  7.92858e-11 -1.31962e-20  1.71431e-11 -6.92265e-21  3.47238e-12  -3.1029e-21   6.5991e-13 -1.24344e-21  1.17774e-13 -4.57974e-22  1.97446e-14 -1.49029e-22  3.10856e-15 -3.56009e-23  4.59203e-16 -8.62826e-25  6.35551e-17   5.2078e-24  8.22436e-18  3.65737e-24  9.92407e-19  1.65584e-24  1.11291e-19  5.79076e-25  1.15522e-20  1.64414e-25  1.10466e-21  3.84172e-26  9.67667e-23  7.34405e-27  7.71451e-24    1.121e-27  5.55426e-25  1.29697e-28  3.57832e-26  1.01663e-29  2.03978e-27  4.12682e-31  1.01434e-28  2.00555e-32  4.31905e-30  1.13399e-32  1.53457e-31  2.95092e-33   4.3787e-33  4.19815e-34   9.4312e-35  3.69434e-35    1.368e-36  1.96479e-36  1.02269e-38  5.22328e-38  1.01689e-41
 4.27343e-07  3.58476e-20  1.55246e-06  4.34494e-18 -8.22098e-05 -1.14781e-17  0.000359545 -2.57084e-17  0.000156078  7.93482e-17  -0.00318414  2.55547e-17   0.00292961 -1.21449e-16   0.00811227 -5.68012e-17  -0.00807014  1.07707e-16     -0.01418  7.04931e-17   0.00567636 -5.56019e-17    0.0184212 -3.11327e-17   0.00708193  3.06603e-17  -0.00950682  8.21049e-18   -0.0133368 -4.29743e-17  -0.00617934 -6.36422e-17    0.0017511 -2.79242e-17   0.00492254  3.83209e-17   0.00408188  6.85354e-17   0.00200292  4.42111e-17   0.00044671  5.67937e-18 -0.000232654 -1.38752e-17 -0.000345493 -1.46017e-17 -0.000247507 -8.74391e-18 -0.000132161 -3.28138e-18 -5.75578e-05  3.39383e-19 -2.09499e-05  2.18829e-18 -6.29143e-06  2.47597e-18 -1.44177e-06  1.74446e-18 -1.64179e-07  7.81202e-19  5.97756e-08  1.38847e-19  5.29902e-08 -9.68454e-20   2.5048e-08 -1.10214e-19  9.35663e-09 -7.37005e-20  3.01816e-09 -4.96516e-20  8.70912e-10 -3.66151e-20  2.28846e-10 -2.54533e-20  5.53174e-11 -1.51601e-20  1.23771e-11 -7.66461e-21  2.57326e-12 -3.38208e-21  4.98268e-13 -1.34573e-21   8.9966e-14 -4.85532e-22  1.51524e-14 -1.49777e-22  2.37967e-15 -3.18691e-23  3.48136e-16   9.6742e-25  4.73689e-17  5.37301e-24  5.98159e-18  3.33972e-24  6.99095e-19  1.39997e-24  7.53709e-20  4.58664e-25   7.4659e-21  1.22453e-25  6.76254e-22  2.69056e-26  5.56983e-23  4.82721e-27  4.14352e-24  6.90179e-28  2.76184e-25  7.50909e-29   1.6333e-26  5.76943e-30  8.46508e-28  3.17037e-31  3.78422e-29  3.47696e-32  1.42782e-30  8.88526e-33  4.40571e-32  1.59533e-33  1.05759e-33  1.79245e-34  1.80669e-35  1.25745e-35  1.80692e-37  4.99608e-37  5.03767e-40  7.48537e-39
-1.45522e-19  2.26952e-06  3.68709e-19 -1.25325e-05  7.05692e-18  -7.5241e-05 -1.84311e-17  0.000591177 -2.50326e-17 -0.000550312  7.95843e-17  -0.00302133  3.15109e-17   0.00474121 -1.09176e-16   0.00667273  -5.6739e-17  -0.00972773  8.44717e-17   -0.0130216  5.47697e-17    0.0064063 -3.11327e-17    0.0181352 -8.12515e-18   0.00772149  2.67882e-17  -0.00833234 -3.90928e-18   -0.0133463  -6.0568e-17  -0.00760599 -8.17526e-17  8.28329e-05 -3.33426e-17   0.00401812  4.28446e-17   0.00406301  7.41231e-17    0.0024525  4.96237e-17  0.000943874  1.14273e-17  0.000114049 -9.74142e-18 -0.000164526 -1.32342e-17 -0.000175575 -9.05567e-18  -0.00011283 -3.70654e-18 -5.69227e-05  4.60409e-19 -2.42267e-05  2.68094e-18 -8.94777e-06  2.96605e-18 -2.89582e-06   2.0608e-18 -8.17928e-07  9.55117e-19 -1.96968e-07  2.41713e-19 -3.76276e-08 -3.52495e-20  -4.1607e-09 -8.36382e-20  6.70993e-10 -7.14541e-20  6.18856e-10 -5.67091e-20   2.5218e-10  -4.3162e-20  7.93558e-11 -2.89224e-20  2.13909e-11 -1.64931e-20  5.13195e-12 -8.09016e-21  1.11583e-12 -3.50738e-21  2.21996e-13 -1.37198e-21  4.06284e-14 -4.78917e-22  6.85902e-15  -1.3859e-22  1.06939e-15 -2.56036e-23  1.53967e-16  2.69789e-24  2.04506e-17  5.20751e-24  2.50137e-18  2.88439e-24  2.81007e-19  1.12006e-24  2.88975e-20   3.4343e-25  2.70882e-21  8.60502e-26  2.30273e-22  1.77345e-26  1.76415e-23    2.978e-27   1.2088e-24  3.97938e-28  7.33873e-26  4.07447e-29  3.90136e-27  3.10392e-30  1.78836e-28  2.14717e-31  6.92008e-30  2.85696e-32  2.18915e-31  5.38951e-33  5.35932e-33  7.46716e-34  9.04202e-35  6.71017e-35  7.09054e-37  3.66393e-36  -6.1124e-39  9.97406e-38 -1.26844e-40
