 9.77405e-35 -2.91325e-51 -8.12257e-35 -3.09506e-49 -1.02475e-35 -1.01884e-48  1.65666e-35 -2.78954e-48  9.06214e-36  1.07522e-46 -1.42732e-35  5.20269e-46  2.49139e-36  7.23129e-46  2.20427e-36  1.57493e-45  1.03034e-37 -9.76283e-45 -1.50602e-36 -9.43408e-45  1.70365e-36  9.05135e-44 -5.15923e-36  6.66635e-44  3.50878e-35  1.27164e-43 -2.13511e-34 -1.89027e-43  1.14789e-33 -2.17176e-43 -5.52187e-33  5.74073e-43   2.3849e-32 -1.34354e-42 -9.26392e-32  6.48817e-42  3.23954e-31 -2.98285e-41 -1.02011e-30  1.18993e-40  2.89122e-30 -4.37928e-40 -7.36631e-30  1.48213e-39  1.68361e-29 -4.64942e-39 -3.44114e-29  1.34629e-38  6.26219e-29  -3.6016e-38  -1.0085e-28   8.9031e-38  1.42518e-28  -2.0331e-37 -1.74599e-28  4.28635e-37  1.82073e-28 -8.33599e-37 -1.56799e-28  1.49368e-36  1.05197e-28 -2.46228e-36 -4.71656e-29  3.72738e-36  4.53365e-30 -5.17022e-36  1.27175e-29    6.555e-36 -1.06179e-29  -7.5756e-36  2.74056e-30  7.95937e-36  1.59672e-30 -7.58703e-36 -1.50294e-30  6.56086e-36  1.93447e-31 -5.17051e-36  2.95256e-31   3.7659e-36 -1.26092e-31 -2.60969e-36 -3.16818e-32  1.79573e-36  2.88752e-32 -1.26994e-36  1.98409e-33  9.18153e-37 -4.77237e-33 -6.49389e-37 -5.54849e-35  4.27263e-37  6.31192e-34  -2.5264e-37  5.62838e-36  1.32229e-37 -6.33378e-35 -6.14628e-38 -2.02036e-36   2.5977e-38  2.60882e-36  -1.0395e-38  1.69273e-36  4.06539e-39 -5.70691e-37 -1.53047e-39  5.71783e-38  5.20601e-40 -2.17391e-38   -1.481e-40  5.09054e-39  3.27106e-41  5.12916e-41 -5.14096e-42 -9.35751e-41  4.86332e-43  1.48604e-41  -1.1132e-44 -2.31295e-42 -3.00857e-45  1.39995e-43  3.21896e-46 -1.51744e-48 -1.01553e-47 -1.40792e-46  3.85883e-50
-2.91325e-51  1.68835e-34 -9.55183e-50 -8.70356e-35 -5.39047e-48 -4.50328e-35 -2.25987e-47  3.43519e-35 -4.88608e-47   1.3287e-35  1.21052e-45 -2.08529e-35  5.03538e-45   4.0045e-36  7.29795e-45  5.67608e-36  1.22681e-44 -3.54744e-36 -6.89153e-44  -4.5668e-36 -5.85446e-44  3.15736e-35  6.08954e-43 -2.07607e-34  5.08743e-43  1.32143e-33  7.15832e-43 -7.52133e-33 -9.83258e-43  3.82654e-32 -2.16733e-42 -1.74593e-31  9.06328e-42  7.15967e-31 -3.08535e-41 -2.64231e-30  1.37962e-40  8.78144e-30  -5.8924e-40 -2.62783e-29   2.2667e-39  7.07483e-29 -8.03518e-39 -1.71082e-28  2.62767e-38  3.70635e-28 -7.94728e-38 -7.16689e-28  2.22072e-37  1.23061e-27 -5.73514e-37   -1.863e-27  1.36878e-36  2.46172e-27  -3.0177e-36 -2.79767e-27  6.14121e-36  2.67203e-27 -1.15243e-35   -2.059e-27  1.99141e-35  1.17105e-27 -3.16322e-35 -3.58124e-28  4.60872e-35 -1.10719e-28 -6.14295e-35  2.06736e-28  7.46727e-35 -1.04078e-28 -8.24817e-35 -1.12985e-30  8.24514e-35  3.01793e-29 -7.42799e-35 -1.29181e-29  6.01097e-35 -2.73849e-30 -4.36983e-35  3.85309e-30  2.88095e-35 -3.91031e-31 -1.77498e-35 -6.79355e-31   1.0857e-35  1.70221e-31 -7.05852e-36  9.61685e-32  4.91786e-36 -3.25771e-32 -3.42865e-36  -1.2202e-32   2.2071e-36  4.20029e-33 -1.24621e-36   1.3403e-33  6.02648e-37 -3.13222e-34 -2.49232e-37  -1.3306e-34  9.09848e-38  4.64837e-36 -3.19339e-38  1.41121e-35  1.19344e-38 -1.26408e-36 -4.68497e-39  6.10188e-38  1.69072e-39 -1.48991e-37 -4.94986e-40  1.80926e-38  1.07824e-40  1.21587e-39 -1.59632e-41 -1.33743e-40  1.32915e-42  3.70869e-41 -1.35142e-44 -6.75782e-42  -7.9836e-45  2.25193e-43  6.01791e-46  1.57491e-45 -1.12676e-47 -1.14784e-46
-8.12257e-35 -9.55183e-50  2.08355e-34  -1.4462e-48 -1.03415e-34 -5.68112e-47 -7.19638e-35 -2.81377e-46  5.90171e-35 -5.16235e-46  4.39215e-36  8.98361e-45 -2.90255e-35   3.2618e-44  1.46949e-35  4.75759e-44  7.50869e-36   6.7949e-44  1.23116e-38 -3.25105e-43 -1.06131e-34 -2.11878e-43  8.28107e-34  2.83471e-42 -5.58387e-33  2.77442e-42  3.36655e-32  2.45237e-42 -1.81258e-31 -1.90896e-42  8.74127e-31 -2.25576e-41 -3.78541e-30  1.12477e-40  1.47455e-29  -4.5681e-40 -5.17175e-29  1.97422e-39  1.63366e-28 -8.00072e-39 -4.64555e-28  2.96504e-38  1.18776e-27 -1.01354e-37  -2.7248e-27  3.19977e-37   5.5912e-27 -9.33949e-37 -1.02175e-26  2.51991e-36  1.65283e-26 -6.28547e-36 -2.34691e-26  1.44901e-35  2.89005e-26  -3.0856e-35 -3.03075e-26   6.0641e-35  2.62655e-26 -1.09857e-34 -1.77538e-26  1.83165e-34  8.04565e-27 -2.80513e-34 -8.23019e-28  3.93633e-34 -2.15536e-27 -5.04602e-34  1.83269e-27  5.88747e-34 -4.87199e-28 -6.22431e-34 -2.71903e-28  5.93073e-34  2.64579e-28 -5.06126e-34 -3.68619e-29  3.84242e-34 -5.15117e-29 -2.58074e-34  2.28571e-29  1.53569e-34  5.46879e-30 -8.29665e-35 -5.29409e-30  4.39898e-35  -2.9204e-31 -2.59976e-35  8.79561e-31  1.78554e-35 -3.71011e-33 -1.26792e-35 -1.15691e-31  8.16922e-36   1.8707e-34 -4.45157e-36  1.14332e-32  1.98132e-36  8.32924e-34 -7.04749e-37   -8.792e-34   2.0098e-37 -1.46916e-34 -5.22871e-38   5.0814e-35  1.79593e-38  5.56541e-36 -8.42194e-39   8.1547e-37  3.57731e-39 -6.27982e-37 -1.12273e-39  6.29516e-39  2.43167e-40  2.90022e-39 -3.36127e-41  3.60511e-40  2.38434e-42  1.07385e-40  1.14614e-44 -1.16413e-41 -1.38378e-44  1.14687e-43  6.91754e-46 -4.82642e-46 -5.90389e-48
-3.09506e-49 -8.70356e-35  -1.4462e-48  2.75259e-34 -1.47852e-47 -1.39833e-34 -4.35097e-46 -8.63588e-35 -2.45182e-45  1.01361e-34 -3.96611e-45 -1.80177e-35  5.12445e-44 -4.80438e-35  1.64408e-43  4.18002e-35  2.34726e-43 -2.33811e-35  3.13002e-43  2.90422e-34 -1.14852e-42 -2.56621e-33    -4.21e-43   1.8567e-32  1.05946e-41 -1.18792e-31   1.2933e-41  6.77399e-31  2.06607e-42 -3.45489e-30  2.37393e-41  1.58059e-29 -2.45562e-40     -6.5e-29  1.23167e-39  2.40604e-28 -5.29784e-39 -8.02153e-28   2.2159e-38  2.40847e-27 -8.60404e-38  -6.5072e-27  3.07359e-37  1.57946e-26 -1.01373e-36 -3.43538e-26     3.09e-36    6.671e-26 -8.70973e-36 -1.15062e-25  2.27023e-35   1.7503e-25 -5.47161e-35  -2.3248e-25  1.21891e-34  2.65698e-25 -2.50804e-34 -2.55355e-25   4.7618e-34  1.98194e-25 -8.33091e-34 -1.13769e-25  1.34073e-33  3.54325e-26 -1.98049e-33  1.04334e-26  2.67796e-33 -2.02552e-26  -3.3035e-33   1.0406e-26  3.70228e-33  5.30139e-30 -3.74995e-33 -2.99902e-27  3.41027e-33  1.32704e-27 -2.76155e-33  2.58734e-28  1.97059e-33 -3.92815e-28 -1.22401e-33  4.42757e-29  6.54695e-34  6.96141e-29 -3.03764e-34 -1.86632e-29  1.33011e-34 -9.78882e-30 -6.95643e-35  3.58079e-30  4.94953e-35  1.22804e-30 -3.79181e-35 -4.54404e-31  2.52548e-35 -1.42588e-31 -1.35156e-35  3.56242e-32  5.58272e-36  1.54267e-32 -1.67135e-36 -1.59604e-33  3.07399e-37 -1.12996e-33 -1.49035e-38 -9.21836e-37 -3.33796e-40  3.53055e-35 -7.57342e-39  8.61981e-36  5.52824e-39 -1.21541e-36  -1.9986e-39 -1.29224e-37  4.33419e-40 -1.04204e-38 -5.50864e-41  1.06704e-39   3.1513e-42  2.90839e-40  7.69678e-44 -8.15812e-42 -1.79141e-44  1.64835e-44  5.40713e-46 -3.41705e-45
-1.02475e-35 -5.39047e-48 -1.03415e-34 -1.47852e-47  3.58007e-34 -1.18298e-46 -1.87058e-34 -2.60119e-45 -9.85379e-35 -1.65351e-44  1.69732e-34 -2.42052e-44 -4.28356e-35  2.40847e-43 -8.90298e-35  6.89561e-43  1.47992e-34  9.44948e-43 -7.52625e-34  1.28644e-42  6.65716e-33 -2.99976e-42 -5.14866e-32  3.92343e-43  3.50247e-31  3.32959e-41 -2.11742e-30  5.85203e-41  1.14291e-29 -5.94108e-41  -5.5266e-29  4.07887e-40  2.40012e-28 -2.48346e-39  -9.3775e-28  1.19727e-38  3.29949e-27 -5.14781e-38 -1.04576e-26  2.07944e-37  2.98438e-26 -7.76813e-37 -7.65922e-26   2.6768e-36  1.76411e-25 -8.52309e-36 -3.63531e-25  2.50942e-35  6.67339e-25 -6.83433e-35 -1.08475e-24  1.72173e-34   1.5483e-24 -4.01129e-34 -1.91739e-24  8.63824e-34  2.02325e-24 -1.71805e-33 -1.76578e-24  3.15223e-33  1.20375e-24 -5.32754e-33 -5.52457e-25  8.27816e-33  6.09462e-26  -1.1798e-32  1.46201e-25  1.53768e-32 -1.27142e-25 -1.82604e-32  3.50225e-26  1.96666e-32  1.84579e-26 -1.90967e-32 -1.87166e-26  1.65905e-32  2.84025e-27 -1.27633e-32  3.60506e-27  8.57221e-33 -1.67598e-27 -4.92606e-33 -3.72234e-28  2.35437e-33  3.90053e-28 -9.06756e-34  1.53216e-29  2.92051e-34  -6.4958e-29 -1.22773e-34  1.29967e-30  1.04703e-34  8.56107e-30 -9.65826e-35  -8.5173e-32  6.91923e-35 -8.89295e-31 -3.71058e-35 -4.93546e-32  1.45219e-35  7.07499e-32 -3.71524e-36  8.87299e-33   3.0627e-37 -3.23264e-33  1.98305e-37 -7.30618e-34 -8.78032e-38  2.65998e-35  7.88914e-39  3.49482e-35  6.14794e-39  1.03838e-36 -2.96489e-39 -2.70032e-37  6.45923e-40 -6.59155e-38 -7.35761e-41 -1.70468e-39  3.04409e-42  4.20056e-40  1.72222e-43  5.99501e-42 -1.80719e-44  2.45234e-43  2.72815e-46
-1.01884e-48 -4.50328e-35 -5.68112e-47 -1.39833e-34 -1.18298e-46  4.37544e-34 -7.97589e-46 -2.49312e-34 -1.25539e-44  -1.2587e-34  -9.1486e-44  2.57363e-34 -1.23779e-43 -4.47421e-35  9.74736e-43 -2.74945e-34  2.50846e-42  1.69721e-33  3.28732e-42  -1.4965e-32  4.91124e-42  1.23005e-31  -4.6421e-42 -8.90548e-31  8.82071e-42  5.71417e-30   8.3392e-41 -3.26688e-29  2.92662e-40   1.6707e-28 -7.70737e-40 -7.66526e-28  4.26885e-39  3.16181e-27 -2.23473e-38 -1.17413e-26  1.03161e-37  3.92772e-26 -4.33125e-37 -1.18353e-25  1.68813e-36  3.20983e-25 -6.07908e-36 -7.82248e-25  2.02207e-35   1.7087e-24 -6.21912e-35 -3.33318e-24  1.76955e-34  5.77712e-24 -4.65893e-34 -8.83398e-24   1.1349e-33  1.17999e-23 -2.55697e-33 -1.35694e-23  5.32488e-33  1.31315e-23 -1.02401e-32 -1.02746e-23  1.81616e-32  5.96076e-24 -2.96589e-32 -1.89732e-24  4.45052e-32 -5.22798e-25 -6.12086e-32  1.06791e-24  7.69095e-32 -5.62015e-25 -8.79402e-32  6.93605e-27  9.10434e-32   1.6022e-25 -8.47861e-32  -7.3681e-26  7.04075e-32 -1.29345e-26 -5.15019e-32  2.16176e-26  3.25881e-32 -2.74702e-27  -1.7324e-32 -3.82761e-27  7.33907e-33   1.1072e-27 -2.20961e-33  5.33183e-28  3.37867e-34 -2.11873e-28 -2.71257e-35 -6.68565e-29  1.43915e-34  2.70499e-29 -2.12835e-34  8.08534e-30  1.71849e-34  -2.2845e-30 -9.39549e-35 -8.71658e-31  3.57057e-35  1.09135e-31 -8.24307e-36  6.43366e-32  1.27061e-37  8.34311e-34  7.52926e-37 -2.76286e-33 -3.06365e-37 -3.64828e-34    5.073e-38  5.39257e-35  3.74574e-39  1.08018e-35 -3.77567e-39  5.25112e-37  8.23535e-40  -1.1668e-37 -8.04999e-41 -1.08634e-38   1.7583e-42  4.71693e-41  2.60213e-43  9.65239e-42 -1.40809e-44  3.51763e-43
 1.65666e-35 -2.25987e-47 -7.19638e-35 -4.35097e-46 -1.87058e-34 -7.97589e-46  5.34903e-34 -4.73259e-45 -3.28388e-34 -4.94591e-44 -1.75723e-34 -4.31761e-43  3.25851e-34 -5.49577e-43  1.99665e-34  3.51268e-42 -3.07765e-33  8.15219e-42  2.95015e-32  1.04857e-41 -2.58193e-31  1.78663e-41  1.99159e-30    4.079e-42 -1.35793e-29  6.15965e-41  8.23081e-29  8.76206e-41 -4.45484e-28  1.72927e-39  2.16037e-27 -7.02896e-39 -9.41075e-27  3.66251e-38  3.68872e-26 -1.78635e-37 -1.30231e-25  7.91731e-37  4.14253e-25 -3.21906e-36 -1.18671e-24  1.21059e-35  3.05796e-24 -4.20716e-35 -7.07358e-24  1.35176e-34  1.46434e-23 -4.01831e-34 -2.70126e-23  1.10553e-33   4.4139e-23 -2.81527e-33 -6.33573e-23   6.6343e-33  7.89445e-23 -1.44607e-32 -8.38718e-23  2.91324e-32  7.37707e-23 -5.41861e-32 -5.07741e-23  9.29222e-32  2.36456e-23 -1.46656e-31 -2.84296e-24  2.12556e-31  -6.1431e-24 -2.82133e-31  5.48888e-24  3.41797e-31  -1.5755e-24 -3.76337e-31 -7.72694e-25  3.74566e-31  8.23974e-25 -3.34605e-31 -1.37057e-25  2.65685e-31 -1.56471e-25  -1.8489e-31  7.68472e-26  1.10294e-31  1.54325e-26 -5.42211e-32 -1.78819e-26    2.015e-32 -3.81534e-28 -4.20332e-33  2.98293e-27 -6.83252e-34 -1.10177e-28   8.4244e-34 -3.97378e-28 -2.77509e-35  9.78321e-30  -4.0161e-34  4.26387e-29  3.88543e-34  1.53079e-30  -2.1924e-34 -3.41617e-30  8.24651e-35  -3.8879e-31 -1.82577e-35  1.61891e-31  -8.0256e-38  3.69006e-32  1.80707e-36 -2.65376e-33 -7.16487e-37 -1.54346e-33  1.31659e-37 -7.63359e-35  -2.9573e-39  1.90064e-35 -4.14715e-39  3.21458e-36  8.95353e-40  2.67366e-38 -6.90955e-41 -1.55819e-38  -4.4347e-43 -6.79843e-40  2.94987e-43 -7.43951e-42 -7.57951e-45
-2.78954e-48  3.43519e-35 -2.81377e-46 -8.63588e-35 -2.60119e-45 -2.49312e-34 -4.73259e-45  6.73593e-34 -2.53529e-44 -4.11123e-34 -1.56989e-43 -2.17504e-34 -1.78796e-42  3.08071e-35 -2.17188e-42  4.67454e-33  1.15886e-41 -5.13465e-32  2.41942e-41  4.82168e-31  3.25522e-41 -3.96963e-30  6.33538e-41  2.88004e-29  5.53163e-41 -1.85273e-28  3.83273e-40  1.06214e-27 -9.35414e-40 -5.44755e-27  1.14166e-38  2.50702e-26 -5.49066e-38 -1.03746e-25  2.75098e-37  3.86577e-25 -1.27881e-36 -1.29788e-24  5.45399e-36  3.92591e-24 -2.14211e-35 -1.06908e-23   7.7767e-35  2.61666e-23 -2.61047e-34 -5.74201e-23  8.10738e-34   1.1256e-22 -2.33079e-33 -1.96117e-22  6.20412e-33  3.01586e-22 -1.52892e-32 -4.05315e-22   3.4872e-32  4.69245e-22 -7.35683e-32 -4.57559e-22   1.4343e-31  3.61238e-22 -2.58112e-31 -2.12097e-22  4.28084e-31   6.9236e-23  -6.5309e-31  1.74912e-23  9.14357e-31 -3.81443e-23 -1.17138e-30  2.06443e-23  1.36825e-30 -5.70878e-25 -1.45065e-30 -5.79329e-24    1.388e-30  2.78473e-24 -1.18939e-30   4.2733e-25  9.03132e-31 -8.07893e-25 -5.98105e-31  1.16705e-25  3.36534e-31  1.42187e-25 -1.52928e-31 -4.47239e-26  4.92201e-32 -1.95763e-26 -5.10891e-33  8.53735e-27 -5.85408e-33  2.45607e-27  4.26505e-33 -1.10788e-27 -9.94916e-34 -3.04164e-28 -6.19083e-34  9.80592e-29   7.9654e-34  3.33722e-29 -4.68149e-34 -4.90565e-30  1.76233e-34 -2.60653e-30  -3.8876e-35 -1.26421e-33  2.22887e-37   1.2023e-31  3.44535e-36  1.29767e-32  -1.3552e-36 -2.20117e-33  2.54894e-37 -4.98457e-34 -1.44737e-38 -1.36438e-35 -3.76913e-39  5.14075e-36  7.94412e-40  4.21129e-37 -3.83315e-41  1.79337e-39 -2.73369e-42 -6.98447e-40  2.49948e-43 -1.44176e-41
 9.06214e-36 -4.88608e-47  5.90171e-35 -2.45182e-45 -9.85379e-35 -1.25539e-44 -3.28388e-34 -2.53529e-44  8.43263e-34 -1.24209e-43 -4.99532e-34 -3.76094e-43  1.86522e-34 -6.63647e-42 -6.36088e-33 -7.77588e-42  7.97706e-32  3.57968e-41 -8.08142e-31  6.66493e-41  7.11793e-30   1.0162e-40 -5.50368e-29  2.26715e-40  3.76225e-28  1.45395e-40 -2.28667e-27  2.43827e-39  1.24123e-26 -1.08687e-38 -6.03784e-26  7.64416e-38  2.63869e-25  -3.8355e-37 -1.03784e-24  1.85248e-36  3.67748e-24 -8.26781e-36 -1.17429e-23  3.39802e-35  3.37776e-23 -1.28875e-34  -8.7418e-23  4.51956e-34  2.03148e-22 -1.46654e-33  -4.2262e-22  4.40567e-33  7.83715e-22 -1.22576e-32 -1.28785e-21  3.15865e-32  1.85991e-21 -7.53735e-32 -2.33302e-21  1.66478e-31  2.49713e-21  -3.4009e-31  -2.2153e-21  6.41927e-31  1.54108e-21 -1.11804e-30 -7.29687e-22  1.79383e-30  9.63545e-23 -2.64584e-30   1.8484e-22  3.57864e-30  -1.7054e-22 -4.42497e-30  5.12748e-23  4.98309e-30  2.30358e-23  -5.0866e-30 -2.61088e-23  4.67794e-30   4.7865e-24  -3.8446e-30    4.865e-24  2.79146e-30 -2.54565e-24 -1.75947e-30 -4.48501e-25  9.34083e-31   5.9008e-25 -3.92212e-31  7.07543e-28  1.07652e-31 -9.85951e-26  1.98052e-33  5.57274e-27  -2.2886e-32  1.32964e-26  1.43113e-32 -5.81933e-28 -4.11368e-33 -1.46025e-27 -6.60209e-34 -2.47376e-29  1.46994e-33  1.19696e-28 -9.08992e-34  1.20171e-29  3.44389e-34 -6.03738e-30  -7.6739e-35 -1.25205e-30   1.8727e-36  1.18471e-31  5.66945e-36  5.44415e-32 -2.22916e-36   2.5626e-33  4.18042e-37 -8.01148e-34 -3.09649e-38 -1.10725e-34 -2.29838e-39  -4.6039e-37  4.84946e-40  5.83022e-37  4.54855e-42  2.87232e-38 -4.08006e-42  1.19001e-40  1.40585e-43
 1.07522e-46   1.3287e-35 -5.16235e-46  1.01361e-34 -1.65351e-44  -1.2587e-34 -4.94591e-44 -4.11123e-34 -1.24209e-43  1.02928e-33 -5.59245e-43 -1.06646e-33 -4.97124e-43  8.42325e-33 -2.24312e-41 -1.11684e-31 -2.55492e-41  1.22383e-30  1.05173e-40 -1.15599e-29  1.72948e-40  9.54301e-29  3.10812e-40 -6.94163e-28  8.65953e-40  4.47786e-27 -5.81754e-40 -2.57457e-26  1.56644e-38  1.32453e-25 -8.27855e-38 -6.11553e-25  4.88457e-37  2.53949e-24 -2.43008e-36 -9.49724e-24  1.13123e-35  3.20093e-23 -4.86077e-35 -9.72218e-23  1.92713e-34  2.65903e-22  -7.0605e-34 -6.53841e-22  2.39362e-33  1.44189e-21 -7.51391e-33 -2.84145e-21  2.18507e-32  4.97877e-21  -5.8876e-32 -7.70309e-21  1.46979e-31  1.04214e-20 -3.39833e-31 -1.21539e-20  7.27291e-31  1.19499e-20 -1.43946e-30 -9.52813e-21  2.63169e-30   5.6698e-21 -4.43783e-30 -1.90439e-21  6.89003e-30  -4.3042e-22 -9.82712e-30   1.0208e-21  1.28418e-29 -5.70445e-22 -1.53256e-29  2.58965e-23  1.66368e-29  1.56764e-22 -1.63468e-29 -7.92385e-23  1.44453e-29 -1.01944e-23 -1.13824e-29  2.26633e-23  7.90021e-30  -3.7375e-24 -4.73857e-30 -3.94578e-24  2.37393e-30  1.36057e-24 -9.20844e-31  5.34871e-25  2.11627e-31 -2.59345e-25  3.48943e-32 -6.68361e-26 -6.75655e-32  3.42607e-26  3.87051e-32  8.43948e-27 -1.19605e-32 -3.14488e-27  -3.2176e-36 -9.58907e-28  2.41682e-33  1.68128e-28 -1.59777e-33  7.90739e-29   6.1136e-34 -1.32443e-30 -1.37436e-34 -3.83138e-30  5.39757e-36 -3.62435e-31  8.51497e-36  7.54658e-32 -3.33764e-36  1.59852e-32    6.177e-37   2.4342e-34  -5.3084e-38 -1.70818e-34  5.59497e-40 -1.35147e-35 -2.71501e-42 -1.58898e-38   4.4895e-41  2.69304e-38  -3.8405e-42  4.37222e-40
-1.42732e-35  1.21052e-45  4.39215e-36 -3.96611e-45  1.69732e-34  -9.1486e-44 -1.75723e-34 -1.56989e-43 -4.99532e-34 -5.59245e-43  1.70585e-33 -2.31728e-42 -1.06763e-32  9.43658e-43  1.42124e-31 -6.98182e-41 -1.68275e-30 -7.77895e-41  1.70899e-29  2.95868e-40 -1.50929e-28  4.33458e-40  1.17007e-27  8.44917e-40 -8.02056e-27   3.7303e-39   4.8891e-26 -9.91787e-39 -2.66208e-25  9.74964e-38  1.29918e-24 -5.35433e-37 -5.69745e-24  2.90521e-36  2.24914e-23 -1.40604e-35 -8.00058e-23  6.30745e-35  2.56528e-22 -2.61265e-34 -7.41116e-22  1.00001e-33  1.92697e-21 -3.54137e-33 -4.50021e-21  1.16149e-32  9.41155e-21  -3.5301e-32 -1.75519e-20  9.94525e-32  2.90183e-20 -2.59727e-31 -4.21855e-20  6.28621e-31  5.33004e-20 -1.40933e-30 -5.75133e-20  2.92454e-30  5.15035e-20 -5.61139e-30 -3.62537e-20  9.94206e-30  1.74874e-20 -1.62393e-29 -2.54903e-21  2.44054e-29 -4.28667e-21 -3.36668e-29  4.10685e-21  4.25092e-29 -1.29963e-21 -4.89606e-29 -5.25531e-22   5.1225e-29  6.41215e-22 -4.84322e-29 -1.30132e-22  4.11059e-29 -1.16547e-22 -3.10379e-29  6.55632e-23  2.05818e-29  9.74745e-24 -1.17428e-29 -1.50949e-23  5.55103e-30  3.24051e-25 -1.98904e-30  2.52465e-24  3.74558e-31 -2.00473e-25  1.29412e-31 -3.44353e-25 -1.66622e-31   2.2911e-26  8.95982e-32  3.86399e-26 -2.85916e-32 -1.38855e-28  2.35638e-33  -3.2693e-27  3.47733e-33 -2.72717e-28 -2.53143e-33  1.74663e-28  9.81976e-34  3.24326e-29 -2.20604e-34 -3.90635e-30  9.79069e-36 -1.52069e-30  1.23112e-35 -5.66466e-32 -4.72109e-36  2.47523e-32  8.57037e-37  3.03723e-33 -8.21561e-38 -5.55403e-36  4.79375e-39 -1.81111e-35 -5.48608e-40 -8.28671e-37  6.64659e-41 -6.06161e-40  -2.2521e-42
 5.20269e-46 -2.08529e-35  8.98361e-45 -1.80177e-35 -2.42052e-44  2.57363e-34 -4.31761e-43 -2.17504e-34 -3.76094e-43 -1.06646e-33 -2.31728e-42  1.18582e-32  -8.8438e-42 -1.64767e-31  9.54801e-42   2.1083e-30 -2.01592e-40 -2.30839e-29 -2.20991e-40   2.1859e-28  7.92952e-40 -1.80926e-27   1.1166e-39  1.31971e-26  1.53023e-39 -8.53807e-26  1.81768e-38  4.92424e-25 -7.95289e-38 -2.54169e-24  5.72471e-37  1.17761e-23 -3.11007e-36 -4.90808e-23  1.59666e-35   1.8427e-22 -7.46428e-35 -6.23631e-22  3.22655e-34  1.90247e-21 -1.28921e-33 -5.22758e-21  4.76678e-33  1.29182e-20 -1.63271e-32 -2.86388e-20  5.18449e-32  5.67568e-20 -1.52685e-31 -1.00055e-19  4.17095e-31  1.55823e-19  -1.0567e-30 -2.12326e-19   2.4818e-30  2.49596e-19  -5.3998e-30 -2.47635e-19  1.08736e-29  1.99603e-19 -2.02405e-29  -1.2055e-19  3.47755e-29  4.17924e-20 -5.50481e-29  8.19347e-21  8.01115e-29 -2.16615e-20 -1.06912e-28  1.25508e-20  1.30445e-28 -8.22695e-22 -1.44988e-28  -3.3586e-21  1.46164e-28  1.79654e-21 -1.32923e-28  1.81835e-22   1.0829e-28 -5.04852e-22 -7.82952e-29  9.52429e-23  4.95631e-29  8.65127e-23 -2.68783e-29 -3.29901e-23  1.19844e-29 -1.14734e-23 -3.96701e-30  6.28179e-24  5.96837e-31  1.41754e-24  3.42913e-31 -8.44305e-25 -3.56608e-31 -1.82637e-25  1.82313e-31  8.01991e-26 -5.92012e-32  2.17258e-26  7.99508e-33 -4.60534e-27  4.20189e-33 -1.89358e-27   -3.586e-33  6.96893e-29  1.41905e-33  9.70067e-29 -3.13193e-34   7.8624e-30  1.08356e-35 -2.09807e-30  1.79992e-35 -3.99026e-31 -6.50318e-36 -1.79959e-33  1.14723e-36  4.63697e-33 -1.18683e-37  3.41681e-34  9.75059e-39 -1.66119e-36 -9.64872e-40 -7.63612e-37  6.08605e-41 -1.09815e-38
 2.49139e-36  5.03538e-45 -2.90255e-35  5.12445e-44 -4.28356e-35 -1.23779e-43  3.25851e-34 -1.78796e-42  1.86522e-34 -4.97124e-43 -1.06763e-32  -8.8438e-42  1.73411e-31 -3.11342e-41 -2.41228e-30   4.1275e-41  2.85636e-29 -5.42445e-40 -2.90761e-28 -5.86963e-40  2.57459e-27  1.97822e-39 -2.00148e-26  3.34456e-39    1.376e-25 -2.34126e-39  -8.4138e-25  9.49712e-38  4.59635e-24  -5.0481e-37 -2.25099e-23   3.1395e-36  9.90802e-23 -1.65433e-35 -3.92663e-22  8.10839e-35  1.40257e-21 -3.65031e-34 -4.51696e-21  1.51997e-33  1.31106e-20 -5.85931e-33 -3.42585e-20  2.09347e-32  8.04311e-20 -6.93884e-32 -1.69164e-19  2.13473e-31  3.17397e-19  -6.0971e-31 -5.28192e-19  1.61654e-30  7.73335e-19  -3.9771e-30 -9.84757e-19  9.07353e-30  1.07196e-18 -1.91787e-29 -9.69823e-19  3.75134e-29  6.91561e-19 -6.78038e-29 -3.40493e-19  1.13053e-28  5.49401e-20  -1.7354e-28  8.00854e-20  2.44676e-28 -8.01765e-20 -3.15985e-28  2.68234e-20  3.72592e-28  9.56477e-21 -3.99611e-28 -1.27647e-20  3.88051e-28  2.87732e-21 -3.39254e-28  2.24672e-21  2.65097e-28 -1.37243e-21 -1.83356e-28 -1.62723e-22  1.10678e-28  3.13025e-22 -5.69854e-29 -1.47166e-23  2.39461e-29 -5.23286e-23 -7.32335e-30  5.54932e-24  8.55441e-31  7.20928e-24  7.45981e-31 -6.71711e-25 -6.74059e-31 -8.26955e-25  3.30478e-31  2.23565e-26 -1.08813e-31  7.25057e-26  1.89911e-32  4.61861e-27  3.73978e-33 -4.09588e-27  -4.4517e-33 -6.72062e-28  1.81895e-33  1.03498e-28 -3.82141e-34  3.44494e-29 -4.78361e-37   8.5607e-31  2.73033e-35  -6.1457e-31 -8.87485e-36 -6.79417e-32  1.49561e-36  7.33387e-34 -1.59458e-37   4.5601e-34  1.40275e-38  1.88369e-35 -1.08152e-39 -4.04324e-38  3.44806e-41
 7.23129e-46   4.0045e-36   3.2618e-44 -4.80438e-35  2.40847e-43 -4.47421e-35 -5.49577e-43  3.08071e-35 -6.63647e-42  8.42325e-33  9.43658e-43 -1.64767e-31 -3.11342e-41  2.52308e-30 -1.01349e-40  -3.2436e-29  1.31647e-40  3.55974e-28 -1.36519e-39 -3.37968e-27 -1.44098e-39  2.80512e-26  4.28472e-39 -2.05214e-25   1.3003e-38   1.3318e-24 -4.63602e-38 -7.70639e-24   5.0237e-37  3.99163e-23 -2.82472e-36 -1.85625e-22   1.6088e-35  7.76689e-22 -8.14617e-35 -2.92816e-21  3.81811e-34   9.9536e-21 -1.65133e-33 -3.05072e-20  6.61655e-33   8.4245e-20 -2.45936e-32 -2.09288e-19  8.48961e-32   4.6661e-19 -2.72353e-31 -9.30351e-19  8.12245e-31  1.65081e-18 -2.25178e-30 -2.58913e-18  5.80062e-30  3.55532e-18  -1.3875e-29  -4.2154e-18  3.07884e-29  4.22348e-18 -6.33005e-29 -3.44482e-18  1.20411e-28  2.11463e-18 -2.11555e-28 -7.58845e-19  3.42641e-28 -1.23802e-19 -5.10436e-28  3.77908e-19  6.97623e-28 -2.28018e-19 -8.72167e-28   2.0086e-20  9.94019e-28  5.90434e-20 -1.02863e-27 -3.36508e-20  9.61827e-28 -2.39703e-21 -8.07866e-28  9.25634e-21  6.04937e-28  -1.9997e-21 -3.99773e-28 -1.55197e-21  2.29762e-28  6.60892e-22 -1.12132e-28  1.99458e-22  4.43483e-29 -1.25689e-22 -1.25325e-29 -2.41076e-23  1.10449e-30  1.71755e-23   1.3915e-30  3.17628e-24 -1.13328e-30 -1.68788e-24  5.37046e-31 -3.99985e-25 -1.80067e-31  1.03933e-25  3.77215e-32  3.71051e-26  7.45534e-34 -2.25235e-27 -4.57166e-33 -2.02527e-27  1.98836e-33 -1.33413e-28 -3.68378e-34  4.81577e-29 -3.84986e-35  8.14369e-30  4.24729e-35 -6.37857e-32 -1.19786e-35 -1.04815e-31  1.88198e-36 -6.99025e-33 -1.95434e-37  8.61512e-35  1.59243e-38  1.76544e-35 -8.59895e-40  2.31273e-37
 2.20427e-36  7.29795e-45  1.46949e-35  1.64408e-43 -8.90298e-35  9.74736e-43  1.99665e-34 -2.17188e-42 -6.36088e-33 -2.24312e-41  1.42124e-31  9.54801e-42 -2.41228e-30 -1.01349e-40  3.38367e-29 -3.06001e-40 -4.01704e-28  3.39857e-40  4.09982e-27 -3.23444e-39 -3.64035e-26 -3.08786e-39  2.83835e-25  5.87839e-39 -1.95744e-24  6.31007e-38  1.20087e-23 -3.44101e-37 -6.58318e-23  2.61362e-36  3.23599e-22 -1.45843e-35 -1.42996e-21  7.76346e-35  5.69069e-21 -3.75207e-34 -2.04167e-20   1.6778e-33  6.60608e-20 -6.94724e-33 -1.92701e-19  2.67176e-32  5.06211e-19 -9.55824e-32 -1.19521e-18  3.18424e-31  2.52903e-18 -9.88323e-31 -4.77608e-18  2.85796e-30  8.00399e-18  -7.6963e-30 -1.18086e-17  1.92851e-29  1.51642e-17 -4.49139e-29 -1.66644e-17  9.70854e-29   1.5245e-17 -1.94464e-28 -1.10255e-17  3.60283e-28  5.55151e-18 -6.16157e-28 -9.92522e-19   9.7053e-28 -1.24076e-18 -1.40448e-27  1.30757e-18  1.86208e-27 -4.64359e-19 -2.25468e-27  -1.4239e-19  2.48422e-27  2.12193e-19 -2.48011e-27 -5.32615e-20  2.23215e-27 -3.58411e-20 -1.79991e-27  2.40492e-20  1.29013e-27  2.06827e-21 -8.13385e-28 -5.41954e-21  4.44254e-28  4.10919e-22 -2.05058e-28  9.03592e-22  7.61774e-29 -1.23855e-22 -1.98976e-29 -1.25555e-22  1.30451e-30  1.56307e-23  2.25489e-30  1.47351e-23 -1.69304e-30 -7.99907e-25  7.83158e-31 -1.34223e-24 -2.71015e-31 -5.55612e-26  6.67821e-32  8.02582e-26 -6.74991e-33  1.13962e-26 -3.07734e-33  -2.2755e-27  1.62521e-33 -6.49383e-28 -1.85351e-34 -6.66799e-30 -1.21087e-34  1.27549e-29  6.53627e-35  1.25918e-30 -1.57066e-35 -2.85122e-32  2.23771e-36 -9.55861e-33 -2.13275e-37 -3.53867e-34  1.44084e-38  1.97933e-36 -4.41746e-40
 1.57493e-45  5.67608e-36  4.75759e-44  4.18002e-35  6.89561e-43 -2.74945e-34  3.51268e-42  4.67454e-33 -7.77588e-42 -1.11684e-31 -6.98182e-41   2.1083e-30   4.1275e-41  -3.2436e-29 -3.06001e-40  4.18179e-28 -8.60041e-40 -4.60148e-27  7.25275e-40  4.38088e-26 -7.36051e-39 -3.64685e-25 -4.22194e-39  2.67627e-24 -1.42056e-38 -1.74261e-23  3.41492e-37  1.01189e-22 -2.08325e-36 -5.26072e-22  1.33556e-35  2.45606e-21 -7.16823e-35 -1.03196e-20  3.58067e-34  3.90777e-20  -1.6394e-33 -1.33461e-19   6.9534e-33  4.11095e-19 -2.74003e-32 -1.14127e-18  1.00627e-31  2.85132e-18  -3.4508e-31 -6.39557e-18   1.1063e-30  1.28347e-17 -3.31677e-30 -2.29334e-17  9.29561e-30  3.62422e-17 -2.43288e-29 -5.01815e-17  5.93744e-29   6.0051e-17 -1.34871e-28 -6.08074e-17  2.84565e-28  5.02379e-17 -5.56447e-28 -3.13903e-17  1.00608e-27  1.16908e-17  -1.6778e-27  1.49304e-18  2.57408e-27 -5.55695e-18 -3.62297e-27  3.50769e-18   4.6639e-27 -3.96393e-19 -5.47263e-27 -8.72588e-19  5.83077e-27  5.33846e-19 -5.61546e-27  2.07098e-20  4.86242e-27 -1.43146e-19 -3.76092e-27  3.54397e-20  2.57703e-27  2.33097e-20 -1.54722e-27 -1.12098e-20  8.01164e-28 -2.86178e-21 -3.48747e-28  2.12821e-21   1.2136e-28  3.32579e-22 -2.93311e-29 -2.95506e-22   1.5014e-30 -4.49584e-23  3.15118e-30  3.00423e-23 -2.22189e-30  6.09277e-24  1.02016e-30 -1.97757e-24 -3.74791e-31 -6.08799e-25  1.09547e-31   5.4794e-26 -2.16174e-32  3.56831e-26  1.29098e-33  1.74109e-27   3.1129e-34 -9.33639e-28  2.72598e-34 -1.39192e-28 -2.64169e-34  3.22008e-30  9.59167e-35  2.00625e-30 -1.95141e-35  1.18678e-31   2.4504e-36 -2.59494e-33 -2.01686e-37 -3.45892e-34  9.98433e-39  -4.0961e-36
 1.03034e-37  1.22681e-44  7.50869e-36  2.34726e-43  1.47992e-34  2.50846e-42 -3.07765e-33  1.15886e-41  7.97706e-32 -2.55492e-41 -1.68275e-30 -2.01592e-40  2.85636e-29  1.31647e-40 -4.01704e-28 -8.60041e-40  4.78162e-27 -2.26044e-39 -4.89376e-26  1.29973e-39  4.35816e-25 -1.71922e-38 -3.40865e-24  1.12914e-38  2.35854e-23 -2.06088e-37 -1.45203e-22  1.93923e-36  7.98971e-22 -1.18125e-35 -3.94288e-21  6.80771e-35  1.74963e-20 -3.45433e-34 -6.99374e-20  1.61371e-33    2.521e-19 -6.93486e-33 -8.19783e-19  2.76397e-32  2.40407e-18 -1.02648e-31 -6.35111e-18  3.56707e-31  1.50864e-17 -1.16339e-30 -3.21295e-17  3.56754e-30  6.10997e-17 -1.02907e-29 -1.03167e-16     2.79e-29  1.53459e-16 -7.09648e-29  -1.9886e-16  1.68903e-28   2.2078e-16 -3.75042e-28 -2.04416e-16  7.74456e-28   1.5012e-16 -1.48256e-27 -7.74442e-17  2.62286e-27  1.53344e-17 -4.27533e-27  1.62617e-17  6.40143e-27  -1.8197e-17 -8.77693e-27  6.88565e-18  1.09832e-26  1.75694e-18 -1.24986e-26 -3.00801e-18  1.28813e-26  8.42479e-19 -1.19664e-26  4.81976e-19  9.96383e-27 -3.60193e-19 -7.38504e-27 -1.83703e-20  4.83014e-27  7.99664e-20 -2.75562e-27 -8.66649e-21  1.34884e-27  -1.3259e-20  -5.5173e-28   2.2994e-21  1.79246e-28  1.85475e-21 -4.02307e-29 -3.00047e-22  1.97491e-30 -2.22891e-22  3.65126e-30  1.92566e-23 -2.48047e-30  2.11485e-23  1.17276e-30  3.40897e-25 -4.83685e-31 -1.34149e-24  1.71986e-31 -1.59662e-25 -4.81487e-32  4.24091e-26  1.02591e-32  1.03783e-26 -2.46186e-33  -7.4192e-29   1.1052e-33 -2.25994e-28 -4.72571e-34 -1.95929e-29  1.30654e-34   7.4935e-31 -2.24169e-35  1.70832e-31  2.40739e-36  5.58328e-33 -1.59517e-37 -5.72221e-35  4.63606e-39
-9.76283e-45 -3.54744e-36   6.7949e-44 -2.33811e-35  9.44948e-43  1.69721e-33  8.15219e-42 -5.13465e-32  3.57968e-41  1.22383e-30 -7.77895e-41 -2.30839e-29 -5.42445e-40  3.55974e-28  3.39857e-40 -4.60148e-27 -2.26044e-39  5.07741e-26 -5.59845e-39 -4.84829e-25  2.45742e-39   4.0486e-24 -4.90145e-38 -2.98096e-23  1.69318e-37  1.94784e-22  -1.5644e-36 -1.13528e-21  1.13862e-35  5.92554e-21 -6.64695e-35 -2.77805e-20  3.52907e-34  1.17243e-19 -1.67781e-33 -4.46067e-19  7.29562e-33  1.53107e-18 -2.91604e-32 -4.74124e-18  1.07979e-31  1.32372e-17 -3.72896e-31 -3.32716e-17  1.20873e-30  7.51121e-17 -3.69801e-30 -1.51784e-16  1.07207e-29  2.73244e-16 -2.95018e-29 -4.35333e-16  7.70053e-29  6.08162e-16 -1.90089e-28 -7.35045e-16  4.41795e-28  7.52858e-16 -9.61798e-28 -6.30694e-16  1.95124e-27  4.01705e-16 -3.67135e-27 -1.55634e-16  6.37918e-27 -1.40322e-17 -1.01965e-26  7.01149e-17  1.49396e-26 -4.65315e-17  -1.9995e-26  6.52875e-18  2.43587e-26  1.10271e-17 -2.69079e-26 -7.30298e-18  2.68369e-26 -2.87268e-20 -2.40464e-26  1.89996e-18  1.92422e-26  -5.3964e-19 -1.36513e-26  -2.9758e-19  8.50733e-27  1.63836e-19 -4.60021e-27  3.41235e-20  2.12126e-27 -3.10285e-20 -8.11886e-28 -3.69209e-21  2.45432e-28  4.37505e-21 -5.17165e-29  5.15074e-22  3.46991e-30  -4.6007e-22  3.03448e-30  -7.7363e-23 -2.14376e-30   3.2283e-23  1.16155e-30  8.48372e-24 -5.99701e-31 -1.07787e-24  2.66009e-31 -5.39164e-25 -9.27138e-32 -1.58352e-26  2.59931e-32  1.55568e-26 -7.19842e-33  2.01909e-27  2.36096e-33 -8.63547e-29 -7.29752e-34 -3.30284e-29  1.62254e-34  -1.6926e-30 -2.32984e-35  5.91874e-32  2.06341e-36  5.84259e-33 -9.94043e-38  6.13132e-35
-1.50602e-36 -6.89153e-44  1.23116e-38  3.13002e-43 -7.52625e-34  3.28732e-42  2.95015e-32  2.41942e-41 -8.08142e-31  1.05173e-40  1.70899e-29 -2.20991e-40 -2.90761e-28 -1.36519e-39  4.09982e-27  7.25275e-40 -4.89376e-26 -5.59845e-39  5.02335e-25 -1.33172e-38 -4.48759e-24  1.07437e-38  3.52155e-23 -2.09221e-37 -2.44525e-22  1.36952e-36  1.51103e-21 -1.06037e-35 -8.34728e-21  6.86152e-35  4.13663e-20 -3.79282e-34 -1.84377e-19  1.87841e-33  7.40488e-19 -8.35723e-33 -2.68259e-18   3.3804e-32  8.76979e-18 -1.25094e-31 -2.58639e-17  4.26635e-31  6.87411e-17 -1.35157e-30 -1.64342e-16   4.0133e-30  3.52425e-16 -1.12796e-29 -6.75196e-16  3.02823e-29  1.14927e-15 -7.81585e-29 -1.72461e-15  1.94263e-28  2.25667e-15 -4.63335e-28 -2.53313e-15  1.05252e-27  2.37593e-15 -2.25631e-27 -1.77393e-15  4.52365e-27  9.39303e-16 -8.41683e-27 -2.05672e-16  1.44432e-26 -1.82797e-16 -2.27433e-26  2.19515e-16  3.27271e-26 -8.88181e-17 -4.28734e-26 -1.79985e-17   5.0944e-26   3.6924e-17 -5.46917e-26 -1.15613e-17   5.2815e-26 -5.52713e-18 -4.56413e-26  4.68165e-18  3.50762e-26  6.30929e-20 -2.37881e-26 -1.02052e-18  1.40965e-26  1.48346e-19  -7.2039e-27  1.67632e-19  3.11738e-27 -3.63023e-20 -1.11155e-27 -2.35482e-20  3.12331e-28  4.87406e-21 -6.35952e-29  2.90002e-21  7.51162e-30  -3.6229e-22  3.21494e-31 -2.87525e-22  -8.8378e-31  3.70914e-24  9.49917e-31  1.94054e-23 -7.51699e-31  1.83907e-24  4.13646e-31 -6.80817e-25 -1.64085e-31 -1.42336e-25  5.07926e-32  4.06152e-27 -1.42034e-32  3.46733e-27  3.97943e-33  2.57667e-28  -9.9231e-34 -1.54104e-29  1.81273e-34 -2.64377e-30 -2.14598e-35 -7.42333e-32  1.48836e-36  1.25458e-33  -4.2289e-38
-9.43408e-45  -4.5668e-36 -3.25105e-43  2.90422e-34  1.28644e-42  -1.4965e-32  1.04857e-41  4.82168e-31  6.66493e-41 -1.15599e-29  2.95868e-40   2.1859e-28 -5.86963e-40 -3.37968e-27 -3.23444e-39  4.38088e-26  1.29973e-39 -4.84829e-25 -1.33172e-38  4.64403e-24 -3.22531e-38 -3.89092e-23  8.84359e-38  2.87497e-22  -1.2527e-36  -1.8856e-21  9.81438e-36  1.10336e-20 -6.94366e-35 -5.78314e-20  4.17524e-34  2.72337e-19  -2.1853e-33 -1.15479e-18  1.01915e-32   4.4156e-18 -4.26518e-32 -1.52369e-17  1.61393e-31  4.74515e-17 -5.54926e-31 -1.33282e-16  1.74293e-30  3.37165e-16 -5.03323e-30 -7.66425e-16  1.34878e-29  1.56026e-15 -3.39826e-29 -2.83132e-15  8.18688e-29   4.5502e-15 -1.91953e-28 -6.41761e-15  4.43375e-28  7.83976e-15 -1.00958e-27 -8.12899e-15  2.24091e-27  6.91248e-15 -4.76446e-27 -4.49443e-15   9.5366e-27  1.81521e-15 -1.77268e-26  9.23639e-17  3.03065e-26 -7.69205e-16 -4.73426e-26  5.39626e-16  6.72557e-26 -9.17529e-17 -8.65596e-26 -1.20592e-16  1.00569e-25  8.73097e-17 -1.05084e-25 -2.91465e-18  9.83181e-26 -2.19182e-17 -8.19355e-26  7.15522e-18  6.04269e-26   3.2583e-18 -3.91155e-26 -2.09024e-18  2.19906e-26  -3.3575e-19  -1.0588e-26  3.94504e-19  4.28359e-27  3.14379e-20 -1.41897e-27 -5.64439e-20  3.73368e-28 -4.58969e-21 -7.84141e-29  6.13833e-21  1.67724e-29  8.14252e-22 -5.57001e-30  -4.5812e-22  1.47757e-30 -1.01143e-22  6.12436e-31   1.7789e-23 -1.01529e-30  7.06394e-24  6.49845e-31  4.83313e-26 -2.72579e-31  -2.2562e-25   8.6317e-32 -2.50045e-26 -2.33016e-32  1.72899e-27  5.74726e-33  4.73311e-28 -1.19625e-33   2.0266e-29  1.79962e-34 -1.10422e-30  -1.7112e-35 -8.60225e-32  8.50819e-37 -7.77611e-34
 1.70365e-36 -5.85446e-44 -1.06131e-34 -1.14852e-42  6.65716e-33  4.91124e-42 -2.58193e-31  3.25522e-41  7.11793e-30  1.72948e-40 -1.50929e-28  7.92952e-40  2.57459e-27 -1.44098e-39 -3.64035e-26 -7.36051e-39  4.35816e-25  2.45742e-39 -4.48759e-24 -3.22531e-38   4.0223e-23 -9.26932e-38 -3.16756e-22   7.2854e-37  2.20767e-21 -8.45604e-36 -1.36963e-20   6.6637e-35  7.59797e-20 -4.42105e-34 -3.78209e-19  2.51087e-33  1.69373e-18 -1.24922e-32 -6.83644e-18  5.53002e-32  2.48987e-17 -2.19388e-31 -8.18597e-17  7.83839e-31   2.4288e-16 -2.52908e-30 -6.49688e-16  7.38463e-30  1.56394e-15 -1.95622e-29  -3.3786e-15  4.72366e-29  6.52447e-15 -1.04992e-28 -1.12014e-14  2.18943e-28  1.69677e-14 -4.42138e-28 -2.24348e-14  8.99285e-28   2.5482e-14  -1.8916e-27 -2.42354e-14  4.08451e-27  1.84189e-14 -8.74113e-27 -1.00277e-14  1.78395e-26  2.42264e-15 -3.37827e-26  1.77838e-15  5.84376e-26 -2.32281e-15 -9.15799e-26  1.00838e-15  1.29441e-25    1.507e-16 -1.64516e-25 -3.96982e-16  1.87509e-25  1.39243e-16 -1.91045e-25  5.43455e-17  1.73306e-25 -5.34107e-17 -1.39257e-25  1.43135e-18   9.8458e-26  1.13848e-17 -6.07257e-26 -2.13788e-18  3.23079e-26 -1.84316e-18 -1.46117e-26   4.9534e-19  5.51408e-27  2.59065e-19 -1.70291e-27 -6.82145e-20  4.32631e-28 -3.27234e-20 -1.04735e-28  5.64187e-21  3.53758e-29   3.4043e-21 -1.55064e-29 -1.59757e-22  4.75434e-30 -2.45447e-22  4.09556e-31 -1.68668e-23 -1.52641e-30  9.52891e-24  1.02031e-30  1.68602e-24 -4.27131e-31 -9.40936e-26  1.32335e-31 -4.65372e-26 -3.35711e-32 -2.85379e-27  7.30667e-33  2.62788e-28 -1.27778e-33  3.57902e-29  1.56496e-34  8.24767e-31 -1.14303e-35 -2.25325e-32  3.33983e-37
 9.05135e-44  3.15736e-35 -2.11878e-43 -2.56621e-33 -2.99976e-42  1.23005e-31  1.78663e-41 -3.96963e-30   1.0162e-40  9.54301e-29  4.33458e-40 -1.80926e-27  1.97822e-39  2.80512e-26 -3.08786e-39 -3.64685e-25 -1.71922e-38   4.0486e-24  1.07437e-38 -3.89092e-23 -9.26932e-38  3.27144e-22 -3.83557e-37 -2.42628e-21  5.48538e-36  1.59764e-20 -5.70309e-35 -9.38791e-20  4.31529e-34  4.94253e-19 -2.71088e-33 -2.33853e-18  1.46459e-32  9.96593e-18 -6.95506e-32 -3.83104e-17  2.93992e-31  1.32948e-16 -1.11325e-30 -4.16533e-16  3.78853e-30  1.17749e-15 -1.15968e-29 -2.99921e-15  3.19044e-29  6.86786e-15 -7.87302e-29 -1.40921e-14  1.73818e-28  2.57911e-14 -3.42827e-28 -4.18351e-14  6.06675e-28  5.96097e-14  -9.8517e-28 -7.36563e-14  1.56614e-27  7.73862e-14 -2.73077e-27 -6.68689e-14  5.60414e-27  4.44466e-14 -1.26359e-26 -1.87472e-14  2.78957e-26 -1.91699e-16 -5.63856e-26  7.40963e-15  1.01829e-25 -5.52864e-15 -1.63311e-25   1.1182e-15  2.32509e-25  1.15043e-15 -2.94027e-25 -9.21552e-16  3.30195e-25  6.75389e-17 -3.28801e-25  2.21755e-16   2.8944e-25 -8.34721e-17 -2.24179e-25 -3.06922e-17  1.51761e-25  2.35064e-17 -8.89996e-26  2.63342e-18  4.46951e-26 -4.41529e-18 -1.89505e-26 -1.67217e-19   6.6883e-27  6.40381e-19 -1.96663e-27  2.70734e-20  5.20745e-28 -7.20091e-20 -1.61181e-28 -6.89243e-21  6.88701e-29   5.7072e-21 -2.96245e-29  1.03159e-21  8.16032e-30  -2.5195e-22  8.37156e-31 -8.08009e-23 -2.47512e-30  1.62016e-24  1.57078e-30  2.87427e-24   -6.301e-31  2.63733e-25  1.85366e-31 -2.82574e-26 -4.32769e-32 -5.95363e-27  8.24521e-33 -1.99968e-28 -1.20217e-33  1.74649e-29  1.16875e-34  1.11277e-30 -6.03597e-36  8.28144e-33
-5.15923e-36  6.08954e-43  8.28107e-34    -4.21e-43 -5.14866e-32  -4.6421e-42  1.99159e-30  6.33538e-41 -5.50368e-29  3.10812e-40  1.17007e-27   1.1166e-39 -2.00148e-26  4.28472e-39  2.83835e-25 -4.22194e-39 -3.40865e-24 -4.90145e-38  3.52155e-23  8.84359e-38 -3.16756e-22 -3.83557e-37  2.50378e-21 -2.18936e-36 -1.75197e-20  3.82237e-35  1.09149e-19 -3.68839e-34 -6.08204e-19  2.65463e-33  3.04184e-18 -1.58638e-32 -1.36907e-17  8.18445e-32  5.55554e-17 -3.72133e-31 -2.03485e-16  1.50789e-30  6.73037e-16 -5.47545e-30 -2.00976e-15  1.78568e-29  5.41289e-15 -5.22835e-29 -1.31257e-14  1.37075e-28  2.85792e-14 -3.20119e-28 -5.56587e-14  6.60144e-28  9.64373e-14 -1.18522e-27 -1.47556e-13   1.8099e-27  1.97285e-13 -2.25905e-27  -2.2693e-13  2.16017e-27  2.19066e-13 -1.57224e-27 -1.69684e-13  2.13923e-27  9.51399e-14 -8.58715e-27 -2.52925e-14  2.94732e-26 -1.50457e-14 -7.55276e-26  2.17569e-14  1.54568e-25 -1.01687e-14 -2.64304e-25 -9.74072e-16  3.87258e-25  3.77003e-15 -4.92907e-25 -1.48516e-15  5.48756e-25 -4.57379e-16 -5.35643e-25  5.39429e-16  4.57982e-25 -3.78825e-17 -3.41736e-25 -1.11855e-16  2.21144e-25  2.65266e-17 -1.23019e-25  1.77205e-17  5.81891e-26 -5.91286e-18 -2.31611e-26 -2.47839e-18  7.76501e-27  8.33349e-19 -2.30447e-27  3.21413e-19   7.1536e-28 -7.49513e-20 -2.79867e-28 -3.52923e-20  1.23425e-28  3.10715e-21  -4.6637e-29  2.73356e-21  1.01366e-29  1.09495e-22  2.60547e-30 -1.17335e-22 -4.06655e-30 -1.72574e-23  2.32672e-30  1.59686e-24  -8.7108e-31  5.50274e-25  2.37981e-31  2.60417e-26 -5.01852e-32 -3.82988e-27  8.25309e-33 -4.26524e-28 -9.84887e-34 -7.41078e-30  7.26729e-35  3.43775e-31 -2.18687e-36
 6.66635e-44 -2.07607e-34  2.83471e-42   1.8567e-32  3.92343e-43 -8.90548e-31    4.079e-42  2.88004e-29  2.26715e-40 -6.94163e-28  8.44917e-40  1.31971e-26  3.34456e-39 -2.05214e-25  5.87839e-39  2.67627e-24  1.12914e-38 -2.98096e-23 -2.09221e-37  2.87497e-22   7.2854e-37 -2.42628e-21 -2.18936e-36  1.80661e-20 -1.40093e-35 -1.19461e-19  2.48937e-34  7.05103e-19  -2.2593e-33 -3.72981e-18   1.5462e-32  1.77362e-17 -8.81502e-32 -7.59885e-17  4.35342e-31  2.93768e-16 -1.89918e-30 -1.02561e-15  7.39357e-30  3.23395e-15 -2.58126e-29 -9.20467e-15  8.09462e-29  2.36171e-14 -2.27783e-28 -5.45052e-14  5.73144e-28  1.12783e-13 -1.28069e-27 -2.08299e-13  2.51062e-27  3.41239e-13  -4.2222e-27 -4.91555e-13  5.81226e-27  6.14853e-13 -5.75384e-27 -6.55155e-13   1.7373e-27  5.75904e-13  7.93249e-27 -3.91882e-13 -2.12633e-26  1.72893e-13  2.87468e-26 -5.44818e-15 -1.16544e-26 -6.31233e-14  -5.3735e-26  5.04505e-14  1.84377e-25  -1.1963e-14 -3.75266e-25 -9.61615e-15  5.90626e-25  8.65461e-15 -7.71269e-25  -1.0043e-15  8.58894e-25 -1.97961e-15 -8.25008e-25  8.63714e-16  6.85823e-25  2.47594e-16 -4.92581e-25 -2.34723e-16  3.04046e-25 -1.45449e-17  -1.6002e-25  4.37951e-17  7.12549e-26 -3.17731e-19 -2.68899e-26 -6.43032e-18  8.94569e-27   2.1388e-21 -2.97726e-27  7.47567e-19  1.16096e-27  4.22345e-20 -5.06668e-28  -6.2872e-20  2.03754e-28 -8.90364e-21 -6.31019e-29  3.10892e-21  8.38142e-30   8.0916e-22  6.50231e-30 -4.32665e-23 -6.44529e-30 -3.23702e-23  3.26778e-30 -2.33109e-24 -1.12266e-30  3.92159e-25  2.79671e-31  6.60668e-26 -5.22825e-32  1.52835e-27   7.2787e-33  -2.3916e-28 -6.89548e-34 -1.27095e-29  3.55342e-35 -7.15381e-32
