  0.00683544  3.89876e-20   -0.0171624 -5.78194e-20   0.00909506  1.57806e-19   0.00273311 -6.40921e-19  -0.00237238  4.81633e-19 -0.000681538  4.45721e-20  0.000370189 -9.14311e-20  0.000130688  -3.6046e-21 -2.26228e-05  5.67239e-21 -9.44034e-06  1.82466e-22 -8.87263e-08
 3.89876e-20    0.0279962 -1.21015e-20   -0.0361238  5.72297e-19    0.0083079  2.02191e-20   0.00896379 -1.51933e-18  -0.00259218    8.606e-19  -0.00204043  2.16606e-19  0.000342489 -1.49947e-19  0.000303468  -1.7669e-20 -3.01852e-06  6.77788e-21 -1.32306e-05  2.58569e-22
  -0.0171624 -1.21015e-20    0.0537308 -5.80634e-19   -0.0434122  2.44439e-18 -0.000856559 -3.04262e-19    0.0137149 -2.48197e-18 -0.000668982  9.99385e-19  -0.00316455  4.13633e-19 -2.67417e-05 -1.52504e-19  0.000409592 -2.69894e-20  3.56009e-05  5.01591e-21 -8.60345e-06
-5.78194e-20   -0.0361238 -5.80634e-19    0.0662135 -1.93597e-18   -0.0367768  5.07765e-18   -0.0110093 -4.06767e-19    0.0148111 -3.23999e-18   0.00204143  8.67711e-19  -0.00360259   5.1876e-19 -0.000527208 -1.17535e-19  0.000401151 -2.25863e-20  6.21059e-05  2.43877e-21
  0.00909506  5.72297e-19   -0.0434122 -1.93597e-18     0.062268 -3.74275e-18   -0.0254656  7.34863e-18   -0.0174363 -9.96908e-20      0.01345  -3.5357e-18   0.00442621   5.8949e-19  -0.00343834  4.81972e-19 -0.000970676 -8.18625e-20  0.000295502 -9.38164e-21  5.44941e-05
 1.57806e-19    0.0083079  2.44439e-18   -0.0367768 -3.74275e-18    0.0518438 -5.34396e-18   -0.0166199   8.4662e-18   -0.0203898  4.17163e-19    0.0112851 -3.27018e-18   0.00618357  3.45391e-19  -0.00289215  3.30459e-19    -0.001255 -5.84063e-20  0.000141313  1.09626e-21
  0.00273311  2.02191e-20 -0.000856559  5.07765e-18   -0.0254656 -5.34396e-18     0.043117 -6.24997e-18   -0.0113091  8.27856e-18   -0.0216127  8.00423e-19    0.0091007 -2.54402e-18    0.0073973  2.51513e-19  -0.00212124  1.36793e-19  -0.00132529 -3.70153e-20  7.70943e-06
-6.40921e-19   0.00896379 -3.04262e-19   -0.0110093  7.34863e-18   -0.0166199 -6.24997e-18    0.0378124 -6.28953e-18  -0.00818461  7.03947e-18   -0.0222431   7.9724e-19   0.00706178 -1.57682e-18   0.00819116  2.80347e-19   -0.0012134  -2.1675e-20  -0.00113947 -1.66709e-20
 -0.00237238 -1.51933e-18    0.0137149 -4.06767e-19   -0.0174363   8.4662e-18   -0.0113091 -6.28953e-18    0.0348735 -5.51351e-18  -0.00612872  5.14703e-18    -0.022764  3.63767e-19   0.00511017 -6.07719e-19   0.00862053  2.99072e-19 -0.000237675 -1.08995e-19 -0.000683846
 4.81633e-19  -0.00259218 -2.48197e-18    0.0148111 -9.96908e-20   -0.0203898  8.27856e-18  -0.00818461 -5.51351e-18    0.0333118 -4.08987e-18  -0.00459052  3.00903e-18   -0.0233718 -3.01965e-19   0.00311871  1.54039e-19   0.00863931  1.90306e-19  0.000662664 -1.33972e-19
-0.000681538    8.606e-19 -0.000668982 -3.23999e-18      0.01345  4.17163e-19   -0.0216127  7.03947e-18  -0.00612872 -4.08987e-18    0.0326696 -2.27839e-18  -0.00329574  9.92741e-19   -0.0241657 -8.40833e-19  0.000912428  5.84569e-19   0.00803663 -1.22116e-20   0.00108391
 4.45721e-20  -0.00204043  9.99385e-19   0.00204143  -3.5357e-18    0.0112851  8.00423e-19   -0.0222431  5.14703e-18  -0.00459052 -2.27839e-18    0.0327872 -4.34638e-19  -0.00205905 -5.71789e-19   -0.0252062 -8.40298e-19  -0.00175606  8.11914e-19   0.00634095  -3.3502e-20
 0.000370189  2.16606e-19  -0.00316455  8.67711e-19   0.00442621 -3.27018e-18    0.0091007   7.9724e-19    -0.022764  3.00903e-18  -0.00329574 -4.34638e-19    0.0336575  1.01672e-18 -0.000694353 -1.35573e-18   -0.0265098  1.16147e-19  -0.00516727  1.29657e-18   0.00318844
-9.14311e-20  0.000342489  4.13633e-19  -0.00360259   5.8949e-19   0.00618357 -2.54402e-18   0.00706178  3.63767e-19   -0.0233718  9.92741e-19  -0.00205905  1.01672e-18    0.0353997  1.57401e-18   0.00106984 -1.13598e-18   -0.0278905  2.05865e-18  -0.00890066  1.82226e-18
 0.000130688 -1.49947e-19 -2.67417e-05   5.1876e-19  -0.00343834  3.45391e-19    0.0073973 -1.57682e-18   0.00511017 -3.01965e-19   -0.0241657 -5.71789e-19 -0.000694353  1.57401e-18    0.0383073  5.39141e-19     0.003821  -6.7034e-19   -0.0280274  3.07045e-18  -0.00964697
 -3.6046e-21  0.000303468 -1.52504e-19 -0.000527208  4.81972e-19  -0.00289215  2.51513e-19   0.00819116 -6.07719e-19   0.00311871 -8.40833e-19   -0.0252062 -1.35573e-18   0.00106984  5.39141e-19    0.0430633 -3.58454e-18   0.00940085 -3.97454e-18   -0.0225197 -7.92909e-19
-2.26228e-05  -1.7669e-20  0.000409592 -1.17535e-19 -0.000970676  3.30459e-19  -0.00212124  2.80347e-19   0.00862053  1.54039e-19  0.000912428 -8.40298e-19   -0.0265098 -1.13598e-18     0.003821 -3.58454e-18    0.0516288 -1.53206e-17    0.0223254 -1.78213e-17  -0.00773412
 5.67239e-21 -3.01852e-06 -2.69894e-20  0.000401151 -8.18625e-20    -0.001255  1.36793e-19   -0.0012134  2.99072e-19   0.00863931  5.84569e-19  -0.00175606  1.16147e-19   -0.0278905  -6.7034e-19   0.00940085 -1.53206e-17    0.0683772 -4.23394e-17    0.0436847 -3.49321e-17
-9.44034e-06  6.77788e-21  3.56009e-05 -2.25863e-20  0.000295502 -5.84063e-20  -0.00132529  -2.1675e-20 -0.000237675  1.90306e-19   0.00803663  8.11914e-19  -0.00516727  2.05865e-18   -0.0280274 -3.97454e-18    0.0223254 -4.23394e-17    0.0930493 -7.75189e-17    0.0508497
 1.82466e-22 -1.32306e-05  5.01591e-21  6.21059e-05 -9.38164e-21  0.000141313 -3.70153e-20  -0.00113947 -1.08995e-19  0.000662664 -1.22116e-20   0.00634095  1.29657e-18  -0.00890066  3.07045e-18   -0.0225197 -1.78213e-17    0.0436847 -7.75189e-17    0.0994005  -7.5786e-17
-8.87263e-08  2.58569e-22 -8.60345e-06  2.43877e-21  5.44941e-05  1.09626e-21  7.70943e-06 -1.66709e-20 -0.000683846 -1.33972e-19   0.00108391  -3.3502e-20   0.00318844  1.82226e-18  -0.00964697 -7.92909e-19  -0.00773412 -3.49321e-17    0.0508497  -7.5786e-17    0.0536571
