  0.00318511  7.65339e-18   -0.0104241  -4.0121e-17   0.00523362  4.68159e-17   0.00230914 -1.65918e-17 -2.18486e-05 -2.51906e-18 -0.000262544  1.20376e-18  -9.6931e-05   3.5097e-19 -1.87996e-05  1.04986e-19 -2.12573e-06  1.47473e-20 -1.27435e-07  -4.8842e-22 -2.62544e-09
 7.65339e-18    0.0184393  2.66848e-17   -0.0300812 -8.99833e-17    0.0043289  7.68106e-17      0.00644 -1.76239e-17   0.00174209 -6.04071e-18  4.48301e-05  8.99079e-19 -9.43381e-05  7.72848e-19 -2.82079e-05  2.04737e-19 -3.89392e-06  2.21233e-20 -2.44754e-07  4.51337e-22
  -0.0104241  2.66848e-17     0.049444  4.87917e-17   -0.0477563 -1.16351e-16  -0.00726226  7.63223e-17   0.00723052 -1.09538e-17   0.00392304 -7.59376e-18  0.000908731  5.74237e-19  9.77103e-05  9.23001e-19 -1.74347e-07  2.19084e-19  -1.0741e-06  1.91246e-20 -6.30584e-08
 -4.0121e-17   -0.0300812  4.87917e-17    0.0831253  5.69036e-17   -0.0490027  -1.0176e-16   -0.0239668  5.44826e-17    0.0013689 -6.25244e-18   0.00376157 -6.56566e-18   0.00135739  6.10722e-19  0.000255511  7.95423e-19  2.68968e-05  1.55683e-19  1.34169e-06  8.66949e-21
  0.00523362 -8.99833e-17   -0.0477563  5.69036e-17     0.101672  4.55475e-17   -0.0330895 -6.34853e-17   -0.0351828  2.95903e-17  -0.00801897 -5.72825e-18  0.000731436 -4.41321e-18  0.000802449  6.76389e-19  0.000191666  5.23691e-19  2.11886e-05  7.41016e-20  8.10294e-07
 4.68159e-17    0.0043289 -1.16351e-16   -0.0490027  4.55475e-17     0.101977  2.57319e-17   -0.0099529 -2.79488e-17   -0.0352224  1.11341e-17   -0.0147009    -6.28e-18  -0.00272599 -2.48867e-18 -0.000145566  5.39045e-19  2.92964e-05  2.56698e-19  4.42922e-06  2.08224e-20
  0.00230914  7.68106e-17  -0.00726226  -1.0176e-16   -0.0330895  2.57319e-17    0.0944657  1.08838e-17    0.0124582 -7.81244e-18   -0.0249727   4.6444e-19   -0.0148174 -5.70541e-18  -0.00403003 -1.25679e-18  -0.00060899  2.93041e-19 -4.81622e-05  8.71491e-20 -1.34023e-06
-1.65918e-17      0.00644  7.63223e-17   -0.0239668 -6.34853e-17   -0.0099529  1.08838e-17     0.089175  4.85812e-18    0.0318945 -1.15112e-18  -0.00894267 -4.00107e-18  -0.00923779 -4.12242e-18   -0.0029205 -6.04756e-19 -0.000466541  1.04124e-19 -3.41848e-05  1.74318e-20
-2.18486e-05 -1.76239e-17   0.00723052  5.44826e-17   -0.0351828 -2.79488e-17    0.0124582  4.85812e-18    0.0887834  3.53348e-18    0.0473257 -9.28016e-19   0.00676171  -4.5324e-18  -0.00216298 -2.43347e-18  -0.00104436 -2.80487e-19 -0.000162626  2.09738e-20 -7.93379e-06
-2.51906e-18   0.00174209 -1.09538e-17    0.0013689  2.95903e-17   -0.0352224 -7.81244e-18    0.0318945  3.53348e-18    0.0899931  2.58092e-18    0.0557508 -1.85603e-18    0.0164637 -3.30031e-18   0.00241245  -1.1888e-18     0.000114 -1.15032e-19 -7.58013e-06  1.22325e-21
-0.000262544 -6.04071e-18   0.00392304 -6.25244e-18  -0.00801897  1.11341e-17   -0.0249727 -1.15112e-18    0.0473257  2.58092e-18    0.0870003  1.08108e-18    0.0540608 -1.96049e-18    0.0178865 -1.82105e-18   0.00340286 -4.72748e-19  0.000346939 -3.59699e-20  1.28377e-05
 1.20376e-18  4.48301e-05 -7.59376e-18   0.00376157 -5.72825e-18   -0.0147009   4.6444e-19  -0.00894267 -9.28016e-19    0.0557508  1.08108e-18    0.0754761 -8.00749e-20    0.0429065 -1.35177e-18    0.0133454 -7.81328e-19   0.00231261 -1.46035e-19  0.000188566 -6.96286e-21
 -9.6931e-05  8.99079e-19  0.000908731 -6.56566e-18  0.000731436    -6.28e-18   -0.0148174 -4.00107e-18   0.00676171 -1.85603e-18    0.0540608 -8.00749e-20    0.0561242 -4.42164e-19    0.0274879 -6.63053e-19   0.00733035 -2.56365e-19   0.00100985 -3.22879e-20  4.88284e-05
  3.5097e-19 -9.43381e-05  5.74237e-19   0.00135739 -4.41321e-18  -0.00272599 -5.70541e-18  -0.00923779  -4.5324e-18    0.0164637 -1.96049e-18    0.0429065 -4.42164e-19     0.034603 -3.17949e-19    0.0139793 -2.34786e-19   0.00298426 -6.15481e-20  0.000287906 -4.31665e-21
-1.87996e-05  7.72848e-19  9.77103e-05  6.10722e-19  0.000802449 -2.48867e-18  -0.00403003 -4.12242e-18  -0.00216298 -3.30031e-18    0.0178865 -1.35177e-18    0.0274879 -3.17949e-19    0.0172293 -1.28381e-19   0.00552828 -5.83987e-20  0.000879917 -9.96178e-21   4.7659e-05
 1.04986e-19 -2.82079e-05  9.23001e-19  0.000255511  6.76389e-19 -0.000145566 -1.25679e-18   -0.0029205 -2.43347e-18   0.00241245 -1.82105e-18    0.0133454 -6.63053e-19    0.0139793 -1.28381e-19   0.00675709 -3.10411e-20    0.0016526 -9.44026e-21  0.000177234  -9.0487e-22
-2.12573e-06  2.04737e-19 -1.74347e-07  7.95423e-19  0.000191666  5.39045e-19  -0.00060899 -6.04756e-19  -0.00104436  -1.1888e-18   0.00340286 -7.81328e-19   0.00733035 -2.34786e-19   0.00552828 -3.10411e-20   0.00202769 -3.55022e-21  0.000357635 -8.04971e-22  2.09874e-05
 1.47473e-20 -3.89392e-06  2.19084e-19  2.68968e-05  5.23691e-19  2.92964e-05  2.93041e-19 -0.000466541 -2.80487e-19     0.000114 -4.72748e-19   0.00231261 -2.56365e-19   0.00298426 -5.83987e-20    0.0016526 -3.55022e-21  0.000447483  2.26675e-22  5.19363e-05 -7.92922e-24
-1.27435e-07  2.21233e-20  -1.0741e-06  1.55683e-19  2.11886e-05  2.56698e-19 -4.81622e-05  1.04124e-19 -0.000162626 -1.15032e-19  0.000346939 -1.46035e-19   0.00100985 -6.15481e-20  0.000879917 -9.44026e-21  0.000357635  2.26675e-22  6.82414e-05  1.30336e-22  4.25941e-06
 -4.8842e-22 -2.44754e-07  1.91246e-20  1.34169e-06  7.41016e-20  4.42922e-06  8.71491e-20 -3.41848e-05  2.09738e-20 -7.58013e-06 -3.59699e-20  0.000188566 -3.22879e-20  0.000287906 -9.96178e-21  0.000177234 -8.04971e-22  5.19363e-05  1.30336e-22  6.41069e-06  1.44857e-23
-2.62544e-09  4.51337e-22 -6.30584e-08  8.66949e-21  8.10294e-07  2.08224e-20 -1.34023e-06  1.74318e-20 -7.93379e-06  1.22325e-21  1.28377e-05 -6.96286e-21  4.88284e-05 -4.31665e-21   4.7659e-05  -9.0487e-22  2.09874e-05 -7.92922e-24  4.25941e-06  1.44857e-23  2.79108e-07
