 0.000126712  4.52244e-20   -0.0008463  -4.2474e-19    0.0014879  9.45952e-19 -0.000669832 -8.66493e-19 -0.000255844  1.82505e-19  6.24424e-05  2.50505e-19  4.57578e-05 -1.59874e-19  8.50438e-06  6.96916e-20  2.53502e-07 -1.26434e-20 -1.00243e-07 -2.49529e-21 -7.77497e-09
 4.52244e-20   0.00135331    2.724e-19  -0.00470459 -1.59984e-18   0.00521209  2.59158e-18 -0.000694981   -1.821e-18  -0.00106382 -1.17595e-19 -0.000137417  7.79784e-19  6.54835e-05 -2.47261e-19  2.57782e-05  1.30667e-19  3.51533e-06 -2.24239e-20  1.68036e-07 -2.16605e-21
  -0.0008463    2.724e-19   0.00667287  8.35759e-19   -0.0146617 -3.26149e-18   0.00999907  4.32122e-18   0.00173579 -2.83713e-18  -0.00169557 -8.39286e-19 -0.000683404  1.22721e-18 -5.72653e-05 -8.14773e-20  1.65253e-05  1.45923e-19  3.92037e-06  -1.8436e-20  2.07419e-07
 -4.2474e-19  -0.00470459  8.35759e-19    0.0202725  1.44958e-18   -0.0304911 -3.65303e-18    0.0110655  5.54207e-18   0.00684775   -4.314e-18 -0.000680473  -1.8209e-18  -0.00102436  1.30471e-18 -0.000247045   2.2172e-19 -2.08497e-05  1.22962e-19  1.20925e-07 -7.36715e-21
   0.0014879 -1.59984e-18   -0.0146617  1.44958e-18    0.0428629  9.46954e-19    -0.045746  -4.9113e-19   0.00397456  7.01794e-18    0.0113982 -6.28567e-18   0.00219773 -2.79277e-18 -0.000515052  1.01001e-18 -0.000259297  4.03577e-19 -3.61683e-05  7.93704e-20 -1.44813e-06
 9.45952e-19   0.00521209 -3.26149e-18   -0.0304911  9.46954e-19    0.0679203 -2.35086e-18   -0.0517638  6.76257e-18   -0.0102577  1.00804e-17     0.011094 -7.33433e-18   0.00491933  -3.1817e-18  0.000561545  6.20078e-19 -6.21367e-05  3.69821e-19 -1.59225e-05  3.37154e-20
-0.000669832  2.59158e-18   0.00999907 -3.65303e-18    -0.045746 -2.35086e-18    0.0856274 -9.35628e-18   -0.0451455  1.56498e-17   -0.0254337  1.46389e-17   0.00474001 -5.59846e-18   0.00507932 -2.39507e-18   0.00118911  4.27117e-19  0.000102305  2.24336e-19  1.40967e-06
-8.66493e-19 -0.000694981  4.32122e-18    0.0110655  -4.9113e-19   -0.0517638 -9.35628e-18    0.0913483 -1.91103e-17    -0.029544  2.18379e-17   -0.0350179  1.88306e-17  -0.00451567 -1.11179e-18   0.00246081 -6.36339e-19  0.000890682  4.15563e-19  9.53964e-05  8.95929e-20
-0.000255844   -1.821e-18   0.00173579  5.54207e-18   0.00397456  6.76257e-18   -0.0451455 -1.91103e-17    0.0886061 -2.91746e-17   -0.0106191  2.18123e-17   -0.0355817  2.04178e-17   -0.0115176  3.63609e-18 -0.000730073  9.57928e-19  0.000220089  3.55354e-19   2.5033e-05
 1.82505e-19  -0.00106382 -2.83713e-18   0.00684775  7.01794e-18   -0.0102577  1.56498e-17    -0.029544 -2.91746e-17    0.0843943 -3.74129e-17   0.00858813  1.51189e-17    -0.027056  1.81569e-17   -0.0126868  5.85295e-18  -0.00218791  1.42306e-18 -0.000124555  1.76945e-19
 6.24424e-05 -1.17595e-19  -0.00169557   -4.314e-18    0.0113982  1.00804e-17   -0.0254337  2.18379e-17   -0.0106191 -3.74129e-17    0.0835547 -4.31425e-17     0.027213  4.54712e-18   -0.0124168  1.25641e-17  -0.00847188  4.93182e-18   -0.0016669  9.27787e-19 -9.60476e-05
 2.50505e-19 -0.000137417 -8.39286e-19 -0.000680473 -6.28567e-18     0.011094  1.46389e-17   -0.0350179  2.18123e-17   0.00858813 -4.31425e-17    0.0865757 -4.62061e-17    0.0432022 -5.53561e-18   0.00253176  5.95605e-18  -0.00275029  2.58819e-18  -0.00058279  3.05743e-19
 4.57578e-05  7.79784e-19 -0.000683404  -1.8209e-18   0.00219773 -7.33433e-18   0.00474001  1.88306e-17   -0.0355817  1.51189e-17     0.027213 -4.62061e-17    0.0896812 -4.55296e-17    0.0518793 -1.13879e-17    0.0115624  1.09872e-18  0.000720487   7.8605e-19  -3.5332e-05
-1.59874e-19  6.54835e-05  1.22721e-18  -0.00102436 -2.79277e-18   0.00491933 -5.59846e-18  -0.00451567  2.04178e-17    -0.027056  4.54712e-18    0.0432022 -4.55296e-17    0.0865394 -3.97089e-17    0.0491127  -1.1716e-17    0.0123311 -8.37722e-19   0.00126092   9.0596e-20
 8.50438e-06 -2.47261e-19 -5.72653e-05  1.30471e-18 -0.000515052  -3.1817e-18   0.00507932 -1.11179e-18   -0.0115176  1.81569e-17   -0.0124168 -5.53561e-18    0.0518793 -3.97089e-17    0.0726669 -2.92452e-17    0.0362103 -8.21687e-18   0.00791274 -7.86048e-19  0.000556102
 6.96916e-20  2.57782e-05 -8.14773e-20 -0.000247045  1.01001e-18  0.000561545 -2.39507e-18   0.00246081  3.63609e-18   -0.0126868  1.25641e-17   0.00253176 -1.13879e-17    0.0491127 -2.92452e-17    0.0501773 -1.73681e-17    0.0201908 -4.04148e-18   0.00323128 -2.74163e-19
 2.53502e-07  1.30667e-19  1.65253e-05   2.2172e-19 -0.000259297  6.20078e-19   0.00118911 -6.36339e-19 -0.000730073  5.85295e-18  -0.00847188  5.95605e-18    0.0115624  -1.1716e-17    0.0362103 -1.73681e-17    0.0271234 -7.92538e-18   0.00813468 -1.32793e-18  0.000747847
-1.26434e-20  3.51533e-06  1.45923e-19 -2.08497e-05  4.03577e-19 -6.21367e-05  4.27117e-19  0.000890682  9.57928e-19  -0.00218791  4.93182e-18  -0.00275029  1.09872e-18    0.0123311 -8.21687e-18    0.0201908 -7.92538e-18    0.0108982 -2.61498e-18   0.00219072 -2.50095e-19
-1.00243e-07 -2.24239e-20  3.92037e-06  1.22962e-19 -3.61683e-05  3.69821e-19  0.000102305  4.15563e-19  0.000220089  1.42306e-18   -0.0016669  2.58819e-18  0.000720487 -8.37722e-19   0.00791274 -4.04148e-18   0.00813468 -2.61498e-18   0.00303651 -5.67021e-19  0.000331407
-2.49529e-21  1.68036e-07  -1.8436e-20  1.20925e-07  7.93704e-20 -1.59225e-05  2.24336e-19  9.53964e-05  3.55354e-19 -0.000124555  9.27787e-19  -0.00058279   7.8605e-19   0.00126092 -7.86048e-19   0.00323128 -1.32793e-18   0.00219072 -5.67021e-19  0.000520747 -6.58442e-20
-7.77497e-09 -2.16605e-21  2.07419e-07 -7.36715e-21 -1.44813e-06  3.37154e-20  1.40967e-06  8.95929e-20   2.5033e-05  1.76945e-19 -9.60476e-05  3.05743e-19  -3.5332e-05   9.0596e-20  0.000556102 -2.74163e-19  0.000747847 -2.50095e-19  0.000331407 -6.58442e-20   4.1247e-05
