 8.58215e-14  1.43789e-28 -2.15973e-12   -6.515e-27   2.0364e-11   8.3944e-26 -1.10272e-10 -5.82694e-25  3.91347e-10  2.62095e-24 -9.62081e-10 -8.32398e-24  1.66585e-09  1.96017e-23 -1.99497e-09 -3.54218e-23  1.52569e-09  5.08452e-23 -5.36669e-10 -6.08265e-23 -1.72125e-10  6.44425e-23  2.24512e-10 -6.20353e-23 -3.27756e-12  4.93617e-23 -6.25638e-11 -2.17121e-23  2.30783e-12 -1.43919e-23    1.653e-11  4.13233e-23  1.56145e-12 -4.63132e-23 -3.72102e-12  3.23994e-23 -1.25983e-12 -1.19973e-23  4.74458e-13 -4.56861e-24  4.22451e-13  1.30176e-23  5.22419e-14 -1.38702e-23 -6.25398e-14  1.05419e-23  -3.4876e-14 -6.68253e-24 -3.66066e-15  3.94689e-24  4.22955e-15 -2.22884e-24   2.4705e-15  1.11848e-24  4.96437e-16 -4.61187e-25  -1.1711e-16  1.46231e-25 -1.19821e-16 -2.39829e-26 -4.14208e-17 -1.15254e-26 -5.46781e-18  1.19001e-26  1.91558e-18 -4.56345e-27     1.42e-18  7.19267e-28  4.63041e-19 -5.70602e-29  8.39823e-20  1.11838e-28    9.379e-23 -7.86974e-29 -5.99349e-21  4.40116e-30 -2.46703e-21  2.15173e-29 -6.23239e-22 -1.00188e-29 -1.05728e-22 -6.47522e-32 -8.58982e-24  1.08502e-30  1.60654e-24 -1.33068e-31  8.83275e-25 -9.43564e-32  2.29042e-25  9.22765e-33   4.2805e-26  1.57328e-32  6.14867e-27 -2.33586e-33  6.55192e-28 -1.36447e-33  4.00827e-29  2.33682e-34 -2.12642e-30  4.13361e-35 -1.07828e-30  -9.3339e-36 -1.92117e-31 -3.24721e-37 -2.42432e-32  3.46644e-37 -2.40941e-33  3.31262e-38 -1.94086e-34 -2.37061e-39 -1.26751e-35  1.53641e-40 -6.56183e-37  1.10684e-40 -2.57539e-38 -1.11689e-42 -7.11418e-40 -1.13911e-43 -1.01336e-41  1.24468e-43  1.76376e-43  3.86372e-45  1.20575e-44  3.14595e-47  9.69302e-47  4.50499e-48
 1.43789e-28  3.14889e-12  3.93658e-27 -4.48263e-11 -1.23751e-25  3.19659e-10  1.27472e-24 -1.42181e-09 -7.48476e-24  4.29751e-09  2.93272e-23 -9.14257e-09 -8.25314e-23  1.37206e-08  1.74034e-22 -1.39986e-08 -2.83834e-22  8.52201e-09  3.71354e-22 -1.38892e-09 -4.12427e-22  -1.9382e-09  4.16422e-22  1.04506e-09 -3.86276e-22  3.56969e-10  2.85554e-22 -3.23724e-10 -9.13015e-23 -9.85657e-11 -1.32615e-22  7.64216e-11  2.70563e-22  3.62946e-11 -2.67567e-22 -1.09978e-11  1.68096e-22 -1.12483e-11 -5.11877e-23 -8.96186e-13 -3.26284e-23  2.09679e-12  6.90179e-23  9.43843e-13 -6.69328e-23 -3.90181e-14  4.73354e-23   -1.897e-13 -2.84911e-23 -7.42456e-14  1.64001e-23 -1.40286e-15 -9.08239e-24  1.09538e-14  4.40869e-24  5.23927e-15 -1.74819e-24  9.19561e-16  5.35193e-25  -2.4947e-16 -7.41869e-26 -2.27985e-16 -5.49894e-26 -7.79096e-17  4.71167e-26 -1.20054e-17 -1.50031e-26   2.1159e-18  1.18066e-27  2.03077e-18  1.37073e-28  7.18193e-19  4.57863e-28   1.5413e-19 -3.75982e-28  1.44689e-20  4.36387e-29 -3.92075e-21  8.64104e-29 -2.37835e-21 -3.93659e-29 -6.97102e-22 -2.35453e-30 -1.42066e-22  4.58201e-30 -2.01462e-23  -2.0241e-31 -1.35647e-24 -4.80271e-31  2.44309e-25  2.84821e-32  1.13319e-25  6.46309e-32  2.57367e-26 -8.00345e-33  4.28412e-27 -4.92267e-33  5.62748e-28  6.29776e-34  5.84954e-29  1.46852e-34   4.5286e-30 -2.29177e-35  1.94543e-31 -1.24032e-36 -9.56917e-33  1.04316e-36 -3.08339e-33  1.15108e-37 -3.81941e-34 -4.80267e-39 -3.30356e-35  6.29008e-40 -2.18381e-36  2.59166e-40 -1.12356e-37  1.40254e-43 -4.47751e-39  1.04043e-42 -1.34618e-40  2.85276e-43 -2.67942e-42  6.71271e-45 -2.86003e-44  1.38548e-46 -1.68822e-46
-2.15973e-12  3.93658e-27   5.6679e-11  6.11524e-26 -5.58836e-10 -1.46059e-24  3.17495e-09   1.2445e-23 -1.18725e-08 -6.29123e-23  3.09341e-08     2.17e-22 -5.72647e-08 -5.44704e-22   7.4422e-08  1.03297e-21 -6.38455e-08 -1.52526e-21  2.88848e-08  1.82639e-21  2.62654e-09 -1.89849e-21 -9.99065e-09  1.84727e-21  2.00682e-09 -1.65834e-21  2.57749e-09   1.1261e-21 -7.03802e-10  -2.0601e-22 -7.20401e-10 -7.24148e-22  1.07439e-10  1.17696e-21  1.99206e-10 -1.03954e-21  1.85754e-11  5.88032e-22 -4.11066e-11 -1.41217e-22 -1.68546e-11 -1.44417e-22  2.90823e-12  2.47002e-22  4.48729e-12 -2.18865e-22  1.22248e-12  1.44022e-22 -3.09033e-13 -8.27298e-23 -3.45309e-13  4.68019e-23 -1.03557e-13 -2.54474e-23  6.03686e-15  1.19143e-23  1.78216e-14 -4.57117e-24  7.49964e-15   1.3762e-24  1.24237e-15 -1.56553e-25 -3.11296e-16 -1.75924e-25 -2.82644e-16  1.28161e-25 -9.82716e-17 -3.24121e-26  -1.7768e-17 -9.50409e-28   6.9631e-19  1.25288e-27  1.74093e-18  1.26738e-27  6.91805e-19 -1.22441e-27  1.69463e-19   1.9814e-28   2.5602e-20  2.49731e-28   4.9502e-22 -1.10434e-28 -1.10423e-21  -1.2543e-29 -4.18778e-22  1.36586e-29 -9.90167e-23  2.10236e-31 -1.72857e-23 -1.56858e-30 -2.20701e-24  5.16375e-32  -1.6273e-25  1.79322e-31  9.11019e-27 -1.80002e-32  5.80597e-27 -1.23802e-32   1.2321e-27  1.07617e-33   1.8482e-28  3.46548e-34   2.1866e-29 -3.60445e-35  2.09702e-30 -2.23316e-36   1.6213e-31  2.23317e-36  9.71809e-33  2.58033e-37   3.9838e-34 -5.15835e-39  4.88106e-36  1.42209e-39 -7.79083e-37  3.66009e-40 -7.68418e-38  3.85346e-42 -4.10196e-39  3.41928e-42 -1.41871e-40  4.32791e-43 -2.89809e-42  1.08668e-44 -2.76309e-44  1.95464e-46
  -6.515e-27 -4.48263e-11  6.11524e-26  6.67197e-10  6.59981e-25 -4.98953e-09 -1.26204e-23  2.33611e-08  9.11081e-23 -7.46935e-08 -4.01921e-22  1.69259e-07  1.23061e-21 -2.73504e-07 -2.76996e-21  3.06554e-07  4.73993e-21 -2.16094e-07 -6.35329e-21  6.14878e-08  6.99375e-21  3.51476e-08 -6.87129e-21 -3.20908e-08  6.51773e-21 -2.90334e-09 -5.67077e-21  9.65772e-09   3.4788e-21  5.65494e-10 -8.02379e-23 -2.58134e-09 -2.90156e-21 -4.75168e-10   3.9583e-21  5.58256e-10 -3.14922e-21  2.47905e-10  1.60821e-21 -5.84398e-11 -2.83673e-22  -7.3501e-11 -4.76961e-22 -1.37395e-11  6.90947e-22  9.49924e-12 -5.59808e-22   6.4671e-12    3.424e-22  1.02271e-12 -1.89044e-22 -6.58386e-13  1.06071e-22 -4.62416e-13 -5.65161e-23 -1.12378e-13  2.54292e-23  1.38461e-14 -9.56147e-24  2.15782e-14  2.90352e-24  8.40924e-15 -2.56954e-25  1.41975e-15 -4.44222e-25 -2.53106e-16  2.77333e-25  -2.5953e-16 -5.17855e-26 -9.41032e-17 -1.03558e-26 -1.96158e-17  4.65867e-27 -1.12768e-18  2.65443e-27  9.33768e-19 -3.18175e-27  4.58095e-19  6.33667e-28  1.26754e-19  6.01156e-28  2.39943e-20 -2.55691e-28  2.70815e-21 -4.19667e-29 -8.53725e-23  3.30793e-29 -1.33652e-22  1.92383e-30 -3.98973e-23 -3.93235e-30 -8.05936e-24  4.37392e-32 -1.24768e-24  3.90212e-31 -1.49165e-25 -3.06952e-32 -1.25829e-26 -2.49519e-32 -3.92644e-28   1.2176e-33  9.70335e-29  6.21918e-34  2.39312e-29 -4.03258e-35   3.3397e-30 -1.56873e-36  3.48308e-31  3.96244e-36  2.88808e-32  4.53109e-37  1.93036e-33 -5.79729e-40  1.03219e-34  1.98565e-39  4.31236e-36  2.85352e-40  1.34296e-37  3.96616e-42  2.72671e-39  5.62685e-42  2.53002e-41  5.06099e-43 -4.60197e-44  1.44624e-44 -1.00706e-45
  2.0364e-11 -1.23751e-25 -5.58836e-10  6.59981e-25  5.77741e-09  5.41943e-24 -3.45319e-08 -8.58562e-23  1.36427e-07  5.34544e-22 -3.77699e-07 -2.07978e-21  7.49118e-07  5.69067e-21  -1.0575e-06 -1.15344e-20  1.01368e-06  1.78554e-20 -5.63076e-07 -2.17732e-20  4.67762e-08  2.21487e-20  1.56349e-07 -2.08139e-20 -6.55613e-08  1.94619e-20 -3.38577e-08 -1.63779e-20   2.2085e-08  8.87138e-21  9.52658e-09  1.51075e-21 -5.21495e-09 -9.30182e-21  -3.2468e-09  1.09647e-20  6.41072e-10 -7.91519e-21  9.42451e-10  3.66253e-21  1.32426e-10 -4.12192e-22 -1.62857e-10 -1.27409e-21 -8.71039e-11  1.60559e-21 -1.57132e-12 -1.18629e-21  1.58427e-11  6.73194e-22  7.10366e-12 -3.61113e-22  4.73424e-13   2.0281e-22 -9.20468e-13 -1.05179e-22 -4.98166e-13  4.53139e-23 -1.03614e-13 -1.70939e-23  1.69922e-14  5.38966e-24  2.07939e-14 -3.31743e-25  7.81148e-15 -9.47967e-25  1.42011e-15  5.07551e-25 -1.17393e-16 -6.18092e-26 -1.82087e-16 -3.27842e-26 -7.07814e-17  1.28071e-26 -1.66469e-17  4.24443e-27 -2.05251e-18 -7.07794e-27  2.20987e-19  1.63004e-27  2.04995e-19  1.27709e-27  6.61895e-20 -5.17908e-28  1.45053e-20 -1.07597e-28    2.284e-21  6.88288e-29  2.18929e-22  5.98967e-30 -5.99362e-24 -8.17772e-30 -8.07076e-24 -7.61207e-32 -2.10202e-24   7.0752e-31 -3.73977e-25 -4.18287e-32 -5.18246e-26 -4.26147e-32  -5.7507e-27  5.72759e-34  -5.0132e-28  8.82345e-34 -3.12283e-29 -3.22668e-35 -8.06534e-31  2.87077e-36  1.04489e-31  6.19553e-36  1.89577e-32  6.90677e-37  1.80011e-33  1.14453e-38  1.21758e-34  1.43127e-39  6.20762e-36 -8.87734e-41  2.36619e-37 -1.03911e-41  6.39261e-39  5.90694e-42  1.10678e-40   4.7956e-43  1.06063e-42  1.18584e-44
  8.3944e-26  3.19659e-10 -1.46059e-24 -4.98953e-09  5.41943e-24  3.92483e-08  3.56831e-23 -1.94011e-07 -4.79759e-22  6.58084e-07  2.61147e-21 -1.59262e-06 -9.03753e-21  2.77647e-06   2.2218e-20 -3.41826e-06 -4.06838e-20  2.76097e-06   5.7075e-20 -1.10968e-06 -6.34368e-20 -2.35574e-07  6.00156e-20  4.54877e-07  -5.4721e-20 -5.60182e-08  5.09247e-20 -1.27563e-07 -4.12177e-20  2.39862e-08  1.91082e-20   3.6447e-08  7.95284e-21 -2.78992e-09 -2.49715e-20 -9.94718e-09  2.59081e-20 -1.50115e-09  -1.7096e-20  1.97912e-09  7.20908e-21  9.56585e-10 -3.45828e-22 -1.03242e-10 -2.88223e-21  -2.3799e-10  3.20483e-21  -7.4608e-11  -2.1448e-21  1.33745e-11  1.12702e-21  1.91165e-11 -5.97473e-22   6.3647e-12   3.3832e-22 -9.29963e-14 -1.68377e-22 -9.89317e-13  6.93169e-23 -4.53778e-13 -2.72845e-23 -8.61131e-14  9.14932e-24  1.43062e-14 -2.91256e-25  1.64219e-14 -1.76951e-24  6.14351e-15   8.1329e-25  1.23351e-15 -5.10817e-26  1.02811e-17 -7.20142e-26 -9.57989e-17  2.99091e-26 -4.18528e-17  4.67021e-27 -1.09467e-17 -1.40409e-26 -1.84184e-18  3.58971e-27  -1.0852e-19  2.46159e-27  5.14017e-20 -9.45589e-28  2.32376e-20 -2.28404e-28  5.88386e-21  1.26806e-28  1.08862e-21  1.33094e-29   1.5139e-22 -1.47451e-29   1.4202e-23 -4.45446e-31  2.77073e-25  1.10165e-30  -2.1961e-25 -4.64823e-32  -5.6648e-26 -6.35323e-32 -9.09918e-27 -1.24597e-33 -1.11874e-27  9.74709e-34 -1.10739e-28 -2.06596e-35 -8.90444e-30  1.16489e-35 -5.72591e-31  8.77262e-36 -2.80503e-32  9.79195e-37 -9.08245e-34   3.3096e-38 -6.77508e-36 -6.65758e-40  1.24308e-36 -7.19828e-40  8.38437e-38 -4.45832e-41  2.75146e-39  3.93473e-42  4.78843e-41  3.60717e-43  3.33439e-43
-1.10272e-10  1.27472e-24  3.17495e-09 -1.26204e-23 -3.45319e-08  3.56831e-23  2.17862e-07  1.94966e-22 -9.12317e-07  -2.2648e-21  2.69202e-06  1.08946e-20 -5.73596e-06 -3.37668e-20  8.80946e-06  7.49075e-20  -9.4138e-06 -1.24211e-19  6.24482e-06  1.58077e-19 -1.44693e-06 -1.60408e-19 -1.27225e-06  1.42314e-19  9.46848e-07 -1.28023e-19  1.64767e-07  1.19375e-19 -3.06656e-07 -9.20923e-20 -3.80379e-08  3.49599e-20  8.42461e-08  2.63538e-20  2.05819e-08 -5.77065e-20 -1.81344e-08  5.33959e-20 -9.43066e-09 -3.24933e-20  1.66936e-09  1.25955e-20  2.69132e-09  2.26564e-22  5.93094e-10 -5.69195e-21 -3.30232e-10  5.60963e-21 -2.51475e-10   -3.359e-21 -4.59288e-11  1.63317e-21  2.39755e-11 -8.79434e-22   1.8566e-11  5.02797e-22    4.883e-12 -2.34002e-22 -4.23398e-13  9.23854e-23 -8.71074e-13 -4.02885e-23 -3.59797e-13  1.44662e-23 -6.67103e-14  1.25239e-26  8.38289e-15 -2.93626e-24  1.07059e-14  1.16859e-24  4.10362e-15 -2.20168e-26  9.12673e-16  -1.2601e-25  7.45093e-17  6.27553e-26 -3.41532e-17  1.16714e-27 -1.89769e-17 -2.54816e-26 -5.53757e-18  7.00996e-27 -1.11012e-18  4.36325e-27 -1.42957e-19 -1.58265e-27 -2.74141e-21 -4.17738e-28  4.52178e-21  2.10927e-28  1.52933e-21  2.41693e-29  3.25753e-22 -2.37328e-29  5.26432e-23  -1.2542e-30    6.663e-24   1.4929e-30  6.34361e-25 -4.24843e-32   3.6356e-26 -8.41602e-32 -1.04644e-27 -4.29179e-33 -6.14234e-28  7.38799e-34 -9.70674e-29 -2.75287e-35 -1.05406e-29  2.21399e-35 -8.84478e-31  1.13667e-35 -5.90413e-32  1.33978e-36 -3.13472e-33  6.60196e-38 -1.29709e-34 -3.57743e-39 -4.00643e-36 -1.41057e-39 -8.60128e-38  -8.8038e-41 -1.15089e-39  1.22259e-42 -7.17539e-42  1.87835e-43
-5.82694e-25 -1.42181e-09   1.2445e-23  2.33611e-08 -8.58562e-23 -1.94011e-07  1.94966e-22  1.01623e-06  9.05655e-22 -3.66987e-06 -9.21584e-21  9.51635e-06  3.95186e-20 -1.79461e-05 -1.10311e-19  2.42887e-05  2.21566e-19 -2.23267e-05 -3.33211e-19  1.16084e-05  3.84758e-19 -2.12026e-07 -3.57008e-19 -3.74408e-06  3.00335e-19  1.32441e-06 -2.71591e-19  8.94856e-07  2.54379e-19 -4.88838e-07 -1.84828e-19 -2.58209e-07  5.36464e-20  1.18675e-07  6.85191e-20  8.67563e-08 -1.16879e-19 -1.34381e-08  9.74984e-20 -2.50186e-08 -5.53494e-20 -4.20095e-09  1.99629e-20  4.29557e-09  1.71997e-21  2.48438e-09 -1.00328e-20  9.12994e-11  8.72327e-21 -4.48134e-10 -4.57803e-21 -2.11783e-10    2.068e-21 -1.69127e-11 -1.18141e-21  2.70595e-11  6.74102e-22  1.53137e-11 -2.80186e-22  3.34904e-12  1.08166e-22 -4.73334e-13 -5.67079e-23 -6.47541e-13  2.13514e-23  -2.5197e-13  7.63105e-25 -4.83564e-14 -4.34675e-24  2.74706e-15  1.53581e-24   5.6936e-15  -7.6851e-27  2.30629e-15 -1.84001e-25  5.64185e-16   1.2112e-25  7.67021e-17 -1.04867e-26  -4.4594e-18 -4.29686e-26 -6.14883e-18  1.24074e-26 -2.09799e-18  7.15672e-27 -4.77255e-19 -2.45323e-27 -7.90092e-20 -6.73997e-28 -8.63688e-21  3.21343e-28 -1.61318e-22   3.7942e-29  1.94196e-22 -3.48196e-29  5.73559e-23 -2.72033e-30  1.06736e-23  1.75853e-30  1.52199e-24  -3.3262e-32  1.74006e-25 -1.00117e-31  1.59275e-26 -8.14952e-33  1.11505e-27   8.7533e-35  5.01275e-29 -8.00067e-35 -9.75091e-32    2.879e-35 -2.74942e-31  1.35114e-35 -3.05231e-32  1.77523e-36 -2.11462e-33  1.09844e-37 -1.04615e-34 -5.70383e-39 -3.71132e-36 -1.90029e-39  -8.9995e-38 -1.16997e-40 -1.32172e-39 -4.21761e-43 -7.57858e-42
 3.91347e-10 -7.48476e-24 -1.18725e-08  9.11081e-23  1.36427e-07 -4.79759e-22 -9.12317e-07  9.05655e-22  4.06591e-06  3.64179e-21 -1.28368e-05 -3.28202e-20  2.94856e-05  1.26347e-19 -4.93887e-05  -3.1908e-19  5.87917e-05  5.81756e-19 -4.57815e-05 -7.94004e-19  1.69249e-05  8.31188e-19  5.34919e-06 -7.06362e-19 -7.99343e-06  5.71975e-19  6.24578e-07 -5.30166e-19  2.40003e-06  4.97545e-19 -3.57811e-07 -3.35685e-19 -7.09359e-07  6.57032e-20  3.37345e-08  1.49779e-19  1.97769e-07 -2.10044e-19  3.42443e-08  1.59604e-19 -4.01475e-08  -8.5859e-20 -2.05693e-08  2.92474e-20  2.01113e-09  4.61634e-21  5.20418e-09 -1.60584e-20  1.68297e-09  1.21376e-20 -2.97831e-10 -5.38794e-21 -4.40952e-10  2.30396e-21 -1.49419e-10 -1.49092e-21  2.15633e-12  8.18907e-22  2.38444e-11 -2.78376e-22  1.10854e-11  1.12112e-22  2.13878e-12 -7.76733e-23 -3.49122e-13  2.91326e-23 -4.11336e-13  2.08674e-24 -1.56285e-13 -5.69316e-24 -3.21542e-14  1.88182e-24 -5.86196e-16 -8.20949e-26  2.37515e-15 -2.25755e-25  1.06828e-15  2.16923e-25  2.85779e-16 -3.55557e-26  4.99921e-17 -6.78978e-26  3.67317e-18  2.01962e-26 -1.10285e-18  1.08928e-26 -5.55388e-19 -3.54676e-27 -1.45356e-19 -9.74198e-28 -2.76003e-20  4.53556e-28 -3.98504e-21   5.3172e-29 -4.10222e-22 -4.72992e-29 -1.87097e-23 -5.04167e-30  3.38135e-24  1.75949e-30  1.09255e-24 -2.80923e-32  1.84733e-25   -1.075e-31  2.31414e-26 -1.19855e-32  2.30984e-27 -9.31655e-34  1.87068e-28 -1.96775e-34  1.22184e-29  2.55831e-35  6.25975e-31  1.47276e-35  2.35196e-32  2.24012e-36  5.28313e-34  1.59807e-37 -9.30868e-37 -5.76467e-39 -5.56578e-37 -2.00867e-39 -1.95546e-38 -1.12376e-40 -2.86662e-40 -5.66894e-43
 2.62095e-24  4.29751e-09 -6.29123e-23 -7.46935e-08  5.34544e-22  6.58084e-07  -2.2648e-21 -3.66987e-06  3.64179e-21  1.41735e-05  1.28555e-20 -3.95474e-05  -1.0352e-19   8.0964e-05  3.59873e-19 -0.000120697 -8.25279e-19  0.000125778  1.36825e-18 -8.08339e-05 -1.69424e-18  1.61263e-05  1.60462e-18  1.89735e-05 -1.25134e-18 -1.28861e-05  9.95425e-19  -2.8657e-06 -9.63115e-19  4.47118e-06  8.98824e-19  6.80567e-07 -5.54132e-19 -1.28521e-06  5.29882e-20 -3.40519e-07  2.84246e-19   2.8823e-07 -3.37733e-19  1.56008e-07  2.36543e-19 -2.79442e-08 -1.23169e-19 -4.61071e-08  4.02359e-20  -1.0134e-08  9.47056e-21  6.01089e-09 -2.36662e-20  4.54604e-09  1.51237e-20  8.04314e-10 -5.30571e-21 -4.68012e-10  2.28657e-21 -3.54271e-10 -1.82674e-21 -9.15548e-11   8.9499e-22  9.72507e-12 -2.00483e-22  1.75727e-11  1.05102e-22  7.18853e-12 -1.04209e-22  1.31144e-12  3.60392e-23 -1.85005e-13  3.89745e-24 -2.22922e-13 -6.42344e-24 -8.52365e-14  2.19064e-24 -1.90422e-14 -3.54513e-25 -1.59725e-15 -2.23082e-25  6.95802e-16  3.61545e-25  3.92989e-16 -7.94852e-26  1.15818e-16 -1.00919e-25  2.35766e-17  3.05429e-26  3.16367e-18  1.54048e-26  1.12993e-19 -4.81197e-27 -8.06043e-20 -1.27559e-27 -2.91206e-20  5.98705e-28 -6.33387e-21  6.80766e-29  -1.0388e-21 -6.01758e-29 -1.34226e-22 -8.32543e-30  -1.3383e-23  1.38161e-30 -9.04955e-25 -3.89525e-32  -1.1837e-26 -1.04063e-31  7.44699e-27 -1.47732e-32  1.35028e-27 -2.13405e-33  1.50485e-28 -3.76846e-34  1.25547e-29    9.292e-36  8.19638e-31   1.4696e-35  4.20006e-32  2.64053e-36  1.65551e-33  2.05504e-37  4.81058e-35 -3.83334e-39  9.55415e-37 -1.72508e-39  1.10681e-38 -7.69119e-41  4.58939e-41
-9.62081e-10  2.93272e-23  3.09341e-08 -4.01921e-22 -3.77699e-07  2.61147e-21  2.69202e-06 -9.21584e-21 -1.28368e-05  1.28555e-20  4.35835e-05  4.02834e-20 -0.000108416 -2.91987e-19  0.000198772  9.21093e-19 -0.000263823 -1.92376e-18  0.000238661  2.90311e-18 -0.000120754 -3.25659e-18 -2.29743e-06  2.78007e-18  4.32587e-05 -1.99464e-18 -1.44554e-05  1.60229e-18 -1.09726e-05 -1.64155e-18   5.8179e-06  1.50551e-18  3.25789e-06 -8.32928e-19 -1.50703e-06 -9.71723e-21 -1.12738e-06  4.76539e-19  1.88962e-07 -4.88446e-19  3.40989e-07  3.20288e-19  5.35958e-08  -1.6598e-19 -6.30775e-08  5.25472e-20 -3.53634e-08  1.69757e-20 -5.03383e-10 -3.24739e-20  6.97752e-09  1.67288e-20  3.17016e-09 -3.93259e-21  1.82755e-10  2.10442e-21 -4.53734e-10 -2.24103e-21 -2.45245e-10  8.54009e-22 -5.05069e-11 -2.87875e-23  9.60199e-12  9.57713e-23  1.11578e-11 -1.35926e-22   4.2192e-12  3.90688e-23  7.77819e-13  5.76541e-24 -6.33046e-14 -5.78777e-24 -1.01478e-13  2.45847e-24 -4.02365e-14 -9.44585e-25 -9.75297e-15 -1.42871e-25 -1.31429e-15  5.61427e-25  7.95631e-17  -1.4672e-25  1.06352e-16 -1.41213e-25  3.61866e-17  4.32426e-26  8.24495e-18  2.02554e-26  1.37758e-18 -6.16701e-27  1.56169e-19 -1.52779e-27  5.15542e-21  7.44658e-28 -2.74811e-21  8.12474e-29 -8.66187e-22 -7.22616e-29 -1.63366e-22  -1.2508e-29 -2.33787e-23  5.79225e-31 -2.68105e-24  -7.4966e-32 -2.47963e-25 -8.97424e-32 -1.79825e-26  -1.5609e-32 -9.26946e-28 -3.26147e-33 -2.02779e-29 -5.97203e-34  1.86557e-30 -1.85429e-35  2.66993e-31  1.33835e-35  1.88039e-32  2.86799e-36  8.85193e-34   2.3304e-37  2.85661e-35 -1.22266e-39  5.91492e-37 -1.19686e-39  6.32238e-39 -3.32174e-41
-8.32398e-24 -9.14257e-09     2.17e-22  1.69259e-07 -2.07978e-21 -1.59262e-06  1.08946e-20  9.51635e-06 -3.28202e-20 -3.95474e-05  4.02834e-20  0.000119411  1.13083e-19  -0.00026672 -7.42348e-19   0.00043947  2.13372e-18  -0.00051859 -4.06791e-18  0.000401548  5.58866e-18  -0.00014511 -5.66265e-18 -5.35717e-05  4.32975e-18  7.56783e-05 -2.86942e-18 -5.46212e-06  2.41421e-18 -2.39716e-05 -2.63891e-18  3.76656e-06  2.34333e-18  7.40629e-06   -1.139e-18  -4.8186e-07 -1.47823e-19 -2.18235e-06   7.1253e-19 -3.34035e-07 -6.36881e-19  4.81293e-07  4.00059e-19  2.32028e-07 -2.13416e-19  -3.3678e-08  6.54336e-20  -6.5142e-08  2.80238e-20 -1.93245e-08 -4.18471e-20  4.86998e-09  1.59572e-20  5.87197e-09 -1.10769e-21  1.84367e-09  2.01205e-21 -1.15916e-10 -2.79801e-21 -3.46373e-10  6.45708e-22 -1.51086e-10  2.34289e-22   -2.618e-11   9.9955e-23  6.44554e-12 -1.69705e-22  6.17362e-12  3.43712e-23  2.24241e-12   6.9477e-24  4.37632e-13 -2.98315e-24 -2.75901e-15  2.66552e-24 -3.74111e-14 -1.94403e-24 -1.60421e-14    4.857e-26  -4.2031e-15  8.12949e-25 -7.22226e-16  -2.3937e-25 -5.05553e-17 -1.85855e-25   1.6559e-17  5.76796e-26  8.08995e-18   2.4767e-26  2.09474e-18 -7.52609e-27  3.95612e-19 -1.69273e-27  5.71998e-20  8.77196e-28  6.01271e-21  9.21773e-29    3.233e-22 -8.22651e-29 -3.39712e-23 -1.72944e-29 -1.27987e-23 -5.94551e-31 -2.19703e-24 -1.36825e-31 -2.73567e-25 -6.63246e-32 -2.69325e-26 -1.40009e-32 -2.14435e-27  -4.0807e-33  -1.3774e-28 -8.20176e-34 -6.98855e-30 -5.20317e-35 -2.67198e-31  1.10659e-35 -6.91518e-33   2.8462e-36 -8.22068e-35  2.31033e-37  1.35752e-36  6.29634e-40  6.53918e-38 -6.40105e-40   6.2416e-40
 1.66585e-09 -8.25314e-23 -5.72647e-08  1.23061e-21  7.49118e-07 -9.03753e-21 -5.73596e-06  3.95186e-20  2.94856e-05  -1.0352e-19 -0.000108416  1.13083e-19  0.000293944  2.86562e-19 -0.000593051 -1.71266e-18   0.00088023  4.50069e-18  -0.00092014 -7.84567e-18  0.000595693  9.80572e-18 -0.000117187 -8.92994e-18 -0.000149981  6.05165e-18  0.000104228 -3.72859e-18   2.2671e-05  3.44482e-18 -3.83493e-05 -4.01262e-18 -5.07037e-06  3.39318e-18  1.17278e-05 -1.41018e-18  2.75753e-06 -3.75568e-19 -2.87601e-06  9.53766e-19 -1.41638e-06 -7.47878e-19  3.55774e-07  4.66343e-19  4.68088e-07 -2.65562e-19  8.39873e-08  7.74761e-20 -7.25547e-08  4.36522e-20  -4.8185e-08 -5.09598e-20 -6.54501e-09  1.19747e-20  6.14989e-09  3.00293e-21  4.05437e-09  2.38433e-21   9.1806e-10 -3.53437e-21 -1.85569e-10  2.25571e-22 -2.23914e-10  5.60389e-22 -8.46093e-11  1.36692e-22 -1.33267e-11 -1.99418e-22  3.29035e-12  1.81448e-23  2.97257e-12  6.67943e-24  1.06958e-12  2.64003e-24  2.25623e-13  2.73738e-24  1.43423e-14 -3.37717e-24  -1.0237e-14  3.79132e-25 -5.20269e-15  1.09817e-24 -1.48036e-15 -3.55966e-25 -2.94105e-16 -2.29606e-25  -3.8369e-17  7.29172e-26 -1.15784e-18  2.81506e-26  1.02368e-18 -8.83225e-27  3.57076e-19 -1.76461e-27  7.62825e-20  9.80982e-28  1.23465e-20  1.01295e-28  1.58149e-21 -8.89191e-29  1.57889e-22 -2.21571e-29  1.10974e-23 -1.98566e-30  2.79692e-25 -2.13908e-31 -6.01912e-26 -3.65368e-32 -1.19301e-26 -1.00238e-32 -1.32332e-27 -4.46474e-33 -1.07226e-28 -1.00587e-33 -6.69707e-30 -8.32641e-35 -3.23576e-31  8.24289e-36 -1.18211e-32  2.56354e-36  -3.1041e-34  1.97531e-37 -5.30473e-36  1.17878e-39 -4.67697e-38 -2.29045e-40
 1.96017e-23  1.37206e-08 -5.44704e-22 -2.73504e-07  5.69067e-21  2.77647e-06 -3.37668e-20 -1.79461e-05  1.26347e-19   8.0964e-05 -2.91987e-19  -0.00026672  2.86562e-19   0.00065471  6.59781e-19  -0.00119908 -3.60618e-18   0.00160509  8.68937e-18  -0.00147662 -1.38659e-17  0.000767083  1.57384e-17    1.021e-05 -1.27807e-17 -0.000289813  7.53876e-18  0.000105903  -4.3683e-18  7.49128e-05  4.70446e-18 -4.54125e-05 -5.77787e-18 -2.28014e-05   4.5718e-18  1.29663e-05 -1.56204e-18  8.47085e-06  -6.8416e-19 -2.10692e-06  1.14024e-18  -2.8459e-06 -7.86034e-19  -2.8705e-07  5.15014e-19  6.13734e-07 -3.23175e-19  2.96489e-07  8.64359e-20 -1.86474e-08  6.48155e-20 -7.09597e-08 -5.88781e-20 -2.80499e-08  4.27161e-21  3.44574e-10  7.91541e-21  5.11748e-09   3.6117e-21  2.42568e-09 -4.41823e-21  4.02059e-10 -4.32905e-22 -1.48806e-10  8.96969e-22  -1.2645e-10  2.21854e-22 -4.35861e-11 -2.17511e-22 -6.81929e-12 -1.22635e-23  1.25845e-12  4.67351e-24  1.22908e-12  1.13819e-23  4.50036e-13  2.52533e-24  1.02789e-13 -5.17263e-24  1.22045e-14  8.61767e-25 -1.48919e-15  1.38313e-24 -1.28224e-15 -4.90704e-25 -4.09947e-16  -2.6538e-25 -9.02841e-17  8.79179e-26 -1.46642e-17  2.97069e-26 -1.60611e-18 -1.00789e-26 -4.43704e-20 -1.77942e-27  2.96113e-20  1.04071e-27  8.91049e-21  1.09446e-28  1.63614e-21 -9.12013e-29  2.28833e-22 -2.64242e-29  2.56955e-23  -3.3711e-30  2.33393e-24 -2.85941e-31   1.6764e-25 -3.12592e-33  8.83017e-27 -4.29593e-33  2.50792e-28 -4.41878e-33 -7.96162e-30 -1.12327e-33 -1.53996e-30 -1.05124e-34 -1.06716e-31  5.47713e-36 -4.64214e-33  2.07761e-36 -1.31232e-34  1.42736e-37 -2.17347e-36  8.44692e-40 -1.39731e-38
-1.99497e-09  1.74034e-22   7.4422e-08 -2.76996e-21  -1.0575e-06   2.2218e-20  8.80946e-06 -1.10311e-19 -4.93887e-05  3.59873e-19  0.000198772 -7.42348e-19 -0.000593051  6.59781e-19   0.00132756  1.38795e-18  -0.00221631 -6.96483e-18   0.00267551  1.54256e-17  -0.00214285 -2.25471e-17  0.000824168  2.31735e-17  0.000277858 -1.65723e-17 -0.000446294  8.22774e-18  5.13993e-05 -4.58547e-18  0.000146047  6.20132e-18  -3.2565e-05 -7.88053e-18 -4.74825e-05  5.72691e-18  6.70113e-06 -1.50548e-18  1.52944e-05 -1.03526e-18  1.25866e-06  1.20329e-18 -3.88544e-06 -7.27811e-19 -1.53485e-06  5.49282e-19  4.33313e-07 -3.86685e-19  5.30498e-07  8.95401e-20  1.22206e-07  9.20587e-20  -5.8837e-08 -6.46655e-20  -5.1232e-08 -7.25315e-21 -1.31766e-08  1.29216e-20  2.60081e-09  5.97183e-21  3.42798e-09 -5.32696e-21  1.30109e-09  -1.3229e-21  1.62277e-10  1.17844e-21  -8.9231e-11  3.61779e-22 -6.31711e-11 -2.18414e-22 -2.06917e-11 -5.75344e-23 -3.44945e-12  1.59374e-24  3.01465e-13  2.30736e-23  4.24049e-13  1.83633e-24  1.62919e-13 -7.15412e-24  4.00466e-14  1.48386e-24  6.34674e-15  1.62015e-24  2.90267e-16 -6.33631e-25 -1.99993e-16 -2.85477e-25 -8.33785e-17  1.01822e-25 -2.04502e-17  2.90385e-26 -3.72562e-18 -1.13048e-26 -5.21925e-19  -1.8067e-27 -5.29986e-20  1.04318e-27 -2.66201e-21  1.17103e-28  3.14683e-22 -8.86363e-29   1.0944e-22  -2.9449e-29   1.8069e-23 -4.51797e-30  2.17114e-24 -3.29197e-31  2.06059e-25  3.15504e-32  1.57781e-26  2.19358e-33   9.7186e-28 -4.04895e-33  4.71804e-29 -1.15619e-33  1.73035e-30 -1.13367e-34   4.3991e-32  3.21223e-36  6.16184e-34  1.49465e-36 -3.34392e-37  8.44307e-38 -1.28308e-37  3.34126e-40
-3.54218e-23 -1.39986e-08  1.03297e-21  3.06554e-07 -1.15344e-20 -3.41826e-06  7.49075e-20  2.42887e-05  -3.1908e-19 -0.000120697  9.21093e-19   0.00043947 -1.71266e-18  -0.00119908  1.38795e-18   0.00246394  2.68077e-18  -0.00376271 -1.23928e-17   0.00409022  2.52815e-17  -0.00280258 -3.38558e-17  0.000653864  3.13696e-17  0.000695475 -1.93598e-17 -0.000563731  7.53539e-18 -8.30296e-05 -4.24991e-18  0.000216002  7.93472e-18  1.18328e-05 -1.01815e-17 -7.11108e-05  6.65423e-18 -1.05616e-05 -1.17078e-18  1.98353e-05 -1.36452e-18  7.55941e-06  1.08557e-18 -3.37959e-06 -5.70897e-19 -3.08997e-06   5.7816e-19  -2.7914e-07 -4.55166e-19  6.21381e-07  8.42446e-20  3.26507e-07  1.25273e-19  1.51017e-08  -6.7491e-20 -5.76667e-08 -2.22878e-20 -3.04681e-08  1.72195e-20 -4.92152e-09  9.52071e-21  2.47804e-09 -6.05891e-21  1.97429e-09 -2.39084e-21  6.41467e-10   1.3454e-21  6.57239e-11  5.49644e-22 -4.31615e-11 -2.02566e-22 -2.79253e-11 -1.16202e-22 -8.97418e-12 -8.22808e-25  -1.6475e-12  3.70581e-23 -1.22565e-14  5.20594e-25   1.1513e-13 -9.05239e-24   4.9002e-14  2.19911e-24  1.29286e-14  1.75444e-24  2.40473e-15 -7.72118e-25  2.80788e-16  -2.8335e-25 -8.34111e-19  1.14166e-25 -1.03641e-17  2.61944e-26 -3.18357e-18 -1.25593e-26  -6.4308e-19 -1.92368e-27 -9.99577e-20  9.80735e-28 -1.23527e-20  1.23739e-28 -1.19002e-21 -8.15721e-29 -8.03805e-23 -3.08084e-29 -1.87098e-24 -5.24899e-30  4.19244e-25 -3.25089e-31  7.84551e-26  6.52979e-32  8.25322e-27  8.33247e-33  6.30577e-28 -3.50164e-33  3.67774e-29 -1.10407e-33  1.63567e-30  -1.0749e-34  5.37859e-32  1.64847e-36  1.22246e-33  9.33938e-37  1.66328e-35  3.85772e-38  8.68451e-38
 1.52569e-09 -2.83834e-22 -6.38455e-08  4.73993e-21  1.01368e-06 -4.06838e-20  -9.4138e-06  2.21566e-19  5.87917e-05 -8.25279e-19 -0.000263823  2.13372e-18   0.00088023 -3.60618e-18  -0.00221631  2.68077e-18   0.00420634  4.77449e-18  -0.00589288 -2.03951e-17   0.00574924  3.83938e-17   -0.0032738 -4.71016e-17   0.00015678  3.90998e-17   0.00121947  -2.0116e-17 -0.000567031  5.04429e-18 -0.000300037 -3.35937e-18  0.000251162  9.88268e-18  9.12054e-05 -1.24639e-17 -8.02333e-05  7.13628e-18 -3.85358e-05 -5.30665e-19  1.74028e-05 -1.59599e-18  1.55044e-05  7.61201e-19 -2.53911e-07 -3.36199e-19 -4.18387e-06  6.11991e-19 -1.51713e-06 -5.26112e-19   3.6951e-07   6.9157e-20   5.0013e-07  1.63686e-19  1.51331e-07 -6.66975e-20 -2.66847e-08 -4.01451e-20 -4.08804e-08  2.00331e-20 -1.57026e-08  1.40351e-20 -1.35021e-09 -6.38198e-21   1.6409e-09 -3.53157e-21  1.00764e-09  1.36712e-21  2.95666e-10  7.66414e-22  2.92873e-11 -1.79071e-22  -1.6964e-11 -1.85171e-22 -1.08096e-11 -2.17344e-25 -3.49251e-12  5.22446e-23 -7.07171e-13 -1.41178e-24 -5.74382e-14 -1.05377e-23  2.10243e-14   2.9273e-24   1.1588e-14  1.73442e-24  3.33297e-15 -8.93461e-25  6.86121e-16  -2.5546e-25  1.04041e-16  1.24928e-25  1.00906e-17  2.16894e-26  -2.9197e-20 -1.38504e-26 -2.65508e-19 -2.18085e-27 -6.90919e-20  8.55071e-28 -1.18784e-20  1.27768e-28 -1.58206e-21 -7.12744e-29 -1.70004e-22 -3.04435e-29  -1.4787e-23  -5.4894e-30  -1.0159e-24 -2.67564e-31 -5.11352e-26  9.55919e-32 -1.40565e-27  1.31298e-32  3.65992e-29  -2.9075e-33  6.97308e-30 -9.79624e-34  4.41461e-31 -9.04487e-35  1.69157e-32  7.37905e-37  3.97095e-34   4.8936e-37  4.72834e-36  1.18165e-38
 5.08452e-23  8.52201e-09 -1.52526e-21 -2.16094e-07  1.78554e-20  2.76097e-06 -1.24211e-19 -2.23267e-05  5.81756e-19  0.000125778 -1.92376e-18  -0.00051859  4.50069e-18   0.00160509 -6.96483e-18  -0.00376271  4.77449e-18   0.00663513  7.87092e-18  -0.00854783  -3.1152e-17   0.00744217  5.42105e-17  -0.00334492 -6.09152e-17  -0.00070844  4.49183e-17    0.0017461 -1.80519e-17 -0.000385058  6.62831e-19 -0.000569269 -2.05245e-18  0.000213603  1.19929e-17  0.000194422  -1.4468e-17 -6.00723e-05  6.99348e-18 -7.10259e-05  3.85848e-19  3.99091e-06 -1.66352e-18  2.19164e-05  2.47992e-19  5.73004e-06 -6.09555e-20 -3.77446e-06  6.57266e-19 -2.91637e-06 -5.96411e-19 -3.38247e-07    4.459e-20  4.98582e-07  2.06089e-19  3.04086e-07 -6.17871e-20  4.94608e-08 -5.97998e-20 -3.10564e-08  2.07052e-20 -2.40085e-08  1.90197e-20 -7.26552e-09 -6.10872e-21 -1.88538e-10 -4.59768e-21  8.78874e-10   1.2596e-21  4.61965e-10  9.86315e-22  1.28174e-10 -1.65127e-22  1.43546e-11 -2.60599e-22 -5.19633e-12  5.41202e-24 -3.58381e-12  6.71997e-23 -1.18898e-12 -3.70193e-24 -2.61959e-13 -1.12705e-23 -3.46228e-14  3.56513e-24   6.7287e-16  1.52334e-24  1.91415e-15 -9.87948e-25  6.48211e-16 -2.02622e-25  1.45595e-16  1.34366e-25  2.48524e-17  1.63849e-26  3.25662e-18 -1.51014e-26  2.99137e-19 -2.57344e-27   9.8486e-21  6.79819e-28 -2.81573e-21  1.27097e-28 -7.44818e-22 -5.97189e-29 -1.12211e-22 -2.86724e-29 -1.26327e-23 -5.27637e-30 -1.12999e-24 -1.65846e-31  -8.1475e-26  1.19414e-31 -4.70362e-27  1.59152e-32 -2.12355e-28 -2.34976e-33 -7.16187e-30   -8.052e-34  -1.6498e-31 -6.74447e-35 -2.07762e-33  2.89448e-37 -2.05898e-36   2.0203e-37  1.64967e-37
-5.36669e-10  3.71354e-22  2.88848e-08 -6.35329e-21 -5.63076e-07   5.7075e-20  6.24482e-06 -3.33211e-19 -4.57815e-05  1.36825e-18  0.000238661 -4.06791e-18  -0.00092014  8.68937e-18   0.00267551 -1.23928e-17  -0.00589288  7.87092e-18   0.00971302  1.20503e-17   -0.0115281 -4.42974e-17   0.00887583  7.13898e-17  -0.00283524 -7.34871e-17  -0.00189026  4.75923e-17   0.00212841 -1.29151e-17  1.95881e-05 -5.31432e-18 -0.000826598 -5.75034e-19  7.60673e-05  1.41851e-17  0.000294292 -1.59436e-17 -1.17612e-06  6.13271e-18  -9.6111e-05   1.4933e-18 -2.11696e-05 -1.53214e-18  2.24923e-05 -3.93447e-19   1.3347e-05  2.14506e-19 -1.03384e-06  7.13429e-19 -3.77258e-06 -6.64093e-19 -1.39748e-06  1.23369e-20  1.96906e-07   2.5111e-19  3.85139e-07 -5.23336e-20   1.5139e-07 -7.99045e-20  6.36646e-09  1.87763e-20 -2.21909e-08  2.37743e-20 -1.23331e-08 -5.17586e-21 -3.11679e-09 -5.42437e-21  4.38148e-11  1.09122e-21  3.97526e-10  1.18481e-21  1.90585e-10 -1.81569e-22  5.18661e-11 -3.38654e-22  7.01176e-12   1.6556e-23 -1.05771e-12  8.02572e-23 -9.78444e-13  -5.8371e-24 -3.42678e-13 -1.09654e-23 -8.09694e-14  4.00695e-24  -1.3372e-14  1.10916e-24 -1.18038e-15 -1.05133e-24  1.29523e-16 -1.30352e-25    8.382e-17  1.42704e-25  2.17613e-17  1.12659e-26   4.0364e-18 -1.61386e-26  5.87532e-19 -3.03187e-27  6.81283e-20  4.80004e-28  6.08166e-21  1.20083e-28  3.60093e-22 -4.90856e-29   2.1247e-24 -2.60563e-29 -2.72525e-24 -4.72917e-30 -4.16029e-25 -4.10957e-32 -3.94714e-26  1.33792e-31 -2.75737e-27  1.64709e-32  -1.4641e-28 -1.85931e-33 -5.83938e-30  -6.0847e-34 -1.67256e-31 -4.41308e-35 -3.12502e-33   1.0037e-37 -3.01574e-35  5.67927e-38
-6.08265e-23 -1.38892e-09  1.82639e-21  6.14878e-08 -2.17732e-20 -1.10968e-06  1.58077e-19  1.16084e-05 -7.94004e-19 -8.08339e-05  2.90311e-18  0.000401548 -7.84567e-18  -0.00147662  1.54256e-17   0.00409022 -2.03951e-17  -0.00854783  1.20503e-17    0.0132521  1.71819e-17   -0.0145104 -5.87938e-17   0.00974025  8.79468e-17  -0.00165873 -8.30317e-17  -0.00323713  4.65438e-17   0.00221487 -5.12656e-18  0.000626958 -1.22761e-17  -0.00098778  7.81396e-19 -0.000163272  1.63663e-17  0.000353117 -1.67041e-17  9.41657e-05  4.57879e-18 -9.93384e-05  2.66394e-18 -5.37513e-05  -1.2125e-18  1.35243e-05 -1.07389e-18  1.98518e-05  4.60963e-19  4.06248e-06  7.73349e-19 -3.28541e-06 -7.29801e-19 -2.43318e-06 -2.53161e-20 -4.17383e-07  2.97286e-19  3.00184e-07 -3.78984e-20  2.31024e-07 -9.88047e-20   6.3992e-08  1.40752e-20 -5.40569e-09  2.75097e-20  -1.2587e-08 -3.70086e-21 -5.70454e-09   -5.865e-21 -1.27716e-09  9.71199e-22  3.25509e-11  1.34593e-21  1.53009e-10 -2.45628e-22  7.01491e-11 -4.15822e-22  1.92029e-11  3.13772e-23  3.09753e-12  8.96703e-23  -1.7779e-14 -7.15181e-24 -2.03425e-13  -9.4576e-24 -7.99567e-14  4.16908e-24 -2.01834e-14  5.09457e-25 -3.75598e-15 -1.08574e-24 -5.02603e-16  -4.8025e-26 -3.54947e-17  1.49823e-25   3.8295e-18  7.19153e-27  1.94001e-18 -1.67211e-26  4.20475e-19 -3.43659e-27  6.58083e-20  2.87748e-28  8.15896e-21  1.06436e-28  8.20645e-22 -4.11042e-29  6.66207e-23 -2.31756e-29  4.22113e-24 -3.99592e-30  1.89333e-25  8.14735e-32  3.80804e-27  1.36872e-31 -2.26268e-28  1.50687e-32 -2.70957e-29 -1.43031e-33  -1.4299e-30 -4.17438e-34 -4.54125e-32 -2.48581e-35 -8.17186e-34  3.10028e-38  -5.5337e-36
-1.72125e-10 -4.12427e-22  2.62654e-09  6.99375e-21  4.67762e-08 -6.34368e-20 -1.44693e-06  3.84758e-19  1.69249e-05 -1.69424e-18 -0.000120754  5.58866e-18  0.000595693 -1.38659e-17  -0.00214285  2.52815e-17   0.00574924  -3.1152e-17   -0.0115281  1.71819e-17     0.016926  2.28665e-17   -0.0171123 -7.29828e-17   0.00979254  1.01645e-16   0.00013546  -8.8325e-17  -0.00452548  4.21034e-17   0.00189621   4.3182e-18   0.00135379 -1.94643e-17 -0.000972942  1.74285e-18 -0.000473137  1.84464e-17  0.000334204 -1.66626e-17  0.000208969  2.48073e-18 -6.91079e-05  3.75256e-18 -8.43594e-05  -7.6397e-19 -6.06116e-06  -1.6982e-18  2.17264e-05  6.69712e-19  1.03626e-05  8.27173e-19 -9.63579e-07 -7.96965e-19 -2.89145e-06 -6.68594e-20 -1.18208e-06  3.42848e-19  6.20414e-09 -1.80716e-20  2.29442e-07 -1.14603e-19   1.1754e-07  6.82334e-21  2.35802e-08  2.94893e-20 -5.45728e-09 -1.99064e-21 -6.08023e-09 -5.82746e-21  -2.4125e-09   1.0215e-21  -5.0931e-10  1.46616e-21   2.5049e-12 -3.63509e-22   4.9349e-11 -4.88797e-22  2.26129e-11  4.56556e-23    6.323e-12  9.38345e-23   1.1687e-12 -7.00852e-24  9.58343e-14   -6.754e-24 -2.53823e-14  4.00973e-24 -1.40023e-14 -2.30131e-25 -3.87757e-15 -1.09857e-24 -7.79487e-16   3.2982e-26 -1.20979e-16  1.55098e-25 -1.41305e-17  4.69694e-27 -1.03088e-18 -1.66045e-26  1.77836e-20 -3.65235e-27  2.08509e-20  1.35167e-28  4.11329e-21  8.76808e-29  5.47705e-22 -3.64961e-29  5.64187e-23 -2.04155e-29  4.65969e-24 -3.20241e-30  3.09971e-25  1.81205e-31   1.6391e-26  1.28879e-31  6.68349e-28  1.23734e-32  1.98615e-29 -1.04587e-33  3.84653e-31 -2.55106e-34  3.61195e-33 -1.16509e-35 -3.74385e-36  8.46343e-39
 6.44425e-23  -1.9382e-09 -1.89849e-21  3.51476e-08  2.21487e-20 -2.35574e-07 -1.60408e-19 -2.12026e-07  8.31188e-19  1.61263e-05 -3.25659e-18  -0.00014511  9.80572e-18  0.000767083 -2.25471e-17  -0.00280258  3.83938e-17   0.00744217 -4.42974e-17   -0.0145104  2.28665e-17    0.0203324  2.84431e-17   -0.0189854 -8.48312e-17   0.00892718  1.10522e-16   0.00236424 -8.90993e-17  -0.00551458   3.5451e-17   0.00114226  1.41503e-17   0.00206931 -2.61657e-17 -0.000732871  2.09808e-18 -0.000792806  2.03435e-17  0.000215204 -1.58407e-17  0.000314042  9.20703e-20 -2.15866e-06  4.62593e-18 -0.000100881 -2.85433e-19 -3.33114e-05 -2.18904e-18  1.60607e-05  8.53673e-19  1.56587e-05  8.67606e-19  2.99326e-06 -8.70246e-19 -2.27053e-06 -1.12418e-19 -1.78006e-06  3.85306e-19 -4.40729e-07  7.29039e-21  1.09202e-07 -1.25324e-19  1.34496e-07 -2.28442e-21  5.30777e-08  2.91744e-20  7.87166e-09 -4.90081e-22 -3.11394e-09 -5.29949e-21 -2.56614e-09  1.34012e-21 -9.36441e-10  1.55359e-21 -1.96881e-10  -5.2582e-22 -7.57939e-12 -5.54283e-22  1.27491e-11   5.3621e-23  6.19728e-12  9.15752e-23   1.7907e-12 -4.99363e-24  3.64267e-13 -3.05296e-24  4.82664e-14  3.53778e-24  1.16371e-15 -1.04369e-24 -1.50623e-15 -1.09976e-24 -5.28511e-16  1.01624e-25 -1.15823e-16  1.57455e-25 -1.93423e-17  3.90141e-27 -2.57251e-18 -1.56158e-26  -2.7047e-19 -3.56923e-27 -2.09908e-20  4.66102e-29  -8.6925e-22  6.69484e-29  5.21218e-23 -3.47532e-29   1.5163e-23 -1.78639e-29  1.80993e-24 -2.42505e-30  1.49787e-25  2.47336e-31  9.32068e-27  1.12294e-31  4.39572e-28  9.21407e-33  1.52887e-29 -7.01038e-34  3.67292e-31 -1.34985e-34  5.28922e-33   -4.257e-36  2.95965e-35
 2.24512e-10  4.16422e-22 -9.99065e-09 -6.87129e-21  1.56349e-07  6.00156e-20 -1.27225e-06 -3.57008e-19  5.34919e-06  1.60462e-18 -2.29743e-06 -5.66265e-18 -0.000117187  1.57384e-17  0.000824168 -3.38558e-17   -0.0032738  5.42105e-17   0.00887583 -5.87938e-17   -0.0171123  2.84431e-17     0.023089  3.30697e-17    -0.019904 -9.23171e-17   0.00720481  1.13376e-16   0.00475406 -8.61323e-17  -0.00600788  2.82486e-17  1.45072e-05  2.32036e-17   0.00262744  -3.1849e-17  -0.00026696  1.72346e-18  -0.00104643  2.19691e-17 -1.99659e-06 -1.43535e-17  0.000375534 -2.26888e-18  9.32252e-05   5.1902e-18 -9.25041e-05   1.0383e-19 -6.13011e-05 -2.50425e-18  2.02468e-06  1.04019e-18  1.73654e-05   8.9401e-19  7.55293e-06 -9.52778e-19 -3.99345e-07 -1.63673e-19 -1.85493e-06   4.2115e-19 -8.80652e-07  3.76675e-20 -1.15459e-07 -1.29185e-19  9.11958e-08 -1.20804e-20  6.67763e-08  2.63405e-20  2.19469e-08  3.22491e-22  2.56486e-09 -4.35421e-21 -1.33844e-09  1.96763e-21 -9.51021e-10  1.62343e-21  -3.3112e-10  -7.0797e-22 -7.17741e-11 -6.09124e-22  -6.3169e-12  4.94286e-23  2.33662e-12  8.24349e-23  1.37747e-12 -1.05659e-24  4.19418e-13    1.279e-24  9.12693e-14   2.8085e-24  1.46651e-14 -1.85656e-24  1.53123e-15 -1.09848e-24  9.47167e-18  1.49289e-25 -3.98018e-17  1.55624e-25 -1.11371e-17  4.53344e-27 -2.02285e-18 -1.37141e-26 -2.83649e-19 -3.13675e-27 -3.21049e-20   3.2636e-29 -2.95268e-21  4.81409e-29 -2.16674e-22 -3.43694e-29 -1.19921e-23 -1.53624e-29 -4.16694e-25 -1.69509e-30  5.29127e-28  2.79196e-31  1.20493e-27  9.10437e-32   8.8877e-29  6.30305e-33  3.67766e-30 -4.10187e-34  9.10339e-32 -5.91258e-35  1.12797e-33 -1.03437e-36
-6.20353e-23  1.04506e-09  1.84727e-21 -3.20908e-08 -2.08139e-20  4.54877e-07  1.42314e-19 -3.74408e-06 -7.06362e-19  1.89735e-05  2.78007e-18 -5.35717e-05 -8.92994e-18    1.021e-05  2.31735e-17  0.000653864 -4.71016e-17  -0.00334492  7.13898e-17   0.00974025 -7.29828e-17   -0.0189854  3.30697e-17    0.0249283  3.58651e-17   -0.0198158 -9.38439e-17   0.00483016  1.10031e-16   0.00700921 -8.09862e-17  -0.00589849  2.21125e-17  -0.00134897  3.07087e-17   0.00290334 -3.62047e-17  0.000373543  5.95892e-19  -0.00116294   2.3204e-17 -0.000288682 -1.23811e-17  0.000364983  -4.2703e-18  0.000197819  5.40962e-18  -5.3928e-05  2.88693e-19 -8.08416e-05 -2.64333e-18 -1.82371e-05  1.25876e-18   1.3542e-05  9.13418e-19  1.10795e-05 -1.04338e-18   2.3765e-06 -2.22799e-19 -1.18186e-06   4.4593e-19 -1.10285e-06  7.14824e-20 -3.70187e-07 -1.24941e-19 -1.04677e-08 -2.10575e-20  5.23151e-08  2.11374e-20   2.9258e-08  6.51703e-23   8.4958e-09 -3.13362e-21  9.03964e-10  2.86934e-21 -4.53277e-10  1.69216e-21 -3.06565e-10 -8.75717e-22 -1.04746e-10 -6.50874e-22 -2.37131e-11  2.87845e-23 -3.09792e-12  6.68627e-23  1.56233e-13  4.45569e-24  2.26744e-13  5.76986e-24  7.70541e-14  1.90869e-24  1.77849e-14 -2.59765e-24  3.13475e-15 -1.10058e-24  4.23917e-16   1.7106e-25  3.98693e-17  1.48461e-25   1.2167e-18  6.04135e-27 -4.42486e-19 -1.10184e-26 -1.17559e-19 -2.38064e-27 -1.82295e-20  8.74212e-29 -2.12275e-21   3.4731e-29 -1.96832e-22 -3.34569e-29 -1.47384e-23 -1.26758e-29 -8.85695e-25 -1.02382e-30 -4.17849e-26  2.82459e-31 -1.48378e-27  6.91307e-32  -3.6672e-29  4.03582e-33 -5.31995e-31 -1.95339e-34 -2.38555e-33 -1.97823e-35  1.95466e-35
