 7.29536e-34 -3.74578e-38 -4.64467e-34  2.62173e-37 -4.30666e-35 -8.66659e-37  1.53149e-34  9.10271e-37   -1.703e-34 -3.94608e-37  7.40994e-35  2.67607e-37   7.0005e-35  3.50128e-37 -9.20292e-35  5.10598e-37  2.93837e-35   4.4745e-38  -1.3277e-35  5.09706e-37   8.1706e-36  2.85874e-38  1.14143e-36  -6.2948e-38 -6.05584e-36  5.64834e-38  2.15738e-36  -1.1396e-38 -1.09293e-37  3.05023e-38  -8.4347e-37  5.32607e-39  5.10119e-37  1.44148e-38  3.03695e-37 -2.28939e-39  -1.3474e-37 -6.20432e-40  3.18135e-38  1.30505e-39 -1.49584e-41 -1.28915e-39 -1.57665e-38  5.03531e-40  5.67071e-39  2.11508e-40  7.19351e-40  3.73496e-41  2.94738e-40  3.89408e-41 -2.88263e-40 -2.56705e-42 -6.39984e-41 -9.01645e-43  5.65303e-41 -3.53123e-42  8.64986e-42 -1.03905e-42  1.96544e-42  8.29386e-43  1.12608e-41 -2.66216e-43 -8.66608e-42   1.2688e-43  3.23143e-42  1.00753e-43 -6.74678e-43 -1.83233e-44  2.05243e-44 -1.21372e-44  7.13849e-44  9.07968e-45 -5.54339e-45  2.00338e-45 -2.97661e-45 -1.58242e-45 -4.98554e-46 -5.66494e-46 -1.03133e-45  1.84544e-46  5.80017e-46 -6.67713e-47 -5.85013e-47  9.86132e-48 -3.54625e-47 -6.54406e-48 -8.57427e-49  4.14376e-48 -6.79886e-48 -5.59316e-48 -9.72438e-48    1.384e-47  2.19988e-47  -2.3693e-47 -3.57113e-47  3.71939e-47  5.02784e-47 -5.34058e-47 -6.40841e-47  7.02298e-47  7.40905e-47 -8.43728e-47 -7.74266e-47  9.23533e-47   7.2841e-47 -9.17318e-47 -6.14627e-47  8.22029e-47  4.63267e-47  -6.5906e-47 -3.09984e-47  4.67159e-47  1.82105e-47 -2.87897e-47 -9.21516e-48  1.50685e-47  3.89926e-48 -6.47988e-48 -1.32161e-48  2.18021e-48   3.3704e-49 -5.30565e-49 -5.83114e-50  8.03697e-50   5.4375e-51 -4.87116e-51
-3.74578e-38  8.55658e-34 -2.64728e-37 -3.15456e-34  1.10743e-36 -1.97897e-34 -3.27042e-36  3.78585e-34  2.72916e-36 -4.51089e-34 -2.10985e-36  1.94315e-34  1.31089e-36  1.50575e-34  4.82958e-37 -1.98327e-34  2.79754e-36  5.82708e-35 -1.88849e-37 -4.39318e-35  1.54905e-36  2.76757e-35  9.51224e-38 -1.62508e-36 -1.49166e-37  -1.1118e-35  1.17942e-37   2.9869e-36 -2.37886e-38  4.66969e-37  1.08573e-37  -2.2006e-36  1.30632e-38  1.23989e-36  4.49784e-38  9.31697e-37 -6.36673e-39 -3.47947e-37 -4.47335e-40  7.38327e-38  3.09182e-39 -6.59077e-39 -3.47605e-39 -3.22903e-38  1.31395e-39  1.45186e-38  7.04104e-40  4.20722e-40  4.15052e-41  2.61693e-39  1.48667e-40 -1.16999e-39 -1.84634e-41 -2.19466e-40  7.59475e-43  2.14743e-40 -1.17526e-41 -1.31047e-41 -4.70891e-42  2.13133e-41  2.70983e-42  3.49728e-41 -4.87083e-43 -3.00039e-41  3.48398e-43  9.85486e-42  3.50128e-43  -1.7221e-42  -5.4588e-44 -5.81098e-44 -4.53896e-44   2.1269e-43  3.26365e-44   2.0017e-44  5.76416e-45 -1.93293e-45 -4.95739e-45 -7.99131e-45 -2.13834e-45 -2.98058e-45  7.36558e-46  1.17783e-45 -2.85661e-46  1.13884e-46  7.23998e-47 -1.38965e-46  -4.6554e-47 -6.57911e-47  5.66087e-47  8.96274e-47 -9.20662e-47 -2.39109e-46   1.6344e-46  4.02641e-46 -2.47756e-46 -5.91366e-46  3.44154e-46  7.79867e-46 -4.38497e-46 -9.27865e-46  5.13443e-46  9.92507e-46 -5.53588e-46 -9.50712e-46  5.51081e-46  8.13514e-46 -5.07286e-46 -6.21588e-46  4.30862e-46  4.24361e-46 -3.34629e-46 -2.58356e-46  2.33462e-46  1.38784e-46 -1.42436e-46 -6.41596e-47  7.33073e-47  2.44949e-47 -3.03627e-47 -7.28989e-48  9.47265e-48  1.55776e-48 -1.99753e-48 -2.06464e-49  2.24767e-49  1.10014e-50
-4.64467e-34 -2.64728e-37  7.83522e-34 -1.06731e-36 -3.48261e-34  2.54025e-36 -3.38021e-34 -7.56787e-36  8.14695e-34  5.22412e-36 -8.55547e-34 -5.97937e-36  3.34239e-34  3.25406e-36   2.2512e-34  3.91512e-37  -3.0217e-34  7.58776e-36  8.03767e-35 -9.00622e-37  -9.2205e-35  3.00716e-36  5.72745e-35  1.29297e-37 -9.47865e-36 -2.33451e-37 -1.15394e-35  1.58867e-37  1.15111e-37 -3.94084e-38  2.41703e-36  2.55141e-37 -4.19809e-36  2.12417e-38  2.27425e-36  9.82054e-38  1.91865e-36 -1.40544e-38 -6.80167e-37  2.52385e-39  1.29032e-37  5.18807e-39 -3.15155e-38 -7.04938e-39 -3.84152e-38  2.49547e-39  2.95941e-38  1.61427e-39 -3.89675e-39 -4.52522e-41  9.72092e-39  4.11835e-40 -3.18062e-39 -6.65156e-41 -6.70712e-40  3.82013e-42  6.08751e-40 -2.82409e-41 -9.92894e-41 -1.35545e-41  8.19337e-41  5.10308e-42  7.40317e-41  3.35356e-44 -7.25722e-41  6.11581e-43  2.08512e-41  8.58612e-43 -3.00684e-42 -1.25598e-43  -4.0884e-43 -1.09634e-43  4.57656e-43  8.11604e-44  1.37072e-43  1.16757e-44  1.65586e-44 -1.00221e-44 -3.57636e-44 -5.61788e-45 -5.81971e-45  2.06022e-45  2.42861e-46 -9.12481e-46  9.89741e-46  3.38126e-46  3.80408e-47 -2.26457e-46  -1.1688e-45  2.67191e-46  2.03278e-45 -3.19336e-46 -3.59115e-45  3.34235e-46  5.48182e-45 -1.67893e-46 -7.50827e-45 -2.31212e-46  9.22671e-45  8.56063e-46 -1.01225e-44 -1.57903e-45  9.85423e-45  2.16774e-45 -8.47329e-45 -2.38468e-45  6.43039e-45  2.12795e-45 -4.32978e-45 -1.51039e-45  2.61519e-45  8.00153e-46 -1.42944e-45 -2.54938e-46   7.0056e-46 -1.98184e-47 -2.96263e-46  8.20311e-47  1.01521e-46 -5.33034e-47 -2.60454e-47  1.91311e-47  4.48792e-48  -3.7791e-48 -4.14768e-49  2.77862e-49
 2.62173e-37 -3.15456e-34 -1.06731e-36  1.07349e-33 -3.01857e-36  -6.9301e-34  3.00029e-36 -5.29972e-34 -1.22186e-35  1.45444e-33  7.19913e-36 -1.28509e-33 -1.18632e-35  4.70977e-34  5.60071e-36  2.57833e-34   4.7245e-37 -3.73129e-34  1.42564e-35  8.35625e-35 -1.92482e-36 -1.42821e-34  4.35935e-36  8.86549e-35  1.93962e-38 -2.23404e-35 -2.56311e-37 -3.89849e-36     1.42e-37 -7.82006e-36 -5.69823e-38  6.13706e-36  4.56106e-37 -6.91652e-36  2.51818e-38  3.68357e-36  1.76322e-37  3.10069e-36 -2.91681e-38 -1.16789e-36   1.1177e-38  2.02386e-37  7.18742e-39 -1.01303e-37 -1.23892e-38 -1.31254e-38  4.02469e-39  5.40681e-38  3.03497e-39 -1.63306e-38 -2.57748e-40  2.50378e-38  9.20329e-40 -6.84063e-39 -1.63864e-40 -1.81607e-39 -2.28298e-42  1.43313e-39 -5.79529e-41 -2.62622e-40 -3.03052e-41  2.13841e-40  5.14247e-42  1.20886e-40  2.89984e-42 -1.43649e-40  8.27845e-43  3.58156e-41  1.72258e-42 -4.60258e-42 -2.55871e-43 -1.18949e-42 -1.91555e-43   8.3302e-43  1.60813e-43   4.2283e-43  2.03073e-44   7.9861e-44 -1.39321e-44 -1.08041e-43 -1.18624e-44 -7.53235e-45  4.62794e-45 -5.23862e-45 -2.13969e-45  5.00584e-46  3.11448e-46   7.3915e-45  1.27619e-45 -1.67326e-44 -3.71571e-45  2.88844e-44  8.37273e-45 -4.60632e-44 -1.62861e-44  6.58384e-44  2.82002e-44 -8.42544e-44 -4.34819e-44  9.58063e-44  5.97217e-44 -9.59143e-44 -7.28671e-44  8.37445e-44  7.85471e-44 -6.32944e-44 -7.41909e-44  4.13671e-44  6.07048e-44 -2.36828e-44 -4.23595e-44  1.22663e-44  2.46661e-44  -5.9548e-45 -1.16148e-44  2.68852e-45  4.21034e-45 -1.04992e-45 -1.07513e-45  3.20311e-46   1.5557e-46 -6.87404e-47 -1.26691e-48  8.98931e-48 -2.74609e-48 -4.71882e-49
-4.30666e-35  1.10743e-36 -3.48261e-34 -3.01857e-36  1.82291e-33 -6.58297e-36 -1.30079e-33 -1.17221e-36 -8.09132e-34 -1.39324e-35  2.13401e-33  7.11146e-36 -1.61271e-33 -1.84585e-35  5.91653e-34  7.52442e-36  2.39249e-34  1.26418e-36 -3.94992e-34  2.07288e-35  5.73524e-35 -2.68102e-36 -1.71877e-34  5.00923e-36  1.11126e-34 -3.27014e-37 -3.76315e-35 -1.10695e-37  1.09704e-35  3.24526e-38 -1.92142e-35  -5.8678e-38  1.15202e-35  6.51989e-37 -1.05587e-35  1.97714e-38   5.6046e-36   2.8087e-37  4.17192e-36 -5.81849e-38 -1.84418e-36  2.86683e-38  3.10359e-37  8.85832e-39 -2.60409e-37 -1.97079e-38  6.72362e-38  5.91644e-39  8.94922e-38  5.09941e-39 -3.99742e-38 -5.63004e-40  5.15285e-38  1.74044e-39 -1.25506e-38 -3.11268e-40 -4.23875e-39 -4.28046e-41  2.91064e-39 -1.10687e-40 -4.50986e-40 -5.74769e-41   4.4481e-40  -2.7567e-42  1.57086e-40  1.06317e-41 -2.50886e-40   1.1059e-42  5.40105e-41  3.00568e-42 -7.74299e-42  -4.6818e-43 -2.37985e-42 -2.33579e-43  1.35529e-42  2.67264e-43  9.23583e-43  3.47376e-44    2.321e-43 -1.08459e-44 -2.59548e-43 -2.01789e-44 -8.95852e-45   5.8074e-45 -1.41671e-45  3.85421e-45 -4.74083e-44 -1.96649e-44  1.16474e-43  4.75771e-44 -2.17422e-43 -9.72638e-44  3.59629e-43  1.80315e-43 -5.38994e-43 -3.04127e-43  7.23584e-43  4.66307e-43 -8.62614e-43 -6.47365e-43  9.03028e-43  8.09843e-43 -8.19214e-43  -9.0731e-43   6.3456e-43  9.03321e-43 -4.13686e-43 -7.91437e-43  2.25364e-43  6.02704e-43  -1.0454e-43 -3.92641e-43  4.44974e-44  2.14283e-43 -1.92809e-44 -9.52072e-44  8.34491e-45  3.30571e-44 -3.06345e-45 -8.42124e-45  8.14747e-46  1.41143e-45  -1.3892e-46 -1.23521e-46  1.24452e-47  2.52578e-48
-8.66659e-37 -1.97897e-34  2.54025e-36  -6.9301e-34 -6.58297e-36  3.01914e-33 -1.17218e-35 -2.05141e-33  -1.4159e-35 -1.14673e-33 -9.81923e-36  2.62008e-33  4.09687e-36 -1.75883e-33 -2.41334e-35  6.82277e-34   8.4991e-36  2.01374e-34  2.83968e-36 -3.71065e-34  2.44992e-35 -1.88316e-36 -2.50016e-36 -1.61976e-34  4.61893e-36  1.17841e-34 -9.40302e-37 -4.99106e-35  3.61857e-37  2.70467e-35  -2.0386e-37 -2.97604e-35 -3.93933e-39  1.81084e-35  7.53758e-37 -1.53204e-35  2.49064e-39  8.20502e-36  4.14598e-37  4.77366e-36  -1.0871e-37 -2.70552e-36   5.8437e-38  4.82516e-37  1.03033e-38  -5.6305e-37 -2.86682e-38  2.20794e-37  8.26692e-39  1.32339e-37  8.09431e-39 -7.50263e-38 -8.78537e-40  9.05024e-38  2.88051e-39 -2.05798e-38 -4.85062e-40 -8.54429e-39 -1.57018e-40  5.21065e-39 -2.06809e-40 -5.18183e-40 -9.69873e-41   7.9252e-40 -2.59089e-41  1.59265e-40  2.62238e-41 -4.05644e-40  2.05123e-42  7.58668e-41  4.70934e-42 -1.53738e-41 -7.51218e-43  -3.7286e-42 -1.23432e-43  1.98491e-42  3.77206e-43  1.60118e-42  6.48343e-44  5.20697e-43 -6.57212e-46   -4.887e-43 -8.62031e-45 -1.25255e-43 -4.77538e-44  2.99702e-43   1.4199e-43 -7.58489e-43 -3.29705e-43  1.49129e-42  6.75439e-43 -2.59905e-42 -1.26091e-42  4.08697e-42  2.15946e-42 -5.77772e-42 -3.38443e-42  7.26961e-42  4.83623e-42 -8.04724e-42 -6.27046e-42  7.72505e-42  7.33377e-42 -6.31591e-42 -7.68256e-42  4.29969e-42  7.14601e-42 -2.37179e-42 -5.83906e-42  1.03275e-42  4.13532e-42 -3.58358e-43  -2.4952e-42  1.16788e-43   1.2541e-42 -4.85298e-44 -5.09133e-43  2.23149e-44  1.59739e-43 -7.75995e-45 -3.61682e-44  1.70605e-45  5.24089e-45 -2.12279e-46 -3.71862e-46  1.05657e-47
 1.53149e-34 -3.27042e-36 -3.38021e-34  3.00029e-36 -1.30079e-33 -1.17218e-35  4.58645e-33 -1.77998e-35 -2.74336e-33 -3.73782e-35 -1.45052e-33  3.89176e-38  2.74765e-33 -1.36966e-36 -1.73518e-33 -2.80067e-35  7.20507e-34  8.66675e-36   1.9977e-34  4.56448e-36 -3.18368e-34  2.40735e-35 -8.73952e-35 -1.02804e-36 -1.14343e-34  3.21838e-36  1.09036e-34 -1.79174e-36  -5.1406e-35  1.33189e-36  3.52216e-35 -6.02835e-37 -3.45222e-35  1.54353e-37  2.53924e-35  6.83445e-37 -2.11201e-35 -2.21859e-38  1.16099e-35  5.78884e-37  4.59485e-36 -1.86262e-37 -3.68256e-36  1.04844e-37  7.59946e-37  1.18915e-38 -1.05482e-36 -3.80386e-38  4.52414e-37    1.124e-38  1.71845e-37  1.25619e-38 -1.18197e-37  -1.1566e-39  1.40827e-37  4.29226e-39 -3.11236e-38 -6.46909e-40 -1.50639e-38 -3.90917e-40  8.35229e-39 -3.84153e-40 -2.25589e-40 -1.49287e-40  1.25914e-39 -7.10431e-41  1.11182e-40  5.21771e-41 -6.26246e-40  4.95743e-42  1.04496e-40  6.73559e-42 -3.16067e-41 -1.02304e-42 -4.95737e-42  2.93299e-43  2.52914e-42  4.29139e-43  2.38438e-42  1.59045e-43  7.45936e-43  -8.1017e-44  -1.2035e-43   2.8438e-43 -2.05023e-42 -7.64938e-43  4.58585e-42  1.73907e-42 -9.41696e-42 -3.60918e-42  1.72177e-41  6.88309e-42 -2.84652e-41  -1.2085e-41  4.23994e-41   1.9503e-41 -5.64218e-41 -2.88235e-41  6.63292e-41  3.88351e-41 -6.79307e-41 -4.74431e-41  5.95258e-41   5.2212e-41  -4.3569e-41 -5.13588e-41  2.57559e-41  4.47266e-41 -1.16992e-41 -3.40811e-41  3.77977e-42  2.23893e-41 -7.92029e-43 -1.24419e-41  1.57087e-43  5.70284e-42 -9.78711e-44 -2.08192e-42  5.67044e-44  5.74936e-43 -1.76298e-44 -1.10482e-43  2.88699e-45  1.25909e-44 -2.29463e-46 -5.36008e-46
 9.10271e-37  3.78585e-34 -7.56787e-36 -5.29972e-34 -1.17221e-36 -2.05141e-33 -1.77998e-35  6.31108e-33 -2.40419e-35 -3.16754e-33  -6.7235e-35 -1.60137e-33  1.21583e-35  2.51682e-33 -7.82015e-36 -1.62226e-33 -3.02502e-35  6.79374e-34  8.65801e-36   2.7758e-34  5.43779e-36 -2.56893e-34  1.98109e-35 -1.82947e-34  1.58723e-36 -4.93042e-35  1.09395e-36  9.04609e-35 -2.83182e-36 -3.37764e-35  2.91264e-36  2.72608e-35 -1.20173e-36 -3.04744e-35  4.37063e-37   3.3033e-35  4.15903e-37 -2.73871e-35   -3.804e-38  1.58207e-35  7.66179e-37  3.43681e-36 -2.90773e-37 -4.62948e-36  1.73765e-37  1.19177e-36   1.3867e-38 -1.75386e-36 -4.56136e-38  7.50227e-37  1.49982e-38   1.9128e-37  1.93199e-38 -1.63726e-37 -1.50875e-39   1.9867e-37  5.91945e-39 -4.42752e-38 -7.73316e-40 -2.35275e-38 -7.85661e-40  1.21464e-38 -7.02683e-40  7.17677e-40 -2.11483e-40  1.82812e-39  -1.4156e-40  1.47546e-41   8.9207e-41 -9.37479e-40  1.17061e-41  1.46471e-40  8.84688e-42 -5.98591e-41 -1.13812e-42 -6.10034e-42  1.20865e-42  2.16799e-42   1.9408e-43  4.40626e-42  7.30283e-43 -2.74249e-42  -1.2909e-42  9.89226e-42  3.33378e-42 -2.61096e-41 -7.63778e-42  5.46858e-41  1.61319e-41 -1.04643e-40  -3.1547e-41  1.81602e-40  5.70118e-41 -2.84857e-40 -9.49922e-41   4.0072e-40  1.45443e-40 -5.00412e-40  -2.0377e-40  5.47606e-40  2.59928e-40 -5.16447e-40 -3.00082e-40  4.10461e-40  3.11324e-40 -2.66266e-40 -2.87769e-40  1.34061e-40  2.34525e-40  -4.7698e-41 -1.66344e-40  9.33889e-42  1.01008e-40  1.99532e-43 -5.13977e-41  -3.0472e-43   2.1292e-41 -2.10959e-43 -6.89196e-42  1.49481e-43  1.63679e-42 -3.51904e-44 -2.55708e-43  3.65441e-45  2.06121e-44 -1.47916e-46
  -1.703e-34  2.72916e-36  8.14695e-34 -1.22186e-35 -8.09132e-34  -1.4159e-35 -2.74336e-33 -2.40419e-35   7.8929e-33 -3.02217e-35 -3.21828e-33 -9.63116e-35 -1.51839e-33  2.20262e-35  2.08667e-33  -1.3945e-35 -1.50668e-33 -3.14457e-35  5.43545e-34  9.15133e-36  4.38898e-34  4.68203e-36 -2.01012e-34  1.36459e-35   -2.674e-34  4.80017e-36  3.78648e-36 -1.38033e-36  6.92547e-35 -4.02336e-36  9.12782e-36   5.0964e-36 -5.79547e-37 -2.03535e-36 -1.79508e-35  8.10446e-37  4.08698e-35 -4.47837e-39 -3.30907e-35 -1.47097e-38  2.06682e-35    9.517e-37  1.22114e-36 -4.14454e-37 -5.33478e-36  2.72014e-37  1.82913e-36  1.57149e-38 -2.64108e-36 -4.84767e-38  1.08799e-36  1.95907e-38  1.73201e-37  2.93386e-38 -2.05425e-37 -2.33439e-39  2.57729e-37  7.77894e-39 -5.98352e-38 -8.93494e-40 -3.28576e-38 -1.36497e-39  1.62185e-38 -1.24228e-39  2.58549e-39 -2.74881e-40  2.46218e-39 -2.35498e-40 -1.08901e-40  1.35076e-40 -1.36383e-39  2.42888e-41  2.11461e-40  1.06824e-41 -1.00812e-40 -1.07767e-42 -6.10981e-42  3.18393e-42 -6.02805e-42 -1.81823e-42  2.49686e-41  5.35766e-42 -5.42584e-41 -1.23811e-41  1.32788e-40  2.90108e-41 -2.93469e-40 -6.27319e-41   5.8494e-40  1.26037e-40 -1.06393e-39 -2.34791e-40  1.75481e-39   4.0437e-40 -2.60586e-39 -6.41762e-40   3.4516e-39   9.3491e-40 -4.03035e-39 -1.24437e-39  4.08685e-39  1.50499e-39 -3.52764e-39 -1.64323e-39  2.52009e-39  1.60721e-39 -1.42667e-39 -1.39499e-39  5.91499e-40  1.06214e-39 -1.46843e-40 -6.99264e-40  1.60159e-42  3.90769e-40  1.18804e-41 -1.80888e-40 -2.30253e-42  6.70598e-41 -7.82197e-43 -1.89484e-41  3.90561e-43  3.76685e-42 -5.58032e-44 -4.51893e-43  2.87572e-45  2.08844e-44
-3.94608e-37 -4.51089e-34  5.22412e-36  1.45444e-33 -1.39324e-35 -1.14673e-33 -3.73782e-35 -3.16754e-33 -3.02217e-35  9.09304e-33 -3.68052e-35 -2.94978e-33 -1.17327e-34 -1.21273e-33   2.7313e-35  1.67749e-33 -1.96931e-35 -1.43638e-33 -3.17297e-35  3.28028e-34   1.0634e-35  6.47231e-34  2.15453e-36 -1.56745e-34  7.99957e-36 -3.20753e-34  7.95384e-36  1.99324e-35  -3.8375e-36   5.0684e-35 -5.33188e-36  7.85584e-35  7.72044e-36 -4.61266e-35  -3.1281e-36 -2.46854e-37  1.18318e-36  4.87332e-35 -4.81972e-37 -3.70509e-35   8.9045e-38  2.58369e-35  1.09047e-36 -2.04293e-36 -5.41999e-37 -5.55301e-36  4.04748e-37  2.71434e-36  1.55588e-38 -3.66237e-36 -4.34928e-38  1.43211e-36  2.48026e-38  1.07042e-37  4.34548e-38 -2.38854e-37 -4.42251e-39  3.10004e-37  1.00317e-38  -7.7115e-38 -1.11411e-39 -4.12027e-38 -2.12329e-39   2.0111e-38 -2.08992e-39  5.56042e-39 -3.23711e-40  3.10351e-39 -3.44884e-40 -2.32993e-40  1.84128e-40 -1.91764e-39  4.39049e-41  3.12498e-40  1.21833e-41  -1.5805e-40  -2.1982e-42  2.01127e-41  1.02972e-41 -9.93798e-41 -1.67899e-41  2.64492e-40  4.15658e-41  -6.3883e-40 -9.76383e-41  1.45044e-39  2.17089e-40 -3.02119e-39 -4.48894e-40  5.74838e-39   8.6261e-40 -9.95361e-39  -1.5362e-39  1.55752e-38  2.52726e-39 -2.18374e-38 -3.82677e-39  2.71438e-38  5.31039e-39 -2.95118e-38 -6.71957e-39   2.7575e-38   7.7071e-39 -2.16116e-38 -7.95617e-39  1.37025e-38  7.32978e-39  -6.6079e-39 -5.96435e-39  2.11319e-39  4.23223e-39 -2.37079e-40 -2.57688e-39  -1.3389e-40  1.31834e-39  6.34073e-41 -5.50921e-40 -4.34883e-42  1.80659e-40 -3.43735e-42 -4.37174e-41  8.57879e-43  7.01667e-42 -5.61524e-44  -5.8851e-43  7.74338e-46
 7.40994e-35 -2.10985e-36 -8.55547e-34  7.19913e-36  2.13401e-33 -9.81923e-36 -1.45052e-33  -6.7235e-35 -3.21828e-33 -3.68052e-35  9.83749e-33 -4.41121e-35 -2.54162e-33 -1.26743e-34 -7.88955e-34  2.94108e-35  1.45137e-33 -2.65745e-35 -1.42123e-33 -3.05131e-35  8.35774e-35  1.35286e-35  8.45311e-34 -1.58377e-36 -1.24642e-34   4.6127e-36 -3.29825e-34  1.05827e-35 -1.19457e-35 -5.92823e-36  3.73796e-35 -6.67565e-36   1.6961e-34  1.04632e-35 -1.02532e-34 -4.48087e-36  1.82108e-35  1.43543e-36  5.62171e-35 -9.11379e-37 -3.84095e-35  3.14725e-37   3.0959e-35  1.12341e-36 -6.29099e-36 -6.53114e-37 -5.05764e-36  5.71081e-37  3.86392e-36  9.85085e-39 -4.73931e-36 -2.77941e-38  1.75074e-36  2.99707e-38  -4.1605e-39  6.19686e-38  -2.6292e-37 -8.99689e-39  3.47317e-37  1.29898e-38 -9.50605e-38 -1.60917e-39 -4.62384e-38 -3.01525e-39   2.3417e-38 -3.31601e-39  9.68192e-39 -3.37288e-40  3.67928e-39 -4.56445e-40 -3.46881e-40  2.28207e-40 -2.59405e-39  6.90148e-41  4.91652e-40  1.67382e-41 -3.28042e-40 -1.58586e-41  3.82074e-40  5.31195e-41 -1.12282e-39 -1.23654e-40  2.84272e-39  2.97957e-40 -6.67516e-39 -6.78974e-40  1.44715e-38  1.44671e-39  -2.8782e-38 -2.86907e-39  5.22374e-38  5.28354e-39 -8.59779e-38 -9.00812e-39   1.2733e-37  1.41701e-38 -1.68048e-37 -2.04835e-38  1.95274e-37  2.70839e-38 -1.96697e-37 -3.25773e-38  1.68182e-37  3.54168e-38 -1.18436e-37  -3.4534e-38  6.54471e-38  2.99215e-38 -2.58114e-38 -2.27753e-38  5.41587e-39  1.50142e-38  6.95599e-40 -8.41751e-39 -8.48097e-40  3.91792e-39  1.94241e-40 -1.46453e-39  1.23401e-41  4.18736e-40 -1.15717e-41 -8.46342e-41  1.29045e-42  1.03927e-41 -1.07612e-44 -4.96681e-43
 2.67607e-37  1.94315e-34 -5.97937e-36 -1.28509e-33  7.11146e-36  2.62008e-33  3.89176e-38 -1.60137e-33 -9.63116e-35 -2.94978e-33 -4.41121e-35  1.02085e-32 -5.10501e-35 -2.20538e-33   -1.256e-34 -3.87987e-34  3.24773e-35  1.44398e-33 -3.70495e-35 -1.45912e-33 -2.69102e-35 -1.18291e-34   1.8482e-35    9.818e-34 -5.48107e-36 -1.05256e-34  3.89169e-36 -2.91982e-34  1.26012e-35 -8.66948e-35 -7.31038e-36  3.04868e-35   -7.881e-36  2.72154e-34  1.28657e-35 -1.61223e-34 -6.05544e-36  3.39959e-35  1.46776e-36  6.26098e-35 -1.22017e-36 -3.70482e-35  6.87876e-37  3.57324e-35  9.91545e-37 -1.13989e-35 -7.26606e-37 -3.70881e-36  7.59561e-37  5.24923e-36 -6.61832e-39 -5.78386e-36   9.4531e-40  2.02248e-36  3.38137e-38 -1.41062e-37  8.42351e-38 -2.80579e-37 -1.76668e-38  3.63683e-37  1.70241e-38 -1.12915e-37 -2.56556e-39 -4.56709e-38 -3.94792e-39  2.58896e-38  -4.9454e-39  1.48355e-38  -2.9659e-40  4.10917e-39  -5.5358e-40 -4.48395e-40  2.60749e-40 -3.46536e-39  8.72814e-41  1.14498e-39  5.23306e-41 -1.78372e-39 -1.20962e-40  4.40291e-39  3.37843e-40 -1.17349e-38  -8.3062e-40  2.86421e-38  1.94321e-39 -6.46284e-38 -4.26507e-39  1.34154e-37  8.73088e-39 -2.54857e-37 -1.66243e-38  4.40469e-37  2.93627e-38 -6.87629e-37 -4.79536e-38  9.61182e-37  7.21454e-38    -1.19e-36  -9.9561e-38  1.28698e-36  1.25394e-37 -1.19383e-36 -1.43284e-37   9.2598e-37  1.47502e-37 -5.77714e-37 -1.35652e-37  2.70651e-37  1.10314e-37 -8.05893e-38 -7.83276e-38  4.74317e-39  4.77905e-38  7.74279e-39 -2.45415e-38 -3.21947e-39  1.03147e-38   2.9446e-40 -3.41029e-39  1.12615e-40  8.34665e-40  -2.6201e-41 -1.36061e-40  8.00417e-43  1.16587e-41  4.17004e-44
  7.0005e-35  1.31089e-36  3.34239e-34 -1.18632e-35 -1.61271e-33  4.09687e-36  2.74765e-33  1.21583e-35 -1.51839e-33 -1.17327e-34 -2.54162e-33 -5.10501e-35  1.03571e-32 -5.45947e-35 -2.09451e-33 -1.17768e-34 -1.10865e-34  4.10323e-35  1.57546e-33 -5.34128e-35 -1.55403e-33 -2.03955e-35 -2.13202e-34  2.64988e-35  1.03109e-33 -8.37956e-36 -1.03294e-34  4.93411e-36 -2.15211e-34  1.43053e-35 -1.87405e-34 -7.67025e-36  3.12439e-35 -8.69216e-36  3.73564e-34  1.43835e-35 -2.14953e-34 -7.76409e-36  4.60214e-35  1.24473e-36  6.70866e-35 -1.38933e-36 -3.37625e-35  1.20136e-36  3.99933e-35  6.53429e-37 -1.71341e-35  -7.4491e-37 -1.51583e-36  9.46201e-37  6.78278e-36 -4.05793e-38 -6.71389e-36  4.44994e-38  2.24232e-36  3.43874e-38 -2.70758e-37  1.08401e-37 -2.98495e-37 -3.22393e-38  3.58119e-37  2.23817e-38 -1.31274e-37 -4.09619e-39  -3.7828e-38 -4.77835e-39  2.74927e-38 -6.93375e-39  2.08026e-38 -1.92795e-40  4.23265e-39 -6.22637e-40 -2.07952e-40  2.95032e-40 -5.81157e-39  2.78767e-41  6.50106e-39  3.05203e-40 -1.68037e-38 -8.18239e-40  4.52687e-38  2.12943e-39  -1.1506e-37 -5.13245e-39  2.70115e-37  1.15989e-38 -5.84614e-37 -2.45049e-38  1.16093e-36  4.82319e-38 -2.10358e-36 -8.82132e-38  3.45517e-36  1.49472e-37 -5.10349e-36  -2.3384e-37  6.71253e-36  3.36416e-37 -7.76531e-36 -4.43016e-37  7.77541e-36  5.31109e-37  -6.5936e-36 -5.75945e-37  4.58742e-36  5.60644e-37 -2.48547e-36 -4.85393e-37     9.42e-37  3.69562e-37 -1.70777e-37 -2.43971e-37 -4.37113e-38  1.37153e-37  3.70711e-38 -6.41115e-38 -7.99666e-39  2.41123e-38 -4.25643e-40 -6.95239e-39  3.97325e-40   1.4212e-39 -3.39615e-41 -1.77185e-40 -1.08545e-42  8.64415e-42
 3.50128e-37  1.50575e-34  3.25406e-36  4.70977e-34 -1.84585e-35 -1.75883e-33 -1.36966e-36  2.51682e-33  2.20262e-35 -1.21273e-33 -1.26743e-34 -2.20538e-33 -5.45947e-35  1.04168e-32  -5.0655e-35 -2.26106e-33 -1.07527e-34  2.38793e-35  5.76548e-35  1.71659e-33 -7.66994e-35 -1.71262e-33 -1.11428e-35 -1.69286e-34  3.87438e-35  9.99012e-34 -9.48246e-36 -1.27984e-34  6.07092e-36 -1.13865e-34  1.61811e-35 -2.93678e-34 -6.78258e-36  4.18387e-35 -8.84399e-36  4.62003e-34  1.44798e-35 -2.59622e-34 -9.47199e-36  5.55922e-35  8.09057e-37  6.90919e-35 -1.44342e-36 -3.01128e-35   1.8044e-36  4.36962e-35  1.00304e-37 -2.30943e-35 -6.98018e-37  1.33326e-36  1.09733e-36  8.31973e-36 -1.00134e-37 -7.46762e-36  1.04213e-37  2.42288e-36  2.92783e-38 -3.54021e-37   1.3143e-37 -3.25607e-37 -5.43674e-38  3.36915e-37  2.89766e-38 -1.53005e-37 -6.15527e-39  -2.2187e-38 -5.31873e-39  2.83434e-38 -9.16338e-39  2.75992e-38 -2.68082e-41  2.76361e-39 -6.86396e-40  4.69998e-39  4.65647e-40 -2.37859e-38 -5.25832e-40   5.9344e-38  1.90508e-39  -1.6515e-37 -5.03956e-39   4.3433e-37  1.25672e-38 -1.06049e-36 -2.92903e-38  2.39079e-36  6.38337e-38 -4.95675e-36  -1.2983e-37  9.40272e-36  2.45756e-37  -1.6221e-35 -4.31753e-37  2.52639e-35   7.0175e-37 -3.52088e-35 -1.05134e-36  4.34222e-35  1.44561e-36 -4.67224e-35 -1.81526e-36  4.30436e-35  2.06941e-36 -3.30629e-35 -2.12689e-36  2.03233e-35  1.95438e-36 -9.27349e-36 -1.58936e-36  2.58376e-36  1.12963e-36 -2.63008e-38 -6.90666e-37 -3.17271e-37  3.55864e-37  1.18665e-37 -1.50294e-37 -9.42088e-39  5.00204e-38 -4.09133e-39 -1.23507e-38  8.18325e-40   2.0368e-39  -5.4498e-42  -1.7722e-40 -2.33349e-42
-9.20292e-35  4.82958e-37   2.2512e-34  5.60071e-36  5.91653e-34 -2.41334e-35 -1.73518e-33 -7.82015e-36  2.08667e-33   2.7313e-35 -7.88955e-34   -1.256e-34 -2.09451e-33  -5.0655e-35  1.04734e-32  -3.5819e-35 -2.66298e-33 -9.79938e-35  6.59401e-35   8.1716e-35  1.76235e-33 -1.06001e-34 -1.92926e-33  1.26557e-37  2.68575e-36  5.60687e-35  9.14688e-34 -8.78466e-36 -1.89598e-34  5.62472e-36 -1.75527e-36  1.86009e-35 -3.89756e-34 -4.58259e-36  6.51303e-35 -8.15715e-36  5.28962e-34  1.27589e-35 -2.94445e-34 -1.10129e-35  6.53761e-35  2.55764e-37  6.86981e-35 -1.41536e-36 -2.80064e-35  2.40204e-36  4.68083e-35 -6.35003e-37 -2.86828e-35 -5.86001e-37  4.49516e-36  1.17764e-36  9.67876e-36 -1.94363e-37 -8.01382e-36  1.81042e-37  2.58879e-36  1.60513e-38 -3.54313e-37  1.49521e-37 -3.70635e-37 -8.50649e-38  3.14152e-37   3.6249e-38 -1.83416e-37 -8.50229e-39  4.76197e-40 -5.34459e-39  2.78725e-38 -1.14794e-38  3.86901e-38  2.48212e-40 -1.38706e-38 -1.00064e-39  5.95105e-38   1.6102e-39 -1.98153e-37 -3.96173e-39  5.67903e-37  1.12055e-38 -1.54755e-36 -2.86968e-38  3.92371e-36  6.89762e-38 -9.20601e-36 -1.55115e-37  1.99048e-35  3.25838e-37 -3.94761e-35 -6.38005e-37  7.14129e-35  1.16134e-36 -1.17053e-34 -1.95939e-36  1.72435e-34  3.05368e-36 -2.26029e-34 -4.37868e-36  2.60322e-34  5.75014e-36 -2.59129e-34 -6.87833e-36  2.17966e-34  7.44715e-36 -1.49858e-34 -7.24271e-36  7.96391e-35  6.26958e-36 -2.90135e-35 -4.77672e-36  4.45338e-36  3.15858e-36  1.85822e-36 -1.78049e-36 -1.28303e-36  8.35592e-37  2.50392e-37 -3.15981e-37  1.97213e-38  9.17661e-38 -1.29276e-38  -1.8935e-38  8.47971e-40  2.38943e-39  5.92549e-41 -1.18422e-40
 5.10598e-37 -1.98327e-34  3.91512e-37  2.57833e-34  7.52442e-36  6.82277e-34 -2.80067e-35 -1.62226e-33  -1.3945e-35  1.67749e-33  2.94108e-35 -3.87987e-34 -1.17768e-34 -2.26106e-33  -3.5819e-35  1.05794e-32 -8.85009e-36 -3.19851e-33 -9.07195e-35  8.12323e-35   1.0934e-34  1.67534e-33 -1.38397e-34 -2.17672e-33  1.25629e-35  2.57763e-34  7.84975e-35  8.14231e-34 -7.29468e-36  -2.9425e-34  2.58741e-36  1.14019e-34  2.15496e-35 -4.69261e-34 -1.21317e-36  1.03441e-34 -6.59942e-36  5.70312e-34  9.10632e-36 -3.20858e-34   -1.221e-35  7.79297e-35 -3.23686e-37  6.67215e-35 -1.30356e-36 -2.91535e-35   2.8666e-36  4.91794e-35 -1.47674e-36 -3.31633e-35 -4.19662e-37   7.5456e-36    1.161e-36  1.06784e-35 -3.32123e-37  -8.3535e-36  2.75367e-37  2.76418e-36 -7.20361e-39 -2.45581e-37  1.58908e-37 -4.38985e-37 -1.24192e-37  3.09806e-37  4.31836e-38 -2.29776e-37 -1.07577e-38  3.03461e-38 -4.57934e-39  1.59014e-38 -1.38415e-38  9.34755e-38  1.09079e-39 -1.82226e-37 -3.15769e-39  6.03421e-37  8.43668e-39 -1.84681e-36 -2.31999e-38  5.21531e-36  6.14878e-38  -1.3723e-35 -1.52163e-37  3.34758e-35   3.5293e-37 -7.54047e-35 -7.65505e-37  1.56156e-34  1.54955e-36 -2.95787e-34 -2.92039e-36  5.09325e-34  5.11033e-36 -7.91388e-34 -8.27655e-36  1.09958e-33  1.23609e-35  -1.3508e-33 -1.69513e-35  1.44604e-33  2.12398e-35 -1.32298e-33 -2.41747e-35   1.0063e-33  2.48215e-35 -6.09325e-34 -2.28008e-35  2.70617e-34  1.85504e-35 -7.01443e-35 -1.32016e-35 -3.09657e-36  8.08983e-36  1.05886e-35 -4.18227e-36  -3.5819e-36  1.77451e-36  2.08818e-37 -5.94208e-37  1.36504e-37  1.47879e-37 -2.30888e-38 -2.46333e-38 -2.91965e-40  2.17091e-39  8.24472e-41
 2.93837e-35  2.79754e-36  -3.0217e-34   4.7245e-37  2.39249e-34   8.4991e-36  7.20507e-34 -3.02502e-35 -1.50668e-33 -1.96931e-35  1.45137e-33  3.24773e-35 -1.10865e-34 -1.07527e-34 -2.66298e-33 -8.85009e-36  1.07718e-32  2.88209e-35 -3.74342e-33 -8.60197e-35  1.02389e-34  1.34421e-34  1.48772e-33 -1.69563e-34 -2.41108e-33  2.55183e-35  5.37669e-34  1.04939e-34  7.24713e-34 -6.89376e-36 -4.39882e-34 -3.00136e-36  2.35483e-34  2.45317e-35 -5.35166e-34  2.98263e-36  1.57016e-34 -4.28411e-36   5.8584e-34  3.78781e-36 -3.40983e-34 -1.28909e-35  9.44573e-35 -9.02055e-37  6.44914e-35 -1.04287e-36 -3.45637e-35  3.05911e-36   5.0469e-35 -2.31195e-36 -3.57979e-35 -2.19296e-37  1.00797e-35  1.03987e-36  1.11772e-35 -5.19614e-37 -8.51035e-36  3.86633e-37  2.95574e-36 -4.14986e-38 -1.68836e-38  1.56945e-37 -5.30136e-37 -1.70088e-37  3.46749e-37  4.85282e-38 -3.05255e-37 -1.25911e-38  9.28041e-38 -2.52172e-39  -1.1706e-37 -1.70016e-38  5.83139e-37   5.3496e-39 -1.80308e-36 -1.59026e-38  5.67556e-36  4.56625e-38 -1.66626e-35 -1.23746e-37  4.54804e-35    3.156e-37 -1.15255e-34 -7.54465e-37  2.70198e-34   1.6888e-36 -5.83621e-34 -3.53218e-36  1.15595e-33  6.88766e-36 -2.08766e-33   -1.249e-35  3.41465e-33  2.10007e-35 -5.01672e-33 -3.26294e-35  6.55324e-33  4.66642e-35 -7.51363e-33 -6.11465e-35  7.43453e-33   7.3021e-35 -6.20202e-33 -7.89713e-35  4.21252e-33  7.67658e-35 -2.19422e-33 -6.64656e-35  7.66145e-34    5.069e-35 -9.45125e-35 -3.35819e-35 -6.31661e-35   1.8985e-35  3.73476e-35  -8.9458e-36 -6.44903e-36  3.40102e-36 -7.83646e-37 -9.94522e-37  3.72019e-37  2.06996e-37 -1.80628e-38 -2.64062e-38 -2.13859e-39  1.32667e-39
  4.4745e-38  5.82708e-35  7.58776e-36 -3.73129e-34  1.26418e-36  2.01374e-34  8.66675e-36  6.79374e-34 -3.14457e-35 -1.43638e-33 -2.65745e-35  1.44398e-33  4.10323e-35  2.38793e-35 -9.79938e-35 -3.19851e-33  2.88209e-35  1.10636e-32  7.35594e-35 -4.18096e-33 -8.36331e-35  1.11851e-34  1.50388e-34  1.27267e-33 -1.94884e-34 -2.58721e-33  3.85811e-35  7.92828e-34  1.33287e-34  6.55622e-34  -9.8107e-36 -6.15732e-34 -1.00699e-35  3.71699e-34  2.67306e-35 -5.95889e-34  7.53375e-36  2.22896e-34 -1.41915e-36  5.77794e-34  -2.5429e-36  -3.5637e-34 -1.28907e-35  1.14244e-34 -1.55416e-36  6.33486e-35 -5.05691e-37 -4.42189e-35  2.85727e-36  5.01903e-35 -3.00213e-36 -3.60306e-35 -1.19808e-38  1.18045e-35  8.28973e-37   1.1103e-35 -7.56918e-37 -8.51152e-36  5.13115e-37  3.13721e-36  -8.6986e-38  3.27036e-37  1.43248e-37 -6.39372e-37 -2.19534e-37  4.59899e-37   5.1222e-38 -4.87446e-37 -1.42038e-38  4.75194e-37  2.56959e-39 -1.43827e-36 -2.58655e-38  5.17454e-36  2.83493e-38 -1.66522e-35 -8.38648e-38  5.05712e-35  2.34937e-37 -1.43146e-34 -6.16773e-37  3.76578e-34  1.51944e-36 -9.18003e-34 -3.50793e-36  2.06595e-33   7.5763e-36 -4.27343e-33 -1.52751e-35  8.08261e-33  2.86814e-35 -1.38914e-32 -5.00178e-35  2.15325e-32  8.07587e-35  -2.9826e-32 -1.20287e-34  3.64952e-32  1.64582e-34 -3.88645e-32 -2.05848e-34  3.53063e-32  2.33992e-34 -2.65856e-32 -2.40089e-34  1.58479e-32  2.20541e-34 -6.83864e-33 -1.79562e-34  1.63067e-33   1.2799e-34  1.79879e-34 -7.86304e-35 -3.00333e-34  4.07972e-35  9.19951e-35 -1.73935e-35 -2.98452e-36  5.86043e-36 -3.98526e-36 -1.46982e-36  5.69022e-37  2.47197e-37  1.80997e-38 -2.20439e-38 -2.34105e-39
 -1.3277e-35 -1.88849e-37  8.03767e-35  1.42564e-35 -3.94992e-34  2.83968e-36   1.9977e-34  8.65801e-36  5.43545e-34 -3.17297e-35 -1.42123e-33 -3.70495e-35  1.57546e-33  5.76548e-35  6.59401e-35 -9.07195e-35 -3.74342e-33  7.35594e-35  1.14238e-32  1.20442e-34  -4.4251e-33 -8.34217e-35  6.10499e-35  1.52215e-34  1.10566e-33 -2.10746e-34 -2.67532e-33  5.13482e-35  9.95674e-34  1.60874e-34  6.00759e-34 -1.78762e-35 -8.05899e-34 -1.68763e-35  5.33792e-34   2.7367e-35 -6.59875e-34  1.19572e-35   2.9478e-34  1.75283e-36  5.49269e-34 -8.94284e-36 -3.67385e-34 -1.20464e-35   1.3486e-34 -2.45479e-36  6.40839e-35  4.63682e-37 -5.70067e-35  2.18484e-36  4.78754e-35 -3.39946e-36 -3.36538e-35  1.71736e-37  1.25972e-35  5.61191e-37  1.04631e-35 -1.03468e-36 -8.36532e-36  6.52164e-37  3.24108e-36 -1.43426e-37  7.74616e-37  1.20597e-37 -7.93166e-37 -2.68265e-37  8.39346e-37  5.12195e-38 -1.50944e-36 -1.80815e-38  3.95359e-36  1.89571e-38 -1.38042e-35 -6.60186e-38    4.659e-35   1.4626e-37 -1.46221e-34 -4.20602e-37  4.28727e-34  1.13814e-36 -1.17006e-33 -2.88862e-36   2.9635e-33  6.87533e-36 -6.94202e-33 -1.53239e-35  1.49791e-32  3.19217e-35 -2.96291e-32 -6.20121e-35    5.342e-32  1.12059e-34 -8.71877e-32 -1.87815e-34  1.27743e-31  2.90985e-34 -1.66282e-31 -4.15128e-34  1.89777e-31  5.42877e-34 -1.86632e-31 -6.47339e-34  1.54372e-31  6.99454e-34 -1.03536e-31 -6.79749e-34  5.27989e-32   5.8883e-34 -1.75894e-32 -4.49664e-34  1.57051e-33  2.98571e-34  1.80669e-33 -1.69348e-34 -9.38367e-34  8.01524e-35  1.40014e-34 -3.06473e-35  2.55265e-35  9.02626e-36 -9.36817e-36 -1.89528e-36  3.04558e-37   2.4437e-37  6.23278e-38 -1.24367e-38
 5.09706e-37 -4.39318e-35 -9.00622e-37  8.35625e-35  2.07288e-35 -3.71065e-34  4.56448e-36   2.7758e-34  9.15133e-36  3.28028e-34 -3.05131e-35 -1.45912e-33 -5.34128e-35  1.71659e-33   8.1716e-35  8.12323e-35 -8.60197e-35 -4.18096e-33  1.20442e-34  1.17742e-32  1.64197e-34 -4.43739e-33  -8.5858e-35 -9.27143e-35  1.38044e-34  1.03333e-33 -2.15504e-34 -2.67005e-33  6.31331e-35  1.14137e-33  1.85087e-34  5.48045e-34 -3.18379e-35 -9.95543e-34  -2.1558e-35  7.29751e-34  2.61001e-35 -7.31193e-34  1.58695e-35  3.64062e-34  4.98768e-36  5.03072e-34 -1.43649e-35 -3.73259e-34 -1.01937e-35  1.52958e-34  -3.8364e-36  6.65463e-35   1.9929e-36 -7.09367e-35  1.03781e-36  4.33045e-35 -3.36639e-36 -2.88989e-35   3.0091e-37  1.25181e-35  2.77061e-37  9.33145e-36 -1.33262e-36 -8.04272e-36  8.01148e-37  3.14905e-36 -2.10847e-37  1.38848e-36  9.53993e-38 -1.39719e-36 -3.12414e-37    3.251e-36   5.2096e-38 -1.02748e-35 -3.70522e-38  3.58319e-35   8.7034e-38 -1.24025e-34 -2.60805e-37  4.03317e-34   7.1394e-37 -1.22422e-33 -1.98618e-36  3.46356e-33  5.19229e-36  -9.1074e-33 -1.27353e-35  2.21863e-32  2.92752e-35 -4.98844e-32 -6.29642e-35  1.03064e-31  1.26446e-34 -1.94637e-31 -2.36547e-34  3.33875e-31   4.1111e-34 -5.16261e-31 -6.61735e-34   7.1287e-31  9.82967e-34 -8.68743e-31  -1.3419e-33  9.20208e-31   1.6754e-33 -8.29893e-31 -1.90222e-33  6.18415e-31  1.95076e-33 -3.62637e-31 -1.79234e-33  1.51686e-31  1.46086e-33 -3.27321e-32 -1.04338e-33 -6.39983e-33  6.42956e-34  7.39864e-33 -3.34999e-34 -2.04868e-33  1.43605e-34  4.53802e-36 -4.87171e-35  1.01542e-34  1.23209e-35 -1.21814e-35 -2.09304e-36 -6.51958e-37  1.88888e-37  5.63589e-38
  8.1706e-36  1.54905e-36  -9.2205e-35 -1.92482e-36  5.73524e-35  2.44992e-35 -3.18368e-34  5.43779e-36  4.38898e-34   1.0634e-35  8.35774e-35 -2.69102e-35 -1.55403e-33 -7.66994e-35  1.76235e-33   1.0934e-34  1.02389e-34 -8.36331e-35  -4.4251e-33  1.64197e-34  1.20162e-32  2.00025e-34  -4.2334e-33 -9.20514e-35 -3.55734e-34  1.09836e-34  1.05995e-33 -2.09783e-34 -2.58896e-33  7.28279e-35  1.23893e-33  2.03891e-34  4.91064e-34 -5.09909e-35 -1.17692e-33 -2.26732e-35  9.61042e-34  2.32781e-35   -8.076e-34   1.9039e-35  4.21672e-34   8.0356e-36  4.41432e-34  -1.7877e-35 -3.72591e-34 -7.17557e-36  1.65315e-34 -5.92095e-36  6.95702e-35    4.125e-36 -8.35922e-35 -4.98613e-37  3.67022e-35 -2.79646e-36 -2.24183e-35  3.46558e-37  1.17834e-35  1.18649e-38  7.81732e-36 -1.62122e-36 -7.44155e-36  9.58954e-37  2.54443e-36 -2.90107e-37  3.07742e-36   7.8079e-38 -6.51351e-36 -3.52859e-37  2.41164e-35  7.25779e-38 -8.89113e-35 -1.31933e-37  3.16309e-34  3.95812e-37 -1.06242e-33 -1.16924e-36  3.33804e-33  3.28514e-36  -9.7842e-33 -8.83619e-36  2.66906e-32  2.23222e-35 -6.75608e-32 -5.28905e-35  1.58134e-31  1.17365e-34 -3.40855e-31 -2.43451e-34  6.73313e-31  4.71042e-34 -1.21187e-30 -8.48009e-34  1.97358e-30  1.41642e-33 -2.88354e-30 -2.18777e-33  3.74002e-30  3.11295e-33  -4.2485e-30  -4.0623e-33  4.15188e-30  4.83659e-33 -3.40415e-30 -5.22157e-33  2.25323e-30  5.07413e-33  -1.1234e-30 -4.39902e-33  3.54983e-31  3.36538e-33  -1.7667e-32 -2.24101e-33 -4.46281e-32  1.27627e-33  2.06714e-32 -6.07299e-34  -2.5785e-33  2.33778e-34  -6.9799e-34 -6.94202e-35  2.07205e-34    1.472e-35 -3.39861e-36 -1.91996e-36 -1.54569e-36  9.90345e-38
 2.85874e-38  2.76757e-35  3.00716e-36 -1.42821e-34 -2.68102e-36 -1.88316e-36  2.40735e-35 -2.56893e-34  4.68203e-36  6.47231e-34  1.35286e-35 -1.18291e-34 -2.03955e-35 -1.71262e-33 -1.06001e-34  1.67534e-33  1.34421e-34  1.11851e-34 -8.34217e-35 -4.43739e-33  2.00025e-34  1.20741e-32  2.24283e-34 -3.87445e-33 -1.03269e-34  -6.8867e-34  7.27583e-35  1.15241e-33  -1.9604e-34 -2.46283e-33  7.90301e-35  1.29969e-33  2.16087e-34  4.36069e-34 -7.32267e-35 -1.35248e-33 -1.95841e-35  1.22161e-33  1.99124e-35 -8.81153e-34  2.13516e-35  4.60072e-34  1.06152e-35  3.66445e-34 -1.88538e-35 -3.64053e-34  -2.8689e-36  1.69788e-34 -8.84676e-36  7.12361e-35  6.78311e-36 -9.27022e-35 -2.24737e-36  2.87988e-35 -1.63288e-36 -1.51668e-35  2.83387e-37  1.07181e-35 -2.14494e-37  5.96693e-36 -1.86695e-36 -6.05126e-36   1.1276e-36 -6.98683e-37 -3.83701e-37  1.48094e-35  8.60927e-38 -5.35881e-35 -4.11928e-37  2.09546e-34    1.991e-37 -7.72177e-34 -5.78332e-37  2.67837e-33  1.77989e-36 -8.70335e-33 -5.17473e-36   2.6416e-32  1.42523e-35 -7.47088e-32 -3.70554e-35  1.96344e-31  9.04382e-35 -4.77971e-31 -2.06896e-34  1.07369e-30  4.42913e-34 -2.21563e-30 -8.85496e-34  4.17781e-30  1.64953e-33  -7.1525e-30 -2.85559e-33  1.10322e-29  4.58009e-33 -1.51851e-29 -6.78225e-33   1.8429e-29  9.23481e-33 -1.94141e-29 -1.15072e-32  1.73779e-29  1.30488e-32 -1.28099e-29 -1.33762e-32  7.38269e-30  1.22964e-32 -2.98493e-30 -1.00382e-32  5.69272e-31  7.18937e-33  1.77414e-31 -4.44816e-33 -1.60593e-31  2.33017e-33  4.00185e-32 -1.00575e-33  1.33253e-33   3.4406e-34 -2.27457e-33 -8.78852e-35  2.26282e-34  1.51041e-35  1.82479e-35 -1.38141e-36 -1.17562e-36
 1.14143e-36  9.51224e-38  5.72745e-35  4.35935e-36 -1.71877e-34 -2.50016e-36 -8.73952e-35  1.98109e-35 -2.01012e-34  2.15453e-36  8.45311e-34   1.8482e-35 -2.13202e-34 -1.11428e-35 -1.92926e-33 -1.38397e-34  1.48772e-33  1.50388e-34  6.10499e-35  -8.5858e-35  -4.2334e-33  2.24283e-34   1.1928e-32  2.34979e-34 -3.44636e-33   -1.202e-34 -1.01939e-33  3.36047e-35  1.25807e-33 -1.77631e-34 -2.32302e-33  8.03966e-35  1.32963e-33  2.21266e-34  4.01304e-34 -9.54307e-35 -1.53361e-33  -1.2605e-35   1.4987e-33  1.73642e-35  -9.4046e-34  2.27075e-35  4.74657e-34  1.23948e-35  2.80864e-34 -1.70885e-35 -3.47052e-34  2.77413e-36  1.65895e-34 -1.26111e-35  6.93634e-35  9.76952e-36 -9.66647e-35 -3.95538e-36  2.07093e-35  1.19103e-37 -8.23793e-36  9.12729e-38  9.80999e-36 -4.00923e-37  3.04467e-36 -2.03992e-36  3.86335e-37  1.31401e-36 -2.57227e-35  -5.0013e-37  1.18409e-34  1.62175e-37 -4.72172e-34 -6.04127e-37  1.80449e-33  8.12541e-37 -6.46848e-33 -2.55907e-36  2.17298e-32  7.70414e-36 -6.82554e-32 -2.18204e-35   2.0001e-31  5.82842e-35 -5.45369e-31 -1.46412e-34  1.37962e-30  3.45034e-34 -3.22653e-30 -7.61597e-34  6.94729e-30  1.57171e-33 -1.37046e-29 -3.02615e-33  2.46233e-29  5.42285e-33 -4.00113e-29 -9.01932e-33  5.82935e-29  1.38783e-32 -7.53317e-29 -1.96833e-32   8.5164e-29    2.562e-32 -8.26911e-29 -3.04488e-32  6.71854e-29  3.28438e-32 -4.38614e-29 -3.19222e-32  2.13455e-29  2.77128e-32 -6.35042e-30 -2.12579e-32  1.83977e-32  1.42137e-32  9.68291e-31 -8.14037e-33 -4.03692e-31  3.90148e-33  3.99299e-32 -1.51517e-33  1.64092e-32  4.54671e-34 -4.05041e-33 -9.75888e-35 -2.41584e-36  1.29062e-35  3.34029e-35 -6.76184e-37
 -6.2948e-38 -1.62508e-36  1.29297e-37  8.86549e-35  5.00923e-36 -1.61976e-34 -1.02804e-36 -1.82947e-34  1.36459e-35 -1.56745e-34 -1.58377e-36    9.818e-34  2.64988e-35 -1.69286e-34  1.26557e-37 -2.17672e-33 -1.69563e-34  1.27267e-33  1.52215e-34 -9.27143e-35 -9.20514e-35 -3.87445e-33  2.34979e-34  1.16197e-32  2.31961e-34 -3.03399e-33 -1.42406e-34 -1.26809e-33   -1.141e-36  1.32636e-33 -1.57812e-34 -2.19107e-33  7.60762e-35   1.3284e-33   2.1957e-34  4.09701e-34 -1.14053e-34 -1.73533e-33  -2.9158e-36  1.77452e-33   1.6856e-35 -9.73411e-34   2.2909e-35  4.64147e-34  1.30071e-35  1.88776e-34 -1.27974e-35 -3.22187e-34  9.67826e-36  1.54902e-34 -1.70442e-35   6.2076e-35  1.27985e-35 -9.48633e-35 -5.32798e-36  1.36837e-35  2.38999e-36 -2.90918e-36 -2.43356e-37  1.09572e-35 -5.60592e-37 -9.11037e-36 -2.12263e-36  5.07869e-35  1.53528e-36 -2.44308e-34 -6.77072e-37  1.02725e-33   4.6006e-37 -4.04378e-33 -1.42903e-36  1.49804e-32  3.50209e-36 -5.20125e-32  -1.0847e-35  1.68997e-31  3.16529e-35 -5.12805e-31 -8.68793e-35  1.44976e-30  2.24373e-34 -3.80812e-30 -5.44175e-34  9.26368e-30  1.23725e-33 -2.07898e-29 -2.63268e-33  4.28489e-29   5.2327e-33 -8.06702e-29 -9.69342e-33  1.37835e-28  1.66935e-32 -2.12063e-28 -2.66479e-32  2.90945e-28   3.9297e-32  -3.5161e-28 -5.33243e-32  3.68332e-28  6.62771e-32 -3.27163e-28 -7.50431e-32  2.38458e-28  7.69038e-32 -1.34936e-28 -7.07723e-32  5.25574e-29  5.79261e-32 -8.54888e-30 -4.16637e-32 -4.11955e-30  2.59334e-32  3.10425e-30  -1.3692e-32 -6.90716e-31  5.96707e-33 -5.25092e-32 -2.06486e-33  4.51819e-32  5.34469e-34 -3.63155e-33 -9.32388e-35 -4.28027e-34  8.67065e-36  2.14886e-35
