   0.0407432  -3.8341e-18   -0.0464332  1.22582e-17  -0.00263903 -4.92955e-18   0.00984135  -2.1385e-19   0.00200533 -2.42951e-18  -0.00142761  1.34971e-18 -0.000565583  2.44686e-19   6.5358e-05 -9.95981e-20  5.85884e-05 -2.82356e-20  5.35216e-06  4.73763e-22 -4.56633e-07
 -3.8341e-18     0.086863 -8.96642e-18   -0.0472826  1.61672e-17   -0.0174789  2.50882e-18    0.0109614 -4.98619e-18   0.00530113 -3.27244e-18  -0.00137014   1.8541e-18  -0.00109365  5.12002e-19 -2.96897e-05 -9.56789e-20  8.05213e-05 -4.69241e-20  1.12456e-05 -3.31259e-22
  -0.0464332 -8.96642e-18    0.0913507 -1.29762e-17   -0.0283884   1.5586e-17   -0.0256585  1.03746e-17   0.00789764 -8.74358e-18   0.00753885 -3.90125e-18 -0.000628891  1.81932e-18  -0.00140353  7.96011e-19 -0.000182983 -5.63563e-20   6.4813e-05 -4.38302e-20  9.87445e-06
 1.22582e-17   -0.0472826 -1.29762e-17    0.0712364 -1.63979e-17   -0.0136265  1.71198e-17   -0.0272142  1.40345e-17   0.00437049 -1.01038e-17    0.0086048 -4.75113e-18  0.000331867  1.45846e-18  -0.00145452  9.81355e-19 -0.000319491 -1.54147e-20  2.54181e-05 -2.18263e-20
 -0.00263903  1.61672e-17   -0.0283884 -1.63979e-17    0.0537603 -2.04829e-17  -0.00645221  2.08505e-17   -0.0264899  1.53518e-17   0.00144987 -9.48133e-18   0.00892944 -5.69945e-18   0.00130256  1.03906e-18  -0.00126861  9.61294e-19 -0.000378778  1.30805e-20 -7.00888e-06
-4.92955e-18   -0.0174789   1.5586e-17   -0.0136265 -2.04829e-17    0.0441509 -2.43495e-17  -0.00297947  2.30532e-17   -0.0254661  1.63097e-17 -0.000965869 -7.94385e-18     0.008779 -6.34285e-18   0.00219254   6.7009e-19 -0.000883831  7.23183e-19 -0.000322526  1.72262e-20
  0.00984135  2.50882e-18   -0.0256585  1.71198e-17  -0.00645221 -2.43495e-17    0.0389653 -2.64809e-17 -0.000876792   2.2311e-17   -0.0245945   1.7227e-17  -0.00311334 -6.48909e-18    0.0082425 -6.35373e-18   0.00291978  3.04762e-19 -0.000375104  3.64995e-19 -0.000167676
 -2.1385e-19    0.0109614  1.03746e-17   -0.0272142  2.08505e-17  -0.00297947 -2.64809e-17    0.0358795 -2.66294e-17   0.00067064  2.00416e-17   -0.0239365  1.78651e-17  -0.00518172 -5.34828e-18   0.00729138 -5.54917e-18   0.00334353 -3.62628e-20  9.42563e-05  5.89947e-20
  0.00200533 -4.98619e-18   0.00789764  1.40345e-17   -0.0264899  2.30532e-17 -0.000876792 -2.66294e-17    0.0340325 -2.57719e-17   0.00199875  1.80221e-17   -0.0234693  1.78785e-17   -0.0073212 -4.04605e-18   0.00580468  -3.9101e-18    0.0032297 -1.94399e-19  0.000279658
-2.42951e-18   0.00530113 -8.74358e-18   0.00437049  1.53518e-17   -0.0254661   2.2311e-17   0.00067064 -2.57719e-17    0.0330851 -2.49901e-17   0.00331472  1.66133e-17   -0.0231281  1.66735e-17   -0.0096396  -2.1113e-18    0.0036292 -1.68436e-18   0.00237103 -9.58921e-20
 -0.00142761 -3.27244e-18   0.00753885 -1.01038e-17   0.00144987  1.63097e-17   -0.0245945  2.00416e-17   0.00199875 -2.49901e-17    0.0328972 -2.43852e-17   0.00480326  1.47665e-17   -0.0227742   1.3838e-17   -0.0121013  4.99802e-19  0.000856671  5.69941e-19   0.00100709
 1.34971e-18  -0.00137014 -3.90125e-18    0.0086048 -9.48133e-18 -0.000965869   1.7227e-17   -0.0239365  1.80221e-17   0.00331472 -2.43852e-17    0.0334566 -2.29058e-17   0.00670755  1.13385e-17   -0.0220519  1.00482e-17   -0.0141664  3.61964e-18  -0.00162104  1.94394e-18
-0.000565583   1.8541e-18 -0.000628891 -4.75113e-18   0.00892944 -7.94385e-18  -0.00311334  1.78651e-17   -0.0234693  1.66133e-17   0.00480326 -2.29058e-17    0.0348865 -1.96296e-17   0.00948651  6.31868e-18   -0.0200133  7.21717e-18   -0.0142845  6.82809e-18   -0.0021867
 2.44686e-19  -0.00109365  1.81932e-18  0.000331867 -5.69945e-18     0.008779 -6.48909e-18  -0.00518172  1.78785e-17   -0.0231281  1.47665e-17   0.00670755 -1.96296e-17    0.0375593 -1.55901e-17    0.0141452  7.66908e-19   -0.0148065  7.30765e-18   -0.0105958  8.11709e-18
  6.5358e-05  5.12002e-19  -0.00140353  1.45846e-18   0.00130256 -6.34285e-18    0.0082425 -5.34828e-18   -0.0073212  1.66735e-17   -0.0227742  1.13385e-17   0.00948651 -1.55901e-17    0.0423759 -1.40589e-17    0.0223158 -3.82213e-18  -0.00511347  1.03733e-17  -0.00412743
-9.95981e-20 -2.96897e-05  7.96011e-19  -0.00145452  1.03906e-18   0.00219254 -6.35373e-18   0.00729138 -4.04605e-18   -0.0096396   1.3838e-17   -0.0220519  6.31868e-18    0.0141452 -1.40589e-17     0.050734  -1.7899e-17    0.0342331 -4.99143e-18   0.00567237  1.19735e-17
 5.85884e-05 -9.56789e-20 -0.000182983  9.81355e-19  -0.00126861   6.7009e-19   0.00291978 -5.54917e-18   0.00580468  -2.1113e-18   -0.0121013  1.00482e-17   -0.0200133  7.66908e-19    0.0223158  -1.7899e-17     0.062275 -2.44584e-17    0.0439999 -2.53711e-19   0.00901984
-2.82356e-20  8.05213e-05 -5.63563e-20 -0.000319491  9.61294e-19 -0.000883831  3.04762e-19   0.00334353  -3.9101e-18    0.0036292  4.99802e-19   -0.0141664  7.21717e-18   -0.0148065 -3.82213e-18    0.0342331 -2.44584e-17    0.0699786 -2.37811e-17    0.0403141   5.8391e-18
 5.35216e-06 -4.69241e-20   6.4813e-05 -1.54147e-20 -0.000378778  7.23183e-19 -0.000375104 -3.62628e-20    0.0032297 -1.68436e-18  0.000856671  3.61964e-18   -0.0142845  7.30765e-18  -0.00511347 -4.99143e-18    0.0439999 -2.37811e-17    0.0614173 -1.08283e-17    0.0211436
 4.73763e-22  1.12456e-05 -4.38302e-20  2.54181e-05  1.30805e-20 -0.000322526  3.64995e-19  9.42563e-05 -1.94399e-19   0.00237103  5.69941e-19  -0.00162104  6.82809e-18   -0.0105958  1.03733e-17   0.00567237 -2.53711e-19    0.0403141 -1.08283e-17    0.0349843  1.11155e-18
-4.56633e-07 -3.31259e-22  9.87445e-06 -2.18263e-20 -7.00888e-06  1.72262e-20 -0.000167676  5.89947e-20  0.000279658 -9.58921e-20   0.00100709  1.94394e-18   -0.0021867  8.11709e-18  -0.00412743  1.19735e-17   0.00901984   5.8391e-18    0.0211436  1.11155e-18    0.0093684
