  0.00495046  5.63965e-21   -0.0137322  4.18486e-20   0.00873354  1.20836e-19   0.00150731 -5.65983e-19  -0.00236232  4.97035e-19 -0.000360242 -9.74351e-20  0.000414034 -4.74025e-20  8.47725e-05  1.51862e-20  -3.3977e-05  2.82191e-21 -7.69401e-06 -5.05765e-22  2.82832e-07
 5.63965e-21    0.0221276 -9.68522e-20   -0.0317148   5.9144e-19    0.0101067   -4.561e-20   0.00715297 -1.09422e-18  -0.00327002  8.44282e-19  -0.00160691 -9.88872e-20  0.000536907 -9.56655e-20  0.000256451  1.91535e-20 -2.93202e-05   4.7121e-21 -1.32509e-05 -2.78666e-22
  -0.0137322 -9.68522e-20    0.0462372 -5.51264e-19   -0.0417409  1.92942e-18   0.00292883 -5.05843e-19    0.0126156 -1.41563e-18  -0.00202022  9.92378e-19  -0.00290623 -6.32957e-20  0.000299812 -1.19364e-19  0.000400688  1.26097e-20    3.256e-06  3.85615e-21 -1.05708e-05
 4.18486e-20   -0.0317148 -5.51264e-19    0.0615316 -1.45918e-18   -0.0383888  3.62035e-18  -0.00710998 -9.88763e-19    0.0148951 -1.43043e-18  0.000450834  9.51949e-19  -0.00364619 -1.64589e-20 -0.000149579 -1.12049e-19  0.000443457  1.48829e-21  3.63517e-05  6.03107e-22
  0.00873354   5.9144e-19   -0.0417409 -1.45918e-18    0.0613435 -2.48632e-18   -0.0282746  4.72852e-18   -0.0145243 -1.22534e-18    0.0143748 -1.21302e-18    0.0029276  7.91775e-19  -0.00376072  4.38606e-20 -0.000615494 -7.82851e-20  0.000378498 -5.25048e-21  4.31287e-05
 1.20836e-19    0.0101067  1.92942e-18   -0.0383888 -2.48632e-18    0.0525775  -3.0597e-18   -0.0190598   4.6943e-18   -0.0184114  -1.1743e-18    0.0126272 -9.41983e-19   0.00489412   5.7687e-19  -0.00342799  1.12648e-19 -0.000971685 -2.01644e-20  0.000239277 -3.16468e-21
  0.00150731   -4.561e-20   0.00292883  3.62035e-18   -0.0282746  -3.0597e-18    0.0437795 -2.88806e-18   -0.0131282  3.76856e-18   -0.0201905 -9.33215e-19    0.0106469 -7.91225e-19   0.00633161  3.33675e-19  -0.00281314  1.58197e-19  -0.00114713  5.11039e-20  8.32305e-05
-5.65983e-19   0.00715297 -5.05843e-19  -0.00710998  4.72852e-18   -0.0190598 -2.88806e-18    0.0380161 -2.19031e-18  -0.00962792  2.64908e-18   -0.0211241 -5.82144e-19   0.00874969 -8.20792e-19   0.00734739  2.85485e-20  -0.00201277  1.42896e-19   -0.0010866  9.21075e-20
 -0.00236232 -1.09422e-18    0.0126156 -9.88763e-19   -0.0145243   4.6943e-18   -0.0131282 -2.19031e-18    0.0347783 -1.45167e-18  -0.00740415  1.91153e-18   -0.0218295 -1.28892e-19    0.0069439 -9.40795e-19   0.00801461 -3.99146e-19  -0.00108429  6.82999e-20 -0.000737884
 4.97035e-19  -0.00327002 -1.41563e-18    0.0148951 -1.22534e-18   -0.0184114  3.76856e-18  -0.00962792 -1.45167e-18    0.0330674 -1.06365e-18  -0.00581099   1.7461e-18   -0.0225693  5.01817e-19   0.00513442 -9.93597e-19   0.00832454 -9.35257e-19 -0.000113753 -5.48804e-21
-0.000360242  8.44282e-19  -0.00202022 -1.43043e-18    0.0143748  -1.1743e-18   -0.0201905  2.64908e-18  -0.00740415 -1.06365e-18    0.0323378 -1.16938e-18   -0.0045341  2.01228e-18   -0.0234775  1.46825e-18   0.00316999 -9.12329e-19   0.00813042 -1.38661e-18  0.000602596
-9.74351e-20  -0.00160691  9.92378e-19  0.000450834 -1.21302e-18    0.0126272 -9.33215e-19   -0.0211241  1.91153e-18  -0.00581099 -1.16938e-18    0.0323853 -1.73484e-18  -0.00338339  2.46765e-18   -0.0246462  2.94312e-18  0.000820977 -7.95895e-19   0.00700395 -1.35552e-18
 0.000414034 -9.88872e-20  -0.00290623  9.51949e-19    0.0029276 -9.41983e-19    0.0106469 -5.82144e-19   -0.0218295   1.7461e-18   -0.0045341 -1.73484e-18    0.0331816 -2.73246e-18  -0.00219014  3.05139e-18   -0.0261459  4.97317e-18  -0.00226702 -7.28235e-19   0.00424866
-4.74025e-20  0.000536907 -6.32957e-20  -0.00364619  7.91775e-19   0.00489412 -7.91225e-19   0.00874969 -1.28892e-19   -0.0225693  2.01228e-18  -0.00338339 -2.73246e-18    0.0348272 -4.31165e-18 -0.000731695   4.0164e-18   -0.0279718  7.30546e-18  -0.00621884 -5.06311e-19
 8.47725e-05 -9.56655e-20  0.000299812 -1.64589e-20  -0.00376072   5.7687e-19   0.00633161 -8.20792e-19    0.0069439  5.01817e-19   -0.0234775  2.46765e-18  -0.00219014 -4.31165e-18    0.0375843 -6.83422e-18   0.00141253   5.7037e-18   -0.0294522  9.01331e-18  -0.00865046
 1.51862e-20  0.000256451 -1.19364e-19 -0.000149579  4.38606e-20  -0.00342799  3.33675e-19   0.00734739 -9.40795e-19   0.00513442  1.46825e-18   -0.0246462  3.05139e-18 -0.000731695 -6.83422e-18    0.0420169 -1.06574e-17   0.00553941  8.01381e-18   -0.0268643  8.23872e-18
 -3.3977e-05  1.91535e-20  0.000400688 -1.12049e-19 -0.000615494  1.12648e-19  -0.00281314  2.85485e-20   0.00801461 -9.93597e-19   0.00316999  2.94312e-18   -0.0261459   4.0164e-18   0.00141253 -1.06574e-17    0.0496637 -1.50037e-17    0.0159657   1.0375e-17   -0.0135549
 2.82191e-21 -2.93202e-05  1.26097e-20  0.000443457 -7.82851e-20 -0.000971685  1.58197e-19  -0.00201277 -3.99146e-19   0.00832454 -9.12329e-19  0.000820977  4.97317e-18   -0.0279718   5.7037e-18   0.00553941 -1.50037e-17    0.0650184 -1.49136e-17    0.0379676  1.21862e-17
-7.69401e-06   4.7121e-21    3.256e-06  1.48829e-21  0.000378498 -2.01644e-20  -0.00114713  1.42896e-19  -0.00108429 -9.35257e-19   0.00813042 -7.95895e-19  -0.00226702  7.30546e-18   -0.0294522  8.01381e-18    0.0159657 -1.49136e-17    0.0926339 -2.17569e-18    0.0539203
-5.05765e-22 -1.32509e-05  3.85615e-21  3.63517e-05 -5.25048e-21  0.000239277  5.11039e-20   -0.0010866  6.82999e-20 -0.000113753 -1.38661e-18   0.00700395 -7.28235e-19  -0.00621884  9.01331e-18   -0.0268643   1.0375e-17    0.0379676 -2.17569e-18     0.111588  1.50362e-17
 2.82832e-07 -2.78666e-22 -1.05708e-05  6.03107e-22  4.31287e-05 -3.16468e-21  8.32305e-05  9.21075e-20 -0.000737884 -5.48804e-21  0.000602596 -1.35552e-18   0.00424866 -5.06311e-19  -0.00865046  8.23872e-18   -0.0135549  1.21862e-17    0.0539203  1.50362e-17    0.0703543
