  7.1581e-06 -3.04089e-20 -5.53337e-05  4.32277e-19  0.000133961  -3.8228e-19 -0.000134803 -4.00422e-18  3.20099e-05  1.34135e-17  3.02392e-05 -1.92848e-17 -5.36653e-06  1.39767e-17 -9.08885e-06 -3.55428e-18  -1.9372e-06 -1.27256e-18  1.37874e-06  5.25068e-19  1.16496e-06  1.94808e-19  3.27337e-07  2.92577e-20   -6.726e-08  3.83609e-21 -1.12334e-07 -6.27183e-20 -5.80525e-08 -1.41416e-20 -1.58055e-08  1.21492e-20  4.45436e-10  1.05378e-20  3.12736e-09  8.52606e-22   2.0169e-09 -3.17442e-21  8.42947e-10 -1.09766e-21  2.52572e-10  2.73352e-22  4.53263e-11  3.41772e-22  -4.4146e-12  6.98044e-23 -8.38484e-12 -2.95847e-23 -4.64146e-12 -2.14999e-23 -1.88041e-12 -5.02003e-24 -6.33464e-13  6.70831e-26 -1.84875e-13  4.14536e-25 -4.73191e-14  5.50429e-26 -1.05479e-14 -1.22375e-25 -1.97679e-15 -9.92954e-26 -2.76176e-16 -3.61674e-26 -1.17408e-17 -1.53215e-27  9.60728e-18  7.53458e-27    4.656e-18   6.1645e-27  1.46331e-18  3.24979e-27    3.791e-19  1.38427e-27  8.64965e-20  5.12213e-28  1.78698e-20  1.67895e-28  3.38997e-21  4.91007e-29  5.95076e-22  1.29486e-29  9.70771e-23  3.11008e-30  1.47501e-23  6.82508e-31  2.08907e-24  1.36416e-31  2.75726e-25  2.47401e-32  3.38746e-26  4.07289e-33  3.86649e-27  6.09924e-34  4.08943e-28   8.2864e-35  3.99443e-29  1.01491e-35   3.5884e-30  1.11728e-36  2.95018e-31   1.1055e-37  2.20659e-32  9.78706e-39  1.49089e-33  7.67864e-40  9.02239e-35  5.29784e-41  4.84017e-36  3.19752e-42  2.27261e-37   1.6706e-43  9.19034e-39  7.41224e-45  3.13476e-40  2.72889e-46  8.76774e-42  8.11868e-48   1.9318e-43  1.87213e-49  3.15266e-45  3.10101e-51  3.42241e-47  3.18418e-53  1.94223e-49  1.31256e-55
-3.04089e-20  8.57015e-05 -4.73022e-19 -0.000366883  4.23884e-18  0.000635961 -6.84643e-18 -0.000447505 -6.36381e-18 -6.48084e-06  3.43443e-17  0.000119551 -4.84585e-17  1.86351e-05  3.06081e-17 -2.62449e-05 -4.01815e-18 -1.49403e-05 -4.01017e-18 -3.13727e-07  1.68259e-19  3.49004e-06  6.35053e-19  2.05999e-06  4.25868e-19  4.49277e-07 -2.09522e-20 -1.67267e-07 -1.93742e-19 -2.02648e-07 -6.05935e-20 -1.00888e-07  3.52126e-20 -2.91859e-08  3.25816e-20 -1.51619e-09  1.92329e-21  3.94395e-09 -8.30188e-21  2.88539e-09 -2.85488e-21  1.31937e-09  6.78862e-22  4.55353e-10  8.51715e-22  1.18454e-10  1.98529e-22  1.85364e-11 -5.71849e-23 -2.14077e-12 -5.06453e-23 -3.23383e-12 -1.51874e-23 -1.66194e-12 -2.47486e-24 -6.39716e-13 -5.13121e-25 -2.08445e-13  -6.8902e-25 -6.00692e-14 -6.78807e-25 -1.56243e-14 -3.73136e-25 -3.70596e-15 -1.09625e-25 -8.05393e-16  7.83155e-27 -1.60488e-16  3.14229e-26  -2.9231e-17  2.25075e-26 -4.82657e-18  1.11841e-26 -7.10162e-19   4.5674e-27 -8.96784e-20  1.62414e-27 -8.77074e-21  5.11703e-28 -3.83106e-22  1.43924e-28  9.28956e-23  3.64786e-29  3.38781e-23  8.40426e-30  7.15207e-24  1.76571e-30  1.20351e-24  3.37562e-31  1.73974e-25  5.85652e-32  2.22041e-26  9.22717e-33  2.52941e-27   1.3219e-33   2.5793e-28  1.71697e-34  2.34914e-29  2.01089e-35  1.89794e-30  2.11761e-36  1.34348e-31  2.00216e-37  8.15423e-33  1.69018e-38  4.07228e-34  1.26214e-39   1.5141e-35  8.26934e-41  2.66546e-37  4.71806e-42 -1.44484e-38  2.31407e-43 -1.71332e-39    9.556e-45 -9.75848e-41  3.23648e-46 -3.81244e-42  8.69061e-48 -1.06392e-43   1.7512e-49 -2.03539e-45  2.39109e-51 -2.34583e-47  1.75533e-53 -1.06163e-49
-5.53337e-05 -4.73022e-19  0.000497563 -2.98294e-18  -0.00144137  1.94857e-17   0.00185869 -3.09628e-17 -0.000851212  1.47268e-18 -0.000291108  5.83147e-17   0.00023565 -8.34575e-17     0.000123   4.5064e-17 -2.56776e-05  8.40795e-19 -4.31043e-05 -7.23602e-18 -1.41477e-05 -1.97953e-18  3.14388e-06   1.1583e-18  5.23887e-06  1.29015e-18  2.49821e-06  4.29584e-20   4.3883e-07 -4.21384e-19 -2.40072e-07 -1.50071e-19 -2.49547e-07  6.84227e-20 -1.23207e-07  6.44253e-20 -3.86431e-08  3.12124e-21 -5.20109e-09 -1.48267e-20  2.69504e-09 -5.13834e-21  2.57635e-09  1.22029e-21  1.30955e-09  1.55439e-21  5.04114e-10  4.16866e-22   1.5722e-10 -6.37796e-23  3.93415e-11 -8.17393e-23  6.99738e-12 -3.24506e-23  2.50684e-13 -1.14391e-23 -4.77932e-13 -5.81619e-24 -2.76433e-13 -3.90902e-24  -1.0715e-13 -2.35445e-24 -3.43629e-14 -1.01852e-24 -9.70723e-15 -2.42478e-25 -2.48352e-15  4.48845e-26 -5.84132e-16  8.60688e-26  -1.2746e-16   5.6005e-26 -2.59564e-17  2.63911e-26 -4.95372e-18  1.03309e-26 -8.88656e-19  3.52683e-27 -1.50181e-19  1.06715e-27 -2.39487e-20  2.88433e-28 -3.60769e-21  7.02334e-29  -5.1373e-22  1.55257e-29 -6.91592e-23  3.12521e-30 -8.79748e-24  5.71914e-31 -1.05616e-24  9.49705e-32 -1.19421e-25  1.43198e-32 -1.26804e-26  1.96152e-33 -1.25949e-27   2.4332e-34 -1.16455e-28  2.72003e-35 -9.96505e-30  2.73205e-36 -7.83741e-31  2.45886e-37 -5.62046e-32  1.97014e-38 -3.64128e-33  1.39212e-39 -2.10817e-34  8.59745e-41 -1.07669e-35  4.59574e-42 -4.77413e-37  2.09384e-43 -1.80103e-38  7.94367e-45 -5.62706e-40   2.4337e-46  -1.4018e-41  5.76669e-48 -2.62673e-43  9.82402e-50 -3.34281e-45  1.03949e-51  -2.2918e-47  4.41044e-54
 4.32277e-19 -0.000366883 -2.98294e-18   0.00186844 -1.13044e-17    -0.004001  5.75376e-17   0.00388811 -8.39786e-17  -0.00091697  2.78143e-17 -0.000958942  7.74827e-17  0.000214982 -1.15934e-16   0.00032044   5.1596e-17  4.81553e-05  1.13865e-17 -6.66692e-05 -9.33799e-18 -4.60675e-05  -5.9745e-18 -8.51949e-06  1.31896e-18  6.23715e-06  2.54122e-18  5.92617e-06  2.57818e-19  2.45958e-06 -6.97171e-19  3.73667e-07 -2.66933e-19 -2.47098e-07  1.01866e-19 -2.41402e-07   9.6738e-20 -1.20774e-07  3.33584e-21 -4.12755e-08   -2.159e-20 -8.59116e-09 -7.43087e-21  4.47609e-10  1.95678e-21  1.49474e-09  2.46036e-21  9.02642e-10  7.69328e-22  3.86055e-10 -7.14825e-24  1.34988e-10 -9.85717e-23  4.02308e-11 -5.86094e-23  1.02804e-11 -3.35373e-23  2.19363e-12 -2.07559e-23   3.5184e-13 -1.22641e-23  2.11306e-14 -6.11426e-24 -1.27896e-14 -2.27385e-24 -7.24411e-15 -4.54675e-25 -2.54448e-15  1.24972e-25 -7.29468e-16   1.8078e-25 -1.83472e-16  1.09415e-25 -4.17191e-17  4.91468e-26 -8.70876e-18  1.84542e-26 -1.68344e-18  6.04806e-27 -3.02896e-19  1.75722e-27 -5.08798e-20  4.56263e-28 -7.99158e-21  1.06718e-28 -1.17428e-21    2.264e-29 -1.61364e-22  4.36803e-30  -2.0714e-23  7.65475e-31 -2.47953e-24  1.21682e-31 -2.76099e-25   1.7554e-32 -2.85104e-26  2.29755e-33 -2.71978e-27  2.71911e-34 -2.38604e-28  2.89654e-35 -1.91462e-29  2.76814e-36 -1.39624e-30  2.36414e-37 -9.18322e-32  1.79119e-38 -5.39766e-33  1.19209e-39 -2.80383e-34  6.89902e-41 -1.26948e-35  3.43064e-42 -4.92248e-37  1.43942e-43  -1.5972e-38   4.9619e-45 -4.20027e-40   1.3545e-46 -8.54119e-42  2.76971e-48 -1.24414e-43  3.83829e-50 -1.11939e-45  2.86143e-52 -4.00435e-48
 0.000133961  4.23884e-18  -0.00144137 -1.13044e-17   0.00510994 -2.97616e-17  -0.00849632  1.22994e-16   0.00615851 -1.64128e-16 -3.69172e-05  7.19498e-17  -0.00186699  8.78262e-17 -0.000168409 -1.40315e-16  0.000510976  4.85617e-17   0.00023457  2.51979e-17 -3.75815e-05 -9.22945e-18 -8.31405e-05 -1.08549e-17 -3.76422e-05  8.62601e-19  -2.1505e-06  3.84388e-18  7.65137e-06  5.83732e-19  5.57226e-06 -9.26682e-19  2.12307e-06 -3.71583e-19  3.15699e-07  1.25942e-19 -1.93656e-07  1.18011e-19 -1.91938e-07  9.27546e-24 -9.90293e-08 -2.82896e-20 -3.67055e-08 -9.34219e-21 -9.82539e-09  3.02025e-21 -1.36525e-09  3.65731e-21  3.87454e-10  1.35359e-21  4.05007e-10   1.8001e-22  2.03618e-10 -7.99741e-23  7.89396e-11 -9.80093e-23  2.60073e-11 -7.84415e-23  7.55073e-12 -5.19879e-23  1.96244e-12  -2.8744e-23  4.58928e-13 -1.29209e-23  9.62468e-14  -4.3491e-24  1.78408e-14 -7.68443e-25  2.81488e-15  2.46709e-25  3.37847e-16  3.10627e-25   1.5235e-17  1.77723e-25 -7.04414e-18  7.64322e-26 -3.02061e-18  2.75643e-26 -8.02972e-19  8.67704e-27  -1.7362e-19  2.42136e-27 -3.27471e-20  6.03979e-28 -5.54039e-21  1.35696e-28 -8.51978e-22  2.76301e-29 -1.19853e-22  5.11042e-30 -1.54681e-23  8.57748e-31 -1.83241e-24  1.30512e-31 -1.99035e-25  1.80054e-32  -1.9774e-26   2.2501e-33 -1.79027e-27  2.53794e-34 -1.46981e-28  2.57227e-35 -1.08736e-29  2.33386e-36 -7.19089e-31  1.88632e-37 -4.20809e-32  1.34699e-38 -2.15091e-33  8.40894e-40 -9.43874e-35  4.53684e-41 -3.47255e-36  2.08517e-42 -1.03425e-37   7.9915e-44 -2.35434e-39  2.47556e-45 -3.64834e-41   5.9246e-47 -2.62108e-43  1.01806e-48  2.12664e-45  1.08652e-50  5.29413e-47  4.65009e-53
 -3.8228e-19  0.000635961  1.94857e-17    -0.004001 -2.97616e-17    0.0108738 -5.84528e-17   -0.0144663  2.02101e-16   0.00748826 -2.51147e-16   0.00210907  1.23246e-16  -0.00252155  9.02068e-17  -0.00100667 -1.54778e-16  0.000494017  3.82303e-17  0.000493442  3.85415e-17  9.04714e-05 -6.98926e-18 -8.89488e-05 -1.51823e-17 -7.65576e-05 -7.12179e-20 -2.51929e-05   4.7744e-18  2.19337e-06  9.03295e-19  7.33874e-06 -1.02743e-18  4.58557e-06  -4.2004e-19  1.67784e-06  1.38411e-19  2.79539e-07  1.20107e-19 -1.12449e-07 -1.03622e-20 -1.26054e-07  -3.6014e-20 -6.83616e-08  -1.1026e-20 -2.72657e-08  4.47754e-21 -8.53703e-09  5.29893e-21 -2.00977e-09  2.32143e-21 -2.52055e-10  5.79084e-22  6.45783e-11 -8.73684e-24  6.27529e-11 -1.59719e-22  2.95345e-11 -1.57175e-22   1.0827e-11 -1.05538e-22  3.41065e-12 -5.55085e-23  9.59325e-13 -2.32966e-23  2.45612e-13  -7.3232e-24  5.78777e-14 -1.20676e-24  1.26412e-14  3.81598e-25   2.5711e-15  4.51924e-25  4.88606e-16  2.47501e-25  8.69786e-17  1.02328e-25  1.45347e-17  3.55011e-26  2.28457e-18  1.07438e-26  3.38468e-19  2.88102e-27  4.73753e-20  6.90529e-28   6.2812e-21  1.49035e-28  7.91018e-22  2.91276e-29   9.4859e-23  5.16495e-30  1.08503e-23  8.30258e-31  1.18383e-24  1.20889e-31  1.22925e-25    1.594e-32   1.2089e-26  1.90037e-33  1.11786e-27  2.04062e-34  9.63079e-29  1.96479e-35  7.65005e-30    1.689e-36   5.5391e-31  1.28858e-37  3.61113e-32   8.6455e-39  2.09124e-33  5.04281e-40  1.05931e-34  2.52368e-41  4.60738e-36  1.06516e-42  1.68074e-37  3.69696e-44  4.98171e-39  1.01659e-45  1.14542e-40   2.0921e-47  1.89484e-42  2.91507e-49  1.94823e-44  2.18475e-51   8.0346e-47
-0.000134803 -6.84643e-18   0.00185869  5.75376e-17  -0.00849632 -5.84528e-17    0.0188054 -8.87637e-17   -0.0203903  2.63412e-16   0.00671251  -3.1639e-16   0.00516281  1.68285e-16  -0.00232356  8.73233e-17  -0.00210445 -1.59465e-16  9.10973e-05  2.47085e-17  0.000690456  4.80923e-17  0.000315204 -3.62747e-18 -2.21283e-05 -1.77473e-17 -0.000100014 -1.10559e-18 -5.85731e-05  5.05086e-18 -1.43788e-05  1.09989e-18  3.90646e-06 -9.67647e-19   5.9506e-06 -3.84773e-19   3.3974e-06  1.44287e-19   1.2396e-06  1.00705e-19  2.49879e-07 -3.11394e-20 -3.81852e-08 -4.70025e-20 -6.61849e-08 -1.33494e-20 -3.90389e-08   6.1848e-21 -1.66958e-08  7.52225e-21 -5.79636e-09  3.81576e-21  -1.6751e-09  1.24458e-21 -3.93217e-10  1.12539e-22 -6.57166e-11 -2.58545e-22 -1.87663e-12 -2.78707e-22  4.30086e-12 -1.84079e-22  2.35178e-12 -9.26446e-23   8.7175e-13 -3.69331e-23  2.68214e-13 -1.10664e-23   7.2793e-14 -1.78584e-24  1.79032e-14  4.77882e-25   4.0483e-15  5.67756e-25  8.48874e-16  3.01028e-25  1.65958e-16  1.20146e-25  3.03565e-17  4.01771e-26  5.20659e-18  1.17027e-26  8.38356e-19  3.01779e-27  1.26782e-19  6.95281e-28  1.80021e-20  1.44177e-28  2.39783e-21  2.70475e-29  2.99131e-22  4.59791e-30  3.48732e-23   7.0776e-31  3.78843e-24  9.85759e-32  3.82135e-25  1.24148e-32  3.56363e-26  1.41073e-33  3.05676e-27  1.44049e-34  2.39718e-28  1.31555e-35  1.70653e-29  1.06926e-36  1.09353e-30  7.68077e-38  6.24377e-32  4.82667e-39  3.13755e-33  2.61995e-40  1.36631e-34  1.20985e-41  5.05454e-36  4.65668e-43  1.54663e-37  1.44959e-44  3.76886e-39  3.48694e-46  6.89967e-41  6.01803e-48  8.56707e-43  6.44632e-50  5.72148e-45  2.76849e-52
-4.00422e-18 -0.000447505 -3.09628e-17   0.00388811  1.22994e-16   -0.0144663 -8.87637e-17    0.0273056 -1.05087e-16   -0.0243707  2.75123e-16   0.00345843 -3.40416e-16   0.00817002  1.98127e-16 -0.000959794  8.09601e-17  -0.00302845 -1.54999e-16 -0.000713288  1.19052e-17  0.000659713   5.2014e-17  0.000563577 -3.52341e-19  0.000132059 -1.80505e-17 -7.61219e-05 -1.90285e-18 -8.57435e-05  4.64909e-18 -3.95695e-05  1.12792e-18 -7.30494e-06 -7.62034e-19  3.71176e-06  -2.6183e-19  4.21631e-06  1.51285e-19  2.29362e-06   6.2188e-20  8.57165e-07 -6.47219e-20  2.09965e-07 -6.39445e-20  8.98178e-09 -1.77057e-20 -2.47602e-08  7.73116e-21 -1.75472e-08  1.03128e-20 -8.16191e-09   5.8506e-21 -3.06214e-09  2.14198e-21 -9.82914e-10  2.43926e-22 -2.75609e-10 -4.14083e-22 -6.76063e-11 -4.46072e-22 -1.42365e-11 -2.84789e-22 -2.41619e-12 -1.37488e-22 -2.54848e-13 -5.25705e-23  2.26712e-14 -1.52309e-23  2.33322e-14 -2.50106e-24  8.69135e-15  4.80352e-25  2.46333e-15  6.22232e-25  5.97393e-16  3.23416e-25  1.29244e-16  1.25198e-25  2.54321e-17  4.04498e-26  4.59834e-18  1.13564e-26  7.68233e-19  2.81865e-27  1.18941e-19   6.2455e-28  1.70862e-20  1.24459e-28  2.27725e-21  2.24124e-29  2.81309e-22  3.65222e-30  3.21476e-23  5.38219e-31  3.38955e-24  7.16723e-32  3.28595e-25  8.61514e-33  2.91634e-26  9.32191e-34  2.35725e-27  9.04002e-35  1.72436e-28  7.81807e-36  1.13293e-29  5.99546e-37  6.62398e-31   4.0442e-38  3.40762e-32  2.37246e-39  1.52064e-33  1.19327e-40  5.78005e-35  5.05543e-42  1.82675e-36  1.76055e-43  4.64239e-38  4.85926e-45  9.02973e-40  1.00379e-46  1.24059e-41  1.40313e-48  1.03152e-43   1.0544e-50  3.30207e-46
 3.20099e-05 -6.36381e-18 -0.000851212 -8.39786e-17   0.00615851  2.02101e-16   -0.0203903 -1.05087e-16    0.0342122 -9.37844e-17   -0.0251906  2.26112e-16  -0.00159181 -3.22503e-16    0.0100951      2.1e-16   0.00138384  7.16884e-17  -0.00333314 -1.42391e-16  -0.00172991  2.31099e-18  0.000300895   5.0255e-17  0.000717471  2.03127e-18  0.000341527 -1.63827e-17  1.36423e-05 -2.33826e-18 -8.42913e-05  3.76011e-18  -6.2848e-05  1.03391e-18  -2.4669e-05 -4.40217e-19 -3.59288e-06  -6.2071e-20  2.64384e-06  1.66723e-19  2.63599e-06  9.41842e-21   1.4081e-06 -1.12048e-19  5.46592e-07 -8.90533e-20  1.57038e-07 -2.55306e-20  2.68789e-08  8.48463e-21  -3.2836e-09  1.33637e-20  -5.3924e-09  8.18733e-21 -2.96168e-09   3.0969e-21 -1.21132e-09  3.00323e-22  -4.1752e-10 -6.47063e-22 -1.26803e-10 -6.53817e-22 -3.46496e-11 -3.98987e-22 -8.61201e-12 -1.84948e-22 -1.95745e-12 -6.82395e-23 -4.07535e-13  -1.9318e-23 -7.75836e-14 -3.31155e-24 -1.34273e-14  3.56777e-25 -2.08709e-15  5.96023e-25 -2.84192e-16  3.08806e-25 -3.19736e-17  1.16648e-25 -2.43984e-18  3.65227e-26  3.92466e-20  9.90111e-27  6.26131e-20  2.36794e-27   1.5679e-20  5.04933e-28  2.81855e-21  9.67269e-29  4.20211e-22  1.67212e-29  5.43003e-23  2.61172e-30  6.18225e-24   3.6837e-31   6.2294e-25  4.68763e-32  5.53922e-26  5.37353e-33  4.30455e-27  5.53076e-34  2.86735e-28  5.08707e-35  1.57515e-29  4.15884e-36  6.49116e-31  3.00238e-37  1.32454e-32  1.89641e-38 -6.83977e-34  1.03478e-39 -9.49062e-35  4.79961e-41  -6.1512e-36  1.85345e-42 -2.76228e-37  5.78622e-44 -9.06284e-39   1.3961e-45 -2.12394e-40  2.41669e-47 -3.26862e-42   2.5952e-49 -2.64781e-44  1.11687e-51
 1.34135e-17 -6.48084e-06  1.47268e-18  -0.00091697 -1.64128e-16   0.00748826  2.63412e-16   -0.0243707 -9.37844e-17    0.0379561 -5.28619e-17   -0.0229103  1.33121e-16  -0.00713106 -2.76279e-16    0.0103482  2.05061e-16   0.00413368  5.99454e-17  -0.00278621 -1.23507e-16  -0.00264946 -3.31282e-18 -0.000359636   4.4198e-17  0.000670502    3.277e-18  0.000534442 -1.35817e-17  0.000159144 -2.51701e-18 -3.81525e-05  2.65813e-18 -6.94131e-05  9.27096e-19 -4.15398e-05 -1.81049e-20 -1.47339e-05  2.04097e-19 -1.98145e-06  1.98309e-19  1.48196e-06 -5.10906e-20  1.44093e-06 -1.71772e-19  7.74186e-07 -1.22948e-19   3.1329e-07 -3.76731e-20  1.01014e-07  7.71267e-21  2.51564e-08  1.60048e-20  3.83735e-09  1.02873e-20 -4.09208e-10  3.79589e-21 -6.25587e-10  1.64599e-22 -3.17543e-10 -9.72626e-22 -1.20955e-10 -8.87803e-22 -3.91516e-11 -5.13859e-22 -1.12656e-11 -2.28756e-22 -2.94553e-12 -8.17715e-23 -7.08621e-13 -2.27933e-23 -1.58103e-13 -4.13331e-24 -3.28901e-14  1.16046e-25  -6.4039e-15  4.94565e-25 -1.17028e-15  2.62316e-25 -2.01145e-16  9.75291e-26 -3.25661e-17  2.97163e-26 -4.97171e-18  7.79746e-27 -7.16081e-19  1.79955e-27 -9.73017e-20  3.69609e-28 -1.24648e-20  6.80928e-29 -1.50323e-21  1.13015e-29 -1.70275e-22  1.69181e-30 -1.80575e-23  2.28315e-31 -1.78536e-24  2.77483e-32  -1.6372e-25  3.03088e-33 -1.38384e-26  2.96407e-34 -1.07034e-27  2.58203e-35  -7.5114e-29  1.99168e-36 -4.73562e-30  1.35028e-37 -2.65085e-31  7.96158e-39 -1.29886e-32  4.02447e-40 -5.47245e-34  1.71208e-41 -1.93734e-35  5.98072e-43 -5.58346e-37  1.65509e-44 -1.25067e-38  3.42807e-46 -2.01917e-40  4.80396e-48 -2.02929e-42  3.61767e-50 -8.19103e-45
 3.02392e-05  3.43443e-17 -0.000291108  2.78143e-17 -3.69172e-05 -2.51147e-16   0.00671251  2.75123e-16   -0.0251906 -5.28619e-17    0.0382908  5.67139e-18   -0.0186183  2.95128e-17   -0.0119386 -2.18766e-16   0.00896391  1.86321e-16   0.00663237  4.67937e-17  -0.00144733 -1.01093e-16  -0.00318223 -5.48381e-18  -0.00117852  3.59361e-17  0.000378355  3.50537e-18  0.000628717 -1.06711e-17  0.000321066  -2.6951e-18  5.19047e-05  1.56982e-18 -4.75368e-05   9.2382e-19 -4.85899e-05  5.09074e-19 -2.55199e-05  5.36353e-19 -8.66065e-06  2.56494e-19 -1.33874e-06 -1.10133e-19    6.156e-07 -2.38848e-19  6.67369e-07 -1.63502e-19  3.70236e-07 -5.38146e-20  1.56158e-07  4.76299e-21  5.44333e-08  1.72847e-20  1.60103e-08  1.14036e-20  3.90693e-09   3.8613e-21  7.24423e-10 -2.75492e-22  6.08458e-11 -1.39136e-21 -2.53035e-11 -1.12713e-21 -1.73539e-11 -6.15468e-22  -6.8239e-12 -2.63073e-22 -2.15339e-12 -9.13482e-23 -5.91499e-13  -2.5204e-23 -1.46167e-13 -4.84939e-24 -3.30418e-14  -1.9246e-25 -6.89797e-15  3.44922e-25 -1.33756e-15   1.9712e-25 -2.41743e-16  7.31468e-26  -4.0804e-17  2.18242e-26 -6.43791e-18  5.56183e-27 -9.49489e-19  1.24121e-27 -1.30804e-19  2.45852e-28 -1.68086e-20  4.35877e-29 -2.01061e-21  6.94758e-30 -2.23273e-22  9.96788e-31 -2.29403e-23  1.28674e-31  -2.1719e-24  1.49271e-32 -1.88555e-25  1.55222e-33 -1.49239e-26  1.44061e-34 -1.06951e-27  1.18666e-35 -6.88288e-29  8.61883e-37 -3.93848e-30  5.47276e-38 -1.97953e-31  3.00182e-39 -8.60618e-33  1.39926e-40 -3.17297e-34  5.42543e-42 -9.65906e-36  1.69894e-43 -2.33742e-37  4.10976e-45 -4.24122e-39   7.1317e-47 -5.20806e-41  7.67587e-49 -3.43087e-43  3.30977e-51
-1.92848e-17  0.000119551  5.83147e-17 -0.000958942  7.19498e-17   0.00210907  -3.1639e-16   0.00345843  2.26112e-16   -0.0229103  5.67139e-18    0.0361339  6.24712e-17   -0.0136868 -5.36871e-17   -0.0153481 -1.62495e-16   0.00641776  1.58032e-16    0.0084033  3.37936e-17  0.000407683 -7.81142e-17  -0.00316218 -5.16379e-18   -0.0019571   2.7538e-17 -0.000123792  2.93904e-18  0.000565649 -8.55437e-18  0.000444851 -3.17716e-18  0.000165624  5.99627e-19  4.69338e-06  1.09448e-18 -3.82162e-05  1.15186e-18 -3.03357e-05  9.42063e-19  -1.4784e-05   3.5474e-19 -5.03819e-06 -1.54402e-19 -9.98826e-07 -3.03289e-19  1.28248e-07 -2.05163e-19  2.42981e-07 -7.21611e-20   1.4656e-07 -7.05265e-22  6.48577e-08  1.62385e-20  2.38657e-08  1.08138e-20  7.62367e-09  2.98536e-21   2.1506e-09 -1.07735e-21  5.37527e-10 -1.88091e-21  1.17887e-10 -1.34715e-21   2.1967e-11 -6.91735e-22  3.15191e-12 -2.83785e-22  2.01869e-13 -9.58759e-23  -7.1225e-14  -2.6262e-23 -3.81752e-14  -5.3377e-24 -1.19027e-14 -4.97665e-25 -2.98344e-15  1.83957e-25 -6.49919e-16   1.2875e-25 -1.26895e-16  4.89125e-26 -2.25371e-17  1.44372e-26 -3.66911e-18  3.59237e-27 -5.49704e-19  7.77611e-28 -7.59108e-20  1.48815e-28 -9.66269e-21  2.54174e-29  -1.1324e-21  3.89282e-30 -1.21916e-22  5.35367e-31 -1.20199e-23  6.60948e-32 -1.08078e-24  7.31479e-33 -8.81718e-26  7.23498e-34 -6.48508e-27  6.36446e-35 -4.26687e-28  4.94899e-36 -2.48737e-29  3.37694e-37 -1.26942e-30  2.00241e-38 -5.58606e-32  1.01775e-39 -2.07797e-33  4.35177e-41 -6.36225e-35   1.5265e-42 -1.54387e-36  4.23779e-44 -2.80411e-38   8.8006e-46 -3.46313e-40  1.23625e-47 -2.40022e-42  9.32982e-50 -5.26164e-45
-5.36653e-06 -4.84585e-17   0.00023565  7.74827e-17  -0.00186699  1.23246e-16   0.00516281 -3.40416e-16  -0.00159181  1.33121e-16   -0.0186183  6.24712e-17    0.0328317  1.01082e-16  -0.00913582  -1.0078e-16   -0.0172843 -1.13896e-16   0.00331019   1.2527e-16   0.00924828  2.23728e-17   0.00242775 -5.68751e-17  -0.00257497 -3.03002e-18  -0.00251195  2.05843e-17 -0.000737887  1.76109e-18  0.000331103 -7.83071e-18  0.000480888 -4.22691e-18  0.000269443 -2.77193e-19  7.68375e-05  1.43382e-18 -8.66126e-06  1.90244e-18 -2.47784e-05  1.42433e-18 -1.71744e-05  5.06225e-19 -8.06402e-06 -1.66751e-19 -2.84128e-06 -3.50458e-19 -7.06833e-07 -2.39396e-19 -6.35607e-08 -8.95898e-20  5.44506e-08 -8.48604e-21  4.33928e-08  1.22718e-20  2.09753e-08   8.1129e-21  8.13307e-09  1.07092e-21  2.72575e-09 -2.20213e-21  8.15016e-10 -2.39251e-21  2.21028e-10 -1.52282e-21  5.48828e-11 -7.34403e-22  1.25483e-11 -2.89089e-22  2.65042e-12 -9.50995e-23  5.18004e-13 -2.58819e-23  9.37145e-14 -5.50652e-24   1.5684e-14 -7.33339e-25  2.42446e-15  4.46013e-26  3.45384e-16  6.97385e-26  4.52205e-17  2.86844e-26  5.42774e-18   8.5352e-27  5.96836e-19  2.09233e-27  6.04237e-20  4.41508e-28  5.73839e-21  8.18788e-29  5.34161e-22  1.34964e-29   5.2162e-23  1.98815e-30   5.5992e-24  2.62213e-31  6.42376e-25  3.09601e-32  7.30414e-26  3.26744e-33   7.7248e-27  3.07139e-34  7.33002e-28  2.55759e-35  6.12467e-29  1.87403e-36  4.45347e-30  1.19842e-37  2.78821e-31  6.61426e-39  1.48411e-32   3.1014e-40  6.60334e-34    1.209e-41   2.3979e-35  3.80255e-43  6.85994e-37  9.22974e-45  1.46187e-38  1.60611e-46  2.09946e-40   1.7329e-48  1.61463e-42  7.48825e-51
 1.39767e-17  1.86351e-05 -8.34575e-17  0.000214982  8.78262e-17  -0.00252155  1.68285e-16   0.00817002 -3.22503e-16  -0.00713106  2.95128e-17   -0.0136868  1.01082e-16    0.0294759  1.14725e-16  -0.00542336 -1.12828e-16   -0.0180273 -7.52642e-17   0.00013465  9.27731e-17   0.00920034  1.32687e-17   0.00430278  -3.8467e-17  -0.00152526  8.18557e-19  -0.00272197  1.60339e-17  -0.00133768  1.25627e-19 -4.17938e-05 -8.71971e-18    0.0004015  -5.9965e-18  0.000328025 -1.16821e-18  0.000148866  1.86287e-18  3.42547e-05  2.71705e-18 -8.02733e-06  1.96921e-18 -1.36235e-05  7.18611e-19 -8.78743e-06 -1.29114e-19 -4.07127e-06 -3.63742e-19 -1.49457e-06 -2.56493e-19  -4.3592e-07 -1.02286e-19 -9.12394e-08 -1.76829e-20   -5.671e-09  5.50206e-21  6.57687e-09  3.43776e-21   4.4736e-09 -1.68765e-21  1.94682e-09 -3.50391e-21  6.91216e-10 -2.85627e-21  2.14444e-10 -1.63213e-21  5.98981e-11 -7.39794e-22  1.53064e-11 -2.79408e-22  3.61331e-12 -8.95024e-23  7.92981e-13 -2.41766e-23  1.62492e-13 -5.32311e-24  3.11844e-14 -8.59377e-25  5.61694e-15 -5.34396e-26  9.50885e-16  2.67554e-26   1.5141e-16  1.41544e-26  2.26808e-17  4.42446e-27  3.19487e-18  1.08702e-27  4.22743e-19  2.25606e-28  5.24536e-20  4.07549e-29  6.08811e-21  6.50348e-30  6.58867e-22  9.23173e-31  6.62182e-23  1.16885e-31  6.15046e-24  1.32044e-32  5.24904e-25  1.32871e-33  4.08831e-26  1.18617e-34  2.88291e-27  9.33833e-36  1.82323e-28  6.43561e-37  1.02247e-29  3.84675e-38  5.01451e-31  1.96891e-39  2.11337e-32  8.47402e-41  7.48079e-34  2.98992e-42  2.15519e-35   8.3403e-44  4.82511e-37  1.73853e-45  7.78567e-39  2.44961e-47  7.82016e-41  1.85349e-49  3.15472e-43
-9.08885e-06  3.06081e-17     0.000123 -1.15934e-16 -0.000168409  9.02068e-17  -0.00232356  1.98127e-16    0.0100951 -2.76279e-16   -0.0119386 -5.36871e-17  -0.00913582  1.14725e-16    0.0266337  1.06653e-16  -0.00257697 -1.00993e-16   -0.0179522 -4.69511e-17  -0.00280321  6.35701e-17   0.00842028  6.35939e-18   0.00581884  -2.2809e-17 -0.000180814  6.69907e-18  -0.00254357  1.42947e-17  -0.00180357 -1.76529e-18 -0.000484757 -1.10659e-17  0.000209126  -8.4763e-18  0.000316037 -2.19149e-18  0.000197771   2.2586e-18  7.85885e-05  3.51613e-18  1.62545e-05  2.54104e-18 -4.12279e-06   9.8996e-19 -6.33363e-06 -2.74313e-20  -3.9802e-06 -3.29122e-19   -1.846e-06 -2.48312e-19 -7.01701e-07 -1.06697e-19 -2.25316e-07 -2.67618e-20 -6.08397e-08 -3.11917e-21 -1.31257e-08 -2.49321e-21 -1.80693e-09 -4.82881e-21  1.32933e-10 -4.75968e-21   2.1246e-10 -3.19582e-21  9.83869e-11 -1.65978e-21  3.39926e-11 -7.08745e-22  9.97803e-12 -2.56916e-22  2.60423e-12 -8.01001e-23  6.17424e-13 -2.14229e-23  1.34532e-13 -4.82318e-24  2.71258e-14 -8.69726e-25  5.08215e-15 -1.05871e-25  8.86844e-16  6.35648e-28  1.44303e-16   5.1672e-27  2.18982e-17  1.91844e-27  3.09733e-18  4.91293e-28    4.078e-19  1.02126e-28  4.98812e-20  1.81499e-29  5.65362e-21   2.8204e-30   5.9183e-22  3.87192e-31  5.69928e-23  4.71665e-32  5.02487e-24   5.1043e-33  4.03315e-25  4.89921e-34   2.9271e-26  4.15225e-35  1.90538e-27  3.08721e-36  1.10154e-28  1.99733e-37  5.58775e-30  1.11276e-38  2.44941e-31  5.26054e-40  9.09675e-33  2.06609e-41  2.78696e-34  6.54127e-43  6.78132e-36  1.59634e-44  1.23606e-37  2.78976e-46  1.52318e-39  3.02032e-48  1.00576e-41  1.30887e-50
-3.55428e-18 -2.62449e-05   4.5064e-17   0.00032044 -1.40315e-16  -0.00100667  8.73233e-17 -0.000959794      2.1e-16    0.0103482 -2.18766e-16   -0.0153481  -1.0078e-16  -0.00542336  1.06653e-16    0.0244356  8.58847e-17 -0.000425608 -7.83459e-17   -0.0173764 -2.85387e-17   -0.0053614  3.83517e-17   0.00710656  8.77386e-19    0.0068622 -9.14336e-18   0.00127716  1.49328e-17  -0.00200202  1.53397e-17  -0.00204694 -3.61898e-18 -0.000913514 -1.44054e-17 -6.51013e-05 -1.14759e-17  0.000226093 -3.40731e-18  0.000205246  2.49905e-18  0.000110242  4.20385e-18  4.09356e-05  3.08964e-18  8.85222e-06  1.30804e-18 -1.10809e-06  1.43352e-19 -2.37553e-06 -2.39936e-19  -1.5328e-06 -2.10877e-19 -7.21035e-07 -1.00475e-19  -2.8121e-07 -3.38429e-20 -9.50784e-08 -1.19951e-20 -2.83906e-08 -8.55989e-21 -7.52809e-09 -7.75123e-21 -1.76278e-09 -5.73151e-21 -3.56593e-10 -3.34864e-21 -5.85529e-11 -1.60061e-21 -6.13549e-12 -6.46132e-22  4.05348e-13 -2.24961e-22  4.63879e-13 -6.82109e-23   1.6733e-13  -1.8004e-23  4.52815e-14 -4.09815e-24   1.0407e-14 -7.86728e-25   2.1201e-15 -1.20159e-25  3.90302e-16 -1.17059e-26    6.557e-17  5.03095e-28  1.01029e-17  5.97431e-28  1.43088e-18  1.81171e-28  1.86366e-19   3.9485e-29  2.23017e-20  7.05832e-30  2.44705e-21  1.08144e-30  2.45448e-22  1.44662e-31  2.24148e-23  1.70353e-32  1.85411e-24  1.77123e-33  1.38038e-25   1.6242e-34  9.17693e-27  1.30749e-35  5.39503e-28  9.17538e-37  2.77053e-29  5.56355e-38  1.22347e-30  2.88076e-39  4.55125e-32   1.2523e-40  1.38661e-33  4.45826e-42  3.32262e-35  1.25334e-43  5.88056e-37   2.6293e-45  6.88749e-39  3.72347e-47  4.20997e-41  2.82867e-49  5.61326e-44
 -1.9372e-06 -4.01815e-18 -2.56776e-05   5.1596e-17  0.000510976 -1.54778e-16  -0.00210445  8.09601e-17   0.00138384  2.05061e-16   0.00896391 -1.62495e-16   -0.0172843 -1.12828e-16  -0.00257697  8.58847e-17      0.02279  6.21218e-17   0.00123141 -5.46151e-17   -0.0165166  -1.9284e-17  -0.00750247  1.59144e-17   0.00544333   -4.188e-18   0.00739787  3.33818e-18   0.00268569  2.54434e-17  -0.00117178  1.87866e-17  -0.00202168 -5.08885e-18  -0.00124702 -1.80832e-17 -0.000369976 -1.46479e-17  7.09791e-05 -4.77779e-18  0.000163697  2.50799e-18  0.000117822  4.69963e-18  5.79183e-05  3.56627e-18  2.11677e-05  1.65317e-18  5.26844e-06  3.76351e-19  2.78047e-07 -9.97579e-20 -6.18564e-07 -1.45795e-19 -4.64588e-07 -8.31045e-20 -2.28428e-07 -3.71731e-20  -9.1386e-08 -1.93317e-20 -3.17387e-08 -1.35738e-20 -9.84892e-09 -9.89456e-21 -2.77319e-09 -6.23714e-21 -7.15017e-10  -3.2844e-21 -1.69764e-10 -1.46171e-21 -3.72453e-11 -5.60103e-22  -7.5662e-12 -1.87495e-22 -1.42461e-12 -5.52406e-23 -2.48678e-13 -1.43387e-23 -4.02368e-14 -3.26699e-24 -6.03276e-15 -6.47598e-25 -8.38237e-16  -1.0936e-25 -1.08097e-16 -1.48863e-26 -1.29945e-17 -1.34758e-27 -1.47023e-18  2.03872e-29 -1.59292e-19  4.27787e-29 -1.69378e-20  1.17487e-29 -1.81052e-21  2.25654e-30 -1.96231e-22  3.51966e-31 -2.12357e-23  4.67111e-32 -2.22372e-24  5.37678e-33 -2.18095e-25  5.40953e-34 -1.95196e-26  4.76026e-35 -1.56396e-27  3.64849e-36  -1.1049e-28  2.41824e-37 -6.78697e-30  1.37303e-38 -3.56966e-31  6.59063e-40 -1.57752e-32  2.62231e-41 -5.71134e-34  8.39737e-43 -1.63359e-35   2.0694e-44 -3.48797e-37  3.64541e-46 -5.02722e-39  3.97161e-48 -3.88518e-41  1.72965e-50
-1.27256e-18 -1.49403e-05  8.40795e-19  4.81553e-05  4.85617e-17  0.000494017 -1.59465e-16  -0.00302845  7.16884e-17   0.00413368  1.86321e-16   0.00641776 -1.13896e-16   -0.0180273 -1.00993e-16 -0.000425608  6.21218e-17    0.0215516  4.25662e-17    0.0025528 -3.47359e-17   -0.0155036 -1.82882e-17  -0.00924199 -5.71505e-18   0.00358056 -9.70305e-18   0.00744286  1.50328e-17   0.00391473  3.75472e-17 -0.000155401  2.39479e-17  -0.00172514 -5.86949e-18   -0.0014225  -2.1401e-17 -0.000646448 -1.75543e-17  -0.00011968 -6.16407e-18  7.88188e-05  2.28512e-18  9.65942e-05   4.9682e-18  6.10903e-05  3.94032e-18  2.86041e-05  2.00298e-18  1.05956e-05  6.53152e-19  3.04092e-06  7.78301e-20  5.60849e-07 -5.99561e-20 -3.14179e-08   -5.602e-20 -8.91595e-08 -3.56268e-20 -5.21056e-08  -2.3673e-20 -2.21538e-08 -1.66309e-20 -7.91598e-09 -1.09011e-20 -2.49876e-09 -6.20097e-21   -7.136e-10 -3.01418e-21 -1.86874e-10 -1.26175e-21 -4.52561e-11 -4.60893e-22 -1.01931e-11 -1.48528e-22 -2.14364e-12 -4.24863e-23 -4.22122e-13 -1.08086e-23 -7.79863e-14  -2.4445e-24 -1.35347e-14 -4.90246e-25 -2.20814e-15 -8.65574e-26 -3.38684e-16 -1.32218e-26 -4.88134e-17 -1.67994e-27 -6.60349e-18 -1.59818e-28 -8.36995e-19  -6.4815e-30 -9.91533e-20  1.49055e-30 -1.09427e-20  4.77361e-31 -1.12055e-21  8.62632e-32 -1.05958e-22  1.20458e-32 -9.19903e-24  1.39996e-33 -7.28338e-25   1.3902e-34 -5.21763e-26  1.18884e-35 -3.35041e-27  8.74301e-37 -1.90687e-28  5.49657e-38 -9.48745e-30  2.92653e-39 -4.05527e-31  1.30072e-40 -1.45555e-32  4.71728e-42 -4.25154e-34  1.34737e-43 -9.65008e-36  2.86455e-45 -1.57872e-37  4.10071e-47 -1.60793e-39  3.14183e-49 -6.57892e-42
 1.37874e-06 -4.01017e-18 -4.31043e-05  1.13865e-17   0.00023457  3.82303e-17  9.10973e-05 -1.54999e-16  -0.00333314  5.99454e-17   0.00663237  1.58032e-16   0.00331019 -7.52642e-17   -0.0179522 -7.83459e-17   0.00123141  4.25662e-17    0.0205981  3.11668e-17   0.00364598 -1.98771e-17   -0.0144115 -2.45042e-17   -0.0106164  -2.8111e-17   0.00163249 -1.61338e-17    0.0070441   2.5768e-17   0.00487048  4.99971e-17  0.000934093  2.99006e-17  -0.00119257 -5.79552e-18  -0.00140486 -2.37618e-17 -0.000840232 -1.97586e-17 -0.000306788  -7.3565e-18 -3.17981e-05  1.91302e-18  5.01945e-05  5.03508e-18  4.85642e-05  4.20868e-18  2.84894e-05  2.33678e-18   1.2997e-05  9.47399e-19  4.90962e-06  2.72434e-19  1.55502e-06  3.62585e-20  4.02002e-07 -2.22593e-20  7.50431e-08  -2.9059e-20  3.45081e-09 -2.43148e-20 -5.11105e-09 -1.73478e-20 -3.13178e-09 -1.06988e-20 -1.26243e-09 -5.66761e-21 -4.18305e-10 -2.58667e-21 -1.21502e-10 -1.02733e-21 -3.18141e-11 -3.59215e-22 -7.62038e-12 -1.11601e-22 -1.68411e-12 -3.09749e-23   -3.452e-13 -7.70051e-24 -6.58353e-14 -1.71711e-24 -1.17034e-14 -3.43572e-25 -1.94074e-15 -6.15625e-26 -3.00193e-16 -9.81848e-27 -4.32791e-17 -1.37784e-27 -5.80754e-18 -1.66788e-28 -7.23874e-19 -1.67454e-29 -8.35878e-20 -1.25631e-30 -8.91265e-21 -4.03503e-32 -8.74033e-22  7.08871e-33 -7.84592e-23  1.76918e-33 -6.41064e-24  2.46566e-34 -4.73566e-25  2.62637e-35  -3.1375e-26  2.28765e-36 -1.84616e-27  1.66053e-37 -9.53265e-29  1.00729e-38  -4.2544e-30  5.07895e-40  -1.6092e-31   2.0994e-41 -5.02363e-33  6.93416e-43 -1.24642e-34  1.75321e-44 -2.31881e-36  3.15402e-46 -2.92013e-38  3.49431e-48 -1.97386e-40  1.54171e-50
 5.25068e-19 -3.13727e-07 -7.23602e-18 -6.66692e-05  2.51979e-17  0.000493442  2.47085e-17 -0.000713288 -1.42391e-16  -0.00278621  4.67937e-17    0.0084033   1.2527e-16   0.00013465 -4.69511e-17   -0.0173764 -5.46151e-17    0.0025528  3.11668e-17    0.0198471   2.9306e-17   0.00458025 -9.21337e-18   -0.0132813 -3.65872e-17   -0.0116666 -5.16922e-17 -0.000316733 -2.34529e-17   0.00626333  3.49193e-17    0.0054928  6.12294e-17   0.00198612  3.56051e-17 -0.000488168 -4.89696e-18  -0.00119038 -2.47797e-17 -0.000912381 -2.09141e-17 -0.000451051 -8.12401e-18 -0.000143375  1.53837e-18 -1.03756e-05  4.98016e-18  2.33766e-05  4.39352e-18  2.07053e-05  2.63785e-18  1.16729e-05  1.23012e-18  5.24727e-06  4.61615e-19   2.0065e-06  1.31434e-19   6.6955e-07  1.41884e-20  1.96591e-07 -1.83823e-20  5.05366e-08 -2.14526e-20  1.11013e-08 -1.59083e-20  1.93613e-09 -9.48486e-21   1.9418e-10 -4.77669e-21 -3.01453e-11 -2.07347e-21 -2.50354e-11 -7.87159e-22 -9.35914e-12 -2.64493e-22 -2.70911e-12  -7.9341e-23 -6.72444e-13 -2.13595e-23 -1.48621e-13 -5.17681e-24 -2.97703e-14 -1.13224e-24 -5.45498e-15 -2.23834e-25 -9.18906e-16 -3.99947e-26 -1.42653e-16  -6.4439e-27 -2.04248e-17 -9.32221e-28 -2.69594e-18  -1.2041e-28 -3.27573e-19 -1.37802e-29 -3.65541e-20 -1.38115e-30 -3.73431e-21 -1.18869e-31 -3.47824e-22 -8.44774e-33 -2.93894e-23 -4.46532e-34 -2.23882e-24 -1.00826e-35 -1.52605e-25  1.19251e-36 -9.22182e-27  1.99098e-37 -4.88395e-28  1.77957e-38 -2.23423e-29   1.1614e-39 -8.66418e-31  5.89723e-41 -2.77755e-32  2.35128e-42 -7.10685e-34  7.21468e-44 -1.37739e-35  1.62201e-45 -1.85593e-37  2.42559e-47 -1.47261e-39  1.92193e-49 -4.25615e-42
 1.16496e-06  1.68259e-19 -1.41477e-05 -9.33799e-18 -3.75815e-05  3.85415e-17  0.000690456  1.19052e-17  -0.00172991 -1.23507e-16  -0.00144733  3.37936e-17   0.00924828  9.27731e-17  -0.00280321 -2.85387e-17   -0.0165166 -3.47359e-17   0.00364598   2.9306e-17    0.0192469  3.67205e-17   0.00540126 -1.36328e-18   -0.0121348 -5.27064e-17   -0.0124307 -7.55444e-17  -0.00220578 -3.11967e-17   0.00516793  4.16799e-17   0.00575052  6.97047e-17   0.00290125  4.00618e-17  0.000305047 -3.39415e-18 -0.000805687 -2.43303e-17 -0.000846326 -2.08277e-17 -0.000521953 -8.26822e-18  -0.00023052  1.33196e-18 -7.00614e-05  4.91073e-18 -7.56147e-06  4.52966e-18  7.67985e-06  2.89325e-18  7.17311e-06  1.47488e-18  4.02747e-06  6.25439e-19  1.79961e-06  2.15379e-19  6.90104e-07  4.91267e-20  2.34548e-07  -5.3434e-21  7.18444e-08 -1.60363e-20  2.00221e-08 -1.29293e-20  5.10376e-09 -7.63047e-21  1.19295e-09 -3.71322e-21  2.55735e-10 -1.54953e-21   5.0173e-11  -5.6602e-22  8.96332e-12 -1.83449e-22  1.44434e-12 -5.32225e-23  2.06254e-13 -1.38974e-23  2.51708e-14 -3.27803e-24  2.38956e-15 -7.00483e-25   1.1293e-16 -1.35894e-25 -1.76055e-17  -2.3948e-26 -6.41764e-18  -3.8293e-27 -1.23162e-18 -5.54412e-28 -1.81722e-19 -7.25021e-29 -2.22396e-20 -8.54146e-30   -2.299e-21 -9.03824e-31 -1.98814e-22 -8.56009e-32 -1.37574e-23 -7.22017e-33 -6.55292e-25 -5.37722e-34 -4.06923e-27 -3.48591e-35  3.30207e-27 -1.92767e-36  4.41774e-28  -8.8565e-38  3.75519e-29 -3.25139e-39  2.42509e-30 -8.78935e-41  1.23755e-31 -1.30657e-42  4.98992e-33  1.59998e-44  1.55314e-34  1.59041e-45  3.55266e-36  4.57137e-47  5.42561e-38  6.57233e-49  4.40781e-40  3.41957e-51
 1.94808e-19  3.49004e-06 -1.97953e-18 -4.60675e-05 -9.22945e-18  9.04714e-05  4.80923e-17  0.000659713  2.31099e-18  -0.00264946 -1.01093e-16  0.000407683  2.23728e-17   0.00920034  6.35701e-17   -0.0053614  -1.9284e-17   -0.0155036 -1.98771e-17   0.00458025  3.67205e-17    0.0187653  5.20352e-17   0.00614078  4.83093e-18   -0.0109829 -7.05123e-17   -0.0129416 -9.77566e-17  -0.00398962 -3.86444e-17   0.00382617  4.53348e-17   0.00563674  7.42158e-17   0.00359698  4.24594e-17   0.00109545  -1.6443e-18 -0.000302763 -2.25423e-17 -0.000650581 -1.94859e-17 -0.000504499 -7.67133e-18 -0.000273823  1.43778e-18 -0.000114233  4.92378e-18 -3.58134e-05  4.64724e-18 -6.58034e-06  3.09177e-18  1.10468e-06  1.66125e-18  1.79379e-06  7.49471e-19  1.08369e-06   2.8059e-19  4.92304e-07   7.8826e-20  1.89271e-07  7.92111e-21  6.43624e-08 -9.42145e-21   1.9789e-08 -9.22433e-21  5.57216e-09 -5.55404e-21  1.44882e-09 -2.65468e-21   3.4984e-10 -1.07594e-21  7.87738e-11 -3.80609e-22  1.65919e-11 -1.19442e-22  3.27674e-12 -3.35791e-23  6.07857e-13 -8.50795e-24   1.0606e-13 -1.95092e-24  1.74206e-14 -4.06205e-25  2.69456e-15 -7.69696e-26  3.92404e-16  -1.3282e-26  5.37546e-17  -2.0857e-27  6.91559e-18 -2.97582e-28  8.33514e-19 -3.85086e-29  9.38053e-20 -4.51145e-30  9.81624e-21 -4.77622e-31   9.5026e-22 -4.55991e-32  8.45833e-23 -3.91298e-33  6.87378e-24 -3.00064e-34  5.05822e-25  -2.0386e-35   3.3381e-26 -1.21475e-36  1.95306e-27 -6.28479e-38  9.99032e-29 -2.79196e-39  4.39014e-30 -1.04837e-40  1.61988e-31 -3.24655e-42  4.86372e-33 -7.98626e-44  1.13475e-34  -1.4732e-45  1.90825e-36 -1.84466e-47   1.9981e-38 -1.24916e-49  8.40703e-41
 3.27337e-07  6.35053e-19  3.14388e-06  -5.9745e-18 -8.31405e-05 -6.98926e-18  0.000315204   5.2014e-17  0.000300895 -3.31282e-18  -0.00318223 -7.81142e-17   0.00242775  1.32687e-17   0.00842028  3.83517e-17  -0.00750247 -1.82882e-17   -0.0144115 -9.21337e-18   0.00540126  5.20352e-17    0.0183815  7.29475e-17   0.00682235   1.0058e-17  -0.00982931 -8.73667e-17   -0.0132258 -1.16068e-16   -0.0056341 -4.50671e-17   0.00230528  4.54415e-17   0.00516508  7.40778e-17   0.00401173   4.2276e-17   0.00179274 -6.40201e-20  0.000249053 -1.97411e-17 -0.000356905 -1.70468e-17 -0.000402335 -6.32997e-18 -0.000264697  1.92613e-18 -0.000132876  5.07133e-18 -5.41656e-05    4.757e-18 -1.79754e-05  3.22189e-18 -4.55469e-06  1.77621e-18 -6.16565e-07   8.2585e-19  1.75556e-07  3.22824e-19  1.84532e-07  1.00535e-19  9.45245e-08  1.94006e-20  3.77139e-08 -2.96339e-21  1.29196e-08 -5.56152e-21  3.94749e-09 -3.61054e-21  1.09658e-09 -1.73234e-21  2.80031e-10 -6.90114e-22  6.61937e-11 -2.38131e-22  1.45483e-11 -7.26754e-23  2.98159e-12 -1.98466e-23  5.70811e-13 -4.88391e-24  1.02173e-13  -1.0883e-24  1.71023e-14 -2.20405e-25  2.67579e-15  -4.0663e-26  3.90906e-16  -6.8388e-27  5.32368e-17 -1.04773e-27  6.74403e-18 -1.46001e-28  7.92483e-19 -1.84715e-29  8.60893e-20 -2.11772e-30  8.61053e-21 -2.19592e-31  7.89107e-22 -2.05456e-32  6.58856e-23 -1.72788e-33  4.97803e-24 -1.29792e-34  3.37624e-25  -8.6316e-36  2.03556e-26 -5.03027e-37  1.07796e-27 -2.54002e-38  4.93911e-29  -1.0959e-39  1.92016e-30 -3.96036e-41  6.16928e-32 -1.16338e-42  1.57777e-33 -2.65381e-44  3.03115e-35 -4.36252e-46  3.95087e-37 -4.46999e-48  2.77189e-39 -1.84568e-50
 2.92577e-20  2.05999e-06   1.1583e-18 -8.51949e-06 -1.08549e-17 -8.89488e-05 -3.62747e-18  0.000563577   5.0255e-17 -0.000359636 -5.48381e-18  -0.00316218 -5.68751e-17   0.00430278  6.35939e-18   0.00710656  1.59144e-17  -0.00924199 -2.45042e-17   -0.0132813 -1.36328e-18   0.00614078  7.29475e-17    0.0180822  9.63933e-17   0.00746456  1.45961e-17  -0.00867338 -1.00778e-16   -0.0133033 -1.28571e-16  -0.00711164 -4.99732e-17  0.000671369  4.18873e-17   0.00436717  6.91729e-17   0.00410784  3.93128e-17   0.00231742  9.50476e-19  0.000773265 -1.63681e-17 -1.42642e-05 -1.38079e-17 -0.000236624 -4.36837e-18 -0.000207198   2.7657e-18 -0.000123198  5.34154e-18 -5.87829e-05  4.84407e-18 -2.36988e-05  3.27121e-18 -8.21008e-06  1.81406e-18 -2.43241e-06  8.52878e-19 -5.94801e-07  3.40998e-19 -1.05515e-07   1.1279e-19  -4.3861e-09  2.76413e-20  6.78057e-09  2.30691e-21  3.97263e-09 -2.49389e-21  1.53962e-09 -2.02761e-21  4.90809e-10 -1.01533e-21   1.3705e-10 -4.04634e-22    3.444e-11 -1.37535e-22  7.89808e-12  -4.1059e-23  1.66602e-12  -1.0929e-23  3.24733e-13 -2.61668e-24   5.8637e-14 -5.66861e-25   9.8203e-15 -1.11579e-25  1.52563e-15 -2.00055e-26  2.19712e-16 -3.26941e-27  2.92905e-17 -4.86644e-28   3.6072e-18  -6.5866e-29  4.09259e-19 -8.08961e-30   4.2631e-20  -8.9964e-31  4.06015e-21 -9.03861e-32  3.51774e-22 -8.18029e-33  2.75596e-23 -6.63845e-34  1.93828e-24 -4.79598e-35  1.21303e-25 -3.05522e-36  6.68244e-27 -1.69691e-37  3.19687e-28 -8.10969e-39  1.30525e-29 -3.27856e-40  4.44479e-31 -1.09427e-41  1.22278e-32 -2.90707e-43  2.59263e-34 -5.80351e-45  3.92392e-36 -7.86742e-47  3.65363e-38 -5.75235e-49   1.3459e-40
