  0.00149969 -2.08088e-19  -0.00643563  2.43011e-18    0.0078852 -6.43638e-18  -0.00160609  7.44833e-18  -0.00338591 -5.10973e-18  0.000945922  3.52442e-18   0.00171173 -1.72621e-18 -0.000192942 -1.75537e-19 -0.000844732  2.85736e-19 -0.000131071 -4.77601e-19   0.00033628  9.45638e-19  0.000167015  -2.2794e-19 -8.00515e-05 -3.68199e-19 -9.69886e-05  7.17778e-21  -8.2086e-06  1.81949e-19  3.19292e-05  1.08368e-20  1.67442e-05 -5.61936e-20 -2.89236e-06 -3.51544e-21 -6.47208e-06  3.05432e-21 -2.25394e-06   5.0216e-21  6.01412e-07 -7.21897e-22  8.30293e-07  3.44844e-22   2.8267e-07 -3.18993e-22 -1.38438e-08 -9.95719e-23 -5.01533e-08  4.00239e-23 -2.10745e-08   2.7163e-24   -4.115e-09  1.76015e-25 -1.48095e-10 -2.71049e-24  1.09103e-10 -3.44727e-25  2.23202e-11  6.53889e-26  1.23407e-12
-2.08088e-19   0.00975705 -1.51388e-18   -0.0215209  1.06214e-17    0.0152104 -1.94243e-17   0.00384094  1.65062e-17  -0.00804167 -9.63242e-18  -0.00178441  7.02421e-18   0.00377712 -2.08435e-18    0.0014516 -6.90642e-19  -0.00146769  2.16923e-19  -0.00104007 -1.53698e-18  0.000349888  2.03572e-18  0.000560716   2.4719e-19  4.99431e-05 -8.31751e-19 -0.000205708 -2.74177e-19 -0.000100134  3.50198e-19  3.38563e-05  1.09864e-19  4.93735e-05 -7.88839e-20  1.10316e-05 -3.03061e-20 -1.00278e-05  2.02479e-21 -7.90991e-06   6.6161e-21 -1.24144e-06 -2.19279e-23  1.24158e-06  1.11243e-21  8.73319e-07 -3.18612e-22  2.09347e-07 -4.82576e-23 -2.75883e-08  1.51989e-23 -3.59886e-08  1.28923e-24 -1.20574e-08 -2.26289e-24 -2.09854e-09   -4.923e-24 -1.73938e-10 -6.31221e-25  -2.5609e-12  5.82447e-26
 -0.00643563 -1.51388e-18    0.0289996 -5.62001e-18   -0.0389816    2.601e-17    0.0125573  -3.4395e-17    0.0149842  2.11433e-17  -0.00804461 -1.23256e-17   -0.0074835  8.67335e-18   0.00328691  -9.1382e-19   0.00413348 -3.86416e-19 -0.000707613 -3.49367e-19  -0.00208498 -3.13168e-18 -0.000271536  2.56803e-18  0.000822334   1.3033e-18  0.000394598 -1.03134e-18 -0.000188284 -7.14925e-19 -0.000226321  3.75866e-19 -2.32934e-05  2.20564e-19  6.93799e-05 -4.59198e-20  3.88789e-05 -4.97961e-20 -3.27553e-06 -1.26235e-21 -1.26566e-05  7.57746e-22 -5.39349e-06 -5.30699e-22  2.33338e-07  1.78959e-21  1.20808e-06  1.89957e-22  5.58738e-07  1.87829e-22  1.00458e-07 -7.73783e-24 -1.30415e-08   1.2897e-23 -1.17328e-08 -1.62652e-24 -2.88656e-09 -5.67243e-24 -3.37811e-10 -7.01061e-25  -1.3743e-11
 2.43011e-18   -0.0215209 -5.62001e-18    0.0517279 -1.28224e-17   -0.0442843  4.20696e-17  -0.00161094  -4.0142e-17    0.0226116  1.71058e-17  -0.00147616 -1.29611e-17   -0.0114869  7.38841e-18 -0.000230533  5.78149e-19   0.00563462  1.50294e-18   0.00121535 -1.10887e-18  -0.00236844 -4.72066e-18  -0.00120784  2.19142e-18  0.000682473  2.36608e-18  0.000748735 -8.38259e-19 -9.52547e-06 -1.04708e-18 -0.000300104  2.28023e-19 -0.000120461  2.55323e-19  5.46214e-05  1.40867e-20  6.53077e-05 -3.49516e-20  1.40148e-05  4.10577e-22 -1.18089e-05 -1.02011e-20  -9.5827e-06 -3.53818e-21 -2.20274e-06  1.24067e-21  7.55393e-07  7.76877e-22  7.32919e-07  3.60053e-22  2.49985e-07 -6.79949e-24  3.96819e-08  3.97825e-23 -2.34379e-10  5.23255e-24 -1.19255e-09 -4.96187e-24 -1.61281e-10 -4.52154e-25
   0.0078852  1.06214e-17   -0.0389816 -1.28224e-17    0.0615893   -1.995e-17   -0.0329809  4.82341e-17   -0.0162079  -2.9291e-17    0.0212371   8.4323e-18   0.00638996 -1.20206e-17   -0.0111986  4.38538e-18  -0.00417125  1.21747e-18   0.00516227  4.80813e-18   0.00306451 -1.32352e-18   -0.0018078 -5.93478e-18  -0.00194687  1.16285e-18  0.000231942  3.04606e-18  0.000941182 -3.57666e-19  0.000248943 -1.11011e-18 -0.000283511 -2.05046e-20 -0.000215941  1.93009e-19  6.61196e-06  5.40264e-20  7.65736e-05  1.20726e-20  3.54052e-05  1.11589e-20  -4.0419e-06 -1.82242e-20 -1.11931e-05 -7.42175e-21 -4.96963e-06 -7.94526e-22 -4.76145e-07  7.05463e-22  5.09918e-07  1.12686e-22  2.87539e-07 -6.30034e-23  7.52775e-08  5.19259e-23  1.06529e-08  1.04869e-23  6.75362e-10 -3.81361e-24  5.54505e-12
-6.43638e-18    0.0152104    2.601e-17   -0.0442843   -1.995e-17    0.0529385 -2.25501e-17   -0.0168997  3.87536e-17   -0.0219521 -7.36225e-18    0.0150009  2.05338e-18     0.010842 -9.87822e-18  -0.00851126  3.33618e-19  -0.00661347  2.78382e-19   0.00368307  8.61273e-18   0.00419003 -2.34005e-19 -0.000877273 -6.74184e-18  -0.00231674 -1.77314e-19 -0.000317863  3.27233e-18  0.000948644  2.61658e-19  0.000501891 -9.11171e-19 -0.000188785 -2.57309e-19 -0.000280614  6.49647e-20 -6.02958e-05  4.76728e-20  6.72322e-05  6.52686e-20  5.32089e-05  2.85965e-20  8.67989e-06 -1.58605e-20 -8.81389e-06  -9.0576e-21 -6.62963e-06 -3.01289e-21 -1.92775e-06 -2.58704e-22 -4.97297e-08 -6.27191e-22  1.63537e-07 -2.45174e-22  6.17197e-08  3.08047e-23  1.08729e-08  8.11135e-24  8.72415e-10 -2.24639e-24
 -0.00160609 -1.94243e-17    0.0125573  4.20696e-17   -0.0329809 -2.25501e-17    0.0375031 -1.96589e-17  -0.00768611  1.80205e-17   -0.0210109  1.00858e-17   0.00987358  1.08423e-18    0.0122167 -5.99439e-18  -0.00584381 -5.12584e-18  -0.00774097 -2.57052e-18   0.00211491  1.16175e-17   0.00471504  2.09617e-18  8.90252e-05 -7.12222e-18  -0.00238843  -1.5328e-18 -0.000844538  3.05988e-18  0.000812396  8.46439e-19  0.000704389 -5.59859e-19  -4.2513e-05 -3.79777e-19 -0.000301826 -8.81093e-20 -0.000130168 -6.12422e-21  3.84969e-05   9.5409e-20  6.14786e-05  4.68203e-20  2.25617e-05 -1.09248e-21 -2.69898e-06  -5.7924e-21 -6.16379e-06 -3.29602e-21 -2.82386e-06 -1.43556e-21 -6.25474e-07 -1.47588e-21 -3.35423e-08 -4.60963e-22  1.74738e-08  3.59636e-24  4.20853e-09  3.48795e-24  2.63909e-10
 7.44833e-18   0.00384094  -3.4395e-17  -0.00161094  4.82341e-17   -0.0168997 -1.96589e-17    0.0279737 -1.25319e-17  -0.00527857 -2.78202e-18   -0.0192007  1.32373e-17   0.00687694  4.13916e-18     0.012616  5.39704e-19  -0.00372566 -1.11529e-17   -0.0082478 -6.57013e-18  0.000677126  1.29772e-17    0.0048655  4.62341e-18    0.0009913 -7.02839e-18  -0.00224494 -2.59808e-18  -0.00129902  2.46896e-18  0.000573839  1.23891e-18  0.000835943  -1.6524e-19  0.000129524 -3.36436e-19 -0.000276938 -2.33219e-19 -0.000189088 -9.51455e-20 -4.19625e-06  8.38865e-20  5.70034e-05  5.93096e-20  3.33257e-05  2.13306e-20  5.40014e-06  3.14197e-21 -3.47025e-06 -2.39318e-22 -2.62904e-06 -1.66805e-21 -8.63109e-07 -1.86007e-21 -1.58315e-07 -5.22749e-22 -1.46504e-08  2.91964e-24 -3.58912e-10  2.11545e-24
 -0.00338591  1.65062e-17    0.0149842  -4.0142e-17   -0.0162079  3.87536e-17  -0.00768611 -1.25319e-17    0.0248277 -3.40014e-18  -0.00425974  -1.3873e-17   -0.0183693  5.11371e-18   0.00467751  8.44115e-18    0.0127546  8.38276e-18  -0.00189069 -1.58752e-17  -0.00838547 -1.01358e-17 -0.000631877  1.29136e-17   0.00474426  6.35968e-18   0.00179226 -6.48031e-18   -0.0019414  -3.2414e-18  -0.00165585  1.61734e-18  0.000268733  1.36687e-18  0.000887983   2.4184e-19  0.000303996 -1.32283e-19 -0.000209878 -3.39187e-19 -0.000226208 -2.02617e-19 -5.28247e-05  2.61139e-20  3.96597e-05  5.90737e-20  3.73783e-05  4.14302e-20   1.2801e-05  1.53518e-20  4.97917e-07  5.55918e-21 -1.41133e-06 -4.04526e-22 -6.52303e-07 -1.55225e-21 -1.47325e-07 -3.75606e-22 -1.74139e-08  1.70613e-23  -7.4758e-10
-5.10973e-18  -0.00804167  2.11433e-17    0.0226116  -2.9291e-17   -0.0219521  1.80205e-17  -0.00527857 -3.40014e-18    0.0231717  4.97116e-18  -0.00284486  -1.4973e-17   -0.0176138 -5.28561e-18   0.00274851  1.23418e-17    0.0125905  1.46805e-17  -0.00028329  -1.8279e-17  -0.00823401 -1.22917e-17  -0.00178477  1.22154e-17   0.00442146  7.21507e-18   0.00246731 -5.46332e-18  -0.00152506 -3.56696e-18  -0.00190286  6.03733e-19 -7.09872e-05  1.21817e-18  0.000860281  6.77993e-19   0.00046075  1.94169e-19 -0.000109318  -3.7039e-19 -0.000234419 -3.07038e-19 -9.81832e-05 -6.66985e-20  1.23835e-05  3.97089e-20  3.28257e-05   4.8214e-20  1.67832e-05  2.52739e-20  4.06177e-06  1.14087e-20  1.35471e-07  1.56646e-21 -2.15068e-07 -9.05045e-22 -6.30691e-08 -1.65953e-22 -6.87709e-09  1.59823e-23
 0.000945922 -9.63242e-18  -0.00804461  1.71058e-17    0.0212371 -7.36225e-18   -0.0210109 -2.78202e-18  -0.00425974  4.97116e-18    0.0210919  9.65714e-18  -0.00167526 -1.21743e-17   -0.0167025  -1.2685e-17   0.00120937  1.60231e-17    0.0122178  1.82148e-17   0.00107322 -1.87954e-17  -0.00789287  -1.3316e-17  -0.00277351  1.13084e-17   0.00395945  7.71161e-18   0.00301017 -3.89077e-18  -0.00103486 -3.70098e-18  -0.00203757 -5.34732e-19  -0.00041815  7.91054e-19  0.000758288  1.11429e-18  0.000583231  5.83839e-19  1.27384e-05 -2.96073e-19  -0.00021076 -3.79146e-19 -0.000131235  -1.6628e-19 -1.92536e-05  5.03158e-22  2.02262e-05  3.58793e-20  1.56781e-05  2.71368e-20  5.62633e-06  1.41504e-20  1.13933e-06  2.73163e-21  1.10548e-07 -4.41811e-22 -2.58569e-10 -5.04827e-23 -5.66126e-10
 3.52442e-18  -0.00178441 -1.23256e-17  -0.00147616   8.4323e-18    0.0150009  1.00858e-17   -0.0192007  -1.3873e-17  -0.00284486  9.65714e-18    0.0193653  1.10294e-17 -0.000978028 -1.11838e-17   -0.0158709 -1.72269e-17 -7.02914e-06  1.98226e-17     0.011765  2.00011e-17   0.00222513 -1.83937e-17  -0.00743291 -1.40738e-17  -0.00361307   9.9924e-18   0.00340061  8.26282e-18    0.0034231 -1.77074e-18 -0.000500709 -3.61712e-18  -0.00206228 -1.76308e-18 -0.000749661  1.14106e-19  0.000591373  1.44241e-18  0.000658505  9.58569e-19  0.000141984 -1.11939e-19 -0.000156711 -3.86693e-19 -0.000144508  -2.3429e-19 -4.79375e-05 -4.78471e-20  2.86987e-06  8.61742e-21  9.84654e-06  1.95936e-20  4.66798e-06  1.26169e-20  1.20261e-06  2.35497e-21   1.7852e-07 -3.05657e-22  1.28578e-08 -2.78014e-23
  0.00171173  7.02421e-18   -0.0074835 -1.29611e-17   0.00638996  2.05338e-18   0.00987358  1.32373e-17   -0.0183693  -1.4973e-17  -0.00167526  1.10294e-17    0.0181407  1.18501e-17 -0.000429057 -1.38944e-17   -0.0151598 -2.10112e-17   -0.0010259  2.31665e-17    0.0112701  2.15406e-17   0.00321623 -1.76275e-17  -0.00688974 -1.51424e-17  -0.00431754  7.85185e-18   0.00277368  8.85274e-18   0.00371021  6.80432e-19  5.32222e-05 -3.17631e-18  -0.00198195 -2.95642e-18  -0.00104545 -7.12899e-19  0.000372093  1.52919e-18   0.00067743  1.23233e-18  0.000262712  1.43694e-19 -7.83916e-05 -3.08853e-19 -0.000133584 -2.38504e-19 -6.60925e-05 -8.42385e-20  -1.3761e-05 -2.03244e-20  1.92866e-06  7.66128e-21  2.16956e-06  8.59641e-21  6.53912e-07  1.12632e-21  9.54446e-08 -2.67449e-22   4.9607e-09
-1.72621e-18   0.00377712  8.67335e-18   -0.0114869 -1.20206e-17     0.010842  1.08423e-18   0.00687694  5.11371e-18   -0.0176138 -1.21743e-17 -0.000978028  1.18501e-17    0.0171398  1.46995e-17  4.52403e-05 -1.94858e-17   -0.0145112 -2.51623e-17  -0.00189189  2.52707e-17    0.0107478  2.34809e-17   0.00407231 -1.64044e-17  -0.00628793 -1.64885e-17  -0.00489894  4.77109e-18   0.00210014  9.15811e-18   0.00387627  3.12216e-18  0.000606535 -2.27807e-18  -0.00180344 -3.88253e-18  -0.00128787 -1.53204e-18  0.000115896  1.29706e-18  0.000635081  1.33322e-18   0.00035887  3.95647e-19  1.34893e-05 -1.51094e-19 -9.86188e-05 -1.68696e-19 -6.80174e-05 -8.81378e-20 -2.37631e-05 -3.63747e-20 -4.31977e-06 -9.00071e-22 -1.08249e-07  5.00896e-21  1.17279e-07  2.21957e-22  1.91148e-08 -1.51197e-22
-0.000192942 -2.08435e-18   0.00328691  7.38841e-18   -0.0111986 -9.87822e-18    0.0122167  4.13916e-18   0.00467751 -5.28561e-18   -0.0167025 -1.11838e-17 -0.000429057  1.46995e-17    0.0162686  2.01282e-17  0.000427402 -2.60014e-17   -0.0139231 -2.94961e-17  -0.00263489  2.58944e-17    0.0102154  2.55491e-17   0.00481648 -1.43402e-17  -0.00564428  -1.7618e-17  -0.00536822  1.12583e-18   0.00139584  8.80804e-18   0.00392584  5.23794e-18   0.00114126 -9.71517e-19  -0.00153524 -4.29278e-18  -0.00146128 -2.18834e-18 -0.000158947  7.69391e-19  0.000531443  1.22181e-18   0.00041546  5.61457e-19  0.000104189  5.02196e-20 -4.55962e-05  -4.3203e-20 -5.25177e-05 -5.46144e-20 -2.37374e-05 -3.35269e-20 -6.37558e-06 -2.00734e-21 -1.03785e-06  3.26495e-21 -9.04593e-08  5.56523e-23 -2.65329e-09
-1.75537e-19    0.0014516  -9.1382e-19 -0.000230533  4.38538e-18  -0.00851126 -5.99439e-18     0.012616  8.44115e-18   0.00274851  -1.2685e-17   -0.0158709 -1.38944e-17  4.52403e-05  2.01282e-17    0.0155448  2.70056e-17  0.000745394 -3.13808e-17   -0.0133978 -3.32175e-17  -0.00328629  2.52308e-17   0.00968047  2.70623e-17    0.0054683  -1.1202e-17  -0.00496848 -1.79236e-17   -0.0057339 -2.45624e-18  0.000672975   7.5888e-18   0.00386266  6.79917e-18   0.00164064  5.47645e-19  -0.00118762 -4.04629e-18  -0.00155209 -2.58412e-18  -0.00043137  6.39564e-20  0.000372365  9.01137e-19  0.000420511    5.882e-19  0.000176392  2.37746e-19  1.32565e-05  9.61787e-20  -2.5028e-05 -1.24542e-21 -1.52968e-05 -1.82439e-20 -4.65974e-06  1.90123e-21 -8.12418e-07  2.70467e-21 -6.95579e-08  1.61525e-22
-0.000844732 -6.90642e-19   0.00413348  5.78149e-19  -0.00417125  3.33618e-19  -0.00584381  5.39704e-19    0.0127546  1.23418e-17   0.00120937 -1.72269e-17   -0.0151598 -1.94858e-17  0.000427402  2.70056e-17    0.0149372  3.34748e-17   0.00102275 -3.42989e-17   -0.0129246 -3.54291e-17  -0.00386823  2.34517e-17    0.0091452  2.74303e-17   0.00604241 -7.13583e-18  -0.00426623 -1.70163e-17  -0.00600189 -5.50389e-18 -5.82672e-05  5.54002e-18   0.00368971   7.6527e-18   0.00208816  2.03167e-18 -0.000773202 -3.17771e-18  -0.00154909  -2.6917e-18 -0.000677706 -6.51804e-19  0.000170662  4.23038e-19  0.000367721  4.72929e-19  0.000213046  3.54345e-19  6.12064e-05  1.99931e-19  3.13813e-06  4.16672e-20 -4.46149e-06 -3.23137e-21 -1.76577e-06  5.29879e-21 -2.94646e-07  2.11437e-21  -1.6847e-08
 2.85736e-19  -0.00146769 -3.86416e-19   0.00563462  1.21747e-18  -0.00661347 -5.12584e-18  -0.00372566  8.38276e-18    0.0125905  1.60231e-17 -7.02914e-06 -2.10112e-17   -0.0145112 -2.60014e-17  0.000745394  3.34748e-17    0.0144175  3.78198e-17   0.00126805 -3.45451e-17   -0.0124968 -3.55663e-17  -0.00439674  2.05288e-17    0.0086101   2.6428e-17   0.00655015 -2.62377e-18  -0.00354061 -1.48764e-17  -0.00617569 -7.88643e-18 -0.000788606  2.94387e-18   0.00340945  7.72364e-18   0.00246692  3.28366e-18 -0.000307688  -1.8889e-18  -0.00144439 -2.53129e-18 -0.000872303 -1.21799e-18 -5.29096e-05 -1.14197e-19  0.000259707  2.56472e-19  0.000202321  3.67626e-19  8.27148e-05  2.33633e-19   2.0292e-05  5.24289e-20  2.65806e-06  3.01184e-21  6.34295e-08  5.03084e-21 -2.18022e-08  1.11171e-21
-0.000131071  2.16923e-19 -0.000707613  1.50294e-18   0.00516227  2.78382e-19  -0.00774097 -1.11529e-17  -0.00189069  1.46805e-17    0.0122178  1.98226e-17   -0.0010259 -2.51623e-17   -0.0139231 -3.13808e-17   0.00102275  3.78198e-17    0.0139751  3.91663e-17   0.00148938 -3.26642e-17   -0.0121097  -3.3739e-17  -0.00488508  1.63868e-17   0.00807374  2.41931e-17   0.00700006   1.7614e-18  -0.00279284  -1.1812e-17  -0.00625645 -9.66498e-18  -0.00150867  2.34558e-19   0.00302423  7.06111e-18   0.00275915  4.19789e-18  0.000189133 -4.83293e-19  -0.00123488 -2.13966e-18 -0.000988982 -1.52651e-18 -0.000269401  -5.8891e-19  0.000111678  2.77083e-21  0.000144922  2.87757e-19   7.2405e-05  1.96573e-19  2.19324e-05  3.28798e-20  4.18158e-06  7.88049e-22  4.55987e-07  2.25845e-21  1.89552e-08
-4.77601e-19  -0.00104007 -3.49367e-19   0.00121535  4.80813e-18   0.00368307 -2.57052e-18   -0.0082478 -1.58752e-17  -0.00028329  1.82148e-17     0.011765  2.31665e-17  -0.00189189 -2.94961e-17   -0.0133978 -3.42989e-17   0.00126805  3.91663e-17    0.0135989  3.76849e-17   0.00169413 -2.92946e-17   -0.0117577 -3.06457e-17  -0.00534383  1.11959e-17   0.00753337  2.10827e-17   0.00739814  5.61599e-18  -0.00202304 -8.34144e-18  -0.00624306 -1.08552e-17  -0.00220814 -2.13915e-18   0.00253699  5.86176e-18   0.00294606  4.73208e-18  0.000692312   7.4337e-19 -0.000924544  -1.5516e-18  -0.00100385 -1.53616e-18 -0.000442726 -8.94866e-19 -4.56593e-05   -2.178e-19  6.01128e-05  1.66296e-19  4.06627e-05  1.20772e-19   1.3333e-05  3.24677e-21  2.49321e-06  -4.2247e-21  2.28672e-07  6.66249e-23
  0.00033628 -1.53698e-18  -0.00208498 -1.10887e-18   0.00306451  8.61273e-18   0.00211491 -6.57013e-18  -0.00838547  -1.8279e-17   0.00107322  2.00011e-17    0.0112701  2.52707e-17  -0.00263489 -3.32175e-17   -0.0129246 -3.45451e-17   0.00148938  3.76849e-17    0.0132797  3.42324e-17   0.00188745 -2.48475e-17   -0.0114364 -2.71055e-17  -0.00578147  5.56285e-18   0.00698539  1.75678e-17   0.00774817  8.76687e-18  -0.00123076 -5.06294e-18  -0.00613225 -1.13606e-17  -0.00287485  -3.8664e-18   0.00195217  4.40916e-18   0.00300807  4.86231e-18   0.00117062  1.62031e-18 -0.000527526 -8.00946e-19 -0.000899766 -1.26091e-18 -0.000533538 -9.73029e-19 -0.000169106 -3.40704e-19  -1.8253e-05   6.8308e-20  7.90387e-06  4.85602e-20  3.88261e-06 -1.63386e-20  7.00509e-07 -6.57878e-21  4.20787e-08
 9.45638e-19  0.000349888 -3.13168e-18  -0.00236844 -1.32352e-18   0.00419003  1.16175e-17  0.000677126 -1.01358e-17  -0.00823401 -1.87954e-17   0.00222513  2.15406e-17    0.0107478  2.58944e-17  -0.00328629 -3.54291e-17   -0.0124968 -3.26642e-17   0.00169413  3.42324e-17    0.0130111  2.98289e-17    0.0020736 -1.96595e-17   -0.0111416 -2.36452e-17  -0.00620504  3.92245e-19   0.00642537  1.41733e-17    0.0080518  1.11295e-17  -0.00041545 -2.47775e-18  -0.00591869 -1.10924e-17  -0.00349397 -4.88438e-18   0.00127705  2.95103e-18   0.00292563  4.57385e-18   0.00158565  2.15321e-18 -7.16529e-05   6.6036e-20 -0.000673015 -7.53916e-19 -0.000510417 -8.26109e-19 -0.000219187 -3.28865e-19 -5.99592e-05  3.16086e-20 -1.00779e-05  7.36254e-21 -8.64215e-07 -1.90926e-20 -1.47953e-08 -4.59226e-21
 0.000167015  2.03572e-18 -0.000271536 -4.72066e-18   -0.0018078 -2.34005e-19   0.00471504  1.29772e-17 -0.000631877 -1.22917e-17  -0.00789287 -1.83937e-17   0.00321623  2.34809e-17    0.0102154  2.52308e-17  -0.00386823 -3.55663e-17   -0.0121097 -2.92946e-17   0.00188745  2.98289e-17    0.0127878  2.53157e-17   0.00225632 -1.42695e-17   -0.0108695  -2.0439e-17  -0.00662043 -3.55426e-18    0.0058482   1.1361e-17   0.00830864  1.25869e-17  0.000423092 -7.86241e-19  -0.00559516 -1.01186e-17  -0.00404701 -5.37129e-18  0.000523434  1.59975e-18   0.00268072  3.89389e-18   0.00189214  2.46378e-18  0.000398089  9.73568e-19 -0.000344999 -1.11737e-19 -0.000371441 -5.23265e-19 -0.000185908 -1.98941e-19 -5.85691e-05  4.76531e-20 -1.18619e-05  2.55266e-22 -1.39785e-06 -1.12343e-20 -6.37234e-08
 -2.2794e-19  0.000560716  2.56803e-18  -0.00120784 -5.93478e-18 -0.000877273  2.09617e-18    0.0048655  1.29136e-17  -0.00178477  -1.3316e-17  -0.00743291 -1.76275e-17   0.00407231  2.55491e-17   0.00968047  2.34517e-17  -0.00439674  -3.3739e-17   -0.0117577 -2.48475e-17    0.0020736  2.53157e-17    0.0126057  2.12044e-17   0.00243884 -9.42922e-18   -0.0106164 -1.75247e-17  -0.00703265 -6.04965e-18   0.00524809  9.36646e-18   0.00851614  1.30611e-17   0.00128418  1.95794e-19  -0.00515271 -8.71082e-18  -0.00451094 -5.61171e-18 -0.000290069  3.23004e-19   0.00226032  2.91838e-18   0.00204018  2.65755e-18  0.000814893  1.79594e-18  2.27667e-05  5.07841e-19 -0.000163548 -1.87136e-19 -0.000101373 -2.14613e-20 -3.31125e-05  8.08193e-20  -6.2901e-06  1.17685e-20 -5.90163e-07 -3.24366e-21
-8.00515e-05   2.4719e-19  0.000822334  2.19142e-18  -0.00194687 -6.74184e-18  8.90252e-05  4.62341e-18   0.00474426  1.22154e-17  -0.00277351 -1.40738e-17  -0.00688974 -1.64044e-17   0.00481648  2.70623e-17    0.0091452  2.05288e-17  -0.00488508 -3.06457e-17   -0.0114364 -1.96595e-17   0.00225632  2.12044e-17    0.0124618  1.76573e-17   0.00262411 -5.76783e-18    -0.010379 -1.50305e-17  -0.00744598 -7.40101e-18   0.00461846  8.13886e-18   0.00866937  1.26898e-17   0.00216562  8.86331e-19  -0.00458114 -7.25428e-18  -0.00485727 -5.83162e-18   -0.0011346 -9.80642e-19   0.00166178  1.77592e-18   0.00197838   2.7136e-18   0.00108859  2.34909e-18  0.000328864  9.05043e-19  2.83853e-05  5.68144e-20 -1.94444e-05  1.18961e-19 -8.81522e-06  1.00184e-19 -1.57427e-06  2.05197e-20   -9.476e-08
-3.68199e-19  4.99431e-05   1.3033e-18  0.000682473  1.16285e-18  -0.00231674 -7.12222e-18    0.0009913  6.35968e-18   0.00442146  1.13084e-17  -0.00361307 -1.51424e-17  -0.00628793 -1.43402e-17    0.0054683  2.74303e-17    0.0086101  1.63868e-17  -0.00534383 -2.71055e-17   -0.0111416 -1.42695e-17   0.00243884  1.76573e-17    0.0123539  1.46325e-17   0.00281498 -3.43333e-18   -0.0101539 -1.32202e-17  -0.00786411 -8.08785e-18   0.00395193  7.46036e-18   0.00876081  1.18911e-17   0.00306281  1.64714e-18  -0.00386983 -6.05978e-18   -0.0050508 -6.11581e-18  -0.00196674 -2.38619e-18  0.000898489  5.39826e-19   0.00166248  2.48306e-18   0.00112703  2.44234e-18  0.000472596  9.33342e-19  0.000131041  1.46283e-19  2.32259e-05  1.71587e-19  2.30598e-06  9.29298e-20   8.5994e-08  1.49225e-20
-9.69886e-05 -8.31751e-19  0.000394598  2.36608e-18  0.000231942 -1.77314e-19  -0.00238843 -7.02839e-18   0.00179226  7.21507e-18   0.00395945   9.9924e-18  -0.00431754 -1.64885e-17  -0.00564428  -1.1202e-17   0.00604241   2.6428e-17   0.00807374  1.11959e-17  -0.00578147 -2.36452e-17   -0.0108695 -9.42922e-18   0.00262411  1.46325e-17    0.0122803   1.2141e-17   0.00301431 -2.11212e-18   -0.0099375 -1.23519e-17  -0.00829023 -8.40725e-18   0.00324022  7.12869e-18   0.00877974  1.12198e-17   0.00396744  2.60464e-18  -0.00300852  -5.1714e-18  -0.00504882 -6.41812e-18  -0.00272627 -3.88129e-18  9.33052e-06 -7.98286e-19   0.00108677  1.83376e-18  0.000895369  2.00569e-18  0.000422246  6.12279e-19  0.000131586  1.00968e-19  2.69439e-05  1.38102e-19  3.25147e-06  6.29597e-20  1.52978e-07
 7.17778e-21 -0.000205708 -1.03134e-18  0.000748735  3.04606e-18 -0.000317863  -1.5328e-18  -0.00224494 -6.48031e-18   0.00246731  7.71161e-18   0.00340061  7.85185e-18  -0.00489894  -1.7618e-17  -0.00496848 -7.13583e-18   0.00655015  2.41931e-17   0.00753337  5.56285e-18  -0.00620504  -2.0439e-17   -0.0106164 -5.76783e-18   0.00281498   1.2141e-17    0.0122402  1.04018e-17   0.00322503 -1.42609e-18  -0.00972614 -1.24974e-17  -0.00872692 -8.44145e-18   0.00247399  7.02475e-18   0.00871153  1.10967e-17   0.00486637  3.72511e-18  -0.00198903 -4.30609e-18  -0.00480422 -6.58951e-18  -0.00333321 -5.32528e-18  -0.00091446 -2.19224e-18  0.000340115  8.57803e-19  0.000476247  1.19284e-18  0.000247131  1.30786e-19  7.63917e-05 -1.80632e-20  1.42302e-05  6.17468e-20  1.32939e-06   2.7151e-20
 -8.2086e-06 -2.74177e-19 -0.000188284 -8.38259e-19  0.000941182  3.27233e-18 -0.000844538 -2.59808e-18   -0.0019414 -5.46332e-18   0.00301017  8.26282e-18   0.00277368  4.77109e-18  -0.00536822 -1.79236e-17  -0.00426623 -2.62377e-18   0.00700006  2.10827e-17   0.00698539  3.92245e-19  -0.00662043 -1.75247e-17    -0.010379 -3.43333e-18   0.00301431  1.04018e-17    0.0122334  9.73241e-18   0.00345033 -1.26648e-18   -0.0095157 -1.34643e-17  -0.00917624 -8.29819e-18   0.00164256  7.02964e-18   0.00853732  1.15776e-17   0.00573971  5.01274e-18 -0.000811563 -3.00464e-18  -0.00426957 -6.37591e-18  -0.00367284 -6.40004e-18   -0.0016943 -3.34837e-18 -0.000369867 -7.85304e-20  5.29112e-05  3.23983e-19  6.79984e-05 -2.87473e-19  2.29376e-05  -1.4557e-19    3.744e-06  2.79244e-22  2.16618e-07
 1.81949e-19 -0.000100134 -7.14925e-19 -9.52547e-06 -3.57666e-19  0.000948644  3.05988e-18  -0.00129902  -3.2414e-18  -0.00152506 -3.89077e-18    0.0034231  8.85274e-18   0.00210014  1.12583e-18   -0.0057339 -1.70163e-17  -0.00354061   1.7614e-18   0.00739814  1.75678e-17   0.00642537 -3.55426e-18  -0.00703265 -1.50305e-17   -0.0101539 -2.11212e-18   0.00322503  9.73241e-18    0.0122601  1.02631e-17   0.00369379 -1.70681e-18  -0.00930152  -1.4853e-17  -0.00963968 -8.28937e-18  0.000734417  6.91744e-18   0.00823328  1.23101e-17   0.00655474   6.5794e-18  0.000508538 -8.95871e-19  -0.00339151 -5.43346e-18  -0.00358506 -6.63913e-18   -0.0020876 -3.76395e-18  -0.00079955 -5.75734e-19 -0.000203724 -3.06685e-19 -3.20625e-05 -5.17825e-19 -2.44722e-06 -2.16874e-19 -7.39498e-09 -1.39017e-20
 3.19292e-05  3.50198e-19 -0.000226321 -1.04708e-18  0.000248943  2.61658e-19  0.000812396  2.46896e-18  -0.00165585 -3.56696e-18  -0.00103486 -1.77074e-18   0.00371021  9.15811e-18   0.00139584 -2.45624e-18  -0.00600189 -1.48764e-17  -0.00279284  5.61599e-18   0.00774817  1.41733e-17    0.0058482 -6.04965e-18  -0.00744598 -1.32202e-17   -0.0099375 -1.42609e-18   0.00345033  1.02631e-17    0.0123214  1.17361e-17   0.00395949 -2.64182e-18   -0.0090783 -1.62064e-17   -0.0101173 -8.80918e-18 -0.000262538  6.34904e-18   0.00776627  1.27341e-17   0.00726086  8.52509e-18   0.00194443  2.12056e-18  -0.00211516 -3.47705e-18  -0.00292535 -5.67533e-18  -0.00192537 -3.10168e-18 -0.000831392 -5.20148e-19 -0.000247941 -5.71038e-19 -4.96484e-05 -5.47095e-19 -5.93832e-06 -1.89685e-19   -2.796e-07
 1.08368e-20  3.38563e-05  3.75866e-19 -0.000300104 -1.11011e-18  0.000501891  8.46439e-19  0.000573839  1.61734e-18  -0.00190286 -3.70098e-18 -0.000500709  6.80432e-19   0.00387627  8.80804e-18  0.000672975 -5.50389e-18  -0.00617569  -1.1812e-17  -0.00202304  8.76687e-18    0.0080518   1.1361e-17   0.00524809 -7.40101e-18  -0.00786411 -1.23519e-17  -0.00972614 -1.26648e-18   0.00369379  1.17361e-17    0.0124191  1.35752e-17   0.00425206  -3.6086e-18  -0.00883911 -1.71843e-17   -0.0106072 -1.00395e-17  -0.00136395  4.98054e-18   0.00709201  1.24234e-17   0.00779698  1.07886e-17   0.00345091  5.80785e-18 -0.000460656 -6.04073e-19  -0.00172388 -3.60835e-18  -0.00128026 -1.56239e-18 -0.000564463 -1.13198e-19  -0.00016233   -4.966e-19 -2.91485e-05   -4.237e-19 -2.67323e-06 -9.02072e-20
 1.67442e-05  1.09864e-19 -2.32934e-05  2.28023e-19 -0.000283511 -9.11171e-19  0.000704389  1.23891e-18  0.000268733  6.03733e-19  -0.00203757 -3.61712e-18  5.32222e-05  3.12216e-18   0.00392584   7.5888e-18 -5.82672e-05 -7.88643e-18  -0.00625645 -8.34144e-18  -0.00123076  1.11295e-17   0.00830864  9.36646e-18   0.00461846 -8.08785e-18  -0.00829023 -1.24974e-17   -0.0095157 -1.70681e-18   0.00395949  1.35752e-17    0.0125555  1.51798e-17   0.00457754 -4.02525e-18  -0.00857472 -1.76807e-17   -0.0111078  -1.1826e-17  -0.00258867  2.61811e-18   0.00616729  1.13039e-17   0.00808936  1.30515e-17   0.00489107  9.50512e-18   0.00133171  2.43941e-18 -0.000307694  -1.1035e-18 -0.000476176  1.97579e-19 -0.000228699  3.97597e-19 -6.17251e-05 -2.12073e-19 -9.13772e-06 -2.34565e-19 -5.02627e-07
-5.61936e-20  4.93735e-05  2.20564e-19 -0.000120461 -2.05046e-20 -0.000188785 -5.59859e-19  0.000835943  1.36687e-18 -7.09872e-05 -5.34732e-19  -0.00206228 -3.17631e-18  0.000606535  5.23794e-18   0.00386266  5.54002e-18 -0.000788606 -9.66498e-18  -0.00624306 -5.06294e-18  -0.00041545  1.25869e-17   0.00851614  8.13886e-18   0.00395193 -8.40725e-18  -0.00872692 -1.34643e-17  -0.00930152 -2.64182e-18   0.00425206  1.51798e-17    0.0127345  1.62327e-17   0.00494399 -3.61855e-18  -0.00827616 -1.78004e-17   -0.0116168 -1.38697e-17  -0.00394351 -7.01831e-19    0.0049529  9.49029e-18   0.00798922  1.46281e-17   0.00592589  1.20726e-17   0.00276039  4.47981e-18  0.000812645  1.00206e-18  0.000121222  1.56922e-18 -6.47485e-06  8.87876e-19 -6.24745e-06  7.73521e-20 -9.02219e-07 -7.81778e-20
-2.89236e-06 -7.88839e-20  6.93799e-05  2.55323e-19 -0.000215941 -2.57309e-19  -4.2513e-05  -1.6524e-19  0.000887983  1.21817e-18  -0.00041815 -1.76308e-18  -0.00198195 -2.27807e-18   0.00114126  6.79917e-18   0.00368971  2.94387e-18  -0.00150867 -1.08552e-17  -0.00613225 -2.47775e-18  0.000423092  1.30611e-17   0.00866937  7.46036e-18   0.00324022 -8.44145e-18  -0.00917624  -1.4853e-17   -0.0090783  -3.6086e-18   0.00457754  1.62327e-17    0.0129619  1.68194e-17   0.00535866 -2.59121e-18  -0.00793352 -1.76892e-17   -0.0121152 -1.60243e-17   -0.0054184 -4.84268e-18   0.00336003  6.83664e-18   0.00719829  1.44826e-17   0.00605907  1.22358e-17   0.00330256  4.70605e-18   0.00127094  2.24849e-18  0.000347901  2.35339e-18  6.49823e-05  1.23624e-18  7.34287e-06  1.85488e-19  3.31278e-07
-3.51544e-21  1.10316e-05 -4.59198e-20  5.46214e-05  1.93009e-19 -0.000280614 -3.79777e-19  0.000129524   2.4184e-19  0.000860281  7.91054e-19 -0.000749661 -2.95642e-18  -0.00180344 -9.71517e-19   0.00164064   7.6527e-18   0.00340945  2.34558e-19  -0.00220814 -1.13606e-17  -0.00591869 -7.86241e-19   0.00128418  1.26898e-17   0.00876081  7.12869e-18   0.00247399 -8.29819e-18  -0.00963968 -1.62064e-17  -0.00883911 -4.02525e-18   0.00494399  1.68194e-17    0.0132427  1.72972e-17   0.00582906 -1.32112e-18  -0.00751997 -1.73707e-17   -0.0125627 -1.84396e-17  -0.00703661 -9.83555e-18   0.00120108  2.80102e-18   0.00538002  1.17293e-17   0.00497019  9.44252e-18   0.00280985   3.3584e-18   0.00109195  2.68901e-18  0.000292281  2.61787e-18  5.02537e-05  1.24405e-18  4.49286e-06  9.93485e-20
-6.47208e-06 -3.03061e-20  3.88789e-05  1.40867e-20  6.61196e-06  6.49647e-20 -0.000301826 -3.36436e-19  0.000303996  6.77993e-19  0.000758288  1.14106e-19  -0.00104545 -3.88253e-18  -0.00153524  5.47645e-19   0.00208816  7.72364e-18   0.00302423 -2.13915e-18  -0.00287485 -1.10924e-17  -0.00559516  1.95794e-19   0.00216562  1.18911e-17   0.00877974  7.02475e-18   0.00164256 -8.28937e-18   -0.0101173 -1.71843e-17  -0.00857472 -3.61855e-18   0.00535866  1.72972e-17    0.0135815   1.8037e-17   0.00637859  9.10723e-20  -0.00698893 -1.68236e-17    -0.012949 -2.14915e-17  -0.00889077 -1.58493e-17  -0.00166022 -2.88052e-18   0.00253559  6.48789e-18   0.00290318  4.56276e-18   0.00166941  1.47886e-18   0.00061513  2.53649e-18  0.000146467  2.40206e-18  2.02365e-05  8.44275e-19   1.0705e-06
 3.05432e-21 -1.00278e-05 -4.97961e-20  6.53077e-05  5.40264e-20 -6.02958e-05 -8.81093e-20 -0.000276938 -1.32283e-19   0.00046075  1.11429e-18  0.000591373 -7.12899e-19  -0.00128787 -4.29278e-18  -0.00118762  2.03167e-18   0.00246692  7.06111e-18   0.00253699  -3.8664e-18  -0.00349397 -1.01186e-17  -0.00515271  8.86331e-19   0.00306281  1.12198e-17   0.00871153  7.02964e-18  0.000734417 -8.80918e-18   -0.0106072 -1.76807e-17  -0.00827616 -2.59121e-18   0.00582906   1.8037e-17    0.0139988   1.9233e-17   0.00704828  1.85658e-18  -0.00632652 -1.62653e-17   -0.0133237 -2.54499e-17   -0.0109759 -2.25245e-17  -0.00493374 -9.21962e-18 -0.000682256  2.16919e-19  0.000661254 -4.98175e-19  0.000528563 -1.32729e-19  0.000196128  1.88368e-18  4.09927e-05  1.75042e-18  4.15524e-06  2.80208e-19
-2.25394e-06  2.02479e-21 -3.27553e-06 -3.49516e-20  7.65736e-05  4.76728e-20 -0.000130168 -2.33219e-19 -0.000209878  1.94169e-19  0.000583231  1.44241e-18  0.000372093 -1.53204e-18  -0.00146128 -4.04629e-18 -0.000773202  3.28366e-18   0.00275915  5.86176e-18   0.00195217 -4.88438e-18  -0.00404701 -8.71082e-18  -0.00458114  1.64714e-18   0.00396744  1.10967e-17   0.00853732  6.91744e-18 -0.000262538 -1.00395e-17   -0.0111078 -1.78004e-17  -0.00793352 -1.32112e-18   0.00637859   1.9233e-17    0.0145319  2.08695e-17   0.00784308  4.06296e-18  -0.00557982 -1.61056e-17   -0.0136244 -2.97971e-17   -0.0128389 -2.81686e-17  -0.00769999 -1.39982e-17  -0.00318152 -5.10417e-18  -0.00089708 -4.22646e-18 -0.000158609 -1.52631e-18 -1.30955e-05  9.07753e-19  3.78707e-07  8.85803e-19   9.3409e-08
  5.0216e-21 -7.90991e-06 -1.26235e-21  1.40148e-05  1.20726e-20  6.72322e-05 -6.12422e-21 -0.000189088 -3.39187e-19 -0.000109318  5.83839e-19  0.000658505  1.52919e-18  0.000115896 -2.18834e-18  -0.00155209 -3.17771e-18 -0.000307688  4.19789e-18   0.00294606  4.40916e-18   0.00127705 -5.37129e-18  -0.00451094 -7.25428e-18  -0.00386983  2.60464e-18   0.00486637  1.15776e-17   0.00823328  6.34904e-18  -0.00136395  -1.1826e-17   -0.0116168 -1.76892e-17  -0.00751997  9.10723e-20   0.00704828  2.08695e-17    0.0151805  2.28438e-17   0.00870468  6.55367e-18  -0.00468355 -1.61274e-17   -0.0133564  -3.2602e-17   -0.0134887  -2.9984e-17    -0.008822  -1.5299e-17   -0.0041364 -8.38325e-18  -0.00141636 -6.59099e-18 -0.000345467 -2.96295e-18 -5.54604e-05   5.9861e-20  -4.7287e-06  1.51011e-19
 6.01412e-07   6.6161e-21 -1.26566e-05  4.10577e-22  3.54052e-05  6.52686e-20  3.84969e-05 -9.51455e-20 -0.000226208  -3.7039e-19  1.27384e-05  9.58569e-19   0.00067743  1.29706e-18 -0.000158947 -2.58412e-18  -0.00154909  -1.8889e-18  0.000189133  4.73208e-18   0.00300807  2.95103e-18  0.000523434 -5.61171e-18  -0.00485727 -6.05978e-18  -0.00300852  3.72511e-18   0.00573971  1.23101e-17   0.00776627  4.98054e-18  -0.00258867 -1.38697e-17   -0.0121152 -1.73707e-17  -0.00698893  1.85658e-18   0.00784308  2.28438e-17    0.0158805  2.53438e-17    0.0096852  9.72481e-18  -0.00316303 -1.45952e-17   -0.0115936 -3.09297e-17    -0.011965  -2.5869e-17  -0.00778266   -1.328e-17  -0.00355678 -1.01334e-17  -0.00115394 -8.47053e-18 -0.000254147 -3.96735e-18 -3.34581e-05 -3.36943e-19 -1.72149e-06
-7.21897e-22 -1.24144e-06  7.57746e-22 -1.18089e-05  1.11589e-20  5.32089e-05   9.5409e-20 -4.19625e-06 -2.02617e-19 -0.000234419 -2.96073e-19  0.000141984  1.23233e-18  0.000635081  7.69391e-19  -0.00043137  -2.6917e-18  -0.00144439 -4.83293e-19  0.000692312  4.86231e-18   0.00292563  1.59975e-18 -0.000290069 -5.83162e-18   -0.0050508  -5.1714e-18  -0.00198903  5.01274e-18   0.00655474  1.27341e-17   0.00709201  2.61811e-18  -0.00394351 -1.60243e-17   -0.0125627 -1.68236e-17  -0.00632652  4.06296e-18   0.00870468  2.53438e-17    0.0166774  2.94676e-17    0.0112301  1.53262e-17 -0.000198458 -8.82642e-18   -0.0076513 -2.27165e-17  -0.00822696 -1.66426e-17  -0.00516205  -1.0332e-17  -0.00218668 -1.17373e-17 -0.000629861 -9.97101e-18 -0.000115168  -3.7214e-18 -1.08218e-05 -3.97473e-19
 8.30293e-07 -2.19279e-23 -5.39349e-06 -1.02011e-20  -4.0419e-06  2.85965e-20  6.14786e-05  8.38865e-20 -5.28247e-05 -3.07038e-19  -0.00021076 -1.11939e-19  0.000262712  1.33322e-18  0.000531443  6.39564e-20 -0.000677706 -2.53129e-18  -0.00123488   7.4337e-19   0.00117062  4.57385e-18   0.00268072  3.23004e-19   -0.0011346 -6.11581e-18  -0.00504882 -4.30609e-18 -0.000811563   6.5794e-18   0.00726086  1.24234e-17   0.00616729 -7.01831e-19   -0.0054184 -1.84396e-17    -0.012949 -1.62653e-17  -0.00557982  6.55367e-18    0.0096852  2.94676e-17    0.0180048  3.73432e-17    0.0140791  2.55047e-17   0.00464506  2.50747e-18  -0.00196541 -8.98969e-18  -0.00346373 -6.45799e-18  -0.00224824 -9.25624e-18 -0.000888657 -1.37516e-17 -0.000222214 -9.90265e-18 -3.18248e-05 -2.39615e-18 -1.72813e-06
 3.44844e-22  1.24158e-06 -5.30699e-22  -9.5827e-06 -1.82242e-20  8.67989e-06  4.68203e-20  5.70034e-05  2.61139e-20 -9.81832e-05 -3.79146e-19 -0.000156711  1.43694e-19   0.00035887  1.22181e-18  0.000372365 -6.51804e-19 -0.000872303 -2.13966e-18 -0.000924544  1.62031e-18   0.00158565  3.89389e-18   0.00226032 -9.80642e-19  -0.00196674 -6.41812e-18  -0.00480422 -3.00464e-18  0.000508538  8.52509e-18   0.00779698  1.13039e-17    0.0049529 -4.84268e-18  -0.00703661 -2.14915e-17   -0.0133237 -1.61056e-17  -0.00468355  9.72481e-18    0.0112301  3.73432e-17    0.0205739  5.06295e-17    0.0185088  4.01085e-17     0.010576  1.73635e-17   0.00379042  5.58632e-18    0.0006035 -3.20833e-19 -0.000153403 -1.10197e-17 -0.000117852 -1.49132e-17  -3.0352e-05 -7.50635e-18 -3.38186e-06 -1.07921e-18
  2.8267e-07  1.11243e-21  2.33338e-07 -3.53818e-21 -1.11931e-05 -1.58605e-20  2.25617e-05  5.93096e-20  3.96597e-05 -6.66985e-20 -0.000131235 -3.86693e-19 -7.83916e-05  3.95647e-19   0.00041546  9.01137e-19  0.000170662 -1.21799e-18 -0.000988982  -1.5516e-18 -0.000527526  2.15321e-18   0.00189214  2.91838e-18   0.00166178 -2.38619e-18  -0.00272627 -6.58951e-18  -0.00426957 -8.95871e-19   0.00194443  1.07886e-17   0.00808936  9.49029e-18   0.00336003 -9.83555e-18  -0.00889077 -2.54499e-17   -0.0136244 -1.61274e-17  -0.00316303  1.53262e-17    0.0140791  5.06295e-17    0.0246094  6.77971e-17    0.0235277   5.5052e-17    0.0156292  3.07491e-17   0.00767639  1.49898e-17   0.00282521   -5.091e-19  0.000766957 -1.39514e-17   0.00014594 -1.33419e-17  1.71674e-05 -4.03334e-18  8.19721e-07
-3.18993e-22  8.73319e-07  1.78959e-21 -2.20274e-06 -7.42175e-21 -8.81389e-06 -1.09248e-21  3.33257e-05  5.90737e-20  1.23835e-05  -1.6628e-19 -0.000144508 -3.08853e-19  1.34893e-05  5.61457e-19  0.000420511  4.23038e-19 -5.29096e-05 -1.52651e-18  -0.00100385 -8.00946e-19 -7.16529e-05  2.46378e-18   0.00204018  1.77592e-18  0.000898489 -3.88129e-18  -0.00333321 -6.37591e-18  -0.00339151  2.12056e-18   0.00345091  1.30515e-17   0.00798922  6.83664e-18   0.00120108 -1.58493e-17   -0.0109759 -2.97971e-17   -0.0133564 -1.45952e-17 -0.000198458  2.55047e-17    0.0185088  6.77971e-17    0.0290573  8.30005e-17    0.0270413  6.42327e-17    0.0178413  3.74269e-17   0.00873381  1.57698e-17   0.00317154 -5.11381e-18  0.000825103 -1.50595e-17  0.000141111 -9.02517e-18  1.27326e-05 -1.45789e-18
-1.38438e-08 -3.18612e-22  1.20808e-06  1.24067e-21 -4.96963e-06  -9.0576e-21 -2.69898e-06  2.13306e-20  3.73783e-05  3.97089e-20 -1.92536e-05  -2.3429e-19 -0.000133584 -1.51094e-19  0.000104189    5.882e-19  0.000367721 -1.14197e-19 -0.000269401 -1.53616e-18 -0.000899766   6.6036e-20  0.000398089  2.65755e-18   0.00197838  5.39826e-19  9.33052e-06 -5.32528e-18  -0.00367284 -5.43346e-18  -0.00211516  5.80785e-18   0.00489107  1.46281e-17   0.00719829  2.80102e-18  -0.00166022 -2.25245e-17   -0.0128389  -3.2602e-17   -0.0115936 -8.82642e-18   0.00464506  4.01085e-17    0.0235277  8.30005e-17    0.0317909   8.9004e-17    0.0271493   6.3612e-17    0.0165691  3.49694e-17   0.00742726  9.41396e-18   0.00241055 -9.85015e-18   0.00053607 -1.26124e-17  7.15557e-05   -4.306e-18   3.7384e-06
-9.95719e-23  2.09347e-07  1.89957e-22  7.55393e-07 -7.94526e-22 -6.62963e-06  -5.7924e-21  5.40014e-06  4.14302e-20  3.28257e-05  5.03158e-22 -4.79375e-05 -2.38504e-19 -9.86188e-05  5.02196e-20  0.000176392  4.72929e-19  0.000259707  -5.8891e-19 -0.000442726 -1.26091e-18 -0.000673015  9.73568e-19  0.000814893   2.7136e-18   0.00166248 -7.98286e-19  -0.00091446 -6.40004e-18  -0.00358506 -3.47705e-18 -0.000460656  9.50512e-18   0.00592589  1.44826e-17   0.00538002 -2.88052e-18  -0.00493374 -2.81686e-17   -0.0134887 -3.09297e-17   -0.0076513  2.50747e-18     0.010576   5.5052e-17    0.0270413   8.9004e-17    0.0309457  8.23677e-17    0.0234873  5.36261e-17    0.0127965  2.52186e-17   0.00505562  9.19985e-19   0.00140475 -1.12925e-17  0.000252442 -7.77048e-18  2.35843e-05 -1.34738e-18
-5.01533e-08 -4.82576e-23  5.58738e-07  7.76877e-22 -4.76145e-07 -3.01289e-21 -6.16379e-06  3.14197e-21   1.2801e-05   4.8214e-20  2.02262e-05 -4.78471e-20 -6.60925e-05 -1.68696e-19 -4.55962e-05  2.37746e-19  0.000213046  2.56472e-19  0.000111678 -8.94866e-19 -0.000533538 -7.53916e-19 -0.000344999  1.79594e-18   0.00108859  2.48306e-18   0.00108677 -2.19224e-18   -0.0016943 -6.63913e-18  -0.00292535 -6.04073e-19   0.00133171  1.20726e-17   0.00605907  1.17293e-17   0.00253559 -9.21962e-18  -0.00769999  -2.9984e-17    -0.011965 -2.27165e-17  -0.00196541  1.73635e-17    0.0156292  6.42327e-17    0.0271493  8.23677e-17    0.0262672  6.58416e-17    0.0174245  3.82855e-17   0.00830088  1.30737e-17   0.00281947 -4.97908e-18  0.000648487  -8.9777e-18  8.86665e-05 -3.33199e-18  4.70654e-06
 4.00239e-23 -2.75883e-08  1.87829e-22  7.32919e-07  7.05463e-22 -1.92775e-06 -3.29602e-21 -3.47025e-06  1.53518e-20  1.67832e-05  3.58793e-20  2.86987e-06 -8.42385e-20 -6.80174e-05  -4.3203e-20  1.32565e-05  3.54345e-19  0.000202321  2.77083e-21 -4.56593e-05 -9.73029e-19 -0.000510417 -1.11737e-19  2.27667e-05  2.34909e-18   0.00112703  1.83376e-18  0.000340115 -3.34837e-18   -0.0020876 -5.67533e-18  -0.00172388  2.43941e-18   0.00276039  1.22358e-17   0.00497019  6.48789e-18 -0.000682256 -1.39982e-17    -0.008822  -2.5869e-17  -0.00822696 -8.98969e-18   0.00379042  3.07491e-17    0.0178413   6.3612e-17    0.0234873  6.58416e-17    0.0192655   4.5721e-17    0.0110597   2.2586e-17   0.00453669  3.35237e-18   0.00129559 -6.51992e-18  0.000237466 -5.04594e-18  2.24889e-05 -9.18939e-19
