 3.23923e-27  1.21564e-42 -2.03261e-25 -1.28017e-40   4.9871e-24   4.1053e-39 -7.39438e-23 -7.52313e-38  7.64711e-22  9.43097e-37  -5.9271e-21 -8.80858e-36  3.59184e-20  6.44708e-35 -1.74837e-19   -3.825e-34  6.95783e-19  1.88538e-33 -2.28972e-18 -7.86711e-33    6.272e-18  2.81974e-32 -1.43336e-17 -8.77657e-32  2.72754e-17  2.38896e-31 -4.29084e-17 -5.69832e-31  5.49896e-17  1.18477e-30 -5.58252e-17 -2.10891e-30  4.23752e-17  3.06774e-30 -2.05932e-17 -3.15164e-30  2.04184e-18  5.42577e-31  5.50886e-18  7.32052e-30 -3.81341e-18 -2.27631e-29  8.38785e-20  4.61682e-29  1.10414e-18 -7.44365e-29 -3.52022e-19  1.00991e-28 -2.22808e-19 -1.18069e-28  1.26874e-19  1.20389e-28  4.29947e-20 -1.07877e-28  -3.1937e-20  8.55105e-29 -9.78601e-21 -6.04079e-29  6.35092e-21  3.83426e-29  2.51494e-21  -2.1943e-29 -9.08814e-22  1.11378e-29 -5.86967e-22 -4.65822e-30   4.9598e-23  1.18045e-30  1.02509e-22  3.36359e-31  1.51712e-23 -7.12814e-31 -1.04904e-23  5.82191e-31 -4.55766e-24 -3.44797e-31  4.57684e-26  1.70422e-31  5.07714e-25 -8.00237e-32  1.35676e-25  4.08179e-32 -8.31465e-27 -2.25546e-32  -1.3606e-26  1.18194e-32 -3.20356e-27 -5.32816e-33  2.72665e-29  1.98441e-33  2.01699e-28 -5.57698e-34  5.27669e-29  7.39025e-35  4.18335e-30  2.37313e-35 -1.14766e-30 -1.65405e-35 -4.29329e-31  5.26086e-36 -6.30082e-32 -1.51505e-36 -2.28922e-33  3.69214e-37  9.37693e-34 -3.17313e-38  2.18771e-34 -4.96302e-39   2.3723e-35 -2.87277e-40  1.08806e-36  2.74173e-40 -6.62093e-38  4.84651e-41 -1.52933e-38 -2.18087e-41  -1.2727e-39  3.53338e-42 -5.30213e-41 -4.56369e-43  -1.0056e-42  2.97628e-44  1.28559e-44 -4.04025e-46  8.39462e-46 -5.30086e-48
 1.21564e-42  2.91364e-25  7.33374e-41 -1.03975e-23  -5.4785e-39  1.94473e-22  1.42828e-37 -2.39596e-21   -2.242e-36  2.14608e-20   2.4736e-35  -1.4757e-19 -2.06709e-34  8.05615e-19   1.3686e-33 -3.56891e-18  -7.4034e-33  1.30152e-17   3.3476e-32 -3.94228e-17 -1.28816e-31  9.96301e-17   4.2801e-31 -2.10161e-16 -1.24233e-30  3.68497e-16  3.17687e-30 -5.31685e-16 -7.18751e-30  6.19103e-16  1.43598e-29  -5.6028e-16 -2.50453e-29  3.62177e-16  3.70326e-29 -1.25322e-16  -4.3042e-29 -2.95162e-17  2.91773e-29  6.04956e-17  2.27561e-29 -2.26306e-17 -1.26929e-28 -8.77682e-18  2.81236e-28  9.69183e-18  -4.5883e-28 -1.13223e-19  6.12559e-28 -2.58935e-18 -6.94328e-28  3.73537e-19  6.79395e-28  6.06131e-19 -5.79202e-28 -1.01983e-19  4.33316e-28 -1.36255e-19 -2.86739e-28  1.28302e-20  1.69222e-28  2.82576e-20 -8.90136e-29  1.33765e-21  4.00928e-29 -4.74807e-21 -1.27486e-29 -1.10457e-21 -6.73283e-31  5.02233e-22  5.40018e-30  2.72778e-22 -5.41457e-30   -1.025e-24  3.72509e-30 -3.40779e-23 -2.07115e-30 -8.93326e-24  1.02252e-30  1.14833e-24 -5.00813e-31  1.18184e-24  2.64907e-31   2.3153e-25 -1.44363e-31 -2.90894e-26  7.16953e-32  -2.4881e-26  -3.0189e-32 -5.02671e-27   1.0532e-32  6.77559e-29  -2.7583e-33  2.75759e-28  2.77435e-34  6.80514e-29  1.61112e-34  6.02819e-30 -8.92496e-35 -8.87205e-31  2.46338e-35 -3.74913e-31 -6.42366e-36 -5.73291e-32  1.46637e-36 -3.58855e-33 -8.87859e-38  3.12706e-34 -2.47826e-38  1.00094e-34 -2.77708e-39  1.14443e-35  1.54932e-39  6.91263e-37  8.97257e-41  9.76464e-39  -6.0785e-41 -1.97199e-39  9.37529e-42 -1.65108e-40 -1.05357e-42 -6.38662e-42  5.29852e-44  -1.0701e-43 -4.27136e-46 -2.40173e-46
-2.03261e-25  7.33374e-41  1.29118e-23  2.57733e-39 -3.20879e-22 -1.49283e-37  4.82174e-21  3.26685e-36 -5.05688e-20 -4.46382e-35  3.97748e-19  4.37636e-34 -2.44788e-18 -3.29285e-33  1.21109e-17  1.98066e-32 -4.90345e-17 -9.79619e-32  1.64349e-16   4.0694e-31 -4.59095e-16 -1.44433e-30   1.0716e-15  4.44372e-30 -2.08681e-15 -1.19987e-29  3.36829e-15   2.8716e-29 -4.44551e-15 -6.12972e-29   4.6758e-15  1.16787e-28 -3.72112e-15 -1.97095e-28  1.96315e-15  2.88521e-28 -3.32282e-16 -3.48956e-28  -4.3469e-16  3.02969e-28  3.67342e-16 -5.99662e-29 -4.25116e-17 -4.37769e-28 -9.45956e-17  1.15569e-27  4.19971e-17 -1.93979e-27   1.6322e-17  2.55987e-27 -1.39513e-17 -2.81532e-27 -2.60709e-18  2.64037e-27  3.51159e-18 -2.13483e-27  5.77569e-19  1.49807e-27 -7.41781e-19  -9.1755e-28 -1.76627e-19  4.91313e-28  1.24215e-19 -2.24252e-28  5.02506e-20  7.43973e-29 -1.27396e-20  1.66854e-30 -1.05913e-20  -3.2436e-29 -3.72178e-22  3.62705e-29  1.39867e-21 -2.75756e-29  3.95932e-22  1.67751e-29 -6.55046e-23 -8.81779e-30 -6.16269e-23  4.33284e-30 -1.03334e-23 -2.18301e-30  2.84861e-24  1.17791e-30  1.68118e-24 -6.31043e-31  2.55786e-25  2.98422e-31 -4.46382e-26 -1.17616e-31 -2.81731e-26  3.83477e-32 -5.15977e-27   -9.302e-33   1.3876e-29   6.0669e-34  2.23551e-28  6.97423e-34   5.3946e-29 -3.22694e-34  5.38833e-30  7.73646e-35 -2.81772e-31 -1.83344e-35 -1.80132e-31  3.92054e-36 -2.88991e-32  -1.1967e-37 -2.27888e-33 -8.01359e-38 -7.92221e-36 -1.23828e-38  2.01777e-35  5.24974e-39  2.51602e-36  3.90127e-41  1.59122e-37 -1.13246e-40  4.77009e-39  1.64785e-41   -8.878e-43 -1.55152e-42 -5.29419e-42  5.56765e-44  -1.2982e-43 -2.06755e-46
-1.28017e-40 -1.03975e-23  2.57733e-39  3.75818e-22  6.44851e-38 -7.12381e-21 -3.04361e-36  8.90029e-20  5.71433e-35 -8.08969e-19 -6.88064e-34  5.64888e-18   6.0424e-33 -3.13417e-17  -4.1166e-32  1.41239e-16  2.25882e-31 -5.24492e-16 -1.02445e-30  1.61966e-15  3.91691e-30 -4.17901e-15 -1.28323e-29  9.01569e-15   3.6542e-29 -1.62039e-14 -9.16335e-29  2.40389e-14  2.04652e-28 -2.89137e-14  -4.1049e-28  2.72466e-14  7.41743e-28 -1.86748e-14 -1.20147e-27  7.38378e-15  1.71581e-27  7.52284e-16 -2.08324e-27 -2.99588e-15  1.97042e-27  1.40565e-15 -1.01664e-27  3.01815e-16 -9.48281e-28 -5.31141e-16  3.68336e-27  6.35021e-17 -6.49924e-27  1.32547e-16  8.51214e-27 -3.60152e-17  -9.0812e-27 -2.99785e-17  8.14508e-27  9.61717e-18 -6.21752e-27  6.88491e-18  4.05456e-27 -1.68214e-18 -2.24983e-27 -1.54753e-18  1.03168e-27  1.25878e-19  -3.3083e-28  2.97296e-19  -2.6105e-29  3.28691e-20  1.78254e-28 -4.01216e-20 -2.07191e-28 -1.38195e-20  1.68773e-28  2.16348e-21 -1.09845e-28  2.30077e-21  6.07244e-29  3.55739e-22 -3.03858e-29 -1.50704e-22  1.48483e-29 -7.70763e-23 -7.62086e-30 -8.16431e-24   4.1496e-30  3.98599e-24  -2.1815e-30  1.72657e-24  9.85124e-31  2.17854e-25 -3.63532e-31 -4.23104e-26  1.10442e-31 -2.27439e-26  -2.4666e-32 -3.95339e-27   6.4108e-34 -7.31849e-29  2.28054e-33  1.19942e-28 -9.06367e-34  2.93356e-29  1.88436e-34  3.23238e-30 -4.06678e-35   2.7309e-32  8.07989e-36  -5.0418e-32  6.48131e-38 -8.76196e-33 -1.97903e-37 -7.61728e-34 -3.73115e-38 -2.83231e-35  1.29307e-38  1.39364e-36 -2.05503e-40  2.49058e-37 -1.63012e-40  1.46861e-38  2.19759e-41  4.42382e-40 -1.64674e-42  4.88523e-42  3.69218e-44 -5.03474e-45
  4.9871e-24  -5.4785e-39 -3.20879e-22  6.44851e-38  8.08157e-21  1.25407e-36 -1.23147e-19  -4.9767e-35  1.31054e-18  8.14464e-34 -1.04673e-17 -8.72715e-33  6.54657e-17  6.91167e-32  -3.2944e-16 -4.28539e-31    1.358e-15  2.15349e-30  -4.6393e-15 -8.98319e-30  1.32265e-14  3.16811e-29 -3.15591e-14 -9.59243e-29  6.29477e-14  2.52884e-28  -1.0434e-13 -5.88371e-28  1.41945e-13   1.2237e-27 -1.54798e-13 -2.29916e-27   1.2917e-13  3.92372e-27 -7.36673e-14 -6.06485e-27  1.73221e-14  8.37028e-27  1.29044e-14 -1.00048e-26  -1.3756e-14  9.71113e-27  2.86514e-15 -6.29597e-27  3.06378e-15  -5.5012e-28 -1.86218e-15  9.61314e-27 -3.96874e-16 -1.83227e-26  5.78458e-16  2.38703e-26  3.17846e-17 -2.46543e-26 -1.44658e-16  2.10665e-26 -5.12155e-18 -1.50794e-26  3.19877e-17  8.99928e-27  3.31291e-18 -4.32438e-27 -6.00072e-18  1.40517e-27 -1.44992e-18   1.4145e-28  8.13303e-19 -8.32862e-28  3.94682e-19  1.01501e-27  -4.1164e-20 -8.89564e-28 -6.61357e-20   6.2407e-28 -1.08239e-20 -3.64308e-28  5.34774e-21   1.8591e-28  2.66691e-21 -8.92033e-29  1.77938e-22  4.34244e-29 -2.04405e-22 -2.25426e-29 -7.32988e-23   1.2292e-29 -4.70326e-24  -6.3359e-30  3.86259e-24   2.7372e-30  1.37039e-24 -9.44859e-31  1.55229e-25  2.66475e-31 -2.70759e-26 -5.44759e-32 -1.36918e-26 -9.68888e-34 -2.33576e-27  6.05499e-33 -1.00343e-28 -2.10374e-33   4.2465e-29  3.78313e-34  1.10994e-29 -7.43554e-35  1.31072e-30  1.33976e-35  5.71602e-32  8.42015e-37 -7.13394e-33 -4.00131e-37 -1.55026e-33 -8.60667e-38 -1.39605e-34  2.50607e-38 -6.61423e-36 -6.50857e-40 -8.39304e-38 -1.92544e-40  7.87558e-39  2.33112e-41  4.55033e-40 -1.29174e-42  7.92485e-42  1.36474e-44
  4.1053e-39  1.94473e-22 -1.49283e-37 -7.12381e-21  1.25407e-36  1.36934e-19  1.99057e-35 -1.73597e-18 -6.78559e-34  1.60219e-17  9.79842e-33 -1.13688e-16   -9.419e-32  6.41524e-16  6.76736e-31 -2.94298e-15 -3.83628e-30  1.11372e-14  1.77209e-29 -3.50913e-14 -6.81954e-29  9.25163e-14  2.22364e-28 -2.04309e-13 -6.23267e-28  3.76737e-13  1.52233e-27 -5.75183e-13 -3.28557e-27  7.15237e-13  6.35526e-27 -7.02225e-13 -1.11591e-26  5.09876e-13  1.79284e-26  -2.2683e-13 -2.63276e-26   1.9771e-15   3.4876e-26  7.68397e-14  -4.0523e-26 -4.47053e-14  3.91484e-26 -3.38873e-15 -2.74859e-26  1.49691e-14   5.7262e-27  -3.4948e-15   2.1152e-26 -3.40616e-15 -4.49344e-26  1.48069e-15  5.81375e-26  7.21026e-16 -5.78463e-26 -3.93013e-16  4.67854e-26 -1.67143e-16 -3.10626e-26  7.82631e-17  1.64815e-26  4.11694e-17 -6.06066e-27 -1.03447e-17 -4.22447e-29 -9.10664e-18   3.0422e-27   1.6795e-19 -4.11486e-27  1.50143e-18  3.95853e-27  3.06537e-19 -3.06332e-27  -1.3704e-19  1.94716e-27 -7.43287e-20 -1.03974e-27 -3.18555e-21  4.94272e-28  7.32338e-21  -2.2929e-28   2.3618e-21  1.11598e-28 -7.57648e-24 -5.82419e-29 -1.99586e-22  3.16187e-29 -5.59484e-23 -1.59819e-29 -2.16653e-24  6.61469e-30   2.7856e-24 -2.13163e-30  8.66739e-25  5.55478e-31  9.52491e-26 -1.03359e-31  -1.1657e-26 -6.92092e-33 -6.18941e-27   1.3584e-32 -1.05888e-27 -4.17824e-33 -6.85413e-29  6.49313e-34   8.9109e-30 -1.15811e-34   2.8423e-30  1.78492e-35  3.51673e-31  2.73454e-36  2.16154e-32 -6.87214e-37 -7.76547e-35 -1.61299e-37 -1.41428e-34  3.98306e-38 -1.30439e-35 -1.14798e-39 -5.96831e-37 -1.92773e-40 -1.31953e-38  1.99558e-41 -3.81795e-41  -7.2779e-43  1.64131e-42
-7.39438e-23  1.42828e-37  4.82174e-21 -3.04361e-36 -1.23147e-19  1.99057e-35   1.9041e-18  2.65947e-34 -2.05755e-17 -7.91027e-33  1.66989e-16  1.01771e-31 -1.06212e-15 -8.83688e-31  5.44046e-15  5.79004e-30 -2.28505e-14 -3.01348e-29  7.96322e-14  1.28401e-28 -2.31904e-13 -4.57171e-28   5.6613e-13  1.38157e-27 -1.15765e-12 -3.59153e-27  1.97243e-12  8.13752e-27 -2.76838e-12 -1.62984e-26  3.13277e-12  2.93045e-26 -2.74151e-12 -4.80173e-26  1.68439e-12  7.24551e-26 -5.02109e-13 -1.00732e-25 -2.15195e-13  1.27371e-25  3.09313e-13 -1.42473e-25 -9.40369e-14  1.34296e-25 -5.66053e-14 -9.58791e-26  4.82049e-14  3.19246e-26  3.35377e-15   4.0186e-26 -1.40207e-14 -9.78075e-26  1.02458e-15  1.24594e-25  3.44877e-15 -1.18259e-25 -3.38391e-16  8.95343e-26  -7.8976e-16 -5.40816e-26  2.42646e-17  2.38532e-26  1.62781e-16 -3.43555e-27   1.6845e-17 -8.11475e-27 -2.65608e-17  1.34484e-26 -7.81043e-18 -1.45495e-26  2.54948e-18  1.26384e-26   1.7294e-18 -9.02387e-27   7.5318e-20  5.29281e-27   -1.988e-19 -2.60434e-27 -6.20377e-20  1.15959e-27  4.12908e-21 -5.25222e-28  7.21713e-21  2.56762e-28  1.68078e-21  -1.3388e-28 -1.02679e-22  7.20432e-29  -1.5076e-22 -3.57563e-29 -3.54343e-23   1.4197e-29 -1.00974e-24 -4.25797e-30   1.5342e-24  1.01918e-30  4.40396e-25 -1.71774e-31  4.95635e-26 -2.10249e-32  -2.9715e-27  2.63977e-32 -2.06245e-27 -7.26817e-33 -3.59317e-28  9.81111e-34   -2.901e-29 -1.57107e-34  5.75679e-31  1.78845e-35  4.57849e-31  6.21262e-36  5.94908e-32 -1.02383e-36  4.04109e-33 -2.53926e-37  1.15435e-34  5.31721e-38 -4.09201e-36 -1.46281e-39 -5.10861e-37 -1.66384e-40 -1.89999e-38  1.36632e-41 -2.63092e-40 -2.59473e-43
-7.52313e-38 -2.39596e-21  3.26685e-36  8.90029e-20  -4.9767e-35 -1.73597e-18  2.65947e-34  2.23463e-17  3.05463e-33 -2.09566e-16 -8.02383e-32   1.5122e-15  9.27209e-31 -8.68502e-15 -7.31547e-30  4.05909e-14  4.39134e-29 -1.56667e-13 -2.10625e-28  5.04095e-13  8.30435e-28 -1.35922e-12 -2.74306e-27  3.07541e-12  7.70074e-27 -5.82374e-12 -1.86034e-26  9.15925e-12  3.91603e-26 -1.17857e-11  -7.2855e-26  1.20634e-11  1.21791e-25 -9.27274e-12 -1.86118e-25  4.58858e-12  2.63369e-25 -4.78371e-13 -3.45677e-25 -1.27237e-12  4.15115e-25  9.21676e-13  -4.4306e-25 -4.14393e-14  4.00928e-25 -2.71157e-13 -2.80145e-25   9.8634e-14  1.06196e-25  5.36943e-14  6.84277e-26 -3.63721e-14 -1.90697e-25 -9.87107e-15  2.34192e-25  9.60546e-15 -2.08086e-25  2.24574e-15  1.44433e-25 -2.06569e-15 -7.61427e-26 -6.32671e-16  2.20547e-26  3.41067e-16  1.38264e-26  1.67945e-16  -3.4593e-26 -3.12121e-17  4.36765e-26 -3.38489e-17 -4.31128e-26 -2.56345e-18  3.51013e-26   4.2451e-18 -2.34691e-26  1.40419e-18  1.27748e-26 -1.52048e-19 -5.79649e-27 -1.99846e-19  2.42569e-27 -3.99535e-20 -1.08601e-27  7.55117e-21  5.35701e-28  5.57071e-21 -2.77057e-28  1.00047e-21   1.4733e-28 -1.04511e-22 -7.20058e-29 -9.09458e-23  2.74627e-29 -1.89389e-23 -7.63213e-30 -5.99502e-25  1.66538e-30  6.44568e-25 -2.53579e-31  1.78192e-25  -4.6781e-32  2.10074e-26  4.51738e-32 -1.23001e-28 -1.12743e-32 -4.83406e-28  1.34639e-33 -8.77302e-29 -1.88843e-34 -7.91958e-30   9.3198e-36 -2.16802e-31  1.13691e-35  3.86258e-32 -1.33886e-36  5.79416e-33  -3.4253e-37  3.87144e-34  6.04786e-38   1.3423e-35 -1.44048e-39  1.43164e-37 -1.24183e-40 -4.63002e-39  7.17283e-42 -9.15776e-41
 7.64711e-22   -2.242e-36 -5.05688e-20  5.71433e-35  1.31054e-18 -6.78559e-34 -2.05755e-17  3.05463e-33  2.25919e-16  3.06351e-32 -1.86451e-15 -7.17597e-31  1.20696e-14  7.49893e-30 -6.29791e-14 -5.40372e-29  2.69747e-13  2.98396e-28 -9.59765e-13  -1.3234e-27  2.85761e-12  4.84192e-27 -7.14413e-12 -1.48744e-26  1.49913e-11  3.88768e-26 -2.62812e-11  -8.7448e-26  3.80935e-11  1.71308e-25 -4.47689e-11 -2.96445e-25   4.1098e-11  4.61172e-25 -2.71275e-11 -6.57483e-25  9.74349e-12  8.71952e-25  2.12309e-12 -1.07798e-24 -4.80999e-12  1.22314e-24  1.96358e-12 -1.23388e-24   6.5106e-13   1.0543e-24 -8.46791e-13 -6.98037e-25  5.16846e-14  2.63503e-25  2.28464e-13  1.12531e-25 -4.84567e-14 -3.30439e-25 -5.43477e-14  3.73948e-25  1.39691e-14 -2.98383e-25  1.27537e-14  1.80481e-25 -2.40684e-15 -7.26032e-26 -2.86973e-15 -9.13823e-27  1.12254e-16  6.76293e-26  5.46056e-16 -1.05483e-25  8.02108e-17  1.20827e-25 -7.16518e-17 -1.12974e-25 -2.82289e-17  8.72483e-26  3.16825e-18 -5.48685e-26  4.46158e-18  2.77121e-26  8.14358e-19 -1.15515e-26 -2.64012e-19  4.55516e-27 -1.55712e-19 -2.04786e-27 -2.02504e-20  1.02272e-27  7.05464e-21 -5.20024e-28  3.50687e-21  2.72924e-28  5.16279e-22 -1.31971e-28 -6.47745e-23  4.84055e-29 -4.42939e-23 -1.23892e-29  -8.5481e-24   2.4407e-30 -3.77604e-25 -3.36728e-31  2.01171e-25 -8.47796e-32  5.60914e-26  6.88431e-32  6.91855e-27 -1.58471e-32  2.25931e-28  1.74263e-33 -7.19507e-29 -2.03903e-34  -1.4525e-29 -1.08301e-35 -1.36977e-30  1.76238e-35  -6.3537e-32 -1.54639e-36  5.09686e-34 -4.00535e-37  2.67695e-34  5.90992e-38  1.66865e-35 -1.11666e-39  4.70257e-37 -7.90224e-41  4.94508e-39   2.5292e-42
 9.43097e-37  2.14608e-20 -4.46382e-35 -8.08969e-19  8.14464e-34  1.60219e-17 -7.91027e-33 -2.09566e-16  3.06351e-32  1.99851e-15  2.71523e-31 -1.46765e-14 -5.71737e-30  8.58616e-14  5.43484e-29 -4.09175e-13 -3.59314e-28  1.61214e-12  1.83186e-27 -5.30205e-12 -7.53482e-27   1.4635e-11  2.56465e-26 -3.39611e-11 -7.34348e-26  6.61103e-11  1.79047e-25 -1.07216e-10 -3.75681e-25  1.42897e-10  6.86077e-25 -1.52592e-10 -1.10613e-24  1.24111e-10  1.60383e-24 -6.77234e-11 -2.13579e-24  1.28493e-11  2.65535e-24  1.47873e-11  -3.0862e-24 -1.36475e-11  3.28963e-24  2.14966e-12 -3.10024e-24  3.44429e-12  2.45026e-24 -1.81991e-12 -1.47911e-24 -5.33985e-13  4.96201e-25  6.10977e-13  1.98482e-25  6.41969e-14 -4.84838e-25 -1.59759e-13  4.49864e-25 -1.22942e-14 -2.77816e-25  3.62363e-14   1.1218e-25  5.11049e-15  6.72921e-27 -6.86938e-15 -1.04462e-25  -1.9283e-15  1.99309e-25  9.19289e-16 -2.73634e-25  5.02761e-16  2.99386e-25 -3.74034e-17 -2.68288e-25 -8.25512e-17  1.97133e-25  -1.5437e-17 -1.16624e-25  6.34799e-18  5.44606e-26  3.50924e-18 -2.06924e-26  3.04603e-19  7.70996e-27 -2.53086e-19 -3.55251e-27 -9.90255e-20  1.79769e-27 -8.23091e-21  -8.8901e-28   4.7099e-21  4.61084e-28  1.83766e-21 -2.22105e-28  2.37358e-22   7.8398e-29 -2.78187e-23  -1.8324e-29 -1.73398e-23  3.21819e-30 -3.20912e-24 -4.08511e-31 -1.94382e-25 -1.29834e-31  4.35978e-26  9.41214e-32  1.32201e-26 -2.05149e-32  1.68612e-27  2.21606e-33  9.44657e-29 -1.99274e-34  -4.8667e-30 -4.22097e-35 -1.48041e-30  2.36916e-35 -1.40845e-31 -1.58265e-36  -7.0857e-33 -4.08277e-37  -1.4688e-34   4.9826e-38  3.06935e-36 -6.75603e-40  2.17657e-37 -4.10092e-41  2.62766e-39
 -5.9271e-21   2.4736e-35  3.97748e-19 -6.88064e-34 -1.04673e-17  9.79842e-33  1.66989e-16 -8.02383e-32 -1.86451e-15  2.71523e-31  1.56602e-14   2.1475e-30 -1.03259e-13 -4.09273e-29  5.49352e-13  3.55709e-28 -2.40159e-12 -2.16626e-27  8.73232e-12  1.02291e-26 -2.66077e-11 -3.91246e-26  6.81914e-11  1.24166e-25 -1.46994e-10 -3.32024e-25  2.65427e-10  7.56494e-25 -3.97725e-10  -1.4831e-24  4.85875e-10  2.52917e-24 -4.68076e-10 -3.80613e-24  3.31194e-10   5.1543e-24 -1.38849e-10  -6.4248e-24 -8.53531e-12  7.49692e-24  5.53353e-11 -8.17764e-24 -2.92582e-11  8.13056e-24 -4.14961e-12  -7.0466e-24  1.08593e-11  4.99566e-24 -2.08738e-12 -2.57741e-24 -2.65541e-12  6.12646e-25  1.01978e-12  3.87072e-25  5.91273e-13  -4.8905e-25 -2.85969e-13  1.59178e-25 -1.40088e-13  1.40178e-25  5.85044e-14 -2.35328e-25  3.46519e-14  2.35672e-25 -7.66269e-15 -3.08566e-25 -7.68822e-15   4.7949e-25 -6.28693e-18 -6.38514e-25  1.27141e-15  6.79466e-25  2.83716e-16 -5.84933e-25 -1.14096e-16  4.08769e-25 -6.66809e-17 -2.27093e-25 -3.80405e-18  9.74543e-26  6.44026e-18 -3.33261e-26  2.20288e-18  1.17801e-26  2.67148e-20 -5.71379e-27 -1.78557e-19  2.92019e-27 -5.30222e-20 -1.38621e-27 -2.82246e-21  7.14132e-28  2.42569e-21 -3.45867e-28  8.06923e-22  1.17438e-28  9.78778e-23 -2.47709e-29 -8.11164e-24  3.81331e-30 -5.35552e-24 -4.64058e-31 -9.73785e-25 -1.69474e-31 -7.38967e-26  1.15918e-31  5.39047e-27 -2.48968e-32  2.19857e-27  2.84769e-33  2.87538e-28 -1.74787e-34    1.936e-29 -7.98271e-35  2.67293e-31  2.79601e-35 -7.57635e-32 -1.43893e-36 -7.55976e-33 -3.62967e-37 -3.40838e-34   3.6276e-38 -7.24941e-36 -3.06245e-40 -4.14308e-38 -1.52084e-41
-8.80858e-36  -1.4757e-19  4.37636e-34  5.64888e-18 -8.72715e-33 -1.13688e-16  1.01771e-31   1.5122e-15 -7.17597e-31 -1.46765e-14   2.1475e-30  1.09782e-13  1.52793e-29 -6.54803e-13 -2.65106e-28  3.18472e-12  2.11612e-27  -1.2821e-11 -1.19129e-26  4.31421e-11  5.22508e-26  -1.2203e-10 -1.86272e-25  2.90732e-10  5.52263e-25 -5.82424e-10 -1.38143e-24  9.75077e-10  2.94569e-24 -1.34746e-09 -5.40371e-24  1.50229e-09  8.61878e-24 -1.29256e-09 -1.21305e-23  7.72564e-10  1.53821e-23 -2.07434e-10 -1.79999e-23 -1.23397e-10  1.97509e-23  1.53455e-10 -2.01826e-23 -4.13625e-11  1.85421e-23 -3.16103e-11 -1.44377e-23  2.42692e-11  8.69189e-24  2.68181e-12 -3.25339e-24 -7.50574e-12 -4.60865e-26  3.45339e-13  7.38435e-25  1.92306e-12  1.89108e-25 -1.47645e-13 -1.25812e-24 -4.53208e-13  1.55727e-24  6.44936e-15 -1.14536e-24  9.55699e-14  6.74545e-25  1.12096e-14  -6.5131e-25 -1.59035e-14  1.01821e-24  -4.9253e-15 -1.37341e-24  1.53939e-15  1.42872e-24   1.0966e-15 -1.17991e-24  5.53576e-17  7.82855e-25 -1.27175e-16 -4.07279e-25 -4.10109e-17  1.59241e-25  2.41499e-18 -4.80465e-26  4.75627e-18   1.6231e-26  1.14561e-18 -8.58156e-27  -5.7962e-20  4.38941e-27 -1.00121e-19 -1.96846e-27 -2.43794e-20  1.01849e-27 -9.40294e-22 -5.01748e-28  9.83364e-22  1.63506e-28  2.95227e-22 -3.05994e-29  3.54362e-23  4.03136e-30 -1.30018e-24  -5.1394e-31 -1.26008e-24 -1.85339e-31 -2.29504e-25  1.28693e-31 -1.99794e-26 -2.88613e-32 -1.03276e-29  3.69291e-33  2.32752e-28 -1.30732e-34  3.18298e-29 -1.14722e-34  2.21866e-30   2.9168e-35   7.3434e-32 -1.16739e-36 -6.90591e-34 -2.80208e-37 -1.59414e-34  2.27351e-38 -5.25838e-36 -9.26664e-41 -4.79771e-38
 3.59184e-20 -2.06709e-34 -2.44788e-18   6.0424e-33  6.54657e-17   -9.419e-32 -1.06212e-15  9.27209e-31  1.20696e-14 -5.71737e-30 -1.03259e-13  1.52793e-29  6.94142e-13  9.84652e-29 -3.76878e-12 -1.56335e-27   1.6833e-11  1.15063e-26 -6.26115e-11 -6.00667e-26  1.95446e-10  2.45331e-25 -5.14039e-10 -8.16849e-25  1.13954e-09  2.26632e-24 -2.12182e-09 -5.31055e-24  3.29049e-09  1.06112e-23 -4.18259e-09 -1.82367e-23  4.23055e-09  2.72448e-23 -3.20326e-09  -3.5937e-23  1.53448e-09  4.28003e-23 -9.82449e-11  -4.7192e-23 -4.87084e-10  4.88147e-23  3.30943e-10  -4.6615e-23 -3.34259e-12  3.90558e-23 -1.05577e-10 -2.62988e-23   3.5726e-11  1.18471e-23  2.22681e-11 -9.82446e-25 -1.42053e-11 -3.01602e-24  -4.2857e-12  1.07994e-24  3.92725e-12  2.95615e-24   9.8999e-13 -5.43819e-24 -8.76104e-13  5.05471e-24 -2.80335e-13 -2.96192e-24  1.49662e-13   1.2571e-24  7.56967e-14 -1.08566e-24  -1.4196e-14  1.97158e-24 -1.56622e-14 -2.75688e-24 -1.18045e-15  2.80178e-24  2.02444e-15 -2.21338e-24  6.72794e-16  1.39105e-24 -7.57306e-17 -6.75329e-25 -9.83975e-17  2.37772e-25 -1.97361e-17 -6.12794e-26  3.79258e-18   2.0083e-26  2.80396e-18 -1.21127e-26  5.08803e-19   6.0965e-27 -5.12617e-20 -2.53187e-27 -4.59214e-20   1.3433e-27 -9.71395e-21 -6.82384e-28  -3.6376e-22  2.12281e-28  3.11616e-22 -3.43685e-29  8.84154e-23  3.73189e-30  1.07892e-23 -5.85599e-31  6.79502e-26 -1.57897e-31 -2.12556e-25  1.28338e-31 -3.98857e-26 -3.25035e-32  -3.7103e-27   4.7046e-33 -1.29465e-28 -6.77198e-35  1.21813e-29 -1.36878e-34  2.02787e-30   2.7017e-35  1.33687e-31 -8.52796e-37  4.51603e-33 -1.86009e-37  5.71717e-35    1.212e-38 -4.61703e-37 -1.19434e-41
 6.44708e-35  8.05615e-19 -3.29285e-33 -3.13417e-17  6.91167e-32  6.41524e-16 -8.83688e-31 -8.68502e-15  7.49893e-30  8.58616e-14 -4.09273e-29 -6.54803e-13  9.84652e-29  3.98575e-12  5.78136e-28 -1.98042e-11 -8.43739e-27  8.15486e-11    5.746e-26 -2.81062e-10 -2.78932e-25  8.15582e-10  1.06324e-24 -1.99723e-09 -3.31237e-24  4.12233e-09  8.61251e-24 -7.13279e-09 -1.89278e-23  1.02314e-08   3.5476e-23   -1.192e-08 -5.71806e-23   1.0848e-08  8.01233e-23 -7.06565e-09 -9.92652e-23    2.423e-09  1.11427e-22  7.03937e-10  -1.1627e-22 -1.35332e-09  1.13678e-22  5.26299e-10 -1.01067e-22  2.04156e-10  7.57378e-23 -2.46342e-10 -4.10414e-23  1.12907e-11  8.24629e-24  6.96961e-11   1.0402e-23 -1.43337e-11 -1.10434e-23 -1.71537e-11  2.90933e-25  4.41837e-12  1.10344e-23  4.14239e-12 -1.54932e-23 -8.08168e-13   1.2308e-23 -9.61616e-13 -5.89082e-24  4.53541e-14  1.55026e-24  1.89979e-13 -1.37054e-24  2.65441e-14  3.53943e-24 -2.61337e-14 -5.20008e-24 -1.00442e-14  5.14659e-24  1.29725e-15 -3.87576e-24  1.66824e-15  2.30106e-24  2.92272e-16 -1.03809e-24 -1.05139e-16  3.23901e-25 -5.97112e-17 -6.72873e-26 -7.44521e-18   2.2129e-26   2.8398e-18 -1.61531e-26  1.37261e-18  7.78504e-27  1.98948e-19  -2.9149e-27 -2.60052e-20  1.64668e-27 -1.73561e-20 -8.75206e-28 -3.34128e-21  2.57415e-28 -1.54828e-22 -3.46249e-29  7.48108e-23  2.88337e-30  2.10332e-23 -7.15613e-31  2.62105e-24 -7.33247e-32  9.99252e-26  1.13798e-31  -2.2757e-26   -3.593e-32 -4.76026e-27  5.69565e-33 -4.48755e-28  1.00866e-35 -2.15505e-29 -1.39324e-34 -6.52898e-32  2.23174e-35  5.81571e-32 -5.69234e-37  3.45752e-33 -1.04386e-37  8.23469e-35  5.29685e-39  5.69471e-37
-1.74837e-19   1.3686e-33  1.21109e-17  -4.1166e-32  -3.2944e-16  6.76736e-31  5.44046e-15 -7.31547e-30 -6.29791e-14  5.43484e-29  5.49352e-13 -2.65106e-28 -3.76878e-12  5.78136e-28  2.09041e-11  3.10864e-27 -9.54929e-11 -4.18672e-26  3.63753e-10  2.64647e-25 -1.16459e-09  -1.1976e-24  3.14703e-09  4.26895e-24 -7.18327e-09 -1.24632e-23  1.38091e-08  3.04068e-23 -2.21899e-08 -6.27359e-23  2.93799e-08  1.10386e-22 -3.12197e-08 -1.67004e-22  2.52635e-08  2.19771e-22 -1.36234e-08 -2.56342e-22  2.32681e-09  2.72297e-22  3.31256e-09 -2.70203e-22 -2.94782e-09   2.5031e-22  4.27611e-10 -2.05954e-22  7.88941e-10  1.33892e-22 -4.12556e-10 -4.90237e-23 -1.27137e-10 -1.80452e-23  1.45444e-10  4.32153e-23  1.51516e-11 -2.77991e-23 -3.95386e-11 -5.31283e-24 -2.72276e-12  3.09517e-23  9.32625e-12  -3.6705e-23  1.20029e-12  2.55139e-23   -1.852e-12 -9.55096e-24 -4.90213e-13  3.46334e-25  2.64604e-13  -8.9088e-25  1.36522e-13  5.94769e-24 -1.37049e-14  -9.2567e-24 -2.38728e-14  8.88471e-24 -4.07461e-15 -6.35378e-24  2.00578e-15  3.55229e-24  1.03379e-15 -1.48174e-24    7.416e-17  4.00614e-25 -8.06447e-17 -5.93129e-26 -2.99199e-17  2.13979e-26 -2.16642e-18 -2.04237e-26  1.52781e-18  9.04272e-27  5.68479e-19 -2.92889e-27  7.03917e-20  1.88912e-27 -9.21701e-21 -1.06448e-27 -5.36562e-21  2.91432e-28 -9.74133e-22 -3.02751e-29 -5.84863e-23  1.58106e-30  1.26798e-23 -9.34696e-31  3.80298e-24  6.99223e-32  4.80029e-25  8.77355e-32  2.75629e-26 -3.89843e-32  -1.0151e-27  6.38332e-33 -3.48676e-28   9.1332e-35 -3.23449e-29 -1.21381e-34  -1.5678e-30  1.65551e-35 -3.34358e-32 -3.52341e-37  2.64321e-34 -4.81245e-38  2.14745e-35  1.67508e-39
  -3.825e-34 -3.56891e-18  1.98066e-32  1.41239e-16 -4.28539e-31 -2.94298e-15  5.79004e-30  4.05909e-14 -5.40372e-29 -4.09175e-13  3.55709e-28  3.18472e-12 -1.56335e-27 -1.98042e-11  3.10864e-27   1.0064e-10  1.53766e-26 -4.24364e-10 -1.91786e-25  1.49983e-09  1.12838e-24 -4.47033e-09 -4.77064e-24  1.12662e-08  1.59302e-23 -2.39892e-08 -4.36443e-23  4.29538e-08  1.00016e-22 -6.40327e-08 -1.93876e-22  7.80312e-08  3.20446e-22 -7.51227e-08 -4.55371e-22  5.31091e-08    5.635e-22 -2.20289e-08  -6.2045e-22 -1.93641e-09  6.26546e-22  9.52231e-09 -5.94328e-22 -5.01225e-09  5.22493e-22 -7.65658e-10 -3.94097e-22  1.95588e-09  2.10873e-22 -3.89215e-10 -2.17191e-23  -4.9249e-10 -1.00741e-22  1.99642e-10  1.18266e-22  1.11632e-10 -5.60203e-23 -5.86888e-11 -2.49039e-23 -2.70508e-11  7.45006e-23  1.27391e-11 -7.70776e-23  6.97313e-12  4.69575e-23 -1.85126e-12 -1.22154e-23 -1.63788e-12 -4.90372e-24  4.98522e-14  1.56933e-24  2.90407e-13  9.41098e-24  5.70314e-14 -1.56001e-23 -2.90959e-14  1.44561e-23 -1.52712e-14 -9.77527e-24 -4.60338e-16  5.12651e-24  1.62882e-15 -1.96525e-24  5.12538e-16  4.45493e-25 -7.04309e-18 -3.19506e-26 -4.60632e-17  1.77253e-26 -1.27584e-17 -2.45045e-26 -4.76813e-19  9.34659e-27  6.42115e-19  -2.4146e-27  2.00254e-19  2.04952e-27  2.27852e-20 -1.23405e-27 -2.29351e-21  3.07183e-28  -1.3286e-21  -2.0915e-29  -2.3315e-22  1.76007e-32 -1.71213e-23 -1.25204e-30  1.25225e-24  2.57479e-31  4.89732e-25  5.58675e-32  6.21116e-26 -4.11107e-32  4.09197e-27  6.50728e-33  6.84159e-29  1.58174e-34 -1.23651e-29 -8.91437e-35 -1.18296e-30  1.11604e-35 -4.78033e-32 -2.01996e-37  -8.5219e-34 -1.72751e-38  -3.5418e-36
 6.95783e-19  -7.4034e-33 -4.90345e-17  2.25882e-31    1.358e-15 -3.83628e-30 -2.28505e-14  4.39134e-29  2.69747e-13 -3.59314e-28 -2.40159e-12  2.11612e-27   1.6833e-11 -8.43739e-27 -9.54929e-11  1.53766e-26  4.46688e-10  7.02474e-26 -1.74468e-09 -8.13957e-25   5.7362e-09  4.46857e-24 -1.59469e-08 -1.76858e-23  3.75286e-08  5.54089e-23 -7.45855e-08 -1.42625e-22  1.24351e-07  3.07262e-22 -1.71701e-07 -5.59921e-22  1.91825e-07  8.69709e-22 -1.65751e-07 -1.16153e-21  9.95381e-08  1.35337e-21 -2.64705e-08   -1.411e-21 -1.70391e-08  1.36168e-21   2.1135e-08 -1.24122e-21 -5.84343e-09  1.03563e-21 -4.46662e-09 -7.05494e-22  3.57765e-09   2.7952e-22  3.38531e-10  1.06792e-22 -1.14134e-09 -3.01605e-22  8.12928e-11  2.65177e-22  3.01275e-10 -9.28825e-23 -3.32955e-11 -7.74667e-23 -7.37642e-11  1.60735e-22  3.80968e-12 -1.47379e-22  1.64104e-11  7.81031e-23  1.31886e-12 -9.80637e-24 -2.94384e-12 -1.87153e-23 -7.88162e-13  8.05122e-24  3.26981e-13  1.40755e-23  1.98569e-13 -2.49574e-23  2.32047e-15  2.22286e-23 -2.57874e-14 -1.41416e-23 -7.35453e-15  6.92191e-24  8.00367e-16  -2.4208e-24  9.76465e-16  4.36947e-25  2.10057e-16  1.58267e-26 -1.96112e-17   1.2151e-26 -2.11665e-17 -2.78186e-26 -4.72446e-18  8.17077e-27 -8.70977e-20 -1.30799e-27  2.15459e-19  2.13609e-27  5.95926e-20    -1.37e-27  6.62052e-21  2.99581e-28 -3.53015e-22 -7.00518e-30  -2.5403e-22 -1.57895e-30 -4.38447e-23  -1.6469e-30   -3.642e-24  4.60153e-31  4.96367e-27  2.52034e-32  4.03051e-26 -4.14847e-32  5.21154e-27  5.95971e-33  3.43346e-28  1.93162e-34  1.08804e-29 -5.27794e-35 -4.73666e-32  6.95204e-36 -1.53505e-32  -1.0338e-37 -3.82369e-34 -4.22017e-39
 1.88538e-33  1.30152e-17 -9.79619e-32 -5.24492e-16  2.15349e-30  1.11372e-14 -3.01348e-29 -1.56667e-13  2.98396e-28  1.61214e-12 -2.16626e-27  -1.2821e-11  1.15063e-26  8.15486e-11 -4.18672e-26 -4.24364e-10  7.02474e-26   1.8347e-09  2.97453e-25 -6.65825e-09 -3.21088e-24  2.04115e-08   1.6485e-23 -5.30141e-08 -6.11853e-23  1.16617e-07  1.80097e-22 -2.16385e-07 -4.35979e-22  3.35686e-07  8.83579e-22 -4.28358e-07 -1.51426e-21  4.36398e-07  2.21096e-21 -3.33869e-07 -2.77643e-21  1.62089e-07  3.05055e-21 -1.04635e-08 -3.02259e-21 -5.36374e-08   2.8042e-21  3.76222e-08  -2.4683e-21 -9.60161e-10  1.95045e-21 -1.22636e-08 -1.17236e-21  4.55337e-09  2.56441e-22  2.56864e-09  4.66896e-22 -1.85229e-09 -7.20095e-22 -4.75303e-10  5.17808e-22  5.31885e-10 -1.21744e-22  1.08685e-10 -1.96879e-22 -1.25366e-10  3.17154e-22 -3.32149e-11 -2.60293e-22  2.33488e-11  1.18295e-22  9.97103e-12  5.07983e-24 -2.70476e-12 -4.80369e-23 -2.29142e-12  2.15598e-23 -6.06096e-14  1.99507e-23   3.3424e-13 -3.80027e-23      9.4e-14  3.23882e-23 -1.79879e-14 -1.92662e-23 -1.61534e-14  8.74174e-24 -2.67088e-15 -2.76389e-24  8.08955e-16  3.63002e-25  4.72086e-16  7.82025e-26  7.31194e-17  6.85964e-27 -1.23298e-17  -2.9644e-26 -8.05179e-18  5.13954e-27 -1.53612e-18  3.12617e-28 -2.31384e-20   2.1857e-27  5.74034e-20 -1.46285e-27  1.46978e-20   2.6717e-28  1.64858e-21  1.01776e-29 -1.12557e-23 -3.00686e-30 -3.53285e-23  -2.0719e-30 -6.12251e-24  6.39929e-31  -5.3562e-25  1.80612e-33  -1.7114e-26 -3.93767e-32  1.64582e-27  4.84962e-33  2.47791e-28  1.88538e-34  1.47681e-29 -2.20353e-35   4.3836e-31  4.05085e-36  4.72625e-33 -4.33607e-38 -1.51723e-35
-2.28972e-18   3.3476e-32  1.64349e-16 -1.02445e-30  -4.6393e-15  1.77209e-29  7.96322e-14 -2.10625e-28 -9.59765e-13  1.83186e-27  8.73232e-12 -1.19129e-26 -6.26115e-11    5.746e-26  3.63753e-10 -1.91786e-25 -1.74468e-09  2.97453e-25  6.99681e-09  1.17112e-24 -2.36573e-08 -1.18069e-23   6.7759e-08  5.68035e-23 -1.64649e-07 -1.98024e-22    3.388e-07  5.48273e-22 -5.86919e-07 -1.24929e-21  8.46265e-07  2.38304e-21 -9.94938e-07  -3.8417e-21   9.1752e-07  5.27323e-21 -6.08788e-07 -6.22901e-21  2.15477e-07   6.4653e-21  5.98179e-08 -6.11532e-21 -1.23327e-07  5.49036e-21  5.13979e-08 -4.68554e-21  1.77012e-08  3.48889e-21 -2.42927e-08 -1.78198e-21  2.05971e-09 -4.98018e-23  6.94304e-09  1.28622e-21  -1.8156e-09 -1.49676e-21 -1.72972e-09  9.01786e-22  5.78068e-10 -1.00689e-22  4.31419e-10 -4.36084e-22 -1.19693e-10  5.78958e-22 -1.06616e-10 -4.28507e-22  1.25136e-11  1.63495e-22  2.30274e-11   4.3609e-23   1.8639e-12 -1.02257e-22 -3.59343e-12   4.6021e-23 -1.12111e-12  2.68493e-23  2.57232e-13 -5.52316e-23  2.21051e-13  4.48386e-23  2.81719e-14 -2.47409e-23 -1.74542e-14  1.03064e-23 -7.98423e-15 -2.91251e-24 -6.79416e-16  2.29624e-25  4.80527e-16   1.4203e-25  1.91319e-16  4.54284e-27  2.23652e-17 -2.91954e-26 -5.11763e-18  1.79043e-28 -2.55428e-18  2.22488e-27 -4.37739e-19   2.2504e-27 -1.06523e-20 -1.50907e-27  1.18182e-20   2.1295e-28  2.91041e-21  2.87957e-29   3.3147e-22  -4.1215e-30  9.31824e-24  -2.4661e-30 -3.20149e-24  7.59509e-31 -5.88428e-25 -1.10681e-32 -5.10634e-26  -3.4566e-32 -2.23865e-27  3.46043e-33 -3.32817e-30   1.5116e-34  5.08686e-30  -2.4484e-36  2.50107e-31  2.17807e-36   4.3308e-33 -1.24988e-38
-7.86711e-33 -3.94228e-17   4.0694e-31  1.61966e-15 -8.98319e-30 -3.50913e-14  1.28401e-28  5.04095e-13  -1.3234e-27 -5.30205e-12  1.02291e-26  4.31421e-11 -6.00667e-26 -2.81062e-10  2.64647e-25  1.49983e-09 -8.13957e-25 -6.65825e-09  1.17112e-24  2.48479e-08  4.29943e-24 -7.84662e-08  -4.0576e-23  2.10354e-07  1.83258e-22 -4.78779e-07 -6.00896e-22  9.22058e-07  1.56656e-21  -1.4908e-06 -3.36216e-21  1.99459e-06  6.03835e-21 -2.15154e-06 -9.15729e-21  1.77745e-06  1.18161e-20 -9.88679e-07 -1.31354e-20  1.87391e-07  1.29083e-20  2.38029e-07 -1.17197e-20 -2.28377e-07  1.02551e-20  4.13881e-08 -8.50735e-21  6.00668e-08  5.91767e-21 -3.60826e-08 -2.40533e-21 -8.57207e-09 -1.01034e-21  1.28383e-08  2.91898e-21  5.25098e-10 -2.80275e-21 -3.58868e-09  1.41295e-21 -2.53185e-12  4.94641e-23   8.9035e-10 -8.67798e-22  5.09755e-11  9.85421e-22 -1.91861e-10 -6.62058e-22 -3.60231e-11  2.05828e-22  3.14345e-11  1.19967e-22  1.25922e-11 -1.92462e-22 -2.59794e-12   8.5981e-23 -2.59279e-12  3.43658e-23 -2.81809e-13 -7.68513e-23  2.70583e-13  5.91436e-23  1.09861e-13 -2.99502e-23  1.30802e-15  1.12918e-23 -1.07235e-14 -2.81044e-24 -3.26568e-15   6.4736e-26 -8.03069e-17  1.89222e-25  2.14446e-16  7.35874e-27  6.62742e-17    -2.58e-26  6.28361e-18 -6.39471e-27 -1.57187e-18  4.11678e-27 -6.70783e-19  2.37621e-27 -1.07343e-19 -1.51173e-27 -4.33888e-21  1.44024e-28  1.77773e-21  4.68192e-29  4.41959e-22 -4.82745e-30  5.04754e-23 -2.77118e-30  2.47975e-24  7.92766e-31 -1.39121e-25 -1.37293e-32 -3.46575e-26  -2.7572e-32 -2.84927e-27  2.12465e-33 -1.21835e-28  9.89309e-35 -2.19229e-30  5.83473e-36  1.52755e-32  1.01143e-36  6.81776e-34
   6.272e-18 -1.28816e-31 -4.59095e-16  3.91691e-30  1.32265e-14 -6.81954e-29 -2.31904e-13  8.30435e-28  2.85761e-12 -7.53482e-27 -2.66077e-11  5.22508e-26  1.95446e-10 -2.78932e-25 -1.16459e-09  1.12838e-24   5.7362e-09 -3.21088e-24 -2.36573e-08  4.29943e-24  8.23916e-08   1.4756e-23 -2.43528e-07 -1.30629e-22  6.12023e-07  5.54748e-22 -1.30607e-06 -1.71304e-21  2.35479e-06  4.20887e-21 -3.55093e-06 -8.51268e-21  4.39827e-06   1.4397e-20 -4.32834e-06 -2.05361e-20  3.15489e-06  2.49054e-20 -1.38161e-06 -2.60691e-20 -6.84283e-08  2.43268e-20  5.85877e-07 -2.13444e-20 -3.41657e-07  1.83359e-20 -3.13247e-08 -1.47943e-20  1.31045e-07  9.48861e-21 -3.47361e-08 -2.68408e-21 -3.20996e-08 -3.25575e-21  1.67406e-08  5.85562e-21  7.01904e-09 -4.80895e-21 -5.07959e-09  1.98985e-21 -1.71828e-09  4.52549e-22  1.19607e-09 -1.57909e-21  4.83372e-10  1.57314e-21 -2.07068e-10 -9.65793e-22 -1.28878e-10  2.34907e-22  1.69709e-11  2.48937e-22  2.64267e-11 -3.29825e-22  3.14114e-12   1.4603e-22 -3.28709e-12  4.19303e-23 -1.30167e-12 -1.02728e-22  7.09581e-14  7.45369e-23  1.74591e-13 -3.41379e-23  4.29312e-14  1.13886e-23 -4.43739e-15 -2.44739e-24 -5.07424e-15 -8.50666e-26 -1.13921e-15  2.01751e-25  2.36545e-17  1.59353e-26  7.65217e-17   -1.915e-26  1.97593e-17 -1.39026e-26  1.68045e-18   5.6819e-27  -3.6056e-19  2.58404e-27 -1.42822e-19 -1.47997e-27 -2.18809e-20  6.99765e-29 -1.24272e-21    6.238e-29  1.72898e-22 -5.05341e-30  4.82206e-23 -2.94362e-30  5.41889e-24  7.32851e-31  3.14123e-25 -9.42198e-33  2.85844e-27 -1.95591e-32  -9.9668e-28  1.08854e-33 -7.73086e-29  5.10551e-35 -2.53075e-30  6.45426e-36 -3.20718e-32  3.42127e-37
 2.81974e-32  9.96301e-17 -1.44433e-30 -4.17901e-15  3.16811e-29  9.25163e-14 -4.57171e-28 -1.35922e-12  4.84192e-27   1.4635e-11 -3.91246e-26  -1.2203e-10  2.45331e-25  8.15582e-10  -1.1976e-24 -4.47033e-09  4.46857e-24  2.04115e-08 -1.18069e-23 -7.84662e-08   1.4756e-23  2.55687e-07   4.7455e-23 -7.08755e-07   -3.948e-22  1.67212e-06  1.57882e-21 -3.34824e-06 -4.59634e-21  5.65162e-06  1.06508e-20 -7.93986e-06  -2.0308e-20  9.07605e-06  3.23423e-20 -8.08485e-06 -4.33783e-20  5.07823e-06  4.94285e-20 -1.51721e-06 -4.87513e-20  -7.8276e-07  4.33704e-20  1.13414e-06 -3.70752e-20 -3.79761e-07  3.14823e-20 -2.18029e-07  -2.4657e-20  2.17111e-07  1.43134e-20  2.57675e-09 -1.88417e-21 -6.86132e-08 -7.73557e-21  1.11018e-08   1.0693e-20    1.829e-08 -7.63465e-21 -3.98087e-09  2.48944e-21 -4.67562e-09  1.27336e-21  7.55521e-10 -2.65829e-21  1.13258e-09  2.36703e-21 -2.16575e-11 -1.33818e-21 -2.31209e-10  2.41573e-22 -3.90982e-11  4.41798e-22  3.21506e-11 -5.23318e-22  1.38678e-11  2.30003e-22 -1.32118e-12  4.89657e-23 -2.26554e-12 -1.32411e-22 -4.64658e-13  9.00002e-23  1.27336e-13 -3.65199e-23   8.5774e-14  1.03689e-23  1.33531e-14 -1.86829e-24 -3.29044e-15 -1.65487e-25 -1.96612e-15    1.677e-25 -3.47478e-16  2.89362e-26  1.69622e-17 -9.54795e-27  2.22018e-17 -2.14545e-26   5.0421e-18  6.71832e-27  4.23643e-19  2.86132e-27 -5.88286e-20 -1.42664e-27 -2.37976e-20  4.39874e-31 -3.53287e-21  7.40125e-29 -2.43034e-22 -4.74345e-30  6.83226e-24 -2.95989e-30  3.41654e-24  5.94926e-31  3.73856e-25 -2.62524e-33  2.14065e-26 -1.19435e-32  5.53564e-28  4.39344e-34  -5.5025e-30  1.89785e-35 -6.64835e-31    3.944e-36 -9.23705e-33
-1.43336e-17   4.2801e-31   1.0716e-15 -1.28323e-29 -3.15591e-14  2.22364e-28   5.6613e-13 -2.74306e-27 -7.14413e-12  2.56465e-26  6.81914e-11 -1.86272e-25 -5.14039e-10  1.06324e-24  3.14703e-09 -4.77064e-24 -1.59469e-08   1.6485e-23   6.7759e-08  -4.0576e-23 -2.43528e-07   4.7455e-23  7.44213e-07  1.43309e-22 -1.93809e-06 -1.12235e-21  4.29752e-06  4.23207e-21 -8.07918e-06 -1.16268e-20  1.27637e-05  2.54245e-20  -1.6679e-05   -4.571e-20  1.75208e-05  6.85368e-20 -1.39714e-05 -8.63859e-20  7.26803e-06  9.24448e-20 -8.52954e-07 -8.60076e-20  -2.2314e-06  7.33328e-20  1.80868e-06 -6.16633e-20 -1.83106e-07  5.20488e-20 -5.57402e-07 -3.93806e-20   2.6951e-07   2.0162e-20   1.0288e-07  1.24773e-21 -1.06218e-07 -1.57126e-20 -1.44164e-08  1.80501e-20  3.12434e-08 -1.12873e-20  2.75704e-09  2.68001e-21 -7.87085e-09  2.69776e-21 -1.13288e-09 -4.17495e-21  1.65793e-09  3.37092e-21  4.66807e-10 -1.77262e-21 -2.48954e-10  2.23963e-22 -1.35269e-10  7.01324e-22  1.26924e-11 -7.77279e-22  2.45464e-11  3.40091e-22  4.51198e-12  5.51502e-23 -2.06426e-12 -1.65219e-22 -1.13915e-12  1.04392e-22 -1.01229e-13 -3.64189e-23  8.49671e-14  8.14443e-24  3.43981e-14 -1.16744e-24  3.29471e-15 -1.30409e-25 -1.50761e-15  8.60383e-26 -6.39627e-16  4.35035e-26 -9.45542e-17  1.96921e-27  5.23393e-18 -2.81818e-26  5.20798e-18  7.18894e-27  1.08019e-18  3.16773e-27  9.46018e-20 -1.36439e-27 -5.78862e-21 -5.72874e-29 -2.93826e-21  8.07598e-29  -4.2506e-22  -3.8835e-30 -3.16127e-23 -2.81663e-30 -5.77366e-25  4.12024e-31  1.28853e-25  2.88488e-33  1.43622e-26 -5.89002e-33  7.05893e-28  1.21147e-34  1.65084e-29  3.64893e-36  1.13512e-31  1.46186e-36
-8.77657e-32 -2.10161e-16  4.44372e-30  9.01569e-15 -9.59243e-29 -2.04309e-13  1.38157e-27  3.07541e-12 -1.48744e-26 -3.39611e-11  1.24166e-25  2.90732e-10 -8.16849e-25 -1.99723e-09  4.26895e-24  1.12662e-08 -1.76858e-23 -5.30141e-08  5.68035e-23  2.10354e-07 -1.30629e-22 -7.08755e-07  1.43309e-22  2.03562e-06  4.07175e-22 -4.98831e-06 -3.00654e-21  1.04068e-05  1.07023e-20 -1.83749e-05 -2.77693e-20  2.71541e-05  5.73291e-20 -3.29317e-05 -9.71894e-20  3.16075e-05  1.37137e-19 -2.21952e-05 -1.62313e-19  8.85824e-06  1.63037e-19  1.46334e-06 -1.43317e-19 -4.60632e-06  1.17952e-19  2.33272e-06 -9.86082e-20  4.70614e-07  8.30239e-20 -1.02605e-06 -6.02202e-20  1.94617e-07  2.62052e-20  2.79928e-07  8.55247e-21  -1.1473e-07 -2.86423e-20 -6.73402e-08   2.8431e-20  3.68311e-08 -1.56175e-20  1.71973e-08  2.26542e-21  -8.6814e-09  4.89585e-21  -4.7158e-09 -6.15592e-21  1.38631e-09  4.56002e-21  1.18942e-09  -2.2616e-21 -5.45484e-11  1.94546e-22 -2.26709e-10  1.01749e-21 -4.31935e-11 -1.08959e-21  2.43605e-11  4.75996e-22  1.26534e-11  6.07323e-23  3.45178e-13 -2.00347e-22 -1.40736e-12  1.16591e-22 -4.51507e-13 -3.33971e-23  2.57311e-15   4.8014e-24  4.01178e-14 -4.68115e-25  1.16633e-14  4.24728e-26  6.44265e-16 -3.19212e-26  -5.1784e-16  5.64805e-26 -1.75949e-16  1.37248e-26 -2.31238e-17 -3.34685e-26  9.33217e-19  7.21655e-27  9.64892e-19  3.45132e-27  1.87899e-19  -1.3013e-27  1.72324e-20 -9.96745e-29 -7.50275e-23  8.21949e-29 -2.46135e-22 -2.54894e-30 -3.52034e-23  -2.5295e-30 -2.58419e-24  2.24929e-31 -8.88815e-26  5.29608e-33  1.11256e-27 -1.94653e-33  2.32455e-28   9.7788e-36  8.03953e-30 -7.09616e-37  7.76071e-32
