    0.023712  2.71545e-18   -0.0371173 -1.00691e-17    0.0028897  3.59354e-19   0.00862652  8.07782e-18   0.00117879 -1.86843e-18  -0.00127175 -8.77911e-19 -0.000531717  1.56996e-19 -6.79926e-06 -4.45018e-20  3.73551e-05 -1.03215e-20  7.54371e-06  6.79719e-21  3.10304e-07
 2.71545e-18    0.0672286  1.00186e-17   -0.0511651 -2.43375e-17   -0.0108253 -1.89101e-18    0.0119192  1.30619e-17   0.00486327 -1.32829e-18  -0.00106697 -8.88378e-19  -0.00103987  1.28333e-19 -0.000174842 -1.67327e-19  2.41529e-05 -1.43813e-20  8.44511e-06  7.68326e-21
  -0.0371173  1.00186e-17    0.0910279  2.13119e-17   -0.0399206 -3.69985e-17   -0.0240901 -5.12036e-18   0.00926389  1.30222e-17   0.00795352  -2.8569e-19  0.000186588  3.21839e-20    -0.001173   9.4303e-20 -0.000348685 -2.99097e-19 -1.79468e-05 -1.17564e-20  2.84422e-06
-1.00691e-17   -0.0511651  2.13119e-17    0.0841936  3.15336e-17    -0.022073 -4.08688e-17   -0.0299562  -7.1285e-18   0.00417524  8.56214e-18   0.00930595  1.40582e-19   0.00177612  1.34067e-18 -0.000858074  -5.0811e-21 -0.000394767 -3.63609e-19 -4.36635e-05 -5.07358e-21
   0.0028897 -2.43375e-17   -0.0399206  3.15336e-17    0.0670488  3.51751e-17   -0.0098578 -3.43273e-17   -0.0308062 -6.46114e-18 -0.000815203  2.33535e-18   0.00914526  3.33772e-19   0.00315963  2.43324e-18 -0.000244809 -2.15402e-19 -0.000279493 -3.29008e-19 -3.04082e-05
 3.59354e-19   -0.0108253 -3.69985e-17    -0.022073  3.51751e-17    0.0542507  3.05949e-17  -0.00323961 -2.13985e-17    -0.029878  -3.8556e-18    -0.005138 -3.07852e-18   0.00785995  1.37925e-18   0.00398927   3.0243e-18  0.000393844 -4.35048e-19 -9.34936e-05 -2.03519e-19
  0.00862652 -1.89101e-18   -0.0240901 -4.08688e-17   -0.0098578  3.05949e-17    0.0471158  2.03319e-17  0.000688733  -7.9464e-18   -0.0285354 -2.44137e-18  -0.00893375 -6.33258e-18   0.00564756  3.51317e-18   0.00399651  2.99304e-18  0.000743862 -5.23534e-19  1.92193e-05
 8.07782e-18    0.0119192 -5.12036e-18   -0.0299562 -3.43273e-17  -0.00323961  2.03319e-17    0.0432449  9.24189e-18   0.00360424  1.22818e-18   -0.0270713 -5.56463e-18   -0.0123504 -7.52976e-18    0.0026429  5.60716e-18   0.00306688  2.25699e-18  0.000641817 -4.06142e-19
  0.00117879  1.30619e-17   0.00926389  -7.1285e-18   -0.0308062 -2.13985e-17  0.000688733  9.24189e-18    0.0411728    2.781e-18    0.0062524  3.69613e-18   -0.0253716 -1.36696e-17   -0.0152799 -7.34506e-18 -0.000768655  6.25919e-18   0.00150717  1.08501e-18  0.000272908
-1.86843e-18   0.00486327  1.30222e-17   0.00417524 -6.46114e-18    -0.029878  -7.9464e-18   0.00360424    2.781e-18    0.0403635  4.92075e-18   0.00911865  1.54056e-19   -0.0230058 -2.29159e-17   -0.0171085 -5.74837e-18  -0.00363251  5.24945e-18  0.000129053  1.83683e-19
 -0.00127175 -1.32829e-18   0.00795352  8.56214e-18 -0.000815203  -3.8556e-18   -0.0285354  1.22818e-18    0.0062524  4.92075e-18    0.0407151  1.54119e-17    0.0127736 -6.09273e-18   -0.0190894 -2.71588e-17   -0.0166197 -2.18092e-18  -0.00465881  3.51675e-18 -0.000345092
-8.77911e-19  -0.00106697  -2.8569e-19   0.00930595  2.33535e-18    -0.005138 -2.44137e-18   -0.0270713  3.69613e-18   0.00911865  1.54119e-17    0.0424521  2.81576e-17     0.018068 -1.14945e-17   -0.0124165 -2.24837e-17   -0.0127485  2.50005e-18  -0.00341733  1.80997e-18
-0.000531717 -8.88378e-19  0.000186588  1.40582e-19   0.00914526 -3.07852e-18  -0.00893375 -5.56463e-18   -0.0253716  1.54056e-19    0.0127736  2.81576e-17    0.0461551   3.3194e-17      0.02587 -1.42781e-17  -0.00264565 -1.08344e-17  -0.00632577  5.32697e-18  -0.00126511
 1.56996e-19  -0.00103987  3.21839e-20   0.00177612  3.33772e-19   0.00785995 -6.33258e-18   -0.0123504 -1.36696e-17   -0.0230058 -6.09273e-18     0.018068   3.3194e-17    0.0523798  2.34957e-17    0.0356397 -1.37573e-17    0.0077145  9.15882e-19 -0.000668746  4.14569e-18
-6.79926e-06  1.28333e-19    -0.001173  1.34067e-18   0.00315963  1.37925e-18   0.00564756 -7.52976e-18   -0.0152799 -2.29159e-17   -0.0190894 -1.14945e-17      0.02587  2.34957e-17    0.0601255  3.19858e-18    0.0434497 -9.22954e-18    0.0135088  6.33942e-18   0.00128917
-4.45018e-20 -0.000174842   9.4303e-20 -0.000858074  2.43324e-18   0.00398927  3.51317e-18    0.0026429 -7.34506e-18   -0.0171085 -2.71588e-17   -0.0124165 -1.42781e-17    0.0356397  3.19858e-18    0.0648788 -1.28661e-17    0.0430174 -2.13627e-18    0.0116552  4.67817e-18
 3.73551e-05 -1.67327e-19 -0.000348685  -5.0811e-21 -0.000244809   3.0243e-18   0.00399651  5.60716e-18 -0.000768655 -5.74837e-18   -0.0166197 -2.24837e-17  -0.00264565 -1.37573e-17    0.0434497 -1.28661e-17    0.0599876 -1.37555e-17     0.031886  2.72421e-18   0.00535046
-1.03215e-20  2.41529e-05 -2.99097e-19 -0.000394767 -2.15402e-19  0.000393844  2.99304e-18   0.00306688  6.25919e-18  -0.00363251 -2.18092e-18   -0.0127485 -1.08344e-17    0.0077145 -9.22954e-18    0.0430174 -1.37555e-17    0.0433879 -4.93348e-18    0.0160569  2.55176e-18
 7.54371e-06 -1.43813e-20 -1.79468e-05 -3.63609e-19 -0.000279493 -4.35048e-19  0.000743862  2.25699e-18   0.00150717  5.24945e-18  -0.00465881  2.50005e-18  -0.00632577  9.15882e-19    0.0135088 -2.13627e-18     0.031886 -4.93348e-18    0.0223315  1.02669e-18   0.00457262
 6.79719e-21  8.44511e-06 -1.17564e-20 -4.36635e-05 -3.29008e-19 -9.34936e-05 -5.23534e-19  0.000641817  1.08501e-18  0.000129053  3.51675e-18  -0.00341733  5.32697e-18 -0.000668746  6.33942e-18    0.0116552  2.72421e-18    0.0160569  1.02669e-18   0.00716136  1.13029e-18
 3.10304e-07  7.68326e-21  2.84422e-06 -5.07358e-21 -3.04082e-05 -2.03519e-19  1.92193e-05 -4.06142e-19  0.000272908  1.83683e-19 -0.000345092  1.80997e-18  -0.00126511  4.14569e-18   0.00128917  4.67817e-18   0.00535046  2.55176e-18   0.00457262  1.13029e-18   0.00106651
