 4.83983e-07   2.0617e-22 -5.95641e-06 -3.17133e-21  2.70492e-05  1.29496e-20  -6.7659e-05 -2.98116e-20  0.000100792  4.54782e-20 -8.12761e-05  -4.6361e-20  1.05334e-05  2.66977e-20  4.16932e-05  2.49945e-21 -2.57773e-05 -2.12777e-20 -1.51488e-05  1.11624e-20  1.77731e-05  1.92275e-20  5.65007e-06 -2.78387e-20 -9.59521e-06   6.7738e-21 -2.79639e-06  9.75551e-21   4.4423e-06 -7.41477e-21  1.72797e-06  9.28673e-22 -1.67713e-06 -1.94607e-22 -1.01674e-06  1.05983e-21  4.23557e-07 -5.59632e-22  4.70897e-07  2.18916e-22 -9.35894e-09  -1.3839e-22 -1.45257e-07 -6.61436e-23 -4.44757e-08  5.37315e-23  1.97079e-08  4.38549e-23  1.60681e-08 -3.31141e-23   2.3117e-09  6.38089e-24 -1.35646e-09 -9.88169e-25 -6.58806e-10  6.85838e-27 -9.67729e-11 -1.14744e-25  9.92027e-13  5.36619e-27  8.90552e-13
  2.0617e-22    8.621e-06  1.93374e-21  -5.8644e-05 -1.74752e-20  0.000194584  5.35727e-20 -0.000378179 -1.03448e-19  0.000431575  1.41524e-19 -0.000219814 -1.38367e-19  -9.2135e-05  8.28071e-20  0.000182167  3.80578e-21  -2.1398e-05 -5.83585e-20 -9.66765e-05  3.69362e-22  3.04902e-05  9.37177e-20  4.77865e-05 -7.65582e-20 -1.77192e-05 -6.11762e-21 -2.37043e-05  3.69773e-20  6.75504e-06 -1.58675e-20  1.13663e-05  1.11756e-21 -1.12767e-06 -3.31368e-21 -4.76485e-06  3.40379e-21 -6.42062e-07 -9.39753e-22  1.49728e-06   7.5455e-22   6.2588e-07  -2.6634e-22 -2.45164e-07 -3.70537e-22 -2.41981e-07  5.71209e-23 -2.63814e-08  1.57708e-22  3.73456e-08 -5.84239e-23  1.70709e-08  1.14471e-23   1.2619e-09 -2.58028e-24 -1.00998e-09 -5.90363e-25  -3.0343e-10 -3.67489e-25 -2.67662e-11 -2.89285e-27
-5.95641e-06  1.93374e-21  7.37627e-05  7.98031e-21 -0.000337935 -4.63701e-20  0.000856132  1.10345e-19  -0.00130105 -1.83522e-19   0.00109138  2.43209e-19 -0.000197082 -2.51847e-19 -0.000522354  1.62794e-19  0.000374715  2.29356e-20  0.000164636 -8.81175e-20 -0.000250942 -1.29017e-19  -4.7559e-05  2.67082e-19  0.000135431 -1.03754e-19  2.01713e-05 -7.69942e-20 -6.47899e-05  7.92602e-20 -1.42479e-05 -1.53473e-20   2.6725e-05  2.64067e-21  1.01688e-05 -1.17314e-20 -8.47331e-06  5.81196e-21 -5.63595e-06 -1.49401e-21  1.42519e-06  1.87819e-21  2.14831e-06  3.07567e-22   2.5609e-07 -9.47895e-22 -4.49653e-07 -1.82464e-22 -2.06547e-07  2.84846e-22  9.23247e-09 -3.84842e-23  3.23047e-08  2.08341e-23  9.38433e-09 -3.71391e-24  4.73277e-10 -1.54806e-24 -2.12439e-10 -6.39087e-25 -2.39786e-11
-3.17133e-21  -5.8644e-05  7.98031e-21  0.000402459  1.67449e-20  -0.00135229  -6.1253e-20   0.00267788  1.06345e-19  -0.00315431 -1.68931e-19   0.00174866  2.83315e-19  0.000521281 -3.65772e-19  -0.00135018  2.17634e-19  0.000290043  1.22611e-19  0.000674112 -1.28878e-21 -0.000310238 -5.16362e-19 -0.000315716  4.99183e-19  0.000183023 -1.68888e-20  0.000153738 -2.18621e-19 -8.11183e-05   1.0756e-19 -7.64612e-05  2.70144e-23  2.53674e-05  1.22411e-20  3.52614e-05 -2.20646e-20 -2.75075e-06   5.7979e-21 -1.31975e-05 -4.15866e-21 -2.48799e-06  3.03987e-21  3.25545e-06  2.49459e-21  1.66339e-06 -1.44295e-21  -2.3153e-07 -7.39303e-22 -4.13158e-07  2.87628e-22 -1.02449e-07  3.06971e-23  1.81654e-08  3.75046e-23  1.44447e-08 -2.64618e-24   2.6526e-09 -2.11751e-24   1.1951e-10 -5.84844e-25
 2.70492e-05 -1.74752e-20 -0.000337935  1.67449e-20   0.00156774  1.49543e-20  -0.00404433  -7.9131e-21    0.0063214 -3.39167e-20  -0.00559883 -4.83284e-20   0.00140949  3.29372e-19   0.00237897 -5.21677e-19  -0.00209305  1.14779e-19   -0.0005474  3.20855e-19   0.00133337  4.24621e-19  3.35005e-05 -1.17274e-18 -0.000707013  6.15923e-19  2.57777e-05  2.41276e-19  0.000345215 -3.68903e-19  3.20932e-06  8.49599e-20 -0.000153746  1.55495e-20 -2.10892e-05  3.35582e-20  5.79973e-05 -2.33178e-20  1.94229e-05  3.64363e-21 -1.57539e-05 -1.11676e-20 -1.02927e-05  2.59778e-21  1.66129e-06  6.33247e-21  3.17636e-06 -1.37403e-21  6.55223e-07 -1.40328e-21 -3.80817e-07  1.08343e-22 -2.26916e-07  1.11423e-22  -3.0861e-08  5.24064e-23   7.4054e-09  -7.3826e-25  2.64506e-09  -1.9888e-24  1.84265e-10
 1.29496e-20  0.000194584 -4.63701e-20  -0.00135229  1.49543e-20   0.00462597  -1.2875e-20  -0.00940631  1.44911e-19    0.0115774 -2.70075e-19  -0.00715469  1.08628e-20  -0.00106243  5.81554e-19   0.00495634 -6.98016e-19  -0.00175445 -3.31478e-19  -0.00220628  3.96166e-19   0.00155379  1.35962e-18  0.000909793 -1.82896e-18 -0.000911712  4.23166e-19 -0.000410181  5.96907e-19   0.00043983 -4.14351e-19  0.000210753  6.64247e-21 -0.000174656  3.19548e-21 -0.000110749  5.64639e-20  5.04266e-05 -5.96336e-21  5.08933e-05  4.13291e-21 -5.49117e-06 -2.20048e-20  -1.7366e-05 -6.60942e-22 -3.41267e-06   1.0543e-20  3.28281e-06 -7.01888e-22  1.80167e-06 -1.87768e-21  2.61212e-08 -1.36408e-22 -2.36282e-07  1.75475e-22 -7.54544e-08  5.29512e-23 -6.27671e-09 -9.56198e-25  6.42363e-10 -1.28496e-24
 -6.7659e-05  5.35727e-20  0.000856132  -6.1253e-20  -0.00404433  -1.2875e-20    0.0107079 -7.54004e-20   -0.0174135  3.92819e-19    0.0165939 -4.72007e-19  -0.00577345 -1.70154e-19  -0.00570712  1.12722e-18   0.00673422 -6.02058e-19  0.000353787 -1.13135e-18  -0.00394511 -8.19615e-20  0.000765058  2.62548e-18   0.00198396 -2.07981e-18 -0.000601067  -9.3048e-20 -0.000961801  8.67622e-19  0.000284164 -2.82709e-19  0.000455272 -8.72391e-20 -8.23779e-05 -4.95046e-20 -0.000199274  6.15053e-20 -1.16668e-06   2.6412e-20  7.23027e-05  1.18172e-20  1.72494e-05 -3.27777e-20 -1.76476e-05 -5.58896e-21 -9.85691e-06  1.34328e-20  1.15723e-06   3.3688e-23  2.38233e-06 -2.07031e-21  6.13809e-07 -2.57499e-22 -8.56739e-08  2.25944e-22 -7.24127e-08  3.85156e-23 -1.24146e-08 -2.75326e-24 -4.98925e-10
-2.98116e-20 -0.000378179  1.10345e-19   0.00267788  -7.9131e-21  -0.00940631 -7.54004e-20    0.0198759 -1.87302e-19    -0.026016  6.92162e-19    0.0184279 -5.54266e-19 -0.000559855 -6.31626e-19   -0.0107628  1.71823e-18   0.00610311  2.39923e-19   0.00372741   -1.915e-18    -0.004631 -1.30135e-18 -0.000979602  3.69966e-18   0.00263117 -1.75421e-18  0.000244969 -7.23483e-19  -0.00132082  9.08489e-19 -0.000124068 -7.63261e-21  0.000598097  -1.4582e-19  0.000109482 -1.22163e-19 -0.000232167  3.91913e-20 -8.17339e-05  5.73886e-20  6.70516e-05  2.48863e-20  4.30895e-05 -3.91578e-20 -8.60628e-06 -8.88538e-21 -1.40728e-05  1.41111e-20 -2.51382e-06  1.67426e-22  1.84338e-06 -2.10511e-21  9.94252e-07 -1.64862e-22  1.26124e-07  2.64764e-22 -2.59716e-08  2.02815e-23 -7.36088e-09 -2.82774e-24
 0.000100792 -1.03448e-19  -0.00130105  1.06345e-19    0.0063214  1.44911e-19   -0.0174135 -1.87302e-19    0.0300246 -3.41705e-19   -0.0316373  9.27629e-19    0.0151732 -4.97826e-19   0.00692653 -1.36749e-18   -0.0136904  1.81015e-18   0.00283153  2.01094e-18   0.00685625 -2.17708e-18  -0.00369505 -2.83853e-18  -0.00295783  4.16178e-18   0.00244868  -1.0765e-18   0.00129636 -1.21522e-18  -0.00128102  7.29284e-19 -0.000630907  2.98574e-19  0.000555457 -1.50701e-19  0.000328425 -1.75093e-19 -0.000184606  2.06132e-21 -0.000159179  6.99792e-20   3.2626e-05  3.51157e-20  6.02853e-05 -3.93617e-20  7.11042e-06 -7.57547e-21  -1.3462e-05  1.28322e-20 -5.99246e-06 -5.48795e-22  3.41043e-07  -2.1103e-21  9.02571e-07  6.65136e-23   2.4434e-07  2.70551e-22  1.75321e-08  8.05526e-24 -8.79824e-10
 4.54782e-20  0.000431575 -1.83522e-19  -0.00315431 -3.39167e-20    0.0115774  3.92819e-19    -0.026016 -3.41705e-19    0.0373518 -4.59051e-19   -0.0315655  1.02612e-18   0.00785059  -2.3379e-19    0.0135247  -2.3754e-18   -0.0132044  9.02641e-19  -0.00165756  4.25217e-18   0.00843556 -1.82634e-18  -0.00156703 -3.96095e-18  -0.00437837  4.05315e-18   0.00153313 -4.36524e-19   0.00215479  -1.4617e-18 -0.000864083  4.67891e-19  -0.00105466  5.18782e-19  0.000340721 -1.26135e-19   0.00049815 -1.76073e-19 -6.98964e-05 -2.42809e-20 -0.000205412  5.78864e-20 -2.04881e-05  3.39667e-20  6.13845e-05 -3.43569e-20  2.37371e-05 -1.46618e-21 -7.80601e-06  1.04822e-20 -7.58874e-06 -1.75957e-21 -1.37157e-06  -2.0777e-21  4.03108e-07   2.7466e-22   2.0122e-07  2.24905e-22  2.50716e-08   2.5672e-24
-8.12761e-05  1.41524e-19   0.00109138 -1.68931e-19  -0.00559883 -2.70075e-19    0.0165939  6.92162e-19   -0.0316373 -4.59051e-19    0.0388408 -4.90657e-19    -0.026272  1.16296e-18 -0.000167043  4.14484e-19    0.0169315 -3.47829e-18   -0.0101599 -9.95986e-19    -0.005559   6.1217e-18   0.00827458 -1.32326e-18  0.000839708 -4.26065e-18  -0.00492775  3.70918e-18  0.000278458 -7.75798e-20   0.00261497 -1.50694e-18 -0.000233409  2.76339e-19  -0.00129233  5.80096e-19  2.49508e-05 -1.16072e-19  0.000575797 -1.15483e-19  7.84491e-05 -2.10294e-20 -0.000207219  2.74649e-20 -7.65111e-05  1.91379e-20  4.54474e-05 -2.62911e-20  3.54301e-05  6.52226e-21  9.12017e-07  7.95466e-21 -6.54492e-06 -2.77148e-21  -2.4233e-06 -1.91352e-21 -1.63768e-07  3.45345e-22  7.16453e-08  1.43242e-22  9.82077e-09
 -4.6361e-20 -0.000219814  2.43209e-19   0.00174866 -4.83284e-20  -0.00715469 -4.72007e-19    0.0184279  9.27629e-19   -0.0315655 -4.90657e-19    0.0347343 -6.04059e-19    -0.019088  1.62565e-18  -0.00586714  1.59007e-18    0.0172103 -4.23997e-18  -0.00643181 -3.18887e-18  -0.00802749  7.00261e-18   0.00704067 -1.18555e-18   0.00287855 -3.82649e-18  -0.00475554  3.36022e-18    -0.000969 -1.92076e-20   0.00267988 -1.41605e-18  0.000447023  2.40032e-19  -0.00132679  4.66379e-19 -0.000316139 -1.52242e-19  0.000553178 -6.63547e-21  0.000225553  1.06797e-20 -0.000165534 -7.51466e-21 -0.000120917 -3.31781e-21  1.68895e-05 -1.73247e-20  3.83883e-05  1.23771e-20  9.56086e-06  5.89155e-21 -3.34348e-06 -3.04271e-21 -2.34266e-06 -1.56442e-21 -4.47302e-07  2.82929e-22 -1.78202e-08  6.30029e-23
 1.05334e-05 -1.38367e-19 -0.000197082  2.83315e-19   0.00140949  1.08628e-20  -0.00577345 -5.54266e-19    0.0151732  1.02612e-18    -0.026272 -6.04059e-19    0.0283123 -1.08652e-18   -0.0133808  2.35398e-18  -0.00861305  3.14802e-18    0.0159604 -4.22704e-18  -0.00327439  -4.6657e-18  -0.00927937  6.79191e-18   0.00543846 -1.50846e-18   0.00438487  -2.9183e-18  -0.00413889  2.99707e-18  -0.00204103 -1.76911e-19    0.0024383 -1.19472e-18   0.00107123  3.63215e-19  -0.00118557  2.15442e-19 -0.000625316 -2.32658e-19  0.000443337  1.19568e-19  0.000343988  5.13004e-20  -9.0621e-05 -3.33833e-20 -0.000143723 -2.26919e-20 -1.67899e-05 -9.38425e-21   3.1763e-05  1.37443e-20  1.51232e-05   4.7083e-21  5.55449e-07 -2.47563e-21 -1.33941e-06 -1.07308e-21 -3.64379e-07  1.69566e-22 -2.47758e-08
 2.66977e-20  -9.2135e-05 -2.51847e-19  0.000521281  3.29372e-19  -0.00106243 -1.70154e-19 -0.000559855 -4.97826e-19   0.00785059  1.16296e-18    -0.019088 -1.08652e-18    0.0230399  -1.9672e-18   -0.0102199  2.76959e-18  -0.00962543  4.55826e-18    0.0145365 -3.36024e-18 -0.000866669 -4.77207e-18  -0.00983317  5.71796e-18   0.00380101 -2.01488e-18   0.00543056 -1.73292e-18  -0.00327476  2.52232e-18  -0.00288459 -4.68943e-19   0.00198113 -8.30124e-19   0.00158089  5.83999e-19 -0.000910678 -9.37777e-20  -0.00086512 -3.20584e-19  0.000269683  2.23719e-19  0.000415957  7.64721e-20  2.37614e-06 -4.30478e-20 -0.000140578 -3.08046e-20 -4.72692e-05 -4.18698e-21  1.76324e-05  1.12182e-20  1.57898e-05  4.60823e-21  3.40862e-06 -1.33244e-21 -1.61524e-07 -5.57842e-22 -1.32421e-07  7.39376e-23
 4.16932e-05  8.28071e-20 -0.000522354 -3.65772e-19   0.00237897  5.81554e-19  -0.00570712 -6.31626e-19   0.00692653  -2.3379e-19 -0.000167043  1.62565e-18   -0.0133808  -1.9672e-18    0.0201263 -2.80356e-18  -0.00866565  2.16804e-18   -0.0101758  5.15809e-18    0.0133186 -1.96722e-18    0.0010659 -3.60547e-18  -0.00998827  4.08767e-18   0.00221538 -2.38588e-18   0.00609887 -4.72633e-19  -0.00227973  1.91161e-18  -0.00348799 -8.21707e-19   0.00138506 -3.67405e-19   0.00194648   8.0237e-19 -0.000546963 -3.69389e-19  -0.00101446 -3.65848e-19  5.96209e-05  2.73725e-19  0.000433067   7.3425e-20  9.68448e-05 -3.84864e-20 -0.000112658 -2.74593e-20 -6.73363e-05 -3.12106e-21  2.96892e-07  7.31627e-21  1.16549e-05  5.43736e-21  4.09234e-06 -5.09692e-23  4.66413e-07 -1.71983e-22  6.98443e-10
 2.49945e-21  0.000182167  1.62794e-19  -0.00135018 -5.21677e-19   0.00495634  1.12722e-18   -0.0107628 -1.36749e-18    0.0135247  4.14484e-19  -0.00586714  2.35398e-18   -0.0102199 -2.80356e-18    0.0187307 -2.89731e-18  -0.00755564  3.00643e-19    -0.010682  4.60485e-18    0.0121866 -5.16793e-19   0.00269458 -1.83417e-18  -0.00984996  2.23861e-18  0.000721554 -2.45338e-18   0.00644743  5.83873e-19  -0.00123595  1.24867e-18  -0.00385808 -1.14049e-18  0.000714645  8.22092e-20   0.00215794  9.25601e-19 -0.000137152 -5.43744e-19  -0.00106533 -3.37095e-19 -0.000159431  2.61846e-19  0.000395216  4.88595e-20  0.000177227 -2.75071e-20 -6.58919e-05 -1.97229e-20 -7.24094e-05 -6.75744e-21 -1.49373e-05  4.33733e-21  4.80337e-06  6.50379e-21  2.79979e-06  8.47541e-22  4.18163e-07 -9.18335e-24
-2.57773e-05  3.80578e-21  0.000374715  2.17634e-19  -0.00209305 -6.98016e-19   0.00673422  1.71823e-18   -0.0136904  -2.3754e-18    0.0169315  1.59007e-18  -0.00861305  2.76959e-18  -0.00866565 -2.89731e-18    0.0177354 -1.78702e-18  -0.00649843 -2.33637e-18   -0.0110679  3.13831e-18    0.0110683  6.36341e-19    0.0040516  -1.6728e-19  -0.00949083  5.85817e-19 -0.000644264 -2.21488e-18   0.00653201  1.19406e-18  -0.00020346  6.68944e-19  -0.00401477 -1.32704e-18  2.18031e-05  4.10219e-19   0.00221845  9.12212e-19  0.000281016 -6.00258e-19  -0.00101969 -2.43218e-19 -0.000362447  2.09519e-19  0.000309143    2.285e-20  0.000230849 -1.71786e-20 -9.76665e-06 -1.56526e-20 -6.16062e-05 -1.39328e-20 -2.33609e-05  2.96613e-21 -1.46971e-06  6.76619e-21  9.11574e-07  1.00103e-21  1.34563e-07
-2.12777e-20  -2.1398e-05  2.29356e-20  0.000290043  1.14779e-19  -0.00175445 -6.02058e-19   0.00610311  1.81015e-18   -0.0132044 -3.47829e-18    0.0172103  3.14802e-18  -0.00962543  2.16804e-18  -0.00755564 -1.78702e-18    0.0167654  3.33426e-19  -0.00558054 -4.70905e-18   -0.0112921  1.41118e-18    0.0100031  1.26613e-18   0.00516519  1.02672e-18  -0.00898491 -4.47485e-19  -0.00186773 -1.79027e-18   0.00640615  1.30607e-18  0.000778871  2.68931e-19  -0.00398354  -1.3387e-18 -0.000653654   5.8513e-19   0.00213919  7.82701e-19  0.000675628 -5.72526e-19 -0.000886749 -1.27754e-19 -0.000528117  1.53525e-19  0.000187023  1.38021e-20  0.000249303 -9.44938e-21  4.42032e-05 -1.79049e-20 -3.82695e-05 -2.13477e-20 -2.26869e-05  2.46976e-21  -4.4065e-06  5.61972e-21 -1.81915e-07  5.64127e-22
-1.51488e-05 -5.83585e-20  0.000164636  1.22611e-19   -0.0005474 -3.31478e-19  0.000353787  2.39923e-19   0.00283153  9.02641e-19   -0.0101599 -4.23997e-18    0.0159604  4.55826e-18   -0.0101758  3.00643e-19  -0.00649843  3.33426e-19    0.0159176  2.60121e-18   -0.0048532 -5.81083e-18   -0.0114206  4.19705e-20   0.00901787  1.20072e-18   0.00608519  1.70249e-18  -0.00838404 -6.42024e-19  -0.00295173 -1.34052e-18   0.00611326  1.07938e-18   0.00168701  3.77159e-20  -0.00379015 -1.21917e-18  -0.00128146  6.64485e-19   0.00193589  5.92697e-19   0.00102035 -5.16704e-19  -0.00068108 -3.98836e-20 -0.000639635  1.22487e-19  4.51519e-05  2.54222e-20  0.000229545 -2.01851e-21  8.43989e-05  -2.2444e-20 -9.71741e-06 -2.49598e-20 -1.45678e-05  1.93931e-21  -3.6773e-06  3.53148e-21 -2.59982e-07
 1.11624e-20 -9.66765e-05 -8.81175e-20  0.000674112  3.20855e-19  -0.00220628 -1.13135e-18   0.00372741  2.01094e-18  -0.00165756 -9.95986e-19  -0.00643181 -4.22704e-18    0.0145365  5.15809e-18    -0.010682 -2.33637e-18  -0.00558054  2.60121e-18    0.0152521  3.96787e-18   -0.0042557 -5.20373e-18    -0.011506 -7.15693e-19    0.0081037  3.97031e-19   0.00685258  1.91466e-18  -0.00771865 -1.49114e-19  -0.00390372 -9.57891e-19   0.00568705  7.68735e-19   0.00250574  -1.3418e-19  -0.00345899 -1.05817e-18  -0.00183844  7.38732e-19   0.00162698  3.95229e-19    0.0012939 -4.76884e-19 -0.000421397 -3.63337e-21 -0.000685321  1.20041e-19 -9.73549e-05  4.47302e-20  0.000174805  7.76514e-21  0.000101505  -2.2867e-20  1.43165e-05 -2.26813e-20 -4.39761e-06  1.20789e-21 -1.47446e-06  1.53189e-21
 1.77731e-05  3.69362e-22 -0.000250942 -1.28878e-21   0.00133337  3.96166e-19  -0.00394511   -1.915e-18   0.00685625  4.25217e-18    -0.005559 -3.18887e-18  -0.00327439 -3.36024e-18    0.0133186  4.60485e-18   -0.0110679 -4.70905e-18   -0.0048532  3.96787e-18     0.014715  3.86298e-18   -0.0037365 -3.18346e-18   -0.0115618 -9.43706e-19   0.00724913 -9.13953e-19   0.00749469  1.69809e-18  -0.00700936  5.84127e-19  -0.00473217 -6.11166e-19   0.00515423  5.79319e-19   0.00322546 -3.69961e-19  -0.00301244 -9.15149e-19  -0.00230667  8.56517e-19   0.00123262  2.19748e-19   0.00147959 -4.64367e-19 -0.000129752 -7.95124e-21 -0.000659328  1.25385e-19 -0.000220068  5.26914e-20   9.5156e-05   1.9933e-20  9.14918e-05 -1.63134e-20  2.54009e-05  -1.6076e-20  1.98869e-06  5.80927e-22 -1.25202e-07
 1.92275e-20  3.04902e-05 -1.29017e-19 -0.000310238  4.24621e-19   0.00155379 -8.19615e-20    -0.004631 -2.17708e-18   0.00843556   6.1217e-18  -0.00802749  -4.6657e-18 -0.000866669 -1.96722e-18    0.0121866  3.13831e-18   -0.0112921 -5.81083e-18   -0.0042557  3.86298e-18    0.0142592  2.50371e-18  -0.00328142 -5.20868e-19   -0.0115954 -7.92705e-19   0.00644829 -2.26401e-18   0.00803357   1.1125e-18  -0.00627054  1.09537e-18  -0.00544614 -2.05184e-19   0.00453569  5.83947e-19   0.00383998 -7.14292e-19  -0.00247088 -7.79564e-19  -0.00267192  9.89339e-19    0.0007744  7.51392e-20   0.00156502 -4.58458e-19  0.000168972 -2.19709e-20 -0.000562579  1.10487e-19 -0.000303289  3.92704e-20  7.40923e-06  3.12791e-20  5.89572e-05 -5.98658e-21  2.17207e-05 -9.13509e-21  2.85068e-06  1.80794e-22
 5.65007e-06  9.37177e-20  -4.7559e-05 -5.16362e-19  3.35005e-05  1.35962e-18  0.000765058 -1.30135e-18  -0.00369505 -1.82634e-18   0.00827458  7.00261e-18  -0.00927937 -4.77207e-18    0.0010659 -5.16793e-19    0.0110683  1.41118e-18   -0.0114206 -5.20373e-18   -0.0037365  2.50371e-18    0.0138741  6.15096e-19  -0.00288156  1.96888e-18   -0.0116171  -3.0337e-19   0.00569448 -3.19279e-18   0.00848772  3.06615e-19  -0.00551102  1.15559e-18  -0.00605405  2.98322e-19   0.00384748   7.2664e-19   0.00434485 -1.10192e-18  -0.00185301 -6.02262e-19  -0.00292255  1.05863e-18  0.000275428 -3.51633e-20   0.00154221 -4.23851e-19   0.00044754 -1.84254e-20 -0.000404013  6.24724e-20 -0.000330979  1.02221e-20 -6.64121e-05  3.69468e-20  1.85613e-05  1.95941e-21  1.03446e-05 -4.71707e-21  1.13239e-06
-2.78387e-20  4.77865e-05  2.67082e-19 -0.000315716 -1.17274e-18  0.000909793  2.62548e-18 -0.000979602 -2.83853e-18  -0.00156703 -1.32326e-18   0.00704067  6.79191e-18  -0.00983317 -3.60547e-18   0.00269458  6.36341e-19    0.0100031  4.19705e-20    -0.011506 -3.18346e-18  -0.00328142  6.15096e-19    0.0135535 -1.12644e-18  -0.00252468  3.74408e-18   -0.0116343    5.117e-19   0.00497995 -3.47921e-18   0.00887147 -4.99244e-19  -0.00473576  8.07391e-19  -0.00656289  8.16203e-19   0.00310205  8.87612e-19   0.00473611 -1.40075e-18   -0.0011765 -3.63208e-19  -0.00304878  9.99336e-19 -0.000239184  -1.0551e-19   0.00140821 -3.33995e-19  0.000677083  1.38064e-20 -0.000201981 -5.39932e-21 -0.000294907 -1.90456e-20 -0.000104339  3.44081e-20 -1.05649e-05   4.2957e-21  1.43259e-06 -2.38005e-21
-9.59521e-06 -7.65582e-20  0.000135431  4.99183e-19 -0.000707013 -1.82896e-18   0.00198396  3.69966e-18  -0.00295783 -3.96095e-18  0.000839708 -1.18555e-18   0.00543846  5.71796e-18  -0.00998827 -1.83417e-18    0.0040516  1.26613e-18   0.00901787 -7.15693e-19   -0.0115618 -5.20868e-19  -0.00288156 -1.12644e-18    0.0132876 -2.42597e-18  -0.00220134  4.63188e-18   -0.0116514  1.47862e-18   0.00429742 -3.17728e-18   0.00919591 -1.08832e-18  -0.00394706  2.28761e-19  -0.00697794  1.19745e-18   0.00230916  9.63158e-19   0.00500947 -1.49188e-18 -0.000458844   -1.056e-19  -0.00304236  8.06119e-19 -0.000741711 -1.38711e-19   0.00116634 -1.89249e-19  0.000828559  6.98922e-20  1.47107e-05 -6.33008e-20 -0.000200949 -3.47702e-20 -9.60844e-05  2.69029e-20 -1.80565e-05  2.94971e-21  -9.8667e-07
  6.7738e-21 -1.77192e-05 -1.03754e-19  0.000183023  6.15923e-19 -0.000911712 -2.07981e-18   0.00263117  4.16178e-18  -0.00437837 -4.26065e-18   0.00287855 -1.50846e-18   0.00380101  4.08767e-18  -0.00984996  -1.6728e-19   0.00516519  1.20072e-18    0.0081037 -9.43706e-19   -0.0115954  1.96888e-18  -0.00252468 -2.42597e-18    0.0130691 -3.29821e-18  -0.00190495  4.74634e-18   -0.0116717   2.2409e-18   0.00364004 -2.47492e-18   0.00946954 -1.32342e-18  -0.00314527 -4.19204e-19  -0.00730255  1.33629e-18    0.0014768  9.13498e-19   0.00515975  -1.3321e-18  0.000281704  9.89951e-20  -0.00289673  5.27378e-19  -0.00120116 -1.62498e-19  0.000828167 -2.13445e-20  0.000875692  1.33032e-19  0.000206479 -8.70212e-20 -7.66832e-05 -3.23528e-20 -5.50438e-05  2.03442e-20 -1.05539e-05  1.29428e-21
-2.79639e-06 -6.11762e-21  2.01713e-05 -1.68888e-20  2.57777e-05  4.23166e-19 -0.000601067 -1.75421e-18   0.00244868  4.05315e-18  -0.00492775 -3.82649e-18   0.00438487 -2.01488e-18   0.00221538  2.23861e-18  -0.00949083  1.02672e-18   0.00608519  3.97031e-19   0.00724913 -7.92705e-19   -0.0116171  3.74408e-18  -0.00220134 -3.29821e-18    0.0128932 -3.80518e-18  -0.00162987  4.31693e-18    -0.011698  2.46618e-18   0.00300112   -1.528e-18   0.00969867 -1.19104e-18  -0.00232927 -1.04309e-18  -0.00753791  1.22926e-18  0.000611983  7.56884e-19   0.00518046 -9.64791e-19   0.00102493  2.18201e-19  -0.00260773  2.23247e-19  -0.00158278 -2.23434e-19  0.000416608  1.19876e-19  0.000799699  1.79528e-19  0.000325912 -7.53616e-20  3.00811e-05 -1.80476e-20 -1.30966e-05  1.59074e-20 -2.41137e-06
 9.75551e-21 -2.37043e-05 -7.69942e-20  0.000153738  2.41276e-19 -0.000410181  -9.3048e-20  0.000244969  -1.0765e-18   0.00153313  3.70918e-18  -0.00475554  -2.9183e-18   0.00543056 -2.38588e-18  0.000721554  5.85817e-19  -0.00898491  1.70249e-18   0.00685258 -9.13953e-19   0.00644829  -3.0337e-19   -0.0116343  4.63188e-18  -0.00190495 -3.80518e-18    0.0127565 -3.90256e-18  -0.00137117  3.52318e-18   -0.0117323  2.06613e-18   0.00237407 -4.06997e-19   0.00988759 -7.91574e-19  -0.00149691 -1.57018e-18  -0.00768291  9.32592e-19 -0.000278409  5.29746e-19   0.00506363 -4.85031e-19   0.00174727  2.91768e-19  -0.00217499 -6.47544e-20  -0.00184794 -3.48978e-19 -3.08417e-05  1.92615e-19  0.000597443   1.8765e-19  0.000333794 -5.03346e-20  7.66056e-05 -4.13642e-21  5.96964e-06  9.90299e-21
  4.4423e-06  3.69773e-20 -6.47899e-05 -2.18621e-19  0.000345215  5.96907e-19 -0.000961801 -7.23483e-19   0.00129636 -4.36524e-19  0.000278458  3.36022e-18  -0.00413889 -1.73292e-18   0.00609887 -2.45338e-18 -0.000644264 -4.47485e-19  -0.00838404  1.91466e-18   0.00749469 -2.26401e-18   0.00569448    5.117e-19   -0.0116514  4.74634e-18  -0.00162987 -3.90256e-18    0.0126559 -3.49415e-18  -0.00112466  2.43068e-18   -0.0117761  1.21277e-18   0.00175242  8.30385e-19    0.0100388 -2.70364e-19 -0.000645317  -1.8966e-18  -0.00773386  4.90707e-19  -0.00118668  2.53828e-19   0.00479977  9.12344e-21   0.00242024  4.03586e-19  -0.00160436 -3.07808e-19  -0.00195595 -5.11152e-19 -0.000458722  1.85071e-19  0.000298711  1.49065e-19  0.000233105 -3.78921e-20  6.11398e-05   1.2394e-21  5.09152e-06
-7.41477e-21  6.75504e-06  7.92602e-20 -8.11183e-05 -3.68903e-19   0.00043983  8.67622e-19  -0.00132082 -1.21522e-18   0.00215479 -7.75798e-20    -0.000969  2.99707e-18  -0.00327476 -4.72633e-19   0.00644743 -2.21488e-18  -0.00186773 -6.42024e-19  -0.00771865  1.69809e-18   0.00803357 -3.19279e-18   0.00497995  1.47862e-18   -0.0116717  4.31693e-18  -0.00137117 -3.49415e-18    0.0125896 -2.56976e-18 -0.000886561   1.0562e-18   -0.0118308  1.70782e-19   0.00112957  2.04419e-18     0.010153  2.70006e-19  0.000228858 -1.90842e-18  -0.00768425 -7.38053e-20  -0.00210322 -6.71304e-20   0.00437827  4.51159e-19   0.00300879  6.20596e-19  -0.00091229 -4.73911e-19  -0.00186841 -6.38215e-19 -0.000788122  1.18275e-19 -1.32605e-05  7.74768e-20  8.93959e-05  -4.2953e-20  2.38306e-05  1.49356e-22
 1.72797e-06 -1.58675e-20 -1.42479e-05   1.0756e-19  3.20932e-06 -4.14351e-19  0.000284164  9.08489e-19  -0.00128102  -1.4617e-18   0.00261497 -1.92076e-20  -0.00204103  2.52232e-18  -0.00227973  5.83873e-19   0.00653201 -1.79027e-18  -0.00295173 -1.49114e-19  -0.00700936   1.1125e-18   0.00848772 -3.47921e-18   0.00429742   2.2409e-18    -0.011698  3.52318e-18  -0.00112466 -2.56976e-18    0.0125562 -1.25887e-18 -0.000653378  -5.2099e-19   -0.0118971 -8.64335e-19  0.000498747  3.00177e-18    0.0102292  8.11804e-19   0.00112912  -1.5575e-18   -0.0075244 -7.10297e-19  -0.00301509  -4.3095e-19   0.00378844  8.14276e-19   0.00346892  9.36119e-19 -0.000132306 -5.41872e-19  -0.00155477 -6.71055e-19 -0.000920464  3.55328e-20 -0.000218898  5.60741e-21 -1.00524e-05 -4.63871e-20  2.30164e-06
 9.28673e-22  1.13663e-05 -1.53473e-20 -7.64612e-05  8.49599e-20  0.000210753 -2.82709e-19 -0.000124068  7.29284e-19 -0.000864083 -1.50694e-18   0.00267988 -1.76911e-19  -0.00288459  1.91161e-18  -0.00123595  1.19406e-18   0.00640615 -1.34052e-18  -0.00390372  5.84127e-19  -0.00627054  3.06615e-19   0.00887147 -3.17728e-18   0.00364004  2.46618e-18   -0.0117323  2.43068e-18 -0.000886561 -1.25887e-18     0.012555  2.33362e-19 -0.000421753 -2.11302e-18   -0.0119759 -1.79855e-18 -0.000147177  3.46446e-18    0.0102642  1.38721e-18   0.00205878   -9.099e-19  -0.00724099 -1.30967e-18    -0.003904 -8.21703e-19   0.00302081  1.09407e-18   0.00374579  1.24808e-18  0.000679499 -5.29625e-19  -0.00100968 -6.01493e-19 -0.000787561 -1.26737e-20 -0.000246058 -3.46806e-20 -3.23438e-05 -3.14301e-20
-1.67713e-06  1.11756e-21   2.6725e-05  2.70144e-23 -0.000153746  6.64247e-21  0.000455272 -7.63261e-21 -0.000630907  4.67891e-19 -0.000233409 -1.41605e-18    0.0024383 -4.68943e-19  -0.00348799  1.24867e-18  -0.00020346  1.30607e-18   0.00611326 -9.57891e-19  -0.00473217  1.09537e-18  -0.00551102 -4.99244e-19   0.00919591 -2.47492e-18   0.00300112  2.06613e-18   -0.0117761   1.0562e-18 -0.000653378  2.33362e-19    0.0125858  1.71247e-18 -0.000188339 -3.46707e-18   -0.0120677 -2.58412e-18 -0.000815854  3.30263e-18    0.0102527  1.99378e-18   0.00302045 -1.23887e-19  -0.00681649 -1.74786e-18  -0.00474421 -1.20372e-18   0.00207021  1.28611e-18   0.00377644  1.41151e-18   0.00143277 -4.75602e-19 -0.000306899 -4.53915e-19 -0.000444404  3.21756e-21 -0.000144805 -3.50939e-20  -1.4468e-05
-1.94607e-22 -1.12767e-06  2.64067e-21  2.53674e-05  1.55495e-20 -0.000174656 -8.72391e-20  0.000598097  2.98574e-19  -0.00105466  2.76339e-19  0.000447023 -1.19472e-18   0.00198113 -8.21707e-19  -0.00385808  6.68944e-19  0.000778871  1.07938e-18   0.00568705 -6.11166e-19  -0.00544614  1.15559e-18  -0.00473576 -1.08832e-18   0.00946954   -1.528e-18   0.00237407  1.21277e-18   -0.0118308  -5.2099e-19 -0.000421753  1.71247e-18    0.0126492  3.01885e-18  5.03285e-05 -4.33931e-18   -0.0121727 -3.17607e-18  -0.00151567  2.56491e-18    0.0101864  2.52882e-18   0.00401553  6.09511e-19  -0.00622914 -1.97446e-18  -0.00549941 -1.51992e-18  0.000944584  1.39446e-18   0.00349203  1.36202e-18   0.00197158 -3.86056e-19  0.000344933 -2.56561e-19 -8.70314e-05  6.07034e-20 -3.85651e-05 -1.48481e-20
-1.01674e-06 -3.31368e-21  1.01688e-05  1.22411e-20 -2.10892e-05  3.19548e-21 -8.23779e-05  -1.4582e-19  0.000555457  5.18782e-19  -0.00129233  2.40032e-19   0.00107123 -8.30124e-19   0.00138506 -1.14049e-18  -0.00401477  2.68931e-19   0.00168701  7.68735e-19   0.00515423 -2.05184e-19  -0.00605405  8.07391e-19  -0.00394706 -1.32342e-18   0.00969867 -4.06997e-19   0.00175242  1.70782e-19   -0.0118971 -2.11302e-18 -0.000188339  3.01885e-18    0.0127461  4.00207e-18  0.000297984 -4.55572e-18   -0.0122909 -3.52887e-18  -0.00225595  1.47052e-18    0.0100539  2.81454e-18   0.00504261  1.12116e-18  -0.00545297 -2.06448e-18  -0.00611507 -1.69252e-18 -0.000325998  1.46221e-18   0.00281132  1.18265e-18   0.00207593 -2.52138e-19  0.000677327 -5.25432e-20  9.65753e-05  9.69205e-20  2.97414e-06
 1.05983e-21 -4.76485e-06 -1.17314e-20  3.52614e-05  3.35582e-20 -0.000110749 -4.95046e-20  0.000109482 -1.50701e-19  0.000340721  5.80096e-19  -0.00132679  3.63215e-19   0.00158089 -3.67405e-19  0.000714645 -1.32704e-18  -0.00398354  3.77159e-20   0.00250574  5.79319e-19   0.00453569  2.98322e-19  -0.00656289  2.28761e-19  -0.00314527 -1.19104e-18   0.00988759  8.30385e-19   0.00112957 -8.64335e-19   -0.0119759 -3.46707e-18  5.03285e-05  4.00207e-18    0.0128781  4.51384e-18  0.000558755 -4.07219e-18   -0.0124219 -3.60195e-18  -0.00304702  3.40105e-19   0.00983885  2.73317e-18   0.00609547  1.31483e-18  -0.00445505 -2.16653e-18  -0.00651404 -1.64737e-18  -0.00168868  1.53508e-18   0.00167999  9.86074e-19   0.00161193 -1.26765e-19  0.000592437  8.86859e-20  9.40335e-05  7.27585e-20
 4.23557e-07  3.40379e-21 -8.47331e-06 -2.20646e-20  5.79973e-05  5.64639e-20 -0.000199274 -1.22163e-19  0.000328425 -1.26135e-19  2.49508e-05  4.66379e-19  -0.00118557  5.83999e-19   0.00194648  8.22092e-20  2.18031e-05  -1.3387e-18  -0.00379015  -1.3418e-19   0.00322546  5.83947e-19   0.00384748  8.16203e-19  -0.00697794 -4.19204e-19  -0.00232927 -7.91574e-19    0.0100388  2.04419e-18  0.000498747 -1.79855e-18   -0.0120677 -4.33931e-18  0.000297984  4.51384e-18    0.0130477  4.45984e-18  0.000837392 -3.03447e-18   -0.0125647 -3.36613e-18  -0.00390095 -5.02289e-19    0.0095187  2.38453e-18   0.00716331  1.21554e-18  -0.00319878 -2.38044e-18   -0.0066048 -1.39684e-18   -0.0030266  1.54231e-18  0.000237006  7.47728e-19  0.000764828 -9.94532e-20  0.000286394  1.16892e-19   3.1621e-05
-5.59632e-22 -6.42062e-07  5.81196e-21 -2.75075e-06 -2.33178e-20  5.04266e-05  6.15053e-20 -0.000232167 -1.75093e-19   0.00049815 -1.16072e-19 -0.000316139  2.15442e-19 -0.000910678   8.0237e-19   0.00215794  4.10219e-19 -0.000653654 -1.21917e-18  -0.00345899 -3.69961e-19   0.00383998   7.2664e-19   0.00310205  1.19745e-18  -0.00730255 -1.04309e-18  -0.00149691 -2.70364e-19     0.010153  3.00177e-18 -0.000147177 -2.58412e-18   -0.0121727 -4.55572e-18  0.000558755  4.45984e-18     0.013258  3.88002e-18   0.00113969 -1.77447e-18   -0.0127175 -2.83585e-18   -0.0048321  -8.3103e-19   0.00906539  2.10584e-18   0.00822436  9.52787e-19  -0.00166282 -2.70861e-18  -0.00625937 -1.12724e-18   -0.0040306   1.3014e-18  -0.00104049   3.6427e-19  1.05177e-05 -1.67612e-19  4.90543e-05  6.24578e-20
 4.70897e-07 -9.39753e-22 -5.63595e-06   5.7979e-21  1.94229e-05 -5.96336e-21 -1.16668e-06  3.91913e-20 -0.000184606 -1.76073e-19  0.000575797 -1.52242e-19 -0.000625316 -9.37777e-20 -0.000546963  9.25601e-19   0.00221845   5.8513e-19  -0.00128146 -1.05817e-18  -0.00301244 -7.14292e-19   0.00434485  8.87612e-19   0.00230916  1.33629e-18  -0.00753791 -1.57018e-18 -0.000645317  2.70006e-19    0.0102292  3.46446e-18 -0.000815854 -3.17607e-18   -0.0122909 -4.07219e-18  0.000837392  3.88002e-18    0.0135133  2.97697e-18   0.00147233 -6.88794e-19   -0.0128782 -2.12139e-18  -0.00585432 -5.95814e-19   0.00844081  2.25843e-18   0.00922446  6.18973e-19   0.00016578 -3.13124e-18  -0.00523711 -1.09205e-18  -0.00418306  7.68927e-19  -0.00157429 -1.17775e-19 -0.000292006 -2.14774e-19  -1.8164e-05
 2.18916e-22  1.49728e-06 -1.49401e-21 -1.31975e-05  3.64363e-21  5.08933e-05   2.6412e-20 -8.17339e-05  2.06132e-21 -6.98964e-05 -1.15483e-19  0.000553178 -2.32658e-19  -0.00086512 -3.69389e-19 -0.000137152  9.12212e-19   0.00213919  6.64485e-19  -0.00183844 -9.15149e-19  -0.00247088 -1.10192e-18   0.00473611  9.63158e-19    0.0014768  1.22926e-18  -0.00768291  -1.8966e-18  0.000228858  8.11804e-19    0.0102642  3.30263e-18  -0.00151567 -3.52887e-18   -0.0124219 -3.03447e-18   0.00113969  2.97697e-18     0.013819  2.03251e-18   0.00184316 -6.12624e-20   -0.0130401 -1.44649e-18  -0.00698329  6.31019e-20   0.00757918  2.89385e-18    0.0100832  1.36144e-19   0.00233722 -3.59985e-18  -0.00326979  -1.2752e-18  -0.00316489  2.01361e-19  -0.00123993 -4.60452e-19 -0.000213721 -1.54409e-19
-9.35894e-09   7.5455e-22  1.42519e-06 -4.15866e-21 -1.57539e-05  4.13291e-21  7.23027e-05  5.73886e-20 -0.000159179 -2.42809e-20  7.84491e-05 -6.63547e-21  0.000443337 -3.20584e-19  -0.00101446 -5.43744e-19  0.000281016  7.82701e-19   0.00193589  7.38732e-19  -0.00230667 -7.79564e-19  -0.00185301 -1.40075e-18   0.00500947  9.13498e-19  0.000611983  9.32592e-19  -0.00773386 -1.90842e-18   0.00112912  1.38721e-18    0.0102527  2.56491e-18  -0.00225595 -3.60195e-18   -0.0125647 -1.77447e-18   0.00147233  2.03251e-18    0.0141814  1.25118e-18   0.00226482  3.50273e-20   -0.0131935 -1.09058e-18  -0.00824983  8.68739e-19   0.00640086   3.6249e-18    0.0107364 -5.90059e-19   0.00481337 -3.86315e-18 -0.000530867 -1.26437e-18  -0.00140331 -8.81743e-20  -0.00053927 -4.76799e-19 -6.17324e-05
 -1.3839e-22   6.2588e-07  1.87819e-21 -2.48799e-06 -1.11676e-20 -5.49117e-06  1.18172e-20  6.70516e-05  6.99792e-20 -0.000205412 -2.10294e-20  0.000225553  1.19568e-19  0.000269683 -3.65848e-19  -0.00106533 -6.00258e-19  0.000675628  5.92697e-19   0.00162698  8.56517e-19  -0.00267192 -6.02262e-19   -0.0011765 -1.49188e-18   0.00515975  7.56884e-19 -0.000278409  4.90707e-19  -0.00768425  -1.5575e-18   0.00205878  1.99378e-18    0.0101864  1.47052e-18  -0.00304702 -3.36613e-18   -0.0127175 -6.88794e-19   0.00184316  1.25118e-18    0.0146117  6.72114e-19   0.00275351 -3.02973e-19   -0.0133372  -1.2747e-18  -0.00967965  1.52272e-18    0.0048633  3.94338e-18    0.0110162 -1.33401e-18   0.00704018 -3.52161e-18   0.00198837 -6.95212e-19  8.44242e-05  -5.4468e-20 -6.51776e-05 -2.57554e-19
-1.45257e-07  -2.6634e-22  2.14831e-06  3.03987e-21 -1.02927e-05 -2.20048e-20  1.72494e-05  2.48863e-20   3.2626e-05  5.78864e-20 -0.000207219  1.06797e-20  0.000343988  2.23719e-19  5.96209e-05 -3.37095e-19  -0.00101969 -5.72526e-19   0.00102035  3.95229e-19   0.00123262  9.89339e-19  -0.00292255 -3.63208e-19 -0.000458844  -1.3321e-18   0.00518046  5.29746e-19  -0.00118668 -7.38053e-20   -0.0075244   -9.099e-19   0.00302045  2.52882e-18    0.0100539  3.40105e-19  -0.00390095 -2.83585e-18   -0.0128782 -6.12624e-20   0.00226482  6.72114e-19    0.0151238  2.68112e-19   0.00331724 -9.16126e-19    -0.013456 -2.02668e-18   -0.0112364  1.86259e-18   0.00286017   3.6726e-18    0.0103118 -1.67942e-18   0.00782743 -2.48297e-18   0.00305862  2.39536e-19  0.000620864  9.00595e-20  4.52361e-05
-6.61436e-23 -2.45164e-07  3.07567e-22  3.25545e-06  2.59778e-21  -1.7366e-05 -3.27777e-20  4.30895e-05  3.51157e-20 -2.04881e-05  2.74649e-20 -0.000165534  5.13004e-20  0.000415957  2.73725e-19 -0.000159431 -2.43218e-19 -0.000886749 -5.16704e-19    0.0012939  2.19748e-19    0.0007744  1.05863e-18  -0.00304878   -1.056e-19  0.000281704 -9.64791e-19   0.00506363  2.53828e-19  -0.00210322 -7.10297e-19  -0.00724099 -1.23887e-19   0.00401553  2.81454e-18   0.00983885 -5.02289e-19   -0.0048321 -2.12139e-18   -0.0130401  3.50273e-20   0.00275351  2.68112e-19    0.0157234  1.65312e-19   0.00397819 -1.62564e-18   -0.0134638 -3.07213e-18   -0.0129123   1.8961e-18 -4.19916e-05  2.90332e-18   0.00768235 -1.67795e-18   0.00629675 -1.16116e-18   0.00242393  9.39175e-19  0.000425741  1.20623e-19
-4.44757e-08 -3.70537e-22   2.5609e-07  2.49459e-21  1.66129e-06 -6.60942e-22 -1.76476e-05 -3.91578e-20  6.02853e-05  3.39667e-20 -7.65111e-05 -7.51466e-21  -9.0621e-05  7.64721e-20  0.000433067  2.61846e-19 -0.000362447 -1.27754e-19  -0.00068108 -4.76884e-19   0.00147959  7.51392e-20  0.000275428  9.99336e-19  -0.00304236  9.89951e-20   0.00102493 -4.85031e-19   0.00479977 -6.71304e-20  -0.00301509 -1.30967e-18  -0.00681649  6.09511e-19   0.00504261  2.73317e-18    0.0095187  -8.3103e-19  -0.00585432 -1.44649e-18   -0.0131935 -3.02973e-19   0.00331724  1.65312e-19    0.0164288  7.38662e-19   0.00482767 -2.17232e-18   -0.0132935 -3.91072e-18   -0.0149489  1.55521e-18  -0.00434088  1.55373e-18   0.00301107 -1.87881e-18    0.0031264 -7.96449e-20   0.00108186  9.94071e-19  0.000120544
 5.37315e-23 -2.41981e-07 -9.47895e-22  1.66339e-06  6.33247e-21 -3.41267e-06 -5.58896e-21 -8.60628e-06 -3.93617e-20  6.13845e-05  1.91379e-20 -0.000120917 -3.33833e-20  2.37614e-06   7.3425e-20  0.000395216  2.09519e-19 -0.000528117 -3.98836e-20 -0.000421397 -4.64367e-19   0.00156502 -3.51633e-20 -0.000239184  8.06119e-19  -0.00289673  2.18201e-19   0.00174727  9.12344e-21   0.00437827  -4.3095e-19    -0.003904 -1.74786e-18  -0.00622914  1.12116e-18   0.00609547  2.38453e-18   0.00906539 -5.95814e-19  -0.00698329 -1.09058e-18   -0.0133372 -9.16126e-19   0.00397819  7.38662e-19    0.0173256  2.35887e-18   0.00593245 -2.27493e-18   -0.0131023 -4.21469e-18   -0.0175071  5.49319e-19  -0.00940879 -5.07756e-19    -0.001978 -2.40656e-18   0.00025597  4.69575e-19    0.0001659  5.70012e-19
 1.97079e-08  5.71209e-23 -4.49653e-07 -1.44295e-21  3.17636e-06   1.0543e-20 -9.85691e-06 -8.88538e-21  7.11042e-06 -3.43569e-20  4.54474e-05 -3.31781e-21 -0.000143723 -4.30478e-20  9.68448e-05  4.88595e-20  0.000309143  1.53525e-19 -0.000639635 -3.63337e-21 -0.000129752 -4.58458e-19   0.00154221  -1.0551e-19 -0.000741711  5.27378e-19  -0.00260773  2.91768e-19   0.00242024  4.51159e-19   0.00378844 -8.21703e-19  -0.00474421 -1.97446e-18  -0.00545297  1.31483e-18   0.00716331  2.10584e-18   0.00844081  6.31019e-20  -0.00824983  -1.2747e-18    -0.013456 -1.62564e-18   0.00482767  2.35887e-18    0.0184714  4.78965e-18   0.00713451 -2.03063e-18   -0.0129216 -4.21401e-18   -0.0195432 -1.12398e-18   -0.0128572 -2.85585e-18  -0.00475404 -2.72035e-18 -0.000943744  4.61214e-19 -6.86555e-05
 4.38549e-23 -2.63814e-08 -1.82464e-22  -2.3153e-07 -1.37403e-21  3.28281e-06  1.34328e-20 -1.40728e-05 -7.57547e-21  2.37371e-05 -2.62911e-20  1.68895e-05 -2.26919e-20 -0.000140578 -3.84864e-20  0.000177227    2.285e-20  0.000187023  1.22487e-19 -0.000685321 -7.95124e-21  0.000168972 -4.23851e-19   0.00140821 -1.38711e-19  -0.00120116  2.23247e-19  -0.00217499  4.03586e-19   0.00300879  8.14276e-19   0.00302081 -1.20372e-18  -0.00549941 -2.06448e-18  -0.00445505  1.21554e-18   0.00822436  2.25843e-18   0.00757918  8.68739e-19  -0.00967965 -2.02668e-18   -0.0134638 -2.17232e-18   0.00593245  4.78965e-18     0.019696  6.63951e-18   0.00840396 -2.25185e-18   -0.0116198 -4.39952e-18   -0.0185616 -2.72958e-18   -0.0122709 -4.66636e-18  -0.00439313 -2.46757e-18 -0.000751855  2.66722e-19
 1.60681e-08  1.57708e-22 -2.06547e-07 -7.39303e-22  6.55223e-07 -7.01888e-22  1.15723e-06  1.41111e-20  -1.3462e-05 -1.46618e-21  3.54301e-05 -1.73247e-20 -1.67899e-05 -3.08046e-20 -0.000112658 -2.75071e-20  0.000230849  1.38021e-20  4.51519e-05  1.20041e-19 -0.000659328 -2.19709e-20   0.00044754 -3.33995e-19   0.00116634 -1.62498e-19  -0.00158278 -6.47544e-20  -0.00160436  6.20596e-19   0.00346892  1.09407e-18   0.00207021 -1.51992e-18  -0.00611507 -2.16653e-18  -0.00319878  9.52787e-19   0.00922446  2.89385e-18   0.00640086  1.52272e-18   -0.0112364 -3.07213e-18   -0.0132935 -2.27493e-18   0.00713451  6.63951e-18    0.0209547  5.68985e-18    0.0108148 -3.89301e-18  -0.00694999 -4.61391e-18   -0.0128612 -3.66334e-18  -0.00790879 -5.49351e-18  -0.00234887 -1.77266e-18 -0.000245206
-3.31141e-23  3.73456e-08  2.84846e-22 -4.13158e-07 -1.40328e-21  1.80167e-06   3.3688e-23 -2.51382e-06  1.28322e-20 -7.80601e-06  6.52226e-21  3.83883e-05 -9.38425e-21 -4.72692e-05 -2.74593e-20 -6.58919e-05 -1.71786e-20  0.000249303  2.54222e-20 -9.73549e-05  1.25385e-19 -0.000562579 -1.84254e-20  0.000677083 -1.89249e-19  0.000828167 -2.23434e-19  -0.00184794 -3.07808e-19  -0.00091229  9.36119e-19   0.00374579  1.28611e-18  0.000944584 -1.69252e-18  -0.00651404 -2.38044e-18  -0.00166282  6.18973e-19    0.0100832   3.6249e-18    0.0048633  1.86259e-18   -0.0129123 -3.91072e-18   -0.0131023 -2.03063e-18   0.00840396  5.68985e-18    0.0232832  6.27412e-19     0.016329 -6.59978e-18   0.00191411 -4.05525e-18  -0.00420919 -4.40275e-18  -0.00278417 -5.21626e-18 -0.000644539  -7.3868e-19
