   0.0919958  2.45713e-18   -0.0548359 -5.05116e-18   -0.0197451 -9.58823e-18   0.00678921  9.24982e-18   0.00504825  1.33742e-18 -2.76982e-05  -1.1082e-18 -0.000717219 -2.85523e-19 -0.000151225 -1.07083e-20  2.60813e-05  4.86195e-21   1.0958e-05  2.47778e-21  5.90223e-07
 2.45713e-18     0.122547  1.21908e-17   -0.0302319 -2.00572e-17   -0.0301097 -1.18506e-17   0.00310613  1.12094e-17   0.00722296  3.24567e-18  0.000887107 -8.48867e-19 -0.000940576 -4.22951e-19 -0.000312407  -8.2923e-20  6.87574e-06 -7.12098e-21  1.14085e-05  1.97826e-21
  -0.0548359  1.21908e-17      0.09005  2.43868e-17  -0.00971996 -3.07415e-17   -0.0299045 -1.49831e-17 -0.000627847  9.74995e-18   0.00782482  4.40816e-18   0.00184703 -1.10382e-19 -0.000887425 -3.35708e-19   -0.0004241 -1.35881e-19 -2.79122e-05 -2.06862e-20  5.02145e-06
-5.05116e-18   -0.0302319  2.43868e-17    0.0614798  3.27013e-17  -0.00211129 -3.19293e-17   -0.0275022 -1.74052e-17  -0.00325481   6.4331e-18   0.00768866  4.28116e-18   0.00267936  6.08908e-19  -0.00063083 -1.23849e-19 -0.000443895 -1.53269e-19 -5.02664e-05 -2.25657e-20
  -0.0197451 -2.00572e-17  -0.00971996  3.27013e-17     0.047863  3.50565e-17  0.000786518 -2.68342e-17   -0.0254118 -1.71154e-17  -0.00524676  2.88756e-18   0.00714811  3.23709e-18   0.00333898  1.12992e-18 -0.000234318  6.93305e-20   -0.0003557 -1.44837e-19 -4.00657e-05
-9.58823e-18   -0.0301097 -3.07415e-17  -0.00211129  3.50565e-17    0.0409334  3.25879e-17   0.00241315 -1.95271e-17   -0.0237888 -1.42407e-17  -0.00694875 -1.26092e-20   0.00629067  2.08456e-18   0.00377179   1.5037e-18  0.000216096  1.63501e-19 -0.000189454 -1.03146e-19
  0.00678921 -1.18506e-17   -0.0299045 -3.19293e-17  0.000786518  3.25879e-17    0.0367481  2.70269e-17   0.00358927 -1.23048e-17   -0.0225311 -1.03585e-17  -0.00855627 -2.10271e-18   0.00509644  1.48412e-18   0.00387271  1.78895e-18  0.000576757  1.55251e-19 -3.65706e-05
 9.24982e-18   0.00310613 -1.49831e-17   -0.0275022 -2.68342e-17   0.00241315  2.70269e-17    0.0341261  1.99921e-17   0.00462094 -6.32326e-18   -0.0215308   -7.453e-18   -0.0101899 -3.54731e-18   0.00348606  1.56888e-18   0.00348191  1.86178e-18   0.00066475  8.62215e-20
  0.00504825  1.12094e-17 -0.000627847 -1.74052e-17   -0.0254118 -1.95271e-17   0.00358927  1.99921e-17    0.0325719   1.3333e-17   0.00569016   -2.311e-18   -0.0206692 -6.90774e-18    -0.011904 -4.66806e-18   0.00138983    1.836e-18   0.00249085  1.47858e-18  0.000414339
 1.33742e-18   0.00722296  9.74995e-18  -0.00325481 -1.71154e-17   -0.0237888 -1.23048e-17   0.00462094   1.3333e-17    0.0318474  9.01312e-18   0.00695134 -5.89262e-19   -0.0197762 -8.93032e-18   -0.0136081 -5.86564e-18  -0.00104606  1.51221e-18   0.00112128  7.04812e-19
-2.76982e-05  3.24567e-18   0.00782482   6.4331e-18  -0.00524676 -1.42407e-17   -0.0225311 -6.32326e-18   0.00569016  9.01312e-18      0.03187  8.30339e-18   0.00860394 -7.59596e-19   -0.0185158 -1.25943e-17    -0.014828  -7.1923e-18  -0.00311894  4.93348e-19  7.21664e-05
 -1.1082e-18  0.000887107  4.40816e-18   0.00768866  2.88756e-18  -0.00694875 -1.03585e-17   -0.0215308   -2.311e-18   0.00695134  8.30339e-18     0.032692  1.13481e-17      0.01101 -1.55376e-18   -0.0161447 -1.58987e-17   -0.0144294 -7.68958e-18  -0.00364622 -2.33267e-19
-0.000717219 -8.48867e-19   0.00184703  4.28116e-18   0.00714811 -1.26092e-20  -0.00855627   -7.453e-18   -0.0206692 -5.89262e-19   0.00860394  1.13481e-17    0.0345688  1.77653e-17    0.0148981 -9.88302e-19   -0.0113743 -1.59347e-17   -0.0111021 -5.92618e-18  -0.00219908
-2.85523e-19 -0.000940576 -1.10382e-19   0.00267936  3.23709e-18   0.00629067 -2.10271e-18   -0.0101899 -6.90774e-18   -0.0197762 -7.59596e-19      0.01101  1.77653e-17     0.038121  2.71009e-17    0.0213555  2.84541e-18  -0.00329974 -1.08396e-17  -0.00531262 -2.35697e-18
-0.000151225 -4.22951e-19 -0.000887425  6.08908e-19   0.00333898  2.08456e-18   0.00509644 -3.54731e-18    -0.011904 -8.93032e-18   -0.0185158 -1.55376e-18    0.0148981  2.71009e-17    0.0442531  3.78011e-17    0.0305637  9.76943e-18   0.00608757 -3.04478e-18 -0.000495696
-1.07083e-20 -0.000312407 -3.35708e-19  -0.00063083  1.12992e-18   0.00377179  1.48412e-18   0.00348606 -4.66806e-18   -0.0136081 -1.25943e-17   -0.0161447 -9.88302e-19    0.0213555  3.78011e-17    0.0527628  4.58889e-17    0.0389864  1.56924e-17    0.0111213  1.64383e-18
 2.60813e-05  -8.2923e-20   -0.0004241 -1.23849e-19 -0.000234318   1.5037e-18   0.00387271  1.56888e-18   0.00138983 -5.86564e-18    -0.014828 -1.58987e-17   -0.0113743  2.84541e-18    0.0305637  4.58889e-17    0.0594416  4.60103e-17    0.0391683  1.51959e-17   0.00806859
 4.86195e-21  6.87574e-06 -1.35881e-19 -0.000443895  6.93305e-20  0.000216096  1.78895e-18   0.00348191    1.836e-18  -0.00104606  -7.1923e-18   -0.0144294 -1.59347e-17  -0.00329974  9.76943e-18    0.0389864  4.60103e-17    0.0561443  3.56281e-17    0.0273103  8.20404e-18
  1.0958e-05 -7.12098e-21 -2.79122e-05 -1.53269e-19   -0.0003557  1.63501e-19  0.000576757  1.86178e-18   0.00249085  1.51221e-18  -0.00311894 -7.68958e-18   -0.0111021 -1.08396e-17   0.00608757  1.56924e-17    0.0391683  3.56281e-17    0.0391488  1.91967e-17    0.0108367
 2.47778e-21  1.14085e-05 -2.06862e-20 -5.02664e-05 -1.44837e-19 -0.000189454  1.55251e-19   0.00066475  1.47858e-18   0.00112128  4.93348e-19  -0.00364622 -5.92618e-18  -0.00531262 -3.04478e-18    0.0111213  1.51959e-17    0.0273103  1.91967e-17     0.017277  5.83251e-18
 5.90223e-07  1.97826e-21  5.02145e-06 -2.25657e-20 -4.00657e-05 -1.03146e-19 -3.65706e-05  8.62215e-20  0.000414339  7.04812e-19  7.21664e-05 -2.33267e-19  -0.00219908 -2.35697e-18 -0.000495696  1.64383e-18   0.00806859  8.20404e-18    0.0108367  5.83251e-18   0.00355847
