 6.12445e-19   8.5084e-29 -2.36996e-17 -5.58769e-28  3.68545e-16 -2.02533e-27 -3.55987e-15  4.89347e-26  2.46563e-14 -4.24712e-25 -1.31605e-13  2.47919e-24  5.64894e-13 -1.10317e-23 -2.00378e-12  3.94756e-23  5.98058e-12 -1.17024e-22 -1.51956e-11  2.92816e-22  3.30899e-11 -6.25911e-22 -6.18927e-11  1.15128e-21  9.91643e-11 -1.82814e-21 -1.34801e-10  2.50429e-21  1.52198e-10 -2.94293e-21 -1.36087e-10  2.92907e-21  8.42566e-11 -2.40464e-21 -1.43157e-11  1.53323e-21 -4.30424e-11 -6.26931e-22  6.29045e-11 -2.67606e-23  -4.3427e-11  3.13176e-22  6.31256e-12 -3.09623e-22  2.08494e-11  1.83097e-22 -2.48393e-11  -6.7283e-23  1.22625e-11   9.5317e-24  1.72109e-12  4.60148e-24 -7.71207e-12 -2.94019e-24  6.38554e-12  4.94191e-25 -2.94099e-12  1.07825e-25  7.57879e-13  -4.7703e-26 -7.47753e-14
  8.5084e-29  3.36474e-17 -7.50281e-28 -7.46361e-16  3.30865e-26  8.91586e-15 -3.61278e-25 -7.20931e-14  2.52811e-24  4.35579e-13 -1.32867e-23 -2.07688e-12  5.57544e-23  8.08402e-12 -1.93308e-22 -2.62615e-11  5.65623e-22  7.22473e-11 -1.41668e-21 -1.69852e-10  3.06691e-21   3.4276e-10 -5.77528e-21 -5.93597e-10   9.4931e-21   8.7702e-10 -1.36319e-20 -1.08933e-09  1.70651e-20  1.10168e-09 -1.85178e-20 -8.39058e-10  1.72291e-20  3.58972e-10 -1.34754e-20  1.44053e-10  8.52757e-21 -4.42427e-10 -3.99234e-21  4.27287e-10  9.75156e-22 -1.84393e-10  3.48953e-22 -7.90855e-11 -5.29015e-22  1.96391e-10   2.8162e-22 -1.48381e-10 -5.96494e-23  3.33029e-11  -2.1756e-23  4.59786e-11  2.12363e-23 -5.88893e-11 -6.45574e-24  3.55051e-11  1.92819e-25 -1.24103e-11  4.24461e-25  2.17761e-12 -1.93866e-25
-2.36996e-17 -7.50281e-28  9.17915e-16 -1.88166e-26 -1.42862e-14  3.81475e-25  1.38103e-13 -3.22058e-24 -9.57219e-13  1.89534e-23   5.1126e-12 -8.65374e-23 -2.19575e-11  3.22051e-22  7.79239e-11 -1.00437e-21 -2.32655e-10  2.67045e-21  5.91237e-10 -6.12389e-21  -1.2874e-09   1.2206e-20  2.40707e-09 -2.12451e-20 -3.85318e-09   3.2356e-20  5.22899e-09  -4.3088e-20 -5.88484e-09  4.99823e-20   5.2271e-09 -5.01075e-20  -3.1782e-09  4.27986e-20  4.39444e-10 -3.03507e-20   1.7791e-09  1.69583e-20 -2.50552e-09 -6.49518e-21   1.6858e-09  6.80525e-22 -1.94144e-10  1.17017e-21 -8.74128e-10 -9.49675e-22  1.00635e-09  3.03075e-22 -4.81574e-10  4.75843e-23 -8.67703e-11 -9.59666e-23  3.24444e-10  4.43661e-23  -2.6481e-10 -8.38866e-24  1.21369e-10 -6.25898e-25 -3.12149e-11  4.78113e-25  3.07807e-12
-5.58769e-28 -7.46361e-16 -1.88166e-26  1.65696e-14 -1.48352e-25 -1.98093e-13  2.28458e-24  1.60295e-12 -1.65728e-23  -9.6914e-12  8.61238e-23  4.62372e-11 -3.53556e-22 -1.80064e-10  1.19916e-21  5.85185e-10 -3.44034e-21 -1.61029e-09  8.47042e-21  3.78598e-09 -1.80684e-20 -7.63849e-09  3.35929e-20  1.32205e-08  -5.4606e-20  -1.9509e-08  7.76344e-20  2.41762e-08 -9.62845e-20 -2.43412e-08  1.03508e-19  1.83491e-08 -9.53042e-20  -7.5353e-09  7.35427e-20 -3.69106e-09 -4.55672e-20  1.02125e-08  2.04034e-20 -9.63436e-09 -4.07542e-21  3.97618e-09 -2.69495e-21  2.02505e-09  3.19773e-21 -4.60654e-09  -1.5345e-21  3.39885e-09  2.08217e-22 -6.98986e-10  2.25887e-22 -1.12804e-09 -1.75208e-22  1.40209e-09  5.74771e-23 -8.39034e-10 -6.00624e-24  2.92414e-10 -2.82398e-24 -5.12533e-11  3.52149e-24
 3.68545e-16  3.30865e-26 -1.42862e-14 -1.48352e-25  2.22523e-13 -7.81761e-25  -2.1527e-12  1.04536e-23   1.4931e-11  -6.7504e-23 -7.97975e-11  3.15558e-22  3.42898e-10  -1.1817e-21 -1.21743e-09  3.69408e-21    3.636e-09 -9.83681e-21 -9.24147e-09  2.25882e-20  2.01217e-08 -4.50761e-20 -3.76075e-08  7.85202e-20  6.01497e-08 -1.19587e-19 -8.14925e-08  1.59032e-19  9.14287e-08 -1.83791e-19 -8.06862e-08  1.82839e-19  4.81798e-08 -1.53858e-19 -5.11505e-09  1.05897e-19 -2.93578e-08 -5.52382e-20  4.00113e-08  1.67263e-20 -2.62687e-08  3.36529e-21   2.2431e-09 -8.19534e-21  1.46178e-08  5.51453e-21 -1.63293e-08 -1.86464e-21  7.58776e-09 -4.39185e-23   1.6625e-09  4.06442e-22 -5.44461e-09 -2.17266e-22  4.38894e-09  5.17948e-23 -2.00291e-09 -3.38344e-25  5.14236e-10 -2.70143e-24 -5.06832e-11
-2.02533e-27  8.91586e-15  3.81475e-25 -1.98093e-13 -7.81761e-25  2.37002e-12 -3.51564e-24 -1.91913e-11   4.2405e-23  1.16103e-10 -2.44603e-22 -5.54235e-10  1.03415e-21  2.15942e-09  -3.5495e-21 -7.02041e-09  1.02567e-20   1.9323e-08 -2.53948e-20  -4.5433e-08   5.4441e-20  9.16456e-08 -1.01681e-19 -1.58526e-07  1.65976e-19  2.33658e-07 -2.36826e-19 -2.88918e-07  2.94558e-19  2.89639e-07   -3.172e-19 -2.16156e-07  2.92019e-19  8.51108e-08 -2.24486e-19  4.97518e-08  1.37321e-19 -1.26516e-07  -5.8815e-20  1.16814e-07  8.06604e-21 -4.61249e-08  1.24428e-20 -2.73434e-08 -1.29949e-20  5.79178e-08  6.63934e-21 -4.18292e-08 -1.50845e-21    7.875e-09 -4.63034e-22  1.47361e-08  5.56659e-22  -1.7862e-08 -2.25405e-22  1.06199e-08  3.52845e-23 -3.69169e-09  1.73646e-23  6.46445e-10 -3.97422e-23
-3.55987e-15 -3.61278e-25  1.38103e-13  2.28458e-24  -2.1527e-12 -3.51564e-24  2.08398e-11  -1.4492e-23 -1.44637e-10  1.54754e-22  7.73443e-10 -7.92915e-22 -3.32524e-09  3.03681e-21  1.18108e-08 -9.55829e-21 -3.52848e-08  2.55176e-20  8.96945e-08 -5.86909e-20 -1.95281e-07  1.17331e-19  3.64849e-07  -2.0487e-19 -5.83067e-07   3.1303e-19  7.88721e-07 -4.18111e-19 -8.82266e-07  4.86126e-19  7.73776e-07 -4.87804e-19 -4.53893e-07  4.15896e-19  3.36052e-08 -2.92498e-19  2.99062e-07  1.59168e-19 -3.95995e-07 -5.49219e-20  2.54073e-07 -2.41847e-21 -1.43919e-08  1.92727e-20 -1.50712e-07 -1.46819e-20  1.64016e-07  5.73343e-21  -7.4194e-08 -3.75083e-22 -1.89667e-08 -1.01454e-21  5.62897e-08   6.7067e-22 -4.49018e-08 -1.89052e-22  2.04155e-08 -1.17799e-23 -5.23368e-09  3.06666e-23  5.15605e-10
 4.89347e-26 -7.20931e-14 -3.22058e-24  1.60295e-12  1.04536e-23 -1.91913e-11  -1.4492e-23  1.55501e-10 -5.29418e-23 -9.41303e-10  4.89876e-22  4.49578e-09 -2.23253e-21 -1.75243e-08  7.76388e-21   5.6992e-08 -2.24089e-20 -1.56899e-07  5.52397e-20  3.68922e-07 -1.17947e-19  -7.4403e-07  2.19735e-19   1.2863e-06 -3.58525e-19 -1.89385e-06  5.12585e-19  2.33689e-06 -6.40754e-19 -2.33317e-06  6.96388e-19  1.72452e-06 -6.51251e-19 -6.50759e-07   5.1428e-19 -4.45374e-07 -3.30723e-19  1.05728e-06  1.59331e-19 -9.57469e-07 -4.20105e-20   3.6225e-07  -1.2411e-20  2.45341e-07  2.20821e-20 -4.90502e-07 -1.29782e-20   3.4769e-07  3.14865e-21 -6.01232e-08  1.31614e-21 -1.28726e-07 -1.71532e-21  1.52893e-07  8.44178e-22 -9.04122e-08 -1.86023e-22   3.1361e-08 -8.75053e-23   -5.487e-09  2.94304e-22
 2.46563e-14  2.52811e-24 -9.57219e-13 -1.65728e-23   1.4931e-11   4.2405e-23 -1.44637e-10 -5.29418e-23  1.00443e-09 -1.64136e-22 -5.37404e-09   1.3143e-21  2.31151e-08 -5.36687e-21 -8.21327e-08  1.69766e-20  2.45438e-07 -4.49138e-20 -6.23987e-07  1.02191e-19  1.35845e-06 -2.02512e-19 -2.53717e-06  3.51715e-19  4.05159e-06 -5.36633e-19 -5.47269e-06  7.18773e-19  6.10484e-06 -8.42145e-19 -5.32291e-06  8.57277e-19  3.06932e-06 -7.48883e-19 -1.30581e-07  5.48722e-19 -2.17139e-06 -3.22571e-19  2.80414e-06  1.35911e-19 -1.76183e-06  -2.3081e-20  5.25098e-08 -2.03406e-20  1.10562e-06  2.16945e-20 -1.17708e-06 -9.39013e-21  5.20254e-07 -1.37046e-22  1.49634e-07  3.09371e-21 -4.13383e-07 -2.13702e-21  3.26984e-07  5.28904e-22 -1.48221e-07  3.08991e-22  3.79497e-08 -3.70846e-22  -3.7372e-09
-4.24712e-25  4.35579e-13  1.89534e-23  -9.6914e-12  -6.7504e-23  1.16103e-10  1.54754e-22 -9.41303e-10 -1.64136e-22  5.70108e-09 -4.26155e-22  -2.7242e-08  2.99495e-21   1.0623e-07 -1.10188e-20 -3.45587e-07   3.1622e-20  9.51583e-07  -7.6445e-20 -2.23758e-06   1.6023e-19  4.51188e-06 -2.94594e-19 -7.79641e-06  4.77867e-19  1.14673e-05 -6.84145e-19 -1.41231e-05  8.62916e-19  1.40475e-05 -9.54434e-19 -1.02898e-05  9.18555e-19  3.72361e-06 -7.58182e-19   2.9307e-06   5.2267e-19 -6.57932e-06 -2.85479e-19  5.85786e-06  1.06278e-19 -2.13025e-06 -7.45199e-21 -1.61663e-06 -2.43234e-20  3.08759e-06  1.92104e-20 -2.15519e-06 -4.79436e-21  3.45943e-07 -4.05964e-21  8.28747e-07    5.265e-21 -9.69338e-07 -2.92799e-21  5.70795e-07  8.19907e-22 -1.97647e-07  2.14622e-22  3.45568e-08 -1.41846e-21
-1.31605e-13 -1.32867e-23   5.1126e-12  8.61238e-23 -7.97975e-11 -2.44603e-22  7.73443e-10  4.89876e-22 -5.37404e-09 -4.26155e-22  2.87666e-08 -9.42447e-22 -1.23784e-07  5.89031e-21   4.3998e-07 -1.93853e-20 -1.31511e-06  4.98103e-20  3.34386e-06 -1.08818e-19 -7.27933e-06  2.08548e-19  1.35915e-05 -3.55342e-19 -2.16896e-05  5.40974e-19   2.9259e-05 -7.35114e-19 -3.25575e-05  8.88169e-19  2.82366e-05 -9.50049e-19 -1.60239e-05  8.91907e-19  2.02711e-07 -7.22354e-19  1.20762e-05  4.91616e-19 -1.52694e-05 -2.66305e-19  9.42053e-06   9.8156e-20 -5.76312e-08 -6.00371e-21 -6.19856e-06 -2.14241e-20  6.48514e-06  1.30243e-20 -2.81541e-06  2.06035e-21 -8.78381e-07 -8.27522e-21  2.31334e-06   5.3235e-21 -1.81871e-06  8.12253e-23  8.22557e-07 -3.23664e-21 -2.10397e-07  3.26567e-21  2.07119e-08
 2.47919e-24 -2.07688e-12 -8.65374e-23  4.62372e-11  3.15558e-22 -5.54235e-10 -7.92915e-22  4.49578e-09   1.3143e-21  -2.7242e-08 -9.42447e-22  1.30227e-07 -1.81564e-21 -5.08003e-07  9.98741e-21  1.65308e-06 -2.82908e-20 -4.55261e-06  6.22465e-20  1.07055e-05 -1.18012e-19 -2.15835e-05  2.01109e-19  3.72797e-05 -3.17001e-19 -5.47846e-05  4.62999e-19  6.73602e-05  -6.2439e-19 -6.67775e-05  7.69079e-19  4.85207e-05  -8.5614e-19  -1.6877e-05  8.45968e-19 -1.49919e-05 -7.25348e-19  3.21937e-05  5.26795e-19 -2.82614e-05 -3.08394e-19  9.93377e-06  1.29272e-19  8.26119e-06 -2.43992e-20 -1.52476e-05 -7.90147e-21  1.05241e-05 -5.68258e-22 -1.60265e-06  1.33173e-20 -4.14226e-06 -1.42356e-20  4.79776e-06  7.70391e-21 -2.81721e-06 -2.74373e-21  9.74321e-07   9.1965e-22 -1.70258e-07  3.72308e-21
 5.64894e-13  5.57544e-23 -2.19575e-11 -3.53556e-22  3.42898e-10  1.03415e-21 -3.32524e-09 -2.23253e-21  2.31151e-08  2.99495e-21 -1.23784e-07 -1.81564e-21   5.3284e-07 -3.02845e-21 -1.89449e-06  1.35153e-20  5.66391e-06 -2.84053e-20 -1.44028e-05  4.20382e-20  3.13526e-05 -4.78373e-20 -5.85252e-05  4.87882e-20  9.33428e-05 -6.77824e-20  -0.00012578  1.39929e-19  0.000139663 -2.90045e-19 -0.000120573  5.11357e-19  6.74658e-05 -7.39833e-19  9.61936e-07  8.72872e-19 -5.36643e-05 -8.47601e-19  6.67178e-05  6.73886e-19 -4.05713e-05 -4.26136e-19 -5.14229e-07  2.00734e-19  2.76826e-05 -6.66521e-20 -2.86121e-05  2.59415e-20   1.2292e-05 -2.90364e-20   3.9901e-06  2.89356e-20 -1.02654e-05 -1.28341e-20  8.04392e-06 -7.05241e-21 -3.63327e-06  1.93837e-20  9.28732e-07 -2.04003e-20 -9.13952e-08
-1.10317e-23  8.08402e-12  3.22051e-22 -1.80064e-10  -1.1817e-21  2.15942e-09  3.03681e-21 -1.75243e-08 -5.36687e-21   1.0623e-07  5.89031e-21 -5.08003e-07 -3.02845e-21  1.98226e-06 -3.87539e-21 -6.45197e-06  9.11125e-21  1.77715e-05  6.69975e-21 -4.17917e-05 -7.25369e-20  8.42472e-05  2.09254e-19 -0.000145465 -3.88826e-19  0.000213619  5.31213e-19 -0.000262301 -5.17931e-19  0.000259325  2.67932e-19 -0.000187162  1.98218e-19  6.28782e-05 -7.16471e-19  6.16845e-05  1.06986e-18 -0.000128091 -1.13995e-18  0.000111261  9.40626e-19 -3.81428e-05 -6.06675e-19 -3.38128e-05  3.04033e-19  6.10458e-05  -1.3056e-19 -4.18896e-05  7.15785e-20  6.27994e-06 -5.29205e-20  1.65554e-05  2.98015e-20 -1.91183e-05 -7.12596e-21  1.12144e-05  2.26432e-21 -3.87627e-06 -1.02145e-20  6.77101e-07  2.71817e-21
-2.00378e-12 -1.93308e-22  7.79239e-11  1.19916e-21 -1.21743e-09  -3.5495e-21  1.18108e-08  7.76388e-21 -8.21327e-08 -1.10188e-20   4.3998e-07  9.98741e-21 -1.89449e-06 -3.87539e-21  6.73745e-06 -1.53662e-21 -2.01463e-05 -2.24838e-20  5.12353e-05  1.32154e-19  -0.00011153 -3.90347e-19  0.000208154  8.06507e-19  -0.00033185 -1.27484e-18  0.000446802  1.58217e-18 -0.000495314 -1.50376e-18  0.000426097  9.19119e-19 -0.000235754  3.00189e-20 -8.54392e-06 -9.65773e-19  0.000195678  1.55097e-18 -0.000240361 -1.64204e-18  0.000144815  1.33058e-18  3.50365e-06  -8.5681e-19 -0.000101017  4.70951e-19  0.000103816 -2.69428e-19 -4.45988e-05  1.87518e-19 -1.42766e-05 -1.28407e-19  3.69585e-05  5.57799e-20  -2.8971e-05  1.44899e-20  1.30845e-05 -6.71958e-20 -3.34388e-06  8.92651e-20  3.28958e-07
 3.94756e-23 -2.62615e-11 -1.00437e-21  5.85185e-10  3.69408e-21 -7.02041e-09 -9.55829e-21   5.6992e-08  1.69766e-20 -3.45587e-07 -1.93853e-20  1.65308e-06  1.35153e-20 -6.45197e-06 -1.53662e-21  2.10042e-05  1.10775e-20  -5.7862e-05  -1.1941e-19  0.000136076  4.39252e-19 -0.000274299 -1.05555e-18  0.000473517  1.88826e-18  -0.00069505  -2.6731e-18  0.000852666  3.00214e-18 -0.000841398 -2.55458e-18  0.000604345  1.30951e-18  -0.00019777  3.08011e-19 -0.000208502 -1.67261e-18  0.000423449  2.38917e-18 -0.000365596 -2.36945e-18  0.000123925   1.8395e-18  0.000112927  -1.1731e-18 -0.000202263  6.59913e-19   0.00013899 -3.52252e-19 -2.16446e-05  1.47464e-19 -5.37047e-05  1.37225e-20  6.24107e-05 -1.00672e-19 -3.66589e-05  7.64862e-20   1.2675e-05  1.98474e-20  -2.2137e-06 -7.30274e-20
 5.98058e-12  5.65623e-22 -2.32655e-10 -3.44034e-21    3.636e-09  1.02567e-20 -3.52848e-08 -2.24089e-20  2.45438e-07   3.1622e-20 -1.31511e-06 -2.82908e-20  5.66391e-06  9.11125e-21 -2.01463e-05  1.10775e-20  6.02501e-05  4.70504e-20 -0.000153239 -3.40399e-19  0.000333581  1.04605e-18 -0.000622538 -2.19827e-18  0.000992276  3.52373e-18   -0.0013354 -4.47861e-18   0.00147903  4.48984e-18  -0.00126965 -3.23081e-18  0.000697548   1.0028e-18  3.53199e-05  1.31682e-18 -0.000595354 -2.97928e-18   0.00072683  3.63668e-18 -0.000436972 -3.37237e-18 -1.10383e-05  2.57759e-18  0.000305744 -1.76137e-18 -0.000315097  1.20304e-18   0.00013732 -8.68457e-19  4.01002e-05  6.27554e-19 -0.000109145 -4.11719e-19  8.60372e-05  2.03572e-19 -3.89222e-05  2.50042e-20  9.95054e-06 -2.32346e-19 -9.78564e-07
-1.17024e-22  7.22473e-11  2.67045e-21 -1.61029e-09 -9.83681e-21   1.9323e-08  2.55176e-20 -1.56899e-07 -4.49138e-20  9.51583e-07  4.98103e-20 -4.55261e-06 -2.84053e-20  1.77715e-05 -2.24838e-20  -5.7862e-05  4.70504e-20  0.000159414  1.28713e-19 -0.000374925 -7.64969e-19  0.000755784  2.06341e-18  -0.00130465 -3.83716e-18   0.00191477  5.52402e-18  -0.00234823 -6.25425e-18   0.00231548  5.39592e-18  -0.00165964 -2.91002e-18  0.000536172 -3.26819e-19  0.000585944   3.1193e-18  -0.00117911 -4.81529e-18   0.00101801  5.20905e-18 -0.000347944 -4.54488e-18 -0.000310144  3.34642e-18  0.000561363 -2.12564e-18 -0.000390176  1.07499e-18   6.7453e-05 -1.47115e-19  0.000141653 -6.07147e-19 -0.000168039  9.91836e-19   9.9195e-05 -8.52244e-19 -3.43517e-05  2.87631e-19  6.00037e-06  3.11771e-19
-1.51956e-11 -1.41668e-21  5.91237e-10  8.47042e-21 -9.24147e-09 -2.53948e-20  8.96945e-08  5.52397e-20 -6.23987e-07  -7.6445e-20  3.34386e-06  6.22465e-20 -1.44028e-05  6.69975e-21  5.12353e-05  -1.1941e-19 -0.000153239  1.28713e-19   0.00038978  2.77803e-19 -0.000848566 -1.46386e-18   0.00158374  3.49555e-18  -0.00252456 -5.83202e-18   0.00339778  7.45158e-18  -0.00376337 -7.37787e-18   0.00323025  5.07512e-18  -0.00177289  -1.1532e-18  -9.5524e-05 -2.78917e-18   0.00152592  5.68779e-18  -0.00186578 -7.14086e-18   0.00113038  7.20411e-18  1.32736e-05  -6.2414e-18 -0.000772612  4.96674e-18  0.000808044 -3.91961e-18 -0.000364285  3.23074e-18 -8.49612e-05 -2.83379e-18  0.000264207  2.58527e-18 -0.000211202 -2.21102e-18  9.59629e-05  1.35876e-18 -2.45639e-05 -9.32964e-20  2.41479e-06
 2.92816e-22 -1.69852e-10 -6.12389e-21  3.78598e-09  2.25882e-20  -4.5433e-08 -5.86909e-20  3.68922e-07  1.02191e-19 -2.23758e-06 -1.08818e-19  1.07055e-05  4.20382e-20 -4.17917e-05  1.32154e-19  0.000136076 -3.40399e-19 -0.000374925  2.77803e-19  0.000881874  5.30685e-19  -0.00177796 -2.46254e-18   0.00306982  5.15272e-18   -0.0045069 -7.61824e-18      0.00553  8.47069e-18  -0.00545758 -6.80738e-18   0.00391848  2.74612e-18  -0.00127463  2.17666e-18  -0.00137421 -6.18132e-18   0.00278656  8.75888e-18  -0.00242582 -9.74567e-18  0.000858524   9.2003e-18  0.000697558 -7.43987e-18  -0.00131154  4.98393e-18  0.000935222 -2.12971e-18 -0.000192381 -1.00667e-18 -0.000298901  3.92955e-18  0.000371381 -5.73779e-18 -0.000221655  5.54823e-18  7.70436e-05 -3.19311e-18  -1.3466e-05 -3.18364e-19
 3.30899e-11  3.06691e-21  -1.2874e-09 -1.80684e-20  2.01217e-08   5.4441e-20 -1.95281e-07 -1.17947e-19  1.35845e-06   1.6023e-19 -7.27933e-06 -1.18012e-19  3.13526e-05 -7.25369e-20  -0.00011153  4.39252e-19  0.000333581 -7.64969e-19 -0.000848566  5.30685e-19   0.00184767   8.8836e-19  -0.00344945 -3.58856e-18   0.00550126  6.63578e-18   -0.0074101 -8.44008e-18   0.00821889  7.70311e-18  -0.00707375 -3.86557e-18   0.00391141 -1.85959e-18  0.000161868  6.94179e-18  -0.00330466  -1.0387e-17    0.0040905  1.23151e-17  -0.00253156 -1.28618e-17  5.45653e-05  1.20549e-17   0.00162622 -1.06404e-17  -0.00175747  9.52452e-18  0.000841397 -9.29396e-18  0.000115288  1.01688e-17 -0.000515174 -1.16925e-17  0.000424175  1.23695e-17 -0.000194505 -1.01777e-17  4.99283e-05  4.63562e-18 -4.90622e-06
-6.25911e-22   3.4276e-10   1.2206e-20 -7.63849e-09 -4.50761e-20  9.16456e-08  1.17331e-19  -7.4403e-07 -2.02512e-19  4.51188e-06  2.08548e-19 -2.15835e-05 -4.78373e-20  8.42472e-05 -3.90347e-19 -0.000274299  1.04605e-18  0.000755784 -1.46386e-18  -0.00177796   8.8836e-19   0.00358572  1.28557e-18  -0.00619465 -4.39638e-18   0.00910356   6.9683e-18   -0.0111892    -7.04e-18    0.0110775  3.75952e-18  -0.00801015  2.30358e-18   0.00269526  -8.5359e-18   0.00267346  1.26695e-17   -0.0055992 -1.51439e-17   0.00497332  1.63963e-17  -0.00188538 -1.62094e-17  -0.00125474  1.41332e-17   0.00257191 -1.00845e-17  -0.00192168  3.81738e-18  0.000500185  4.85902e-18  0.000477145 -1.47794e-17 -0.000658083  2.29264e-17  0.000401861 -2.51001e-17 -0.000140757  1.83115e-17    2.464e-05 -3.78398e-18
-6.18927e-11 -5.77528e-21  2.40707e-09  3.35929e-20 -3.76075e-08 -1.01681e-19  3.64849e-07  2.19735e-19 -2.53717e-06 -2.94594e-19  1.35915e-05  2.01109e-19 -5.85252e-05  2.09254e-19  0.000208154 -1.05555e-18 -0.000622538  2.06341e-18   0.00158374 -2.46254e-18  -0.00344945  1.28557e-18   0.00644373  1.56211e-18   -0.0102878  -4.6108e-18    0.0138837  5.58003e-18   -0.0154509 -3.06332e-18    0.0133882 -3.23066e-18  -0.00754671  1.09366e-17 -5.63292e-05 -1.61551e-17    0.0060196  1.83787e-17  -0.00766576 -1.90359e-17   0.00493907  1.86983e-17   -0.0003996 -1.68692e-17  -0.00280666  1.43514e-17   0.00323131 -1.30463e-17  -0.00170171  1.52045e-17   2.6144e-06 -2.25747e-17  0.000766148  3.42464e-17 -0.000673773 -4.45272e-17  0.000315017  4.41652e-17 -8.13548e-05 -2.74737e-17  7.99046e-06
 1.15128e-21 -5.93597e-10 -2.12451e-20  1.32205e-08  7.85202e-20 -1.58526e-07  -2.0487e-19   1.2863e-06  3.51715e-19 -7.79641e-06 -3.55342e-19  3.72797e-05  4.87882e-20 -0.000145465  8.06507e-19  0.000473517 -2.19827e-18  -0.00130465  3.49555e-18   0.00306982 -3.58856e-18  -0.00619465  1.56211e-18    0.0107138  1.45753e-18    -0.015776 -3.32958e-18    0.0194579  1.48416e-18   -0.0193891  4.66036e-18    0.0142285 -1.37213e-17  -0.00512538   2.1416e-17  -0.00421702 -2.47771e-17   0.00951712  2.61348e-17  -0.00877974  -2.7809e-17   0.00371358  3.00598e-17   0.00167642 -3.16986e-17  -0.00417089  3.09492e-17   0.00337786 -2.43634e-17  -0.00116738  7.53107e-18 -0.000465301  2.05935e-17  0.000872104 -5.35472e-17 -0.000561657  7.57946e-17  0.000200145  -6.9245e-17 -3.51681e-05  2.72617e-17
 9.91643e-11   9.4931e-21 -3.85318e-09  -5.4606e-20  6.01497e-08  1.65976e-19 -5.83067e-07 -3.58525e-19  4.05159e-06  4.77867e-19 -2.16896e-05 -3.17001e-19  9.33428e-05 -3.88826e-19  -0.00033185  1.88826e-18  0.000992276 -3.83716e-18  -0.00252456  5.15272e-18   0.00550126 -4.39638e-18   -0.0102878  1.45753e-18    0.0164581  1.38834e-18   -0.0222891 -9.57789e-19    0.0249626  -4.3295e-18   -0.0219059  1.43374e-17    0.0127931 -2.49748e-17 -0.000697438  2.97177e-17  -0.00907111 -2.78975e-17    0.0122116  2.19875e-17  -0.00841437 -1.27486e-17   0.00146129 -1.58824e-18   0.00379895   2.0058e-17  -0.00495152 -3.72259e-17   0.00301152  4.30282e-17 -0.000556062 -2.54436e-17 -0.000712998   -2.034e-17  0.000764173  7.99468e-17  -0.00037553 -1.17796e-16  9.84752e-05  9.74824e-17 -9.66731e-06
-1.82814e-21   8.7702e-10   3.2356e-20  -1.9509e-08 -1.19587e-19  2.33658e-07   3.1303e-19 -1.89385e-06 -5.36633e-19  1.14673e-05  5.40974e-19 -5.47846e-05 -6.77824e-20  0.000213619 -1.27484e-18  -0.00069505  3.52373e-18   0.00191477 -5.83202e-18   -0.0045069  6.63578e-18   0.00910356  -4.6108e-18    -0.015776  1.38834e-18    0.0233126 -6.31164e-20    -0.028933  4.11181e-18     0.029167  -1.4074e-17   -0.0219641  2.76803e-17   0.00881974 -3.86419e-17   0.00505586  4.30955e-17   -0.0134651 -4.68497e-17    0.0132802  5.77805e-17  -0.00656736 -8.14706e-17   -0.0012048  1.19648e-16   0.00537484 -1.68024e-16  -0.00501957  2.10343e-16   0.00239283 -2.18324e-16 -0.000155077  1.65393e-16 -0.000653816 -4.97312e-17  0.000509276 -8.47262e-17 -0.000191419  1.56878e-16  3.40406e-05 -1.00993e-16
-1.34801e-10 -1.36319e-20  5.22899e-09  7.76344e-20 -8.14925e-08 -2.36826e-19  7.88721e-07  5.12585e-19 -5.47269e-06 -6.84145e-19   2.9259e-05  4.62999e-19  -0.00012578  5.31213e-19  0.000446802  -2.6731e-18   -0.0013354  5.52402e-18   0.00339778 -7.61824e-18   -0.0074101   6.9683e-18    0.0138837 -3.32958e-18   -0.0222891 -6.31164e-20    0.0303737 -1.17038e-18    -0.034395  9.12352e-18    0.0308469 -2.32453e-17   -0.0190827  3.70624e-17   0.00289767 -3.91013e-17     0.010837  2.45361e-17    -0.016271  8.11425e-18    0.0124806 -6.47528e-17  -0.00385197  1.56433e-16  -0.00349575 -2.86961e-16   0.00609087  4.40463e-16  -0.00461141 -5.71317e-16   0.00190607   6.0867e-16 -0.000132925 -4.91937e-16 -0.000356556  2.30553e-16  0.000230037  5.83851e-17 -6.46867e-05 -1.95205e-16  6.35427e-06
 2.50429e-21 -1.08933e-09  -4.3088e-20  2.41762e-08  1.59032e-19 -2.88918e-07 -4.18111e-19  2.33689e-06  7.18773e-19 -1.41231e-05 -7.35114e-19  6.73602e-05  1.39929e-19 -0.000262301  1.58217e-18  0.000852666 -4.47861e-18  -0.00234823  7.45158e-18      0.00553 -8.44008e-18   -0.0111892  5.58003e-18    0.0194579 -9.57789e-19    -0.028933 -1.17038e-18    0.0363015 -4.09251e-18   -0.0373307  1.79201e-17    0.0293333  -3.8237e-17   -0.0137268  5.80101e-17  -0.00359567 -7.49442e-17    0.0152395  1.05406e-16   -0.0169596 -1.78416e-16     0.010348  3.27585e-16  -0.00121895 -5.79668e-16  -0.00487877  9.33556e-16   0.00610325 -1.32751e-15  -0.00418878  1.62455e-15   0.00181973 -1.65161e-15 -0.000434896  1.30177e-15  1.19509e-06 -6.60061e-16  3.13024e-05  3.56071e-17 -6.86993e-06  2.05482e-16
 1.52198e-10  1.70651e-20 -5.88484e-09 -9.62845e-20  9.14287e-08  2.94558e-19 -8.82266e-07 -6.40754e-19  6.10484e-06  8.62916e-19 -3.25575e-05  -6.2439e-19  0.000139663 -5.17931e-19 -0.000495314  3.00214e-18   0.00147903 -6.25425e-18  -0.00376337  8.47069e-18   0.00821889    -7.04e-18   -0.0154509  1.48416e-18    0.0249626  4.11181e-18    -0.034395 -4.09251e-18    0.0397102 -4.55103e-18   -0.0369447  2.08796e-17    0.0249686  -3.4215e-17  -0.00729807  2.17059e-17  -0.00902825  4.05384e-17    0.0174372 -1.82699e-16   -0.0159201  4.53918e-16   0.00793655 -9.19844e-16  0.000574709  1.62366e-15  -0.00538094 -2.52415e-15   0.00591637  3.43116e-15  -0.00412413 -3.99992e-15    0.0021084  3.85971e-15 -0.000824429 -2.87581e-15  0.000246592  1.38437e-15 -5.17866e-05 -1.36459e-16  5.02705e-06
-2.94293e-21  1.10168e-09  4.99823e-20 -2.43412e-08 -1.83791e-19  2.89639e-07  4.86126e-19 -2.33317e-06 -8.42145e-19  1.40475e-05  8.88169e-19 -6.67775e-05 -2.90045e-19  0.000259325 -1.50376e-18 -0.000841398  4.48984e-18   0.00231548 -7.37787e-18  -0.00545758  7.70311e-18    0.0110775 -3.06332e-18   -0.0193891  -4.3295e-18     0.029167  9.12352e-18   -0.0373307 -4.55103e-18    0.0397596 -1.26289e-17   -0.0334904  4.43095e-17    0.0191444 -9.01575e-17  -0.00158968  1.64892e-16   -0.0123035 -3.28335e-16    0.0176327  6.92978e-16   -0.0142447 -1.41212e-15   0.00620167  2.63397e-15   0.00139943 -4.40104e-15  -0.00551136  6.50065e-15   0.00599655 -8.36492e-15  -0.00443004  9.17277e-15   0.00247503 -8.24717e-15  -0.00104459  5.62758e-15   0.00030876 -2.37474e-15 -5.12718e-05  9.87997e-17
-1.36087e-10 -1.85178e-20   5.2271e-09  1.03508e-19 -8.06862e-08   -3.172e-19  7.73776e-07  6.96388e-19 -5.32291e-06 -9.54434e-19  2.82366e-05  7.69079e-19 -0.000120573  2.67932e-19  0.000426097 -2.55458e-18  -0.00126965  5.39592e-18   0.00323025 -6.80738e-18  -0.00707375  3.75952e-18    0.0133882  4.66036e-18   -0.0219059  -1.4074e-17    0.0308469  1.79201e-17   -0.0369447 -1.26289e-17     0.036671  1.83022e-18   -0.0283398 -7.09152e-18    0.0137539  8.38174e-17   0.00208381 -3.25117e-16    -0.013431  8.83711e-16    0.0169019 -1.99947e-15   -0.0130416   3.9789e-15   0.00542967 -7.05708e-15   0.00174171  1.11388e-14  -0.00581333 -1.55063e-14   0.00639481  1.87387e-14  -0.00474687 -1.91496e-14   0.00256594  1.58015e-14 -0.000979633 -9.56444e-15  0.000233234  3.20703e-15 -2.26527e-05
 2.92907e-21 -8.39058e-10 -5.01075e-20  1.83491e-08  1.82839e-19 -2.16156e-07 -4.87804e-19  1.72452e-06  8.57277e-19 -1.02898e-05 -9.50049e-19  4.85207e-05  5.11357e-19 -0.000187162  9.19119e-19  0.000604345 -3.23081e-18  -0.00165964  5.07512e-18   0.00391848 -3.86557e-18  -0.00801015 -3.23066e-18    0.0142285  1.43374e-17   -0.0219641 -2.32453e-17    0.0293333  2.08796e-17   -0.0334904  1.83022e-18    0.0318075 -6.09611e-17    -0.023438  1.89984e-16    0.0102657 -4.80388e-16   0.00356241  1.15742e-15   -0.0134383 -2.63724e-15    0.0164565  5.51461e-15   -0.0127319 -1.04053e-14   0.00516523  1.75602e-14   0.00220878 -2.62851e-14   -0.0063724  3.44941e-14   0.00668454 -3.89664e-14  -0.00461401  3.67393e-14   0.00221669 -2.72922e-14 -0.000700025   1.3999e-14  0.000118131 -2.88722e-15
 8.42566e-11  1.72291e-20  -3.1782e-09 -9.53042e-20  4.81798e-08  2.92019e-19 -4.53893e-07 -6.51251e-19  3.06932e-06  9.18555e-19 -1.60239e-05  -8.5614e-19  6.74658e-05  1.98218e-19 -0.000235754  1.30951e-18  0.000697548 -2.91002e-18  -0.00177289  2.74612e-18   0.00391141  2.30358e-18  -0.00754671 -1.37213e-17    0.0127931  2.76803e-17   -0.0190827  -3.8237e-17    0.0249686  4.43095e-17   -0.0283398 -6.09611e-17    0.0271296  1.46445e-16   -0.0203428 -4.57053e-16   0.00896635  1.31369e-15   0.00381798 -3.29639e-15   -0.0136019  7.32487e-15    0.0168209  -1.4569e-14   -0.0128829  2.59727e-14   0.00473906 -4.13221e-14   0.00292002  5.81623e-14  -0.00669087 -7.14136e-14   0.00628969  7.47777e-14  -0.00381981 -6.42248e-14    0.0015438  4.18956e-14 -0.000374661 -1.69572e-14  3.61128e-05
-2.40464e-21  3.58972e-10  4.27986e-20  -7.5353e-09 -1.53858e-19  8.51108e-08  4.15896e-19 -6.50759e-07 -7.48883e-19  3.72361e-06  8.91907e-19  -1.6877e-05 -7.39833e-19  6.28782e-05  3.00189e-20  -0.00019777   1.0028e-18  0.000536172  -1.1532e-18  -0.00127463 -1.85959e-18   0.00269526  1.09366e-17  -0.00512538 -2.49748e-17   0.00881974  3.70624e-17   -0.0137268  -3.4215e-17    0.0191444 -7.09152e-18    -0.023438  1.46445e-16    0.0242241 -5.31434e-16   -0.0194173  1.51818e-15   0.00892994 -3.88048e-15   0.00416735  9.01409e-15   -0.0145205 -1.89344e-14    0.0175697  3.57746e-14    -0.012755 -6.04962e-14   0.00399003  9.09373e-14   0.00330801 -1.20235e-13  -0.00607138  1.37504e-13   0.00495619 -1.32284e-13  -0.00255686  1.01763e-13   0.00082877 -5.60072e-14 -0.000139573  1.47579e-14
-1.43157e-11 -1.34754e-20  4.39444e-10  7.35427e-20 -5.11505e-09 -2.24486e-19  3.36052e-08   5.1428e-19 -1.30581e-07 -7.58182e-19  2.02711e-07  8.45968e-19  9.61936e-07 -7.16471e-19 -8.54392e-06  3.08011e-19  3.53199e-05 -3.26819e-19  -9.5524e-05  2.17666e-18  0.000161868  -8.5359e-18 -5.63292e-05   2.1416e-17 -0.000697438 -3.86419e-17   0.00289767  5.80101e-17  -0.00729807 -9.01575e-17    0.0137539  1.89984e-16   -0.0203428 -5.31434e-16    0.0234794  1.57304e-15   -0.0197636 -4.31581e-15   0.00881302  1.06354e-14   0.00526276  -2.3523e-14   -0.0157633   4.6772e-14    0.0178819 -8.34748e-14   -0.0121299  1.33079e-13   0.00354452 -1.87955e-13   0.00255371  2.32109e-13  -0.00422352 -2.45424e-13   0.00298715  2.14379e-13  -0.00127306 -1.44307e-13  0.000310817  6.26744e-14 -2.91727e-05
 1.53323e-21  1.44053e-10 -3.03507e-20 -3.69106e-09  1.05897e-19  4.97518e-08 -2.92498e-19 -4.45374e-07  5.48722e-19   2.9307e-06 -7.22354e-19 -1.49919e-05  8.72872e-19  6.16845e-05 -9.65773e-19 -0.000208502  1.31682e-18  0.000585944 -2.78917e-18  -0.00137421  6.94179e-18   0.00267346 -1.61551e-17  -0.00421702  2.97177e-17   0.00505586 -3.91013e-17  -0.00359567  2.17059e-17  -0.00158968  8.38174e-17    0.0102657 -4.57053e-16   -0.0194173  1.57304e-15    0.0240069 -4.55891e-15   -0.0200216  1.17729e-14   0.00792391 -2.73978e-14   0.00666514  5.74569e-14   -0.0164263 -1.08327e-13    0.0174676  1.82898e-13   -0.0116741 -2.74801e-13    0.0043357  3.63743e-13  0.000336894 -4.17438e-13  -0.00159316  4.04537e-13   0.00105529 -3.15691e-13 -0.000360925  1.79051e-13  5.82358e-05 -5.18821e-14
-4.30424e-11  8.52757e-21   1.7791e-09 -4.55672e-20 -2.93578e-08  1.37321e-19  2.99062e-07 -3.30723e-19 -2.17139e-06   5.2267e-19  1.20762e-05 -7.25348e-19 -5.36643e-05  1.06986e-18  0.000195678 -1.67261e-18 -0.000595354   3.1193e-18   0.00152592 -6.18132e-18  -0.00330466  1.26695e-17    0.0060196 -2.47771e-17  -0.00907111  4.30955e-17     0.010837 -7.49442e-17  -0.00902825  1.64892e-16   0.00208381 -4.80388e-16   0.00896635  1.51818e-15   -0.0197636 -4.55891e-15    0.0244405  1.24307e-14   -0.0194738 -3.04807e-14    0.0067069  6.72198e-14   0.00739681 -1.33353e-13   -0.0161419  2.37491e-13    0.0170136 -3.77902e-13   -0.0124209  5.33025e-13   0.00670716 -6.58095e-13  -0.00273024  6.97043e-13  0.000870292  -6.1205e-13  -0.00024181  4.17026e-13  6.01175e-05 -1.86575e-13 -7.90864e-06
-6.26931e-22 -4.42427e-10  1.69583e-20  1.02125e-08 -5.52382e-20 -1.26516e-07  1.59168e-19  1.05728e-06 -3.22571e-19 -6.57932e-06  4.91616e-19  3.21937e-05 -8.47601e-19 -0.000128091  1.55097e-18  0.000423449 -2.97928e-18  -0.00117911  5.68779e-18   0.00278656  -1.0387e-17   -0.0055992  1.83787e-17   0.00951712 -2.78975e-17   -0.0134651  2.45361e-17    0.0152395  4.05384e-17   -0.0123035 -3.25117e-16   0.00356241  1.31369e-15   0.00892994 -4.31581e-15   -0.0200216  1.24307e-14    0.0240536 -3.20451e-14   -0.0185656  7.43478e-14   0.00619355 -1.55308e-13   0.00702091  2.91619e-13   -0.0156036 -4.90445e-13    0.0176368  7.34287e-13   -0.0147323 -9.69131e-13   0.00987009  1.11013e-12  -0.00538734 -1.07576e-12   0.00232353  8.42306e-13 -0.000722067 -4.82999e-13  0.000128224  1.45842e-13
 6.29045e-11 -3.99234e-21 -2.50552e-09  2.04034e-20  4.00113e-08  -5.8815e-20 -3.95995e-07  1.59331e-19  2.80414e-06 -2.85479e-19 -1.52694e-05  5.26795e-19  6.67178e-05 -1.13995e-18 -0.000240361  2.38917e-18   0.00072683 -4.81529e-18  -0.00186578  8.75888e-18    0.0040905 -1.51439e-17  -0.00766576  2.61348e-17    0.0122116 -4.68497e-17    -0.016271  1.05406e-16    0.0174372 -3.28335e-16    -0.013431  1.15742e-15   0.00381798 -3.88048e-15   0.00881302  1.17729e-14   -0.0194738 -3.20451e-14    0.0232914  7.82972e-14   -0.0183597 -1.72011e-13   0.00687177  3.39832e-13   0.00623361 -6.02539e-13   -0.0159998  9.54405e-13    0.0197177 -1.34013e-12   -0.0176485  1.64774e-12    0.0122442 -1.73942e-12  -0.00652825  1.52458e-12   0.00252727 -1.04029e-12 -0.000620626  4.69964e-13  6.29636e-05
-2.67606e-23  4.27287e-10 -6.49518e-21 -9.63436e-09  1.67263e-20  1.16814e-07 -5.49219e-20 -9.57469e-07  1.35911e-19  5.85786e-06 -2.66305e-19 -2.82614e-05  6.73886e-19  0.000111261 -1.64204e-18 -0.000365596  3.63668e-18   0.00101801 -7.14086e-18  -0.00242582  1.23151e-17   0.00497332 -1.90359e-17  -0.00877974  2.19875e-17    0.0132802  8.11425e-18   -0.0169596 -1.82699e-16    0.0176327  8.83711e-16   -0.0134383 -3.29639e-15   0.00416735  1.06354e-14   0.00792391 -3.04807e-14   -0.0185656  7.82972e-14    0.0232265 -1.80864e-13   -0.0193735  3.75902e-13   0.00804086 -7.01975e-13   0.00628598  1.17388e-12   -0.0177343 -1.74738e-12    0.0221467  2.29301e-12   -0.0192878 -2.61221e-12    0.0124735  2.51901e-12  -0.00588752 -1.96544e-12   0.00187368  1.12694e-12 -0.000324073 -3.45177e-13
 -4.3427e-11  9.75156e-22   1.6858e-09 -4.07542e-21 -2.62687e-08  8.06604e-21  2.54073e-07 -4.20105e-20 -1.76183e-06  1.06278e-19  9.42053e-06 -3.08394e-19 -4.05713e-05  9.40626e-19  0.000144815 -2.36945e-18 -0.000436972  5.20905e-18   0.00113038 -9.74567e-18  -0.00253156  1.63963e-17   0.00493907  -2.7809e-17  -0.00841437  5.77805e-17    0.0124806 -1.78416e-16   -0.0159201  6.92978e-16    0.0169019 -2.63724e-15   -0.0136019  9.01409e-15   0.00526276 -2.73978e-14    0.0067069  7.43478e-14   -0.0183597 -1.80864e-13    0.0243857  3.95346e-13   -0.0209006 -7.76696e-13   0.00839612  1.36872e-12   0.00761344 -2.15393e-12   -0.0195823  3.00392e-12    0.0227836 -3.66785e-12   -0.0180854  3.84528e-12    0.0103234 -3.34842e-12  -0.00409903  2.27243e-12   0.00100187 -1.02447e-12 -9.89456e-05
 3.13176e-22 -1.84393e-10  6.80525e-22  3.97618e-09  3.36529e-21 -4.61249e-08 -2.41847e-21   3.6225e-07  -2.3081e-20 -2.13025e-06   9.8156e-20  9.93377e-06 -4.26136e-19 -3.81428e-05  1.33058e-18  0.000123925 -3.37237e-18 -0.000347944  7.20411e-18  0.000858524 -1.28618e-17  -0.00188538  1.86983e-17   0.00371358 -1.27486e-17  -0.00656736 -6.47528e-17     0.010348  4.53918e-16   -0.0142447 -1.99947e-15    0.0164565  7.32487e-15   -0.0145205  -2.3523e-14   0.00666514  6.72198e-14   0.00619355 -1.72011e-13   -0.0193735  3.95346e-13    0.0260599 -8.16808e-13   -0.0215982  1.51529e-12   0.00746649 -2.51596e-12   0.00891598  3.71687e-12   -0.0192038 -4.83893e-12    0.0199144  5.46736e-12   -0.0139108 -5.22827e-12   0.00677118  4.04574e-12   -0.0021601  -2.3027e-12   0.00036689  7.04031e-13
 6.31256e-12  3.48953e-22 -1.94144e-10 -2.69495e-21   2.2431e-09  1.24428e-20 -1.43919e-08  -1.2411e-20  5.25098e-08 -7.45199e-21 -5.76312e-08  1.29272e-19 -5.14229e-07 -6.06675e-19  3.50365e-06   1.8395e-18 -1.10383e-05 -4.54488e-18  1.32736e-05   9.2003e-18  5.45653e-05 -1.62094e-17   -0.0003996  3.00598e-17   0.00146129 -8.14706e-17  -0.00385197  3.27585e-16   0.00793655 -1.41212e-15   -0.0130416  5.51461e-15    0.0168209 -1.89344e-14   -0.0157633  5.74569e-14   0.00739681 -1.55308e-13   0.00687177  3.75902e-13   -0.0209006 -8.16808e-13    0.0268923  1.59395e-12    -0.020966 -2.78814e-12    0.0065912  4.35243e-12   0.00771697 -6.01792e-12   -0.0148005  7.28115e-12    0.0135846 -7.56028e-12  -0.00818411   6.5176e-12   0.00328438 -4.37783e-12 -0.000788428  1.95402e-12  7.45751e-05
-3.09623e-22 -7.90855e-11  1.17017e-21  2.02505e-09 -8.19534e-21 -2.73434e-08  1.92727e-20  2.45341e-07 -2.03406e-20 -1.61663e-06 -6.00371e-21  8.26119e-06  2.00734e-19 -3.38128e-05  -8.5681e-19  0.000112927  2.57759e-18 -0.000310144  -6.2414e-18  0.000697558  1.20549e-17  -0.00125474 -1.68692e-17   0.00167642 -1.58824e-18   -0.0012048  1.56433e-16  -0.00121895 -9.19844e-16   0.00620167   3.9789e-15   -0.0127319  -1.4569e-14    0.0175697   4.6772e-14   -0.0164263 -1.33353e-13   0.00702091  3.39832e-13   0.00804086 -7.76696e-13   -0.0215982  1.59395e-12    0.0263713  -2.9346e-12   -0.0203583  4.83194e-12   0.00832711 -7.07389e-12   0.00218922   9.1201e-12  -0.00664358 -1.01977e-11   0.00572889  9.64376e-12  -0.00293818 -7.37428e-12  0.000913799  4.14434e-12 -0.000141617 -1.25119e-12
 2.08494e-11 -5.29015e-22 -8.74128e-10  3.19773e-21  1.46178e-08 -1.29949e-20 -1.50712e-07  2.20821e-20  1.10562e-06 -2.43234e-20 -6.19856e-06 -2.43992e-20  2.76826e-05  3.04033e-19 -0.000101017  -1.1731e-18  0.000305744  3.34642e-18 -0.000772612 -7.43987e-18   0.00162622  1.41332e-17  -0.00280666 -3.16986e-17   0.00379895  1.19648e-16  -0.00349575 -5.79668e-16  0.000574709  2.63397e-15   0.00542967 -1.04053e-14   -0.0128829  3.57746e-14    0.0178819 -1.08327e-13   -0.0161419  2.91619e-13   0.00623361 -7.01975e-13   0.00839612  1.51529e-12    -0.020966  -2.9346e-12    0.0258544  5.08971e-12   -0.0223705 -7.87141e-12    0.0144955  1.07735e-11   -0.0071562 -1.28927e-11   0.00279434  1.32291e-11  -0.00100267 -1.12587e-11  0.000396741  7.45633e-12  -0.00013762 -3.27575e-12   2.1233e-05
 1.83097e-22  1.96391e-10 -9.49675e-22 -4.60654e-09  5.51453e-21  5.79178e-08 -1.46819e-20 -4.90502e-07  2.16945e-20  3.08759e-06 -2.14241e-20 -1.52476e-05 -6.66521e-20  6.10458e-05  4.70951e-19 -0.000202263 -1.76137e-18  0.000561363  4.96674e-18  -0.00131154 -1.06404e-17   0.00257191  1.43514e-17  -0.00417089   2.0058e-17   0.00537484 -2.86961e-16  -0.00487877  1.62366e-15   0.00139943 -7.05708e-15   0.00516523  2.59727e-14    -0.012755 -8.34748e-14    0.0174676  2.37491e-13   -0.0156036 -6.02539e-13   0.00628598  1.36872e-12   0.00746649 -2.78814e-12   -0.0203583  5.08971e-12    0.0279478 -8.30142e-12    -0.028807  1.20275e-11    0.0243733  -1.5332e-11   -0.0173466  1.69337e-11    0.0102554 -1.57997e-11  -0.00479602   1.1903e-11   0.00160369 -6.57747e-12 -0.000304104  1.94529e-12
-2.48393e-11   2.8162e-22  1.00635e-09  -1.5345e-21 -1.63293e-08  6.63934e-21  1.64016e-07 -1.29782e-20 -1.17708e-06  1.92104e-20  6.48514e-06 -7.90147e-21 -2.86121e-05  -1.3056e-19  0.000103816  6.59913e-19 -0.000315097 -2.12564e-18  0.000808044  4.98393e-18  -0.00175747 -1.00845e-17   0.00323131  3.09492e-17  -0.00495152 -1.68024e-16   0.00609087  9.33556e-16  -0.00538094 -4.40104e-15   0.00174171  1.75602e-14   0.00473906 -6.04962e-14   -0.0121299  1.82898e-13    0.0170136 -4.90445e-13   -0.0159998  1.17388e-12   0.00761344 -2.51596e-12    0.0065912  4.83194e-12   -0.0223705 -8.30142e-12    0.0344479  1.27042e-11   -0.0387995 -1.71885e-11    0.0345841  2.03114e-11   -0.0245891 -2.05547e-11    0.0135853   1.7227e-11  -0.00548041 -1.12128e-11   0.00140955  4.82567e-12 -0.000150831
 -6.7283e-23 -1.48381e-10  3.03075e-22  3.39885e-09 -1.86464e-21 -4.18292e-08  5.73343e-21   3.4769e-07 -9.39013e-21 -2.15519e-06  1.30243e-20  1.05241e-05  2.59415e-20 -4.18896e-05 -2.69428e-19   0.00013899  1.20304e-18 -0.000390176 -3.91961e-18  0.000935222  9.52452e-18  -0.00192168 -1.30463e-17   0.00337786 -3.72259e-17  -0.00501957  4.40463e-16   0.00610325 -2.52415e-15  -0.00551136  1.11388e-14   0.00220878 -4.13221e-14   0.00399003  1.33079e-13   -0.0116741 -3.77902e-13    0.0176368  9.54405e-13   -0.0177343 -2.15393e-12   0.00891598  4.35243e-12   0.00832711 -7.87141e-12    -0.028807  1.27042e-11    0.0444349 -1.81934e-11   -0.0487104   2.2897e-11    0.0409235 -2.49354e-11    -0.026468  2.29056e-11    0.0127369 -1.69561e-11  -0.00418953  9.17978e-12  0.000758415 -2.64281e-12
 1.22625e-11 -5.96494e-23 -4.81574e-10  2.08217e-22  7.58776e-09 -1.50845e-21  -7.4194e-08  3.14865e-21  5.20254e-07 -4.79436e-21 -2.81541e-06 -5.68258e-22   1.2292e-05  7.15785e-20 -4.45988e-05 -3.52252e-19   0.00013732  1.07499e-18 -0.000364285 -2.12971e-18  0.000841397  3.81738e-18  -0.00170171 -2.43634e-17   0.00301152  2.10343e-16  -0.00461141 -1.32751e-15   0.00591637  6.50065e-15  -0.00581333 -2.62851e-14   0.00292002  9.09373e-14   0.00354452 -2.74801e-13   -0.0124209  7.34287e-13    0.0197177 -1.74738e-12   -0.0195823  3.71687e-12   0.00771697 -7.07389e-12    0.0144955  1.20275e-11   -0.0387995 -1.81934e-11    0.0541806  2.43002e-11    -0.054079 -2.83098e-11    0.0408059  2.82015e-11    -0.023127 -2.32227e-11   0.00935406  1.48119e-11   -0.0023746 -6.21887e-12  0.000248082
  9.5317e-24  3.33029e-11  4.75843e-23 -6.98986e-10 -4.39185e-23    7.875e-09 -3.75083e-22 -6.01232e-08 -1.37046e-22  3.45943e-07  2.06035e-21 -1.60265e-06 -2.90364e-20  6.27994e-06  1.87518e-19 -2.16446e-05 -8.68457e-19   6.7453e-05  3.23074e-18 -0.000192381 -9.29396e-18  0.000500185  1.52045e-17  -0.00116738  4.30282e-17   0.00239283 -5.71317e-16  -0.00418878  3.43116e-15   0.00599655 -1.55063e-14   -0.0063724  5.81623e-14   0.00330801 -1.87955e-13    0.0043357  5.33025e-13   -0.0147323 -1.34013e-12    0.0221467  3.00392e-12   -0.0192038 -6.01792e-12   0.00218922  1.07735e-11    0.0243733 -1.71885e-11   -0.0487104  2.43002e-11     0.059138  -3.0149e-11   -0.0522302  3.23176e-11     0.034587  -2.9167e-11   -0.0167723  2.11615e-11   0.00550166 -1.11866e-11 -0.000986011  3.11801e-12
