 5.74626e-34 -5.09131e-39  -3.7596e-34  5.03784e-38  8.17203e-35 -2.29247e-37 -4.30969e-35  1.43669e-37 -6.99834e-35  1.80892e-37    2.091e-35 -3.88468e-37    1.389e-35  1.18386e-36  -3.7395e-35  -5.4335e-37  1.94445e-35  -5.8218e-37 -1.45991e-35  3.60373e-37 -1.69629e-36 -3.73033e-37  6.96384e-36  7.12975e-38  -1.6672e-36  3.11759e-38 -2.08003e-37  1.58125e-38  3.13775e-37 -6.46905e-39  -2.1715e-37  1.22917e-38 -2.29199e-37 -2.86455e-39  1.98154e-37  -2.9349e-39 -7.13825e-39  3.28285e-39 -1.63876e-38 -5.21218e-40 -5.17533e-39 -3.33953e-40  4.91689e-39  1.03022e-40      3.8e-40    4.847e-41  1.48725e-40  2.76383e-41 -3.39234e-40   6.6628e-41  3.52259e-40  1.78956e-42 -1.51697e-41 -3.02506e-42  2.52538e-42   4.7196e-42 -6.23388e-41 -9.03208e-43  1.91676e-41  1.27641e-43  8.36143e-42  2.56474e-43 -4.41504e-42 -8.12635e-44 -2.58055e-43  -8.7373e-44  8.20522e-43  2.13835e-44 -2.28317e-43 -1.25899e-45  2.01881e-44  2.37681e-45   2.5312e-45  9.29092e-46 -1.32541e-45 -1.22046e-46  1.88115e-45 -1.65305e-46 -1.17857e-45  5.95085e-47  7.75233e-46  1.72703e-47 -1.38319e-46  1.62967e-47  -1.3901e-46 -2.53104e-48  2.45155e-47  4.16293e-48  1.02295e-48  6.09135e-49   1.3733e-48  3.72687e-49 -1.10661e-48  1.34818e-50  2.98652e-49  1.64477e-50   1.2388e-50 -1.48063e-50  3.92902e-51  3.59038e-50 -4.18491e-51 -4.80262e-50  3.58684e-51  5.96132e-50 -3.89085e-51 -6.64566e-50  4.91233e-51  6.65829e-50 -5.22023e-51 -5.92423e-50  4.93347e-51   4.6237e-50 -4.06714e-51 -3.11237e-50  2.86965e-51  1.76645e-50 -1.68618e-51 -8.18839e-51  7.94264e-52  2.95636e-51 -2.82806e-52 -7.69108e-52  6.86798e-53  1.23996e-52 -9.01672e-54 -7.93782e-54
-5.09131e-39  1.08885e-33 -3.62235e-38  -4.5096e-34  3.31617e-37  1.34504e-34 -1.16679e-36  3.78689e-35  4.69893e-37 -2.15214e-34  9.81013e-37  1.06988e-34 -1.60163e-36   2.1247e-35  3.29309e-36 -8.33817e-35 -1.60007e-36  5.36717e-35 -1.17202e-36  -3.8921e-35  6.58358e-37 -3.54818e-36 -7.78509e-37   1.4747e-35   1.5809e-38 -3.37896e-36   9.0556e-38 -1.33473e-36  3.39602e-38  1.20312e-36 -1.59706e-38 -6.58779e-37   2.9155e-38 -6.30409e-37 -1.06928e-38  4.91403e-37 -5.42641e-39 -2.99048e-38  8.49105e-39 -1.90197e-38 -1.74907e-39 -2.37234e-38 -8.01941e-40  1.55501e-38  2.92036e-40 -2.52747e-40  5.61276e-41 -6.84149e-41  1.22216e-40 -9.77866e-40  2.26604e-40   1.1393e-39   6.6843e-43  4.52484e-42 -1.00702e-41 -7.74435e-41  1.62083e-41 -2.06093e-40   -3.401e-42  7.17076e-41  1.09591e-42  2.69437e-41  9.26641e-43 -1.51666e-41 -2.31271e-43 -2.95933e-43 -2.60127e-43  2.52332e-42   6.4001e-44  -5.0448e-43 -4.75309e-45  1.86433e-44  1.32914e-44  1.54962e-44  3.32362e-45 -1.36664e-44 -6.62151e-47   1.2368e-44 -8.31165e-46  -3.8757e-45  2.56663e-46  3.11921e-45  7.28025e-47 -4.37438e-46  6.87375e-47 -6.18402e-46  -1.1115e-47  1.46572e-46  1.69226e-47  1.25768e-48  2.06389e-48  5.61902e-48  1.36199e-48 -5.08615e-48 -3.19226e-50  1.20535e-48  2.32145e-49  3.55339e-50 -2.95908e-49  1.95753e-50  4.68658e-49 -4.14274e-50 -6.01512e-49  5.52411e-50  7.06663e-49 -6.65203e-50  -7.4751e-49   7.6282e-50  7.07668e-49  -7.6768e-50 -5.92498e-49  6.79938e-50  4.32386e-49 -5.20233e-50 -2.69685e-49  3.36206e-50  1.39922e-49 -1.77804e-50 -5.80673e-50  7.34368e-51   1.8134e-50 -2.19501e-51 -3.82916e-51  4.09651e-52  4.30112e-52 -3.07704e-53
 -3.7596e-34 -3.62235e-38  1.19693e-33 -1.44452e-37 -5.17718e-34  1.37837e-36  2.30991e-34 -3.89318e-36  1.38285e-34  9.90529e-37 -4.72429e-34  3.19464e-36  2.87386e-34 -4.18004e-36   1.8091e-35  6.06523e-36 -1.33678e-34  -3.1938e-36  9.28433e-35 -1.34688e-36 -6.57907e-35  5.33086e-37 -7.50097e-36 -1.03403e-36  2.26782e-35 -2.60318e-37 -4.93588e-36  1.53406e-37 -3.49896e-36  5.56854e-38  2.70776e-36 -7.13807e-39 -1.44495e-36  4.13798e-38 -1.13865e-36 -2.68419e-38  8.17188e-37 -6.25977e-39 -1.02609e-37  1.61535e-38  2.48644e-38 -4.29601e-39 -5.91901e-38 -1.35927e-39  3.27659e-38  6.82362e-40 -3.42761e-39 -9.95337e-41 -2.09385e-39  3.70614e-40 -2.02024e-39  5.32616e-40  2.57874e-39  -4.2055e-42  1.95165e-40 -2.21134e-41 -4.05413e-40  4.02047e-41 -4.68875e-40 -8.73493e-42  1.84543e-40  4.87013e-42  6.28611e-41  2.42873e-42 -3.50005e-41 -4.15606e-43  8.50858e-43 -5.41466e-43  5.41148e-42  1.44972e-43 -5.75687e-43   -1.052e-44 -3.79478e-44  4.50325e-44  6.66229e-44  9.58597e-45 -6.71917e-44  4.60174e-46  4.82657e-44 -2.85954e-45  -7.7269e-45  8.46641e-46  8.49652e-45  2.05507e-46 -8.93474e-46  1.95738e-46 -1.92213e-45 -3.47489e-47  5.31523e-46  4.78008e-47 -4.74396e-48  4.69342e-48  1.65268e-47  3.96132e-48 -1.52916e-47 -1.01154e-48  3.27417e-48  2.18878e-48 -1.99552e-50 -3.02667e-48  2.73298e-49  4.22203e-48 -4.71286e-49 -5.20192e-48   6.3558e-49  5.83404e-48 -7.51063e-49 -5.89039e-48  8.04469e-49  5.30603e-48 -7.59764e-49 -4.20892e-48  6.25898e-49  2.89029e-48 -4.40936e-49 -1.67864e-48  2.58718e-49   7.9781e-49 -1.21699e-49 -2.95385e-49  4.32623e-50  7.86164e-50 -1.04808e-50 -1.28853e-50  1.37083e-51  8.27953e-52
 5.03784e-38  -4.5096e-34 -1.44452e-37  1.36398e-33 -3.97091e-37 -8.20462e-34  4.26097e-36  3.88681e-34 -9.91504e-36  2.78941e-34  1.71497e-36 -8.12443e-34  7.41976e-36  5.04666e-34 -8.16151e-36  1.93573e-35  8.51434e-36  -1.6992e-34 -4.92335e-36  1.20862e-34 -6.90652e-37 -8.73325e-35 -4.32437e-37 -1.32775e-35 -8.99795e-37  2.88826e-35 -7.59269e-37 -6.75807e-36  1.44709e-37 -5.79642e-36   7.6664e-38  4.39135e-36  5.21207e-38 -2.62087e-36  3.50696e-38 -1.55549e-36 -5.42375e-38  1.03858e-36 -4.89481e-39 -2.77801e-37   2.6263e-38  1.46325e-37 -8.42262e-39 -1.04753e-37 -1.82102e-39  5.59444e-38  1.42846e-39 -1.11623e-38 -6.34642e-40 -8.89543e-39  8.99142e-40 -3.50303e-39  9.99289e-40  4.72739e-39 -3.54443e-42  8.03016e-40 -3.66338e-41 -1.22556e-39  8.41388e-41 -8.40247e-40 -1.74844e-41  3.84129e-40  1.54133e-41  1.22901e-40  5.33566e-42 -6.32439e-41 -4.71723e-43  5.39337e-42 -8.87052e-43  9.09755e-42  2.95419e-43  1.77044e-43 -1.64221e-44 -1.77548e-43  1.18178e-43  2.16764e-43  2.50174e-44 -2.31331e-43   1.7644e-45  1.40436e-43 -7.78178e-45 -9.33066e-45  2.37136e-45  1.81608e-44  4.48222e-46 -1.23926e-45  4.40901e-46 -4.79132e-45 -8.83041e-47   1.4461e-45  1.09432e-46 -2.52586e-47  6.82193e-48  3.96297e-47  1.30349e-47 -3.56732e-47 -1.00367e-47  7.63444e-48  1.69531e-47 -1.59032e-48 -2.36042e-47  3.13919e-48  3.10788e-47 -4.57434e-48 -3.70271e-47  5.79198e-48   4.0071e-47 -6.50481e-48 -3.90028e-47  6.52449e-48  3.37629e-47 -5.75051e-48 -2.55997e-47  4.38528e-48  1.66572e-47 -2.82908e-48 -9.04224e-48  1.49585e-48  3.93195e-48 -6.18161e-49 -1.28649e-48  1.84783e-49  2.84081e-49 -3.44242e-50 -3.32404e-50  2.57398e-51
 8.17203e-35  3.31617e-37 -5.17718e-34 -3.97091e-37  1.92321e-33  -8.3091e-37   -1.341e-33  1.05053e-35   4.9591e-34 -2.05564e-35  4.89265e-34  3.04803e-36 -1.13476e-33  1.32976e-35  6.68868e-34 -1.28622e-35  3.15719e-35  9.48787e-36 -1.68706e-34 -5.98798e-36  1.23554e-34  8.29273e-37 -9.95071e-35 -2.40802e-36 -1.74672e-35 -2.67333e-37   3.1209e-35 -1.34043e-36 -1.03551e-35 -1.82803e-38 -6.52391e-36  8.49105e-38  5.53622e-36  1.84723e-37 -4.16467e-36  3.27032e-39 -1.65526e-36 -9.58324e-38  1.02786e-36 -2.63832e-39 -6.03511e-37  3.87204e-38  3.40195e-37 -1.35409e-38 -1.40048e-37 -1.85348e-39  8.38353e-38  2.70471e-39 -2.47095e-38 -1.86335e-39 -2.46201e-38  1.85611e-39 -5.38072e-39  1.58449e-39  7.41911e-39  3.50162e-41  2.10533e-39 -4.77078e-41 -2.77059e-39   1.5892e-40 -1.23915e-39 -2.83441e-41  6.98073e-40  3.90152e-41  2.13696e-40  1.03173e-41 -9.59051e-41  -9.9032e-44  1.71324e-41 -1.13377e-42  1.19447e-41  5.75246e-43    2.791e-42 -2.15905e-44 -3.79539e-43   2.6645e-43  5.64433e-43  5.99184e-44 -6.31753e-43  4.27185e-45  3.32357e-43 -1.77822e-44 -8.54861e-46  5.80421e-45  3.24094e-44  8.00001e-46 -7.70626e-46  8.42708e-46 -1.01297e-44 -1.93632e-46  3.22528e-45  2.22197e-46 -6.24662e-47  -7.5624e-48  8.28702e-47  5.96546e-47 -7.25442e-47 -7.57287e-47  2.22359e-47  1.16964e-46 -1.76108e-47 -1.61171e-46  2.72246e-47  2.05977e-46 -3.61306e-47 -2.39911e-46  4.28253e-47   2.5337e-46 -4.52649e-47 -2.39967e-46  4.24638e-47  2.01003e-46 -3.48441e-47 -1.46188e-46  2.45495e-47  9.00682e-47 -1.44591e-47 -4.54297e-47  6.84443e-48  1.78433e-47 -2.44926e-48 -5.03484e-48  5.95891e-49  8.75056e-49 -7.79054e-50 -5.97802e-50
-2.29247e-37  1.34504e-34  1.37837e-36 -8.20462e-34  -8.3091e-37  2.79037e-33 -1.41846e-36 -1.90659e-33  2.14659e-35  4.46139e-34 -3.59829e-35  7.26609e-34   6.1094e-36 -1.32724e-33  1.92823e-35  7.18262e-34 -1.71214e-35  4.42566e-35  8.13876e-36 -1.15125e-34 -5.40315e-36   9.1292e-35   2.8876e-36 -1.01615e-34 -5.20307e-36 -1.39754e-35  7.73923e-37   2.7043e-35 -1.77728e-36 -1.75428e-35 -3.68575e-37 -4.14729e-36  5.85319e-38  5.48437e-36  3.90643e-37 -6.00525e-36 -4.77857e-38 -1.26029e-36 -1.54908e-37   7.1992e-37 -1.63978e-39 -1.09561e-36  5.31449e-38  5.44825e-37 -1.78937e-38 -1.32347e-37 -9.75483e-40  1.13875e-37  4.71386e-39 -4.30158e-38 -4.21249e-39 -5.33801e-38  3.36747e-39 -7.20016e-39  2.18642e-39  1.01986e-38   1.7665e-40  4.26273e-39 -4.91305e-41 -5.14233e-39  2.80496e-40 -1.50554e-39 -3.65449e-41  1.16393e-39   8.3737e-41  3.40414e-40   1.7818e-41 -1.27852e-40  1.08992e-42  4.13396e-41 -9.21173e-43  1.03536e-41  1.08051e-42  8.66341e-42 -3.64365e-44 -4.97011e-43  5.45334e-43  1.22442e-42  1.30967e-43 -1.45098e-42  9.49593e-45  6.68328e-43 -3.52508e-44  2.98844e-44   1.2604e-44  5.00649e-44  1.20314e-45  1.83869e-45   1.4358e-45 -1.87587e-44 -3.95444e-46  6.19598e-45  4.58047e-46 -1.03788e-46 -1.52246e-46  1.70244e-46  3.44399e-46 -1.60554e-46 -5.14071e-46  1.06304e-46  7.67445e-46 -1.35699e-46 -1.04867e-45  1.88007e-46  1.31996e-45 -2.32139e-46 -1.51359e-45  2.57668e-46  1.56623e-45 -2.55508e-46 -1.44333e-45  2.24373e-46  1.16486e-45 -1.71805e-46  -8.0566e-46  1.12165e-46   4.6387e-46 -6.03691e-47 -2.13456e-46  2.54492e-47  7.37901e-47 -7.73955e-48 -1.72192e-47  1.45621e-48    2.137e-48 -1.08871e-49
-4.30969e-35 -1.16679e-36  2.30991e-34  4.26097e-36   -1.341e-33 -1.41846e-36  3.69804e-33 -2.11605e-36 -2.31344e-33  3.72542e-35  2.18596e-34 -5.44981e-35  9.09398e-34  1.23798e-35 -1.32595e-33   2.3433e-35   6.3926e-34 -1.98405e-35   4.7536e-35  4.16809e-36 -1.28919e-35 -2.44918e-36  1.92102e-35  5.06233e-36 -9.48558e-35 -8.35803e-36  3.51482e-36  1.97059e-36  1.40431e-35 -1.86588e-36 -2.91553e-35 -8.66333e-37  1.69913e-36 -3.39558e-38  3.90426e-36  6.49142e-37 -8.08051e-36 -1.00825e-37  -2.5835e-37 -2.34076e-37  1.40317e-37 -2.32502e-39 -1.72569e-36  6.85033e-38  6.51365e-37 -1.86662e-38 -4.26125e-38   1.2439e-39  1.41198e-37  7.76934e-39 -6.17067e-38 -8.22459e-39 -9.76463e-38   5.4752e-39 -7.45016e-39  2.67544e-39  1.23304e-38   5.1771e-40  7.18701e-39  -4.0895e-41 -8.23972e-39  4.69971e-40 -1.41552e-39 -3.23671e-41  1.84274e-39  1.57709e-40  5.04517e-40  2.74397e-41 -1.55528e-40  3.47119e-42  8.37809e-41  3.69865e-43 -1.61756e-42  1.94763e-42  1.91804e-41 -9.62908e-44  -1.2542e-43  1.04332e-42  2.27294e-42  2.60399e-43 -2.89606e-42  2.22718e-44  1.17122e-42 -6.18429e-44  9.66529e-44  2.46031e-44  6.87691e-44  1.53169e-45  8.75205e-45   2.3312e-45 -3.11555e-44 -9.08783e-46  1.06148e-44  1.24875e-45 -1.64487e-46 -1.19798e-45  4.40201e-46  2.18823e-45 -5.20003e-46 -3.41215e-45  5.95073e-46  5.02978e-45 -8.03293e-46 -6.81943e-45  1.02295e-45  8.46285e-45 -1.17561e-45 -9.51061e-45  1.22066e-45  9.56297e-45 -1.13879e-45 -8.47414e-45  9.45208e-46   6.4932e-45 -6.85124e-46 -4.19712e-45  4.20698e-46  2.21297e-45 -2.08859e-46  -9.0636e-46  7.81341e-47  2.66538e-46 -1.96397e-47 -4.83924e-47  2.60645e-48  3.47791e-48
 1.43669e-37  3.78689e-35 -3.89318e-36  3.88681e-34  1.05053e-35 -1.90659e-33 -2.11605e-36  4.38821e-33 -2.99962e-36 -2.44066e-33  5.59254e-35 -1.29438e-34 -7.28187e-35  9.84513e-34  2.25924e-35 -1.13405e-33  2.47104e-35  4.48659e-34 -2.04263e-35  4.98308e-35 -2.13014e-36  1.17347e-34  2.88474e-36 -9.17766e-35  7.06491e-36 -8.17116e-35 -1.13688e-35  3.79188e-35  3.00813e-36 -8.46005e-36 -1.51756e-36 -4.41252e-35 -1.43114e-36  9.85804e-36 -2.29952e-37  8.98984e-37  9.32773e-37  -1.0426e-35 -1.35026e-37  1.43413e-36 -3.32673e-37 -5.96552e-37 -3.78151e-40 -2.42887e-36  8.27881e-38  5.42787e-37 -1.24475e-38  1.64827e-37  4.73732e-39  1.59114e-37  1.23763e-38  -7.3547e-38 -1.45236e-38 -1.56985e-37   8.0735e-39 -2.84588e-39  2.96448e-39  1.29244e-38  1.16734e-39  1.05218e-38 -3.76499e-41 -1.17978e-38  7.50632e-40 -7.08445e-40 -2.58739e-43  2.82555e-39  2.66437e-40  7.01913e-40  3.72163e-41  -1.7669e-40  7.35655e-42  1.48734e-40  3.59455e-42 -3.16881e-41  3.37125e-42  3.49206e-41  -2.6773e-43  1.54981e-42  1.89047e-42   3.6751e-42  4.72073e-43 -5.12827e-42  5.39775e-44  1.81757e-42 -9.72495e-44  2.09153e-43  4.37861e-44  8.62023e-44  1.43019e-45  2.33107e-44  4.26979e-45 -4.74464e-44 -3.21019e-45  1.67786e-44   5.5247e-45 -5.61894e-46 -8.44981e-45  1.54908e-45    1.459e-44 -2.07624e-45 -2.28949e-44  2.66508e-45  3.33224e-44 -3.32702e-45 -4.44138e-44   3.8201e-45  5.37449e-44 -4.01885e-45 -5.83832e-44  3.91158e-45  5.61767e-44 -3.52966e-45 -4.70918e-44  2.91249e-45  3.36739e-44 -2.11977e-45 -1.99721e-44   1.2868e-45  9.44487e-45 -6.05718e-46 -3.35306e-45  2.00489e-46  8.04706e-46 -3.96817e-47 -1.03164e-46   3.0114e-48
-6.99834e-35  4.69893e-37  1.38285e-34 -9.91504e-36   4.9591e-34  2.14659e-35 -2.31344e-33 -2.99962e-36   4.7503e-33 -4.39627e-36 -2.30916e-33  7.38132e-35 -5.09517e-34 -8.74354e-35  9.61995e-34   3.5654e-35 -8.05305e-34  2.37003e-35  1.70519e-34 -1.89324e-35  7.56392e-35 -9.92641e-36  2.48391e-34  9.76766e-36 -2.32492e-34  8.79897e-36 -6.55462e-35 -1.39059e-35   8.6054e-35   3.6263e-36 -3.86365e-35 -7.87577e-37 -5.95139e-35 -2.00426e-36   1.8058e-35 -5.63493e-37 -2.99078e-36  1.22173e-36 -1.32575e-35 -1.32199e-37  3.93005e-36 -4.44317e-37 -1.31899e-36  1.52828e-38 -3.12063e-36  9.30163e-38  1.44724e-37  4.25804e-39  5.12292e-37  8.40557e-39  1.61989e-37  1.91574e-38 -7.07899e-38 -2.37178e-38 -2.27658e-37  1.08569e-38  1.20245e-38   3.1061e-39  1.11338e-38  2.21414e-39   1.3776e-38 -7.65256e-41 -1.55368e-38  1.14159e-39   8.9443e-40  8.09753e-41  4.21967e-39  4.09735e-40  9.23799e-40  4.31999e-41  -1.8453e-40  1.31127e-41  2.36156e-40   9.6742e-42 -8.73636e-41  5.65704e-42  5.45676e-41 -6.31353e-43  5.82244e-42  3.25594e-42  5.24299e-42  7.85611e-43 -8.17516e-42   1.2555e-43  2.52434e-42 -1.38379e-43   3.6608e-43   7.2607e-44  1.01586e-43 -1.32058e-45  5.06204e-44  1.24829e-44  -6.7956e-44 -1.79251e-44  2.53929e-44  3.38993e-44 -2.14518e-45 -5.89249e-44  4.25316e-45  9.92134e-44 -4.63366e-45 -1.53487e-43  4.18249e-45  2.17981e-43 -2.81648e-45  -2.8149e-43  1.00333e-45  3.27308e-43  1.47737e-46 -3.38651e-43  3.11823e-46  3.07323e-43 -2.17381e-45 -2.40223e-43  4.00685e-45  1.57955e-43 -4.36806e-45 -8.45763e-44  3.15409e-45  3.51632e-44 -1.50086e-45 -1.05083e-44   4.3449e-46   1.9446e-45 -6.14248e-47 -1.43249e-46
 1.80892e-37 -2.15214e-34  9.90529e-37  2.78941e-34 -2.05564e-35  4.46139e-34  3.72542e-35 -2.44066e-33 -4.39627e-36  4.85161e-33  -6.8845e-36 -2.04245e-33  8.71924e-35 -8.46222e-34 -9.62845e-35  9.04595e-34  4.85801e-35 -4.14767e-34  2.21962e-35 -1.70832e-34 -1.59383e-35  1.47087e-34 -1.80232e-35  3.57262e-34  1.68057e-35 -3.84219e-34  1.02916e-35 -4.95447e-35  -1.5914e-35  1.38821e-34  3.70146e-36 -7.26435e-35  1.65059e-37 -7.14466e-35 -2.59528e-36  2.36948e-35 -1.04922e-36 -6.82525e-36  1.50998e-36 -1.70002e-35 -7.70267e-38  7.41295e-36 -5.57649e-37 -1.85084e-36  6.22823e-38 -3.71065e-36  9.57196e-38 -5.36471e-37  3.47705e-38  1.00238e-36  9.85223e-39  1.49722e-37  2.85211e-38 -4.89236e-38 -3.62341e-38 -3.03247e-37  1.32923e-38  4.44042e-38  3.38582e-39  6.26298e-39  3.68664e-39   1.6566e-38 -2.20675e-40 -1.93486e-38  1.64973e-39  3.69197e-39  2.36624e-40  6.10849e-39  5.79303e-40  1.16139e-39  3.98032e-41 -1.57133e-40  2.15281e-41  3.38525e-40   1.9273e-41 -1.72615e-40  9.31016e-42  7.39814e-41  -1.2277e-42  1.43086e-41  5.32714e-42  6.69238e-42  1.21212e-42 -1.18698e-41  2.68961e-43  3.16055e-42 -1.81322e-43  5.50413e-43  1.19188e-43  1.16387e-43 -2.36173e-44  9.75309e-44  6.46012e-44 -9.18803e-44 -1.21223e-43  3.17914e-44  2.30568e-43  7.95298e-45 -4.05156e-43 -2.01002e-44  6.63296e-43  4.57189e-44 -9.95555e-43 -8.15275e-44  1.36162e-42  1.19971e-43 -1.68178e-42 -1.46534e-43  1.85654e-42  1.46494e-43  -1.8088e-42 -1.15802e-43  1.53113e-42   6.7222e-44 -1.10354e-42 -2.31325e-44  6.59058e-43 -9.58642e-46 -3.13825e-43    6.105e-45  1.12292e-43 -3.30677e-45 -2.72213e-44  7.96534e-46  3.53837e-45 -6.38215e-47
   2.091e-35  9.81013e-37 -4.72429e-34  1.71497e-36  4.89265e-34 -3.59829e-35  2.18596e-34  5.59254e-35 -2.30916e-33  -6.8845e-36  4.84486e-33 -1.11205e-35 -1.78121e-33  9.43077e-35 -1.10131e-33 -9.95763e-35  8.91718e-34  5.76377e-35 -3.26683e-35  2.20443e-35 -5.45011e-34 -1.22825e-35  2.66167e-34 -2.51559e-35  4.30597e-34  2.25509e-35 -5.21417e-34  1.15991e-35 -3.54074e-35 -1.75664e-35  1.84451e-34  3.27563e-36 -1.05994e-34  1.15694e-36 -7.63979e-35 -3.28414e-36  2.45279e-35 -1.66243e-36 -9.35038e-36  1.80167e-36 -2.22316e-35  4.82126e-38  1.21302e-35 -6.62091e-37 -2.06676e-36  1.61652e-37 -4.11134e-36  8.78392e-38 -1.40493e-36  8.23217e-38   1.6176e-36  5.74362e-39  1.31822e-37  4.01398e-38  -1.0555e-38 -5.21125e-38 -3.76188e-37  1.46312e-38   1.0247e-37  4.37194e-39 -2.40293e-39  5.51815e-39  1.88741e-38 -5.54474e-40 -2.34174e-38  2.26286e-39  8.01684e-39  4.92986e-40  8.49254e-39   7.5817e-40  1.41222e-39  2.10274e-41   -4.742e-41  3.43649e-41  4.38251e-40    3.242e-41 -2.84155e-40  1.51161e-41  8.60592e-41 -1.96617e-42  2.84704e-41  8.26994e-42  7.84874e-42  1.75387e-42 -1.58668e-41  5.30327e-43  3.58648e-42 -2.39623e-43  7.29262e-43  2.38479e-43  1.39877e-43 -1.90559e-43  1.52704e-43  4.27587e-43 -6.80316e-44 -8.40301e-43 -8.47611e-44  1.56055e-42  2.76016e-43 -2.67426e-42 -5.18164e-43  4.21876e-42  8.65864e-43 -6.07408e-42 -1.26485e-42  7.92246e-42  1.60067e-42 -9.27501e-42 -1.72781e-42  9.63899e-42  1.55485e-42 -8.77109e-42 -1.12666e-42  6.86749e-42  6.20562e-43  -4.5213e-42 -2.31039e-43  2.42454e-42   3.8419e-44 -1.01046e-42  1.01476e-44  3.03219e-43 -6.86722e-45 -5.64965e-44  1.19078e-45  4.20735e-45
-3.88468e-37  1.06988e-34  3.19464e-36 -8.12443e-34  3.04803e-36  7.26609e-34 -5.44981e-35 -1.29438e-34  7.38132e-35 -2.04245e-33 -1.11205e-35  4.86136e-33  -1.7599e-35 -1.62286e-33  9.63404e-35 -1.27811e-33  -9.9201e-35  9.82525e-34  5.99168e-35  2.92784e-34  2.41188e-35 -9.11242e-34 -8.73864e-36  4.10653e-34  -3.0334e-35  4.63841e-34  2.59466e-35 -6.18221e-34  1.27451e-35 -2.30033e-35 -1.91307e-35  2.13109e-34  2.53581e-36 -1.34801e-34  2.05909e-36 -7.21811e-35 -4.18406e-36  1.91024e-35 -2.32211e-36 -9.17568e-36  2.10163e-36 -2.95301e-35  2.69878e-37  1.83206e-35 -7.57077e-37 -1.92772e-36  3.32031e-37 -4.24901e-36  6.76298e-38  -2.2961e-36  1.50308e-37  2.32575e-36 -7.07627e-39  1.28813e-37  5.24871e-38  3.20183e-38  -7.0827e-38 -4.39992e-37   1.3982e-38  1.94104e-37  6.88922e-39 -1.60914e-38  7.52437e-39  2.12398e-38 -1.16785e-39 -2.81953e-38  2.94633e-39   1.4232e-38  8.72472e-40  1.12317e-38  9.23051e-40  1.68227e-39  -1.7796e-41  2.19061e-40  5.48654e-41  5.06963e-40  4.82774e-41 -4.08886e-40  2.41289e-41  8.18672e-41  -2.5178e-42  4.88746e-41  1.21839e-41  8.98808e-42   2.3947e-42 -1.97596e-41  1.01165e-42  3.71945e-42 -4.72733e-43  8.22234e-43  8.26838e-43  3.02786e-43 -1.37957e-42 -1.02365e-43   2.9047e-42  7.44018e-43 -5.60725e-42 -1.84471e-42  1.00491e-41   3.6083e-42 -1.65683e-41 -6.13302e-42  2.50027e-41  9.28223e-42 -3.42828e-41 -1.23615e-41   4.2367e-41  1.42861e-41 -4.67266e-41   -1.406e-41  4.54397e-41  1.14816e-41 -3.83732e-41 -7.49196e-42  2.75902e-41  3.67938e-42 -1.64443e-41 -1.21347e-42  7.82122e-42  1.90652e-43  -2.7992e-42  2.23633e-44  6.80109e-43 -1.36694e-44 -8.88605e-44  1.24321e-45
   1.389e-35 -1.60163e-36  2.87386e-34  7.41976e-36 -1.13476e-33   6.1094e-36  9.09398e-34 -7.28187e-35 -5.09517e-34  8.71924e-35 -1.78121e-33  -1.7599e-35  4.97245e-33 -2.65241e-35 -1.60518e-33  9.66216e-35 -1.41132e-33 -9.71843e-35  1.19332e-33  5.43347e-35  5.42896e-34  2.79974e-35 -1.22338e-33 -5.72829e-36  5.44773e-34 -3.30551e-35  4.56897e-34  2.65242e-35 -6.55654e-34  1.36974e-35 -1.15312e-35 -2.08292e-35  2.20545e-34  1.75726e-36 -1.56308e-34  2.84668e-36 -5.82735e-35 -5.39344e-36  6.95885e-36 -2.88492e-36 -5.05949e-36  2.40463e-36 -3.92557e-35  6.24805e-37   2.6087e-35 -8.59946e-37 -1.48193e-36  5.82495e-37 -4.08712e-36  3.50501e-38 -3.01405e-36  2.42385e-37  3.08912e-36 -2.99414e-38  1.69467e-37  6.27316e-38   5.6605e-38 -9.12051e-38 -4.91771e-37  1.04613e-38  3.25579e-37  1.19085e-38 -3.71392e-38  9.39738e-39   2.4844e-38 -2.13168e-39 -3.42234e-38  3.64375e-39    2.268e-38   1.3865e-39  1.40137e-38  1.05005e-39  1.97749e-39 -7.84709e-41  7.33068e-40  8.78768e-41  5.08005e-40  6.52847e-41 -5.24072e-40  3.74851e-41  5.30404e-41 -2.24258e-42  7.44258e-41  1.71076e-41  1.12248e-41  2.97242e-42  -2.3329e-41  2.21842e-42  3.78165e-42 -2.06078e-42   1.5726e-43  4.58871e-42  2.24844e-42 -9.34855e-42 -4.45642e-42  1.88565e-41  1.03036e-41 -3.51249e-41 -2.04193e-41  6.03686e-41  3.61118e-41  -9.5142e-41 -5.71006e-41  1.36676e-40  8.02345e-41 -1.77643e-40 -9.89128e-41  2.07075e-40  1.05251e-40 -2.14174e-40 -9.45959e-41  1.93932e-40  6.97091e-41 -1.51121e-40 -4.03405e-41  9.90647e-41  1.71094e-41 -5.29364e-41 -4.64948e-42  2.20096e-41  5.21055e-43 -6.59946e-42  7.91456e-44   1.2313e-42 -2.35227e-44  -9.2089e-44
 1.18386e-36   2.1247e-35 -4.18004e-36  5.04666e-34  1.32976e-35 -1.32724e-33  1.23798e-35  9.84513e-34 -8.74354e-35 -8.46222e-34  9.43077e-35 -1.62286e-33 -2.65241e-35  5.20597e-33  -3.7841e-35 -1.71401e-33  9.86654e-35 -1.54725e-33 -9.43122e-35  1.49363e-33  4.16786e-35  7.26141e-34  3.23318e-35 -1.44167e-33 -3.16955e-36  6.36602e-34 -3.33031e-35  4.09874e-34  2.43466e-35 -6.26056e-34  1.43719e-35 -1.46895e-36 -2.27441e-35  2.09356e-34  1.22688e-36 -1.68878e-34  3.60776e-36 -3.55133e-35 -6.96466e-36 -1.12631e-35 -3.15469e-36  3.75611e-36  2.68675e-36 -5.13243e-35  1.15475e-36  3.52639e-35 -1.00701e-36 -8.31608e-37  9.06153e-37 -3.66155e-36 -8.66447e-39 -3.36903e-36  3.62152e-37  3.87463e-36 -6.07194e-38  2.83549e-37   6.7176e-38  3.37476e-38 -1.11488e-37 -5.34519e-37  3.41602e-39  5.00187e-37  2.03769e-38 -6.92857e-38  1.07176e-38  3.14828e-38 -3.47253e-39 -4.18616e-38  4.28157e-39  3.35793e-38   2.0264e-39  1.63703e-38  1.12299e-39  2.28306e-39 -1.59217e-40  1.57746e-39  1.39309e-40  4.02829e-40  8.17903e-41 -6.00914e-40  5.60593e-41 -5.16861e-42 -2.93383e-43  1.01871e-40  2.33591e-41  1.70228e-41  2.21591e-42 -2.75796e-41  7.45929e-42   6.6982e-42 -1.28223e-41  -8.5597e-42  2.86941e-41  2.32183e-41 -5.91422e-41 -5.02676e-41  1.14432e-40  1.02481e-40 -2.04373e-40 -1.88438e-40  3.35582e-40  3.12325e-40 -5.03679e-40 -4.62987e-40   6.8649e-40  6.07182e-40  -8.4294e-40  -6.9431e-40  9.23579e-40  6.79408e-40 -8.92297e-40  -5.5489e-40  7.48825e-40  3.65369e-40 -5.35293e-40 -1.84242e-40  3.17424e-40  6.53197e-41  -1.5035e-40 -1.35803e-41  5.36556e-41  7.01823e-43 -1.30205e-41  2.58244e-43  1.70283e-42 -2.73327e-44
 -3.7395e-35  3.29309e-36   1.8091e-35 -8.16151e-36  6.68868e-34  1.92823e-35 -1.32595e-33  2.25924e-35  9.61995e-34 -9.62845e-35 -1.10131e-33  9.63404e-35 -1.60518e-33  -3.7841e-35  5.56485e-33 -5.12844e-35 -1.89731e-33  1.04308e-34 -1.72079e-33 -8.97938e-35  1.81864e-33  2.39976e-35  8.67232e-34  3.55583e-35 -1.54378e-33 -5.04588e-37   6.7218e-34 -3.13927e-35   3.2143e-34  1.98184e-35 -5.33011e-34  1.46497e-35  4.11563e-36 -2.47698e-35  1.87771e-34  1.16235e-36  -1.7198e-34  4.51239e-36 -5.47785e-36 -8.89966e-36 -3.38191e-35 -2.90705e-36  1.72708e-35  2.90086e-36  -6.5061e-35  1.89431e-36  4.53529e-35 -1.24499e-36 -7.96574e-38   1.2768e-36 -3.11435e-36 -6.20459e-38 -3.20507e-36  5.12477e-37  4.66208e-36 -9.28004e-38  4.91203e-37  6.22044e-38 -6.78879e-38 -1.29507e-37 -5.78388e-37 -7.32599e-39  7.16817e-37  3.30343e-38  -1.1732e-37  1.09861e-38  4.34291e-38 -5.15954e-39 -5.10409e-38  4.77794e-39  4.68978e-38  2.75419e-39   1.7747e-38  1.14216e-39    2.536e-39 -2.54808e-40  2.79656e-39  2.14879e-40  1.60524e-40  9.69764e-41 -6.10841e-40  8.02938e-41 -9.09938e-41  3.41112e-42   1.2501e-40  3.39883e-41  3.34007e-41 -8.52779e-42 -4.40744e-41  3.78379e-41  4.21649e-41 -8.06798e-41 -9.71634e-41  1.74082e-40  2.24319e-40 -3.47812e-40  -4.6879e-40  6.44538e-40  8.98322e-40 -1.10027e-39 -1.56011e-39  1.72171e-39  2.43773e-39 -2.45471e-39 -3.39243e-39  3.16605e-39  4.15077e-39 -3.66239e-39 -4.39197e-39  3.75958e-39  3.93309e-39 -3.37978e-39 -2.89536e-39  2.61594e-39  1.68119e-39 -1.70433e-39 -7.22535e-40  9.05878e-40  2.05166e-40 -3.75017e-40  -2.8854e-41  1.12107e-40 -7.95381e-43  -2.0888e-41  5.72205e-43  1.56345e-42
 -5.4335e-37 -8.33817e-35  6.06523e-36  1.93573e-35 -1.28622e-35  7.18262e-34   2.3433e-35 -1.13405e-33   3.5654e-35  9.04595e-34 -9.95763e-35 -1.27811e-33  9.66216e-35 -1.71401e-33 -5.12844e-35  6.02445e-33 -6.62603e-35 -2.08231e-33  1.12944e-34 -1.93827e-33 -8.20078e-35  2.09132e-33   3.8851e-36  9.91874e-34  3.65734e-35 -1.52973e-33  3.15023e-36  6.60189e-34 -2.78014e-35  1.90001e-34  1.34928e-35 -3.87515e-34  1.43869e-35 -4.70882e-38 -2.65944e-35  1.66871e-34   1.6432e-36 -1.66494e-34  5.75327e-36  3.01167e-35 -1.11631e-35 -5.80243e-35 -1.92451e-36  3.46191e-35   2.9776e-36 -7.92094e-35  2.85638e-36  5.55881e-35 -1.61458e-36  7.23683e-37  1.65029e-36 -2.70335e-36 -1.24326e-37 -2.41714e-36  6.94721e-37  5.44755e-36   -1.152e-37  7.91387e-37  4.54873e-38 -2.73967e-37 -1.42903e-37 -6.40255e-37 -2.12523e-38  9.68722e-37  5.02653e-38 -1.86054e-37  9.67919e-39  6.31652e-38 -7.11473e-39  -6.1147e-38  5.05741e-39  6.22632e-38  3.49723e-39  1.76149e-38  1.13052e-39  2.60363e-39  -3.5702e-40  4.36988e-39   3.1859e-40 -2.31755e-40   1.1118e-40 -5.33489e-40  1.11916e-40 -1.91381e-40  2.19352e-42  1.24228e-40  7.00732e-41  1.04839e-40 -8.28996e-41 -1.84372e-40  2.18538e-40  3.89141e-40  -4.7781e-40 -9.13289e-40  9.89487e-40  1.99066e-39 -1.89813e-39 -3.97157e-39  3.36344e-39  7.22402e-39 -5.47706e-39 -1.18806e-38  8.15182e-39  1.75035e-38 -1.10173e-38 -2.28338e-38  1.34161e-38  2.59903e-38 -1.45808e-38 -2.53283e-38  1.39775e-38  2.06105e-38 -1.16438e-38 -1.35293e-38  8.26667e-39  6.81089e-39 -4.87188e-39 -2.42172e-39   2.2953e-39   5.1538e-40  -8.1561e-40 -3.52129e-41  1.97329e-40 -6.62489e-42 -2.57717e-41   7.1504e-43
 1.94445e-35 -1.60007e-36 -1.33678e-34  8.51434e-36  3.15719e-35 -1.71214e-35   6.3926e-34  2.47104e-35 -8.05305e-34  4.85801e-35  8.91718e-34  -9.9201e-35 -1.41132e-33  9.86654e-35 -1.89731e-33 -6.62603e-35  6.52395e-33 -8.15861e-35 -2.19725e-33   1.2203e-34 -2.17279e-33 -6.96745e-35  2.24594e-33  -1.6047e-35  1.11376e-33  3.51252e-35 -1.41961e-33  8.83157e-36  6.26743e-34 -2.30974e-35  1.63208e-35  5.95703e-36 -2.02729e-34  1.34086e-35 -1.93579e-35 -2.76979e-35  1.57435e-34  2.57004e-36 -1.55118e-34   7.4768e-36  6.98023e-35 -1.36964e-35 -8.06386e-35 -3.65245e-38  5.41854e-35  2.83357e-36 -9.21236e-35  4.02058e-36  6.51391e-35 -2.13189e-36  1.61535e-36  1.97081e-36 -2.76839e-36  -1.9535e-37 -9.62402e-37  9.08269e-37  6.23918e-36 -1.13908e-37  1.15275e-36  1.70756e-38  -5.9618e-37 -1.49296e-37  -7.4119e-37 -3.70839e-38  1.24306e-36  7.20177e-38 -2.78982e-37  6.32634e-39  9.29672e-38 -9.24879e-39 -7.10933e-38  5.07256e-39  7.89719e-38  4.15231e-39   1.5598e-38  1.13429e-39    2.281e-39 -4.54961e-40  6.19925e-39  4.52628e-40 -7.58049e-40  1.21855e-40 -3.73941e-40  1.66918e-40 -2.44901e-40 -5.26485e-41 -4.48656e-41   2.5924e-40  6.25399e-40 -5.28462e-40 -1.46503e-39  1.23793e-39  3.49533e-39 -2.63658e-39 -7.90074e-39  5.23456e-39  1.64423e-38 -9.61346e-39 -3.12885e-38  1.62663e-38  5.40768e-38 -2.52281e-38 -8.41545e-38  3.56531e-38  1.16683e-37  -4.5588e-38 -1.42257e-37   5.2291e-38  1.49969e-37 -5.32429e-38 -1.33758e-37  4.74934e-38  9.80058e-38 -3.64918e-38 -5.65857e-38  2.36152e-38   2.4151e-38 -1.24759e-38 -6.80345e-39  5.13787e-39  9.54577e-40 -1.52947e-39  1.92973e-41  2.84145e-40 -1.63373e-41 -2.12408e-41
 -5.8218e-37  5.36717e-35  -3.1938e-36  -1.6992e-34  9.48787e-36  4.42566e-35 -1.98405e-35  4.48659e-34  2.37003e-35 -4.14767e-34  5.76377e-35  9.82525e-34 -9.71843e-35 -1.54725e-33  1.04308e-34 -2.08231e-33 -8.15861e-35  6.97418e-33 -9.53422e-35 -2.19373e-33   1.2833e-34 -2.37309e-33 -5.26793e-35  2.24511e-33 -3.35017e-35  1.22968e-33  3.18232e-35 -1.24624e-33  1.75841e-35  6.04259e-34 -1.79677e-35 -1.94923e-34 -2.18809e-36  1.01531e-35  1.14878e-35 -5.66633e-35 -2.73764e-35  1.67356e-34  3.66631e-36 -1.42407e-34  9.72835e-36   1.1252e-34 -1.64219e-35 -9.84249e-35  2.84031e-36  7.39183e-35  2.38754e-36 -1.02092e-34  5.32922e-36  7.33846e-35  -2.7747e-36  2.72396e-36   2.1811e-36 -3.65062e-36 -2.73929e-37  1.13195e-36  1.15061e-36  7.04436e-36 -7.42016e-38  1.51051e-36 -1.99812e-38 -1.02552e-36 -1.46369e-37  -9.0196e-37 -5.28544e-38  1.52197e-36  9.77934e-38 -3.97154e-37  6.00302e-40  1.34376e-37  -1.1511e-38 -7.95632e-38  4.82921e-39  9.61204e-38  4.60262e-39  1.15796e-38   1.2174e-39  1.31611e-39 -5.37121e-40   8.1057e-39  6.25976e-40  -1.3358e-39  9.57829e-41 -2.83478e-40  3.51677e-40  2.17815e-40 -4.48316e-40 -1.68542e-39  1.31171e-39  5.09635e-39 -2.98319e-39 -1.26296e-38  6.60916e-39   2.9577e-38 -1.35474e-38 -6.41125e-38  2.57622e-38  1.27534e-37 -4.52315e-38  -2.3127e-37   7.2988e-38  3.79348e-37 -1.07659e-37 -5.57457e-37  1.44223e-37  7.25247e-37 -1.74119e-37 -8.22963e-37  1.87662e-37  7.99021e-37 -1.78461e-37 -6.47119e-37  1.47538e-37  4.22112e-37 -1.04001e-37 -2.10622e-37  6.08905e-38  7.38898e-38 -2.85188e-38 -1.53528e-38  1.00825e-38  9.60995e-40 -2.42947e-39  2.03323e-40  3.16408e-40 -1.96772e-41
-1.45991e-35 -1.17202e-36  9.28433e-35 -4.92335e-36 -1.68706e-34  8.13876e-36   4.7536e-35 -2.04263e-35  1.70519e-34  2.21962e-35 -3.26683e-35  5.99168e-35  1.19332e-33 -9.43122e-35 -1.72079e-33  1.12944e-34 -2.19725e-33 -9.53422e-35  7.28542e-33 -1.05077e-34 -2.06176e-33  1.29199e-34 -2.48105e-33 -3.21679e-35  2.08568e-33 -4.67399e-35  1.32452e-33  2.78049e-35 -1.04567e-33  3.03164e-35  6.19877e-34 -1.32876e-35 -4.35429e-34 -1.02902e-35  2.43431e-34  8.33254e-36 -1.10403e-34 -2.48084e-35  2.00098e-34  4.53062e-36 -1.34059e-34  1.24321e-35   1.5763e-34 -1.92366e-35 -1.08747e-34   6.6668e-36  9.17558e-35  1.58327e-36 -1.07682e-34  6.69298e-36  8.01459e-35 -3.47871e-36   4.2433e-36  2.23414e-36   -5.584e-36 -3.54854e-37  3.76822e-36  1.41806e-36  7.85038e-36  1.66967e-38  1.77196e-36 -5.97438e-38 -1.52996e-36 -1.31893e-37 -1.13738e-36 -6.61326e-38  1.78532e-36  1.26699e-37   -5.387e-37  -7.5989e-39  1.87683e-37 -1.39323e-38  -8.5333e-38  4.40745e-39  1.12834e-37  4.74581e-39  5.75708e-39  1.45482e-39 -5.17341e-40 -6.08359e-40  9.74931e-39  9.09546e-40 -1.47068e-39  -1.8656e-40 -1.66281e-39  1.27443e-39  5.32928e-39 -2.73382e-39 -1.62405e-38  6.89973e-39  4.31593e-38 -1.55635e-38 -1.04885e-37  3.29969e-38  2.36582e-37 -6.48873e-38 -4.91321e-37   1.1808e-37  9.33403e-37 -1.97969e-37  -1.6105e-36  3.04277e-37  2.50182e-36 -4.26214e-37 -3.46174e-36  5.40278e-37  4.20988e-36 -6.14522e-37 -4.42384e-36  6.20642e-37  3.92872e-36 -5.49326e-37 -2.86162e-36  4.18969e-37  1.63818e-36 -2.69258e-37 -6.90057e-37  1.41345e-37   1.8994e-37 -5.78767e-38 -2.50971e-38  1.71444e-38  -9.2896e-40 -3.17253e-39  4.67587e-40  2.36517e-40
 3.60373e-37  -3.8921e-35 -1.34688e-36  1.20862e-34 -5.98798e-36 -1.15125e-34  4.16809e-36  4.98308e-35 -1.89324e-35 -1.70832e-34  2.20443e-35  2.92784e-34  5.43347e-35  1.49363e-33 -8.97938e-35 -1.93827e-33   1.2203e-34 -2.19373e-33 -1.05077e-34  7.40014e-33 -1.08363e-34 -1.83112e-33  1.23419e-34 -2.45042e-33 -1.00585e-35  1.79381e-33 -5.47624e-35  1.38265e-33   2.4224e-35 -8.48415e-34   4.7611e-35   6.8766e-34 -1.01513e-35 -6.95174e-34  -1.7607e-35  4.91879e-34  3.61017e-36 -1.74578e-34 -1.91765e-35  2.54283e-34  4.73661e-36 -1.35512e-34  1.54143e-35  2.04823e-34 -2.20032e-35 -1.10044e-34   1.1257e-35  1.06038e-34  4.13901e-37 -1.07985e-34   8.0054e-36  8.57711e-35 -4.14536e-36  6.38469e-36   2.1037e-36 -8.59678e-36 -4.25693e-37  6.79344e-36  1.70698e-36  8.60489e-36    1.673e-37  1.83105e-36 -9.42894e-38 -2.05879e-36   -1.038e-37 -1.45075e-36 -7.43258e-38   2.0148e-36  1.57542e-37 -6.99043e-37 -1.80927e-38  2.51661e-37 -1.66396e-38 -8.75744e-38  3.96925e-39  1.28519e-37  4.51873e-39 -1.42725e-39  1.95134e-39 -3.08323e-39 -7.92278e-40  9.67703e-39  1.73579e-39  2.94049e-39 -1.94527e-39 -1.69372e-38  6.12467e-39  5.07589e-38 -1.46885e-38 -1.39375e-37  3.47218e-38  3.53396e-37 -7.57428e-38 -8.28905e-37  1.53978e-37  1.79502e-36 -2.90104e-37 -3.56715e-36  5.04729e-37  6.46206e-36  -8.0717e-37 -1.05866e-35  1.18013e-36  1.55332e-35 -1.56735e-36 -2.01676e-35  1.87638e-36  2.28226e-35 -2.00589e-36 -2.20759e-35  1.89259e-36  1.77856e-35 -1.55289e-36 -1.15138e-35  1.08685e-36  5.67916e-36 -6.32068e-37   -1.954e-36  2.94208e-37  3.89465e-37 -1.03436e-37  -1.9108e-38  2.48038e-38 -6.10155e-39 -3.21788e-39   5.1164e-40
-1.69629e-36  6.58358e-37 -6.57907e-35 -6.90652e-37  1.23554e-34 -5.40315e-36 -1.28919e-35 -2.13014e-36  7.56392e-35 -1.59383e-35 -5.45011e-34  2.41188e-35  5.42896e-34  4.16786e-35  1.81864e-33 -8.20078e-35 -2.17279e-33   1.2833e-34 -2.06176e-33 -1.08363e-34  7.31252e-33 -1.03447e-34 -1.55912e-33    1.114e-34 -2.26053e-33  1.15754e-35  1.41287e-33  -5.7384e-35  1.39907e-33  2.17841e-35 -6.73594e-34   6.9493e-35  8.06202e-34 -9.81452e-36 -9.64336e-34 -2.33221e-35  7.50367e-34 -2.97744e-36 -2.40533e-34 -9.83327e-36  3.24225e-34  3.96168e-36 -1.50258e-34  1.84595e-35  2.53943e-34 -2.45479e-35 -1.02077e-34  1.62737e-35  1.15794e-34 -1.06025e-36 -1.02689e-34  9.16293e-36  9.10203e-35 -4.65934e-36  9.32622e-36  1.79134e-36 -1.24653e-35   -4.649e-37  1.00361e-35  2.01529e-36  9.20439e-36  3.80405e-37  1.58983e-36 -1.15277e-37  -2.5536e-36    -6.04e-38 -1.82986e-36 -7.49912e-38  2.19782e-36  1.88959e-37  -8.7154e-37 -3.04265e-38  3.23784e-37 -1.98349e-38 -8.60971e-38  3.75747e-39  1.43192e-37  3.86798e-39  -1.0064e-38  3.01177e-39 -3.18362e-39 -1.87706e-39 -3.54606e-39  5.42383e-39  4.76338e-38 -1.14008e-38 -1.52203e-37  3.04937e-38  4.31167e-37 -7.28182e-38 -1.13331e-36  1.64425e-37  2.76461e-36 -3.44938e-37 -6.23569e-36  6.72309e-37  1.29439e-35 -1.21247e-36 -2.45758e-35  2.01485e-36  4.23685e-35 -3.06993e-36 -6.57409e-35  4.26362e-36  9.08172e-35 -5.35975e-36 -1.10193e-34  6.04697e-36  1.15423e-34  -6.0593e-36 -1.02041e-34  5.32247e-36  7.38398e-35 -4.02997e-36 -4.18576e-35  2.57205e-36   1.7354e-35 -1.34139e-36 -4.63487e-36  5.45947e-37  5.58844e-37 -1.60837e-37  3.75831e-38  2.96202e-38 -1.23336e-38 -2.19963e-39
-3.73033e-37 -3.54818e-36  5.33086e-37 -8.73325e-35  8.29273e-37   9.1292e-35 -2.44918e-36  1.17347e-34 -9.92641e-36  1.47087e-34 -1.22825e-35 -9.11242e-34  2.79974e-35  7.26141e-34  2.39976e-35  2.09132e-33 -6.96745e-35 -2.37309e-33  1.29199e-34 -1.83112e-33 -1.03447e-34  7.06719e-33 -8.97037e-35 -1.31086e-33  9.48643e-35 -1.92161e-33  3.08458e-35  9.89853e-34 -5.51515e-35  1.38486e-33  2.05044e-35 -5.27323e-34  9.52329e-35  9.60741e-34 -1.35303e-35 -1.23385e-33 -2.66397e-35  1.01162e-33 -1.15748e-35 -2.99672e-34  3.51785e-36  4.01121e-34  2.11103e-36 -1.78521e-34  2.13761e-35  3.04689e-34  -2.6666e-35 -8.59123e-35  2.12508e-35  1.20836e-34 -2.70903e-36 -9.19714e-35  1.00857e-35  9.67841e-35  -4.9111e-36  1.31776e-35   1.3281e-36  -1.6749e-35 -4.42642e-37  1.33598e-35  2.34406e-36  9.49855e-36  6.52629e-37  9.82147e-37 -1.15826e-37 -2.96335e-36 -7.75611e-40 -2.24592e-36 -6.61075e-38  2.32993e-36  2.19582e-37 -1.04818e-36 -4.39261e-38  4.01157e-37 -2.37645e-38 -8.18979e-38  4.15163e-39  1.59273e-37  2.45088e-39   -2.768e-38  6.07692e-39  2.91511e-38 -8.02705e-39 -1.28275e-37  2.34766e-38  4.34474e-37 -5.81788e-38 -1.27516e-36  1.45729e-37    3.473e-36 -3.37445e-37 -8.79495e-36  7.31151e-37   2.0643e-35 -1.47267e-36 -4.46992e-35  2.75036e-36  8.88023e-35 -4.74368e-36 -1.60784e-34  7.52157e-36  2.63184e-34 -1.09051e-35 -3.85657e-34  1.43648e-35  4.99775e-34 -1.70597e-35 -5.64032e-34  1.80955e-35  5.43463e-34 -1.69447e-35 -4.35398e-34   1.3802e-35  2.79535e-34 -9.59209e-36 -1.36101e-34  5.54096e-36   4.5775e-35 -2.56274e-36 -8.65637e-36  8.95613e-37  2.66103e-37 -2.13589e-37  1.65477e-37  2.75746e-38 -1.20555e-38
 6.96384e-36 -7.78509e-37 -7.50097e-36 -4.32437e-37 -9.95071e-35   2.8876e-36  1.92102e-35  2.88474e-36  2.48391e-34 -1.80232e-35  2.66167e-34 -8.73864e-36 -1.22338e-33  3.23318e-35  8.67232e-34   3.8851e-36  2.24594e-33 -5.26793e-35 -2.48105e-33  1.23419e-34 -1.55912e-33 -8.97037e-35   6.7421e-33 -6.77645e-35 -1.14077e-33  7.62333e-35 -1.47131e-33  4.59899e-35  5.64749e-34 -4.91299e-35  1.36483e-33   1.9784e-35 -4.05386e-34  1.23283e-34  1.12771e-33  -2.2293e-35 -1.49432e-33 -2.69375e-35  1.26513e-33 -2.20447e-35 -3.45814e-34   2.0671e-35  4.74598e-34 -6.04274e-37 -2.16793e-34  2.40401e-35   3.5625e-34 -2.81359e-35 -6.36983e-35  2.56464e-35  1.21678e-34  -4.3504e-36 -7.62877e-35  1.07347e-35  1.03731e-34 -4.81901e-36  1.79714e-35  7.70307e-37 -2.09068e-35 -3.24835e-37  1.67181e-35  2.69855e-36  9.31292e-36  9.74758e-37 -6.11796e-39 -9.22289e-38 -3.25852e-36  7.47199e-38 -2.65652e-36 -4.62905e-38  2.41486e-36   2.4822e-37 -1.22037e-36 -5.77637e-38  4.82924e-37 -2.87959e-38   -8.161e-38  6.11539e-39  1.98237e-37 -1.93371e-39 -1.29738e-37  1.82975e-38  3.53327e-37 -3.94356e-38 -1.18754e-36  1.09343e-37   3.6103e-36 -2.74638e-37  -1.0181e-35  6.57997e-37  2.67446e-35 -1.46835e-36 -6.52441e-35  3.05521e-36  1.47192e-34 -5.90334e-36 -3.05518e-34  1.05565e-35   5.7989e-34 -1.73969e-35 -9.99116e-34  2.62906e-35   1.5487e-33 -3.62215e-35 -2.13611e-33  4.51779e-35  2.58591e-33 -5.05817e-35 -2.69969e-33  5.03083e-35  2.37531e-33 -4.38715e-35 -1.70685e-33   3.2985e-35  9.57282e-34 -2.09092e-35 -3.89928e-34  1.08333e-35  1.00548e-34 -4.38138e-36 -1.07297e-35    1.283e-36 -1.20475e-36 -2.34945e-37  2.92792e-37  1.73572e-38
 7.12975e-38   1.4747e-35 -1.03403e-36 -1.32775e-35 -2.40802e-36 -1.01615e-34  5.06233e-36 -9.17766e-35  9.76766e-36  3.57262e-34 -2.51559e-35  4.10653e-34 -5.72829e-36 -1.44167e-33  3.55583e-35  9.91874e-34  -1.6047e-35  2.24511e-33 -3.21679e-35 -2.45042e-33    1.114e-34 -1.31086e-33 -6.77645e-35  6.42644e-33 -3.93665e-35 -1.08184e-33  5.79858e-35  -9.6482e-34  5.50896e-35  1.65243e-34 -4.06219e-35  1.36976e-33  1.86952e-35 -2.98856e-34  1.51412e-34  1.27974e-33 -3.65374e-35 -1.73424e-33 -2.39204e-35  1.49746e-33 -3.38774e-35 -3.76261e-34  4.08425e-35  5.34323e-34 -3.66871e-36 -2.58446e-34  2.63977e-35  4.07004e-34 -2.87378e-35 -3.83438e-35  2.89199e-35  1.19331e-34 -5.78756e-36 -5.61208e-35  1.11219e-35   1.1201e-34 -4.34625e-36  2.36757e-35   1.9021e-37 -2.44625e-35 -7.97932e-38  2.01849e-35  3.08852e-36  8.48549e-36  1.33258e-36 -1.32532e-36 -4.49512e-38 -3.43885e-36  1.64064e-37 -3.01293e-36 -1.49466e-38  2.46314e-36  2.74008e-37 -1.38176e-36 -7.08511e-38  5.81954e-37 -3.61168e-38 -1.37716e-37   1.3592e-38  4.48303e-37 -2.07414e-38 -9.72133e-37  7.34022e-38  3.12305e-36 -1.87812e-37 -9.79876e-36  4.96457e-37  2.85963e-35 -1.21642e-36 -7.78536e-35    2.801e-36  1.97214e-34 -6.01312e-36 -4.62996e-34  1.20124e-35  1.00266e-33 -2.22503e-35  -1.9917e-33  3.80675e-35  3.60466e-33  -5.9883e-35 -5.89578e-33  8.61492e-35  8.62841e-33 -1.12621e-34 -1.11601e-32   1.3276e-34  1.25597e-32 -1.39803e-34 -1.20525e-32  1.29989e-34  9.59892e-33 -1.05151e-34 -6.10831e-33  7.25863e-35  2.93244e-33 -4.16539e-35 -9.61548e-34  1.91406e-35  1.70737e-34 -6.64669e-36 -1.32173e-36  1.57525e-36   -3.998e-36 -2.02135e-37  2.54782e-37
