    0.063643  6.13633e-17   -0.0531647 -5.45087e-17   -0.0145128   2.0696e-17   0.00711828 -4.29066e-18   0.00491121 -5.45443e-18  0.000422854  7.60993e-19 -0.000527931  3.93419e-19 -0.000212007 -1.07865e-19 -2.46318e-05 -4.47393e-20  1.93652e-06 -1.16986e-22  4.02804e-07
 6.13633e-17     0.113023  2.64492e-17   -0.0405444  8.85035e-18   -0.0299372  2.82374e-17   0.00294623 -8.99613e-18   0.00739322 -5.10524e-18   0.00190656  1.64573e-18 -0.000412062  3.80761e-19  -0.00032496 -2.62123e-19 -6.34665e-05  -6.3536e-20 -3.31567e-06  8.04581e-22
  -0.0531647  2.64492e-17      0.10256 -3.54369e-17   -0.0162931  4.23067e-17   -0.0335637  2.98744e-17  -0.00293256  -9.0331e-18   0.00753971 -1.30252e-18   0.00327532  3.17748e-18  7.59326e-05   3.2994e-19  -0.00027874 -3.33718e-19 -7.08574e-05 -4.35255e-20 -4.54628e-06
-5.45087e-17   -0.0405444 -3.54369e-17    0.0750393 -6.29116e-17  -0.00292081  3.95606e-17   -0.0316404  1.67386e-17  -0.00754369 -8.94546e-18   0.00629371  3.47361e-18   0.00409574  4.54783e-18  0.000675041  2.67916e-19 -0.000106224  -2.4551e-19 -4.05353e-05 -1.00411e-20
  -0.0145128  8.85035e-18   -0.0162931 -6.29116e-17    0.0576118 -5.43312e-17   0.00279592   2.3413e-17   -0.0288588 -5.40034e-18   -0.0109811 -1.06724e-17   0.00424874   6.5307e-18   0.00420159   4.5964e-18   0.00111038  1.66637e-19  7.08189e-05 -9.01334e-20 -6.98459e-06
  2.0696e-17   -0.0299372  4.23067e-17  -0.00292081 -5.43312e-17    0.0488708 -2.59101e-17   0.00587753  6.57764e-18   -0.0262689 -2.63034e-17   -0.0136983 -1.24924e-17   0.00164285  6.41213e-18   0.00350963  3.10245e-18   0.00116103  3.34191e-20  0.000133401 -3.88111e-21
  0.00711828  2.82374e-17   -0.0335637  3.95606e-17   0.00279592 -2.59101e-17    0.0440628   8.6624e-18   0.00817702 -5.56426e-18   -0.0238332 -3.78987e-17   -0.0158809 -1.30717e-17  -0.00131716  3.32348e-18   0.00211209  9.21052e-19  0.000805698 -8.86731e-20  7.77959e-05
-4.29066e-18   0.00294623  2.98744e-17   -0.0316404   2.3413e-17   0.00587753   8.6624e-18    0.0412853   3.7453e-17    0.0103509 -1.11846e-17   -0.0212719 -3.83755e-17   -0.0173719 -1.30459e-17  -0.00416247 -1.07246e-18  0.000459986 -7.77391e-19  0.000308134 -1.18572e-19
  0.00491121 -8.99613e-18  -0.00293256  1.67386e-17   -0.0288588  6.57764e-18   0.00817702   3.7453e-17    0.0399186   5.2284e-17     0.012837 -1.09436e-17    -0.018082 -3.19885e-17   -0.0175682 -1.34231e-17  -0.00601652 -4.57826e-18 -0.000707014  -1.3175e-18  1.11398e-05
-5.45443e-18   0.00739322  -9.0331e-18  -0.00754369 -5.40034e-18   -0.0262689 -5.56426e-18    0.0103509   5.2284e-17    0.0397963  5.29833e-17     0.016151 -7.67908e-18    -0.013459 -2.48626e-17   -0.0155259  -1.4115e-17  -0.00597461 -5.71401e-18 -0.000912463 -8.63089e-19
 0.000422854 -5.10524e-18   0.00753971 -8.94546e-18   -0.0109811 -2.63034e-17   -0.0238332 -1.11846e-17     0.012837  5.29833e-17    0.0410769   4.4703e-17    0.0209814  -5.8476e-18  -0.00656604 -2.10278e-17   -0.0107445 -1.39822e-17  -0.00404716 -4.46709e-18 -0.000454554
 7.60993e-19   0.00190656 -1.30252e-18   0.00629371 -1.06724e-17   -0.0136983 -3.78987e-17   -0.0212719 -1.09436e-17     0.016151   4.4703e-17    0.0441849  3.09911e-17    0.0278158 -9.21708e-18   0.00241494 -2.04607e-17   -0.0043822 -1.17661e-17  -0.00159041 -2.12038e-18
-0.000527931  1.64573e-18   0.00327532  3.47361e-18   0.00424874 -1.24924e-17   -0.0158809 -3.83755e-17    -0.018082 -7.67908e-18    0.0209814  3.09911e-17    0.0493322   1.2395e-17    0.0357524 -1.71078e-17    0.0110488 -1.96354e-17  0.000755848 -7.48618e-18 -0.000154891
 3.93419e-19 -0.000412062  3.17748e-18   0.00409574   6.5307e-18   0.00164285 -1.30717e-17   -0.0173719 -3.19885e-17    -0.013459  -5.8476e-18    0.0278158   1.2395e-17    0.0552594  -8.3348e-18    0.0413693 -2.35328e-17    0.0153702 -1.53387e-17   0.00251093 -2.99615e-18
-0.000212007  3.80761e-19  7.59326e-05  4.54783e-18   0.00420159  6.41213e-18  -0.00131716 -1.30459e-17   -0.0175682 -2.48626e-17  -0.00656604 -9.21708e-18    0.0357524  -8.3348e-18    0.0581509 -2.36096e-17    0.0400895 -2.26116e-17    0.0133758 -8.48717e-18   0.00153931
-1.07865e-19  -0.00032496   3.2994e-19  0.000675041   4.5964e-18   0.00350963  3.32348e-18  -0.00416247 -1.34231e-17   -0.0155259 -2.10278e-17   0.00241494 -1.71078e-17    0.0413693 -2.36096e-17    0.0532474 -2.67855e-17    0.0305453  -1.4954e-17   0.00755228 -2.79273e-18
-2.46318e-05 -2.62123e-19  -0.00027874  2.67916e-19   0.00111038  3.10245e-18   0.00211209 -1.07246e-18  -0.00601652  -1.4115e-17   -0.0107445 -2.04607e-17    0.0110488 -2.35328e-17    0.0400895 -2.67855e-17    0.0395199 -1.93547e-17    0.0171729 -6.48349e-18   0.00244581
-4.47393e-20 -6.34665e-05 -3.33718e-19 -0.000106224  1.66637e-19   0.00116103  9.21052e-19  0.000459986 -4.57826e-18  -0.00597461 -1.39822e-17   -0.0043822 -1.96354e-17    0.0153702 -2.26116e-17    0.0305453 -1.93547e-17    0.0222412 -9.28312e-18   0.00653212 -1.59174e-18
 1.93652e-06  -6.3536e-20 -7.08574e-05  -2.4551e-19  7.08189e-05  3.34191e-20  0.000805698 -7.77391e-19 -0.000707014 -5.71401e-18  -0.00404716 -1.17661e-17  0.000755848 -1.53387e-17    0.0133758  -1.4954e-17    0.0171729 -9.28312e-18   0.00878126 -2.79709e-18    0.0014068
-1.16986e-22 -3.31567e-06 -4.35255e-20 -4.05353e-05 -9.01334e-20  0.000133401 -8.86731e-20  0.000308134  -1.3175e-18 -0.000912463 -4.46709e-18  -0.00159041 -7.48618e-18   0.00251093 -8.48717e-18   0.00755228 -6.48349e-18   0.00653212 -2.79709e-18   0.00215014 -4.40685e-19
 4.02804e-07  8.04581e-22 -4.54628e-06 -1.00411e-20 -6.98459e-06 -3.88111e-21  7.77959e-05 -1.18572e-19  1.11398e-05 -8.63089e-19 -0.000454554 -2.12038e-18 -0.000154891 -2.99615e-18   0.00153931 -2.79273e-18   0.00244581 -1.59174e-18    0.0014068 -4.40685e-19  0.000244583
