 1.56583e-35 -1.32527e-51 -2.43104e-35  5.92621e-51  7.00849e-36  7.63592e-52 -7.71171e-37 -1.50506e-50    2.026e-36 -1.71566e-51 -3.81565e-36  3.29416e-51  5.11075e-36  1.22222e-51 -3.22418e-36  3.67786e-51  1.33551e-36  1.10341e-51   -3.791e-37 -1.76318e-50   4.8361e-39 -1.25428e-49  2.70458e-37  6.68123e-50 -5.20674e-39 -3.59852e-49 -1.34049e-37 -2.93436e-48  2.69007e-38 -2.98874e-49  8.57674e-39 -1.88105e-48   3.4858e-39 -2.26298e-47 -9.74334e-39 -4.30245e-47  3.62792e-40   1.3804e-47  3.34874e-39  1.37094e-46 -1.29685e-39  9.56925e-47  -1.0245e-39 -1.49586e-46  2.16402e-40 -6.20677e-46  2.89793e-40 -7.59121e-46 -3.07686e-41 -2.27985e-46 -1.76281e-41  2.52093e-47 -1.63809e-41  3.69155e-46   1.5692e-41 -5.23277e-46 -9.80477e-42 -1.25846e-45  1.92658e-42 -4.10456e-46   9.5874e-43 -2.06932e-46 -6.21392e-43 -1.13996e-46  2.59415e-43 -5.76316e-47 -3.49202e-44 -3.42262e-46 -2.69041e-44 -2.12937e-46 -2.62958e-45 -6.16123e-47  1.40364e-45 -9.33553e-48 -7.22208e-46 -1.82563e-47 -1.35529e-45 -5.10106e-48  3.28283e-46  -5.3482e-48 -8.18627e-47 -4.16409e-48 -8.12316e-47  2.18484e-48  1.35579e-46 -3.35463e-48 -2.28825e-46  6.39812e-48  4.10743e-46 -1.10632e-47 -6.57793e-46  1.72013e-47  9.59046e-46 -2.50941e-47 -1.27359e-45  3.38367e-47   1.5332e-45 -4.20904e-47 -1.66664e-45  4.81488e-47  1.63312e-45 -5.04469e-47 -1.44327e-45  4.81854e-47  1.15389e-45 -4.17235e-47 -8.37877e-46  3.25214e-47  5.52923e-46 -2.26125e-47 -3.28833e-46  1.38593e-47  1.72667e-46 -7.36845e-48 -7.76403e-47  3.32386e-48  2.88386e-47 -1.23272e-48  -8.5027e-48  3.58559e-49    1.891e-48 -7.57334e-50 -2.90404e-49  1.00085e-50  2.47908e-50 -5.32372e-52
-1.32527e-51  4.81006e-35 -5.65384e-51 -4.52044e-35  1.71563e-50   1.6778e-36 -2.04313e-51  5.41743e-36 -2.96667e-50  3.79189e-37 -1.06432e-50 -5.53479e-36 -3.39204e-51  6.84431e-36 -3.52788e-51  -4.3161e-36  1.12573e-50  2.68803e-36  1.07445e-50  -1.1325e-36  -1.8506e-49 -8.49011e-38 -1.50209e-48  8.01518e-37  1.92016e-49 -1.46314e-38 -2.92339e-48 -2.92874e-37 -2.51713e-47  5.57777e-38 -3.21343e-48  4.65592e-39  -2.7357e-47  2.20265e-38 -2.14281e-46 -3.41308e-38 -3.91071e-46  1.81321e-39  9.33561e-47  1.20793e-38   1.0463e-45 -5.16912e-39  5.31539e-46 -3.04054e-39 -1.10427e-45  8.35164e-40  -4.9332e-45   5.6592e-40  -5.8744e-45   1.0698e-41  -1.6684e-45 -2.14393e-42 -4.33528e-46 -9.58976e-41  1.86142e-45  5.82817e-41 -3.76038e-45 -3.04389e-41 -7.77845e-45  8.16258e-42 -2.53285e-45  1.07443e-42 -1.31868e-45 -1.72309e-42 -7.48652e-46  8.44763e-43 -6.05889e-46 -1.14219e-43 -1.95582e-45 -9.47277e-44 -1.17436e-45 -2.83726e-44 -2.90584e-46  1.29606e-44 -7.23636e-47 -5.88213e-45  -1.1187e-46 -4.19534e-45 -3.34786e-47  6.33592e-46 -1.93393e-47  9.35352e-47  -2.5853e-47 -1.37708e-45  2.35372e-47  2.63888e-45 -4.05834e-47 -4.70551e-45   7.0289e-47   7.8667e-45 -1.12958e-46  -1.1879e-44  1.66165e-46   1.6199e-44 -2.27217e-46 -1.98448e-44  2.86668e-46  2.16925e-44 -3.33028e-46  -2.1026e-44  3.55329e-46   1.8001e-44 -3.47184e-46 -1.36258e-44  3.09618e-46  9.20489e-45 -2.50956e-46 -5.65295e-45  1.83792e-46  3.21364e-45 -1.20578e-46 -1.68564e-45  6.99581e-47  7.85582e-46 -3.52205e-47  -3.0631e-46  1.49669e-47  9.39011e-47 -5.15538e-48 -2.13862e-47  1.35275e-48  3.40569e-48 -2.43057e-49 -3.40865e-49  2.36109e-50   1.4724e-50
-2.43104e-35 -5.65384e-51  8.34831e-35     -1.1e-50 -5.77115e-35  2.74008e-50 -7.79495e-36  -1.1585e-50     1.09e-35  -3.9194e-50  -2.0409e-36 -2.85057e-50 -6.25207e-36 -2.08708e-50  4.88407e-36 -5.02886e-50 -2.77099e-36  1.10634e-50  3.58343e-36  1.39706e-49 -2.37903e-36 -1.36171e-48 -1.83042e-37 -1.25862e-47  1.61002e-36  -2.3288e-48 -7.08692e-38 -1.51989e-47 -4.20625e-37  -1.4752e-46  6.96673e-38 -1.98563e-47 -1.57215e-38 -2.20858e-46  6.78439e-38  -1.3834e-45 -8.64428e-38 -2.49487e-45  5.39158e-39  4.43833e-46  3.05634e-38  5.56088e-45 -1.40345e-38  1.65514e-45 -6.08529e-39 -5.68888e-45  2.14773e-39 -2.71063e-44  4.95457e-40 -3.10435e-44  2.47307e-40  -8.3095e-45  1.49332e-40 -4.76363e-45 -3.19143e-40  6.40901e-45  1.46505e-40 -1.83869e-44 -6.56673e-41 -3.29898e-44  2.56793e-41  -1.0735e-44 -3.52972e-42 -5.72385e-45  -2.9855e-42 -3.38878e-45  1.74712e-42 -3.48276e-45 -1.52752e-43 -7.68189e-45 -2.56715e-43 -4.49188e-45 -1.22387e-43 -9.02344e-46  5.99523e-44 -3.28842e-46  -2.3961e-44  -4.4199e-46 -8.16287e-45 -1.46941e-46 -3.21039e-45 -2.55529e-47  9.47146e-45 -1.31116e-46 -2.34675e-44  1.62292e-46  4.44367e-44 -2.71156e-46 -7.69059e-44  4.25225e-46  1.21279e-43 -6.16708e-46 -1.72243e-43  8.15133e-46  2.18771e-43 -9.86984e-46 -2.46215e-43  1.08788e-45   2.4285e-43 -1.08908e-45 -2.07365e-43  9.89998e-46   1.5142e-43 -8.20405e-46 -9.37639e-44  6.26439e-46  4.95164e-44 -4.48518e-46 -2.31743e-44  3.06389e-46  1.03541e-44 -2.00094e-46 -4.56665e-45  1.21811e-46  1.79723e-45 -6.58503e-47 -5.19526e-46  2.97788e-47  7.94136e-47 -1.05287e-47   4.2285e-48  2.66398e-48 -4.18946e-48 -4.13607e-49  6.12263e-49  2.53255e-50
 5.92621e-51 -4.52044e-35     -1.1e-50   1.1316e-34 -6.29849e-51 -6.56004e-35  2.62887e-50 -1.24972e-35 -2.62306e-50  1.21657e-35 -3.92102e-50 -1.47308e-36 -5.15146e-50 -8.05049e-36 -4.79491e-50 -2.06107e-37 -3.79822e-49  1.90654e-36 -1.61125e-49  3.59061e-36   1.2395e-48 -4.21302e-36 -7.84256e-48 -2.03151e-37  -8.4523e-47  2.59841e-36 -3.48321e-47 -1.92317e-37 -5.47798e-47 -4.36807e-37  -6.8057e-46  2.93481e-38 -7.52829e-47 -4.53531e-38 -1.27829e-45  1.50295e-37 -7.00273e-45 -1.77335e-37 -1.28395e-44  1.12246e-38  1.82177e-45  6.17474e-38  2.37993e-44 -2.99137e-38  1.77784e-45 -9.50187e-39 -2.36417e-44  4.34085e-39 -1.18786e-43 -4.16077e-40 -1.29444e-43  7.97756e-40 -3.22535e-44  6.47482e-40 -2.74296e-44  -7.7902e-40  1.78544e-44     2.88e-40 -7.05793e-44 -1.11237e-40 -1.10609e-43  6.61984e-41 -3.60345e-44  -2.0501e-41 -1.94822e-44 -3.03637e-42 -1.21077e-44  2.40984e-42 -1.44838e-44  2.30576e-43  -2.3949e-44 -6.16969e-43 -1.37526e-44 -3.64481e-43  -2.0592e-45  1.99429e-43 -1.11242e-45 -8.00215e-44 -1.32578e-45  1.46099e-44 -5.09105e-46 -8.20789e-44  6.80394e-47  1.80141e-43 -4.66842e-46 -3.68186e-43  5.50509e-46  6.68734e-43  -7.1495e-46 -1.10405e-42  7.33824e-46  1.64606e-42 -4.46146e-46 -2.19644e-42 -3.48025e-46  2.59696e-42   1.7221e-45 -2.68678e-42 -3.55443e-45  2.39395e-42   5.4574e-45 -1.79984e-42 -6.87706e-45   1.1116e-42  7.32785e-45 -5.44564e-43 -6.65139e-45  2.03233e-43  5.12198e-45 -5.73308e-44 -3.30308e-45  1.49678e-44  1.74287e-45 -5.16746e-45 -7.23194e-46  1.26383e-45  2.18894e-46  4.38085e-46 -3.98209e-47 -5.07343e-46  5.33235e-49  1.86655e-46  1.67364e-48 -3.28498e-47 -3.25326e-49  2.05407e-48
 7.00849e-36  1.71563e-50 -5.77115e-35 -6.29849e-51  1.37121e-34  2.31543e-50 -7.23152e-35  1.14217e-50 -1.33752e-35 -3.79315e-50  1.04466e-35 -1.74559e-50  3.94493e-36 -6.24945e-50 -1.23579e-35 -1.24877e-49  -6.9203e-36 -2.34491e-48  9.13453e-36 -1.85669e-48  3.04213e-36  7.94782e-48 -6.56982e-36 -3.76148e-47 -1.61172e-37    -4.81e-46  3.58045e-36 -2.73194e-46 -3.11282e-37 -1.12574e-46 -3.02208e-37 -2.60663e-45 -1.07367e-37 -9.07661e-47 -7.16958e-38 -5.85673e-45  2.69149e-37 -2.93542e-44 -3.04591e-37  -5.6288e-44  1.71375e-38  7.42301e-45  1.04574e-37  8.71169e-44 -5.26984e-38 -1.30354e-44 -1.24965e-38 -8.40193e-44  7.40316e-39 -4.39814e-43 -2.47541e-39 -4.51761e-43  1.63319e-39 -1.02172e-43  1.83787e-39 -1.14666e-43 -1.53854e-39  4.50609e-44  4.70829e-40 -2.25434e-43 -1.50924e-40 -3.10051e-43  1.44517e-40 -1.01401e-43 -5.98481e-41 -5.48893e-44  7.74403e-43 -3.59141e-44  1.38774e-42  -4.8388e-44  1.91603e-42 -6.28159e-44 -1.35673e-42  -3.5744e-44  -8.8917e-43 -3.37243e-45  5.92335e-43 -3.04913e-45 -3.88327e-43 -3.35064e-45  5.35014e-43 -1.15432e-45 -1.30296e-42 -3.30296e-46  2.70913e-42  7.23157e-46 -5.17544e-42 -3.07594e-45  8.96668e-42  7.66885e-45 -1.40589e-41 -1.61862e-44  1.97918e-41  2.97989e-44 -2.47726e-41 -4.87774e-44  2.72364e-41  7.13859e-44 -2.58959e-41 -9.35724e-44  2.08515e-41   1.0967e-43 -1.38043e-41 -1.14461e-43  7.17769e-42    1.057e-43 -2.70014e-42 -8.56103e-44  6.02927e-43  6.01059e-44 -1.92187e-44 -3.60179e-44 -2.00818e-44  1.80424e-44 -1.08071e-45 -7.34073e-45 -1.52742e-45  2.32636e-45  4.50317e-45 -5.37755e-46  -2.4998e-45  8.06751e-47  6.35474e-46 -6.04109e-48 -7.32074e-47  7.07916e-50
 7.63592e-52   1.6778e-36  2.74008e-50 -6.56004e-35  2.31543e-50  1.56001e-34  8.00053e-50 -7.62699e-35   -1.126e-50 -1.61411e-35 -3.46354e-50  8.51708e-36  9.90568e-50  1.35322e-35 -4.29432e-51 -1.94164e-35 -5.99771e-49 -1.40497e-35  -1.2327e-47  1.73877e-35 -1.32874e-47  2.74765e-36  4.01046e-47 -9.07703e-36 -1.55877e-46 -1.36143e-37 -2.39193e-45  4.29091e-36 -1.59592e-45 -2.53182e-37  1.71761e-46 -5.21159e-38  -8.4529e-45 -3.55995e-37   1.1337e-45 -9.87873e-38 -2.23751e-44  4.07653e-37 -1.04661e-43 -4.40357e-37 -2.16317e-43  1.81501e-38  3.19575e-44  1.51496e-37  2.82071e-43 -7.79749e-38 -1.01741e-43 -1.50927e-38 -2.63091e-43  1.10903e-38 -1.41884e-42 -5.43802e-39 -1.36222e-42  2.42442e-39 -2.66665e-43  4.20091e-39 -3.85396e-43 -2.58326e-39  1.14541e-43  6.65356e-40 -6.18229e-43 -1.53663e-40 -7.47461e-43  2.72302e-40 -2.46362e-43 -1.29874e-40 -1.31237e-43  1.23546e-41 -9.04655e-44 -3.87691e-42 -1.36931e-43  6.32312e-42 -1.42952e-43 -2.62654e-42 -8.14071e-44 -2.23416e-42 -3.10108e-45  2.48217e-42 -6.38906e-45 -3.82938e-42 -9.44064e-45  8.20546e-42  3.37014e-45 -1.79676e-41  -1.4981e-44  3.57391e-41  3.37805e-44 -6.49429e-41 -7.16539e-44  1.07033e-40  1.37165e-43 -1.58933e-40 -2.40105e-43  2.10731e-40  3.83631e-43 -2.46725e-40 -5.58809e-43  2.51464e-40  7.39833e-43 -2.18919e-40 -8.86699e-43  1.58514e-40  9.56975e-43 -9.16421e-41 -9.23899e-43  3.93433e-41  7.91318e-43 -1.05617e-41 -5.95091e-43  6.24201e-43   3.8783e-43  5.57273e-43  -2.1539e-43 -2.79295e-44  9.97032e-44 -1.06643e-43 -3.73186e-44  2.57936e-44  1.08124e-44  9.66607e-45   -2.266e-45  -6.0227e-45  3.04936e-46  1.19003e-45 -2.01968e-47 -7.94171e-47
-7.71171e-37 -2.04313e-51 -7.79495e-36  2.62887e-50 -7.23152e-35  8.00053e-50  1.69814e-34  1.47346e-49 -7.57241e-35 -4.49993e-50 -2.48082e-35  1.67468e-50  9.12369e-36   6.9469e-49  2.60352e-35   2.4325e-49 -2.84099e-35 -3.65657e-48 -2.13127e-35 -5.61505e-47  2.47876e-35 -7.42235e-47  3.28707e-36  1.67207e-46 -1.11838e-35 -5.68286e-46 -8.76648e-38 -1.05983e-44  4.43009e-36 -7.65288e-45  2.27288e-37   3.2071e-45  1.95702e-37  -2.3042e-44 -6.74864e-37  1.14133e-44 -1.71234e-37 -7.36866e-44  5.24291e-37 -3.21284e-43  -5.2297e-37 -7.41825e-43  7.84427e-39  1.40132e-43  1.87464e-37  8.25482e-43 -9.54329e-38  -4.4644e-43 -1.89989e-38 -7.37577e-43  1.50064e-38 -4.06227e-42 -8.29309e-39 -3.61804e-42  2.45397e-39 -5.57165e-43  8.29318e-39 -1.09395e-42 -3.79463e-39   3.1059e-43  8.41767e-40 -1.48356e-42 -7.46999e-41 -1.57244e-42  4.48765e-40 -5.25481e-43 -2.31353e-40 -2.68533e-43  3.66711e-41 -1.94938e-43 -1.68488e-41 -3.38569e-43  1.46014e-41  -2.8764e-43 -2.70987e-42 -1.64811e-43 -1.04134e-41 -1.77687e-46  2.14428e-41  -1.4132e-45 -4.79221e-41 -4.85339e-44  1.06815e-40  7.89793e-44 -2.22155e-40  -1.8805e-43  4.22246e-40  3.89042e-43 -7.30516e-40 -7.44878e-43  1.14249e-39  1.31329e-42  -1.6022e-39 -2.13148e-42  1.99446e-39  3.17471e-42 -2.17572e-39 -4.32507e-42  2.04524e-39  5.36657e-42 -1.61878e-39 -6.03367e-42  1.04227e-39  6.10855e-42 -5.15183e-40 -5.52688e-42  1.72898e-40  4.42777e-42 -2.48261e-41  -3.1051e-42 -6.79653e-42  1.87881e-42  2.33015e-42 -9.62786e-43  1.50545e-42  4.07639e-43 -1.09686e-42 -1.37791e-43  2.39862e-43  3.53494e-44  1.94568e-46 -6.34005e-45 -8.47551e-45  6.79065e-46  1.29493e-45 -2.74792e-47
-1.50506e-50  5.41743e-36  -1.1585e-50 -1.24972e-35  1.14217e-50 -7.62699e-35  1.47346e-49  1.80692e-34  2.10846e-49 -7.16086e-35 -1.25549e-49 -4.13781e-35  3.13331e-49  1.41163e-35  3.57771e-48  4.10197e-35  2.02439e-49 -3.75767e-35  -2.1132e-47 -2.89004e-35  -2.2429e-46  2.98161e-35 -3.42315e-46  4.51689e-36  5.91553e-46 -1.25142e-35 -1.81937e-45  3.05762e-37 -4.24043e-44  3.75934e-36 -3.14679e-44  1.37184e-36  2.05873e-44  2.54808e-37 -4.99972e-44 -9.48567e-37  6.86096e-44 -3.84002e-37 -2.14748e-43   5.4316e-37 -8.49143e-43 -4.59508e-37 -2.29884e-42 -1.84314e-38  5.85838e-43  1.91177e-37   2.2163e-42  -8.8951e-38 -1.48647e-42 -2.77426e-38 -1.86521e-42  1.88426e-38 -1.04425e-41 -9.32804e-39 -8.56857e-42  6.58111e-40 -8.14839e-43  1.46237e-38 -2.69951e-42 -4.96711e-39  8.74402e-43  9.97029e-40 -3.15218e-42  1.37464e-40 -2.90048e-42  6.53023e-40 -9.92941e-43 -3.52721e-40 -4.66516e-43  7.91184e-41 -3.56857e-43 -3.89135e-41 -7.45147e-43   1.8792e-41 -5.20829e-43  2.60793e-41 -2.89357e-43 -1.01745e-40 -2.65455e-44  2.49479e-40  1.16411e-43 -5.79098e-40 -3.72158e-43  1.25178e-39  7.77931e-43  -2.4874e-39 -1.64945e-42   4.5098e-39  3.20937e-42 -7.41615e-39 -5.78346e-42  1.09786e-38  9.62894e-42 -1.44966e-38 -1.47738e-41  1.68782e-38  2.08163e-41 -1.70702e-38 -2.68261e-41  1.46978e-38  3.14668e-41 -1.04649e-38  -3.3403e-41  5.88121e-39  3.18682e-41 -2.38453e-39 -2.70986e-41  5.38103e-40  2.03294e-41  3.58491e-41 -1.32859e-41 -5.60613e-41  7.44334e-42 -1.93495e-42 -3.50082e-42  1.37928e-41  1.34373e-42 -5.76234e-42 -4.04312e-43   1.0031e-42  8.96514e-44 -5.73839e-44 -1.31572e-44  -3.9508e-45  1.00529e-45  6.11899e-46
   2.026e-36 -2.96667e-50     1.09e-35 -2.62306e-50 -1.33752e-35   -1.126e-50 -7.57241e-35  2.10846e-49  1.92898e-34  3.49606e-49 -6.59829e-35 -3.01524e-49 -6.67989e-35  1.97581e-48  2.34203e-35  1.63735e-47  5.82517e-35 -7.78957e-48 -4.47606e-35  -1.0926e-46 -3.65747e-35 -7.91055e-46  3.18598e-35 -1.32368e-45  5.58993e-36   1.7981e-45 -1.31928e-35 -4.94803e-45   1.6234e-36 -1.54695e-43  2.23733e-36 -1.13576e-43  3.33748e-36  9.92598e-44 -1.06737e-37  -6.7609e-44 -9.93798e-37   3.2539e-43  -8.6853e-37 -5.68887e-43  3.47883e-37 -1.89951e-42 -1.42446e-37  -6.5015e-42 -5.96943e-38  2.24348e-42  1.38893e-37  5.51696e-42 -3.89987e-38 -4.03528e-42 -4.58339e-38 -4.25911e-42  2.27939e-38 -2.42713e-41 -6.45749e-39 -1.82318e-41 -4.18393e-39 -1.83876e-43  2.34976e-38 -5.90608e-42 -5.87496e-39  2.40007e-42  1.17723e-39  -5.9699e-42  5.27537e-40 -4.66302e-42  8.44206e-40 -1.66753e-42 -4.67301e-40  -6.6176e-43  1.35659e-40 -5.39771e-43 -3.40856e-41 -1.46869e-42 -1.03152e-40 -8.88902e-43  4.28712e-40 -3.43709e-43 -1.17817e-39 -4.03748e-43  2.86688e-39  1.15536e-42 -6.45724e-39 -2.79604e-42  1.33887e-38    5.894e-42 -2.54072e-38 -1.17695e-41  4.38601e-38  2.17777e-41 -6.84092e-38 -3.73393e-41   9.5598e-38  5.91643e-41 -1.18453e-37 -8.63593e-41  1.28421e-37  1.15675e-40 -1.19687e-37 -1.41548e-40  9.35472e-38  1.57397e-40 -5.90319e-38 -1.58044e-40  2.81018e-38  1.42222e-40 -8.56663e-39 -1.13656e-40  5.82899e-40  7.97567e-41  7.48152e-40   -4.846e-41 -2.28241e-40   2.5038e-41 -8.00555e-41 -1.07409e-41  7.15021e-41  3.70144e-42 -2.00274e-41 -9.76113e-43  2.66863e-42  1.82081e-43 -2.04082e-43 -2.06497e-44   1.1119e-44  9.11971e-46
-1.71566e-51  3.79189e-37  -3.9194e-50  1.21657e-35 -3.79315e-50 -1.61411e-35 -4.49993e-50 -7.16086e-35  3.49606e-49  2.10309e-34  1.10581e-48 -6.05053e-35 -1.59364e-49 -9.99222e-35   1.0558e-47  3.48072e-35  6.78392e-47  7.63066e-35  -7.9336e-47 -4.83189e-35 -5.02972e-46 -4.33343e-35 -2.47106e-45  3.14103e-35  -4.2357e-45  5.36609e-36   4.6839e-45 -1.39313e-35 -1.01473e-44  4.43689e-36 -5.18337e-43  1.61943e-37 -3.64527e-43  6.13817e-36  4.07893e-43 -1.14422e-36  6.56332e-44 -5.86967e-37  1.31751e-42 -1.75969e-36 -1.41659e-42  -2.1135e-37 -3.39607e-42  5.21289e-37 -1.69265e-41 -1.06495e-37  7.76453e-42  1.04061e-38  1.28244e-41  7.30296e-38  -9.0651e-42 -7.73213e-38 -8.73471e-42  2.81107e-38 -5.11861e-41  2.31885e-39 -3.49886e-41 -1.31487e-38  4.05152e-42  3.48872e-38 -1.16327e-41 -6.36941e-39  6.14762e-42  1.48111e-39 -1.00988e-41  1.11719e-39 -6.37043e-42  9.64547e-40 -2.48318e-42 -5.00554e-40  -6.5677e-43  6.00422e-41  -6.3629e-43  4.89847e-40 -2.52757e-42 -1.79841e-39  -1.7071e-42  5.12286e-39  5.92658e-43 -1.30769e-38 -3.41326e-42  3.06888e-38  8.39239e-42 -6.63638e-38 -1.86149e-41  1.31632e-37    3.795e-41 -2.38198e-37 -7.22912e-41  3.90749e-37  1.27825e-40  -5.7666e-37 -2.09366e-40  7.58421e-37  3.16697e-40 -8.78415e-37 -4.40849e-40  8.82157e-37  5.62385e-40 -7.51988e-37 -6.54263e-40  5.27296e-37  6.90147e-40 -2.88577e-37  -6.5557e-40  1.10345e-37  5.56161e-40 -1.95828e-38 -4.17175e-40 -5.86383e-39  2.73251e-40  4.41894e-39 -1.53845e-40 -3.90431e-40  7.29431e-41 -5.60656e-40   -2.833e-41   2.5858e-40  8.66566e-42 -4.86222e-41 -1.96539e-42  4.99143e-42  2.97535e-43 -4.75707e-43 -2.37463e-44  2.48336e-44
-3.81565e-36 -1.06432e-50  -2.0409e-36 -3.92102e-50  1.04466e-35 -3.46354e-50 -2.48082e-35 -1.25549e-49 -6.59829e-35  1.10581e-48   2.3473e-34  5.09586e-48 -5.67537e-35  4.69544e-48 -1.36145e-34  5.04839e-47  4.49686e-35   2.5444e-46  9.20432e-35 -5.15799e-46 -4.76812e-35 -2.07019e-45 -4.79391e-35 -6.84866e-45  2.98921e-35 -1.04867e-44  2.88858e-36  1.00993e-44 -1.58219e-35 -6.76086e-45  8.87492e-36  -1.6044e-42 -1.73716e-36 -1.04708e-42  9.62567e-36  1.49658e-42  -3.1113e-36   8.9806e-43  4.93204e-37  4.71812e-42 -3.15928e-36 -3.46053e-42 -1.29002e-36 -3.85461e-42  1.57658e-36  -4.0902e-41 -1.40498e-37    2.428e-41  -2.0433e-37  2.79574e-41  2.60038e-37  -1.6356e-41 -1.24451e-37 -1.58553e-41  3.76205e-38 -9.79429e-41  1.84785e-38   -6.059e-41 -2.68206e-38  1.86855e-41  4.83814e-38 -2.09169e-41 -6.46468e-39  1.44366e-41  2.03102e-39 -1.52082e-41  1.92432e-39 -6.82446e-42  8.25117e-40 -3.25983e-42  1.41827e-40  1.79773e-44 -1.99667e-39 -6.23176e-43  7.16568e-39 -3.17286e-42 -2.08965e-38 -5.21206e-42  5.53597e-38   8.3845e-42 -1.35269e-37 -2.28426e-41  3.04802e-37  5.21466e-41 -6.31261e-37 -1.09928e-40  1.19578e-36  2.15373e-40  -2.0598e-36 -3.92964e-40  3.20394e-36  6.65421e-40 -4.46185e-36  -1.0429e-39  5.50394e-36  1.50788e-39 -5.93189e-36 -2.00353e-39   5.4837e-36  2.43543e-39  -4.2354e-36 -2.69408e-39   2.6218e-36  2.69517e-39 -1.20234e-36  -2.4202e-39  3.28703e-37  1.93322e-39  9.18934e-39 -1.35847e-39 -4.97873e-38  8.28185e-40  1.60741e-38 -4.30307e-40  1.59488e-39  1.86113e-40 -2.47111e-39 -6.48622e-41  6.71852e-40  1.73639e-41 -7.98769e-41  -3.3041e-42  7.36265e-42  3.84794e-43 -8.33763e-43 -1.76203e-44
 3.29416e-51 -5.53479e-36 -2.85057e-50 -1.47308e-36 -1.74559e-50  8.51708e-36  1.67468e-50 -4.13781e-35 -3.01524e-49 -6.05053e-35  5.09586e-48  2.66067e-34  2.36345e-47 -5.69159e-35  4.17342e-47 -1.67848e-34   2.1768e-46   5.1135e-35  8.60397e-46   1.0145e-34 -2.67594e-45 -4.32233e-35 -7.66561e-45 -4.97017e-35 -1.69539e-44  2.92019e-35 -1.44988e-44 -2.32524e-36  1.52998e-44 -1.99319e-35  7.24777e-44  1.41942e-35 -4.60897e-42 -2.31943e-36 -2.69454e-42   1.3507e-35  5.01051e-42 -6.21591e-36  4.10603e-42   2.4172e-36  1.52339e-41 -5.11114e-36 -8.65624e-42 -3.00352e-36  2.43747e-42  2.99379e-36 -9.25189e-41 -1.37079e-37  6.89106e-41  -5.0033e-37  5.72427e-41  5.25951e-37 -2.04723e-41 -1.87056e-37 -2.46294e-41  5.59575e-38  -1.6929e-40  4.26122e-38   -9.436e-41 -4.49643e-38  5.81622e-41  6.32215e-38 -3.48566e-41 -6.34146e-39  3.09929e-41  2.81371e-39 -2.01574e-41  3.41634e-39 -3.83549e-42 -1.50721e-39 -3.83554e-42  8.02463e-39  2.61474e-42 -2.65435e-38 -1.88465e-42  7.97486e-38  1.86441e-42 -2.18983e-37 -2.48852e-41  5.55951e-37  5.59255e-41 -1.30419e-36 -1.32818e-40   2.8173e-36  2.88488e-40 -5.57967e-36 -5.82977e-40  1.00773e-35  1.09712e-39 -1.64915e-35 -1.92022e-39  2.42643e-35  3.11671e-39 -3.17896e-35 -4.67707e-39  3.66352e-35  6.46611e-39 -3.65449e-35 -8.20179e-39  3.08593e-35  9.49872e-39 -2.13295e-35 -9.98696e-39  1.13837e-35  9.46811e-39 -4.10748e-36 -8.02799e-39  5.28567e-37  6.02757e-39  3.72631e-37 -3.95834e-39 -2.30089e-37  2.23841e-39  3.29437e-38 -1.06808e-39  1.58973e-38  4.18417e-40 -7.69171e-39 -1.29432e-40  1.17722e-39  2.97813e-41 -7.75033e-41 -4.59243e-42  1.08987e-41   3.7538e-43 -9.41646e-43
 5.11075e-36 -3.39204e-51 -6.25207e-36 -5.15146e-50  3.94493e-36  9.90568e-50  9.12369e-36  3.13331e-49 -6.67989e-35 -1.59364e-49 -5.67537e-35  2.36345e-47  3.03113e-34  1.01968e-46 -6.37624e-35  2.47559e-46  -1.8665e-34  8.48358e-46  5.21845e-35  2.59985e-45   1.0126e-34 -1.19006e-44 -3.58158e-35 -2.57099e-44 -4.87414e-35 -3.86349e-44  3.10774e-35  3.27532e-44 -1.02139e-35 -2.79999e-45 -2.68827e-35   5.1853e-43  1.85807e-35 -1.23367e-41 -2.11349e-37  -6.1822e-42  1.73819e-35  1.54783e-41 -1.05482e-35  1.39997e-41   5.2595e-36  4.48679e-41 -7.59174e-36 -2.26486e-41 -5.37892e-36  3.12001e-41  4.66228e-36 -1.97694e-40 -7.07752e-38  1.78507e-40 -8.56628e-37  1.09927e-40  8.65205e-37 -1.78277e-42 -2.62888e-37 -2.98773e-41   8.9258e-38 -2.61252e-40  7.40644e-38 -1.31042e-40 -6.62523e-38  1.49378e-40   7.8315e-38  -5.4807e-41 -5.92901e-39  6.10461e-41  2.21466e-39 -2.29269e-41  1.17534e-38  6.15587e-42 -2.76651e-38   -5.026e-42  9.33682e-38  1.18538e-41 -2.85313e-37 -1.47288e-41  8.11962e-37  4.18134e-41 -2.14045e-36 -1.32425e-40  5.22221e-36  3.09623e-40  -1.1755e-35 -6.93249e-40  2.43122e-35  1.44395e-39 -4.59756e-35 -2.80366e-39  7.90267e-35  5.06897e-39 -1.22597e-34  -8.5147e-39  1.70157e-34  1.32502e-38 -2.08997e-34 -1.90396e-38  2.23977e-34   2.5167e-38 -2.05462e-34 -3.04658e-38  1.56926e-34  3.35997e-38 -9.54118e-35 -3.35519e-38  4.22465e-35  3.01124e-38 -1.03285e-35 -2.40731e-38 -1.36466e-36  1.69549e-38  2.24269e-36 -1.03763e-38 -7.14645e-37  5.42122e-39 -1.67818e-38 -2.36206e-39  7.04721e-38  8.30948e-40 -1.65435e-38 -2.25054e-40  1.00859e-39  4.34429e-41  -3.1765e-41 -5.14977e-42  1.74135e-41  2.41122e-43
 1.22222e-51  6.84431e-36 -2.08708e-50 -8.05049e-36 -6.24945e-50  1.35322e-35   6.9469e-49  1.41163e-35  1.97581e-48 -9.99222e-35  4.69544e-48 -5.69159e-35  1.01968e-46  3.44303e-34  4.09148e-46 -8.02086e-35  1.20638e-45 -1.86315e-34  2.98608e-45  4.88566e-35  6.87988e-45  9.03219e-35 -4.70185e-44 -2.65775e-35 -7.86805e-44 -4.53894e-35 -8.92203e-44  3.64413e-35  3.61164e-43 -2.01987e-35 -1.55929e-43 -3.66106e-35  2.36719e-42  1.93596e-35 -3.08768e-41  5.87079e-36 -1.24765e-41  2.07856e-35   4.4376e-41 -1.59997e-35   4.0022e-41  8.96549e-36   1.2144e-40 -1.05073e-35 -6.11966e-41 -8.32674e-36   1.1798e-40  6.41046e-36 -4.03035e-40  7.71194e-38  4.24255e-40 -1.23978e-36  1.97057e-40  1.26473e-36  8.99527e-41 -3.48687e-37  -1.8189e-41  1.44253e-37 -3.50406e-40  1.10434e-37 -1.59701e-40 -8.78856e-38  3.36825e-40  9.13216e-38 -8.30663e-41 -6.18585e-40  1.11038e-40 -1.87124e-38 -2.13969e-41    9.459e-38  2.95998e-41 -3.04053e-37 -1.36989e-41  9.63001e-37  4.98269e-41 -2.83216e-36  -9.5658e-41  7.74735e-36  2.62073e-40 -1.96438e-35 -6.71975e-40  4.60324e-35  1.53455e-39 -9.93172e-35 -3.29192e-39  1.96398e-34  6.59108e-39 -3.54038e-34 -1.23032e-38  5.78016e-34  2.13699e-38  -8.4794e-34  -3.4451e-38  1.10676e-33  5.13931e-38 -1.26929e-33 -7.06965e-38    1.258e-33  8.93138e-38 -1.05274e-33 -1.03134e-37  7.17809e-34  1.08243e-37 -3.74163e-34 -1.02568e-37  1.27692e-34    8.704e-38 -1.05286e-35    -6.55e-38 -1.57903e-35  4.31771e-38  8.66798e-36 -2.45475e-38 -1.30952e-36  1.17954e-38 -4.41641e-37 -4.66121e-39  2.02311e-37  1.45713e-39 -2.00416e-38  -3.3948e-40 -9.09677e-40  5.31255e-41 -4.83757e-41 -4.41898e-42  2.00216e-41
-3.22418e-36 -3.52788e-51  4.88407e-36 -4.79491e-50 -1.23579e-35 -4.29432e-51  2.60352e-35  3.57771e-48  2.34203e-35   1.0558e-47 -1.36145e-34  4.17342e-47 -6.37624e-35  4.09148e-46  3.88693e-34  1.53928e-45 -1.08842e-34  5.14043e-45 -1.65267e-34   9.4358e-45  4.34013e-35  1.51401e-44  6.99346e-35 -1.68867e-43 -1.69661e-35  -2.2162e-43 -3.91265e-35 -2.48005e-43  4.49036e-35   1.8123e-42  -3.1179e-35 -8.97593e-43  -4.8428e-35   8.8248e-42  1.36381e-35 -7.25092e-41  1.67357e-35 -2.14756e-41  2.32394e-35  1.18417e-40 -2.22227e-35  9.94626e-41  1.33386e-35  3.03488e-40 -1.36854e-35 -1.65303e-40 -1.16498e-35  3.31613e-40   8.0489e-36 -7.92058e-40  3.10107e-37  9.29221e-40 -1.61008e-36  3.26682e-40  1.70671e-36  3.60757e-40 -4.41572e-37   3.6412e-41  2.27038e-37 -3.80842e-40  1.46449e-37 -1.66134e-40 -1.02872e-37  6.86287e-40  8.73547e-38  -1.2415e-40  6.35424e-38  1.88379e-40 -2.59866e-37 -1.69602e-41  9.42523e-37  8.39408e-41 -3.06008e-36 -6.72342e-41  9.32668e-36  2.21634e-40 -2.64474e-35 -5.14894e-40  6.96407e-35  1.32223e-39 -1.69749e-34 -3.14586e-39  3.81673e-34  6.93378e-39 -7.88313e-34  -1.4302e-38  1.48821e-33  2.75403e-38 -2.55269e-33 -4.94169e-38  3.94968e-33  8.24388e-38 -5.46386e-33 -1.27511e-37  6.68275e-33  1.82282e-37 -7.12223e-33 -2.39945e-37  6.48461e-33  2.89582e-37 -4.89952e-33 -3.18791e-37  2.92802e-33  3.18185e-37 -1.25338e-33 -2.85842e-37   2.7258e-34  2.29083e-37   6.7307e-35 -1.62005e-37 -7.73237e-35  9.97143e-38  2.32347e-35 -5.24817e-38  4.02673e-37   2.3073e-38 -1.95426e-36 -8.20326e-39  3.69007e-37  2.24896e-39   6.5229e-39 -4.40138e-40 -3.76663e-39  5.29887e-41 -2.41875e-40 -2.52501e-42
 3.67786e-51  -4.3161e-36 -5.02886e-50 -2.06107e-37 -1.24877e-49 -1.94164e-35   2.4325e-49  4.10197e-35  1.63735e-47  3.48072e-35  5.04839e-47 -1.67848e-34  2.47559e-46 -8.02086e-35  1.53928e-45  4.37186e-34  5.46087e-45  -1.5124e-34   1.9698e-44 -1.27961e-34  2.63122e-44  3.91287e-35  2.30707e-44  4.30314e-35 -5.61057e-43 -8.88161e-36 -5.81168e-43 -2.78011e-35 -8.85285e-43   5.4614e-35  7.00759e-42 -4.14834e-35 -3.87724e-42 -6.13619e-35  2.87267e-41 -7.96674e-37  -1.6035e-40  3.23943e-35 -2.91376e-41  2.43237e-35  2.94452e-40  -2.8681e-35  2.16714e-40  1.80535e-35  7.02249e-40 -1.68585e-35 -4.33083e-40 -1.50909e-35  7.87295e-40  9.42243e-36 -1.51506e-39  6.09131e-37  1.88199e-39 -1.92759e-36  4.92165e-40  2.17018e-36   1.0046e-39 -5.40499e-37  1.73851e-40  3.43138e-37 -2.53582e-40  1.66729e-37 -1.41839e-40 -7.05139e-38   1.2849e-39 -8.10919e-38 -1.86853e-40  7.45363e-37  3.04093e-40 -2.71653e-36 -2.92327e-41  9.21772e-36  2.36262e-40 -2.90521e-35 -3.41755e-40  8.53965e-35  9.95775e-40  -2.3335e-34  -2.4395e-39  5.91171e-34  5.95001e-39 -1.38395e-33 -1.35173e-38  2.98227e-33  2.86885e-38  -5.8884e-33 -5.69214e-38  1.05948e-32  1.05387e-37 -1.72569e-32 -1.81687e-37  2.52414e-32  2.90953e-37 -3.28237e-32 -4.31553e-37  3.74634e-32  5.90889e-37 -3.68937e-32 -7.43941e-37  3.06005e-32  8.57296e-37 -2.05877e-32 -8.99301e-37  1.04849e-32  8.53114e-37  -3.3816e-33 -7.26066e-37  1.21032e-34  5.48979e-37  5.22043e-34 -3.64279e-37 -2.59492e-34  2.08857e-37   3.5601e-35 -1.01386e-37  1.29826e-35  4.05401e-38 -5.13076e-36  -1.2842e-38  2.57887e-37  3.03558e-39  8.19816e-38 -4.82506e-40 -3.14428e-39  4.08087e-41 -3.88281e-40
 1.33551e-36  1.12573e-50 -2.77099e-36 -3.79822e-49  -6.9203e-36 -5.99771e-49 -2.84099e-35  2.02439e-49  5.82517e-35  6.78392e-47  4.49686e-35   2.1768e-46  -1.8665e-34  1.20638e-45 -1.08842e-34  5.46087e-45  4.93267e-34  1.83051e-44 -2.06942e-34  6.89087e-44 -8.46566e-35  6.18381e-44  3.99907e-35 -5.09962e-45  1.26342e-35  -1.7502e-42 -4.35324e-36 -1.44228e-42 -7.71779e-36 -3.51578e-42   6.2551e-35  2.31294e-41 -4.88835e-35 -1.45566e-41 -7.45982e-35  8.39895e-41 -2.46637e-35   -3.354e-40  5.19122e-35 -2.26872e-41  2.37826e-35  6.82128e-40 -3.48037e-35  4.09208e-40  2.26932e-35  1.50631e-39 -1.96502e-35 -1.07989e-39 -1.84019e-35  1.64925e-39   1.0451e-35 -2.84182e-39  9.28832e-37   3.5331e-39 -2.15589e-36   6.5001e-40  2.63105e-36  2.33595e-39 -6.50254e-37  4.40589e-40  5.12949e-37  1.74052e-40   7.2327e-38 -1.01955e-40  3.90908e-37  2.23662e-39 -1.89824e-36  -2.8957e-40  7.52038e-36  4.90542e-40 -2.62905e-35 -1.55811e-40  8.58631e-35  7.66754e-40 -2.61413e-34 -1.58621e-39  7.40881e-34  4.28081e-39 -1.94937e-33 -1.04334e-38  4.74734e-33  2.43595e-38 -1.06624e-32 -5.31549e-38  2.19921e-32   1.0851e-37 -4.14473e-32 -2.06956e-37  7.09439e-32  3.68096e-37 -1.09481e-31 -6.09196e-37  1.50954e-31  9.35745e-37 -1.83851e-31 -1.33005e-36  1.94862e-31  1.74332e-36  -1.7609e-31 -2.09843e-36  1.31615e-31  2.30834e-36 -7.73035e-32 -2.30695e-36  3.19672e-32  2.07974e-36  -6.0808e-33 -1.67648e-36 -2.36829e-33  1.19527e-36  2.19632e-33 -7.43373e-37 -6.06262e-34  3.96167e-37 -2.58257e-35 -1.76685e-37  5.23118e-35   6.3821e-38 -7.88407e-36 -1.77966e-38 -7.34767e-37  3.54521e-39  1.57807e-37 -4.34608e-40  3.57077e-39  2.10908e-41
 1.10341e-51  2.68803e-36  1.10634e-50  1.90654e-36 -2.34491e-48 -1.40497e-35 -3.65657e-48 -3.75767e-35 -7.78957e-48  7.63066e-35   2.5444e-46   5.1135e-35  8.48358e-46 -1.86315e-34  5.14043e-45  -1.5124e-34  1.83051e-44  5.62554e-34  5.78599e-44 -2.72521e-34  2.21903e-43 -4.93572e-35   1.0488e-43  5.00025e-35  -2.2811e-43 -1.97076e-35 -5.19257e-42 -4.68023e-36 -3.46571e-42   2.5326e-35 -1.35279e-41  6.51624e-35  6.77428e-41 -5.08164e-35 -4.94831e-41 -8.77979e-35  2.23773e-40 -5.68023e-35  -6.6735e-40  7.34926e-35  2.33534e-41  2.16333e-35     1.47e-39 -4.01903e-35  6.39777e-40  2.68003e-35  2.99345e-39 -2.15828e-35 -2.53954e-39 -2.14076e-35  3.10603e-39  1.11431e-35 -5.24728e-39      1.2e-36  6.15548e-39 -2.26517e-36  6.84846e-40  3.06808e-36  4.81134e-39 -8.18906e-37  8.65871e-40  9.45452e-37  1.07149e-39 -1.06889e-36 -1.13046e-40  5.03663e-36  3.65751e-39 -1.96628e-35 -4.82453e-40  7.14152e-35  8.79989e-40 -2.41162e-34 -8.01573e-40  7.60376e-34  2.78201e-39 -2.23375e-33 -6.66898e-39  6.10002e-33  1.70682e-38 -1.54415e-32 -4.04632e-38  3.61131e-32  9.06277e-38 -7.77241e-32  -1.8994e-37  1.53229e-31  3.72345e-37 -2.75178e-31 -6.81587e-37  4.47161e-31  1.16285e-36  -6.5213e-31 -1.84497e-36  8.44856e-31  2.71519e-36 -9.59628e-31 -3.69529e-36  9.38966e-31  4.63428e-36 -7.71822e-31 -5.33269e-36  5.12252e-31  5.60138e-36   -2.547e-31 -5.33677e-36  7.72614e-32  4.57611e-36  1.22589e-33 -3.49705e-36 -1.44208e-32  2.35249e-36  6.52615e-33 -1.37118e-36 -7.39197e-34  6.78254e-37 -3.66901e-34  -2.7686e-37   1.2227e-34  8.96358e-38 -1.73454e-36 -2.16667e-38 -2.74793e-36  3.52121e-39  1.09603e-37 -3.04267e-40  8.37291e-39
  -3.791e-37  1.07445e-50  3.58343e-36 -1.61125e-49  9.13453e-36  -1.2327e-47 -2.13127e-35  -2.1132e-47 -4.47606e-35  -7.9336e-47  9.20432e-35  8.60397e-46  5.21845e-35  2.98608e-45 -1.65267e-34   1.9698e-44 -2.06942e-34  5.78599e-44  6.51239e-34  1.71402e-43 -3.41488e-34  6.60408e-43 -3.63107e-35   1.4068e-44  7.23522e-35 -1.21418e-42 -5.48831e-35 -1.48078e-41  -9.3417e-36  -8.2903e-42  7.44975e-35 -4.78819e-41  5.91367e-35  1.79392e-40 -4.48872e-35 -1.54681e-40 -1.01111e-34  5.47743e-40 -9.44026e-35 -1.27301e-39  9.47736e-35  1.39901e-40  1.82159e-35  2.93739e-39  -4.4764e-35  7.01666e-40  2.99186e-35  5.49647e-39  -2.2119e-35  -5.6147e-39   -2.404e-35  5.29778e-39  1.15756e-35 -9.53585e-39  1.34209e-36  9.95071e-39 -2.25033e-36  3.63022e-40  3.54542e-36  9.02628e-39  -1.5294e-36  1.41536e-39  3.78616e-36  2.59804e-39 -1.23083e-35 -3.31384e-40   4.9475e-35  5.69066e-39 -1.84669e-34 -9.38437e-40   6.4524e-34  1.99238e-39 -2.10543e-33  -3.4591e-39  6.40801e-33   1.0195e-38 -1.81508e-32 -2.52636e-38  4.77239e-32  6.17394e-38 -1.16119e-31 -1.40914e-37  2.60512e-31  3.02266e-37 -5.36589e-31 -6.06751e-37  1.00955e-30  1.13865e-36 -1.72436e-30  -1.9945e-36  2.65404e-30  3.25508e-36 -3.64725e-30 -4.93946e-36  4.42319e-30  6.95244e-36 -4.66192e-30 -9.05069e-36  4.18079e-30   1.0859e-35 -3.09045e-30 -1.19556e-35  1.78288e-30  1.20133e-35 -7.10548e-31 -1.09413e-35  1.14317e-31  8.95334e-36  6.76919e-32 -6.50962e-36 -5.34798e-32  4.14524e-36  1.33334e-32 -2.26931e-36  1.14357e-33  1.04208e-36 -1.28203e-33 -3.88077e-37   1.5569e-34  1.11597e-37   2.5312e-35 -2.29083e-38 -4.14366e-36  2.88898e-39 -8.54977e-38 -1.43862e-40
-1.76318e-50  -1.1325e-36  1.39706e-49  3.59061e-36 -1.85669e-48  1.73877e-35 -5.61505e-47 -2.89004e-35  -1.0926e-46 -4.83189e-35 -5.15799e-46   1.0145e-34  2.59985e-45  4.88566e-35   9.4358e-45 -1.27961e-34  6.89087e-44 -2.72521e-34  1.71402e-43  7.64237e-34   4.7066e-43 -4.05487e-34  1.81704e-42 -5.59928e-35 -9.13601e-43  1.08402e-34 -4.75744e-42 -9.62621e-35 -4.08946e-41 -1.52801e-35 -2.02259e-41  1.40548e-34 -1.54589e-40  4.20974e-35  4.33792e-40 -2.95775e-35 -4.48076e-40 -1.14869e-34  1.23742e-39  -1.3379e-34 -2.35267e-39  1.13278e-34  3.19836e-40  1.41105e-35  5.40957e-39 -4.87662e-35 -9.30201e-42  3.16072e-35  9.26873e-39 -2.07348e-35 -1.16685e-38   -2.633e-35  8.18038e-39  1.18446e-35 -1.69973e-38  1.31283e-36  1.48947e-38 -2.30895e-36 -7.17349e-40  5.06364e-36  1.56772e-38 -7.58543e-36  1.92161e-39  2.98498e-35  4.85677e-39 -1.18319e-34 -1.06049e-39  4.56247e-34  8.59916e-39 -1.64679e-33 -2.25984e-39   5.5596e-33  5.59641e-39 -1.75215e-32 -1.28585e-38  5.14486e-32  3.47026e-38  -1.4041e-31 -8.44191e-38  3.55148e-31  1.96471e-37 -8.29758e-31  -4.2787e-37  1.78362e-30  8.73441e-37 -3.51093e-30 -1.66757e-36  6.29312e-30  2.97471e-36  -1.0202e-29 -4.95212e-36  1.48342e-29   7.6836e-36 -1.91457e-29 -1.10952e-35  2.16403e-29  1.48848e-35 -2.10359e-29 -1.85102e-35  1.71327e-29  2.12726e-35 -1.12117e-29  -2.2498e-35  5.43485e-30    2.177e-35 -1.53784e-30 -1.91218e-35 -1.18512e-31  1.50869e-35  3.44145e-31 -1.05473e-35 -1.42133e-31  6.42001e-36  1.19704e-32 -3.32617e-36  9.27947e-33  1.42357e-36 -2.63241e-33 -4.82907e-37 -3.96471e-35  1.22036e-37  6.89218e-35  -2.0664e-38 -2.19918e-36  1.85217e-39 -1.91725e-37
  4.8361e-39  -1.8506e-49 -2.37903e-36   1.2395e-48  3.04213e-36 -1.32874e-47  2.47876e-35  -2.2429e-46 -3.65747e-35 -5.02972e-46 -4.76812e-35 -2.67594e-45   1.0126e-34  6.87988e-45  4.34013e-35  2.63122e-44 -8.46566e-35  2.21903e-43 -3.41488e-34   4.7066e-43  9.03918e-34  1.17575e-42  -4.5646e-34  4.60535e-42 -1.11882e-34 -5.37888e-42   1.5711e-34 -1.60237e-41 -1.48798e-34 -1.09784e-40 -1.71168e-35 -5.07591e-41  2.21123e-34 -4.57389e-40  1.31183e-35  9.62539e-40 -4.94336e-36 -1.20906e-39 -1.29116e-34  2.58544e-39 -1.71478e-34 -4.26831e-39  1.26931e-34  3.92181e-40  9.88483e-36  9.07858e-39 -5.25479e-35 -2.88128e-39   3.1416e-35  1.41814e-38 -1.70093e-35 -2.28188e-38 -2.83548e-35  1.13329e-38  1.19509e-35 -2.95659e-38  1.47608e-36  2.05416e-38 -4.59868e-36 -3.16476e-39  1.78444e-35  2.54878e-38 -6.48603e-35  2.00006e-39  2.71674e-34  7.86986e-39 -1.07667e-33 -2.85683e-39  4.01632e-33  1.30411e-38 -1.40211e-32 -6.19921e-39  4.57374e-32  1.64003e-38 -1.39144e-31  -4.0356e-38  3.93911e-31  1.01364e-37 -1.03497e-30 -2.34492e-37  2.51599e-30  5.11861e-37 -5.63829e-30 -1.04329e-36  1.15974e-29  1.98611e-36 -2.17822e-29 -3.52722e-36  3.71258e-29  5.84252e-36 -5.69898e-29 -9.02833e-36  7.80539e-29  1.30267e-35 -9.42514e-29 -1.75757e-35  9.87745e-29   2.2211e-35 -8.78915e-29 -2.63197e-35   6.4231e-29   2.9225e-35 -3.63628e-29 -3.02917e-35  1.39181e-29  2.90741e-35 -1.78357e-30 -2.55208e-35 -1.64785e-30  2.01513e-35  1.14097e-30 -1.40276e-35 -2.53225e-31  8.40598e-36 -3.63578e-32 -4.21348e-36  2.80041e-32  1.70309e-36 -2.70532e-33 -5.27591e-37  -6.5516e-34  1.15684e-37  8.68965e-35 -1.54441e-38  2.46137e-36  8.06652e-40
-1.25428e-49 -8.49011e-38 -1.36171e-48 -4.21302e-36  7.94782e-48  2.74765e-36 -7.42235e-47  2.98161e-35 -7.91055e-46 -4.33343e-35 -2.07019e-45 -4.32233e-35 -1.19006e-44  9.03219e-35  1.51401e-44  3.91287e-35  6.18381e-44 -4.93572e-35  6.60408e-43 -4.05487e-34  1.17575e-42  1.06978e-33  2.57824e-42 -4.88928e-34  1.06538e-41 -1.99177e-34 -2.23483e-41  2.15362e-34 -4.87715e-41 -2.17427e-34 -2.86533e-40 -8.49125e-36 -1.29515e-40   3.1094e-34 -1.24927e-39 -2.69425e-35  1.96202e-39  2.69755e-35 -3.05183e-39 -1.43189e-34   4.9955e-39 -2.05109e-34 -7.70983e-39  1.34559e-34 -2.53401e-40  5.72341e-36  1.35748e-38 -5.62105e-35 -1.06544e-38  2.88495e-35  1.91952e-38 -1.07261e-35 -4.20556e-38 -3.00581e-35  1.37534e-38  1.10956e-35 -4.99289e-38  6.08162e-36  2.58403e-38 -3.01251e-35 -7.80035e-39  1.38667e-34    3.911e-38  -5.9265e-34  9.73017e-40  2.43267e-33  1.16084e-38 -9.37073e-33 -6.65384e-39    3.382e-32  2.03171e-38 -1.14139e-31 -1.57165e-38  3.59589e-31  4.03101e-38 -1.05535e-30 -9.42228e-38  2.87836e-30  2.11978e-37 -7.27459e-30 -4.35231e-37  1.69791e-29  8.21828e-37 -3.64523e-29 -1.40624e-36  7.16428e-29  2.15329e-36 -1.28169e-28 -2.88688e-36  2.07284e-28  3.25711e-36 -3.00498e-28 -2.81705e-36  3.86356e-28   1.2707e-36 -4.34527e-28  1.16557e-36  4.19572e-28 -3.52368e-36 -3.38493e-28  4.29402e-36  2.18279e-28 -2.21491e-36 -1.02969e-28 -2.72424e-36  2.68633e-29  8.85192e-36   4.1085e-30 -1.35465e-35 -7.22638e-30  1.48171e-35   2.7262e-30 -1.25483e-35  -1.4064e-31  8.37746e-36 -2.06403e-31 -4.37407e-36  5.03206e-32  1.73729e-36  2.20782e-33 -4.97937e-37  -1.4597e-33  9.32342e-38  3.10026e-35 -9.05117e-39  4.17159e-36
 2.70458e-37 -1.50209e-48 -1.83042e-37 -7.84256e-48 -6.56982e-36  4.01046e-47  3.28707e-36 -3.42315e-46  3.18598e-35 -2.47106e-45 -4.79391e-35 -7.66561e-45 -3.58158e-35 -4.70185e-44  6.99346e-35  2.30707e-44  3.99907e-35   1.0488e-43 -3.63107e-35  1.81704e-42  -4.5646e-34  2.57824e-42  1.25878e-33  4.54298e-42 -5.01505e-34  2.20586e-41 -3.05969e-34  -7.8591e-41  2.79247e-34 -1.37109e-40 -3.05179e-34 -7.25232e-40  1.57973e-35 -3.28217e-40  4.02629e-34 -3.17165e-39 -7.52962e-35  3.66392e-39  6.22508e-35 -7.23347e-39 -1.55571e-34  8.90276e-39 -2.33976e-34 -1.40248e-38  1.36274e-34 -3.16477e-39  1.06891e-36  1.71588e-38 -5.92504e-35 -2.81389e-38  2.33875e-35  2.16032e-38 -2.14822e-36 -7.31597e-38 -2.99662e-35   1.3732e-38  1.10564e-36 -8.15142e-38  5.62927e-35  2.90485e-38 -2.74766e-34 -1.56077e-38  1.24287e-33  5.70084e-38 -5.26202e-33 -2.11115e-39  2.09443e-32  1.58683e-38 -7.81176e-32 -1.29414e-38   2.7266e-31  2.90315e-38 -8.89145e-31 -2.23837e-38  2.70384e-30  4.22328e-38 -7.65019e-30 -5.17374e-38   2.0086e-29 -8.75263e-39 -4.87846e-29  3.41915e-37  1.09203e-28 -1.42943e-36 -2.24306e-28  4.27439e-36  4.20566e-28 -1.06207e-35 -7.15281e-28  2.29795e-35  1.09505e-27 -4.41211e-35  -1.4947e-27   7.5766e-35  1.79699e-27 -1.16616e-34 -1.87234e-27   1.6063e-34  1.65277e-27  -1.9711e-34 -1.19362e-27  2.13839e-34  6.62407e-28 -2.02744e-34 -2.42436e-28  1.65077e-34  2.20272e-29 -1.12195e-34  3.49838e-29  6.03523e-35 -2.16106e-29 -2.24619e-35  4.19762e-30  2.53906e-36   9.1926e-31  3.60966e-36 -5.43117e-31 -3.16759e-36  3.97302e-32  1.43045e-36  1.43637e-32 -3.96035e-37 -1.55575e-33  6.19508e-38 -6.33483e-35 -3.62047e-39
 6.68123e-50  8.01518e-37 -1.25862e-47 -2.03151e-37 -3.76148e-47 -9.07703e-36  1.67207e-46  4.51689e-36 -1.32368e-45  3.14103e-35 -6.84866e-45 -4.97017e-35 -2.57099e-44 -2.65775e-35 -1.68867e-43  4.30314e-35 -5.09962e-45  5.00025e-35   1.4068e-44 -5.59928e-35  4.60535e-42 -4.88928e-34  4.54298e-42  1.46594e-33   4.3349e-42 -4.97165e-34  3.90777e-41 -4.16441e-34 -2.47307e-40  3.45688e-34 -3.59918e-40 -4.11482e-34 -1.77329e-39  5.75897e-35 -8.07156e-40   4.8791e-34 -7.52855e-39 -1.27343e-34  6.21661e-39  9.57038e-35 -1.61561e-38  -1.6406e-34  1.45446e-38    -2.59e-34 -2.58104e-38  1.33634e-34 -1.15876e-38 -5.54265e-36  1.54411e-38 -6.04347e-35 -6.29724e-38  1.49156e-35  1.61471e-38   5.7852e-36 -1.20293e-37 -1.32024e-35   8.9205e-39 -9.55392e-35  -1.2829e-37  5.32369e-34  2.78362e-38 -2.49217e-33 -2.75788e-38  1.09214e-32  7.92057e-38 -4.48871e-32 -7.77348e-39  1.72985e-31  1.78783e-38 -6.24221e-31 -1.24996e-38  2.10614e-30  3.54548e-39 -6.63282e-30  9.37689e-38  1.94569e-29 -3.48229e-37 -5.30333e-29   1.1421e-36  1.33926e-28 -3.33532e-36 -3.12273e-28  8.84131e-36  6.69577e-28 -2.13953e-35 -1.31393e-27    4.744e-35  2.34611e-27  -9.6484e-35 -3.78518e-27  1.79918e-34  5.47075e-27 -3.07118e-34 -7.00669e-27  4.78618e-34  7.84054e-27 -6.78442e-34 -7.51911e-27  8.70494e-34  6.00713e-27 -1.00475e-33 -3.81465e-27  1.03509e-33  1.74745e-27 -9.42236e-34 -4.13721e-28  7.47997e-34 -1.03779e-28 -5.08701e-34  1.35098e-28  2.88881e-34 -4.65222e-29 -1.31522e-34  7.07604e-31  4.44378e-35  4.05558e-30 -8.98712e-36 -8.51759e-31 -2.02687e-37 -6.49716e-32  8.14255e-37  2.71345e-32 -2.54861e-37 -2.61565e-34  3.20933e-38  -8.1907e-35
