 8.35753e-29  2.27047e-38 -5.67676e-27  3.09236e-36   1.5111e-25  9.47998e-36 -2.43679e-24  1.11387e-35  2.74845e-23  2.71556e-36 -2.33056e-22  3.40453e-35  1.55062e-21 -4.90875e-35 -8.32083e-21  5.34891e-34  3.66797e-20 -3.42418e-33 -1.34466e-19  1.86395e-32  4.13137e-19 -8.80746e-32 -1.06808e-18  3.68081e-31  2.32463e-18 -1.38402e-30 -4.24502e-18  4.75252e-30  6.45067e-18 -1.50622e-29 -8.03102e-18  4.42644e-29  7.95937e-18 -1.20475e-28  -5.9209e-18  3.02068e-28  2.82097e-18  -6.9283e-28 -2.50161e-19  1.44362e-27 -7.78356e-19 -2.71649e-27   5.3985e-19  4.59394e-27 -2.11424e-20 -6.95441e-27 -1.53051e-19  9.39176e-27  5.47502e-20 -1.12803e-26  2.84566e-20  1.20189e-26 -1.93945e-20 -1.13428e-26 -4.75061e-21  9.49347e-27  4.89823e-21 -7.09828e-27   9.7716e-22  4.83258e-27 -1.01495e-21 -3.10447e-27 -2.61162e-22  1.96754e-27  1.65986e-22 -1.25867e-27  6.79186e-23  7.93109e-28 -1.70093e-23 -4.66026e-28 -1.36464e-23    2.422e-28 -2.69014e-25 -1.06709e-28  1.78259e-24  3.79992e-29  4.47887e-25 -9.83751e-30 -9.61897e-26  1.07862e-30 -7.17917e-26  5.42071e-31 -9.31157e-27 -3.72956e-31  3.88402e-27  1.02582e-31  1.77738e-27 -1.10076e-33  1.91612e-28 -1.02387e-32 -6.45121e-29  3.73902e-33  -2.7761e-29 -3.73694e-34 -3.74799e-30 -1.46706e-34  3.19043e-31  5.51557e-35  2.21154e-31 -2.75235e-36  3.93602e-32 -2.82649e-36  2.14036e-33  9.08956e-37 -5.10822e-34 -9.68097e-38 -1.37977e-34 -1.35449e-38 -1.54986e-35  4.50955e-39 -6.49397e-37  1.15731e-40  6.34701e-38  -1.5271e-40  1.24334e-38  6.38955e-42  9.44027e-40  2.94743e-42  3.57237e-41 -2.59412e-43  4.27886e-43 -9.06389e-45 -3.48367e-44  3.45834e-46 -7.52866e-46  2.19475e-47
 2.27047e-38  8.13003e-27  3.01102e-36  -3.1416e-25  5.09541e-36  6.37751e-24  1.83814e-35 -8.54982e-23  5.51534e-36  8.35725e-22 -2.54051e-35  -6.2918e-21  1.73293e-34  3.77477e-20 -1.09475e-33 -1.84571e-19  8.15718e-33  7.46721e-19 -4.89892e-32 -2.52455e-18  2.48538e-31  7.17462e-18 -1.08476e-30   -1.718e-17   4.1534e-30  3.46199e-17 -1.42488e-29 -5.83952e-17  4.47533e-29  8.15403e-17   -1.311e-28 -9.23611e-17  3.62071e-28  8.16507e-17 -9.42957e-28 -5.16756e-17  2.29597e-27  1.73512e-17 -5.16135e-27  4.55592e-18  1.05828e-26   -8.778e-18 -1.95991e-26  3.33721e-18  3.25484e-26  1.19959e-18 -4.82093e-26 -1.42374e-18  6.34064e-26  7.08272e-20 -7.37583e-26  3.68643e-19  7.56002e-26 -7.51996e-20 -6.80545e-26 -8.28797e-20  5.37377e-26  2.13021e-20 -3.73952e-26  1.82629e-20  2.33682e-26 -3.67719e-21 -1.37087e-26 -3.88136e-21  8.07352e-27  2.46106e-22   -4.977e-27  7.09446e-22  3.10248e-27  7.83911e-23 -1.80784e-27 -9.29836e-23  9.22583e-28 -3.04722e-23 -3.95309e-28  5.35904e-24  1.36286e-28  4.97157e-24 -3.40132e-29  6.36468e-25   3.2846e-30  -3.4617e-25  2.13045e-30 -1.50234e-25 -1.38044e-30 -1.04123e-26  3.65927e-31  8.77449e-27  2.30943e-33  3.04576e-27 -3.85202e-32   2.5661e-28  1.34568e-32 -1.00844e-28 -1.39569e-33 -3.76441e-29 -4.22707e-34 -4.86926e-30  1.59714e-34  2.40825e-31 -7.85921e-36  2.05308e-31  -8.3011e-36   3.6503e-32  3.00665e-36  2.59896e-33 -4.49027e-37 -1.90645e-34  -1.4345e-38 -6.91549e-35  1.40583e-38  -8.0638e-36 -4.33923e-40 -4.53062e-37 -3.66568e-40  6.36429e-41  2.81132e-41  2.00666e-39  5.91253e-42  1.50117e-40 -6.32707e-43  5.17985e-42 -1.07871e-44  5.36764e-44  4.85352e-46  1.76812e-46
-5.67676e-27  3.01102e-36  3.89765e-25  1.88222e-35  -1.0492e-23  -8.6501e-37  1.71186e-22  2.13231e-35 -1.95458e-21 -8.44683e-36  1.67879e-20 -1.72615e-34 -1.13211e-19  1.38348e-33  6.16173e-19  -1.1773e-32 -2.75709e-18  8.43468e-32  1.02686e-17 -4.89286e-31  -3.2085e-17  2.35242e-30  8.44581e-17 -9.56686e-30 -1.87431e-16  3.35996e-29  3.49626e-16 -1.04311e-28 -5.44018e-16  2.94307e-28  6.95934e-16 -7.78044e-28 -7.12699e-16  1.97663e-27   5.5398e-16 -4.86905e-27 -2.85141e-16  1.15051e-26  4.41996e-17 -2.55125e-26  6.61304e-17  5.19425e-26 -5.48598e-17 -9.55182e-26  6.81229e-18  1.56952e-25  1.38724e-17 -2.28827e-25 -6.60714e-18  2.94485e-25 -2.15562e-18 -3.32985e-25  2.17001e-18  3.29232e-25  2.61725e-19 -2.83202e-25 -5.42599e-19  2.11035e-25 -4.52054e-20 -1.36292e-25  1.16645e-19  7.74975e-26  1.59254e-20 -4.08883e-26 -2.10077e-20  2.21267e-26 -5.50075e-21 -1.32289e-26  2.73336e-21  8.27388e-27  1.35742e-21 -4.81524e-27 -1.36668e-22  2.41192e-27 -2.16458e-22 -1.00312e-27 -3.25089e-23  3.36206e-28  1.75824e-23 -8.25367e-29  7.95533e-24  7.76372e-30  3.22961e-25  5.42143e-30 -6.32223e-25 -3.48179e-30 -1.94726e-25  8.93502e-31 -5.26903e-27  2.64653e-32  1.14687e-26 -1.01807e-31  3.29728e-27   3.3937e-32  2.43667e-28 -3.75198e-33 -9.01228e-29  -7.4378e-34 -3.11398e-29  2.94177e-34 -4.01803e-30 -1.37229e-35  3.69872e-32 -1.66507e-35  1.05566e-31  7.02796e-36  1.91603e-32 -1.34649e-36  1.58799e-33  3.39718e-38  -1.8955e-37  2.97648e-38 -1.60467e-35  -2.5262e-39 -1.96164e-36 -5.46742e-40 -1.17324e-37  7.24366e-41 -2.85373e-39  6.94462e-42  6.96169e-41  -9.7193e-43  6.79773e-42 -5.87588e-45  1.12155e-43  3.07712e-46
 3.09236e-36  -3.1416e-25  1.88222e-35  1.22765e-23  6.15996e-35 -2.52146e-22 -2.20563e-35   3.4219e-21  2.32355e-35 -3.38791e-20 -4.23608e-35  2.58507e-19 -5.04772e-34 -1.57293e-18  8.10428e-33  7.80611e-18 -8.83356e-32 -3.20807e-17  6.73682e-31  1.10281e-16  -3.9147e-30 -3.19027e-16  1.82233e-29  7.78638e-16 -7.00934e-29 -1.60188e-15  2.27936e-28  2.76426e-15 -6.40647e-28  -3.9602e-15   1.6007e-27  4.62225e-15 -3.70118e-27 -4.24251e-15  8.32105e-27  2.83612e-15 -1.88665e-26 -1.08255e-15  4.30087e-26  -1.4178e-16 -9.49728e-26  4.63875e-16  1.94817e-25 -2.16274e-16 -3.60583e-25 -4.41306e-17  5.92524e-25  8.18694e-17 -8.57043e-25 -1.20692e-17  1.08538e-24 -1.97099e-17 -1.19789e-24  6.44939e-18  1.14591e-24  4.21682e-18 -9.43693e-25 -1.76433e-18  6.63844e-25 -9.32298e-19 -3.96642e-25  3.43331e-19  2.02996e-25  2.11818e-19 -9.42181e-26 -4.23769e-20  4.60712e-26 -4.33577e-20 -2.71203e-26 -1.69992e-23  1.74114e-26  6.72526e-21 -1.01895e-26  1.38624e-21  4.98698e-27 -5.92942e-22 -2.00342e-27 -3.11969e-22  6.57339e-28 -9.55346e-24 -1.63856e-28  3.02088e-23  1.73361e-29  8.82725e-24  1.02989e-29  -2.7944e-25 -6.89532e-30 -7.67666e-25  1.69354e-30 -1.84551e-25   1.1853e-31 -1.83211e-28 -2.21124e-31  1.02776e-26   6.9556e-32  2.59906e-27 -8.23565e-33  1.91453e-28 -8.05222e-34 -5.19423e-29  3.63542e-34 -1.76777e-29 -1.06986e-35 -2.31882e-30 -2.72302e-35 -5.87254e-32  1.34849e-35  3.20359e-32 -3.05326e-36  6.18648e-33  1.70525e-37  5.51419e-34  4.86705e-38  1.79757e-35 -6.66212e-39  -1.5274e-36 -5.21626e-40 -2.25092e-37  1.34215e-40 -1.26156e-38  4.61359e-42 -3.30085e-40 -1.06446e-42 -1.94827e-42 -5.81068e-46  1.79895e-44
  1.5111e-25  5.09541e-36  -1.0492e-23  6.15996e-35  2.85755e-22  1.36267e-34 -4.71962e-21 -6.92873e-35  5.45811e-20  2.03262e-34 -4.75116e-19 -1.80247e-33  3.24932e-18  8.86959e-33 -1.79483e-17  1.20771e-33  8.15716e-17 -4.36092e-31  -3.0886e-16  4.26847e-30  9.82135e-16 -2.62435e-29 -2.63426e-15   1.2145e-28  5.96549e-15 -4.50208e-28 -1.13763e-14  1.37796e-27  1.81411e-14  -3.5504e-27 -2.38658e-14  7.85601e-27  2.52741e-14 -1.54552e-26 -2.05326e-14   2.8929e-26  1.13762e-14 -5.66805e-26 -2.47473e-15  1.21993e-25 -2.13819e-15 -2.72866e-25  2.17849e-15  5.79854e-25 -4.54551e-16 -1.10589e-24  -4.7872e-16  1.84746e-24  3.02103e-16 -2.68006e-24  5.33523e-17  3.36388e-24 -9.28097e-17 -3.64089e-24 -5.10876e-19  3.38047e-24  2.28401e-17  -2.6704e-24 -7.15064e-19  1.77369e-24 -5.05014e-18 -9.76765e-25 -1.02249e-19  4.43463e-25  9.84948e-19 -1.74789e-25  1.35983e-19  7.50709e-26 -1.50917e-19 -4.51312e-26 -4.81554e-20  3.08626e-26  1.34786e-20 -1.82272e-26  9.65166e-21  8.61249e-27  4.52455e-22 -3.31097e-27 -1.05165e-21  1.07772e-27 -3.14762e-22 -2.85879e-28  2.48306e-23  3.82841e-29  3.55728e-23  1.51664e-29   7.4159e-24 -1.12577e-29 -6.97812e-25  2.53445e-30 -6.85813e-25  3.90646e-31 -1.37604e-25 -4.24229e-31  1.17665e-27  1.23529e-31  6.70416e-27 -1.53069e-32  1.56099e-27 -2.18691e-34  1.24533e-28  2.12424e-34 -1.91974e-29  2.44159e-35  -7.0265e-30 -4.10869e-35 -9.40514e-31   2.2706e-35 -4.67713e-32 -5.58786e-36  5.09385e-33  3.92735e-37  1.20073e-33  6.39444e-38  1.08787e-34 -1.21483e-38  4.80445e-36 -1.77618e-40  1.33442e-38  1.94449e-40 -9.77413e-39  1.39464e-43 -4.69488e-40  -8.5432e-43 -7.33949e-42  6.23372e-46
 9.47998e-36  6.37751e-24  -8.6501e-37 -2.52146e-22  1.36267e-34  5.24245e-21  2.31292e-34   -7.206e-20 -3.49333e-34  7.23039e-19   3.9705e-33 -5.59481e-18  -3.6393e-32  3.45473e-17  2.10891e-31 -1.74128e-16 -6.77837e-31   7.2742e-16 -4.38702e-31 -2.54437e-15  2.06554e-29  7.49794e-15 -1.49177e-28  -1.8667e-14  7.09414e-28  3.92387e-14 -2.58551e-27 -6.93318e-14  7.58994e-27  1.01998e-13  -1.8307e-26 -1.22776e-13  3.65724e-26  1.17071e-13 -6.10426e-26  -8.2614e-14  8.85864e-26  3.53409e-14 -1.29292e-25  7.67196e-16  2.41638e-25 -1.27747e-14 -5.72378e-25  7.23929e-15  1.35198e-24  5.51938e-16 -2.78931e-24 -2.43821e-15  4.87304e-24  6.14139e-16 -7.20426e-24  5.32376e-16  9.04518e-24 -2.59818e-16 -9.65428e-24 -1.04227e-16  8.72963e-24   6.9751e-17 -6.62704e-24  2.26486e-17  4.15576e-24 -1.45526e-17 -2.09906e-24 -5.58443e-18   8.2807e-25  2.24997e-18   -2.597e-25  1.30682e-18  9.21847e-26  -1.7509e-19 -6.24904e-26 -2.39148e-19  4.82403e-26 -2.26591e-20 -2.85839e-26  2.77739e-20  1.27159e-26  9.39318e-21 -4.60203e-27 -9.24924e-22  1.52772e-27 -1.24161e-21 -4.59496e-28 -2.34864e-22  8.10567e-29   4.7798e-23  1.66395e-29  3.16461e-23 -1.52168e-29  5.00391e-24   2.7548e-30 -7.16198e-25  1.06062e-30  -4.7233e-25 -7.50265e-31 -8.37045e-26  1.97414e-31  2.20648e-28 -2.41734e-32  3.23531e-27  1.11871e-33  7.19384e-28 -3.12173e-34  6.35101e-29  1.28704e-34 -3.90925e-30 -6.36153e-35  -1.9108e-30   3.4961e-35 -2.60797e-31  -8.5408e-36 -1.66183e-32  6.22543e-37  1.42275e-34  6.75781e-38  1.25697e-34 -1.70731e-38  1.13399e-35  4.37101e-40  4.96517e-37  2.30235e-40  8.99169e-39 -3.47053e-42 -5.19076e-41 -4.89905e-43 -2.41348e-42
-2.43679e-24  1.83814e-35  1.71186e-22 -2.20563e-35 -4.71962e-21  2.31292e-34  7.89517e-20  4.12428e-34 -9.25325e-19 -4.34652e-33  8.16814e-18  5.83263e-32 -5.66875e-17 -4.88544e-31  3.17992e-16  2.76044e-30 -1.46891e-15 -1.03461e-29  5.65838e-15  1.85458e-29 -1.83249e-14  6.17825e-29  5.01208e-14 -7.12563e-28 -1.15918e-13  3.65085e-27  2.26188e-13 -1.33478e-26 -3.69971e-13  3.82307e-26  5.00987e-13 -8.82179e-26 -5.49076e-13  1.64042e-25  4.66342e-13 -2.40174e-25 -2.77306e-13  2.62009e-25  7.69098e-14 -1.97736e-25  3.97016e-14  1.69171e-25 -5.22286e-14 -6.00455e-25   1.5454e-14  2.20877e-24  9.52675e-15 -5.65942e-24 -8.16665e-15  1.09451e-23 -3.99214e-16 -1.69173e-23  2.34518e-15  2.15141e-23 -2.60021e-16 -2.27941e-23 -5.62263e-16  2.01452e-23  8.81971e-17  -1.4722e-23  1.26773e-16  8.71137e-24 -1.35042e-17 -4.00886e-24 -2.65576e-17  1.33033e-24 -4.43157e-19 -2.84632e-25  4.64894e-18  6.70044e-26  8.57249e-19 -7.35639e-26 -5.55765e-19  6.95102e-26 -2.40422e-19  -4.0273e-26  1.95251e-20  1.60725e-26  3.42725e-20 -5.31775e-27  6.39308e-21  1.91539e-27 -1.89201e-21 -7.03732e-28 -1.10292e-21  1.58597e-28 -1.33177e-22  9.76496e-30  4.92637e-23 -1.60388e-29  2.23295e-23   1.1222e-30  2.84883e-24  2.46943e-30 -4.78601e-25 -1.25351e-30 -2.55608e-25  2.90888e-31 -4.19614e-26  -3.1613e-32 -5.98391e-28  2.57743e-33  1.14015e-27 -1.27077e-33  2.50254e-28  3.40737e-34  2.40035e-29 -1.04531e-34 -4.31884e-32  5.05943e-35 -3.32421e-31  -1.1111e-35  -4.6908e-32  7.19766e-37 -3.22998e-33  5.46933e-38 -7.94191e-35 -1.93142e-38  5.19305e-36  1.11822e-39  5.25604e-37  2.28619e-40  1.82109e-38 -4.18747e-42  2.35494e-40 -1.77802e-43
 1.11387e-35 -8.54982e-23  2.13231e-35   3.4219e-21 -6.92873e-35   -7.206e-20  4.12428e-34   1.0038e-18  2.14437e-33 -1.02137e-17 -5.57315e-32  8.01977e-17  6.71446e-31 -5.02883e-16 -5.11706e-30  2.57602e-15  2.74219e-29 -1.09468e-14 -1.04619e-28  3.89892e-14  2.53487e-28 -1.17134e-13 -8.21792e-29  2.97714e-13 -2.75288e-27 -6.39968e-13  1.65308e-26  1.15886e-12 -6.19724e-26 -1.75232e-12  1.75631e-25  2.17722e-12 -3.94376e-25  -2.1582e-12  7.02236e-25  1.60688e-12 -9.50205e-25 -7.62169e-13  8.33439e-25  5.53428e-14 -7.43262e-26  2.29066e-13  -1.1185e-24 -1.58185e-13  1.55011e-24  5.70865e-15   9.2099e-25  4.70408e-14  -8.3055e-24  -1.7471e-14  2.06764e-23 -8.89009e-15 -3.49727e-23  6.48675e-15  4.58555e-23    1.448e-15 -4.86119e-23 -1.71419e-15  4.21531e-23 -2.91199e-16 -2.96999e-23  3.75119e-16  1.65631e-23  8.24013e-17 -6.87891e-24  -6.6304e-17  1.81417e-24 -2.35729e-17 -1.33589e-25  7.89272e-18 -3.73534e-26  5.23078e-18 -7.78866e-26 -1.47456e-19  9.67918e-26 -7.65377e-19 -5.17837e-26 -1.59324e-19  1.68675e-26  5.22794e-20 -4.79401e-27  3.07796e-20  2.18335e-27  2.83323e-21  -1.0479e-27 -2.04258e-21  2.82279e-28 -7.80919e-22 -1.17689e-29 -5.86047e-23 -9.32083e-30  3.59201e-23 -4.12058e-30  1.28199e-23  5.03786e-30  1.42187e-24 -1.99897e-30 -2.24898e-25  4.00492e-31 -1.08706e-25 -3.11085e-32  -1.7126e-26  2.63427e-33 -6.05046e-28 -2.57232e-33  2.80273e-28  6.74909e-34  6.34499e-29 -1.73146e-34  6.39282e-30  6.98848e-35  2.03847e-31 -1.24182e-35 -3.14362e-32  5.52585e-37 -5.00167e-33  2.65313e-38 -3.36012e-34 -1.78692e-38 -1.08945e-35  1.62087e-39 -4.69473e-38  1.92797e-40  6.68422e-39  -2.6009e-42  1.11035e-40
 2.74845e-23  5.51534e-36 -1.95458e-21  2.32355e-35  5.45811e-20 -3.49333e-34 -9.25325e-19  2.14437e-33  1.09974e-17   2.3312e-32  -9.8507e-17 -5.97417e-31   6.9421e-16  6.39702e-30  -3.9575e-15 -4.46042e-29  1.85943e-14  2.25106e-28 -7.29253e-14 -8.41697e-28  2.40721e-13  2.21139e-27 -6.71952e-13 -2.85569e-27  1.58852e-12 -7.56095e-27 -3.17445e-12  6.54264e-26  5.33098e-12 -2.58646e-25 -7.43729e-12  7.33864e-25  8.44283e-12 -1.62201e-24 -7.49922e-12   2.8192e-24  4.77434e-12 -3.68244e-24 -1.60098e-12  2.95627e-24 -4.62089e-13  5.86463e-25  8.71368e-13 -6.64801e-24 -3.39729e-13  1.19026e-23 -1.20674e-13 -1.02438e-23  1.51313e-13 -4.00867e-24 -1.05705e-14   3.1213e-23 -4.02288e-14 -6.36589e-23  9.65936e-15  8.83789e-23  9.22996e-15 -9.46655e-23 -2.88245e-15  8.08686e-23 -2.09843e-15 -5.50031e-23  5.58508e-16  2.88514e-23  4.71496e-16 -1.06657e-23 -5.78566e-17   1.9856e-24 -9.35094e-17  3.53703e-25 -5.51399e-18 -2.47685e-25  1.37797e-17 -8.77751e-26  3.67505e-18  1.35494e-25 -1.05414e-18 -6.10146e-26 -7.14707e-19  1.29578e-26 -5.67131e-20 -2.51219e-27  6.10693e-20   2.3745e-27  2.16282e-20  -1.5248e-27  4.51821e-22  4.57393e-28 -1.58416e-21 -5.61768e-29  -4.5627e-22  1.09648e-29 -2.10944e-23 -1.49039e-29  1.98904e-23  9.14614e-30  6.04635e-24 -3.04363e-30  6.29998e-25  5.16105e-31 -7.33968e-26 -1.31089e-32 -3.57486e-26 -6.85528e-34 -5.52473e-27 -3.99737e-33 -3.00512e-28  1.09468e-33  4.29159e-29 -2.70475e-34  1.10813e-29  9.24744e-35  1.13406e-30 -1.19436e-35  5.38416e-32  8.63594e-38 -7.13903e-34 -9.88275e-39 -2.67122e-34 -1.34297e-38 -1.62716e-35  1.79042e-39 -4.38028e-37  1.37421e-40 -4.00021e-39 -7.82699e-43
 2.71556e-36  8.35725e-22 -8.44683e-36 -3.38791e-20  2.03262e-34  7.23039e-19 -4.34652e-33 -1.02137e-17   2.3312e-32  1.05453e-16   2.4038e-31 -8.40795e-16 -5.41959e-30   5.3577e-15  5.21426e-29  -2.7913e-14 -3.34522e-28  1.20753e-13  1.58723e-27 -4.38298e-13 -5.73027e-27  1.34354e-12  1.53245e-26  -3.4892e-12 -2.56536e-26  7.67716e-12 -4.96683e-27 -1.42608e-11  2.22981e-25   2.2185e-11 -9.69967e-25 -2.84786e-11  2.78663e-24  2.93675e-11 -6.10705e-24 -2.30623e-11  1.04692e-23   1.2029e-11 -1.35264e-23 -1.88525e-12   1.0932e-23 -2.92126e-12  1.51171e-24  2.49863e-12 -2.33584e-23  -3.5183e-13  4.54995e-23 -6.42931e-13 -5.14502e-23  3.34458e-13  2.63716e-23  9.49348e-14  3.06357e-23 -1.12975e-13 -1.01003e-22 -8.67592e-15  1.55013e-22  2.92883e-14 -1.69811e-22   9.4298e-16  1.43515e-22 -6.63287e-15 -9.43233e-23 -5.25696e-16  4.63983e-23   1.2932e-15 -1.49559e-23  2.53674e-16  1.37738e-24 -1.92186e-16  1.35034e-24 -7.55753e-17 -5.58931e-25  1.48842e-17 -1.32962e-25  1.40544e-17  1.93067e-25  1.27459e-18 -6.48145e-26 -1.40742e-18  2.32237e-27 -5.01021e-19  1.60034e-27   1.2985e-20  2.66465e-27  5.01004e-20 -2.15157e-27  1.23924e-20  6.81024e-28 -4.51343e-22 -1.34891e-28 -9.57441e-22  5.17451e-29 -2.24818e-22 -3.26847e-29 -7.29152e-24  1.49681e-29  8.52867e-24 -4.40447e-30  2.33208e-24  6.15941e-31  2.42115e-25  3.29511e-32 -1.48359e-26 -8.80874e-33 -8.79155e-27 -5.30214e-33  -1.3497e-27  1.50546e-33 -9.15529e-29  -3.8323e-34  2.62745e-30  1.16598e-34  1.21496e-30 -9.82448e-36  1.23748e-31 -5.73681e-37  6.28072e-33 -4.47941e-38  1.10108e-34 -7.80844e-39 -4.56867e-36  1.61743e-39 -2.52365e-37  7.96106e-41 -2.87218e-39
-2.33056e-22 -2.54051e-35  1.67879e-20 -4.23608e-35 -4.75116e-19   3.9705e-33  8.16814e-18 -5.57315e-32  -9.8507e-17   2.4038e-31  8.95967e-16  2.13235e-30 -6.41633e-15 -4.25632e-29  3.71999e-14   3.7147e-28 -1.77917e-13 -2.20324e-27  7.11003e-13  9.83024e-27 -2.39421e-12 -3.40301e-26  6.82683e-12  9.02007e-26 -1.65119e-11 -1.66019e-25  3.38255e-11  1.06255e-25 -5.83782e-11  6.31642e-25  8.39908e-11 -3.26612e-24 -9.88449e-11  9.62428e-24  9.18594e-11 -2.10208e-23 -6.24893e-11  3.57104e-23  2.45103e-11 -4.60721e-23  3.00124e-12  3.88214e-23 -1.08387e-11 -1.75629e-24  5.37932e-12 -6.38572e-23  9.14887e-13  1.33793e-22 -2.06597e-12 -1.66231e-22  3.91879e-13  1.25533e-22  4.97621e-13 -1.06805e-23 -1.99366e-13  -1.3545e-22 -1.05533e-13  2.48507e-22  5.69253e-14 -2.82674e-22  2.37148e-14  2.37389e-22 -1.21252e-14  -1.5087e-22 -5.76308e-15  6.93179e-23  1.82761e-15 -1.88688e-23  1.31087e-15 -6.07435e-25 -1.09231e-16  2.98964e-24 -2.32782e-16 -9.16539e-25 -3.11618e-17 -2.57426e-25  2.56134e-17  2.74596e-25  1.01006e-17 -5.83198e-26 -5.21998e-19 -1.63427e-26 -1.23171e-18  6.94554e-27 -2.74366e-19  3.32051e-27   3.6754e-20 -2.90048e-27   3.2095e-20  9.43799e-28  5.97769e-21 -2.63302e-28 -4.77026e-22  1.19173e-28 -4.64868e-22 -5.77073e-29 -9.43415e-23  2.23329e-29 -3.00154e-24 -6.02561e-30  2.81139e-24  6.64145e-31  7.22376e-25   1.1496e-31  7.67995e-26 -2.15757e-32 -8.77259e-28 -6.34031e-33 -1.52651e-27   1.7817e-33 -2.36095e-28 -4.84862e-34 -1.75918e-29  1.38717e-34 -3.04734e-31 -6.80566e-36  6.93861e-32 -1.22304e-36  7.28321e-33 -6.93135e-38  3.29055e-34 -2.82874e-39  6.55855e-36  1.20762e-39  2.05646e-38  3.27687e-41
 3.40453e-35  -6.2918e-21 -1.72615e-34  2.58507e-19 -1.80247e-33 -5.59481e-18  5.83263e-32  8.01977e-17 -5.97417e-31 -8.40795e-16  2.13235e-30  6.81222e-15  1.64635e-29 -4.41457e-14 -2.94349e-28  2.34104e-13  2.34766e-27 -1.03184e-12 -1.29248e-26  3.82005e-12  5.42747e-26 -1.19586e-11 -1.79537e-25  3.17632e-11   4.6533e-25  -7.1604e-11 -8.87085e-25  1.36578e-10  9.05351e-25 -2.18814e-10  1.34077e-24  2.90489e-10 -9.85424e-24 -3.11867e-10  3.02905e-23  2.58264e-10 -6.62214e-23 -1.47184e-10   1.1168e-22  3.44167e-11 -1.44096e-22  2.74191e-11  1.26763e-22 -3.01723e-11 -2.84451e-23   7.3638e-12 -1.45379e-22  6.45249e-12  3.32995e-22 -4.70026e-12 -4.35175e-22 -5.38899e-13  3.73408e-22   1.4597e-12 -1.50211e-22 -8.82491e-14 -1.39781e-22 -3.67751e-13   3.6506e-22  4.01167e-14 -4.39561e-22  8.52212e-14  3.68417e-22 -5.39923e-15 -2.26519e-22 -1.80331e-14  9.67132e-23 -9.78938e-16 -2.10885e-23  3.14378e-15 -4.58315e-24  6.99446e-16  5.30532e-24 -3.63553e-16 -1.21327e-24 -1.80209e-16 -5.06544e-25  8.16163e-18  3.76428e-25  2.45782e-17 -3.46963e-26  5.29772e-18 -4.29849e-26 -1.19479e-18  1.22391e-26 -8.24763e-19  4.57072e-27 -1.19611e-19 -3.67005e-27  3.15805e-20  1.23395e-27  1.67631e-20 -4.58713e-28  2.49932e-21  2.16157e-28 -2.58625e-22 -8.85039e-29 -1.82705e-22  3.06903e-29 -3.35744e-23 -7.76383e-30 -1.36672e-24  6.16527e-31  6.90404e-25  2.33878e-31  1.74074e-25 -3.68731e-32  1.89469e-26 -7.11866e-33  4.57435e-28  1.82136e-33 -1.68225e-28 -5.44807e-34 -2.73828e-29  1.54095e-34 -2.04905e-30 -3.87145e-36 -6.88031e-32 -1.65805e-36  9.77636e-34 -7.80579e-38  1.77555e-34  4.41969e-40  5.72587e-36  7.17826e-40  5.01301e-38
 1.55062e-21  1.73293e-34 -1.13211e-19 -5.04772e-34  3.24932e-18  -3.6393e-32 -5.66875e-17  6.71446e-31   6.9421e-16 -5.41959e-30 -6.41633e-15  1.64635e-29  4.67294e-14  1.12289e-28 -2.75753e-13  -1.8152e-27  1.34363e-12  1.33092e-26 -5.47606e-12 -6.82459e-26  1.88282e-11   2.7003e-25 -5.48923e-11 -8.52007e-25  1.35969e-10  2.14271e-24 -2.85828e-10 -4.11143e-24  5.07495e-10  4.98997e-24 -7.53769e-10  1.16318e-24  9.20487e-10 -2.65029e-23 -8.95462e-10  8.70752e-23   6.4988e-10 -1.91407e-22 -2.91604e-10  3.20619e-22  2.53675e-12 -4.12954e-22  1.04278e-10  3.75524e-22 -6.51326e-11 -1.36862e-22 -1.46233e-12 -2.81067e-22  2.16132e-11  7.29224e-22 -6.95029e-12 -9.87875e-22 -4.51268e-12   8.9866e-22  2.85698e-12 -4.80854e-22  8.13935e-13 -6.69619e-23 -7.94263e-13  4.91727e-22 -1.71279e-13 -6.42386e-22  1.78994e-13  5.39648e-22  4.67909e-14 -3.21095e-22 -3.20151e-14  1.26614e-22  -1.2912e-14 -2.00644e-23  3.72158e-15 -1.10185e-23  2.81611e-15  8.18598e-24 -8.92457e-18 -1.30622e-24 -4.05836e-16 -9.07671e-25 -9.44434e-17  4.80797e-25  2.59565e-17  1.40398e-26  1.72154e-17 -7.56969e-26  1.92529e-18  1.57775e-26 -1.06505e-18  6.42643e-27 -4.48245e-19 -4.27136e-27  -4.2186e-20  1.53972e-27  1.83177e-20 -7.34168e-28  7.27831e-21  3.39871e-28  9.27215e-22 -1.21926e-28 -9.38205e-23  3.92045e-29 -5.76473e-23 -9.40841e-30 -9.93513e-24  4.36798e-31  -5.3515e-25  3.80788e-31  1.17851e-25  -5.1321e-32  3.11231e-26  -7.7464e-33  3.41263e-27  1.59924e-33  1.52814e-28 -5.41582e-34 -8.85519e-30  1.58345e-34 -1.86871e-30 -1.78578e-36 -1.30799e-31 -1.76978e-36 -4.44022e-33 -7.06469e-38 -4.77773e-35  1.81066e-39  8.03346e-37  2.96713e-40
-4.90875e-35  3.77477e-20  1.38348e-33 -1.57293e-18  8.86959e-33  3.45473e-17 -4.88544e-31 -5.02883e-16  6.39702e-30   5.3577e-15 -4.25632e-29 -4.41457e-14  1.12289e-28  2.91178e-13  6.84504e-28 -1.57305e-12 -1.00798e-26  7.07044e-12  6.82732e-26 -2.67236e-11 -3.27031e-25  8.55177e-11  1.22068e-24 -2.32544e-10 -3.67027e-24  5.37661e-10  8.91386e-24  -1.0542e-09 -1.69427e-23  1.74126e-09  2.22401e-23 -2.39311e-09 -7.06302e-24  2.67704e-09  -6.2812e-23 -2.33774e-09  2.29143e-22  1.44835e-09 -5.09176e-22 -4.43514e-10  8.47266e-22  -1.8711e-10 -1.08618e-21  2.88007e-10   1.0092e-21 -1.01339e-10  -4.6968e-22 -4.71636e-11 -4.57761e-22  5.08714e-11  1.43395e-21 -1.56964e-12 -2.00527e-21 -1.44478e-11  1.87997e-21  2.98135e-12 -1.12972e-21  3.47136e-12   1.4849e-22 -9.65967e-13  6.06191e-22  -8.1198e-13 -8.87319e-22  1.92535e-13   7.5011e-22  1.85475e-13  -4.3207e-22 -1.88195e-14  1.56251e-22  -3.7215e-14  -1.4357e-23 -2.83952e-15 -2.00708e-23  5.51688e-15  1.13645e-23    1.585e-15 -1.05132e-24 -4.10627e-16 -1.45168e-24  -3.0317e-16  5.54847e-25 -2.82333e-17  9.48891e-26   2.5296e-17 -1.10594e-25  9.53353e-18  1.59438e-26  3.42924e-19  8.53228e-27 -6.65108e-19 -4.44311e-27 -2.04072e-19  1.84654e-27 -1.25149e-20 -1.08933e-27   8.0404e-21  4.80452e-28  2.63931e-21 -1.53767e-28  3.07105e-22  4.69371e-29 -2.28265e-23 -1.07349e-29 -1.42692e-23   1.1835e-31 -2.36167e-24  5.36941e-31 -1.56462e-25 -6.17209e-32  1.17062e-26 -8.31479e-33  3.84966e-27  1.18622e-33  4.17003e-28 -4.72678e-34  2.21126e-29  1.49246e-34  1.33535e-31 -8.02334e-37 -5.94755e-32 -1.57746e-36 -3.70474e-33 -5.19025e-38 -8.87717e-35  1.71364e-39 -5.82958e-37
-8.32083e-21 -1.09475e-33  6.16173e-19  8.10428e-33 -1.79483e-17  2.10891e-31  3.17992e-16 -5.11706e-30  -3.9575e-15  5.21426e-29  3.71999e-14 -2.94349e-28 -2.75753e-13  6.84504e-28  1.65772e-12  3.76386e-27 -8.23658e-12 -5.07995e-26  3.42677e-11  3.19155e-25 -1.20422e-10 -1.43173e-24  3.59335e-10  5.04719e-24 -9.12522e-10 -1.44546e-23   1.9706e-09  3.37964e-23 -3.60358e-09 -6.30087e-23  5.53156e-09  8.56092e-23 -7.01652e-09 -5.18634e-23  7.14946e-09 -1.27807e-22 -5.52892e-09  5.53036e-22  2.79396e-09 -1.25067e-21 -3.31008e-10  2.06775e-21 -7.88709e-10 -2.63059e-21  6.25421e-10  2.47142e-21 -6.67736e-11 -1.32236e-21 -1.76333e-10 -5.97633e-22  8.50914e-11  2.56356e-21  2.88594e-11 -3.70306e-21 -3.07688e-11  3.52793e-21 -3.19703e-12 -2.24185e-21  8.33285e-12  5.80676e-22  4.25592e-13  6.79925e-22 -1.94989e-12  -1.1646e-21 -1.83456e-13  9.94364e-22  3.90513e-13 -5.54835e-22  8.19781e-14  1.82631e-22 -5.93201e-14  -3.0276e-24 -2.43722e-14 -3.14796e-23   4.6057e-15  1.44528e-23  4.59043e-15 -3.44328e-25  4.47012e-16   -2.084e-24 -4.63343e-16  5.55936e-25 -1.70444e-16  2.10938e-25  3.11761e-18 -1.42249e-25  1.69384e-17  1.17852e-26  4.34442e-18  1.01386e-26 -1.09431e-19 -3.90004e-27 -3.24087e-19  2.12926e-27 -7.92877e-20 -1.50255e-27 -3.46847e-21  6.21936e-28  2.74561e-21 -1.79756e-28   7.9274e-22  5.30359e-29  8.89046e-23 -1.15721e-29 -3.08656e-24 -3.00113e-31 -2.66119e-24  6.77375e-31 -4.29855e-25 -6.64357e-32 -3.20339e-26 -8.79468e-33  1.62537e-28  7.19911e-34  2.93642e-28 -3.55999e-34  3.12628e-29  1.27913e-34  1.61583e-30 -6.74171e-37   3.4764e-32 -1.19527e-36 -3.87658e-34 -2.99969e-38 -2.66685e-35  9.06889e-40
 5.34891e-34 -1.84571e-19  -1.1773e-32  7.80611e-18  1.20771e-33 -1.74128e-16  2.76044e-30  2.57602e-15 -4.46042e-29  -2.7913e-14   3.7147e-28  2.34104e-13  -1.8152e-27 -1.57305e-12  3.76386e-27  8.66563e-12  1.88087e-26 -3.97583e-11  -2.3386e-25   1.5357e-10  1.36761e-24 -5.02892e-10 -5.75845e-24  1.40153e-09  1.91927e-23 -3.32724e-09 -5.23429e-23  6.71376e-09  1.17568e-22 -1.14462e-08 -2.13602e-22   1.6304e-08  2.93207e-22  -1.9021e-08 -2.25243e-22  1.75176e-08  -2.0858e-22 -1.17525e-08  1.22568e-21  4.41408e-09 -2.84559e-21  8.23675e-10  4.67631e-21 -2.21586e-09 -5.88766e-21  1.04561e-09  5.54497e-21  2.26761e-10 -3.22256e-21 -4.35672e-10 -5.10801e-22  7.47043e-11  4.20199e-21   1.1065e-10 -6.28982e-21 -4.26105e-11  6.04133e-21 -2.43747e-11 -3.94604e-21  1.28216e-11  1.29382e-21  5.61545e-12  6.84355e-22 -2.84506e-12 -1.45953e-21 -1.39425e-12  1.26294e-21  4.45712e-13 -6.83524e-22  3.25507e-13  2.03251e-22 -2.80686e-14  1.40671e-23 -5.95668e-14 -4.45677e-23 -7.93646e-15  1.70145e-23   6.7653e-15  8.46753e-25  2.67362e-15 -2.71078e-24 -1.46272e-16  4.42486e-25 -3.34431e-16  3.58719e-25 -7.49076e-17  -1.6468e-25  1.00566e-17  3.42993e-27  8.86615e-18  1.02475e-26  1.67705e-18 -2.40579e-27 -1.22979e-19  2.34402e-27 -1.27678e-19 -1.92902e-27  -2.6492e-20  7.45575e-28 -1.04344e-21 -1.96529e-28  7.24693e-22  5.68632e-29  1.93049e-22 -1.18507e-29   2.1482e-23 -7.36957e-31  7.16062e-26  7.77109e-31 -3.49725e-25  -6.5903e-32 -5.62357e-26 -9.02619e-33 -4.34593e-27   3.4177e-34 -1.11825e-28 -2.22444e-34  1.07366e-29  9.86386e-35  1.21896e-30 -9.04002e-37   5.2072e-32 -7.66617e-37  9.34317e-34 -1.25904e-38   3.3412e-36
 3.66797e-20  8.15718e-33 -2.75709e-18 -8.83356e-32  8.15716e-17 -6.77837e-31 -1.46891e-15  2.74219e-29  1.85943e-14 -3.34522e-28 -1.77917e-13  2.34766e-27  1.34363e-12 -1.00798e-26 -8.23658e-12  1.88087e-26  4.17735e-11  8.59526e-26 -1.77599e-10 -9.88835e-25  6.38572e-10  5.39889e-24 -1.95246e-09 -2.13784e-23  5.08909e-09  6.74321e-23 -1.13033e-08 -1.75115e-22  2.13144e-08  3.77273e-22 -3.38543e-08 -6.64941e-22  4.46538e-08  9.08537e-22 -4.76914e-08 -7.82572e-22  3.92657e-08 -2.08325e-22 -2.20943e-08  2.49535e-21  4.74429e-09 -6.01552e-21  4.66876e-09  9.83265e-21 -4.87238e-09 -1.22217e-20  1.11812e-09  1.14569e-20  1.11789e-09 -6.98543e-21 -7.92189e-10  1.38619e-22 -1.03009e-10  6.35508e-21  2.58173e-10 -9.90166e-21 -1.48759e-11  9.53991e-21 -6.74427e-11 -6.30679e-21  7.61727e-12  2.31901e-21  1.61501e-11  5.98079e-22 -1.15127e-12 -1.75426e-21 -3.54018e-12  1.54361e-21 -1.60895e-13 -8.12209e-22  6.42987e-13  2.16708e-22  1.37465e-13  3.62008e-23 -7.83705e-14 -5.83622e-23 -3.76248e-14  1.86547e-23  2.23326e-15  2.47008e-24  5.38504e-15 -3.21965e-24  1.12143e-15  1.87097e-25 -2.79599e-16  5.27017e-25  -1.8454e-16 -1.72655e-25 -2.59833e-17 -7.85368e-27  7.34752e-18  7.91308e-27  3.80423e-18  1.50218e-28  5.63546e-19  2.42728e-27 -5.81901e-20 -2.30826e-27 -4.10082e-20  8.34525e-28 -7.57089e-21  -2.0223e-28 -3.39733e-22  5.80536e-29  1.42997e-22 -1.16093e-29  3.67942e-23 -1.09144e-30  4.07925e-24  8.17753e-31  1.27656e-25 -6.20536e-32 -2.85448e-26 -8.80821e-33 -4.84335e-27  1.35363e-34 -3.60881e-28 -1.03709e-34 -1.26923e-29   6.7442e-35  1.98068e-32 -1.05511e-36  1.74433e-32 -4.05491e-37  4.56018e-34 -3.12552e-39
-3.42418e-33  7.46721e-19  8.43468e-32 -3.20807e-17 -4.36092e-31   7.2742e-16 -1.03461e-29 -1.09468e-14  2.25106e-28  1.20753e-13 -2.20324e-27 -1.03184e-12  1.33092e-26  7.07044e-12 -5.07995e-26 -3.97583e-11  8.59526e-26  1.86401e-10  3.61107e-25 -7.36616e-10 -3.85836e-24  2.47126e-09  1.97197e-23  -7.0671e-09 -7.35591e-23  1.72478e-08  2.19768e-22 -3.58616e-08 -5.43447e-22  6.31867e-08  1.12173e-21 -9.33937e-08 -1.91154e-21   1.1375e-07  2.57433e-21 -1.10515e-07  -2.3502e-21   8.0044e-08  1.93557e-22 -3.54824e-08  4.66277e-21 -6.09111e-10 -1.18491e-20  1.38558e-08  1.92816e-20 -8.54081e-09 -2.36087e-20  -2.9772e-10  2.18972e-20   2.9893e-09 -1.36856e-20 -9.68971e-10  1.81619e-21 -6.44065e-10  8.91598e-21  4.18876e-10 -1.45263e-20  1.17217e-10  1.39866e-20   -1.213e-10  -9.2745e-21 -2.46968e-11  3.63376e-21  2.85222e-11  4.12312e-22  6.97864e-12 -2.02986e-21 -5.37245e-12   1.8233e-21 -2.03922e-12 -9.36076e-22  6.77457e-13  2.22946e-22  4.72401e-13  6.19638e-23 -1.22883e-14 -7.17929e-23 -7.24861e-14  1.90952e-23 -1.56127e-14    4.403e-24  5.12161e-15 -3.50887e-24  3.11825e-15 -2.12452e-25  3.06968e-16   6.9773e-25 -2.07964e-16 -1.62892e-25 -8.28754e-17 -2.00151e-26 -7.08558e-18  2.60125e-27  3.59032e-18  3.69665e-27  1.36568e-18  2.30648e-27  1.68934e-19 -2.57921e-27 -1.81288e-20   8.7807e-28  -1.0643e-20 -1.96617e-28 -1.81234e-21  5.65336e-29 -1.00111e-22 -1.09557e-29  1.95983e-23 -1.27982e-30  5.21164e-24  7.92315e-31  5.68259e-25 -5.70924e-32  2.67704e-26 -8.02785e-33 -9.91749e-28  9.85559e-35 -2.38911e-28 -2.10988e-35 -1.60081e-29  3.99906e-35 -5.05021e-31 -9.44206e-37 -5.49205e-33 -1.66434e-37  2.36492e-35
-1.34466e-19 -4.89892e-32  1.02686e-17  6.73682e-31  -3.0886e-16 -4.38702e-31  5.65838e-15 -1.04619e-28 -7.29253e-14  1.58723e-27  7.11003e-13 -1.29248e-26 -5.47606e-12  6.82732e-26  3.42677e-11  -2.3386e-25 -1.77599e-10  3.61107e-25  7.72474e-10  1.40111e-24 -2.84525e-09 -1.39498e-23  8.92495e-09  6.68931e-23 -2.39074e-08 -2.35413e-22  5.46852e-08  6.66694e-22 -1.06474e-07 -1.56986e-21  1.75218e-07  3.10166e-21 -2.40613e-07 -5.09767e-21  2.69584e-07  6.72036e-21 -2.36178e-07  -6.3041e-21  1.46739e-07  1.80254e-21 -4.43718e-08  7.97497e-21 -2.07278e-08 -2.18064e-20  3.12066e-08  3.53647e-20 -1.10972e-08 -4.25657e-20 -5.28077e-09  3.88578e-20  5.84151e-09  -2.4479e-20 -2.41134e-10  5.01224e-21 -1.70951e-09  1.16652e-20   3.9045e-10 -1.99388e-20  4.20511e-10  1.91228e-20 -1.31756e-10 -1.26517e-20 -1.01188e-10  5.15327e-21  2.82299e-11  1.32295e-22  2.41184e-11 -2.26846e-21 -3.35188e-12  2.09025e-21 -5.12253e-12 -1.05221e-21 -2.37227e-13  2.23039e-22  8.16243e-13  8.96374e-23  2.09557e-13 -8.38973e-23 -6.93327e-14  1.82154e-23 -4.46949e-14  6.48336e-24 -3.07066e-15 -3.51481e-24  4.11497e-15 -7.28167e-25  1.42366e-15  8.48653e-25  2.05291e-17 -1.34766e-25 -1.09088e-16 -3.08783e-26 -3.12925e-17 -5.52516e-27 -1.52279e-18  7.96488e-27  1.33274e-18  1.92192e-27  4.12197e-19 -2.69787e-27  4.56371e-20   8.7365e-28 -3.84278e-21 -1.80797e-28 -2.17843e-21  5.25414e-29 -3.50375e-22 -1.00081e-29 -2.29232e-23 -1.26638e-30   1.5448e-24   7.0678e-31  5.08269e-25 -5.24161e-32  5.34497e-26 -6.74617e-33  2.78053e-27  1.61049e-34   2.8973e-29   1.9976e-35 -5.08478e-30  1.98271e-35 -2.87547e-31 -6.39124e-37 -5.25514e-33 -4.54245e-38
 1.86395e-32 -2.52455e-18 -4.89286e-31  1.10281e-16  4.26847e-30 -2.54437e-15  1.85458e-29  3.89892e-14 -8.41697e-28 -4.38298e-13  9.83024e-27  3.82005e-12 -6.82459e-26 -2.67236e-11  3.19155e-25   1.5357e-10 -9.88835e-25 -7.36616e-10  1.40111e-24  2.98187e-09  5.04083e-24  -1.0262e-08 -4.69009e-23  3.01524e-08  2.11441e-22 -7.57554e-08 -7.02934e-22  1.62526e-07  1.88825e-21  -2.9636e-07  -4.2339e-21  4.55148e-07  8.00122e-21 -5.79393e-07 -1.26579e-20  5.94128e-07  1.62537e-20 -4.63503e-07 -1.53708e-20  2.36589e-07  6.31591e-21 -2.76419e-08  1.24132e-20 -7.01015e-08 -3.75905e-20  5.67959e-08  6.08292e-20 -6.69265e-09   -7.182e-20 -1.63904e-08  6.42145e-20  8.42553e-09 -4.02354e-20  2.61387e-09  1.00326e-20  -3.1307e-09  1.43205e-20 -2.29712e-10 -2.56749e-20  8.74922e-10  2.44427e-20  1.34655e-11  -1.6093e-20  -2.1328e-10  6.73931e-21 -1.17813e-11  -2.2577e-22  4.52051e-11 -2.45546e-21   7.6327e-12    2.336e-21 -7.45859e-12 -1.15962e-21 -2.65717e-12  2.18581e-22  6.97107e-13  1.17601e-22  5.57299e-13 -9.39572e-23  3.42195e-14  1.60511e-23 -6.30855e-14  8.54526e-24 -2.05025e-14 -3.22817e-24  1.21173e-15 -1.30465e-24  2.30713e-15  9.57368e-25  5.32033e-16 -9.03309e-26 -3.14584e-17 -3.88411e-26 -4.49567e-17 -1.55125e-26  -1.0134e-17  1.25224e-26 -2.81505e-19  1.25267e-27  3.87484e-19 -2.65033e-27  1.03709e-19  8.26044e-28  1.09085e-20 -1.56811e-28 -4.88245e-22  4.66379e-29 -3.37208e-22 -8.84877e-30 -5.19589e-23 -1.07382e-30 -3.73316e-24  5.78236e-31  1.25328e-26 -4.82236e-32  3.01056e-26 -5.18834e-33  3.02337e-27  2.32614e-34  1.45106e-28  2.82282e-35  2.94406e-30  7.66447e-36 -1.34378e-32 -3.14943e-37 -8.58388e-34
 4.13137e-19  2.48538e-31  -3.2085e-17  -3.9147e-30  9.82135e-16  2.06554e-29 -1.83249e-14  2.53487e-28  2.40721e-13 -5.73027e-27 -2.39421e-12  5.42747e-26  1.88282e-11 -3.27031e-25 -1.20422e-10  1.36761e-24  6.38572e-10 -3.85836e-24 -2.84525e-09  5.04083e-24    1.075e-08  1.68751e-23 -3.46419e-08 -1.47103e-22  9.55011e-08  6.24596e-22 -2.25293e-07 -1.96377e-21  4.53588e-07  5.00634e-21  -7.7449e-07 -1.06891e-20  1.10874e-06  1.93091e-20 -1.30447e-06 -2.93568e-20  1.21578e-06  3.65795e-20 -8.28872e-07 -3.44374e-20  3.18918e-07  1.68396e-20  5.75952e-08  1.73839e-20 -1.65112e-07   -6.085e-20   8.2037e-08  9.83672e-20  1.55406e-08 -1.13667e-19 -3.47118e-08  9.90463e-20  7.14042e-09 -6.10117e-20  8.84635e-09  1.67174e-20 -3.95127e-09  1.66303e-20 -1.93353e-09 -3.10574e-20  1.22778e-09  2.92289e-20  4.49966e-10 -1.91484e-20 -2.89135e-10  8.22697e-21 -1.18112e-10 -6.40494e-22  5.04038e-11  -2.5819e-21  3.00361e-11  2.55638e-21 -4.61624e-12 -1.25848e-21 -6.06088e-12  2.10913e-22 -5.19716e-13  1.44597e-22   7.8102e-13 -1.01531e-22  2.60987e-13  1.27635e-23 -3.06729e-14  1.04449e-23 -3.78228e-14 -2.69317e-24 -7.13905e-15 -1.86924e-24   1.5379e-15  1.00524e-24  1.01879e-15 -3.37832e-26  1.67202e-16 -4.33339e-26 -2.09352e-17 -2.57672e-26 -1.50838e-17  1.68495e-26 -2.84254e-18  3.36137e-28 -6.16619e-20 -2.45648e-27  8.78206e-20  7.44407e-28  2.12703e-20 -1.27283e-28  2.19873e-21  3.96624e-29 -1.09766e-23 -7.51404e-30 -3.68798e-23 -7.68984e-31 -5.51827e-24  4.30309e-31 -4.01889e-25 -4.38688e-32 -9.86589e-27 -3.64788e-33  8.22724e-28  2.51765e-34  8.45699e-29  1.92866e-35  3.07539e-30  1.92625e-36  4.14009e-32 -9.87573e-38
-8.80746e-32  7.17462e-18  2.35242e-30 -3.19027e-16 -2.62435e-29  7.49794e-15  6.17825e-29 -1.17134e-13  2.21139e-27  1.34354e-12 -3.40301e-26 -1.19586e-11   2.7003e-25  8.55177e-11 -1.43173e-24 -5.02892e-10  5.39889e-24  2.47126e-09 -1.39498e-23  -1.0262e-08  1.68751e-23  3.62797e-08  5.27309e-23  -1.0969e-07 -4.31639e-22  2.84128e-07  1.72883e-21 -6.29945e-07 -5.14552e-21  1.19061e-06  1.24546e-20 -1.90278e-06 -2.53202e-20  2.53491e-06  4.36963e-20 -2.74542e-06 -6.37632e-20  2.30325e-06  7.68755e-20 -1.33136e-06 -7.14218e-20  3.06728e-07  3.83729e-20   2.7934e-07  2.13929e-20 -3.11968e-07 -9.27289e-20  8.14715e-08  1.49902e-19  6.98843e-08 -1.69077e-19 -5.58799e-08   1.4281e-19 -4.45117e-09 -8.54964e-20  1.83739e-08  2.41772e-20 -2.07453e-09  1.84788e-20 -4.88465e-09 -3.52814e-20  8.78505e-10  3.26545e-20  1.21208e-09 -2.13462e-20 -1.72551e-10  9.46215e-21 -2.82603e-10 -1.09061e-21  5.64385e-12 -2.64656e-21  5.61393e-11  2.75112e-21  8.50499e-12 -1.34864e-21 -7.86185e-12  2.00523e-22 -3.03883e-12  1.69761e-22  4.23069e-13 -1.06393e-22  5.08746e-13  8.59777e-24  8.16571e-14   1.2068e-23 -3.39406e-14 -1.98974e-24 -1.74499e-14 -2.34673e-24 -1.81929e-15  9.80635e-25  8.82988e-16  2.93027e-26  3.71034e-16  -4.4861e-26  4.55464e-17 -3.44167e-26 -8.03324e-18  2.04414e-26  -4.1551e-18 -7.27466e-28 -6.88186e-19 -2.16338e-27 -1.89196e-20  6.38856e-28  1.50554e-20 -9.51474e-29  3.42638e-21  3.25922e-29  3.49713e-22 -6.01988e-30  8.58943e-24  -4.3301e-31 -2.52176e-24   2.8725e-31 -3.81337e-25 -3.85774e-32 -2.59622e-26 -2.36424e-33 -8.26499e-28  2.08111e-34  4.93554e-31  7.34444e-36  7.52814e-31  6.36128e-38  1.18289e-32
-1.06808e-18 -1.08476e-30  8.44581e-17  1.82233e-29 -2.63426e-15 -1.49177e-28  5.01208e-14 -8.21792e-29 -6.71952e-13  1.53245e-26  6.82683e-12 -1.79537e-25 -5.48923e-11  1.22068e-24  3.59335e-10 -5.75845e-24 -1.95246e-09  1.97197e-23  8.92495e-09 -4.69009e-23 -3.46419e-08  5.27309e-23  1.14864e-07   1.5423e-22 -3.26411e-07 -1.18792e-21  7.95442e-07  4.49438e-21 -1.65872e-06 -1.26733e-20   2.9434e-06  2.91343e-20 -4.39943e-06 -5.63907e-20   5.4418e-06    9.292e-20 -5.39623e-06     -1.3e-19  4.01837e-06  1.51313e-19 -1.86558e-06 -1.37863e-19   2.5385e-08  7.79967e-20  7.17849e-07  2.18561e-20 -4.82997e-07 -1.33371e-19  6.47312e-09  2.15757e-19  1.66302e-07  -2.3677e-19 -6.48997e-08  1.92621e-19  -3.3943e-08 -1.10642e-19  2.75855e-08   3.0678e-20  5.41038e-09  1.99523e-20 -8.18972e-09 -3.75421e-20 -1.02069e-09  3.39377e-20  2.02939e-09 -2.22983e-20   3.3005e-10  1.03379e-20  -4.1764e-10 -1.55694e-21 -1.18447e-10 -2.65708e-21  6.22022e-11  2.92177e-21  3.24201e-11 -1.42808e-21 -3.68607e-12  1.86901e-22 -5.79571e-12  1.92433e-22 -8.83386e-13 -1.08439e-22  5.21212e-13   3.8467e-24  2.42304e-13  1.33202e-23  1.08075e-14 -1.20498e-24 -2.01908e-14  -2.6747e-24 -6.55963e-15  8.80871e-25  -2.8618e-16  9.26272e-26  3.61813e-16 -4.46394e-26   1.1381e-16 -3.97732e-26  1.11654e-17  2.29129e-26 -2.18116e-18 -1.78997e-27 -9.31394e-19 -1.83147e-27 -1.40841e-19  5.18239e-28 -5.59373e-21  -6.3404e-29  1.83398e-21  2.63191e-29  4.10517e-22 -4.40218e-30  4.06468e-23 -1.32093e-31   1.6675e-24  1.68252e-31 -7.82221e-26 -3.20496e-32 -1.47206e-26 -1.44336e-33 -8.53222e-28  1.31035e-34 -2.23777e-29 -1.39101e-38 -1.79523e-31 -1.58567e-37
 3.68081e-31   -1.718e-17 -9.56686e-30  7.78638e-16   1.2145e-28  -1.8667e-14 -7.12563e-28  2.97714e-13 -2.85569e-27  -3.4892e-12  9.02007e-26  3.17632e-11 -8.52007e-25 -2.32544e-10  5.04719e-24  1.40153e-09 -2.13784e-23  -7.0671e-09  6.68931e-23  3.01524e-08 -1.47103e-22  -1.0969e-07   1.5423e-22  3.41833e-07  4.23299e-22 -9.14463e-07 -3.07338e-21   2.0989e-06  1.09971e-20 -4.11892e-06 -2.93989e-20  6.86149e-06  6.42027e-20 -9.58069e-06 -1.18289e-19  1.09696e-05  1.86014e-19 -9.88647e-06 -2.49282e-19  6.39679e-06  2.79634e-19 -2.12299e-06 -2.48715e-19 -8.00632e-07  1.44434e-19  1.42212e-06  1.52378e-20 -5.84229e-07 -1.81546e-19 -2.10349e-07  2.93949e-19  2.94552e-07 -3.12571e-19 -3.30437e-08  2.42965e-19 -8.46721e-08 -1.31721e-19  2.73521e-08  3.37897e-20  2.05642e-08   2.1327e-20 -9.20068e-09 -3.71823e-20 -5.04736e-09   3.2518e-20  2.16424e-09 -2.17986e-20  1.29327e-09  1.08169e-20 -3.39743e-10 -2.02011e-21 -3.07045e-10 -2.62898e-21  1.36729e-11  3.06844e-21  5.64157e-11 -1.49195e-21  9.83843e-12  1.68904e-22 -6.13774e-12  2.11896e-22 -2.87513e-12  -1.0761e-22  1.70673e-14 -1.17938e-24  3.31268e-13  1.41095e-23  8.98263e-14 -4.03864e-25 -5.38706e-15 -2.81507e-24 -8.88229e-15  7.12742e-25 -2.07455e-15  1.49576e-25  8.44704e-19 -4.40311e-26  1.15495e-16 -4.07581e-26  2.95844e-17  2.40774e-26  2.53813e-18 -2.68656e-27 -4.28464e-19 -1.51843e-27 -1.65777e-19  3.89812e-28 -2.34267e-20  -3.4796e-29 -1.22238e-21  2.14252e-29  1.38748e-22 -2.74354e-30  3.37954e-23  9.80479e-32  3.14697e-24  8.35934e-32  1.43653e-25 -2.46613e-32  8.78442e-28 -8.56988e-34  -2.3337e-28  5.93029e-35 -9.93326e-30 -1.97759e-36 -1.05803e-31
