  3.7344e-06 -4.01443e-21 -4.11171e-05  8.36529e-20   0.00016814 -3.23917e-19  -0.00037888  6.70761e-19  0.000502597 -8.93398e-19 -0.000341262   7.4498e-19  -1.0813e-05 -3.87656e-19  0.000199765  1.52264e-19 -9.62222e-05 -5.77381e-20 -4.24699e-05  1.70524e-20  3.25613e-05
-4.01443e-21  5.93189e-05 -5.99106e-20 -0.000361311  5.10889e-19   0.00107562 -1.43357e-18  -0.00186183  2.47283e-18   0.00183239 -2.78562e-18 -0.000655743  2.03501e-18 -0.000595993 -1.13599e-18  0.000705668  5.59592e-19 -4.95475e-05 -1.92773e-19 -0.000212605  2.11294e-20
-4.11171e-05 -5.99106e-20  0.000453123 -2.44757e-19  -0.00185376  1.43236e-18   0.00417583 -3.41944e-18  -0.00552783  5.27256e-18   0.00371884 -5.20251e-18  0.000195981  3.71607e-18  -0.00228342 -2.35874e-18   0.00111235  1.08107e-18   0.00044894 -2.21052e-19 -0.000355013
 8.36529e-20 -0.000361311 -2.44757e-19    0.0022021 -5.86123e-19  -0.00655877  2.86114e-18    0.0113563 -6.52295e-18   -0.0111742  9.07449e-18   0.00397319 -8.21414e-18   0.00371833  6.25267e-18  -0.00445433 -3.76933e-18  0.000469284  1.17867e-18   0.00119876 -7.61374e-20
  0.00016814  5.10889e-19  -0.00185376 -5.86123e-19   0.00758936 -1.08846e-18   -0.0171203  5.37427e-18    0.0227355 -1.17148e-17   -0.0154404  1.42994e-17 -0.000601509 -1.26179e-17   0.00943477  9.36988e-18  -0.00502273 -4.05649e-18  -0.00131843  4.47806e-19   0.00126337
-3.23917e-19   0.00107562  1.43236e-18  -0.00655877 -1.08846e-18    0.0195689 -2.06594e-18   -0.0340388  1.05456e-17    0.0339182  -1.9726e-17   -0.0128572  2.13397e-17   -0.0103826 -1.83053e-17    0.0137772  1.07072e-17  -0.00285054 -2.31365e-18  -0.00251538 -7.38677e-20
 -0.00037888 -1.43357e-18   0.00417583  2.86114e-18   -0.0171203 -2.06594e-18    0.0388133 -4.33846e-18   -0.0522456  1.90433e-17    0.0370879 -2.92859e-17  -0.00138899  2.92236e-17   -0.0204291   -2.194e-17    0.0136148  7.93799e-18 -0.000227292  1.40895e-19  -0.00162624
 6.70761e-19  -0.00186183 -3.41944e-18    0.0113563  5.37427e-18   -0.0340388 -4.33846e-18    0.0600268 -8.13562e-18   -0.0621632  2.80748e-17    0.0281387 -3.66183e-17    0.0132249  3.30637e-17   -0.0249316 -1.74467e-17    0.0110059  1.06155e-18 -0.000318203  9.55084e-19
 0.000502597  2.47283e-18  -0.00552783 -6.52295e-18    0.0227355  1.05456e-17   -0.0522456 -8.13562e-18      0.07298 -1.19635e-17   -0.0579551  3.27241e-17    0.0129217 -3.71748e-17    0.0224434  2.74757e-17   -0.0247481 -7.18999e-18    0.0107766 -1.47019e-18  -0.00190276
-8.93398e-19   0.00183239  5.27256e-18   -0.0111742 -1.17148e-17    0.0339182  1.90433e-17   -0.0621632 -1.19635e-17    0.0711626 -1.31999e-17   -0.0452172  2.77511e-17   0.00214491 -2.32922e-17    0.0253037  3.72297e-18   -0.0258518  1.31873e-17     0.012319 -7.83861e-18
-0.000341262 -2.78562e-18   0.00371884  9.07449e-18   -0.0154404  -1.9726e-17    0.0370879  2.80748e-17   -0.0579551 -1.31999e-17    0.0600145 -1.09381e-17   -0.0359624  1.47871e-17  -0.00140855 -3.92879e-18    0.0282756  -9.4628e-18   -0.0282349  3.10742e-18   0.00949617
  7.4498e-19 -0.000655743 -5.20251e-18   0.00397319  1.42994e-17   -0.0128572 -2.92859e-17    0.0281387  3.27241e-17   -0.0452172 -1.09381e-17      0.05197 -8.60157e-19   -0.0342432 -1.65897e-17  -0.00430269  4.57655e-17    0.0318227 -5.91869e-17   -0.0237474  3.88509e-17
 -1.0813e-05  2.03501e-18  0.000195981 -8.21414e-18 -0.000601509  2.13397e-17  -0.00138899 -3.66183e-17    0.0129217  2.77511e-17   -0.0359624 -8.60157e-19    0.0515355 -6.50283e-19   -0.0335653 -1.46892e-17  -0.00728132  1.60603e-17    0.0258412   1.3799e-17   -0.0104566
-3.87656e-19 -0.000595993  3.71607e-18   0.00371833 -1.26179e-17   -0.0103826  2.92236e-17    0.0132249 -3.71748e-17   0.00214491  1.47871e-17   -0.0342432 -6.50283e-19    0.0522328  3.63412e-17   -0.0329233 -9.63061e-17   0.00107983  1.33291e-16   0.00728146 -1.15781e-16
 0.000199765 -1.13599e-18  -0.00228342  6.25267e-18   0.00943477 -1.83053e-17   -0.0204291  3.30637e-17    0.0224434 -2.32922e-17  -0.00140855 -1.65897e-17   -0.0335653  3.63412e-17     0.053023 -3.47859e-17    -0.044652  5.09912e-17    0.0248376 -9.02858e-17  -0.00788709
 1.52264e-19  0.000705668 -2.35874e-18  -0.00445433  9.36988e-18    0.0137772   -2.194e-17   -0.0249316  2.74757e-17    0.0253037 -3.92879e-18  -0.00430269 -1.46892e-17   -0.0329233 -3.47859e-17    0.0663505  1.38819e-16   -0.0728333 -2.31889e-16    0.0435739  2.41111e-16
-9.62222e-05  5.59592e-19   0.00111235 -3.76933e-18  -0.00502273  1.07072e-17    0.0136148 -1.74467e-17   -0.0247481  3.72297e-18    0.0282756  4.57655e-17  -0.00728132 -9.63061e-17    -0.044652  1.38819e-16    0.0966482  -1.9365e-16   -0.0944243  2.28644e-16    0.0350645
-5.77381e-20 -4.95475e-05  1.08107e-18  0.000469284 -4.05649e-18  -0.00285054  7.93799e-18    0.0110059 -7.18999e-18   -0.0258518  -9.4628e-18    0.0318227  1.60603e-17   0.00107983  5.09912e-17   -0.0728333  -1.9365e-16     0.119062  3.34999e-16   -0.0809667 -3.53107e-16
-4.24699e-05 -1.92773e-19   0.00044894  1.17867e-18  -0.00131843 -2.31365e-18 -0.000227292  1.06155e-18    0.0107766  1.31873e-17   -0.0282349 -5.91869e-17    0.0258412  1.33291e-16    0.0248376 -2.31889e-16   -0.0944243  3.34999e-16     0.104061 -3.51987e-16   -0.0397121
 1.70524e-20 -0.000212605 -2.21052e-19   0.00119876  4.47806e-19  -0.00251538  1.40895e-19 -0.000318203 -1.47019e-18     0.012319  3.10742e-18   -0.0237474   1.3799e-17   0.00728146 -9.02858e-17    0.0435739  2.28644e-16   -0.0809667 -3.51987e-16    0.0569045  3.28794e-16
 3.25613e-05  2.11294e-20 -0.000355013 -7.61374e-20   0.00126337 -7.38677e-20  -0.00162624  9.55084e-19  -0.00190276 -7.83861e-18   0.00949617  3.88509e-17   -0.0104566 -1.15781e-16  -0.00788709  2.41111e-16    0.0350645 -3.53107e-16   -0.0397121  3.28794e-16    0.0153392
