 2.42177e-13  3.83149e-28 -1.08732e-11 -1.74772e-26  1.79342e-10  2.38185e-25 -1.64469e-09 -1.80564e-24  9.39216e-09  8.78728e-24 -3.42877e-08 -2.86121e-23  7.75198e-08  6.23803e-23 -9.73988e-08 -8.79103e-23  5.03948e-08  7.32015e-23  5.11788e-10 -2.91117e-23 -1.98899e-09
 3.83149e-28  1.57525e-11  9.69468e-27 -3.88387e-10 -2.97011e-25    4.669e-09  3.16866e-24 -3.35426e-08 -1.96641e-23  1.53179e-07  7.88677e-23 -4.43149e-07 -2.09768e-22  7.60521e-07  3.65318e-22 -6.46645e-07 -3.92217e-22  1.40778e-07  2.25133e-22  4.14717e-08 -4.62743e-23
-1.08732e-11  9.69468e-27  4.88407e-10  1.34043e-25 -8.05885e-09 -3.09478e-24   7.3927e-08   2.6971e-23 -4.22207e-07 -1.38648e-22  1.54069e-06  4.57374e-22 -3.47635e-06 -9.84962e-22  4.33462e-06  1.34497e-21  -2.1625e-06 -1.05274e-21 -1.05415e-07  3.70695e-22  9.49651e-08
-1.74772e-26 -3.88387e-10  1.34043e-25  9.58025e-09  1.28626e-24  -1.1523e-07 -2.40329e-23  8.28353e-07  1.74457e-22 -3.78552e-06 -7.41777e-22  1.09563e-05  2.00037e-21 -1.87749e-05 -3.46527e-21  1.57766e-05  3.65573e-21 -3.05216e-06 -1.98332e-21 -1.20171e-06  3.44589e-22
 1.79342e-10 -2.97011e-25 -8.05885e-09  1.28626e-24  1.33054e-07   9.6812e-24 -1.22171e-06 -1.51036e-22  6.98738e-06  9.09388e-22 -2.55488e-05  -3.1665e-21  5.77723e-05  6.95684e-21 -7.19923e-05 -9.72358e-21  3.50273e-05  7.89637e-21  3.06656e-06 -2.78279e-21 -1.71932e-06
 2.38185e-25    4.669e-09 -3.09478e-24  -1.1523e-07   9.6812e-24  1.38742e-06  6.03907e-23 -9.99209e-06 -7.81635e-22  4.57992e-05  3.83176e-21  -0.00013314 -1.08228e-20  0.000229367  1.95078e-20 -0.000192748 -2.24052e-20  3.36547e-05  1.40783e-20  1.72433e-05 -2.70532e-21
-1.64469e-09  3.16866e-24   7.3927e-08 -2.40329e-23 -1.22171e-06  6.03907e-23  1.12399e-05  3.11974e-22 -6.45108e-05 -3.25808e-21   0.00023724   1.2723e-20 -0.000541128  -2.9113e-20  0.000681569  4.41765e-20 -0.000330453 -4.32329e-20 -4.05701e-05  2.06325e-20  1.83604e-05
-1.80564e-24 -3.35426e-08   2.6971e-23  8.28353e-07 -1.51036e-22 -9.99209e-06  3.11974e-22  7.22273e-05   1.2915e-21 -0.000333207 -1.04891e-20  0.000978941  3.18756e-20  -0.00171365 -5.99912e-20   0.00146838  8.11831e-20 -0.000244095 -7.09424e-20 -0.000153964  2.19897e-20
 9.39216e-09 -1.96641e-23 -4.22207e-07  1.74457e-22  6.98738e-06 -7.81635e-22 -6.45108e-05   1.2915e-21  0.000372744  4.07625e-21  -0.00138671 -2.43117e-20   0.00322288  5.52942e-20  -0.00417656 -9.03021e-20   0.00209459  1.22252e-19  0.000307723 -9.71607e-20 -0.000134822
 8.78728e-24  1.53179e-07 -1.38648e-22 -3.78552e-06  9.09388e-22  4.57992e-05 -3.25808e-21 -0.000333207  4.07625e-21   0.00155553  8.96504e-21  -0.00466292 -3.32601e-20   0.00843277  4.77393e-20  -0.00759895 -8.55425e-20   0.00134917  1.50332e-19   0.00093968 -9.64104e-20
-3.42877e-08  7.88677e-23  1.54069e-06 -7.41777e-22 -2.55488e-05  3.83176e-21   0.00023724 -1.04891e-20  -0.00138671  8.96504e-21   0.00526591   9.9469e-21   -0.0126673  6.12505e-21    0.0173642 -5.65897e-20  -0.00956295  -5.0363e-21   -0.0014044  1.42949e-19  0.000740006
-2.86121e-23 -4.43149e-07  4.57374e-22  1.09563e-05  -3.1665e-21  -0.00013314   1.2723e-20  0.000978941 -2.43117e-20  -0.00466292   9.9469e-21     0.014475 -1.31323e-20    -0.027753  1.61511e-19     0.027593   -3.069e-19  -0.00623801  1.58615e-19  -0.00407617  8.81435e-20
 7.75198e-08 -2.09768e-22 -3.47635e-06  2.00037e-21  5.77723e-05 -1.08228e-20 -0.000541128  3.18756e-20   0.00322288 -3.32601e-20   -0.0126673 -1.31323e-20    0.0323246 -8.87758e-20   -0.0489474  4.56218e-19    0.0323788 -6.65439e-19   0.00328432   3.2471e-19  -0.00318692
 6.23803e-23  7.60521e-07 -9.84962e-22 -1.87749e-05  6.95684e-21  0.000229367  -2.9113e-20  -0.00171365  5.52942e-20   0.00843277  6.12505e-21    -0.027753 -8.87758e-20    0.0587932 -2.18796e-19   -0.0694821  7.95396e-19     0.024319 -9.86755e-19    0.0124059  3.00062e-19
-9.73988e-08  3.65318e-22  4.33462e-06 -3.46527e-21 -7.19923e-05  1.95078e-20  0.000681569 -5.99912e-20  -0.00417656  4.77393e-20    0.0173642  1.61511e-19   -0.0489474 -2.18796e-19    0.0878829 -3.45401e-19   -0.0796069  9.86575e-19   0.00234011 -1.08395e-18    0.0109105
-8.79103e-23 -6.46645e-07  1.34497e-21  1.57766e-05 -9.72358e-21 -0.000192748  4.41765e-20   0.00146838 -9.03021e-20  -0.00759895 -5.65897e-20     0.027593  4.56218e-19   -0.0694821 -3.45401e-19     0.110532 -3.78269e-19   -0.0731953   8.0572e-19   -0.0227817 -9.22215e-19
 5.03948e-08 -3.92217e-22  -2.1625e-06  3.65573e-21  3.50273e-05 -2.24052e-20 -0.000330453  8.11831e-20   0.00209459 -8.55425e-20  -0.00956295   -3.069e-19    0.0323788  7.95396e-19   -0.0796069 -3.78269e-19      0.12345 -2.31893e-19   -0.0479568  2.57041e-19   -0.0282786
 7.32015e-23  1.40778e-07 -1.05274e-21 -3.05216e-06  7.89637e-21  3.36547e-05 -4.32329e-20 -0.000244095  1.22252e-19   0.00134917  -5.0363e-21  -0.00623801 -6.65439e-19     0.024319  9.86575e-19   -0.0731953 -2.31893e-19     0.135841  2.85356e-19  -0.00168486 -1.25206e-19
 5.11788e-10  2.25133e-22 -1.05415e-07 -1.98332e-21  3.06656e-06  1.40783e-20 -4.05701e-05 -7.09424e-20  0.000307723  1.50332e-19   -0.0014044  1.58615e-19   0.00328432 -9.86755e-19   0.00234011   8.0572e-19   -0.0479568  2.85356e-19     0.160153  1.50633e-18    0.0416219
-2.91117e-23  4.14717e-08  3.70695e-22 -1.20171e-06 -2.78279e-21  1.72433e-05  2.06325e-20 -0.000153964 -9.71607e-20   0.00093968  1.42949e-19  -0.00407617   3.2471e-19    0.0124059 -1.08395e-18   -0.0227817  2.57041e-19  -0.00168486  1.50633e-18     0.170219  2.31927e-18
-1.98899e-09 -4.62743e-23  9.49651e-08  3.44589e-22 -1.71932e-06 -2.70532e-21  1.83604e-05  2.19897e-20 -0.000134822 -9.64104e-20  0.000740006  8.81435e-20  -0.00318692  3.00062e-19    0.0109105 -9.22215e-19   -0.0282786 -1.25206e-19    0.0416219  2.31927e-18    0.0990505
