 1.61448e-17 -4.32303e-33 -5.57538e-16  2.60057e-31  7.35499e-15 -4.48934e-30 -5.70748e-14  4.20011e-29  2.99303e-13 -2.54592e-28 -1.13266e-12   1.0775e-27   3.1997e-12 -3.27122e-27  -6.8477e-12  7.01458e-27  1.10896e-11 -9.54033e-27 -1.33121e-11  3.58286e-27  1.11798e-11   1.7821e-26 -5.50588e-12 -4.88744e-26  2.13281e-13  6.34618e-26  1.60798e-12 -2.99111e-26 -6.98312e-13  -5.8426e-26 -2.77075e-13  1.72436e-25  2.46634e-13 -2.75028e-25  5.30476e-14  3.52814e-25 -6.55299e-14 -4.09549e-25 -1.65991e-14  4.38873e-25   1.4072e-14 -4.24705e-25  6.03892e-15    3.662e-25  -1.9082e-15 -2.82834e-25 -1.72796e-15  1.94464e-25  -8.3062e-17 -1.11681e-25   3.0558e-16  4.36704e-26  1.13637e-16  4.09797e-28 -1.35065e-17 -1.96159e-26 -2.33002e-17  2.18808e-26 -6.64445e-18 -1.63936e-26  7.94322e-19  9.27236e-27  1.20835e-18 -3.86967e-27   3.8149e-19  1.16094e-27  1.11294e-20 -2.95369e-28 -3.72832e-20  1.08998e-28 -1.61314e-20 -5.84365e-29 -2.94726e-21  3.52835e-29  2.30256e-22 -2.06152e-29  3.23555e-22  8.22138e-30  1.06731e-22  -1.5206e-30  1.83716e-23   -7.762e-32  2.56403e-25  1.25763e-31 -9.04982e-25 -7.66639e-32 -3.19094e-25  2.62057e-32 -6.45249e-26  2.70046e-33  -7.7663e-27 -4.08318e-33  -1.0192e-28  9.79612e-34  2.03853e-28 -1.62836e-34  5.67585e-29  1.61843e-35   9.5485e-30  1.59168e-35   1.1262e-30 -2.59622e-36  8.71089e-32 -9.44961e-37  1.95561e-33 -3.96199e-38 -6.19105e-34  3.50386e-38 -1.18283e-34  1.64067e-40 -1.27122e-35  -1.2092e-40  -9.6615e-37  7.83488e-41 -5.38512e-38  1.61313e-41 -2.11759e-39  1.33507e-42 -5.08367e-41  9.08523e-44 -3.65174e-43  6.90916e-46  7.12433e-45 -1.76289e-47  2.06789e-46  9.48869e-48
-4.32303e-33  8.06746e-16 -1.56067e-31  -1.5797e-14  6.53609e-30  1.58205e-13  -9.0486e-29 -1.01434e-12  7.17616e-28  4.57152e-12 -3.78987e-27 -1.51869e-11  1.41606e-26  3.80869e-11 -3.80189e-26 -7.26517e-11  7.08362e-26  1.04509e-10 -7.59581e-26 -1.09761e-10 -1.72923e-26  7.71383e-11  2.55653e-25 -2.61222e-11 -5.68686e-25 -8.34854e-12  7.64313e-25  1.21353e-11 -6.90376e-25  -1.7305e-12  4.03212e-25 -3.12239e-12 -8.65753e-26  9.41852e-13 -2.19131e-25  7.86082e-13  6.78973e-25 -2.39376e-13 -1.37136e-24 -2.13432e-13   2.0573e-24  3.08505e-14 -2.37996e-24  5.42873e-14  2.22213e-24  4.82646e-15 -1.74803e-24  -1.0143e-14  1.17405e-24 -3.80895e-15 -6.35331e-25  7.44313e-16  2.17559e-25  9.28334e-16  2.88187e-26  1.98809e-16 -1.19859e-25 -7.56581e-17  1.19081e-25 -5.85791e-17 -8.34586e-26 -1.20797e-17  4.44609e-26  2.97103e-18 -1.70971e-26  2.68528e-18  4.44903e-27  7.41252e-19 -9.51547e-28  1.20924e-20  3.93076e-28 -6.85612e-20 -2.41314e-28 -2.84545e-20  1.48236e-28 -5.44143e-21 -8.57499e-29  8.51467e-23   3.3098e-29  4.14642e-22 -5.39597e-30  1.47694e-22 -6.17072e-31  2.89983e-23  5.35202e-31  2.36879e-24 -2.98529e-31 -5.61166e-25  1.06114e-31 -2.78125e-25  6.62277e-33 -6.43824e-26 -1.45778e-32 -9.70083e-27  3.53431e-33 -8.44451e-28 -4.85418e-34  1.95059e-29   1.9085e-35  2.24983e-29  5.62201e-35  4.70872e-30 -5.95574e-36  6.38828e-31 -3.82122e-36  6.27082e-32 -2.46182e-37  4.31557e-33  9.67337e-38  1.57496e-34  2.52562e-39 -5.81513e-36 -1.13587e-40 -1.44779e-36  2.82888e-40 -1.25817e-37  5.38985e-41 -6.94282e-39   4.4482e-42 -2.55398e-40   2.2793e-43 -6.16083e-42 -3.04017e-45 -9.42274e-44  7.72254e-47 -5.96782e-46
-5.57538e-16 -1.56067e-31  1.98119e-14 -3.20823e-30 -2.69345e-13  1.02451e-28  2.15781e-12 -1.17679e-27 -1.17065e-11  8.04918e-27  4.59474e-11 -3.74018e-26 -1.35051e-10  1.24044e-25     3.02e-10 -2.94938e-25  -5.1417e-10  4.74298e-25  6.55336e-10 -3.73622e-25 -5.95941e-10 -4.22088e-25  3.37166e-10  2.03167e-24 -5.22557e-11 -3.88013e-24 -7.82564e-11  5.02913e-24  4.98946e-11 -5.18726e-24  8.08513e-12  5.08688e-24 -1.61486e-11 -5.30809e-24 -3.90229e-13  4.94629e-24  4.36608e-12 -2.36217e-24    2.324e-13 -2.51122e-24 -1.06401e-12  7.44828e-24 -2.05958e-13 -9.98537e-24  2.03614e-13  9.58497e-24  9.09093e-14 -7.41802e-24 -1.83864e-14  4.79427e-24 -2.32416e-14 -2.43793e-24 -3.92759e-15  7.21024e-25  2.78024e-15  2.05278e-25  1.64771e-15 -4.89781e-25  1.74425e-16  4.41198e-25   -1.771e-16 -2.90908e-25 -9.37433e-17  1.46187e-25 -1.43959e-17 -5.14037e-26  5.55808e-18   1.1083e-26  3.87224e-18 -1.78377e-27  9.85171e-19  9.79247e-28  2.21598e-20 -7.01133e-28  -7.8812e-20  4.25256e-28 -3.27113e-20  -2.4414e-28 -6.70274e-21  9.29733e-29 -2.96646e-22 -1.35533e-29  3.04475e-22 -2.49586e-30  1.24433e-22  1.52357e-30  2.73678e-23 -7.67795e-31  3.44759e-24  2.97568e-31  2.40877e-28  2.82924e-33 -1.20538e-25 -3.62921e-32 -3.42685e-26  9.39504e-33 -5.97248e-27  -9.4018e-34 -7.13768e-28 -6.50171e-35 -5.00188e-29  1.35385e-34  9.86736e-31 -7.75295e-36  8.90111e-31 -1.03128e-35  1.50772e-31 -9.28195e-37  1.65612e-32   1.7118e-37  1.32519e-33  8.94531e-39  7.73607e-35  3.70034e-40  3.01441e-36  6.57882e-40  4.91677e-38  1.17222e-40 -2.30332e-39  9.79126e-42 -1.85917e-40   3.5062e-43 -5.94135e-42 -9.13724e-45 -9.86985e-44  1.09923e-46
 2.60057e-31  -1.5797e-14 -3.20823e-30  3.18763e-13 -4.59947e-29 -3.29528e-12  1.18032e-27  2.18511e-11   -1.152e-26 -1.02086e-10  6.88489e-26  3.52548e-10 -2.83576e-25 -9.22465e-10  8.37696e-25  1.84506e-09 -1.76172e-24 -2.80388e-09  2.40991e-24  3.15154e-09 -1.15397e-24 -2.44057e-09 -3.66896e-24  1.03027e-09  1.16123e-23  1.10092e-10 -1.93296e-23 -3.86713e-10  2.36198e-23   1.1494e-10 -2.56362e-23  8.46204e-11  2.96418e-23  -4.7899e-11 -3.56935e-23 -1.93537e-11  3.60258e-23  1.31015e-11 -2.26838e-23  5.65234e-12 -1.71076e-24 -2.62198e-12  2.45898e-23 -1.74913e-12 -3.52995e-23  2.39377e-13  3.33317e-23  4.33804e-13 -2.48618e-23  6.91404e-14  1.53704e-23   -6.363e-14 -7.35055e-24 -3.34559e-14  1.84336e-24 -4.66084e-16  8.85601e-25  5.34177e-15 -1.55645e-24  2.08583e-15  1.28761e-24  3.10769e-17 -8.02738e-25 -2.72235e-16  3.81079e-25 -1.13306e-16 -1.21218e-25 -1.35644e-17  1.97902e-26  6.98154e-18 -1.53072e-27  4.20879e-18    1.992e-27  1.03336e-18  -1.6538e-27  4.59345e-20  9.51539e-28 -6.39345e-20 -5.48281e-28 -2.77543e-20  2.11985e-28 -6.14814e-21 -2.82125e-29 -5.77974e-22 -7.31191e-30  1.26198e-22  3.33549e-30  7.02369e-23 -1.46756e-30  1.73446e-23  6.73936e-31  2.70755e-24 -3.86385e-32  2.19277e-25 -7.38018e-32 -1.75796e-26  2.13647e-32 -1.00976e-26 -1.21001e-33 -2.08891e-27 -3.83762e-34 -2.89655e-28   2.5207e-34 -2.86179e-29 -4.82349e-36 -1.80518e-30 -2.19438e-35 -1.73451e-32 -2.53723e-36   1.2242e-32  2.07312e-37  1.79852e-33  1.92613e-38  1.55549e-34   1.5719e-39  9.41201e-36  1.13282e-39   4.0461e-37  1.94383e-40  1.17634e-38  1.60166e-41  2.15503e-40  3.71541e-43  1.71736e-42 -1.21891e-44 -7.37926e-45
 7.35499e-15  6.53609e-30 -2.69345e-13 -4.59947e-29  3.77964e-12  -5.0383e-28  -3.1311e-11  1.07526e-26  1.76023e-10 -9.07487e-26 -7.17742e-10  4.78671e-25  2.19865e-09 -1.75742e-24 -5.14564e-09  4.63255e-24  9.22342e-09 -8.58176e-24  -1.2493e-08  9.71902e-24   1.2288e-08 -9.89336e-25 -7.88367e-09 -2.19028e-23  2.05067e-09  5.26653e-23  1.33443e-09 -7.67263e-23 -1.28089e-09  8.76361e-23  2.83518e-11 -9.84661e-23  3.75684e-10  1.25621e-22 -6.19074e-11 -1.58441e-22 -1.00334e-10  1.58285e-22  1.55831e-11 -9.93965e-23  2.67787e-11  3.72564e-24 -4.52071e-13  7.67515e-23 -6.35646e-12 -1.08589e-22  -1.2668e-12  9.79703e-23  1.03703e-12 -6.96977e-23  5.50614e-13  4.12009e-23 -2.87604e-14 -1.85895e-23 -1.09978e-13  3.85937e-24   -3.387e-14  2.86306e-24  5.35694e-15 -4.09899e-24  7.21846e-15  3.14357e-24  2.06301e-15 -1.86224e-24 -1.43012e-16  8.36687e-25 -3.15518e-16 -2.37099e-25 -1.11631e-16  2.33663e-26 -1.14139e-17  2.75278e-27  6.48746e-18  3.66656e-27  3.64642e-18 -3.34536e-27  8.96269e-19  1.73017e-27   6.7784e-20 -1.02914e-27  -3.6939e-20  4.19778e-28 -1.79389e-20 -5.17764e-29 -4.31245e-21  -1.7633e-29 -5.70399e-22  5.82634e-30   8.0179e-24 -2.07996e-30  2.57494e-23  1.32531e-30  7.51441e-24 -1.80271e-31  1.34932e-24 -1.32536e-31   1.6027e-25  4.37167e-32  8.95045e-27 -5.08234e-34 -1.10265e-27 -1.12245e-33 -3.94144e-28  3.73372e-34 -6.39204e-29  1.71031e-36 -7.16621e-30 -3.97392e-35 -5.87822e-31 -5.49321e-36 -3.36436e-32  1.36347e-37 -1.00486e-33  2.98424e-38  3.08112e-35   3.0838e-39  5.87848e-36  1.51348e-39  3.76619e-37  2.61544e-40  1.42972e-38   2.0341e-41  3.28962e-40  2.75757e-43  3.71349e-42  -8.8441e-45
-4.48934e-30  1.58205e-13  1.02451e-28 -3.29528e-12  -5.0383e-28  3.52236e-11 -4.44571e-27 -2.41982e-10  8.08335e-26  1.17396e-09 -5.97861e-25 -4.22199e-09  2.80522e-24  1.15461e-08 -9.21906e-24 -2.42551e-08  2.16919e-23  3.89924e-08 -3.51264e-23 -4.69233e-08  3.12996e-23  3.98983e-08  1.37079e-23 -2.01832e-08 -1.02866e-22  1.07631e-09  1.98973e-22  6.03588e-09 -2.53593e-22 -2.90121e-09  2.70473e-22 -9.73713e-10 -3.17253e-22  1.06139e-09  4.37369e-22  1.57636e-10 -5.58287e-22 -2.98796e-10  5.37077e-22 -5.10071e-11 -3.17387e-22  7.13818e-11  7.23232e-24  2.25976e-11  2.23076e-22  -1.2355e-11 -2.94328e-22 -7.83844e-12  2.49689e-22  5.47608e-13  -1.6877e-22  1.73481e-12  9.56977e-23  4.49867e-13  -4.0946e-23 -1.58865e-13  6.82315e-24 -1.33646e-13  7.54212e-24 -2.46847e-14 -9.26764e-24  1.05358e-14  6.63604e-24  7.64727e-15 -3.75639e-24  1.69226e-15   1.6014e-24 -2.48653e-16 -3.95215e-25 -2.93739e-16   5.3247e-27 -9.34568e-17  1.55811e-26 -9.31517e-18   6.6722e-27  4.60377e-18 -5.93881e-27  2.57239e-18  2.55199e-27   6.4983e-19 -1.67074e-27  7.08206e-20  7.51856e-28 -1.37855e-20  -8.4849e-29 -8.77023e-21 -3.72909e-29 -2.31223e-21  7.87119e-30 -3.72267e-22 -1.83143e-30 -2.66961e-23  2.37264e-30  4.75135e-24 -5.17929e-31  2.12727e-24 -2.21247e-31  4.39648e-25  8.16864e-32   6.1672e-26  2.51362e-33    5.923e-27  -2.4118e-33   2.8541e-28   4.2559e-34 -2.17069e-29   5.6448e-37 -6.83671e-30 -6.41747e-35 -8.93085e-31 -9.92961e-36 -7.92554e-32 -8.70993e-38 -5.12973e-33  3.50652e-38 -2.39057e-34   3.6926e-39 -7.36615e-36   1.5817e-39 -1.09293e-37  2.93791e-40  1.36029e-39   2.0407e-41  9.05521e-41  1.37148e-43  1.02198e-42
-5.70748e-14  -9.0486e-29  2.15781e-12  1.18032e-27  -3.1311e-11 -4.44571e-27  2.68709e-10 -3.27128e-26 -1.56828e-09  5.15887e-25   6.6559e-09 -3.37905e-24 -2.12893e-08  1.41922e-23  5.22412e-08 -4.18753e-23 -9.87504e-08  8.78459e-23  1.42308e-07 -1.22797e-22 -1.51315e-07  7.72535e-23  1.09075e-07  1.10425e-22 -3.91971e-08 -4.02222e-22 -1.09484e-08  6.43421e-22  1.84858e-08 -7.14661e-22 -3.57465e-09  7.15935e-22 -4.71976e-09 -8.97385e-22    1.875e-09  1.32223e-21  1.18408e-09  -1.6724e-21 -5.31458e-10   1.5252e-21 -3.39716e-10 -8.23393e-22  9.75261e-11  -3.5474e-23  9.76585e-11  5.91335e-22 -2.74102e-12 -7.08701e-22 -2.21642e-11  5.61135e-22 -5.51052e-12 -3.60468e-22  2.73435e-12  1.97208e-22  1.93492e-12 -8.05634e-23  1.88933e-13   1.0354e-23 -2.55298e-13  1.69208e-23 -1.26949e-13 -1.83931e-23 -1.19508e-14  1.23683e-23  1.27821e-14  -6.7372e-24   6.7215e-15  2.73485e-24   1.2115e-15 -5.67274e-25 -2.51459e-16 -6.09162e-26 -2.26832e-16  4.14004e-26 -6.79015e-17  1.26345e-26 -7.42494e-18  -9.2783e-27  2.46525e-18  2.87034e-27   1.4793e-18 -2.41617e-27  3.91284e-19  1.24962e-27  5.46179e-20 -1.20168e-28 -1.55718e-21 -7.13716e-29 -3.09489e-21  6.61694e-30 -9.30275e-22  4.63471e-31 -1.71046e-22   3.9931e-30 -1.96878e-23 -1.16009e-30 -6.01388e-25 -3.54017e-31  3.20796e-25  1.39587e-31  8.92749e-26  9.54367e-33  1.42362e-26 -4.22289e-33  1.61023e-27  3.04485e-34   1.2985e-28 -3.17315e-35   6.3041e-30  -9.5299e-35 -4.28322e-32 -1.55096e-35 -4.22672e-32 -4.41753e-37 -4.56223e-33  3.09947e-38 -2.99088e-34  2.04351e-39 -1.33367e-35  1.25349e-39 -4.00331e-37  2.78509e-40   -7.354e-39   1.6128e-41 -6.10757e-41  3.90955e-44
 4.20011e-29 -1.01434e-12 -1.17679e-27  2.18511e-11  1.07526e-26 -2.41982e-10 -3.27128e-26   1.7257e-09 -2.05704e-25 -8.71142e-09  2.85257e-24   3.2692e-08 -1.66859e-23 -9.36285e-08  6.30486e-23  2.06971e-07 -1.67358e-22 -3.52544e-07  3.12129e-22  4.54564e-07 -3.69135e-22  -4.2334e-07  1.19344e-22  2.50346e-07  5.39483e-22 -4.67702e-08 -1.34958e-21 -5.63538e-08  1.80863e-21  4.16071e-08 -1.73652e-21  3.64237e-09  1.65856e-21 -1.36267e-08  -2.2987e-21  8.78949e-10   3.5765e-21  3.82571e-09 -4.40726e-21 -2.07927e-10  3.76652e-21 -1.01927e-09 -1.81485e-21 -7.60054e-11  -2.6055e-22  2.31786e-10  1.41456e-21  6.75849e-11 -1.52703e-21 -3.35055e-11  1.12565e-21 -2.35894e-11  -6.8937e-22 -7.90194e-13   3.6682e-22  4.12622e-12 -1.44252e-22  1.60966e-12  1.35702e-23  -8.2607e-14  3.32133e-23  -2.8196e-13 -3.25186e-23 -9.96339e-14   2.0647e-23 -1.87024e-15 -1.09268e-23  1.18395e-14  4.24215e-24  5.07416e-15 -6.95801e-25  7.94243e-16 -2.08208e-25 -1.84209e-16  8.10656e-26 -1.47351e-16  2.45938e-26 -4.30497e-17 -1.25013e-26 -5.47186e-18  1.77989e-27  9.15363e-19 -3.23316e-27  6.82583e-19  1.95367e-27  1.92484e-19 -1.31719e-28  3.18389e-20 -1.25086e-28  1.86949e-21 -3.09985e-30 -6.76515e-22  6.02565e-30 -2.68504e-22   6.4254e-30 -5.56248e-23 -2.18442e-30 -7.77747e-24 -5.48226e-31 -6.85318e-25  2.17815e-31 -9.88766e-27  2.19218e-32  8.90612e-27    -6.33e-33  1.87673e-27 -9.16222e-35  2.36877e-28 -1.24608e-34  2.14816e-29 -1.32557e-34  1.42658e-30 -2.14262e-35  6.48896e-32 -8.27718e-37   1.4489e-33  1.81937e-38 -4.17594e-35 -2.22148e-39  -5.1533e-36  6.59729e-40 -2.15723e-37  2.22397e-40 -4.51112e-39   9.7137e-42 -3.26563e-41
 2.99303e-13  7.17616e-28 -1.17065e-11   -1.152e-26  1.76023e-10  8.08335e-26 -1.56828e-09 -2.05704e-25  9.52303e-09 -1.12572e-24 -4.21586e-08  1.38772e-23  1.41108e-07 -7.29894e-23  -3.6382e-07  2.49121e-22  7.26654e-07 -5.95578e-22 -1.11577e-06  9.82803e-22  1.28249e-06 -9.51092e-22 -1.03194e-06 -6.85678e-23  4.70888e-07  2.05818e-21  2.31006e-08 -3.95716e-21 -1.72489e-07  4.45358e-21  6.54027e-08 -3.63892e-21  3.46964e-08  3.41446e-21 -2.71373e-08 -5.45052e-21 -7.08382e-09  8.80567e-21  7.97705e-09 -1.04185e-20  2.16762e-09  8.26525e-21 -1.89047e-09 -3.47251e-21 -8.11543e-10 -9.67916e-22  2.98296e-10  3.04841e-21  2.53313e-10 -2.96418e-21  2.52871e-12  2.03445e-21  -5.1353e-11 -1.19405e-21 -1.70461e-11  6.24201e-22  3.57643e-12 -2.38425e-22  4.25855e-12  1.52675e-23  1.03005e-12  5.80581e-23 -2.48792e-13  -5.1713e-23 -2.46932e-13   3.1197e-23 -6.72001e-14 -1.62586e-23   3.0433e-15  6.06461e-24  8.97081e-15 -6.96584e-25  3.36066e-15 -4.66663e-25  4.94267e-16  1.26957e-25  -1.0162e-16  4.68886e-26 -8.05725e-17 -1.35419e-26 -2.36558e-17 -1.79294e-27 -3.50905e-18 -4.23802e-27  1.48613e-19  2.88253e-27  2.43129e-19 -6.27546e-29  7.54466e-20 -2.00791e-28  1.41066e-20 -2.86204e-29  1.51797e-21  1.54378e-29 -2.09933e-23  9.91007e-30 -4.94761e-23 -3.58665e-30  -1.2346e-23 -8.16815e-31  -1.9482e-24  3.09962e-31  -2.1743e-25  3.95979e-32 -1.59522e-26 -8.39515e-33 -3.51119e-28 -8.15995e-34  9.69555e-29 -2.99209e-34  1.73226e-29 -1.74067e-34  1.71149e-30 -2.65862e-35  1.17778e-31 -1.10367e-36  5.82693e-33  1.25904e-39  2.00615e-34 -7.84535e-39  4.31151e-36   6.6831e-41  4.03391e-38  1.47174e-40 -1.78936e-40  3.95348e-42
-2.54592e-28  4.57152e-12  8.04918e-27 -1.02086e-10 -9.07487e-26  1.17396e-09  5.15887e-25 -8.71142e-09 -1.12572e-24  4.58659e-08 -5.43741e-24 -1.80034e-07  6.01117e-23   5.4123e-07 -2.85905e-22 -1.26177e-06  8.84337e-22  2.28168e-06 -1.90471e-21 -3.15583e-06  2.76068e-21  3.21432e-06 -2.05907e-21 -2.18611e-06 -1.37382e-21  6.69937e-07  6.60369e-21  3.21755e-07 -1.02569e-20 -3.91813e-07  9.61359e-21  4.46762e-08 -6.47966e-21  1.12044e-07  6.33474e-21 -3.33037e-08 -1.21386e-20 -2.99778e-08  1.99314e-20  9.90174e-09 -2.23595e-20  8.63569e-09  1.63333e-20 -1.64725e-09 -5.82156e-21  -2.4097e-09 -2.67627e-21 -9.86394e-11  5.93537e-21  5.21027e-10 -5.21475e-21    1.653e-10  3.33644e-21 -5.55979e-11 -1.89038e-21 -5.03008e-11  9.82481e-22 -7.62465e-12 -3.67686e-22  5.79406e-12  1.42372e-23  3.45628e-12  9.14554e-23  4.95792e-13 -7.43758e-23 -2.85687e-13  4.30225e-23 -1.81915e-13 -2.25065e-23 -4.03328e-14  8.08833e-24  3.77781e-15 -4.65227e-25  5.72689e-15 -8.50917e-25  1.97279e-15  1.58319e-25  2.94068e-16  8.38999e-26 -4.03824e-17 -8.69645e-27 -3.66485e-17 -8.64455e-27 -1.10873e-17 -5.82816e-27 -1.87861e-18  3.99616e-27 -7.79524e-20  1.78786e-28  6.09029e-20 -2.93541e-28  2.26635e-20 -7.80967e-29   4.6996e-21  2.79454e-29  6.41067e-22   1.4548e-29  4.60904e-23 -5.24899e-30 -3.21412e-24 -1.15798e-30  -1.6609e-24  4.01573e-31 -3.06809e-25  6.01927e-32 -3.81804e-26  -1.0143e-32 -3.45803e-27 -1.83455e-33 -2.19067e-28 -5.52612e-34 -7.35439e-30  -2.1574e-34    2.306e-31 -2.98948e-35  5.18732e-32 -1.15698e-36   3.8647e-33 -1.42676e-38  1.75299e-34   -1.254e-38  4.99688e-36 -2.99662e-40  7.93615e-38  7.72478e-41  4.52011e-40
-1.13266e-12 -3.78987e-27  4.59474e-11  6.88489e-26 -7.17742e-10 -5.97861e-25   6.6559e-09  2.85257e-24 -4.21586e-08 -5.43741e-24  1.95186e-07 -2.34417e-23 -6.85381e-07  2.34102e-22  1.86137e-06 -1.01166e-21 -3.93726e-06  2.84326e-21  6.45369e-06 -5.51415e-21 -8.02355e-06  6.94425e-21  7.17442e-06 -3.51903e-21 -3.97286e-06 -6.41998e-21  4.88276e-07  1.84363e-20  1.09369e-06 -2.36663e-20 -6.78122e-07  1.80389e-20 -1.23923e-07 -9.34313e-21  2.44622e-07   1.0767e-20  1.77484e-09 -2.55962e-20 -7.20023e-08  4.17149e-20 -9.20056e-10  -4.3909e-20  1.94278e-08   2.9322e-20  2.66372e-09 -8.54868e-21 -4.34598e-09 -6.10237e-21 -1.57227e-09  1.04892e-20   5.7531e-10 -8.35634e-21   5.0076e-10  4.99144e-21   4.2057e-11 -2.75652e-21 -8.12686e-11  1.44374e-21  -3.6862e-11 -5.32906e-22 -1.57508e-13  9.40058e-24  5.78402e-12  1.30756e-22  2.34098e-12 -9.68421e-23   1.5576e-13  5.45615e-23 -2.36312e-13 -2.94135e-23 -1.16444e-13  1.01554e-23 -2.22679e-14  1.17557e-25  2.59316e-15 -1.34659e-24  3.11304e-15   1.3919e-25  1.02623e-15  1.37436e-25  1.63195e-16  7.44425e-27 -8.89621e-18 -1.86868e-26 -1.34899e-17 -8.73385e-27 -4.32899e-18  5.15846e-27 -8.16698e-19   7.0832e-28 -7.76761e-20 -3.87334e-28  7.40833e-21 -1.57845e-28   4.8482e-21  4.11444e-29  1.14179e-21  2.01258e-29  1.77306e-22 -6.95147e-30  1.87712e-23 -1.54928e-30  1.02706e-24  4.71546e-31 -7.07954e-26   7.8794e-32 -2.62325e-26 -1.15131e-32 -3.77968e-27 -3.01341e-33 -3.68284e-28 -8.50158e-34 -2.62133e-29 -2.51103e-34 -1.34731e-30 -3.05499e-35  -4.5575e-32 -9.64017e-37 -6.61657e-34 -2.48244e-38  1.97341e-35  -1.4387e-38  1.22851e-36 -3.80678e-40  2.16595e-38  2.82326e-41
  1.0775e-27 -1.51869e-11 -3.74018e-26  3.52548e-10  4.78671e-25 -4.22199e-09 -3.37905e-24   3.2692e-08  1.38772e-23 -1.80034e-07 -2.34417e-23  7.41244e-07 -9.10286e-23 -2.34561e-06  8.26207e-22  5.78235e-06  -3.2572e-21 -1.11271e-05  8.33531e-21  1.65365e-05 -1.45354e-20 -1.84102e-05  1.56522e-20  1.42441e-05 -3.66627e-21 -5.97763e-06 -2.16227e-20 -8.59319e-07  4.56589e-20   2.5808e-06 -4.87621e-20 -8.13572e-07  2.86627e-20 -5.93512e-07 -9.14882e-21  3.82468e-07  1.71593e-20  1.34781e-07 -5.12476e-20 -1.17957e-07  8.10079e-20 -4.10906e-08 -7.93264e-20  2.82318e-08  4.81035e-20  1.45988e-08 -1.08615e-20 -4.19696e-09 -1.20091e-20 -4.39343e-09  1.69076e-20 -2.36807e-10 -1.22448e-20  8.58637e-10  6.83652e-21  3.27066e-10 -3.72753e-21 -4.81126e-11  1.99642e-21 -7.58589e-11 -7.28438e-22 -2.10735e-11 -5.67084e-25  3.50847e-12  1.70058e-22  4.49514e-12 -1.13558e-22   1.3737e-12  6.41816e-23  4.44491e-15 -3.68729e-23 -1.57957e-13   1.2056e-23 -6.59906e-14  1.18374e-24 -1.16053e-14 -1.89934e-24  1.22348e-15  2.12177e-26   1.4369e-15  2.03256e-25  4.68446e-16  4.13654e-26  8.11523e-17 -3.04225e-26  1.59034e-18 -1.39055e-26 -3.79561e-18  6.12619e-27 -1.36274e-18  1.63331e-27 -2.81384e-19 -4.55163e-28 -3.62433e-20 -2.69176e-28 -1.49263e-21  5.13709e-29  5.98944e-22  2.60133e-29  1.88764e-22 -8.42958e-30  3.27874e-23   -1.952e-30  3.99935e-24  4.96171e-31  3.44525e-25   8.8934e-32  1.72454e-26 -1.26716e-32 -3.06407e-28 -4.14321e-33 -1.65179e-28 -1.13242e-33 -1.89648e-29  -2.7253e-34 -1.36932e-30 -2.82852e-35 -6.87678e-32 -6.01775e-37 -2.37811e-33 -2.95617e-38 -5.23236e-35 -1.29445e-38 -6.05768e-37 -2.72137e-40 -2.08713e-39
  3.1997e-12  1.41606e-26 -1.35051e-10 -2.83576e-25  2.19865e-09  2.80522e-24 -2.12893e-08 -1.66859e-23  1.41108e-07  6.01117e-23 -6.85381e-07 -9.10286e-23  2.53271e-06  -3.2081e-22 -7.26713e-06  2.66016e-21  1.63258e-05 -9.60062e-21 -2.86348e-05  2.24074e-20   3.8554e-05 -3.50527e-20 -3.82055e-05     3.15e-20   2.4991e-05  3.16773e-21 -6.68678e-06 -6.04286e-20 -4.61087e-06  1.01548e-19  4.74345e-06 -8.96108e-20 -2.85224e-07  3.57235e-20  -1.4789e-06  8.07941e-22  3.59231e-07  2.65058e-20  4.16503e-07 -9.73615e-20 -1.13739e-07  1.46294e-19 -1.22346e-07 -1.32351e-19   1.7701e-08  7.24042e-20  3.42467e-08 -1.15141e-20  2.62714e-09 -2.09182e-20 -7.35031e-09  2.49719e-20 -2.63122e-09 -1.64492e-20  7.28947e-10  8.58734e-21  7.66101e-10 -4.70551e-21  1.37376e-10  2.61516e-21 -8.30321e-11 -9.38371e-22 -5.50037e-11 -1.81181e-23 -9.29338e-12  2.00222e-22  4.08226e-12 -1.17936e-22  2.93148e-12  7.09072e-23  7.20501e-13 -4.50692e-23 -3.25659e-14  1.34923e-23 -8.88498e-14  2.87345e-24 -3.33936e-14  -2.4098e-24 -5.75244e-15 -2.47473e-25  3.67595e-16  2.68069e-25   5.5438e-16  9.91373e-26  1.84244e-16  -4.0821e-26  3.47606e-17 -2.22161e-26   2.6412e-18  6.59119e-27 -7.01535e-19  3.01088e-27 -3.28872e-19 -4.64931e-28 -7.45653e-20 -4.06082e-28 -1.12102e-20  5.47659e-29 -1.04165e-21  3.12308e-29 -9.59483e-24 -9.45522e-30  1.72872e-23  -2.3248e-30  3.79852e-24  4.55057e-31  5.09529e-25  8.46683e-32  4.92263e-26 -1.38543e-32  3.46237e-27 -4.99655e-33  1.61884e-28 -1.33524e-33    2.844e-30 -2.73756e-34 -2.51287e-31 -2.34974e-35 -2.57513e-32 -2.04804e-37 -1.19618e-33 -2.92374e-38 -3.12043e-35  -9.2888e-39 -3.92591e-37 -1.18383e-40
-3.27122e-27  3.80869e-11  1.24044e-25 -9.22465e-10 -1.75742e-24  1.15461e-08  1.41922e-23 -9.36285e-08 -7.29894e-23   5.4123e-07  2.34102e-22 -2.34561e-06  -3.2081e-22  7.83982e-06  -1.0327e-21 -2.05037e-05  7.85837e-21  4.21126e-05 -2.60422e-20 -6.74031e-05  5.55064e-20  8.20573e-05 -7.76286e-20 -7.17128e-05  5.59962e-20  3.81132e-05  3.11728e-20 -2.89512e-06 -1.47373e-19 -1.20863e-05   2.0451e-19  6.79883e-06 -1.45771e-19  1.70179e-06  2.46936e-20 -2.66029e-06  3.19369e-20 -1.27506e-07  4.12796e-20   8.2035e-07 -1.75126e-19  3.81514e-08  2.46099e-19 -2.27667e-07 -2.04508e-19 -3.81925e-08  1.00255e-19  5.17161e-08 -9.09179e-21  2.05766e-08 -3.27724e-20 -6.72076e-09  3.39336e-20 -6.47923e-09 -2.02723e-20 -6.71557e-10  9.88597e-21  1.04155e-09 -5.58614e-21   5.0472e-10  3.26244e-21  1.22883e-11 -1.13249e-21 -7.71099e-11 -4.76541e-23 -3.32014e-11  2.09522e-22 -2.86512e-12 -1.03767e-22  3.14074e-12  7.51259e-23  1.66393e-12 -5.44842e-23  3.47864e-13  1.40293e-23 -2.49871e-14  5.31821e-24 -4.26402e-14 -2.73733e-24 -1.50726e-14 -7.08464e-25 -2.66855e-15  3.08784e-25   1.9419e-17  1.84262e-25  1.72862e-16 -4.58238e-26  6.08173e-17 -3.40559e-26  1.23932e-17  6.28133e-27  1.42725e-18  4.81221e-27 -2.63425e-20 -3.90102e-28 -5.50069e-20 -5.55141e-28 -1.44966e-20   4.8605e-29  -2.4123e-21  3.46999e-29 -2.80587e-22 -9.90387e-30 -2.04937e-23 -2.63864e-30 -1.48793e-25  3.37728e-31  2.10417e-25   6.3058e-32  3.59864e-26 -1.51376e-32  3.71509e-27 -5.40012e-33  2.73122e-28 -1.41348e-33  1.45796e-29 -2.52583e-34  5.41631e-31 -1.71865e-35  1.21897e-32  1.02878e-37  8.44337e-35 -2.50142e-38 -2.68395e-36 -5.15862e-39 -4.38354e-38
 -6.8477e-12 -3.80189e-26     3.02e-10  8.37696e-25 -5.14564e-09 -9.21906e-24  5.22412e-08  6.30486e-23  -3.6382e-07 -2.85905e-22  1.86137e-06  8.26207e-22 -7.26713e-06  -1.0327e-21   2.2114e-05 -3.05306e-21 -5.29515e-05   2.1404e-20  9.96919e-05 -6.53075e-20 -0.000145664  1.27242e-19  0.000159789 -1.58359e-19 -0.000121416  8.56637e-20  4.85445e-05  1.09662e-19  1.03517e-05 -3.21626e-19 -2.36956e-05  3.75096e-19  6.76567e-06 -2.05735e-19  5.91513e-06 -3.18535e-20 -3.53034e-06  1.00045e-19   -1.421e-06  6.67411e-20   1.1467e-06 -2.97515e-19   4.4053e-07  3.86155e-19 -2.84197e-07 -2.93266e-19 -1.57635e-07  1.27907e-19  4.28609e-08 -2.52659e-21  4.82302e-08  -4.6715e-20  3.08929e-09  4.25744e-20 -9.60904e-09 -2.28691e-20 -3.80719e-09  1.03892e-20  5.23752e-10 -6.29585e-21  8.91888e-10   3.8909e-21  2.57609e-10  -1.2637e-21  -3.9246e-11 -9.53444e-23 -5.45647e-11  1.84788e-22 -1.73506e-11 -6.68455e-23 -3.13261e-13  7.89729e-23  1.91711e-12 -6.57332e-23  8.38784e-13  1.30742e-23  1.58393e-13  8.60574e-24 -1.10112e-14 -2.71468e-24 -1.74225e-14 -1.37784e-24 -6.00571e-15    2.954e-25 -1.12149e-15  2.95468e-25 -5.37561e-17 -4.14655e-26   4.0536e-17 -4.89789e-26  1.62376e-17  5.09242e-27  3.55975e-18  6.91217e-27  5.02237e-19 -2.20605e-28  3.35034e-20 -6.98085e-28 -4.42473e-21  3.22827e-29 -1.87759e-21  3.55838e-29  -3.5206e-22 -9.77803e-30 -4.52815e-23 -2.88279e-30 -4.20804e-24  1.49173e-31 -2.61356e-25  2.59738e-32 -5.91523e-27 -1.63003e-32  8.49386e-28 -5.29371e-33    1.272e-28  -1.3566e-33   9.6255e-30 -2.12314e-34  4.77376e-31 -1.06747e-35  1.57131e-32  2.59073e-37  3.16686e-34 -1.82195e-38  3.08988e-36 -1.95595e-39
 7.01458e-27 -7.26517e-11 -2.94938e-25  1.84506e-09  4.63255e-24 -2.42551e-08 -4.18753e-23  2.06971e-07  2.49121e-22 -1.26177e-06 -1.01166e-21  5.78235e-06  2.66016e-21 -2.05037e-05 -3.05306e-21  5.71303e-05 -8.32897e-21 -0.000125728   5.3984e-20  0.000217419 -1.52022e-19 -0.000289884  2.70961e-19  0.000284977 -2.98258e-19  -0.00018407  1.05179e-19  4.57966e-05  2.90599e-19   3.8565e-05 -6.37699e-19 -3.73951e-05  6.28929e-19  1.43022e-06 -2.39084e-19  1.24035e-05 -1.76211e-19  -2.8579e-06  2.22666e-19 -3.64324e-06  1.12101e-19  9.71387e-07 -4.76471e-19  1.10618e-06  5.65809e-19 -1.58773e-07 -3.90846e-19 -3.20366e-07  1.50485e-19 -2.47642e-08   8.3439e-21  7.14546e-08 -6.11577e-20  2.57973e-08  4.94613e-20 -7.43829e-09 -2.34326e-20 -7.81243e-09  9.87374e-21   -1.399e-09  -6.8283e-21  8.79486e-10   4.4453e-21  5.85267e-10 -1.26924e-21  9.99025e-11 -1.67208e-22 -4.42943e-11  1.12948e-22 -3.22393e-11 -6.37585e-24 -8.09761e-12  8.61698e-23  2.94637e-13 -7.92786e-23  9.80714e-13  9.92329e-24  3.79012e-13  1.27324e-23  6.86755e-14 -2.17384e-24  -2.6889e-15 -2.23476e-24 -5.96218e-15   1.9768e-25 -2.07279e-15  4.25302e-25 -4.11322e-16 -2.52931e-26 -3.80795e-17 -6.55698e-26  5.73865e-18  3.19572e-27  3.30695e-18  9.11345e-27   7.9285e-19  3.17431e-29  1.25593e-19 -8.16254e-28  1.30654e-20  7.50173e-30  5.16851e-22  3.35612e-29 -1.15929e-22 -9.18112e-30 -3.13808e-23 -3.05823e-30 -4.45736e-24 -8.78004e-32 -4.45073e-25 -1.97475e-32 -3.26312e-26  -1.6887e-32  -1.6922e-27 -4.74917e-33 -5.17287e-29 -1.18918e-33  8.23618e-32 -1.60981e-34  9.66842e-32 -5.18383e-36  4.81165e-33  2.73705e-37  1.09786e-34 -1.06342e-38  8.75578e-37
 1.10896e-11  7.08362e-26  -5.1417e-10 -1.76172e-24  9.22342e-09  2.16919e-23 -9.87504e-08 -1.67358e-22  7.26654e-07  8.84337e-22 -3.93726e-06  -3.2572e-21  1.63258e-05  7.85837e-21 -5.29515e-05 -8.32897e-21  0.000135778 -2.10547e-20 -0.000275547  1.26557e-19  0.000438313 -3.29665e-19 -0.000532522  5.37859e-19   0.00046528 -5.19514e-19 -0.000245888  7.80019e-20  1.39686e-05  6.54185e-19   8.4896e-05 -1.16066e-18 -4.71942e-05  9.66054e-19 -1.27749e-05 -1.90568e-19  1.95887e-05 -4.62632e-19   9.7993e-07  4.13756e-19 -6.31871e-06  1.90676e-19 -2.62093e-07  -7.1851e-19  1.83323e-06  7.74848e-19  2.93065e-07 -4.84539e-19 -4.38552e-07  1.63342e-19 -1.70078e-07  2.24717e-20  6.17099e-08  -7.4206e-20  5.69457e-08  5.33122e-20  5.14743e-09 -2.13806e-20 -9.76749e-09   8.3276e-21 -4.61046e-09 -7.26709e-21 -4.74519e-11  4.86383e-21  7.50702e-10  -1.0778e-21   3.1774e-10 -2.65619e-22  2.53761e-11 -1.71206e-23 -3.15938e-11  7.43083e-23 -1.65779e-11   1.0128e-22 -3.47784e-12 -9.51392e-23  2.45328e-13  3.89186e-24  4.28324e-13  1.75621e-23  1.53425e-13 -9.80355e-25   2.8017e-14 -3.21847e-24  2.14455e-16 -5.93357e-27 -1.64862e-15   5.6026e-25 -6.02812e-16  2.43949e-27 -1.26959e-16 -8.16313e-26 -1.58385e-17  1.06313e-27   -1.922e-19  1.11985e-26   4.5299e-19  3.36752e-28  1.29289e-19 -8.95209e-28  2.23371e-20  -2.2376e-29  2.71829e-21  2.89164e-29   2.2274e-22 -8.26124e-30  7.46468e-24 -3.16365e-30 -1.07332e-24 -3.35405e-31 -2.32335e-25 -6.41342e-32 -2.50961e-26 -1.64528e-32 -1.85643e-27  -3.9385e-33 -9.84779e-29 -9.57787e-34 -3.65553e-30 -1.08609e-34 -8.69544e-32  -1.4508e-36 -1.04262e-33  2.03027e-37 -9.56551e-37 -4.27899e-39
-9.54033e-27  1.04509e-10  4.74298e-25 -2.80388e-09 -8.58176e-24  3.89924e-08  8.78459e-23 -3.52544e-07 -5.95578e-22  2.28168e-06  2.84326e-21 -1.11271e-05 -9.60062e-21  4.21126e-05   2.1404e-20 -0.000125728 -2.10547e-20  0.000298034  -4.9499e-20 -0.000559357   2.7671e-19  0.000819214 -6.68136e-19 -0.000904574   9.9839e-19  0.000693682 -8.37694e-19 -0.000278932 -6.29133e-20 -6.49936e-05  1.30822e-18  0.000145865 -1.95444e-18 -4.28416e-05  1.35984e-18 -3.77643e-05  1.93792e-20  2.36453e-05 -9.47678e-19  9.22528e-06  6.76696e-19  -8.0897e-06  3.18177e-19 -2.94317e-06 -1.01972e-18  2.13454e-06  9.92277e-19  1.11561e-06 -5.59008e-19 -3.58769e-07  1.63736e-19 -3.65897e-07  3.78006e-20 -1.33674e-08 -8.43257e-20  7.89742e-08  5.33159e-20  2.93205e-08 -1.64759e-20 -5.36189e-09  5.99767e-21  -7.5783e-09 -7.78366e-21 -2.05887e-09  5.07972e-21  4.05036e-10 -6.22516e-22  4.84709e-10 -3.85585e-22  1.48577e-10 -2.12499e-22  2.20202e-13  1.67995e-22 -1.77614e-11  1.28561e-22 -7.58783e-12 -1.12725e-22 -1.41235e-12 -5.49935e-24  1.06816e-13  2.28146e-23  1.59706e-13  9.30422e-25  5.50786e-14 -4.23613e-24  1.04384e-14 -3.19917e-25  5.85517e-16  6.82739e-25 -3.40586e-16  3.83068e-26 -1.42055e-16  -9.4665e-26 -3.18034e-17 -6.20284e-28 -4.65473e-18   1.2989e-26 -3.64273e-19  6.57131e-28  2.32591e-20  -9.2777e-28  1.36993e-20 -5.34302e-29  2.69464e-21  2.24263e-29   3.5474e-22 -7.15615e-30  3.39646e-23 -3.18552e-30  2.28571e-24 -5.49395e-31  8.43442e-26 -9.73174e-32 -2.07955e-27 -1.48357e-32 -5.73406e-28 -3.06461e-33 -4.55766e-29 -7.12255e-34 -2.17718e-30 -6.38459e-35  -6.5284e-32  4.37918e-37 -1.10238e-33  1.10982e-37 -6.81151e-36
-1.33121e-11 -7.59581e-26  6.55336e-10  2.40991e-24  -1.2493e-08 -3.51264e-23  1.42308e-07  3.12129e-22 -1.11577e-06 -1.90471e-21  6.45369e-06  8.33531e-21 -2.86348e-05 -2.60422e-20  9.96919e-05   5.3984e-20 -0.000275547  -4.9499e-20  0.000606326 -1.08578e-19  -0.00105507  5.65946e-19   0.00142315 -1.26928e-18  -0.00142227  1.73824e-18  0.000938772 -1.25079e-18 -0.000241834 -4.19394e-19 -0.000204099  2.37711e-18  0.000207347 -3.06452e-18 -1.18751e-05   1.7508e-18   -7.112e-05  4.83917e-19  1.88606e-05 -1.67436e-18  2.15448e-05  9.97845e-19  -6.8251e-06  5.08862e-19 -6.84705e-06 -1.36187e-18  1.32854e-06  1.18832e-18  2.11889e-06 -6.00278e-19  7.81886e-08  1.52156e-19 -5.15641e-07  5.20201e-20 -1.65692e-07 -9.09739e-20  6.37473e-08  4.92571e-20  5.72838e-08 -8.84743e-21  8.43306e-09  3.37813e-21 -7.43247e-09 -8.60556e-21 -4.47581e-09  5.02492e-21 -6.54421e-10  1.42478e-22  3.96358e-10 -5.12865e-22  2.61085e-10 -4.74204e-22  6.17607e-11  2.64873e-22 -4.09953e-12   1.7076e-22 -8.37533e-12 -1.30881e-22 -3.12508e-12 -1.83365e-23 -5.50123e-13   2.8097e-23   2.7371e-14  3.52379e-24  5.00765e-14 -5.17952e-24  1.72028e-14 -7.26741e-25   3.4209e-15  7.74473e-25  3.30127e-16  7.62402e-26 -4.08124e-17 -1.02499e-25 -2.54754e-17  -1.1404e-27 -6.19656e-18  1.43887e-26  -9.9684e-19  9.61912e-28 -1.08239e-19 -9.14562e-28 -5.67847e-21 -8.21808e-29  5.73328e-22   1.5124e-29  1.92332e-22  -5.9644e-30  2.82017e-23  -3.1002e-30  2.83218e-24 -6.91126e-31  2.08323e-25 -1.12853e-31  1.10541e-26 -1.22821e-32  3.83433e-28   -2.288e-33  5.42338e-30 -4.90667e-34 -2.00949e-31 -3.15312e-35 -1.22915e-32  9.28279e-37  -2.2697e-34  4.03766e-38
 3.58286e-27 -1.09761e-10 -3.73622e-25  3.15154e-09  9.71902e-24 -4.69233e-08 -1.22797e-22  4.54564e-07  9.82803e-22 -3.15583e-06 -5.51415e-21  1.65365e-05  2.24074e-20 -6.74031e-05 -6.53075e-20  0.000217419  1.26557e-19 -0.000559357 -1.08578e-19   0.00114696 -2.22858e-19  -0.00185452  1.08566e-18   0.00230308  -2.2662e-18  -0.00207008  2.84677e-18   0.00113904 -1.72865e-18 -8.75233e-05 -1.12114e-18 -0.000401475  3.97885e-18  0.000243387 -4.49991e-18  5.55434e-05  2.05092e-18 -0.000103981  1.28834e-18  -5.4472e-07 -2.65374e-18  3.49304e-05  1.34339e-18 -3.43443e-07  7.70207e-19 -1.07608e-05 -1.71156e-18   -1.152e-06  1.32987e-18  2.81149e-06 -6.00277e-19   9.2243e-07  1.32654e-19 -4.66851e-07  6.36286e-20 -3.58868e-07 -9.48831e-20 -1.35586e-08   4.1391e-20  7.09259e-08  1.07636e-21  2.95723e-08  1.13665e-21 -1.37083e-09 -9.96027e-21 -5.65997e-09  4.63817e-21 -2.16932e-09  1.22668e-21  -9.2942e-11 -6.25678e-22  2.55812e-10 -7.95795e-22  1.22592e-10  3.54552e-22  2.35918e-11  2.28215e-22 -2.72991e-12 -1.48121e-22 -3.38416e-12 -3.41867e-23 -1.15876e-12  3.29738e-23 -2.03748e-13  6.65178e-24  7.21928e-16 -5.94599e-24  1.27636e-14  -1.1873e-24  4.54518e-15  8.20585e-25  9.49166e-16  1.08943e-25   1.1949e-16 -1.03857e-25  2.40579e-18  2.40984e-29 -3.02827e-18  1.53924e-26 -8.81725e-19   1.2351e-27 -1.52943e-19 -8.62366e-28 -1.87782e-20 -1.06092e-28  -1.5999e-21  8.04487e-30  -7.0541e-23 -4.74905e-30  3.84621e-24 -2.88754e-30  1.12188e-24 -7.38801e-31  1.24022e-25 -1.09684e-31  8.99503e-27 -9.34545e-33  4.58639e-28  -1.6838e-33  1.61353e-29 -3.13183e-34  3.60635e-31 -1.21344e-35  4.17524e-33  6.89258e-37  1.24357e-35
 1.11798e-11 -1.72923e-26 -5.95941e-10 -1.15397e-24   1.2288e-08  3.12996e-23 -1.51315e-07 -3.69135e-22  1.28249e-06  2.76068e-21 -8.02355e-06 -1.45354e-20   3.8554e-05  5.55064e-20 -0.000145664 -1.52022e-19  0.000438313   2.7671e-19  -0.00105507 -2.22858e-19   0.00202345 -4.29085e-19  -0.00304582   1.9579e-18   0.00347861 -3.81187e-18   -0.0027858  4.39821e-18   0.00120645 -2.20875e-18  0.000221714 -2.30303e-18 -0.000631532  6.19312e-18  0.000220198 -6.22157e-18  0.000160087  2.16091e-18  -0.00012112  2.48244e-18 -3.73434e-05 -3.85001e-18  4.34669e-05  1.66156e-18  1.23285e-05   1.0977e-18 -1.24917e-05 -2.02358e-18 -5.30553e-06  1.38825e-18   2.4974e-06 -5.60311e-19   1.9944e-06  1.11907e-19 -7.73778e-08  7.28605e-20 -4.97067e-07  -9.7823e-20 -1.52627e-07  3.01473e-20  4.80703e-08  1.26744e-20  4.86124e-08 -1.01374e-23  1.09284e-08 -1.20092e-20 -3.69052e-09  3.87835e-21 -3.30121e-09  2.59465e-21 -8.95493e-10 -7.00284e-22  5.07242e-11 -1.16321e-21  1.31869e-10   4.2827e-22  5.14279e-11  2.98516e-22   8.5781e-12 -1.62981e-22  -1.1307e-12 -5.20751e-23 -1.17377e-12  3.70509e-23 -3.83112e-13  1.00605e-23 -6.96093e-14 -6.45699e-24 -3.23928e-15 -1.64672e-24  2.46051e-15   8.1319e-25  9.76511e-16  1.29758e-25  2.14523e-16 -9.86833e-26  3.11812e-17  3.02057e-27  2.51003e-18  1.60583e-26 -1.15587e-19  1.47527e-27  -8.0293e-20  -7.8139e-28 -1.58567e-20 -1.23562e-28 -2.07333e-21  2.02865e-30 -1.97707e-22 -3.56128e-30 -1.35284e-23 -2.54673e-30 -5.69299e-25 -6.93335e-31 -1.10558e-27 -9.19416e-32   1.9051e-27 -6.62662e-33  1.57541e-28 -1.24471e-33   7.0236e-30  -1.8414e-34  1.82186e-31 -2.91607e-36  2.29854e-33  2.91918e-37
  1.7821e-26  7.71383e-11 -4.22088e-25 -2.44057e-09 -9.89336e-25  3.98983e-08  7.72535e-23  -4.2334e-07 -9.51092e-22  3.21432e-06  6.94425e-21 -1.84102e-05 -3.50527e-20  8.20573e-05  1.27242e-19 -0.000289884 -3.29665e-19  0.000819214  5.65946e-19  -0.00185452 -4.29085e-19   0.00333851 -7.76658e-19  -0.00468605  3.32614e-18   0.00491162 -6.05359e-18  -0.00345535  6.42912e-18   0.00104252 -2.60491e-18  0.000695322 -4.06699e-18 -0.000842006  9.02874e-18  0.000105941 -8.14318e-18  0.000287642  1.99705e-18  -0.00010432  4.05562e-18 -8.80728e-05 -5.17529e-18  3.95914e-05  1.89063e-18  2.96393e-05  1.47166e-18 -9.47824e-06 -2.24822e-18 -1.01788e-05  1.34699e-18  5.70438e-07 -4.92044e-19  2.84192e-06  9.72264e-20  6.81465e-07  8.20361e-20  -4.5007e-07  -1.0191e-19 -3.10444e-07   1.5832e-20 -2.38308e-08  2.52352e-20  5.07956e-08  5.50854e-22  2.53334e-08 -1.47934e-20   2.2667e-09  2.74188e-21 -2.94374e-09  4.16802e-21 -1.61408e-09 -7.18798e-22 -3.24234e-10 -1.55621e-21  5.11366e-11  4.80609e-22  5.75192e-11  3.76778e-22  1.95254e-11 -1.74331e-22  3.04313e-12 -7.05768e-23 -3.22531e-13  4.00437e-23 -3.44946e-13  1.34191e-23 -1.10788e-13 -6.66948e-24 -2.10647e-14 -2.04389e-24 -1.86957e-15  7.53598e-25  2.89509e-16  1.34421e-25  1.60361e-16 -8.81221e-26  3.77776e-17  7.54787e-27  5.96368e-18  1.64596e-26  6.43497e-19  1.68699e-27  3.57749e-20 -6.82674e-28 -2.54556e-21 -1.33669e-28 -9.50465e-22 -2.40394e-30 -1.38328e-22 -2.46186e-30 -1.35784e-23 -2.10412e-30 -9.71742e-25 -5.76498e-31 -5.03545e-26 -6.68248e-32 -1.75875e-27 -4.52008e-33  -3.2237e-29  -9.1896e-34  1.69362e-31 -9.81634e-35   2.0901e-32  1.00621e-37   2.5701e-34
-5.50588e-12  2.55653e-25  3.37166e-10 -3.66896e-24 -7.88367e-09  1.37079e-23  1.09075e-07  1.19344e-22 -1.03194e-06 -2.05907e-21  7.17442e-06  1.56522e-20 -3.82055e-05 -7.76286e-20  0.000159789  2.70961e-19 -0.000532522 -6.68136e-19   0.00142315  1.08566e-18  -0.00304582 -7.76658e-19   0.00516545 -1.32397e-18  -0.00677028  5.33178e-18   0.00649077 -9.09401e-18  -0.00392411  8.91892e-18   0.00056519 -2.83212e-18   0.00129861 -6.43627e-18 -0.000960744  1.24018e-17 -0.000115993 -1.01462e-17  0.000407806   1.5184e-18 -3.87816e-05  5.92474e-18 -0.000141318 -6.49761e-18   1.6849e-05  1.97093e-18  4.68759e-05  1.85754e-18  5.95339e-08 -2.34094e-18 -1.38331e-05  1.20707e-18 -3.07849e-06 -4.15362e-19  2.84672e-06  9.42106e-20  1.63618e-06  9.51144e-20 -1.17036e-07 -1.08755e-19 -4.03677e-07 -1.50085e-21 -1.32842e-07  3.80297e-20  2.34481e-08  3.18003e-21  3.36131e-08 -1.82099e-20  1.06638e-08  1.27929e-21 -4.37955e-10  5.83874e-21   -1.687e-09 -6.76222e-22 -6.90833e-10 -1.95109e-21 -1.06914e-10  5.10193e-22  2.67838e-11  4.56374e-22  2.16733e-11 -1.81575e-22  6.72305e-12 -8.80056e-23  1.04897e-12  4.18016e-23 -5.18077e-14  1.63656e-23 -8.33931e-14 -6.57799e-24 -2.72404e-14 -2.32214e-24 -5.41705e-15  6.52555e-25  -6.4518e-16  1.22163e-25 -6.24838e-18 -7.41702e-26  1.76663e-17   1.2917e-26  4.86219e-18  1.66368e-26  8.17358e-19  1.86968e-27  9.80653e-20  -5.7638e-28  8.26689e-21 -1.36033e-28  3.85868e-22 -5.10545e-30 -1.20857e-23 -1.52297e-30 -4.41113e-24 -1.60843e-30 -4.78818e-25 -4.22482e-31 -3.30208e-26 -4.16886e-32 -1.56689e-27 -3.10544e-33 -4.99885e-29 -6.55348e-34 -9.70936e-31 -4.59511e-35 -8.84693e-33  3.92413e-37
-4.88744e-26 -2.61222e-11  2.03167e-24  1.03027e-09 -2.19028e-23 -2.01832e-08  1.10425e-22  2.50346e-07 -6.85678e-23 -2.18611e-06 -3.51903e-21  1.42441e-05     3.15e-20 -7.17128e-05 -1.58359e-19  0.000284977  5.37859e-19 -0.000904574 -1.26928e-18   0.00230308   1.9579e-18  -0.00468605 -1.32397e-18    0.0075148 -2.12868e-18  -0.00920779  8.07511e-18   0.00803435 -1.29445e-17  -0.00402606  1.17815e-17 -0.000260872 -2.84458e-18   0.00194768 -9.31666e-18 -0.000912539  1.61343e-17 -0.000434976 -1.21036e-17  0.000478691  7.42909e-19  7.94313e-05  7.94104e-18 -0.000178951 -7.66113e-18 -2.66889e-05  1.85763e-18  5.68345e-05  2.21007e-18  1.58421e-05  -2.2716e-18  -1.3837e-05  9.87707e-19 -7.73689e-06 -3.53684e-19  1.48516e-06  1.04929e-19  2.40233e-06  1.16566e-19  4.95042e-07 -1.18826e-19 -3.39506e-07 -2.19321e-20 -2.36843e-07  5.03617e-20 -3.41768e-08  7.87357e-21  2.70398e-08 -2.20295e-20  1.74354e-08 -3.95428e-22  3.70359e-09  7.48988e-21 -7.37975e-10 -5.83622e-22 -7.92491e-10 -2.32401e-21 -2.65799e-10  5.19213e-22 -3.39051e-11  5.29907e-22  1.02423e-11 -1.84666e-22  7.07123e-12 -1.02668e-22  2.08024e-12  4.22831e-23  3.39154e-13  1.85584e-23  4.78853e-15 -6.20948e-24 -1.56463e-14 -2.43858e-24 -5.47854e-15  5.28392e-25 -1.13664e-15  9.58774e-26 -1.57418e-16 -5.91254e-26 -1.17429e-17  1.82275e-26  7.12777e-19  1.65737e-26  4.01805e-19  2.01089e-27  7.54857e-20 -4.70956e-28  9.50227e-21 -1.30897e-28  8.76064e-22 -6.28255e-30   5.8398e-23 -8.07612e-31  2.48362e-24 -1.11659e-30  2.45994e-26 -2.66708e-31 -5.19054e-27  -2.1679e-32 -4.24319e-28 -2.21699e-33 -1.68266e-29 -4.29871e-34 -3.51653e-31 -1.77523e-35 -2.66326e-33
