 2.95439e-05  -1.1126e-20 -0.000246564  2.14301e-19  0.000697824 -1.00876e-18 -0.000960898   2.2799e-18  0.000612783 -2.96971e-18 -2.37093e-05  2.37677e-18 -0.000183096 -1.18539e-18  6.39738e-05  3.52818e-19  1.73609e-05 -4.23713e-20 -9.45205e-06 -7.46427e-21  1.93124e-07
 -1.1126e-20  0.000364759 -1.34033e-19  -0.00163365   1.5738e-18   0.00324564  -5.4046e-18   -0.0032313  9.49806e-18   0.00122263 -9.87009e-18  0.000493041  6.42073e-18 -0.000562872 -2.71277e-18  6.07723e-05  7.29978e-19   6.9591e-05 -7.75163e-20 -1.49593e-05 -8.97707e-21
-0.000246564 -1.34033e-19   0.00210712 -7.99007e-19  -0.00617418  6.50952e-18   0.00896874 -1.70403e-17  -0.00632034  2.36554e-17   0.00075097 -1.97759e-17    0.0018166  1.07584e-17 -0.000914324 -4.15539e-18 -8.59566e-05  1.06664e-18  0.000127045 -8.26477e-20 -1.17171e-05
 2.14301e-19  -0.00163365 -7.99007e-19   0.00757377 -3.01297e-18   -0.0158402  1.81068e-17    0.0171482 -3.68295e-17  -0.00795703  4.04565e-17  -0.00177669 -2.74481e-17   0.00351683  1.32783e-17 -0.000904235 -5.11594e-18 -0.000328168  1.15146e-18  0.000144675 -2.83168e-20
 0.000697824   1.5738e-18  -0.00617418 -3.01297e-18    0.0190328 -7.94911e-18   -0.0298681  3.62456e-17     0.024175 -5.71812e-17  -0.00584863  4.90092e-17   -0.0059061  -2.7633e-17   0.00472357  1.34035e-17 -0.000482109   -5.242e-18 -0.000514308  7.80387e-19  0.000105798
-1.00876e-18   0.00324564  6.50952e-18   -0.0158402 -7.94911e-18    0.0357243 -1.53735e-17   -0.0435512  5.31313e-17    0.0259953 -6.26929e-17 -1.17941e-05  3.99296e-17  -0.00999848 -2.04616e-17   0.00496266  1.19436e-17  6.75969e-05  -4.0942e-18 -0.000524269  1.49371e-19
-0.000960898  -5.4046e-18   0.00896874  1.81068e-17   -0.0298681 -1.53735e-17    0.0525175 -2.19322e-17   -0.0512685  5.44903e-17    0.0216892 -4.11049e-17   0.00720516  1.52945e-17   -0.0127094 -1.14487e-17   0.00448503    9.457e-18  0.000398892 -1.91119e-18 -0.000338633
  2.2799e-18   -0.0032313 -1.70403e-17    0.0171482  3.62456e-17   -0.0435512 -2.19322e-17    0.0631598 -2.17504e-17   -0.0510949  2.93687e-17    0.0139702  3.50803e-18    0.0133026 -1.07014e-17   -0.0138635 -6.04765e-18   0.00387286  5.82786e-18  0.000345629  2.28256e-19
 0.000612783  9.49806e-18  -0.00632034 -3.68295e-17     0.024175  5.31313e-17   -0.0512685 -2.17504e-17    0.0652893 -1.03682e-17   -0.0457771  -1.8053e-17   0.00641181  4.88812e-17    0.0172763 -2.22988e-17   -0.0140592 -5.11405e-18   0.00351878   2.0085e-18  4.47826e-05
-2.96971e-18   0.00122263  2.36554e-17  -0.00795703 -5.71812e-17    0.0259953  5.44903e-17   -0.0510949 -1.03682e-17    0.0616131  1.04445e-17   -0.0395901 -6.60075e-17  0.000982441  6.85722e-17    0.0194004 -1.51029e-17     -0.01382 -4.32157e-18   0.00328544   -2.365e-18
-2.37093e-05 -9.87009e-18   0.00075097  4.04565e-17  -0.00584863 -6.26929e-17    0.0216892  2.93687e-17   -0.0457771  1.04445e-17    0.0566407  3.14934e-17   -0.0352471 -8.72769e-17  -0.00205208  5.18129e-17    0.0201024  1.34532e-18   -0.0129363 -3.27375e-18   0.00244163
 2.37677e-18  0.000493041 -1.97759e-17  -0.00177669  4.90092e-17 -1.17941e-05 -4.11049e-17    0.0139702  -1.8053e-17   -0.0395901  3.14934e-17    0.0533615  4.10828e-17   -0.0335013 -6.95471e-17  -0.00284746   1.5236e-17    0.0189661  6.75196e-18    -0.010311  9.14668e-18
-0.000183096  6.42073e-18    0.0018166 -2.74481e-17   -0.0059061  3.99296e-17   0.00720516  3.50803e-18   0.00641181 -6.60075e-17   -0.0352471  4.10828e-17    0.0527228  3.30695e-17   -0.0344743 -2.52643e-17 -0.000723769 -1.68713e-17    0.0144864   1.1188e-17  -0.00536732
-1.18539e-18 -0.000562872  1.07584e-17   0.00351683  -2.7633e-17  -0.00999848  1.52945e-17    0.0133026  4.88812e-17  0.000982441 -8.72769e-17   -0.0335013  3.30695e-17    0.0549618  1.46768e-17   -0.0390502  7.86596e-18   0.00610326 -5.80181e-18   0.00614794  -3.1627e-17
 6.39738e-05 -2.71277e-18 -0.000914324  1.32783e-17   0.00472357 -2.04616e-17   -0.0127094 -1.07014e-17    0.0172763  6.85722e-17  -0.00205208 -6.95471e-17   -0.0344743  1.46768e-17     0.061038 -7.66364e-18   -0.0491035  3.20555e-17    0.0177262 -2.60709e-17  -0.00158674
 3.52818e-19  6.07723e-05 -4.15539e-18 -0.000904235  1.34035e-17   0.00496266 -1.14487e-17   -0.0138635 -2.22988e-17    0.0194004  5.18129e-17  -0.00284746 -2.52643e-17   -0.0390502 -7.66364e-18    0.0728309  3.11645e-18      -0.0641 -2.70079e-17    0.0270743   8.4899e-17
 1.73609e-05  7.29978e-19 -8.59566e-05 -5.11594e-18 -0.000482109  1.19436e-17   0.00448503 -6.04765e-18   -0.0140592 -1.51029e-17    0.0201024   1.5236e-17 -0.000723769  7.86596e-18   -0.0491035  3.11645e-18    0.0894997 -3.92337e-17   -0.0744382  5.92431e-17    0.0224366
-4.23713e-20   6.9591e-05  1.06664e-18 -0.000328168   -5.242e-18  6.75969e-05    9.457e-18   0.00387286 -5.11405e-18     -0.01382  1.34532e-18    0.0189661 -1.68713e-17   0.00610326  3.20555e-17      -0.0641 -3.92337e-17      0.10036  8.43642e-17   -0.0642119 -1.53244e-16
-9.45205e-06 -7.75163e-20  0.000127045  1.15146e-18 -0.000514308  -4.0942e-18  0.000398892  5.82786e-18   0.00351878 -4.32157e-18   -0.0129363  6.75196e-18    0.0144864 -5.80181e-18    0.0177262 -2.70079e-17   -0.0744382  8.43642e-17    0.0877006 -1.25295e-16   -0.0326263
-7.46427e-21 -1.49593e-05 -8.26477e-20  0.000144675  7.80387e-19 -0.000524269 -1.91119e-18  0.000345629   2.0085e-18   0.00328544 -3.27375e-18    -0.010311   1.1188e-17   0.00614794 -2.60709e-17    0.0270743  5.92431e-17   -0.0642119 -1.25295e-16    0.0499512  1.69242e-16
 1.93124e-07 -8.97707e-21 -1.17171e-05 -2.83168e-20  0.000105798  1.49371e-19 -0.000338633  2.28256e-19  4.47826e-05   -2.365e-18   0.00244163  9.14668e-18  -0.00536732  -3.1627e-17  -0.00158674   8.4899e-17    0.0224366 -1.53244e-16   -0.0326263  1.69242e-16    0.0135208
