 2.21365e-05 -3.54176e-20 -0.000149649  4.75231e-19  0.000303716 -1.76745e-18 -0.000227405  3.43497e-18 -3.45493e-06 -4.04598e-18  5.71758e-05  2.66197e-18  1.25155e-05  4.85745e-20 -1.01623e-05 -2.19975e-18 -7.55953e-06  2.38137e-18 -1.39616e-06 -1.14393e-18  9.92567e-07  1.15644e-19  9.19068e-07  9.15791e-20  3.66093e-07 -5.26593e-21  4.68356e-08  1.97245e-20 -4.24128e-08 -5.97948e-20 -3.79642e-08  4.05284e-20  -1.8317e-08 -6.40467e-21 -6.00472e-09  -5.8306e-21 -1.10611e-09  1.80916e-21  1.77249e-10   1.4938e-21   2.7888e-10 -8.15036e-23   1.5924e-10  -4.8514e-22  6.71765e-11 -5.52499e-23  2.34409e-11  5.34334e-23   6.9879e-12  3.18087e-23  1.77524e-12  3.34104e-24  3.67393e-13 -4.80181e-24  5.12766e-14 -1.34014e-24 -1.56709e-15  4.26872e-25 -4.50656e-15  6.91429e-26 -2.11806e-15 -6.17604e-26 -7.29179e-16 -7.29493e-28 -2.13442e-16  3.38448e-27 -5.58348e-17 -6.39007e-27 -1.33561e-17  -4.6104e-27 -2.95801e-18  -8.9423e-28 -6.11018e-19  3.54076e-28 -1.18247e-19  2.98514e-28 -2.14973e-20  9.71117e-29 -3.67672e-21   1.4393e-29 -5.91906e-22 -1.10394e-30 -8.96722e-23 -1.10861e-30 -1.27731e-23 -3.04924e-31 -1.70819e-24  -5.5658e-32 -2.14046e-25 -1.28867e-32 -2.50679e-26 -9.14227e-33 -2.73556e-27 -6.11926e-33 -2.77163e-28 -2.57462e-33 -2.59644e-29 -6.64006e-34 -2.23815e-30 -8.13405e-35 -1.76545e-31  1.16613e-35 -1.26609e-32  8.76221e-36 -8.19179e-34  2.47025e-36 -4.73808e-35  4.51447e-37 -2.42316e-36  5.48479e-38 -1.08222e-37  3.44796e-39 -4.16077e-39 -1.60656e-40 -1.34254e-40 -6.33505e-41 -3.34169e-42 -6.84412e-42 -4.31866e-44 -3.43154e-43  8.49715e-46 -1.90864e-45   4.8854e-47   5.5206e-46  5.89076e-49  1.40167e-47
-3.54176e-20  0.000234588 -2.89483e-19 -0.000874061  2.64462e-18    0.0012469 -7.76171e-18 -0.000586626  1.27207e-17 -0.000203162 -1.31548e-17  0.000141263  7.67391e-18  8.78201e-05  6.99527e-19 -4.46037e-06 -6.45697e-18 -2.44473e-05  6.23406e-18 -1.17866e-05 -2.48595e-18 -9.36051e-07 -4.54896e-20  2.16171e-06  2.33927e-19  1.60688e-06  1.03835e-19  6.09311e-07  -1.4543e-20  8.65502e-08 -1.25338e-19 -5.88983e-08  9.01786e-20 -5.68316e-08 -1.36013e-20 -2.90997e-08 -1.68584e-20 -1.06905e-08  4.45575e-21 -2.78524e-09   5.2477e-21 -3.21668e-10 -5.35284e-23  1.64496e-10  -1.3755e-21  1.46291e-10 -3.14239e-22  7.25446e-11  1.22051e-22  2.84047e-11  1.05156e-22  9.54013e-12  1.49613e-23  2.83807e-12 -1.17183e-23  7.58031e-13 -3.08854e-24  1.82374e-13  7.92675e-25  3.92848e-14  2.43949e-26   7.4252e-15  -1.0797e-25  1.16697e-15  3.07035e-26  1.26444e-16  1.79195e-27 -2.12136e-18 -2.86671e-26  -6.2712e-18 -1.77725e-26 -2.30723e-18 -3.59756e-27 -6.16165e-19   1.0965e-27 -1.39115e-19   1.0363e-27 -2.78839e-20  3.69332e-28 -5.06856e-21  7.41985e-29 -8.44379e-22  6.61011e-30 -1.29601e-22 -8.15704e-31 -1.83692e-23 -3.79113e-31 -2.40511e-24 -6.99018e-32 -2.90572e-25 -4.30766e-32 -3.23167e-26  -4.4649e-32 -3.29693e-27  -2.7027e-32  -3.0704e-28 -1.00949e-32  -2.5935e-29 -2.34462e-33 -1.96994e-30  -2.4779e-34 -1.32974e-31    4.681e-35 -7.83939e-33  2.92618e-35 -3.92316e-34   7.6944e-36 -1.57658e-35  1.32104e-36 -4.38782e-37  1.50189e-37 -2.79389e-39  8.85428e-39  5.40837e-40   -3.328e-40   4.0598e-41   -1.241e-40   2.1199e-42 -1.14332e-41  1.00461e-43 -4.26116e-43  3.69512e-45  4.23322e-45  7.57544e-47  6.70507e-46  4.78582e-49
-0.000149649 -2.89483e-19   0.00120338 -1.31113e-18  -0.00301718  8.91651e-18   0.00311651 -2.13901e-17 -0.000718343   3.0265e-17 -0.000765841   -2.816e-17  0.000109091  1.51334e-17  0.000239757  1.88648e-18  6.50031e-05 -1.24722e-17 -3.17793e-05  1.10045e-17  -3.3877e-05 -3.53619e-18 -1.22776e-05 -6.70497e-19  2.96282e-07  3.99085e-19  2.99043e-06  3.75927e-19   1.9625e-06 -1.17833e-19  7.35706e-07  -1.7582e-19  1.27368e-07  1.42946e-19 -4.77532e-08 -2.72967e-20 -5.57201e-08 -3.58637e-20 -3.07402e-08   8.7813e-21 -1.24253e-08  1.25039e-20 -3.92366e-09  6.02938e-22 -9.16131e-10 -2.77137e-21 -9.98444e-11 -9.25665e-22  4.32951e-11  1.73106e-22  3.69228e-11  2.22972e-22  1.74356e-11  3.76477e-23   6.5548e-12   -1.814e-23  2.13787e-12 -4.72014e-24  6.26544e-13  7.59776e-25  1.68016e-13 -1.49527e-25  4.16728e-14 -5.52814e-27  9.62735e-15  1.47753e-25  2.08191e-15 -1.59181e-26  4.23014e-16 -8.68779e-26  8.10127e-17 -4.94462e-26   1.4666e-17 -1.05794e-26  2.51695e-18  2.23718e-27  4.10733e-19   2.5196e-27  6.39356e-20  9.89088e-28  9.52355e-21  2.47158e-28  1.36123e-21  4.52763e-29  1.87035e-22  7.37343e-30  2.47103e-23  1.55402e-30  3.13346e-24  3.41649e-31  3.79909e-25 -7.22526e-32  4.37898e-26 -1.36997e-31  4.76522e-27 -7.79705e-32  4.85813e-28 -2.65041e-32  4.60311e-29 -5.58198e-33  4.02044e-30 -4.85985e-34  3.21001e-31  1.31633e-34  2.32258e-32  6.81351e-35  1.50875e-33  1.65226e-35  8.70748e-35   2.6377e-36  4.40777e-36  2.77809e-37   1.9246e-37  1.51665e-38  7.11057e-39 -4.57234e-40  2.20917e-40 -1.58005e-40   6.0662e-42 -1.19324e-41  1.62018e-43 -2.79993e-43  3.80949e-45  9.64359e-45  5.06809e-47  3.88615e-46
 4.75231e-19 -0.000874061 -1.31113e-18    0.0039871  -4.0147e-18  -0.00734039  2.13713e-17   0.00547349 -4.29822e-17  5.74689e-05  5.36273e-17  -0.00158291 -4.61478e-17 -0.000269371  2.40067e-17  0.000367058  2.65103e-18  0.000228442 -1.84679e-17  1.48159e-05  1.53113e-17 -5.15502e-05 -3.79414e-18 -3.51484e-05 -1.78544e-18  -1.0155e-05  5.55759e-19  1.34552e-06  7.64769e-19  3.17392e-06 -2.58369e-19  1.94126e-06 -1.72376e-19  7.40424e-07  1.89172e-19  1.59693e-07 -5.85519e-20 -1.81417e-08 -6.59571e-20 -3.90591e-08  1.50388e-20   -2.405e-08   2.4051e-20 -1.06081e-08  2.68758e-21 -3.78567e-09 -4.48579e-21 -1.12147e-09 -1.93079e-21 -2.67939e-10  1.54621e-22 -4.41232e-11  3.54307e-22  9.16897e-14  6.67752e-23  3.95091e-12  -2.0956e-23  2.12912e-12 -6.11975e-24  8.13728e-13 -1.36918e-25  2.61672e-13 -2.15914e-25  7.48003e-14  5.40805e-25  1.94919e-14  4.34707e-25  4.69461e-15 -7.11927e-26  1.05386e-15 -2.11015e-25  2.21696e-16 -1.14101e-25  4.38605e-17  -2.6056e-26  8.17964e-18  3.16006e-27  1.43992e-18  4.91112e-27  2.39411e-19  2.14491e-27  3.75944e-20  6.34088e-28  5.57155e-21  1.55632e-28  7.78312e-22  3.74349e-29  1.02297e-22  9.56445e-30  1.26206e-23   2.0396e-30  1.45727e-24 -3.48767e-32   1.5695e-25 -3.17853e-31   1.5704e-26 -1.72588e-31  1.45314e-27  -5.3994e-32  1.23705e-28 -1.02764e-32  9.63048e-30 -6.62274e-34  6.80931e-31  2.96161e-34  4.33795e-32   1.2708e-34   2.4668e-33  2.81392e-35  1.23813e-34  4.13909e-36   5.4072e-36  4.00286e-37  2.01661e-37  2.00579e-38   6.2952e-39 -4.62806e-40  1.65263e-40 -1.47669e-40  4.01433e-42 -8.59052e-42   1.0128e-43 -6.68882e-44  2.08288e-45  8.83875e-45  1.73383e-47
 0.000303716  2.64462e-18  -0.00301718  -4.0147e-18   0.00961337 -9.05718e-18     -0.01363  3.89383e-17   0.00702207 -6.69243e-17   0.00217732  7.51148e-17  -0.00213311 -6.17409e-17  -0.00108213  3.29387e-17  0.000265551  1.61262e-18   0.00042989 -2.23884e-17  0.000149642  1.81191e-17 -2.91309e-05 -3.29032e-18 -5.70306e-05 -3.20855e-18 -3.03956e-05  6.82151e-19 -7.30011e-06  1.12799e-18  1.72012e-06 -3.57893e-19  2.77892e-06 -6.96095e-20  1.64316e-06  2.27026e-19  6.49813e-07 -1.20692e-19  1.70469e-07 -1.11332e-19  1.20908e-08  2.20605e-20 -1.79338e-08  3.98829e-20 -1.38576e-08   6.9552e-21 -6.76708e-09 -6.02796e-21 -2.64693e-09 -3.15244e-21  -8.8444e-10  4.15435e-23 -2.58155e-10  4.49017e-22 -6.59275e-11  8.96976e-23 -1.44356e-11 -2.15656e-23 -2.52917e-12  -9.2346e-24 -2.61867e-13 -2.31466e-24  3.61158e-14   4.5723e-25     3.23e-14  1.98056e-24  1.24698e-14  9.88148e-25  3.73664e-15 -2.01781e-25  9.66531e-16 -4.42288e-25  2.24405e-16 -2.31548e-25  4.76404e-17 -5.68041e-26  9.34011e-18   2.1444e-27  1.70052e-18  8.03772e-27  2.88398e-19  3.97714e-27  4.56243e-20  1.35105e-27  6.73448e-21  3.93936e-28  9.26904e-22  1.10519e-28   1.1879e-22  2.97945e-29  1.41463e-23  6.23047e-30  1.56112e-24  1.67484e-31   1.5911e-25 -6.04333e-31   1.4916e-26 -3.13883e-31  1.27992e-27 -9.05836e-32  9.99455e-29 -1.53626e-32  7.05277e-30 -5.34845e-34  4.45972e-31  5.59054e-34  2.50107e-32  2.00217e-34  1.22814e-33  4.01595e-35  5.19312e-35  5.39907e-36  1.84657e-36  4.75659e-37  5.33399e-38  2.17681e-38  1.22344e-39 -3.38728e-40  2.70274e-41 -1.03555e-40  9.83711e-43 -4.09319e-42   3.8853e-44  5.52941e-44  7.69756e-46  4.16168e-45
-1.76745e-18    0.0012469  8.91651e-18  -0.00734039 -9.05718e-18    0.0180408 -1.57586e-17   -0.0202524  5.58132e-17    0.0063169 -8.31216e-17   0.00528515  8.55074e-17   -0.0017583 -6.98271e-17  -0.00209162  4.05285e-17 -0.000226268 -1.94297e-18  0.000521564 -2.29957e-17  0.000348667  1.92862e-17  6.42318e-05 -2.51557e-18 -5.15139e-05 -4.66414e-18 -5.11394e-05  7.05395e-19 -2.32966e-05  1.29105e-18 -4.93353e-06  -3.2526e-19  1.46642e-06  1.78663e-19  2.06543e-06  2.64098e-19  1.21405e-06 -2.21944e-19  5.02517e-07 -1.75895e-19  1.53916e-07  2.68097e-20  2.94471e-08  5.86701e-20 -1.94719e-09  1.37073e-20 -5.15048e-09 -6.65972e-21 -3.06197e-09 -4.17194e-21 -1.32541e-09 -1.18983e-22 -4.81245e-10  4.72498e-22 -1.53921e-10  9.18092e-23 -4.43616e-11 -2.81037e-23 -1.16591e-11 -1.84549e-23 -2.81185e-12 -5.87968e-24 -6.23874e-13  2.92389e-24 -1.27288e-13  4.85261e-24 -2.37937e-14  1.87806e-24  -4.0419e-15 -4.71309e-25 -6.14103e-16 -8.33511e-25 -8.07387e-17 -4.27206e-25 -8.44705e-18 -1.12818e-25 -4.89958e-19 -4.07422e-27  5.66239e-20  1.11791e-26  2.61364e-20  6.48594e-27  5.75527e-21   2.4949e-27  9.71213e-22  8.20015e-28   1.3705e-22  2.50195e-28  1.65414e-23  6.85914e-29  1.69743e-24  1.39572e-29  1.42486e-25  6.08652e-31  8.58265e-27 -9.84471e-31  1.27522e-28 -4.86742e-31 -5.71711e-29 -1.28972e-31 -1.05773e-29 -1.89426e-32 -1.23789e-30  1.42614e-34 -1.13688e-31  9.06506e-34 -8.65592e-33  2.73638e-34 -5.55624e-34  4.94105e-35 -3.01242e-35   6.0278e-36 -1.37039e-36  4.80386e-37 -5.13687e-38  2.00654e-38 -1.50111e-39  -1.4471e-40 -2.80037e-41 -5.21629e-41  -1.4879e-44 -8.94558e-43  1.39246e-44  6.48819e-44  2.01516e-46
-0.000227405 -7.76171e-18   0.00311651  2.13713e-17     -0.01363 -1.57586e-17     0.027573 -2.16856e-17    -0.024876  6.40047e-17   0.00281494 -8.31051e-17    0.0082828  7.95328e-17 -0.000147663 -6.79697e-17  -0.00280847  4.52658e-17  -0.00107146 -7.45681e-18  0.000347461 -2.01939e-17  0.000518159  1.94207e-17   0.00022238 -1.98529e-18  5.60295e-06 -5.91836e-18 -5.39709e-05  4.44172e-19  -3.9932e-05  1.11152e-18 -1.65002e-05 -9.38602e-20 -3.37848e-06  6.06086e-19  8.99437e-07  3.14296e-19  1.30397e-06 -3.59689e-19  7.81551e-07  -2.6089e-19  3.39537e-07  2.50203e-20  1.16558e-07  7.75075e-20  3.11194e-08   2.2508e-20  5.36833e-09 -5.59862e-21 -2.82911e-10 -4.42689e-21 -7.60226e-10 -1.82376e-22 -4.23239e-10  4.42095e-22  -1.7248e-10  6.66945e-23 -5.94333e-11 -5.25735e-23 -1.82023e-11 -3.86281e-23 -5.07444e-12 -9.91915e-24 -1.30528e-12  8.67325e-24 -3.12472e-13  9.69088e-24 -7.00297e-14  3.10462e-24 -1.47563e-14 -9.75896e-25  -2.9329e-15 -1.44788e-24 -5.51205e-16 -7.31611e-25 -9.81358e-17 -2.07316e-25 -1.65728e-17 -2.03668e-26 -2.65657e-18   1.2985e-26 -4.04232e-19  9.46562e-27 -5.83512e-20  4.10574e-27  -7.9796e-21  1.47749e-27 -1.03156e-21  4.73179e-28 -1.25699e-22  1.29272e-28 -1.43855e-23  2.53827e-29 -1.53965e-24  1.26681e-30 -1.53354e-25 -1.41167e-30 -1.41373e-26 -6.57656e-31 -1.19887e-27 -1.58172e-31 -9.28863e-29 -1.90364e-32 -6.52474e-30  1.45868e-33 -4.11885e-31  1.28123e-33 -2.31258e-32  3.29349e-34 -1.14067e-33  5.32786e-35 -4.86969e-35  5.85947e-36 -1.76631e-36  4.19832e-37 -5.28972e-38  1.60698e-38 -1.22191e-39  2.97611e-41  -1.7152e-41 -1.51121e-41  3.79439e-44  3.66703e-43  5.61702e-45  2.90308e-44
 3.43497e-18 -0.000586626 -2.13901e-17   0.00547349  3.89383e-17   -0.0202524 -2.16856e-17    0.0355574 -2.39064e-17   -0.0258924  5.90132e-17  -0.00269933 -6.59319e-17   0.00998132  5.88627e-17   0.00241267 -5.71441e-17  -0.00277726   4.5606e-17  -0.00201425 -1.35017e-17 -0.000148567 -1.46351e-17  0.000538399  1.93832e-17   0.00039108 -1.81047e-18  0.000115902 -6.85493e-18 -2.16596e-05 -3.67375e-19 -4.49428e-05  5.12316e-19 -2.82138e-05  3.54091e-19 -1.11007e-05  1.21609e-18 -2.43601e-06  3.91187e-19  3.35652e-07 -5.19906e-19  6.78658e-07 -3.63114e-19  4.29186e-07   1.2427e-20  1.96084e-07  9.22303e-20  7.30135e-08  3.21478e-20  2.28754e-08 -2.32162e-21  5.97452e-09  -3.3977e-21  1.21043e-09  7.52137e-23  1.30146e-10    4.389e-22 -3.38112e-11  2.34951e-23 -2.87734e-11 -1.03815e-22 -1.24184e-11 -7.09934e-23 -4.23295e-12  -1.1357e-23 -1.25188e-12  1.96954e-23 -3.33245e-13   1.6951e-23 -8.13175e-14  4.57523e-24 -1.83794e-14 -1.84088e-24 -3.87204e-15 -2.35447e-24 -7.63321e-16 -1.17802e-24 -1.41141e-16 -3.55392e-25  -2.4508e-17 -5.25928e-26  -3.9979e-18  1.16527e-26 -6.12448e-19  1.25179e-26 -8.80231e-20  6.14187e-27 -1.18507e-20   2.3714e-27 -1.49145e-21  7.78541e-28 -1.75009e-22  2.08959e-28 -1.90871e-23  3.92784e-29 -1.92774e-24  1.99584e-30 -1.79524e-25 -1.81091e-30 -1.53392e-26 -7.83571e-31 -1.19563e-27  -1.6766e-31 -8.44476e-29 -1.46073e-32  -5.3625e-30  3.23026e-33 -3.03304e-31  1.59493e-33 -1.51091e-32  3.52347e-34 -6.53919e-34  5.08613e-35 -2.41886e-35  5.01208e-36 -7.48905e-37  3.21185e-37 -1.86771e-38  1.13583e-38  -3.3053e-40  1.23602e-40 -1.79658e-42  1.81225e-42  9.18756e-44  4.23079e-43   1.6431e-45
-3.45493e-06  1.27207e-17 -0.000718343 -4.29822e-17   0.00702207  5.58132e-17    -0.024876 -2.39064e-17    0.0399341 -2.12826e-17   -0.0233072   4.3706e-17  -0.00865375 -3.87457e-17    0.0097697    3.087e-17   0.00521508  -4.0912e-17  -0.00183155  4.03795e-17  -0.00270826 -1.87344e-17  -0.00087631  -7.2311e-18  0.000330545  1.99044e-17   0.00048919  -1.5664e-18  0.000249707 -7.47509e-18  4.93341e-05 -1.96873e-18 -2.70196e-05 -5.06549e-19 -3.22465e-05  9.83436e-19 -1.83988e-05  1.97038e-18 -7.17027e-06  5.00534e-19 -1.79964e-06 -6.81824e-19 -4.20129e-08 -4.75152e-19  2.65176e-07 -1.42486e-20  1.91557e-07  9.82268e-20  9.32126e-08  4.08062e-20  3.69216e-08  3.13179e-21   1.2608e-08 -8.11969e-22  3.79713e-09  8.85401e-22   1.0155e-09  5.79371e-22  2.39764e-10 -1.53663e-23  4.87587e-11  -1.8051e-22  7.93854e-12 -1.09053e-22  7.54422e-13 -3.97798e-24 -1.05375e-13  3.84884e-23  -8.4769e-14  2.69585e-23 -3.03272e-14  6.10684e-24 -8.42938e-15 -3.20762e-24 -2.01817e-15 -3.61996e-24 -4.32254e-16 -1.79727e-24 -8.42944e-17 -5.70936e-25 -1.51048e-17 -1.06181e-25 -2.49913e-18  5.41737e-27  -3.8267e-19  1.51637e-26 -5.42623e-20  8.47612e-27 -7.12127e-21  3.45116e-27 -8.63599e-22  1.14045e-27 -9.65347e-23  2.97372e-28 -9.91308e-24  5.31111e-29 -9.31133e-25  2.57565e-30 -7.95687e-26 -2.09552e-30  -6.1442e-27 -8.26967e-31 -4.25093e-28 -1.52084e-31 -2.60646e-29 -6.24526e-33 -1.39594e-30  5.03136e-33  -6.3992e-32  1.76252e-33 -2.43565e-33  3.37071e-34 -7.31799e-35  4.32595e-35 -1.56954e-36  3.79765e-36 -1.67753e-38  2.16725e-37  3.79164e-40  7.15297e-39  3.79374e-41  1.32783e-40   1.8906e-42  4.91191e-42  4.66957e-44  1.68522e-43
-4.04598e-18 -0.000203162   3.0265e-17  5.74689e-05 -6.69243e-17    0.0063169  6.40047e-17   -0.0258924 -2.12826e-17    0.0403155 -1.57175e-17   -0.0184516  2.65274e-17   -0.0136231 -1.18014e-17   0.00780183  4.77831e-18   0.00752652 -2.38556e-17 -0.000142972  2.92412e-17  -0.00288362  -2.2617e-17  -0.00163962   1.0368e-18 -0.000100259  2.14793e-17   0.00044725 -5.02286e-19  0.000355787 -7.85103e-18  0.000142919 -4.43948e-18  1.67305e-05 -1.86019e-18 -2.17777e-05  1.72221e-18  -2.0532e-05  2.79321e-18 -1.11236e-05  6.36416e-19 -4.40862e-06 -8.24546e-19 -1.27615e-06 -5.87576e-19 -1.99575e-07 -5.69137e-20    5.095e-08  9.14043e-20  6.16954e-08  4.62895e-20  3.39704e-08  9.97687e-21  1.43845e-08  3.20274e-21   5.1975e-09  2.37526e-21   1.6684e-09  9.52132e-22  4.85478e-10 -2.80769e-23  1.29549e-10 -2.68828e-22  3.19313e-11 -1.37056e-22  7.30386e-12  2.14091e-23  1.55531e-12  6.77371e-23   3.0903e-13   3.9808e-23  5.73982e-14   7.4282e-24  9.98455e-15 -5.21947e-24  1.63066e-15 -5.29807e-24  2.50976e-16 -2.61011e-24  3.66157e-17 -8.62138e-25  5.10749e-18 -1.84117e-25  6.88896e-19 -6.74475e-27  9.09441e-20  1.70146e-26  1.18572e-20  1.09115e-26  1.52891e-21  4.60681e-27  1.93426e-22   1.5092e-27  2.36571e-23  3.78756e-28  2.74994e-24   6.3814e-29  2.99049e-25  2.82211e-30  3.00236e-26 -2.19061e-30  2.75243e-27 -7.70553e-31  2.28206e-28 -1.13975e-31  1.69546e-29  3.94869e-33  1.11773e-30  6.36585e-33   6.4646e-32  1.73951e-33  3.23404e-33  2.89477e-34  1.37301e-34  3.29096e-35  4.81654e-36  2.55902e-36  1.34958e-37  1.29595e-37  2.96438e-39   4.0222e-39  5.53033e-41  9.40704e-41  1.00563e-42  2.90972e-42  1.07991e-44
 5.71758e-05 -1.31548e-17 -0.000765841  5.36273e-17   0.00217732 -8.31216e-17   0.00281494  5.90132e-17   -0.0233072 -1.57175e-17    0.0378237 -1.09979e-17   -0.0129877  1.55049e-17   -0.0169091  7.66173e-18   0.00471458 -1.20539e-17   0.00888943 -1.00275e-17   0.00191178  1.28262e-17  -0.00244321 -2.55591e-17  -0.00222271  9.10332e-18 -0.000667041   2.4406e-17  0.000239161  2.06477e-18  0.000382845 -8.07396e-18  0.000227802 -7.61983e-18  7.71151e-05 -3.37577e-18  4.69353e-06   2.4913e-18 -1.38201e-05  3.59258e-18 -1.16467e-05  7.84434e-19 -6.17019e-06 -9.31692e-19 -2.51597e-06 -6.91617e-19 -8.17351e-07 -1.16005e-19  -2.0023e-07  6.89972e-20 -2.54085e-08  4.62912e-20  7.91758e-09  1.67164e-20  7.75693e-09  8.06174e-21  3.84855e-09  4.45062e-21  1.49996e-09  1.54539e-21  5.04914e-10 -1.35675e-23  1.52444e-10 -3.46612e-22  4.20883e-11 -1.32773e-22  1.07485e-11  7.49777e-23  2.55799e-12  1.09443e-22  5.70197e-13  5.51358e-23  1.19481e-13  8.14908e-24  2.35961e-14 -8.01633e-24  4.39957e-15 -7.41879e-24  7.75306e-16  -3.6183e-24  1.29186e-16 -1.22658e-24  2.03494e-17 -2.84896e-25   3.0278e-18  -2.4457e-26  4.24933e-19  1.79209e-26  5.61357e-20  1.32076e-26  6.96195e-21   5.6837e-27   8.0796e-22  1.82199e-27  8.74096e-23  4.36551e-28   8.7767e-24  6.89167e-29  8.13834e-25  2.68797e-30  6.92965e-26 -2.05757e-30  5.38336e-27 -6.24691e-31  3.78732e-28 -6.29403e-32    2.392e-29  1.32408e-32  1.34216e-30  6.88516e-33  6.60452e-32  1.54029e-33  2.80285e-33  2.23729e-34  1.00247e-34  2.24404e-35  2.92358e-36  1.53658e-36  6.65811e-38  6.88185e-38  1.15639e-39  2.00491e-39    1.718e-41  4.86052e-41  2.42899e-43   9.0068e-43
 2.66197e-18  0.000141263   -2.816e-17  -0.00158291  7.51148e-17   0.00528515 -8.31051e-17  -0.00269933   4.3706e-17   -0.0184516 -1.09979e-17    0.0341046 -1.01769e-17  -0.00808676  1.32509e-17   -0.0185313  1.83986e-17   0.00121866 -1.60747e-17   0.00918999 -1.89298e-18    0.0039308 -7.44754e-18  -0.00145978 -2.86217e-17  -0.00246566  1.58755e-17  -0.00123708  2.87891e-17 -0.000107744   6.3845e-18  0.000300513 -8.22769e-18  0.000269457 -1.11262e-17  0.000135123 -4.80957e-18  4.13703e-05  3.23464e-18  2.00628e-06   4.2902e-18 -7.08193e-06  9.31501e-19 -5.78761e-06 -9.91976e-19 -3.06331e-06  -7.8044e-19  -1.2861e-06 -1.90151e-19 -4.52096e-07   3.0124e-20 -1.34261e-07  3.87349e-20 -3.26873e-08  2.14182e-20 -5.72272e-09  1.27779e-20 -1.97228e-10  6.72467e-21  3.92585e-10  2.19978e-21  2.27314e-10 -7.08692e-24  8.86381e-11 -3.92109e-22  2.86669e-11 -7.41912e-23  8.17878e-12  1.64246e-22  2.11485e-12   1.6359e-22  5.02732e-13  7.17776e-23  1.10779e-13  7.69788e-24  2.27417e-14 -1.17348e-23  4.36264e-15 -9.97705e-24  7.83358e-16  -4.7961e-24   1.3175e-16 -1.64728e-24  2.07522e-17 -4.01209e-25  3.05892e-18 -4.56488e-26   4.2137e-19  1.80152e-26  5.41399e-20  1.51122e-26  6.47243e-21  6.51459e-27  7.17823e-22  2.02041e-27  7.35916e-23  4.58883e-28  6.94535e-24  6.74703e-29  6.00492e-25  2.28715e-30  4.72938e-26 -1.71067e-30  3.37044e-27 -4.23919e-31  2.15627e-28  -1.1771e-32   1.2265e-29  1.94032e-32  6.12863e-31  6.52454e-33  2.64846e-32   1.2277e-33  9.68475e-34  1.55821e-34  2.89865e-35  1.37251e-35  6.72655e-37  8.22397e-37  1.11926e-38  3.24167e-38  1.36335e-40  8.69175e-40  2.19909e-42  1.81186e-41  3.25407e-44
 1.25155e-05  7.67391e-18  0.000109091 -4.61478e-17  -0.00213311  8.55074e-17    0.0082828 -6.59319e-17  -0.00865375  2.65274e-17   -0.0129877 -1.01769e-17    0.0304358 -1.38289e-17  -0.00420745  1.66441e-17   -0.0188893  2.41203e-17  -0.00216042 -7.55367e-18   0.00855918  3.57358e-20   0.00560737 -2.97775e-17 -0.000112748 -3.30541e-17  -0.00229967  2.04538e-17  -0.00167674  3.44508e-17 -0.000523728  1.20896e-17  0.000110679 -8.39591e-18  0.000243412 -1.44554e-17  0.000168846 -5.89456e-18  7.66489e-05  3.93526e-18  2.29814e-05  4.84659e-18  2.10234e-06  1.07697e-18 -2.75465e-06 -9.96592e-19 -2.41557e-06 -8.48353e-19 -1.30771e-06 -2.75463e-19  -5.6428e-07 -2.38535e-20 -2.08176e-07  2.22609e-20  -6.7537e-08  2.21726e-20 -1.94832e-08  1.61181e-20 -4.99824e-09  8.53425e-21 -1.12623e-09  2.61464e-21 -2.14896e-10  -8.0615e-23 -3.10149e-11 -3.92756e-22 -1.62861e-12  5.22744e-23  9.63762e-13  2.89968e-22   4.9212e-13  2.26805e-22  1.56978e-13  8.74687e-23  4.08209e-14  5.28398e-24  9.27823e-15 -1.64953e-23  1.89613e-15 -1.29185e-23  3.53233e-16 -6.08382e-24  6.04153e-17 -2.09128e-24  9.52106e-18 -5.20104e-25  1.38447e-18 -6.68509e-26  1.85733e-19   1.7625e-26  2.29576e-20  1.63948e-26  2.60837e-21  6.96089e-27  2.71488e-22    2.068e-27  2.57706e-23  4.42425e-28  2.21811e-24  6.03147e-29  1.71831e-25  1.82629e-30  1.18646e-26 -1.21735e-30  7.20588e-28 -2.14212e-31  3.77615e-29  2.84509e-32  1.65489e-30  2.14988e-32  5.70291e-32  5.49209e-33   1.2929e-33  8.82778e-34  1.97633e-37  9.78306e-35 -1.68081e-36  7.52576e-36 -9.23566e-38   3.9171e-37 -2.82698e-39  1.34634e-38 -4.33758e-41  3.16466e-40 -1.67658e-44  4.32145e-42
 4.85745e-20  8.78201e-05  1.51334e-17 -0.000269371 -6.17409e-17   -0.0017583  7.95328e-17   0.00998132 -3.87457e-17   -0.0136231  1.55049e-17  -0.00808676 -1.38289e-17    0.0274195 -2.05358e-17  -0.00130934  2.04035e-17   -0.0184391  3.04053e-17  -0.00513906   1.0673e-17   0.00723399 -3.05229e-18   0.00676683 -5.23833e-17   0.00138373  -3.9821e-17  -0.00174399  2.23928e-17  -0.00188571  4.08289e-17 -0.000919188  1.82407e-17 -0.000153323 -8.68946e-18  0.000144305  -1.7135e-17  0.000161752 -6.41159e-18  9.73619e-05  4.60972e-18   4.2111e-05  5.27024e-18  1.31835e-05  1.23819e-18  2.22552e-06  -9.3625e-19 -5.91263e-07 -8.88923e-19 -7.69115e-07  -3.6492e-19 -4.49304e-07 -8.91546e-20 -2.01059e-07 -3.22669e-21 -7.65635e-08  1.75832e-20  -2.5846e-08  1.68289e-20 -7.89604e-09  9.05781e-21 -2.20946e-09  2.41534e-21 -5.70618e-10 -3.24013e-22  -1.3672e-10 -3.49814e-22 -3.05045e-11  2.45193e-22  -6.3562e-12  4.43223e-22 -1.24004e-12    2.917e-22   -2.271e-13  9.88351e-23 -3.91639e-14 -2.88386e-26 -6.38551e-15 -2.23539e-23 -9.89556e-16 -1.61215e-23 -1.46716e-16 -7.38572e-24 -2.09636e-17 -2.51186e-24 -2.90554e-18 -6.24978e-25 -3.92051e-19 -8.40646e-26 -5.14466e-20  1.70999e-26 -6.52538e-21  1.68839e-26 -7.92069e-22  6.94966e-27 -9.09352e-23  1.96082e-27 -9.75909e-24  3.93001e-28 -9.68425e-25  4.95999e-29 -8.79824e-26  1.49066e-30 -7.25045e-27 -6.78827e-31 -5.37007e-28 -3.70199e-32  -3.5403e-29  5.18539e-32  -2.0554e-30  1.99774e-32 -1.03809e-31  4.14044e-33 -4.49715e-33  5.73298e-34 -1.64426e-34  5.53364e-35 -4.97326e-36  3.69263e-36 -1.20201e-37   1.6537e-37 -2.12181e-39  4.86106e-39 -2.07601e-41  9.08124e-41 -2.27594e-44
-1.01623e-05  6.99527e-19  0.000239757  2.40067e-17  -0.00108213 -6.98271e-17 -0.000147663  5.88627e-17    0.0097697 -1.18014e-17   -0.0169091  1.32509e-17  -0.00420745 -2.05358e-17    0.0251435 -2.88566e-17  0.000842793  2.10069e-17   -0.0175319  4.18633e-17  -0.00761684  3.48749e-17    0.0054575 -8.89272e-18   0.00734859 -7.37638e-17   0.00283194 -4.91821e-17 -0.000882005  2.18303e-17  -0.00181375  4.69747e-17  -0.00120836  2.35586e-17  -0.00043681 -9.26864e-18 -1.19391e-05 -1.88659e-17  0.000108928 -6.26009e-18  9.38513e-05  5.28429e-18  5.20662e-05  5.60705e-18  2.21804e-05  1.44624e-18  7.43488e-06 -8.00678e-19  1.81081e-06 -8.93829e-19  1.70158e-07  -4.4852e-19 -1.30529e-07 -1.59715e-19 -1.06837e-07 -3.61906e-20 -5.27102e-08  7.11374e-21 -2.09701e-08  1.38788e-20 -7.26232e-09  7.51045e-21  -2.2621e-09  1.26347e-21 -6.44876e-10 -8.12418e-22 -1.70047e-10 -2.77264e-22 -4.17667e-11   4.8566e-22 -9.60215e-12  6.05124e-22 -2.07345e-12  3.47465e-22 -4.21581e-13  1.01875e-22 -8.08467e-14 -9.08453e-24 -1.46378e-14 -2.92168e-23 -2.50314e-15 -1.93808e-23 -4.04194e-16 -8.57507e-24 -6.15783e-17 -2.85523e-24 -8.83841e-18 -6.99145e-25 -1.19275e-18 -9.39243e-26 -1.50946e-19  1.66461e-26 -1.78572e-20  1.65034e-26 -1.96747e-21  6.49302e-27 -2.01021e-22  1.72694e-27 -1.89534e-23  3.22896e-28 -1.63997e-24  3.78732e-29 -1.29402e-25   1.3571e-30 -9.24352e-27 -1.97783e-31 -5.92738e-28  8.28354e-32 -3.37836e-29  5.85578e-32 -1.69144e-30  1.61816e-32 -7.33556e-32  2.80942e-33 -2.71073e-33  3.36329e-34 -8.37403e-35  2.81536e-35 -2.11169e-36  1.61579e-36  -4.1623e-38  6.13946e-38  -5.6774e-40  1.48311e-39 -3.54884e-42  1.76992e-41
-2.19975e-18 -4.46037e-06  1.88648e-18  0.000367058  3.29387e-17  -0.00209162 -6.79697e-17   0.00241267    3.087e-17   0.00780183  7.66173e-18   -0.0185313  1.66441e-17  -0.00130934 -2.88566e-17    0.0234658 -3.89237e-17   0.00248578  1.82015e-17   -0.0163891   6.0645e-17   -0.0095956  6.17701e-17   0.00343262 -1.48994e-17   0.00736939 -9.27245e-17   0.00407585 -6.04109e-17  0.000167455  1.94251e-17  -0.00146227  5.17121e-17  -0.00132763  2.67547e-17 -0.000678312 -1.03385e-17 -0.000192521  -1.9606e-17  1.92238e-05 -5.49926e-18  6.37841e-05   5.9663e-18  4.81466e-05  5.91565e-18  2.55065e-05  1.73329e-18  1.08673e-05 -5.81507e-19   3.8653e-06 -8.53761e-19  1.14255e-06 -5.14594e-19  2.63994e-07  -2.2782e-19  3.51934e-08 -7.35323e-20 -6.50354e-09 -8.83226e-21 -7.23714e-09  6.66376e-21 -3.50774e-09  3.36092e-21 -1.31348e-09  -1.0271e-21 -4.22669e-10 -1.57292e-21 -1.21667e-10 -1.96452e-22   -3.195e-11   7.3982e-22 -7.73909e-12  7.49663e-22 -1.74073e-12  3.81854e-22 -3.65088e-13  9.29304e-23 -7.15779e-14 -2.22679e-23 -1.31361e-14 -3.67456e-23 -2.25773e-15 -2.24056e-23  -3.6332e-16  -9.5094e-24 -5.46958e-17 -3.07092e-24 -7.69233e-18 -7.30024e-25 -1.00871e-18  -9.4708e-26 -1.23034e-19  1.62509e-26 -1.39175e-20  1.52966e-26 -1.45497e-21  5.68274e-27 -1.40003e-22   1.4159e-27 -1.23406e-23  2.46374e-28  -9.9093e-25  2.72065e-29 -7.20159e-26  1.38024e-30 -4.70061e-27  1.52987e-31 -2.73054e-28  1.40997e-31 -1.39623e-29  5.29978e-32 -6.20316e-31  1.16364e-32 -2.35835e-32   1.7204e-33 -7.54716e-34  1.78097e-34 -2.00151e-35  1.28478e-35 -4.32749e-37  6.26948e-37 -7.26764e-39   1.9754e-38 -7.74532e-41  3.60934e-40 -2.20734e-43
-7.55953e-06 -6.45697e-18  6.50031e-05  2.65103e-18  0.000265551  4.05285e-17  -0.00280847 -5.71441e-17   0.00521508  4.77831e-18   0.00471458  1.83986e-17   -0.0188893  2.04035e-17  0.000842793 -3.89237e-17    0.0222118 -5.24673e-17   0.00379229  1.39372e-17   -0.0151352  8.62433e-17   -0.0111205  8.90977e-17   0.00131198 -1.88681e-17   0.00688948 -1.08214e-16    0.0050073 -7.17721e-17   0.00127432  1.61552e-17 -0.000876485  5.39277e-17  -0.00124603  2.68579e-17 -0.000824098 -1.21085e-17 -0.000356654 -1.95683e-17 -8.71071e-05 -4.33998e-18  1.33024e-05  6.62601e-18  3.02384e-05  6.24049e-18  2.14989e-05  2.11764e-18  1.11197e-05 -2.77127e-19  4.75072e-06 -7.61203e-19  1.75221e-06 -5.52032e-19  5.67832e-07 -2.85306e-19   1.6219e-07  -1.1121e-19  4.03773e-08 -2.91082e-20  8.43814e-09 -4.86475e-21  1.31012e-09 -3.49509e-21  6.08701e-11 -4.40946e-21 -5.63241e-11 -2.56494e-21 -2.99568e-11 -1.29689e-22 -1.03062e-11  9.65529e-22 -2.90982e-12  8.49115e-22 -7.19906e-13  3.84151e-22 -1.60398e-13  6.99062e-23 -3.26251e-14 -3.91421e-23 -6.10264e-15 -4.43085e-23 -1.05392e-15 -2.48467e-23 -1.68352e-16 -1.00558e-23 -2.48853e-17 -3.12354e-24 -3.40168e-18 -7.12552e-25 -4.29338e-19 -8.68001e-26 -4.99151e-20  1.57277e-26 -5.32859e-21   1.3426e-26  -5.2022e-22  4.66244e-27 -4.62137e-23  1.08291e-27 -3.71246e-24  1.75446e-28 -2.67607e-25  1.87275e-29 -1.71406e-26  1.44557e-30 -9.63299e-28  3.47396e-31 -4.67074e-29  1.49295e-31 -1.90904e-30  4.11608e-32 -6.36453e-32  7.50091e-33 -1.65454e-33  9.51807e-34  -3.2273e-35  8.49657e-35  -5.3946e-37  5.23615e-36 -1.31067e-38  2.13728e-37 -3.47821e-40  5.36013e-39  -3.6563e-42  6.06038e-41
 2.38137e-18 -2.44473e-05 -1.24722e-17  0.000228442  1.61262e-18 -0.000226268  4.52658e-17  -0.00277726  -4.0912e-17   0.00752652 -1.20539e-17   0.00121866  2.41203e-17   -0.0184391  2.10069e-17   0.00248578 -5.24673e-17    0.0212487 -7.15082e-17   0.00487344  1.03343e-17   -0.0138358  1.16099e-16   -0.0122479  1.15409e-16 -0.000795678 -1.94892e-17   0.00598904 -1.19127e-16   0.00556225 -8.08291e-17   0.00231447  1.30742e-17 -0.000133101  5.28859e-17 -0.000968353  2.34484e-17 -0.000839614 -1.47282e-17 -0.000466074 -1.91385e-17 -0.000184232 -3.08673e-18 -4.48084e-05  7.19842e-18  2.98481e-06  6.59421e-18  1.11326e-05  2.59363e-18  8.00583e-06  1.03181e-19  4.12568e-06 -6.13726e-19  1.76613e-06 -5.52755e-19  6.61179e-07 -3.25158e-19  2.21844e-07 -1.45253e-19  6.76299e-08 -5.21909e-20  1.88868e-08 -2.01654e-20  4.85612e-09 -1.26575e-20  1.15298e-09 -8.58724e-21  2.53156e-10 -3.68319e-21  5.14194e-11 -9.56063e-23   9.6555e-12  1.12122e-21  1.67407e-12  8.80553e-22  2.67581e-13  3.48264e-22  3.93933e-14  3.32886e-23  5.35111e-15 -5.82681e-23  6.76695e-16 -5.10287e-23  8.16271e-17 -2.63566e-23   9.8586e-18 -1.01214e-23  1.26916e-18 -3.00226e-24  1.79312e-19  -6.5057e-25  2.67778e-20 -7.24401e-26   3.9516e-21  1.48434e-26  5.47312e-22  1.11432e-26  6.91913e-23   3.5883e-27  7.87766e-24  7.74374e-28  8.02062e-25  1.17402e-28  7.26546e-26  1.26344e-29  5.82443e-27  1.44467e-30  4.10461e-28  4.03218e-31  2.52008e-29  1.27132e-31  1.33131e-30  2.82067e-32  5.94441e-32  4.35637e-33  2.18356e-33  4.75578e-34  6.31585e-35  3.64059e-35  1.33303e-36  1.89333e-36  1.77943e-38  6.30306e-38  1.12513e-40  1.16054e-39  2.52371e-43
-1.39616e-06  6.23406e-18 -3.17793e-05 -1.84679e-17   0.00042989 -1.94297e-18  -0.00107146   4.5606e-17  -0.00183155 -2.38556e-17   0.00888943 -1.60747e-17  -0.00216042  3.04053e-17   -0.0175319  1.82015e-17   0.00379229 -7.15082e-17    0.0204921 -9.68422e-17    0.0057993  8.30499e-18   -0.0125244  1.46534e-16   -0.0130316   1.3944e-16  -0.00281488 -1.65476e-17    0.0047542 -1.24251e-16   0.00571348 -8.50296e-17   0.00318046  1.10966e-17  0.000672942  4.84449e-17 -0.000532157  1.67412e-17 -0.000716117 -1.82221e-17 -0.000494479 -1.87434e-17  -0.00024808 -2.04959e-18 -9.51813e-05  7.60383e-18 -2.58447e-05  6.95571e-18 -2.36983e-06  3.13066e-18   2.6113e-06  5.38144e-19  2.26219e-06 -4.16157e-19  1.21299e-06 -5.13681e-19  5.25134e-07  -3.4313e-19  1.97509e-07 -1.72815e-19  6.66366e-08 -7.65483e-20  2.05214e-08  -3.8159e-20  5.83108e-09 -2.32636e-20  1.53993e-09 -1.30689e-20  3.79955e-10 -4.78268e-21  8.79302e-11 -1.07226e-22  1.91433e-11  1.17475e-21  3.92969e-12  8.31662e-22  7.61881e-13  2.74908e-22  1.39663e-13 -1.34613e-23  2.42192e-14 -7.73385e-23  3.97265e-15 -5.59432e-23  6.15901e-16 -2.66714e-23  9.01218e-17 -9.67942e-24  1.24201e-17 -2.72459e-24  1.60765e-18  -5.5563e-25  1.94791e-19 -5.49028e-26  2.20053e-20  1.34541e-26  2.30728e-21  8.73401e-27   2.2339e-22  2.59245e-27  1.98574e-23    5.193e-28  1.61012e-24  7.45458e-29  1.18211e-25   8.5289e-30  7.79091e-27  1.32648e-30  4.56253e-28  3.64635e-31  2.34451e-29  9.31679e-32  1.04022e-30  1.72863e-32  3.89845e-32  2.28479e-33  1.19491e-33  2.14249e-34  2.84395e-35  1.39437e-35  4.79643e-37  6.01297e-37  4.79238e-39  1.56439e-38  1.89953e-41  1.73934e-40
-1.14393e-18 -1.17866e-05  1.10045e-17  1.48159e-05 -2.23884e-17  0.000521564 -7.45681e-18  -0.00201425  4.03795e-17 -0.000142972 -1.00275e-17   0.00918999 -7.55367e-18  -0.00513906  4.18633e-17   -0.0163891  1.39372e-17   0.00487344 -9.68422e-17    0.0198909 -1.27285e-16   0.00661602  7.40259e-18   -0.0112168  1.73659e-16   -0.0135178  1.59572e-16  -0.00469338 -1.07639e-17   0.00326999 -1.22441e-16    0.0054632 -8.23869e-17   0.00378791   1.0842e-17   0.00144123  4.10902e-17 -4.30939e-07  7.50365e-18 -0.000471933 -2.24535e-17 -0.000433743 -1.87199e-17 -0.000263017 -1.45815e-18  -0.00012469  7.77679e-18 -4.80894e-05  7.28194e-18 -1.48153e-05  3.68074e-18   -3.204e-06  9.97045e-19 -1.11955e-07 -1.80805e-19   3.4679e-07 -4.37743e-19  2.39072e-07 -3.38897e-19  1.11341e-07 -1.92869e-19  4.28592e-08 -1.00861e-19  1.44986e-08 -5.73514e-20  4.43053e-09 -3.41366e-20  1.24144e-09  -1.7275e-20  3.21855e-10 -5.71621e-21  7.76558e-11 -1.71818e-22  1.75033e-11  1.11031e-21  3.69456e-12  7.04195e-22  7.31371e-13  1.72099e-22  1.35875e-13  -6.4385e-23  2.36906e-14 -9.36358e-23  3.87442e-15 -5.82355e-23  5.93692e-16 -2.56863e-23  8.51051e-17 -8.78071e-24  1.13894e-17 -2.33241e-24  1.41938e-18 -4.43679e-25  1.64228e-19 -3.74727e-26  1.75797e-20  1.15807e-26  1.73387e-21  6.45845e-27  1.56822e-22  1.76022e-27   1.2936e-23  3.28012e-28  9.66969e-25  4.55072e-29  6.50063e-26  5.81416e-30  3.89484e-27   1.1049e-30  2.05677e-28  2.80904e-31  9.43898e-30  6.03912e-32  3.69469e-31  9.53872e-33  1.20099e-32  1.08244e-33  3.10883e-34  8.67516e-35  5.95114e-36  4.74028e-36  7.23919e-38  1.65032e-37   3.6852e-40  3.09353e-39 -3.66408e-43
 9.92567e-07 -2.48595e-18  -3.3877e-05  1.53113e-17  0.000149642 -2.29957e-17  0.000347461 -1.35017e-17  -0.00270826  2.92412e-17   0.00191178 -1.89298e-18   0.00855918   1.0673e-17  -0.00761684   6.0645e-17   -0.0151352  1.03343e-17    0.0057993 -1.27285e-16    0.0194134 -1.59907e-16   0.00735609  6.50682e-18   -0.0099184  1.94045e-16   -0.0137434  1.73723e-16  -0.00639409 -3.35999e-18   0.00161773 -1.12958e-16   0.00483725  -7.2032e-17   0.00407912  1.25423e-17   0.00207749   3.1777e-17  0.000548881 -3.15456e-18 -0.000148482  -2.7134e-17 -0.000295626 -1.92264e-17 -0.000225944 -1.40709e-18  -0.00012639  7.68999e-18  -5.7947e-05   7.5256e-18  -2.2618e-05  4.19042e-18 -7.58771e-06  1.44471e-18  -2.1575e-06  7.40553e-20 -4.90322e-07 -3.33788e-19 -6.94661e-08 -3.16342e-19  7.31154e-09 -2.06282e-19  1.04404e-08 -1.24043e-19  5.09206e-09 -7.60072e-20  1.87501e-09 -4.40049e-20  5.88512e-10 -2.06657e-20   1.6441e-10 -6.37076e-21  4.17239e-11 -2.90886e-22  9.72596e-12  9.31966e-22  2.09587e-12  5.14082e-22    4.191e-13  5.36902e-23  7.79293e-14 -1.12296e-22  1.34868e-14 -1.04685e-22  2.17246e-15 -5.74604e-23  3.25482e-16 -2.34968e-23  4.52958e-17 -7.54493e-24   5.8441e-18 -1.88169e-24  6.97324e-19 -3.30888e-25  7.67159e-20 -2.26101e-26  7.75303e-21  9.39881e-27  7.16623e-22  4.50319e-27  6.02675e-23  1.12528e-27  4.58308e-24  1.96403e-28  3.12816e-25  2.71213e-29  1.89915e-26  3.97191e-30  1.01418e-27  8.33284e-31  4.69626e-29  1.90669e-31  1.84972e-30  3.50796e-32  6.02377e-32  4.75402e-33  1.54556e-33  4.62594e-34  2.81704e-35   3.1418e-35  2.56005e-37  1.41529e-36 -2.16708e-39  3.80638e-38 -7.33057e-41  4.23376e-40
 1.15644e-19 -9.36051e-07 -3.53619e-18 -5.15502e-05  1.81191e-17  0.000348667 -2.01939e-17 -0.000148567 -1.87344e-17  -0.00288362  1.28262e-17    0.0039308  3.57358e-20   0.00723399  3.48749e-17   -0.0095956  8.62433e-17   -0.0138358  8.30499e-18   0.00661602 -1.59907e-16    0.0190396 -1.90878e-16   0.00804408  4.62725e-18  -0.00862836  2.05096e-16   -0.0137365  1.79769e-16  -0.00788895  4.46516e-18 -0.000124946 -9.58211e-17   0.00388116 -5.44626e-17   0.00402548  1.60121e-17   0.00250404  2.16453e-17   0.00103512 -1.40522e-17  0.000198057 -3.18776e-17 -0.000108681 -2.02229e-17 -0.000146752 -1.84875e-18 -0.000101301  7.36265e-18 -5.37163e-05  7.65012e-18  -2.4011e-05   4.6118e-18 -9.39044e-06  1.84685e-18 -3.27159e-06  3.26599e-19 -1.02416e-06 -2.15459e-19 -2.88728e-07 -2.82785e-19 -7.30106e-08 -2.15232e-19 -1.63438e-08 -1.45106e-19 -3.13667e-09 -9.23606e-20 -4.72298e-10 -5.17348e-20 -3.64543e-11 -2.28506e-20  8.55203e-12 -6.69068e-21   5.2314e-12  -4.5928e-22  1.69271e-12  6.63073e-22   4.3217e-13   2.8812e-22  9.49452e-14 -6.36744e-23   1.8544e-14 -1.50456e-22  3.26834e-15 -1.08879e-22  5.23525e-16 -5.36773e-23   7.6437e-17  -2.0384e-23  1.01745e-17 -6.13313e-24  1.23231e-18 -1.42922e-24  1.35271e-19 -2.30082e-25  1.33722e-20 -1.15579e-26  1.17902e-21  7.16424e-27  9.13272e-23  2.96096e-27    6.057e-24  6.79362e-28  3.26599e-25  1.12485e-28  1.23976e-26   1.5999e-29  1.02522e-28  2.66613e-30  -3.2303e-29  5.69891e-31 -3.42388e-30  1.15847e-31 -2.20939e-31  1.83796e-32 -1.05776e-32  2.14142e-33 -3.91678e-34  1.77791e-34 -1.12089e-35  1.01032e-35 -2.38773e-37  3.64965e-37 -3.33786e-39  6.98435e-39 -1.92648e-41
 9.19068e-07 -4.54896e-20 -1.22776e-05 -3.79414e-18 -2.91309e-05  1.92862e-17  0.000518159 -1.46351e-17  -0.00087631  -2.2617e-17  -0.00244321 -7.44754e-18   0.00560737 -3.05229e-18    0.0054575  6.17701e-17   -0.0111205  1.16099e-16   -0.0125244  7.40259e-18   0.00735609 -1.90878e-16    0.0187567 -2.16382e-16   0.00869992  1.33247e-18  -0.00734121  2.05236e-16   -0.0135167   1.7626e-16  -0.00915406  1.19475e-17  -0.00188266 -7.19849e-17    0.0026579 -3.14322e-17   0.00362902  2.06837e-17   0.00266868  1.17158e-17   0.00138761 -2.41841e-17   0.00050795  -3.6282e-17   8.8815e-05 -2.15137e-17 -4.51143e-05   -2.629e-18  -5.7578e-05  6.85138e-18 -3.79731e-05  7.63622e-18 -1.94473e-05  4.90926e-18 -8.48866e-06  2.17404e-18 -3.28125e-06  5.54043e-19 -1.14607e-06 -9.91407e-20 -3.66164e-07 -2.47257e-19 -1.07889e-07 -2.22201e-19 -2.94897e-08 -1.62994e-19 -7.51131e-09 -1.04843e-19 -1.78946e-09 -5.65266e-20 -4.00044e-10 -2.36543e-20 -8.41795e-11 -6.68173e-21 -1.67238e-11 -6.63855e-22 -3.14644e-12  3.41688e-22 -5.62285e-13  5.81303e-23 -9.57028e-14 -1.64281e-22  -1.5546e-14 -1.74123e-22 -2.41249e-15 -1.05862e-22 -3.57475e-16 -4.74406e-23 -5.04671e-17 -1.67501e-23 -6.76234e-18 -4.71123e-24   -8.556e-19 -1.02091e-24 -1.01597e-19 -1.48782e-25 -1.12468e-20 -4.41191e-27 -1.15256e-21  5.12067e-27 -1.08552e-22  1.83773e-27 -9.32492e-24  3.89148e-28 -7.24693e-25  6.23207e-29 -5.04969e-26  9.40426e-30 -3.12264e-27  1.72031e-30  -1.6931e-28  3.54235e-31 -7.93226e-30  6.35152e-32 -3.15368e-31  8.71079e-33 -1.04007e-32  8.70713e-34 -2.76256e-34   6.1149e-35 -5.66572e-36  2.85347e-36 -8.30337e-38  7.90125e-38 -7.04101e-40  8.86052e-40
 9.15791e-20  2.16171e-06 -6.70497e-19 -3.51484e-05 -3.29032e-18  6.42318e-05  1.94207e-17  0.000538399  -7.2311e-18  -0.00163962 -2.55591e-17  -0.00145978 -2.97775e-17   0.00676683 -8.89272e-18   0.00343262  8.90977e-17   -0.0122479  1.46534e-16   -0.0112168  6.50682e-18   0.00804408 -2.16382e-16    0.0185568 -2.33308e-16   0.00934098  -3.2875e-18  -0.00604775   1.9403e-16   -0.0130952  1.63104e-16    -0.010166  1.89317e-17  -0.00358021 -4.32854e-17   0.00124661 -5.55299e-18   0.00292328  2.56999e-17   0.00255159  2.66347e-18   0.00155716 -3.28831e-17  0.000729834 -4.00085e-17   0.00025813 -2.28289e-17  5.52979e-05 -3.54751e-18 -7.51013e-06  6.22922e-18 -1.62677e-05  7.48043e-18  -1.1133e-05  5.06124e-18 -5.65637e-06  2.40381e-18 -2.42469e-06  7.35159e-19 -9.18962e-07 -1.19692e-21  -3.1516e-07 -2.18246e-19 -9.91361e-08 -2.28927e-19 -2.88533e-08 -1.76514e-19 -7.81689e-09 -1.12303e-19 -1.97978e-09 -5.80315e-20 -4.70222e-10 -2.31254e-20  -1.0497e-10  -6.3979e-21 -2.20577e-11  -8.8311e-22 -4.36697e-12  1.28618e-23 -8.14815e-13 -1.45807e-22 -1.43249e-13 -2.36645e-22 -2.37106e-14 -1.81483e-22 -3.69017e-15 -9.65467e-23 -5.39039e-16  -3.9652e-23 -7.37329e-17 -1.30249e-23 -9.41796e-18 -3.41648e-24 -1.11965e-18 -6.84981e-25 -1.23422e-19  -8.9125e-26 -1.25606e-20 -4.96786e-28 -1.17433e-21  3.43207e-27 -1.00298e-22  1.07893e-27  -7.7747e-24  2.12928e-28 -5.42847e-25     3.38e-29 -3.38359e-26  5.48662e-30  -1.8625e-27   1.0483e-30 -8.93489e-29   2.0049e-31 -3.67439e-30   3.1549e-32 -1.26842e-31   3.7361e-33  -3.5768e-33  3.18611e-34 -7.94102e-35  1.86815e-35 -1.31187e-36  6.95858e-37 -1.43374e-38  1.35924e-38 -6.83027e-41
