  9.8226e-13  1.35967e-27 -2.22415e-11 -5.50546e-26  1.87184e-10  6.23163e-25 -8.95337e-10 -3.71225e-24   2.7673e-09   1.3833e-23 -5.80456e-09 -3.42804e-23  8.29683e-09  5.58891e-23 -7.69631e-09 -5.04569e-23  3.81032e-09 -9.88062e-24  1.05257e-10  1.16462e-22 -1.17022e-09 -2.19854e-22  2.50095e-10   2.7486e-22  2.99511e-10 -2.77171e-22 -7.10414e-11  2.45806e-22  -8.4129e-11 -1.93043e-22  5.43431e-12  1.29828e-22  2.17014e-11 -7.77362e-23   4.4495e-12  5.21769e-23 -3.52053e-12 -4.53254e-23 -2.17976e-12  3.90271e-23 -9.69716e-14 -2.55393e-23  3.90379e-13  9.41174e-24  1.84856e-13  2.21734e-24  1.25931e-14 -6.15017e-24 -2.55011e-14  4.34241e-24 -1.40109e-14 -1.30084e-24 -2.84469e-15 -1.33262e-25  6.20807e-16  1.60244e-25  6.82727e-16  5.44433e-26  2.54234e-16 -8.39697e-26  4.31047e-17  3.79592e-26 -7.09202e-18 -7.73703e-27   -7.758e-18 -2.20675e-27  -2.9629e-18   1.9118e-27 -6.84649e-19  1.42908e-28 -6.95053e-20 -4.61204e-28  2.01128e-20  8.85895e-29  1.32689e-20  3.33426e-29  4.23533e-21 -1.38504e-29  9.44072e-22  2.13834e-30  1.47234e-22  2.98411e-31  1.09964e-23 -5.32386e-31 -2.18065e-24 -5.90464e-32 -1.13755e-24  7.02351e-32 -2.92207e-25  1.63246e-32 -5.55324e-26  -2.6132e-33 -8.42576e-27 -9.12482e-34 -1.02728e-27 -7.92745e-35 -9.56072e-29 -3.10483e-35 -5.33634e-30 -1.65964e-35  1.92328e-31  -2.4641e-36  1.01382e-31  1.02255e-36  1.64892e-32    1.709e-37  1.88904e-33 -3.67287e-38   1.7081e-34 -2.02619e-39  1.25843e-35  1.19075e-39   7.6096e-37  4.44609e-42  3.74289e-38 -2.19218e-41  1.45875e-39 -5.71666e-43  4.26008e-41  2.24607e-43  7.81096e-43  1.92951e-44  7.09395e-45  9.23539e-47  4.75854e-47 -1.60896e-47
 1.35967e-27  3.25285e-11  3.37045e-26 -4.16245e-10 -9.45611e-25   2.6449e-09  8.53693e-24 -1.03624e-08  -4.2836e-23    2.715e-08  1.37931e-22 -4.88771e-08 -2.97821e-22  5.95758e-08  4.16736e-22 -4.51972e-08 -2.85261e-22  1.46339e-08 -2.16776e-22  6.26144e-09  9.18544e-22 -6.46824e-09 -1.46484e-21 -5.46058e-10  1.65614e-21  1.85913e-09  -1.5663e-21  1.83741e-10  1.32759e-21 -4.69872e-10 -9.87236e-22   -1.265e-10  6.12151e-22  8.56324e-11 -3.38996e-22  5.35234e-11  2.33913e-22 -2.04102e-12 -2.19211e-22 -1.22418e-11  1.88396e-22 -4.32765e-12 -1.15779e-22  6.10344e-13  3.66927e-23  1.07173e-12  1.44751e-23  3.75435e-13 -2.84285e-23 -5.34016e-15  1.79857e-23 -6.20505e-14 -4.22219e-24 -2.90928e-14 -1.31339e-24 -5.41444e-15  8.12875e-25  1.19816e-15  2.60027e-25  1.25319e-15 -3.47209e-25    4.696e-16  1.35274e-25  9.10741e-17 -1.93277e-26 -3.62413e-18 -1.19901e-26 -1.00957e-17  7.50613e-27 -4.30668e-18  8.02789e-28 -1.13219e-18 -1.76552e-27 -1.82878e-19  2.91339e-28 -2.85018e-21   1.3626e-28  9.76635e-21 -4.51052e-29  3.99997e-21  3.97089e-30  1.03589e-21  1.14477e-30   1.9957e-22 -1.82141e-30  2.82863e-23 -2.07853e-31  2.31437e-24  2.60382e-31 -1.57361e-25  5.88737e-32 -1.10105e-25 -9.29552e-33 -2.68636e-26  -3.1611e-33 -4.70512e-27 -8.42206e-35 -6.60178e-28 -7.23927e-35 -7.64597e-29 -7.86323e-35 -7.30194e-30 -1.32288e-35 -5.57926e-31  2.89757e-36 -3.09315e-32  4.55021e-37 -7.46666e-34 -9.48173e-38  7.64634e-35  9.44037e-41   1.2741e-35  3.38619e-39  1.09121e-36 -5.46715e-41   6.6229e-38 -6.59931e-41  2.99402e-39 -2.24377e-42  9.67959e-41  5.24793e-43   2.0761e-42  4.15087e-44  2.40823e-44  1.99025e-46  1.38146e-46
-2.22415e-11  3.37045e-26  5.28076e-10   4.7379e-25  -4.6755e-09 -1.00872e-23  2.36258e-08  7.51499e-23 -7.75735e-08 -3.23173e-22  1.74248e-07  9.07855e-22 -2.70217e-07 -1.71452e-21   2.7913e-07  2.04505e-21 -1.66942e-07 -9.46493e-22  2.12519e-08 -1.71492e-21  4.15866e-08  4.70868e-21 -1.83248e-08 -6.50297e-21 -9.21514e-09  6.72096e-21  5.57714e-09 -6.02193e-21  2.76506e-09  4.90384e-21 -1.12331e-09  -3.4366e-21 -9.12978e-10  1.93445e-21  4.93944e-11 -9.79288e-22  2.27924e-10    7.211e-22  6.50174e-11  -7.3903e-22 -2.48891e-11  6.28814e-22 -2.31798e-11 -3.60949e-22 -4.91857e-12  9.63921e-23  2.12137e-12  5.72512e-23  1.83333e-12 -8.95562e-23  5.08321e-13  5.10989e-23 -4.42558e-14 -8.59811e-24 -9.65718e-14 -5.82443e-24 -4.10374e-14  2.61015e-24 -7.53036e-15  8.78975e-25  1.31153e-15 -9.85308e-25  1.48974e-15  3.29282e-25  5.76891e-16 -2.76106e-26  1.27466e-16 -3.91385e-26  7.17777e-18   2.0218e-26 -7.32737e-18  2.60391e-27  -3.7968e-18 -4.67548e-27 -1.12539e-18   6.8751e-28 -2.28522e-19   3.8856e-28 -2.71585e-20 -1.04194e-28  1.40225e-21  1.93307e-31   1.8037e-21  2.33754e-30  5.84409e-22 -4.30275e-30  1.30734e-22 -4.25634e-31  2.26573e-23  6.83285e-31  3.05879e-24  1.46661e-31  2.92914e-25 -2.46362e-32   9.9088e-27 -7.75325e-33 -3.25319e-27  3.84941e-34 -9.34838e-28 -8.38976e-35 -1.57224e-28 -2.30033e-34 -2.02321e-29 -4.06936e-35 -2.12425e-30  4.93909e-36 -1.85525e-31  6.77704e-37 -1.34864e-32 -1.66995e-37 -8.06271e-34  1.38795e-38 -3.85601e-35  7.05858e-39 -1.38893e-36 -2.31192e-40  -3.1462e-38 -1.40197e-40 -1.17757e-40 -5.10552e-42  1.76672e-41  8.24975e-43  4.39603e-43  5.46229e-44 -4.34363e-47  1.84011e-46
-5.50546e-26 -4.16245e-10   4.7379e-25  5.60258e-09  4.62543e-24 -3.75839e-08 -7.87564e-23  1.56194e-07  4.95906e-22 -4.36933e-07 -1.85191e-21  8.48063e-07  4.57192e-21 -1.13352e-06 -7.56628e-21  9.79973e-07  7.59859e-21 -4.29114e-07 -1.69824e-21 -6.11367e-08 -8.81824e-21  1.56216e-07  1.83168e-20 -1.96083e-08 -2.22789e-20  -4.3134e-08  2.12683e-20  6.20061e-09 -1.82449e-20  1.21964e-08  1.43279e-20  1.39905e-10 -9.38949e-21 -3.05789e-09  4.68879e-21 -8.33132e-10 -2.12794e-21  4.57738e-10  1.77054e-21  3.44367e-10 -2.00364e-21  3.27058e-11  1.67394e-21 -5.67914e-11 -8.94254e-22 -3.07112e-11  1.96823e-22 -3.31762e-12  1.67796e-22  3.81321e-12 -2.23099e-22  2.35529e-12  1.15431e-22  5.45105e-13 -1.14038e-23  -7.7776e-14 -1.77803e-23 -1.12842e-13  6.31143e-24 -4.54552e-14  2.36549e-24 -8.74051e-15 -2.20991e-24  8.18242e-16  6.34712e-25  1.29472e-15 -1.76401e-26  5.32466e-16 -9.50587e-26  1.32183e-16  4.34718e-26  1.66106e-17  6.01761e-27 -2.49856e-18 -9.91955e-27  -2.1931e-18  1.38561e-27 -7.52606e-19  8.97807e-28 -1.77541e-19 -1.99023e-28 -3.00943e-20 -2.11101e-29 -3.00456e-21  1.91068e-30   1.6693e-22 -8.24421e-30    1.643e-22 -4.77569e-31  4.66946e-23  1.49227e-30  9.34297e-24  2.94478e-31   1.4795e-24  -5.7286e-32  1.90168e-25 -1.58859e-32  1.94585e-26  2.08358e-33  1.43924e-27  4.21944e-35  4.30666e-29 -4.95037e-34 -7.77348e-30 -9.04344e-35 -1.76017e-30  4.87254e-36 -2.19836e-31  3.71226e-37 -2.04483e-32  -2.3643e-37 -1.51174e-33   4.7772e-38  -9.0185e-35  1.23467e-38 -4.30436e-36 -5.58978e-40 -1.59527e-37 -2.36451e-40 -4.38675e-39 -8.21296e-42  -8.7562e-41  9.76707e-43 -1.26234e-42  4.78743e-44 -1.08186e-44
 1.87184e-10 -9.45611e-25  -4.6755e-09  4.62543e-24  4.36938e-08  3.43532e-23 -2.34008e-07 -4.84103e-22  8.18792e-07  2.62234e-21 -1.97508e-06 -8.59143e-21  3.32924e-06  1.87425e-20 -3.82445e-06 -2.71807e-20  2.70502e-06  2.25097e-20 -7.20175e-07  1.27327e-21 -4.90006e-07  -3.4311e-20  3.90599e-07  5.77323e-20  6.87783e-08  -6.2616e-20 -1.19934e-07   5.5814e-20 -2.09311e-08 -4.63449e-20  3.07455e-08  3.51623e-20  1.05892e-08 -2.13064e-20 -5.39686e-09  9.10112e-21  -4.0655e-09 -3.56192e-21 -4.45389e-11  3.68272e-21  8.89799e-10 -4.62494e-21  3.55438e-10  3.76585e-21 -3.26629e-11 -1.87008e-21 -8.27075e-11  3.32292e-22 -3.16446e-11   3.9653e-22 -5.41971e-13 -4.68523e-22  4.90089e-12  2.20879e-22  2.46816e-12 -5.59887e-24  5.05462e-13 -4.26229e-23 -8.42271e-14  1.23488e-23 -1.05281e-13  5.29732e-24 -4.16605e-14 -4.14617e-24   -8.705e-15  1.03769e-24  5.07054e-17   2.3764e-26  8.37015e-16 -1.88036e-25   3.8083e-16   7.9414e-26  1.04967e-16  1.06021e-26  1.83619e-17   -1.794e-26  8.72174e-19  2.59576e-27 -7.38835e-19  1.79404e-27 -3.37913e-19  -3.3401e-28 -9.17953e-20 -7.83703e-29 -1.84662e-20 -5.56418e-30 -2.79693e-21  -1.3978e-29 -2.78698e-22  2.03598e-31 -1.18145e-24  2.91838e-30  7.10459e-24  5.12159e-31  1.97688e-24 -1.22603e-31  3.63732e-25  -2.9488e-32  5.25505e-26   5.8065e-33  6.24278e-27  4.78881e-34  6.15789e-28 -8.35389e-34   4.9808e-29 -1.58085e-34  3.16275e-30 -4.60573e-37  1.37785e-31 -1.08143e-36  1.46849e-33 -2.93268e-37 -3.93055e-34  1.05532e-37 -4.34379e-35  1.87703e-38  -2.7338e-36 -1.02937e-39 -1.17601e-37 -3.29621e-40 -3.43211e-39 -1.00875e-41 -6.63592e-41  8.84157e-43 -8.22048e-43  2.55409e-44
 6.23163e-25   2.6449e-09 -1.00872e-23 -3.75839e-08  3.43532e-23  2.67148e-07    2.046e-22 -1.18188e-06 -2.44465e-21  3.54171e-06  1.15476e-20 -7.43229e-06 -3.34601e-20   1.0907e-05  6.47621e-20 -1.06912e-05 -8.21291e-20  5.93279e-06  5.41396e-20 -3.56066e-07  2.28773e-20 -1.73656e-06 -1.08126e-19  6.24043e-07  1.52905e-19  4.23089e-07 -1.49365e-19 -2.05818e-07  1.25818e-19 -1.27871e-07 -1.02248e-19  4.12918e-08   7.4912e-20     4.13e-08  -4.1325e-20 -4.66145e-10  1.41592e-20 -1.01681e-08 -4.32078e-21 -3.27687e-09    6.715e-21  1.05197e-09 -9.36375e-21  1.11391e-09  7.38745e-21  2.60074e-10 -3.41686e-21 -9.76154e-11  4.85713e-22 -9.21915e-11   7.9135e-22 -2.69982e-11 -8.61367e-22  1.82718e-12  3.71505e-22  4.99647e-12  1.95332e-23  2.20837e-12 -8.53546e-23  4.27826e-13  2.02804e-23 -6.31242e-14  1.01047e-23 -8.03763e-14 -6.70901e-24 -3.21902e-14    1.515e-24 -7.40163e-15   9.6688e-26 -5.27217e-16 -3.18322e-25  3.79335e-16   1.2723e-25   2.0962e-16  1.41031e-26  6.41778e-17 -2.86915e-26  1.35383e-17  4.68847e-27  1.76946e-18  3.22136e-27  -1.6825e-20 -5.01809e-28 -8.89205e-20 -1.93204e-28 -3.09015e-20 -3.06392e-29 -7.14769e-21 -2.25455e-29 -1.27614e-21  2.51341e-30 -1.79775e-22   5.3078e-30 -1.89499e-23  8.09894e-31 -1.10969e-24 -2.41853e-31  8.24845e-26 -5.19067e-32  3.69837e-26  1.16887e-32  6.74566e-27  1.41666e-33  8.92773e-28 -1.12455e-33  9.46662e-29 -2.25077e-34  8.28498e-30 -1.34191e-35  6.02064e-31 -4.11129e-36  3.60624e-32  -3.3291e-37  1.74446e-33   1.8221e-37   6.5683e-35  2.48943e-38  1.80577e-36 -1.58223e-39  3.29806e-38 -3.86743e-40  3.30776e-40 -9.79212e-42 -3.47719e-43  5.87562e-43 -9.10862e-44
-8.95337e-10  8.53693e-24  2.36258e-08 -7.87564e-23 -2.34008e-07    2.046e-22  1.33369e-06  1.01147e-21  -4.9923e-06 -1.04331e-20  1.29779e-05   4.3436e-20 -2.38423e-05 -1.12029e-19  3.04566e-05  1.92902e-19 -2.51339e-05 -2.12962e-19  1.00419e-05  1.04769e-19  2.44662e-06   1.0316e-19 -4.22125e-06 -2.86613e-19  3.01724e-07   3.4818e-19  1.24486e-06 -3.09058e-19 -1.20066e-07  2.49474e-19 -3.61636e-07 -2.00551e-19 -1.71245e-08  1.41457e-19  9.19482e-08 -6.95642e-20  2.80483e-08  1.66679e-20 -1.37761e-08 -2.44866e-21 -1.12741e-08  1.09603e-20 -1.22478e-09 -1.69227e-20  1.88123e-09  1.28845e-20  1.05951e-09 -5.58549e-21  1.20911e-10  6.52062e-22 -1.34241e-10  1.37373e-21 -8.49566e-11 -1.42338e-21 -2.00258e-11  5.62971e-22   2.8641e-12  7.59563e-23  4.23881e-12 -1.47781e-22  1.73079e-12  2.84771e-23   3.3831e-13  1.66264e-23 -3.04758e-14 -9.54586e-24 -5.02848e-14   2.0778e-24 -2.09804e-14  1.85833e-25 -5.29956e-15 -4.74762e-25 -6.97254e-16  1.81833e-25  8.69929e-17  1.18594e-26  8.46969e-17 -4.17223e-26  2.97411e-17  8.14581e-27  7.15335e-18  5.32746e-27  1.24997e-18 -6.63905e-28  1.36952e-19 -3.82422e-28 -2.17673e-21 -8.96181e-29 -5.58124e-21 -3.66547e-29 -1.68368e-21  7.45761e-30 -3.44964e-22  9.11662e-30 -5.55541e-23  1.20976e-30 -7.28648e-24  -4.3503e-31 -7.73469e-25 -8.82084e-32 -6.28533e-26  1.84309e-32 -3.09787e-27  2.96675e-33  8.07687e-29 -1.17093e-33  4.02826e-29 -2.62254e-34  5.54882e-30 -3.38037e-35  5.25668e-31 -8.57872e-36  3.83851e-32 -3.36523e-37   2.2161e-33  2.64306e-37  1.00525e-34  2.86638e-38  3.50634e-36 -2.09775e-39  9.10438e-38 -3.84059e-40  1.66075e-39 -7.57218e-42  1.69312e-41  2.48641e-43
-3.71225e-24 -1.03624e-08  7.51499e-23  1.56194e-07 -4.84103e-22 -1.18188e-06  1.01147e-21   5.5913e-06  4.25329e-21 -1.80255e-05 -3.84019e-20  4.10492e-05  1.42127e-19 -6.62924e-05 -3.27963e-19  7.34807e-05   5.0317e-19 -4.98544e-05  -4.7992e-19  1.14046e-05  1.53517e-19  1.06561e-05  3.24899e-19 -7.48405e-06 -6.54343e-19 -1.75849e-06   6.9218e-19   2.4601e-06 -5.63233e-19  5.25164e-07  4.42966e-19  -6.5708e-07 -3.55613e-19 -2.48557e-07  2.40138e-19  1.18992e-07 -1.02291e-19  9.55796e-08   1.0915e-20  1.55965e-09  4.85143e-21 -2.16291e-08   1.6217e-20 -8.79011e-09 -2.76006e-20  8.79793e-10  2.02377e-20  2.14506e-09 -8.32398e-21  8.19214e-10  8.80224e-22  4.87162e-12  2.11926e-21  -1.3568e-10 -2.15732e-21 -6.76557e-11  7.81593e-22 -1.35262e-11  1.72955e-22  2.63134e-12 -2.25713e-22  3.06187e-12  3.43735e-23  1.20159e-12   2.3681e-23  2.48396e-13  -1.2119e-23  -3.5524e-15  2.80635e-24 -2.52174e-14  2.74442e-25 -1.13916e-14 -6.32365e-25 -3.14456e-15   2.3432e-25 -5.54585e-16 -2.94353e-27 -2.85474e-17 -5.66458e-26  2.13433e-17  1.33012e-26  9.93909e-18  8.23576e-27  2.72221e-18 -7.23841e-28  5.53035e-19  -6.4598e-28   8.5436e-20 -2.03012e-28  9.05592e-21 -6.14246e-29  2.38289e-22  1.57251e-29 -1.66508e-22  1.48116e-29 -5.03778e-23   1.7571e-30 -9.46051e-24 -7.07962e-31  -1.3756e-24 -1.44397e-31 -1.63823e-25  2.30271e-32 -1.62243e-26  5.05688e-33 -1.32899e-27 -7.94654e-34 -8.76844e-29 -2.42245e-34 -4.34234e-30 -5.82798e-35  -1.2508e-31 -1.35859e-35  2.14643e-33 -2.54759e-37  5.24721e-34   3.3451e-37  3.53554e-35  2.85107e-38  1.47524e-36 -2.40688e-39  4.14966e-38  -3.2052e-40  7.47191e-40 -4.53941e-42  5.60722e-42
  2.7673e-09  -4.2836e-23 -7.75735e-08  4.95906e-22  8.18792e-07 -2.44465e-21  -4.9923e-06  4.25329e-21  2.00929e-05  1.54931e-20 -5.65536e-05 -1.23802e-19  0.000113665   4.1018e-19 -0.000161697 -8.50242e-19  0.000154425  1.16274e-18 -8.24951e-05 -9.46832e-19  1.43681e-06  1.26758e-19  2.71136e-05  8.23616e-19 -8.90884e-06 -1.30705e-18 -7.02855e-06  1.21387e-18  3.21465e-06 -9.14444e-19  2.17898e-06  7.14759e-19 -6.85861e-07 -5.77247e-19 -7.23288e-07  3.70311e-19  1.02444e-08 -1.31167e-19  1.86741e-07 -1.03443e-20  5.95367e-08  2.04896e-20 -2.13238e-08  2.18942e-20 -2.17085e-08 -4.08992e-20 -4.80519e-09  2.88689e-20  2.16154e-09 -1.15015e-20  1.91371e-09   1.3128e-21  5.35798e-10  2.95786e-21 -5.68413e-11 -3.04741e-21 -1.12257e-10  1.00376e-21 -4.79105e-11  3.13004e-22 -8.68706e-12 -3.07428e-22   1.7539e-12  3.53766e-23  1.89686e-12  2.89574e-23  7.38629e-13 -1.39307e-23  1.65317e-13  3.82819e-24  9.80176e-15  3.66716e-25 -9.48686e-15 -7.49323e-25 -5.01744e-15  2.75946e-25 -1.51631e-15 -3.76161e-26  -3.1773e-16 -7.38711e-26 -4.13951e-17  1.98565e-26  3.48371e-19   1.1977e-26  2.04478e-18 -5.09811e-28  7.09539e-19 -9.54958e-28  1.63849e-19 -3.91292e-28  2.92713e-20 -1.04223e-28  4.15211e-21  2.71803e-29  4.49334e-22  2.26727e-29  3.00077e-23  2.52329e-30 -8.35949e-25 -1.03966e-30 -6.51522e-25 -2.25308e-31 -1.24278e-25  2.14533e-32 -1.65055e-26  7.38735e-33  -1.7322e-27  7.53125e-35  -1.4895e-28 -1.55171e-34 -1.05822e-29 -8.14518e-35 -6.17413e-31  -1.7663e-35 -2.90737e-32 -2.14032e-38 -1.07336e-33  3.78363e-37 -2.96678e-35  2.44704e-38 -5.61555e-37 -2.35588e-39  -5.0133e-39  -2.1924e-40  4.14983e-41 -1.86889e-42
  1.3833e-23    2.715e-08 -3.23173e-22 -4.36933e-07  2.62234e-21  3.54171e-06 -1.04331e-20 -1.80255e-05  1.54931e-20  6.28729e-05  4.95848e-20 -0.000156165 -3.53826e-19  0.000278568  1.05552e-18 -0.000349058 -1.97158e-18  0.000283598  2.40132e-18 -0.000109214 -1.63919e-18 -3.32478e-05 -1.32089e-19  5.11864e-05  1.77194e-18 -2.90062e-06 -2.30887e-18 -1.59833e-05  1.89034e-18   1.5242e-06 -1.33476e-18  4.86151e-06  1.06149e-18  1.89822e-07 -8.66045e-19 -1.31006e-06  5.22968e-19  -3.8283e-07 -1.44745e-19  2.17525e-07 -5.34207e-20  1.68253e-07  4.63061e-20   1.3715e-08  2.70266e-20 -3.14712e-08 -5.52448e-20 -1.66256e-08  3.75796e-20 -1.37279e-09 -1.49805e-20   2.4605e-09  2.19219e-21  1.43978e-09  3.80096e-21   3.0653e-10 -4.06108e-21 -6.95437e-11  1.19473e-21 -7.94848e-11  4.88666e-22 -3.07056e-11 -3.74538e-22 -5.44935e-12  3.01754e-23  8.53707e-13  2.94841e-23  1.00178e-12 -1.47985e-23  3.98033e-13  5.21344e-24  9.69186e-14  4.96581e-25  1.16208e-14 -7.64677e-25 -2.10555e-15  3.06227e-25 -1.70023e-15  -9.6587e-26 -5.77256e-16 -9.51691e-26 -1.36384e-16   2.6338e-26 -2.35027e-17  1.63766e-26 -2.53573e-18  2.11003e-28  4.48911e-20 -1.24699e-27  1.03069e-19 -6.68808e-28  3.06794e-20 -1.73202e-28  6.21942e-21  4.04869e-29  9.92593e-22  3.25688e-29  1.29377e-22  3.59394e-30  1.37403e-23 -1.37843e-30  1.13967e-24 -3.31742e-31  6.29779e-26  1.02507e-32  1.89152e-28  9.49393e-33  -4.7123e-28  1.33642e-33 -6.95539e-29 -1.84799e-35 -6.54353e-30 -9.79075e-35 -4.61971e-31 -1.93045e-35 -2.53362e-32  4.00047e-37 -1.07564e-33  3.89016e-37 -3.44124e-35  1.82871e-38 -7.74206e-37 -1.91364e-39  -1.0097e-38 -1.16015e-40 -3.65433e-41
-5.80456e-09  1.37931e-22  1.74248e-07 -1.85191e-21 -1.97508e-06  1.15476e-20  1.29779e-05 -3.84019e-20 -5.65536e-05  4.95848e-20  0.000173448  1.41021e-19 -0.000383473 -9.05314e-19   0.00060953  2.44333e-18 -0.000671082 -4.12218e-18  0.000453823  4.46202e-18 -9.95966e-05 -2.48045e-18 -0.000105964 -8.69276e-19  7.42421e-05  3.32389e-18  1.79569e-05 -3.63216e-18 -2.60638e-05  2.62241e-18  -5.2816e-06  -1.7652e-18  7.45697e-06  1.46729e-18  2.64751e-06 -1.20978e-18 -1.50892e-06  6.81135e-19 -1.11362e-06 -1.32403e-19  3.14359e-08 -1.20512e-19  2.82495e-07  8.18217e-20  1.03767e-07  3.04794e-20 -1.84109e-08 -6.79851e-20 -2.98828e-08  4.46821e-20 -1.02944e-08 -1.87082e-20  6.03284e-10  3.80752e-21  2.09841e-09  4.58766e-21  9.52435e-10 -5.14648e-21   1.5985e-10  1.30825e-21 -5.50864e-11  6.81286e-22 -4.91571e-11 -4.05758e-22 -1.79419e-11  1.99163e-23 -3.32659e-12  2.27145e-23  2.52723e-13 -1.50254e-23  4.41424e-13  6.81399e-24  1.84588e-13  7.00609e-25   4.8712e-14 -6.02426e-25  8.06485e-15  3.42815e-25   2.2749e-16 -1.76761e-25 -3.86452e-16 -1.23529e-25 -1.64524e-16  2.98151e-26 -4.35595e-17  2.09446e-26  -8.6516e-18  1.67569e-27 -1.31063e-18 -1.43606e-27 -1.35971e-19 -1.03808e-27 -3.29614e-21 -2.74813e-28  2.48913e-21  5.30682e-29  7.34045e-22  4.38231e-29  1.35105e-22  5.04148e-30  1.92656e-23  -1.6522e-30  2.25019e-24 -4.58074e-31  2.18675e-25 -1.16748e-32  1.76206e-26  1.08975e-32  1.15269e-27  2.71929e-33  5.81059e-29  1.26279e-34  1.94073e-30 -1.04043e-34  1.18915e-32 -1.76252e-35 -3.37548e-33  9.67193e-37 -2.49165e-34  3.67867e-37 -9.96532e-36  1.22852e-38 -2.38638e-37 -1.23328e-39 -2.64007e-39 -4.09191e-41
-3.42804e-23 -4.88771e-08  9.07855e-22  8.48063e-07 -8.59143e-21 -7.43229e-06   4.3436e-20  4.10492e-05 -1.23802e-19 -0.000156165  1.41021e-19  0.000426138  3.59738e-19 -0.000844538 -2.09066e-18   0.00119916  5.12512e-18  -0.00115358 -7.82262e-18   0.00062468  7.49763e-18 -8.75248e-06 -3.23287e-18 -0.000219575 -2.37666e-18  7.69287e-05  5.52455e-18  5.86776e-05 -5.10756e-18 -3.01343e-05  3.23799e-18  -1.8868e-05 -2.13033e-18  7.31725e-06  1.90606e-18  6.74389e-06 -1.58233e-18 -4.83902e-07  8.23755e-19 -1.94502e-06 -8.92616e-20 -5.21822e-07 -2.07329e-19  2.80587e-07  1.23389e-19  2.34633e-07   3.1369e-20  3.98377e-08 -7.57258e-20 -3.06818e-08  4.83272e-20 -2.23824e-08 -2.27858e-20 -5.26484e-09  6.38138e-21  1.25703e-09  5.32753e-21  1.49168e-09 -6.22384e-21   5.6992e-10  1.29047e-21  8.04938e-11   8.6182e-22 -3.36731e-11 -3.83018e-22 -2.67207e-11  8.67335e-24 -9.53191e-12  7.93598e-24 -1.91704e-12 -1.53254e-23 -2.11224e-14  8.12764e-24  1.54562e-13  9.52659e-25  7.16099e-14   -1.893e-25  2.04391e-14  4.27586e-25   4.0621e-15  -2.6332e-25  4.75571e-16 -1.62034e-25 -2.39231e-17  2.62123e-26 -3.06578e-17  2.48588e-26 -9.83927e-18  4.04241e-27 -2.18777e-18   -1.437e-27 -3.80167e-19 -1.48681e-27 -5.26266e-20 -4.11239e-28 -5.56015e-21  6.15079e-29 -3.61408e-22  5.52658e-29  1.02411e-23  6.88709e-30  7.56026e-24  -1.7914e-30  1.39942e-24 -5.91666e-31   1.8015e-25  -4.1999e-32  1.82743e-26   1.1256e-32  1.51318e-27  3.86694e-33  1.03043e-28  2.29573e-34   5.7311e-30 -9.89023e-35    2.556e-31 -1.28104e-35  8.84575e-33  1.54836e-36  2.23278e-34  3.21754e-37  3.58117e-36  7.90588e-39   2.5932e-38 -5.81295e-40  5.81929e-41
 8.29683e-09 -2.97821e-22 -2.70217e-07  4.57192e-21  3.32924e-06 -3.34601e-20 -2.38423e-05  1.42127e-19  0.000113665 -3.53826e-19 -0.000383473  3.59738e-19  0.000940323  8.29547e-19   -0.0016802 -4.38753e-18   0.00213329  9.80223e-18  -0.00177541 -1.35485e-17  0.000713789   1.1434e-17  0.000208467 -3.48698e-18 -0.000354017 -4.88795e-18  3.22543e-05  8.22058e-18   0.00011545 -6.42121e-18 -1.73345e-05  3.53334e-18 -3.73519e-05 -2.36322e-18  8.82452e-07  2.34468e-18  1.11387e-05  -1.9462e-18  2.52841e-06   9.3202e-19 -2.23509e-06 -1.94555e-20 -1.42306e-06 -3.02985e-19 -1.01948e-09   1.6406e-19  3.29709e-07  2.95834e-20  1.46447e-07 -7.49385e-20 -2.85802e-10  4.69674e-20 -2.87789e-08 -2.74761e-20   -1.422e-08  9.92833e-21 -2.23051e-09  6.11472e-21  1.14716e-09 -7.17656e-21  9.23573e-10   1.0913e-21  3.14574e-10  9.93942e-22  4.15856e-11 -2.98326e-22 -1.63996e-11  2.87203e-24 -1.27021e-11 -1.25312e-23 -4.54911e-12 -1.64676e-23 -1.00255e-12  8.28939e-24 -8.49458e-14  1.08793e-24  3.77518e-14  5.12367e-25  2.21915e-14  6.22596e-25  6.93914e-15 -3.28699e-25  1.55237e-15 -2.12136e-25  2.51724e-16  1.13247e-26  2.36712e-17  2.71275e-26 -1.57609e-18  7.32028e-27 -1.32317e-18 -1.19515e-27 -3.60489e-19 -1.98865e-27 -6.98163e-20 -5.78755e-28 -1.07643e-20  6.23553e-29 -1.36065e-21  6.54817e-29 -1.40323e-22  9.06289e-30 -1.13113e-23 -1.75488e-30 -6.10496e-25 -7.14811e-31 -2.95142e-27 -7.53591e-32  4.03088e-27  1.04255e-32  5.74642e-28  4.45146e-33  5.14195e-29  2.54917e-34   3.4151e-30 -8.40736e-35  1.73877e-31 -6.11953e-36  6.70678e-33  1.96902e-36   1.8644e-34  2.59435e-37  3.32233e-36  5.13385e-39  2.92656e-38 -1.65108e-40
 5.58891e-23  5.95758e-08 -1.71452e-21 -1.13352e-06  1.87425e-20   1.0907e-05 -1.12029e-19 -6.62924e-05   4.1018e-19  0.000278568 -9.05314e-19 -0.000844538  8.29547e-19   0.00187709  1.74071e-18  -0.00303853 -8.41709e-18   0.00344747  1.71853e-17  -0.00244119 -2.15174e-17   0.00060648  1.58599e-17  0.000572068 -2.73802e-18 -0.000459413 -8.44415e-18  -8.3466e-05  1.10265e-17  0.000170441 -7.18194e-18  2.24623e-05  3.34244e-18 -5.33973e-05 -2.42879e-18 -1.43746e-05  2.74495e-18  1.28193e-05 -2.25877e-18  7.48806e-06  9.95521e-19 -1.09074e-06  6.46627e-20 -2.32219e-06 -3.92637e-19 -6.56182e-07  1.94233e-19  2.57703e-07  2.61342e-20   2.6103e-07 -6.26657e-20  7.06254e-08  3.98513e-20 -1.61232e-08 -3.31349e-20 -2.10036e-08  1.41422e-20 -7.98769e-09  7.09951e-21 -7.79207e-10 -7.85195e-21  7.78446e-10  6.81736e-22  5.08569e-10  1.03917e-21  1.61785e-10 -1.59153e-22  2.24656e-11  9.70781e-24 -6.15609e-12 -3.29162e-23 -5.19294e-12 -1.87307e-23 -1.91187e-12  6.25734e-24 -4.58929e-13   7.6622e-25   -6.406e-14  1.46708e-24  2.86832e-15  9.93194e-25  4.99059e-15 -3.37225e-25  1.81803e-15 -2.72292e-25   4.4857e-16 -1.77357e-26  8.43499e-17  2.69293e-26   1.2015e-17  1.13528e-26  1.10947e-18 -7.05866e-28 -5.78207e-21 -2.50669e-27 -2.87209e-20 -7.67531e-28 -7.39467e-21  5.31596e-29 -1.27961e-21  7.31671e-29 -1.74332e-22  1.13903e-29 -1.95476e-23 -1.54702e-30 -1.82538e-24 -8.08816e-31 -1.41224e-25 -1.05147e-31 -8.85928e-27  8.40624e-33 -4.28641e-28  4.27971e-33 -1.39571e-29  1.93876e-34 -1.25393e-31  -6.3047e-35   1.7114e-32  5.88213e-37  1.19063e-33  2.09263e-36  3.96801e-35  1.89754e-37  6.64891e-37  3.16572e-39  3.58999e-39
-7.69631e-09  4.16736e-22   2.7913e-07 -7.56628e-21 -3.82445e-06  6.47621e-20  3.04566e-05 -3.27963e-19 -0.000161697  1.05552e-18   0.00060953 -2.09066e-18   -0.0016802  1.74071e-18   0.00341136  3.34292e-18  -0.00502238 -1.48362e-17   0.00507879   2.7747e-17  -0.00297515 -3.14634e-17  0.000189236  2.00211e-17   0.00105001 -5.49887e-19  -0.00046283 -1.27928e-17 -0.000274529  1.33898e-17  0.000192398 -7.04618e-18  9.15496e-05  2.60526e-18 -5.48725e-05 -2.33318e-18 -3.73102e-05   3.0645e-18  7.92188e-06 -2.48142e-18  1.28856e-05  1.01538e-18  2.13852e-06  1.47976e-19 -2.52899e-06 -4.61937e-19 -1.56334e-06  2.02932e-19 -1.01561e-07  2.30244e-20  2.95359e-07 -3.71401e-20  1.64026e-07  2.74157e-20  2.47228e-08 -4.00749e-20 -1.71144e-08  1.83716e-20 -1.30344e-08  8.42489e-21 -4.09477e-09 -8.07935e-21 -2.31108e-10  7.15404e-23  4.32857e-10  9.62996e-22  2.50935e-10  9.63502e-24  7.74313e-11  3.49226e-23  1.21485e-11  -4.4712e-23 -1.50875e-12 -2.13752e-23 -1.76645e-12  1.17923e-24  -6.8839e-13 -4.78923e-25 -1.78227e-13  2.54522e-24 -3.16789e-14  1.58268e-24 -2.69481e-15 -2.55682e-25  5.68931e-16 -3.38039e-25  3.32781e-16 -6.12546e-26  9.41144e-17   2.4004e-26  1.95358e-17   1.5867e-26  3.21269e-18 -1.26955e-29  4.20084e-19 -2.99802e-27   4.1009e-20 -9.62678e-28  2.16026e-21  3.34505e-29 -1.75257e-22  7.74581e-29 -6.77202e-23  1.35916e-29   -1.124e-23 -1.21704e-30 -1.35229e-24 -8.58882e-31 -1.29396e-25  -1.2595e-31 -1.01125e-26  5.24003e-33 -6.47544e-28  3.35139e-33 -3.36218e-29  6.79243e-35 -1.38294e-30 -4.03132e-35 -4.32612e-32  5.59231e-36  -9.6283e-34  1.88798e-36 -1.39369e-35  1.21645e-37 -1.21572e-37  1.47961e-39
-5.04569e-23 -4.51972e-08  2.04505e-21  9.79973e-07 -2.71807e-20 -1.06912e-05  1.92902e-19  7.34807e-05 -8.50242e-19 -0.000349058  2.44333e-18   0.00119916 -4.38753e-18  -0.00303853  3.34292e-18   0.00567647  5.90466e-18   -0.0076254 -2.41345e-17   0.00683717  4.14261e-17  -0.00315049 -4.25096e-17 -0.000600717  2.29682e-17   0.00154517  3.24837e-18 -0.000291278 -1.73892e-17 -0.000512326  1.47505e-17  0.000145666 -5.85137e-18  0.000178072  1.40265e-18 -2.90495e-05 -2.11459e-18 -6.13028e-05  3.25865e-18 -6.29965e-06 -2.58959e-18  1.57046e-05   1.0029e-18  7.20291e-06  2.20746e-19 -1.26802e-06 -5.01347e-19 -2.30826e-06  1.79537e-19 -7.50258e-07  2.24862e-20  1.48077e-07   1.7966e-21  2.27368e-07   1.1438e-20  8.69256e-08 -4.84016e-20  4.07024e-09  2.17187e-20 -1.24313e-08   1.0156e-20 -7.16383e-09 -7.70324e-21 -1.96805e-09 -6.81081e-22 -7.36128e-11  7.40567e-22  2.02414e-10  1.68142e-22  1.10595e-10  8.04485e-23  3.40549e-11 -3.85106e-23  6.14175e-12  -2.2382e-23  3.00389e-15 -7.17168e-24 -4.67245e-13 -3.09157e-24 -2.04312e-13  3.54058e-24 -5.69177e-14   2.3895e-24 -1.16038e-14  -6.6761e-26 -1.65612e-15 -4.03823e-25  -9.9694e-17 -1.16405e-25   2.8838e-17  1.88943e-26  1.26896e-17   2.0561e-26  3.03023e-18  8.14254e-28  5.45003e-19 -3.41804e-27  7.92859e-20 -1.14599e-27  9.48617e-21    5.326e-30    9.211e-22  7.81165e-29  6.85435e-23  1.53432e-29  3.13778e-24 -8.40411e-31 -5.52621e-26 -8.58121e-31 -2.94714e-26 -1.35515e-31  -3.5841e-27   9.7432e-34 -2.90389e-28  1.85583e-33 -1.75681e-29 -8.23589e-35 -8.06119e-31 -2.02299e-35  -2.7347e-32  7.95912e-36 -6.44203e-34   1.4423e-36 -9.38407e-36  6.40251e-38 -6.01856e-38
 3.81032e-09 -2.85261e-22 -1.66942e-07  7.59859e-21  2.70502e-06 -8.21291e-20 -2.51339e-05   5.0317e-19  0.000154425 -1.97158e-18 -0.000671082  5.12512e-18   0.00213329 -8.41709e-18  -0.00502238  5.90466e-18   0.00869438  9.63421e-18    -0.010684 -3.63749e-17   0.00841994  5.74001e-17  -0.00275329 -5.32397e-17   -0.0017302  2.38383e-17   0.00190861  8.42521e-18  9.59263e-05 -2.15262e-17 -0.000733323  1.47351e-17  5.67744e-06 -3.69613e-18  0.000254776 -5.90446e-20  3.07361e-05 -1.82123e-18 -7.48849e-05   3.2856e-18 -2.91351e-05 -2.58154e-18  1.23758e-05  9.74334e-19  1.25275e-05  2.85718e-19  1.84459e-06  -5.0836e-19 -2.27835e-06  1.15763e-19 -1.48742e-06  2.57748e-20 -2.26344e-07  5.25106e-20  1.90563e-07 -5.16309e-21  1.41657e-07 -5.78839e-20  4.02706e-08  2.32458e-20 -2.18885e-09  1.22373e-20 -7.34251e-09 -6.61847e-21 -3.56335e-09 -1.47247e-21  -9.0414e-10  3.60469e-22 -3.92005e-11  2.67618e-22  7.91333e-11   1.4243e-22  4.29694e-11 -6.57719e-24  1.34679e-11 -1.86611e-23  2.74627e-12 -1.80703e-23   2.3888e-13 -7.28305e-24 -7.89517e-14  4.23425e-24  -4.6869e-14  3.35934e-24 -1.43646e-14  2.20337e-25 -3.21047e-15 -4.65774e-25 -5.51883e-16 -1.77795e-25  -6.9565e-17  1.28765e-26 -4.59558e-18  2.51788e-26  5.42764e-19  1.70521e-27  2.58826e-19  -3.7251e-27  5.56022e-20 -1.29798e-27  8.78075e-21 -2.66506e-29  1.11762e-21  7.55254e-29  1.17929e-22  1.63613e-29  1.03669e-23 -4.90708e-31  7.51724e-25 -8.09419e-31  4.37567e-26 -1.35312e-31  1.92238e-27 -4.24981e-33  5.31679e-29  1.15259e-34  3.52488e-32 -2.14012e-34 -8.12436e-32 -5.81365e-36 -4.25923e-33  7.78953e-36 -1.11913e-34  9.14316e-37 -1.47112e-36  2.37641e-38
-9.88062e-24  1.46339e-08 -9.46493e-22 -4.29114e-07  2.25097e-20  5.93279e-06 -2.12962e-19 -4.98544e-05  1.16274e-18  0.000283598 -4.12218e-18  -0.00115358  9.80223e-18   0.00344747 -1.48362e-17   -0.0076254  9.63421e-18    0.0123201  1.45757e-17   -0.0138756 -5.09673e-17   0.00947691   7.4054e-17  -0.00165949 -6.20008e-17  -0.00305314  2.21713e-17   0.00197974  1.43488e-17  0.000679686 -2.45488e-17 -0.000853082  1.32948e-17 -0.000225611 -9.28381e-19  0.000285278 -1.50581e-18  0.000118992 -1.48765e-18 -6.53849e-05  3.11536e-18 -5.50343e-05 -2.48329e-18  5.37288e-07  9.44298e-19  1.54196e-05   3.6052e-19  6.33102e-06  -4.8672e-19 -9.47589e-07  7.67399e-21 -1.92231e-06  3.20503e-20 -7.50192e-07  1.11631e-19  6.85055e-09 -1.89071e-20  1.46232e-07 -6.79264e-20  7.64533e-08  2.22249e-20  1.68729e-08  1.44989e-20 -2.57187e-09 -4.79017e-21 -3.71793e-09 -2.16784e-21 -1.61933e-09   -1.732e-22 -3.98926e-10  2.58995e-22 -2.81953e-11  2.10142e-22  2.48909e-11  5.44962e-23  1.43658e-11 -6.80805e-24  4.65636e-12 -2.98022e-23  1.04557e-12 -1.28429e-23  1.48703e-13  4.48793e-24  1.09884e-15  4.39856e-24 -7.10415e-15  5.67711e-25 -2.67529e-15  -5.2381e-25 -6.55956e-16 -2.38836e-25 -1.24103e-16  7.57414e-27 -1.87653e-17  2.95316e-26 -2.21945e-18  2.60547e-27 -1.81517e-19 -3.88615e-27 -3.44105e-21  -1.4003e-27  2.08227e-21  -5.6362e-29  4.80698e-22  7.05266e-29  6.86931e-23  1.64927e-29  7.51744e-24 -2.15462e-31  6.64421e-25 -7.24718e-31  4.80977e-26 -1.29475e-31  2.84209e-27 -1.00382e-32  1.34931e-28 -1.50534e-33  5.00087e-30 -2.96198e-34  1.38292e-31  2.06405e-36  2.66076e-33  5.97876e-36  3.09478e-35  4.57412e-37  1.22952e-37
 1.05257e-10 -2.16776e-22  2.12519e-08 -1.69824e-21 -7.20175e-07  5.41396e-20  1.00419e-05  -4.7992e-19 -8.24951e-05  2.40132e-18  0.000453823 -7.82262e-18  -0.00177541  1.71853e-17   0.00507879 -2.41345e-17    -0.010684  1.45757e-17    0.0162331  2.05135e-17   -0.0167779  -6.6584e-17   0.00970782  8.92219e-17  0.000107873 -6.73589e-17  -0.00433527  1.81221e-17   0.00163945  2.01466e-17   0.00137282 -2.60584e-17 -0.000792831  1.07186e-17 -0.000512168  1.95259e-18  0.000236498 -2.67002e-18  0.000215995 -1.11927e-18 -2.44771e-05  2.73993e-18  -7.4305e-05 -2.34824e-18  -1.9168e-05  9.20323e-19  1.30251e-05  4.73611e-19  1.06985e-05 -4.43192e-19  1.75837e-06 -1.42617e-19 -1.62197e-06  3.79917e-20 -1.20717e-06  1.74365e-19 -3.02124e-07 -2.66079e-20  6.70099e-08 -7.76888e-20   8.8935e-08  1.83314e-20  3.71231e-08   1.6709e-20  6.68615e-09 -2.24823e-21 -1.52802e-09 -2.62018e-21 -1.64246e-09 -8.39147e-22 -6.71444e-10  1.02275e-22 -1.66768e-10  2.66414e-22 -1.81852e-11  1.41841e-22   5.6162e-12  1.57191e-23  3.96885e-12 -4.00088e-23  1.35967e-12 -1.90665e-23  3.28941e-13  4.32786e-24  5.79428e-14  5.40449e-24  6.23435e-15  9.17236e-25 -2.13191e-16 -5.81667e-25 -3.06322e-16 -2.93345e-25  -9.1667e-17   4.4092e-27 -1.89844e-17  3.34584e-26 -3.10951e-18   3.4699e-27 -4.17473e-19 -3.88309e-27 -4.59808e-20 -1.43851e-27  -4.0289e-21 -7.76655e-29  -2.5289e-22  6.41772e-29 -6.18599e-24  1.57699e-29  9.87551e-25 -2.70598e-32  1.79215e-25 -6.21976e-31  1.76355e-26  -1.2267e-31   1.2489e-27 -1.56528e-32  6.69573e-29 -2.69576e-33  2.70468e-30 -3.17443e-34  7.92832e-32  4.58487e-36  1.55524e-33  3.67265e-36  1.64804e-35  1.57386e-37
 1.16462e-22  6.26144e-09 -1.71492e-21 -6.11367e-08  1.27327e-21 -3.56066e-07  1.04769e-19  1.14046e-05 -9.46832e-19 -0.000109214  4.46202e-18   0.00062468 -1.35485e-17  -0.00244119   2.7747e-17   0.00683717 -3.63749e-17   -0.0138756  2.05135e-17     0.019993   2.6928e-17   -0.0189744 -8.12955e-17   0.00895443  1.00662e-16    0.0023686 -6.85398e-17  -0.00531413  1.24624e-17  0.000854021  2.49633e-17   0.00203694   -2.601e-17 -0.000508172  7.51631e-18 -0.000789024   4.4335e-18  9.24389e-05 -3.35266e-18  0.000291612 -6.88535e-19  4.67547e-05   2.1809e-18 -7.60775e-05 -2.25016e-18 -4.22454e-05  9.00302e-19  3.72184e-06  6.54778e-19  1.28066e-05 -3.83635e-19  5.21849e-06 -3.26045e-19 -3.48073e-07  3.85694e-20 -1.31101e-06  2.35116e-19 -6.27653e-07  -2.6261e-20  -9.3708e-08 -8.63438e-20  5.77323e-08  1.16946e-20   4.6401e-08  1.86404e-20  1.66287e-08  9.39109e-22  2.64834e-09   -2.687e-21 -6.51753e-10 -1.59605e-21 -6.32228e-10 -2.24348e-22 -2.51115e-10  2.90164e-22 -6.42415e-11  2.45805e-22 -9.46496e-12  4.93447e-23  4.81128e-13 -4.63559e-23  8.38101e-13 -2.48597e-23  3.20083e-13  3.97529e-24  8.28287e-14  6.29831e-24  1.63196e-14   1.2069e-24  2.43345e-15  -6.4459e-25  2.35241e-16 -3.36717e-25 -1.13072e-18  4.13116e-27 -6.58495e-18  3.67603e-26 -1.77006e-18  4.24411e-27 -3.19294e-19 -3.71804e-27 -4.53268e-20 -1.40497e-27 -5.29694e-21 -8.60536e-29 -5.16039e-22  5.75099e-29 -4.17528e-23   1.4403e-29 -2.75404e-24  8.86646e-32 -1.41983e-25 -5.20565e-31 -5.15215e-27 -1.17926e-31 -8.27905e-29 -2.01119e-32  3.81771e-30 -3.27864e-33   3.4372e-31 -2.85041e-34  1.28723e-32  4.00919e-36  2.60655e-34  1.74772e-36  2.03129e-36
-1.17022e-09  9.18544e-22  4.15866e-08 -8.81824e-21 -4.90006e-07  2.28773e-20  2.44662e-06  1.53517e-19  1.43681e-06 -1.63919e-18 -9.95966e-05  7.49763e-18  0.000713789 -2.15174e-17  -0.00297515  4.14261e-17   0.00841994 -5.09673e-17   -0.0167779   2.6928e-17    0.0231468  3.30359e-17   -0.0201674 -9.29252e-17    0.0072486  1.06621e-16   0.00482848 -6.56767e-17  -0.00577101   6.3544e-18 -0.000308372  2.82081e-17    0.0025188 -2.46615e-17 -8.00113e-06   4.2308e-18 -0.000979026  6.10621e-18 -0.000136614 -3.45747e-18  0.000314144 -1.40829e-19  0.000135717  1.49088e-18 -5.25455e-05 -2.26977e-18 -6.11116e-05  8.73064e-19 -1.16852e-05  9.23482e-19  1.06979e-05 -3.10405e-19  8.17575e-06 -5.26982e-19  1.73383e-06  2.88928e-20 -8.42931e-07  2.88429e-19 -8.03928e-07  -1.7639e-20 -2.84251e-07 -9.33963e-20 -1.88012e-08  2.77239e-21  3.44535e-08  2.01113e-20  2.14685e-08  4.69285e-21  6.97279e-09 -2.24304e-21  1.08895e-09 -2.37905e-21   -2.017e-10 -7.16625e-22 -2.08476e-10  2.61266e-22 -8.29473e-11  3.51348e-22 -2.20349e-11  9.15223e-23 -3.94004e-12 -4.73087e-23 -2.83925e-13 -2.90072e-23  1.07308e-13  3.79825e-24  5.60463e-14  7.04476e-24  1.59363e-14  1.38844e-24  3.38031e-15 -7.15805e-25  5.69583e-16 -3.66376e-25  7.60188e-17  6.61016e-27  7.45162e-18  3.91556e-26  3.52638e-19  4.84966e-27 -4.78423e-20 -3.41443e-27 -1.59675e-20   -1.301e-27 -2.65101e-21 -7.98364e-29 -3.25112e-22  5.13557e-29 -3.19004e-23  1.27054e-29 -2.56315e-24  1.53448e-31  -1.6898e-25 -4.36164e-31 -9.04303e-27 -1.15467e-31 -3.84133e-28 -2.24887e-32 -1.24767e-29 -3.24541e-33 -2.90506e-31 -2.18936e-34 -4.23747e-33   2.4469e-36 -2.60905e-35  5.67126e-37
-2.19854e-22 -6.46824e-09  4.70868e-21  1.56216e-07  -3.4311e-20 -1.73656e-06   1.0316e-19  1.06561e-05  1.26758e-19 -3.32478e-05 -2.48045e-18 -8.75248e-06   1.1434e-17   0.00060648 -3.14634e-17  -0.00315049  5.74001e-17   0.00947691  -6.6584e-17   -0.0189744  3.30359e-17    0.0253482  3.79203e-17   -0.0202527 -9.95282e-17   0.00479793  1.06287e-16   0.00715754 -5.97591e-17  -0.00558671  9.83276e-19  -0.00169429  2.96942e-17   0.00269175 -2.24115e-17  0.000643776  1.26781e-18  -0.00101495   6.7298e-18 -0.000413477 -2.99593e-18  0.000260931  5.93399e-19   0.00022044  7.47542e-19 -2.75323e-06 -2.47659e-18 -6.73997e-05   8.2142e-19 -2.96045e-05  1.27925e-18  3.56819e-06 -2.22441e-19  9.14627e-06 -7.25215e-19  4.00185e-06  6.50646e-21  2.05198e-07  3.30158e-19 -6.82553e-07 -2.32518e-21 -4.16874e-07 -9.89291e-20 -1.16497e-07 -7.90151e-21  2.06983e-10  2.09721e-20  1.66378e-08  8.92868e-21  8.92345e-09 -1.19317e-21  2.74305e-09 -3.09883e-21  4.57409e-10 -1.33911e-21 -3.58296e-11  1.67077e-22 -5.67226e-11  4.41263e-22 -2.34677e-11  1.36726e-22 -6.49136e-12 -4.27101e-23 -1.30951e-12 -3.05163e-23 -1.75276e-13  4.19456e-24 -4.30884e-15  7.64939e-24  5.80761e-15  1.43932e-24  2.13424e-15  -7.9361e-25  4.96336e-16 -3.81531e-25  8.93991e-17   1.0947e-26  1.31232e-17   4.0296e-26  1.58324e-18  5.18896e-27  1.53628e-19 -3.01236e-27  1.10858e-20 -1.13729e-27  4.16268e-22 -6.04057e-29 -2.84903e-23   4.6244e-29 -7.41742e-24  1.09821e-29 -8.48183e-25  1.79854e-31 -6.81875e-26 -3.76566e-31 -4.15978e-27 -1.13019e-31 -1.94033e-28 -2.22778e-32 -6.74246e-30 -2.73918e-33 -1.63528e-31 -1.43171e-34 -2.37498e-33   1.1173e-36 -1.26477e-35
 2.50095e-10 -1.46484e-21 -1.83248e-08  1.83168e-20  3.90599e-07 -1.08126e-19 -4.22125e-06  3.24899e-19  2.71136e-05 -1.32089e-19 -0.000105964 -3.23287e-18  0.000208467  1.58599e-17  0.000189236 -4.25096e-17  -0.00275329   7.4054e-17   0.00970782 -8.12955e-17   -0.0201674  3.79203e-17    0.0264423  4.07193e-17   -0.0193299 -9.98468e-17   0.00191873  9.99806e-17   0.00907141  -5.2308e-17  -0.00476256 -2.80771e-18  -0.00310578  2.96299e-17   0.00248719 -1.96123e-17   0.00134345 -1.18799e-18 -0.000858775  6.23069e-18 -0.000682312 -2.07136e-18  0.000126715  1.58254e-18  0.000275402  4.13293e-20  6.57071e-05 -2.90992e-18 -5.50008e-05  7.26797e-19 -4.44415e-05  1.69752e-18 -7.57552e-06 -1.18086e-19  7.04197e-06 -8.99389e-19  5.54784e-06 -2.68129e-20  1.56313e-06  3.58623e-19 -2.18286e-07  1.69044e-20 -4.06566e-07 -1.03645e-19 -1.91959e-07 -1.99825e-20 -4.49157e-08  2.10459e-20  2.03262e-09  1.35279e-20   6.7748e-09  5.07731e-22   3.3298e-09 -3.64839e-21  1.00066e-09 -2.02498e-21  1.84787e-10  8.77871e-24   4.5123e-12  5.00463e-22 -1.17273e-11  1.77465e-22 -5.43682e-12 -3.39053e-23 -1.57953e-12 -2.89044e-23 -3.43836e-13  5.45045e-24 -5.69219e-14  8.13712e-24 -6.41942e-15  1.36531e-24 -1.58831e-16 -8.70491e-25  1.42955e-16 -3.82606e-25  4.54467e-17  1.58181e-26  9.05839e-18  3.98493e-26  1.39988e-18  5.17336e-27  1.77342e-19 -2.55885e-27  1.87293e-20 -9.31865e-28  1.64722e-21 -3.15453e-29  1.18749e-22  4.23635e-29  6.75667e-24  9.43027e-30  2.76345e-25  1.66722e-31  5.54336e-27 -3.39944e-31 -2.03619e-28 -1.07338e-31  -2.4009e-29 -1.96339e-32 -1.10305e-30 -1.99134e-33 -2.84338e-32 -7.77043e-35 -3.48759e-34  3.54669e-37
  2.7486e-22 -5.46058e-10 -6.50297e-21 -1.96083e-08  5.77323e-20  6.24043e-07 -2.86613e-19 -7.48405e-06  8.23616e-19  5.11864e-05 -8.69276e-19 -0.000219575 -3.48698e-18  0.000572068  2.00211e-17 -0.000600717 -5.32397e-17  -0.00165949  8.92219e-17   0.00895443 -9.29252e-17   -0.0202527  4.07193e-17    0.0264842  4.08178e-17     -0.01765 -9.35946e-17  -0.00105261  8.90151e-17    0.0103871 -4.49123e-17  -0.00340479 -4.74495e-18  -0.00434819  2.84881e-17   0.00190686 -1.64455e-17   0.00197285 -3.15324e-18 -0.000511917  4.66306e-18 -0.000882554 -8.51309e-19 -7.31876e-05   2.8748e-18  0.000278997  -5.3998e-19   0.00013788 -3.56386e-18 -2.26693e-05  5.74665e-19 -5.03313e-05  2.13237e-18 -1.99181e-05  5.89389e-22  1.74103e-06 -1.03132e-18  5.52622e-06 -6.46135e-20  2.74285e-06   3.7539e-19  4.80856e-07  3.71808e-20 -2.17736e-07  -1.0863e-19 -2.02263e-07 -3.34587e-20 -8.07138e-08  2.00617e-20 -1.69167e-08  1.82834e-20  8.49628e-10  2.82632e-21  2.33347e-09 -3.92068e-21  1.10175e-09 -2.68296e-21  3.30693e-10 -1.95077e-22  6.73407e-11  5.20023e-22  6.70957e-12  2.06099e-22 -1.39713e-12 -2.33313e-23  -9.5262e-13 -2.43193e-23 -3.01771e-13  7.63233e-24 -6.96139e-14  8.52537e-24 -1.26674e-14  1.19456e-24 -1.82545e-15 -9.34576e-25 -1.95005e-16 -3.70668e-25 -1.08282e-17   1.9903e-26   1.1641e-18  3.76219e-26  4.62212e-19  4.76318e-27  8.39581e-20 -2.09626e-27  1.11639e-20 -7.06267e-28  1.18749e-21  1.82778e-30  1.03759e-22  3.95657e-29  7.48071e-24  8.09512e-30  4.41446e-25  1.07909e-31  2.09227e-26 -3.16548e-31  7.71036e-28 -9.61237e-32  2.09184e-29 -1.53433e-32   3.7873e-31 -1.23629e-33   3.7854e-33 -3.30615e-35  1.41976e-35
