  0.00469824  1.18439e-18   -0.0136664 -6.10796e-18   0.00500787  7.19007e-18   0.00311347 -4.93834e-18  0.000424382  3.68312e-18 -0.000149267  1.18948e-18 -8.57339e-05 -7.14019e-19 -2.05171e-05 -1.16759e-19  -2.8322e-06 -8.93696e-21 -2.16449e-07 -1.77524e-21 -6.21528e-09
 1.18439e-18    0.0247438  3.17169e-18   -0.0354355 -1.14125e-17   0.00109226 -3.04755e-19   0.00663744 -6.86168e-19   0.00249707  7.50439e-18  0.000396207  1.61377e-18 -4.76272e-06 -6.50238e-19  -1.4141e-05 -1.42721e-19 -2.57804e-06 -1.96372e-20 -1.84063e-07 -1.43439e-21
  -0.0136664  3.17169e-18    0.0604739  9.44941e-18   -0.0501583 -2.09648e-17   -0.0134925 -1.93491e-17   0.00497999  4.98366e-18   0.00392934  1.00306e-17   0.00117333  2.11059e-18  0.000199187  -2.9057e-19  1.93331e-05 -9.89844e-20  8.96738e-07 -1.37738e-20  9.34252e-09
-6.10796e-18   -0.0354355  9.44941e-18    0.0932822  2.68936e-17   -0.0449825 -3.61905e-17   -0.0295582 -3.80832e-17  -0.00299497  4.87354e-18   0.00238433  9.56715e-18   0.00115752  2.15723e-18  0.000255699 -1.07896e-21  3.12272e-05 -4.09823e-20  1.83457e-06  -4.3705e-21
  0.00500787 -1.14125e-17   -0.0501583  2.68936e-17     0.106317  5.40338e-17   -0.0242909 -4.58808e-17   -0.0366229 -4.63314e-17   -0.0119755  2.79861e-19  -0.00124084  6.46633e-18  0.000279055    1.532e-18  0.000109604  8.08139e-20  1.40812e-05 -9.57293e-21  5.79367e-07
 7.19007e-18   0.00109226 -2.09648e-17   -0.0449825  5.40338e-17     0.102198  7.93737e-17  0.000233811 -3.85107e-17   -0.0316391 -4.03312e-17   -0.0158921 -3.05909e-18    -0.003929   3.0925e-18 -0.000538396  7.57693e-19 -3.61408e-05  5.22746e-20 -5.88132e-07 -9.03313e-22
  0.00311347 -3.04755e-19   -0.0134925 -3.61905e-17   -0.0242909  7.93737e-17    0.0940118  9.54179e-17    0.0222239 -1.42321e-17   -0.0177423 -2.28841e-17   -0.0128715 -2.13337e-18  -0.00393485  1.27464e-18 -0.000674092  3.00478e-19 -6.23368e-05  2.01775e-20 -2.12099e-06
-4.93834e-18   0.00663744 -1.93491e-17   -0.0295582 -4.58808e-17  0.000233811  9.54179e-17    0.0901217  1.05021e-16    0.0404321   1.7494e-17 -0.000723484 -1.93288e-18  -0.00577112  1.38482e-18  -0.00210921  8.57901e-19 -0.000359281  1.36714e-19  -2.7362e-05  6.19905e-21
 0.000424382 -6.86168e-19   0.00497999 -3.80832e-17   -0.0366229 -3.85107e-17    0.0222239  1.05021e-16    0.0905411  1.12615e-16    0.0532316   4.4297e-17    0.0130103  1.35004e-17  0.000701363  4.04273e-18 -0.000344295  7.84049e-19 -7.39548e-05  7.07812e-20 -3.94317e-06
 3.68312e-18   0.00249707  4.98366e-18  -0.00299497 -4.63314e-17   -0.0316391 -1.42321e-17    0.0404321  1.12615e-16    0.0903065  1.15476e-16    0.0572798   5.6286e-17    0.0189762  1.86422e-17   0.00364537  4.18815e-18  0.000393081  5.33161e-19  1.95612e-05  2.49462e-20
-0.000149267  7.50439e-18   0.00392934  4.87354e-18   -0.0119755 -4.03312e-17   -0.0177423   1.7494e-17    0.0532316  1.15476e-16    0.0836439  1.06476e-16    0.0508587  5.12304e-17    0.0170991  1.52779e-17   0.00337962  2.70282e-18  0.000363538  2.30221e-19  1.43171e-05
 1.18948e-18  0.000396207  1.00306e-17   0.00238433  2.79861e-19   -0.0158921 -2.28841e-17 -0.000723484   4.4297e-17    0.0572798  1.06476e-16     0.068135  8.36149e-17    0.0368853  3.56316e-17    0.0111769  8.86876e-18   0.00190299  1.17831e-18  0.000152765  5.58568e-20
-8.57339e-05  1.61377e-18   0.00117333  9.56715e-18  -0.00124084 -3.05909e-18   -0.0128715 -1.93288e-18    0.0130103   5.6286e-17    0.0508587  8.36149e-17    0.0469556  5.40031e-17    0.0215501  1.91856e-17   0.00547719  3.76504e-18  0.000723813  3.41347e-19  3.36374e-05
-7.14019e-19 -4.76272e-06  2.11059e-18   0.00115752  6.46633e-18    -0.003929 -2.13337e-18  -0.00577112  1.35004e-17    0.0189762  5.12304e-17    0.0368853  5.40031e-17    0.0266219  2.80313e-17    0.0099823  7.95047e-18   0.00200554  1.15407e-18  0.000183225  5.80064e-20
-2.05171e-05 -6.50238e-19  0.000199187  2.15723e-18  0.000279055   3.0925e-18  -0.00393485  1.38482e-18  0.000701363  1.86422e-17    0.0170991  3.56316e-17    0.0215501  2.80313e-17    0.0121356  1.14656e-17   0.00359372  2.48793e-18  0.000534228  2.42462e-19  2.71906e-05
-1.16759e-19  -1.4141e-05  -2.9057e-19  0.000255699    1.532e-18 -0.000538396  1.27464e-18  -0.00210921  4.04273e-18   0.00364537  1.52779e-17    0.0111769  1.91856e-17    0.0099823  1.14656e-17    0.0043471  3.61319e-18  0.000977998  5.67376e-19  9.74956e-05  3.02263e-20
 -2.8322e-06 -1.42721e-19  1.93331e-05 -1.07896e-21  0.000109604  7.57693e-19 -0.000674092  8.57901e-19 -0.000344295  4.18815e-18   0.00337962  8.86876e-18   0.00547719  7.95047e-18   0.00359372  3.61319e-18   0.00119021  8.50275e-19  0.000192753  8.81742e-20  1.04835e-05
-8.93696e-21 -2.57804e-06 -9.89844e-20  3.12272e-05  8.08139e-20 -3.61408e-05  3.00478e-19 -0.000359281  7.84049e-19  0.000393081  2.70282e-18   0.00190299  3.76504e-18   0.00200554  2.48793e-18  0.000977998  8.50275e-19   0.00023959  1.42294e-19  2.55106e-05  7.96449e-21
-2.16449e-07 -1.96372e-20  8.96738e-07 -4.09823e-20  1.40812e-05  5.22746e-20 -6.23368e-05  1.36714e-19 -7.39548e-05  5.33161e-19  0.000363538  1.17831e-18  0.000723813  1.15407e-18  0.000534228  5.67376e-19  0.000192753  1.42294e-19  3.33365e-05  1.55205e-20  1.90845e-06
-1.77524e-21 -1.84063e-07 -1.37738e-20  1.83457e-06 -9.57293e-21 -5.88132e-07  2.01775e-20  -2.7362e-05  7.07812e-20  1.95612e-05  2.30221e-19  0.000152765  3.41347e-19  0.000183225  2.42462e-19  9.74956e-05  8.81742e-20  2.55106e-05  1.55205e-20  2.85908e-06  9.04467e-22
-6.21528e-09 -1.43439e-21  9.34252e-09  -4.3705e-21  5.79367e-07 -9.03313e-22 -2.12099e-06  6.19905e-21 -3.94317e-06  2.49462e-20  1.43171e-05  5.58568e-20  3.36374e-05  5.80064e-20  2.71906e-05  3.02263e-20  1.04835e-05  7.96449e-21  1.90845e-06  9.04467e-22  1.13743e-07
