 0.000898878  1.98229e-19  -0.00406808 -1.57675e-18   0.00392877  3.09329e-18  0.000202055 -2.37938e-18 -0.000628415  1.43138e-18 -0.000228385 -3.39561e-19  -2.3741e-05 -1.19643e-19  5.03048e-06  -2.1474e-20  1.89245e-06 -6.83512e-21  2.29795e-07  3.88913e-21   8.9088e-09
 1.98229e-19   0.00682149  8.77332e-19   -0.0157776 -5.00533e-18   0.00806464  5.09062e-18   0.00321937  -8.2308e-19 -0.000526954  1.76858e-18 -0.000567916 -2.28152e-19 -0.000154232 -2.01086e-19 -1.93033e-05 -7.35314e-20 -7.15662e-07 -1.94946e-21  5.63962e-08  3.50874e-21
 -0.00406808  8.77332e-19    0.0239106  3.02296e-18   -0.0340754 -1.22189e-17    0.0063785  3.36617e-18   0.00791852  4.34735e-18   0.00139017  2.85375e-18 -0.000360557  3.01531e-19 -0.000209828 -1.29847e-19 -4.15182e-05 -6.68724e-20 -3.86373e-06   6.8213e-21 -1.21406e-07
-1.57675e-18   -0.0157776  3.02296e-18    0.0519406  8.96407e-18    -0.048711 -2.45805e-17   -0.0047925 -4.10041e-18   0.00963769  9.30945e-18    0.0040809  5.09506e-18  0.000562833  1.27262e-18 -4.27089e-05  1.27346e-19 -2.31478e-05  2.47791e-21 -2.39597e-06  7.53818e-21
  0.00392877 -5.00533e-18   -0.0340754  8.96407e-18    0.0797842  2.10145e-17   -0.0494748  -3.9229e-17   -0.0208753 -1.61323e-17   0.00506648  9.99379e-18   0.00488965  6.84618e-18   0.00133878  2.16072e-18  0.000171972  3.91365e-19  8.43084e-06  4.73251e-20 -3.29042e-08
 3.09329e-18   0.00806464 -1.22189e-17    -0.048711  2.10145e-17    0.0950246  3.81483e-17   -0.0360927 -4.89403e-17   -0.0332726 -2.75705e-17  -0.00392659  6.14887e-18   0.00265641  6.59445e-18    0.0011643  2.34023e-18  0.000199303  4.32467e-19   1.4449e-05  3.33707e-20
 0.000202055  5.09062e-18    0.0063785 -2.45805e-17   -0.0494748  3.81483e-17    0.0958513  5.52003e-17   -0.0158862  -4.7439e-17   -0.0363956 -3.20931e-17   -0.0119966  1.21985e-18 -0.000904355  4.75973e-18  0.000332213  1.78066e-18  8.11375e-05  2.68528e-19  4.68091e-06
-2.37938e-18   0.00321937  3.36617e-18   -0.0047925  -3.9229e-17   -0.0360927  5.52003e-17    0.0900271  6.67818e-17   0.00484638 -3.37911e-17     -0.02959 -2.68122e-17   -0.0146227 -1.20039e-18   -0.0030932  2.80111e-18 -0.000288925  9.83303e-19 -5.76718e-06  9.15464e-20
-0.000628415  -8.2308e-19   0.00791852 -4.10041e-18   -0.0208753 -4.89403e-17   -0.0158862  6.67818e-17    0.0856815  7.18917e-17    0.0240206 -1.21109e-17   -0.0156631 -1.42922e-17   -0.0111086 -4.39153e-19  -0.00287905  1.53985e-18 -0.000348766  3.93561e-19 -1.42561e-05
 1.43138e-18 -0.000526954  4.34735e-18   0.00963769 -1.61323e-17   -0.0332726  -4.7439e-17   0.00484638  7.18917e-17    0.0858087  7.37856e-17    0.0406778  1.07812e-17  0.000213771 -7.43015e-19  -0.00463529    1.451e-18  -0.00139267  8.56207e-19 -0.000150365  1.04881e-19
-0.000228385  1.76858e-18   0.00139017  9.30945e-18   0.00506648 -2.75705e-17   -0.0363956 -3.37911e-17    0.0240206  7.37856e-17    0.0882514  7.49083e-17    0.0518361  2.75053e-17    0.0119755  7.93027e-18  0.000540719  2.31675e-18  -0.00021137  4.20639e-19  -2.1534e-05
-3.39561e-19 -0.000567916  2.85375e-18    0.0040809  9.99379e-18  -0.00392659 -3.20931e-17     -0.02959 -1.21109e-17    0.0406778  7.49083e-17    0.0876665  7.29797e-17    0.0534892  3.30239e-17    0.0158597  9.69697e-18   0.00239713  1.79786e-18  0.000153801  1.37201e-19
 -2.3741e-05 -2.28152e-19 -0.000360557  5.09506e-18   0.00488965  6.14887e-18   -0.0119966 -2.68122e-17   -0.0156631  1.07812e-17    0.0518361  7.29797e-17    0.0788246  6.36264e-17    0.0446848  2.77656e-17    0.0128609  6.88858e-18   0.00185474  8.38322e-19  9.26678e-05
-1.19643e-19 -0.000154232  3.01531e-19  0.000562833  6.84618e-18   0.00265641  1.21985e-18   -0.0146227 -1.42922e-17  0.000213771  2.75053e-17    0.0534892  6.36264e-17    0.0608426  4.65853e-17     0.029742   1.7343e-17   0.00729882  3.28678e-18  0.000792467  2.19327e-19
 5.03048e-06 -2.01086e-19 -0.000209828  1.27262e-18   0.00133878  6.59445e-18 -0.000904355 -1.20039e-18   -0.0111086 -7.43015e-19    0.0119755  3.30239e-17    0.0446848  4.65853e-17    0.0387079   2.7385e-17    0.0154253  8.04391e-18   0.00292522  1.04071e-18  0.000185174
 -2.1474e-20 -1.93033e-05 -1.29847e-19 -4.27089e-05  2.16072e-18    0.0011643  4.75973e-18   -0.0030932 -4.39153e-19  -0.00463529  7.93027e-18    0.0158597  2.77656e-17     0.029742   2.7385e-17     0.019616   1.2478e-17   0.00605007  2.69102e-18  0.000789878  1.92065e-19
 1.89245e-06 -7.35314e-20 -4.15182e-05  1.27346e-19  0.000171972  2.34023e-18  0.000332213  2.80111e-18  -0.00287905    1.451e-18  0.000540719  9.69697e-18    0.0128609   1.7343e-17    0.0154253   1.2478e-17   0.00764963  4.24669e-18   0.00171648  6.08794e-19   0.00012427
-6.83512e-21 -7.15662e-07 -6.68724e-20 -2.31478e-05  3.91365e-19  0.000199303  1.78066e-18 -0.000288925  1.53985e-18  -0.00139267  2.31675e-18   0.00239713  6.88858e-18   0.00729882  8.04391e-18   0.00605007  4.24669e-18   0.00219898  1.02533e-18  0.000326255  7.95347e-20
 2.29795e-07 -1.94946e-21 -3.86373e-06  2.47791e-21  8.43084e-06  4.32467e-19  8.11375e-05  9.83303e-19 -0.000348766  8.56207e-19  -0.00021137  1.79786e-18   0.00185474  3.28678e-18   0.00292522  2.69102e-18   0.00171648  1.02533e-18  0.000436937  1.60761e-19  3.49406e-05
 3.88913e-21  5.63962e-08   6.8213e-21 -2.39597e-06  4.73251e-20   1.4449e-05  2.68528e-19 -5.76718e-06  3.93561e-19 -0.000150365  4.20639e-19  0.000153801  8.38322e-19  0.000792467  1.04071e-18  0.000789878  6.08794e-19  0.000326255  1.60761e-19  5.34256e-05  1.34091e-20
  8.9088e-09  3.50874e-21 -1.21406e-07  7.53818e-21 -3.29042e-08  3.33707e-20  4.68091e-06  9.15464e-20 -1.42561e-05  1.04881e-19  -2.1534e-05  1.37201e-19  9.26678e-05  2.19327e-19  0.000185174  1.92065e-19   0.00012427  7.95347e-20  3.49406e-05  1.34091e-20  3.02177e-06
