 8.77655e-06  3.47146e-23 -0.000111413  2.99917e-21  0.000458552 -2.03901e-20 -0.000805023  4.75057e-20  0.000364809 -3.05448e-20  0.000392507  2.16291e-20 -3.13952e-06  2.69543e-20 -0.000103723 -4.98165e-20 -4.93299e-05   1.1082e-20  -1.0121e-05  1.31458e-20 -7.05775e-07
 3.47146e-23  0.000165098 -2.36731e-21  -0.00109527  4.61102e-20   0.00297507 -1.75311e-19   -0.0031619  2.37508e-19 -0.000354459 -8.50147e-20   0.00147897 -1.12724e-20  0.000888398  1.89789e-19  0.000219521 -1.38787e-19  2.17331e-05 -2.82697e-20 -5.69882e-20  3.54237e-20
-0.000111413 -2.36731e-21   0.00142107 -2.95028e-20  -0.00590552  2.69408e-19    0.0105921  -7.4467e-19  -0.00525158   6.2313e-19  -0.00498866 -2.28452e-19  0.000489913 -5.52423e-19   0.00162951  3.74575e-19  0.000729912 -2.54793e-19  0.000146497 -1.64242e-19   1.0121e-05
 2.99917e-21  -0.00109527 -2.95028e-20   0.00733647 -1.34829e-19   -0.0203283  9.36163e-19    0.0227485 -1.79607e-18  0.000837865  1.12737e-18   -0.0111755 -2.16807e-19  -0.00585908 -1.80702e-18  -0.00110531  4.78727e-19 -1.24653e-17 -6.87222e-20  2.17331e-05 -1.68752e-19
 0.000458552  4.61102e-20  -0.00590552 -1.34829e-19    0.0250233 -3.99785e-19   -0.0468234  2.36542e-18    0.0272534 -2.72577e-18    0.0199776  1.66641e-18  -0.00625341  1.19108e-18     -0.00934 -2.31308e-18  -0.00379935  8.25523e-19 -0.000729912  4.54418e-19 -4.93299e-05
-2.03901e-20   0.00297507  2.69408e-19   -0.0203283 -3.99785e-19    0.0586343 -1.15609e-18   -0.0723522   4.5101e-18   0.00777621 -3.13079e-18    0.0374194  1.41578e-18    0.0139961    3.502e-18   3.9176e-18 -1.58922e-18  -0.00110531   8.3184e-19 -0.000219521  2.11598e-19
-0.000805023 -1.75311e-19    0.0105921  9.36163e-19   -0.0468234 -1.15609e-18    0.0955988 -2.71716e-18   -0.0727819  6.34767e-18   -0.0292403 -3.82894e-18    0.0305618 -1.42208e-18    0.0268567  2.72459e-18      0.00934 -1.83668e-18   0.00162951  1.85524e-21  0.000103723
 4.75057e-20   -0.0031619  -7.4467e-19    0.0227485  2.36542e-18   -0.0723522 -2.71716e-18     0.109535 -3.92586e-18   -0.0444631  6.19925e-18   -0.0558835 -6.20813e-18 -6.01238e-17 -5.64142e-18    0.0139961  -1.1769e-18   0.00585908 -3.03322e-18  0.000888398 -2.94041e-19
 0.000364809  2.37508e-19  -0.00525158 -1.79607e-18    0.0272534   4.5101e-18   -0.0727819 -3.92586e-18    0.0939502 -3.22729e-18    -0.014319  3.36183e-18   -0.0628143 -9.16548e-18   -0.0305618 -6.23807e-18  -0.00625341 -2.95304e-18 -0.000489913 -2.66659e-18 -3.13952e-06
-3.05448e-20 -0.000354459   6.2313e-19  0.000837865 -2.72577e-18   0.00777621  6.34767e-18   -0.0444631 -3.22729e-18    0.0743197 -7.36333e-19  3.05939e-17  1.78445e-18   -0.0558835 -7.57994e-18   -0.0374194 -1.69564e-18   -0.0111755 -9.95404e-19  -0.00147897  5.96961e-19
 0.000392507 -8.50147e-20  -0.00498866  1.12737e-18    0.0199776 -3.13079e-18   -0.0292403  6.19925e-18    -0.014319 -7.36333e-19    0.0680151  5.71166e-18     0.014319  6.87882e-18   -0.0292403  3.15418e-19   -0.0199776  4.67264e-18  -0.00498866  1.38256e-18 -0.000392507
 2.16291e-20   0.00147897 -2.28452e-19   -0.0111755  1.66641e-18    0.0374194 -3.82894e-18   -0.0558835  3.36183e-18  3.05939e-17  5.71166e-18    0.0743197  1.92845e-17    0.0444631  1.53598e-17   0.00777621  9.13523e-18 -0.000837865  8.45524e-18 -0.000354459  3.91676e-18
-3.13952e-06 -1.12724e-20  0.000489913 -2.16807e-19  -0.00625341  1.41578e-18    0.0305618 -6.20813e-18   -0.0628143  1.78445e-18     0.014319  1.92845e-17    0.0939502  3.29742e-17    0.0727819  1.95184e-17    0.0272534  1.36803e-17   0.00525158  7.02699e-18  0.000364809
 2.69543e-20  0.000888398 -5.52423e-19  -0.00585908  1.19108e-18    0.0139961 -1.42208e-18 -6.01238e-17 -9.16548e-18   -0.0558835  6.87882e-18    0.0444631  3.29742e-17     0.109535  3.41594e-17    0.0723522  1.77211e-17    0.0227485  1.21463e-17    0.0031619  4.90443e-18
-0.000103723  1.89789e-19   0.00162951 -1.80702e-18     -0.00934    3.502e-18    0.0268567 -5.64142e-18   -0.0305618 -7.57994e-18   -0.0292403  1.53598e-17    0.0727819  3.41594e-17    0.0955988  2.34564e-17    0.0468234  1.29423e-17    0.0105921  6.60558e-18  0.000805023
-4.98165e-20  0.000219521  3.74575e-19  -0.00110531 -2.31308e-18   3.9176e-18  2.72459e-18    0.0139961 -6.23807e-18   -0.0374194  3.15418e-19   0.00777621  1.95184e-17    0.0723522  2.34564e-17    0.0586343  1.23642e-17    0.0203283  7.46497e-18   0.00297507  2.87407e-18
-4.93299e-05 -1.38787e-19  0.000729912  4.78727e-19  -0.00379935 -1.58922e-18      0.00934  -1.1769e-18  -0.00625341 -1.69564e-18   -0.0199776  9.13523e-18    0.0272534  1.77211e-17    0.0468234  1.23642e-17    0.0250233  6.10529e-18   0.00590552  2.95008e-18  0.000458552
  1.1082e-20  2.17331e-05 -2.54793e-19 -1.24653e-17  8.25523e-19  -0.00110531 -1.83668e-18   0.00585908 -2.95304e-18   -0.0111755  4.67264e-18 -0.000837865  1.36803e-17    0.0227485  1.29423e-17    0.0203283  6.10529e-18   0.00733647  2.72808e-18   0.00109527  9.04962e-19
 -1.0121e-05 -2.82697e-20  0.000146497 -6.87222e-20 -0.000729912   8.3184e-19   0.00162951 -3.03322e-18 -0.000489913 -9.95404e-19  -0.00498866  8.45524e-18   0.00525158  1.21463e-17    0.0105921  7.46497e-18   0.00590552  2.72808e-18   0.00142107  8.26843e-19  0.000111413
 1.31458e-20 -5.69882e-20 -1.64242e-19  2.17331e-05  4.54418e-19 -0.000219521  1.85524e-21  0.000888398 -2.66659e-18  -0.00147897  1.38256e-18 -0.000354459  7.02699e-18    0.0031619  6.60558e-18   0.00297507  2.95008e-18   0.00109527  8.26843e-19  0.000165098  1.58298e-19
-7.05775e-07  3.54237e-20   1.0121e-05 -1.68752e-19 -4.93299e-05  2.11598e-19  0.000103723 -2.94041e-19 -3.13952e-06  5.96961e-19 -0.000392507  3.91676e-18  0.000364809  4.90443e-18  0.000805023  2.87407e-18  0.000458552  9.04962e-19  0.000111413  1.58298e-19  8.77655e-06
