 1.57509e-06 -5.91536e-21 -1.42573e-05  1.03026e-19  4.21092e-05 -4.96152e-19 -5.68657e-05  1.24049e-18  3.02825e-05 -1.89043e-18  5.32217e-06  1.82174e-18 -8.23674e-06 -1.06749e-18 -2.43962e-06  3.36265e-19   1.4922e-06 -1.21823e-20  1.14463e-06  -1.4872e-19  1.25807e-07  2.58855e-19 -2.11042e-07 -1.73013e-19 -1.41347e-07  3.73204e-23 -3.34683e-08  5.12703e-20  1.01924e-08 -1.85201e-20  1.30913e-08  1.73133e-21  6.25258e-09 -1.84789e-22  1.56567e-09 -1.24814e-21 -9.33631e-11  1.57677e-22 -3.21777e-10  9.61766e-22 -1.92659e-10 -3.63049e-22 -7.54881e-11 -1.48982e-22 -2.08866e-11  8.89693e-23 -3.15362e-12 -8.91426e-24  6.21004e-13 -2.92694e-24  7.31419e-13  9.86734e-24  3.62239e-13 -1.21507e-24  1.34538e-13 -3.37105e-24  4.15243e-14  3.96116e-26   1.0979e-14  6.81412e-25  2.48468e-15  1.02009e-25   4.6418e-16 -1.12175e-25  6.22236e-17 -4.00123e-26  1.30539e-18  9.96051e-27 -2.75835e-18  7.29383e-27 -1.22588e-18  2.30888e-28 -3.71532e-19 -5.98113e-28 -9.35822e-20 -5.21046e-29 -2.07835e-20  6.64742e-29   -4.176e-21  2.07523e-29 -7.69351e-22 -2.61705e-31 -1.30949e-22 -1.30068e-30 -2.06829e-23 -2.32761e-31 -3.03883e-24  5.58346e-33 -4.15776e-25  2.87965e-33 -5.29765e-26  1.41734e-33 -6.28065e-27  2.75539e-33 -6.91667e-28  1.40153e-33 -7.05805e-29  2.38851e-34 -6.65167e-30 -5.12968e-35 -5.76506e-31  -3.6375e-35 -4.57107e-32 -8.37632e-36 -3.29401e-33 -7.44571e-37  -2.1396e-34  7.89549e-38 -1.23929e-35   3.0749e-38 -6.30669e-37  4.02054e-39  -2.7586e-38  4.22869e-40 -1.00317e-39  8.07809e-41 -2.90608e-41  1.57677e-41  -6.7812e-43   1.9123e-42  -1.8301e-44  1.30911e-43 -7.94637e-46   4.3478e-45 -2.47649e-47  3.90093e-47
-5.91536e-21  2.18094e-05 -6.31128e-20 -0.000109845  7.53289e-19  0.000235987 -2.87026e-18 -0.000237681  6.01103e-18  7.18786e-05 -7.85554e-18  4.81652e-05  6.46664e-18 -1.92796e-05 -3.11738e-18 -1.61086e-05  7.81533e-19  4.67291e-07  -5.6573e-20  4.31226e-06 -4.69766e-19  1.81157e-06  8.78994e-19 -1.32217e-07 -5.02356e-19 -4.94265e-07 -6.65049e-20 -2.56191e-07   1.5023e-19 -4.84345e-08 -3.28525e-20   2.2507e-08  4.26708e-21  2.38208e-08 -1.37665e-21  1.11703e-08 -5.87837e-21  3.04463e-09  8.42641e-22  1.12926e-10  2.92697e-21  -4.0662e-10  -9.0702e-22 -2.77932e-10 -4.11233e-22 -1.19852e-10  1.70518e-22 -3.87277e-11 -3.16072e-23  -9.1968e-12  1.13058e-23  -1.1435e-12  3.46575e-23  2.93131e-13  -6.1904e-24  2.76509e-13 -1.14269e-23  1.25803e-13  1.67986e-26  4.41782e-14  2.31799e-24  1.31841e-14  3.64815e-25  3.46451e-15 -3.69895e-25  8.13642e-16 -1.32864e-25  1.71467e-16  2.89429e-26  3.22622e-17  2.20825e-26  5.32341e-18  9.13736e-28  7.35101e-19 -1.64118e-27  7.30058e-20 -1.09678e-28  8.65268e-22  2.05147e-28 -1.93984e-21  6.39661e-29 -6.41526e-22  3.18478e-31  -1.4577e-22 -3.75162e-30 -2.74637e-23 -8.75121e-31 -4.53568e-24 -1.11789e-31  -6.7202e-25  -2.4222e-32  -9.0311e-26  8.38113e-33 -1.10646e-26  1.34401e-32 -1.23807e-27  5.49948e-33 -1.26466e-28  7.07713e-34 -1.17683e-29 -2.39474e-34  -9.9406e-31 -1.32462e-34 -7.58384e-32  -2.8332e-35 -5.19063e-33 -2.66398e-36 -3.15829e-34  1.13618e-37 -1.68612e-35   6.4445e-38 -7.73105e-37  9.52226e-39 -2.92355e-38  1.42787e-39  -8.3414e-40  2.86773e-40 -1.40257e-41  4.52726e-41  -2.0735e-44  4.38822e-42  -3.6854e-45  2.33828e-43 -6.89461e-46  5.30926e-45 -1.76185e-47
-1.42573e-05 -6.31128e-20  0.000146732 -3.76549e-19 -0.000502796  3.37155e-18    0.0008211 -1.05269e-17 -0.000607835  1.88309e-17  4.32636e-05 -2.13251e-17  0.000163992  1.49513e-17 -3.54222e-06 -5.75299e-18 -4.57963e-05  1.22746e-18 -1.33212e-05 -4.11281e-19   6.7039e-06 -1.01901e-18  6.49438e-06  2.07977e-18  1.70787e-06 -9.63209e-19 -5.83334e-07 -2.81884e-19 -7.31391e-07  2.73922e-19 -3.21997e-07 -2.30088e-20 -5.16266e-08  1.76168e-20  3.03275e-08  -4.3071e-21  2.94325e-08 -1.71662e-20   1.3901e-08   1.8858e-21  4.17796e-09  6.12079e-21  5.33053e-10 -1.43017e-21 -2.73054e-10 -7.57977e-22 -2.47204e-10  1.43944e-22 -1.19238e-10 -9.11283e-23 -4.33018e-11  7.37065e-23 -1.25924e-11  8.69126e-23 -2.86098e-12  -1.9321e-23 -4.17635e-13 -2.78669e-23  2.20465e-14  4.33609e-26   4.5118e-14  5.58504e-24   2.1289e-14  8.79065e-25  7.36462e-15 -8.49616e-25  2.14744e-15 -3.01626e-25  5.53726e-16  5.97942e-26  1.29121e-16  4.59245e-26  2.75619e-17    1.805e-27  5.42427e-18 -3.23908e-27  9.88529e-19 -1.19814e-28  1.67266e-19  4.54042e-28  2.63188e-20  1.39089e-28  3.85404e-21  2.17264e-30  5.25429e-22 -8.17853e-30  6.67012e-23 -2.59947e-30   7.8865e-24 -6.61031e-31  8.69066e-25 -1.44267e-31  8.93849e-26  3.05815e-32  8.60268e-27  4.11871e-32   7.7774e-28  1.41655e-32  6.63616e-29  1.22466e-33  5.36702e-30 -7.56614e-34  4.12046e-31 -3.40037e-34  2.99255e-32 -6.84666e-35  2.03729e-33 -7.01117e-36  1.28413e-34 -9.85034e-38  7.42403e-36  7.56985e-38  3.95087e-37  1.57216e-38  1.97966e-38  3.25569e-39  9.49997e-40  6.28676e-40  4.12243e-41  8.20448e-41  1.33445e-42  6.34971e-42  1.91844e-44  2.51748e-43 -2.98118e-46  3.18507e-45
 1.03026e-19 -0.000109845 -3.76549e-19  0.000639641  -1.5359e-18  -0.00163037  1.08667e-17   0.00206997 -2.85279e-17  -0.00106802  4.43262e-17 -0.000225891 -4.38608e-17  0.000331344  2.58935e-17  9.61221e-05 -7.43807e-18 -7.13228e-05   1.7788e-18 -5.04351e-05 -1.68093e-18 -1.95075e-06 -1.83737e-18  1.21198e-05  3.96113e-18  6.92077e-06 -1.36263e-18  1.03735e-06 -7.05533e-19  -9.6864e-07  3.33673e-19 -8.32114e-07  2.54764e-20 -3.30177e-07  6.12591e-20 -4.97535e-08  -6.7485e-21  2.94154e-08 -3.70678e-20  2.82775e-08   2.1966e-21  1.37189e-08  1.00425e-20  4.53845e-09  -1.4791e-21  9.19867e-10 -1.08301e-21 -3.66451e-11 -1.57681e-22 -1.40339e-10 -2.09478e-22 -8.13802e-11  2.27994e-22   -3.305e-11  1.77593e-22 -1.08764e-11 -4.68956e-23  -3.0151e-12 -5.59674e-23 -7.02291e-13  4.98067e-25 -1.30419e-13  1.09631e-23 -1.52222e-14  1.68364e-24  1.17349e-15 -1.55772e-24  1.44648e-15 -5.35024e-25  5.76223e-16  1.03753e-25  1.72631e-16  7.57998e-26  4.40505e-17  1.76547e-27  1.00055e-17  -5.4017e-27  2.06546e-18 -1.12208e-29   3.9195e-19  8.26504e-28   6.8833e-20  2.46218e-28  1.12327e-20  4.39585e-30  1.70736e-21 -1.63578e-29  2.42017e-22 -6.90904e-30  3.20007e-23 -2.25715e-30  3.94486e-24 -4.59697e-31  4.52797e-25  8.14968e-32  4.82931e-26  9.42486e-32  4.77244e-27  2.73619e-32  4.35361e-28  9.18438e-34  3.64884e-29 -1.90085e-33  2.79316e-30 -7.14502e-34  1.93875e-31  -1.3716e-34  1.20964e-32 -1.53838e-35  6.71802e-34 -8.54385e-37  3.29103e-35  3.25765e-38  1.41854e-36  2.15123e-38  5.46585e-38  5.75588e-39  1.95519e-39  1.01101e-39  6.50687e-41  1.08781e-40  1.72067e-42  6.57144e-42   2.2522e-44  1.77578e-43 -7.03082e-47
 4.21092e-05  7.53289e-19 -0.000502796  -1.5359e-18   0.00203333 -4.68006e-18  -0.00405425  2.70629e-17   0.00402985 -6.10027e-17  -0.00125136  8.36648e-17 -0.000880207  -7.2804e-17  0.000412405   3.5212e-17  0.000315537 -6.25865e-18 -3.77127e-05  3.12786e-18 -0.000102668 -4.59018e-18 -3.44994e-05  -3.0554e-18  9.95752e-06  6.42996e-18  1.42048e-05 -1.38335e-18  5.86012e-06 -1.30822e-18  2.77333e-07   2.0592e-19 -1.12693e-06  9.74605e-20 -7.91036e-07  1.54074e-19 -2.96424e-07 -1.88577e-21 -4.75574e-08 -6.36662e-20  2.11325e-08  8.24808e-23  2.19884e-08  1.36409e-20  1.11568e-08 -5.68702e-22  4.02731e-09 -1.32172e-21   1.0505e-09 -9.10539e-22  1.47235e-10  -3.8248e-22 -3.31823e-11  5.21102e-22  -3.5603e-11  3.10496e-22 -1.71902e-11  -9.7133e-23 -6.31798e-12 -9.78084e-23  -1.9556e-12  1.90464e-24 -5.28271e-13  1.84921e-23 -1.26129e-13   2.7498e-24 -2.65815e-14 -2.39168e-24 -4.85855e-15 -7.70599e-25 -7.30723e-16  1.65714e-25 -7.48511e-17  1.06016e-25  1.35302e-18 -8.57816e-28  3.34285e-18 -8.07472e-27  1.13932e-18  2.87222e-28  2.80874e-19  1.31825e-27  5.82334e-20  3.80003e-28  1.06605e-20  3.70822e-30   1.7604e-21 -3.24859e-29  2.65022e-22 -1.65813e-29  3.65703e-23 -5.81585e-30  4.63634e-24  -1.0933e-30  5.40239e-25  1.68648e-31   5.7793e-26   1.7141e-31  5.66263e-27  4.06905e-32  5.06379e-28 -2.03129e-33   4.1132e-29 -4.05356e-33  3.01627e-30 -1.30661e-33  1.98153e-31 -2.41387e-34  1.15533e-32 -2.91648e-35  5.91731e-34 -2.34656e-36  2.64341e-35  -7.2221e-38  1.03956e-36  2.68212e-38  3.78676e-38  8.31218e-39  1.38302e-39  1.27508e-39  4.86451e-41  1.11165e-40  1.25588e-42  5.00198e-42   1.3742e-44  7.52847e-44
-4.96152e-19  0.000235987  3.37155e-18  -0.00163037 -4.68006e-18   0.00503176 -1.11884e-17  -0.00810076   5.4147e-17   0.00624911 -1.06849e-16 -0.000631122  1.31645e-16  -0.00185054 -1.01186e-16  0.000186955  3.76487e-17  0.000598975 -1.04145e-18  0.000116141  6.43152e-18 -0.000129394 -9.51906e-18 -9.15813e-05 -4.93737e-18 -1.22331e-05  9.16295e-18  1.68635e-05 -6.96616e-19  1.31085e-05 -1.94827e-18  4.20546e-06 -2.05633e-19 -2.34372e-07  1.45147e-19 -1.05192e-06  2.97865e-19 -6.56084e-07  1.92327e-20 -2.41364e-07 -9.05184e-20  -4.5135e-08 -5.69435e-21  1.02006e-08   1.5941e-20   1.3797e-08  1.60609e-21   7.5035e-09  -1.5868e-21  2.93139e-09 -2.24293e-21   8.9253e-10 -5.51654e-22  2.04526e-10  9.93241e-22  2.59181e-11  4.76076e-22 -5.15869e-12 -1.79313e-22  -5.1758e-12 -1.53596e-22 -2.33613e-12  4.35702e-24 -8.10511e-13  2.74403e-23 -2.39715e-13   3.9596e-24 -6.28463e-14  -3.1292e-24 -1.48824e-14 -8.92511e-25 -3.21532e-15  2.59108e-25 -6.37152e-16   1.3231e-25 -1.16072e-16 -6.73808e-27 -1.94382e-17 -1.08058e-26 -2.98566e-18   9.4273e-28 -4.18514e-19  1.95309e-27 -5.30627e-20  5.44372e-28 -5.98923e-21 -4.75789e-30 -5.83434e-22 -6.39062e-29 -4.55576e-23 -3.55236e-29 -2.15304e-24 -1.23388e-29  9.91113e-26 -2.15163e-30   4.1717e-26  2.75022e-31  6.59476e-27  2.51943e-31  7.69088e-28  4.38039e-32  7.34654e-29 -1.02541e-32  5.92089e-30   -7.584e-33   4.0413e-31 -2.14397e-33   2.3065e-32 -3.82668e-34  1.06842e-33 -4.83313e-35  3.85844e-35 -4.44442e-36  1.18837e-36 -2.06624e-37   6.6167e-38  3.20853e-38  6.92822e-39  1.00447e-38    5.636e-40  1.29943e-39  2.79555e-41  8.89483e-41  7.11423e-43  2.72816e-42  5.20775e-45
-5.68657e-05 -2.87026e-18    0.0008211  1.08667e-17  -0.00405425 -1.11884e-17    0.0101117 -2.15967e-17   -0.0134205  8.90279e-17   0.00778994 -1.57084e-16   0.00114241   1.7771e-16  -0.00276276 -1.20851e-16 -0.000501645   2.9378e-17  0.000779018  7.97178e-18  0.000399308   1.2681e-17 -7.07986e-05 -1.61255e-17 -0.000148501 -7.79724e-18  -5.9605e-05  1.16688e-17  4.82462e-06  8.93921e-19  1.79911e-05 -2.41228e-18  1.03274e-05  -9.0948e-19  2.69218e-06  1.09692e-19 -4.20012e-07  4.68224e-19 -8.31273e-07  6.18212e-20 -4.85194e-07 -1.09367e-19 -1.80523e-07 -1.49303e-20 -4.04581e-08  1.68541e-20  1.20016e-09  5.03287e-21  6.62997e-09  -2.2315e-21  4.08031e-09 -4.17409e-21  1.72707e-09 -5.88409e-22  5.83644e-10  1.66892e-21  1.62784e-10  6.50109e-22   3.6663e-11 -3.01127e-22  5.84892e-12 -2.21706e-22  1.56449e-13  6.62698e-24 -3.46394e-13  3.60441e-23 -1.78604e-13  5.05629e-24 -6.22244e-14 -3.48791e-24  -1.7923e-14 -7.60227e-25 -4.53473e-15  4.06101e-25 -1.03514e-15   1.5655e-25 -2.16238e-16 -1.34953e-26 -4.16871e-17 -1.21029e-26 -7.45589e-18    2.465e-27 -1.24136e-18  2.88366e-27 -1.92811e-19  7.79544e-28  -2.7973e-20 -2.37578e-29 -3.79272e-21 -1.19734e-28 -4.80529e-22 -6.75722e-29  -5.6849e-23 -2.24679e-29 -6.27122e-24 -3.68494e-30 -6.43683e-25  3.38895e-31 -6.12887e-26   2.9081e-31 -5.39197e-27  2.16161e-32 -4.36075e-28 -2.64178e-32 -3.22163e-29 -1.26785e-32 -2.15748e-30 -3.20362e-33 -1.29749e-31 -5.51297e-34 -6.92245e-33 -7.03601e-35 -3.21376e-34 -6.62797e-36 -1.24536e-35 -3.13412e-37 -3.57046e-37  3.69021e-38  -3.9475e-39  1.02652e-38   2.7012e-40  1.08124e-39   1.6583e-41  5.51792e-41  3.32534e-43  9.42408e-43
 1.24049e-18 -0.000237681 -1.05269e-17   0.00206997  2.70629e-17  -0.00810076 -2.15967e-17    0.0170123 -3.41525e-17   -0.0188673  1.21586e-16   0.00765202 -1.97263e-16   0.00391457  2.11171e-16  -0.00307506 -1.26758e-16  -0.00159156  9.91939e-18   0.00064972  1.93614e-17  0.000728845  2.20205e-17  0.000112441 -2.33755e-17  -0.00015917 -1.18291e-17  -0.00011963  1.34371e-17 -2.82108e-05  3.35207e-18  1.30096e-05 -2.49957e-18  1.53609e-05 -1.80464e-18  7.29023e-06 -4.58815e-20  1.62581e-06  6.21673e-19  -3.7318e-07  1.22171e-19 -5.67971e-07 -1.14903e-19  -3.2197e-07 -2.58347e-20 -1.23493e-07   1.7527e-20 -3.25982e-08  9.30931e-21 -3.64352e-09 -3.78135e-21  1.98456e-09 -6.55754e-21  1.68111e-09 -3.00277e-22  7.94535e-10  2.55157e-21  2.92521e-10  8.01031e-22   9.0708e-11 -4.63945e-22  2.43058e-11 -2.99191e-22  5.63625e-12  5.45733e-24   1.1045e-12  4.14699e-23  1.68236e-13  5.56112e-24  1.30355e-14 -3.25928e-24 -3.09574e-15 -2.69003e-25 -1.89543e-15   6.2838e-25 -6.15954e-16  1.88482e-25 -1.58459e-16   -1.435e-26 -3.52407e-17 -8.81545e-27 -7.01037e-18   6.0113e-27 -1.26814e-18  4.50629e-27 -2.10453e-19  1.18769e-27 -3.21955e-20  -4.8051e-29 -4.55125e-21 -2.06692e-28 -5.94975e-22 -1.14329e-28 -7.18939e-23 -3.59733e-29 -8.01776e-24 -5.67034e-30 -8.23199e-25  2.45331e-31 -7.75458e-26  2.25519e-31 -6.67248e-27 -4.09396e-32 -5.21547e-28 -5.19518e-32 -3.67834e-29 -1.91392e-32 -2.32192e-30 -4.38496e-33 -1.29904e-31 -7.22587e-34 -6.35896e-33 -9.02735e-35 -2.66571e-34 -8.18154e-36 -9.08955e-36 -3.45469e-37 -2.11547e-37  3.95058e-38 -2.59356e-40  8.88831e-39  2.39022e-40  7.31425e-40  9.48635e-42  2.53983e-41  1.06746e-43
 3.02825e-05  6.01103e-18 -0.000607835 -2.85279e-17   0.00402985   5.4147e-17   -0.0134205 -3.41525e-17    0.0245509 -4.42259e-17   -0.0229297   1.3755e-16   0.00535115 -2.14547e-16   0.00699736  2.26945e-16  -0.00237482 -1.19398e-16   -0.0027741 -1.77321e-17  9.19177e-05  3.13735e-17  0.000949555  3.35425e-17  0.000400707 -2.99786e-17 -7.98136e-05 -1.69724e-17 -0.000161637  1.41014e-17 -7.70913e-05  6.39724e-18    -7.41e-06 -2.10341e-18   1.4119e-05 -2.70964e-18  1.13668e-05 -3.12734e-19  4.77177e-06  7.15864e-19  9.86034e-07  1.87116e-19 -2.30476e-07 -1.08315e-19 -3.35411e-07 -3.57532e-20 -1.90394e-07  1.98328e-20 -7.60136e-08  1.35666e-20 -2.28257e-08  -6.7679e-21 -4.65909e-09 -9.05418e-21 -1.53571e-10  5.36382e-22  4.20698e-10  3.62453e-21  2.60358e-10  9.06031e-22  1.07404e-10 -6.56927e-22  3.61564e-11 -3.82052e-22  1.05511e-11 -4.29258e-24  2.73834e-12  4.01592e-23  6.39596e-13  4.70401e-24  1.35027e-13 -2.47314e-24  2.57228e-14  5.75222e-25  4.38343e-15  9.28586e-25  6.54359e-16  2.42054e-25   8.1332e-17  1.20686e-27   7.1408e-18  3.95992e-27  2.21323e-20  1.35323e-26 -1.70304e-19  7.50019e-27 -4.89692e-20  1.93382e-27 -9.79254e-21 -5.96316e-29 -1.61905e-21 -3.23449e-28 -2.33095e-22 -1.73001e-28 -2.98458e-23 -5.14932e-29  -3.4303e-24 -8.04036e-30 -3.55104e-25 -1.57915e-31 -3.31059e-26 -4.01699e-33 -2.77232e-27 -1.51917e-31 -2.07561e-28  -8.5777e-32 -1.38042e-29 -2.62535e-32 -8.09032e-31 -5.50427e-33 -4.13855e-32 -8.60124e-34 -1.82189e-33 -1.02336e-34 -6.64905e-35 -8.55757e-36 -1.71381e-36 -2.95003e-37 -2.62493e-40  3.78985e-38  3.17511e-39  6.48435e-39  1.80886e-40  3.93831e-40  4.14539e-42  7.59124e-42
-1.89043e-18  7.18786e-05  1.88309e-17  -0.00106802 -6.10027e-17   0.00624911  8.90279e-17   -0.0188673 -4.42259e-17    0.0310429 -4.56455e-17   -0.0244761  1.25377e-16   0.00121676  -2.0461e-16   0.00948735  2.27419e-16 -0.000617267 -1.03961e-16  -0.00362552 -4.84739e-17 -0.000840777  4.27244e-17  0.000906729  4.56936e-17  0.000708832 -3.49213e-17  0.000102095 -2.28913e-17 -0.000149624  1.35326e-17 -0.000123302  9.57358e-18 -4.17498e-05 -1.25206e-18  2.43893e-06 -3.42561e-18  1.15397e-05 -6.33763e-19  7.57848e-06  7.30408e-19  2.96459e-06  2.38821e-19  6.26621e-07 -9.69491e-20 -9.30374e-08 -4.21223e-20 -1.67335e-07  2.51912e-20  -9.8321e-08  1.63849e-20 -4.10613e-08 -1.15592e-20 -1.35545e-08 -1.11723e-20 -3.54726e-09  2.11853e-21 -6.61448e-10  4.85931e-21 -3.27319e-11  9.70467e-22  4.11367e-11 -8.52351e-22  2.46315e-11 -4.64735e-22   9.5606e-12 -2.82635e-23  3.03003e-12  2.86148e-23  8.37669e-13  1.44708e-24  2.07887e-13 -1.51721e-24   4.7021e-14  1.59746e-24  9.78021e-15  1.26899e-24  1.88124e-15  3.26785e-25  3.35883e-16  4.43707e-26  5.58034e-17  3.20755e-26  8.64188e-18  2.75228e-26  1.24898e-18  1.27015e-26  1.68609e-19  3.20322e-27  2.12754e-20  -2.8563e-29  2.51054e-21 -4.56639e-28  2.77129e-22  -2.3571e-28  2.86167e-23 -6.68066e-29  2.76262e-24 -1.07489e-29  2.48956e-25 -1.01609e-30  2.08808e-26 -4.28678e-31  1.62218e-27 -3.06216e-31  1.15886e-28 -1.23742e-31  7.53409e-30 -3.28464e-32    4.394e-31 -6.33035e-33    2.256e-32 -9.27598e-34  1.00022e-33 -1.02675e-34  3.84809e-35 -7.66848e-36  1.42594e-36 -1.94539e-37  6.21497e-38  3.16277e-38  2.88336e-39  3.92959e-39  9.29097e-41  1.60408e-40  1.13533e-42
 5.32217e-06 -7.85554e-18  4.32636e-05  4.43262e-17  -0.00125136 -1.06849e-16   0.00778994  1.21586e-16   -0.0229297 -4.56455e-17    0.0351018 -3.36731e-17   -0.0232854  8.28357e-17  -0.00379977 -1.73227e-16    0.0106947   2.1938e-16   0.00185661 -8.74661e-17  -0.00380409 -7.69598e-17  -0.00193365  5.29422e-17  0.000523698  5.69755e-17  0.000917842 -3.77569e-17  0.000353205  -2.9047e-17 -6.13153e-05  1.18318e-17 -0.000141387  1.23605e-17 -7.94616e-05 -1.01316e-19 -1.95289e-05 -3.80323e-18  5.06295e-06 -9.22192e-19  7.96131e-06  6.76105e-19   4.6417e-06  2.62177e-19  1.76525e-06  -8.9982e-20  4.12091e-07 -4.30225e-20 -5.86079e-09  3.33732e-20 -6.62282e-08  1.58034e-20 -4.26941e-08 -1.82742e-20 -1.88182e-08 -1.23968e-20 -6.66169e-09  4.54337e-21  -1.9778e-09  6.22673e-21 -4.93071e-10  1.04098e-21 -9.87434e-11 -1.00522e-21 -1.30798e-11 -5.39033e-22  4.66534e-13 -7.02718e-23   1.0698e-12  4.45456e-24   4.6406e-13 -5.35602e-24  1.46753e-13 -1.14652e-24   3.9112e-14  2.44063e-24  9.22439e-15  1.55744e-24  1.96895e-15  4.37732e-25  3.84992e-16  1.22516e-25  6.94458e-17  8.06268e-26  1.16048e-17  5.02744e-26  1.80077e-18  2.07905e-26   2.5977e-19  5.11844e-27  3.48394e-20  7.78868e-29  4.34085e-21 -5.81989e-28  5.01677e-22 -2.91295e-28  5.36531e-23 -7.96367e-29  5.29302e-24  -1.3827e-29  4.79702e-25 -2.40463e-30  3.97356e-26 -1.02799e-30  2.98937e-27 -4.83628e-31  2.02657e-28 -1.59258e-31  1.22572e-29 -3.75655e-32  6.52806e-31 -6.65902e-33   3.0095e-32  -9.0427e-34  1.17812e-33 -9.12263e-35  3.90678e-35 -5.90716e-36  1.19257e-36 -9.17943e-38   4.0891e-38  2.24495e-38  1.46649e-39  1.92445e-39  3.27745e-41  4.30528e-41
 1.82174e-18  4.81652e-05 -2.13251e-17 -0.000225891  8.36648e-17 -0.000631122 -1.57084e-16   0.00765202   1.3755e-16   -0.0244761 -3.36731e-17    0.0362578 -7.88239e-18   -0.0200209  1.88231e-17  -0.00862118  -1.3167e-16    0.0103961  2.08935e-16   0.00450218 -7.60235e-17  -0.00318384 -9.91426e-17  -0.00290272  6.22095e-17  -0.00016241  6.64851e-17  0.000924783 -3.85329e-17  0.000602923 -3.47893e-17   9.7926e-05  9.25763e-18 -0.000110551  1.42865e-17 -0.000104066  1.10862e-18 -4.58704e-05 -3.78684e-18 -8.18203e-06 -1.09161e-18  4.30985e-06  5.88144e-19  4.81538e-06  2.50998e-19  2.62449e-06 -9.25796e-20  1.00047e-06 -3.72176e-20   2.6489e-07  4.19485e-20  2.93681e-08   9.5499e-21 -1.69575e-08 -2.68144e-20 -1.44573e-08 -1.23862e-20  -6.9533e-09   7.7402e-21 -2.61922e-09  7.70341e-21 -8.36576e-10  1.20281e-21 -2.33366e-10 -1.05953e-21 -5.74245e-11 -5.93458e-22 -1.24217e-11 -1.30065e-22 -2.31295e-12 -3.26847e-23 -3.48362e-13 -1.67184e-23  -3.3268e-14 -2.37243e-24  2.10009e-15  2.60734e-24  2.13453e-15  1.64826e-24  6.99407e-16  5.48664e-25  1.71876e-16  2.34909e-25  3.58158e-17  1.51743e-25  6.60255e-18  8.27761e-26  1.09751e-18  3.18829e-26  1.66076e-19  7.64627e-27  2.29862e-20  2.79568e-28  2.91557e-21 -6.71674e-28  3.38903e-22 -3.29262e-28  3.60489e-23 -8.86072e-29  3.49941e-24 -1.73664e-29   3.0881e-25  -4.2707e-30  2.46458e-26  -1.7241e-30  1.76726e-27 -6.52799e-31  1.12906e-28   -1.851e-31  6.35633e-30 -3.93185e-32  3.10608e-31 -6.39476e-33  1.29084e-32 -7.95097e-34  4.47139e-34  -7.1714e-35  1.32274e-35 -3.90065e-36  4.07258e-37 -2.05868e-38  1.59973e-38  1.32547e-38    5.418e-40  7.20758e-40  7.44898e-42
-8.23674e-06  6.46664e-18  0.000163992 -4.38608e-17 -0.000880207  1.31645e-16   0.00114241 -1.97263e-16   0.00535115  1.25377e-16   -0.0232854 -7.88239e-18     0.035006  2.69034e-17   -0.0157623 -5.05732e-17   -0.0124837  -8.9758e-17   0.00880686  1.98295e-16   0.00680503  -7.3421e-17  -0.00186609 -1.13142e-16  -0.00350259   7.0899e-17  -0.00101885   7.4017e-17  0.000682462 -3.74995e-17  0.000769157 -3.94238e-17  0.000293738  6.15081e-18 -2.51302e-05  1.50237e-17 -9.99239e-05  2.11397e-18 -6.64442e-05 -3.42214e-18 -2.47904e-05 -1.08504e-18 -3.37555e-06  5.08348e-19  2.66696e-06   2.1061e-19  2.57313e-06 -1.01789e-19  1.35828e-06 -2.40203e-20  5.28005e-07  4.66825e-20  1.56461e-07 -4.49119e-21  3.14649e-08  -3.6988e-20  7.52191e-10 -1.11706e-20  -3.0482e-09  1.14326e-20 -1.86691e-09  9.26689e-21 -7.73061e-10  1.55752e-21 -2.62576e-10 -9.61394e-22 -7.76317e-11 -6.14424e-22 -2.05104e-11 -2.02467e-22 -4.90866e-12 -8.09008e-23 -1.07202e-12 -3.33385e-23 -2.14428e-13 -6.28422e-24 -3.93217e-14  1.54125e-24 -6.60157e-15  1.35979e-24 -1.01057e-15  6.11854e-25 -1.39963e-16  3.70254e-25 -1.72936e-17  2.42557e-25 -1.85513e-18  1.23653e-25 -1.62313e-19   4.5205e-26 -9.36249e-21  1.05415e-26  1.75464e-22  5.67736e-28   1.5205e-22  -7.0538e-28  2.78321e-23 -3.44063e-28  3.63404e-24 -9.37933e-29  3.86601e-25 -2.14064e-29  3.48348e-26 -6.40743e-30  2.68875e-27 -2.39725e-30  1.77429e-28 -7.80121e-31  9.87838e-30  -1.9572e-31  4.49464e-31 -3.76765e-32  1.54125e-32 -5.59503e-33  3.02688e-34 -6.29019e-34 -1.18735e-36 -4.97432e-35  1.61763e-37 -2.18704e-36  6.70553e-38  1.16414e-38  5.21949e-39  6.31181e-39  1.58603e-40  1.79322e-40
-1.06749e-18 -1.92796e-05  1.49513e-17  0.000331344  -7.2804e-17  -0.00185054   1.7771e-16   0.00391457 -2.14547e-16   0.00121676  8.28357e-17   -0.0200209  2.69034e-17    0.0323634  6.21086e-17   -0.0114801  -1.0878e-16   -0.0150967 -5.14131e-17   0.00637557  1.86058e-16   0.00843234 -8.09231e-17 -9.86519e-05 -1.19363e-16  -0.00359502  7.90544e-17  -0.00186872  7.97636e-17  0.000212775 -3.48459e-17  0.000787008  -4.2274e-17  0.000473596  2.88868e-18  0.000101163  1.44517e-17 -5.93005e-05  2.69247e-18 -7.08109e-05 -2.82902e-18 -3.86994e-05 -8.92726e-19 -1.30357e-05  4.66999e-19 -1.64533e-06  1.56833e-19  1.27818e-06 -1.06158e-19  1.19828e-06 -3.30036e-21  6.29843e-07  4.27406e-20  2.51326e-07 -2.76922e-20  8.09861e-08 -4.86608e-20  2.08794e-08 -9.26027e-21  3.84745e-09  1.51527e-20  1.82405e-10  1.08788e-20  -2.4088e-10  2.18626e-21 -1.43032e-10 -6.76058e-22 -5.53097e-11 -5.89962e-22 -1.74885e-11 -2.78807e-22 -4.82758e-12 -1.36761e-22 -1.19708e-12 -5.56233e-23 -2.70714e-13 -1.38853e-23  -5.6336e-14 -1.28106e-24 -1.08498e-14   5.0418e-25 -1.94104e-15  5.65306e-25 -3.23366e-16   5.0698e-25 -5.02429e-17  3.44155e-25 -7.28695e-18  1.68661e-25 -9.86767e-19  5.90435e-26 -1.24721e-19  1.33664e-26 -1.46998e-20  8.97757e-28 -1.61299e-21 -6.79677e-28 -1.64384e-22 -3.37393e-28 -1.55076e-23 -9.64966e-29 -1.34825e-24 -2.57749e-29 -1.07411e-25 -8.48142e-30 -7.78465e-27 -2.91872e-30 -5.08688e-28 -8.40181e-31  -2.9649e-29 -1.89107e-31 -1.52244e-30 -3.30427e-32 -6.79129e-32 -4.45014e-33 -2.57886e-33 -4.46364e-34 -7.89051e-35 -3.02919e-35 -1.54022e-36 -1.02164e-36  9.71123e-39    1.671e-38  1.77809e-39  2.29162e-39  3.34906e-41
-2.43962e-06 -3.11738e-18 -3.54222e-06  2.58935e-17  0.000412405 -1.01186e-16  -0.00276276  2.11171e-16   0.00699736  -2.0461e-16  -0.00379977  1.88231e-17   -0.0157623  6.21086e-17    0.0293245  8.82948e-17  -0.00775158 -1.44216e-16   -0.0165455 -1.47954e-17   0.00356725   1.6979e-16   0.00926308 -9.75803e-17   0.00182909 -1.19921e-16  -0.00316225   8.6057e-17  -0.00254517  8.38683e-17  -0.00040543 -3.06389e-17  0.000628303 -4.27798e-17  0.000583799 -1.41612e-19  0.000238646  1.26797e-17   1.3548e-05  2.71947e-18 -5.27068e-05 -2.15438e-18 -4.35073e-05 -5.53193e-19 -2.11341e-05  4.73803e-19 -6.83729e-06  1.12931e-19 -1.02955e-06 -8.88993e-20  4.40186e-07  2.44216e-20  4.67927e-07   2.6279e-20   2.5264e-07 -6.01748e-20  1.03824e-07 -6.18485e-20  3.54046e-08 -7.59435e-21  1.02816e-08  1.83144e-20  2.53347e-09  1.24641e-20  5.08021e-10  3.11185e-21  7.02295e-11 -2.03456e-22 -2.87381e-13 -5.15359e-22 -4.53029e-12 -3.50484e-22 -2.03095e-12 -1.96907e-22 -6.43213e-13 -8.39448e-23  -1.7013e-13 -2.59959e-23  -3.9637e-14 -6.26992e-24 -8.33005e-15 -1.07624e-24 -1.59893e-15  3.45959e-25  -2.8229e-16  6.16462e-25 -4.60226e-17  4.42189e-25 -6.94294e-18  2.11131e-25 -9.69851e-19  7.10637e-26 -1.25394e-19  1.55917e-26 -1.49858e-20  1.19612e-27 -1.65179e-21 -6.10467e-28 -1.67405e-22 -3.17124e-28 -1.55375e-23 -9.83419e-29 -1.31404e-24 -2.99893e-29 -1.00633e-25 -1.01139e-29 -6.92523e-27 -3.18931e-30 -4.24224e-28 -8.23539e-31 -2.28696e-29 -1.67365e-31 -1.07044e-30 -2.64966e-32 -4.28037e-32 -3.20902e-33 -1.42545e-33 -2.82936e-34 -3.67266e-35 -1.60644e-35 -5.13535e-37 -3.83477e-37  9.33468e-39  1.08332e-38  5.73479e-40  5.51036e-40
 3.36265e-19 -1.61086e-05 -5.75299e-18  9.61221e-05   3.5212e-17  0.000186955 -1.20851e-16  -0.00307506  2.26945e-16   0.00948735 -1.73227e-16  -0.00862118 -5.05732e-17   -0.0114801  8.82948e-17    0.0265368  9.79067e-17   -0.0047596  -1.5244e-16    -0.017096  2.43541e-17  0.000736601  1.48579e-16   0.00933635 -1.20622e-16    0.0036641 -1.17608e-16  -0.00228085  9.06461e-17  -0.00292808  8.61202e-17  -0.00106248 -2.49565e-17  0.000307143 -4.06402e-17  0.000585441 -2.58545e-18  0.000350631  1.00145e-17  0.000102813   2.1992e-18 -1.30655e-05 -1.52607e-18 -3.51926e-05 -1.38799e-19  -2.4053e-05  5.21441e-19   -1.093e-05  1.06115e-19  -3.5676e-06 -3.28018e-20 -7.02897e-07  5.81298e-20  6.16918e-08 -4.08854e-21  1.39869e-07 -1.00551e-19  8.27565e-08 -7.66859e-20  3.54659e-08 -7.31815e-21  1.25952e-08  2.03326e-20  3.88086e-09  1.39001e-20  1.05784e-09  4.27506e-21  2.56844e-10  4.13346e-22  5.54103e-11 -3.98811e-22  1.04699e-11 -4.13473e-22  1.66699e-12  -2.5995e-22  1.98777e-13 -1.18985e-22   8.0003e-15 -4.32079e-23 -4.47504e-15 -1.36568e-23 -1.83435e-15 -3.47058e-24 -4.73478e-16 -9.38869e-26 -9.91449e-17  6.68758e-25 -1.80097e-17   5.1945e-25 -2.91534e-18  2.43433e-25 -4.25888e-19  7.89276e-26 -5.64849e-20  1.67484e-26 -6.81736e-21  1.38126e-27 -7.48747e-22 -5.26687e-28 -7.46978e-23 -2.93398e-28 -6.74672e-24 -1.00233e-28 -5.49045e-25 -3.33123e-29 -4.00018e-26 -1.09905e-29 -2.58783e-27 -3.16831e-30 -1.47123e-28 -7.38773e-31 -7.25898e-30 -1.35805e-31 -3.06437e-31 -1.93954e-32 -1.08842e-32 -2.09082e-33 -3.13397e-34 -1.59283e-34 -6.10798e-36 -7.32711e-36  1.62518e-38 -1.07011e-37  6.18097e-39  4.54688e-39  1.27937e-40
  1.4922e-06  7.81533e-19 -4.57963e-05 -7.43807e-18  0.000315537  3.76487e-17 -0.000501645 -1.26758e-16  -0.00237482  2.27419e-16    0.0106947  -1.3167e-16   -0.0124837  -1.0878e-16  -0.00775158  9.79067e-17    0.0242638  8.69337e-17   -0.0024417 -1.35398e-16   -0.0170338   6.8982e-17  -0.00190117  1.24027e-16   0.00877686  -1.4593e-16   0.00522511  -1.1479e-16  -0.00108128  9.13131e-17  -0.00295818  8.59568e-17   -0.0016456 -1.80801e-17 -0.000126649 -3.59501e-17  0.000464467 -4.19227e-18  0.000404203  6.87885e-18  0.000185645  1.25665e-18  3.96316e-05 -1.02674e-18 -1.40232e-05  2.67353e-19 -1.96665e-05  5.97745e-19 -1.20805e-05  1.64037e-19 -5.31247e-06  7.52075e-20 -1.79437e-06  9.69124e-20 -4.41161e-07 -4.64125e-20 -4.94303e-08  -1.4599e-19   2.2781e-08 -9.32571e-20  1.95688e-08 -9.44617e-21  9.26203e-09  2.07593e-20  3.45279e-09  1.50241e-20  1.10384e-09  5.53559e-21   3.1328e-10   1.0905e-21    8.033e-11 -2.64676e-22  1.87962e-11 -4.71866e-22  4.03729e-12 -3.27784e-22  7.98844e-13 -1.61902e-22  1.45882e-13 -6.58189e-23  2.46044e-14 -2.34302e-23  3.83164e-15 -6.66258e-24  5.50408e-16 -7.70322e-25  7.28131e-17  6.39926e-25  8.85254e-18  5.60006e-25     9.87e-19  2.59061e-25  1.00746e-19  8.09892e-26  9.41456e-21  1.65704e-26  8.08619e-22  1.39089e-27  6.45677e-23 -4.58113e-28  4.90247e-24 -2.73981e-28  3.65429e-25 -1.01789e-28  2.74384e-26 -3.49717e-29  2.06842e-27 -1.09568e-29  1.50953e-28 -2.88209e-30  1.01379e-29 -6.08326e-31  5.95922e-31 -1.01009e-31  2.91944e-32 -1.29287e-32  1.14269e-33  -1.2254e-33  3.73021e-35 -7.90039e-35  1.41802e-36 -2.81948e-36  6.97864e-38 -1.74949e-38  2.21084e-39  1.17348e-39
-1.21823e-20  4.67291e-07  1.22746e-18 -7.13228e-05 -6.25865e-18  0.000598975   2.9378e-17  -0.00159156 -1.19398e-16 -0.000617267   2.1938e-16    0.0103961  -8.9758e-17   -0.0150967 -1.44216e-16   -0.0047596  8.69337e-17     0.022513   5.5399e-17 -0.000644954 -9.93383e-17   -0.0165861  1.18638e-16  -0.00424334  9.95511e-17   0.00773521 -1.68735e-16   0.00640519 -1.12658e-16  0.000288352  8.69081e-17  -0.00263384  8.27491e-17  -0.00206035 -1.05878e-17 -0.000601154 -2.92533e-17  0.000234214  -4.8921e-18  0.000379279  3.69957e-18  0.000238892  8.75138e-20  9.17298e-05 -6.95173e-19  1.51537e-05  5.93545e-19 -8.37349e-06  6.98112e-19  -9.4177e-06  3.10674e-19 -5.46057e-06  2.41115e-19 -2.37123e-06  1.40739e-19 -8.30997e-07 -9.54497e-20 -2.35782e-07 -1.92605e-19 -5.03625e-08 -1.11346e-19 -5.20482e-09 -1.45236e-20  1.86818e-09  1.93957e-20  1.49369e-09  1.56627e-20  6.44268e-10  6.69867e-21  2.19358e-10  1.71645e-21  6.43394e-11 -1.52429e-22  1.68376e-11 -5.38773e-22  4.00225e-12 -4.05564e-22  8.73011e-13 -2.14061e-22  1.75877e-13 -9.36761e-23  3.28598e-14 -3.52657e-23  5.70878e-15 -1.05017e-23  9.23735e-16 -1.65564e-24  1.39324e-16  5.19291e-25  1.95895e-17  5.53754e-25  2.56629e-18  2.54586e-25  3.12858e-19  7.67971e-26  3.54255e-20  1.50733e-26  3.71574e-21  1.20453e-27  3.59736e-22 -4.23306e-28  3.19997e-23 -2.61312e-28  2.60044e-24 -1.01569e-28  1.91699e-25 -3.44491e-29   1.2709e-26 -1.00617e-29  7.49689e-28 -2.41027e-30  3.88175e-29 -4.60335e-31  1.73214e-30 -6.87784e-32  6.49124e-32   -7.822e-33  1.97811e-33 -6.42224e-34  4.87282e-35 -3.41363e-35  1.12307e-36  -8.8745e-37  2.91027e-38  7.37579e-40  4.44824e-40
 1.14463e-06  -5.6573e-20 -1.33212e-05   1.7788e-18 -3.77127e-05 -1.04145e-18  0.000779018  9.91939e-18   -0.0027741 -1.03961e-16   0.00185661  2.08935e-16   0.00880686 -5.14131e-17   -0.0165455  -1.5244e-16   -0.0024417   5.5399e-17    0.0211838  6.99995e-18  0.000780524 -5.26093e-17   -0.0159065  1.69479e-16  -0.00625831  7.88203e-17   0.00635357 -1.84553e-16   0.00715781 -1.11074e-16   0.00168697   7.7186e-17  -0.00199873  7.61966e-17  -0.00224325 -3.27207e-18  -0.00103795  -2.1462e-17 -6.86244e-05 -4.83172e-18  0.000273717  8.03339e-19  0.000245798 -1.11829e-18  0.000128566 -5.48468e-19  4.43481e-05  7.92929e-19  6.87238e-06  8.30479e-19 -3.48508e-06  5.61119e-19 -3.80819e-06  4.62639e-19 -2.16495e-06  1.90807e-19 -9.39121e-07 -1.43716e-19 -3.38332e-07 -2.36065e-19 -1.03991e-07 -1.30221e-19 -2.72587e-08 -2.24068e-20 -5.90116e-09  1.63476e-20 -9.35402e-10  1.56738e-20 -4.22331e-11  7.55784e-21  4.20669e-11  2.17217e-21   2.2209e-11 -1.10773e-22  7.58182e-12  -6.3372e-22  2.11596e-12 -5.00052e-22  5.15475e-13  -2.7627e-22  1.12702e-13 -1.25928e-22  2.24289e-14  -4.8466e-23   4.0949e-15 -1.46929e-23  6.88895e-16  -2.6744e-24  1.07037e-16  3.14421e-25  1.53723e-17  4.99743e-25  2.04002e-18  2.30732e-25   2.4984e-19   6.7204e-26  2.81764e-20   1.2541e-26  2.91733e-21  8.51979e-28  2.76213e-22 -4.23416e-28   2.3796e-23 -2.52507e-28  1.85397e-24 -9.79147e-29  1.29651e-25 -3.16935e-29  8.06354e-27 -8.53114e-30  4.40921e-28 -1.85674e-30  2.08851e-29 -3.20087e-31  8.39702e-31 -4.27797e-32  2.78478e-32 -4.27622e-33  7.37248e-34 -2.98603e-34  1.58162e-35 -1.26403e-35  3.35473e-37  -2.1649e-37  7.11285e-39  1.15311e-39
 -1.4872e-19  4.31226e-06 -4.11281e-19 -5.04351e-05  3.12786e-18  0.000116141  7.97178e-18   0.00064972 -1.77321e-17  -0.00362552 -8.74661e-17   0.00450218  1.98295e-16   0.00637557 -1.47954e-17    -0.017096 -1.35398e-16 -0.000644954  6.99995e-18    0.0201632 -5.18025e-17   0.00194838 -3.82856e-18   -0.0150906  2.15696e-16   -0.0079519  6.43244e-17   0.00475184 -1.90148e-16   0.00747903  -1.0896e-16   0.00299378  6.30482e-17  -0.00112699  6.66226e-17  -0.00216646  3.07624e-18  -0.00136613 -1.36536e-17 -0.000392438 -4.33843e-18  0.000103732 -1.64866e-18  0.000200731 -2.24964e-18  0.000138976 -6.08605e-19  6.50319e-05  8.45838e-19  2.15516e-05  1.01028e-18  3.91774e-06  9.15993e-19 -8.61871e-07  7.29359e-19  -1.2298e-06   2.4898e-19 -7.19799e-07 -1.83298e-19 -3.15731e-07   -2.723e-19 -1.15835e-07 -1.48564e-19 -3.70022e-08 -3.22391e-20 -1.04748e-08  1.20077e-20 -2.64501e-09  1.49846e-20 -5.94627e-10  7.93974e-21  -1.1756e-10  2.35316e-21 -1.97847e-11 -1.87869e-22 -2.58235e-12 -7.76995e-22 -1.62924e-13 -6.16696e-22  4.00105e-14 -3.47719e-22  2.01024e-14 -1.60782e-22  5.56058e-15 -6.19517e-23  1.21736e-15 -1.88179e-23  2.29018e-16 -3.71101e-24  3.82024e-17  5.16356e-26  5.73226e-18  4.06898e-25  7.79027e-19  1.92118e-25  9.61582e-20  5.40623e-26  1.07829e-20  9.43264e-27   1.0967e-21  4.04076e-28  1.00847e-22 -4.44188e-28  8.34502e-24 -2.41898e-28  6.17558e-25 -8.98787e-29  4.05476e-26 -2.71555e-29  2.33853e-27 -6.68646e-30  1.16967e-28 -1.31827e-30  4.98743e-30 -2.04263e-31  1.76864e-31 -2.42278e-32  5.03916e-33     -2.1e-33   1.1352e-34 -1.21831e-34  2.40513e-36 -3.91314e-36  6.56182e-38 -3.66799e-38  1.12188e-39
 1.25807e-07 -4.69766e-19   6.7039e-06 -1.68093e-18 -0.000102668  6.43152e-18  0.000399308  1.93614e-17  9.19177e-05 -4.84739e-17  -0.00380409 -7.60235e-17   0.00680503  1.86058e-16   0.00356725  2.43541e-17   -0.0170338 -9.93383e-17  0.000780524 -5.18025e-17    0.0193629 -1.13067e-16   0.00293594  3.95623e-17   -0.0141948  2.51388e-16  -0.00934614  5.66582e-17   0.00302541 -1.84238e-16   0.00739198 -1.04969e-16   0.00411321  4.63821e-17 -0.000109595  5.50325e-17  -0.00183661   7.9081e-18  -0.00153288 -6.80984e-18 -0.000681138 -3.81696e-18 -9.99365e-05 -3.66997e-18  0.000110786 -3.31358e-18  0.000118692 -9.16063e-19  7.09469e-05  7.53863e-19  3.11802e-05   1.2489e-18  1.04196e-05  1.35764e-18   2.3707e-06   1.0238e-18  8.46946e-08  3.16398e-19 -2.68034e-07 -2.07839e-19 -1.84311e-07 -2.98107e-19 -8.45375e-08 -1.64592e-19 -3.16594e-08 -4.26243e-20  -1.0296e-08  6.97323e-21 -2.98886e-09  1.36133e-20 -7.85996e-10  7.73769e-21 -1.88874e-10  2.18821e-21 -4.16929e-11 -4.19875e-22 -8.48169e-12 -9.82495e-22 -1.59298e-12 -7.56372e-22 -2.76422e-13 -4.25052e-22 -4.43153e-14 -1.95427e-22 -6.55965e-15 -7.43489e-23 -8.95578e-16 -2.23932e-23 -1.12643e-16 -4.62949e-24   -1.304e-17 -2.29003e-25 -1.38937e-18  2.91685e-25  -1.3653e-19  1.45816e-25 -1.24457e-20  3.96473e-26 -1.06442e-21  6.25041e-27 -8.68845e-23  -4.9853e-29 -6.89457e-24 -4.64189e-28 -5.36728e-25 -2.24424e-28 -4.05771e-26 -7.77557e-29 -2.89548e-27 -2.16302e-29  -1.8802e-28 -4.84579e-30 -1.07257e-29 -8.62158e-31 -5.21527e-31 -1.19366e-31  -2.1026e-32 -1.24385e-32 -6.68518e-34 -9.19128e-34 -1.36024e-35 -4.29517e-35  4.38824e-38 -9.72986e-37  1.10821e-38 -3.17376e-39
 2.58855e-19  1.81157e-06 -1.01901e-18 -1.95075e-06 -4.59018e-18 -0.000129394   1.2681e-17  0.000728845  3.13735e-17 -0.000840777 -7.69598e-17  -0.00318384  -7.3421e-17   0.00843234   1.6979e-16  0.000736601   6.8982e-17   -0.0165861 -5.26093e-17   0.00194838 -1.13067e-16    0.0187234 -1.68841e-16   0.00379446  7.23231e-17   -0.0132523  2.72172e-16    -0.010468  5.46245e-17   0.00124814 -1.67709e-16   0.00693551 -9.81187e-17    0.0049751  2.95848e-17   0.00095662  4.29194e-17  -0.00129015  1.10707e-17  -0.00151007 -1.58935e-18 -0.000884522 -3.61996e-18 -0.000298859 -5.40694e-18 -5.95996e-06 -4.42438e-18  7.16345e-05 -1.52165e-18  6.01282e-05  5.31835e-19  3.28829e-05  1.54297e-18  1.39831e-05  1.85055e-18  4.80169e-06   1.3235e-18  1.29644e-06  3.92026e-19  2.32169e-07  -2.1397e-19 -5.47537e-09 -3.11502e-19 -2.80393e-08 -1.76321e-19 -1.57561e-08 -5.19296e-20 -6.30752e-09  1.92452e-21 -2.10607e-09  1.16668e-20 -6.18059e-10  6.92658e-21 -1.63343e-10  1.65152e-21 -3.94008e-11  -8.2054e-22 -8.74557e-12 -1.25129e-21 -1.79568e-12 -9.13019e-22  -3.4224e-13 -5.02066e-22 -6.06828e-14 -2.26272e-22 -1.00235e-14 -8.41909e-23 -1.54335e-15 -2.49596e-23 -2.21507e-16 -5.30161e-24 -2.96148e-17 -4.83199e-25 -3.68357e-18  1.73519e-25 -4.25411e-19  9.93087e-26 -4.54917e-20  2.60477e-26 -4.48816e-21  3.41795e-27 -4.06644e-22 -4.28622e-28 -3.36408e-23 -4.64631e-28 -2.52303e-24 -1.98071e-28 -1.70039e-25 -6.29854e-29 -1.01852e-26 -1.59962e-29  -5.3477e-28 -3.24576e-30 -2.41817e-29 -5.18634e-31 -9.20695e-31 -6.36685e-32 -2.86195e-32 -5.75502e-33 -6.87058e-34 -3.54714e-34  -1.0758e-35 -1.27889e-35  -2.7804e-38 -1.80537e-37  1.80961e-39
-2.11042e-07  8.78994e-19  6.49438e-06 -1.83737e-18 -3.44994e-05 -9.51906e-18 -7.07986e-05  2.20205e-17  0.000949555  4.27244e-17  -0.00193365 -9.91426e-17  -0.00186609 -8.09231e-17   0.00926308  1.48579e-16  -0.00190117  1.18638e-16   -0.0159065 -3.82856e-18   0.00293594 -1.68841e-16    0.0182067 -2.12547e-16   0.00455879  9.19181e-17   -0.0122823  2.76127e-16    -0.011344  5.59003e-17 -0.000523324 -1.43267e-16   0.00615676 -8.81589e-17    0.0055327  1.49745e-17   0.00197713  3.19138e-17 -0.000586836  1.28268e-17  -0.00129696   1.7995e-18 -0.000966981 -3.94387e-18 -0.000455148 -7.06519e-18 -0.000124956 -5.74632e-18   8.7822e-06 -2.45945e-18  3.54718e-05  2.03388e-19  2.63401e-05  1.87104e-18  1.36425e-05  2.34747e-18  5.69501e-06  1.60425e-18  2.00105e-06  4.72095e-19   5.9664e-07 -2.01633e-19  1.47627e-07 -3.11704e-19  2.76691e-08 -1.81896e-19  2.32123e-09 -5.86196e-20 -9.91899e-10 -2.50264e-21   -6.757e-10  9.31511e-21 -2.63534e-10  5.55923e-21  -8.2032e-11  7.67108e-22 -2.20848e-11 -1.37453e-21  -5.3119e-12 -1.56805e-21 -1.16011e-12 -1.07319e-21 -2.32148e-13 -5.70352e-22 -4.27878e-14 -2.49516e-22 -7.28533e-15 -9.02011e-23 -1.14753e-15   -2.618e-23 -1.67252e-16 -5.63589e-24  -2.2541e-17  -6.7346e-25 -2.80483e-18   6.9652e-26  -3.2148e-19  5.86368e-26 -3.38331e-20  1.47291e-26 -3.25624e-21  1.20438e-27 -2.85164e-22 -6.79902e-28 -2.25836e-23 -4.36197e-28 -1.60515e-24 -1.64433e-28 -1.01432e-25 -4.75832e-29 -5.63189e-27 -1.09705e-29 -2.70643e-28 -2.00703e-30 -1.10379e-29 -2.86281e-31 -3.72186e-31 -3.08608e-32 -9.98325e-33 -2.38098e-33 -1.96902e-34 -1.18909e-34 -2.16619e-36 -3.10096e-36  7.09774e-39 -2.10053e-38
-1.73013e-19 -1.32217e-07  2.07977e-18  1.21198e-05  -3.0554e-18 -9.15813e-05 -1.61255e-17  0.000112441  3.35425e-17  0.000906729  5.29422e-17  -0.00290272 -1.13142e-16 -9.86519e-05 -9.75803e-17   0.00933635  1.24027e-16  -0.00424334  1.69479e-16   -0.0150906  3.95623e-17   0.00379446 -2.12547e-16    0.0177885  -2.3998e-16   0.00525388  9.84344e-17   -0.0112953  2.63999e-16   -0.0119978  5.78842e-17  -0.00224523 -1.14673e-16   0.00510678 -7.55846e-17   0.00575993  4.30311e-18   0.00286579  2.34245e-17   0.00019782  1.37564e-17 -0.000919343  3.59724e-18 -0.000913408 -4.78517e-18 -0.000539363 -8.82822e-18 -0.000221215 -7.41226e-18 -5.49807e-05 -3.71293e-18  3.70661e-06 -1.97442e-19  1.37793e-05  2.20034e-18  9.78299e-06  2.80002e-18  4.91858e-06  1.84443e-18  2.02692e-06  5.50994e-19  7.19037e-07 -1.73235e-19  2.24161e-07 -2.98831e-19  6.18621e-08 -1.79881e-19  1.50685e-08 -6.15388e-20  3.18687e-09 -5.82513e-21   5.5904e-10  6.75344e-21  6.99255e-11  3.74959e-21  9.94957e-13 -3.94144e-22 -2.91579e-12 -2.03645e-21 -1.19196e-12 -1.90179e-21 -3.33586e-13 -1.21793e-21  -7.7107e-14 -6.20841e-22 -1.55691e-14 -2.61946e-22 -2.81204e-15 -9.15788e-23  -4.5962e-16 -2.59154e-23  -6.8376e-17 -5.59832e-24 -9.28165e-18 -7.77885e-25 -1.15008e-18 -8.66746e-27 -1.29926e-19  2.73198e-26 -1.33486e-20  6.37191e-27 -1.24254e-21 -2.94575e-28 -1.04267e-22 -7.88775e-28 -7.83677e-24 -3.80665e-28 -5.23286e-25 -1.27588e-28 -3.07223e-26 -3.34417e-29 -1.56494e-27 -6.96824e-30 -6.79665e-29 -1.14363e-30 -2.45907e-30 -1.44521e-31  -7.1768e-32 -1.35138e-32 -1.59942e-33 -8.71559e-34 -2.32044e-35 -3.38697e-35 -5.25367e-38 -5.73222e-37  3.78678e-39
