 2.53155e-10 -1.01996e-22  3.79497e-09 -8.55131e-22  2.36686e-08 -3.61139e-21  9.46274e-08  -9.7661e-21  2.79332e-07 -2.38676e-20  6.53352e-07 -5.51293e-20   1.2626e-06 -1.12054e-19  2.07155e-06  -1.8921e-19  2.94026e-06 -2.64774e-19  3.65888e-06 -3.14741e-19  4.03098e-06 -3.25846e-19  3.95965e-06 -2.99016e-19  3.48579e-06 -2.45771e-19  2.75977e-06 -1.81748e-19  1.96932e-06 -1.21366e-19  1.26787e-06 -7.38556e-20  7.36404e-07 -4.15497e-20  3.85427e-07 -2.18258e-20  1.81376e-07 -1.06281e-20  7.64778e-08 -4.68213e-21  2.87548e-08 -1.83325e-21  9.57837e-09 -6.58812e-22  2.80257e-09 -2.42774e-22  7.12182e-10 -9.84201e-23   1.5482e-10 -3.90055e-23  2.82022e-11 -1.34172e-23  4.18015e-12 -4.19066e-24  4.82287e-13  -1.2667e-24  4.02439e-14  -3.1177e-25  2.10133e-15 -4.44818e-26  4.43724e-17
-1.01996e-22  5.34555e-09  -3.3014e-21  4.68711e-08 -1.66038e-20  2.28706e-07 -4.92804e-20  7.78493e-07 -1.13717e-19  2.03694e-06 -2.36858e-19  4.32224e-06 -4.54361e-19  7.69093e-06 -7.67437e-19  1.17369e-05 -1.10306e-18  1.56061e-05  -1.3532e-18  1.82877e-05 -1.44348e-18  1.90441e-05 -1.36248e-18  1.77307e-05 -1.15186e-18  1.48222e-05 -8.77541e-19   1.1157e-05 -6.04062e-19  7.57391e-06 -3.78255e-19   4.6391e-06 -2.18819e-19  2.56228e-06 -1.18977e-19    1.274e-06 -6.09359e-20  5.68637e-07 -2.87409e-20  2.26903e-07 -1.21138e-20  8.04919e-08 -4.58608e-21  2.51959e-08 -1.70461e-21   6.8913e-09 -7.01003e-22  1.62554e-09 -3.00748e-22  3.24915e-10 -1.14301e-22  5.36994e-11 -3.76394e-23  7.08056e-12 -1.18484e-23  7.04124e-13 -3.39729e-24  4.77766e-14 -6.70847e-25  1.75784e-15 -5.91291e-26
 3.79497e-09  -3.3014e-21  5.72171e-08 -2.27245e-20  3.58749e-07 -8.23415e-20  1.44138e-06 -2.00368e-19  4.27459e-06 -4.23406e-19  1.00421e-05 -8.48432e-19  1.94873e-05 -1.55689e-18  3.21005e-05  -2.4496e-18  4.57363e-05 -3.24355e-18  5.71244e-05 -3.67307e-18   6.3158e-05 -3.63628e-18  6.22544e-05 -3.20171e-18  5.49881e-05 -2.53358e-18  4.36773e-05 -1.80905e-18  3.12667e-05 -1.17161e-18  2.01926e-05  -6.9971e-19  1.17641e-05 -3.95572e-19   6.1757e-06  -2.1488e-19  2.91477e-06 -1.10064e-19   1.2326e-06 -5.09606e-20  4.64773e-07 -2.08999e-20  1.55257e-07 -8.05222e-21   4.5555e-08 -3.35224e-21  1.16086e-08 -1.53697e-21  2.53055e-09   -6.525e-22  4.62234e-10 -2.33198e-22  6.87001e-11 -7.57849e-23  7.94794e-12 -2.37269e-23  6.65014e-13 -5.92582e-24  3.48181e-14  -8.5358e-25  7.37237e-16
-8.55131e-22  4.68711e-08 -2.27245e-20  4.13156e-07 -1.07988e-19  2.02588e-06 -2.88964e-19  6.92764e-06 -5.97593e-19  1.82049e-05 -1.17658e-18  3.87885e-05 -2.27545e-18  6.92904e-05 -3.92692e-18  0.000106139 -5.66129e-18   0.00014164 -6.82783e-18  0.000166556 -7.06537e-18  0.000174031 -6.42471e-18   0.00016256 -5.22216e-18  0.000136327 -3.82488e-18  0.000102935 -2.53507e-18  7.00899e-05 -1.54679e-18  4.30586e-05  -9.0371e-19  2.38517e-05 -5.24347e-19  1.18935e-05  -2.9813e-19  5.32354e-06 -1.56157e-19  2.13018e-06 -7.16786e-20  7.57745e-07 -2.95793e-20  2.37839e-07 -1.25584e-20  6.52269e-08 -6.04169e-21  1.54272e-08 -2.86029e-21  3.09181e-09 -1.13757e-21  5.12346e-10 -3.88034e-22  6.77341e-11 -1.26909e-22  6.75356e-12 -3.72244e-23  4.59454e-13 -7.40732e-24  1.69492e-14 -6.65051e-25
 2.36686e-08 -1.66038e-20  3.58749e-07 -1.07988e-19  2.26038e-06 -3.43957e-19  9.12325e-06 -6.84057e-19  2.71725e-05 -1.18883e-18  6.40948e-05 -2.24622e-18  0.000124861 -4.29883e-18   0.00020644 -6.97804e-18  0.000295178 -9.14487e-18  0.000369938 -9.91229e-18  0.000410366 -9.19342e-18  0.000405794  -7.5016e-18  0.000359549  -5.4795e-18   0.00028646 -3.60369e-18  0.000205674 -2.17366e-18  0.000133214 -1.28933e-18  7.78309e-05 -8.24166e-19  4.09727e-05  -5.5931e-19  1.93914e-05 -3.56216e-19  8.22249e-06 -1.93489e-19  3.10876e-06 -8.94596e-20  1.04124e-06 -3.95853e-20  3.06318e-07 -1.96153e-20  7.82611e-08  -1.0201e-20  1.71043e-08 -4.57752e-21  3.13234e-09 -1.68614e-21  4.66741e-10 -5.67282e-22  5.41356e-11 -1.82947e-22  4.54116e-12 -4.62094e-23  2.38369e-13 -6.72036e-24  5.06013e-15
-3.61139e-21  2.28706e-07 -8.23415e-20  2.02588e-06 -3.43957e-19  9.97913e-06 -6.92359e-19  3.42702e-05 -8.74148e-19  9.04212e-05 -1.11579e-18  0.000193395 -2.37368e-18  0.000346738 -5.04687e-18  0.000532997 -7.82436e-18  0.000713667 -9.01801e-18  0.000841946 -8.16573e-18  0.000882507 -6.02702e-18  0.000826862 -3.68987e-18  0.000695497 -1.82216e-18  0.000526672 -6.63836e-19  0.000359638 -2.45649e-19  0.000221554 -3.41145e-19  0.000123063 -5.43226e-19  6.15295e-05 -5.68679e-19  2.76138e-05 -4.15474e-19  1.10784e-05 -2.30098e-19  3.95099e-06  -1.1014e-19   1.2433e-06 -5.55139e-20  3.41839e-07 -3.07964e-20   8.1054e-08 -1.55676e-20   1.6285e-08 -6.35694e-21  2.70532e-09 -2.22624e-21  3.58543e-10 -7.51547e-22   3.5838e-11 -2.24403e-22  2.44415e-12 -4.49362e-23  9.03886e-14 -4.11328e-24
 9.46274e-08 -4.92804e-20  1.44138e-06 -2.88964e-19  9.12325e-06 -6.92359e-19  3.69802e-05 -5.52024e-19  0.000110583  6.16743e-19  0.000261838  1.81773e-18  0.000511929  1.25048e-18  0.000849332 -6.54906e-19   0.00121846  -1.4282e-18   0.00153197  2.21743e-19   0.00170467  3.31439e-18   0.00169076  5.95105e-18   0.00150247   7.0045e-18   0.00120047   6.5082e-18  0.000864324  4.89987e-18   0.00056135  2.73264e-18  0.000328851  7.63782e-19  0.000173574  -3.9421e-19  8.23616e-05 -6.86502e-19   3.5013e-05 -5.12707e-19  1.32712e-05 -2.79779e-19  4.45612e-06 -1.43803e-19  1.31418e-06 -8.17452e-20  3.36584e-07 -4.56206e-20  7.37413e-08 -2.09557e-20  1.35372e-08 -7.84744e-21  2.02203e-09 -2.71342e-21  2.35093e-10 -8.96234e-22  1.97684e-11 -2.28292e-22  1.04016e-12 -3.35306e-23  2.21341e-14
 -9.7661e-21  7.78493e-07 -2.00368e-19  6.92764e-06 -6.84057e-19  3.42702e-05 -5.52024e-19  0.000118163  1.89461e-18  0.000312951  6.71001e-18  0.000671757  1.09399e-17   0.00120853  1.25304e-17   0.00186385  1.37997e-17   0.00250357  1.75143e-17   0.00296263  2.29429e-17   0.00311459  2.69463e-17   0.00292663  2.71353e-17   0.00246859  2.36146e-17    0.0018745  1.78546e-17   0.00128344  1.12716e-17   0.00079274  5.26944e-18  0.000441469  1.12787e-18  0.000221289 -7.42586e-19   9.9561e-05 -9.99795e-19  4.00418e-05 -6.62689e-19  1.43154e-05 -3.55105e-19   4.5157e-06 -1.99054e-19  1.24455e-06  -1.1777e-19    2.958e-07 -6.07032e-20  5.95717e-08 -2.49705e-20  9.91964e-09 -8.90606e-21  1.31777e-09 -3.08598e-21  1.32026e-10 -9.34379e-22  9.02538e-12 -1.88129e-22  3.34558e-13 -1.75726e-23
 2.79332e-07 -1.13717e-19  4.27459e-06 -5.97593e-19  2.71725e-05 -8.74148e-19  0.000110583  1.89461e-18  0.000331934  9.99812e-18  0.000788768  2.09709e-17   0.00154742  2.92698e-17   0.00257569  3.46669e-17   0.00370675  4.15704e-17   0.00467463  5.09321e-17   0.00521687  5.85676e-17   0.00518904  5.96505e-17   0.00462394  5.31432e-17    0.0037045  4.16539e-17   0.00267425  2.82454e-17   0.00174134  1.54257e-17    0.0010227  5.55628e-18  0.000541152   1.9328e-20   0.00025741 -1.71727e-18  0.000109694 -1.47678e-18  4.16776e-05 -8.54045e-19  1.40275e-05 -4.64379e-19  4.14664e-06 -2.75681e-19   1.0645e-06 -1.55782e-19   2.3376e-07  -7.1514e-20  4.30119e-08 -2.69835e-20  6.43937e-09 -9.54337e-21    7.504e-10 -3.21517e-21  6.32438e-11  -8.2432e-22  3.33537e-12 -1.22345e-22  7.11381e-14
-2.38676e-20  2.03694e-06 -4.23406e-19  1.82049e-05 -1.18883e-18  9.04212e-05  6.16743e-19  0.000312951  9.99812e-18  0.000831811   2.7395e-17   0.00179158  4.49545e-17   0.00323366  5.66907e-17   0.00500267  6.68397e-17   0.00673991  8.02091e-17   0.00799895  9.35326e-17   0.00843291  9.90294e-17   0.00794569  9.23043e-17   0.00672002  7.57643e-17   0.00511607  5.45793e-17   0.00351182  3.29339e-17   0.00217457  1.45439e-17   0.00121397  2.50584e-18  0.000609979 -2.60771e-18  0.000275093 -3.08907e-18  0.000110898  -1.9919e-18  3.97395e-05 -1.06837e-18  1.25645e-05 -6.06357e-19  3.47073e-06 -3.59344e-19  8.26785e-07  -1.8382e-19  1.66884e-07 -7.54527e-20  2.78513e-08  -2.7306e-20  3.70818e-09 -9.67931e-21  3.72353e-10 -2.96417e-21  2.55112e-11 -5.99877e-22  9.47788e-13 -5.72301e-23
 6.53352e-07 -2.36858e-19  1.00421e-05 -1.17658e-18  6.40948e-05 -1.11579e-18  0.000261838  6.71001e-18  0.000788768   2.7395e-17   0.00188071  5.44766e-17   0.00370157  7.46702e-17   0.00618045  8.71966e-17   0.00892102  1.01571e-16    0.0112829  1.19736e-16    0.0126268  1.32825e-16    0.0125934  1.31178e-16    0.0112516  1.13782e-16   0.00903748  8.69282e-17    0.0065405  5.69148e-17   0.00426934  2.87601e-17   0.00251349  7.61018e-18   0.00133315 -3.48102e-18  0.000635626 -5.99736e-18  0.000271495  -4.4071e-18  0.000103389 -2.42379e-18  3.48763e-05 -1.29596e-18  1.03329e-05 -7.61787e-19   2.6585e-06 -4.24895e-19  5.85085e-07 -1.93221e-19  1.07893e-07 -7.32705e-20  1.61883e-08 -2.64585e-20   1.8906e-09 -9.06921e-21  1.59689e-10 -2.33759e-21   8.4402e-12 -3.50868e-22  1.80412e-13
-5.51293e-20  4.32224e-06 -8.48432e-19  3.87885e-05 -2.24622e-18  0.000193395  1.81773e-18  0.000671757  2.09709e-17   0.00179158  5.44766e-17   0.00387128  8.46249e-17   0.00700899  9.95203e-17    0.0108756  1.09588e-16    0.0146942  1.26798e-16    0.0174875  1.46766e-16    0.0184857  1.55342e-16    0.0174632  1.44226e-16    0.0148069  1.17418e-16    0.0113008  8.29455e-17   0.00777609  4.68583e-17   0.00482655  1.57319e-17   0.00270078 -3.92915e-18   0.00136019 -1.06293e-17  0.000614822 -9.01849e-18   0.00024841 -5.29472e-18  8.92141e-05 -2.73636e-18   2.8269e-05 -1.52648e-18  7.82592e-06 -8.91166e-19  1.86831e-06 -4.49799e-19  3.77926e-07 -1.84038e-19  6.32079e-08 -6.75748e-20  8.43371e-09 -2.44669e-20  8.48677e-10 -7.56534e-21  5.82706e-11 -1.53902e-21  2.16951e-12 -1.50091e-22
  1.2626e-06 -4.54361e-19  1.94873e-05 -2.27545e-18  0.000124861 -2.37368e-18  0.000511929  1.09399e-17   0.00154742  4.49545e-17   0.00370157  8.46249e-17    0.0073079  1.04648e-16    0.0122381  1.06762e-16    0.0177151  1.13493e-16    0.0224669  1.33248e-16      0.02521  1.52863e-16    0.0252085  1.55175e-16    0.0225793  1.36517e-16    0.0181807  1.04351e-16    0.0131892  6.54998e-17    0.0086296  2.65147e-17   0.00509227 -3.15528e-18   0.00270708 -1.68616e-17   0.00129359 -1.67248e-17  0.000553757  -1.0817e-17  0.000211339 -5.66205e-18  7.14459e-05 -2.96889e-18  2.12129e-05 -1.72482e-18  5.46941e-06 -9.49684e-19  1.20627e-06  -4.2833e-19  2.22912e-07 -1.63482e-19  3.35162e-08 -6.02763e-20  3.92253e-09 -2.09877e-20  3.32012e-10 -5.43444e-21   1.7585e-11 -8.25678e-22  3.76679e-13
-1.12054e-19  7.69093e-06 -1.55689e-18  6.92904e-05 -4.29883e-18  0.000346738  1.25048e-18   0.00120853  2.92698e-17   0.00323366  7.46702e-17   0.00700899  1.04648e-16    0.0127274  1.01624e-16    0.0198048  9.00074e-17    0.0268321  9.73575e-17    0.0320173  1.21579e-16     0.033932   1.4034e-16    0.0321352  1.37684e-16    0.0273138  1.15545e-16    0.0208958  8.09349e-17     0.014412  3.91535e-17   0.00896588   2.4541e-19   0.00502829 -2.33494e-17   0.00253799 -2.76867e-17   0.00114971 -2.02056e-17  0.000465528 -1.12147e-17  0.000167547 -5.68052e-18  5.32022e-05 -3.15349e-18  1.47593e-05 -1.82791e-18  3.53088e-06 -9.14249e-19  7.15718e-07 -3.73944e-19  1.19951e-07 -1.39526e-19  1.60379e-08 -5.15603e-20   1.6172e-09 -1.60776e-20  1.11267e-10 -3.28859e-21  4.15122e-12 -3.28099e-22
 2.07155e-06 -7.67437e-19  3.21005e-05 -3.92692e-18   0.00020644 -5.04687e-18  0.000849332  1.25304e-17   0.00257569  5.66907e-17   0.00618045  9.95203e-17    0.0122381  1.01624e-16    0.0205525  7.23557e-17     0.029832  5.56679e-17    0.0379338  7.16849e-17    0.0426743  1.02749e-16    0.0427779  1.20645e-16     0.038409  1.15236e-16    0.0309998  9.13907e-17    0.0225408   5.3224e-17    0.0147817  8.36594e-18   0.00874199 -2.70435e-17   0.00465746 -4.03511e-17    0.0022304  -3.3996e-17  0.000956813 -2.07458e-17  0.000365933  -1.0634e-17  0.000123966 -5.57954e-18  3.68826e-05 -3.25049e-18  9.52915e-06 -1.78035e-18  2.10592e-06 -7.99681e-19  3.89955e-07 -3.08007e-19  5.87509e-08 -1.16002e-19  6.88978e-09  -4.0977e-20  5.84347e-10 -1.06539e-20  3.10127e-11 -1.64004e-21  6.65656e-13
 -1.8921e-19  1.17369e-05  -2.4496e-18  0.000106139 -6.97804e-18  0.000532997 -6.54906e-19   0.00186385  3.46669e-17   0.00500267  8.71966e-17    0.0108756  1.06762e-16    0.0198048  7.23557e-17    0.0309019  2.81676e-17    0.0419771  2.17953e-17    0.0502168  5.39032e-17    0.0533515  9.12255e-17     0.050648  1.07001e-16      0.04315  9.85562e-17    0.0330867  6.95184e-17    0.0228713  2.37128e-17    0.0142599  -2.3411e-17   0.00801463 -5.07583e-17   0.00405396 -5.09442e-17   0.00184031 -3.51777e-17  0.000746706 -1.91154e-17  0.000269297 -9.69979e-18  8.56861e-05 -5.45247e-18   2.3819e-05 -3.17041e-18  5.70971e-06 -1.57941e-18  1.15969e-06 -6.47797e-19  1.94746e-07 -2.45994e-19    2.609e-08 -9.27064e-20  2.63606e-09 -2.91208e-20  1.81727e-10 -5.99158e-21  6.79353e-12 -6.11926e-22
 2.94026e-06 -1.10306e-18  4.57363e-05 -5.66129e-18  0.000295178 -7.82436e-18   0.00121846  1.37997e-17   0.00370675  6.68397e-17   0.00892102  1.09588e-16    0.0177151  9.00074e-17     0.029832  2.81676e-17    0.0434152 -9.02765e-18    0.0553464  9.29782e-18    0.0624164  5.84122e-17    0.0627177  9.67499e-17    0.0564437  1.06763e-16    0.0456593  9.01936e-17    0.0332741  4.85538e-17     0.021868  -7.6122e-18    0.0129607 -5.28358e-17   0.00691962 -6.71226e-17   0.00332061 -5.39472e-17   0.00142743 -3.22928e-17   0.00054703 -1.65514e-17  0.000185689 -8.83495e-18  5.53568e-05 -5.21914e-18  1.43306e-05 -2.85963e-18  3.17327e-06 -1.28323e-18   5.8875e-07 -4.99813e-19  8.88753e-08 -1.92301e-19  1.04429e-08 -6.88269e-20  8.87431e-10 -1.79615e-20  4.71905e-11 -2.80411e-21  1.01489e-12
-2.64774e-19  1.56061e-05 -3.24355e-18   0.00014164 -9.14487e-18  0.000713667  -1.4282e-18   0.00250357  4.15704e-17   0.00673991  1.01571e-16    0.0146942  1.13493e-16    0.0268321  5.56679e-17    0.0419771 -9.02765e-18    0.0571666 -1.70715e-17     0.068556  3.10287e-17    0.0730093  8.90974e-17    0.0694707  1.19981e-16    0.0593202  1.17735e-16    0.0455865  8.40823e-17    0.0315802  2.36785e-17    0.0197317 -4.00387e-17    0.0111132 -7.60077e-17   0.00563286 -7.39538e-17   0.00256226  -5.0349e-17   0.00104173 -2.73074e-17  0.000376443 -1.40759e-17  0.000120014 -8.09486e-18  3.34269e-05 -4.74674e-18  8.02841e-06 -2.36191e-18  1.63379e-06 -9.73451e-19  2.74891e-07 -3.76561e-19  3.68979e-08 -1.44581e-19  3.73524e-09 -4.57047e-20  2.58001e-10 -9.46359e-21  9.66349e-12 -9.89928e-22
 3.65888e-06  -1.3532e-18  5.71244e-05 -6.82783e-18  0.000369938 -9.01801e-18   0.00153197  1.75143e-17   0.00467463  8.02091e-17    0.0112829  1.26798e-16    0.0224669  9.73575e-17    0.0379338  2.17953e-17    0.0553464 -1.70715e-17      0.07073  1.56308e-17    0.0799551  8.53661e-17    0.0805271  1.38468e-16     0.072635    1.528e-16    0.0588865  1.29575e-16    0.0430059  7.05874e-17    0.0283236   -7.946e-18    0.0168216  -7.0104e-17    0.0089993 -8.92842e-17   0.00432732 -7.14238e-17   0.00186388 -4.26825e-17  0.000715697 -2.21167e-17  0.000243416 -1.21125e-17  7.27065e-05 -7.28708e-18  1.88581e-05 -4.00206e-18   4.1838e-06 -1.79706e-18  7.77716e-07 -7.08761e-19  1.17624e-07 -2.78485e-19   1.3847e-08 -1.00858e-19  1.17895e-09 -2.64118e-20  6.28114e-11 -4.18564e-21  1.35341e-12
-3.14741e-19  1.82877e-05 -3.67307e-18  0.000166556 -9.91229e-18  0.000841946  2.21743e-19   0.00296263  5.09321e-17   0.00799895  1.19736e-16    0.0174875  1.33248e-16    0.0320173  7.16849e-17    0.0502168  9.29782e-18     0.068556  1.56308e-17    0.0824103  8.42841e-17    0.0879664  1.57547e-16    0.0838911  1.91944e-16    0.0717907  1.81603e-16    0.0552882  1.29272e-16    0.0383816  4.33123e-17    0.0240307 -4.38371e-17     0.013562 -9.24093e-17   0.00688779 -9.09937e-17   0.00313928 -6.20255e-17   0.00127881 -3.38556e-17  0.000463007 -1.78392e-17  0.000147894 -1.05286e-17  4.12703e-05  -6.2309e-18  9.93094e-06 -3.09922e-18  2.02475e-06 -1.28505e-18   3.4131e-07 -5.06584e-19  4.58988e-08 -1.97928e-19   4.6551e-09 -6.29098e-20  3.22139e-10 -1.31163e-20  1.20884e-11 -1.40581e-21
 4.03098e-06 -1.44348e-18   6.3158e-05 -7.06537e-18  0.000410366 -8.16573e-18   0.00170467  2.29429e-17   0.00521687  9.35326e-17    0.0126268  1.46766e-16      0.02521  1.21579e-16    0.0426743  5.39032e-17    0.0624164  3.10287e-17    0.0799551  8.42841e-17     0.090592  1.69846e-16     0.091445  2.27094e-16    0.0826633  2.33577e-16    0.0671598   1.9243e-16    0.0491507  1.08128e-16    0.0324369  3.52828e-18    0.0193033 -7.68362e-17    0.0103475 -1.02415e-16   0.00498533  -8.2506e-17   0.00215146 -4.94908e-17  0.000827698  -2.6031e-17  0.000282042 -1.46572e-17  8.44019e-05 -8.97539e-18  2.19324e-05 -4.93915e-18  4.87489e-06 -2.22071e-18  9.07857e-07 -8.87569e-19   1.3756e-07 -3.55931e-19  1.62238e-08 -1.30273e-19  1.38386e-09 -3.42276e-20  7.38648e-11 -5.51122e-21  1.59453e-12
-3.25846e-19  1.90441e-05 -3.63628e-18  0.000174031 -9.19342e-18  0.000882507  3.31439e-18   0.00311459  5.85676e-17   0.00843291  1.32825e-16    0.0184857  1.52863e-16     0.033932  1.02749e-16    0.0533515  5.84122e-17    0.0730093  8.53661e-17    0.0879664  1.69846e-16    0.0941078  2.48195e-16    0.0899439   2.7639e-16    0.0771346  2.50899e-16    0.0595274  1.76718e-16    0.0414089  6.65967e-17    0.0259781 -4.01538e-17    0.0146899 -9.89008e-17   0.00747512 -9.90331e-17    0.0034135 -6.77143e-17   0.00139315 -3.72613e-17  0.000505352 -2.00936e-17   0.00016172 -1.21539e-17  4.52118e-05 -7.24717e-18  1.08994e-05 -3.60264e-18  2.22626e-06  -1.5039e-18  3.75962e-07 -6.04221e-19  5.06508e-08  -2.3994e-19  5.14639e-09 -7.66171e-20  3.56785e-10 -1.60949e-20   1.3413e-11 -1.76806e-21
 3.95965e-06 -1.36248e-18  6.22544e-05 -6.42471e-18  0.000405794 -6.02702e-18   0.00169076  2.69463e-17   0.00518904  9.90294e-17    0.0125934  1.55342e-16    0.0252085   1.4034e-16    0.0427779  9.12255e-17    0.0627177  8.90974e-17    0.0805271  1.57547e-16     0.091445  2.48195e-16    0.0925075  3.00776e-16    0.0838017   2.9572e-16    0.0682262   2.3816e-16    0.0500327  1.35154e-16    0.0330849  1.41659e-17    0.0197276 -7.63162e-17    0.0105953 -1.05389e-16   0.00511446 -8.52299e-17   0.00221133 -5.12798e-17  0.000852315 -2.73833e-17  0.000290966 -1.58303e-17  8.72316e-05 -9.84019e-18   2.2709e-05  -5.4195e-18  5.05662e-06 -2.44054e-18  9.43396e-07 -9.89027e-19  1.43202e-07   -4.045e-19  1.69196e-08 -1.49439e-19   1.4458e-09 -3.93918e-20  7.73098e-11 -6.45011e-21  1.67191e-12
-2.99016e-19  1.77307e-05 -3.20171e-18   0.00016256  -7.5016e-18  0.000826862  5.95105e-18   0.00292663  5.96505e-17   0.00794569  1.31178e-16    0.0174632  1.55175e-16    0.0321352  1.20645e-16     0.050648  9.67499e-17    0.0694707  1.38468e-16    0.0838911  2.27094e-16    0.0899439  3.00776e-16    0.0861471  3.19982e-16    0.0740318  2.83503e-16    0.0572488  1.97504e-16    0.0399031  7.73244e-17    0.0250823  -3.5458e-17    0.0142106 -9.64566e-17   0.00724491 -9.71456e-17   0.00331456 -6.64032e-17   0.00135527 -3.68033e-17   0.00049251 -2.02917e-17  0.000157896 -1.25426e-17  4.42222e-05 -7.51931e-18  1.06799e-05 -3.73453e-18  2.18532e-06 -1.57045e-18  3.69704e-07 -6.43034e-19  4.98961e-08 -2.59222e-19  5.07871e-09  -8.3102e-20  3.52719e-10 -1.76012e-20  1.32838e-11 -1.98211e-21
 3.48579e-06 -1.15186e-18  5.49881e-05 -5.22216e-18  0.000359549 -3.68987e-18   0.00150247  2.71353e-17   0.00462394  9.23043e-17    0.0112516  1.44226e-16    0.0225793  1.37684e-16     0.038409  1.07001e-16    0.0564437  1.19981e-16     0.072635  1.91944e-16    0.0826633   2.7639e-16    0.0838017  3.19982e-16    0.0760726  3.07307e-16    0.0620591  2.43929e-16    0.0456004  1.37842e-16    0.0302127  1.73791e-17    0.0180494 -7.06972e-17   0.00971229 -9.84813e-17   0.00469692 -7.94223e-17   0.00203453 -4.78306e-17  0.000785593 -2.59108e-17  0.000268671  -1.5345e-17  8.06913e-05 -9.65508e-18  2.10436e-05 -5.31605e-18  4.69406e-06 -2.39848e-18  8.77297e-07 -9.86002e-19  1.33402e-07 -4.10961e-19  1.57894e-08 -1.53085e-19  1.35159e-09 -4.04871e-20  7.23995e-11  -6.7474e-21  1.56849e-12
-2.45771e-19  1.48222e-05 -2.53358e-18  0.000136327  -5.4795e-18  0.000695497   7.0045e-18   0.00246859  5.31432e-17   0.00672002  1.13782e-16    0.0148069  1.36517e-16    0.0273138  1.15236e-16      0.04315  1.06763e-16    0.0593202    1.528e-16    0.0717907  2.33577e-16    0.0771346   2.9572e-16    0.0740318  3.07307e-16    0.0637491  2.68422e-16    0.0493949  1.84824e-16    0.0344956  7.18719e-17    0.0217246 -3.16633e-17    0.0123314 -8.63971e-17   0.00629847 -8.64106e-17   0.00288682 -5.88238e-17    0.0011825 -3.27978e-17  0.000430494 -1.84611e-17  0.000138259 -1.16244e-17  3.87904e-05 -6.99191e-18  9.38448e-06 -3.46844e-18   1.9236e-06 -1.47014e-18  3.25993e-07 -6.13399e-19  4.40731e-08 -2.50732e-19   4.4938e-09 -8.06521e-20   3.1264e-10 -1.72361e-20  1.17949e-11 -1.98993e-21
 2.75977e-06 -8.77541e-19  4.36773e-05 -3.82488e-18   0.00028646 -1.82216e-18   0.00120047  2.36146e-17    0.0037045  7.57643e-17   0.00903748  1.17418e-16    0.0181807  1.15545e-16    0.0309998  9.85562e-17    0.0456593  1.17735e-16    0.0588865  1.81603e-16    0.0671598  2.50899e-16    0.0682262  2.83503e-16    0.0620591  2.68422e-16    0.0507274  2.10329e-16    0.0373462  1.16487e-16    0.0247909    1.232e-17    0.0148381 -6.21251e-17     0.007999 -8.43673e-17   0.00387539 -6.72934e-17   0.00168169 -4.04492e-17  0.000650504 -2.21904e-17  0.000222862  -1.3417e-17  6.70503e-05 -8.51569e-18  1.75165e-05  -4.6812e-18  3.91404e-06  -2.1164e-18  7.32774e-07 -8.82867e-19  1.11617e-07 -3.74683e-19  1.32336e-08 -1.40585e-19  1.13476e-09 -3.73105e-20  6.08897e-11  -6.3337e-21  1.32141e-12
-1.81748e-19   1.1157e-05 -1.80905e-18  0.000102935 -3.60369e-18  0.000526672   6.5082e-18    0.0018745  4.16539e-17   0.00511607  8.69282e-17    0.0113008  1.04351e-16    0.0208958  9.13907e-17    0.0330867  9.01936e-17    0.0455865  1.29575e-16    0.0552882   1.9243e-16    0.0595274   2.3816e-16    0.0572488  2.43929e-16    0.0493949  2.10329e-16     0.038347  1.41532e-16     0.026831  5.03742e-17    0.0169292  -3.1465e-17     0.009627 -7.29972e-17   0.00492606 -7.08645e-17   0.00226183 -4.76845e-17   0.00092813 -2.66493e-17   0.00033848 -1.52467e-17  0.000108896  -9.7263e-18  3.06049e-05 -5.85105e-18  7.41688e-06 -2.89677e-18  1.52288e-06  -1.2379e-18  2.58522e-07 -5.26129e-19  3.50108e-08  -2.1781e-19  3.57586e-09 -7.02645e-20  2.49201e-10 -1.51633e-20  9.41762e-12 -1.79473e-21
 1.96932e-06 -6.04062e-19  3.12667e-05 -2.53507e-18  0.000205674 -6.63836e-19  0.000864324  1.78546e-17   0.00267425  5.45793e-17    0.0065405  8.29455e-17    0.0131892  8.09349e-17    0.0225408  6.95184e-17    0.0332741  8.40823e-17    0.0430059  1.29272e-16    0.0491507  1.76718e-16    0.0500327  1.97504e-16    0.0456004  1.84824e-16    0.0373462  1.41532e-16    0.0275471  7.24171e-17    0.0183202 -3.28022e-18    0.0109853 -5.55829e-17   0.00593268 -6.85632e-17   0.00287941 -5.30442e-17   0.00125169 -3.15616e-17  0.000485016 -1.74196e-17  0.000166453 -1.06639e-17  5.01647e-05 -6.78447e-18  1.31275e-05 -3.71403e-18  2.93831e-06 -1.68187e-18  5.51029e-07 -7.11894e-19  8.40751e-08 -3.07318e-19  9.98495e-09 -1.16032e-19  8.57637e-10 -3.09086e-20  4.60973e-11 -5.34851e-21  1.00209e-12
-1.21366e-19  7.57391e-06 -1.17161e-18  7.00899e-05 -2.17366e-18  0.000359638  4.89987e-18   0.00128344  2.82454e-17   0.00351182  5.69148e-17   0.00777609  6.54998e-17     0.014412   5.3224e-17    0.0228713  4.85538e-17    0.0315802  7.05874e-17    0.0383816  1.08128e-16    0.0414089  1.35154e-16    0.0399031  1.37842e-16    0.0344956  1.16487e-16     0.026831  7.24171e-17    0.0188084   1.3567e-17     0.011889 -3.81994e-17     0.006773 -6.16845e-17   0.00347185 -5.55198e-17   0.00159691 -3.62894e-17   0.00065642 -2.01186e-17  0.000239801 -1.15662e-17  7.72803e-05 -7.39471e-18  2.17562e-05 -4.42394e-18  5.28131e-06 -2.18184e-18  1.08621e-06 -9.39725e-19  1.84702e-07 -4.06561e-19  2.50553e-08 -1.70252e-19  2.56332e-09 -5.50576e-20  1.78936e-10 -1.20077e-20  6.77356e-12 -1.45691e-21
 1.26787e-06 -3.78255e-19  2.01926e-05 -1.54679e-18  0.000133214 -2.45649e-19   0.00056135  1.12716e-17   0.00174134  3.29339e-17   0.00426934  4.68583e-17    0.0086296  3.91535e-17    0.0147817  2.37128e-17     0.021868  2.36785e-17    0.0283236  4.33123e-17    0.0324369  6.65967e-17    0.0330849  7.73244e-17    0.0302127  7.18719e-17    0.0247909  5.03742e-17    0.0183202   1.3567e-17    0.0122062 -2.73975e-17   0.00733229 -5.35661e-17   0.00396688 -5.51987e-17   0.00192868  -4.0122e-17  0.000839849 -2.32557e-17  0.000325989 -1.27318e-17  0.000112066 -7.77027e-18  3.38307e-05 -4.90448e-18   8.8679e-06 -2.66233e-18  1.98818e-06 -1.20608e-18  3.73468e-07 -5.17707e-19  5.70776e-08 -2.27058e-19  6.78988e-09 -8.61839e-20  5.84169e-10 -2.30496e-20  3.14508e-11 -4.06856e-21  6.84837e-13
-7.38556e-20   4.6391e-06  -6.9971e-19  4.30586e-05 -1.28933e-18  0.000221554  2.73264e-18   0.00079274  1.54257e-17   0.00217457  2.87601e-17   0.00482655  2.65147e-17   0.00896588  8.36594e-18    0.0142599  -7.6122e-18    0.0197317   -7.946e-18    0.0240307  3.52828e-18    0.0259781  1.41659e-17    0.0250823  1.73791e-17    0.0217246    1.232e-17    0.0169292 -3.28022e-18     0.011889 -2.73975e-17   0.00752864  -4.8174e-17   0.00429656 -5.33492e-17   0.00220626 -4.26463e-17   0.00101654 -2.64846e-17  0.000418567 -1.43361e-17  0.000153167 -8.13465e-18  4.94436e-05 -5.13229e-18  1.39427e-05 -3.02984e-18  3.39018e-06 -1.48438e-18  6.98408e-07 -6.43805e-19  1.18954e-07 -2.83249e-19   1.6163e-08 -1.19831e-19  1.65629e-09 -3.88333e-20   1.1581e-10 -8.56635e-21  4.39119e-12 -1.06526e-21
 7.36404e-07 -2.18819e-19  1.17641e-05  -9.0371e-19  7.78309e-05 -3.41145e-19  0.000328851  5.26944e-18    0.0010227  1.45439e-17   0.00251349  1.57319e-17   0.00509227   2.4541e-19   0.00874199  -2.3411e-17    0.0129607 -4.00387e-17    0.0168216 -4.38371e-17    0.0193033 -4.01538e-17    0.0197276  -3.5458e-17    0.0180494 -3.16633e-17    0.0148381  -3.1465e-17    0.0109853 -3.81994e-17   0.00733229  -4.8174e-17   0.00441233 -5.17764e-17   0.00239129 -4.39343e-17   0.00116463 -2.93493e-17  0.000508006 -1.63145e-17  0.000197515  -8.7135e-18  6.80133e-05 -5.20596e-18   2.0566e-05  -3.2219e-18  5.39975e-06 -1.72571e-18  1.21261e-06  -7.8081e-19  2.28153e-07 -3.39611e-19  3.49257e-08 -1.51134e-19  4.16149e-09 -5.76191e-20  3.58619e-10 -1.54775e-20  1.93391e-11 -2.78851e-21  4.21797e-13
-4.15497e-20  2.56228e-06 -3.95572e-19  2.38517e-05 -8.24166e-19  0.000123063  7.63782e-19  0.000441469  5.55628e-18   0.00121397  7.61018e-18   0.00270078 -3.15528e-18   0.00502829 -2.70435e-17   0.00801463 -5.28358e-17    0.0111132  -7.0104e-17     0.013562 -7.68362e-17    0.0146899 -7.63162e-17    0.0142106 -7.06972e-17    0.0123314 -6.21251e-17     0.009627 -5.55829e-17     0.006773 -5.35661e-17   0.00429656 -5.17764e-17    0.0024563 -4.43957e-17   0.00126346 -3.14555e-17  0.000583131 -1.83689e-17  0.000240511 -9.59354e-18  8.81569e-05 -5.28855e-18  2.85046e-05 -3.24727e-18  8.05121e-06 -1.87828e-18  1.96085e-06 -9.11708e-19   4.0461e-07 -3.97857e-19  6.90255e-08 -1.77828e-19  9.39405e-09 -7.59145e-20  9.64208e-10 -2.46468e-20   6.7528e-11 -5.50399e-21  2.56464e-12 -7.01315e-22
 3.85427e-07 -1.18977e-19   6.1757e-06 -5.24347e-19  4.09727e-05 -5.43226e-19  0.000173574  1.12787e-18  0.000541152  2.50584e-18   0.00133315 -3.92915e-18   0.00270708 -2.33494e-17   0.00465746 -5.07583e-17   0.00691962 -7.60077e-17    0.0089993 -9.24093e-17    0.0103475 -9.89008e-17    0.0105953 -9.64566e-17   0.00971229 -8.63971e-17     0.007999 -7.29972e-17   0.00593268 -6.16845e-17   0.00396688 -5.33492e-17   0.00239129 -4.43957e-17    0.0012982 -3.25593e-17  0.000633336 -2.00783e-17  0.000276719 -1.06592e-17  0.000107768 -5.50446e-18  3.71703e-05 -3.18268e-18   1.1258e-05 -1.91628e-18  2.96066e-06 -1.00936e-18   6.6594e-07 -4.55663e-19  1.25499e-07 -2.00712e-19  1.92422e-08 -9.05328e-20  2.29645e-09 -3.46419e-20  1.98216e-10 -9.35056e-21  1.07064e-11 -1.72046e-21  2.33891e-13
-2.18258e-20    1.274e-06  -2.1488e-19  1.18935e-05  -5.5931e-19  6.15295e-05  -3.9421e-19  0.000221289   1.9328e-20  0.000609979 -3.48102e-18   0.00136019 -1.68616e-17   0.00253799 -4.03511e-17   0.00405396 -6.71226e-17   0.00563286 -8.92842e-17   0.00688779 -1.02415e-16   0.00747512 -1.05389e-16   0.00724491 -9.84813e-17   0.00629847 -8.43673e-17   0.00492606 -6.85632e-17   0.00347185 -5.51987e-17   0.00220626 -4.39343e-17   0.00126346 -3.25593e-17  0.000650996 -2.10496e-17  0.000300959 -1.16382e-17  0.000124335 -5.86094e-18  4.56485e-05 -3.12372e-18   1.4784e-05 -1.85669e-18  4.18252e-06 -1.04915e-18  1.02028e-06 -5.04075e-19  2.10866e-07 -2.21302e-19  3.60307e-08 -1.00428e-19  4.91144e-09 -4.32205e-20  5.04917e-10 -1.40564e-20  3.54183e-11 -3.18056e-21  1.34731e-12 -4.15127e-22
 1.81376e-07 -6.09359e-20  2.91477e-06  -2.9813e-19  1.93914e-05 -5.68679e-19  8.23616e-05 -7.42586e-19   0.00025741 -2.60771e-18  0.000635626 -1.06293e-17   0.00129359 -2.76867e-17    0.0022304 -5.09442e-17   0.00332061 -7.39538e-17   0.00432732 -9.09937e-17   0.00498533 -9.90331e-17   0.00511446 -9.71456e-17   0.00469692 -8.64106e-17   0.00387539 -7.08645e-17   0.00287941 -5.55198e-17   0.00192868 -4.26463e-17   0.00116463 -3.14555e-17  0.000633336 -2.10496e-17  0.000309493 -1.22262e-17  0.000135448 -6.24524e-18  5.28365e-05 -3.12573e-18  1.82534e-05  -1.7491e-18   5.5374e-06 -1.02393e-18  1.45858e-06 -5.30286e-19    3.286e-07  -2.3894e-19  6.20243e-08   -1.066e-19  9.52505e-09 -4.86976e-20  1.13856e-09 -1.86915e-20  9.84305e-11 -5.07254e-21  5.32506e-12 -9.53646e-22  1.16517e-13
-1.06281e-20  5.68637e-07 -1.10064e-19  5.32354e-06 -3.56216e-19  2.76138e-05 -6.86502e-19   9.9561e-05 -1.71727e-18  0.000275093 -5.99736e-18  0.000614822 -1.67248e-17   0.00114971  -3.3996e-17   0.00184031 -5.39472e-17   0.00256226 -7.14238e-17   0.00313928  -8.2506e-17    0.0034135 -8.52299e-17   0.00331456 -7.94223e-17   0.00288682 -6.72934e-17   0.00226183 -5.30442e-17   0.00159691  -4.0122e-17   0.00101654 -2.93493e-17  0.000583131 -2.00783e-17  0.000300959 -1.22262e-17  0.000139365 -6.49484e-18  5.76698e-05  -3.1781e-18  2.12072e-05 -1.64594e-18  6.87933e-06 -9.49808e-19  1.94933e-06  -5.2498e-19  4.76273e-07 -2.49884e-19  9.85891e-08 -1.10445e-19  1.68726e-08 -5.08739e-20  2.30357e-09 -2.20547e-20  2.37191e-10 -7.18499e-21  1.66645e-11 -1.64879e-21  6.34923e-13 -2.20357e-22
 7.64778e-08 -2.87409e-20   1.2326e-06 -1.56157e-19  8.22249e-06 -4.15474e-19   3.5013e-05 -9.99795e-19  0.000109694 -3.08907e-18  0.000271495 -9.01849e-18  0.000553757 -2.02056e-17  0.000956813 -3.51777e-17   0.00142743  -5.0349e-17   0.00186388 -6.20255e-17   0.00215146 -6.77143e-17   0.00221133 -6.64032e-17   0.00203453 -5.88238e-17   0.00168169 -4.76845e-17   0.00125169 -3.62894e-17  0.000839849 -2.64846e-17  0.000508006 -1.83689e-17  0.000276719 -1.16382e-17  0.000135448 -6.49484e-18  5.93752e-05 -3.22736e-18  2.31989e-05 -1.57686e-18  8.02736e-06 -8.58012e-19  2.43908e-06 -4.89351e-19  6.43481e-07  -2.4938e-19  1.45197e-07 -1.12227e-19  2.74496e-08 -5.07157e-20  4.22204e-09 -2.34456e-20  5.05468e-10 -9.02204e-21  4.37672e-11  -2.4632e-21  2.37152e-12 -4.73366e-22  5.19733e-14
-4.68213e-21  2.26903e-07 -5.09606e-20  2.13018e-06 -1.93489e-19  1.10784e-05 -5.12707e-19  4.00418e-05 -1.47678e-18  0.000110898  -4.4071e-18   0.00024841  -1.0817e-17  0.000465528 -2.07458e-17  0.000746706 -3.22928e-17   0.00104173 -4.26825e-17   0.00127881 -4.94908e-17   0.00139315 -5.12798e-17   0.00135527 -4.78306e-17    0.0011825 -4.04492e-17   0.00092813 -3.15616e-17   0.00065642 -2.32557e-17  0.000418567 -1.63145e-17  0.000240511 -1.06592e-17  0.000124335 -6.24524e-18  5.76698e-05 -3.22736e-18  2.39026e-05 -1.54549e-18  8.80392e-06 -7.79875e-19  2.86041e-06 -4.36431e-19  8.11806e-07 -2.35499e-19  1.98658e-07 -1.10925e-19  4.11868e-08 -4.93253e-20  7.05974e-09 -2.30365e-20  9.65355e-10 -1.00491e-20  9.95548e-11 -3.27921e-21  7.00546e-12  -7.6383e-22   2.6733e-13 -1.04487e-22
 2.87548e-08 -1.21138e-20  4.64773e-07 -7.16786e-20  3.10876e-06 -2.30098e-19  1.32712e-05 -6.62689e-19  4.16776e-05  -1.9919e-18  0.000103389 -5.29472e-18  0.000211339 -1.12147e-17  0.000365933 -1.91154e-17   0.00054703 -2.73074e-17  0.000715697 -3.38556e-17  0.000827698 -3.72613e-17  0.000852315 -3.68033e-17  0.000785593 -3.27978e-17  0.000650504 -2.66493e-17  0.000485016 -2.01186e-17  0.000325989 -1.43361e-17  0.000197515 -9.59354e-18  0.000107768 -5.86094e-18  5.28365e-05  -3.1781e-18  2.31989e-05 -1.54549e-18  9.07872e-06  -7.3628e-19  3.14644e-06 -3.85736e-19   9.5754e-07 -2.11918e-19  2.53016e-07   -1.055e-19  5.71805e-08 -4.72262e-20  1.08268e-08 -2.15561e-20  1.66787e-09 -1.00628e-20   1.9999e-10 -3.87849e-21  1.73436e-11 -1.06587e-21  9.41232e-13 -2.09448e-22    2.066e-14
-1.83325e-21  8.04919e-08 -2.08999e-20  7.57745e-07 -8.94596e-20  3.95099e-06 -2.79779e-19  1.43154e-05 -8.54045e-19  3.97395e-05 -2.42379e-18  8.92141e-05 -5.66205e-18  0.000167547  -1.0634e-17  0.000269297 -1.65514e-17  0.000376443 -2.21167e-17  0.000463007  -2.6031e-17  0.000505352 -2.73833e-17   0.00049251 -2.59108e-17  0.000430494 -2.21904e-17   0.00033848 -1.74196e-17  0.000239801 -1.27318e-17  0.000153167  -8.7135e-18  8.81569e-05 -5.50446e-18  4.56485e-05 -3.12573e-18  2.12072e-05 -1.57686e-18  8.80392e-06  -7.3628e-19  3.24785e-06 -3.55231e-19  1.05689e-06 -1.87363e-19  3.00424e-07  -9.6558e-20  7.36315e-08 -4.44332e-20  1.52894e-08 -1.97233e-20  2.62478e-09  -9.2927e-21  3.59471e-10 -4.06878e-21  3.71289e-11 -1.32938e-21  2.61674e-12 -3.14549e-22  1.00011e-13 -4.40193e-23
 9.57837e-09 -4.58608e-21  1.55257e-07 -2.95793e-20  1.04124e-06  -1.1014e-19  4.45612e-06 -3.55105e-19  1.40275e-05 -1.06837e-18  3.48763e-05 -2.73636e-18  7.14459e-05 -5.68052e-18  0.000123966 -9.69979e-18  0.000185689 -1.40759e-17  0.000243416 -1.78392e-17  0.000282042 -2.00936e-17  0.000290966 -2.02917e-17  0.000268671 -1.84611e-17  0.000222862 -1.52467e-17  0.000166453 -1.15662e-17  0.000112066 -8.13465e-18  6.80133e-05 -5.28855e-18  3.71703e-05 -3.12372e-18  1.82534e-05 -1.64594e-18  8.02736e-06 -7.79875e-19  3.14644e-06 -3.55231e-19  1.09219e-06  -1.7182e-19    3.329e-07 -8.69681e-20  8.81006e-08 -4.10482e-20  1.99412e-08 -1.79469e-20  3.78159e-09 -8.17918e-21  5.83454e-10 -3.83235e-21  7.00685e-11 -1.47639e-21   6.0859e-12 -4.08512e-22  3.30792e-13 -8.20926e-23  7.27218e-15
-6.58812e-22  2.51959e-08 -8.05222e-21  2.37839e-07 -3.95853e-20   1.2433e-06 -1.43803e-19   4.5157e-06 -4.64379e-19  1.25645e-05 -1.29596e-18   2.8269e-05 -2.96889e-18  5.32022e-05 -5.57954e-18  8.56861e-05 -8.83495e-18  0.000120014 -1.21125e-17  0.000147894 -1.46572e-17   0.00016172 -1.58303e-17  0.000157896  -1.5345e-17  0.000138259  -1.3417e-17  0.000108896 -1.06639e-17  7.72803e-05 -7.77027e-18  4.94436e-05 -5.20596e-18  2.85046e-05 -3.18268e-18   1.4784e-05  -1.7491e-18  6.87933e-06 -8.58012e-19  2.86041e-06 -3.85736e-19  1.05689e-06  -1.7182e-19  3.44465e-07  -8.0731e-20   9.8067e-08 -3.77471e-20  2.40726e-08 -1.63913e-20  5.00632e-09 -7.09821e-21  8.60775e-10 -3.32903e-21  1.18067e-10 -1.45502e-21  1.22136e-11 -4.75417e-22  8.62109e-13 -1.14324e-22  3.30006e-14 -1.63579e-23
 2.80257e-09 -1.70461e-21   4.5555e-08 -1.25584e-20  3.06318e-07 -5.55139e-20  1.31418e-06 -1.99054e-19  4.14664e-06 -6.06357e-19  1.03329e-05 -1.52648e-18  2.12129e-05 -3.15349e-18  3.68826e-05 -5.45247e-18  5.53568e-05 -8.09486e-18  7.27065e-05 -1.05286e-17  8.44019e-05 -1.21539e-17  8.72316e-05 -1.25426e-17  8.06913e-05 -1.16244e-17  6.70503e-05  -9.7263e-18  5.01647e-05 -7.39471e-18  3.38307e-05 -5.13229e-18   2.0566e-05 -3.24727e-18   1.1258e-05 -1.85669e-18   5.5374e-06 -9.49808e-19  2.43908e-06 -4.36431e-19   9.5754e-07 -1.87363e-19    3.329e-07  -8.0731e-20  1.01626e-07 -3.56542e-20  2.69364e-08 -1.51818e-20  6.10634e-09 -6.24718e-21  1.15976e-09 -2.77203e-21  1.79212e-10  -1.2877e-21   2.1555e-11  -4.9387e-22  1.87507e-12 -1.37553e-22  1.02074e-13 -2.82655e-23  2.24749e-15
-2.42774e-22   6.8913e-09 -3.35224e-21  6.52269e-08 -1.96153e-20  3.41839e-07 -8.17452e-20  1.24455e-06 -2.75681e-19  3.47073e-06 -7.61787e-19  7.82592e-06 -1.72482e-18  1.47593e-05 -3.25049e-18   2.3819e-05 -5.21914e-18  3.34269e-05 -7.28708e-18  4.12703e-05 -8.97539e-18  4.52118e-05 -9.84019e-18  4.42222e-05 -9.65508e-18  3.87904e-05 -8.51569e-18  3.06049e-05 -6.78447e-18  2.17562e-05 -4.90448e-18  1.39427e-05  -3.2219e-18  8.05121e-06 -1.91628e-18  4.18252e-06 -1.02393e-18  1.94933e-06 -4.89351e-19  8.11806e-07 -2.11918e-19  3.00424e-07 -8.69681e-20   9.8067e-08 -3.56542e-20  2.79622e-08 -1.45001e-20  6.87446e-09 -5.68357e-21  1.43186e-09 -2.31288e-21  2.46567e-10 -1.05465e-21  3.38716e-11 -4.55855e-22  3.50926e-12 -1.48615e-22  2.48085e-13 -3.63247e-23  9.51106e-15 -5.31049e-24
 7.12182e-10 -7.01003e-22  1.16086e-08 -6.04169e-21  7.82611e-08 -3.07964e-20  3.36584e-07  -1.1777e-19   1.0645e-06 -3.59344e-19   2.6585e-06 -8.91166e-19  5.46941e-06 -1.82791e-18  9.52915e-06 -3.17041e-18  1.43306e-05 -4.74674e-18  1.88581e-05  -6.2309e-18  2.19324e-05 -7.24717e-18   2.2709e-05 -7.51931e-18  2.10436e-05 -6.99191e-18  1.75165e-05 -5.85105e-18  1.31275e-05 -4.42394e-18   8.8679e-06 -3.02984e-18  5.39975e-06 -1.87828e-18  2.96066e-06 -1.04915e-18  1.45858e-06  -5.2498e-19  6.43481e-07 -2.35499e-19  2.53016e-07  -9.6558e-20  8.81006e-08 -3.77471e-20  2.69364e-08 -1.45001e-20   7.1506e-09 -5.40611e-21  1.62348e-09 -2.01122e-21  3.08816e-10  -8.3828e-22  4.77924e-11 -3.78758e-22  5.75709e-12  -1.4371e-22  5.01574e-13 -4.02535e-23  2.73463e-14 -8.45508e-24  6.03046e-16
-9.84201e-23  1.62554e-09 -1.53697e-21  1.54272e-08  -1.0201e-20   8.1054e-08 -4.56206e-20    2.958e-07 -1.55782e-19  8.26785e-07 -4.24895e-19  1.86831e-06 -9.49684e-19  3.53088e-06 -1.78035e-18  5.70971e-06 -2.85963e-18  8.02841e-06 -4.00206e-18  9.93094e-06 -4.93915e-18  1.08994e-05  -5.4195e-18  1.06799e-05 -5.31605e-18  9.38448e-06  -4.6812e-18  7.41688e-06 -3.71403e-18  5.28131e-06 -2.66233e-18  3.39018e-06 -1.72571e-18  1.96085e-06 -1.00936e-18  1.02028e-06 -5.30286e-19  4.76273e-07  -2.4938e-19  1.98658e-07   -1.055e-19  7.36315e-08 -4.10482e-20  2.40726e-08 -1.51818e-20  6.87446e-09 -5.40611e-21  1.69266e-09  -1.8673e-21  3.53096e-10 -6.85908e-22   6.0896e-11 -2.94052e-22  8.37821e-12 -1.23844e-22  8.69347e-13 -4.01221e-23  6.15518e-14 -9.96291e-24  2.36339e-15 -1.48696e-24
  1.5482e-10 -3.00748e-22  2.53055e-09 -2.86029e-21  1.71043e-08 -1.55676e-20  7.37413e-08 -6.07032e-20   2.3376e-07  -1.8382e-19  5.85085e-07 -4.49799e-19  1.20627e-06 -9.14249e-19  2.10592e-06 -1.57941e-18  3.17327e-06 -2.36191e-18   4.1838e-06 -3.09922e-18  4.87489e-06 -3.60264e-18  5.05662e-06 -3.73453e-18  4.69406e-06 -3.46844e-18  3.91404e-06 -2.89677e-18  2.93831e-06 -2.18184e-18  1.98818e-06 -1.48438e-18  1.21261e-06 -9.11708e-19   6.6594e-07 -5.04075e-19    3.286e-07 -2.49884e-19  1.45197e-07 -1.10925e-19  5.71805e-08 -4.44332e-20  1.99412e-08 -1.63913e-20  6.10634e-09 -5.68357e-21  1.62348e-09  -1.8673e-21  3.69161e-10 -6.10464e-22  7.03279e-11 -2.27949e-22  1.09005e-11 -9.69277e-23  1.31507e-12 -3.59394e-23  1.14748e-13 -1.00945e-23  6.26572e-15 -2.16503e-24  1.38385e-16
-3.90055e-23  3.24915e-10   -6.525e-22  3.09181e-09 -4.57752e-21   1.6285e-08 -2.09557e-20  5.95717e-08  -7.1514e-20  1.66884e-07 -1.93221e-19  3.77926e-07  -4.2833e-19  7.15718e-07 -7.99681e-19  1.15969e-06 -1.28323e-18  1.63379e-06 -1.79706e-18  2.02475e-06 -2.22071e-18  2.22626e-06 -2.44054e-18  2.18532e-06 -2.39848e-18   1.9236e-06  -2.1164e-18  1.52288e-06 -1.68187e-18  1.08621e-06 -1.20608e-18  6.98408e-07  -7.8081e-19   4.0461e-07 -4.55663e-19  2.10866e-07  -2.3894e-19  9.85891e-08 -1.12227e-19  4.11868e-08 -4.72262e-20  1.52894e-08 -1.79469e-20  5.00632e-09 -6.24718e-21  1.43186e-09 -2.01122e-21  3.53096e-10 -6.10464e-22  7.37694e-11 -1.93209e-22  1.27418e-11 -7.31362e-23  1.75571e-12 -2.89848e-23  1.82454e-13 -9.22435e-24  1.29379e-14  -2.3199e-24  4.97532e-16 -3.52951e-25
