 5.10673e-08 -1.08034e-21 -6.19448e-07  2.09484e-20   2.5968e-06 -1.25205e-19  -5.5509e-06   4.2827e-19  6.36516e-06 -9.92276e-19 -3.19693e-06  1.67275e-18 -4.76456e-07  -2.1068e-18  9.49614e-07  1.95927e-18  1.40738e-07 -1.25347e-18 -2.30399e-07  4.08955e-19   -9.277e-08  1.29932e-19   2.7438e-08 -2.52226e-19  3.31557e-08  1.41822e-19  8.18771e-09 -1.66429e-20 -3.52838e-09 -2.93202e-20 -3.59013e-09  1.81485e-20  -1.2099e-09 -1.50804e-21  3.35622e-11 -2.06431e-21  2.48553e-10  3.55854e-22  1.40057e-10  2.96277e-22  4.07909e-11 -5.55943e-24  1.72129e-12 -1.30124e-22 -5.21331e-12  4.80797e-24 -3.36193e-12  4.23527e-23 -1.28592e-12  5.73555e-24 -3.26324e-13 -1.15443e-23 -3.56206e-14 -2.99668e-24  1.59557e-14  1.37385e-24  1.25246e-14  9.84441e-25  5.26012e-15   8.4798e-26  1.66672e-15 -1.44529e-25  4.24357e-16  -6.3137e-26  8.53443e-17 -5.12755e-27  1.16639e-17  5.45069e-27  8.17352e-21  3.59021e-27 -6.66983e-19  1.28316e-27 -2.84595e-19  2.52639e-28 -8.44333e-20  7.00854e-30 -2.06862e-20 -5.76317e-30 -4.41663e-21 -1.64576e-30 -8.41106e-22 -2.02258e-30 -1.44497e-22 -1.80059e-30 -2.25093e-23 -1.00481e-30 -3.18355e-24 -4.12344e-31 -4.08001e-25 -1.36433e-31 -4.71265e-26 -3.80216e-32 -4.85584e-27 -8.92764e-33 -4.37992e-28 -1.73239e-33 -3.32882e-29 -2.71897e-34 -1.93264e-30 -3.30536e-35 -5.33549e-32 -2.63346e-36  5.46874e-33  4.75346e-39  1.13034e-33  4.64721e-38  1.23104e-34  9.83859e-39  1.00999e-35  1.35267e-39  6.71585e-37  1.40721e-40  3.68643e-38  1.15012e-41  1.66221e-39  7.42849e-43  6.04011e-41  3.73448e-44  1.72158e-42   1.4077e-45   3.6776e-44  3.71361e-47  5.31514e-46  5.95171e-49  3.99763e-48  3.75328e-51
-1.08034e-21  9.29997e-07 -1.15002e-20 -6.31964e-06  1.54583e-19   1.9636e-05 -7.34364e-19 -3.30901e-05  2.10322e-18  2.93672e-05 -4.20203e-18 -8.63986e-06  6.24632e-18  -5.5411e-06 -7.06137e-18  2.97951e-06  5.96052e-18  1.67793e-06 -3.47486e-18 -5.04253e-07  1.02904e-18  -5.7301e-07   3.1773e-19 -7.00524e-08 -5.69811e-19  1.11707e-07  3.10689e-19   6.7225e-08 -3.51673e-20  7.81035e-09 -6.31102e-20 -1.05407e-08   3.5831e-20 -7.42129e-09 -7.85773e-22 -2.12285e-09 -4.79962e-21  1.69636e-10  7.61833e-22  4.83282e-10  8.56357e-22  2.60732e-10 -2.22237e-22  7.89686e-11 -3.77024e-22  7.82602e-12  7.20261e-23 -6.62661e-12  1.32832e-22 -4.98698e-12  6.22993e-24 -2.09027e-12  -3.5515e-23 -6.20361e-13 -8.15558e-24 -1.22573e-13  4.41923e-24  -4.8812e-15   2.9397e-24  8.87497e-15  2.07626e-25  5.07472e-15 -4.43581e-25  1.87077e-15 -1.96191e-25  5.47678e-16 -2.12103e-26  1.34205e-16  1.55472e-26  2.77069e-17  1.21616e-26  4.65974e-18  5.10461e-27  5.54234e-19  1.34887e-27  9.01738e-21  2.21371e-28 -1.94568e-20   2.8372e-29  -7.4269e-21 -1.91803e-30 -1.92238e-21 -9.37229e-30 -4.09431e-22 -7.58209e-30 -7.60212e-23 -3.83581e-30 -1.26145e-23 -1.45201e-30 -1.89402e-24 -4.47558e-31 -2.59023e-25 -1.16882e-31 -3.23722e-26 -2.59138e-32 -3.70197e-27 -4.80292e-33 -3.87269e-28 -7.31347e-34 -3.70063e-29 -8.87261e-35 -3.22182e-30 -7.78745e-36 -2.54601e-31 -2.93048e-37 -1.81712e-32  5.01488e-38 -1.16373e-33   1.3306e-38 -6.63013e-35  1.84362e-39 -3.32152e-36  1.83664e-40  -1.4407e-37  1.40061e-41 -5.30481e-39  8.26251e-43 -1.61129e-40  3.70274e-44 -3.85325e-42  1.20229e-45 -6.68981e-44  2.57296e-47 -7.31001e-46  2.89415e-49 -3.30163e-48
-6.19448e-07 -1.15002e-20  8.25721e-06 -6.97157e-20 -3.84623e-05  7.12054e-19  9.30315e-05 -2.77444e-18 -0.000125279  6.73498e-18  8.36563e-05 -1.16566e-17   -6.057e-06  1.53201e-17  -2.2605e-05 -1.55792e-17   2.9439e-06  1.19229e-17  6.55867e-06 -6.28078e-18  5.30141e-07  1.65726e-18 -1.57612e-06  5.05131e-19 -7.07496e-07 -8.39452e-19  9.17014e-08  4.58805e-19  2.11095e-07 -4.80777e-20  8.55397e-08 -1.00183e-19 -5.13673e-10  5.14988e-20 -1.81998e-08  4.72511e-22 -1.03869e-08 -7.17561e-21 -2.66763e-09  2.33271e-21  2.74916e-10  1.37335e-21  6.21111e-10  -1.0102e-21  3.32131e-10 -7.38443e-22  1.06764e-10  2.69256e-22   1.6911e-11  2.90525e-22 -4.16673e-12   -6.532e-24  -4.5481e-12 -7.67383e-23 -2.13777e-12 -1.55618e-23 -7.16688e-13  1.01458e-23 -1.81637e-13  6.23938e-24 -3.13792e-14  2.87336e-25 -9.17356e-16 -1.00525e-24  1.98577e-15 -4.43935e-25  1.03274e-15  -5.7176e-26   3.5491e-16  3.37481e-26  9.86231e-17   3.0752e-26  2.34728e-17  1.45124e-26  4.88579e-18  4.54834e-27  8.92707e-19  1.03782e-27  1.41577e-19  1.91967e-28  1.87813e-20   7.7035e-30   1.8546e-21 -2.67307e-29  6.19447e-23 -2.06633e-29 -2.78414e-23 -9.73212e-30 -9.28003e-24 -3.44839e-30 -1.93098e-24 -9.99087e-31 -3.23421e-25 -2.45946e-31 -4.66064e-26 -5.16787e-32 -5.93144e-27 -9.16355e-33 -6.74444e-28 -1.35257e-33 -6.88401e-29 -1.62645e-34 -6.31151e-30 -1.50687e-35 -5.18641e-31 -8.86058e-37  -3.8023e-32  8.72661e-39  -2.4696e-33  1.03892e-38 -1.40717e-34   1.5742e-39 -6.93969e-36  1.53609e-40 -2.90877e-37  1.10004e-41 -1.01112e-38  5.91596e-43 -2.81165e-40  2.34125e-44 -5.90105e-42    6.412e-46 -8.42552e-44  1.05862e-47 -6.50512e-46  6.83667e-50
 2.09484e-20 -6.31964e-06 -6.97157e-20  4.76529e-05 -2.96078e-19 -0.000166505  2.42315e-18  0.000323042 -7.90274e-18  -0.00034863  1.63658e-17  0.000163656 -2.45617e-17  3.52541e-05   2.8581e-17 -5.47509e-05 -2.62029e-17 -9.62037e-06  1.81145e-17  1.43217e-05 -8.46725e-18  5.92509e-06  1.92272e-18 -1.97892e-06  5.71218e-19 -2.28573e-06 -9.18281e-19 -5.01212e-07  5.46115e-19  3.08182e-07 -5.20918e-20  2.74411e-07 -1.33601e-19  8.14825e-08  5.90927e-20 -1.15481e-08 -1.55236e-21 -2.30719e-08 -6.42862e-21 -1.15615e-08   6.6025e-21 -2.82957e-09  1.32165e-21  2.46165e-10  -2.7382e-21  6.04065e-10 -1.17593e-21   3.2998e-10  6.44633e-22  1.13631e-10  5.11431e-22  2.41412e-11 -4.02771e-23  1.79194e-13 -1.33838e-22 -2.65784e-12 -2.32169e-23 -1.51467e-12  1.93413e-23 -5.70489e-13  1.08002e-23 -1.67386e-13   8.2862e-26 -3.91449e-14 -1.94991e-24 -6.81746e-15 -8.47224e-25 -5.60152e-16 -1.20013e-25  1.73284e-16  6.64891e-26  1.09573e-16  6.71091e-26  3.76789e-17   3.4129e-26   1.0176e-17  1.18101e-26  2.34878e-18  3.08339e-27    4.788e-19  6.29166e-28  8.75319e-20  4.50784e-29  1.44545e-20  -5.6356e-29  2.16118e-21 -4.28133e-29  2.92169e-22 -1.90757e-29  3.55253e-23 -6.38959e-30  3.84365e-24 -1.75172e-30  3.62505e-25 -4.08414e-31  2.85298e-26  -8.1576e-32  1.66008e-27 -1.38518e-32  3.30082e-29 -1.97845e-33 -8.05005e-30 -2.34102e-34 -1.49812e-30 -2.22126e-35 -1.67953e-31 -1.55183e-36 -1.45837e-32 -5.47406e-38 -1.04036e-33  3.90146e-39 -6.19361e-35  9.07186e-40 -3.07009e-36  9.20185e-41 -1.24982e-37  6.29772e-42 -4.07711e-39  3.09264e-43 -1.02263e-40  1.06963e-44  -1.8297e-42  2.39945e-46 -2.00999e-44  2.80018e-48 -8.78107e-47
  2.5968e-06  1.54583e-19 -3.84623e-05 -2.96078e-19  0.000201095 -9.69677e-19 -0.000554941   6.5825e-18   0.00087975 -1.82022e-17 -0.000754327  3.22051e-17  0.000207984 -4.18088e-17  0.000159006  4.31308e-17 -8.39067e-05 -3.57892e-17 -4.93484e-05  2.21682e-17  1.66431e-05 -8.82755e-18  1.80337e-05  1.59897e-18  1.48059e-06  3.94914e-19 -4.13836e-06 -7.66714e-19  -2.2363e-06  5.86683e-19 -9.87213e-08 -4.13903e-20  4.67405e-07 -1.56404e-19  2.81174e-07  4.81912e-20  6.30735e-08  -1.1372e-20 -1.92056e-08  6.99466e-22 -2.36098e-08  1.48333e-20 -1.09464e-08  3.80391e-22 -2.70361e-09   -5.502e-21  9.07729e-11 -1.64772e-21  4.60627e-10  1.17611e-21  2.65848e-10  7.60958e-22  9.84135e-11 -9.80781e-23  2.53995e-11 -1.98464e-22  3.49474e-12 -2.67698e-23 -6.89092e-13  3.26404e-23 -7.12644e-13  1.60578e-23 -3.16769e-13 -8.30423e-25 -1.04668e-13 -3.42863e-24 -2.83182e-14 -1.44439e-24 -6.41597e-15 -2.08165e-25 -1.19457e-15   1.2783e-25 -1.65878e-16  1.33038e-25 -9.23216e-18  7.01266e-26  3.87415e-18  2.55534e-26  1.85922e-18  7.08792e-27  5.32138e-19  1.50476e-27  1.21929e-19  1.37051e-28  2.40953e-20 -9.39122e-29  4.23233e-21  -7.2066e-29  6.70582e-22 -3.07414e-29  9.65917e-23  -9.8061e-30  1.27005e-23 -2.55693e-30  1.52715e-24 -5.66736e-31  1.67965e-25 -1.07852e-31  1.68808e-26 -1.75433e-32  1.54701e-27 -2.41917e-33   1.2887e-28 -2.79694e-34  9.71648e-30 -2.65889e-35  6.59351e-31 -1.99415e-36  3.99738e-32 -1.05044e-37  2.14424e-33 -1.97268e-39  1.00478e-34  2.91522e-40  4.04312e-36  3.88438e-41  1.36333e-37  2.67787e-42  3.71329e-39  1.21571e-43  7.71413e-41  3.63786e-45  1.10681e-42  6.39819e-47  8.73531e-45  4.33531e-49
-1.25205e-19   1.9636e-05  7.12054e-19 -0.000166505 -9.69677e-19  0.000661994 -2.59422e-18  -0.00149146  1.49588e-17   0.00195214 -3.53314e-17  -0.00129672  5.32296e-17  8.34978e-05 -5.94126e-17   0.00038436  5.45253e-17 -5.93601e-05 -4.13105e-17 -0.000119845  2.25392e-17 -4.23219e-06  -6.8887e-18  3.30062e-05  7.75909e-19  1.27845e-05 -9.29143e-20 -3.47707e-06 -4.80724e-19 -4.88328e-06  6.28854e-19 -1.61859e-06  7.64956e-21  2.72164e-07 -1.63079e-19  5.15707e-07   5.8006e-21  2.43928e-07 -3.25067e-20  4.22909e-08  1.57383e-20 -2.07806e-08  2.71607e-20 -2.04276e-08 -1.18963e-21 -9.10889e-09 -8.88626e-21 -2.37197e-09 -2.09312e-21 -9.78945e-11  1.75414e-21  2.70301e-10  9.73368e-22  1.74136e-10 -1.77413e-22  6.96438e-11 -2.55629e-22  2.05861e-11 -1.96302e-23  4.36559e-12  5.04373e-23  4.28635e-13  2.09717e-23 -1.52624e-13 -3.02268e-24 -1.11713e-13 -5.59856e-24 -4.37771e-14 -2.25309e-24 -1.32981e-14 -2.99565e-25 -3.40194e-15  2.43414e-25 -7.54179e-16  2.44093e-25 -1.45869e-16  1.29152e-25  -2.4361e-17  4.79856e-26 -3.38097e-18  1.36334e-26  -3.4375e-19  2.94619e-27  -9.5852e-21  3.14606e-28  6.51613e-21 -1.26462e-28  2.18196e-21 -1.01975e-28  4.71248e-22 -4.21154e-29  8.25001e-23 -1.28731e-29   1.2465e-23 -3.20577e-30  1.66687e-24 -6.77495e-31   1.9955e-25 -1.23044e-31  2.14911e-26 -1.91702e-32  2.08438e-27 -2.54571e-33  1.81757e-28 -2.85712e-34  1.41942e-29 -2.67706e-35  9.86702e-31 -2.04847e-36  6.05336e-32 -1.21843e-37  3.23974e-33  -4.9093e-39  1.48929e-34 -5.62151e-41  5.75737e-36  9.01498e-42  1.81618e-37  7.92515e-43  4.46715e-39  3.50574e-44  7.94997e-41  9.05223e-46   8.8569e-43  1.15987e-47  3.99356e-45
 -5.5509e-06 -7.34364e-19  9.30315e-05  2.42315e-18 -0.000554941 -2.59422e-18   0.00177142 -5.89509e-18  -0.00333357  2.93609e-17   0.00361456 -5.94056e-17  -0.00175849  7.55539e-17 -0.000368338  -7.1746e-17   0.00065311  5.91665e-17  8.65462e-05 -4.17315e-17 -0.000193632  1.93502e-17 -6.60944e-05 -3.09363e-18  3.65688e-05 -1.90066e-19  3.20964e-05 -8.85766e-19  3.96889e-06 -2.49173e-19 -6.40563e-06  7.17248e-19 -4.31045e-06  1.36777e-19 -8.59511e-07 -1.48478e-19  4.76153e-07 -7.58802e-20   4.6712e-07 -6.66886e-20  1.87774e-07  3.61742e-20  2.65775e-08    4.193e-20 -1.72909e-08 -2.53449e-21 -1.52747e-08 -1.19516e-20 -6.74795e-09 -2.39644e-21 -1.89659e-09  2.21844e-21 -2.23855e-10  1.07189e-21  1.08688e-10 -2.68391e-22  9.01765e-11 -2.85369e-22  3.96946e-11  6.12142e-24  1.30179e-11  7.27216e-23  3.36161e-12    2.419e-23  6.54612e-13 -7.06117e-24   7.0134e-14 -8.54295e-24  -1.2094e-14 -3.22928e-24 -1.01387e-14 -3.35913e-25 -3.83148e-15  4.51621e-25 -1.10607e-15  4.16771e-25 -2.69967e-16  2.16156e-25 -5.78356e-17  8.01383e-26 -1.10602e-17  2.28598e-26 -1.90232e-18  4.97991e-27 -2.94824e-19  6.02169e-28 -4.10522e-20 -1.35589e-28 -5.09162e-21 -1.23496e-28 -5.52389e-22 -5.00207e-29 -5.03947e-23 -1.47389e-29 -3.47164e-24 -3.51823e-30 -9.93853e-26 -7.10657e-31  1.86483e-26 -1.23321e-31  4.38159e-27  -1.8394e-32  5.92414e-28 -2.34605e-33  6.21276e-29 -2.54099e-34  5.41142e-30 -2.31733e-35   4.0005e-31  -1.7558e-36  2.52056e-32 -1.07599e-37  1.34593e-33 -5.04574e-39  6.01003e-35 -1.59109e-40  2.19534e-36 -1.83387e-42  6.33611e-38  1.07702e-43  1.36582e-39  6.50001e-45  1.98858e-41  1.51816e-46  1.55538e-43  1.20981e-48
  4.2827e-19 -3.30901e-05 -2.77444e-18  0.000323042   6.5825e-18  -0.00149146 -5.89509e-18   0.00396552 -1.17009e-17  -0.00633603  5.09256e-17   0.00566787 -8.81922e-17  -0.00176624  9.32475e-17   -0.0012205 -7.40384e-17  0.000808018  5.63052e-17  0.000390285 -3.84611e-17 -0.000206996  1.40414e-17 -0.000167823  1.60398e-18  7.71886e-06 -8.62267e-19  5.08901e-05 -1.92134e-18  2.06844e-05 -2.75564e-19 -3.11757e-06  8.64952e-19 -6.84971e-06    3.853e-19 -3.11469e-06 -1.03969e-19 -2.73094e-07 -1.89865e-19  5.05087e-07 -1.13167e-19  3.67239e-07  5.47779e-20  1.32703e-07  5.55091e-20  1.72839e-08 -2.70717e-21 -1.15229e-08 -1.35624e-20 -9.92278e-09 -2.39943e-21 -4.44474e-09  2.42786e-21 -1.35566e-09  1.00692e-21 -2.49512e-10 -3.47524e-22  1.22193e-11 -2.63829e-22  3.37959e-11  5.86376e-23  1.75222e-11  9.90713e-23  6.34877e-12  2.44583e-23   1.8439e-12  -1.3216e-23  4.43058e-13 -1.21245e-23  8.65198e-14 -4.20732e-24  1.23396e-14 -2.10091e-25  5.80232e-16  7.99004e-25 -3.80689e-16  6.63087e-25 -1.79031e-16  3.31694e-25 -5.26865e-17   1.2098e-25 -1.25141e-17  3.42534e-26 -2.56949e-18  7.48702e-27 -4.69242e-19  1.00284e-27 -7.73022e-20 -1.05415e-28  -1.1575e-20 -1.28824e-28 -1.58169e-21 -5.20874e-29 -1.97596e-22 -1.48964e-29 -2.25746e-23 -3.42072e-30 -2.35648e-24 -6.61832e-31 -2.24333e-25 -1.09833e-31  -1.9422e-26 -1.56727e-32 -1.52349e-27 -1.91492e-33 -1.07753e-28 -1.99101e-34 -6.82949e-30 -1.74983e-35 -3.84842e-31 -1.28723e-36 -1.90825e-32  -7.7787e-38 -8.21143e-34 -3.73381e-39  -3.0072e-35 -1.34661e-40 -9.10956e-37 -3.28982e-42 -2.18519e-38 -4.02742e-44 -3.85959e-40  2.37253e-46 -4.34021e-42  1.25772e-47 -2.00075e-44
 6.36516e-06  2.10322e-18 -0.000125279 -7.90274e-18   0.00087975  1.49588e-17  -0.00333357 -1.17009e-17   0.00758893 -2.07023e-17   -0.0104176  7.93568e-17    0.0075817 -1.17156e-16 -0.000940023   1.0042e-16  -0.00235018 -6.46236e-17  0.000642694  4.82174e-17  0.000804161 -3.41996e-17 -8.49447e-05  8.32293e-18 -0.000274268  6.31797e-18  -6.7853e-05 -8.92405e-19  5.19303e-05 -3.12021e-18  4.30737e-05 -7.07055e-19  8.17692e-06  1.03993e-18 -6.45954e-06  7.61235e-19 -5.69712e-06 -1.44802e-20 -1.93182e-06 -3.09284e-19  4.50037e-08 -1.67282e-19  4.22328e-07  6.17699e-20  2.58446e-07   6.2928e-20  8.80856e-08 -1.45419e-21  1.23414e-08 -1.29945e-20 -6.03966e-09 -2.02357e-21 -5.54501e-09  2.30798e-21  -2.5709e-09  7.90599e-22 -8.46789e-10 -3.69826e-22 -1.99208e-10 -1.63252e-22 -2.37936e-11  1.45743e-22  6.16719e-12  1.29177e-22  5.39514e-12  2.13626e-23  2.27788e-12 -2.10218e-23  7.31576e-13 -1.57982e-23  1.95945e-13 -4.84604e-24  4.50954e-14  2.32043e-25   8.9589e-15   1.3287e-24  1.50928e-15  9.84008e-25  2.02443e-16  4.69844e-25  1.66486e-17  1.67054e-25 -1.15613e-18  4.66288e-26 -8.99621e-19  1.01986e-26 -2.51323e-19  1.48593e-27 -5.26509e-20 -3.14598e-29 -9.28888e-21 -1.15059e-28 -1.43696e-21  -4.7781e-29  -1.9844e-22 -1.33821e-29 -2.46732e-23 -2.96861e-30 -2.77217e-24 -5.51357e-31  -2.8163e-25 -8.75723e-32 -2.58286e-26 -1.19463e-32 -2.13084e-27 -1.39476e-33 -1.57277e-28 -1.38558e-34 -1.03076e-29 -1.16399e-35 -5.93773e-31  -8.1968e-37 -2.96618e-32 -4.75988e-38  -1.2618e-33 -2.21691e-39 -4.45693e-35 -7.94713e-41 -1.26017e-36 -2.06274e-42 -2.69399e-38 -3.49303e-44  -3.9365e-40 -3.07494e-46 -3.12145e-42 -6.16792e-49
-9.92276e-19  2.93672e-05  6.73498e-18  -0.00034863 -1.82022e-17   0.00195214  2.93609e-17  -0.00633603 -2.07023e-17    0.0126322 -3.31301e-17   -0.0150243  1.12422e-16   0.00863587 -1.40546e-16  0.000886316  9.36372e-17  -0.00342185 -4.56024e-17   1.1397e-05   3.8607e-17   0.00118263 -3.13052e-17  0.000211654  3.31922e-18 -0.000320749  1.05843e-17 -0.000181892 -9.14127e-20  1.69658e-05 -4.39784e-18  5.97532e-05 -1.59497e-18  2.69208e-05   1.1604e-18 -2.24497e-07    1.221e-18 -6.69797e-06  1.38482e-19 -4.03764e-06 -3.91161e-19 -1.06778e-06 -2.18669e-19  1.48194e-07  4.95066e-20  2.99754e-07  5.95275e-20  1.65488e-07  2.33703e-22  5.54202e-08 -1.05537e-20  9.27755e-09  -1.4821e-21 -2.21112e-09  1.82832e-21 -2.58819e-09  4.98327e-22 -1.27583e-09 -2.69629e-22 -4.51012e-10  4.64207e-23 -1.23101e-10  2.74728e-22  -2.4742e-11   1.6395e-22 -2.45688e-12  1.63229e-23  6.93098e-13 -2.88079e-23  5.14782e-13 -1.84668e-23  1.96879e-13 -4.62269e-24    5.836e-14   1.1655e-24   1.4661e-14  2.06367e-24   3.2283e-15  1.36441e-24  6.32281e-16  6.17903e-25  1.10718e-16  2.12901e-25  1.73043e-17  5.83368e-26  2.39106e-18  1.27393e-26  2.85535e-19  1.98533e-27  2.78804e-20  7.50631e-29  1.84984e-21 -8.55622e-29 -1.39706e-23 -3.85299e-29 -3.03952e-23  -1.0712e-29 -6.32592e-24 -2.30843e-30 -9.21136e-25 -4.12681e-31 -1.09291e-25 -6.27931e-32 -1.10553e-26 -8.18391e-33 -9.69127e-28 -9.10963e-34 -7.39336e-29 -8.60997e-35 -4.89535e-30 -6.86605e-36 -2.79089e-31 -4.57773e-37 -1.35198e-32 -2.50945e-38 -5.45642e-34 -1.10009e-39 -1.78209e-35 -3.70118e-41 -4.50548e-37 -8.98887e-43 -8.19021e-39 -1.41779e-44 -9.25948e-41 -1.14084e-46 -4.20467e-43
-3.19693e-06 -4.20203e-18  8.36563e-05  1.63658e-17 -0.000754327 -3.53314e-17   0.00361456  5.09256e-17   -0.0104176 -3.31301e-17    0.0185608 -4.84408e-17   -0.0192339  1.45997e-16   0.00822292 -1.53229e-16   0.00351644  7.35187e-17  -0.00400218  -2.1651e-17   -0.0010677  3.05239e-17    0.0013302 -3.08934e-17  0.000646523  -6.5137e-19 -0.000240559  1.43754e-17 -0.000297286  1.58906e-18 -6.09987e-05 -5.62955e-18   5.5126e-05 -2.88762e-18  4.67469e-05  1.10175e-18  1.26555e-05  1.66729e-18 -3.87746e-06  3.65606e-19 -5.35691e-06 -3.89252e-19 -2.55991e-06 -2.50735e-19 -5.50242e-07   1.7708e-20  1.34807e-07  4.32855e-20   1.8565e-07  2.92835e-22  9.68478e-08 -7.83449e-21  3.28508e-08 -1.45733e-21  6.70453e-09   9.1351e-22 -2.17932e-10  2.22515e-22  -9.4101e-10  1.95872e-23 -5.22455e-10   3.9014e-22 -1.98772e-10   4.5127e-22 -5.98551e-11  2.06609e-22 -1.46696e-11  1.33987e-23 -2.82596e-12 -3.34647e-23 -3.52237e-13 -1.85104e-23  1.35327e-14 -2.91499e-24    2.582e-14  2.73414e-24   1.0194e-14  2.98998e-24  2.91318e-15  1.77212e-24  6.94392e-16  7.58329e-25    1.448e-16  2.52216e-25  2.69921e-17  6.76416e-26  4.54838e-18  1.47114e-26  6.96995e-19  2.41354e-27  9.74219e-20  1.90467e-28  1.24334e-20 -4.83557e-29  1.44833e-21 -2.69731e-29   1.5375e-22 -7.62067e-30  1.48366e-23 -1.60907e-30   1.2969e-24 -2.77953e-31  1.02236e-25 -4.05778e-32  7.22905e-27 -5.05125e-33  4.55575e-28    -5.35e-34  2.53976e-29 -4.79258e-35  1.24174e-30 -3.60588e-36  5.27102e-32 -2.25521e-37  1.91904e-33 -1.15089e-38   5.8964e-35 -4.64695e-40  1.49192e-36 -1.41624e-41  2.97354e-38 -3.02263e-43  4.25598e-40 -3.90863e-45   3.4744e-42 -1.97594e-47
 1.67275e-18 -8.63986e-06 -1.16566e-17  0.000163656  3.22051e-17  -0.00129672 -5.94056e-17   0.00566787  7.93568e-17   -0.0150243 -4.84408e-17    0.0243996  -6.5139e-17   -0.0220932  1.74784e-16   0.00613872 -1.52606e-16   0.00642545  4.47392e-17  -0.00374848  2.22356e-18  -0.00238677  2.51476e-17   0.00108865 -3.29875e-17    0.0011049 -3.84257e-18 -1.35503e-06  1.78785e-17  -0.00035841  4.11624e-18 -0.000168511 -6.59635e-18  1.73494e-05 -4.44116e-18  5.67075e-05  7.23956e-19  2.90998e-05  1.96615e-18  3.87444e-06  6.54013e-19 -4.35037e-06 -2.71879e-19 -3.66607e-06 -2.43149e-19  -1.5017e-06 -2.35348e-20 -2.81263e-07  1.68725e-20  8.40462e-08 -3.44333e-21  1.00846e-07  -7.3673e-21  5.14666e-08 -3.08284e-21  1.80038e-08 -6.47939e-22  4.34686e-09 -3.76506e-24  4.50592e-10  5.27277e-22 -2.12108e-10  8.73412e-22 -1.63533e-10  6.76399e-22 -6.92228e-11  2.62706e-22 -2.25913e-11  1.92109e-23 -6.13775e-12 -3.07857e-23 -1.41888e-12 -1.41006e-23 -2.77163e-13  8.17894e-25 -4.36401e-14   4.9845e-24 -4.59155e-15  4.04651e-24  9.10784e-17  2.16208e-24  2.11367e-16  8.72414e-25  7.11433e-17  2.79326e-25  1.71493e-17  7.31427e-26  3.43909e-18  1.57952e-26  6.02361e-19  2.68762e-27  9.41383e-20  2.87703e-28  1.32666e-20 -1.26428e-29  1.69477e-21 -1.58329e-29  1.96662e-22 -4.76911e-30  2.07284e-23 -1.00137e-30  1.98095e-24 -1.68204e-31  1.71084e-25 -2.36237e-32  1.32873e-26 -2.80996e-33  9.21818e-28 -2.82763e-34  5.66197e-29 -2.39269e-35  3.04302e-30 -1.68911e-36  1.40884e-31 -9.82777e-38  5.50021e-33 -4.61204e-39  1.75702e-34 -1.68368e-40  4.38987e-36 -4.51289e-42  7.96295e-38 -8.03404e-44  9.06266e-40 -7.56047e-46  4.17655e-42
-4.76456e-07  6.24632e-18   -6.057e-06 -2.45617e-17  0.000207984  5.32296e-17  -0.00175849 -8.81922e-17    0.0075817  1.12422e-16   -0.0192339  -6.5139e-17     0.029077 -8.08544e-17   -0.0230067  1.93566e-16   0.00268038 -1.39753e-16   0.00896306  1.44176e-17  -0.00255826  2.27351e-17  -0.00361914  2.19261e-17  0.000412643 -3.71747e-17   0.00143207 -6.78444e-18  0.000371199  2.12026e-17 -0.000314156  7.42426e-18 -0.000272155 -6.96632e-18 -5.36003e-05 -6.03475e-18  4.58668e-05 -7.92546e-20  4.23048e-05  1.97881e-18  1.52496e-05   9.5571e-19 -8.01384e-08  -3.7785e-20 -3.41404e-06 -1.77697e-19 -2.24576e-06 -5.50379e-20 -8.35076e-07 -1.17555e-20 -1.51589e-07 -1.19304e-20  3.82855e-08 -1.17114e-20  4.74314e-08 -7.65123e-21  2.44123e-08 -3.21651e-21  8.88013e-09 -2.69762e-22   2.4302e-09  1.20645e-21  4.53995e-10  1.46633e-21  1.69599e-11  9.42105e-22 -3.08943e-11  3.38404e-22 -1.72668e-11  4.14563e-23 -6.29704e-12 -1.65605e-23 -1.85051e-12 -3.79691e-24 -4.65525e-13  6.79796e-24 -1.02654e-13  7.80897e-24 -2.00055e-14  5.12656e-24 -3.43748e-15  2.48467e-24 -5.13092e-16  9.44471e-25 -6.39281e-17  2.90508e-25 -5.88774e-18  7.41022e-26 -1.71354e-19  1.58313e-26  8.09449e-20    2.756e-27  2.46281e-20  3.46445e-28  4.70459e-21  1.45776e-29  7.19861e-22 -7.00871e-30   9.4051e-23 -2.55845e-30  1.07503e-23 -5.50256e-31  1.08561e-24 -9.09181e-32  9.71117e-26 -1.23478e-32  7.68111e-27 -1.40587e-33  5.34352e-28 -1.34321e-34  3.24125e-29 -1.07059e-35  1.69295e-30 -7.05509e-37  7.48187e-32 -3.78863e-38  2.72948e-33 -1.61564e-39  7.92758e-35 -5.23538e-41  1.73194e-36  -1.1967e-42  2.57305e-38 -1.67026e-44  2.06394e-40 -9.21703e-47
 -2.1068e-18  -5.5411e-06  1.53201e-17  3.52541e-05 -4.18088e-17  8.34978e-05  7.55539e-17  -0.00176624 -1.17156e-16   0.00863587  1.45997e-16   -0.0220932 -8.08544e-17    0.0318456 -9.27109e-17   -0.0219463  1.98555e-16  -0.00149755 -1.19247e-16    0.0106018 -1.03725e-17 -0.000599309  3.92245e-17  -0.00444254  1.96339e-17 -0.000607324 -4.30692e-17   0.00149207  -1.0125e-17  0.000796014  2.41582e-17 -0.000141524  1.14132e-17 -0.000329494 -6.34967e-18 -0.000142562 -7.38888e-18  9.07292e-06 -1.32416e-18  4.41854e-05  1.60033e-18   2.6326e-05  1.18943e-18  6.94442e-06  2.77133e-19  -1.1703e-06 -4.56447e-20 -2.21305e-06 -5.41996e-20 -1.25899e-06 -3.09667e-20 -4.45669e-07 -2.39995e-20 -8.70748e-08 -2.23765e-20  1.06762e-08 -1.61285e-20  1.86311e-08  -7.1979e-21  1.00407e-08 -7.93526e-22  3.81734e-09  1.91736e-21  1.14133e-09  2.09604e-21  2.69422e-10  1.22806e-21  4.53126e-11  4.37302e-22  2.22008e-12  8.61568e-23 -2.08193e-12   1.1796e-23 -1.10852e-12  1.27558e-23 -3.74227e-13  1.47267e-23 -1.01854e-13  1.09262e-23 -2.38911e-14  6.09346e-24 -4.96628e-15  2.69593e-24 -9.27539e-16  9.65198e-25 -1.56744e-16  2.84738e-25 -2.40419e-17   7.0582e-26 -3.34859e-18  1.48568e-26 -4.22738e-19  2.61397e-27 -4.81712e-20  3.59229e-28 -4.91958e-21  3.02909e-29 -4.45145e-22 -1.23147e-30  -3.5003e-23 -1.09765e-30 -2.30605e-24 -2.60176e-31 -1.16698e-25  -4.3306e-32 -3.17653e-27 -5.74657e-33  1.52756e-28 -6.29064e-34  3.00628e-29 -5.71127e-35  2.59925e-30 -4.27931e-36  1.59506e-31 -2.62014e-37  7.48977e-33 -1.28846e-38  2.70561e-34 -4.93101e-40  7.30702e-36 -1.38951e-41   1.3813e-37 -2.60726e-43  1.58655e-39 -2.59111e-45  7.15631e-42
 9.49614e-07 -7.06137e-18  -2.2605e-05   2.8581e-17  0.000159006 -5.94126e-17 -0.000368338  9.32475e-17 -0.000940023 -1.40546e-16   0.00822292  1.74784e-16   -0.0230067 -9.27109e-17    0.0325357 -9.78958e-17   -0.0193848  1.88303e-16   -0.0056618 -9.77056e-17    0.0110955  -2.4876e-17   0.00177739  5.32014e-17  -0.00464623  1.75185e-17     -0.00178 -5.03103e-17   0.00121615 -1.45518e-17   0.00116285     2.62e-17  0.000142062  1.58962e-17  -0.00030522 -4.42027e-18 -0.000222695 -8.19676e-18 -4.91424e-05  -2.9001e-18  2.90702e-05  7.94476e-19  3.18162e-05  1.25952e-18  1.45425e-05  6.06456e-19  2.85075e-06  1.46791e-19 -1.04284e-06 -2.95782e-21  -1.2459e-06  -2.8973e-20 -6.50638e-07 -3.64173e-20 -2.27484e-07 -3.90824e-20 -5.04921e-08 -2.86896e-20  -1.0077e-09 -1.28589e-20  5.59728e-09 -1.85728e-21  3.41473e-09  2.45112e-21  1.37497e-09  2.65597e-21  4.38816e-10  1.50238e-21  1.16313e-10  5.57143e-22  2.56324e-11   1.5461e-22  4.47727e-12  5.37076e-23  5.00116e-13   3.4338e-23 -2.46121e-14  2.37246e-23 -3.43711e-14  1.39174e-23 -1.24065e-14  6.80765e-24 -3.28037e-15  2.76674e-24 -7.26037e-16  9.33337e-25 -1.40775e-16  2.63702e-25 -2.44118e-17  6.33666e-26  -3.8266e-18  1.30839e-26 -5.45284e-19   2.3017e-27 -7.08317e-20  3.31581e-28 -8.39443e-21  3.52844e-29 -9.07075e-22  1.75196e-30 -8.92024e-23 -2.84389e-31 -7.95911e-24 -9.90066e-32 -6.41549e-25 -1.76348e-32 -4.64469e-26 -2.33994e-33 -2.99736e-27 -2.48844e-34 -1.70702e-28 -2.15533e-35 -8.46656e-30 -1.51765e-36  -3.5924e-31 -8.59966e-38 -1.27192e-32 -3.84172e-39 -3.62378e-34  -1.3012e-40 -7.84762e-36 -3.10927e-42 -1.16745e-37 -4.53563e-44 -9.46965e-40 -2.61355e-46
 1.95927e-18  2.97951e-06 -1.55792e-17 -5.47509e-05  4.31308e-17   0.00038436  -7.1746e-17   -0.0012205   1.0042e-16  0.000886316 -1.53229e-16   0.00613872  1.93566e-16   -0.0219463 -9.78958e-17    0.0315214  -9.4246e-17   -0.0160313  1.63887e-16  -0.00924848 -8.16923e-17    0.0104914 -2.78353e-17   0.00417568  6.70148e-17  -0.00417673  1.58929e-17  -0.00288025 -5.82924e-17   0.00062107  -2.0665e-17   0.00136798  2.65564e-17  0.000482402  2.05333e-17  -0.00018497 -1.05409e-18 -0.000264334 -8.17729e-18  -0.00011461 -4.57457e-18 -3.15145e-06   -3.865e-19   2.7289e-05  1.08691e-18  1.95114e-05  8.72247e-19  7.44025e-06  3.78051e-19  1.13721e-06  1.05379e-19 -6.25135e-07  2.08902e-21 -6.17486e-07 -4.49503e-20 -3.08222e-07  -5.9708e-20 -1.08962e-07 -4.45013e-20 -2.74711e-08 -2.01517e-20  -3.5545e-09 -3.69515e-21  9.20127e-10  2.59072e-21  8.72398e-10  3.03237e-21  3.91259e-10  1.72747e-21  1.33092e-10    6.881e-22    3.776e-11  2.41457e-22  9.23157e-12  1.04764e-22  1.96286e-12  5.81616e-23   3.6026e-13  3.24747e-23  5.52598e-14  1.63169e-23  6.38873e-15  7.15864e-24  3.02657e-16  2.68882e-24 -1.01562e-16   8.5539e-25 -4.09395e-17  2.31187e-25 -9.74415e-18   5.3717e-26 -1.84443e-18  1.08321e-26 -2.98814e-19  1.88751e-27 -4.26323e-20  2.77387e-28 -5.42553e-21  3.26688e-29 -6.19343e-22  2.72535e-30 -6.35078e-23  7.66552e-32 -5.84143e-24  -2.3396e-32 -4.80154e-25 -5.66657e-33 -3.50597e-26 -8.01392e-34 -2.25487e-27 -8.49684e-35 -1.26279e-28 -7.10037e-36 -6.06329e-30 -4.71432e-37 -2.44366e-31 -2.46666e-38 -8.02194e-33 -9.93132e-40 -2.05045e-34 -2.92895e-41 -3.78839e-36 -5.73829e-43 -4.37315e-38 -5.93999e-45 -2.03639e-40
 1.40738e-07  5.96052e-18   2.9439e-06 -2.62029e-17 -8.39067e-05  5.45253e-17   0.00065311 -7.40384e-17  -0.00235018  9.36372e-17   0.00351644 -1.52606e-16   0.00268038  1.98555e-16   -0.0193848  -9.4246e-17    0.0294685 -8.06746e-17   -0.0125462  1.28387e-16   -0.0119748 -7.58619e-17   0.00903386 -2.13163e-17   0.00626946    8.246e-17  -0.00311986  1.60011e-17  -0.00371296 -6.59805e-17 -0.000203575 -2.87702e-17   0.00134366   2.4487e-17   0.00080471   2.4811e-17  1.86598e-05  3.57837e-18  -0.00024528 -7.14491e-18 -0.000167576 -6.04563e-18 -4.59666e-05 -1.80528e-18  1.13406e-05  6.40594e-19  1.89233e-05  1.01012e-18  1.07594e-05   6.1698e-19  3.64836e-06   2.6346e-19  5.01403e-07  6.33121e-20 -2.85343e-07 -4.58963e-20 -2.67245e-07 -8.09242e-20 -1.31504e-07 -6.18548e-20 -4.75395e-08 -2.86315e-20 -1.32525e-08 -6.38075e-21 -2.65274e-09  2.18695e-21 -2.08673e-10  3.13889e-21  1.18568e-10  1.86934e-21  7.72935e-11  8.13757e-22     2.96e-11  3.34975e-22   8.9697e-12  1.57395e-22  2.31964e-12  8.04636e-23  5.27661e-13  3.95435e-23  1.07065e-13  1.77308e-23  1.94921e-14  7.09236e-24  3.18571e-15  2.47608e-24  4.65221e-16   7.4372e-25  5.99978e-17  1.92089e-25  6.66498e-18  4.30503e-26  6.01171e-19  8.44195e-27  3.60678e-20  1.44537e-27 -4.74099e-22   2.1265e-28 -5.49257e-22   2.6131e-29 -1.02041e-22  2.55965e-30 -1.33224e-23  1.78442e-31 -1.40775e-24  4.44341e-33 -1.25468e-25 -1.01268e-33 -9.55686e-27 -2.06212e-34 -6.22536e-28 -2.36658e-35 -3.44294e-29 -1.97147e-36 -1.59364e-30 -1.25072e-37 -6.03531e-32 -6.05709e-39 -1.80604e-33  -2.1831e-40 -4.03822e-35 -5.49727e-42 -6.10264e-37 -8.40293e-44 -4.95108e-39 -5.04902e-46
-1.25347e-18  1.67793e-06  1.19229e-17 -9.62037e-06 -3.57892e-17 -5.93601e-05  5.91665e-17  0.000808018 -6.46236e-17  -0.00342185  7.35187e-17   0.00642545 -1.39753e-16  -0.00149755  1.88303e-16   -0.0160313 -8.06746e-17    0.0270418 -5.73544e-17  -0.00936928  8.60305e-17   -0.0138123 -8.19894e-17   0.00703645 -9.52914e-18   0.00785756  9.99638e-17  -0.00164651  1.93846e-17  -0.00415184 -7.20037e-17  -0.00112638 -3.86825e-17   0.00107238  1.95603e-17   0.00103448  2.81034e-17   0.00026918  9.00684e-18 -0.000158494 -5.07705e-18 -0.000189062 -7.02604e-18 -8.77901e-05 -3.26719e-18 -1.33034e-05 -4.37438e-20    1.149e-05  9.91204e-19  1.10888e-05   8.3285e-19  5.48562e-06   4.5253e-19  1.75273e-06  1.48712e-19  2.64032e-07 -3.72974e-20 -9.48913e-08  -9.9173e-20 -9.80606e-08 -7.85721e-20 -4.90646e-08 -3.74979e-20 -1.82308e-08 -9.76013e-21   -5.451e-09  1.21823e-21 -1.31877e-09  2.94511e-21 -2.41471e-10  1.90683e-21 -2.27753e-11  9.14738e-22  5.34945e-12  4.19796e-22  3.83853e-12  2.02781e-22  1.38573e-12  9.75081e-23  3.88166e-13  4.37702e-23  9.25405e-14  1.79421e-23  1.94583e-14  6.62469e-24  3.67132e-15  2.16101e-24  6.27338e-16  6.13686e-25  9.75762e-17  1.51352e-25  1.38505e-17  3.26421e-26  1.79581e-18  6.19977e-27  2.12606e-19   1.0358e-27  2.29524e-20  1.50499e-28  2.25452e-21  1.86816e-29  2.00871e-22  1.93918e-30  1.61699e-23   1.6302e-31  1.17032e-24  1.02517e-32  7.56984e-26  3.37533e-34  4.34291e-27 -1.99027e-35  2.18874e-28 -4.44646e-36  9.56626e-30 -4.20753e-37   3.5612e-31 -2.67632e-38  1.09944e-32 -1.22097e-39  2.69888e-34 -3.93538e-41  4.90034e-36 -8.26541e-43  5.69239e-38 -9.06573e-45  2.72887e-40
-2.30399e-07 -3.47486e-18  6.55867e-06  1.81145e-17 -4.93484e-05 -4.13105e-17  8.65462e-05  5.63052e-17  0.000642694 -4.56024e-17  -0.00400218  4.47392e-17   0.00896306 -1.19247e-16   -0.0056618  1.63887e-16   -0.0125462 -5.73544e-17    0.0247152 -2.56631e-17  -0.00669329  4.13218e-17   -0.0148886 -9.90419e-17   0.00478478  2.71429e-18   0.00886219   1.1854e-16  4.55466e-05  2.71501e-17  -0.00414883  -7.4981e-17  -0.00200823 -4.96576e-17  0.000585436  1.18397e-17   0.00111553  2.98076e-17  0.000516019  1.45449e-17 -1.47918e-05   -2.154e-18 -0.000167082 -7.32977e-18 -0.000115519 -4.56535e-18 -4.02791e-05 -8.66296e-19  -1.6416e-06  8.32692e-19  7.62384e-06  1.00566e-18  5.74379e-06  6.49136e-19  2.61326e-06  2.47586e-19  8.25076e-07  -1.9268e-20  1.51813e-07 -1.11535e-19 -1.56051e-08 -9.24929e-20 -2.85239e-08 -4.57346e-20  -1.5295e-08 -1.34543e-20 -5.89436e-09 -1.89748e-22 -1.84943e-09  2.48738e-21 -4.90364e-10  1.83708e-21 -1.10367e-10  9.73789e-22 -2.05455e-11  4.81107e-22 -2.86483e-12  2.33302e-22 -1.63765e-13  1.06619e-22  6.50895e-14  4.45781e-23  3.14711e-14  1.69645e-23  8.97591e-15  5.83649e-24  2.03939e-15  1.78724e-24  3.97853e-16  4.80574e-25  6.86632e-17  1.13109e-25  1.06344e-17  2.34251e-26  1.48876e-18  4.29373e-27  1.89018e-19  6.95906e-28  2.17829e-20  9.88413e-29  2.27626e-21  1.21478e-29  2.15126e-22   1.2767e-30  1.83114e-23  1.13399e-31  1.39565e-24  8.33549e-33  9.45086e-26  4.80967e-34  5.62778e-27  1.86139e-35  2.90719e-28  1.29009e-37  1.27925e-29 -4.46164e-38  4.67552e-31 -3.84096e-39  1.36839e-32   -1.811e-40  3.02888e-34 -5.36712e-42  4.58264e-36  -9.1926e-44  3.76234e-38 -6.02097e-46
 4.08955e-19 -5.04253e-07 -6.28078e-18  1.43217e-05  2.21682e-17 -0.000119845 -4.17315e-17  0.000390285  4.82174e-17   1.1397e-05  -2.1651e-17  -0.00374848  1.44176e-17    0.0106018 -9.77056e-17  -0.00924848  1.28387e-16  -0.00936928 -2.56631e-17    0.0227261  1.20626e-17  -0.00453019 -1.61788e-18   -0.0153854 -1.24011e-16   0.00249088  1.13315e-17   0.00929618  1.36308e-16   0.00177394  3.94712e-17  -0.00372281 -7.38964e-17  -0.00272871 -6.05028e-17 -4.93564e-05  1.92343e-18   0.00102092  2.95024e-17  0.000707074  1.94293e-17  0.000159712  1.24629e-18 -0.000100632 -6.93174e-18 -0.000118754 -5.53062e-18 -6.15075e-05 -1.68744e-18 -1.70402e-05  5.92821e-19    9.412e-07  1.13227e-18  4.04482e-06  8.32847e-19  2.66448e-06  3.48378e-19  1.15731e-06  6.59973e-21  3.71614e-07 -1.16172e-19  8.28185e-08 -1.01853e-19  6.13836e-09 -5.22863e-20 -5.38921e-09 -1.69289e-20  -3.6643e-09 -1.79182e-21 -1.51663e-09  1.85816e-21 -4.97208e-10  1.67571e-21 -1.38434e-10  9.80513e-22 -3.36296e-11  5.08769e-22 -7.19971e-12  2.44587e-22 -1.35726e-12  1.06852e-22  -2.2243e-13  4.20927e-23 -3.05829e-14  1.50255e-23 -3.17601e-15  4.85167e-24 -1.35948e-16  1.40027e-24  4.02727e-17  3.57035e-25   1.4544e-17  8.01599e-26  3.08214e-18   1.5912e-26  5.16577e-19  2.80567e-27  7.36222e-20  4.38945e-28  9.16812e-21  6.04624e-29  1.00889e-21  7.25861e-30  9.84719e-23  7.53344e-31  8.51787e-24  6.71903e-32  6.50236e-25  5.10243e-33   4.3486e-26  3.23144e-34  2.52061e-27  1.63978e-35   1.2475e-28  6.19959e-37  5.16303e-30  1.46725e-38   1.7345e-31  4.79394e-41  4.52237e-33 -1.11426e-41  8.49692e-35 -4.19487e-43  9.94583e-37 -6.12244e-45  4.68334e-39
  -9.277e-08  1.02904e-18  5.30141e-07 -8.46725e-18  1.66431e-05  2.25392e-17 -0.000193632 -3.84611e-17  0.000804161   3.8607e-17   -0.0010677  2.22356e-18  -0.00255826 -1.03725e-17    0.0110955 -8.16923e-17   -0.0119748  8.60305e-17  -0.00669329  1.20626e-17    0.0211299   5.2909e-17  -0.00280105 -3.94791e-17   -0.0154735 -1.53019e-16  0.000289048  1.37695e-17   0.00922409  1.51184e-16   0.00339327  5.54729e-17  -0.00293901 -6.83502e-17  -0.00320123 -6.98242e-17 -0.000744347 -9.15544e-18  0.000755755   2.7069e-17  0.000800266  2.29675e-17  0.000330045   4.6017e-18 -3.99696e-07 -5.98284e-18 -9.32194e-05  -6.0729e-18 -6.98311e-05  -2.3662e-18 -3.00589e-05  3.51872e-19 -7.09273e-06  1.22573e-18  7.57777e-07   9.9164e-19  1.78885e-06  4.42258e-19  1.09993e-06  3.82705e-20  4.67533e-07 -1.12326e-19  1.54137e-07 -1.05475e-19  3.94072e-08  -5.6232e-20  6.84464e-09 -1.96097e-20  1.05594e-10 -3.28803e-21 -5.25381e-10  1.17896e-21 -2.76424e-10   1.4519e-21 -9.85849e-11  9.34063e-22 -2.87158e-11   4.9982e-22 -7.23423e-12  2.36439e-22 -1.61615e-12  9.90838e-23 -3.24214e-13  3.70414e-23 -5.87775e-14   1.2491e-23 -9.65524e-15  3.80631e-24 -1.43692e-15  1.03891e-24 -1.93221e-16  2.51528e-25 -2.33452e-17   5.3853e-26 -2.50968e-18  1.02295e-26  -2.3601e-19  1.73022e-27 -1.87961e-20  2.60197e-28 -1.17525e-21  3.45404e-29 -4.34036e-23   4.0112e-30  1.54987e-24  4.04738e-31  4.80985e-25  3.53161e-32  5.46761e-26  2.64611e-33  4.42193e-27  1.67749e-34  2.80574e-28  8.77884e-36  1.42677e-29  3.66785e-37  5.77472e-31  1.17077e-38    1.811e-32  2.66742e-40  4.17942e-34  3.79155e-42  6.43517e-36  2.29994e-44  5.25657e-38  -3.2687e-47
 1.29932e-19  -5.7301e-07  1.65726e-18  5.92509e-06 -8.82755e-18 -4.23219e-06  1.93502e-17 -0.000206996 -3.41996e-17   0.00118263  3.05239e-17  -0.00238677  2.27351e-17 -0.000599309  -2.4876e-17    0.0104914 -7.58619e-17   -0.0138123  4.13218e-17  -0.00453019   5.2909e-17    0.0198831  9.38386e-17  -0.00140409  -7.0003e-17   -0.0152854 -1.82288e-16  -0.00174772  9.22146e-18   0.00873141  1.61451e-16   0.00480022  7.34607e-17  -0.00188828 -5.86082e-17  -0.00337779 -7.63092e-17  -0.00140825 -2.01154e-17  0.000353482  2.27347e-17  0.000771664  2.46562e-17  0.000460546  7.33625e-18  0.000113753  -4.7781e-18 -4.23263e-05  -6.2029e-18 -6.14205e-05 -2.80051e-18 -3.64167e-05  1.85667e-19 -1.39514e-05  1.30771e-18 -3.10077e-06  1.12286e-18  2.42088e-07  5.24812e-19  6.51876e-07  7.40654e-20  3.94948e-07  -1.0009e-19  1.67215e-07 -1.02821e-19  5.64743e-08 -5.69319e-20  1.57038e-08  -2.1014e-20  3.53751e-09 -4.40261e-21  5.83615e-10  5.67281e-22  3.48002e-11  1.20061e-21 -2.13827e-11  8.42967e-22 -1.16733e-11  4.58609e-22 -3.88985e-12  2.12397e-22 -1.03852e-12  8.55552e-23 -2.38648e-13   3.0493e-23 -4.86197e-14  9.76223e-24 -8.91248e-15  2.81909e-24 -1.48185e-15  7.29672e-25 -2.24461e-16  1.67938e-25 -3.10408e-17  3.42803e-26 -3.92137e-18  6.22238e-27 -4.52248e-19  1.00709e-27 -4.75356e-20  1.45055e-28 -4.54139e-21  1.84619e-29 -3.92864e-22  2.05864e-30 -3.06188e-23  1.99775e-31 -2.13585e-24  1.67856e-32  -1.3221e-25  1.21192e-33 -7.18069e-27  7.41188e-35  -3.3706e-28  3.75456e-36 -1.33925e-29  1.52956e-37 -4.37262e-31  4.82323e-39 -1.12168e-32  1.11162e-40 -2.09876e-34  1.68764e-42 -2.47545e-36  1.32843e-44 -1.18781e-38
  2.7438e-08   3.1773e-19 -1.57612e-06  1.92272e-18  1.80337e-05  -6.8887e-18 -6.60944e-05  1.40414e-17 -8.49447e-05 -3.13052e-17    0.0013302  2.51476e-17  -0.00361914  3.92245e-17   0.00177739 -2.78353e-17   0.00903386 -8.19894e-17   -0.0148886 -1.61788e-18  -0.00280105  9.38386e-17    0.0189107  1.32123e-16 -0.000249645 -9.20597e-17   -0.0149136 -2.08736e-16  -0.00358698 -1.62047e-18    0.0079054  1.66053e-16   0.00592955  9.13442e-17 -0.000670594 -4.54703e-17  -0.00324685 -7.89449e-17  -0.00195901 -2.96345e-17 -0.000131909  1.70324e-17  0.000619182  2.42511e-17  0.000522674   8.9268e-18  0.000217619 -3.68923e-18  2.35245e-05 -6.02911e-18 -3.71327e-05 -2.95636e-18 -3.36964e-05  1.40497e-19 -1.73629e-05  1.39719e-18 -6.24786e-06  1.22974e-18 -1.44373e-06  5.95319e-19 -2.43342e-08  1.12758e-19  1.83071e-07  -8.0236e-20  1.18154e-07 -9.40025e-20  5.08531e-08 -5.41461e-20  1.75292e-08 -2.08654e-20  5.10314e-09 -4.95258e-21  1.27564e-09  1.08655e-22  2.72457e-10  9.54455e-22  4.80761e-11  7.22323e-22  6.23699e-12  3.94781e-22  2.58654e-13  1.78299e-22   -1.666e-13  6.91045e-23 -7.13618e-14   2.3551e-23 -1.92165e-14  7.18266e-24 -4.16833e-15  1.97166e-24 -7.78495e-16   4.8498e-25 -1.28617e-16   1.0621e-25 -1.90394e-17  2.06648e-26 -2.54093e-18  3.57984e-27 -3.06452e-19  5.53233e-28 -3.33974e-20  7.60818e-29 -3.28205e-21  9.24426e-30 -2.89727e-22  9.83918e-31 -2.28449e-23  9.10863e-32 -1.59658e-24  7.28881e-33 -9.78901e-26  4.99624e-34 -5.19434e-27  2.88798e-35 -2.34227e-28  1.37468e-36 -8.75176e-30  5.21832e-38 -2.61231e-31  1.51069e-39 -5.88341e-33  3.10226e-41 -9.03642e-35  3.91085e-43 -7.51455e-37  1.95337e-45
-2.52226e-19 -7.00524e-08  5.05131e-19 -1.97892e-06  1.59897e-18  3.30062e-05 -3.09363e-18 -0.000167823  8.32293e-18  0.000211654 -3.08934e-17   0.00108865  2.19261e-17  -0.00444254  5.32014e-17   0.00417568 -2.13163e-17   0.00703645 -9.90419e-17   -0.0153854 -3.94791e-17  -0.00140409  1.32123e-16    0.0181428  1.65658e-16  0.000729728 -1.05571e-16   -0.0144188 -2.30221e-16  -0.00521995 -1.70822e-17   0.00682565  1.64628e-16   0.00674634  1.07084e-16  0.000616156 -3.00343e-17  -0.00282743 -7.71252e-17  -0.00233256 -3.65322e-17 -0.000635529  1.06997e-17  0.000362029  2.17887e-17  0.000500844  9.00338e-18  0.000288406 -3.08032e-18  8.96093e-05 -5.73077e-18 -2.39313e-06 -2.87691e-18 -2.22113e-05  2.17773e-19 -1.61423e-05  1.49986e-18 -7.63053e-06  1.31559e-18 -2.68024e-06  6.54271e-19  -6.7592e-07  1.52982e-19 -8.07645e-08 -5.42319e-20  3.07634e-08 -7.97993e-20  2.69989e-08 -4.81117e-20  1.23907e-08 -1.91632e-20  4.39136e-09 -4.88656e-21   1.3121e-09  -1.5889e-22  3.41795e-10  7.37421e-22  7.87669e-11  5.89544e-22  1.61364e-11  3.20121e-22  2.93067e-12  1.40485e-22  4.66192e-13  5.24007e-23  6.30391e-14  1.71061e-23  6.68789e-15  4.98133e-24  3.93197e-16  1.30265e-24 -4.17884e-17  3.04985e-25 -1.92715e-17   6.3596e-26 -4.11459e-18  1.17908e-26  -6.6851e-19  1.94714e-27 -9.08619e-20  2.86767e-28 -1.06742e-20  3.75507e-29 -1.09771e-21  4.33949e-30 -9.91757e-23  4.38679e-31 -7.85822e-24  3.84879e-32 -5.42863e-25  2.90835e-33 -3.23773e-26  1.87213e-34 -1.64338e-27  1.00834e-35 -6.95529e-29  4.42423e-37 -2.38326e-30  1.52303e-38 -6.32291e-32  3.88867e-40 -1.20616e-33  6.66942e-42 -1.43041e-35  6.11033e-44 -6.81034e-38
