 8.04229e-12 -2.11445e-25 -1.64997e-10   6.8041e-24  1.24764e-09 -6.86009e-23  -5.3023e-09  4.04569e-22  1.43334e-08 -1.65509e-21 -2.56655e-08    5.064e-21  2.99973e-08 -1.20304e-20 -2.05706e-08  2.25193e-20  4.49749e-09 -3.31039e-20  4.10967e-09  3.74101e-20 -2.38033e-09 -3.09593e-20 -8.57992e-10  1.66414e-20  6.59219e-10  -3.2295e-21  2.80772e-10 -3.19834e-21 -1.23565e-10  4.29084e-21 -9.69799e-11 -4.55496e-21  2.18482e-12  4.89372e-21  2.28212e-11 -3.69459e-21  7.85035e-12  1.24619e-21 -1.65511e-12  4.17041e-22 -2.27262e-12 -5.52094e-22 -7.00661e-13  1.10614e-22  8.62069e-14  7.91698e-23  1.61992e-13  -3.3653e-23  6.53737e-14 -8.48579e-24  7.58393e-15    4.523e-24 -5.69134e-15  1.65886e-24 -3.91295e-15 -4.75143e-25 -1.24605e-15 -3.11994e-25 -1.56458e-16 -5.95703e-26  6.17612e-17  1.00611e-25  4.67655e-17  1.01048e-26   1.6689e-17 -8.92582e-27   3.7417e-18 -5.57134e-27  3.57924e-19  1.97282e-28 -1.22994e-19  8.58998e-28 -7.92717e-20  3.24833e-28 -2.60049e-20 -2.08505e-29 -6.11642e-21 -5.21157e-29 -1.05689e-21 -2.17004e-29 -1.11122e-22 -1.12938e-30   4.8902e-24  2.13283e-30  6.00219e-24  7.61662e-31  1.82633e-24   1.1291e-31  3.91893e-25  9.04637e-33  6.73564e-26 -1.39619e-33    9.589e-27 -1.49014e-33  1.12766e-27 -7.55755e-34  1.05059e-28 -2.92593e-34  6.61816e-30 -6.24795e-35  2.01649e-32  7.52024e-37 -6.90316e-32  4.67067e-36 -1.23822e-32  1.66227e-36 -1.46084e-33   4.0495e-37 -1.34302e-34  7.86344e-38 -1.00658e-35  1.16534e-38 -6.21291e-37  1.34456e-39 -3.14188e-38  1.28857e-40 -1.26815e-39  9.91483e-42 -3.96455e-41  5.58488e-43 -9.37313e-43  2.17248e-44  -1.5054e-44  5.20865e-46 -1.23447e-46  4.88592e-48
-2.11445e-25  2.42077e-10 -3.71186e-24 -2.80385e-09   8.3165e-23  1.59782e-08 -6.73072e-22 -5.54438e-08  3.36935e-21  1.26342e-07 -1.20717e-20 -1.92111e-07  3.30817e-20  1.86917e-07 -7.16388e-20 -9.64994e-08  1.23737e-19  -1.2709e-09  -1.6873e-19  2.91556e-08  1.76206e-19 -5.90159e-09 -1.32361e-19 -7.71288e-09  6.13295e-20  1.46283e-09 -7.44581e-21  2.19912e-09 -9.01177e-21  2.40878e-11  6.08313e-21 -5.36065e-10 -7.21848e-21 -1.63892e-10  1.26702e-20   6.6418e-11 -1.15641e-20  6.07325e-11  4.02685e-21  1.08889e-11  1.42603e-21 -7.37167e-12 -1.70387e-21  -5.4143e-12   2.3586e-22 -1.22435e-12  2.71927e-22  3.31696e-13 -7.46483e-23  3.62065e-13 -4.06466e-23  1.30966e-13    1.077e-23  1.41691e-14  7.91542e-24 -1.05018e-14 -1.19759e-24 -7.10958e-15 -1.31356e-24 -2.33582e-15 -2.41215e-25 -3.80166e-16  3.43679e-25  5.24766e-17   5.2484e-26  6.14678e-17 -3.04604e-26  2.44973e-17 -2.20309e-26  6.35655e-18 -4.96572e-28  1.04194e-18  3.43337e-27  2.30129e-20  1.41901e-27 -5.49163e-20 -2.09818e-29 -2.37014e-20 -2.06088e-28  -6.4953e-21 -9.02901e-29 -1.35205e-21 -8.40172e-30 -2.17544e-22  6.61234e-30 -2.45349e-23  2.83182e-30 -8.22719e-25  6.09804e-31  4.62287e-25  1.07882e-31   1.5565e-25  8.59004e-33   3.2166e-26 -4.89465e-33  5.18984e-27 -3.09931e-33  6.95242e-28 -1.06986e-33  7.88723e-29 -1.85285e-34   7.5866e-30  1.43867e-35  6.10157e-31  1.71536e-35  3.95168e-32  5.37588e-36  1.85942e-33  1.21069e-36  3.77597e-35  2.16967e-37 -3.33481e-36  2.96431e-38 -4.63661e-37  3.14227e-39 -3.24564e-38   2.7076e-40 -1.55202e-39  1.82345e-41 -5.22898e-41   8.7464e-43  -1.2557e-42  2.73813e-44 -1.85255e-44  4.55969e-46 -9.93474e-47
-1.64997e-10 -3.71186e-24  3.56956e-09 -3.70607e-23 -2.85758e-08  6.34126e-22  1.29238e-07 -4.25659e-21 -3.74465e-07  1.83446e-20  7.26678e-07 -5.79583e-20  -9.3898e-07  1.42972e-19  7.47801e-07   -2.838e-19 -2.57203e-07  4.55213e-19 -9.97294e-08 -5.79125e-19   1.0872e-07  5.60141e-19  1.04324e-08 -3.78397e-19 -3.13126e-08  1.41619e-19 -4.37383e-09  3.78359e-21  7.73223e-09 -2.03628e-20  2.67388e-09 -7.10607e-21 -1.21109e-09  2.49005e-21 -1.00854e-09  2.22649e-20 -7.95231e-11  -2.6148e-20  1.88641e-10  9.16452e-21  9.51723e-11  3.54628e-21  4.62685e-12 -3.70223e-21 -1.58119e-11  2.54754e-22  -8.3794e-12  6.50726e-22 -1.42368e-12 -9.90326e-23  6.32568e-13 -1.15804e-22  5.34501e-13  1.62143e-23  1.81723e-13  2.21773e-23  2.12232e-14  -1.7964e-24  -1.1898e-14  -3.5488e-24 -8.46006e-15 -6.59549e-25 -2.92305e-15  8.29163e-25 -5.83347e-16  1.65873e-25 -9.07272e-18 -7.81932e-26  4.57535e-17 -6.16792e-26  2.17315e-17 -3.27217e-27  6.39674e-18  9.74525e-27   1.3333e-18  4.22932e-27  1.72976e-19  9.47055e-29 -3.03008e-21 -5.57417e-28 -9.69722e-21 -2.61993e-28  -3.4585e-21 -3.53505e-29 -8.37766e-22  1.31764e-29 -1.59324e-22  7.34745e-30 -2.44889e-23  2.05668e-30 -2.96126e-24  4.56401e-31 -2.44171e-25  5.64991e-32 -2.13204e-27 -8.90312e-33  3.95376e-27 -7.65264e-33  9.46022e-28 -2.47717e-33  1.48761e-28 -3.42001e-34  1.84713e-29  6.14602e-35  1.90588e-30  4.23931e-35  1.66238e-31  1.18325e-35  1.22937e-32  2.45289e-36  7.66365e-34  4.03455e-37  3.97158e-35  5.05073e-38  1.67093e-36  4.87599e-39  5.49457e-38  3.74204e-40   1.3602e-39  2.17889e-41  2.32257e-41  8.69508e-43  2.01213e-43  2.07978e-44 -4.68665e-46  1.96702e-46
  6.8041e-24 -2.80385e-09 -3.70607e-23  3.43734e-08 -2.58877e-22 -2.08258e-07  3.57041e-21  7.72902e-07 -2.03109e-20 -1.89993e-06  7.59864e-20  3.15998e-06 -2.12323e-19 -3.45679e-06  4.72687e-19  2.18247e-06 -8.64374e-19 -3.30134e-07  1.29686e-18 -5.28946e-07 -1.55049e-18  2.41573e-07  1.39423e-18  1.23161e-07 -8.38495e-19  -7.1022e-08  2.24278e-19 -3.92147e-08  7.78992e-20  1.28664e-08  -4.3589e-20  1.28825e-08 -5.73749e-20  3.82676e-10  4.12526e-20 -2.92764e-09  3.13358e-20 -1.15231e-09 -4.93965e-20  1.77246e-10  1.67649e-20  3.14337e-10  7.36543e-21  1.06322e-10  -6.5336e-21 -9.15147e-12  -3.5587e-23 -2.33374e-11  1.24576e-21 -1.00104e-11 -6.76049e-23 -1.32942e-12 -2.45485e-22  8.21163e-13  1.65716e-23  6.05929e-13  4.63348e-23  2.01308e-13  -1.7762e-24  2.78363e-14 -7.47863e-24 -9.02115e-15 -1.33514e-24 -7.44411e-15  1.66852e-24 -2.75209e-15  3.87043e-25 -6.42326e-16 -1.78727e-25 -7.04062e-17 -1.41686e-25   1.7245e-17 -8.90213e-27  1.25835e-17  2.27557e-26  4.28639e-18  1.01374e-26  1.03944e-18  5.51344e-28  1.87506e-19 -1.20347e-27  2.21373e-20 -6.15499e-28  7.68694e-23 -1.07705e-28 -8.16489e-22  1.82662e-29 -2.71962e-22  1.53039e-29 -6.04539e-23  5.21015e-30 -1.06335e-23  1.28319e-30  -1.5486e-24  1.86702e-31 -1.88047e-25 -6.69868e-33 -1.86301e-26 -1.32514e-32 -1.39227e-27 -4.14894e-33 -5.45788e-29 -4.04894e-34  4.19749e-30  1.67453e-34  1.18395e-30  8.18589e-35  1.52735e-31  2.04314e-35  1.43434e-32  3.87881e-36  1.06675e-33  5.82375e-37  6.41611e-35  6.63688e-38  3.10508e-36  5.78131e-39  1.18657e-37  3.90693e-40  3.48089e-39  1.93407e-41  7.30689e-41  6.20848e-43  9.40245e-43  1.03631e-44  4.60841e-45
 1.24764e-09   8.3165e-23 -2.85758e-08 -2.58877e-22  2.43142e-07 -1.39358e-21  -1.1747e-06   1.6054e-20   3.6613e-06 -7.84965e-20 -7.72254e-06    2.558e-19  1.10419e-05 -6.31414e-19 -1.01285e-05  1.26839e-18  4.75802e-06 -2.14638e-18  4.85465e-07  3.03826e-18 -1.66529e-06 -3.44546e-18  2.25337e-07  2.89696e-18  4.69218e-07 -1.53424e-18 -5.93527e-08  2.12822e-19 -1.35553e-07  2.95823e-19 -7.81543e-09 -8.75914e-20  3.29615e-08 -1.70272e-19    1.154e-08  1.23933e-19 -3.91811e-09  3.94329e-20 -4.08977e-09 -8.22901e-20 -8.20205e-10  2.58716e-20  4.88136e-10  1.33348e-20  3.84559e-10  -9.8959e-21  9.17252e-11 -8.02194e-22 -2.30722e-11  2.01853e-21 -2.68488e-11  4.63869e-23 -9.98424e-12 -4.24834e-22 -1.13365e-12  1.00473e-23  8.03429e-13   7.9534e-23   5.5836e-13 -1.39424e-24  1.86878e-13 -1.33934e-23  3.12794e-14 -2.01419e-24 -3.96768e-15  3.02926e-24 -4.95059e-15  7.23485e-25 -2.00952e-15 -3.84739e-25 -5.31047e-16 -2.84592e-25 -9.00404e-17 -1.67262e-26 -3.24206e-18  4.64129e-26  4.21778e-18  2.09867e-26  1.90484e-18   1.7567e-27  5.32677e-19 -2.21368e-27  1.12956e-19  -1.2433e-27  1.86833e-20 -2.62405e-28  2.25059e-21  1.45598e-29  1.23386e-22  2.70278e-29  -2.6482e-23  1.07288e-29 -1.06913e-23  2.80158e-30 -2.30297e-24  4.50883e-31 -3.77662e-25  1.52456e-32 -5.10012e-26 -1.61483e-32 -5.82079e-27 -5.08547e-33 -5.64754e-28  -1.7166e-34 -4.62559e-29  3.47822e-34 -3.12966e-30  1.31215e-34 -1.66345e-31  2.93028e-35 -6.00893e-33  5.06649e-36 -4.61501e-35  6.90405e-37  1.24016e-35  7.11078e-38  1.07745e-36  5.53097e-39  5.27356e-38  3.24508e-40  1.72084e-39  1.33416e-41  3.57279e-41  3.27014e-43  3.77289e-43  3.11138e-45
-6.86009e-23  1.59782e-08  6.34126e-22 -2.08258e-07 -1.39358e-21  1.34739e-06 -6.13289e-21 -5.37068e-06  6.05028e-20  1.42955e-05 -2.56542e-19 -2.60772e-05  7.27734e-19   3.2043e-05 -1.57804e-18 -2.41965e-05  2.84977e-18  7.27959e-06 -4.48101e-18  4.07261e-06  6.04986e-18 -3.62528e-06 -6.58547e-18 -5.81328e-07  5.21906e-18  1.11119e-06 -2.40675e-18  2.09441e-07  -4.1947e-20 -2.82618e-07  7.48108e-19 -1.10937e-07 -1.56545e-19  4.44945e-08 -3.64736e-19  4.10715e-08  2.53839e-19  3.83849e-09  4.96788e-20 -7.82504e-09 -1.23626e-19 -4.10424e-09  3.44493e-20 -2.10426e-10  2.13462e-20  7.05814e-10 -1.32215e-20  3.79408e-10 -2.05035e-21  6.39631e-11  2.85932e-21  -3.0566e-11   2.3356e-22 -2.55923e-11 -6.31031e-22 -8.69284e-12  9.59983e-25 -9.72209e-13  1.17937e-22  6.12519e-13 -2.58584e-24  4.27681e-13 -2.13477e-23  1.47536e-13 -1.98446e-24  2.93376e-14  5.18017e-24  3.28058e-16  1.12638e-24 -2.39107e-15 -7.85311e-25 -1.13175e-15 -5.18375e-25 -3.34127e-16 -2.46528e-26 -7.01785e-17  8.52965e-26  -9.3237e-18  3.89903e-26  5.68827e-20  4.31177e-27   4.7853e-19 -3.59452e-27  1.74288e-19 -2.22718e-27  4.25818e-20  -5.3859e-28  8.15961e-21 -7.64493e-30  1.26927e-21  4.16265e-29   1.5762e-22  1.87604e-29  1.41328e-23  5.09008e-30  4.69115e-25  8.87495e-31 -1.35041e-25  7.39889e-32 -3.75433e-26 -1.08367e-32  -6.0852e-27 -3.97308e-33 -7.58111e-28  5.30714e-34 -7.75821e-29  5.90945e-34 -6.66581e-30  1.80267e-34 -4.83094e-31  3.59816e-35 -2.93801e-32  5.63335e-36 -1.47929e-33  6.92347e-37 -6.03539e-35  6.39095e-38 -1.93028e-36  4.38485e-39 -4.58464e-38  2.19312e-40 -7.19881e-40  7.23973e-42 -6.02601e-42   1.2374e-43 -1.60652e-44
 -5.3023e-09 -6.73072e-22  1.29238e-07  3.57041e-21  -1.1747e-06 -6.13289e-21  6.09252e-06 -2.29814e-20 -2.05204e-05   1.9764e-19  4.72291e-05 -7.30659e-19 -7.48847e-05  1.79765e-18  7.87383e-05 -3.38895e-18 -4.73148e-05  5.45429e-18  4.99691e-06 -8.00006e-18  1.31243e-05  1.04528e-17 -5.29366e-06 -1.10901e-17 -3.27096e-06  8.37041e-18  1.68343e-06 -3.32477e-18  1.05248e-06 -6.87017e-19 -3.17081e-07  1.48777e-18 -3.50288e-07 -2.39837e-19 -1.31773e-08 -6.42294e-19  8.25641e-08  4.16298e-19  3.30994e-08   6.7579e-20  -5.5218e-09 -1.68862e-19 -9.51823e-09  4.00038e-20 -3.17715e-09   3.0376e-20  3.53767e-10 -1.58353e-20  7.59779e-10 -3.55917e-21  3.18933e-10  3.62134e-21   3.7665e-11  4.42439e-22 -2.98471e-11 -8.28414e-22 -2.08923e-11  3.18628e-25 -6.76964e-12  1.54895e-22 -8.50801e-13 -9.44199e-24  3.58988e-13 -3.10228e-23  2.72795e-13  3.10152e-26  9.88211e-14  8.50811e-24  2.26389e-14  1.47796e-24  2.31652e-15 -1.50628e-24 -6.91228e-16 -8.76099e-25  -4.7137e-16  -3.0712e-26   -1.583e-16  1.43685e-25 -3.81544e-17  6.63775e-26 -6.87108e-18  8.91397e-27 -8.17917e-19 -5.26503e-27 -7.50632e-21 -3.60168e-27  2.80976e-20 -9.61195e-28  9.44892e-21 -5.68992e-29  2.09882e-21  5.68487e-29   3.6822e-22  2.86386e-29  5.35346e-23  8.00127e-30  6.51584e-24   1.4987e-30  6.54211e-25   1.8222e-31  5.12819e-26  7.32266e-33  2.55897e-27  9.28045e-35 -3.40483e-29  1.71206e-33 -2.60118e-29  8.51557e-34 -3.61477e-30  2.16324e-34 -3.39902e-31  3.85243e-35 -2.46207e-32  5.42889e-36 -1.41517e-33   5.9752e-37 -6.43664e-35  4.89503e-38 -2.26538e-36  2.91853e-39 -5.86144e-38  1.21428e-40 -1.00784e-39  3.05485e-42 -9.12569e-42  2.97351e-44
 4.04569e-22 -5.54438e-08 -4.25659e-21  7.72902e-07   1.6054e-20 -5.37068e-06 -2.29814e-20   2.3119e-05 -7.54892e-20 -6.69694e-05  5.73088e-19  0.000134517 -1.85388e-18 -0.000185834  3.93567e-18  0.000165614 -6.35043e-18 -7.40782e-05  8.96135e-18 -1.19788e-05 -1.23073e-17  2.91016e-05  1.58902e-17 -3.17126e-06  -1.6756e-17  -8.6844e-06  1.21925e-17  9.78712e-07 -4.13178e-18  2.61067e-06  -1.7913e-18  1.57842e-07  2.48356e-18 -6.67828e-07 -3.07344e-19 -2.32797e-07 -9.80025e-19  8.78549e-08  5.79767e-19  8.82953e-08  9.73074e-20  1.62659e-08 -2.10054e-19  -1.1929e-08  4.06334e-20 -8.84504e-09  3.85298e-20 -1.93456e-09 -1.72028e-20  6.66281e-10 -4.93964e-21  6.72801e-10  4.17037e-21  2.37442e-10  6.00567e-22  2.03183e-11 -9.74645e-22 -2.33845e-11  2.21961e-23 -1.48504e-11  1.80614e-22 -4.75521e-12  -2.7914e-23 -7.15495e-13 -4.14653e-23   1.4675e-13  5.84594e-24  1.42502e-13  1.34823e-23   5.5409e-14  1.60244e-24  1.42313e-14 -2.69491e-24  2.30583e-15 -1.39392e-24  4.03128e-17 -3.58285e-26 -1.26281e-16  2.23857e-25 -5.39184e-17  1.04605e-25 -1.47585e-17   1.6109e-26 -3.08783e-18 -7.05871e-27 -5.05777e-19 -5.31839e-27  -6.0616e-20 -1.52323e-27 -3.40939e-21 -1.36138e-28  6.55675e-22  6.96081e-29  2.68636e-22  3.89116e-29  5.74196e-23  1.11599e-29  9.30495e-24  2.23607e-30  1.23954e-24  3.39026e-31  1.39446e-25  3.89784e-32  1.33415e-26  6.91269e-33  1.08032e-27  3.15334e-33  7.28139e-29   1.0635e-33  3.94065e-30  2.29502e-34   1.5728e-31   3.6386e-35  3.36327e-33  4.58637e-36 -8.25817e-35    4.484e-37 -1.16207e-35   3.2217e-38 -5.75608e-37  1.63792e-39 -1.67459e-38  5.47582e-41 -2.74113e-40  9.58707e-43 -1.69226e-42
 1.43334e-08  3.36935e-21 -3.74465e-07 -2.03109e-20   3.6613e-06  6.05028e-20 -2.05204e-05 -7.54892e-20  7.51529e-05 -2.21739e-19 -0.000189776  1.49896e-18   0.00033494 -4.25735e-18 -0.000403037   7.7624e-18  0.000299147 -1.04967e-17 -8.49806e-05  1.26119e-17 -5.69511e-05 -1.62859e-17  4.81788e-05  2.14603e-17  8.66885e-06 -2.30516e-17 -1.57853e-05  1.63812e-17 -3.00712e-06 -4.69879e-18  4.28604e-06 -3.29266e-18  1.64333e-06  3.60313e-18 -7.53096e-07 -3.16148e-19 -6.55611e-07 -1.33103e-18 -4.12357e-08  7.04724e-19  1.39977e-07  1.37889e-19  6.82671e-08 -2.37585e-19  4.15653e-10   3.5968e-20 -1.37708e-08   4.3627e-20 -6.80821e-09 -1.71434e-20 -9.03236e-10 -5.80905e-21   7.0871e-10  4.41657e-21  5.13749e-10  6.55707e-22  1.61172e-10   -1.023e-21  1.17104e-11  7.72909e-23 -1.51018e-11  1.81274e-22 -9.23038e-12 -6.47357e-23 -2.99934e-12 -5.08025e-23 -5.40801e-13  1.76217e-23  2.22745e-14  2.05705e-23  5.82718e-14  1.30229e-24   2.5372e-14 -4.48792e-24  7.19456e-15 -2.10572e-24  1.45325e-15 -4.67309e-26  1.78181e-16  3.23706e-25 -6.85486e-18  1.53134e-25 -1.13151e-17  2.59121e-26 -3.87114e-18 -8.76809e-27 -9.18649e-19 -7.23234e-27 -1.72466e-19 -2.17633e-27 -2.63781e-20 -2.39486e-28 -3.22938e-21  7.70447e-29 -2.87253e-22  4.77521e-29 -1.01105e-23  1.40617e-29  2.44488e-24  3.00319e-30  6.84155e-25   5.2482e-31  1.08949e-25  7.91989e-32  1.32472e-26  1.50221e-32   1.3171e-27  4.47284e-33  1.09457e-28   1.1674e-33  7.63464e-30  2.16969e-34  4.44255e-31  3.05461e-35  2.12562e-32  3.42062e-36  8.16693e-34  2.94252e-37  2.42432e-35  1.82724e-38  5.21803e-37   7.7253e-40   7.3033e-39  1.96842e-41  5.25948e-41  1.95864e-43
-1.65509e-21  1.26342e-07  1.83446e-20 -1.89993e-06 -7.84965e-20  1.42955e-05   1.9764e-19 -6.69694e-05 -2.21739e-19  0.000212604 -5.89615e-19 -0.000473004  3.57091e-18  0.000737002 -8.94305e-18 -0.000769772  1.39722e-17  0.000461143 -1.54198e-17 -4.29305e-05  1.49341e-17 -0.000139024  -1.8236e-17  5.70783e-05  2.59258e-17   3.5927e-05 -2.92446e-17 -1.98436e-05  2.05348e-17 -1.19702e-05  -4.9471e-18  4.25812e-06 -5.00004e-18   4.2707e-06  4.64017e-18 -2.48005e-08 -2.27091e-19  -1.1237e-06  -1.6338e-18 -4.01396e-07  7.56607e-19  1.07135e-07  1.81915e-19  1.37359e-07 -2.43305e-19  3.98519e-08  2.74715e-20 -8.92959e-09  4.41162e-20 -1.21178e-08 -1.58881e-20 -4.54502e-09 -6.00423e-21 -2.84093e-10  4.31204e-21  5.79095e-10  6.16729e-22   3.4715e-10 -9.21848e-22  1.01679e-10  1.66423e-22  8.13048e-12  1.38772e-22 -8.00877e-12 -1.25765e-22  -4.9843e-12 -5.61281e-23 -1.67532e-12   3.7528e-23 -3.52074e-13  3.01335e-23 -2.40308e-14   4.1564e-25  1.64356e-14 -6.96679e-24  9.07047e-15 -3.03352e-24  2.85954e-15 -7.77321e-26  6.60456e-16  4.34207e-25   1.1352e-16  2.08094e-25  1.22892e-17  3.74083e-26 -2.79152e-19 -1.02373e-26 -5.49803e-19  -9.1278e-27 -1.69517e-19 -2.83721e-27 -3.61692e-20 -3.52418e-28 -6.16475e-21  7.75993e-29 -8.74319e-22  5.35604e-29 -1.04009e-22   1.6226e-29 -1.02255e-23  3.67605e-30 -7.88773e-25  7.04489e-31 -3.97477e-26  1.18707e-31  1.96915e-28  2.22415e-32  3.24996e-28  5.29485e-33  4.46238e-29  1.13719e-33  4.03513e-30  1.83744e-34  2.77176e-31  2.29001e-35  1.49099e-32  2.26112e-36   6.2403e-34  1.69196e-37   1.9671e-35  8.91273e-39  4.36392e-37  3.02549e-40  5.93188e-39  5.36242e-42  3.22211e-41
-2.56655e-08 -1.20717e-20  7.26678e-07  7.59864e-20 -7.72254e-06 -2.56542e-19  4.72291e-05  5.73088e-19 -0.000189776 -5.89615e-19  0.000530002 -1.42828e-18  -0.00104774  7.78572e-18   0.00144534 -1.72911e-17  -0.00130035  2.31804e-17   0.00059223 -2.02221e-17  9.95263e-05  1.40544e-17 -0.000250396 -1.64204e-17   3.2889e-05  2.81557e-17  7.84343e-05 -3.45991e-17 -1.22036e-05  2.42008e-17 -2.51244e-05 -4.83613e-18 -2.52218e-07 -6.64935e-18  7.12857e-06  5.37573e-18  2.08575e-06 -2.25269e-20 -1.17609e-06 -1.82827e-18 -9.65653e-07  7.17252e-19 -1.17631e-07    2.177e-19  1.67145e-07  -2.2374e-19  1.03578e-07  1.79552e-20  1.65401e-08  3.98762e-20 -1.15616e-08  -1.3956e-20 -8.95148e-09 -5.72456e-21 -2.72643e-09  3.82808e-21 -1.96955e-11  5.72372e-22  3.93109e-10 -6.17892e-22  2.10303e-10  2.76153e-22  6.00173e-11  3.25212e-23  6.24379e-12 -2.14061e-22 -3.35129e-12 -5.36842e-23 -2.29664e-12  6.73162e-23 -8.11741e-13  4.23347e-23 -1.92544e-13 -1.11303e-24 -2.66645e-14 -1.01086e-23  1.45214e-15 -4.17478e-24  2.28177e-15 -1.50368e-25  8.53992e-16  5.37864e-25  2.20237e-16  2.61496e-25  4.40522e-17  4.85153e-26  6.87921e-18 -1.14804e-26  7.63548e-19  -1.0783e-26  2.94308e-20 -3.41064e-27 -1.18892e-20 -4.55903e-28 -4.01695e-21  7.14963e-29  -8.0602e-22  5.54569e-29 -1.25246e-22  1.73271e-29 -1.60995e-23  4.13462e-30 -1.75087e-24  8.38442e-31 -1.61934e-25   1.4748e-31  -1.2666e-26  2.66295e-32 -8.24172e-28  5.41746e-33 -4.31466e-29  9.89673e-34 -1.68815e-30  1.39849e-34 -3.89344e-32    1.537e-35  3.32896e-34  1.32651e-36  7.58917e-35  8.51325e-38  3.48692e-36  3.71095e-39  8.54191e-38  9.59002e-41  1.01586e-39  9.65163e-43
   5.064e-21 -1.92111e-07 -5.79583e-20  3.15998e-06    2.558e-19 -2.60772e-05 -7.30659e-19  0.000134517  1.49896e-18 -0.000473004 -1.42828e-18   0.00117629 -3.15992e-18  -0.00208045  1.55661e-17   0.00254322 -3.08649e-17  -0.00194404  3.56918e-17  0.000588708 -2.36972e-17  0.000378487  8.38206e-18 -0.000354892 -9.83808e-18 -4.92722e-05  2.75971e-17  0.000123993 -3.85467e-17  1.66015e-05  2.69238e-17 -3.70927e-05 -4.34304e-18 -1.14844e-05 -7.98353e-18  7.91037e-06  5.64667e-18  5.54108e-06  2.84369e-19 -1.56436e-07 -1.87298e-18 -1.45572e-06  5.90348e-19 -5.81504e-07  2.33594e-19  6.66342e-08 -1.81842e-19   1.5698e-07  1.06049e-20  6.45142e-08  3.24908e-20  2.98531e-09 -1.19386e-20 -1.00315e-08 -5.52337e-21 -5.81022e-09  2.94559e-21 -1.51822e-09  6.76957e-22  4.08536e-11 -6.96807e-23  2.27803e-10  3.77183e-22  1.14533e-10 -1.56394e-22  3.29154e-11  -3.2815e-22  4.52864e-12 -3.93254e-23  -9.6502e-13  1.07915e-22 -8.72302e-13   5.7106e-23 -3.31976e-13 -3.15754e-24 -8.67338e-14 -1.37441e-23  -1.5908e-14  -5.4899e-24 -1.49299e-15 -2.90257e-25  2.55844e-16  6.09509e-25  1.70893e-16  3.01679e-25  5.18051e-17  5.60997e-26  1.15523e-17 -1.27678e-26  2.06832e-18 -1.20485e-26  3.02149e-19 -3.81997e-27  3.49866e-20 -5.32979e-28  2.82005e-21  6.03749e-29  4.76819e-23  5.34399e-29 -3.44829e-23  1.72552e-29 -8.06709e-24  4.29528e-30 -1.19372e-24  8.96661e-31 -1.37405e-25  1.58761e-31 -1.29871e-26    2.728e-32 -1.02504e-27  4.88185e-33 -6.76397e-29  7.73057e-34 -3.69953e-30  9.58335e-35 -1.64793e-31  9.24171e-36  -5.8082e-33  6.89909e-37 -1.54656e-34  3.72959e-38 -2.88207e-36  1.29926e-39 -3.23228e-38   2.3323e-41 -1.38949e-40
 2.99973e-08  3.30817e-20  -9.3898e-07 -2.12323e-19  1.10419e-05  7.27734e-19 -7.48847e-05 -1.85388e-18   0.00033494  3.57091e-18  -0.00104774 -3.15992e-18   0.00234433  -6.3895e-18   -0.0037304  2.85537e-17   0.00403627 -5.09207e-17  -0.00255992  5.12213e-17  0.000325026 -2.47033e-17     0.000788 -2.60412e-18 -0.000387594  1.15481e-18  -0.00020102   2.4521e-17  0.000146481 -4.07689e-17  7.04301e-05  2.83122e-17 -3.78195e-05 -3.46375e-18 -2.87547e-05 -8.82204e-18  3.50267e-06  5.39327e-18  9.10492e-06  6.53197e-19  2.38207e-06 -1.75658e-18 -1.33899e-06  3.99391e-19 -1.15805e-06  2.21985e-19 -2.34685e-07 -1.26443e-19  1.34367e-07  8.03692e-21  1.15567e-07  2.48379e-20  3.44518e-08 -1.03241e-20  -2.4091e-09 -6.13234e-21 -7.03603e-09  1.68458e-21 -3.40269e-09   1.1081e-21 -8.07597e-10  7.28849e-22   2.5287e-11  4.25121e-22  1.13091e-10 -4.40095e-22  5.57019e-11 -4.61116e-22  1.64729e-11 -9.16165e-24  2.84561e-12   1.5918e-22 -6.22659e-14  7.42021e-23 -2.54143e-13 -5.34149e-24   -1.102e-13 -1.75353e-23 -3.14386e-14 -6.89412e-24 -6.70021e-15  -5.2091e-25 -1.03546e-15  6.20451e-25 -8.27792e-17  3.15408e-25  1.27136e-17  5.65599e-26  7.34871e-18 -1.46108e-26  1.96236e-18 -1.28988e-26  3.89514e-19 -4.03104e-27  6.29639e-20 -5.74652e-28  8.51841e-21  4.63631e-29  9.65982e-22  4.82045e-29  8.98872e-23  1.61033e-29  6.42382e-24   4.1334e-30   2.7238e-25  8.69076e-31 -8.32735e-27  1.51397e-31 -3.12217e-27   2.4548e-32 -3.74515e-28  3.91825e-33 -3.09743e-29  5.43623e-34 -1.95587e-30  5.91541e-35 -9.59907e-32  4.97282e-36 -3.60292e-33  3.16937e-37 -9.88233e-35  1.40886e-38  -1.8046e-36  3.72032e-40 -1.75247e-38  3.78617e-42
-1.20304e-20  1.86917e-07  1.42972e-19 -3.45679e-06 -6.31414e-19   3.2043e-05  1.79765e-18 -0.000185834 -4.25735e-18  0.000737002  7.78572e-18  -0.00208045  -6.3895e-18   0.00422705 -1.18119e-17  -0.00607901  4.80718e-17   0.00579981 -7.76679e-17  -0.00292547  6.86523e-17 -0.000297537 -2.25719e-17   0.00125601 -1.78714e-17  -0.00027247  1.47422e-17 -0.000404406  1.99033e-17  0.000112337 -4.11878e-17  0.000140683  2.81322e-17  -1.5944e-05 -2.23781e-18 -4.65624e-05 -9.09833e-18 -8.30873e-06  4.66968e-18   1.0282e-05   1.0302e-18  6.11637e-06 -1.49892e-18 -5.38181e-08  1.79794e-19 -1.49669e-06  1.81069e-19 -7.01897e-07 -6.97116e-20 -2.84598e-08  1.17506e-20  1.27169e-07  2.01368e-20  7.24564e-08 -9.44248e-21  1.62508e-08 -8.17265e-21 -3.20761e-09  1.70254e-22 -4.23408e-09   2.0139e-21 -1.82497e-09  1.72372e-21 -4.17227e-10  3.63351e-22  1.60181e-12 -8.20148e-22  4.73412e-11 -6.01147e-22  2.38092e-11  3.97139e-23   7.3384e-12  2.19872e-22  1.49816e-12  9.33484e-23  1.30725e-13 -6.99615e-24 -4.55034e-14 -2.09855e-23 -2.76884e-14 -8.25721e-24 -8.83532e-15 -8.54912e-25 -2.08362e-15  5.45869e-25 -3.85496e-16  2.91375e-25 -5.45902e-17  4.68212e-26 -4.92552e-18 -1.75992e-26  1.01829e-19 -1.34259e-26  1.59747e-19 -4.05797e-27  4.17017e-20 -5.82128e-28  7.56236e-21  3.12231e-29  1.09887e-21  4.07981e-29  1.33592e-22  1.41111e-29  1.37867e-23  3.68882e-30  1.20906e-24  7.67657e-31   8.9321e-26  1.29511e-31  5.44873e-27  1.96836e-32  2.63819e-28  2.82055e-33   9.2678e-30  3.44709e-34  1.69656e-31  3.28629e-35 -3.65969e-33  2.38752e-36 -4.03499e-34  1.27727e-37 -1.47336e-35  4.51264e-39 -2.74765e-37  8.24507e-41 -1.87971e-39
-2.05706e-08 -7.16388e-20  7.47801e-07  4.72687e-19 -1.01285e-05 -1.57804e-18  7.87383e-05  3.93567e-18 -0.000403037 -8.94305e-18   0.00144534  1.55661e-17   -0.0037304 -1.18119e-17   0.00694162 -1.99762e-17  -0.00905499  7.43298e-17   0.00756266 -1.09549e-16  -0.00279053  8.59818e-17  -0.00129323  -1.7362e-17   0.00164505 -3.49495e-17  4.49044e-05  2.81738e-17 -0.000604871  1.50025e-17 -4.80255e-06 -3.99129e-17  0.000203649  2.63986e-17  3.49297e-05 -7.71888e-19 -5.49006e-05 -8.86117e-18 -2.66744e-05   3.6172e-18  6.17478e-06  1.36508e-18  9.60504e-06 -1.14177e-18  2.57631e-06 -3.11919e-20 -1.12482e-06  1.14113e-19 -1.13689e-06 -2.36488e-20 -3.37231e-07  2.20065e-20    5.222e-08  2.07862e-20  9.15324e-08 -9.52037e-21  4.04159e-08 -1.18519e-20  7.04021e-09   -1.296e-21 -2.30483e-09  3.47045e-21 -2.23813e-09  2.78912e-21 -9.00598e-10  1.28675e-22 -2.08482e-10 -1.28695e-21 -9.50573e-12 -7.33818e-22  1.59846e-11  1.08484e-22  8.70956e-12  2.87887e-22  2.82663e-12   1.1444e-22  6.49777e-13  -7.1731e-24  9.75747e-14 -2.34873e-23  2.24004e-15 -9.41233e-24 -4.34363e-15  -1.2841e-24 -1.78385e-15  3.73715e-25 -4.69327e-16  2.24154e-25 -9.59524e-17  2.54867e-26 -1.59532e-17 -2.21236e-26  -2.1495e-18 -1.37729e-26 -2.21281e-19 -3.94829e-27 -1.32653e-20 -5.64387e-28  7.47396e-22  1.60638e-29   3.7557e-22  3.23182e-29  6.90184e-23  1.16004e-29   9.1436e-24  3.05246e-30  9.71985e-25  6.20103e-31  8.56536e-26  1.00141e-31  6.31095e-27  1.41829e-32  3.87385e-28   1.8286e-33    1.956e-29  1.97161e-34  7.94396e-31  1.63958e-35  2.50397e-32  1.01755e-36  5.78111e-34  4.46537e-38  8.80917e-36  1.19031e-39  6.98291e-38  1.22872e-41
 2.25193e-20 -9.64994e-08   -2.838e-19  2.18247e-06  1.26839e-18 -2.41965e-05 -3.38895e-18  0.000165614   7.7624e-18 -0.000769772 -1.72911e-17   0.00254322  2.85537e-17  -0.00607901 -1.99762e-17    0.0104463 -3.09452e-17   -0.0123947  1.05688e-16   0.00895114  -1.4297e-16  -0.00196362  1.00584e-16  -0.00255439 -9.84928e-18   0.00178587 -5.06398e-17  0.000563395  3.86922e-17  -0.00072116  1.08582e-17 -0.000207241 -3.71915e-17  0.000225482  2.34121e-17  0.000109946  7.66905e-19 -4.25901e-05 -8.24723e-18 -4.63673e-05  2.41425e-18 -4.89218e-06  1.62349e-18  1.05339e-05 -7.33981e-19  5.95805e-06 -2.03114e-19  2.89392e-07  2.74128e-20 -1.21372e-06  3.12505e-21 -6.92312e-07  3.78868e-20 -1.25603e-07  2.73646e-20  6.16062e-08 -1.07708e-20  5.57084e-08 -1.67551e-20  2.06626e-08 -2.20478e-21  2.97891e-09  5.46519e-21 -1.23946e-09  3.73993e-21  -1.0451e-09 -3.39039e-22 -4.06712e-10 -1.82219e-21 -9.83657e-11 -8.45587e-22 -9.91022e-12  1.96001e-22  3.85035e-12  3.60648e-22  2.60937e-12  1.37698e-22  9.09304e-13 -4.74045e-24  2.28207e-13  -2.4408e-23  4.27046e-14 -1.01738e-23  5.24044e-15 -1.77192e-24   2.8384e-17  1.12132e-25 -2.02272e-16  1.17226e-25 -6.96779e-17 -6.27083e-27 -1.59503e-17 -2.80936e-26 -2.88699e-18 -1.40413e-26 -4.33498e-19 -3.75642e-27 -5.46566e-20 -5.32687e-28 -5.73201e-21  1.63134e-30 -4.81023e-22  2.37466e-29 -2.85617e-23  8.91485e-30 -5.08952e-25   2.3391e-30  1.41942e-25  4.58965e-31  2.38107e-26  7.03057e-32  2.34668e-27  9.22852e-33  1.71074e-28  1.06997e-33  9.66112e-30   1.0162e-34  4.22068e-31  7.31845e-36  1.38431e-32    3.819e-37  3.19407e-34   1.3301e-38  4.50875e-36  2.44398e-40  2.52395e-38
 4.49749e-09  1.23737e-19 -2.57203e-07 -8.64374e-19  4.75802e-06  2.84977e-18 -4.73148e-05 -6.35043e-18  0.000299147  1.39722e-17  -0.00130035 -3.08649e-17   0.00403627  4.80718e-17  -0.00905499 -3.09452e-17    0.0144911 -4.39923e-17   -0.0156708  1.38449e-16   0.00958894 -1.72828e-16 -0.000395049  1.09806e-16  -0.00385861 -1.27859e-18   0.00153442 -6.20004e-17   0.00120916  4.44343e-17 -0.000671318  7.95053e-18 -0.000463058 -3.33787e-17  0.000174347  1.97072e-17   0.00019048    2.194e-18 -2.68361e-06 -7.43659e-18 -5.85103e-05  1.22368e-18 -2.17401e-05  1.79114e-18  6.65664e-06 -3.17708e-19   8.6659e-06 -3.17201e-19   2.6296e-06 -7.13426e-20 -6.29012e-07  7.39995e-21 -8.95508e-07    5.729e-20 -3.59953e-07  3.80882e-20 -3.13459e-08 -1.34413e-20  4.49054e-08 -2.18146e-20  2.99457e-08  -1.8803e-21  9.88851e-09   7.9098e-21  1.32334e-09   4.3712e-21 -5.24168e-10 -1.08271e-21 -4.27784e-10 -2.40251e-21 -1.65586e-10 -9.27107e-22 -4.23488e-11  2.98616e-22 -6.32005e-12  4.35561e-22  3.23798e-13  1.63698e-22   5.8622e-13  1.42769e-24  2.32691e-13 -2.32002e-23  6.32243e-14 -1.03622e-23  1.32799e-14 -2.25206e-24  2.17243e-15 -2.07909e-25  2.52025e-16 -1.62929e-26  1.00892e-17  -4.4495e-26 -4.29206e-18 -3.48009e-26 -1.50828e-18 -1.42229e-26  -3.1485e-19 -3.51979e-27 -5.08713e-20 -4.95225e-28 -6.79671e-21 -1.12368e-29 -7.68183e-22  1.58885e-29  -7.3863e-23  6.36626e-30 -6.01328e-24  1.65627e-30 -4.08399e-25  3.11456e-31 -2.24614e-26  4.49266e-32  -9.3987e-28   5.4363e-33 -2.50579e-29  5.65292e-34 -3.75517e-32  4.70858e-35  3.40665e-32  2.90561e-36  1.76818e-33  1.24697e-37  4.60728e-35  3.27509e-39  5.73027e-37  3.39002e-41
-3.31039e-20  -1.2709e-09  4.55213e-19 -3.30134e-07 -2.14638e-18  7.27959e-06  5.45429e-18 -7.40782e-05 -1.04967e-17  0.000461143  2.31804e-17  -0.00194404 -5.09207e-17   0.00579981  7.43298e-17   -0.0123947 -4.39923e-17    0.0186397 -5.75349e-17   -0.0183936    1.675e-16   0.00921597  -1.9381e-16   0.00178378  1.11713e-16  -0.00492407  6.99047e-18  0.000827997 -6.71762e-17   0.00184659  4.49251e-17  -0.00040459  6.14808e-18 -0.000709294 -2.89122e-17  3.48986e-05  1.59177e-17  0.000247758   3.3656e-18  6.25326e-05 -6.60468e-18 -5.35689e-05  1.56077e-19 -3.96943e-05  1.87007e-18  -2.9074e-06  7.86253e-20  8.87431e-06 -3.67064e-19  5.17356e-06 -1.73252e-19  6.89765e-07 -8.14847e-21   -7.307e-07  7.68201e-20 -5.40043e-07  4.88924e-20 -1.66209e-07 -1.77917e-20 -6.23528e-10 -2.54949e-20  2.59674e-08  3.96544e-22  1.45107e-08  1.06742e-20  4.47763e-09  4.51485e-21   6.3309e-10 -2.11097e-21 -1.67236e-10 -3.00152e-21 -1.50206e-10 -9.74586e-22 -5.93608e-11  4.10827e-22 -1.60546e-11  5.10467e-22 -2.98979e-12  1.93203e-22 -2.50056e-13  1.21955e-23  7.33647e-14 -1.95172e-23  4.31684e-14 -9.83462e-24  1.31706e-14 -2.63654e-24  3.00401e-15 -5.36864e-25  5.51508e-16 -1.55872e-25  8.23512e-17  -8.3136e-26  9.63629e-18 -4.10287e-26   7.5026e-19 -1.41953e-26 -8.96507e-22 -3.24936e-27 -1.33124e-20 -4.54715e-28 -2.95723e-21 -2.14529e-29 -4.39899e-22  9.33629e-30 -5.15682e-23  4.18882e-30 -4.98743e-24   1.0803e-30 -4.03637e-25  1.93687e-31 -2.73378e-26  2.61513e-32 -1.53537e-27  2.90124e-33 -7.02369e-29   2.6936e-34  -2.5428e-30  1.95341e-35 -6.96037e-32  1.01732e-36 -1.33368e-33  3.47627e-38 -1.53719e-35  6.29535e-40 -6.80483e-38
 4.10967e-09  -1.6873e-19 -9.97294e-08  1.29686e-18  4.85465e-07 -4.48101e-18  4.99691e-06  8.96135e-18 -8.49806e-05 -1.54198e-17   0.00059223  3.56918e-17  -0.00255992 -7.76679e-17   0.00756266  1.05688e-16   -0.0156708 -5.75349e-17    0.0223691 -6.94341e-17   -0.0201484  1.87724e-16   0.00777458    -2.02e-16    0.0042859  1.05679e-16  -0.00549155  1.37983e-17 -0.000284993 -6.57645e-17   0.00231489  4.10193e-17  7.49892e-05  4.91075e-18 -0.000868716 -2.42713e-17  -0.00018156  1.26118e-17  0.000251942  4.22059e-18  0.000139632 -5.88324e-18 -2.55538e-05 -7.41576e-19 -5.15727e-05  1.87059e-18  -1.6673e-05  4.39285e-19  5.18448e-06 -3.56148e-19  6.74057e-06 -2.67179e-19  2.43566e-06 -3.59431e-20 -9.13049e-08  9.17727e-20 -5.32789e-07  5.41586e-20 -2.84413e-07 -2.40234e-20 -7.07372e-08 -2.61585e-20  4.55596e-09  5.20636e-21  1.26962e-08  1.36248e-20  6.37928e-09  4.09555e-21  1.91297e-09 -3.38216e-21  3.08966e-10 -3.58811e-21 -3.16687e-11 -9.87919e-22 -4.33488e-11  5.26947e-22 -1.81319e-11  5.84016e-22 -5.17578e-12  2.26868e-22 -1.09864e-12  2.79079e-23 -1.61791e-13 -1.33057e-23 -8.22286e-15 -8.51556e-24  4.22493e-15 -2.83344e-24  1.84061e-15 -8.17434e-25  4.73013e-16 -2.78337e-25   9.3692e-17 -1.15524e-25  1.52649e-17  -4.5398e-26  2.08407e-18 -1.37829e-26  2.37296e-19 -2.93696e-27  2.18369e-20 -4.09611e-28  1.47173e-21 -2.79639e-29  4.29714e-23  4.42463e-30 -5.82624e-24  2.50926e-30 -1.22722e-24  6.46327e-31 -1.36823e-25  1.10203e-31 -1.11438e-26  1.38576e-32  -7.0569e-28  1.40144e-33 -3.50035e-29  1.15437e-34 -1.33329e-30  7.21126e-36 -3.72035e-32  3.10147e-37 -6.91848e-34  8.02182e-39 -6.83878e-36    8.192e-41
 3.74101e-20  2.91556e-08 -5.79125e-19 -5.28946e-07  3.03826e-18  4.07261e-06 -8.00006e-18 -1.19788e-05  1.26119e-17 -4.29305e-05 -2.02221e-17  0.000588708  5.12213e-17  -0.00292547 -1.09549e-16   0.00895114  1.38449e-16   -0.0183936 -6.94341e-17    0.0252127 -7.76113e-17   -0.0207135  1.95638e-16   0.00542535 -1.96084e-16   0.00674879  9.25626e-17   -0.0053986  1.83709e-17  -0.00165412 -5.86667e-17   0.00247505  3.44131e-17  0.000703687  3.60574e-18 -0.000873705 -1.99114e-17 -0.000436189  1.01611e-17   0.00018317  4.78603e-18   0.00020662 -5.33932e-18  2.44265e-05 -1.47393e-18 -5.01452e-05  1.80255e-18 -3.07025e-05  7.54628e-19 -2.51628e-06 -2.93479e-19  6.14763e-06  -3.3875e-19  3.94596e-06  -6.5562e-20  9.13183e-07   9.6508e-20 -2.55523e-07  4.79466e-20 -3.12145e-07 -3.22043e-20 -1.35653e-07 -2.25227e-20 -2.89361e-08   1.2798e-20  2.92259e-09  1.66488e-20  5.33877e-09  3.16542e-21  2.53155e-09 -4.79485e-21  7.58434e-10 -4.12147e-21  1.41588e-10 -9.65782e-22  3.61952e-12  6.43506e-22 -9.35048e-12  6.55938e-22 -4.49494e-12  2.64898e-22 -1.36568e-12  4.82118e-23 -3.14961e-13 -4.85102e-24 -5.65385e-14 -6.42277e-24 -7.37163e-15 -2.77052e-24 -4.37204e-16 -9.99001e-25  1.00038e-16 -3.63768e-25  4.33811e-17  -1.3616e-25  9.99215e-18 -4.68179e-26  1.74758e-18  -1.2851e-26  2.51235e-19 -2.57237e-27  3.05005e-20 -3.57494e-28  3.15115e-21 -3.02454e-29   2.7611e-22  1.19866e-30  2.02393e-23  1.34381e-30   1.2059e-24  3.52652e-31   5.4884e-26  5.72064e-32  1.58959e-27  6.67145e-33  2.68275e-31  6.11219e-34 -2.94268e-30  4.42898e-35  -1.7678e-31  2.34758e-36  -5.7142e-33  8.07559e-38 -1.02002e-34  1.44611e-39 -6.85494e-37
-2.38033e-09  1.76206e-19   1.0872e-07 -1.55049e-18 -1.66529e-06  6.04986e-18  1.31243e-05 -1.23073e-17 -5.69511e-05  1.49341e-17  9.95263e-05 -2.36972e-17  0.000325026  6.86523e-17  -0.00279053  -1.4297e-16   0.00958894    1.675e-16   -0.0201484 -7.76113e-17    0.0268883  -8.0736e-17   -0.0201087  1.90514e-16   0.00248941 -1.77623e-16   0.00883333  7.44026e-17   -0.0046172  2.03686e-17  -0.00306886 -4.76012e-17   0.00224865  2.69964e-17   0.00137327  1.77896e-18 -0.000687753 -1.61894e-17  -0.00067162  8.68812e-18  4.00369e-05  5.14876e-18  0.000239302 -4.97425e-18  8.69703e-05 -2.07287e-18 -3.11337e-05  1.66893e-18 -3.96567e-05   1.0138e-18 -1.26106e-05 -1.89247e-19  2.79725e-06 -3.70764e-19  4.43094e-06  -8.6323e-20  1.94335e-06  8.53548e-20  2.58584e-07  2.54487e-20 -1.99669e-07 -4.22288e-20 -1.57915e-07 -1.40734e-20 -5.99179e-08  2.29407e-20 -1.18238e-08  1.96559e-20   1.0448e-09  1.90439e-21   1.9168e-09 -6.18967e-21  8.92725e-10 -4.54524e-21  2.71704e-10 -8.99616e-22   5.7201e-11  7.61526e-22  6.26251e-12  7.27081e-22 -1.05063e-12  3.06793e-22 -8.24935e-13  7.20153e-23 -2.79538e-13    5.238e-24 -6.90082e-14 -3.68052e-24 -1.35943e-14 -2.41744e-24 -2.17084e-15 -1.05098e-24 -2.71656e-16 -4.00536e-25 -2.27877e-17  -1.4218e-25 -5.59464e-20 -4.48501e-26  4.35225e-19 -1.13816e-26   1.0433e-19 -2.15885e-27  1.66332e-20 -2.98208e-28  2.09026e-21 -2.86248e-29  2.17211e-22 -5.59163e-31  1.89577e-23  6.22905e-31  1.39188e-24  1.74047e-31  8.53477e-26  2.69768e-32   4.3052e-27   2.9079e-33  1.74346e-28  2.39677e-34  5.45746e-30  1.51081e-35  1.24214e-31  6.65075e-37  1.84258e-33  1.74015e-38  1.39121e-35  1.76499e-40
-3.09593e-20 -5.90159e-09  5.60141e-19  2.41573e-07 -3.44546e-18 -3.62528e-06  1.04528e-17  2.91016e-05 -1.62859e-17 -0.000139024  1.40544e-17  0.000378487 -2.47033e-17 -0.000297537  8.59818e-17  -0.00196362 -1.72828e-16   0.00921597  1.87724e-16   -0.0207135  -8.0736e-17    0.0273595 -7.86729e-17   -0.0185607  1.74486e-16 -0.000652334 -1.50344e-16    0.0103021  5.37936e-17  -0.00324601  1.98403e-17  -0.00431408 -3.45342e-17   0.00163508  2.03073e-17   0.00195916 -7.14328e-19 -0.000316854  -1.3307e-17 -0.000827324  8.09469e-18 -0.000157792  5.41267e-18  0.000219098 -4.73795e-18   0.00014625 -2.57369e-18  4.51245e-06  1.46303e-18 -3.86646e-05   1.2011e-18 -2.20171e-05 -5.14303e-20 -2.88372e-06 -3.45705e-19  3.32773e-06 -8.97812e-20  2.53925e-06  5.39224e-20  8.44304e-07 -1.57088e-20   4.3039e-08  -5.3829e-20 -1.12565e-07 -1.31464e-21 -7.10268e-08   3.4871e-20 -2.47608e-08   2.2558e-20 -4.88338e-09  5.85039e-22  1.47751e-10 -7.36452e-21  5.69517e-10 -4.78507e-21  2.72412e-10 -7.69633e-22  8.51282e-11  8.87477e-22  1.95619e-11  7.99092e-22  3.12785e-12  3.51225e-22  1.90988e-13  9.75995e-23 -8.27859e-14   1.6104e-23  -3.9834e-14 -5.14586e-25 -1.09451e-14 -1.79884e-24  -2.3018e-15 -9.70591e-25 -3.96869e-16 -3.87814e-25 -5.71873e-17 -1.33974e-25 -6.84688e-18 -3.98357e-26  -6.5705e-19 -9.49607e-27 -4.48661e-20  -1.7186e-27 -9.63984e-22 -2.34978e-28  2.87292e-22 -2.42097e-29  5.67535e-23 -1.23471e-30  6.60846e-24  2.32165e-31  5.76744e-25   7.6739e-32  3.97685e-26  1.14845e-32  2.18318e-27   1.1416e-33  9.40064e-29  8.39759e-35  3.06279e-30  4.53661e-36  7.05158e-32  1.60719e-37  9.96003e-34  2.92684e-39  5.59093e-36
-8.57992e-10 -1.32361e-19  1.04324e-08  1.39423e-18  2.25337e-07 -6.58547e-18 -5.29366e-06  1.58902e-17  4.81788e-05  -1.8236e-17 -0.000250396  8.38206e-18     0.000788 -2.25719e-17  -0.00129323  1.00584e-16 -0.000395049  -1.9381e-16   0.00777458  1.95638e-16   -0.0201087 -7.86729e-17    0.0268099 -7.24836e-17   -0.0164114  1.51649e-16  -0.00365872 -1.18849e-16    0.0110531  3.32257e-17  -0.00146832  1.71422e-17  -0.00521773 -2.12305e-17  0.000705196  1.52372e-17   0.00235046 -3.73092e-18  0.000191992 -1.12945e-17 -0.000855657  8.14464e-18 -0.000373581  5.66425e-18   0.00013942 -4.55032e-18  0.000184361 -3.00114e-18  5.00543e-05  1.16961e-18 -2.52929e-05  1.29801e-18  -2.7144e-05  1.15795e-19 -9.39437e-06 -2.49873e-19  6.18273e-07 -7.15472e-20   2.3177e-06  4.49455e-22  1.25723e-06 -7.46795e-20  3.36918e-07 -6.66327e-20  -4.3858e-09  1.42265e-20 -5.17925e-08   4.7358e-20 -2.86621e-08  2.52414e-20 -9.54268e-09 -4.86341e-22 -1.98247e-09 -8.10177e-21 -8.97943e-11 -4.75358e-21  1.29613e-10 -5.45809e-22  6.90079e-11  1.03193e-21  2.24584e-11  8.73626e-22   5.4899e-12  3.96053e-22  1.03584e-12  1.22846e-22  1.39672e-13  2.67585e-23   7.5839e-15  2.77371e-24 -2.55189e-15 -9.92813e-25 -1.07728e-15 -7.82425e-25 -2.56997e-16 -3.34821e-25  -4.7033e-17 -1.14783e-25 -7.10001e-18 -3.27478e-26 -9.06385e-19 -7.41689e-27 -9.84852e-20 -1.28705e-27 -9.06277e-21 -1.73335e-28 -6.94418e-22 -1.84801e-29 -4.26813e-23 -1.25473e-30 -1.91943e-24  5.29502e-32 -4.30765e-26  2.96048e-32  1.87067e-27  4.37379e-33  2.63005e-28  4.00686e-34  1.53547e-29  2.60583e-35  5.59596e-31  1.18196e-36  1.26608e-32  3.20741e-38  1.46502e-34  3.32774e-40
 1.66414e-20 -7.71288e-09 -3.78397e-19  1.23161e-07  2.89696e-18 -5.81328e-07 -1.10901e-17 -3.17126e-06  2.14603e-17  5.70783e-05 -1.64204e-17 -0.000354892 -2.60412e-18   0.00125601  -1.7362e-17  -0.00255439  1.09806e-16   0.00178378    -2.02e-16   0.00542535  1.90514e-16   -0.0185607 -7.24836e-17    0.0255562 -6.40025e-17   -0.0140117  1.26638e-16  -0.00629236 -8.73507e-17    0.0111084  1.46187e-17  0.000502187  1.28546e-17  -0.00567768 -9.00462e-18 -0.000422029  1.20007e-17   0.00247238 -6.95987e-18  0.000762843 -1.00399e-17 -0.000733534  8.55771e-18 -0.000562425  5.95867e-18  8.53016e-06  -4.3233e-18  0.000186634 -3.36761e-18  9.44148e-05  7.69825e-19 -8.21598e-07  1.28971e-18 -2.51941e-05  3.11691e-19  -1.4575e-05 -7.77381e-20 -3.05131e-06 -3.19778e-20   1.1686e-06 -7.32565e-20  1.27864e-06 -1.47353e-19  5.60932e-07 -8.02473e-20  1.28859e-07  3.02436e-20 -5.86117e-09  5.88833e-20 -2.00467e-08   2.7551e-20 -1.03257e-08 -1.03345e-21 -3.37451e-09 -8.20279e-21 -7.51675e-10 -4.36444e-21  -8.4013e-11 -1.95137e-22  1.73069e-11  1.20574e-21  1.34724e-11  9.51159e-22  4.74846e-12  4.38422e-22   1.2226e-12  1.45519e-22  2.50441e-13  3.62184e-23  4.12429e-14   5.8512e-24  5.20497e-15 -1.14559e-25  3.98757e-16 -5.30382e-25 -1.81372e-17 -2.57309e-25 -1.38676e-17 -8.94945e-26 -3.16468e-18 -2.48538e-26 -5.14699e-19  -5.3948e-27 -6.73103e-20 -9.00649e-28  -7.3501e-21 -1.18893e-28 -6.78612e-22 -1.27943e-29 -5.30146e-23 -9.78842e-31  -3.4799e-24 -1.07073e-32  -1.8924e-25  9.59604e-33  -8.3361e-27  1.46975e-33 -2.87366e-28  1.24429e-34 -7.34095e-30  7.07294e-36 -1.26551e-31  2.61499e-37 -1.21829e-33  4.98038e-39 -3.71159e-36
