 3.09954e-19 -2.71864e-32 -2.19802e-17  2.02841e-30  6.05446e-16  -4.3043e-29 -9.94973e-15  5.00167e-28  1.11607e-13 -3.84803e-27 -9.06293e-13  2.09631e-26  5.44652e-12 -8.15691e-26 -2.40565e-11  2.19803e-25  7.46062e-11 -3.77489e-25 -1.42372e-10  3.32449e-25  1.01681e-10
-2.71864e-32  3.15095e-17 -1.16392e-30  -1.2649e-15  5.62135e-29  2.63627e-14 -8.90909e-28 -3.55882e-13  8.24452e-27  3.39808e-12 -5.20121e-26 -2.38457e-11  2.33284e-25  1.23927e-10 -7.34845e-25 -4.65758e-10  1.53717e-24  1.17037e-09 -1.86751e-24 -1.54729e-09  8.59231e-25
-2.19802e-17 -1.16392e-30   1.5718e-15 -2.60583e-29 -4.36804e-14   8.7528e-28  7.24616e-13 -1.06186e-26 -8.21009e-12  7.90755e-26  6.73889e-11 -4.09082e-25 -4.09672e-10  1.49349e-24  1.83176e-09 -3.70585e-24 -5.75279e-09  5.68783e-24  1.10979e-08 -4.29485e-24  -7.8775e-09
 2.02841e-30  -1.2649e-15 -2.60583e-29  5.12282e-14 -3.63904e-28 -1.07775e-12  8.84065e-27  1.46951e-11 -8.36048e-26  -1.4182e-10  5.05659e-25  1.00665e-09 -2.14017e-24 -5.29591e-09  6.22797e-24  2.01609e-08 -1.15199e-23 -5.12952e-08  1.14173e-23  6.82359e-08 -4.00061e-24
 6.05446e-16  5.62135e-29 -4.36804e-14 -3.63904e-28  1.22531e-12 -3.40317e-27 -2.05302e-11  6.13487e-26  2.35097e-10 -4.61457e-25 -1.95176e-09  2.29899e-24  1.20105e-08 -7.89565e-24 -5.44008e-08  1.72679e-23  1.73118e-07 -1.96605e-23 -3.37634e-07  6.38358e-24  2.37124e-07
 -4.3043e-29  2.63627e-14   8.7528e-28 -1.07775e-12 -3.40317e-27  2.29008e-11 -2.21199e-26 -3.15578e-10   3.0494e-25  3.08027e-09  -1.9034e-24 -2.21308e-08  7.98605e-24  1.17944e-07 -2.09853e-23 -4.55114e-07    2.447e-23  1.17296e-06  1.28574e-23 -1.56811e-06 -2.58754e-23
-9.94973e-15 -8.90909e-28  7.24616e-13  8.84065e-27 -2.05302e-11 -2.21199e-26  3.47646e-10 -1.03771e-25 -4.02623e-09  1.18543e-24  3.38318e-08 -6.66957e-24 -2.10897e-07  2.24486e-23  9.68397e-07 -2.50625e-23 -3.12463e-06 -8.86777e-23   6.1607e-06  2.56588e-22 -4.25429e-06
 5.00167e-28 -3.55882e-13 -1.06186e-26  1.46951e-11  6.13487e-26 -3.15578e-10 -1.03771e-25  4.39808e-09 -3.92971e-25 -4.34491e-08  4.41827e-24  3.16221e-07 -2.15523e-23 -1.70858e-06  2.47848e-23  6.68777e-06  2.43177e-22 -1.74674e-05 -1.04533e-21   2.3427e-05  9.75448e-22
 1.11607e-13  8.24452e-27 -8.21009e-12 -8.36048e-26  2.35097e-10   3.0494e-25 -4.02623e-09 -3.92971e-25  4.71944e-08 -1.55438e-24 -4.01707e-07  1.65744e-23  2.53879e-06 -2.43798e-23  -1.1828e-05   -4.412e-22  3.87221e-05  2.70701e-21 -7.71672e-05 -5.24776e-21  5.19382e-05
-3.84803e-27  3.39808e-12  7.90755e-26  -1.4182e-10 -4.61457e-25  3.08027e-09  1.18543e-24 -4.34491e-08 -1.55438e-24  4.34798e-07 -6.37161e-24 -3.20827e-06  1.96377e-23  1.75897e-05  5.71454e-22 -6.98976e-05  -4.9394e-21  0.000185081  1.51789e-20 -0.000248408 -1.33953e-20
-9.06293e-13 -5.20121e-26  6.73889e-11  5.05659e-25 -1.95176e-09  -1.9034e-24  3.38318e-08  4.41827e-24 -4.01707e-07 -6.37161e-24  3.46659e-06  -7.7287e-24 -2.22323e-05 -5.03287e-22  0.000105184  6.46816e-21 -0.000349621 -2.94299e-20  0.000703933  5.23849e-20 -0.000456146
 2.09631e-26 -2.38457e-11 -4.09082e-25  1.00665e-09  2.29899e-24 -2.21308e-08 -6.66957e-24  3.16221e-07  1.65744e-23 -3.20827e-06  -7.7287e-24  2.40228e-05  2.02657e-22 -0.000133769 -5.72577e-21  0.000540091  4.00702e-20  -0.00145025 -1.15112e-19   0.00194138  1.04624e-19
 5.44652e-12  2.33284e-25 -4.09672e-10 -2.14017e-24  1.20105e-08  7.98605e-24 -2.10897e-07 -2.15523e-23  2.53879e-06  1.96377e-23 -2.22323e-05  2.02657e-22   0.00014482  2.30762e-21 -0.000696389 -3.63997e-20   0.00235155  1.67989e-19  -0.00478015  -3.0349e-19   0.00293376
-8.15691e-26  1.23927e-10  1.49349e-24 -5.29591e-09 -7.89565e-24  1.17944e-07  2.24486e-23 -1.70858e-06 -2.43798e-23  1.75897e-05 -5.03287e-22 -0.000133769  2.30762e-21  0.000757159   1.4868e-20  -0.00310811 -1.59033e-19   0.00846405  4.90944e-19   -0.0112597 -4.89619e-19
-2.40565e-11 -7.34845e-25  1.83176e-09  6.22797e-24 -5.44008e-08 -2.09853e-23  9.68397e-07  2.47848e-23  -1.1828e-05  5.71454e-22  0.000105184 -5.72577e-21 -0.000696389   1.4868e-20   0.00340546  6.63078e-20   -0.0116854 -4.84324e-19    0.0239624  9.62559e-19   -0.0137103
 2.19803e-25 -4.65758e-10 -3.70585e-24  2.01609e-08  1.72679e-23 -4.55114e-07 -2.50625e-23  6.68777e-06   -4.412e-22 -6.98976e-05  6.46816e-21  0.000540091 -3.63997e-20  -0.00310811  6.63078e-20    0.0129719  2.04444e-19   -0.0358187 -9.93758e-19     0.047387   1.0383e-18
 7.46062e-11  1.53717e-24 -5.75279e-09 -1.15199e-23  1.73118e-07    2.447e-23 -3.12463e-06  2.43177e-22  3.87221e-05  -4.9394e-21 -0.000349621  4.00702e-20   0.00235155 -1.59033e-19   -0.0116854  2.04444e-19    0.0407084  4.24601e-19   -0.0842703 -1.41426e-18    0.0460558
-3.77489e-25  1.17037e-09  5.68783e-24 -5.12952e-08 -1.96605e-23  1.17296e-06 -8.86777e-23 -1.74674e-05  2.70701e-21  0.000185081 -2.94299e-20  -0.00145025  1.67989e-19   0.00846405 -4.84324e-19   -0.0358187  4.24601e-19     0.100325  6.64262e-19    -0.137045  -1.9146e-18
-1.42372e-10 -1.86751e-24  1.10979e-08  1.14173e-23 -3.37634e-07  1.28574e-23   6.1607e-06 -1.04533e-21 -7.71672e-05  1.51789e-20  0.000703933 -1.15112e-19  -0.00478015  4.90944e-19    0.0239624 -9.93758e-19   -0.0842703  6.64262e-19     0.178756  9.05345e-19    -0.126315
 3.32449e-25 -1.54729e-09 -4.29485e-24  6.82359e-08  6.38358e-24 -1.56811e-06  2.56588e-22   2.3427e-05 -5.24776e-21 -0.000248408  5.23849e-20   0.00194138  -3.0349e-19   -0.0112597  9.62559e-19     0.047387 -1.41426e-18    -0.137045  9.05345e-19     0.271669  3.75888e-18
 1.01681e-10  8.59231e-25  -7.8775e-09 -4.00061e-24  2.37124e-07 -2.58754e-23 -4.25429e-06  9.75448e-22  5.19382e-05 -1.33953e-20 -0.000456146  1.04624e-19   0.00293376 -4.89619e-19   -0.0137103   1.0383e-18    0.0460558  -1.9146e-18    -0.126315  3.75888e-18     0.391234
