 1.47941e-33  8.10661e-37  2.73112e-34 -4.75366e-37 -8.56461e-34 -4.50653e-36 -5.60241e-34  2.52877e-35  2.38272e-33 -8.77459e-36 -3.17493e-32 -8.31036e-37  3.56783e-31  8.92609e-37 -3.29852e-30 -2.35149e-36  2.55179e-29 -2.09273e-37 -1.67793e-28 -3.19784e-37  9.48176e-28   4.7923e-37 -4.64247e-27  -2.9594e-38  1.98137e-26 -1.82923e-36 -7.40253e-26  8.60344e-36  2.42754e-25 -3.71637e-35 -6.99666e-25  1.49054e-34  1.77219e-24 -5.48007e-34 -3.93855e-24  1.84432e-33  7.65478e-24 -5.69731e-33 -1.29392e-23    1.619e-32  1.88603e-23 -4.23987e-32 -2.33944e-23  1.02466e-31  2.41728e-23 -2.28734e-31 -2.00323e-23  4.71883e-31  1.22758e-23 -8.99762e-31 -4.25627e-24  1.58516e-30 -8.19058e-25 -2.57844e-30  2.06811e-24  3.86813e-30 -1.06064e-24 -5.34402e-30 -5.80433e-26  6.78706e-30  3.42206e-25 -7.90767e-30 -1.19868e-25  8.43324e-30 -5.16898e-26 -8.21353e-30  4.39486e-26  7.29064e-30  3.05958e-27 -5.88991e-30 -1.02676e-26  4.33101e-30  4.79139e-28 -2.90625e-30  1.96993e-27  1.79096e-30 -1.38811e-28 -1.02413e-30 -3.32778e-28  5.49816e-31  8.15691e-30 -2.78625e-31  4.82221e-29  1.31769e-31  3.36468e-30 -5.61124e-32 -5.38426e-30  2.01101e-32 -1.06895e-30 -5.26029e-33  3.71808e-31  4.95094e-34  1.51833e-31  3.86994e-34 -3.95223e-33 -2.60709e-34 -1.11066e-32  8.43446e-35 -1.69454e-33 -1.18321e-35  2.82856e-34 -2.92301e-36  1.24502e-34   2.2472e-36  1.02228e-35 -6.55203e-37 -2.23362e-36   9.3885e-38 -6.03711e-37  1.09093e-39 -4.09958e-38 -2.99859e-39  4.27179e-39  4.63727e-40  9.88805e-40 -1.03541e-41  6.33189e-41 -4.03536e-42 -3.91479e-43  3.52198e-43 -2.49872e-43 -3.99702e-45 -1.02716e-44 -2.82076e-46 -9.55781e-47  4.03294e-48
 8.10661e-37   3.9597e-33  5.64688e-36  4.80114e-34 -5.59691e-36 -9.20633e-34 -1.01418e-35 -6.95309e-33  6.98516e-35  1.08885e-31 -3.05798e-35 -1.37072e-30  -5.4697e-36  1.39742e-29  9.03928e-36 -1.18205e-28 -7.85478e-36  8.44133e-28  1.52558e-36 -5.15488e-27  6.16269e-37  2.71764e-26 -2.95417e-37 -1.24564e-25  5.53361e-36  4.98927e-25 -3.19161e-35 -1.75238e-24  1.46931e-34  5.40809e-24 -6.14395e-34 -1.46743e-23  2.34726e-33  3.49803e-23 -8.19989e-33 -7.30834e-23   2.6259e-32  1.33256e-22 -7.72888e-32  -2.1061e-22  2.09548e-31  2.85526e-22  -5.2427e-31  -3.2663e-22  1.21203e-30   3.0674e-22 -2.59152e-30 -2.24389e-22  5.12709e-30   1.1219e-22 -9.38548e-30 -1.87529e-23  1.58891e-29 -2.47637e-23 -2.48537e-29  2.35579e-23  3.58697e-29 -6.21557e-24 -4.76785e-29 -4.00704e-24  5.82393e-29  3.56837e-24 -6.52082e-29 -2.04196e-25  6.67349e-29 -8.69451e-25 -6.22422e-29  2.59485e-25  5.27556e-29  1.53225e-25 -4.05462e-29 -7.70535e-26  2.82396e-29 -2.42869e-26 -1.78684e-29  1.57629e-26  1.03525e-29  4.12056e-27 -5.57383e-30 -2.47531e-27  2.84267e-30 -7.52193e-28 -1.39037e-30  2.82586e-28  6.45184e-31  1.23862e-28 -2.72183e-31 -1.74112e-29  9.67138e-32 -1.52765e-29  -2.4946e-32 -6.76031e-31  2.26485e-33  1.16551e-30  1.80515e-33  2.45869e-31  -1.1931e-33 -3.31751e-32  3.89706e-34 -1.96972e-32 -6.35026e-35 -1.81269e-33 -6.45911e-36  5.06091e-34  7.36032e-36  1.46484e-34 -2.21141e-36  8.74085e-36  3.09876e-37 -2.08643e-36  4.72238e-39 -4.46972e-37 -9.15563e-39 -2.63945e-38  1.23182e-39  1.69388e-39 -1.09579e-41  3.46274e-40 -9.57955e-42   1.8034e-41  5.74321e-43  1.40545e-43 -1.94949e-45 -1.58524e-44 -1.19206e-46 -2.84233e-46
 2.73112e-34  5.64688e-36  6.32388e-33     2.12e-35  1.04971e-35 -2.12449e-35  1.25114e-32 -1.55431e-35 -2.45842e-31   1.2603e-34  3.49608e-30 -6.11541e-35 -3.95714e-29 -1.70339e-35  3.67532e-28  2.16071e-35 -2.85933e-27 -1.32601e-35  1.89129e-26  4.89737e-36  -1.0754e-25  4.82514e-36  5.29989e-25 -1.53421e-35 -2.27757e-24  8.30924e-35  8.57109e-24 -4.05788e-34  -2.8324e-23  1.77587e-33  8.23015e-23 -7.05902e-33 -2.10272e-22  2.56015e-32  4.71649e-22 -8.49669e-32 -9.25819e-22  2.58809e-31  1.58189e-21 -7.25424e-31 -2.33321e-21  1.87524e-30  2.93274e-21 -4.47886e-30 -3.07724e-21  9.89763e-30  2.59907e-21  -2.0256e-29 -1.63656e-21  3.84085e-29  6.03014e-22 -6.74704e-29  7.94903e-23  1.09735e-28 -2.69655e-22  -1.6505e-28  1.49771e-22  2.29189e-28  8.77485e-25 -2.93178e-28 -4.54917e-23  3.44566e-28  1.82436e-23 -3.70912e-28   6.1426e-24  3.64431e-28 -6.34005e-24 -3.25596e-28 -1.10279e-25  2.63523e-28  1.45127e-24 -1.92572e-28 -1.42228e-25  1.26834e-28 -2.77275e-25 -7.54341e-29   3.4633e-26  4.08807e-29  4.76021e-26 -2.05984e-29 -3.69895e-27  9.94132e-30 -7.16984e-27 -4.70265e-30 -1.52681e-28  2.15719e-30  8.54698e-28 -9.09225e-31   1.2749e-28  3.22609e-31 -6.66403e-29 -8.29077e-32 -2.17535e-29   7.8921e-33  1.69732e-30  5.40977e-33   1.8113e-30 -3.59293e-33  2.11735e-31  1.18238e-33 -5.89558e-32    -2.11e-34 -1.98059e-32 -5.54463e-36 -1.08717e-33   1.6579e-35  4.53444e-34 -5.20627e-36  9.82842e-35  7.14445e-37  4.71087e-36   1.3392e-38 -9.68872e-37 -1.91788e-38  -1.7089e-37  2.16547e-39 -8.95793e-39  1.53487e-41  2.32125e-40 -1.48043e-41  4.70679e-41  5.19974e-43  1.80133e-42  2.32456e-45  1.69816e-44  1.11782e-46
-4.75366e-37  4.80114e-34     2.12e-35  8.08656e-33  5.28266e-35 -1.89296e-32 -4.71027e-35  4.20944e-31  -2.2465e-35 -6.81309e-30  1.75918e-34    8.623e-29  -8.7943e-35 -8.83833e-28 -3.67308e-35  7.51811e-27  3.37711e-35 -5.40066e-26 -1.45677e-35  3.31855e-25  5.57961e-36 -1.76098e-24   3.5986e-35  8.12714e-24 -1.80571e-34 -3.27887e-23   9.0746e-34  1.16047e-22 -4.15465e-33 -3.61047e-22  1.72239e-32  9.88111e-22 -6.49375e-32 -2.37711e-21  2.23522e-31  5.01538e-21 -7.04706e-31 -9.24211e-21  2.04101e-30  1.47767e-20 -5.44474e-30  -2.0291e-20  1.34092e-29  2.35523e-20 -3.05467e-29 -2.25042e-20  6.44646e-29  1.68383e-20 -1.26162e-28  -8.7376e-21  2.29092e-28  1.72785e-21 -3.85944e-28  1.73609e-21  6.02784e-28 -1.81894e-21 -8.71629e-28  5.48193e-22  1.16458e-27  2.76495e-22 -1.43402e-27 -2.85766e-22  1.62222e-27  2.99054e-23 -1.67969e-27  6.64149e-23  1.58521e-27 -2.39206e-23 -1.35726e-27 -1.10254e-23  1.04912e-27  6.82847e-24 -7.28635e-28  1.63328e-24  4.53122e-28 -1.40011e-24 -2.52416e-28 -2.72833e-25  1.27154e-28  2.26715e-25 -5.94655e-29  5.31707e-26  2.70107e-29 -2.77696e-26 -1.23978e-29 -9.61497e-27  5.67939e-30  2.09086e-27 -2.41381e-30  1.30244e-27  8.59479e-31 -3.21174e-30 -2.21069e-31 -1.11035e-28  2.29298e-32 -1.84293e-29  1.21201e-32   4.1484e-30 -8.26471e-33  1.78638e-30  2.75152e-33    1.064e-31 -5.28295e-34 -5.69639e-32  1.18944e-35 -1.32378e-32  2.95766e-35 -4.49605e-34  -9.9013e-36  2.44257e-34  1.32592e-36   4.2108e-35  3.10217e-38  1.80619e-36 -3.18856e-38  -2.3888e-37  2.85171e-39  -3.5528e-38  7.83443e-41 -1.59179e-39 -1.69021e-41  2.67362e-42  2.30767e-43  2.08736e-42  3.41271e-45  3.11515e-44
-8.56461e-34 -5.59691e-36  1.04971e-35  5.28266e-35  2.97585e-32  9.59444e-35 -5.72514e-31 -7.04881e-35  1.07089e-29 -3.55695e-35  -1.5285e-28   2.0738e-34  1.73925e-27 -1.00645e-34  -1.6245e-26 -6.07293e-35  1.27131e-25  3.92992e-35  -8.4613e-25 -4.18657e-36   4.8426e-24 -3.75118e-35 -2.40299e-23  3.31057e-34  1.04014e-22 -1.74256e-33 -3.94427e-22   8.3358e-33  1.31396e-21 -3.61093e-32 -3.85075e-21  1.41866e-31  9.92804e-21  -5.0741e-31 -2.24862e-20   1.6581e-30  4.46022e-20  -4.9661e-30 -7.70767e-20  1.36722e-29  1.15107e-19  -3.4693e-29 -1.46714e-19  8.13337e-29  1.56447e-19  -1.7654e-28 -1.34791e-19  3.55393e-28  8.72943e-20 -6.64381e-28 -3.41546e-20  1.15414e-27 -2.52056e-21 -1.86311e-27  1.39791e-20  2.79269e-27 -8.44315e-21 -3.88108e-27  3.64093e-22  4.98919e-27  2.39817e-21 -5.91484e-27 -1.10217e-21  6.44287e-27 -2.76872e-22 -6.42014e-27   3.6358e-22   5.8232e-27 -1.33162e-23 -4.78056e-27 -8.12276e-23  3.53012e-27  1.25902e-23 -2.32952e-27  1.53888e-23  1.36579e-27 -2.89253e-24 -7.09838e-28 -2.67958e-24  3.29769e-28  3.73598e-25 -1.41496e-28   4.1996e-25  6.00012e-29 -1.37335e-26 -2.68769e-29 -5.34511e-26  1.24775e-29 -5.30788e-27 -5.40129e-30  4.64897e-27  1.93396e-30  1.20403e-27 -4.97168e-31 -1.76807e-28  5.64054e-32 -1.15944e-28  2.13774e-32 -9.22207e-30 -1.53609e-32  4.63498e-30  5.23428e-33  1.23103e-30 -1.08514e-33  2.83486e-32  6.42697e-35 -3.52692e-32   4.4349e-35 -6.22362e-33 -1.62186e-35  -1.5455e-34  2.09582e-36  8.17545e-35  6.33799e-38  1.15745e-35 -4.45965e-38  4.65609e-37  2.87486e-39 -2.84662e-38  1.62293e-40 -3.60211e-39 -1.46459e-41 -1.18769e-40 -5.00858e-44 -6.70148e-43  1.21192e-45
-4.50653e-36 -9.20633e-34 -2.12449e-35 -1.89296e-32  9.59444e-35  6.41355e-31  1.33679e-34   -1.393e-29 -7.36476e-35  2.26694e-28 -5.62261e-35 -2.88425e-27  2.19958e-34  2.97292e-26 -9.70843e-35 -2.54381e-25  -8.1221e-35  1.83871e-24  2.64056e-35 -1.13722e-23  7.59651e-35  6.07606e-23 -4.93907e-34 -2.82445e-22  2.92654e-33  1.14821e-21 -1.47529e-32 -4.09654e-21  6.69534e-32  1.28539e-20 -2.74886e-31 -3.54974e-20  1.02453e-30  8.62217e-20 -3.47891e-30 -1.83802e-19   1.0798e-29  3.42491e-19 -3.07286e-29 -5.54279e-19  8.04054e-29  7.71428e-19 -1.93975e-28 -9.09205e-19  4.32541e-28  8.84648e-19 -8.93604e-28 -6.77669e-19  1.71387e-27  3.65233e-19 -3.05644e-27 -8.36369e-20  5.07315e-27 -6.40605e-20 -7.83884e-27  7.51061e-20  1.12678e-26 -2.56775e-20 -1.50426e-26 -9.88117e-21  1.86027e-26  1.22176e-20 -2.12365e-26 -1.89006e-21  2.22827e-26 -2.68417e-21 -2.13803e-26  1.16446e-21  1.86493e-26  4.09619e-22 -1.46886e-26 -3.21138e-22  1.03663e-26 -5.39334e-23 -6.49895e-27  6.59298e-23  3.58725e-27  8.61576e-24 -1.73188e-27 -1.09763e-23  7.34555e-28 -1.86007e-24 -2.84283e-28  1.43068e-24  1.11112e-28  3.83685e-25 -4.91146e-29 -1.24686e-25  2.36282e-29 -5.81868e-26 -1.05275e-29  3.36915e-27  3.78347e-30  5.56608e-27 -9.64808e-31  6.77762e-28  1.18069e-31 -2.57081e-28  2.97477e-32  -8.4803e-29 -2.35203e-32  -1.8959e-30  8.41134e-33  3.30918e-30 -1.92106e-33  6.22025e-31  1.72221e-34  1.50035e-33  5.81826e-35 -1.46707e-32 -2.37964e-35  -2.0703e-33  2.90447e-36 -4.93761e-35  1.15863e-37  1.64369e-35 -5.39284e-38  1.92047e-36   2.1002e-39  6.94987e-38  2.28186e-40 -1.17851e-39 -9.36514e-42 -1.30419e-40 -1.41207e-43 -1.65316e-42
-5.60241e-34 -1.01418e-35  1.25114e-32 -4.71027e-35 -5.72514e-31  1.33679e-34  1.51951e-29  1.46466e-34 -2.85677e-28 -5.00071e-35  4.09971e-27 -7.90633e-35 -4.69127e-26   2.1991e-34  4.40766e-25 -8.17784e-35  -3.4708e-24 -8.30306e-35  2.32509e-23 -8.17797e-35 -1.33983e-22  7.34106e-34  6.69652e-22  -4.3485e-33 -2.92066e-21  2.33364e-32  1.11642e-20 -1.11473e-31 -3.75076e-20  4.79844e-31  1.10912e-19 -1.86981e-30 -2.88695e-19  6.61938e-30  6.60576e-19 -2.13594e-29 -1.32473e-18  6.30132e-29  2.31664e-18 -1.70447e-28 -3.50519e-18  4.23899e-28  4.53354e-18 -9.71918e-28  -4.9168e-18  2.05992e-27  4.32513e-18 -4.04624e-27 -2.88364e-18  7.38368e-27  1.19703e-18 -1.25428e-26  2.16863e-20  1.98624e-26 -4.45323e-19 -2.93381e-26   2.9399e-19  4.03998e-26 -2.72034e-20 -5.17772e-26  -7.7406e-20  6.15827e-26  4.09178e-20 -6.77023e-26  7.05047e-21  6.84542e-26 -1.28115e-20 -6.32814e-26  1.19795e-21  5.31191e-26  2.77837e-21 -4.01671e-26 -6.11334e-22  2.71068e-26 -5.18772e-22 -1.61457e-26  1.36871e-22  8.37913e-27  9.13708e-23 -3.73947e-27 -1.95812e-23  1.42878e-27 -1.49282e-23 -4.85431e-28  1.42469e-24  1.70974e-28  2.03304e-24 -7.63606e-29  9.48879e-26  3.94444e-29 -1.95972e-25 -1.82699e-29 -3.91146e-26  6.54202e-30  9.66869e-27 -1.63075e-30  4.48949e-27  2.10803e-31  1.71591e-28  3.02522e-32  -2.1637e-28 -2.92901e-32 -4.58211e-29  1.16177e-32  7.71696e-31 -3.03294e-33  1.63981e-30  3.50738e-34  2.35131e-31  6.96721e-35  -1.0523e-33 -3.21334e-35 -4.06977e-33  3.58443e-36 -4.72129e-34  1.87944e-37 -1.23051e-35 -5.69443e-38  1.78482e-36  8.03784e-40  1.66746e-37  2.39298e-40   4.5342e-39 -3.91543e-42  2.49503e-42 -7.93295e-44
 2.52877e-35 -6.95309e-33 -1.55431e-35  4.20944e-31 -7.04881e-35   -1.393e-29  1.46466e-34  3.08326e-28  1.25266e-34 -5.04495e-27 -1.25078e-35  6.45494e-26 -9.55667e-35 -6.69276e-25  2.13248e-34  5.76229e-24 -6.97823e-35 -4.19224e-23  2.41285e-35  2.61061e-22 -9.18289e-34 -1.40488e-21  5.91168e-33  6.58018e-21 -3.32775e-32 -2.69642e-20  1.67946e-31  9.70163e-20  -7.6072e-31 -3.07142e-19  3.10988e-30  8.56279e-19 -1.15189e-29 -2.10099e-18  3.87842e-29  4.52753e-18 -1.19058e-28 -8.53572e-18  3.34132e-28  1.39913e-17 -8.59571e-28 -1.97497e-17  2.03229e-27  2.36532e-17 -4.42787e-27 -2.34554e-17  8.91471e-27  1.84123e-17 -1.66326e-26 -1.03135e-17  2.88388e-26  2.69061e-18 -4.65888e-26  1.55485e-18  7.02686e-26 -2.08595e-18 -9.90619e-26  8.05024e-19  1.30516e-25  2.25835e-19  -1.6045e-25 -3.50605e-19  1.83472e-25  7.30086e-20 -1.94257e-25  7.19094e-20  1.89344e-25 -3.77441e-20 -1.68741e-25 -9.67571e-21  1.36408e-25  1.00831e-20 -9.91037e-26   9.9973e-22  6.39945e-26 -2.06924e-21 -3.62213e-26 -1.38006e-22  1.76517e-26   3.5329e-22 -7.24122e-27  3.74013e-23  2.44661e-27 -4.87253e-23 -6.95537e-28 -9.65634e-24  2.10334e-28  4.77276e-24 -1.00616e-28  1.69912e-24    5.922e-29 -2.17778e-25 -2.87157e-29 -1.84305e-25  1.00878e-29 -1.39805e-26 -2.39704e-30  1.02077e-26  3.19754e-31  2.62973e-27  1.30706e-32 -6.19104e-29 -2.73393e-32 -1.25607e-28  1.38862e-32 -1.88684e-29 -4.38369e-33  7.53853e-31  5.99193e-34  5.74429e-31  8.05225e-35  6.60398e-32 -4.06467e-35 -4.90743e-35  3.96676e-36 -7.17558e-34   2.6785e-37 -6.81385e-35 -5.23588e-38 -1.81123e-36 -4.68737e-40  8.22731e-38  1.90074e-40  5.37217e-39 -5.52391e-43  5.80489e-41
 2.38272e-33  6.98516e-35 -2.45842e-31  -2.2465e-35  1.07089e-29 -7.36476e-35 -2.85677e-28  1.25266e-34  5.40319e-27  7.61437e-35 -7.79781e-26  1.46166e-35  8.97576e-25 -1.01068e-34 -8.48548e-24  2.11311e-34  6.72541e-23 -1.57801e-34 -4.53622e-22  9.50453e-34  2.63281e-21 -7.19767e-33 -1.32586e-20  4.31138e-32  5.82888e-20 -2.29984e-31 -2.24688e-19   1.0996e-30  7.61603e-19  -4.7317e-30 -2.27341e-18  1.84008e-29  5.97716e-18 -6.48855e-29 -1.38239e-17  2.08072e-28  2.80439e-17 -6.08378e-28 -4.96591e-17  1.62587e-27  7.61748e-17 -3.98091e-27 -1.00047e-16  8.95185e-27  1.10446e-16  -1.8535e-26 -9.92844e-17  3.54352e-26  6.82074e-17 -6.27438e-26 -3.00138e-17  1.03231e-25  1.06519e-18 -1.58331e-25   1.0059e-17  2.27023e-25 -7.30686e-18 -3.04907e-25  1.04314e-18  3.83777e-25  1.76249e-18 -4.52085e-25  -1.0792e-18  4.96761e-25  -1.0573e-19 -5.06552e-25  3.20148e-19  4.76162e-25 -4.95271e-20 -4.09356e-25 -6.68734e-20  3.18937e-25  1.98532e-20 -2.22815e-25  1.21931e-20  1.37773e-25 -4.38845e-21 -7.41262e-26 -2.16338e-21  3.38821e-26   6.7213e-22 -1.26923e-26   3.6971e-22  3.68981e-27 -6.37556e-23 -7.92449e-28 -5.41496e-23  1.76839e-28  6.39338e-25 -1.09886e-28  5.77435e-24   8.1825e-29  8.30452e-25 -4.15028e-29 -3.47084e-25  1.39125e-29 -1.20727e-25 -3.01247e-30  1.29197e-27  4.03894e-31  6.98492e-27 -3.24573e-32  1.16204e-27   -1.169e-32 -8.33357e-29  1.43176e-32 -5.28797e-29  -5.9197e-33 -6.01667e-30  8.92839e-34  2.77124e-31   9.5538e-35  1.39659e-31 -4.85624e-35  1.32434e-32  3.93719e-36  1.03806e-34  3.33439e-37 -7.23165e-35 -4.13422e-38  -5.3297e-36 -1.22933e-39 -1.15608e-37  1.10844e-40  7.31318e-40  4.04429e-43
-8.77459e-36  1.08885e-31   1.2603e-34 -6.81309e-30 -3.55695e-35  2.26694e-28 -5.00071e-35 -5.04495e-27  7.61437e-35  8.30156e-26  1.42028e-35 -1.06846e-24  1.29165e-35   1.1147e-23 -1.04868e-34 -9.65975e-23  3.01078e-34  7.07586e-22 -1.06962e-33   -4.438e-21  7.80524e-33  2.40636e-20 -5.06667e-32 -1.13607e-19  2.86976e-31  4.69454e-19 -1.45189e-30 -1.70409e-18  6.59556e-30  5.44573e-18 -2.70135e-29  -1.5334e-17  1.00098e-28  3.80255e-17 -3.36553e-28 -8.28807e-17  1.02934e-27  1.58185e-16 -2.87028e-27 -2.62786e-16  7.31253e-27  3.76481e-16 -1.70565e-26 -4.58533e-16  3.65025e-26  4.63813e-16  -7.1846e-26 -3.73446e-16  1.30412e-25   2.1754e-16 -2.19004e-25 -6.38284e-17  3.41502e-25  -2.7121e-17 -4.96426e-25  4.30454e-17  6.75306e-25 -1.86951e-17 -8.62286e-25 -3.50607e-18  1.03499e-24  7.45595e-18 -1.16681e-24 -1.98675e-18  1.23129e-24 -1.40201e-18 -1.20922e-24  9.01515e-19  1.09668e-24  1.53198e-19 -9.10142e-25 -2.33454e-19  6.84013e-25 -7.13495e-21 -4.59917e-25  4.77694e-20  2.72541e-25   2.4555e-23 -1.39457e-25 -8.34328e-21  5.97232e-26 -3.41411e-22 -2.02674e-26  1.21302e-21  4.85074e-27  1.59872e-22 -5.73025e-28 -1.31291e-22  2.51126e-30 -3.53068e-23 -9.33715e-29  7.96917e-24  1.07327e-28  4.43598e-24 -5.60117e-29   1.1113e-25  1.70899e-29 -2.90637e-25 -3.06728e-30 -5.80126e-26  3.97507e-31   4.9809e-27 -1.15272e-31  3.45061e-27  2.22899e-32  3.97864e-28  1.25178e-32 -4.17203e-29 -7.57414e-33 -1.62557e-29  1.18063e-33 -1.47862e-30  1.20119e-34  5.40126e-32  -5.4785e-35  2.23408e-32  3.48304e-36  1.73762e-33  3.61663e-37  2.58029e-35 -2.72915e-38 -3.35695e-36 -1.32407e-39  -1.6014e-37  4.28626e-41 -1.44459e-39
-3.17493e-32 -3.05798e-35  3.49608e-30  1.75918e-34  -1.5285e-28 -5.62261e-35  4.09971e-27 -1.25078e-35 -7.79781e-26  1.42028e-35  1.13203e-24 -4.57074e-35 -1.31112e-23 -1.45792e-35  1.24757e-22 -1.83034e-34 -9.95563e-22  1.13646e-33  6.76322e-21 -7.82205e-33 -3.95503e-20  5.39161e-32  2.00757e-19  -3.2635e-31  -8.8999e-19  1.75229e-30  3.46107e-18 -8.42495e-30 -1.18416e-17  3.64411e-29   3.5699e-17 -1.42316e-28 -9.48518e-17   5.0332e-28  2.21855e-16 -1.61602e-27 -4.55547e-16  4.72061e-27  8.17322e-16 -1.25699e-26 -1.27192e-15   3.0564e-26  1.69765e-15 -6.79819e-26  -1.9092e-15  1.38572e-25  1.75546e-15 -2.59403e-25 -1.24375e-15  4.47098e-25  5.79671e-16 -7.11794e-25 -5.06031e-17  1.05087e-24 -1.72975e-16 -1.44544e-24  1.39481e-16  1.86149e-24 -2.71027e-17 -2.25455e-24 -3.03231e-17  2.57523e-24  2.17646e-17 -2.77429e-24  5.74404e-19  2.80953e-24  -6.0937e-18 -2.65727e-24  1.35454e-18  2.32631e-24  1.21202e-18 -1.86517e-24 -4.75041e-19  1.35338e-24 -2.12603e-19 -8.76652e-25  1.04289e-19  4.98342e-25  3.77378e-20 -2.42677e-25 -1.68119e-20  9.72807e-26 -6.78921e-21 -2.96112e-26   1.8623e-21  5.38065e-27  1.08009e-21  2.23942e-28 -8.74497e-23 -3.77188e-28 -1.27833e-22 -4.93881e-29 -1.12345e-23  1.39101e-28  9.07151e-24 -7.17735e-29  2.39816e-24  1.84004e-29 -1.77247e-25 -2.05592e-30 -1.68258e-25  2.25883e-31 -2.09492e-26 -2.40318e-31  3.33111e-27   7.5811e-32  1.27291e-27  8.86424e-33  1.07976e-28 -9.24372e-33 -1.25042e-29  1.39374e-33 -3.56623e-30  1.56321e-34 -2.69155e-31  -5.8001e-35  4.93272e-33  2.70894e-36  2.11663e-33   3.4139e-37  1.26881e-34 -1.43427e-38  1.96723e-36 -9.59337e-40 -4.00821e-38  7.83651e-42
-8.31036e-37 -1.37072e-30 -6.11541e-35    8.623e-29   2.0738e-34 -2.88425e-27 -7.90633e-35  6.45494e-26  1.46166e-35 -1.06846e-24 -4.57074e-35  1.38369e-23 -9.57785e-35 -1.45297e-22 -9.19888e-36  1.26773e-21 -8.55881e-34 -9.35293e-21  7.13433e-33  5.91047e-20 -5.21704e-32 -3.23022e-19  3.37881e-31   1.5378e-18 -1.93249e-30 -6.41069e-18  9.85806e-30  2.34877e-17 -4.51383e-29 -7.58015e-17  1.86265e-28  2.15684e-16  -6.9485e-28 -5.40853e-16  2.34921e-27  1.19302e-15 -7.21341e-27 -2.30654e-15  2.01527e-26    3.886e-15 -5.13081e-26 -5.65455e-15   1.1921e-25  7.00924e-15 -2.53115e-25 -7.23842e-15  4.91858e-25  5.98346e-15 -8.76285e-25 -3.62678e-15  1.43458e-24  1.18451e-15  -2.1648e-24  3.51793e-16  3.02349e-24 -6.97508e-16 -3.92902e-24  3.40504e-16  4.77983e-24  3.50147e-17 -5.47724e-24  -1.2409e-16  5.93957e-24  4.10902e-17 -6.10393e-24  2.08066e-17  5.92713e-24  -1.6793e-17 -5.39891e-24 -1.49259e-18  4.56504e-24     4.21e-18  -3.5391e-24 -1.69524e-19  2.48174e-24  -8.5575e-19 -1.55025e-24  6.06576e-20  8.46292e-25  1.52489e-19 -3.92579e-25   -4.383e-21  1.47207e-25 -2.33202e-20 -3.96868e-26  -1.5178e-21  4.54304e-27  2.76221e-21  1.86355e-27  5.35983e-22 -9.99711e-28 -2.04252e-22  7.92954e-30 -8.14525e-23  1.85235e-28   2.9047e-24 -8.88989e-29   6.3097e-24  1.66031e-29  9.35243e-25  4.95041e-31 -1.71399e-25 -1.67822e-31 -7.24682e-26 -4.06926e-31 -5.80362e-27  1.45319e-31  1.32809e-27  4.42988e-33  3.51234e-28 -1.07545e-32  2.34573e-29  1.46555e-33 -2.33267e-30  1.99864e-34 -5.28148e-31 -5.71239e-35 -3.30932e-32  1.80608e-36  3.87933e-35  2.80133e-37  9.67156e-35 -5.38887e-39  3.65054e-36 -4.87862e-40  2.62369e-38
 3.56783e-31  -5.4697e-36 -3.95714e-29  -8.7943e-35  1.73925e-27  2.19958e-34 -4.69127e-26 -9.55667e-35  8.97576e-25  1.29165e-35 -1.31112e-23 -9.57785e-35  1.52843e-22 -1.47395e-34 -1.46429e-21  3.75346e-34  1.17689e-20 -5.52968e-33 -8.05538e-20  4.55384e-32  4.74806e-19 -3.18042e-31 -2.43024e-18  1.94504e-30  1.08686e-17 -1.05562e-29 -4.26601e-17  5.12781e-29  1.47393e-16 -2.24079e-28 -4.48989e-16  8.83851e-28  1.20622e-15  -3.1549e-27 -2.85486e-15  1.02126e-26  5.93702e-15 -3.00326e-26 -1.07997e-14  8.03534e-26  1.70625e-14 -1.95845e-25 -2.31611e-14  4.35301e-25  2.65577e-14  -8.8324e-25 -2.49997e-14  1.63777e-24  1.82828e-14 -2.77908e-24 -9.01775e-15   4.3236e-24  1.24066e-15 -6.18441e-24  2.35828e-15  8.16649e-24 -2.13682e-15 -1.00124e-23  5.29531e-16  1.14813e-23  4.08915e-16  -1.2414e-23 -3.50735e-16   1.2746e-23  1.54842e-17 -1.24703e-23  9.20725e-17  1.15999e-23 -2.75664e-17 -1.01766e-23 -1.71293e-17  8.31672e-24  8.85861e-18 -6.24039e-24  2.81483e-18  4.23331e-24 -1.93631e-18 -2.55287e-24 -4.93186e-19  1.34002e-24  3.25294e-19 -5.92948e-25  9.46701e-20  2.07957e-25 -4.01752e-20 -4.88542e-26 -1.66826e-20  1.56381e-27  2.82957e-21  4.54809e-27  2.21401e-21 -1.86031e-27  6.11358e-23  4.80734e-29  -1.8285e-22  2.57949e-28  -3.5973e-23 -1.08257e-28  5.97859e-24  1.07737e-29  3.15714e-24  4.86963e-30  2.59918e-25 -7.94839e-31  -8.7883e-26 -6.07749e-31 -2.38107e-26  2.22489e-31 -1.27977e-27  5.71572e-34  3.52498e-28 -1.18548e-32  7.07351e-29  1.35753e-33   3.9583e-30  2.40299e-34 -2.52257e-31 -5.18723e-35 -4.75553e-32  9.81911e-37 -2.32096e-33  1.99394e-37 -1.77542e-35 -9.60283e-40  1.25999e-36 -1.56821e-40
 8.92609e-37  1.39742e-29 -1.70339e-35 -8.83833e-28 -1.00645e-34  2.97292e-26   2.1991e-34 -6.69276e-25 -1.01068e-34   1.1147e-23 -1.45792e-35 -1.45297e-22 -1.47395e-34  1.53615e-21 -3.11302e-34 -1.34992e-20  3.28425e-33  1.00344e-19 -3.47696e-32 -6.39142e-19  2.70118e-31  3.52222e-18 -1.78204e-30 -1.69155e-17  1.03273e-29  7.11707e-17  -5.3339e-29 -2.63315e-16  2.47315e-28  8.58623e-16 -1.03364e-27 -2.47009e-15  3.90458e-27  6.26698e-15 -1.33589e-26 -1.39983e-14  4.14674e-26  2.74329e-14 -1.16952e-25 -4.69052e-14  3.00048e-25  6.93743e-14 -7.00919e-25  -8.7594e-14  1.49202e-24  9.24348e-14 -2.89601e-24 -7.85183e-14  5.12909e-24  4.95483e-14 -8.29639e-24 -1.78618e-14  1.22733e-23 -3.34838e-15 -1.66448e-23  9.18574e-15  2.07734e-23 -5.04439e-15  -2.4001e-23 -1.21235e-16  2.58869e-23  1.67113e-15 -2.63346e-23 -6.76583e-16  2.55244e-23 -2.38561e-16 -2.37198e-23  2.52791e-16  2.11151e-23  2.55006e-18 -1.78446e-23  -6.1136e-17  1.41073e-23   7.1171e-18 -1.02558e-23  1.22758e-17  6.73728e-24 -1.86437e-18 -3.92659e-24 -2.22452e-18  1.98477e-24  2.40061e-19 -8.39444e-25  3.57607e-19  2.75648e-25 -2.27568e-21 -5.52625e-26 -4.61517e-20 -4.15284e-27 -5.72916e-21  8.36799e-27  3.98968e-21  -2.9173e-27  1.16574e-21  3.25608e-29 -1.35046e-22  3.70505e-28 -1.08291e-22 -1.31197e-28 -1.06377e-23  5.85989e-31  4.01441e-24  1.10308e-29    1.199e-24 -1.60475e-30  4.91685e-26 -8.28142e-31 -3.03374e-26  2.95703e-31 -5.96903e-27 -1.62617e-33 -2.37861e-28 -1.22652e-32   6.1959e-29  1.07964e-33  9.82833e-30  2.64823e-34  4.70404e-31 -4.30847e-35 -1.27868e-32  3.82735e-37 -2.13141e-33  1.22494e-37 -6.53689e-35  3.10772e-40 -3.32934e-37
-3.29852e-30  9.03928e-36  3.67532e-28 -3.67308e-35  -1.6245e-26 -9.70843e-35  4.40766e-25  2.13248e-34 -8.48548e-24 -1.04868e-34  1.24757e-22 -9.19888e-36 -1.46429e-21 -3.11302e-34  1.41292e-20 -1.31083e-33 -1.14416e-19  2.13923e-32  7.89339e-19 -2.02116e-31 -4.69136e-18   1.4753e-30   2.4223e-17 -9.20229e-30 -1.09334e-16  5.06856e-29  4.33338e-16  -2.4982e-28 -1.51269e-15  1.10841e-27  4.65855e-15 -4.44064e-27 -1.26616e-14  1.60967e-26  3.03414e-14 -5.28784e-26 -6.39463e-14   1.5764e-25  1.18015e-13 -4.26976e-25 -1.89432e-13   1.0517e-24  2.61727e-13 -2.35736e-24 -3.06256e-13  4.81077e-24  2.95421e-13 -8.94125e-24 -2.23195e-13  1.51391e-23  1.16417e-13 -2.33619e-23 -2.17256e-14  3.28847e-23 -2.60995e-14 -4.22993e-23  2.70398e-14   4.9887e-23 -8.22268e-15 -5.42629e-23 -4.39279e-15  5.49377e-23    4.648e-15 -5.24241e-23  -5.3657e-16  4.78056e-23 -1.13209e-15 -4.20891e-23  4.42782e-16  3.58185e-23  1.91217e-16 -2.91714e-23 -1.33423e-16  2.23335e-23 -2.78493e-17 -1.57483e-23  2.90449e-17  1.00277e-23  4.65958e-18 -5.65433e-24 -5.05143e-18  2.75719e-24 -9.87922e-19 -1.11804e-24  6.79339e-19  3.44844e-25  2.01381e-19 -5.75169e-26 -5.97731e-20 -1.28088e-26 -3.06587e-20  1.32946e-26  1.31935e-21 -4.11924e-27  2.94188e-21 -6.95417e-29  3.99394e-22  5.32255e-28 -1.31809e-22 -1.58822e-28 -4.72434e-23 -1.35656e-29 -1.67608e-24  1.85634e-29  1.73922e-24 -2.48956e-30  3.52944e-25 -1.04631e-30  5.85815e-27  3.52674e-31 -7.33686e-27 -1.78034e-33 -1.11476e-27 -1.17814e-32 -3.79185e-29  6.93202e-34  6.74634e-30  2.63966e-34  8.48915e-31  -3.2505e-35  3.27395e-32  4.99211e-38 -1.28197e-34  6.40769e-38 -2.87004e-35  2.54583e-40
-2.35149e-36 -1.18205e-28  2.16071e-35  7.51811e-27 -6.07293e-35 -2.54381e-25 -8.17784e-35  5.76229e-24  2.11311e-34 -9.65975e-23 -1.83034e-34  1.26773e-21  3.75346e-34 -1.34992e-20 -1.31083e-33  1.19521e-19 -7.41105e-33 -8.95477e-19  1.23461e-31  5.75124e-18 -1.07989e-30 -3.19721e-17  7.41553e-30  1.54965e-16 -4.38432e-29 -6.58361e-16  2.30218e-28  2.46088e-15 -1.08608e-27 -8.11212e-15  4.62375e-27  2.36077e-14 -1.77998e-26 -6.06377e-14   6.2045e-26  1.37241e-13 -1.96056e-25 -2.72807e-13  5.62208e-25  4.73726e-13 -1.46439e-24 -7.12734e-13   3.4671e-24  9.17436e-13 -7.46485e-24 -9.90203e-13  1.46188e-23  8.65149e-13 -2.60403e-23 -5.68669e-13  4.21866e-23  2.24705e-13 -6.21547e-23   2.0593e-14  8.33032e-23 -1.00557e-13 -1.01674e-22  6.23183e-14  1.13313e-22 -3.16806e-15 -1.15942e-22 -1.85968e-14  1.09972e-22  9.14626e-15 -9.81267e-23  2.06987e-15  8.38779e-23 -3.14838e-15 -6.97634e-23  2.18765e-16  5.67024e-23  7.29718e-16 -4.45366e-23  -1.4761e-16  3.30658e-23  -1.4349e-16 -2.26405e-23  3.58296e-17  1.39835e-23  2.63236e-17 -7.63549e-24 -5.38646e-18  3.59979e-24  -4.4538e-18 -1.40609e-24  3.95464e-19  4.10232e-25  6.26586e-19 -5.54419e-26    3.335e-20 -2.40714e-26 -6.20786e-20  1.92154e-26 -1.29524e-20 -5.44179e-27  3.08435e-21 -2.65328e-28   1.4993e-21  7.43592e-28  6.67689e-23 -1.91031e-28 -7.16246e-23 -3.06346e-29 -1.58185e-23  2.67145e-29  1.20132e-25 -3.30801e-30  5.37424e-25 -1.23501e-30  8.06723e-26  3.83444e-31  4.82412e-28  -3.0929e-34 -1.21824e-27 -1.03799e-32 -1.46708e-28  2.91393e-34 -4.62977e-30   2.3607e-34  3.92433e-31 -2.21286e-35  3.73859e-32 -6.93028e-38   9.2751e-34  2.74483e-38  2.20851e-36
 2.55179e-29 -7.85478e-36 -2.85933e-27  3.37711e-35  1.27131e-25  -8.1221e-35  -3.4708e-24 -6.97823e-35  6.72541e-23  3.01078e-34 -9.95563e-22 -8.55881e-34  1.17689e-20  3.28425e-33 -1.14416e-19 -7.41105e-33  9.33864e-19 -4.15385e-32 -6.49623e-18  6.49393e-31  3.89479e-17 -5.29571e-30 -2.02956e-16  3.42803e-29  9.24979e-16 -1.92685e-28 -3.70376e-15   9.6792e-28  1.30697e-14 -4.38566e-27 -4.07141e-14  1.79716e-26  1.12017e-13 -6.66602e-26 -2.71954e-13  2.23955e-25  5.81246e-13 -6.82032e-25 -1.08912e-12  1.88433e-24  1.77749e-12 -4.72648e-24 -2.50174e-12  1.07691e-23  2.99004e-12 -2.22942e-23 -2.95839e-12  4.19349e-23    2.311e-12 -7.16488e-23  -1.2738e-12  1.11144e-22  2.98951e-13  -1.5645e-22  2.37066e-13  1.99768e-22 -2.88298e-13 -2.31456e-22  1.05017e-13  2.43768e-22  3.74167e-14 -2.34471e-22 -5.16514e-14  2.07964e-22  9.79104e-15 -1.72942e-22   1.1481e-14  1.38002e-22 -5.81383e-15 -1.08086e-22 -1.66481e-15  8.38419e-23  1.66193e-15 -6.35961e-23  1.84092e-16  4.58687e-23 -3.59768e-16 -3.05256e-23 -2.57209e-17  1.82906e-23  6.44499e-17 -9.67647e-24  6.94351e-18   4.4229e-24 -9.31408e-18 -1.67606e-24 -1.85753e-18  4.68697e-25  9.56501e-19 -5.06527e-26  3.41515e-19 -3.70579e-26 -4.61737e-20  2.59865e-26 -3.85447e-20 -6.91267e-27 -2.88147e-21 -5.28883e-28   2.1986e-21  9.92809e-28  5.68212e-22 -2.25777e-28 -1.30671e-23 -4.91306e-29  -2.7259e-23  3.45203e-29 -4.14631e-24 -3.92195e-30  1.42626e-25 -1.36554e-30  1.20152e-25  3.82886e-31   1.4032e-26  1.82559e-33  8.20316e-29  -8.2662e-33  -1.2996e-28 -3.52182e-35 -1.22575e-29  1.88079e-34 -3.41505e-31 -1.34912e-35  8.68903e-33 -7.04582e-38  5.10973e-34   8.4694e-39
-2.09273e-37  8.44133e-28 -1.32601e-35 -5.40066e-26  3.92992e-35  1.83871e-24 -8.30306e-35 -4.19224e-23 -1.57801e-34  7.07586e-22  1.13646e-33 -9.35293e-21 -5.52968e-33  1.00344e-19  2.13923e-32 -8.95477e-19 -4.15385e-32  6.76496e-18 -2.15762e-31 -4.38286e-17  3.12279e-30  2.45896e-16  -2.3777e-29  -1.2034e-15  1.45396e-28    5.165e-15 -7.79731e-28 -1.95154e-14  3.76304e-27  6.50696e-14 -1.64453e-26 -1.91674e-13  6.51114e-26  4.98729e-13 -2.33446e-25 -1.14451e-12  7.57921e-25  2.30925e-12  -2.2293e-24 -4.07566e-12  5.94443e-24  6.24275e-12 -1.43789e-23 -8.19936e-12  3.15649e-23  9.05994e-12 -6.28929e-23 -8.14952e-12   1.1372e-22  5.58251e-12   -1.865e-22 -2.40397e-12  2.77192e-22 -1.48986e-14 -3.73001e-22  9.28597e-13  4.53984e-22 -6.53535e-13 -4.99502e-22  8.07378e-14  4.97176e-22  1.73101e-13 -4.49265e-22 -1.03695e-13   3.7192e-22 -1.21138e-14 -2.87224e-22  3.29522e-14  2.12959e-22 -5.05158e-15 -1.56515e-22 -7.23893e-15  1.15843e-22  2.20827e-15 -8.50558e-23  1.37397e-15  5.97286e-23 -5.19608e-16 -3.86536e-23  -2.5335e-16  2.24493e-23    8.481e-17 -1.15033e-23  4.53101e-17  5.11509e-24 -8.75454e-18 -1.90095e-24 -6.99541e-18  5.20921e-25  1.78847e-19 -4.66457e-26  7.89057e-19 -5.04519e-26  1.06145e-19  3.34635e-26 -5.05158e-20 -8.60663e-27 -1.68598e-20 -8.04484e-28   3.3983e-22  1.25634e-27  1.02156e-21  -2.5892e-28  1.64998e-22 -6.73755e-29 -1.28768e-23  4.09864e-29 -7.66223e-24 -4.23235e-30 -8.57293e-25 -1.41372e-30  3.78846e-26  3.51934e-31  1.89241e-26  3.58632e-33  1.76125e-27  -5.8271e-33  1.92279e-29 -2.31562e-34 -7.80266e-30  1.32311e-34 -5.33182e-31 -7.28274e-36 -1.02375e-32 -3.66621e-38  1.90611e-35
-1.67793e-28  1.52558e-36  1.89129e-26 -1.45677e-35  -8.4613e-25  2.64056e-35  2.32509e-23  2.41285e-35 -4.53622e-22 -1.06962e-33  6.76322e-21  7.13433e-33 -8.05538e-20 -3.47696e-32  7.89339e-19  1.23461e-31 -6.49623e-18 -2.15762e-31  4.55852e-17 -1.02539e-30 -2.75821e-16  1.36807e-29  1.45124e-15 -9.72117e-29 -6.68172e-15  5.62797e-28  2.70438e-14 -2.89298e-27 -9.65217e-14  1.34904e-26  3.04328e-13 -5.71832e-26 -8.48105e-13   2.1981e-25  2.08743e-12 -7.64776e-25 -4.52762e-12  2.40694e-24  8.61993e-12 -6.85436e-24 -1.43155e-11  1.76737e-23  2.05428e-11 -4.12889e-23 -2.51011e-11  8.74307e-23  2.54986e-11 -1.67824e-22 -2.06122e-11  2.91923e-22  1.19987e-11 -4.59822e-22 -3.38448e-12  6.55151e-22 -1.76289e-12 -8.43144e-22   2.6261e-12  9.78535e-22 -1.12889e-12 -1.02268e-21 -2.41896e-13  9.61995e-22  4.87719e-13 -8.16135e-22 -1.31276e-13   6.2937e-22 -9.63074e-14 -4.49592e-22  6.38326e-14  3.08046e-22  1.05415e-14 -2.11619e-22 -1.73914e-14  1.49565e-22 -2.93005e-16 -1.06719e-22  3.73069e-15  7.31706e-23 -6.92256e-17 -4.60267e-23 -6.85324e-16  2.58359e-23 -1.36577e-17  -1.2797e-23  1.05634e-16  5.55966e-24    1.175e-17 -2.05927e-24 -1.22703e-17  5.71633e-25 -3.01544e-18 -4.82445e-26   8.3008e-19 -6.27177e-26  4.14756e-19  4.14864e-26  2.68828e-21 -1.06065e-26 -2.93191e-20 -1.02198e-27 -5.42597e-21  1.50269e-27  5.88244e-22 -2.84901e-28  3.47605e-22 -8.37281e-29     3.74e-23  4.52772e-29 -4.50435e-24 -4.20304e-30 -1.59583e-24 -1.36658e-30 -1.38355e-25  2.97171e-31  5.19619e-27   4.2941e-33  1.96485e-27 -3.50455e-33  1.43625e-28 -2.92982e-34   2.1486e-30  8.11417e-35 -1.99628e-31 -3.40579e-36 -7.36679e-33  -1.0868e-38
-3.19784e-37 -5.15488e-27  4.89737e-36  3.31855e-25 -4.18657e-36 -1.13722e-23 -8.17797e-35  2.61061e-22  9.50453e-34   -4.438e-21 -7.82205e-33  5.91047e-20  4.55384e-32 -6.39142e-19 -2.02116e-31  5.75124e-18  6.49393e-31 -4.38286e-17 -1.02539e-30   2.8657e-16 -4.42692e-30 -1.62336e-15  5.41198e-29   8.0258e-15 -3.57948e-28  -3.4818e-14  1.96692e-27  1.33055e-13 -9.75809e-27 -4.48999e-13   4.4345e-26  1.33957e-12  -1.8379e-25 -3.53319e-12  6.90456e-25  8.22694e-12 -2.34311e-24 -1.68616e-11  7.17601e-24  3.02709e-11 -1.98422e-23  -4.7245e-11  4.95799e-23  6.33744e-11 -1.12048e-22 -7.17591e-11  2.29153e-22  6.65179e-11 -4.24144e-22 -4.75098e-11  7.10247e-22  2.21886e-11 -1.07507e-21 -1.58346e-12  1.46896e-21 -7.29577e-12 -1.80856e-21  5.89366e-12  2.00192e-21 -1.15383e-12 -1.98759e-21 -1.35332e-12  1.76668e-21  1.00094e-12 -1.40607e-21  1.70848e-14  1.00786e-21 -2.92618e-13 -6.62901e-22  7.19826e-14   4.1693e-22  5.97963e-14 -2.66541e-22 -2.61999e-14  1.80375e-22 -1.06674e-14 -1.25904e-22  6.06626e-15  8.45866e-23  1.95005e-15 -5.16011e-23 -1.04697e-15  2.78129e-23 -3.72731e-16 -1.32459e-23  1.28164e-16    5.653e-24  6.42779e-17 -2.13776e-24  -7.9214e-18  6.28075e-25 -8.30003e-18  -6.0454e-26 -5.02424e-19 -7.23586e-26  6.50833e-19  4.98228e-26  1.52414e-19  -1.2945e-26 -1.68596e-20 -1.11892e-27  -1.1923e-20  1.69904e-27 -1.29395e-21 -2.98134e-28  2.69513e-22 -9.67488e-29  8.94842e-23  4.68728e-29  6.74707e-24 -3.86503e-30 -9.52688e-25 -1.22737e-30  -2.3916e-25  2.28961e-31 -1.66416e-26  3.83634e-33  3.43513e-28 -1.65063e-33   1.1845e-28 -2.56417e-34  6.22346e-30  4.25359e-35  8.08796e-32 -1.31366e-36 -8.86657e-34
 9.48176e-28  6.16269e-37  -1.0754e-25  5.57961e-36   4.8426e-24  7.59651e-35 -1.33983e-22 -9.18289e-34  2.63281e-21  7.80524e-33 -3.95503e-20 -5.21704e-32  4.74806e-19  2.70118e-31 -4.69136e-18 -1.07989e-30  3.89479e-17  3.12279e-30 -2.75821e-16 -4.42692e-30  1.68508e-15 -1.71578e-29 -8.95656e-15   1.8977e-28  4.16814e-14 -1.15993e-27  -1.7062e-13  6.07066e-27  6.16285e-13 -2.94206e-26 -1.96791e-12  1.32213e-25  5.55866e-12 -5.42681e-25 -1.38799e-11  2.01197e-24  3.05746e-11 -6.70627e-24 -5.91913e-11   2.0085e-23  1.00115e-10  -5.4113e-23  -1.4661e-10  1.31359e-22  1.83323e-10 -2.87699e-22 -1.91388e-10  5.69001e-22  1.60235e-10 -1.01649e-21 -9.84559e-11  1.63969e-21  3.23951e-11 -2.38608e-21  1.04619e-11  3.12748e-21 -2.06317e-11 -3.68421e-21  1.03814e-11  3.88974e-21  9.82682e-13 -3.66851e-21  -3.9458e-12  3.08021e-21  1.41275e-12 -2.29755e-21  6.60348e-13  1.52677e-21 -5.94902e-13 -9.19349e-22 -3.36997e-14  5.26145e-22  1.54366e-13 -3.11396e-22 -1.22626e-14  2.03056e-22 -3.26079e-14 -1.40204e-22  3.81767e-15   9.2705e-23  6.11288e-15 -5.45468e-23 -4.64773e-16  2.78618e-23 -1.00134e-15 -1.26025e-23 -2.22232e-17  5.32072e-24  1.29673e-16 -2.13105e-24  1.98217e-17  6.97017e-25 -1.09205e-17 -8.70174e-26 -3.64806e-18 -7.81647e-26  2.95408e-19  5.81044e-26  3.20577e-19 -1.55522e-26  3.88899e-20 -1.06127e-27 -1.04662e-20  1.81874e-27 -3.64671e-21 -2.94654e-28 -2.27305e-22 -1.05323e-28  7.64188e-23  4.56603e-29  1.74066e-23 -3.30157e-30  9.84368e-25 -1.01659e-30 -1.26826e-25   1.5873e-31 -2.41395e-26  2.58593e-33 -1.34153e-27 -4.31278e-34  4.97866e-30  -1.7567e-34  3.19433e-30  1.84602e-35  8.73009e-32 -3.64142e-37
  4.7923e-37  2.71764e-26  4.82514e-36 -1.76098e-24 -3.75118e-35  6.07606e-23  7.34106e-34 -1.40488e-21 -7.19767e-33  2.40636e-20  5.39161e-32 -3.23022e-19 -3.18042e-31  3.52222e-18   1.4753e-30 -3.19721e-17 -5.29571e-30  2.45896e-16  1.36807e-29 -1.62336e-15 -1.71578e-29  9.28984e-15 -5.82391e-29 -4.64224e-14  5.65209e-28  2.03678e-13 -3.12898e-27 -7.87683e-13  1.57001e-26  2.69184e-12 -7.63822e-26 -8.13939e-12  3.49766e-25  2.17769e-11 -1.45521e-24 -5.14883e-11  5.40865e-24   1.0728e-10 -1.78891e-23 -1.96071e-10  5.27437e-23  3.12094e-10 -1.39072e-22 -4.27971e-10  3.28957e-22  4.97085e-10 -6.99659e-22 -4.75303e-10  1.34006e-21   3.5415e-10 -2.31271e-21  -1.7866e-10  3.59587e-21  2.55364e-11  -5.0323e-21  4.88948e-11  6.32809e-21  -4.6135e-11 -7.13252e-21   1.2426e-11  7.18166e-21  8.83363e-12 -6.43234e-21 -8.31277e-12  5.09906e-21  6.50843e-13 -3.56006e-21  2.21329e-12  2.18613e-21 -7.85289e-13  -1.1961e-21 -4.06779e-13  6.15128e-22  2.56756e-13 -3.34794e-22  6.43502e-14  2.13199e-22 -5.87944e-14 -1.48331e-22 -1.12651e-14  9.70456e-23  1.05892e-14 -5.44866e-23  2.37515e-15  2.57039e-23 -1.45226e-15  -1.0734e-23 -4.78572e-16  4.52881e-24  1.26158e-16 -2.03902e-24  7.24106e-17  7.81382e-25 -1.68315e-18  -1.2912e-25 -6.84384e-18 -7.94109e-26 -1.05816e-18   6.5803e-26  2.85329e-19  -1.8234e-26  1.14806e-19  -8.5553e-28  6.14037e-21  1.84752e-27 -3.80509e-21 -2.73461e-28 -8.58526e-22 -1.08768e-28  -2.9766e-23  4.19405e-29  1.46803e-23 -2.62076e-30  2.48499e-24 -7.67843e-31  1.13686e-25  9.62882e-32 -9.88687e-27  1.12572e-33 -1.44853e-27  1.84817e-34 -5.88343e-29  -9.6066e-35 -2.83447e-31  6.25421e-36  1.67487e-32
-4.64247e-27 -2.95417e-37  5.29989e-25   3.5986e-35 -2.40299e-23 -4.93907e-34  6.69652e-22  5.91168e-33 -1.32586e-20 -5.06667e-32  2.00757e-19  3.37881e-31 -2.43024e-18 -1.78204e-30   2.4223e-17  7.41553e-30 -2.02956e-16  -2.3777e-29  1.45124e-15  5.41198e-29 -8.95656e-15 -5.82391e-29  4.81179e-14 -1.62876e-28 -2.26466e-13  1.25854e-27  9.38123e-13 -5.81182e-27 -3.43146e-12  2.86188e-26  1.11045e-11 -1.53812e-25 -3.18145e-11  7.80079e-25  8.06532e-11 -3.46248e-24 -1.80573e-10  1.32773e-23  3.55778e-10 -4.42877e-23 -6.13407e-10  1.29768e-22  9.17562e-10 -3.36813e-22 -1.17529e-09  7.79139e-22   1.2623e-09 -1.61309e-21 -1.09551e-09  2.99656e-21  7.10215e-10 -5.00087e-21 -2.66936e-10  7.49874e-21 -4.52398e-11 -1.00947e-20  1.40615e-10  1.21785e-20 -8.26316e-11 -1.31313e-20  9.05888e-13  1.26053e-20  2.74539e-11 -1.07169e-20  -1.2689e-11   8.0147e-21 -3.54365e-12 -5.22908e-21  4.75113e-12  2.95485e-21 -2.24817e-13 -1.45351e-21 -1.16664e-12  6.58482e-22  2.16712e-13  -3.2628e-22  2.40043e-13  2.08608e-22 -5.64783e-14  -1.5073e-22 -4.56315e-14  9.81657e-23  8.78771e-15 -5.16263e-23  7.94396e-15  2.13785e-23 -6.23427e-16 -7.65571e-24 -1.14288e-15  3.28969e-24 -7.29812e-17 -1.86389e-24  1.14474e-16  8.77877e-25  2.55031e-17 -1.84675e-25 -5.51393e-18  -7.5978e-26 -2.89951e-18  7.22716e-26 -1.63951e-19 -2.06925e-26  1.32252e-19 -5.48044e-28  3.13561e-20  1.78638e-27  2.56791e-22 -2.37016e-28 -9.59072e-22 -1.06931e-28  -1.5542e-22  3.63496e-29 -3.22826e-24  -1.9265e-30  1.88489e-24 -5.19446e-31  2.43947e-25  4.79362e-32  9.32615e-27  -4.8368e-35 -3.71373e-28  3.62593e-34 -4.00632e-29 -4.09067e-35 -8.49155e-31   1.4341e-36
 -2.9594e-38 -1.24564e-25 -1.53421e-35  8.12714e-24  3.31057e-34 -2.82445e-22  -4.3485e-33  6.58018e-21  4.31138e-32 -1.13607e-19  -3.2635e-31   1.5378e-18  1.94504e-30 -1.69155e-17 -9.20229e-30  1.54965e-16  3.42803e-29  -1.2034e-15 -9.72117e-29   8.0258e-15   1.8977e-28 -4.64224e-14 -1.62876e-28  2.34607e-13 -3.01005e-28 -1.04165e-12  7.95912e-28  4.07927e-12  1.82741e-27 -1.41272e-11 -1.84872e-27   4.3324e-11 -1.33327e-25 -1.17669e-10  1.24353e-24  2.82721e-10 -6.92255e-24 -5.99356e-10  2.91785e-23  1.11618e-09 -1.00997e-22 -1.81367e-09  2.98358e-22  2.54504e-09   -7.683e-22 -3.03541e-09  1.74616e-21  2.99689e-09 -3.52884e-21 -2.33075e-09  6.36886e-21  1.26581e-09 -1.02882e-20 -2.65814e-10  1.48852e-20 -2.78077e-10 -1.92776e-20  3.15516e-10  2.23092e-20 -1.09282e-10 -2.30027e-20 -4.69765e-11  2.10409e-20  5.98034e-11 -1.69688e-20 -1.04093e-11  1.19599e-20 -1.42191e-11 -7.27681e-21  7.00802e-12  3.76314e-21  2.19369e-12 -1.63811e-21 -2.12216e-12   6.3057e-22 -2.57388e-13 -2.78977e-22  4.80582e-13  1.90107e-22   3.6903e-14 -1.49578e-22 -8.95735e-14  9.75512e-23  -9.9847e-15 -4.67222e-23  1.34196e-14   1.5256e-23  2.73622e-15 -3.54418e-24  -1.4206e-15  1.66428e-24 -5.17512e-16 -1.60918e-24  6.92753e-17  9.76718e-25  5.95874e-17 -2.48456e-25  4.72477e-18 -6.83812e-26 -3.39061e-18  7.68503e-26 -9.05448e-19 -2.25845e-26  1.28026e-20 -2.11754e-28  4.17506e-20  1.65055e-27  6.65948e-21 -1.90729e-28 -1.34151e-22 -1.00235e-28 -1.71871e-22  2.97152e-29 -2.10861e-23 -1.29768e-30 -3.52714e-25 -3.04517e-31  1.50015e-25  1.58012e-32  1.45481e-26 -7.00081e-34  4.30378e-28  3.06046e-34 -3.87411e-30 -1.25608e-35  -2.2633e-31
