    0.0434577   8.50674e-16    -0.0309994   -1.3407e-15    -0.0172385   5.11313e-16   -0.00508981     1.956e-16  -0.000184516   6.76872e-18   0.000958091   -2.5715e-18   0.000845246  -4.16418e-18   0.000518364  -7.51517e-18   0.000270305   -8.1962e-18   0.000127862  -5.74653e-18   5.65536e-05  -3.08548e-18   2.37716e-05  -1.44461e-18   9.57479e-06  -6.17244e-19   3.70594e-06   -2.4265e-19   1.37701e-06  -8.89097e-20   4.89545e-07  -3.07695e-20   1.65779e-07  -1.01527e-20   5.32281e-08  -3.21651e-21   1.61349e-08  -9.81325e-22   4.60011e-09  -2.87849e-22   1.22936e-09  -8.08842e-23   3.06964e-10  -2.16874e-23   7.13624e-11  -5.52904e-24    1.5378e-11  -1.33675e-24   3.05232e-12  -3.06001e-25   5.52404e-13  -6.62712e-26   8.95115e-14  -1.35741e-26    1.2502e-14  -2.62957e-27   1.35733e-15  -4.81893e-28   6.53454e-17  -8.35727e-29  -1.84859e-17  -1.37212e-29  -7.60608e-18  -2.13352e-30  -1.84214e-18    -3.143e-31  -3.60658e-19  -4.38789e-32  -6.16503e-20  -5.80609e-33  -9.48747e-21  -7.28135e-34   -1.3343e-21  -8.65307e-35   -1.7289e-22  -9.74181e-36   -2.0733e-23  -1.03858e-36  -2.30653e-24  -1.04791e-37  -2.38272e-25  -9.99862e-39  -2.28529e-26  -9.01274e-40  -2.03282e-27  -7.66529e-41  -1.67375e-28   -6.1417e-42  -1.27188e-29  -4.62736e-43  -8.88333e-31  -3.27116e-44  -5.67054e-32  -2.16402e-45  -3.28195e-33   -1.3356e-46  -1.70221e-34  -7.66271e-48  -7.76545e-36  -4.06943e-49  -3.01236e-37  -1.99043e-50  -9.20137e-39   -8.9132e-52  -1.66649e-40  -3.62827e-53   2.84108e-42   -1.3311e-54   4.34416e-43  -4.35509e-56   2.39662e-44  -1.25413e-57   9.32464e-46  -3.12558e-59   2.81135e-47  -6.59275e-61    6.6674e-49  -1.14109e-62   1.22218e-50  -1.54819e-64   1.65284e-52  -1.52783e-66   1.50023e-54  -9.47659e-69   7.28759e-57  -2.38494e-71
  8.50674e-16     0.0879978   5.87398e-16    -0.0186754  -7.78421e-16    -0.0264285   4.45447e-16    -0.0139957   2.51891e-16   -0.00473698   1.18189e-16  -0.000643743   5.54204e-17   0.000542637   1.21054e-17   0.000613537  -9.99664e-18   0.000413835  -1.49101e-17    0.00022855   -1.1195e-17   0.000111968  -6.41928e-18   5.02411e-05  -3.17771e-18   2.09513e-05  -1.41649e-18   8.17207e-06  -5.79078e-19   2.98743e-06  -2.20012e-19   1.02309e-06  -7.83848e-20   3.27599e-07  -2.63383e-20   9.77944e-08  -8.37632e-21   2.71091e-08  -2.52476e-21   6.94041e-09  -7.21224e-22   1.62782e-09  -1.95157e-22   3.45094e-10  -4.99943e-23    6.4459e-11  -1.21201e-23   9.99844e-12  -2.78035e-24    1.0518e-12  -6.03641e-25  -2.92859e-14  -1.24079e-25  -5.63089e-14  -2.41573e-26  -2.01954e-14  -4.45695e-27  -5.31837e-15  -7.79621e-28  -1.18779e-15  -1.29358e-28   -2.3599e-16  -2.03682e-29  -4.26242e-17  -3.04465e-30  -7.07976e-18   -4.3221e-31  -1.08856e-18  -5.82796e-32  -1.55541e-19  -7.46496e-33  -2.06991e-20  -9.08204e-34  -2.56807e-21  -1.04925e-34  -2.97058e-22  -1.15064e-35  -3.20128e-23  -1.19708e-36  -3.20893e-24  -1.18056e-37   -2.9843e-25  -1.10252e-38  -2.56532e-26  -9.73783e-40  -2.02715e-27  -8.12129e-41  -1.46066e-28  -6.38332e-42  -9.47492e-30   -4.7178e-43  -5.41151e-31  -3.26998e-44  -2.60056e-32  -2.11894e-45  -9.27742e-34  -1.27908e-46  -1.06617e-35  -7.16264e-48   1.86168e-36  -3.70288e-49   2.16391e-37  -1.75726e-50   1.55212e-38  -7.60436e-52   8.74957e-40  -2.97692e-53   4.11199e-41   -1.0442e-54   1.64034e-42  -3.24332e-56   5.56379e-44  -8.78865e-58   1.59177e-45  -2.03797e-59   3.77793e-47  -3.93992e-61   7.24079e-49  -6.11827e-63   1.07362e-50   -7.2048e-65   1.14518e-52  -5.81337e-67   7.60587e-55  -2.55129e-69   2.03306e-57
   -0.0309994   5.87398e-16     0.0900291   -8.5206e-17    0.00425452  -2.78428e-16    -0.0229602    3.5349e-16    -0.0189247   3.45793e-16   -0.00979776   2.45468e-16   -0.00371904    1.3059e-16  -0.000915553   4.25425e-17   3.52916e-05  -3.66685e-18   0.000218772   -1.6823e-17   0.000173121  -1.44171e-17   9.90662e-05  -8.84601e-18     4.776e-05  -4.56688e-18   2.03469e-05  -2.09132e-18   7.80437e-06  -8.70504e-19   2.71212e-06  -3.34032e-19   8.52772e-07  -1.19178e-19   2.40474e-07   -3.9759e-20   5.95505e-08  -1.24483e-20   1.23112e-08  -3.66617e-21   1.80333e-09  -1.01717e-21   8.91168e-12   -2.6616e-22  -1.21811e-10  -6.57485e-23  -5.94778e-11  -1.53468e-23  -2.04019e-11  -3.38804e-24  -5.85789e-12  -7.08114e-25  -1.48704e-12  -1.40243e-25   -3.4199e-13   -2.6343e-26  -7.21888e-14  -4.69681e-27  -1.40937e-14  -7.95446e-28  -2.55715e-15  -1.28045e-28  -4.32482e-16  -1.96019e-29  -6.83032e-17  -2.85505e-30  -1.00823e-17  -3.95779e-31  -1.39114e-18  -5.22253e-32  -1.79307e-19  -6.55956e-33  -2.15586e-20   -7.8401e-34  -2.41215e-21  -8.91299e-35  -2.50236e-22  -9.63136e-36  -2.39351e-23  -9.88369e-37  -2.09249e-24  -9.62077e-38  -1.64778e-25  -8.87016e-39  -1.13736e-26  -7.73267e-40  -6.46736e-28  -6.36084e-41   -2.4548e-29  -4.92553e-42   2.89752e-31  -3.58063e-43   1.74912e-31  -2.43603e-44   2.17988e-32  -1.54557e-45   1.96435e-33  -9.10812e-47   1.46749e-34  -4.96256e-48   9.48438e-36  -2.48665e-49   5.39025e-37  -1.13887e-50   2.70858e-38  -4.73284e-52   1.20283e-39  -1.76925e-53   4.69886e-41  -5.88688e-55   1.60145e-42  -1.72068e-56   4.70378e-44   -4.3445e-58   1.17026e-45  -9.26715e-60   2.40651e-47  -1.61931e-61   3.94588e-49  -2.21447e-63   4.87531e-51  -2.19942e-65   4.10467e-53   -1.3711e-67   1.87057e-55  -3.46358e-70
  -1.3407e-15    -0.0186754   -8.5206e-17     0.0712912  -5.22664e-16     0.0179308  -2.04955e-16    -0.0146816   2.96947e-16    -0.0190412   4.21244e-16    -0.0130354   3.42617e-16   -0.00679463   1.96232e-16   -0.00293545    7.4452e-17   -0.00107536   8.17918e-18  -0.000330635  -1.36234e-17  -8.10902e-05    -1.428e-17  -1.35557e-05  -9.39386e-18    -5.793e-07  -5.01562e-18   2.07009e-07  -2.33444e-18  -2.98864e-07  -9.76895e-19  -4.09831e-07  -3.73655e-19   -2.8912e-07  -1.31947e-19  -1.53252e-07  -4.33069e-20  -6.77794e-08  -1.32738e-20    -2.618e-08  -3.81252e-21  -9.04892e-09  -1.02889e-21  -2.84021e-09  -2.61473e-22  -8.17319e-10  -6.26904e-23  -2.17065e-10  -1.42047e-23  -5.34565e-11  -3.04655e-24  -1.22495e-11  -6.19374e-25  -2.61836e-12  -1.19518e-25  -5.22996e-13  -2.19153e-26  -9.77279e-14  -3.82233e-27  -1.70935e-14  -6.34655e-28  -2.79855e-15  -1.00383e-28  -4.28591e-16  -1.51326e-29  -6.13144e-17  -2.17487e-30  -8.17473e-18  -2.98031e-31  -1.01195e-18  -3.89341e-32  -1.15633e-19  -4.84681e-33  -1.20809e-20  -5.74576e-34  -1.13493e-21  -6.48056e-35  -9.27432e-23  -6.94632e-36  -6.06725e-24  -7.06603e-37  -2.22739e-25  -6.81035e-38   1.57729e-26  -6.20765e-39   4.69603e-27  -5.33984e-40   6.67797e-28  -4.32453e-41   7.38144e-29   -3.2885e-42   6.97196e-30  -2.34104e-43   5.82137e-31  -1.55496e-44   4.36066e-32  -9.60058e-46   2.94941e-33  -5.48645e-47    1.8049e-34  -2.88792e-48   9.98531e-36  -1.39228e-49   4.97952e-37  -6.10736e-51   2.22754e-38  -2.41857e-52   8.87807e-40  -8.56509e-54   3.12406e-41  -2.68109e-55   9.59057e-43  -7.30985e-57   2.52829e-44  -1.70297e-58   5.60234e-46  -3.30328e-60   1.01248e-47  -5.14074e-62   1.42661e-49  -6.06047e-64   1.45504e-51  -4.89099e-66   9.28713e-54  -2.14514e-68   2.39567e-56
   -0.0172385  -7.78421e-16    0.00425452  -5.22664e-16     0.0566843  -7.99177e-16     0.0235438  -3.13545e-16   -0.00692967   2.28947e-16    -0.0164288   4.40195e-16    -0.0140922   3.86954e-16    -0.0089349   2.31856e-16   -0.00479433   9.55125e-17   -0.00230927   1.95967e-17   -0.00103583  -7.78285e-18  -0.000444787  -1.15735e-17  -0.000186567  -8.22444e-18  -7.72481e-05  -4.51958e-18  -3.15544e-05  -2.12293e-18  -1.26007e-05  -8.86629e-19  -4.85818e-06  -3.35958e-19  -1.78766e-06  -1.16916e-19  -6.22442e-07  -3.76779e-20  -2.03951e-07  -1.13112e-20  -6.26935e-08  -3.17761e-21  -1.80528e-08  -8.38363e-22  -4.86715e-09  -2.08351e-22  -1.22863e-09  -4.88982e-23   -2.9045e-10  -1.08613e-23  -6.43153e-11  -2.28778e-24    -1.334e-11  -4.57736e-25  -2.59097e-12  -8.71168e-26  -4.70872e-13  -1.57898e-26   -7.9957e-14  -2.72782e-27  -1.26559e-14  -4.49457e-28  -1.86017e-15  -7.06548e-29  -2.52329e-16   -1.0598e-29  -3.12643e-17  -1.51659e-30  -3.47249e-18  -2.06968e-31  -3.32404e-19  -2.69176e-32  -2.46348e-20  -3.33332e-33  -7.73708e-22  -3.92594e-34    1.6872e-22  -4.39214e-35   4.65173e-23  -4.66055e-36   7.67559e-24  -4.68287e-37   1.02393e-24  -4.44744e-38     1.189e-25  -3.98432e-39   1.23713e-26  -3.35953e-40   1.16918e-27  -2.65956e-41   1.01044e-28  -1.97134e-42    8.0104e-30  -1.36396e-43    5.8303e-31  -8.77895e-45   3.89325e-32  -5.23597e-46   2.38048e-33  -2.88096e-47   1.32863e-34  -1.45491e-48    6.7406e-36  -6.70338e-50   3.09153e-37  -2.79791e-51   1.27301e-38  -1.04897e-52   4.66548e-40  -3.49599e-54   1.50519e-41  -1.02239e-55   4.21465e-43  -2.58028e-57   1.00531e-44   -5.4971e-59   1.99123e-46  -9.58691e-61   3.15702e-48  -1.30775e-62   3.78396e-50  -1.29497e-64   3.09913e-52  -8.04514e-67   1.37717e-54  -2.02462e-69
  5.11313e-16    -0.0264285  -2.78428e-16     0.0179308  -7.99177e-16     0.0490205  -9.94323e-16     0.0260841  -4.40987e-16  -0.000585295    1.4462e-16    -0.0125698   4.03307e-16    -0.0133166   3.74684e-16   -0.00975243   2.29988e-16   -0.00594631   9.90476e-17   -0.00322996   2.53237e-17   -0.00161718  -2.72916e-18  -0.000760495   -8.2121e-18   -0.00033912  -6.31995e-18  -0.000143868  -3.55309e-18  -5.80296e-05    -1.675e-18   -2.2195e-05  -6.95556e-19  -8.02389e-06  -2.60694e-19  -2.73381e-06  -8.94794e-20  -8.75821e-07   -2.8401e-20  -2.63405e-07  -8.39496e-21  -7.42891e-08   -2.3233e-21  -1.96336e-08  -6.04552e-22  -4.85936e-09  -1.48419e-22  -1.12555e-09  -3.44747e-23   -2.4374e-10  -7.59405e-24   -4.9272e-11  -1.58941e-24  -9.27516e-12  -3.16539e-25  -1.61952e-12   -6.0052e-26  -2.60617e-13  -1.08605e-26  -3.82256e-14  -1.87313e-27  -5.00514e-15  -3.08117e-28  -5.59048e-16  -4.83312e-29  -4.65808e-17   -7.2267e-30  -9.83166e-19  -1.02943e-30   6.74338e-19  -1.39594e-31   1.95204e-19  -1.80025e-32   3.75452e-20  -2.20557e-33   5.97934e-21  -2.56388e-34   8.38812e-22  -2.82408e-35   1.06365e-22  -2.94313e-36   1.23487e-23  -2.89727e-37   1.32164e-24  -2.68926e-38   1.30877e-25  -2.34899e-39   1.20127e-26  -1.92653e-40   1.02242e-27  -1.47996e-41   8.06499e-29  -1.06195e-42   5.88817e-30  -7.09552e-44   3.97064e-31  -4.39904e-45   2.46623e-32  -2.52038e-46   1.40591e-33  -1.32825e-47    7.3237e-35   -6.4037e-49   3.46749e-36  -2.80625e-50   1.48238e-37  -1.10924e-51   5.67624e-39  -3.91819e-53   1.92736e-40  -1.22262e-54   5.73014e-42  -3.32124e-56   1.46744e-43  -7.70622e-58   3.16708e-45   -1.4883e-59   5.58748e-47  -2.30557e-61   7.70068e-49  -2.70514e-63   7.69562e-51  -2.17245e-65   4.82015e-53  -9.48055e-68   1.22182e-55
  -0.00508981   4.45447e-16    -0.0229602  -2.04955e-16     0.0235438  -9.94323e-16     0.0448076  -1.09855e-15     0.0277319  -5.25822e-16    0.00477155   5.68566e-17     -0.008071   3.23213e-16    -0.0110675   3.13525e-16     -0.009154   1.93242e-16   -0.00608364   8.35953e-17   -0.00352791   2.22606e-17   -0.00185078  -1.21201e-18   -0.00089442   -6.0566e-18  -0.000401849  -4.76219e-18  -0.000168573   -2.6746e-18  -6.61352e-05  -1.25105e-18  -2.42734e-05  -5.14085e-19  -8.33219e-06  -1.90525e-19  -2.67359e-06  -6.46864e-20  -8.01434e-07  -2.03304e-20  -2.24261e-07   -5.9592e-21  -5.85194e-08  -1.63817e-21  -1.42178e-08   -4.2414e-22  -3.20833e-09  -1.03767e-22  -6.69736e-10  -2.40499e-23  -1.28468e-10  -5.29062e-24  -2.23777e-11  -1.10624e-24  -3.45955e-12  -2.20069e-25  -4.50535e-13  -4.16759e-26   -4.1814e-14  -7.51513e-27  -6.50687e-17  -1.29035e-27   1.19422e-15  -2.10911e-28   3.77646e-16  -3.28055e-29   8.46576e-17  -4.85312e-30   1.59784e-17  -6.82398e-31   2.67846e-18  -9.11286e-32   4.08226e-19  -1.15472e-32   5.72605e-20  -1.38697e-33   7.44268e-21  -1.57734e-34    9.0004e-22  -1.69631e-35   1.01494e-22  -1.72267e-36   1.06847e-23  -1.64944e-37   1.05039e-24  -1.48643e-38   9.63963e-26  -1.25829e-39    8.2508e-27  -9.98344e-41    6.5773e-28  -7.40558e-42   4.87407e-29  -5.12135e-43   3.34953e-30  -3.29117e-44   2.12835e-31  -1.95815e-45   1.24602e-32    -1.074e-46   6.69238e-34  -5.40337e-48   3.28087e-35  -2.47897e-49    1.4591e-36   -1.0299e-50   5.84304e-38  -3.84215e-52   2.08783e-39  -1.27389e-53   6.58148e-41  -3.70561e-55   1.80407e-42  -9.30142e-57    4.2196e-44  -1.97073e-58   8.20755e-46  -3.41802e-60   1.27955e-47  -4.63694e-62   1.50981e-49  -4.56654e-64   1.21862e-51  -2.82167e-66   5.34171e-54  -7.06294e-69
    1.956e-16    -0.0139957    3.5349e-16    -0.0146816  -3.13545e-16     0.0260841  -1.09855e-15      0.042265  -1.11192e-15     0.0291913  -5.62125e-16      0.009596   -3.3168e-17   -0.00313353   2.09575e-16   -0.00763026   2.14863e-16   -0.00723745    1.2909e-16    -0.0051538   5.16424e-17     -0.003106   1.02151e-17   -0.00165773  -4.17981e-18  -0.000800669  -5.98059e-18   -0.00035395  -4.12237e-18  -0.000144094  -2.18844e-18  -5.41989e-05  -9.89729e-19  -1.88651e-05  -3.97368e-19  -6.07881e-06  -1.44788e-19  -1.81206e-06  -4.85369e-20  -4.98749e-07  -1.51093e-20   -1.2627e-07   -4.3966e-21  -2.92036e-08   -1.2017e-21  -6.09148e-09   -3.0962e-22  -1.11656e-09  -7.54002e-23  -1.68911e-10   -1.7389e-23  -1.68132e-11  -3.80315e-24   8.10257e-13  -7.89595e-25   1.02442e-12  -1.55714e-25   3.55683e-13  -2.91785e-26   9.25779e-14  -5.19587e-27   2.05977e-14  -8.79202e-28   4.09811e-15   -1.4134e-28   7.44526e-16  -2.15798e-29   1.24917e-16  -3.12786e-30   1.94856e-17  -4.30153e-31   2.83769e-18  -5.60892e-32   3.86814e-19  -6.92901e-33   4.94324e-20  -8.10212e-34   5.92735e-21  -8.95781e-35   6.67072e-22  -9.35316e-36   7.04485e-23  -9.21029e-37   6.97763e-24  -8.54029e-38   6.47549e-25  -7.44368e-39   5.62345e-26  -6.08622e-40   4.56225e-27  -4.65755e-41   3.45078e-28  -3.32724e-42   2.42748e-29  -2.21224e-43   1.58355e-30  -1.36431e-44   9.54673e-32  -7.77337e-46    5.2974e-33  -4.07308e-47   2.69262e-34  -1.95216e-48   1.24657e-35  -8.50387e-50   5.22054e-37  -3.34125e-51   1.96142e-38  -1.17317e-52   6.54408e-40  -3.63892e-54   1.91417e-41  -9.82688e-56   4.82836e-43  -2.26687e-57   1.02746e-44  -4.35302e-59   1.78892e-46   -6.7057e-61   2.43521e-48  -7.82481e-63   2.40555e-50  -6.25043e-65   1.49038e-52  -2.71346e-67   3.73928e-55
 -0.000184516   2.51891e-16    -0.0189247   2.96947e-16   -0.00692967  -4.40987e-16     0.0277319  -1.11192e-15     0.0408506  -1.05991e-15     0.0307922  -5.76088e-16     0.0142133   -1.3608e-16    0.00213954   6.87787e-17   -0.00331512   9.14795e-17   -0.00429575   4.79883e-17   -0.00336303   9.18675e-18   -0.00209594  -7.97506e-18   -0.00112067     -1.05e-17  -0.000530336  -7.60968e-18   -0.00022552  -4.29518e-18  -8.68181e-05  -2.06506e-18  -3.03384e-05  -8.79475e-19  -9.61081e-06   -3.3904e-19  -2.74294e-06  -1.19936e-19  -6.95125e-07  -3.92982e-20  -1.51325e-07  -1.20065e-20  -2.58358e-08  -3.43714e-21  -2.20951e-09  -9.25317e-22   6.54805e-10  -2.34889e-22   4.50454e-10  -5.63369e-23   1.68937e-10  -1.27859e-23   5.06152e-11  -2.74891e-24   1.32075e-11  -5.60308e-25   3.10594e-12  -1.08334e-25   6.69672e-13  -1.98753e-26   1.33697e-13  -3.46054e-27   2.48686e-14   -5.7182e-28   4.32737e-15   -8.9662e-29   7.06366e-16  -1.33379e-29   1.08361e-16  -1.88166e-30   1.56417e-17  -2.51624e-31   2.12605e-18  -3.18753e-32   2.72197e-19  -3.82224e-33   3.28254e-20  -4.33462e-34    3.7275e-21  -4.64405e-35   3.98339e-22  -4.69489e-36   4.00258e-23  -4.47225e-37   3.77738e-24  -4.00774e-38   3.34343e-25  -3.37243e-39   2.77079e-26  -2.65913e-40   2.14559e-27  -1.95993e-41   1.54875e-28  -1.34661e-42   1.03919e-29  -8.59739e-44   6.46056e-31  -5.08181e-45   3.70722e-32   -2.7692e-46   1.95471e-33  -1.38425e-47    9.4206e-35  -6.31053e-49   4.12385e-36  -2.60543e-50   1.62731e-37  -9.66065e-52   5.73551e-39  -3.18398e-53   1.78501e-40  -9.20804e-55   4.83467e-42  -2.29823e-56   1.11817e-43  -4.84259e-58   2.15213e-45  -8.35418e-60   3.32201e-47  -1.12748e-61   3.88334e-49  -1.10481e-63   3.10685e-51  -6.79354e-66   1.35056e-53  -1.69251e-68
  6.76872e-18   -0.00473698   3.45793e-16    -0.0190412   2.28947e-16  -0.000585295  -5.25822e-16     0.0291913  -1.05991e-15     0.0403695  -9.86829e-16     0.0327134  -6.02171e-16     0.0187761  -2.61467e-16    0.00755866  -8.96042e-17    0.00144008  -4.08891e-17  -0.000818466  -3.68505e-17   -0.00112652  -3.51314e-17  -0.000796398     -2.74e-17  -0.000429436  -1.76704e-17  -0.000191724   -9.7706e-18  -7.23608e-05  -4.76201e-18  -2.27829e-05  -2.08548e-18  -5.57646e-06   -8.3189e-19  -7.50607e-07  -3.05255e-19   1.91743e-07  -1.03802e-19   2.04818e-07  -3.28957e-20   1.04118e-07  -9.75742e-21   4.12083e-08  -2.71794e-21   1.40248e-08  -7.12813e-22   4.26579e-09  -1.76365e-22   1.18234e-09  -4.12314e-23   3.02049e-10  -9.11919e-24   7.16456e-11  -1.90986e-24   1.58587e-11  -3.79028e-25    3.2876e-12   -7.1315e-26   6.39983e-13  -1.27255e-26   1.17216e-13  -2.15388e-27   2.02281e-14  -3.45814e-28   3.29249e-15  -5.26613e-29   5.05818e-16  -7.60453e-30   7.33737e-17  -1.04095e-30   1.00515e-17  -1.35004e-31   1.30025e-18  -1.65786e-32   1.58781e-19  -1.92616e-33   1.82947e-20  -2.11531e-34   1.98742e-21  -2.19337e-35   2.03366e-22  -2.14462e-36   1.95787e-23  -1.97442e-37   1.77089e-24   -1.7086e-38   1.50236e-25  -1.38707e-39    1.1931e-26    -1.054e-40   8.84929e-28  -7.47728e-42   6.11382e-29  -4.93769e-43   3.92239e-30  -3.02483e-44   2.32845e-31  -1.71223e-45   1.27364e-32  -8.91486e-47   6.38786e-34  -4.24642e-48   2.92065e-35  -1.83873e-49   1.20897e-36  -7.18266e-51   4.49289e-38  -2.50778e-52   1.48371e-39  -7.73634e-54    4.2983e-41  -2.07822e-55   1.07442e-42  -4.76974e-57   2.26688e-44  -9.11441e-59   3.91516e-46  -1.39743e-60   5.28914e-48  -1.62323e-62    5.1872e-50  -1.29096e-64   3.19194e-52   -5.5807e-67   7.95676e-55
  0.000958091   1.18189e-16   -0.00979776   4.21244e-16    -0.0164288    1.4462e-16    0.00477155  -5.62125e-16     0.0307922  -9.86829e-16     0.0407125  -9.37878e-16     0.0349698  -6.62724e-16     0.0232012  -4.06157e-16     0.0127466  -2.48266e-16    0.00604618  -1.63414e-16    0.00258013  -1.11161e-16    0.00105259  -7.22667e-17   0.000446827  -4.29809e-17   0.000210092  -2.31111e-17   0.000107201  -1.12588e-17   5.51907e-05   -5.0006e-18   2.70429e-05  -2.03872e-18   1.22692e-05  -7.67647e-19   5.11161e-06  -2.68356e-19   1.95595e-06  -8.74789e-20   6.89625e-07  -2.66867e-20   2.24935e-07  -7.64115e-21   6.81363e-08  -2.05841e-21    1.9235e-08  -5.22707e-22   5.07588e-09  -1.25319e-22   1.25534e-09  -2.84033e-23   2.91599e-10   -6.0919e-24   6.37347e-11  -1.23744e-24   1.31274e-11  -2.38203e-25   2.55109e-12  -4.34729e-26   4.68202e-13  -7.52417e-27   8.12112e-14  -1.23518e-27   1.33199e-14  -1.92324e-28   2.06647e-15  -2.83997e-29   3.03288e-16  -3.97608e-30   4.21075e-17  -5.27576e-31     5.529e-18  -6.63081e-32   6.86342e-19  -7.88861e-33   8.04991e-20  -8.87603e-34    8.9139e-21  -9.43592e-35   9.31014e-22  -9.46633e-36   9.16125e-23  -8.94979e-37   8.48138e-24  -7.96137e-38   7.37549e-25  -6.65137e-39    6.0133e-26  -5.20801e-40   4.58656e-27  -3.81263e-41   3.26456e-28  -2.60237e-42   2.16203e-29  -1.65092e-43   1.32783e-30  -9.69855e-45    7.5331e-32  -5.25365e-46   3.92986e-33  -2.61116e-47   1.87512e-34  -1.18381e-48   8.13156e-36  -4.86166e-50   3.18056e-37  -1.79343e-51   1.11172e-38  -5.88174e-53   3.43288e-40  -1.69294e-54   9.22932e-42  -4.20615e-56    2.1197e-43  -8.82395e-58   4.05287e-45  -1.51586e-59   6.21696e-47  -2.03755e-61   7.22452e-49  -1.98884e-63   5.74756e-51   -1.2184e-65   2.48522e-53  -3.02461e-68
  -2.5715e-18  -0.000643743   2.45468e-16    -0.0130354   4.40195e-16    -0.0125698   5.68566e-17      0.009596  -5.76088e-16     0.0327134  -9.37878e-16     0.0417224  -9.39352e-16     0.0373541   -7.5671e-16     0.0271391  -5.51143e-16     0.0171498  -3.84128e-16    0.00985345  -2.57769e-16    0.00531129  -1.63206e-16    0.00274045  -9.56261e-17    0.00136487  -5.13761e-17   0.000655106  -2.52767e-17   0.000300845  -1.14181e-17    0.00013109  -4.75491e-18   5.38379e-05  -1.83323e-18   2.07524e-05  -6.56993e-19   7.49233e-06  -2.19647e-19   2.53235e-06  -6.87167e-20   8.01693e-07  -2.01708e-20   2.37972e-07  -5.56786e-21   6.63207e-08  -1.44803e-21   1.73774e-08  -3.55372e-22    4.2867e-09  -8.24093e-23   9.96816e-10  -1.80772e-23   2.18753e-10  -3.75434e-24   4.53489e-11  -7.38735e-25    8.8882e-12  -1.37793e-25    1.6481e-12  -2.43731e-26   2.89268e-13  -4.08919e-27   4.80744e-14   -6.5079e-28    7.5668e-15  -9.82427e-29   1.12801e-15  -1.40648e-29   1.59246e-16  -1.90897e-30   2.12847e-17  -2.45526e-31   2.69231e-18  -2.99061e-32     3.221e-19  -3.44712e-33     3.642e-20  -3.75652e-34    3.8884e-21  -3.86609e-35   3.91565e-22  -3.75283e-36   3.71421e-23  -3.43087e-37   3.31354e-24  -2.94892e-38    2.7753e-25  -2.37841e-39   2.17783e-26  -1.79595e-40   1.59738e-27  -1.26639e-41   1.09214e-28  -8.31417e-43   6.93852e-30  -5.06483e-44   4.08126e-31  -2.85162e-45   2.21322e-32  -1.47708e-46   1.10106e-33  -7.00099e-48    4.9959e-35  -3.01711e-49   2.05313e-36  -1.17321e-50   7.57831e-38  -4.07832e-52    2.4866e-39  -1.25287e-53   7.15999e-41  -3.35208e-55   1.77949e-42   -7.6638e-57   3.73407e-44  -1.45907e-58   6.41598e-46  -2.22916e-60   8.62532e-48  -2.58061e-62   8.41994e-50  -2.04572e-64   5.15844e-52  -8.81611e-67   1.28052e-54
  0.000845246   5.54204e-17   -0.00371904   3.42617e-16    -0.0140922   4.03307e-16     -0.008071   -3.3168e-17     0.0142133  -6.02171e-16     0.0349698  -9.39352e-16     0.0430791  -9.88636e-16     0.0394107  -8.60656e-16     0.0300413  -6.68316e-16     0.0201759  -4.75712e-16     0.0123268  -3.11596e-16    0.00697921  -1.87215e-16    0.00369697  -1.02977e-16    0.00183893  -5.19052e-17   0.000859275  -2.40443e-17   0.000376827  -1.02748e-17   0.000154931  -4.06613e-18   5.96845e-05  -1.49565e-18   2.15435e-05  -5.13053e-19      7.29e-06  -1.64613e-19   2.31465e-06  -4.95286e-20   6.90364e-07  -1.40058e-20    1.9366e-07  -3.72955e-21   5.11578e-08  -9.36719e-22   1.27414e-08  -2.22213e-22   2.99526e-09  -4.98477e-23   6.65279e-10  -1.05841e-23   1.39734e-10  -2.12879e-24   2.77746e-11  -4.05837e-25   5.22759e-12  -7.33675e-26     9.321e-13  -1.25811e-26   1.57495e-13  -2.04676e-27   2.52226e-14    -3.159e-28   3.82864e-15  -4.62509e-29   5.50788e-16  -6.42193e-30   7.50757e-17  -8.45306e-31   9.69206e-18  -1.05422e-31   1.18439e-18  -1.24486e-32   1.36908e-19  -1.39063e-33   1.49568e-20  -1.46813e-34   1.54265e-21  -1.46308e-35   1.50028e-22  -1.37442e-36   1.37382e-23  -1.21514e-37   1.18252e-24  -1.00922e-38    9.5491e-26  -7.85762e-40   7.21821e-27  -5.72123e-41   5.09444e-28  -3.88489e-42   3.34722e-29  -2.45232e-43   2.04041e-30   -1.4338e-44   1.14945e-31  -7.73151e-46   5.95672e-33  -3.82599e-47   2.82447e-34  -1.72736e-48   1.21762e-35  -7.06561e-50   4.73599e-37  -2.59653e-51   1.64666e-38  -8.48454e-53   5.05931e-40  -2.43359e-54   1.35377e-41  -6.02616e-56   3.09526e-43  -1.26019e-57     5.893e-45  -2.15828e-59   9.00323e-47  -2.89264e-61   1.04224e-48  -2.81565e-63   8.26157e-51  -1.72035e-65   3.55996e-53  -4.25985e-68
 -4.16418e-18   0.000542637    1.3059e-16   -0.00679463   3.86954e-16    -0.0133166   3.23213e-16   -0.00313353   -1.3608e-16     0.0187761  -6.62724e-16     0.0373541  -9.88636e-16     0.0442492  -1.05777e-15     0.0405138  -9.40185e-16     0.0313421  -7.32448e-16      0.021402  -5.11073e-16     0.0132157  -3.22274e-16    0.00748204  -1.84583e-16    0.00391391  -9.64548e-17        0.0019  -4.61969e-17   0.000858168  -2.03723e-17   0.000361278  -8.30754e-18   0.000141978  -3.14488e-18   5.21617e-05  -1.10904e-18   1.79427e-05  -3.65452e-19   5.78754e-06  -1.12829e-19   1.75321e-06  -3.27139e-20   4.99518e-07  -8.92571e-21   1.34046e-07  -2.29566e-21   3.39235e-08  -5.57403e-22   8.10593e-09  -1.27932e-22   1.83068e-09  -2.77836e-23   3.91126e-10  -5.71452e-24   7.91128e-11  -1.11391e-24    1.5159e-11  -2.05889e-25    2.7529e-12  -3.60985e-26   4.73975e-13  -6.00503e-27   7.73838e-14  -9.47873e-28   1.19812e-14  -1.41961e-28   1.75902e-15  -2.01693e-29    2.4483e-16  -2.71752e-30   3.22946e-17  -3.47065e-31   4.03501e-18  -4.19891e-32   4.77225e-19  -4.80857e-33    5.3384e-20   -5.2077e-34   5.64263e-21  -5.32778e-35   5.62896e-22  -5.14233e-36   5.29247e-23  -4.67559e-37   4.68259e-24  -3.99791e-38   3.89154e-25  -3.20842e-39   3.03148e-26  -2.41118e-40   2.20823e-27  -1.69249e-41       1.5e-28  -1.10634e-42   9.47151e-30   -6.7117e-44   5.53906e-31   -3.7639e-45   2.98741e-32  -1.94226e-46   1.47856e-33  -9.17265e-48   6.67615e-35   -3.9394e-49   2.73103e-36  -1.52682e-50   1.00366e-37   -5.2909e-52   3.27964e-39  -1.62052e-53   9.40664e-41  -4.32339e-55    2.3292e-42   -9.8576e-57   4.87047e-44  -1.87187e-58   8.34078e-46  -2.85278e-60   1.11776e-47   -3.2948e-62   1.08789e-49  -2.60604e-64   6.64603e-52  -1.12069e-66   1.64536e-54
  0.000518364   1.21054e-17  -0.000915553   1.96232e-16    -0.0089349   3.74684e-16    -0.0110675   2.09575e-16    0.00213954  -2.61467e-16     0.0232012   -7.5671e-16     0.0394107  -1.05777e-15      0.044555  -1.10764e-15     0.0400624  -9.65618e-16     0.0306924  -7.31473e-16     0.0207479  -4.91668e-16     0.0126248  -2.96809e-16    0.00699893  -1.62293e-16    0.00356253  -8.09325e-17    0.00167378  -3.70271e-17   0.000728689  -1.56216e-17   0.000294885  -6.10499e-18   0.000111222  -2.21863e-18   3.91916e-05  -7.52292e-19   1.29301e-05  -2.38703e-19     4.002e-06  -7.10558e-20   1.16415e-06  -1.98865e-20   3.18793e-07  -5.24272e-21   8.23035e-08  -1.30405e-21   2.00588e-08  -3.06455e-22   4.62026e-09  -6.81208e-23   1.00677e-09  -1.43368e-23   2.07709e-10  -2.85905e-24   4.06009e-11  -5.40575e-25   7.52318e-12  -9.69508e-26   1.32196e-12  -1.64982e-26   2.20342e-13  -2.66429e-27   3.48399e-14   -4.0831e-28   5.22575e-15  -5.93757e-29   7.43424e-16  -8.19076e-30   1.00278e-16  -1.07143e-30   1.28193e-17  -1.32827e-31    1.5522e-18  -1.55952e-32   1.77881e-19  -1.73265e-33   1.92758e-20   -1.8197e-34     1.973e-21  -1.80442e-35    1.9051e-22  -1.68703e-36   1.73277e-23  -1.48476e-37   1.48202e-24  -1.22783e-38   1.18961e-25  -9.52028e-40   8.94156e-27  -6.90459e-41   6.27714e-28  -4.67087e-42   4.10357e-29  -2.93794e-43    2.4896e-30  -1.71189e-44    1.3962e-31  -9.20117e-46   7.20478e-33  -4.53922e-47   3.40256e-34  -2.04335e-48   1.46127e-35  -8.33479e-50   5.66329e-37  -3.05478e-51   1.96239e-38   -9.9567e-53      6.01e-40  -2.84896e-54   1.60326e-41  -7.03857e-56   3.65515e-43  -1.46869e-57   6.94001e-45  -2.51019e-59   1.05755e-46  -3.35767e-61   1.22125e-48  -3.26222e-63   9.65822e-51  -1.98968e-65   4.15268e-53  -4.91849e-68
 -7.51517e-18   0.000613537   4.25425e-17   -0.00293545   2.31856e-16   -0.00975243   3.13525e-16   -0.00763026   6.87787e-17    0.00755866  -4.06157e-16     0.0271391  -8.60656e-16     0.0405138  -1.10764e-15     0.0433675  -1.10531e-15     0.0377188  -9.23763e-16     0.0281306  -6.70148e-16     0.0185182  -4.30575e-16     0.0109492  -2.48248e-16     0.0058811  -1.29678e-16    0.00289239  -6.18451e-17    0.00131016   -2.7098e-17   0.000549113  -1.09661e-17   0.000213754  -4.11711e-18    7.7532e-05  -1.43948e-18   2.62773e-05  -4.70229e-19   8.34228e-06  -1.43919e-19   2.48621e-06  -4.13693e-20   6.96911e-07  -1.11916e-20   1.84051e-07  -2.85447e-21   4.58635e-08  -6.87451e-22   1.07974e-08  -1.56529e-22   2.40423e-09  -3.37327e-23   5.06802e-10  -6.88638e-24   1.01213e-10  -1.33266e-24   1.91617e-11  -2.44609e-25   3.44052e-12  -4.26001e-26   5.86063e-13    -7.041e-27   9.47249e-14  -1.10453e-27   1.45276e-14  -1.64445e-28   2.11392e-15  -2.32314e-29   2.91766e-16  -3.11313e-30   3.81825e-17   -3.9553e-31   4.73527e-18  -4.76158e-32    5.5613e-19   -5.4272e-33   6.18009e-20   -5.8512e-34   6.49173e-21  -5.96043e-35    6.4381e-22  -5.72941e-36   6.01982e-23  -5.18909e-37   5.29839e-24  -4.42051e-38   4.38167e-25  -3.53504e-39   3.39745e-26  -2.64772e-40   2.46397e-27  -1.85258e-41    1.6668e-28  -1.20731e-42   1.04836e-29  -7.30304e-44    6.1083e-31  -4.08428e-45   3.28293e-32  -2.10208e-46   1.61947e-33  -9.90287e-48    7.2896e-35    -4.243e-49    2.9732e-36  -1.64082e-50   1.08962e-37  -5.67392e-52   3.55115e-39  -1.73434e-53   1.01601e-40  -4.61824e-55   2.50986e-42  -1.05109e-56   5.23658e-44  -1.99252e-58   8.94897e-46  -3.03175e-60    1.1969e-47  -3.49617e-62   1.16273e-49  -2.76133e-64   7.09074e-52  -1.18585e-66   1.75254e-54
  0.000270305  -9.99664e-18   3.52916e-05    7.4452e-17   -0.00479433   2.29988e-16     -0.009154   2.14863e-16   -0.00331512  -8.96042e-17     0.0127466  -5.51143e-16     0.0300413  -9.40185e-16     0.0400624  -1.10531e-15     0.0403424  -1.03643e-15     0.0335701  -8.21096e-16     0.0240976  -5.66485e-16     0.0152934  -3.46762e-16    0.00871679  -1.90782e-16    0.00451044   -9.5264e-17    0.00213566  -4.35052e-17   0.000930999  -1.82848e-17   0.000375497  -7.10936e-18   0.000140694  -2.56831e-18   4.91422e-05  -8.65247e-19   1.60485e-05   -2.7269e-19   4.91281e-06  -8.06113e-20   1.41291e-06  -2.24037e-20   3.82496e-07  -5.86531e-21   9.76341e-08   -1.4489e-21   2.35325e-08  -3.38203e-22   5.36244e-09  -7.46838e-23   1.15648e-09  -1.56176e-23   2.36249e-10  -3.09517e-24   4.57466e-11  -5.81718e-25   8.40106e-12  -1.03728e-25   1.46373e-12  -1.75537e-26   2.42015e-13  -2.81965e-27   3.79766e-14  -4.29916e-28   5.65536e-15  -6.22128e-29   7.99087e-16  -8.54213e-30   1.07096e-16  -1.11242e-30   1.36081e-17  -1.37323e-31    1.6383e-18  -1.60579e-32   1.86736e-19  -1.77717e-33   2.01325e-20  -1.85961e-34   2.05079e-21  -1.83757e-35   1.97123e-22  -1.71232e-36   1.78525e-23  -1.50227e-37   1.52073e-24  -1.23858e-38   1.21603e-25  -9.57635e-40   9.10728e-27  -6.92651e-41   6.37176e-28   -4.6737e-42   4.15206e-29  -2.93259e-43   2.51139e-30  -1.70484e-44    1.4044e-31  -9.14332e-46   7.22755e-33  -4.50138e-47   3.40463e-34  -2.02236e-48   1.45865e-35  -8.23397e-50   5.64035e-37  -3.01257e-51   1.95027e-38  -9.80294e-53   5.96089e-40  -2.80061e-54   1.58715e-41  -6.90897e-56   3.61196e-43  -1.43966e-57   6.84649e-45  -2.45737e-59   1.04165e-46  -3.28301e-61   1.20111e-48  -3.18602e-63   9.48568e-51  -1.94112e-65   4.07316e-53  -4.79363e-68
  -8.1962e-18   0.000413835  -3.66685e-18   -0.00107536   9.55125e-17   -0.00594631   1.93242e-16   -0.00723745   9.14795e-17    0.00144008  -2.48266e-16     0.0171498  -6.68316e-16     0.0313421  -9.65618e-16     0.0377188  -1.03643e-15     0.0355763  -9.07991e-16     0.0281214  -6.78657e-16     0.0192923  -4.44027e-16      0.011734  -2.58656e-16    0.00641835  -1.35799e-16    0.00318979  -6.48609e-17    0.00145157  -2.83926e-17   0.000608563    -1.146e-17   0.000236229  -4.28629e-18   8.52548e-05  -1.49181e-18   2.87068e-05  -4.84853e-19   9.04547e-06  -1.47594e-19   2.67406e-06  -4.21888e-20   7.43305e-07  -1.13486e-20   1.94645e-07  -2.87811e-21   4.80962e-08  -6.89249e-22   1.12298e-08  -1.56072e-22   2.48048e-09  -3.34525e-23   5.18829e-10  -6.79336e-24   1.02845e-10  -1.30798e-24    1.9332e-11  -2.38901e-25   3.44756e-12  -4.14097e-26   5.83468e-13  -6.81321e-27   9.37266e-14  -1.06416e-27   1.42908e-14  -1.57776e-28   2.06799e-15  -2.22008e-29   2.83936e-16  -2.96377e-30   3.69742e-17  -3.75195e-31   4.56399e-18  -4.50128e-32   5.33648e-19  -5.11375e-33   5.90552e-20  -5.49616e-34   6.17889e-21  -5.58227e-35   6.10505e-22  -5.35091e-36   5.68839e-23  -4.83345e-37    4.9901e-24   -4.1072e-38   4.11383e-25  -3.27668e-39   3.18039e-26  -2.44868e-40   2.30014e-27  -1.70967e-41    1.5519e-28  -1.11194e-42   9.73688e-30  -6.71337e-44   5.66006e-31  -3.74777e-45   3.03538e-32  -1.92563e-46   1.49427e-33  -9.05718e-48   6.71305e-35  -3.87485e-49   2.73306e-36  -1.49634e-50   9.99902e-38  -5.16747e-52   3.25354e-39  -1.57757e-53   9.29461e-41  -4.19592e-55   2.29283e-42  -9.53932e-57   4.77746e-44   -1.8065e-58   8.15429e-46  -2.74611e-60   1.08935e-47  -3.16397e-62   1.05712e-49  -2.49692e-64   6.44025e-52  -1.07149e-66   1.59029e-54
  0.000127862  -1.49101e-17   0.000218772   8.17918e-18   -0.00230927   9.90476e-17   -0.00608364    1.2909e-16   -0.00429575  -4.08891e-17    0.00604618  -3.84128e-16     0.0201759  -7.32448e-16     0.0306924  -9.23763e-16     0.0335701  -9.07991e-16     0.0295904  -7.42327e-16     0.0221261   -5.2275e-16     0.0144483  -3.24135e-16    0.00839447  -1.79685e-16    0.00439629  -9.00659e-17     0.0020955  -4.11796e-17   0.000915894  -1.72952e-17   0.000369276  -6.71081e-18   0.000138018  -2.41708e-18   4.80141e-05  -8.11329e-19   1.56009e-05  -2.54651e-19    4.7484e-06  -7.49494e-20   1.35723e-06  -2.07356e-20   3.65085e-07  -5.40355e-21   9.25903e-08  -1.32866e-21    2.2174e-08  -3.08716e-22    5.0211e-09  -6.78655e-23   1.07623e-09  -1.41294e-23   2.18553e-10  -2.78828e-24   4.20784e-11  -5.21876e-25   7.68517e-12  -9.26872e-26     1.332e-12  -1.56253e-26   2.19138e-13   -2.5007e-27   3.42239e-14   -3.7995e-28   5.07361e-15  -5.47983e-29   7.13831e-16  -7.50011e-30   9.52838e-17  -9.73755e-31   1.20609e-17  -1.19859e-31   1.44679e-18  -1.39774e-32   1.64345e-19  -1.54291e-33   1.76614e-20  -1.61051e-34   1.79362e-21  -1.58772e-35    1.7191e-22  -1.47625e-36    1.5527e-23  -1.29246e-37   1.31929e-24  -1.06352e-38   1.05242e-25  -8.20757e-40   7.86425e-27  -5.92615e-41   5.49047e-28  -3.99215e-42   3.57068e-29  -2.50108e-43   2.15572e-30  -1.45189e-44    1.2034e-31  -7.77613e-46   6.18297e-33  -3.82344e-47    2.9081e-34  -1.71574e-48   1.24413e-35  -6.97784e-50   4.80441e-37  -2.55035e-51   1.65915e-38  -8.29091e-53    5.0652e-40  -2.36652e-54    1.3472e-41  -5.83328e-56   3.06281e-43  -1.21459e-57   5.80017e-45  -2.07173e-59   8.81698e-47  -2.76602e-61   1.01586e-48  -2.68273e-63   8.01684e-51  -1.63361e-65   3.44013e-53  -4.03229e-68
 -5.74653e-18    0.00022855   -1.6823e-17  -0.000330635   1.95967e-17   -0.00322996   8.35953e-17    -0.0051538   4.79883e-17  -0.000818466  -1.63414e-16    0.00985345  -4.75712e-16      0.021402  -7.31473e-16     0.0281306  -8.21096e-16     0.0281214  -7.42327e-16     0.0231518  -5.66928e-16      0.016344  -3.76292e-16     0.0101387  -2.21219e-16    0.00561833  -1.16776e-16    0.00281451   -5.5927e-17    0.00128613  -2.45001e-17   0.000539925  -9.88196e-18    0.00020943  -3.68968e-18   7.54139e-05  -1.28099e-18   2.53094e-05  -4.15086e-19   7.94282e-06  -1.25933e-19   2.33752e-06  -3.58688e-20   6.46642e-07  -9.61288e-21   1.68496e-07  -2.42877e-21   4.14274e-08  -5.79457e-22   9.62484e-09  -1.30723e-22   2.11563e-09  -2.79174e-23    4.4042e-10  -5.64918e-24   8.69021e-11  -1.08394e-24   1.62632e-11  -1.97323e-25   2.88802e-12  -3.40936e-26   4.86797e-13  -5.59233e-27   7.78968e-14  -8.70914e-28   1.18338e-14  -1.28765e-28   1.70649e-15  -1.80705e-29   2.33531e-16   -2.4063e-30   3.03159e-17  -3.03894e-31   3.73111e-18  -3.63761e-32   4.35054e-19  -4.12371e-33   4.80186e-20  -4.42312e-34   5.01178e-21  -4.48384e-35   4.94042e-22  -4.29029e-36   4.59322e-23  -3.86884e-37   4.02114e-24  -3.28231e-38   3.30867e-25  -2.61469e-39   2.55332e-26  -1.95125e-40   1.84353e-27  -1.36058e-41   1.24187e-28  -8.83816e-43   7.78024e-30  -5.33003e-44   4.51647e-31  -2.97237e-45     2.419e-32  -1.52573e-46   1.18943e-33  -7.16973e-48   5.33764e-35  -3.06478e-49   2.17088e-36  -1.18261e-50   7.93478e-38  -4.08112e-52   2.57962e-39  -1.24512e-53   7.36349e-41  -3.30971e-55   1.81512e-42  -7.52052e-57   3.77955e-44  -1.42351e-58   6.44712e-46  -2.16297e-60   8.60813e-48  -2.49116e-62    8.3493e-50  -1.96529e-64   5.08435e-52  -8.43113e-67   1.25498e-54
  5.65536e-05   -1.1195e-17   0.000173121  -1.36234e-17   -0.00103583   2.53237e-17   -0.00352791   5.16424e-17   -0.00336303  -3.68505e-17    0.00258013  -2.57769e-16     0.0123268  -5.11073e-16     0.0207479  -6.70148e-16     0.0240976  -6.78657e-16     0.0221261  -5.66928e-16     0.0170253  -4.05289e-16      0.011342  -2.53866e-16    0.00667988   -1.4165e-16    0.00352926  -7.12731e-17    0.00169101  -3.26469e-17   0.000740957  -1.37163e-17   0.000298898  -5.31827e-18   0.000111608   -1.9126e-18   3.87488e-05  -6.40653e-19   1.25558e-05  -2.00582e-19   3.80916e-06  -5.88737e-20   1.08487e-06  -1.62406e-20   2.90719e-07  -4.21948e-21   7.34448e-08  -1.03437e-21   1.75205e-08  -2.39609e-22   3.95207e-09  -5.25163e-23   8.43895e-10  -1.09018e-23   1.70742e-10  -2.14526e-24   3.27567e-11  -4.00423e-25   5.96225e-12  -7.09291e-26   1.03001e-12  -1.19271e-26   1.68928e-13  -1.90422e-27   2.63041e-14  -2.88658e-28   3.88857e-15  -4.15409e-29   5.45646e-16  -5.67384e-30    7.2651e-17  -7.35206e-31   9.17427e-18  -9.03291e-32   1.09806e-18  -1.05154e-32    1.2447e-19  -1.15885e-33   1.33499e-20  -1.20777e-34   1.35325e-21  -1.18896e-35   1.29478e-22    -1.104e-36   1.16756e-23  -9.65346e-38   9.90546e-25  -7.93417e-39   7.89069e-26  -6.11645e-40   5.88861e-27  -4.41183e-41   4.10617e-28  -2.96926e-42    2.6674e-29  -1.85864e-43   1.60871e-30   -1.0781e-44   8.97172e-32  -5.76999e-46   4.60554e-33  -2.83517e-47   2.16442e-34   -1.2715e-48   9.25287e-36  -5.16835e-50   3.57073e-37  -1.88809e-51   1.23236e-38  -6.13531e-53   3.76018e-40  -1.75057e-54    9.9961e-42  -4.31358e-56   2.27159e-43  -8.97903e-58   4.30013e-45  -1.53119e-59   6.53455e-47  -2.04393e-61   7.52673e-49  -1.98208e-63   5.93839e-51  -1.20682e-65   2.54774e-53   -2.9786e-68
 -3.08548e-18   0.000111968  -1.44171e-17  -8.10902e-05  -7.78285e-18   -0.00161718   2.22606e-17     -0.003106   9.18675e-18   -0.00112652  -1.11161e-16    0.00531129  -3.11596e-16     0.0132157  -4.91668e-16     0.0185182  -5.66485e-16     0.0192923   -5.2275e-16      0.016344  -4.05289e-16     0.0117719  -2.71875e-16    0.00740475  -1.60984e-16     0.0041418  -8.53692e-17    0.00208712  -4.09927e-17   0.000956927  -1.79784e-17   0.000402296  -7.25189e-18   0.000156047  -2.70563e-18   5.61338e-05  -9.38082e-19   1.88057e-05  -3.03436e-19   5.88829e-06  -9.18709e-20   1.72832e-06  -2.61083e-20    4.7675e-07  -6.98051e-21   1.23857e-07  -1.75941e-21   3.03597e-08  -4.18742e-22   7.03204e-09  -9.42386e-23   1.54108e-09   -2.0078e-23   3.19874e-10  -4.05348e-24   6.29372e-11  -7.76029e-25   1.17461e-11  -1.40967e-25   2.08041e-12  -2.43062e-26   3.49792e-13  -3.97909e-27   5.58404e-14  -6.18524e-28   8.46393e-15  -9.12873e-29   1.21794e-15  -1.27897e-29    1.6634e-16  -1.70042e-30   2.15527e-17  -2.14431e-31   2.64788e-18  -2.56318e-32   3.08235e-19  -2.90195e-33   3.39684e-20   -3.1089e-34    3.5402e-21  -3.14805e-35    3.4851e-22  -3.00903e-36   3.23613e-23  -2.71084e-37   2.82979e-24  -2.29784e-38   2.32591e-25  -1.82897e-39   1.79315e-26  -1.36388e-40   1.29351e-27  -9.50377e-42   8.70631e-29  -6.16974e-43   5.45033e-30  -3.71873e-44   3.16178e-31  -2.07279e-45   1.69239e-32   -1.0635e-46   8.31685e-34  -4.99573e-48   3.73041e-35  -2.13478e-49   1.51653e-36  -8.23513e-51   5.54095e-38  -2.84123e-52   1.80079e-39  -8.66671e-54   5.13887e-41  -2.30341e-55   1.26645e-42  -5.23337e-57   2.63658e-44  -9.90521e-59    4.4968e-46  -1.50502e-60   6.00347e-48  -1.73338e-62   5.82258e-50  -1.36753e-64    3.5456e-52  -5.86719e-67   8.75177e-55
