   0.0536571  6.20116e-19   -0.0508497 -2.49104e-19  -0.00773412  3.20226e-18   0.00964697 -3.60677e-18   0.00318844 -3.68025e-19  -0.00108391  8.69565e-19 -0.000683846  1.78766e-19 -7.70943e-06 -9.05498e-20  5.44941e-05   -1.641e-20  8.60345e-06 -4.89376e-22 -8.87263e-08
 6.20116e-19    0.0994005 -1.73435e-18   -0.0436847  5.04116e-18   -0.0225197  4.51573e-18   0.00890066 -5.84305e-18   0.00634095 -1.41325e-18 -0.000662664  1.42031e-18  -0.00113947   4.2031e-19 -0.000141313 -8.07427e-20  6.21059e-05 -1.93362e-20  1.32306e-05 -2.40343e-21
  -0.0508497 -1.73435e-18    0.0930493 -6.80037e-18   -0.0223254  1.14732e-17   -0.0280274  6.30719e-18   0.00516727 -7.39302e-18   0.00803663 -2.80366e-18  0.000237675  1.58421e-18  -0.00132529  5.95028e-19 -0.000295502  7.64142e-21  3.56009e-05 -1.02731e-20  9.44034e-06
-2.49104e-19   -0.0436847 -6.80037e-18    0.0683772  -1.2162e-17  -0.00940085  1.58423e-17   -0.0278905  8.87966e-18   0.00175606  -8.2858e-18   0.00863931 -4.10528e-18    0.0012134  1.19758e-18    -0.001255  6.20181e-19 -0.000401151  1.04146e-19 -3.01852e-06  2.44232e-22
 -0.00773412  5.04116e-18   -0.0223254  -1.2162e-17    0.0516288 -1.62111e-17    -0.003821  1.80272e-17   -0.0265098  1.18094e-17 -0.000912428 -8.23078e-18   0.00862053 -4.92672e-18   0.00212124  3.72268e-19 -0.000970676  4.91038e-19 -0.000409592  1.35381e-19 -2.26228e-05
 3.20226e-18   -0.0225197  1.14732e-17  -0.00940085 -1.62111e-17    0.0430633 -1.90273e-17  -0.00106984  1.92218e-17   -0.0252062  1.44832e-17  -0.00311871 -6.85481e-18   0.00819116 -5.02329e-18   0.00289215  -5.6887e-19 -0.000527208   2.6957e-19 -0.000303468  8.57164e-20
  0.00964697  4.51573e-18   -0.0280274  1.58423e-17    -0.003821 -1.90273e-17    0.0383073 -2.15339e-17  0.000694353  1.96183e-17   -0.0241657   1.5995e-17  -0.00511017 -4.25654e-18    0.0073973 -4.50761e-18   0.00343834 -1.31699e-18 -2.67417e-05  3.99078e-20 -0.000130688
-3.60677e-18   0.00890066  6.30719e-18   -0.0278905  1.80272e-17  -0.00106984 -2.15339e-17    0.0353997 -2.37096e-17   0.00205905  1.83109e-17   -0.0233718  1.57713e-17  -0.00706178 -1.08238e-18   0.00618357 -3.80465e-18   0.00360259 -1.70282e-18  0.000342489 -9.92729e-20
  0.00318844 -5.84305e-18   0.00516727  8.87966e-18   -0.0265098  1.92218e-17  0.000694353 -2.37096e-17    0.0336575 -2.42684e-17   0.00329574  1.48866e-17    -0.022764   1.4515e-17   -0.0091007  1.93705e-18   0.00442621 -3.21362e-18   0.00316455 -1.62224e-18  0.000370189
-3.68025e-19   0.00634095 -7.39302e-18   0.00175606  1.18094e-17   -0.0252062  1.96183e-17   0.00205905 -2.42684e-17    0.0327872 -2.24156e-17   0.00459052  1.03923e-17   -0.0222431  1.39905e-17   -0.0112851  4.39462e-18   0.00204143 -2.57533e-18   0.00204043 -1.00318e-18
 -0.00108391 -1.41325e-18   0.00803663  -8.2858e-18 -0.000912428  1.44832e-17   -0.0241657  1.83109e-17   0.00329574 -2.24156e-17    0.0326696 -1.94251e-17   0.00612872  6.68751e-18   -0.0216127  1.53889e-17     -0.01345  6.10707e-18 -0.000668982 -1.52211e-18  0.000681538
 8.69565e-19 -0.000662664 -2.80366e-18   0.00863931 -8.23078e-18  -0.00311871   1.5995e-17   -0.0233718  1.48866e-17   0.00459052 -1.94251e-17    0.0333118  -1.8102e-17   0.00818461  4.92874e-18   -0.0203898  1.77496e-17   -0.0148111  6.74612e-18  -0.00259218  -2.0704e-19
-0.000683846  1.42031e-18  0.000237675 -4.10528e-18   0.00862053 -6.85481e-18  -0.00511017  1.57713e-17    -0.022764  1.03923e-17   0.00612872  -1.8102e-17    0.0348735 -2.04149e-17    0.0113091  4.49765e-18   -0.0174363  1.82354e-17   -0.0137149  6.00259e-18  -0.00237238
 1.78766e-19  -0.00113947  1.58421e-18    0.0012134 -4.92672e-18   0.00819116 -4.25654e-18  -0.00706178   1.4515e-17   -0.0222431  6.68751e-18   0.00818461 -2.04149e-17    0.0378124 -2.55708e-17    0.0166199  3.28375e-18   -0.0110093  1.46882e-17  -0.00896379  4.05935e-18
-7.70943e-06   4.2031e-19  -0.00132529  1.19758e-18   0.00212124 -5.02329e-18    0.0073973 -1.08238e-18   -0.0091007  1.39905e-17   -0.0216127  4.92874e-18    0.0113091 -2.55708e-17     0.043117 -3.07893e-17    0.0254656 -4.75848e-19 -0.000856559  8.58004e-18  -0.00273311
-9.05498e-20 -0.000141313  5.95028e-19    -0.001255  3.72268e-19   0.00289215 -4.50761e-18   0.00618357  1.93705e-18   -0.0112851  1.53889e-17   -0.0203898  4.49765e-18    0.0166199 -3.07893e-17    0.0518438 -3.38137e-17    0.0367768  -5.4412e-18    0.0083079  3.76786e-18
 5.44941e-05 -8.07427e-20 -0.000295502  6.20181e-19 -0.000970676  -5.6887e-19   0.00343834 -3.80465e-18   0.00442621  4.39462e-18     -0.01345  1.77496e-17   -0.0174363  3.28375e-18    0.0254656 -3.38137e-17     0.062268 -3.32921e-17    0.0434122 -6.91409e-18   0.00909506
  -1.641e-20  6.21059e-05  7.64142e-21 -0.000401151  4.91038e-19 -0.000527208 -1.31699e-18   0.00360259 -3.21362e-18   0.00204143  6.10707e-18   -0.0148111  1.82354e-17   -0.0110093 -4.75848e-19    0.0367768 -3.32921e-17    0.0662135 -2.71499e-17    0.0361238 -3.27467e-18
 8.60345e-06 -1.93362e-20  3.56009e-05  1.04146e-19 -0.000409592   2.6957e-19 -2.67417e-05 -1.70282e-18   0.00316455 -2.57533e-18 -0.000668982  6.74612e-18   -0.0137149  1.46882e-17 -0.000856559  -5.4412e-18    0.0434122 -2.71499e-17    0.0537308 -1.52254e-17    0.0171624
-4.89376e-22  1.32306e-05 -1.02731e-20 -3.01852e-06  1.35381e-19 -0.000303468  3.99078e-20  0.000342489 -1.62224e-18   0.00204043 -1.52211e-18  -0.00259218  6.00259e-18  -0.00896379  8.58004e-18    0.0083079 -6.91409e-18    0.0361238 -1.52254e-17    0.0279962 -4.10476e-18
-8.87263e-08 -2.40343e-21  9.44034e-06  2.44232e-22 -2.26228e-05  8.57164e-20 -0.000130688 -9.92729e-20  0.000370189 -1.00318e-18  0.000681538  -2.0704e-19  -0.00237238  4.05935e-18  -0.00273311  3.76786e-18   0.00909506 -3.27467e-18    0.0171624 -4.10476e-18   0.00683544
