    0.287917  3.20102e-17   -0.0796645   1.4013e-17   -0.0530119  2.96017e-17  -0.00217093  7.04871e-18    0.0128725 -5.76472e-18   0.00578671 -1.95186e-18 -0.000735468  1.47215e-18   -0.0014752  1.00144e-18 -0.000488677  1.33539e-19 -4.39158e-05 -3.42247e-20  3.41593e-06
 3.20102e-17     0.100993 -8.91295e-17    0.0206655  9.97047e-18   -0.0383834  2.68147e-17   -0.0142921  4.13131e-18   0.00917531 -6.06327e-18   0.00773947 -1.21301e-18   0.00066755  1.74966e-18   -0.0014079  1.13959e-18 -0.000699707  1.59381e-19 -0.000122783 -1.00732e-20
  -0.0796645 -8.91295e-17    0.0745773 -3.22561e-17    0.0066489  9.29317e-18   -0.0297583  1.29446e-17   -0.0130335 -2.49709e-18   0.00702434 -7.26137e-18   0.00813966 -2.09796e-18   0.00192115   9.3936e-19 -0.000812517  6.27596e-19 -0.000547662  6.85483e-20 -7.94282e-05
  1.4013e-17    0.0206655 -3.22561e-17    0.0433862 -2.50499e-17   0.00601625  3.63171e-18   -0.0250311   7.3717e-18   -0.0143058 -5.72367e-18   0.00498424 -7.57618e-18   0.00829041 -3.26437e-18    0.0031599 -3.56227e-19   0.00013352  4.89459e-20 -0.000162016 -4.36639e-21
  -0.0530119  9.97047e-18    0.0066489 -2.50499e-17    0.0407793 -1.54891e-17    0.0082046   6.1746e-18   -0.0226062  4.86149e-18   -0.0151882  -4.2907e-18   0.00284661 -5.73405e-18   0.00785268 -3.24867e-18   0.00406327 -9.39607e-19  0.000916589 -1.48968e-19  6.88505e-05
 2.96017e-17   -0.0383834  9.29317e-18   0.00601625 -1.54891e-17    0.0351289    -3.89e-18   0.00788309  7.89623e-18   -0.0203083  6.14846e-18   -0.0160436  1.92803e-18  0.000387013 -1.23448e-18   0.00657273 -1.39033e-18   0.00391552 -4.38504e-19  0.000920657 -4.76856e-20
 -0.00217093  2.68147e-17   -0.0297583  3.63171e-18    0.0082046    -3.89e-18    0.0316075  2.42037e-19   0.00842934   7.1075e-18   -0.0185639  1.09026e-17   -0.0170891  1.01291e-17  -0.00264209  4.99401e-18   0.00384223  1.61507e-18   0.00234247   3.7026e-19   0.00036496
 7.04871e-18   -0.0142921  1.29446e-17   -0.0250311   6.1746e-18   0.00788309  2.42037e-19    0.0297783 -2.53848e-18   0.00915708  4.38075e-18   -0.0169946  1.58548e-17   -0.0183133  1.80762e-17  -0.00657924  1.09667e-17 -1.95896e-05  3.83579e-18  0.000461026  5.35841e-19
   0.0128725  4.13131e-18   -0.0130335   7.3717e-18   -0.0226062  7.89623e-18   0.00842934 -2.53848e-18    0.0286918 -1.06036e-17    0.0101417 -4.97189e-19    -0.015451  1.96387e-17   -0.0197367  2.43144e-17   -0.0103227  1.37862e-17  -0.00276134  3.64071e-18 -0.000284763
-5.76472e-18   0.00917531 -2.49709e-18   -0.0143058  4.86149e-18   -0.0203083   7.1075e-18   0.00915708 -1.06036e-17    0.0283564 -2.36631e-17    0.0114892 -5.26708e-18   -0.0137522  2.26425e-17   -0.0196883  2.55873e-17   -0.0108233  1.14161e-17  -0.00265353  1.71758e-18
  0.00578671 -6.06327e-18   0.00702434 -5.72367e-18   -0.0151882  6.14846e-18   -0.0185639  4.38075e-18    0.0101417 -2.36631e-17    0.0286675 -3.60493e-17    0.0132758 -6.68294e-18   -0.0100127  2.18789e-17   -0.0149288  1.93209e-17  -0.00693861  5.86876e-18  -0.00102433
-1.95186e-18   0.00773947 -7.26137e-18   0.00498424  -4.2907e-18   -0.0160436  1.09026e-17   -0.0169946 -4.97189e-19    0.0114892 -3.60493e-17    0.0295954 -4.05138e-17    0.0172859 -7.08065e-18  -0.00129622  1.37924e-17   -0.0056753  9.03576e-18  -0.00205697  1.51408e-18
-0.000735468 -1.21301e-18   0.00813966 -7.57618e-18   0.00284661  1.92803e-18   -0.0170891  1.58548e-17    -0.015451 -5.26708e-18    0.0132758 -4.05138e-17    0.0328184  -3.8835e-17    0.0259894 -1.16303e-17    0.0106023  2.14265e-18   0.00227334  1.60109e-18  0.000201977
 1.47215e-18   0.00066755 -2.09796e-18   0.00829041 -5.73405e-18  0.000387013  1.01291e-17   -0.0183133  1.96387e-17   -0.0137522 -6.68294e-18    0.0172859  -3.8835e-17    0.0405818 -3.81415e-17    0.0363744 -1.82147e-17    0.0178714  -4.8776e-18   0.00431466 -5.53523e-19
  -0.0014752  1.74966e-18   0.00192115 -3.26437e-18   0.00785268 -1.23448e-18  -0.00264209  1.80762e-17   -0.0197367  2.26425e-17   -0.0100127 -7.08065e-18    0.0259894 -3.81415e-17    0.0494182 -3.81355e-17    0.0394121 -1.93168e-17    0.0157578 -4.80562e-18   0.00224931
 1.00144e-18   -0.0014079   9.3936e-19    0.0031599 -3.24867e-18   0.00657273  4.99401e-18  -0.00657924  2.43144e-17   -0.0196883  2.18789e-17  -0.00129622 -1.16303e-17    0.0363744 -3.81355e-17    0.0499064 -3.25737e-17    0.0307201 -1.33161e-17   0.00837542 -1.93715e-18
-0.000488677  1.13959e-18 -0.000812517 -3.56227e-19   0.00406327 -1.39033e-18   0.00384223  1.09667e-17   -0.0103227  2.55873e-17   -0.0149288  1.37924e-17    0.0106023 -1.82147e-17    0.0394121 -3.25737e-17    0.0378971 -2.08972e-17    0.0165648 -5.80877e-18   0.00246335
 1.33539e-19 -0.000699707  6.27596e-19   0.00013352 -9.39607e-19   0.00391552  1.61507e-18 -1.95896e-05  1.37862e-17   -0.0108233  1.93209e-17   -0.0056753  2.14265e-18    0.0178714 -1.93168e-17    0.0307201 -2.08972e-17    0.0205355 -9.36534e-18   0.00581611 -1.41466e-18
-4.39158e-05  1.59381e-19 -0.000547662  4.89459e-20  0.000916589 -4.38504e-19   0.00234247  3.83579e-18  -0.00276134  1.14161e-17  -0.00693861  9.03576e-18   0.00227334  -4.8776e-18    0.0157578 -1.33161e-17    0.0165648 -9.36534e-18   0.00751557 -2.69725e-18   0.00113642
-3.42247e-20 -0.000122783  6.85483e-20 -0.000162016 -1.48968e-19  0.000920657   3.7026e-19  0.000461026  3.64071e-18  -0.00265353  5.86876e-18  -0.00205697  1.60109e-18   0.00431466 -4.80562e-18   0.00837542 -5.80877e-18   0.00581611 -2.69725e-18    0.0016755 -4.12982e-19
 3.41593e-06 -1.00732e-20 -7.94282e-05 -4.36639e-21  6.88505e-05 -4.76856e-20   0.00036496  5.35841e-19 -0.000284763  1.71758e-18  -0.00102433  1.51408e-18  0.000201977 -5.53523e-19   0.00224931 -1.93715e-18   0.00246335 -1.41466e-18   0.00113642 -4.12982e-19  0.000173142
