   0.0528046 -4.41737e-10    0.0667292 -2.44838e-10    0.0134393  2.94966e-11   -0.0116605  6.11209e-11  -0.00574687  1.01035e-11  0.000569752 -7.34785e-12   0.00102638 -3.49598e-12  0.000236784 -3.08655e-13 -1.28529e-05  1.20919e-13 -1.18734e-05  2.67181e-14 -1.05366e-06
-4.41737e-10     0.109027 -6.28056e-10    0.0726342 -1.88513e-10  -0.00047971  9.91957e-11   -0.0189169  8.09043e-11  -0.00652461  7.34508e-12    0.0014035 -1.18483e-11   0.00154706 -5.25587e-12  0.000376737 -6.42276e-13  6.78583e-06  7.87036e-14 -8.60715e-06  1.62288e-14
   0.0667292 -6.28056e-10     0.112197 -5.33222e-10    0.0512927 -8.44407e-11   -0.0111421  1.29452e-10   -0.0207423  8.31877e-11   -0.0064021  5.73793e-12   0.00170357 -1.35166e-11   0.00177494 -6.23075e-12  0.000481567 -1.00752e-12  3.98573e-05 -1.89872e-14 -1.47509e-06
-2.44838e-10    0.0726342 -5.33222e-10    0.0856927 -3.82397e-10    0.0336833 -2.93719e-11   -0.0145195  1.32686e-10   -0.0205263  8.27689e-11  -0.00660937  7.65766e-12   0.00142844 -1.25439e-11   0.00171203 -6.20995e-12  0.000500735  -1.1289e-12  5.33905e-05 -5.73383e-14
   0.0134393 -1.88513e-10    0.0512927 -3.82397e-10    0.0634887 -2.90463e-10    0.0253792 -1.16152e-11   -0.0146085  1.28087e-10   -0.0200564  8.38285e-11  -0.00728195  1.27541e-11  0.000646571 -9.05012e-12   0.00133455 -4.93392e-12  0.000392685 -8.37426e-13  3.35007e-05
 2.94966e-11  -0.00047971 -8.44407e-11    0.0336833 -2.90463e-10    0.0517288  -2.4595e-10    0.0219281 -8.45464e-12   -0.0136898  1.21757e-10   -0.0196261  8.61422e-11  -0.00827241  2.00966e-11 -0.000514329   -3.596e-12   0.00071098 -2.71872e-12  0.000200788 -3.38681e-13
  -0.0116605  9.91957e-11   -0.0111421 -2.93719e-11    0.0253792  -2.4595e-10    0.0457166 -2.23263e-10     0.020557 -1.16406e-11   -0.0122601  1.13906e-10   -0.0190542  8.80323e-11  -0.00925287  2.76437e-11  -0.00172333  2.04699e-12  8.67754e-05 -6.57446e-13  4.51601e-05
 6.11209e-11   -0.0189169  1.29452e-10   -0.0145195 -1.16152e-11    0.0219281 -2.23263e-10    0.0424133 -2.11981e-10     0.020458 -1.98366e-11   -0.0102012  1.02584e-10   -0.0178739  8.61366e-11  -0.00960705  3.17378e-11  -0.00242982  5.26644e-12  -0.00023697  2.30809e-13
 -0.00574687  8.09043e-11   -0.0207423  1.32686e-10   -0.0146085 -8.45464e-12     0.020557 -2.11981e-10    0.0408231 -2.09281e-10    0.0215444 -3.43382e-11  -0.00705446   8.3961e-11    -0.015323  7.56689e-11  -0.00858339  2.87186e-11  -0.00221338  4.74287e-12 -0.000195306
 1.01035e-11  -0.00652461  8.31877e-11   -0.0205263  1.28087e-10   -0.0136898 -1.16406e-11     0.020458 -2.09281e-10    0.0407235  -2.1535e-10    0.0241098 -5.82981e-11  -0.00212793  5.35896e-11   -0.0107292  5.37477e-11  -0.00595642  1.87551e-11  -0.00128148     2.11e-12
 0.000569752  7.34508e-12   -0.0064021  8.27689e-11   -0.0200564  1.21757e-10   -0.0122601 -1.98366e-11    0.0215444  -2.1535e-10    0.0422954 -2.32263e-10     0.028626 -9.45767e-11   0.00490196  1.13987e-11  -0.00447396  2.47716e-11  -0.00266758  7.42543e-12 -0.000381477
-7.34785e-12    0.0014035  5.73793e-12  -0.00660937  8.38285e-11   -0.0196261  1.13906e-10   -0.0102012 -3.43382e-11    0.0241098 -2.32263e-10    0.0458836  -2.6131e-10     0.034994 -1.39553e-10    0.0128162 -3.20893e-11   0.00138408  6.26406e-13 -0.000316441  9.02708e-13
  0.00102638 -1.18483e-11   0.00170357  7.65766e-12  -0.00728195  8.61422e-11   -0.0190542  1.02584e-10  -0.00705446 -5.82981e-11     0.028626  -2.6131e-10    0.0511942 -2.96209e-10    0.0412654 -1.76807e-10    0.0184075 -5.82191e-11    0.0043154  -8.9946e-12  0.000363462
-3.49598e-12   0.00154706 -1.35166e-11   0.00142844  1.27541e-11  -0.00827241  8.80323e-11   -0.0178739   8.3961e-11  -0.00212793 -9.45767e-11     0.034994 -2.96209e-10    0.0559879 -3.16955e-10    0.0434119 -1.82617e-10    0.0185034 -5.57537e-11   0.00374945 -6.19291e-12
 0.000236784 -5.25587e-12   0.00177494 -1.25439e-11  0.000646571  2.00966e-11  -0.00925287  8.61366e-11    -0.015323  5.35896e-11   0.00490196 -1.39553e-10    0.0412654 -3.16955e-10    0.0559431 -2.97341e-10    0.0380067 -1.46815e-10    0.0132513 -3.35379e-11   0.00163856
-3.08655e-13  0.000376737 -6.23075e-12   0.00171203 -9.05012e-12 -0.000514329  2.76437e-11  -0.00960705  7.56689e-11   -0.0107292  1.13987e-11    0.0128162 -1.76807e-10    0.0434119 -2.97341e-10    0.0475901 -2.28921e-10    0.0261028 -8.73437e-11   0.00644543 -1.15502e-11
-1.28529e-05 -6.42276e-13  0.000481567 -6.20995e-12   0.00133455   -3.596e-12  -0.00172333  3.17378e-11  -0.00858339  5.37477e-11  -0.00447396 -3.20893e-11    0.0184075 -1.82617e-10    0.0380067 -2.28921e-10    0.0323979 -1.36343e-10    0.0132397 -3.56769e-11   0.00183913
 1.20919e-13  6.78583e-06 -1.00752e-12  0.000500735 -4.93392e-12   0.00071098  2.04699e-12  -0.00242982  2.87186e-11  -0.00595642  2.47716e-11   0.00138408 -5.82191e-11    0.0185034 -1.46815e-10    0.0261028 -1.36343e-10    0.0166311 -5.88782e-11   0.00455673 -8.50153e-12
-1.18734e-05  7.87036e-14  3.98573e-05  -1.1289e-12  0.000392685 -2.71872e-12  8.67754e-05  5.26644e-12  -0.00221338  1.87551e-11  -0.00266758  6.26406e-13    0.0043154 -5.57537e-11    0.0132513 -8.73437e-11    0.0132397 -5.88782e-11   0.00598386 -1.67513e-11  0.000891703
 2.67181e-14 -8.60715e-06 -1.89872e-14  5.33905e-05 -8.37426e-13  0.000200788 -6.57446e-13  -0.00023697  4.74287e-12  -0.00128148  7.42543e-12 -0.000316441  -8.9946e-12   0.00374945 -3.35379e-11   0.00644543 -3.56769e-11   0.00455673 -1.67513e-11   0.00133775 -2.56249e-12
-1.05366e-06  1.62288e-14 -1.47509e-06 -5.73383e-14  3.35007e-05 -3.38681e-13  4.51601e-05  2.30809e-13 -0.000195306     2.11e-12 -0.000381477  9.02708e-13  0.000363462 -6.19291e-12   0.00163856 -1.15502e-11   0.00183913 -8.50153e-12  0.000891703 -2.56249e-12  0.000139436
