 6.26251e-19  2.13966e-32 -2.39782e-17  -1.2422e-30   3.5249e-16  2.26879e-29 -3.06655e-15 -2.45049e-28  1.81608e-14  1.87244e-27 -7.83254e-14 -1.09967e-26  2.55149e-13  5.20189e-26 -6.39723e-13 -2.04172e-25  1.24174e-12  6.78509e-25 -1.85254e-12 -1.93697e-24  2.06979e-12  4.80093e-24 -1.62233e-12 -1.04135e-23   7.2826e-13  1.98825e-23  2.08721e-14 -3.35563e-23 -2.41085e-13  5.02029e-23  9.34388e-14 -6.66788e-23  4.28444e-14  7.86197e-23 -3.53404e-14 -8.21098e-23 -7.46971e-15  7.55392e-23  9.64567e-15 -6.05699e-23  2.06202e-15  4.15572e-23 -2.17935e-15 -2.36418e-23 -7.49764e-16  1.05238e-23  3.55298e-16 -3.19333e-24  2.31629e-16  3.05559e-25 -1.55391e-17  3.02446e-25 -4.83109e-17  -2.3004e-25 -1.14248e-17  1.23583e-25  4.64062e-18 -6.56243e-26  3.38942e-18  2.36662e-26  4.77062e-19  1.82237e-27 -3.10971e-19  -6.8494e-27  -1.7851e-19  2.70508e-27 -2.83424e-20  1.65206e-28  9.95178e-21 -4.22083e-28  6.85839e-21  8.87242e-29  1.62698e-21  1.32686e-29 -1.31561e-23 -5.18413e-30 -1.42672e-22 -2.62308e-31 -5.18935e-23  5.73475e-31 -8.79524e-24 -4.46954e-31  2.06245e-25 -1.53975e-33  5.82145e-25  1.06451e-31  1.84252e-25 -9.28709e-33  3.23054e-26 -1.47861e-32  2.35339e-27  2.94241e-33 -4.91107e-28  3.56766e-34  -2.1447e-28 -2.63668e-35 -4.33602e-29 -5.60961e-35 -5.65898e-30  2.71928e-35 -4.24584e-31  -3.6481e-36  7.20939e-33  -5.8464e-37  7.69246e-33 -2.07197e-37  1.32166e-33  3.87395e-38  1.43514e-34  1.32692e-38  1.09703e-35  1.18622e-39  5.67984e-37 -1.67923e-40  1.48299e-38 -3.46034e-41 -4.03827e-40 -2.04729e-42 -6.32292e-41 -1.62804e-43 -3.14555e-42 -1.84482e-44 -8.41537e-44 -9.73975e-46  -9.0589e-46 -2.04193e-47
 2.13966e-32  3.46259e-17  6.78405e-31 -7.52201e-16 -2.75068e-29  8.40246e-15  4.03681e-28 -6.04776e-14 -3.70531e-27  3.08411e-13  2.47992e-26 -1.17092e-12 -1.30018e-25  3.40016e-12  5.56289e-25 -7.64671e-12 -1.99391e-24  1.33221e-11   6.0959e-24 -1.77297e-11 -1.61038e-23  1.73521e-11  3.71138e-23 -1.13173e-11 -7.51489e-23   3.2997e-12  1.34376e-22  1.57058e-12 -2.12966e-22 -1.81137e-12  2.99875e-22  1.95318e-13 -3.75658e-22  4.79034e-13  4.18663e-22 -1.38158e-13 -4.14202e-22 -1.17347e-13  3.61629e-22  3.87159e-14 -2.75277e-22  3.09077e-14  1.78731e-22 -6.39275e-15 -9.52169e-23 -7.98929e-15  3.86341e-23 -6.46799e-17  -9.8306e-24  1.65085e-15  1.07618e-25   4.2837e-16  1.13389e-24 -1.90711e-16 -5.86993e-25 -1.34056e-16   3.1904e-25 -1.12498e-17   -2.297e-25  1.74277e-17  1.02083e-25   7.8412e-18  1.24383e-28  4.21845e-19 -2.24225e-26 -8.68293e-19  7.42738e-27 -3.80063e-19  1.86548e-27 -4.65963e-20 -1.69948e-27  2.21331e-20  2.75238e-28  1.29886e-20   2.6404e-29  2.94757e-21   -9.806e-32  3.85631e-23  1.20693e-30  -2.0703e-22 -6.96592e-31 -7.74357e-23 -1.57216e-30  -1.4466e-23  1.07422e-31 -6.25338e-25  3.97617e-31   5.1782e-25 -2.83842e-32  1.92731e-25 -5.21645e-32  3.82267e-26  8.08647e-33  4.37871e-27    1.171e-33  3.93981e-29 -1.01554e-34 -1.05795e-28 -8.81728e-35 -2.67018e-29   8.7548e-35 -4.01765e-30 -1.50554e-35 -4.09445e-31 -3.20138e-36 -2.46699e-32 -5.60693e-37  1.90594e-34  1.40438e-37  2.47521e-34  4.39856e-38  3.31843e-35  3.89008e-39  2.73662e-36 -3.99328e-40  1.56549e-37 -8.66675e-41  6.11248e-39 -6.18542e-42   1.4424e-40 -6.01224e-43  1.20094e-42 -4.86037e-44  -1.7937e-44 -1.55977e-45 -3.80631e-46
-2.39782e-17  6.78405e-31  9.41356e-16   1.2313e-29 -1.42073e-14 -3.81805e-28  1.27077e-13  4.65851e-27 -7.75058e-13 -3.69903e-26  3.44939e-12  2.19205e-25  -1.1623e-11 -1.03327e-24  3.02362e-11  4.01815e-24 -6.11446e-11 -1.31971e-23  9.56046e-11  3.72066e-23 -1.13057e-10 -9.11117e-23  9.57038e-11  1.95487e-22 -4.95402e-11 -3.69834e-22  4.64906e-12    6.197e-22  1.33047e-11 -9.22481e-22 -7.39657e-12  1.22239e-21 -1.56974e-12 -1.44369e-21  2.51776e-12   1.5201e-21  7.92241e-14 -1.42442e-21   -6.848e-13  1.18078e-21 -2.06323e-14 -8.54144e-22  1.68862e-13  5.25031e-22   2.3672e-14 -2.61064e-22 -3.46276e-14  9.48754e-23 -1.19423e-14 -1.83134e-23  4.36601e-15 -2.65086e-24  3.48304e-15  2.68704e-24  1.95402e-16 -6.55086e-25 -5.50492e-16  4.62658e-25 -2.14131e-16 -5.90631e-25  1.17714e-17  3.04579e-25  3.55829e-17 -7.83014e-27  1.15004e-17 -5.48904e-26 -2.37011e-19   1.3207e-26 -1.46283e-18  7.79758e-27  -5.3439e-19  -4.4676e-27 -5.49848e-20  5.07672e-28  2.95531e-20 -1.22962e-29  1.59718e-20  5.60808e-29  3.61184e-21   1.0107e-29  1.64697e-22   -8.646e-30 -1.79107e-22 -4.06918e-30 -7.22992e-23  3.65525e-31   -1.484e-23  1.06604e-30 -1.37249e-24 -2.88271e-32  2.03133e-25  -1.2991e-31  1.12532e-25  1.16854e-32  2.53095e-26  2.51496e-33  3.57229e-27 -1.56409e-34  2.75051e-28  5.56843e-35 -1.08875e-29  1.97492e-34 -7.34443e-30 -4.33568e-35 -1.32415e-30 -1.03781e-35 -1.54128e-31 -1.10735e-36 -1.25336e-32  3.47834e-37 -6.51492e-34  1.01686e-37 -9.13845e-36  9.07282e-39  1.91626e-36 -6.12204e-40  2.11364e-37  -1.4926e-40  1.19374e-38 -1.24268e-41  4.16069e-40 -1.21205e-42  8.66578e-42 -7.06739e-44  7.86438e-44 -1.20687e-45
 -1.2422e-30 -7.52201e-16   1.2313e-29  1.67757e-14   1.5662e-28 -1.92648e-13 -3.91366e-27  1.42773e-12  4.06662e-26  -7.5105e-12 -2.83205e-25  2.94783e-11  1.49914e-24 -8.87334e-11 -6.39161e-24  2.07585e-10  2.26856e-23 -3.78032e-10 -6.84708e-23  5.29779e-10  1.78372e-22 -5.53166e-10 -4.05461e-22  3.96938e-10  8.10723e-22 -1.47803e-10 -1.43415e-21 -3.18757e-11  2.25303e-21  6.44524e-11 -3.15069e-21 -1.60635e-11  3.92787e-21 -1.46517e-11  -4.3705e-21  7.56614e-12  4.34402e-21  3.21223e-12 -3.85393e-21 -2.16462e-12  3.03521e-21 -8.72901e-13 -2.08978e-21  4.65022e-13  1.21752e-21  2.65083e-13  -5.6275e-22 -5.90712e-14  1.77983e-22 -6.91933e-14 -1.92154e-23  -4.8119e-15 -1.20843e-23  1.20663e-14   4.4148e-24  4.47205e-15  7.76128e-25 -6.61129e-16  2.61714e-25 -9.52033e-16 -1.31742e-24 -2.33328e-16  7.30145e-25  5.21644e-17  -1.6353e-26   5.0817e-17 -1.13567e-25  1.27002e-17  1.39101e-26 -1.06983e-18  2.26801e-26 -1.78532e-18 -8.98831e-27  -5.7879e-19  5.00884e-28 -5.66484e-20 -2.37245e-28  2.74705e-20  2.45599e-28  1.45799e-20  3.88199e-29  3.38303e-21 -3.08441e-29  2.75471e-22 -8.89558e-30 -9.87724e-23  4.30933e-31 -4.71254e-23  2.34547e-30 -1.06138e-23  1.01093e-31 -1.35249e-24  -2.6297e-31 -1.71765e-26   1.3031e-33  3.75292e-26  3.78179e-33  1.03247e-26  1.41645e-34  1.66886e-27  6.49384e-34  1.78427e-28  3.56903e-34  1.00853e-29 -1.00464e-34 -4.99065e-31 -2.49651e-35 -2.01846e-31 -1.90196e-36 -2.75866e-32  6.75422e-37 -2.46412e-33  1.88607e-37 -1.54982e-34  1.70035e-38   -6.591e-36 -6.90581e-40  -1.5106e-37 -2.04928e-40  9.94881e-40 -1.88342e-41  1.87781e-40 -1.63815e-42  5.59443e-42 -6.43914e-44  5.28769e-44
  3.5249e-16 -2.75068e-29 -1.42073e-14   1.5662e-28  2.20427e-13  1.52889e-27 -2.02985e-12 -3.18547e-26  1.27678e-11  2.86957e-25 -5.87189e-11 -1.77206e-24  2.04958e-10  8.44131e-24 -5.54007e-10 -3.27211e-23  1.16882e-09  1.06383e-22 -1.91776e-09 -2.95801e-22  2.40204e-09  7.13193e-22 -2.19299e-09  -1.5065e-21  1.28949e-09  2.80946e-21 -2.59484e-10 -4.65019e-21  -2.6618e-10  6.85275e-21   2.1153e-10  -9.0041e-21   5.7873e-12  1.05563e-20 -6.47671e-11 -1.10544e-20  9.24559e-12  1.03578e-20  1.71287e-11 -8.69349e-21 -2.79391e-12  6.51008e-21  -4.4896e-12 -4.27718e-21  2.50999e-13  2.36728e-21  1.08429e-12 -1.01202e-21  1.45514e-13  2.64636e-22 -1.97481e-13  7.17518e-24 -7.95757e-14 -3.38373e-23   1.5244e-14  4.35342e-24   1.9042e-14  5.78942e-24  3.61557e-15 -5.96865e-25 -1.81605e-15  -2.7058e-24 -1.19336e-15  1.48682e-24  -1.8238e-16  2.94088e-27  8.88762e-17 -2.06303e-25  5.62998e-17 -4.94582e-27  1.15105e-17  5.32082e-26 -1.50607e-18 -1.46137e-26 -1.69917e-18 -3.66371e-28 -5.12932e-19 -8.78626e-28 -5.38695e-20  6.87058e-28  1.83712e-20  1.06344e-28  1.02921e-20 -7.44203e-29  2.49878e-21 -1.72163e-29  2.86316e-22 -8.76237e-31 -2.86864e-23  4.45776e-30 -2.15992e-23  5.97277e-31 -5.42133e-24  -4.5868e-31 -8.26544e-25 -4.47816e-32  -6.4833e-26  3.44239e-33  4.46595e-27  1.50291e-33  2.48033e-27  1.98637e-33   4.6874e-28  5.36512e-34  5.78127e-29 -1.98895e-34  4.88053e-30  -4.8974e-35   2.3405e-31 -3.08535e-36 -4.10735e-33  1.08555e-36 -1.99497e-33  2.95889e-37 -2.08179e-34   2.6585e-38  -1.3346e-35 -6.11949e-40 -5.71888e-37 -2.38134e-40 -1.59085e-38 -2.24228e-41 -2.46916e-40 -1.57364e-42 -1.27458e-42 -3.44335e-44
 2.26879e-29  8.40246e-15 -3.81805e-28 -1.92648e-13  1.52889e-27  2.27758e-12  1.20673e-26 -1.74052e-11 -2.14716e-25  9.45874e-11  1.70014e-24  -3.8438e-10 -9.39426e-24  1.20121e-09  4.05267e-23 -2.92764e-09 -1.43481e-22  5.58091e-09  4.28674e-22 -8.24519e-09 -1.10037e-21  9.18648e-09  2.45856e-21 -7.22302e-09 -4.82959e-21  3.26555e-09   8.4051e-21  1.09583e-10 -1.30249e-20 -1.14099e-09  1.80154e-20  4.64693e-10  -2.2247e-20  2.01226e-10  2.45162e-20 -1.83871e-10 -2.41251e-20 -3.19228e-11  2.12645e-20  5.27135e-11 -1.68612e-20  8.57438e-12  1.20188e-20 -1.28304e-11 -7.56538e-21 -3.53207e-12   3.9942e-21  2.40723e-12 -1.56948e-21  1.25869e-12  3.05663e-22 -2.09763e-13  8.93549e-23 -3.06233e-13 -7.33652e-23 -4.97671e-14 -1.28988e-24  3.89278e-14  1.69862e-23  2.13422e-14   -2.173e-24  1.30423e-15 -5.19313e-24 -2.69048e-15  2.64168e-24 -1.18133e-15  1.14317e-25 -9.99938e-17 -3.34728e-25  1.03629e-16 -6.76479e-26  5.11437e-17  1.07068e-25  9.08331e-18 -1.93214e-26  -1.3551e-18 -3.09339e-27 -1.30438e-18 -2.23723e-27 -3.81208e-19  1.51487e-27 -4.59306e-20   2.3428e-28  8.43563e-21 -1.41522e-28  5.64394e-21 -3.01038e-29  1.45725e-21 -5.78394e-30  2.07403e-22  7.53192e-30  3.75194e-24  1.80152e-30 -6.49842e-24 -7.14133e-31  -1.9488e-24 -1.52193e-31  -3.3674e-25 -4.71984e-34 -3.73235e-26  4.90487e-33  -1.8265e-27  4.19029e-33   2.4407e-28   6.6169e-34  7.38056e-29 -3.48752e-34   1.0385e-29 -8.26165e-35  9.88431e-31 -4.89023e-36  6.60032e-32  1.48127e-36  2.79515e-33  4.01914e-37  3.30225e-35  3.51254e-38 -4.75607e-36 -4.75406e-40 -3.81968e-37 -2.40417e-40 -1.43686e-38 -2.11666e-41 -2.83275e-40 -1.06259e-42 -1.95998e-42
-3.06655e-15  4.03681e-28  1.27077e-13 -3.91366e-27 -2.02985e-12  1.20673e-26  1.92738e-11  7.96639e-26 -1.25221e-10 -1.23211e-24  5.96054e-10  8.66992e-24 -2.15865e-09 -4.31937e-23  6.07257e-09  1.69703e-22 -1.33872e-08 -5.51033e-22  2.30818e-08  1.51721e-21 -3.06491e-08 -3.60169e-21  3.01528e-08  7.46381e-21 -1.99255e-08 -1.36401e-20  5.97567e-09  2.21593e-20  2.81303e-09 -3.21663e-20 -3.43251e-09  4.17894e-20  4.66458e-10 -4.85243e-20  9.20255e-10  5.02379e-20 -3.18241e-10   -4.636e-20 -2.26354e-10  3.83145e-20  9.63751e-11 -2.86313e-20  6.17182e-11  1.94539e-20 -1.93145e-11 -1.18057e-20 -1.73447e-11  5.98687e-21  1.41793e-12 -2.14545e-21  4.08931e-12  2.34685e-22  7.11919e-13  2.58154e-22 -6.08744e-13 -1.33489e-22 -3.15611e-13 -1.78779e-23  5.30103e-15  3.66964e-23  5.40397e-14 -4.00263e-24  1.83639e-14 -9.28789e-24 -1.13131e-15   4.1581e-24 -2.92233e-15  4.20326e-25 -9.73218e-16 -4.91044e-25 -3.19947e-17 -2.05169e-25  9.34517e-17  1.91033e-25  3.93351e-17 -1.95827e-26  6.49046e-18 -9.01666e-27 -8.54177e-19 -4.63066e-27 -8.17032e-19  2.85353e-27 -2.38592e-19  4.40404e-28 -3.33817e-20 -2.26366e-28  1.98917e-21 -4.81046e-29   2.3493e-21 -1.70954e-29  6.61486e-22  1.15621e-29  1.08936e-22  4.04806e-30   8.6563e-24 -1.02009e-30  -9.1608e-25 -3.38815e-31 -4.62928e-25 -8.94205e-33 -9.15175e-26  1.11576e-32 -1.18239e-26  6.99848e-33 -1.00692e-27  6.01769e-34 -3.74065e-29 -5.55803e-34  4.11606e-30 -1.24184e-34  9.33993e-31 -7.57666e-36  9.86815e-32  1.72826e-36  6.95012e-33  4.76711e-37   3.3985e-34  3.92963e-38  1.09608e-35  -4.0894e-40  1.90864e-37 -2.11714e-40  5.45885e-41 -1.56347e-41 -4.65363e-41 -4.49718e-43
-2.45049e-28 -6.04776e-14  4.65851e-27  1.42773e-12 -3.18547e-26 -1.74052e-11  7.96639e-26  1.37378e-10   4.5039e-25 -7.72562e-10 -6.13737e-24  3.25606e-09   3.8726e-23  -1.0582e-08 -1.75113e-22  2.69148e-08    6.298e-22 -5.37937e-08 -1.88281e-21  8.38946e-08  4.79028e-21  -9.9787e-08 -1.05318e-20  8.57141e-08  2.02521e-20 -4.56273e-08 -3.44279e-20  5.02247e-09  5.22062e-20  1.24222e-08 -7.10196e-20 -7.56039e-09  8.67518e-20 -1.23272e-09 -9.48046e-20  2.63154e-09  9.21779e-20 -7.50453e-11 -7.95465e-20 -7.39926e-10  6.13289e-20  3.39527e-11 -4.30047e-20  1.94617e-10  2.79049e-20  1.04962e-11 -1.64865e-20 -4.48954e-11   8.1194e-21 -1.08135e-11 -2.62756e-21  7.28056e-12 -1.27524e-23  4.09301e-12  5.37246e-22 -2.48703e-13 -2.12205e-22 -8.29432e-13 -5.12806e-23 -2.30432e-13  6.60198e-23  5.52928e-14 -5.02061e-24   5.5169e-14 -1.54004e-23  1.25832e-14  5.85386e-24 -2.58284e-15  1.04516e-24 -2.55387e-15 -6.59915e-25 -6.93418e-16 -4.47055e-25  1.68851e-18  3.08895e-25  6.83513e-17 -1.06307e-26  2.60451e-17 -1.97065e-26  4.25647e-18 -8.34926e-27 -3.56713e-19  4.79872e-27 -4.15365e-19    7.331e-28 -1.24611e-19 -3.16862e-28 -1.99052e-20 -7.08159e-29  -5.0488e-22 -3.68469e-29  6.93543e-22  1.64654e-29  2.26977e-22  7.48008e-30  4.17563e-23 -1.36858e-30   4.7399e-24 -6.01163e-31  1.71852e-25 -2.02784e-32  -5.8169e-26  2.02298e-32 -1.56112e-26  9.62314e-33 -2.26491e-27  1.75695e-34 -2.25531e-28 -8.21229e-34 -1.53027e-29 -1.70757e-34 -5.45489e-31 -1.13132e-35  1.66483e-32  1.70144e-36  3.96506e-33  4.93042e-37  3.00374e-34  3.69979e-38  1.36223e-35  -4.4912e-40   3.8189e-37 -1.60297e-40  5.83252e-39 -8.63513e-42  3.07359e-41
 1.81608e-14 -3.70531e-27 -7.75058e-13  4.06662e-26  1.27678e-11 -2.14716e-25 -1.25221e-10   4.5039e-25  8.41817e-10  2.21862e-24 -4.15484e-09 -2.69217e-23  1.56406e-08  1.53484e-22 -4.58746e-08 -6.33685e-22  1.05863e-07  2.09638e-21 -1.92113e-07 -5.79178e-21   2.7075e-07  1.36504e-20 -2.86925e-07 -2.78279e-20  2.11447e-07   4.9655e-20  -8.3313e-08 -7.84654e-20 -1.47873e-08  1.10998e-19  3.65494e-08 -1.41561e-19  -1.1022e-08  1.62818e-19 -8.01196e-09 -1.67726e-19  5.16752e-09  1.53141e-19  1.63319e-09 -1.23123e-19 -1.56295e-09  8.78492e-20 -4.47105e-10 -5.73578e-20  3.77654e-10  3.56279e-20  1.54092e-10  -2.0814e-20 -6.46369e-11  1.01232e-20 -4.77369e-11 -2.92146e-21  2.54109e-12 -4.77782e-22  1.03797e-11  9.33918e-22  2.57106e-12 -3.01668e-22  -1.0669e-12 -1.06189e-22 -7.99027e-13  1.04077e-22 -1.10852e-13 -3.80179e-24  7.95612e-14 -2.36159e-23  4.54556e-14  7.41324e-24  7.00065e-15  2.09924e-24 -2.80325e-15 -8.26771e-25 -1.87696e-15 -8.11307e-25 -4.40369e-16  4.60387e-25  7.97069e-18  1.30433e-26  4.13087e-17 -3.68072e-26  1.49124e-17 -1.36544e-26  2.52936e-18  7.40443e-27 -5.79559e-20  1.10714e-27 -1.67379e-19 -4.01476e-28 -5.32765e-20 -9.65877e-29 -9.48837e-21 -6.44381e-29 -7.61119e-22  2.22563e-29   1.1505e-22  1.18966e-29  5.56239e-23 -1.75323e-30  1.14715e-23 -9.05358e-31  1.53405e-24 -2.95118e-32  1.26876e-25  3.06077e-32   1.8511e-27  1.07886e-32 -1.32253e-27 -8.15125e-34 -2.47642e-28 -1.14143e-33 -2.69353e-29 -2.19058e-34 -2.03353e-30 -1.60297e-35 -1.06817e-31  1.34156e-36 -3.46289e-33  4.40106e-37 -2.96776e-35  2.88374e-38  2.98147e-36 -5.17183e-40  1.42613e-37 -1.00988e-40  2.38386e-39 -3.11983e-42
 1.87244e-27  3.08411e-13 -3.69903e-26  -7.5105e-12  2.86957e-25  9.45874e-11 -1.23211e-24 -7.72562e-10  2.21862e-24  4.50445e-09  9.64665e-24 -1.97277e-08 -1.05131e-22  6.68066e-08  5.45088e-22 -1.77667e-07 -2.06616e-21  3.72989e-07  6.31713e-21  -6.1502e-07 -1.61892e-20  7.81569e-07  3.54328e-20 -7.31935e-07 -6.70425e-20  4.49686e-07  1.10946e-19 -1.04894e-07 -1.62727e-19 -8.82399e-08  2.14474e-19  8.11177e-08 -2.56491e-19  -3.2075e-09  2.78353e-19 -2.46783e-08 -2.71019e-19  5.80651e-09  2.32499e-19    6.561e-09 -1.73276e-19 -1.89987e-09  1.12957e-19 -1.81191e-09 -6.76785e-20  3.44351e-10  4.03665e-20  4.91252e-10 -2.39221e-20  5.15174e-12  1.17746e-20 -1.08666e-10  -2.9817e-21 -2.80949e-11 -1.16313e-21  1.40242e-11  1.43288e-21  9.60055e-12 -3.88878e-22  6.15811e-13 -1.84185e-22 -1.40542e-12  1.47744e-22 -6.01927e-13  9.11711e-25 -1.55818e-14 -3.34919e-23  7.70135e-14  8.46428e-24  3.17189e-14    3.636e-24  3.21834e-15 -9.90233e-25 -2.21697e-15 -1.29762e-24 -1.18805e-15  6.41838e-25 -2.54408e-16   5.7244e-26  3.10416e-18 -6.17515e-26   2.0644e-17  -2.0801e-26  7.33753e-18  1.06587e-26  1.32328e-18  1.53535e-27  4.59452e-20 -4.79356e-28 -5.05637e-20 -1.22599e-28 -1.81017e-20 -9.51282e-29 -3.53373e-21  2.92863e-29 -4.05542e-22  1.67617e-29  -6.7899e-24 -2.14815e-30  8.44134e-24 -1.18769e-30  2.14649e-24 -2.98092e-32   3.1996e-25  3.90532e-32  3.26211e-26  8.99497e-33  2.10804e-27 -2.52273e-33  3.23311e-29 -1.50535e-33 -1.10815e-29  -2.6565e-34  -1.5811e-30 -2.12787e-35 -1.23981e-31  6.98452e-37 -6.46884e-33  3.31646e-37 -2.24927e-34  1.79496e-38 -4.76687e-36 -5.07716e-40 -4.76819e-38 -4.97781e-41 -6.01608e-41
-7.83254e-14  2.47992e-26  3.44939e-12 -2.83205e-25 -5.87189e-11  1.70014e-24  5.96054e-10 -6.13737e-24 -4.15484e-09  9.64665e-24  2.13072e-08  3.73921e-23 -8.35485e-08 -3.68554e-22  2.56034e-07  1.74793e-21 -6.19735e-07 -6.11505e-21  1.18597e-06  1.73612e-20 -1.77656e-06 -4.14313e-20  2.02825e-06  8.44191e-20 -1.65778e-06  -1.4836e-19  8.06596e-07  2.27436e-19 -1.68365e-08 -3.08857e-19 -2.71512e-07  3.78411e-19  1.34636e-07  -4.2437e-19   4.0309e-08  4.35881e-19 -5.27692e-08 -4.02848e-19  -3.3578e-09  3.25228e-19  1.56797e-08 -2.23191e-19  6.39898e-10  1.30125e-19 -4.17471e-09 -6.94667e-20 -5.71916e-10  3.99482e-20  9.37593e-10 -2.51194e-20  3.10604e-10  1.29474e-20 -1.37247e-10   -2.817e-21 -1.00917e-10 -2.02807e-21 -1.80712e-12  1.99452e-21  1.83792e-11  -4.5806e-22  6.45141e-12 -2.82042e-22 -7.87586e-13  1.91911e-22 -1.29039e-12  9.59011e-24 -3.70434e-13 -4.39621e-23  3.22799e-14  8.70273e-24  5.90044e-14  5.61868e-24  1.93592e-14 -1.17369e-24  1.28088e-15 -1.88875e-24 -1.39937e-15  8.48209e-25 -6.54843e-16  1.27822e-25 -1.34546e-16 -9.52063e-26 -1.61988e-18       -3e-26  8.39634e-18  1.44324e-26  3.05456e-18  1.94845e-27  5.89731e-19 -5.70783e-28  4.77108e-20 -1.46041e-28  -9.7873e-21 -1.20034e-28 -4.66093e-21   3.8435e-29 -9.99483e-22  2.14507e-29 -1.36523e-22 -2.46161e-30 -1.03523e-23 -1.36524e-30  3.22476e-25  -1.5524e-32  2.38703e-25  4.10752e-32  4.16985e-26  2.98481e-33   4.6638e-27 -4.96793e-33  3.65972e-28 -1.88863e-33  1.91023e-29 -3.06306e-34  4.47123e-31 -2.61803e-35  -2.2467e-32 -6.66481e-38 -2.81644e-33  2.01491e-37 -1.38508e-34   8.1657e-39 -3.70117e-36 -3.89275e-40 -4.66697e-38 -1.65854e-41
-1.09967e-26 -1.17092e-12  2.19205e-25  2.94783e-11 -1.77206e-24  -3.8438e-10  8.66992e-24  3.25606e-09 -2.69217e-23 -1.97277e-08  3.73921e-23  8.99865e-08    1.302e-22 -3.18254e-07 -1.16735e-21  8.86946e-07  5.09107e-21 -1.96006e-06  -1.6525e-20  3.42353e-06  4.37823e-20 -4.65375e-06  -9.7694e-20  4.74598e-06  1.85803e-19 -3.32041e-06 -3.03465e-19  1.14767e-06  4.30158e-19  3.84712e-07  -5.3877e-19 -6.17049e-07   6.1134e-19   1.3889e-07 -6.42725e-19  1.56017e-07  6.27697e-19 -7.91363e-08 -5.54396e-19 -3.59613e-08   4.2258e-19  2.53452e-08 -2.64698e-19  1.00615e-08  1.32988e-19 -6.13976e-09 -5.90501e-20 -3.26664e-09  3.29405e-20  9.64822e-10 -2.40611e-20  9.51042e-10  1.36053e-20  1.54413e-11 -2.47289e-21 -1.93722e-10 -2.99187e-21 -6.07877e-11  2.55807e-21  1.63834e-11 -4.94173e-22  1.61921e-11 -3.90747e-22  3.10772e-12  2.30087e-22 -1.32551e-12  2.14643e-23 -9.47127e-13 -5.34024e-23 -1.91134e-13   8.0253e-24  4.13949e-14  7.91453e-24   3.7928e-14 -1.43112e-24  1.05827e-14 -2.56137e-24  5.07969e-16   1.0748e-24   -7.253e-16  2.30475e-25 -3.14536e-16 -1.36131e-25 -6.45081e-17 -4.12091e-26 -2.99199e-18   1.8413e-26  2.66911e-18  2.20306e-27  1.04918e-18 -7.26056e-28  2.16783e-19 -1.67674e-28  2.47998e-20 -1.28479e-28  -3.0037e-22  5.11037e-29 -8.27073e-22  2.56634e-29 -2.05355e-22 -2.48369e-30 -3.12221e-23  -1.3531e-30 -3.16843e-24  1.48112e-32 -1.71962e-25  3.22067e-32  7.24955e-27 -7.70133e-33  2.89012e-27 -7.96507e-33  3.68417e-28 -2.24816e-33  3.02773e-29 -3.35333e-34  1.73376e-30 -2.95633e-35  6.71046e-32 -7.35617e-37  1.50564e-33  8.74848e-38  6.87447e-36  1.91169e-39 -4.93417e-37 -2.19599e-40 -7.30021e-39
 2.55149e-13 -1.30018e-25  -1.1623e-11  1.49914e-24  2.04958e-10 -9.39426e-24 -2.15865e-09   3.8726e-23  1.56406e-08 -1.05131e-22 -8.35485e-08    1.302e-22  3.42094e-07  4.09634e-22 -1.09803e-06 -3.35703e-21   2.7945e-06  1.35305e-20 -5.65196e-06 -4.09686e-20   9.0155e-06  1.01834e-19 -1.10958e-05 -2.13408e-19  1.00213e-05  3.79919e-19 -5.81141e-06 -5.76925e-19  1.02469e-06  7.54157e-19  1.42224e-06 -8.66261e-19 -1.09687e-06  9.04924e-19 -4.25117e-08 -8.91231e-19  3.69553e-07  8.33475e-19 -6.03101e-08 -7.10809e-19 -1.04415e-07  5.14467e-19  2.19825e-08 -2.90829e-19  2.94471e-08  1.17412e-19 -3.49335e-09 -3.48352e-20 -7.91758e-09  1.91144e-20 -5.50086e-10 -2.07847e-20  1.69848e-09  1.37499e-20  5.45954e-10 -2.00788e-21 -1.96384e-10 -3.94342e-21 -1.66624e-10  3.04964e-21  -1.8998e-11 -4.86258e-22   2.2043e-11 -4.95759e-22  1.10784e-11  2.55055e-22   8.4678e-13  3.44339e-23 -1.22497e-12  -5.9858e-23 -5.88424e-13  6.63502e-24 -8.47935e-14  1.03279e-23  3.15709e-14 -1.84428e-24  2.10171e-14 -3.30342e-24  5.26211e-15  1.31632e-24  2.47403e-16  3.70181e-25 -3.09005e-16 -1.80518e-25 -1.30505e-16 -5.36966e-26 -2.74155e-17  2.20814e-26 -2.24202e-18  2.05489e-27  5.99024e-19 -1.03183e-27  2.86237e-19 -1.98615e-28  6.35849e-20 -1.12655e-28  8.73556e-21  6.88615e-29  5.47052e-22  2.97833e-29  -7.3094e-23  -1.8717e-30  -2.8077e-23 -1.08413e-30 -4.77277e-24  5.73507e-32 -5.42909e-25  9.80334e-33  -4.2437e-26 -2.22809e-32 -1.89175e-27 -1.10998e-32  2.56831e-29 -2.52347e-33  1.25158e-29 -3.46085e-34  1.15141e-30 -3.03515e-35  6.26395e-32  -1.1273e-36  2.17002e-33  1.37197e-38  4.46194e-35 -6.50594e-40  4.24782e-37  -7.9822e-41
 5.20189e-26  3.40016e-12 -1.03327e-24 -8.87334e-11  8.44131e-24  1.20121e-09 -4.31937e-23  -1.0582e-08  1.53484e-22  6.68066e-08 -3.68554e-22 -3.18254e-07  4.09634e-22  1.17871e-06  1.16951e-21 -3.45167e-06 -8.79611e-21  8.05002e-06   3.2926e-20 -1.49284e-05 -9.35399e-20  2.17426e-05  2.19412e-19 -2.41384e-05 -4.33948e-19   1.9057e-05  7.25337e-19 -8.63575e-06 -1.02446e-18  -5.0783e-07  1.23057e-18  3.42965e-06  -1.2857e-18 -1.46842e-06   1.2248e-18 -6.22247e-07 -1.12833e-18  6.40951e-07  1.02191e-18  8.43056e-08  -8.5473e-19 -2.00681e-07  5.92685e-19 -1.99349e-08 -2.98192e-19  5.46531e-08  8.30427e-20  1.05591e-08  1.97899e-21  -1.2226e-08 -4.43055e-22   -4.858e-09 -1.56242e-20  1.67384e-09  1.33693e-20  1.48806e-09 -1.47928e-21  9.26322e-11 -4.75718e-21 -2.56941e-10  3.39429e-21 -1.03634e-10 -4.28882e-22  6.72653e-12 -5.78741e-22  1.89246e-11   2.5938e-22  6.21172e-12  4.53408e-23  -1.8454e-13 -6.13941e-23 -8.62464e-13  5.09557e-24 -3.20005e-13  1.26749e-23  -3.3751e-14 -2.51008e-24  1.82993e-14 -4.13205e-24  1.01568e-14  1.56154e-24  2.39057e-15  5.49827e-25  1.44918e-16 -2.20225e-25  -1.0585e-16 -6.54545e-26 -4.59363e-17  2.48096e-26 -1.00279e-17  1.16838e-27 -1.12545e-18 -1.61249e-27  6.08078e-20  -2.6909e-28  5.81073e-20 -7.33092e-29  1.42913e-20  9.26836e-29  2.19227e-21  3.49071e-29  2.12374e-22 -2.20526e-31  6.54239e-24 -5.29078e-31 -1.94698e-24  1.04191e-31  -4.4623e-25 -2.53302e-32 -5.52354e-26 -3.86341e-32 -4.70163e-27 -1.37966e-32  -2.7989e-28  -2.6501e-33 -1.04904e-29 -3.33246e-34 -1.19432e-31 -2.80648e-35  1.12769e-32 -1.17911e-36  7.08371e-34 -1.74688e-38  1.75654e-35 -9.05205e-40   1.4503e-37
-6.39723e-13  5.56289e-25  3.02362e-11 -6.39161e-24 -5.54007e-10  4.05267e-23  6.07257e-09 -1.75113e-22 -4.58746e-08  5.45088e-22  2.56034e-07 -1.16735e-21 -1.09803e-06  1.16951e-21  3.70246e-06  3.03875e-21 -9.93629e-06 -2.10467e-20  2.12976e-05  7.35398e-20 -3.62591e-05 -1.97296e-19  4.81694e-05  4.39595e-19 -4.79657e-05 -8.24932e-19  3.24362e-05  1.29891e-18 -1.00816e-05 -1.70681e-18 -4.92238e-06  1.87521e-18  6.44725e-06 -1.76121e-18 -1.13284e-06  1.50647e-18 -1.79986e-06 -1.29468e-18  7.88939e-07  1.15721e-18  4.47017e-07 -9.71332e-19 -2.68182e-07  6.53452e-19 -1.28324e-07 -2.88043e-19  6.62292e-08   3.3678e-20  4.12802e-08  4.74721e-20 -9.92714e-09 -2.35698e-20 -1.18641e-08 -9.07416e-21 -6.18253e-10  1.24278e-20   2.3697e-09 -9.41756e-22  8.40435e-10 -5.31763e-21 -1.76864e-10  3.52988e-21 -2.11335e-10 -3.20181e-22 -4.70568e-11 -6.20494e-22  1.53069e-11   2.3573e-22  1.27372e-11   5.0423e-23  2.93874e-12  -5.6516e-23 -4.19358e-13  4.32552e-24 -5.03583e-13  1.48924e-23 -1.55873e-13 -3.51736e-24 -1.30431e-14 -5.10532e-24  8.53894e-15  1.78381e-24  4.28258e-15  7.67811e-25  9.83918e-16 -2.42576e-25  8.18236e-17 -7.26932e-26  -2.7447e-17  2.61276e-26 -1.33276e-17 -8.08578e-28 -3.05435e-18 -2.62074e-27 -4.14074e-19 -4.34586e-28 -1.65609e-20 -2.40315e-29   7.5096e-21  1.21914e-28  2.31324e-21  4.23878e-29  3.87964e-22    2.769e-30  4.39751e-23   2.8489e-31  3.18316e-24  1.45968e-31  6.52885e-26 -6.83414e-32 -1.82719e-26 -5.37135e-32 -2.99784e-27 -1.54755e-32 -2.65869e-28 -2.58265e-33 -1.58182e-29 -2.95925e-34 -6.39173e-31 -2.31414e-35 -1.62883e-32 -9.64162e-37 -2.08705e-34  -2.0035e-38 -2.88491e-37 -4.15207e-40
-2.04172e-25 -7.64671e-12  4.01815e-24  2.07585e-10 -3.27211e-23 -2.92764e-09  1.69703e-22  2.69148e-08 -6.33685e-22 -1.77667e-07  1.74793e-21  8.86946e-07 -3.35703e-21 -3.45167e-06  3.03875e-21  1.06557e-05  7.19621e-21 -2.63098e-05 -4.60273e-20  5.19516e-05  1.50956e-19 -8.12545e-05 -3.85364e-19  9.82561e-05  8.21762e-19 -8.70188e-05 -1.47183e-18  4.87317e-05  2.19086e-18 -6.61422e-06 -2.67897e-18 -1.38399e-05  2.67637e-18  9.71644e-06  -2.2212e-18  8.84153e-07  1.66083e-18  -3.5469e-06 -1.32498e-18  4.44585e-07  1.20913e-18  1.05401e-06 -1.05282e-18 -1.83839e-07  6.97963e-19 -3.06122e-07 -2.65554e-19  2.67408e-08 -2.36185e-20  8.36596e-08  9.57936e-20  8.10124e-09 -4.75096e-20 -1.80518e-08  -1.6767e-21 -6.39607e-09  1.09075e-20  2.00732e-09 -4.49757e-22  1.90546e-09 -5.55218e-21  2.60464e-10  3.41843e-21 -2.43788e-10 -1.56434e-22 -1.32969e-10 -6.04157e-22 -1.32836e-11  1.77225e-22   1.3777e-11  4.56798e-23  7.21153e-12 -4.46168e-23  1.20276e-12   5.5289e-24 -3.25421e-13   1.7161e-23 -2.52449e-13  -4.9124e-24 -6.89995e-14 -6.32261e-24 -5.36851e-15  1.93053e-24  3.23286e-15  1.01491e-24  1.56075e-15 -2.31486e-25  3.59619e-16 -6.97328e-26  3.88673e-17  2.61161e-26 -4.45977e-18   -4.104e-27 -3.04511e-18 -4.21009e-27 -7.46269e-19 -7.72595e-28 -1.13737e-19  8.62577e-30 -9.78488e-21   1.5336e-28  2.09484e-22  5.30069e-29  2.36113e-22  7.07539e-30  4.58708e-23  1.26269e-30  5.62399e-24  1.74223e-31  4.81925e-25 -1.11306e-31  2.72921e-26 -6.44067e-32  6.47687e-28 -1.57484e-32 -4.78862e-29 -2.31716e-33  -6.3159e-30 -2.39512e-34 -3.60092e-31 -1.68246e-35 -1.19278e-32 -6.34434e-37 -2.14612e-34 -1.16646e-38 -1.38167e-36
 1.24174e-12 -1.99391e-24 -6.11446e-11  2.26856e-23  1.16882e-09 -1.43481e-22 -1.33872e-08    6.298e-22  1.05863e-07 -2.06616e-21 -6.19735e-07  5.09107e-21   2.7945e-06 -8.79611e-21 -9.93629e-06  7.19621e-21  2.82217e-05  1.55288e-20 -6.43264e-05  -9.1924e-20  0.000117242  2.84828e-19 -0.000168465 -6.98329e-19  0.000184808  1.43779e-18 -0.000143734 -2.47369e-18  6.26368e-05  3.49371e-18  7.19552e-06 -3.97595e-18 -2.80236e-05  3.58565e-18  1.11532e-05 -2.56297e-18  5.64974e-06  1.59115e-18 -5.30536e-06 -1.16645e-18 -8.80798e-07  1.16336e-18  1.74474e-06 -1.10034e-18  2.17106e-07  7.30613e-19 -4.91919e-07 -2.37651e-19 -1.06177e-07 -8.02664e-20  1.12838e-07  1.40381e-19  4.79066e-08 -6.94744e-20 -1.55001e-08  6.03661e-21 -1.47902e-08  8.87924e-21 -1.11578e-09  -5.1936e-23  2.56942e-09 -5.46644e-21  1.08999e-09    3.051e-21 -5.30081e-11  7.48762e-23 -1.96874e-10 -5.17422e-22   -6.817e-11  7.81505e-23  6.41293e-13  2.69717e-23  9.06712e-12 -2.64167e-23  3.56558e-12  1.00581e-23  4.41864e-13  2.00074e-23 -1.78818e-13 -6.65576e-24 -1.10215e-13 -7.91053e-24 -2.78803e-14  1.91675e-24 -2.38158e-15  1.27134e-24  9.68154e-16 -1.70428e-25  4.82195e-16 -4.95636e-26  1.13489e-16  2.57657e-26   1.4807e-17 -8.65617e-27  3.73565e-20 -6.48631e-27 -5.02752e-19  -1.3647e-27 -1.39381e-19 -9.10985e-30 -2.30496e-20  1.81105e-28 -2.51483e-21  6.61676e-29  -1.4213e-22  1.22058e-29  8.15451e-24  2.24664e-30  3.13508e-24  1.82795e-31  4.28969e-25 -1.45584e-31  3.83534e-26 -6.85433e-32  2.40552e-27  -1.4566e-32  1.02056e-28 -1.89927e-33  2.42646e-30 -1.74595e-34 -8.81275e-34 -1.06321e-35 -1.89892e-33 -3.32753e-37 -4.39499e-35 -3.96055e-39
 6.78509e-25  1.33221e-11 -1.31971e-23 -3.78032e-10  1.06383e-22  5.58091e-09 -5.51033e-22 -5.37937e-08  2.09638e-21  3.72989e-07 -6.11505e-21 -1.96006e-06  1.35305e-20  8.05002e-06 -2.10467e-20 -2.63098e-05  1.55288e-20  6.90514e-05  3.04572e-20 -0.000145725 -1.67111e-19  0.000245516  4.93278e-19 -0.000323891 -1.17555e-18  0.000320699  2.36147e-18 -0.000214782 -3.92982e-18  6.33549e-05  5.28537e-18  3.75383e-05  -5.5975e-18 -4.57951e-05  4.51584e-18  7.20048e-06 -2.66942e-18  1.36268e-05  1.21926e-18 -5.76216e-06 -7.98364e-19 -3.54058e-06  1.02801e-18  2.07139e-06  -1.1224e-18   1.0466e-06   7.5581e-19 -5.33729e-07  -2.1046e-19 -3.45558e-07 -1.28102e-19  8.28694e-08  1.75234e-19  1.02334e-07  -8.7164e-20  5.57616e-09   1.3562e-20 -2.10804e-08  6.57018e-21 -7.62502e-09  2.26136e-22  1.60438e-09 -5.17046e-21  1.96519e-09  2.44346e-21  4.49667e-10  3.99971e-22 -1.42239e-10 -3.52772e-22 -1.22504e-10 -6.46825e-23 -2.93519e-11 -1.01042e-23  3.67362e-12 -4.33147e-24  4.89167e-12  1.92099e-23  1.57738e-12  2.43397e-23  1.55297e-13 -8.58054e-24 -7.73304e-14 -9.99522e-24 -4.19668e-14  1.62861e-24  -1.0206e-14  1.50538e-24 -1.03879e-15 -4.68379e-26  2.11376e-16 -5.15475e-27  1.22376e-16  2.70849e-26  2.99009e-17 -1.39972e-26  4.42869e-18 -9.44622e-27  2.88786e-19  -2.2651e-27 -4.63906e-20 -1.07308e-28 -1.83978e-20    1.975e-28 -3.32114e-21  7.95946e-29 -4.00775e-22  1.72239e-29 -3.27526e-23  3.04717e-30 -1.39865e-24  1.68672e-31  5.59975e-26 -1.64589e-31  1.60268e-26 -6.56115e-32  1.54373e-27 -1.22396e-32  9.28328e-29 -1.41105e-33  3.68804e-30 -1.13163e-34  9.15629e-32 -5.72422e-36  1.18654e-33  -1.3282e-37  4.38061e-36
-1.85254e-12   6.0959e-24  9.56046e-11 -6.84708e-23 -1.91776e-09  4.28674e-22  2.30818e-08 -1.88281e-21 -1.92113e-07  6.31713e-21  1.18597e-06  -1.6525e-20 -5.65196e-06   3.2926e-20  2.12976e-05 -4.60273e-20 -6.43264e-05  3.04572e-20   0.00015662  5.39554e-20 -0.000306827 -2.74504e-19  0.000478343  7.81103e-19 -0.000578495 -1.83954e-18  0.000513122  3.65154e-18 -0.000286552 -5.92058e-18  3.45512e-05  7.60823e-18   8.8575e-05 -7.49498e-18 -6.14133e-05  5.34809e-18 -6.44349e-06 -2.43545e-18  2.36784e-05  5.13314e-19 -2.96089e-06 -2.45365e-19 -7.32961e-06  8.33166e-19  1.32704e-06 -1.13052e-18  2.21075e-06  7.75001e-19 -2.14292e-07 -1.87452e-19 -6.29656e-07  -1.6089e-19 -5.59549e-08  1.95948e-19  1.42417e-07 -9.91729e-20  4.95863e-08  2.04337e-20 -1.69109e-08   4.3987e-21 -1.56068e-08  4.04969e-22 -2.03992e-09 -4.88379e-21  2.09614e-09  1.62426e-21   1.1337e-09  8.57997e-22  1.10596e-10 -1.05764e-22 -1.21274e-10 -2.49981e-22 -6.37405e-11 -7.03133e-23 -1.08559e-11  1.73555e-23  2.81753e-12  3.39741e-23  2.25714e-12  3.13715e-23  6.34071e-13 -1.03705e-23  5.64296e-14 -1.26658e-23 -2.68322e-14   9.4005e-25 -1.38087e-14  1.67525e-24  -3.3211e-15  1.43298e-25 -4.02558e-16  6.86947e-26  2.42501e-17   3.2783e-26  2.42187e-17 -1.92591e-26  6.31783e-18 -1.29253e-26  1.01848e-18 -3.46542e-27  1.00341e-19 -2.99727e-28  1.87027e-21  1.95337e-28 -1.41463e-21  8.98423e-29 -3.14538e-22  2.09971e-29 -4.05148e-23  3.49621e-30 -3.62611e-24  1.32952e-31 -2.24615e-25 -1.65771e-31 -8.14508e-27 -5.68519e-32  1.43027e-29 -9.32322e-33  2.16463e-29 -9.41971e-34  1.33819e-30 -6.42148e-35  4.07936e-32 -2.54429e-36  5.71549e-34 -3.52208e-38
-1.93697e-24 -1.77297e-11  3.72066e-23  5.29779e-10 -2.95801e-22 -8.24519e-09  1.51721e-21  8.38946e-08 -5.79178e-21  -6.1502e-07  1.73612e-20  3.42353e-06 -4.09686e-20 -1.49284e-05  7.35398e-20  5.19516e-05  -9.1924e-20 -0.000145725  5.39554e-20  0.000330337  8.51843e-20 -0.000602115 -4.01205e-19  0.000869114  1.12193e-18 -0.000961122 -2.67584e-18  0.000755234  5.33189e-18 -0.000331783  -8.4857e-18 -4.27117e-05  1.04478e-17  0.000158273  -9.5634e-18 -6.44561e-05  5.94801e-18 -3.29397e-05 -1.79776e-18  3.22208e-05 -4.92352e-19  5.02516e-06  4.22122e-19  -1.1067e-05  6.22904e-19 -1.20033e-06 -1.13422e-18  3.27087e-06  7.85345e-19  6.45035e-07  -1.6882e-19 -7.94995e-07 -1.75068e-19 -3.19245e-07    2.003e-19  1.19862e-07 -1.05257e-19  1.06085e-07   2.6247e-20  5.81347e-09  2.96834e-21 -1.98087e-08  5.69103e-22 -8.05042e-09 -4.91224e-21  5.80938e-10   6.1878e-22  1.56514e-09  1.49281e-21  5.27334e-10  2.27559e-22 -1.18282e-11 -4.69966e-22 -7.42725e-11 -1.58546e-22 -2.88928e-11  3.26984e-23 -3.56306e-12  5.47886e-23  1.46441e-12  4.24167e-23  9.06248e-13 -1.15792e-23  2.32849e-13 -1.59386e-23  2.17076e-14  -2.5887e-25  -7.2934e-15  1.73503e-24 -3.84891e-15  3.92349e-25 -9.34328e-16  1.73433e-25 -1.30046e-16  4.55229e-26 -3.50756e-18 -2.33346e-26  3.36139e-18 -1.65814e-26  1.01417e-18 -4.87149e-27  1.74671e-19 -5.74719e-28  2.01792e-20  1.70521e-28   1.3897e-21   9.3496e-29 -4.61361e-24  2.25863e-29 -1.58198e-23  3.50483e-30 -2.39276e-24  8.16127e-32  -2.1935e-25 -1.50992e-31 -1.38862e-26 -4.47036e-32 -6.03193e-28 -6.41272e-33 -1.63074e-29 -5.59129e-34 -1.87139e-31 -3.12422e-35  2.06019e-33  -8.8115e-37  5.20741e-35
 2.06979e-12 -1.61038e-23 -1.13057e-10  1.78372e-22  2.40204e-09 -1.10037e-21 -3.06491e-08  4.79028e-21   2.7075e-07 -1.61892e-20 -1.77656e-06  4.37823e-20   9.0155e-06 -9.35399e-20 -3.62591e-05  1.50956e-19  0.000117242 -1.67111e-19 -0.000306827  8.51843e-20  0.000649732  1.16365e-19  -0.00110409 -5.04023e-19   0.00147567  1.43811e-18  -0.00148644 -3.61499e-18   0.00101739  7.37575e-18 -0.000310046 -1.16055e-17 -0.000183384  1.37154e-17  0.000234262 -1.16417e-17 -4.13658e-05  6.18856e-18 -7.15686e-05 -7.59226e-19  3.32112e-05 -1.69439e-18  1.88766e-05  1.10257e-18 -1.24911e-05  4.42589e-19 -5.75245e-06  -1.1377e-18  3.43788e-06    7.804e-19  2.01887e-06 -1.52013e-19 -6.05931e-07 -1.69648e-19 -6.44828e-07  1.88369e-19 -1.19923e-08 -1.06443e-19  1.44703e-07  3.06853e-20  4.77936e-08  3.02158e-21 -1.31849e-08   8.7152e-22 -1.38011e-08 -5.59713e-21 -2.86721e-09 -5.63187e-22  1.14826e-09  2.33874e-21  8.95438e-10  6.52317e-22  2.03072e-10   -7.093e-22 -3.21353e-11 -2.79078e-22 -3.71472e-11  3.48352e-23 -1.17149e-11  8.13732e-23 -1.10569e-12  5.85758e-23  5.93287e-13 -1.17042e-23   3.1748e-13 -1.97334e-23  7.75983e-14 -2.02836e-24  8.27594e-15  1.64439e-24 -1.41888e-15  6.80827e-25 -8.79327e-16  3.05362e-25 -2.19545e-16  6.69502e-26 -3.36858e-17 -2.51581e-26 -2.58839e-18 -1.99343e-26  2.21401e-19 -6.30676e-27  1.12701e-19 -8.94224e-28  2.12427e-20  1.24147e-28  2.63506e-21  8.85534e-29  2.26487e-22   2.1603e-29  1.18461e-23  3.09778e-30  3.48112e-26  2.49546e-32 -6.05408e-26 -1.25357e-31  -6.4193e-27 -3.18934e-32 -3.81208e-28 -3.95953e-33 -1.42696e-29 -2.91044e-34 -3.17973e-31 -1.26201e-35 -3.34524e-33 -2.06167e-37
 4.80093e-24  1.73521e-11 -9.11117e-23 -5.53166e-10  7.13193e-22  9.18648e-09 -3.60169e-21  -9.9787e-08  1.36504e-20  7.81569e-07 -4.14313e-20 -4.65375e-06  1.01834e-19  2.17426e-05 -1.97296e-19 -8.12545e-05  2.84828e-19  0.000245516 -2.74504e-19 -0.000602115  1.16365e-19   0.00119487  1.27181e-19  -0.00189628 -4.94304e-19   0.00234566  1.58628e-18  -0.00213994 -4.52606e-18   0.00124192  9.70122e-18 -0.000174458   -1.519e-17 -0.000389207  1.72394e-17  0.000291995 -1.35237e-17  2.02684e-05  5.97597e-18 -0.000115193  5.99857e-19  1.95542e-05 -2.93827e-18  3.66743e-05  1.68961e-18 -8.76017e-06  3.26464e-19 -1.15748e-05 -1.13968e-18  1.80229e-06  7.52091e-19  3.52864e-06 -1.32921e-19  1.39458e-07 -1.45452e-19 -8.73676e-07  1.62253e-19 -2.61837e-07 -1.04959e-19  1.22186e-07  3.35219e-20  9.56975e-08  5.35591e-21  8.79359e-09  1.52045e-21 -1.46978e-08 -7.24598e-21  -7.1856e-09 -1.93042e-21 -4.75225e-10  3.40506e-21   8.8056e-10  1.17397e-21  4.27233e-10 -9.46005e-22  6.56011e-11 -4.34434e-22 -2.20733e-11  1.72929e-23 -1.58912e-11  1.12715e-22 -4.32349e-12  8.03882e-23 -3.56098e-13 -1.03089e-23  1.92697e-13 -2.38729e-23  9.62002e-14 -4.35029e-24   2.3033e-14  1.37985e-24  2.84867e-15  9.80437e-25 -1.31143e-16  4.55307e-25 -1.55787e-16  9.68546e-26 -4.13043e-17 -2.40152e-26 -6.77233e-18 -2.24612e-26 -7.03234e-19 -7.54685e-27 -2.50213e-20 -1.20236e-27  6.67811e-21  6.29202e-29  1.66179e-21  7.53215e-29  2.18736e-22    1.836e-29  1.97577e-23  2.40507e-30  1.25367e-24  -2.5077e-32  5.11117e-26 -9.51966e-32  7.82747e-28  -2.0595e-32  -4.6681e-29 -2.17604e-33   -3.416e-30 -1.30245e-34 -9.12735e-32 -3.99261e-36  -8.0424e-34
-1.62233e-12  3.71138e-23  9.57038e-11 -4.05461e-22 -2.19299e-09  2.45856e-21  3.01528e-08 -1.05318e-20 -2.86925e-07  3.54328e-20  2.02825e-06  -9.7694e-20 -1.10958e-05  2.19412e-19  4.81694e-05 -3.85364e-19 -0.000168465  4.93278e-19  0.000478343 -4.01205e-19  -0.00110409  1.27181e-19    0.0020596  7.91105e-20  -0.00305736 -2.28549e-19   0.00349616  1.35876e-18  -0.00286475 -5.23072e-18   0.00134591  1.21831e-17  0.000114962 -1.90796e-17 -0.000639904  2.07686e-17  0.000297507 -1.49808e-17  0.000125397  5.27465e-18 -0.000149462  2.12827e-18 -1.40389e-05 -4.05366e-18   5.3141e-05  2.10137e-18  2.37737e-06  2.90655e-19   -1.665e-05 -1.13609e-18 -2.20271e-06  6.92602e-19  4.42461e-06 -1.07199e-19  1.45274e-06 -1.03961e-19 -7.86389e-07  1.25556e-19 -5.66244e-07 -1.03947e-19  4.26815e-09  3.45808e-20  1.21827e-07  1.07014e-20  4.28153e-08  2.74628e-21 -6.40308e-09 -1.00602e-20 -9.87337e-09 -3.50013e-21 -2.96424e-09  4.66531e-21  2.29464e-10  1.79465e-21  4.94189e-10 -1.15493e-21  1.77396e-10  -6.2421e-22  1.81232e-11 -2.43619e-23 -1.05871e-11  1.47231e-22 -5.92574e-12  1.07547e-22 -1.46295e-12 -7.16647e-24 -1.24754e-13  -2.8108e-23  4.92769e-14 -7.11432e-24  2.47184e-14  9.44223e-25  5.91922e-15  1.25953e-24  8.26627e-16  6.09568e-25  2.75319e-17  1.32819e-25 -1.90509e-17 -1.97695e-26  -5.8719e-18 -2.37231e-26 -1.01673e-18 -8.37665e-27 -1.19202e-19 -1.44094e-27 -8.81501e-21 -2.44272e-30 -1.48806e-22  5.63861e-29  6.25791e-23  1.37397e-29  1.02849e-23  1.61239e-30  9.41487e-25 -5.89192e-32  5.81869e-26 -6.61442e-32  2.44981e-27 -1.19792e-32  6.52734e-29 -1.05125e-33  8.81452e-31 -4.85571e-35  1.52758e-33 -8.57438e-37
-1.04135e-23 -1.13173e-11  1.95487e-22  3.96938e-10  -1.5065e-21 -7.22302e-09  7.46381e-21  8.57141e-08 -2.78279e-20 -7.31935e-07  8.44191e-20  4.74598e-06 -2.13408e-19 -2.41384e-05  4.39595e-19  9.82561e-05 -6.98329e-19 -0.000323891  7.81103e-19  0.000869114 -5.04023e-19  -0.00189628  7.91105e-20   0.00333539 -8.78541e-20  -0.00463737  4.87515e-19   0.00489263  5.08659e-19  -0.00355682  -5.5405e-18   0.00123486  1.46799e-17  0.000574022 -2.30565e-17 -0.000889094  2.39905e-17  0.000215659 -1.57966e-17  0.000265332  4.12682e-18 -0.000155046  3.62786e-18 -6.75366e-05 -4.89784e-18  6.02222e-05   2.3021e-18  2.10651e-05  3.34399e-19 -1.79973e-05 -1.12372e-18 -8.26485e-06  5.95224e-19  3.78706e-06 -7.15409e-20  3.02409e-06 -4.62377e-20 -2.02935e-07  8.28226e-20 -7.83935e-07 -1.06936e-19 -2.05033e-07  3.36766e-20  9.42279e-08  1.95639e-20  7.50438e-08  4.74605e-21  1.17509e-08 -1.40784e-20 -8.01409e-09 -5.27597e-21 -5.12045e-09  6.05703e-21 -9.77552e-10  2.50786e-21  2.64674e-10 -1.31329e-21  2.28154e-10 -8.44233e-22  6.59688e-11 -9.09602e-23  4.56798e-12  1.83051e-22  -4.0093e-12  1.38761e-22 -1.93322e-12 -2.38131e-24 -4.51292e-13 -3.21627e-23 -4.44723e-14 -1.01249e-23  9.18858e-15  3.70215e-25  5.21127e-15  1.48917e-24  1.27094e-15  7.52026e-25  1.93295e-16  1.70537e-25  1.52916e-17 -1.29274e-26 -1.00211e-18 -2.34824e-26 -5.69727e-19 -8.64966e-27 -1.07587e-19 -1.56619e-27  -1.3285e-20 -6.03119e-29 -1.14857e-21  3.56728e-29 -6.40125e-23  8.85009e-30 -1.14305e-24  8.94296e-31  1.74423e-25 -7.26951e-32  2.03931e-26 -4.19373e-32  1.16091e-27 -6.22735e-33  3.91706e-29 -4.38077e-34   7.2227e-31 -1.42317e-35  4.76621e-33
