  0.00102475 -7.55867e-20  -0.00412545  1.58006e-19   0.00467308  1.49768e-19  -0.00121821 -7.37608e-19   -0.0010549  1.04279e-18  0.000445671 -7.28163e-19  0.000200175  2.57033e-19 -7.32855e-05 -5.93617e-20  -2.4507e-05  1.85279e-20  4.16434e-06 -2.75599e-21   6.5549e-07
-7.55867e-20   0.00639943 -4.06042e-20   -0.0135269 -2.31156e-19   0.00963652  9.47602e-19  0.000249567 -1.83323e-18  -0.00293732     1.98e-18  0.000307507 -1.01849e-18  0.000582522  2.24841e-19 -5.71414e-05 -5.86004e-20 -5.95376e-05  3.55213e-20   1.8054e-06  -3.6275e-21
 -0.00412545 -4.06042e-20    0.0186042  7.23965e-20   -0.0251858 -2.09884e-19    0.0107682  6.09428e-19    0.0044735 -1.90218e-18  -0.00430452  2.00339e-18 -0.000550341 -6.14108e-19  0.000899273 -6.87374e-20  5.19897e-05 -2.69414e-20 -7.77896e-05  4.48299e-20 -2.30823e-06
 1.58006e-19   -0.0135269  7.23965e-20    0.0338161 -1.42817e-19   -0.0320928  1.46786e-18   0.00640276 -1.28896e-18   0.00917236 -1.31597e-18   -0.0041971  1.45818e-18  -0.00171787  1.43208e-19  0.000967116 -4.57857e-19  0.000189405 -2.08467e-21 -6.68677e-05  3.70309e-20
  0.00467308 -2.31156e-19   -0.0251858 -1.42817e-19    0.0440062 -1.12714e-18   -0.0310551  4.66919e-18 -0.000614356 -3.05047e-18    0.0121627 -1.28831e-18  -0.00288885  1.15244e-18  -0.00269492  8.52841e-19  0.000801603 -7.98835e-19  0.000282581 -8.46898e-21 -3.62577e-05
 1.49768e-19   0.00963652 -2.09884e-19   -0.0320928 -1.12714e-18    0.0452886 -2.80649e-18   -0.0250567    7.477e-18   -0.0067536 -3.02303e-18    0.0131084 -2.43463e-18  -0.00116054  1.58643e-18  -0.00327141  1.44931e-18  0.000515569 -9.83578e-19  0.000293794 -3.46287e-20
 -0.00121821  9.47602e-19    0.0107682  1.46786e-18   -0.0310551 -2.80649e-18    0.0406306 -4.33254e-18   -0.0186454  8.21422e-18   -0.0107263 -1.53627e-18    0.0128058 -4.88715e-18  0.000458461  2.69505e-18  -0.00347003  2.00504e-18  0.000213913 -8.86253e-19  0.000215247
-7.37608e-19  0.000249567  6.09428e-19   0.00640276  4.66919e-18   -0.0250567 -4.33254e-18    0.0349567 -4.91623e-18   -0.0140136   7.9646e-18   -0.0130193 -8.42327e-20    0.0120308 -8.74622e-18   0.00179642  3.92214e-18  -0.00337527  2.38996e-18 -3.15807e-05  -4.7625e-19
  -0.0010549 -1.83323e-18    0.0044735 -1.28896e-18 -0.000614356    7.477e-18   -0.0186454 -4.91623e-18    0.0308386 -5.18023e-18   -0.0111405  1.01293e-17   -0.0144563  6.44508e-19    0.0111739 -1.35829e-17   0.00285539  4.43738e-18  -0.00304546  2.34283e-18 -0.000163357
 1.04279e-18  -0.00293732 -1.90218e-18   0.00917236 -3.05047e-18   -0.0067536  8.21422e-18   -0.0140136 -5.18023e-18     0.028491 -7.14506e-18  -0.00937168  1.72439e-17   -0.0155759  1.10337e-18     0.010362  -1.7767e-17   0.00367108  3.40274e-18  -0.00249079  1.74708e-18
 0.000445671     1.98e-18  -0.00430452 -1.31597e-18    0.0121627 -3.02303e-18   -0.0107263   7.9646e-18   -0.0111405 -7.14506e-18    0.0273888 -1.25268e-17  -0.00822418  2.84932e-17   -0.0166608  1.92487e-18   0.00960662 -1.90202e-17   0.00425206  8.80375e-19  -0.00165293
-7.28163e-19  0.000307507  2.00339e-18   -0.0041971 -1.28831e-18    0.0131084 -1.53627e-18   -0.0130193  1.01293e-17  -0.00937168 -1.25268e-17    0.0271411 -2.09854e-17  -0.00745063  3.97437e-17   -0.0178814  3.72764e-18   0.00886342 -1.63903e-17   0.00453751 -1.10036e-18
 0.000200175 -1.01849e-18 -0.000550341  1.45818e-18  -0.00288885 -2.43463e-18    0.0128058 -8.42327e-20   -0.0144563  1.72439e-17  -0.00822418 -2.09854e-17    0.0276011 -2.98195e-17  -0.00692886  4.53598e-17   -0.0193866  7.15632e-18   0.00802752 -1.20867e-17   0.00425397
 2.57033e-19  0.000582522 -6.14108e-19  -0.00171787  1.15244e-18  -0.00116054 -4.88715e-18    0.0120308  6.44508e-19   -0.0155759  2.84932e-17  -0.00745063 -2.98195e-17    0.0287898 -3.52866e-17  -0.00659003  4.13904e-17   -0.0213572  1.12415e-17   0.00686276 -9.75998e-18
-7.32855e-05  2.24841e-19  0.000899273  1.43208e-19  -0.00269492  1.58643e-18  0.000458461 -8.74622e-18    0.0111739  1.10337e-18   -0.0166608  3.97437e-17  -0.00692886 -3.52866e-17    0.0308719 -3.48025e-17  -0.00638087  3.10614e-17   -0.0240531  1.35823e-17   0.00429955
-5.93617e-20 -5.71414e-05 -6.87374e-20  0.000967116  8.52841e-19  -0.00327141  2.69505e-18   0.00179642 -1.35829e-17     0.010362  1.92487e-18   -0.0178814  4.53598e-17  -0.00659003 -3.48025e-17    0.0342148  -3.0091e-17  -0.00622183  2.93971e-17   -0.0282238  1.80352e-17
 -2.4507e-05 -5.86004e-20  5.19897e-05 -4.57857e-19  0.000801603  1.44931e-18  -0.00347003  3.92214e-18   0.00285539  -1.7767e-17   0.00960662  3.72764e-18   -0.0193866  4.13904e-17  -0.00638087  -3.0091e-17    0.0396205  -3.1261e-17  -0.00591849  4.98032e-17   -0.0331787
 1.85279e-20 -5.95376e-05 -2.69414e-20  0.000189405 -7.98835e-19  0.000515569  2.00504e-18  -0.00337527  4.43738e-18   0.00367108 -1.90202e-17   0.00886342  7.15632e-18   -0.0213572  3.10614e-17  -0.00622183  -3.1261e-17    0.0485411 -5.21311e-17  -0.00470037   6.0498e-17
 4.16434e-06  3.55213e-20 -7.77896e-05 -2.08467e-21  0.000282581 -9.83578e-19  0.000213913  2.38996e-18  -0.00304546  3.40274e-18   0.00425206 -1.63903e-17   0.00802752  1.12415e-17   -0.0240531  2.93971e-17  -0.00591849 -5.21311e-17    0.0672709 -1.01146e-16    0.0271801
-2.75599e-21   1.8054e-06  4.48299e-20 -6.68677e-05 -8.46898e-21  0.000293794 -8.86253e-19 -3.15807e-05  2.34283e-18  -0.00249079  8.80375e-19   0.00453751 -1.20867e-17   0.00686276  1.35823e-17   -0.0282238  4.98032e-17  -0.00470037 -1.01146e-16        0.123 -2.29756e-16
  6.5549e-07  -3.6275e-21 -2.30823e-06  3.70309e-20 -3.62577e-05 -3.46287e-20  0.000215247  -4.7625e-19 -0.000163357  1.74708e-18  -0.00165293 -1.10036e-18   0.00425397 -9.75998e-18   0.00429955  1.80352e-17   -0.0331787   6.0498e-17    0.0271801 -2.29756e-16     0.261504
