   0.0140977 -1.73906e-19   -0.0336261 -7.06582e-19    0.0136567  3.53658e-18    0.0111397 -1.06682e-18  -0.00410323 -9.24489e-19  -0.00455632 -2.13252e-19  9.29894e-05  1.95911e-20   0.00115917  3.20764e-19  0.000340948  6.63278e-20 -3.34642e-05 -1.02129e-20 -1.79562e-05
-1.73906e-19    0.0537262 -6.89851e-20   -0.0598326 -4.95359e-18 -5.04142e-05  5.68306e-18    0.0232916  1.54885e-18   0.00212197 -1.16534e-18   -0.0075678 -1.55514e-18  -0.00241162 -3.87124e-19     0.001149  4.65709e-19  0.000759555   1.9301e-19    9.831e-05   1.2635e-20
  -0.0336261 -6.89851e-20    0.0894966  2.23445e-18   -0.0524124 -1.11237e-17   -0.0230496  3.41908e-18    0.0225342  5.13419e-18    0.0105726  3.63539e-19  -0.00624876  -2.5642e-18  -0.00462697 -1.07308e-18  0.000172763  2.55278e-19  0.000747533  1.90962e-19  0.000134143
-7.06582e-19   -0.0598326  2.23445e-18    0.0875395  6.74639e-18   -0.0265913 -1.37588e-17   -0.0330012 -6.19051e-19    0.0143929  6.79178e-18    0.0148233  2.66122e-18  -0.00308806 -2.38983e-18  -0.00545093  -1.7019e-18 -0.000996819 -1.84505e-19  0.000321623  4.28032e-20
   0.0136567 -4.95359e-18   -0.0524124  6.74639e-18    0.0628145  9.50479e-18   -0.0106211 -1.24308e-17   -0.0322578  -3.9201e-18   0.00785791  6.48879e-18    0.0160595  4.55353e-18  1.15398e-05  -1.4342e-18  -0.00518563 -2.09184e-18  -0.00183553 -5.71503e-19 -0.000100888
 3.53658e-18 -5.04142e-05 -1.11237e-17   -0.0265913  9.50479e-18    0.0462726  9.21916e-18  -0.00613036 -1.03755e-17   -0.0305476 -6.76542e-18   0.00346056  5.49208e-18    0.0162798  5.95673e-18   0.00289765 -2.58518e-19  -0.00397352 -1.95797e-18  -0.00181882 -5.35511e-19
   0.0111397  5.68306e-18   -0.0230496 -1.37588e-17   -0.0106211  9.21916e-18    0.0409623  8.65785e-18  -0.00383494 -9.21252e-18   -0.0297854 -9.41109e-18 -0.000312128  4.56617e-18    0.0158304   7.2685e-18   0.00563133  1.06945e-18  -0.00174427 -1.02351e-18 -0.000842924
-1.06682e-18    0.0232916  3.41908e-18   -0.0330012 -1.24308e-17  -0.00613036  8.65785e-18    0.0383141  9.48587e-18     -0.00157 -9.10012e-18   -0.0291879 -1.15139e-17  -0.00388563  3.80768e-18    0.0146898  8.38944e-18   0.00806616  2.54182e-18  0.000777535  5.45183e-20
 -0.00410323  1.54885e-18    0.0225342 -6.19051e-19   -0.0322578 -1.03755e-17  -0.00383494  9.48587e-18    0.0361674  1.13954e-17   0.00023916 -9.71589e-18   -0.0288032 -1.31928e-17  -0.00749507  2.75319e-18    0.0126378  8.37754e-18   0.00900327  3.19374e-18   0.00158838
-9.24489e-19   0.00212197  5.13419e-18    0.0143929  -3.9201e-18   -0.0305476 -9.21252e-18     -0.00157  1.13954e-17    0.0350639   1.3375e-17   0.00185968 -1.03422e-17   -0.0286341  -1.4953e-17   -0.0114423  3.79554e-19   0.00846598  5.75395e-18   0.00643875  2.02242e-18
 -0.00455632 -1.16534e-18    0.0105726  6.79178e-18   0.00785791 -6.76542e-18   -0.0297854 -9.10012e-18   0.00023916   1.3375e-17     0.034795  1.47289e-17    0.0036122 -1.03115e-17   -0.0285403 -1.73327e-17   -0.0166174 -4.56515e-18   0.00101746   1.0224e-18   0.00175689
-2.13252e-19   -0.0075678  3.63539e-19    0.0148233  6.48879e-18   0.00346056 -9.41109e-18   -0.0291879 -9.71589e-18   0.00185968  1.47289e-17    0.0352927   1.6034e-17   0.00576169 -9.91226e-18   -0.0288645 -2.07401e-17   -0.0230398 -1.07044e-17  -0.00594287 -1.63559e-18
 9.29894e-05 -1.55514e-18  -0.00624876  2.66122e-18    0.0160595  5.49208e-18 -0.000312128 -1.15139e-17   -0.0288032 -1.03422e-17    0.0036122   1.6034e-17    0.0367039  1.82516e-17   0.00812083 -9.58175e-18   -0.0287738 -2.22868e-17   -0.0250764 -1.21654e-17  -0.00584534
 1.95911e-20  -0.00241162  -2.5642e-18  -0.00308806  4.55353e-18    0.0162798  4.56617e-18  -0.00388563 -1.31928e-17   -0.0286341 -1.03115e-17   0.00576169  1.82516e-17    0.0387305  2.15324e-17    0.0116916 -5.86867e-18   -0.0219021 -1.60039e-17   -0.0162254 -6.48916e-18
  0.00115917 -3.87124e-19  -0.00462697 -2.38983e-18  1.15398e-05  5.95673e-18    0.0158304  3.80768e-18  -0.00749507  -1.4953e-17   -0.0285403 -9.91226e-18   0.00812083  2.15324e-17    0.0422449   2.8096e-17    0.0225479  7.65388e-18  -0.00347742 -4.38005e-18  -0.00335399
 3.20764e-19     0.001149 -1.07308e-18  -0.00545093  -1.4342e-18   0.00289765   7.2685e-18    0.0146898  2.75319e-18   -0.0114423 -1.73327e-17   -0.0288645 -9.58175e-18    0.0116916   2.8096e-17    0.0530186  4.24071e-17    0.0433106  2.50967e-17    0.0142131  1.89499e-18
 0.000340948  4.65709e-19  0.000172763  -1.7019e-18  -0.00518563 -2.58518e-19   0.00563133  8.38944e-18    0.0126378  3.79554e-19   -0.0166174 -2.07401e-17   -0.0287738 -5.86867e-18    0.0225479  4.24071e-17     0.072657  5.93023e-17    0.0573711  2.72215e-17    0.0142221
 6.63278e-20  0.000759555  2.55278e-19 -0.000996819 -2.09184e-18  -0.00397352  1.06945e-18   0.00806616  8.37754e-18   0.00846598 -4.56515e-18   -0.0230398 -2.22868e-17   -0.0219021  7.65388e-18    0.0433106  5.93023e-17    0.0829457   5.9087e-17     0.045687  1.31909e-17
-3.34642e-05   1.9301e-19  0.000747533 -1.84505e-19  -0.00183553 -1.95797e-18  -0.00174427  2.54182e-18   0.00900327  5.75395e-18   0.00101746 -1.07044e-17   -0.0250764 -1.60039e-17  -0.00347742  2.50967e-17    0.0573711   5.9087e-17    0.0642102  3.42554e-17    0.0187768
-1.02129e-20    9.831e-05  1.90962e-19  0.000321623 -5.71503e-19  -0.00181882 -1.02351e-18  0.000777535  3.19374e-18   0.00643875   1.0224e-18  -0.00594287 -1.21654e-17   -0.0162254 -4.38005e-18    0.0142131  2.72215e-17     0.045687  3.42554e-17     0.029096  8.93008e-18
-1.79562e-05   1.2635e-20  0.000134143  4.28032e-20 -0.000100888 -5.35511e-19 -0.000842924  5.45183e-20   0.00158838  2.02242e-18   0.00175689 -1.63559e-18  -0.00584534 -6.48916e-18  -0.00335399  1.89499e-18    0.0142221  1.31909e-17    0.0187768  8.93008e-18   0.00585053
