 2.08094e-18   5.0594e-32 -7.67604e-17 -2.93358e-30  1.08521e-15  5.12232e-29 -9.06045e-15 -5.11067e-28  5.13657e-14  3.50089e-27  -2.1141e-13 -1.79029e-26  6.54595e-13  7.14293e-26  -1.5518e-12  -2.2722e-25  2.82693e-12  5.77592e-25 -3.91337e-12 -1.14266e-24   3.9767e-12  1.58396e-24 -2.70956e-12 -7.66418e-25  8.75515e-13 -3.46082e-24  3.13341e-13  1.35685e-23 -4.24995e-13  -3.0346e-23  6.01024e-14  5.05389e-23  1.08012e-13 -6.65293e-23 -3.43598e-14   6.9904e-23 -2.63041e-14 -5.73606e-23  9.17829e-15   3.4044e-23  7.00618e-15 -1.05748e-23 -1.44636e-15 -4.21365e-24 -1.81641e-15  8.46231e-24 -3.88681e-17 -6.31119e-24  3.67357e-16  2.96302e-24  1.04015e-16 -1.00452e-24 -3.86229e-17  3.73608e-25 -3.05195e-17 -2.17096e-25 -3.67394e-18  1.02983e-25  3.54299e-18 -1.58547e-26  1.82969e-18 -8.79846e-27  1.87069e-19  1.43331e-27  -1.6804e-19  3.70662e-27 -8.76745e-20 -2.01687e-27 -1.50022e-20 -4.88911e-29  3.39954e-21  3.97309e-28  2.78605e-21 -1.52159e-28  7.69237e-22   2.4815e-29  6.29112e-23 -3.00323e-30 -3.46337e-23 -4.26318e-31 -1.70653e-23  6.08788e-31 -3.94489e-24  2.24785e-31 -4.06685e-25 -1.66873e-31  6.39736e-26 -3.76561e-32  3.92648e-26   1.8715e-32  9.61413e-27    6.614e-33  1.44662e-27  -1.6335e-33  1.05542e-28 -4.61057e-34 -1.14944e-29  3.96386e-35 -5.37185e-30  1.01846e-35 -1.02337e-30  3.76059e-36 -1.30061e-31  -4.0855e-37 -1.13502e-32 -1.24482e-37 -5.39526e-34  4.21884e-38  1.90214e-35  8.81855e-39  6.84326e-36 -9.45787e-40  7.71184e-37 -5.02972e-40  5.60142e-38 -6.41202e-41  2.82505e-39 -2.15637e-42  9.65429e-41  1.61039e-43   2.2613e-42  9.11506e-45  3.91881e-44  5.34184e-46   5.2688e-46  1.08882e-47
  5.0594e-32  1.10925e-16  1.68275e-30 -2.32102e-15 -6.78677e-29  2.49261e-14  9.53085e-28 -1.72099e-13 -8.11393e-27  8.39589e-13  4.90055e-26 -3.03907e-12 -2.25888e-25  8.37683e-12  8.26902e-25 -1.77758e-11 -2.45472e-24  2.89695e-11  5.94009e-24 -3.55667e-11 -1.15381e-23    3.127e-11  1.69344e-23 -1.70572e-11  -1.4587e-23  2.30097e-12 -8.94931e-24  4.12268e-12  6.76646e-23 -2.52595e-12 -1.63598e-22 -4.19154e-13   2.7451e-22  8.21649e-13 -3.55774e-22   7.8772e-15  3.63907e-22 -2.20306e-13 -2.88411e-22 -4.68364e-15  1.63949e-22  5.39679e-14 -4.78684e-23  7.73901e-15  -1.9118e-23 -1.08685e-14  3.44958e-23  -3.9264e-15 -2.26987e-23  1.27385e-15  8.56843e-24  1.11204e-15 -1.93806e-24  9.68271e-17  7.16593e-25 -1.63349e-16 -6.92408e-25 -7.14089e-17  3.62764e-25   8.5992e-20 -2.64017e-26  1.04718e-17 -5.57032e-26  3.93099e-18  1.31682e-26  1.65426e-19  1.13846e-26 -4.05487e-19 -6.17275e-27 -1.76623e-19   -5.946e-28 -2.72286e-20  1.34608e-27   6.2069e-21 -4.46222e-28  4.77199e-21  9.30582e-29  1.31397e-21 -3.40002e-29  1.40158e-22  3.30109e-30 -3.65093e-23  3.89807e-30 -2.14179e-23  2.80923e-31 -5.38118e-24 -6.33287e-31 -7.41676e-25 -1.40473e-31 -2.49091e-27  6.30624e-32  2.78568e-26   2.7295e-32  8.18461e-27  -4.9068e-33  1.42736e-27 -1.70816e-33  1.59748e-28  5.88948e-35  7.26285e-30  2.04399e-35  -1.3631e-30   1.1158e-35 -4.00264e-31  -3.0534e-37 -5.89129e-32 -7.88007e-38 -5.98008e-33  1.56521e-37 -4.30935e-34  2.28042e-38 -1.97083e-35 -4.23503e-39 -1.92334e-37 -1.61836e-39  5.28219e-38   -1.914e-40  4.89959e-39 -7.03318e-42  2.38065e-40  1.28224e-43  7.36993e-42  8.39803e-45  1.50416e-43  6.62541e-46  1.31057e-45
-7.67604e-17  1.68275e-30  2.90686e-15  3.17163e-29 -4.22475e-14 -9.75265e-28  3.63174e-13  1.13944e-26 -2.12374e-12 -8.41482e-26  9.03548e-12  4.52006e-25  -2.8997e-11 -1.88611e-24  7.14923e-11  6.34309e-24  -1.3609e-10 -1.75478e-23   1.9826e-10  4.02171e-23 -2.14663e-10 -7.56722e-23  1.60315e-10  1.12428e-22  -6.4319e-11 -1.15465e-22 -9.21725e-12   2.6573e-23   2.5318e-11  2.08654e-22 -7.17167e-12 -5.88057e-22 -5.49777e-12  1.01018e-21  3.09253e-12 -1.29643e-21  1.19809e-12   1.2937e-21 -8.58823e-13 -9.89836e-22 -3.34514e-13  5.35997e-22  1.79876e-13 -1.42195e-22  1.03349e-13 -6.51844e-23 -2.12697e-14  9.99136e-23 -2.67085e-14 -5.64541e-23  -2.4772e-15  1.51995e-23  4.43794e-15  -4.5453e-25  1.81577e-15  5.46432e-25 -1.68859e-16 -1.80529e-24  -3.5364e-16  1.01299e-24 -1.01507e-16 -2.99878e-26  1.30914e-17 -1.80084e-25  1.86276e-17   4.3379e-26  5.55017e-18  2.57044e-26 -1.33431e-20 -1.21199e-26 -6.07297e-19 -3.11757e-27 -2.35967e-19  3.33358e-27 -3.54222e-20 -8.71889e-28  6.45595e-21  2.34666e-28  5.19448e-21 -1.41702e-28  1.46613e-21  1.88359e-29  1.95699e-22  1.45977e-29 -1.64805e-23   -3.096e-31 -1.58232e-23 -1.74545e-30 -4.40919e-24 -4.03582e-31 -7.26926e-25   1.4964e-31 -5.60576e-26   7.8217e-32  7.44101e-27 -9.45958e-33  3.57249e-27  -4.1801e-33    7.231e-28 -5.98869e-35  9.68609e-29 -7.36929e-36  8.57423e-30  2.00996e-35  3.15379e-31  2.30172e-36 -4.48655e-32  7.21348e-37 -1.05084e-32  3.99999e-37  -1.2124e-33  3.77702e-38 -9.56573e-35 -1.16116e-38 -5.39025e-36 -3.57581e-39 -2.07217e-37 -3.91895e-40 -4.50989e-39 -1.54258e-41  1.45404e-42 -1.50062e-43  3.45504e-42  4.51668e-46  1.05173e-43  3.94214e-46
-2.93358e-30 -2.32102e-15  3.17163e-29  4.99246e-14   4.1573e-28 -5.51974e-13 -1.02787e-26  3.93009e-12  1.02304e-25 -1.98114e-11 -6.63575e-25  7.42766e-11  3.19158e-24 -2.12696e-10 -1.20961e-23  4.70758e-10  3.74086e-23 -8.04717e-10 -9.63455e-23  1.04558e-09  2.08434e-22 -9.89545e-10 -3.76913e-22  6.08806e-10  5.54471e-22 -1.43262e-10 -6.10553e-22 -1.11016e-10  3.44338e-22  9.82848e-11  4.11297e-22 -7.30166e-13  -1.6155e-21 -2.89382e-11   2.9074e-21  4.76378e-12 -3.72131e-21  7.58355e-12  3.63274e-21 -1.31489e-12 -2.68356e-21 -1.99175e-12  1.37784e-21  1.03924e-13 -3.19959e-22  4.77998e-13 -1.86024e-22  7.11673e-14  2.36196e-22 -8.41336e-14 -1.11294e-22 -3.65538e-14  1.52616e-23  5.30416e-15  8.55191e-24  8.25135e-15 -8.17558e-25  1.86726e-15 -4.29183e-24  -6.6396e-16  2.43022e-24 -5.23555e-16 -3.65815e-26 -1.03036e-16 -4.15246e-25  2.95502e-17  9.24435e-26  2.41559e-17  4.93281e-26  6.08073e-18 -1.66111e-26 -1.72995e-19 -1.05432e-26 -6.62208e-19  6.93835e-27 -2.41076e-19 -1.24977e-27 -3.75883e-20  4.57188e-28  4.03257e-21 -4.04717e-28  4.05722e-21  5.78717e-29  1.20272e-21  4.10504e-29  1.90962e-22 -2.16257e-30  3.79308e-24 -3.99692e-30 -7.30316e-24 -9.95947e-31 -2.40257e-24  2.82489e-31 -4.51405e-25  1.78602e-31 -5.25308e-26 -1.18968e-32 -1.87355e-27 -7.66424e-33   7.2954e-28 -5.41387e-34  2.02982e-28 -1.65092e-34  3.11145e-29  2.27783e-35  3.30894e-30   1.1018e-35  2.42165e-31  3.18848e-36  9.33699e-33  8.03662e-37 -3.45351e-34  4.34528e-38 -9.02173e-35 -2.38166e-38 -8.02618e-36 -6.21498e-39 -4.48931e-37 -6.26405e-40  -1.6748e-38 -2.51772e-41 -3.98565e-40 -5.13036e-43 -4.81148e-42 -6.31999e-45 -8.79743e-45
 1.08521e-15 -6.78677e-29 -4.22475e-14   4.1573e-28  6.32103e-13  4.15875e-27 -5.60279e-12 -8.56044e-26  3.38449e-11  7.38558e-25 -1.49072e-10 -4.24816e-24  4.96605e-10   1.8392e-23 -1.27531e-09 -6.34718e-23  2.54037e-09  1.80608e-22  -3.8993e-09 -4.32631e-22   4.4999e-09  8.81318e-22 -3.67118e-09 -1.52393e-21  1.75882e-09  2.19271e-21 -2.91293e-11 -2.47684e-21 -5.58353e-10  1.79374e-21   2.4963e-10  2.84022e-22  9.19066e-11 -3.55049e-21 -9.34497e-11  6.93643e-21 -1.40833e-11 -8.93356e-21  2.62709e-11  8.55929e-21  4.07414e-12 -6.10817e-21 -6.30781e-12  2.96173e-21 -1.76913e-12 -5.73903e-22  1.14836e-12 -4.57192e-22   6.2936e-13  4.80354e-22 -8.52057e-14 -1.82335e-22 -1.48146e-13 -6.21828e-24 -2.86734e-14  3.23167e-23  1.70175e-14 -3.70022e-24  1.06301e-14 -9.30791e-24  1.12162e-15  5.07754e-24 -1.15769e-15 -7.30784e-26 -5.94961e-16 -7.64852e-25 -8.02695e-17  1.46296e-25  4.02399e-17  8.46229e-26  2.47783e-17 -1.39947e-26  5.57645e-18 -2.68646e-26 -1.80747e-19  1.28231e-26 -5.57512e-19 -1.19024e-27 -1.97891e-19  7.10718e-28 -3.32821e-20 -9.27682e-28  9.47189e-22  1.34452e-28  2.32298e-21  9.55091e-29  7.46214e-22 -5.51542e-30  1.35318e-22 -7.99739e-30  1.11178e-23 -2.17854e-30 -1.72491e-24  4.37259e-31  -8.6289e-25  3.43802e-31 -1.85031e-25 -4.77501e-33 -2.58933e-26  -1.0753e-32 -2.26209e-27 -1.64637e-33 -3.76092e-29  -5.8318e-34  2.60816e-29   9.2955e-36  5.30726e-30   3.0192e-35  6.32145e-31  8.12587e-36  5.30346e-32  1.33557e-36  3.15843e-33  2.86732e-38  1.19495e-34  -3.9676e-38  1.26419e-36 -8.93889e-39 -1.56197e-37 -8.16449e-40 -1.07803e-38 -3.16392e-41 -3.30079e-40 -6.86156e-43 -4.50246e-42 -5.98003e-45
 5.12232e-29  2.49261e-14 -9.75265e-28 -5.51974e-13  4.15875e-27  6.29224e-12  3.35156e-26 -4.62723e-11 -5.88613e-25  2.41402e-10  4.46075e-24 -9.38939e-10 -2.29268e-23  2.79776e-09   8.9724e-23 -6.46874e-09 -2.82473e-22   1.1615e-08   7.3964e-22 -1.59871e-08 -1.64601e-21  1.62776e-08  3.15073e-21 -1.11954e-08 -5.19156e-21  3.68814e-09  7.25332e-21  1.32784e-09 -8.22071e-21  -1.8855e-09  6.63394e-21  3.14037e-10 -1.55939e-21  4.86362e-10  -6.2808e-21  -1.8202e-10  1.41484e-20 -1.18969e-10 -1.85413e-20  5.28715e-11  1.75016e-20  3.28767e-11  -1.2078e-20  -1.0187e-11  5.51173e-21  -9.2897e-12 -8.30655e-22  6.03227e-13 -9.80768e-22   2.1516e-12  8.62377e-22  4.27531e-13 -2.51233e-22 -2.99363e-13 -7.02205e-23 -1.72185e-13  7.81438e-23 -4.63492e-15 -7.47819e-24  2.68015e-14 -1.82357e-23  1.04607e-14  9.35869e-24  2.34229e-17 -1.89401e-25 -1.41327e-15 -1.18685e-24 -5.53306e-16  1.81712e-25 -5.09505e-17  1.31928e-25  4.02836e-17  6.27531e-28  2.09708e-17 -5.57527e-26  4.45197e-18  2.17105e-26  -6.4419e-20 -6.37979e-29 -3.69492e-19  8.45749e-28 -1.32537e-19 -1.83408e-27  -2.4354e-20  2.62317e-28 -9.30759e-22  1.93237e-28  9.37662e-22 -9.48603e-30  3.48047e-22 -1.43429e-29  7.04193e-23 -4.28955e-30  8.47475e-24  5.46794e-31  1.87487e-25  5.75668e-31 -1.79295e-25  2.24723e-32 -4.88824e-26 -1.07402e-32 -7.76806e-27 -3.50711e-33 -8.50771e-28 -1.36387e-33 -6.01397e-29 -2.30301e-35 -1.19094e-30  6.32807e-35  3.46385e-31  1.56571e-35   5.7166e-32  1.88528e-36  5.19066e-33 -1.25529e-38  3.22144e-34 -5.59537e-38  1.39366e-35 -1.08894e-38  3.97316e-37 -8.81871e-40  6.23744e-39 -3.09246e-41  1.60378e-41 -5.56464e-43 -4.29955e-43
-9.06045e-15  9.53085e-28  3.63174e-13 -1.02787e-26 -5.60279e-12  3.35156e-26  5.12898e-11  2.25489e-25 -3.20585e-10 -3.44052e-24   1.4643e-09  2.31418e-23 -5.07226e-09 -1.06936e-22  1.35907e-08  3.79583e-22 -2.83749e-08 -1.09161e-21  4.59515e-08  2.62949e-21 -5.65546e-08 -5.42874e-21  5.02813e-08  9.74421e-21 -2.80617e-08   -1.526e-20  4.15228e-09  2.06105e-20  6.90412e-09 -2.31564e-20 -4.58674e-09  1.96852e-20 -5.67241e-10 -8.42929e-21  1.53113e-09 -8.57475e-21 -7.21692e-11  2.51234e-20 -4.25159e-10 -3.39819e-20  2.21917e-11  3.17378e-20  1.11355e-10 -2.12115e-20  6.66426e-12  9.08542e-21 -2.53364e-11 -9.42568e-22   -6.544e-12  -1.8562e-21  3.90772e-12  1.38625e-21   2.3823e-12 -2.84756e-22 -5.35312e-14 -1.98815e-22 -4.53341e-13  1.50406e-22 -1.44357e-13 -1.02474e-23  2.24123e-14 -3.22855e-23  3.03019e-14  1.54776e-23  8.28992e-15 -4.86692e-25 -8.34283e-16 -1.59514e-24 -1.35618e-15  1.87871e-25  -4.3915e-16  1.87288e-25 -2.90624e-17  2.56451e-26  3.16613e-17 -9.86919e-26  1.49541e-17  3.44468e-26  3.13572e-18  3.00907e-27  5.99127e-20  5.88138e-28 -1.91286e-19 -3.25857e-27 -7.21727e-20  4.50504e-28   -1.447e-20  3.50151e-28 -1.27897e-21 -1.13169e-29  2.23166e-22 -2.34256e-29  1.17685e-22  -7.6853e-30   2.6667e-23  5.04162e-31  3.86436e-24  8.55172e-31  3.21179e-25  7.95828e-32 -6.28057e-27 -4.34133e-33 -7.28196e-27 -5.91219e-33 -1.40311e-27  -2.4795e-33  -1.7218e-28 -5.86719e-35 -1.49913e-29  1.11084e-34 -8.89589e-31  2.48807e-35 -2.58801e-32  2.29801e-36  1.10597e-33 -7.58242e-38  1.89075e-34  -6.8227e-38  1.21585e-35 -1.13472e-38  4.65854e-37 -7.91036e-40  1.06151e-38 -2.32642e-41  1.13677e-40 -2.65573e-43
-5.11067e-28 -1.72099e-13  1.13944e-26  3.93009e-12 -8.56044e-26 -4.62723e-11  2.25489e-25  3.52075e-10  1.29871e-24 -1.90432e-09 -1.74558e-23  7.69804e-09  1.05081e-22 -2.39114e-08 -4.38795e-22   5.7857e-08  1.41672e-21   -1.093e-07 -3.72515e-21  1.59563e-07  8.24923e-21 -1.74756e-07 -1.57713e-20  1.33502e-07  2.64858e-20 -5.61432e-08 -3.93375e-20 -6.39487e-09  5.12249e-20  2.23871e-08 -5.66729e-20 -7.46669e-09  4.93856e-20 -4.68061e-09 -2.64217e-20  3.26084e-09 -7.33173e-21  9.45778e-10  3.92399e-20 -9.61943e-10 -5.58129e-20  -2.6854e-10  5.18241e-20  2.27785e-10 -3.36065e-20  9.48453e-11  1.34865e-20 -3.72495e-11 -7.25448e-22 -2.91525e-11 -3.12988e-21  7.22904e-13  2.01139e-21  6.09489e-12 -2.38669e-22  1.71742e-12  -4.0821e-22 -5.40542e-13   2.4793e-22 -4.79658e-13 -9.01405e-24 -8.68175e-14  -5.2017e-23  3.95556e-14  2.33739e-23  2.73522e-14 -1.17058e-24  5.49838e-15 -1.87934e-24 -1.15585e-15  1.98283e-25  -1.0768e-15  2.41112e-25 -3.06052e-16  4.67957e-26 -1.74718e-17 -1.53758e-25  1.99934e-17  5.21614e-26  9.04216e-18  9.14712e-27  1.93627e-18 -4.38446e-28  1.13639e-19 -5.33711e-27 -7.41114e-20  6.96662e-28 -3.13859e-20  5.79148e-28 -6.84291e-21 -6.11127e-30 -8.47925e-22 -3.52774e-29  -3.6614e-24 -1.26327e-29  2.60925e-23  1.93569e-31  7.09621e-24  1.14141e-30  1.16195e-24  1.69429e-31  1.28381e-25  1.09375e-32  8.04888e-27 -8.15301e-33 -2.06403e-28 -3.69456e-33 -1.28909e-28 -5.97924e-35 -1.88887e-29  1.70607e-34 -1.77686e-30  3.40287e-35 -1.18689e-31   2.4478e-36 -5.55342e-33 -1.45202e-37 -1.61881e-34 -7.25654e-38 -1.50446e-36 -1.01258e-38  8.32093e-38 -5.83778e-40  3.29059e-39 -1.29072e-41  3.20147e-41
 5.13657e-14 -8.11393e-27 -2.12374e-12  1.02304e-25  3.38449e-11 -5.88613e-25 -3.20585e-10  1.29871e-24  2.07734e-09  6.52334e-24 -9.85869e-09 -7.80779e-23  3.55784e-08  4.23534e-22 -9.96541e-08 -1.60518e-21  2.18475e-07  4.72541e-21 -3.73886e-07 -1.13678e-20  4.91193e-07  2.31187e-20  -4.7515e-07 -4.08372e-20  3.03836e-07  6.39991e-20 -8.01877e-08 -8.99733e-20 -5.26145e-08  1.12804e-19   5.3709e-08 -1.22487e-19 -3.72374e-09  1.07844e-19 -1.57545e-08 -6.44812e-20  4.03074e-09  2.68439e-21  4.15889e-09  5.41297e-20 -1.24383e-09 -8.30332e-20 -1.15555e-09  7.70494e-20  2.11925e-10 -4.85911e-20   3.1278e-10  1.82601e-20   8.8233e-12  -3.8012e-23 -6.74955e-11 -4.74314e-21  -1.9336e-11  2.64479e-21  7.92988e-12 -6.65901e-23   6.1448e-12 -7.02693e-22  6.42182e-13     3.63e-22 -8.05978e-13 -4.03948e-25 -3.97357e-13 -7.68891e-23 -3.15245e-14  3.27158e-23  4.25436e-14 -2.60718e-24  2.07708e-14 -1.93099e-24  3.17658e-15  3.18327e-25 -1.02087e-15  2.78998e-25 -7.26108e-16  3.41086e-26 -1.90368e-16 -2.16056e-25 -1.21004e-17  7.63956e-26  1.01166e-17  1.96509e-26  4.61114e-18 -2.62284e-27  1.02899e-18 -8.18741e-27  9.89159e-20  9.79847e-28 -1.87209e-20  8.85812e-28 -1.05175e-20  1.23238e-29 -2.51309e-21  -4.9571e-29 -3.73695e-22 -1.91752e-29 -2.79779e-23 -4.57292e-31  2.41669e-24  1.37813e-30  1.21061e-24   2.8293e-31  2.28504e-25  3.55083e-32  2.86492e-26 -9.05803e-33  2.50821e-27 -4.57948e-33  1.33447e-28   2.3617e-35 -9.38338e-32  2.34974e-34 -8.48902e-31  4.10881e-35 -9.73159e-32  2.30345e-36 -6.58048e-33 -1.98424e-37 -2.98018e-34 -6.73494e-38 -8.87511e-36 -7.68873e-39 -1.54932e-37 -3.45995e-40 -1.12991e-39  -4.6302e-42
 3.50089e-27  8.39589e-13 -8.41482e-26 -1.98114e-11  7.38558e-25  2.41402e-10 -3.44052e-24 -1.90432e-09  6.52334e-24  1.07011e-08  2.89814e-23 -4.50526e-08 -3.11579e-22  1.46184e-07  1.53173e-21 -3.70916e-07  -5.2888e-21  7.38624e-07  1.42267e-20 -1.14539e-06 -3.13267e-20  1.34978e-06  5.84295e-20 -1.14008e-06 -9.50907e-20  5.82734e-07  1.38636e-19 -3.69909e-08  -1.8414e-19 -1.79064e-07  2.22207e-19  9.60533e-08 -2.36595e-19  2.43145e-08  2.08861e-19 -3.59614e-08 -1.32877e-19  -1.6758e-09  2.80401e-20   1.0522e-08  6.57645e-20  3.89672e-10 -1.12783e-19 -2.77697e-09  1.05168e-19 -4.02974e-10 -6.46743e-20  6.11226e-10  2.27834e-20  2.15682e-10  1.13288e-21 -8.34186e-11 -6.50854e-21 -6.76121e-11  3.15226e-21 -3.64247e-12  2.68879e-22  1.14713e-11  -1.0721e-21  4.57146e-12  4.82289e-22 -2.57339e-13  1.84191e-23 -8.05784e-13 -1.04871e-22 -2.71624e-13  4.28635e-23  2.74397e-15 -5.34934e-24  3.52068e-14 -1.65988e-24  1.37079e-14   7.3231e-25   1.6847e-15  2.84953e-25 -6.84352e-16 -5.50439e-26 -4.20582e-16 -2.79998e-25 -1.06043e-16  1.08971e-25 -8.66431e-18  3.58504e-26  3.97392e-18 -6.22114e-27  1.95116e-18 -1.18723e-26  4.59255e-19  1.25783e-27   5.8409e-20  1.26474e-27 -1.06392e-21  4.92389e-29 -2.52327e-21 -6.58555e-29 -6.91226e-22 -2.70328e-29 -1.15731e-22 -1.43155e-30 -1.25534e-23  1.50524e-30 -5.74263e-25  3.98551e-31  9.22921e-26  6.73071e-32  2.67043e-26 -7.27974e-33  3.77101e-27 -4.64396e-33  3.65389e-28  2.29876e-34  2.52697e-29  2.94434e-34  1.15955e-30  4.45447e-35  2.25975e-32  1.94034e-36 -1.20595e-33 -2.17291e-37 -1.22704e-34 -5.42247e-38  -4.9643e-36 -4.89324e-39 -1.00658e-37  -1.5623e-40  -7.1736e-40
 -2.1141e-13  4.90055e-26  9.03548e-12 -6.63575e-25 -1.49072e-10  4.46075e-24   1.4643e-09 -1.74558e-23 -9.85869e-09  2.89814e-23  4.87229e-08  1.15135e-22 -1.83602e-07  -1.1197e-21  5.38795e-07  5.01279e-21 -1.24301e-06 -1.58219e-20  2.25224e-06  3.89665e-20 -3.16244e-06 -7.85639e-20  3.32567e-06   1.3417e-19 -2.40915e-06 -2.00479e-19  8.95813e-07  2.70872e-19  2.27347e-07 -3.39272e-19 -4.35938e-07  3.94377e-19  1.10217e-07 -4.12225e-19  1.06031e-07  3.63534e-19 -5.72672e-08 -2.39828e-19 -2.43286e-08  7.45257e-20  1.78016e-08  6.94171e-20  6.96659e-09  -1.4067e-19 -4.20061e-09  1.32579e-19 -2.29224e-09 -7.97436e-20  6.18367e-10  2.64124e-20   6.5902e-10  2.63096e-21  2.93615e-11 -8.13714e-21 -1.28232e-10  3.38951e-21 -4.52085e-11  7.86612e-22  8.75078e-12 -1.49384e-21  1.09259e-11  5.88944e-22  2.56752e-12  4.90835e-23 -6.98158e-13 -1.32135e-22 -6.36883e-13  5.27522e-23 -1.58665e-13 -1.01124e-23  1.50979e-14  -9.9237e-25   2.4074e-14  1.68063e-24  8.03192e-15  2.46245e-25  8.71919e-16 -2.65985e-25 -3.63316e-16 -3.42497e-25 -2.09288e-16  1.51406e-25 -5.24275e-17  5.88139e-26 -5.54488e-18 -1.12046e-26  1.09972e-18 -1.63472e-26  6.65205e-19  1.47501e-27  1.67327e-19  1.69796e-27  2.52861e-20  1.05818e-28  1.55242e-21 -8.39649e-29 -3.47423e-22 -3.56146e-29 -1.33265e-22 -2.62076e-30 -2.49713e-23  1.47082e-30 -3.15379e-24  4.88085e-31 -2.64484e-25   1.0257e-31 -9.38403e-27 -1.78585e-33  1.17149e-27 -3.54751e-33  2.59005e-28  5.58889e-34  2.75498e-29  3.38333e-34  1.97515e-30  4.38639e-35  9.96144e-32  1.49081e-36  3.39506e-33  -1.9733e-37  6.74697e-35 -3.74264e-38  3.77051e-37 -2.53661e-39  -8.7918e-39 -4.67667e-41
-1.79029e-26 -3.03907e-12  4.52006e-25  7.42766e-11 -4.24816e-24 -9.38939e-10  2.31418e-23  7.69804e-09 -7.80779e-23 -4.50526e-08  1.15135e-22  1.98029e-07  4.12553e-22 -6.72864e-07 -3.65033e-21  1.79459e-06  1.49451e-20 -3.77548e-06 -4.32516e-20  6.23058e-06   9.7708e-20 -7.90681e-06 -1.80422e-19   7.3613e-06  2.81569e-19 -4.44109e-06 -3.84648e-19  9.24045e-07  4.79321e-19  9.80694e-07 -5.65048e-19 -8.21867e-07  6.34141e-19 -7.44058e-09 -6.52756e-19  2.67134e-07  5.74432e-19 -4.79022e-08 -3.87049e-19 -7.48396e-08  1.44232e-19  1.61028e-08  6.13031e-20  2.11437e-08 -1.61714e-19 -2.31347e-09  1.54973e-19 -5.64937e-09 -9.14639e-20 -5.02046e-10  2.86228e-20  1.17537e-09  4.16483e-21  4.15757e-10 -9.31705e-21 -1.20025e-10  3.24516e-21 -1.18621e-10  1.48239e-21 -1.82813e-11  -1.9384e-21  1.38307e-11  6.64639e-22  8.08435e-12  9.19244e-23  1.02118e-12 -1.52936e-22  -7.3178e-13  6.07606e-23 -4.23886e-13 -1.76967e-23 -8.18464e-14  1.40541e-25  1.41922e-14  3.40771e-24   1.4022e-14   1.5891e-25  4.22749e-15 -6.32075e-25  4.56232e-16 -4.05396e-25 -1.51981e-16  2.03923e-25 -8.85745e-17  8.89238e-26 -2.25784e-17 -1.71682e-26 -2.94242e-18  -2.1405e-26  1.34782e-19  1.58314e-27  1.73307e-19  2.15653e-27  4.80627e-20  1.76529e-28  8.15019e-21 -1.04402e-28  8.34173e-22 -4.41984e-29  1.06183e-23 -3.88373e-30  -1.5153e-23  1.24024e-30 -3.53723e-24  5.26873e-31 -4.93368e-25  1.37243e-31 -4.83345e-26  7.61142e-33 -3.25894e-27   -1.288e-33 -1.16066e-28  9.58714e-34  3.57177e-30  3.57732e-34  8.55953e-31  3.95271e-35  6.56703e-32  1.07175e-36  3.03259e-33 -1.49832e-37  8.70268e-35 -2.17227e-38  1.37823e-36 -1.01251e-39  7.80813e-39
 6.54595e-13 -2.25888e-25  -2.8997e-11  3.19158e-24  4.96605e-10 -2.29268e-23 -5.07226e-09  1.05081e-22  3.55784e-08 -3.11579e-22 -1.83602e-07  4.12553e-22  7.24382e-07  1.34252e-21 -2.23308e-06 -1.08602e-20  5.43511e-06  4.08123e-20  -1.0451e-05 -1.08599e-19  1.57112e-05  2.25426e-19 -1.79602e-05 -3.81297e-19  1.46257e-05  5.42522e-19 -6.97028e-06 -6.74003e-19 -8.14854e-08  7.69856e-19  2.53986e-06  -8.5257e-19 -1.17006e-06  9.27833e-19 -4.33782e-07 -9.45604e-19   4.8616e-07  8.30765e-19   5.6371e-08 -5.65984e-19 -1.49599e-07  2.32987e-19 -1.46452e-08  4.02707e-20  4.02607e-08 -1.71627e-19   8.2084e-09   1.6826e-19 -8.78291e-09 -9.77538e-20 -3.72337e-09  2.90926e-20  1.09868e-09  5.40787e-21  1.09927e-09 -9.81762e-21  1.08126e-10  2.68175e-21 -1.75476e-10  2.33075e-21 -8.03792e-11 -2.37653e-21   4.4628e-13  6.90875e-22  1.29036e-11  1.46484e-22  4.94611e-12 -1.59911e-22  1.84894e-13  6.47371e-23 -5.56138e-13 -2.88599e-23 -2.45856e-13  1.80571e-24 -3.87478e-14  6.09037e-24  8.91705e-15  3.28064e-26  7.04015e-15 -1.15997e-24  2.00151e-15 -4.75662e-25  2.35642e-16  2.64339e-25 -4.73806e-17   1.2541e-25 -3.12155e-17 -2.33498e-26 -8.25624e-18 -2.66448e-26  -1.2547e-18  1.56947e-27 -5.14262e-20   2.6056e-27  3.05704e-20  2.48573e-28  1.03451e-20 -1.28459e-28  1.92956e-21 -5.22353e-29  2.40201e-22 -5.14359e-30  1.76163e-23  8.01746e-31 -1.84598e-25  5.03554e-31 -2.72539e-25  1.68066e-31 -4.57377e-26  1.99203e-32 -4.81114e-27  1.73527e-33  -3.5888e-28  1.33672e-33 -1.88558e-29  3.48076e-34 -6.21836e-31  3.27121e-35  -6.1811e-33   7.3981e-37  4.87903e-34 -9.45791e-38  2.45678e-35 -1.02715e-38  4.23263e-37 -2.70005e-40
 7.14293e-26  8.37683e-12 -1.88611e-24 -2.12696e-10   1.8392e-23  2.79776e-09 -1.06936e-22 -2.39114e-08  4.23534e-22  1.46184e-07  -1.1197e-21 -6.72864e-07  1.34252e-21   2.4012e-06   3.9898e-21 -6.75119e-06 -2.96294e-20  1.50462e-05  1.02536e-19  -2.6487e-05 -2.51503e-19  3.62469e-05  4.80478e-19 -3.71323e-05 -7.44469e-19  2.59563e-05  9.63024e-19 -8.73274e-06 -1.08074e-18 -3.38971e-06  1.12223e-18  5.03104e-06  -1.1657e-18 -1.00914e-06   1.2398e-18 -1.35697e-06 -1.26101e-18  6.27023e-07  1.10731e-18  3.35869e-07 -7.56766e-19 -2.06207e-07   3.2954e-19 -9.80987e-08   8.7614e-21  4.93785e-08 -1.68002e-19  3.18026e-08  1.69529e-19  -6.8002e-09 -9.71961e-20 -8.99555e-09  2.77174e-20 -7.34385e-10  6.11375e-21  1.70769e-09 -9.58038e-21  6.79566e-10  1.76172e-21 -9.61686e-11  3.29253e-21   -1.552e-10 -2.78581e-21  -4.1495e-11  6.49727e-22  8.29384e-12   2.1224e-22  9.28941e-12 -1.45028e-22  2.59494e-12   6.2332e-23  -1.1184e-13 -4.41343e-23 -3.43745e-13  4.04498e-24 -1.26905e-13  9.76285e-24 -1.75544e-14 -1.05388e-25  4.24634e-15 -1.82014e-24  3.04535e-15 -5.62894e-25  8.44609e-16  3.27347e-25  1.12802e-16  1.66015e-25 -8.85869e-18 -2.87655e-26 -8.82861e-18 -3.14852e-26  -2.4839e-18  1.48024e-27 -4.21539e-19  3.01167e-27 -3.81206e-20  3.04305e-28  2.05053e-21 -1.57922e-28  1.51319e-21 -5.96422e-29  3.21892e-22 -6.46355e-30    4.442e-23  1.70162e-31  4.25317e-24  4.24352e-31  2.46736e-25   1.9271e-31 -3.65897e-28  3.30331e-32  -1.9251e-27   4.8317e-33 -2.44121e-28  1.59314e-33 -1.85067e-29  3.10938e-34 -9.54808e-31  2.48479e-35 -3.32334e-32  4.95332e-37 -7.14087e-34 -4.87401e-38 -7.48624e-36 -3.73104e-39 -1.37844e-38
 -1.5518e-12  8.26902e-25  7.14923e-11 -1.20961e-23 -1.27531e-09   8.9724e-23  1.35907e-08 -4.38795e-22 -9.96541e-08  1.53173e-21  5.38795e-07 -3.65033e-21 -2.23308e-06   3.9898e-21  7.25515e-06  1.08785e-20  -1.8688e-05 -7.44278e-20   3.8245e-05  2.37872e-19 -6.16977e-05 -5.39069e-19  7.67267e-05  9.49201e-19 -6.98877e-05 -1.34697e-18  4.06582e-05  1.57849e-18 -6.82171e-06 -1.58588e-18 -1.05467e-05  1.47998e-18  7.94274e-06 -1.44116e-18  4.93101e-07  1.51845e-18 -2.79946e-06 -1.55818e-18  3.86956e-07  1.36854e-18  8.24445e-07 -9.31089e-19 -1.44762e-07  4.17357e-19 -2.39336e-07 -2.74511e-20  1.81057e-08 -1.51062e-19  6.48216e-08   1.5773e-19  7.67062e-09 -8.92709e-20 -1.35148e-08  2.45932e-20 -5.27739e-09  6.18537e-21  1.29957e-09 -8.76276e-21  1.46906e-09  6.50428e-22  2.61155e-10  4.32532e-21 -1.63859e-10   -3.155e-21 -1.04827e-10  5.24951e-22  -1.5633e-11  2.89009e-22  8.74508e-12 -1.01248e-22  5.59412e-12  5.16353e-23  1.20406e-12 -6.35892e-23 -1.39049e-13  6.82995e-24 -1.80125e-13  1.42595e-23 -5.89539e-14 -2.13262e-25   -7.816e-15 -2.54671e-24  1.54261e-15 -6.75212e-25  1.12201e-15  3.84575e-25   3.1185e-16  2.06993e-25  4.71044e-17 -3.24143e-26  5.29428e-19 -3.52341e-26 -1.86709e-18  1.42674e-27 -5.90188e-19     3.35e-27 -1.09086e-19  3.26077e-28 -1.29307e-20 -1.94403e-28 -6.53029e-22  -6.6893e-29  1.08242e-22 -8.03982e-30  3.43145e-23 -6.10105e-31  5.25297e-24  3.09777e-31  5.50716e-25  2.09198e-31  4.10664e-26  4.42525e-32  1.99615e-27  7.26282e-33    3.368e-29  1.66109e-33 -3.65875e-30  2.53914e-34 -3.71793e-31  1.72351e-35 -1.74795e-32  3.15511e-37  -4.5998e-34 -1.97887e-38 -5.78641e-36 -9.01372e-40
 -2.2722e-25 -1.77758e-11  6.34309e-24  4.70758e-10 -6.34718e-23 -6.46874e-09  3.79583e-22   5.7857e-08 -1.60518e-21 -3.70916e-07  5.01279e-21  1.79459e-06 -1.08602e-20 -6.75119e-06  1.08785e-20  2.00821e-05   2.7318e-20 -4.75745e-05 -1.72724e-19  8.96065e-05  5.11139e-19 -0.000132517 -1.07243e-18  0.000149309  1.74263e-18 -0.000119504 -2.26351e-18  5.47122e-05  2.39164e-18  3.58434e-06 -2.12423e-18   -2.255e-05   1.7511e-18  9.59693e-06 -1.60202e-18  4.33169e-06   1.7125e-18 -4.34278e-06 -1.79738e-18 -6.63417e-07  1.57688e-18  1.40298e-06 -1.05863e-18  1.76254e-07   4.7881e-19 -3.90343e-07 -6.06524e-20  -8.9506e-08 -1.23803e-19  8.70904e-08  1.33887e-19  3.96586e-08 -7.43615e-20 -1.08185e-08  2.00138e-20 -1.17741e-08  5.65866e-21 -1.32954e-09 -7.71991e-21   1.8835e-09 -4.05556e-22  9.09763e-10  5.39328e-21   9.2404e-12 -3.48488e-21 -1.44034e-10  3.04316e-22 -5.82097e-11  3.76588e-22 -3.21421e-12 -2.46518e-23  6.23653e-12   3.1914e-23  2.93077e-12 -8.65708e-23  5.11327e-13  1.00189e-23 -8.67611e-14  1.91978e-23 -8.12753e-14  -2.3902e-25 -2.46816e-14 -3.24797e-24 -3.38603e-15 -8.15656e-25  3.93008e-16  4.25507e-25   3.4384e-16  2.43555e-25  9.81515e-17 -3.34867e-26  1.64156e-17 -3.72042e-26  1.14953e-18  1.56699e-27 -2.43156e-19  3.60926e-27 -1.03988e-19  3.01646e-28 -2.10113e-20 -2.38489e-28 -2.83065e-21 -7.47904e-29 -2.48206e-22 -1.00931e-29 -7.78058e-24  -1.4643e-30  1.64795e-24  1.85895e-31  3.55374e-25  2.15446e-31  4.01437e-26  5.11351e-32  3.11215e-27  8.50891e-33  1.71181e-28  1.53253e-33  6.36471e-30  1.88388e-34  1.32651e-31  1.08073e-35  1.65041e-34   1.8268e-37  -5.7539e-35 -5.90072e-39 -7.80138e-37
 2.82693e-12 -2.45472e-24  -1.3609e-10  3.74086e-23  2.54037e-09 -2.82473e-22 -2.83749e-08  1.41672e-21  2.18475e-07  -5.2888e-21 -1.24301e-06  1.49451e-20  5.43511e-06 -2.96294e-20  -1.8688e-05   2.7318e-20  5.11477e-05  6.33902e-20 -0.000111816 -3.71407e-19  0.000194176  1.02004e-18  -0.00026315 -1.98508e-18  0.000267373  2.97954e-18 -0.000184642 -3.53827e-18  5.89708e-05  3.34833e-18  2.84534e-05  -2.5795e-18 -3.83974e-05  1.82482e-18  6.88954e-06 -1.58379e-18  1.10738e-05  1.79213e-18 -4.88721e-06 -1.95276e-18 -2.87082e-06  1.70195e-18  1.69967e-06 -1.11517e-18  8.61829e-07  5.00458e-19 -4.24047e-07 -8.30668e-20  -2.8602e-07 -9.15585e-20   6.0111e-08   1.0076e-19  8.31869e-08 -5.35626e-20  7.15344e-09  1.45096e-20 -1.62549e-08  4.61006e-21 -6.62022e-09 -6.93176e-21  9.23167e-10 -1.12226e-21  1.54597e-09  6.47273e-21  4.24607e-10 -3.78457e-21 -8.14584e-11 -1.66002e-23 -9.56003e-11  4.73609e-22 -2.76184e-11  8.35137e-23  8.18344e-13  4.12698e-24  3.55781e-12 -1.11507e-22  1.36666e-12  1.33487e-23  2.06357e-13  2.40209e-23 -3.86971e-14 -1.31505e-25 -3.16014e-14 -3.82536e-24 -9.23047e-15 -9.81258e-25 -1.36745e-15   4.3902e-25  4.28439e-17  2.70692e-25  8.39873e-17 -3.15231e-26  2.54642e-17 -3.68489e-26  4.61332e-18  2.06536e-27  4.90056e-19  3.79135e-27  8.70852e-22   2.2791e-28 -1.18646e-20 -2.88981e-28 -2.83635e-21 -8.39677e-29 -4.14802e-22 -1.27049e-29 -4.24958e-23 -2.29273e-30 -2.91436e-24  7.49404e-32 -8.57296e-26   2.0962e-31  7.95326e-27  5.23171e-32  1.39078e-27  8.43614e-33  1.11332e-28  1.25726e-33  5.70279e-30  1.25966e-34  1.90742e-31  6.03145e-36  3.82906e-33  9.04975e-38  3.58559e-35 -1.08882e-39
 5.77592e-25  2.89695e-11 -1.75478e-23 -8.04717e-10  1.80608e-22   1.1615e-08 -1.09161e-21   -1.093e-07  4.72541e-21  7.38624e-07 -1.58219e-20 -3.77548e-06  4.08123e-20  1.50462e-05 -7.44278e-20 -4.75745e-05  6.33902e-20  0.000120333  1.36312e-19 -0.000243472 -7.41898e-19  0.000390336  1.89495e-18  -0.00048416 -3.42597e-18  0.000440515  4.75283e-18   -0.0002548 -5.14929e-18  3.85559e-05  4.32105e-18  7.25192e-05  -2.7971e-18 -5.34254e-05  1.60343e-18 -4.20332e-06 -1.36424e-18  1.99314e-05  1.76487e-18 -2.69019e-06 -2.01903e-18  -6.1187e-06  1.72701e-18  1.09622e-06 -1.08985e-18  1.84399e-06  4.77499e-19 -1.52024e-07 -8.83836e-20 -5.20057e-07 -6.11495e-20 -5.85909e-08  6.20488e-20  1.13578e-07 -2.83755e-20  4.38633e-08  8.90693e-21 -1.17108e-08  3.04203e-21 -1.28502e-08 -6.89637e-21 -2.22661e-09 -1.23818e-21  1.50607e-09  7.55071e-21  9.54906e-10 -4.06381e-21  1.41158e-10  -4.2979e-22 -8.22369e-11  5.76095e-22 -5.27461e-11  2.15566e-22 -1.15423e-11 -2.90685e-23  1.24947e-12   -1.359e-22  1.71245e-12   1.6481e-23  5.74245e-13  2.81036e-23   8.1316e-14    1.508e-25 -1.28091e-14 -4.19608e-24  -1.0468e-14 -1.16567e-24 -3.02761e-15  4.15036e-25 -4.88834e-16  2.84104e-25 -1.78812e-17  -2.6513e-26  1.49871e-17 -3.38882e-26  5.20447e-18  3.03989e-27  1.01054e-18  3.90531e-27  1.28892e-19  1.11571e-28  8.83438e-21 -3.42494e-28 -4.47942e-22 -9.43433e-29 -2.34005e-22 -1.56896e-29 -3.87971e-23 -2.98557e-30 -4.22601e-24 -1.03002e-32 -3.28803e-25  1.91235e-31 -1.77195e-26  4.79554e-32 -5.40035e-28  7.29517e-33  3.57077e-30  9.17579e-34  1.28103e-30  7.51009e-35  6.29601e-32  2.92786e-36  1.44435e-33  3.54208e-38  1.15167e-35
-3.91337e-12  5.94009e-24   1.9826e-10 -9.63455e-23  -3.8993e-09   7.3964e-22  4.59515e-08 -3.72515e-21 -3.73886e-07  1.42267e-20  2.25224e-06 -4.32516e-20  -1.0451e-05  1.02536e-19   3.8245e-05 -1.72724e-19 -0.000111816  1.36312e-19  0.000262418  2.72326e-19 -0.000492677 -1.37986e-18  0.000729802  3.28388e-18 -0.000826652 -5.52341e-18  0.000666528  7.08349e-18 -0.000306298 -6.97726e-18 -2.50242e-05  5.11136e-18  0.000135346  -2.6165e-18 -5.83937e-05  1.04045e-18 -2.69928e-05 -9.84194e-19  2.78783e-05   1.6768e-18  4.07681e-06 -2.00794e-18 -9.41919e-06  1.65095e-18 -1.06053e-06 -9.89491e-19  2.74854e-06  4.15713e-19  5.86179e-07 -7.23656e-20 -6.50183e-07 -3.97516e-20 -2.82282e-07  2.13603e-20  8.93254e-08 -4.06559e-22  8.98821e-08  4.34612e-21  8.50893e-09  8.18423e-22 -1.54744e-08 -8.01532e-21 -7.17771e-09 -5.80502e-22  6.40785e-11  8.61582e-21  1.22153e-09 -4.32314e-21  4.80862e-10 -9.10838e-22  2.17381e-11  6.76606e-22 -5.45519e-11  3.57475e-22  -2.5275e-11 -6.39033e-23  -4.3958e-12 -1.56621e-22   7.5652e-13  1.90927e-23  7.09208e-13  3.09064e-23  2.17896e-13  6.37214e-25  3.11743e-14 -4.31285e-24 -2.86545e-15 -1.36427e-24 -2.88218e-15  3.45874e-25 -8.48112e-16  2.80914e-25 -1.47801e-16 -1.89538e-26 -1.23636e-17 -2.84042e-26  1.47105e-18  4.51053e-27  7.78815e-19  3.95737e-27  1.65095e-19  -3.3249e-29  2.31374e-20 -3.93622e-28  2.19672e-21 -1.04825e-28  1.07687e-22 -1.85841e-29 -6.00008e-24  -3.4459e-30 -1.95535e-24 -6.68033e-32 -2.34887e-25  1.62177e-31 -1.84304e-26  3.95797e-32 -1.01315e-27  5.57047e-33 -3.81055e-29  5.93861e-34 -8.81876e-31  3.93485e-35 -8.81392e-33  1.19356e-36  4.20151e-35  9.37389e-39
-1.14266e-24 -3.55667e-11  4.02171e-23  1.04558e-09 -4.32631e-22 -1.59871e-08  2.62949e-21  1.59563e-07 -1.13678e-20 -1.14539e-06  3.89665e-20  6.23058e-06 -1.08599e-19  -2.6487e-05  2.37872e-19  8.96065e-05 -3.71407e-19 -0.000243472  2.72326e-19  0.000532129  5.06612e-19 -0.000929115 -2.39455e-18   0.00127203  5.31899e-18   -0.0013111 -8.33311e-18  0.000922098  9.87571e-18 -0.000301492 -8.79488e-18 -0.000148046  5.47852e-18  0.000206994  -1.9166e-18  -4.0526e-05  1.70693e-19 -6.14822e-05 -5.47288e-19   2.9468e-05  1.59545e-18  1.62184e-05 -1.93611e-18 -1.07629e-05  1.48626e-18 -5.02864e-06 -8.38754e-19  2.87591e-06  3.30125e-19  1.77317e-06 -3.25539e-20 -4.68872e-07 -3.36228e-20 -5.55532e-07 -1.87343e-20 -2.94499e-08   2.8833e-20  1.18422e-07   2.1828e-21  4.44199e-08 -2.29869e-21 -8.54038e-09 -1.04938e-20 -1.15472e-08  8.76835e-22 -2.93263e-09  9.64347e-21  7.30388e-10 -4.54602e-21  7.44071e-10 -1.41739e-21  2.05108e-10  7.64769e-22 -1.07612e-11  4.90592e-22 -2.88104e-11 -9.65077e-23 -1.07868e-11 -1.70506e-22 -1.58876e-12  2.09787e-23   3.1988e-13  3.21349e-23  2.53344e-13  1.35093e-24  7.40481e-14 -4.17501e-24  1.12108e-14 -1.57913e-24  -2.0535e-16  2.27132e-25 -6.30483e-16  2.59888e-25 -1.95928e-16 -9.88979e-27 -3.63517e-17 -2.08904e-26 -4.12154e-18  6.36195e-27 -1.01703e-19  3.94085e-27  7.17364e-20 -1.89144e-28  1.86967e-20  -4.3576e-28  2.81351e-21 -1.13473e-28  2.96217e-22 -2.07778e-29  2.16905e-23 -3.61415e-30  9.00025e-25 -9.79245e-32 -1.37259e-26  1.26749e-31 -5.53554e-27  2.94444e-32 -4.69014e-28   3.7699e-33 -2.32283e-29  3.38476e-34 -7.11282e-31  1.77443e-35 -1.20773e-32  3.84203e-37 -7.34677e-35
  3.9767e-12 -1.15381e-23 -2.14663e-10  2.08434e-22   4.4999e-09 -1.64601e-21 -5.65546e-08  8.24923e-21  4.91193e-07 -3.13267e-20 -3.16244e-06   9.7708e-20  1.57112e-05 -2.51503e-19 -6.16977e-05  5.11139e-19  0.000194176 -7.41898e-19 -0.000492677  5.06612e-19   0.00100625  8.79411e-19   -0.0016372 -3.88456e-18   0.00207108  8.06698e-18  -0.00193214 -1.17848e-17   0.00115595  1.28939e-17 -0.000193958 -1.02905e-17 -0.000335597  5.19217e-18  0.000265489 -6.60322e-19  1.27208e-05 -8.81272e-19 -0.000101738 -1.95695e-19  1.79854e-05   1.5805e-18   3.2193e-05 -1.81072e-18 -7.52762e-06   1.2552e-18 -1.01684e-05 -6.76116e-19  1.39957e-06  2.40856e-19  3.07252e-06  3.23827e-20  2.02776e-07 -4.68523e-20 -7.36227e-07 -5.72267e-20  -2.4833e-07  5.79781e-20  9.17716e-08    3.738e-21  8.36014e-08 -6.50974e-21  1.14479e-08 -1.42738e-20 -1.13356e-08  2.98101e-21 -6.44284e-09  1.05808e-20 -7.71037e-10  -4.6972e-21  6.45824e-10 -1.89169e-21  3.76217e-10  8.29442e-22  7.62578e-11    5.948e-22 -1.15695e-11  -1.2399e-22 -1.28425e-11 -1.75131e-22 -4.15824e-12   2.2127e-23 -5.64106e-13   3.1857e-23  1.00709e-13  2.32011e-24  7.72392e-14 -3.82793e-24  2.21272e-14 -1.82075e-24  3.59626e-15  5.81793e-26  1.55052e-16  2.21166e-25 -9.96701e-17 -9.15778e-28 -3.55792e-17 -1.22455e-26 -6.99378e-18  8.33442e-27 -9.14926e-19  3.83149e-27 -6.99982e-20 -3.39552e-28  9.40424e-22 -4.62463e-28  1.23258e-21 -1.18088e-28  2.15593e-22 -2.17276e-29  2.37344e-23 -3.48447e-30  1.85602e-24  -1.0932e-31  1.02532e-25  9.05228e-32  3.59103e-27  1.97088e-32  4.24359e-29  2.25732e-33 -2.71745e-30  1.67924e-34 -1.49969e-31  6.66591e-36  -2.7455e-33  8.43802e-38
 1.58396e-24    3.127e-11 -7.56722e-23 -9.89545e-10  8.81318e-22  1.62776e-08 -5.42874e-21 -1.74756e-07  2.31187e-20  1.34978e-06 -7.85639e-20 -7.90681e-06  2.25426e-19  3.62469e-05 -5.39069e-19 -0.000132517  1.02004e-18  0.000390336 -1.37986e-18 -0.000929115  8.79411e-19    0.0017792  1.42709e-18  -0.00270216 -5.90141e-18    0.0031555  1.14761e-17  -0.00264364 -1.56499e-17   0.00128928  1.57814e-17  5.92406e-05 -1.11287e-17 -0.000572169  4.09526e-18  0.000278574  1.07852e-18  0.000107585 -1.92039e-18 -0.000134738 -6.90724e-20 -1.19163e-05  1.65493e-18   4.7273e-05 -1.62106e-18   2.4531e-06  9.86264e-19 -1.46596e-05 -5.46483e-19 -2.20846e-06  1.67653e-19  3.80514e-06  1.22949e-19  1.37092e-06 -8.03583e-20 -6.28481e-07 -9.45926e-20 -5.07716e-07  8.57296e-20 -1.87665e-08  9.93401e-21  1.01181e-07 -1.17904e-20  4.08328e-08 -1.90131e-20   -2.982e-09  5.40961e-21 -8.21321e-09   1.1338e-20 -2.89832e-09 -4.72962e-21 -4.39704e-12 -2.26785e-21  3.89683e-10  8.61857e-22  1.65281e-10  6.52407e-22  2.55907e-11 -1.45199e-22 -6.27668e-12 -1.69513e-22 -4.93765e-12  2.27459e-23  -1.4531e-12  3.05328e-23 -1.97391e-13  3.58601e-24  2.21429e-14 -3.35093e-24  1.96208e-14 -2.10498e-24  5.65847e-15 -1.57523e-25  9.81235e-16  1.65747e-25  8.47886e-17  5.90827e-27 -8.17794e-18 -3.69396e-27 -4.69325e-18  1.00541e-26  -1.0018e-18  3.59225e-27 -1.41157e-19 -4.71482e-28 -1.37316e-20 -4.69008e-28 -7.74672e-22 -1.16998e-28   1.1968e-23 -2.11576e-29  8.30488e-24  -3.1056e-30  1.03805e-24 -1.06411e-31  8.02546e-26  5.85583e-32  4.25773e-27  1.18197e-32  1.52815e-28   1.1883e-33  3.38803e-30  7.11766e-35  3.63017e-32  1.96612e-36  6.17505e-35
-2.70956e-12  1.69344e-23  1.60315e-10 -3.76913e-22 -3.67118e-09  3.15073e-21  5.02813e-08 -1.57713e-20  -4.7515e-07  5.84295e-20  3.32567e-06 -1.80422e-19 -1.79602e-05  4.80478e-19  7.67267e-05 -1.07243e-18  -0.00026315  1.89495e-18  0.000729802 -2.39455e-18   -0.0016372  1.42709e-18   0.00294902  2.16868e-18  -0.00418699 -8.40951e-18   0.00450562  1.53408e-17  -0.00335076 -1.95534e-17   0.00122707  1.81271e-17  0.000480263 -1.10343e-17 -0.000816144  2.15605e-18  0.000211067   3.1181e-18  0.000237593  -2.7238e-18 -0.000142123 -2.62102e-19 -6.07716e-05  1.79016e-18  5.39527e-05 -1.34076e-18  1.94326e-05  7.11093e-19 -1.57462e-05 -4.91935e-19 -7.66782e-06  1.24973e-19  3.13144e-06  2.38376e-19  2.74624e-06 -1.31404e-19 -7.47017e-08 -1.32134e-19 -6.78226e-07  1.10716e-19  -2.0628e-07  2.09264e-20  6.93755e-08 -1.77437e-20  6.66346e-08 -2.41194e-20  1.35761e-08  7.72731e-21 -5.76402e-09  1.17932e-20 -4.52919e-09 -4.59854e-21 -1.08407e-09 -2.48321e-21  1.37557e-10  8.58376e-22  1.89412e-10  6.51712e-22  6.48347e-11 -1.60925e-22  8.15712e-12 -1.54468e-22  -2.4803e-12  2.32472e-23 -1.64333e-12   2.8943e-23 -4.56791e-13  5.20028e-24 -6.56153e-14 -2.83735e-24   2.1844e-15 -2.44554e-24  3.97526e-15 -4.12157e-25  1.19471e-15  9.50658e-26  2.18357e-16  8.30271e-27  2.48059e-17   3.3833e-27  7.65891e-19  1.11068e-26 -3.70088e-19  3.18804e-27  -9.8528e-20 -5.76349e-28 -1.47537e-20 -4.53641e-28 -1.54496e-21 -1.09677e-28 -1.14376e-22 -1.91517e-29 -5.25136e-24 -2.56557e-30 -3.32637e-26 -9.37769e-32  1.66668e-26  3.39621e-32  1.48023e-27  6.30741e-33  6.85765e-29   5.4365e-34  1.82302e-30  2.49879e-35  2.32903e-32  3.94195e-37
-7.66418e-25 -1.70572e-11  1.12428e-22  6.08806e-10 -1.52393e-21 -1.11954e-08  9.74421e-21  1.33502e-07 -4.08372e-20 -1.14008e-06   1.3417e-19   7.3613e-06 -3.81297e-19 -3.71323e-05  9.49201e-19  0.000149309 -1.98508e-18  -0.00048416  3.28388e-18   0.00127203 -3.88456e-18  -0.00270216  2.16868e-18   0.00459332   3.0908e-18  -0.00610441 -1.12572e-17   0.00603635  1.93047e-17   -0.0039155 -2.30395e-17  0.000880474  1.95679e-17   0.00105356 -9.87229e-18  -0.00100237 -5.11343e-19  3.68106e-05  5.20292e-18  0.000379806 -3.09361e-18 -0.000105266 -7.96597e-19 -0.000121492  1.91233e-18  4.39806e-05  -9.3953e-19  4.05433e-05  4.61222e-19 -1.06343e-05 -5.42601e-19 -1.35648e-05  1.19078e-19  4.33913e-07  3.75585e-19  3.73563e-06 -1.93818e-19  9.23237e-07 -1.70993e-19  -6.0058e-07  1.31391e-19 -4.10743e-07  3.58731e-20 -2.51536e-08 -2.35713e-20  7.00791e-08  -2.8837e-20   3.2746e-08  9.48075e-21  1.87413e-09  1.18131e-20 -4.24811e-09  -4.2776e-21 -2.08099e-09 -2.49114e-21 -3.43314e-10   8.2142e-22    9.838e-11  5.89151e-22  7.82838e-11 -1.73559e-22  2.30873e-11 -1.32472e-22  2.61258e-12  2.42019e-23 -7.54484e-13  2.80297e-23   -4.689e-13  7.20901e-24 -1.26787e-13 -2.37218e-24 -1.95957e-14 -2.84502e-24 -6.49126e-16 -6.93409e-25  5.87885e-16  1.09728e-26   1.9837e-16  4.20455e-27  3.80066e-17  7.70686e-27  4.90289e-18  1.11449e-26   3.8057e-19   2.6057e-27 -8.52207e-22   -6.493e-28 -5.45446e-21 -4.18058e-28  -9.5798e-22 -9.69291e-29  -1.0335e-22 -1.61077e-29 -7.87318e-24 -1.96617e-30 -4.25454e-25 -7.55274e-32 -1.51038e-26  1.74266e-32 -2.57597e-28  2.96462e-33  3.34108e-30   2.1213e-34  2.45612e-31  6.85605e-36   2.9333e-33
