 3.86489e-07  8.20703e-22 -3.98042e-06 -1.54399e-20  1.37546e-05  7.55081e-20 -2.29848e-05 -1.74918e-19  1.81263e-05  2.12624e-19 -2.71268e-06 -1.16065e-19 -4.32813e-06 -2.55789e-21  6.74522e-07 -1.02033e-20  1.24251e-06  1.22748e-19  1.61955e-07 -2.08237e-19 -2.53495e-07  2.30617e-19 -1.46397e-07 -2.11685e-19 -9.94383e-09  1.57111e-19  2.80633e-08 -8.61243e-20  1.75925e-08  3.21825e-20  4.24422e-09  -5.1012e-21 -9.99854e-10 -3.29295e-21 -1.41975e-09  2.00397e-21 -6.95919e-10  6.34399e-22 -1.88988e-10 -8.37984e-22 -4.50381e-12  1.30743e-22  2.63721e-11  3.05365e-23  1.70387e-11  7.11905e-23  6.87533e-12  -5.6908e-23  1.98927e-12 -1.80682e-24  3.63705e-13  9.84435e-24 -9.25005e-15  6.04959e-25 -4.29557e-14 -1.35218e-24 -2.29935e-14 -3.64889e-25 -8.60695e-15  2.86181e-25 -2.62361e-15  7.31412e-26 -6.79987e-16 -5.31904e-26 -1.50833e-16 -2.52213e-26  -2.7927e-17  5.32442e-27 -3.91169e-18  5.35375e-27  -2.2776e-19  3.26883e-28  9.18368e-20 -5.13101e-28  4.60586e-20 -1.38788e-28  1.37574e-20 -9.61407e-30  3.31089e-21 -8.46305e-31  6.92528e-22  2.28845e-31  1.29821e-22   7.4048e-32  2.21453e-23 -1.93287e-31  3.46624e-24 -3.89278e-32  5.00145e-25  3.27589e-32  6.66876e-26  1.07008e-32  8.22417e-27 -2.83043e-33  9.37809e-28 -2.15577e-33  9.87527e-29 -4.00606e-34  9.58116e-30  2.85256e-35  8.53706e-31  2.99442e-35  6.95549e-32  7.56914e-36  5.15263e-33  1.18849e-36  3.44623e-34  1.28234e-37  2.06305e-35  5.63303e-39  1.09343e-36 -1.86988e-39  5.05134e-38 -6.91013e-40  1.98256e-39 -1.33033e-40  6.37416e-41 -1.61874e-41  1.65409e-42 -1.18175e-42  3.81252e-44 -4.14344e-44  8.28469e-46 -3.79474e-47  9.74028e-48  2.07839e-47
 8.20703e-22  6.03498e-06  9.92951e-21 -3.46971e-05 -1.28158e-19  8.80539e-05  4.90919e-19 -0.000113168 -9.25498e-19  6.25906e-05  8.98161e-19  7.22093e-06 -3.09051e-19 -1.81189e-05 -1.43852e-19 -2.99307e-06 -3.05203e-20  4.27102e-06  4.61808e-19  2.04126e-06 -6.83569e-19 -3.19167e-07  7.07925e-19 -6.42424e-07 -6.36582e-19 -2.37954e-07  4.54337e-19  2.14397e-08 -2.32861e-19  6.43507e-08  8.12621e-20  3.30517e-08 -9.29643e-21  6.94344e-09 -1.24477e-20 -2.06952e-09  6.25723e-21 -2.55724e-09  2.28702e-21 -1.24992e-09 -2.30654e-21 -3.69543e-10  6.66596e-24 -3.95992e-11  2.68844e-22  2.88073e-11  1.90774e-22  2.31224e-11 -1.72552e-22  1.03767e-11  -1.4457e-23  3.44545e-12  3.15137e-23  8.66426e-13  4.52938e-24  1.41033e-13 -4.75383e-24 -3.78343e-15 -1.26666e-24 -1.43166e-14  9.55089e-25 -7.13499e-15  2.73732e-25 -2.52612e-15 -1.87366e-25 -7.40371e-16 -9.31706e-26 -1.88653e-16  1.54146e-26  -4.2627e-17  1.74305e-26 -8.59565e-18  1.59186e-27 -1.54128e-18 -1.43042e-27 -2.41741e-19 -4.92476e-28 -3.17452e-20  -7.8418e-29 -3.03859e-21 -9.31015e-30 -6.02286e-23  1.42068e-30  6.17473e-23 -1.15027e-31  1.96201e-23 -6.57591e-31  4.15618e-24  2.38516e-32  7.22178e-25  1.56992e-31  1.09174e-25  3.22769e-32  1.47066e-26 -1.38461e-32  1.78469e-27 -8.14465e-33  1.96029e-28  -1.4582e-33  1.95102e-29  7.44684e-35  1.75705e-30  9.94448e-35  1.42694e-31  2.76044e-35   1.0395e-32   4.9594e-36   6.7442e-34  6.51669e-37  3.86151e-35  5.21528e-38  1.92823e-36 -2.57427e-39  8.24722e-38 -1.88317e-39  2.92928e-39 -3.67214e-40  8.27187e-41 -4.09653e-41  1.85318e-42 -2.61595e-42  3.89668e-44  -7.7463e-44  7.65209e-46  -2.2604e-46  5.38772e-48
-3.98042e-06  9.92951e-21  4.58596e-05  6.78055e-20 -0.000180039 -6.57277e-19  0.000351651  2.03695e-18 -0.000348693 -3.16178e-18  0.000118364  2.40895e-18  6.39901e-05 -3.17238e-19 -3.78449e-05 -6.91253e-19 -2.14805e-05 -1.05416e-19  5.56214e-06  1.14214e-18  7.47881e-06 -1.45436e-18  1.51108e-06  1.43755e-18 -1.18062e-06 -1.29381e-18  -9.5636e-07   8.8715e-19 -2.43019e-07 -4.25852e-19  7.38777e-08  1.44348e-19  9.54023e-08 -1.10698e-20  4.32309e-08 -3.07822e-20  8.51291e-09  1.32295e-20 -2.54023e-09  5.82636e-21 -3.08115e-09 -4.55347e-21 -1.53829e-09  -6.4297e-22  -4.9764e-10  8.81525e-22 -8.96844e-11  3.76425e-22   1.1678e-11 -3.80459e-22  1.83605e-11 -4.94421e-23   9.5584e-12  7.18785e-23  3.56391e-12   1.4143e-23  1.05816e-12 -1.13759e-23   2.5169e-13 -2.89196e-24  4.38302e-14  2.38815e-24  2.85028e-15  6.97048e-25 -1.73168e-15 -4.75986e-25 -1.01497e-15 -2.41791e-25 -3.62362e-16  2.82089e-26 -1.04213e-16  3.91324e-26 -2.59763e-17  4.86167e-27 -5.78453e-18 -2.69763e-27 -1.16843e-18 -1.20656e-27 -2.15873e-19 -2.75038e-28 -3.66485e-20 -3.72221e-29 -5.73004e-21  1.23277e-30 -8.25607e-22 -1.80613e-30 -1.09548e-22 -1.27343e-30 -1.33612e-23  5.55321e-31 -1.49344e-24    4.979e-31 -1.52326e-25   6.7279e-32 -1.40961e-26 -4.33967e-32 -1.17444e-27 -2.16751e-32 -8.72031e-29 -3.80418e-33 -5.69102e-30    1.255e-34 -3.20279e-31  2.38364e-34 -1.51431e-32  7.16536e-35 -5.82317e-34   1.4031e-35  -1.7861e-35  2.02411e-36  -4.9046e-37  1.92319e-37   -2.067e-38  1.80612e-39 -1.72129e-39 -3.33777e-39 -1.54256e-40 -6.60167e-40 -9.26949e-42 -6.66248e-41 -2.17568e-43 -3.63049e-42  5.80304e-45 -8.53187e-44   2.9016e-46 -2.18883e-46
-1.54399e-20 -3.46971e-05  6.78055e-20  0.000226118  3.20129e-19 -0.000663056 -2.45515e-18   0.00102383  6.29284e-18 -0.000771348 -8.09077e-18  9.50257e-05  4.66948e-18  0.000204857  5.79239e-19 -3.16871e-05   -1.935e-18 -6.25983e-05 -3.53416e-19  -6.7578e-06  2.12306e-18  1.46517e-05 -2.27776e-18   7.8104e-06  2.22692e-18 -4.46162e-08 -2.05739e-18 -1.92813e-06  1.34369e-18  -1.0534e-06 -6.08479e-19 -1.78937e-07  2.15493e-19  1.17763e-07  -1.0711e-20  1.09269e-07 -5.97344e-20  4.59655e-08  2.21375e-20  9.20639e-09  1.18578e-20 -2.07268e-09 -7.56696e-21 -2.82115e-09 -1.93312e-21 -1.47128e-09  1.99665e-21 -5.19016e-10  6.26268e-22 -1.24244e-10 -7.02689e-22 -1.08513e-11 -1.15974e-22   7.9056e-12  1.33854e-22  5.74317e-12  2.93779e-23  2.45721e-12 -2.21954e-23  8.21391e-13 -4.85478e-24  2.29273e-13  5.16137e-24  5.41901e-14  1.43831e-24  1.06026e-14 -9.94315e-25  1.55227e-15 -5.12863e-25  8.81358e-17  3.26388e-26 -4.34517e-17  6.95904e-26 -2.21729e-17   1.1227e-26 -6.87911e-18 -3.94436e-27 -1.72431e-18 -2.36002e-27 -3.75797e-19  -6.6082e-28  -7.3392e-20 -1.02881e-28 -1.30401e-20 -9.35999e-30 -2.12573e-21 -7.47743e-30 -3.19462e-22 -1.20747e-30 -4.43783e-23  2.30192e-30 -5.70523e-24  1.23167e-30 -6.78821e-25   1.1043e-31 -7.46848e-26 -1.05203e-31 -7.58463e-27 -4.68929e-32 -7.09079e-28 -8.10732e-33 -6.08011e-29  1.69407e-34  -4.7587e-30  4.80497e-34 -3.37867e-31  1.52893e-34 -2.15909e-32  3.14144e-35 -1.22923e-33  4.71018e-36 -6.15146e-35  4.75035e-37  -2.6599e-36  1.56107e-38  -9.7543e-38 -4.38391e-39 -2.97895e-39 -8.88497e-40 -7.26049e-41 -7.97515e-41 -1.17699e-42 -3.57829e-42 -5.05659e-45 -6.03662e-44  8.03106e-47
 1.37546e-05 -1.28158e-19 -0.000180039  3.20129e-19  0.000813983  1.14505e-18  -0.00187609 -7.18724e-18   0.00232212  1.54754e-17  -0.00127112 -1.64991e-17 -0.000171476  6.70136e-18  0.000413311  3.36127e-18  6.06151e-05 -3.87978e-18 -0.000110785 -9.58877e-19 -4.76575e-05   3.1008e-18  1.33885e-05 -2.68917e-18  1.84812e-05  2.79376e-18  5.51794e-06 -2.72151e-18 -1.65236e-06  1.65418e-18  -2.2399e-06 -7.21771e-19 -9.49753e-07  2.97898e-19   -9.747e-08 -1.07001e-20  1.33751e-07 -9.81977e-20  1.04095e-07  3.15712e-20  4.22775e-08   2.0143e-20  9.20301e-09   -1.142e-20 -9.65309e-10 -3.63989e-21 -2.01592e-09  3.67302e-21 -1.13096e-09  9.23301e-22 -4.33054e-10 -1.14438e-21 -1.23656e-10 -2.12251e-22 -2.39638e-11   2.1406e-22 -8.18329e-13   4.4575e-23  1.86698e-12  -3.8503e-23  1.08775e-12 -5.98228e-24  4.18514e-13  1.00883e-23  1.30481e-13  2.61086e-24  3.49636e-14  -1.7907e-24  8.23342e-15 -9.45085e-25  1.71371e-15  7.39516e-27  3.12917e-16  1.03206e-25  4.87543e-17  2.11666e-26   5.9716e-18 -4.68326e-27  3.92735e-19 -3.90406e-27 -6.03988e-20 -1.25301e-27 -3.13968e-20 -2.34793e-28 -8.16136e-21 -4.92485e-29 -1.65784e-21 -2.01696e-29 -2.88498e-22  1.50232e-30 -4.45024e-23   6.3564e-30 -6.18039e-24  2.54565e-30 -7.78534e-25   1.4578e-31 -8.92353e-26 -2.13884e-31 -9.31069e-27 -8.73545e-32  -8.8296e-28 -1.47833e-32 -7.58601e-29  2.58661e-34 -5.87633e-30  8.69571e-34 -4.07749e-31  2.83974e-34 -2.51292e-32  5.92745e-35 -1.36018e-33  8.90963e-36 -6.37035e-35  9.04928e-37 -2.53295e-36   3.9586e-38  -8.3734e-38 -4.40802e-39 -2.24909e-39  -9.4148e-40 -4.60853e-41 -7.35181e-41  -5.4589e-43 -2.57235e-42  2.21761e-46 -2.51979e-44
 7.55081e-20  8.80539e-05 -6.57277e-19 -0.000663056  1.14505e-18   0.00228289  3.27192e-18  -0.00427228 -1.72134e-17   0.00425216  3.14898e-17  -0.00151292 -2.77367e-17 -0.000822467  6.65011e-18  0.000566474  8.63007e-18  0.000287397 -5.97824e-18 -0.000113944 -2.08991e-18 -0.000117773  3.57006e-18 -1.28094e-05 -2.24772e-18  2.63097e-05  2.95936e-18  1.65285e-05 -3.09729e-18  2.37172e-06  1.66181e-18 -2.60141e-06 -7.38323e-19 -2.11039e-06  4.01869e-19 -7.45827e-07 -1.30413e-20 -3.82306e-08 -1.41927e-19  1.20983e-07  4.05957e-20  8.55042e-08   2.9163e-20   3.4559e-08 -1.63748e-20  8.45691e-09 -5.26118e-21   1.7343e-10  5.89997e-21 -1.08473e-09  1.23872e-21 -6.94976e-10 -1.67478e-21 -2.89632e-10 -3.16701e-22 -9.32661e-11  3.00792e-22  -2.3662e-11  4.63454e-23    -4.32e-12 -6.25444e-23  -2.6448e-13 -4.56354e-24  2.07516e-13  1.80588e-23  1.23286e-13  4.36358e-24  4.55632e-14 -2.84686e-24  1.35854e-14 -1.56098e-24   3.5058e-15  -7.4891e-26  8.06231e-16   1.3041e-25  1.67643e-16  3.39673e-26  3.17568e-17 -4.51744e-27  5.49964e-18 -5.62084e-27  8.71264e-19 -2.02034e-27  1.26024e-19 -4.82031e-28  1.65638e-20 -1.46979e-28  1.96077e-21 -4.16683e-29  2.05746e-22  1.00747e-29  1.85499e-23  1.39237e-29  1.33409e-24  4.56094e-30  5.76484e-26    1.424e-31 -2.47591e-27 -3.81297e-31 -9.36977e-28 -1.44345e-31 -1.33822e-28 -2.35197e-32 -1.40453e-29  5.91279e-34 -1.20269e-30  1.45902e-33 -8.66824e-32  4.72182e-34 -5.29787e-33  9.73428e-35  -2.7311e-34  1.42797e-35 -1.16882e-35  1.41427e-36 -4.06779e-37   6.8545e-38  -1.1497e-38 -3.31327e-39 -2.71741e-40 -8.00619e-40 -4.39653e-42 -5.27662e-41  2.39664e-44 -1.31177e-42  1.62911e-45
-2.29848e-05  4.90919e-19  0.000351651 -2.45515e-18  -0.00187609  3.27192e-18   0.00520021  7.73457e-18  -0.00807728 -3.47127e-17   0.00640951  5.44064e-17  -0.00102913 -3.92354e-17  -0.00182119  2.64873e-18  0.000455295  1.59169e-17  0.000620869  -7.1949e-18 -1.92535e-06 -3.79284e-18 -0.000186006  3.05595e-18 -7.42462e-05 -8.40912e-19  1.70392e-05  2.79833e-18  2.85911e-05 -3.08962e-18  1.16018e-05  1.28948e-18 -1.15541e-07 -6.74954e-19 -2.75759e-06  5.32151e-19 -1.71845e-06 -1.79214e-20 -5.34857e-07 -1.83263e-19 -1.19233e-08   4.9776e-20  9.08043e-08  3.63081e-20  6.14724e-08 -2.28337e-20  2.52736e-08 -6.25968e-21  6.97541e-09  8.57736e-21  8.71502e-10  1.54333e-21 -3.65287e-10 -2.20441e-21 -3.25954e-10 -3.81834e-22 -1.51905e-10  3.74854e-22 -5.38489e-11  1.41971e-23 -1.56854e-11 -9.78638e-23 -3.80106e-12  8.42028e-25  -7.3816e-13  2.96653e-23 -9.62012e-14  6.85898e-24  1.83973e-15 -4.05714e-24  6.45298e-15 -2.35237e-24  2.70597e-15 -2.36914e-25  8.13455e-16  1.40923e-25  2.04697e-16  4.77767e-26  4.53691e-17 -3.18979e-27  9.06401e-18 -7.14731e-27  1.65251e-18  -2.9331e-27  2.76896e-19 -9.27052e-28  4.28227e-20 -3.35145e-28  6.12732e-21 -7.00962e-29  8.12127e-22  2.85618e-29  9.97339e-23  2.59036e-29  1.13421e-23  7.23886e-30  1.19294e-24  5.14351e-32  1.15803e-25 -6.12267e-31  1.03452e-26 -2.15043e-31  8.47165e-28 -3.28354e-32  6.32644e-29  1.55014e-33  4.27943e-30  2.29774e-33  2.59924e-31   7.1274e-34  1.40173e-32  1.41648e-34  6.61748e-34  1.98508e-35  2.68495e-35  1.87289e-36  9.10585e-37  9.28826e-38  2.45814e-38 -1.61317e-39  4.90916e-40 -5.46805e-40  7.16241e-42 -2.90699e-41  9.09072e-44  -4.1833e-43
-1.74918e-19 -0.000113168  2.03695e-18   0.00102383 -7.18724e-18  -0.00427228  7.73457e-18   0.00990912  1.55068e-17   -0.0129696  -6.0183e-17   0.00800056  8.13346e-17  0.000515821 -4.72867e-17  -0.00286568 -5.91797e-18 -0.000100918  2.35872e-17  0.000924684 -6.45399e-18  0.000263567 -5.93905e-18 -0.000192134  1.35248e-18 -0.000159077    1.183e-18 -2.26271e-05  2.62148e-18  3.10948e-05  -2.7111e-18  2.36819e-05  5.72651e-19  6.62169e-06  -5.7785e-19 -1.39671e-06  6.74893e-19 -2.36635e-06 -2.55971e-20 -1.25622e-06 -2.11929e-19 -3.63817e-07  6.13161e-20 -8.90826e-09  3.87368e-20  5.69368e-08 -3.11278e-20  3.86604e-08 -6.34842e-21  1.64158e-08  1.14567e-20  5.03769e-09  1.82152e-21  1.01781e-09 -2.57067e-21  1.94215e-11 -3.33882e-22 -9.93966e-11  4.14251e-22 -5.86008e-11  -7.4913e-23 -2.32031e-11  -1.4883e-22 -7.43609e-12  1.03826e-23  -2.0362e-12  4.47413e-23 -4.85071e-13  1.01861e-23  -1.0038e-13 -5.24768e-24 -1.76128e-14 -3.27001e-24 -2.42038e-15 -4.83102e-25 -1.78919e-16  1.28604e-25  3.00758e-17  6.07046e-26  1.75482e-17 -3.42724e-28  5.08896e-18 -8.07954e-27  1.15309e-18  -4.0504e-27  2.24079e-19 -1.68721e-27  3.86758e-20 -6.38669e-28  6.02678e-21  -9.7919e-29  8.54962e-22  6.08493e-29  1.10864e-22   4.2417e-29  1.31601e-23  1.03101e-29  1.42952e-24 -1.89918e-31  1.41835e-25  -8.9973e-31  1.28133e-26 -2.91127e-31  1.04919e-27 -3.99635e-32  7.74023e-29    3.631e-33  5.10504e-30  3.39676e-33   2.9805e-31  9.82689e-34   1.5211e-32  1.84487e-34  6.67815e-34  2.42653e-35  2.46918e-35  2.13977e-36  7.44584e-37   1.0351e-37  1.73511e-38 -7.38574e-41  2.89972e-40 -2.95129e-40  3.44075e-42 -1.17047e-41  2.76755e-44
 1.81263e-05 -9.25498e-19 -0.000348693  6.29284e-18   0.00232212 -1.72134e-17  -0.00807728  1.55068e-17    0.0161585  2.68614e-17   -0.0180035 -9.11362e-17   0.00816344  1.06781e-16    0.0030569 -4.88827e-17  -0.00347529 -1.77341e-17  -0.00111446  2.95864e-17  0.000996954  -3.1797e-18  0.000641498 -8.24646e-18 -7.64801e-05 -1.41519e-18 -0.000228067  3.15591e-18 -9.28027e-05  2.79813e-18  1.19087e-05 -2.04466e-18  3.14641e-05 -3.48741e-19  1.64657e-05 -4.92797e-19  3.07874e-06   7.9508e-19 -1.66572e-06  -3.9322e-20 -1.75408e-06 -2.17403e-19 -8.43889e-07  7.80355e-20 -2.40278e-07   3.4483e-20 -1.43618e-08 -4.12504e-20  2.90489e-08 -5.69681e-21  2.09403e-08  1.40732e-20   9.3017e-09  2.07978e-21  3.11425e-09 -2.54652e-21  7.95543e-10 -8.15103e-23  1.32901e-10  4.01987e-22 -2.55603e-12 -2.38693e-22 -1.32774e-11  -2.1915e-22 -6.78256e-12  2.22934e-23 -2.44729e-12  6.20594e-23  -7.3094e-13  1.42378e-23 -1.90257e-13 -6.23171e-24 -4.41404e-14 -4.22256e-24 -9.22499e-15 -7.89498e-25  -1.7436e-15  9.62601e-26 -2.97706e-16  7.28787e-26 -4.56085e-17  4.91464e-27 -6.17173e-18 -8.13484e-27 -7.12377e-19 -5.58508e-27 -6.38608e-20 -2.88787e-27 -2.81303e-21 -1.05844e-27  4.39506e-22 -1.11263e-28  1.51314e-22  1.09364e-28  2.80028e-23  6.24704e-29  4.04408e-24   1.3273e-29  4.94304e-25  -6.4058e-31  5.26339e-26 -1.21971e-30  4.93739e-27 -3.58652e-31  4.09241e-28 -4.13295e-32  2.99127e-29  7.23338e-33  1.91703e-30  4.68726e-33  1.06729e-31  1.23991e-33  5.09626e-33  2.16244e-34  2.05238e-34  2.62868e-35  6.81181e-36  2.12955e-36  1.79181e-37  9.69144e-38  3.48806e-39  7.82973e-40  4.83282e-41 -1.20943e-40  5.99033e-43 -2.99236e-42
 2.12624e-19  6.25906e-05 -3.16178e-18 -0.000771348  1.54754e-17   0.00425216 -3.47127e-17   -0.0129696  2.68614e-17    0.0229801  4.07778e-17   -0.0219283 -1.22032e-16   0.00641556  1.24689e-16   0.00606914 -4.34595e-17  -0.00322017 -3.01136e-17   -0.0023712  3.25512e-17  0.000672494  2.46085e-18   0.00100653  -1.0334e-17  0.000179793  -4.9244e-18 -0.000228377  4.39704e-18 -0.000173045   3.5368e-18 -3.42317e-05 -1.19687e-18   2.5615e-05 -1.26968e-18  2.48995e-05 -4.40298e-19   1.0125e-05  8.47423e-19  1.13499e-06 -6.54559e-20 -1.37647e-06 -1.92153e-19 -1.15633e-06  1.01755e-19 -5.26724e-07   2.3269e-20 -1.54267e-07 -5.27052e-20 -1.81074e-08 -5.01514e-21  1.09566e-08  1.57214e-20   9.4213e-09  2.34272e-21  4.46719e-09 -1.88149e-21  1.60863e-09  4.64503e-22  4.69091e-10  3.34027e-22  1.10039e-10 -4.81021e-22    1.876e-11 -3.09741e-22  1.05476e-12  3.31682e-23 -8.21357e-13  7.94097e-23  -4.6142e-13   1.8629e-23 -1.62533e-13 -6.87181e-24 -4.63663e-14 -5.08687e-24 -1.14852e-14 -1.10208e-24 -2.54417e-15  5.89779e-26 -5.11678e-16  8.87041e-26 -9.42428e-17  1.43284e-26 -1.59792e-17 -7.30213e-27 -2.50194e-18 -7.87503e-27  -3.6241e-19 -4.60004e-27 -4.86088e-20 -1.55467e-27 -6.03832e-21 -9.10428e-29 -6.94502e-22  1.73959e-28  -7.3903e-23  8.39354e-29  -7.2673e-24   1.5493e-29 -6.59305e-25 -1.32259e-30 -5.50567e-26 -1.52824e-30  -4.2186e-27 -4.00035e-31 -2.95271e-28 -3.36818e-32 -1.87603e-29  1.23782e-32  -1.0725e-30  5.99694e-33 -5.44891e-32  1.43131e-33 -2.41663e-33  2.28691e-34 -9.11306e-35  2.53343e-35 -2.81535e-36  1.85365e-36 -6.78478e-38  7.68008e-38 -1.16559e-39  9.19526e-40 -9.58302e-42 -3.44388e-41  5.41046e-44
-2.71268e-06  8.98161e-19  0.000118364 -8.09077e-18  -0.00127112  3.14898e-17   0.00640951  -6.0183e-17   -0.0180035  4.07778e-17    0.0289968  5.48345e-17   -0.0237475 -1.45846e-16   0.00292077  1.31105e-16   0.00877977 -3.33328e-17  -0.00194201 -4.04744e-17  -0.00350415  3.24653e-17 -8.22472e-05  9.75233e-18   0.00119635 -1.17698e-17  0.000531404 -8.83278e-18 -0.000120319  4.48506e-18 -0.000226752  4.75612e-18 -9.90869e-05 -2.72847e-19 -2.44342e-08 -1.97628e-18   2.5457e-05 -4.09444e-19  1.69809e-05  7.94565e-19  5.73878e-06 -1.09382e-19  3.19263e-07  -1.3407e-19 -9.18459e-07  1.32202e-19 -6.84968e-07   6.7646e-21 -3.05065e-07 -6.45812e-20   -9.435e-08 -5.52746e-21 -1.69598e-08  1.55114e-20   1.8686e-09  2.63264e-21  3.24146e-09 -3.73002e-22  1.73339e-09  1.36222e-21  6.71809e-10  2.22983e-22  2.13277e-10 -7.86824e-22  5.75143e-11 -4.16906e-22  1.32198e-11  3.91058e-23  2.51656e-12  9.40884e-23   3.5518e-13  2.27221e-23  1.71858e-14  -7.1168e-24 -1.07059e-14  -5.7276e-24 -5.13063e-15  -1.3441e-24 -1.53953e-15  4.50931e-26 -3.74718e-16  1.18109e-25 -7.92848e-17   3.0388e-26 -1.50071e-17 -5.88371e-27 -2.57768e-18 -1.12256e-26 -4.04901e-19 -6.75693e-27 -5.84071e-20 -2.03717e-27 -7.75225e-21 -1.60754e-29 -9.47115e-22  2.51365e-28 -1.06418e-22  1.03919e-28 -1.09753e-23  1.63936e-29  -1.0358e-24  -2.1838e-30  -8.9079e-26 -1.76411e-30 -6.94284e-27 -3.98509e-31 -4.86987e-28 -1.55721e-32  -3.0469e-29  1.85004e-32 -1.68127e-30  7.07272e-33 -8.06221e-32  1.50954e-33 -3.29325e-33  2.18327e-34 -1.11383e-34  2.17407e-35  -2.9921e-36  1.41059e-36 -5.98052e-38  5.13918e-38 -7.72882e-40   6.4504e-40 -3.60437e-42 -5.36684e-42
-1.16065e-19  7.22093e-06  2.40895e-18  9.50257e-05 -1.64991e-17  -0.00151292  5.44064e-17   0.00800056 -9.11362e-17   -0.0219283  5.48345e-17    0.0330171  6.57884e-17    -0.023155 -1.56589e-16  -0.00160055  1.25916e-16    0.0105081 -2.25526e-17  0.000175655 -4.76874e-17  -0.00414956   3.0417e-17  -0.00114203  1.78565e-17   0.00108309  -1.2122e-17  0.000878864   -1.284e-17   9.8954e-05  3.36469e-18 -0.000216232   6.1066e-18 -0.000160944  6.26831e-19 -4.34536e-05 -2.30385e-18  1.30085e-05 -3.71974e-19   1.9474e-05  6.22444e-19  1.04734e-05 -1.69902e-19  3.12143e-06 -4.67942e-20  8.82834e-08  1.67315e-19  -5.1281e-07 -1.15964e-20 -3.63138e-07 -7.58278e-20 -1.61813e-07 -8.83067e-21 -5.32125e-08  1.25149e-20 -1.24259e-08  2.93619e-21 -1.23059e-09   2.0491e-21  6.36855e-10  2.60658e-21  4.90578e-10  9.39087e-23  2.13843e-10 -1.12357e-21  7.32208e-11 -5.31956e-22  2.13241e-11  3.71341e-23  5.44563e-12  1.03581e-22  1.23451e-12  2.57572e-23  2.48851e-13 -7.00351e-24  4.42219e-14 -6.02196e-24  6.75279e-15 -1.42899e-24  8.26173e-16  9.41798e-26  6.10425e-17  1.75617e-25 -4.73167e-18  5.56657e-26 -3.12675e-18 -4.35384e-27 -8.10617e-19 -1.56603e-26 -1.59171e-19 -9.08602e-27 -2.64184e-20 -2.37058e-27  -3.8507e-21  1.31878e-28 -5.01142e-22  3.35377e-28  -5.8667e-23  1.19441e-28 -6.19389e-24  1.56774e-29 -5.89473e-25 -3.07837e-30 -5.04295e-26 -1.86095e-30 -3.85944e-27 -3.44168e-31 -2.62403e-28  1.14661e-32 -1.57024e-29  2.44742e-32  -8.1684e-31  7.65587e-33 -3.63246e-32  1.45171e-33 -1.34834e-33  1.87958e-34  -4.0299e-35   1.6584e-35 -9.15301e-37  9.34047e-37 -1.41504e-38  2.86892e-38 -1.04345e-40  3.08305e-40  3.46259e-43
-4.32813e-06 -3.09051e-19  6.39901e-05  4.66948e-18 -0.000171476 -2.77367e-17  -0.00102913  8.13346e-17   0.00816344 -1.22032e-16   -0.0237475  6.57884e-17     0.034533  7.06069e-17   -0.0205819 -1.51422e-16  -0.00622764  1.12726e-16    0.0109162 -1.49828e-17   0.00270963 -5.24348e-17  -0.00408702  2.77267e-17  -0.00227275  2.61263e-17  0.000626956 -1.10407e-17   0.00110526 -1.66168e-17  0.000388444  1.29131e-18 -0.000120332  7.11638e-18 -0.000192069  1.40631e-18 -9.31029e-05  -2.1818e-18 -1.28626e-05 -3.06775e-19   1.3994e-05  3.45129e-19  1.27862e-05 -2.36636e-19  6.01634e-06  6.20531e-20  1.68713e-06  2.04956e-19  6.98414e-08 -2.70089e-20 -2.36747e-07  -8.5567e-20 -1.69186e-07  -1.6608e-20 -7.67712e-08  5.98177e-21 -2.67089e-08  3.17255e-21  -7.3075e-09  5.25424e-21 -1.45279e-09  4.10548e-21 -1.13528e-10 -2.77644e-23  6.68983e-11 -1.44987e-21  4.43748e-11 -6.42971e-22  1.74948e-11  2.60728e-23  5.50887e-12  1.06092e-22  1.49477e-12  2.70103e-23  3.60627e-13 -6.64052e-24  7.85897e-14 -5.88388e-24  1.56051e-14  -1.2741e-24  2.83693e-15  2.51395e-25  4.73306e-16  2.76796e-25  7.25126e-17  9.18161e-26  1.01931e-17 -3.04066e-27  1.31183e-18 -2.06874e-26  1.54015e-19 -1.11013e-26  1.64073e-20 -2.39981e-27  1.57389e-21  3.61663e-28  1.34433e-22  4.17651e-28  1.00499e-23  1.28209e-28   6.3863e-25    1.348e-29  3.25112e-26 -3.78679e-30  1.11722e-27 -1.76799e-30  2.31621e-30  -2.3933e-31 -3.14136e-30  4.27592e-32 -2.72809e-31  2.89301e-32 -1.38394e-32   7.5812e-33 -4.16055e-34  1.26992e-33 -9.10444e-37  1.45553e-34  7.03421e-37  1.11962e-35  4.44268e-38  5.32975e-37  1.56949e-39  1.30172e-38  3.29942e-41  9.23405e-41
-2.55789e-21 -1.81189e-05 -3.17238e-19  0.000204857  6.70136e-18 -0.000822467 -3.92354e-17  0.000515821  1.06781e-16   0.00641556 -1.45846e-16    -0.023155  7.06069e-17     0.033825  6.74262e-17   -0.0168852 -1.31349e-16   -0.0102117  9.71562e-17    0.0100539 -1.27509e-17   0.00518197 -5.65125e-17  -0.00329469  2.51209e-17  -0.00322005   3.4124e-17 -0.000112011 -8.36871e-18   0.00111887 -1.97208e-17  0.000675656 -1.30347e-18  5.45217e-05  7.38301e-18 -0.000169912  1.98756e-18 -0.000131125 -1.65155e-18 -4.63644e-05  -2.2033e-19 -3.72759e-07  -2.3056e-21  1.04218e-05 -2.93137e-19  7.51875e-06  1.83533e-19  3.26977e-06  2.45111e-19   9.1853e-07 -3.38104e-20  8.40354e-08 -9.32573e-20 -8.42718e-08  -3.0179e-20 -6.67532e-08 -4.40819e-21 -3.14866e-08  3.18786e-21 -1.15073e-08  8.89295e-21 -3.46366e-09  5.67702e-21 -8.63324e-10 -1.30926e-22  -1.6988e-10 -1.72804e-21 -2.10066e-11 -7.38373e-22   1.5059e-12  6.32693e-24  2.04097e-12  1.00679e-22  8.34296e-13  2.58844e-23   2.5344e-13 -6.19683e-24  6.50018e-14 -5.28087e-24  1.47211e-14 -8.12633e-25  3.00637e-15  5.57865e-25  5.59984e-16  4.32789e-25  9.57651e-17  1.38687e-25  1.50948e-17 -1.74635e-27  2.19772e-18 -2.52192e-26  2.95831e-19 -1.21854e-26  3.68145e-20 -1.99335e-27  4.23161e-21  6.66383e-28  4.48488e-22  4.88935e-28  4.37148e-23  1.29213e-28   3.9047e-24   1.0372e-29  3.18116e-25 -4.08035e-30  2.34955e-26 -1.47238e-30  1.56105e-27 -1.00343e-31  9.23807e-29  7.16965e-32  4.80828e-30  3.07505e-32  2.16586e-31  6.84935e-33  8.27253e-33  1.00746e-33  2.61215e-34  1.00976e-34  6.60611e-36  6.64045e-36  1.28281e-37  2.57674e-37  1.78754e-39  4.54788e-39   1.3449e-41
 6.74522e-07 -1.43852e-19 -3.78449e-05  5.79239e-19  0.000413311  6.65011e-18  -0.00182119 -4.72867e-17    0.0030569  1.24689e-16   0.00292077 -1.56589e-16   -0.0205819  6.74262e-17    0.0316775  5.59873e-17   -0.0129316  -1.0036e-16    -0.013168  8.46169e-17   0.00823414 -1.57449e-17   0.00721549 -6.16776e-17  -0.00191635  2.24623e-17   -0.0037874  4.14221e-17  -0.00100087 -4.23455e-18  0.000881912 -2.16254e-17  0.000880525 -3.94713e-18  0.000274469  6.72869e-18 -8.67051e-05  2.33477e-18 -0.000139924 -8.51063e-19 -7.68383e-05 -1.51938e-19 -2.07263e-05 -3.78457e-19  2.69572e-06 -3.24609e-19  6.36815e-06  3.09624e-19  4.02467e-06  2.91265e-19  1.68307e-06 -2.62118e-20  4.94325e-07 -9.86146e-20  7.77831e-08 -4.99467e-20 -1.73279e-08  -1.8314e-20 -2.06675e-08  2.79946e-21  -1.0607e-08  1.24521e-20  -4.0818e-09  7.07723e-21 -1.30587e-09 -2.27458e-22 -3.59611e-10 -1.93505e-21  -8.6048e-11 -8.10831e-22 -1.77243e-11 -2.12112e-23 -3.02132e-12  8.69775e-23 -3.71962e-13  2.19014e-23  -9.2359e-15 -5.89746e-24  1.24179e-14 -4.23687e-24  5.00738e-15 -3.71032e-27  1.34645e-15  1.03816e-24  2.97138e-16  6.44816e-25  5.71453e-17  1.93995e-25  9.82245e-18  5.00641e-28  1.52773e-18  -2.7737e-26  2.16368e-19 -1.17547e-26  2.79834e-20 -1.09278e-27  3.30712e-21  1.01969e-27  3.56773e-22  5.40547e-28  3.50484e-23  1.22947e-28  3.12344e-24  7.18621e-30  2.51208e-25 -3.80879e-30  1.81104e-26  -1.0122e-30  1.16025e-27  4.59805e-32  6.53295e-29   9.1929e-32  3.18753e-30  2.95075e-32  1.32342e-31  5.63117e-33  4.56842e-33  7.22083e-34  1.27348e-34  6.23803e-35  2.76362e-36  3.41978e-36  4.44222e-38  1.02495e-37  4.70796e-40  1.06369e-39
-1.02033e-20 -2.99307e-06 -6.91253e-19 -3.16871e-05  3.36127e-18  0.000566474  2.64873e-18  -0.00286568 -4.88827e-17   0.00606914  1.31105e-16  -0.00160055 -1.51422e-16   -0.0168852  5.59873e-17    0.0289566  3.74517e-17  -0.00931746 -6.37547e-17   -0.0150567  7.86454e-17   0.00585498 -2.21035e-17   0.00860174 -6.87453e-17 -0.000183219   1.9068e-17  -0.00387507  4.74189e-17  -0.00187856  9.28163e-19  0.000417143 -2.18828e-17  0.000939612 -6.22725e-18  0.000488243  5.26389e-18  4.65199e-05  2.47432e-18 -0.000108986  2.89471e-20 -9.24228e-05 -1.61601e-19 -4.09187e-05  -7.5079e-19 -8.82476e-06 -3.26133e-19  2.23915e-06  4.34296e-19   3.3352e-06  3.50007e-19  1.95924e-06  6.51905e-22  8.09147e-07 -1.01345e-19   2.5218e-07 -7.49048e-20  5.47195e-08 -3.45905e-20  3.45803e-09  1.89333e-21 -3.98139e-09   1.5382e-20 -2.65818e-09  8.05863e-21 -1.11817e-09 -3.47644e-22 -3.77927e-10 -2.06682e-21 -1.09817e-10 -8.59633e-22 -2.82175e-11  -5.6392e-23 -6.49699e-12  6.47972e-23 -1.34795e-12  1.46499e-23 -2.52024e-13 -6.00385e-24 -4.22288e-14  -2.8191e-24 -6.25333e-15  1.15779e-24 -7.93117e-16  1.68795e-24 -7.93804e-17  9.00919e-25 -4.39262e-18  2.53771e-25   4.6704e-19  5.37399e-27  2.04042e-19 -2.66986e-26  4.21169e-20 -9.46033e-27  6.66644e-21  2.50136e-28  8.88527e-22  1.37741e-27  1.03024e-22  5.65948e-28  1.05277e-23  1.11183e-28  9.52098e-25  4.72904e-30  7.61381e-26 -2.97089e-30  5.35964e-27 -4.70989e-31  3.29545e-28  1.70551e-31  1.75024e-29  9.95949e-32  7.91019e-31  2.56153e-32  2.98485e-32  4.20057e-33  9.20229e-34  4.65267e-34  2.27473e-35  3.40226e-35  4.47806e-37  1.50146e-36  6.90444e-39  3.17027e-38  6.10736e-41
 1.24251e-06 -3.05203e-20 -2.14805e-05   -1.935e-18  6.06151e-05  8.63007e-18  0.000455295 -5.91797e-18  -0.00347529 -4.34595e-17   0.00877977  1.25916e-16  -0.00622764 -1.31349e-16   -0.0129316  3.74517e-17    0.0263035  1.38417e-17  -0.00630605 -2.65539e-17   -0.0160475  8.02772e-17   0.00326709  -2.9204e-17    0.0092894 -7.72892e-17    0.0016626  1.42816e-17  -0.00347965   5.1348e-17  -0.00259734  6.45157e-18 -0.000204078 -2.03307e-17  0.000822141 -7.85424e-18  0.000642013  3.34652e-18  0.000202483    2.494e-18 -3.92433e-05  8.00648e-19 -8.44739e-05 -3.07962e-19 -5.36271e-05 -1.10564e-18 -2.06325e-05 -3.07134e-19 -3.92105e-06  5.53409e-19    1.138e-06  4.28712e-19  1.49937e-06  4.94235e-20  8.53963e-07 -1.00868e-19  3.53888e-07 -1.02427e-19  1.16374e-07 -5.13075e-20  3.02974e-08  5.44953e-22  5.59198e-09    1.726e-20  2.61359e-10  8.44515e-21 -3.47022e-10 -5.21919e-22 -2.02717e-10 -2.13402e-21 -7.67906e-11 -8.90358e-22 -2.36636e-11 -1.00389e-22 -6.33155e-12    3.387e-23 -1.51305e-12  3.78693e-24 -3.27733e-13 -6.75702e-24 -6.48945e-14 -1.11576e-24 -1.18076e-14  2.63111e-24 -1.98037e-15  2.46631e-24 -3.06737e-16  1.17665e-24 -4.39158e-17  3.13364e-25 -5.81345e-18  1.47819e-26 -7.11403e-19 -2.10693e-26 -8.04294e-20 -5.34909e-27 -8.39361e-21  1.86704e-27 -8.07624e-22  1.68575e-27  -7.1538e-23  5.62121e-28 -5.82162e-24  9.63917e-29 -4.33978e-25  3.49859e-30 -2.95077e-26 -1.73036e-30 -1.81813e-27  4.64716e-32 -1.00534e-28  2.51446e-31 -4.91746e-30  9.45145e-32  -2.0822e-31  2.01275e-32 -7.37382e-33  2.83261e-33 -2.05332e-34  2.67737e-34 -3.93339e-36  1.61782e-35 -3.22271e-38   5.4516e-37  4.06084e-40  6.61777e-39
 1.22748e-19  4.27102e-06 -1.05416e-19 -6.25983e-05 -3.87978e-18  0.000287397  1.59169e-17 -0.000100918 -1.77341e-17  -0.00322017 -3.33328e-17    0.0105081  1.12726e-16   -0.0102117  -1.0036e-16  -0.00931746  1.38417e-17    0.0240432 -1.25449e-17  -0.00391379  7.42586e-18   -0.0163774  8.83431e-17  0.000716544 -3.46233e-17   0.00933304  -8.5897e-17   0.00341739  7.91959e-18  -0.00266977  5.24986e-17  -0.00304932  1.15709e-17 -0.000883213  -1.7217e-17  0.000534957  -8.6888e-18  0.000693533  1.46256e-18  0.000345166  2.51704e-18  5.64608e-05  1.32636e-18 -5.09724e-05 -6.28321e-19 -5.30766e-05 -1.45077e-18 -2.84998e-05 -2.90162e-19  -1.0134e-05  6.63635e-19 -1.95988e-06  5.31926e-19   3.6483e-07  1.19246e-19   5.6132e-07 -9.62558e-20  3.23261e-07 -1.28527e-19  1.35906e-07 -6.59836e-20  4.65419e-08 -8.97618e-22  1.33807e-08  1.79322e-20  3.20848e-09  8.19702e-21  6.05609e-10 -7.57627e-22  6.89989e-11  -2.1527e-21 -7.31548e-12 -9.12273e-22 -7.61434e-12 -1.55375e-22 -2.97274e-12 -6.07536e-24 -8.77185e-13 -1.08513e-23 -2.19547e-13 -8.29182e-24 -4.85914e-14  7.81325e-25 -9.69917e-15  4.32159e-24 -1.76463e-15  3.29707e-24 -2.94397e-16   1.4399e-24 -4.51884e-17  3.68547e-25 -6.39192e-18  3.01071e-26 -8.33446e-19 -1.07788e-26   -1.001e-19  8.63355e-29 -1.10549e-20  3.50543e-27  -1.1196e-21  1.89447e-27 -1.03596e-22  5.30342e-28 -8.71535e-24  8.10216e-29 -6.62485e-25  3.53146e-30 -4.51432e-26 -3.64489e-31 -2.73018e-27  4.47672e-31  -1.4468e-28  2.80375e-31  -6.6057e-30  7.98439e-32 -2.53878e-31  1.43029e-32 -7.93193e-33  1.71848e-33 -1.89862e-34  1.36357e-34 -3.08607e-36  6.58096e-36 -2.40878e-38  1.54586e-37  3.85182e-41
 1.61955e-07  4.61808e-19  5.56214e-06 -3.53416e-19 -0.000110785 -5.97824e-18  0.000620869  2.35872e-17  -0.00111446 -3.01136e-17  -0.00194201 -2.25526e-17    0.0109162  9.71562e-17    -0.013168 -6.37547e-17  -0.00630605 -1.25449e-17    0.0222513 -3.95127e-17  -0.00203662  3.57913e-17   -0.0162612  1.00264e-16   -0.0016538 -3.67632e-17    0.0088391 -9.27299e-17   0.00493508  4.05357e-19  -0.00155522  5.05109e-17  -0.00317644  1.55794e-17  -0.00151673 -1.31676e-17  0.000117971 -8.73452e-18  0.000621793  7.93576e-20  0.000439378  2.66163e-18  0.000156689  1.54244e-18  2.30853e-06 -1.13029e-18 -3.73146e-05 -1.81142e-18 -2.90973e-05 -3.05129e-19 -1.41285e-05  7.60577e-19 -4.88419e-06  6.57615e-19 -1.06933e-06  2.04851e-19  1.69561e-08 -8.65696e-20  1.60712e-07 -1.48652e-19  1.00865e-07 -7.60428e-20  4.37814e-08 -1.83545e-21  1.54735e-08  1.75693e-20  4.68662e-09  7.43507e-21  1.24044e-09 -1.02505e-21  2.87988e-10 -2.13587e-21  5.80278e-11 -9.35328e-22  9.79115e-12 -2.23696e-22  1.23541e-12 -5.50071e-23  5.54602e-14 -2.90706e-23 -2.88533e-14 -1.05655e-23 -1.24637e-14  2.77641e-24 -3.33765e-15  6.08023e-24 -7.21218e-16   4.0806e-24 -1.34729e-16  1.65831e-24 -2.23688e-17  4.16178e-25 -3.34414e-18   5.1428e-26 -4.53041e-19  3.08786e-27 -5.57602e-20  6.00144e-27   -6.236e-21  4.89244e-27 -6.32628e-22  1.97056e-27 -5.80263e-23  4.75971e-28 -4.78888e-24  6.68952e-29 -3.53303e-25  4.44005e-30 -2.31038e-26  8.32354e-31 -1.32461e-27  6.80177e-31 -6.56389e-29  2.63455e-31 -2.75772e-30  6.05001e-32 -9.55661e-32   9.1708e-33 -2.61473e-33  9.31885e-34 -5.20694e-35  6.06766e-35 -6.21878e-37  2.22029e-36 -1.83257e-39  2.96917e-38
-2.08237e-19  2.04126e-06  1.14214e-18  -6.7578e-06 -9.58877e-19 -0.000113944  -7.1949e-18  0.000924684  2.95864e-17   -0.0023712 -4.04744e-17  0.000175655 -1.49828e-17    0.0100539  8.46169e-17   -0.0150567 -2.65539e-17  -0.00391379 -3.95127e-17    0.0208715 -6.51117e-17 -0.000544375  5.73498e-17   -0.0158588  1.12932e-16  -0.00377705 -3.50679e-17   0.00792716 -9.61223e-17   0.00612602 -7.37727e-18 -0.000260509  4.55753e-17  -0.00296836  1.79562e-17  -0.00201376  -9.0071e-18 -0.000366283 -8.09796e-18  0.000430727 -4.74213e-19  0.000459508  3.00493e-18  0.000237182  1.45625e-18  6.31974e-05 -1.79699e-18 -9.16456e-06 -2.22243e-18 -2.13379e-05 -3.82018e-19 -1.42541e-05  8.36355e-19 -6.53088e-06  7.94489e-19 -2.26737e-06  2.96309e-19 -5.73024e-07 -7.15839e-20 -7.06154e-08  -1.5887e-19  2.53857e-08 -7.94284e-20  2.32508e-08 -1.58121e-21  1.10218e-08  1.66009e-20  4.05619e-09  6.40526e-21   1.2686e-09 -1.26481e-21  3.49389e-10 -2.09203e-21  8.62067e-11 -9.68803e-22  1.92243e-11 -3.07236e-22  3.89015e-12 -1.12269e-22  7.14591e-13 -5.01795e-23  1.18792e-13 -1.33504e-23  1.77362e-14  4.75226e-24  2.34264e-15  7.71715e-24  2.65296e-16  4.71424e-24  2.38264e-17  1.80671e-24  1.23561e-18  4.54222e-25 -8.98475e-20  7.70636e-26 -3.80122e-20  1.84715e-26 -6.89828e-21  1.14145e-26 -9.41238e-22   5.8082e-27 -1.06608e-22  1.90723e-27 -1.03539e-23  4.07168e-28 -8.72021e-25   5.4907e-29 -6.37855e-26   5.6108e-30 -4.03381e-27  1.64608e-30 -2.18452e-28  7.42052e-31 -9.97909e-30  2.16593e-31 -3.75663e-31  4.12412e-32 -1.11986e-32  5.28498e-33 -2.42899e-34  4.47655e-34 -2.94419e-36  2.31416e-35  9.67693e-39  5.86492e-37  6.21201e-40
-2.53495e-07 -6.83569e-19  7.47881e-06  2.12306e-18 -4.76575e-05 -2.08991e-18 -1.92535e-06 -6.45399e-18  0.000996954  3.25512e-17  -0.00350415 -4.76874e-17   0.00270963 -1.27509e-17   0.00823414  7.86454e-17   -0.0160475  7.42586e-18  -0.00203662 -6.51117e-17    0.0198085 -8.76501e-17  0.000673574  7.17693e-17   -0.0152766  1.23436e-16  -0.00563273 -2.99157e-17   0.00670881 -9.50418e-17   0.00694635 -1.43698e-17   0.00109332  3.84258e-17  -0.00245378  1.84414e-17  -0.00230735 -5.51096e-18 -0.000845281 -6.92712e-18  0.000147361 -6.34502e-20  0.000395423  3.56773e-18  0.000277271  1.12409e-18   0.00011653 -2.59989e-18  2.44733e-05 -2.71849e-18  -6.8993e-06 -5.44871e-19 -1.01687e-05   8.7743e-19 -6.23336e-06  9.21485e-19 -2.76827e-06   3.7963e-19 -9.77146e-07 -5.26988e-20  -2.7578e-07 -1.57135e-19 -5.74494e-08 -7.52348e-20 -5.15412e-09  3.63284e-22  2.53408e-09  1.55384e-20  1.82752e-09  5.38669e-21  7.56699e-10 -1.41844e-21   2.4884e-10 -2.03232e-21  7.04138e-11 -1.02242e-21   1.7718e-11 -4.07305e-22  4.03156e-12 -1.76413e-22  8.37556e-13 -7.29855e-23  1.59805e-13  -1.6305e-23  2.81057e-14  6.55171e-24  4.56677e-15  9.03148e-24  6.86406e-16  5.11536e-24  9.54862e-17  1.87219e-24   1.2293e-17  4.81235e-25  1.46378e-18  1.03695e-25  1.61029e-19  3.28503e-26  1.63383e-20  1.54677e-26  1.52525e-21  6.14186e-27  1.30577e-22  1.72458e-27  1.02053e-23  3.32925e-28  7.23725e-25  4.50877e-29  4.61896e-26  6.46203e-30  2.62408e-27  1.99899e-30  1.30781e-28  6.72567e-31  5.60917e-30  1.58331e-31  2.01957e-31  2.52892e-32  5.92255e-33  2.72131e-33  1.36987e-34  1.88071e-34  2.41929e-36  7.33283e-36  2.92643e-38   1.0517e-37
 2.30617e-19 -3.19167e-07 -1.45436e-18  1.46517e-05   3.1008e-18 -0.000117773 -3.79284e-18  0.000263567  -3.1797e-18  0.000672494  3.24653e-17  -0.00414956 -5.24348e-17   0.00518197 -1.57449e-17   0.00585498  8.02772e-17   -0.0163774  3.57913e-17 -0.000544375 -8.76501e-17    0.0189765 -1.05702e-16   0.00169751   7.9308e-17   -0.0145817  1.29563e-16  -0.00722481 -2.23263e-17   0.00527938 -8.93123e-17   0.00738534  -1.9627e-17   0.00239889  3.01344e-17  -0.00168956  1.70521e-17  -0.00235981 -3.18512e-18  -0.00124864  -5.3467e-18 -0.000184192  1.26921e-18  0.000254559  4.32526e-18  0.000265185  6.24294e-19  0.000148447 -3.50924e-18   5.4705e-05 -3.32372e-18  1.02761e-05 -8.08205e-19 -3.00642e-06  8.63976e-19 -4.04347e-06     1.01e-18 -2.38654e-06  4.38279e-19 -1.04489e-06 -3.36361e-20 -3.74518e-07 -1.44229e-19 -1.13078e-07 -6.41696e-20 -2.86276e-08  4.00457e-21 -5.78841e-09  1.47456e-20 -7.60209e-10  4.57291e-21  3.62451e-11 -1.47087e-21  6.71723e-11 -1.98213e-21  2.86532e-11 -1.10858e-21  8.93584e-12 -5.24762e-22  2.33969e-12 -2.45192e-22  5.39103e-13 -9.59406e-23  1.11702e-13 -1.90895e-23  2.10521e-14  7.98152e-24  3.63221e-15  9.85324e-24   5.7576e-16  5.24002e-24  8.39934e-17  1.85521e-24  1.12806e-17  4.95801e-25   1.3937e-18  1.27099e-25  1.58121e-19   4.3909e-26  1.64287e-20  1.76427e-26   1.5573e-21  5.91094e-27  1.34016e-22  1.46205e-27  1.04046e-23  2.61101e-28  7.23003e-25  3.69403e-29  4.45187e-26  6.64427e-30  2.39816e-27  1.94684e-30   1.1116e-28  5.30428e-31  4.33768e-30   1.0364e-31  1.38386e-31  1.39141e-32  3.47094e-33  1.24132e-33  6.49758e-35  6.77885e-35  8.37877e-37  1.82204e-36  5.48327e-39
-1.46397e-07  7.07925e-19  1.51108e-06 -2.27776e-18  1.33885e-05  3.57006e-18 -0.000186006 -5.93905e-18  0.000641498  2.46085e-18 -8.22472e-05   3.0417e-17  -0.00408702 -5.65125e-17   0.00721549 -2.21035e-17   0.00326709  8.83431e-17   -0.0162612  5.73498e-17  0.000673574 -1.05702e-16    0.0183128 -1.18179e-16   0.00258211  8.06551e-17   -0.0138151  1.30065e-16  -0.00856827 -1.36161e-17   0.00371666 -7.95808e-17   0.00745445 -2.25315e-17   0.00356706  2.17983e-17 -0.000750451  1.40483e-17  -0.00216352 -2.14774e-18  -0.00151812 -3.40946e-18 -0.000511163   3.3743e-18  6.01687e-05  5.23656e-18  0.000200997  3.84231e-20  0.000150277 -4.49482e-18  7.33789e-05 -4.04167e-18  2.53015e-05 -1.17529e-18  5.03886e-06  7.72077e-19 -7.03634e-07  1.02881e-18 -1.28308e-06  4.55542e-19 -7.69743e-07 -2.05018e-20 -3.37477e-07 -1.24011e-19 -1.22248e-07 -4.86701e-20 -3.81679e-08  8.65383e-21 -1.04437e-08  1.42459e-20 -2.51177e-09  3.97276e-21 -5.25628e-10 -1.48403e-21 -9.26087e-11 -1.98887e-21 -1.24243e-11 -1.24304e-21 -7.20401e-13  -6.5968e-22    2.492e-13 -3.15582e-22  1.20321e-13 -1.17364e-22  3.38216e-14 -2.14586e-23  7.57781e-15  8.85062e-24  1.46049e-15  1.00849e-23  2.49467e-16  5.09104e-24  3.82939e-17  1.76712e-24  5.31826e-18  4.96325e-25  6.70112e-19  1.43262e-25  7.66265e-20  5.01295e-26  7.93892e-21  1.78573e-26  7.42829e-22  5.24007e-27  6.24705e-23  1.16607e-27  4.69139e-24  1.97134e-28  3.11952e-25  2.98602e-29  1.81669e-26  6.11043e-30  9.13465e-28   1.6292e-30   3.8919e-29  3.71089e-31  1.37004e-30   6.0872e-32  3.85099e-32  6.83441e-33  8.25821e-34  4.95348e-34  1.27179e-35    2.032e-35  1.24442e-37  3.07776e-37
-2.11685e-19 -6.42424e-07  1.43755e-18   7.8104e-06 -2.68917e-18 -1.28094e-05  3.05595e-18 -0.000192134 -8.24646e-18   0.00100653  9.75233e-18  -0.00114203  2.77267e-17  -0.00329469 -6.16776e-17   0.00860174  -2.9204e-17  0.000716544  1.00264e-16   -0.0158588  7.17693e-17   0.00169751 -1.18179e-16    0.0177757 -1.24444e-16   0.00336454  7.68359e-17   -0.0130018  1.24722e-16  -0.00968183 -5.08956e-18   0.00208285 -6.70832e-17   0.00717915 -2.29145e-17   0.00452797  1.42462e-17  0.000279723  9.86004e-18   -0.0017386 -2.13858e-18  -0.00161486 -1.07729e-18 -0.000781348  6.08188e-18 -0.000153593  6.27756e-18  9.66064e-05 -5.53509e-19  0.000120909  -5.5159e-18  7.55564e-05 -4.84726e-18  3.39799e-05 -1.63711e-18  1.15259e-05  5.79101e-19   2.6653e-06   9.5077e-19   1.2009e-07  4.17416e-19 -2.80918e-07 -2.09884e-20 -1.94345e-07 -1.02835e-19 -8.81259e-08 -3.25812e-20 -3.23642e-08   1.2926e-20 -1.02509e-08  1.36452e-20 -2.87803e-09  3.37442e-21 -7.26295e-10 -1.60179e-21 -1.65955e-10 -2.11844e-21 -3.44452e-11  -1.4417e-21 -6.49466e-12 -8.10087e-22 -1.10899e-12 -3.83763e-22 -1.70255e-13  -1.3565e-22 -2.31705e-14 -2.32842e-23 -2.71668e-15  9.03217e-24 -2.56251e-16  9.72722e-24 -1.51114e-17  4.71335e-24  6.15506e-19  1.62545e-24  3.65682e-19  4.81419e-25  7.04739e-20  1.49486e-25  9.94725e-21  5.11054e-26  1.15553e-21  1.64243e-26  1.14608e-22  4.31199e-27  9.83018e-24  8.78052e-28  7.30709e-25  1.43725e-28  4.68679e-26  2.34478e-29  2.56911e-27  5.05493e-30  1.18558e-28  1.20384e-30  4.50785e-30  2.32244e-31  1.37221e-31  3.20373e-32  3.23985e-33  2.97287e-33  5.87103e-35  1.69663e-34  8.51783e-37  4.78096e-36  7.84489e-39
