   0.0769942   6.0023e-17   -0.0546912 -5.03153e-17   -0.0342997 -2.66425e-17       0.0154  2.89267e-17     0.017577 -5.51874e-18 -4.75729e-05 -3.63389e-18  -0.00687916  2.56479e-18  -0.00278397  1.12137e-18   0.00149353 -2.90084e-18   0.00174228  5.80124e-19   0.00022635  4.16363e-19 -0.000546917 -5.97083e-20  -0.00034524 -5.89031e-20  2.49838e-05 -1.90202e-19  0.000131127 -4.39414e-20  5.89323e-05  6.86992e-20 -1.05995e-05  1.84203e-20 -2.33592e-05  1.38033e-20 -9.71079e-06  2.29193e-21  8.01434e-07 -1.03046e-20  2.81233e-06 -3.99682e-21  1.40578e-06  8.05416e-22  2.38109e-07  7.00966e-22 -1.05163e-07   1.4407e-22 -8.82869e-08 -2.30286e-24 -3.17378e-08  2.21437e-23 -6.82325e-09  1.54223e-23 -8.31132e-10 -7.83838e-25 -3.03541e-11 -1.12568e-24  4.87602e-12 -2.91371e-26  4.04611e-13
  6.0023e-17     0.141753 -3.78221e-17   -0.0370603  1.80733e-17    -0.042904 -3.09224e-17  0.000264025   1.7705e-17    0.0181436 -8.52117e-19   0.00662533  -4.1205e-18  -0.00553777  3.48493e-18  -0.00512093  9.42944e-19  0.000295996 -2.21553e-18   0.00230424  2.62495e-19   0.00090211  3.78936e-19 -0.000515214  2.92108e-19 -0.000600696 -3.38299e-22 -0.000101533 -3.99814e-19  0.000167968 -9.92878e-20  0.000123947  4.14167e-20  1.08495e-05  3.61983e-20 -3.31657e-05  5.47251e-20 -2.19924e-05  9.53778e-21 -3.57151e-06 -1.81618e-20  3.42793e-06 -8.27131e-21  2.80775e-06 -1.88999e-22  9.58118e-07  6.15986e-22  7.89716e-08  8.39794e-23 -8.31743e-08 -4.22018e-23 -4.72931e-08  6.53709e-23 -1.36601e-08  3.49569e-23 -2.45704e-09 -1.10945e-24 -2.68657e-10 -1.40688e-24 -1.47092e-11 -2.23027e-26
  -0.0546912 -3.78221e-17    0.0637288  7.09726e-17    0.0125315 -1.99737e-17   -0.0326257 -1.84361e-17    -0.010078  1.80183e-17    0.0138904 -9.61687e-20   0.00892221 -5.26917e-18  -0.00366556  4.90158e-18  -0.00565112  2.06206e-19 -0.000627633 -1.43045e-18   0.00231291  1.12006e-19   0.00135366  5.50632e-19 -0.000348666  9.38634e-19 -0.000743387  6.82945e-20 -0.000245352 -5.14019e-19  0.000156443 -1.82477e-19  0.000176971 -5.48542e-20  4.56546e-05  4.86016e-20 -3.16399e-05  1.04905e-19  -3.2751e-05  2.43454e-20 -1.08702e-05 -1.94093e-20  1.69443e-06 -1.10849e-20  3.46527e-06 -2.18185e-21  1.74429e-06 -2.51136e-22  4.55317e-07 -5.15597e-22  3.10645e-08 -2.36113e-22 -2.38686e-08  8.26269e-23 -1.04229e-08  4.27545e-23 -2.12921e-09  -2.5706e-24 -2.29546e-10 -1.18768e-24 -9.11474e-12
-5.03153e-17   -0.0370603  7.09726e-17    0.0484899   6.1689e-18   0.00250773   -2.964e-17   -0.0253155   1.4859e-18  -0.00780517  1.05409e-17    0.0114364 -4.68193e-18   0.00869883 -1.50052e-18  -0.00256687  5.97185e-18  -0.00569697 -8.54835e-19  -0.00129562 -1.74622e-18    0.0021939 -5.44548e-19   0.00169894  7.65162e-19 -0.000138268   1.6121e-18 -0.000821736  2.09152e-19 -0.000390033 -4.44936e-19  0.000111461 -2.93392e-19  0.000213657 -2.19109e-19  8.69495e-05  4.38026e-20 -1.90051e-05   1.4549e-19  -3.8894e-05  4.59145e-20 -1.91188e-05 -1.10684e-20  -2.2602e-06 -1.02184e-20  2.78012e-06 -3.47474e-21  2.10371e-06  -1.5376e-21  7.97787e-07 -1.58802e-21  1.84387e-07 -5.56325e-22  2.28964e-08  6.24613e-23  1.01107e-12  3.46269e-23 -4.50667e-10 -3.67317e-24 -5.30824e-11 -6.21313e-25
  -0.0342997  1.80733e-17    0.0125315   6.1689e-18    0.0308941  2.15781e-17   0.00166043  -2.2315e-17   -0.0210269 -1.26314e-18   -0.0088568  3.46475e-18   0.00968755 -7.15942e-18    0.0092113  2.04274e-18  -0.00156849  5.65406e-18  -0.00576806 -9.11695e-19  -0.00190293 -2.47872e-18   0.00200698 -2.00775e-18   0.00197219  7.21612e-19  0.000102341  2.01043e-18 -0.000841462  5.08777e-19 -0.000525857 -1.60291e-19  3.85506e-05  -4.1072e-19  0.000229516 -4.14743e-19   0.00012878  5.83687e-21  3.55835e-06  1.60915e-19 -3.81033e-05  6.72573e-20 -2.59785e-05  5.14373e-21 -7.52425e-06 -4.91589e-21  6.59245e-07 -2.25637e-21  1.68548e-06 -2.45817e-21  8.53274e-07 -2.60703e-21  2.58661e-07 -7.95437e-22   5.1949e-08  4.58786e-23   6.7645e-09  2.33503e-23  5.06775e-10 -2.56669e-24  1.43445e-11
-2.66425e-17    -0.042904 -1.99737e-17   0.00250773  2.15781e-17    0.0303781   1.8334e-17   0.00471271 -1.34257e-17   -0.0193085  1.40679e-18   -0.0095111 -2.14033e-18   0.00845788 -1.10639e-17   0.00929733  3.36853e-18 -0.000772349  5.60906e-18  -0.00564416  2.53386e-19  -0.00239742 -3.05678e-18   0.00174093  -3.6236e-18   0.00216563  3.44544e-19  0.000361306  1.95125e-18 -0.000806083  9.41403e-19 -0.000643934  2.93332e-19 -5.55878e-05 -4.98261e-19  0.000221785 -5.88303e-19  0.000165023 -6.35461e-20  3.33069e-05  1.44273e-19 -2.92084e-05  8.05697e-20  -2.9105e-05  2.19293e-20 -1.25207e-05  3.76703e-21 -2.33476e-06  1.83886e-21  5.25381e-07 -2.31961e-21  5.37295e-07 -3.02529e-21  1.97623e-07 -7.66513e-22  4.35333e-08  5.91474e-23  5.82317e-09  1.72412e-23  3.93843e-10 -6.20111e-25
      0.0154 -3.09224e-17   -0.0326257   -2.964e-17   0.00166043   1.8334e-17    0.0257831  6.74975e-18   0.00399061 -1.13191e-19   -0.0169683   8.4622e-18  -0.00920115  -7.2033e-18   0.00726785  -1.3027e-17   0.00916665  2.61642e-18 -4.44683e-05  5.85819e-18  -0.00544063  2.50008e-18  -0.00283154 -3.12477e-18   0.00143101 -4.74351e-18   0.00229589 -3.88787e-19  0.000625724  1.46201e-18 -0.000722196   1.4386e-18 -0.000736703  7.98414e-19 -0.000163516 -5.21442e-19  0.000189372 -6.99548e-19  0.000189831 -1.42263e-19  6.61098e-05  1.01153e-19 -1.25491e-05   8.0001e-20 -2.67163e-05  3.04169e-20 -1.53857e-05   1.2941e-20 -5.06787e-06  7.38365e-21 -8.71587e-07 -1.25222e-21  3.39279e-08 -2.75202e-21  6.19744e-08 -5.16305e-22  1.63469e-08  7.68389e-23  2.03141e-09   1.2481e-23  8.92467e-11
 2.89267e-17  0.000264025 -1.84361e-17   -0.0253155  -2.2315e-17   0.00471271  6.74975e-18    0.0221226 -1.50862e-18   0.00377066  7.83266e-18   -0.0152297  1.46531e-17  -0.00922041  -8.4487e-18   0.00628919 -1.25857e-17   0.00909352  4.77699e-19   0.00060075  6.39534e-18  -0.00520579  5.21037e-18   -0.0032038  -2.7196e-18   0.00108977 -5.11457e-18   0.00236299 -1.39397e-18  0.000886601  7.27741e-19  -0.00059343  1.91781e-18  -0.00079755  1.22283e-18 -0.000277356 -4.71708e-19   0.00013303 -7.25837e-19  0.000198027 -2.04244e-19  9.66749e-05  4.75208e-20  9.75319e-06  6.08138e-20 -1.82299e-05  2.51412e-20 -1.46065e-05  1.88234e-20 -6.27065e-06  1.19155e-20 -1.77758e-06 -2.46895e-22 -3.37358e-07 -2.16361e-21 -3.96606e-08 -2.56222e-22 -2.22582e-09  6.61043e-23  4.50977e-12  5.79826e-24
    0.017577   1.7705e-17    -0.010078   1.4859e-18   -0.0210269 -1.34257e-17   0.00399061 -1.50862e-18    0.0201335 -8.17093e-18   0.00408526  1.15899e-17   -0.0140056  1.86749e-17  -0.00920957 -6.71703e-18   0.00548684  -1.1585e-17   0.00895747  -2.1275e-18   0.00117221    7.083e-18   -0.0049199  7.41987e-18  -0.00351935 -1.90431e-18  0.000719574 -4.80577e-18   0.00236938  -2.4998e-18    0.0011365 -6.15323e-21 -0.000424765  2.27746e-18 -0.000820803  1.48096e-18 -0.000388168 -3.67779e-19  5.56776e-05 -6.61203e-19   0.00018565 -2.31677e-19   0.00011902 -1.17852e-21  3.37333e-05  2.12612e-20  -4.8583e-06  6.12784e-21 -9.83922e-06  1.89355e-20 -5.27984e-06  1.33162e-20 -1.75644e-06 -2.04602e-22 -3.97705e-07 -1.66193e-21 -6.01437e-08 -1.23456e-22 -5.41709e-09  3.25222e-23 -1.91622e-10
-5.51874e-18    0.0181436  1.80183e-17  -0.00780517 -1.26314e-18   -0.0193085 -1.13191e-19   0.00377066 -8.17093e-18    0.0185458 -1.46567e-17   0.00395791  1.43484e-17   -0.0129433  2.00066e-17  -0.00908558 -3.68348e-18   0.00475818 -1.11708e-17   0.00878667 -4.79674e-18   0.00170521  7.57721e-18  -0.00459894  8.50369e-18  -0.00378825 -7.60806e-19  0.000328374 -4.09004e-18   0.00231712 -3.51446e-18   0.00136686 -5.43853e-19 -0.000221851  2.42867e-18 -0.000801521  1.55352e-18 -0.000486164  -2.2583e-19  -3.7315e-05 -5.19388e-19  0.000150756 -2.14416e-19  0.000127297  -3.7786e-20  5.39209e-05  -3.2774e-20  1.01083e-05 -2.09071e-20 -2.54481e-06   1.4194e-20 -2.63915e-06  1.12818e-20 -1.01659e-06 -1.01318e-21  -2.3581e-07 -1.32364e-21 -3.32463e-08  -9.1113e-23 -2.36544e-09  5.39972e-24
-4.75729e-05 -8.52117e-19    0.0138904  1.05409e-17   -0.0088568  1.40679e-18   -0.0169683  7.83266e-18   0.00408526 -1.46567e-17    0.0170492 -1.91283e-17   0.00387725  1.48537e-17   -0.0120078  1.90025e-17  -0.00901314 -6.56414e-19   0.00409463  -1.1519e-17   0.00861724 -6.83474e-18   0.00220228  7.64414e-18  -0.00424999  8.38712e-18  -0.00400992  5.41091e-19 -7.88087e-05 -3.29865e-18   0.00220571 -4.29032e-18   0.00156922 -8.51502e-19  8.67191e-06  2.33595e-18 -0.000736094  1.47369e-18 -0.000560884 -4.71642e-20 -0.000137803 -3.25978e-19  9.43611e-05 -1.45819e-19  0.000117035 -5.81393e-20  6.43365e-05 -8.59606e-20  2.18381e-05 -4.52178e-20  4.27897e-06  8.78197e-21  1.26453e-07  7.63856e-21 -1.93049e-07 -1.76022e-21 -5.85389e-08  -1.0005e-21 -7.69722e-09 -7.40775e-23 -3.49703e-10
-3.63389e-18   0.00662533 -9.61687e-20    0.0114364  3.46475e-18   -0.0095111   8.4622e-18   -0.0152297  1.15899e-17   0.00395791 -1.91283e-17    0.0159134 -2.11727e-17   0.00389549  1.23023e-17   -0.0112447  1.67324e-17  -0.00895629  1.21874e-18   0.00349829  -1.2239e-17   0.00843541 -7.45255e-18   0.00266777  7.12842e-18  -0.00387029  7.48648e-18  -0.00418477  1.89765e-18 -0.000498148 -2.67296e-18   0.00203507 -4.77094e-18   0.00173459 -1.04945e-18  0.000258289  2.00992e-18 -0.000622739   1.2984e-18 -0.000601628   1.5571e-19 -0.000234777 -1.01621e-19  2.14252e-05 -2.34363e-20  8.68219e-05  -5.3314e-20  6.04458e-05 -1.18884e-19   2.5867e-05 -5.49846e-20  7.71511e-06  7.04199e-21  1.62832e-06  4.76668e-21  2.34871e-07 -1.74788e-21  2.11214e-08 -6.16962e-22  9.42738e-10 -3.82037e-23
 -0.00687916  -4.1205e-18   0.00892221 -4.68193e-18   0.00968755 -2.14033e-18  -0.00920115  1.46531e-17   -0.0140056  1.43484e-17   0.00387725 -2.11727e-17    0.0150119 -2.03704e-17   0.00386353  8.47464e-18   -0.0105885  1.40915e-17  -0.00889585  1.54138e-18   0.00294024 -1.27236e-17   0.00824218  -6.7308e-18    0.0031117  5.88788e-18  -0.00346079  6.49666e-18  -0.00431246  3.33226e-18 -0.000924363 -2.25705e-18   0.00180495 -4.98245e-18   0.00185303  -1.2805e-18  0.000516295  1.47888e-18 -0.000462306  1.07063e-18 -0.000598352  3.37334e-19  -0.00031469  1.40999e-19 -5.83795e-05  1.44524e-19  4.03119e-05 -1.57051e-20  4.20085e-05 -1.19464e-19  2.09344e-05 -4.51094e-20  6.95062e-06  9.78761e-21  1.61435e-06  3.61596e-21  2.54071e-07 -1.06875e-21  2.40025e-08 -2.60698e-22  8.92926e-10
 2.56479e-18  -0.00553777 -5.26917e-18   0.00869883 -7.15942e-18   0.00845788  -7.2033e-18  -0.00922041  1.86749e-17   -0.0129433  1.48537e-17   0.00389549 -2.03704e-17    0.0142244 -1.67583e-17   0.00384015  5.46077e-18   -0.0100035   1.1971e-17  -0.00885535   7.6359e-19    0.0024097 -1.25442e-17   0.00804191 -5.68626e-18   0.00353668  3.90155e-18  -0.00302129  6.04611e-18  -0.00438973  4.85312e-18  -0.00135161 -1.90853e-18   0.00151529 -4.95807e-18   0.00191397 -1.59699e-18  0.000769263  7.93208e-19 -0.000259395   7.8857e-19 -0.000543112  4.36042e-19  -0.00036255  3.80464e-19 -0.000130528   3.3009e-19  -1.2194e-05  4.44371e-20  1.52003e-05 -9.25549e-20   1.0469e-05 -2.22551e-20   3.7462e-06  1.38322e-20    8.517e-07  3.44147e-21  1.19868e-07 -2.92642e-22  8.57848e-09 -4.67468e-23
 -0.00278397  3.48493e-18  -0.00366556 -1.50052e-18    0.0092113 -1.10639e-17   0.00726785  -8.4487e-18  -0.00920957  2.00066e-17   -0.0120078  1.23023e-17   0.00386353 -1.67583e-17    0.0135608  -1.1945e-17   0.00384327  4.19497e-18  -0.00949145  1.10681e-17  -0.00883203 -2.37409e-19   0.00190233 -1.15928e-17   0.00783078 -5.48811e-18   0.00394457  1.37033e-18  -0.00254968  6.36873e-18  -0.00441237  6.33777e-18  -0.00177284 -1.43206e-18   0.00116714 -4.66857e-18   0.00190637 -1.95029e-18    0.0010006  4.29118e-20 -2.36967e-05  4.12247e-19 -0.000432219    4.067e-19 -0.000364073  5.72148e-19 -0.000177126  4.82232e-19 -5.49615e-05  9.42419e-20 -9.06759e-06 -5.78783e-20  5.29867e-07 -1.87898e-22  7.32327e-07  1.52509e-20  1.93024e-07  3.12689e-21   2.4273e-08  1.37721e-22  1.08035e-09
 1.12137e-18  -0.00512093  4.90158e-18  -0.00256687  2.04274e-18   0.00929733  -1.3027e-17   0.00628919 -6.71703e-18  -0.00908558  1.90025e-17   -0.0112447  8.47464e-18   0.00384015  -1.1945e-17    0.0130113 -8.12208e-18   0.00384997  4.42115e-18  -0.00903654  1.14168e-17  -0.00882136 -5.20146e-19   0.00140802 -1.00323e-17   0.00760593 -6.73764e-18   0.00433734 -1.30577e-18  -0.00204436  7.19406e-18  -0.00437487  7.56975e-18    -0.002179 -7.16798e-19  0.000763287 -4.05812e-18   0.00181926 -2.23796e-18   0.00119037 -6.65082e-19  0.000228519 -9.32038e-20 -0.000269001  2.34256e-19 -0.000309591  6.58749e-19 -0.000182264  5.42069e-19 -7.33904e-05  9.86732e-20 -2.14275e-05 -3.54719e-20 -4.53905e-06   1.0923e-20 -6.73518e-07   1.2724e-20 -6.44252e-08  2.27249e-21 -3.22519e-09  1.76883e-22
  0.00149353  9.42944e-19  -0.00565112  5.97185e-18  -0.00156849  3.36853e-18   0.00916665 -1.25857e-17   0.00548684 -3.68348e-18  -0.00901314  1.67324e-17   -0.0105885  5.46077e-18   0.00384327 -8.12208e-18    0.0125397 -6.72674e-18    0.0038661  5.36798e-18  -0.00862412  1.24798e-17   -0.0088263  5.69018e-19  0.000919915 -8.18327e-18   0.00736485 -9.25405e-18   0.00471471 -3.67432e-18  -0.00150369  7.96683e-18  -0.00427009  8.34302e-18  -0.00255868  2.21043e-19   0.00030922 -3.15155e-18   0.00164273 -2.35086e-18   0.00131553 -1.26139e-18  0.000473324 -7.18096e-19 -6.72913e-05 -6.70784e-20 -0.000201113  6.05585e-19 -0.000141891  4.78106e-19 -6.35146e-05  5.00256e-20 -2.02289e-05 -3.14129e-20  -4.6335e-06  1.03982e-20 -7.29856e-07  7.86932e-21  -6.9603e-08   1.1903e-21  -2.6264e-09
-2.90084e-18  0.000295996  2.06206e-19  -0.00569697  5.65406e-18 -0.000772349  2.61642e-18   0.00909352  -1.1585e-17   0.00475818 -6.56414e-19  -0.00895629  1.40915e-17   -0.0100035  4.19497e-18   0.00384997 -6.72674e-18    0.0121371 -7.81156e-18   0.00389637  6.26548e-18  -0.00824908  1.35635e-17  -0.00884634  3.12311e-18  0.000433009 -6.42229e-18   0.00710309 -1.22949e-17   0.00507515 -5.40535e-18 -0.000926112  8.23444e-18  -0.00408972  8.55382e-18  -0.00289748   1.2765e-18 -0.000185539 -2.07669e-18   0.00136958 -2.21008e-18   0.00135141 -1.73307e-18  0.000678654 -1.39578e-18  0.000143883 -4.40652e-19 -6.06842e-05  4.36485e-19  -7.1728e-05  3.16692e-19 -3.58705e-05 -2.41685e-20 -1.15459e-05  -3.7166e-20 -2.50083e-06  4.05111e-21 -3.43617e-07  3.23752e-21 -2.43155e-08  3.56295e-22
  0.00174228 -2.21553e-18 -0.000627633 -8.54835e-19  -0.00576806  5.60906e-18 -4.44683e-05  4.77699e-19   0.00895747 -1.11708e-17   0.00409463  1.21874e-18  -0.00889585   1.1971e-17  -0.00949145  4.42115e-18    0.0038661 -7.81156e-18    0.0117981 -1.02097e-17   0.00393764  6.43712e-18  -0.00790437  1.41966e-17   -0.0088801  6.65684e-18 -5.84718e-05 -5.14995e-18   0.00681563  -1.4991e-17   0.00541583 -6.38304e-18 -0.000310873   7.8641e-18  -0.00382422   8.2669e-18  -0.00317743  2.32256e-18 -0.000705861 -9.43915e-19  0.000998139  -1.7806e-18    0.0012744 -2.07024e-18  0.000804341 -1.99906e-18  0.000318228 -7.67206e-19  6.96721e-05  2.36492e-19 -2.44544e-06  1.33216e-19 -8.13998e-06  -8.3555e-20 -3.18536e-06 -4.07725e-20 -6.70718e-07 -1.96601e-21 -7.67762e-08  4.03457e-22 -3.25551e-09
 5.80124e-19   0.00230424 -1.43045e-18  -0.00129562 -9.11695e-19  -0.00564416  5.85819e-18   0.00060075  -2.1275e-18   0.00878667  -1.1519e-17   0.00349829  1.54138e-18  -0.00885535  1.10681e-17  -0.00903654  5.36798e-18   0.00389637 -1.02097e-17    0.0115114 -1.24433e-17   0.00399075  5.48295e-18  -0.00758318  1.43874e-17  -0.00892739  1.03202e-17 -0.000559601 -4.71692e-18   0.00649671 -1.67752e-17   0.00573201 -6.71639e-18  0.000341644  6.95968e-18  -0.00346331  7.70117e-18  -0.00337651  3.28111e-18  -0.00122861  2.81637e-19  0.000535972 -1.04205e-18   0.00106544 -2.19314e-18  0.000807286 -2.34538e-18  0.000403616  -8.9146e-19  0.000145976  1.05392e-19  3.87682e-05  2.83152e-21  7.40238e-06 -1.04258e-19  9.61076e-07 -3.66518e-20  7.58637e-08 -4.63475e-21  2.82358e-09 -5.08608e-22
  0.00022635  2.62495e-19   0.00231291 -1.74622e-18  -0.00190293  2.53386e-19  -0.00544063  6.39534e-18   0.00117221 -4.79674e-18   0.00861724  -1.2239e-17   0.00294024   7.6359e-19  -0.00883203  1.14168e-17  -0.00862412  6.26548e-18   0.00393764 -1.24433e-17    0.0112714  -1.3651e-17   0.00405723   3.6067e-18  -0.00728081  1.46302e-17  -0.00898741   1.3256e-17  -0.00107505 -5.23816e-18   0.00613939 -1.75799e-17   0.00601689 -6.72969e-18   0.00102915  5.66076e-18  -0.00299654  7.07535e-18  -0.00346789  4.16366e-18  -0.00172048   1.7551e-18  3.28072e-06  4.05688e-20  0.000718841 -1.96473e-18  0.000661633 -2.26108e-18  0.000371474 -7.19144e-19   0.00014992  9.08737e-20  4.50638e-05 -4.56555e-20  9.97522e-06 -8.88542e-20  1.54149e-06 -2.65083e-20  1.45792e-07 -4.16682e-21   5.5019e-09
 4.16363e-19   0.00090211  1.12006e-19    0.0021939 -2.47872e-18  -0.00239742  2.50008e-18  -0.00520579    7.083e-18   0.00170521 -6.83474e-18   0.00843541 -1.27236e-17    0.0024097 -2.37409e-19  -0.00882136  1.24798e-17  -0.00824908  6.43712e-18   0.00399075  -1.3651e-17    0.0110742 -1.38922e-17   0.00413735  1.59981e-18  -0.00699249   1.5594e-17  -0.00905906   1.4995e-17  -0.00160954 -6.44688e-18   0.00573559 -1.76947e-17     0.006261 -6.90018e-18   0.00174641  4.01955e-18  -0.00241387  6.40291e-18  -0.00342025   5.0222e-18  -0.00213774  3.56968e-18 -0.000559835  1.44912e-18  0.000264047 -1.33071e-18  0.000390774 -1.71493e-18  0.000244059 -3.08984e-19  0.000101119  1.60295e-19  2.97561e-05 -3.25801e-20  6.13467e-06 -5.56501e-20  8.19641e-07 -1.50617e-20  5.71468e-08 -2.25305e-21
-0.000546917  3.78936e-19   0.00135366 -5.44548e-19   0.00200698 -3.05678e-18  -0.00283154  5.21037e-18   -0.0049199  7.57721e-18   0.00220228 -7.45255e-18   0.00824218 -1.25442e-17   0.00190233 -5.20146e-19   -0.0088263  1.35635e-17  -0.00790437  5.48295e-18   0.00405723 -1.38922e-17    0.0109158 -1.38884e-17   0.00423217  3.81721e-19  -0.00671359  1.76762e-17   -0.0091412  1.56796e-17  -0.00216758 -7.72757e-18   0.00527582 -1.74385e-17   0.00645151 -7.65585e-18   0.00248453  1.97537e-18  -0.00170774  5.43216e-18  -0.00320118  5.80943e-18  -0.00242358   5.5481e-18  -0.00107693   2.9463e-18 -0.000210778  -4.7126e-19  8.03594e-05 -9.04967e-19  8.83619e-05  1.48187e-19  4.02822e-05  2.38219e-19  1.15174e-05  3.69802e-21   2.1195e-06 -2.33389e-20  2.26079e-07 -6.17235e-21  9.22189e-09
-5.97083e-20 -0.000515214  5.50632e-19   0.00169894 -2.00775e-18   0.00174093 -3.12477e-18   -0.0032038  7.41987e-18  -0.00459894  7.64414e-18   0.00266777  -6.7308e-18   0.00804191 -1.15928e-17   0.00140802  5.69018e-19  -0.00884634  1.41966e-17  -0.00758318   3.6067e-18   0.00413735 -1.38884e-17    0.0107937 -1.45381e-17   0.00434311  4.63388e-19  -0.00643978  2.07182e-17  -0.00923221  1.59246e-17  -0.00275363 -8.29957e-18   0.00474892 -1.69215e-17   0.00657209 -9.10334e-18   0.00322858 -6.06572e-19  -0.00087841  3.80171e-18  -0.00277858  6.25707e-18  -0.00249923  7.16431e-18  -0.00142678   4.0078e-18 -0.000570872  2.30278e-19 -0.000157888 -1.65792e-19 -2.62268e-05  4.60984e-19 -7.01002e-07  2.69145e-19  8.19371e-07  3.41171e-20  1.96517e-07 -2.26657e-21  1.76096e-08 -1.23536e-21
 -0.00034524  2.92108e-19 -0.000348666  7.65162e-19   0.00197219  -3.6236e-18   0.00143101  -2.7196e-18  -0.00351935  8.50369e-18  -0.00424999  7.12842e-18    0.0031117 -5.68626e-18   0.00783078 -1.00323e-17  0.000919915  3.12311e-18   -0.0088801  1.43874e-17  -0.00728081  1.59981e-18   0.00423217 -1.45381e-17    0.0107062 -1.64317e-17    0.0044717  1.67226e-18  -0.00616649  2.40411e-17  -0.00933009  1.63875e-17  -0.00337211 -7.49498e-18   0.00414255 -1.60189e-17   0.00660132  -1.0928e-17   0.00395252 -3.82979e-18  6.35227e-05  1.26573e-18  -0.00211675  5.92227e-18  -0.00227013  7.71533e-18  -0.00148226   4.0628e-18 -0.000703037  4.40691e-19 -0.000253821  2.54012e-19 -7.01905e-05  5.54706e-19 -1.45616e-05  2.44803e-19 -2.14305e-06   4.6491e-20 -1.96204e-07  6.52707e-21 -7.29071e-09
-5.89031e-20 -0.000600696  9.38634e-19 -0.000138268  7.21612e-19   0.00216563 -4.74351e-18   0.00108977 -1.90431e-18  -0.00378825  8.38712e-18  -0.00387029  5.88788e-18   0.00353668 -5.48811e-18   0.00760593 -8.18327e-18  0.000433009  6.65684e-18  -0.00892739  1.46302e-17  -0.00699249  3.81721e-19   0.00434311 -1.64317e-17    0.0106521 -1.95275e-17   0.00461998  3.26743e-18  -0.00588897  2.67219e-17  -0.00943226  1.73793e-17  -0.00402643  -5.0685e-18   0.00344246 -1.44815e-17   0.00650876 -1.26039e-17   0.00461819 -7.64001e-18   0.00110059  -2.1626e-18  -0.00119085  4.46657e-18  -0.00168329  6.73657e-18  -0.00119952   2.9352e-18 -0.000594813  1.32827e-19 -0.000218988  3.31411e-19 -6.00697e-05   4.7628e-19 -1.18568e-05  1.86741e-19 -1.54348e-06  4.26036e-20 -1.06191e-07  6.68737e-21
 2.49838e-05 -3.38299e-22 -0.000743387   1.6121e-18  0.000102341  3.44544e-19   0.00229589 -5.11457e-18  0.000719574 -7.60806e-19  -0.00400992  7.48648e-18  -0.00346079  3.90155e-18   0.00394457 -6.73764e-18   0.00736485 -6.42229e-18 -5.84718e-05  1.03202e-17  -0.00898741   1.5594e-17  -0.00671359  4.63388e-19    0.0044717 -1.95275e-17    0.0106312 -2.31509e-17   0.00479038  4.36535e-18  -0.00560205  2.79413e-17  -0.00953448  1.87705e-17  -0.00471946 -1.34239e-18   0.00262952 -1.20916e-17   0.00625659 -1.37481e-17   0.00518169 -1.17558e-17   0.00219273 -6.11223e-18 -5.04723e-05  2.02991e-18  -0.00081858  4.41047e-18 -0.000684419   1.0665e-18 -0.000347692 -4.13286e-19 -0.000123751  2.06155e-19 -3.12997e-05  3.19674e-19 -5.37565e-06  1.21233e-19 -5.51133e-07     3.09e-20 -2.20188e-08
-1.90202e-19 -0.000101533  6.82945e-20 -0.000821736  2.01043e-18  0.000361306 -3.88787e-19   0.00236299 -4.80577e-18  0.000328374  5.41091e-19  -0.00418477  6.49666e-18  -0.00302129  1.37033e-18   0.00433734 -9.25405e-18   0.00710309 -5.14995e-18 -0.000559601   1.3256e-17  -0.00905906  1.76762e-17  -0.00643978  1.67226e-18   0.00461998 -2.31509e-17    0.0106438 -2.63342e-17   0.00498581  4.38193e-18  -0.00529905  2.72877e-17  -0.00963125  2.01577e-17  -0.00545595  2.99452e-18   0.00168354 -8.83166e-18    0.0058096 -1.42892e-17   0.00558028 -1.56318e-17   0.00321738  -9.7486e-18   0.00110508 -6.28621e-19  8.26065e-05  1.58605e-18 -0.000152773 -7.50888e-19 -0.000105079 -8.59543e-19 -3.87068e-05  2.75668e-20 -9.08987e-06  1.63035e-19 -1.31789e-06  6.78346e-20 -9.66444e-08  1.71861e-20
 0.000131127 -3.99814e-19 -0.000245352  2.09152e-19 -0.000841462  1.95125e-18  0.000625724 -1.39397e-18   0.00236938 -4.09004e-18 -7.88087e-05  1.89765e-18  -0.00431246  6.04611e-18  -0.00254968 -1.30577e-18   0.00471471 -1.22949e-17   0.00681563 -4.71692e-18  -0.00107505   1.4995e-17   -0.0091412  2.07182e-17  -0.00616649  3.26743e-18   0.00479038 -2.63342e-17    0.0106908 -2.82791e-17    0.0052107  3.21189e-18  -0.00497227   2.4924e-17  -0.00971822  2.11164e-17  -0.00623773  7.30416e-18  0.000595551 -4.96206e-18   0.00512472 -1.42735e-17   0.00568006 -1.84041e-17   0.00391999 -1.18629e-17   0.00195077 -2.46871e-18  0.000725144 -7.10636e-19  0.000200381 -1.90157e-18  3.97323e-05 -1.04805e-18  5.22041e-06 -1.20861e-19  3.76481e-07  5.04565e-20  6.40659e-09  3.34495e-20 -4.05165e-10
-4.39414e-20  0.000167968 -5.14019e-19 -0.000390033  5.08777e-19 -0.000806083  1.46201e-18  0.000886601  -2.4998e-18   0.00231712 -3.29865e-18 -0.000498148  3.33226e-18  -0.00438973  6.36873e-18  -0.00204436 -3.67432e-18   0.00507515  -1.4991e-17   0.00649671 -5.23816e-18  -0.00160954  1.56796e-17  -0.00923221  2.40411e-17  -0.00588897  4.36535e-18   0.00498581 -2.82791e-17    0.0107748 -2.86513e-17   0.00547036  1.16559e-18  -0.00461558  2.15139e-17  -0.00978698   2.1436e-17  -0.00705042  1.13178e-17 -0.000641637  -8.3106e-19   0.00410511 -1.34936e-17   0.00525205 -1.89753e-17   0.00399061 -1.14011e-17    0.0022084 -2.81854e-18   0.00093997 -1.90162e-18  0.000311284 -2.25596e-18  7.90996e-05 -1.01914e-18  1.47934e-05 -2.04512e-19  1.86042e-06 -7.52067e-21  1.25824e-07  1.30117e-20
 5.89323e-05 -9.92878e-20  0.000156443 -4.44936e-19 -0.000525857  9.41403e-19 -0.000722196  7.27741e-19    0.0011365 -3.51446e-18   0.00220571 -2.67296e-18 -0.000924363  4.85312e-18  -0.00441237  7.19406e-18  -0.00150369 -5.40535e-18   0.00541583 -1.67752e-17   0.00613939 -6.44688e-18  -0.00216758  1.59246e-17  -0.00933009  2.67219e-17  -0.00560205  4.38193e-18    0.0052107 -2.86513e-17    0.0108994 -2.76049e-17   0.00576818 -1.18022e-18  -0.00421914  1.78897e-17  -0.00981181  2.13026e-17  -0.00787381  1.52227e-17  -0.00207661  3.47922e-18   0.00259542 -1.14007e-17   0.00408994 -1.64883e-17   0.00328132 -8.21607e-18   0.00184634 -1.81991e-18  0.000779726 -2.08096e-18  0.000249468  -2.0569e-18  5.90782e-05 -8.72703e-19  9.74596e-06 -2.18386e-19  9.77124e-07 -2.68857e-20  3.86987e-08
 6.86992e-20  0.000123947 -1.82477e-19  0.000111461 -1.60291e-19 -0.000643934   1.4386e-18  -0.00059343 -6.15323e-21   0.00136686 -4.29032e-18   0.00203507 -2.25705e-18  -0.00135161  6.33777e-18  -0.00437487  7.96683e-18 -0.000926112 -6.38304e-18   0.00573201 -1.75799e-17   0.00573559 -7.72757e-18  -0.00275363  1.63875e-17  -0.00943226  2.79413e-17  -0.00529905  3.21189e-18   0.00547036 -2.76049e-17    0.0110661 -2.56247e-17   0.00611095  -3.2369e-18  -0.00375634  1.46759e-17   -0.0097616  2.13494e-17  -0.00872484  1.95232e-17   -0.0037921    8.165e-18   0.00052491 -7.57074e-18   0.00224483 -1.10542e-17   0.00198722 -3.38567e-18   0.00111733  -2.7552e-19  0.000450574  -1.7087e-18   0.00013259 -1.61184e-18  2.76329e-05 -6.76771e-19  3.74678e-06 -1.89105e-19  2.65273e-07 -2.53118e-20
-1.05995e-05  4.14167e-20  0.000176971 -2.93392e-19  3.85506e-05  2.93332e-19 -0.000736703  1.91781e-18 -0.000424765 -5.43853e-19   0.00156922 -4.77094e-18   0.00180495 -1.90853e-18  -0.00177284  7.56975e-18  -0.00427009  8.23444e-18 -0.000310873 -6.71639e-18   0.00601689 -1.76947e-17   0.00527582 -8.29957e-18  -0.00337211  1.73793e-17  -0.00953448  2.72877e-17  -0.00497227  1.16559e-18   0.00576818 -2.56247e-17    0.0112797 -2.33297e-17   0.00652158 -4.75854e-18  -0.00319727  1.21919e-17  -0.00964385   2.2428e-17   -0.0096439  2.45674e-17  -0.00574988  1.30942e-17  -0.00186449 -2.38338e-18  0.000153083 -4.08591e-18  0.000588314  1.32038e-18  0.000389147  9.78529e-19  0.000156609 -1.16955e-18  4.25538e-05 -1.11718e-18  7.64322e-06 -4.85819e-19  8.05333e-07 -1.50476e-19  3.26405e-08
 1.84203e-20  1.08495e-05 -5.48542e-20  0.000213657  -4.1072e-19 -5.55878e-05  7.98414e-19  -0.00079755  2.27746e-18 -0.000221851 -8.51502e-19   0.00173459 -4.98245e-18   0.00151529 -1.43206e-18    -0.002179  8.34302e-18  -0.00408972   7.8641e-18  0.000341644 -6.72969e-18     0.006261 -1.74385e-17   0.00474892 -7.49498e-18  -0.00402643  1.87705e-17  -0.00963125   2.4924e-17  -0.00461558 -1.18022e-18   0.00611095 -2.33297e-17    0.0115611 -2.13228e-17   0.00702484 -5.99214e-18  -0.00255362  1.06215e-17  -0.00948725   2.5001e-17   -0.0105355   2.9769e-17  -0.00758362  1.71697e-17  -0.00396325  2.80893e-18  -0.00153737  2.28912e-18 -0.000432502  4.48004e-18 -8.08867e-05  1.61955e-18 -7.15148e-06 -6.23317e-19  6.72108e-07 -6.88197e-19  2.65907e-07 -3.53778e-19  2.50075e-08 -9.97806e-20
-2.33592e-05  3.61983e-20  4.56546e-05 -2.19109e-19  0.000229516 -4.98261e-19 -0.000163516  1.22283e-18 -0.000820803  2.42867e-18  8.67191e-06 -1.04945e-18   0.00185303 -4.95807e-18   0.00116714 -7.16798e-19  -0.00255868  8.55382e-18  -0.00382422  6.95968e-18   0.00102915 -6.90018e-18   0.00645151 -1.69215e-17   0.00414255  -5.0685e-18  -0.00471946  2.01577e-17  -0.00971822  2.15139e-17  -0.00421914  -3.2369e-18   0.00652158 -2.13228e-17    0.0119325 -2.01358e-17   0.00760174 -7.46311e-18  -0.00185899    9.955e-18  -0.00918148  2.83279e-17    -0.010986  3.31254e-17  -0.00861936  1.85842e-17  -0.00508045  6.37101e-18  -0.00234819  6.43532e-18  -0.00086038  5.74819e-18 -0.000247633  1.84062e-18 -5.43148e-05 -1.47965e-19 -8.51693e-06 -4.20282e-19 -8.31217e-07 -2.79281e-19 -3.27424e-08
 1.38033e-20 -3.31657e-05  4.86016e-20  8.69495e-05 -4.14743e-19  0.000221785 -5.21442e-19 -0.000277356  1.48096e-18 -0.000801521  2.33595e-18  0.000258289  -1.2805e-18   0.00191397 -4.66857e-18  0.000763287  2.21043e-19  -0.00289748   8.2669e-18  -0.00346331  5.66076e-18   0.00174641 -7.65585e-18   0.00657209 -1.60189e-17   0.00344246 -1.34239e-18  -0.00545595  2.11164e-17  -0.00978698  1.78897e-17  -0.00375634 -4.75854e-18   0.00702484 -2.01358e-17    0.0123715 -2.03473e-17   0.00821071 -9.84194e-18  -0.00100849  9.40965e-18  -0.00831685  3.00591e-17   -0.0103495  3.18615e-17  -0.00825382  1.60468e-17  -0.00489057  7.47556e-18  -0.00224274  8.06177e-18 -0.000799767  5.73652e-18 -0.000217664  1.91555e-18 -4.32063e-05  1.32421e-19 -5.70038e-06 -3.40703e-19 -3.99273e-07 -1.86199e-19
-9.71079e-06  5.47251e-20 -3.16399e-05  4.38026e-20   0.00012878 -5.88303e-19  0.000189372 -4.71708e-19 -0.000388168  1.55352e-18 -0.000736094  2.00992e-18  0.000516295 -1.59699e-18   0.00190637 -4.05812e-18   0.00030922   1.2765e-18  -0.00317743  7.70117e-18  -0.00299654  4.01955e-18   0.00248453 -9.10334e-18   0.00660132 -1.44815e-17   0.00262952  2.99452e-18  -0.00623773   2.1436e-17  -0.00981181  1.46759e-17  -0.00319727 -5.99214e-18   0.00760174 -2.03473e-17    0.0128332 -2.29209e-17    0.0089481 -1.42568e-17  0.000385655  6.98582e-18  -0.00631947  2.69809e-17  -0.00819009  2.42165e-17   -0.0064259  1.00115e-17  -0.00365596  6.68184e-18  -0.00157643  8.04305e-18 -0.000516026  5.25782e-18 -0.000124871  1.86287e-18  -2.0992e-05  1.19354e-19 -2.13766e-06 -3.39015e-19 -8.57031e-08
 2.29193e-21 -2.19924e-05  1.04905e-19 -1.90051e-05  5.83687e-21  0.000165023 -6.99548e-19   0.00013303 -3.67779e-19 -0.000486164  1.47369e-18 -0.000622739  1.47888e-18  0.000769263 -1.95029e-18   0.00181926 -3.15155e-18 -0.000185539  2.32256e-18  -0.00337651  7.07535e-18  -0.00241387  1.97537e-18   0.00322858  -1.0928e-17   0.00650876 -1.20916e-17   0.00168354  7.30416e-18  -0.00705042  2.13026e-17   -0.0097616  1.21919e-17  -0.00255362 -7.46311e-18   0.00821071 -2.29209e-17    0.0134105 -2.94687e-17    0.0101832  -2.2374e-17   0.00282603  2.13722e-19  -0.00293215  1.69643e-17   -0.0047441  1.11887e-17  -0.00374842  2.82905e-18  -0.00203628  5.45088e-18 -0.000812243   7.4803e-18 -0.000238624   4.6755e-18 -4.98472e-05  1.53136e-18 -6.78602e-06 -1.08172e-19 -4.82678e-07 -2.47774e-19
 8.01434e-07  9.53778e-21  -3.2751e-05   1.4549e-19  3.55835e-06 -6.35461e-20  0.000189831 -7.25837e-19  5.56776e-05  -2.2583e-19 -0.000560884   1.2984e-18 -0.000462306  7.93208e-19    0.0010006 -2.23796e-18   0.00164273 -2.07669e-18 -0.000705861  3.28111e-18  -0.00346789  6.40291e-18  -0.00170774 -6.06572e-19   0.00395252 -1.26039e-17   0.00625659 -8.83166e-18  0.000595551  1.13178e-17  -0.00787381  2.13494e-17  -0.00964385  1.06215e-17  -0.00185899 -9.84194e-18    0.0089481 -2.94687e-17    0.0144659 -4.16907e-17    0.0123717 -3.52436e-17   0.00642923 -1.19551e-17   0.00135316  9.71933e-19 -0.000940111 -3.26828e-18  -0.00115895 -2.47053e-18  -0.00067036   4.9825e-18  -0.00025669  6.88436e-18 -6.80969e-05  3.88827e-18 -1.20743e-05  9.01536e-19 -1.26286e-06 -3.00881e-19 -5.09578e-08
-1.03046e-20 -3.57151e-06  2.43454e-20  -3.8894e-05  1.60915e-19  3.33069e-05 -1.42263e-19  0.000198027 -6.61203e-19  -3.7315e-05 -4.71642e-20 -0.000601628  1.07063e-18 -0.000259395  4.29118e-20   0.00119037 -2.35086e-18   0.00136958 -9.43915e-19  -0.00122861  4.16366e-18  -0.00342025  5.43216e-18  -0.00087841 -3.82979e-18   0.00461819 -1.37481e-17    0.0058096 -4.96206e-18 -0.000641637  1.52227e-17  -0.00872484   2.2428e-17  -0.00948725    9.955e-18  -0.00100849 -1.42568e-17    0.0101832 -4.16907e-17    0.0164393 -5.95827e-17    0.0155463 -5.14434e-17    0.0105268 -2.76214e-17   0.00538397 -1.65531e-17   0.00210128 -1.40948e-17  0.000616339 -4.01212e-18  0.000130131  5.39537e-18   1.7993e-05   6.1044e-18  1.25672e-06  2.77043e-18 -9.46651e-09  2.15838e-19 -4.97207e-09 -2.59723e-19
 2.81233e-06 -1.81618e-20 -1.08702e-05  4.59145e-20 -3.81033e-05  1.44273e-19  6.61098e-05 -2.04244e-19   0.00018565 -5.19388e-19 -0.000137803   1.5571e-19 -0.000598352   7.8857e-19 -2.36967e-05 -6.65082e-19   0.00131553 -2.21008e-18  0.000998139  2.81637e-19  -0.00172048   5.0222e-18  -0.00320118  3.80171e-18  6.35227e-05 -7.64001e-18   0.00518169 -1.42892e-17   0.00512472  -8.3106e-19  -0.00207661  1.95232e-17   -0.0096439   2.5001e-17  -0.00918148  9.40965e-18  0.000385655  -2.2374e-17    0.0123717 -5.95827e-17     0.019336 -7.95903e-17    0.0189424 -6.66217e-17    0.0138422 -4.22777e-17    0.0079722 -2.96605e-17   0.00368934 -1.79562e-17   0.00137268 -2.15634e-18  0.000404447   5.9017e-18  9.11587e-05  4.85883e-18  1.46975e-05   1.4945e-18  1.47241e-06 -1.99396e-19  5.93608e-08
-3.99682e-21  3.42793e-06 -1.94093e-20 -1.91188e-05  6.72573e-20 -2.92084e-05  1.01153e-19  9.66749e-05 -2.31677e-19  0.000150756 -3.25978e-19 -0.000234777  3.37334e-19 -0.000543112  4.12247e-19  0.000228519 -1.26139e-18   0.00135141  -1.7806e-18  0.000535972   1.7551e-18  -0.00213774  5.80943e-18  -0.00277858  1.26573e-18   0.00110059 -1.17558e-17   0.00558028 -1.42735e-17   0.00410511  3.47922e-18   -0.0037921  2.45674e-17   -0.0105355  2.83279e-17  -0.00831685  6.98582e-18   0.00282603 -3.52436e-17    0.0155463 -7.95903e-17     0.022362 -9.50844e-17    0.0212312 -7.55856e-17    0.0152039 -5.09961e-17   0.00856538 -3.41519e-17    0.0038374 -1.50673e-17   0.00135684  1.03967e-18  0.000369371  5.66161e-18  7.37383e-05  3.22068e-18  9.81888e-06  4.45754e-19  6.95865e-07   -2.234e-19
 1.40578e-06 -8.27131e-21  1.69443e-06 -1.10684e-20 -2.59785e-05  8.05697e-20 -1.25491e-05  4.75208e-20   0.00011902 -2.14416e-19  9.43611e-05 -1.01621e-19  -0.00031469  4.36042e-19 -0.000432219 -9.32038e-20  0.000473324 -1.73307e-18    0.0012744 -1.04205e-18  3.28072e-06  3.56968e-18  -0.00242358  6.25707e-18  -0.00211675  -2.1626e-18   0.00219273 -1.56318e-17   0.00568006 -1.34936e-17   0.00259542    8.165e-18  -0.00574988   2.9769e-17    -0.010986  3.00591e-17  -0.00631947  2.13722e-19   0.00642923 -5.14434e-17    0.0189424 -9.50844e-17    0.0241757 -9.99571e-17    0.0212849 -7.53637e-17    0.0142373 -5.10092e-17   0.00745834 -2.98792e-17    0.0030717 -8.63256e-18  0.000980467  3.43077e-18  0.000234405  4.47723e-18  3.92839e-05  1.61849e-18  4.01482e-06 -9.48147e-20  1.62409e-07
 8.05416e-22  2.80775e-06 -1.10849e-20  -2.2602e-06  5.14373e-21  -2.9105e-05   8.0001e-20  9.75319e-06 -1.17852e-21  0.000127297 -1.45819e-19  2.14252e-05  1.40999e-19  -0.00036255    4.067e-19 -0.000269001 -7.18096e-19  0.000678654 -2.07024e-18   0.00106544  4.05688e-20 -0.000559835   5.5481e-18  -0.00249923  5.92227e-18  -0.00119085 -6.11223e-18   0.00321738 -1.84041e-17   0.00525205 -1.14007e-17   0.00052491  1.30942e-17  -0.00758362  3.31254e-17   -0.0103495  2.69809e-17  -0.00293215 -1.19551e-17    0.0105268 -6.66217e-17    0.0212312 -9.99571e-17      0.02367 -9.26166e-17    0.0188719 -6.66089e-17    0.0115081 -4.30319e-17     0.005474 -2.04269e-17    0.0020244 -2.45829e-18  0.000569311  4.05715e-18  0.000116186  2.81293e-18  1.56757e-05  4.88183e-19  1.11715e-06 -1.60652e-19
 2.38109e-07 -1.88999e-22  3.46527e-06 -1.02184e-20 -7.52425e-06  2.19293e-20 -2.67163e-05  6.08138e-20  3.37333e-05  -3.7786e-20  0.000117035 -2.34363e-20 -5.83795e-05  3.80464e-19 -0.000364073  2.34256e-19 -6.72913e-05 -1.39578e-18  0.000804341 -2.19314e-18  0.000718841  1.44912e-18  -0.00107693  7.16431e-18  -0.00227013  4.46657e-18 -5.04723e-05  -9.7486e-18   0.00391999 -1.89753e-17   0.00408994 -7.57074e-18  -0.00186449  1.71697e-17  -0.00861936  3.18615e-17  -0.00819009  1.69643e-17   0.00135316 -2.76214e-17    0.0138422 -7.55856e-17    0.0212849 -9.26166e-17    0.0206674 -7.66163e-17    0.0147494 -5.25585e-17   0.00809191 -3.06124e-17   0.00344655 -1.05522e-17   0.00112707  1.23844e-18  0.000274022  3.25768e-18  4.64223e-05  1.31951e-18  4.77229e-06 -2.63202e-20  1.93392e-07
 7.00966e-22  9.58118e-07 -2.18185e-21  2.78012e-06 -4.91589e-21 -1.25207e-05  3.04169e-20 -1.82299e-05  2.12612e-20  5.39209e-05 -5.81393e-20  8.68219e-05  1.44524e-19 -0.000130528  5.72148e-19 -0.000309591 -6.70784e-20  0.000143883 -1.99906e-18  0.000807286 -1.96473e-18  0.000264047   2.9463e-18  -0.00142678  7.71533e-18  -0.00168329  2.02991e-18   0.00110508 -1.18629e-17   0.00399061 -1.64883e-17   0.00224483 -2.38338e-18  -0.00396325  1.85842e-17  -0.00825382  2.42165e-17   -0.0047441  9.71933e-19   0.00538397 -4.22777e-17    0.0152039 -7.53637e-17    0.0188719 -7.66163e-17    0.0159937  -5.7579e-17    0.0101579 -3.70236e-17   0.00497224  -1.8088e-17   0.00187682 -3.48353e-18  0.000535449  2.33975e-18  0.000110335  1.94324e-18   1.4974e-05  3.82487e-19  1.07012e-06 -9.72307e-20
-1.05163e-07  6.15986e-22  1.74429e-06 -3.47474e-21  6.59245e-07  3.76703e-21 -1.53857e-05  2.51412e-20  -4.8583e-06  -3.2774e-20  6.43365e-05  -5.3314e-20  4.03119e-05   3.3009e-19 -0.000177126  6.58749e-19 -0.000201113 -4.40652e-19  0.000318228 -2.34538e-18  0.000661633 -1.33071e-18 -0.000210778   4.0078e-18  -0.00148226  6.73657e-18  -0.00081858 -6.28621e-19   0.00195077 -1.14011e-17   0.00328132 -1.10542e-17  0.000153083  2.80893e-18  -0.00508045  1.60468e-17   -0.0064259  1.11887e-17 -0.000940111 -1.65531e-17    0.0079722 -5.09961e-17    0.0142373 -6.66089e-17    0.0147494  -5.7579e-17    0.0109461 -3.97782e-17   0.00616595 -2.30213e-17   0.00267533 -8.53007e-18  0.000886365  6.03368e-20  0.000217444  1.91289e-18  3.70524e-05  8.45748e-19  3.82163e-06  2.20299e-21  1.55058e-07
  1.4407e-22  7.89716e-08 -2.51136e-22  2.10371e-06 -2.25637e-21 -2.33476e-06   1.2941e-20 -1.46065e-05  6.12784e-21  1.01083e-05 -8.59606e-20  6.04458e-05 -1.57051e-20  -1.2194e-05  4.82232e-19 -0.000182264  6.05585e-19 -6.06842e-05 -7.67206e-19  0.000403616 -2.26108e-18  0.000390774  -4.7126e-19 -0.000570872   4.0628e-18  -0.00119952  4.41047e-18  8.26065e-05 -2.46871e-18    0.0022084 -8.21607e-18   0.00198722 -4.08591e-18  -0.00153737  6.37101e-18  -0.00489057  1.00115e-17  -0.00374842 -3.26828e-18   0.00210128 -2.96605e-17   0.00856538 -5.10092e-17    0.0115081 -5.25585e-17    0.0101579 -3.97782e-17   0.00661961 -2.51474e-17   0.00329771 -1.23202e-17   0.00126016 -2.86415e-18  0.000362614  1.06593e-18  7.51525e-05  1.07373e-18  1.02357e-05  2.29314e-19   7.3283e-07 -4.94543e-20
-8.82869e-08  8.39794e-23  4.55317e-07  -1.5376e-21  1.68548e-06  1.83886e-21 -5.06787e-06  1.88234e-20 -9.83922e-06 -2.09071e-20  2.18381e-05 -1.18884e-19  4.20085e-05  4.44371e-20 -5.49615e-05  5.42069e-19 -0.000141891  4.36485e-19  6.96721e-05  -8.9146e-19  0.000371474 -1.71493e-18  8.03594e-05  2.30278e-19 -0.000703037   2.9352e-18 -0.000684419  1.58605e-18  0.000725144 -2.81854e-18   0.00184634 -3.38567e-18  0.000588314  2.28912e-18  -0.00234819  7.47556e-18  -0.00365596  2.82905e-18  -0.00115895 -1.40948e-17   0.00368934 -3.41519e-17   0.00745834 -4.30319e-17   0.00809191 -3.70236e-17   0.00616595 -2.51474e-17   0.00353385 -1.41922e-17   0.00155167 -5.42083e-18  0.000518381 -3.46676e-19  0.000127899  8.93612e-19  2.18755e-05    4.295e-19  2.26117e-06  6.86417e-21  9.18282e-08
-2.30286e-24 -8.31743e-08 -5.15597e-22  7.97787e-07 -2.45817e-21  5.25381e-07  7.38365e-21 -6.27065e-06  1.89355e-20 -2.54481e-06 -4.52178e-20   2.5867e-05 -1.19464e-19  1.52003e-05  9.42419e-20 -7.33904e-05  4.78106e-19  -7.1728e-05  2.36492e-19  0.000145976 -7.19144e-19  0.000244059 -9.04967e-19 -0.000157888  4.40691e-19 -0.000594813   1.0665e-18 -0.000152773 -7.10636e-19   0.00093997 -1.81991e-18   0.00111733  1.32038e-18 -0.000432502  6.43532e-18  -0.00224274  6.68184e-18  -0.00203628 -2.47053e-18  0.000616339 -1.79562e-17    0.0038374 -2.98792e-17     0.005474 -3.06124e-17   0.00497224 -2.30213e-17   0.00329771 -1.41922e-17   0.00166232  -6.8555e-18  0.000640447 -1.77698e-18   0.00018534   3.5438e-19  3.85596e-05   4.7073e-19  5.26446e-06  1.06902e-19   3.7739e-07 -2.09433e-20
