 1.80076e-30 -8.85775e-45 -1.32385e-28  9.26787e-43  3.82269e-27 -3.03982e-41 -6.70241e-26  5.93078e-40  8.24036e-25 -8.26236e-39  -7.6384e-24  8.92649e-38  5.57348e-23 -7.81901e-37 -3.29196e-22  5.70616e-36  1.60401e-21 -3.53349e-35  -6.5316e-21  1.88103e-34  2.24211e-20  -8.6913e-34 -6.52214e-20  3.51031e-33  1.61129e-19 -1.24564e-32 -3.37786e-19  3.89666e-32  5.98312e-19 -1.07644e-31  -8.8752e-19  2.62577e-31  1.08515e-18 -5.64299e-31  -1.0627e-18  1.06266e-30  7.86758e-19 -1.73482e-30 -3.77618e-19  2.40312e-30   3.8626e-20 -2.69068e-30  1.00975e-19  2.09624e-30 -7.41817e-20  -2.2407e-31  6.17987e-21 -2.92001e-30   1.9705e-20  6.76903e-30 -8.50563e-21 -1.03433e-29 -3.12406e-21  1.26705e-29  2.85877e-21 -1.32166e-29  3.67914e-22  1.20507e-29 -7.08173e-22 -9.69001e-30 -5.35614e-23  6.80718e-30  1.49653e-22 -4.00986e-30  1.70646e-23  1.74193e-30   -2.677e-23 -2.40242e-31 -5.92625e-24 -4.89473e-31   3.6022e-24  6.39748e-31  1.49173e-24 -4.90524e-31  -2.4414e-25   2.7738e-31 -2.46549e-25 -1.20955e-31  -2.2999e-26  4.08355e-32  2.25505e-26 -1.06794e-32  7.70223e-27  2.27622e-33 -2.51455e-28  -4.7851e-34 -7.19605e-28  1.37645e-34 -1.60284e-28 -7.82672e-35  9.70237e-30  6.00421e-35  1.22868e-29 -3.03355e-35  2.46296e-30  3.94411e-36 -2.63308e-33  5.20838e-36 -1.03142e-31  -3.8576e-36  -2.2763e-32  1.41387e-36 -1.63111e-33 -4.00657e-37  2.63802e-34  1.21446e-37  8.31583e-35 -3.45372e-38  9.63978e-36  7.20114e-39  3.58422e-37 -1.17825e-39 -5.29777e-38  1.70246e-40 -9.66706e-39 -1.38554e-41 -6.42954e-40 -2.15689e-43 -2.01173e-41  8.25751e-44  2.15393e-43 -7.33491e-45  3.19246e-44  5.73202e-46  6.67735e-46 -6.74146e-48
-8.85775e-45  1.89437e-28  -5.1043e-43 -7.92663e-27  3.70961e-41  1.74619e-25 -9.78223e-40 -2.54646e-24  1.63174e-38  2.71478e-23 -2.01154e-37 -2.23579e-22  1.96524e-36  1.47229e-21 -1.57996e-35 -7.93215e-21  1.06966e-34  3.55177e-20 -6.19412e-34 -1.33601e-19   3.1025e-33    4.251e-19 -1.35532e-32 -1.14847e-18  5.19555e-32  2.63662e-18 -1.75548e-31 -5.13158e-18  5.24292e-31   8.4149e-18 -1.38598e-30 -1.14923e-17  3.24224e-30   1.2806e-17 -6.69696e-30 -1.12051e-17  1.21533e-29   7.0731e-18 -1.91947e-29 -2.41181e-18  2.59097e-29 -5.78148e-19 -2.87585e-29  1.20096e-18  2.36173e-29 -4.94305e-19 -7.98994e-30 -1.38473e-19 -1.67612e-29  2.00338e-19   4.4937e-29 -2.29931e-20 -6.86869e-29 -4.86286e-20  8.17348e-29  1.45602e-20 -8.21198e-29  1.01444e-20  7.21912e-29 -4.07625e-21  -5.6411e-29  -2.1385e-21  3.90359e-29  8.02814e-22 -2.31173e-29   4.6426e-22  1.05713e-29 -1.05058e-22 -2.33601e-30 -9.26339e-23 -1.71494e-30  3.24052e-24  2.68119e-30  1.44354e-23 -2.08044e-30  2.29053e-24  1.14708e-30 -1.38542e-24 -4.80601e-31 -5.77041e-25  1.58698e-31   1.7444e-26 -4.61204e-32  6.16634e-26   1.5244e-32  1.35556e-26 -6.14347e-33 -1.67902e-27  2.33182e-33 -1.42017e-27 -8.05455e-34  -2.4339e-28  3.28106e-34  2.32846e-29 -1.22356e-34  1.81949e-29  8.91398e-37  3.22309e-30  3.28827e-35  1.87693e-32 -2.05854e-35  -1.0419e-31   7.0392e-36  -2.1914e-32 -1.92779e-36  -1.7488e-33  5.71342e-37  1.12185e-34 -1.52599e-37  4.58077e-35   2.8787e-38  5.40108e-36 -4.31163e-39   2.7831e-37  5.87422e-40 -6.49042e-39 -3.97568e-41 -1.80662e-39 -1.51916e-42 -1.25181e-40   2.3486e-43 -3.56904e-42 -1.59581e-44 -2.51083e-44  8.84548e-46  9.28506e-47
-1.32385e-28  -5.1043e-43  9.82567e-27 -1.66154e-41 -2.86498e-25  9.16825e-40  5.07457e-24 -2.00904e-38 -6.30567e-23   2.9153e-37  5.91046e-22 -3.21503e-36 -4.36328e-21  2.86251e-35  2.60893e-20 -2.12476e-34 -1.28771e-19  1.34081e-33  5.31551e-19 -7.28886e-33 -1.85117e-18  3.44622e-32  5.46825e-18 -1.42725e-31 -1.37332e-17  5.20501e-31  2.93057e-17 -1.67774e-30 -5.29258e-17  4.79107e-30  8.02233e-17 -1.21334e-29 -1.00546e-16  2.72375e-29  1.01448e-16 -5.40761e-29 -7.81639e-17  9.44992e-29   4.0221e-17 -1.44095e-28 -6.51112e-18  1.88665e-28 -9.12923e-18 -2.05308e-28  7.89393e-18  1.71103e-28 -1.24699e-18 -7.71186e-29 -1.86981e-18 -6.10026e-29  1.02921e-18  2.05645e-28  2.32726e-19 -3.14469e-28 -3.23918e-19  3.61554e-28 -9.17895e-21 -3.47456e-28  7.88219e-20   2.9236e-28 -1.77389e-21 -2.20558e-28 -1.69813e-20  1.49394e-28  -2.5095e-22 -8.79777e-29  3.23124e-21  4.09053e-29  3.81699e-22 -1.03428e-29 -4.92527e-22 -4.62834e-30 -1.37455e-22  8.29291e-30  4.72571e-23 -6.37878e-30  2.79254e-23  3.38561e-30   4.3493e-26 -1.35407e-30 -3.19977e-24  4.46805e-31 -7.58149e-25 -1.57169e-31  1.23205e-25  7.45563e-32  9.65523e-26  -3.7053e-32   1.4466e-26  1.45537e-32 -3.18796e-27 -4.37443e-33 -1.70225e-27  1.23771e-33 -2.39244e-28 -3.13559e-34  2.59513e-29 -6.66516e-35  1.61881e-29  1.38796e-34   2.6527e-30 -7.55277e-35   5.6627e-32  2.39169e-35 -5.82463e-32  -6.2674e-36 -1.20913e-32  1.81703e-36 -1.05469e-33 -4.56925e-37  5.11958e-36   7.7629e-38  1.21987e-35 -1.06078e-38  1.45559e-36  1.36656e-39  7.85606e-38 -7.43987e-41  1.34764e-39 -4.56562e-42 -1.10855e-40  3.99907e-43 -6.54734e-42  -2.0958e-44 -1.12757e-43  6.73607e-46
 9.26787e-43 -7.92663e-27 -1.66154e-41   3.3492e-25 -3.73021e-40 -7.45346e-24  1.64359e-38  1.09854e-22 -3.06174e-37 -1.18424e-21  3.91604e-36  9.86709e-21 -3.89781e-35 -6.57743e-20  3.18404e-34  3.58945e-19 -2.19401e-33 -1.62914e-18  1.29642e-32  6.21637e-18 -6.64222e-32 -2.00823e-17  2.97462e-31  5.51419e-17  -1.1714e-30 -1.28816e-16  4.07435e-30  2.55495e-16 -1.25555e-29 -4.27779e-16  3.43429e-29   5.9807e-16 -8.34344e-29 -6.84918e-16  1.79902e-28  6.20151e-16 -3.43451e-28 -4.11438e-16  5.77811e-28  1.57418e-16 -8.49551e-28  1.92314e-17  1.07557e-27  -6.7209e-17  -1.1392e-27  3.29913e-17  9.42883e-28  5.04969e-18 -4.75493e-28 -1.19917e-17 -1.54147e-28  2.43323e-18  7.55349e-28  2.68404e-18 -1.15168e-27  -1.1452e-18  1.26959e-27 -5.19172e-19 -1.15608e-27  3.11209e-19   9.2169e-28  1.06793e-19 -6.65183e-28 -6.44381e-20   4.3752e-28 -2.45839e-20 -2.53284e-28  9.95801e-21  1.16054e-28  5.47507e-21 -2.83201e-29 -8.48446e-22 -1.35354e-29 -9.78829e-22  2.27556e-29 -6.29124e-23 -1.66882e-29  1.15741e-22  8.38222e-30  3.29571e-23 -3.19242e-30 -5.27898e-24  1.09633e-30 -4.61341e-24 -4.93439e-31 -6.44249e-25  2.94429e-31  2.25452e-25 -1.56943e-31  1.05078e-25    6.149e-32  1.11077e-26 -1.70566e-32 -3.53731e-27  3.66462e-33  -1.4446e-27 -5.14724e-34 -1.78282e-28 -3.88648e-34  1.70339e-29  4.52511e-34  9.81744e-30 -2.18505e-34  1.53666e-30  6.37373e-35  6.11497e-32 -1.58761e-35 -1.94453e-32  4.51754e-36 -4.19019e-33  -1.0705e-36 -3.79858e-34  1.62495e-37 -1.01237e-35 -2.01897e-38  1.50694e-36  2.47369e-39   1.8977e-37  -1.0353e-40  1.01368e-38 -8.86342e-42  2.10445e-40  4.60228e-43 -2.54902e-43 -1.82581e-44 -4.22743e-44
 3.82269e-27  3.70961e-41 -2.86498e-25 -3.73021e-40  8.43902e-24 -6.30618e-39  -1.5107e-22  2.28961e-37  1.89815e-21  -3.6834e-36 -1.79997e-20  4.19327e-35  1.34507e-19 -3.79437e-34 -8.14611e-19  2.86095e-33  4.07522e-18 -1.83985e-32 -1.70627e-17  1.02287e-31  6.03231e-17 -4.96057e-31 -1.81066e-16  2.11232e-30  4.62592e-16 -7.93648e-30 -1.00556e-15   2.6406e-29  1.85304e-15 -7.79924e-29 -2.87244e-15  2.04775e-28  3.69338e-15 -4.78059e-28 -3.84243e-15  9.91344e-28  3.08229e-15 -1.82128e-27 -1.69606e-15   2.9503e-27  3.70974e-16 -4.17978e-27  3.16043e-16  5.10625e-27 -3.29859e-16 -5.23744e-27  7.70343e-17  4.24655e-27  6.77764e-17  -2.2288e-27 -4.80246e-17 -2.46244e-28 -5.11495e-18  2.38689e-27  1.41816e-17 -3.59723e-27 -1.01735e-18  3.76265e-27 -3.36524e-18 -3.20422e-27  4.31692e-19  2.38282e-27  7.34141e-19 -1.61934e-27 -6.82363e-20  1.01938e-27 -1.47771e-19 -5.68908e-28 -2.11243e-21  2.44535e-28  2.50739e-20 -4.26735e-29  4.19371e-21 -4.72712e-29 -2.99607e-21  6.00707e-29 -1.16375e-21 -4.01446e-29  1.36355e-22  1.88012e-29  1.67174e-22 -6.89804e-30  2.45861e-23  2.61292e-30 -1.04297e-23 -1.47982e-30 -4.77147e-24  9.82907e-31 -3.58365e-25 -5.30693e-31  2.53699e-25  2.04682e-31  8.63343e-26  -5.3168e-32   6.8215e-27  8.86101e-33 -2.66649e-27 -2.07144e-34 -9.17731e-28 -1.40692e-33 -1.05889e-28  1.20972e-33  6.62872e-30 -5.26281e-34   4.1689e-30  1.40765e-34  6.37171e-31 -3.31714e-35  3.54259e-32   9.3182e-36 -3.54604e-33 -2.07978e-36 -8.92164e-34   2.7883e-37 -8.08735e-35 -3.14145e-38 -3.19995e-36  3.69387e-39  4.00614e-38 -1.11143e-40  1.07909e-38 -1.25227e-41    4.298e-40  3.59602e-43  6.19644e-42 -9.78679e-45
-3.03982e-41  1.74619e-25  9.16825e-40 -7.45346e-24 -6.30618e-39  1.67642e-22 -8.42349e-38 -2.49836e-21  2.57005e-36  2.72469e-20 -3.60673e-35 -2.29798e-19  3.67928e-34  1.55149e-18 -3.04432e-33 -8.58109e-18  2.13091e-32  3.95009e-17 -1.28626e-31 -1.52991e-16  6.76562e-31  5.02136e-16 -3.12198e-30 -1.40225e-15   1.2701e-29  3.33575e-15 -4.57241e-29 -6.74755e-15  1.46068e-28  1.15443e-14 -4.14822e-28 -1.65363e-14  1.04823e-27  1.94791e-14 -2.35664e-27 -1.82634e-14  4.70764e-27  1.27316e-14 -8.33233e-27 -5.40554e-15  1.30033e-26  -1.2037e-16 -1.77471e-26  1.96912e-15  2.08918e-26 -1.14875e-15 -2.06775e-26 -4.99399e-17    1.627e-26  3.73908e-16 -8.54552e-27  -1.1208e-16 -6.53208e-29 -7.49379e-17  6.78001e-27  4.50083e-17 -9.94797e-27  1.26565e-17  9.73928e-27 -1.19585e-17 -7.61097e-27 -2.42195e-18   5.1371e-27  2.56675e-18 -3.17855e-27   6.0648e-19  1.84601e-27 -4.42032e-19 -9.42229e-28 -1.57896e-19  3.25553e-28  5.20591e-20   3.5675e-29  3.31614e-20 -1.69044e-28 -1.42773e-21  1.55217e-28 -4.73924e-21 -9.16813e-29 -8.53474e-22  3.98959e-29  3.42644e-22 -1.46012e-29  1.70427e-22  6.40951e-30  9.45147e-24 -4.20647e-30 -1.22121e-23  2.85706e-30 -3.79849e-24 -1.52151e-30 -1.13624e-25  5.73524e-31  2.03876e-25 -1.39615e-31  5.58868e-26  1.75913e-32  3.68481e-27    2.091e-33 -1.43291e-27 -3.90053e-33  -4.4352e-28  2.73933e-33 -5.00694e-29  -1.0864e-33  1.13977e-30  2.65165e-34  1.22038e-30 -5.88844e-35  1.84568e-31  1.64674e-35  1.21154e-32 -3.45615e-36  -1.8297e-34  4.02805e-37 -1.07286e-34 -4.11084e-38   -9.385e-36  4.69551e-39 -3.84465e-37 -9.09193e-41 -4.43781e-39  -1.3465e-41  1.35289e-40  1.73314e-43  3.03225e-42
-6.70241e-26 -9.78223e-40  5.07457e-24  1.64359e-38  -1.5107e-22 -8.42349e-38  2.73452e-21 -9.13541e-37  -3.4759e-20  2.36589e-35  3.33635e-19 -2.90804e-34 -2.52508e-18  2.66652e-33  1.54982e-17 -2.02647e-32 -7.86294e-17  1.32484e-31  3.34135e-16 -7.56024e-31 -1.19998e-15  3.79061e-30   3.6625e-15 -1.67643e-29 -9.52563e-15  6.55918e-29  2.11086e-14 -2.27585e-28 -3.97238e-14  7.01578e-28  6.30253e-14 -1.92389e-27 -8.32091e-14   4.6953e-27  8.93313e-14  -1.0194e-26 -7.46389e-14  1.96585e-26  4.38241e-14  -3.3573e-26 -1.19889e-14  5.05203e-26 -6.34839e-15 -6.64354e-26  8.36259e-15  7.52986e-26  -2.6127e-15 -7.17269e-26 -1.42197e-15  5.43949e-26  1.34117e-15 -2.78795e-26  -2.7841e-18  9.87988e-28 -3.69949e-16  1.78486e-26  6.61097e-17 -2.49661e-26  8.45559e-17  2.24921e-26 -2.13868e-17 -1.56683e-26  -1.8509e-17  9.07531e-27  4.12839e-18 -4.64526e-27  3.93182e-18  2.15057e-27 -4.05657e-19  -7.3558e-28 -7.38617e-19 -1.09517e-28 -4.42872e-20  5.12922e-28  1.04717e-19 -5.48868e-28   2.6416e-20  3.84793e-28 -8.11899e-21 -1.99258e-28 -4.97906e-21  8.15721e-29 -2.72857e-22 -3.14477e-29  4.32875e-22  1.61294e-29  1.32111e-22 -1.11537e-29 -2.35139e-24  7.37706e-30 -1.03186e-23 -3.82467e-30 -2.43204e-24   1.4023e-30 -2.15907e-27 -3.18252e-31  1.23434e-25  2.77999e-32  2.90525e-26  9.46294e-33  1.84006e-27 -8.89296e-33 -5.49181e-28  5.35785e-33 -1.61769e-28 -1.95704e-33 -1.82443e-29   4.3335e-34 -2.16388e-31 -9.03054e-35   2.3219e-31  2.54317e-35  3.54682e-32 -5.00509e-36   2.4589e-33  4.96251e-37  4.68649e-35 -4.59742e-38 -5.81633e-36  5.17442e-39 -5.09039e-37 -5.15309e-41 -1.60309e-38 -1.11027e-41  -1.8246e-40  3.38418e-44
 5.93078e-40 -2.54646e-24 -2.00904e-38  1.09854e-22  2.28961e-37 -2.49836e-21 -9.13541e-37  3.76671e-20 -8.13951e-36 -4.15803e-19  1.78705e-34  3.55165e-18 -1.91331e-33 -2.43008e-17  1.57191e-32  1.36299e-16     -1.1e-31  -6.3674e-16   6.7716e-31   2.5049e-15 -3.69534e-30  -8.3584e-15  1.78839e-29  2.37563e-14 -7.67191e-29  -5.7591e-14  2.91786e-28  1.18904e-13 -9.84677e-28 -2.08052e-13  2.95132e-27  3.05603e-13 -7.86256e-27 -3.70601e-13  1.86225e-26  3.60066e-13  -3.9192e-26 -2.63691e-13  7.31717e-26  1.23172e-13 -1.20821e-25  -8.0466e-15  1.75538e-25 -3.77847e-14 -2.22534e-25  2.63168e-14  2.42744e-25 -1.47047e-15 -2.22122e-25 -7.59781e-15   1.6149e-25  3.13421e-15 -7.92862e-26  1.29078e-15  3.24841e-27 -1.12987e-15  4.44038e-26 -1.61066e-16 -5.78156e-26  2.93642e-16  4.69498e-26  2.32907e-17 -2.77464e-26 -6.47112e-17  1.18465e-26 -7.23917e-18 -2.86453e-27  1.20956e-17 -9.15286e-28  2.60636e-18  2.19883e-27 -1.71892e-18 -2.47931e-27 -6.90379e-19  2.19814e-27   1.2937e-19 -1.56854e-27  1.20593e-19  8.91343e-28   9.6468e-21 -4.06662e-28 -1.18046e-20  1.60714e-28 -3.83542e-21 -6.90167e-29  1.99484e-22  4.00693e-29  3.85156e-22  -2.7292e-29  8.14229e-23  1.71531e-29 -6.57006e-24 -8.60556e-30 -6.72779e-24   3.0589e-30 -1.28962e-24 -6.41659e-31   1.5292e-26  3.05463e-32  5.72619e-26  2.69485e-32  1.21287e-26 -1.72315e-32  8.18501e-28  9.15988e-33 -1.43991e-28 -3.11416e-33 -4.32817e-29  6.20873e-34 -4.87241e-30 -1.20698e-34 -1.73955e-31  3.47706e-35  2.49682e-32   -6.392e-36  4.15722e-33  5.23215e-37  2.77683e-34 -4.43478e-38  8.10024e-36   4.9884e-39 -5.02591e-38 -1.12199e-41 -8.33041e-39 -6.81141e-42 -1.17857e-40
 8.24036e-25  1.63174e-38 -6.30567e-23 -3.06174e-37  1.89815e-21  2.57005e-36  -3.4759e-20 -8.13951e-36  4.47214e-19  -5.9216e-35  -4.3474e-18   1.0774e-33  3.33432e-17 -9.75447e-33 -2.07527e-16  7.02697e-32  1.06846e-15 -4.51846e-31 -4.61127e-15  2.66341e-30  1.68342e-14 -1.42763e-29 -5.22831e-14  6.86072e-29  1.38536e-13 -2.92807e-28 -3.13212e-13  1.10532e-27   6.0243e-13 -3.68787e-27 -9.79149e-13  1.08835e-26  1.32854e-12 -2.84391e-26 -1.47307e-12  6.58417e-26  1.28257e-12 -1.35039e-25 -8.02098e-13  2.45033e-25  2.62323e-13 -3.92255e-25  8.17602e-14  5.51203e-25 -1.48313e-13 -6.74245e-25  5.89851e-14  7.07813e-25  1.90793e-14 -6.21317e-25 -2.59188e-14  4.31198e-25  2.77941e-15 -1.99686e-25  6.59895e-15  3.84652e-27 -1.99609e-15   1.0535e-25 -1.42139e-15 -1.24844e-25  5.93609e-16  8.90544e-26  3.07503e-16 -4.03288e-26 -1.24163e-16   4.9872e-27 -6.90596e-17  1.15055e-26  1.77119e-17 -1.52766e-26  1.44525e-17  1.35494e-26 -8.58067e-19 -1.02825e-26 -2.39316e-18  6.88809e-27 -3.30548e-19 -3.95844e-27  2.50471e-19  1.89343e-27  9.60545e-20 -7.65714e-28  -5.7592e-21  3.02608e-28 -1.12391e-20 -1.50846e-28 -2.25135e-21  9.47665e-29   3.7705e-22 -6.13449e-29  2.64847e-22  3.62643e-29  4.13687e-23 -1.75712e-29 -5.44411e-24  6.04134e-30 -3.48048e-24 -1.15812e-30  -5.7519e-25  5.09914e-33  5.15754e-27  6.10436e-32  2.02347e-26 -2.88342e-32  3.99671e-27  1.37763e-32  2.96497e-28 -4.41659e-33 -2.27172e-29  7.84731e-34 -8.06778e-30 -1.40888e-34 -8.96243e-31  4.24496e-35 -4.31743e-32 -7.25439e-36   8.8892e-34  4.69496e-37  2.55451e-34 -3.70666e-38  1.50672e-35  4.20875e-39   3.7619e-37   1.3927e-41  2.63889e-39 -2.75584e-42
-8.26236e-39  2.71478e-23   2.9153e-37 -1.18424e-21  -3.6834e-36  2.72469e-20  2.36589e-35 -4.15803e-19  -5.9216e-35  4.64858e-18 -3.37241e-34 -4.02375e-17  4.63368e-33  2.79171e-16 -3.06317e-32 -1.58891e-15  1.67274e-31  7.53814e-15  -9.5307e-31 -3.01414e-14  5.88468e-30  1.02327e-13 -3.52734e-29 -2.96232e-13  1.88009e-28  7.32434e-13 -8.64485e-28 -1.54478e-12  3.41967e-27  2.76681e-12 -1.17002e-26 -4.17133e-12  3.48481e-26  5.21232e-12 -9.08318e-26 -5.25161e-12  2.07951e-25  4.03996e-12 -4.18967e-25 -2.06203e-12  7.42923e-25  2.97388e-13 -1.15725e-24  5.19937e-13  1.57653e-24 -4.38795e-13 -1.86314e-24  6.59116e-14  1.88289e-24  1.10124e-13 -1.58396e-24 -6.10038e-14  1.04554e-24 -1.40362e-14 -4.50142e-25  2.01511e-14 -1.15266e-26  3.67982e-16   2.3862e-25 -5.09896e-15 -2.52769e-25  2.10814e-16    1.528e-25   1.1439e-15 -3.91384e-26  -1.1148e-17 -3.43803e-26 -2.28895e-16  6.17717e-26 -2.08302e-17 -5.99424e-26   3.7349e-17  4.63462e-26  9.21436e-18  -3.0994e-26 -4.01818e-18  1.80419e-26 -2.08729e-18 -8.90956e-27  7.36062e-20    3.646e-27  2.64797e-19 -1.30664e-27  5.48929e-20  5.40108e-28 -1.27185e-20 -3.19768e-28 -8.09355e-21  2.08961e-28 -1.02238e-21 -1.26585e-28  3.23859e-22  7.02102e-29  1.46644e-22 -3.28792e-29  1.79621e-23  1.09157e-29 -2.89334e-24 -1.88487e-30 -1.43876e-24  -8.4294e-32 -2.15363e-25  1.17921e-31 -1.19947e-27 -4.18894e-32  5.30334e-27  1.82537e-32  1.00507e-27 -5.62285e-33    8.025e-29  8.77799e-34 -1.10433e-30 -1.42807e-34 -9.61612e-31  4.65301e-35 -1.04362e-31 -7.35157e-36 -5.28615e-33  3.52128e-37 -6.96531e-35 -2.68604e-38  5.86612e-36  3.07662e-39  2.73601e-37  1.91223e-41  2.91092e-39
 -7.6384e-24 -2.01154e-37  5.91046e-22  3.91604e-36 -1.79997e-20 -3.60673e-35  3.33635e-19  1.78705e-34  -4.3474e-18 -3.37241e-34  4.28261e-17  -1.2602e-33 -3.33065e-16  5.96456e-33  2.10348e-15  5.64423e-32 -1.09974e-14 -7.97655e-31  4.82378e-14  5.02524e-30 -1.79143e-13  -1.9421e-29  5.66591e-13  3.59845e-29 -1.53077e-12  1.11868e-28  3.53396e-12 -1.37375e-27 -6.95336e-12  7.43949e-27  1.15882e-11 -2.93962e-26 -1.61741e-11  9.39679e-26  1.85378e-11 -2.52945e-25 -1.68283e-11  5.84632e-25  1.11928e-11 -1.17199e-24 -4.25007e-12  2.04733e-24 -6.37356e-13 -3.11899e-24  1.97308e-12  4.13209e-24 -9.74277e-13 -4.72603e-24 -1.54639e-13  4.60064e-24  3.72285e-13 -3.70676e-24 -8.04056e-14  2.31964e-24 -8.54647e-14 -9.14438e-25  3.93867e-14 -8.60587e-26  1.66138e-14  5.14515e-25 -1.12104e-14  -4.8071e-25 -3.43888e-15  2.31907e-25  2.45986e-15  1.56622e-26  8.25313e-16 -1.60463e-25 -4.14248e-16  2.00374e-25 -1.97719e-16 -1.75968e-25  4.29896e-17  1.27235e-25   3.8584e-17 -7.87428e-26  8.63533e-19  4.14746e-26 -5.08697e-18 -1.80357e-26  -1.2279e-18  6.30426e-27  3.00242e-19  -1.9786e-27  2.01364e-19  9.09887e-28  2.13586e-20 -6.44928e-28 -1.19213e-20  4.25742e-28 -4.67036e-21 -2.40143e-28 -3.62128e-22  1.25204e-28  1.93328e-22 -5.68019e-29  6.66495e-23  1.81782e-29  6.88485e-24  -2.7753e-30 -1.08499e-24 -2.86255e-31 -4.71053e-25  2.00559e-31 -6.62369e-26 -5.25618e-32 -1.64979e-27  2.12119e-32  9.76602e-28 -6.46943e-33   1.8332e-28  8.69908e-34  1.50645e-29 -1.23328e-34  2.99678e-31  4.59228e-35 -6.20905e-32 -6.66948e-36 -6.75143e-33  2.11398e-37 -3.02529e-34 -1.68067e-38 -5.46033e-36  1.89998e-39  4.55372e-39  1.13058e-41
 8.92649e-38 -2.23579e-22 -3.21503e-36  9.86709e-21  4.19327e-35 -2.29798e-19 -2.90804e-34  3.55165e-18   1.0774e-33 -4.02375e-17  -1.2602e-33  3.53168e-16  6.49924e-34  -2.4863e-15 -1.33907e-31  1.43693e-14  1.86306e-30 -6.92797e-14 -1.45037e-29  2.81773e-13  8.04749e-29 -9.74013e-13 -3.43504e-28  2.87438e-12    1.148e-27 -7.25457e-12 -2.90178e-27  1.56443e-11  4.61717e-27 -2.87083e-11  1.54275e-27  4.44662e-11 -4.37917e-26 -5.73064e-11  1.94164e-25  5.99225e-11 -5.92802e-25 -4.84227e-11  1.44456e-24  2.68606e-11  -2.9472e-24 -5.82733e-12  5.13603e-24  -5.3376e-12 -7.70776e-24  5.62974e-12  9.97148e-24  -1.3733e-12 -1.10623e-23 -1.18308e-12  1.03831e-23   8.8817e-13 -8.00984e-24  7.45839e-14  4.73795e-24 -2.70151e-13 -1.67951e-24  2.83013e-14 -3.22467e-25  6.58562e-14  1.05324e-24 -1.14458e-14 -8.58071e-25 -1.48894e-14  2.90515e-25  2.17088e-15  2.19546e-25  3.16694e-15 -4.91306e-25 -1.18391e-16  5.36146e-25 -5.81876e-16 -4.44355e-25 -6.83077e-17  3.05365e-25  7.83619e-17 -1.77263e-25  2.50935e-17  8.56318e-26  -5.0685e-18 -3.29994e-26 -4.19926e-18  9.65811e-27  -4.3034e-19 -2.56702e-27  3.19774e-19  1.44634e-27  1.19552e-19 -1.22328e-27  3.94385e-21  7.99299e-28 -7.81107e-21 -4.19859e-28 -2.22909e-21  2.06709e-28 -1.03216e-22 -9.11351e-29  8.72945e-23  2.80502e-29  2.49742e-23 -3.69356e-30  2.35701e-24 -6.51526e-31 -2.85041e-25  3.05833e-31 -1.19223e-25 -5.57331e-32 -1.60783e-26  2.13082e-32 -6.81793e-28 -6.77874e-33  1.13304e-28  7.63637e-34  2.25318e-29 -8.62217e-35   1.8062e-30  4.08205e-35  6.06452e-32 -5.42007e-36 -1.27436e-33  9.00992e-38 -1.89574e-34 -8.97345e-39 -5.94381e-36  9.38919e-40 -4.93252e-38
 5.57348e-23  1.96524e-36 -4.36328e-21 -3.89781e-35  1.34507e-19  3.67928e-34 -2.52508e-18 -1.91331e-33  3.33432e-17  4.63368e-33 -3.33065e-16  6.49924e-34  2.62833e-15   6.4884e-32 -1.68551e-14 -1.80881e-30  8.95507e-14  1.86254e-29  -3.9951e-13 -1.26286e-28  1.51051e-12  6.50418e-28 -4.86916e-12 -2.69069e-27  1.34248e-11  9.14328e-27 -3.16759e-11 -2.55619e-26  6.38166e-11   5.7439e-26 -1.09158e-10 -9.53938e-26  1.56878e-10  7.61604e-26 -1.86035e-10  1.83524e-25  1.76177e-10 -1.04814e-24 -1.24474e-10  3.03531e-24  5.37822e-11 -6.59806e-24  1.15156e-12  1.17153e-23 -2.04607e-11 -1.75046e-23  1.24356e-11  2.22374e-23  2.95369e-13  -2.3999e-23 -4.13308e-12  2.17479e-23  1.39219e-12 -1.60636e-23  8.17652e-13  8.95526e-24  -5.6777e-13 -2.78521e-24 -1.28799e-13 -9.31394e-25  1.56425e-13  2.04727e-24  2.29249e-14  -1.4343e-24 -3.54507e-14  2.23563e-25 -6.17552e-15  7.80752e-25  6.63786e-15 -1.26648e-24  1.86491e-15  1.27846e-24 -9.09007e-16 -1.01151e-24 -4.50782e-16   6.6259e-25  5.46863e-17 -3.61744e-25  7.40914e-17  1.60728e-25   9.1441e-18 -5.46226e-26 -6.62278e-18  1.27636e-26 -2.57976e-18 -2.61986e-27  6.19584e-21  2.17375e-27  2.28763e-19 -2.16707e-27  5.77429e-20  1.38255e-27 -1.42885e-21 -6.78547e-28 -3.95402e-21  3.17538e-28 -8.96595e-22 -1.36448e-28 -2.70265e-23   4.0246e-29  3.04174e-23 -4.41497e-30  7.64214e-24 -1.21345e-30  7.02675e-25  4.23166e-31 -4.78245e-26 -4.68376e-32 -2.23716e-26  1.78366e-32 -2.91402e-27 -6.53646e-33 -1.57216e-28  5.94372e-34  6.02182e-30 -4.09897e-35  1.66346e-30  3.25918e-35  1.22868e-31 -3.93961e-36  4.14391e-33  1.35761e-38  3.33903e-35 -3.97789e-39 -1.18993e-36  3.22683e-40
-7.81901e-37  1.47229e-21  2.86251e-35 -6.57743e-20 -3.79437e-34  1.55149e-18  2.66652e-33 -2.43008e-17 -9.75447e-33  2.79171e-16  5.96456e-33  -2.4863e-15   6.4884e-32  1.77732e-14  7.38578e-31 -1.04381e-13 -1.54149e-29  5.11834e-13  1.37513e-28 -2.11917e-12 -8.49803e-28    7.465e-12  4.09781e-27 -2.24765e-11 -1.61827e-26  5.79595e-11   5.3502e-26 -1.27917e-10 -1.49205e-25  2.40741e-10  3.49293e-25 -3.83474e-10  -6.7075e-25  5.10219e-10  9.86953e-25 -5.54155e-10 -8.41616e-25   4.7045e-10 -7.00212e-25 -2.82388e-10  4.92541e-24  8.05865e-11 -1.28456e-23   4.0966e-11  2.41753e-23 -5.74891e-11 -3.65631e-23  1.96361e-11  4.59634e-23  9.41095e-12 -4.84373e-23 -1.00904e-11   4.2456e-23  4.67263e-13 -3.00381e-23  2.80597e-12  1.57322e-23 -6.72644e-13 -4.12965e-24 -6.45633e-13 -2.30847e-24  2.19564e-13  3.79599e-24  1.44834e-13  -2.2374e-24 -4.70277e-14 -2.16565e-25 -3.26842e-14  2.11976e-24  6.37445e-15 -2.93917e-24  6.75349e-15  2.79976e-24 -1.00205e-16 -2.11931e-24 -1.09133e-15  1.32134e-24 -1.94838e-16 -6.77284e-25   1.0741e-16  2.75939e-25  4.84226e-17 -8.14556e-26 -8.26264e-19  1.36059e-26 -5.22969e-18 -1.44193e-27 -1.23429e-18  3.09445e-27  1.28233e-19 -3.56778e-27  1.25997e-19  2.20444e-27  2.33638e-20 -1.01722e-27 -1.60588e-21  4.56232e-28 -1.59832e-21 -1.91367e-28 -3.06114e-22  5.37945e-29 -8.31846e-24 -4.66769e-30  8.09988e-24 -1.96469e-30  1.86456e-24  5.36034e-31  1.72192e-25 -2.41125e-32 -3.32945e-27  1.11493e-32 -2.91102e-27 -5.88955e-33 -3.66664e-28  4.13572e-34 -2.12975e-29  8.85086e-37 -1.68035e-31  2.32147e-35  5.94926e-32 -2.54944e-36  3.82731e-33 -1.73922e-38  9.11216e-35 -1.37443e-39  5.45847e-37
-3.29196e-22 -1.57996e-35  2.60893e-20  3.18404e-34 -8.14611e-19 -3.04432e-33  1.54982e-17  1.57191e-32 -2.07527e-16 -3.06317e-32  2.10348e-15 -1.33907e-31 -1.68551e-14  7.38578e-31  1.09838e-13  5.95322e-30 -5.93491e-13 -1.06089e-28  2.69519e-12  8.53747e-28 -1.03833e-11 -4.88289e-27   3.4144e-11  2.21298e-26 -9.61577e-11 -8.30878e-26   2.3211e-10  2.63957e-25 -4.79299e-10 -7.16042e-25  8.42325e-10  1.65924e-24 -1.24779e-09 -3.25322e-24  1.53244e-09  5.25442e-24 -1.51491e-09 -6.50129e-24  1.13592e-09  4.58218e-24 -5.50463e-10  3.67556e-24  4.75217e-11 -2.04683e-23  1.68666e-10  4.46013e-23 -1.26954e-10  -7.0183e-23  1.21436e-11  8.82575e-23  3.61615e-11 -9.12643e-23 -1.74815e-11  7.75651e-23 -5.57963e-12 -5.26124e-23  6.30789e-12  2.57828e-23  4.42914e-13 -5.30686e-24 -1.68121e-12 -5.17337e-24 -4.66024e-15  6.77633e-24   3.8908e-13 -3.24105e-24  1.18187e-14 -1.54278e-24 -7.89761e-14   5.0242e-24 -1.01777e-14 -6.30411e-24  1.28487e-14  5.70942e-24  3.71945e-15 -4.13093e-24 -1.32254e-15  2.44402e-24 -7.97772e-16 -1.17128e-24   1.7775e-18  4.34194e-25  9.69077e-17 -1.08113e-25  2.31154e-17  9.04945e-27 -3.96442e-18  1.77665e-27 -3.09192e-18  4.16483e-27 -4.68807e-19 -5.43222e-27  1.03458e-19  3.24141e-27  5.60936e-20 -1.42045e-27  8.13099e-21  6.16577e-28 -7.67205e-22 -2.52134e-28  -5.1922e-22  6.70104e-29 -8.80873e-23 -4.21666e-30 -2.98188e-24 -2.84013e-30  1.59184e-24  6.26291e-31  3.48692e-25  9.92241e-33   3.2249e-26  2.63766e-33  4.77443e-28 -5.06528e-33 -2.34137e-28  2.65057e-34 -2.89307e-29  3.03206e-35 -1.58824e-30  1.45561e-35 -3.38248e-32  -1.4547e-36  5.43931e-34 -1.90091e-38  3.18699e-35 -3.12316e-40
 5.70616e-36 -7.93215e-21 -2.12476e-34  3.58945e-19  2.86095e-33 -8.58109e-18 -2.02647e-32  1.36299e-16  7.02697e-32 -1.58891e-15  5.64423e-32  1.43693e-14 -1.80881e-30 -1.04381e-13  5.95322e-30  6.23444e-13  3.98268e-29 -3.11175e-12 -6.32681e-28  1.31269e-11  4.67374e-27 -4.71647e-11 -2.49286e-26  1.45026e-10  1.06446e-25 -3.82468e-10 -3.79492e-25  8.64766e-10   1.1528e-24  -1.6709e-09 -3.01261e-24   2.7401e-09  6.78862e-24 -3.76783e-09   -1.313e-23  4.25445e-09  2.14849e-23  -3.7953e-09 -2.87412e-23  2.45668e-09  2.86251e-23 -8.62137e-10 -1.34368e-23 -2.21072e-10 -2.13301e-23  4.77007e-10  7.16546e-23 -2.14058e-10 -1.23413e-22 -5.15311e-11  1.57726e-22   9.1739e-11 -1.61076e-22  -1.5961e-11  1.33185e-22 -2.28241e-11 -8.67353e-23  9.28614e-12   3.9526e-23  4.75116e-12 -5.31738e-24 -2.80943e-12 -1.08531e-23 -1.02363e-12  1.17995e-23  6.37002e-13  -4.3248e-24  2.46671e-13 -4.71647e-24 -1.08375e-13  1.08569e-23 -5.86207e-14 -1.26432e-23  1.07214e-14  1.09173e-23  1.13571e-14 -7.53731e-24  5.25095e-16  4.21689e-24 -1.47475e-15   -1.878e-24 -3.96011e-16  6.25112e-25  7.95733e-17 -1.24126e-25   6.1667e-17 -4.60917e-27  7.81686e-18  7.66597e-27 -3.35609e-18  5.24732e-27 -1.46648e-18 -7.60027e-27 -1.43212e-19  4.39434e-27  5.28619e-20 -1.85744e-27  2.05898e-20  7.88639e-28  2.48748e-21 -3.12649e-28  -2.3758e-22  7.76994e-29 -1.34023e-22 -2.96733e-30 -2.08571e-23 -3.71736e-30 -9.36938e-25  6.79702e-31  2.14979e-25   4.8758e-32  4.71633e-26 -5.75205e-33  4.25678e-27 -4.26199e-33   1.4142e-28   1.6829e-34  -8.9558e-30  4.35321e-35 -1.21462e-30  7.83201e-36 -5.44641e-32 -7.18176e-37 -9.69863e-34 -1.03469e-38 -2.64387e-36
 1.60401e-21  1.06966e-34 -1.28771e-19 -2.19401e-33  4.07522e-18  2.13091e-32 -7.86294e-17     -1.1e-31  1.06846e-15  1.67274e-31 -1.09974e-14  1.86306e-30  8.95507e-14 -1.54149e-29 -5.93491e-13  3.98268e-29  3.26415e-12  2.33434e-28 -1.51024e-11 -3.37404e-27  5.93399e-11     2.31e-26 -1.99245e-10 -1.15438e-25  5.73731e-10  4.65263e-25 -1.41827e-09 -1.57465e-24  3.00502e-09  4.56396e-24 -5.43188e-09 -1.14377e-23   8.3032e-09  2.48625e-23 -1.05719e-08 -4.67616e-23  1.09174e-08  7.53948e-23 -8.68198e-09 -1.02054e-22  4.66848e-09  1.10522e-22 -8.42903e-10 -8.27628e-23 -1.10876e-09  1.05687e-23     1.06e-09  9.37203e-23 -2.21307e-10 -1.97472e-22   -2.497e-10  2.62755e-22  1.70645e-10 -2.67286e-22  2.20268e-11  2.15998e-22 -5.55384e-11 -1.35337e-22  4.18325e-12  5.67222e-23  1.41791e-11 -2.00509e-24 -2.09843e-12 -2.18648e-23 -3.31002e-12  2.03258e-23  4.08628e-13 -5.23417e-24  7.19632e-13 -1.13832e-23 -1.34876e-14  2.17795e-23 -1.34251e-13 -2.38397e-23 -1.81407e-14  1.96501e-23   1.8176e-14 -1.29261e-23  6.25503e-15   6.8133e-24 -1.12101e-15 -2.79638e-24 -1.03356e-15  8.18069e-25 -1.21071e-16 -1.14391e-25  7.62052e-17 -3.02781e-26  3.05691e-17  1.62668e-26  1.50222e-18  6.03198e-27  -1.8796e-18 -9.67377e-27 -5.76919e-19  5.48638e-27 -3.62747e-20 -2.29024e-27  1.99802e-20  9.60884e-28  6.25121e-21 -3.65125e-28  6.72858e-22  8.36186e-29 -4.88291e-23 -1.04504e-30  -2.6734e-23 -4.44109e-30 -3.89847e-24  6.90127e-31 -2.14982e-25  8.40482e-32  1.69486e-26 -1.22288e-32  4.23477e-27 -3.57661e-33  3.58505e-28  1.17013e-34  1.37976e-29  4.23565e-35 -7.10366e-34  3.42857e-36 -1.94112e-32 -2.95812e-37 -5.24676e-34 -3.14302e-39
-3.53349e-35  3.55177e-20  1.34081e-33 -1.62914e-18 -1.83985e-32  3.95009e-17  1.32484e-31  -6.3674e-16 -4.51846e-31  7.53814e-15 -7.97655e-31 -6.92797e-14  1.86254e-29  5.11834e-13 -1.06089e-28 -3.11175e-12  2.33434e-28  1.58236e-11   1.2304e-27  -6.8076e-11 -1.63729e-26  2.49728e-10  1.04523e-25 -7.84999e-10 -4.90962e-25  2.11951e-09  1.87049e-24 -4.91494e-09 -6.01087e-24  9.76089e-09  1.66062e-23 -1.64982e-08 -3.98158e-23  2.34723e-08  8.31352e-23 -2.75808e-08 -1.50951e-22  2.58633e-08  2.36728e-22 -1.80041e-08 -3.15935e-22  7.46775e-09  3.47887e-22  5.81872e-10 -2.92864e-22   -3.251e-09  1.39448e-22  1.86671e-09  7.69171e-23  1.21202e-10 -2.83702e-22 -6.76243e-10  4.08663e-22  2.10845e-10 -4.18914e-22  1.43532e-10  3.32946e-22 -9.34744e-11 -2.01218e-22 -2.42246e-11  7.58926e-23  2.70028e-11  9.06919e-24  4.49808e-12 -4.30204e-23 -6.34042e-12  3.50029e-23 -1.20397e-12 -5.54699e-24  1.22184e-12 -2.41116e-23  3.62177e-13  4.08993e-23 -1.70945e-13 -4.23771e-23 -8.85164e-14   3.3375e-23  1.01204e-14 -2.08991e-23  1.47578e-14  1.03379e-23  1.93374e-15 -3.86573e-24 -1.32301e-15  9.58707e-25 -5.35112e-16 -6.22252e-26 -3.51552e-18 -6.80033e-26  4.67953e-17  2.66632e-26  1.23342e-17  5.94248e-27 -1.41339e-19 -1.10024e-26 -8.03697e-19  6.29329e-27 -1.91689e-19 -2.68639e-27 -8.33037e-21  1.12224e-27  5.78074e-21 -4.01365e-28  1.55238e-21  8.30996e-29  1.57303e-22  1.19871e-30 -5.71941e-24 -4.86678e-30 -3.93047e-24  6.60446e-31 -5.42333e-25  1.08626e-31 -3.30398e-26 -1.57427e-32  3.45613e-28 -3.00256e-33  2.19456e-28  9.10755e-35   1.6614e-29  3.23253e-35  5.54086e-31  1.05863e-36  5.93416e-33 -9.44704e-38 -3.58744e-35
 -6.5316e-21 -6.19412e-34  5.31551e-19  1.29642e-32 -1.70627e-17 -1.28626e-31  3.34135e-16   6.7716e-31 -4.61127e-15  -9.5307e-31  4.82378e-14 -1.45037e-29  -3.9951e-13  1.37513e-28  2.69519e-12 -6.32681e-28 -1.51024e-11   1.2304e-27  7.12598e-11  5.92078e-27  -2.8585e-10 -7.30899e-26  9.81068e-10  4.36924e-25 -2.89163e-09 -1.93368e-24  7.32862e-09  6.97266e-24 -1.59512e-08  -2.1284e-23  2.96923e-08  5.60273e-23 -4.68912e-08 -1.28358e-22   6.1965e-08  2.56819e-22  -6.6901e-08 -4.48306e-22  5.64012e-08  6.78995e-22 -3.33833e-08  -8.8194e-22  8.87636e-09   9.6037e-22  5.69236e-09  -8.3451e-22 -7.34019e-09  5.00001e-22  2.37322e-09 -5.19856e-23  1.32521e-09 -3.55814e-22 -1.33898e-09  5.94624e-22  3.88796e-11 -6.23997e-22  3.91892e-10  4.91901e-22 -9.04325e-11 -2.87397e-22 -9.36313e-11  9.32233e-23  3.14431e-11   3.6759e-23  2.16302e-11 -8.32592e-23 -7.04332e-12   6.0423e-23 -5.01654e-12 -4.65144e-24  9.96248e-13  -4.6523e-23  1.06755e-12  7.21899e-23 -1.84389e-14 -7.11239e-23 -1.77921e-13  5.35962e-23 -3.17623e-14 -3.19405e-23  1.80427e-14  1.47621e-23  8.16274e-15  -4.9481e-24 -1.47203e-16  9.72575e-25 -8.99451e-16  4.46882e-26  -2.1477e-16 -1.12777e-25  2.15858e-17  3.68848e-26   2.1931e-17  4.07414e-27  4.16853e-18 -1.07713e-26 -2.43754e-19   6.6051e-27 -2.73657e-19 -3.02986e-27 -5.41293e-20  1.26298e-27 -2.00861e-21  -4.1452e-28  1.27133e-21  7.56346e-29  3.07206e-22   3.2766e-30  3.01715e-23 -4.90749e-30 -3.75299e-26  6.00106e-31 -3.94422e-25  1.18877e-31 -5.18153e-26 -1.62003e-32 -3.14063e-27 -2.48231e-33 -5.31806e-29   7.1665e-35  4.91626e-30  1.97652e-35  3.19829e-31  9.04078e-38  6.12449e-33 -1.95657e-38
 1.88103e-34 -1.33601e-19 -7.28886e-33  6.21637e-18  1.02287e-31 -1.52991e-16 -7.56024e-31   2.5049e-15  2.66341e-30 -3.01414e-14  5.02524e-30  2.81773e-13 -1.26286e-28 -2.11917e-12  8.53747e-28  1.31269e-11 -3.37404e-27  -6.8076e-11  5.92078e-27  2.98996e-10  2.62657e-26 -1.12106e-09 -3.02397e-25  3.60653e-09  1.69804e-24   -9.981e-09  -7.0941e-24  2.37661e-08  2.42384e-23 -4.85718e-08 -7.03168e-23  8.47237e-08  1.76362e-22 -1.24867e-07 -3.85823e-22  1.52847e-07  7.38649e-22 -1.50737e-07 -1.23642e-21  1.12613e-07  1.80071e-21 -5.38142e-08 -2.25926e-21  3.27648e-09  2.39801e-21  1.82193e-08 -2.07691e-21 -1.33705e-08  1.34017e-21  1.08589e-09 -4.24582e-22  4.04657e-09  -3.6306e-22   -1.935e-09  8.12362e-22 -6.53754e-10 -8.91467e-22  7.34168e-10  7.04519e-22  5.27142e-11 -3.98021e-22  -2.0324e-10  1.00367e-22  4.49658e-13   9.7938e-23  4.87208e-11 -1.58226e-22  1.07447e-12  1.03947e-22 -1.02665e-11 -1.75099e-24 -1.22921e-12 -8.31276e-23  1.74298e-12  1.20012e-22  4.87239e-13 -1.12834e-22 -1.89768e-13  8.15276e-23 -1.10233e-13 -4.62568e-23  1.49567e-15    1.987e-23  1.39992e-14 -5.82675e-24  3.24991e-15  7.78243e-25 -6.08193e-16  2.06446e-25 -4.54143e-16 -1.53229e-25 -6.77691e-17  4.42782e-26  1.54965e-17  -7.6248e-28  8.29606e-18 -8.20625e-27  1.21026e-18  6.30016e-27 -1.06702e-19  -3.3229e-27  -7.4841e-20  1.37421e-27 -1.28892e-20  -4.0094e-28 -5.20895e-22  6.21725e-29  2.04823e-22  4.72817e-30  4.64221e-23 -4.56336e-30  4.41911e-24  5.21031e-31  1.04992e-25  1.15393e-31 -2.35203e-26  -1.4292e-32 -3.02387e-27 -1.96953e-33 -1.62849e-28  5.03213e-35 -3.63903e-30  9.35206e-36   1.2145e-32 -1.30863e-37  1.05946e-33
 2.24211e-20   3.1025e-33 -1.85117e-18 -6.64222e-32  6.03231e-17  6.76562e-31 -1.19998e-15 -3.69534e-30  1.68342e-14  5.88468e-30 -1.79143e-13  8.04749e-29  1.51051e-12 -8.49803e-28 -1.03833e-11  4.67374e-27  5.93399e-11 -1.63729e-26  -2.8585e-10  2.62657e-26  1.17195e-09  1.08146e-25 -4.11617e-09 -1.16575e-24  1.24331e-08  6.16389e-24 -3.23465e-08 -2.43479e-23  7.24156e-08  7.89054e-23 -1.38993e-07 -2.17681e-22  2.27069e-07  5.20295e-22 -3.11811e-07  -1.0866e-21  3.52289e-07  1.98879e-21 -3.14801e-07 -3.18687e-21  2.03854e-07  4.45007e-21 -7.04323e-08 -5.36684e-21 -2.10006e-08  5.50451e-21  4.24493e-08 -4.66638e-21 -1.90095e-08  3.06544e-21 -4.86142e-09 -1.24439e-21  8.58282e-09 -2.28694e-22 -1.53928e-09  1.04969e-21 -2.20314e-09 -1.23796e-21  9.36907e-10  9.92479e-22  4.66754e-10 -5.39514e-22 -2.95148e-10  8.03356e-23  -1.0214e-10  2.22745e-22  6.99583e-11 -2.93155e-22  2.54517e-11  1.76246e-22 -1.25953e-11  4.05678e-24  -6.3638e-12 -1.38648e-22   1.3831e-12  1.88113e-22  1.30476e-12 -1.69377e-22  3.37042e-14  1.17701e-22 -1.80085e-13 -6.36341e-23 -4.51664e-14  2.52342e-23   1.0809e-14 -6.22741e-24  7.60089e-15  3.09176e-25  8.77744e-16  4.03593e-25 -4.41757e-16 -1.72289e-25 -1.83561e-16  4.63812e-26 -1.68102e-17 -9.82453e-27  6.86912e-18  -2.8576e-27  2.58913e-18  5.40037e-27  3.08664e-19 -3.57628e-27 -2.90079e-20  1.44693e-27 -1.62526e-20  -3.6156e-28  -2.5241e-21  4.49536e-29 -1.22199e-22  5.28514e-30  2.23436e-23 -3.91939e-30  5.02712e-24  4.34192e-31  4.53019e-25  1.01877e-31  1.64528e-26 -1.10918e-32 -5.79985e-28  -1.4615e-33 -8.83467e-29   2.8495e-35 -3.57586e-30  3.02468e-36    -5.08e-32 -8.24939e-38
 -8.6913e-34    4.251e-19  3.44622e-32 -2.00823e-17 -4.96057e-31  5.02136e-16  3.79061e-30  -8.3584e-15 -1.42763e-29  1.02327e-13  -1.9421e-29 -9.74013e-13  6.50418e-28    7.465e-12 -4.88289e-27 -4.71647e-11     2.31e-26  2.49728e-10 -7.30899e-26 -1.12106e-09  1.08146e-25  4.30131e-09  4.15313e-25 -1.41795e-08 -4.20414e-24  4.02737e-08  2.09728e-23 -9.86007e-08 -7.84346e-23  2.07657e-07  2.41329e-22  -3.7431e-07 -6.33528e-22  5.72235e-07  1.44352e-21  -7.3057e-07 -2.87783e-21  7.58213e-07  5.03303e-21 -6.06966e-07 -7.71168e-21  3.28404e-07  1.03033e-20 -5.79571e-08 -1.19031e-20 -8.28678e-08  1.17287e-20  7.98375e-08 -9.62678e-21 -1.71939e-08  6.26566e-21 -1.93444e-08 -2.78422e-21  1.37694e-08  1.41332e-22  1.57314e-09  1.30233e-21 -4.61496e-09 -1.70221e-21  4.53587e-10  1.39768e-21  1.20975e-09 -7.20911e-22 -2.17517e-10  8.54724e-25 -2.91417e-10   4.6079e-22  4.65998e-11 -5.24957e-22  6.61627e-11  2.91051e-22 -3.48869e-12  1.35282e-23 -1.30622e-11 -2.16666e-22 -1.37781e-12  2.78152e-22  1.90385e-12 -2.40855e-22  5.89229e-13  1.61625e-22 -1.37325e-13 -8.33609e-23 -1.07086e-13  3.02368e-23 -1.01874e-14 -5.86231e-24  8.67231e-15  -4.6025e-25  3.19767e-15  5.93619e-25  1.01109e-16 -1.50485e-25 -2.12955e-16   4.2076e-26 -6.15163e-17 -2.40341e-26 -3.29818e-18  5.13154e-27   2.2452e-18  4.07818e-27  6.69177e-19 -3.79214e-27  6.97428e-20  1.47221e-27 -5.20217e-21 -3.02198e-28 -2.72157e-21  2.68949e-29 -3.89121e-22  4.95964e-30 -2.17865e-23 -3.11299e-30  1.36694e-24  3.48116e-31  3.54582e-25  8.31666e-32  2.90113e-26 -7.64384e-33  1.09006e-27 -9.92521e-34  5.63691e-30   1.1312e-35 -8.26031e-31  3.59301e-37 -1.46583e-32
-6.52214e-20 -1.35532e-32  5.46825e-18  2.97462e-31 -1.81066e-16 -3.12198e-30   3.6625e-15  1.78839e-29 -5.22831e-14 -3.52734e-29  5.66591e-13 -3.43504e-28 -4.86916e-12  4.09781e-27   3.4144e-11 -2.49286e-26 -1.99245e-10  1.04523e-25  9.81068e-10 -3.02397e-25 -4.11617e-09  4.15313e-25  1.48136e-08  1.49311e-24 -4.59168e-08 -1.42273e-23  1.22795e-07  6.70713e-23  -2.8316e-07  -2.3777e-22   5.6121e-07  6.95212e-22  -9.4978e-07 -1.73786e-21  1.35713e-06  3.77651e-21 -1.60627e-06 -7.18811e-21   1.5215e-06  1.20089e-20 -1.07301e-06 -1.75795e-20   4.5246e-07  2.24375e-20  3.53457e-08 -2.47652e-20 -2.04927e-07  2.33442e-20  1.21943e-07 -1.84182e-20  5.90939e-09  1.16971e-20 -4.50985e-08 -5.35746e-21  1.54329e-08  8.36373e-22   9.5177e-09   1.5969e-21 -6.93589e-09 -2.36895e-21 -1.51631e-09  1.99552e-21  2.06466e-09 -9.51698e-22  2.60007e-10 -1.94527e-22 -5.05568e-10  8.86231e-22 -7.43082e-11 -9.01718e-22  1.03352e-10  4.63605e-22   2.5708e-11  2.67052e-23 -1.58331e-11 -3.17608e-22 -7.05407e-12  3.88037e-22  1.21997e-12 -3.24891e-22  1.29676e-12  2.11638e-22  1.26059e-13 -1.04251e-22 -1.30295e-13   3.4134e-23 -4.65331e-14 -4.48861e-24  1.27742e-15 -1.49239e-24  4.55214e-15  7.14243e-25  1.08749e-15 -7.15611e-26 -4.15957e-17  3.25625e-26 -7.86311e-17 -4.34739e-26 -1.74295e-17  1.48939e-26 -5.52086e-19  2.60521e-27  5.62206e-19 -3.94985e-27  1.41591e-19  1.44329e-27  1.36761e-20 -2.32418e-28 -5.44289e-22  1.07559e-29  -3.3422e-22  4.01232e-30 -4.43193e-23 -2.28719e-30 -2.63498e-24  2.69001e-31  1.36449e-26  6.35033e-32  1.38787e-26 -4.68326e-33  9.71212e-28 -6.05323e-34  2.84296e-29  1.70738e-36  2.55424e-31  -1.8785e-37
 3.51031e-33 -1.14847e-18 -1.42725e-31  5.51419e-17  2.11232e-30 -1.40225e-15 -1.67643e-29  2.37563e-14  6.86072e-29 -2.96232e-13  3.59845e-29  2.87438e-12 -2.69069e-27 -2.24765e-11  2.21298e-26  1.45026e-10 -1.15438e-25 -7.84999e-10  4.36924e-25  3.60653e-09 -1.16575e-24 -1.41795e-08  1.49311e-24  4.79653e-08  5.03963e-24 -1.40019e-07 -4.52886e-23  3.52987e-07  2.02042e-22 -7.67216e-07 -6.79685e-22  1.43128e-06  1.89024e-21 -2.27306e-06  -4.5027e-21  3.03075e-06  9.33678e-21  -3.3129e-06 -1.69711e-20  2.83881e-06  2.70814e-20 -1.71789e-06 -3.78513e-20  4.77591e-07  4.60922e-20  2.92719e-07    -4.85e-20 -4.00184e-07   4.3589e-20  1.40203e-07 -3.28898e-20  6.98742e-08  2.01946e-20 -7.89738e-08 -9.26115e-21  5.31912e-09  1.90691e-21  2.32712e-08  2.02666e-21 -6.61856e-09  -3.4019e-21 -5.58362e-09  2.90794e-21  2.32031e-09 -1.23542e-21  1.31397e-09 -5.95367e-22 -5.52844e-10  1.59806e-21 -3.20403e-10 -1.47756e-21  8.99447e-11  7.07607e-22  7.36143e-11  4.19117e-23  -5.6163e-12 -4.36414e-22 -1.34706e-11  5.10619e-22 -1.76833e-12  -4.1643e-22  1.55726e-12  2.65057e-22  5.93058e-13 -1.24771e-22 -4.18784e-14  3.61508e-23 -7.48133e-14 -1.96704e-24 -1.52916e-14 -2.67621e-24   2.5002e-15  6.94692e-25  1.83504e-15  7.10739e-26  3.07248e-16   2.1622e-26 -3.02401e-17 -6.69601e-26 -2.31942e-17  2.49359e-26 -4.20873e-18   1.2603e-27  -1.0118e-19 -4.00502e-27  1.07236e-19  1.35891e-27  2.38613e-20 -1.63131e-28  2.20513e-21 -1.57927e-30 -1.05198e-23   2.8219e-30 -2.77473e-23 -1.55112e-30 -3.41251e-24  2.01134e-31 -1.94483e-25  4.56672e-32 -3.33832e-27 -2.54267e-33  2.13118e-28 -3.24875e-34   1.1722e-29 -1.35426e-36  1.37824e-31
