 1.41389e-13 -6.07124e-28 -4.70498e-12  2.10015e-26  6.21162e-11 -1.68526e-25 -4.99792e-10  7.89993e-25  2.80432e-09 -2.65067e-24 -1.16353e-08  7.43938e-24  3.64298e-08 -1.38091e-23 -8.48507e-08  1.87732e-23  1.36242e-07 -2.49809e-23 -1.10652e-07  6.82106e-23 -4.38946e-08
-6.07124e-28  6.70762e-12 -1.30224e-26 -1.27401e-10  1.70385e-25  1.28318e-09 -4.70606e-25 -8.55178e-09 -2.07547e-24  4.11851e-08  1.67089e-23 -1.48815e-07 -7.58679e-23  4.04889e-07  2.17736e-22 -7.96105e-07 -3.89907e-22  9.57357e-07  2.77032e-22 -9.78824e-08  3.94356e-22
-4.70498e-12 -1.30224e-26  1.57041e-10 -5.67199e-26  -2.0798e-09 -7.03498e-25  1.67887e-08  1.41086e-23 -9.45202e-08 -9.58861e-23  3.93547e-07  3.79596e-22 -1.23658e-06 -1.13739e-21  2.88991e-06  2.33881e-21 -4.65013e-06 -2.91473e-21  3.75148e-06  7.44146e-22  1.63298e-06
 2.10015e-26 -1.27401e-10 -5.67199e-26  2.42763e-09  6.41278e-25 -2.45341e-08 -1.87875e-23   1.6409e-07  1.74934e-22 -7.93211e-07 -7.86489e-22  2.87731e-06  2.64842e-21 -7.85876e-06 -6.33946e-21  1.54985e-05  1.02911e-20 -1.85795e-05 -8.73923e-21  1.13399e-06  -1.8666e-21
 6.21162e-11  1.70385e-25  -2.0798e-09  6.41278e-25  2.76334e-08  8.44399e-24 -2.23814e-07 -1.64201e-22  1.26446e-06  1.06462e-21 -5.28375e-06 -4.01734e-21  1.66631e-05  1.16175e-20  -3.9076e-05 -2.30025e-20  6.30115e-05  2.76708e-20 -5.04719e-05 -6.74025e-21 -2.40445e-05
-1.68526e-25  1.28318e-09 -7.03498e-25 -2.45341e-08  8.44399e-24  2.48824e-07  6.35421e-23 -1.67039e-06 -1.03291e-21  8.10633e-06  4.75681e-21  -2.9525e-05 -1.67517e-20  8.09668e-05  4.04907e-20 -0.000160167 -6.56085e-20    0.0001913  5.29316e-20 -2.83792e-06  2.39041e-20
-4.99792e-10 -4.70606e-25  1.67887e-08 -1.87875e-23 -2.23814e-07  6.35421e-23  1.81906e-06   4.6056e-22 -1.03141e-05 -4.32586e-21  4.32594e-05  1.72745e-20 -0.000136938 -5.29424e-20  0.000322263  1.06674e-19 -0.000520782 -1.32387e-19  0.000413963  7.11837e-20  0.000215382
 7.89993e-25 -8.55178e-09  1.41086e-23   1.6409e-07 -1.64201e-22 -1.67039e-06   4.6056e-22  1.12575e-05  1.84083e-21 -5.48569e-05 -9.98222e-21  0.000200656  4.32711e-20 -0.000552588 -1.07284e-19   0.00109657  1.74636e-19  -0.00130404 -1.58152e-19 -4.85279e-05  4.36031e-21
 2.80432e-09 -2.07547e-24 -9.45202e-08  1.74934e-22  1.26446e-06 -1.03291e-21 -1.03141e-05  1.84083e-21  5.86992e-05  2.26298e-21 -0.000247142 -1.91806e-20  0.000785362  8.77816e-20  -0.00185491 -1.89424e-19   0.00300408  1.99726e-19  -0.00236845  4.53628e-20  -0.00134333
-2.65067e-24  4.11851e-08 -9.58861e-23 -7.93211e-07  1.06462e-21  8.10633e-06 -4.32586e-21 -5.48569e-05  2.26298e-21  0.000268471  3.71344e-21 -0.000986433 -8.72945e-20   0.00272857  2.64084e-19  -0.00543219 -4.62178e-19   0.00642727  3.00036e-19  0.000615638  6.26093e-19
-1.16353e-08  1.67089e-23  3.93547e-07 -7.86489e-22 -5.28375e-06  4.75681e-21  4.32594e-05 -9.98222e-21 -0.000247142  3.71344e-21   0.00104465  4.48823e-20  -0.00333281 -2.85784e-19   0.00790057  6.78924e-19   -0.0128231 -8.13341e-19    0.0100226  4.93381e-19     0.006183
 7.43938e-24 -1.48815e-07  3.79596e-22  2.87731e-06 -4.01734e-21  -2.9525e-05  1.72745e-20  0.000200656 -1.91806e-20 -0.000986433  4.48823e-20   0.00364133  1.27582e-19   -0.0101183  -4.6096e-19    0.0202103  8.48746e-19    -0.023775  -7.3451e-19  -0.00381517 -7.05258e-19
 3.64298e-08 -7.58679e-23 -1.23658e-06  2.64842e-21  1.66631e-05 -1.67517e-20 -0.000136938  4.32711e-20  0.000785362 -8.72945e-20  -0.00333281  1.27582e-19     0.010675  1.14481e-19   -0.0253983 -5.39209e-19    0.0413109  3.90376e-19   -0.0320016 -1.75236e-19   -0.0213877
-1.38091e-23  4.04889e-07 -1.13739e-21 -7.85876e-06  1.16175e-20  8.09668e-05 -5.29424e-20 -0.000552588  8.77816e-20   0.00272857 -2.85784e-19   -0.0101183  1.14481e-19    0.0282413  1.91969e-19   -0.0565867 -6.08663e-19    0.0661734  1.85428e-19    0.0149709  3.70688e-18
-8.48507e-08  2.17736e-22  2.88991e-06 -6.33946e-21  -3.9076e-05  4.04907e-20  0.000322263 -1.07284e-19  -0.00185491  2.64084e-19   0.00790057  -4.6096e-19   -0.0253983  1.91969e-19    0.0606316   4.6704e-19   -0.0988101 -4.72062e-20    0.0759031  1.24333e-18    0.0544146
 1.87732e-23 -7.96105e-07  2.33881e-21  1.54985e-05 -2.30025e-20 -0.000160167  1.06674e-19   0.00109657 -1.89424e-19  -0.00543219  6.78924e-19    0.0202103 -5.39209e-19   -0.0565867   4.6704e-19      0.11364 -1.79518e-19    -0.132448  4.39629e-19   -0.0352851 -5.90827e-18
 1.36242e-07 -3.89907e-22 -4.65013e-06  1.02911e-20  6.30115e-05 -6.56085e-20 -0.000520782  1.74636e-19   0.00300408 -4.62178e-19   -0.0128231  8.48746e-19    0.0413109 -6.08663e-19   -0.0988101 -1.79518e-19     0.161213 -1.04159e-18    -0.123296  8.84346e-19   -0.0915983
-2.49809e-23  9.57357e-07 -2.91473e-21 -1.85795e-05  2.76708e-20    0.0001913 -1.32387e-19  -0.00130404  1.99726e-19   0.00642727 -8.13341e-19    -0.023775  3.90376e-19    0.0661734 -4.72062e-20    -0.132448 -1.04159e-18      0.15732 -2.56418e-19    0.0149108  7.49573e-18
-1.10652e-07  2.77032e-22  3.75148e-06 -8.73923e-21 -5.04719e-05  5.29316e-20  0.000413963 -1.58152e-19  -0.00236845  3.00036e-19    0.0100226  -7.3451e-19   -0.0320016  1.85428e-19    0.0759031  4.39629e-19    -0.123296 -2.56418e-19    0.0969212  1.43055e-18    0.0573316
 6.82106e-23 -9.78824e-08  7.44146e-22  1.13399e-06 -6.74025e-21 -2.83792e-06  7.11837e-20 -4.85279e-05  4.53628e-20  0.000615638  4.93381e-19  -0.00381517 -1.75236e-19    0.0149709  1.24333e-18   -0.0352851  8.84346e-19    0.0149108  1.43055e-18     0.252103  2.01808e-17
-4.38946e-08  3.94356e-22  1.63298e-06  -1.8666e-21 -2.40445e-05  2.39041e-20  0.000215382  4.36031e-21  -0.00134333  6.26093e-19     0.006183 -7.05258e-19   -0.0213877  3.70688e-18    0.0544146 -5.90827e-18   -0.0915983  7.49573e-18    0.0573316  2.01808e-17     0.114228
