    0.132071 -2.51489e-15    0.0944364 -6.49863e-16   -0.0154317   5.0224e-16   -0.0355666  3.28456e-16   -0.0067805 -4.32982e-17    0.0074119 -9.79302e-17   0.00444354 -2.87285e-17  0.000342827  4.98415e-18 -0.000495988  5.12966e-18 -0.000194263  1.09867e-18 -2.09324e-05
-2.51489e-15     0.186385 -1.70808e-15    0.0604424  5.67411e-17    -0.032369  5.70603e-16   -0.0305371  2.24201e-16  -0.00248649 -7.84837e-17    0.0080993 -1.02401e-16   0.00491602 -3.71773e-17  0.000909016 -1.13854e-18 -0.000207034   2.5684e-18 -0.000100498  4.25717e-19
   0.0944364 -1.70808e-15    0.0885956 -7.91491e-16    0.0149698  1.57777e-16   -0.0283065    4.377e-16   -0.0240836  1.90823e-16  -0.00309583 -5.56184e-17   0.00716126 -1.02246e-16   0.00544529 -4.88123e-17   0.00171907 -1.04577e-17  0.000226301 -9.27382e-19  5.59653e-06
-6.49863e-16    0.0604424 -7.91491e-16    0.0560412 -5.39516e-16    0.0172708  7.48151e-17    -0.021137  3.88689e-16   -0.0233481  2.06034e-16  -0.00492359 -3.15188e-17   0.00599603 -9.54781e-17   0.00545571 -5.27525e-17   0.00208219 -1.42816e-17  0.000369521 -1.50312e-18
  -0.0154317  5.67411e-17    0.0149698 -5.39516e-16    0.0448725  -5.3832e-16    0.0173182  6.42027e-17   -0.0195678  3.68292e-16   -0.0229512  2.21586e-16  -0.00671576  4.21484e-19   0.00390251 -7.04984e-17   0.00425015 -4.00286e-17   0.00152917 -9.01602e-18  0.000179779
  5.0224e-16    -0.032369  1.57777e-16    0.0172708  -5.3832e-16    0.0428587 -4.87023e-16    0.0154088   5.7217e-17   -0.0176912  3.39563e-16   -0.0225292  2.40606e-16   -0.0092945  4.78081e-17  0.000473278 -2.46405e-17   0.00179973 -1.50268e-17  0.000529727 -2.06309e-18
  -0.0355666  5.70603e-16   -0.0283065  7.48151e-17    0.0173182 -4.87023e-16    0.0376174 -4.37987e-16    0.0150043  2.64369e-17   -0.0154419  3.17007e-16   -0.0225925  2.65467e-16   -0.0126011   1.0603e-16  -0.00354164  2.32955e-17 -0.000447766  2.91762e-18 -1.54279e-05
 3.28456e-16   -0.0305371    4.377e-16    -0.021137  6.42027e-17    0.0154088 -4.37987e-16    0.0351858 -4.18435e-16    0.0156975 -1.22722e-18   -0.0134329  2.99978e-16   -0.0227504  2.86504e-16   -0.0151303  1.43595e-16  -0.00565579   4.1621e-17  -0.00106408  4.98275e-18
  -0.0067805  2.24201e-16   -0.0240836  3.88689e-16   -0.0195678   5.7217e-17    0.0150043 -4.18435e-16     0.034301 -4.13247e-16    0.0166799 -2.64876e-17    -0.011105  2.69628e-16   -0.0210117  2.63443e-16   -0.0137818  1.23441e-16   -0.0044695  2.75591e-17  -0.00051672
-4.32982e-17  -0.00248649  1.90823e-16   -0.0233481  3.68292e-16   -0.0176912  2.64369e-17    0.0156975 -4.13247e-16    0.0340064 -4.21047e-16    0.0183411 -7.11985e-17  -0.00637299  1.79602e-16   -0.0142482   1.6436e-16  -0.00804199  6.08874e-17  -0.00185014   8.2081e-18
   0.0074119 -7.84837e-17  -0.00309583  2.06034e-16   -0.0229512  3.39563e-16   -0.0154419 -1.22722e-18    0.0166799 -4.21047e-16    0.0345934 -4.52035e-16    0.0226259 -1.79227e-16   0.00351022  1.20334e-17  -0.00345289  3.43242e-17  -0.00191259  1.01627e-17 -0.000254683
-9.79302e-17    0.0080993 -5.56184e-17  -0.00492359  2.21586e-16   -0.0225292  3.17007e-16   -0.0134329 -2.64876e-17    0.0183411 -4.52035e-16     0.037892 -5.41794e-16    0.0318135 -3.53863e-16    0.0159721 -1.54629e-16   0.00510204 -4.41902e-17  0.000913272 -4.35729e-18
  0.00444354 -1.02401e-16   0.00716126 -3.15188e-17  -0.00671576  2.40606e-16   -0.0225925  2.99978e-16    -0.011105 -7.11985e-17    0.0226259 -5.41794e-16    0.0459756 -6.86743e-16    0.0421783 -4.93657e-16    0.0229572 -2.16801e-16   0.00704881  -4.7773e-17  0.000820903
-2.87285e-17   0.00491602 -1.02246e-16   0.00599603  4.21484e-19   -0.0092945  2.65467e-16   -0.0227504  2.69628e-16  -0.00637299 -1.79227e-16    0.0318135 -6.86743e-16     0.054699 -7.77473e-16    0.0446286  -4.8574e-16    0.0201838 -1.65678e-16   0.00436978 -1.97839e-17
 0.000342827 -3.71773e-17   0.00544529 -9.54781e-17   0.00390251  4.78081e-17   -0.0126011  2.86504e-16   -0.0210117  1.79602e-16   0.00351022 -3.53863e-16    0.0421783 -7.77473e-16    0.0546442  -7.0012e-16    0.0353484 -3.40655e-16    0.0118283 -7.82704e-17   0.00142149
 4.98415e-18  0.000909016 -4.88123e-17   0.00545571 -7.04984e-17  0.000473278   1.0603e-16   -0.0151303  2.63443e-16   -0.0142482  1.20334e-17    0.0159721 -4.93657e-16    0.0446286  -7.0012e-16    0.0422428 -4.77926e-16     0.020442 -1.68748e-16   0.00455661 -2.06641e-17
-0.000495988 -1.13854e-18   0.00171907 -5.27525e-17   0.00425015 -2.46405e-17  -0.00354164  1.43595e-16   -0.0137818   1.6436e-16  -0.00345289 -1.54629e-16    0.0229572  -4.8574e-16    0.0353484 -4.77926e-16    0.0243655 -2.40659e-16   0.00838445 -5.60058e-17   0.00101815
 5.12966e-18 -0.000207034 -1.04577e-17   0.00208219 -4.00286e-17   0.00179973  2.32955e-17  -0.00565579  1.23441e-16  -0.00804199  3.43242e-17   0.00510204 -2.16801e-16    0.0201838 -3.40655e-16     0.020442 -2.40659e-16    0.0101691 -8.60346e-17   0.00229334 -1.06165e-17
-0.000194263   2.5684e-18  0.000226301 -1.42816e-17   0.00152917 -1.50268e-17 -0.000447766   4.1621e-17   -0.0044695  6.08874e-17  -0.00191259 -4.41902e-17   0.00704881 -1.65678e-16    0.0118283 -1.68748e-16   0.00838445 -8.60346e-17   0.00292002 -2.00953e-17  0.000356238
 1.09867e-18 -0.000100498 -9.27382e-19  0.000369521 -9.01602e-18  0.000529727  2.91762e-18  -0.00106408  2.75591e-17  -0.00185014  1.01627e-17  0.000913272  -4.7773e-17   0.00436978 -7.82704e-17   0.00455661 -5.60058e-17   0.00229334 -2.00953e-17  0.000519809 -2.48147e-18
-2.09324e-05  4.25717e-19  5.59653e-06 -1.50312e-18  0.000179779 -2.06309e-18 -1.54279e-05  4.98275e-18  -0.00051672   8.2081e-18 -0.000254683 -4.35729e-18  0.000820903 -1.97839e-17   0.00142149 -2.06641e-17   0.00101815 -1.06165e-17  0.000356238 -2.48147e-18  4.35478e-05
