  1.1835e-33 -2.93285e-37 -1.70681e-33  -5.6824e-36    1.027e-33  5.32928e-36 -6.57736e-35  6.38702e-36 -4.07376e-34 -4.94817e-36   3.7981e-34 -8.01931e-37 -1.45188e-34 -5.97427e-36   2.0241e-34  2.24201e-36 -5.62169e-35  1.09246e-36  4.76981e-35 -4.35856e-37 -2.84774e-35  2.30857e-36  2.44726e-36 -6.11747e-38 -2.44329e-36  -9.0812e-38 -1.81384e-36 -5.43406e-38  3.14153e-37  1.45146e-38  1.57655e-36  2.65039e-38  1.19918e-37 -2.72693e-38 -3.01065e-37 -1.24296e-38  1.56394e-36  6.89652e-39 -6.19392e-36 -2.15231e-39  2.36581e-35  3.53595e-39 -8.35444e-35  -4.4881e-40  2.68286e-34 -1.20362e-40 -7.83689e-34 -3.08222e-40  2.07964e-33  7.87136e-40 -5.00311e-33 -2.53405e-39  1.08817e-32  7.49299e-39 -2.13188e-32 -2.08086e-38  3.74409e-32  5.40003e-38 -5.85706e-32 -1.31121e-37  8.09182e-32  2.97798e-37 -9.75607e-32 -6.32653e-37  1.00872e-31  1.25711e-36 -8.69686e-32 -2.33586e-36  5.93563e-32  4.05688e-36 -2.82401e-32 -6.58163e-36  4.78977e-33  9.96504e-36  5.63292e-33 -1.40643e-35 -5.65835e-33  1.84754e-35   1.9707e-33 -2.25476e-35  4.63777e-34  2.55066e-35 -7.35165e-34 -2.66736e-35  1.96107e-34   2.5705e-35  9.15628e-35 -2.27444e-35 -6.49872e-35  1.84006e-35 -2.16597e-36 -1.35463e-35  1.15672e-35  9.02538e-36  -1.5473e-36 -5.40813e-36 -1.22231e-36  2.89323e-36  1.78243e-37 -1.36979e-36  1.51883e-37  5.67618e-37 -2.83637e-38 -2.02849e-37 -7.78355e-39  6.11821e-38  2.58683e-40 -1.50287e-38  7.23517e-40  2.79935e-39 -3.31163e-41 -3.20446e-40 -1.31811e-41 -5.21194e-42 -1.96315e-42  1.12516e-41   2.8277e-43 -2.48558e-42  3.79056e-44  2.86526e-43 -2.42299e-45 -1.71676e-44  1.16465e-46  4.12009e-46 -1.41061e-47 -2.56332e-48
-2.93285e-37  3.03044e-33 -2.75968e-36 -2.73406e-33 -1.93818e-35  1.12285e-33  1.29574e-35  3.80472e-34  1.21933e-35 -9.05878e-34  1.24447e-36  5.18762e-34  -1.2944e-35 -4.19054e-35  -9.9316e-36  3.42997e-34  1.62754e-36 -1.30262e-34  4.22455e-36   1.4668e-34 -1.63621e-36 -6.75181e-35   5.1824e-36  2.96799e-36  4.89554e-37 -8.46962e-36 -2.63947e-37 -4.19034e-36 -6.04438e-39 -5.99036e-37  4.73949e-38  3.93729e-36  8.23277e-38  2.09685e-36 -5.53681e-38 -1.09532e-35 -4.16869e-38  4.96523e-35  1.90244e-38 -2.00215e-34 -6.02157e-39  7.39595e-34  1.02756e-38 -2.49099e-33 -1.39844e-39  7.63522e-33  6.30731e-40 -2.12766e-32  -4.2247e-39  5.38119e-32  1.28836e-38  -1.2323e-31 -3.93479e-38  2.54697e-31  1.12445e-37 -4.73122e-31 -3.00422e-37  7.85518e-31   7.5014e-37  -1.1571e-30 -1.75172e-36  1.49706e-30  3.82595e-36   -1.677e-30 -7.81667e-36   1.5912e-30  1.49386e-35 -1.23176e-30 -2.67013e-35  7.19448e-31  4.46218e-35 -2.47185e-31 -6.96795e-35 -3.61424e-32  1.01589e-34  1.10075e-31 -1.38124e-34 -6.47501e-32  1.74866e-34  7.28309e-33 -2.05735e-34  1.36238e-32  2.24398e-34 -7.98077e-33 -2.26241e-34 -6.61108e-35  2.10117e-34  1.69676e-33  -1.7904e-34 -4.24166e-34  1.39334e-34 -2.13227e-34 -9.85219e-35  1.04405e-34  6.29292e-35  1.57749e-35 -3.60704e-35 -1.31968e-35  1.84139e-35 -1.63795e-36 -8.29768e-36  1.47919e-36  3.26419e-36  7.84143e-38 -1.10462e-36 -7.79008e-38  3.14709e-37 -1.40299e-38 -7.28308e-38  4.20829e-39   1.2742e-38  5.10649e-40  -1.3677e-39 -3.26124e-41 -1.66166e-41 -2.07978e-41  3.87517e-41 -3.14116e-44 -7.48759e-42  1.50635e-43  6.99729e-43  5.40121e-45  -2.8185e-44  2.33493e-46   1.4045e-46 -1.72383e-47
-1.70681e-33 -2.75968e-36  4.78884e-33 -1.15526e-35 -3.20083e-33 -4.24018e-35  9.78949e-34   2.4713e-35  8.04713e-34  2.05184e-35 -1.37656e-33  1.31838e-35  4.25086e-34 -3.48141e-35  2.54564e-34 -1.13794e-35  4.11432e-34 -4.21751e-36 -2.13728e-34  7.73444e-36  2.78039e-34 -3.18131e-36 -9.64269e-35  8.11908e-36 -6.34368e-36  1.99538e-36 -1.80765e-35 -4.85724e-37 -7.74624e-36  2.42774e-37  -1.2501e-36  4.23284e-38 -3.25485e-36  1.73396e-37  5.75103e-35 -7.48842e-38 -2.72254e-34 -8.65744e-38  1.16144e-33  3.69039e-38 -4.50037e-33  -1.2828e-38   1.5891e-32  2.23676e-38 -5.10948e-32 -6.17219e-39  1.49456e-31  1.29715e-38 -3.97159e-31 -4.73184e-38  9.56855e-31  1.46731e-37 -2.08427e-30 -4.31204e-37  4.08969e-30  1.18484e-36 -7.19374e-30 -3.04126e-36  1.12712e-29   7.2943e-36 -1.55957e-29 -1.63551e-35  1.88301e-29  3.42898e-35 -1.94925e-29 -6.72376e-35  1.68173e-29  1.23322e-34 -1.14715e-29 -2.11566e-34  5.43261e-30  3.39431e-34 -8.79278e-31 -5.09084e-34 -1.13482e-30  7.13282e-34  1.11931e-30 -9.32628e-34 -3.83515e-31  1.13626e-33   -9.751e-32 -1.28733e-33  1.47797e-31  1.35272e-33 -3.83276e-32 -1.31413e-33 -1.92242e-32  1.17573e-33  1.33203e-32 -9.64446e-34   4.5786e-34  7.21679e-34 -2.33792e-33 -4.89823e-34  2.73537e-34   2.9966e-34  2.75243e-34 -1.64089e-34 -4.39225e-35  7.97984e-35 -2.92378e-35 -3.41546e-35  4.77427e-36  1.27258e-35  2.04535e-36 -4.06827e-36 -1.46012e-37  1.09229e-36 -1.33616e-37 -2.37542e-37  1.81205e-39  3.88626e-38  3.72824e-39 -3.85256e-39  3.54696e-40 -5.44502e-41  -6.2949e-41  9.31544e-41 -6.00606e-42 -1.54089e-41  1.14444e-44  1.13179e-42  2.60713e-44  -2.6484e-44  8.61402e-46 -2.68037e-46
 -5.6824e-36 -2.73406e-33 -1.15526e-35  6.21271e-33 -2.90108e-35 -3.39802e-33 -7.22959e-35  7.01763e-34  4.44325e-35  1.06283e-33  3.75176e-35 -1.71473e-33  2.22414e-35  1.85039e-34 -5.94785e-35  6.09712e-34 -9.19847e-36  3.74963e-34 -1.63297e-35  -2.7048e-34  8.39708e-36  4.01812e-34 -4.21683e-36 -1.00521e-34  9.98098e-36 -3.01458e-35  4.43986e-36 -2.76773e-35 -5.20594e-37 -1.91849e-35  6.95653e-37  3.74354e-35 -6.26637e-38 -2.31676e-34  2.82781e-37  1.19451e-33 -7.92162e-38 -5.34181e-33  -1.3264e-37  2.17221e-32  5.77062e-38 -8.04267e-32  -2.4692e-38  2.71209e-31  4.82711e-38 -8.32436e-31 -4.47281e-38  2.32306e-30  1.37544e-37 -5.88427e-30 -4.50836e-37  1.34962e-29  1.36138e-36 -2.79401e-29 -3.84782e-36  5.19881e-29   1.0154e-35 -8.64621e-29 -2.50154e-35  1.27579e-28  5.75541e-35 -1.65337e-28 -1.23711e-34  1.85493e-28  2.48506e-34 -1.76217e-28 -4.66649e-34   1.3648e-28  8.19378e-34 -7.95994e-29 -1.34557e-33  2.70573e-29  2.06679e-33  4.44862e-30 -2.96901e-33 -1.25447e-29  3.98732e-33  7.30337e-30 -5.00206e-33 -7.66984e-31  5.85358e-33 -1.58428e-30 -6.37695e-33  9.13412e-31  6.44929e-33  1.62452e-32  -6.0334e-33 -1.99956e-31   5.1984e-33  4.92527e-32 -4.10415e-33  2.52038e-32  2.95202e-33 -1.20476e-32 -1.92219e-33 -2.09464e-33  1.12525e-33  1.64658e-33 -5.87804e-34  1.77984e-34  2.71783e-34 -1.69016e-34 -1.10229e-34 -1.37948e-35  3.88006e-35  1.05952e-35 -1.16902e-35  1.50883e-36  2.95247e-36 -4.59149e-37 -6.02598e-37 -7.82581e-38  9.20172e-38  6.16499e-39 -8.34879e-39  2.37843e-39 -1.59938e-40   2.5343e-41  1.77986e-40  -1.7667e-41 -2.47557e-41 -1.21669e-42  1.38225e-42  1.27541e-44 -1.47726e-44  1.03548e-45
   1.027e-33 -1.93818e-35 -3.20083e-33 -2.90108e-35   7.6753e-33 -4.90547e-35 -3.65733e-33 -1.04757e-34  8.22457e-35  7.14896e-35  1.05413e-33  6.75912e-35 -1.77832e-33  2.41687e-35 -4.45778e-35 -7.63338e-35  8.62736e-34 -4.10568e-36  2.33781e-34 -3.33007e-35 -2.76886e-34  3.93532e-36  4.83021e-34 -4.02332e-36 -8.51411e-35  9.88257e-36   -6.929e-35  7.34682e-36 -1.26502e-35  3.90812e-38 -1.67663e-34  1.20245e-36  8.42915e-34 -2.80719e-37 -4.40111e-33  3.77753e-37  2.06883e-32 -7.95316e-38 -8.82156e-32 -1.54376e-37  3.42496e-31  7.85903e-38 -1.21112e-30 -5.82484e-38  3.89963e-30  1.57979e-37 -1.14238e-29  -3.6792e-37  3.04047e-29  1.20054e-36 -7.33724e-29 -3.75499e-36  1.60096e-28   1.0934e-35 -3.14691e-28  -2.9703e-35  5.54546e-28  7.52541e-35 -8.70474e-28 -1.77844e-34  1.20668e-27  3.92143e-34 -1.45954e-27  -8.0701e-34  1.51333e-27  1.55052e-33 -1.30722e-27 -2.78225e-33  8.91837e-28  4.66468e-33 -4.20933e-28 -7.31063e-33  6.52892e-29  1.07151e-32  9.15853e-29 -1.46926e-32  -8.9057e-29    1.885e-32  3.01157e-29 -2.26191e-32  8.16799e-30  2.53598e-32 -1.19637e-29 -2.65151e-32  3.03968e-30  2.57774e-32  1.60612e-30 -2.32079e-32 -1.09359e-30  1.92527e-32 -4.20728e-32 -1.46291e-32  1.93422e-31  1.01135e-32 -2.11112e-32 -6.31506e-33 -2.37997e-32  3.53414e-33  3.84503e-33 -1.75833e-33  2.42785e-33  7.71207e-34 -3.72921e-34 -2.95553e-34    -1.87e-34  9.79914e-35  1.46149e-35 -2.77556e-35   1.1156e-35  6.58595e-36 -5.86646e-39 -1.26197e-36 -3.56892e-37  1.80044e-37 -2.77696e-38 -1.49118e-38  5.01531e-39 -3.69231e-40  5.98002e-40  2.81586e-40 -9.05922e-43 -3.23445e-41 -2.70889e-42  1.31301e-42  -5.5393e-44 -3.83842e-45
 5.32928e-36  1.12285e-33 -4.24018e-35 -3.39802e-33 -4.90547e-35  9.69107e-33 -5.86741e-35  -4.0338e-33 -1.31987e-34 -8.92614e-34  9.39268e-35  6.01888e-34  1.08995e-34 -1.50282e-33  2.02701e-35 -1.33739e-34  -7.5295e-35  9.33532e-34  1.67889e-36  3.17763e-35 -5.25544e-35 -2.40054e-34 -5.20825e-36  5.07671e-34 -2.43998e-36 -6.23419e-35  7.64325e-36 -1.73448e-34  1.00552e-35  3.99736e-34  1.57907e-36 -2.63937e-33  1.53362e-36  1.41389e-32 -5.50088e-37 -6.96034e-32   4.2209e-37  3.11315e-31 -1.03785e-37 -1.26737e-30 -1.27125e-37  4.69926e-30  1.25983e-37 -1.58697e-29 -2.60861e-37  4.87848e-29  9.10454e-37 -1.36363e-28 -2.89472e-36  3.45991e-28  9.30197e-36 -7.94977e-28 -2.79965e-35  1.64882e-27  7.84782e-35 -3.07383e-27 -2.04949e-34  5.12222e-27  4.98653e-34 -7.57325e-27 -1.13045e-33  9.83427e-27  2.38811e-33 -1.10544e-26  -4.7019e-33  1.05195e-26   8.6299e-33 -8.15668e-27 -1.47708e-32  4.75484e-27  2.35884e-32 -1.60254e-27 -3.51723e-32 -2.89453e-28   4.9012e-32  7.70298e-28 -6.38895e-32 -4.45106e-28  7.79761e-32  4.40224e-29 -8.91451e-32  9.92209e-29  9.54318e-32 -5.65806e-29 -9.55197e-32   -1.404e-30  8.91264e-32  1.26756e-29 -7.71725e-32 -3.08231e-30  6.16399e-32 -1.62007e-30 -4.50908e-32  7.63697e-31  2.99677e-32  1.41402e-31 -1.79405e-32  -1.0816e-31  9.58927e-33 -1.14136e-32 -4.53558e-33  1.09005e-32  1.88175e-33  1.01162e-33 -6.79004e-34    -7.25e-34  2.11272e-34 -9.81278e-35 -5.61076e-35  2.98585e-35   1.2503e-35  5.59896e-36 -2.25474e-36 -4.58503e-37   3.0184e-37 -1.57375e-37 -2.29135e-38 -2.89962e-39 -6.59877e-40  1.31503e-39  3.73617e-40  8.37993e-41 -3.45533e-41 -9.82864e-43  9.41675e-43 -6.55487e-44
-6.57736e-35  1.29574e-35  9.78949e-34 -7.22959e-35 -3.65733e-33 -5.86741e-35  1.23743e-32 -5.05997e-35  -4.3866e-33 -1.41244e-34 -1.85599e-33  9.39671e-35 -3.49569e-34  1.54408e-34 -9.74913e-34  1.30609e-35 -6.33211e-35 -5.19691e-35  8.55172e-34  6.25281e-36  -1.6104e-34 -7.17586e-35 -1.86472e-34 -1.61065e-35  4.71547e-34  6.95648e-38  8.46308e-35   3.8514e-36 -1.27296e-33  1.20676e-35  7.04195e-33  4.22587e-36  -4.0268e-32  1.51808e-36  2.07628e-31 -7.48244e-37 -9.74132e-31  3.85198e-37  4.15876e-30 -1.71958e-37 -1.61688e-29 -9.22698e-38  5.72612e-29  4.83718e-37 -1.84664e-28  -1.7708e-36  5.41866e-28  6.37026e-36 -1.44471e-27 -2.10277e-35  3.49277e-27  6.54718e-35 -7.63577e-27 -1.89917e-34  1.50393e-26  5.12732e-34 -2.65572e-26 -1.28837e-33  4.17762e-26  3.01287e-33 -5.80375e-26 -6.55631e-33   7.0352e-26  1.32747e-32 -7.30959e-26 -2.50054e-32  6.32526e-26  4.38221e-32 -4.31947e-26 -7.14639e-32   2.0347e-26  1.08499e-31  -3.0422e-27 -1.53493e-31 -4.58631e-27  2.02601e-31  4.41431e-27 -2.49935e-31 -1.47878e-27  2.88729e-31 -4.22129e-28  -3.1289e-31  6.03572e-28   3.1838e-31 -1.51302e-28 -3.04023e-31 -8.30603e-29  2.71705e-31  5.59567e-29 -2.26105e-31  2.36424e-30  1.73936e-31 -1.00322e-29 -1.22591e-31  1.05865e-30  7.83803e-32   1.2642e-30 -4.49922e-32 -2.04326e-31   2.2948e-32  -1.2849e-31 -1.02962e-32   1.9301e-32  4.02649e-33  1.02786e-32 -1.36166e-33 -8.17152e-34  3.95721e-34 -6.04143e-34 -9.82343e-35  -1.8977e-36  2.05744e-35  2.01293e-35 -3.51025e-36  1.50935e-36  4.44286e-37 -2.71142e-37 -3.12034e-38 -3.53353e-38 -9.27448e-40  1.33143e-40  4.15636e-40   1.5181e-40 -2.96046e-41  3.24122e-42   4.4679e-43
 6.38702e-36  3.80472e-34   2.4713e-35  7.01763e-34 -1.04757e-34  -4.0338e-33 -5.05997e-35  1.53919e-32 -3.36715e-35 -4.61513e-33  -1.2035e-34  -2.3225e-33   6.2242e-35 -1.59426e-33  1.94472e-34 -3.69328e-34  3.64814e-36  7.66893e-35 -1.04212e-35  7.26837e-34  9.30651e-36 -2.90075e-34 -8.93172e-35 -1.08107e-34 -2.49517e-35  1.13272e-34   2.6553e-36   2.4848e-33 -4.38297e-37 -1.73558e-32  1.32287e-35  1.02689e-31  7.71541e-36 -5.56748e-31   1.1401e-36  2.74051e-30 -7.28873e-37 -1.22714e-29  2.28312e-37  5.00282e-29  -1.8171e-37 -1.85782e-28 -5.72829e-37  6.28412e-28   3.2778e-36 -1.93508e-27 -1.24761e-35  5.41863e-27  4.35501e-35 -1.37746e-26 -1.40593e-34  3.17126e-26  4.23005e-34 -6.59104e-26   -1.184e-33  1.23142e-25  3.08235e-33 -2.05666e-25 -7.46202e-33  3.04786e-25  1.67936e-32 -3.96718e-25 -3.51217e-32  4.46987e-25  6.82275e-32 -4.26305e-25 -1.23057e-31  3.31152e-25     2.06e-31 -1.93145e-25 -3.20024e-31  6.47042e-26   4.6147e-31  1.25778e-26 -6.18139e-31 -3.20988e-26  7.70305e-31  1.84647e-26 -8.95169e-31 -1.74217e-27  9.73202e-31 -4.21385e-27 -9.93404e-31  2.38838e-27  9.55062e-31  7.08157e-29 -8.65965e-31 -5.45489e-28  7.39208e-31  1.31759e-28 -5.90774e-31  7.07824e-29  4.38064e-31 -3.32017e-29 -2.97939e-31 -6.33684e-30  1.83521e-31  4.80484e-30  -1.0107e-31  5.07607e-31  4.91518e-32 -4.86078e-31 -2.08656e-32 -4.71723e-32  7.65616e-33  3.32485e-32 -2.41137e-33  4.46185e-33  6.50305e-34 -1.36581e-33 -1.50356e-34 -2.63037e-34  2.96785e-35  2.17546e-35 -4.83348e-36  7.36262e-36  5.84232e-37  1.51795e-37 -3.83448e-38 -6.42352e-38 -1.04173e-39  -3.9592e-39   3.8377e-40  4.36358e-41   -1.931e-41  3.22898e-42
-4.07376e-34  1.21933e-35  8.04713e-34  4.44325e-35  8.22457e-35 -1.31987e-34  -4.3866e-33 -3.36715e-35  1.82375e-32 -2.74373e-35 -4.76021e-33 -6.76124e-35 -2.02328e-33  5.99747e-36 -2.76191e-33  2.21648e-34  1.45807e-34 -7.62539e-36  1.65113e-34   3.8816e-35   6.5117e-34  1.18146e-35 -4.04269e-34 -1.04158e-34  5.56944e-34 -2.87855e-35 -4.95274e-33  4.48679e-36  3.76364e-32 -4.16312e-36 -2.38093e-31  1.36825e-35  1.35488e-30  1.14292e-35 -7.00197e-30   5.3159e-37  3.28921e-29 -3.39279e-37 -1.40626e-28 -2.40807e-37  5.47588e-28  7.60452e-37 -1.94245e-27 -5.23998e-36  6.27524e-27  2.25286e-35 -1.84475e-26 -8.22836e-35  4.92799e-26  2.77306e-34 -1.19384e-25 -8.67324e-34  2.61555e-25  2.52297e-33 -5.16316e-25 -6.82372e-33  9.13889e-25  1.71553e-32 -1.44113e-24 -4.00748e-32  2.00715e-24  8.69352e-32 -2.43929e-24 -1.75014e-31   2.5409e-24  3.26703e-31 -2.20397e-24  -5.6503e-31  1.50778e-24  9.04627e-31 -7.09929e-25 -1.33986e-30  1.03107e-25  1.83531e-30  1.64875e-25 -2.32566e-30 -1.57708e-25  2.72982e-30   5.2556e-26 -2.97598e-30  1.55752e-26  3.02641e-30 -2.19528e-26 -2.88796e-30  5.46845e-27   2.6027e-30  3.08024e-27 -2.22609e-30 -2.06781e-27  1.80799e-30 -9.20024e-29 -1.38665e-30  3.76031e-28  9.92763e-31  -3.9332e-29 -6.53367e-31 -4.81783e-29  3.88715e-31  7.83197e-30 -2.05662e-31  4.93467e-30  9.53053e-32 -7.41732e-31 -3.81611e-32 -4.03303e-31  1.30592e-32  3.26084e-32 -3.79738e-33  2.38558e-32  9.41499e-34  8.52337e-35  -2.0184e-34 -8.11649e-34  3.77744e-35 -6.06807e-35 -5.95357e-36  1.09999e-35  6.94346e-37  1.46384e-36 -4.27309e-38 -6.68532e-39 -9.46653e-40 -6.26147e-39  2.87251e-40 -1.38258e-40 -8.33401e-42
-4.94817e-36 -9.05878e-34  2.05184e-35  1.06283e-33  7.14896e-35 -8.92614e-34 -1.41244e-34 -4.61513e-33 -2.74373e-35  2.04574e-32 -4.55978e-35 -4.91382e-33  3.70592e-36 -1.05834e-33 -5.58088e-35 -3.52171e-33  2.33002e-34  4.54534e-34 -2.01308e-35  1.13814e-34  8.40105e-35  7.93901e-34  1.48601e-35 -1.55873e-33 -1.15429e-34  1.01735e-32 -2.65574e-35 -7.54948e-32   5.1759e-36  5.03425e-31  -6.6344e-36 -3.01638e-30  1.36987e-35  1.63705e-29  1.45743e-35 -8.07027e-29 -1.52705e-37  3.61901e-28  7.46172e-37 -1.47773e-27 -2.32336e-36  5.49683e-27  8.40495e-36 -1.86262e-26 -3.68946e-35  5.74638e-26  1.42542e-34 -1.61231e-25 -5.01127e-34  4.10723e-25  1.63372e-33 -9.47681e-25  -4.9488e-33  1.97421e-24  1.39363e-32 -3.69749e-24 -3.64767e-32  6.19118e-24  8.87007e-32 -9.19945e-24 -2.00268e-31  1.20072e-23  4.19487e-31 -1.35666e-23 -8.14356e-31  1.29747e-23   1.4635e-30 -1.01043e-23 -2.43162e-30  5.90314e-24  3.73015e-30 -1.97114e-24 -5.27612e-30 -4.04595e-25  6.87363e-30   1.0043e-24 -8.24339e-30 -5.76965e-25  9.10521e-30  5.28172e-26 -9.28363e-30  1.34255e-25  8.78023e-30  -7.6016e-26 -7.76587e-30 -2.45191e-27   6.4941e-30  1.76437e-26 -5.19079e-30 -4.26717e-27  3.98851e-30 -2.31988e-27 -2.93324e-30  1.09231e-27  2.03389e-30  2.10681e-28 -1.30136e-30 -1.60691e-28  7.50956e-31 -1.69079e-29  -3.8261e-31  1.64365e-29  1.68906e-31  1.60775e-30 -6.35558e-32 -1.14667e-30  2.01231e-32 -1.52879e-31 -5.33468e-33  4.76656e-32  1.19882e-33  9.22159e-33 -2.36899e-34 -7.78477e-34  4.25475e-35 -2.62014e-34 -6.61891e-36 -5.40221e-36  7.49984e-37  2.33885e-36 -4.28166e-38  1.43158e-37 -7.03907e-40 -1.57994e-39  1.65579e-40  -1.2011e-40
  3.7981e-34  1.24447e-36 -1.37656e-33  3.75176e-35  1.05413e-33  9.39268e-35 -1.85599e-33  -1.2035e-34 -4.76021e-33 -4.55978e-35  2.17264e-32 -8.46915e-35 -5.06852e-33  7.10255e-35  1.75836e-34 -1.04346e-34 -3.72074e-33  2.31102e-34  5.15599e-34 -3.33647e-35 -2.70054e-34   1.1708e-34  2.85722e-33  1.87856e-35 -1.83359e-32 -1.22419e-34  1.40234e-31 -1.93145e-35 -9.79842e-31  5.04435e-36  6.17718e-30 -7.70647e-36 -3.52323e-29  1.34748e-35  1.82336e-28  1.64737e-35 -8.57836e-28 -1.10205e-36  3.67346e-27  4.26591e-36 -1.43286e-26  -1.4043e-35  5.09194e-26  5.63985e-35 -1.64814e-25 -2.25252e-34  4.85492e-25  8.28319e-34 -1.29971e-24 -2.81783e-33  3.15578e-24  8.90513e-33 -6.93046e-24 -2.61587e-32  1.37154e-23  7.14232e-32 -2.43409e-23 -1.81197e-31  3.84904e-23  4.26866e-31 -5.37633e-23 -9.33054e-31  6.55346e-23  1.89035e-30 -6.84734e-23 -3.54523e-30  5.95732e-23  6.14547e-30 -4.08656e-23 -9.82937e-30  1.92646e-23  1.44784e-29 -2.74367e-24 -1.95998e-29 -4.58398e-24  2.43357e-29  4.37537e-24 -2.76663e-29 -1.45708e-24  2.87732e-29 -4.42053e-25  -2.7399e-29  6.20143e-25   2.3987e-29 -1.54674e-25 -1.94876e-29 -8.82778e-26  1.49268e-29  5.94926e-26 -1.10005e-29  2.65824e-27  7.92665e-30 -1.09608e-26   -5.585e-30  1.16118e-27  3.77145e-30  1.42329e-27 -2.36445e-30  -2.3531e-28  1.33227e-30 -1.47405e-28  -6.5618e-31  2.25687e-29  2.76013e-31  1.22525e-29 -9.71761e-32  -1.0239e-30  2.81665e-32 -7.34737e-31 -6.68104e-33 -1.68684e-33  1.32929e-33  2.54899e-32 -2.40118e-34   1.8895e-33   4.2405e-35 -3.52431e-34 -6.68935e-36  -4.6828e-35    7.355e-37  2.49733e-37 -3.78184e-38  2.03751e-37 -4.33932e-40  4.52607e-39  6.40625e-41
-8.01931e-37  5.18762e-34  1.31838e-35 -1.71473e-33  6.75912e-35  6.01888e-34  9.39671e-35  -2.3225e-33 -6.76124e-35 -4.91382e-33 -8.46915e-35  2.18708e-32  -1.2723e-34 -5.07573e-33  1.13234e-34  1.20832e-33 -1.29797e-34  -3.4142e-33  2.22601e-34  5.87669e-34 -4.79402e-35 -3.53483e-33  1.35387e-34  3.01295e-32  2.31439e-35 -2.39616e-31 -1.24671e-34  1.76263e-30 -9.64792e-36 -1.16936e-29  5.08444e-36  7.01253e-29 -7.71137e-36 -3.81164e-28  1.29607e-35  1.88192e-27  1.70978e-35 -8.45296e-27 -4.42367e-36  3.45752e-26  2.03288e-35 -1.28848e-25 -8.00377e-35  4.37457e-25  3.25223e-34 -1.35239e-24 -1.24631e-33  3.80282e-24  4.43214e-33 -9.70985e-24 -1.46368e-32  2.24589e-23  4.49295e-32 -4.69078e-23 -1.28201e-31  8.80932e-23   3.3995e-31  -1.4793e-22 -8.37299e-31  2.20473e-22  1.91407e-30 -2.88673e-22 -4.05711e-30  3.27233e-22  7.96361e-30 -3.14008e-22 -1.44536e-29  2.45351e-22  2.42117e-29 -1.43749e-22 -3.73538e-29  4.79909e-23   5.2947e-29  1.02114e-23 -6.87621e-29 -2.49819e-23  8.15748e-29  1.43812e-23 -8.81302e-29 -1.30359e-24  8.64701e-29 -3.39761e-24 -7.69352e-29  1.93187e-24  6.21704e-29  6.27693e-26 -4.59958e-29 -4.54271e-25  3.17597e-29  1.10992e-25 -2.11501e-29  6.03384e-26  1.40838e-29 -2.87736e-26 -9.49733e-30 -5.51676e-27  6.31032e-30  4.29277e-27 -3.92776e-30  4.42737e-28  2.18345e-30  -4.4506e-28 -1.04557e-30 -4.27885e-29  4.19433e-31   3.1613e-29 -1.37492e-31  4.15005e-30  3.59758e-32 -1.33815e-30 -7.41584e-33 -2.56728e-31  1.25097e-33  2.25492e-32 -2.03799e-34   7.4559e-33  3.72854e-35   1.4614e-34 -6.17758e-36  -6.8142e-35  6.49817e-37 -4.14002e-36 -2.85945e-38    4.814e-38 -2.22246e-40  3.56819e-39
-1.45188e-34  -1.2944e-35  4.25086e-34  2.22414e-35 -1.77832e-33  1.08995e-34 -3.49569e-34   6.2242e-35 -2.02328e-33  3.70592e-36 -5.06852e-33  -1.2723e-34  2.09092e-32 -1.54239e-34 -4.75951e-33  1.18934e-34  1.74442e-33 -1.32869e-34 -3.07729e-33  2.15114e-34  4.33641e-33 -6.54837e-35 -4.42395e-32  1.40482e-34  3.79033e-31  2.71035e-35 -2.93817e-30 -1.22133e-34  2.05375e-29 -6.46673e-37 -1.29571e-28  6.57265e-36   7.4006e-28 -7.20144e-36 -3.83596e-27  1.15511e-35  1.80767e-26  1.87957e-35 -7.75442e-26 -2.17879e-35  3.03029e-25  1.01734e-34 -1.07901e-24 -4.24717e-34  3.49982e-24  1.69638e-33 -1.03324e-23 -6.31398e-33  2.77261e-23  2.18388e-32 -6.74895e-23 -7.02036e-32  1.48607e-22  2.09783e-31 -2.94919e-22 -5.82626e-31  5.24947e-22  1.50328e-30 -8.32697e-22 -3.60113e-30  1.16694e-21  8.00201e-30 -1.42735e-21 -1.64749e-29  1.49672e-21  3.13824e-29 -1.30701e-21 -5.52128e-29   8.9986e-22  8.95322e-29 -4.25482e-22 -1.33486e-28  6.00889e-23  1.82449e-28  1.03129e-22 -2.27839e-28 -9.86384e-23  2.58928e-28  3.29869e-23   -2.666e-28  1.00969e-23  2.47494e-28 -1.42374e-23 -2.06191e-28  3.58418e-24  1.53714e-28  2.04574e-24 -1.02828e-28 -1.39483e-24  6.27998e-29 -5.93423e-26 -3.66282e-29  2.59882e-25  2.19325e-29 -2.84611e-26 -1.41344e-29 -3.41345e-26  9.43228e-30  5.81551e-27   -5.965e-30  3.57724e-27  3.32359e-30 -5.66986e-28 -1.55989e-30  -3.0214e-28  5.97778e-31  2.66236e-29 -1.81489e-31  1.84375e-29  4.21024e-32 -8.74757e-33 -7.18865e-33 -6.53695e-31  9.32755e-34 -4.73881e-32  -1.3319e-34  9.28354e-33   2.8765e-35  1.21723e-33 -5.22614e-36 -8.06196e-36  5.09692e-37 -5.43851e-36 -1.77562e-38 -1.19856e-37 -8.65084e-41
-5.97427e-36 -4.19054e-35 -3.48141e-35  1.85039e-34  2.41687e-35 -1.50282e-33  1.54408e-34 -1.59426e-33  5.99747e-36 -1.05834e-33  7.10255e-35 -5.07573e-33 -1.54239e-34   1.9088e-32 -1.56247e-34  -4.0988e-33  8.86575e-35  2.11835e-33 -1.20813e-34  -7.5259e-33  2.13936e-34  5.95125e-32 -8.71196e-35 -5.54825e-31  1.35595e-34  4.55268e-30  2.97397e-35 -3.35601e-29 -1.15225e-34  2.22931e-28  5.30011e-36 -1.33876e-27  1.04566e-35  7.28808e-27 -6.47021e-36 -3.60433e-26  6.81255e-36  1.62181e-25  3.34181e-35 -6.64623e-25 -1.08063e-34  2.48175e-24  4.92324e-34 -8.44384e-24 -2.05849e-33  2.61631e-23  8.05082e-33 -7.37453e-23 -2.92663e-32  1.88776e-22  9.88643e-32 -4.37821e-22 -3.10368e-31  9.17054e-22   9.0543e-31 -1.72746e-21 -2.45384e-30  2.91017e-21  6.17486e-30 -4.35202e-21 -1.44169e-29   5.7187e-21  3.11994e-29 -6.50714e-21 -6.25034e-29    6.269e-21  1.15735e-28 -4.91854e-21   -1.977e-28  2.89368e-21   3.1084e-28 -9.69124e-22 -4.48606e-28 -2.09844e-22  5.92334e-28  5.12543e-22 -7.12732e-28   -2.967e-22  7.77817e-28  2.72423e-23 -7.65451e-28   7.0849e-23  6.74569e-28  -4.0678e-23 -5.28002e-28 -1.22845e-24  3.63783e-28   9.6595e-24 -2.19051e-28 -2.40688e-24   1.1578e-28 -1.29138e-24 -5.61607e-29  6.29536e-25  2.84634e-29  1.18036e-25 -1.74773e-29  -9.5105e-26  1.22948e-29 -9.40999e-27 -8.25425e-30  1.00031e-26  4.72249e-30  9.23227e-28 -2.19541e-30 -7.23693e-28  8.05722e-31  -9.2335e-29 -2.25405e-31  3.13244e-29  4.53293e-32  5.89093e-30 -5.87686e-33 -5.49325e-31  4.19473e-34 -1.75803e-31 -4.60151e-35 -3.11822e-33  1.93398e-35  1.65352e-33 -4.04389e-36  9.89235e-35  3.46993e-37 -1.25876e-36 -8.46249e-39 -8.81464e-38
  2.0241e-34  -9.9316e-36  2.54564e-34 -5.94785e-35 -4.45778e-35  2.02701e-35 -9.74913e-34  1.94472e-34 -2.76191e-33 -5.58088e-35  1.75836e-34  1.13234e-34 -4.75951e-33 -1.56247e-34   1.6873e-32  -1.3624e-34 -3.67966e-33  3.22382e-35  8.05764e-33 -1.02139e-34 -7.78556e-32  2.20163e-34  7.53781e-31 -1.11771e-34 -6.57028e-30  1.23748e-34  5.11482e-29  2.99434e-35 -3.58042e-28 -1.04795e-34  2.26221e-27  7.45118e-36 -1.29411e-26   1.6719e-35  6.71901e-26 -4.51713e-36 -3.17195e-25 -1.03144e-35  1.36328e-24  1.07843e-34 -5.33826e-24 -4.83219e-34  1.90491e-23  2.16385e-33 -6.19287e-23 -8.96372e-33  1.83275e-22  3.45061e-32  -4.9308e-22 -1.23298e-31  1.20353e-21  4.09037e-31 -2.65784e-21 -1.25992e-30  5.29099e-21  3.60285e-30 -9.44879e-21 -9.56168e-30  1.50405e-20  2.35378e-29 -2.11558e-20 -5.37035e-29  2.59786e-20  1.13447e-28  -2.7355e-20 -2.21596e-28  2.39934e-20  3.99576e-28 -1.65968e-20 -6.63804e-28  7.88617e-21  1.01351e-27 -1.11825e-21 -1.41804e-27 -1.93519e-21  1.81164e-27  1.86288e-21 -2.10414e-27 -6.28858e-22  2.20969e-27 -1.91243e-22 -2.08382e-27  2.73863e-22  1.74903e-27 -7.01688e-23 -1.29128e-27 -3.95063e-23  8.25259e-28  2.74774e-23 -4.46774e-28  1.04123e-24    1.996e-28 -5.16633e-24 -7.31634e-29  5.96361e-25  2.59907e-29  6.85219e-25 -1.50344e-29 -1.21971e-25  1.31264e-29 -7.26497e-26 -1.03165e-29  1.21069e-26  6.29336e-30  6.23697e-27 -2.93551e-30 -5.91353e-28  1.03489e-30 -3.88392e-28 -2.65612e-31  1.86295e-30  4.50921e-32  1.41159e-29 -3.67067e-33  9.84514e-31 -1.74763e-34 -2.07117e-31  3.42554e-35 -2.65239e-32  1.12912e-35  2.28575e-34 -2.84015e-36  1.22572e-34  1.98029e-37  2.65057e-36 -2.65445e-39
 2.24201e-36  3.42997e-34 -1.13794e-35  6.09712e-34 -7.63338e-35 -1.33739e-34  1.30609e-35 -3.69328e-34  2.21648e-34 -3.52171e-33 -1.04346e-34  1.20832e-33  1.18934e-34  -4.0988e-33  -1.3624e-34   1.5239e-32 -1.05465e-34 -9.99375e-33 -3.58972e-35   9.2435e-32 -8.30947e-35 -9.58634e-31  2.30781e-34  8.84728e-30 -1.35759e-34  -7.2844e-29  1.07261e-34   5.3788e-28  2.61227e-35 -3.57833e-27  -9.1937e-35  2.15229e-26  7.03256e-36 -1.17367e-25  2.40917e-35  5.81489e-25  2.25347e-36 -2.62152e-24 -6.44824e-35  1.07651e-23  3.79003e-34 -4.02852e-23 -1.82628e-33  1.37384e-22  8.21667e-33 -4.26733e-22 -3.41257e-32  1.20599e-21  1.31039e-31 -3.09575e-21 -4.65494e-31  7.20118e-21  1.53079e-30 -1.51312e-20 -4.66203e-30  2.85984e-20  1.31509e-29 -4.83503e-20 -3.43565e-29  7.25803e-20  8.30936e-29 -9.57593e-20 -1.85929e-28  1.09433e-19  3.84534e-28 -1.05916e-19 -7.34152e-28  8.35157e-20  1.29181e-27 -4.94052e-20 -2.09075e-27  1.66581e-20   3.1047e-27  3.60073e-21 -4.21721e-27 -8.89754e-21   5.2202e-27   5.1986e-21 -5.86092e-27 -4.94948e-22  5.93299e-27  -1.2487e-21 -5.37317e-27  7.28147e-22  4.30782e-27  1.83688e-23 -3.01174e-27 -1.74018e-22  1.79413e-27    4.465e-23 -8.75306e-28  2.33199e-23  3.22688e-28 -1.17362e-23 -7.16079e-29 -2.11425e-24 -3.08972e-31  1.79304e-24  1.01061e-30  1.65725e-25  9.07062e-30 -1.91391e-25 -1.14172e-29 -1.65179e-26  7.89924e-30  1.41177e-26 -3.75109e-30  1.72335e-27  1.27413e-30 -6.27042e-28 -2.99136e-31 -1.14242e-28  4.16417e-32  1.15366e-29 -1.03215e-33  3.52293e-30 -7.05865e-34   5.2766e-32  8.81566e-35 -3.43015e-32  5.80414e-36 -2.00092e-33 -1.78031e-36  2.87542e-35  8.91484e-38  1.85866e-36
-5.62169e-35  1.62754e-36  4.11432e-34 -9.19847e-36  8.62736e-34  -7.5295e-35 -6.33211e-35  3.64814e-36  1.45807e-34  2.33002e-34 -3.72074e-33 -1.29797e-34  1.74442e-33  8.86575e-35 -3.67966e-33 -1.05465e-34  2.10891e-32 -7.68583e-35 -1.03977e-31 -1.01396e-34  1.13638e-30 -6.66617e-35 -1.11395e-29  2.40244e-34  9.70909e-29 -1.54177e-34 -7.57075e-28  8.82979e-35  5.30768e-27  1.61075e-35 -3.35889e-26 -7.75897e-35  1.92475e-25  6.05472e-36 -1.00115e-24  3.39344e-35  4.73547e-24  5.08047e-36 -2.03947e-23 -1.43185e-34  8.00369e-23  9.26067e-34 -2.86275e-22 -5.03306e-33  9.33009e-22  2.43721e-32 -2.76855e-21 -1.06345e-31  7.46953e-21   4.2162e-31  -1.8287e-20 -1.52735e-30  4.05139e-20  5.07463e-30 -8.09268e-20 -1.55029e-29  1.45047e-19  4.36184e-29  -2.3178e-19 -1.13134e-28  3.27371e-19  2.70619e-28 -4.03785e-19 -5.96939e-28  4.27211e-19  1.21363e-27 -3.76659e-19 -2.27201e-27   2.6205e-19  3.91111e-27 -1.25384e-19 -6.17941e-27  1.80901e-20  8.93932e-27  3.09493e-20 -1.18046e-26 -3.01238e-20   1.4175e-26  1.03203e-20 -1.54027e-26  3.06723e-21  1.50498e-26 -4.51078e-21 -1.31114e-26  1.18636e-21  1.00648e-26  6.49435e-22 -6.68724e-27 -4.64851e-22  3.73277e-27 -1.42172e-23    -1.65e-27  8.79954e-23  4.90869e-28 -1.08995e-23 -2.19809e-29 -1.17646e-23 -7.40343e-29  2.21822e-24  4.19322e-29  1.26116e-24 -3.63067e-30 -2.24325e-25 -1.06627e-29 -1.10128e-25  9.37076e-30  1.14504e-26 -4.59904e-30  7.01636e-27  1.50853e-30 -7.58034e-29 -3.23555e-31 -2.62292e-28  3.58755e-32 -1.72664e-29  1.46063e-33  3.99881e-30 -1.05389e-33  4.94996e-31  1.07731e-34 -5.65939e-33   2.8003e-36 -2.38307e-33 -9.65197e-37  -5.0001e-35  2.73951e-38
 1.09246e-36 -1.30262e-34 -4.21751e-36  3.74963e-34 -4.10568e-36  9.33532e-34 -5.19691e-35  7.66893e-35 -7.62539e-36  4.54534e-34  2.31102e-34  -3.4142e-33 -1.32869e-34  2.11835e-33  3.22382e-35 -9.99375e-33 -7.68583e-35  1.18234e-31 -6.01583e-35    -1.26e-30 -1.53488e-34  1.31228e-29 -5.31471e-35 -1.21265e-28  2.42583e-34  9.99697e-28 -1.63277e-34 -7.39304e-27  6.96398e-35  4.92625e-26 -2.62599e-36 -2.96812e-25  -6.0617e-35  1.62152e-24 -2.58108e-36 -8.04945e-24  9.43148e-35  3.63649e-23 -2.09616e-34 -1.49662e-22  5.73377e-34  5.61397e-22 -1.00363e-33 -1.91936e-21 -2.31436e-33  5.97783e-21   3.4002e-32 -1.69423e-20 -2.11569e-31  4.36235e-20  1.00222e-30 -1.01805e-19 -4.01974e-30  2.14654e-19  1.41945e-29 -4.07204e-19 -4.49584e-29  6.91163e-19  1.29025e-28 -1.04191e-18 -3.37494e-28  1.38089e-18  8.07409e-28 -1.58578e-18 -1.77005e-27    1.543e-18  3.55877e-27 -1.22387e-18 -6.56177e-27  7.29042e-19  1.10872e-26 -2.48408e-19 -1.71429e-26 -5.25071e-20  2.42042e-26  1.33155e-19 -3.11169e-26 -7.88305e-20   3.6288e-26  7.95815e-21 -3.81993e-26  1.89489e-20  3.60614e-26 -1.12911e-20 -3.02589e-26  -1.9692e-22    2.228e-26  2.70595e-21 -1.41099e-26 -7.21949e-22  7.41729e-27 -3.61778e-22 -2.99316e-27  1.89947e-22  7.05945e-28  3.22241e-23  1.20194e-28 -2.93112e-23 -2.26663e-28 -2.44616e-24  1.21193e-28   3.1756e-24 -2.89651e-29  2.48079e-25 -7.19478e-30 -2.39128e-25   1.0529e-29 -2.74101e-26 -5.41852e-30  1.09328e-26  1.71779e-30  1.90599e-27 -3.36577e-31 -2.12502e-28  2.89548e-32 -6.11147e-29  3.31165e-33 -6.86103e-31 -1.16536e-33  6.19749e-31  9.79171e-35  3.48711e-32  1.43995e-36 -5.81122e-34 -4.26214e-37 -3.40818e-35
 4.76981e-35  4.22455e-36 -2.13728e-34 -1.63297e-35  2.33781e-34  1.67889e-36  8.55172e-34 -1.04212e-35  1.65113e-34 -2.01308e-35  5.15599e-34  2.22601e-34 -3.07729e-33 -1.20813e-34  8.05764e-33 -3.58972e-35 -1.03977e-31 -6.01583e-35  1.31414e-30 -6.01058e-35 -1.44771e-29  -1.8691e-34  1.42049e-28 -4.10681e-35 -1.23973e-27  2.33278e-34  9.68133e-27 -1.62506e-34 -6.79832e-26  5.52249e-35  4.30966e-25 -3.42682e-35 -2.47412e-24 -2.39007e-35  1.28944e-23 -1.08465e-34 -6.11189e-23  6.46052e-34  2.63818e-22 -2.56881e-33  -1.0378e-21  9.73041e-33  3.72146e-21 -3.29022e-32 -1.21617e-20  9.54014e-32  3.61923e-20 -2.19912e-31 -9.79482e-20  2.96031e-31  2.40587e-19   5.3021e-31 -5.34881e-19 -5.97839e-30  1.07243e-18  2.87237e-29 -1.92985e-18 -1.05229e-28  3.09707e-18  3.26466e-28 -4.39452e-18 -8.91069e-28  5.44725e-18  2.17806e-27 -5.79452e-18 -4.81219e-27  5.13952e-18   9.6583e-27 -3.60045e-18 -1.76535e-26  1.73841e-18  2.94108e-26  -2.5865e-19 -4.46438e-26 -4.28651e-19  6.16568e-26  4.23933e-19 -7.72889e-26 -1.48218e-19  8.76302e-26 -4.22795e-20 -8.94355e-26  6.46606e-20  8.16293e-26 -1.76059e-20 -6.60221e-26 -9.22981e-21  4.66863e-26  6.86447e-21 -2.82449e-26  1.40655e-22  1.40453e-26 -1.30495e-21 -5.21957e-27   1.7621e-22  9.67005e-28  1.75521e-22   4.0983e-28 -3.55263e-23 -4.92321e-28 -1.90079e-23  2.51323e-28  3.66169e-24 -6.99963e-29  1.68971e-24 -4.45689e-31 -1.95983e-25  1.12092e-29 -1.10429e-25  -6.1292e-30   2.0631e-27  1.87635e-30  4.26152e-27   -3.359e-31  2.58619e-28  2.19286e-32 -6.78802e-29  4.25679e-33 -8.03562e-30 -1.06408e-33  1.22223e-31  7.17947e-35  4.06124e-32  8.29064e-37  8.16626e-34 -1.32501e-37
-4.35856e-37   1.4668e-34  7.73444e-36  -2.7048e-34 -3.33007e-35  3.17763e-35  6.25281e-36  7.26837e-34   3.8816e-35  1.13814e-34 -3.33647e-35  5.87669e-34  2.15114e-34  -7.5259e-33 -1.02139e-34   9.2435e-32 -1.01396e-34    -1.26e-30 -6.01058e-35  1.49685e-29 -7.68712e-35 -1.56158e-28 -2.02224e-34  1.44494e-27 -2.76736e-35 -1.19298e-26  2.10535e-34  8.83668e-26 -1.55415e-34 -5.89841e-25  5.23102e-35  3.56044e-24 -1.00769e-34 -1.94897e-23  1.61924e-34   9.6954e-23 -9.72474e-34 -4.38997e-22  4.78383e-33  1.81107e-21 -2.03124e-32 -6.81098e-21  7.91835e-32  2.33499e-20 -2.80535e-31 -7.29357e-20  8.95572e-31  2.07358e-19 -2.54365e-30 -5.35688e-19  6.26811e-30  1.25458e-18 -1.26294e-29 -2.65531e-18   1.6965e-29  5.05762e-18  6.20985e-30 -8.62182e-18 -1.43244e-28  1.30579e-17  6.25253e-28 -1.73935e-17  -1.9708e-27  2.00839e-17  5.17128e-27 -1.96605e-17 -1.18327e-26  1.57016e-17  2.40947e-26 -9.43259e-18 -4.41014e-26  3.26052e-18  7.29166e-26  6.58686e-19 -1.09124e-25 -1.74235e-18  1.47828e-25  1.04948e-18 -1.81009e-25 -1.14577e-19  1.99749e-25 -2.51051e-19 -1.97784e-25  1.53856e-19  1.74604e-25  1.03536e-21 -1.36175e-25 -3.68319e-20  9.25405e-26  1.03173e-20 -5.35671e-26  4.88609e-21  2.52899e-26 -2.70689e-21 -8.73359e-27 -4.22249e-22  1.27669e-27  4.21355e-22  8.98618e-28  3.03062e-23 -8.97369e-28 -4.63353e-23  4.39175e-28 -3.13502e-24 -1.27476e-28  3.56642e-24  9.61623e-30  3.75182e-25  1.12843e-29 -1.68332e-25 -6.63776e-30 -2.77101e-26  1.95709e-30  3.47615e-27 -3.19804e-31  9.30499e-28  1.55313e-32   5.9156e-30   4.3083e-33 -9.88903e-30  -8.2914e-34 -5.30387e-31  4.31962e-35  1.04793e-32  4.51976e-37  5.51176e-34
-2.84774e-35 -1.63621e-36  2.78039e-34  8.39708e-36 -2.76886e-34 -5.25544e-35  -1.6104e-34  9.30651e-36   6.5117e-34  8.40105e-35 -2.70054e-34 -4.79402e-35  4.33641e-33  2.13936e-34 -7.78556e-32 -8.30947e-35  1.13638e-30 -1.53488e-34 -1.44771e-29 -7.68712e-35   1.6117e-28 -1.07238e-34 -1.58369e-27 -2.04768e-34  1.38424e-26 -9.31554e-36 -1.08274e-25  1.76132e-34  7.61633e-25 -1.51288e-34  -4.8372e-24  8.92354e-35   2.7825e-23 -3.52829e-34 -1.45324e-22  1.33506e-33  6.90397e-22 -6.73803e-33  -2.9873e-21  3.12711e-32  1.17818e-20 -1.31434e-31 -4.23653e-20  5.06727e-31  1.38857e-19 -1.78822e-30  -4.1453e-19  5.75901e-30  1.12562e-18 -1.68444e-29 -2.77474e-18  4.43716e-29  6.19254e-18 -1.03676e-28 -1.24669e-17  2.08376e-28   2.2533e-17 -3.33824e-28 -3.63323e-17  3.13279e-28  5.18159e-17  3.85557e-28 -6.45846e-17 -3.03587e-27  6.91206e-17  1.01143e-26 -6.17278e-17  -2.5591e-26  4.35945e-17  5.45668e-26 -2.12876e-17 -1.01738e-25  3.30863e-18  1.68595e-25  5.20436e-18 -2.50238e-25 -5.25788e-18  3.33711e-25  1.88658e-18 -3.99983e-25  5.06126e-19  4.30115e-25 -8.16793e-19 -4.13405e-25  2.32179e-19  3.53049e-25  1.14713e-19 -2.65511e-25  -8.9593e-20  1.73431e-25 -6.71964e-22 -9.61381e-26  1.70574e-20  4.32166e-26 -2.54514e-21 -1.39905e-26 -2.30292e-21  1.65351e-27  5.06821e-22  1.61174e-27   2.5164e-22 -1.44623e-27 -5.32503e-23  6.80807e-28  -2.2793e-23 -1.98701e-28  2.99442e-24  2.23368e-29  1.53234e-24  1.06932e-29 -4.39562e-26 -6.85617e-30 -6.12801e-26  1.93864e-30 -3.32427e-27 -2.88267e-31  1.02523e-27  1.01751e-32   1.1478e-28  3.69502e-33 -2.31192e-30 -5.55279e-34 -6.14098e-31  2.10705e-35 -1.16675e-32  1.75522e-37
 2.30857e-36 -6.75181e-35 -3.18131e-36  4.01812e-34  3.93532e-36 -2.40054e-34 -7.17586e-35 -2.90075e-34  1.18146e-35  7.93901e-34   1.1708e-34 -3.53483e-33 -6.54837e-35  5.95125e-32  2.20163e-34 -9.58634e-31 -6.66617e-35  1.31228e-29  -1.8691e-34 -1.56158e-28 -1.07238e-34   1.6328e-27 -1.45624e-34 -1.51313e-26 -2.02577e-34  1.25132e-25  1.75791e-35 -9.28497e-25  1.37727e-34  6.20921e-24   -1.814e-34 -3.75554e-23  3.30682e-34  2.06016e-22 -1.72554e-33 -1.02719e-21  8.40085e-33  4.66237e-21 -4.07821e-32 -1.92846e-20  1.82364e-31  7.27262e-20 -7.47297e-31 -2.50065e-19  2.81561e-30  7.83582e-19 -9.74909e-30 -2.23529e-18  3.09801e-29  5.79552e-18 -9.01263e-29 -1.36256e-17  2.39022e-28  2.89578e-17 -5.73848e-28 -5.54014e-17   1.2322e-27  9.48942e-17 -2.31341e-27 -1.44459e-16  3.61265e-27  1.93497e-16 -4.02904e-27 -2.24795e-16  5.85294e-28  2.21559e-16   1.2712e-26 -1.78345e-16 -4.54241e-26  1.08217e-16  1.09407e-25 -3.80987e-17 -2.14614e-25 -7.16357e-18  3.62226e-25  2.01552e-17 -5.37832e-25 -1.24049e-17  7.09454e-25  1.48835e-18 -8.34564e-25  2.93516e-18  8.75627e-25 -1.86289e-18 -8.17305e-25  1.30311e-20  6.75143e-25  4.43611e-19 -4.89426e-25 -1.31708e-19  3.07187e-25  -5.8011e-20 -1.63117e-25  3.43375e-20  6.99656e-26  4.77973e-21 -2.14084e-26 -5.38442e-21  2.14867e-27 -3.10897e-22  2.51947e-27  6.00958e-22 -2.10782e-27  3.29416e-23   9.5806e-28 -4.73391e-23 -2.77162e-28 -4.43752e-24  3.63876e-29  2.31295e-24  9.46911e-30  3.54225e-25 -6.72761e-30 -5.09652e-26  1.81364e-30 -1.25634e-26 -2.43894e-31 -2.55348e-30  6.03817e-33   1.4084e-28  2.74471e-33   7.1048e-30  -3.1687e-34 -1.69665e-31  7.97544e-36 -7.94628e-33
 2.44726e-36   5.1824e-36 -9.64269e-35 -4.21683e-36  4.83021e-34 -5.20825e-36 -1.86472e-34 -8.93172e-35 -4.04269e-34  1.48601e-35  2.85722e-33  1.35387e-34 -4.42395e-32 -8.71196e-35  7.53781e-31  2.30781e-34 -1.11395e-29 -5.31471e-35  1.42049e-28 -2.02224e-34 -1.58369e-27 -1.45624e-34  1.55867e-26 -1.84894e-34 -1.36459e-25 -2.03547e-34  1.06923e-24  5.32036e-35  -7.5354e-24  1.24318e-34  4.79539e-23 -4.06889e-34 -2.76437e-22  1.73439e-33  1.44708e-21 -9.48099e-33 -6.89157e-21  4.77409e-32  2.98975e-20 -2.24166e-31 -1.18245e-19   9.6878e-31  4.26458e-19 -3.85216e-30 -1.40223e-18  1.41125e-29  4.20035e-18 -4.76347e-29 -1.14473e-17  1.48037e-28  2.83283e-17 -4.22946e-28 -6.34857e-17  1.10799e-27  1.28382e-16 -2.65036e-27 -2.33157e-16  5.74995e-27  3.77892e-16 -1.11879e-26 -5.41965e-16  1.91316e-26  6.79668e-16 -2.75518e-26 -7.32355e-16  2.96671e-26  6.59097e-16 -1.11751e-26 -4.69849e-16 -5.06493e-26  2.32562e-16  1.82956e-25 -3.82053e-17 -4.06332e-25 -5.59128e-17  7.18681e-25  5.80427e-17 -1.08163e-24 -2.14938e-17   1.4206e-24 -5.29684e-18 -1.64549e-24  9.18135e-18  1.68692e-24 -2.74685e-18 -1.52958e-24 -1.25722e-18  1.22171e-24  1.04364e-18 -8.53036e-25 -8.86469e-21  5.14042e-25 -1.98398e-19 -2.61394e-25  3.30814e-20  1.07145e-25  2.68134e-20 -3.12296e-26 -6.49595e-21  2.86153e-27  -2.9516e-21  3.51402e-27  6.95784e-22 -2.80918e-27  2.72662e-22  1.23906e-27 -4.11385e-23 -3.53359e-28 -1.89159e-23  4.99597e-29  7.78618e-25   7.7573e-30  7.87198e-25 -6.24915e-30  3.65375e-26  1.59361e-30 -1.39028e-26 -1.91924e-31 -1.45468e-27   3.1373e-33  3.85676e-29  1.76563e-33  8.31649e-30  -1.5017e-34  1.46769e-31  2.06262e-36
-6.11747e-38  2.96799e-36  8.11908e-36 -1.00521e-34 -4.02332e-36  5.07671e-34 -1.61065e-35 -1.08107e-34 -1.04158e-34 -1.55873e-33  1.87856e-35  3.01295e-32  1.40482e-34 -5.54825e-31 -1.11771e-34  8.84728e-30  2.40244e-34 -1.21265e-28 -4.10681e-35  1.44494e-27 -2.04768e-34 -1.51313e-26 -1.84894e-34  1.40454e-25 -2.17421e-34 -1.16354e-24 -2.11422e-34  8.64988e-24  8.01793e-35 -5.79613e-23  2.79567e-34  3.51324e-22 -1.72238e-33 -1.93168e-21  9.49758e-33  9.65504e-21 -5.09969e-32  -4.3939e-20  2.51096e-31  1.82253e-19 -1.13867e-30 -6.89379e-19  4.75528e-30  2.37801e-18 -1.83079e-29 -7.47708e-18  6.50445e-29  2.14078e-17 -2.13298e-28 -5.57227e-17  6.45374e-28  1.31558e-16 -1.79985e-27 -2.80853e-16  4.61814e-27  5.39922e-16   -1.087e-26 -9.29631e-16  2.33646e-26  1.42318e-15 -4.55404e-26 -1.91804e-15  7.95659e-26   2.2434e-15  -1.2206e-25   -2.228e-15   1.5748e-25  1.80954e-15 -1.51587e-25 -1.11087e-15  5.05772e-26  3.99888e-16  2.07094e-25  6.77656e-17 -6.62996e-25  -2.0791e-16  1.30248e-24  1.31347e-16 -2.02992e-24 -1.75301e-17  2.67923e-24  -3.0533e-17 -3.06849e-24   2.0219e-17  3.07869e-24  -4.8134e-19 -2.71226e-24 -4.76766e-18  2.09317e-24  1.51424e-18 -1.40596e-24  6.09633e-19  8.12317e-25 -3.91036e-19 -3.95231e-25 -4.66546e-20  1.54979e-25  6.16824e-20 -4.33591e-26  2.51551e-21  3.94459e-27 -6.98605e-21  4.40573e-27 -2.75573e-22 -3.44257e-27  5.63869e-22  1.48373e-27  4.52098e-23 -4.16699e-28 -2.85919e-23  6.11016e-29 -4.00418e-24  5.80504e-30  6.74367e-25 -5.47911e-30  1.51595e-25  1.30782e-30  -1.1324e-27 -1.39081e-31 -1.80499e-27  1.35157e-33 -8.43068e-29   9.6742e-34  2.47887e-30 -5.58819e-35  1.02973e-31
