    0.252296 -7.74517e-16    0.0384223  6.47372e-17   0.00590446  6.00608e-17   0.00178242  2.29544e-17  0.000792192  5.64894e-18  0.000249569  9.32286e-19  5.07334e-05  1.06824e-19  6.69023e-06  8.35274e-21  5.55616e-07  4.14257e-22  2.59401e-08   1.0529e-23  4.49776e-10
-7.74517e-16     0.239664  -4.0268e-16     0.103645  1.53828e-17    0.0385602  3.35871e-17    0.0122015  1.25321e-17   0.00304124  2.71605e-18  0.000564527  3.90801e-19  7.51375e-05  3.85183e-20  6.85387e-06  2.51522e-21  3.92992e-07  9.63902e-23  1.13988e-08    1.421e-24
   0.0384223  -4.0268e-16     0.181551 -6.89553e-17     0.107693  3.78714e-17    0.0426931  2.12399e-17    0.0122319  5.79773e-18   0.00254934  1.03142e-18  0.000383354  1.26512e-19   4.0591e-05  1.05805e-20  2.86045e-06  5.60381e-22  1.17689e-07  1.51782e-23  1.84703e-09
 6.47372e-17     0.103645 -6.89553e-17     0.143551  4.53262e-17    0.0803383  3.46316e-17    0.0285045  1.13018e-17   0.00700875  2.39618e-18   0.00122725  3.53986e-19  0.000152737  3.64442e-20  1.30809e-05  2.49477e-21  7.09654e-07   9.9975e-23  1.96307e-08   1.5338e-24
  0.00590446  1.53828e-17     0.107693  4.53262e-17    0.0977648  4.68366e-17    0.0453804  1.87443e-17    0.0135586  4.71558e-18   0.00280832   8.2495e-19  0.000412581   1.0185e-19  4.25058e-05  8.63667e-21   2.9171e-06  4.64031e-22  1.17188e-07   1.2726e-23  1.80121e-09
 6.00608e-17    0.0385602  3.78714e-17    0.0803383  4.68366e-17    0.0526805  2.44691e-17    0.0197396  7.47915e-18   0.00490655  1.55245e-18  0.000854106  2.27573e-19   0.00010509  2.33685e-20  8.88876e-06  1.59822e-21  4.76589e-07  6.40035e-23  1.30468e-08  9.81116e-25
  0.00178242  3.35871e-17    0.0426931  3.46316e-17    0.0453804  2.44691e-17    0.0223044  9.41978e-18   0.00677864   2.3505e-18   0.00140668  4.08949e-19  0.000205937   5.0268e-20  2.11099e-05  4.24766e-21  1.44145e-06  2.27556e-22  5.76495e-08  6.22553e-24  8.82813e-10
 2.29544e-17    0.0122015  2.12399e-17    0.0285045  1.87443e-17    0.0197396  9.41978e-18   0.00753628  2.88382e-18    0.0018834  5.98784e-19   0.00032806  8.76548e-20  4.03294e-05  8.98661e-21  3.40738e-06  6.13832e-22  1.82537e-07  2.45611e-23  4.99477e-09  3.76345e-25
 0.000792192  1.25321e-17    0.0122319  1.13018e-17    0.0135586  7.47915e-18   0.00677864  2.88382e-18   0.00207338  7.22392e-19  0.000431406  1.25886e-19  6.32511e-05  1.54868e-20  6.49177e-06  1.30979e-21  4.43893e-07   7.0248e-23  1.77821e-08  1.92465e-24  2.72823e-10
 5.64894e-18   0.00304124  5.79773e-18   0.00700875  4.71558e-18   0.00490655   2.3505e-18    0.0018834  7.22392e-19  0.000472225  1.50473e-19  8.24759e-05  2.20838e-20  1.01659e-05  2.26981e-21  8.61317e-07   1.5546e-22  4.62796e-08  6.23852e-24  1.27037e-09  9.58891e-26
 0.000249569  2.71605e-18   0.00254934  2.39618e-18   0.00280832  1.55245e-18   0.00140668  5.98784e-19  0.000431406  1.50473e-19  9.00377e-05  2.63109e-20  1.32459e-05  3.24831e-21  1.36448e-06  2.75753e-22  9.36621e-08  1.48475e-23  3.76714e-09  4.08438e-25  5.80357e-11
 9.32286e-19  0.000564527  1.03142e-18   0.00122725   8.2495e-19  0.000854106  4.08949e-19   0.00032806  1.25886e-19  8.24759e-05  2.63109e-20  1.44571e-05  3.87697e-21  1.78937e-06  4.00212e-22  1.52277e-07  2.75352e-23  8.21957e-09  1.11013e-24  2.26679e-10  1.71436e-26
 5.07334e-05  3.90801e-19  0.000383354  3.53986e-19  0.000412581  2.27573e-19  0.000205937  8.76548e-20  6.32511e-05  2.20838e-20  1.32459e-05  3.87697e-21  1.95704e-06  4.80854e-22  2.02553e-07  4.10204e-23  1.39727e-08  2.21981e-24  5.64822e-10  6.13756e-26  8.74559e-12
 1.06824e-19  7.51375e-05  1.26512e-19  0.000152737   1.0185e-19   0.00010509   5.0268e-20  4.03294e-05  1.54868e-20  1.01659e-05  3.24831e-21  1.78937e-06  4.80854e-22  2.22541e-07  4.98889e-23  1.90361e-08  3.45049e-24  1.03295e-09  1.39854e-25  2.86382e-11  2.17127e-27
 6.69023e-06  3.85183e-20   4.0591e-05  3.64442e-20  4.25058e-05  2.33685e-20  2.11099e-05  8.98661e-21  6.49177e-06  2.26981e-21  1.36448e-06  4.00212e-22  2.02553e-07  4.98889e-23  2.10735e-08  4.27871e-24  1.46159e-09   2.3281e-25   5.9406e-11  6.47228e-27  9.24851e-13
 8.35274e-21  6.85387e-06  1.05805e-20  1.30809e-05  8.63667e-21  8.88876e-06  4.24766e-21  3.40738e-06  1.30979e-21  8.61317e-07  2.75753e-22  1.52277e-07  4.10204e-23  1.90361e-08  4.27871e-24  1.63723e-09  2.97572e-25   8.9336e-11  1.21284e-26   2.4906e-12  1.89342e-28
 5.55616e-07  2.51522e-21  2.86045e-06  2.49477e-21   2.9171e-06  1.59822e-21  1.44145e-06  6.13832e-22  4.43893e-07   1.5546e-22  9.36621e-08  2.75352e-23  1.39727e-08  3.45049e-24  1.46159e-09  2.97572e-25  1.01938e-10  1.62825e-26   4.1666e-12  4.55208e-28  6.52295e-14
 4.14257e-22  3.92992e-07  5.60381e-22  7.09654e-07  4.64031e-22  4.76589e-07  2.27556e-22  1.82537e-07   7.0248e-23  4.62796e-08  1.48475e-23  8.21957e-09  2.21981e-24  1.03295e-09   2.3281e-25   8.9336e-11  1.62825e-26   4.9022e-12  6.67391e-28  1.37438e-13  1.04773e-29
 2.59401e-08  9.63902e-23  1.17689e-07   9.9975e-23  1.17188e-07  6.40035e-23  5.76495e-08  2.45611e-23  1.77821e-08  6.23852e-24  3.76714e-09  1.11013e-24  5.64822e-10  1.39854e-25   5.9406e-11  1.21284e-26   4.1666e-12  6.67391e-28  1.71266e-13  1.87631e-29  2.69619e-15
  1.0529e-23  1.13988e-08  1.51782e-23  1.96307e-08   1.2726e-23  1.30468e-08  6.22553e-24  4.99477e-09  1.92465e-24  1.27037e-09  4.08438e-25  2.26679e-10  6.13756e-26  2.86382e-11  6.47228e-27   2.4906e-12  4.55208e-28  1.37438e-13  1.87631e-29  3.87476e-15  2.96195e-31
 4.49776e-10    1.421e-24  1.84703e-09   1.5338e-24  1.80121e-09  9.81116e-25  8.82813e-10  3.76345e-25  2.72823e-10  9.58891e-26  5.80357e-11  1.71436e-26  8.74559e-12  2.17127e-27  9.24851e-13  1.89342e-28  6.52295e-14  1.04773e-29  2.69619e-15  2.96195e-31  4.26794e-17
