  4.7599e-34  5.10865e-39 -2.81872e-34  4.97428e-37 -3.84083e-34  4.98344e-37 -7.84869e-35  -3.3789e-37  2.50682e-34   -1.394e-36 -1.32821e-35  1.66822e-36  1.71716e-36 -1.03097e-36  -2.3648e-35 -4.21129e-37     3.82e-36  1.51888e-37  6.58606e-36 -4.19646e-37  1.43362e-36   4.3034e-37 -6.24152e-38 -3.08834e-38 -1.41102e-37  4.61011e-38  4.72671e-37 -1.02251e-38 -7.18971e-37  1.39001e-38 -5.09851e-38   8.6195e-39  2.10945e-37  2.33997e-39    3.857e-38  4.15064e-39 -2.91349e-38 -2.57195e-39  9.01208e-39  -7.2289e-40 -5.28062e-39  1.17036e-40 -1.39387e-39 -1.83725e-40  6.10963e-39  5.95151e-41  -2.0212e-39  1.34818e-41  3.61885e-40  3.18735e-41   3.2083e-40   3.1396e-42 -4.59382e-40 -5.12863e-42  9.79804e-41  5.49189e-42  4.88176e-41 -7.72732e-43 -3.30212e-41 -1.33951e-42  3.91235e-42  2.97977e-43  1.19586e-42 -1.11954e-43  -1.4243e-42   1.0294e-43  9.22114e-43  2.26645e-45  1.50697e-43  7.60086e-45  -1.4063e-43 -5.18387e-45  -2.0982e-44 -4.83148e-45 -1.28041e-44 -5.27144e-46  1.46868e-45  2.71554e-46  1.85031e-45  5.15956e-47 -1.91965e-46 -2.75411e-46 -1.71834e-46  4.79466e-46  1.00072e-46 -8.71692e-46 -3.12267e-46  1.60476e-45  5.03545e-46  -2.7592e-45 -7.88341e-46  4.40125e-45   1.0956e-45 -6.51124e-45 -1.35724e-45  8.90599e-45  1.49294e-45 -1.12206e-44 -1.44413e-45  1.29655e-44  1.22092e-45 -1.36714e-44 -9.02912e-46  1.30776e-44  5.94146e-46 -1.12691e-44 -3.63491e-46  8.67428e-45  2.19274e-46 -5.90331e-45 -1.32606e-46  3.50664e-45  7.56902e-47 -1.78836e-45 -3.73604e-47  7.66058e-46  1.49343e-47  -2.6732e-46 -4.62866e-48  7.26102e-47  1.06197e-48 -1.42449e-47  -1.6474e-49  1.74349e-48  1.36969e-50 -8.58555e-50
 5.10865e-39  1.26951e-33  6.50296e-38  -4.0103e-34  1.68006e-36 -5.22955e-34  1.30027e-36 -1.19661e-34  6.24031e-38  2.50074e-34 -3.79864e-36  7.78531e-37  3.65133e-36   9.8819e-36 -3.46664e-36 -1.98596e-35 -2.87879e-38 -6.81093e-36  1.34782e-37  9.41701e-36 -9.34057e-37  4.71903e-36  7.22634e-37   1.0547e-36 -1.17029e-37 -2.83829e-36   1.8553e-37  5.84753e-37  -4.6748e-38 -1.24634e-36  3.69489e-38 -3.32255e-37  1.85814e-38  6.24569e-37  1.01176e-38  1.55104e-37  1.33335e-38 -1.26647e-37 -8.23053e-39  5.66482e-38 -1.42659e-39 -2.66677e-38  1.72946e-40 -7.95947e-39 -4.18332e-40  2.14518e-38   8.8161e-41 -6.50044e-39   -5.129e-41  9.51313e-40  1.23586e-40  8.99673e-40  1.34537e-41 -1.38701e-39  -2.0234e-41  2.71098e-40  2.24793e-41  1.79087e-40  -3.0248e-42 -1.02627e-40 -4.36188e-42  8.99133e-42  9.70121e-43  5.33344e-42 -4.33644e-43 -4.91347e-42  3.78442e-43  3.59481e-42 -1.55091e-44  3.55482e-43  2.59507e-44 -4.15353e-43 -1.92766e-44 -6.10888e-44 -1.80494e-44  -3.0322e-44 -1.63992e-45 -1.33632e-45  3.03305e-46  5.63525e-45  1.24849e-45  2.50592e-46 -3.49394e-45 -2.72889e-45  6.56355e-45  4.46415e-45 -1.22133e-44 -8.18338e-45  2.16598e-44  1.31169e-44 -3.57898e-44 -1.91122e-44  5.48848e-44  2.48474e-44 -7.79363e-44 -2.85999e-44  1.02122e-43  2.88429e-44 -1.22984e-43 -2.51665e-44  1.35488e-43   1.8773e-44 -1.35803e-43 -1.19065e-44  1.23055e-43  6.53935e-45 -1.00036e-43 -3.35449e-45  7.22905e-44  1.82318e-45 -4.59147e-44 -1.07733e-45  2.52665e-44  6.03121e-46 -1.18238e-44 -2.79243e-46  4.58736e-45  1.00134e-46 -1.42265e-45 -2.69465e-47  3.33129e-46  5.18817e-48 -5.32327e-47 -6.24923e-49   4.6066e-48  3.00645e-50
-2.81872e-34  6.50296e-38  1.98189e-33  3.49252e-37 -4.65785e-34  3.42069e-36 -4.21625e-34  2.24147e-36 -6.14666e-35  1.51461e-36  1.01828e-34 -6.20977e-36  1.19863e-35  5.04263e-36  2.06258e-35 -7.52997e-36  1.36577e-36  1.85128e-36 -2.73786e-35 -5.19566e-37  7.12973e-36 -1.28633e-36  8.51295e-36  6.45664e-37  6.35027e-36 -3.39113e-37  -9.5554e-36  4.84795e-37 -1.93578e-37 -1.17435e-37 -1.32948e-36  7.45485e-38 -1.01603e-36  2.28937e-38   1.3439e-36  2.82819e-38  3.78213e-37   2.9278e-38 -3.08025e-37 -1.80334e-38  1.72897e-37 -1.55378e-39 -7.62491e-38  2.26676e-41 -2.51614e-38 -5.92447e-40  5.20974e-38 -1.30677e-41 -1.46823e-38 -3.08212e-40  1.47798e-39  3.34222e-40  1.76784e-39  3.55225e-41 -2.85512e-39 -5.54498e-41  5.14891e-40  6.15139e-41  4.56636e-40 -9.21899e-42 -2.31777e-40 -9.56105e-42  1.99536e-41  2.27109e-42  1.32474e-41 -1.19132e-42 -1.19262e-41  9.72249e-43  1.02094e-41 -1.21102e-43  3.86028e-43  6.30224e-44 -7.92112e-43 -4.81795e-44 -1.14801e-43 -4.71268e-44 -2.68924e-44 -2.16112e-45 -2.40442e-44 -4.94824e-45  5.46278e-45  1.48672e-44  2.18409e-44 -3.37141e-44 -5.03221e-44   6.4334e-44  9.16349e-44 -1.17219e-43 -1.54918e-43  2.00198e-43  2.36246e-43 -3.17995e-43 -3.23286e-43  4.68257e-43  3.92606e-43 -6.37267e-43 -4.18246e-43  7.98529e-43  3.85188e-43 -9.17268e-43 -3.01141e-43  9.61035e-43  1.95598e-43 -9.12957e-43  -1.0344e-43  7.80912e-43  4.48654e-44 -5.96459e-43  -1.8138e-44  4.02718e-43  9.18636e-45  -2.3737e-43 -5.79072e-45  1.20201e-43  3.26221e-45 -5.11954e-44 -1.39119e-45  1.78043e-44  4.35448e-46 -4.83631e-45 -9.95304e-47  9.53327e-46  1.56765e-47 -1.17934e-46 -1.35027e-48  5.91032e-48
 4.97428e-37  -4.0103e-34  3.49252e-37  2.51201e-33  1.11007e-36 -6.50138e-34  5.23291e-36 -1.47196e-34   3.1545e-36  4.89355e-35  3.38645e-36 -8.67755e-35 -6.08143e-36 -7.43322e-36  4.25876e-36  4.59095e-35 -1.27207e-35  1.47908e-35  5.67678e-36 -4.86618e-35 -2.14228e-36 -1.49903e-36  -1.2193e-36  1.03902e-35  7.82254e-38  1.93429e-35 -7.44868e-37  -2.1571e-35  9.52754e-37 -2.21865e-36 -2.29302e-37 -7.77074e-37  1.39523e-37 -2.29153e-36  1.17758e-38  2.37756e-36   5.8954e-38  7.40047e-37  5.11925e-38 -5.71218e-37 -3.08818e-38  3.85053e-37 -6.13366e-40 -1.62413e-37 -4.97195e-40 -5.89456e-38 -4.19195e-40  1.02253e-37 -3.89007e-40  -2.6665e-38 -9.28742e-40  9.46958e-40   7.3703e-40  2.85554e-39  7.11995e-41   -4.604e-39 -1.23483e-40  7.73985e-40  1.32784e-40   9.3904e-40 -2.31779e-41  -4.4921e-40 -1.57989e-41  5.47767e-41  4.47393e-42  2.21819e-41  -2.6763e-42 -2.39571e-41  2.05771e-42  2.39545e-41 -4.74544e-43 -1.98004e-43  1.22943e-43 -1.05804e-42 -8.88346e-44 -1.42098e-43 -1.05233e-43   4.6942e-44  1.45323e-44 -4.10527e-44 -5.74005e-44 -1.60689e-43  1.30091e-43  4.21999e-43 -2.69849e-43 -8.32935e-43  5.06093e-43  1.47108e-42 -8.92234e-43  -2.3574e-42  1.46646e-42  3.39787e-42  -2.2377e-42  -4.3645e-42  3.15987e-42  4.93802e-42 -4.11466e-42 -4.84996e-42  4.92033e-42  4.05666e-42 -5.37735e-42 -2.81498e-42  5.34122e-42   1.5613e-42  -4.7906e-42 -6.56119e-43  3.85028e-42  1.97749e-43 -2.74774e-42 -5.20169e-44  1.72193e-42  3.02084e-44  -9.3453e-43 -2.47391e-44  4.31462e-43  1.40086e-44 -1.65408e-43 -5.26213e-45  5.08484e-44  1.38559e-45 -1.18637e-44 -2.64022e-46  1.90284e-45  3.29085e-47 -1.66821e-46 -1.66667e-48
-3.84083e-34  1.68006e-36 -4.65785e-34  1.11007e-36  2.94325e-33   2.3385e-36 -9.41276e-34  7.48845e-36  9.93357e-35  4.11217e-36  1.79241e-34  4.09225e-36 -2.32071e-34 -7.22027e-37 -5.39045e-35  4.48921e-38  9.13937e-35 -1.78468e-35 -4.32833e-36  1.10563e-35  -5.6553e-35 -4.50115e-36 -1.76921e-35 -6.93208e-37   9.1896e-36 -8.41135e-37  4.19841e-35 -1.29388e-36 -3.94557e-35   1.5119e-36  -5.4943e-36 -3.85318e-37  4.13979e-37  2.51194e-37 -4.36906e-36 -1.65298e-38  3.62145e-36  9.90311e-38  1.28135e-36  7.59421e-38  -9.1632e-37 -4.33698e-38  7.06422e-37  1.02693e-39 -2.84347e-37 -1.48582e-39 -1.14722e-37  5.04482e-40  1.72721e-37 -1.16537e-39 -4.08449e-38 -2.14392e-39 -2.48448e-39  1.41225e-39  4.15232e-39  1.19474e-40 -6.10364e-39 -2.38699e-40   9.8344e-40  2.42567e-40    1.663e-39 -4.89651e-41  -8.0858e-40 -1.93586e-41  1.55436e-40  7.89719e-42  2.32227e-41 -5.18484e-42 -4.28022e-41  3.88333e-42  4.85882e-41 -1.36983e-42 -1.74061e-42  1.92182e-43 -8.75613e-43 -1.02634e-43  8.83926e-44 -2.51864e-43 -1.54696e-43  1.77461e-43   1.0398e-42 -4.46708e-43  -3.0642e-42   9.4159e-43  6.39363e-42 -1.85476e-42 -1.18708e-41   3.3763e-42  1.99742e-41 -5.74072e-42  -3.0326e-41  9.07526e-42  4.11965e-41 -1.32933e-41 -4.95414e-41  1.79787e-41  5.20289e-41 -2.23612e-41 -4.68716e-41  2.54583e-41  3.53272e-41 -2.63894e-41 -2.14501e-41   2.4751e-41   9.8315e-42 -2.08527e-41 -2.95327e-42  1.56468e-41  3.37775e-43 -1.03503e-41  6.12095e-44  5.96188e-42  6.36913e-44 -2.94456e-42  -9.6239e-44  1.22231e-42  5.05501e-44 -4.14856e-43 -1.55006e-44  1.10468e-43  3.30397e-45  -2.1525e-44 -5.23229e-46  2.66544e-45  4.84862e-47 -1.35854e-46
 4.98344e-37 -5.22955e-34  3.42069e-36 -6.50138e-34   2.3385e-36  3.26922e-33  3.27949e-36 -1.16866e-33  1.23207e-35  1.62523e-34  5.20231e-36  3.19799e-34  1.68896e-36 -3.14776e-34  1.09522e-35 -8.27885e-35 -7.70833e-36  1.49524e-34 -2.12509e-35 -6.52597e-35  1.65316e-35 -3.84541e-35 -6.76944e-36 -4.13263e-35  1.26135e-37  5.58493e-36 -1.81664e-36   7.3465e-35 -1.86124e-36 -6.25172e-35  2.01921e-36 -9.75079e-36 -5.75133e-37  2.28903e-36  4.19078e-37 -7.48282e-36 -4.73246e-38   4.8788e-36  1.40228e-37  2.02934e-36  9.97241e-38 -1.36607e-36 -5.07492e-38   1.1252e-36  1.90321e-39 -4.25859e-37 -3.02957e-39 -1.97303e-37  2.54041e-39  2.59393e-37  -2.3826e-39 -5.38674e-38 -4.23757e-39   -1.132e-38  2.43259e-39  5.86166e-39  1.78779e-40 -6.73589e-39 -4.15444e-40  1.11976e-39  3.90317e-40  2.64175e-39 -8.85199e-41 -1.40595e-39 -1.34202e-41  3.93703e-40  1.27566e-41 -4.53887e-43 -8.87692e-42 -7.04747e-41  6.84539e-42  8.69627e-41 -3.24434e-42 -3.63242e-42  1.82745e-43 -8.03116e-43  1.05217e-43   3.5036e-42 -8.56626e-43  -7.6229e-42   1.3183e-42  1.95198e-41 -2.94451e-42  -4.3072e-41  5.96183e-42  8.37919e-41 -1.12901e-41 -1.47922e-40  1.98761e-41   2.3632e-40 -3.25788e-41 -3.39128e-40  4.95381e-41  4.32951e-40 -6.96308e-41  -4.8573e-40  9.01134e-41  4.71249e-40 -1.06883e-40 -3.86703e-40  1.15571e-40  2.59664e-40 -1.13221e-40 -1.34866e-40  9.97755e-41  4.79354e-41 -7.84304e-41 -7.07187e-42   5.4451e-41 -2.83836e-42 -3.29969e-41  1.54389e-42  1.72075e-41  1.48558e-43 -7.58795e-42 -3.71384e-43  2.76629e-42  1.52172e-43 -8.08152e-43  -3.4296e-44  1.80233e-43  5.82674e-45 -2.80467e-44 -7.90749e-46  2.44515e-45  4.53171e-47
-7.84869e-35  1.30027e-36 -4.21625e-34  5.23291e-36 -9.41276e-34  3.27949e-36  3.42389e-33  2.38076e-36  -1.2062e-33  2.27967e-35  4.47921e-35  6.20278e-36   4.5747e-34 -5.47022e-36 -3.75897e-34  2.74982e-35 -4.02382e-35 -1.76728e-35  2.05762e-34  -2.1331e-35 -1.62226e-34  1.99997e-35  1.05546e-35 -7.92179e-36 -6.85764e-35  1.00706e-36   8.3547e-37 -2.56773e-36  1.10232e-34  -2.3027e-36 -8.85098e-35  2.32513e-36 -1.43939e-35 -7.70267e-37  5.18547e-36  6.25595e-37 -1.18354e-35 -4.98543e-38  5.94019e-36  1.71212e-37  2.97374e-36   1.2088e-37 -1.97293e-36  -4.8888e-38  1.59637e-36  1.21596e-40 -5.49299e-37 -5.37776e-39 -3.11614e-37  5.76676e-39  3.53035e-37 -3.94726e-39 -6.17027e-38 -7.49743e-39 -2.79733e-38  3.84942e-39  8.40361e-39  2.49135e-40 -6.06936e-39 -6.66221e-40  1.23811e-39  5.68099e-40   3.8797e-39 -1.39442e-40 -2.38396e-39  1.14364e-41  8.68518e-40  1.87498e-41  -7.3483e-41 -1.35783e-41 -1.07896e-40  1.15014e-41  1.37138e-40 -6.55674e-42  1.13526e-42 -3.50484e-43 -1.56914e-41   1.5516e-42  4.94943e-41 -4.13287e-42 -1.15578e-40  8.29283e-42  2.59072e-40 -1.75387e-41 -5.27669e-40  3.43723e-41  9.75926e-40 -6.29174e-41 -1.63819e-39  1.07151e-40  2.47939e-39   -1.695e-40 -3.35392e-39  2.48145e-40  4.01056e-39 -3.34864e-40 -4.17931e-39  4.14625e-40  3.72282e-39 -4.68528e-40 -2.75665e-39  4.80163e-40  1.62176e-39 -4.43026e-40 -6.93041e-40  3.64838e-40  1.62928e-40 -2.65426e-40  2.04605e-41  1.68513e-40 -3.15298e-41 -9.19909e-41  8.55005e-42  4.24103e-41  1.22501e-42 -1.61516e-41 -1.35868e-42  4.94249e-42  3.52412e-43 -1.17172e-42 -4.99262e-44  2.03627e-43  7.49221e-45 -2.31484e-44 -9.21741e-46  1.15251e-45
 -3.3789e-37 -1.19661e-34  2.24147e-36 -1.47196e-34  7.48845e-36 -1.16866e-33  2.38076e-36  3.40431e-33 -2.01066e-36 -1.07663e-33  4.06874e-35 -1.38571e-34  6.69294e-36  5.74765e-34 -1.80305e-35 -4.76766e-34  4.54089e-35  1.00844e-34 -2.75361e-35   2.4696e-34 -1.71591e-35 -2.83457e-34   1.9635e-35  8.58553e-35  -7.2901e-36  -9.1552e-35  1.79109e-36 -4.87259e-36 -2.94952e-36  1.47009e-34 -2.53369e-36 -1.14013e-34  2.33469e-36 -1.83172e-35 -9.32806e-37  9.76891e-36  8.24868e-37 -1.74719e-35  1.13444e-38  6.67318e-36  1.80586e-37  4.07804e-36  1.41918e-37 -2.80829e-36 -3.63489e-38  2.04144e-36 -5.23136e-39 -5.93417e-37  -9.1295e-39 -4.63244e-37  9.77157e-39  4.40728e-37 -5.62606e-39 -6.15491e-38  -1.2119e-38 -5.34922e-38  5.68733e-39  1.21153e-38  3.30076e-40 -4.10611e-39 -1.00021e-39  1.46689e-39  7.61355e-40  5.39267e-39 -1.95097e-40 -3.90735e-39  6.55335e-41  1.69349e-39  2.44544e-41 -2.26937e-40 -1.85339e-41 -1.46051e-40  1.82546e-41  1.67557e-40 -1.10772e-41  8.94808e-41 -3.79322e-42 -2.41295e-40  9.86828e-42  6.20593e-40 -2.27277e-41 -1.41945e-39  4.81573e-41  3.00457e-39   -9.841e-41 -5.81498e-39  1.87457e-40  1.02409e-38 -3.33005e-40 -1.63182e-38   5.4984e-40  2.33401e-38 -8.41315e-40 -2.96703e-38  1.18817e-39  3.30998e-38 -1.54168e-39 -3.18656e-38  1.82803e-39  2.58569e-38 -1.96839e-39 -1.70548e-38  1.91048e-39  8.56548e-39 -1.65663e-39 -2.78708e-39  1.26968e-39  1.87563e-40 -8.48863e-40  3.43581e-40  4.86975e-40 -1.75199e-40 -2.34733e-40  2.32574e-41   9.2482e-41  9.52415e-42 -2.86899e-41 -4.08114e-42  6.65061e-42  4.85253e-43 -1.06854e-42 -2.42733e-44  1.07014e-43  7.78354e-45 -5.81871e-45 -7.61349e-46
 2.50682e-34  6.24031e-38 -6.14666e-35   3.1545e-36  9.93357e-35  1.23207e-35  -1.2062e-33 -2.01066e-36   3.2948e-33 -1.06563e-35 -9.22406e-34  6.45717e-35 -2.68321e-34  6.60936e-36  6.59424e-34 -3.49273e-35 -6.54701e-34  6.04665e-35  3.29487e-34 -3.49047e-35  2.67287e-34 -8.84732e-36  -4.1858e-34  1.47701e-35    1.762e-34 -4.92183e-36 -1.01405e-34  2.44263e-36  -1.3145e-35 -2.97153e-36  1.78454e-34 -2.57487e-36  -1.3544e-34   2.0389e-36 -1.98935e-35 -1.03451e-36  1.67996e-35   9.6235e-37 -2.41359e-35  1.58321e-37  7.05508e-36  1.60099e-37  5.33414e-36  1.68977e-37 -3.94071e-36 -1.57598e-38  2.36061e-36  -1.2643e-38  -4.8057e-37 -1.52937e-38 -6.57873e-37  1.36113e-38  5.08274e-37 -7.10168e-39 -5.34783e-38 -1.80976e-38 -8.61292e-38   7.9503e-39  1.66909e-38  4.12397e-40 -1.39963e-39  -1.4233e-39  1.95671e-39  9.47614e-40  7.20968e-39 -2.48889e-40 -6.10302e-39   1.5758e-40  2.98219e-39  2.68037e-41 -5.20412e-40 -2.18337e-41 -7.09899e-41  2.56601e-41 -1.60054e-40 -1.20228e-41  1.16091e-39 -2.36976e-41 -2.96278e-39  5.71311e-41  7.11168e-39 -1.28212e-40 -1.56452e-38  2.70926e-40  3.16166e-38 -5.39554e-40 -5.83373e-38  1.00243e-39  9.77014e-38 -1.73388e-39 -1.47456e-37   2.7826e-39  1.98765e-37 -4.12793e-39 -2.36603e-37   5.6354e-39  2.45084e-37 -7.04326e-39 -2.16523e-37  8.01002e-39    1.584e-37 -8.22946e-39 -9.13488e-38  7.57227e-39  3.74597e-38 -6.17462e-39 -7.52528e-39  4.40359e-39 -2.17011e-39 -2.70076e-39   2.2078e-39  1.39275e-39 -6.30136e-40 -5.85022e-40 -8.90374e-42  1.90599e-40  4.69054e-41 -4.41017e-41 -8.11111e-42  5.80945e-42  -2.3314e-43  4.71934e-47  6.68884e-44 -1.17381e-43  9.30999e-45  9.70204e-45
  -1.394e-36  2.50074e-34  1.51461e-36  4.89355e-35  4.11217e-36  1.62523e-34  2.27967e-35 -1.07663e-33 -1.06563e-35  3.22996e-33 -2.28981e-35 -9.02696e-34  8.96552e-35 -2.88938e-34  6.64887e-36  7.05792e-34  -5.3206e-35 -9.03277e-34  6.91081e-35  6.06532e-34 -3.81171e-35  2.70768e-34  2.54366e-36 -5.59685e-34  6.23431e-36  2.69051e-34 -1.53128e-36 -9.33783e-35  3.00107e-36 -2.68035e-35 -2.73631e-36  2.00873e-34 -2.54428e-36 -1.50177e-34  1.50433e-36 -1.74091e-35 -1.07254e-36  2.67601e-35  1.00369e-36 -3.11902e-35  3.82399e-37  7.11626e-36  1.07891e-37  6.82989e-36  2.08436e-37 -5.41687e-36  5.97979e-39  2.45804e-36 -1.75023e-38 -1.35498e-37 -2.51828e-38 -8.99033e-37  1.59824e-38  5.41996e-37 -8.09959e-39 -4.05981e-38 -2.51688e-38  -1.2033e-37  1.06342e-38  2.06541e-38  4.67139e-40  9.85979e-40 -1.94189e-39  2.80711e-39  1.08991e-39  9.33927e-39 -3.02833e-40 -8.99698e-39   2.9237e-40  4.92895e-39  2.03917e-41 -1.39657e-39 -1.73868e-41   1.4466e-39  2.14259e-41 -4.63857e-39  2.25397e-41  1.32179e-38 -1.40013e-40 -3.27064e-38  3.30484e-40  7.50265e-38 -7.31823e-40 -1.58172e-37  1.52245e-39  3.05328e-37 -2.96494e-39 -5.36614e-37  5.38084e-39  8.52951e-37 -9.07337e-39 -1.21625e-36  1.41639e-38  1.54013e-36 -2.03842e-38 -1.70956e-36   2.6915e-38  1.63488e-36 -3.24211e-38  -1.3143e-36  3.53916e-38  8.54754e-37 -3.47341e-38 -4.18739e-37  3.03529e-38  1.27966e-37 -2.33362e-38 -1.94768e-39  1.55456e-38 -2.01615e-38 -8.79272e-39   9.4278e-39  4.10397e-39 -1.25805e-39 -1.51309e-39  -4.0342e-40  4.07486e-40  1.47533e-40  -6.6053e-41 -3.17327e-42  1.02364e-42 -3.06713e-42  2.02503e-42   1.1899e-43 -3.36076e-43  1.10871e-44
-1.32821e-35 -3.79864e-36  1.01828e-34  3.38645e-36  1.79241e-34  5.20231e-36  4.47921e-35  4.06874e-35 -9.22406e-34 -2.28981e-35  3.33951e-33  -3.6861e-35 -1.10055e-33  1.09384e-34 -2.13493e-34  7.97341e-36  7.11325e-34 -6.88991e-35 -1.18181e-33  6.92408e-35  8.81576e-34   -3.663e-35  2.69161e-34   1.5439e-35 -6.98082e-34 -3.96275e-36  3.55222e-34   1.8985e-36 -7.03687e-35  3.48411e-36 -4.85302e-35 -2.35459e-36  2.13311e-34 -2.60394e-36 -1.57272e-34  8.28934e-37 -9.86636e-36 -1.06792e-36  3.95488e-35  9.54714e-37 -3.76589e-35  6.35469e-37  6.82376e-36  3.08597e-38  8.78453e-36  2.62051e-37 -7.25673e-36  1.86849e-38  2.27347e-36 -1.25944e-38  4.88734e-37 -4.02388e-38 -1.18417e-36  1.55497e-38  5.28552e-37 -8.57728e-39 -2.72845e-38 -3.28465e-38 -1.46657e-37  1.37351e-38   2.1282e-38  4.41075e-40  1.64901e-39 -2.57241e-39  3.97831e-39  1.12539e-39  1.17876e-38 -3.78367e-40 -1.28027e-38  4.71194e-40   9.1016e-39  -7.9254e-42 -7.84544e-39  2.43784e-41   1.9202e-38 -7.14632e-41 -5.39407e-38  2.90239e-40  1.39842e-37 -8.35598e-40 -3.33332e-37  1.94074e-39  7.32803e-37 -4.22669e-39 -1.47815e-36  8.61822e-39  2.72215e-36 -1.64003e-38 -4.54891e-36  2.90302e-38  6.84677e-36 -4.76409e-38 -9.19765e-36  7.22059e-38   1.0901e-35 -1.00627e-37 -1.12277e-35  1.28288e-37  9.84324e-36 -1.48727e-37 -7.12171e-36  1.55687e-37  4.03492e-36 -1.45911e-37 -1.59676e-36  1.21169e-37  2.77318e-37 -8.80083e-38  1.23605e-37  5.49811e-38 -1.04222e-37 -2.88847e-38  2.73579e-38  1.23551e-38  1.01967e-39 -4.08795e-39 -2.04633e-39  9.49331e-40  2.54511e-40 -1.17177e-40  4.17498e-41 -5.43622e-42 -7.28385e-42  4.01813e-42 -5.57127e-44 -3.42848e-43
 1.66822e-36  7.78531e-37 -6.20977e-36 -8.67755e-35  4.09225e-36  3.19799e-34  6.20278e-36 -1.38571e-34  6.45717e-35 -9.02696e-34  -3.6861e-35  3.69799e-33   -5.005e-35 -1.49123e-33  1.17939e-34 -9.89648e-35  1.13275e-35  6.75894e-34 -7.87397e-35  -1.4403e-33  6.04584e-35  1.10847e-33 -3.09925e-35  2.75645e-34  2.82057e-35 -8.21804e-34 -1.33519e-35  4.30751e-34  4.59784e-36 -4.24534e-35  3.80353e-36 -7.94804e-35 -1.89018e-36  2.17501e-34 -2.88663e-36 -1.57336e-34   8.5907e-38  2.23254e-36 -1.04429e-36  5.43872e-35  8.60357e-37 -4.24032e-35  8.35634e-37  5.98477e-36 -5.57109e-38  1.15242e-35  3.22978e-37 -9.46249e-36  1.06938e-38   1.8065e-36  1.04976e-38  1.38781e-36 -6.19478e-38 -1.49942e-36  1.13288e-38  4.52712e-37 -8.93832e-39 -1.62722e-38 -4.05765e-38 -1.52903e-37  1.72444e-38   1.5264e-38  2.70282e-40  -8.1969e-40 -3.35641e-39  4.90829e-39  9.55045e-40  1.57399e-38 -5.27778e-40 -2.23531e-38   7.0589e-40  3.30963e-38 -1.20658e-40 -7.40184e-38  2.81095e-40  2.07611e-37 -7.31726e-40 -5.56511e-37  2.00894e-39  1.38069e-36  -5.0284e-39 -3.16094e-36  1.14463e-38  6.65561e-36  -2.4388e-38 -1.28263e-35  4.85275e-38   2.2497e-35 -8.99214e-38 -3.56716e-35  1.54682e-37  5.07102e-35 -2.46158e-37 -6.39667e-35  3.60961e-37  7.06518e-35 -4.85501e-37 -6.71214e-35  5.95791e-37  5.34677e-35 -6.62918e-37  -3.4296e-35  6.63853e-37  1.63986e-35    -5.93e-37 -4.70629e-36  4.67364e-37 -1.70224e-37  -3.2056e-37  8.83725e-37  1.87974e-37 -3.76347e-37 -9.20047e-38  3.99888e-38  3.63195e-38  1.92113e-38 -1.09551e-38 -5.79535e-39   2.2831e-39 -7.87762e-41 -2.50079e-40  1.55952e-40 -6.86304e-42 -6.97919e-42  4.48132e-42 -2.93982e-43
 1.71716e-36  3.65133e-36  1.19863e-35 -6.08143e-36 -2.32071e-34  1.68896e-36   4.5747e-34  6.69294e-36 -2.68321e-34  8.96552e-35 -1.10055e-33   -5.005e-35  4.30076e-33 -5.99343e-35 -1.96616e-33  1.12458e-34 -1.92648e-35  1.62354e-35  6.02718e-34 -8.17325e-35 -1.64343e-33  4.38919e-35    1.256e-33 -2.25884e-35  2.97834e-34  3.93871e-35 -9.17427e-34   -1.976e-35  4.95794e-34   6.2955e-36 -2.25961e-35  3.73439e-36 -1.18403e-34 -1.35474e-36  2.16652e-34 -3.43371e-36 -1.51733e-34 -7.19359e-37  1.65445e-35 -9.99689e-37  6.99732e-35  7.82616e-37 -4.43976e-35  8.88786e-37   4.2521e-36 -1.32774e-37  1.53996e-35  3.74842e-37 -1.20261e-35 -2.91911e-38  1.11852e-36  5.97886e-38   2.4971e-36 -9.19472e-38 -1.81449e-36  3.04938e-39  2.94959e-37 -1.02007e-38  -6.2185e-39 -4.79807e-38 -1.26287e-37  2.11325e-38 -1.66635e-40 -8.16424e-41 -6.51279e-39 -4.37732e-39  4.96322e-40  4.48458e-40  3.78816e-38 -8.62291e-40 -9.56169e-38  1.11444e-39  2.63137e-37 -7.09167e-40 -7.50256e-37  1.86583e-39  2.07686e-36 -4.91199e-39 -5.35236e-36  1.25307e-38  1.27542e-35 -2.98807e-38 -2.80018e-35  6.63201e-38  5.64009e-35 -1.37538e-37  -1.0368e-34  2.65872e-37  1.72874e-34 -4.77734e-37 -2.59487e-34  7.95417e-37  3.47384e-34 -1.22278e-36  -4.0991e-34  1.72848e-36  4.19778e-34 -2.23605e-36 -3.65158e-34  2.63266e-36  2.61238e-34 -2.80271e-36 -1.45341e-34  2.67707e-36  5.54005e-35 -2.27286e-36 -8.03676e-36  1.69556e-36   -5.366e-36 -1.09543e-36  3.91034e-36  6.01512e-37 -9.15727e-37 -2.73729e-37  -8.2573e-38  9.95886e-38  8.12751e-38 -2.74004e-38 -8.25859e-39  5.16249e-39 -1.84814e-39 -5.24625e-40  2.71917e-40  2.23295e-42  2.89716e-42  2.86818e-42
-1.03097e-36   9.8819e-36  5.04263e-36 -7.43322e-36 -7.22027e-37 -3.14776e-34 -5.47022e-36  5.74765e-34  6.60936e-36 -2.88938e-34  1.09384e-34 -1.49123e-33 -5.99343e-35  5.07097e-33 -6.44004e-35 -2.38308e-33  9.40931e-35 -4.05856e-35  2.08875e-35  4.96717e-34 -7.96033e-35 -1.78379e-33  2.18844e-35  1.31204e-33 -1.32728e-35  3.34282e-34   4.7725e-35 -9.75642e-34 -2.18463e-35  5.51846e-34   7.1899e-36 -2.10193e-35  2.94531e-36  -1.6151e-34 -7.36636e-37  2.13585e-34 -4.16748e-36 -1.41483e-34 -1.65893e-36  2.92091e-35 -8.91551e-37  8.48077e-35  7.67126e-37 -4.30511e-35  7.21517e-37  1.26444e-36  -1.8585e-37  2.06705e-35  3.94883e-37 -1.49134e-35 -1.10371e-37  3.05195e-37  1.41754e-37  3.70232e-36 -1.32286e-37 -2.08019e-36 -8.52642e-39  3.18199e-38 -1.40347e-38  8.75369e-39 -5.51441e-38 -5.57914e-38  2.53272e-38 -2.85162e-38 -5.64028e-40 -2.26397e-39  -5.7808e-39 -6.22947e-38 -4.87984e-40  2.61598e-37 -1.73384e-39 -8.35792e-37  2.52697e-39  2.54642e-36 -4.24241e-39 -7.29204e-36  1.15846e-38  1.95003e-35 -3.01732e-38 -4.83204e-35  7.43181e-38  1.10518e-34 -1.71447e-37 -2.32393e-34   3.6942e-37  4.47125e-34 -7.42655e-37  -7.8268e-34  1.38948e-36  1.23795e-33 -2.41262e-36 -1.75442e-33  3.87518e-36  2.20441e-33 -5.73661e-36 -2.42251e-33   7.7934e-36  2.28601e-33 -9.66847e-36 -1.80391e-33  1.08901e-35  1.14059e-33 -1.10607e-35 -5.31451e-34  1.00475e-35  1.41931e-34 -8.08281e-36  1.38921e-35  5.68836e-36 -3.16654e-35 -3.44862e-36  1.22792e-35  1.76546e-36 -9.04047e-37 -7.42902e-37 -7.63167e-37  2.47323e-37  1.96313e-37 -6.14359e-38  6.44669e-39  1.02879e-38 -5.42348e-39 -9.30172e-40  1.78792e-40  1.68528e-41  1.15242e-41
 -2.3648e-35 -3.46664e-36  2.06258e-35  4.25876e-36 -5.39045e-35  1.09522e-35 -3.75897e-34 -1.80305e-35  6.59424e-34  6.64887e-36 -2.13493e-34  1.17939e-34 -1.96616e-33 -6.44004e-35  5.88968e-33 -6.21219e-35 -2.61738e-33  6.76015e-35 -1.98284e-34  2.28096e-35  3.61375e-34 -7.58969e-35 -1.88138e-33 -2.46117e-36  1.28153e-33 -4.94543e-36  3.75983e-34   5.2155e-35 -9.96791e-34 -1.93404e-35  5.98991e-34  7.70092e-36 -4.10305e-35  1.06768e-36  -2.0309e-34 -3.05068e-38  2.09017e-34 -4.90801e-36 -1.26366e-34 -2.84954e-36  3.57645e-35 -6.49318e-37  9.75778e-35  8.11897e-37 -3.84987e-35  3.14454e-37 -3.12028e-36 -2.14032e-37  2.73849e-35  3.60781e-37  -1.8013e-35 -2.40107e-37 -5.53746e-37  2.60843e-37  4.86773e-36 -1.85688e-37 -2.23236e-36 -2.13538e-38 -3.58711e-37 -2.26183e-38  3.58125e-38 -6.28714e-38  7.24575e-38  2.96939e-38 -1.04938e-37 -9.56255e-40  1.62268e-37  -7.8695e-39 -7.29904e-37 -1.50371e-39   2.5366e-36  -4.9365e-39 -8.09946e-36  1.01534e-38  2.41496e-35 -2.55473e-38 -6.69901e-35  6.89716e-38  1.72471e-34 -1.75281e-37 -4.10581e-34  4.18314e-37  9.00372e-34 -9.34231e-37 -1.81084e-33  1.94818e-36  3.32281e-33 -3.78556e-36 -5.52797e-33  6.83663e-36   8.2745e-33 -1.14418e-35 -1.10387e-32   1.7686e-35  1.29674e-32 -2.51521e-35 -1.32018e-32  3.27632e-35  1.13922e-32 -3.88874e-35  -8.0552e-33  4.18015e-35  4.39594e-33 -4.04013e-35 -1.60739e-33  3.48059e-35  1.80872e-34 -2.64475e-35  1.90739e-34  1.74949e-35  -1.2266e-34 -9.90925e-36  2.52651e-35  4.70318e-36  3.96305e-36 -1.81656e-36 -2.68263e-36  5.47597e-37  2.20703e-37 -1.20803e-37  6.42434e-38  1.74473e-38 -7.78386e-39 -1.30055e-39 -1.90045e-40  2.13166e-41
-4.21129e-37 -1.98596e-35 -7.52997e-36  4.59095e-35  4.48921e-38 -8.27885e-35  2.74982e-35 -4.76766e-34 -3.49273e-35  7.05792e-34  7.97341e-36 -9.89648e-35  1.12458e-34 -2.38308e-33 -6.21219e-35  6.63778e-33 -5.28069e-35 -2.59855e-33  3.97017e-35 -4.81527e-34  1.99303e-35  1.99234e-34 -7.43077e-35 -1.97208e-33 -2.58626e-35  1.18102e-33  8.81419e-37  4.11414e-34  5.19419e-35 -9.92371e-34 -1.30207e-35  6.34271e-34  8.20698e-36 -7.77548e-35 -2.23122e-36 -2.36665e-34  7.56476e-37  2.00734e-34 -5.43053e-36 -1.04663e-34  -4.3837e-36  3.23613e-35 -2.11674e-37  1.07479e-34  8.50121e-37 -3.17791e-35 -2.77569e-37 -8.59807e-36 -2.35597e-37  3.52799e-35  2.59553e-37 -2.10598e-35  -4.2392e-37 -1.44705e-36  4.19261e-37   5.8727e-36 -2.55614e-37 -2.20538e-36 -3.19968e-38 -8.83607e-37 -3.83363e-38  6.11267e-38  -7.2811e-38   3.5676e-37  3.39736e-38  -6.3046e-37 -6.41777e-40  2.01941e-36 -1.17738e-38 -7.37381e-36  5.77227e-40  2.44515e-35 -2.09008e-38 -7.55894e-35  5.44394e-38  2.17586e-34 -1.48279e-37 -5.81655e-34  3.89552e-37     1.44e-33 -9.60236e-37 -3.29003e-33  2.21757e-36  6.90892e-33 -4.78756e-36  -1.3271e-32  9.64225e-36  2.31836e-32 -1.80744e-35 -3.65773e-32  3.14496e-35  5.16749e-32 -5.06409e-35 -6.46709e-32  7.51964e-35  7.07038e-32 -1.02551e-34 -6.62603e-32  1.27846e-34  5.17787e-32 -1.44895e-34 -3.22485e-32  1.48328e-34   1.4611e-32   -1.361e-34 -3.58207e-33  1.10899e-34 -6.32086e-34 -7.93429e-35   9.5888e-34  4.91432e-35 -3.38872e-34 -2.58797e-35  1.31985e-35  1.13159e-35  2.48616e-35 -3.97673e-36 -5.51964e-36  1.07149e-36 -3.09631e-37 -2.05526e-37  1.58579e-37  2.45747e-38 -3.08234e-39 -1.35091e-39  -3.9612e-40
    3.82e-36 -2.87879e-38  1.36577e-36 -1.27207e-35  9.13937e-35 -7.70833e-36 -4.02382e-35  4.54089e-35 -6.54701e-34  -5.3206e-35  7.11325e-34  1.13275e-35 -1.92648e-35  9.40931e-35 -2.61738e-33 -5.28069e-35  7.23448e-33 -3.71999e-35 -2.32319e-33  1.68899e-35 -8.34516e-34  1.15195e-35  1.83021e-35 -7.71336e-35 -2.09114e-33 -4.54829e-35  1.03374e-33   3.4133e-36   4.3228e-34  4.69449e-35 -9.81062e-34 -4.50134e-36  6.51417e-34  8.93261e-36 -1.19635e-34 -7.19946e-36 -2.56284e-34  1.62213e-36  1.84086e-34 -5.54948e-36 -7.37388e-35 -6.24718e-36  1.69109e-35  4.31242e-37  1.14388e-34  7.54241e-37 -2.48253e-35 -9.28459e-37 -1.43071e-35 -2.87426e-37  4.37251e-35  9.61994e-38 -2.35685e-35 -6.65987e-37  -2.4613e-36  6.16427e-37  6.64579e-36 -3.45982e-37 -1.96232e-36 -3.57659e-38 -1.47748e-36 -6.34588e-38 -1.61351e-37 -8.72737e-38  1.83838e-36  3.74187e-38 -5.67816e-36  2.62037e-39  2.03713e-35 -2.36202e-38 -7.01353e-35  2.51791e-38  2.24495e-34 -1.08389e-37 -6.69771e-34  3.01668e-37   1.8581e-33  -8.1362e-37 -4.78026e-33  2.07027e-36  1.13687e-32  -4.9371e-36 -2.49006e-32  1.10179e-35  5.00063e-32 -2.29643e-35 -9.15914e-32  4.46074e-35  1.52031e-31 -8.05564e-35 -2.26927e-31   1.3487e-34  3.01661e-31 -2.08667e-34 -3.52757e-31  2.97242e-34  3.56983e-31 -3.88169e-34 -3.05515e-31  4.62403e-34  2.13404e-31 -4.99542e-34 -1.14094e-31  4.86046e-34  3.98192e-32 -4.22429e-34 -2.98129e-33  3.24686e-34 -5.71856e-33 -2.18007e-34  3.29285e-33  1.25913e-34  -5.8674e-34 -6.13239e-35 -1.41189e-34  2.45264e-35  7.43899e-35 -7.76298e-36  -4.5795e-36  1.84055e-36 -1.92387e-36 -2.98766e-37  1.89159e-37  2.79057e-38  7.72806e-39 -9.10101e-40
 1.51888e-37 -6.81093e-36  1.85128e-36  1.47908e-35 -1.78468e-35  1.49524e-34 -1.76728e-35  1.00844e-34  6.04665e-35 -9.03277e-34 -6.88991e-35  6.75894e-34  1.62354e-35 -4.05856e-35  6.76015e-35 -2.59855e-33 -3.71999e-35  7.65572e-33 -1.68109e-35 -1.84506e-33  3.53875e-36 -1.17604e-33 -1.38228e-36 -1.59499e-34 -8.44976e-35 -2.25899e-33 -5.94352e-35  8.66339e-34   2.6932e-36  4.37651e-34  3.78471e-35 -9.81082e-34  4.10684e-36  6.41614e-34  1.00174e-35 -1.51737e-34 -1.39856e-35 -2.57538e-34  2.59244e-36  1.53714e-34 -5.20749e-36 -3.13622e-35 -8.25429e-36 -1.01476e-35  1.21605e-36   1.1884e-34  3.62007e-37 -2.02286e-35 -1.46799e-36 -1.88957e-35 -4.18204e-37  5.17306e-35 -1.00519e-37  -2.4823e-35 -9.68805e-37 -3.77086e-36    8.478e-37  7.20313e-36 -4.60505e-37 -1.62569e-36 -2.71075e-38 -1.50167e-36  -1.0006e-37 -3.21441e-36 -1.08258e-37  1.48586e-35  3.66679e-38  -5.4051e-35   1.9804e-38  1.91184e-34 -7.77886e-38 -6.33759e-34  1.79104e-37  1.95858e-33 -5.77891e-37 -5.63487e-33  1.59978e-36  1.50541e-32  -4.1922e-36 -3.72369e-32  1.03144e-35   8.4984e-32 -2.37664e-35 -1.78224e-31  5.12014e-35  3.41777e-31  -1.0293e-34 -5.95843e-31  1.92649e-34  9.37699e-31  -3.3484e-34 -1.32054e-30  5.38857e-34  1.64599e-30 -8.00198e-34  -1.7901e-30  1.09221e-33  1.66576e-30 -1.36404e-33 -1.28862e-30  1.55042e-33   7.8994e-31 -1.59393e-33  -3.4718e-31  1.47119e-33  7.67275e-32 -1.20833e-33  2.14965e-32  8.73615e-34  -2.5011e-32  -5.4858e-34  8.04889e-33  2.94139e-34  -1.0682e-35 -1.31709e-34 -6.83237e-34  4.77913e-35  1.30697e-34 -1.34612e-35  1.13658e-35   2.7544e-36  -4.0317e-36 -3.64763e-37  2.63352e-38   2.4194e-38  1.11998e-38
 6.58606e-36  1.34782e-37 -2.73786e-35  5.67678e-36 -4.32833e-36 -2.12509e-35  2.05762e-34 -2.75361e-35  3.29487e-34  6.91081e-35 -1.18181e-33 -7.87397e-35  6.02718e-34  2.08875e-35 -1.98284e-34  3.97017e-35 -2.32319e-33 -1.68109e-35  7.92555e-33  6.47464e-36  -1.2517e-33  8.96152e-37 -1.42895e-33  -1.6175e-35 -2.94791e-34 -9.44972e-35 -2.47528e-33 -6.70211e-35  7.06133e-34  -5.2056e-37  4.35328e-34  2.61578e-35 -1.00247e-33  1.05956e-35  5.94975e-34  1.16737e-35 -1.59896e-34 -2.26491e-35 -2.38051e-34  3.72923e-36  1.05987e-34 -4.54196e-36  2.26338e-35 -1.00307e-35 -4.56527e-35  2.02041e-36  1.21799e-34 -4.81857e-37 -2.07976e-35 -1.72423e-36 -2.07613e-35 -6.77747e-37  5.80404e-35 -2.77692e-37 -2.39498e-35 -1.33182e-36 -5.62435e-36  1.10337e-36  7.88074e-36  -6.0179e-37 -2.61224e-36  5.33282e-41  5.16604e-36 -1.50887e-37 -3.41665e-35 -1.33468e-37  1.36423e-34  1.41702e-38 -4.97091e-34  1.08779e-37  1.70334e-33 -3.56603e-37 -5.45111e-33  1.00837e-36   1.6255e-32 -2.96155e-36 -4.50664e-32  7.98452e-36  1.15851e-31 -2.02443e-35 -2.75253e-31  4.81224e-35  6.02154e-31 -1.07056e-34 -1.20746e-30  2.22493e-34  2.20751e-30 -4.31089e-34 -3.65588e-30  7.76845e-34  5.44138e-30 -1.29848e-33 -7.20744e-30  2.00685e-33  8.38935e-30 -2.85763e-33 -8.43794e-30  3.73338e-33  7.16028e-30 -4.45345e-33 -4.93838e-30  4.82314e-33  2.58317e-30 -4.71079e-33 -8.55392e-31  4.11645e-33  2.63842e-32 -3.18738e-33  1.47468e-31  2.16119e-33 -7.68174e-32 -1.26439e-33  1.15304e-32  6.26268e-34  4.08785e-33 -2.56106e-34 -1.77069e-33  8.35113e-35  6.92113e-35 -2.06282e-35   5.0143e-35  3.55181e-36 -3.95625e-36 -3.63475e-37 -2.37812e-37  1.39353e-38
-4.19646e-37  9.41701e-36 -5.19566e-37 -4.86618e-35  1.10563e-35 -6.52597e-35  -2.1331e-35   2.4696e-34 -3.49047e-35  6.06532e-34  6.92408e-35  -1.4403e-33 -8.17325e-35  4.96717e-34  2.28096e-35 -4.81527e-34  1.68899e-35 -1.84506e-33  6.47464e-36   8.0893e-33  3.06986e-35 -6.40481e-34  7.17912e-36 -1.54635e-33 -2.94567e-35 -3.36362e-34 -1.04037e-34 -2.72225e-33 -6.86771e-35  5.76561e-34 -5.05024e-36  4.40221e-34  1.39068e-35 -1.04259e-33  1.30463e-35  5.02601e-34  1.42975e-35 -1.34914e-34 -3.31767e-35 -1.97478e-34  5.11163e-36  4.12632e-35 -3.90194e-36  8.49955e-35 -1.10577e-35 -8.41473e-35  2.70928e-36  1.24287e-34 -1.88053e-36 -2.90023e-35 -1.56685e-36 -1.83811e-35 -1.10549e-36  6.13062e-35 -3.65011e-37 -1.99972e-35 -1.74937e-36 -8.75569e-36   1.3667e-36  1.17295e-35 -7.70695e-37 -1.85937e-35  5.31799e-38  7.65361e-35 -2.24369e-37 -3.24618e-34 -1.38018e-37  1.23316e-33 -1.21114e-37 -4.36732e-33  5.64265e-37  1.44639e-32 -1.76354e-36 -4.46825e-32  5.12111e-36  1.28481e-31 -1.43217e-35 -3.43006e-31  3.73911e-35  8.47693e-31 -9.16191e-35 -1.93254e-30  2.10303e-34  4.04736e-30 -4.51453e-34 -7.74866e-30  9.04612e-34  1.34811e-29 -1.68828e-33 -2.11615e-29  2.92733e-33  2.97059e-29 -4.70208e-33 -3.68758e-29  6.97365e-33  3.98904e-29 -9.51306e-33 -3.68512e-29  1.18834e-32   2.8212e-29 -1.35232e-32 -1.70086e-29  1.39344e-32  7.23195e-30 -1.29075e-32 -1.40476e-30  1.06558e-32 -5.95122e-31 -7.75826e-33  5.69984e-31  4.91736e-33 -1.66472e-31 -2.66908e-33 -6.84971e-33  1.21445e-33  1.62132e-32 -4.50058e-34 -2.64706e-33  1.30382e-34 -3.36862e-34 -2.77251e-35  8.97226e-35   3.8786e-36  5.50625e-37 -2.79697e-37 -2.68118e-37
 1.43362e-36 -9.34057e-37  7.12973e-36 -2.14228e-36  -5.6553e-35  1.65316e-35 -1.62226e-34 -1.71591e-35  2.67287e-34 -3.81171e-35  8.81576e-34  6.04584e-35 -1.64343e-33 -7.96033e-35  3.61375e-34  1.99303e-35 -8.34516e-34  3.53875e-36  -1.2517e-33  3.06986e-35  8.18729e-33  5.39482e-35  -1.0234e-34  1.85357e-35 -1.52409e-33 -3.80722e-35 -2.34405e-34 -1.09916e-34 -2.97438e-33 -6.57211e-35  4.90975e-34 -9.63488e-36  4.70234e-34  3.10487e-36 -1.08641e-33    1.014e-35  3.59204e-34  1.84442e-35 -7.59831e-35 -4.54862e-35 -1.37299e-34  6.79506e-36  -3.4924e-35 -3.79698e-36  1.48613e-34 -1.07714e-35 -1.18845e-34  3.19037e-36   1.2696e-34 -3.85109e-36 -4.64426e-35 -9.37825e-37  -1.0605e-35 -1.72018e-36  6.01659e-35 -2.88692e-37 -1.11595e-35 -2.20872e-36  -1.9317e-35   1.6157e-36  4.78771e-35 -9.67575e-37 -1.77755e-34  1.47877e-37  7.41252e-34 -3.59626e-37 -2.91803e-33  1.29359e-38  1.06967e-32 -8.18502e-37  -3.6647e-32  2.79898e-36  1.17226e-31 -8.48433e-36 -3.49396e-31  2.41705e-35  9.68081e-31 -6.50911e-35 -2.48665e-30  1.64298e-34   5.9023e-30 -3.88852e-34 -1.28964e-29  8.61549e-34  2.58217e-29 -1.78383e-33 -4.71205e-29  3.44455e-33  7.78578e-29 -6.18883e-33 -1.15551e-28  1.03187e-32  1.52499e-28 -1.59169e-32 -1.76675e-28  2.26346e-32  1.76591e-28 -2.95528e-32 -1.48549e-28  3.52595e-32  1.01108e-28 -3.82295e-32 -5.16705e-29  3.74215e-32   1.6118e-29 -3.28141e-32  3.44637e-31  2.55349e-32 -3.32121e-30 -1.74318e-32   1.5758e-30  1.02907e-32 -1.90613e-31 -5.15764e-33 -1.00384e-31  2.14194e-33  3.67751e-32 -7.12737e-34 -5.42867e-34  1.80865e-34 -1.14357e-33 -3.23075e-35  7.08238e-35  3.48277e-36  6.04957e-36 -1.44418e-37
  4.3034e-37  4.71903e-36 -1.28633e-36 -1.49903e-36 -4.50115e-36 -3.84541e-35  1.99997e-35 -2.83457e-34 -8.84732e-36  2.70768e-34   -3.663e-35  1.10847e-33  4.38919e-35 -1.78379e-33 -7.58969e-35  1.99234e-34  1.15195e-35 -1.17604e-33  8.96152e-37 -6.40481e-34  5.39482e-35  8.24353e-33  7.43615e-35  2.86138e-34  3.04138e-35 -1.39703e-33 -4.01138e-35  4.46004e-35 -1.09759e-34 -3.20808e-33 -6.00447e-35  4.47513e-34 -1.31728e-35  5.40704e-34 -4.84374e-36 -1.11097e-33   1.3569e-36  1.65944e-34  2.46712e-35  7.70261e-36 -5.94059e-35 -6.07454e-35  8.76217e-36 -1.12305e-34 -4.78032e-36  2.03351e-34 -8.69142e-36 -1.42936e-34  3.44885e-36  1.29779e-34 -6.31333e-36 -7.35331e-35  1.37331e-37  3.46926e-36 -2.51146e-36  5.15951e-35  1.02476e-38  1.49602e-35 -2.68934e-36 -9.67068e-35  1.82717e-36  3.87342e-34 -1.20166e-36 -1.63515e-33  3.41778e-37  6.61111e-33 -7.46068e-37 -2.50543e-32  9.67916e-37  8.87852e-32 -4.16555e-36 -2.93947e-31  1.31611e-35  9.07677e-31 -3.86724e-35  -2.6085e-30  1.06894e-34  6.95902e-30 -2.77955e-34 -1.71831e-29  6.77883e-34  3.91307e-29 -1.54911e-33 -8.18415e-29  3.31169e-33  1.56424e-28 -6.61071e-33 -2.71585e-28  1.22956e-32  4.25219e-28 -2.12561e-32 -5.94981e-28  3.40585e-32  7.35534e-28 -5.04155e-32  -7.9135e-28  6.86859e-32  7.25656e-28  -8.5752e-32 -5.49585e-28  9.76087e-32  3.25588e-28 -1.00695e-31 -1.33522e-28  9.34838e-32  2.19535e-29 -7.74447e-32  1.39749e-29  5.66644e-32 -1.14803e-29 -3.61558e-32    3.024e-30  1.97987e-32  2.74983e-31 -9.11282e-33   -3.376e-31  3.42812e-33  4.62413e-32 -1.01287e-33   8.3657e-33  2.21098e-34 -1.75625e-33 -3.20537e-35 -3.40569e-35  2.43084e-36   5.5669e-36
-6.24152e-38  7.22634e-37  8.51295e-36  -1.2193e-36 -1.76921e-35 -6.76944e-36  1.05546e-35   1.9635e-35  -4.1858e-34  2.54366e-36  2.69161e-34 -3.09925e-35    1.256e-33  2.18844e-35 -1.88138e-33 -7.43077e-35  1.83021e-35 -1.38228e-36 -1.42895e-33  7.17912e-36  -1.0234e-34  7.43615e-35  8.27163e-33  9.01676e-35   4.6664e-34  3.88558e-35 -1.22356e-33 -3.55533e-35  5.07569e-34 -1.02545e-34 -3.40687e-33 -5.38463e-35  4.28801e-34 -1.47981e-35   6.5887e-34  -9.5761e-36 -1.09216e-33 -1.29407e-35 -6.74037e-35  3.33281e-35  9.80883e-35 -7.46345e-35  2.70045e-35  1.08831e-35 -1.77928e-34   -7.292e-36  2.38032e-34 -4.54641e-36 -1.50958e-34  3.54074e-36  1.31961e-34 -9.10558e-36 -1.10017e-34  1.55709e-36  2.79852e-35 -3.43368e-36  1.22054e-35  5.59205e-37  1.75116e-34 -3.16593e-36 -7.90409e-34  1.99211e-36  3.44875e-33 -1.53556e-36 -1.43645e-32  8.91316e-37  5.62074e-32  -2.2636e-36 -2.05931e-31   5.6479e-36  7.05401e-31 -1.92688e-35 -2.25558e-30  5.83901e-35  6.71953e-30 -1.66086e-34 -1.86063e-29  4.44182e-34  4.77553e-29 -1.11582e-33  -1.1324e-28  2.62835e-33  2.47127e-28 -5.79747e-33 -4.94063e-28   1.1954e-32  8.99916e-28 -2.29958e-32 -1.48352e-27  4.11777e-32  2.19538e-27 -6.84571e-32 -2.88677e-27  1.05345e-31  3.32854e-27 -1.49536e-31 -3.30582e-27  1.95017e-31  2.75605e-27 -2.32577e-31 -1.85027e-27  2.52268e-31  9.22348e-28 -2.47263e-31 -2.68614e-28  2.17333e-31 -2.27196e-29 -1.69726e-31  6.61321e-29  1.16443e-31 -2.86972e-29 -6.91989e-32  2.58426e-30   3.4985e-32  2.14179e-30 -1.46941e-32 -6.74039e-31  4.96183e-33 -7.99545e-33 -1.28364e-33  2.30002e-32  2.35272e-34 -1.06851e-33 -2.62702e-35 -1.32297e-34  1.14481e-36
-3.08834e-38   1.0547e-36  6.45664e-37  1.03902e-35 -6.93208e-37 -4.13263e-35 -7.92179e-36  8.58553e-35  1.47701e-35 -5.59685e-34   1.5439e-35  2.75645e-34 -2.25884e-35  1.31204e-33 -2.46117e-36 -1.97208e-33 -7.71336e-35 -1.59499e-34  -1.6175e-35 -1.54635e-33  1.85357e-35  2.86138e-34  9.01676e-35  8.28897e-33    9.986e-35  4.03228e-34  4.13669e-35 -1.06629e-33 -2.63081e-35  1.13207e-33 -8.86633e-35 -3.56086e-33 -4.94098e-35  4.08265e-34 -1.38139e-35  8.19969e-34 -1.19089e-35 -1.01148e-33 -3.15279e-35 -3.22129e-34  4.44006e-35  1.72369e-34 -9.07004e-35  1.18465e-34  1.28995e-35 -2.19172e-34 -1.15043e-35   2.4303e-34  1.63371e-36 -1.40062e-34  3.54575e-36  1.33142e-34 -1.20217e-35 -1.61462e-34  3.16421e-36   1.0492e-34 -4.40363e-36 -2.78411e-34  1.34737e-36  1.53882e-33 -3.62412e-36 -6.96005e-33  2.17271e-36  2.99232e-32 -2.28184e-36 -1.20914e-31  2.93752e-36  4.57822e-31 -8.77071e-36 -1.62193e-30   2.6424e-35  5.36817e-30 -8.34024e-35 -1.65692e-29  2.44077e-34  4.75904e-29 -6.71532e-34 -1.26873e-28   1.7362e-33  3.12998e-28 -4.21321e-33 -7.12002e-28  9.58229e-33  1.48713e-27 -2.03938e-32 -2.83763e-27  4.05424e-32  4.91653e-27 -7.51266e-32 -7.67792e-27  1.29451e-31  1.07083e-26 -2.06843e-31 -1.31826e-26  3.05501e-31  1.41049e-26 -4.15544e-31 -1.28364e-26  5.18312e-31  9.61427e-27 -5.89874e-31 -5.59183e-27  6.08927e-31  2.20392e-27 -5.66208e-31  -2.8846e-28  4.70284e-31 -2.85284e-28 -3.45389e-31  2.06302e-28  2.21505e-31 -4.85333e-29 -1.22104e-31 -7.35228e-30  5.66868e-32  6.23968e-30 -2.15624e-32 -6.96797e-31  6.46318e-33 -1.78785e-31 -1.43788e-33  3.03931e-32  2.13846e-34  1.03523e-33 -1.67977e-35 -1.01711e-34
