 4.21409e-10 -1.36395e-23 -7.00845e-09  3.72201e-22  4.20575e-08 -2.85865e-21 -1.37699e-07  1.16386e-20  2.74098e-07 -3.02968e-20 -3.33976e-07  5.59665e-20  2.21641e-07 -8.10583e-20 -3.20379e-08  1.04103e-19  -5.2373e-08 -1.29357e-19  1.77486e-08  1.48881e-19  1.38853e-08 -1.40493e-19 -3.55929e-09   9.7319e-20 -4.21911e-09 -4.44505e-20 -1.60418e-10  1.16153e-20  9.70849e-10 -2.69813e-21  3.87941e-10  2.87367e-21 -6.11758e-11 -1.87105e-21 -1.10148e-10 -1.61399e-22  -3.8739e-11  8.06079e-22  2.70769e-12 -2.67615e-22  8.63207e-12 -1.46983e-22  4.01844e-12  9.67304e-23  6.77218e-13  2.47399e-23 -2.78576e-13 -2.51879e-23 -2.53736e-13 -3.97373e-24 -9.84208e-14  5.38028e-24 -1.94661e-14  1.56271e-25  1.85818e-15 -4.96829e-25  3.28165e-15 -1.12441e-25  1.52707e-15  4.12778e-26  4.57122e-16  2.17722e-26  8.77941e-17  2.89965e-27  3.56728e-18  -6.1213e-27 -5.36867e-18 -3.92004e-27 -2.78953e-18  1.33835e-27 -9.04795e-19   1.3639e-27 -2.24415e-19  1.76385e-28 -4.38054e-20 -1.67381e-28 -6.28295e-21 -8.97731e-29 -4.10178e-22 -1.32432e-29  1.11322e-22  4.92234e-30  5.51913e-23  3.16639e-30  1.49343e-23   8.4419e-31  3.13439e-24  7.19589e-32  5.52864e-25 -2.71587e-32  8.43598e-26 -8.56006e-33  1.12488e-26  2.87944e-34  1.30991e-27  8.61091e-34  1.31764e-28  3.04338e-34  1.11381e-29  5.78055e-35  7.38076e-31  4.97319e-36   2.9583e-32 -5.76921e-37 -8.66211e-34 -2.97955e-37 -3.19187e-34 -6.01021e-38 -3.83046e-35 -7.96636e-39 -3.24357e-36 -7.50795e-40 -2.15208e-37 -4.83002e-41 -1.14444e-38 -1.58124e-42  -4.8451e-40  4.02395e-44 -1.60506e-41  7.65916e-45 -4.01412e-43  4.18194e-46 -6.84173e-45   1.1428e-47 -5.90481e-47  1.11618e-49
-1.36395e-23  1.03636e-08 -2.25224e-22 -9.70555e-08  4.25239e-21  4.36751e-07 -2.58374e-20 -1.15672e-06  8.72569e-20    1.906e-06 -1.91423e-19  -1.8921e-06  2.97082e-19  9.06371e-07 -3.58506e-19  1.07944e-07   3.9363e-19 -2.93141e-07 -4.52269e-19  4.60519e-09  5.05371e-19  8.10499e-08 -4.54928e-19  7.97199e-09  2.83984e-19 -1.95077e-08 -1.02588e-19 -7.24665e-09  1.09608e-20  2.36638e-09 -5.22899e-23  2.57916e-09  8.72448e-21  5.38832e-10  -6.8367e-21 -3.13155e-10  2.96007e-23  -2.5941e-10  2.38905e-21 -6.73664e-11 -8.78459e-22   1.3844e-11 -4.00133e-22  1.92478e-11  2.70605e-22  7.99606e-12  7.73818e-23  1.27769e-12 -6.62278e-23 -5.02161e-13 -1.66526e-23  -4.5479e-13  1.47033e-23 -1.81125e-13  1.47063e-24 -4.14731e-14 -1.41047e-24 -1.18002e-15 -3.56076e-25  3.85319e-15  1.45974e-25  2.11035e-15   5.4186e-26  7.10363e-16 -7.41188e-27  1.69931e-16 -2.53145e-26  2.55877e-17 -1.04935e-26 -3.84716e-19  6.40844e-27 -1.87095e-18  5.10287e-27 -7.91265e-19   5.6862e-28 -2.28559e-19 -6.36555e-28 -5.24482e-20 -3.24953e-28  -9.8961e-21 -4.67548e-29 -1.51182e-21  1.58083e-29 -1.69702e-22  1.02713e-29 -7.40743e-24  2.78934e-30  2.55004e-24  3.31954e-31  9.44092e-25 -2.45869e-32  2.06278e-25 -6.69438e-33  3.54773e-26    4.975e-33  5.16002e-27  3.07241e-33  6.52269e-28  8.92897e-34  7.24879e-29  1.54667e-34  7.10933e-30  1.27149e-35  6.14804e-31 -1.27069e-36  4.66728e-32 -6.45339e-37   3.0859e-33 -1.23628e-37  1.75541e-34 -1.55672e-38  8.43662e-36 -1.40404e-39  3.34099e-37 -8.80246e-41  1.05246e-38 -3.15023e-42  2.48812e-40  1.67294e-45  3.80598e-42  6.41176e-45  1.20892e-44  3.20965e-46 -7.10317e-46  6.47476e-48 -4.80971e-48
-7.00845e-09 -2.25224e-22  1.24641e-07 -2.11935e-21 -8.04598e-07   3.0295e-20  2.85745e-06 -1.50696e-19 -6.25025e-06  4.29909e-19  8.57177e-06 -8.02719e-19 -6.81744e-06  1.04679e-18  1.99806e-06 -1.03495e-18  1.19401e-06  9.51574e-19 -8.58369e-07 -1.03448e-18 -2.74635e-07   1.1636e-18  2.27452e-07 -1.01176e-18   1.0611e-07  5.62106e-19 -3.61296e-08  -1.4287e-19 -3.71768e-08 -2.30746e-20 -3.91792e-09  1.19578e-20  7.18365e-09  1.93459e-20  3.94074e-09 -1.65554e-20  2.58311e-10  1.16446e-21  -6.8468e-10  4.89049e-21 -3.95599e-10 -1.99752e-21 -7.82589e-11 -7.65956e-22  2.82371e-11  5.21432e-22  2.83617e-11   1.8233e-22  1.10337e-11 -1.24838e-22  1.83507e-12  -4.4314e-23 -5.35685e-13  2.86156e-23 -5.32704e-13  4.42541e-24 -2.22557e-13 -2.86757e-24 -5.80669e-14 -4.95101e-25 -6.90014e-15  4.19183e-25  2.15569e-15  3.94223e-26  1.71311e-15  -8.2215e-26  6.60182e-16 -7.26985e-26  1.82908e-16 -1.64171e-26  3.79303e-17  2.07471e-26  5.14483e-18  1.35475e-26 -1.27441e-20  1.35745e-27 -2.79332e-19 -1.64749e-27 -1.10105e-19 -8.13841e-28 -2.95946e-20 -1.18049e-28 -6.40049e-21  3.42841e-29 -1.16733e-21  2.31614e-29 -1.81638e-22  6.56538e-30 -2.38414e-23  1.05245e-30 -2.51812e-24  1.07015e-31 -1.80406e-25  3.50368e-32  4.37252e-28  2.06835e-32  2.96072e-27  7.72258e-33   6.4159e-28  1.88761e-33  9.52344e-29  3.00094e-34  1.13835e-29   2.4533e-35  1.14896e-30 -1.63558e-36  9.96083e-32 -9.24638e-37   7.4494e-33 -1.70276e-37  4.79128e-34 -2.03953e-38   2.6259e-35   -1.753e-39  1.20786e-36 -1.05707e-40  4.56766e-38 -3.87782e-42  1.37538e-39 -4.31946e-44  3.09999e-41  2.94336e-45  4.65559e-43  1.41214e-46   3.6488e-45  1.75211e-48
 3.72201e-22 -9.70555e-08 -2.11935e-21  9.77284e-07   -1.389e-20 -4.76091e-06  1.58303e-19  1.37866e-05 -6.60502e-19 -2.52483e-05  1.61451e-18  2.88055e-05 -2.58597e-18 -1.77236e-05   2.8262e-18  1.48647e-06  -2.2232e-18  4.83478e-06  1.63966e-18 -1.31019e-06 -1.77065e-18 -1.34434e-06  2.11774e-18  2.70526e-07 -1.79541e-18  4.10565e-07  8.68802e-19  2.76556e-08 -1.14222e-19 -9.58624e-08 -1.03584e-19 -4.09634e-08  3.26901e-20  6.09426e-09  3.39519e-20  1.18826e-08 -3.08333e-20  4.24087e-09  4.05407e-21 -3.54512e-10  8.00635e-21 -1.01028e-09 -3.64247e-21  -4.6607e-10 -1.22997e-21 -7.28768e-11  8.12575e-22  3.77556e-11   3.5839e-22  3.21868e-11 -1.94525e-22  1.21812e-11 -8.92224e-23  2.25165e-12  4.49727e-23 -3.45027e-13  8.19917e-24 -4.58589e-13 -4.53286e-24 -2.05926e-13  2.98846e-25 -6.01416e-14  1.03154e-24 -1.10068e-14 -1.91233e-25 -1.61996e-16 -3.34537e-25  8.22333e-16 -1.69876e-25  4.01264e-16 -1.20716e-26  1.27228e-16  5.26327e-26  3.10822e-17   2.9534e-26  5.97616e-18  2.88873e-27  8.37255e-19 -3.32106e-27  4.92452e-20 -1.61902e-27  -1.6604e-20 -2.41377e-28 -7.72754e-21  5.86022e-29 -2.04729e-21  4.23703e-29 -4.23488e-22  1.28482e-29  -7.3771e-23  2.64405e-30 -1.11271e-23  5.28345e-31 -1.46795e-24  1.59023e-31 -1.69399e-25   5.5028e-32 -1.69478e-26  1.56409e-32 -1.43793e-27  3.31249e-33  -9.8249e-29  4.89352e-34 -4.61191e-30  4.11722e-35 -2.11795e-32 -1.05609e-36  2.42462e-32 -9.87237e-37  3.19766e-33 -1.79034e-37  2.69642e-34 -2.04928e-38  1.72285e-35 -1.67354e-39  8.63884e-37  -9.5904e-41  3.39312e-38 -3.44978e-42    1.013e-39 -5.58214e-44  2.13647e-41   6.5078e-46  2.71081e-43  3.76976e-47  1.33313e-45
 4.20575e-08  4.25239e-21 -8.04598e-07   -1.389e-20   5.6193e-06 -6.93266e-20 -2.17627e-05  6.51542e-19  5.25404e-05 -2.32195e-18 -8.12356e-05  4.91858e-18  7.65303e-05 -6.79923e-18 -3.38342e-05   6.1897e-18 -6.79258e-06 -3.66958e-18  1.24137e-05  1.94512e-18  3.45888e-07 -2.37265e-18 -3.62611e-06  3.27466e-18 -4.61786e-07 -2.70647e-18  9.08294e-07  1.09915e-18  3.58691e-07  1.49213e-20 -1.16975e-07 -2.14821e-19 -1.31494e-07  5.57846e-20 -2.67742e-08  4.71961e-20  1.76593e-08 -4.74923e-20  1.41902e-08  9.49817e-21  3.47269e-09  1.12623e-20 -9.68596e-10 -5.67657e-21 -1.15906e-09 -1.79524e-21 -4.59849e-10  1.09208e-21 -6.12389e-11  6.08092e-22  3.76758e-11  -2.6422e-22  2.98251e-11 -1.47543e-22  1.13123e-11  5.83297e-23  2.38546e-12  1.01114e-23  -5.5098e-14 -5.02219e-24 -2.93066e-13  3.67892e-24 -1.47584e-13  2.17886e-24 -4.77376e-14 -9.56302e-25 -1.09375e-14 -9.46743e-25 -1.48008e-15  -3.4566e-25  1.05877e-16  1.58061e-26  1.46812e-16  1.11318e-25  5.76908e-17  5.60977e-26  1.61287e-17    5.923e-27  3.61709e-18 -5.45195e-27  6.68156e-19  -2.6869e-27  9.95586e-20  -4.1249e-28  1.07128e-20  8.69412e-29  3.62967e-22  6.80205e-29 -1.88444e-22  2.24189e-29 -6.41858e-23  5.59056e-30  -1.3557e-23  1.40363e-30 -2.27326e-24  4.00276e-31 -3.23046e-25  1.12329e-31 -3.99018e-26  2.68791e-32 -4.32928e-27  5.07857e-33 -4.13969e-28  7.06884e-34 -3.48433e-29   6.2103e-35 -2.56924e-30  7.04212e-37 -1.64623e-31   -7.924e-37 -9.05637e-33 -1.49309e-37 -4.20767e-34 -1.65215e-38  -1.6138e-35 -1.28143e-39 -4.93985e-37  -6.9042e-41 -1.13763e-38 -2.35166e-42 -1.76566e-40 -4.11384e-44 -1.52554e-42 -7.84326e-47 -5.97828e-45  5.26568e-48
-2.85865e-21  4.36751e-07   3.0295e-20 -4.76091e-06 -6.93266e-20  2.52715e-05 -2.77322e-19 -8.04845e-05  2.20091e-18  0.000164533 -6.79428e-18 -0.000215583  1.25878e-17  0.000164826  -1.5085e-17  -4.3338e-05  1.13111e-17 -3.33617e-05 -4.49847e-18  2.17745e-05  1.03861e-18  8.02128e-06 -2.52577e-18 -6.22041e-06  4.51853e-18 -3.08033e-06 -3.57408e-18  1.07642e-06  1.13879e-18  1.12231e-06  2.26664e-19  1.01148e-07 -3.09944e-19 -2.38058e-07  7.48582e-20 -1.25226e-07  4.97226e-20 -3.64846e-09 -6.38453e-20  2.52409e-08  1.78816e-20  1.35896e-08  1.43272e-20  2.22955e-09 -7.78629e-21 -1.30659e-09 -2.46581e-21  -1.1056e-09  1.30579e-21 -3.98168e-10  9.10435e-22 -5.10143e-11 -3.21263e-22  2.92385e-11 -2.13135e-22  2.30972e-11  5.84433e-23  8.98427e-12  6.37131e-24  2.15512e-12 -1.00802e-24  1.70238e-13  1.21636e-23 -1.27792e-13  3.99551e-24  -8.0799e-14 -2.71569e-24 -2.91454e-14  -2.1502e-24 -7.70789e-15 -6.37282e-25 -1.50853e-15   7.6354e-26 -1.76951e-16  2.03179e-25  1.23928e-17  9.57714e-26  1.45465e-17  1.18369e-26  5.16779e-18 -7.32271e-27  1.32686e-18 -3.77584e-27  2.78169e-19 -5.84148e-28  4.94105e-20  1.25293e-28  7.49168e-21  1.01751e-28  9.55346e-22  3.62961e-29  9.70884e-23  1.02979e-29  6.42419e-24   2.8201e-30 -1.16585e-25  7.64189e-31  -1.2454e-25  1.89676e-31 -2.50863e-26  4.02724e-32  -3.5616e-27   6.9521e-33 -4.09322e-28  9.21752e-34 -3.97143e-29  8.41245e-35 -3.30096e-30  3.23047e-36 -2.35643e-31 -4.28168e-37 -1.43777e-32 -9.81204e-38 -7.41723e-34 -1.07986e-38 -3.17907e-35 -7.99832e-40 -1.10114e-36 -4.01686e-41 -2.94742e-38  -1.2564e-42 -5.65395e-40 -2.07881e-44 -6.76494e-42 -1.05914e-46 -3.34987e-44
-1.37699e-07 -2.58374e-20  2.85745e-06  1.58303e-19 -2.17627e-05 -2.77322e-19  9.25925e-05 -9.19102e-19 -0.000248304  6.26952e-18  0.000434503 -1.69545e-17  -0.00048203  2.76819e-17  0.000289021 -2.88398e-17 -1.61977e-05  1.74686e-17 -8.72893e-05  -3.2581e-18  2.28341e-05 -1.83713e-18  2.54629e-05 -2.16252e-18 -5.41978e-06  5.77372e-18 -8.17849e-06 -4.17761e-18 -3.67625e-07  9.01958e-19    2.092e-06  4.48396e-19  8.31955e-07 -3.31001e-19 -1.87407e-07  9.09073e-20  -2.7968e-07  3.26633e-20 -8.89264e-08  -7.8644e-20  1.63101e-08  2.85061e-20  2.66996e-08  1.71082e-20   1.1072e-08  -9.4783e-21  1.12702e-09 -3.18357e-21 -1.29803e-09  1.42947e-21  -9.0943e-10  1.23259e-21 -3.10824e-10 -3.58309e-22 -4.34666e-11 -2.88955e-22  1.74259e-11  2.84184e-23  1.49816e-11 -5.95201e-24  6.09577e-12  1.34843e-23  1.63758e-12  2.88936e-23  2.50127e-13  6.49582e-24 -2.17205e-14  -5.9778e-24 -3.14712e-14 -4.17422e-24 -1.33539e-14 -1.09264e-24 -3.97133e-15  1.63502e-25  -9.2195e-16  3.26995e-25 -1.66741e-16  1.49639e-25  -2.0698e-17  2.25669e-26 -3.70126e-19 -7.68406e-27  7.18454e-19 -4.43072e-27    2.671e-19 -6.45353e-28  6.57098e-20   1.9614e-28  1.29977e-20  1.48552e-28  2.18668e-21   5.5658e-29   3.1971e-22  1.68995e-29  4.09192e-23  4.72087e-30  4.57684e-24  1.21413e-30  4.42702e-25   2.7585e-31  3.61401e-26   5.3506e-32  2.35204e-27  8.58169e-33  1.01666e-28  1.09038e-33 -2.86448e-31  1.01741e-34 -5.92841e-31  5.64556e-36 -7.08072e-32 -4.68719e-38 -5.54113e-33 -4.71297e-38 -3.28056e-34  -5.6056e-39 -1.51019e-35 -4.04774e-40 -5.33417e-37  -1.8875e-41 -1.37849e-38 -5.26329e-43 -2.36898e-40 -7.45156e-45 -2.17441e-42 -3.12922e-47
 1.16386e-20 -1.15672e-06 -1.50696e-19  1.37866e-05  6.51542e-19 -8.04845e-05 -9.19102e-19  0.000284294 -2.58322e-18 -0.000653197  1.53545e-17  0.000985446  -3.6711e-17 -0.000919677  5.31527e-17  0.000403237 -4.81937e-17  9.29947e-05  2.27908e-17 -0.000163162  1.55896e-18 -3.41925e-06 -6.79796e-18      5.1e-05 -1.64742e-18  5.23028e-06  6.99776e-18 -1.40058e-05 -4.28191e-18  -4.9758e-06  3.66746e-19  2.24035e-06  5.77068e-19  2.12063e-06 -2.40238e-19  3.15434e-07  1.14788e-19 -3.64233e-07 -6.09813e-21 -2.46964e-07 -9.26001e-20 -4.61071e-08  3.89996e-20  2.64877e-08  1.94449e-20  2.32999e-08 -1.02101e-20   8.0051e-09   -3.759e-21  4.52102e-10  1.53928e-21 -1.04429e-09  1.56802e-21 -6.57564e-10  -3.8209e-22 -2.21189e-10 -4.02052e-22 -3.63181e-11 -5.65934e-23  7.16148e-12 -2.68269e-23  7.99757e-12  4.68635e-23  3.48706e-12  5.70896e-23  1.03246e-12  9.62076e-24  2.11085e-13 -1.11181e-23  1.94595e-14 -7.17445e-24 -6.40884e-15 -1.77015e-24 -4.22994e-15  2.47381e-25  -1.4641e-15  4.70585e-25 -3.82837e-16  2.16368e-25 -8.14321e-17  4.01525e-26 -1.42269e-17 -4.98265e-27  -1.9586e-18 -4.04077e-27 -1.75469e-19 -4.23961e-28  3.79543e-21  3.39877e-28  5.99482e-21  2.16382e-28  1.64271e-21  8.13287e-29   3.1888e-22  2.50863e-29  5.06367e-23  6.88703e-30  6.88642e-24  1.67694e-30  8.17218e-25  3.54196e-31  8.52634e-26  6.37844e-32  7.83299e-27  9.60246e-33  6.32019e-28  1.17083e-33   4.4524e-29  1.09606e-34  2.71312e-30  7.11267e-36  1.41114e-31  2.25514e-37  6.14909e-33 -1.07957e-38  2.18597e-34 -2.11825e-39  6.08904e-36 -1.60368e-40  1.24937e-37  -7.0138e-42  1.71269e-39  -1.6919e-43   1.3024e-41 -1.82745e-45  2.69991e-44
 2.74098e-07  8.72569e-20 -6.25025e-06 -6.60502e-19  5.25404e-05  2.20091e-18 -0.000248304 -2.58322e-18  0.000746831 -6.26458e-18  -0.00148966  3.28044e-17   0.00194523 -6.98814e-17  -0.00150561  9.01945e-17  0.000406816 -7.11063e-17  0.000323519  2.46273e-17 -0.000227174   1.0677e-17 -7.72923e-05 -1.29495e-17  7.17303e-05 -1.68123e-18  3.14498e-05  8.11125e-18 -1.50747e-05 -3.70122e-18 -1.30273e-05 -4.02839e-19 -1.81344e-07  5.21045e-19  3.35394e-06 -4.35141e-20  1.47542e-06  1.61911e-19 -1.22508e-07 -5.78273e-20 -3.97322e-07 -1.06776e-19 -1.78407e-07  4.54464e-20  -1.3734e-08  2.05367e-20   2.7106e-08 -9.75449e-21  1.76597e-08 -3.86591e-21  5.31576e-09  1.90397e-21  1.71708e-10  1.99144e-21 -7.03135e-10 -4.16969e-22 -4.20667e-10  -6.1246e-22 -1.43138e-10 -2.28184e-22 -2.79267e-11  -5.2466e-23  8.93406e-13  1.08289e-22  3.34414e-12  9.92745e-23  1.63838e-12  1.33966e-23  5.30865e-13 -1.81592e-23  1.28024e-13 -1.11606e-23  2.17954e-14 -2.72988e-24  1.48019e-15  2.75115e-25 -6.44274e-16  6.11102e-25 -3.45804e-16  2.91678e-25 -1.06177e-16  6.59751e-26 -2.52717e-17  2.19769e-27 -5.00955e-18 -1.99072e-27 -8.45411e-19  2.72133e-28 -1.21256e-19  6.02807e-28 -1.43809e-20  3.12444e-28 -1.28846e-21  1.12885e-28 -5.46895e-23  3.40358e-29   8.5502e-24  8.98064e-30  2.72874e-24  2.06442e-30  4.63003e-25  4.08198e-31  6.01039e-26   6.8823e-32  6.46044e-27  9.77453e-33  5.90591e-28  1.14143e-33  4.63029e-29  1.05319e-34  3.11011e-30  7.26639e-36  1.77608e-31  3.42332e-37  8.50216e-33   7.5192e-39  3.33616e-34 -3.62722e-40  1.03647e-35 -4.42388e-41  2.41325e-37 -1.94026e-42  3.82224e-39 -3.93979e-44   3.2859e-41 -2.63562e-46
-3.02968e-20    1.906e-06  4.29909e-19 -2.52483e-05 -2.32195e-18  0.000164533  6.26952e-18 -0.000653197 -6.26458e-18   0.00170569 -1.32851e-17  -0.00298387  6.18424e-17   0.00337517 -1.18164e-16  -0.00210883   1.3656e-16  0.000162221  -9.3295e-17   0.00067163  2.05738e-17 -0.000215365  2.33566e-17  -0.00020377 -1.85573e-17  6.28498e-05 -2.93282e-18  7.17346e-05  8.94595e-18 -3.25742e-06 -2.38199e-18 -2.16328e-05 -1.26316e-18  -6.6282e-06  2.38172e-19  3.09436e-06  2.07623e-19  3.04024e-06  2.42441e-19  6.97301e-07 -1.03667e-19 -3.46255e-07 -1.19823e-19 -3.33733e-07  4.36353e-20 -1.10224e-07  1.84729e-20  3.36084e-09 -8.72095e-21  2.20006e-08 -3.15116e-21  1.19744e-08  3.03327e-21     3.33e-09  2.69866e-21  1.13332e-10 -4.96716e-22 -3.97786e-10 -1.00563e-21 -2.37078e-10 -5.18765e-22 -8.31626e-11 -7.64504e-23 -1.88626e-11  2.04712e-22 -1.55447e-12  1.56433e-22  9.45263e-13  1.81157e-23   6.0124e-13 -2.66079e-23  2.16481e-13 -1.59462e-23  5.84136e-14 -4.01095e-24  1.23638e-14   1.8482e-25  1.95494e-15  7.20216e-25  1.65321e-16  3.68757e-25 -2.53045e-17  1.00027e-25 -1.61345e-17  1.46275e-26 -4.74144e-18  2.12636e-27 -1.05338e-18  1.57933e-27 -1.94846e-19  1.01353e-27 -3.10452e-20  4.37377e-28 -4.31676e-21  1.47841e-28 -5.25044e-22  4.25002e-29 -5.55202e-23  1.06333e-29 -5.01861e-24   2.3012e-30 -3.73287e-25  4.27085e-31 -2.06393e-26  6.76645e-32 -5.08278e-28   9.0785e-33  5.43203e-29  1.01118e-33  9.67162e-30  9.05518e-35  9.03857e-31  6.30198e-36   6.1555e-32  3.30863e-37  3.24324e-33  1.22715e-38  1.32464e-34  2.32263e-40   4.0733e-36 -3.90438e-42  8.84169e-38 -3.27305e-43  1.18185e-39 -5.71612e-45  6.32741e-42
-3.33976e-07 -1.91423e-19  8.57177e-06  1.61451e-18 -8.12356e-05 -6.79428e-18  0.000434503  1.53545e-17  -0.00148966 -1.32851e-17   0.00343085 -2.49001e-17  -0.00530585  1.03825e-16   0.00518403 -1.79002e-16  -0.00248302  1.85964e-16 -0.000447112  -1.0939e-16   0.00105839  9.69993e-18 -5.45285e-05   3.7361e-17 -0.000355288 -2.17583e-17 -3.21516e-06 -5.62836e-18  0.000111755    9.285e-18  2.76342e-05 -4.56466e-19 -2.41482e-05 -2.03205e-18 -1.65518e-05 -2.49411e-19 -3.88771e-07  4.33982e-19  4.04557e-06  3.53212e-19   2.0672e-06 -1.19863e-19  1.32689e-07 -1.25722e-19 -3.79261e-07  3.11563e-20 -2.36873e-07  1.02467e-20 -6.02821e-08 -8.94482e-21  8.55188e-09 -1.43981e-21  1.51744e-08  5.60196e-21  7.38676e-09  3.98902e-21  1.99583e-09 -6.46439e-22  1.21703e-10 -1.66519e-21 -1.84832e-10 -9.50404e-22 -1.15924e-10 -9.18986e-23 -4.25148e-11    3.378e-22  -1.0872e-11  2.27387e-22  -1.7073e-12  2.44139e-23  5.11406e-14 -3.54346e-23  1.51966e-13 -2.11361e-23  6.62622e-14 -5.59768e-24  1.98907e-14 -6.96254e-26  4.73858e-15  7.73312e-25  9.25063e-16  4.39867e-25  1.45364e-16   1.4059e-25   1.6549e-17   3.2047e-26  6.41311e-19  8.30613e-27 -2.98562e-19  3.49684e-27 -1.08184e-19  1.55882e-27 -2.38916e-20  5.80695e-28 -4.16997e-21  1.81522e-28 -6.15345e-22  4.90668e-29 -7.87959e-23  1.15479e-29 -8.85175e-24  2.34695e-30 -8.75447e-25  4.08962e-31 -7.61472e-26  6.09303e-32 -5.79847e-27   7.7144e-33 -3.83506e-28  8.15237e-34 -2.17758e-29  6.99209e-35  -1.0442e-30   4.7489e-36 -4.13154e-32  2.52028e-37   -1.304e-33  1.01649e-38 -3.11913e-35  2.80678e-40 -5.19665e-37  4.05034e-42 -5.07345e-39  6.31392e-45  -1.6595e-41  -2.6413e-46
 5.59665e-20  -1.8921e-06 -8.02719e-19  2.88055e-05  4.91858e-18 -0.000215583 -1.69545e-17  0.000985446  3.28044e-17  -0.00298387 -2.49001e-17   0.00614341 -4.16048e-17  -0.00845148  1.56413e-16   0.00707916  -2.4469e-16  -0.00232613  2.29363e-16  -0.00143918 -1.14956e-16   0.00132944 -6.71648e-18  0.000297693  4.96932e-17 -0.000467531  -2.1432e-17 -0.000139498 -9.37909e-18  0.000125056   8.9837e-18  7.55233e-05  1.78493e-18 -1.23615e-05 -2.54741e-18 -2.61045e-05 -8.70065e-19 -7.87413e-06  5.53727e-19  3.02105e-06  4.75177e-19  3.43463e-06 -8.49841e-20  1.10996e-06 -1.13201e-19 -1.43091e-07  9.47315e-21 -3.08637e-07 -7.53811e-21 -1.48988e-07  -1.3371e-20 -3.03734e-08  1.06575e-21  7.51818e-09   1.0219e-20   9.1412e-09  6.16537e-21  4.17121e-09 -8.67691e-22  1.14082e-09 -2.63536e-21  1.19166e-10 -1.52133e-21 -6.55482e-11 -9.29641e-23 -4.77519e-11  5.02328e-22  -1.8622e-11  3.08718e-22 -5.23238e-12  3.31851e-23 -1.07237e-12 -4.32233e-23 -1.26551e-13 -2.61566e-23  1.29171e-14 -7.38513e-24  1.30908e-14 -4.91598e-25  4.75238e-15  7.59705e-25   1.2599e-15   4.9877e-25  2.72912e-16  1.84491e-25  4.99763e-17   5.3054e-26  7.77576e-18  1.60265e-26  1.00829e-18  5.84087e-27  1.01824e-19  2.17335e-27  6.00293e-21  7.20825e-28 -3.88878e-22   2.0801e-28 -1.91141e-22  5.25308e-29 -3.68461e-23  1.15786e-29 -5.24011e-24  2.20534e-30 -6.10877e-25  3.60468e-31 -6.04126e-26  5.04498e-32 -5.12887e-27  6.01142e-33 -3.74323e-28  5.99169e-34 -2.33597e-29  4.86515e-35 -1.23238e-30  3.15071e-36 -5.39713e-32  1.60936e-37 -1.90847e-33  6.31348e-39 -5.22053e-35  1.75024e-40 -1.02795e-36  2.93521e-42 -1.26128e-38  2.28324e-44 -6.21745e-41
 2.21641e-07  2.97082e-19 -6.81744e-06 -2.58597e-18  7.65303e-05  1.25878e-17  -0.00048203  -3.6711e-17   0.00194523  6.18424e-17  -0.00530585 -4.16048e-17   0.00988551 -6.24118e-17   -0.0121548  2.12793e-16   0.00860462  -3.0373e-16  -0.00139718   2.5786e-16  -0.00267996 -1.08365e-16   0.00130021 -2.54211e-17  0.000813656  5.77467e-17 -0.000457136 -1.77318e-17 -0.000328074 -1.33678e-17  8.26627e-05  8.07892e-18  0.000126083  4.00709e-18  1.87757e-05 -2.70856e-18 -2.86002e-05 -1.53545e-18 -1.78678e-05  5.00308e-19 -1.22447e-06  5.75563e-19  3.75816e-06  1.33807e-20   2.3078e-06 -6.73416e-20  4.64137e-07 -1.50724e-20 -2.09356e-07  -3.7326e-20 -2.10881e-07 -2.52109e-20 -8.57122e-08  3.73589e-21 -1.48894e-08  1.71096e-20  4.65735e-09  9.37119e-21  4.84632e-09 -1.14268e-21  2.14777e-09 -3.89194e-21  6.10238e-10 -2.19623e-21  9.28951e-11 -7.45756e-23 -1.32734e-11  6.87115e-22 -1.56501e-11  3.95406e-22 -6.73619e-12   4.5394e-23 -2.05335e-12 -4.84274e-23   -4.853e-13 -3.03153e-23 -8.72424e-14 -9.15961e-24 -9.73991e-15 -1.02388e-24  4.69615e-16  6.89751e-25  6.26126e-16  5.42947e-25  2.11994e-16   2.2781e-25  5.15477e-17  7.53106e-26  1.02714e-17  2.42996e-26  1.75078e-18  8.26559e-27  2.59523e-19  2.75203e-27  3.35909e-20  8.30734e-28  3.77691e-21  2.21914e-28  3.62921e-22  5.22539e-29  2.86857e-23  1.07638e-29   1.6809e-24  1.91812e-30  4.23385e-26  2.93628e-31 -5.40744e-27  3.85211e-32 -1.01192e-27  4.30396e-33 -1.02067e-28  4.02068e-34 -7.58884e-30  3.05849e-35 -4.41917e-31  1.85475e-36  -2.0287e-32  8.83632e-38 -7.19394e-34  3.19427e-39 -1.87968e-35  7.99864e-41 -3.29291e-37  1.16683e-42 -3.08258e-39   6.4237e-45
-8.10583e-20  9.06371e-07  1.04679e-18 -1.77236e-05 -6.79923e-18  0.000164826  2.76819e-17 -0.000919677 -6.98814e-17   0.00337517  1.03825e-16  -0.00845148 -6.24118e-17     0.014417 -8.45448e-17   -0.0158975  2.62826e-16   0.00927407 -3.44281e-16  0.000363023  2.65862e-16  -0.00389402 -9.14964e-17  0.000831756 -4.22846e-17   0.00138281  6.02739e-17 -0.000256885 -1.19946e-17 -0.000515852 -1.67757e-17 -3.16298e-05  6.79229e-18  0.000154878   5.9718e-18  6.62084e-05  -2.4745e-18 -1.72184e-05 -2.16856e-18 -2.62036e-05  2.28868e-19 -8.56249e-06   6.1183e-19  1.95427e-06  1.73651e-19  3.07059e-06  2.64936e-20  1.31627e-06 -3.21238e-20  1.33288e-07 -7.90174e-20 -1.74378e-07 -4.64987e-20  -1.2703e-07  5.71706e-21 -4.61171e-08  2.58669e-20 -7.52474e-09  1.34351e-20  2.19635e-09 -1.46207e-21  2.24528e-09 -5.33897e-21   9.9496e-10 -2.90668e-21  2.97037e-10 -3.09499e-23  5.79108e-11  8.78232e-22   2.6271e-12  4.82081e-22 -3.51991e-12  6.19085e-23 -1.89149e-12 -4.96303e-23 -6.33999e-13 -3.28785e-23 -1.64588e-13 -1.06079e-23  -3.4715e-14 -1.54925e-24 -5.89282e-15  5.95201e-25 -7.36101e-16  5.74462e-25 -3.83678e-17  2.66676e-25  1.20069e-17  9.60074e-26  5.00454e-18  3.18851e-26  1.19327e-18  1.03514e-26  2.22209e-19  3.18148e-27   3.4843e-20  8.86915e-28  4.73363e-21  2.20209e-28  5.63966e-22  4.83596e-29  5.91754e-23  9.30194e-30  5.46558e-24  1.54884e-30  4.42529e-25  2.21634e-31  3.11728e-26  2.71789e-32  1.88881e-27  2.83517e-33  9.68396e-29  2.46619e-34  4.10252e-30  1.74007e-35  1.38544e-31  9.72806e-37  3.51565e-33  4.21809e-38  5.96615e-35  1.35242e-39  4.73624e-37  2.86183e-41 -2.64731e-39  3.11666e-43 -5.38948e-41
-3.20379e-08 -3.58506e-19  1.99806e-06   2.8262e-18 -3.38342e-05  -1.5085e-17  0.000289021  5.31527e-17  -0.00150561 -1.18164e-16   0.00518403  1.56413e-16   -0.0121548 -8.45448e-17    0.0192118 -1.03907e-16   -0.0190392  2.96045e-16    0.0087459 -3.58185e-16   0.00277372  2.52867e-16  -0.00474509 -6.89198e-17 -0.000100503  -5.3694e-17   0.00183778  5.77383e-17  0.000148571 -6.12332e-18 -0.000628125 -1.91931e-17 -0.000208215  5.40658e-18  0.000136153  7.62401e-18  0.000116812 -1.82458e-18  1.10517e-05 -2.70893e-18 -2.72238e-05  -2.8238e-19 -1.69013e-05  5.36671e-19 -2.39201e-06   3.7739e-19  2.60273e-06   1.7666e-19  2.03133e-06 -3.02756e-20  6.64214e-07 -1.28814e-19   7.2865e-09 -7.65781e-20 -1.13785e-07   6.3691e-21 -6.90529e-08  3.54347e-20 -2.34885e-08  1.78141e-20 -4.00272e-09  -1.8606e-21  7.39357e-10 -6.83468e-21  8.88361e-10 -3.56372e-21  4.05414e-10  4.54632e-23  1.27525e-10  1.06305e-21  2.91687e-11  5.64447e-22  4.10244e-12  8.34388e-23 -1.82227e-13 -4.57263e-23 -3.53513e-13 -3.31544e-23 -1.43498e-13 -1.13615e-23 -4.10129e-14 -1.91274e-24 -9.46309e-15  5.21445e-25 -1.83392e-15  5.98776e-25 -3.00404e-16  2.97853e-25 -4.07359e-17  1.12449e-25 -4.23617e-18  3.76002e-26 -2.35972e-19  1.17271e-26  2.59554e-20  3.37698e-27  1.09104e-20  8.77504e-28  2.15254e-21   2.0328e-28  3.20106e-22  4.16814e-29  3.93461e-23  7.48509e-30  4.12495e-24  1.16321e-30  3.73065e-25  1.55275e-31  2.91606e-26  1.77418e-32  1.96154e-27  1.71974e-33  1.12473e-28  1.38344e-34  5.41396e-30  8.96472e-36  2.13833e-31  4.55229e-37  6.69491e-33  1.75638e-38  1.57226e-34  4.81897e-40  2.50661e-36   8.0447e-42  2.15609e-38  5.20509e-44
 1.04103e-19  1.07944e-07 -1.03495e-18  1.48647e-06   6.1897e-18  -4.3338e-05 -2.88398e-17  0.000403237  9.01945e-17  -0.00210883 -1.79002e-16   0.00707916  2.12793e-16   -0.0158975 -1.03907e-16    0.0235848 -1.16293e-16   -0.0210217  3.05273e-16   0.00695437 -3.43607e-16   0.00545515  2.23056e-16  -0.00495073 -4.61217e-17   -0.0013816 -5.75765e-17   0.00200977   5.1998e-17  0.000705527 -1.79495e-18 -0.000595201 -2.07975e-17  -0.00040857  4.08248e-18  5.46484e-05  9.07083e-18  0.000150318 -7.16733e-19  5.23008e-05 -3.09492e-18 -1.62912e-05   -1.026e-18 -2.25105e-05  3.06494e-19 -8.44594e-06  5.89441e-19  4.12324e-07  3.78423e-19  2.09534e-06 -1.58524e-21  1.17091e-06 -1.79283e-19  3.07956e-07 -1.11289e-19 -2.06957e-08  5.75385e-21  -6.2717e-08  4.43845e-20 -3.41673e-08  2.16932e-20  -1.1315e-08 -2.43147e-21 -2.15463e-09 -8.23251e-21  1.06167e-10 -4.07841e-21  2.85621e-10  1.63351e-22  1.40486e-10  1.23338e-21  4.67085e-11   6.4032e-22  1.18594e-11  1.10557e-22  2.27387e-12 -3.60122e-23  2.70068e-13 -3.05862e-23 -1.33323e-14 -1.10712e-23 -1.91685e-14 -1.96137e-24 -6.84223e-15  5.13487e-25 -1.74889e-15  6.21892e-25 -3.65571e-16  3.18985e-25 -6.52329e-17    1.226e-25 -1.00972e-17  4.06183e-26 -1.35959e-18  1.21768e-26  -1.5801e-19  3.30844e-27 -1.54904e-20  8.05849e-28 -1.20903e-21  1.74695e-28 -6.17731e-23  3.34849e-29  5.73311e-25  5.61385e-30   6.0966e-25   8.1334e-31  8.93326e-26  1.01057e-31  8.87747e-27  1.07211e-32   6.8692e-28  9.60723e-34  4.27996e-29  7.09606e-35  2.14989e-30  4.17978e-36  8.55323e-32  1.89851e-37  2.59608e-33  6.36388e-39  5.60915e-35  1.43323e-40  7.48236e-37  1.70723e-42  3.98797e-39
 -5.2373e-08   3.9363e-19  1.19401e-06  -2.2232e-18 -6.79258e-06  1.13111e-17 -1.61977e-05 -4.81937e-17  0.000406816   1.3656e-16  -0.00248302  -2.4469e-16   0.00860462  2.62826e-16   -0.0190392 -1.16293e-16     0.026903 -1.18879e-16   -0.0215501  2.89173e-16   0.00413139 -3.05072e-16   0.00794941  1.83136e-16  -0.00437596 -2.77536e-17  -0.00278789  -5.3716e-17    0.0017873   4.5596e-17   0.00130178  1.39054e-19 -0.000379938 -2.22327e-17 -0.000574727  2.72221e-18 -8.52667e-05  1.04651e-17  0.000146426  9.17911e-19  9.53424e-05 -3.24112e-18  7.50052e-06  -1.9512e-18 -2.13889e-05 -1.04094e-19 -1.40832e-05  7.62733e-19 -3.26553e-06  6.09068e-19  1.12407e-06  5.38135e-20  1.34976e-06 -2.21092e-19  6.12175e-07 -1.43498e-19  1.37097e-07  4.88328e-21 -1.58816e-08  5.13817e-20 -2.98409e-08  2.42252e-20 -1.53396e-08 -3.29798e-21 -5.08262e-09 -9.41477e-21 -1.09787e-09 -4.38112e-21 -7.05318e-11  3.30514e-22   6.5763e-11  1.38663e-21  3.91984e-11  7.09916e-22  1.40207e-11  1.43692e-22  3.83793e-12 -2.02406e-23  8.45656e-13 -2.48585e-23  1.47893e-13 -9.49936e-24  1.82984e-14 -1.59009e-24  5.89998e-16  6.00331e-25 -4.84259e-16  6.47085e-25 -1.83756e-16  3.28607e-25 -4.42661e-17  1.25455e-25 -8.49472e-18  4.06548e-26 -1.38232e-18  1.16897e-26 -1.95511e-19  3.00535e-27 -2.42885e-20  6.88319e-28 -2.65916e-21  1.39911e-28 -2.56245e-22  2.50907e-29 -2.16236e-23  3.92656e-30 -1.58362e-24  5.29714e-31 -9.92477e-26  6.11146e-32 -5.20834e-27  5.99711e-33 -2.20828e-28  4.94071e-34 -7.06532e-30  3.32465e-35 -1.42258e-31   1.7602e-36 -2.30691e-34  7.02996e-38  9.33177e-35  1.98999e-39  3.06148e-36  3.47356e-41  3.98418e-38  2.39661e-43
-1.29357e-19 -2.93141e-07  9.51574e-19  4.83478e-06 -3.66958e-18 -3.33617e-05  1.74686e-17  9.29947e-05 -7.11063e-17  0.000162221  1.85964e-16  -0.00232613  -3.0373e-16   0.00927407  2.96045e-16   -0.0210217 -1.18879e-16     0.028785 -1.11306e-16    -0.020667  2.52586e-16  0.000714304 -2.51147e-16   0.00986095  1.39743e-16  -0.00306589 -1.66687e-17  -0.00405656 -4.34468e-17   0.00115211  4.10093e-17   0.00179956 -1.33012e-19  6.18229e-06 -2.42782e-17 -0.000647446  9.58936e-19 -0.000257647  1.18582e-17  9.30932e-05  3.12849e-18    0.0001247 -3.03458e-18  3.98255e-05 -2.94932e-18 -1.11428e-05 -6.83669e-19 -1.65516e-05  8.48894e-19 -7.33329e-06  8.28313e-19 -8.65187e-07  1.25038e-19  9.54982e-07 -2.46087e-19  7.53072e-07 -1.65095e-19  2.97886e-07  5.47841e-21  6.13087e-08  5.56087e-20 -6.81641e-09   2.4807e-20 -1.22038e-08 -4.54842e-21 -6.16138e-09 -1.03031e-20 -2.07723e-09 -4.43162e-21 -5.00248e-10  5.51907e-22 -7.13444e-11  1.52514e-21  5.32301e-12  7.75313e-22  7.81922e-12  1.82984e-22  3.23932e-12  1.30459e-24  9.56933e-13 -1.60104e-23  2.28217e-13 -6.60304e-24  4.54958e-14 -7.79407e-25  7.58367e-15  7.83637e-25  1.02015e-15  6.72803e-25  9.67468e-17  3.26112e-25  1.77381e-18  1.21153e-25  -1.8023e-18  3.79843e-26 -5.20741e-19  1.04403e-26 -9.78077e-20  2.54122e-27 -1.46495e-20  5.48023e-28 -1.85229e-21   1.0455e-28 -2.02027e-22  1.75476e-29 -1.91584e-23  2.56204e-30 -1.58077e-24  3.21356e-31 -1.13011e-25  3.43344e-32 -6.94086e-27  3.10337e-33 -3.61397e-28  2.33634e-34 -1.56465e-29  1.41995e-35 -5.47474e-31  6.67129e-37  -1.4821e-32  2.29537e-38 -2.88585e-34  5.28588e-40 -3.49881e-36  6.50673e-42 -1.70883e-38
 1.77486e-08 -4.52269e-19 -8.58369e-07  1.63966e-18  1.24137e-05 -4.49847e-18 -8.72893e-05  2.27908e-17  0.000323519  -9.3295e-17 -0.000447112  2.29363e-16  -0.00139718 -3.44281e-16    0.0087459  3.05273e-16   -0.0215501 -1.11306e-16    0.0291942 -9.58766e-17    -0.018695  2.04657e-16  -0.00280597 -1.91114e-16    0.0109547  9.76487e-17   -0.0012124    -1.39e-17  -0.00496008 -2.90515e-17  0.000180484  4.00945e-17    0.0020755  -1.5446e-18  0.000504307 -2.74739e-17 -0.000585388 -1.71561e-18 -0.000421167  1.30993e-17 -7.60234e-06  5.86488e-18  0.000125875 -2.36218e-18  7.17262e-05  -3.8528e-18  7.50678e-06 -1.36887e-18 -1.36164e-05  8.13328e-19 -1.01271e-05  9.86206e-19 -3.33388e-06  1.91564e-19 -4.24315e-08 -2.50533e-19  5.94626e-07 -1.69845e-19  3.76184e-07   9.2105e-21   1.3681e-07  5.69154e-20  2.81329e-08  2.32621e-20 -1.41945e-09 -6.16968e-21 -4.16937e-09 -1.08472e-20  -2.1588e-09 -4.21787e-21 -7.48703e-10  8.28843e-22 -1.95777e-10   1.6542e-21 -3.75451e-11  8.39298e-22 -3.86416e-12  2.27975e-22  6.41623e-13  2.76964e-23  4.96008e-13 -4.52552e-24  1.70656e-13 -2.58329e-24  4.39903e-14  3.89149e-25  9.37797e-15  1.03522e-24  1.71006e-15  6.92761e-25  2.69661e-16  3.11781e-25  3.66731e-17  1.10835e-25  4.22457e-18  3.33045e-26  3.92491e-19  8.71641e-27  2.50654e-20  2.00689e-27   1.1196e-22  4.07562e-28 -2.65896e-22  7.29848e-29 -4.96156e-23   1.1461e-29 -6.10275e-24   1.5597e-30 -5.88148e-25  1.81551e-31 -4.64617e-26  1.79078e-32 -3.04162e-27  1.48396e-33 -1.64175e-28  1.01396e-34 -7.18147e-30  5.51099e-36 -2.46751e-31  2.26287e-37  -6.3138e-33  6.53478e-39 -1.09049e-34    1.159e-40 -1.01169e-36  8.19595e-43
 1.48881e-19  4.60519e-09 -1.03448e-18 -1.31019e-06  1.94512e-18  2.17745e-05  -3.2581e-18 -0.000163162  2.46273e-17   0.00067163  -1.0939e-16  -0.00143918   2.5786e-16  0.000363023 -3.58185e-16   0.00695437  2.89173e-16    -0.020667 -9.58766e-17    0.0283961  -7.6835e-17   -0.0160935  1.55775e-16  -0.00602312 -1.32211e-16    0.0111813  5.93111e-17   0.00091839 -1.92152e-17  -0.00535678 -1.31734e-17 -0.000984531  4.37928e-17     0.002052 -2.54901e-18   0.00102443 -3.18492e-17 -0.000377999 -5.73799e-18  -0.00053081  1.38294e-17 -0.000138416  8.90723e-18  9.07809e-05 -1.16268e-18  9.22365e-05 -4.45849e-18  3.03488e-05 -2.04286e-18 -4.68607e-06  6.50227e-19 -1.00655e-05  1.03753e-18 -5.35402e-06  2.28712e-19  -1.3788e-06 -2.36945e-19  1.16894e-07 -1.55942e-19  3.06406e-07  1.67027e-20  1.70339e-07  5.56161e-20  5.93166e-08  1.98366e-20  1.29474e-08  -8.0236e-21    4.694e-10 -1.10087e-20 -1.10661e-09 -3.74856e-21 -6.33551e-10  1.15895e-21   -2.293e-10  1.77955e-21 -6.37202e-11  9.03919e-22 -1.40851e-11  2.77197e-22 -2.38043e-12  5.72653e-23 -2.42125e-13  8.64497e-24  1.75561e-14  2.12371e-24  1.69676e-14  1.74653e-24  5.41049e-15  1.30458e-24  1.26203e-15   6.9822e-25  2.42775e-16  2.86867e-25  4.01214e-17  9.63106e-26   5.7945e-18  2.75131e-26  7.36267e-19  6.82835e-27  8.23572e-20  1.48456e-27   8.0763e-21   2.8368e-28  6.87978e-22  4.76526e-29   5.0085e-23  6.99466e-30  3.02642e-24  8.85897e-31   1.4293e-25  9.54703e-32  4.43367e-27  8.66251e-33  6.77946e-30  6.54593e-34  -9.5168e-30   4.0278e-35 -6.85351e-31  1.93482e-36 -2.84434e-32  6.81222e-38 -7.54563e-34  1.59319e-39 -1.16868e-35  1.98362e-41 -6.99432e-38
 1.38853e-08  5.05371e-19 -2.74635e-07 -1.77065e-18  3.45888e-07  1.03861e-18  2.28341e-05  1.55896e-18 -0.000227174  2.05738e-17   0.00105839 -1.14956e-16  -0.00267996  2.65862e-16   0.00277372 -3.43607e-16   0.00413139  2.52586e-16    -0.018695  -7.6835e-17    0.0268211 -5.90945e-17   -0.0133053  1.14689e-16  -0.00869006 -7.83457e-17    0.0106405  2.54645e-17   0.00306164 -3.17395e-17  -0.00520577  1.61034e-18  -0.00217405  5.20536e-17   0.00171118  -1.5859e-18   0.00146876 -3.68386e-17  -4.8461e-05 -1.12598e-17 -0.000550536  1.35721e-17 -0.000270951  1.18464e-17  2.12343e-05  5.19047e-19  9.20509e-05 -4.57547e-18  5.07069e-05 -2.55395e-18   8.6111e-06  3.91168e-19 -6.37735e-06  9.58236e-19 -5.96339e-06    2.162e-19 -2.56315e-06  -2.1337e-19 -5.46258e-07 -1.27075e-19  8.41277e-08  2.67829e-20   1.3506e-07  5.20613e-20  6.97683e-08  1.50201e-20  2.39405e-08 -9.88763e-21   5.6695e-09 -1.07579e-20  6.53489e-10 -3.04744e-21 -1.78615e-10  1.53538e-21 -1.44601e-10   1.9046e-21  -5.6779e-11  9.69061e-22 -1.66539e-11  3.27829e-22 -3.97289e-12  8.76069e-23 -7.86039e-13  2.21659e-23 -1.26593e-13  6.91966e-24 -1.51674e-14  3.07598e-24 -8.03321e-16  1.53378e-24  2.06388e-16  6.81381e-25  8.46594e-17  2.53599e-25  1.93186e-17  7.96404e-26  3.41981e-18  2.14814e-26   5.0752e-19  5.03497e-27  6.49906e-20  1.03125e-27  7.26716e-21  1.85136e-28  7.12321e-22  2.91325e-29  6.11438e-23  3.99086e-30   4.5746e-24   4.6943e-31  2.95888e-25   4.6698e-32  1.63468e-26  3.88101e-33  7.58318e-28  2.65768e-34  2.88308e-29  1.45904e-35  8.66874e-31  6.10571e-37  1.94872e-32  1.79777e-38  2.96342e-34  3.22732e-40  2.42346e-36  2.30064e-42
-1.40493e-19  8.10499e-08   1.1636e-18 -1.34434e-06 -2.37265e-18  8.02128e-06 -1.83713e-18 -3.41925e-06   1.0677e-17 -0.000215365  9.69993e-18   0.00132944 -1.08365e-16  -0.00389402  2.52867e-16   0.00545515 -3.05072e-16  0.000714304  2.04657e-16   -0.0160935 -5.90945e-17    0.0249085 -4.69665e-17   -0.0106555  8.67612e-17   -0.0107223 -3.03265e-17   0.00951323 -3.89571e-18   0.00500603 -5.03242e-17  -0.00455212  1.30578e-17  -0.00323108  6.39133e-17   0.00109123  2.51856e-18   0.00175382 -4.13871e-17  0.000352669 -1.80137e-17 -0.000462817  1.18855e-17 -0.000373088  1.41365e-17 -7.07028e-05  2.50185e-18  6.68679e-05 -4.08435e-18  6.15257e-05 -2.75274e-18  2.27061e-05  1.02137e-19  4.26504e-07  7.57306e-19 -4.59504e-06  1.46716e-19 -3.06991e-06 -1.90159e-19 -1.14586e-06 -9.14125e-20  -2.2026e-07  3.64442e-20  3.48928e-08   4.6257e-20  5.08785e-08  9.29719e-21  2.54742e-08  -1.1542e-20  8.76942e-09 -1.00895e-20  2.23772e-09 -2.15391e-21  3.85842e-10  1.94426e-21  1.39761e-11  2.02775e-21 -2.09059e-11  1.03141e-21 -1.04013e-11  3.75639e-22 -3.31234e-12  1.15781e-22 -8.35243e-13  3.45166e-23 -1.76789e-13  1.11666e-23 -3.20247e-14  4.16664e-24 -4.96613e-15  1.67409e-24 -6.46941e-16  6.38424e-25  -6.6807e-17  2.14992e-25 -4.40615e-18  6.27469e-26  1.10311e-19  1.58901e-26   9.4664e-20   3.5035e-27  1.88838e-20  6.74187e-28  2.66288e-21  1.13474e-28   3.0239e-22  1.66939e-29  2.87524e-23  2.12962e-30  2.31719e-24  2.32012e-31  1.58246e-25  2.12274e-32  9.07953e-27  1.60763e-33  4.30491e-28  9.90233e-35  1.64229e-29  4.79597e-36  4.83139e-31  1.71649e-37  1.01967e-32  4.08143e-39    1.337e-34  5.13057e-41  7.04359e-37
-3.55929e-09 -4.54928e-19  2.27452e-07  2.11774e-18 -3.62611e-06 -2.52577e-18  2.54629e-05 -6.79796e-18 -7.72923e-05  2.33566e-17 -5.45285e-05 -6.71648e-18   0.00130021 -9.14964e-17  -0.00474509  2.23056e-16   0.00794941 -2.51147e-16  -0.00280597  1.55775e-16   -0.0133053 -4.69665e-17    0.0229976 -4.33002e-17    -0.008321  7.35998e-17   -0.0121546  1.30061e-17    0.0079984 -2.87285e-17   0.00661474 -7.36232e-17  -0.00349677  1.94332e-17  -0.00403539  7.76886e-17  0.000271158  1.02973e-17    0.0018255 -4.41933e-17  0.000759672 -2.53029e-17 -0.000272704  8.51994e-18 -0.000417271  1.52105e-17 -0.000165516  4.47922e-18  1.92254e-05 -2.98768e-18  5.77608e-05 -2.53726e-18  3.31626e-05 -1.32195e-19  8.57147e-06  4.78573e-19 -1.38231e-06  3.09094e-20 -2.57484e-06 -1.75542e-19 -1.42136e-06 -5.88207e-20 -4.86765e-07  4.16654e-20 -9.35155e-08  3.77789e-20  8.16176e-09  2.97118e-21  1.59289e-08 -1.28549e-20  8.07191e-09 -9.04639e-21  2.82118e-09 -1.12814e-21  7.62006e-10  2.36152e-21  1.58914e-10  2.14055e-21  2.24606e-11  1.08425e-21  3.50471e-13  4.15358e-22 -1.06519e-12  1.38727e-22 -4.43725e-13  4.42703e-23  -1.2303e-13   1.4325e-23 -2.74179e-14  4.86391e-24 -5.19259e-15  1.69859e-24 -8.54491e-16  5.70979e-25 -1.23238e-16  1.74454e-25 -1.55895e-17  4.71374e-26 -1.71954e-18  1.11572e-26  -1.6304e-19   2.3055e-27 -1.29009e-20   4.1561e-28 -7.94811e-22  6.54166e-29 -2.98598e-23  8.97494e-30  6.19594e-25   1.0632e-30   2.3004e-25  1.06918e-31  2.38139e-26  8.95701e-33  1.66219e-27  6.14345e-34  8.65538e-29  3.37312e-35  3.38796e-30  1.42109e-36  9.61386e-32  4.24445e-38  1.80852e-33  7.72926e-40  1.80377e-35  5.55235e-42
  9.7319e-20  7.97199e-09 -1.01176e-18  2.70526e-07  3.27466e-18 -6.22041e-06 -2.16252e-18      5.1e-05 -1.29495e-17  -0.00020377   3.7361e-17  0.000297693 -2.54211e-17  0.000831756 -6.89198e-17  -0.00495073  1.83136e-16   0.00986095 -1.91114e-16  -0.00602312  1.14689e-16   -0.0106555 -4.33002e-17    0.0212883 -4.91843e-17  -0.00635413  7.37533e-17    -0.013084  5.34497e-17    0.0062706 -4.86142e-17   0.00782146 -1.00029e-16  -0.00216526  1.96172e-17  -0.00451353  9.12548e-17 -0.000648793  2.15592e-17   0.00166525 -4.40086e-17   0.00110548 -3.21137e-17 -6.23753e-06  3.53224e-18 -0.000387263  1.46251e-17 -0.000241144  6.07309e-18 -4.17522e-05 -1.43136e-18  3.82153e-05 -1.89071e-18  3.61617e-05 -2.32944e-19  1.55529e-05  1.90438e-19  2.81081e-06 -1.03739e-19 -1.12224e-06 -1.72036e-19 -1.22086e-06  -3.7469e-20 -5.99492e-07   3.8818e-20 -1.96628e-07  2.60552e-20  -4.0634e-08 -3.84875e-21 -7.00498e-10 -1.38173e-20  3.84996e-09 -7.73139e-21   2.1254e-09 -5.36454e-23  7.66081e-10  2.75153e-21  2.15711e-10  2.22784e-21   4.9477e-11  1.11835e-21  9.15203e-12  4.41559e-22  1.25428e-12  1.53825e-22  7.68007e-14  5.03817e-23 -2.15309e-14  1.60668e-23  -1.0118e-14  5.10075e-24 -2.62633e-15  1.60695e-24 -5.28918e-16   4.8564e-25 -8.94637e-17  1.35252e-25 -1.30961e-17  3.37739e-26 -1.68077e-18  7.44641e-27  -1.9008e-19  1.43728e-27  -1.8949e-20  2.41986e-28 -1.66017e-21  3.55163e-29  -1.2707e-22   4.5305e-30  -8.4202e-24  4.96697e-31 -4.76943e-25  4.59155e-32 -2.26918e-26  3.50319e-33  -8.8502e-28  2.15983e-34 -2.73227e-29  1.04534e-35 -6.33163e-31  3.76175e-37 -1.00819e-32  9.05699e-39 -9.27525e-35  1.15277e-40 -2.97826e-37
