    0.129684 -1.47132e-16    -0.031031  5.59068e-17    -0.026948  5.56951e-17   -0.0113961  2.61564e-17   -0.0034671  7.07333e-18 -0.000796787 -2.11183e-18 -0.000136464 -1.03512e-18 -1.66949e-05 -1.38281e-20 -1.35361e-06  4.83912e-20 -6.27832e-08  7.71318e-21 -1.07223e-09
-1.47132e-16     0.190658 -3.11253e-16    0.0259559 -3.87442e-17  -0.00956018  3.02532e-17  -0.00704651  1.94408e-17  -0.00232114 -1.75694e-18 -0.000486791 -4.77581e-18 -6.73398e-05 -1.07586e-18 -5.84464e-06  5.70506e-20 -2.74395e-07  4.64637e-20 -4.38471e-09  3.57183e-21
   -0.031031 -3.11253e-16     0.165127 -4.22843e-16    0.0689386 -1.52111e-16    0.0183708 -2.57545e-17   0.00400328 -8.67634e-18  0.000867141 -1.17418e-17  0.000187047 -5.00805e-18  3.28472e-05 -5.80236e-19  3.89267e-06  9.76002e-20  2.60633e-07  2.41823e-20  6.38001e-09
 5.59068e-17    0.0259559 -4.22843e-16     0.140137 -4.52029e-16    0.0850536 -2.00607e-16    0.0337276  -6.1519e-17    0.0101877 -2.69232e-17   0.00237717 -1.30876e-17  0.000413772 -3.10115e-18  5.04966e-05 -1.04063e-19  3.89984e-06  7.10733e-20  1.51751e-07   6.6034e-21
   -0.026948 -3.87442e-17    0.0689386 -4.52029e-16     0.125323 -3.97836e-16    0.0800615 -1.78156e-16    0.0325975  -6.3246e-17   0.00939824 -2.60127e-17   0.00194662 -8.39679e-18  0.000282804 -1.16303e-18  2.71204e-05  6.97093e-20   1.5004e-06  2.85183e-20  3.12194e-08
 5.56951e-17  -0.00956018 -1.52111e-16    0.0850536 -3.97836e-16     0.103762  -2.8751e-16    0.0601212 -1.21585e-16    0.0222214 -4.48493e-17   0.00564552 -1.59629e-17  0.000995809 -3.56937e-18  0.000118392 -2.05763e-19  8.73936e-06  5.78372e-20  3.22639e-07  6.07743e-21
  -0.0113961  3.02532e-17    0.0183708 -2.00607e-16    0.0800615  -2.8751e-16    0.0729836 -1.70386e-16    0.0360202 -6.74746e-17    0.0114681 -2.42561e-17   0.00247876 -6.99516e-18  0.000363336 -9.92196e-19  3.44838e-05   3.2795e-20  1.86856e-06  1.99312e-20   3.7888e-08
 2.61564e-17  -0.00704651 -2.57545e-17    0.0337276 -1.78156e-16    0.0601212 -1.70386e-16    0.0421161 -8.42384e-17    0.0172492 -3.15401e-17   0.00461654 -1.03384e-17  0.000832227 -2.22609e-18  9.93136e-05 -1.40676e-19  7.28183e-06  3.18533e-20  2.65471e-07  3.50117e-21
  -0.0034671  1.94408e-17   0.00400328  -6.1519e-17    0.0325975 -1.21585e-16    0.0360202 -8.42384e-17    0.0197128 -3.59518e-17   0.00663467 -1.26333e-17   0.00147389 -3.47375e-18  0.000218334 -4.86172e-19  2.07329e-05  1.40106e-20   1.1175e-06  9.36281e-21  2.24654e-08
 7.07333e-18  -0.00232114 -8.67634e-18    0.0101877  -6.3246e-17    0.0222214 -6.74746e-17    0.0172492 -3.59518e-17     0.007475 -1.36748e-17   0.00206128 -4.30309e-18  0.000376846 -8.93373e-19  4.51775e-05 -5.54229e-20  3.30908e-06  1.24991e-20  1.20122e-07  1.36662e-21
-0.000796787 -1.75694e-18  0.000867141 -2.69232e-17   0.00939824 -4.48493e-17    0.0114681 -3.15401e-17   0.00663467 -1.36748e-17   0.00230237 -4.64227e-18  0.000519587 -1.20604e-18  7.74991e-05 -1.62318e-19  7.37086e-06  4.74851e-21  3.96672e-07  3.05901e-21  7.94779e-09
-2.11183e-18 -0.000486791 -1.17418e-17   0.00237717 -2.60127e-17   0.00564552 -2.42561e-17   0.00461654 -1.26333e-17   0.00206128 -4.64227e-18  0.000577722 -1.35519e-18  0.000106473 -2.63117e-19  1.28042e-05 -1.57763e-20  9.38051e-07  3.42969e-21  3.40009e-08  3.70384e-22
-0.000136464 -4.77581e-18  0.000187047 -1.30876e-17   0.00194662 -1.59629e-17   0.00247876 -1.03384e-17   0.00147389 -4.30309e-18  0.000519587 -1.35519e-18  0.000118247 -3.20551e-19   1.7707e-05 -4.05526e-20  1.68627e-06  1.01705e-21  9.07243e-08   6.9595e-22  1.81565e-09
-1.03512e-18 -6.73398e-05 -5.00805e-18  0.000413772 -8.39679e-18  0.000995809 -6.99516e-18  0.000832227 -3.47375e-18  0.000376846 -1.20604e-18  0.000106473 -3.20551e-19  1.97054e-05 -5.69878e-20  2.37422e-06 -3.29619e-21  1.74027e-07  6.54441e-22  6.30609e-09  6.97947e-23
-1.66949e-05 -1.07586e-18  3.28472e-05 -3.10115e-18  0.000282804 -3.56937e-18  0.000363336 -2.22609e-18  0.000218334 -8.93373e-19  7.74991e-05 -2.63117e-19   1.7707e-05 -5.69878e-20  2.65706e-06 -6.65858e-21  2.53278e-07  1.88795e-22  1.36308e-08  1.11048e-22  2.72772e-10
-1.38281e-20 -5.84464e-06 -5.80236e-19  5.04966e-05 -1.16303e-18  0.000118392 -9.92196e-19  9.93136e-05 -4.86172e-19  4.51775e-05 -1.62318e-19  1.28042e-05 -4.05526e-20  2.37422e-06 -6.65858e-21  2.86371e-07  -2.7928e-22  2.10036e-08  9.62397e-23  7.61365e-10  9.14306e-24
-1.35361e-06  5.70506e-20  3.89267e-06 -1.04063e-19  2.71204e-05 -2.05763e-19  3.44838e-05 -1.40676e-19  2.07329e-05 -5.54229e-20  7.37086e-06 -1.57763e-20  1.68627e-06 -3.29619e-21  2.53278e-07  -2.7928e-22  2.41605e-08  5.85212e-23  1.30104e-09  1.30591e-23  2.60505e-11
 4.83912e-20 -2.74395e-07  9.76002e-20  3.89984e-06  6.97093e-20  8.73936e-06   3.2795e-20  7.28183e-06  1.40106e-20  3.30908e-06  4.74851e-21  9.38051e-07  1.01705e-21  1.74027e-07  1.88795e-22  2.10036e-08  5.85212e-23  1.54154e-09  1.27744e-23  5.59215e-11  8.34788e-25
-6.27832e-08  4.64637e-20  2.60633e-07  7.10733e-20   1.5004e-06  5.78372e-20  1.86856e-06  3.18533e-20   1.1175e-06  1.24991e-20  3.96672e-07  3.42969e-21  9.07243e-08  6.54441e-22  1.36308e-08  9.62397e-23  1.30104e-09  1.27744e-23  7.01179e-11  1.14371e-24  1.40529e-12
 7.71318e-21 -4.38471e-09  2.41823e-20  1.51751e-07  2.85183e-20  3.22639e-07  1.99312e-20  2.65471e-07  9.36281e-21  1.20122e-07  3.05901e-21  3.40009e-08   6.9595e-22  6.30609e-09  1.11048e-22  7.61365e-10  1.30591e-23  5.59215e-11  1.14371e-24  2.03066e-12  4.67637e-26
-1.07223e-09  3.57183e-21  6.38001e-09   6.6034e-21  3.12194e-08  6.07743e-21   3.7888e-08  3.50117e-21  2.24654e-08  1.36662e-21  7.94779e-09  3.70384e-22  1.81565e-09  6.97947e-23  2.72772e-10  9.14306e-24  2.60505e-11  8.34788e-25  1.40529e-12  4.67637e-26  2.81991e-14
