 8.84302e-05 -3.78439e-20  -0.00061541  4.31421e-19    0.0014056  -1.1986e-18  -0.00145122  1.43528e-18  0.000509796 -6.40776e-19  0.000252618 -2.49573e-19 -0.000221022  3.60208e-19 -7.92275e-06 -8.32541e-20  3.51212e-05 -2.26472e-20 -2.69435e-06  6.73484e-21 -9.74441e-07
-3.78439e-20  0.000918829 -2.78125e-19  -0.00341392  2.05133e-18   0.00539312 -4.24354e-18  -0.00379784  3.81806e-18  0.000287059 -8.18718e-19   0.00111923 -1.19796e-18 -0.000403146  8.39515e-19 -0.000137136 -6.12026e-20  7.33303e-05 -6.34932e-20  1.93914e-06  6.17834e-21
 -0.00061541 -2.78125e-19   0.00445521 -1.08571e-18   -0.0107767  5.75982e-18    0.0121981 -9.29099e-18  -0.00538941  6.18574e-18  -0.00161088  3.85403e-19   0.00232507  -2.9045e-18 -0.000269887  1.21749e-18 -0.000355891  7.02198e-20  8.31153e-05 -8.47152e-20  6.73638e-06
 4.31421e-19  -0.00341392 -1.08571e-18    0.0134239 -2.81124e-18   -0.0230781  1.16277e-17    0.0188874 -1.52753e-17  -0.00382471  7.15809e-18  -0.00500519  3.31728e-18   0.00308008 -4.85847e-18  0.000256844  1.26425e-18 -0.000538337  2.28395e-19  5.97899e-05 -6.36617e-20
   0.0014056  2.05133e-18   -0.0107767 -2.81124e-18    0.0283105 -5.49393e-18   -0.0364187  1.91311e-17    0.0211819 -2.13415e-17   0.00134909  6.36295e-18  -0.00841158  7.24659e-18   0.00288238 -6.27385e-18  0.000931331  9.36672e-19 -0.000591143  3.04088e-19  2.88326e-05
 -1.1986e-18   0.00539312  5.75982e-18   -0.0230781 -5.49393e-18    0.0448399 -9.04008e-18   -0.0448239  2.83393e-17    0.0174257 -2.76137e-17   0.00805982  4.38777e-18   -0.0104568  1.08634e-17   0.00193935 -6.54804e-18   0.00144042  3.96298e-19 -0.000513283  2.35226e-19
 -0.00145122 -4.24354e-18    0.0121981  1.16277e-17   -0.0364187 -9.04008e-18    0.0563487   -1.368e-17   -0.0453784  3.98528e-17   0.00988135 -3.40055e-17    0.0137816  1.86964e-18   -0.0109146  1.30034e-17  0.000821243 -5.62099e-18   0.00161858   5.9632e-21 -0.000338439
 1.43528e-18  -0.00379784 -9.29099e-18    0.0188874  1.91311e-17   -0.0448239   -1.368e-17    0.0593782 -1.97687e-17   -0.0402074  5.29782e-17   0.00213168 -3.89324e-17    0.0174366  -9.0141e-19   -0.0104163  1.31557e-17 -8.40553e-06  -4.0204e-18   0.00143056 -1.52374e-19
 0.000509796  3.81806e-18  -0.00538941 -1.52753e-17    0.0211819  2.83393e-17   -0.0453784 -1.97687e-17    0.0559413 -2.68838e-17   -0.0335715  6.45171e-17   -0.0037387 -3.98884e-17    0.0193737 -3.73731e-18  -0.00968832  1.17834e-17 -0.000316894 -3.04717e-18  0.000886359
-6.40776e-19  0.000287059  6.18574e-18  -0.00382471 -2.13415e-17    0.0174257  3.98528e-17   -0.0402074 -2.68838e-17    0.0505226 -3.33233e-17   -0.0283527  7.00231e-17  -0.00753843 -3.55935e-17    0.0203748 -5.79551e-18  -0.00918233  9.01618e-18 -4.47064e-05 -4.03927e-19
 0.000252618 -8.18718e-19  -0.00161088  7.15809e-18   0.00134909 -2.76137e-17   0.00988135  5.29782e-17   -0.0335715 -3.33233e-17     0.046306 -3.67592e-17   -0.0252769   6.6905e-17  -0.00986715 -2.78182e-17    0.0209975 -6.76879e-18  -0.00902488  9.15148e-18  0.000509383
-2.49573e-19   0.00111923  3.85403e-19  -0.00500519  6.36295e-18   0.00805982 -3.40055e-17   0.00213168  6.45171e-17   -0.0283527 -3.67592e-17    0.0442432 -3.58719e-17   -0.0240318  5.79462e-17    -0.011214 -2.36139e-17    0.0213531   5.5561e-19  -0.00871377 -9.04931e-18
-0.000221022 -1.19796e-18   0.00232507  3.31728e-18  -0.00841158  4.38777e-18    0.0137816 -3.89324e-17   -0.0037387  7.00231e-17   -0.0252769 -3.58719e-17    0.0441647 -3.14795e-17   -0.0243182  4.90359e-17   -0.0115672 -2.06474e-17    0.0206505 -9.60748e-18  -0.00658488
 3.60208e-19 -0.000403146  -2.9045e-18   0.00308008  7.24659e-18   -0.0104568  1.86964e-18    0.0174366 -3.98884e-17  -0.00753843   6.6905e-17   -0.0240318 -3.14795e-17    0.0458802 -2.93559e-17   -0.0263548  5.75206e-17  -0.00982955 -5.53029e-17    0.0165466  7.78769e-17
-7.92275e-06  8.39515e-19 -0.000269887 -4.85847e-18   0.00288238  1.08634e-17   -0.0109146  -9.0141e-19    0.0193737 -3.55935e-17  -0.00986715  5.79462e-17   -0.0243182 -2.93559e-17    0.0497238  -2.2965e-17   -0.0315335  4.20624e-17  -0.00312833  9.52101e-18   0.00752888
-8.32541e-20 -0.000137136  1.21749e-18  0.000256844 -6.27385e-18   0.00193935  1.30034e-17   -0.0104163 -3.73731e-18    0.0203748 -2.78182e-17    -0.011214  4.90359e-17   -0.0263548  -2.2965e-17    0.0572298 -5.96765e-17   -0.0430679   1.6213e-16   0.00992377 -2.95464e-16
 3.51212e-05 -6.12026e-20 -0.000355891  1.26425e-18  0.000931331 -6.54804e-18  0.000821243  1.31557e-17  -0.00968832 -5.79551e-18    0.0209975 -2.36139e-17   -0.0115672  5.75206e-17   -0.0315335 -5.96765e-17    0.0717493  4.09255e-17   -0.0619501 -1.03691e-16    0.0192759
-2.26472e-20  7.33303e-05  7.02198e-20 -0.000538337  9.36672e-19   0.00144042 -5.62099e-18 -8.40553e-06  1.17834e-17  -0.00918233 -6.76879e-18    0.0213531 -2.06474e-17  -0.00982955  4.20624e-17   -0.0430679  4.09255e-17    0.0940815 -2.92423e-16   -0.0746707  6.65731e-16
-2.69435e-06 -6.34932e-20  8.31153e-05  2.28395e-19 -0.000591143  3.96297e-19   0.00161858  -4.0204e-18 -0.000316894  9.01618e-18  -0.00902488   5.5561e-19    0.0206505 -5.53029e-17  -0.00312833   1.6213e-16   -0.0619501 -2.92423e-16     0.109238   4.3377e-16   -0.0555745
 6.73484e-21  1.93914e-06 -8.47152e-20  5.97899e-05  3.04088e-19 -0.000513283  5.96322e-21   0.00143056 -3.04717e-18 -4.47064e-05  9.15148e-18  -0.00871377 -9.60748e-18    0.0165466  9.52101e-18   0.00992377 -1.03691e-16   -0.0746707   4.3377e-16    0.0883815  -8.8833e-16
-9.74441e-07  6.17834e-21  6.73638e-06 -6.36617e-20  2.88326e-05  2.35226e-19 -0.000338439 -1.52374e-19  0.000886359 -4.03927e-19  0.000509383 -9.04931e-18  -0.00658488  7.78769e-17   0.00752888 -2.95464e-16    0.0192759  6.65731e-16   -0.0555745  -8.8833e-16    0.0347742
