 8.03903e-33  1.78681e-47  -6.5058e-31 -1.80083e-45  2.09378e-29   5.6985e-44 -4.10365e-28 -1.20121e-42   5.6574e-27  1.87947e-41 -5.90072e-26 -2.27581e-40  4.86331e-25   2.2534e-39 -3.25867e-24 -1.87302e-38  1.81012e-23  1.32977e-37 -8.45044e-23 -8.17012e-37   3.3475e-22  4.39033e-36 -1.13246e-21 -2.08205e-35  3.28417e-21  8.78328e-35 -8.17579e-21 -3.31993e-34  1.74527e-20  1.13195e-33 -3.18214e-20 -3.50351e-33  4.91814e-20  9.90167e-33  -6.3597e-20 -2.56875e-32   6.7279e-20  6.14326e-32 -5.58429e-20 -1.35836e-31  3.30769e-20  2.78046e-31 -9.79757e-21 -5.26593e-31 -3.86347e-21  9.20685e-31  5.90897e-21 -1.48054e-30 -2.16054e-21  2.17927e-30 -7.73536e-22 -2.91953e-30   9.4729e-22  3.53688e-30 -9.24295e-23 -3.84619e-30 -2.29352e-22  3.72203e-30  6.84956e-23 -3.17124e-30  4.56657e-23   2.3462e-30 -1.96577e-23  -1.4792e-30  -8.9949e-24   7.7439e-31  3.98878e-24 -3.26124e-31  1.85988e-24  1.10495e-31 -5.80087e-25 -3.94494e-32 -3.68101e-25  2.70329e-32  4.33987e-26 -2.45665e-32  5.94776e-26  1.83335e-32  4.28315e-27 -1.06093e-32 -6.49698e-27  4.98087e-33 -1.77749e-27 -2.04045e-33  2.92868e-28  7.71948e-34  2.30048e-28 -2.54172e-34   2.6862e-29  5.47064e-35 -1.12802e-29  1.08823e-36 -4.40252e-30 -4.18293e-36 -3.25915e-31 -6.09002e-37   1.5896e-31   1.8486e-36   4.9753e-32   -1.109e-36  4.27425e-33  4.11987e-37 -8.13657e-34 -1.17291e-37  -2.7833e-34  2.95513e-38 -3.13134e-35 -6.59333e-39  6.56826e-38  9.36803e-40  4.93595e-37  3.27504e-41  6.74808e-38 -4.79981e-41    3.709e-39  1.16674e-41 -5.94398e-41 -1.85152e-42 -1.65435e-41  1.92571e-43 -1.12828e-42 -1.00889e-44 -2.99391e-44  2.52923e-46 -5.86172e-46 -4.03651e-48
 1.78681e-47  9.30025e-31  9.12608e-46 -4.32765e-29 -6.81826e-44   1.0632e-27   1.8954e-42 -1.73416e-26 -3.44881e-41  2.07454e-25  4.72806e-40 -1.92404e-24 -5.17958e-39  1.43258e-23  4.71276e-38 -8.76648e-23 -3.63569e-37  4.48164e-22  2.41137e-36 -1.93621e-21 -1.38985e-35  7.12566e-21  7.02384e-35 -2.24527e-20 -3.13674e-34  6.07326e-20  1.24671e-33 -1.41055e-19 -4.43958e-33  2.80644e-19  1.42574e-32 -4.75722e-19 -4.15598e-32  6.80354e-19  1.10673e-31 -8.07411e-19 -2.70913e-31  7.72196e-19  6.12948e-31 -5.61396e-19 -1.28715e-30  2.65577e-19  2.51414e-30 -2.55549e-20 -4.56686e-30 -7.29429e-20  7.69455e-30  5.46575e-20 -1.19695e-29 -6.16413e-21  1.70865e-29 -1.38324e-20 -2.22254e-29  6.90106e-21  2.61379e-29  1.76936e-21 -2.75513e-29 -2.22363e-21  2.57677e-29 -5.90538e-23 -2.11155e-29  5.32539e-22  1.49046e-29 -2.33337e-23 -8.83622e-30 -1.11653e-22   4.2203e-30  2.85882e-24 -1.50143e-30  2.09128e-23    3.359e-31  1.25391e-24 -4.44397e-32 -3.25381e-24  5.50158e-32 -6.34628e-25 -8.32206e-32  3.54291e-25  6.94229e-32   1.4454e-25 -3.97415e-32 -1.42284e-26   1.8013e-32 -1.86037e-26 -7.56945e-33 -2.58626e-27  3.27397e-33  1.09388e-27 -1.30535e-33  4.56289e-28   3.7234e-34  2.53809e-29 -4.95371e-35 -2.35578e-29  1.11852e-36 -6.78166e-30 -1.01009e-35 -3.37806e-31  1.11218e-35  2.19059e-31 -6.10069e-36   5.8245e-32  2.27339e-36  4.72265e-33 -6.53393e-37 -6.35925e-34   1.5788e-37 -2.13673e-34 -3.15107e-38 -2.35164e-35  3.59634e-39 -5.16355e-37  3.37337e-40  1.76679e-37 -2.16276e-40  2.37262e-38  4.34905e-41  1.28807e-39 -5.97877e-42  2.70064e-41  5.19861e-43 -1.47295e-42 -1.95774e-44 -7.54404e-44  2.68184e-46 -1.15003e-45
 -6.5058e-31  9.12608e-46  5.35872e-29  2.97255e-44 -1.73858e-27 -1.71364e-42  3.43594e-26  4.01436e-41 -4.77825e-25 -6.34763e-40  5.02929e-24  7.77079e-39 -4.18476e-23 -7.78738e-38  2.83217e-22  6.57426e-37  -1.5898e-21 -4.74785e-36  7.50435e-21  2.96395e-35 -3.00757e-20 -1.61295e-34  1.03009e-19  7.70789e-34 -3.02671e-19 -3.25621e-33  7.64116e-19   1.2237e-32 -1.65591e-18 -4.11599e-32   3.0691e-18   1.2468e-31    -4.83e-18 -3.42339e-31  6.37458e-18   8.5795e-31 -6.90733e-18 -1.97673e-30  5.90985e-18  4.21677e-30 -3.66348e-18 -8.37865e-30  1.22277e-18  1.55669e-29  3.17415e-19 -2.70632e-29  -6.3749e-19  4.39073e-29  2.73159e-19 -6.61008e-29  6.33353e-20  9.16301e-29 -1.08025e-19 -1.15927e-28  1.85098e-20  1.32594e-28  2.43763e-20  -1.3571e-28 -9.80536e-21  1.22851e-28 -4.51397e-21  -9.6934e-29  2.70983e-21   6.5313e-29  8.54421e-22 -3.63654e-29 -5.64842e-22  1.57115e-29 -1.83364e-22 -4.46744e-30  9.05236e-23  2.44352e-31  3.98265e-23  4.13464e-31 -9.40093e-24 -6.54113e-32 -7.22006e-24 -1.80314e-31  7.01922e-26   1.8345e-31  9.15115e-25 -1.02886e-31  1.73398e-25  4.45559e-32 -5.94371e-26 -2.00653e-32  -2.9469e-26  1.05132e-32  -1.5037e-27 -4.99002e-33  1.93201e-27  1.69083e-33   5.4699e-28 -3.66047e-34  6.89525e-30  8.27407e-35 -2.78253e-29 -6.25038e-35 -6.45242e-30  4.70248e-35 -2.53833e-31 -2.38983e-35  1.70317e-31  8.78409e-36   4.0456e-32  -2.4721e-36  3.30029e-33  5.61135e-37  -2.3405e-34 -1.00489e-37  -8.7754e-35  9.09748e-39 -9.32714e-36  1.48809e-39 -3.48442e-37  -6.3405e-40  2.36399e-38  1.06506e-40  3.42813e-39 -1.26058e-41  1.82368e-40  8.90437e-43  3.30369e-42 -2.16905e-44 -6.08099e-46  9.63521e-47
-1.80083e-45 -4.32765e-29  2.97255e-44  2.03017e-27  6.84792e-43 -5.02926e-26 -3.13698e-41  8.27472e-25  6.20142e-40 -9.98924e-24   -8.608e-39  9.35307e-23   9.5364e-38 -7.03376e-22 -8.84581e-37  4.34949e-21  7.00772e-36 -2.24816e-20 -4.78649e-35  9.82603e-20  2.83767e-34 -3.66074e-19 -1.46913e-33  1.16856e-18  6.68145e-33 -3.20489e-18 -2.68448e-32  7.55473e-18  9.58133e-32 -1.52737e-17 -3.05462e-31  2.63484e-17  8.74869e-31 -3.84252e-17 -2.26524e-30  4.66336e-17  5.34033e-30 -4.58216e-17 -1.15566e-29  3.45423e-17  2.31596e-29 -1.74168e-17  -4.3348e-29  2.63263e-18  7.62748e-29  4.12403e-18 -1.26513e-28   -3.565e-18  1.97358e-28  6.35763e-19 -2.87606e-28  8.06115e-19   3.8769e-28 -4.95675e-19 -4.78006e-28 -7.32727e-20  5.32812e-28  1.50251e-19 -5.30474e-28 -8.69234e-21  4.65453e-28  -3.5039e-20 -3.53923e-28  4.65458e-21  2.27593e-28  7.37168e-21 -1.18659e-28 -8.68121e-22  4.56694e-29 -1.43663e-21 -9.10226e-30  4.02243e-23 -2.57241e-30  2.41928e-22  2.91635e-30   2.6149e-23 -8.61303e-31 -3.03962e-23 -2.73324e-31 -8.75292e-24  4.05047e-31  2.00597e-24 -2.21109e-31  1.37759e-24   9.1618e-32  9.25433e-26 -4.71968e-32 -1.05375e-25  3.03317e-32 -3.14978e-26 -1.61467e-32  5.49784e-28  5.98762e-33  2.19275e-27 -1.58276e-33  4.67221e-28  4.62618e-34 -6.67807e-30 -2.59378e-34 -2.19907e-29  1.59254e-34 -4.36555e-30 -7.59995e-35 -1.71921e-31  2.72014e-35  8.40149e-32 -7.33325e-36  1.86433e-32  1.54091e-36  1.54577e-33 -2.47866e-37 -3.08276e-35  1.73764e-38 -2.03021e-35  4.38152e-39 -2.08322e-36 -1.40208e-39 -9.04667e-38  1.96905e-40  1.66584e-40 -1.98765e-41    2.103e-40  1.09474e-42  6.88754e-42 -1.42878e-44  5.95035e-44
 2.09378e-29 -6.81826e-44 -1.73858e-27  6.84792e-43  5.68773e-26    1.176e-41 -1.13387e-24 -4.34789e-40  1.59121e-23  7.27986e-39 -1.69079e-22 -8.93326e-38  1.42094e-21  9.06929e-37 -9.71754e-21 -7.90673e-36  5.51494e-20  5.97024e-35 -2.63343e-19 -3.91106e-34  1.06834e-18  2.22796e-33 -3.70648e-18 -1.10796e-32  1.10409e-17  4.83312e-32 -2.82839e-17 -1.85875e-31  6.22652e-17  6.33435e-31 -1.17392e-16 -1.92248e-30  1.88255e-16  5.22384e-30 -2.53781e-16 -1.27831e-29  2.81895e-16  2.83686e-29 -2.48801e-16 -5.75886e-29  1.61407e-16  1.08055e-28 -5.99903e-17 -1.89553e-28 -8.83309e-18   3.1413e-28  2.70844e-17 -4.94841e-28 -1.35171e-17  7.40469e-28 -1.67564e-18 -1.04438e-27  4.83091e-18  1.37101e-27  -1.2106e-18   -1.651e-27  -9.9574e-19  1.79748e-27  5.33848e-19 -1.74409e-27  1.63827e-19  1.48518e-27 -1.43249e-19 -1.08874e-27  -2.8349e-20  6.67388e-28  3.04818e-20 -3.23908e-28  6.37488e-21  1.07831e-28  -5.2545e-21 -8.98745e-30 -1.58494e-21 -1.62833e-29  6.57112e-22  1.18863e-29  3.31372e-22 -3.68825e-30 -3.63896e-23 -2.58776e-31 -4.88599e-23  8.49246e-31 -5.36772e-24  -4.5886e-31  4.09623e-24  1.89692e-31  1.41334e-24 -1.15053e-31 -4.20533e-26  8.36388e-32 -1.20945e-25 -4.61811e-32 -2.48548e-26  1.76794e-32  1.84022e-27 -5.16299e-33   1.7784e-27  1.68432e-33  3.06018e-28 -8.37714e-34 -7.54837e-30  4.54698e-34 -1.23063e-29  -2.0605e-34 -2.18563e-30  7.11232e-35 -1.00412e-31 -1.80711e-35  2.65025e-32  3.47544e-36  5.71937e-33 -5.02874e-37  4.75476e-34  2.63972e-38    6.179e-36  9.80576e-39 -2.49262e-36 -2.48122e-39 -2.43389e-37  2.89729e-40 -9.76219e-39 -2.45902e-41 -9.64678e-41  9.91322e-43  2.16793e-42  -4.5085e-45
  5.6985e-44   1.0632e-27 -1.71364e-42 -5.02926e-26    1.176e-41  1.25675e-24  1.54035e-40 -2.08659e-23 -4.56605e-39  2.54295e-22  6.39355e-38 -2.40478e-21 -6.92947e-37  1.82739e-20  6.55835e-36 -1.14243e-19 -5.52299e-35  5.97322e-19  4.08672e-34 -2.64251e-18 -2.62789e-33  9.97155e-18  1.46435e-32 -3.22652e-17 -7.08944e-32  8.97775e-17   2.9966e-31 -2.14928e-16 -1.11188e-30   4.4185e-16  3.64086e-30 -7.76271e-16 -1.05746e-29  1.15529e-15  2.73786e-29   -1.435e-15 -6.35318e-29  1.44981e-15  1.32992e-28 -1.13389e-15 -2.53281e-28  6.08258e-16  4.43862e-28 -1.24059e-16 -7.26038e-28 -1.20843e-16  1.12558e-27  1.23042e-16 -1.67345e-27 -3.01967e-17  2.39286e-27 -2.41966e-17   -3.264e-27  1.86349e-17  4.17901e-27  9.24984e-19 -4.92727e-27 -5.30383e-18  5.25244e-27  7.79061e-19 -4.97619e-27   1.1931e-18  4.11665e-27 -2.81604e-19 -2.90859e-27 -2.49864e-19   1.6947e-27  5.71416e-20 -7.57157e-28  5.05596e-20  2.04548e-28 -6.57607e-21  2.30235e-29 -9.20854e-21 -6.33081e-29 -1.67344e-22  3.80624e-29  1.31269e-21 -1.16015e-29  2.49011e-22 -1.55368e-32 -1.14867e-22  1.90015e-30 -5.13996e-23 -1.06619e-30  8.53757e-25  4.70938e-31  4.98213e-24 -3.07938e-31  1.05789e-24  2.21976e-31 -1.32022e-25  -1.1891e-31  -1.0122e-25    4.511e-32 -1.53301e-26 -1.38524e-32  1.79117e-27  4.81013e-33  1.07978e-27 -2.24776e-33  1.59183e-28  1.12563e-33 -3.09486e-30  -4.8834e-34 -4.92639e-30  1.61349e-34 -8.08141e-31 -3.81485e-35 -4.37174e-32  6.65107e-36  4.92175e-33 -8.68897e-37  1.12298e-33  3.28916e-38  9.04965e-35  1.76831e-38  2.55141e-36 -3.62086e-39 -1.21851e-37  3.47651e-40 -1.22794e-38 -2.42546e-41  -3.2176e-40  6.42344e-43 -2.15732e-42
-4.10365e-28   1.8954e-42  3.43594e-26 -3.13698e-41 -1.13387e-24  1.54035e-40    2.281e-23  1.51222e-39 -3.23154e-22 -3.37443e-38  3.46804e-21  3.64098e-37   -2.945e-20   -3.365e-36  2.03611e-19  3.11613e-35 -1.16885e-18 -2.75853e-34  5.64904e-18  2.15231e-33 -2.32106e-17 -1.42959e-32  8.16172e-17  8.05628e-32 -2.46621e-16  -3.8806e-31  6.41493e-16   1.6128e-30 -1.43556e-15 -5.83336e-30  2.75514e-15  1.84959e-29 -4.50566e-15 -5.17251e-29  6.20918e-15  1.28265e-28 -7.07608e-15  -2.8348e-28  6.44735e-15  5.61657e-28 -4.37733e-15 -1.00534e-27  1.79489e-15  1.64415e-27  9.09604e-17 -2.49688e-27 -6.99137e-16  3.59409e-27  4.05971e-16 -5.00126e-27  1.13007e-17  6.79319e-27 -1.30662e-16 -8.94477e-27  4.43143e-17  1.11842e-26   2.3784e-17 -1.29455e-26 -1.72756e-17  1.35468e-26 -3.13125e-18 -1.25537e-26  4.51205e-18  1.00944e-26  4.16863e-19 -6.86412e-27 -9.74821e-19  3.77924e-27 -1.02559e-19 -1.52047e-27  1.78293e-19  2.79316e-28  3.36159e-20  1.68441e-28 -2.54154e-20 -1.97936e-28 -8.69512e-21  1.05434e-28  2.17998e-21 -3.10188e-29  1.52373e-21  3.59438e-31  3.77093e-23  4.76108e-30 -1.58241e-22   -2.854e-30 -3.81399e-23  1.35812e-30  5.61102e-24 -8.51727e-31  4.35065e-24  5.58107e-31  6.00083e-25 -2.78066e-31  -1.3875e-25  1.01452e-31   -6.512e-26 -3.17952e-32 -7.73861e-27  1.15174e-32  1.06621e-27 -5.19228e-33  4.98587e-28  2.45992e-33  6.61167e-29 -1.02718e-33 -2.14418e-31  3.22858e-34 -1.38194e-30 -7.02765e-35 -2.13662e-31  1.10109e-35 -1.28878e-32 -1.30934e-36  4.01774e-34  3.49589e-38  1.29466e-34  2.65106e-38  9.47461e-36 -4.42613e-39   2.8677e-37  3.43369e-40 -9.09236e-42 -1.89423e-41 -1.43767e-40   2.6191e-43
-1.20121e-42 -1.73416e-26  4.01436e-41  8.27472e-25 -4.34789e-40 -2.08659e-23  1.51222e-39   3.4974e-22  9.78926e-39 -4.30481e-21 -1.05443e-37  4.11341e-20  3.29983e-38 -3.15998e-19   3.7117e-36  1.99822e-18  2.00285e-36  -1.0574e-17 -5.25857e-34  4.73743e-17   7.0416e-33 -1.81173e-16  -5.8152e-32   5.9459e-16  3.60584e-31 -1.67957e-15 -1.80419e-30  4.08635e-15   7.5531e-30 -8.54843e-15 -2.70266e-29  1.53068e-14  8.38021e-29 -2.32663e-14  -2.2731e-28  2.96025e-14  5.43087e-28 -3.07777e-14 -1.14921e-27  2.49873e-14  2.16516e-27 -1.42381e-14 -3.65583e-27  3.63309e-15  5.58794e-27  2.27579e-15 -7.85991e-27 -2.82419e-15  1.04282e-26   8.9168e-16 -1.34399e-26  4.61998e-16  1.71853e-26 -4.61707e-16 -2.17561e-26  2.01306e-17  2.65822e-26  1.22546e-16 -3.02854e-26 -3.01702e-17  3.11904e-26 -2.61799e-17 -2.83126e-26  9.57554e-18  2.21202e-26  5.38623e-18 -1.44244e-26 -2.02936e-18  7.41666e-27 -1.13049e-18 -2.56015e-27  2.96263e-19  9.88195e-29   2.2395e-19   6.3389e-28  -1.9107e-20 -5.40677e-28 -3.60871e-20  2.64218e-28 -3.52428e-21 -7.44593e-29  3.88587e-21 -3.27978e-31  1.18904e-21  1.27497e-29  -1.5554e-22 -7.97342e-30 -1.47627e-22  3.91181e-30 -2.01371e-23 -2.24983e-30  6.71494e-24   1.3083e-30  2.92771e-24 -5.93209e-31  2.66624e-25  2.03055e-31 -9.44445e-26 -6.35924e-32 -3.30098e-26  2.38732e-32 -3.30766e-27 -1.05548e-32  4.26767e-28  4.80547e-33  1.73934e-28 -1.93701e-33    2.147e-29  5.76065e-34  3.52863e-31 -1.14319e-34  -2.5689e-31  1.59587e-35  -3.8203e-32 -1.75351e-36 -2.35872e-33  3.45868e-38 -1.55851e-35  3.36416e-38  7.21853e-36 -4.56152e-39  4.49377e-37  2.78433e-40  9.76859e-39 -1.12594e-41  4.53267e-41
  5.6574e-27 -3.44881e-41 -4.77825e-25  6.20142e-40  1.59121e-23 -4.56605e-39 -3.23154e-22  9.78926e-39  4.62383e-21  7.95363e-39 -5.01399e-20  1.56783e-36  4.30432e-19 -3.14448e-35 -3.01004e-18  3.09421e-34  1.74876e-17 -1.94519e-33 -8.55893e-17  7.77131e-33  3.56372e-16 -1.08192e-32 -1.27088e-15 -1.13516e-31  3.89795e-15  1.17761e-30 -1.03019e-14 -6.88695e-30   2.3452e-14  3.04869e-29 -4.58522e-14 -1.10562e-28  7.65296e-14  3.39935e-28 -1.07902e-13 -9.02522e-28  1.26268e-13  2.09201e-27  -1.1886e-13 -4.26402e-27  8.44599e-14  7.68316e-27 -3.79246e-14 -1.23041e-26   1.3093e-15  1.76519e-26  1.26187e-14 -2.30176e-26 -8.56316e-15  2.79998e-26  5.23127e-16 -3.30248e-26  2.45785e-15    3.922e-26  -1.0889e-15 -4.73541e-26 -3.71102e-16  5.64628e-26  3.85819e-16 -6.34455e-26  2.68987e-17   6.4449e-26  -9.7908e-17 -5.73467e-26  1.01616e-18  4.34425e-26  2.13519e-17 -2.69543e-26  5.40751e-20  1.26214e-26 -4.10844e-18 -3.27017e-27 -3.46648e-19 -1.00218e-27  6.50624e-19  1.88861e-27  1.43001e-19 -1.34035e-27 -7.10423e-20  6.12365e-28 -3.16436e-20 -1.63608e-28   2.5245e-21 -7.07604e-30  4.04568e-21   3.3941e-29  6.21965e-22 -2.12283e-29  -2.3061e-22  1.03228e-29 -1.03906e-22 -5.45364e-30 -7.09801e-24  2.83522e-30  5.11528e-24 -1.15719e-30  1.57448e-24  3.62268e-31  9.78983e-26 -1.11438e-31  -4.6329e-26  4.35806e-32 -1.32594e-26 -1.91614e-32 -1.20605e-27  8.46747e-33  1.13163e-28 -3.29773e-33  4.46493e-29  9.23439e-34   5.2087e-30 -1.65473e-34  1.71602e-31  2.03932e-35 -2.83297e-32 -2.12256e-36 -4.20816e-33  3.71679e-38 -2.40636e-34  3.65079e-38 -4.74173e-36 -3.95753e-39  1.21127e-37  1.82149e-40  5.72786e-39 -4.47877e-42
 1.87947e-41  2.07454e-25 -6.34763e-40 -9.98924e-24  7.27986e-39  2.54295e-22 -3.37443e-38 -4.30481e-21  7.95363e-39  5.35389e-20 -8.71247e-37 -5.17171e-19  3.61417e-35  4.01848e-18  -5.0221e-34 -2.57164e-17  4.32483e-33  1.37803e-16 -2.67106e-32 -6.25618e-16  1.23155e-31  2.42621e-15 -4.09386e-31  -8.0813e-15  7.58389e-31  2.31902e-14  1.30659e-30 -5.73802e-14 -1.91852e-29  1.22238e-13  1.02678e-28 -2.23259e-13 -3.95671e-28  3.46881e-13  1.23307e-27 -4.52482e-13 -3.24427e-27  4.84537e-13  7.35736e-27 -4.08588e-13 -1.45445e-26  2.46974e-13  2.52312e-26 -7.53901e-14 -3.85915e-26 -2.95891e-14  5.23331e-26  4.75638e-14 -6.35995e-26 -1.86206e-14  7.08871e-26 -5.96585e-15 -7.56634e-26  8.32704e-15  8.18688e-26 -1.13714e-15 -9.27849e-26 -2.03349e-15   1.0729e-25  7.41715e-16 -1.18905e-25  4.01321e-16  1.19282e-25 -2.20017e-16 -1.03971e-25 -7.90786e-17  7.59543e-26  4.79919e-17 -4.40674e-26  1.72294e-17  1.76474e-26 -7.94399e-18 -1.62693e-27 -3.77819e-18 -4.62192e-27  8.36248e-19  4.91125e-27  6.95193e-19 -3.07508e-27 -5.28373e-22  1.32484e-27 -8.95879e-20 -3.29303e-28  -1.7859e-20 -3.54674e-29  5.83953e-21  8.57711e-29  3.02742e-21 -5.18184e-29  1.74652e-22  2.44065e-29  -1.9762e-22  -1.2009e-29 -5.79955e-23  5.66946e-30  -1.1774e-24 -2.06589e-30  2.86387e-24  5.72062e-31  6.89595e-25 -1.69964e-31  3.26455e-26  7.07179e-32 -1.67663e-26 -3.13983e-32 -4.17263e-27  1.35456e-32  -3.6403e-28 -5.09321e-33  1.75913e-29  1.33692e-33  8.02559e-30  -2.1412e-34  8.83538e-31  2.30504e-35  3.73346e-32 -2.35892e-36 -1.36535e-33  4.72382e-38 -2.43262e-34  3.40499e-38 -1.13937e-35 -2.85939e-39 -1.94753e-37  9.18133e-41 -2.48272e-40
-5.90072e-26  4.72806e-40  5.02929e-24   -8.608e-39 -1.69079e-22  6.39355e-38  3.46804e-21 -1.05443e-37 -5.01399e-20 -8.71247e-37  5.49643e-19  -1.5657e-35 -4.77247e-18  4.59376e-34  3.37747e-17 -5.43765e-33 -1.98697e-16  4.26556e-32  9.85381e-16 -2.50605e-31  -4.1603e-15  1.15173e-30   1.5056e-14  -4.1558e-30  -4.6905e-14  1.12374e-29  1.26046e-13 -1.81569e-29 -2.92112e-13 -1.61762e-29  5.82281e-13  2.60345e-28 -9.92701e-13 -1.20603e-27  1.43326e-12   3.9683e-27 -1.72376e-12 -1.05425e-26  1.67771e-12  2.36494e-26 -1.24785e-12 -4.57171e-26  6.09925e-13  7.69407e-26 -6.79727e-14  -1.1334e-25  -1.7025e-13  1.46689e-25  1.36573e-13 -1.67844e-25 -1.99914e-14  1.72556e-25 -3.43226e-14 -1.65711e-25  1.96598e-14  1.59408e-25  3.73225e-15 -1.64451e-25 -6.40664e-15  1.81068e-25  2.37323e-16 -1.96871e-25  1.57001e-15   1.9487e-25 -1.87016e-16 -1.65833e-25 -3.43031e-16  1.15279e-25  3.74975e-17   -5.982e-26  6.90508e-17  1.62934e-26 -1.60921e-18  7.49715e-27 -1.20054e-17 -1.41936e-26  -1.3404e-18  1.15919e-26  1.55961e-18  -6.5939e-27  4.55999e-19  2.68144e-27 -1.06735e-19 -6.01008e-28 -7.38724e-20 -1.25404e-28 -4.93258e-21  2.01614e-28  5.80452e-21 -1.14918e-28  1.74487e-21  5.17922e-29  -3.1062e-23   -2.409e-29 -1.23184e-22  1.04834e-29 -2.64731e-23 -3.37325e-30  3.07026e-25  7.82809e-31  1.22905e-24 -2.19887e-31  2.47036e-25  1.02433e-31  1.07558e-26  -4.6828e-32 -4.41482e-27  1.97629e-32  -9.9964e-28 -7.15837e-33 -8.54084e-29  1.75446e-33  7.64153e-31 -2.48237e-34  9.30067e-31  2.30269e-35  9.52431e-32 -2.43938e-36  4.13375e-33  6.35902e-38  1.49275e-35  2.73058e-38 -5.39104e-36 -1.67746e-39  -1.5204e-37  3.12302e-41
-2.27581e-40 -1.92404e-24  7.77079e-39  9.35307e-23 -8.93326e-38 -2.40478e-21  3.64098e-37  4.11341e-20  1.56783e-36 -5.17171e-19  -1.5657e-35  5.05286e-18 -1.85095e-34  -3.9732e-17  4.52513e-33  2.57466e-16  -4.7769e-32 -1.39791e-15  3.45776e-31  6.43489e-15 -1.91997e-30 -2.53225e-14  8.53678e-30  8.56613e-14 -3.07946e-29 -2.49896e-13  8.90463e-29  6.29308e-13 -1.94551e-28  -1.3663e-12   2.4714e-28  2.54751e-12  2.67709e-28 -4.04945e-12 -2.90018e-27  5.42037e-12  1.11012e-26 -5.98345e-12 -3.07739e-26  5.24385e-12  6.93856e-26 -3.35863e-12 -1.32541e-25  1.19114e-12  2.18368e-25  2.62264e-13 -3.12828e-25 -6.20038e-13  3.90999e-25   2.9503e-13 -4.27397e-25  4.96022e-14  4.11492e-25 -1.15374e-13 -3.57513e-25  2.70153e-14  2.98384e-25  2.53046e-14 -2.64861e-25 -1.31449e-14  2.64379e-25 -4.36278e-15 -2.76376e-25  3.72525e-15  2.68429e-25  7.72849e-16 -2.20792e-25 -8.29264e-16  1.40528e-25 -1.75883e-16 -5.52319e-26  1.49431e-16 -7.13885e-27  4.49322e-17  3.53209e-26 -1.96668e-17 -3.64582e-26 -9.77616e-18  2.53065e-26  1.20364e-18 -1.32733e-26  1.50765e-18  5.07042e-27  1.54268e-19 -9.75283e-28 -1.33107e-19 -3.63375e-28  -4.4691e-20  4.37725e-28  1.80288e-21 -2.31847e-28  4.00904e-21  9.94158e-29  8.03162e-22 -4.43451e-29 -6.70009e-23  1.80012e-29 -5.96511e-23 -5.02447e-30 -1.00929e-23  8.78058e-31  2.72632e-25 -2.23672e-31  4.07046e-25  1.32469e-31  7.15286e-26 -6.40266e-32  3.35419e-27  2.63746e-32 -8.06756e-28 -9.17067e-33 -1.73647e-28  2.09192e-33 -1.43569e-29 -2.57788e-34 -2.38418e-31  2.02088e-35  5.97452e-32  -2.3669e-36  5.63138e-33  7.84817e-38  2.05399e-34  1.87323e-38  2.28543e-36 -7.56178e-40 -1.50163e-38
 4.86331e-25 -5.17958e-39 -4.18476e-23   9.5364e-38  1.42094e-21 -6.92947e-37   -2.945e-20  3.29983e-38  4.30432e-19  3.61417e-35 -4.77247e-18 -1.85095e-34  4.19353e-17 -1.75786e-33 -3.00506e-16  3.76635e-32  1.79123e-15 -3.61557e-31 -9.00652e-15  2.43166e-30  3.85831e-14  -1.2743e-29 -1.41796e-13   5.4252e-29  4.49013e-13 -1.90734e-28 -1.22779e-12  5.53386e-28    2.899e-12  -1.2955e-27 -5.89653e-12  2.26593e-27  1.02773e-11 -2.04675e-27 -1.52086e-11  -3.9094e-27   1.8816e-11  2.56089e-26 -1.89504e-11 -7.94883e-26  1.47562e-11  1.84961e-25 -7.81299e-12 -3.54279e-25  1.42445e-12  5.77906e-25  1.77499e-12 -8.14296e-25 -1.72074e-12  9.96176e-25  3.97813e-13 -1.05834e-24  3.66652e-13  9.75093e-25 -2.74868e-13 -7.81696e-25 -1.71275e-14  5.59314e-25  8.25052e-14 -3.89011e-25 -1.21517e-14  3.05561e-25 -1.92903e-14 -2.83534e-25  4.73552e-15  2.64115e-25  4.17483e-15 -2.01666e-25 -1.02641e-15  9.56622e-26 -8.75843e-16   1.4806e-26  1.31038e-16 -8.63841e-26  1.66803e-16  1.03945e-25  1.65004e-19 -8.35914e-26 -2.51136e-17  5.15924e-26 -4.37092e-18 -2.51166e-26   2.3708e-18  8.93305e-27  9.94059e-19 -1.35502e-27 -3.67414e-20 -9.10014e-28 -1.03393e-19  8.76424e-28 -2.05643e-20 -4.27187e-28  3.15906e-21  1.74083e-28  2.13432e-21 -7.55594e-29    3.038e-22  2.88505e-29 -4.22996e-23 -6.78701e-30 -2.29572e-23  6.63838e-31 -3.24672e-24 -1.27914e-31  8.37958e-26  1.52399e-31  1.02421e-25 -8.08221e-32  1.62435e-26   3.2244e-32  8.56819e-28 -1.07119e-32 -9.21381e-29  2.26922e-33 -2.02992e-29 -2.39063e-34  -1.5617e-30  1.53489e-35 -4.36876e-32 -2.15551e-36    1.482e-33  8.25212e-38  1.37867e-34   1.0828e-38  2.87583e-36 -2.26642e-40
  2.2534e-39  1.43258e-23 -7.78738e-38 -7.03376e-22  9.06929e-37  1.82739e-20   -3.365e-36 -3.15998e-19 -3.14448e-35  4.01848e-18  4.59376e-34  -3.9732e-17 -1.75786e-33   3.1635e-16 -1.43022e-32 -2.07701e-15  2.75089e-31  1.14335e-14 -2.42812e-30 -5.33994e-14  1.52428e-29  2.13378e-13  -7.5393e-29 -7.33606e-13  3.05984e-28  2.17729e-12 -1.03713e-27 -5.58488e-12  2.94875e-27   1.2368e-11 -6.97088e-27 -2.35622e-11  1.32637e-26  3.83536e-11 -1.82836e-26 -5.27304e-11  9.48446e-27  6.00587e-11  4.05732e-26 -5.47387e-11  -1.7539e-25  3.71152e-11  4.43523e-25 -1.49852e-11  -8.7159e-25 -1.26789e-12   1.4291e-24    6.457e-12 -2.00734e-24 -3.70378e-12  2.43843e-24 -1.54085e-13 -2.56201e-24  1.26711e-12   2.3103e-24 -4.34342e-13  -1.7571e-24 -2.38691e-13  1.09031e-24  1.78812e-13  -5.1827e-25  3.10812e-14  1.66453e-25 -4.87511e-14 -2.77596e-26 -3.75714e-15 -4.86715e-27   1.0996e-14  4.72205e-26  9.33271e-16 -1.40781e-25 -2.11527e-15  2.42202e-25 -3.48567e-16 -2.86296e-25  3.22128e-16  2.53181e-25  1.00134e-16 -1.75785e-25 -3.09885e-17  9.86876e-26 -1.91039e-17 -4.46729e-26  6.18099e-20  1.46138e-26  2.16203e-18 -1.46353e-27  4.69135e-19 -2.02113e-27 -9.21936e-20  1.61901e-27 -5.99566e-20 -7.21637e-28 -7.23972e-21  2.80356e-28  2.18901e-21 -1.20247e-28  9.12005e-22  4.33873e-29   9.7465e-23 -8.21543e-30 -1.71376e-23 -1.09953e-31 -7.02864e-24   1.2384e-31 -8.74744e-25  1.54687e-31  1.01858e-26 -9.49214e-32  1.88684e-26  3.61165e-32  2.75146e-27 -1.13948e-32  1.56712e-28  2.24029e-33 -4.87828e-30 -1.96563e-34 -1.41753e-30  9.74862e-36 -9.50865e-32 -1.82569e-36 -2.58902e-33  7.15435e-38   -4.737e-36  5.06669e-39  5.70564e-37
-3.25867e-24  4.71276e-38  2.83217e-22 -8.84581e-37 -9.71754e-21  6.55835e-36  2.03611e-19   3.7117e-36 -3.01004e-18  -5.0221e-34  3.37747e-17  4.52513e-33 -3.00506e-16 -1.43022e-32   2.1818e-15 -1.02834e-31 -1.31852e-14  1.80106e-30  6.72626e-14 -1.47244e-29 -2.92573e-13  8.65732e-29  1.09269e-12 -4.04383e-28 -3.51975e-12  1.56124e-27   9.8012e-12 -5.07392e-27 -2.35978e-11  1.39795e-26  4.90196e-11 -3.25823e-26 -8.74285e-11  6.32767e-26  1.32734e-10 -9.79195e-26 -1.69092e-10  1.03501e-25  1.76374e-10 -8.11093e-27 -1.43814e-10 -2.98957e-25  8.21598e-11  9.36742e-25 -2.04434e-11 -1.96667e-24 -1.44297e-11  3.31203e-24  1.76125e-11 -4.71227e-24 -5.61456e-12  5.76634e-24 -3.00095e-12 -6.07984e-24  3.07507e-12  5.45786e-24  -1.6717e-13 -4.03216e-24 -8.43489e-13  2.23188e-24   2.2861e-13 -5.95365e-25  1.83945e-13 -4.81816e-25 -7.55702e-14  9.19592e-25 -3.86285e-14 -9.34604e-25  1.69929e-14  8.36782e-25  8.42679e-15 -7.99532e-25 -2.72612e-15  7.94981e-25 -1.77398e-15 -7.20679e-25  2.33554e-16  5.48835e-25  3.08591e-16 -3.43555e-25  1.93511e-17  1.77498e-25 -3.66652e-17 -7.46271e-26  -9.7583e-18  2.21073e-26  1.88088e-18 -7.60212e-28  1.37786e-18 -4.04109e-27  1.50806e-19   2.7618e-27 -7.32186e-20 -1.12123e-27 -2.76266e-20  4.18713e-28 -1.92852e-21 -1.80343e-28  1.03339e-21  6.15284e-29  3.17923e-22 -8.69128e-30  2.74355e-23 -1.68384e-30 -4.88807e-24  5.68638e-31 -1.68402e-24  1.36473e-31 -1.91372e-25 -1.04668e-31  -1.5173e-27  3.70236e-32  2.38429e-27  -1.1007e-32  3.22887e-28  2.01177e-33  1.83051e-29 -1.41295e-34  9.21989e-32  4.72697e-36 -4.76092e-32 -1.41259e-36 -2.47831e-33  4.96926e-38 -4.01603e-35  1.69294e-39
-1.87302e-38 -8.76648e-23  6.57426e-37  4.34949e-21 -7.90673e-36 -1.14243e-19  3.11613e-35  1.99822e-18  3.09421e-34 -2.57164e-17 -5.43765e-33  2.57466e-16  3.76635e-32 -2.07701e-15 -1.02834e-31  1.38254e-14 -6.65575e-31  -7.7213e-14  1.07172e-29  3.66143e-13 -8.15851e-29 -1.48672e-12  4.50463e-28  5.19894e-12 -1.98847e-27 -1.57109e-11  7.29534e-27  4.10827e-11 -2.26633e-26  -9.2882e-11  6.01387e-26  1.80969e-10  -1.3655e-25 -3.01942e-10  2.63602e-25  4.26804e-10 -4.23445e-25 -5.02053e-10  5.31905e-25  4.76197e-10 -4.06905e-25 -3.41568e-10 -2.25815e-25  1.54705e-10  1.65752e-24 -4.28021e-12 -4.04519e-24 -5.46876e-11  7.22806e-24  3.79056e-11 -1.06131e-23 -2.67191e-12  1.32499e-23 -1.12164e-11 -1.41486e-23  5.30095e-12  1.27408e-23  1.65152e-12 -9.24343e-24 -1.93457e-12  4.67259e-24 -7.38234e-14 -4.27637e-25    5.065e-13 -2.37696e-24 -2.49607e-14  3.43876e-24  -1.1481e-13 -3.27981e-24  4.78944e-15  2.72272e-24  2.33184e-14 -2.27615e-24  9.11768e-16  1.95388e-24 -3.98402e-15 -1.57306e-24 -6.86596e-16  1.09043e-24  4.89095e-16 -6.28388e-25  1.82141e-16  3.00432e-25 -2.63025e-17 -1.16966e-25 -2.64934e-17  3.07449e-26 -3.06444e-18  1.58967e-27  1.79985e-18 -7.34321e-27  6.76051e-19  4.35303e-27  2.32883e-20 -1.60642e-27 -3.93107e-20  5.85333e-28 -1.04328e-20 -2.57071e-28 -3.85399e-22  8.26157e-29    3.644e-22 -7.56177e-30  9.04259e-23 -4.18578e-30  6.88576e-24  1.19956e-30 -9.74599e-25  1.01966e-31 -3.05083e-25 -1.09544e-31 -3.21608e-26  3.46591e-32 -8.07396e-28 -9.60595e-33  1.84073e-28  1.64053e-33   2.3501e-29 -8.63492e-35  1.18816e-30  1.15717e-36   1.9503e-32 -9.72637e-37 -4.43963e-34  2.62453e-38 -1.19842e-35
 1.81012e-23 -3.63569e-37  -1.5898e-21  7.00772e-36  5.51494e-20 -5.52299e-35 -1.16885e-18  2.00285e-36  1.74876e-17  4.32483e-33 -1.98697e-16  -4.7769e-32  1.79123e-15  2.75089e-31 -1.31852e-14 -6.65575e-31  8.08399e-14 -3.92626e-30 -4.18702e-13  5.85335e-29  1.85059e-12 -4.16595e-28 -7.02923e-12  2.16468e-27  2.30514e-11  -9.0367e-27 -6.54246e-11  3.14886e-26  1.60766e-10 -9.33299e-26 -3.41388e-10  2.37652e-25  6.23672e-10 -5.22145e-25 -9.72392e-10  9.88598e-25  1.27681e-09 -1.59682e-24 -1.38053e-09   2.1356e-24  1.17914e-09 -2.15504e-24 -7.24507e-10  9.86456e-25  2.26242e-10  2.08944e-24  8.93829e-11 -7.50538e-24  -1.4911e-10  1.49713e-23  6.16056e-11 -2.31476e-23   1.7986e-11  2.97413e-23 -2.80999e-11 -3.22334e-23  4.76249e-12  2.90664e-23  6.90373e-12 -2.06701e-23 -2.93283e-12  9.58892e-24 -1.34114e-12  5.99515e-25  8.95544e-13 -7.08438e-24   2.6061e-13  9.19721e-24 -2.06158e-13 -8.34837e-24 -5.91236e-14  6.60492e-24  3.72124e-14 -5.18971e-24  1.42348e-14  4.15042e-24 -4.65177e-15 -3.11515e-24 -2.92767e-15  2.01439e-24  1.88306e-16 -1.07984e-24  4.27167e-16  4.78657e-25  6.31229e-17 -1.71779e-25 -3.40094e-17  3.89321e-26 -1.39503e-17  6.62595e-27 -1.35728e-19 -1.22008e-26  1.09329e-18  6.33757e-27  2.66468e-19 -2.12707e-27 -6.42827e-21  7.74525e-28 -1.60407e-20  -3.5083e-28 -3.28327e-21  1.05312e-28 -6.35196e-23 -4.36109e-30  9.76996e-23 -7.52443e-30  2.06581e-23  1.95143e-30  1.49626e-24  6.15747e-32 -1.26054e-25 -1.10146e-31 -3.95018e-26  2.95461e-32 -3.83484e-27 -7.50901e-33 -1.34353e-28  1.21104e-33  6.71024e-30 -4.21027e-35  8.81508e-31 -7.31746e-37   3.3217e-32 -5.74085e-37  3.99701e-34  9.17943e-39
 1.32977e-37  4.48164e-22 -4.74785e-36 -2.24816e-20  5.97024e-35  5.97322e-19 -2.75853e-34  -1.0574e-17 -1.94519e-33  1.37803e-16  4.26556e-32 -1.39791e-15 -3.61557e-31  1.14335e-14  1.80106e-30  -7.7213e-14 -3.92626e-30  4.37815e-13 -2.13014e-29 -2.10952e-12  2.95605e-28  8.71109e-12  -1.9733e-27 -3.10092e-11  9.66624e-27  9.54957e-11 -3.81868e-26 -2.54799e-10  1.26344e-25   5.8867e-10 -3.56858e-25 -1.17416e-09  8.69937e-25  2.01013e-09 -1.84183e-24 -2.92439e-09  3.39427e-24   3.5563e-09 -5.42586e-24 -3.51299e-09  7.40982e-24  2.66423e-09 -8.25398e-24  -1.3389e-09  6.34183e-24  1.66807e-10  1.18189e-25  3.79181e-10 -1.23296e-23 -3.22387e-10  2.98016e-23  5.66422e-11 -4.93997e-23  8.03016e-11  6.54611e-23 -5.16456e-11 -7.16588e-23 -7.05398e-12   6.4157e-23   1.6985e-11 -4.42683e-23  -1.5642e-12  1.85653e-23 -4.22744e-12  4.19857e-24  7.93892e-13 -1.77056e-23   9.5153e-13  2.10981e-23 -1.78307e-13  -1.8199e-23 -2.02641e-13  1.38049e-23  1.99317e-14 -1.04271e-23  3.84244e-14  7.99433e-24   1.7039e-15 -5.71351e-24 -5.65058e-15  3.48736e-24 -1.23529e-15 -1.74747e-24  4.94365e-16  7.17829e-25  2.48812e-16 -2.35951e-25  1.45539e-18  4.40822e-26 -2.37182e-17  1.53376e-26 -5.64046e-18 -1.85976e-26  4.99366e-19  8.50804e-27  5.00421e-19 -2.60973e-27  8.67267e-20  9.83361e-28 -6.00062e-21 -4.60734e-28 -5.14792e-21  1.27547e-28 -8.64886e-22  9.52276e-31 -1.31329e-23 -1.13311e-29  1.96135e-23  2.70793e-30  3.66577e-24  2.75835e-32  2.60862e-25 -1.07647e-31 -8.32565e-27  2.28882e-32 -3.34485e-27 -5.18026e-33 -2.90225e-28   8.0478e-34 -1.04797e-29 -1.33209e-35  1.77617e-32 -1.25904e-36  1.14278e-32 -2.72934e-37   1.7825e-34
-8.45044e-23  2.41137e-36  7.50435e-21 -4.78649e-35 -2.63343e-19  4.08672e-34  5.64904e-18 -5.25857e-34 -8.55893e-17 -2.67106e-32  9.85381e-16  3.45776e-31 -9.00652e-15 -2.42812e-30  6.72626e-14  1.07172e-29 -4.18702e-13 -2.13014e-29   2.2035e-12 -1.07026e-28 -9.90405e-12  1.38841e-27  3.82925e-11 -8.71545e-27 -1.27956e-10  4.03051e-26  3.70494e-10 -1.50767e-25 -9.30058e-10  4.73582e-25  2.02097e-09 -1.27369e-24  -3.7857e-09  2.96789e-24  6.06814e-09 -6.03899e-24 -8.22142e-09  1.07828e-23  9.22332e-09 -1.69078e-23  -8.2553e-09  2.31079e-23  5.44143e-09 -2.67704e-23 -2.03352e-09   2.4013e-23 -3.77599e-10 -1.03861e-23  1.05533e-09 -1.73004e-23   -5.488e-10  5.80574e-23 -6.30981e-11 -1.04139e-22  2.12166e-10  1.41467e-22 -6.20257e-11 -1.54807e-22 -4.47944e-11  1.35947e-22  2.88793e-11 -8.97164e-23  6.90448e-12  3.28847e-23 -8.35041e-12  1.44914e-23 -1.04348e-12 -3.98918e-23  1.95063e-12  4.37392e-23  2.48911e-13 -3.57465e-23 -3.81549e-13  2.60706e-23 -7.91118e-14 -1.91476e-23  5.77916e-14  1.42713e-23  2.10027e-14  -9.8111e-24 -5.20123e-15  5.68433e-24 -3.84361e-15 -2.66742e-24 -1.15979e-16  1.01313e-24  4.14253e-16 -3.02214e-25  1.04471e-16  4.28704e-26 -1.43641e-17  2.82485e-26 -1.20168e-17  -2.6023e-26 -1.78262e-18  1.04885e-26  3.55423e-19 -2.97913e-27  1.82164e-19  1.21618e-27  2.38809e-20 -5.83506e-28 -2.30646e-21  1.46566e-28  -1.3035e-21  7.84292e-30 -1.88473e-22 -1.49977e-29 -3.93087e-24  3.33192e-30   2.8238e-24  8.41603e-33  4.78455e-25  -1.0309e-31   3.2951e-26   1.6146e-32  8.30724e-29 -3.06617e-33 -1.59343e-28  4.76624e-34 -1.16875e-29  9.02274e-37 -3.31403e-31 -1.01176e-36  -2.2669e-33 -9.03814e-38
-8.17012e-37 -1.93621e-21  2.96395e-35  9.82603e-20 -3.91106e-34 -2.64251e-18  2.15231e-33  4.73743e-17  7.77131e-33 -6.25618e-16 -2.50605e-31  6.43489e-15  2.43166e-30 -5.33994e-14 -1.47244e-29  3.66143e-13  5.85335e-29 -2.10952e-12 -1.07026e-28  1.03363e-11 -5.00719e-28 -4.34452e-11    6.093e-27  1.57573e-10 -3.60415e-26 -4.94985e-10   1.5754e-25  1.34893e-09 -5.58275e-25 -3.18792e-09  1.66484e-24  6.51642e-09 -4.26126e-24 -1.14593e-08  9.48096e-24  1.71774e-08 -1.85084e-23 -2.16185e-08   3.1927e-23  2.22587e-08 -4.88519e-23 -1.78424e-08  6.60883e-23  9.86642e-09 -7.74841e-23 -2.08358e-09  7.38037e-23 -2.13669e-09 -4.42056e-23  2.30765e-09 -1.90971e-23 -6.46383e-10  1.13174e-22 -4.58028e-10 -2.18165e-22  4.12519e-10  2.99741e-22 -4.18135e-12 -3.23543e-22 -1.22063e-10  2.74999e-22  2.83268e-11  -1.7075e-22  2.82329e-11  5.15768e-23 -1.02591e-11  4.01169e-23 -6.17437e-12 -8.29761e-23  2.39688e-12  8.36366e-23   1.3725e-12 -6.46297e-23 -3.85855e-13  4.54528e-23 -2.90295e-13 -3.27178e-23  2.94048e-14  2.38868e-23  5.03311e-14 -1.58707e-23  4.43233e-15  8.75002e-24 -5.85986e-15 -3.84592e-24 -1.74853e-15  1.34521e-24  2.63643e-16 -3.58992e-25  2.33488e-16  3.18322e-26  3.09793e-17  4.49354e-26 -1.11409e-17 -3.33347e-26 -4.79404e-18  1.17748e-26 -4.43327e-19 -3.18885e-27  1.51434e-19  1.48542e-27  5.37597e-20 -7.11906e-28  5.68076e-21  1.59217e-28  -5.6576e-22  1.52233e-29 -2.55861e-22 -1.78214e-29 -3.28814e-23  3.70856e-30 -1.01044e-24  4.76584e-33  2.68789e-25 -9.69015e-32  4.22923e-26  1.05268e-32  2.66745e-27 -1.45939e-33   4.9183e-29  2.46797e-34 -3.12122e-30  5.00335e-36 -1.73947e-31 -5.43069e-37 -1.98556e-33
  3.3475e-22 -1.38985e-35 -3.00757e-20  2.83767e-34  1.06834e-18 -2.62789e-33 -2.32106e-17   7.0416e-33  3.56372e-16  1.23155e-31  -4.1603e-15 -1.91997e-30  3.85831e-14  1.52428e-29 -2.92573e-13 -8.15851e-29  1.85059e-12  2.95605e-28 -9.90405e-12 -5.00719e-28  4.53099e-11 -2.19092e-27 -1.78483e-10  2.50771e-26  6.08303e-10 -1.40021e-25 -1.79866e-09  5.79063e-25  4.61752e-09 -1.94488e-24 -1.02783e-08  5.50631e-24  1.97641e-08 -1.34083e-23 -3.26068e-08  2.84647e-23  4.56353e-08 -5.32517e-23 -5.31749e-08  8.85895e-23  4.98999e-08 -1.31865e-22 -3.52125e-08  1.75461e-22  1.52834e-08  -2.0516e-22   4.4721e-10  1.99336e-22 -6.26749e-09  -1.3248e-22  4.06734e-09  -1.2521e-23 -1.18894e-10  2.25163e-22 -1.32749e-09 -4.54521e-22  5.78589e-10  6.20362e-22  2.19742e-10 -6.51378e-22 -2.28339e-10  5.28936e-22 -1.59639e-11 -3.03461e-22  6.27752e-11  6.75707e-23 -1.57591e-12  9.69573e-23  -1.4738e-11 -1.60703e-22  3.04667e-13  1.48821e-22  3.06939e-12 -1.08693e-22  1.79644e-13  7.40163e-23 -5.32841e-13 -5.25512e-23 -1.02861e-13  3.77321e-23  6.54128e-14  -2.4274e-23  2.63957e-14  1.27487e-23 -3.20539e-15 -5.24497e-24 -3.77908e-15  1.67887e-24 -5.02742e-16 -3.91317e-25  2.44303e-16  8.19166e-27  1.00258e-16  6.36478e-26  5.37671e-18 -3.87818e-26 -5.36341e-18  1.18377e-26 -1.55955e-18 -3.24829e-27 -8.84141e-20   1.8062e-27  4.64735e-20 -8.33579e-28  1.28598e-20  1.62536e-28  1.17295e-21  2.16893e-29 -9.10603e-23 -1.92155e-29 -3.74808e-23  3.78222e-30 -4.33931e-24  9.96775e-33 -1.69483e-25 -8.89017e-32   1.4366e-26  6.62372e-33  2.22411e-27 -4.46511e-34  1.16105e-28  1.07356e-34  2.25658e-30  4.13215e-36 -6.97679e-33 -1.83397e-37
 4.39033e-36  7.12566e-21 -1.61295e-34 -3.66074e-19  2.22796e-33  9.97155e-18 -1.42959e-32 -1.81173e-16 -1.08192e-32  2.42621e-15  1.15173e-30 -2.53225e-14  -1.2743e-29  2.13378e-13  8.65732e-29 -1.48672e-12 -4.16595e-28  8.71109e-12  1.38841e-27 -4.34452e-11 -2.19092e-27  1.86042e-10 -8.99768e-27 -6.88181e-10  9.70909e-26  2.20736e-09 -5.12448e-25 -6.15056e-09  2.00674e-24  1.48854e-08 -6.39062e-24 -3.12182e-08  1.71786e-23  5.64577e-08 -3.97878e-23 -8.73034e-08  8.05569e-23  1.13841e-07 -1.44326e-22 -1.22281e-07   2.3133e-22  1.03588e-07 -3.34392e-22 -6.26284e-08  4.35999e-22  1.82152e-08 -5.04014e-22   9.4594e-09  4.88954e-22 -1.40046e-08 -3.33567e-22  5.46064e-09  4.88013e-24  1.96489e-09  4.60934e-22 -2.73968e-09 -9.37527e-22  4.04785e-10  1.24802e-21   7.1534e-10 -1.25854e-21 -2.88519e-10  9.64495e-22 -1.46229e-10  -5.0071e-22  9.30407e-11  6.16767e-23  2.94923e-11  2.10657e-22 -2.22478e-11 -2.90652e-22   -6.826e-12  2.47382e-22  4.13318e-12  -1.7102e-22  1.66731e-12  1.13401e-22 -5.24895e-13 -7.98391e-23 -3.48197e-13  5.64619e-23  1.93192e-14 -3.51856e-23   5.1379e-14  1.76164e-23  8.12777e-15 -6.77635e-24    -4.05e-15  1.96561e-24 -1.75013e-15 -3.82707e-25 -3.87358e-17 -2.93012e-26  1.33033e-16  8.12279e-26  3.44189e-17 -4.02558e-26 -2.17289e-19  1.02713e-26 -1.91784e-18 -3.23067e-27 -4.20675e-19  2.18498e-27 -1.53323e-20 -9.31568e-28  1.06423e-20  1.54625e-28  2.45044e-21  2.59075e-29  2.04191e-22  -1.8903e-29 -8.56015e-24   3.5701e-30 -3.84531e-24  1.43812e-32 -3.98073e-25  -7.8723e-32 -1.66858e-26  4.35784e-33   2.5478e-28  5.53899e-35  5.50621e-29  3.54974e-35  1.91254e-30  2.08597e-36  1.63585e-32
-1.13246e-21  7.02384e-35  1.03009e-19 -1.46913e-33 -3.70648e-18  1.46435e-32  8.16172e-17  -5.8152e-32 -1.27088e-15 -4.09386e-31   1.5056e-14  8.53678e-30 -1.41796e-13  -7.5393e-29  1.09269e-12  4.50463e-28 -7.02923e-12  -1.9733e-27  3.82925e-11    6.093e-27 -1.78483e-10 -8.99768e-27  7.17038e-10 -3.47828e-26 -2.49516e-09  3.54499e-25  7.54246e-09 -1.77073e-24 -1.98242e-08  6.57068e-24  4.52572e-08 -1.98478e-23 -8.94408e-08  5.06614e-23  1.52065e-07 -1.11594e-22 -2.20119e-07  2.15426e-22  2.66692e-07 -3.69499e-22 -2.62556e-07  5.70392e-22  1.98044e-07 -8.00112e-22 -9.78365e-08   1.0201e-21  9.45531e-09 -1.15944e-21  3.10861e-08  1.10824e-21 -2.54452e-08 -7.45128e-22  4.01441e-09  1.73354e-23  6.82478e-09  9.63437e-22 -4.26023e-09 -1.89997e-21 -6.73565e-10  2.42825e-21  1.47752e-09 -2.32643e-21 -1.24994e-10  1.66316e-21 -3.82441e-10 -7.60858e-22   7.0987e-11 -4.88045e-24  8.89435e-11  4.17248e-22 -1.67648e-11 -4.91241e-22 -1.95286e-11   3.8473e-22  1.95774e-12 -2.52657e-22  3.81686e-12  1.64319e-22  1.68368e-13 -1.15175e-22 -5.77524e-13  8.01972e-23 -1.27681e-13  -4.8415e-23  5.16054e-14  2.31353e-23  2.63313e-14 -8.30885e-24  2.31279e-16  2.14988e-24 -2.52937e-15 -3.17667e-25 -6.17719e-16 -7.97691e-26  4.86752e-17  9.34843e-26  5.36237e-17 -3.57665e-26  9.71622e-18  6.94182e-27 -5.05505e-19 -3.25289e-27 -5.33537e-19  2.60702e-27 -9.43809e-20 -9.87357e-28 -2.75059e-21   1.3553e-28  1.79588e-21  2.70181e-29  3.58648e-22 -1.70086e-29  2.79964e-23  3.14771e-30 -2.31123e-25  1.10166e-32 -2.49068e-25 -6.63574e-32 -2.23732e-26  3.20884e-33 -8.39669e-28  2.13325e-34 -5.74434e-30  5.86294e-36  3.56173e-31  6.42726e-37
-2.08205e-35 -2.24527e-20  7.70789e-34  1.16856e-18 -1.10796e-32 -3.22652e-17  8.05628e-32   5.9459e-16 -1.13516e-31  -8.0813e-15  -4.1558e-30  8.56613e-14   5.4252e-29 -7.33606e-13 -4.04383e-28  5.19894e-12  2.16468e-27 -3.10092e-11 -8.71545e-27  1.57573e-10  2.50771e-26 -6.88181e-10 -3.47828e-26  2.59906e-09 -1.26869e-25 -8.52196e-09  1.22313e-24  2.43072e-08 -5.78769e-24  -6.0316e-08  2.03634e-23  1.29948e-07 -5.83652e-23 -2.41997e-07  1.41481e-22  3.86534e-07 -2.96381e-22 -5.22876e-07  5.45463e-22  5.86515e-07 -8.95652e-22 -5.25116e-07  1.33175e-21  3.45414e-07 -1.81281e-21 -1.26426e-07  2.25767e-21 -2.92203e-08 -2.51381e-21  7.22102e-08  2.34559e-21 -3.70659e-08  -1.5119e-21 -4.97873e-09 -4.57547e-23  1.52015e-08  2.01896e-21 -4.43321e-09 -3.75158e-21 -3.33655e-09  4.54934e-21  2.17939e-09 -4.10428e-21  5.24487e-10  2.70525e-21 -6.55444e-10 -1.05014e-21  -7.8601e-11 -1.97034e-22  1.58825e-10  7.59531e-22  1.90311e-11 -7.75531e-22  -3.2272e-11  5.59903e-22 -6.41679e-12 -3.51429e-22  5.09722e-12  2.26107e-22  1.80156e-12 -1.58104e-22 -4.84599e-13  1.08213e-22 -3.44844e-13 -6.33287e-23 -7.92236e-15  2.89492e-23  3.85025e-14  -9.6885e-24  9.58523e-15  2.17734e-24 -1.37727e-15 -1.84365e-25 -1.12998e-15 -1.40021e-25 -1.68934e-16  9.60393e-26  3.26908e-17 -2.40419e-26   1.7061e-17   2.0816e-27  2.30791e-18 -3.43076e-27 -1.86226e-19  3.02915e-27 -1.16159e-19 -9.86034e-28 -1.73762e-20  1.07716e-28 -5.40925e-22  2.48944e-29  2.13019e-22 -1.40078e-29   3.7979e-23  2.61577e-30  2.73612e-24 -1.02614e-33  3.73933e-26 -5.24852e-32 -8.44799e-27  2.56969e-33  -6.2036e-28  1.95281e-34 -1.56705e-29 -2.13869e-36 -8.74854e-32
