 1.25495e-34 -2.13744e-38 -1.14221e-34 -7.54087e-38  1.80835e-35 -2.53369e-37  2.90066e-35 -1.40083e-36  1.19568e-34  2.07319e-36 -1.68189e-34   5.0004e-37  1.17207e-34  3.54272e-37 -2.40274e-35  4.45388e-38  5.38598e-36  7.66531e-37    1.847e-35 -6.71173e-38  -1.1354e-35   4.5719e-37  3.02618e-36  -3.9077e-37  2.84841e-36  2.16738e-37 -8.42298e-37  2.34405e-38  1.03128e-36 -6.74363e-39 -4.65893e-37 -8.64977e-39 -1.11554e-37  5.75161e-39  1.38595e-37 -4.50048e-39 -1.09842e-37  1.53118e-39 -6.07347e-40 -3.33263e-39 -9.57474e-39  2.19561e-41  2.85777e-39 -6.63476e-40 -1.18994e-38   9.1365e-41  2.37292e-39 -1.65417e-41  -1.1804e-39 -2.24376e-41  7.96756e-41  5.38707e-42  1.33169e-40  1.36926e-41  3.60006e-41  6.84915e-42 -7.76236e-41  1.05027e-42  2.37242e-41 -2.26537e-43 -1.03783e-41 -2.30859e-43   1.9836e-42 -1.54862e-43 -1.70256e-42 -4.16866e-44 -7.06461e-43 -1.09726e-43  7.47874e-43 -1.36476e-44 -2.28205e-42 -6.46305e-45  5.37174e-42  1.25764e-45 -1.08123e-41 -4.86235e-45  1.99312e-41  8.04144e-45 -3.31549e-41 -1.58533e-44  4.96455e-41  2.97446e-44 -6.62969e-41 -5.11677e-44  7.80814e-41  8.09492e-44 -7.98868e-41 -1.16241e-43   6.9466e-41  1.49214e-43 -4.95665e-41 -1.66945e-43  2.71328e-41  1.54665e-43 -9.47755e-42 -1.02587e-43  1.45392e-43  1.36129e-44  2.20687e-42  9.31657e-44 -1.36718e-42 -1.87599e-43  3.06914e-43  2.41556e-43  6.40427e-44 -2.42785e-43 -4.38931e-44  2.00314e-43 -8.05195e-45 -1.37573e-43  1.28623e-44  7.85463e-44 -4.83039e-45 -3.68795e-44  1.20436e-45  1.39651e-44  -3.6178e-46 -4.13806e-45  1.08408e-46  9.15803e-46 -2.11519e-47 -1.40134e-46  2.50043e-48  1.27596e-47 -1.64281e-49 -4.43365e-49
-2.13744e-38  4.36727e-34 -1.23551e-37 -3.16165e-34 -4.25613e-38 -1.33074e-34 -6.30315e-37  2.03738e-34 -4.56563e-36  2.71761e-34  5.17643e-36 -3.72936e-34  1.67681e-36  3.26015e-34  1.74078e-36 -8.58286e-35  -4.2103e-37  3.28442e-35  2.30727e-36  4.26551e-35 -5.96663e-37 -3.38981e-35  1.44848e-36  1.63239e-35 -9.40081e-37  1.16678e-36  4.33653e-37 -1.22571e-36  7.04873e-38  2.35327e-36 -3.35988e-38 -1.33646e-36 -2.60989e-38 -3.50657e-37  7.76456e-39   2.3201e-37 -1.52553e-38 -2.35578e-37  4.74539e-39 -6.12311e-38 -1.01815e-38 -1.70466e-38  2.61749e-40  1.24474e-38  -2.0119e-39 -3.41293e-38  3.47097e-40  6.65844e-39 -4.47361e-41 -2.70888e-39 -3.30673e-41  6.20013e-40  1.35695e-41  3.28379e-40  5.25643e-41  2.48145e-40  2.46916e-41 -2.84747e-40  4.54401e-42  8.47662e-41 -1.16582e-42 -4.12162e-41 -9.19533e-43  4.78853e-42  -5.8524e-43 -3.06239e-42 -2.05917e-43 -1.36431e-41 -3.83603e-43  3.08318e-41  -4.4023e-44 -7.24909e-41 -3.65057e-44  1.53977e-40   3.4544e-44 -2.96305e-40 -9.22904e-44  5.18306e-40  1.92584e-43 -8.17992e-40 -3.91968e-43  1.15641e-39  7.43378e-43 -1.44995e-39 -1.30406e-42  1.59149e-39  2.11004e-42 -1.50156e-39 -3.13131e-42  1.18446e-39  4.23392e-42 -7.44309e-40 -5.17178e-42  3.34483e-40   5.6406e-42 -6.89998e-41 -5.39717e-42 -3.47694e-41  4.39723e-42  3.79147e-41 -2.86553e-42 -1.38265e-41   1.2292e-42 -9.80086e-44    7.136e-44  1.95712e-42  -7.8453e-43 -4.85493e-43  9.32189e-43 -1.46876e-43 -7.32506e-43  9.86144e-44  4.36744e-43 -1.75411e-44  -2.0335e-43  2.20672e-45  7.35209e-44 -1.23171e-45 -2.00797e-44  3.98559e-46  3.92822e-45 -5.81658e-47 -4.98042e-46  4.86631e-48  3.24596e-47 -1.94887e-49
-1.14221e-34 -1.23551e-37  9.89493e-34 -3.14616e-37 -5.67426e-34  6.48604e-37 -3.72994e-34 -5.41066e-37  4.39406e-34 -9.07213e-36  3.82637e-34  7.57712e-36 -5.51622e-34  4.66384e-36  6.16877e-34  4.47556e-36 -2.08545e-34 -1.67314e-36  9.89801e-35  4.87507e-36  6.07706e-35 -1.85924e-36 -6.37768e-35  2.95984e-36  4.10336e-35    -1.69e-36 -6.33462e-36   6.2815e-37 -8.07163e-37  1.32604e-37  3.29273e-36 -7.30382e-38 -2.21884e-36 -5.85973e-38 -8.66551e-37 -2.58101e-39  1.60602e-37   -3.521e-38 -3.52411e-37   1.0657e-38 -2.09543e-37 -2.16821e-38 -1.94826e-38   6.4733e-40  3.79439e-38  -4.2233e-39 -6.87378e-38  8.71393e-40  1.33122e-38 -6.16573e-41 -4.45867e-39 -9.63257e-42  2.21001e-39   3.6907e-41  4.61582e-40  1.49578e-40  8.56671e-40  6.26858e-41 -7.45021e-40  1.33771e-41  2.12527e-40 -3.03312e-42 -1.07094e-40  -2.6868e-42 -2.52959e-41 -1.56608e-42  8.80872e-41 -6.43597e-43 -2.87544e-40 -9.56871e-43  6.82383e-40 -2.43641e-44 -1.50654e-39 -2.93061e-43  3.03759e-39  5.74981e-43  -5.5718e-39 -1.36738e-42  9.25466e-39  2.92509e-42 -1.38207e-38 -5.87891e-42  1.83962e-38  1.09842e-41 -2.15774e-38 -1.90093e-41  2.19589e-38  3.03675e-41 -1.89564e-38 -4.45862e-41  1.33823e-38  5.98594e-41 -7.19329e-39 -7.30369e-41  2.40249e-39  8.03766e-41  6.04657e-41 -7.90021e-41 -6.22207e-40  6.84344e-41  3.52731e-40 -5.12242e-41 -5.94017e-41  3.20542e-41 -3.20667e-41 -1.56599e-41  1.86942e-41  4.81259e-42  -1.0924e-42  3.97616e-43 -1.68316e-42 -1.74171e-42  4.16504e-43  1.35569e-42  1.81897e-44 -6.74254e-43 -6.07031e-45  2.38949e-43 -4.07217e-45 -6.02955e-44  1.00391e-45  1.02457e-44  -8.2523e-47 -1.02216e-45  4.88517e-48  3.88091e-47
-7.54087e-38 -3.16165e-34 -3.14616e-37  1.82064e-33 -1.75676e-37 -9.22539e-34  2.51954e-36 -5.08582e-34  1.56984e-36  6.61508e-34 -1.26771e-35  3.27841e-34  6.92554e-36 -6.26811e-34  1.05284e-35  9.39147e-34  8.49358e-36  -3.7942e-34 -4.02269e-36  2.01279e-34    8.269e-36  5.60706e-35 -3.84094e-36 -9.01064e-35  4.66986e-36  7.24491e-35 -2.62003e-36 -1.76085e-35  7.92889e-37  1.96316e-37   1.7986e-37  3.08255e-36 -9.03921e-38 -2.39285e-36 -1.05853e-37 -1.79916e-36 -3.89529e-38 -1.72838e-37 -6.41638e-38 -4.23748e-37  1.96666e-38 -4.32184e-37 -3.73118e-38 -1.16793e-38  6.44625e-40  9.02256e-38 -7.26181e-39 -1.10895e-37  1.75693e-39   2.1643e-38  1.67896e-41 -6.26326e-39  7.18649e-41  5.58456e-39  1.05856e-40  2.80425e-40  3.51976e-40  2.12402e-39  1.29826e-40 -1.57147e-39   3.0566e-41  3.64741e-40 -4.73358e-42 -2.11436e-41 -6.36927e-42 -7.34062e-40 -3.45852e-42  2.00182e-39 -1.45012e-42 -5.12195e-39 -2.16636e-42  1.17567e-38  8.19071e-43 -2.47681e-38 -2.73027e-42    4.761e-38  6.32324e-42  -8.3085e-38 -1.44835e-41  1.30823e-37  3.07077e-41 -1.84404e-37 -6.07496e-41  2.30365e-37  1.11636e-40 -2.51665e-37  -1.8994e-40  2.35954e-37  2.98143e-40 -1.84462e-37 -4.29975e-40  1.14268e-37  5.67045e-40 -4.98831e-38 -6.80062e-40  9.02415e-39   7.3686e-40  6.21518e-39 -7.15574e-40 -5.99773e-39  6.16579e-40  1.98819e-39 -4.65206e-40  1.49972e-40  3.01693e-40 -3.56275e-40 -1.63404e-40  8.87594e-41  7.01317e-41   1.6516e-41 -2.09327e-41 -1.05686e-41   2.0223e-42  3.20022e-43  2.04023e-42  4.64847e-43 -1.47015e-42 -1.94077e-44  5.47337e-43 -1.56559e-44 -1.29007e-43  1.52933e-45  1.85977e-44  -3.4116e-47 -1.33624e-45  3.18382e-48
 1.80835e-35 -4.25613e-38 -5.67426e-34 -1.75676e-37  2.93716e-33  1.57557e-36 -1.45185e-33  4.81872e-36 -4.05493e-34  8.03213e-36  9.10154e-34 -1.29486e-35  3.16013e-35   3.0609e-36 -5.69817e-34  1.93756e-35  1.23268e-33  1.35394e-35 -5.58747e-34  -7.8019e-36  3.24176e-34  1.19197e-35  1.52786e-35 -6.17517e-36 -9.93977e-35  6.20584e-36  1.00558e-34 -3.65817e-36 -2.64671e-35  9.70073e-37  7.14349e-37   1.7454e-37  1.59096e-36 -4.52595e-38 -1.21929e-36 -1.56956e-37 -3.19307e-36  -1.1364e-37 -7.40719e-37 -9.81578e-38 -4.15638e-37   3.1205e-38 -6.65756e-37 -5.56306e-38  1.74727e-38 -1.00317e-39  1.77157e-37 -1.11127e-38 -1.49479e-37  3.09594e-39   3.0186e-38  3.72732e-40 -8.25447e-39  2.29265e-40  1.13993e-38  2.72288e-40 -4.27308e-40  7.10893e-40  4.18421e-39  2.32859e-40 -2.49742e-39  5.77108e-41 -6.67885e-40 -2.69076e-42   3.8603e-39 -1.26054e-41 -1.24136e-38 -6.81255e-42  3.22822e-38 -2.17676e-42 -7.75491e-38 -5.70994e-42  1.70555e-37   7.3278e-42 -3.43104e-37 -1.98488e-41  6.28266e-37  4.78633e-41 -1.04123e-36 -1.09322e-40  1.55086e-36  2.32039e-40 -2.05755e-36 -4.57741e-40  2.40336e-36  8.36367e-40 -2.43256e-36 -1.41085e-39  2.08419e-36  2.18944e-39 -1.45472e-36 -3.11327e-39  7.66278e-37  4.03799e-39 -2.42238e-37 -4.75233e-39 -1.94057e-38  5.04401e-39  7.22897e-38 -4.79279e-39 -3.80954e-38  4.04068e-39  5.18055e-39 -2.98869e-39  4.11899e-39  1.91102e-39 -2.12279e-39 -1.03497e-39  9.40471e-41  4.60225e-40  1.80532e-40 -1.59043e-40 -3.34534e-41  3.74945e-41 -7.38829e-42 -3.02301e-42  2.02125e-42 -1.81673e-42  1.35189e-43  9.08086e-43 -4.28999e-44 -2.06257e-43 -7.94789e-47  2.43276e-44  4.83429e-47 -1.03136e-45
-2.53369e-37 -1.33074e-34  6.48604e-37 -9.22539e-34  1.57557e-36  4.24867e-33  6.98531e-36 -2.13708e-33  4.88857e-36 -1.22471e-34  2.11486e-35  1.28647e-33 -9.46843e-36 -4.74397e-34 -1.07792e-36 -3.97683e-34  2.97636e-35  1.44295e-33  1.93385e-35 -7.08223e-34 -1.32474e-35  4.51826e-34  1.50824e-35 -6.62463e-35 -8.23053e-36  -7.9473e-35  7.35025e-36  1.13279e-34  -4.6379e-36 -2.49783e-35  1.21383e-36 -5.11585e-37  8.78042e-38 -5.08363e-37  7.41526e-38  1.58473e-36 -1.94752e-37 -4.90421e-36 -2.30406e-37 -1.36016e-36 -1.30549e-37 -2.88958e-37  4.32571e-38 -8.21137e-37 -7.55446e-38  9.04043e-38 -6.40102e-39  2.99364e-37 -1.59526e-38 -1.69267e-37  4.98619e-39  3.74203e-38  1.30128e-39 -1.07286e-38  4.79814e-40  1.98112e-38  5.98889e-40 -1.22296e-39  1.25727e-39  5.43134e-39  3.73018e-40  2.32675e-39  9.39939e-41 -2.13693e-38  9.71608e-42  6.50974e-38 -2.13281e-41 -1.78814e-37 -1.16306e-41  4.46284e-37 -3.21198e-42 -1.02465e-36 -1.21522e-41  2.15498e-36  2.63163e-41 -4.13523e-36 -8.00224e-41  7.20237e-36  2.16779e-40 -1.13137e-35 -5.35954e-40  1.59008e-35  1.20644e-39 -1.97913e-35 -2.48024e-39  2.15192e-35  4.65806e-39 -2.00473e-35 -7.98614e-39  1.55286e-35  1.24789e-38 -9.47605e-36 -1.77268e-38  4.00697e-36  2.28153e-38    -6.09e-37 -2.64907e-38  -5.9499e-37  2.75989e-38  5.16477e-37 -2.56292e-38 -1.57113e-37  2.10396e-38 -2.06209e-38 -1.51112e-38  3.17672e-38   9.3701e-39 -6.97513e-39 -4.92806e-39 -1.70901e-39  2.14421e-39  8.88774e-40 -7.42684e-40  8.34162e-42  1.90969e-40 -4.80919e-41 -3.05465e-41  2.78324e-42  6.15596e-43  9.80011e-43  1.04256e-42 -4.40762e-44 -2.49493e-43  -5.4132e-45  2.25128e-44 -6.20971e-48
 2.90066e-35 -6.30315e-37 -3.72994e-34  2.51954e-36 -1.45185e-33  6.98531e-36  5.57199e-33  1.79272e-35 -2.85663e-33 -2.38166e-37  1.45317e-34  4.21471e-35  1.83078e-33 -4.46372e-36 -1.07158e-33 -1.45432e-36 -1.45826e-34  3.89674e-35  1.53174e-33  2.54861e-35 -8.11996e-34 -2.02103e-35  5.73389e-34  1.70507e-35 -1.81561e-34 -9.23339e-36 -2.28888e-35  8.07846e-36  1.01125e-34 -5.32213e-36 -7.26846e-36  1.54518e-36 -3.85876e-36 -9.19585e-38 -2.05965e-36  2.35441e-37   5.9232e-36 -2.09979e-37 -6.55954e-36 -3.80896e-37 -1.71872e-36 -1.54596e-37 -1.33012e-39  5.19856e-38  -8.2387e-37 -9.75979e-38  2.40064e-37 -1.82878e-38  4.50219e-37 -2.21458e-38 -1.55731e-37  7.50173e-39  4.26441e-38  3.16908e-39 -1.33683e-38  8.45671e-40  2.84792e-38  1.13458e-39  5.43322e-39  1.97153e-39 -1.96283e-38  5.42477e-40  9.58282e-38  1.36261e-40 -3.11594e-37  4.42387e-41  8.79993e-37 -4.00999e-41 -2.29098e-36  7.56853e-42  5.48279e-36 -6.69696e-41 -1.20451e-35  1.17291e-40  2.41939e-35  -2.1726e-40 -4.42229e-35  2.96745e-40  7.31341e-35 -1.88438e-40 -1.08646e-34 -5.45133e-40  1.43674e-34   2.7605e-39 -1.67128e-34 -7.82284e-39  1.68237e-34  1.74296e-38 -1.43048e-34 -3.30033e-38  9.86863e-35  5.46597e-38  -5.0885e-35 -8.01523e-38  1.51127e-35  1.04553e-37  2.20621e-36 -1.21379e-37 -5.22398e-36  1.25115e-37  2.56863e-36 -1.13973e-37 -2.69485e-37  9.11209e-38 -3.15533e-37  -6.3342e-38  1.44584e-37  3.78116e-38 -1.55669e-39  -1.9064e-38  -1.3549e-38  7.93484e-39   2.1162e-39 -2.63713e-39  6.02211e-40  6.63121e-40 -1.40562e-40 -1.13456e-40 -1.06438e-41  9.44094e-42  2.51155e-42  6.36889e-43   1.0771e-43 -2.25844e-43 -8.15318e-45  1.31669e-44
-1.40083e-36  2.03738e-34 -5.41066e-37 -5.08582e-34  4.81872e-36 -2.13708e-33  1.79272e-35  6.74204e-33  3.48189e-35 -3.44932e-33 -1.06057e-35  2.31793e-34  7.03285e-35  2.46729e-33 -1.26705e-36 -1.62563e-33  4.03609e-36  1.53439e-34  4.39931e-35  1.48787e-33  3.11247e-35 -8.77927e-34 -2.78559e-35   6.8082e-34  1.73171e-35 -3.13261e-34 -8.42227e-36  7.04317e-35  8.47724e-36  6.17016e-35  -5.5033e-36  2.71433e-35  1.92739e-36 -8.10643e-36 -3.65068e-37 -1.95974e-36  3.79385e-37  1.14901e-35 -2.16024e-37 -7.59586e-36 -5.47823e-37 -1.45139e-36 -1.65955e-37  4.81889e-37  5.17122e-38 -6.49608e-37 -1.24455e-37   5.0036e-37 -3.92769e-38  6.20129e-37 -3.00379e-38 -1.00179e-37  1.06016e-38  4.50492e-38  6.30895e-39  -8.7316e-39   1.3466e-39  8.61615e-39   1.8849e-39  1.20124e-37  2.75794e-39 -4.08812e-37  7.24625e-40  1.33438e-36  1.67056e-40 -3.93012e-36  1.61405e-40  1.06305e-35 -2.14816e-40  -2.6514e-35  4.45564e-40   6.0787e-35 -1.15155e-39 -1.27673e-34  2.53153e-39  2.44598e-34 -5.15084e-39 -4.25197e-34  9.44765e-39  6.66348e-34 -1.53873e-38  -9.3382e-34   2.1526e-38  1.15808e-33 -2.38718e-38 -1.25325e-33  1.51368e-38  1.16006e-33  1.44367e-38  -8.9021e-34 -7.36436e-38  5.34854e-34  1.64501e-37 -2.18534e-34 -2.76592e-37  2.62403e-35  3.85893e-37    3.816e-35 -4.61443e-37  -3.0192e-35  4.78538e-37  8.38211e-36 -4.31475e-37   1.6357e-36  3.37252e-37 -1.90602e-36 -2.26893e-37  3.60569e-37  1.29932e-37   1.2036e-37 -6.23401e-38 -5.24423e-38  2.45097e-38 -1.70065e-39  -7.6476e-39  2.90187e-39  1.80236e-39 -1.09846e-40 -2.93988e-40  -6.1733e-41   2.7014e-41  1.51967e-42 -3.01535e-43  4.09953e-43 -1.47295e-43 -5.10037e-46
 1.19568e-34 -4.56563e-36  4.39406e-34  1.56984e-36 -4.05493e-34  4.88857e-36 -2.85663e-33  3.48189e-35  7.68772e-33  5.58539e-35 -3.80398e-33 -2.14105e-35  1.16121e-34  1.02681e-34  3.04254e-33 -2.21195e-36 -2.04493e-33  1.42156e-35  4.69937e-34  4.28447e-35  1.33431e-33  3.47584e-35 -9.25911e-34 -3.46336e-35   7.6664e-34   1.5704e-35 -4.38801e-34 -5.27951e-36  1.91665e-34  8.66173e-36  2.08088e-36 -5.11484e-36   7.2276e-35  2.26957e-36 -1.06205e-35 -7.33636e-37  4.25858e-37  4.56284e-37   1.7952e-35 -2.52562e-37 -7.37188e-36  -7.1347e-37 -2.62037e-37  -1.6384e-37  1.17894e-36  3.55632e-38 -3.39424e-37 -1.60197e-37   8.9177e-37 -7.05866e-38  8.00671e-37 -3.96668e-38  1.93527e-39  1.39916e-38  2.29349e-38   1.0888e-38  1.00011e-37  1.97565e-39 -4.02172e-37  2.79794e-39  1.60428e-36  3.42251e-39 -5.25514e-36  9.44046e-40  1.60253e-35 -1.28053e-41 -4.50986e-35  9.67341e-40  1.17098e-34 -2.19439e-39 -2.79959e-34  5.52628e-39  6.14264e-34 -1.32638e-38 -1.23203e-33  2.92118e-38  2.24805e-33 -5.93954e-38 -3.70993e-33  1.10767e-37  5.49718e-33 -1.88156e-37 -7.24622e-33  2.88085e-37  8.39454e-33 -3.90875e-37 -8.40416e-33  4.55428e-37  7.09109e-33 -4.23814e-37   -4.834e-33  2.41224e-37  2.43729e-33  1.11561e-37 -6.74328e-34  -5.8895e-37  -1.5193e-34  1.07775e-36  2.71094e-34 -1.43459e-36  -1.2451e-34  1.55106e-36   8.9429e-36 -1.40854e-36  1.72299e-35  1.08501e-36 -7.06459e-36 -7.08194e-37 -1.77508e-37  3.88459e-37  7.27088e-37 -1.76469e-37 -9.52222e-38  6.49469e-38  -3.3881e-38 -1.87451e-38  6.61012e-39  4.03589e-39  7.16127e-40 -5.95391e-40 -1.24704e-40  5.03863e-41 -7.49035e-42 -1.24898e-42  4.40586e-43 -6.21624e-44
 2.07319e-36  2.71761e-34 -9.07213e-36  6.61508e-34  8.03213e-36 -1.22471e-34 -2.38166e-37 -3.44932e-33  5.58539e-35  8.41346e-33  7.72848e-35 -3.91779e-33 -2.48346e-35  -8.3649e-35  1.34239e-34  3.40337e-33 -7.82721e-36  -2.2928e-33  2.57093e-35   7.6204e-34  3.54493e-35  1.12338e-33  3.45468e-35 -9.75794e-34 -3.86811e-35   8.2494e-34  1.24593e-35 -5.37316e-34  2.06846e-37  3.23217e-34  8.73637e-36  -6.2331e-35 -4.27887e-36  1.17558e-34  2.45078e-36  -8.4245e-36  -1.2076e-36   5.1426e-36   4.5476e-37  2.49919e-35 -3.72991e-37 -5.32386e-36 -8.68312e-37  1.93506e-36 -1.50904e-37  2.09005e-36 -3.22677e-39  8.03567e-39 -2.08658e-37  1.41246e-36 -1.10642e-37  9.72205e-37 -5.05734e-38  2.15654e-37  1.70048e-38 -3.29433e-37  1.68216e-38  1.51407e-36  2.65476e-39 -5.55602e-36   3.8198e-39  1.91026e-35  3.53124e-39 -6.02722e-35  1.78494e-39  1.76241e-34 -2.35912e-39 -4.76219e-34  8.05393e-39  1.18637e-33 -2.08205e-38 -2.71691e-33  5.19477e-38  5.69888e-33 -1.20763e-37 -1.09009e-32  2.60194e-37  1.89139e-32 -5.18716e-37 -2.95729e-32  9.53148e-37  4.13257e-32  -1.6066e-36 -5.10661e-32  2.46826e-36  5.50034e-32  -3.4252e-36  -5.0587e-32  4.23524e-36  3.84527e-32 -4.56059e-36  -2.2735e-32  4.08622e-36  8.95169e-33 -2.69439e-36 -7.58625e-34  6.02171e-37 -1.81935e-33  1.65111e-36  1.32487e-33 -3.40957e-36 -3.32623e-34  4.20668e-36 -9.07081e-35 -3.98251e-36  8.57533e-35  3.06695e-36 -1.37345e-35 -1.95192e-36 -6.15058e-36  1.02529e-36  2.29706e-36  -4.3921e-37  1.34702e-37  1.50136e-37 -1.31153e-37 -3.95784e-38  2.09138e-39  7.62546e-39  2.99397e-39 -9.79814e-40 -3.59587e-41  6.97036e-41 -2.00872e-41 -1.52445e-42 -1.28323e-44
-1.68189e-34  5.17643e-36  3.82637e-34 -1.26771e-35  9.10154e-34  2.11486e-35  1.45317e-34 -1.06057e-35 -3.80398e-33  7.72848e-35  8.95347e-33  9.47245e-35  -3.8908e-33 -1.49106e-35 -1.99618e-34  1.59355e-34   3.4571e-33 -1.75392e-35 -2.36554e-33  3.49977e-35  9.73114e-34  2.38099e-35  9.18192e-34  2.90526e-35  -1.0415e-33 -3.85278e-35   8.5282e-34  8.25222e-36 -5.94577e-34  7.39934e-36   4.4127e-34   8.7717e-36 -1.12339e-34 -3.26509e-36  1.51774e-34  2.35333e-36  3.81718e-37  -1.7951e-36  1.17988e-35  4.06125e-37  3.21874e-35 -6.21215e-37 -1.12869e-36 -1.01465e-36  4.90588e-36  -1.3276e-37  3.19843e-36 -6.98179e-38  2.54604e-37 -2.71411e-37  2.07508e-36 -1.54151e-37   9.2047e-37 -6.18212e-38  1.45006e-36   1.8584e-38 -4.72303e-36  2.38166e-38  1.81807e-35  3.08579e-39 -6.41417e-35  5.35011e-39  2.10322e-34  1.06994e-39 -6.38691e-34  8.69962e-39   1.7948e-33 -2.31317e-38 -4.65611e-33  6.61162e-38  1.11204e-32 -1.70742e-37 -2.43704e-32  4.13788e-37  4.88104e-32 -9.33397e-37 -8.89123e-32  1.95543e-36   1.4643e-31 -3.79536e-36 -2.16425e-31  6.80309e-36  2.84384e-31 -1.12171e-35 -3.28111e-31  1.69275e-35    3.267e-31 -2.32262e-35 -2.73529e-31  2.87149e-35  1.84206e-31 -3.15655e-35 -9.07157e-32  3.01956e-35  2.31344e-32 -2.41304e-35  7.47113e-33   1.4551e-35  -1.0891e-32 -4.04677e-36  4.67302e-33 -4.46709e-36 -1.68671e-34  9.09246e-36 -7.24686e-34 -9.70446e-36  2.67028e-34  7.66399e-36  1.68619e-35 -4.79573e-36 -2.99282e-35    2.414e-36  3.17176e-36 -9.71356e-37  1.47962e-36  3.06001e-37 -2.39679e-37 -7.27563e-38  -3.5194e-38  1.22916e-38   4.8121e-39 -1.32666e-39  3.61655e-40  7.31086e-41  -1.6954e-41 -9.72933e-43
  5.0004e-37 -3.72936e-34  7.57712e-36  3.27841e-34 -1.29486e-35  1.28647e-33  4.21471e-35  2.31793e-34 -2.14105e-35 -3.91779e-33  9.47245e-35  9.35384e-33  1.04924e-34 -3.86738e-33  8.05373e-36 -1.04097e-34  1.73445e-34  3.19177e-33 -3.06404e-35 -2.26661e-33  3.96228e-35  1.04785e-33  1.13083e-35   7.6923e-34  1.80077e-35 -1.13031e-33 -3.37223e-35  8.49278e-34  4.03002e-36 -6.04729e-34  1.51124e-35  5.20929e-34  8.76893e-36 -1.31209e-34  -2.3902e-36  1.67215e-34  1.89705e-36  1.55668e-35 -2.48177e-36  1.98302e-35  3.65683e-37  3.88401e-35 -1.01012e-36  5.16004e-36 -1.16368e-36  8.08059e-36 -1.17915e-37  4.48549e-36  -1.6672e-37   1.5525e-37 -3.46151e-37  3.39878e-36 -1.92163e-37 -1.92451e-36 -7.21911e-38  1.44263e-35  1.73737e-38  -5.4917e-35  3.17465e-38  2.01235e-34  1.76443e-39 -6.84031e-34  1.15724e-38  2.15746e-33 -1.80075e-38  -6.3019e-33  6.35754e-38  1.70137e-32 -1.81546e-37 -4.23463e-32  4.91575e-37  9.68728e-32 -1.23611e-36 -2.02938e-31  2.90258e-36  3.87592e-31 -6.34613e-36 -6.71266e-31  1.28932e-35  1.04721e-30 -2.42819e-35 -1.45931e-30  4.22648e-35  1.79687e-30 -6.77463e-35 -1.92639e-30  9.95574e-35  1.76034e-30 -1.33387e-34 -1.32529e-30  1.61749e-34   7.7068e-31 -1.75772e-34 -2.91529e-31  1.68715e-34  1.32188e-32 -1.39726e-34  6.84657e-32  9.54806e-35 -4.62253e-32 -4.80356e-35  1.03687e-32  9.56245e-36  3.82983e-33  1.29847e-35 -3.06274e-33 -1.99673e-35  4.03958e-34  1.69706e-35  2.44532e-34 -1.05766e-35 -7.91533e-35  5.10894e-36 -7.07907e-36 -1.92283e-36  4.73179e-36  5.53437e-37  2.41787e-38 -1.17042e-37 -1.13869e-37  1.69474e-38  9.74539e-41 -1.47237e-39  7.58933e-40  5.63485e-41  2.57361e-42
 1.17207e-34  1.67681e-36 -5.51622e-34  6.92554e-36  3.16013e-35 -9.46843e-36  1.83078e-33  7.03285e-35  1.16121e-34 -2.48346e-35  -3.8908e-33  1.04924e-34   9.6725e-33   1.0713e-34 -3.96504e-33  3.67258e-35  2.49799e-34  1.74263e-34  2.66347e-33 -4.64632e-35 -1.99666e-33   3.8063e-35  9.57667e-34   1.4985e-36  6.97889e-34  2.60438e-36 -1.24342e-33  -2.5036e-35  8.12539e-34  7.75122e-37 -5.69543e-34  2.19504e-35  5.42904e-34  8.62476e-36 -1.10131e-34 -1.90663e-36  1.62227e-34  1.06903e-36    3.457e-35 -3.21332e-36  2.86956e-35  3.83845e-37  4.39271e-35 -1.51279e-36  1.30425e-35 -1.32874e-36  1.06306e-35 -1.18148e-37  6.16968e-36 -2.93557e-37 -1.82269e-36 -4.26035e-37  1.20345e-35 -2.13311e-37 -3.66399e-35  -8.0314e-38  1.56396e-34  1.15039e-38 -5.90774e-34  4.27846e-38  2.08365e-33 -1.10807e-38 -6.82179e-33  5.37489e-38   2.0704e-32 -1.51717e-37 -5.81373e-32  4.53374e-37  1.50695e-31 -1.26514e-36 -3.59562e-31  3.30376e-36   7.8708e-31 -8.05066e-36 -1.57426e-30  1.83034e-35  2.86293e-30 -3.87495e-35 -4.70555e-30  7.62352e-35  6.93771e-30 -1.39041e-34 -9.08788e-30   2.3441e-34  1.04431e-29 -3.64041e-34 -1.03419e-29  5.18621e-34  8.59157e-30 -6.74284e-34 -5.71437e-30  7.94909e-34  2.74536e-30 -8.42574e-34 -6.36625e-31  7.93753e-34 -2.84295e-31 -6.53298e-34  3.54684e-31    4.566e-34 -1.42082e-31 -2.55959e-34  -3.9849e-34  9.76587e-35  2.45933e-32 -3.45882e-36 -8.15751e-33 -3.27033e-35 -8.55015e-34  3.32467e-35  9.93013e-34 -2.10495e-35 -8.05144e-35  9.77468e-36  -5.2286e-35 -3.42304e-36  6.99256e-36  8.90994e-37  1.34335e-36 -1.64852e-37 -1.47964e-37  1.98904e-38 -1.37149e-38 -1.31176e-39  5.06005e-40   2.8119e-41
 3.54272e-37  3.26015e-34  4.66384e-36 -6.26811e-34   3.0609e-36 -4.74397e-34 -4.46372e-36  2.46729e-33  1.02681e-34  -8.3649e-35 -1.49106e-35 -3.86738e-33   1.0713e-34  9.97354e-33    1.032e-34 -4.22694e-33  6.00755e-35  8.37179e-34  1.62004e-34  1.96916e-33 -6.39002e-35 -1.56012e-33   2.9125e-35   7.1704e-34 -3.03884e-36   6.9396e-34 -1.48433e-35 -1.37574e-33 -1.41508e-35  7.39155e-34 -7.36465e-37 -4.96697e-34  2.67396e-35  4.99392e-34  8.13117e-36 -5.08594e-35 -1.91508e-36   1.4119e-34 -5.70937e-38  5.32162e-35 -3.89547e-36  3.79081e-35  4.80125e-37  4.62761e-35 -2.06972e-36  2.16844e-35 -1.51991e-36  1.11517e-35  -1.4879e-37  1.15782e-35 -4.47513e-37  -2.2216e-35 -5.00172e-37  1.02049e-34 -2.06126e-37 -4.12995e-34 -8.38385e-38  1.63172e-33 -4.84647e-39 -5.96442e-33  7.53115e-38  2.02653e-32 -1.00698e-37  -6.3877e-32  3.40828e-37  1.86466e-31 -1.03205e-36 -5.03038e-31  2.96861e-36  1.25095e-30 -8.01981e-36 -2.85876e-30  2.02574e-35  5.98144e-30 -4.77856e-35 -1.14072e-29  1.05138e-34  1.97208e-29 -2.15374e-34 -3.06981e-29  4.09913e-34   4.2662e-29 -7.23089e-34 -5.23472e-29   1.1788e-33  5.58619e-29  -1.7699e-33 -5.07195e-29   2.4375e-33  3.78151e-29 -3.06395e-33 -2.16167e-29  3.49387e-33  7.82843e-30 -3.58643e-33 -8.03837e-33  3.28031e-33 -2.11425e-30 -2.63551e-33  1.33084e-30  1.81987e-33 -2.62403e-31 -1.03942e-33 -1.29626e-31  4.50607e-34  9.00853e-32 -1.06751e-34 -9.34285e-33 -3.40887e-35 -7.91279e-33  5.72485e-35  2.23151e-33 -3.79699e-35   2.7891e-34  1.69779e-35 -1.40861e-34 -5.49411e-36 -3.62871e-36  1.27696e-36   3.5274e-36 -2.02459e-37  3.61098e-38  1.95996e-38 -2.33694e-38 -8.91814e-40 -1.54376e-40
-2.40274e-35  1.74078e-36  6.16877e-34  1.05284e-35 -5.69817e-34 -1.07792e-36 -1.07158e-33 -1.26705e-36  3.04254e-33  1.34239e-34 -1.99618e-34  8.05373e-36 -3.96504e-33    1.032e-34  1.03128e-32  9.62924e-35 -4.60987e-33   6.8371e-35  1.59393e-33  1.38413e-34  1.22016e-33 -8.11469e-35 -9.78711e-34  1.18663e-35  3.80502e-34 -1.31934e-36   7.2618e-34 -3.16118e-35 -1.51577e-33 -3.02356e-36  6.26444e-34 -9.60439e-38  -3.9792e-34  2.88671e-35  3.96705e-34  7.03268e-36  3.52426e-35 -2.31589e-36   1.1222e-34 -1.32006e-36  6.69997e-35 -4.41524e-36  4.69586e-35  6.27433e-37    4.476e-35 -2.60681e-36  3.12334e-35 -1.74366e-36  1.53732e-36 -2.28136e-37   5.8947e-35  -6.2406e-37 -2.39321e-34 -5.54754e-37  1.04563e-33 -1.63087e-37 -4.24232e-33 -7.26275e-38   1.6096e-32 -6.63965e-38 -5.67328e-32  2.52392e-37  1.85652e-31 -6.79059e-37 -5.63124e-31  2.15661e-36  1.58021e-30 -6.41257e-36 -4.09279e-30  1.78854e-35  9.75645e-30 -4.67573e-35 -2.13334e-29  1.14289e-34  4.26132e-29 -2.60878e-34 -7.73731e-29  5.55257e-34  1.26925e-28 -1.09997e-33 -1.86685e-28   2.0238e-33  2.43801e-28 -3.44957e-33 -2.79049e-28  5.43128e-33  2.74861e-28 -7.87189e-33 -2.26564e-28  1.04597e-32  1.48791e-28 -1.26794e-32 -6.96452e-29  1.39388e-32  1.44239e-29 -1.37937e-32  8.78053e-30  1.21707e-32 -9.65893e-30 -9.45241e-33  3.60722e-30  6.34261e-33  1.64531e-31 -3.56779e-33 -6.95131e-31  1.58647e-33  2.07403e-31 -4.73634e-34  3.14815e-32  1.65246e-35 -2.74526e-32  8.53932e-35  1.54406e-33 -6.23287e-35  1.53733e-33  2.68517e-35  -1.6772e-34 -7.95412e-36 -4.17772e-35  1.62411e-36  3.71817e-36  -2.1471e-37  4.28448e-37  1.57719e-38 -1.21615e-38 -4.03154e-40
 4.45388e-38 -8.58286e-35  4.47556e-36  9.39147e-34  1.93756e-35 -3.97683e-34 -1.45432e-36 -1.62563e-33 -2.21195e-36  3.40337e-33  1.59355e-34 -1.04097e-34  3.67258e-35 -4.22694e-33  9.62924e-35  1.07229e-32  8.88481e-35 -5.00197e-33  5.67719e-35  2.44837e-33  1.05737e-34  5.22861e-34  -9.6159e-35 -3.01018e-34 -1.37398e-35  2.32062e-35  6.06157e-36  7.59028e-34 -4.52659e-35 -1.64655e-33   6.7526e-36  4.76545e-34  2.68251e-36 -2.87099e-34  2.84029e-35  2.53466e-34  5.13175e-36  1.31009e-34 -2.80431e-36  8.37843e-35 -2.49477e-36  7.23647e-35  -4.6748e-36  5.55973e-35  7.49217e-37  3.62943e-35  -3.0545e-36  5.65625e-35 -2.00749e-36 -1.02384e-34 -3.75091e-37  5.54197e-34 -8.18039e-37 -2.47424e-33 -5.72315e-37  1.04457e-32 -9.38005e-38 -4.10457e-32  1.43082e-38  1.50071e-31 -3.91354e-37 -5.09662e-31  1.32554e-36  1.60565e-30 -4.16807e-36 -4.68432e-30  1.28056e-35  1.26283e-29 -3.69352e-35 -3.13777e-29  9.98038e-35  7.16361e-29  -2.5251e-34  -1.4971e-28  5.97247e-34  2.85108e-28 -1.31884e-33  -4.9205e-28  2.71452e-33  7.64324e-28 -5.19793e-33 -1.05938e-27  9.23933e-33  1.29544e-27 -1.52056e-32 -1.37613e-27  2.30997e-32  1.24147e-27 -3.22793e-32 -9.16571e-28  4.13188e-32  5.14764e-28 -4.82095e-32 -1.77757e-28  5.09672e-32 -8.75853e-30  -4.8466e-32  5.50525e-29   4.1072e-32 -3.24451e-29 -3.06419e-32   5.4969e-30  1.97853e-32  3.64101e-30  -1.0772e-32 -2.23937e-30   4.7204e-33  1.68248e-31 -1.49303e-33  2.14766e-31  2.05958e-34 -5.28408e-32  1.06989e-34 -8.77729e-33 -9.35091e-35  3.54095e-33  3.87374e-35  1.65669e-34 -1.03683e-35 -9.16317e-35  1.82042e-36  -1.9938e-36 -1.93178e-37   6.0572e-37  9.79899e-39  6.08294e-39
 5.38598e-36  -4.2103e-37 -2.08545e-34  8.49358e-36  1.23268e-33  2.97636e-35 -1.45826e-34  4.03609e-36 -2.04493e-33 -7.82721e-36   3.4571e-33  1.73445e-34  2.49799e-34  6.00755e-35 -4.60987e-33  8.88481e-35  1.12067e-32  8.10145e-35 -5.25988e-33  2.59658e-35   3.3397e-33  6.62679e-35 -3.41177e-35 -1.07476e-34  3.98293e-34 -4.59972e-35 -2.84007e-34  1.73761e-35  7.67524e-34 -5.40958e-35 -1.74833e-33  1.43303e-35  2.98918e-34  7.19541e-36  -1.7817e-34  2.59869e-35  9.51721e-35  2.40515e-36  2.18463e-34 -2.91263e-36  6.18339e-35 -3.34178e-36  6.68906e-35 -4.62095e-36  6.85372e-35  7.29932e-37 -1.10289e-35 -3.35982e-36  2.71964e-34 -2.32644e-36 -1.17628e-33  -6.0367e-37  5.56931e-33 -1.02797e-36 -2.43386e-32 -5.16295e-37   9.9171e-32 -9.42707e-38 -3.75942e-31  5.41653e-37  1.32466e-30 -2.26245e-36 -4.33284e-30  7.55541e-36  1.31355e-29 -2.38286e-35  -3.6837e-29  7.09552e-35  9.53381e-29 -1.98201e-34 -2.27069e-28  5.18576e-34  4.95987e-28 -1.26977e-33 -9.89487e-28  2.90581e-33  1.79389e-27 -6.20598e-33 -2.93726e-27  1.23486e-32  4.31016e-27 -2.28466e-32 -5.61218e-27  3.92123e-32  6.39863e-27 -6.22667e-32 -6.26908e-27   9.1194e-32  5.12728e-27 -1.22737e-31 -3.32402e-27  1.51157e-31  1.51374e-27 -1.69485e-31 -2.73173e-28   1.7197e-31 -2.27193e-28 -1.56741e-31  2.24927e-28  1.27147e-31 -7.81321e-29 -9.07027e-32 -7.29084e-30  5.59811e-32  1.67461e-29 -2.91819e-32 -4.48088e-30  1.23396e-32 -9.23121e-31 -3.88745e-33  6.47192e-31  6.79481e-34 -2.02561e-32  1.04395e-34 -3.84327e-32 -1.28878e-34   3.3417e-33  5.09966e-35    1.093e-33 -1.21141e-35 -7.76758e-35  1.77674e-36 -1.13299e-35  -1.4293e-37  2.39068e-37  4.07486e-39
 7.66531e-37  3.28442e-35 -1.67314e-36  -3.7942e-34  1.35394e-35  1.44295e-33  3.89674e-35  1.53439e-34  1.42156e-35  -2.2928e-33 -1.75392e-35  3.19177e-33  1.74263e-34  8.37179e-34   6.8371e-35 -5.00197e-33  8.10145e-35   1.1743e-32  7.03492e-35 -5.25443e-33 -1.95817e-35  4.22056e-33  2.25439e-35 -3.90147e-34 -1.14691e-34   1.0305e-33 -8.12858e-35  -4.9364e-34  3.03254e-35  7.44387e-34 -5.72662e-35 -1.80206e-33  1.96424e-35  1.09418e-34   1.2742e-35 -8.29344e-35  2.25618e-35 -5.25627e-35 -9.17679e-37  2.83012e-34 -2.09585e-36  4.96715e-35 -3.67389e-36    4.092e-35 -4.25439e-36  1.47218e-34  4.37999e-37 -4.42918e-34 -3.48809e-36   2.4731e-33 -2.72773e-36 -1.18667e-32 -9.10108e-37  5.38515e-32 -1.28114e-36 -2.27393e-31 -2.30955e-37  8.93715e-31  -7.3425e-37 -3.26628e-30  3.56693e-36  1.10884e-29 -1.27061e-35 -3.49167e-29  4.14873e-35  1.01809e-28 -1.27479e-34 -2.74281e-28  3.67751e-34   6.8098e-28 -9.94639e-34 -1.55325e-27  2.51931e-33  3.24246e-27 -5.96966e-33 -6.16665e-27  1.32157e-32  1.06251e-26 -2.72923e-32 -1.64709e-26  5.24831e-32  2.27705e-26 -9.37828e-32 -2.77518e-26  1.55346e-31  2.93485e-26  -2.3787e-31 -2.63087e-26  3.35605e-31  1.92325e-26 -4.34639e-31  -1.0606e-26  5.14421e-31    3.476e-27 -5.53522e-31  3.71762e-28  5.38106e-31 -1.23325e-27 -4.69066e-31  6.82675e-28  3.63207e-31  -9.6138e-29 -2.46834e-31 -8.69945e-29   1.4487e-31  4.79588e-29 -7.17461e-32 -2.19498e-30  2.88828e-32 -4.99557e-30 -8.78362e-33  1.07022e-30  1.62473e-33  2.29502e-31   5.9357e-35 -7.65039e-32 -1.64223e-34 -5.27359e-33  6.11839e-35   2.0396e-33 -1.25867e-35  6.91625e-35  1.48054e-36 -1.34869e-35 -8.19388e-38 -1.83952e-37
   1.847e-35  2.30727e-36  9.89801e-35 -4.02269e-36 -5.58747e-34  1.93385e-35  1.53174e-33  4.39931e-35  4.69937e-34  2.57093e-35 -2.36554e-33 -3.06404e-35  2.66347e-33  1.62004e-34  1.59393e-33  5.67719e-35 -5.25988e-33  7.03492e-35  1.23028e-32  5.29025e-35 -4.91104e-33 -7.40358e-35  5.04757e-33 -2.22187e-35 -5.21301e-34 -1.18208e-34  1.51199e-33 -1.14763e-34 -5.88443e-34  4.24976e-35  6.98491e-34 -5.47635e-35 -1.79314e-33  2.31594e-35   -7.348e-35  1.84565e-35  -9.2601e-36  1.90695e-35 -1.69335e-34 -4.35472e-36  3.13753e-34  1.54936e-37  6.34796e-35 -3.42145e-36 -1.16311e-34 -3.61295e-36  9.44719e-34 -2.42723e-37 -4.76111e-33 -3.41577e-36  2.41312e-32 -3.25621e-36  -1.1327e-31 -1.23041e-36  4.95753e-31 -1.77582e-36 -2.01968e-30  1.11552e-36  7.65441e-30 -5.11694e-36 -2.69612e-29  1.99856e-35  8.81505e-29 -6.77376e-35 -2.67106e-28  2.14831e-34  7.48631e-28 -6.39948e-34  -1.9362e-27  1.78806e-33  4.60768e-27 -4.68239e-33 -1.00546e-26  1.14803e-32   2.0035e-26 -2.63228e-32 -3.62698e-26  5.63646e-32  5.92812e-26  -1.1253e-31 -8.67951e-26   2.0907e-31   1.1269e-25 -3.60688e-31 -1.27994e-25  5.76347e-31  1.24746e-25 -8.50504e-31 -1.01232e-25  1.15515e-30  6.47728e-26 -1.43831e-30 -2.86551e-26  1.63427e-30  4.34778e-27 -1.68536e-30  5.03717e-27  1.56729e-30  -4.5551e-27 -1.30406e-30  1.46698e-27  9.61461e-31   2.1595e-28 -6.20458e-31 -3.49902e-28  3.44782e-31  8.35173e-29 -1.61212e-31  2.25547e-29  6.11728e-32 -1.32358e-29 -1.76054e-32  7.89851e-32  3.20515e-33  8.31186e-31 -3.40812e-35 -5.52507e-32 -1.94896e-34 -2.45972e-32  6.66558e-35  1.35968e-33 -1.14833e-35  2.58311e-34  1.01916e-36 -3.80959e-36 -3.14315e-38
-6.71173e-38  4.26551e-35  4.87507e-36  2.01279e-34  -7.8019e-36 -7.08223e-34  2.54861e-35  1.48787e-33  4.28447e-35   7.6204e-34  3.49977e-35 -2.26661e-33 -4.64632e-35  1.96916e-33  1.38413e-34  2.44837e-33  2.59658e-35 -5.25443e-33  5.29025e-35  1.28645e-32  2.50958e-35 -4.23116e-33 -1.31783e-34  5.76856e-33  -6.3999e-35 -4.45009e-34 -1.18583e-34  1.78409e-33 -1.41691e-34 -5.76725e-34  5.16819e-35  6.47398e-34 -4.72314e-35 -1.71457e-33  2.55259e-35 -2.33131e-34  2.34593e-35  3.93534e-35  1.62161e-35  -2.3926e-34 -7.26252e-36  2.78622e-34  4.20073e-36  2.95463e-34 -2.67337e-36 -1.57367e-33 -2.73649e-36  8.97089e-33 -1.38216e-36 -4.65944e-32 -3.11404e-36  2.26959e-31  -4.0103e-36 -1.02918e-30 -1.24613e-36  4.34564e-30 -3.63872e-36 -1.70753e-29   7.9097e-36  6.23864e-29 -2.91607e-35 -2.11712e-28  1.03983e-34  6.66376e-28 -3.40597e-34 -1.94199e-27  1.04711e-33  5.22868e-27 -3.02153e-33 -1.29722e-26  8.17615e-33  2.95627e-26 -2.07301e-32 -6.16485e-26  4.91952e-32  1.17097e-25 -1.09137e-31 -2.01442e-25  2.26001e-31  3.11664e-25 -4.36102e-31 -4.29798e-25  7.82597e-31  5.22127e-25 -1.30304e-30 -5.49751e-25  2.00766e-30  4.89717e-25 -2.85362e-30 -3.54461e-25  3.72849e-30  1.91829e-25  -4.4597e-30 -5.93454e-26   4.8598e-30  -1.0318e-26 -4.79739e-30  2.41364e-26  4.26118e-30 -1.25794e-26 -3.37789e-30    1.398e-27  2.36581e-30  1.80091e-27 -1.44541e-30 -8.98024e-28  7.57465e-31  1.37049e-29 -3.32551e-31  1.01214e-28  1.17958e-31 -1.87774e-29  -3.1652e-32 -5.12089e-30  5.44208e-33  1.44053e-30 -1.56053e-34   1.3382e-31 -2.16871e-34 -3.95299e-32  6.54849e-35 -1.85198e-33 -9.01749e-36  2.61606e-34  5.45053e-37  4.56879e-36
 -1.1354e-35 -5.96663e-37  6.07706e-35    8.269e-36  3.24176e-34 -1.32474e-35 -8.11996e-34  3.11247e-35  1.33431e-33  3.54493e-35  9.73114e-34  3.96228e-35 -1.99666e-33 -6.39002e-35  1.22016e-33  1.05737e-34   3.3397e-33 -1.95817e-35 -4.91104e-33  2.50958e-35  1.34129e-32 -1.44697e-35 -3.28867e-33 -1.87788e-34   6.3174e-33 -9.83819e-35 -2.16426e-34    -1.16e-34  1.82725e-33 -1.58809e-34 -4.81273e-34  5.61032e-35  6.08258e-34 -3.57456e-35 -1.56903e-33  2.72333e-35 -3.57223e-34  2.70015e-35  5.78677e-35  1.43623e-35 -2.10935e-34 -8.99356e-36 -1.42588e-34  1.01771e-35  2.74731e-33 -1.67675e-36 -1.58657e-32 -1.62996e-36  8.59791e-32 -2.99193e-36 -4.33559e-31 -2.49355e-36  2.03734e-30 -5.36499e-36 -8.91481e-30  5.87446e-37   3.6311e-29 -1.27236e-35 -1.37579e-28  4.20568e-35  4.84439e-28  -1.4978e-34 -1.58328e-27  5.08945e-34  4.79535e-27 -1.61471e-33  -1.3433e-26  4.80975e-33  3.47197e-26 -1.34435e-32 -8.25613e-26    3.523e-32  1.79995e-25 -8.64817e-32 -3.58261e-25  1.98636e-31  6.47682e-25 -4.26319e-31 -1.05681e-24  8.53636e-31  1.54399e-24 -1.59177e-30 -1.99909e-24  2.75828e-30  2.26223e-24 -4.43087e-30 -2.19346e-24  6.57978e-30  1.76625e-24 -9.00325e-30 -1.11516e-24   1.1309e-29  4.78482e-25 -1.29838e-29 -5.77229e-26  1.35558e-29 -9.73241e-26  -1.2794e-29  8.12848e-26  1.08381e-29 -2.41664e-26  -8.1704e-30 -5.05081e-27  5.42357e-30  6.42814e-27 -3.12798e-30 -1.35776e-27  1.54003e-30 -4.72013e-28 -6.31567e-31  2.37947e-28  2.07822e-31  4.77747e-30 -5.13341e-32 -1.57691e-29  8.08941e-33  7.42791e-31 -2.58343e-34  4.83934e-31 -2.26949e-34 -1.98465e-32  5.73431e-35 -5.15017e-33 -5.89772e-36  4.66196e-35  1.95156e-37
  4.5719e-37 -3.38981e-35 -1.85924e-36  5.60706e-35  1.19197e-35  4.51826e-34 -2.02103e-35 -8.77927e-34  3.47584e-35  1.12338e-33  2.38099e-35  1.04785e-33   3.8063e-35 -1.56012e-33 -8.11469e-35  5.22861e-34  6.62679e-35  4.22056e-33 -7.40358e-35 -4.23116e-33 -1.44697e-35  1.39233e-32 -6.40162e-35 -2.20604e-33 -2.37258e-34  6.62328e-33 -1.21374e-34  8.50732e-35 -1.10274e-34  1.66538e-33 -1.65205e-34 -3.28219e-34  5.46421e-35  5.90871e-34 -2.15771e-35  -1.3702e-33  2.84313e-35 -4.30657e-34  2.85763e-35 -2.26292e-35  1.35349e-35  4.22082e-34 -9.06455e-36 -4.21797e-33  1.79726e-35  2.69445e-32 -7.93169e-37  -1.5128e-31 -2.34857e-37  7.90827e-31 -5.08054e-36 -3.85023e-30  -1.1347e-36   1.7458e-29 -9.13698e-36 -7.37007e-29  1.17681e-35  2.89524e-28 -5.75277e-35 -1.05751e-27  2.06619e-34  3.58754e-27  -7.1695e-34 -1.12876e-26  2.35012e-33  3.28795e-26 -7.22429e-33 -8.84762e-26  2.08485e-32  2.19361e-25 -5.64467e-32 -4.99503e-25  1.43259e-31  1.04063e-24 -3.40478e-31 -1.97424e-24  7.56862e-31   3.3913e-24 -1.57139e-30 -5.23719e-24  3.04206e-30  7.20523e-24 -5.48058e-30 -8.72578e-24  9.16825e-30  9.14824e-24 -1.42046e-29 -8.09881e-24  2.03219e-29  5.80393e-24 -2.67551e-29 -3.08072e-24  3.22878e-29  8.93892e-25 -3.55525e-29   2.2573e-25  3.55283e-29 -4.17757e-25 -3.20197e-29  2.05347e-25   2.5831e-29 -1.64468e-26 -1.84844e-29 -3.27633e-26  1.16027e-29  1.48747e-26 -6.29862e-30   2.4924e-28  2.90242e-30 -1.80919e-27 -1.10616e-30  2.87883e-28  3.35164e-31  9.93954e-29 -7.52869e-32 -2.39032e-29  1.05901e-32  -2.8541e-30 -2.82485e-34  6.75276e-31 -2.22338e-34  4.10604e-32  4.39142e-35 -4.46776e-33  -3.0234e-36 -9.67095e-35
 3.02618e-36  1.44848e-36 -6.37768e-35 -3.84094e-36  1.52786e-35  1.50824e-35  5.73389e-34 -2.78559e-35 -9.25911e-34  3.45468e-35  9.18192e-34  1.13083e-35  9.57667e-34   2.9125e-35 -9.78711e-34  -9.6159e-35 -3.41177e-35  2.25439e-35  5.04757e-33 -1.31783e-34 -3.28867e-33 -6.40162e-35  1.43433e-32 -1.18762e-34 -1.12206e-33  -2.7545e-34  6.63235e-33 -1.30281e-34  3.76083e-34 -1.01278e-34  1.35916e-33 -1.62414e-34 -1.40369e-34  4.70218e-35  5.95985e-34 -6.00095e-36 -1.15247e-33  2.89054e-35 -3.46622e-34  2.79758e-35 -9.64283e-34  1.35205e-35  6.76266e-33 -7.27307e-36 -4.35274e-32  2.72641e-35  2.54419e-31  -4.3356e-37 -1.37846e-30  1.62344e-36  6.95403e-30 -7.97469e-36 -3.26723e-29  3.04785e-36  1.42942e-28 -2.41543e-35   -5.821e-28  6.74516e-35  2.20499e-27  -2.6861e-34 -7.76193e-27  9.58261e-34  2.53595e-26 -3.23035e-33 -7.67761e-26  1.02492e-32  2.14965e-25 -3.05295e-32 -5.55288e-25   8.5364e-32  1.31952e-24 -2.23893e-31 -2.87431e-24  5.50333e-31   5.7151e-24 -1.26637e-30 -1.03189e-23  2.72444e-30  1.68103e-23 -5.47163e-30   -2.451e-23  1.02402e-29  3.16506e-23 -1.78218e-29 -3.56891e-23  2.87755e-29  3.44302e-23 -4.29864e-29 -2.75119e-23  5.92257e-29  1.71376e-23 -7.49874e-29 -7.11943e-24  8.68857e-29  6.18555e-25 -9.16819e-29  1.66023e-24  8.76059e-29 -1.29167e-24 -7.53011e-29  3.52567e-25  5.77609e-29  9.90715e-26  -3.9161e-29 -1.04973e-25  2.31897e-29  1.94006e-26 -1.18139e-29  8.62211e-27  5.07544e-30 -3.80028e-27 -1.78816e-30 -1.79349e-28  4.95087e-31  2.65428e-28 -9.98661e-32  -7.5515e-30  1.22016e-32 -8.42802e-30 -1.94638e-34  2.34639e-31  -2.0089e-34  9.08564e-32  2.84904e-35 -3.45349e-34 -1.04851e-36
 -3.9077e-37  1.63239e-35  2.95984e-36 -9.01064e-35 -6.17517e-36 -6.62463e-35  1.70507e-35   6.8082e-34 -3.46336e-35 -9.75794e-34  2.90526e-35   7.6923e-34   1.4985e-36   7.1704e-34  1.18663e-35 -3.01018e-34 -1.07476e-34 -3.90147e-34 -2.22187e-35  5.76856e-33 -1.87788e-34 -2.20604e-33 -1.18762e-34  1.45911e-32 -1.72159e-34  -1.6224e-34  -2.9811e-34  6.33139e-33 -1.24312e-34  5.89149e-34 -8.94232e-35  9.90581e-34 -1.53782e-34  6.23633e-35   3.3876e-35  6.31682e-34  9.79797e-36 -1.08937e-33  2.81915e-35  9.95943e-34  2.52887e-35 -1.03897e-32  1.39828e-35  6.76823e-32 -3.72064e-36 -4.09219e-31  3.75941e-35  2.29833e-30 -1.03845e-36 -1.20148e-29  4.51908e-36  5.84913e-29 -1.38073e-35 -2.65178e-28  2.00045e-35  1.11928e-27 -9.11311e-35 -4.39608e-27  3.24026e-34  1.60532e-26 -1.20903e-33 -5.44433e-26  4.20171e-33  1.71236e-25 -1.37391e-32 -4.98586e-25  4.22335e-32  1.34099e-24 -1.21915e-31 -3.32273e-24  3.30321e-31  7.56062e-24 -8.39367e-31 -1.57372e-23  1.99839e-30  2.98232e-23 -4.45257e-30 -5.11595e-23  9.27128e-30  7.88688e-23 -1.80118e-29 -1.08263e-22  3.25868e-29  1.30719e-22  -5.4782e-29 -1.36482e-22  8.53592e-29  1.20092e-22 -1.22918e-28 -8.52117e-23  1.63038e-28  4.43381e-23 -1.98423e-28 -1.19741e-23    2.206e-28 -4.14803e-24  -2.2289e-28  6.45772e-24  2.03441e-28 -2.99741e-24  -1.6656e-28  1.42179e-25  1.21289e-28  5.29751e-25 -7.77571e-29 -2.20005e-25  4.33314e-29 -1.11492e-26 -2.06519e-29  2.88269e-26  8.23838e-30 -3.87629e-27  -2.6683e-30 -1.70255e-27  6.69546e-31   3.5264e-28 -1.19613e-31  5.26518e-29  1.22945e-32 -1.02644e-29 -1.57595e-35 -7.81059e-31 -1.62986e-34  6.77524e-32   1.4759e-35  1.78507e-33
