 1.54449e-18    7.976e-34 -5.75074e-17 -5.52422e-32  8.21017e-16  1.10087e-30 -6.92588e-15 -1.20552e-29  3.96975e-14  8.78351e-29 -1.65321e-13 -4.66489e-28  5.18481e-13  1.90252e-27 -1.24665e-12 -6.15542e-27   2.3079e-12  1.61348e-26  -3.2565e-12 -3.47188e-26   3.3913e-12  6.17239e-26 -2.39838e-12 -9.05243e-26  8.54061e-13  1.07932e-25   2.1696e-13 -1.00113e-25 -3.75284e-13  6.25207e-26  7.55049e-14 -6.41616e-27  8.91948e-14 -4.58807e-26 -3.66346e-14  7.68249e-26 -2.07901e-14 -8.77292e-26   9.9302e-15  9.49137e-26  5.61442e-15 -1.08943e-25 -1.82381e-15  1.20653e-25 -1.54998e-15 -1.12647e-25  1.06511e-16  8.18263e-26  3.46466e-16 -4.34619e-26  6.79363e-17  1.42308e-26  -4.5782e-17  1.10579e-27 -2.62124e-17  -6.4563e-27 -8.99048e-19  6.31067e-27  3.85322e-18 -3.75277e-27   1.5169e-18  1.28809e-27   1.9885e-20 -1.38052e-28  -1.9182e-19 -7.52069e-29 -7.59871e-20  7.64796e-29 -7.47329e-21 -8.15411e-29  5.16005e-21  5.60592e-29  2.73131e-21 -2.13567e-29  5.83117e-22   7.2691e-30 -5.55692e-24 -4.31604e-30 -4.64834e-23  1.80752e-30 -1.66522e-23 -2.79478e-31 -3.02515e-24  9.12697e-32 -1.02417e-25 -9.42339e-32  1.20603e-25  2.44324e-32  4.37646e-26  1.34497e-33  8.67942e-27 -8.01235e-34  9.96982e-28  3.63283e-34   6.3311e-30  -1.5582e-34 -2.57998e-29 -2.57513e-35 -6.61184e-30  1.80995e-35 -1.02143e-30 -4.61106e-36 -1.07838e-31  1.07824e-36 -6.85948e-33  1.61447e-37  2.52177e-35 -6.56378e-38  6.97574e-35 -3.98228e-40  1.00603e-35  -6.7048e-40  8.92883e-37  3.22974e-41  5.52545e-38  1.49873e-41   2.4224e-39  2.12758e-42  7.01482e-41   2.3148e-43  7.23549e-43 -4.46942e-45 -1.33072e-44  1.59402e-46 -3.82515e-46  2.56157e-47
   7.976e-34  8.30879e-17  3.30519e-32 -1.75497e-15 -1.58315e-30  1.90342e-14   2.5244e-29 -1.32799e-13 -2.34878e-28  6.55122e-13  1.50255e-27 -2.40001e-12 -7.15109e-27   6.7029e-12   2.6495e-26 -1.44343e-11 -7.86149e-26  2.39263e-11  1.90225e-25 -2.99885e-11  -3.7946e-25  2.71126e-11  6.26647e-25 -1.55271e-11    -8.53e-25   2.7581e-12  9.38519e-25   3.3477e-12 -7.88618e-25 -2.37385e-12  4.12741e-25 -2.11442e-13  5.19401e-26  7.36825e-13 -4.14888e-25 -4.59048e-14  5.68464e-25 -1.94966e-13 -5.69814e-25   1.1158e-14  5.70075e-25  4.89516e-14 -6.45067e-25  3.01889e-15  7.16419e-25 -1.05971e-14 -6.60946e-25 -2.79199e-15  4.66097e-25   1.5186e-15 -2.36084e-25  9.52381e-16  6.99974e-26 -1.83367e-18  1.28536e-26 -1.67828e-16 -4.00337e-26 -5.59731e-17  3.68862e-26  6.58213e-18 -2.05952e-26  1.06172e-17  6.09202e-27  3.05967e-18 -6.68474e-29 -2.02311e-19 -5.80745e-28 -4.45499e-19   3.6154e-28 -1.50355e-19 -3.65407e-28 -1.23307e-20  2.53304e-28  9.59948e-21 -9.16694e-29  4.76805e-21  2.92633e-29  1.03033e-21 -1.76562e-29  3.16249e-23  6.80885e-30 -5.76069e-23 -6.92852e-31 -2.23289e-23  3.45733e-31 -4.51608e-24 -4.03272e-31 -4.01347e-25  8.51632e-32  6.98627e-26  8.84697e-33  3.69158e-26 -2.00466e-33  8.34312e-27  1.64411e-33  1.19473e-27 -7.80273e-34  9.38805e-29 -9.31036e-35 -3.78548e-30  6.08472e-35 -2.63859e-30 -1.46046e-35 -4.92583e-31   3.8941e-36 -5.97638e-32  5.21401e-37  -5.1166e-33 -1.88624e-37 -2.86118e-34 -8.70037e-39 -5.22519e-36 -1.99281e-39  8.28087e-37  6.60976e-41  1.03819e-37  3.67425e-41    6.711e-39  7.05871e-42  2.76704e-40  5.70943e-43  6.87438e-42 -1.11167e-44  9.43056e-44   5.2125e-46  4.20075e-46
-5.75074e-17  3.30519e-32  2.19752e-15  7.72373e-31 -3.22416e-14 -2.80593e-29  2.79935e-13  3.70806e-28 -1.65438e-12 -2.98617e-27  7.11874e-12  1.69635e-26  -2.3128e-11 -7.28956e-26  5.78002e-11  2.46654e-25 -1.11726e-10  -6.7373e-25  1.65725e-10  1.50894e-24 -1.83558e-10 -2.79532e-24  1.41689e-10  4.29134e-24 -6.11224e-11 -5.41849e-24 -4.48491e-12  5.48384e-24  2.19496e-11 -4.12718e-24 -7.57088e-12  1.68575e-24 -4.31776e-12  8.75044e-25  3.03914e-12 -2.53922e-24  8.52263e-13  2.95465e-24 -8.44704e-13 -2.65896e-24  -2.3967e-13  2.50841e-24  1.87592e-13 -2.80941e-24  8.11479e-14  3.09237e-24 -2.77504e-14 -2.77674e-24 -2.33192e-14   1.8728e-24 -1.51492e-16 -8.87288e-25   4.4636e-15  2.25381e-25  1.37922e-15  8.11695e-26 -3.25878e-16 -1.71253e-25 -3.36734e-16  1.47533e-25 -6.99819e-17 -7.67737e-26  2.28286e-17   1.8969e-26  1.80713e-17  2.09864e-27  4.05235e-18 -2.54162e-27  -5.5246e-19  1.06186e-27 -6.57068e-19 -1.10225e-27 -1.99875e-19  7.95316e-28 -1.61657e-20 -2.73425e-28  1.08994e-20  8.03198e-29  5.37173e-21 -4.93999e-29  1.20741e-21  1.71343e-29  8.78072e-23 -5.69839e-31 -3.98241e-23  9.79861e-31 -1.81315e-23 -1.21239e-30   -4.057e-24  1.93674e-31 -5.14801e-25  3.21487e-32 -4.36805e-27 -4.12839e-34   1.5441e-26  4.99763e-33  4.27822e-27 -2.59726e-33  7.05942e-28  -2.3673e-34  7.77088e-29  1.40669e-34  4.60657e-30 -3.14424e-35 -2.12379e-31  9.46315e-36 -9.48172e-32  1.19142e-36 -1.37001e-32 -3.75345e-37 -1.30052e-33 -3.18635e-38 -8.79712e-35 -4.27305e-39 -4.10765e-36  3.96264e-41  -1.1096e-37  6.24778e-41  2.57045e-40  1.51121e-41  1.55541e-40  8.67845e-43  5.49715e-42 -1.63898e-44  7.90625e-44  5.70638e-46
-5.52422e-32 -1.75497e-15  7.72373e-31  3.80928e-14  1.24834e-29 -4.25186e-13 -3.62858e-28  3.05794e-12  4.07407e-27 -1.55809e-11 -2.88061e-26  5.90929e-11  1.46652e-25 -1.71359e-10  -5.7262e-25  3.84618e-10  1.77755e-24 -6.68118e-10 -4.48453e-24  8.85046e-10  9.31881e-24 -8.59233e-10 -1.60561e-23  5.50934e-10  2.29265e-23 -1.49783e-10 -2.68268e-23 -8.64629e-11  2.48717e-23  8.99885e-11 -1.65082e-23 -6.32627e-12  4.51879e-24 -2.51123e-11  6.25596e-24  6.02255e-12 -1.19316e-23  6.40327e-12  1.21685e-23 -1.69974e-12 -1.00726e-23 -1.70613e-12  9.17812e-24  2.42261e-13 -1.02207e-23   4.3317e-13  1.10326e-23  2.87964e-14  -9.5294e-24 -8.51128e-14  6.07682e-24 -2.78963e-14 -2.64547e-24  8.22647e-15  5.29905e-25  7.60161e-15  3.59565e-25  1.11536e-15 -5.79395e-25  -8.3431e-16  4.65962e-25 -4.70602e-16 -2.24815e-25 -5.71043e-17   4.4157e-26  4.06425e-17   1.2567e-26  2.27558e-17 -7.96419e-27  4.19139e-18  2.11561e-27 -7.86641e-19 -2.57833e-27 -7.18261e-19  2.01379e-27  -2.0617e-19 -6.57235e-28 -1.90226e-20  1.72558e-28  8.49177e-21 -1.08878e-28  4.42588e-21  3.27533e-29  1.05208e-21  2.13677e-30  1.15967e-22   2.4151e-30 -1.41906e-23 -2.94123e-30 -9.78231e-24  3.12343e-31 -2.45078e-24  8.28382e-32 -3.76822e-25  1.48482e-32 -2.98038e-26  1.19741e-32  2.18783e-27 -6.72463e-33  1.21803e-27 -4.98243e-34   2.3647e-28  2.60754e-34  3.02032e-29 -5.28157e-35  2.66759e-30  1.77994e-35   1.3751e-31  2.15815e-36  -1.7271e-33 -6.01099e-37 -1.18609e-33 -7.13467e-38 -1.35388e-34 -7.35994e-39 -9.51764e-36 -1.57648e-40 -4.59665e-37  8.76009e-41 -1.48332e-38  2.39482e-41 -2.87907e-40  9.17066e-43 -2.77753e-42 -1.61228e-44 -7.57985e-45
 8.21017e-16 -1.58315e-30 -3.22416e-14  1.24834e-29  4.86804e-13  1.53017e-28 -4.35642e-12  -3.6858e-27  2.65844e-11  3.58156e-26  -1.1837e-10 -2.24875e-25   3.9899e-10  1.03382e-24 -1.03796e-09 -3.68768e-24  2.09786e-09  1.05436e-23 -3.27515e-09 -2.46409e-23  3.85993e-09  4.76074e-23 -3.24317e-09 -7.63896e-23  1.64449e-09  1.01478e-22  -1.1266e-10 -1.09874e-22 -4.74121e-10  9.27959e-23   2.4594e-10 -5.30661e-23  6.49583e-11  5.59194e-24 -8.74957e-11  3.09073e-23 -6.39831e-12 -4.55554e-23   2.4385e-11  4.16485e-23  1.83289e-12 -3.24063e-23 -6.03479e-12  2.91758e-23 -1.15424e-12 -3.24029e-23  1.20341e-12  3.40295e-23  4.99849e-13 -2.80586e-23 -1.32263e-13  1.67815e-23 -1.35179e-13 -6.59839e-24 -1.51831e-14  8.86581e-25  1.92531e-14  1.24305e-24  9.07129e-15 -1.64001e-24  1.64813e-16  1.23307e-24 -1.28809e-15 -5.49021e-25 -5.08258e-16  7.83836e-26 -2.77242e-17  4.57264e-26  5.07208e-17 -1.95195e-26   2.2939e-17  2.39708e-27   3.7015e-18 -4.93794e-27 -7.55982e-19  4.38842e-27   -6.168e-19 -1.35796e-27  -1.7341e-19  3.04157e-28 -1.93874e-20 -1.99647e-28  4.48032e-21  4.90381e-29  2.75049e-21  1.12183e-29  7.00605e-22  5.41335e-30  9.86672e-23 -6.07157e-30  1.22143e-24   3.0816e-31 -3.36745e-24  1.65218e-31 -1.00912e-24  6.64103e-32 -1.77027e-25  2.42912e-32 -2.00733e-26 -1.44743e-32 -1.01967e-27 -9.36215e-34   1.3566e-28  4.16583e-34   4.2987e-29 -7.25067e-35  6.32321e-30  2.72715e-35  6.33699e-31  3.15249e-36  4.51042e-32 -8.33722e-37  2.09003e-33   -1.176e-37  3.35233e-35 -1.05792e-38 -3.52056e-36 -5.97947e-40 -3.42948e-37  1.10124e-40 -1.52339e-38  2.94671e-41 -3.81971e-40  6.78701e-43 -4.71342e-42 -9.85502e-45
 1.10087e-30  1.90342e-14 -2.80593e-29 -4.25186e-13  1.53017e-28  4.89137e-12  1.50052e-27 -3.63189e-11 -3.07038e-26  1.91428e-10  2.61925e-25  -7.5281e-10 -1.47386e-24  2.27022e-09   6.1579e-24 -5.31933e-09 -2.01594e-23  9.69716e-09  5.32723e-23 -1.35906e-08 -1.15631e-22  1.41631e-08  2.08106e-22 -1.00934e-08 -3.11307e-22  3.64978e-09  3.84702e-22  9.40088e-10 -3.84557e-22 -1.68993e-09  2.93526e-22  3.79937e-10 -1.39128e-22  4.05863e-10 -1.78337e-23 -1.91065e-10  1.19698e-22 -9.38795e-11 -1.46278e-22  5.56126e-11   1.2181e-22  2.60707e-11 -9.08318e-23 -1.17415e-11  8.23373e-23 -7.82628e-12  -9.1257e-23  1.28848e-12  9.27421e-23  1.98583e-12 -7.26925e-23  2.31659e-13  4.05605e-23 -3.25569e-13 -1.41464e-23 -1.42679e-13  7.53656e-25  1.05822e-14  3.55202e-24   2.7307e-14 -4.00967e-24  8.18075e-15  2.82582e-24   -9.492e-16 -1.15511e-24 -1.47891e-15  9.78211e-26 -4.51249e-16   1.2746e-25 -1.21517e-18 -3.89341e-26  4.90122e-17 -1.54009e-27  1.93097e-17 -7.92464e-27  2.94108e-18  8.55808e-27  -5.1889e-19 -2.50839e-27 -4.25427e-19   4.4255e-28 -1.20681e-19 -3.12199e-28 -1.62522e-20  5.57996e-29    1.282e-21   3.1706e-29  1.27525e-21  1.11111e-29  3.55849e-22 -1.09482e-29  5.87486e-23 -8.30319e-32  4.64196e-24  2.62623e-31 -5.39224e-25   1.8841e-31 -2.69328e-25  4.35564e-32 -5.43411e-26 -2.68765e-32 -7.22818e-27 -1.63516e-33 -6.40192e-28  6.01359e-34 -2.57323e-29 -8.17873e-35  2.62025e-30  3.46529e-35  6.49721e-31   3.5715e-36  7.34736e-32 -1.05648e-36  5.58604e-33 -1.52122e-37  3.00216e-34 -1.30717e-38   1.0956e-35 -1.21178e-39  2.29263e-37  1.28356e-40  8.39516e-40  2.85507e-41 -7.34684e-41  3.24046e-43 -1.04265e-42
-6.92588e-15   2.5244e-29  2.79935e-13 -3.62858e-28 -4.35642e-12  1.50052e-27  4.02471e-11  1.21913e-26 -2.54016e-10 -2.15857e-25  1.17233e-09    1.635e-24 -4.10657e-09  -8.3083e-24  1.11391e-08  3.17183e-23 -2.35784e-08 -9.56843e-23  3.87963e-08  2.34417e-22 -4.86856e-08 -4.73689e-22  4.44402e-08  7.95473e-22 -2.59658e-08  -1.1103e-21  4.91511e-09  1.27574e-21  5.69612e-09 -1.17355e-21 -4.34644e-09  8.00256e-22 -2.26343e-10 -2.92272e-22  1.38116e-09  -1.4985e-22 -1.62026e-10  3.84696e-22 -3.75968e-10 -4.04207e-22  4.94957e-11  3.10355e-22  1.00071e-10 -2.25904e-22  -2.1102e-12   2.0914e-22 -2.41127e-11 -2.30906e-22 -4.16627e-12  2.26316e-22  4.24846e-12 -1.68345e-22  1.96853e-12  8.73448e-23 -2.54572e-13 -2.64695e-23 -4.42028e-13 -1.28795e-24 -1.03789e-13   8.6937e-24  3.56954e-14 -8.64974e-24  2.89595e-14  5.72884e-24  5.77028e-15 -2.13569e-24 -1.66463e-15  4.29555e-26 -1.36838e-15  2.94879e-25 -3.44396e-16 -6.40173e-26  1.10902e-17 -1.67329e-26  3.83213e-17 -1.06638e-26  1.38724e-17  1.53458e-26  2.13695e-18 -4.26209e-27 -2.43614e-19  5.06396e-28 -2.35774e-19  -4.1889e-28 -6.92231e-20    4.034e-29  -1.0879e-20  6.81138e-29 -1.98759e-22  2.08155e-29  4.15476e-22  -1.7488e-29   1.3484e-22 -1.24755e-30  2.50489e-23  3.26288e-31  2.88879e-24  4.18271e-31  1.06183e-25  7.10851e-32   -3.742e-26 -4.40758e-32 -1.03349e-26 -2.70115e-33 -1.55474e-27  8.09492e-34 -1.61825e-28 -7.23482e-35  -1.1627e-29  3.62192e-35 -4.57312e-31  2.61278e-36  1.11834e-32  -1.2715e-36   3.3774e-33  -1.5746e-37  2.87194e-34 -1.43835e-38    1.483e-35 -1.77463e-39  4.91671e-37  1.37295e-40  9.81727e-39  2.15526e-41  9.25494e-41  7.20388e-44
-1.20552e-29 -1.32799e-13  3.70806e-28  3.05794e-12  -3.6858e-27 -3.63189e-11  1.21913e-26  2.78892e-10  8.41222e-26 -1.52329e-09 -1.30732e-24  6.22265e-09  8.87344e-24 -1.95499e-08 -4.09797e-23  4.79028e-08  1.43619e-22  -9.1795e-08 -4.00648e-22  1.36281e-07  9.12502e-22 -1.52458e-07 -1.72029e-21  1.20114e-07   2.6997e-21 -5.39884e-08 -3.51819e-21  -2.6255e-09  3.75496e-21  1.96563e-08 -3.16416e-21  -7.7642e-09  1.89432e-21 -3.66332e-09 -4.48917e-22  3.17831e-09 -6.22852e-22  6.33083e-10  1.05904e-21  -9.3116e-10 -9.76558e-22 -1.76975e-10  6.98825e-22  2.28809e-10 -5.05939e-22  7.09631e-11  4.82922e-22 -4.22535e-11 -5.29184e-22 -2.46667e-11  4.99262e-22  3.07092e-12 -3.52462e-22  5.84447e-12  1.69753e-22  1.16159e-12  -4.3582e-23 -6.86441e-13 -7.92122e-24 -4.33521e-13  1.86734e-23 -4.47161e-14 -1.67232e-23  4.88129e-14  1.04279e-23  2.48775e-14 -3.51318e-24  3.22516e-15 -1.89554e-25 -1.77425e-15  5.89767e-25 -1.06411e-15 -8.55507e-26 -2.33889e-16 -5.42979e-26  1.06102e-17 -1.15941e-26  2.46948e-17  2.58063e-26  8.56538e-18 -6.81216e-27   1.3981e-18  3.49572e-28 -5.60328e-20 -4.74336e-28 -1.02932e-19 -4.65074e-30 -3.22161e-20  1.21711e-28 -5.71781e-21  3.55331e-29 -4.48831e-22 -2.49131e-29  7.63449e-23 -3.61746e-30  3.61807e-23  2.75162e-31  7.57254e-24   7.8089e-31   1.0368e-24  1.07802e-31  8.86115e-26 -6.48817e-32  1.47091e-27 -4.23801e-33  -9.5966e-28  1.03014e-33 -1.89507e-28 -3.96642e-35 -2.17731e-29  2.94313e-35 -1.75299e-30 -3.37329e-37 -9.97957e-32 -1.47504e-36 -3.62826e-33 -1.28665e-37 -4.39533e-35 -1.47049e-38  3.27746e-36 -2.02824e-39  2.04831e-37  1.29878e-40  4.94762e-39  1.21209e-41  4.10666e-41
 3.96975e-14 -2.34878e-28 -1.65438e-12  4.07407e-27  2.65844e-11 -3.07038e-26 -2.54016e-10  8.41222e-26  1.66122e-09  5.02139e-25 -7.96179e-09 -6.92722e-24  2.90391e-08  4.24547e-23 -8.22868e-08 -1.79158e-22   1.8275e-07  5.78729e-22 -3.17434e-07 -1.49765e-21  4.24571e-07  3.17903e-21 -4.20511e-07 -5.60257e-21  2.79289e-07   8.2277e-21  -8.3354e-08 -1.00149e-20 -4.11744e-08  9.91378e-21  4.95405e-08 -7.60316e-21 -6.36055e-09  3.88666e-21  -1.3694e-08  -2.8157e-22  4.58836e-09 -1.95609e-21  3.47437e-09  2.54608e-21 -1.41338e-09 -2.08519e-21  -9.7034e-10  1.40631e-21  2.80772e-10 -1.03313e-21  2.76154e-10  1.02139e-21 -1.60541e-11 -1.10554e-21 -6.50856e-11  1.00325e-21 -1.30946e-11 -6.73065e-22  9.36276e-12  3.00794e-22   5.3795e-12 -6.33394e-23  1.00398e-13 -2.31037e-23 -8.72725e-13  3.58365e-23 -3.33419e-13 -2.93361e-23  4.19374e-15  1.72272e-23  4.77716e-14  -5.1779e-24   1.8122e-14 -7.36466e-25  1.43514e-15  1.04589e-24 -1.43493e-15 -8.65613e-26 -7.12095e-16  -1.2844e-25 -1.44597e-16 -8.54014e-27  4.97202e-18  4.12785e-26  1.31342e-17 -1.04182e-26  4.52372e-18  -2.5029e-28  7.98447e-19 -4.22252e-28  2.10624e-20 -7.08161e-29 -3.36095e-20  1.87823e-28 -1.18409e-20  5.54225e-29 -2.32176e-21 -3.16712e-29  -2.6857e-22 -7.53398e-30 -4.06359e-24  1.05451e-32   5.9759e-24  1.27113e-30  1.54929e-24  1.54091e-31  2.37919e-25 -8.67534e-32  2.51988e-26 -6.31676e-33  1.71639e-27  1.23179e-33  3.19785e-29  1.43844e-35 -9.21997e-30  1.42273e-35 -1.43901e-30 -5.22893e-36  -1.2285e-31 -1.62801e-36 -7.08474e-33 -7.74353e-38 -2.79707e-34 -1.44761e-38 -7.09851e-36 -1.85166e-39 -9.58335e-38  1.03465e-40 -3.07485e-40  4.43571e-42
 8.78351e-29  6.55122e-13 -2.98617e-27 -1.55809e-11  3.58156e-26  1.91428e-10 -2.15857e-25 -1.52329e-09  5.02139e-25  8.63947e-09  2.63004e-24 -3.67349e-08 -3.25048e-23  1.20483e-07  1.81021e-22 -3.09344e-07 -7.01275e-22  6.24291e-07  2.09538e-21 -9.83305e-07 -5.04435e-21  1.18139e-06  1.00023e-20 -1.02508e-06 -1.65091e-20  5.51078e-07  2.27163e-20 -6.09454e-08 -2.58314e-20   -1.534e-07  2.36636e-20   9.4018e-08 -1.63656e-20  1.58066e-08   6.8062e-21 -3.34791e-08  1.13804e-21  8.02569e-10 -5.11131e-21  9.63561e-09  5.41081e-21 -3.72818e-10 -3.96175e-21 -2.58827e-09  2.55224e-21 -1.69357e-10 -1.94368e-21   6.0546e-10  1.98989e-21  1.56803e-10 -2.11669e-21 -9.75072e-11  1.84796e-21  -5.8709e-11 -1.18078e-21  2.16195e-12  4.90203e-22  1.17099e-11  -8.1152e-23  3.58028e-12  -5.1371e-23 -6.74714e-13  6.23329e-23 -8.07654e-13 -4.71729e-23 -2.08834e-13  2.60329e-23  2.86403e-14  -6.8521e-24  3.76305e-14 -1.73156e-24  1.15632e-14  1.67487e-24  5.27105e-16 -4.65679e-26 -9.38596e-16 -2.53967e-25 -4.14681e-16  1.20095e-27 -8.18906e-17  6.33972e-26  2.95071e-19 -1.54166e-26   5.6804e-18 -1.59412e-27  2.01397e-18 -2.06691e-28  3.85216e-19 -1.27199e-28  2.99527e-20  2.54514e-28 -7.07811e-21  7.95285e-29 -3.28501e-21 -3.56616e-29 -7.11268e-22 -1.30955e-29 -9.89162e-23 -5.58969e-31 -7.68391e-24  1.84366e-30  2.42544e-25  2.09487e-31  1.87276e-25  -1.0633e-31  3.40159e-26 -8.95815e-33  3.98243e-27  1.35136e-33  3.30383e-28     8.05e-35  1.85593e-29 -6.86101e-36  5.02016e-31 -1.11055e-35 -2.10708e-32 -1.65847e-36 -3.23828e-33 -2.53945e-38 -1.85788e-34 -1.37956e-38  -6.1025e-36 -1.34262e-39 -1.09038e-37  6.48759e-41 -7.03501e-40
-1.65321e-13  1.50255e-27  7.11874e-12 -2.88061e-26  -1.1837e-10  2.61925e-25  1.17233e-09 -1.30732e-24 -7.96179e-09  2.63004e-24  3.97144e-08  1.22244e-23 -1.51156e-07 -1.36379e-22  4.48438e-07  6.93884e-22 -1.04715e-06 -2.47762e-21  1.92378e-06  6.86914e-21 -2.74609e-06 -1.54227e-20  2.94955e-06  2.86288e-20 -2.20585e-06 -4.43322e-20  8.86208e-07  5.72222e-20   1.5133e-07 -6.07826e-20 -3.93116e-07  5.13678e-20  1.21845e-07  -3.1609e-20  8.75672e-08  9.70484e-21 -5.78828e-08  5.80535e-21 -1.82474e-08 -1.15609e-20  1.78606e-08  1.02358e-20  5.15725e-09 -6.71796e-21  -4.4025e-09  4.20903e-21 -1.83316e-09 -3.39767e-21  7.61811e-10  3.58574e-21  5.80945e-10 -3.73074e-21 -2.52939e-11  3.13673e-21 -1.27713e-10 -1.91465e-21 -3.37133e-11  7.40677e-22  1.26961e-11   -9.125e-23  1.02796e-11 -9.63619e-23  1.64064e-12   9.9482e-23 -9.62332e-13 -7.01499e-23 -6.05353e-13  3.61792e-23 -1.08964e-13 -8.11306e-24  3.16482e-14 -3.24731e-24  2.50424e-14   2.4589e-24  6.62369e-15  4.86679e-26  1.97574e-16 -4.43188e-25 -5.07171e-16  2.08508e-26 -2.10312e-16    9.401e-26 -4.20067e-17 -2.21786e-26 -1.55134e-18 -4.04361e-27  1.92235e-18  2.16197e-28  7.37834e-19 -1.23173e-28  1.52312e-19  3.03648e-28  1.73973e-20  1.06078e-28 -2.97334e-22 -3.47517e-29 -6.26847e-22 -2.00577e-29 -1.57733e-22 -1.49315e-30 -2.45704e-23  2.41715e-30 -2.57527e-24  2.72231e-31 -1.46841e-25 -1.20359e-31  5.81983e-27 -1.21284e-32  2.57382e-27  1.30503e-33  3.48896e-28  1.43144e-34  3.06991e-29 -2.97507e-35  1.90907e-30 -1.63422e-35  8.21203e-32 -1.50675e-36  2.15004e-33  8.65288e-39  1.65943e-35 -1.23184e-38 -8.38874e-37 -7.45058e-40 -2.33388e-38  2.76948e-41
-4.66489e-28 -2.40001e-12  1.69635e-26  5.90929e-11 -2.24875e-25  -7.5281e-10    1.635e-24  6.22265e-09 -6.92722e-24 -3.67349e-08  1.22244e-23  1.62975e-07  5.08858e-23 -5.59352e-07 -5.15705e-22  1.50842e-06  2.40821e-21 -3.21307e-06 -7.95338e-21  5.37926e-06  2.05175e-20 -6.94731e-06 -4.30644e-20  6.62246e-06  7.49883e-20 -4.15759e-06  -1.0913e-19  1.01859e-06  1.32278e-19  8.07829e-07 -1.31203e-19 -7.76816e-07  1.01848e-19   4.0902e-08 -5.46407e-20  2.39195e-07  9.53029e-21 -6.00507e-08   1.7211e-20  -6.4865e-08 -2.30974e-20  1.98771e-08  1.72803e-20  1.84202e-08 -1.01542e-20 -3.70753e-09  6.34931e-21 -5.15119e-09  -5.5537e-21 -3.87613e-11  5.99397e-21  1.17082e-09 -6.07644e-21  3.07827e-10  4.92842e-21 -1.52942e-10 -2.88427e-21 -1.07647e-10  1.04589e-21 -7.98123e-12 -8.98543e-23  1.57308e-11  -1.5897e-22  7.08334e-12  1.47346e-22  3.18554e-13 -9.72268e-23 -8.72454e-13  4.63795e-23 -3.86405e-13 -8.49248e-24 -4.84939e-14 -5.23353e-24  2.37361e-14  3.35734e-24  1.44205e-14  1.94999e-25  3.46086e-15 -7.03546e-25  1.12005e-16  5.40936e-26  -2.2612e-16  1.34951e-25 -9.20893e-17 -3.09956e-26 -1.90546e-17 -7.96603e-27 -1.46855e-18  8.69683e-28  4.62451e-19 -4.48962e-30  2.14378e-19  3.14433e-28  4.78554e-20  1.33276e-28  6.65309e-21 -2.74164e-29  4.19962e-22  -2.7842e-29 -5.95646e-23 -2.80702e-30 -2.32344e-23  2.89269e-30  -4.0732e-24  3.38806e-31 -4.81634e-25 -1.26677e-31 -3.95398e-26 -1.57211e-32 -1.89839e-27  1.02583e-33  1.85691e-29  1.84218e-34  1.30721e-29 -5.02554e-35   1.3313e-30 -1.93235e-35  8.10176e-32 -1.18017e-36  3.24181e-33  1.83782e-38  8.20394e-35 -9.77135e-39   1.1251e-36 -2.87197e-40  4.89186e-39
 5.18481e-13 -7.15109e-27  -2.3128e-11  1.46652e-25   3.9899e-10 -1.47386e-24 -4.10657e-09  8.87344e-24  2.90391e-08 -3.25048e-23 -1.51156e-07  5.08858e-23  6.01941e-07  1.91136e-22 -1.87453e-06 -1.76912e-21  4.61396e-06  7.61248e-21 -8.98597e-06 -2.33253e-20  1.37135e-05  5.61302e-20  -1.5976e-05 -1.10376e-19  1.33666e-05  1.80652e-19 -6.72576e-06 -2.47493e-19  2.78512e-07  2.81998e-19  2.23638e-06 -2.60994e-19  -1.1781e-06  1.84983e-19 -3.18457e-07 -8.37517e-20  4.63953e-07  -2.1382e-22  2.00075e-08   4.0391e-20 -1.40579e-07 -4.12183e-20 -3.17913e-09  2.59685e-20  3.85256e-08 -1.35771e-20  4.73859e-09  8.81308e-21 -8.95667e-09 -8.52339e-21 -2.87893e-09  9.31441e-21  1.36338e-09 -9.17575e-21  9.84817e-10  7.19402e-21  1.39858e-11 -4.05378e-21 -1.84991e-10  1.39188e-21 -6.59303e-11 -7.95532e-23  7.69499e-12 -2.35974e-22  1.33699e-11  2.04772e-22  4.00888e-12 -1.26453e-22 -2.69939e-13   5.4866e-23 -6.20734e-13 -7.64021e-24 -2.16826e-13 -7.48245e-24 -1.93032e-14   4.3283e-24  1.39584e-14  3.61633e-25  7.25975e-15 -1.03683e-24  1.65606e-15  1.04624e-25  8.31018e-17  1.87643e-25 -8.13666e-17 -4.19065e-26 -3.41963e-17 -1.36272e-26 -7.41809e-18  1.75347e-27 -8.21499e-19  2.60926e-28  5.30176e-20  2.68349e-28   4.6345e-20   1.6016e-28  1.14991e-20   -1.326e-29    1.798e-21 -3.56662e-29  1.78743e-22 -4.47295e-30  5.75558e-24  3.17929e-30 -1.72392e-24  4.03579e-31 -4.13098e-25 -1.24851e-31 -5.36711e-26 -1.95007e-32 -4.83764e-27  5.11011e-34 -3.09133e-28  1.88928e-34 -1.27683e-29 -6.51101e-35 -1.88128e-31 -1.91979e-35  1.44608e-32 -7.67072e-37  1.13727e-33  1.05489e-38  3.68422e-35 -6.48964e-39  5.30619e-37 -5.74305e-41
 1.90252e-27   6.7029e-12 -7.28956e-26 -1.71359e-10  1.03382e-24  2.27022e-09  -8.3083e-24 -1.95499e-08  4.24547e-23  1.20483e-07 -1.36379e-22 -5.59352e-07  1.91136e-22  2.01478e-06  6.51934e-22 -5.72289e-06 -5.53619e-21  1.29011e-05  2.20268e-20 -2.30117e-05 -6.27877e-20  3.19942e-05  1.41265e-19 -3.34612e-05 -2.60797e-19  2.41555e-05  4.01982e-19 -8.86642e-06 -5.19323e-19 -2.53088e-06  5.56777e-19  4.63431e-06 -4.80286e-19 -1.18522e-06  3.08231e-19 -1.15884e-06 -1.11214e-19  6.52033e-07 -3.04161e-20   2.6594e-07  8.11775e-20 -2.12387e-07 -6.60645e-20 -7.66824e-08  3.43827e-20  5.33296e-08 -1.57466e-20  2.63857e-08   1.1315e-20 -8.93205e-09 -1.23055e-20 -8.13476e-09  1.34776e-20  1.42291e-11 -1.28825e-20  1.74244e-09  9.78282e-21  5.31271e-10 -5.33385e-21 -1.56006e-10  1.76218e-21 -1.49721e-10 -7.29919e-23 -2.88091e-11 -3.20076e-22  1.24996e-11  2.69869e-22  9.07989e-12 -1.55209e-22  1.91157e-12  5.97321e-23 -3.71447e-13 -5.50461e-24 -3.70521e-13 -9.64751e-24 -1.09405e-13  5.35631e-24 -7.60337e-15  4.93151e-25  6.69478e-15 -1.43966e-24  3.19457e-15  1.75006e-25  7.18801e-16  2.52525e-25  5.51972e-17 -5.45311e-26 -2.23094e-17 -2.10382e-26 -1.04683e-17  2.84672e-27 -2.39963e-18  6.57621e-28 -3.26833e-19  1.53699e-28 -1.25241e-20  1.86881e-28  6.39301e-21  6.76738e-30  1.98945e-21 -4.27516e-29  3.42098e-22  -6.4329e-30  4.00705e-23  3.21618e-30  3.02989e-24  4.58705e-31  6.98092e-26 -1.16237e-31 -1.81153e-26 -2.30315e-32 -3.20577e-27 -1.52215e-34 -3.06321e-28  1.52198e-34 -1.99046e-29 -7.23157e-35 -8.98879e-31 -1.62584e-35 -2.66446e-32 -3.91626e-37 -4.31374e-34 -2.13547e-39 -1.35521e-36  -3.3501e-39  3.37192e-38
-1.24665e-12   2.6495e-26  5.78002e-11  -5.7262e-25 -1.03796e-09   6.1579e-24  1.11391e-08 -4.09797e-23 -8.22868e-08  1.81021e-22  4.48438e-07 -5.15705e-22 -1.87453e-06  6.51934e-22  6.14716e-06  2.02999e-21  -1.5998e-05  -1.5878e-20  3.31237e-05  5.85878e-20 -5.41694e-05  -1.5574e-19  6.85092e-05  3.28298e-19 -6.38604e-05 -5.70157e-19  3.86899e-05   8.2927e-19 -7.98857e-06 -1.01206e-18 -8.97196e-06  1.02192e-18   7.6529e-06 -8.20259e-19 -1.50464e-08  4.71065e-19 -2.56053e-06 -1.20371e-19  5.28664e-07 -9.60044e-20  7.31842e-07  1.44388e-19   -1.901e-07 -9.51867e-20 -2.13351e-07  3.90811e-20  3.44847e-08 -1.50653e-20  6.02921e-08  1.34899e-20  2.35137e-09 -1.67117e-20 -1.37182e-08  1.81869e-20 -4.06865e-09 -1.68561e-20  1.72913e-09   1.2413e-20  1.36071e-09 -6.58672e-21  1.36247e-10  2.14511e-21 -1.91498e-10 -9.33383e-23 -9.40877e-11 -4.01758e-22 -6.77846e-12  3.40513e-22  1.08119e-11 -1.80551e-22  5.23223e-12  5.94375e-23  7.86282e-13 -2.45733e-24 -2.72675e-13 -1.13255e-23 -1.91077e-13  6.47081e-24  -5.0359e-14  5.24151e-25 -3.34668e-15 -1.90399e-24  2.62575e-15  2.64984e-25  1.21679e-15   3.2838e-25  2.77087e-16 -6.79965e-26  2.91012e-17 -2.97936e-26 -3.91916e-18  4.11651e-27 -2.52607e-18  1.11066e-27 -6.22098e-19  -3.1877e-29 -9.61327e-20  2.14102e-28 -8.40662e-21  3.05108e-29  1.95785e-22 -4.85278e-29  2.17106e-22 -8.61068e-30  4.35513e-23  2.98418e-30  5.55843e-24  4.94577e-31  5.00368e-25 -1.03412e-31    3.022e-26 -2.56731e-32  8.14458e-28 -8.06663e-34 -5.40044e-29  8.26269e-35 -8.26509e-30 -7.11531e-35 -5.36865e-31 -1.17254e-35 -2.10372e-32 -1.42553e-37 -4.88213e-34 -9.75581e-39 -5.43505e-36 -1.15604e-39
-6.15542e-27 -1.44343e-11  2.46654e-25  3.84618e-10 -3.68768e-24 -5.31933e-09  3.17183e-23  4.79028e-08 -1.79158e-22 -3.09344e-07  6.93884e-22  1.50842e-06 -1.76912e-21 -5.72289e-06  2.02999e-21  1.71823e-05  5.79669e-21 -4.11301e-05  -4.1903e-20  7.83967e-05  1.43768e-19 -0.000117597 -3.57162e-19  0.000134918  7.06798e-19  -0.00011088 -1.15702e-18  5.36887e-05  1.59123e-18  4.32836e-07 -1.83797e-18 -2.02658e-05  1.74952e-18   9.8588e-06 -1.30364e-18  3.35166e-06  6.58544e-19 -4.21516e-06 -8.44531e-20 -3.31991e-07 -2.13445e-19  1.34032e-06  2.31153e-19  6.79504e-08 -1.22733e-19 -3.79313e-07  3.55781e-20  -5.6208e-08 -1.00346e-20  9.01042e-08   1.4945e-20  3.15269e-08 -2.13168e-20 -1.37324e-08  2.29319e-20 -1.07209e-08 -2.05929e-20 -3.34181e-10  1.46951e-20  2.01364e-09 -7.64645e-21  7.62645e-10  2.54033e-21 -7.20604e-11 -1.69488e-22 -1.51602e-10 -4.72417e-22 -4.83845e-11  4.14293e-22  2.02769e-12 -1.99556e-22    7.118e-12  5.33699e-23   2.6478e-12  7.08293e-25  2.90322e-13  -1.2182e-23 -1.49685e-13  7.74156e-24 -8.61726e-14  4.02336e-25  -2.1229e-14 -2.41642e-24 -1.64167e-15  3.69963e-25  8.20495e-16  4.11712e-25  3.93464e-16 -8.10247e-26  9.21959e-17 -3.89703e-26  1.19721e-17  5.53001e-27 -3.54806e-20  1.49623e-27 -4.41616e-19 -2.81632e-28 -1.23345e-19  2.41719e-28 -2.08108e-20  5.50306e-29 -2.33263e-21 -5.27493e-29 -1.36812e-22 -1.09141e-29  7.86767e-24  2.50532e-30  3.20926e-24  5.01207e-31  4.62618e-25 -8.92384e-32  4.39366e-26 -2.67198e-32  2.96521e-27 -1.28677e-33  1.38175e-28  9.56187e-37   3.7749e-30 -6.22834e-35  9.13808e-33 -7.09686e-36 -3.52777e-33 -3.14647e-38 -1.19275e-34  -9.6488e-39 -1.14303e-36
  2.3079e-12 -7.86149e-26 -1.11726e-10  1.77755e-24  2.09786e-09 -2.01594e-23 -2.35784e-08  1.43619e-22   1.8275e-07 -7.01275e-22 -1.04715e-06  2.40821e-21  4.61396e-06 -5.53619e-21  -1.5998e-05  5.79669e-21  4.41934e-05  1.52386e-20  -9.7631e-05 -1.02103e-19  0.000171625  3.26482e-19 -0.000236073 -7.59478e-19  0.000244638  1.41358e-18  -0.00017434 -2.18555e-18  6.10189e-05  2.84834e-18   2.2334e-05 -3.12016e-18 -3.59383e-05  2.80236e-18  8.38134e-06  -1.9324e-18   9.6567e-06  8.36559e-19 -5.15688e-06  3.10802e-20 -2.33405e-06 -3.95885e-19  1.77175e-06  3.36209e-19  6.90139e-07  -1.3979e-19 -4.62552e-07  1.96296e-20  -2.4141e-07  1.54426e-22  7.96601e-08   1.5279e-20  7.61274e-08 -2.54828e-20  3.17811e-10  2.71008e-20 -1.67169e-08 -2.35128e-20 -5.26393e-09  1.61876e-20   1.5099e-09 -8.35258e-21  1.50601e-09  2.96086e-21   3.0224e-10 -3.25748e-22 -1.24793e-10 -5.27287e-22 -9.45428e-11  4.87542e-22 -2.08911e-11 -2.09703e-22  3.54644e-12  4.22924e-23  3.89685e-12  2.93853e-24  1.20463e-12 -1.20746e-23  1.03861e-13  9.24759e-24 -6.59172e-14  1.10471e-25 -3.40008e-14 -2.95617e-24 -8.12685e-15  4.80649e-25 -7.87367e-16  4.96421e-25  1.89168e-16  -9.2178e-26  1.04699e-16 -4.71561e-26  2.56115e-17  7.06729e-27  3.82247e-18  1.67433e-27  2.47824e-19  -5.8204e-28 -4.35025e-20  2.67656e-28 -1.73155e-20  7.71657e-29 -3.20717e-21 -5.54801e-29 -4.00353e-22 -1.32234e-29 -3.41528e-23  1.83472e-30 -1.55664e-24  4.70748e-31  5.84726e-26  -7.5934e-32  1.89394e-26 -2.56769e-32  1.98308e-27 -1.48916e-33  1.31395e-28 -6.76089e-35  5.90509e-30 -4.78906e-35  1.73697e-31 -3.48141e-36  2.94018e-33 -8.36401e-39  1.98231e-35 -5.07715e-39
 1.61348e-26  2.39263e-11  -6.7373e-25 -6.68118e-10  1.05436e-23  9.69716e-09 -9.56843e-23  -9.1795e-08  5.78729e-22  6.24291e-07 -2.47762e-21 -3.21307e-06  7.61248e-21  1.29011e-05  -1.5878e-20 -4.11301e-05  1.52386e-20  0.000104999  3.70026e-20 -0.000214707 -2.30386e-19  0.000348563  6.87934e-19 -0.000439187 -1.50112e-18  0.000408437  2.63254e-18 -0.000245764  -3.8523e-18  4.67605e-05  4.76907e-18  6.30076e-05 -4.96577e-18 -5.21338e-05  4.21213e-18 -7.70044e-07  -2.6763e-18  1.84772e-05  9.51864e-19 -3.71924e-06  2.61651e-19 -5.50348e-06 -6.46836e-19  1.43712e-06  4.46461e-19  1.66205e-06 -1.36355e-19 -2.77587e-07 -1.09314e-20 -4.87542e-07  1.51626e-20 -1.68136e-08  1.40511e-20  1.15654e-07 -2.85037e-20  3.41054e-08   3.0177e-20 -1.53351e-08 -2.50723e-20 -1.19712e-08  1.64741e-20 -1.15492e-09 -8.59205e-21  1.75441e-09  3.42809e-21  8.63266e-10 -5.68354e-22  6.17816e-11 -5.66417e-22 -1.01689e-10  5.53761e-22 -4.97783e-11 -2.09317e-22  -7.7263e-12  2.84793e-23    2.528e-12  3.20708e-24  1.83855e-12  -1.1119e-23  5.00208e-13  1.10307e-23  3.96035e-14 -3.23064e-25 -2.35403e-14 -3.49303e-24 -1.16234e-14  5.84497e-25 -2.76969e-15  5.74036e-25  -3.2964e-16  -1.0018e-25  2.41281e-17 -5.26472e-26  2.17828e-17  8.72958e-27    5.711e-18  1.53257e-27  9.34763e-19 -9.15802e-28  9.38832e-20  2.87563e-28  1.73127e-21  9.41161e-29 -1.41873e-21 -5.69519e-29 -3.26013e-22 -1.53726e-29 -4.37933e-23  1.05005e-30 -4.12446e-24  4.00743e-31 -2.72258e-25 -6.45566e-32 -1.08069e-26 -2.25425e-32 -1.13463e-29 -1.41178e-33  3.14545e-29 -1.04105e-34  2.28073e-30 -3.14205e-35  8.52514e-32 -1.27493e-36  1.68743e-33 -1.21704e-38   1.1992e-35
 -3.2565e-12  1.90225e-25  1.65725e-10 -4.48453e-24 -3.27515e-09  5.32723e-23  3.87963e-08 -4.00648e-22 -3.17434e-07  2.09538e-21  1.92378e-06 -7.95338e-21 -8.98597e-06  2.20268e-20  3.31237e-05  -4.1903e-20  -9.7631e-05  3.70026e-20  0.000231245  8.32309e-20 -0.000438818 -4.82593e-19  0.000658481  1.34803e-18 -0.000758452 -2.76358e-18  0.000626944  4.57458e-18 -0.000304118 -6.34994e-18 -7.29422e-06  7.48755e-18  0.000123414 -7.42987e-18 -6.04532e-05  5.95758e-18 -2.13012e-05 -3.46757e-18  2.72767e-05   9.3918e-19  2.02554e-06  6.32844e-19 -9.05893e-06 -9.54432e-19 -3.58508e-07  5.42052e-19  2.68092e-06 -1.04746e-19  3.60877e-07 -5.44806e-20 -6.71234e-07  3.34732e-20  -2.2466e-07  1.07341e-20  1.10252e-07 -2.98803e-20  8.19979e-08  3.19504e-20   1.0276e-09 -2.48589e-20 -1.64405e-08  1.52486e-20 -6.02077e-09 -8.34056e-21  7.07395e-10  3.95876e-21   1.2814e-09 -8.73568e-22  4.00649e-10 -5.92705e-22 -2.16206e-11  6.02456e-22 -6.20624e-11 -1.98077e-22  -2.2974e-11  1.53867e-23 -2.53033e-12  8.29251e-25  1.30454e-12 -9.66535e-24  7.58619e-13  1.30535e-23  1.90508e-13 -8.30806e-25  1.64195e-14 -3.98691e-24 -6.64697e-15  6.68815e-25 -3.37457e-15  6.34702e-25 -8.16979e-16 -1.04178e-25 -1.13622e-16  -5.3785e-26 -2.64341e-18  1.05373e-26  3.19407e-18  1.02373e-27  9.69582e-19 -1.26413e-27  1.70534e-19  2.95795e-28  2.02622e-20  1.03954e-28  1.44672e-21 -5.73596e-29 -3.66701e-24  -1.7138e-29 -1.76306e-23   2.4142e-31 -2.82128e-24  2.96814e-31 -2.75847e-25 -5.50739e-32  -1.8878e-26  -1.7911e-32 -9.04836e-28 -1.14123e-33 -2.79583e-29 -1.03804e-34 -4.03336e-31 -1.66104e-35  4.06078e-33 -2.63935e-37  2.07943e-34 -1.03345e-38
-3.47188e-26 -2.99885e-11  1.50894e-24  8.85046e-10 -2.46409e-23 -1.35906e-08  2.34417e-22  1.36281e-07 -1.49765e-21 -9.83305e-07  6.86914e-21  5.37926e-06 -2.33253e-20 -2.30117e-05  5.85878e-20  7.83967e-05 -1.02103e-19 -0.000214707  8.32309e-20  0.000473564  1.73846e-19 -0.000835842 -9.40475e-19   0.00115977  2.46119e-18  -0.00121716 -4.74719e-18   0.00088144  7.43017e-18  -0.00031421 -9.80745e-18 -0.000118552  1.10493e-17   0.00019578 -1.04799e-17  -4.8518e-05  7.95124e-18 -5.41729e-05 -4.20575e-18  3.10132e-05  7.35257e-19  1.32499e-05  1.14862e-18 -1.11735e-05 -1.28877e-18 -4.02201e-06  6.00362e-19  3.09854e-06  -4.3454e-20  1.49504e-06 -1.04874e-19 -5.88705e-07  5.29429e-20 -5.07622e-07  4.73157e-21  1.52565e-08 -2.96672e-20  1.20738e-07  3.26428e-20  3.49102e-08 -2.26288e-20 -1.25462e-08  1.23956e-20 -1.11874e-08 -7.69158e-21 -2.03465e-09  4.54649e-21  1.04268e-09 -1.18315e-21  7.32458e-10 -6.07598e-22  1.53671e-10  6.19651e-22 -3.15164e-11 -1.77375e-22 -3.13878e-11  6.85595e-24 -9.53351e-12 -4.32445e-24 -7.89971e-13 -8.19129e-24  5.35904e-13  1.51804e-23  2.74189e-13 -1.32807e-24  6.60543e-14  -4.3904e-24  6.76468e-15   7.2447e-25 -1.36363e-15  6.68858e-25 -8.05327e-16 -1.03818e-25 -2.01555e-16 -4.93414e-26 -3.12203e-17  1.25147e-26 -2.40515e-18   1.8219e-28  2.26363e-19  -1.6078e-27  1.14362e-19  2.87318e-28  2.21334e-20  1.05979e-28   2.8439e-21 -5.66861e-29  2.55363e-22 -1.82545e-29  1.41579e-23 -4.98742e-31  7.08308e-26  1.73167e-31 -7.80329e-26 -4.68903e-32 -9.09905e-27  -1.2793e-32  -6.0197e-28 -8.00955e-34 -2.59147e-29  -7.6809e-35 -7.05588e-31 -6.13522e-36 -1.05173e-32  3.21011e-38 -5.30912e-35
  3.3913e-12  -3.7946e-25 -1.83558e-10  9.31881e-24  3.85993e-09 -1.15631e-22 -4.86856e-08  9.12502e-22  4.24571e-07 -5.04435e-21 -2.74609e-06  2.05175e-20  1.37135e-05 -6.27877e-20 -5.41694e-05  1.43768e-19  0.000171625 -2.30386e-19 -0.000438818  1.73846e-19  0.000904377  3.37899e-19  -0.00148761 -1.70821e-18   0.00190831  4.19335e-18  -0.00181585 -7.61933e-18   0.00112627  1.12961e-17 -0.000230576 -1.42178e-17 -0.000295138   1.5361e-17  0.000260513 -1.39746e-17 -3.17697e-06  1.00419e-17 -9.48551e-05  -4.7739e-18  2.29774e-05  2.96611e-19  2.90324e-05  1.78259e-18 -9.24288e-06 -1.60425e-18 -9.15673e-06  6.02178e-19  2.06623e-06  4.01144e-20  2.86857e-06 -1.52353e-19 -3.52931e-08  7.18249e-20 -7.40939e-07 -4.46218e-21 -1.87851e-07 -2.87692e-20  1.12706e-07  3.28571e-20  7.71877e-08 -1.82803e-20  4.53795e-09  8.05404e-21 -1.28042e-08 -6.85991e-21 -5.76768e-09  5.14361e-21 -2.32406e-10  -1.4117e-21  7.71356e-10  -6.0675e-22  3.52412e-10  5.90806e-22  4.90712e-11 -1.50189e-22 -2.05097e-11   6.0645e-24 -1.36844e-11 -1.18016e-23 -3.61864e-12 -7.15701e-24 -2.63766e-13  1.71852e-23  1.78493e-13 -1.74232e-24  8.60068e-14 -4.65458e-24  2.04484e-14  7.48693e-25  2.49224e-15  6.69359e-25 -1.42921e-16 -9.91117e-26 -1.49616e-16 -3.88297e-26 -3.99008e-17  1.46644e-26 -6.65057e-18 -8.86346e-28 -7.05105e-19 -1.92746e-27 -2.53701e-20  2.59638e-28  7.22489e-21  1.00825e-28  1.85771e-21   -5.465e-29  2.55509e-22 -1.84683e-29  2.43456e-23 -1.08756e-30  1.64971e-24  4.98356e-32  7.33056e-26 -3.94604e-32  1.32546e-27 -8.22194e-33 -7.37068e-29 -4.94101e-34    -6.65e-30 -4.10477e-35 -2.30172e-31 -6.80479e-37 -3.50691e-33  4.28279e-38
 6.17239e-26  2.71126e-11 -2.79532e-24 -8.59233e-10  4.76074e-23  1.41631e-08 -4.73689e-22 -1.52458e-07  3.17903e-21  1.18139e-06 -1.54227e-20 -6.94731e-06  5.61302e-20  3.19942e-05  -1.5574e-19 -0.000117597  3.26482e-19  0.000348563 -4.82593e-19 -0.000835842  3.37899e-19   0.00161489  6.12242e-19  -0.00247989 -2.89614e-18   0.00293866  6.67567e-18  -0.00251703 -1.14385e-17   0.00128758  1.60923e-17 -8.35924e-06 -1.93759e-17 -0.000526314  2.01642e-17  0.000286929 -1.76681e-17  8.37804e-05  1.20355e-17 -0.000131727 -5.06257e-18 -2.85088e-06 -3.84627e-19  4.53335e-05  2.47619e-18 -8.24933e-07  -1.8471e-18 -1.41945e-05  5.38106e-19 -1.07988e-06  1.29374e-19  3.86374e-06 -1.86108e-19  1.05473e-06  8.98911e-20 -7.30144e-07   -1.694e-20 -4.57101e-07 -2.90353e-20  2.31111e-08  3.33275e-20  1.05009e-07 -1.17949e-20   3.3434e-08  2.65128e-21 -6.74548e-09 -6.14988e-21 -8.44101e-09  5.65185e-21 -2.35963e-09 -1.46657e-21  2.66478e-10 -5.78635e-22  4.31869e-10  5.05606e-22  1.48449e-10 -1.20249e-22  1.32136e-11  1.46133e-23 -9.80494e-12 -2.07177e-23 -5.22863e-12 -6.88255e-24 -1.26511e-12  1.87784e-23 -9.91029e-14 -2.03985e-24  4.72463e-14 -4.73729e-24  2.29518e-14  7.45683e-25  5.49196e-15  6.33423e-25  7.67739e-16 -9.01358e-26  2.30534e-17 -2.26382e-26 -1.93182e-17  1.69419e-26 -5.98946e-18 -2.03563e-27 -1.06022e-18 -2.20407e-27 -1.27989e-19  2.13809e-28 -9.81491e-21   9.0258e-29 -1.76769e-22 -5.08238e-29  7.52885e-23 -1.76177e-29  1.31393e-23 -1.46511e-30  1.28875e-24 -5.28482e-32  8.66456e-26 -3.26189e-32  4.06014e-27 -4.86053e-33  1.25036e-28 -2.72007e-34  2.10951e-30 -1.23128e-35  7.22332e-33  9.27719e-37 -1.72362e-34
-2.39838e-12  6.26647e-25  1.41689e-10 -1.60561e-23 -3.24317e-09  2.08106e-22  4.44402e-08 -1.72029e-21 -4.20511e-07  1.00023e-20  2.94955e-06 -4.30644e-20  -1.5976e-05  1.41265e-19  6.85092e-05 -3.57162e-19 -0.000236073  6.87934e-19  0.000658481 -9.40475e-19  -0.00148761  6.12242e-19   0.00270305   1.0357e-18    -0.003881 -4.58914e-18    0.0042416  9.93938e-18  -0.00323553 -1.60728e-17   0.00127239  2.14967e-17  0.000380148 -2.48556e-17 -0.000775857   2.5052e-17  0.000239447 -2.12458e-17  0.000209062  1.37308e-17 -0.000147125 -4.99454e-18 -4.84173e-05 -1.27263e-18  5.50719e-05  3.14561e-18  1.49331e-05 -1.96638e-18 -1.64977e-05  4.12959e-19 -6.30068e-06  2.01331e-19  3.63199e-06 -1.97802e-19  2.46899e-06  1.09165e-19  -2.9126e-07 -3.19728e-20 -6.76177e-07 -3.30373e-20  -1.5322e-07  3.45374e-20  8.89336e-08  -3.1974e-21   6.3272e-08 -3.10839e-21  8.36266e-09 -5.88694e-21 -7.38733e-09  5.93006e-21 -4.36983e-09  -1.2759e-21 -7.65306e-10 -5.08219e-22  2.56683e-10  3.62795e-22  2.01432e-10 -9.06187e-23  5.62996e-11  3.21498e-23  3.21305e-12 -2.99749e-23 -3.76607e-12 -7.48602e-24 -1.75541e-12  1.96418e-23 -4.04801e-13 -2.24136e-24 -3.81683e-14  -4.6129e-24  9.24253e-15  7.24456e-25  5.04373e-15  5.63756e-25  1.23524e-15 -7.67753e-26  1.89896e-16 -1.95698e-27  1.50876e-17  1.92431e-26 -1.10429e-18 -3.11615e-27 -6.16858e-19 -2.42012e-27 -1.19709e-19  1.54106e-28 -1.53349e-20  7.66905e-29 -1.38721e-21 -4.48883e-29 -8.18863e-23 -1.57107e-29 -1.63671e-24  -1.6064e-30  2.43783e-25 -1.20463e-31  3.17588e-26  -2.6506e-32  2.04178e-27 -2.82323e-33  8.10974e-29 -1.36776e-34  1.92279e-30  2.47027e-36  2.19591e-32  6.61023e-37
-9.05243e-26 -1.55271e-11  4.29134e-24  5.50934e-10 -7.63896e-23 -1.00934e-08  7.95473e-22  1.20114e-07 -5.60257e-21 -1.02508e-06  2.86288e-20  6.62246e-06 -1.10376e-19 -3.34612e-05  3.28298e-19  0.000134918 -7.59478e-19 -0.000439187  1.34803e-18   0.00115977 -1.70821e-18  -0.00247989   1.0357e-18   0.00425142   1.6379e-18  -0.00571462 -6.80342e-18   0.00574544  1.38495e-17  -0.00384112 -2.11435e-17  0.000988842  2.69332e-17  0.000928104 -3.00464e-17 -0.000982757   2.9531e-17  8.87822e-05 -2.43819e-17  0.000353305  1.49581e-17 -0.000121748 -4.54204e-18 -0.000108485 -2.29109e-18  4.98028e-05  3.69629e-18  3.59496e-05 -1.92528e-18 -1.31173e-05  2.46454e-19 -1.24522e-05  2.31713e-19  1.44037e-06 -1.84842e-19  3.67166e-06  1.33868e-19  6.28012e-07 -4.76649e-20 -6.82839e-07 -4.35199e-20 -3.69716e-07  3.63461e-20  9.21132e-09   7.4193e-21  7.55672e-08 -8.31553e-21  2.84439e-08 -6.32489e-21 -9.74921e-10  5.82347e-21 -4.80453e-09 -8.15853e-22 -1.90183e-09  -3.8539e-22 -1.86993e-10  1.72649e-22  1.45558e-10 -6.22928e-23   8.1381e-11  5.67158e-23  1.96292e-11 -3.84085e-23  8.73306e-13  -8.8836e-24  -1.1848e-12  1.94642e-23  -5.1334e-13 -2.42081e-24 -1.16214e-13 -4.28137e-24 -1.32677e-14  6.94487e-25  1.01958e-15  4.68247e-25  8.65223e-16 -5.86802e-26  2.22923e-16  2.14577e-26  3.64795e-17  2.14125e-26  3.85746e-18 -4.00502e-27  1.57365e-19  -2.5617e-27 -3.22262e-20  8.66686e-29 -8.59835e-21  6.25277e-29 -1.16959e-21 -3.69103e-29 -1.09386e-22 -1.29577e-29 -7.30415e-24 -1.52728e-30 -3.29769e-25 -1.48623e-31 -7.76473e-27  -2.1266e-32  9.62911e-29 -1.78617e-33  1.41209e-29  -6.4516e-35  4.29049e-31  5.44344e-36  4.05461e-33
