 3.11909e-11   1.7021e-26 -5.97881e-10 -1.75917e-24  4.19729e-09  3.60561e-24 -1.64185e-08  1.55164e-22  4.03385e-08 -1.45577e-21 -6.43114e-08  6.63495e-21   6.4267e-08 -1.92587e-20 -3.34195e-08  3.86633e-20 -6.52358e-10 -5.43736e-20  9.92478e-09  4.99924e-20 -1.61465e-09 -1.91197e-20 -2.65639e-09 -2.29408e-20  2.90691e-10  4.97966e-20  7.30253e-10 -4.83561e-20  8.20683e-11  2.86318e-20 -1.54251e-10 -9.33661e-21  -6.8889e-11 -8.00074e-23  9.33127e-12  1.75057e-21  1.84951e-11  -8.9812e-22  6.03488e-12  1.88808e-22 -8.80015e-13  1.37649e-23 -1.54168e-12  7.33326e-24  -5.9781e-13 -2.67377e-23 -4.01659e-14  2.32055e-24  7.46788e-14  1.29337e-23  4.44889e-14 -4.65537e-24  1.24611e-14 -2.16466e-24  5.36743e-16  7.49524e-25 -1.27729e-15  5.03344e-25 -7.16966e-16   2.5353e-27 -2.24206e-16 -1.41794e-25 -3.93461e-17 -1.22082e-26  1.75824e-18  1.36423e-26  4.25727e-18  7.36228e-27  1.85147e-18  6.24614e-29  5.29748e-19 -1.07043e-27   1.0915e-19 -3.08608e-28  1.40113e-20 -1.68121e-30 -3.43529e-22  3.89259e-29 -8.48108e-22  1.66979e-29 -3.06475e-22  2.28468e-30 -7.63088e-23 -1.36447e-30 -1.50857e-23 -8.95817e-31 -2.44663e-24 -1.88171e-31 -3.20969e-25  6.93177e-33 -3.12255e-26  2.14934e-32 -1.36505e-27  1.05098e-32  2.63206e-28  2.95774e-33  8.70259e-29  5.52543e-34  1.56831e-29  8.56055e-35  2.16669e-30  1.20519e-35  2.47814e-31  1.46573e-36  2.40992e-32  1.92315e-37  2.01023e-33  1.88095e-38  1.43766e-34 -1.68699e-39  8.74738e-36 -9.10455e-40   4.4717e-37 -1.80151e-40   1.8878e-38 -2.54871e-41  6.40519e-40 -2.50631e-42  1.60382e-41 -1.62842e-43  2.69881e-43 -6.96368e-45  3.46916e-45   -1.782e-46  2.25957e-47  -1.7339e-48
  1.7021e-26  8.79272e-10  2.53032e-24 -9.50786e-09 -6.80159e-23  5.02309e-08  3.57483e-22 -1.60016e-07  3.76835e-25  3.29831e-07 -7.17679e-21 -4.42193e-07  3.69591e-20  3.58492e-07  -1.0631e-19 -1.22511e-07  2.05305e-19 -4.90252e-08 -2.76486e-19  4.98523e-08  2.47049e-19  7.14314e-09 -1.04787e-19 -1.39456e-08 -6.87933e-20  -3.0617e-09  1.66176e-19  3.12794e-09 -1.52794e-19  1.49367e-09  8.19853e-20 -3.25575e-10 -2.25023e-20 -4.57182e-10  -1.6962e-21 -9.96923e-11  4.19929e-21  5.68047e-11 -1.67756e-21  4.52894e-11  1.18519e-22   9.8342e-12  2.16583e-22 -3.67926e-12 -1.35588e-23 -3.55177e-12 -1.12509e-22 -1.18125e-12  2.57186e-23 -4.57837e-14  4.33041e-23  1.52052e-13 -1.73515e-23  8.54638e-14 -7.60593e-24  2.44257e-14  2.43366e-24  2.11649e-15  1.88949e-24 -1.71983e-15  7.75455e-26 -1.09596e-15   -4.878e-25 -3.74635e-16 -7.35011e-26  -8.2089e-17  4.31478e-26  -7.3739e-18  2.87345e-26  2.98075e-18  1.96807e-27  1.87372e-18 -3.57654e-27  6.24197e-19 -1.29757e-27  1.51815e-19 -6.68756e-29  2.79214e-20  1.35795e-28  3.46103e-21  6.29626e-29  6.02232e-23  8.61217e-30 -1.15838e-22 -5.32027e-30 -4.15088e-23 -3.30254e-30 -9.73263e-24 -6.85876e-31 -1.80966e-24  3.07327e-32 -2.81066e-25  8.44694e-32 -3.69706e-26   4.0153e-32 -4.08443e-27  1.13361e-32 -3.64862e-28  2.26148e-33 -2.32742e-29  3.81815e-34 -4.27063e-31  5.75389e-35  1.47081e-31  7.58166e-36   2.7794e-32  9.18025e-37  3.19407e-33   7.3046e-38   2.8063e-34  -3.9274e-39  1.98851e-35 -2.14305e-39  1.15138e-36 -3.79702e-40  5.42734e-38 -4.70948e-41  2.03084e-39 -4.00133e-42  5.71003e-41 -2.19947e-43  1.13257e-42 -7.55379e-45  1.46216e-44 -1.34719e-46  7.73427e-47
-5.97881e-10  2.53032e-24   1.2136e-08  4.79108e-23 -9.06295e-08 -8.72442e-22  3.79388e-07  4.29731e-21 -1.00617e-06 -7.14946e-21   1.7559e-06 -1.74342e-20 -1.97453e-06   1.3127e-19  1.25746e-06 -3.86449e-19  -1.8139e-07  7.23716e-19 -3.05164e-07 -9.33114e-19  1.25249e-07  8.01809e-19  7.53688e-08 -3.48244e-19 -3.37606e-08 -1.44399e-19 -2.39896e-08  3.84346e-19  4.36538e-09 -3.29608e-19  7.12846e-09  1.56901e-19   1.1124e-09 -3.41891e-20 -1.26922e-09 -5.44425e-21 -7.41437e-10  6.33993e-21 -4.10974e-11 -2.09822e-21  1.32697e-10 -1.83744e-22  7.02329e-11  7.49164e-22  9.68223e-12 -1.33229e-22 -7.45276e-12 -3.06378e-22 -5.40532e-12   9.6058e-23 -1.62824e-12  1.06315e-22 -5.17616e-14 -4.52601e-23  1.98277e-13  -1.9775e-23  1.09974e-13  5.73669e-24  3.28775e-14  5.06367e-24  4.41438e-15  3.34423e-25 -1.22255e-15 -1.18466e-24 -1.03577e-15 -2.52131e-25   -3.931e-16  9.35936e-26 -1.00543e-16  7.71809e-26 -1.64669e-17  8.76784e-27   -3.645e-19 -8.37755e-27  8.89103e-19 -3.57668e-27  3.92246e-19 -2.70081e-28  1.10891e-19   3.2973e-28  2.41365e-20  1.57863e-28  4.16746e-21  1.87251e-29  5.43046e-22 -1.51545e-29  3.96258e-23 -8.51666e-30  -3.8259e-24 -1.68953e-30 -2.19084e-24  1.19219e-31 -5.24747e-25  2.35818e-31 -9.33071e-26   1.0754e-31 -1.36413e-26  3.02815e-32 -1.69662e-27  6.27786e-33  -1.8164e-28  1.10065e-33 -1.67454e-29  1.68781e-34 -1.31788e-30  2.25008e-35 -8.67739e-32  2.58899e-36 -4.58156e-33  1.94819e-37 -1.74672e-34  -3.0317e-39 -2.93144e-36 -3.08478e-39  1.81573e-37  -5.1197e-40  1.96092e-38 -5.63743e-41  9.88323e-40 -4.12329e-42  3.09272e-41 -1.87992e-43  6.07342e-43 -4.92899e-45  6.68219e-45 -5.00748e-47
-1.75917e-24 -9.50786e-09  4.79108e-23  1.09333e-07    4.889e-22 -6.17406e-07 -6.80672e-21  2.11707e-06   2.9852e-20 -4.74658e-06 -5.90819e-20  7.04774e-06 -3.35473e-22 -6.58855e-06  3.38722e-19  3.08721e-06 -1.07142e-18  3.53465e-07  1.96389e-18 -1.06248e-06 -2.42569e-18  9.66356e-08  1.99012e-18  3.00881e-07 -8.46976e-19 -1.36637e-08 -2.56085e-19 -8.33686e-08    7.147e-19 -1.35663e-08 -5.60174e-19  1.74029e-08  2.29377e-19  8.84783e-09 -3.58843e-20 -8.38732e-10 -8.89147e-21 -2.30821e-09  5.87044e-21 -8.15209e-10 -2.40485e-21  9.74172e-11 -2.84209e-22  2.04103e-10  1.75408e-21  8.27255e-11 -4.74495e-22   6.3098e-12  -6.6216e-22 -1.03547e-11  2.49165e-22 -6.36779e-12   2.1765e-22 -1.82444e-12 -9.59406e-23 -8.52661e-14 -4.30222e-23  1.88863e-13  1.12614e-23   1.0797e-13  1.11193e-23  3.42722e-14   9.4667e-25  6.14045e-15 -2.35333e-24 -2.31875e-16 -6.39528e-25 -6.51844e-16  1.61168e-25 -2.88259e-16  1.65109e-25 -8.36133e-17  2.41135e-26 -1.75504e-17 -1.59485e-26 -2.35968e-18 -7.58913e-27  8.85669e-21 -6.44498e-28  1.22858e-19  6.46771e-28  4.61688e-20  3.02083e-28  1.16866e-20  2.26546e-29  2.33989e-21 -3.64234e-29  3.85423e-22 -1.78406e-29  5.19585e-23 -3.24758e-30  5.40506e-24  3.82571e-31  3.32179e-25  5.37282e-31 -1.84088e-26   2.3285e-31 -9.81954e-27  6.49067e-32  -1.8973e-27   1.3678e-32  -2.6698e-28  2.41858e-33 -3.05441e-29  3.68155e-34 -2.94281e-30  4.83685e-35 -2.41588e-31   5.3282e-36 -1.69109e-32  3.95657e-37 -1.00298e-33   4.8088e-39 -4.97966e-35  -3.0488e-39 -2.02637e-36 -5.04398e-40 -6.54437e-38 -4.99537e-41 -1.60012e-39 -3.12369e-42 -2.82305e-41 -1.14726e-43 -2.96794e-43 -2.10195e-45 -1.04325e-45
 4.19729e-09 -6.80159e-23 -9.06295e-08    4.889e-22   7.2315e-07  3.38923e-21 -3.25346e-06 -3.81169e-20  9.35005e-06  1.48158e-19 -1.79116e-05 -2.94772e-19   2.2649e-05  1.89947e-19 -1.72823e-05  6.52855e-19  5.08582e-06  -2.4093e-18  2.98888e-06  4.36783e-18  -2.4471e-06 -5.17283e-18 -5.31021e-07  4.03035e-18   7.2619e-07 -1.63143e-18  2.01717e-07  -4.2492e-19 -1.66506e-07  1.13621e-18 -9.04515e-08 -7.93068e-19  1.64395e-08  2.65468e-19  2.74671e-08 -2.35146e-20  6.48777e-09 -5.47244e-21 -3.45737e-09   2.9129e-22   -2.903e-09 -3.73759e-21  -6.4724e-10  6.04595e-22  2.46232e-10  3.36133e-21  2.41237e-10 -1.18268e-21  8.06749e-11 -1.22727e-21  2.51188e-12  5.24687e-22 -1.10756e-11  3.89442e-22  -6.1909e-12 -1.76047e-22 -1.75941e-12 -8.19697e-23 -1.39261e-13  1.94549e-23  1.34562e-13  2.11552e-23  8.39755e-14  2.14279e-24  2.85975e-14 -4.05948e-24   6.2411e-15 -1.32232e-24  5.43094e-16  2.33439e-25 -2.37932e-16  2.98188e-25 -1.47137e-16  4.98693e-26 -4.89458e-17 -2.62934e-26 -1.19318e-17 -1.32546e-26 -2.21016e-18 -1.09643e-27 -2.80592e-19  1.08186e-27 -7.84009e-21  4.55399e-28  8.20798e-21 -6.85929e-30  3.04494e-21 -7.76187e-29  7.19742e-22 -3.23401e-29  1.34173e-22 -5.15399e-30  2.08752e-23  9.99896e-31  2.75687e-24  1.05258e-30  3.07977e-25  4.31006e-31  2.83609e-26  1.17975e-31  1.99308e-27  2.48253e-32  7.67604e-29  4.34351e-33 -4.51296e-30  6.46738e-34 -1.29065e-30  8.25749e-35 -1.57542e-31  8.71198e-36 -1.38455e-32  6.41699e-37 -9.57014e-34  1.90678e-38 -5.30943e-35 -1.99119e-39 -2.34856e-36 -3.76962e-40 -8.04475e-38 -3.42365e-41 -2.03832e-39 -1.81096e-42 -3.50939e-41 -5.11608e-44 -3.20664e-43 -5.36701e-46
 3.60561e-24  5.02309e-08 -8.72442e-22 -6.17406e-07  3.38923e-21  3.74524e-06  1.76399e-20 -1.38884e-05 -1.65676e-19  3.40071e-05  5.73015e-19 -5.60513e-05 -1.09169e-18  6.01496e-05  9.54479e-19 -3.61791e-05  8.92023e-19  3.39453e-06 -4.54967e-18  1.00745e-05  8.25126e-18 -3.56168e-06 -9.37781e-18 -2.64506e-06  6.90875e-18  1.03591e-06  -2.5969e-18  8.50426e-07   -6.886e-19 -1.33527e-07  1.59559e-18 -2.56882e-07 -9.59808e-19 -4.31333e-08  2.36926e-19  4.75759e-08 -1.40946e-21  2.85177e-08  1.30966e-20  1.41895e-09 -1.17546e-20 -5.42517e-09 -7.65719e-21 -2.85218e-09  3.23048e-21 -3.59327e-10  5.63182e-21  3.37047e-10 -2.37426e-21  2.35738e-10 -2.01548e-21  6.88308e-11  9.57276e-22   4.4044e-13  6.23551e-22 -9.58605e-12 -2.89994e-22 -5.11613e-12 -1.40267e-22 -1.48858e-12  3.04649e-23 -1.79906e-13  3.59419e-23  6.76826e-14  4.17972e-24  5.17304e-14 -6.26296e-24   1.9174e-14  -2.3385e-24  4.82298e-15  2.92186e-25  7.66793e-16  4.68301e-25  6.80684e-18  8.32995e-26 -4.59412e-17 -3.89973e-26 -1.96103e-17 -1.97721e-26 -5.47647e-18 -1.40061e-27 -1.18391e-18  1.55713e-27 -2.03786e-19  5.13899e-28 -2.66664e-20 -1.18297e-28 -2.03215e-21 -1.49661e-28   1.4937e-22 -5.25692e-29  9.64957e-23 -6.93929e-30  2.32808e-23  2.17238e-30  4.11974e-24  1.81839e-30  5.96893e-25  7.01443e-31   7.3424e-26  1.87079e-31  7.76845e-27  3.87607e-32  7.08149e-28  6.62225e-33  5.52638e-29  9.54945e-34  3.63673e-30  1.17395e-34   1.9608e-31  1.18283e-35   8.1624e-33  8.57452e-37  2.21821e-34  3.41448e-38   6.1878e-37 -5.20521e-40 -3.00546e-37 -2.11176e-40 -1.69871e-38 -1.83235e-41  -5.1166e-40 -8.07507e-43  -8.6403e-42 -1.61572e-44 -5.41237e-44
-1.64185e-08  3.57483e-22  3.79388e-07 -6.80672e-21 -3.25346e-06  1.76399e-20  1.58194e-05  7.29295e-20 -4.95186e-05 -5.85228e-19  0.000104559  1.81138e-18 -0.000148836 -3.24234e-18  0.000134303  3.08281e-18 -5.93621e-05  5.97495e-19 -1.07786e-05 -7.38308e-18  2.30271e-05  1.35545e-17 -1.37548e-06  -1.4792e-17 -6.90696e-06  1.02674e-17  1.91548e-07 -3.50569e-18  1.99442e-06 -1.07854e-18  3.39875e-07  2.01803e-18 -4.40085e-07 -1.00224e-18 -2.25321e-07  1.34891e-19  2.60919e-08  2.01768e-20  6.30841e-08  5.17685e-20  2.14585e-08 -2.96212e-20 -3.54671e-09 -1.50845e-20 -6.03866e-09  7.89589e-21 -2.33194e-09   8.4354e-21 -1.00853e-10 -4.09524e-21  3.45507e-10 -2.97148e-21  1.98568e-10  1.56881e-21  5.33688e-11  9.06744e-22  3.52981e-13 -4.39389e-22 -6.83799e-12 -2.19395e-22  -3.6311e-12  4.39009e-23 -1.10396e-12  5.55259e-23 -1.80685e-13  7.30269e-24   1.6864e-14 -8.75926e-24  2.43449e-14 -3.63154e-24   1.0178e-14   3.1942e-25  2.86853e-15  6.49889e-25  5.85149e-16  1.15532e-25  7.41512e-17 -5.35266e-26 -2.07141e-18 -2.58766e-26 -4.55328e-18 -1.38064e-27 -1.62897e-18  1.84829e-27 -4.03259e-19  2.97413e-28 -7.95201e-20 -3.77421e-28 -1.29429e-20 -2.63862e-28 -1.72969e-21 -7.84188e-29 -1.79723e-22 -8.03008e-30 -1.14767e-23  4.01944e-30   4.2785e-25  2.80856e-30  2.79853e-25  1.01971e-30   5.4243e-26  2.63179e-31  7.52119e-27   5.3101e-32  8.41663e-28   8.7744e-33  7.89009e-29   1.2162e-33  6.27103e-30  1.42907e-34  4.22755e-31  1.36869e-35   2.3993e-32  9.64725e-37  1.12957e-33  4.32324e-38    4.308e-35  6.33342e-40  1.28617e-36 -8.05902e-41  2.84433e-38 -7.52706e-42  4.18404e-40 -2.70724e-43  3.19461e-42 -3.17247e-45
 1.55164e-22 -1.60016e-07  4.29731e-21  2.11707e-06 -3.81169e-20 -1.38884e-05  7.29295e-20  5.60488e-05  2.48413e-19 -0.000150726 -1.73206e-18  0.000276864  4.82463e-18 -0.000340566 -8.04444e-18  0.000253851  7.71743e-18 -6.94473e-05 -9.12743e-19 -4.99545e-05 -1.04744e-17  3.84325e-05  1.96878e-17  9.38726e-06 -2.06326e-17 -1.22387e-05  1.34588e-17 -3.49963e-06 -4.08374e-18  3.01649e-06 -1.58247e-18  1.62267e-06  2.32833e-18 -3.52895e-07 -8.98609e-19 -5.31698e-07 -2.56484e-20 -1.12723e-07   3.2194e-20  7.80469e-08   1.0773e-19  5.97401e-08 -5.08654e-20  1.14318e-08 -2.53036e-20  -6.4403e-09  1.42969e-20 -5.43827e-09  1.13341e-20 -1.65827e-09 -6.31368e-21  4.86787e-11  -3.9496e-21  2.90067e-10  2.36497e-21  1.47738e-10  1.21145e-21    3.843e-11 -6.22717e-22    1.212e-12 -3.18038e-22 -3.99805e-12  5.83682e-23 -2.20565e-12  7.88512e-23 -7.09252e-13  1.16984e-23 -1.43477e-13 -1.11339e-23 -7.81054e-15 -5.02168e-24  7.75315e-15  3.05965e-25  4.10862e-15  8.03618e-25  1.30011e-15  1.32931e-25  3.06357e-16 -6.97406e-26  5.47171e-17 -3.06661e-26  6.48571e-18 -1.29919e-27  3.85605e-20  1.49222e-27 -2.37146e-19 -4.43416e-28 -8.08565e-20 -8.54433e-28 -1.84425e-20 -4.28682e-28 -3.35373e-21 -1.09149e-28 -5.10992e-22 -8.04327e-30 -6.62162e-23  6.45719e-30 -7.27164e-24  3.91029e-30 -6.60844e-25  1.33686e-30 -4.64297e-26  3.31973e-31 -1.93716e-27  6.46731e-32  6.28923e-29  1.02603e-32  2.29719e-29   1.3585e-33  2.79313e-30  1.51601e-34  2.37219e-31  1.37216e-35  1.55932e-32  9.27953e-37  8.09844e-34  4.30019e-38  3.29086e-35  1.11696e-39   1.0122e-36  -1.1153e-41  2.20795e-38 -2.23576e-42  2.94779e-40 -6.40143e-44  1.55757e-42
 4.03385e-08  3.76835e-25 -1.00617e-06   2.9852e-20  9.35005e-06 -1.65676e-19 -4.95186e-05  2.48413e-19  0.000170045  7.15295e-19 -0.000398162 -4.39024e-18  0.000640166  1.10607e-17 -0.000678484 -1.71035e-17  0.000404282  1.59824e-17 -3.10174e-05 -4.23868e-18 -0.000123107 -1.31778e-17  4.38081e-05  2.55919e-17  3.36917e-05 -2.57484e-17 -1.41258e-05  1.57713e-17 -1.12923e-05 -4.16244e-18  2.22924e-06 -2.12212e-18  3.67645e-06  2.47589e-18   4.8572e-07  -6.7515e-19 -7.77383e-07  -2.1158e-19 -4.20964e-07  3.30232e-20  4.00688e-09  1.69586e-19  9.58702e-08 -7.22543e-20  4.49975e-08 -3.56882e-20  3.12615e-09  2.16471e-20 -6.94776e-09  1.35703e-20 -4.20396e-09 -8.94171e-21 -1.06658e-09 -4.72807e-21  9.18743e-11  3.33594e-21  2.06898e-10  1.50359e-21  9.82644e-11 -8.34187e-22  2.57956e-11 -4.32268e-22  1.90113e-12  7.08018e-23 -1.84537e-12  1.03507e-22 -1.12808e-12  1.74336e-23 -3.87605e-13 -1.27737e-23 -9.10506e-14 -6.21298e-24 -1.25335e-14  2.61634e-25  7.54444e-16  8.88907e-25  1.13125e-15  1.21631e-25  4.30832e-16 -8.85999e-26   1.1429e-16 -3.48222e-26  2.37862e-17 -2.32953e-27  3.93922e-18 -2.72827e-28  4.87455e-19  -1.9928e-27  3.12522e-20 -1.60482e-27 -4.34252e-21 -6.46301e-28 -2.04865e-21 -1.43585e-28 -4.62576e-22 -7.07936e-30 -7.86626e-23  9.13107e-30 -1.10324e-23  4.93306e-30 -1.31658e-24  1.59018e-30 -1.35171e-25  3.78186e-31 -1.19488e-26   7.0662e-32 -9.03427e-28  1.07003e-32 -5.75822e-29  1.34588e-33 -3.01338e-30  1.41774e-34 -1.23077e-31  1.20464e-35 -3.46902e-33  7.71072e-37 -3.64187e-35  3.50937e-38  2.13806e-36  1.03335e-39   1.3115e-37  1.08037e-41  3.45682e-39 -3.95895e-43  4.17105e-41  -8.9788e-45
-1.45577e-21  3.29831e-07 -7.14946e-21 -4.74658e-06  1.48158e-19  3.40071e-05 -5.85228e-19 -0.000150726  7.15295e-19    0.0004488   1.7751e-18 -0.000924672 -9.69086e-18   0.00130632   2.2176e-17  -0.00118401 -3.17131e-17  0.000529104   2.8283e-17  0.000103068 -9.42701e-18 -0.000222684 -1.48929e-17  1.73095e-05  3.00161e-17  7.06032e-05 -2.89838e-17 -4.54882e-06  1.67115e-17 -2.19183e-05 -3.77366e-18 -2.74809e-06 -2.56895e-18  5.46863e-06  2.45124e-18   2.4431e-06 -3.96879e-19 -5.33917e-07 -3.83005e-19 -8.17248e-07  2.92135e-20 -2.30488e-07  2.20748e-19  7.57589e-08 -9.07572e-20  8.58495e-08 -4.23661e-20  2.82643e-08  2.89408e-20 -1.54497e-09  1.42034e-20 -5.85691e-09 -1.18645e-20 -2.88854e-09  -5.0627e-21  -6.4465e-10  4.45839e-21  7.33291e-11  1.75575e-21  1.27089e-10 -1.06119e-21  5.85141e-11 -5.56425e-22  1.59479e-11  7.59536e-23  1.94414e-12   1.2574e-22   -5.946e-13  2.43598e-23 -4.69487e-13 -1.29789e-23 -1.75724e-13 -6.84695e-24 -4.61456e-14  2.24222e-25 -8.64836e-15  8.82033e-25  -8.7276e-16  7.33091e-26  1.21409e-16 -1.13089e-25  9.17996e-17 -4.17377e-26  2.92272e-17 -6.84112e-27  6.83204e-18 -4.45916e-27   1.2916e-18 -4.60551e-27  2.02182e-19 -2.64885e-27   2.5864e-20 -9.10104e-28  2.52138e-21 -1.80347e-28  1.34867e-22 -5.83029e-30 -1.13776e-23   1.1467e-29  -4.6108e-24  5.65762e-30 -8.18589e-25  1.72291e-30 -1.07432e-25  3.91038e-31 -1.14652e-26  6.97031e-32 -1.02573e-27  1.00247e-32 -7.76134e-29  1.19163e-33 -4.95703e-30  1.17771e-34 -2.64592e-31   9.3247e-36 -1.15954e-32  5.57177e-37 -4.05826e-34  2.39989e-38 -1.08607e-35  6.96445e-40 -2.06145e-37  1.04423e-41 -2.39829e-39  5.29743e-46  -1.1105e-41
-6.43114e-08 -7.17679e-21   1.7559e-06 -5.90819e-20 -1.79116e-05  5.73015e-19  0.000104559 -1.73206e-18 -0.000398162   1.7751e-18   0.00104353  3.85485e-18   -0.0019077 -1.88798e-17   0.00237201  3.93729e-17  -0.00181275 -5.19421e-17  0.000524141  4.35829e-17  0.000369489 -1.56207e-17 -0.000312491 -1.53042e-17 -6.43865e-05  3.18963e-17  0.000107264 -2.95729e-17  2.46786e-05   1.6187e-17 -2.97274e-05   -3.133e-18 -1.34249e-05 -2.79331e-18  4.78518e-06  2.28406e-18  5.21597e-06 -1.41884e-19  7.10149e-07 -5.04317e-19 -9.98826e-07  3.04197e-20 -6.14749e-07  2.45154e-19   -6.843e-08  -1.0389e-19  9.63322e-08   -4.149e-20  6.33001e-08  3.51797e-20  1.52429e-08  1.23448e-20 -3.03179e-09 -1.49613e-20  -4.1748e-09  -4.7628e-21  -1.8036e-09  5.69739e-21 -3.77883e-10  1.96136e-21   3.7722e-11 -1.28127e-21   6.7062e-11 -6.84142e-22  3.09453e-11  6.66179e-23  8.88702e-12  1.40851e-22  1.48372e-12  3.19818e-23 -5.86034e-14 -1.11829e-23 -1.47565e-13 -6.59712e-24  -6.3607e-14  2.61552e-25 -1.84199e-14  7.91197e-25 -4.04217e-15  -1.1475e-26 -6.58956e-16 -1.49289e-25 -6.21436e-17 -5.79237e-26   5.2423e-18 -1.82125e-26   4.2151e-18 -1.21183e-26  1.22726e-18 -8.42013e-27  2.60511e-19 -3.95509e-27   4.5066e-20 -1.20377e-27  6.57996e-21 -2.17887e-28  8.18156e-22 -5.37627e-30  8.59614e-23  1.28487e-29  7.40854e-24  5.90971e-30  4.81305e-25  1.70455e-30   1.6153e-26  3.68236e-31 -1.14006e-27  6.23512e-32 -2.70153e-28  8.47902e-33 -2.94576e-29  9.47679e-34 -2.30487e-30  8.73215e-35  -1.3966e-31  6.38968e-36 -6.62707e-33  3.51344e-37 -2.41864e-34  1.38852e-38 -6.48009e-36  3.67469e-40 -1.15897e-37  5.22903e-42 -1.10428e-39  1.90217e-44
 6.63495e-21 -4.42193e-07 -1.74342e-20  7.04774e-06 -2.94772e-19 -5.60513e-05  1.81138e-18  0.000276864 -4.39024e-18 -0.000924672  3.85485e-18   0.00215985  7.41833e-18  -0.00352706 -3.28297e-17   0.00385686  6.25443e-17   -0.0024238 -7.58807e-17  0.000259695  5.91574e-17  0.000761731 -2.11402e-17 -0.000327279 -1.44536e-17 -0.000210268  3.06744e-17  0.000117527 -2.73843e-17  7.53793e-05  1.44963e-17  -2.5059e-05 -2.52221e-18 -2.81732e-05 -2.71808e-18 -9.87614e-07   2.0234e-18  7.37797e-06  2.84988e-20  3.13091e-06 -5.51523e-19  -4.9808e-07  4.21089e-20 -9.69945e-07  2.32584e-19 -3.59813e-07 -1.09419e-19  2.31404e-08 -3.04867e-20  8.40184e-08  3.94945e-20  4.06267e-08  7.39135e-21  7.27041e-09 -1.81247e-20 -2.70889e-09 -3.76274e-21  -2.6019e-09  7.00866e-21 -1.03576e-09  2.14484e-21  -2.1738e-10  -1.4606e-21  1.02159e-11   -8.088e-22  2.98191e-11  3.50947e-23  1.42875e-11  1.44041e-22  4.35024e-12  3.93424e-23   8.8885e-13 -7.21705e-24  7.84959e-14 -5.27935e-24 -2.74153e-14  4.59361e-25 -1.70656e-14  6.57829e-25 -5.59541e-15 -1.25736e-25 -1.36681e-15 -2.07248e-25 -2.65289e-16 -9.21959e-26 -4.04527e-17 -4.00362e-26 -4.30568e-18  -2.3981e-26 -1.06331e-19 -1.33707e-26  8.82276e-20 -5.43286e-27  2.79222e-20 -1.50213e-27  5.61639e-21 -2.54241e-28  8.91647e-22 -6.71096e-30  1.18507e-22  1.28514e-29  1.34731e-23  5.62532e-30  1.31904e-24  1.54196e-30  1.10998e-25  3.16506e-31    7.958e-27  5.07274e-32  4.77888e-28  6.49565e-33  2.33227e-29   6.7909e-34  8.72559e-31  5.79469e-35  2.15712e-32  3.88278e-36  1.31505e-34   1.9345e-37 -1.50214e-35  6.80937e-39 -6.90822e-37  1.54369e-40 -1.36359e-38  1.72027e-42 -9.45939e-41
  6.4267e-08  3.69591e-20 -1.97453e-06 -3.35473e-22   2.2649e-05 -1.09169e-18 -0.000148836  4.82463e-18  0.000640166 -9.69086e-18   -0.0019077  7.41833e-18   0.00401442  1.27891e-17  -0.00588759 -5.14565e-17   0.00564153  8.96748e-17  -0.00278521 -9.96099e-17 -0.000367316  7.11793e-17     0.001204 -2.40728e-17 -0.000191805 -1.26283e-17 -0.000398454   2.6454e-17  6.94785e-05  -2.2927e-17  0.000136537  1.21534e-17  1.86969e-06 -2.14603e-18 -4.07601e-05 -2.34744e-18 -1.30799e-05  1.71321e-18  6.54759e-06   9.0379e-20  6.08994e-06 -5.15671e-19  1.04959e-06  6.04959e-20 -9.50008e-07  1.81566e-19 -7.08043e-07   -1.049e-19 -1.64764e-07 -8.73507e-21  5.34962e-08  4.12087e-20  5.98511e-08 -8.34503e-22  2.35212e-08 -2.12955e-20  3.22515e-09  -2.1663e-21 -1.79013e-09  8.34178e-21 -1.43735e-09  2.36276e-21 -5.48066e-10 -1.55579e-21 -1.20893e-10 -9.22803e-22 -3.03815e-12 -2.40799e-23  1.06545e-11  1.31614e-22  5.60089e-12  4.50371e-23  1.81831e-12 -1.49823e-24  4.24748e-13 -2.93776e-24  6.63941e-14  8.91132e-25  2.41226e-15  5.37759e-25  -2.6982e-15  -2.6473e-25   -1.189e-15 -3.00899e-25  -3.2846e-16 -1.53535e-25 -7.06632e-17 -7.48571e-26 -1.24844e-17 -4.00547e-26 -1.82289e-18 -1.91292e-26 -2.12991e-19 -6.93737e-27 -1.75076e-20 -1.77375e-27 -3.29409e-22 -2.86631e-28  2.16944e-22 -1.02164e-29  5.28417e-23  1.14202e-29  8.13527e-24  4.87496e-30  9.79379e-25   1.2758e-30  9.75068e-26   2.4859e-31  8.17828e-27     3.76e-32  5.79762e-28  4.51542e-33  3.45372e-29  4.39166e-34  1.70589e-30   3.4449e-35  6.83337e-32  2.09157e-36  2.14455e-33  9.27808e-38  4.98534e-35  2.81573e-39  7.76445e-37  5.10214e-41   6.4395e-39   3.4812e-43
-1.92587e-20  3.58492e-07   1.3127e-19 -6.58855e-06  1.89947e-19  6.01496e-05 -3.24234e-18 -0.000340566  1.10607e-17   0.00130632 -1.88798e-17  -0.00352706  1.27891e-17    0.0067523  1.99467e-17  -0.00893199 -7.33539e-17   0.00744395  1.16962e-16   -0.0026312 -1.18162e-16  -0.00136998   7.6028e-17   0.00155238 -2.31014e-17   0.00014402 -1.01788e-17 -0.000570237  1.99668e-17 -5.88936e-05 -1.71458e-17  0.000182772  9.66136e-18  5.45221e-05  -2.0475e-18 -4.13453e-05 -1.76015e-18 -2.93905e-05  1.37874e-18  4.48144e-07  6.18128e-20  7.97676e-06 -4.03767e-19  3.51879e-06   7.2191e-20 -1.93834e-07  9.92655e-20 -8.89707e-07 -8.75931e-20 -4.27782e-07  2.25445e-20 -5.44233e-08  3.99364e-20  4.96867e-08 -1.20706e-20  3.70592e-08  -2.4516e-20  1.26192e-08 -2.53071e-22  1.45312e-09   9.6421e-21 -9.50998e-10  2.69328e-21 -7.04178e-10 -1.51981e-21 -2.65022e-10 -1.01576e-21 -6.28668e-11 -1.10776e-22 -5.97524e-12  1.02362e-22  2.68596e-12  4.74924e-23  1.77957e-12  4.98999e-24  6.27255e-13   1.3291e-25  1.61329e-13  1.57492e-24    3.146e-14  4.66482e-25  4.21434e-15 -4.36829e-25  1.37618e-16 -4.46076e-25  -1.2804e-16 -2.48038e-25 -5.00262e-17 -1.22854e-25 -1.23097e-17 -5.93424e-26 -2.38081e-18 -2.51117e-26 -3.83867e-19 -8.28911e-27 -5.25808e-20 -1.98529e-27 -6.11873e-21 -3.11347e-28 -5.94341e-22 -1.53793e-29 -4.58185e-23  8.89758e-30 -2.37468e-24  3.83519e-30 -4.28983e-27  9.64661e-31  1.66987e-26  1.78439e-31  2.37497e-27  2.54066e-32  2.17866e-28  2.84994e-33  1.51281e-29  2.56365e-34  8.22317e-31  1.83344e-35   3.4803e-32  9.96305e-37  1.11117e-33  3.85345e-38  2.50477e-35  9.68391e-40  3.46672e-37  1.26699e-41   1.9107e-39
-3.34195e-08  -1.0631e-19  1.25746e-06  3.38722e-19 -1.72823e-05  9.54479e-19  0.000134303 -8.04444e-18 -0.000678484   2.2176e-17   0.00237201 -3.28297e-17  -0.00588759  1.99467e-17    0.0103501  2.84059e-17   -0.0123895  -9.5927e-17   0.00886411  1.39785e-16  -0.00175777  -1.2717e-16  -0.00263014  7.17284e-17   0.00163246 -1.81207e-17  0.000669688 -7.40563e-18 -0.000642662  1.23812e-17 -0.000262829 -1.11152e-17  0.000180977  7.35463e-18  0.000124368 -2.12057e-18 -2.04393e-05 -1.07836e-18  -4.3745e-05  1.03123e-18  -1.1468e-05 -7.60207e-21   6.6863e-06 -2.37992e-19  6.03738e-06  5.81402e-20  1.40638e-06 -1.15576e-21  -6.2769e-07 -5.49123e-20 -6.34476e-07  6.10436e-20  -2.2419e-07  3.57589e-20 -7.51941e-09 -2.56993e-20  3.44334e-08 -2.79784e-20  2.05572e-08   1.5527e-21  6.39382e-09  1.08471e-20   7.2755e-10  3.21359e-21 -4.08216e-10 -1.31121e-21 -3.02578e-10 -1.07249e-21 -1.15111e-10 -2.16475e-22 -2.94417e-11   5.8777e-23 -4.45404e-12  4.55599e-23  2.10427e-13  1.09806e-23  4.15606e-13  3.44734e-24  1.69776e-13  2.43341e-24  4.76762e-14  4.24424e-25  1.04489e-14 -6.69387e-25  1.81642e-15 -6.56038e-25  2.35415e-16 -3.75848e-25  1.57968e-17 -1.80994e-25  -2.2777e-18  -7.9835e-26 -1.12165e-18 -3.05631e-26 -2.63624e-19  -9.3059e-27 -4.66057e-20 -2.10728e-27 -6.78907e-21 -3.24262e-28 -8.40944e-22 -2.09274e-29 -8.95791e-23  5.88851e-30 -8.21568e-24  2.72309e-30 -6.44847e-25  6.65096e-31  -4.2736e-26  1.16947e-31 -2.33432e-27  1.56428e-32 -1.00483e-28   1.6323e-33 -3.08097e-30  1.34938e-34 -4.52935e-32  8.71523e-36  1.22464e-33  4.17608e-37  9.72261e-35  1.37144e-38  2.75016e-36  2.69595e-40  3.49928e-38  2.06502e-42
 3.86633e-20 -1.22511e-07 -3.86449e-19  3.08721e-06  6.52855e-19 -3.61791e-05  3.08281e-18  0.000253851 -1.71035e-17  -0.00118401  3.93729e-17   0.00385686 -5.14565e-17  -0.00893199  2.84059e-17    0.0145537  3.72687e-17   -0.0158024 -1.16052e-16   0.00949465  1.54156e-16 -0.000115827 -1.24448e-16  -0.00390768  5.87902e-17    0.0013021  -1.0305e-17   0.00129845 -4.55866e-18 -0.000537639  5.00966e-18  -0.00050243 -5.74967e-18  0.000103754  5.36439e-18  0.000189852 -2.19782e-18  2.56074e-05 -4.31095e-19 -4.73733e-05  6.84871e-19 -2.67179e-05  -5.5165e-20  6.88774e-07 -5.27053e-20  7.12101e-06 -4.82332e-22  3.46988e-06 -1.04593e-19  2.40145e-07 -5.27347e-21  -6.0125e-07  1.04372e-19 -3.82929e-07  2.94293e-20 -1.05618e-07 -4.08658e-20  5.53972e-09  -3.2029e-20  1.98662e-08  2.74312e-21  1.03637e-08  1.18752e-20  3.08219e-09  3.97003e-21  4.02158e-10 -9.04774e-22 -1.33754e-10 -1.07245e-21 -1.11266e-10 -3.23334e-22 -4.37921e-11  7.73677e-24 -1.19941e-11  3.93045e-23 -2.30229e-12  1.54012e-23 -2.15662e-13  6.45819e-24  4.91674e-14  3.27985e-24  3.24436e-14   3.2325e-25  1.04227e-14  -1.0032e-24  2.49669e-15 -9.35038e-25  4.84799e-16 -5.29132e-25  7.77405e-17 -2.43073e-25   1.0102e-17 -9.88358e-26  9.74827e-19 -3.47093e-26  4.32845e-20 -9.84093e-27 -7.52638e-21 -2.12048e-27 -2.47334e-21 -3.21999e-28 -4.32696e-22 -2.53292e-29 -5.74286e-23  3.03446e-30 -6.24822e-24  1.72591e-30 -5.71752e-25  4.16388e-31 -4.43131e-26  6.98245e-32 -2.90063e-27  8.76164e-33 -1.58716e-28  8.46908e-34 -7.13069e-30  6.38818e-35 -2.55774e-31  3.68452e-36 -7.01001e-33    1.528e-37 -1.36347e-34  4.10969e-39 -1.62662e-36  5.75089e-41 -7.67164e-39
-6.52358e-10  2.05305e-19  -1.8139e-07 -1.07142e-18  5.08582e-06  8.92023e-19 -5.93621e-05  7.71743e-18  0.000404282 -3.17131e-17  -0.00181275  6.25443e-17   0.00564153 -7.33539e-17   -0.0123895  3.72687e-17    0.0188959  4.54501e-17    -0.018637 -1.30979e-16   0.00905524  1.57963e-16   0.00214551 -1.10722e-16  -0.00490368  4.00326e-17  0.000511118   -1.623e-18   0.00188311 -1.89155e-18 -0.000215327 -1.00728e-18 -0.000709186 -1.61503e-18 -5.61705e-05  3.68369e-18  0.000221863 -2.15502e-18   9.0387e-05  7.37301e-20 -3.24369e-05   3.7302e-19 -3.97614e-05 -2.37364e-20 -9.78722e-06  1.11455e-19  5.27127e-06 -1.17017e-19  5.11031e-06 -1.98203e-19  1.58786e-06  6.10449e-20 -1.91804e-07  1.50874e-19 -4.20668e-07  2.24862e-20 -2.05492e-07  -5.6573e-20  -4.6508e-08 -3.70953e-20  5.61786e-09  2.80702e-21  9.88156e-09  1.26101e-20  4.76094e-09  4.94901e-21  1.40351e-09 -3.01351e-22  2.22168e-10 -9.92098e-22 -2.60154e-11 -4.05995e-22 -3.34087e-11 -3.97213e-23 -1.40994e-11  3.06666e-23 -4.11296e-12   1.7855e-23 -9.04481e-13  8.70933e-24 -1.42384e-13  3.84763e-24 -1.00474e-14   2.7456e-26  2.83816e-15 -1.47446e-24  1.46842e-15 -1.27197e-24  4.06908e-16  -6.9207e-25  8.59792e-17 -3.00779e-25  1.49873e-17 -1.13546e-25  2.21082e-18 -3.69348e-26  2.76965e-19 -9.81672e-27  2.90526e-20 -2.02104e-27  2.44226e-21 -3.03285e-28  1.43169e-22 -2.73995e-29  1.74395e-24  8.06289e-31 -9.10146e-25  9.55553e-31 -1.50077e-25  2.34997e-31 -1.53087e-26  3.78301e-32 -1.17828e-27  4.45108e-33 -7.14688e-29  3.96829e-34   -3.422e-30    2.709e-35 -1.26506e-31  1.37636e-36  -3.4406e-33   4.8202e-38 -6.25942e-35  1.00618e-39 -6.07355e-37  8.16557e-42
-5.43736e-20 -4.90252e-08  7.23716e-19  3.53465e-07  -2.4093e-18  3.39453e-06  5.97495e-19 -6.94473e-05  1.59824e-17  0.000529104 -5.19421e-17   -0.0024238  8.96748e-17   0.00744395  -9.5927e-17   -0.0158024  4.54501e-17    0.0228059  5.19726e-17   -0.0204402 -1.39062e-16      0.00749   1.5145e-16   0.00470996 -8.92257e-17  -0.00535197  1.95337e-17 -0.000670436  5.91302e-18   0.00225846  3.14269e-19  0.000303931  -4.9545e-18 -0.000806189   1.1285e-18 -0.000277733  2.26386e-18  0.000194113 -1.97755e-18   0.00015706   3.6501e-19  3.84597e-06  1.52218e-19 -4.36366e-05  1.24863e-19 -2.21456e-05  2.15938e-19 -1.82163e-07 -2.96304e-19  5.23041e-06 -2.74597e-19   2.9429e-06  1.41366e-19   5.7101e-07  1.99943e-19 -2.46637e-07  1.71531e-20 -2.46215e-07 -7.17332e-20 -1.01069e-07 -4.35442e-20 -2.00369e-08  1.31663e-21  2.97243e-09  1.28913e-20  4.26514e-09  6.05923e-21  1.97714e-09  4.65636e-22  5.91529e-10 -8.10337e-22  1.11707e-10 -4.36117e-22   3.3129e-12 -6.97897e-23 -7.35602e-12  2.35915e-23 -3.64692e-12  1.88736e-23 -1.14341e-12  9.95808e-24 -2.74245e-13  3.86419e-24 -5.19831e-14 -5.91537e-25 -7.43998e-15 -2.09073e-24 -6.11804e-16 -1.63714e-24  5.24693e-17 -8.43256e-25  3.55095e-17 -3.45506e-25  9.23554e-18 -1.21736e-25  1.76318e-18 -3.69295e-26  2.75349e-19 -9.24413e-27  3.64702e-20 -1.82236e-27  4.15173e-21 -2.69772e-28  4.07154e-22 -2.67094e-29  3.42155e-23 -5.98989e-31  2.43183e-24    4.401e-31  1.42644e-25   1.1804e-31  6.58492e-27  1.84787e-32  2.13175e-28  2.04121e-33  2.78077e-30  1.67126e-34 -1.61857e-31   1.0228e-35 -1.24233e-32  4.49922e-37 -4.20702e-34  1.28585e-38 -7.56414e-36  1.90054e-40 -5.04833e-38
 9.92478e-09 -2.76486e-19 -3.05164e-07  1.96389e-18  2.98888e-06 -4.54967e-18 -1.07786e-05 -9.12743e-19 -3.10174e-05   2.8283e-17  0.000524141 -7.58807e-17  -0.00278521  1.16962e-16   0.00886411 -1.16052e-16    -0.018637  5.19726e-17    0.0257722   5.6194e-17   -0.0209739 -1.39999e-16   0.00498339  1.36799e-16   0.00718608 -6.44237e-17  -0.00509879  1.25463e-18    -0.002068  1.08915e-17   0.00229239  1.78871e-18  0.000939314 -6.65579e-18  -0.00073377   2.6676e-18   -0.0005139  1.07926e-18  9.40867e-05  -1.7649e-18  0.000202625  4.14793e-19  5.64866e-05  9.14922e-20 -3.27534e-05  4.03968e-19 -3.18786e-05  2.33065e-19 -8.42249e-06 -5.34199e-19  3.04369e-06 -3.33148e-19   3.6185e-06  2.30626e-19  1.45247e-06  2.51752e-19  1.44977e-07  1.59788e-20 -1.76005e-07 -8.51968e-20 -1.26692e-07 -5.15178e-20 -4.64301e-08  -1.9949e-21 -8.76844e-09  1.25201e-20  1.02214e-09  7.13342e-21  1.57674e-09   1.3291e-21  7.28993e-10  -5.1597e-22  2.24202e-10 -3.88705e-22  4.84254e-11 -6.84566e-23  5.73131e-12  2.33332e-23 -7.44425e-13  1.97858e-23 -6.82227e-13  1.02235e-23 -2.43398e-13  3.14734e-24 -6.29649e-14 -1.59022e-24 -1.30765e-14 -2.81241e-24 -2.23207e-15 -1.98476e-24 -3.07818e-16 -9.60126e-25 -3.14215e-17 -3.70402e-25  -1.4507e-18 -1.22276e-25  2.81591e-19 -3.47589e-26  9.69443e-20 -8.21951e-27  1.79788e-20 -1.55264e-27  2.53831e-21 -2.25864e-28  2.94644e-22 -2.36375e-29  2.88639e-23 -1.23905e-30  2.40515e-24  1.45057e-31  1.70204e-25  5.15013e-32   1.0143e-26  8.05158e-33  5.01365e-28  8.38843e-34  2.00783e-29   6.2827e-35  6.28508e-31  3.40837e-36  1.45217e-32  1.26885e-37  2.23545e-34  2.80956e-39  1.81526e-36  2.40062e-41
 4.99924e-20  4.98523e-08 -9.33114e-19 -1.06248e-06  4.36783e-18  1.00745e-05 -7.38308e-18 -4.99545e-05 -4.23868e-18  0.000103068  4.35829e-17  0.000259695 -9.96099e-17   -0.0026312  1.39785e-16   0.00949465 -1.30979e-16   -0.0204402   5.6194e-17    0.0274888  5.78849e-17   -0.0202684 -1.34607e-16   0.00189201  1.17154e-16   0.00921802 -4.05528e-17  -0.00413885 -1.20517e-17   -0.0034528  1.27983e-17   0.00192422  2.34493e-18    0.0015704 -6.41807e-18 -0.000469978  3.40454e-18 -0.000703968  1.35523e-19 -7.01581e-05 -1.68446e-18  0.000205382  2.38132e-19  0.000112896  2.52511e-19 -5.66405e-06  8.03228e-19  -3.4067e-05  1.52469e-19 -1.70727e-05 -8.18936e-19 -1.41852e-06 -3.79123e-19  3.01065e-06  3.21981e-19  2.06366e-06  3.06585e-19  6.40713e-07  2.12946e-20  1.22356e-08 -9.58065e-20 -9.75648e-08  -6.0817e-20 -5.85274e-08 -7.18162e-21 -2.00628e-08   1.1287e-20 -3.90397e-09  7.95201e-21  1.51049e-10  2.19403e-21  4.81257e-10 -1.14403e-22  2.31879e-10 -2.48633e-22   7.3912e-11 -2.48871e-23  1.75395e-11  3.49652e-23  2.97535e-12  2.22182e-23  2.35441e-13  9.74767e-24 -6.12752e-14  1.68612e-24 -3.48842e-14 -2.90743e-24 -1.02926e-14 -3.55085e-24 -2.30103e-15 -2.26192e-24 -4.23033e-16 -1.02425e-24 -6.56364e-17 -3.71989e-25 -8.61766e-18 -1.15375e-25  -9.4094e-19 -3.08341e-26 -8.09058e-20 -6.90041e-27 -4.51327e-21 -1.24837e-27  4.56415e-23 -1.77557e-28  5.20565e-23 -1.91022e-29  8.16876e-24 -1.32605e-30  8.65054e-25  6.62571e-33  7.10024e-26  1.84774e-32  4.67287e-27  3.07169e-33  2.46966e-28  3.05429e-34     1.03e-29  2.08699e-35   3.2659e-31  9.90016e-37  7.34799e-33  3.02119e-38  1.01801e-34  4.73837e-40   5.6245e-37
-1.61465e-09  2.47049e-19  1.25249e-07 -2.42569e-18  -2.4471e-06  8.25126e-18  2.30271e-05 -1.04744e-17 -0.000123107 -9.42701e-18  0.000369489  5.91574e-17 -0.000367316 -1.18162e-16  -0.00175777  1.54156e-16   0.00905524 -1.39062e-16   -0.0209739  5.78849e-17    0.0279233  5.71685e-17   -0.0185805 -1.24341e-16  -0.00137065  9.55992e-17    0.0105693 -2.05634e-17  -0.00260006 -1.92962e-17  -0.00460342   1.1939e-17   0.00117757  1.93307e-18   0.00206958 -4.84108e-18 -3.84463e-05   3.8046e-18 -0.000790835 -5.63523e-19 -0.000270114 -1.90509e-18  0.000152656 -1.13019e-19  0.000156121  6.69783e-19   3.3456e-05  1.29455e-18 -2.53669e-05 -1.69774e-20 -2.28549e-05 -1.13331e-18 -7.09045e-06 -4.20969e-19   9.2929e-07  4.07939e-19  2.02266e-06  3.64139e-19  1.03482e-06  3.46629e-20  2.62975e-07 -1.02502e-19 -1.10595e-08 -7.08841e-20 -4.52161e-08 -1.40698e-20 -2.43909e-08   9.0155e-21 -8.10229e-09  8.28458e-21 -1.69942e-09  2.95032e-21 -8.30573e-11   3.6904e-22  1.10988e-10 -1.56632e-23  6.08407e-11  6.51506e-23   2.0392e-11  6.15279e-23  5.17177e-12  2.74166e-23  1.02733e-12  8.89157e-24  1.51588e-13 -3.30703e-25  1.18332e-14 -4.36257e-24 -1.69936e-15 -4.18696e-24 -9.80634e-16 -2.42168e-24 -2.59852e-16 -1.02587e-24 -5.15234e-17 -3.50886e-25 -8.40545e-18 -1.02454e-25 -1.16571e-18 -2.57971e-26 -1.39054e-19 -5.46793e-27 -1.42821e-20 -9.46107e-28 -1.25404e-21 -1.30828e-28 -9.25649e-23 -1.41579e-29 -5.55395e-24 -1.10974e-30 -2.51035e-25 -3.94801e-32 -6.57066e-27  4.57758e-33  1.08701e-28  9.88844e-34  2.33432e-29  9.67047e-35   1.4081e-30  6.03394e-36  5.10771e-32  2.46096e-37  1.13808e-33   5.8651e-39   1.2917e-35  5.33323e-41
-1.91197e-20  7.14314e-09  8.01809e-19  9.66356e-08 -5.17283e-18 -3.56168e-06  1.35545e-17  3.84325e-05 -1.31778e-17 -0.000222684 -1.56207e-17  0.000761731  7.11793e-17  -0.00136998  -1.2717e-16 -0.000115827  1.57963e-16      0.00749 -1.39999e-16   -0.0202684  5.71685e-17    0.0272857  5.44037e-17    -0.016287 -1.10843e-16  -0.00444448  7.44909e-17    0.0111539 -5.75248e-18  -0.00069243 -2.08827e-17  -0.00535496  9.11917e-18  0.000147503    6.492e-19   0.00233335 -2.57591e-18  0.000497721  4.26642e-18 -0.000736843 -1.05528e-18 -0.000463612 -2.54062e-18    4.588e-05 -5.62254e-19  0.000170004   1.3383e-18  7.53483e-05  1.83969e-18 -5.65095e-06 -2.50321e-19 -2.27765e-05 -1.45689e-18 -1.21052e-05 -4.66663e-19  -2.2069e-06  4.81816e-19   1.1498e-06  4.23182e-19  1.11496e-06  5.65253e-20  4.72946e-07 -1.04462e-19  1.04915e-07 -8.08925e-20 -6.98968e-09   -2.228e-20 -1.78062e-08  5.61312e-21 -9.09723e-09  7.93923e-21 -3.00067e-09  3.49088e-21  -6.8407e-10  8.90853e-22 -8.21776e-11  2.93448e-22  1.38151e-11  1.96866e-22  1.21086e-11  1.02511e-22   4.4688e-12  3.56755e-23  1.20188e-12  8.00798e-24  2.58904e-13 -2.55575e-24  4.55034e-14 -5.70201e-24  6.34444e-15 -4.60438e-24   6.1509e-16 -2.43586e-24  1.12963e-17  -9.6616e-25 -1.16174e-17 -3.11426e-25 -3.31914e-18 -8.57243e-26 -6.10201e-19 -2.03619e-26   -8.846e-20  -4.0878e-27 -1.06936e-20 -6.75125e-28 -1.09991e-21 -9.02323e-29 -9.68321e-23 -9.65387e-30 -7.28185e-24  -7.9369e-31 -4.64065e-25 -4.19168e-32 -2.47193e-26 -2.94785e-35 -1.07774e-27  2.44769e-34 -3.72791e-29  2.57228e-35 -9.75138e-31  1.48248e-36   -1.781e-32  5.08935e-38 -1.94389e-34  8.70898e-40 -8.03297e-37
-2.65639e-09 -1.04787e-19  7.53688e-08  1.99012e-18 -5.31021e-07 -9.37781e-18 -1.37548e-06  1.96878e-17  4.38081e-05 -1.48929e-17 -0.000312491 -2.11402e-17     0.001204   7.6028e-17  -0.00263014 -1.24448e-16   0.00214551   1.5145e-16   0.00498339 -1.34607e-16   -0.0185805  5.44037e-17    0.0259266  5.00839e-17   -0.0137655 -9.56658e-17  -0.00708959  5.52533e-17    0.0110178   4.0047e-18   0.00135283 -1.81663e-17  -0.00562276  5.26664e-18  -0.00102851 -1.29208e-18   0.00230285 -1.24394e-19   0.00105205  5.04243e-18 -0.000533281 -1.43419e-18 -0.000605576 -3.62007e-18 -9.86693e-05  -1.0259e-18  0.000144401  2.21156e-18  0.000108123  2.39663e-18  2.14069e-05 -5.13726e-19 -1.53746e-05 -1.76807e-18 -1.44289e-05 -5.20344e-19 -5.43209e-06  5.39255e-19 -4.02252e-07   4.8178e-19  7.68573e-07  8.62001e-20   5.3606e-07 -1.01212e-19  2.01229e-07 -8.98948e-20  4.21081e-08 -3.12726e-20 -1.76298e-09  1.11684e-21 -5.87621e-09  6.80917e-21 -2.97741e-09  3.73222e-21 -9.90867e-10  1.39612e-21 -2.42383e-10  6.46476e-22 -4.09146e-11  3.56039e-22 -2.35679e-12  1.53346e-22  1.41551e-12    4.612e-23  7.05379e-13  7.33811e-24  2.08316e-13 -4.58096e-24  4.75884e-14 -6.67569e-24  8.97905e-15 -4.72447e-24  1.42644e-15 -2.30277e-24  1.89979e-16 -8.56533e-25  2.05472e-17 -2.60375e-25  1.62677e-18 -6.76291e-26  5.15742e-20 -1.51627e-26 -1.08116e-20 -2.88146e-27 -2.68861e-21 -4.53116e-28 -3.76191e-22 -5.81905e-29 -3.97399e-23 -6.06892e-30 -3.38347e-24 -5.01798e-31 -2.36249e-25  -3.0001e-32 -1.34973e-26 -9.19799e-34 -6.21054e-28  3.04662e-35 -2.23269e-29  5.31487e-36 -5.94922e-31  2.96761e-37 -1.06555e-32  8.35358e-39 -1.02127e-34  8.48858e-41
-2.29408e-20 -1.39456e-08 -3.48244e-19  3.00881e-07  4.03035e-18 -2.64506e-06  -1.4792e-17  9.38726e-06  2.55919e-17  1.73095e-05 -1.53042e-17 -0.000327279 -2.40728e-17   0.00155238  7.17284e-17  -0.00390768 -1.10722e-16   0.00470996  1.36799e-16   0.00189201 -1.24341e-16    -0.016287  5.00839e-17    0.0242174  4.47774e-17   -0.0113096   -8.017e-17  -0.00919958   3.8518e-17     0.010291  9.71034e-18   0.00333193 -1.28543e-17  -0.00540077  1.13823e-18  -0.00220313 -3.59913e-18   0.00197025  2.25993e-18   0.00153434  6.21665e-18 -0.000201703 -1.83334e-18 -0.000659108  -5.0853e-18 -0.000253457 -1.43049e-18  7.86946e-05  3.20875e-18   0.00012078  2.92299e-18  4.90922e-05 -7.73521e-19 -1.50338e-06 -2.04594e-18 -1.26556e-05 -5.80272e-19 -7.55459e-06  5.79454e-19 -2.15918e-06  5.38058e-19  5.52352e-08  1.22255e-19  3.97109e-07 -9.26379e-20  2.30372e-07 -9.69576e-20  8.03067e-08  -4.0392e-20  1.70196e-08 -4.27443e-21  3.44523e-10    4.907e-21 -1.54712e-09  3.63302e-21 -8.27235e-10   1.8287e-21 -2.81772e-10  1.00089e-21 -7.26677e-11  5.21173e-22 -1.44365e-11  2.06224e-22 -2.00484e-12  5.69335e-23 -8.26906e-14  6.96317e-24  5.69633e-14 -6.05508e-24  2.35568e-14 -7.11255e-24  5.98771e-15 -4.52889e-24  1.19209e-15 -2.04707e-24  1.98145e-16 -7.15314e-25  2.81407e-17 -2.05211e-25  3.43807e-18 -5.03207e-26  3.60094e-19 -1.06498e-26  3.18824e-20 -1.91372e-27  2.31227e-21 -2.85729e-28  1.27284e-22 -3.50547e-29   4.0058e-24 -3.52192e-30 -1.11858e-25  -2.8495e-31 -2.73472e-26 -1.75204e-32 -2.26454e-27 -7.11788e-34 -1.23099e-28 -1.07763e-35 -4.70759e-30  6.41039e-37 -1.22565e-31  4.42449e-38 -1.91614e-33    9.949e-40  -1.1749e-35
