 1.48744e-20 -1.62684e-34  -6.3595e-19  1.34842e-32  1.04901e-17 -2.75046e-31 -1.02986e-16  2.78636e-30  6.92952e-16 -1.62084e-29 -3.42369e-15  4.58725e-29  1.29086e-14  9.33859e-29 -3.79612e-14 -1.81701e-27  8.79943e-14  1.13638e-26 -1.60905e-13 -4.82149e-26  2.29737e-13  1.57497e-25 -2.49194e-13 -4.15149e-25  1.92495e-13  9.01199e-25 -8.71862e-14 -1.61993e-24 -5.53607e-16  2.38995e-24  2.82038e-14 -2.79994e-24 -1.25438e-14  2.35056e-24 -4.12936e-15 -7.91303e-25    4.617e-15 -1.55642e-24  3.95144e-16  3.81276e-24 -1.25986e-15 -5.01374e-24 -7.22738e-17  4.74568e-24  3.04407e-16 -3.40851e-24  4.30017e-17  1.86431e-24 -6.20103e-17 -7.96706e-25 -1.96654e-17  3.48422e-25  8.44254e-18 -2.61324e-25  5.74068e-18  2.43179e-25  -2.3712e-20  -1.7902e-25 -9.86857e-19  9.43285e-26 -2.95602e-19 -3.43739e-26  5.49107e-20  7.94707e-27  6.02096e-20 -7.18259e-28  1.33496e-20 -3.67191e-28 -2.77616e-21  3.71073e-28 -2.52523e-21 -2.20891e-28 -6.10036e-22   6.1134e-29  2.95266e-23  1.29819e-29  6.59955e-23  -1.4503e-29  2.10364e-23  1.96229e-30  2.37099e-24  1.41486e-30 -6.37545e-25 -3.98413e-31 -3.63827e-25 -1.13695e-31 -8.35262e-26   5.3049e-32 -8.16695e-27 -4.18293e-34  1.26133e-27 -1.20422e-33  6.97339e-28  3.67673e-35  1.51592e-28 -2.01877e-34  1.90559e-29   7.8349e-35  7.77992e-31 -9.36342e-37 -2.48933e-31 -4.32604e-36 -6.96519e-32  1.08886e-36 -1.01309e-32  1.31584e-38 -9.59735e-34 -3.92653e-38 -5.29417e-35 -3.26143e-39  1.76316e-37  2.05801e-40  3.68909e-37  2.07821e-40  4.14124e-38  4.74489e-41  2.69442e-39 -2.33992e-42  1.13985e-40 -5.99901e-43  2.85482e-42 -1.37201e-44  2.50618e-44 -4.32437e-46 -3.98933e-46  6.82217e-48
-1.62684e-34  9.16558e-19 -8.91223e-33 -2.22468e-17  4.70782e-31  2.79089e-16  -7.6587e-30 -2.26966e-15  6.81801e-29  1.31729e-14 -3.81761e-28 -5.74297e-14  1.31743e-27  1.93673e-13 -1.61933e-27  -5.1339e-13 -1.17639e-26  1.07617e-12  9.66719e-26 -1.77731e-12 -4.25809e-25  2.27503e-12  1.37403e-24 -2.17104e-12 -3.52024e-24  1.40228e-12  7.38832e-24 -4.19522e-13 -1.28403e-23 -1.82167e-13  1.83937e-23  2.29414e-13 -2.11614e-23 -3.76742e-14   1.8065e-23 -5.64607e-14 -8.05283e-24   2.2784e-14 -6.22623e-24  1.24322e-14   1.9118e-23  -6.7746e-15 -2.52193e-23 -3.12911e-15  2.29217e-23  1.46345e-15 -1.52416e-23  8.71485e-16  7.20253e-24 -1.94155e-16 -2.21292e-24 -2.17798e-16  5.43069e-25 -8.69957e-18 -5.50548e-25  3.88398e-17   7.2048e-25  1.20641e-17 -5.71869e-25 -2.99864e-18  2.89252e-25 -2.83776e-18 -9.31524e-26 -4.77409e-19  1.70555e-26  2.33739e-19 -1.11045e-27  1.43045e-19   -4.468e-28  2.22712e-20  8.50096e-28 -8.10229e-21 -7.38368e-28 -5.23416e-21  2.44737e-28 -1.10891e-21  4.28108e-29   6.3704e-23 -5.47929e-29  1.12069e-22  7.32676e-30  3.45021e-23  5.08931e-30  4.34883e-24 -1.17887e-30 -6.24807e-25 -4.85703e-31 -4.38482e-25  1.72396e-31 -1.07439e-25  2.64136e-33 -1.36012e-26 -2.17281e-33  1.42906e-28  1.83488e-34  4.90977e-28  -9.2256e-34  1.23728e-28  2.67512e-34  1.81219e-29 -3.05083e-37  1.53229e-30 -1.31827e-35   2.8263e-33  4.12539e-36 -2.20814e-32 -5.09662e-38 -3.96259e-33 -1.70814e-37 -4.21405e-34 -7.96805e-39 -2.99744e-35  1.30455e-39 -1.30339e-36  6.77498e-40 -1.23178e-38  1.29332e-40  2.70256e-39 -6.55252e-42  2.06482e-40 -1.30378e-42  7.24609e-42 -2.82122e-44  1.06531e-43 -6.40186e-46  2.59689e-46
 -6.3595e-19 -8.91223e-33  2.77839e-17 -2.45687e-31 -4.68807e-16  9.58665e-30  4.71357e-15 -1.29305e-28 -3.25246e-14  1.01708e-27  1.65046e-13 -5.31797e-27 -6.40296e-13  1.88011e-26  1.94176e-12 -3.85148e-26 -4.65455e-12 -1.56685e-26  8.83477e-12  5.07482e-25 -1.31654e-11 -2.47586e-24  1.50392e-11  8.02495e-24 -1.24611e-11 -2.01047e-23  6.42047e-12  4.08897e-23 -6.72549e-13 -6.87248e-23 -1.68925e-12   9.5436e-23  1.02463e-12 -1.07276e-22  1.38237e-13  9.15353e-23 -3.38495e-13 -4.61991e-23  2.28595e-14 -1.46694e-23  8.95485e-14  6.63907e-23 -9.49709e-15 -8.83852e-23 -2.25455e-14  7.73304e-23  6.27437e-16 -4.76402e-23  5.21051e-15  1.91137e-23  6.99475e-16 -3.21608e-24 -9.37702e-16  -7.7037e-25 -3.50917e-16 -4.02234e-25  8.41504e-17  1.51112e-24  8.49974e-17 -1.30549e-24  1.15709e-17  6.14021e-25 -9.53834e-18 -1.60118e-25 -4.83875e-18  1.53023e-26 -3.53316e-19  3.83997e-28  4.91391e-19  9.72368e-28   2.1673e-19  1.11461e-27  2.41059e-20 -1.81756e-27 -1.32362e-20   7.0015e-28 -7.01798e-21  1.02448e-28 -1.38083e-21 -1.46149e-28  5.95413e-23  1.74634e-29  1.18726e-22  1.36019e-29  3.65534e-23 -2.34438e-30   5.2324e-24 -1.45572e-30 -2.16647e-25  4.04324e-31  -3.0877e-25  8.79409e-33  -8.2834e-26 -1.39942e-34 -1.23845e-26  1.57456e-33 -7.36548e-28 -2.83962e-33  1.48541e-28  5.80647e-34  5.24682e-29  9.21643e-36  8.71786e-30 -2.54231e-35   9.2433e-31  1.05759e-35  5.54858e-32 -4.23894e-37 -6.84914e-34 -4.76968e-37  -5.8443e-34 -1.24731e-38 -7.35574e-35  4.05859e-39 -5.58546e-36  1.51526e-39 -2.80689e-37  2.36239e-40 -8.85483e-39 -1.19661e-41 -1.23919e-40 -1.83501e-42   1.1783e-42 -3.48161e-44   3.4262e-44 -4.71796e-46
 1.34842e-32 -2.22468e-17 -2.45687e-31  5.52351e-16 -4.47081e-30 -7.09607e-15   1.3759e-28  5.91716e-14  -1.5785e-27 -3.52646e-13  1.10546e-26  1.58137e-12 -5.34646e-26 -5.49636e-12  1.84027e-25  1.50537e-11 -4.23511e-25 -3.27087e-11  3.88215e-25  5.62423e-11  1.72984e-24  -7.5464e-11 -1.08529e-23  7.63965e-11   3.6218e-23 -5.38366e-11 -8.93979e-23  2.00708e-11  1.76661e-22  4.03232e-12 -2.87324e-22 -8.78733e-12  3.86457e-22  2.57649e-12 -4.23119e-22  1.81192e-12  3.57261e-22 -1.18153e-12 -1.91615e-22 -3.26105e-13  -1.7105e-23  3.45113e-13  1.84422e-22  7.82769e-14 -2.49034e-22 -8.22284e-14  2.10126e-22 -2.59041e-14 -1.19974e-22  1.50336e-14  3.99106e-23  8.17281e-15  1.42354e-26 -1.35697e-15 -6.59975e-24 -1.90279e-15  1.05415e-24  -2.5661e-16  2.70566e-24  2.54336e-16 -2.49233e-24  1.19702e-16   1.0395e-24 -1.63214e-19 -1.77971e-25 -1.71575e-17 -2.38208e-26 -5.91114e-18  7.50471e-27  4.42117e-20  5.69012e-27  6.98047e-19  4.66353e-28  2.47389e-19 -3.73116e-27   2.0752e-20  1.61136e-27 -1.49068e-20  2.17773e-28 -7.04136e-21 -3.20078e-28 -1.35383e-21  2.99409e-29  1.45519e-23  3.09604e-29  8.85978e-23 -3.52362e-30  2.82151e-23 -3.48366e-30  4.54238e-24  7.86266e-31  1.41785e-25  3.33123e-33 -1.35043e-25  1.12083e-32  -4.2324e-26  7.18423e-33 -7.14077e-27 -6.83708e-33 -6.91446e-28  9.14808e-34 -5.43604e-30  4.14038e-35  1.14122e-29 -3.37371e-35  2.33257e-30   2.1176e-35  2.78385e-31 -1.56116e-36  2.20111e-32 -1.01435e-36  1.01376e-33 -1.33318e-38 -1.64648e-36  8.73333e-39 -4.48052e-36  2.64334e-39 -3.88735e-37  3.31449e-40 -1.85851e-38 -1.63429e-41 -5.25362e-40 -1.88995e-42 -8.05194e-42 -2.81496e-44 -6.06264e-44
 1.04901e-17  4.70782e-31 -4.68807e-16 -4.47081e-30  8.10054e-15 -6.00045e-29 -8.35054e-14  1.51641e-27  5.91583e-13 -1.50755e-26 -3.08696e-12  9.46962e-26  1.23376e-11 -4.22562e-25 -3.86315e-11  1.38739e-24  9.58835e-11 -3.26098e-24 -1.89148e-10  4.48346e-24   2.9451e-10    2.557e-24 -3.54543e-10 -3.74351e-23  3.14776e-10  1.33829e-22 -1.82229e-10  -3.2857e-22  3.70375e-11  6.32762e-22  3.70692e-11 -9.96619e-22 -3.10013e-11  1.29779e-21   7.2295e-13 -1.38138e-21  9.12464e-12  1.14725e-21  -2.0917e-12  -6.3343e-22 -2.27554e-12  2.59625e-23  6.91009e-13  4.34792e-22  5.85344e-13 -5.97921e-22 -1.35063e-13  4.87071e-22  -1.5128e-13 -2.57577e-22  7.46541e-15  6.84953e-23  3.34539e-14  1.52662e-23  5.87111e-15 -2.14066e-23  -4.9093e-15   4.6274e-24 -2.40317e-15  4.60693e-24  1.22883e-16 -4.25339e-24  4.22138e-16  1.48015e-24  1.20263e-16  -5.7193e-26 -1.81873e-17 -1.39027e-25  -2.2071e-17  2.84582e-26 -5.65319e-18  1.47926e-26  4.47702e-19 -2.07932e-27  7.50299e-19 -6.66464e-27  2.28883e-19  3.14741e-27  1.65309e-20  4.44324e-28 -1.24637e-20 -6.11356e-28 -5.56932e-21  3.50326e-29 -1.08709e-21  6.28032e-29 -3.22581e-23 -3.95212e-30  4.73834e-23 -7.01691e-30  1.63265e-23  1.33411e-30  2.90846e-24 -5.55142e-32  2.31335e-25  4.16522e-32 -3.04818e-26  2.18756e-32 -1.42344e-26 -1.36827e-32 -2.70027e-27  1.06961e-33 -3.18828e-28  1.14942e-34 -2.06409e-29 -2.58393e-35  4.95045e-31  3.48431e-35   3.1546e-31 -4.08769e-36  4.40027e-32 -1.76733e-36  3.79295e-33 -8.32443e-39  2.18974e-34   1.4498e-38  7.76962e-36  3.76677e-39  8.89588e-38  3.75144e-40  -6.0054e-39 -1.75279e-41 -3.15585e-40 -1.46108e-42 -5.63012e-42 -1.37202e-44
-2.75046e-31  2.79089e-16  9.58665e-30 -7.09607e-15 -6.00045e-29  9.34663e-14 -6.32415e-28  -8.0011e-13  1.34942e-26  4.90251e-12 -1.17918e-25 -2.26412e-11  6.68773e-25  8.12114e-11 -2.75391e-24 -2.30116e-10  8.54389e-24  5.18953e-10 -1.97528e-23  -9.3023e-10  3.06041e-23  1.30968e-09 -1.27873e-23 -1.40685e-09 -1.01438e-22  1.07803e-09  4.17341e-22 -4.80265e-10 -1.03171e-21 -1.56246e-11  1.94259e-21  1.69353e-10 -2.96528e-21 -7.44173e-11  3.73762e-21 -2.59007e-11 -3.86354e-21  2.90746e-11  3.14485e-21  2.30279e-12 -1.75628e-21 -8.27556e-12  2.12785e-22 -3.18115e-13   8.9884e-22   2.0932e-12  -1.2627e-21   2.3671e-13  9.93436e-22 -4.55355e-13 -4.85504e-22 -1.26704e-13  9.67408e-23  7.00101e-14  5.43992e-23   4.1366e-14 -4.98749e-23 -2.43219e-15  1.03028e-23 -8.02334e-15  7.85756e-24 -2.02591e-15 -6.68718e-24  6.10082e-16  1.81311e-24  5.01409e-16  2.95358e-25  8.92004e-17 -3.76182e-25  -3.2593e-17  7.98118e-26 -2.22838e-17   2.7088e-26 -4.49288e-18 -7.86276e-27  6.23826e-19 -1.05789e-26  6.43891e-19  5.40413e-27  1.78298e-19  8.78916e-28  1.32958e-20 -1.04945e-27 -7.90972e-21  1.30253e-29 -3.53314e-21  1.15642e-28 -7.16891e-22 -2.58311e-30 -4.93794e-23 -1.22606e-29  1.71823e-23  2.02271e-30   7.0267e-24 -2.39106e-31   1.3723e-24  1.01914e-31  1.51977e-25  5.07744e-32  2.29692e-27 -2.34683e-32 -2.82595e-27  8.83488e-34 -6.54804e-28  2.52567e-34 -8.68356e-29  1.05172e-35 -7.51057e-30  4.78757e-35 -3.51967e-31 -8.56009e-36   8.0487e-33 -2.62978e-36  3.11225e-33 -1.52421e-41   3.0006e-34  1.94154e-38  1.73363e-35  4.47387e-39  6.39258e-37  3.48799e-40  1.38908e-38 -1.50012e-41  1.36908e-40  -8.2464e-43  2.56435e-44
-1.02986e-16  -7.6587e-30  4.71357e-15   1.3759e-28 -8.35054e-14 -6.32415e-28  8.83694e-13 -5.45127e-27 -6.43575e-12  1.00231e-25  3.45788e-11 -7.78556e-25 -1.42567e-10  4.00995e-24  4.61557e-10 -1.52578e-23 -1.18782e-09  4.45249e-23  2.43859e-09 -9.94172e-23 -3.97222e-09  1.59271e-22   5.0436e-09 -1.28494e-22 -4.79493e-09 -2.01478e-22  3.09075e-09  1.11749e-21 -9.09057e-10 -2.82695e-21  -4.3769e-10  5.22208e-21  5.41361e-10 -7.73039e-21 -9.15564e-11  9.43049e-21 -1.37665e-10 -9.46198e-21   5.9089e-11  7.53463e-21  3.05139e-11 -4.21368e-21 -1.85962e-11  7.29403e-22 -7.76862e-12  1.66345e-21  4.34638e-12 -2.39291e-21  2.27208e-12  1.81763e-21 -6.82236e-13 -8.17188e-22 -6.15996e-13  1.06292e-22  1.05564e-14  1.31495e-22  1.23263e-13  -9.4711e-23  3.11522e-14  1.65495e-23 -1.24552e-14  1.33052e-23 -8.98212e-15  -9.7662e-24 -1.01092e-15  1.92504e-24  9.51942e-16  9.31131e-25  4.68241e-16 -7.82986e-25  4.78948e-17  1.90119e-25 -3.69496e-17  3.86605e-26 -1.85657e-17 -1.88653e-26 -3.11922e-18 -1.51498e-26  5.46263e-19  8.36413e-27  4.52864e-19  1.65867e-27  1.18891e-19 -1.64598e-27  1.04084e-20 -6.51128e-29 -3.74542e-21  1.95223e-28  -1.7923e-21  1.56387e-30 -3.83121e-22 -1.89652e-29 -3.89428e-23  2.77682e-30  3.20344e-24  -6.3202e-31  2.16024e-24  1.97592e-31  4.68768e-25  9.61055e-32  6.14213e-26 -3.50045e-32  4.26243e-27  4.58438e-34 -1.63437e-28  4.84526e-34  -9.1459e-29  8.06761e-35 -1.39806e-29  5.44039e-35 -1.34029e-30 -1.50874e-35 -8.56233e-32 -3.43632e-36 -3.14629e-33  3.28126e-39  3.69422e-36   2.1276e-38  8.01592e-36  4.45862e-39  4.81969e-37  2.66258e-40  1.40112e-38 -1.01675e-41  1.84947e-40 -3.00102e-43
 2.78636e-30 -2.26966e-15 -1.29305e-28  5.91716e-14  1.51641e-27  -8.0011e-13 -5.45127e-27  7.04087e-12 -3.95401e-26 -4.44155e-11  6.36285e-25  2.11551e-10 -4.43337e-24 -7.84209e-10  2.08414e-23  2.30227e-09 -7.34042e-23 -5.39669e-09  2.01038e-22  1.00985e-08 -4.29231e-22  -1.4936e-08  6.84601e-22  1.70317e-08 -6.69515e-22 -1.41555e-08   -1.947e-22  7.33884e-09  2.59308e-21 -7.48212e-10 -6.86158e-21 -2.03458e-09  1.24779e-20   1.2715e-09 -1.79191e-20  1.53129e-10  2.11535e-20 -4.35201e-10 -2.05999e-20  4.26203e-11  1.60394e-20  1.18365e-10 -8.93471e-21 -1.81085e-11   1.8608e-21 -3.10083e-11  2.79554e-21  2.62173e-12 -4.12658e-21   7.6681e-12   3.0228e-21  5.74655e-13 -1.24029e-21 -1.54277e-12  6.75627e-23  -4.6233e-13  2.58853e-22  1.81566e-13  -1.5409e-22  1.34829e-13  2.01482e-23  9.11215e-15  2.15221e-23 -1.88881e-14 -1.31911e-23 -7.65098e-15  1.78209e-24  3.82802e-17   1.8164e-24  1.02065e-15  -1.4067e-24  3.62184e-16  3.99779e-25  1.62256e-17  4.46885e-26 -3.18238e-17 -3.79544e-26 -1.31498e-17 -1.98707e-26 -1.97125e-18   1.1872e-26  3.44319e-19  2.94175e-27  2.63355e-19 -2.38339e-27  6.78757e-20 -2.31105e-28  7.22308e-21  3.04702e-28 -1.21544e-21  8.82111e-30   -7.125e-22 -2.63701e-29 -1.62378e-22  3.48207e-30 -2.05663e-23 -1.29928e-30 -4.87224e-25  3.20287e-31  4.24702e-25  1.53916e-31  1.11255e-25 -4.54614e-32  1.62649e-26  3.45228e-34  1.51819e-27  8.55971e-34  6.89781e-29  1.78991e-34 -4.23984e-30  4.85538e-35 -1.17426e-30 -2.30035e-35 -1.24042e-31 -4.02525e-36 -8.28465e-33  -8.1009e-39 -3.63936e-34  1.89033e-38 -9.50629e-36  3.71533e-39 -8.88312e-38  1.63836e-40  1.84148e-39 -5.24106e-42  3.70768e-41
 6.92952e-16  6.81801e-29 -3.25246e-14  -1.5785e-27  5.91583e-13  1.34942e-26 -6.43575e-12 -3.95401e-26  4.82523e-11 -2.46462e-25  -2.6734e-10  3.51384e-24  1.13878e-09 -2.21263e-23 -3.81772e-09  9.53586e-23  1.02028e-08 -3.11473e-22 -2.18321e-08  7.99852e-22  3.72553e-08  -1.6234e-21 -4.99422e-08   2.5266e-21  5.08261e-08  -2.6501e-21 -3.62348e-08  5.39325e-22  1.37952e-08   5.2285e-21  2.72854e-09 -1.49242e-20 -6.29609e-09  2.68016e-20  2.01128e-09 -3.73306e-20   1.2868e-09  4.26303e-20 -9.47598e-10 -4.03087e-20 -2.13244e-10    3.071e-20  2.88692e-10 -1.70059e-20  4.81789e-11  3.96662e-21 -7.34907e-11  4.31112e-21 -1.76915e-11 -6.54426e-21  1.51135e-11  4.61298e-21  6.48492e-12 -1.70435e-21 -1.90452e-12 -5.76736e-23 -1.75607e-12  4.41556e-22 -9.75407e-14 -2.19637e-22  2.88067e-13   1.6736e-23  1.04882e-13  3.21462e-23 -1.17854e-14 -1.62996e-23  -1.9559e-14  1.50657e-24 -5.18409e-15  2.81361e-24  6.70577e-16 -2.29465e-24  8.61696e-16  7.53677e-25  2.40783e-16  4.31729e-26  7.23193e-19 -6.85189e-26 -2.21161e-17 -2.42976e-26  -8.0475e-18  1.56117e-26 -1.15865e-18  4.86417e-27  1.56848e-19 -3.21483e-27  1.26008e-19 -5.05843e-28  3.27782e-20  4.43787e-28  4.14987e-21    1.829e-29 -1.77161e-22 -3.33814e-29 -2.12504e-22  4.00919e-30 -5.29861e-23 -2.25456e-30 -7.68942e-24  4.38995e-31 -5.69575e-25  2.12802e-31  3.15867e-26 -5.05639e-32  1.66797e-26  1.53108e-33  2.76879e-27  1.43104e-33  2.90166e-28  2.91065e-34  1.98872e-29  2.76759e-35  6.81011e-31 -3.08374e-35 -2.39427e-32 -4.29299e-36 -4.93445e-33 -3.72802e-38 -3.37435e-34  1.30382e-38 -1.32356e-35  2.55189e-39 -2.96586e-37  7.77948e-41 -3.07265e-39  -1.8053e-42
-1.62084e-29  1.31729e-14  1.01708e-27 -3.52646e-13 -1.50755e-26  4.90251e-12  1.00231e-25 -4.44155e-11 -2.46462e-25  2.88905e-10 -1.34162e-24 -1.42143e-09  1.71141e-23  5.45432e-09 -9.80051e-23 -1.66176e-08  3.88723e-22  4.05538e-08 -1.17975e-21 -7.93412e-08  2.83987e-21  1.23442e-07 -5.45934e-21 -1.49529e-07   8.1931e-21  1.34556e-07  -8.7439e-21 -7.97528e-08    3.804e-21  1.73477e-08  9.11974e-21  1.62921e-08  -2.9372e-20 -1.46978e-08   5.2212e-20  8.81063e-10 -7.04604e-20  4.36262e-09  7.77886e-20 -1.26602e-09  -7.1475e-20 -1.08812e-09  5.33917e-20  4.37836e-10 -2.94125e-20  2.87058e-10  7.41616e-21 -9.96325e-11  6.15086e-21 -7.98874e-11 -9.62566e-21  1.20701e-11  6.50531e-21  1.99112e-11 -2.11561e-21  1.73628e-12 -3.10014e-22 -3.54362e-12  6.72283e-22 -1.29092e-12 -2.75786e-22  2.47763e-13  1.87243e-24  2.92866e-13  4.33979e-23   5.7998e-14 -1.81313e-23 -2.28025e-14   1.4316e-24 -1.59185e-14  3.70236e-24 -2.85816e-15 -3.49259e-24   8.1305e-16  1.28588e-24  6.05213e-16  3.84087e-26  1.41719e-16 -1.13061e-25 -2.93731e-18 -2.82631e-26 -1.26944e-17  1.91032e-26 -4.27593e-18  7.46895e-27 -6.28546e-19 -4.08487e-27  4.57252e-20 -8.82279e-28  4.86757e-20  6.09793e-28  1.31079e-20  2.77765e-29  1.90108e-21 -3.89219e-29  6.40813e-23  4.22708e-30 -4.30425e-23 -3.45364e-30 -1.27376e-23  4.96539e-31 -2.03983e-24  2.56141e-31  -2.0302e-25 -4.55297e-32 -8.36418e-27  5.14787e-33  1.12249e-27  2.28195e-33  2.75076e-28  4.01407e-34   3.1473e-29 -5.13662e-36   2.3492e-30 -3.67016e-35  1.15724e-31 -4.21222e-36  3.16311e-33 -7.58523e-38 -4.41325e-36  6.03763e-39 -3.77632e-36  1.40249e-39 -1.22014e-37  2.59172e-41 -1.15713e-39
-3.42369e-15 -3.81761e-28  1.65046e-13  1.10546e-26 -3.08696e-12 -1.17918e-25  3.45788e-11  6.36285e-25  -2.6734e-10 -1.34162e-24  1.52993e-09  -6.4594e-24 -6.74456e-09  7.43231e-23  2.34545e-08 -3.89134e-22 -6.52052e-08  1.42533e-21  1.45674e-07 -4.02669e-21 -2.60831e-07  9.08728e-21  3.69607e-07 -1.65076e-20 -4.02685e-07  2.37061e-20   3.1596e-07 -2.50294e-20 -1.47071e-07  1.37294e-20 -6.98353e-10  1.35497e-20  5.19378e-08 -5.27825e-20 -2.56726e-08  9.29375e-20 -7.02945e-09 -1.21234e-19   1.0103e-08  1.29252e-19  1.01305e-10  -1.1557e-19 -2.94963e-09  8.49493e-20  1.30211e-10 -4.67001e-20  7.88067e-10  1.24958e-20  1.62036e-11  8.17771e-21 -1.89795e-10 -1.32282e-20 -3.31104e-11   8.5206e-21  3.53234e-11 -2.34242e-21  1.48983e-11  -7.2408e-22 -3.14311e-12  9.28493e-22 -3.65085e-12  -3.0101e-22 -5.56891e-13 -2.78145e-23  4.19508e-13  5.20957e-23  2.26362e-13 -1.76789e-23  1.87753e-14  2.10175e-24 -2.33884e-14  4.23752e-24 -1.08054e-14 -5.03442e-24 -1.30406e-15  2.00004e-24  6.50138e-16  4.13226e-26  3.63604e-16 -1.71004e-25  7.55071e-17 -3.18248e-26 -1.76981e-18  2.17809e-26 -6.04248e-18  1.06163e-26 -1.96131e-18 -4.97239e-27 -3.05067e-19 -1.31316e-27  2.46853e-21  8.00446e-28  1.45994e-20  3.48116e-29   4.2147e-21 -4.22676e-29  6.77034e-22  3.97984e-30  5.34026e-23 -4.82722e-30 -4.01817e-24  4.15631e-31 -2.08129e-24  2.67487e-31 -3.72304e-25 -2.66618e-32 -4.20101e-26  1.19714e-32  -2.9925e-27  3.45529e-33 -7.74613e-29  5.00966e-34  1.09005e-29 -4.11501e-35  1.72457e-30 -3.89819e-35     1.32e-31 -3.81854e-36  6.35149e-33 -1.07266e-37  1.90668e-34  4.91842e-40  3.09488e-36  5.81774e-40  1.58373e-38  4.68456e-42
 4.58725e-29 -5.74297e-14 -5.31797e-27  1.58137e-12  9.46962e-26 -2.26412e-11 -7.78556e-25  2.11551e-10  3.51384e-24 -1.42143e-09  -6.4594e-24  7.23718e-09 -2.77898e-23 -2.87993e-08  2.90373e-22  9.12253e-08 -1.39637e-21 -2.32204e-07  4.73762e-21  4.75822e-07 -1.24804e-20  -7.7996e-07  2.64148e-20  1.00459e-06 -4.52724e-20 -9.77674e-07  6.18857e-20  6.54394e-07 -6.35448e-20 -2.11016e-07   3.8121e-20 -8.44171e-08  1.65062e-20  1.22785e-07 -8.74303e-20 -2.79529e-08  1.52142e-19 -3.01035e-08 -1.91037e-19  1.65236e-08  1.96327e-19  6.19718e-09  -1.7121e-19 -5.39198e-09  1.24525e-19  -1.5424e-09 -6.86885e-20  1.38737e-09  1.93144e-20   5.0111e-10  1.02085e-20 -2.70854e-10 -1.71012e-20 -1.60559e-10  1.03995e-20  2.59171e-11 -2.23217e-21  3.92227e-11 -1.32071e-21  5.39191e-12   1.1738e-21 -5.61941e-12 -2.70972e-22 -2.67406e-12 -7.37903e-23  2.89994e-14  5.42425e-23  4.12519e-13  -1.4252e-23  1.41422e-13  4.20127e-24  -2.6603e-15  4.22612e-24 -1.79891e-14 -6.92063e-24 -6.33803e-15  2.85313e-24  -5.0875e-16  6.49824e-26  4.02724e-16  -2.3683e-25  1.89367e-16 -3.48273e-26  3.67905e-17  2.32252e-26 -2.25939e-19  1.39089e-26 -2.35789e-18 -5.94174e-27 -7.64821e-19 -1.71403e-27 -1.27364e-19  1.01701e-27 -5.77145e-21  3.88713e-29  3.12448e-21 -4.31707e-29  1.04578e-21  3.02696e-30  1.82522e-22 -6.34305e-30  1.91561e-23  1.16333e-31  6.40457e-25   2.3684e-31 -1.85059e-25   6.8711e-33 -4.32924e-26  2.19249e-32  -5.3055e-27  4.92147e-33 -4.30082e-28  5.88506e-34 -2.23745e-29 -6.93063e-35 -4.97966e-31 -3.70044e-35  2.55805e-32 -3.18991e-36  2.85337e-33 -1.17083e-37  1.20955e-34 -2.23432e-39  2.53462e-36  1.59777e-40  1.81652e-38
 1.29086e-14  1.31743e-27 -6.40296e-13 -5.34646e-26  1.23376e-11  6.68773e-25 -1.42567e-10 -4.43337e-24  1.13878e-09  1.71141e-23 -6.74456e-09 -2.77898e-23  3.08316e-08 -1.07737e-22  -1.1144e-07  1.02815e-21  3.22922e-07 -4.55933e-21 -7.54686e-07  1.43674e-20  1.42042e-06 -3.53497e-20  -2.1308e-06   7.0201e-20  2.48642e-06   -1.134e-19 -2.13973e-06  1.46994e-19  1.17758e-06 -1.45106e-19 -1.71384e-07  8.92656e-20 -3.09652e-07  1.48225e-20   2.2665e-07 -1.34939e-19  8.37902e-09  2.30444e-19 -7.62101e-08 -2.76601e-19    1.486e-08  2.73223e-19  2.06532e-08 -2.33191e-19 -5.85091e-09  1.69207e-19 -5.61905e-09 -9.43706e-20  1.28537e-09  2.77282e-20  1.53515e-09  1.20784e-20 -8.94041e-11 -2.09354e-20  -3.6493e-10  1.18445e-20  -6.0192e-11 -1.63765e-21  5.93055e-11  -2.1022e-21  2.79063e-11  1.36408e-21 -2.37242e-12 -1.63098e-22 -5.48343e-12 -1.35188e-22 -1.45767e-12  4.59533e-23   3.0418e-13 -7.82061e-24  3.08896e-13  8.41611e-24  7.37905e-14  3.59876e-24  -9.0888e-15 -9.09042e-24 -1.13363e-14   3.7505e-24 -3.29335e-15  1.16247e-25  -1.8624e-16 -2.99997e-25  2.02256e-16 -3.62441e-26  8.56993e-17  2.35434e-26  1.62959e-17  1.66878e-26  3.97383e-19 -7.17484e-27  -7.3173e-19 -1.98678e-27 -2.47451e-19  1.26586e-27 -4.40297e-20  4.40427e-29 -3.69607e-21 -4.17062e-29  3.60212e-22  9.82175e-31  1.87362e-22 -8.06202e-30  3.58759e-23   -4.583e-31  4.29795e-24   1.6467e-31  3.06617e-25  5.18284e-32  2.38823e-27   3.3841e-32 -2.57353e-27  6.53199e-33   -3.797e-28  6.64574e-34  -3.1889e-29 -8.12358e-35  -1.7634e-30 -3.13349e-35 -6.21328e-32 -2.43282e-36 -1.11915e-33 -1.02201e-37  2.30485e-36 -2.46515e-39  3.95491e-37  1.86228e-41
 9.33859e-29  1.93673e-13  1.88011e-26 -5.49636e-12 -4.22562e-25  8.12114e-11  4.00995e-24 -7.84209e-10 -2.21263e-23  5.45432e-09  7.43231e-23 -2.87993e-08 -1.07737e-22  1.19102e-07 -3.79034e-22 -3.93089e-07  3.31985e-21  1.04582e-06 -1.36231e-20 -2.24921e-06   3.9969e-20  3.89156e-06 -9.19853e-20 -5.33644e-06  1.71493e-19   5.6141e-06 -2.60912e-19 -4.20727e-06  3.19791e-19  1.77525e-06  -3.0097e-19  2.00291e-07  1.82967e-19 -7.64743e-07  5.65827e-21  3.12213e-07 -1.96573e-19  1.35591e-07   3.2489e-19  -1.4027e-07 -3.68727e-19 -1.38232e-08  3.48484e-19  4.36116e-08 -2.92678e-19  1.57921e-09  2.14393e-19 -1.19332e-08 -1.22052e-19 -1.16601e-09  3.72986e-20  2.84358e-09  1.37171e-20  7.21295e-10 -2.44316e-20 -4.98914e-10  1.25796e-20 -2.68148e-10 -4.48672e-22  3.08294e-11 -3.05182e-21  5.96111e-11  1.45707e-21  1.28212e-11  3.84138e-23 -5.76795e-12 -2.08609e-22 -3.96201e-12  2.43387e-23 -5.60293e-13  7.77328e-25  3.30603e-13   1.5257e-23  1.91187e-13   2.4568e-24  3.30156e-14 -1.13983e-23 -7.82953e-15   4.5575e-24  -6.0711e-15   1.8722e-25  -1.5416e-15 -3.47577e-25 -7.60084e-17  -3.3743e-26  8.30629e-17  2.37615e-26  3.34517e-17  1.81433e-26  6.42487e-18 -8.95597e-27  3.77228e-19 -2.05765e-27 -1.68869e-19  1.55756e-27 -6.41373e-20  6.06437e-29 -1.21516e-20 -3.79674e-29 -1.33076e-21 -2.68892e-30 -2.82073e-23 -1.01458e-29  2.08784e-23 -1.31653e-30  4.82489e-24  6.16668e-32   6.2624e-25  1.01001e-31   5.3625e-26  4.56406e-32  2.73464e-27  8.01832e-33   1.2456e-29  7.23362e-34 -1.14882e-29  -7.5097e-35 -1.10246e-30 -2.35426e-35 -5.64398e-32 -1.66855e-36 -1.70701e-33 -7.17764e-38 -2.71539e-35  -1.5056e-39 -1.39099e-37
-3.79612e-14 -1.61933e-27  1.94176e-12  1.84027e-25 -3.86315e-11 -2.75391e-24  4.61557e-10  2.08414e-23 -3.81772e-09 -9.80051e-23  2.34545e-08  2.90373e-22  -1.1144e-07 -3.79034e-22   4.1963e-07 -1.21732e-21 -1.27039e-06  9.82732e-21  3.11287e-06 -3.74318e-20 -6.17187e-06  1.02471e-19  9.81916e-06 -2.20889e-19 -1.22831e-05   3.8682e-19  1.15671e-05 -5.54019e-19 -7.36865e-06  6.40664e-19  2.01785e-06 -5.71164e-19  1.28907e-06  3.34638e-19 -1.47771e-06 -1.03625e-20  2.35038e-07 -2.74389e-19  4.11659e-07  4.29021e-19 -1.83155e-07 -4.52788e-19 -9.53515e-08  4.06435e-19  6.41137e-08 -3.38873e-19  2.50128e-08  2.54821e-19 -1.68012e-08 -1.49657e-19 -7.84867e-09  4.72834e-20  3.15292e-09  1.51946e-20  2.38314e-09 -2.73613e-20 -2.06967e-10  1.24178e-20 -5.52222e-10  1.37701e-21  -1.0777e-10 -4.13774e-21  7.15738e-11   1.4224e-21   4.1476e-11  3.38386e-22  2.04913e-12 -2.87856e-22 -5.63682e-12  -1.1958e-23 -2.30669e-12  9.80991e-24 -1.00427e-13  2.48777e-23  2.43136e-13  1.08502e-24  1.01879e-13 -1.36068e-23  1.31166e-14  5.12666e-24 -4.63863e-15  2.51365e-25 -2.80692e-15 -3.69169e-25 -6.54461e-16 -2.39677e-26 -3.71229e-17  2.59663e-26  2.74663e-17  1.75361e-26  1.10726e-17  -1.1597e-26  2.18666e-18 -1.91168e-27  1.95569e-19  1.90387e-27 -2.37958e-20  1.04315e-28 -1.26229e-20 -3.18423e-29 -2.57172e-21 -8.56143e-30 -3.22613e-22 -1.27922e-29 -2.19284e-23 -2.40237e-30  6.18557e-25 -5.54951e-32  3.86278e-25  1.44897e-31  5.63876e-26  5.49044e-32   5.0954e-27  9.05321e-33  3.07748e-28   7.5025e-34  1.13487e-29  -5.5942e-35  1.26893e-31  -1.5547e-35  -1.0169e-32 -1.00848e-36 -5.47501e-34 -3.99024e-38 -9.87447e-36 -5.41979e-40
-1.81701e-27  -5.1339e-13 -3.85148e-26  1.50537e-11  1.38739e-24 -2.30116e-10 -1.52578e-23  2.30227e-09  9.53586e-23 -1.66176e-08 -3.89134e-22  9.12253e-08  1.02815e-21 -3.93089e-07 -1.21732e-21  1.35521e-06 -3.58715e-21 -3.77816e-06  2.67908e-20   8.5488e-06 -9.49786e-20 -1.56469e-05  2.43073e-19  2.28827e-05 -4.91374e-19 -2.60278e-05  8.08673e-19  2.17108e-05 -1.08999e-18 -1.12812e-05  1.18722e-18  9.44601e-07 -9.97468e-19  3.56185e-06  5.52326e-19 -2.27411e-06 -2.50951e-20 -2.65087e-07 -3.72869e-19  8.46899e-07  5.34317e-19 -1.12136e-07 -5.11441e-19 -2.44816e-07  4.30703e-19  5.25057e-08  -3.6184e-19  6.87361e-08  2.85911e-19 -1.11496e-08 -1.75032e-19 -1.88336e-08  5.66793e-20  4.38441e-11   1.6695e-20  4.40019e-09 -2.96031e-20  9.60455e-10  1.13219e-20 -6.75502e-10  3.79202e-21 -3.77677e-10 -5.31991e-21  1.01336e-11  1.24843e-21  6.85725e-11  7.28391e-22  2.16404e-11 -3.63495e-22 -2.67818e-12 -6.26063e-23 -3.98682e-12  1.67908e-23 -1.12654e-12  3.69185e-23   5.2595e-14 -7.61212e-26  1.42287e-13 -1.54035e-23  4.79332e-14  5.33433e-24  4.89224e-15  2.67988e-25 -2.13488e-15 -3.62231e-25  -1.1235e-15 -3.74787e-27  -2.5055e-16  3.29424e-26  -1.8586e-17  1.44463e-26  6.97708e-18 -1.53199e-26  3.02421e-18 -1.60282e-27  6.20161e-19  2.31462e-27  7.01423e-20  1.92098e-28  2.28097e-22 -2.30242e-29 -1.70307e-21  -1.7026e-29 -3.95285e-22 -1.61134e-29 -5.36984e-23  -3.5977e-30 -4.70936e-24 -1.69913e-31 -2.06764e-25  1.74535e-31  9.72399e-27  5.96262e-32  2.66628e-27  9.36176e-33  2.55395e-28  7.28485e-34  1.50274e-29 -3.25407e-35  5.65435e-31 -8.89241e-36  1.23962e-32 -5.23019e-37  1.13326e-34 -1.67269e-38 -1.28618e-37
 8.79943e-14 -1.17639e-26 -4.65455e-12 -4.23511e-25  9.58835e-11  8.54389e-24 -1.18782e-09 -7.34042e-23  1.02028e-08  3.88723e-22 -6.52052e-08 -1.39637e-21  3.22922e-07  3.31985e-21 -1.27039e-06 -3.58715e-21   4.0293e-06 -9.74169e-21   -1.038e-05  6.75304e-20  2.17362e-05 -2.23371e-19 -3.67584e-05  5.35333e-19  4.93644e-05  -1.0159e-18 -5.08105e-05  1.57192e-18  3.69514e-05 -1.99358e-18  -1.4448e-05  2.04276e-18 -3.03831e-06 -1.61072e-18  7.29877e-06  8.28595e-19 -2.59709e-06 -1.99228e-20 -1.50884e-06 -4.99974e-19  1.31322e-06  6.32589e-19  2.13048e-07  -5.2903e-19 -4.32163e-07  4.08928e-19  -3.8166e-08 -3.55554e-19  1.21846e-07  3.04812e-19   1.7898e-08 -1.96106e-19 -2.92609e-08  6.43388e-20 -8.98468e-09     1.84e-20  4.99261e-09 -3.11484e-20  3.12676e-09  9.44604e-21  -2.0733e-10  6.65659e-21 -6.67002e-10  -6.5578e-21  -1.7037e-10  9.42358e-22  5.72301e-11  1.18693e-21  4.68489e-11 -4.22462e-22  8.32851e-12 -1.25606e-22 -3.34294e-12  1.87599e-23 -2.29456e-12   5.0404e-23 -4.75054e-13  -5.0477e-25  6.43245e-14 -1.64452e-23  6.98977e-14  5.11703e-24  2.02245e-14  1.95655e-25  1.83286e-15 -3.35156e-25 -7.82624e-16  2.80702e-26 -3.86257e-16  4.72172e-26 -8.49464e-17  8.92437e-27 -8.11665e-18 -2.01385e-26  1.19533e-18 -1.22869e-27  6.53754e-19  2.79551e-27  1.40936e-19  3.36517e-28  1.82477e-20  -1.1229e-29  1.09172e-21 -2.80033e-29 -1.12351e-22 -2.00068e-29 -4.01318e-23 -4.74306e-30 -5.91541e-24 -2.68711e-31  -5.6294e-25  1.84287e-31 -3.51606e-26  5.88534e-32  -1.1241e-27  8.83356e-33  2.62717e-29  6.50746e-34  5.24942e-30 -1.28399e-35  2.92727e-31 -4.30606e-36  8.44366e-33  -2.2408e-37  1.11196e-34 -4.61077e-39
 1.13638e-26  1.07617e-12 -1.56685e-26 -3.27087e-11 -3.26098e-24  5.18953e-10  4.45249e-23 -5.39669e-09 -3.11473e-22  4.05538e-08  1.42533e-21 -2.32204e-07 -4.55933e-21  1.04582e-06  9.82732e-21 -3.77816e-06 -9.74169e-21  1.10712e-05 -2.44762e-20 -2.64339e-05  1.57946e-19  5.13221e-05 -4.88495e-19  -8.0225e-05  1.09792e-18  9.87498e-05 -1.95754e-18 -9.13392e-05  2.84871e-18  5.64793e-05 -3.39923e-18 -1.35482e-05  3.27439e-18  -1.1912e-05 -2.41534e-18  1.20933e-05  1.13523e-18 -1.40004e-06  3.34846e-20 -3.68741e-06 -6.66421e-19  1.45283e-06  7.18328e-19   9.1872e-07 -4.96268e-19 -5.43571e-07  3.37123e-19 -2.50609e-07 -3.20027e-19   1.4673e-07  3.10709e-19  7.89114e-08  -2.1085e-19 -2.72967e-08  6.91933e-20  -2.3817e-08  2.03127e-20  1.24404e-09 -3.20972e-20  5.46503e-09  7.14153e-21  1.24298e-09  9.76216e-21 -6.76033e-10 -7.81551e-21 -4.39911e-10  5.22977e-22 -3.54328e-11  1.68171e-21  5.61498e-11  -4.4832e-22  2.55224e-11 -1.97211e-22  1.96223e-12  1.27151e-23 -2.40297e-12  6.37373e-23 -1.12921e-12  2.79371e-25 -1.78589e-13 -1.64272e-23   3.8809e-14  4.49709e-24  2.94375e-14  1.11511e-26   7.6972e-15  -3.0591e-25  7.08883e-16  6.89413e-26 -2.24432e-16  6.97193e-26 -1.11994e-16  1.43834e-27 -2.48076e-17 -2.57915e-26 -2.86816e-18 -8.78818e-28  6.32073e-20  3.34657e-27  1.04183e-19  5.39849e-28  2.44733e-20  3.55243e-30  3.43421e-21  -4.0712e-29  2.96365e-22 -2.40854e-29  7.75577e-24 -5.67114e-30 -2.07032e-24 -3.44159e-31  -3.9013e-25  1.73587e-31 -3.85245e-26   5.2962e-32  -2.4956e-27  7.57665e-33 -1.05297e-28  5.26862e-34 -2.44053e-30 -8.18205e-37 -3.95212e-33 -1.70117e-36  1.21433e-33 -7.43844e-38  1.74271e-35
-1.60905e-13  9.66719e-26  8.83477e-12  3.88215e-25 -1.89148e-10 -1.97528e-23  2.43859e-09  2.01038e-22 -2.18321e-08 -1.17975e-21  1.45674e-07  4.73762e-21 -7.54686e-07 -1.36231e-20  3.11287e-06  2.67908e-20   -1.038e-05 -2.44762e-20  2.82084e-05 -5.70933e-20 -6.25883e-05  3.43873e-19  0.000112832   -9.963e-19 -0.000163016  2.10246e-18  0.000183385 -3.52391e-18 -0.000150884  4.82392e-18  7.59926e-05 -5.41611e-18 -3.14628e-06  4.90416e-18 -2.72081e-05 -3.37731e-18  1.62347e-05   1.4252e-18  2.70805e-06  1.67112e-19 -6.53612e-06  -8.8257e-19  6.68444e-07  7.89811e-19  1.98866e-06 -4.13468e-19 -3.70844e-07  2.22117e-19 -5.77767e-07 -2.61679e-19  7.90805e-08   3.0424e-19  1.61875e-07 -2.17177e-19  3.24542e-09  7.05737e-20 -3.83383e-08  2.21016e-20 -9.30833e-09 -3.26609e-20  5.84389e-09  4.91438e-21  3.54147e-09  1.28807e-20 -1.37272e-11 -9.06101e-21 -6.31534e-10  8.34126e-24 -2.15878e-10  2.17308e-21  1.93965e-11 -4.22845e-22  3.77637e-11 -2.71693e-22  1.16233e-11 -3.78044e-24   -1.336e-13   7.4848e-23 -1.32737e-12  2.55716e-24 -4.88545e-13 -1.51699e-23   -6.249e-14  3.58872e-24  1.69368e-14 -2.72513e-25  1.06777e-14  -2.9573e-25   2.6279e-15  1.11963e-25  2.69408e-16  9.85314e-26 -4.67243e-17 -7.38974e-27 -2.65648e-17 -3.17592e-26 -6.02827e-18  -5.8279e-28 -7.92751e-19   3.9594e-27 -3.56217e-20  7.90869e-28  1.03374e-20  2.09209e-29  3.02954e-21 -5.36254e-29  4.52793e-22 -2.77173e-29  4.42198e-23 -6.24326e-30  2.64128e-24  -3.9228e-31  3.37328e-26  1.46816e-31 -1.13005e-26  4.34687e-32 -1.32899e-27  5.88086e-33 -8.15654e-29  3.81647e-34  -3.0509e-30  3.85115e-36 -6.53069e-32 -5.12709e-37 -6.11052e-34 -1.64822e-38
-4.82149e-26 -1.77731e-12  5.07482e-25  5.62423e-11  4.48346e-24  -9.3023e-10 -9.94172e-23  1.00985e-08  7.99852e-22 -7.93412e-08 -4.02669e-21  4.75822e-07  1.43674e-20 -2.24921e-06 -3.74318e-20   8.5488e-06  6.75304e-20 -2.64339e-05 -5.70933e-20  6.68493e-05 -1.24031e-19 -0.000138159  6.98924e-19  0.000231529 -1.90009e-18 -0.000308962  3.76802e-18  0.000316286 -5.93841e-18 -0.000227982  7.64656e-18  8.59576e-05 -8.08002e-18  2.36034e-05  6.88261e-18 -4.85238e-05 -4.42315e-18  1.63029e-05  1.64412e-18   1.0898e-05  4.06274e-19 -8.98409e-06 -1.15352e-18  -1.7058e-06  8.48188e-19  3.10523e-06  -2.9104e-19  3.30111e-07  8.12366e-20 -9.08579e-07 -1.91834e-19 -1.47518e-07  2.86344e-19  2.24818e-07 -2.12965e-19   7.2981e-08  6.85662e-20  -3.9109e-08  2.30617e-20 -2.57047e-08 -3.31839e-20   1.4332e-09  3.32944e-21  5.55415e-09  1.58274e-20  1.49724e-09 -1.02575e-20 -4.64625e-10 -5.96048e-22 -4.06773e-10   2.6175e-21 -7.83208e-11 -3.29372e-22  2.73045e-11 -3.41208e-22  2.03518e-11 -3.18474e-23  4.56285e-12  8.15378e-23  -4.3486e-13  6.25608e-24 -6.07404e-13 -1.27046e-23 -1.88858e-13  2.58044e-24  -2.1339e-14 -5.96378e-25  5.68934e-15 -3.19741e-25   3.3104e-15  1.46739e-25  7.91226e-16  1.28322e-25  9.25306e-17 -1.71407e-26 -5.26258e-18 -3.73684e-26 -4.90625e-18 -2.88747e-28 -1.16933e-18   4.6122e-27 -1.66881e-19  1.06537e-27 -1.33291e-20  4.00708e-29   1.7481e-22 -6.47038e-29  2.32702e-22 -3.01782e-29  3.90755e-23 -6.37905e-30  3.97938e-24 -4.11072e-31  2.71295e-25  1.11481e-31  1.14231e-26  3.24771e-32  1.52116e-28   4.1075e-33 -1.37618e-29  2.44215e-34 -9.43852e-31  3.94778e-36 -2.48366e-32 -1.01377e-37 -2.14292e-34
 2.29737e-13 -4.25809e-25 -1.31654e-11  1.72984e-24   2.9451e-10  3.06041e-23 -3.97222e-09 -4.29231e-22  3.72553e-08  2.83987e-21 -2.60831e-07 -1.24804e-20  1.42042e-06   3.9969e-20 -6.17187e-06 -9.49786e-20  2.17362e-05  1.57946e-19 -6.25883e-05 -1.24031e-19  0.000147756 -2.51682e-19 -0.000285033  1.32983e-18   0.00044437 -3.39691e-18  -0.00054697  6.33336e-18  0.000506398 -9.38339e-18 -0.000312247  1.13616e-17  7.09844e-05 -1.13047e-17  7.27285e-05   9.0771e-18 -7.17364e-05 -5.45442e-18  7.46249e-06  1.74822e-18  2.31326e-05  7.59011e-19 -9.02011e-06 -1.47409e-18 -6.00677e-06  8.94513e-19  3.55853e-06 -1.47072e-19  1.69127e-06 -6.05764e-20 -1.00314e-06 -1.23904e-19 -5.49429e-07  2.57117e-19  1.94572e-07 -1.96368e-19  1.71674e-07  6.42812e-20 -9.47579e-09  2.22557e-20 -4.07731e-08 -3.41635e-20 -9.37917e-09  2.87181e-21  5.18697e-09  1.85149e-20  3.42576e-09  -1.1349e-20    2.899e-10 -1.30196e-21 -4.42566e-10  2.97095e-21 -2.06579e-10 -1.57579e-22  -1.7806e-11 -3.96245e-22  1.89897e-11 -7.05584e-23  9.31769e-12  8.20054e-23  1.59251e-12  1.08582e-23 -2.72832e-13 -9.33224e-24 -2.36691e-13  1.69588e-24 -6.56269e-14 -8.59335e-25 -7.25982e-15 -3.78243e-25  1.44628e-15  1.61597e-25  8.60458e-16  1.50874e-25  2.04507e-16 -2.78608e-26  2.68026e-17 -4.19503e-26  5.39592e-19  1.11217e-28 -6.41909e-19  5.26371e-27 -1.71526e-19  1.33027e-27 -2.58655e-20  5.98271e-29 -2.50191e-21 -7.18886e-29  -1.2163e-22 -3.08709e-29  6.13699e-24 -6.07264e-30  1.89404e-24 -4.00146e-31  2.03554e-25  7.55661e-32  1.35969e-26  2.20002e-32  5.92009e-28  2.56254e-33   1.5479e-29  1.36004e-34   1.7477e-31  2.41109e-36 -7.44604e-34 -7.32237e-39
 1.57497e-25  2.27503e-12 -2.47586e-24  -7.5464e-11    2.557e-24  1.30968e-09  1.59271e-22  -1.4936e-08  -1.6234e-21  1.23442e-07  9.08728e-21  -7.7996e-07 -3.53497e-20  3.89156e-06  1.02471e-19 -1.56469e-05 -2.23371e-19  5.13221e-05  3.43873e-19 -0.000138159 -2.51682e-19   0.00030536 -4.78375e-19 -0.000550847  2.37487e-18  0.000799249 -5.70607e-18 -0.000905463  1.00022e-17  0.000751395 -1.39202e-17 -0.000380705  1.58379e-17   1.1632e-05 -1.48524e-17  0.000145686  1.12861e-17 -8.77633e-05 -6.37575e-18 -1.51264e-05  1.72142e-18  3.70531e-05   1.2105e-18 -4.05773e-06 -1.82545e-18 -1.17073e-05  9.25613e-19   2.3528e-06 -2.99362e-21  3.53027e-06 -1.75196e-19 -5.43831e-07 -7.02287e-20 -1.03169e-06    2.152e-19 -6.13457e-09 -1.66436e-19  2.56219e-07  5.98999e-20  5.96502e-08  1.88281e-20 -4.12897e-08 -3.62342e-20 -2.44076e-08  3.79709e-21  3.66181e-10  2.09739e-20  4.56518e-09 -1.22477e-20  1.54775e-09 -2.13177e-21  -1.4969e-10  3.19257e-21 -2.80231e-10  9.15143e-23 -8.71057e-11 -4.27048e-22  5.86511e-13 -1.16506e-22  9.90119e-12  7.54291e-23   3.7375e-12  1.54225e-23  5.14329e-13 -5.62246e-24  -1.1443e-13  1.14332e-24 -7.90848e-14 -9.36292e-25 -2.03932e-14 -4.52839e-25 -2.38586e-15  1.46343e-25  2.48758e-16  1.56738e-25  1.81369e-16 -4.00744e-26  4.38135e-17 -4.50036e-26   6.2359e-18   7.1716e-28  4.10394e-19  5.85014e-27  -4.4398e-20  1.55004e-27 -1.74619e-20  7.86406e-29 -2.80316e-21 -7.37098e-29 -2.89951e-22 -2.95289e-29 -1.95498e-23 -5.39195e-30 -6.36584e-25 -3.61894e-31   2.6063e-26  4.51615e-32  4.77598e-27  1.34291e-32  3.04441e-28  1.41375e-33   1.0807e-29  6.45877e-35   2.0222e-31  1.01248e-36  1.30105e-33
-2.49194e-13  1.37403e-24  1.50392e-11 -1.08529e-23 -3.54543e-10 -1.27873e-23   5.0436e-09  6.84601e-22 -4.99422e-08 -5.45934e-21  3.69607e-07  2.64148e-20  -2.1308e-06 -9.19853e-20  9.81916e-06  2.43073e-19 -3.67584e-05 -4.88495e-19  0.000112832  6.98924e-19 -0.000285033 -4.78375e-19  0.000591432 -8.54035e-19 -0.000999316  3.99121e-18   0.00134945 -9.02647e-18  -0.00140249  1.48667e-17   0.00102955 -1.94036e-17 -0.000396941  2.07195e-17 -0.000110458 -1.83436e-17  0.000235001  1.32813e-17 -8.29938e-05 -7.12621e-18 -5.37841e-05   1.5816e-18  4.73422e-05  1.72606e-18  8.05185e-06 -2.17453e-18 -1.69996e-05  9.30376e-19 -1.40905e-06  1.20959e-19  5.19823e-06 -2.36013e-19  7.14918e-07  -3.9402e-20 -1.35802e-06  1.58019e-19 -4.05551e-07 -1.23862e-19   2.5455e-07  5.84008e-20  1.56101e-07  1.23947e-20 -1.33667e-08 -4.00785e-20 -3.62178e-08  6.01714e-21 -9.18927e-09  2.33266e-20  3.33472e-09 -1.28315e-20  2.73139e-09 -3.10114e-21  5.03033e-10  3.24966e-21 -1.95826e-10  4.02237e-22 -1.40997e-10 -4.25913e-22 -3.14581e-11 -1.63957e-22  3.04029e-12  6.23984e-23   4.2416e-12  1.87384e-23  1.33683e-12 -2.33498e-24  1.60693e-13  1.06913e-24 -3.59297e-14  -7.0664e-25  -2.2498e-14 -5.10023e-25 -5.57255e-15  9.45695e-26 -7.10656e-16  1.37604e-25  1.41929e-17 -5.45131e-26   2.9286e-17 -4.63126e-26  7.44526e-18  1.54956e-27  1.11879e-18  6.28965e-27  1.01249e-19  1.69357e-27   2.0682e-21  9.45912e-29 -1.00763e-21 -6.97766e-29  -1.9389e-22  -2.6317e-29 -2.05648e-23 -4.46145e-30 -1.44861e-24 -3.02737e-31 -6.64204e-26  2.32442e-32 -1.58233e-27  7.32282e-33  1.12841e-29  6.80125e-34  1.93381e-30  2.53364e-35  4.41436e-32  2.68958e-37
-4.15149e-25 -2.17104e-12  8.02495e-24  7.63965e-11 -3.74351e-23 -1.40685e-09 -1.28494e-22  1.70317e-08   2.5266e-21 -1.49529e-07 -1.65076e-20  1.00459e-06   7.0201e-20 -5.33644e-06 -2.20889e-19  2.28827e-05  5.35333e-19  -8.0225e-05   -9.963e-19  0.000231529  1.32983e-18 -0.000550847 -8.54035e-19   0.00107588 -1.43612e-18  -0.00170518  6.32931e-18   0.00214208 -1.34776e-17  -0.00203276  2.08259e-17   0.00129374 -2.54216e-17 -0.000315319  2.54276e-17 -0.000304448 -2.13158e-17  0.000321171  1.48689e-17 -4.22705e-05 -7.69979e-18 -0.000105355  1.37041e-18  4.62613e-05  2.26212e-18  2.75368e-05 -2.47621e-18 -1.88437e-05  8.88283e-19 -7.92137e-06  2.08908e-19  5.61729e-06 -2.21986e-19  2.73364e-06  -3.4621e-20 -1.19675e-06   8.2769e-20 -9.24975e-07 -7.15586e-20  9.40857e-08  6.29681e-20  2.38734e-07  3.36087e-21   4.7567e-08 -4.62587e-20 -3.38705e-08  9.06867e-21 -2.03848e-08  2.57182e-20 -1.20461e-09 -1.29609e-20  2.89608e-09 -4.19782e-21  1.27751e-09  3.12407e-21  9.05855e-11   7.4448e-22 -1.26943e-10 -3.89685e-22 -6.00608e-11 -2.05728e-22 -1.00338e-11   4.4976e-23  1.82761e-12  1.95759e-23  1.54182e-12 -2.65583e-25  4.29307e-13  1.53027e-24   4.9659e-14 -8.54693e-26 -8.36159e-15 -5.11932e-25 -5.34229e-15  4.75143e-27 -1.30321e-15  8.86402e-26 -1.80104e-16 -7.16829e-26  -7.0846e-18 -4.59904e-26  3.21366e-18  2.50709e-27  9.44949e-19  6.49656e-27  1.47947e-19  1.74004e-27  1.50786e-20  1.05557e-28  8.92363e-22 -6.09337e-29 -2.51165e-24 -2.17874e-29  -6.8585e-24 -3.43194e-30 -8.02123e-25 -2.32749e-31 -5.36586e-26  9.81437e-33 -2.27971e-27   3.5248e-33 -5.81322e-29  2.79485e-34 -7.13398e-31   7.7448e-36 -1.61885e-33
