 0.000208501 -1.24883e-19  -0.00122988  1.34628e-18   0.00229716 -3.38454e-18  -0.00175748  3.15976e-18  0.000167948 -1.99269e-19  0.000482584 -1.69916e-18 -0.000145872  1.09785e-18 -7.50441e-05 -1.56968e-19  2.65029e-05 -3.76847e-20  4.81194e-06  2.63805e-21 -8.62853e-07
-1.24883e-19   0.00185419 -8.92254e-19  -0.00581239   6.3603e-18   0.00737546 -1.18497e-17  -0.00346981   7.9645e-18 -0.000926976  1.32604e-18   0.00132412 -4.57003e-18  -5.1175e-05  1.92099e-18 -0.000231889 -1.40476e-20  2.74168e-05 -8.29256e-20  1.23999e-05 -2.21933e-21
 -0.00122988 -8.92254e-19   0.00768268 -3.52088e-18    -0.015609  1.81354e-17      0.01381 -2.61258e-17  -0.00297306  1.25464e-17  -0.00350968  5.16294e-18    0.0019126 -7.50995e-18  0.000398973  1.87805e-18 -0.000373172  3.21801e-19  -2.5151e-06 -8.21494e-20  1.34595e-05
 1.34628e-18  -0.00581239 -3.52088e-18     0.019783 -9.33434e-18   -0.0284589  3.71848e-17    0.0173736 -4.29307e-17   0.00100612  1.41356e-17  -0.00642711   1.0499e-17   0.00165118 -9.04296e-18   0.00102706   9.3346e-19 -0.000404837  5.84618e-19 -3.69722e-05 -3.97202e-20
  0.00229716   6.3603e-18    -0.015609 -9.33434e-18    0.0357726 -1.85376e-17   -0.0384265  6.03154e-17    0.0151684 -5.72679e-17   0.00702879  1.14145e-17  -0.00819628  1.56539e-17  0.000607879 -8.61724e-18   0.00153373 -3.20866e-19 -0.000329692  6.07167e-19 -4.37696e-05
-3.38454e-18   0.00737546  1.81354e-17   -0.0284589 -1.85376e-17    0.0490181 -2.97955e-17   -0.0409807  8.24341e-17   0.00842765 -6.51223e-17    0.0124912  4.84184e-18  -0.00834795  1.92422e-17 -0.000690099 -6.74309e-18    0.0017589 -1.25285e-18 -0.000213953  4.11697e-19
 -0.00175748 -1.18497e-17      0.01381  3.71848e-17   -0.0384265 -2.97955e-17    0.0542919 -4.09399e-17   -0.0368537  9.87927e-17  0.000716698 -6.47478e-17    0.0159509 -3.83499e-18  -0.00741411  2.06684e-17  -0.00177677 -4.37362e-18   0.00171021 -1.52972e-18 -0.000114112
 3.15976e-18  -0.00346981 -2.61258e-17    0.0173736  6.03154e-17   -0.0409807 -4.09399e-17    0.0520637 -4.98329e-17    -0.030172  1.06549e-16  -0.00540906 -5.72772e-17    0.0175706 -1.22333e-17  -0.00613748   2.0124e-17  -0.00244784 -2.38321e-18   0.00144998 -1.06408e-18
 0.000167948   7.9645e-18  -0.00297306 -4.29307e-17    0.0151684  8.24341e-17   -0.0368537 -4.98329e-17    0.0466302 -5.50819e-17   -0.0243566  1.05925e-16  -0.00946868 -4.61948e-17    0.0181579 -1.85532e-17  -0.00499331  1.84393e-17  -0.00265791 -1.52237e-18  0.000987782
-1.99269e-19 -0.000926976  1.25464e-17   0.00100612 -5.72679e-17   0.00842765  9.87927e-17    -0.030172 -5.50819e-17     0.041738 -5.66127e-17   -0.0205168  9.98639e-17   -0.0120766 -3.51634e-17    0.0183786 -2.23518e-17  -0.00419403   1.6551e-17  -0.00236357 -1.62656e-18
 0.000482584  1.32604e-18  -0.00350968  1.41356e-17   0.00702879 -6.51223e-17  0.000716698  1.06549e-16   -0.0243566 -5.66127e-17    0.0387625 -5.55393e-17   -0.0183628  9.20434e-17   -0.0139074 -2.65077e-17    0.0185939 -2.38475e-17  -0.00385057  1.58284e-17  -0.00145899
-1.69916e-18   0.00132412  5.16294e-18  -0.00642711  1.14145e-17    0.0124912 -6.47478e-17  -0.00540906  1.05925e-16   -0.0205168 -5.55393e-17    0.0375804 -5.34031e-17   -0.0173885  8.58414e-17   -0.0153605 -2.29359e-17    0.0189714 -2.14307e-17  -0.00402911  1.05689e-17
-0.000145872 -4.57003e-18    0.0019126   1.0499e-17  -0.00819628  4.84184e-18    0.0159509 -5.72772e-17  -0.00946868  9.98639e-17   -0.0183628 -5.34031e-17    0.0378021  -5.1795e-17   -0.0173386  8.51446e-17   -0.0165949 -2.57021e-17     0.019504 -2.34513e-17   -0.0041579
 1.09785e-18  -5.1175e-05 -7.50995e-18   0.00165118  1.56539e-17  -0.00834795 -3.83499e-18    0.0175706 -4.61948e-17   -0.0120766  9.20434e-17   -0.0173885  -5.1795e-17     0.039289 -5.33764e-17   -0.0182509  9.70823e-17   -0.0175002 -4.32936e-17    0.0192736  1.23462e-17
-7.50441e-05  1.92099e-18  0.000398973 -9.04296e-18  0.000607879  1.92422e-17  -0.00741411 -1.22333e-17    0.0181579 -3.51634e-17   -0.0139074  8.58414e-17   -0.0173386 -5.33764e-17    0.0422336 -5.79776e-17   -0.0205498   1.0674e-16   -0.0168531 -1.58995e-17     0.014581
-1.56968e-19 -0.000231889  1.87805e-18   0.00102706 -8.61724e-18 -0.000690099  2.06684e-17  -0.00613748 -1.85532e-17    0.0183786 -2.65077e-17   -0.0153605  8.51446e-17   -0.0182509 -5.79776e-17    0.0472916 -7.97007e-17   -0.0259875  1.66916e-16   -0.0102574 -1.92975e-16
 2.65029e-05 -1.40476e-20 -0.000373172   9.3346e-19   0.00153373 -6.74309e-18  -0.00177677   2.0124e-17  -0.00499331 -2.23518e-17    0.0185939 -2.29359e-17   -0.0165949  9.70823e-17   -0.0205498 -7.97007e-17    0.0565801 -4.18859e-17   -0.0398498  1.71845e-17   0.00498541
-3.76847e-20  2.74168e-05  3.21801e-19 -0.000404837 -3.20866e-19    0.0017589 -4.37362e-18  -0.00244784  1.84393e-17  -0.00419403 -2.38475e-17    0.0189714 -2.57021e-17   -0.0175002   1.0674e-16   -0.0259875 -4.18859e-17    0.0759605  -2.3633e-16   -0.0653195  6.58458e-16
 4.81194e-06 -8.29256e-20  -2.5151e-06  5.84618e-19 -0.000329692 -1.25285e-18   0.00171021 -2.38321e-18  -0.00265791   1.6551e-17  -0.00385057 -2.14307e-17     0.019504 -4.32936e-17   -0.0168531  1.66916e-16   -0.0398498  -2.3633e-16     0.109149  2.99337e-16   -0.0756438
 2.63805e-21  1.23999e-05 -8.21494e-20 -3.69722e-05  6.07167e-19 -0.000213953 -1.52972e-18   0.00144998 -1.52237e-18  -0.00236357  1.58284e-17  -0.00402911 -2.34513e-17    0.0192736 -1.58995e-17   -0.0102574  1.71845e-17   -0.0653195  2.99337e-16     0.128114 -1.15112e-15
-8.62853e-07 -2.21933e-21  1.34595e-05 -3.97202e-20 -4.37696e-05  4.11697e-19 -0.000114112 -1.06408e-18  0.000987782 -1.62656e-18  -0.00145899  1.05689e-17   -0.0041579  1.23462e-17     0.014581 -1.92975e-16   0.00498541  6.58458e-16   -0.0756438 -1.15112e-15    0.0781946
