 1.27757e-33  7.19918e-37 -1.11393e-33 -5.90541e-37  9.85358e-34  5.87883e-36 -4.02591e-34 -2.91843e-36 -8.30674e-35 -5.57802e-36 -3.91247e-35  4.49025e-36    3.965e-35 -3.66773e-36  3.16442e-35 -2.00221e-36  2.97061e-36 -1.45084e-36 -7.01084e-36 -1.91016e-37 -3.48763e-36  1.22486e-36  1.01766e-36  5.18748e-37 -1.23967e-36  -3.4602e-37 -1.15497e-36 -2.62234e-37  1.51676e-36  5.46045e-38  3.73791e-37  3.93228e-38 -1.35909e-37 -5.47774e-39 -4.60515e-37  2.08242e-38  1.35897e-37 -2.62327e-39  -9.9416e-38 -1.01056e-39  4.92914e-37  1.31313e-40 -1.90078e-36  4.26445e-40  6.78131e-36 -2.38765e-40 -2.18337e-35 -5.92826e-42  6.40552e-35  1.47366e-40 -1.71211e-34 -3.29236e-40   4.1598e-34  1.14314e-39 -9.16219e-34 -3.42874e-39  1.82291e-33  9.56673e-39 -3.26109e-33 -2.50262e-38  5.21414e-33   6.1238e-38 -7.39207e-33 -1.40147e-37  9.19158e-33  2.99835e-37 -9.86928e-33 -5.99258e-37   8.9325e-33  1.11782e-36 -6.53243e-33 -1.94384e-36  3.51782e-33  3.14676e-36 -9.91735e-34 -4.73425e-36 -3.53344e-34  6.60624e-36  5.84568e-34    -8.53e-36 -2.85202e-34  1.01633e-35  4.71078e-36 -1.11377e-35  7.06722e-35  1.11832e-35 -3.17034e-35 -1.02414e-35 -3.68112e-36  8.50712e-36  7.34333e-36 -6.36657e-36 -1.13119e-36   4.2562e-36 -9.79768e-37 -2.51347e-36  3.26524e-37  1.29088e-36  7.42884e-38 -5.63032e-37 -3.17801e-38  1.99983e-37 -1.10673e-38  -5.2567e-38  5.13889e-39   6.8968e-39 -1.88911e-40  1.89973e-39  6.73254e-41 -1.60237e-39 -9.91899e-41  5.83795e-40  2.07719e-41 -1.37939e-40 -2.16797e-42  2.14856e-41  4.91442e-43 -1.89423e-42 -7.47447e-44   1.8033e-44   4.0291e-45  1.49307e-44 -1.57477e-46 -1.35686e-45  5.11881e-48  3.07436e-47
 7.19918e-37  3.04904e-33  3.82845e-36 -1.18013e-33 -5.19086e-36  8.15584e-34  2.05767e-35 -3.96862e-34 -1.80747e-36  -2.3013e-34 -6.08576e-36  -1.9293e-35  5.39062e-36   1.9764e-35 -9.95423e-36  1.06987e-34 -3.17521e-36  1.24769e-35 -7.88287e-37 -2.74542e-35  8.01683e-37 -8.79365e-36  2.88763e-36  1.63678e-36  9.74316e-37  1.14622e-36  -8.2908e-37 -2.02441e-36 -6.12858e-37  2.26636e-36  1.03998e-37  1.22919e-36  8.93333e-38 -3.07113e-37 -2.32435e-38 -1.54755e-36  5.51379e-38  1.28473e-36 -4.69588e-39   -4.106e-36 -9.52961e-41  1.66769e-35  8.72786e-40  -6.1553e-35  9.24565e-40  2.07602e-34 -7.23303e-40  -6.3822e-34 -3.25382e-40  1.78846e-33  1.77032e-39 -4.56093e-33   -5.477e-39  1.05597e-32  1.71705e-38 -2.21263e-32 -4.97684e-38  4.17893e-32  1.34862e-37 -7.07662e-32 -3.42226e-37  1.06705e-31  8.12757e-37 -1.41941e-31  -1.8059e-36   1.6442e-31  3.75207e-36 -1.62687e-31 -7.28371e-36  1.33227e-31  1.31979e-35 -8.49532e-32 -2.22944e-35  3.58206e-32  3.50565e-35 -2.37477e-33 -5.12209e-35  -9.9755e-33   6.9393e-35  7.85313e-33 -8.69551e-35 -2.03728e-33   1.0049e-34 -9.93037e-34 -1.06738e-34  9.69919e-34  1.03788e-34 -1.61524e-34 -9.19491e-35 -1.47426e-34  7.37981e-35  7.09571e-35 -5.32876e-35  9.54396e-36  3.43169e-35 -1.25674e-35 -1.94879e-35  4.15016e-37   9.6073e-36  1.37251e-36 -4.01596e-36 -6.17024e-38  1.36649e-36 -1.48258e-37 -3.45762e-37  1.67385e-38  4.59525e-38  4.78864e-39  9.13964e-39  9.62406e-40 -7.96214e-39 -6.08118e-40  2.72599e-39   4.5069e-41 -5.91927e-40   -4.593e-42  8.31088e-41  2.25311e-42 -6.43707e-42 -1.96562e-43  4.75652e-44  4.64735e-45  3.51802e-44 -3.70822e-46 -2.19887e-45  4.49506e-48
-1.11393e-33  3.82845e-36  4.06735e-33  1.22112e-35 -8.00608e-34 -1.78629e-35  4.28991e-34  4.74565e-35 -1.69283e-34  8.34072e-36 -3.10134e-34 -4.18831e-36 -6.26935e-35  -2.9634e-36 -1.51154e-35 -2.01199e-35  2.24597e-34 -3.61775e-36  3.96501e-35  2.12261e-36 -6.03644e-35  2.63339e-36 -2.40848e-35  4.44035e-36 -1.31599e-36  1.29821e-36  1.22917e-35 -1.29552e-36 -2.11127e-36 -9.83231e-37  1.08214e-36  1.28923e-37  2.64307e-36  1.30476e-37  2.47255e-37 -6.21057e-38  -7.8622e-36  1.05198e-37  2.43396e-35 -4.16073e-39 -9.97686e-35  5.49273e-39  3.85053e-34  1.98624e-39 -1.35789e-33  8.28592e-40  4.37232e-33 -4.87998e-40 -1.28411e-32 -4.83842e-39  3.43526e-32  1.82799e-38 -8.35415e-32 -5.81824e-38  1.84177e-31  1.74718e-37  -3.6678e-31 -4.90584e-37  6.56745e-31  1.28974e-36 -1.05095e-30 -3.17577e-36  1.49102e-30  7.32181e-36 -1.85497e-30 -1.57991e-35  1.99207e-30  3.18873e-35 -1.80205e-30 -6.01464e-35  1.31526e-30  1.05911e-34 -7.04049e-31 -1.73872e-34   1.9286e-31  2.65697e-34  7.74441e-32 -3.77204e-34 -1.21133e-31  4.96394e-34  5.78842e-32  -6.0394e-34 -3.38021e-35  6.77243e-34 -1.49708e-32 -6.97465e-34  6.51328e-33  6.56908e-34  8.83495e-34  -5.6304e-34 -1.56773e-33  4.36578e-34  2.29306e-34 -3.04058e-34  2.09417e-34  1.88511e-34 -6.46499e-35 -1.02846e-34  -1.9429e-35     4.86e-35  8.22771e-36 -1.94301e-35  1.77775e-36  6.31367e-36 -7.95663e-37 -1.52885e-36 -9.05558e-38  2.01009e-37  2.66312e-38  2.99445e-38  1.02899e-38  -2.6746e-38 -1.68709e-39  8.53305e-39 -9.78846e-41 -1.68691e-39  -2.2718e-41  2.10744e-40   6.8571e-42 -1.40198e-41 -1.41692e-43  6.06511e-44  4.42546e-45  5.06827e-44 -7.08945e-46 -1.76208e-45
-5.90541e-37 -1.18013e-33  1.22112e-35  4.07318e-33   2.9401e-35 -5.84472e-34 -3.71914e-35   2.4002e-34  8.41672e-35  1.49259e-34  2.96344e-35 -2.87639e-34 -3.93857e-36 -2.51987e-34 -2.13481e-35 -3.42513e-35 -3.26964e-35  3.89537e-34 -3.47367e-36  7.68938e-35  6.96644e-36 -9.95235e-35  4.36158e-36 -5.80908e-35  4.90126e-36  -1.3792e-35  1.41709e-36  3.90944e-35 -1.56859e-36 -1.77778e-36 -1.25816e-36 -2.52977e-36  1.04682e-37  9.28895e-37  1.27363e-37  2.05425e-35 -1.20208e-37 -1.11475e-34  1.63983e-37  4.74315e-34  1.52424e-39 -1.91178e-33  1.95719e-38  7.05557e-33   2.9762e-39 -2.37849e-32 -2.91559e-39  7.31836e-32  9.58541e-39 -2.05281e-31 -4.55928e-38  5.24025e-31  1.54291e-37 -1.21448e-30 -4.78714e-37  2.54738e-30  1.39016e-36 -4.81608e-30 -3.78278e-36  8.16365e-30  9.64549e-36 -1.23209e-29 -2.30466e-35  1.64023e-29  5.15867e-35 -1.90101e-29 -1.08123e-34  1.88111e-29  2.12053e-34 -1.53916e-29 -3.88797e-34  9.78429e-30  6.65655e-34 -4.08008e-30 -1.06267e-33   2.0902e-31  1.57913e-33   1.1993e-30 -2.17982e-33 -9.24218e-31  2.78841e-33  2.30959e-31 -3.29614e-33  1.23873e-31  3.58878e-33 -1.16152e-31 -3.58536e-33  1.81122e-32  3.27219e-33  1.83202e-32 -2.71398e-33 -8.52583e-33  2.03309e-33 -1.26007e-33 -1.36538e-33  1.52951e-33  8.14503e-34  -2.2758e-35 -4.26505e-34 -1.80787e-34  1.92916e-34  1.08089e-35 -7.36123e-35  1.66302e-35  2.27706e-35 -1.06535e-36  -5.2474e-36  -9.6123e-37  6.69856e-37 -2.29711e-38  7.77431e-38  4.97954e-38 -7.00802e-38  8.40157e-40   2.0632e-38 -5.62842e-40 -3.67381e-39 -1.36152e-40  4.02283e-40  9.65106e-42 -2.23838e-41  3.58635e-43  2.39988e-44  2.44052e-44  4.83581e-44 -5.20516e-46
 9.85358e-34 -5.19086e-36 -8.00608e-34   2.9401e-35  3.74788e-33  5.85817e-35 -6.58935e-34 -5.29725e-35  1.97153e-34  1.22523e-34  3.76318e-34  5.69225e-35 -1.95848e-34 -8.15782e-36 -6.06512e-34 -4.23912e-35 -7.45248e-36 -4.54411e-35  6.00265e-34 -2.65629e-36  1.04292e-34  1.36029e-35 -1.34709e-34  4.78561e-36 -1.16456e-34  3.68067e-36 -4.25745e-35  1.43532e-36  8.74568e-35 -1.61255e-36  -4.2819e-36 -1.36564e-36   3.8328e-36   8.0765e-39 -7.29366e-35  4.49862e-38  4.05521e-34 -1.79934e-37  -1.8965e-33  2.17441e-37  7.99468e-33  1.33742e-38 -3.08798e-32  4.54485e-38  1.08978e-31  6.90696e-39 -3.51188e-31  -2.8495e-38  1.03244e-30  9.34459e-38 -2.76492e-30 -3.37934e-37  6.73127e-30  1.08626e-36 -1.48564e-29 -3.26007e-36  2.96192e-29  9.16316e-36 -5.30945e-29 -2.41531e-35  8.50563e-29  5.97028e-35 -1.20793e-28 -1.38384e-34  1.50403e-28  3.00691e-34 -1.61603e-28 -6.12189e-34  1.46176e-28  1.16697e-33 -1.06538e-28 -2.08072e-33  5.67342e-29  3.46576e-33 -1.51213e-29 -5.38435e-33   -6.758e-30  7.78754e-33    1.009e-29 -1.04623e-32 -4.73399e-30   1.3022e-32 -6.78949e-32 -1.49703e-32  1.27415e-30  1.58401e-32 -5.39969e-31 -1.53637e-32 -8.26229e-32  1.35956e-32  1.34188e-31 -1.09164e-32 -1.83837e-32  7.90187e-33 -1.83664e-32 -5.11647e-33  5.42043e-33  2.93526e-33  1.79533e-33 -1.47386e-33 -7.34666e-34  6.37184e-34 -1.51255e-34 -2.31554e-34  6.42115e-35  6.79654e-35  1.07959e-35 -1.48241e-35 -3.09455e-36  1.80837e-36 -7.28138e-37  1.71099e-37  9.45168e-38 -1.51699e-37  2.09715e-38    4.075e-38  2.54604e-40 -6.45465e-39 -3.96281e-40  6.08385e-40 -7.73156e-42 -2.73839e-41  4.89542e-43 -4.88016e-44  5.38796e-44   2.7938e-44
 5.87883e-36  8.15584e-34 -1.78629e-35 -5.84472e-34  5.85817e-35  3.69436e-33  9.90958e-35 -7.70271e-34 -5.22542e-35  8.44691e-35  1.51744e-34  4.37573e-34  7.93159e-35 -1.10725e-34 -1.65944e-35 -1.08681e-33 -5.59997e-35  1.02092e-34 -5.74303e-35  8.35536e-34 -7.87481e-37   1.0197e-34  2.23512e-35 -1.54484e-34  3.11072e-36 -1.96798e-34  9.97275e-37 -9.45596e-35  1.56019e-36  1.63779e-34 -1.52552e-36 -4.76421e-35 -1.30873e-36  2.35053e-34 -1.83062e-37 -1.34539e-33 -1.44035e-37  6.56419e-33 -2.14189e-37 -2.90833e-32  2.49055e-37   1.1757e-31  3.07495e-38 -4.34332e-31  7.92623e-38  1.46561e-30  4.28867e-38 -4.51423e-30 -1.87121e-37  1.26765e-29  6.35283e-37 -3.23969e-29 -2.12222e-36  7.51721e-29  6.55943e-36 -1.57867e-28 -1.90051e-35   2.9883e-28  5.16358e-35 -5.07162e-28 -1.31669e-34  7.66335e-28  3.15144e-34 -1.02129e-27 -7.07969e-34   1.1847e-27  1.49242e-33 -1.17285e-27 -2.95065e-33  9.59309e-28  5.46721e-33 -6.08371e-28 -9.48345e-33  2.51192e-28  1.53786e-32 -9.28303e-30 -2.32737e-32  -7.7601e-29  3.28018e-32  5.87292e-29 -4.29471e-32 -1.41797e-29  5.20851e-32 -8.28594e-30 -5.83151e-32  7.51183e-30  6.00441e-32 -1.10223e-30 -5.66068e-32 -1.22402e-30  4.86166e-32  5.53143e-31 -3.78164e-32  8.97293e-32  2.64598e-32 -1.01668e-31 -1.65183e-32  5.16017e-34  9.10947e-33  1.23513e-32 -4.38209e-33 -6.99043e-34  1.80799e-33 -1.11551e-33 -6.24322e-34  5.37854e-35  1.73299e-34  7.14509e-35 -3.55781e-35  5.50731e-37  4.08811e-36 -3.09473e-36  3.32165e-37 -1.63622e-37 -2.79555e-37  5.68047e-38  6.76397e-38  7.21923e-39 -9.39036e-39 -3.78011e-40  7.44809e-40 -4.72132e-41 -2.59269e-41  -1.1366e-42 -9.51159e-44  3.34446e-44
-4.02591e-34  2.05767e-35  4.28991e-34 -3.71914e-35 -6.58935e-34  9.90958e-35  3.99377e-33  1.41982e-34 -6.95623e-34 -2.95207e-35 -2.67295e-34  1.63334e-34  4.12674e-34  8.71805e-35 -1.01165e-34 -2.61982e-35 -1.60953e-33 -5.68802e-35  3.17671e-34 -6.94803e-35  1.05782e-33  2.00237e-36  5.98039e-35  3.33079e-35 -1.50119e-34 -5.99944e-37  -2.8467e-34 -2.27229e-36 -1.88023e-34  1.92373e-36  3.58415e-34   -1.433e-36 -7.22947e-34 -1.16883e-36  3.95921e-33  -4.8066e-37  -2.0248e-32  -4.5734e-37  9.38855e-32 -2.01275e-37 -3.97417e-31  2.45955e-37  1.53676e-30  5.99471e-38 -5.42908e-30  7.59889e-38  1.75148e-29  2.87321e-37 -5.15508e-29 -1.09805e-36  1.38222e-28  3.67966e-36  -3.3693e-28  -1.1706e-35  7.44595e-28  3.47911e-35 -1.48647e-27  -9.7039e-35   2.6682e-27  2.54089e-34 -4.28012e-27 -6.25032e-34   6.0862e-27  1.44488e-33 -7.58691e-27 -3.13929e-33  8.15926e-27  6.40982e-33 -7.38311e-27  -1.2294e-32  5.37672e-27  2.21327e-32  -2.8511e-27 -3.73572e-32  7.40759e-28  5.90252e-32  3.64121e-28 -8.71283e-32 -5.23288e-28  1.19864e-31  2.41695e-28 -1.53242e-31  6.76322e-30  1.81463e-31 -6.74728e-29 -1.98276e-31  2.79682e-29  1.99054e-31  4.72113e-30 -1.82719e-31 -7.15865e-30  1.52523e-31  9.22437e-31 -1.15055e-31  1.00508e-30  7.78657e-32 -2.87076e-31 -4.68746e-32 -1.00897e-31  2.48407e-32  3.99719e-32 -1.14374e-32  8.52747e-33  4.49635e-33 -3.46843e-33 -1.47181e-33  -6.4827e-34  3.84982e-34  1.79219e-34 -7.39678e-35  3.97905e-35  7.89504e-36 -4.63944e-36  5.82751e-37 -1.34774e-36 -4.46257e-37  3.80935e-39  9.58271e-38  1.98514e-38 -1.14519e-38  8.02112e-40  7.42053e-40 -4.52063e-41 -1.87062e-41 -2.82025e-42 -7.29323e-44
-2.91843e-36 -3.96862e-34  4.74565e-35   2.4002e-34 -5.29725e-35 -7.70271e-34  1.41982e-34  4.51422e-33  1.71153e-34 -4.23781e-34  9.28807e-36 -9.38267e-34  1.54278e-34  4.48551e-34  7.90222e-35 -1.99737e-34 -3.29053e-35 -2.05921e-33  -4.7289e-35  6.19314e-34 -8.24393e-35  1.23235e-33   4.2602e-36 -2.04162e-35  4.55323e-35 -1.21961e-34 -5.43255e-36  -3.2767e-34 -5.13788e-36 -5.53162e-34  2.45956e-36  2.13253e-33 -1.39397e-36 -1.05709e-32 -1.08131e-36  5.61884e-32 -8.74123e-37 -2.72923e-31 -9.00616e-37   1.2094e-30 -1.36906e-37 -4.89534e-30  1.93795e-37  1.81043e-29  1.64554e-37 -6.11611e-29 -2.30227e-37   1.8861e-28  1.69215e-36 -5.30308e-28  -5.9453e-36  1.35708e-27   1.9213e-35 -3.15324e-27 -5.83524e-35  6.63143e-27  1.66005e-34 -1.25711e-26 -4.43365e-34  2.13665e-26  1.11256e-33 -3.23323e-26 -2.62567e-33  4.31491e-26   5.8322e-33 -5.01149e-26 -1.21994e-32   4.9659e-26  2.40365e-32 -4.06252e-26 -4.46025e-32  2.57218e-26  7.78984e-32 -1.05302e-26 -1.27896e-31   2.4969e-28  1.97046e-31  3.40419e-27 -2.84197e-31 -2.53826e-27  3.82577e-31  5.94367e-28  -4.7901e-31  3.74556e-28    5.556e-31 -3.30477e-28 -5.94338e-31  4.59041e-29  5.83477e-31  5.54572e-29 -5.22851e-31 -2.44757e-29  4.25097e-31 -4.28546e-30 -3.11475e-31  4.60843e-30  2.04097e-31  9.63811e-33 -1.18525e-31 -5.70277e-31  6.03429e-32  2.93196e-32 -2.65681e-32  5.19971e-32  9.93509e-33 -2.14799e-33 -3.07475e-33 -3.42517e-33  7.54967e-34 -2.84092e-35 -1.34927e-34   1.4456e-34  1.31883e-35  9.12802e-36  9.34976e-37 -2.87439e-36 -6.23319e-37 -3.33444e-37  1.16787e-37  1.45659e-38 -1.17452e-38  2.62555e-39  5.96759e-40  4.67864e-41 -9.77351e-42 -1.48753e-42
-8.30674e-35 -1.80747e-36 -1.69283e-34  8.41672e-35  1.97153e-34 -5.22542e-35 -6.95623e-34  1.71153e-34  5.23341e-33  1.72766e-34 -1.09106e-34  5.18767e-35 -1.91323e-33  1.27061e-34  6.51418e-34  6.27052e-35 -4.13214e-34 -3.40311e-35 -2.30588e-33 -3.40848e-35  9.37266e-34 -9.50204e-35  1.34631e-33  3.35868e-36 -1.21916e-34  5.69241e-35 -1.39091e-34  -1.0017e-35  1.92841e-34 -7.02793e-36 -4.53065e-33  2.92389e-36  2.58078e-32 -1.39688e-36 -1.41869e-31 -1.18736e-36  7.21408e-31 -1.32872e-36 -3.34744e-30 -1.46376e-36  1.41838e-29 -2.33361e-38 -5.49092e-29  8.43786e-39  1.94214e-28  7.40489e-37 -6.27337e-28 -2.29865e-36  1.84885e-27  9.23312e-36 -4.96412e-27 -3.05544e-35  1.21179e-26  9.41768e-35 -2.68202e-26 -2.71808e-34  5.36255e-26  7.34675e-34   -9.641e-26 -1.86299e-33  1.54901e-25  4.43829e-33 -2.20615e-25 -9.94997e-33  2.75427e-25  2.10252e-32 -2.96593e-25 -4.19415e-32  2.68615e-25  7.90827e-32 -1.95589e-25 -1.41049e-31  1.03382e-25  2.37947e-31 -2.62491e-26 -3.79285e-31 -1.40277e-26   5.7004e-31  1.95498e-26 -8.05257e-31 -8.91472e-27  1.06488e-30 -3.57375e-28 -1.31205e-30  2.57243e-27  1.49836e-30 -1.04756e-27 -1.57715e-30 -1.91426e-28  1.52111e-30   2.7556e-28 -1.33592e-30 -3.37102e-29  1.06128e-30 -3.95935e-29 -7.57106e-31  1.10376e-29  4.81063e-31  4.05944e-30 -2.69686e-31  -1.5687e-30  1.31887e-31 -3.48803e-31 -5.54733e-32  1.37653e-31  1.96957e-32  2.70459e-32 -5.74658e-33 -7.26578e-33  1.31894e-33 -1.64161e-33 -2.17817e-34  1.82471e-34  1.91996e-35  5.73661e-35  1.37446e-36 -1.77576e-37 -7.65801e-37  -8.1139e-37  1.22723e-37 -3.81613e-38 -1.00827e-38  2.08832e-39  3.77737e-40  1.15602e-40 -3.20104e-42
-5.57802e-36  -2.3013e-34  8.34072e-36  1.49259e-34  1.22523e-34  8.44691e-35 -2.95207e-35 -4.23781e-34  1.72766e-34  6.26925e-33  1.45036e-34  4.40697e-35  8.77934e-35 -3.08047e-33  8.76273e-35  1.02923e-33  5.07933e-35 -7.44174e-34 -2.98447e-35 -2.23826e-33 -2.38513e-35  1.17951e-33 -1.03228e-34  1.40093e-33 -3.28558e-36 -1.05552e-34  6.49258e-35 -1.19655e-33 -1.30409e-35  8.25225e-33 -7.99675e-36 -5.65046e-32  3.03351e-36  3.28299e-31 -1.43625e-36 -1.74747e-30 -1.57824e-36  8.49185e-30 -1.79619e-36 -3.76706e-29 -2.13573e-36  1.52655e-28  2.42263e-37 -5.65249e-28 -8.94851e-37  1.91202e-27  4.10697e-36 -5.90432e-27 -1.42446e-35  1.66248e-26  4.93219e-35 -4.26074e-26 -1.54742e-34  9.91557e-26  4.52409e-34 -2.08871e-25 -1.23424e-33  3.96623e-25  3.14459e-33  -6.7529e-25 -7.49332e-33  1.02365e-24  1.67304e-32 -1.36847e-24  -3.5083e-32  1.59197e-24  6.93029e-32 -1.57965e-24 -1.29423e-31   1.2933e-24  2.29366e-31 -8.18215e-25  -3.8707e-31  3.32656e-25   6.2341e-31 -3.91092e-27 -9.58506e-31  -1.1203e-25  1.40375e-30  8.25662e-26  -1.9492e-30 -1.88387e-26  2.54974e-30 -1.26661e-26 -3.11867e-30  1.09458e-26  3.53911e-30 -1.45114e-27 -3.69771e-30 -1.88571e-27  3.53061e-30  8.17843e-28 -3.05823e-30  1.51924e-28  2.38555e-30 -1.57438e-28 -1.66275e-30 -1.18822e-30  1.02677e-30  1.98108e-29  -5.5626e-31  -9.3498e-31  2.61307e-31 -1.83223e-30  -1.0489e-31  6.84272e-32  3.52855e-32   1.2258e-31 -9.67486e-33  1.31162e-33  2.06598e-33 -5.19544e-33 -3.12988e-34 -3.48704e-34  2.44516e-35  1.05174e-34  1.84228e-36  1.23397e-35 -8.28865e-37 -5.00463e-37  1.10916e-37 -1.00709e-37 -7.14328e-39 -1.70955e-39  1.77777e-40   5.3119e-41
-3.91247e-35 -6.08576e-36 -3.10134e-34  2.96344e-35  3.76318e-34  1.51744e-34 -2.67295e-34  9.28807e-36 -1.09106e-34  1.45036e-34  7.75186e-33  9.88376e-35 -1.17968e-34  1.12753e-34 -4.25501e-33  4.30376e-35  1.49474e-33  5.40675e-35 -1.19184e-33  -2.3447e-35 -1.80831e-33 -1.97735e-35  1.29605e-33 -1.01943e-34  1.20642e-33 -1.67079e-35  1.84848e-33  6.75688e-35 -1.66516e-32 -1.36463e-35   1.1321e-31 -8.55195e-36 -6.98853e-31  2.62172e-36   3.9021e-30 -1.59994e-36 -1.98636e-29 -2.26237e-36  9.22677e-29 -2.20065e-36 -3.91417e-28 -3.06417e-36  1.51717e-27  1.56941e-36 -5.37333e-27 -6.27164e-36  1.73809e-26  2.40498e-35 -5.12994e-26 -8.24699e-35  1.37952e-25  2.66756e-34 -3.37307e-25  -7.9676e-34  7.47826e-25  2.21084e-33  -1.4979e-24 -5.69878e-33  2.69796e-24  1.36462e-32 -4.34299e-24 -3.03679e-32   6.1972e-24  6.28574e-32  -7.7514e-24 -1.21233e-31  8.36164e-24  2.18589e-31 -7.58357e-24 -3.70454e-31  5.52505e-24  5.94872e-31 -2.91437e-24 -9.14502e-31   7.2543e-25  1.36059e-30  4.16571e-25 -1.97439e-30 -5.66867e-25  2.79724e-30  2.55998e-25 -3.84147e-30  1.29004e-26  5.04676e-30 -7.60848e-26 -6.24661e-30  3.05838e-26  7.18102e-30  5.94527e-27 -7.57529e-30 -8.24713e-27   7.2606e-30  9.69602e-28 -6.26943e-30  1.20954e-27   4.8393e-30 -3.31819e-28 -3.31312e-30 -1.26342e-28  1.99484e-30  4.80616e-29 -1.04603e-30  1.10405e-29  4.72069e-31 -4.28002e-30 -1.80632e-31   -8.674e-31  5.74401e-32  2.29114e-31 -1.47467e-32  5.29571e-32  2.91452e-33 -5.74799e-33 -4.01777e-34 -1.87514e-33  2.72594e-35  3.34581e-36  2.23302e-36  2.65929e-35 -7.89125e-37  1.30726e-36  8.55464e-38 -6.99137e-38 -4.05792e-39 -3.85051e-39  5.35765e-41
 4.49025e-36  -1.9293e-35 -4.18831e-36 -2.87639e-34  5.69225e-35  4.37573e-34  1.63334e-34 -9.38267e-34  5.18767e-35  4.40697e-35  9.88376e-35  9.70642e-33  4.91313e-35 -6.44619e-34  1.27459e-34 -5.22693e-33 -3.12155e-37  1.91122e-33  7.71702e-35 -1.73058e-33 -1.92898e-35 -1.09227e-33 -2.13164e-35  1.61757e-33 -8.75239e-35 -2.25328e-33 -3.55643e-35  2.94391e-32  6.42302e-35 -2.13086e-31 -1.16165e-35  1.37618e-30 -9.27038e-36 -8.06901e-30  1.71308e-36  4.30483e-29 -2.09216e-36  -2.0943e-28 -3.21428e-36   9.3016e-28 -2.20119e-36 -3.77416e-27 -5.64356e-36  1.39938e-26  1.00721e-35 -4.74036e-26 -3.94591e-35  1.46605e-25  1.42689e-34 -4.13458e-25  -4.7414e-34  1.06144e-24  1.46619e-33 -2.47457e-24 -4.19725e-33  5.22238e-24  1.11284e-32 -9.93599e-24 -2.72947e-32   1.6951e-23  6.18403e-32 -2.57486e-23 -1.29199e-31  3.44936e-23  2.48422e-31 -4.02088e-23 -4.38767e-31  3.99722e-23  7.10913e-31 -3.27724e-23 -1.05725e-30  2.07366e-23  1.45049e-30  -8.3878e-24 -1.86237e-30  1.14817e-26  2.30585e-30  2.92898e-24 -2.88136e-30 -2.14077e-24  3.78306e-30    4.786e-25 -5.22058e-30  3.39406e-25  7.25943e-30 -2.89078e-25 -9.66267e-30  3.69738e-26   1.1865e-29  5.09604e-26 -1.31598e-29 -2.18612e-26  1.30326e-29 -4.23913e-27  -1.1442e-29  4.29337e-27   8.8544e-30  4.84603e-29 -6.00355e-30 -5.48949e-28   3.5414e-30  2.44629e-29 -1.80142e-30  5.15289e-29  7.81256e-31 -1.81416e-30  -2.8459e-31 -3.49609e-30   8.5312e-32 -4.33294e-32 -2.04228e-32  1.49843e-31  3.71377e-33  1.03753e-32 -4.61661e-34 -3.06982e-33  2.65387e-35 -3.67135e-34  2.42517e-36  1.44769e-35  -6.5787e-37  3.03165e-36  5.54712e-38  5.22943e-38 -1.74222e-39 -1.57941e-39
   3.965e-35  5.39062e-36 -6.26935e-35 -3.93857e-36 -1.95848e-34  7.93159e-35  4.12674e-34  1.54278e-34 -1.91323e-33  8.77934e-35 -1.17968e-34  4.91313e-35  1.20116e-32  5.89452e-36 -1.47972e-33  1.34019e-34 -5.81978e-33 -3.77629e-35  2.15251e-33  1.17741e-34  -2.2528e-33 -2.13408e-35 -7.33875e-34 -2.57185e-35  6.92984e-33  -5.9755e-35 -4.79692e-32 -5.64227e-35  3.71275e-31  5.57545e-35 -2.52136e-30 -7.35426e-36  1.55116e-29 -1.04491e-35 -8.67722e-29  4.68562e-37  4.42263e-28 -3.12018e-36 -2.05685e-27 -4.76314e-36   8.7369e-27  4.26259e-37 -3.39119e-26 -1.93184e-35  1.20282e-25  6.36705e-35 -3.89676e-25 -2.39837e-34  1.15202e-24  8.34731e-34 -3.10338e-24 -2.68687e-33  7.60202e-24  8.02223e-33 -1.68866e-23 -2.21733e-32  3.38928e-23  5.66718e-32 -6.11754e-23 -1.33677e-31   9.8692e-23  2.90232e-31 -1.41145e-22 -5.77932e-31  1.76943e-22  1.05032e-30 -1.91294e-22 -1.73031e-30  1.73839e-22  2.55866e-30 -1.26821e-22 -3.34599e-30  6.68436e-23   3.7762e-30  -1.6375e-23 -3.51585e-30  -9.9828e-24  2.43852e-30  1.33502e-23 -8.72937e-31 -5.99087e-24 -3.15668e-31 -3.51137e-25 -9.33397e-33  1.82702e-24  2.65668e-30 -7.28654e-25 -7.47867e-30 -1.48172e-25  1.31731e-29  2.00842e-25 -1.77799e-29 -2.30296e-26  1.96549e-29 -2.99905e-26 -1.83068e-29  8.16794e-27  1.45457e-29   3.1844e-27 -9.89847e-30 -1.20435e-27   5.7611e-30 -2.82543e-28 -2.85169e-30  1.08932e-28  1.18899e-30   2.2484e-29 -4.11672e-31 -5.91556e-30  1.15957e-31 -1.38847e-30  -2.5759e-32  1.49782e-31   4.2813e-33  4.98343e-32 -4.75148e-34 -5.28882e-35   2.2439e-35 -7.15242e-34  2.33851e-36  -3.5819e-35 -4.76508e-37  1.89623e-36  2.94369e-38  1.05986e-37 -4.86193e-40
-3.66773e-36   1.9764e-35  -2.9634e-36 -2.51987e-34 -8.15782e-36 -1.10725e-34  8.71805e-35  4.48551e-34  1.27061e-34 -3.08047e-33  1.12753e-34 -6.44619e-34  5.89452e-36  1.44331e-32 -2.82959e-35 -2.49836e-33  1.33451e-34 -5.93524e-33 -6.67662e-35  2.10145e-33  1.68238e-34 -1.96725e-33 -3.17259e-35  -7.7948e-33 -2.99047e-35  7.70955e-32 -2.21598e-35 -6.01974e-31 -7.49438e-35  4.30489e-30  4.40132e-35 -2.78128e-29 -1.69179e-36  1.63197e-28 -1.19594e-35 -8.71739e-28 -1.02313e-36   4.2463e-27 -4.34698e-36 -1.88844e-26  -9.8538e-36  7.67324e-26  1.95185e-35 -2.84934e-25 -1.01288e-34  9.66744e-25  3.82617e-34 -2.99491e-24 -1.39221e-33   8.4614e-24  4.69416e-33 -2.17635e-23 -1.46704e-32  5.08394e-23  4.25097e-32 -1.07518e-22 -1.14056e-31  2.05014e-22  2.82917e-31 -3.50566e-22 -6.47334e-31  5.33784e-22  1.36196e-30 -7.16829e-22 -2.62345e-30  8.37667e-22   4.5977e-30 -8.34731e-22 -7.26309e-30  6.85814e-22  1.01889e-29 -4.34437e-22 -1.23582e-29   1.7519e-22  1.22346e-29  1.25445e-24 -8.26894e-30 -6.31212e-23 -1.69402e-31  4.59088e-23  1.18343e-29 -1.01224e-23 -2.33326e-29 -7.47868e-24  3.01273e-29   6.3173e-24 -2.86628e-29 -7.89909e-25  1.85009e-29 -1.13566e-24 -2.98776e-30  4.85187e-25 -1.22525e-29  9.66722e-26  2.21842e-29 -9.69967e-26 -2.47344e-29 -1.27574e-27  2.12136e-29   1.2592e-26 -1.48261e-29 -5.50467e-28  8.60537e-30 -1.19958e-27 -4.16268e-30   4.1693e-29  1.66939e-30  8.25827e-29 -5.48269e-31  1.06236e-30  1.44534e-31 -3.59057e-30 -2.96269e-32 -2.51882e-31  4.46751e-33  7.46527e-32 -4.37917e-34   9.0261e-33  1.63331e-35 -3.55547e-34  1.98413e-36 -7.55535e-35 -2.96192e-37 -1.32423e-36  1.21243e-38  3.96802e-38
 3.16442e-35 -9.95423e-36 -1.51154e-35 -2.13481e-35 -6.06512e-34 -1.65944e-35 -1.01165e-34  7.90222e-35  6.51418e-34  8.76273e-35 -4.25501e-33  1.27459e-34 -1.47972e-33 -2.82959e-35  1.67068e-32 -5.45323e-35 -3.56262e-33  1.25508e-34 -5.50516e-33 -8.66164e-35  8.93442e-34  2.18911e-34  8.52835e-33 -5.01723e-35 -1.07977e-31 -3.19517e-35  9.15242e-31  1.92226e-35 -6.86668e-30  -8.7319e-35   4.6628e-29  3.12485e-35 -2.87147e-28   4.4017e-36  1.60815e-27 -1.32591e-35 -8.20686e-27 -3.40824e-36  3.82193e-26 -2.06411e-36 -1.62577e-25 -3.67639e-35  6.32001e-25  1.34556e-34 -2.24527e-24 -5.70366e-34  7.28657e-24  2.15512e-33 -2.15812e-23 -7.60576e-33  5.82496e-23  2.49134e-32 -1.42981e-22 -7.57289e-32    3.183e-22  2.13522e-31 -6.40315e-22 -5.57783e-31  1.15853e-21  1.34782e-30 -1.87371e-21 -3.00582e-30   2.6867e-21  6.16737e-30 -3.37717e-21 -1.15921e-29  3.66095e-21  1.98361e-29 -3.33553e-21 -3.06169e-29  2.43869e-21  4.19942e-29 -1.28614e-21 -4.98209e-29  3.11517e-22  4.81899e-29  1.99084e-22 -3.14555e-29 -2.63284e-22 -2.42752e-30  1.17828e-22  4.88067e-29  7.59491e-24 -9.58512e-29 -3.67248e-23  1.28271e-28  1.46119e-23 -1.34242e-28  3.05695e-24  1.11768e-28 -4.10368e-24 -7.01716e-29  4.66784e-25  2.52941e-29  6.22337e-25  8.64857e-30 -1.69859e-25 -2.52683e-29 -6.70091e-26  2.67797e-29  2.54616e-26 -2.00825e-29  6.02566e-27  1.18186e-29 -2.33993e-27 -5.61906e-30 -4.86051e-28  2.16839e-30  1.29142e-28 -6.73677e-31  3.04705e-29  1.65396e-31 -3.32542e-30 -3.10779e-32 -1.11194e-30  4.21765e-33  1.39655e-33 -3.61233e-34  1.62243e-32   1.0119e-35  8.17732e-34  1.46724e-36 -4.36561e-35 -1.54765e-37 -2.46044e-36  3.38081e-39
-2.00221e-36  1.06987e-34 -2.01199e-35 -3.42513e-35 -4.23912e-35 -1.08681e-33 -2.61982e-35 -1.99737e-34  6.27052e-35  1.02923e-33  4.30376e-35 -5.22693e-33  1.34019e-34 -2.49836e-33 -5.45323e-35  1.86349e-32 -7.29363e-35 -4.63996e-33  1.09923e-34 -3.54626e-33 -9.77682e-35 -1.31387e-32  2.60673e-34  1.43711e-31 -7.41812e-35 -1.29418e-30 -3.18023e-35  1.02585e-29   5.7782e-35 -7.32443e-29 -9.13477e-35  4.73698e-28  1.95544e-35 -2.78279e-27  1.00483e-35  1.48836e-26 -1.30438e-35 -7.25978e-26 -1.12105e-35  3.23332e-25  2.58175e-35 -1.31582e-24 -1.85794e-34  4.89418e-24  7.65925e-34 -1.66345e-23 -3.06235e-33  5.16291e-23  1.12949e-32 -1.46156e-22 -3.87409e-32  3.76719e-22  1.23455e-31 -8.81979e-22 -3.65391e-31  1.86967e-21  1.00379e-30 -3.57393e-21  -2.5567e-30   6.1273e-21  6.02834e-30 -9.35525e-21 -1.31299e-29  1.25993e-20  2.63398e-29 -1.47664e-20 -4.84747e-29  1.47582e-20  8.13853e-29 -1.21596e-20 -1.23639e-28  7.71963e-21  1.67801e-28 -3.11055e-21 -1.98999e-28 -4.21033e-23  1.97123e-28   1.1504e-21  -1.4409e-28 -8.35554e-22  3.46027e-29  1.83049e-22  1.15082e-28  1.39034e-22 -2.67448e-28 -1.17222e-22  3.76539e-28  1.45521e-23 -4.08661e-28  2.14122e-23  3.59224e-28 -9.17643e-24  -2.5457e-28 -1.84892e-24  1.37094e-28  1.86311e-24 -4.35145e-29  2.41618e-26 -9.83872e-30 -2.45347e-25  2.74418e-29   1.0989e-26 -2.43713e-29  2.37178e-26  1.49386e-29 -8.55354e-28 -7.03382e-30 -1.65839e-27  2.61209e-30 -1.97761e-29 -7.64782e-31  7.33305e-29   1.7378e-31  5.12267e-30 -2.97008e-32 -1.55345e-30  3.59769e-33 -1.87969e-31 -2.66842e-34   7.5847e-33  5.28697e-36  1.60433e-33  9.34793e-37  2.81609e-35 -6.51844e-38  -8.5803e-37
 2.97061e-36 -3.17521e-36  2.24597e-34 -3.26964e-35 -7.45248e-36 -5.59997e-35 -1.60953e-33 -3.29053e-35 -4.13214e-34  5.07933e-35  1.49474e-33 -3.12155e-37 -5.81978e-33  1.33451e-34 -3.56262e-33 -7.29363e-35  2.02216e-32 -8.11408e-35 -6.85165e-33  8.76581e-35  1.37253e-32 -1.01062e-34 -1.83159e-31  2.87109e-34   1.7178e-30  -9.9693e-35 -1.43648e-29 -3.12081e-35  1.07995e-28  8.80883e-35 -7.33991e-28 -8.68286e-35  4.52552e-27  1.07177e-35 -2.53776e-26  1.41149e-35  1.29688e-25 -6.29767e-36 -6.04846e-25 -4.87239e-35  2.57694e-24  1.93924e-34 -1.00344e-23 -9.58803e-34  3.57125e-23  3.95314e-33 -1.16118e-22 -1.52804e-32  3.44614e-22  5.48467e-32 -9.32149e-22 -1.83068e-31  2.29332e-21  5.68124e-31 -5.11769e-21 -1.63861e-30  1.03215e-20  4.38946e-30 -1.87255e-20  -1.0909e-29  3.03717e-20  2.51158e-29 -4.36803e-20   -5.346e-29  5.50776e-20  1.04922e-28 -5.98985e-20 -1.89193e-28  5.47517e-20  3.11897e-28 -4.01533e-20 -4.66823e-28  2.12212e-20  6.27734e-28 -5.10923e-21 -7.45444e-28 -3.37734e-21  7.57015e-28  4.44427e-21 -6.09754e-28 -1.99126e-21  2.92918e-28 -1.34704e-22   1.4034e-28  6.31614e-22 -5.79705e-28 -2.52178e-22  8.98427e-28 -5.33631e-23 -1.01027e-27  7.19119e-23  9.09467e-28 -8.26679e-24 -6.67941e-28 -1.10471e-23  3.92237e-28  3.05196e-24 -1.69578e-28  1.20302e-24   3.6429e-29 -4.64339e-25  1.79349e-29 -1.09426e-25 -2.60055e-29  4.33715e-26   1.7393e-29   8.9558e-27 -8.18989e-30 -2.43815e-27  2.92464e-30  -5.7185e-28 -8.02647e-31  6.43135e-29  1.67449e-31   2.1295e-29 -2.57948e-32 -5.21259e-32  2.76795e-33 -3.17281e-31 -1.77255e-34  -1.5911e-32  2.35978e-36  8.74809e-34  5.04047e-37  4.91394e-35 -1.96046e-38
-1.45084e-36  1.24769e-35 -3.61775e-36  3.89537e-34 -4.54411e-35  1.02092e-34 -5.68802e-35 -2.05921e-33 -3.40311e-35 -7.44174e-34  5.40675e-35  1.91122e-33 -3.77629e-35 -5.93524e-33  1.25508e-34 -4.63996e-33 -8.11408e-35  2.27376e-32 -7.60716e-35 -2.55377e-32    6.123e-35   2.1436e-31 -9.71013e-35 -2.14178e-30   2.9529e-34  1.88924e-29    -1.22e-34 -1.49662e-28 -3.30103e-35  1.06987e-27  1.06892e-34 -6.92748e-27 -7.53243e-35  4.07493e-26  6.70083e-36 -2.18249e-25  1.23716e-35  1.06614e-24  3.07705e-35 -4.75589e-24 -2.33525e-34  1.93874e-23  1.04078e-33 -7.22423e-23  -4.6439e-33  2.46016e-22  1.87309e-32 -7.65142e-22 -7.03973e-32  2.17078e-21  2.46093e-31 -5.60829e-21   -8.004e-31  1.31628e-20   2.4217e-30 -2.79767e-20 -6.81313e-30  5.36276e-20  1.78105e-29 -9.22129e-20 -4.32162e-29  1.41231e-19  9.71933e-29 -1.90829e-19 -2.02219e-28  2.24421e-19  3.88269e-28 -2.25095e-19 -6.85733e-28  1.86127e-19   1.1092e-27 -1.18563e-19 -1.63341e-27  4.78548e-20  2.17098e-27  8.35844e-22 -2.56944e-27 -1.80677e-20   2.6455e-27  1.31533e-20 -2.25848e-27 -2.88663e-21  1.39621e-27   -2.222e-21 -2.22763e-28   1.8823e-21 -9.57204e-28 -2.35983e-22  1.81783e-27 -3.48034e-22 -2.15681e-27  1.50757e-22  1.97973e-27   3.0208e-23  -1.4728e-27 -3.10096e-23  8.87368e-28  -3.2768e-25 -4.15783e-28  4.13796e-24  1.31316e-28 -1.98324e-25 -7.31673e-30 -4.05862e-25 -2.34095e-29  1.59333e-26  1.86796e-29  2.88547e-26 -8.90233e-30  2.72339e-28   3.0498e-30 -1.30078e-27 -7.78497e-31 -8.88426e-29  1.47533e-31   2.8196e-29 -2.02672e-32  3.37848e-30  1.91799e-33 -1.43268e-31  -1.0715e-34  -2.9591e-32  9.86794e-37 -5.11251e-34   2.2134e-37   1.6256e-35
-7.01084e-36 -7.88287e-37  3.96501e-35 -3.47367e-36  6.00265e-34 -5.74303e-35  3.17671e-34  -4.7289e-35 -2.30588e-33 -2.98447e-35 -1.19184e-33  7.71702e-35  2.15251e-33 -6.67662e-35 -5.50516e-33  1.09923e-34 -6.85165e-33 -7.60716e-35  4.21781e-32 -5.67388e-35 -2.45757e-31  3.40052e-35  2.50359e-30 -8.59187e-35 -2.33579e-29  2.85453e-34  1.95177e-28 -1.36705e-34 -1.46875e-27 -4.00019e-35  9.99476e-27  1.13305e-34 -6.17048e-26  -5.9795e-35  3.46507e-25  1.19806e-35 -1.77343e-24 -1.51855e-35  8.28439e-24  2.04518e-34 -3.53564e-23  -1.0771e-33  1.37929e-22  4.84549e-33 -4.91854e-22 -2.06722e-32   1.6026e-21  8.13899e-32 -4.76681e-21 -2.98321e-31  1.29244e-20  1.01768e-30 -3.18779e-20 -3.23123e-30  7.13289e-20  9.54676e-30  -1.4427e-19 -2.62341e-29  2.62532e-19   6.6999e-29 -4.27183e-19 -1.58856e-28  6.16466e-19   3.4919e-28 -7.80117e-19 -7.10334e-28  8.51614e-19  1.33414e-27 -7.81514e-19 -2.30668e-27  5.75447e-19  3.65708e-27 -3.05267e-19 -5.28905e-27  7.34936e-20  6.92702e-27  4.95391e-20  -8.1268e-27 -6.52733e-20  8.39111e-27  2.94009e-20 -7.37809e-27  1.99687e-21  5.11473e-27 -9.44774e-21 -2.08119e-27  3.80873e-21 -9.27102e-28  8.00751e-22   3.1237e-27  -1.0987e-21 -4.07087e-27  1.30144e-22  3.83437e-27    1.705e-22 -2.86986e-27 -4.81794e-23  1.73638e-27 -1.87237e-23 -8.31643e-28  7.42696e-24   2.9104e-28  1.71904e-24 -5.22267e-29 -7.05287e-25 -1.57964e-29 -1.42894e-25  1.85632e-29  4.04776e-26 -9.07595e-30  9.32566e-27  2.96735e-30 -1.10134e-27 -6.96593e-31 -3.55808e-28  1.18188e-31  1.67968e-30 -1.43007e-32  5.43904e-30  1.19748e-33  2.68003e-31 -6.03182e-35 -1.55166e-32  4.69211e-37 -8.58117e-34  7.01841e-38
-1.91016e-37 -2.74542e-35  2.12261e-36  7.68938e-35 -2.65629e-36  8.35536e-34 -6.94803e-35  6.19314e-34 -3.40848e-35 -2.23826e-33  -2.3447e-35 -1.73058e-33  1.17741e-34  2.10145e-33 -8.66164e-35 -3.54626e-33  8.76581e-35 -2.55377e-32 -5.67388e-35   2.6972e-31 -2.58257e-35 -2.75727e-30  9.02016e-36  2.71652e-29 -6.69523e-35 -2.39737e-28  2.59895e-34  1.90103e-27 -1.40563e-34 -1.36061e-26  -5.3772e-35  8.82172e-26  1.08542e-34 -5.19654e-25 -4.52342e-35  2.78744e-24  4.20225e-35 -1.36388e-23 -1.50021e-34  6.09466e-23  9.30515e-34 -2.48912e-22 -4.53345e-33  9.29353e-22  2.01367e-32 -3.17157e-21 -8.36364e-32  9.88637e-21  3.22413e-31 -2.81165e-20 -1.15687e-30   7.2827e-20  3.86378e-30 -1.71396e-19 -1.20107e-29  3.65355e-19  3.47389e-29 -7.02514e-19 -9.34388e-29  1.21197e-18  2.33538e-28 -1.86275e-18 -5.41807e-28  2.52631e-18  1.16519e-27  -2.9828e-18 -2.31881e-27  3.00432e-18  4.26093e-27 -2.49522e-18 -7.20979e-27  1.59676e-18  1.11941e-26 -6.47329e-19 -1.58745e-26 -1.20915e-20  2.04321e-26  2.48048e-19 -2.36536e-26 -1.81701e-19  2.42867e-26  4.02994e-20 -2.15883e-26  3.09625e-20  1.58056e-26 -2.65367e-20 -8.26968e-27  3.42019e-21  9.45782e-28  4.94643e-21  4.38226e-27   -2.183e-21 -6.84536e-27  -4.2724e-22  6.71888e-27  4.53739e-22 -5.05955e-27  2.62511e-24  3.04609e-27 -6.12817e-23 -1.45605e-27  3.26592e-24  5.23889e-28   6.0975e-24  -1.1683e-28 -2.71352e-25 -3.73841e-30 -4.41276e-25  1.71939e-29 -2.32487e-27 -8.73162e-30  2.03311e-26  2.69789e-30  1.32983e-27 -5.72845e-31 -4.52911e-28  8.52142e-32 -5.31476e-29 -8.95369e-33  2.42935e-30  6.77007e-34  4.80941e-31 -3.24986e-35  8.02095e-33  2.55451e-37 -2.73751e-34
-3.48763e-36  8.01683e-37 -6.03644e-35  6.96644e-36  1.04292e-34 -7.87481e-37  1.05782e-33 -8.24393e-35  9.37266e-34 -2.38513e-35 -1.80831e-33 -1.92898e-35  -2.2528e-33  1.68238e-34  8.93442e-34 -9.77682e-35  1.37253e-32    6.123e-35 -2.45757e-31 -2.58257e-35   2.8605e-30  1.06764e-35 -2.97416e-29 -1.18932e-35  2.77539e-28 -3.93315e-35 -2.32161e-27  2.21668e-34   1.7492e-26  -1.3206e-34  -1.1919e-25 -7.39931e-35  7.36897e-25  9.57421e-35 -4.14443e-24 -4.17443e-35  2.12462e-23  1.44821e-34 -9.94237e-23 -6.53558e-34  4.25123e-22  3.53363e-33 -1.66178e-21 -1.68165e-32  5.93867e-21  7.39378e-32 -1.93944e-20 -3.02577e-31  5.78284e-20  1.15025e-30 -1.57203e-19 -4.06671e-30  3.88819e-19  1.33726e-29   -8.726e-19  -4.0895e-29  1.77052e-18  1.16269e-28 -3.23276e-18 -3.07161e-28   5.2792e-18  7.53424e-28 -7.64767e-18 -1.71412e-27  9.71757e-18   3.6125e-27 -1.06547e-17   -7.041e-27  9.82349e-18   1.2666e-26 -7.26976e-18 -2.09763e-26  3.87769e-18  3.18794e-26 -9.39627e-19 -4.42772e-26 -6.36142e-19  5.58899e-26   8.4476e-19 -6.36221e-26 -3.84191e-19  6.45645e-26 -2.49876e-20 -5.73209e-26   1.2447e-19  4.29739e-26 -5.09954e-20 -2.50029e-26 -1.04476e-20  7.99206e-27  1.48224e-20  4.26735e-27 -1.84401e-21 -1.02191e-26 -2.31668e-21  1.07461e-26  6.76864e-22 -8.17794e-27  2.55692e-22  4.88022e-27 -1.05523e-22 -2.30002e-27 -2.36357e-23  8.23944e-28   1.0191e-23 -1.95791e-28  1.99747e-24  1.06916e-29 -5.98465e-25  1.50737e-29 -1.33754e-25 -7.98959e-30   1.6903e-26  2.29474e-30  5.25199e-27 -4.29878e-31 -4.30029e-29   5.4269e-32 -8.27821e-29 -4.87253e-33 -3.95216e-30  3.50947e-34  2.46662e-31  -1.6796e-35  1.32692e-32  1.12298e-37
 1.22486e-36 -8.79365e-36  2.63339e-36 -9.95235e-35  1.36029e-35   1.0197e-34  2.00237e-36  1.23235e-33 -9.50204e-35  1.17951e-33 -1.97735e-35 -1.09227e-33 -2.13408e-35 -1.96725e-33  2.18911e-34 -1.31387e-32 -1.01062e-34   2.1436e-31  3.40052e-35 -2.75727e-30  1.06764e-35  3.06665e-29  4.52074e-35 -3.02972e-28 -2.81643e-35  2.67676e-27 -2.39436e-36 -2.12519e-26  1.73629e-34  1.52308e-25 -1.11689e-34 -9.88929e-25 -9.81382e-35  5.83439e-24   7.8349e-35 -3.13477e-23  -6.0787e-35  1.53655e-22  3.94317e-34 -6.87929e-22 -2.00106e-33  2.81528e-21  1.07104e-32 -1.05342e-20  -5.1672e-32  3.60332e-20   2.2979e-31 -1.12601e-19 -9.45546e-31  3.21082e-19  3.60136e-30  -8.3402e-19 -1.27117e-29  1.96877e-18  4.16027e-29 -4.21027e-18 -1.26278e-28  8.12352e-18  3.55471e-28 -1.40662e-17 -9.27743e-28  2.17043e-17  2.24366e-27   -2.956e-17  -5.0239e-27  3.50592e-17  1.04041e-26 -3.54842e-17  -1.9899e-26  2.96276e-17  3.50868e-26 -1.90718e-17 -5.69065e-26  7.78805e-18   8.4652e-26  1.31854e-19  -1.1507e-25 -3.01008e-18  1.42237e-25  2.22773e-18 -1.58801e-25 -5.03931e-19  1.58579e-25 -3.80282e-19 -1.39485e-25  3.32197e-19  1.05197e-25 -4.47983e-20 -6.42486e-26 -6.21496e-20  2.66921e-26  2.81801e-20 -3.54504e-29  5.27981e-21 -1.33005e-26 -5.90274e-21  1.57568e-26  9.06673e-24 -1.22206e-26  8.05831e-22   7.2211e-27 -4.92175e-23 -3.33183e-27 -8.13204e-23  1.16772e-27  4.22827e-24 -2.78586e-28  5.99759e-24  2.43876e-29 -4.41366e-27  1.28681e-29 -2.83138e-25 -7.01914e-30 -1.73029e-26  1.82713e-30  6.51075e-27 -2.90633e-31  7.39508e-28  2.93796e-32 -3.73277e-29 -2.21477e-33 -6.96517e-30   1.6986e-34 -1.09571e-31 -7.80779e-36  4.14375e-33
 1.01766e-36  2.88763e-36 -2.40848e-35  4.36158e-36 -1.34709e-34  2.23512e-35  5.98039e-35   4.2602e-36  1.34631e-33 -1.03228e-34  1.29605e-33 -2.13164e-35 -7.33875e-34 -3.17259e-35  8.52835e-33  2.60673e-34 -1.83159e-31 -9.71013e-35  2.50359e-30  9.02016e-36 -2.97416e-29  4.52074e-35  3.11963e-28  7.07011e-35 -2.91494e-27  -3.9799e-35  2.44138e-26  4.36682e-35 -1.84191e-25  1.18184e-34  1.25688e-24 -8.25998e-35 -7.78278e-24 -1.17519e-34  4.38446e-23  3.40468e-35 -2.25168e-22  1.11647e-35  1.05572e-21  3.31728e-34 -4.52337e-21 -2.66976e-33  1.77204e-20  1.87273e-32 -6.34756e-20 -1.06304e-31  2.07818e-19  5.25488e-31 -6.21317e-19 -2.32065e-30  1.69385e-18  9.27289e-30 -4.20236e-18  -3.3792e-29  9.46196e-18  1.12846e-28 -1.92658e-17 -3.46383e-28  3.53088e-17  9.79147e-28 -5.78918e-17 -2.55174e-27  8.42256e-17  6.13379e-27 -1.07518e-16 -1.35994e-26  1.18477e-16  2.77977e-26 -1.09833e-16 -5.23373e-26  8.17783e-17  9.06463e-26 -4.39409e-17 -1.44156e-25  1.07909e-17  2.09996e-25  7.22041e-18 -2.79311e-25 -9.73065e-18  3.37758e-25   4.4888e-18 -3.69153e-25  2.64037e-19  3.61596e-25 -1.45871e-18 -3.13375e-25  6.11484e-19  2.35146e-25  1.19459e-19 -1.46459e-25 -1.78345e-19  6.79494e-26  2.37218e-20 -1.33584e-26  2.79817e-20 -1.43428e-26 -8.54716e-21  2.12058e-26 -3.09174e-21 -1.69815e-26  1.34515e-21  9.94341e-27  2.86835e-22 -4.47144e-27 -1.32151e-22  1.51604e-27 -2.46709e-23 -3.51708e-28  7.95776e-24  3.41843e-29  1.70262e-24  1.11457e-29 -2.34614e-25 -5.98036e-30 -6.91503e-26  1.36205e-30  8.98796e-28 -1.72838e-31  1.12978e-27  1.22602e-32   5.1429e-29 -7.63925e-34 -3.54736e-30   7.7225e-35 -1.83485e-31 -2.72164e-36
 5.18748e-37  1.63678e-36  4.44035e-36 -5.80908e-35  4.78561e-36 -1.54484e-34  3.33079e-35 -2.04162e-35  3.35868e-36  1.40093e-33 -1.01943e-34  1.61757e-33 -2.57185e-35  -7.7948e-33 -5.01723e-35  1.43711e-31  2.87109e-34 -2.14178e-30 -8.59187e-35  2.71652e-29 -1.18932e-35 -3.02972e-28  7.07011e-35  2.99889e-27  8.21806e-35 -2.65286e-26 -4.64885e-35  2.10905e-25  9.71067e-35  -1.5137e-24  5.84641e-35  9.84372e-24 -5.71006e-35 -5.81723e-23 -7.71106e-35  3.13117e-22 -3.07799e-34 -1.53774e-21   1.4929e-33  6.89886e-21 -5.81474e-33 -2.82954e-20  2.01912e-32  1.06126e-19 -5.40551e-32 -3.63936e-19  7.97416e-32  1.14036e-18  2.34781e-31 -3.26117e-18 -2.74214e-30  8.49726e-18  1.53599e-29 -2.01251e-17 -6.66223e-29  4.31909e-17  2.46244e-28 -8.36519e-17 -8.03959e-28  1.45438e-16  2.35871e-27 -2.25395e-16 -6.27642e-27  3.08425e-16  1.52282e-26 -3.67674e-16 -3.37912e-26  3.74214e-16  6.86847e-26   -3.144e-16 -1.27957e-25  2.03864e-16  2.18426e-25  -8.4109e-17 -3.41321e-25 -1.01082e-18  4.87419e-25  3.25732e-17 -6.34492e-25 -2.44619e-17  7.50205e-25  5.69619e-18 -8.01616e-25  4.15149e-18  7.68443e-25 -3.72606e-18 -6.53604e-25   5.3448e-19  4.84444e-25  6.96285e-19 -3.02672e-25 -3.27231e-19  1.47753e-25 -5.73477e-20 -4.26803e-26  6.88819e-20 -1.07238e-26 -7.96298e-22  2.61413e-26 -9.49127e-21 -2.20366e-26  6.78672e-22  1.28135e-26  9.71132e-22 -5.59872e-27  -6.0194e-23  1.82159e-27 -7.30768e-23 -4.02361e-28  6.39923e-25  3.79564e-29  3.54414e-24   1.0168e-29  1.96083e-25 -4.98397e-30 -8.44952e-26  9.50533e-31 -9.17282e-27 -8.59407e-32  5.23046e-28  2.49531e-33  9.06711e-29  -1.3329e-34  1.30657e-30  3.15164e-35 -5.68671e-32
