 2.74688e-07 -7.89308e-22 -3.54052e-06   7.3129e-21  1.69297e-05 -3.41001e-20 -4.50003e-05  1.09038e-19  7.25638e-05 -2.27582e-19 -6.68117e-05   3.1541e-19  1.91797e-05 -3.08662e-19  2.68227e-05  2.11585e-19  -2.5432e-05 -7.75544e-20    -5.77e-06 -2.91698e-20  1.58762e-05  7.22176e-20  3.10068e-07 -5.86994e-20 -8.38788e-06  1.95937e-20  1.30449e-07  7.83726e-21  4.07621e-06 -7.23907e-21  2.43806e-07 -3.03237e-21 -1.76747e-06  3.00681e-21 -3.85887e-07  2.92337e-21  6.15926e-07 -3.61875e-21  2.83006e-07  7.58577e-22 -1.34125e-07 -9.19529e-23 -1.25644e-07  5.11747e-22 -1.63125e-09 -1.67825e-22   3.0224e-08 -6.40527e-23   1.0594e-08 -2.65553e-23  -1.6413e-09  4.01134e-23 -2.01211e-09 -6.57553e-24 -4.70479e-10 -3.81242e-25  7.13797e-13  4.44809e-26  1.51976e-11 -2.94365e-26  1.38174e-12
-7.89308e-22  5.11815e-06 -2.56765e-21 -3.65338e-05  8.74099e-21   0.00012806 -6.77473e-20  -0.00026617  2.34017e-19  0.000334119 -4.05647e-19 -0.000210658    4.278e-19 -2.90527e-05 -3.61126e-19  0.000144498  3.23763e-19 -4.94773e-05 -3.02402e-19 -6.61361e-05  2.14846e-19   4.2947e-05  -5.2646e-20  2.91379e-05 -6.70126e-20 -2.45124e-05  5.95857e-20 -1.41245e-05 -9.62032e-21  1.11382e-05  7.66523e-21  7.38266e-06 -1.95857e-20 -3.84454e-06  9.69157e-22 -3.64996e-06  1.92565e-20  7.22663e-07 -1.23837e-20  1.46297e-06 -9.24726e-24  1.50034e-07  2.99674e-22  -3.8996e-07  1.41165e-21 -1.60521e-07 -3.34382e-22  3.78739e-08 -9.43375e-23  4.42724e-08 -1.08905e-22  8.91407e-09  7.27195e-23  -2.4832e-09 -7.64963e-24 -1.48603e-09  2.15227e-25  -2.3672e-10 -6.57974e-27 -6.59243e-12 -4.08703e-26
-3.54052e-06 -2.56765e-21  4.58827e-05  9.72662e-21 -0.000221086 -1.07824e-20  0.000594164 -1.41628e-19 -0.000974342  3.98202e-19  0.000925354 -2.46973e-19 -0.000303501 -3.21202e-19 -0.000340381  6.59736e-19  0.000367225 -3.96992e-19  4.85388e-05 -1.32662e-19 -0.000222044   3.4306e-19  1.83027e-05 -1.03728e-19  0.000115312 -1.18072e-19 -1.60535e-05  6.09837e-20  -5.6419e-05  1.88482e-20   4.6634e-06  3.44981e-20  2.55674e-05 -6.41075e-20  1.53146e-06 -5.73946e-21 -9.88286e-06  5.33548e-20 -2.61948e-06 -2.49549e-20  2.77326e-06 -2.34689e-21  1.56152e-06  3.14609e-22 -3.36677e-07  2.04057e-21 -4.98387e-07 -1.58738e-22   -8.855e-08  1.56429e-23  6.13325e-08 -2.40928e-22  3.31224e-08  7.86187e-23  3.89876e-09 -4.13065e-24 -1.18612e-09  6.80457e-25  -3.7363e-10  -1.4802e-25 -2.40074e-11
  7.3129e-21 -3.65338e-05  9.72662e-21  0.000262794  -1.9622e-21 -0.000931268  2.74774e-19   0.00196688 -1.17009e-18  -0.00253439  1.82614e-18    0.0016969 -9.60557e-19  9.78043e-05 -6.89162e-19  -0.00108672  1.41846e-18  0.000472327 -6.92954e-19   0.00045407  -4.2111e-19 -0.000382365  5.52888e-19 -0.000178085  1.43078e-19  0.000218215 -4.08962e-19  7.99978e-05  6.43582e-20 -0.000104095  1.06024e-19  -4.2923e-05  6.05461e-20  4.10464e-05 -1.15404e-19  2.35372e-05 -3.21099e-20 -1.17404e-05   9.4981e-20 -1.09769e-05 -3.02357e-20  1.28518e-06 -4.62913e-21  3.68539e-06  -1.2934e-21  7.18874e-07  1.46652e-21 -6.63102e-07  4.46669e-22 -3.62365e-07  2.38896e-22 -8.03714e-09 -3.28016e-22  4.42387e-08  6.67658e-23   1.3908e-08 -8.53371e-25  1.09384e-09  -3.0781e-26 -1.24084e-10  -2.1942e-25
 1.69297e-05  8.74099e-21 -0.000221086  -1.9622e-21   0.00107696 -1.58032e-19  -0.00293987  1.46452e-18   0.00493691 -3.94677e-18  -0.00489529  4.47218e-18   0.00188952 -1.71593e-18   0.00154457 -1.58249e-18  -0.00202582  2.29891e-18 -1.44272e-05 -2.86772e-19   0.00115733 -1.62787e-18 -0.000262505  1.02003e-18 -0.000576716  6.48165e-19  0.000186743 -8.80555e-19  0.000279297  7.78065e-20 -8.29877e-05  1.82247e-19 -0.000131591  1.09312e-19  2.15231e-05 -1.35121e-19  5.63879e-05 -9.42786e-20  1.95993e-06  1.21564e-19  -1.9487e-05 -1.94788e-20 -5.33721e-06 -3.90524e-21   4.3147e-06 -3.46295e-21  2.65998e-06 -5.76588e-22 -1.61423e-07  1.01295e-21 -5.63878e-07  3.71931e-22 -1.59165e-07 -2.86055e-22  1.39991e-08  6.61334e-23   1.5558e-08  1.79376e-24  2.71737e-09 -8.48761e-25  1.07461e-10
-3.41001e-20   0.00012806 -1.07824e-20 -0.000931268 -1.58032e-19   0.00335167 -6.45039e-19  -0.00724083  4.34718e-18   0.00967588 -8.43866e-18  -0.00701466  7.06888e-18  0.000333329 -8.86903e-19   0.00402181 -4.29632e-18  -0.00230901  4.06497e-18  -0.00140699  4.62572e-19   0.00171836 -3.31247e-18  0.000402257  1.41697e-18 -0.000962962  1.26469e-18 -0.000128724 -1.24301e-18  0.000473213  4.31016e-20  7.19032e-05   1.5822e-19 -0.000205778  2.13767e-19  -5.2852e-05 -9.64722e-20  7.41879e-05 -1.78835e-19  3.31172e-05  1.12148e-19 -1.85778e-05  4.39873e-22 -1.49969e-05  1.08454e-21   1.2663e-06 -2.92939e-21  4.16321e-06 -3.09113e-21  1.02371e-06   9.8268e-22 -4.15417e-07  2.10889e-22 -2.76044e-07 -1.49766e-22 -4.30455e-08  8.23817e-23  4.81985e-09  5.87331e-24  1.76067e-09 -5.71144e-25
-4.50003e-05 -6.77473e-20  0.000594164  2.74774e-19  -0.00293987 -6.45039e-19   0.00820596 -1.95398e-18   -0.0142491  9.59058e-18    0.0149831 -1.41206e-17  -0.00697844  9.24515e-18  -0.00354819  9.27139e-19   0.00641599 -7.71809e-18  -0.00100288  5.73107e-18  -0.00331466  1.63982e-18   0.00147437 -4.63987e-18   0.00150111  1.21954e-18   -0.0009664  1.81506e-18 -0.000686558 -1.23092e-18  0.000480699 -7.69953e-20  0.000330925 -1.39181e-20 -0.000188442  3.63514e-19    -0.000159 -1.76691e-21  5.06042e-05 -2.36907e-19  6.75971e-05  6.62798e-20 -2.63776e-06   1.0383e-20 -2.15779e-05  7.55889e-21  -5.1604e-06  2.23329e-21  3.71281e-06 -4.39779e-21  2.23215e-06  3.17116e-22  1.08781e-07 -2.46831e-22 -2.39933e-07 -4.11656e-23 -7.70773e-08  8.85628e-23 -6.95548e-09  8.32028e-24  1.34315e-10
 1.09038e-19  -0.00026617 -1.41628e-19   0.00196688  1.46452e-18  -0.00724083 -1.95398e-18    0.0161614 -4.41963e-18    -0.022727  1.58661e-17    0.0182686 -1.90812e-17  -0.00331127  1.05092e-17  -0.00871504  2.72446e-18   0.00701613 -1.02272e-17    0.0019497  5.81858e-18  -0.00468539  3.34535e-18  0.000142129 -4.98718e-18   0.00249451  3.14847e-19 -0.000384468  2.09816e-18  -0.00122405 -8.11688e-19  0.000206362 -2.16898e-19  0.000569499 -3.20034e-19 -4.95963e-05   4.8416e-19 -0.000241779  1.18117e-19 -1.68046e-05 -2.18135e-19  8.46805e-05  8.87191e-21   2.4153e-05 -3.65995e-21 -1.96422e-05  1.06985e-20 -1.19936e-05  1.01108e-20  9.45385e-07 -3.42883e-21   2.6235e-06 -4.51482e-22  7.10443e-07 -7.75422e-22 -5.78112e-08 -3.97272e-23 -5.89977e-08  6.37094e-23 -8.45435e-09  5.44792e-24
 7.25638e-05  2.34017e-19 -0.000974342 -1.17009e-18   0.00493691  4.34718e-18   -0.0142491 -4.41963e-18     0.025984 -7.09302e-18   -0.0296364  1.98489e-17    0.0170924 -2.07914e-17   0.00343594  9.87475e-18   -0.0128085  4.71321e-18   0.00490957 -1.12708e-17   0.00540283  3.86931e-18  -0.00460705  5.19341e-18  -0.00183682 -4.31765e-18   0.00281837 -8.24651e-19  0.000613882  1.94641e-18  -0.00145575 -1.68402e-19  -0.00027226 -2.29571e-19  0.000662666  -6.9042e-19  0.000168092   4.7571e-19 -0.000255178  2.17388e-19 -0.000104423 -1.11962e-19    7.206e-05 -2.66246e-20  5.07329e-05 -3.83907e-20 -8.32376e-06  7.75459e-21 -1.56668e-05  1.64146e-20 -3.02884e-06 -4.68311e-22   1.8318e-06 -6.81572e-22  1.00169e-06 -1.06772e-21  1.36296e-07 -1.05184e-22 -1.32715e-08  2.39143e-23  -2.9962e-09
-2.27582e-19  0.000334119  3.98202e-19  -0.00253439 -3.94677e-18   0.00967588  9.59058e-18    -0.022727 -7.09302e-18    0.0344828 -8.36006e-18     -0.03181  1.98804e-17    0.0112726 -1.90035e-17    0.0106236  7.37677e-18   -0.0138909  7.30888e-18  0.000853794  -1.0967e-17   0.00785208  7.43013e-19  -0.00305273  6.40705e-18    -0.003643 -3.03288e-18   0.00231804 -1.56347e-18   0.00163732  1.29914e-18  -0.00127996  4.78934e-19 -0.000777818  7.63405e-21  0.000567768 -1.01194e-18  0.000386847  2.82554e-19 -0.000189062  2.53064e-19 -0.000180388    4.422e-20  3.17631e-05 -2.13612e-20  6.63032e-05 -7.67881e-20  8.63053e-06 -4.25723e-22 -1.41658e-05  1.78036e-20  -6.3779e-06   3.1229e-21   2.1291e-07 -1.36426e-22   8.0746e-07 -9.46909e-22  2.05728e-07 -1.35637e-22  1.43546e-08  5.67526e-25
-6.68117e-05 -4.05647e-19  0.000925354  1.82614e-18  -0.00489529 -8.43866e-18    0.0149831  1.58661e-17   -0.0296364 -8.36006e-18    0.0382221  -7.9788e-18   -0.0284212  1.76361e-17   0.00335991 -1.60257e-17    0.0154497  4.08852e-18   -0.0119334  1.00151e-17   -0.0033979 -9.46379e-18    0.0085825 -2.22804e-18  -0.00076694  6.40158e-18  -0.00471417 -1.56448e-18    0.0012607 -1.61869e-18   0.00237318   2.1988e-19 -0.000790396  9.99258e-19  -0.00116161   5.0127e-19  0.000323416 -1.15711e-18  0.000543255 -5.95685e-20 -6.40183e-05  1.99819e-19 -0.000221459  1.92402e-19 -2.41303e-05  1.92547e-20  6.51318e-05 -1.00619e-19  2.53325e-05 -1.09705e-20 -7.83405e-06  1.36937e-20 -7.58946e-06  5.71092e-21 -1.40116e-06  8.37082e-22  2.91602e-07  -5.0851e-22  1.35931e-07 -9.06881e-23  1.13259e-08
  3.1541e-19 -0.000210658 -2.46973e-19    0.0016969  4.47218e-18  -0.00701466 -1.41206e-17    0.0182686  1.98489e-17     -0.03181  -7.9788e-18    0.0361213  -7.0528e-18   -0.0217849  1.54236e-17  -0.00332842 -1.37881e-17    0.0169981  7.39162e-19   -0.0084945  1.17986e-17  -0.00653712 -6.94129e-18   0.00792302 -4.24893e-18   0.00145392  5.18788e-18  -0.00499297 -1.09887e-19  2.27476e-05 -1.16018e-18   0.00272135 -1.15208e-18 -0.000149098  1.32977e-18  -0.00135909    1.133e-18  1.03558e-08 -1.03873e-18  0.000607296 -4.35106e-19   8.7303e-05  5.90684e-20 -0.000218379  2.87713e-19 -8.04798e-05  7.33637e-20   4.7434e-05  -1.0038e-19  3.63561e-05 -2.08104e-20   1.0578e-06  5.87828e-21 -6.18412e-06  6.19905e-21 -2.20918e-06  1.58091e-21 -1.77645e-07 -5.88124e-23  3.16631e-08 -2.59246e-23
 1.91797e-05    4.278e-19 -0.000303501 -9.60557e-19   0.00188952  7.06888e-18  -0.00697844 -1.90812e-17    0.0170924  1.98804e-17   -0.0284212  -7.0528e-18    0.0303786 -6.26947e-18   -0.0154233  1.41194e-17  -0.00717381 -1.21892e-17    0.0163519 -2.66206e-18  -0.00515483  1.21649e-17  -0.00836029 -3.81544e-18   0.00659373 -5.28868e-18   0.00323797  3.22573e-18   -0.0047023   1.3519e-18  -0.00114866 -5.21001e-19   0.00272381 -2.63506e-18  0.000512912  1.39738e-18  -0.00136882  1.72249e-18 -0.000337431 -6.57571e-19  0.000576088 -7.10541e-19  0.000233558 -1.38796e-19  -0.00017364  3.14261e-19  -0.00012398  1.17923e-19  1.80467e-05 -7.76691e-20  3.84222e-05 -2.72899e-20  9.35766e-06 -2.70023e-21 -2.89025e-06  4.57172e-21 -1.91825e-06   1.6386e-21 -3.28652e-07  1.44669e-22 -1.20943e-08
-3.08662e-19 -2.90527e-05 -3.21202e-19  9.78043e-05 -1.71593e-18  0.000333329  9.24515e-18  -0.00331127 -2.07914e-17    0.0112726  1.76361e-17   -0.0217849 -6.26947e-18    0.0245585 -5.70918e-18    -0.011357  1.38804e-17  -0.00876597 -1.03004e-17     0.015052 -6.15138e-18  -0.00251221  1.14653e-17  -0.00929881 -6.46871e-19   0.00507856 -5.66424e-18   0.00456346  1.04101e-18  -0.00406423   2.8885e-18  -0.00214862   1.0592e-19   0.00245984 -3.99155e-18   0.00111355  1.10912e-18  -0.00121781  2.10526e-18 -0.000640146 -1.03505e-19  0.000462892 -8.03537e-19   0.00035021 -3.41701e-19 -9.75327e-05  2.80946e-19 -0.000145621  1.40069e-19 -1.55577e-05   -4.167e-20  3.11216e-05 -2.84392e-20  1.42248e-05 -9.13022e-21  7.11392e-07  1.89465e-21 -9.24341e-07  1.09477e-21 -2.01908e-07  1.06725e-22
 2.68227e-05 -3.61126e-19 -0.000340381 -6.89162e-19   0.00154457 -8.86903e-19  -0.00354819  1.05092e-17   0.00343594 -1.90035e-17   0.00335991  1.54236e-17   -0.0154233 -5.70918e-18    0.0208061 -5.74261e-18  -0.00932744   1.4795e-17  -0.00946292 -7.85051e-18    0.0138579 -9.41923e-18  -0.00042636  1.03086e-17  -0.00974137    2.094e-18   0.00354826 -5.66164e-18   0.00550157 -1.02156e-18   -0.0032189  4.47465e-18  -0.00293944  7.35607e-19   0.00200394 -4.94257e-18   0.00160443  4.32561e-19 -0.000943393  2.18094e-18 -0.000875215  4.88686e-19  0.000289512 -7.15647e-19  0.000421099  -4.9376e-19 -4.60412e-06  2.08812e-19 -0.000141613  1.39133e-19 -4.52748e-05 -3.93788e-21  1.68522e-05 -2.37608e-20  1.41724e-05 -1.16109e-20  2.96815e-06 -3.59802e-22 -1.01798e-08  4.37734e-22 -4.38855e-08
 2.11585e-19  0.000144498  6.59736e-19  -0.00108672 -1.58249e-18   0.00402181  9.27139e-19  -0.00871504  9.87475e-18    0.0106236 -1.60257e-17  -0.00332842  1.41194e-17    -0.011357 -5.74261e-18    0.0189742 -6.81577e-18  -0.00813894  1.65346e-17   -0.0100231 -5.31556e-18    0.0127924 -1.19619e-17   0.00132779  8.99869e-18  -0.00984889  4.17973e-18   0.00205802 -5.49009e-18   0.00610623 -2.85067e-18     -0.00226   5.9554e-18   -0.0035098  1.47053e-18   0.00142211 -5.25973e-18   0.00195976 -5.25004e-19 -0.000585746  1.92958e-18  -0.00102349  9.92878e-19  8.13486e-05 -5.15323e-19  0.000438412 -5.57625e-19  8.92064e-05  1.20308e-19 -0.000113373  1.21145e-19 -6.41667e-05  2.54495e-20  1.15171e-07  -1.5014e-20  9.71892e-06 -1.02139e-20  3.10347e-06  -1.2887e-21  3.08132e-07  6.87913e-23
 -2.5432e-05  3.23763e-19  0.000367225  1.41846e-18  -0.00202582 -4.29632e-18   0.00641599  2.72446e-18   -0.0128085  7.37677e-18    0.0154497 -1.37881e-17  -0.00717381  1.38804e-17  -0.00932744 -6.81577e-18    0.0179279 -8.70651e-18  -0.00708193  1.83097e-17   -0.0105093 -3.23403e-18    0.0117397 -1.33813e-17    0.0028195  7.52161e-18  -0.00969392  5.67401e-18   0.00065345 -5.35938e-18   0.00642431 -4.49396e-18  -0.00125911  7.07005e-18   -0.0038659  2.36189e-18  0.000770962  -4.8717e-18   0.00217024 -1.53037e-18 -0.000183419   1.4137e-18  -0.00107714  1.32348e-18 -0.000135908  -2.9096e-19  0.000401885 -5.28828e-19  0.000168807  3.37205e-20 -6.69233e-05  9.21841e-20 -6.79715e-05  3.97991e-20 -1.37442e-05 -6.00526e-21  3.34398e-06 -6.78478e-21  1.74874e-06  -1.0658e-21  1.70181e-07
-7.75544e-20 -4.94773e-05 -3.96992e-19  0.000472327  2.29891e-18  -0.00230901 -7.71809e-18   0.00701613  4.71321e-18   -0.0138909  4.08852e-18    0.0169981 -1.21892e-17  -0.00876597   1.4795e-17  -0.00813894 -8.70651e-18    0.0169808 -1.06106e-17  -0.00610731  1.93606e-17   -0.0108362 -1.74331e-18    0.0107062 -1.35944e-17   0.00406408  5.84508e-18  -0.00935006  6.85846e-18 -0.000635014 -5.44183e-18   0.00650585 -6.01255e-18 -0.000267051  7.51894e-18  -0.00402483  3.34598e-18  9.62554e-05 -3.89168e-18    0.0022377 -2.32997e-18  0.000228961  7.66359e-19  -0.00103713  1.44271e-18 -0.000338322 -1.05376e-19  0.000317744 -4.31257e-19  0.000221703 -3.77191e-20 -1.18572e-05  5.57449e-20 -5.62467e-05  3.65985e-20  -2.0293e-05 -9.29541e-22 -1.63593e-06 -3.68566e-21  3.70147e-07 -4.80883e-22
   -5.77e-06 -3.02402e-19  4.85388e-05 -6.92954e-19 -1.44272e-05  4.06497e-18  -0.00100288 -1.02272e-17   0.00490957  7.30888e-18   -0.0119334  7.39162e-19    0.0163519 -1.03004e-17  -0.00946292  1.65346e-17  -0.00708193 -1.06106e-17     0.016095 -1.18183e-17  -0.00531143  1.93147e-17   -0.0110334 -6.34753e-19   0.00973467 -1.28593e-17   0.00510047  4.13245e-18   -0.0088799  8.05266e-18  -0.00179936 -5.74908e-18   0.00639568 -7.35858e-18   0.00068298  7.08798e-18  -0.00400754  4.25283e-18 -0.000566012 -2.55169e-18   0.00217081 -2.76498e-18   0.00062131   1.4955e-19 -0.000911147   1.3568e-18 -0.000504942   2.6008e-20  0.000197641 -2.95808e-19  0.000239466 -8.37526e-20  4.01258e-05  1.46043e-20 -3.29902e-05   1.8377e-20 -1.80684e-05 -1.47588e-21 -3.17171e-06  -2.0047e-21 -1.29276e-07
-2.91698e-20 -6.61361e-05 -1.32662e-19   0.00045407 -2.86772e-19  -0.00140699  5.73107e-18    0.0019497 -1.12708e-17  0.000853794  1.00151e-17   -0.0084945 -2.66206e-18     0.015052 -7.85051e-18   -0.0100231  1.83097e-17  -0.00610731 -1.18183e-17    0.0153759  -1.2104e-17  -0.00467261  1.81681e-17   -0.0111676  3.38929e-19   0.00883121 -1.16631e-17   0.00597278  2.71573e-18  -0.00832251  9.43127e-18    -0.002842 -6.07569e-18   0.00612951  -8.3774e-18   0.00156907  5.77489e-18  -0.00383541  4.86898e-18  -0.00118745 -1.10511e-18   0.00198258 -2.81501e-18  0.000967967 -3.14331e-19 -0.000712218  1.10682e-18  -0.00061868  1.26529e-19  5.76273e-05 -1.40191e-19  0.000219049 -9.54562e-20  7.72335e-05  -2.4984e-20 -6.33977e-06 -5.95976e-21 -9.96505e-06 -4.77063e-21 -1.99116e-06 -1.09173e-21
 1.58762e-05  2.14846e-19 -0.000222044  -4.2111e-19   0.00115733  4.62572e-19  -0.00331466  5.81858e-18   0.00540283  -1.0967e-17   -0.0033979  1.17986e-17  -0.00515483 -6.15138e-18    0.0138579 -5.31556e-18   -0.0105093  1.93606e-17  -0.00531143  -1.2104e-17    0.0148092 -1.16032e-17  -0.00412764  1.61224e-17   -0.0112664  1.24444e-18   0.00798471  -1.0575e-17   0.00671163  1.89393e-18  -0.00770287  1.09305e-17  -0.00376802 -6.06634e-18   0.00573591 -8.92087e-18    0.0023765  3.80323e-18    -0.003529  5.03919e-18  -0.00174548  2.46235e-19   0.00168882 -2.55661e-18   0.00124738 -6.02344e-19 -0.000457784  7.48588e-19 -0.000667124  2.26384e-19 -8.29789e-05  3.14028e-20  0.000163989 -6.72074e-20  9.03215e-05 -5.06687e-20  1.36214e-05 -2.28685e-20 -1.91856e-06 -5.82714e-21 -4.87999e-07
 7.22176e-20   4.2947e-05   3.4306e-19 -0.000382365 -1.62787e-18   0.00171836  1.63982e-18  -0.00468539  3.86931e-18   0.00785208 -9.46379e-18  -0.00653712  1.21649e-17  -0.00251221 -9.41923e-18    0.0127924 -3.23403e-18   -0.0108362  1.93147e-17  -0.00467261 -1.16032e-17    0.0143371 -1.05346e-17  -0.00364938  1.35066e-17   -0.0113373  1.95993e-18    0.0071888  -1.0104e-17   0.00733962  1.71671e-18  -0.00703898  1.22826e-17  -0.00458405 -5.35721e-18   0.00523771  -8.9463e-18   0.00309526   1.4931e-18  -0.00310743  4.75452e-18  -0.00222173  1.38784e-18   0.00130745 -2.08909e-18   0.00144182 -7.96327e-19 -0.000169169  3.26459e-19 -0.000643521  3.27655e-19 -0.000203079  2.09903e-19  8.52729e-05  -2.4213e-21  7.66157e-05 -4.97986e-20  1.98821e-05 -2.33509e-20  1.63046e-06 -3.28148e-21
 3.10068e-07  -5.2646e-20  1.83027e-05  5.52888e-19 -0.000262505 -3.31247e-18   0.00147437  3.34535e-18  -0.00460705  7.43013e-19    0.0085825 -6.94129e-18  -0.00836029  1.14653e-17  -0.00042636 -1.19619e-17    0.0117397 -1.74331e-18   -0.0110334  1.81681e-17  -0.00412764 -1.05346e-17    0.0139362 -9.07996e-18  -0.00322962  1.08048e-17   -0.0113902  2.32756e-18    0.0064387 -1.05548e-17   0.00787617  1.88384e-18  -0.00634293  1.31749e-17  -0.00529727 -3.71206e-18   0.00465274 -8.51993e-18   0.00371816  -9.0439e-19  -0.00258837  4.15204e-18  -0.00260084  2.29782e-18  0.000858304   -1.487e-18    0.0015373 -1.01553e-18  0.000128738 -1.35087e-19 -0.000548101  3.92362e-19 -0.000282044  3.64712e-19  1.47772e-06  7.91504e-20  4.36466e-05 -2.41287e-20  1.39134e-05 -1.21909e-20  1.21023e-06
-5.86994e-20  2.91379e-05 -1.03728e-19 -0.000178085  1.02003e-18  0.000402257 -4.63987e-18  0.000142129  5.19341e-18  -0.00305273 -2.22804e-18   0.00792302 -3.81544e-18  -0.00929881  1.03086e-17   0.00132779 -1.33813e-17    0.0107062 -6.34753e-19   -0.0111676  1.61224e-17  -0.00364938 -9.07996e-18    0.0136014 -7.44006e-18  -0.00285748  8.66328e-18   -0.0114342  2.35988e-18   0.00572778 -1.19156e-17     0.008337  1.79843e-18  -0.00562204  1.34447e-17  -0.00591415 -1.09295e-18    0.0039948 -7.76648e-18    0.0042393 -3.26693e-18  -0.00198837  3.41412e-18  -0.00286946  3.02441e-18  0.000363432 -7.92625e-19   0.00152396 -1.31352e-18  0.000407808 -6.10502e-19 -0.000389832  3.65194e-19 -0.000303115  4.46924e-19  -6.3368e-05  1.40368e-19  8.90398e-06  4.73554e-21  4.74857e-06 -2.40232e-21
-8.38788e-06 -6.70126e-20  0.000115312  1.43078e-19 -0.000576716  1.41697e-18   0.00150111 -4.98718e-18  -0.00183682  6.40705e-18  -0.00076694 -4.24893e-18   0.00659373 -6.46871e-19  -0.00974137  8.99869e-18    0.0028195 -1.35944e-17   0.00973467  3.38929e-19   -0.0112664  1.35066e-17  -0.00322962 -7.44006e-18    0.0133242 -5.94089e-18  -0.00252216  7.76197e-18   -0.0114749  2.37081e-18   0.00504923 -1.38455e-17   0.00873437  7.54884e-19  -0.00488042  1.31533e-17  -0.00643994  2.34484e-18   0.00327459 -6.83231e-18   0.00465303 -5.51774e-18  -0.00132348  2.65193e-18  -0.00301564  3.63963e-18 -0.000152347  -2.7812e-20   0.00139689 -1.62019e-18  0.000637339 -1.05046e-18  -0.00018831  2.13211e-19 -0.000258857  4.14603e-19 -8.81604e-05  1.45853e-19 -1.02836e-05  1.51496e-20   7.4186e-08
 1.95937e-20 -2.45124e-05 -1.18072e-19  0.000218215  6.48165e-19 -0.000962962  1.21954e-18   0.00249451 -4.31765e-18    -0.003643  6.40158e-18   0.00145392 -5.28868e-18   0.00507856    2.094e-18  -0.00984889  7.52161e-18   0.00406408 -1.28593e-17   0.00883121  1.24444e-18   -0.0113373  1.08048e-17  -0.00285748 -5.94089e-18    0.0130962 -5.06442e-18  -0.00221625  8.55386e-18   -0.0115163   2.9221e-18   0.00439661 -1.58059e-17   0.00907784 -1.77397e-18  -0.00411977  1.24782e-17  -0.00687832  6.28978e-18   0.00250055 -5.85781e-18   0.00495318 -7.50463e-18 -0.000610082  1.87207e-18  -0.00302863  4.18723e-18 -0.000660634  7.86669e-19   0.00115785 -1.78685e-18  0.000785803  -1.3911e-18  2.44854e-05 -4.51155e-20 -0.000160161  2.70273e-19 -6.98722e-05  9.59913e-20 -1.07442e-05  8.38407e-21
 1.30449e-07  5.95857e-20 -1.60535e-05 -4.08962e-19  0.000186743  1.26469e-18   -0.0009664  3.14847e-19   0.00281837 -3.03288e-18  -0.00471417  5.18788e-18   0.00323797 -5.66424e-18   0.00354826  4.17973e-18  -0.00969392  5.84508e-18   0.00510047 -1.16631e-17   0.00798471  1.95993e-18   -0.0113902  8.66328e-18  -0.00252216 -5.06442e-18     0.012912 -5.33853e-18  -0.00193392  1.10069e-17   -0.0115618  4.58874e-18   0.00376359 -1.72823e-17    0.0093748 -5.84656e-18  -0.00333996  1.15522e-17  -0.00723112  1.02975e-17   0.00167958 -4.93456e-18   0.00513241 -8.99521e-18  0.000134106  1.03358e-18  -0.00289912  4.65354e-18  -0.00112861  1.60717e-18  0.000817981 -1.69923e-18  0.000824275  -1.5807e-18  0.000203143 -3.30103e-19 -4.39514e-05  8.29161e-20 -3.11989e-05  3.36778e-20 -3.86038e-06
 7.83726e-21 -1.41245e-05  6.09837e-20  7.99978e-05 -8.80555e-19 -0.000128724  1.81506e-18 -0.000384468 -8.24651e-19   0.00231804 -1.56448e-18  -0.00499297  3.22573e-18   0.00456346 -5.66164e-18   0.00205802  5.67401e-18  -0.00935006  4.13245e-18   0.00597278  -1.0575e-17    0.0071888  2.32756e-18   -0.0114342  7.76197e-18  -0.00221625 -5.33853e-18    0.0127678 -7.10509e-18  -0.00167002  1.45208e-17   -0.0116139   7.6679e-18   0.00314387 -1.79521e-17    0.0096306  -1.0932e-17  -0.00253947  1.04267e-17  -0.00749807  1.38181e-17  0.000817867 -4.08631e-18   0.00518184 -9.83056e-18  0.000888693  1.18396e-19  -0.00262012  4.97798e-18  -0.00151819  2.35829e-18  0.000401635 -1.35037e-18   0.00073213 -1.58086e-18  0.000295423 -5.18576e-19  3.80963e-05 -4.74423e-20 -3.07643e-06  9.85474e-22
 4.07621e-06 -9.62032e-21  -5.6419e-05  6.43582e-20  0.000279297 -1.24301e-18 -0.000686558  2.09816e-18  0.000613882 -1.56347e-18    0.0012607 -1.09887e-19   -0.0047023  1.04101e-18   0.00550157 -5.49009e-18   0.00065345  6.85846e-18   -0.0088799  2.71573e-18   0.00671163  -1.0104e-17    0.0064387  2.35988e-18   -0.0114749  8.55386e-18  -0.00193392 -7.10509e-18    0.0126605 -1.02845e-17  -0.00142012   1.8115e-17   -0.0116744  1.19797e-17   0.00253119 -1.77178e-17   0.00984883 -1.60858e-17  -0.00171573   9.1778e-18  -0.00767653  1.62993e-17 -7.83348e-05 -3.31719e-18   0.00509075 -1.00891e-17   0.00162901  -8.4258e-19  -0.00218864  5.08923e-18  -0.00178607   2.9557e-18 -4.95853e-05 -8.13969e-19  0.000510178 -1.35732e-18   0.00027021  -5.1501e-19  5.69355e-05 -7.32956e-20  3.65892e-06
-7.23907e-21  1.11382e-05  1.88482e-20 -0.000104095  7.78065e-20  0.000473213 -1.23092e-18  -0.00122405  1.94641e-18   0.00163732 -1.61869e-18  2.27476e-05   1.3519e-18  -0.00406423 -1.02156e-18   0.00610623 -5.35938e-18 -0.000635014  8.05266e-18  -0.00832251  1.89393e-18   0.00733962 -1.05548e-17   0.00572778  2.37081e-18   -0.0115163  1.10069e-17  -0.00167002 -1.02845e-17    0.0125879 -1.43141e-17  -0.00118035  2.08324e-17   -0.0117452  1.68604e-17   0.00191915  -1.6685e-17    0.0100313 -2.03403e-17 -0.000865385  8.00361e-18  -0.00776117  1.73918e-17  -0.00100168 -2.66551e-18    0.0048465 -1.00554e-17    0.0023243 -1.78027e-18  -0.00160886  4.93141e-18  -0.00188618  3.33523e-18 -0.000470318  -1.8893e-19  0.000206756 -9.27896e-19  0.000156375 -3.43924e-19  3.24542e-05 -3.62829e-20
 2.43806e-07  7.66523e-21   4.6634e-06  1.06024e-19 -8.29877e-05  4.31016e-20  0.000480699 -8.11688e-19  -0.00145575  1.29914e-18   0.00237318 -1.16018e-18  -0.00114866   2.8885e-18   -0.0032189 -2.85067e-18   0.00642431 -5.44183e-18  -0.00179936  9.43127e-18  -0.00770287  1.71671e-18   0.00787617 -1.19156e-17   0.00504923   2.9221e-18   -0.0115618  1.45208e-17  -0.00142012 -1.43141e-17    0.0125486 -1.83609e-17 -0.000947153  2.21476e-17   -0.0118273  2.13817e-17   0.00130117 -1.51732e-17    0.0101782  -2.3048e-17  1.54583e-05  7.17529e-18  -0.00774353  1.71526e-17  -0.00194255  -2.1607e-18   0.00443506 -9.98239e-18   0.00293539  -2.6204e-18  -0.00089813  4.45597e-18  -0.00177357  3.43727e-18 -0.000763318  3.86836e-19 -6.88187e-05 -4.33802e-19  3.80675e-05 -1.42902e-19  7.28467e-06
-3.03237e-21  7.38266e-06  3.44981e-20  -4.2923e-05  1.82247e-19  7.19032e-05 -7.69953e-20  0.000206362 -1.68402e-19  -0.00127996   2.1988e-19   0.00272135 -5.21001e-19  -0.00214862  4.47465e-18     -0.00226 -4.49396e-18   0.00650585 -5.74908e-18    -0.002842  1.09305e-17  -0.00703898  1.88384e-18     0.008337 -1.38455e-17   0.00439661  4.58874e-18   -0.0116139   1.8115e-17  -0.00118035 -1.83609e-17    0.0125416 -2.16932e-17 -0.000717145  2.21279e-17    -0.011922  2.47186e-17  0.000670266 -1.36822e-17    0.0102877 -2.39719e-17  0.000930946  6.87216e-18  -0.00761158  1.60729e-17  -0.00288725 -1.71463e-18   0.00384191 -9.88628e-18   0.00341135 -3.34399e-18 -9.36049e-05   3.5924e-18  -0.00141191  3.15891e-18  -0.00082055  7.16287e-19 -0.000200247 -8.17075e-20 -1.69916e-05 -2.81961e-20
-1.76747e-06 -1.95857e-20  2.55674e-05  6.05461e-20 -0.000131591   1.5822e-19  0.000330925 -2.16898e-19  -0.00027226  4.78934e-19 -0.000790396 -1.15208e-18   0.00272381   1.0592e-19  -0.00293944   5.9554e-18  -0.00125911 -6.01255e-18   0.00639568 -6.07569e-18  -0.00376802  1.22826e-17  -0.00634293  1.79843e-18   0.00873437 -1.58059e-17   0.00376359   7.6679e-18   -0.0116744  2.08324e-17 -0.000947153 -2.16932e-17    0.0125667 -2.39354e-17 -0.000487014  2.12592e-17   -0.0120301  2.64499e-17    1.895e-05 -1.26928e-17     0.010356 -2.32008e-17   0.00188506  7.03709e-18  -0.00734901  1.48519e-17  -0.00381579 -1.10049e-18   0.00305334 -9.58182e-18   0.00368865 -4.02827e-18  0.000740162  2.27162e-18 -0.000810878  2.40468e-18 -0.000610389  6.70289e-19 -0.000167576  4.00862e-20  -1.4899e-05
 3.00681e-21 -3.84454e-06 -6.41075e-20  4.10464e-05  1.09312e-19 -0.000205778 -1.39181e-20  0.000569499 -2.29571e-19 -0.000777818  9.99258e-19 -0.000149098 -2.63506e-18   0.00245984  7.35607e-19   -0.0035098  7.07005e-18 -0.000267051 -7.35858e-18   0.00612951 -6.06634e-18  -0.00458405  1.31749e-17  -0.00562204  7.54884e-19   0.00907784 -1.72823e-17   0.00314387  1.19797e-17   -0.0117452  2.21476e-17 -0.000717145 -2.39354e-17    0.0126243 -2.50458e-17 -0.000253372  2.01087e-17   -0.0121522  2.65988e-17 -0.000661013 -1.23976e-17    0.0103766 -2.11281e-17   0.00288124   7.3424e-18  -0.00693453  1.40421e-17  -0.00469953 -8.17701e-20   0.00206202 -8.88129e-18   0.00369445 -4.75528e-18   0.00148396  5.90223e-19 -0.000104695  1.29595e-18 -0.000262542  3.64697e-19 -6.89014e-05  2.55771e-20
-3.85887e-07  9.69157e-22  1.53146e-06 -1.15404e-19  2.15231e-05  2.13767e-19 -0.000188442 -3.20034e-19  0.000662666  7.63405e-21  -0.00116161  1.32977e-18  0.000512912 -3.99155e-18   0.00200394  1.47053e-18   -0.0038659  7.51894e-18   0.00068298  -8.3774e-18   0.00573591 -5.35721e-18  -0.00529727  1.34447e-17  -0.00488042 -1.77397e-18    0.0093748 -1.79521e-17   0.00253119  1.68604e-17   -0.0118273  2.21279e-17 -0.000487014 -2.50458e-17    0.0127151 -2.51546e-17 -1.26201e-05  1.90843e-17   -0.0122888   2.5442e-17  -0.00137886 -1.26191e-17    0.0103401 -1.85242e-17   0.00392148  7.28501e-18  -0.00634207  1.37863e-17  -0.00549536  1.41353e-18  0.000878208 -7.71548e-18   0.00333954 -5.38559e-18   0.00192618 -1.00337e-18  0.000434157  2.63189e-19  3.07323e-06  8.24889e-20 -8.08086e-06
 2.92337e-21 -3.64996e-06 -5.73946e-21  2.35372e-05 -1.35121e-19  -5.2852e-05  3.63514e-19 -4.95963e-05  -6.9042e-19  0.000567768   5.0127e-19  -0.00135909  1.39738e-18   0.00111355 -4.94257e-18   0.00142211  2.36189e-18  -0.00402483  7.08798e-18   0.00156907 -8.92087e-18   0.00523771 -3.71206e-18  -0.00591415  1.31533e-17  -0.00411977 -5.84656e-18    0.0096306 -1.77178e-17   0.00191915  2.13817e-17    -0.011922  2.12592e-17 -0.000253372 -2.51546e-17    0.0128407 -2.44819e-17  0.000239199  1.83695e-17   -0.0124401  2.33167e-17  -0.00214493 -1.29851e-17    0.0102328 -1.64011e-17   0.00500412  6.42046e-18  -0.00553886  1.37889e-17  -0.00613631  3.19767e-18 -0.000467764 -6.10262e-18    0.0025188 -5.47549e-18   0.00183184 -1.87317e-18  0.000577962 -2.69576e-19  7.79104e-05 -1.89203e-20
 6.15926e-07  1.92565e-20 -9.88286e-06 -3.21099e-20  5.63879e-05 -9.64722e-20    -0.000159   4.8416e-19  0.000168092 -1.01194e-18  0.000323416    1.133e-18  -0.00136882  1.10912e-18   0.00160443 -5.25973e-18  0.000770962  3.34598e-18  -0.00400754  5.77489e-18    0.0023765  -8.9463e-18   0.00465274 -1.09295e-18  -0.00643994  1.24782e-17  -0.00333996  -1.0932e-17   0.00984883  -1.6685e-17   0.00130117  2.47186e-17   -0.0120301  2.01087e-17 -1.26201e-05 -2.44819e-17    0.0130033 -2.33316e-17  0.000506544   1.7932e-17   -0.0126057   2.0589e-17  -0.00297107  -1.3122e-17    0.0100353 -1.54593e-17   0.00612318  4.66047e-18  -0.00448256  1.35002e-17  -0.00653463  4.84655e-18  -0.00191395 -4.13879e-18   0.00122483 -4.63787e-18   0.00118968   -1.755e-18  0.000379237 -2.88403e-19  3.88663e-05
-3.61875e-21  7.22663e-07  5.33548e-20 -1.17404e-05 -9.42786e-20  7.41879e-05 -1.76691e-21 -0.000241779   4.7571e-19  0.000386847 -1.15711e-18  1.03558e-08  1.72249e-18  -0.00121781  4.32561e-19   0.00195976  -4.8717e-18  9.62554e-05  4.25283e-18  -0.00383541  3.80323e-18   0.00309526 -8.51993e-18    0.0039948  2.34484e-18  -0.00687832  1.15522e-17  -0.00253947 -1.60858e-17    0.0100313 -1.51732e-17  0.000670266  2.64499e-17   -0.0121522  1.90843e-17  0.000239199 -2.33316e-17    0.0132058 -2.19634e-17   0.00079476  1.75346e-17   -0.0127846  1.77116e-17  -0.00387175 -1.26635e-17   0.00972149 -1.54887e-17   0.00726769  2.36809e-18  -0.00313439   1.2366e-17  -0.00658212  5.80281e-18  -0.00326129 -2.13901e-18 -0.000227934 -3.07415e-18   0.00037155  -1.0534e-18  0.000120067 -1.17475e-19
 2.83006e-07 -1.23837e-20 -2.61948e-06   9.4981e-20  1.95993e-06 -1.78835e-19  5.06042e-05  1.18117e-19 -0.000255178  2.82554e-19  0.000543255 -1.03873e-18 -0.000337431  2.10526e-18 -0.000943393 -5.25004e-19   0.00217024 -3.89168e-18 -0.000566012  4.86898e-18    -0.003529   1.4931e-18   0.00371816 -7.76648e-18   0.00327459  6.28978e-18  -0.00723112  1.04267e-17  -0.00171573 -2.03403e-17    0.0101782 -1.36822e-17    1.895e-05  2.65988e-17   -0.0122888  1.83695e-17  0.000506544 -2.19634e-17    0.0134522 -2.03444e-17   0.00111034  1.68114e-17   -0.0129755  1.52031e-17  -0.00486301 -1.12043e-17   0.00925909 -1.54468e-17   0.00840463  3.19407e-21  -0.00147319  9.95057e-18  -0.00607901  5.49609e-18  -0.00403678 -6.91352e-19  -0.00121662 -1.53673e-18 -0.000139475 -4.07956e-19  1.19882e-06
 7.58577e-22  1.46297e-06 -2.49549e-20 -1.09769e-05  1.21564e-19  3.31172e-05 -2.36907e-19 -1.68046e-05  2.17388e-19 -0.000189062 -5.95685e-20  0.000607296 -6.57571e-19 -0.000640146  2.18094e-18 -0.000585746 -1.53037e-18    0.0022377 -2.55169e-18  -0.00118745  5.03919e-18  -0.00310743  -9.0439e-19    0.0042393 -6.83231e-18   0.00250055  1.02975e-17  -0.00749807   9.1778e-18 -0.000865385  -2.3048e-17    0.0102877 -1.26928e-17 -0.000661013   2.5442e-17   -0.0124401   1.7932e-17   0.00079476 -2.03444e-17    0.0137477 -1.81431e-17    0.0014605  1.54401e-17   -0.0131751  1.35281e-17  -0.00595993 -8.44023e-18   0.00859499 -1.44043e-17   0.00946215 -2.49365e-18  0.000549889  5.93415e-18  -0.00468844   3.5775e-18  -0.00369624 -2.64813e-19  -0.00131376 -6.18944e-19 -0.000208642 -9.62406e-20
-1.34125e-07 -9.24726e-24  2.77326e-06 -3.02357e-20  -1.9487e-05  1.12148e-19  6.75971e-05 -2.18135e-19 -0.000104423  2.53064e-19 -6.40183e-05 -4.35106e-19  0.000576088 -1.03505e-19 -0.000875215  1.92958e-18 -0.000183419 -2.32997e-18   0.00217081 -1.10511e-18  -0.00174548  4.75452e-18  -0.00258837 -3.26693e-18   0.00465303 -5.85781e-18   0.00167958  1.38181e-17  -0.00767653  8.00361e-18  1.54583e-05 -2.39719e-17     0.010356 -1.23976e-17  -0.00137886  2.33167e-17   -0.0126057  1.75346e-17   0.00111034 -1.81431e-17    0.0140983 -1.52352e-17   0.00185531  1.33177e-17   -0.0133741  1.30111e-17  -0.00718797 -4.46595e-18   0.00764427 -1.25756e-17    0.0103711 -5.85805e-18   0.00300691  3.70123e-19  -0.00225965  4.16351e-19  -0.00225547  -6.4162e-19 -0.000761453 -2.72815e-19 -8.31508e-05
-9.19529e-23  1.50034e-07 -2.34689e-21  1.28518e-06 -1.94788e-20 -1.85778e-05  6.62798e-20  8.46805e-05 -1.11962e-19 -0.000180388  1.99819e-19   8.7303e-05 -7.10541e-19  0.000462892  4.88686e-19  -0.00102349   1.4137e-18  0.000228961 -2.76498e-18   0.00198258  2.46235e-19  -0.00222173  4.15204e-18  -0.00198837 -5.51774e-18   0.00495318 -4.93456e-18  0.000817867  1.62993e-17  -0.00776117  7.17529e-18  0.000930946 -2.32008e-17    0.0103766 -1.26191e-17  -0.00214493   2.0589e-17   -0.0127846  1.68114e-17    0.0014605 -1.52352e-17    0.0145128 -1.23322e-17   0.00231127  1.06821e-17   -0.0135674  1.38346e-17   -0.0085877   5.8462e-20   0.00634003 -1.12612e-17    0.0110533 -1.05291e-17   0.00564593 -5.61144e-18  0.000575843 -2.60731e-18 -0.000571677 -1.01735e-18 -0.000201888 -1.31165e-19
-1.25644e-07  2.99674e-22  1.56152e-06 -4.62913e-21 -5.33721e-06  4.39873e-22 -2.63776e-06  8.87191e-21    7.206e-05    4.422e-20 -0.000221459  5.90684e-20  0.000233558 -8.03537e-19  0.000289512  9.92878e-19  -0.00107714  7.66359e-19   0.00062131 -2.81501e-18   0.00168882  1.38784e-18  -0.00260084  3.41412e-18  -0.00132348 -7.50463e-18   0.00513241 -4.08631e-18 -7.83348e-05  1.73918e-17  -0.00774353  6.87216e-18   0.00188506 -2.11281e-17    0.0103401 -1.29851e-17  -0.00297107  1.77116e-17   -0.0129755  1.54401e-17   0.00185531 -1.23322e-17    0.0150061 -1.08708e-17   0.00284158  8.16358e-18   -0.0137558  1.59752e-17   -0.0101576  4.18111e-18   0.00463256 -1.12984e-17    0.0111127 -1.51302e-17   0.00745409 -9.65153e-18   0.00248413 -3.89774e-18  0.000380731 -8.54414e-19  1.44089e-05
 5.11747e-22  -3.8996e-07  3.14609e-22  3.68539e-06 -3.90524e-21 -1.49969e-05   1.0383e-20   2.4153e-05 -2.66246e-20  3.17631e-05  1.92402e-19 -0.000218379 -1.38796e-19   0.00035021 -7.15647e-19  8.13486e-05  1.32348e-18  -0.00103713   1.4955e-19  0.000967967 -2.55661e-18   0.00130745  2.29782e-18  -0.00286946  2.65193e-18 -0.000610082 -8.99521e-18   0.00518184 -3.31719e-18  -0.00100168  1.71526e-17  -0.00761158  7.03709e-18   0.00288124 -1.85242e-17    0.0102328  -1.3122e-17  -0.00387175  1.52031e-17   -0.0131751  1.33177e-17   0.00231127 -1.08708e-17    0.0155891 -1.19023e-17   0.00345396  6.57347e-18   -0.0138873  1.90519e-17   -0.0118479  7.49551e-18   0.00222804  -1.1367e-17    0.0095874  -1.6581e-17   0.00713393 -9.77206e-18   0.00260789 -3.12118e-18  0.000440108 -3.70612e-19
-1.63125e-09  1.41165e-21 -3.36677e-07  -1.2934e-21   4.3147e-06  1.08454e-21 -2.15779e-05 -3.65995e-21  5.07329e-05 -2.13612e-20 -2.41303e-05  2.87713e-19  -0.00017364 -3.41701e-19  0.000421099 -5.15323e-19 -0.000135908  1.44271e-18 -0.000911147 -3.14331e-19   0.00124738 -2.08909e-18  0.000858304  3.02441e-18  -0.00301564  1.87207e-18  0.000134106 -9.83056e-18   0.00509075 -2.66551e-18  -0.00194255  1.60729e-17  -0.00734901   7.3424e-18   0.00392148 -1.64011e-17    0.0100353 -1.26635e-17  -0.00486301  1.35281e-17   -0.0133741  1.06821e-17   0.00284158 -1.19023e-17    0.0162667 -1.50046e-17   0.00420877  6.35282e-18   -0.0138513  2.24702e-17   -0.0137934  1.08493e-17   -0.0015171 -8.65108e-18   0.00572418 -1.29524e-17   0.00456292 -6.51339e-18   0.00149199 -1.49538e-18  0.000163944
-1.67825e-22 -1.60521e-07  2.04057e-21  7.18874e-07 -3.46295e-21   1.2663e-06  7.55889e-21 -1.96422e-05 -3.83907e-20  6.63032e-05  1.92547e-20 -8.04798e-05  3.14261e-19 -9.75327e-05  -4.9376e-19  0.000438412  -2.9096e-19 -0.000338322   1.3568e-18 -0.000712218 -6.02344e-19   0.00144182   -1.487e-18  0.000363432  3.63963e-18  -0.00302863  1.03358e-18  0.000888693 -1.00891e-17    0.0048465  -2.1607e-18  -0.00288725  1.48519e-17  -0.00693453  7.28501e-18   0.00500412 -1.54593e-17   0.00972149 -1.12043e-17  -0.00595993  1.30111e-17   -0.0135674  8.16358e-18   0.00345396 -1.50046e-17    0.0170946 -1.85007e-17   0.00522089  7.22451e-18   -0.0137031  2.58401e-17   -0.0163433  1.53985e-17  -0.00667367 -2.23233e-18  0.000461035 -6.15257e-18   0.00137919 -2.64511e-18  0.000404429 -3.67523e-19
  3.0224e-08 -3.34382e-22 -4.98387e-07  1.46652e-21  2.65998e-06 -2.92939e-21  -5.1604e-06  1.06985e-20 -8.32376e-06 -7.67881e-20  6.51318e-05  7.33637e-20  -0.00012398  2.80946e-19 -4.60412e-06 -5.57625e-19  0.000401885 -1.05376e-19 -0.000504942  1.10682e-18 -0.000457784 -7.96327e-19    0.0015373 -7.92625e-19 -0.000152347  4.18723e-18  -0.00289912  1.18396e-19   0.00162901 -1.00554e-17   0.00443506 -1.71463e-18  -0.00381579  1.40421e-17  -0.00634207  6.42046e-18   0.00612318 -1.54887e-17   0.00925909 -8.44023e-18  -0.00718797  1.38346e-17   -0.0137558  6.57347e-18   0.00420877 -1.85007e-17    0.0181801 -2.08157e-17   0.00643574  8.35796e-18   -0.0136638  2.84964e-17   -0.0191089  2.00896e-17   -0.0114423  4.71917e-18   -0.0035953 -4.92642e-19 -0.000518259 -4.22733e-19 -1.63246e-05
-6.40527e-23  3.78739e-08 -1.58738e-22 -6.63102e-07 -5.76588e-22  4.16321e-06  2.23329e-21 -1.19936e-05  7.75459e-21  8.63053e-06 -1.00619e-19   4.7434e-05  1.17923e-19 -0.000145621  2.08812e-19  8.92064e-05 -5.28828e-19  0.000317744   2.6008e-20  -0.00061868  7.48588e-19 -0.000169169 -1.01553e-18   0.00152396  -2.7812e-20 -0.000660634  4.65354e-18  -0.00262012  -8.4258e-19    0.0023243 -9.98239e-18   0.00384191 -1.10049e-18  -0.00469953  1.37863e-17  -0.00553886  4.66047e-18   0.00726769 -1.54468e-17   0.00859499 -4.46595e-18   -0.0085877  1.59752e-17   -0.0138873  6.35282e-18   0.00522089 -2.08157e-17    0.0194571 -2.17528e-17   0.00763892   8.1293e-18   -0.0131897  2.79909e-17   -0.0199314  2.10503e-17    -0.012866  7.69585e-18   -0.0045118  1.55751e-18 -0.000758269  1.01634e-19
  1.0594e-08 -9.43375e-23   -8.855e-08  4.46669e-22 -1.61423e-07 -3.09113e-21  3.71281e-06  1.01108e-20 -1.56668e-05 -4.25723e-22  2.53325e-05  -1.0038e-19  1.80467e-05  1.40069e-19 -0.000141613  1.20308e-19  0.000168807 -4.31257e-19  0.000197641  1.26529e-19 -0.000667124  3.26459e-19  0.000128738 -1.31352e-18   0.00139689  7.86669e-19  -0.00112861  4.97798e-18  -0.00218864 -1.78027e-18   0.00293539 -9.88628e-18   0.00305334 -8.17701e-20  -0.00549536  1.37889e-17  -0.00448256  2.36809e-18   0.00840463 -1.44043e-17   0.00764427   5.8462e-20   -0.0101576  1.90519e-17   -0.0138513  7.22451e-18   0.00643574 -2.17528e-17    0.0206978 -2.32537e-17   0.00936048  3.40294e-18   -0.0101718  2.06244e-17   -0.0161807  1.54099e-17  -0.00981043   5.7163e-18  -0.00293419  1.06021e-18 -0.000311564
-2.65553e-23  4.42724e-08  1.56429e-23 -3.62365e-07  1.01295e-21  1.02371e-06 -4.39779e-21  9.45385e-07  1.64146e-20 -1.41658e-05 -1.09705e-20  3.63561e-05 -7.76691e-20 -1.55577e-05  1.39133e-19 -0.000113373  3.37205e-20  0.000221703 -2.95808e-19  5.76273e-05  2.26384e-19 -0.000643521 -1.35087e-19  0.000407808 -1.62019e-18   0.00115785  1.60717e-18  -0.00151819  5.08923e-18  -0.00160886  -2.6204e-18   0.00341135 -9.58182e-18   0.00206202  1.41353e-18  -0.00613631  1.35002e-17  -0.00313439  3.19407e-21   0.00946215 -1.25756e-17   0.00634003  4.18111e-18   -0.0118479  2.24702e-17   -0.0137031  8.35796e-18   0.00763892 -2.32537e-17    0.0224076 -2.92236e-17    0.0135334 -8.93213e-18  -0.00262554  5.87659e-18  -0.00806094  5.54613e-18   -0.0045656  1.97052e-18  -0.00103034  2.40451e-19
