 2.39748e-07 -7.16641e-21 -3.55314e-06  1.24626e-19   1.9388e-05 -6.11896e-19 -5.90331e-05   1.5819e-18  0.000112402 -2.55398e-18 -0.000136812  2.76966e-18  0.000100135  -2.0738e-18 -3.18522e-05  1.04777e-18  -9.6256e-06 -3.18477e-19  1.12464e-05  4.22113e-20 -2.28521e-06
-7.16641e-21  5.14599e-06 -7.27064e-20 -4.19289e-05  8.44074e-19  0.000167071 -3.14742e-18 -0.000399559  6.46553e-18  0.000609677 -8.49417e-18 -0.000585003  7.64333e-18  0.000307741 -4.80271e-18 -2.67097e-05  1.97909e-18 -6.33706e-05 -4.28679e-19   2.8988e-05  2.42814e-20
-3.55314e-06 -7.27064e-20  5.27024e-05 -4.03141e-19 -0.000287836  3.37314e-18  0.000877403 -9.71665e-18  -0.00167341  1.58795e-17   0.00204305 -1.70162e-17  -0.00150635  1.28765e-17  0.000494981 -6.85873e-18  0.000126726  2.19813e-18 -0.000160118 -2.63288e-19   3.2829e-05
 1.24626e-19 -4.19289e-05 -4.03141e-19  0.000341963 -1.47241e-18  -0.00136448   9.1587e-18    0.0032705 -2.03448e-17  -0.00501095  2.62243e-17   0.00485158 -2.31215e-17  -0.00262227  1.51993e-17  0.000321872 -6.83433e-18  0.000457546  1.42567e-18 -0.000219572    -2.05e-21
  1.9388e-05  8.44074e-19 -0.000287836 -1.47241e-18   0.00157432 -3.78441e-18  -0.00481108  1.74683e-17   0.00921914 -2.90979e-17    -0.011365  2.89681e-17    0.0085833  -2.1947e-17  -0.00311357  1.34292e-17 -0.000389214 -4.63869e-18  0.000747542   1.6815e-19 -0.000159447
-6.11896e-19  0.000167071  3.37314e-18  -0.00136448 -3.78441e-18   0.00545872 -6.90285e-18   -0.0131496   2.2462e-17    0.0203495  -2.5406e-17   -0.0201437  1.88963e-17    0.0116015 -1.53134e-17  -0.00235807  9.46622e-18  -0.00121033  -1.3261e-18  0.000702047 -5.99822e-19
-5.90331e-05 -3.14742e-18  0.000877403   9.1587e-18  -0.00481108 -6.90285e-18    0.0147777 -8.36105e-18   -0.0286052  1.51008e-17    0.0360125 -5.29617e-18   -0.0285948  4.23459e-18    0.0123382 -1.11474e-17 -0.000932421  5.33463e-18  -0.00138983  1.58664e-18  0.000347586
  1.5819e-18 -0.000399559 -9.71665e-18    0.0032705  1.74683e-17   -0.0131496 -8.36105e-18     0.031999 -4.58577e-18   -0.0505403 -6.64645e-18    0.0522624  1.64401e-17   -0.0336448  3.25407e-18    0.0111912 -1.36585e-17 -0.000279007  8.74075e-19 -0.000784191  2.54664e-18
 0.000112402  6.46553e-18  -0.00167341 -2.03448e-17   0.00921914   2.2462e-17   -0.0286052 -4.58577e-18    0.0565011  4.98278e-18   -0.0740797  -2.7509e-17    0.0642283  1.22246e-17   -0.0349571   2.4186e-17    0.0103059 -1.61926e-17 -0.000928559 -3.94982e-18 -0.000106058
-2.55398e-18  0.000609677  1.58795e-17  -0.00501095 -2.90979e-17    0.0203495  1.51008e-17   -0.0505403  4.98278e-18    0.0830565  1.37355e-17   -0.0928494 -2.07849e-17     0.070372 -3.04018e-17   -0.0350512  4.97421e-17    0.0107153 -9.02576e-18  -0.00170474 -5.85112e-18
-0.000136812 -8.49417e-18   0.00204305  2.62243e-17    -0.011365  -2.5406e-17    0.0360125 -6.64645e-18   -0.0740797  1.37355e-17     0.104702  1.04452e-17    -0.104147  2.58921e-17    0.0730943 -8.55634e-17   -0.0353141  5.06181e-17    0.0106793  5.07148e-18  -0.00135543
 2.76966e-18 -0.000585003 -1.70162e-17   0.00485158  2.89681e-17   -0.0201437 -5.29617e-18    0.0522624  -2.7509e-17   -0.0928494  1.04452e-17     0.118248 -1.01957e-17    -0.109987  8.83157e-17    0.0737924 -1.04826e-16   -0.0332887   2.0309e-17   0.00812515   1.1127e-17
 0.000100135  7.64333e-18  -0.00150635 -2.31215e-17    0.0085833  1.88963e-17   -0.0285948  1.64401e-17    0.0642283 -2.07849e-17    -0.104147 -1.01957e-17     0.125506 -3.82189e-17    -0.111543  1.18008e-16    0.0691537 -6.68241e-17   -0.0259878 -1.26114e-17   0.00381804
 -2.0738e-18  0.000307741  1.28765e-17  -0.00262227  -2.1947e-17    0.0116015  4.23459e-18   -0.0336448  1.22246e-17     0.070372  2.58921e-17    -0.109987 -3.82189e-17     0.127514 -5.29929e-17    -0.104737  8.79611e-17    0.0552948 -5.15598e-18   -0.0149362 -1.88009e-17
-3.18522e-05 -4.80271e-18  0.000494981  1.51993e-17  -0.00311357 -1.53134e-17    0.0123382  3.25407e-18   -0.0349571 -3.04018e-17    0.0730943  8.83157e-17    -0.111543 -5.29929e-17     0.119879  -4.1928e-17   -0.0849925  2.39073e-17    0.0347107  2.83032e-17  -0.00532899
 1.04777e-18 -2.67097e-05 -6.85873e-18  0.000321872  1.34292e-17  -0.00235807 -1.11474e-17    0.0111912   2.4186e-17   -0.0350512 -8.55634e-17    0.0737924  1.18008e-16    -0.104737  -4.1928e-17    0.0977579 -1.44008e-17   -0.0556381   -2.219e-17    0.0156482  2.14956e-17
 -9.6256e-06  1.97909e-18  0.000126726 -6.83433e-18 -0.000389214  9.46622e-18 -0.000932421 -1.36585e-17    0.0103059  4.97421e-17   -0.0353141 -1.04826e-16    0.0691537  8.79611e-17   -0.0849925 -1.44008e-17    0.0648098   7.6525e-18   -0.0275078 -2.76475e-17   0.00430363
-3.18477e-19 -6.33706e-05  2.19813e-18  0.000457546 -4.63869e-18  -0.00121033  5.33463e-18 -0.000279007 -1.61926e-17    0.0107153  5.06181e-17   -0.0332887 -6.68241e-17    0.0552948  2.39073e-17   -0.0556381   7.6525e-18    0.0328909  1.26534e-17  -0.00942801 -1.22326e-17
 1.12464e-05 -4.28679e-19 -0.000160118  1.42568e-18  0.000747542  -1.3261e-18  -0.00138983  8.74162e-19 -0.000928559 -9.02567e-18    0.0106793  2.03089e-17   -0.0259878 -5.15596e-18    0.0347107 -2.21907e-17   -0.0275078  1.26527e-17    0.0118996  7.07954e-18  -0.00187909
 4.22113e-20   2.8988e-05  -2.6329e-19 -0.000219572  1.68138e-19  0.000702047  1.58664e-18 -0.000784191 -3.94984e-18  -0.00170474  5.07145e-18   0.00812515 -1.26114e-17   -0.0149362  2.83034e-17    0.0156482 -2.76474e-17  -0.00942801  7.07954e-18   0.00272821  1.79996e-18
-2.28521e-06  2.42814e-20   3.2829e-05 -2.05059e-21 -0.000159447 -5.99822e-19  0.000347586  2.54664e-18 -0.000106058 -5.85112e-18  -0.00135543   1.1127e-17   0.00381804 -1.88009e-17  -0.00532899  2.14956e-17   0.00430363 -1.22326e-17  -0.00187909  1.79996e-18  0.000298184
