 7.15846e-36 -3.18371e-51  -5.8066e-36  3.14826e-51 -4.74496e-36  6.65718e-50  4.50604e-36  5.20634e-49  3.75589e-36 -3.78124e-48 -1.42017e-35  3.44977e-47  4.86841e-36 -7.26827e-47  1.28541e-36  5.22907e-46 -5.21343e-37  6.38332e-46 -8.04898e-37  9.51489e-46  7.06469e-37  7.00552e-45  5.23415e-38  1.51477e-44  -6.5908e-37  2.15803e-44  4.99778e-37  1.48704e-43 -1.41111e-37 -1.13405e-43 -6.59559e-39  3.35536e-43  1.94224e-38 -3.99667e-43  5.07998e-39  5.54862e-43  6.68126e-39 -9.71585e-43 -5.90104e-38 -2.55841e-43  2.58905e-37 -1.67493e-43 -1.00578e-36 -9.95069e-43  3.58892e-36 -1.58724e-43 -1.17238e-35 -7.68806e-43  3.49722e-35  8.72712e-43 -9.51005e-35 -3.75411e-42  2.35277e-34  1.13778e-41 -5.28181e-34 -3.45866e-41   1.0723e-33  9.52878e-41  -1.9601e-33 -2.45961e-40  3.20767e-33  5.92245e-40 -4.66447e-33 -1.33085e-39   5.9664e-33  2.78912e-39 -6.61751e-33 -5.44726e-39  6.22747e-33  9.90431e-39 -4.79258e-33 -1.67446e-38  2.79604e-33  2.62842e-38 -9.77157e-34 -3.82421e-38 -1.10156e-34  5.14699e-38  4.02311e-34 -6.39342e-38 -2.44236e-34  7.31045e-38  3.57002e-35 -7.67177e-38  4.28145e-35  7.36435e-38 -2.55748e-35 -6.44242e-38 -1.86779e-36  5.11553e-38  7.76937e-36 -3.67147e-38 -3.46826e-36  2.37224e-38  8.75567e-37 -1.37565e-38 -6.60978e-37  7.15429e-39  6.30144e-37 -3.35006e-39 -3.63473e-37  1.42905e-39  1.57661e-37  -5.6682e-40 -6.59217e-38  2.13776e-40  2.62717e-38 -7.71779e-41 -8.68447e-39  2.60622e-41  2.33449e-39 -7.85702e-42 -5.31417e-40  2.00573e-42  9.93084e-41 -4.12429e-43 -1.40088e-41  6.50184e-44  1.41191e-42 -7.41438e-45 -9.50234e-44  5.61352e-46  3.43713e-45 -2.39242e-47 -3.77578e-47  3.48972e-49
-3.18371e-51  2.18511e-35 -1.14616e-50 -1.37283e-35 -5.90963e-50 -1.39068e-35  8.28801e-49  8.70644e-36  8.59186e-48  1.12844e-35 -5.20015e-47 -3.46002e-35  4.35462e-46  1.54318e-35 -8.60845e-46  1.53758e-36  5.98996e-45 -1.72445e-36  5.94206e-45 -1.69264e-36  9.33977e-45  1.29447e-36  7.56859e-44  7.87614e-37  1.02907e-43 -1.78437e-36  1.82671e-43  1.11635e-36  1.05691e-42 -2.58891e-37 -7.96663e-43 -7.65035e-38  2.15585e-42  1.02309e-37 -2.90921e-42 -8.16132e-38  3.52924e-42  4.54933e-37 -6.10002e-42 -2.11179e-36 -1.75948e-42  8.68113e-36  -8.3499e-43 -3.24788e-35 -6.11002e-42  1.11069e-34  1.15394e-43 -3.46966e-34 -7.93455e-42   9.8881e-34  1.85337e-41 -2.56647e-33 -6.45027e-41  6.05304e-33  1.95828e-40 -1.29338e-32 -5.64979e-40  2.49409e-32  1.50915e-39 -4.31875e-32 -3.76824e-39  6.67154e-32  8.78285e-39 -9.11456e-32 -1.91024e-38  1.08808e-31  3.87424e-38 -1.11526e-31 -7.32057e-38  9.54379e-32  1.28731e-37 -6.47504e-32 -2.10385e-37  3.07176e-32  3.19045e-37 -5.31716e-33 -4.48104e-37 -5.92221e-33  5.81634e-37  6.01596e-33 -6.95935e-37 -2.15563e-33  7.65366e-37  -4.0685e-34 -7.71077e-37  7.21454e-34  7.08906e-37 -1.87845e-34 -5.92164e-37 -1.03289e-34  4.47216e-37  8.08928e-35 -3.03704e-37 -1.37167e-35  1.84392e-37 -2.79261e-37 -9.95449e-38 -4.78043e-36  4.76062e-38  4.64584e-36  -2.0192e-38 -2.08848e-36  7.68624e-39  7.87405e-37 -2.70388e-39 -3.43289e-37  9.17666e-40  1.34052e-37 -3.08309e-40 -3.97542e-38   9.9724e-41  9.77314e-39 -2.89533e-41 -2.10738e-39  7.01191e-42  3.57629e-40 -1.33281e-42 -4.35145e-41  1.88065e-43  3.73871e-42 -1.84431e-44 -2.00906e-43  1.13213e-45  4.28444e-45 -3.42362e-47  7.89552e-48
 -5.8066e-36 -1.14616e-50  5.39894e-35  6.67556e-50 -2.82521e-35 -9.86494e-49 -2.39482e-35  6.84127e-48  9.69104e-36  9.52396e-47  2.29988e-35 -4.94427e-46 -5.80928e-35  3.78387e-45  2.82734e-35 -7.11317e-45  3.57922e-36   4.7241e-44 -4.48025e-36  3.72818e-44 -2.66595e-36  6.34176e-44  1.61834e-36  5.34714e-43  2.48412e-36  4.55249e-43 -3.34939e-36  1.03398e-42  1.71349e-36  5.12197e-42 -2.16305e-37   -3.801e-42 -3.57175e-37  9.39447e-42    7.153e-37 -1.45143e-41 -2.54695e-36  1.58226e-41  1.20075e-35 -2.66966e-41 -5.16045e-35 -7.84721e-42  2.02218e-34  -2.0393e-42 -7.23894e-34 -2.84343e-41  2.36755e-33  1.46714e-41 -7.06844e-33 -7.98069e-41  1.92372e-32  2.40102e-40 -4.76326e-32 -7.73759e-40  1.07023e-31   2.2909e-39 -2.17457e-31 -6.36099e-39  3.97819e-31  1.64565e-38 -6.51511e-31 -3.97748e-38  9.48002e-31  8.97496e-38 -1.21313e-30 -1.88964e-37  1.34565e-30  3.70944e-37 -1.26566e-30 -6.78254e-37  9.72278e-31  1.15374e-36 -5.64391e-31 -1.82315e-36  1.93521e-31  2.67172e-36  2.68665e-32 -3.62353e-36 -8.41821e-32  4.53755e-36  4.98617e-32 -5.23199e-36  -6.3125e-33  5.53712e-36 -9.68776e-33 -5.35876e-36  5.79148e-33  4.72213e-36  3.17304e-35 -3.76991e-36 -1.26698e-33  2.71091e-36  3.99999e-34 -1.74406e-36   6.3609e-35  9.96185e-37 -2.33973e-35 -5.00979e-37 -3.53336e-35  2.20051e-37  2.29913e-35 -8.40407e-38  -6.8772e-36  2.81084e-38  2.57408e-36 -8.52917e-39 -1.30869e-36  2.53236e-39  4.64231e-37 -7.88099e-40 -1.18007e-37  2.48507e-40  2.77192e-38 -7.06756e-41 -5.74489e-39   1.6323e-41  8.48321e-40 -2.84931e-42 -8.79693e-41  3.53809e-43  6.58679e-42 -2.89954e-44 -2.64836e-43  1.37046e-45  2.17641e-45 -2.44034e-47
 3.14826e-51 -1.37283e-35  6.67556e-50  1.14227e-34  1.16875e-48 -5.55683e-35 -8.98815e-48 -2.58837e-35  3.89712e-47  2.98238e-36  8.26814e-46  3.85361e-35 -3.74175e-45 -7.75333e-35  2.60283e-44  3.68052e-35 -4.66667e-44   9.3292e-36  2.94633e-43 -8.06773e-36  1.82021e-43 -4.09907e-36  3.46339e-43  1.84505e-36  2.89959e-42  4.78974e-36  1.46173e-42 -4.83896e-36   4.5052e-42  1.91648e-36  1.96037e-41  4.80603e-37 -1.42179e-41 -2.70197e-36  3.20347e-41  1.14887e-35 -5.73699e-41 -5.44048e-35  5.78551e-41  2.44029e-34 -9.35086e-41  -1.0004e-33 -2.78187e-41  3.74785e-33  5.22632e-42 -1.28308e-32 -1.31698e-40  4.01177e-32  1.94391e-40 -1.14432e-31 -7.54306e-40   2.9728e-31  2.39798e-39 -7.01784e-31 -7.39301e-39  1.50093e-30   2.1214e-38 -2.89699e-30 -5.69207e-38  5.02088e-30  1.42585e-37 -7.76253e-30 -3.33645e-37  1.06123e-29  7.28899e-37 -1.26743e-29 -1.48574e-36   1.2991e-29  2.82321e-36 -1.11077e-29 -4.99572e-36  7.51555e-30  8.22139e-36 -3.53458e-30 -1.25634e-35  5.71734e-31  1.77942e-35  7.24832e-31  -2.3309e-35 -7.14447e-31   2.8167e-35  2.48111e-31 -3.13072e-35  5.56053e-32  3.18963e-35 -8.95396e-32  -2.9667e-35  2.38643e-32  2.50717e-35  1.11079e-32 -1.91442e-35  -8.1787e-33  1.31198e-35  2.71835e-34 -8.00534e-36  9.90879e-34   4.3072e-36 -7.00388e-36 -2.01995e-36 -2.24143e-34  8.14663e-37  7.26615e-35  -2.7875e-37  -1.1149e-35  8.04499e-38  7.57587e-36  -2.0164e-38 -4.26875e-36  4.95433e-39  1.17528e-36 -1.42214e-39 -2.57891e-37  4.57094e-40  6.43359e-38  -1.3161e-40 -1.22442e-38  2.92084e-41  1.47429e-39 -4.63241e-42 -1.36292e-40  4.93507e-43   8.9943e-42 -3.23648e-44 -2.27684e-43  1.07659e-45 -8.79128e-47
-4.74496e-36 -5.90963e-50 -2.82521e-35  1.16875e-48   2.0437e-34   9.5347e-48  -1.0184e-34 -6.43458e-47  -1.0209e-35   1.3966e-46 -1.37452e-35  5.92122e-45   5.5129e-35 -2.37153e-44 -8.67953e-35  1.49772e-43  3.70904e-35 -2.55351e-43  1.75439e-35  1.53776e-42 -1.00245e-35  7.31035e-43 -6.55413e-36  1.62465e-42  2.62729e-36  1.29269e-41   6.5807e-36  3.32176e-42 -5.21779e-36  1.59174e-41  3.41914e-37  6.31127e-41  8.13082e-36  -4.4111e-41 -4.14803e-35  9.04911e-41   2.0777e-34 -1.90668e-40 -9.72442e-34  1.82795e-40  4.17058e-33 -2.74542e-40  -1.6349e-32 -9.49126e-41  5.85782e-32  1.14342e-40 -1.91762e-31 -7.22146e-40  5.73053e-31  1.82182e-39 -1.56111e-30 -6.34863e-39  3.86927e-30   2.0008e-38 -8.70244e-30 -5.95078e-38  1.77005e-29  1.65274e-37 -3.24143e-29 -4.29034e-37  5.31369e-29  1.04047e-36 -7.73871e-29 -2.35717e-36  9.91022e-29  4.98576e-36 -1.09974e-28 -9.83878e-36  1.03423e-28  1.80974e-35 -7.93448e-29 -3.09925e-35  4.58571e-29  4.93464e-35 -1.54394e-29 -7.29275e-35  -2.5509e-30  9.98412e-35   7.0921e-30 -1.26331e-34 -4.11989e-30  1.47338e-34  4.66672e-31 -1.57892e-34  8.45407e-31  1.54895e-34  -4.9436e-31 -1.38502e-34 -1.62658e-33  1.12299e-34  1.02822e-31 -8.20566e-35  -2.7725e-32  5.36309e-35 -1.03278e-32 -3.10646e-35  4.99139e-33   1.5762e-35  1.28224e-33 -6.90136e-36 -9.72183e-34  2.55646e-36   7.6589e-35 -7.80406e-37  3.80498e-36   1.9016e-37  2.72137e-35 -3.64515e-38 -1.14329e-35  6.37742e-39  2.00268e-36 -1.68881e-39 -4.73856e-37  6.36329e-40  1.34796e-37 -1.98362e-40 -2.01751e-38  4.27012e-41  1.94256e-39 -6.04322e-42 -1.83515e-40  5.31085e-43  9.50278e-42 -2.59751e-44 -1.07788e-43   4.9731e-46
 6.65718e-50 -1.39068e-35 -9.86494e-49 -5.55683e-35   9.5347e-48  3.15376e-34  5.77078e-47 -1.66877e-34 -4.01678e-46  2.49781e-35  9.02746e-47 -3.70832e-35  3.59448e-44  6.77635e-35 -1.28962e-43 -8.43709e-35  7.42318e-43  3.06701e-35 -1.19618e-42  2.41107e-35  6.93354e-42 -7.72648e-36  2.47807e-42 -9.90185e-36  6.79685e-42  4.75667e-36  4.92456e-41  5.97615e-36   3.9023e-42 -6.72943e-37  4.64924e-41 -2.15339e-35  1.77448e-40  1.29644e-34 -1.16535e-40 -6.87575e-34  2.17793e-40  3.37118e-33 -5.49985e-40 -1.51286e-32  5.11097e-40  6.20566e-32 -6.72808e-40 -2.32681e-31 -4.00735e-40  7.97333e-31  1.06239e-39 -2.49546e-30 -4.59796e-39  7.12534e-30  1.42723e-38 -1.85304e-29 -4.72189e-38  4.37923e-29  1.44872e-37 -9.37646e-29 -4.16528e-37  1.81182e-28  1.11937e-36 -3.14361e-28 -2.81192e-36  4.86535e-28  6.60115e-36 -6.65788e-28 -1.44772e-35  7.95763e-28  2.96446e-35  -8.1596e-28  -5.6631e-35  6.97408e-28  1.00828e-34  -4.7087e-28 -1.67104e-34  2.19738e-28  2.57413e-34  -3.3169e-29 -3.67908e-34 -4.77116e-29  4.86868e-34  4.58508e-29  -5.9509e-34 -1.55251e-29  6.69897e-34 -3.91039e-30   -6.922e-34  5.88402e-30  6.53946e-34 -1.53121e-30 -5.62232e-34 -7.33297e-31  4.37461e-34  5.16164e-31 -3.05983e-34  5.08684e-33   1.9081e-34 -7.95902e-32 -1.04985e-34  8.07959e-33   5.0278e-35  1.03772e-32 -2.05745e-35  -2.2351e-33  7.00358e-36 -5.13552e-34 -1.90025e-36  2.83401e-36  3.80095e-37  1.02416e-34 -4.68376e-38 -2.02214e-35  1.95682e-39  1.70323e-36 -5.37474e-40 -9.71608e-37  6.41453e-40  2.45971e-37 -2.51829e-40 -2.28761e-38  5.29861e-41    2.218e-39 -6.49232e-42 -2.27393e-40  4.41984e-43  6.55784e-42 -1.41735e-44 -1.99867e-44
 4.50604e-36  8.28801e-49 -2.39482e-35 -8.98815e-48  -1.0184e-34  5.77078e-47  4.28131e-34  2.81705e-46 -2.42576e-34 -2.27924e-45  6.98715e-35 -2.89359e-45 -5.76766e-35  1.88406e-43  7.18846e-35 -6.09912e-43 -7.36445e-35  3.22713e-42   2.2756e-35  -4.8756e-42   2.4575e-35  2.75811e-41  -3.6012e-37  7.15544e-42 -1.27858e-35  2.59509e-41  9.51035e-36  1.64328e-40 -5.35095e-36  -7.4913e-42  5.74729e-35  1.11675e-40 -3.59241e-34  4.47445e-40   2.0184e-33 -2.64385e-40 -1.03723e-32  4.51334e-40  4.87269e-32 -1.39927e-39 -2.09166e-31  1.25426e-39  8.20687e-31 -1.21345e-39 -2.94335e-30 -2.25812e-39  9.64525e-30  7.96198e-39 -2.88544e-29 -3.01173e-38  7.86931e-29  9.83662e-38  -1.9527e-28 -3.13232e-37  4.39712e-28  9.30822e-37 -8.95454e-28 -2.58794e-36  1.64184e-27   6.7279e-36 -2.69474e-27 -1.63529e-35   3.9291e-27  3.71521e-35 -5.03681e-27 -7.88614e-35  5.59377e-27  1.56299e-34 -5.26208e-27 -2.88996e-34  4.03391e-27  4.97972e-34 -2.32303e-27 -7.98596e-34  7.69054e-28  1.19007e-33  1.46844e-28 -1.64486e-33 -3.71918e-28  2.10395e-33  2.12579e-28  -2.4841e-33  -2.1715e-29  2.69904e-33 -4.54986e-29 -2.68915e-33  2.59992e-29  2.44663e-33  3.21147e-31 -2.02262e-33 -5.48418e-30  1.51034e-33  1.38716e-30 -1.01136e-33  6.24082e-31  6.01864e-34 -3.00259e-31 -3.14662e-34 -5.30695e-32   1.4231e-34  4.19871e-32 -5.44658e-35  1.88337e-33  1.70435e-35 -2.84196e-33 -4.09422e-36 -4.99332e-34  6.45958e-37  2.80735e-34 -2.44731e-38  -4.8424e-36 -1.64904e-38  4.38707e-37  3.31167e-39 -2.39206e-36  3.62143e-40  3.13772e-37 -2.81052e-40 -1.36697e-38  5.75521e-41  3.01902e-39 -5.81586e-42 -2.21439e-40  2.75933e-43  1.74085e-42 -4.31609e-45
 5.20634e-49  8.70644e-36  6.84127e-48 -2.58837e-35 -6.43458e-47 -1.66877e-34  2.81705e-46  5.24763e-34  1.12119e-45 -3.17275e-34 -1.19499e-44  1.07612e-34 -2.54854e-44 -6.49176e-35  8.64829e-43  6.60062e-35 -2.52975e-42 -5.96913e-35  1.24609e-41  1.85553e-35 -1.74757e-41  1.64945e-35  9.82887e-41  1.06065e-35  1.74929e-41 -1.47866e-35  9.16575e-41   3.2658e-35   4.8863e-40 -1.41902e-34  -6.2009e-41    9.053e-34  2.10637e-40 -5.33004e-33  1.03258e-39  2.87248e-32 -5.09183e-40 -1.41301e-31  7.92584e-40  6.34842e-31 -3.12971e-39 -2.60659e-30  2.47097e-39  9.78326e-30 -5.32892e-41 -3.35601e-29 -1.42686e-38  1.05152e-28  5.29293e-38 -3.00597e-28 -1.88058e-37  7.82698e-28  6.10045e-37 -1.85208e-27 -1.87523e-36  3.97072e-27  5.38829e-36 -7.68291e-27 -1.44826e-35  1.33483e-26  3.64079e-35 -2.06865e-26 -8.55914e-35  2.83436e-26  1.88114e-34 -3.39142e-26 -3.86331e-34  3.48023e-26  7.40868e-34 -2.97497e-26 -1.32549e-33  2.00572e-26  2.20988e-33 -9.29786e-27 -3.42859e-33  1.31035e-27  4.94189e-33  2.12627e-27 -6.60449e-33 -2.00078e-27  8.16466e-33  6.62966e-28 -9.31107e-33  1.83445e-28  9.76404e-33 -2.61867e-28  -9.3798e-33  6.61786e-29  8.21801e-33  3.36898e-29 -6.53224e-33 -2.29425e-29  4.68094e-33 -5.98485e-31 -3.00067e-33  3.75891e-30  1.70411e-33 -4.14664e-31 -8.46631e-34 -4.41288e-31  3.61665e-34  7.77091e-32 -1.29499e-34  3.59752e-32  3.72498e-35  -4.8035e-33 -7.88533e-36  -3.0471e-33  9.19935e-37  3.49734e-34   7.6327e-38  8.63194e-35  -5.8433e-38  9.01243e-36  1.06228e-38 -4.85876e-36 -1.66054e-40  1.01183e-37 -2.91876e-40 -6.55763e-39  5.62036e-41  4.57766e-39 -4.35678e-42 -1.06577e-40  1.18641e-43 -3.23846e-43
 3.75589e-36  8.59186e-48  9.69104e-36  3.89712e-47  -1.0209e-35 -4.01678e-46 -2.42576e-34  1.12119e-45  6.00101e-34   3.5143e-45  -3.8064e-34 -5.81322e-44  1.24303e-34 -1.37343e-43 -5.31869e-35  3.51677e-42  5.17181e-35 -9.24767e-42 -4.56133e-35  4.31331e-41  2.10944e-35 -5.54402e-41 -2.68813e-37  3.17534e-40  2.59916e-35   3.5074e-41 -4.66472e-35  3.01557e-40  3.19883e-34  1.31109e-39 -2.07195e-33 -2.23334e-40  1.28045e-32  2.56184e-40 -7.23265e-32  2.21282e-39   3.7267e-31 -7.82846e-40 -1.75277e-30   1.0437e-39  7.53157e-30 -5.79804e-39 -2.95818e-29  1.89554e-39   1.0621e-28  1.60748e-38  -3.4845e-28 -8.82154e-38  1.04368e-27   3.2093e-37 -2.85003e-27 -1.09235e-36  7.08157e-27  3.45146e-36 -1.59685e-26 -1.02426e-35  3.25658e-26  2.84297e-35 -5.97975e-26 -7.38246e-35  9.82902e-26  1.79347e-34  -1.4352e-25 -4.07546e-34  1.84233e-25  8.65976e-34 -2.04844e-25 -1.71971e-33  1.92844e-25  3.18938e-33 -1.47809e-25 -5.51883e-33  8.48903e-26  8.89927e-33 -2.76834e-26 -1.33534e-32  -5.9627e-27  1.86119e-32  1.40415e-26  -2.4046e-32 -7.91962e-27  2.87255e-32   7.3251e-28 -3.16378e-32  1.75825e-27   3.2017e-32 -9.85243e-28 -2.96524e-32 -2.20275e-29  2.50153e-32  2.13069e-28 -1.91158e-32  -5.2019e-29  1.31434e-32 -2.53352e-29 -8.06436e-33   1.1924e-29  4.36974e-33   2.0502e-30 -2.06264e-33 -1.58358e-30  8.32147e-34 -1.28381e-31  -2.7873e-34  1.34164e-31  7.36557e-35  1.29715e-32 -1.36549e-35 -8.58015e-33  1.03878e-36 -7.16637e-34  3.11869e-37  2.07258e-34 -1.29995e-37  5.20909e-35  2.08301e-38 -4.87736e-36 -7.31593e-40 -4.67951e-37 -2.99397e-40 -3.81484e-38  5.01969e-41   4.6125e-39 -2.70511e-42  3.44568e-41  2.73945e-44
-3.78124e-48  1.12844e-35  9.52396e-47  2.98238e-36   1.3966e-46  2.49781e-35 -2.27924e-45 -3.17275e-34   3.5143e-45  6.60438e-34  7.56089e-45  -4.2694e-34 -2.62054e-43  1.16676e-34 -5.48207e-43 -2.43411e-35  1.27936e-41  3.13621e-35 -2.98426e-41 -3.13477e-35  1.34812e-40  3.20194e-35 -1.56068e-40 -3.05626e-35  9.38979e-40  1.04801e-34  5.17102e-41 -5.94699e-34  9.26674e-40   4.3373e-33  3.20516e-39 -2.81624e-32  -5.7575e-40  1.66856e-31 -8.85996e-41 -9.00798e-31  4.42993e-39  4.43621e-30 -6.63887e-40 -1.99517e-29   5.1975e-43  8.20075e-29 -5.86001e-39 -3.08146e-28 -1.86605e-38  1.05832e-27  1.25713e-37 -3.32018e-27 -5.12237e-37  9.50394e-27  1.79859e-36 -2.47811e-26 -5.89144e-36  5.87243e-26   1.8005e-35 -1.26092e-25 -5.15426e-35  2.44356e-25  1.38049e-34 -4.25223e-25 -3.45996e-34  6.60048e-25  8.11498e-34  -9.0579e-25 -1.78077e-33  1.08541e-24  3.65498e-33 -1.11519e-24 -7.01273e-33  9.53925e-25  1.25685e-32 -6.42686e-25 -2.10207e-32   2.9633e-25  3.27666e-32 -3.90845e-26 -4.75294e-32 -7.09878e-26   6.4037e-32  6.56758e-26 -7.99592e-32 -2.13714e-26  9.22851e-32 -6.39292e-27 -9.81476e-32  8.76061e-27  9.58389e-32 -2.15746e-27 -8.55619e-32  -1.1645e-27  6.94918e-32  7.73826e-28 -5.10428e-32  2.74144e-29   3.3666e-32 -1.30395e-28 -1.97653e-32  1.40096e-29  1.02152e-32  1.52413e-29 -4.57955e-33 -2.50335e-30  1.74416e-33 -1.35623e-30  -5.4624e-34  1.95659e-31  1.32453e-34  9.80802e-32 -2.13247e-35 -8.24262e-33   7.4659e-37 -4.31239e-33  7.26996e-37 -6.39507e-35 -2.28534e-37  1.24017e-34  3.17892e-38   4.8191e-36 -1.05832e-39 -6.74733e-37  -3.0951e-40 -1.03059e-37  4.08333e-41  1.08137e-39  -1.3447e-42  4.78886e-41
-1.42017e-35 -5.20015e-47  2.29988e-35  8.26814e-46 -1.37452e-35  9.02746e-47  6.98715e-35 -1.19499e-44  -3.8064e-34  7.56089e-45  7.14652e-34  3.25157e-45 -4.57121e-34  -1.0914e-42  9.23456e-35 -1.63237e-42  1.53451e-35  4.20033e-41  5.97159e-36 -8.47751e-41 -1.62363e-35  3.82656e-40  6.28876e-35 -3.88976e-40 -1.77947e-34  2.56211e-39  1.13168e-33  2.70497e-41 -8.29592e-33  2.66077e-39   5.7042e-32  7.19436e-39 -3.54733e-31 -1.13589e-39  2.00743e-30 -1.68408e-39 -1.03546e-29  8.17322e-39  4.87518e-29  1.74023e-39 -2.09715e-28 -9.05385e-39  8.24655e-28  2.29188e-38 -2.96449e-27 -1.69251e-37  9.73848e-27  7.55662e-37 -2.92091e-26 -2.78628e-36  7.98782e-26   9.4114e-36 -1.98778e-25 -2.96737e-35  4.48947e-25  8.74336e-35 -9.17086e-25 -2.41131e-34  1.68684e-24  6.22336e-34 -2.77753e-24  -1.5034e-33  4.06278e-24   3.3995e-33 -5.22421e-24 -7.19432e-33  5.81784e-24  1.42449e-32 -5.48389e-24 -2.63755e-32  4.20528e-24  4.56332e-32 -2.41105e-24 -7.36995e-32  7.76208e-25  1.10965e-31  1.84725e-25 -1.55503e-31 -4.11184e-25  2.02425e-31  2.29524e-25 -2.44192e-31 -1.93483e-26   2.7222e-31 -5.26323e-26 -2.79509e-31  2.90528e-26  2.63318e-31  9.03232e-28 -2.26577e-31 -6.44026e-27  1.77134e-31  1.53541e-27 -1.25031e-31  7.86874e-28  7.90841e-32 -3.63532e-28 -4.44105e-32 -6.46292e-29  2.18816e-32  4.85481e-29 -9.31163e-33    4.469e-30  3.34582e-33 -4.31831e-30 -9.78979e-34 -3.84105e-31  2.17461e-34   2.5708e-31 -3.00662e-35  2.88038e-32 -2.37049e-37 -7.98429e-33  1.32424e-36 -1.41395e-33 -3.39718e-37  1.03085e-34  4.04785e-38  2.30118e-35 -9.93049e-40  5.79423e-37 -3.09005e-40 -1.09256e-37  2.92186e-41 -2.52359e-39 -4.74053e-43
 3.44977e-47 -3.46002e-35 -4.94427e-46  3.85361e-35  5.92122e-45 -3.70832e-35 -2.89359e-45  1.07612e-34 -5.81322e-44  -4.2694e-34  3.25157e-45  7.69338e-34 -6.08283e-44 -4.78727e-34 -4.18781e-42  6.36194e-35 -3.03199e-42  6.03644e-35  1.25504e-40 -2.31292e-35 -2.09796e-40 -1.68138e-35  9.91056e-40  2.83182e-34 -8.49769e-40 -1.92904e-33  6.49539e-39  1.48603e-32 -1.55694e-40 -1.06847e-31  7.13462e-39   6.9823e-31  1.49283e-38 -4.14393e-30 -1.63248e-39  2.23962e-29 -6.11784e-39 -1.10413e-28  1.28167e-38  4.97138e-28  1.56656e-38 -2.04582e-27 -6.37978e-38  7.69695e-27  2.34085e-37 -2.64705e-26 -1.05096e-36  8.31616e-26  4.09886e-36 -2.38406e-25 -1.43035e-35  6.22613e-25  4.64228e-35 -1.47787e-24 -1.40731e-34  3.17876e-24  3.98896e-34 -6.17132e-24 -1.05804e-33  1.07592e-23  2.62662e-33 -1.67328e-23 -6.10454e-33  2.30065e-23  1.32834e-32 -2.76199e-23 -2.70608e-32  2.84257e-23  5.15984e-32 -2.43456e-23 -9.20441e-32  1.64042e-23  1.53501e-31 -7.53392e-24 -2.39083e-31  9.34435e-25  3.47323e-31  1.88038e-24 -4.69818e-31 -1.71733e-24  5.90509e-31  5.50946e-25 -6.87893e-31  1.75608e-25  7.40451e-31 -2.33459e-25 -7.33849e-31  5.63569e-26   6.6688e-31  3.19366e-26 -5.52989e-31 -2.08675e-26  4.16063e-31 -8.75673e-28 -2.82151e-31  3.59049e-27  1.71085e-31 -3.73376e-28 -9.18525e-32 -4.25273e-28  4.31205e-32   6.7922e-29 -1.74059e-32  3.88682e-29  5.89579e-33 -5.58475e-30 -1.61012e-33 -2.76789e-30  3.26995e-34  2.11886e-31 -3.82686e-35  1.31212e-31 -2.07955e-36  7.07451e-34  2.03869e-36 -3.35415e-33 -4.39875e-37 -1.95276e-34  4.43535e-38  2.56234e-35 -6.14942e-40  2.64009e-36  -2.7704e-40  -7.5157e-39  1.70805e-41 -1.86215e-39
 4.86841e-36  4.35462e-46 -5.80928e-35 -3.74175e-45   5.5129e-35  3.59448e-44 -5.76766e-35 -2.54854e-44  1.24303e-34 -2.62054e-43 -4.57121e-34 -6.08283e-44  8.30296e-34 -3.22288e-43 -5.02477e-34 -1.47763e-41  4.02027e-35  1.80205e-42  1.06932e-34  3.44238e-40 -3.08981e-35 -4.40235e-40 -2.85295e-34  2.35111e-39  3.01639e-33 -1.58478e-39 -2.46144e-32  1.53904e-38  1.86118e-31 -7.56608e-40 -1.27718e-30  1.78509e-38  7.95429e-30  2.88422e-38 -4.50626e-29  -1.2768e-39  2.32692e-28   -1.466e-38 -1.09682e-27  9.30455e-39  4.72388e-27  9.06997e-38 -1.85997e-26 -3.72995e-37  6.69544e-26  1.46017e-36 -2.20269e-25  -5.7711e-36  6.61683e-25  2.09561e-35 -1.81246e-24 -6.99511e-35  4.51809e-24  2.17898e-34 -1.02227e-23 -6.34121e-34  2.09219e-23  1.72547e-33 -3.85585e-23 -4.39268e-33  6.36193e-23  1.04664e-32 -9.32517e-23 -2.33482e-32   1.2016e-22  4.87735e-32 -1.34083e-22 -9.54153e-32  1.26613e-22  1.74787e-31 -9.72077e-23 -2.99717e-31  5.56974e-23  4.80805e-31 -1.77479e-23 -7.20904e-31 -4.58084e-24  1.00895e-30  9.77329e-24  -1.3158e-30   -5.416e-24  1.59541e-30  4.20938e-25  -1.7936e-30  1.27751e-24  1.86346e-30 -6.98071e-25 -1.78223e-30 -2.64836e-26  1.56206e-30  1.58242e-25 -1.24809e-30 -3.71666e-26  9.03587e-31  -1.9753e-26 -5.88547e-31  9.02551e-27   3.4198e-31  1.65676e-27 -1.75438e-31 -1.22361e-27  7.84175e-32  -1.1845e-28  -3.0001e-32  1.11101e-28  9.57079e-33  1.00066e-29 -2.43697e-33 -6.61667e-30  4.51604e-34 -7.87248e-31 -4.39509e-35  2.15483e-31 -4.67672e-36  3.65901e-32   2.7367e-36 -2.46709e-33 -5.03607e-37 -6.60552e-34  4.25085e-38 -1.24504e-35 -1.67436e-40    2.715e-36 -2.07829e-40  8.02391e-38  6.94315e-42
-7.26827e-47  1.54318e-35  3.78387e-45 -7.75333e-35 -2.37153e-44  6.77635e-35  1.88406e-43 -6.49176e-35 -1.37343e-43  1.16676e-34  -1.0914e-42 -4.78727e-34 -3.22288e-43  9.04676e-34 -8.23364e-43 -5.37027e-34 -4.78949e-41  2.78703e-35  4.73415e-41  1.24363e-34  8.74996e-40   3.3067e-34 -7.26161e-40 -4.19906e-33   5.1247e-39   3.7879e-32 -2.34351e-39  -3.0186e-31  3.42572e-38    2.178e-30 -2.24228e-39 -1.42416e-29  4.16277e-38  8.46138e-29  5.24694e-38 -4.57805e-28  2.10083e-40   2.2596e-27 -1.94266e-38 -1.01865e-26 -6.23016e-38  4.19748e-26  5.00981e-37 -1.58143e-25 -2.06603e-36  5.44679e-25  8.03605e-36 -1.71392e-24 -2.98131e-35  4.92166e-24   1.0278e-34 -1.28761e-23 -3.28791e-34  3.06206e-23  9.81844e-34 -6.59917e-23 -2.73858e-33  1.28382e-22  7.13953e-33 -2.24306e-22 -1.74071e-32  3.49616e-22  3.97099e-32 -4.81791e-22 -8.47964e-32  5.79719e-22  1.69559e-31 -5.97935e-22 -3.17576e-31  5.13073e-22  5.57198e-31 -3.46056e-22 -9.15732e-31  1.58563e-22  1.40917e-30 -1.86364e-23 -2.02896e-30 -4.10062e-23  2.73007e-30  3.71183e-23 -3.42693e-30 -1.17914e-23   4.0036e-30 -3.94861e-24 -4.34026e-30  5.14299e-24  4.35032e-30 -1.22556e-24 -4.01418e-30 -7.20613e-25  3.39293e-30  4.66483e-25 -2.61194e-30  2.15978e-26   1.8193e-30 -8.17271e-26 -1.13786e-30  8.33662e-27  6.33286e-31  9.82852e-27 -3.10234e-31 -1.55476e-27  1.31923e-31 -9.13355e-28 -4.77902e-32  1.30719e-28  1.43442e-32  6.56664e-29 -3.40197e-33 -4.92796e-30  5.74382e-34 -3.18405e-30 -4.55641e-35 -1.48149e-32 -7.56877e-36  8.08416e-32  3.24895e-36  5.05892e-33  -5.1343e-37 -6.57181e-34  3.59284e-38 -6.40942e-35  1.26021e-40  4.31876e-38  -1.2076e-40  4.99207e-38
 1.28541e-36 -8.60845e-46  2.82734e-35  2.60283e-44 -8.67953e-35 -1.28962e-43  7.18846e-35  8.64829e-43 -5.31869e-35 -5.48207e-43  9.23456e-35 -4.18781e-42 -5.02477e-34 -8.23364e-43  9.99796e-34  2.11106e-43 -5.87383e-34  -1.4257e-40  6.27839e-35   2.6488e-40 -3.26815e-34  2.08351e-39  5.63442e-33 -6.73901e-40  -5.4114e-32  1.02865e-38  4.57025e-31 -1.99537e-39 -3.47073e-30   7.1943e-38  2.38455e-29 -5.24062e-39 -1.48659e-28  9.02252e-38  8.43118e-28  9.23612e-38 -4.35879e-27 -7.46998e-39  2.05715e-26  5.00165e-38 -8.87185e-26 -5.52155e-37  3.49818e-25  2.74684e-36 -1.26118e-24 -1.10931e-35  4.15581e-24  4.18687e-35 -1.25054e-23 -1.48126e-34  3.43169e-23  4.87952e-34   -8.571e-23 -1.49591e-33  1.94324e-22  4.27864e-33 -3.98558e-22 -1.14233e-32  7.36181e-22  2.84853e-32  -1.2175e-21 -6.63787e-32  1.78893e-21  1.44627e-31 -2.31085e-21 -2.94794e-31  2.58503e-21  5.62447e-31 -2.44677e-21 -1.00501e-30  1.88217e-21  1.68264e-30 -1.07902e-21 -2.64043e-30   3.4134e-22  3.88363e-30   9.3902e-23 -5.35197e-30 -1.94398e-22  6.90386e-30  1.07301e-22 -8.32262e-30 -7.82803e-24  9.35323e-30 -2.59246e-23 -9.76749e-30  1.40957e-23  9.43959e-30  6.00497e-25 -8.40153e-30 -3.25805e-24  6.84792e-30  7.60656e-25 -5.07906e-30  4.13898e-25   3.4033e-30 -1.88649e-25  -2.0433e-30 -3.53113e-26  1.08873e-30  2.59854e-26 -5.08919e-31  2.56903e-27  2.05682e-31 -2.39807e-27 -7.04737e-32 -2.18508e-28  1.98802e-32  1.44703e-28 -4.38798e-33  1.74938e-29  6.74656e-34 -4.80543e-30 -4.28042e-35 -8.17631e-31 -1.00227e-35  5.46562e-32  3.43033e-36  1.51863e-32 -4.66729e-37  2.75516e-34  2.68018e-38 -6.16676e-35  1.99602e-40 -1.92154e-36 -4.67841e-41
 5.22907e-46  1.53758e-36 -7.11317e-45  3.68052e-35  1.49772e-43 -8.43709e-35 -6.09912e-43  6.60062e-35  3.51677e-42 -2.43411e-35 -1.63237e-42  6.36194e-35 -1.47763e-41 -5.37027e-34  2.11106e-43  1.12198e-33  1.46021e-41 -6.90826e-34  -3.8977e-40  6.65423e-34  1.06735e-39 -7.01751e-33  4.70459e-39  7.25138e-32  1.06041e-39 -6.46959e-31  1.90374e-38  5.17879e-30  2.58675e-39 -3.74154e-29   1.4304e-37  2.44916e-28 -9.98374e-39 -1.45674e-27  1.80012e-37  7.89117e-27  1.70652e-37 -3.89984e-26 -1.09259e-37  1.76049e-25  6.30325e-37 -7.26491e-25 -3.41377e-36  2.74136e-24  1.48391e-35 -9.45745e-24 -5.79449e-35  2.98117e-23  2.10638e-34 -8.57666e-23 -7.13863e-34  2.24827e-22  2.25247e-33 -5.35783e-22 -6.61757e-33  1.15725e-21   1.8123e-32 -2.25659e-21 -4.62833e-32  3.95231e-21  1.10275e-31 -6.17608e-21  -2.4524e-31   8.5336e-21  5.09318e-31  -1.0296e-20 -9.88406e-31  1.06484e-20  1.79368e-30  -9.1604e-21 -3.04635e-30  6.19051e-21  4.84658e-30 -2.83494e-21 -7.22921e-30  3.19234e-22  1.01168e-29  7.55368e-22 -1.32865e-29 -6.80443e-22  1.63688e-29  2.15077e-22 -1.88926e-29  7.45996e-23  2.03793e-29  -9.6106e-23 -2.04723e-29  2.27866e-23  1.90636e-29  1.37247e-23 -1.63626e-29 -8.87016e-24  1.28619e-29 -4.29097e-25 -9.19202e-30  1.57897e-24  5.92508e-30 -1.60978e-25 -3.41399e-30 -1.92651e-25  1.74048e-30  3.06371e-26 -7.75605e-31  1.81669e-26  2.97569e-31 -2.62401e-27 -9.63061e-32 -1.32466e-27  2.55026e-32   1.0055e-28 -5.23596e-33  6.53238e-29  7.34002e-34   2.7488e-31 -3.69065e-35 -1.68187e-30 -1.12917e-35 -1.06609e-31  3.22057e-36  1.40025e-32 -3.76692e-37  1.36117e-33  1.74856e-38 -5.25868e-37  1.34777e-40  -1.0923e-36
-5.21343e-37  5.98996e-45  3.57922e-36 -4.66667e-44  3.70904e-35  7.42318e-43 -7.36445e-35 -2.52975e-42  5.17181e-35  1.27936e-41  1.53451e-35 -3.03199e-42  4.02027e-35 -4.78949e-41 -5.87383e-34  1.46021e-41  1.31155e-33  9.39418e-41 -1.41827e-33 -9.78734e-40  8.64643e-33  3.57975e-39 -9.08364e-32  1.02021e-38  8.58391e-31  7.94761e-39 -7.24731e-30  3.24736e-38  5.51121e-29  1.83539e-38 -3.79058e-28  2.69773e-37  2.36582e-27 -1.32572e-38 -1.34339e-26  3.18424e-37  6.95414e-26  4.01151e-37 -3.28658e-25 -8.35828e-37   1.4195e-24  4.19695e-36 -5.60594e-24 -1.91753e-35  2.02449e-23  7.82459e-35 -6.68299e-23 -2.94158e-34  2.01485e-22   1.0281e-33 -5.54026e-22 -3.34384e-33  1.38671e-21  1.01201e-32 -3.15115e-21 -2.85067e-32  6.47858e-21  7.47737e-32 -1.19971e-20 -1.82679e-31  1.98939e-20  4.15783e-31 -2.93127e-20 -8.81876e-31  3.79749e-20   1.7437e-30  -4.2607e-20 -3.21588e-30  4.04481e-20  5.53639e-30 -3.12002e-20 -8.90664e-30  1.79193e-20  1.34075e-29 -5.64691e-21 -1.89152e-29 -1.62794e-21  2.50497e-29  3.30744e-21 -3.11814e-29 -1.82468e-21  3.65052e-29  1.28085e-22  -4.0173e-29  4.49577e-22  4.14685e-29 -2.44552e-22 -3.99995e-29 -1.09647e-23  3.58591e-29  5.74548e-23 -2.96786e-29 -1.34619e-23  2.25036e-29 -7.40091e-24 -1.55015e-29  3.39568e-24  9.61319e-30  6.38569e-25 -5.31448e-30 -4.74885e-25  2.59051e-30 -4.68691e-26 -1.09926e-30  4.45188e-26  3.99753e-31  4.03386e-27 -1.22004e-31 -2.73021e-27  3.02869e-32  -3.2954e-28 -5.78338e-33  9.23785e-29  7.42007e-34  1.57037e-29 -3.01277e-35 -1.07295e-30 -1.09419e-35 -2.97965e-31  2.67378e-36 -5.30607e-33 -2.67008e-37  1.22948e-33  9.73165e-39  3.86188e-35  4.90474e-41
 6.38332e-46 -1.72445e-36   4.7241e-44   9.3292e-36 -2.55351e-43  3.06701e-35  3.22713e-42 -5.96913e-35 -9.24767e-42  3.13621e-35  4.20033e-41  6.03644e-35  1.80205e-42  2.78703e-35  -1.4257e-40 -6.90826e-34  9.39418e-41  2.15924e-33  4.18795e-40 -1.02827e-32 -2.25666e-39  1.07168e-31  1.05198e-38 -1.06815e-30  2.14858e-38  9.52532e-30  2.75151e-38 -7.63147e-29  5.08757e-38  5.51961e-28  5.88555e-38 -3.61719e-27  4.81608e-37  2.15411e-26  8.39514e-39 -1.16841e-25  4.15791e-37  5.78241e-25  1.42726e-36 -2.61425e-24 -5.21452e-36  1.08054e-23  2.41439e-35  -4.0843e-23 -1.02539e-34  1.41162e-22  4.00096e-34 -4.45833e-22 -1.44713e-33  1.28529e-21  4.86401e-33 -3.37666e-21 -1.52016e-32  8.06565e-21  4.41831e-32 -1.74642e-20 -1.19437e-31  3.41439e-20  3.00329e-31 -5.99672e-20 -7.02452e-31  9.39812e-20  1.52819e-30 -1.30253e-19 -3.09227e-30  1.57655e-19  5.82043e-30 -1.63585e-19  -1.0194e-29  1.41186e-19  1.66232e-29 -9.56957e-20  -2.5266e-29  4.38854e-20  3.58527e-29 -4.80343e-21 -4.76038e-29 -1.19769e-20  5.93028e-29  1.07816e-20 -6.95108e-29 -3.40887e-21  7.68377e-29 -1.20684e-21 -8.01758e-29  1.55253e-21  7.88716e-29 -3.69414e-22 -7.28688e-29  -2.2482e-22  6.28298e-29  1.46229e-22 -5.01448e-29  7.02192e-24  3.66975e-29 -2.63903e-23 -2.43798e-29  2.74555e-24  1.45501e-29   3.2625e-24 -7.71586e-30 -5.29411e-25  3.59296e-30 -3.11954e-25 -1.44965e-30  4.61897e-26  4.98685e-31  2.31039e-26 -1.43211e-31 -1.81813e-27  3.32724e-32 -1.16026e-27 -5.91125e-33  -3.1399e-30  6.99159e-34  3.04697e-29 -2.46593e-35  1.91668e-30 -9.06463e-36 -2.59861e-31  1.93923e-36 -2.51335e-32 -1.62965e-37  1.78381e-35  4.37732e-39  2.06371e-35
-8.04898e-37  5.94206e-45 -4.48025e-36  2.94633e-43  1.75439e-35 -1.19618e-42   2.2756e-35  1.24609e-41 -4.56133e-35 -2.98426e-41  5.97159e-36  1.25504e-40  1.06932e-34  4.73415e-41  6.27839e-35  -3.8977e-40 -1.41827e-33  4.18795e-40  1.14277e-32  1.52976e-39 -1.18776e-31 -4.77206e-39  1.24858e-30  2.77848e-38 -1.17694e-29  4.42541e-38  9.94567e-29  7.40297e-38 -7.57117e-28  7.23138e-38  5.21341e-27  1.49466e-37 -3.25787e-26  8.00474e-37  1.85238e-25  1.94124e-37 -9.60252e-25 -2.15449e-37  4.54511e-24  6.83179e-36 -1.96626e-23 -2.96167e-35   7.7787e-23  1.29937e-34 -2.81435e-22 -5.26403e-34  9.30874e-22  1.97435e-33 -2.81239e-21  -6.8743e-33  7.75062e-21  2.22379e-32 -1.94459e-20 -6.68608e-32  4.43006e-20  1.86846e-31 -9.13247e-20 -4.85286e-31  1.69598e-19  1.17122e-30 -2.82083e-19 -2.62584e-30  4.16961e-19  5.46677e-30 -5.41989e-19 -1.05647e-29  6.10234e-19   1.8946e-29 -5.81412e-19 -3.15247e-29  4.50105e-19  4.86811e-29 -2.59341e-19 -6.98201e-29  8.17233e-20  9.31531e-29  2.42741e-20 -1.15916e-28 -4.89282e-20  1.35034e-28  2.70792e-20 -1.47951e-28 -1.88587e-21  1.53198e-28 -6.77236e-21 -1.50457e-28  3.70658e-21  1.40256e-28  1.64647e-22 -1.23698e-28 -8.82177e-22  1.02459e-28  2.09548e-22 -7.88819e-29   1.1478e-22  5.57767e-29 -5.35259e-23 -3.57754e-29 -9.95111e-24  2.05595e-29   7.5918e-24 -1.04561e-29  7.30721e-25  4.64624e-30 -7.23005e-25 -1.77879e-30 -6.37857e-26  5.77236e-31  4.51433e-26 -1.55507e-31  5.35968e-27  3.37369e-32 -1.56107e-27 -5.58173e-33 -2.62399e-28  6.15907e-34  1.87606e-29 -2.16389e-35  5.10475e-30 -6.24389e-36  8.67301e-32  1.20157e-36 -2.15932e-32 -8.28303e-38 -6.74482e-34  1.38721e-39
 9.51489e-46 -1.69264e-36  3.72818e-44 -8.06773e-36  1.53776e-42  2.41107e-35  -4.8756e-42  1.85553e-35  4.31331e-41 -3.13477e-35 -8.47751e-41 -2.31292e-35  3.44238e-40  1.24363e-34   2.6488e-40  6.65423e-34 -9.78734e-40 -1.02827e-32  1.52976e-39  1.23561e-31   4.8541e-39 -1.37124e-30  -9.2293e-39  1.36827e-29  6.69525e-38 -1.22099e-28  8.92208e-38  9.79272e-28  1.71735e-37 -7.09096e-27  8.89069e-38  4.65272e-26  3.45731e-37 -2.77449e-25  1.14403e-36  1.50706e-24   1.3342e-36 -7.46986e-24 -5.57461e-36   3.3827e-23  3.57861e-35 -1.40061e-22 -1.58476e-34  5.30408e-22  6.66085e-34 -1.83688e-21 -2.59324e-33  5.81385e-21  9.36672e-33  -1.6799e-20 -3.14189e-32  4.42407e-20  9.79081e-32 -1.05949e-19 -2.83482e-31  2.30039e-19  7.62548e-31 -4.51061e-19 -1.90512e-30  7.94664e-19  4.41877e-30 -1.24951e-18 -9.50927e-30  1.73781e-18  1.89737e-29 -2.11116e-18 -3.50728e-29  2.19906e-18  6.00154e-29 -1.90561e-18 -9.50014e-29  1.29688e-18  1.39058e-28 -5.96833e-19 -1.88242e-28  6.46219e-20  2.35906e-28  1.65812e-19 -2.74353e-28 -1.49806e-19  2.97352e-28  4.76499e-20 -3.02259e-28  1.69559e-20  2.90459e-28 -2.19964e-20 -2.65938e-28  5.30077e-21  2.33083e-28  3.21245e-21 -1.95309e-28  -2.1206e-21  1.55184e-28 -9.55382e-23 -1.15354e-28  3.87118e-22  7.89586e-29 -4.19801e-23 -4.89842e-29 -4.84167e-23  2.71342e-29  8.13904e-24 -1.32327e-29   4.6914e-24  5.60257e-30 -7.23726e-25 -2.02942e-30 -3.53304e-25  6.18743e-31  2.95079e-26 -1.55667e-31  1.81105e-26  3.14333e-32 -2.35697e-30 -4.85224e-33  -4.8698e-28   5.0902e-34 -2.99125e-29 -2.08533e-35  4.27918e-30 -3.29741e-36  4.07785e-31  6.10776e-37 -5.83572e-34 -3.30443e-38 -3.44654e-34
 7.06469e-37  9.33977e-45 -2.66595e-36  1.82021e-43 -1.00245e-35  6.93354e-42   2.4575e-35 -1.74757e-41  2.10944e-35  1.34812e-40 -1.62363e-35 -2.09796e-40 -3.08981e-35  8.74996e-40 -3.26815e-34  1.06735e-39  8.64643e-33 -2.25666e-39 -1.18776e-31   4.8541e-39  1.41545e-30  1.37722e-38 -1.49741e-29 -1.62307e-38  1.41298e-28  1.48666e-37 -1.19528e-27  1.75074e-37  9.10971e-27  3.59252e-37 -6.28067e-26  7.03889e-38  3.93008e-25  8.29377e-37 -2.23782e-24  7.77518e-37  1.16186e-23  7.75764e-36 -5.50847e-23 -3.70332e-35  2.38725e-22  1.86198e-34 -9.46213e-22 -8.06805e-34  3.43037e-21  3.26218e-33 -1.13709e-20 -1.22342e-32  3.44338e-20  4.25957e-32 -9.51301e-20 -1.37749e-31  2.39305e-19  4.13826e-31 -5.46704e-19 -1.15487e-30  1.13039e-18  2.99309e-30 -2.10592e-18 -7.20064e-30  3.51453e-18  1.60693e-29 -5.21374e-18 -3.32373e-29  6.80309e-18  6.36511e-29  -7.6909e-18 -1.12725e-28  7.35927e-18  1.84378e-28 -5.72315e-18 -2.78168e-28  3.31306e-18  3.86635e-28 -1.04832e-18 -4.94709e-28 -3.15261e-19  5.82716e-28  6.37366e-19 -6.32783e-28 -3.55252e-19  6.35911e-28  2.53943e-20 -5.95653e-28  8.97387e-20  5.25808e-28  -4.9715e-20 -4.43389e-28 -2.04597e-21  3.61387e-28  1.19438e-20 -2.85754e-28 -2.90656e-21  2.17411e-28 -1.56311e-21 -1.56328e-28  7.48448e-22  1.03928e-28  1.35155e-22 -6.25477e-29 -1.07531e-22  3.34531e-29 -9.83028e-24 -1.56421e-29  1.04047e-23  6.29661e-30  8.72023e-25 -2.14878e-30 -6.62487e-25  6.11712e-31 -7.61379e-26 -1.42716e-31  2.34957e-26  2.66938e-32  3.85939e-27 -3.86178e-33 -2.95263e-28  3.97215e-34 -7.74022e-29  -2.1174e-35  -1.2029e-30 -9.42523e-37  3.37892e-31  2.35188e-37  1.03944e-32  -9.0316e-39
 7.00552e-45  1.29447e-36  6.34176e-44 -4.09907e-36  7.31035e-43 -7.72648e-36  2.75811e-41  1.64945e-35 -5.54402e-41  3.20194e-35  3.82656e-40 -1.68138e-35 -4.40235e-40   3.3067e-34  2.08351e-39 -7.01751e-33  3.57975e-39  1.07168e-31 -4.77206e-39 -1.37124e-30  1.37722e-38  1.54314e-29  3.55436e-38  -1.5421e-28 -2.56556e-38  1.37761e-27  3.06435e-37 -1.10617e-26  3.30244e-37  8.01993e-26  7.03162e-37 -5.26938e-25 -1.25093e-37  3.14678e-24  2.43829e-36 -1.71196e-23 -4.61519e-36  8.49962e-23  4.21586e-35 -3.85592e-22 -2.02645e-34  1.59962e-21  9.34017e-34 -6.07016e-21 -3.91613e-33   2.1068e-20  1.52572e-32 -6.68383e-20 -5.51717e-32  1.93612e-19  1.85282e-31 -5.11249e-19 -5.78016e-31  1.22785e-18  1.67514e-30 -2.67407e-18 -4.50901e-30  5.26037e-18   1.1268e-29  -9.2997e-18 -2.61254e-29  1.46768e-17  5.61507e-29  -2.0493e-17 -1.11748e-28  2.50008e-17  2.05656e-28 -2.61593e-17 -3.49447e-28  2.27785e-17   5.4726e-28 -1.55833e-17 -7.88396e-28  7.21309e-18  1.04273e-27 -7.88079e-19 -1.26379e-27  -2.0267e-18  1.40174e-27  1.84608e-18 -1.42256e-27 -5.94299e-19  1.32384e-27 -2.09118e-19 -1.13685e-27  2.76429e-19  9.12391e-28 -6.81096e-20 -6.98043e-28 -4.04775e-20  5.20871e-28  2.73622e-20 -3.84614e-28  1.07547e-21  2.79548e-28  -5.0401e-21 -1.95158e-28  5.81462e-22  1.26744e-28  6.36639e-22 -7.43675e-29 -1.12554e-22  3.85081e-29 -6.24707e-23  -1.7262e-29  1.02053e-23  6.58499e-30  4.78889e-24 -2.10284e-30 -4.33981e-25  5.53341e-31 -2.51207e-25 -1.18336e-31  1.11738e-27  2.03634e-32  6.94277e-27 -2.79564e-33   4.0925e-28  2.97169e-34 -6.32644e-29 -2.12598e-35 -5.87649e-30  4.42698e-37  1.51583e-32  5.64029e-38  5.15239e-33
 5.23415e-38  7.56859e-44  1.61834e-36  3.46339e-43 -6.55413e-36  2.47807e-42  -3.6012e-37  9.82887e-41 -2.68813e-37 -1.56068e-40  6.28876e-35  9.91056e-40 -2.85295e-34 -7.26161e-40  5.63442e-33  4.70459e-39 -9.08364e-32  1.05198e-38  1.24858e-30  -9.2293e-39 -1.49741e-29  3.55436e-38  1.58767e-28  8.44034e-38 -1.49985e-27 -3.56089e-38  1.27025e-26  5.90283e-37  -9.6933e-26  5.84065e-37  6.69211e-25  1.37217e-36 -4.19366e-24 -1.23909e-36  2.39165e-23   9.4752e-36 -1.24382e-22 -3.77901e-35  5.90774e-22  2.17831e-34 -2.56525e-21 -1.02139e-33  1.01887e-20  4.47878e-33   -3.702e-20 -1.81227e-32  1.23004e-19  6.80865e-32 -3.73432e-19 -2.37531e-31  1.03448e-18  7.69794e-31 -2.60984e-18 -2.31784e-30  5.98078e-18  6.48337e-30 -1.24071e-17 -1.68416e-29  2.31962e-17  4.06056e-29 -3.88581e-17 -9.07934e-29  5.78786e-17  1.88074e-28 -7.58502e-17 -3.60442e-28   8.6149e-17  6.38088e-28 -8.28506e-17 -1.04146e-27  6.47877e-17  1.56377e-27 -3.77405e-17 -2.15473e-27  1.20447e-17   2.7171e-27  3.60031e-18 -3.12641e-27 -7.38452e-18  3.27322e-27   4.1622e-18 -3.11108e-27 -3.15864e-19  2.68296e-27 -1.05635e-18 -2.10643e-27  5.96127e-19  1.52256e-27  2.07829e-20 -1.03788e-27 -1.44016e-19  6.92764e-28  3.62907e-20 -4.69424e-28  1.88694e-20  3.24778e-28 -9.37805e-21 -2.21784e-28 -1.61257e-21  1.42201e-28  1.36306e-21 -8.20345e-29  1.14609e-22  4.13058e-29 -1.34016e-22 -1.77471e-29 -1.03539e-23  6.38098e-30  8.71536e-24 -1.88505e-30  9.52094e-25  4.50392e-31 -3.18116e-25  -8.6489e-32 -5.04294e-26  1.35901e-32  4.21853e-27 -1.83927e-33  1.04919e-27  2.19902e-34  1.40453e-29 -2.00525e-35 -4.75881e-30  8.81354e-37 -1.42687e-31  2.77108e-39
 1.51477e-44  7.87614e-37  5.34714e-43  1.84505e-36  1.62465e-42 -9.90185e-36  7.15544e-42  1.06065e-35  3.17534e-40 -3.05626e-35 -3.88976e-40  2.83182e-34  2.35111e-39 -4.19906e-33 -6.73901e-40  7.25138e-32  1.02021e-38 -1.06815e-30  2.77848e-38  1.36827e-29 -1.62307e-38  -1.5421e-28  8.44034e-38  1.54292e-27   1.8597e-37 -1.37996e-26 -4.14036e-38  1.10947e-25  1.07325e-36 -8.05478e-25  9.01618e-37  5.30006e-24  3.05258e-36  -3.1701e-23 -7.16836e-36  1.72757e-22  4.38138e-35 -8.59277e-22 -2.11425e-34   3.9058e-21  1.07225e-33  -1.6237e-20 -4.86112e-33  6.17537e-20  2.04779e-32 -2.14846e-19 -7.99324e-32   6.8335e-19  2.89729e-31 -1.98491e-18 -9.75561e-31  5.25674e-18   3.0523e-30 -1.26646e-17  -8.8739e-30  2.76743e-17  2.39674e-29 -5.46361e-17 -6.01101e-29  9.69621e-17  1.39889e-28 -1.53658e-16 -3.01797e-28  2.15502e-16  6.02843e-28 -2.64164e-16 -1.11325e-27  2.77841e-16  1.89704e-27 -2.43315e-16 -2.97657e-27  1.67536e-16  4.28939e-27 -7.81847e-17 -5.66004e-27  8.80135e-18  6.81547e-27  2.20637e-17  -7.4598e-27 -2.03599e-17  7.38982e-27  6.67528e-18 -6.59557e-27  2.28206e-18   5.2824e-27 -3.10916e-18 -3.78992e-27  7.90821e-19   2.4483e-27  4.53514e-19 -1.45499e-27 -3.16987e-19  8.37252e-28 -9.70849e-21 -5.03199e-28  5.87598e-20  3.29081e-28  -7.3472e-21 -2.23515e-28 -7.48155e-21  1.44528e-28  1.41175e-21 -8.32423e-29   7.4283e-22  4.10552e-29 -1.30577e-22 -1.68923e-29 -5.80263e-23  5.66755e-30  5.82164e-24 -1.51554e-30  3.12343e-24  3.17145e-31  -3.2511e-26 -5.24286e-32 -8.90788e-26  7.54572e-33 -4.93745e-27 -1.13135e-33  8.47172e-28  1.67783e-34  7.58601e-29 -1.70244e-35 -3.20338e-31   6.9746e-37 -6.95524e-32
