   0.0104833 -1.85041e-19    -0.033828  3.65487e-18     0.007935 -5.26365e-18    0.0154074 -2.18924e-18    0.0090325  8.82357e-19      0.00378 -3.27505e-18    0.0012393 -1.13528e-18  0.000305265  2.10312e-18   5.1807e-05 -9.82791e-19  5.22027e-06  1.00795e-19  2.02556e-07
-1.85041e-19      0.05836 -2.08504e-18   -0.0759163  1.47287e-17   -0.0252307 -2.58901e-18    0.0122385  1.77982e-19     0.016258   1.0264e-17   0.00832792 -9.72637e-19   0.00259391 -1.67635e-18  0.000521694  2.93434e-18  6.45252e-05 -9.56327e-19  4.01306e-06  1.33312e-19
   -0.033828 -2.08504e-18     0.128879 -9.88731e-18   -0.0642638    2.721e-17    -0.069407  1.56209e-17   -0.0275956  1.50554e-17  -0.00747822  1.85414e-17  -0.00182911 -1.96214e-19 -0.000439859 -9.74543e-19  -8.5418e-05  1.58938e-18 -1.01702e-05 -4.09117e-19 -4.59548e-07
 3.65487e-18   -0.0759163 -9.88731e-18     0.146667 -2.09162e-17  -0.00532852  2.54725e-17   -0.0688528   1.9023e-17   -0.0558054  7.52226e-18   -0.0260432  7.86475e-18  -0.00804304 -4.97363e-18   -0.0016598  9.23699e-19 -0.000214567  1.54561e-19 -1.41233e-05  2.86295e-19
    0.007935  1.47287e-17   -0.0642638 -2.09162e-17     0.105307 -2.91713e-17    0.0286824  -6.5251e-18    -0.035976 -2.57154e-17   -0.0325578 -1.25509e-17      -0.0136 -2.72922e-18  -0.00348933 -5.47953e-18 -0.000564162  2.03465e-18 -5.20835e-05 -3.21846e-20 -1.82102e-06
-5.26365e-18   -0.0252307    2.721e-17  -0.00532852 -2.91713e-17    0.0791177 -5.19288e-17    0.0427114 -6.54963e-17    0.0122682 -5.16658e-17   0.00279489 -1.07987e-17  0.000718244 -4.82711e-18  0.000186335  -9.9779e-19  3.33623e-05  1.22561e-18  2.96671e-06  6.10215e-19
   0.0154074 -2.58901e-18    -0.069407  2.54725e-17    0.0286824 -5.19288e-17    0.0874279 -9.31193e-17    0.0789572 -7.44336e-17    0.0437094 -3.22702e-17     0.016458 -5.29829e-19    0.0042714  -3.6953e-18  0.000734207  2.04881e-18  7.39494e-05  4.71264e-19  2.86584e-06
-2.18924e-18    0.0122385  1.56209e-17   -0.0688528  -6.5251e-18    0.0427114 -9.31193e-17     0.113767 -7.85051e-17    0.0917658 -4.23229e-17    0.0436822  -4.5434e-18    0.0137763  1.65869e-18   0.00290734 -3.85396e-19  0.000385296   1.5274e-18  2.60752e-05  6.98958e-19
   0.0090325  1.77982e-19   -0.0275956   1.9023e-17    -0.035976 -6.54963e-17    0.0789572 -7.85051e-17     0.112474 -3.78442e-17     0.070768 -1.05826e-17    0.0275724  6.80054e-18   0.00713775 -1.89876e-19   0.00120476  1.69249e-18  0.000118359  5.46163e-19  4.46251e-06
 8.82357e-19     0.016258  1.50554e-17   -0.0558054 -2.57154e-17    0.0122682 -7.44336e-17    0.0917658 -3.78442e-17    0.0823113  -1.0746e-17    0.0403597  4.71162e-18    0.0128019  4.26064e-18   0.00269137  2.75212e-19  0.000353817  1.07646e-18   2.3708e-05  4.98366e-19
     0.00378   1.0264e-17  -0.00747822  7.52226e-18   -0.0325578 -5.16658e-17    0.0437094 -4.23229e-17     0.070768  -1.0746e-17    0.0456479  7.26392e-19    0.0178943  6.15955e-18   0.00463102  6.96866e-19  0.000779313  9.71214e-19  7.62367e-05  3.32533e-19  2.86049e-06
-3.27505e-18   0.00832792  1.85414e-17   -0.0260432 -1.25509e-17   0.00279489 -3.22702e-17    0.0436822 -1.05826e-17    0.0403597  7.26392e-19    0.0199433  4.53429e-18   0.00633607  2.69405e-18   0.00133102  2.90926e-19  0.000174662  4.97644e-19  1.16766e-05  2.41763e-19
   0.0012393 -9.72637e-19  -0.00182911  7.86475e-18      -0.0136 -1.07987e-17     0.016458  -4.5434e-18    0.0275724  4.71162e-18    0.0178943  4.53429e-18   0.00702559  3.68806e-18   0.00181826  5.88592e-19  0.000305796  4.12551e-19  2.98883e-05  1.33235e-19  1.12032e-06
-1.13528e-18   0.00259391 -1.96214e-19  -0.00804304 -2.72922e-18  0.000718244 -5.29829e-19    0.0137763  6.80054e-18    0.0128019  6.15955e-18   0.00633607  3.68806e-18    0.0020139  1.41443e-18  0.000423067  2.01959e-19  5.55078e-05   1.6446e-19  3.71002e-06  8.23033e-20
 0.000305265 -1.67635e-18 -0.000439859 -4.97363e-18  -0.00348933 -4.82711e-18    0.0042714  1.65869e-18   0.00713775  4.26064e-18   0.00463102  2.69405e-18   0.00181826  1.41443e-18  0.000470647  2.42935e-19   7.9171e-05  1.21887e-19  7.74021e-06  3.62673e-20   2.9022e-07
 2.10312e-18  0.000521694 -9.74543e-19   -0.0016598 -5.47953e-18  0.000186335  -3.6953e-18   0.00290734 -1.89876e-19   0.00269137  6.96866e-19   0.00133102  5.88592e-19  0.000423067  2.42935e-19  8.89053e-05   3.6205e-20  1.16706e-05  3.37497e-20   7.8051e-07  1.91223e-20
  5.1807e-05  2.93434e-18  -8.5418e-05  9.23699e-19 -0.000564162  -9.9779e-19  0.000734207 -3.85396e-19   0.00120476  2.75212e-19  0.000779313  2.90926e-19  0.000305796  2.01959e-19   7.9171e-05   3.6205e-20  1.33258e-05  2.17155e-20  1.30382e-06  6.46017e-21  4.89306e-08
-9.82791e-19  6.45252e-05  1.58938e-18 -0.000214567  2.03465e-18  3.33623e-05  2.04881e-18  0.000385296  1.69249e-18  0.000353817  9.71214e-19  0.000174662  4.12551e-19  5.55078e-05  1.21887e-19  1.16706e-05  2.17155e-20  1.53326e-06  6.26554e-21  1.02645e-07  2.90985e-21
 5.22027e-06 -9.56327e-19 -1.01702e-05  1.54561e-19 -5.20835e-05  1.22561e-18  7.39494e-05   1.5274e-18  0.000118359  1.07646e-18  7.62367e-05  4.97644e-19  2.98883e-05   1.6446e-19  7.74021e-06  3.37497e-20  1.30382e-06  6.26554e-21  1.27701e-07  9.42408e-22  4.79819e-09
 1.00795e-19  4.01306e-06 -4.09117e-19 -1.41233e-05 -3.21846e-20  2.96671e-06  4.71264e-19  2.60752e-05  5.46163e-19   2.3708e-05  3.32533e-19  1.16766e-05  1.33235e-19  3.71002e-06  3.62673e-20   7.8051e-07  6.46017e-21  1.02645e-07  9.42408e-22  6.88004e-09  2.42615e-22
 2.02556e-07  1.33312e-19 -4.59548e-07  2.86295e-19 -1.82102e-06  6.10215e-19  2.86584e-06  6.98958e-19  4.46251e-06  4.98366e-19  2.86049e-06  2.41763e-19  1.12032e-06  8.23033e-20   2.9022e-07  1.91223e-20  4.89306e-08  2.90985e-21  4.79819e-09  2.42615e-22  1.80531e-10
