  7.7514e-05 -2.54513e-21 -0.000538504  1.92954e-20   0.00118569 -4.44366e-20  -0.00109748  7.00154e-20  0.000230572 -7.90008e-20  0.000262174  4.23047e-20 -9.74545e-05  7.74093e-23 -4.54485e-05 -1.18505e-21  1.21299e-05 -3.77856e-21   3.9879e-06  7.92697e-22  -1.3978e-07
-2.54513e-21   0.00081264 -9.96324e-21  -0.00299785  3.80955e-20   0.00450125 -6.45092e-20  -0.00268155  1.30536e-19 -0.000286629 -1.57173e-19  0.000867298  4.05819e-20 -4.03745e-05  3.37922e-20 -0.000149452 -4.44685e-22   1.5438e-06 -7.44156e-21  8.08362e-06  6.77309e-22
-0.000538504 -9.96324e-21    0.0039628 -1.08869e-20  -0.00946257 -1.83881e-20   0.00997734  1.48958e-20  -0.00322842  1.85599e-19  -0.00212856 -2.18153e-19   0.00140115 -4.70918e-20  0.000321962  8.76653e-20 -0.000227442  5.33474e-21 -3.42822e-05 -5.40658e-21  5.90827e-06
 1.92954e-20  -0.00299785 -1.08869e-20    0.0119755  3.27158e-20   -0.0201915 -2.43584e-19    0.0149003  1.73925e-19 -0.000863234  3.22776e-19  -0.00475822 -2.27302e-19    0.0012038 -2.09041e-19  0.000872448  1.06531e-19 -0.000182713  7.79946e-21 -6.32102e-05  1.46013e-21
  0.00118569  3.80955e-20  -0.00946257  3.27158e-20    0.0252771  1.64708e-19   -0.0316315 -6.39069e-19    0.0155861  2.32934e-19    0.0043706  6.02154e-19  -0.00670446 -1.15202e-19  9.59583e-05 -3.29374e-19   0.00128484  4.29693e-20 -2.64289e-05 -5.00042e-21 -5.26653e-05
-4.44366e-20   0.00450125 -1.83881e-20   -0.0201915  1.64708e-19    0.0400125  3.96965e-19   -0.0384698 -1.06554e-18    0.0108657 -1.14865e-20    0.0103315  8.51917e-19  -0.00691632  1.73239e-19  -0.00146233 -2.46355e-19   0.00132741  -7.7343e-20  0.000131239 -2.46393e-20
 -0.00109748 -6.45092e-20   0.00997734 -2.43584e-19   -0.0316315  3.96965e-19    0.0502195  6.87286e-19    -0.038221 -1.25107e-18   0.00299434 -5.75809e-19    0.0147849  6.55858e-19  -0.00548213  5.83086e-19  -0.00284169  9.89007e-20   0.00100638 -1.61344e-19   0.00017331
 7.00154e-20  -0.00268155  1.48958e-20    0.0149003 -6.39069e-19   -0.0384698  6.87286e-19    0.0528491  9.02816e-19   -0.0328731 -7.97731e-19  -0.00481753 -1.19592e-18    0.0169592 -3.56083e-19  -0.00315518  9.34391e-19  -0.00365263  5.81167e-19  0.000492093 -1.35427e-19
 0.000230572  1.30536e-19  -0.00322842  1.73925e-19    0.0155861 -1.06554e-18    -0.038221  9.02816e-19    0.0497254  7.62226e-19   -0.0262083  7.07281e-19   -0.0108512 -1.45205e-18    0.0173242 -2.16132e-18  -0.00062701  1.01681e-18  -0.00377174  9.64787e-19   2.5784e-05
-7.90008e-20 -0.000286629  1.85599e-19 -0.000863234  2.32934e-19    0.0108657 -1.25107e-18   -0.0328731  7.62226e-19    0.0448216 -1.16307e-19   -0.0207032  3.40158e-18   -0.0151115 -1.03431e-18    0.0166273 -4.33059e-18   0.00173188  7.05682e-19  -0.00318259  9.91724e-19
 0.000262174 -1.57173e-19  -0.00212856  3.22776e-19    0.0043706 -1.14865e-20   0.00299434 -7.97731e-19   -0.0262083 -1.16307e-19    0.0409279 -1.97622e-18   -0.0168873  6.94401e-18   -0.0183116  1.16314e-19    0.0153283 -6.38515e-18   0.00374769  6.43964e-20  -0.00188984
 4.23047e-20  0.000867298 -2.18153e-19  -0.00475822  6.02154e-19    0.0103315 -5.75809e-19  -0.00481753  7.07281e-19   -0.0207032 -1.97622e-18    0.0388553 -4.70106e-18   -0.0143255  1.07449e-17   -0.0211248  1.96577e-18    0.0135179 -8.08577e-18    0.0051702 -5.55271e-19
-9.74545e-05  4.05819e-20   0.00140115 -2.27302e-19  -0.00670446  8.51917e-19    0.0147849 -1.19592e-18   -0.0108512  3.40158e-18   -0.0168873 -4.70106e-18    0.0384093 -7.94474e-18   -0.0124812  1.45289e-17    -0.024025  4.62354e-18    0.0109273 -9.25486e-18   0.00508956
 7.74093e-23 -4.03745e-05 -4.70918e-20    0.0012038 -1.15202e-19  -0.00691632  6.55858e-19    0.0169592 -1.45205e-18   -0.0151115  6.94401e-18   -0.0143255 -7.94474e-18    0.0393236 -1.16155e-17   -0.0109537  1.87258e-17   -0.0273837  8.09454e-18   0.00674493 -8.92658e-18
-4.54485e-05  3.37922e-20  0.000321962 -2.09041e-19  9.59583e-05  1.73239e-19  -0.00548213 -3.56083e-19    0.0173242 -1.03431e-18   -0.0183116  1.07449e-17   -0.0124812 -1.16155e-17    0.0416098 -1.63323e-17  -0.00937826  2.42744e-17   -0.0315289  1.11443e-17  0.000343867
-1.18505e-21 -0.000149452  8.76653e-20  0.000872448 -3.29374e-19  -0.00146233  5.83086e-19  -0.00315518 -2.16132e-18    0.0166273  1.16314e-19   -0.0211248  1.45289e-17   -0.0109537 -1.63323e-17    0.0456511 -2.33661e-17  -0.00714402  3.19022e-17   -0.0353506  1.16979e-17
 1.21299e-05 -4.44685e-22 -0.000227442  1.06531e-19   0.00128484 -2.46355e-19  -0.00284169  9.34391e-19  -0.00062701 -4.33059e-18    0.0153283  1.96577e-18    -0.024025  1.87258e-17  -0.00937826 -2.33661e-17    0.0524364 -3.23212e-17  -0.00170173  4.25555e-17   -0.0297774
-3.77856e-21   1.5438e-06  5.33474e-21 -0.000182713  4.29693e-20   0.00132741  9.89007e-20  -0.00365263  1.01681e-18   0.00173188 -6.38515e-18    0.0135179  4.62354e-18   -0.0273837  2.42744e-17  -0.00714402 -3.23212e-17    0.0652522 -3.00603e-17    0.0167554  5.98397e-17
  3.9879e-06 -7.44156e-21 -3.42822e-05  7.79946e-21 -2.64289e-05  -7.7343e-20   0.00100638  5.81167e-19  -0.00377174  7.05682e-19   0.00374769 -8.08577e-18    0.0109273  8.09454e-18   -0.0315289  3.19022e-17  -0.00170173 -3.00603e-17    0.0944317  2.29243e-17    0.0506169
 7.92697e-22  8.08362e-06 -5.40658e-21 -6.32102e-05 -5.00042e-21  0.000131239 -1.61344e-19  0.000492093  9.64787e-19  -0.00318259  6.43964e-20    0.0051702 -9.25486e-18   0.00674493  1.11443e-17   -0.0353506  4.25555e-17    0.0167554  2.29243e-17     0.140212  1.21469e-16
 -1.3978e-07  6.77309e-22  5.90827e-06  1.46013e-21 -5.26653e-05 -2.46393e-20   0.00017331 -1.35427e-19   2.5784e-05  9.91724e-19  -0.00188984 -5.55271e-19   0.00508956 -8.92658e-18  0.000343867  1.16979e-17   -0.0297774  5.98397e-17    0.0506169  1.21469e-16     0.123157
