 0.000711747 -2.07464e-20  -0.00333109  1.28067e-19   0.00440655 -2.60478e-19  -0.00154215  2.84545e-19  -0.00090628 -1.56979e-19   0.00044965   1.8173e-20  0.000201512  1.53116e-20 -5.08097e-05 -3.19773e-21 -2.75326e-05  4.10973e-21 -2.65154e-07 -1.32273e-21  4.79984e-07
-2.07464e-20   0.00517577 -6.48684e-20   -0.0127089   2.8915e-19     0.010709 -5.06232e-19 -0.000651802  4.70682e-19  -0.00302306 -1.94263e-19  0.000301928 -2.03049e-20   0.00060768  3.14637e-21  1.43983e-05  1.24997e-20 -5.35458e-05  6.30638e-21 -5.93185e-06 -1.16878e-21
 -0.00333109 -6.48684e-20     0.017477 -1.15807e-19   -0.0274269  4.55008e-19    0.0143199 -7.06491e-19   0.00401765   5.7812e-19  -0.00489623 -1.37731e-19 -0.000814659 -8.46421e-20  0.000886867 -5.34347e-20   0.00019202  2.97979e-20 -4.44902e-05  5.21569e-21 -7.65987e-06
 1.28067e-19   -0.0127089 -1.15807e-19    0.0366986 -1.74132e-19    -0.040145  6.20295e-19    0.0109494 -8.52075e-19      0.01058  6.75616e-19  -0.00483052  2.14455e-20  -0.00244738 -1.36585e-19  0.000744016 -1.21297e-19  0.000359184  2.37766e-20 -4.33723e-06  6.01369e-22
  0.00440655   2.8915e-19   -0.0274269 -1.74132e-19    0.0545404 -2.40802e-19   -0.0437585  6.36694e-19    0.0018527 -9.44224e-19     0.015618  7.63338e-19  -0.00265364  2.95575e-19  -0.00375219  -1.0087e-19  0.000213005 -1.28339e-19  0.000390472 -3.37792e-21  2.39345e-05
-2.60478e-19     0.010709  4.55008e-19    -0.040145 -2.40802e-19    0.0626838  -1.9204e-19   -0.0382941  2.37128e-19  -0.00821622  -1.0298e-18    0.0174648  6.40516e-19  0.000571985  5.60895e-19  -0.00422324  9.14543e-20 -0.000439711 -3.51454e-20  0.000264532 -1.80997e-20
 -0.00154215 -5.06232e-19    0.0143199  6.20295e-19   -0.0437585  -1.9204e-19    0.0605387  1.77939e-19    -0.029121 -4.80938e-19   -0.0158845 -1.11924e-18    0.0166458  3.46169e-21   0.00376523  5.20312e-19  -0.00381809   3.8915e-19 -0.000917498  9.39431e-20  7.92958e-05
 2.84545e-19 -0.000651802 -7.06491e-19    0.0109494  6.36694e-19   -0.0382941  1.77939e-19    0.0536237  8.09244e-19   -0.0209107  -7.5914e-19   -0.0207076 -9.57246e-19    0.0143572   -1.241e-18   0.00637015 -6.23558e-20   -0.0027237  5.84268e-19 -0.000999038  1.22792e-19
 -0.00090628  4.70682e-19   0.00401765 -8.52075e-19    0.0018527  2.37128e-19    -0.029121  8.09244e-19    0.0471145  1.11593e-18   -0.0150965  3.15461e-19   -0.0236842 -4.74425e-20    0.0113847 -2.76437e-18   0.00818401 -1.07746e-18  -0.00121368  4.59591e-19 -0.000628412
-1.56979e-19  -0.00302306   5.7812e-19      0.01058 -9.44224e-19  -0.00821622 -4.80938e-19   -0.0209107  1.11593e-18    0.0429122  2.64592e-19   -0.0111442  2.94567e-18   -0.0257943  1.95218e-18   0.00797084 -3.93001e-18   0.00902841  -2.0189e-18  0.000266013  8.35637e-20
  0.00044965 -1.94263e-19  -0.00489623  6.75616e-19     0.015618  -1.0298e-18   -0.0158845  -7.5914e-19   -0.0150965  2.64592e-19    0.0408137 -2.16862e-18  -0.00819564  6.39344e-18    -0.027599  4.96449e-18   0.00401578 -4.00697e-18   0.00851651 -2.16588e-18  0.000961575
  1.8173e-20  0.000301928 -1.37731e-19  -0.00483052  7.63338e-19    0.0174648 -1.11924e-18   -0.0207076  3.15461e-19   -0.0111442 -2.16862e-18    0.0402282   -5.869e-18  -0.00562824  9.63151e-18   -0.0293349  8.67563e-18 -0.000724994  -2.3068e-18   0.00614504 -1.14104e-18
 0.000201512 -2.03049e-20 -0.000814659  2.14455e-20  -0.00265364  6.40516e-19    0.0166458 -9.57246e-19   -0.0236842  2.94567e-18  -0.00819564   -5.869e-18    0.0408475 -1.02379e-17   -0.0029678   1.2001e-17   -0.0309304  1.26257e-17  -0.00614317  1.08515e-18   0.00236742
 1.53116e-20   0.00060768 -8.46421e-20  -0.00244738  2.95575e-19  0.000571985  3.46169e-21    0.0143572 -4.74425e-20   -0.0257943  6.39344e-18  -0.00562824 -1.02379e-17    0.0426945 -1.51641e-17  0.000392675  1.29121e-17   -0.0315063  1.55109e-17   -0.0103628  3.60639e-18
-5.08097e-05  3.14637e-21  0.000886867 -1.36585e-19  -0.00375219  5.60895e-19   0.00376523   -1.241e-18    0.0113847  1.95218e-18    -0.027599  9.63151e-18   -0.0029678 -1.51641e-17     0.046164 -2.11404e-17   0.00580269  1.07639e-17   -0.0281418  1.44342e-17  -0.00914415
-3.19773e-21  1.43983e-05 -5.34347e-20  0.000744016  -1.0087e-19  -0.00422324  5.20312e-19   0.00637015 -2.76437e-18   0.00797084  4.96449e-18   -0.0293349   1.2001e-17  0.000392675 -2.11404e-17    0.0524553 -2.88596e-17    0.0162719  2.74063e-18   -0.0167444  7.40439e-18
-2.75326e-05  1.24997e-20   0.00019202 -1.21297e-19  0.000213005  9.14543e-20  -0.00381809 -6.23558e-20   0.00818401 -3.93001e-18   0.00401578  8.67563e-18   -0.0309304  1.29121e-17   0.00580269 -2.88596e-17    0.0642342 -3.97735e-17    0.0342584 -1.10182e-17 -0.000938823
 4.10973e-21 -5.35458e-05  2.97979e-20  0.000359184 -1.28339e-19 -0.000439711   3.8915e-19   -0.0027237 -1.07746e-18   0.00902841 -4.00697e-18 -0.000724994  1.26257e-17   -0.0315063  1.07639e-17    0.0162719 -3.97735e-17     0.082831 -5.43238e-17    0.0508464 -1.89986e-17
-2.65154e-07  6.30638e-21 -4.44902e-05  2.37766e-20  0.000390472 -3.51454e-20 -0.000917498  5.84268e-19  -0.00121368  -2.0189e-18   0.00851651  -2.3068e-18  -0.00614317  1.55109e-17   -0.0281418  2.74063e-18    0.0342584 -5.43238e-17    0.0967531 -6.10685e-17    0.0425658
-1.32273e-21 -5.93185e-06  5.21569e-21 -4.33723e-06 -3.37792e-21  0.000264532  9.39431e-20 -0.000999038  4.59591e-19  0.000266013 -2.16588e-18   0.00614504  1.08515e-18   -0.0103628  1.44342e-17   -0.0167444 -1.10182e-17    0.0508464 -6.10685e-17    0.0797428 -4.00328e-17
 4.79984e-07 -1.16878e-21 -7.65987e-06  6.01369e-22  2.39345e-05 -1.80997e-20  7.92958e-05  1.22792e-19 -0.000628412  8.35637e-20  0.000961575 -1.14104e-18   0.00236742  3.60639e-18  -0.00914415  7.40439e-18 -0.000938823 -1.89986e-17    0.0425658 -4.00328e-17    0.0317594
