 1.87103e-35 -2.22646e-51 -1.53263e-35  9.34709e-52 -1.83606e-36  2.13828e-51 -4.38266e-36   1.1848e-50  1.31467e-36  2.09457e-50    2.018e-36  1.41374e-50 -1.35065e-36  -1.0895e-51  1.80498e-36 -2.69511e-51 -3.19329e-37 -2.45807e-51 -4.24917e-37 -3.48838e-51  7.94516e-38 -8.39163e-52  1.99197e-37 -1.41693e-51 -9.54059e-39 -5.51965e-51 -9.85363e-38  5.20595e-51  3.08326e-38  7.75439e-50 -2.27022e-39  3.22427e-49  8.85197e-39  9.97395e-49 -2.02891e-40  2.92914e-48 -2.69443e-39  3.89322e-48 -2.47718e-39  2.06072e-48  2.45821e-40 -6.67627e-48  1.55819e-39 -2.26743e-47  3.79466e-42 -2.56277e-47 -2.91226e-40 -2.12803e-47 -1.14084e-40 -1.54937e-47  8.05558e-41  4.28706e-47  4.64772e-41  2.16361e-46 -1.82055e-41  3.19302e-46 -1.14726e-41  3.92963e-46  3.02877e-42  2.15008e-46  3.02668e-44  1.07199e-46 -1.78213e-44 -2.09774e-46   1.7618e-43 -3.20717e-46  7.32809e-45 -2.95428e-46 -2.10481e-44 -2.72191e-46 -1.34869e-45 -1.15481e-46  2.42946e-45 -3.16336e-47  1.18872e-45 -1.11873e-47  2.05044e-45  1.54423e-47 -6.61029e-46  7.92722e-48 -5.99988e-46  3.10987e-48  2.71912e-46  1.35143e-48  1.27587e-48 -2.56838e-49 -1.63149e-47  1.42733e-49 -6.84334e-50 -1.46366e-50  2.83883e-48 -5.43388e-51 -4.27522e-49  2.07841e-50 -5.92392e-50  1.24335e-51  5.08079e-50 -5.13154e-52 -8.20572e-51  2.11101e-52  -1.3035e-51  1.04388e-53  1.62041e-53  9.18325e-54  5.33161e-53  -2.0864e-54 -1.39961e-53 -3.85052e-55  1.20048e-54 -1.79051e-55 -7.93521e-55 -1.35962e-56  1.81624e-55 -8.10022e-57 -1.19966e-56 -4.73413e-58 -5.22777e-57 -2.24924e-58  3.34039e-57  1.19693e-58 -1.64614e-57 -5.15178e-59  5.58891e-58  1.36622e-59 -1.01815e-58 -1.47768e-60
-2.22646e-51  4.42961e-35  -1.3228e-50 -2.80796e-35 -9.91654e-52  4.83365e-36  1.59928e-52 -1.52337e-35  2.92105e-50  1.28728e-36  5.25381e-50  6.09253e-36  3.41772e-50 -3.49319e-36  1.80412e-51  2.61943e-36 -2.78049e-51   4.2706e-38 -7.02193e-51 -1.00726e-36 -1.08013e-50   1.2448e-37 -1.02084e-50  6.54148e-37 -2.62724e-50 -8.01296e-38 -6.84606e-50 -3.37628e-37  5.64137e-50  1.21709e-37  9.04911e-49  7.29478e-39  3.70938e-48  1.30951e-38  1.10075e-47   8.6757e-39  3.03934e-47 -1.07761e-38  4.01418e-47 -7.96268e-39  2.46671e-47 -1.09547e-39 -5.21322e-47  6.45778e-39 -1.98825e-46 -2.40068e-41 -2.16805e-46 -1.19265e-39 -1.49149e-46 -2.68654e-40 -6.39657e-47  2.81295e-40  4.45942e-46  1.11947e-40  1.85348e-45 -4.36045e-41  2.58004e-45 -3.61632e-41  3.01663e-45  9.07214e-42  1.63114e-45 -5.22923e-43  9.49076e-46 -2.51362e-43  -1.3087e-45  7.85974e-43 -1.96078e-45  6.53426e-44 -1.79148e-45 -6.76211e-44  -1.6178e-45 -1.05514e-44 -6.63579e-46  3.94464e-45 -1.82116e-46  6.23482e-45 -7.74047e-47  8.93932e-45  6.97944e-47 -3.05725e-45  3.48828e-47  -2.2514e-45  1.25411e-47   9.6545e-46  6.96681e-48 -1.86225e-47 -1.26212e-48 -5.24029e-47  5.44666e-49  1.78518e-48 -2.91082e-50  8.45235e-48 -1.33096e-50 -7.56396e-49  7.46345e-50 -3.00513e-49  5.94409e-51  1.53003e-49 -1.90631e-51 -1.97451e-50  7.96008e-52 -3.67618e-51  5.35325e-53 -2.53968e-52  4.18694e-53  1.67033e-52 -5.08922e-54 -2.27776e-53 -1.36385e-54 -5.07306e-55 -5.27128e-55 -2.64101e-54 -2.70305e-56  5.78139e-55 -3.10988e-56  1.57987e-56  1.18627e-57 -6.05144e-56 -2.38375e-57  3.40113e-56  1.14751e-57  -1.3718e-56 -3.89871e-58  3.44431e-57  7.17343e-59 -3.42781e-58
-1.53263e-35  -1.3228e-50  6.50759e-35 -4.43158e-50 -3.88221e-35 -1.46611e-50  8.92193e-36 -1.47451e-50  -2.2657e-35  4.31569e-50 -4.40655e-36   8.1851e-50  1.21689e-35  5.05726e-50 -4.65687e-36  7.27163e-51  1.33832e-36  3.47755e-52  7.55155e-37 -1.58057e-50 -1.63193e-36 -4.06118e-50  1.54529e-37 -1.00998e-49  1.37143e-36 -2.73606e-49 -1.60563e-37 -5.90844e-49  -7.9428e-37  4.34013e-49  2.73983e-37  7.29729e-48  5.63361e-38  2.94134e-47   -2.255e-39   8.2867e-47  4.37613e-38   2.1722e-46 -2.96424e-38  2.83983e-46 -1.87103e-38  1.90025e-46 -6.35003e-39 -2.76002e-46  1.75456e-38 -1.21315e-45 -1.22851e-40 -1.23935e-45 -3.14741e-39 -6.54331e-46 -3.96265e-40  3.78364e-47  6.72112e-40  2.99751e-45  1.58069e-40  1.09699e-44 -5.55469e-41  1.43067e-44 -8.42988e-41  1.59291e-44  2.12232e-41  8.43935e-45 -3.74828e-42  5.54025e-45 -9.72418e-43  -5.6344e-45  2.55937e-42 -8.23566e-45  2.42659e-43 -7.45118e-45 -1.48817e-43 -6.60608e-45 -4.19762e-44 -2.60553e-45 -2.54218e-45 -7.13642e-46   2.0287e-44 -3.44793e-46  2.76608e-44  2.14597e-46 -1.02519e-44  1.02829e-46 -5.66286e-45  3.29588e-47  2.31181e-45   2.4133e-47 -9.74495e-47 -4.30616e-48 -1.20266e-46  1.42575e-48  1.15063e-47  6.91691e-51  1.62485e-47 -3.44151e-52  1.11783e-49  1.88787e-49 -9.87204e-49  1.97758e-50  3.21149e-49 -5.14086e-51 -2.82623e-50  1.99475e-51 -5.95895e-51  1.81174e-52 -1.33333e-51  1.35709e-52  3.39902e-52  -6.4989e-54  7.96846e-54 -3.47381e-54 -1.16246e-53 -1.07578e-54 -5.69702e-54  1.49774e-56  7.48203e-55 -1.04971e-55  5.57234e-55  2.43821e-56 -4.50436e-55 -1.66379e-56  2.10793e-55  6.73575e-57 -6.64083e-56  -1.7305e-57  1.11042e-56   1.8022e-58
 9.34709e-52 -2.80796e-35 -4.43158e-50  8.72342e-35  -1.0182e-49 -4.73154e-35 -4.75212e-50   7.3773e-36 -4.58893e-50 -2.21095e-35  4.14473e-50 -1.45511e-35  9.07318e-50  1.79534e-35  5.09385e-50  -2.7487e-36  1.18895e-50 -2.83155e-36  4.86712e-51  1.52958e-36 -4.65214e-50 -2.27403e-36 -2.35119e-49  2.63255e-37 -8.28547e-49  2.21794e-36 -2.16402e-48 -1.55103e-37 -4.05322e-48  -1.4807e-36  2.83745e-48  4.28969e-37  4.70374e-47  2.01711e-37  1.85716e-46 -7.05725e-38  4.91711e-46  1.33487e-37  1.23328e-45 -6.62576e-38  1.58902e-45 -3.68112e-38  1.10884e-45 -1.73044e-38 -1.15339e-45   3.6711e-38 -5.98202e-45  -5.4334e-40 -5.53091e-45 -6.19759e-39 -1.90479e-45 -3.67991e-40  2.13445e-45  1.28474e-39  1.53543e-44  7.97929e-41  5.17239e-44  9.07764e-43  6.28381e-44 -1.67627e-40  6.68256e-44  4.37833e-41  3.43932e-44 -1.46011e-41  2.49894e-44 -2.42195e-42 -1.93531e-44  6.91446e-42 -2.74446e-44  6.08626e-43 -2.45512e-44  -2.3235e-43 -2.14149e-44 -1.18392e-43  -8.0797e-45 -3.15229e-44 -2.20736e-45   4.8465e-44 -1.16941e-45  6.98241e-44  5.15266e-46 -2.80232e-44   2.3207e-46 -1.09717e-44  6.26427e-47  4.26948e-45  6.53239e-47  -2.7567e-46 -1.17777e-47 -2.34514e-46  2.93872e-48  4.28916e-47  2.26831e-49  2.16051e-47   1.1838e-49   4.3429e-48  3.91811e-49 -2.45765e-48  5.16965e-50  5.34311e-49 -1.15398e-50  -1.7174e-50  3.69456e-51 -3.84372e-51  4.67992e-52 -3.90955e-51  3.54997e-52  4.53882e-52  9.11239e-55  1.46772e-52 -7.35871e-54  -4.4575e-53 -1.93555e-54 -5.85224e-54  3.95031e-55 -3.25544e-54   -4.064e-55  4.19428e-54   1.6981e-55 -2.37363e-54 -8.48181e-56  8.92144e-55  2.76049e-56 -2.03733e-55 -4.90564e-57  1.77776e-56
-1.83606e-36 -9.91654e-52 -3.88221e-35  -1.0182e-49  1.15181e-34 -1.74136e-49 -5.20007e-35 -9.10695e-50  3.27581e-36 -8.24506e-50 -1.47032e-35  2.21573e-50 -2.48811e-35  7.47029e-50  2.17096e-35  3.05318e-50  3.07696e-36  1.19579e-50 -9.52925e-36  1.32564e-51   2.1654e-36 -2.31475e-49 -2.94392e-36 -1.50786e-48  4.91084e-37 -5.72407e-48  3.03376e-36 -1.41108e-47  2.44495e-38 -2.33667e-47 -2.32968e-36  1.70782e-47  4.64316e-37  2.57338e-46  5.32275e-37  9.90946e-46  -2.4564e-37  2.43978e-45  3.12613e-37  5.89231e-45 -1.28824e-37  7.44654e-45 -6.36424e-38  5.23992e-45 -3.25873e-38 -4.10962e-45   6.3204e-38 -2.54281e-44 -2.23307e-39 -2.04353e-44 -9.45546e-39  -2.6407e-45 -7.51173e-41   1.6102e-44  2.12151e-39  6.42314e-44 -3.09448e-40  2.05921e-43  2.19587e-40  2.31729e-43 -2.99094e-40  2.36273e-43  8.09724e-41  1.17067e-43 -4.22209e-41  9.31433e-44 -4.61385e-42 -5.63301e-44  1.61911e-41 -7.69621e-44  1.16446e-42 -6.79818e-44 -1.82081e-43 -5.84936e-44 -2.65877e-43  -2.1004e-44 -9.92638e-44 -5.74273e-45    8.891e-44 -3.24338e-45  1.52227e-43  1.01359e-45 -6.54306e-44  4.17003e-46 -1.71284e-44  8.18456e-47   6.3322e-45  1.47322e-46 -5.50083e-46 -2.73252e-47 -4.27085e-46   5.0261e-48  1.21776e-46  8.89026e-49  1.53795e-47  5.45377e-49  1.45994e-47  7.13894e-49 -4.90304e-48  1.11417e-49  7.08078e-49 -2.27378e-50  4.28952e-50  4.91219e-51  1.03375e-50  9.77163e-52 -8.44151e-51  7.88317e-52  1.79108e-52   2.8745e-53  5.05303e-52 -1.26656e-53 -1.36371e-52 -4.46941e-54   2.3865e-53  2.44357e-54 -3.04634e-53 -1.73717e-54  2.06272e-53  8.23171e-55  -9.1008e-54 -3.28455e-55  2.58032e-54  8.11528e-56 -3.67271e-55 -8.11348e-57
 2.13828e-51  4.83365e-36 -1.46611e-50 -4.73154e-35 -1.74136e-49  1.40555e-34 -2.30784e-49 -5.35751e-35 -1.17492e-49  -2.4358e-37 -1.05111e-49 -3.73667e-36 -3.45427e-51 -3.20869e-35  4.40608e-50  2.32442e-35 -8.46227e-51  1.19925e-35  1.84983e-51 -1.76382e-35  -6.5387e-50  2.72346e-36 -1.38439e-48 -3.46166e-36 -8.92548e-48  6.83245e-37 -3.40014e-47  3.72481e-36  -7.8603e-47  4.14376e-37 -1.16376e-46 -3.20271e-36  9.77768e-47  2.19903e-37  1.23568e-45  1.15612e-36  4.61847e-45 -5.92956e-37  1.04522e-44  6.09665e-37  2.44293e-44 -2.25858e-37  3.01289e-44 -9.88562e-38  2.07363e-44 -4.52601e-38 -1.33403e-44  9.26104e-38 -9.66945e-44 -7.59275e-39 -6.45083e-44  -1.0735e-38  8.28669e-45  4.99819e-40  8.12189e-44  3.19707e-39  2.27795e-43 -1.29296e-39  7.14698e-43  7.30957e-40  7.40429e-43 -4.88834e-40  7.27243e-43  1.32684e-40  3.43488e-43 -1.00299e-40  2.97787e-43 -7.24107e-42 -1.43726e-43   3.3558e-41 -1.87545e-43  1.72628e-42 -1.63383e-43  3.34276e-43 -1.39124e-43 -5.08632e-43 -4.73096e-44  -2.0568e-43 -1.30507e-44  1.20405e-43 -7.65307e-45  2.96216e-43  1.64992e-45 -1.34284e-43  5.89728e-46 -2.15249e-44  4.00992e-47  7.48278e-45  2.87228e-46 -8.18503e-46  -5.5279e-47 -7.66632e-46    7.315e-48  2.90054e-46  2.45553e-48  -1.5101e-47  1.65999e-48  3.28189e-47  1.18617e-48 -7.94465e-48  2.02927e-49  6.35159e-49 -4.05396e-50  2.00626e-49  3.35192e-51  4.54603e-50  1.68193e-51 -1.45592e-50  1.53317e-51 -1.16542e-51  8.48157e-53  1.33234e-51 -1.14546e-53  -4.4657e-52 -1.64368e-53    2.002e-52  1.16899e-53 -1.45284e-52 -7.01647e-54  7.34538e-53  3.08572e-54  -2.4496e-53 -9.73141e-55  4.54312e-54  1.65402e-55 -2.50361e-55
-4.38266e-36  1.59928e-52  8.92193e-36 -4.75212e-50 -5.20007e-35 -2.30784e-49  1.55052e-34 -2.40847e-49 -5.54503e-35 -9.77332e-50 -3.86574e-36 -9.99611e-50   7.6418e-36 -1.98942e-50 -3.46615e-35  8.89035e-51  2.34481e-35 -7.29105e-50  2.19031e-35 -3.10331e-50 -2.61152e-35 -5.00352e-49  3.50777e-36 -7.82609e-48 -3.36029e-36  -4.7189e-47   5.0907e-37 -1.76626e-46  4.28375e-36  -3.8126e-46   9.8242e-37  -5.0737e-46 -3.91881e-36  5.33746e-46 -4.48786e-37  5.32414e-45  2.16881e-36  1.92077e-44 -1.16386e-36  3.94249e-44  1.02915e-36  8.95275e-44 -3.64668e-37  1.07178e-43 -1.39718e-37  6.97957e-44 -4.17529e-38 -4.22221e-44  1.17396e-37 -3.36714e-43 -2.11722e-38 -1.77326e-43 -6.67216e-39  7.86999e-44   1.2659e-39  3.24635e-43  4.59005e-39  7.00405e-43 -3.24413e-39  2.20719e-42  1.68549e-39  2.09016e-42 -7.38671e-40  1.98924e-42  1.88168e-40  8.85727e-43 -2.05219e-40   8.3612e-43 -9.83733e-42 -3.28656e-43  6.24516e-41 -4.05214e-43  1.72728e-42 -3.47809e-43  1.95111e-42 -2.94252e-43 -8.82002e-43 -9.43119e-44 -3.01998e-43 -2.66248e-44  8.71716e-44 -1.57547e-44  5.26299e-43  2.15117e-45 -2.47353e-43  5.87937e-46 -2.02406e-44  -1.4769e-46  6.42513e-45  4.96745e-46 -8.63487e-46 -9.87517e-47    -1.37e-45  9.17529e-48  6.08313e-46  5.76412e-48  -8.3783e-47   4.0476e-48  5.87726e-47  1.83193e-48 -1.01427e-47   3.1566e-49 -8.88481e-50 -6.69189e-50  5.31647e-49 -4.38946e-51  1.06385e-49  2.34001e-51 -2.01453e-50  2.68886e-51 -5.07798e-51  1.36989e-52  3.46529e-51  3.89391e-53 -1.58048e-51 -7.01645e-53  8.78373e-52  4.71889e-53 -4.82668e-52 -2.44566e-53  1.80739e-52  9.12665e-54 -3.82384e-53 -2.15463e-54  2.19981e-54  2.02172e-55
  1.1848e-50 -1.52337e-35 -1.47451e-50   7.3773e-36 -9.10695e-50 -5.35751e-35 -2.40847e-49  1.60483e-34 -1.96347e-49 -6.03636e-35 -2.51568e-50 -1.08133e-35  -6.4808e-50  1.65643e-35 -1.21448e-50 -3.17011e-35 -3.34612e-50  2.36038e-35 -2.18511e-49  3.03846e-35 -5.78214e-50 -3.45052e-35 -2.76554e-48  4.77993e-36 -3.97138e-47  -2.0275e-36 -2.23055e-46 -3.53997e-37 -8.12001e-46   4.7288e-36 -1.62649e-45  1.62352e-36 -1.94098e-45 -4.28865e-36  2.74883e-45 -1.60706e-36  2.09246e-44  3.61183e-36  7.23758e-44  -1.9599e-36  1.32564e-43  1.53691e-36  2.93358e-43 -5.49653e-37  3.38949e-43 -1.81303e-37  1.99885e-43 -2.78918e-39 -1.37197e-43  1.28962e-37  -1.0895e-42 -4.97313e-38 -4.29754e-43  6.52695e-39  3.60097e-43   2.0861e-39   1.0953e-42  6.45679e-39  1.89287e-42 -6.57179e-39  6.15312e-42  3.21731e-39  5.28053e-42 -1.03779e-39  4.90564e-42  2.19402e-40  2.03266e-42  -3.7117e-40  2.09536e-42  -1.2295e-41 -6.84228e-43  1.05737e-40 -7.86967e-43 -1.19219e-43 -6.65037e-43  5.70956e-42 -5.61625e-43 -1.49024e-42 -1.68962e-43 -2.52451e-43 -4.98773e-44 -1.12914e-43 -2.87994e-44  8.68584e-43  1.90869e-45 -4.15655e-43  1.50409e-46   -8.966e-45 -5.85377e-46  2.08235e-45  7.78924e-46 -4.36163e-46 -1.55957e-46  -2.3877e-45  9.96613e-48  1.15535e-45  1.23214e-47 -2.03805e-46  8.45102e-48  8.92513e-47  2.63607e-48 -8.72878e-48  4.17852e-49 -2.10234e-48 -1.04355e-49  1.13951e-48 -2.14014e-50   1.8591e-49  2.29142e-51 -1.90516e-50  4.44828e-51 -1.56609e-50 -1.67169e-53  9.64354e-51  3.06747e-52 -5.15392e-51  -2.7351e-52   2.6482e-51  1.61093e-52 -1.04457e-51 -7.06139e-53  2.13889e-52  2.09426e-53  8.96595e-54 -3.30972e-54  -8.8184e-54
 1.31467e-36  2.92105e-50  -2.2657e-35 -4.58893e-50  3.27581e-36 -1.17492e-49 -5.54503e-35 -1.96347e-49  1.66006e-34 -1.18618e-49 -6.83391e-35  7.97427e-50  -2.3721e-35 -1.55571e-54  1.99912e-35  7.37004e-50 -2.19201e-35 -7.70329e-50  2.46316e-35 -6.23466e-49   3.5858e-35   5.3008e-49 -4.28248e-35 -1.28907e-47  6.35798e-36 -1.80044e-46  1.03094e-36 -9.46724e-46 -1.98148e-36 -3.32775e-45   4.9826e-36  -6.1177e-45  2.14893e-36 -6.44669e-45 -4.14812e-36   1.3214e-44 -3.19293e-36  7.60125e-44  5.44047e-36  2.49961e-43 -2.90695e-36  4.00302e-43  2.05925e-36  8.65179e-43 -7.81759e-37  9.58663e-43 -2.17593e-37   4.7656e-43  9.38489e-38 -4.60892e-43  1.20251e-37 -3.30319e-42 -1.01103e-37 -9.26353e-43  3.18248e-38  1.24035e-42  2.89224e-39  3.22266e-42  8.97759e-39  4.53045e-42 -1.16056e-38  1.56514e-41   5.3906e-39  1.20453e-41 -1.36149e-39  1.10254e-41  1.76438e-40  4.18604e-42 -6.02844e-40  4.74158e-42 -1.57837e-41 -1.31225e-42   1.6516e-40 -1.38743e-42  -6.3324e-42 -1.15379e-42  1.31496e-41 -9.78071e-43 -2.62276e-42 -2.75375e-43  1.90806e-43 -8.75602e-44 -6.28327e-43 -4.73909e-44  1.34912e-42  -1.1391e-46 -6.45625e-43 -1.04211e-45  1.56911e-44  -1.3544e-45 -5.78005e-45   1.1334e-45  5.26213e-46 -2.14825e-46 -3.95417e-45  9.31448e-48  2.02244e-45  2.46181e-47 -3.87059e-46  1.56001e-47  1.18667e-46  3.48461e-48  1.02529e-49  4.58466e-49 -6.20392e-48 -1.56722e-49  2.14274e-48 -4.75965e-50  2.52971e-49 -5.04358e-53  5.49622e-51  7.57321e-51    -4.39e-50  -1.1527e-51   2.5879e-50  1.32924e-51 -1.28039e-50 -9.12706e-52  4.59582e-51  4.57665e-52 -5.17368e-52 -1.62756e-52 -4.73714e-52  3.50732e-53  2.20779e-52 -2.83538e-54
 2.09457e-50  1.28728e-36  4.31569e-50 -2.21095e-35 -8.24506e-50  -2.4358e-37 -9.77332e-50 -6.03636e-35 -1.18618e-49  1.80485e-34 -4.27937e-50 -7.74742e-35  1.90728e-49 -4.28834e-35  1.29797e-49  1.48481e-35  5.85014e-49 -3.75593e-36  1.17559e-49  2.62934e-35 -1.48195e-48  3.84826e-35  6.53414e-48 -5.10477e-35 -5.17802e-47  7.36888e-36 -7.29118e-46  6.01341e-36 -3.61447e-45 -4.01742e-36 -1.21886e-44  4.74573e-36 -2.01441e-44  2.27013e-36 -1.79275e-44 -3.39892e-36  5.89268e-44 -5.00634e-36  2.58145e-43  7.52077e-36  7.98552e-43 -3.85885e-36  1.08874e-42  2.50077e-36  2.30195e-42 -1.06044e-36  2.42756e-42 -2.43094e-37  8.73481e-43  2.69257e-37  -1.5493e-42  8.77326e-38 -9.42224e-42 -1.81677e-37 -1.79055e-42  6.99185e-38  3.54401e-42    3.788e-39  8.43344e-42  1.22517e-38  9.62157e-42  -1.8451e-38  3.66311e-41  8.14496e-39  2.49574e-41 -1.67188e-39  2.27777e-41 -1.32277e-41  7.77562e-42 -8.87897e-40  9.77256e-42 -2.40802e-41 -2.33911e-42  2.41745e-40 -2.23745e-42 -2.12744e-41 -1.83064e-42  2.63642e-41  -1.5679e-42 -4.90022e-42  -4.1286e-43  1.37431e-42 -1.46707e-43 -1.63508e-42 -7.10493e-44  1.99171e-42  -5.3951e-45 -9.37202e-43 -3.28113e-45  5.50453e-44 -2.45262e-45 -1.60193e-44  1.57508e-45  1.58752e-45 -2.46913e-46 -6.11438e-45  7.11672e-48  3.30032e-45  4.61941e-47 -6.45627e-46  2.59158e-47  1.41243e-46  4.08595e-48   2.0179e-47  3.83028e-49 -1.31327e-47 -2.31519e-49    3.655e-48 -7.53627e-50  2.33448e-49 -8.91781e-51  9.15039e-50  1.49666e-50 -1.06727e-49  -5.6473e-51  5.13979e-50  4.47567e-51 -1.37315e-50 -2.54016e-51  -4.3576e-51  1.04343e-51  7.01679e-51 -2.78089e-52 -3.31547e-51  3.58294e-53  5.26963e-52
   2.018e-36  5.25381e-50 -4.40655e-36  4.14473e-50 -1.47032e-35 -1.05111e-49 -3.86574e-36 -2.51568e-50 -6.83391e-35 -4.27937e-50   2.0809e-34  6.48809e-51 -8.60085e-35  3.29271e-49 -6.62641e-35  5.87799e-49 -1.09035e-36  3.51165e-48  2.36061e-35  2.56432e-48   2.6852e-35 -5.41859e-49  4.02723e-35  4.71283e-47 -5.86708e-35 -1.75013e-46  6.32768e-36 -2.62456e-45  1.28424e-35 -1.23768e-44 -5.59771e-36 -3.97655e-44   3.4468e-36 -5.66401e-44  1.60579e-36 -3.70446e-44 -2.06497e-36    2.433e-43 -6.74446e-36  8.27768e-43  9.66317e-36  2.37748e-42 -4.63424e-36  2.66058e-42  2.77516e-36  5.51099e-42 -1.38749e-36  5.47413e-42 -2.54571e-37  8.18822e-43  5.38442e-37 -5.01352e-42  3.21183e-38 -2.53254e-41 -2.92973e-37 -3.14262e-42  1.18094e-37  8.71876e-42  5.07668e-39  1.98867e-41  1.62018e-38  1.80396e-41 -2.68855e-38  7.94163e-41  1.12661e-38   4.7142e-41 -1.91593e-39  4.35679e-41 -4.40242e-40  1.30583e-41 -1.19212e-39  1.84636e-41  -4.5256e-41 -3.90127e-42    3.373e-40 -3.32204e-42 -5.15901e-41 -2.67409e-42  4.79452e-41 -2.33119e-42 -9.36344e-42 -5.76131e-43  3.67012e-42 -2.38187e-43 -3.29763e-42 -9.82522e-44  2.81502e-42 -1.57456e-44 -1.28389e-42 -6.72157e-45  1.07893e-43 -3.72989e-45 -2.58932e-44  2.16613e-45   1.5378e-45 -2.02821e-46 -8.76042e-45  2.98791e-48  5.05824e-45  8.10882e-47 -9.93353e-46  3.91673e-47  1.54017e-46  3.91218e-48  5.38275e-47   1.6523e-49 -2.32699e-47 -3.46493e-49  5.77722e-48 -8.23112e-50  5.83561e-51 -3.64597e-50  2.63605e-49  3.55264e-50 -1.57459e-49 -1.92485e-50  1.82966e-51  1.22151e-50  7.09658e-50 -5.62994e-51 -7.01584e-50  1.73423e-51  3.62372e-50 -2.76533e-52 -9.18302e-51  6.84832e-54
 1.41374e-50  6.09253e-36   8.1851e-50 -1.45511e-35  2.21573e-50 -3.73667e-36 -9.99611e-50 -1.08133e-35  7.97427e-50 -7.74742e-35  6.48809e-51   2.4883e-34  4.87504e-50 -9.38618e-35   7.6534e-49 -9.02459e-35   2.9169e-48 -2.79847e-35  1.90871e-47  5.89092e-35  2.01149e-47  2.36088e-35  2.60241e-47  4.43587e-35  2.77726e-46 -6.46786e-35 -4.49586e-46  1.50111e-36 -8.26303e-45  2.13144e-35 -3.75965e-44 -5.39701e-36 -1.14047e-43  3.38559e-37 -1.26282e-43  -2.5307e-37 -2.37279e-44 -3.54131e-37  9.30695e-43 -8.07638e-36  2.52753e-42  1.16816e-35  6.63632e-42  -5.0697e-36  5.77699e-42  2.83394e-36   1.1749e-41 -1.76947e-36  1.08061e-41 -2.52718e-37 -2.16083e-42  9.04676e-37 -1.52354e-41 -4.19565e-38 -6.41647e-41 -4.28404e-37 -5.14661e-42  1.69823e-37  1.87578e-41  7.18946e-39  4.26366e-41  2.05634e-38  2.93498e-41 -3.63811e-38  1.60368e-40  1.44041e-38  8.12962e-41 -2.01594e-39  7.76425e-41 -1.20438e-39  1.98165e-41 -1.45945e-39  3.21294e-41 -9.34764e-41 -6.11755e-42  4.56355e-40 -4.57161e-42 -1.06048e-40 -3.62034e-42  8.06936e-41 -3.23769e-42 -1.73807e-41 -7.58903e-43  7.33751e-42 -3.78591e-43 -5.71672e-42 -1.27192e-43  3.83045e-42 -3.30417e-44 -1.67561e-42 -1.12846e-44  1.71216e-43 -4.84261e-45 -3.13572e-44  3.05302e-45 -1.64316e-45 -1.23536e-47 -1.16206e-44 -4.81992e-48  7.31673e-45  1.32448e-46  -1.4444e-45  5.42519e-47  1.59034e-46  2.21245e-48  1.00452e-46 -1.45237e-49 -3.63699e-47 -5.49398e-49  8.48474e-48 -1.56375e-50 -3.37926e-49 -1.14871e-49  1.44438e-49  8.98605e-50   3.2907e-49 -5.11525e-50 -6.07238e-49  2.57807e-50  5.48473e-49 -8.60031e-51 -3.13462e-49  1.35492e-51  1.05571e-49  9.15642e-53 -1.39229e-50
-1.35065e-36  3.41772e-50  1.21689e-35  9.07318e-50 -2.48811e-35 -3.45427e-51   7.6418e-36  -6.4808e-50  -2.3721e-35  1.90728e-49 -8.60085e-35  4.87504e-50  3.01157e-34  2.84235e-49 -1.02993e-34  3.02944e-48 -1.10447e-34  1.52555e-47 -6.30111e-35  9.57304e-47   9.8065e-35  1.23949e-46   1.4066e-35  2.37551e-46    5.378e-35  1.45976e-45 -6.78518e-35 -4.61779e-46 -8.63083e-36 -2.17773e-44  3.12002e-35 -9.84958e-44 -1.81051e-36 -2.77606e-43 -5.25517e-36 -1.60579e-43 -3.61133e-36  2.72815e-43  1.31134e-36   3.3047e-42 -8.73716e-36  7.39816e-42  1.34516e-35  1.74489e-41 -5.06117e-36  1.08145e-41   2.6784e-36  2.17237e-41  -2.2141e-36  1.78311e-41 -2.43763e-37 -1.57949e-41  1.35386e-36 -4.30194e-41 -1.26565e-37 -1.53258e-40 -5.71622e-37 -8.34147e-42  2.15392e-37  3.53786e-41  1.05406e-38  8.36225e-41   2.5008e-38  3.95619e-41 -4.62855e-38     3.03e-40  1.71405e-38  1.27843e-40  -1.8519e-39  1.29664e-40 -2.40297e-39  2.70586e-41 -1.61714e-39  5.16603e-41 -1.90364e-40 -9.04839e-42  6.07146e-40 -5.88223e-42 -1.94385e-40 -4.58081e-42  1.26971e-40 -4.23136e-42 -3.02761e-41 -9.60655e-43  1.23401e-41 -5.91725e-43 -8.87946e-42 -1.57118e-43  5.04345e-42 -5.87938e-44 -2.10429e-42  -1.6606e-44  2.42145e-43 -5.24775e-45  -2.8049e-44   4.4915e-45 -1.03977e-44  4.07145e-46 -1.43288e-44  -2.0533e-47  1.00193e-44  2.00465e-46 -2.00597e-45  6.93043e-47  1.63101e-46 -1.87735e-48  1.55686e-46 -3.49347e-49 -5.08128e-47 -9.67647e-49  1.03264e-47  2.38063e-49  1.37404e-48 -3.09537e-49 -3.03649e-48  2.04561e-49  3.96094e-48  -9.9366e-50  -3.5702e-48  3.27548e-50  2.24917e-48 -2.37208e-51 -9.31423e-49 -2.85554e-51  2.04844e-49    7.696e-52
 -1.0895e-51 -3.49319e-36  5.05726e-50  1.79534e-35  7.47029e-50 -3.20869e-35 -1.98942e-50  1.65643e-35 -1.55571e-54 -4.28834e-35  3.29271e-49 -9.38618e-35  2.84235e-49   3.6372e-34  1.83289e-48 -1.16859e-34  1.48561e-47 -1.22676e-34  7.70879e-47 -1.00275e-34  4.46717e-46  1.34684e-34  6.70792e-46 -3.05332e-36  1.51542e-45  7.03153e-35   7.0918e-45 -6.71045e-35  3.91814e-45  -2.4991e-35 -4.15531e-44  4.21647e-35   -2.057e-43  6.72688e-36 -5.15811e-43 -1.36216e-35  3.36995e-43 -8.51325e-36  1.93637e-42  2.34131e-36  1.09169e-41 -8.61212e-36  2.08516e-41  1.49377e-35  4.33595e-41 -4.57479e-36   1.5978e-41  2.35056e-36  3.24134e-41 -2.71839e-36  2.10299e-41 -2.40811e-37  -6.0249e-41  1.85055e-36 -1.12635e-40 -2.10853e-37 -3.45228e-40 -6.97538e-37 -1.46834e-41  2.43565e-37  5.78069e-41  1.53678e-38   1.5059e-40  2.93792e-38  3.78652e-41 -5.61154e-38  5.37646e-40  1.90826e-38  1.82431e-40 -1.24367e-39  2.04046e-40 -4.11967e-39  3.29075e-41 -1.58431e-39  7.68718e-41 -3.65095e-40 -1.26458e-41  8.00296e-40 -7.17353e-42 -3.25071e-40  -5.4861e-42  1.87685e-40 -5.24673e-42 -4.86884e-41 -1.19439e-42  1.81689e-41 -9.08721e-43 -1.26297e-41 -1.89719e-43  6.45952e-42 -9.35785e-44 -2.57097e-42 -2.20539e-44  3.20919e-43 -4.24728e-45 -1.30201e-44  6.83862e-45  -2.6722e-44  1.13234e-45 -1.65644e-44 -5.10822e-47  1.30106e-44  2.80297e-46 -2.66573e-45  8.22838e-47  1.75796e-46 -9.19017e-48  2.08843e-46  2.23823e-50 -5.81554e-47 -1.88705e-48  6.46065e-49  8.59725e-49  1.79772e-47 -6.67466e-49 -2.17579e-47  3.29543e-49  2.00133e-47 -7.90417e-50 -1.38031e-47 -3.00491e-50  6.72658e-48  3.77516e-50 -2.02451e-48 -1.33252e-50  2.44391e-49
 1.80498e-36  1.80412e-51 -4.65687e-36  5.09385e-50  2.17096e-35  4.40608e-50 -3.46615e-35 -1.21448e-50  1.99912e-35  1.29797e-49 -6.62641e-35   7.6534e-49 -1.02993e-34  1.83289e-48  4.35601e-34  1.04332e-47 -1.39372e-34  7.26805e-47  -1.2431e-34  3.66654e-46 -1.31694e-34  1.95336e-45  1.61991e-34   3.3092e-45 -2.75435e-35  8.17953e-45  9.36808e-35  3.23422e-44 -6.15481e-35  3.64728e-44 -4.76775e-35 -1.17211e-44  5.35368e-35 -2.40675e-43  2.13287e-35 -3.86764e-43 -2.44016e-35  3.53247e-42 -1.46396e-35  8.85559e-42  2.12268e-36  3.36247e-41 -7.78126e-36   5.6713e-41   1.6177e-35  1.02023e-40 -3.62902e-36  1.19321e-41  1.91125e-36   2.8861e-41 -3.25125e-36  1.55674e-42 -2.64461e-37 -1.81676e-40  2.33825e-36 -2.74002e-40 -2.81144e-37 -7.34024e-40 -7.76364e-37 -2.99528e-41  2.43891e-37  7.86354e-41  2.16112e-38  2.49309e-40  3.39425e-38  3.21435e-42 -6.58288e-38  8.98663e-40  1.99494e-38  2.33528e-40  5.23851e-41  3.04228e-40 -6.41647e-39  3.48862e-41 -1.28174e-39  1.05816e-40 -6.52348e-40 -1.67004e-41  1.04487e-39 -8.47545e-42 -5.02478e-40 -6.35097e-42  2.61153e-40 -6.23147e-42 -7.18305e-41   -1.492e-42  2.37446e-41 -1.36594e-42 -1.66701e-41 -2.29789e-43  8.09196e-42 -1.36395e-43 -3.09132e-42 -2.68222e-44  4.14055e-43 -1.08228e-45  1.29752e-44  1.04956e-44 -5.09871e-44  2.20684e-45 -1.82108e-44 -1.04418e-46   1.6032e-44   3.6088e-46 -3.38345e-45  9.20252e-47  2.16784e-46 -2.04806e-47  2.23333e-46  1.80568e-48 -1.38987e-47 -3.65697e-48 -7.38423e-47   1.7865e-48   1.0317e-46 -7.96658e-49 -9.88957e-47 -3.99858e-50  7.39989e-47  4.02372e-49 -4.12528e-47 -3.48579e-49  1.55701e-47  1.50058e-49 -3.17073e-48 -2.41448e-50
-2.69511e-51  2.61943e-36  7.27163e-51  -2.7487e-36  3.05318e-50  2.32442e-35  8.89035e-51 -3.17011e-35  7.37004e-50  1.48481e-35  5.87799e-49 -9.02459e-35  3.02944e-48 -1.16859e-34  1.04332e-47  5.15824e-34  5.36463e-47 -1.73681e-34  3.37683e-46 -1.15971e-34  1.63842e-45 -1.48544e-34  8.05155e-45  1.75438e-34  1.51339e-44 -5.82079e-35  3.95039e-44  1.21135e-34  1.39271e-43 -5.02466e-35   2.0729e-43 -7.58927e-35  3.91338e-43   6.4101e-35  5.50943e-43  4.22629e-35   2.3319e-42  -3.6514e-35  1.70447e-41  -2.1328e-35  3.32873e-41  2.34937e-37  9.67411e-41 -6.50336e-36  1.48864e-40  1.72243e-35  2.27381e-40 -2.26819e-36 -3.11483e-41  1.42015e-36 -3.34521e-41 -3.73789e-36 -8.98433e-41 -3.42195e-37 -4.74884e-40  2.74585e-36 -6.21538e-40 -3.21366e-37 -1.47513e-39 -7.79945e-37 -6.82723e-41  2.09032e-37  7.78933e-41  2.88535e-38  3.78666e-40  3.94938e-38 -9.72622e-41 -7.59365e-38   1.4184e-39  1.96201e-38  2.61362e-40  2.31815e-39  4.32183e-40 -9.33031e-39  3.07107e-41 -6.41208e-40   1.3429e-40 -1.08756e-39 -2.07872e-41  1.34302e-39 -1.00112e-41 -7.24431e-40 -7.34467e-42  3.42291e-40 -7.16383e-42  -9.6952e-41 -1.90404e-42  2.74732e-41 -2.00035e-42 -2.05946e-41 -2.84636e-43  9.96321e-42 -1.84033e-43  -3.6959e-42 -3.00873e-44  5.36661e-43  4.93363e-45  4.32119e-44  1.58015e-44 -8.08532e-44   3.6117e-45   -1.946e-44 -1.85321e-46  1.87582e-44  4.25427e-46 -4.12716e-45   9.9378e-47  3.84484e-46 -3.62007e-47  3.65071e-47  5.40649e-48   2.8154e-46 -5.18888e-48 -4.22655e-46   7.7584e-49  4.35854e-46  1.95466e-48 -3.52155e-46 -3.08366e-48   2.2005e-46  2.55199e-48 -9.91016e-47 -1.29198e-48  2.78523e-47  3.40848e-49 -3.15451e-48
-3.19329e-37 -2.78049e-51  1.33832e-36  1.18895e-50  3.07696e-36 -8.46227e-51  2.34481e-35 -3.34612e-50 -2.19201e-35  5.85014e-49 -1.09035e-36   2.9169e-48 -1.10447e-34  1.48561e-47 -1.39372e-34  5.36463e-47  6.03271e-34  2.55828e-46 -2.21285e-34   1.4819e-45  -1.0283e-34  6.90097e-45 -1.43162e-34  3.14303e-44  1.74882e-34  6.47281e-44 -9.35497e-35  1.74792e-43  1.47471e-34  5.67031e-43 -3.19247e-35    9.599e-43 -1.08006e-34  2.53968e-42   7.2107e-35  5.28105e-42  6.87178e-35  1.57583e-41 -4.83162e-35  6.41503e-41 -2.77285e-35  1.10016e-40 -3.33941e-36  2.60365e-40 -5.14005e-36  3.76563e-40  1.80878e-35  4.79333e-40 -5.48977e-37 -1.91413e-40  9.27705e-37 -2.61452e-40 -4.05515e-36 -3.64386e-40 -5.06404e-37 -1.11677e-39  3.00077e-36    -1.32e-39   -3.146e-37 -2.80712e-39 -6.88764e-37  -1.5923e-40  1.36418e-37  1.67886e-41  3.63258e-38  5.23752e-40   4.7189e-38 -3.05141e-40 -8.73697e-38  2.11799e-39  1.81388e-38  2.39474e-40  5.81692e-39  5.88408e-40 -1.28737e-38  1.94959e-41  3.85539e-40  1.55782e-40  -1.6995e-39  -2.4204e-41  1.68554e-39 -1.22218e-41 -9.81241e-40  -8.8455e-42  4.22692e-40 -8.05112e-42 -1.19336e-40 -2.49271e-42  2.74989e-41 -2.84289e-42 -2.39343e-41 -3.62266e-43  1.20909e-41 -2.30572e-43 -4.42269e-42 -3.11898e-44  7.12682e-43  1.42561e-44  6.36911e-44  2.28991e-44 -1.10784e-43  5.24314e-45 -2.08451e-44 -2.89363e-46  2.09728e-44  4.54483e-46 -5.10833e-45  1.06222e-46  1.18047e-45 -5.28807e-47 -1.03072e-45  4.42796e-48  1.57475e-45  4.15656e-48 -1.72434e-45 -1.46238e-47  1.50405e-45  1.84746e-47 -1.03851e-45 -1.56803e-47  5.40309e-46  9.12122e-48 -1.91608e-46 -3.26031e-48  3.67347e-47  4.71432e-49
-2.45807e-51   4.2706e-38  3.47755e-52 -2.83155e-36  1.19579e-50  1.19925e-35 -7.29105e-50  2.36038e-35 -7.70329e-50 -3.75593e-36  3.51165e-48 -2.79847e-35  1.52555e-47 -1.22676e-34  7.26805e-47 -1.73681e-34  2.55828e-46   6.9781e-34   1.1436e-45 -2.82107e-34  6.14953e-45 -9.46809e-35  2.74838e-44 -1.10481e-34   1.1659e-43  1.65354e-34  2.60203e-43 -1.32046e-34  7.17139e-43  1.65495e-34  2.18193e-42 -5.03206e-36  3.90011e-42 -1.41732e-34  1.13732e-41  7.55872e-35  2.45059e-41  9.88289e-35  6.48417e-41 -5.79714e-35  2.08501e-40 -3.30341e-35  3.29057e-40 -8.10268e-36  6.56124e-40 -4.04317e-36  9.15944e-40  1.86853e-35  9.52464e-40  1.45347e-36 -6.49743e-40  4.77995e-37 -8.78214e-40 -4.04303e-36 -1.04918e-39 -7.91489e-37 -2.40875e-39  3.04599e-36 -2.63507e-39 -2.46276e-37 -5.06968e-39 -4.97616e-37 -3.57273e-40  2.87511e-38 -1.65739e-40  4.29988e-38  6.47761e-40  5.80536e-38 -6.60024e-40 -1.01141e-37  2.99631e-39  1.56879e-38   1.3946e-40  1.07196e-38  7.72546e-40 -1.70379e-38   3.0571e-42  1.81734e-39  1.62032e-40 -2.50091e-39 -2.58786e-41  2.05048e-39 -1.56705e-41 -1.25678e-39 -1.14603e-41  4.91871e-40 -8.90081e-42  -1.3303e-40 -3.31972e-42   2.2137e-41 -3.91097e-42 -2.61994e-41 -4.68988e-43  1.44572e-41  -2.6717e-43  -5.3027e-42 -2.97795e-44  9.72347e-43  2.69415e-44  5.38017e-44  3.16176e-44 -1.32455e-43  6.90887e-45 -2.34401e-44 -3.99951e-46  2.32813e-44  4.37517e-46 -7.75967e-45  1.00476e-46    4.703e-45 -3.95674e-47 -5.42059e-45 -4.54998e-47  6.22103e-45  7.71501e-47 -5.81251e-45 -9.37004e-47  4.39011e-45  8.36781e-47    -2.58e-45 -5.49295e-47  1.09641e-45  2.44928e-47 -2.90679e-46 -5.96674e-48  3.08843e-47
-4.24917e-37 -7.02193e-51  7.55155e-37  4.86712e-51 -9.52925e-36  1.84983e-51  2.19031e-35 -2.18511e-49  2.46316e-35  1.17559e-49  2.36061e-35  1.90871e-47 -6.30111e-35  7.70879e-47  -1.2431e-34  3.37683e-46 -2.21285e-34   1.1436e-45  8.02681e-34  4.80331e-45 -3.55754e-34  2.41508e-44 -1.04311e-34  1.03709e-43 -4.92581e-35  4.11892e-43   1.5598e-34  9.86054e-43 -1.71797e-34  2.74748e-42  1.67212e-34  7.93039e-42  3.15789e-35  1.43373e-41 -1.74392e-34  4.27674e-41  7.29112e-35  8.96787e-41  1.29967e-34  2.17259e-40   -6.392e-35  6.08194e-40  -3.6681e-35  9.04281e-40 -1.30958e-35  1.54883e-39 -3.44333e-36  2.13727e-39  1.88385e-35  1.77302e-39  3.63155e-36 -1.78713e-39  1.12443e-37 -2.29971e-39 -3.53199e-36 -2.57335e-39 -1.23065e-36 -4.82037e-39  2.85673e-36 -4.96277e-39 -1.08873e-37 -8.71197e-39 -2.18126e-37 -7.51576e-40 -1.06794e-37 -5.49326e-40  4.78341e-38  6.84192e-40   7.2284e-38 -1.18019e-39 -1.17939e-37  4.01987e-39   1.2554e-38 -6.18916e-41  1.70434e-38  9.84527e-40 -2.17956e-38 -1.31267e-41  3.63339e-39    1.442e-40 -3.47821e-39 -2.42299e-41  2.40525e-39 -2.07837e-41 -1.53118e-39 -1.59983e-41   5.3949e-40 -9.66756e-42 -1.32263e-40 -4.43252e-42   1.0398e-41 -5.20143e-42  -2.6911e-41 -6.07398e-43  1.69737e-41 -2.82399e-43 -6.34411e-42 -2.58702e-44  1.34688e-42  4.24861e-44 -1.07293e-44  4.14134e-44 -1.35525e-43  8.35954e-45 -3.03081e-44 -5.12965e-46  2.97715e-44  4.28896e-46 -1.81168e-44 -2.71372e-47  1.83241e-44  1.71975e-46 -2.06528e-44 -3.48772e-46  2.05078e-44  4.17385e-46   -1.678e-44 -3.96162e-46  1.09567e-44   2.8959e-46  -5.3949e-45  -1.5374e-46  1.80568e-45  5.17222e-47 -3.24015e-46 -7.17086e-48
-3.48838e-51 -1.00726e-36 -1.58057e-50  1.52958e-36  1.32564e-51 -1.76382e-35 -3.10331e-50  3.03846e-35 -6.23466e-49  2.62934e-35  2.56432e-48  5.89092e-35  9.57304e-47 -1.00275e-34  3.66654e-46 -1.15971e-34   1.4819e-45 -2.82107e-34  4.80331e-45  9.27256e-34  1.89329e-44 -4.43288e-34  8.97353e-44 -1.44484e-34   3.7117e-43  3.70479e-35   1.3875e-42  1.57319e-34  3.52925e-42  -2.0989e-34  9.87449e-42  1.45752e-34  2.72173e-41  7.74757e-35  4.84516e-41 -2.03223e-34  1.43334e-40  6.33754e-35  2.85432e-40  1.59192e-34  6.38439e-40 -6.53179e-35  1.62254e-39 -3.84279e-35  2.30389e-39 -1.71246e-35  3.42415e-39  -3.3763e-36  4.77432e-39  1.83011e-35     3.06e-39  5.84363e-36  -4.3439e-39 -1.36534e-37 -5.22764e-39 -2.37883e-36 -5.69686e-39 -1.85254e-36 -9.01728e-39  2.45157e-36 -8.84789e-39   9.2774e-38  -1.4286e-38  1.22956e-37  -1.4728e-39 -2.60507e-37  -1.2175e-39  5.03143e-38   5.3127e-40  8.85821e-38 -1.83712e-39 -1.37829e-37  5.11755e-39  9.10136e-39 -3.75466e-40  2.46344e-38  1.22583e-39 -2.71034e-38 -1.96487e-41  5.76331e-39  9.44641e-41 -4.58155e-39 -1.69938e-41  2.71034e-39 -2.74342e-41 -1.78355e-39 -2.33998e-41  5.57869e-40 -1.01953e-41 -1.13176e-40 -5.85299e-42 -7.54111e-42 -6.68522e-42 -2.56366e-41 -7.75566e-43  1.94642e-41 -2.63446e-43 -7.52283e-42 -1.97863e-44  1.86204e-42  5.97172e-44 -1.54319e-43  5.13774e-44 -1.05929e-43  9.41813e-45 -5.27865e-44 -8.02767e-46  5.68318e-44  8.12899e-46 -5.68711e-44 -8.46923e-46  6.42419e-44  1.31102e-45 -6.65103e-44  -1.6786e-45  5.84526e-44  1.68957e-45 -4.18497e-44 -1.36086e-45  2.33092e-44  8.34902e-46  -9.3398e-45 -3.55209e-46   2.3073e-45  8.36879e-47 -2.22825e-46
 7.94516e-38 -1.08013e-50 -1.63193e-36 -4.65214e-50   2.1654e-36  -6.5387e-50 -2.61152e-35 -5.78214e-50   3.5858e-35 -1.48195e-48   2.6852e-35  2.01149e-47   9.8065e-35  4.46717e-46 -1.31694e-34  1.63842e-45  -1.0283e-34  6.14953e-45 -3.55754e-34  1.89329e-44   1.0884e-33  6.98395e-44 -5.48133e-34  3.15099e-43 -2.24483e-34  1.26032e-42  1.39968e-34  4.45838e-42  1.77883e-34  1.19463e-41 -2.42082e-34  3.34029e-41  9.76464e-35  8.82206e-41  1.29485e-34  1.51954e-40 -2.25679e-34  4.39709e-40  4.75958e-35  8.20315e-40  1.83719e-34   1.6963e-39 -6.23109e-35  4.00115e-39  -3.8287e-35  5.47343e-39 -1.90936e-35   7.0829e-39 -3.66742e-36  1.01941e-38  1.68023e-35  4.80706e-39  7.93795e-36 -9.65501e-39 -2.65122e-37 -1.07362e-38 -5.01695e-37 -1.16894e-38 -2.67723e-36 -1.58481e-38  1.89414e-36 -1.49795e-38  3.37133e-37 -2.24226e-38  4.89685e-37 -2.69183e-39 -4.22904e-37 -2.23127e-39  5.13389e-38  5.04772e-41  1.03819e-37   -2.531e-39 -1.60202e-37  6.18376e-39  5.75464e-39 -7.96108e-40  3.32107e-38  1.50027e-39 -3.29016e-38 -3.73531e-42  8.08018e-39   7.7578e-42  -5.7164e-39 -1.09182e-42  2.92129e-39 -3.44444e-41 -1.99319e-39 -3.46238e-41  5.43779e-40 -1.01852e-41 -7.53364e-41 -7.57067e-42 -3.00781e-41 -8.30449e-42 -2.20591e-41 -9.67679e-43  2.16889e-41 -1.98413e-43 -8.78737e-42  -1.2086e-44  2.53516e-42  7.68752e-44 -4.04228e-43  6.01334e-44 -1.29791e-44  1.05075e-44 -1.31727e-43 -2.40846e-45   1.5864e-43  3.41756e-45 -1.84839e-43  -4.7652e-45  1.99848e-43  6.09248e-45 -1.86744e-43  -6.5731e-45  1.44993e-43   5.7777e-45 -8.96898e-44 -4.01201e-45  4.15186e-44  2.05317e-45 -1.28543e-44 -6.72542e-46  2.06378e-45  9.14561e-47
-8.39163e-52   1.2448e-37 -4.06118e-50 -2.27403e-36 -2.31475e-49  2.72346e-36 -5.00352e-49 -3.45052e-35   5.3008e-49  3.84826e-35 -5.41859e-49  2.36088e-35  1.23949e-46  1.34684e-34  1.95336e-45 -1.48544e-34  6.90097e-45 -9.46809e-35  2.41508e-44 -4.43288e-34  6.98395e-44  1.30865e-33  2.40212e-43 -6.74882e-34  1.04392e-42  -3.4726e-34  4.05959e-42  2.46645e-34  1.36625e-41  2.20936e-34  3.82824e-41 -2.63277e-34  1.06626e-40  2.46437e-35  2.70221e-40  1.81248e-34  4.45012e-40 -2.39693e-34  1.25276e-39  2.75381e-35  2.16856e-39  2.01288e-34    4.138e-39 -5.60576e-35  9.17982e-39 -3.63568e-35  1.21728e-38 -1.83366e-35  1.36807e-38 -3.97206e-36  2.07845e-38  1.40829e-35   6.6222e-39  9.79844e-36 -1.99569e-38 -3.23812e-37 -2.03106e-38  2.09442e-36 -2.25571e-38   -3.711e-36 -2.62591e-38  1.28458e-36 -2.41541e-38   5.8434e-37 -3.37898e-38  8.45928e-37 -4.60618e-39 -5.87888e-37 -3.59583e-39  5.44258e-38 -9.29311e-40  1.13243e-37 -3.07864e-39 -1.83983e-37  7.09216e-39  2.97846e-39 -1.30547e-39  4.24585e-38  1.81354e-39  -3.9112e-38  4.94877e-41  1.03997e-38 -1.16691e-40 -6.73828e-39  2.73137e-41  2.98603e-39 -3.91696e-41 -2.13798e-39 -5.05017e-41  4.98765e-40 -9.21961e-42 -2.24355e-41 -9.54009e-42 -5.42626e-41 -9.97251e-42 -1.60949e-41 -1.17583e-42  2.34165e-41 -7.95563e-44 -1.00844e-41 -3.76625e-45  3.38858e-42  9.24077e-44 -8.18682e-43  6.47876e-44  2.37744e-43  1.48554e-44 -3.97845e-43 -1.06546e-44  4.90116e-43  1.56785e-44 -5.55975e-43  -2.0649e-44  5.50144e-43  2.34662e-44 -4.58603e-43 -2.23989e-44  3.10373e-43  1.73331e-44 -1.61647e-43 -1.03304e-44   5.9235e-44  4.30233e-45  -1.2783e-44 -9.98006e-46  9.69273e-46
 1.99197e-37 -1.02084e-50  1.54529e-37 -2.35119e-49 -2.94392e-36 -1.38439e-48  3.50777e-36 -2.76554e-48 -4.28248e-35  6.53414e-48  4.02723e-35  2.60241e-47   1.4066e-35  6.70792e-46  1.61991e-34  8.05155e-45 -1.43162e-34  2.74838e-44 -1.04311e-34  8.97353e-44 -5.48133e-34  2.40212e-43  1.61029e-33    7.667e-43 -8.25886e-34   3.2564e-42 -5.07917e-34  1.23996e-41  3.41681e-34  3.99065e-41  2.82667e-34  1.16241e-40 -2.68802e-34  3.21863e-40 -6.58549e-35  7.82807e-40  2.23986e-34  1.22229e-39 -2.43865e-34  3.34451e-39  6.15835e-36  5.32946e-39  2.10361e-34  9.34737e-39 -4.84896e-35  1.96756e-38 -3.26576e-35  2.54114e-38 -1.48259e-35  2.45867e-38 -3.85182e-36  4.04467e-38  9.91383e-36  7.25626e-39  1.13956e-35 -3.87224e-38 -4.36381e-37 -3.57785e-38  5.30658e-36 -4.12934e-38 -4.94003e-36 -4.11116e-38  7.42272e-37 -3.72055e-38  7.78792e-37 -4.90355e-38   1.1653e-36 -7.41339e-39 -7.55721e-37 -5.23152e-39  6.69219e-38 -2.60148e-39  1.11286e-37 -3.22574e-39 -2.08014e-37   7.7189e-39  1.24245e-39 -1.88277e-39  5.21436e-38  2.17107e-39 -4.56342e-38  1.55244e-40  1.24878e-38 -2.74286e-40 -7.45277e-39  7.24132e-41  2.83793e-39  -3.7371e-41  -2.1912e-39 -7.15553e-41  4.27843e-40  -6.8594e-42  3.81708e-41 -1.16807e-41 -7.62486e-41 -1.15773e-41 -8.04567e-42 -1.39226e-42  2.45344e-41  9.36859e-44 -1.14195e-41   2.1155e-45  4.51566e-42  1.08515e-43 -1.58828e-42  5.55616e-44   9.3758e-43  3.72182e-44 -1.21651e-42 -4.69339e-44  1.43366e-42  6.46738e-44 -1.49784e-42 -7.78278e-44  1.33048e-42  7.99026e-44 -9.72337e-43 -6.81335e-44  5.57483e-43  4.62342e-44 -2.31908e-43 -2.32615e-44  6.04069e-44  7.52571e-45 -6.89202e-45 -1.01443e-45
-1.41693e-51  6.54148e-37 -1.00998e-49  2.63255e-37 -1.50786e-48 -3.46166e-36 -7.82609e-48  4.77993e-36 -1.28907e-47 -5.10477e-35  4.71283e-47  4.43587e-35  2.37551e-46 -3.05332e-36   3.3092e-45  1.75438e-34  3.14303e-44 -1.10481e-34  1.03709e-43 -1.44484e-34  3.15099e-43 -6.74882e-34    7.667e-43   2.0065e-33  2.25532e-42 -9.96962e-34  9.54107e-42 -6.93759e-34  3.58962e-41  4.10099e-34   1.1102e-40  3.52562e-34  3.34705e-40 -2.55987e-34  9.20431e-40 -1.62172e-34  2.14688e-39  2.48453e-34  3.15876e-39 -2.37603e-34  8.41682e-39 -1.32325e-35  1.22574e-38  2.10195e-34  1.96483e-38 -4.18765e-35  3.94992e-38 -2.70645e-35  4.98845e-38  -9.1873e-36  4.08657e-38 -2.86013e-36   7.5122e-38   4.0995e-36  3.88257e-39   1.2824e-35 -7.09206e-38 -8.01661e-37 -5.90671e-38  8.93911e-36 -7.20988e-38 -6.32541e-36 -6.08934e-38  3.83994e-37 -5.49148e-38  8.56716e-37 -6.87114e-38  1.43921e-36 -1.12785e-38 -9.35073e-37 -6.96354e-39  1.00679e-37 -5.16589e-39   9.2836e-38 -2.69208e-39 -2.31486e-37  7.97113e-39  9.70487e-40 -2.52196e-39   6.2194e-38  2.57404e-39 -5.23411e-38  3.26996e-40  1.40785e-38 -4.54593e-40 -7.62415e-39  1.37901e-40  2.38897e-39 -2.35862e-41 -2.11901e-39 -9.77836e-41  3.37162e-40 -2.79908e-42  9.70855e-41 -1.38782e-41 -9.20517e-41 -1.29896e-41  1.25926e-42 -1.61235e-42  2.51931e-41  3.15577e-43 -1.30067e-41 -7.20619e-45  6.28885e-42  1.45413e-43 -3.31296e-42 -6.24498e-45  2.88418e-42  1.35761e-43 -3.46564e-42 -1.88741e-43  3.77612e-42  2.40156e-43 -3.54922e-42 -2.64365e-43  2.76808e-42  2.45904e-43 -1.71274e-42 -1.86884e-43  7.79901e-43  1.09885e-43 -2.25815e-43 -4.53174e-44  2.81605e-44  1.04396e-44  5.47233e-46
