 3.31884e-09   9.6399e-23 -4.86776e-08 -2.27443e-21  2.53701e-07  1.53649e-20 -7.05125e-07 -5.61438e-20  1.14659e-06  1.35019e-19 -1.05261e-06 -2.39502e-19  3.92406e-07  3.43448e-19  1.41603e-07 -4.24657e-19  -1.3628e-07  4.50406e-19 -3.44905e-08  -3.7077e-19  3.32067e-08  1.85258e-19  1.52689e-08  4.85912e-21 -4.25139e-09 -8.70193e-20 -5.13443e-09  6.07935e-20  -9.8267e-10 -8.97881e-21  7.39193e-10 -1.38087e-20  5.56368e-10  1.06748e-20  1.20307e-10 -2.12377e-21 -4.86428e-11 -1.29726e-21 -4.87723e-11  4.72177e-22 -1.78926e-11  3.58116e-22 -1.59665e-12 -1.33885e-22  2.00824e-12 -6.60082e-23  1.38242e-12  6.89693e-24  4.92691e-13  1.42198e-23  8.99695e-14  4.70949e-24 -1.25224e-14 -3.37519e-24 -1.76926e-14  -1.0709e-24 -8.26111e-15  4.26914e-25 -2.59148e-15  1.78185e-25  -5.6378e-16  -4.5652e-26 -5.75671e-17 -3.37317e-26  1.77457e-17  2.38005e-27  1.29605e-17  7.22838e-27  4.84092e-18  1.99398e-27  1.36597e-18 -8.61935e-28  3.14323e-19 -6.04503e-28  5.95007e-20 -1.15622e-28  8.83421e-21  2.64086e-29  8.16099e-22  3.25222e-29 -4.55252e-23   1.4018e-29 -4.44184e-23  2.62027e-30   -1.327e-23 -3.51731e-31 -2.91908e-24 -4.15486e-31 -5.35623e-25 -1.66137e-31  -8.5547e-26 -4.80271e-32 -1.21168e-26  -1.1856e-32 -1.53526e-27 -2.62058e-33 -1.74618e-28  -5.3216e-34 -1.78306e-29 -1.07625e-34  -1.6307e-30 -2.17946e-35 -1.32942e-31 -4.00076e-36 -9.59215e-33 -6.31778e-37 -6.06346e-34 -8.57744e-38 -3.30954e-35 -9.87375e-39 -1.52672e-36 -9.42586e-40 -5.75625e-38 -7.39764e-41 -1.67805e-39 -4.69872e-42 -3.34988e-41 -2.33126e-43 -2.11707e-43 -8.68032e-45  1.19469e-44 -2.28113e-46  3.82172e-46 -3.64608e-48  3.32882e-48 -2.27161e-50
  9.6399e-23  7.23781e-08  1.34978e-21 -5.96682e-07 -2.19851e-20  2.32291e-06  1.16946e-19 -5.18102e-06 -3.52361e-19  6.84993e-06  7.11325e-19 -4.85393e-06 -1.06789e-18  8.09608e-07  1.32257e-18  1.13243e-06 -1.48663e-18 -3.83443e-07  1.51831e-18 -3.16434e-07 -1.22888e-18  6.44599e-08  5.93407e-19  9.66356e-08  2.42363e-20  1.15847e-08 -2.59962e-19 -1.96042e-08  1.68539e-19 -1.05691e-08 -2.71404e-20 -2.11592e-10 -2.93592e-20  2.19931e-09   2.3692e-20  1.14678e-09 -3.91357e-21  1.62402e-10 -4.27177e-21 -1.29643e-10  1.15055e-21 -1.00886e-10  1.30008e-21 -3.44834e-11  -3.5109e-22 -3.23861e-12 -2.41276e-22   3.4167e-12  2.90439e-24  2.40861e-12  4.59317e-23  9.02568e-13  1.62083e-23  2.02099e-13 -9.08437e-24   5.4569e-15 -2.91227e-24  -1.9238e-14  1.15485e-24 -1.08397e-14  3.67787e-25 -3.84437e-15 -1.79384e-25 -1.01079e-15 -8.39631e-26 -1.90871e-16  2.03762e-26 -1.68196e-17  2.53571e-26   5.1376e-18  4.85802e-27  3.34347e-18 -3.56447e-27  1.15093e-18 -2.08735e-27  3.04742e-19  -3.4725e-28   6.7323e-20  1.22645e-28  1.27231e-20  1.22088e-28  2.05591e-21  4.91275e-29  2.76319e-22  8.80244e-30  2.80999e-23 -1.24482e-30  1.28187e-24 -1.41748e-30  -2.8663e-25 -5.65364e-31 -1.03685e-25 -1.65849e-31 -2.10847e-26 -4.17626e-32 -3.36073e-27 -9.31233e-33 -4.53706e-28 -1.87202e-33 -5.34017e-29 -3.58657e-34 -5.54721e-30  -6.5868e-35 -5.10785e-31 -1.09065e-35 -4.16802e-32  -1.5686e-36 -3.00327e-33  -1.9461e-37 -1.89789e-34 -2.04891e-38 -1.04104e-35 -1.79277e-39 -4.88612e-37 -1.28624e-40 -1.92472e-38 -7.39189e-42 -6.17778e-40 -3.26618e-43  -1.5445e-41 -1.05398e-44 -2.76949e-43 -2.26781e-46 -3.14387e-45 -2.57602e-48 -1.51874e-47
-4.86776e-08  1.34978e-21  7.71037e-07  1.07718e-20 -4.37285e-06 -1.32479e-19  1.33748e-05  5.73846e-19 -2.43964e-05 -1.45009e-18  2.61988e-05   2.4726e-18 -1.35578e-05 -3.11923e-18 -1.15232e-06  3.28059e-18    4.261e-06 -3.35722e-18 -5.30438e-08  3.39635e-18 -1.19415e-06 -2.76158e-18 -1.65674e-07  1.28592e-18  2.75845e-07  8.06048e-20  1.27138e-07 -5.16721e-19  -2.1472e-08   2.9939e-19 -3.90113e-08 -5.05293e-20 -1.27546e-08 -4.10111e-20  2.33452e-09  3.96805e-20  3.85118e-09 -6.46567e-21  1.57909e-09 -9.86287e-21  1.33795e-10  2.09925e-21 -2.09123e-10  3.19491e-21 -1.41134e-10 -6.04589e-22 -4.69037e-11   -5.822e-22 -5.45239e-12 -3.62111e-23  3.56552e-12   9.4006e-23  2.75027e-12   3.6946e-23  1.09899e-12 -1.51675e-23  2.88285e-13 -4.75113e-24  3.78742e-14  2.11267e-24 -8.75588e-15  3.21292e-25 -8.06998e-15 -4.92243e-25 -3.33727e-15 -1.38663e-25 -1.00545e-15  7.84258e-26 -2.37695e-16  6.27718e-26 -4.28989e-17  6.91908e-27 -4.69305e-18 -1.02316e-26  3.48941e-19 -5.06856e-27  3.74645e-19 -6.71892e-28  1.30414e-19  3.92476e-28  3.34043e-20  3.22302e-28   7.1092e-21  1.20746e-28  1.30976e-21  2.05289e-29  2.12348e-22 -3.18024e-30  3.04419e-23 -3.40129e-30   3.8445e-24 -1.34616e-30  4.21801e-25 -3.96989e-31  3.88922e-26 -1.00234e-31  2.75791e-27 -2.21506e-32   1.0006e-28 -4.34888e-33 -9.49182e-30 -7.90032e-34 -2.56048e-30 -1.33507e-34 -3.43241e-31 -2.01819e-35 -3.46103e-32 -2.65654e-36 -2.84849e-33 -3.01388e-37 -1.96006e-34 -2.89603e-38 -1.13084e-35 -2.30983e-39 -5.42189e-37 -1.50175e-40 -2.12138e-38  -7.7175e-42 -6.55209e-40 -2.98549e-43 -1.50844e-41 -8.11541e-45 -2.33885e-43  -1.3504e-46 -1.97351e-45 -8.85981e-49
-2.27443e-21 -5.96682e-07  1.07718e-20  5.34885e-06  5.98707e-20 -2.28446e-05 -5.85157e-19  5.66751e-05  2.11458e-18 -8.54873e-05 -4.54587e-18  7.37483e-05  6.58186e-18 -2.43851e-05 -6.88991e-18 -1.22353e-05  5.95122e-18  9.76041e-06 -5.55141e-18  3.08049e-06  5.85109e-18 -2.52741e-06 -4.90001e-18 -1.29339e-06  2.15843e-18  3.38928e-07  2.28315e-19   4.4301e-07 -7.89293e-19  8.45728e-08  3.84901e-19 -6.95652e-08 -7.85797e-20 -5.15926e-08 -3.57342e-20 -1.02735e-08  6.03716e-20  5.45068e-09 -1.14692e-20  4.97872e-09 -1.92151e-20  1.72238e-09  3.20805e-21  7.82213e-11  6.25338e-21 -2.47374e-10 -7.21471e-22 -1.54583e-10 -1.06896e-21 -5.16719e-11 -1.46928e-22 -7.78695e-12  1.35832e-22  2.39795e-12  6.45245e-23  2.30672e-12 -1.63819e-23  1.00069e-12  -4.4105e-24  2.97442e-13  3.04284e-24  5.92478e-14 -3.77808e-25  3.60313e-15 -1.06882e-24 -3.14841e-15 -1.58791e-25 -1.81279e-15  2.09116e-25 -6.33587e-16  1.24012e-25 -1.71853e-16  3.37408e-27 -3.82031e-17 -2.33664e-26 -6.94081e-18 -9.85133e-27 -9.61136e-19 -8.75115e-28  -6.9664e-20  9.92575e-28  1.16924e-20  6.88861e-28  6.45595e-21  2.40248e-28  1.75952e-21  3.83665e-29  3.69595e-22 -6.70111e-30  6.56226e-23 -6.61718e-30  1.01928e-23 -2.58213e-30  1.40663e-24 -7.57775e-31  1.73707e-25 -1.89242e-31  1.92452e-26 -4.09436e-32  1.91202e-27 -7.78216e-33  1.69859e-28 -1.34019e-33  1.34249e-29 -2.10086e-34  9.36984e-31  -2.9214e-35  5.71544e-32 -3.53109e-36  3.00402e-33 -3.66456e-37  1.33399e-34 -3.20682e-38  4.86291e-36  -2.3186e-39  1.39062e-37  -1.3537e-40  2.85594e-39  -6.1401e-42  3.32063e-41  -2.0374e-43   -1.175e-45 -4.49326e-45  -5.5712e-45 -5.26128e-47 -5.67955e-47
 2.53701e-07 -2.19851e-20 -4.37285e-06  5.98707e-20  2.71812e-05   2.5315e-19 -9.20798e-05  -2.0322e-18  0.000189266  6.24285e-18  -0.00023717  -1.1569e-17  0.000160109  1.43016e-17 -2.06387e-05 -1.21747e-17 -4.21154e-05  8.04027e-18   1.2863e-05 -6.86129e-18  1.22631e-05  8.33647e-18 -2.38805e-06  -7.3695e-18 -3.88843e-06  2.92598e-18 -4.40305e-07  5.58185e-19  8.58169e-07 -9.60081e-19  4.49213e-07  3.46057e-19 -8.61171e-09 -1.26429e-19 -1.07311e-07 -2.15029e-22 -5.22137e-08  9.14531e-20 -5.07661e-09 -1.98843e-20  7.62931e-09 -3.35712e-20  5.22965e-09  3.95413e-21  1.61291e-09   1.0339e-20  4.49338e-11 -4.05815e-22 -2.30481e-10  -1.5658e-21  -1.3989e-10 -3.62114e-22 -4.81881e-11   1.2932e-22 -9.17066e-12  9.03943e-23    7.095e-13 -6.71097e-24   1.4284e-12  7.67817e-25  6.98893e-13  3.62398e-24  2.31312e-13 -2.08144e-24  5.67922e-14 -1.90565e-24  9.44858e-15  -7.4483e-26  3.13919e-16  4.40956e-25 -5.00135e-16  2.03729e-25  -2.4451e-16 -1.35345e-26 -7.73409e-17 -4.48341e-26 -1.94986e-17 -1.60219e-26 -4.14393e-18 -4.97914e-28 -7.54119e-19  2.10686e-27 -1.16578e-19  1.26247e-27 -1.46852e-20  4.10125e-28 -1.29871e-21   6.0866e-29 -1.30532e-23 -1.22208e-29  2.57937e-23 -1.10358e-29  7.12246e-24 -4.21647e-30  1.32382e-24 -1.21941e-30  1.99609e-25  -2.9801e-31  2.57817e-26 -6.25744e-32  2.91484e-27 -1.14424e-32  2.91053e-28 -1.86633e-33  2.57314e-29  -2.7258e-34  2.01081e-30 -3.50239e-35  1.38208e-31 -3.89456e-36  8.28656e-33 -3.69612e-37  4.28278e-34 -2.93798e-38   1.8765e-35 -1.91428e-39  6.80484e-37  -9.9378e-41  1.96966e-38 -3.91832e-42  4.30696e-40 -1.08654e-43  6.46104e-42 -1.84017e-45   5.2867e-44 -1.23501e-47
 1.53649e-20  2.32291e-06 -1.32479e-19 -2.28446e-05   2.5315e-19  0.000107922  8.55402e-19 -0.000299905 -5.77107e-18  0.000518041  1.53089e-17 -0.000538293 -2.47854e-17  0.000269057  2.63397e-17  3.40701e-05 -1.76535e-17 -9.41373e-05   7.3559e-18  2.97847e-07 -5.86487e-18  2.81558e-05  1.04222e-17   3.6663e-06 -9.84541e-18 -7.10195e-06  3.17288e-18 -3.10997e-06  1.16519e-18  7.43521e-07 -8.87857e-19  1.08765e-06  1.32803e-19  3.11876e-07 -2.25482e-19 -9.95924e-08  6.95755e-20 -1.19979e-07  1.40689e-19 -4.34645e-08 -2.98693e-20 -1.47482e-10 -5.33403e-20  8.12579e-09  3.17346e-21   4.6998e-09  1.48124e-20  1.36007e-09  6.88722e-22  4.85375e-11 -1.83158e-21 -1.73322e-10 -6.86853e-22 -1.06683e-10  2.96747e-23 -3.84784e-11  1.01832e-22 -8.82032e-12  1.68591e-23 -5.84557e-13  1.20265e-23   5.9179e-13  3.44816e-24  3.66883e-13 -4.80383e-24  1.36132e-13 -2.80979e-24  3.82059e-14  2.17931e-25  8.37738e-15  7.82796e-25   1.3301e-15  2.82666e-25  8.47912e-17 -5.23052e-26 -3.66634e-17 -7.42861e-26   -1.914e-17 -2.20913e-26 -5.81815e-18  1.12844e-27 -1.39231e-18  3.88932e-27 -2.82562e-19  2.04736e-27 -5.00169e-20  6.19771e-28 -7.80639e-21    8.455e-29 -1.07544e-21 -1.97168e-29 -1.29775e-22  -1.6227e-29 -1.34373e-23 -6.02991e-30 -1.13565e-24 -1.70368e-30 -6.69544e-26 -4.04089e-31 -3.84831e-28 -8.18092e-32  5.91102e-28 -1.43232e-32  1.04634e-28  -2.2097e-33  1.22385e-29 -3.01313e-34  1.13017e-30 -3.58549e-35  8.63498e-32 -3.66993e-36  5.52727e-33 -3.18143e-37  2.95582e-34 -2.28944e-38  1.30283e-35 -1.33526e-39  4.61359e-37 -6.09419e-41   1.2588e-38 -2.04988e-42  2.46344e-40 -4.58417e-44  3.00667e-42 -5.43391e-46  1.47743e-44
-7.05125e-07  1.16946e-19  1.33748e-05 -5.85157e-19 -9.20798e-05  8.55402e-19   0.00034877   2.3813e-18 -0.000813885 -1.37303e-17   0.00119215  3.19001e-17  -0.00101712 -4.58019e-17  0.000330757  4.22446e-17  0.000185333 -2.11007e-17 -0.000149631  1.65196e-18 -4.66507e-05 -1.82164e-18  4.29376e-05  1.22584e-17  2.05717e-05 -1.20937e-17 -7.19387e-06  2.46722e-18 -7.92989e-06  2.08325e-18 -1.07276e-06 -4.47345e-19  1.55865e-06 -2.44579e-19  9.85059e-07 -4.08687e-19  1.28154e-07  1.60899e-19 -1.50898e-07  2.12915e-19 -1.09301e-07 -3.61212e-20 -3.12788e-08 -7.70499e-20  2.69538e-09 -7.30185e-22  7.13397e-09  1.85852e-20  3.72166e-09  2.79712e-21    1.059e-09 -1.60032e-21  7.09432e-11 -1.07709e-21 -1.04132e-10 -1.82964e-22 -6.85302e-11  8.81384e-23 -2.61848e-11  5.11639e-23 -6.91831e-12  2.72175e-23 -1.07719e-12  1.92117e-24     7.85e-14 -8.04871e-24  1.31691e-13  -3.3568e-24  5.86817e-14  8.40623e-25  1.85114e-14  1.21309e-24  4.67163e-15  3.31534e-25  9.66525e-16 -1.17326e-25  1.59108e-16 -1.07643e-25  1.78377e-17 -2.54639e-26  2.24427e-20  4.72619e-27 -6.73287e-19  6.39475e-27 -2.32641e-19  2.99706e-27 -5.54142e-20  8.45504e-28  -1.0804e-20  1.04957e-28 -1.81784e-21 -2.84499e-29 -2.69932e-22 -2.13701e-29 -3.57441e-23 -7.67812e-30 -4.23981e-24 -2.10406e-30 -4.50856e-25 -4.81245e-31 -4.29031e-26 -9.34655e-32 -3.63835e-27 -1.56064e-32 -2.73195e-28 -2.27347e-33 -1.79965e-29 -2.89591e-34  -1.0268e-30 -3.19336e-35 -4.98379e-32 -3.00666e-36 -2.00444e-33 -2.37571e-37 -6.40514e-35   -1.541e-38 -1.50245e-36 -7.98031e-40 -2.11298e-38 -3.15837e-41 -7.24758e-42 -8.84358e-43     6.24e-42 -1.51215e-44  1.01043e-43 -1.02326e-46
-5.61438e-20 -5.18102e-06  5.73846e-19  5.66751e-05  -2.0322e-18 -0.000299905   2.3813e-18  0.000943771  5.56876e-18  -0.00188131 -2.77892e-17   0.00234756  5.73555e-17  -0.00160901 -7.43805e-17  0.000216778  6.03725e-17  0.000454365 -2.02583e-17 -0.000157688 -1.02788e-17 -0.000138408  4.67133e-18  3.72114e-05  1.46595e-17  4.82354e-05 -1.39717e-17  2.08033e-06  5.08028e-19 -1.27271e-05  3.22322e-18   -5.538e-06  4.20688e-19  8.32816e-07 -7.07947e-19  1.75498e-06 -6.88249e-19  6.99218e-07  2.45619e-19 -1.63454e-08  3.05091e-19 -1.56651e-07  -3.1639e-20 -8.59948e-08 -1.01145e-19  -2.0365e-08  -9.1059e-21  3.31494e-09  2.04267e-20  5.34892e-09  5.86452e-21  2.63521e-09  -7.0239e-22  7.65231e-10  -1.4358e-21  8.65821e-11 -4.78926e-22 -4.68177e-11  4.86474e-23 -3.63796e-11  8.65162e-23 -1.49519e-11  4.02911e-23 -4.40877e-12 -1.66804e-24 -9.37225e-13 -1.08375e-23 -1.06315e-13  -2.9677e-24  1.92978e-14  1.89551e-24  1.64191e-14  1.68248e-24  6.21078e-15  3.24535e-25  1.76018e-15 -2.02785e-25  4.11879e-16 -1.36428e-25  8.19543e-17 -2.28642e-26  1.38837e-17  1.08332e-26  1.94928e-18  9.52645e-27  2.06217e-19  4.01577e-27  9.62573e-21  1.05579e-27  -2.3269e-21  1.18376e-28 -8.64795e-22 -3.69199e-29 -1.81752e-22 -2.54415e-29 -2.99369e-23 -8.79708e-30 -4.17296e-24 -2.32452e-30 -5.06633e-25 -5.10149e-31 -5.42308e-26 -9.46617e-32 -5.14059e-27 -1.50234e-32 -4.31425e-28 -2.06255e-33  -3.1941e-29  -2.4528e-34 -2.07218e-30 -2.50475e-35 -1.16622e-31 -2.16548e-36 -5.61315e-33 -1.55446e-37 -2.26455e-34 -9.03644e-39 -7.43933e-36 -4.11375e-40  -1.9046e-37 -1.38722e-41 -3.53292e-39 -3.12445e-43 -4.10141e-41 -3.72805e-45 -1.91894e-43
 1.14659e-06 -3.52361e-19 -2.43964e-05  2.11458e-18  0.000189266 -5.77107e-18 -0.000813885  5.56876e-18   0.00218376  1.10676e-17  -0.00376643 -4.82575e-17   0.00400472  8.99219e-17  -0.00211112 -1.07906e-16 -0.000217883  7.86233e-17  0.000794763  -1.3844e-17 -4.65853e-05 -2.79739e-17 -0.000257789  1.17594e-17 -1.38947e-05  1.86692e-17  7.55305e-05 -1.53172e-17  2.57141e-05  -2.7324e-18 -1.22276e-05  4.36094e-18 -1.19399e-05  1.66337e-18 -2.24681e-06 -1.13515e-18  1.84758e-06 -1.04009e-18  1.49165e-06  2.91736e-19  4.00854e-07   4.0536e-19 -8.95441e-08 -1.10675e-20 -1.31915e-07 -1.21027e-19 -6.06215e-08 -2.22992e-20 -1.25889e-08   1.9381e-20  2.56679e-09  9.44995e-21  3.47192e-09  8.34079e-22  1.67307e-09 -1.63272e-21  5.07617e-10 -7.72579e-22  8.27669e-11 -1.96025e-24  -1.1784e-11  1.10153e-22 -1.51997e-11  4.33534e-23 -6.96525e-12 -7.63346e-24 -2.25556e-12 -1.18966e-23 -5.64768e-13 -1.08131e-24 -1.06333e-13  3.42275e-24  -1.1572e-14  2.13492e-24  1.29078e-15  2.58512e-25  1.18548e-15 -2.88291e-25   4.2001e-16 -1.48639e-25  1.10823e-16 -1.11674e-26  2.43335e-17  1.95713e-26  4.61953e-18  1.30276e-26  7.69708e-19  4.97739e-27  1.12937e-19  1.22006e-27  1.45041e-20  1.23367e-28   1.5998e-21 -4.32031e-29  1.44618e-22 -2.75351e-29  9.26968e-24 -9.13275e-30  1.05039e-25  -2.3165e-30 -8.26281e-26 -4.85913e-31 -1.60898e-26 -8.58533e-32 -2.03127e-27 -1.29111e-32 -2.02171e-28 -1.66687e-33 -1.66944e-29 -1.84799e-34 -1.16106e-30 -1.74455e-35 -6.79865e-32 -1.38094e-36 -3.31701e-33 -8.96452e-38 -1.32138e-34 -4.63542e-39 -4.15803e-36  -1.8313e-40 -9.78979e-38 -5.13904e-42 -1.56182e-39  -8.8367e-44 -1.34029e-41 -6.00789e-46
 1.35019e-19  6.84993e-06 -1.45009e-18 -8.54873e-05  6.24285e-18  0.000518041 -1.37303e-17  -0.00188131  1.10676e-17   0.00439192  1.87759e-17   -0.0066182 -7.20291e-17   0.00596699  1.23805e-16  -0.00220541 -1.42176e-16  -0.00104921  9.55058e-17    0.0010722 -2.01642e-18   0.00023823 -4.94702e-17 -0.000349795  1.70967e-17 -0.000124433  2.48724e-17  7.96602e-05 -1.58647e-17   6.1504e-05 -6.92015e-18   3.5279e-08  5.20072e-18 -1.68239e-05  3.10011e-18 -7.88552e-06 -1.40894e-18  2.16301e-07 -1.40672e-18  1.98309e-06  2.79059e-19  1.05485e-06  4.97507e-19  1.84483e-07   2.6616e-20 -1.02877e-07 -1.32722e-19  -9.5873e-08 -3.92941e-20 -3.92569e-08  1.50545e-20  -7.7186e-09  1.27644e-20  1.42806e-09  2.75299e-21  1.94621e-09 -1.54257e-21  9.45156e-10 -9.41555e-22  3.02925e-10 -3.47242e-23  6.31133e-11  1.12625e-22  3.08445e-12  3.10699e-23 -4.35528e-12 -1.49031e-23 -2.50764e-12 -9.83725e-24 -9.01636e-13  2.69518e-24 -2.51455e-13  5.39904e-24 -5.69722e-14   2.5465e-24  -1.0331e-14  1.69633e-25 -1.33785e-15 -3.39185e-25  -4.6996e-17  -1.3128e-25  3.87792e-17  1.16103e-26   1.5804e-17  3.05144e-26  4.10866e-18  1.65248e-26  8.58299e-19  5.75669e-27  1.53583e-19  1.31744e-27  2.41617e-20  1.21197e-28  3.38239e-21 -4.56055e-29  4.23582e-22 -2.71811e-29  4.75149e-23 -8.63205e-30  4.76646e-24  -2.0948e-30  4.25824e-25 -4.18702e-31   3.3648e-26 -7.02361e-32  2.32798e-27 -9.98014e-33  1.38947e-28 -1.20869e-33  6.99498e-30 -1.24659e-34  2.86124e-31 -1.08496e-35  8.82821e-33 -7.83182e-37  1.65105e-34 -4.56987e-38 -5.71414e-37  -2.0814e-39 -1.60291e-37  -7.0155e-41 -5.51119e-39 -1.58412e-42 -9.12669e-41 -1.89952e-44 -5.40074e-43
-1.05261e-06  7.11325e-19  2.61988e-05 -4.54587e-18  -0.00023717  1.53089e-17   0.00119215 -2.77892e-17  -0.00376643  1.87759e-17    0.0077807  2.70499e-17   -0.0103197 -9.16665e-17    0.0077972  1.50314e-16  -0.00157042 -1.73269e-16  -0.00219923  1.10722e-16   0.00109582  1.39397e-17  0.000686774 -7.19965e-17  -0.00033447  1.88033e-17 -0.000279472  3.28853e-17  3.48469e-05 -1.52991e-17  9.60345e-05 -1.13773e-17  2.72814e-05  5.49639e-18  -1.4601e-05  4.45879e-18 -1.42712e-05 -1.46977e-18 -3.72361e-06 -1.71957e-18  1.37032e-06  2.09263e-19  1.61773e-06  5.68264e-19  6.52781e-07  7.79493e-20  6.45865e-08 -1.34023e-19 -8.37001e-08 -5.79152e-20 -6.19476e-08  7.63542e-21 -2.36957e-08  1.48287e-20  -4.7778e-09  4.62231e-21  5.13498e-10  -1.0903e-21  9.23737e-10 -8.67133e-22  4.66797e-10 -1.41105e-23  1.58645e-10  9.48151e-23  3.89271e-11  5.72041e-24  5.82374e-12 -1.98856e-23 -3.20492e-13 -3.14949e-24 -6.05825e-13  8.59582e-24  -2.6458e-13  7.80949e-24 -8.20201e-14  2.97192e-24 -2.06267e-14  1.39255e-25  -4.3729e-15 -3.12746e-25 -7.84999e-16 -7.39728e-26 -1.16249e-16  4.55075e-26  -1.2878e-17  4.27149e-26 -5.99461e-19  1.96107e-26  1.72894e-19  6.26039e-27    6.582e-20   1.3416e-27  1.44796e-20  1.14918e-28  2.50653e-21 -4.33368e-29  3.67927e-22 -2.45117e-29  4.71173e-23 -7.45158e-30  5.32954e-24 -1.72628e-30  5.35013e-25 -3.27998e-31  4.76821e-26 -5.21039e-32  3.76205e-27  -6.9761e-33  2.61279e-28 -7.90433e-34   1.5836e-29 -7.56248e-35  8.27472e-31 -6.04624e-36  3.66476e-32 -3.95936e-37  1.34305e-33  -2.0603e-38  3.93154e-35    -8.16e-40  8.69205e-37 -2.29238e-41  1.31287e-38 -3.95481e-43   1.0771e-40 -2.70194e-45
-2.39502e-19 -4.85393e-06   2.4726e-18  7.37483e-05  -1.1569e-17 -0.000538293  3.19001e-17   0.00234756 -4.82575e-17   -0.0066182  2.70499e-17     0.012282  3.23279e-17   -0.0144155 -9.66834e-17    0.0089241  1.61118e-16 -3.90884e-05 -1.99317e-16  -0.00341256  1.24758e-16  0.000698322  3.23267e-17   0.00119933 -9.26553e-17 -0.000142697  1.61053e-17 -0.000428436  4.13141e-17 -7.21844e-05 -1.34343e-17  0.000106899 -1.52293e-17  6.49073e-05  5.17435e-18 -2.97004e-07  5.46062e-18 -1.74989e-05 -1.34516e-18 -9.24159e-06  -1.9299e-18 -9.63149e-07  1.03462e-19  1.53634e-06  6.12663e-19  1.11769e-06  1.37337e-19  3.67169e-07 -1.24413e-19  1.42652e-08 -7.53677e-20 -5.54627e-08   -2.287e-21 -3.60559e-08  1.47002e-20 -1.33739e-08   5.9404e-21 -2.92449e-09 -2.90755e-22  1.24709e-11 -4.80713e-22  3.53405e-10  9.12421e-23  1.95657e-10  7.27664e-23  7.08645e-11 -1.94713e-23  1.94434e-11 -1.57388e-23  4.00753e-12  1.00468e-23  5.00951e-13  1.69149e-23 -3.63299e-14  1.07802e-23 -4.68221e-14  3.57889e-24 -1.80641e-14  2.83915e-25 -5.07334e-15 -1.68968e-25 -1.17579e-15  2.75906e-26 -2.34405e-16  8.83073e-26 -4.08344e-17  5.48812e-26 -6.23225e-18   2.1935e-26 -8.26135e-19  6.44648e-27 -9.26692e-20  1.29987e-27  -8.2014e-21  1.07687e-28 -4.34562e-22 -3.68511e-29  2.16217e-23 -2.01926e-29  1.00708e-23 -5.88567e-30    1.731e-24 -1.30012e-30   2.1808e-25 -2.34401e-31  2.24296e-26 -3.51805e-32  1.94726e-27 -4.42612e-33  1.44131e-28 -4.67799e-34   9.0827e-30  -4.1377e-35  4.82781e-31 -3.02495e-36  2.12775e-32 -1.78514e-37  7.56736e-34 -8.20026e-39  2.08052e-35 -2.77623e-40  4.11145e-37 -6.28606e-42  5.05347e-39 -7.57012e-44  2.49803e-41
 3.92406e-07 -1.06789e-18 -1.35578e-05  6.58186e-18  0.000160109 -2.47854e-17  -0.00101712  5.73555e-17   0.00400472 -7.20291e-17   -0.0103197  3.23279e-17    0.0174538  2.97253e-17   -0.0181951 -7.71999e-17   0.00885045  1.52068e-16   0.00228586 -2.20899e-16  -0.00432496  1.37764e-16 -0.000175388  5.15538e-17   0.00160618   -1.088e-16  0.000242764  9.46597e-18 -0.000498245  4.81763e-17 -0.000228593 -1.04056e-17  7.19222e-05 -1.76475e-17  9.91773e-05  4.39459e-18  2.67247e-05   5.9216e-18 -1.30352e-05 -1.13751e-18 -1.39719e-05 -2.03144e-18 -4.84216e-06 -1.16328e-20  3.18602e-07   6.3392e-19  1.22688e-06  2.00009e-19   6.8749e-07  -1.0405e-19  1.94551e-07 -8.87882e-20  3.92889e-10 -1.39123e-20 -3.11362e-08  1.17159e-20 -1.89218e-08  6.25422e-21 -6.99764e-09   7.3032e-22 -1.69374e-09  2.03301e-22 -1.53407e-10  3.00223e-22  9.49897e-11  7.81953e-23   6.6077e-11 -2.05446e-23  2.60267e-11  7.48227e-24   7.7702e-12  3.23519e-23  1.86187e-12  2.83275e-23  3.52804e-13  1.47001e-23  4.64457e-14  4.64594e-24   9.7027e-16  7.29277e-25 -1.80074e-15  1.17312e-25 -7.25877e-16  1.69533e-25 -1.94244e-16  1.35838e-25  -4.2097e-17  6.56442e-26 -7.83275e-18  2.32715e-26 -1.28191e-18  6.32565e-27 -1.86607e-19  1.20808e-27 -2.42737e-20  1.01309e-28 -2.82293e-21  -2.7673e-29 -2.92706e-22 -1.51667e-29 -2.68983e-23 -4.25567e-30 -2.16868e-24 -8.96339e-31 -1.50916e-25 -1.53154e-31 -8.81255e-27 -2.16731e-32 -4.08095e-28 -2.55522e-33 -1.28054e-29 -2.51087e-34 -6.14084e-32 -2.04477e-35  2.36364e-32 -1.35923e-36  1.81119e-33 -7.16889e-38  7.99186e-35 -2.86904e-39   2.3389e-36 -8.11016e-41  4.34926e-38  -1.4053e-42  4.18304e-40 -9.65328e-45
 3.43448e-19  8.09608e-07 -3.11923e-18 -2.43851e-05  1.43016e-17  0.000269057 -4.58019e-17  -0.00160901  8.99219e-17   0.00596699 -9.16665e-17   -0.0144155  2.97253e-17    0.0225509  1.46956e-17   -0.0209203 -2.84967e-17   0.00735859   1.2534e-16   0.00503323 -2.39749e-16  -0.00459636  1.48573e-16  -0.00142246  7.01913e-17   0.00172759 -1.18203e-16  0.000765105   3.1651e-19 -0.000422233  5.15564e-17 -0.000392804 -6.75234e-18 -1.87024e-05 -1.81045e-17  0.000111092  3.51322e-18  6.03267e-05  5.82538e-18  1.74005e-06 -9.74134e-19 -1.45956e-05 -2.06204e-18 -8.96947e-06  -1.2039e-19 -2.07235e-06  6.38115e-19  6.45307e-07  2.63354e-19  8.14557e-07 -7.29023e-20  3.87658e-07 -9.56712e-20  1.00352e-07 -2.62995e-20 -7.78576e-11  5.69118e-21 -1.48483e-08  5.25427e-21 -8.86302e-09  1.74598e-21 -3.33153e-09   1.0843e-21 -8.87342e-10  6.17757e-22 -1.44145e-10  1.54151e-22  6.89135e-12  3.31496e-23  1.59634e-11   6.1618e-23  7.40231e-12  6.72303e-23  2.41011e-12  4.40793e-23  6.32245e-13  2.02319e-23  1.38754e-13   6.5052e-24  2.54757e-14  1.57302e-24  3.75893e-15  5.46595e-25  3.78966e-16   3.3973e-25 -1.94265e-20  1.82774e-25 -1.18613e-17  7.38206e-26 -3.69438e-18  2.35437e-26 -7.93556e-19  5.94784e-27 -1.39232e-19  1.08413e-27 -2.10157e-20   9.5777e-29 -2.78839e-21 -1.78115e-29 -3.28383e-22 -1.03372e-29 -3.44548e-23 -2.81379e-30 -3.22096e-24 -5.65898e-31 -2.67567e-25 -9.15862e-32 -1.96506e-26 -1.21981e-32  -1.2662e-27 -1.34396e-33 -7.08259e-29 -1.22339e-34  -3.3894e-30 -9.12877e-36 -1.35996e-31 -5.47972e-37 -4.44477e-33  -2.5561e-38 -1.13255e-34 -8.75877e-40 -2.09155e-36 -1.99878e-41 -2.42422e-38 -2.42138e-43 -1.14077e-40
 1.41603e-07  1.32257e-18 -1.15232e-06 -6.88991e-18 -2.06387e-05  2.63397e-17  0.000330757 -7.43805e-17  -0.00211112  1.23805e-16    0.0077972 -9.66834e-17   -0.0181951  1.46956e-17    0.0267555 -1.48633e-17   -0.0220889  4.59386e-17   0.00460102  8.86092e-17   0.00768618 -2.56778e-16  -0.00403899   1.5464e-16  -0.00280606  8.67635e-17   0.00144386 -1.19249e-16   0.00130399 -9.39278e-18 -0.000170534  5.02121e-17 -0.000506026 -3.33465e-18 -0.000153946 -1.65437e-17  8.42499e-05  2.95681e-18  8.83149e-05  5.33386e-18  2.52515e-05 -9.43402e-19 -8.39628e-06 -2.08296e-18 -1.12068e-05 -2.27227e-19 -4.96571e-06  6.27555e-19 -7.03958e-07  3.25813e-19  5.46131e-07 -3.09484e-20  4.74322e-07 -9.42704e-20  2.03757e-07  -3.8376e-20   5.1351e-08 -2.99879e-21  1.68926e-09  2.82418e-21 -5.85164e-09  2.47339e-21 -3.62476e-09  2.00637e-21 -1.40552e-09  1.04084e-21 -4.05187e-10  3.47065e-22 -8.57142e-11  1.72318e-22 -1.00248e-11  1.58276e-22  1.54181e-12  1.18621e-22  1.40894e-12  6.58179e-23  5.40419e-13  2.81432e-23  1.54905e-13  9.43263e-24  3.68273e-14  2.84611e-24  7.52334e-15  1.09008e-24  1.33613e-15  5.19719e-25  2.05722e-16  2.23648e-25   2.6927e-17  7.85995e-26  2.83273e-18  2.28102e-26  1.95821e-19  5.38237e-27 -3.48716e-21  9.43376e-28 -4.11946e-21  8.98524e-29 -8.79371e-22 -9.06919e-30 -1.32721e-22 -6.33156e-30  -1.6291e-23 -1.69567e-30 -1.69723e-24 -3.26805e-31 -1.52395e-25  -5.0116e-32 -1.18348e-26 -6.27315e-33 -7.92124e-28 -6.44117e-34 -4.52766e-29  -5.4099e-35 -2.17677e-30 -3.67787e-36  -8.6028e-32 -1.97691e-37 -2.69926e-33 -8.04774e-39 -6.35986e-35 -2.30593e-40 -1.01831e-36 -4.03299e-42  -8.8076e-39 -2.79089e-44
-4.24657e-19  1.13243e-06  3.28059e-18 -1.22353e-05 -1.21747e-17  3.40701e-05  4.22446e-17  0.000216778 -1.07906e-16  -0.00220541  1.50314e-16    0.0089241 -7.71999e-17   -0.0209203 -1.48633e-17    0.0294602 -5.71347e-17   -0.0215983  1.34679e-16   0.00103176  5.18187e-17   0.00975967 -2.70865e-16  -0.00267699  1.52946e-16  -0.00403453  9.96625e-17  0.000740704 -1.11219e-16   0.00171373   -1.765e-17  0.000233297  4.39246e-17 -0.000513004 -1.10878e-18 -0.000301997 -1.34046e-17  1.30173e-05  3.06026e-18  9.64937e-05  4.72977e-18  5.11154e-05 -1.04926e-18  5.04208e-06 -2.14624e-18 -9.46684e-06 -3.52056e-19 -7.09109e-06  5.97609e-19 -2.47756e-06  3.84525e-19 -1.72653e-07  2.05948e-20  3.45507e-07 -8.40856e-20  2.47535e-07 -4.90546e-20  1.00303e-07 -1.35251e-20  2.58897e-08 -9.65981e-22  2.32223e-09  2.64473e-21 -1.75172e-09  2.81256e-21 -1.24512e-09  1.56854e-21 -5.07793e-10  6.97388e-22 -1.56126e-10  4.20514e-22 -3.79995e-11  3.06121e-22 -7.06771e-12  1.89857e-22 -7.90891e-13  9.49883e-23  6.51449e-14  3.89766e-23  6.90845e-14  1.35158e-23  2.46276e-14  4.48476e-24  6.47085e-15  1.69171e-24  1.41303e-15  6.87977e-25  2.67347e-16  2.53802e-25  4.46269e-17  7.96233e-26  6.62428e-18  2.12259e-26  8.76142e-19  4.70057e-27  1.02994e-19  7.97004e-28  1.06832e-20  8.21471e-29   9.6411e-22 -2.55805e-30  7.36946e-23 -3.41639e-30  4.49861e-24 -9.24985e-31  1.82523e-25 -1.72081e-31 -4.42376e-28 -2.50505e-32 -9.23473e-28 -2.94448e-33 -1.02413e-28 -2.80996e-34 -7.37711e-30 -2.16797e-35 -3.97299e-31  -1.3339e-36 -1.63449e-32   -6.354e-38 -5.02494e-34 -2.21842e-39 -1.08506e-35 -5.13874e-41 -1.43339e-37  -6.2923e-43 -7.51875e-40
 -1.3628e-07 -1.48663e-18    4.261e-06  5.95122e-18 -4.21154e-05 -1.76535e-17  0.000185333  6.03725e-17 -0.000217883 -1.42176e-16  -0.00157042  1.61118e-16   0.00885045 -2.84967e-17   -0.0220889 -5.71347e-17    0.0304575 -1.06416e-16   -0.0197328  2.21947e-16  -0.00277225  2.34554e-17     0.010943 -2.79214e-16 -0.000718746   1.4127e-16  -0.00485343  1.07365e-16 -0.000288223 -9.45367e-17   0.00186999 -2.27579e-17   0.00071648  3.35228e-17 -0.000382444 -8.49775e-19 -0.000419167 -9.49931e-18 -9.29934e-05  3.93465e-18  7.43965e-05  4.31448e-18  6.97967e-05 -1.20638e-18  2.29286e-05 -2.26637e-18 -2.82909e-06 -5.14642e-19 -7.07504e-06  5.39568e-19 -3.95857e-06  4.33961e-19 -1.15928e-06  7.79936e-20  -2.3128e-08 -6.63359e-20  1.79996e-07 -5.75576e-20  1.16254e-07 -2.48984e-20  4.58911e-08 -5.91922e-21  1.24715e-08  2.07996e-21  1.86371e-09  3.40009e-21 -2.80857e-10  2.20962e-21 -3.32914e-10  1.23081e-21 -1.49708e-10  7.88066e-22 -4.89848e-11  5.08003e-22 -1.29546e-11  2.82045e-22 -2.83823e-12  1.31954e-22 -5.06004e-13  5.26742e-23 -6.67171e-14  1.85503e-23 -3.55591e-15  6.32496e-24  1.32242e-15  2.27697e-24  5.86673e-16  8.23754e-25  1.52351e-16  2.70082e-25  3.12331e-17  7.69771e-26  5.44471e-18  1.89998e-26  8.30973e-19  3.96565e-27   1.1253e-19  6.52789e-28  1.36044e-20  7.20198e-29  1.47123e-21  1.42942e-30  1.42214e-22 -1.55111e-30  1.22513e-23 -4.50612e-31  9.35887e-25 -8.20847e-32  6.29468e-26 -1.13942e-32  3.69181e-27 -1.25794e-33  1.86391e-28 -1.11301e-34  7.96128e-30 -7.85028e-36  2.80828e-31 -4.33696e-37  7.89868e-33  -1.8071e-38  1.67631e-34 -5.28544e-40  2.43202e-36  -9.3972e-42     1.92e-38 -6.58246e-44
 4.50406e-19 -3.83443e-07 -3.35722e-18  9.76041e-06  8.04027e-18 -9.41373e-05 -2.11007e-17  0.000454365  7.86233e-17  -0.00104921 -1.73269e-16 -3.90884e-05  1.52068e-16   0.00735859  4.59386e-17   -0.0215983 -1.06416e-16    0.0299508 -1.54769e-16   -0.0170076  2.92778e-16  -0.00630025   8.2192e-18    0.0111521  -2.7888e-16    0.0015295  1.19082e-16  -0.00511011  1.08815e-16   -0.0014757 -7.07891e-17   0.00170511 -2.35917e-17   0.00117832  2.06346e-17 -0.000118657 -2.91977e-18 -0.000463734 -5.78869e-18 -0.000210219  5.41595e-18  2.01458e-05  4.30048e-18  7.19815e-05 -1.27807e-18  3.97371e-05 -2.40992e-18  7.69203e-06 -7.16781e-19 -4.12062e-06  4.48198e-19 -4.33313e-06  4.67152e-19 -2.02338e-06  1.34893e-19 -5.29085e-07 -4.40992e-20 -2.79753e-09 -6.38393e-20  7.86343e-08 -3.63459e-20   4.8669e-08 -1.17977e-20  1.91488e-08  7.35494e-22  5.51029e-09  3.75354e-21  1.09437e-09  2.98217e-21  7.24471e-11  1.95114e-21  -5.5215e-11  1.26802e-21 -3.29437e-11  7.58441e-22 -1.18579e-11   3.9242e-22 -3.34877e-12  1.75199e-22 -7.93441e-13  6.83256e-23 -1.61277e-13  2.40159e-23 -2.81568e-14  8.12616e-24 -4.13992e-15  2.76685e-24 -4.80847e-16  9.10733e-25 -3.40577e-17  2.71218e-25  1.92137e-18  7.11263e-26  1.27817e-18  1.63619e-26  2.94861e-19  3.22962e-27  5.01143e-20  5.16563e-28  7.04142e-21  5.98779e-29  8.49867e-22  3.24135e-30  8.94581e-23 -5.14557e-31  8.25402e-24 -1.90553e-31  6.67063e-25 -3.50352e-32  4.69829e-26 -4.68224e-33  2.85793e-27  -4.8664e-34  1.48106e-28 -3.98493e-35  6.41115e-30 -2.55619e-36  2.25236e-31 -1.25612e-37  6.14582e-33 -4.50206e-39  1.21035e-34 -1.06688e-40  1.48847e-36 -1.33031e-42   7.3856e-39
-3.44905e-08  1.51831e-18 -5.30438e-08 -5.55141e-18   1.2863e-05   7.3559e-18 -0.000149631 -2.02583e-17  0.000794763  9.55058e-17  -0.00219923 -1.99317e-16   0.00228586   1.2534e-16   0.00460102  1.34679e-16   -0.0197328 -1.54769e-16      0.02841 -1.94574e-16    -0.013966  3.37416e-16    -0.009225  6.78965e-18    0.0104932 -2.68388e-16   0.00375986  8.76736e-17  -0.00477256  1.03712e-16  -0.00263153  -4.2473e-17   0.00122094 -1.97252e-17   0.00151827  7.28517e-18  0.000238997 -7.15386e-18 -0.000409076 -3.13338e-18 -0.000307607  7.10956e-18 -5.76358e-05  4.73663e-18  5.22707e-05  -1.1389e-18  4.89803e-05 -2.50778e-18  1.91664e-05 -9.32471e-19  1.46674e-06  3.29656e-19 -3.08252e-06  4.79306e-19 -2.32292e-06  1.83909e-19 -9.67422e-07 -2.18211e-20 -2.42001e-07 -6.88334e-20 -7.81369e-09 -4.75869e-20  2.81439e-08 -1.83891e-20  1.77467e-08 -1.28441e-21  7.08537e-09   3.9438e-21  2.14522e-09  3.90331e-21  5.00771e-10   2.8353e-21  8.07242e-11  1.83439e-21  2.71095e-12  1.04215e-21 -4.05059e-12  5.13372e-22 -1.96205e-12  2.21014e-22 -6.16951e-13  8.41845e-23 -1.55752e-13  2.91594e-23  -3.3547e-14  9.62106e-24 -6.31721e-15  3.09413e-24 -1.05058e-15  9.39862e-25 -1.54606e-16  2.57917e-25 -2.00368e-17  6.28253e-26  -2.2561e-18  1.35412e-26 -2.14186e-19  2.53373e-27 -1.59064e-20  3.93179e-28  -6.8886e-22  4.69033e-29  3.25986e-23  3.54568e-30  1.15828e-23 -3.34019e-32  1.59016e-24 -6.51362e-32  1.57808e-25 -1.30493e-32   1.2497e-26 -1.71537e-33  8.10477e-28 -1.68957e-34  4.30726e-29 -1.28015e-35  1.84838e-30 -7.42904e-37  6.21522e-32 -3.21049e-38  1.55344e-33 -9.67858e-40  2.61665e-35 -1.76566e-41   2.3637e-37 -1.26224e-43
 -3.7077e-19 -3.16434e-07  3.39635e-18  3.08049e-06 -6.86129e-18  2.97847e-07  1.65196e-18 -0.000157688  -1.3844e-17    0.0010722  1.10722e-16  -0.00341256 -2.20899e-16   0.00503323  8.86092e-17   0.00103176  2.21947e-16   -0.0170076 -1.94574e-16    0.0263681  -2.2085e-16   -0.0110284  3.53296e-16   -0.0114237   1.7123e-17   0.00918032  -2.4845e-16   0.00573059  4.96618e-17  -0.00390939   9.2517e-17  -0.00358769 -1.25581e-17  0.000480337 -1.14328e-17   0.00166011 -4.52904e-18  0.000626893 -1.28867e-17 -0.000251629 -2.08867e-18 -0.000355626  8.50908e-18 -0.000141581  5.48923e-18  1.16851e-05 -7.34589e-19  4.55993e-05 -2.48441e-18    2.763e-05 -1.11189e-18  8.19437e-06  2.04972e-19 -2.96428e-07  4.71785e-19 -1.77913e-06  2.19308e-19 -1.11886e-06 -4.18691e-21 -4.35805e-07 -7.42734e-20 -1.10634e-07 -5.88444e-20 -9.75842e-09 -2.55083e-20  7.56422e-09 -3.74831e-21  5.40505e-09  4.09667e-21  2.24004e-09  4.97269e-21  7.08485e-10   3.8312e-21  1.81366e-10  2.44307e-21  3.74338e-11  1.33436e-21  5.74811e-12  6.32777e-22  4.03256e-13  2.63914e-22 -1.20497e-13  9.79932e-23 -6.50358e-14  3.31663e-23 -1.93127e-14  1.05784e-23 -4.47792e-15  3.21768e-24 -8.79668e-16   9.1081e-25 -1.51118e-16  2.32647e-25 -2.30378e-17  5.30095e-26 -3.13852e-18  1.07493e-26 -3.83116e-19  1.90928e-27 -4.18982e-20  2.86552e-28 -4.09539e-21     3.45e-29 -3.56239e-22  3.03298e-30 -2.74003e-23  1.30995e-31 -1.84729e-24 -1.35969e-32 -1.07898e-25 -3.99696e-33 -5.37536e-27 -5.45719e-34 -2.23619e-28 -5.18104e-35 -7.53943e-30 -3.64521e-36 -1.97048e-31 -1.90493e-37 -3.71289e-33 -7.14034e-39 -4.39168e-35 -1.75459e-40 -2.24529e-37 -2.25449e-42  2.31615e-40
 3.32067e-08 -1.22888e-18 -1.19415e-06  5.85109e-18  1.22631e-05 -5.86487e-18 -4.66507e-05 -1.02788e-17 -4.65853e-05 -2.01642e-18   0.00109582  1.24758e-16  -0.00432496 -2.39749e-16   0.00768618  5.18187e-17  -0.00277225  2.92778e-16    -0.013966  -2.2085e-16    0.0242606 -2.32459e-16  -0.00843365  3.44338e-16   -0.0129288  3.61462e-17   0.00745156 -2.21578e-16   0.00729267  8.26266e-18  -0.00265069  7.62452e-17  -0.00422589   1.5979e-17 -0.000414362  4.08564e-19   0.00156607 -1.31917e-17  0.000973021 -1.90974e-17 -1.18624e-05 -2.79122e-18 -0.000334644  9.14427e-18 -0.000210253  6.28165e-18 -4.19788e-05 -1.14644e-19  2.80155e-05 -2.29162e-18  2.95047e-05 -1.19803e-18  1.38244e-05  1.06438e-19  3.26236e-06  4.53865e-19 -4.40657e-07  2.39337e-19 -8.59738e-07  5.25659e-21 -4.87055e-07 -8.20622e-20 -1.83563e-07 -7.05561e-20 -4.88597e-08  -3.2923e-20 -7.28263e-09 -6.33531e-21  1.03778e-09  4.34674e-21  1.26358e-09   6.1569e-21  5.73527e-10  4.85968e-21  1.90306e-10  3.03582e-21   5.1536e-11  1.60363e-21  1.17713e-11  7.35865e-22  2.27274e-12  2.97762e-22  3.60639e-13  1.07529e-22  4.24103e-14  3.53688e-23  1.93815e-15  1.08588e-23  -7.1796e-16  3.13079e-24 -2.81857e-16  8.31663e-25 -6.56373e-17  1.99154e-25 -1.20704e-17  4.26685e-26 -1.88289e-18  8.16495e-27 -2.56122e-19   1.3774e-27 -3.07479e-20   1.9915e-28 -3.27306e-21  2.37948e-29  -3.0903e-22  2.23562e-30 -2.58052e-23  1.46283e-31 -1.89499e-24   2.8953e-33 -1.21322e-25 -8.20624e-34 -6.68951e-27 -1.41721e-34 -3.12294e-28 -1.35963e-35 -1.20499e-29  -9.0049e-37 -3.70887e-31 -4.22992e-38 -8.61008e-33 -1.35235e-39 -1.36397e-34 -2.58287e-41 -1.17173e-36  -1.9154e-43
 1.85258e-19  6.44599e-08 -2.76158e-18 -2.52741e-06  8.33647e-18  2.81558e-05 -1.82164e-18 -0.000138408 -2.79739e-17   0.00023823  1.39397e-17  0.000698322  1.37764e-16  -0.00459636 -2.56778e-16   0.00975967  2.34554e-17  -0.00630025  3.37416e-16   -0.0110284 -2.32459e-16    0.0223545 -2.31868e-16  -0.00625993  3.18426e-16   -0.0138559  6.09525e-17   0.00551421 -1.91014e-16   0.00838339 -3.33159e-17  -0.00114866  5.61642e-17  -0.00448595   4.0536e-17  -0.00134596  1.44835e-17   0.00123958 -1.76918e-17   0.00121265 -2.46224e-17  0.000270913  -4.9533e-18 -0.000240241  8.71065e-18 -0.000244075  6.77624e-18 -9.60435e-05  5.73808e-19 -9.49732e-07 -1.93295e-18  2.29949e-05 -1.14872e-18  1.61839e-05  6.76873e-20  6.39676e-06  4.40619e-19  1.29341e-06  2.46837e-19 -2.35507e-07  5.13177e-21 -3.53892e-07 -9.34389e-20 -1.89888e-07 -8.29185e-20 -7.08028e-08 -4.02449e-20 -1.98754e-08 -8.67845e-21 -3.93859e-09  4.79438e-21  -2.9611e-10  7.38221e-21  1.72718e-10   5.8222e-21  1.07221e-10   3.5479e-21  3.90062e-11  1.81695e-21  1.11182e-11  8.08273e-22   2.6712e-12   3.1726e-22  5.55945e-13  1.11188e-22  1.01196e-13  3.54176e-23  1.60828e-14  1.04459e-23  2.20025e-15  2.86095e-24  2.49465e-16  7.16858e-25   2.0954e-17  1.61764e-25  6.55652e-19  3.27105e-26  -1.8998e-19  5.91914e-27 -5.19991e-20  9.48269e-28 -8.44709e-21  1.31525e-28 -1.06942e-21  1.53802e-29   -1.127e-22  1.47321e-30 -1.01076e-23  1.10063e-31 -7.75826e-25  5.53078e-33 -5.07924e-26  4.63769e-35 -2.80696e-27 -2.42528e-35 -1.28638e-28 -2.82944e-36 -4.75597e-30 -1.84881e-37 -1.35861e-31  -7.8721e-39 -2.78805e-33 -2.10511e-40 -3.55721e-35 -2.87946e-42 -1.82373e-37
 1.52689e-08  5.93407e-19 -1.65674e-07 -4.90001e-18 -2.38805e-06  1.04222e-17  4.29376e-05  4.67133e-18 -0.000257789 -4.94702e-17  0.000686774  3.23267e-17 -0.000175388  1.48573e-16  -0.00403899 -2.70865e-16     0.010943   8.2192e-18    -0.009225  3.53296e-16  -0.00843365 -2.31868e-16    0.0207596 -2.23822e-16  -0.00448273  2.84398e-16   -0.0143415  8.92222e-17   0.00352193 -1.59636e-16   0.00900344 -7.22281e-17   0.00045127  3.35648e-17  -0.00436012  5.91323e-17  -0.00220319  2.92351e-17  0.000719537 -1.77084e-17   0.00130004 -2.83783e-17  0.000547536 -7.95286e-18 -8.43831e-05  7.14596e-18 -0.000230667  6.67201e-18 -0.000136417  1.12709e-18 -3.46309e-05 -1.46943e-18  8.90562e-06 -9.54823e-19  1.40164e-05  1.11225e-19  7.92805e-06  4.47268e-19  2.81423e-06  2.47624e-19  5.44132e-07 -3.57351e-21 -7.52729e-08 -1.08343e-19 -1.22144e-07 -9.55023e-20 -6.48242e-08 -4.68636e-20 -2.42605e-08 -1.04137e-20 -7.11695e-09  5.47738e-21 -1.64518e-09  8.53964e-21    -2.73e-10  6.61424e-21 -1.58322e-11  3.91853e-21  9.94226e-12  1.94629e-21  5.23911e-12  8.39397e-22  1.67505e-12  3.19303e-22  4.24799e-13  1.08394e-22  9.16902e-14  3.33595e-23  1.73288e-14   9.4426e-24  2.90568e-15  2.46127e-24  4.34814e-16   5.8387e-25  5.81488e-17  1.24608e-25  6.93538e-18  2.38429e-26  7.33686e-19  4.08522e-27  6.81689e-20  6.21145e-28  5.47034e-21  8.23115e-29  3.67759e-22  9.31522e-30  1.93915e-23   8.8343e-31  6.48874e-25  6.84933e-32 -5.46338e-27  4.11549e-33 -2.77879e-27  1.64522e-34 -2.40689e-28  1.43682e-36 -1.33887e-29 -3.47304e-37 -5.32295e-31  -2.8228e-38 -1.49845e-32  -1.1476e-39 -2.75934e-34 -2.52344e-41 -2.67042e-36 -2.05892e-43
 4.85912e-21  9.66356e-08  1.28592e-18 -1.29339e-06  -7.3695e-18   3.6663e-06  1.22584e-17  3.72114e-05  1.17594e-17 -0.000349795 -7.19965e-17   0.00119933  5.15538e-17  -0.00142246   1.5464e-16  -0.00267699 -2.79214e-16    0.0111521  6.78965e-18   -0.0114237  3.44338e-16  -0.00625993 -2.23822e-16    0.0194799  -2.1358e-16  -0.00303235  2.49655e-16   -0.0145077  1.19095e-16   0.00157532 -1.29313e-16   0.00919146 -1.06144e-16   0.00202622  9.64482e-18  -0.00388063  7.05301e-17  -0.00289452   4.3066e-17  6.96367e-05 -1.35719e-17   0.00121478 -2.95496e-17  0.000769068 -1.09876e-17  0.000107317  4.64001e-18 -0.000168168  5.78934e-18 -0.000151514  1.34544e-18 -6.43566e-05 -1.00457e-18 -9.43674e-06   -6.472e-19  7.52343e-06  2.38344e-19  7.17039e-06  4.82206e-19  3.54848e-06  2.47328e-19  1.18984e-06  -1.8235e-20  2.43543e-07 -1.25295e-19 -6.83849e-09 -1.07155e-19 -3.34602e-08 -5.19924e-20 -1.86481e-08 -1.12398e-20  -7.1088e-09   6.3603e-21  -2.1548e-09  9.50176e-21 -5.40011e-10  7.14286e-21 -1.11454e-10  4.10232e-21 -1.78954e-11  1.97471e-21 -1.71546e-12  8.24966e-22  1.49553e-13  3.03744e-22  1.28046e-13  9.97143e-23  4.03672e-14  2.96006e-23  9.46725e-15  8.03717e-24  1.85169e-15  1.99661e-24   3.1441e-16  4.49585e-25  4.71809e-17  9.09682e-26   6.3104e-18   1.6498e-26  7.54923e-19  2.67821e-27  8.08139e-20  3.86115e-28  7.72662e-21  4.86996e-29  6.57239e-22  5.28593e-30  4.94453e-23  4.86721e-31  3.26322e-24  3.74052e-32   1.8686e-25  2.33059e-33   9.1478e-27  1.11173e-34  3.75185e-28  3.58583e-36  1.25247e-29  4.77988e-38  3.25783e-31 -1.77956e-39  6.13979e-33 -1.07341e-40  7.26062e-35 -2.01056e-42  3.48551e-37
