 4.87997e-08  4.60028e-21 -7.33813e-07 -9.01406e-20  4.31613e-06  4.66128e-19 -1.51845e-05  -1.3078e-18  3.63934e-05  2.49162e-18 -6.27376e-05 -3.46862e-18  7.91579e-05  3.50852e-18 -7.22927e-05 -2.47531e-18  4.55787e-05  1.13014e-18 -1.75615e-05 -2.69607e-19  2.73372e-06
 4.60028e-21  1.04879e-06  5.39371e-20 -8.94952e-06 -6.40567e-19  3.98278e-05  2.42496e-18  -0.00011481 -5.47845e-18  0.000233052  8.84578e-18 -0.000344541 -1.05233e-17  0.000372151  8.90419e-18 -0.000285846 -5.07977e-18  0.000144708  1.78146e-18 -3.92452e-05  -2.9136e-19
-7.33813e-07  5.39371e-20  1.10931e-05  3.03841e-19 -6.55913e-05   -2.421e-18  0.000231979   7.0017e-18 -0.000558991 -1.31972e-17  0.000968959  1.85174e-17  -0.00122959 -1.88598e-17   0.00112974  1.31073e-17 -0.000716887 -5.80512e-18  0.000278171  1.27493e-18 -4.36467e-05
-9.01406e-20 -8.94952e-06  3.03841e-19  7.67697e-05  1.01049e-18 -0.000343445  -5.6746e-18  0.000995308  1.30889e-17  -0.00203136 -2.18568e-17      0.00302  2.76114e-17  -0.00328119 -2.41323e-17   0.00253599  1.39173e-17   -0.0012925  -5.3023e-18  0.000353154  1.33655e-18
 4.31613e-06 -6.40567e-19 -6.55913e-05  1.01049e-18  0.000389867   2.1318e-18  -0.00138615 -8.71538e-18   0.00335809  1.78068e-17  -0.00585309 -2.93863e-17   0.00747012  3.39766e-17   -0.0069051 -2.45216e-17   0.00441013  1.06755e-17  -0.00172341 -1.60302e-18  0.000272585
 4.66128e-19  3.98278e-05   -2.421e-18 -0.000343445   2.1318e-18   0.00154458  2.90631e-18  -0.00450009 -9.92581e-18    0.0092345  2.39562e-17   -0.0138063 -4.19413e-17    0.0150891  4.32548e-17   -0.0117355 -2.80725e-17   0.00602189  1.40146e-17  -0.00165783 -6.06981e-18
-1.51845e-05  2.42496e-18  0.000231979  -5.6746e-18  -0.00138615  2.90631e-18   0.00495459  2.82126e-18   -0.0120681 -1.41659e-17    0.0211517  4.28291e-17   -0.0271519 -6.34141e-17     0.025252  4.85988e-17    -0.016234 -1.98844e-17   0.00638978 -1.09919e-18   -0.0010189
 -1.3078e-18  -0.00011481   7.0017e-18  0.000995308 -8.71538e-18  -0.00450009  2.82126e-18    0.0131817  4.82651e-18   -0.0271996 -3.59964e-17    0.0408986   8.6562e-17    -0.044967 -9.86763e-17    0.0351967  7.03977e-17    -0.018186 -4.29875e-17   0.00504535  2.37875e-17
 3.63934e-05 -5.47845e-18 -0.000558991  1.30889e-17   0.00335809 -9.92581e-18   -0.0120681  4.82651e-18    0.0295569  1.29672e-17   -0.0520988 -7.37475e-17    0.0672743  1.16805e-16   -0.0629587 -8.17394e-17    0.0407474  2.06147e-17   -0.0161571  2.16921e-17   0.00259802
 2.49162e-18  0.000233052 -1.31972e-17  -0.00203136  1.78068e-17    0.0092345 -1.41659e-17   -0.0271996  1.29672e-17    0.0564425   3.5323e-17   -0.0853685  -1.2657e-16    0.0944399  1.55125e-16   -0.0744066 -1.24918e-16    0.0387207  9.99708e-17   -0.0108281  -6.9308e-17
-6.27376e-05  8.84578e-18  0.000968959 -2.18568e-17  -0.00585309  2.39562e-17    0.0211517 -3.59964e-17   -0.0520988   3.5323e-17    0.0923708  3.63256e-17    -0.120007 -8.54659e-17     0.113035  2.64207e-17   -0.0736675   5.3222e-17    0.0294349 -9.68199e-17  -0.00477442
-3.46862e-18 -0.000344541  1.85174e-17      0.00302 -2.93863e-17   -0.0138063  4.28291e-17    0.0408986 -7.37475e-17   -0.0853685  3.63256e-17     0.129906  8.10804e-17    -0.144632 -1.48193e-16     0.114732  1.73756e-16    -0.060151  -2.0039e-16    0.0169614  1.59055e-16
 7.91579e-05 -1.05233e-17  -0.00122959  2.76114e-17   0.00747012 -4.19413e-17   -0.0271519   8.6562e-17    0.0672743  -1.2657e-16    -0.120007  8.10804e-17     0.156907 -5.73264e-17    -0.148794   1.4407e-16    0.0976807 -2.28732e-16   -0.0393447  2.46976e-16   0.00644064
 3.50852e-18  0.000372151 -1.88598e-17  -0.00328119  3.39766e-17    0.0150891 -6.34141e-17    -0.044967  1.16805e-16    0.0944399 -8.54659e-17    -0.144632 -5.73264e-17     0.162114  1.87412e-16    -0.129529 -3.03383e-16    0.0684441  3.82788e-16   -0.0194707 -2.91486e-16
-7.22927e-05  8.90419e-18   0.00112974 -2.41323e-17   -0.0069051  4.32548e-17     0.025252 -9.86763e-17   -0.0629587  1.55125e-16     0.113035 -1.48193e-16    -0.148794  1.87412e-16     0.142115 -3.37027e-16   -0.0940218  4.55852e-16    0.0381969 -4.39345e-16  -0.00631446
-2.47531e-18 -0.000285846  1.31073e-17   0.00253599 -2.45216e-17   -0.0117355  4.85988e-17    0.0351967 -8.17394e-17   -0.0744066  2.64207e-17     0.114732   1.4407e-16    -0.129529 -3.37027e-16     0.104294  5.23149e-16   -0.0555769 -6.02005e-16    0.0159611  4.10033e-16
 4.55787e-05 -5.07977e-18 -0.000716887  1.39173e-17   0.00441013 -2.80725e-17    -0.016234  7.03977e-17    0.0407474 -1.24918e-16   -0.0736675  1.73756e-16    0.0976807 -3.03383e-16   -0.0940218  5.23149e-16     0.062728 -6.64548e-16    -0.025722   5.8137e-16   0.00429799
 1.13014e-18  0.000144708 -5.80512e-18   -0.0012925  1.06755e-17   0.00602189 -1.98844e-17    -0.018186  2.06147e-17    0.0387207   5.3222e-17    -0.060151 -2.28732e-16    0.0684441  4.55852e-16   -0.0555769 -6.64548e-16    0.0298914  6.96871e-16  -0.00867479 -4.18629e-16
-1.75615e-05  1.78146e-18  0.000278171  -5.3023e-18  -0.00172341  1.40146e-17   0.00638978 -4.29875e-17   -0.0161571  9.99708e-17    0.0294349  -2.0039e-16   -0.0393447  3.82788e-16    0.0381969 -6.02005e-16    -0.025722  6.96871e-16    0.0106575 -5.39485e-16  -0.00180229
-2.69607e-19 -3.92452e-05  1.27493e-18  0.000353154 -1.60302e-18  -0.00165783 -1.09919e-18   0.00504535  2.16921e-17   -0.0108281 -9.68199e-17    0.0169614  2.46976e-16   -0.0194707 -4.39345e-16    0.0159611   5.8137e-16  -0.00867479 -5.39485e-16    0.0025476   2.7411e-16
 2.73372e-06  -2.9136e-19 -4.36467e-05  1.33655e-18  0.000272585 -6.06981e-18   -0.0010189  2.37875e-17   0.00259802  -6.9308e-17  -0.00477442  1.59055e-16   0.00644064 -2.91486e-16  -0.00631446  4.10033e-16   0.00429799 -4.18629e-16  -0.00180229   2.7411e-16  0.000309078
