 6.58873e-07  1.14286e-20 -6.47215e-06 -1.80025e-19  2.11256e-05  8.06492e-19 -3.27252e-05 -1.92591e-18  2.26637e-05  2.91582e-18 -9.00631e-07 -3.02613e-18 -5.89715e-06  2.29768e-18 -8.85836e-08 -1.36848e-18  1.51877e-06  5.44782e-19   4.8188e-07  1.11661e-19 -1.92396e-07 -3.10787e-19 -2.02236e-07  5.86503e-20 -5.56674e-08  1.31737e-19  1.56189e-08 -4.83311e-20  2.08888e-08 -3.92472e-20  9.09514e-09  6.39565e-21  1.38876e-09  1.97594e-20 -8.57892e-10 -6.23616e-22 -7.88922e-10 -6.20921e-21 -3.52762e-10  -9.3658e-22 -9.61042e-11  1.16763e-21 -6.92888e-12  5.66908e-22  9.43391e-12 -4.61926e-23  6.76869e-12 -1.31389e-22  2.93619e-12 -3.66998e-23  9.60248e-13  8.58602e-24  2.40541e-13  8.71433e-24  3.97407e-14  2.16709e-24 -5.60509e-16 -4.68504e-25 -3.75448e-15 -5.15944e-25 -1.91324e-15 -1.48741e-25 -6.87575e-16  2.58247e-27 -2.04784e-16  1.81202e-26 -5.32189e-17  7.32129e-27 -1.23335e-17  7.59657e-28 -2.57235e-18 -7.70994e-28 -4.83479e-19 -5.29408e-28 -8.13909e-20  -1.7656e-28 -1.20617e-20  -2.7381e-29 -1.50843e-21  6.13937e-30 -1.40172e-22  6.82476e-30  -3.7483e-24  3.41732e-30   2.2195e-24  1.29678e-30  6.98847e-25  4.02565e-31  1.42119e-25  1.05171e-31  2.35309e-26  2.37276e-32  3.37714e-27  4.71499e-33   4.3066e-28  8.30751e-34  4.93347e-29  1.29409e-34  5.09935e-30  1.77384e-35  4.75869e-31  2.13436e-36  4.00129e-32  2.25334e-37  3.01888e-33  2.08261e-38    2.031e-34   1.6699e-39  1.20809e-35  1.14367e-40   6.2839e-37  6.58489e-42  2.81723e-38  3.14307e-43  1.06765e-39  1.21703e-44  3.32966e-41   3.6631e-46  8.22633e-43  7.98374e-48  1.51967e-44  1.12674e-49  1.89366e-46  8.20458e-52  1.25721e-48  1.29738e-54
 1.14286e-20  9.84368e-06  1.06775e-19  -5.3918e-05 -1.15374e-18  0.000128832  4.05876e-18 -0.000151999 -7.98155e-18  7.00164e-05  1.00585e-17  1.89979e-05 -8.56901e-18 -2.05894e-05  5.36375e-18 -7.16653e-06 -3.02018e-18  3.84015e-06  1.34628e-18  3.11222e-06  3.75213e-19  2.84144e-07  -1.0065e-18 -6.29233e-07  2.27501e-19  -3.8804e-07  3.75137e-19 -6.94544e-08 -1.22972e-19  4.46018e-08 -1.39764e-19  4.12172e-08  2.69178e-20   1.6471e-08  6.08877e-20  2.49958e-09 -2.57061e-21  -1.3848e-09 -1.83002e-20 -1.30909e-09 -3.11357e-21  -6.1064e-10  3.17337e-21 -1.88266e-10  1.69183e-21 -3.11428e-11 -4.06085e-23  5.84467e-12 -3.42271e-22   7.4454e-12 -1.09819e-22  3.76654e-12  1.62007e-23  1.39361e-12  2.23196e-23    4.153e-13  6.03963e-24    1.005e-13 -1.12569e-24  1.83939e-14 -1.38405e-24  1.64317e-15 -4.28273e-25 -5.01299e-16 -1.43826e-26 -3.48655e-16  3.90931e-26 -1.30737e-16  1.56601e-26 -3.87693e-17  1.35435e-28 -9.92007e-18  -2.9378e-27 -2.26723e-18 -1.71619e-27 -4.70879e-19 -5.27212e-28 -8.97328e-20 -6.56687e-29 -1.57806e-20  2.68426e-29 -2.57009e-21   2.3033e-29 -3.88447e-22  1.06287e-29 -5.45476e-23  3.79549e-30 -7.12048e-24  1.11786e-30 -8.64146e-25  2.78403e-31 -9.74908e-26  5.99741e-32 -1.02226e-26  1.13761e-32  -9.9612e-28  1.91336e-33 -9.01969e-29  2.84785e-34 -7.58891e-30  3.73354e-35 -5.93106e-31  4.29876e-36 -4.30051e-32  4.34364e-37 -2.88441e-33  3.84222e-38 -1.77936e-34  2.94872e-39 -9.99875e-36  1.93451e-40 -5.04393e-37  1.06862e-41 -2.23866e-38  4.89888e-43 -8.51628e-40  1.82268e-44 -2.68172e-41  5.28497e-46 -6.64742e-43  1.11946e-47 -1.19784e-44  1.56149e-49 -1.35222e-46  1.14156e-51 -6.17103e-49
-6.47215e-06  1.06775e-19  7.15296e-05  5.62913e-19 -0.000267196 -4.56496e-18  0.000489346  1.30617e-17 -0.000438898 -2.15486e-17  0.000106987  2.26364e-17  9.82576e-05 -1.52514e-17 -3.23258e-05  7.28182e-18 -3.16291e-05 -4.36469e-18  6.77251e-07  2.75403e-18  8.59612e-06  5.94472e-19  3.44207e-06 -2.16422e-18 -4.87409e-07  5.44324e-19 -1.07796e-06  7.94139e-19 -4.90337e-07 -2.73794e-19 -5.01795e-08 -3.13135e-19  7.27336e-08  7.23294e-20  5.53891e-08  1.30264e-19  2.12209e-08 -6.02446e-21   3.5622e-09 -3.79853e-20 -1.33862e-09 -7.35721e-21 -1.43118e-09  5.96039e-21 -7.08433e-10  3.50027e-21  -2.4312e-10  9.28753e-23 -5.69524e-11 -6.03963e-22 -4.66304e-12 -2.14281e-22  3.75937e-12  2.11874e-23  2.68283e-12  3.90933e-23  1.14796e-12  1.07334e-23  3.86673e-13 -2.29837e-24  1.09585e-13  -2.7097e-24  2.65897e-14 -8.94623e-25  5.45612e-15 -8.93559e-26  8.89995e-16  4.06146e-26  8.76607e-17  1.39647e-26 -8.81868e-18 -6.72407e-27 -7.86065e-18 -8.27875e-27 -2.73692e-18 -4.03223e-27 -7.27216e-19 -1.11245e-27 -1.65069e-19 -9.99806e-29 -3.33428e-20  7.40706e-29 -6.10995e-21  5.28051e-29 -1.02626e-21  2.25594e-29 -1.58929e-22  7.58778e-30 -2.27653e-23  2.12081e-30 -3.02089e-24   5.0346e-31 -3.71453e-25  1.03535e-31 -4.22911e-26  1.87431e-32 -4.45076e-27  3.00775e-33 -4.31842e-28  4.27209e-34 -3.84914e-29  5.34499e-35 -3.13709e-30  5.87028e-36 -2.32407e-31  5.65179e-37  -1.5535e-32  4.75507e-38 -9.28341e-34  3.46274e-39 -4.90201e-35  2.14966e-40  -2.2534e-36  1.11936e-41 -8.84352e-38  4.80488e-43 -2.88619e-39  1.65524e-44   -7.545e-41  4.36602e-46  -1.4907e-42   8.1552e-48  -2.0096e-44  9.33286e-50 -1.46648e-46   4.2461e-52
-1.80025e-19  -5.3918e-05  5.62913e-19  0.000337085  2.04522e-18 -0.000939165 -1.31067e-17   0.00135236  3.13465e-17 -0.000899098 -4.41837e-17  1.06917e-05  3.86464e-17  0.000260962 -1.89547e-17  2.98093e-06  5.03838e-18 -7.36103e-05    -4.77e-18 -2.15803e-05  5.17099e-18  1.18708e-05  4.48001e-19  1.08342e-05 -3.68865e-18  2.34906e-06  1.09253e-18 -1.36693e-06  1.34219e-18 -1.32615e-06 -5.47566e-19 -4.87384e-07  -5.4603e-19 -1.90851e-08  1.52768e-19  8.63931e-08  2.26868e-19  5.89937e-08 -1.01267e-20  2.24276e-08 -6.40329e-20   4.4218e-09  -1.4157e-20  -7.5507e-10  8.79396e-21 -1.14921e-09  5.73276e-21 -6.19148e-10  4.12236e-22 -2.33535e-10 -8.13134e-22 -6.65264e-11 -3.06596e-22 -1.31077e-11  2.82197e-23 -6.21089e-13  5.51511e-23  9.18433e-13  1.39081e-23  5.56265e-13 -4.57398e-24  2.18178e-13 -4.59363e-24  6.92682e-14 -1.64195e-24  1.89594e-14 -3.14372e-25  4.58707e-15 -3.36542e-26  9.90261e-16 -2.31953e-26  1.90618e-16 -2.88611e-26   3.2331e-17 -1.92349e-26  4.67646e-18 -7.89286e-27  5.24921e-19 -1.93748e-27  2.81408e-20 -1.11407e-28 -6.26061e-21  1.51348e-28  -2.6982e-21  9.44494e-29 -6.47616e-22  3.76282e-29 -1.23418e-22  1.19485e-29 -2.02512e-23  3.17204e-30 -2.95064e-24   7.1779e-31 -3.87116e-25  1.40873e-31 -4.60281e-26  2.43291e-32 -4.97142e-27  3.72224e-33 -4.87624e-28  5.03818e-34 -4.33355e-29  6.00252e-35 -3.47543e-30  6.26932e-36 -2.50085e-31  5.72805e-37 -1.60241e-32  4.55919e-38 -9.05296e-34  3.12803e-39 -4.45254e-35  1.82005e-40 -1.87489e-36  8.81838e-42 -6.60978e-38  3.48252e-43 -1.89122e-39  1.08413e-44 -4.19401e-41  2.51008e-46 -6.68345e-43  3.89771e-48 -6.60496e-45  3.22743e-50 -2.60964e-47
 2.11256e-05 -1.15374e-18 -0.000267196  2.04522e-18   0.00115925   5.5849e-18  -0.00253451 -2.92507e-17   0.00290354  5.99333e-17  -0.00133716 -7.37437e-17  -0.00039406  5.36558e-17   0.00045053 -1.55318e-17   0.00014617 -3.08084e-18 -0.000101952 -4.18585e-18 -7.27253e-05  8.66785e-18 -2.82604e-07  -3.6559e-19  1.92106e-05  -5.2349e-18  9.83311e-06   1.9792e-18  6.79291e-07  1.87551e-18 -1.92112e-06 -9.82743e-19 -1.32026e-06 -8.11167e-19 -4.15551e-07  2.71742e-19  2.69299e-09  3.44184e-19  8.17297e-08 -1.19837e-20  5.27718e-08 -9.25305e-20  2.04199e-08 -2.34119e-20   4.7742e-09  1.04904e-20  3.70121e-13  7.75589e-21 -6.68222e-10     8.88e-22 -4.15496e-10  -8.4079e-22  -1.7207e-10 -3.13428e-22 -5.56787e-11  5.50028e-23 -1.43882e-11  6.99586e-23 -2.76758e-12   1.3802e-23 -2.44202e-13 -8.51165e-24  9.34234e-14 -7.25381e-24  6.48329e-14 -2.89065e-24  2.51286e-14 -8.61137e-25  7.72585e-15 -2.76373e-25  2.04792e-15 -1.33482e-25  4.83956e-16  -7.7991e-26  1.03673e-16  -3.8384e-26  2.03182e-17 -1.35991e-26  3.66229e-18 -2.99527e-27   6.0884e-19 -1.05444e-28  9.34697e-20  2.44907e-28  1.32514e-20   1.3924e-28  1.73322e-21  5.21725e-29  2.08761e-22  1.56929e-29  2.30948e-23  3.96231e-30  2.33887e-24  8.54903e-31  2.15998e-25  1.60082e-31  1.81177e-26  2.63612e-32  1.37566e-27  3.84185e-33  9.44865e-29  4.94815e-34  5.90438e-30  5.60159e-35  3.41952e-31  5.54762e-36  1.90251e-32  4.79189e-37  1.06016e-33  3.59067e-38  5.98349e-35  2.30641e-39  3.28056e-36  1.24741e-40  1.62863e-37  5.56184e-42  6.84072e-39  1.99076e-43  2.28761e-40   5.4833e-45  5.69047e-42  1.07812e-46   9.4879e-44  1.30586e-48  8.41881e-46  6.30012e-51
 8.06492e-19  0.000128832 -4.56496e-18 -0.000939165   5.5849e-18     0.003105  1.19983e-17   -0.0055016 -5.26039e-17   0.00501288  9.47759e-17  -0.00132854 -1.04729e-16   -0.0011965  6.36119e-17   0.00049714 -3.92341e-18  0.000417411 -1.58834e-17 -5.30494e-05 -2.97262e-18 -0.000138888   1.2452e-17 -4.19928e-05 -2.03161e-18  1.78014e-05 -6.21243e-18  2.02718e-05  3.29347e-18  6.97999e-06  2.22701e-18 -6.87209e-07 -1.59505e-18 -2.01348e-06 -1.08488e-18 -1.13294e-06  4.17962e-19 -3.22312e-07  4.71339e-19  7.83239e-09 -6.42303e-21  6.38314e-08 -1.17294e-19   4.0583e-08 -3.42041e-20  1.62548e-08  9.76212e-21  4.41813e-09  8.70031e-21  5.44187e-10  1.37585e-21 -2.31304e-10 -5.87241e-22 -2.05553e-10 -1.54505e-22 -9.61908e-11  1.31594e-22 -3.44369e-11  9.04987e-23 -1.02058e-11  1.17036e-23  -2.5476e-12 -1.39286e-23 -5.23729e-13 -1.09455e-23 -7.97077e-14 -4.99047e-24 -4.22701e-15 -1.96767e-24  2.73814e-15 -7.99852e-25  1.41969e-15 -3.56793e-25  4.60094e-16 -1.64494e-25  1.21174e-16 -6.73789e-26   2.7824e-17 -2.12111e-26  5.73665e-18 -4.29247e-27  1.07805e-18 -1.24725e-28  1.86228e-19  3.24299e-28  2.97199e-20  1.74014e-28  4.39442e-21  6.19165e-29  6.02905e-22   1.7715e-29  7.67827e-23  4.26193e-30  9.07269e-24  8.77237e-31   9.9334e-25  1.56701e-31  1.00559e-25  2.45921e-32  9.38425e-27  3.41089e-33  8.04056e-28    4.174e-34   6.2927e-29  4.48016e-35  4.46898e-30  4.19526e-36  2.85642e-31  3.41336e-37  1.62617e-32  2.39671e-38  8.13785e-34   1.4327e-39  3.51924e-35  7.14611e-41  1.28577e-36  2.90122e-42  3.84618e-38  9.27368e-44   8.9936e-40  2.21016e-45  1.52435e-41  3.54803e-47  1.61729e-43  3.04246e-49  6.92904e-46
-3.27252e-05  4.05876e-18  0.000489346 -1.31067e-17  -0.00253451  1.19983e-17   0.00675395  2.07603e-17  -0.00991003 -7.76021e-17   0.00707725  1.26982e-16  -0.00040078  -1.3099e-16  -0.00224374  6.72637e-17  0.000183907  1.27748e-17  0.000736192 -2.93563e-17   0.00013264 -1.39553e-18  -0.00017279  1.48113e-17 -0.000112513 -4.61473e-18 -7.41287e-06 -6.00064e-18  2.58826e-05  5.07776e-18  1.68529e-05  2.31028e-18  3.98393e-06 -2.35638e-18 -1.36594e-06 -1.35912e-18 -1.75268e-06  5.60959e-19 -8.70805e-07  5.93432e-19 -2.37122e-07  1.24131e-20   1.2611e-09 -1.31318e-19  4.13262e-08 -4.48835e-20  2.69048e-08   5.6751e-21  1.12749e-08  7.74294e-21  3.45998e-09  1.64798e-21  7.14341e-10 -2.60462e-23  2.59464e-11  2.28982e-22 -6.21746e-11   2.9334e-22 -3.81467e-11  1.32248e-22 -1.54187e-11  1.34117e-23 -5.03981e-12  -1.9305e-23 -1.41289e-12 -1.57533e-23 -3.47201e-13 -8.30042e-24  -7.5124e-14 -3.85744e-24 -1.41606e-14 -1.69232e-24  -2.2419e-15 -7.17152e-25 -2.65184e-16 -2.91775e-25 -1.04553e-17 -1.05735e-25  5.94263e-18    -3.04e-26  2.41445e-18 -5.83232e-27  6.20137e-19 -2.31098e-28  1.29543e-19   3.5545e-28  2.35396e-20  1.87102e-28  3.82381e-21  6.39435e-29  5.62578e-22  1.74924e-29  7.54537e-23   4.0197e-30  9.25207e-24  7.90006e-31  1.03775e-24  1.34628e-31  1.06348e-25  2.01263e-32  9.93152e-27  2.65422e-33  8.41815e-28  3.08147e-34  6.44153e-29   3.1293e-35  4.41876e-30  2.76282e-36   2.6933e-31  2.10969e-37   1.4422e-32  1.38167e-38  6.68633e-34  7.64037e-40  2.63296e-35  3.48647e-41  8.57962e-37  1.27458e-42  2.22853e-38  3.57936e-44  4.35454e-40  7.18504e-46  5.78054e-42  8.90854e-48  4.13542e-44  4.40112e-50
-1.92591e-18 -0.000151999  1.30617e-17   0.00135236 -2.92507e-17   -0.0055016  2.07603e-17    0.0122918  2.90842e-17   -0.0151557 -9.41082e-17   0.00817117  1.46615e-16   0.00164707 -1.48593e-16  -0.00311826  6.58035e-17 -0.000605926  2.91291e-17  0.000921856 -3.81887e-17  0.000454585  6.57587e-19 -0.000111318  1.37593e-17 -0.000184345 -8.10947e-18 -6.24982e-05 -4.29086e-18  1.51134e-05  7.29812e-18  2.51143e-05  2.18555e-18  1.19122e-05 -3.17586e-18  1.81352e-06 -1.63685e-18 -1.42894e-06  6.56999e-19 -1.32912e-06  6.92478e-19 -6.13416e-07  4.79132e-20 -1.68879e-07 -1.29212e-19 -8.03932e-09 -5.36279e-20  2.15062e-08 -2.02923e-21  1.51486e-08  4.39571e-21  6.70898e-09  1.47122e-21  2.26329e-09  7.86734e-22  5.91668e-10  8.55305e-22   1.0637e-10  5.70818e-22  2.68553e-12  2.15885e-22 -8.02622e-12  2.84397e-23 -4.46122e-12 -2.18174e-23 -1.67062e-12 -2.13781e-23 -5.13172e-13 -1.29731e-23  -1.3723e-13 -6.60872e-24 -3.27841e-14 -2.96051e-24 -7.08832e-15 -1.20345e-24 -1.39619e-15 -4.51464e-25 -2.51192e-16 -1.50011e-25 -4.12583e-17 -4.03229e-26 -6.16413e-18 -7.55058e-27 -8.31108e-19 -4.64249e-28 -9.96144e-20  3.18776e-28 -1.02962e-20   1.7399e-28 -8.52492e-22   5.7972e-29 -4.25228e-23  1.52648e-29  2.18149e-24  3.36145e-30  9.59883e-25  6.31663e-31  1.62675e-25  1.02726e-31  2.05175e-26  1.46248e-32  2.14152e-27  1.83233e-33  1.91325e-28  2.01526e-34  1.47963e-29  1.93218e-35  9.91402e-31  1.60382e-36  5.72287e-32  1.14515e-37  2.81444e-33  6.96178e-39  1.15905e-34  3.53879e-40  3.89786e-36   1.4646e-41  1.03137e-37   4.7614e-43  2.02627e-39  1.15188e-44  2.67524e-41  1.87845e-46  1.93367e-43  1.63919e-48  4.03181e-46
 2.26637e-05 -7.98155e-18 -0.000438898  3.13465e-17   0.00290354 -5.26039e-17  -0.00991003  2.90842e-17    0.0191561   3.2323e-17   -0.0200362 -9.18229e-17   0.00749181   1.4798e-16   0.00452364 -1.56766e-16  -0.00331274  6.02266e-17  -0.00176778  4.04245e-17  0.000775742 -3.77415e-17    0.0008217  3.57443e-18  8.48208e-05  8.04944e-18 -0.000208669 -1.24694e-17 -0.000135075 -1.33663e-18 -1.99966e-05  9.80157e-18  2.32868e-05   2.0394e-18  1.98065e-05 -3.90276e-18  7.50951e-06 -1.91354e-18  6.27385e-07  6.66639e-19 -1.14227e-06  7.51351e-19 -8.98313e-07  9.82963e-20 -3.99851e-07 -1.09671e-19 -1.15843e-07 -5.93604e-20 -1.36582e-08 -1.29605e-20  8.04063e-09 -1.35914e-21  6.96753e-09   6.8629e-22  3.32902e-09  1.73794e-21  1.21398e-09  1.69949e-21  3.61613e-10  9.80559e-22  8.81881e-11  3.60571e-22  1.64691e-11  6.69046e-23  1.62052e-12 -1.81505e-23 -3.72947e-13 -2.70512e-23 -2.84945e-13 -1.87471e-23 -1.08813e-13 -1.00384e-23 -3.24811e-14 -4.48874e-24 -8.32874e-15 -1.75992e-24 -1.90298e-15 -6.22363e-25 -3.94515e-16 -1.93938e-25 -7.49703e-17  -4.9628e-26 -1.31396e-17 -9.25594e-27 -2.13203e-18 -8.06054e-28 -3.21022e-19  2.20418e-28 -4.49127e-20  1.39225e-28 -5.84141e-21  4.62491e-29 -7.06178e-22  1.18316e-29 -7.92913e-23  2.50805e-30 -8.25725e-24  4.51572e-31 -7.95814e-25  7.01359e-32 -7.07688e-26  9.50849e-33 -5.78295e-27  1.13101e-33 -4.31899e-28  1.17683e-34 -2.92735e-29  1.06303e-35 -1.78428e-30  8.27177e-37  -9.6661e-32  5.50138e-38 -4.58407e-33   3.0888e-39 -1.86557e-34  1.43333e-40 -6.34218e-36  5.32774e-42 -1.73349e-37  1.51748e-43 -3.59243e-39  3.08338e-45 -5.09465e-41  3.87144e-47 -3.92046e-43  1.93922e-49
 2.91582e-18  7.00164e-05 -2.15486e-17 -0.000899098  5.99333e-17   0.00501288 -7.76021e-17   -0.0151557   3.2323e-17    0.0260723  2.60233e-17   -0.0232487 -6.61122e-17   0.00480899  1.32985e-16   0.00751506 -1.56955e-16  -0.00249682  4.91574e-17  -0.00298184  4.46735e-17   0.00019524 -2.56419e-17     0.001078  7.76894e-18  0.000396108 -2.05064e-18 -0.000138825 -1.75645e-17 -0.000193783  2.06227e-18 -7.58923e-05  1.22854e-17  4.20396e-06  2.08316e-18  2.19124e-05 -4.36462e-18  1.36679e-05 -2.15984e-18  4.39972e-06  5.76532e-19  1.53848e-07  7.61005e-19 -7.56015e-07  1.56711e-19 -5.44844e-07 -7.65438e-20  -2.4044e-07 -6.25314e-20 -7.46632e-08 -2.64296e-20 -1.39209e-08 -9.14986e-21  1.08342e-09 -7.56459e-22  2.37721e-09  2.69674e-21  1.30839e-09  2.70258e-21  5.17217e-10  1.51821e-21  1.67763e-10  5.75935e-22  4.65219e-11  1.35261e-22  1.11382e-11 -5.77173e-24  2.27089e-12 -3.16451e-23  3.72684e-13 -2.48744e-23  3.91798e-14 -1.36758e-23 -2.21466e-15 -6.04403e-24 -2.70244e-15 -2.29439e-24  -9.5625e-16 -7.74728e-25 -2.51774e-16 -2.29768e-25 -5.60946e-17 -5.66953e-26 -1.10547e-17 -1.06402e-26 -1.96641e-18 -1.17807e-27 -3.19051e-19  8.94072e-29 -4.74845e-20  9.37248e-29 -6.50078e-21  3.23058e-29  -8.1942e-22  8.14598e-30 -9.50538e-23  1.67345e-30 -1.01306e-23  2.89627e-31 -9.89261e-25  4.30218e-32 -8.81704e-26  5.55625e-33 -7.13634e-27  6.27179e-34 -5.21168e-28  6.16628e-35 -3.40657e-29  5.23693e-36 -1.97277e-30  3.80868e-37  -9.9917e-32  2.34986e-38 -4.35254e-33  1.21174e-39 -1.59479e-34  5.09329e-41 -4.76487e-36  1.68076e-42 -1.10876e-37  4.11672e-44 -1.86393e-39  6.78365e-46 -1.95544e-41  5.98282e-48 -8.26037e-44
-9.00631e-07  1.00585e-17  0.000106987 -4.41837e-17  -0.00133716  9.47759e-17   0.00707725 -9.41082e-17   -0.0200362  2.60233e-17    0.0315605  8.42933e-18    -0.024004 -2.10309e-17  0.000597458  1.10561e-16   0.00980866 -1.51458e-16 -0.000690948  2.92408e-17  -0.00384834  4.25784e-17 -0.000758411 -2.59413e-18   0.00107181  1.35114e-17  0.000739578  -1.4663e-17  4.19981e-05 -2.30867e-17 -0.000200314  4.85021e-18 -0.000134921    1.432e-17 -3.25467e-05  2.42593e-18  1.28205e-05 -4.43197e-18  1.65899e-05  -2.3209e-18  8.59848e-06  4.12891e-19  2.49363e-06  7.27678e-19  4.75655e-08  2.14721e-19 -4.21023e-07 -3.75074e-20  -2.9456e-07 -6.51574e-20 -1.31427e-07 -4.18365e-20 -4.37485e-08  -1.8421e-20 -1.05853e-08 -2.80946e-21 -1.27683e-09   3.5462e-21  4.01148e-10  3.78333e-21  3.60128e-10  2.15432e-21  1.63789e-10  8.55453e-22  5.76918e-11  2.32681e-22  1.72528e-11  1.59092e-23  4.53648e-12 -3.39615e-23  1.06529e-12 -3.02557e-23   2.2475e-13 -1.68637e-23  4.25573e-14 -7.33479e-24  7.16831e-15 -2.70387e-24  1.05015e-15 -8.78834e-25  1.26453e-16 -2.50489e-25  1.02974e-17 -6.00936e-26 -1.71163e-19 -1.13768e-26 -2.96781e-19 -1.47552e-27 -7.90032e-20 -3.66347e-29 -1.51119e-20  4.95676e-29 -2.40488e-21  1.94201e-29 -3.33478e-22  4.95114e-30  -4.1071e-23  9.96504e-31 -4.52965e-24  1.66651e-31 -4.48553e-25  2.37347e-32 -3.98511e-26  2.92314e-33 -3.16581e-27  3.13116e-34 -2.23609e-28  2.90597e-35 -1.39306e-29  2.31579e-36 -7.57267e-31  1.56929e-37 -3.54103e-32  8.94253e-39 -1.39741e-33  4.20896e-40 -4.53357e-35  1.58802e-41 -1.16434e-36  4.58707e-43 -2.23253e-38  9.42708e-45  -2.8831e-40  1.19483e-46 -1.98586e-42  6.04181e-49
-3.02613e-18  1.89979e-05  2.26364e-17  1.06917e-05 -7.37437e-17  -0.00132854  1.26982e-16   0.00817117 -9.18229e-17   -0.0232487  8.42933e-18    0.0346064 -1.85449e-17   -0.0223445  3.28569e-17  -0.00422095  9.27452e-17    0.0108448  -1.4267e-16   0.00175639 -2.27902e-18  -0.00405959  3.60949e-17  -0.00187908  2.77518e-17  0.000725297  2.08508e-17  0.000998353 -2.69041e-17  0.000306145 -2.84771e-17 -0.000127709   6.1315e-18  -0.00017071  1.54412e-17 -7.79329e-05  2.99267e-18 -9.02136e-06 -4.08017e-18  1.26359e-05 -2.33634e-18  1.09455e-05  2.37066e-19   5.0592e-06  6.75061e-19  1.41048e-06  2.67233e-19  6.33671e-08 -8.00081e-22 -1.92663e-07 -6.98807e-20 -1.38964e-07 -5.87639e-20 -6.36932e-08 -2.85866e-20 -2.25257e-08 -5.35126e-21 -6.35036e-09  4.20045e-21 -1.35253e-09   4.8472e-21 -1.53089e-10  2.83381e-21   3.6021e-11  1.17396e-21  3.14027e-11  3.49735e-22  1.32676e-11  4.50202e-23  4.34775e-12 -3.31043e-23   1.2178e-12  -3.3758e-23  3.02727e-13 -1.89559e-23  6.80363e-14 -8.10172e-24  1.39688e-14 -2.90712e-24  2.63636e-15 -9.14393e-25  4.59121e-16 -2.52064e-25  7.39458e-17 -5.90749e-26  1.10285e-17 -1.12571e-26  1.52398e-18 -1.61554e-27  1.95144e-19 -1.27871e-28  2.31509e-20  1.53856e-29   2.5439e-21  9.59255e-30  2.58851e-22   2.6118e-30  2.43879e-23  5.25305e-31  2.12769e-24  8.56555e-32  1.71898e-25  1.17492e-32  1.28546e-26  1.38293e-33   8.8809e-28  1.40673e-34  5.64277e-29  1.23169e-35  3.26934e-30  9.19319e-37  1.70381e-31  5.78633e-38  7.83114e-33  3.03089e-39  3.09084e-34  1.29289e-40  1.01059e-35  4.33133e-42  2.60239e-37  1.07565e-43  4.87714e-39  1.79211e-45  5.72923e-41  1.59484e-47  2.71638e-43
-5.89715e-06 -8.56901e-18  9.82576e-05  3.86464e-17  -0.00039406 -1.04729e-16  -0.00040078  1.46615e-16   0.00749181 -6.61122e-17    -0.024004 -1.85449e-17    0.0350513  -5.0793e-17   -0.0189965  8.42156e-17  -0.00871317  8.97559e-17    0.0104863 -1.32725e-16   0.00434241 -4.49202e-17  -0.00350641  2.69139e-17  -0.00289981  5.98173e-17  6.59165e-05  2.95504e-17   0.00106714 -3.58556e-17  0.000587888 -3.29451e-17  2.52807e-05  5.51041e-18 -0.000159023  1.52827e-17 -0.000115558  3.52994e-18  -3.9217e-05 -3.41614e-18  3.90459e-07 -2.17113e-18  9.21241e-06  1.23333e-19  6.50764e-06  6.38321e-19  2.81896e-06  3.15583e-19   8.0103e-07  2.82985e-20  8.31322e-08 -7.84521e-20 -6.60962e-08 -7.66678e-20 -5.48389e-08 -3.90128e-20 -2.63958e-08 -8.18108e-21 -9.84059e-09   4.6147e-21 -3.04002e-09  5.79479e-21 -7.88576e-10  3.48169e-21 -1.67202e-10  1.49111e-21 -2.56634e-11  4.70103e-22 -1.01189e-12  7.75712e-23   1.1484e-12 -2.88016e-23  5.78053e-13 -3.45849e-23  1.90126e-13 -1.95278e-23  5.11998e-14 -8.20117e-24  1.20388e-14 -2.87013e-24  2.54072e-15 -8.76758e-25  4.88164e-16 -2.34695e-25  8.60808e-17 -5.38576e-26  1.39966e-17 -1.02842e-26  2.10406e-18  -1.5707e-27  2.92784e-19 -1.71842e-28  3.77172e-20 -5.58838e-30  4.49454e-21  3.34003e-30  4.94599e-22  1.14606e-30  5.01341e-23  2.40435e-31  4.66443e-24  3.88937e-32  3.96521e-25  5.18156e-33  3.06203e-26  5.85461e-34  2.13232e-27  5.66704e-35  1.32683e-28  4.68213e-36  7.29243e-30  3.26829e-37   3.4881e-31  1.90461e-38  1.42412e-32  9.12245e-40  4.83417e-34  3.49793e-41  1.31406e-35  1.02673e-42  2.69927e-37   2.1405e-44  3.78413e-39  2.74369e-46  2.87243e-41  1.40016e-48
 2.29768e-18 -2.05894e-05 -1.52514e-17  0.000260962  5.36558e-17   -0.0011965  -1.3099e-16   0.00164707   1.4798e-16   0.00480899 -2.10309e-17   -0.0223445  -5.0793e-17    0.0334963  -8.4766e-17   -0.0149333   1.2604e-16   -0.0122658  1.06348e-16   0.00896022 -1.23045e-16   0.00660736  -9.4141e-17   -0.0022806  1.57554e-17  -0.00358719  8.76551e-17 -0.000788702  3.90257e-17  0.000889549  -3.9447e-17  0.000805933 -3.55961e-17  0.000230816  3.21624e-18 -8.85406e-05  1.36949e-17  -0.00012771  3.69485e-18 -6.81183e-05 -2.65428e-18 -1.79512e-05 -1.84032e-18    2.499e-06  1.28757e-19  5.60137e-06  6.51192e-19   3.5276e-06  3.66497e-19  1.48431e-06  4.92808e-20  4.45357e-07 -9.04939e-20  7.67033e-08 -9.43985e-20 -1.09496e-08 -4.88729e-20 -1.65108e-08 -1.09863e-20  -8.8378e-09  4.79488e-21  -3.4927e-09  6.53485e-21 -1.14633e-09  4.01644e-21 -3.25215e-10  1.76054e-21  -8.0907e-11  5.74843e-22 -1.76382e-11  1.08518e-22 -3.31013e-12 -2.15441e-23 -5.06335e-13 -3.25403e-23 -5.15977e-14 -1.85067e-23  1.48238e-15 -7.64508e-24  2.56006e-15 -2.61394e-24   8.5997e-16 -7.77419e-25  2.10246e-16 -2.02579e-25  4.31292e-17 -4.55494e-26  7.77902e-18 -8.67102e-27  1.25925e-18 -1.37195e-27  1.84811e-19 -1.73253e-28  2.47121e-20 -1.47398e-29  3.01633e-21  1.11396e-31  3.36015e-22  3.66767e-31  3.41018e-23  9.11621e-32  3.14306e-24  1.52208e-32  2.61876e-25   2.0042e-33  1.96052e-26  2.19374e-34  1.30855e-27  2.03037e-35  7.70972e-29  1.58578e-36  3.95899e-30  1.03454e-37  1.74274e-31   5.5652e-39  6.43224e-33   2.4236e-40  1.92997e-34  8.27316e-42  4.49651e-36  2.09188e-43   7.5461e-38  3.54019e-45  7.87935e-40  3.18926e-47  3.30257e-42
-8.85836e-08  5.36375e-18 -3.23258e-05 -1.89547e-17   0.00045053  6.36119e-17  -0.00224374 -1.48593e-16   0.00452364  1.32985e-16  0.000597458  3.28569e-17   -0.0189965  -8.4766e-17    0.0308769 -1.19224e-16   -0.0109624  1.57002e-16    -0.014674  1.40663e-16   0.00667396 -1.13814e-16   0.00825472 -1.42697e-16 -0.000603366  2.55332e-18  -0.00380156  1.06477e-16  -0.00167511   4.8348e-17  0.000472966 -3.69277e-17  0.000890048 -3.56285e-17  0.000440083 -7.60603e-21  3.33629e-05  1.08024e-17 -0.000102524  3.18434e-18  -8.4141e-05 -2.05058e-18 -3.68248e-05  -1.4142e-18 -7.96204e-06   2.6885e-19  1.92182e-06  7.31395e-19  2.92989e-06  4.27148e-19   1.7361e-06  6.55486e-20   7.2646e-07 -1.03316e-19  2.32084e-07 -1.09966e-19  5.35083e-08 -5.70513e-20  5.30608e-09 -1.33323e-20 -2.71745e-09  4.80187e-21 -2.11635e-09  7.00129e-21 -9.35573e-10  4.36864e-21 -3.26683e-10  1.94194e-21 -9.77064e-11   6.4758e-22 -2.58644e-11  1.33124e-22 -6.15795e-12 -1.24767e-23 -1.32954e-12 -2.80748e-23 -2.61267e-13 -1.61726e-23 -4.67387e-14 -6.58442e-24 -7.58772e-15 -2.20313e-24 -1.10946e-15 -6.39076e-25 -1.43951e-16  -1.6234e-25 -1.60754e-17  -3.5754e-26 -1.43307e-18 -6.75114e-27 -7.57525e-20 -1.08593e-27  4.68993e-21 -1.46924e-28  2.11423e-21 -1.58516e-29  3.85505e-22 -1.09027e-30  5.26424e-23  2.93317e-32  5.97088e-24  2.46671e-32  5.81819e-25  4.82733e-33  4.92901e-26  6.56611e-34  3.63771e-27  7.11051e-35  2.32942e-28  6.36331e-36  1.28284e-29  4.72358e-37  5.99242e-31  2.88367e-38  2.32742e-32  1.42883e-39  7.30412e-34  5.62416e-41  1.77531e-35  1.68957e-42  3.12499e-37  3.59867e-44  3.53479e-39  4.69742e-46  1.96168e-41  2.43134e-48
-1.36848e-18 -7.16653e-06  7.28182e-18  2.98093e-06 -1.55318e-17   0.00049714  6.72637e-17  -0.00311826 -1.56766e-16   0.00751506  1.10561e-16  -0.00422095  8.42156e-17   -0.0149333 -1.19224e-16    0.0280298 -1.54706e-16   -0.0075361  1.79204e-16   -0.0160381  1.85582e-16   0.00403713 -1.03888e-16   0.00917152 -1.83174e-16   0.00126433 -1.29388e-17  -0.00351076   1.1362e-16  -0.00243214  5.63642e-17 -0.000119268 -2.88491e-17  0.000800991 -3.25314e-17   0.00059821  -3.1714e-18  0.000181843   6.9841e-18 -3.91146e-05  1.85012e-18 -7.82304e-05 -1.82169e-18 -4.91661e-05 -1.00075e-18 -1.89621e-05  5.09359e-19 -3.73518e-06  8.70837e-19  9.21339e-07  4.98915e-19  1.31099e-06  8.14372e-20  7.61472e-07 -1.12981e-19  3.21344e-07 -1.20851e-19  1.08335e-07 -6.22687e-20  2.94236e-08 -1.47285e-20   5.9954e-09   4.7373e-21  5.87474e-10  7.16716e-21 -2.03175e-10  4.49794e-21 -1.53625e-10  2.01136e-21 -6.27416e-11  6.78664e-22 -2.01974e-11  1.48115e-22 -5.59022e-12 -3.08307e-24 -1.37744e-12 -2.21101e-23 -3.07504e-13 -1.30412e-23 -6.28238e-14 -5.24942e-24 -1.18185e-14 -1.72202e-24 -2.05522e-15 -4.87881e-25 -3.31192e-16 -1.20911e-25 -4.95293e-17 -2.60626e-26   -6.879e-18 -4.85897e-27 -8.87414e-19 -7.83926e-28 -1.06288e-19 -1.09346e-28 -1.18083e-20 -1.29292e-29 -1.21491e-21 -1.21405e-30  -1.1549e-22 -7.32792e-32 -1.01103e-23  9.18051e-34 -8.11455e-25  9.93905e-34 -5.93541e-26  1.65738e-34 -3.92552e-27  1.88915e-35 -2.32351e-28  1.68386e-36  -1.2145e-29  1.20575e-37 -5.50921e-31  6.93143e-39  -2.1191e-32  3.16433e-40 -6.69399e-34  1.11973e-41 -1.65695e-35  2.92012e-43 -2.97844e-37  5.07922e-45 -3.35574e-39  4.68059e-47 -1.52807e-41
 1.51877e-06 -3.02018e-18 -3.16291e-05  5.03838e-18   0.00014617 -3.92341e-18  0.000183907  6.58035e-17  -0.00331274 -1.56955e-16   0.00980866  9.27452e-17  -0.00871317   1.2604e-16   -0.0109624 -1.54706e-16    0.0254696 -1.91467e-16  -0.00478012  1.94904e-16   -0.0165971  2.31692e-16   0.00136179 -9.13688e-17   0.00938392 -2.10276e-16   0.00308879 -3.06341e-17  -0.00276995   1.0872e-16   -0.0029354  6.19101e-17  -0.00078924 -1.66976e-17  0.000538651 -2.62264e-17  0.000659759 -5.34368e-18  0.000321613  2.78853e-18   5.1219e-05 -2.42138e-19 -4.75811e-05 -2.07943e-18 -4.91156e-05 -7.13065e-19 -2.64318e-05  7.76647e-19 -9.52956e-06  1.03505e-18 -1.95602e-06  5.73287e-19    2.522e-07  9.88225e-20   4.8241e-07 -1.16125e-19  2.87632e-07 -1.24824e-19  1.23792e-07 -6.34518e-20  4.34546e-08 -1.47787e-20  1.29016e-08  4.70547e-21  3.24889e-09  7.04695e-21  6.72406e-10  4.40127e-21  1.01046e-10  1.96599e-21  3.90075e-12  6.66853e-22 -4.35789e-12   1.5226e-22 -2.15341e-12  5.21249e-24 -6.95255e-13 -1.57346e-23 -1.83674e-13 -9.69188e-24 -4.23262e-14 -3.87617e-24  -8.7428e-15  -1.2495e-24 -1.64131e-15 -3.46224e-25 -2.82203e-16 -8.37536e-26 -4.46295e-17 -1.76507e-26 -6.50595e-18 -3.23627e-27 -8.74826e-19 -5.18593e-28 -1.08452e-19 -7.29174e-29 -1.23766e-20 -8.92367e-30 -1.29697e-21 -9.24402e-31 -1.24372e-22  -7.6808e-32 -1.08641e-23 -4.52187e-33 -8.59468e-25 -8.84619e-35 -6.11334e-26  2.00779e-35 -3.87428e-27   3.4514e-36 -2.16266e-28  3.42569e-37 -1.04786e-29  2.48308e-38 -4.32298e-31   1.3743e-39 -1.47943e-32  5.82958e-41 -4.04591e-34  1.85096e-42 -8.34556e-36  4.12634e-44 -1.17284e-37  5.59776e-46 -8.91066e-40  2.98822e-48
 5.44782e-19  3.84015e-06 -4.36469e-18 -7.36103e-05 -3.08084e-18  0.000417411  1.27748e-17 -0.000605926  6.02266e-17  -0.00249682 -1.51458e-16    0.0108448  8.97559e-17   -0.0122658  1.57002e-16   -0.0075361 -1.91467e-16    0.0233901 -2.27805e-16  -0.00262595   2.0467e-16   -0.0166004  2.70559e-16    -0.001159 -7.45149e-17   0.00899481 -2.21934e-16   0.00469581 -4.99333e-17  -0.00168809  9.32535e-17  -0.00311292  6.40504e-17  -0.00142906 -2.40315e-18  0.000139022 -1.71183e-17   0.00060001 -5.89031e-18  0.000416784 -1.18418e-18  0.000147881 -2.82447e-18  2.82728e-06 -2.80186e-18 -3.44155e-05 -6.35065e-19  -2.7042e-05  9.81318e-19 -1.32687e-05  1.17228e-18  -4.6863e-06   6.3226e-19 -1.09134e-06  1.15134e-19 -3.25774e-08 -1.11613e-19  1.30561e-07 -1.20896e-19  8.80777e-08 -6.01894e-20  3.95294e-08 -1.33551e-20  1.43522e-08   4.7639e-21  4.46994e-09    6.685e-21  1.22281e-09  4.10914e-21  2.96361e-10  1.82204e-21  6.35109e-11  6.18296e-22  1.18586e-11  1.46301e-22  1.85177e-12  1.13792e-23  2.12571e-13 -9.90132e-24  6.47939e-15 -6.61176e-24 -5.34719e-15 -2.64816e-24 -2.04445e-15 -8.41584e-25 -5.08605e-16 -2.28435e-25 -1.03123e-16 -5.39643e-26 -1.81377e-17 -1.11085e-26 -2.83842e-18 -1.99645e-27 -3.99931e-19 -3.15465e-28 -5.10145e-20 -4.40812e-29 -5.90227e-21 -5.42589e-30 -6.19071e-22 -5.79303e-31 -5.87254e-23 -5.25135e-32 -5.01797e-24 -3.94166e-33 -3.84043e-25 -2.33761e-34 -2.61284e-26 -9.34257e-36 -1.56493e-27 -2.69482e-38 -8.14821e-29  3.40743e-38 -3.62795e-30  3.36482e-39 -1.35111e-31   1.9861e-40 -4.08068e-33  8.17933e-42 -9.54662e-35  2.36624e-43 -1.60464e-36   4.4555e-45 -1.67353e-38  4.37094e-47  -6.9848e-41
  4.8188e-07  1.34628e-18  6.77251e-07    -4.77e-18 -0.000101952 -1.58834e-17  0.000736192  2.91291e-17  -0.00176778  4.91574e-17 -0.000690948  -1.4267e-16    0.0104863  1.06348e-16    -0.014674  1.79204e-16  -0.00478012 -2.27805e-16    0.0217814 -2.60112e-16 -0.000936967   2.0761e-16   -0.0162459  2.97063e-16  -0.00342852 -5.24611e-17   0.00813337 -2.19093e-16   0.00597527  -6.9829e-17 -0.000396371  6.97949e-17  -0.00294541  6.22707e-17  -0.00194141  1.20947e-17 -0.000336186 -6.04903e-18  0.000419908 -4.59346e-18  0.000440277 -4.40126e-18  0.000226709 -5.49808e-18  6.13628e-05 -3.84652e-18 -7.53556e-06 -7.98417e-19 -1.95983e-05  1.04544e-18 -1.33138e-05  1.22888e-18 -6.19929e-06  6.53306e-19 -2.20629e-06  1.23753e-19 -5.87036e-07 -1.01237e-19 -8.96121e-08 -1.09915e-19  1.48697e-08 -5.30277e-20  1.89934e-08 -1.07017e-20  9.62732e-09   4.8884e-21  3.67772e-09  6.13648e-21  1.18512e-09  3.67296e-21  3.35898e-10  1.60773e-21  8.54387e-11  5.43711e-22  1.97169e-11  1.32394e-22  4.15344e-12  1.49522e-23   8.0117e-13  -5.2306e-24  1.41653e-13 -4.10518e-24  2.29384e-14 -1.66865e-24  3.39303e-15 -5.25429e-25  4.56233e-16 -1.40029e-25  5.53183e-17 -3.23285e-26  5.96796e-18 -6.49549e-27  5.59307e-19  -1.1413e-27  4.32989e-20 -1.76874e-28  2.39326e-21 -2.43292e-29   2.5516e-23 -2.96274e-30 -1.52884e-23 -3.16096e-31 -2.55297e-24 -2.92188e-32 -2.72357e-25 -2.32265e-33 -2.25571e-26 -1.57273e-34 -1.51775e-27 -8.83645e-36 -8.34497e-29 -3.87627e-37 -3.69035e-30 -1.15341e-38 -1.26102e-31 -1.13404e-40 -3.04052e-33  9.32118e-42 -3.83264e-35  6.03788e-43  3.31009e-37   1.8584e-44  2.30846e-38  3.07499e-46  3.35228e-40  1.87982e-48
 1.11661e-19  3.11222e-06  2.75403e-18 -2.15803e-05 -4.18585e-18 -5.30494e-05 -2.93563e-17  0.000921856  4.04245e-17  -0.00298184  2.92408e-17   0.00175639 -1.32725e-16   0.00896022  1.40663e-16   -0.0160381  1.94904e-16  -0.00262595 -2.60112e-16    0.0205508 -2.84476e-16  0.000417771   2.0273e-16   -0.0156693  3.10132e-16  -0.00541225 -2.54325e-17   0.00692508 -2.04659e-16   0.00687116 -8.91168e-17  0.000974597  4.13438e-17  -0.00245769  5.65765e-17  -0.00225312  2.51374e-17 -0.000813044  5.83501e-18  0.000144793  -1.6465e-18  0.000380416 -6.49058e-18  0.000266606 -7.83691e-18  0.000113063 -4.99736e-18  2.48917e-05  -1.1775e-18 -5.64068e-06  9.23862e-19  -9.2905e-06  1.16514e-18 -5.83702e-06  6.16874e-19 -2.64502e-06  1.16524e-19 -9.57534e-07 -8.91348e-20  -2.8128e-07 -9.44595e-20 -6.37591e-08 -4.34187e-20 -8.45158e-09 -7.39848e-21  1.24254e-09  4.97565e-21  1.40952e-09  5.45196e-21   6.4126e-10  3.15014e-21  2.21469e-10  1.35479e-21  6.49341e-11  4.55132e-22  1.68471e-11  1.13371e-22   3.9466e-12  1.60228e-23  8.44263e-13 -1.95671e-24  1.66059e-13 -2.28013e-24  3.01616e-14  -9.6361e-25  5.07253e-15 -3.03106e-25  7.91163e-16 -7.95985e-26  1.14525e-16 -1.79844e-26  1.53868e-17 -3.52611e-27  1.91751e-18 -6.04553e-28   2.2137e-19 -9.15262e-29  2.36281e-20 -1.23111e-29  2.32512e-21  -1.4679e-30  2.10149e-22 -1.53877e-31  1.73591e-23 -1.40806e-32  1.30219e-24 -1.12109e-33  8.79916e-26 -7.72948e-35  5.30067e-27  -4.5466e-36  2.80931e-28 -2.22182e-37  1.28767e-29 -8.73318e-39  4.98944e-31 -2.66317e-40  1.58362e-32 -5.95598e-42   3.9304e-34  -8.5793e-44  7.07268e-36 -5.11644e-46  7.96784e-38  2.87637e-48  3.62497e-40
-1.92396e-07  3.75213e-19  8.59612e-06  5.17099e-18 -7.27253e-05 -2.97262e-18   0.00013264 -3.81887e-17  0.000775742  4.46735e-17  -0.00384834 -2.27902e-18   0.00434241 -1.23045e-16   0.00667396  1.85582e-16   -0.0165971   2.0467e-16 -0.000936967 -2.84476e-16    0.0195987 -2.98586e-16   0.00153781  1.90106e-16   -0.0149565  3.11978e-16   -0.0071096  5.45377e-18   0.00547853 -1.82258e-16   0.00736727 -1.06574e-16   0.00230802  1.08721e-17  -0.00170665  4.74851e-17  -0.00232183  3.54981e-17  -0.00121863  1.72734e-17 -0.000181588  2.44447e-18  0.000243495 -7.29373e-18  0.000255178 -9.49126e-18  0.000143995 -6.02758e-18  5.41011e-05 -1.70213e-18  1.09974e-05  6.13601e-19  -2.2877e-06  9.66512e-19 -3.64485e-06  5.13321e-19 -2.22744e-06  8.71515e-20 -9.98891e-07 -8.02308e-20 -3.67069e-07 -7.80672e-20 -1.14403e-07 -3.33146e-20 -3.03586e-08 -4.18783e-21 -6.68271e-09  4.88602e-21 -1.10429e-09  4.67255e-21 -7.39426e-11  2.59291e-21  3.66101e-11  1.09188e-21   2.1187e-11  3.63383e-22  7.32094e-12  9.20818e-23  2.03167e-12  1.50929e-23   4.8814e-13  6.92119e-27  1.04696e-13 -1.09101e-24  2.03528e-14 -5.03866e-25   3.6161e-15 -1.60608e-25  5.89908e-16 -4.18113e-26  8.85671e-17 -9.26863e-27  1.22472e-17 -1.77422e-27  1.55914e-18 -2.96486e-28  1.82459e-19 -4.37267e-29  1.95794e-20  -5.7248e-30   1.9199e-21 -6.63684e-31  1.71249e-22 -6.76501e-32  1.38145e-23 -6.03052e-33  1.00059e-24 -4.69005e-34  6.44848e-26 -3.16567e-35  3.65578e-27 -1.82831e-36  1.79672e-28 -8.83702e-38  7.50998e-30 -3.48841e-39  2.60107e-31 -1.09523e-40  7.19175e-33 -2.62597e-42   1.4984e-34 -4.44897e-44  2.12514e-36 -4.55096e-46  1.62816e-38 -1.79305e-48
-3.10787e-19  2.84144e-07  5.94472e-19  1.18708e-05  8.66785e-18 -0.000138888 -1.39553e-18  0.000454585 -3.77415e-17   0.00019524  4.25784e-17  -0.00405959 -4.49202e-17   0.00660736 -1.13814e-16   0.00403713  2.31692e-16   -0.0166004   2.0761e-16  0.000417771 -2.98586e-16    0.0188473 -3.02732e-16   0.00249167  1.71173e-16   -0.0141599  3.06477e-16  -0.00853583  3.85297e-17   0.00388239 -1.55313e-16   0.00747409 -1.21065e-16   0.00350702 -1.89144e-17 -0.000769468  3.59228e-17  -0.00213715  4.24324e-17  -0.00149203  2.70988e-17 -0.000505854  7.00628e-18  5.22309e-05 -6.87506e-18  0.000191957 -1.02642e-17  0.000145291 -6.75886e-18  7.19548e-05 -2.28164e-18  2.54881e-05  1.50322e-19  5.53655e-06  6.46679e-19 -3.54614e-07  3.46627e-19 -1.11544e-06  3.39578e-20 -7.07833e-07 -7.84153e-20 -3.19915e-07 -6.41106e-20 -1.18928e-07 -2.45754e-20 -3.81604e-08 -1.73616e-21 -1.07864e-08  4.50679e-21 -2.70595e-09  3.83518e-21 -6.01291e-10  2.04336e-21 -1.16756e-10   8.4112e-22  -1.9095e-11  2.76733e-22 -2.35497e-12  7.09587e-23 -1.10524e-13  1.28685e-23  4.87745e-14  9.40945e-25    2.093e-14 -4.05489e-25  5.47494e-15 -2.32966e-25  1.15116e-15 -7.73482e-26  2.08769e-16 -2.01728e-26  3.35778e-17 -4.40771e-27  4.85157e-18 -8.25146e-28  6.33509e-19 -1.34374e-28  7.49199e-20 -1.92729e-29  8.02161e-21 -2.44809e-30  7.75818e-22 -2.74614e-31  6.75114e-23 -2.70293e-32  5.25616e-24 -2.32398e-33    3.634e-25 -1.74082e-34   2.2096e-26 -1.12834e-35  1.16681e-27 -6.23052e-37  5.26384e-29 -2.86572e-38  1.98441e-30 -1.07023e-39  6.06134e-32 -3.14392e-41  1.43278e-33   -6.893e-43  2.43101e-35 -1.01871e-44  2.55675e-37 -8.02521e-47  1.07495e-39
-2.02236e-07  -1.0065e-18  3.44207e-06  4.48001e-19 -2.82604e-07   1.2452e-17  -0.00017279  6.57587e-19    0.0008217 -2.56419e-17 -0.000758411  3.60949e-17  -0.00350641  -9.4141e-17   0.00825472 -1.03888e-16   0.00136179  2.70559e-16   -0.0162459   2.0273e-16   0.00153781 -3.02732e-16    0.0182439 -2.99496e-16   0.00332534  1.48248e-16   -0.0133108  2.97483e-16   -0.0097119  7.18503e-17   0.00220699 -1.26578e-16   0.00721872 -1.31614e-16   0.00449616 -4.57038e-17  0.000266474  2.30578e-17  -0.00171833  4.56707e-17  -0.00159219  3.44169e-17 -0.000774694  1.13474e-17 -0.000159189 -5.49147e-18  8.85606e-05 -1.01452e-17  0.000115663 -7.10102e-18  7.34794e-05 -2.83097e-18  3.36576e-05 -4.04901e-19  1.17646e-05  2.42634e-19  2.92275e-06  1.33762e-19  2.70022e-07 -3.90555e-20 -2.15326e-07 -8.52064e-20 -1.71183e-07 -5.48031e-20 -8.14686e-08 -1.84411e-20  -3.0883e-08 -4.33358e-22 -1.00536e-08  3.80478e-21 -2.90091e-09  2.98078e-21 -7.54043e-10  1.53317e-21 -1.78184e-10  6.17396e-22 -3.84777e-11  2.00583e-22 -7.61353e-12  5.17905e-23 -1.38151e-12  1.00635e-23 -2.29708e-13  1.18962e-24 -3.49145e-14 -6.68643e-26 -4.83016e-15 -9.02321e-26 -6.03966e-16 -3.31981e-26 -6.74987e-17 -8.84832e-27 -6.61516e-18 -1.92158e-27 -5.48045e-19 -3.53091e-28 -3.50863e-20 -5.61013e-29 -1.17617e-21  -7.8212e-30  8.96801e-23 -9.61972e-31  2.21024e-23 -1.04062e-31  2.59342e-24 -9.84184e-33  2.23462e-25 -8.10624e-34  1.52481e-26 -5.79518e-35  8.32606e-28 -3.56462e-36  3.55503e-29 -1.85346e-37  1.10757e-30 -7.94948e-39  2.00989e-32 -2.73112e-40 -8.74503e-35 -7.21805e-42 -1.80305e-35 -1.36727e-43 -5.24803e-37 -1.60359e-45  -6.3819e-39 -7.50085e-48
 5.86503e-20 -6.29233e-07 -2.16422e-18  1.08342e-05  -3.6559e-19 -4.19928e-05  1.48113e-17 -0.000111318  3.57443e-18     0.001078 -2.59413e-18  -0.00187908  2.69139e-17   -0.0022806 -1.42697e-16   0.00917152 -9.13688e-17    -0.001159  2.97063e-16   -0.0156693  1.90106e-16   0.00249167 -2.99496e-16    0.0177542 -2.92519e-16   0.00407043  1.23789e-16   -0.0124283   2.8768e-16   -0.0106594  1.03364e-16  0.000507594 -9.80623e-17   0.00663798 -1.37463e-16   0.00522061 -6.76745e-17    0.0013115  1.01144e-17  -0.00110953  4.53757e-17  -0.00150248  3.87244e-17 -0.000943937  1.48784e-17 -0.000352235 -3.53184e-18 -3.41361e-05 -9.29645e-18  6.17283e-05 -7.06334e-18  5.83455e-05 -3.29027e-18  3.33616e-05  -9.8271e-19  1.45982e-05 -1.95693e-19  5.14478e-06 -9.96545e-20   1.4395e-06 -1.23087e-19  2.82344e-07 -9.93544e-20  1.03166e-08 -5.06966e-20 -2.33077e-08 -1.52661e-20 -1.43275e-08 -3.07836e-22 -5.85882e-09  2.84388e-21 -1.96111e-09  2.15761e-21 -5.71697e-10  1.08506e-21 -1.49184e-10  4.29194e-22 -3.53614e-11  1.37746e-22 -7.68015e-12  3.56696e-23 -1.53679e-12  7.25812e-24 -2.84311e-13   1.0645e-24 -4.87382e-14  6.38535e-26 -7.75173e-15 -2.46565e-26  -1.1445e-15 -1.21867e-26 -1.56846e-16 -3.46414e-27 -1.99371e-17 -7.59743e-28 -2.34742e-18  -1.3801e-28 -2.55485e-19 -2.14646e-29 -2.56291e-20 -2.91163e-30 -2.36061e-21 -3.46529e-31 -1.98636e-22 -3.60721e-32  -1.5172e-23 -3.26663e-33 -1.04333e-24 -2.56458e-34 -6.39263e-26 -1.73819e-35 -3.44402e-27 -1.00601e-36 -1.60372e-28 -4.87214e-38 -6.30932e-30 -1.92068e-39 -2.03211e-31 -5.95095e-41 -5.11535e-33 -1.37488e-42 -9.33171e-35 -2.14727e-44 -1.06532e-36  -1.7988e-46 -4.90973e-39
