 1.57883e-12   1.1315e-27 -3.49857e-11 -4.50985e-26  2.87637e-10  5.02002e-25 -1.34093e-09 -2.93072e-24  4.02642e-09  1.06312e-23 -8.16546e-09 -2.53525e-23  1.11919e-08  3.89948e-23 -9.78247e-09 -3.21375e-23  4.28392e-09 -4.45856e-24  5.87521e-10  4.17299e-23 -1.47529e-09  -2.8011e-23  1.46398e-10 -4.60313e-23  3.97782e-10  1.17435e-22 -3.52734e-11 -1.17311e-22 -1.07226e-10  5.44061e-23 -8.99037e-12  1.06105e-24  2.39835e-11 -6.74243e-24  8.76635e-12 -1.40104e-23 -2.55351e-12  1.94538e-23 -2.79417e-12 -1.03817e-24 -5.62662e-13 -1.97603e-23  3.13439e-13  2.49416e-23  2.41391e-13 -1.66248e-23  5.38404e-14  6.65936e-24 -1.54065e-14 -1.51746e-24 -1.58967e-14  1.21174e-25 -5.38477e-15  1.02757e-25   -3.863e-16 -8.86534e-26  5.24805e-16 -9.84081e-27  3.05382e-16  5.76951e-26  8.80543e-17 -3.69844e-26  9.51752e-18  1.23593e-26 -4.31991e-18 -3.41369e-27 -2.91899e-18  5.35675e-28 -9.72954e-19  1.46215e-28 -2.06407e-19  1.01963e-28 -1.95994e-20 -1.27197e-28  5.43308e-21  6.55071e-30   3.4379e-21  2.47506e-29  1.06945e-21 -8.14899e-30  2.37866e-22  -1.2042e-30   3.9193e-23  6.43646e-31  4.14119e-24  1.94135e-31 -3.17483e-26 -2.50125e-33 -1.43587e-25 -1.41496e-33 -4.24072e-26 -7.00323e-33 -8.46657e-27 -2.48229e-33 -1.33452e-27  1.14098e-35 -1.72897e-28  1.66178e-34 -1.84467e-29  2.77875e-35  -1.5697e-30 -8.31113e-36  -9.5032e-32  -2.7279e-36 -1.92075e-33  2.94675e-37  4.41284e-34  1.28792e-37  7.68459e-35 -2.59573e-39  7.72327e-36 -2.26158e-39  5.74764e-37  1.78823e-41  3.34476e-38  8.93221e-42   1.5487e-39 -1.33829e-42  5.44747e-41  2.34679e-43  1.29412e-42  4.26479e-44  1.96823e-44  3.85204e-46  2.59462e-46 -3.85179e-47
  1.1315e-27  5.12012e-11  2.76011e-26 -6.41047e-10 -7.62357e-25  3.97773e-09  6.76279e-24 -1.51792e-08 -3.31873e-23  3.85941e-08  1.03611e-22 -6.70372e-08 -2.13554e-22  7.80149e-08  2.76512e-22 -5.50658e-08 -1.59446e-22  1.42805e-08 -1.32098e-22  9.80766e-09  3.28566e-22 -7.26306e-09 -1.28479e-22 -1.58119e-09 -3.82905e-22   2.1163e-09  7.32023e-22  5.10143e-10 -5.97572e-22 -4.91807e-10  1.86722e-22 -2.20278e-10  6.84938e-23  6.54297e-11 -2.88778e-23  7.04268e-11 -1.00289e-22  8.91207e-12  1.09637e-22 -1.17572e-11 -1.31437e-24 -6.49989e-12 -9.85651e-23 -4.60362e-13  1.13434e-22  9.98787e-13 -6.86669e-23  5.39164e-13  2.38304e-23  8.80521e-14 -4.06938e-24   -4.242e-14 -1.22372e-26 -3.37212e-14  4.87266e-25 -1.06443e-14 -4.12303e-25 -8.29882e-16 -9.51475e-27  8.94932e-16  2.06513e-25  5.31677e-16 -1.24303e-25  1.61784e-16  3.91573e-26  2.46418e-17 -1.06128e-26 -3.22994e-18  1.14754e-28 -3.55596e-18  1.22226e-27 -1.34132e-18   5.8234e-28  -3.3166e-19 -5.55513e-28 -5.31028e-20  8.09297e-31 -2.11168e-21  8.58453e-29  2.01042e-21 -2.24825e-29  8.62371e-22 -4.91983e-30  2.25008e-22  2.08964e-30  4.42617e-23  6.74056e-31  6.76531e-24  5.98473e-32   7.5115e-25  7.78311e-33  3.82768e-26 -2.57382e-32  -7.1862e-27 -1.10167e-32  -2.6558e-27 -6.37529e-34 -5.15725e-28  6.01631e-34   -7.555e-29  1.18564e-34  -9.0257e-30 -3.15747e-35 -9.00768e-31 -9.91449e-36  -7.5313e-32  9.28882e-37 -5.21122e-33  4.01617e-37 -2.89097e-34 -1.48576e-39 -1.19267e-35 -5.37182e-39 -2.82829e-37 -1.32885e-40  4.24482e-39 -2.51307e-41  8.29937e-40 -4.20467e-42  4.26359e-41  8.18066e-43  9.83486e-43  9.24703e-44   1.2389e-44  4.97327e-46  1.54932e-46
-3.49857e-11  2.76011e-26   8.1387e-10  3.82134e-25 -7.04876e-09 -8.00962e-24  3.47677e-08  5.85756e-23 -1.11108e-07 -2.45781e-22  2.41875e-07  6.66321e-22  -3.6098e-07  -1.1891e-21  3.53886e-07  1.27515e-21 -1.92578e-07 -3.90815e-22  8.57952e-09  -1.0605e-21  5.50811e-08  1.59979e-21 -1.69526e-08  -2.1669e-22 -1.36585e-08 -2.06199e-21  5.07549e-09  3.05601e-21  4.02811e-09 -1.99235e-21 -7.56558e-10  2.82543e-22 -1.16927e-09  4.24746e-22 -1.21068e-10 -3.27848e-23  2.34515e-10  -4.6425e-22  1.08085e-10  4.13529e-22  -8.9044e-12  1.10602e-23 -2.55748e-11 -3.35421e-22 -9.28918e-12  3.52178e-22  5.23877e-13 -1.92629e-22  1.86195e-12  5.65588e-23  8.00536e-13  -6.2297e-24  9.84262e-14 -8.15271e-25 -6.90012e-14  1.48874e-24 -4.75804e-14 -1.32646e-24 -1.46008e-14  3.20102e-26 -1.45409e-15  5.13314e-25  9.28392e-16 -2.80202e-25  5.99546e-16  8.85649e-26  1.95186e-16 -2.59645e-26  3.75078e-17 -5.05421e-27  1.06582e-18  5.21447e-27  -2.3541e-18  2.24219e-27 -1.08965e-18 -1.64207e-27  -3.0754e-19 -1.03503e-28 -6.19133e-20  2.04693e-28 -8.16505e-21 -3.81353e-29 -1.61806e-22  -1.1613e-29  2.83088e-22  4.41241e-30  1.02156e-22  1.55226e-30  2.35787e-23  3.36413e-31  4.21002e-24  7.50655e-32  6.06082e-25 -6.38009e-32  6.94557e-26 -3.40536e-32  5.78599e-27 -3.50051e-33  2.02449e-28  1.51728e-33 -3.79515e-29  3.33684e-34 -9.98707e-30 -8.18957e-35 -1.44353e-30 -2.47427e-35 -1.57011e-31  1.89895e-36 -1.37768e-32  8.57253e-37 -9.95029e-34  1.42505e-38 -5.92416e-35 -7.90413e-39 -2.87484e-36 -6.75967e-40 -1.10693e-37 -1.45473e-40 -3.20066e-39 -9.00432e-42 -6.55062e-41  1.59239e-42 -1.08641e-42  1.21299e-43 -1.13255e-44   3.6779e-46
-4.50985e-26 -6.41047e-10  3.82134e-25  8.45322e-09  3.67708e-24 -5.54575e-08 -6.16308e-23  2.24869e-07  3.80508e-22 -6.11724e-07 -1.38285e-21  1.14887e-06  3.27668e-21 -1.47295e-06  -5.0577e-21  1.19789e-06  4.36008e-21  -4.5516e-07  1.00741e-22 -1.27449e-07 -5.36393e-21  1.85988e-07  5.67902e-21 -2.45881e-09  7.80755e-22 -5.36089e-08 -8.34303e-21  4.23972e-10  9.81687e-21  1.45658e-08 -4.89709e-21  2.25054e-09 -3.91458e-22  -3.1627e-09  1.57832e-21 -1.41555e-09  2.17164e-22  2.80527e-10 -1.61675e-21  4.14518e-10  1.20879e-21  1.01977e-10  7.67778e-23 -4.13424e-11 -9.00321e-22 -3.77262e-11  8.62338e-22 -9.66406e-12  -4.2272e-22  1.97581e-12  1.01152e-22  2.52881e-12 -4.53817e-24  9.31526e-13 -2.17322e-24  9.35516e-14  3.62652e-24 -8.01026e-14 -3.40413e-24 -5.15409e-14  1.14513e-25 -1.59015e-14  1.01473e-24 -2.08194e-15 -4.74326e-25  6.22269e-16  1.73272e-25  4.91426e-16 -6.03849e-26  1.73792e-16 -2.39298e-26  3.93873e-17  1.58418e-26  4.62066e-18  6.79692e-27 -6.60281e-19 -3.80268e-27 -5.54362e-19 -5.35979e-28 -1.84561e-19  3.75039e-28 -4.30938e-20 -3.60934e-29 -7.55218e-21  -1.6936e-29 -9.20148e-22  7.02679e-30 -3.75123e-23  2.64603e-30  1.71787e-23   1.0888e-30  6.16581e-24  3.18111e-31  1.31261e-24 -1.20714e-31  2.14804e-25 -8.38732e-32  2.87423e-26 -1.12224e-32  3.19096e-27  3.05736e-33  2.90476e-28   7.2396e-34  2.06442e-29 -1.67993e-34  9.65039e-31 -4.90134e-35 -4.31859e-34  2.88347e-36   -5.714e-33  1.46218e-36 -7.00268e-34  6.28958e-38 -5.48285e-35  -7.3058e-39 -3.17807e-36 -1.81192e-39 -1.38979e-37 -3.63647e-40 -4.41751e-39 -1.46575e-41  -9.9851e-41  2.09538e-42 -1.57469e-42  1.04578e-43 -1.05407e-44
 2.87637e-10 -7.62357e-25 -7.04876e-09  3.67708e-24  6.45301e-08  2.69359e-23 -3.37903e-07 -3.73568e-22  1.15297e-06  1.98162e-21 -2.70196e-06 -6.29985e-21  4.39844e-06  1.31068e-20 -4.82529e-06 -1.74242e-20  3.16546e-06  1.14141e-20 -6.28509e-07  5.67212e-21 -6.97473e-07 -2.03234e-20   4.1348e-07  1.56197e-20  1.35574e-07  7.40677e-21 -1.28752e-07 -2.71101e-20 -4.22691e-08  2.56396e-20  3.01779e-08 -8.94055e-21  1.65462e-08 -3.96109e-21 -3.61964e-09  4.31657e-21 -5.04894e-09  1.46241e-21 -8.42214e-10 -4.54128e-21  8.07178e-10  2.91821e-21  5.00349e-10  2.87712e-22    5.016e-11 -2.02527e-21 -7.33057e-11    1.767e-21 -4.30102e-11 -7.66176e-22 -7.89738e-12  1.40005e-22  3.12356e-12  3.59101e-24  2.74071e-12 -2.30799e-24  9.13403e-13  7.87692e-24  8.74452e-14 -7.32203e-24 -7.08076e-14  6.49111e-26 -4.50937e-14  1.65238e-24 -1.43368e-14  -5.9298e-25 -2.37578e-15   3.2967e-25   2.0385e-16 -1.37469e-25  2.96079e-16 -7.31252e-26  1.17338e-16  3.82752e-26  3.02064e-17  1.72595e-26  5.17626e-18 -7.30264e-27   3.3725e-19 -1.71938e-27 -1.42887e-19  5.28935e-28 -7.00964e-20     1.85e-29 -1.91592e-20 -7.48428e-30  -3.9028e-21  9.03558e-30 -6.22919e-22  3.28249e-30 -7.53066e-23   2.6618e-30   -5.523e-24  9.47903e-31   2.1916e-25 -1.78984e-31  1.65656e-25 -1.73583e-31  3.55993e-26 -2.68049e-32  5.41654e-27  5.20414e-33  6.59196e-28  1.29208e-33   6.6551e-29 -2.90654e-34  5.62704e-30 -8.21257e-35  3.96562e-31   3.3406e-36  2.28906e-32  2.15485e-36   1.0428e-33  1.65507e-37   3.4432e-35 -1.65589e-39  6.10236e-37 -3.51661e-39 -7.33331e-39  -6.2465e-40 -8.01248e-40 -1.88644e-41  -2.5435e-41  1.96155e-42 -4.50937e-43  5.43864e-44
 5.02002e-25  3.97773e-09 -8.00962e-24 -5.54575e-08  2.69359e-23  3.86134e-07  1.58322e-22  -1.6698e-06  -1.8612e-21  4.87684e-06  8.59756e-21 -9.93106e-06 -2.40978e-20  1.40404e-05  4.41475e-20 -1.30627e-05 -5.01284e-20   6.5538e-06  2.20953e-20   2.0859e-07  3.06711e-20 -2.17682e-06 -6.20566e-20  5.22861e-07  3.38384e-20  5.81923e-07  3.26603e-20 -1.71835e-07 -7.35675e-20 -1.74063e-07  5.59801e-20  2.33063e-08 -1.06966e-20  5.02874e-08 -1.47111e-20  7.03063e-09   9.3784e-21 -1.00079e-08   5.2936e-21 -5.08149e-09 -1.07272e-20  2.80356e-10  6.04201e-21  1.18489e-09  7.98569e-22  4.57331e-10 -3.95306e-21 -1.80216e-11  3.12945e-21 -9.07948e-11 -1.17446e-21 -4.06346e-11  1.43174e-22 -5.36671e-12  1.39371e-23  3.45919e-12  2.60011e-24   2.4839e-12  1.62333e-23  7.83773e-13 -1.34132e-23  8.41624e-14 -6.55151e-25 -4.81591e-14   2.1553e-24 -3.23902e-14 -4.21657e-25 -1.08065e-14  6.46181e-25 -2.15334e-15 -2.94282e-25 -9.23853e-17 -1.78388e-25  1.22105e-16  7.74344e-26  5.93172e-17  3.79255e-26  1.71838e-17 -1.19482e-26  3.56556e-18 -4.24663e-27  5.01949e-19  5.08017e-28  2.22548e-20  1.73294e-28 -1.27806e-20  4.19704e-29  -5.1281e-21  1.00997e-29 -1.22578e-21  2.25027e-30 -2.23921e-22  5.41669e-30 -3.30347e-23    2.257e-30 -3.93898e-24 -1.98821e-31 -3.60458e-25 -3.10627e-31 -2.01371e-26 -5.19873e-32  5.84136e-28   7.7355e-33  3.39619e-28  1.96487e-33   5.4423e-29 -4.42039e-34  6.07997e-30 -1.21391e-34  5.33388e-31  2.74382e-36   3.7954e-32  2.90801e-36  2.19986e-33  3.36069e-37  1.02566e-34  8.91519e-39  3.74447e-36 -5.40317e-39  1.03426e-37 -8.22687e-40  2.07668e-39 -1.94602e-41  2.43799e-41  1.28328e-42  6.77568e-44
-1.34093e-09  6.76279e-24  3.47677e-08 -6.16308e-23 -3.37903e-07  1.58322e-22  1.88634e-06  7.72849e-22 -6.90007e-06  -7.8404e-21  1.74706e-05  3.18762e-20 -3.11025e-05  -7.9261e-20  3.81563e-05  1.28043e-19 -2.96163e-05 -1.22447e-19  1.01053e-05  2.49886e-20  4.15821e-06  1.10779e-19 -4.80423e-06  -1.5885e-19 -1.99168e-07  5.60084e-20  1.47626e-06  1.05015e-19  5.11474e-08 -1.71079e-19 -4.13788e-07  1.03542e-19 -7.82335e-08 -1.08231e-21  9.15711e-08 -3.91146e-20   4.4646e-08   1.6787e-20 -7.91632e-09  1.42341e-20 -1.31449e-08  -2.1923e-20 -3.39043e-09   1.1015e-20  1.34052e-09  1.81312e-21  1.26852e-09 -6.85551e-21  3.30741e-10  4.88547e-21  -6.9597e-11 -1.52773e-21   -8.966e-11  8.09911e-23  -3.3299e-11  9.12076e-24 -3.27798e-12  1.65515e-23  2.99774e-12  3.22818e-23  1.92881e-12 -2.07988e-23  5.98246e-13 -3.05394e-24  7.84641e-14  1.88331e-24 -2.40119e-14   3.2235e-25 -1.89984e-14  1.28763e-24 -6.76946e-15 -5.70304e-25 -1.55327e-15 -3.72686e-25 -1.89256e-16  1.34916e-25  2.29886e-17  7.35796e-26  2.10461e-17 -1.68613e-26  7.13232e-18 -8.76439e-27  1.68876e-18  7.04007e-29  3.02038e-19   4.8304e-28  3.86396e-20   1.6789e-28  2.21844e-21  1.14082e-29 -4.97727e-22 -1.98579e-30 -2.06748e-22   9.6517e-30 -4.54781e-23  4.55459e-30 -7.54389e-24  -1.2331e-31  -1.0183e-24 -4.89179e-31 -1.14268e-25 -8.53365e-32 -1.06226e-26  1.03164e-32 -7.95003e-28  2.60069e-33 -4.39817e-29 -6.11862e-34 -1.22831e-30 -1.64095e-34  7.11803e-32  8.28714e-37  1.33017e-32  3.75291e-36  1.10486e-33  5.67413e-37  6.26496e-35  2.18651e-38  2.56984e-36 -6.80787e-39  7.54336e-38 -8.64006e-40  1.49113e-39 -1.59616e-41  1.49157e-41  5.18904e-43
-2.93072e-24 -1.51792e-08  5.85756e-23  2.24869e-07 -3.73568e-22  -1.6698e-06  7.72849e-22  7.73742e-06  3.21047e-21 -2.43687e-05  -2.8498e-20    5.401e-05  1.02854e-19 -8.43802e-05 -2.28018e-19  8.94479e-05  3.24808e-19 -5.62534e-05 -2.55668e-19  8.93691e-06  -2.0577e-20  1.42731e-05  3.17046e-19 -7.58567e-06 -3.49184e-19 -3.03879e-06  5.97003e-20  2.54162e-06  2.74238e-19  9.50058e-07 -3.47187e-19  -6.2358e-07  1.62435e-19 -3.69243e-07  3.59911e-20  7.71857e-08 -8.43936e-20  1.15401e-07  2.52107e-20  1.96154e-08  3.12038e-20 -1.93997e-08 -3.95915e-20 -1.21029e-08  1.80478e-20 -1.11951e-09  3.54928e-21  1.90036e-09 -1.07582e-20  1.09953e-09   6.8021e-21  1.92125e-10 -1.64629e-21 -8.94057e-11 -5.45603e-23 -7.47971e-11 -4.33433e-23 -2.44516e-11  3.89803e-23 -2.03667e-12  6.11517e-23  2.10986e-12 -2.62525e-23  1.29552e-12 -8.44356e-24  4.06478e-13 -3.08886e-25  6.55055e-14  1.88911e-24 -6.89442e-15   2.4936e-24 -8.84034e-15 -9.83195e-25 -3.46336e-15 -6.88776e-25 -8.89293e-16  2.05794e-25 -1.52826e-16  1.27842e-25 -1.03138e-17 -2.05796e-26  4.03757e-18 -1.58075e-26  2.01185e-18 -1.04884e-27  5.52173e-19  1.00779e-27  1.12962e-19  4.13753e-28  1.81959e-20  1.61144e-29  2.25562e-21 -1.08141e-29   1.8295e-22  1.55296e-29 -8.24888e-25  8.05039e-30 -3.70249e-24  1.03805e-31 -8.47257e-25 -6.85607e-31 -1.30508e-25 -1.21132e-31 -1.58481e-26  1.27131e-32 -1.58641e-27  3.03571e-33 -1.32622e-28 -7.97616e-34 -9.24149e-30 -2.09812e-34 -5.29686e-31 -2.28462e-36 -2.43014e-32  4.72251e-36 -8.49329e-34  8.20816e-37 -2.04179e-35  3.32159e-38 -2.40768e-37 -7.13023e-39  3.34899e-39 -7.30507e-40  1.78624e-40 -9.98978e-42   1.4774e-42
 4.02642e-09 -3.31873e-23 -1.11108e-07  3.80508e-22  1.15297e-06  -1.8612e-21 -6.90007e-06  3.21047e-21   2.7201e-05  1.15572e-20 -7.47702e-05 -9.07576e-20  0.000146131  2.92852e-19 -0.000200681 -5.81184e-19  0.000182229  7.28977e-19 -8.78756e-05 -4.54598e-19 -7.06419e-06 -2.10872e-19  3.26383e-05  7.64958e-19 -7.04444e-06 -6.69499e-19 -9.24163e-06 -9.24148e-21  2.59127e-06  6.10081e-19  2.85896e-06  -6.2314e-19 -3.80631e-07  2.12768e-19 -8.59639e-07  1.21354e-19 -1.16222e-07 -1.55581e-19  1.82333e-07  3.20409e-20  9.09815e-08  5.82567e-20 -7.40564e-09 -6.42741e-20 -2.30435e-08   2.7037e-20 -8.53303e-09  6.21296e-21  6.47734e-10 -1.55138e-20   1.9034e-09   8.4869e-21  8.14341e-10 -1.33132e-21  8.91876e-11    -2.28e-22 -8.17855e-11 -1.84782e-22 -5.43727e-11  5.83421e-23 -1.64402e-11  1.08233e-22 -1.42854e-12 -2.32675e-23  1.20957e-12 -1.79157e-23  7.50875e-13 -6.07875e-24  2.43318e-13  4.34216e-24  4.67055e-14  4.53314e-24  1.22568e-15 -1.49992e-24   -3.019e-15 -1.14637e-24 -1.40055e-15  2.77406e-25 -3.99084e-16  2.01151e-25 -8.19855e-17 -2.16304e-26 -1.14582e-17 -2.56782e-26 -5.08387e-19 -3.03558e-27  2.86031e-19  1.81873e-27  1.14219e-19  8.23239e-28  2.71443e-20  2.89389e-29  4.93395e-21 -2.48541e-29  7.26108e-22  2.30113e-29  8.69355e-23  1.27178e-29  8.14443e-24  5.12249e-31  5.09707e-25 -8.60827e-31  1.33353e-27 -1.49949e-31 -5.13621e-27  1.50249e-32  -8.8493e-28  3.14641e-33 -9.91018e-29 -1.01115e-33 -8.52077e-30 -2.60648e-34  -5.8603e-31 -6.11638e-36 -3.24214e-32  5.75018e-36 -1.42457e-33  1.03088e-36 -4.84077e-35  3.93464e-38 -1.20825e-36 -6.21472e-39 -1.96805e-38 -4.90943e-40 -1.61625e-40  -4.1851e-42
 1.06312e-23  3.85941e-08 -2.45781e-22 -6.11724e-07  1.98162e-21  4.87684e-06  -7.8404e-21 -2.43687e-05  1.15572e-20  8.32551e-05  3.65643e-20 -0.000201888 -2.56315e-19   0.00034983  7.43872e-19 -0.000422026 -1.32597e-18  0.000323252   1.4603e-18 -0.000105883 -6.73673e-19 -5.18617e-05 -7.21945e-19  5.64553e-05  1.60673e-18  3.11336e-06 -1.13093e-18 -1.84263e-05 -2.44257e-19 -6.09571e-07  1.18811e-18  5.45267e-06 -9.99092e-19  9.73625e-07  2.20275e-19 -1.29906e-06  2.73414e-19 -6.06348e-07 -2.52217e-19  1.37388e-07  3.47189e-20  1.95984e-07  9.50094e-20  4.52811e-08 -9.52217e-20 -2.38875e-08  3.75874e-20 -2.00968e-08   1.0016e-20  -4.6698e-09 -2.08415e-20   1.4853e-09  9.44814e-21  1.55119e-09  -4.2275e-22   5.3496e-10 -3.47981e-22  3.26602e-11 -4.51281e-22 -6.02289e-11   4.6981e-23 -3.50042e-11  1.76668e-22 -1.02165e-11 -1.97135e-24 -1.08735e-12 -3.15867e-23  5.47108e-13 -1.73697e-23  3.70346e-13   7.4091e-24  1.26051e-13  7.61729e-24  2.77604e-14 -2.01979e-24  3.02877e-15 -1.73773e-24  -5.6243e-16  3.31988e-25 -4.18185e-16  2.89387e-25 -1.36251e-16 -1.94551e-26 -3.15824e-17 -3.84498e-26 -5.55759e-18 -5.89596e-27 -7.00212e-19  3.00602e-27  -3.9312e-20   1.4317e-27   8.9127e-21  5.51379e-29  3.63025e-21  -4.3363e-29  7.86601e-22  3.17841e-29  1.28595e-22  1.81901e-29  1.71141e-23  1.08152e-30  1.89584e-24 -9.70231e-31  1.74635e-25 -1.60988e-31  1.30876e-26  1.77876e-32  7.50583e-28  2.89418e-33  2.66557e-29 -1.27372e-33  -2.5523e-31 -3.18314e-34 -1.24888e-31 -9.94282e-36 -1.08311e-32  6.61938e-36 -5.90609e-34  1.13017e-36 -2.24119e-35  3.86252e-38 -5.77126e-37   -4.465e-39 -8.72039e-39 -2.50856e-40 -5.02841e-41
-8.16546e-09  1.03611e-22  2.41875e-07 -1.38285e-21 -2.70196e-06  8.59756e-21  1.74706e-05  -2.8498e-20 -7.47702e-05  3.65643e-20  0.000224633  1.02814e-19 -0.000484692 -6.48186e-19  0.000747455  1.70069e-18 -0.000789473 -2.73079e-18   0.00049659  2.62925e-18 -7.45544e-05 -7.77067e-19 -0.000136497 -1.81193e-18  7.36882e-05  2.99768e-18  2.98575e-05 -1.69265e-18 -2.65615e-05 -7.68778e-19 -9.48355e-06  2.06197e-18  7.09882e-06 -1.44169e-18  3.92162e-06  1.44813e-19 -1.06877e-06  4.97589e-19 -1.34627e-06 -3.66603e-19 -1.73755e-07  3.30825e-20  2.62046e-07  1.37629e-19  1.46088e-07  -1.3058e-19  5.77963e-09  4.91204e-20 -2.76945e-08  1.52436e-20  -1.4281e-08 -2.64099e-20 -1.86789e-09  9.18354e-21  1.54727e-09   1.1465e-21  1.08911e-09 -2.70744e-22  3.21377e-10 -8.57087e-22  1.01845e-11 -3.94369e-23 -3.71505e-11  2.64508e-22 -2.00622e-11  4.96081e-23  -5.8473e-12 -4.79476e-23 -7.94153e-13 -3.59282e-23  1.74173e-13  1.04191e-23  1.50991e-13  1.17948e-23  5.51552e-14 -2.38563e-24  1.35267e-14 -2.41845e-24  2.18247e-15  3.53332e-25  1.02192e-16   3.8417e-25 -7.48058e-17 -1.52613e-26 -3.29735e-17 -5.40883e-26 -8.68389e-18 -9.40874e-27 -1.73028e-18  4.67406e-27 -2.72742e-19  2.25588e-27 -3.31315e-20  9.92385e-29 -2.63103e-21 -6.39273e-29  1.29143e-23  4.11859e-29  5.14355e-23  2.37451e-29  1.14915e-23  1.73106e-30  1.72687e-24 -9.77621e-31  2.04209e-25 -1.45243e-31  1.98618e-26  2.18451e-32  1.60928e-27  2.33058e-33  1.08402e-28  -1.5982e-33   5.9934e-30 -3.79629e-34  2.65411e-31 -1.29578e-35  9.02695e-33  7.03282e-36  2.17522e-34  1.08249e-36  3.02395e-36   3.2012e-38  4.72954e-39 -2.58234e-39 -3.73457e-40 -8.54035e-41
-2.53525e-23 -6.70372e-08  6.66321e-22  1.14887e-06 -6.29985e-21 -9.93106e-06  3.18762e-20    5.401e-05 -9.07576e-20 -0.000201888  1.02814e-19  0.000539732  2.59299e-19  -0.00104352 -1.47952e-18   0.00143535   3.5256e-18  -0.00131823 -5.11311e-18  0.000648416  4.27927e-18   5.3276e-05 -5.17196e-19 -0.000257272 -3.78113e-18  6.18872e-05  5.03962e-18  7.56254e-05 -2.24727e-18 -2.50879e-05 -1.70401e-18 -2.45648e-05  3.22994e-18  4.78179e-06 -1.88235e-18  8.03435e-06   -4.273e-20  6.51431e-07  7.76845e-19 -1.94974e-06 -4.85118e-19 -8.38874e-07  3.15612e-20  1.51822e-07    1.792e-19  2.56845e-07 -1.68115e-19  8.05853e-08  6.09897e-20 -1.56837e-08  2.23285e-20 -2.33138e-08 -3.19203e-20 -8.69121e-09  7.26562e-21 -3.79204e-10  3.32017e-21  1.20753e-09  1.80566e-22  6.79178e-10 -1.38321e-21  1.80955e-10  -2.5605e-22  4.62449e-12  3.62967e-22 -1.93563e-11   1.4289e-22 -1.01915e-11 -6.37066e-23 -3.03769e-12 -6.26681e-23 -5.10547e-13  1.23953e-23  1.89623e-14   1.6872e-23   4.7952e-14 -2.42891e-24  1.96997e-14 -3.11006e-24  5.30064e-15  3.35418e-25  1.03453e-15  4.75226e-25    1.329e-16 -1.22567e-26  2.47053e-18  -7.2581e-26 -4.45503e-18 -1.31585e-26 -1.57164e-18  6.91054e-27 -3.55816e-19  3.28187e-27   -6.258e-20  1.63781e-28  -8.9577e-21 -8.27195e-29 -1.04522e-21  5.01518e-29 -9.55426e-23  2.84081e-29 -5.85944e-24  2.33155e-30 -2.52756e-26 -8.66894e-31  5.34025e-26 -9.82021e-32  8.94651e-27   2.7991e-32  9.63448e-28   1.5671e-33  7.90442e-29 -1.96715e-33  5.14296e-30 -4.34015e-34  2.66326e-31  -1.4474e-35  1.07941e-32   6.7721e-36  3.29589e-34  9.03236e-37  7.03943e-36  2.23565e-38  9.12866e-38 -1.14202e-39  4.76766e-40
 1.11919e-08 -2.13554e-22  -3.6098e-07  3.27668e-21  4.39844e-06 -2.40978e-20 -3.11025e-05  1.02854e-19  0.000146131 -2.56315e-19 -0.000484692  2.59299e-19   0.00116467  5.90979e-19  -0.00202935 -3.06844e-18   0.00249126  6.66863e-18  -0.00196573 -8.75939e-18  0.000682797  6.32774e-18  0.000317498  4.37328e-19 -0.000384017 -6.88479e-18 -5.99318e-06  7.72088e-18  0.000131846 -2.63322e-18 -3.04372e-06 -3.11956e-18 -4.20185e-05  4.61012e-18 -4.77163e-06 -2.23097e-18  1.13355e-05 -3.41356e-19  4.33554e-06  1.06883e-18  -1.6729e-06 -5.92513e-19 -1.71007e-06  3.96834e-20 -2.70874e-07  2.11626e-19  2.79113e-07 -2.06125e-19  1.85849e-07   7.2554e-20  3.05828e-08  3.18623e-20 -2.11155e-08 -3.71515e-20 -1.62158e-08  3.39993e-21 -4.69261e-09  5.92406e-21  1.62449e-10  1.18592e-21  7.81805e-10 -1.97709e-21  3.82484e-10 -6.57068e-22  9.68668e-11  4.56954e-22  4.17956e-12  2.85263e-22 -8.39729e-12 -7.43439e-23 -4.52592e-12 -9.70891e-23  -1.4013e-12  1.23112e-23 -2.77491e-13  2.23944e-23 -1.99967e-14 -2.03906e-24  1.00746e-14  -3.7168e-24  5.42289e-15  2.89344e-25  1.62071e-15  5.54173e-25  3.55536e-16  -1.4909e-26  5.92644e-17 -9.39168e-26  6.85724e-18 -1.66359e-26  2.43486e-19   9.7304e-27 -1.26798e-19  4.45399e-27 -4.26912e-20   2.4814e-28 -8.66923e-21 -9.54701e-29 -1.35727e-21  5.72261e-29 -1.74135e-22  3.11541e-29  -1.8635e-23  2.73604e-30 -1.65881e-24 -6.46287e-31 -1.20154e-25 -2.11913e-32 -6.68047e-27   3.6496e-32 -2.35726e-28  7.32516e-34  7.93045e-31 -2.32185e-33  8.36765e-31 -4.65876e-34  6.93125e-32 -1.41429e-35  3.46581e-33  5.83644e-36  1.15652e-34  6.51884e-37  2.44209e-36   1.2892e-38  2.67373e-38 -3.36886e-40
 3.89948e-23  7.80149e-08  -1.1891e-21 -1.47295e-06  1.31068e-20  1.40404e-05  -7.9261e-20 -8.43802e-05  2.92852e-19   0.00034983 -6.48186e-19  -0.00104352  5.90979e-19   0.00227356  1.22482e-18  -0.00358713 -5.81409e-18   0.00392556  1.15705e-17  -0.00260803 -1.38097e-17  0.000479399  8.54447e-18  0.000722759  2.40744e-18 -0.000457089 -1.12212e-17 -0.000148106  1.08821e-17  0.000175377 -2.67738e-18  4.72447e-05 -4.98553e-18  -5.2548e-05  6.03857e-18 -2.27778e-05 -2.40161e-18  1.04268e-05 -7.08445e-19  9.36951e-06  1.31283e-18  2.91181e-07 -6.77242e-19 -2.29669e-06  7.00326e-20 -1.01143e-06  2.28317e-19  8.61906e-08 -2.44069e-19  2.60907e-07  8.32199e-20  1.08543e-07  4.45001e-20  3.71313e-09 -4.19666e-20 -1.77918e-08  -2.5519e-21 -9.84424e-09  8.70631e-21 -2.32661e-09  2.89488e-21  2.28857e-10 -2.56429e-21  4.35308e-10 -1.28104e-21  1.95717e-10  5.28084e-22  4.92365e-11   4.7678e-22  3.84397e-12 -7.52857e-23 -2.89266e-12 -1.36968e-22 -1.71416e-12  9.44608e-24 -5.58747e-13  2.77003e-23 -1.24845e-13 -1.23409e-24 -1.71123e-14 -4.15292e-24  2.67499e-16  2.44937e-25  1.00286e-15  6.18162e-25  3.64629e-16 -2.73422e-26  8.87947e-17 -1.17834e-25  1.67389e-17 -1.93572e-26  2.50175e-18  1.30166e-26  2.83613e-19  5.67085e-27  1.92335e-20  3.47674e-28 -8.43111e-22 -9.89647e-29 -5.41117e-22   6.0681e-29  -1.0764e-22   3.1147e-29 -1.51772e-23  2.82101e-30 -1.70453e-24 -3.44109e-31 -1.57869e-25  7.86761e-32  -1.2165e-26  4.67204e-32 -7.76501e-28 -5.99467e-35 -4.04572e-29 -2.57448e-33 -1.67529e-30 -4.61463e-34 -5.26879e-32 -1.21105e-35  -1.1586e-33  4.45829e-36 -1.48922e-35  4.01441e-37 -5.46155e-38   5.8354e-39  6.00942e-40
-9.78247e-09  2.76512e-22  3.53886e-07  -5.0577e-21 -4.82529e-06  4.41475e-20  3.81563e-05 -2.28018e-19 -0.000200681  7.43872e-19  0.000747455 -1.47952e-18  -0.00202935  1.22482e-18   0.00404076  2.32025e-18  -0.00579532 -1.01109e-17   0.00563448  1.85004e-17  -0.00304403 -2.01493e-17  -6.5068e-05  1.06024e-17   0.00121394  5.56171e-18 -0.000400218 -1.66421e-17 -0.000357331  1.42302e-17   0.00017219 -2.25304e-18  0.000122882 -7.14927e-18 -4.34365e-05  7.29575e-18  -4.5927e-05 -2.33997e-18  1.80772e-06  -1.0637e-18  1.36053e-05  1.44512e-18  4.22902e-06  -7.3514e-19 -1.86578e-06  1.34193e-19 -1.82208e-06  2.26376e-19 -3.91124e-07 -2.82593e-19  2.11681e-07  9.25185e-20  1.84716e-07  6.07788e-20  5.30022e-08 -4.63046e-20  -5.8353e-09 -1.05771e-20 -1.19584e-08     1.14e-20 -5.38362e-09  5.39578e-21 -1.10021e-09 -3.06747e-21  1.45267e-10 -2.13714e-21   2.1065e-10  5.59188e-22  9.06778e-11  7.08115e-22  2.33656e-11  -6.3306e-23  2.79545e-12  -1.7845e-22 -6.84897e-13  3.71775e-24 -5.30818e-13  3.20314e-23 -1.86344e-13 -2.05319e-25 -4.56364e-14 -4.37102e-24 -8.04213e-15  2.45183e-25 -8.26303e-16  6.71548e-25  5.38985e-17 -5.14702e-26  5.14817e-17 -1.43412e-25  1.51693e-17 -2.09555e-26  3.16531e-18  1.64929e-26  5.25154e-19  6.79571e-27  7.13147e-20  4.53848e-28  7.86376e-21 -9.24962e-29   6.6677e-22  5.87573e-29  3.48681e-23  2.79409e-29 -7.62802e-25  2.52338e-30 -4.55984e-25  5.86341e-34 -6.60472e-26  1.89483e-31 -6.52931e-27   5.7026e-32 -4.96693e-28 -7.27457e-34 -2.98914e-29 -2.64179e-33 -1.41765e-30 -4.16342e-34  -5.1659e-32 -9.00099e-36 -1.37461e-33  2.98778e-36 -2.42357e-35  2.05631e-37 -2.24667e-37  1.80572e-39
-3.21375e-23 -5.50658e-08  1.27515e-21  1.19789e-06 -1.74242e-20 -1.30627e-05  1.28043e-19  8.94479e-05 -5.81184e-19 -0.000422026  1.70069e-18   0.00143535 -3.06844e-18  -0.00358713  2.32025e-18   0.00657637  4.03416e-18  -0.00860079 -1.61964e-17   0.00738229  2.73675e-17  -0.00303866 -2.73646e-17 -0.000984524   1.2203e-17    0.0016712  9.78485e-18 -0.000148652 -2.27344e-17 -0.000590993  1.73989e-17  8.94708e-05  -1.3266e-18  0.000205631 -9.35211e-18 -3.98031e-06  8.15451e-18 -6.54561e-05 -2.04005e-18 -1.58978e-05 -1.30964e-18  1.37365e-05  1.41708e-18  9.31761e-06  -7.6957e-19   1.9616e-07  2.38449e-19 -2.19688e-06  2.07193e-19 -1.06343e-06 -3.22981e-19 -3.79954e-08  1.00253e-19  1.98344e-07  8.09245e-20   1.0957e-07 -5.01859e-20   2.2017e-08 -2.05305e-20 -6.56844e-09   1.3788e-20 -6.88384e-09  8.69173e-21 -2.70495e-09 -3.42533e-21 -5.13289e-10 -3.19645e-21  6.14163e-11  5.38662e-22  8.80674e-11  9.60554e-22  3.75588e-11 -3.76273e-23  1.00762e-11 -2.16523e-22  1.59803e-12 -4.13564e-24 -3.41567e-14  3.46606e-23 -1.23318e-13  6.84722e-25   -4.964e-14 -4.38102e-24 -1.32128e-14  3.34263e-25 -2.65395e-15  7.24367e-25 -3.98963e-16 -8.57254e-26 -3.72368e-17 -1.68746e-25  1.07444e-18 -2.12191e-26  1.39174e-18  1.97556e-26  3.68454e-19  7.68428e-27  6.77761e-20  5.55941e-28  9.91911e-21 -7.85649e-29  1.20147e-21  5.00084e-29  1.21601e-22  2.15874e-29  1.02014e-23    1.861e-30  6.89463e-25  3.47047e-31   3.4877e-26  2.96069e-31  1.00818e-27  6.51122e-32 -2.12756e-29 -1.22048e-33 -4.83596e-30 -2.48379e-33 -3.34408e-31 -3.38688e-34 -1.43589e-32 -5.68634e-36 -3.99834e-34  1.73107e-36 -6.50829e-36  8.31486e-38 -4.03191e-38
 4.28392e-09 -1.59446e-22 -1.92578e-07  4.36008e-21  3.16546e-06 -5.01284e-20 -2.96163e-05  3.24808e-19  0.000182229 -1.32597e-18 -0.000789473   3.5256e-18   0.00249126 -5.81409e-18  -0.00579532  4.03416e-18   0.00985423  6.45763e-18   -0.0117809 -2.39621e-17   0.00883364  3.75811e-17  -0.00239672 -3.48056e-17  -0.00220444  1.32294e-17   0.00193409  1.46296e-17  0.000317796 -2.88923e-17  -0.00077485  2.00309e-17 -8.78267e-05  2.98827e-20  0.000263606 -1.12844e-17  6.76702e-05  8.43361e-18 -6.90793e-05 -1.54306e-18 -3.98835e-05 -1.36158e-18  6.65073e-06  1.20893e-18  1.34585e-05 -7.88117e-19  3.88877e-06  3.81215e-19 -1.55632e-06   1.7523e-19  -1.6397e-06 -3.66371e-19 -4.75724e-07  1.06691e-19  9.01939e-08  1.04734e-19  1.37772e-07 -5.37386e-20  5.72062e-08 -3.21529e-20  7.92374e-09  1.57491e-20 -4.47476e-09  1.26866e-20 -3.49435e-09  -3.6045e-21 -1.26058e-09 -4.39077e-21 -2.38962e-10  4.63041e-22  1.51908e-11  1.20818e-21  3.10917e-11  -2.7894e-25  1.36098e-11  -2.4573e-22  3.82715e-12 -1.26032e-23  7.28092e-13  3.50019e-23  6.40672e-14  9.59396e-25 -1.61027e-14 -4.25168e-24 -9.69891e-15  5.42503e-25 -2.89956e-15  7.87715e-25 -6.37035e-16 -1.25079e-25 -1.10455e-16 -1.90971e-25 -1.50493e-17 -2.00906e-26 -1.47013e-18  2.23683e-26 -5.58578e-20  8.22402e-27  1.48567e-20  6.44204e-28  4.44312e-21 -6.24018e-29  7.53079e-22  3.36823e-29  9.68401e-23   1.2636e-29  1.01107e-23  9.30029e-31   8.7525e-25  6.58017e-31  6.29855e-26  3.82249e-31  3.73555e-27  6.87257e-32  1.79152e-28 -1.52177e-33  6.72659e-30 -2.12523e-33  1.87318e-31  -2.4616e-34  3.50954e-33 -2.93846e-36  3.56991e-35  8.44896e-37  8.34091e-38  2.31209e-38
-4.45856e-24  1.42805e-08 -3.90815e-22  -4.5516e-07  1.14141e-20   6.5538e-06 -1.22447e-19 -5.62534e-05  7.28977e-19  0.000323252 -2.73079e-18  -0.00131823  6.66863e-18   0.00392556 -1.01109e-17  -0.00860079  6.45763e-18     0.013666  9.53557e-18   -0.0149616 -3.27933e-17   0.00963552  4.80385e-17  -0.00103955 -4.17485e-17  -0.00353881  1.38484e-17    0.0018499  1.93975e-17  0.000952621  -3.4458e-17 -0.000823181  2.18471e-17 -0.000343698  1.66556e-18  0.000260541 -1.26603e-17  0.000159757  8.03999e-18 -4.56703e-05 -9.19839e-19 -6.26227e-05 -1.17545e-18 -8.70536e-06  8.33908e-19  1.38359e-05 -7.97661e-19  8.25345e-06   5.5325e-19  4.18622e-07  1.35659e-19 -1.70473e-06 -4.13096e-19 -9.55671e-07  1.12715e-19 -1.53119e-07  1.31576e-19  9.91609e-08 -5.72258e-20    8.023e-08 -4.50793e-20  2.72001e-08  1.72721e-20   2.6053e-09  1.71835e-20 -2.36829e-09 -3.60141e-21 -1.58013e-09 -5.62005e-21 -5.44125e-10  3.36933e-22 -1.08635e-10  1.42181e-21 -1.33373e-12  4.44469e-23  8.80847e-12 -2.60927e-22  4.17727e-12  -1.9678e-23  1.23831e-12  3.26856e-23  2.65061e-13   1.3301e-25  3.84942e-14 -4.09267e-24    1.724e-15  8.73017e-25 -1.06252e-15  8.67602e-25 -4.37426e-16 -1.62519e-25 -1.07674e-16 -2.06799e-25 -2.02974e-17 -1.76542e-26 -3.10555e-18  2.39867e-26 -3.89163e-19  8.37067e-27 -3.89039e-20  7.13137e-28 -2.80379e-21  -5.0471e-29 -8.00099e-23  1.00475e-29  1.46593e-23  2.04325e-30  3.16779e-24 -1.19885e-31  3.77222e-25  9.01289e-31  3.31383e-26  4.33884e-31   2.2813e-27  6.64858e-32  1.24272e-28 -1.64319e-33  5.28005e-30 -1.64668e-33  1.68778e-31   -1.583e-34  3.79152e-33 -1.14964e-36  5.20742e-35  3.29355e-37  2.87191e-37
 5.87521e-10 -1.32098e-22  8.57952e-09  1.00741e-22 -6.28509e-07  2.20953e-20  1.01053e-05 -2.55668e-19 -8.78756e-05   1.4603e-18   0.00049659 -5.11311e-18  -0.00196573  1.15705e-17   0.00563448 -1.61964e-17   -0.0117809  9.53557e-18     0.017633  1.29958e-17   -0.0176982 -4.15202e-17   0.00952147  5.72842e-17  0.000950315 -4.75995e-17  -0.00473046  1.44881e-17   0.00132739  2.33331e-17   0.00164392 -3.88722e-17 -0.000668189  2.26803e-17 -0.000628412  3.40127e-18  0.000169615 -1.32889e-17   0.00024732  6.98849e-18  9.08585e-06 -2.45579e-19 -7.36391e-05 -7.62623e-19 -2.98779e-05  3.32511e-19  8.12417e-06 -8.00214e-19   1.1461e-05  7.40285e-19  3.46462e-06  9.20048e-20 -9.16079e-07 -4.62403e-19 -1.22405e-06  1.19831e-19 -4.65609e-07  1.60478e-19 -2.17892e-08 -6.10426e-20  6.90983e-08 -5.88364e-20  4.11677e-08  1.84355e-20  1.21067e-08  2.18979e-20  9.05609e-10  -3.4352e-21 -1.02693e-09 -6.76721e-21 -6.34708e-10  1.70392e-22 -2.14871e-10  1.57365e-21 -4.62041e-11  9.12519e-23 -3.82982e-12 -2.57939e-22    1.752e-12 -2.32828e-23  1.03173e-12  2.76069e-23  3.28348e-13 -2.15706e-24  7.62748e-14 -4.02189e-24  1.34516e-14   1.2949e-24  1.65718e-15  9.59838e-25   6.9787e-17 -1.91477e-25 -3.08276e-17 -2.13453e-25 -1.11954e-17 -1.41294e-26  -2.3954e-18  2.44663e-26 -3.93274e-19  8.16579e-27 -5.28421e-20   7.6295e-28 -5.92511e-21  -4.8588e-29 -5.54075e-22 -1.94333e-29 -4.24449e-23 -8.97876e-30 -2.54174e-24 -1.12496e-30 -1.03868e-25   1.0507e-30 -1.08738e-27  4.42428e-31  2.39028e-28  5.84655e-32  2.35084e-29   -1.617e-33  1.26543e-30 -1.15052e-33   4.4425e-32 -8.90142e-35  9.82478e-34 -2.74392e-37    1.123e-35  8.91006e-38
 4.17299e-23  9.80766e-09  -1.0605e-21 -1.27449e-07  5.67212e-21   2.0859e-07  2.49886e-20  8.93691e-06 -4.54598e-19 -0.000105883  2.62925e-18  0.000648416 -8.75939e-18  -0.00260803  1.85004e-17   0.00738229 -2.39621e-17   -0.0149616  1.29958e-17    0.0212847  1.63231e-17   -0.0195924 -4.85431e-17    0.0083953  6.38199e-17   0.00333882 -5.20493e-17  -0.00552087  1.56787e-17   0.00037305  2.58548e-17   0.00224078  -4.1778e-17 -0.000286588  2.24762e-17 -0.000869127  5.07853e-18  -1.3921e-05 -1.31177e-17  0.000298548  5.39656e-18  8.87157e-05  4.22294e-19 -6.32324e-05 -1.86966e-19 -5.07855e-05 -2.39946e-19 -4.14984e-06 -7.91203e-19  1.14224e-05  9.26663e-19   6.6322e-06  4.47336e-20   7.6345e-07  -5.1256e-19 -1.02527e-06  1.29999e-19 -7.07454e-07  1.90257e-19 -1.96767e-07 -6.56597e-20  1.33332e-08 -7.28364e-20  3.85238e-08  1.93622e-20  1.90829e-08  2.64871e-20  5.14262e-09 -3.13586e-21  3.97914e-10 -7.71766e-21 -3.63813e-10 -2.54106e-23 -2.23201e-10  1.64157e-21 -7.59595e-11   1.3532e-22 -1.75742e-11 -2.34071e-22 -2.40283e-12 -2.17265e-23  1.06796e-13  1.99641e-23  1.84565e-13  -6.0223e-24  6.74704e-14 -4.12712e-24  1.68879e-14  1.74631e-24  3.28397e-15  1.04843e-24    5.053e-16 -2.08233e-25  5.84367e-17  -2.0965e-25  3.84995e-18 -9.85978e-27 -2.63059e-19  2.39098e-26 -1.39112e-19  7.72533e-27 -2.78853e-20  7.97965e-28  -4.0284e-21 -6.03709e-29 -4.65732e-22 -5.21511e-29 -4.44912e-23 -1.91519e-29 -3.54021e-24 -1.94864e-30 -2.33579e-25  1.08948e-30 -1.25952e-26  4.07784e-31 -5.40935e-28  4.62399e-32 -1.77324e-29  -1.4822e-33 -4.12203e-31 -7.21882e-34 -5.85749e-33 -4.30774e-35 -3.21743e-35    4.289e-39  1.18524e-37
-1.47529e-09  3.28566e-22  5.50811e-08 -5.36393e-21 -6.97473e-07  3.06711e-20  4.15821e-06  -2.0577e-20 -7.06419e-06 -6.73673e-19 -7.45544e-05  4.27927e-18  0.000682797 -1.38097e-17  -0.00304403  2.73675e-17   0.00883364 -3.27933e-17   -0.0176982  1.63231e-17      0.02418  1.88082e-17   -0.0204021 -5.21409e-17    0.0063591  6.64765e-17   0.00580148 -5.51093e-17  -0.00572138  1.78141e-17  -0.00090535  2.67227e-17   0.00259466 -4.30508e-17  0.000287814  2.12807e-17 -0.000990242  6.58712e-18 -0.000266947 -1.22422e-17  0.000284991  3.45822e-18  0.000175765  1.05511e-18 -2.67254e-05  4.53132e-19 -6.32786e-05 -8.26781e-19 -2.07699e-05 -7.60423e-19   6.7261e-06  1.09843e-18  8.52528e-06 -8.81273e-21  2.92849e-06 -5.61169e-19 -2.47739e-07  1.45297e-19 -7.19461e-07  2.19594e-19  -3.5383e-07 -7.15166e-20 -7.46586e-08 -8.63807e-20  1.39011e-08  2.01685e-20  1.83145e-08  3.05932e-20  8.07604e-09 -2.73233e-21   2.0945e-09 -8.37931e-21  2.08949e-10 -2.42911e-22 -9.98449e-11  1.61192e-21  -6.6828e-11  1.73445e-22 -2.33425e-11 -1.88499e-22 -5.74782e-12 -1.40737e-23 -9.95884e-13  1.02903e-23 -8.59006e-14 -1.12353e-23  1.58581e-14 -4.43379e-24  9.57087e-15  2.14781e-24   2.7169e-15  1.10881e-24  5.68432e-16 -2.13262e-25  9.54892e-17 -1.96182e-25  1.31352e-17 -5.26814e-27  1.45652e-18  2.26349e-26  1.21096e-19  7.20227e-27  5.40675e-21  8.22568e-28 -3.81311e-22 -8.64164e-29 -1.22908e-22 -8.46425e-29 -1.69753e-23 -2.73364e-29 -1.67611e-24 -2.51108e-30 -1.29094e-25  1.01586e-30 -7.91006e-27   3.3896e-31 -3.83007e-28  3.23564e-32  -1.4279e-29 -1.27294e-33 -3.89825e-31 -4.04667e-34 -7.08301e-33 -1.75139e-35 -6.83106e-35  2.79627e-38
 -2.8011e-23 -7.26306e-09  1.59979e-21  1.85988e-07 -2.03234e-20 -2.17682e-06  1.10779e-19  1.42731e-05 -2.10872e-19 -5.18617e-05 -7.77067e-19   5.3276e-05  6.32774e-18  0.000479399 -2.01493e-17  -0.00303866  3.75811e-17   0.00963552 -4.15202e-17   -0.0195924  1.88082e-17    0.0260241  1.96794e-17   -0.0200966 -5.08963e-17   0.00367616  6.47255e-17   0.00800959 -5.70142e-17  -0.00525858  2.09453e-17  -0.00232734  2.60738e-17   0.00259945 -4.27647e-17  0.000970101  1.92327e-17 -0.000935682  7.86665e-18 -0.000542059 -1.08797e-17  0.000191714  1.40581e-18  0.000245874   1.6506e-18   3.2592e-05  1.04993e-18 -5.99302e-05 -1.37981e-18 -3.70375e-05 -6.94765e-19 -2.50876e-06  1.24494e-18  7.83882e-06 -7.33528e-20  4.79335e-06 -6.05503e-19  9.67157e-07  1.67483e-19 -4.06592e-07  2.47063e-19 -4.05051e-07 -7.88898e-20 -1.59496e-07 -9.86874e-20 -2.67422e-08  2.09245e-20  7.67669e-09  3.38956e-20  7.57785e-09 -2.24372e-21  3.11616e-09 -8.69858e-21  8.06843e-10 -4.81932e-22  1.06785e-10  1.48047e-21 -1.73953e-11  2.04336e-22 -1.62073e-11 -1.22606e-22 -6.00215e-12 -3.59078e-25 -1.55956e-12 -5.37987e-25 -3.06392e-13  -1.7215e-23 -4.33238e-14 -4.88901e-24 -2.93671e-15  2.42289e-24  5.67407e-16  1.11506e-24  2.72158e-16 -2.10927e-25  6.54128e-17 -1.75771e-25  1.17478e-17 -7.58256e-28  1.71295e-18  2.10811e-26  2.08034e-19  6.73746e-27  2.11026e-20  8.37024e-28  1.76217e-21 -1.24187e-28  1.16292e-22 -1.13104e-28  5.40424e-24 -3.27217e-29  9.17144e-26 -2.79732e-30 -1.15441e-26  8.47598e-31 -1.40048e-27  2.51738e-31 -8.84227e-29  1.94587e-32 -3.70862e-30 -1.01675e-33 -1.03456e-31 -2.00939e-34 -1.71643e-33 -5.71878e-36 -1.11557e-35
 1.46398e-10 -1.28479e-22 -1.69526e-08  5.67902e-21   4.1348e-07 -6.20566e-20 -4.80423e-06  3.17046e-19  3.26383e-05 -7.21945e-19 -0.000136497 -5.17196e-19  0.000317498  8.54447e-18  -6.5068e-05 -2.73646e-17  -0.00239672  4.80385e-17   0.00952147 -4.85431e-17   -0.0204021  1.96794e-17    0.0267353  1.82936e-17   -0.0188429 -4.41166e-17  0.000689014  5.88223e-17   0.00970748  -5.8044e-17  -0.00418068  2.47066e-17    -0.003687  2.43175e-17   0.00221634 -4.11312e-17   0.00164542  1.65644e-17 -0.000685075  8.89084e-18 -0.000779152 -9.31598e-18  2.35549e-05  -5.3083e-19  0.000274754  2.22034e-18  0.000103152  1.50945e-18 -3.70014e-05 -1.86356e-18 -4.70868e-05 -5.81411e-19 -1.42937e-05  1.35896e-18  3.98047e-06 -1.53974e-19  5.46514e-06 -6.42689e-19  2.22403e-06  1.97546e-19  1.92236e-07  2.71113e-19 -2.91298e-07 -8.77772e-20 -1.97017e-07 -1.08953e-19 -6.66284e-08  2.16385e-20 -9.70589e-09  3.61643e-20  3.08027e-09 -1.67407e-21  2.72652e-09 -8.66881e-21  1.08272e-09 -7.51241e-22  2.85792e-10  1.25151e-21  4.71262e-11  2.27968e-22  5.33781e-13 -4.02622e-23 -2.85405e-12  1.83732e-23 -1.22116e-12 -1.13553e-23 -3.37168e-13 -2.31047e-23 -7.12911e-14  -5.3682e-24 -1.18968e-14  2.51927e-24 -1.50478e-15  1.04867e-24    -1.15e-16 -2.07642e-25  4.91252e-18 -1.52204e-25  3.78287e-18  3.41994e-27  8.40329e-19  1.96884e-26  1.31795e-19  6.41781e-27  1.64721e-20  8.35869e-28  1.70171e-21 -1.68424e-28  1.46835e-22 -1.34056e-28  1.05551e-23 -3.49626e-29  6.24352e-25 -2.84332e-30  2.96993e-26  6.21014e-31   1.0929e-27  1.63937e-31  2.90446e-29  9.45458e-33  4.80891e-31 -7.41182e-34  2.80803e-33 -8.67547e-35  -3.7685e-35 -1.32664e-36
-4.60313e-23 -1.58119e-09  -2.1669e-22 -2.45881e-09  1.56197e-20  5.22861e-07  -1.5885e-19 -7.58567e-06  7.64958e-19  5.64553e-05 -1.81193e-18 -0.000257272  4.37328e-19  0.000722759  1.06024e-17 -0.000984524 -3.48056e-17  -0.00103955  5.72842e-17    0.0083953 -5.21409e-17   -0.0200966  1.82936e-17    0.0264387  1.43344e-17   -0.0169337  -3.2109e-17  -0.00227153  4.97345e-17    0.0107555 -5.83536e-17   -0.0026294  2.84149e-17  -0.00480018  2.19497e-17   0.00147749 -3.84417e-17   0.00219659  1.35941e-17  -0.00025905  9.64803e-18 -0.000920655  -7.8411e-18   -0.0001946 -2.15863e-18  0.000245601  2.77336e-18  0.000167692  1.76623e-18  3.59886e-06 -2.25448e-18 -4.58769e-05 -4.10643e-19 -2.51736e-05  1.43573e-18 -2.50958e-06 -2.54343e-19  4.32755e-06 -6.69767e-19  3.00274e-06  2.35331e-19  8.90815e-07  2.90078e-19 -2.10268e-08 -9.78414e-20 -1.56942e-07 -1.16448e-19 -8.54913e-08   2.2268e-20 -2.62339e-08  3.73047e-20  -3.7661e-09 -1.01009e-21  9.09916e-10 -8.32879e-21  8.37989e-10 -1.06695e-21  3.31224e-10  9.36019e-22  8.98623e-11  2.44288e-22  1.71832e-11  5.20814e-23  1.76559e-12  4.01885e-23 -2.30377e-13 -2.08527e-23 -1.75823e-13 -2.79345e-23 -5.46253e-14 -5.70429e-24 -1.22848e-14  2.42351e-24 -2.20498e-15  9.05312e-25 -3.23177e-16 -2.09255e-25 -3.81099e-17 -1.29046e-25 -3.35778e-18  7.28368e-27 -1.55306e-19  1.87884e-26   1.3192e-20  6.25632e-27  4.34817e-21  8.10115e-28  6.41733e-22 -2.11994e-28  6.83834e-23  -1.4504e-28  5.73136e-24 -3.42189e-29  3.85932e-25 -2.70922e-30  2.08101e-26  3.82669e-31  8.80728e-28  9.01686e-32   2.8131e-29  3.07078e-33  6.31216e-31 -4.79027e-34  8.57804e-33 -3.10996e-35  4.48068e-35
