    0.0112447  -2.60786e-16    -0.0191082   6.93446e-16   -0.00108674    2.6799e-17    0.00337195  -1.89515e-16    0.00223923  -1.23202e-16   0.000786512   2.14634e-17   8.28398e-05    4.0679e-17  -0.000110688   1.70479e-17  -0.000107625   1.70944e-18  -6.49338e-05  -2.69986e-18  -3.16853e-05  -2.38334e-18  -1.34625e-05  -1.33999e-18  -5.14006e-06  -6.83564e-19  -1.79253e-06  -3.01565e-19  -5.76636e-07  -8.65567e-20  -1.72488e-07   5.93063e-21  -4.84889e-08   2.75753e-20  -1.30598e-08   2.22208e-20  -3.49118e-09   1.25628e-20  -9.74897e-10   5.78174e-21  -2.96853e-10   2.28375e-21  -9.83764e-11   7.97556e-22  -3.39209e-11    2.5141e-22  -1.15698e-11   7.25355e-23  -3.77527e-12   1.93333e-23  -1.15891e-12   4.79936e-24  -3.32367e-13    1.1189e-24  -8.88595e-14   2.46698e-25  -2.21422e-14   5.16679e-26  -5.14498e-15   1.03064e-26  -1.11548e-15   1.96251e-27  -2.25766e-16   3.57316e-28  -4.26635e-17   6.22025e-29  -7.52671e-18   1.03352e-29  -1.23905e-18   1.63512e-30  -1.90157e-19   2.45753e-31  -2.71681e-20   3.50149e-32  -3.60611e-21   4.71962e-33  -4.43409e-22   6.00566e-34  -5.03028e-23   7.19963e-35  -5.23424e-24   8.11429e-36  -4.95149e-25   8.58012e-37  -4.19724e-26   8.49539e-38  -3.10497e-27     7.861e-39  -1.89049e-28   6.78382e-40  -7.83412e-30   5.44687e-41    4.4685e-32   4.05807e-42   5.24242e-32   2.79673e-43   6.88007e-33   1.77664e-44   6.34446e-34   1.03605e-45   4.77422e-35    5.5197e-47   3.06509e-36   2.67159e-48   1.70604e-37   1.16692e-49   8.26778e-39   4.56243e-51   3.48034e-40   1.58076e-52   1.26339e-41   4.79237e-54    3.9078e-43   1.25075e-55   1.01203e-44   2.74988e-57    2.1398e-46   4.94138e-59   3.55909e-48   6.93762e-61    4.3929e-50   7.06631e-63   3.62888e-52   4.51479e-65   1.58741e-54   1.16859e-67
 -2.60786e-16     0.0384746  -7.19894e-16    -0.0310599   1.15834e-15    -0.0112312   3.48056e-16    0.00215824  -3.40851e-16     0.0041508  -2.05645e-16    0.00247158    2.1761e-17   0.000911487   6.54969e-17   0.000152958    3.6129e-17  -8.13482e-05   8.73388e-18  -0.000101136  -2.90609e-18  -6.72689e-05  -4.78354e-18  -3.56241e-05  -3.58936e-18  -1.65094e-05  -2.09619e-18  -6.97262e-06  -9.54662e-19  -2.74553e-06  -2.93282e-19  -1.02307e-06  -1.66405e-20  -3.64611e-07     5.209e-20  -1.25209e-07   4.54715e-20  -4.16232e-08   2.58404e-20  -1.34208e-08    1.1811e-20  -4.19511e-09   4.63936e-21  -1.26817e-09   1.61958e-21  -3.69405e-10   5.13038e-22  -1.03255e-10   1.49399e-22  -2.75807e-11   4.03427e-23  -7.01367e-12   1.01729e-23  -1.69233e-12   2.40978e-24   -3.8635e-13   5.38425e-25  -8.32417e-14   1.13712e-25  -1.68878e-14   2.27264e-26  -3.21895e-15   4.30262e-27  -5.75127e-16   7.72131e-28  -9.60697e-17   1.31322e-28  -1.49555e-17   2.11498e-29  -2.16079e-18   3.22218e-30  -2.88087e-19   4.63907e-31  -3.51403e-20   6.30564e-32   -3.8671e-21    8.0834e-33  -3.74182e-22   9.76143e-34  -3.00557e-23   1.10891e-34  -1.66206e-24   1.18324e-35   1.12976e-26   1.18391e-36   1.99811e-26   1.10884e-37     3.616e-27   9.70302e-39   4.65459e-28   7.91628e-40   4.96745e-29   6.00699e-41   4.60863e-30   4.22759e-42   3.78953e-31   2.75053e-43   2.78456e-32   1.64811e-44   1.83339e-33   9.05497e-46   1.08086e-34   4.53826e-47     5.687e-36   2.06232e-48   2.65597e-37   8.43576e-50   1.09246e-38   3.07833e-51   3.91649e-40   9.91025e-53   1.20691e-41   2.77503e-54   3.13838e-43   6.63426e-56   6.71409e-45   1.32032e-57   1.13986e-46    2.1093e-59   1.45398e-48   2.55589e-61   1.27202e-50   2.12429e-63   6.37557e-53   9.61966e-66   1.08189e-55
   -0.0191082  -7.19894e-16     0.0634012  -1.16247e-15    -0.0269119   1.25785e-15    -0.0217717   5.20999e-16   -0.00374201  -3.67147e-16    0.00358422  -2.41611e-16    0.00376585   1.35773e-17    0.00211621   8.27768e-17   0.000827192   5.58488e-17   0.000197876   1.85311e-17  -1.77976e-05  -2.01141e-18  -5.65806e-05  -7.81761e-18  -4.32202e-05  -6.88836e-18  -2.45423e-05   -4.2227e-18  -1.19475e-05  -1.94998e-18  -5.24664e-06  -6.39812e-19  -2.13023e-06  -9.53671e-20  -8.10651e-07   5.24868e-20  -2.91428e-07   5.77529e-20  -9.94087e-08   3.41718e-20  -3.22409e-08   1.57541e-20  -9.94684e-09   6.19256e-21  -2.91737e-09   2.15969e-21  -8.12371e-10   6.83085e-22   -2.1439e-10   1.98482e-22  -5.35112e-11   5.34319e-23  -1.26032e-11   1.34127e-23  -2.79388e-12   3.15494e-24  -5.81253e-13   6.97539e-25  -1.13093e-13   1.45201e-25  -2.04871e-14   2.84897e-26  -3.43422e-15   5.27412e-27  -5.27813e-16   9.21816e-28  -7.32518e-17   1.52128e-28  -8.91853e-18    2.3697e-29  -8.90048e-19   3.48232e-30  -5.67944e-20   4.82502e-31   2.43856e-21    6.2998e-32   1.66454e-21   7.74538e-33   3.69034e-22   8.95902e-34   6.14026e-23   9.73846e-35   8.65538e-24   9.93441e-36   1.07715e-24   9.49619e-37   1.20514e-25   8.49154e-38   1.22288e-26   7.09012e-39   1.13002e-27   5.51618e-40   9.52173e-29   3.98914e-41   7.31188e-30   2.67387e-42   5.10666e-31   1.65565e-43   3.23273e-32   9.43332e-45   1.84613e-33   4.92303e-46    9.4509e-35   2.34057e-47   4.30158e-36   1.00723e-48   1.72205e-37   3.89264e-50   5.97658e-39   1.33792e-51   1.76245e-40   4.03945e-53   4.28574e-42   1.05429e-54   8.17448e-44    2.3283e-56   1.10295e-45   4.22226e-58   7.36827e-48   6.01212e-60  -5.82861e-50   6.24285e-62  -1.90204e-51   4.08809e-64  -1.58459e-53   1.09033e-66
  6.93446e-16    -0.0310599  -1.16247e-15     0.0696924    -1.284e-15    -0.0128724   1.03094e-15    -0.0259642   4.21678e-16    -0.0107543  -3.59717e-16   0.000429754   -2.4653e-16    0.00361664   8.52372e-18    0.00296867   9.68451e-17    0.00162314    7.4235e-17   0.000681023     2.798e-17    0.00021571   -1.8421e-18   3.85714e-05  -1.18167e-17  -1.01235e-05  -1.08751e-17  -1.49429e-05  -6.70087e-18  -9.85142e-06  -3.12019e-18  -5.06849e-06  -1.09102e-18  -2.26198e-06  -2.42038e-19   -9.1099e-07   1.19621e-20  -3.37351e-07   4.82766e-20  -1.15989e-07   3.23037e-20  -3.72135e-08   1.54385e-20  -1.11659e-08   6.14015e-21  -3.13423e-09   2.14552e-21  -8.22033e-10   6.76149e-22  -2.00915e-10   1.94988e-22  -4.55587e-11   5.19353e-23   -9.5165e-12   1.28625e-23  -1.80964e-12   2.97623e-24  -3.06566e-13   6.45311e-25  -4.41597e-14   1.31347e-25   -4.7152e-15   2.51317e-26  -1.18412e-16   4.52585e-27    1.1564e-16   7.67732e-28   4.22982e-17   1.22712e-28   1.03057e-17   1.84804e-29   2.07323e-18   2.62166e-30   3.65976e-19   3.50231e-31   5.81472e-20   4.40435e-32   8.42046e-21   5.21123e-33   1.11887e-21   5.79721e-34   1.36896e-22   6.05753e-35   1.54472e-23   5.93803e-36   1.60787e-24   5.45319e-37   1.54252e-25   4.68434e-38   1.36151e-26   3.75735e-39   1.10266e-27   2.80854e-40   8.16343e-29   1.95175e-41   5.49719e-30   1.25746e-42   3.34465e-31   7.48586e-44   1.82204e-32   4.10141e-45   8.77301e-34   2.05825e-46    3.6602e-35   9.40698e-48   1.27846e-36   3.88836e-49   3.47193e-38   1.44107e-50   5.71199e-40   4.73634e-52  -5.17448e-42   1.36111e-53  -8.14418e-43   3.35677e-55  -3.49635e-44   6.92553e-57  -9.73837e-46   1.15224e-58  -1.90714e-47   1.46009e-60  -2.54629e-49   1.27364e-62  -2.04453e-51   6.07112e-65   -6.4459e-54
  -0.00108674   1.15834e-15    -0.0269119    -1.284e-15     0.0615184  -1.01127e-15   0.000209625   7.00717e-16    -0.0241957   1.75573e-16    -0.0158251  -3.79904e-16   -0.00383748  -2.41576e-16     0.0019799   1.36743e-17    0.00297442   1.14074e-16    0.00214639   9.12793e-17      0.001167   3.51461e-17   0.000526258  -3.11098e-18   0.000202757  -1.61683e-17   6.65254e-05    -1.465e-17   1.77495e-05  -8.93253e-18   3.17748e-06  -4.19125e-18  -1.33566e-07  -1.54923e-18  -4.61461e-07  -4.27725e-19  -2.72031e-07  -6.18907e-20  -1.15665e-07   1.90883e-20  -4.07756e-08   2.09446e-20   -1.2357e-08   1.11762e-20  -3.21559e-09   4.62445e-21  -6.90641e-10   1.63842e-21  -1.05048e-10   5.16804e-22  -1.17793e-12   1.48007e-22   7.04596e-12   3.89443e-23   3.53891e-12   9.49076e-24   1.23582e-12   2.15369e-24   3.59772e-13   4.56618e-25   9.23199e-14   9.06554e-26   2.13998e-14   1.68849e-26   4.53887e-15   2.95484e-27   8.87403e-16   4.86372e-28   1.60645e-16   7.53442e-29   2.69993e-17   1.09868e-29   4.21923e-18   1.50815e-30   6.13465e-19   1.94878e-31   8.29855e-20   2.37015e-32   1.04372e-20   2.71259e-33   1.21895e-21   2.92006e-34   1.31942e-22   2.95448e-35   1.32016e-23   2.80691e-36   1.21659e-24   2.50113e-37   1.02758e-25    2.0875e-38   7.90098e-27   1.62943e-39   5.47548e-28   1.18728e-40   3.36724e-29    8.0571e-42   1.78774e-30   5.07766e-43   7.72671e-32   2.96105e-44   2.26323e-33   1.59072e-45   -4.4229e-36   7.82959e-47  -6.45621e-36   3.50736e-48  -5.58705e-37   1.41818e-49  -3.26019e-38   5.12275e-51  -1.49048e-39   1.63152e-52  -5.53983e-41   4.50455e-54  -1.68091e-42   1.05423e-55    -4.108e-44   2.02756e-57  -7.85033e-46     3.061e-59  -1.11287e-47   3.36576e-61  -1.06093e-49   2.32905e-63  -5.41139e-52   6.54596e-66
   2.6799e-17    -0.0112312   1.25785e-15    -0.0128724  -1.01127e-15     0.0506718  -5.18357e-16    0.00835043   4.41878e-16    -0.0197888  -6.11818e-17    -0.0182824  -4.08077e-16   -0.00785405  -2.21465e-16  -0.000573105   3.97615e-17    0.00206952   1.40817e-16    0.00213757   1.08617e-16    0.00143466   4.08868e-17   0.000781716  -4.22658e-18   0.000371384  -1.91016e-17   0.000159348  -1.69441e-17   6.31427e-05  -1.02282e-17   2.35117e-05  -4.83949e-18   8.35481e-06  -1.86844e-18   2.87408e-06  -5.85747e-19   9.68814e-07  -1.38388e-19   3.22496e-07  -1.59968e-20   1.06175e-07   6.01386e-21   3.44156e-08   5.33728e-21   1.08901e-08    2.5273e-21   3.33174e-09   9.43815e-22   9.77006e-10   3.03734e-22   2.72741e-10   8.72892e-23   7.21259e-11   2.28278e-23   1.80076e-11   5.49511e-24   4.23508e-12    1.2263e-24   9.36776e-13   2.54848e-25   1.94667e-13    4.9477e-26     3.797e-14    8.9968e-27   6.94551e-15   1.53553e-27   1.19038e-15   2.46371e-28   1.90945e-16   3.71976e-29   2.86277e-17   5.28822e-30   4.00467e-18   7.08234e-31   5.21527e-19   8.93916e-32   6.30414e-20    1.0637e-32   7.04481e-21   1.19351e-33   7.23705e-22   1.26261e-34   6.77802e-23   1.25876e-35   5.71205e-24   1.18166e-36   4.23222e-25   1.04335e-37    2.6261e-26   8.65234e-39   1.18527e-27   6.72658e-40   1.17122e-29   4.89068e-41  -5.03845e-30   3.31526e-42  -7.29229e-31   2.08714e-43  -6.86863e-32   1.21447e-44  -5.17991e-33   6.49406e-46  -3.30561e-34   3.16916e-47  -1.81989e-35   1.39992e-48  -8.68956e-37    5.5423e-50  -3.59017e-38   1.94277e-51  -1.27347e-39   5.93862e-53  -3.82712e-41   1.55224e-54  -9.55406e-43   3.37928e-56  -1.92444e-44   5.90308e-58  -2.99166e-46   7.81153e-60  -3.33339e-48   7.07625e-62   -2.3015e-50   3.48369e-64  -6.35724e-53
   0.00337195   3.48056e-16    -0.0217717   1.03094e-15   0.000209625  -5.18357e-16     0.0428856  -2.35232e-17     0.0127611   2.92641e-16    -0.0149978  -2.12181e-16    -0.0187236  -4.02658e-16    -0.0109646  -1.65199e-16   -0.00340801   9.61924e-17    0.00047562   1.80313e-16    0.00154087   1.28663e-16    0.00134477   4.83013e-17   0.000860822  -2.20869e-18   0.000466073  -1.85532e-17   0.000225321  -1.66386e-17   0.000100051  -1.00495e-17   4.15129e-05  -4.80312e-18   1.62758e-05  -1.91332e-18   6.07301e-06  -6.45283e-19   2.16549e-06  -1.82164e-19    7.3916e-07  -4.06243e-20   2.41488e-07  -5.56581e-21    7.5411e-08   6.00008e-22   2.24625e-08   7.99659e-22   6.36712e-09   3.73099e-22   1.71345e-09   1.31209e-22   4.36809e-10   3.92453e-23   1.05281e-10   1.04393e-23   2.39479e-11   2.52443e-24    5.1325e-12   5.61765e-25   1.03476e-12   1.15896e-25   1.95915e-13   2.22822e-26   3.47711e-14   4.00883e-27   5.77215e-15   6.77116e-28   8.93789e-16   1.07632e-28    1.2863e-16   1.61277e-29   1.71192e-17   2.28075e-30   2.09149e-18   3.04689e-31   2.31834e-19   3.84794e-32   2.28402e-20   4.59623e-33   1.91653e-21   5.19276e-34   1.21759e-22   5.54608e-35   2.80638e-24   5.59329e-36  -7.24176e-25   5.31753e-37  -1.59785e-25   4.75535e-38  -2.17598e-26   3.98988e-39  -2.38052e-27    3.1312e-40  -2.23722e-28   2.29017e-41  -1.85301e-29   1.55454e-42   -1.3674e-30   9.74507e-44  -9.02577e-32   5.60998e-45  -5.32877e-33   2.94649e-46  -2.80599e-34    1.4013e-47  -1.31094e-35   5.98101e-49   -5.3926e-37   2.26654e-50  -1.93291e-38   7.52544e-52  -5.95381e-40   2.15249e-53  -1.54679e-41   5.18718e-55  -3.30308e-43   1.02129e-56   -5.5855e-45   1.56982e-58  -7.05753e-47   1.74862e-60  -6.01487e-49   1.22028e-62  -2.74023e-51    3.4453e-65
 -1.89515e-16    0.00215824   5.20999e-16    -0.0259642   7.00717e-16    0.00835043  -2.35232e-17     0.0381552   3.36568e-16     0.0153039   2.08917e-16    -0.0105962  -2.75921e-16    -0.0178675  -3.42246e-16    -0.0130109  -6.30546e-17   -0.00605423   1.80801e-16   -0.00147941   2.30206e-16   0.000465647   1.52846e-16   0.000877758   6.03648e-17   0.000704702   5.24604e-18   0.000433881  -1.33855e-17   0.000229442  -1.33215e-17   0.000108962  -8.25379e-18   4.75329e-05  -4.00722e-18   1.92939e-05  -1.63149e-18   7.34259e-06  -5.72113e-19   2.63143e-06  -1.74096e-19   8.90132e-07  -4.56002e-20   2.84478e-07  -9.93035e-21   8.58997e-08  -1.59475e-21   2.44932e-08  -7.58679e-23   6.58878e-09   7.24089e-23   1.67011e-09   3.92634e-23   3.98329e-10   1.37691e-23   8.92384e-11   3.97109e-24   1.87405e-11   1.00785e-24    3.6796e-12   2.31686e-25   6.73176e-13   4.89835e-26   1.14209e-13   9.61649e-27   1.78424e-14   1.76486e-27   2.53803e-15   3.04199e-28   3.22208e-16   4.93936e-29   3.50159e-17   7.56871e-30   2.90253e-18   1.09553e-30   9.03589e-20   1.49853e-31    -2.889e-20   1.93704e-32  -8.52529e-21   2.36505e-33  -1.55419e-21   2.72471e-34  -2.29422e-22   2.95725e-35   -2.9389e-23   3.01752e-36  -3.35776e-24   2.88776e-37  -3.46565e-25   2.58494e-38   -3.2514e-26   2.15792e-39  -2.77996e-27   1.67449e-40  -2.16694e-28    1.2033e-41  -1.53797e-29   7.97393e-43  -9.91308e-31   4.84904e-44  -5.78042e-32   2.69075e-45  -3.03364e-33   1.35351e-46  -1.42348e-34   6.12399e-48  -5.92228e-36   2.46894e-49  -2.16162e-37   8.76714e-51  -6.82878e-39   2.70224e-52  -1.83447e-40   7.09314e-54  -4.09258e-42   1.54529e-55  -7.33508e-44     2.693e-57   -1.0054e-45   3.54571e-59  -9.72393e-48   3.18846e-61  -5.68029e-50   1.55525e-63  -1.27169e-52
   0.00223923  -3.40851e-16   -0.00374201   4.21678e-16    -0.0241957   4.41878e-16     0.0127611   3.36568e-16     0.0351844   5.08389e-16     0.0170043   1.30412e-16   -0.00667924  -2.83779e-16    -0.0161989  -2.34158e-16    -0.0140361   7.14223e-17   -0.00820669   2.78285e-16   -0.00346091   2.83114e-16  -0.000875739   1.80145e-16   0.000125478   7.76908e-17   0.000336084   1.82074e-17   0.000270856  -4.08953e-18   0.000162687    -7.537e-18   8.30351e-05  -5.19064e-18   3.77509e-05  -2.61827e-18   1.56339e-05  -1.08709e-18   5.96941e-06  -3.87127e-19   2.11588e-06  -1.20112e-19   6.98891e-07  -3.25007e-20   2.15533e-07  -7.54318e-21   6.20928e-08  -1.41896e-21   1.67012e-08  -1.73092e-22   4.18734e-09   1.02014e-23   9.75836e-10   1.54512e-23   2.10419e-10   6.43299e-24   4.16743e-11   2.00551e-24   7.48701e-12   5.34426e-25   1.19183e-12   1.27416e-25   1.59515e-13   2.77702e-26   1.52116e-14   5.60058e-27   4.95915e-17   1.05303e-27   -4.4005e-16   1.85433e-28  -1.41034e-16   3.06618e-29   -3.1751e-17   4.76686e-30  -5.97487e-18   6.97133e-31  -9.91265e-19   9.59091e-32  -1.48364e-19   1.24084e-32  -2.02662e-20   1.50858e-33  -2.54225e-21   1.72158e-34  -2.93829e-22    1.8413e-35  -3.13356e-23   1.84226e-36  -3.08421e-24   1.72058e-37  -2.79957e-25   1.49638e-38  -2.33995e-26   1.20855e-39  -1.79674e-27   9.03608e-41  -1.26354e-28   6.23191e-42  -8.10635e-30   3.94781e-43  -4.72155e-31   2.28581e-44  -2.48182e-32   1.20264e-45  -1.16863e-33      5.71e-47  -4.88442e-35   2.42607e-48  -1.79117e-36   9.13026e-50  -5.67723e-38   3.00463e-51  -1.52455e-39   8.50455e-53  -3.37356e-41   2.02548e-54  -5.90295e-43   3.93703e-56  -7.63259e-45   5.96896e-58  -6.38024e-47   6.55302e-60  -2.28406e-49   4.50427e-62   6.42655e-52   1.25205e-64
 -1.23202e-16     0.0041508  -3.67147e-16    -0.0107543   1.75573e-16    -0.0197888   2.92641e-16     0.0153039   5.08389e-16     0.0331761   4.88068e-16     0.0183099   1.67915e-17   -0.00315741  -2.69191e-16     -0.013989  -1.05302e-16    -0.0141265   2.09148e-16   -0.00966997   3.67894e-16   -0.00516669   3.29723e-16   -0.00222371   2.06991e-16  -0.000742738   9.79104e-17  -0.000152149   3.43544e-17   2.23079e-05   7.37713e-18   4.55605e-05  -5.92949e-19   3.11998e-05  -1.58259e-18   1.60126e-05  -9.83962e-19   6.95395e-06  -4.32135e-19   2.66444e-06  -1.52393e-19   9.16787e-07  -4.43371e-20   2.85195e-07  -1.03602e-20   8.01617e-08  -1.67187e-21   2.01895e-08  -7.20551e-24   4.46074e-09   1.32759e-22   8.20115e-10   6.90313e-23   1.05114e-10     2.516e-23  -8.85421e-13   7.67422e-24  -6.37191e-12   2.07268e-24  -2.73134e-12   5.08367e-25  -8.36676e-13   1.14759e-25  -2.15365e-13   2.40361e-26  -4.90496e-14   4.69557e-27  -1.01141e-14   8.58536e-28  -1.91116e-15   1.47228e-28  -3.33254e-16   2.37064e-29  -5.38478e-17   3.58578e-30  -8.08273e-18    5.0951e-31  -1.12859e-18   6.79913e-32  -1.46671e-19   8.51627e-33  -1.77394e-20    1.0004e-33  -1.99551e-21   1.10082e-34   -2.0854e-22     1.133e-35  -2.02137e-23   1.08874e-36   -1.8134e-24    9.7473e-38  -1.50162e-25   8.11055e-39   -1.1439e-26   6.25468e-40  -7.98333e-28   4.45591e-41  -5.07839e-29    2.9214e-42  -2.92577e-30   1.75482e-43  -1.51421e-31    9.6064e-45  -6.96492e-33   4.76265e-46  -2.80565e-34   2.12233e-47  -9.68493e-36   8.42277e-49  -2.76372e-37   2.94314e-50  -6.06394e-39   8.92439e-52  -8.20571e-41   2.30425e-53   2.71993e-43   4.93737e-55   5.04247e-44   8.46213e-57   1.47794e-45   1.09565e-58   2.43823e-47    9.6882e-61   2.25856e-49    4.6467e-63   7.95544e-52
  0.000786512  -2.05645e-16    0.00358422  -3.59717e-16    -0.0158251  -6.11818e-17    -0.0149978   2.08917e-16     0.0170043   4.88068e-16     0.0317881   3.03507e-16     0.0194427  -1.39791e-16   9.30761e-05  -2.54895e-16      -0.01137   1.32366e-17    -0.0133544   3.21358e-16    -0.0103166   4.32708e-16   -0.00634591   3.62081e-16    -0.0033214   2.28464e-16   -0.00152848   1.16706e-16  -0.000630976   5.00142e-17  -0.000237334   1.83963e-17  -8.27227e-05   5.94076e-18  -2.73566e-05   1.74939e-18  -8.88518e-06     5.075e-19  -2.95375e-06   1.63202e-19  -1.03442e-06   6.19334e-20  -3.79975e-07   2.58285e-20  -1.41738e-07   1.06583e-20  -5.17592e-08   4.11268e-21    -1.803e-08   1.45751e-21  -5.90712e-09   4.73533e-22  -1.80875e-09   1.41531e-22  -5.16516e-10   3.91058e-23  -1.37544e-10   1.00364e-23  -3.41787e-11   2.40173e-24  -7.93321e-12   5.37402e-25  -1.72158e-12   1.12668e-25  -3.49564e-13   2.21674e-26  -6.64508e-14   4.09799e-27  -1.18302e-14   7.12385e-28  -1.97261e-15   1.16496e-28  -3.08021e-16   1.79211e-29  -4.50221e-17   2.59272e-30  -6.15566e-18   3.52596e-31  -7.86492e-19   4.50444e-32  -9.37803e-20     5.401e-33  -1.04181e-20   6.07156e-34  -1.07598e-21   6.39035e-35  -1.03036e-22   6.28674e-36    -9.118e-24   5.76971e-37  -7.42495e-25   4.92861e-38  -5.53346e-26    3.9084e-39  -3.74665e-27   2.86856e-40  -2.28143e-28   1.94174e-41   -1.2304e-29   1.20724e-42  -5.72863e-31   6.86056e-44  -2.18802e-32   3.54319e-45  -5.95314e-34   1.65162e-46  -3.81762e-36   6.89102e-48   7.87075e-37   2.54724e-49   6.16668e-38   8.23547e-51   2.94966e-39   2.29066e-52   1.05236e-40    5.3622e-54   2.90517e-42   1.02463e-55   6.14271e-44   1.52735e-57   9.52568e-46   1.64879e-59   9.87171e-48   1.11446e-61   5.45647e-50   3.04667e-64
  2.14634e-17    0.00247158  -2.41611e-16   0.000429754  -3.79904e-16    -0.0182824  -2.12181e-16    -0.0105962   1.30412e-16     0.0183099   3.03507e-16      0.030872   8.98581e-18     0.0205441  -3.19679e-16     0.0031981  -2.50759e-16    -0.0083917    9.9541e-17    -0.0117731   3.91224e-16    -0.0100747   4.64545e-16   -0.00682043   3.75478e-16   -0.00396308   2.39989e-16   -0.00205787   1.29603e-16  -0.000979177   6.16321e-17  -0.000434601   2.66551e-17  -0.000182344   1.07796e-17  -7.30273e-05   4.17135e-18   -2.8091e-05   1.56926e-18  -1.04074e-05   5.77702e-19  -3.71287e-06   2.07592e-19  -1.27247e-06   7.22208e-20  -4.17484e-07   2.40991e-20  -1.30635e-07   7.65392e-21  -3.88529e-08   2.30129e-21  -1.09522e-08   6.52844e-22  -2.91974e-09   1.74442e-22  -7.34909e-10   4.38794e-23   -1.7444e-10   1.03913e-23  -3.90107e-11   2.31739e-24  -8.21363e-12   4.86799e-25  -1.62713e-12   9.63425e-26   -3.0309e-13   1.79673e-26  -5.30498e-14   3.15786e-27  -8.71789e-15    5.2303e-28  -1.34379e-15   8.16168e-29  -1.94051e-16   1.19939e-29  -2.62131e-17   1.65884e-30  -3.30609e-18   2.15767e-31   -3.8839e-19   2.63698e-32  -4.23682e-20   3.02483e-33  -4.27443e-21   3.25235e-34  -3.96648e-22   3.27281e-35  -3.35935e-23   3.07661e-36  -2.56644e-24   2.69603e-37  -1.73437e-25   2.19688e-38  -9.98284e-27    1.6599e-39  -4.45118e-28   1.15911e-40  -9.89066e-30   7.45197e-42   6.94223e-31   4.39113e-43   1.16898e-31   2.35906e-44   1.02037e-32   1.14823e-45   6.78084e-34   5.02515e-47    3.7104e-35   1.95927e-48    1.7117e-36   6.72802e-50    6.6837e-38   2.00544e-51   2.19368e-39   5.09118e-53   5.95593e-41    1.0728e-54   1.30253e-42   1.80838e-56   2.19872e-44   2.30301e-58   2.66433e-46   2.00307e-60   2.00627e-48   9.45013e-63   6.06861e-51
  8.28398e-05    2.1761e-17    0.00376585   -2.4653e-16   -0.00383748  -4.08077e-16    -0.0187236  -2.75921e-16   -0.00667924   1.67915e-17     0.0194427   8.98581e-18     0.0303616  -3.24982e-16     0.0217218  -4.90821e-16    0.00627431   -2.5615e-16   -0.00506729   1.46568e-16   -0.00943943   4.16395e-16   -0.00894103   4.63678e-16   -0.00651259   3.68762e-16   -0.00403742   2.38722e-16   -0.00222773   1.33546e-16   -0.00112166   6.69497e-17  -0.000523414   3.08391e-17  -0.000228657   1.32798e-17  -9.41127e-05   5.40483e-18   -3.6632e-05   2.09134e-18   -1.3509e-05   7.70885e-19  -4.72252e-06   2.70538e-19  -1.56454e-06   9.02291e-20  -4.90844e-07   2.85401e-20  -1.45695e-07   8.54639e-21  -4.08766e-08   2.41949e-21  -1.08303e-08   6.46926e-22  -2.70756e-09   1.63282e-22  -6.38195e-10   3.88941e-23  -1.41724e-10    8.7434e-24   -2.9629e-11    1.8549e-24  -5.82658e-12   3.71354e-25  -1.07676e-12   7.01536e-26  -1.86782e-13   1.25044e-26  -3.03697e-14   2.10255e-27  -4.62007e-15   3.33405e-28  -6.56048e-16   4.98357e-29  -8.66839e-17   7.01756e-30  -1.06117e-17   9.30201e-31  -1.19617e-18   1.15964e-31  -1.22996e-19   1.35819e-32  -1.13593e-20   1.49264e-33   -9.1529e-22   1.53697e-34  -6.01655e-23   1.48028e-35  -2.53849e-24   1.33083e-36   6.15132e-26   1.11428e-37    2.9092e-26   8.66556e-39    4.0935e-27   6.24011e-40   4.23871e-28   4.14603e-41   3.65127e-29    2.5311e-42   2.72168e-30   1.41287e-43   1.78245e-31   7.16973e-45   1.03072e-32   3.28477e-46   5.25895e-34   1.34734e-47   2.35634e-35   4.89725e-49   9.19472e-37   1.55716e-50   3.08651e-38   4.26009e-52   8.76021e-40   9.80941e-54   2.05137e-41   1.84377e-55   3.82341e-43   2.70329e-57   5.36033e-45   2.86999e-59   5.11204e-47   1.90758e-61   2.63434e-49   5.12759e-64
   4.0679e-17   0.000911487   1.35773e-17    0.00361664  -2.41576e-16   -0.00785405  -4.02658e-16    -0.0178675  -2.83779e-16   -0.00315741  -1.39791e-16     0.0205441  -3.24982e-16     0.0302365  -6.30037e-16     0.0230623  -6.23933e-16    0.00941297  -2.64103e-16   -0.00141859   1.59864e-16   -0.00645103    4.0472e-16   -0.00700708   4.35752e-16   -0.00546935   3.43728e-16   -0.00355381   2.24255e-16   -0.00203046    1.2773e-16   -0.00104859    6.5509e-17  -0.000497346   3.08458e-17  -0.000218798   1.34987e-17  -8.98386e-05    5.5312e-18  -3.45635e-05   2.13124e-18  -1.24894e-05   7.73911e-19  -4.24449e-06   2.65099e-19  -1.35761e-06   8.56898e-20  -4.08795e-07   2.61391e-20  -1.15878e-07   7.52476e-21  -3.09144e-08   2.04419e-21  -7.75906e-09    5.2406e-22  -1.83103e-09   1.26797e-22  -4.05964e-10   2.89575e-23   -8.4478e-11   6.24301e-24  -1.64769e-11   1.27065e-24  -3.00676e-12   2.44144e-25  -5.12071e-13   4.42805e-26  -8.11066e-14   7.57974e-27   -1.1887e-14   1.22421e-27  -1.59961e-15   1.86485e-28  -1.95134e-16   2.67781e-29  -2.10802e-17   3.62207e-30  -1.91616e-18   4.61112e-31    -1.253e-19    5.5194e-32  -8.49596e-22   6.20444e-33   1.48822e-21   6.54098e-34   3.22974e-22   6.45676e-35   4.81633e-23   5.95669e-36   5.93194e-24   5.12472e-37   6.36924e-25    4.1013e-38   6.09511e-26   3.04444e-39   5.25081e-27   2.08919e-40   4.08928e-28   1.32024e-41   2.88141e-29   7.64841e-43   1.83425e-30   4.04033e-44   1.05137e-31   1.93392e-45   5.39854e-33   8.32404e-47   2.46601e-34   3.19206e-48   9.92938e-36   1.07809e-49   3.48212e-37   3.16038e-51   1.04684e-38   7.88959e-53   2.64075e-40   1.63445e-54   5.42371e-42   2.70795e-56      8.67e-44   3.38836e-58   1.00149e-45   2.89439e-60   7.22741e-48   1.34062e-62   2.10442e-50
 -0.000110688   6.54969e-17    0.00211621   8.52372e-18     0.0019799  -2.21465e-16    -0.0109646  -3.42246e-16    -0.0161989  -2.69191e-16   9.30761e-05  -3.19679e-16     0.0217218  -6.30037e-16     0.0304989  -8.57007e-16      0.024623  -7.01174e-16     0.0126528  -2.66011e-16    0.00247709   1.51042e-16   -0.00298533   3.67975e-16   -0.00447726   3.88494e-16    -0.0038662   3.04243e-16   -0.00263925   1.98577e-16   -0.00154858   1.13557e-16    -0.0008098    5.8468e-17  -0.000384767   2.75538e-17  -0.000168023   1.20076e-17  -6.79224e-05   4.87053e-18  -2.55355e-05   1.84661e-18  -8.95496e-06   6.56215e-19   -2.9349e-06   2.18975e-19  -8.99943e-07   6.87054e-20  -2.58311e-07   2.02893e-20  -6.94022e-08   5.64353e-21  -1.74454e-08   1.47943e-21  -4.09827e-09    3.6568e-22  -8.98176e-10    8.5262e-23  -1.83134e-10   1.87587e-23  -3.45927e-11   3.89537e-24  -6.01317e-12   7.63558e-25  -9.51213e-13   1.41283e-25  -1.34163e-13   2.46748e-26  -1.61509e-14   4.06684e-27  -1.46438e-15   6.32356e-28  -4.16152e-17   9.27195e-29   2.11865e-17    1.2812e-29   6.70069e-18   1.66712e-30   1.36328e-18   2.04087e-31   2.27088e-19   2.34794e-32   3.30527e-20   2.53526e-33   4.31643e-21   2.56551e-34   5.12272e-22   2.42875e-35    5.5613e-23   2.14669e-36   5.54037e-24   1.76732e-37   5.07078e-25   1.35158e-38   4.26234e-26   9.57193e-40   3.28571e-27   6.25486e-41   2.31717e-28   3.75553e-42   1.48988e-29   2.06168e-43   8.69522e-31   1.02882e-44   4.58051e-32   4.63451e-46   2.16278e-33   1.86878e-47   9.07346e-35   6.67585e-49   3.34504e-36   2.08556e-50   1.06842e-37   5.60358e-52   2.90185e-39   1.26656e-53   6.53322e-41   2.33536e-55    1.1753e-42   3.35645e-57   1.59562e-44   3.49013e-59   1.47771e-46   2.27006e-61   7.41258e-49    5.9664e-64
  1.70479e-17   0.000152958   8.27768e-17    0.00296867   1.36743e-17  -0.000573105  -1.65199e-16    -0.0130109  -2.34158e-16     -0.013989  -2.54895e-16     0.0031981  -4.90821e-16     0.0230623  -8.57007e-16      0.031148  -9.83112e-16     0.0264074  -7.17965e-16     0.0159461  -2.55701e-16    0.00644934   1.31418e-16   0.000681406   3.17136e-16   -0.00166063   3.29602e-16   -0.00197816   2.55409e-16   -0.00150209   1.65446e-16  -0.000921557   9.39451e-17  -0.000489482   4.79563e-17   -0.00023206   2.23412e-17  -9.98107e-05    9.5899e-18  -3.93185e-05   3.81721e-18   -1.4268e-05   1.41524e-18  -4.78571e-06   4.90285e-19  -1.48619e-06   1.59087e-19  -4.27402e-07   4.84374e-20  -1.13678e-07   1.38585e-20  -2.78757e-08   3.73019e-21  -6.26447e-09   9.45397e-22  -1.27622e-09   2.25777e-22  -2.30784e-10   5.08375e-23   -3.5347e-11   1.07975e-23  -3.97897e-12   2.16385e-24  -8.90242e-14   4.09229e-25   1.17613e-13   7.30396e-26   4.51118e-14   1.23017e-26   1.16864e-14   1.95477e-27   2.51142e-15   2.92951e-28   4.75228e-16    4.1385e-29   8.12158e-17   5.50739e-30   1.26976e-17   6.89822e-31   1.82911e-18   8.12413e-32   2.43755e-19   8.98561e-33   3.01178e-20   9.32058e-34   3.45366e-21   9.05226e-35   3.67587e-22   8.21613e-36   3.62908e-23   6.95376e-37   3.31931e-24   5.47409e-38   2.80754e-25   3.99644e-39   2.19072e-26   2.69671e-40   1.57224e-27    1.6753e-41   1.03398e-28   9.53803e-43    6.2032e-30   4.94987e-44   3.37647e-31   2.32658e-45   1.65645e-32   9.82855e-47   7.26526e-34   3.69693e-48   2.82045e-35   1.22384e-49   9.56935e-37   3.51348e-51    2.7915e-38   8.58091e-53   6.85016e-40   1.73701e-54   1.37163e-41   2.80794e-56   2.14169e-43   3.42238e-58   2.42054e-45   2.84236e-60   1.71168e-47   1.27753e-62   4.89017e-50
 -0.000107625    3.6129e-17   0.000827192   9.68451e-17    0.00297442   3.97615e-17   -0.00340801  -6.30546e-17    -0.0140361  -1.05302e-16      -0.01137  -2.50759e-16    0.00627431  -6.23933e-16      0.024623  -9.83112e-16     0.0321443  -1.00934e-15     0.0283321   -6.8086e-16     0.0191324  -2.31821e-16     0.0102241   1.08475e-16    0.00419155   2.60387e-16    0.00107471   2.65885e-16  -0.000119416    2.0279e-16  -0.000372944   1.29404e-16  -0.000298469   7.23451e-17  -0.000173877   3.63016e-17  -8.43229e-05   1.65873e-17  -3.56137e-05   6.96676e-18  -1.33491e-05   2.70708e-18  -4.47016e-06   9.77702e-19  -1.33408e-06   3.29348e-19  -3.50013e-07   1.03756e-19  -7.78265e-08   3.06335e-20  -1.31405e-08   8.49059e-21   -8.5525e-10   2.21215e-21   5.17321e-10   5.42359e-22   3.11577e-10   1.25236e-22   1.15358e-10   2.72542e-23   3.47186e-11   5.59264e-24   9.13252e-12   1.08249e-24   2.16347e-12   1.97665e-25   4.68687e-13   3.40523e-26   9.36715e-14   5.53389e-27   1.73649e-14    8.4815e-28   2.99623e-15   1.22545e-28   4.82242e-16   1.66822e-29   7.24963e-17   2.13803e-30   1.01865e-17   2.57739e-31   1.33802e-18   2.91923e-32   1.64257e-19   3.10251e-33   1.88334e-20   3.08925e-34   2.01483e-21   2.87685e-35   2.00845e-22    2.5004e-36   1.86229e-23   2.02344e-37   1.60275e-24   1.52041e-38   1.27705e-25   1.05739e-39   9.39155e-27   6.78131e-41   6.35152e-28   3.99325e-42   3.93328e-29   2.14829e-43   2.21891e-30   1.04961e-44   1.13333e-31   4.62435e-46   5.20214e-33    1.8215e-47   2.12646e-34   6.34711e-49   7.65356e-36   1.93086e-50   2.39076e-37   5.04161e-52   6.36028e-39    1.1047e-53   1.40453e-40    1.9688e-55   2.48135e-42   2.72532e-57   3.31196e-44   2.71799e-59   3.01853e-46   1.68741e-61    1.4915e-48   4.21105e-64
  1.70944e-18  -8.13482e-05   5.58488e-17    0.00162314   1.14074e-16    0.00206952   9.61924e-17   -0.00605423   7.14223e-17    -0.0141265   1.32366e-17    -0.0083917   -2.5615e-16    0.00941297  -7.01174e-16     0.0264074  -1.00934e-15     0.0333714  -9.52991e-16      0.030203  -6.03983e-16     0.0219403  -1.97882e-16     0.0134544    8.5523e-17    0.00716459   2.03256e-16    0.00337634   2.03094e-16    0.00143122   1.51643e-16   0.000556563   9.47391e-17   0.000204616   5.18194e-17    7.4421e-05   2.54082e-17   2.81851e-05   1.13278e-17   1.14062e-05   4.63519e-18   4.83246e-06    1.7522e-18   2.04797e-06   6.14867e-19   8.34945e-07   2.01024e-19   3.20228e-07   6.14074e-20   1.14415e-07   1.75666e-20   3.79723e-08   4.71442e-21   1.17088e-08    1.1887e-21   3.35947e-09   2.81911e-22   8.98555e-10   6.29431e-23   2.24451e-10     1.324e-23   5.24448e-11   2.62515e-24   1.14782e-11   4.90777e-25   2.35565e-12   8.65264e-26   4.53699e-13   1.43863e-26   8.20528e-14   2.25538e-27   1.39391e-14   3.33294e-28   2.22452e-15    4.6405e-29   3.33465e-16   6.08339e-30   4.69391e-17   7.50245e-31   6.20082e-18   8.69542e-32   7.68172e-19   9.45961e-33   8.91507e-20   9.64552e-34   9.68062e-21   9.20272e-35   9.82044e-22   8.19961e-36   9.29005e-23   6.80716e-37   8.17768e-24   5.25157e-38   6.68145e-25    3.7535e-39    5.0519e-26   2.47671e-40   3.52272e-27   1.50252e-41   2.25619e-28   8.34058e-43   1.32088e-29    4.2126e-44   7.02865e-31   1.92295e-45   3.37627e-32   7.86942e-47   1.45201e-33   2.85886e-48   5.53407e-35   9.10745e-50   1.84548e-36   2.50493e-51   5.29677e-38   5.82853e-53   1.28004e-39   1.11617e-54   2.52627e-41   1.69155e-56   3.89093e-43    1.9102e-58   4.34085e-45   1.44742e-60   3.03204e-47   5.81661e-63   8.56145e-50
 -6.49338e-05   8.73388e-18   0.000197876    7.4235e-17    0.00214639   1.40817e-16    0.00047562   1.80801e-16   -0.00820669   2.09148e-16    -0.0133544    9.9541e-17   -0.00506729  -2.64103e-16     0.0126528  -7.17965e-16     0.0283321  -9.52991e-16     0.0346093  -8.39857e-16     0.0317212  -5.05053e-16     0.0240321  -1.60254e-16     0.0157933   6.33328e-17    0.00928132   1.49577e-16    0.00498678    1.4586e-16    0.00249277   1.06192e-16    0.00117548    6.4664e-17   0.000528273   3.44515e-17   0.000227672   1.64398e-17   9.43035e-05   7.12629e-18   3.75014e-05   2.83252e-18   1.42732e-05    1.0392e-18   5.17935e-06   3.53645e-19   1.78534e-06    1.1205e-19   5.82854e-07    3.3152e-20   1.79826e-07    9.1807e-21   5.23569e-08   2.38406e-21   1.43733e-08   5.81406e-22   3.71882e-09   1.33313e-22   9.06668e-10   2.87671e-23   2.08294e-10   5.84596e-24   4.50936e-11   1.11934e-24   9.19991e-12   2.01994e-25   1.76885e-12   3.43587e-26   3.20486e-13   5.50847e-27    5.4711e-14     8.322e-28   8.79765e-15   1.18428e-28   1.33202e-15   1.58657e-29   1.89788e-16   1.99942e-30   2.54293e-17   2.36792e-31   3.20126e-18   2.63229e-32   3.78236e-19   2.74281e-33    4.1889e-20   2.67449e-34   4.34185e-21   2.43575e-35   4.20447e-22   2.06729e-36   3.79585e-23   1.63084e-37   3.18727e-24    1.1922e-38   2.48212e-25   8.04785e-40   1.78691e-26   4.99601e-41    1.1847e-27   2.83849e-42   7.20114e-29   1.46758e-43   3.99206e-30    6.8583e-45   2.00575e-31   2.87317e-46   9.06509e-33   1.06817e-47   3.65167e-34   3.47974e-49   1.29623e-35   9.77203e-51   3.99626e-37   2.31488e-52   1.04998e-38   4.48854e-54   2.29134e-40   6.81556e-56   4.00266e-42   7.54866e-58    5.2854e-44   5.34365e-60   4.76796e-46     1.732e-62   2.33293e-48  -3.08845e-66
 -2.69986e-18  -0.000101136   1.85311e-17   0.000681023   9.12793e-17    0.00213757   1.80313e-16   -0.00147941   2.78285e-16   -0.00966997   3.21358e-16    -0.0117731   1.46568e-16   -0.00141859  -2.66011e-16     0.0159461   -6.8086e-16      0.030203  -8.39857e-16     0.0355397  -6.97637e-16      0.032533  -4.01378e-16     0.0250867  -1.25304e-16     0.0169857   4.21029e-17     0.0103626    1.0223e-16    0.00579737   9.74848e-17    0.00301095    6.9099e-17    0.00146405   4.09103e-17   0.000670131   2.11735e-17   0.000289658   9.80773e-18   0.000118406   4.12401e-18   4.57907e-05   1.58904e-18    1.6749e-05   5.64825e-19   5.79142e-06   1.86126e-19   1.89202e-06   5.70781e-20    5.8373e-07   1.63378e-20   1.70022e-07    4.3753e-21   4.67433e-08   1.09829e-21   1.21289e-08   2.58803e-22   2.97035e-09   5.73146e-23   6.86575e-10   1.19398e-23   1.49786e-10   2.34123e-24   3.08432e-11   4.32305e-25   5.99413e-12    7.5185e-26   1.09931e-12   1.23162e-26   1.90215e-13   1.90003e-27   3.10428e-14   2.75954e-28   4.77619e-15    3.7711e-29   6.92401e-16   4.84542e-30   9.45104e-17   5.84796e-31   1.21358e-17    6.6216e-32   1.46443e-18    7.0239e-33    1.6586e-19   6.96791e-34   1.76059e-20   6.45139e-35   1.74854e-21   5.56146e-36   1.62159e-22   4.45122e-37   1.40108e-23    3.2966e-38   1.12486e-24   2.25017e-39   8.36598e-26    1.4088e-40   5.74351e-27   8.04346e-42   3.62476e-28   4.15795e-43   2.09273e-29    1.9284e-44   1.09895e-30    7.9283e-46     5.213e-32   2.84165e-47   2.21529e-33     8.658e-49    8.3477e-35   2.14716e-50   2.75373e-36   3.94214e-52    7.8222e-38   3.74385e-54   1.87175e-39  -5.43159e-56   3.65929e-41  -3.19144e-57   5.58524e-43  -7.00776e-59   6.17729e-45  -8.68915e-61   4.27905e-47   -5.3294e-63   1.19866e-49
 -3.16853e-05  -2.90609e-18  -1.77976e-05     2.798e-17      0.001167   1.08617e-16    0.00154087   2.30206e-16   -0.00346091   3.67894e-16    -0.0103166   3.91224e-16   -0.00943943   1.59864e-16    0.00247709  -2.55701e-16     0.0191324  -6.03983e-16     0.0317212  -6.97637e-16     0.0357963  -5.50889e-16     0.0323181  -3.06452e-16     0.0248976  -9.71054e-17     0.0169456   2.25871e-17     0.0104112   6.33015e-17    0.00585722   5.96962e-17    0.00304694   4.12999e-17    0.00147538   2.37735e-17   0.000667979   1.19415e-17   0.000283614    5.3624e-18   0.000113147   2.18418e-18   4.24671e-05   8.14703e-19   1.50081e-05   2.80175e-19    4.9972e-06   8.92804e-20   1.56839e-06   2.64633e-20   4.64168e-07   7.31793e-21   1.29581e-07   1.89237e-21   3.41339e-08   4.58455e-22   8.48647e-09   1.04203e-22   1.99187e-09   2.22452e-23   4.41431e-10   4.46394e-24   9.23797e-11   8.42485e-25   1.82562e-11   1.49588e-25   3.40674e-12   2.49893e-26    6.0019e-13    3.9271e-27   9.98022e-14   5.80353e-28   1.56575e-14   8.06049e-29   2.31639e-15   1.05127e-29   3.22935e-16   1.28606e-30   4.23916e-17   1.47362e-31   5.23457e-18   1.57875e-32   6.07309e-19   1.57796e-33   6.61107e-20    1.4675e-34   6.74177e-21   1.26567e-35   6.42855e-22   1.00814e-36   5.71952e-23   7.37682e-38    4.7363e-24    4.9237e-39   3.64009e-25   2.96838e-40   2.58786e-26   1.59289e-41   1.69532e-27   7.42581e-43   1.01881e-28   2.86719e-44    5.5868e-30   8.06796e-46   2.77798e-31   7.17071e-48   1.24311e-32  -9.36801e-49   4.96021e-34  -7.93186e-50   1.74477e-35  -3.98553e-51   5.33237e-37   -1.4996e-52   1.38936e-38  -4.42144e-54   3.00771e-40  -1.01901e-55   5.21371e-42  -1.77949e-57   6.83373e-44  -2.20299e-59   6.12095e-46  -1.67895e-61   2.97449e-48  -5.09979e-64
 -2.38334e-18  -6.72689e-05  -2.01141e-18    0.00021571   3.51461e-17    0.00143466   1.28663e-16   0.000465647   2.83114e-16   -0.00516669   4.32708e-16    -0.0100747   4.16395e-16   -0.00645103   1.51042e-16    0.00644934  -2.31821e-16     0.0219403  -5.05053e-16      0.032533  -5.50889e-16     0.0350535  -4.17548e-16      0.030888  -2.28012e-16     0.0234473  -7.66393e-17     0.0157856   6.11394e-18    0.00959911    3.3854e-17    0.00533708   3.26058e-17    0.00273622   2.22335e-17    0.00130126   1.24897e-17     0.0005765   6.09654e-18   0.000238677   2.65435e-18   9.25556e-05   1.04669e-18   3.36775e-05   3.77568e-19   1.15138e-05    1.2546e-19   3.70278e-06   3.85984e-20   1.12115e-06   1.10373e-20   3.19858e-07   2.94224e-21   8.60385e-08   7.32829e-22   2.18326e-08   1.70843e-22   5.22862e-09   3.73277e-23   1.18218e-09   7.65105e-24   2.52409e-10   1.47209e-24   5.08987e-11    2.6595e-25   9.69407e-12   4.51148e-26   1.74368e-12   7.18395e-27   2.96147e-13   1.07317e-27   4.74772e-14   1.50255e-28   7.18137e-15   1.96903e-29   1.02427e-15   2.41065e-30   1.37654e-16   2.75034e-31   1.74155e-17    2.9144e-32   2.07198e-18   2.85514e-33   2.31518e-19   2.56927e-34   2.42599e-20    2.1034e-35   2.37983e-21    1.5425e-36   2.18116e-22   9.84929e-38   1.86341e-23   5.13892e-39   1.47997e-24   1.76788e-40   1.08939e-25  -2.03083e-42   7.40531e-27  -1.03375e-42   4.62939e-28  -1.13127e-43   2.64853e-29  -8.84033e-45   1.37872e-30  -5.63271e-46   6.48555e-32  -3.04322e-47   2.73397e-33  -1.41145e-48   1.02228e-34  -5.62156e-50    3.3473e-36  -1.90854e-51    9.4405e-38  -5.44494e-53   2.24349e-39  -1.27623e-54   4.35706e-41  -2.37371e-56   6.60791e-43  -3.31317e-58   7.26353e-45  -3.13916e-60   5.00173e-47  -1.60357e-62    1.3931e-49
