   6.102e-05 -5.01662e-21 -0.000439258 -1.20133e-19   0.00100999  4.32673e-19 -0.000996737 -2.94346e-19   0.00026465 -3.71543e-19  0.000219308  6.54132e-19 -0.000105495 -3.17935e-19 -3.60838e-05   1.9935e-20  1.41096e-05  1.92988e-20  3.33216e-06 -2.85814e-21 -2.37972e-07
-5.01662e-21  0.000661434  1.38046e-19  -0.00253076  -1.4459e-18   0.00398311  3.03911e-18  -0.00258306 -2.25005e-18 -9.54632e-05 -8.03627e-20  0.000804921   9.1568e-19 -9.22341e-05 -2.94053e-19 -0.000138334 -5.75744e-20  9.33106e-06  2.11332e-20   7.9447e-06  7.55289e-22
-0.000439258  1.38046e-19   0.00333597  9.07834e-19  -0.00826997 -5.27117e-18   0.00919282  8.07828e-18  -0.00343399 -4.70994e-18  -0.00173517 -2.10077e-19   0.00142427  1.14507e-18  0.000215291 -1.00114e-19 -0.000235309 -1.24631e-19 -2.28343e-05   4.5542e-21  6.83328e-06
-1.20133e-19  -0.00253076  9.07834e-19    0.0104269  2.77663e-18   -0.0182687 -1.11538e-17     0.014354  1.30139e-17  -0.00162739 -5.09501e-18  -0.00433171 -1.67346e-18   0.00141608  1.41719e-18  0.000755716  1.35541e-19 -0.000222496 -1.40466e-19 -5.54095e-05 -6.01819e-21
  0.00100999  -1.4459e-18  -0.00826997  2.77663e-18    0.0227508   5.4221e-18   -0.0296085 -1.65751e-17    0.0158497  1.49155e-17   0.00315747 -2.34731e-18  -0.00651982 -3.95746e-18  0.000490006  1.51086e-18   0.00122506  3.24337e-19 -8.74223e-05 -1.08496e-19  -5.2283e-05
 4.32673e-19   0.00398311 -5.27117e-18   -0.0182687   5.4221e-18    0.0371727  7.84204e-18   -0.0371867  -1.9939e-17    0.0120432  1.38496e-17   0.00907476  1.68286e-18  -0.00712737 -5.51573e-18 -0.000995725  1.18615e-18   0.00136103  4.24419e-19  7.48735e-05 -4.96892e-20
-0.000996737  3.03911e-18   0.00919282 -1.11538e-17   -0.0296085  7.84204e-18     0.048005  9.70424e-18   -0.0380111 -2.24497e-17   0.00468925  1.21823e-17    0.0138402  4.25796e-18   -0.0060521  -5.3697e-18  -0.00242456  4.68272e-19   0.00112338  4.27329e-19  0.000143764
-2.94346e-19  -0.00258306  8.07828e-18     0.014354 -1.65751e-17   -0.0371867  9.70424e-18    0.0516863  1.17456e-17   -0.0334198 -2.52128e-17   -0.0030753  1.10475e-17    0.0164423  4.67396e-18  -0.00395723 -4.06853e-18  -0.00336353 -2.96368e-19  0.000649316  3.16649e-19
  0.00026465 -2.25005e-18  -0.00343399  1.30139e-17    0.0158497  -1.9939e-17   -0.0380111  1.17456e-17    0.0493363  1.40282e-17    -0.027005 -2.61884e-17  -0.00928866  9.25996e-18    0.0171861  4.74985e-18  -0.00154729   -3.025e-18  -0.00364714 -6.77309e-19  0.000157267
-3.71543e-19 -9.54632e-05 -4.70994e-18  -0.00162739  1.49155e-17    0.0120432 -2.24497e-17   -0.0334198  1.40282e-17    0.0446889  1.48584e-17   -0.0214578 -2.29985e-17   -0.0137306  5.84007e-18    0.0167953  6.32547e-18  0.000769664 -2.84255e-18  -0.00323353 -5.24636e-19
 0.000219308 -8.03627e-20  -0.00173517 -5.09501e-18   0.00315747  1.38496e-17   0.00468925 -2.52128e-17    -0.027005  1.48584e-17     0.040729  1.30589e-17   -0.0175549 -1.80809e-17   -0.0170364  2.19959e-18    0.0157756  8.56841e-18      0.00281 -2.47394e-18  -0.00207658
 6.54132e-19  0.000804921 -2.10077e-19  -0.00433171 -2.34731e-18   0.00907476  1.21823e-17   -0.0030753 -2.61884e-17   -0.0214578  1.30589e-17    0.0385121  1.07804e-17    -0.014968 -1.72886e-17   -0.0198879  7.26166e-19    0.0142763  8.62342e-18    0.0043773 -9.44429e-19
-0.000105495   9.1568e-19   0.00142427 -1.67346e-18  -0.00651982  1.68286e-18    0.0138402  1.10475e-17  -0.00928866 -2.29985e-17   -0.0175549  1.07804e-17    0.0379468  1.17122e-17   -0.0131753 -2.18185e-17    -0.022785  1.22538e-18    0.0121004   5.6435e-18   0.00471068
-3.17935e-19 -9.22341e-05  1.14507e-18   0.00141608 -3.95746e-18  -0.00712737  4.25796e-18    0.0164423  9.25996e-18   -0.0137306 -1.80809e-17    -0.014968  1.17122e-17    0.0387683  1.57243e-17    -0.011781  -2.4642e-17   -0.0261247  3.84586e-19   0.00849363  2.44079e-18
-3.60838e-05 -2.94053e-19  0.000215291  1.41719e-18  0.000490006 -5.51573e-18   -0.0060521  4.67396e-18    0.0171861  5.84007e-18   -0.0170364 -1.72886e-17   -0.0131753  1.57243e-17    0.0409622  1.77197e-17   -0.0104528 -1.93787e-17   -0.0303338 -3.64539e-18   0.00230295
  1.9935e-20 -0.000138334 -1.00114e-19  0.000755716  1.51086e-18 -0.000995725  -5.3697e-18  -0.00395723  4.74985e-18    0.0167953  2.19959e-18   -0.0198879 -2.18185e-17    -0.011781  1.77197e-17    0.0448835  1.45038e-17  -0.00871657 -1.17557e-17   -0.0350334 -7.77778e-18
 1.41096e-05 -5.75744e-20 -0.000235309  1.35541e-19   0.00122506  1.18615e-18  -0.00242456 -4.06853e-18  -0.00154729  6.32547e-18    0.0157756  7.26166e-19    -0.022785  -2.4642e-17   -0.0104528  1.45038e-17     0.051445  1.16798e-17  -0.00470272 -1.04646e-17   -0.0321751
 1.92988e-20  9.33106e-06 -1.24631e-19 -0.000222496  3.24337e-19   0.00136103  4.68272e-19  -0.00336353   -3.025e-18  0.000769664  8.56841e-18    0.0142763  1.22538e-18   -0.0261247 -1.93787e-17  -0.00871657  1.16798e-17    0.0634371  2.01993e-17    0.0109258 -4.39129e-18
 3.33216e-06  2.11332e-20 -2.28343e-05 -1.40466e-19 -8.74223e-05  4.24419e-19   0.00112338 -2.96368e-19  -0.00364714 -2.84255e-18      0.00281  8.62342e-18    0.0121004  3.84586e-19   -0.0303338 -1.17557e-17  -0.00470272  2.01993e-17    0.0913686  4.73344e-17    0.0472107
-2.85814e-21   7.9447e-06   4.5542e-21 -5.54095e-05 -1.08496e-19  7.48735e-05  4.27329e-19  0.000649316 -6.77309e-19  -0.00323353 -2.47394e-18    0.0043773   5.6435e-18   0.00849363 -3.64539e-18   -0.0350334 -1.04646e-17    0.0109258  4.73344e-17     0.143373  7.31194e-17
-2.37972e-07  7.55289e-22  6.83328e-06 -6.01819e-21  -5.2283e-05 -4.96892e-20  0.000143764  3.16649e-19  0.000157267 -5.24636e-19  -0.00207658 -9.44429e-19   0.00471068  2.44079e-18   0.00230295 -7.77778e-18   -0.0321751 -4.39129e-18    0.0472107  7.31194e-17     0.140449
