 5.07716e-12   6.4111e-27 -1.06507e-10 -1.72527e-25  8.25106e-10  2.32555e-24  -3.6021e-09 -2.15873e-23  1.00406e-08  1.31996e-22 -1.86503e-08 -5.56087e-22  2.28638e-08  1.71329e-21 -1.69158e-08 -4.05787e-21  4.82769e-09  7.71074e-21  2.76034e-09 -1.22738e-20 -2.20592e-09  1.71884e-20 -4.50193e-10 -2.22213e-20  6.20604e-10  2.71435e-20  1.58153e-10 -3.06932e-20 -1.37119e-10  3.04787e-20 -6.78219e-11 -2.49111e-20  1.47717e-11  1.54532e-20  2.01815e-11  -6.1988e-21  3.86672e-12  6.41238e-22  -2.7589e-12  8.85617e-22  -1.9228e-12 -4.40751e-22 -3.12401e-13 -6.93364e-23   2.0865e-13  1.32692e-22  1.52732e-13 -3.09737e-23  3.95655e-14 -1.39894e-23 -4.27778e-15  7.30901e-24 -7.93321e-15   9.6758e-25 -3.38137e-15 -1.24213e-24 -6.66625e-16  1.47271e-25  7.73259e-17  9.67932e-26  1.13879e-16 -4.50244e-26  4.76661e-17  1.57949e-27  1.18599e-17  6.10928e-27  1.29739e-18  4.14713e-29 -3.92047e-19 -1.22069e-27 -2.77686e-19 -1.59108e-28 -9.45569e-20  1.67888e-28 -2.24043e-20  7.34512e-29 -3.67032e-21 -1.33352e-29 -2.59995e-22 -1.47517e-29   7.8532e-23 -1.28144e-30  4.01461e-23  1.23894e-30  1.09778e-23  4.40032e-31  2.25446e-24   7.9316e-33  3.71837e-25 -5.00901e-32   4.9292e-26 -2.36267e-32    4.919e-27 -2.01201e-33  2.63058e-28     1.82e-33 -2.46743e-29  9.28415e-34 -9.77706e-30  2.53318e-34 -1.74539e-30  4.27973e-35 -2.30602e-31  3.39579e-36 -2.47437e-32 -4.98665e-37 -2.22093e-33 -2.60313e-37 -1.68061e-34 -5.73871e-38 -1.06889e-35 -8.43835e-39 -5.65871e-37 -9.02279e-40  -2.4418e-38 -7.06881e-41 -8.15708e-40 -3.86987e-42 -2.01293e-41 -1.28461e-43 -3.77136e-43 -1.17839e-45 -5.21935e-45  7.12644e-47  1.48838e-47  1.56761e-48
  6.4111e-27  1.56147e-10  3.89086e-26 -1.84969e-09 -4.30122e-25  1.08039e-08  1.03279e-23 -3.85401e-08 -1.26952e-22   9.0684e-08  8.11017e-22 -1.43429e-07   -3.287e-21  1.47331e-07  9.42779e-21 -8.41952e-08 -2.03953e-20  6.33692e-09  3.47681e-20   2.2598e-08 -4.86644e-20 -7.30994e-09  5.90758e-20 -5.60481e-09 -6.70458e-20  2.02034e-09  7.56787e-20   1.6709e-09 -8.39632e-20  -2.4618e-10  8.44648e-20 -4.70186e-10 -7.00677e-20  -7.3286e-11  4.33141e-20  8.37991e-11 -1.64313e-20  4.66253e-11  5.78676e-22  8.94301e-13  3.17591e-21 -8.96795e-12 -1.37479e-21 -4.16646e-12 -2.29957e-22 -3.02748e-13  3.79103e-22  5.73014e-13 -7.58392e-23  3.29132e-13 -3.85193e-23  7.49828e-14  1.53864e-23 -1.01985e-14  3.82528e-24 -1.53457e-14 -2.78081e-24 -6.40718e-15  2.74174e-25 -1.37065e-15  1.56607e-25  3.43181e-17 -1.24195e-25  1.58737e-16  2.31836e-26  7.31318e-17  1.90484e-26   2.0435e-17 -1.89577e-27  3.44556e-18 -3.98545e-27  1.27163e-20  -3.8802e-28 -2.31668e-19  6.10152e-28 -9.87484e-20  2.48816e-28 -2.70669e-20 -5.67039e-29 -5.52042e-21 -5.28052e-29 -8.16266e-22 -3.52894e-30 -6.25368e-23  4.51523e-30  9.16067e-24  1.26751e-30  5.08536e-24 -1.09834e-31  1.30276e-24 -2.07858e-31  2.47907e-25 -7.71248e-32  3.83384e-26 -2.54332e-33  4.93739e-27  7.66095e-33  5.26828e-28   3.5116e-33  4.47933e-29  9.10774e-34  2.65005e-30  1.50418e-34   3.3211e-32   1.2864e-35 -1.69463e-32 -1.09136e-36 -2.82484e-33 -6.72788e-37 -2.91618e-34 -1.44499e-37 -2.28176e-35 -2.02048e-38  -1.4211e-36 -2.02531e-39 -7.05359e-38 -1.47173e-40 -2.72172e-39 -7.46892e-42 -7.99478e-41 -2.36559e-43 -1.73715e-42 -3.11773e-45 -2.40172e-44  2.74345e-47 -1.02497e-46
-1.06507e-10  3.89086e-26  2.35291e-09 -4.35178e-25 -1.92692e-08  1.08453e-23  8.93663e-08 -2.01577e-23 -2.66433e-07 -3.89486e-22  5.34771e-07  3.18906e-21 -7.21299e-07 -1.30007e-20    6.124e-07  3.53938e-20 -2.47159e-07 -7.08893e-20 -5.62961e-08  1.09532e-19  9.38676e-08 -1.35044e-19 -1.97078e-09  1.39296e-19 -2.65722e-08  -1.3235e-19 -1.96527e-10  1.32954e-19  7.06631e-09 -1.46322e-19  1.35255e-09  1.54579e-19 -1.42126e-09 -1.34424e-19 -7.42768e-10  8.47663e-20   7.3161e-11 -3.09994e-20  1.90135e-10 -7.93705e-22   6.1955e-11  7.32759e-21 -1.11871e-11 -2.84805e-21 -1.68339e-11 -5.40313e-22 -5.88976e-12  7.42727e-22  3.29064e-14  -1.2055e-22  9.67758e-13 -7.23413e-23  4.78242e-13  1.87895e-23  1.01956e-13  9.20075e-24 -1.28848e-14 -3.73683e-24 -1.93242e-14  3.94343e-25 -8.15479e-15  1.39684e-26 -1.92429e-15 -2.63028e-25 -1.11452e-16   9.1027e-26  1.27407e-16  4.40803e-26  6.95179e-17 -8.96205e-27  2.17057e-17 -9.33589e-27  4.59495e-18 -4.43819e-28  5.36243e-19  1.62396e-27 -5.55477e-20  5.78583e-28 -5.20294e-20 -1.72484e-28 -1.73842e-20 -1.31688e-28 -4.11322e-21 -5.75428e-30 -7.57435e-22  1.07488e-29 -1.07693e-22  2.03969e-30 -1.03008e-23  -7.3345e-31 -8.28992e-26 -5.98163e-31  2.31077e-25 -1.71567e-31  6.35607e-26  6.77787e-33  1.15567e-26  2.24299e-32  1.66336e-27  9.24395e-33  1.99325e-28  2.27194e-33  2.02105e-29  3.65436e-34  1.73442e-30  3.29865e-35  1.24433e-31 -1.28568e-36  7.24487e-33 -1.14864e-36  3.19463e-34 -2.42258e-37  8.49055e-36 -3.21533e-38 -8.48694e-38  -3.0045e-39 -2.35237e-38 -2.00573e-40 -1.36615e-39  -9.2577e-42 -4.76686e-41 -2.66022e-43  -1.0846e-42 -3.49432e-45 -1.25247e-44 -2.25963e-48
-1.72527e-25 -1.84969e-09 -4.35178e-25  2.31577e-08 -9.40977e-24  -1.4357e-07   1.4711e-22  5.46689e-07 -5.34086e-22 -1.38419e-06 -2.75344e-22  2.38609e-06  9.03481e-21 -2.73763e-06  -3.9551e-20  1.87227e-06  1.04312e-19 -4.15984e-07 -1.96163e-19 -3.85763e-07  2.78507e-19  2.39987e-07  -3.0581e-19  7.61891e-08  2.65461e-19  -7.1683e-08  -1.9698e-19 -2.50365e-08  1.59811e-19  1.57671e-08 -1.77019e-19   9.6648e-09  2.11392e-19 -1.38626e-09 -2.03033e-19 -2.73267e-09   1.3444e-19 -6.44142e-10 -4.84122e-20  3.48058e-10 -3.66373e-21  2.79115e-10  1.30347e-20  5.37016e-11  -4.6057e-21 -2.80229e-11 -1.01641e-21  -2.2959e-11  1.15443e-21 -6.45388e-12 -1.37564e-22  4.68409e-13 -1.06397e-22  1.20861e-12  9.04051e-24  5.45007e-13  1.65487e-23  1.15558e-13 -2.55311e-24  -9.2917e-15  6.17236e-25 -1.80075e-14 -5.59047e-25 -7.91034e-15 -4.82765e-25 -2.06061e-15   2.3119e-25 -2.57304e-16  8.25699e-26  5.42953e-17 -2.56705e-26  4.47289e-17  -1.7584e-26  1.59214e-17  4.58887e-28  3.91746e-18  3.60407e-27  6.81196e-19  1.06945e-27  6.19993e-20 -4.17612e-28  -9.1133e-21 -2.63465e-28 -6.00832e-21 -6.78799e-30 -1.74016e-21  1.81437e-29 -3.69312e-22  7.90949e-31 -6.27941e-23 -2.67686e-30  -8.6804e-24 -1.38219e-30 -9.42293e-25 -2.97543e-31  -6.8623e-26  4.26744e-32 -1.24581e-28  5.22225e-32  9.97714e-28  1.94653e-32  2.07822e-28  4.52779e-33  2.87817e-29  7.07312e-34   3.1359e-30  6.63551e-35   2.8161e-31 -3.14445e-37  2.11378e-32   -1.475e-36  1.32605e-33 -3.10373e-37  6.87828e-35 -3.90796e-38  2.88947e-36 -3.38338e-39  9.54642e-38 -2.05155e-40  2.39474e-39 -8.42411e-42  4.10353e-41 -2.08562e-43  3.64826e-43  -2.2395e-45  1.03775e-45
 8.25106e-10 -4.30122e-25 -1.92692e-08 -9.40977e-24  1.67451e-07 -8.70945e-23 -8.28064e-07  1.06012e-21  2.64966e-06 -3.81925e-21 -5.76355e-06  3.88188e-21   8.5635e-06  1.84471e-20 -8.29404e-06 -9.75574e-20  4.34939e-06  2.54791e-19  6.64708e-09 -4.55836e-19 -1.36225e-06  6.03311e-19  3.37737e-07 -6.01074e-19  3.63269e-07  4.44298e-19 -1.00637e-07  -2.3739e-19 -1.08978e-07   1.1362e-19  9.84583e-09 -1.29386e-19  3.03266e-08  2.18693e-19  5.96051e-09 -2.55807e-19 -5.29401e-09  1.84251e-19 -3.28524e-09 -6.65789e-20  -1.5044e-10 -7.59158e-21  6.19224e-10  1.93512e-20    3.074e-10 -6.24484e-21  2.72344e-11  -1.6115e-21 -4.15978e-11  1.51702e-21  -2.5098e-11 -1.02015e-22 -5.97942e-12 -1.30674e-22   7.1778e-13 -2.05803e-23  1.20152e-12   2.4246e-23  5.16405e-13  2.19402e-24  1.14243e-13  1.16484e-24 -1.47475e-15  -1.7133e-24 -1.27691e-14 -7.79916e-25 -6.05782e-15  4.52657e-25 -1.73436e-15  1.24478e-25 -3.05069e-16 -5.72402e-26 -6.59092e-18 -2.74497e-26  1.81993e-17  3.86124e-27  8.12946e-18  7.04442e-27  2.28389e-18  1.70124e-27  4.78036e-19 -8.35049e-28  7.39905e-20 -4.49253e-28  6.73963e-21 -1.09542e-29 -4.32742e-22  1.86524e-29 -3.61352e-22 -6.88496e-30  -9.8196e-23 -7.25771e-30 -1.91601e-23 -2.72803e-30 -3.01292e-24  -4.2188e-31 -3.94729e-25  1.26212e-31   -4.323e-26  1.01924e-31 -3.87492e-27  3.46339e-32 -2.65403e-28  7.62365e-33 -1.05274e-29   1.1539e-33  3.80726e-31  1.11031e-34  1.23075e-31  2.27097e-36  1.40725e-32 -1.47516e-36  1.11939e-33 -3.19604e-37  6.81229e-35 -3.82373e-38  3.21703e-36 -3.04701e-39  1.16442e-37 -1.65539e-40  3.10432e-39 -5.88451e-42   5.5147e-41 -1.17694e-43  4.92414e-43 -8.01474e-46
 2.32555e-24  1.08039e-08  1.08453e-23  -1.4357e-07 -8.70945e-23  9.48735e-07 -5.41684e-22 -3.87185e-06  5.42099e-21  1.05879e-05 -1.80625e-20 -1.99474e-05  2.52872e-20  2.55566e-05  2.30454e-20 -2.05844e-05 -1.99903e-19  7.43682e-06  5.30285e-19  2.62961e-06  -9.1289e-19 -3.28127e-06  1.14007e-18 -1.26373e-07 -1.05266e-18  9.87888e-07  6.87785e-19  5.43889e-08 -2.54437e-19 -2.69704e-07  -1.7462e-20 -6.24953e-08   2.0127e-20  5.48204e-08  1.52663e-19  3.15661e-08  -2.7723e-19 -2.41489e-09   2.2649e-19 -8.10362e-09 -8.30855e-20 -2.77712e-09 -1.18252e-20  4.74154e-10  2.50699e-20  7.63775e-10 -7.43473e-21  2.73475e-10  -2.2235e-21 -1.63661e-12  1.76132e-21  -4.6462e-11 -5.43308e-25 -2.32185e-11  -1.4182e-22 -4.97035e-12 -7.21583e-23   6.7015e-13  3.01068e-23  9.82883e-13  1.10415e-23  4.16858e-13  2.28013e-24  9.89539e-14 -3.37664e-24  5.71828e-15 -1.08943e-24 -6.67266e-15  7.31812e-25 -3.66148e-15  1.40993e-25 -1.15254e-15 -1.08482e-25  -2.4722e-16  -3.5428e-26 -3.00361e-17  1.20702e-26  2.46622e-18   1.2587e-26  2.64999e-18  2.53399e-27  9.03368e-19 -1.39916e-27  2.16398e-19 -6.79725e-28  4.04289e-20 -3.81847e-29  5.90296e-21 -5.76266e-30  6.09712e-22 -2.82743e-29  2.03084e-23 -1.61597e-29  -8.9245e-24 -4.76651e-30 -2.77066e-24 -4.98836e-31 -5.18699e-25   2.7227e-31 -7.53163e-26  1.71545e-31 -9.03671e-27  5.35769e-32 -9.15009e-28  1.11657e-32 -7.84895e-29  1.63362e-33 -5.66234e-30  1.59267e-34 -3.37051e-31  6.12068e-36 -1.59219e-32 -1.12953e-36 -5.45365e-34 -2.69891e-37 -9.80457e-36 -3.08516e-38  1.92286e-37 -2.24692e-39  2.15882e-38 -1.07533e-40  7.89702e-40 -3.19118e-42  1.45188e-41 -4.66916e-44  9.06341e-44
 -3.6021e-09  1.03279e-23  8.93663e-08   1.4711e-22 -8.28064e-07 -5.41684e-22  4.38675e-06 -2.55226e-21 -1.51323e-05  2.15889e-20  3.58092e-05  -6.5405e-20 -5.87465e-05  9.73928e-20  6.46987e-05 -5.40332e-21 -4.21683e-05 -3.43519e-19  7.57612e-06  9.56581e-19  1.01205e-05 -1.59916e-18 -5.53357e-06  1.89823e-18 -2.19337e-06 -1.65376e-18  1.77442e-06  1.00886e-18  7.15242e-07 -2.90342e-19 -4.06081e-07 -1.92507e-19 -2.72918e-07  2.53625e-19   3.5376e-08  1.51199e-20  7.88227e-08 -2.63456e-19  1.91849e-08    2.559e-19 -1.05388e-08 -9.53553e-20 -8.57276e-09 -1.55505e-20 -1.62163e-09  2.91381e-20   9.3014e-10 -8.12073e-21  7.48936e-10 -2.74034e-21  2.06459e-10  1.89225e-21  -2.0109e-11  1.70326e-22 -4.23719e-11 -1.45963e-22 -1.87798e-11 -1.42748e-22 -3.85252e-12  3.16534e-23  4.20079e-13  2.30425e-23   6.6828e-13  4.10602e-24  2.88293e-13 -5.15571e-24  7.41932e-14 -1.26578e-24  8.88365e-15  1.00371e-24 -2.17341e-15  8.48592e-26 -1.69312e-15 -1.81881e-25 -5.97353e-16 -3.59903e-26 -1.46694e-16  2.79948e-26  -2.5594e-17  2.12387e-26 -2.39161e-18  3.91719e-27  3.10736e-19 -1.95723e-27  2.15353e-19 -9.47777e-28  6.27669e-20 -1.34672e-28  1.33519e-20 -8.43886e-29  2.27759e-21 -7.27333e-29  3.17542e-22 -3.10284e-29  3.53205e-23   -7.554e-30  2.80694e-24 -4.97715e-31  7.34122e-26  4.76252e-31 -2.38923e-26  2.53396e-31  -5.6848e-27  7.32935e-32 -8.05269e-28  1.44711e-32 -8.73512e-29  2.04132e-33 -7.71055e-30  1.99293e-34 -5.63859e-31  1.00957e-35 -3.41734e-32 -5.86924e-37 -1.69746e-33 -1.87118e-37 -6.77036e-35 -2.07177e-38 -2.09557e-36 -1.36903e-39 -4.73289e-38 -5.64609e-41 -6.95175e-40 -1.32617e-42 -5.33886e-42  -1.1528e-44
-2.15873e-23 -3.85401e-08 -2.01577e-23  5.46689e-07  1.06012e-21 -3.87185e-06 -2.55226e-21  1.70245e-05 -9.63474e-21 -5.05243e-05  7.00762e-20  0.000104441 -1.92225e-19 -0.000149627  2.83751e-19  0.000140568 -1.25037e-19 -7.04017e-05 -4.93481e-19 -3.69921e-06  1.51577e-18  2.47782e-05 -2.47654e-18 -5.39077e-06   2.7933e-18 -7.00044e-06 -2.32011e-18  1.79122e-06  1.40165e-18  2.16688e-06 -4.17913e-19 -1.82836e-07 -3.29015e-19 -6.26426e-07  5.18697e-19  -1.2325e-07 -1.66803e-19  1.16661e-07 -2.23367e-19  7.17934e-08  2.69916e-19  2.01953e-09 -1.01021e-19 -1.47187e-08 -1.77745e-20 -7.07486e-09  3.09401e-20 -4.62307e-10 -8.61535e-21  1.08303e-09 -3.11037e-21  6.21881e-10  1.99334e-21  1.38141e-10   4.1427e-22 -2.49241e-11 -1.51957e-22 -3.27689e-11 -2.25572e-22 -1.35219e-11  2.58035e-23 -2.82024e-12  3.54616e-23  1.41761e-13  6.58106e-24  3.74087e-13 -6.36381e-24  1.69566e-13 -1.11974e-24  4.73326e-14  1.16125e-24  7.99669e-15 -9.85762e-26  2.62946e-17 -2.75218e-25 -5.43936e-16 -2.23641e-26 -2.33051e-16  5.52168e-26 -6.44321e-17  3.48277e-26 -1.33571e-17  6.73336e-27 -2.05533e-18 -2.20484e-27 -1.87971e-19 -1.27036e-27  1.09156e-20 -3.76002e-28  9.55109e-21 -2.53593e-28  2.58765e-21 -1.49207e-28  5.01496e-22 -5.28564e-29   7.8277e-23 -1.10515e-29  1.01899e-23 -4.32334e-31   1.1129e-24  7.06369e-31  1.00455e-25  3.32368e-31  7.13709e-27  8.96336e-32  3.39494e-28  1.67752e-32   1.0356e-30  2.27486e-33 -1.84068e-30  2.19908e-34 -2.31545e-31  1.28316e-35 -1.83203e-32  -6.4544e-38 -1.06969e-33 -1.04318e-37 -4.73394e-35 -1.15574e-38 -1.55814e-36 -6.88252e-40 -3.57327e-38 -2.37333e-41 -4.95894e-40 -4.03079e-43 -2.75171e-42
 1.00406e-08 -1.26952e-22 -2.66433e-07 -5.34086e-22  2.64966e-06  5.42099e-21 -1.51323e-05 -9.63474e-21  5.66071e-05 -3.00835e-20 -0.000146501  1.90248e-19   0.00026639 -4.72573e-19 -0.000333395  6.74566e-19   0.00026337 -4.22015e-19 -9.06029e-05  -5.7914e-19 -3.93637e-05  2.14114e-18  4.50093e-05 -3.42593e-18  2.58985e-06  3.62551e-18 -1.44095e-05 -2.86893e-18  -8.4639e-07  1.82075e-18   4.1536e-06 -7.06039e-19  9.40186e-07 -3.44583e-19 -9.11139e-07  7.56132e-19 -5.08503e-07 -3.51898e-19  5.71833e-08 -1.74069e-19  1.43038e-07   2.6736e-19  4.55713e-08 -9.86005e-20 -1.10509e-08 -1.70027e-20 -1.44749e-08  3.04524e-20 -4.79621e-09 -9.52376e-21  2.90263e-10  -3.4133e-21  9.77853e-10  2.17766e-21  4.54297e-10  7.44607e-22  8.57833e-11 -1.56948e-22  -2.0261e-11 -3.10598e-22 -2.18606e-11  8.61154e-24 -8.72005e-12  4.39741e-23 -1.92639e-12  9.37234e-24 -4.23415e-14 -6.23884e-24  1.66182e-13 -5.37791e-25  8.32113e-14  1.05462e-24  2.51938e-14  -4.5614e-25      5.2e-15 -3.80358e-25  5.72345e-16  1.31076e-26  -7.6218e-17  9.88121e-26 -6.22412e-17  5.66206e-26  -2.0322e-17  1.25403e-26 -4.76029e-18 -1.72654e-27 -8.75007e-19 -1.70569e-27 -1.26066e-19  -8.5424e-28 -1.28974e-20 -5.45895e-28 -4.43346e-22 -2.62431e-28   1.7713e-22 -8.13362e-29  5.47219e-23 -1.51122e-29  1.00952e-23 -3.69822e-31  1.44019e-24  9.08946e-31  1.69451e-25  3.90197e-31  1.68009e-26  9.86922e-32  1.41003e-27  1.75132e-32  9.95648e-29  2.27559e-33  5.82099e-30  2.15462e-34  2.73323e-31  1.34685e-35  9.71484e-33   2.7764e-37  2.25324e-34  -4.3625e-38  1.30955e-36 -5.27907e-39 -1.24219e-37 -2.82161e-40  -4.7476e-39 -7.77609e-42 -6.60678e-41 -7.81806e-44
 1.31996e-22   9.0684e-08 -3.89486e-22 -1.38419e-06 -3.81925e-21  1.05879e-05  2.15889e-20 -5.05243e-05 -3.00835e-20  0.000163821 -7.91842e-20 -0.000373686  4.38254e-19  0.000600678 -9.88058e-19 -0.000655074  1.35763e-18  0.000424224  -9.9196e-19 -7.08844e-05 -5.13912e-19 -0.000111289  2.75703e-18  6.08314e-05 -4.29121e-18  2.49295e-05  4.11283e-18 -2.10617e-05 -3.04525e-18 -8.27939e-06  2.18486e-18  5.27609e-06 -1.18438e-18  3.35192e-06  -2.0464e-19 -6.03005e-07  9.29223e-19 -1.06247e-06 -4.98273e-19  -2.2026e-07 -1.33694e-19  1.68841e-07  2.46601e-19  1.21294e-07 -8.82772e-20  1.77793e-08 -1.11545e-20 -1.65368e-08  2.83357e-20 -1.15189e-08  -1.1506e-20 -2.75125e-09 -3.89887e-21  5.75048e-10  2.50106e-21  7.41584e-10  1.18247e-21  2.99487e-10 -1.32947e-22   5.1732e-11 -3.83155e-22 -1.23417e-11 -2.36121e-23 -1.26177e-11  4.37472e-23 -5.01534e-12  1.19002e-23 -1.19595e-12 -4.34078e-24 -1.07567e-13  3.22029e-25  5.26789e-14  4.74507e-25  3.28652e-14 -1.02291e-24  1.09145e-14 -4.85834e-25  2.57035e-15  7.98139e-26  4.25428e-16  1.66899e-25  3.34538e-17  9.17631e-26  -7.4233e-18  2.34597e-26 -4.10746e-18 -1.02405e-28 -1.13702e-18 -2.34687e-27  -2.3479e-19 -1.64614e-27 -3.91408e-20 -9.74439e-28 -5.34835e-21 -4.09085e-28  -5.8435e-22 -1.14426e-28 -4.58809e-23 -1.94648e-29 -1.27976e-24 -4.05029e-31  3.47478e-25  1.02713e-30  8.23658e-26  4.12168e-31  1.13809e-26  9.82912e-32  1.19553e-27  1.65377e-32  1.01594e-28  2.05137e-33  7.10629e-30  1.88269e-34  4.08717e-31  1.20394e-35  1.90809e-32  3.99837e-37  7.05011e-34 -1.02003e-38  1.97331e-35 -1.90436e-39  3.88697e-37 -9.19302e-41  4.66894e-39 -1.87333e-42  2.22037e-41
-1.86503e-08  8.11017e-22  5.34771e-07 -2.75344e-22 -5.76355e-06 -1.80625e-20  3.58092e-05  7.00762e-20 -0.000146501 -7.91842e-20  0.000417822 -1.77381e-19 -0.000847223  8.60677e-19    0.0012077 -1.76948e-18  -0.00114062  2.36867e-18  0.000577937 -1.91917e-18  3.46405e-05 -2.35098e-19 -0.000218865  3.36197e-18  5.18681e-05 -4.96867e-18  6.44548e-05  3.97369e-18 -1.93293e-05 -2.60133e-18  -2.1012e-05   2.4164e-18  2.88613e-06 -1.82872e-18  6.62502e-06  5.12031e-20  9.80259e-07  1.03607e-18 -1.43223e-06 -5.71807e-19 -7.67399e-07 -1.14513e-19  3.59533e-08  2.04478e-19  1.90604e-07 -7.24687e-20  7.95499e-08  1.96182e-21 -9.07869e-10  2.59623e-20 -1.58242e-08 -1.49444e-20  -7.8783e-09 -4.96212e-21 -1.37114e-09  2.87625e-21  5.43173e-10  1.73811e-21  4.89472e-10 -2.55288e-23  1.80937e-10 -4.21599e-22    3.109e-11 -7.08575e-23 -5.56666e-12  3.17427e-23 -6.23944e-12  1.36008e-23  -2.5391e-12 -9.84416e-25 -6.55345e-13  8.13527e-25 -9.50584e-14 -8.95614e-25   6.8661e-15 -1.84444e-24  9.68454e-15 -5.85328e-25   3.7044e-15  1.90265e-25  9.69644e-16  2.71813e-25  1.92091e-16  1.46976e-25  2.78707e-17  4.17157e-26  2.16443e-18  2.95527e-27 -2.65758e-19 -3.28143e-27 -1.52811e-19 -2.77045e-27 -3.85154e-20 -1.51879e-27 -7.16773e-21 -5.75714e-28 -1.08394e-21 -1.48366e-28 -1.37151e-22 -2.36964e-29 -1.45785e-23 -6.09491e-31 -1.28225e-24  1.02448e-30 -8.91072e-26  3.92949e-31 -4.22973e-27  8.87946e-32 -3.53877e-29  1.41611e-32  1.78118e-29  1.67013e-33  2.21807e-30  1.47084e-34  1.66798e-31  9.31122e-36  9.06882e-33  3.60578e-37  3.65124e-34  2.60733e-39  1.05518e-35 -4.94372e-40   2.0066e-37  -2.2623e-41  2.01991e-39 -2.85684e-43
-5.56087e-22 -1.43429e-07  3.18906e-21  2.38609e-06  3.88188e-21 -1.99474e-05  -6.5405e-20  0.000104441  1.90248e-19 -0.000373686 -1.77381e-19  0.000948793 -3.37898e-19  -0.00172206  1.42947e-18   0.00217982 -2.70633e-18  -0.00176292  3.65629e-18  0.000634525 -3.28494e-18  0.000268971  2.56461e-19 -0.000336282  4.11527e-18 -7.92323e-06 -5.48611e-18  0.000113832  3.01651e-18  8.94593e-07 -1.40018e-18 -3.55264e-05  2.49979e-18 -5.88261e-06 -2.57004e-18  8.93549e-06  3.17005e-19  4.17314e-06  1.09959e-18   -9.689e-07 -5.48836e-19 -1.41982e-06 -1.18485e-19 -3.54047e-07  1.36935e-19  1.67093e-07 -5.58737e-20  1.54808e-07  2.37003e-20  4.14518e-08  2.52981e-20 -8.91438e-09 -1.96432e-20 -1.20874e-08 -7.04357e-21 -4.80779e-09  3.03188e-21 -6.19881e-10  2.37851e-21  3.81696e-10  2.28325e-22  2.85752e-10 -3.96982e-22  1.00706e-10 -1.24198e-22   1.8422e-11  1.00961e-23 -1.52209e-12  1.46115e-23 -2.57516e-12  2.55286e-24 -1.10746e-12 -3.32407e-25 -3.08241e-13 -3.55022e-24 -5.74174e-14 -3.02478e-24 -4.35195e-15 -6.91334e-25  1.66453e-15  3.59617e-25  9.12222e-16  4.28972e-25  2.71336e-16  2.28965e-25  6.01748e-17  6.88552e-26  1.05538e-17  7.48646e-27  1.43979e-18 -4.52817e-27  1.33406e-19 -4.15277e-27  1.54959e-21 -2.11957e-27 -2.57915e-21   -7.399e-28 -6.85318e-22 -1.78266e-28 -1.18719e-22 -2.72679e-29 -1.61819e-23  -9.8433e-31 -1.82815e-24  9.00859e-31 -1.74181e-25  3.38511e-31 -1.40302e-26  7.28587e-32 -9.48553e-28  1.10086e-32 -5.29364e-29  1.22908e-33 -2.36693e-30  1.02844e-34 -8.02216e-32  6.28214e-36 -1.81691e-33  2.51653e-37  -1.6012e-35  4.60509e-39  4.67283e-37 -6.25299e-41  1.68755e-38 -3.76811e-42  1.47992e-40
 2.28638e-08   -3.287e-21 -7.21299e-07  9.03481e-21   8.5635e-06  2.52872e-20 -5.87465e-05 -1.92225e-19   0.00026639  4.38254e-19 -0.000847223 -3.37898e-19   0.00193478 -5.37485e-19    -0.003161  1.93999e-18   0.00355108 -3.46494e-18  -0.00241194  5.11378e-18  0.000472538 -5.22435e-18  0.000643752  8.76468e-19 -0.000407443  5.36644e-18 -0.000137317 -6.00316e-18  0.000151542  1.18516e-18   4.6783e-05  5.05598e-19 -4.31645e-05  2.52003e-18 -2.19195e-05 -3.31419e-18  7.21149e-06  4.56736e-19  8.28596e-06  1.14441e-18  9.80773e-07 -4.16738e-19 -1.71757e-06 -1.36415e-19 -9.68192e-07  4.13036e-20 -4.80838e-08 -4.48038e-20  1.86152e-07  5.36319e-20  1.02369e-07   2.8587e-20  1.67047e-08 -2.46876e-20 -9.67787e-09 -1.04754e-20 -7.91988e-09  2.54337e-21 -2.69216e-09  2.99196e-21   -2.769e-10  6.64954e-22  2.17089e-10 -2.77786e-22  1.48081e-10 -1.61148e-22  5.13682e-11 -1.03759e-23  1.03499e-11  1.69147e-23  1.54108e-13  4.29579e-24 -8.37305e-13 -4.94302e-24 -4.02935e-13 -8.21039e-24 -1.20964e-13 -4.77589e-24 -2.61672e-14 -8.48884e-25 -3.79287e-15  6.00652e-25 -1.34301e-16  6.51851e-25  1.27172e-16  3.41475e-25  5.16108e-17  1.04841e-25  1.29978e-17  1.32265e-26  2.53198e-18  -5.9848e-27  4.02137e-19 -5.61897e-27  5.23177e-20 -2.68703e-27  5.37687e-21 -8.74992e-28  3.77767e-22 -1.99188e-28  3.48575e-24 -2.95969e-29 -4.11845e-24 -1.44773e-30 -8.17685e-25  6.91877e-31 -1.04311e-25  2.63272e-31 -1.02902e-26  5.43006e-32 -8.23255e-28  7.76898e-33 -5.40374e-29  8.17313e-34 -2.89537e-30  6.43392e-35 -1.24419e-31  3.71048e-36 -4.15172e-33  1.43892e-37 -1.01883e-34  3.05553e-39 -1.66476e-36  1.51288e-41 -1.43834e-38 -3.08056e-43
 1.71329e-21  1.47331e-07 -1.30007e-20 -2.73763e-06  1.84471e-20  2.55566e-05  9.73928e-20 -0.000149627 -4.72573e-19  0.000600678  8.60677e-19  -0.00172206 -5.37485e-19    0.0035693 -6.70052e-19  -0.00527341  1.90399e-18   0.00524241  -3.4814e-18    -0.002891  6.70369e-18 -2.07921e-05 -8.00246e-18   0.00111155  1.45673e-18 -0.000356963   7.5858e-18 -0.000330967 -6.70713e-18     0.000145 -1.45726e-18  0.000115356  2.85689e-18  -3.2094e-05  2.65043e-18 -4.17884e-05 -3.95798e-18 -1.56507e-06  3.52116e-19  1.12385e-05  1.17654e-18  4.52628e-06 -1.75813e-19 -1.02724e-06  -1.5112e-19 -1.54447e-06 -8.10172e-20  -4.8564e-07 -4.58647e-20  9.59081e-08  8.91688e-20  1.47228e-07  3.79007e-20  5.81964e-08 -2.85257e-20  4.48117e-09 -1.53184e-20 -7.30092e-09  9.31126e-22 -4.60552e-09  3.36293e-21 -1.41207e-09  1.25206e-21 -1.36832e-10 -4.08376e-23  1.01361e-10 -1.44893e-22  6.76339e-11 -8.20597e-24  2.36635e-11  2.56074e-23  5.27233e-12  2.35648e-24  4.92236e-13 -1.50654e-23 -1.82012e-13 -1.57785e-23 -1.15863e-13 -7.42681e-24 -3.82424e-14 -1.14074e-24  -9.1661e-15  9.13765e-25 -1.66563e-15  9.43519e-25 -2.10345e-16  4.81789e-25 -8.26245e-18  1.47348e-25  4.61105e-18  1.96164e-26  1.71096e-18 -7.42395e-27    3.838e-19 -6.92855e-27  6.67013e-20  -3.1229e-27  9.55762e-21 -9.57114e-28  1.15061e-21 -2.07437e-28  1.16197e-22  -3.0209e-29   9.6404e-24 -1.86696e-30  6.19957e-25  4.52884e-31  2.53346e-26  1.84235e-31 -1.90939e-28   3.6709e-32 -1.46398e-28  4.97168e-33 -1.53332e-29  4.90415e-34 -1.03123e-30  3.59519e-35 -5.02048e-32  1.91836e-36 -1.77726e-33  6.86829e-38 -4.34786e-35  1.39495e-39 -6.43846e-37  1.08674e-41 -3.75454e-39
-1.69158e-08  9.42779e-21    6.124e-07  -3.9551e-20 -8.29404e-06  2.30454e-20  6.46987e-05  2.83751e-19 -0.000333395 -9.88058e-19    0.0012077  1.42947e-18    -0.003161 -6.70052e-19   0.00599632 -4.95163e-19  -0.00804113  4.97866e-19   0.00703219 -2.08118e-18  -0.00295519  8.63083e-18 -0.000893643  -1.2031e-17   0.00155672  1.74698e-18 -0.000118165  1.12042e-17  -0.00054794 -7.65288e-18   6.2459e-05 -4.77656e-18  0.000188637  5.24016e-18  7.31461e-06  3.08651e-18 -5.69346e-05 -4.39929e-18 -1.82091e-05 -5.58119e-20  1.00083e-05  1.17803e-18  8.71894e-06  1.57963e-19  1.09877e-06 -1.43829e-19 -1.61569e-06 -2.23375e-19 -1.02407e-06  -6.4444e-20 -1.63041e-07  1.26034e-19  1.23325e-07  5.47313e-20  9.59695e-08 -2.92154e-20  2.95076e-08 -2.12324e-20   7.6341e-11 -2.20577e-21 -4.47848e-09  3.16961e-21 -2.41767e-09  1.85605e-21 -7.01035e-10  3.13411e-22 -7.69273e-11 -2.99873e-23  3.77188e-11  4.73416e-23  2.67303e-11  4.95292e-23  9.62761e-12 -4.03121e-24  2.34478e-12 -3.23864e-23  3.50298e-13 -2.71422e-23 -4.51487e-15 -1.13575e-23 -2.32896e-14 -1.67618e-24 -9.20282e-15  1.27553e-24 -2.42756e-15  1.28792e-24 -4.95495e-16  6.38232e-25 -8.00921e-17  1.91628e-25  -9.7523e-18  2.58719e-26 -6.75885e-19 -8.55343e-27  5.10608e-20  -7.8405e-27   2.8413e-20 -3.34831e-27  6.13716e-21 -9.71952e-28  9.65264e-22  -2.0161e-28  1.22803e-22 -2.89044e-29  1.30685e-23 -2.11687e-30  1.17528e-24  2.36838e-31  8.91897e-26  1.15196e-31  5.65255e-27  2.24446e-32  2.93219e-28  2.87832e-33   1.2021e-29  2.64839e-34  3.64807e-31  1.78862e-35   7.0158e-33  8.65202e-37  3.62217e-35  2.74156e-38 -1.91226e-36  4.73947e-40 -4.21182e-38  2.74664e-42
-4.05787e-21 -8.41952e-08  3.53938e-20  1.87227e-06 -9.75574e-20 -2.05844e-05 -5.40332e-21  0.000140568  6.74566e-19 -0.000655074 -1.76948e-18   0.00217982  1.93999e-18  -0.00527341 -4.95163e-19   0.00922897  3.93297e-19   -0.0112661 -3.36802e-18   0.00857933  1.28155e-18  -0.00238746  1.14515e-17  -0.00208347 -1.77502e-17   0.00181716  1.41155e-18  0.000332026    1.642e-17 -0.000714832 -8.64501e-18  -0.00011012 -8.59815e-18   0.00023539  7.18824e-18  7.57208e-05  3.95419e-18 -5.57689e-05 -4.54906e-18  -3.9441e-05 -7.44519e-19  2.00658e-06  1.11924e-18  1.14883e-05  5.53052e-19  4.47167e-06 -1.01571e-19  -7.1078e-07 -3.75438e-19 -1.37213e-06 -1.03763e-19 -5.46557e-07  1.59324e-19 -9.93416e-09  7.97888e-20  9.77703e-08 -2.47066e-20   5.4706e-08 -2.74041e-20   1.3815e-08  -7.0596e-21 -7.63062e-10  2.01326e-21 -2.34174e-09  2.23444e-21 -1.15176e-09  7.46046e-22 -3.28381e-10  2.25224e-22 -4.45442e-11  1.90415e-22  9.96701e-12  1.00309e-22  8.83556e-12 -1.37603e-23  3.35885e-12 -5.75751e-23  8.82086e-13 -4.28416e-23  1.65012e-13 -1.68576e-23  1.72248e-14 -2.56158e-24 -1.76771e-15  1.63241e-24 -1.47419e-15  1.64581e-24  -4.5877e-16  7.90375e-25 -1.02923e-16  2.31173e-25 -1.84796e-17  3.11011e-26 -2.72333e-18 -9.11888e-27  -3.2528e-19 -8.18662e-27 -2.93919e-20  -3.3268e-27 -1.46081e-21 -9.18736e-28  1.03915e-22 -1.83003e-28  3.87151e-23 -2.58552e-29  6.06956e-24 -2.13178e-30  6.89286e-25  7.73076e-32  6.22906e-26   6.3505e-32  4.59947e-27   1.2349e-32  2.78249e-28  1.50194e-33  1.36375e-29  1.28212e-34  5.28627e-31  7.88279e-36  1.55492e-32   3.3799e-37  3.22912e-34  9.05319e-39  4.09575e-36   1.1774e-40  2.04683e-38
 4.82769e-09 -2.03953e-20 -2.47159e-07  1.04312e-19  4.34939e-06 -1.99903e-19 -4.21683e-05 -1.25037e-19   0.00026337  1.35763e-18  -0.00114062 -2.70633e-18   0.00355108  1.90399e-18  -0.00804113  3.93297e-19    0.0130882  2.54718e-18   -0.0145755 -1.08271e-17   0.00950458  6.74848e-18  -0.00108447  1.60035e-17  -0.00340752 -2.53792e-17   0.00173393  4.37097e-20  0.000948395  2.30509e-17 -0.000746073 -9.24604e-18 -0.000355374 -1.26936e-17  0.000220665  8.29794e-18  0.000160291  5.23479e-18 -2.84486e-05 -4.35338e-18 -5.76058e-05 -1.61401e-18 -1.31364e-05  9.81693e-19  1.02905e-05  9.69081e-19  8.00881e-06 -2.23031e-20  1.32599e-06 -5.27196e-19 -1.16843e-06 -1.65133e-19  -8.9295e-07  1.84524e-19 -2.41982e-07  1.13017e-19  3.59464e-08 -1.30472e-20  6.18666e-08 -3.25366e-20  2.81845e-08 -1.35164e-20  6.19591e-09 -5.14583e-22 -5.13565e-10  2.06385e-21 -1.05686e-09  1.17205e-21 -4.95459e-10  6.42383e-22 -1.42747e-10  4.48622e-22 -2.37708e-11  1.89246e-22  8.96111e-13 -2.39235e-23  2.28435e-12 -8.98064e-23   9.6489e-13 -6.27053e-23  2.71967e-13 -2.39573e-23  5.77007e-14 -3.86084e-24  9.01612e-15  1.90579e-24  7.97834e-16  1.95923e-24 -7.18265e-17  9.12754e-25 -5.13733e-17  2.59136e-25 -1.39237e-17  3.44655e-26 -2.74221e-18 -8.99975e-27 -4.36758e-19 -7.92175e-27 -5.81355e-20 -3.07346e-27 -6.51034e-21 -8.09907e-28 -6.06576e-22 -1.55193e-28 -4.53432e-23 -2.15756e-29 -2.44872e-24 -1.92456e-30 -5.46199e-26 -1.69059e-32  6.34996e-27  3.00525e-32  9.98349e-28  6.06384e-33  8.18941e-29  7.02453e-34  4.71491e-30  5.53273e-35  1.98753e-31  3.05486e-36  5.98483e-33  1.13007e-37  1.18322e-34  2.40946e-39  1.23144e-36  1.88968e-41
 7.71074e-21  6.33692e-09 -7.08893e-20 -4.15984e-07  2.54791e-19  7.43682e-06 -3.43519e-19 -7.04017e-05 -4.22015e-19  0.000424224  2.36867e-18  -0.00176292 -3.46494e-18   0.00524241  4.97866e-19   -0.0112661  2.54718e-18    0.0172002  6.57161e-18   -0.0174987 -2.27146e-17    0.0095042  1.38727e-17   0.00088757  2.31274e-17  -0.00460133 -3.46464e-17    0.0012093 -2.76371e-18   0.00161733  3.04914e-17 -0.000574605 -8.92413e-18 -0.000621953 -1.67403e-17  0.000119994  8.33464e-18  0.000235579  6.74168e-18  2.75653e-05 -3.82396e-18 -6.27179e-05 -2.51675e-18  -3.2336e-05  7.79139e-19  3.33176e-06  1.37037e-18  9.92518e-06  8.51517e-20  4.06975e-06 -6.73359e-19 -1.80182e-07 -2.49431e-19 -9.67908e-07   1.9783e-19  -4.8963e-07  1.53665e-19 -8.95308e-08  7.48871e-21  3.48837e-08 -3.49177e-20  3.36202e-08 -2.11049e-20  1.33871e-08 -4.72882e-21  2.74535e-09  1.00557e-21 -1.86817e-10  1.46662e-21 -4.08326e-10  1.20861e-21 -1.89638e-10  8.31268e-22 -5.61062e-11  3.22392e-22 -1.09712e-11 -3.09324e-23 -8.20426e-13 -1.26713e-22  3.83072e-13 -8.56279e-23  2.13296e-13 -3.23097e-23  6.59304e-14 -5.56085e-24  1.52212e-14  2.00971e-24   2.7746e-15  2.16496e-24  3.91669e-16  9.81347e-25  3.69899e-17  2.70123e-25  1.89769e-19  3.53638e-26 -8.49629e-19 -8.25046e-27 -2.28591e-19 -7.13065e-27 -4.07658e-20 -2.64723e-27 -5.74043e-21  -6.6681e-28 -6.70779e-22 -1.22972e-28 -6.61414e-23 -1.67694e-29 -5.51675e-24   -1.569e-30 -3.86576e-25 -5.63481e-32 -2.24015e-26  1.14611e-32 -1.04396e-27  2.62078e-33 -3.72136e-29  2.92041e-34 -9.12458e-31  2.11125e-35 -1.06706e-32  1.02996e-36  1.44145e-34  3.17226e-38  7.10695e-36  4.89203e-40  6.68219e-38
 2.76034e-09  3.47681e-20 -5.62961e-08 -1.96163e-19  6.64708e-09  5.30285e-19  7.57612e-06 -4.93481e-19 -9.06029e-05  -9.9196e-19  0.000577937  3.65629e-18  -0.00241194  -3.4814e-18   0.00703219 -3.36802e-18   -0.0145755  6.57161e-18    0.0210695   1.2965e-17    -0.019593 -3.92069e-17   0.00844854  2.16297e-17   0.00329547  3.32751e-17  -0.00539241 -4.46601e-17  0.000247426 -7.28009e-18   0.00218411   3.7793e-17 -0.000179826 -7.27523e-18  -0.00083598 -2.02977e-17 -6.79748e-05  7.30194e-18  0.000270489  8.16061e-18  0.000103931  -3.0647e-18 -4.63339e-05 -3.30573e-18 -4.92408e-05  5.65184e-19 -9.17715e-06  1.74165e-18  8.41298e-06   2.0717e-19  6.49674e-06 -8.15491e-19  1.49459e-06 -3.58967e-19 -5.78454e-07  1.95644e-19 -6.16671e-07  2.00223e-19 -2.37447e-07   3.8238e-20 -2.77047e-08 -3.26001e-20  2.19259e-08 -2.90012e-20  1.61562e-08 -1.07272e-20  5.91415e-09 -1.20082e-21  1.21102e-09  1.48901e-21 -1.88866e-11  1.86986e-21 -1.31029e-10   1.3196e-21 -6.29987e-11  4.95361e-22 -1.93264e-11 -3.23679e-23 -4.23787e-12 -1.64867e-22 -5.92953e-13 -1.09634e-22 -6.61052e-16 -4.11931e-23  3.06181e-14 -7.55778e-24  1.16591e-14  1.87644e-24   2.9469e-15  2.21273e-24  5.83733e-16  9.80601e-25  9.44462e-17   2.6173e-25   1.2459e-17  3.35963e-26  1.27751e-18 -7.06922e-27  8.35923e-20 -5.99179e-27 -1.36212e-21 -2.13058e-27 -1.44655e-21 -5.13312e-28 -2.68559e-22 -9.10459e-29 -3.41669e-23 -1.21259e-29 -3.41509e-24 -1.16131e-30  -2.7851e-25 -6.04022e-32 -1.86873e-26  2.82099e-33 -1.02494e-27  9.71997e-34 -4.51154e-29  1.06578e-34 -1.54304e-30  7.04329e-36  -3.8827e-32   2.9744e-37 -6.50407e-34  7.24015e-39 -5.75834e-36  6.57703e-41
-1.22738e-20   2.2598e-08  1.09532e-19 -3.85763e-07 -4.55836e-19  2.62961e-06  9.56581e-19 -3.69921e-06  -5.7914e-19 -7.08844e-05 -1.91917e-18  0.000634525  5.11378e-18    -0.002891 -2.08118e-18   0.00857933 -1.08271e-17   -0.0174987   1.2965e-17    0.0242087  2.19309e-17   -0.0205701  -5.9579e-17   0.00642264  2.86434e-17   0.00580066  4.61871e-17  -0.00557863 -5.40222e-17  -0.00103987 -1.34757e-17   0.00249689    4.384e-17  0.000399504 -4.21784e-18 -0.000922671 -2.28378e-17 -0.000316287   5.4628e-18  0.000238913  9.14032e-18  0.000181906  -2.2779e-18 -5.66923e-06 -3.88645e-18 -5.60759e-05  4.21907e-19 -2.44175e-05  2.09866e-18   2.5589e-06  3.35193e-19  7.30221e-06 -9.60198e-19  3.34843e-06 -4.98404e-19  2.95187e-07  1.73705e-19 -4.96097e-07   2.5014e-19 -3.34534e-07  7.98242e-20 -1.05562e-07 -2.37317e-20 -7.45416e-09 -3.61034e-20  1.08856e-08 -1.82793e-20  6.92979e-09 -4.63745e-21  2.42303e-09  1.12139e-21  5.19321e-10  2.53646e-21  2.70447e-11  1.86327e-21  -3.2449e-11   6.9016e-22 -1.74782e-11  -2.8771e-23 -5.62998e-12 -2.00663e-22 -1.33778e-12 -1.32263e-22 -2.36882e-13 -4.96512e-23 -2.65053e-14 -9.67157e-24  5.33913e-16  1.48029e-24   1.2095e-15   2.0812e-24  3.81932e-16  9.08278e-25   8.2983e-17  2.35269e-25  1.43657e-17  2.94439e-26  2.06794e-18  -5.7155e-27  2.50286e-19 -4.71696e-27  2.52746e-20 -1.60561e-27  2.06442e-21 -3.69817e-28  1.24781e-22 -6.29817e-29  3.70977e-24  -8.1507e-30 -2.73252e-25 -7.83381e-31 -5.48291e-26 -4.78108e-32 -5.13465e-27 -2.86782e-34 -3.35583e-28  2.92828e-34 -1.62707e-29  3.34517e-35 -5.79768e-31  2.02013e-36 -1.43505e-32  7.18622e-38 -2.15556e-34  1.26527e-39 -1.27752e-36
-2.20592e-09 -4.86644e-20  9.38676e-08  2.78507e-19 -1.36225e-06  -9.1289e-19  1.01205e-05  1.51577e-18 -3.93637e-05 -5.13912e-19  3.46405e-05 -3.28494e-18  0.000472538  6.70369e-18  -0.00295519  1.28155e-18   0.00950458 -2.27146e-17    -0.019593  2.19309e-17    0.0262727  3.32258e-17   -0.0203675 -8.21938e-17   0.00369346    3.355e-17   0.00805266  6.08041e-17  -0.00507995 -6.11548e-17  -0.00246326 -2.09207e-17   0.00244968  4.75607e-17   0.00107241 -7.96017e-20 -0.000829536 -2.38315e-17 -0.000574479  3.30824e-18    0.0001298   9.4023e-18   0.00023713 -1.73942e-18  5.39139e-05 -4.25563e-18 -4.65469e-05  4.32321e-19 -3.74569e-05   2.4872e-18 -6.93697e-06  4.74777e-19  5.46341e-06 -1.11378e-18  4.59128e-06  -6.7366e-19  1.42665e-06  1.26772e-19 -8.76842e-08  2.99531e-19 -3.08556e-07  1.31661e-19 -1.61638e-07  -7.0218e-21 -4.43814e-08 -4.11862e-20 -2.18905e-09 -2.67719e-20  4.45905e-09 -9.13236e-21  2.64143e-09  3.11937e-22  9.07488e-10  3.10062e-21  2.07391e-10  2.38583e-21  2.35354e-11  8.76098e-22 -4.85257e-12 -2.44422e-23 -3.78534e-12 -2.31273e-22  -1.3255e-12 -1.51149e-22 -3.35812e-13 -5.67239e-23 -6.66133e-14 -1.16834e-23 -1.02678e-14  8.50098e-25 -1.09289e-15  1.78545e-24 -2.58636e-17  7.76241e-25  2.22461e-17  1.95396e-25  6.84708e-18  2.36186e-26   1.3307e-18 -4.41993e-27  2.02118e-19 -3.49276e-27  2.54056e-20 -1.13528e-27  2.69511e-21 -2.49576e-28  2.42286e-22 -4.07054e-29  1.83564e-23 -5.08961e-30  1.15521e-24 -4.82871e-31  5.87992e-26 -3.15529e-32  2.30394e-27 -9.04087e-34    6.226e-29    6.059e-35  7.56454e-31  8.69955e-36 -1.82339e-32  4.85384e-37 -1.01027e-33  1.39817e-38 -1.63007e-35  1.46206e-40
 1.71884e-20 -7.30994e-09 -1.35044e-19  2.39987e-07  6.03311e-19 -3.28127e-06 -1.59916e-18  2.47782e-05  2.14114e-18 -0.000111289 -2.35098e-19  0.000268971 -5.22435e-18 -2.07921e-05  8.63083e-18  -0.00238746  6.74848e-18    0.0095042 -3.92069e-17   -0.0205701  3.32258e-17    0.0271424  4.61082e-17   -0.0191433 -1.04757e-16   0.00062302  3.53554e-17   0.00977558  7.54684e-17  -0.00394719 -6.46926e-17  -0.00380699 -2.88111e-17    0.0020084  4.81089e-17   0.00171905  4.44659e-18 -0.000542482 -2.28666e-17 -0.000781486  1.47927e-18 -4.73222e-05  8.83391e-18  0.000247055 -1.74345e-18  0.000119275 -4.51236e-18 -1.86387e-05  6.46942e-19 -4.27864e-05  2.96889e-18 -1.76386e-05  6.48865e-19   8.0295e-07  -1.2759e-18  4.46089e-06 -8.88692e-19  2.38727e-06   4.9542e-20   5.1291e-07  3.43212e-19 -1.30416e-07  1.91452e-19 -1.59426e-07  1.77592e-20 -7.12202e-08 -4.31254e-20 -1.80456e-08 -3.52472e-20 -1.01634e-09 -1.42389e-20  1.49665e-09 -8.93226e-22  8.79925e-10  3.46155e-21  3.03354e-10  2.79929e-21  7.37539e-11  1.01549e-21  1.17503e-11 -2.66548e-23  3.48775e-13 -2.55278e-22 -5.39249e-13 -1.64575e-22  -2.3403e-13 -6.16753e-23 -6.42142e-14 -1.33812e-23 -1.36411e-14  6.55449e-26 -2.35506e-15  1.37301e-24 -3.30626e-16  6.06944e-25 -3.60042e-17  1.48781e-25 -2.48843e-18  1.70853e-26  4.87524e-20 -3.32596e-27  5.02521e-20 -2.44391e-27  9.91902e-21 -7.54828e-28  1.35011e-21 -1.57921e-28  1.45052e-22 -2.45799e-29  1.27828e-23 -2.95095e-30  9.33091e-25 -2.72424e-31  5.61815e-26 -1.80979e-32   2.7494e-27 -7.00258e-34  1.06525e-28  5.26232e-37  3.12988e-30  1.72252e-36  6.47766e-32  9.34877e-38  8.15623e-34  2.04303e-39  4.02383e-36
-4.50193e-10  5.90758e-20 -1.97078e-09  -3.0581e-19  3.37737e-07  1.14007e-18 -5.53357e-06 -2.47654e-18  4.50093e-05  2.75703e-18 -0.000218865  2.56461e-19  0.000643752 -8.00246e-18 -0.000893643  1.14515e-17  -0.00108447  1.38727e-17   0.00844854  -5.9579e-17   -0.0203675  4.61082e-17    0.0269287  5.94271e-17   -0.0172019 -1.24779e-16  -0.00243246  3.36461e-17    0.0108179  8.83414e-17  -0.00233207 -6.37658e-17  -0.00488016 -3.61237e-17    0.0012139   4.4972e-17    0.0022204  8.44314e-18 -8.99458e-05 -1.97555e-17 -0.000881779   6.5624e-19 -0.000263287  7.53667e-18  0.000198283 -2.52974e-18  0.000172741 -4.83571e-18  2.38656e-05  1.05794e-18  -3.6353e-05   3.5976e-18 -2.59971e-05  8.92411e-19 -5.72732e-06 -1.43549e-18  2.58943e-06 -1.14131e-18  2.70725e-06 -6.11619e-20   1.0887e-06  3.75326e-19  1.58603e-07  2.54992e-19 -8.40943e-08  4.94255e-20 -7.15583e-08 -4.11427e-20 -2.88907e-08 -4.25422e-20 -7.12452e-09 -1.92881e-20 -6.16047e-10 -2.34391e-21  3.88962e-10  3.55026e-21  2.48368e-10  3.02411e-21  8.76788e-11  1.07296e-21  2.24498e-11   -4.336e-23  4.25784e-12 -2.72706e-22  5.11243e-13 -1.71784e-22  -8.8975e-15 -6.41326e-23 -2.54307e-14  -1.4597e-23 -8.55417e-15 -7.61357e-25 -1.96929e-15  9.10564e-25  -3.6051e-16  4.27145e-25 -5.47992e-17  1.02358e-25 -6.99039e-18  1.08157e-26 -7.41264e-19 -2.47904e-27 -6.29782e-20 -1.62476e-27 -3.82932e-21 -4.73132e-28 -8.40823e-23 -9.37935e-29  1.60104e-23  -1.3869e-29  2.79054e-24 -1.58793e-30  2.71829e-25 -1.40796e-31  1.92172e-26 -9.18777e-33  1.03407e-27 -3.88995e-34  4.20954e-29 -7.08903e-36   1.2442e-30  1.89265e-37  2.43663e-32  1.32197e-38  2.52641e-34  1.90036e-40
-2.22213e-20 -5.60481e-09  1.39296e-19  7.61891e-08 -6.01074e-19 -1.26373e-07  1.89823e-18 -5.39077e-06 -3.42593e-18  6.08314e-05  3.36197e-18 -0.000336282  8.76468e-19   0.00111155  -1.2031e-17  -0.00208347  1.60035e-17   0.00088757  2.16297e-17   0.00642264 -8.21938e-17   -0.0191433  5.94271e-17    0.0259053  7.18399e-17   -0.0148923 -1.40106e-16  -0.00519922  2.85796e-17    0.0111567  9.78736e-17 -0.000436986 -5.80725e-17  -0.00555163 -4.18356e-17  0.000165138  3.79985e-17   0.00248416  1.09454e-17    0.0004647 -1.46022e-17 -0.000839276  1.43492e-18 -0.000476039  5.81549e-18  9.12869e-05 -4.21423e-18  0.000197123 -5.43351e-18  7.18093e-05  1.59198e-18 -1.72946e-05  4.39503e-18 -2.85343e-05  1.23929e-18 -1.22153e-05 -1.57144e-18 -7.47116e-07 -1.41995e-18  2.08953e-06 -2.03718e-19  1.38332e-06  3.90576e-19  4.53321e-07  3.16501e-19  4.48467e-08   8.5358e-20 -3.98496e-08 -3.49918e-20 -2.82904e-08 -4.75017e-20 -1.07547e-08 -2.35101e-20 -2.67991e-09 -3.81164e-21 -3.39137e-10  3.34639e-21  6.36633e-11  3.00912e-21  5.61851e-11  1.02541e-21  2.10216e-11 -8.01693e-23  5.63355e-12  -2.8449e-22   1.1739e-12 -1.72947e-22  1.88069e-13 -6.40969e-23  2.01088e-14  -1.5227e-23  1.36105e-16 -1.51278e-24 -5.78915e-16  4.66371e-25 -1.75798e-16  2.61205e-25 -3.53415e-17  6.17299e-26 -5.61591e-18  5.56234e-27 -7.42045e-19 -1.85321e-27 -8.29679e-20  -1.0328e-27 -7.87325e-21 -2.80422e-28 -6.29859e-22 -5.23582e-29 -4.17718e-23 -7.31405e-30 -2.22317e-24   -7.927e-31  -8.8741e-26  -6.6672e-32 -2.18409e-27 -4.16378e-33  2.33665e-30 -1.76343e-34  2.87016e-30 -4.24129e-36   1.2615e-31 -2.42499e-38  2.60334e-33  1.07315e-39  1.92029e-35
