 3.49371e-08 -1.35021e-22 -4.35944e-07  3.00733e-21  1.88851e-06 -1.22465e-20 -4.20355e-06  1.17116e-21  5.10011e-06  1.09657e-19 -2.86836e-06 -3.37751e-19 -1.54571e-07  4.67023e-19  8.17132e-07 -1.85147e-19  2.98555e-08 -4.72482e-19 -2.13189e-07  1.00993e-18 -5.55728e-08 -9.91449e-19  3.65485e-08  5.36156e-19  2.71651e-08 -1.10933e-19  2.97127e-09 -3.72771e-20 -4.76638e-09  2.08442e-20 -3.04612e-09 -1.34476e-21  -6.2046e-10  3.99504e-21  2.66321e-10 -2.92415e-21  2.69814e-10 -1.26492e-21  1.08287e-10  1.23733e-21  1.72013e-11  2.08127e-22 -7.49303e-12 -2.54308e-22 -7.11292e-12 -6.30926e-23 -3.12966e-12  3.35693e-23 -8.71316e-13  1.32688e-23 -1.06577e-13  3.16714e-24  4.33165e-14 -2.24885e-24  3.64402e-14 -1.09693e-24   1.5678e-14 -2.37871e-25  4.96232e-15  1.89729e-26  1.21333e-15  7.62402e-26    2.116e-16  2.60323e-26  1.27583e-17  5.75345e-28 -8.65908e-18 -1.10827e-28 -4.82698e-18  3.89664e-28 -1.64569e-18  1.36419e-28 -4.47589e-19 -1.61167e-28 -1.04068e-19 -1.83459e-28 -2.12342e-20 -9.12514e-29 -3.83716e-21 -2.27048e-29 -6.12969e-22  1.88216e-30 -8.53299e-23  4.46554e-30 -9.95886e-24   2.2824e-30 -8.67384e-25  7.75335e-31 -2.63313e-26  2.02799e-31  9.75767e-27  4.22368e-32  2.86356e-27  6.88528e-33  5.18954e-28  8.22503e-34  7.51999e-29  5.81252e-35  9.30952e-30 -1.33906e-36  1.00951e-30 -1.14988e-36  9.68565e-32 -1.98625e-37  8.24493e-33 -1.92202e-38  6.21675e-34 -6.27401e-40   4.1305e-35  1.23471e-40  2.39749e-36  2.54079e-41  1.20002e-37  2.70555e-42  5.08783e-39  2.00296e-43  1.78561e-40  1.08899e-44  5.01078e-42  4.24715e-46  1.05965e-43  1.10319e-47  1.51311e-45  1.67379e-49  1.16113e-47  9.80546e-52
-1.35021e-22  6.53482e-07 -2.43348e-21 -4.57047e-06  3.57359e-20  1.46944e-05  -1.2424e-19 -2.58685e-05  9.12157e-20  2.45368e-05  4.74813e-19 -8.75543e-06 -1.58652e-18 -3.86121e-06  2.26706e-18  2.96589e-06 -1.38381e-18  1.14441e-06 -7.64866e-19 -6.23566e-07  2.45283e-18 -4.55019e-07 -2.41104e-18  9.66006e-09  1.16386e-18  1.15568e-07 -1.23302e-19  4.85236e-08 -1.25573e-19 -3.05351e-09  1.77348e-20 -1.21956e-08  1.92544e-20 -5.93774e-09  9.14037e-21 -8.79663e-10 -1.01247e-20  6.28146e-10 -2.77466e-21  5.27931e-10  3.24174e-21  2.05063e-10  6.45516e-22  3.64286e-11 -6.41834e-22 -9.74626e-12 -2.19973e-22 -1.10722e-11   6.2949e-23 -5.21817e-12  4.74873e-23 -1.63977e-12  1.68951e-23 -3.23762e-13 -4.93271e-24 -1.55259e-15 -4.13606e-24  3.23725e-14 -1.29418e-24  1.75951e-14 -4.48287e-26  6.38354e-15  2.21513e-25  1.82462e-15   8.4351e-26  4.24111e-16  1.47863e-26  7.74048e-17  7.30957e-27  9.06353e-18  3.39526e-27 -3.98414e-19  5.98419e-29 -6.34768e-19 -1.07933e-27 -2.37661e-19 -8.14722e-28 -6.48513e-20   -3.321e-28 -1.47947e-20 -6.57591e-29 -2.95562e-21  1.30204e-29 -5.27907e-22  1.66491e-29 -8.51777e-23  7.76896e-30 -1.24776e-23  2.52538e-30 -1.66236e-24  6.45311e-31 -2.01278e-25  1.34012e-31  -2.2084e-26  2.25313e-32 -2.18399e-27  3.00376e-33 -1.93017e-28  3.08384e-34 -1.50385e-29  2.26673e-35 -1.00943e-30  7.79699e-37 -5.58189e-32 -6.48528e-38 -2.26638e-33 -8.97362e-39 -3.58626e-35  5.00886e-40  4.04069e-36  2.53043e-40  4.92627e-37   3.6658e-41  3.28904e-38   3.3554e-42  1.57849e-39   2.2057e-43   5.7173e-41    1.065e-44  1.54821e-42  3.60158e-46  2.91382e-44  7.68394e-48  3.21322e-46  8.35774e-50  1.36111e-48
-4.35944e-07 -2.43348e-21  5.96105e-06 -2.21543e-20 -2.85955e-05  2.39424e-19  7.16835e-05 -7.14945e-19  -0.00010128  6.74262e-19  7.35044e-05  1.21689e-18 -1.06774e-05 -4.64718e-18 -1.82736e-05  6.63618e-18  4.55449e-06 -4.55006e-18  5.40543e-06 -3.93015e-19 -2.64032e-07  4.13195e-18 -1.50436e-06 -4.11862e-18 -4.52146e-07  1.72678e-18  1.90074e-07  6.31221e-20  1.94185e-07 -2.78132e-19  5.18752e-08 -2.39792e-20 -1.56224e-08  6.58977e-20 -1.94916e-08  1.63878e-20 -7.92033e-09 -2.17373e-20 -8.80004e-10 -4.82974e-21  9.17147e-10  6.15614e-21   6.9977e-10  1.48344e-21  2.71554e-10 -1.19177e-21    5.608e-11 -5.42157e-22 -5.49924e-12   6.1696e-23 -1.08028e-11  1.15526e-22 -5.62031e-12  5.16812e-23 -1.96359e-12  -5.5804e-24 -4.93862e-13 -9.94492e-24 -7.35827e-14 -3.97887e-24  6.63315e-15 -4.76506e-25  9.78885e-15  3.73477e-25  4.41854e-15  1.90014e-25  1.44669e-15   7.0691e-26   3.8783e-16  3.73132e-26  8.81023e-17  1.22446e-26  1.69598e-17 -1.21195e-27  2.66621e-18 -3.83334e-27  2.96257e-19 -2.34051e-27  4.17088e-21 -8.20178e-28 -9.26405e-21 -1.26402e-28  -3.2978e-21  4.54969e-29 -7.97071e-22  4.23475e-29 -1.58327e-22  1.82884e-29 -2.73619e-23  5.70263e-30 -4.21494e-24  1.42201e-30  -5.8567e-25  2.92716e-31 -7.38481e-26  4.98848e-32 -8.47238e-27  7.02107e-33 -8.84814e-28  8.23044e-34 -8.40143e-29  8.15923e-35  -7.2336e-30  6.85133e-36 -5.62455e-31  4.96753e-37  -3.9273e-32  3.74654e-38 -2.44383e-33  3.83154e-39 -1.34164e-34  4.39491e-40 -6.41302e-36  4.21306e-41 -2.62304e-37  3.08894e-42 -8.95642e-39  1.71935e-43 -2.45822e-40  7.09639e-45 -5.11545e-42  1.99827e-46 -7.31717e-44  3.28377e-48  -5.7556e-46  2.06955e-50
 3.00733e-21 -4.57047e-06 -2.21543e-20  3.53544e-05 -1.29842e-19 -0.000127302  1.09807e-18  0.000256479 -2.84076e-18 -0.000292187  2.80542e-18  0.000154023  2.09582e-18  1.71232e-05  -1.0031e-17 -4.92298e-05  1.41191e-17 -3.11597e-06 -1.00264e-17  1.36797e-05  9.94748e-19  3.70065e-06  5.66691e-18 -2.58564e-06 -5.81276e-18 -1.90129e-06  2.05372e-18 -1.50916e-07  4.82751e-19  3.88127e-07 -4.73647e-19  2.30365e-07 -1.02933e-19  3.68823e-08  1.28519e-19 -2.82064e-08  2.45795e-20 -2.36612e-08 -3.58538e-20 -8.52318e-09 -7.10191e-21 -7.98265e-10  9.95156e-21  9.81268e-10  2.82094e-21   7.2251e-10 -1.89236e-21  2.86785e-10 -1.10549e-21  6.89008e-11 -1.29168e-23   2.6228e-12  2.23189e-22 -7.03549e-12  1.18238e-22 -4.34207e-12  1.13913e-24 -1.68497e-12 -1.80173e-23 -4.92931e-13 -9.03985e-24  -1.0869e-13 -1.80662e-24 -1.47349e-14  3.43896e-25  1.02034e-15  3.52196e-25  1.53551e-15  2.12091e-25  6.49081e-16  1.10138e-25  2.00157e-16  2.92809e-26  5.12282e-17 -5.75166e-27  1.13565e-17 -9.77301e-27  2.21627e-18  -5.1541e-27   3.8181e-19 -1.58774e-27  5.75305e-20 -1.79247e-28  7.36762e-21  1.13029e-28  7.39316e-22  8.51961e-29  4.03018e-23  3.43494e-29 -4.58076e-24  1.02869e-29 -1.95066e-24  2.49858e-30 -4.00676e-25  5.06849e-31 -6.33052e-26  8.63812e-32 -8.43859e-27  1.24289e-32 -9.80642e-28  1.53422e-33 -1.00694e-28  1.65599e-34 -9.17933e-30  1.57235e-35 -7.42741e-31  1.32211e-36 -5.31387e-32   1.0316e-37 -3.33754e-33  8.02958e-39 -1.82079e-34  6.20973e-40 -8.50101e-36  4.32631e-41 -3.32834e-37  2.48472e-42 -1.06081e-38   1.1249e-43 -2.62933e-40  3.79489e-45 -4.69883e-42  8.42197e-47 -5.24744e-44  9.58675e-49 -2.37492e-46
 1.88851e-06  3.57359e-20 -2.85955e-05 -1.29842e-19  0.000153368 -5.48196e-19 -0.000436461  3.77271e-18  0.000720336  -8.5182e-18  -0.00065796    8.173e-18  0.000221761  2.40867e-18  0.000117707 -1.71321e-17 -8.61725e-05  2.35862e-17 -3.50766e-05 -1.69354e-17   2.0348e-05  3.30915e-18  1.45855e-05   6.8017e-18 -9.55934e-07 -7.30524e-18 -4.20045e-06  2.11128e-18 -1.58579e-06  1.05269e-18  2.62469e-07 -6.59639e-19  5.05239e-07 -1.93661e-19  2.16185e-07  1.87021e-19   1.4943e-08  2.86763e-20  -3.5016e-08 -5.04933e-20 -2.37205e-08 -8.50632e-21 -7.96056e-09  1.48775e-20 -7.75884e-10  4.72635e-21  8.10605e-10  -2.7396e-21  6.08888e-10 -1.98526e-21   2.5153e-10 -2.07818e-22  6.90337e-11   3.6274e-22  9.44628e-12  2.23541e-22 -2.45941e-12  2.24585e-23 -2.37546e-12 -2.61953e-23 -1.05715e-12 -1.68694e-23 -3.47565e-13 -4.67767e-24 -9.15194e-14 -1.05846e-25 -1.92311e-14  5.87636e-25 -2.90222e-15  4.84963e-25 -1.29903e-16  2.40123e-25  1.07856e-16   5.2582e-26  5.22681e-17 -1.65741e-26  1.60741e-17 -1.99597e-26  3.99256e-18 -9.34936e-27  8.55996e-19 -2.55353e-27  1.62829e-19 -1.81211e-28  2.78484e-20  2.24123e-28  4.31019e-21  1.44113e-28  6.05205e-22  5.45453e-29  7.70624e-23  1.56927e-29  8.87171e-24   3.7038e-30  9.17911e-25  7.36361e-31  8.44922e-26  1.24176e-31  6.80081e-27  1.78945e-32  4.63502e-28  2.23882e-33  2.48531e-29  2.46729e-34  8.04486e-31   2.3977e-35 -1.95835e-32  2.04905e-36 -5.71629e-33  1.56202e-37 -5.46016e-34  1.09118e-38 -3.63026e-35   6.9871e-40 -1.85653e-36  3.91133e-41 -7.42922e-38  1.80403e-42 -2.28416e-39   6.5482e-44 -5.13341e-41  1.73651e-45 -7.64392e-43  2.83335e-47    -6.04e-45  1.79783e-49
-1.22465e-20  1.46944e-05  2.39424e-19 -0.000127302 -5.48196e-19  0.000519124 -1.78125e-18  -0.00120709  1.02496e-17   0.00165025 -2.02941e-17  -0.00118522  1.81648e-17  0.000161943  1.48881e-18  0.000322544 -2.40065e-17 -8.72448e-05  3.21181e-17 -0.000100952 -2.34686e-17  9.65793e-06  6.18852e-18  3.13226e-05    7.453e-18  7.79561e-06 -8.51772e-18 -5.24709e-06  1.94228e-18  -4.3608e-06  1.61305e-18 -8.57644e-07 -7.69141e-19  5.74451e-07 -2.53487e-19  5.11084e-07  2.23151e-19  1.71331e-07  1.95855e-20 -2.41148e-09 -6.57264e-20 -3.43851e-08 -7.60078e-21 -2.05246e-08    2.158e-20 -6.70095e-09   7.3289e-21 -8.10983e-10 -3.71077e-21  5.12872e-10 -3.22938e-21  4.23254e-10 -5.67437e-22  1.84815e-10   5.0873e-22   5.6668e-11  3.67118e-22  1.16573e-11  6.50757e-23  6.26991e-13  -3.1408e-23 -7.74221e-13 -2.73363e-23  -4.6318e-13  -9.5212e-24 -1.73877e-13 -1.10394e-24 -5.14964e-14  9.34383e-25 -1.27399e-14  9.13407e-25 -2.65917e-15   4.2201e-25 -4.55997e-16  7.36338e-26 -5.74437e-17 -3.67423e-26 -2.36568e-18 -3.44899e-26  1.41595e-18 -1.45338e-26  5.92135e-19 -3.51752e-27  1.55432e-19 -8.81303e-29  3.29429e-20  3.74959e-28   6.0324e-21  2.11893e-28  9.81266e-22  7.55522e-29  1.43721e-22  2.08708e-29  1.90853e-23  4.77384e-30   2.3055e-24  9.25498e-31  2.53604e-25  1.53125e-31  2.53847e-26  2.17919e-32  2.30733e-27   2.7044e-33  1.89791e-28  2.95583e-34  1.40592e-29   2.8383e-35  9.31799e-31  2.37735e-36  5.47804e-32  1.74028e-37  2.82463e-33  1.12316e-38  1.25826e-34  6.34669e-40  4.74204e-36  3.02576e-41  1.46736e-37  1.15821e-42  3.56465e-39  3.38332e-44  6.32023e-41  6.84535e-46  7.07725e-43  7.46205e-48  3.22401e-45
-4.20355e-06  -1.2424e-19  7.16835e-05  1.09807e-18 -0.000436461 -1.78125e-18   0.00142856 -4.65678e-18  -0.00277713  2.28518e-17   0.00315939 -3.97286e-17  -0.00170817  3.21191e-17 -0.000184038 -3.71589e-19  0.000600672 -2.79575e-17  1.46566e-05  3.61361e-17 -0.000184794  -2.7953e-17 -3.87417e-05   9.3023e-18  4.29858e-05   7.7183e-18  2.60767e-05 -9.38341e-18 -8.02766e-07  1.55779e-18 -7.14445e-06  1.98768e-18 -3.41649e-06 -7.45209e-19 -1.44701e-07 -2.34201e-19  6.91377e-07  2.30459e-19  4.35723e-07 -1.28439e-20  1.20561e-07 -8.44257e-20 -1.03446e-08 -3.51873e-21 -2.82428e-08  3.08096e-20 -1.56862e-08  1.08704e-20 -5.15887e-09 -4.70068e-21 -8.16525e-10 -4.81618e-21  2.23432e-10 -1.12164e-21  2.38629e-10   6.2278e-22  1.12674e-10   5.3888e-22  3.79411e-11  1.31202e-22  9.61969e-12 -3.14041e-23  1.64261e-12 -3.97686e-23  3.33255e-14 -1.61722e-23 -1.12178e-13 -2.50916e-24 -5.70455e-14  1.44859e-24 -1.94121e-14  1.47461e-24 -5.34991e-15  6.23165e-25 -1.26245e-15  7.84805e-26 -2.60357e-16 -6.78389e-26 -4.71155e-17  -5.2057e-26 -7.40699e-18 -1.98461e-26 -9.78561e-19 -4.22249e-27 -9.82423e-20  1.21284e-28 -4.27335e-21  5.46186e-28  1.07986e-21  2.76433e-28  3.86009e-22  9.30543e-29  7.96098e-23  2.46574e-29  1.29814e-23  5.45045e-30  1.80418e-24  1.02568e-30  2.19849e-25   1.6535e-31  2.37725e-26  2.30037e-32  2.29115e-27  2.79299e-33  1.96808e-28  2.97831e-34  1.50183e-29  2.77595e-35  1.01183e-30  2.23989e-36  5.96351e-32  1.55796e-37  3.03564e-33  9.33231e-39  1.31124e-34  4.74799e-40  4.68786e-36  1.97635e-41  1.33749e-37  6.39327e-43  2.87713e-39  1.50447e-44  4.22116e-41  2.23895e-46  3.35574e-43  1.34167e-48
 1.17116e-21 -2.58685e-05 -7.14945e-19  0.000256479  3.77271e-18  -0.00120709 -4.65678e-18    0.0032891 -1.01263e-17  -0.00543454  4.30165e-17   0.00513355 -6.54326e-17  -0.00189456  4.59859e-17 -0.000925192 -1.46917e-18   0.00082392 -2.65503e-17  0.000272875  3.31816e-17  -0.00023308 -2.98961e-17 -0.000133043  1.24116e-17  2.91673e-05  7.90253e-18  4.88848e-05 -9.76558e-18  1.31153e-05  8.98428e-19 -6.56045e-06  2.02628e-18 -6.71059e-06 -5.64278e-19 -2.12801e-06  -9.5646e-20  3.03756e-07  2.17356e-19  6.40932e-07 -7.50406e-20  3.28026e-07 -1.10968e-19  7.89846e-08  3.23083e-21 -1.03313e-08   4.2847e-20 -1.98609e-08  1.56239e-20 -1.06793e-08 -5.47852e-21 -3.62353e-09 -6.61535e-21 -7.27425e-10 -1.86223e-21  2.89825e-11  6.69262e-22  1.02794e-10  7.19597e-22  5.54014e-11  2.14878e-22  2.04085e-11 -2.64544e-23   5.8813e-12 -5.29986e-23  1.34298e-12 -2.36458e-23  2.22779e-13 -3.87474e-24  1.38831e-14  2.17213e-24 -7.64966e-15  2.08684e-24 -4.18212e-15  7.88694e-25 -1.37547e-15  5.29107e-26 -3.60904e-16  -1.0847e-25 -8.12629e-17 -7.00476e-26 -1.61707e-17 -2.42044e-26 -2.88359e-18 -4.45712e-27 -4.63773e-19  4.27744e-28 -6.74031e-20  7.06464e-28 -8.83765e-21  3.24378e-28 -1.03974e-21  1.03225e-28 -1.08599e-22  2.62028e-29 -9.87182e-24  5.58176e-30 -7.49518e-25  1.01538e-30  -4.2609e-26  1.58577e-31 -9.97121e-28  2.13993e-32   1.5043e-28  2.51749e-33  2.80715e-29  2.59109e-34  2.95733e-30  2.31789e-35  2.36167e-31  1.78196e-36  1.52251e-32  1.16767e-37   8.0371e-34  6.47268e-39  3.45167e-35  2.97457e-40  1.17965e-36  1.08691e-41  3.08064e-38  2.97355e-43  5.72474e-40  5.54921e-45   6.5654e-42  5.63832e-47  3.00665e-44
 5.10011e-06  9.12157e-20  -0.00010128 -2.84076e-18  0.000720336  1.02496e-17  -0.00277713 -1.01263e-17   0.00647357 -1.88273e-17  -0.00920112  7.00384e-17   0.00714038 -9.22342e-17  -0.00135509  5.29353e-17  -0.00200575   5.2962e-19  0.000793013 -1.84327e-17   0.00067219  2.32756e-17 -0.000169144 -3.02554e-17 -0.000250975  1.51626e-17 -2.96656e-05  8.47402e-18  6.13811e-05  -9.4499e-18  3.58718e-05 -1.08239e-19  1.42739e-06  1.62986e-18 -8.36938e-06 -2.49042e-19 -5.07016e-06   1.8019e-19 -1.05754e-06  2.02303e-19  4.62202e-07 -1.65859e-19  5.02444e-07 -1.48685e-19  2.24889e-07  1.06413e-20  5.03495e-08  5.70089e-20 -6.47276e-09  2.16896e-20 -1.19939e-08 -5.72061e-21 -6.45367e-09  -8.3752e-21 -2.28959e-09 -2.71309e-21 -5.52232e-10  6.36496e-22 -5.57624e-11   8.8486e-22  2.73891e-11  3.01374e-22  2.05735e-11 -1.96299e-23  8.52525e-12 -6.53584e-23  2.70933e-12 -3.02497e-23  7.09387e-13  -4.5896e-24  1.54954e-13  3.08372e-24  2.73657e-14  2.62162e-24  3.39165e-15   8.5962e-25  5.26637e-17  -1.0514e-26 -1.30291e-16 -1.53698e-25 -5.11111e-17 -8.52131e-26 -1.35845e-17 -2.66786e-26 -2.96222e-18 -4.14577e-27 -5.61278e-19  7.71812e-28 -9.47191e-20  8.22103e-28 -1.44128e-20  3.45649e-28 -1.99027e-21   1.0406e-28 -2.50206e-22  2.52674e-29 -2.86654e-23  5.17306e-30 -2.99139e-24  9.06267e-31 -2.83834e-25  1.36446e-31 -2.44144e-26  1.77491e-32  -1.8958e-27  2.00837e-33  -1.3215e-28   1.9793e-34 -8.20906e-30  1.68526e-35 -4.50102e-31  1.22396e-36 -2.15082e-32  7.49626e-38 -8.80362e-34  3.82155e-39 -3.01269e-35  1.57893e-40 -8.31948e-37  5.03375e-42 -1.75287e-38  1.14805e-43 -2.54794e-40  1.63053e-45 -2.02692e-42  9.34983e-48
 1.09657e-19  2.45368e-05  6.74262e-19 -0.000292187  -8.5182e-18   0.00165025  2.28518e-17  -0.00543454 -1.88273e-17    0.0110797 -3.06966e-17   -0.0136651    1.009e-16   0.00851012  -1.1265e-16  0.000153792  4.61905e-17  -0.00315522  6.88328e-18   0.00033079 -3.63603e-18   0.00109897   9.0852e-18  6.53849e-05 -3.08127e-17 -0.000336109  1.69133e-17 -0.000135884  9.87359e-18  4.36707e-05  -8.2167e-18  5.89689e-05 -1.45409e-18  1.84125e-05  7.76101e-19 -5.08647e-06  1.37564e-19 -7.44393e-06  5.78882e-19 -3.28764e-06   2.0395e-19 -3.97761e-07 -2.75976e-19  4.27214e-07 -1.97746e-19  3.47196e-07   1.5767e-20  1.43174e-07  7.15061e-20  3.20625e-08  2.87604e-20 -2.33841e-09  -5.1244e-21 -6.11669e-09 -9.75022e-21 -3.41079e-09 -3.51223e-21 -1.27401e-09   5.5252e-22 -3.51231e-10   1.0125e-21 -6.50145e-11  3.71685e-22 -1.92005e-12 -1.49161e-23   4.6825e-12 -7.45992e-23   2.5459e-12   -3.402e-23  9.11371e-13 -4.13099e-24  2.62329e-13  4.06934e-24  6.42521e-14  2.94124e-24  1.36521e-14  7.96606e-25   2.5175e-15 -1.07337e-25  3.95224e-16  -1.9595e-25  4.96801e-17 -9.46616e-26  3.92462e-18 -2.68072e-26 -1.99376e-19 -3.37711e-27 -1.65291e-19  1.07414e-27  -4.3305e-20   8.6864e-28 -8.39972e-21  3.36762e-28 -1.36305e-21  9.59527e-29 -1.92853e-22   2.2253e-29 -2.42153e-23  4.36734e-30 -2.71968e-24  7.34346e-31 -2.73951e-25   1.0613e-31 -2.47322e-26  1.32383e-32 -1.99471e-27  1.43217e-33 -1.42911e-28  1.34276e-34 -9.02124e-30  1.08064e-35 -4.96116e-31  7.35903e-37 -2.34082e-32   4.1795e-38 -9.27817e-34  1.94344e-39 -2.99825e-35  7.15053e-41  -7.5524e-37  1.96034e-42 -1.37696e-38  3.61909e-44 -1.57071e-40  3.59377e-46 -7.23499e-43
-2.86836e-06  4.74813e-19  7.35044e-05  2.80542e-18  -0.00065796 -2.02941e-17   0.00315939  4.30165e-17  -0.00920112 -3.06966e-17    0.0167306  -4.5009e-17   -0.0180122  1.31621e-16   0.00859181 -1.20092e-16   0.00255429  2.25008e-17  -0.00396169  1.64187e-17 -0.000607693   1.6552e-17    0.0013679 -5.13653e-18  0.000465443 -3.31324e-17 -0.000317449  1.68542e-17 -0.000263504  1.22563e-17 -1.79534e-05 -5.96573e-18  6.73315e-05 -3.00103e-18  4.06013e-05 -4.56263e-19  5.35129e-06  5.18511e-19 -6.86627e-06  1.05394e-18 -5.45257e-06   2.3189e-19 -1.90906e-06 -3.90873e-19 -8.95023e-08 -2.54836e-19  3.11337e-07  1.54796e-20   2.1571e-07  8.36275e-20  8.53264e-08  3.59439e-20  2.02665e-08  -3.5675e-21  3.05732e-10 -1.03753e-20 -2.50839e-09 -4.02956e-21 -1.53231e-09  4.84641e-22 -6.07433e-10  1.09158e-21 -1.84546e-10  4.11219e-22 -4.35408e-11 -1.38662e-23 -7.11578e-12 -7.78555e-23  -2.1898e-13 -3.32869e-23  3.94408e-13 -2.28048e-24  1.97421e-13  4.94558e-24  6.51529e-14  2.94943e-24  1.74411e-14  5.98065e-25  4.02326e-15 -2.20926e-25  8.20083e-16 -2.27165e-25  1.49407e-16  -9.6741e-26  2.44289e-17 -2.47174e-26  3.58035e-18 -2.36022e-27  4.67129e-19  1.26547e-27  5.34186e-20  8.38955e-28  5.17761e-21  3.01526e-28  3.90076e-22  8.13227e-29  1.55577e-23  1.79861e-29 -1.40943e-24  3.37558e-30  -4.2524e-25  5.43058e-31  -6.2195e-26  7.50492e-32  -6.8668e-27  8.93564e-33 -6.23623e-28  9.19446e-34 -4.78447e-29  8.15424e-35 -3.12024e-30  6.16378e-36 -1.72193e-31  3.90759e-37  -7.9387e-33   2.0409e-38 -2.99168e-34  8.56936e-40  -8.9051e-36  2.76972e-41 -1.98092e-37   6.3825e-43 -2.98026e-39  9.07004e-45 -2.40927e-41  5.15861e-47
-3.37751e-19 -8.75543e-06  1.21689e-18  0.000154023    8.173e-18  -0.00118522 -3.97286e-17   0.00513355  7.00384e-17   -0.0136651  -4.5009e-17     0.022582 -6.08899e-17    -0.021295  1.59234e-16    0.0070514 -1.11739e-16   0.00542247 -1.60087e-17  -0.00404056  2.56428e-17  -0.00188049  3.99171e-17   0.00129809 -1.52337e-17  0.000944546 -3.77481e-17 -0.000144316  1.43902e-17 -0.000361764  1.53415e-17 -0.000119592 -2.83668e-18   4.5817e-05 -4.51595e-18  5.84423e-05 -1.88486e-18   2.1823e-05  8.37941e-19 -1.35674e-06  1.54148e-18 -5.97662e-06  2.83913e-19 -3.51269e-06  -4.9525e-19 -1.03217e-06 -3.14565e-19  8.51055e-09  6.92885e-21  1.90898e-07  9.00322e-20   1.2119e-07  4.16771e-20  4.74017e-08 -1.27095e-21  1.22885e-08 -9.98875e-21  1.28408e-09 -4.03474e-21  -7.1493e-10  5.17418e-22 -5.55037e-10  1.12851e-21 -2.39052e-10  4.18365e-22 -7.84987e-11 -1.28465e-23 -2.10129e-11 -7.19053e-23 -4.59958e-12 -2.71256e-23 -7.74302e-13  8.18567e-25 -7.24918e-14  5.53595e-24  1.10696e-14  2.63324e-24  8.20344e-15  3.03876e-25  2.75499e-15 -3.27405e-25  7.08933e-16 -2.41285e-25  1.54664e-16  -9.1453e-26  2.97056e-17 -2.10171e-26  5.11303e-18 -1.33676e-27  7.96058e-19   1.3111e-27  1.12659e-19  7.44415e-28  1.45254e-20  2.49068e-28  1.70708e-21  6.35841e-29  1.82719e-22  1.33911e-29  1.77779e-23  2.39778e-30  1.56769e-24  3.68005e-31  1.24797e-25  4.84593e-32  8.92313e-27  5.48439e-33  5.69429e-28  5.34191e-34  3.21744e-29  4.45742e-35  1.59331e-30  3.14526e-36  6.82297e-32   1.8427e-37  2.48035e-33  8.77007e-39  7.45228e-35  3.28495e-40  1.77493e-36   9.1576e-42   3.1193e-38  1.71457e-43  3.50186e-40  1.71381e-45   1.6226e-42
-1.54571e-07 -1.58652e-18 -1.06774e-05  2.09582e-18  0.000221761  1.81648e-17  -0.00170817 -6.54326e-17   0.00714038    1.009e-16   -0.0180122 -6.08899e-17    0.0275899 -7.78829e-17   -0.0228078  1.82858e-16   0.00403073 -8.92745e-17   0.00814044 -6.27027e-17  -0.00320103  3.03244e-17  -0.00319721   6.3723e-17  0.000796001 -1.86278e-17   0.00135837 -4.39533e-17  0.000183351  9.52753e-18 -0.000373881  1.84816e-17 -0.000235679  7.42766e-19 -1.21178e-05 -5.77065e-18   5.9878e-05 -3.26228e-18  3.89941e-05  1.08631e-18  9.12795e-06  1.98462e-18 -3.40146e-06  3.52146e-19 -4.22961e-06 -5.75661e-19 -2.06611e-06 -3.71231e-19 -5.40862e-07 -1.23199e-20  1.61363e-08  8.70327e-20   9.9934e-08  4.37512e-20  6.11859e-08  1.06153e-21  2.41686e-08 -8.59557e-21  6.84814e-09 -3.40816e-21  1.20961e-09  7.11587e-22 -4.26886e-11  1.14439e-21 -1.42778e-10  4.07074e-22 -7.28695e-11 -3.17483e-24 -2.60654e-11 -5.39603e-23 -7.57356e-12 -1.55724e-23 -1.86779e-12   4.7676e-24 -3.95137e-13  5.75772e-24 -7.07569e-14  2.07472e-24 -1.01495e-14 -1.73408e-26 -9.35954e-16 -4.03568e-25  3.90101e-17 -2.36021e-25  4.47085e-17 -8.02811e-26  1.34157e-17 -1.65386e-26  2.94787e-18 -4.96099e-28  5.41059e-19  1.21885e-27  8.66967e-20  6.09226e-28  1.23647e-20  1.90373e-28  1.58415e-21  4.59949e-29  1.83065e-22  9.21056e-30  1.90985e-23     1.57e-30  1.79625e-24  2.29237e-31  1.51795e-25  2.86665e-32  1.14651e-26  3.07172e-33  7.68273e-28  2.81927e-34  4.52214e-29  2.20171e-35  2.30712e-30  1.44115e-36  1.00199e-31  7.74157e-38  3.61285e-33  3.32272e-39  1.04288e-34  1.09375e-40  2.27653e-36  2.56556e-42  3.39681e-38  3.70261e-44  2.75029e-40  2.12608e-46
 4.67023e-19 -3.86121e-06 -4.64718e-18  1.71232e-05  2.40867e-18  0.000161943  3.21191e-17  -0.00189456 -9.22342e-17   0.00851012  1.31621e-16    -0.021295 -7.78829e-17    0.0309098 -9.60502e-17   -0.0223524  2.03159e-16  7.68523e-05 -5.73961e-17     0.010134 -1.09219e-16  -0.00151706  2.75119e-17  -0.00422672  8.51513e-17 -0.000101064 -1.49959e-17   0.00155758 -5.01648e-17  0.000606609  3.01817e-18 -0.000261593  2.09095e-17 -0.000325638  4.12192e-18 -9.84831e-05 -6.65026e-18  3.59597e-05 -4.35278e-18    4.873e-05  1.29951e-18  2.18551e-05  2.35566e-18  2.63586e-06  4.34822e-19 -3.11447e-06 -6.19428e-19 -2.61343e-06 -4.19255e-19 -1.13584e-06 -4.39732e-20 -2.83723e-07  7.10158e-20  1.76572e-09  3.94982e-20  4.39679e-08  2.16785e-21  2.72557e-08  -6.6295e-21   1.1035e-08 -2.26075e-21   3.3738e-09  1.05479e-21   7.6818e-10   1.1601e-21   1.0108e-10  3.99687e-22 -1.30402e-11  2.48347e-23 -1.46231e-11 -2.30034e-23 -6.23228e-12  3.48635e-25 -1.98022e-12  9.07607e-24 -5.25338e-13  5.66089e-24 -1.21094e-13  1.42302e-24 -2.46606e-14 -2.91963e-25 -4.46113e-15 -4.34328e-25  -7.1484e-16 -2.13271e-25 -1.00157e-16 -6.55902e-26 -1.18824e-17 -1.20674e-26 -1.09328e-18  7.02452e-29 -5.17418e-20  1.02937e-27  6.66372e-21  4.61328e-28  2.40968e-21  1.34968e-28  4.43161e-22  3.08514e-29   6.2651e-23  5.86577e-30  7.41595e-24  9.49794e-31  7.56982e-25  1.31577e-31  6.73492e-26  1.55749e-32  5.23207e-27  1.57402e-33  3.53522e-28  1.35513e-34  2.05977e-29  9.85113e-36   1.0209e-30  5.94151e-37  4.21958e-32  2.90092e-38  1.41268e-33  1.10916e-39  3.66479e-35  3.14833e-41  6.84258e-37   6.0003e-43  7.95099e-39  6.09215e-45   3.7131e-41
 8.17132e-07  2.26706e-18 -1.82736e-05  -1.0031e-17  0.000117707  1.48881e-18 -0.000184038  4.59859e-17  -0.00135509  -1.1265e-16   0.00859181  1.59234e-16   -0.0228078 -9.60502e-17     0.032202 -1.15497e-16   -0.0202532  2.20854e-16  -0.00409792 -2.15168e-17    0.0110616 -1.48374e-16  0.000721822  1.67931e-17   -0.0047122  1.01725e-16  -0.00123917 -6.02181e-18   0.00144177 -5.45571e-17   0.00102471 -3.80279e-18 -2.30229e-05  2.20326e-17 -0.000348378    6.591e-18 -0.000191048 -7.21472e-18 -1.40095e-05 -5.01941e-18  4.33968e-05  1.52967e-18   3.1853e-05  2.66356e-18  1.07874e-05  5.46285e-19  1.55316e-07 -6.10965e-19 -2.12295e-06 -4.51724e-19 -1.45304e-06 -8.79957e-20 -5.90124e-07  3.92604e-20 -1.49949e-07  2.62252e-20 -8.17074e-09  2.89755e-22  1.53469e-08 -5.03423e-21  1.03577e-08 -1.00858e-21  4.36687e-09  1.42237e-21  1.41983e-09  1.17231e-21  3.70957e-10  4.11706e-22   7.5527e-11  7.52313e-23  9.85706e-12  1.87189e-23 -4.26021e-13  1.86802e-23 -8.04308e-13  1.32558e-23 -3.29249e-13  5.38776e-24 -9.74699e-14  8.37544e-25 -2.40103e-14 -4.66055e-25 -5.16027e-15 -4.16858e-25 -9.88526e-16 -1.78205e-25 -1.70643e-16 -4.98981e-26 -2.66948e-17 -8.16172e-27 -3.79397e-18  3.65968e-28 -4.90051e-19   7.9653e-28 -5.74476e-20  3.24097e-28 -6.09395e-21  8.89312e-29 -5.82261e-22  1.92233e-29 -4.97825e-23  3.46505e-30  -3.7741e-24  5.31839e-31 -2.50466e-25  6.97166e-32 -1.42775e-26  7.78614e-33 -6.78052e-28  7.39259e-34 -2.53205e-29  5.94221e-35 -6.39243e-31  3.99791e-36 -3.47528e-33  2.20543e-37  6.00193e-34  9.68895e-39  3.38138e-35  3.25124e-40  9.98923e-37  7.76072e-42  1.73006e-38  1.13957e-43    1.473e-40  6.64399e-46
-1.85147e-19  2.96589e-06  6.63618e-18 -4.92298e-05 -1.71321e-17  0.000322544 -3.71589e-19 -0.000925192  5.29353e-17  0.000153792 -1.20092e-16    0.0070514  1.82858e-16   -0.0223524 -1.15497e-16    0.0316816 -1.35725e-16    -0.017151  2.35572e-16  -0.00787546  1.38559e-17    0.0108736 -1.75799e-16   0.00313331  2.43912e-19  -0.00453911   1.1163e-16  -0.00240387  5.47442e-18  0.000990088 -5.56392e-17   0.00132772 -9.37901e-18  0.000303945  2.16459e-17 -0.000277755  7.58469e-18 -0.000259952 -7.68597e-18 -8.04523e-05 -5.28453e-18  1.95251e-05  1.80128e-18  3.37524e-05  2.94192e-18  1.81837e-05  7.18043e-19  4.89523e-06 -5.29022e-19 -4.05717e-07 -4.58124e-19 -1.20461e-06 -1.40955e-19  -7.3436e-07 -8.81662e-21 -2.88992e-07  1.92104e-21 -7.77414e-08  -6.5455e-21 -9.87197e-09 -5.17351e-21  3.50367e-09 -3.48872e-22  3.15234e-09  1.56991e-21  1.43174e-09  1.13228e-21  4.92347e-10  4.35964e-22  1.39417e-10  1.40552e-22  3.32248e-11  6.48231e-23  6.58143e-12  3.66528e-23  1.01198e-12  1.68095e-23  8.69679e-14  5.07583e-24  -1.2289e-14  4.28073e-25 -8.39939e-15 -5.21023e-25 -2.60744e-15  -3.6023e-25 -6.20396e-16 -1.37555e-25 -1.25092e-16 -3.52907e-26 -2.21825e-17 -5.09726e-27 -3.51977e-18   4.5504e-28 -5.04136e-19  5.68397e-28 -6.54629e-20  2.11739e-28   -7.719e-21  5.45513e-29 -8.26258e-22  1.11433e-29 -8.01401e-23  1.90131e-30 -7.01978e-24  2.76025e-31 -5.52634e-25  3.41449e-32 -3.88455e-26    3.586e-33 -2.41685e-27  3.18584e-34 -1.31573e-28  2.37903e-35 -6.17185e-30  1.47206e-36 -2.44266e-31  7.36537e-38 -7.91684e-33   2.8769e-39 -2.00897e-34  8.31403e-41 -3.70575e-36  1.61136e-42 -4.29525e-38   1.6634e-44  -2.0198e-40
 2.98555e-08 -1.38381e-18  4.55449e-06  1.41191e-17 -8.61725e-05 -2.40065e-17  0.000600672 -1.46917e-18  -0.00200575  4.61905e-17   0.00255429 -1.11739e-16   0.00403073  2.03159e-16   -0.0202532 -1.35725e-16    0.0299306 -1.55331e-16   -0.0137213  2.45804e-16   -0.0108858  4.55878e-17   0.00974892 -1.90056e-16   0.00536604 -1.86694e-17  -0.00373953  1.13852e-16  -0.00338588   1.6537e-17  0.000260756 -5.25935e-17   0.00142913 -1.23184e-17  0.000652582  2.00049e-17 -0.000112499  6.85326e-18 -0.000277682  -8.3687e-18 -0.000145652 -5.33605e-18 -1.99118e-05  2.07462e-18  2.41397e-05  3.22305e-18  2.14504e-05  9.88388e-19  9.49692e-06  -3.4843e-19  2.15824e-06 -4.23338e-19 -3.15731e-07 -1.94592e-19 -5.85569e-07 -7.03977e-20 -3.35856e-07 -3.38979e-20 -1.31267e-07 -2.00087e-20 -3.77942e-08 -8.52846e-21 -7.16474e-09 -1.11327e-21 -8.71374e-11  1.17391e-21  6.53012e-10  9.42414e-22  3.59719e-10  4.35971e-22  1.33675e-10  2.00466e-22  4.01768e-11  1.05355e-22  1.03104e-11  5.09926e-23   2.3053e-12   1.9188e-23  4.50894e-13  4.76781e-24   7.6376e-14  2.20328e-25  1.08361e-14 -4.74694e-25    1.163e-15 -2.81238e-25  5.29548e-17 -9.77959e-26 -1.49823e-17 -2.31123e-26 -5.64577e-18 -2.91181e-27 -1.23484e-18  4.19666e-28 -2.13422e-19  3.76017e-28 -3.13953e-20  1.28924e-28 -4.04276e-21  3.11988e-29 -4.61187e-22  6.01691e-30 -4.68147e-23   9.7016e-31 -4.22846e-24  1.32917e-31 -3.38735e-25  1.54719e-32 -2.39193e-26  1.52271e-33 -1.47525e-27   1.2604e-34 -7.84601e-29  8.69693e-36 -3.53525e-30  4.91426e-37 -1.31647e-31  2.20843e-38 -3.90747e-33  7.55763e-40 -8.73364e-35   1.8346e-41 -1.32891e-36  2.73748e-43 -1.09312e-38  1.62145e-45
-4.72482e-19  1.14441e-06 -4.55006e-18 -3.11597e-06  2.35862e-17 -8.72448e-05 -2.79575e-17   0.00082392   5.2962e-19  -0.00315522  2.25008e-17   0.00542247 -8.92745e-17  7.68523e-05  2.20854e-16    -0.017151 -1.55331e-16    0.0276149 -1.72257e-16   -0.0104691  2.49717e-16    -0.013022  7.17163e-17   0.00797692 -1.91801e-16    0.0071747 -3.65187e-17  -0.00245041  1.08133e-16  -0.00402946  2.48028e-17 -0.000632798 -4.53664e-17   0.00128675 -1.16737e-17  0.000946367  1.77631e-17  0.000122544  4.54748e-18 -0.000228323 -9.53732e-18 -0.000189144 -5.47417e-18 -6.56715e-05  2.23637e-18  3.34767e-06  3.51128e-18  1.81317e-05  1.38446e-18  1.20024e-05 -4.72686e-20  4.68315e-06 -3.29572e-19  9.83769e-07 -2.35847e-19 -1.34802e-07 -1.38694e-19 -2.42301e-07 -7.95007e-20 -1.36564e-07 -4.08317e-20 -5.38459e-08 -1.62381e-20 -1.64603e-08 -4.02451e-21 -3.85701e-09 -7.91507e-23 -5.79754e-10  4.80427e-22   2.1447e-11  3.54705e-22  5.55757e-11  2.26867e-22  2.55319e-11  1.29126e-22  8.37797e-12  5.85436e-23  2.27343e-12  1.98314e-23   5.3562e-13  4.38844e-24  1.11949e-13  1.61581e-25  2.09741e-14 -3.68988e-25  3.53796e-15 -1.98422e-25  5.37438e-16 -6.37474e-26  7.32552e-17 -1.39256e-26  8.88406e-18 -1.49265e-27  9.43015e-19  3.30055e-28  8.47337e-20  2.31628e-28  5.93275e-21  7.33065e-29  2.29187e-22  1.66586e-29 -1.50995e-23  3.02949e-30 -4.44728e-24  4.60749e-31 -5.85533e-25  5.94278e-32 -5.69269e-26  6.48976e-33 -4.46747e-27  5.96312e-34 -2.90002e-28  4.57747e-35 -1.55961e-29  2.90099e-36 -6.86662e-31   1.4848e-37 -2.41519e-32  5.92319e-39 -6.51022e-34  1.74309e-40 -1.25136e-35  3.43206e-42 -1.48483e-37  3.59763e-44 -7.02934e-40
-2.13189e-07 -7.64866e-19  5.40543e-06 -1.00264e-17 -3.50766e-05  3.21181e-17  1.46566e-05 -2.65503e-17  0.000793013  6.88328e-18  -0.00396169 -1.60087e-17   0.00814044 -5.73961e-17  -0.00409792  2.35572e-16   -0.0137213 -1.72257e-16    0.0252639 -1.84409e-16   -0.0076593  2.46097e-16   -0.0143631  9.12542e-17   0.00585007 -1.82758e-16   0.00843716 -5.09932e-17 -0.000857045  9.48199e-17  -0.00425287  2.87953e-17  -0.00155472 -3.45972e-17  0.000908061 -7.07618e-18   0.00111847  1.58122e-17   0.00038307  1.19566e-18 -0.000112898 -1.13312e-17 -0.000194211 -6.01668e-18 -0.000104825  2.12467e-18 -2.41311e-05  3.76946e-18  7.88264e-06  1.90515e-18  1.09318e-05  3.83057e-19  6.11213e-06 -1.61313e-19  2.21935e-06 -2.49089e-19  4.77035e-07 -2.03656e-19 -2.44806e-08 -1.30761e-19 -8.20171e-08  -6.8279e-20 -4.78093e-08 -2.86343e-20 -1.92642e-08 -9.43177e-21 -6.16878e-09  -2.3782e-21 -1.62041e-09 -3.52804e-22 -3.42241e-10  1.37279e-22 -5.16087e-11  1.94074e-22 -1.95052e-12  1.27263e-22   2.1736e-12  5.71432e-23  1.03967e-12  1.83367e-23  3.22057e-13   3.8027e-24  8.08512e-14  1.59493e-25  1.75331e-14 -2.50996e-25  3.37426e-15 -1.26624e-25  5.84167e-16   -3.792e-26  9.16427e-17 -7.65482e-27  1.30774e-17  -6.6141e-28   1.7003e-18  2.32062e-28  2.01445e-19   1.3332e-28  2.17237e-20  3.89929e-29  2.12772e-21  8.31404e-30  1.88673e-22  1.42358e-30  1.50816e-23  2.03799e-31  1.08069e-24  2.46814e-32  6.89197e-26  2.52034e-33  3.87555e-27  2.15335e-34  1.89813e-28  1.52505e-35  7.96285e-30  8.81649e-37  2.79463e-31  4.04839e-38  7.92356e-33  1.41298e-39   1.7166e-34  3.48811e-41  2.57091e-36  5.28268e-43  2.11416e-38  3.17517e-45
 1.00993e-18 -6.23566e-07 -3.93015e-19  1.36797e-05 -1.69354e-17 -0.000100952  3.61361e-17  0.000272875 -1.84327e-17   0.00033079  1.64187e-17  -0.00404056 -6.27027e-17     0.010134 -2.15168e-17  -0.00787546  2.45804e-16   -0.0104691 -1.84409e-16     0.023183 -1.90316e-16  -0.00535642  2.34874e-16   -0.0150727  1.04259e-16   0.00360244 -1.64941e-16    0.0091322 -6.12844e-17  0.000854604  7.46889e-17  -0.00404505  2.78564e-17  -0.00237608 -2.14679e-17   0.00034275  1.25458e-18     0.001126  1.50686e-17  0.000616596 -2.41744e-18  5.04762e-05 -1.36939e-17 -0.000153217 -7.19569e-18 -0.000124757  1.58082e-18 -5.08141e-05  3.92572e-18 -7.11348e-06  2.51334e-18  5.98822e-06  9.29566e-19   5.6779e-06  8.83855e-20   2.8671e-06 -2.20232e-19  1.01015e-06 -2.54023e-19  2.37065e-07 -1.81685e-19   1.4343e-08 -9.99741e-20 -2.02681e-08 -4.49578e-20 -1.36274e-08 -1.71225e-20 -5.74477e-09 -5.68816e-21 -1.91248e-09 -1.58021e-21 -5.34637e-10 -2.42098e-22 -1.27878e-10   8.9877e-23 -2.60433e-11  9.66048e-23   -4.356e-12   4.6445e-23 -5.26017e-13  1.46781e-23 -1.52947e-14  2.91562e-24  1.49785e-14  1.31087e-25  5.82242e-15 -1.56186e-25  1.47469e-15 -7.38773e-26  3.02911e-16 -2.05927e-26  5.36698e-17 -3.81369e-27  8.41337e-18 -2.33773e-28    1.181e-18  1.48526e-28  1.49285e-19  7.18272e-29  1.70267e-20  1.94238e-29  1.75129e-21  3.88153e-30  1.62032e-22  6.24679e-31  1.34258e-23  8.39878e-32  9.89953e-25  9.52296e-33  6.43947e-26  9.06053e-34  3.65272e-27  7.16589e-35  1.77898e-28  4.65513e-36  7.28304e-30  2.43544e-37  2.43224e-31  9.91747e-39  6.33424e-33  2.97286e-40  1.19428e-34  5.94557e-42  1.40921e-36  6.32048e-44  6.71907e-39
-5.55728e-08  2.45283e-18 -2.64032e-07  9.94748e-19   2.0348e-05 -2.34686e-17 -0.000184794  3.31816e-17   0.00067219 -3.63603e-18 -0.000607693  2.56428e-17  -0.00320103 -1.09219e-16    0.0110616  1.38559e-17   -0.0108858  2.49717e-16   -0.0076593 -1.90316e-16    0.0214791 -1.89597e-16  -0.00350796  2.17125e-16   -0.0153233   1.1197e-16   0.00139258 -1.40231e-16   0.00930309 -6.78152e-17   0.00252648  4.88337e-17  -0.00344898  2.19111e-17  -0.00299436 -7.51291e-18 -0.000331726  1.25834e-17  0.000956674  1.62546e-17   0.00077454  -5.4357e-18  0.000231026 -1.63756e-17 -7.01603e-05 -9.08009e-18 -0.000117168  5.08446e-19 -6.85547e-05  3.89837e-18 -2.27076e-05  3.14186e-18 -1.68783e-06  1.55556e-18  3.27238e-06  4.12945e-19  2.59267e-06 -1.41302e-19  1.23376e-06 -2.80105e-19  4.33091e-07 -2.25566e-19  1.12265e-07 -1.32211e-19  1.70747e-08 -6.33863e-20 -2.02356e-09 -2.62893e-20 -2.79108e-09 -9.70861e-21 -1.32848e-09 -3.11504e-21 -4.65997e-10 -7.61712e-22 -1.35749e-10 -7.76854e-23  -3.4237e-11  4.13954e-23 -7.60799e-12  2.82679e-23 -1.49849e-12  9.33583e-24 -2.60954e-13  1.74959e-24 -3.96732e-14  3.69211e-26 -5.09945e-15 -1.00039e-25 -5.07252e-16 -4.11926e-26 -2.56961e-17 -1.04352e-26  3.71322e-18 -1.73984e-27  1.43722e-18 -5.25671e-29   2.8572e-19  8.66183e-29  4.37593e-20  3.61726e-29  5.62111e-21  9.05792e-30  6.23918e-22  1.69505e-30  6.05171e-23  2.55971e-31  5.14259e-24  3.22446e-32  3.81771e-25  3.41232e-33  2.45827e-26  3.01311e-34  1.35725e-27  2.19491e-35  6.31805e-29   1.2992e-36  2.42044e-30   6.0935e-38  7.36289e-32  2.16915e-39  1.68077e-33  5.44839e-41   2.6036e-35  8.37246e-43  2.17366e-37  5.09965e-45
-9.91449e-19 -4.55019e-07  4.13195e-18  3.70065e-06  3.30915e-18  9.65793e-06  -2.7953e-17  -0.00023308  2.32756e-17   0.00109897   1.6552e-17  -0.00188049  3.03244e-17  -0.00151706 -1.48374e-16    0.0108736  4.55878e-17    -0.013022  2.46097e-16  -0.00535642 -1.89597e-16    0.0201366 -1.83169e-16  -0.00201907  1.94749e-16   -0.0152574  1.16697e-16 -0.000686592 -1.10217e-16   0.00902454 -7.16021e-17   0.00403947  1.86218e-17   -0.0025416  1.12519e-17  -0.00334265  5.60625e-18  -0.00102625  2.57856e-17  0.000628415  1.97193e-17  0.000822105 -7.13213e-18  0.000392596 -1.89945e-17  4.00507e-05 -1.15475e-17 -8.07724e-05 -1.08171e-18 -7.11845e-05  3.62895e-18 -3.41269e-05   3.7114e-18 -9.84445e-06  2.20626e-18 -4.53277e-07  7.90942e-19  1.41552e-06 -1.36396e-20  1.03585e-06 -2.76298e-19  4.78399e-07 -2.56432e-19  1.69347e-07  -1.6069e-19  4.75131e-08 -8.13889e-20  1.00517e-08 -3.56766e-20  1.16373e-09 -1.39151e-20 -2.21321e-10 -4.76525e-21 -1.98727e-10 -1.35181e-21 -8.07405e-11 -2.81124e-22  -2.5016e-11 -2.76152e-23  -6.5425e-12  6.21474e-24  -1.5005e-12  3.22875e-24 -3.07295e-13  4.54358e-25 -5.67286e-14 -1.12558e-25 -9.48579e-15 -7.94256e-26 -1.43949e-15 -2.46022e-26 -1.98209e-16 -5.35625e-27 -2.47127e-17 -7.83972e-28   -2.779e-18 -9.37854e-31 -2.80105e-19  4.52709e-29 -2.50699e-20  1.69057e-29 -1.96401e-21  3.94116e-30 -1.31521e-22  6.91114e-31  -7.1964e-24  9.78255e-32 -2.87361e-25  1.15206e-32 -4.65366e-27  1.13428e-33  4.34739e-28  9.25598e-35  5.04907e-29  6.17558e-36  3.07304e-30  3.30508e-37  1.29649e-31  1.37398e-38  3.90686e-33  4.19779e-40  8.03753e-35  8.53364e-42  9.88977e-37  9.19609e-44   4.7275e-39
 3.65485e-08 -2.41104e-18 -1.50436e-06  5.66691e-18  1.45855e-05  6.18852e-18 -3.87417e-05 -2.98961e-17 -0.000169144   9.0852e-18    0.0013679  3.99171e-17  -0.00319721  2.75119e-17  0.000721822 -1.75799e-16   0.00974892  7.17163e-17   -0.0143631  2.34874e-16  -0.00350796 -1.83169e-16     0.019089 -1.73151e-16 -0.000797063   1.7002e-16   -0.0149785  1.21325e-16  -0.00258869 -7.61962e-17   0.00838003 -7.36001e-17   0.00531285 -1.43116e-17  -0.00141602  -3.5588e-18  -0.00339053  1.63549e-17  -0.00165416  3.95092e-17  0.000183757  2.53411e-17  0.000744329  -7.0735e-18   0.00050169 -2.11361e-17  0.000155156 -1.43105e-17 -2.19378e-05 -3.05691e-18 -5.65635e-05   3.1103e-18 -3.75947e-05  4.15352e-18 -1.59016e-05  2.82041e-18 -4.31134e-06  1.18931e-18 -2.83527e-07  1.51636e-19  4.78139e-07 -2.42435e-19  3.53039e-07 -2.70307e-19  1.62238e-07 -1.81451e-19    5.813e-08 -9.62963e-20  1.71708e-08 -4.38647e-20  4.20769e-09 -1.76757e-20   8.2252e-10 -6.27764e-21  1.07771e-10 -1.91299e-21 -1.53786e-12 -4.81647e-22 -6.76971e-12 -9.63941e-23 -2.77537e-12 -1.53544e-23 -8.03715e-13 -2.54456e-24 -1.92558e-13  -7.5082e-25 -4.01657e-14 -2.74885e-25 -7.46148e-15  -8.0465e-26 -1.24882e-15 -1.81098e-26 -1.89476e-16 -3.26775e-27 -2.61411e-17 -4.27619e-28 -3.28285e-18 -3.00994e-30 -3.75075e-19  2.02203e-29 -3.89183e-20   7.1985e-30 -3.65634e-21  1.58543e-30 -3.09692e-22  2.61678e-31 -2.35119e-23  3.47435e-32 -1.58787e-24  3.82002e-33 -9.44439e-26  3.48886e-34 -4.88234e-27  2.61946e-35 -2.15494e-28  1.59085e-36 -7.92172e-30  7.62899e-38 -2.33918e-31  2.77187e-39 -5.24195e-33  7.09284e-41  -8.0587e-35    1.107e-42 -6.74774e-37  6.82974e-45
 5.36156e-19  9.66006e-09 -4.11862e-18 -2.58564e-06   6.8017e-18  3.13226e-05   9.3023e-18 -0.000133043 -3.02554e-17  6.53849e-05 -5.13653e-18   0.00129809   6.3723e-17  -0.00422672  1.67931e-17   0.00313331 -1.90056e-16   0.00797692  9.12542e-17   -0.0150727  2.17125e-16  -0.00201907 -1.73151e-16    0.0182649   -1.625e-16  0.000231427  1.45148e-16   -0.0145564  1.28565e-16  -0.00429606 -3.92626e-17    0.0074493  -7.4292e-17   0.00629824 -4.80883e-17  -0.00016865 -2.16754e-17   -0.0031402  2.35746e-17  -0.00214172    5.236e-17 -0.000318597  3.25343e-17  0.000547886  -5.2088e-18   0.00053445 -2.24557e-17  0.000250826 -1.69853e-17  4.68489e-05 -5.18171e-18 -2.73744e-05  2.39923e-18 -3.16332e-05   4.4302e-18 -1.78794e-05  3.34394e-18 -7.02847e-06  1.57008e-18 -1.91588e-06  3.36114e-19 -2.31207e-07  -1.8353e-19  1.10355e-07 -2.65909e-19  9.72004e-08 -1.91708e-19  4.60522e-08 -1.05905e-19  1.67856e-08 -4.96025e-20  5.10955e-09 -2.04064e-20  1.33667e-09 -7.40602e-21  3.02499e-10 -2.34577e-21  5.85516e-11 -6.41174e-22  9.29213e-12 -1.51851e-22  1.04526e-12 -3.25859e-23  1.66309e-14 -7.03848e-24 -3.22496e-14 -1.66515e-24 -1.15123e-14 -4.03052e-25 -2.76298e-15 -8.76799e-26 -5.40788e-16 -1.62148e-26 -9.13452e-17 -2.56492e-27 -1.36299e-17 -3.26137e-28 -1.81602e-18  -1.7248e-29 -2.17052e-19  6.66074e-30 -2.32934e-20   2.6734e-30 -2.24078e-21  5.77385e-31 -1.92477e-22  9.08754e-32 -1.46737e-23  1.13725e-32  -9.8446e-25  1.16828e-33 -5.74604e-26  9.87874e-35 -2.87303e-27   6.7959e-36 -1.20482e-28  3.73185e-37 -4.11245e-30  1.58677e-38 -1.09227e-31  4.95016e-40  -2.0958e-33  1.02515e-41 -2.51143e-35  1.12147e-43 -1.21358e-37
