  0.00231836  1.09206e-17  -0.00900001 -3.97139e-17   0.00947905  4.49677e-17 -0.000469081 -1.53018e-17  -0.00437249 -5.10264e-18  0.000190701  5.07352e-18   0.00211716 -6.33227e-19  0.000307648 -1.32068e-18   -0.0009042   5.5828e-19 -0.000397158  4.43284e-19  0.000268818 -1.77841e-19  0.000262275 -1.21815e-19 -1.20381e-05 -1.33942e-19 -0.000108042  -6.7347e-20 -4.02306e-05  1.05227e-19   2.1557e-05  3.25071e-20  2.34126e-05 -6.32988e-21  3.84034e-06 -2.18821e-20 -5.27404e-06 -1.83706e-21 -3.64045e-06  5.61349e-21 -4.31705e-07  1.71083e-21  6.39032e-07  3.87293e-22  4.10377e-07 -5.39778e-22  8.79864e-08  -3.7229e-22  -1.9794e-08 -6.61665e-24 -1.97412e-08  4.99041e-23 -6.43919e-09  1.59949e-23 -1.08971e-09  3.16306e-26 -7.25475e-11  -2.9727e-25  4.43082e-12 -8.24843e-26  6.18772e-13
 1.09206e-17    0.0137354  1.74138e-17   -0.0270884 -4.25941e-17    0.0152618  2.51582e-17   0.00751584  2.24211e-18  -0.00810874 -9.10873e-19  -0.00391844 -6.39075e-19   0.00341794 -6.87322e-19   0.00250727 -7.09003e-19  -0.00098709  2.00291e-19  -0.00141047  9.72627e-19 -5.97374e-06  4.17195e-19  0.000599061 -1.14238e-19  0.000221236 -5.02751e-19 -0.000151616 -2.36279e-19  -0.00014587  1.91735e-19 -7.22336e-06  1.00424e-19  4.70303e-05  -1.1322e-20   2.3968e-05 -4.77538e-20 -2.94371e-06 -5.85581e-21 -8.19369e-06  9.70997e-21 -3.31172e-06  4.40694e-21  2.38294e-07  1.56374e-21  7.99472e-07 -8.76936e-22  3.57423e-07  -6.8097e-22  5.74161e-08 -8.07596e-23 -1.38935e-08  8.12082e-23 -1.00698e-08  2.33437e-23 -2.59166e-09  9.07421e-25 -3.48108e-10 -2.00112e-25 -2.12363e-11 -5.20998e-26
 -0.00900001  1.74138e-17    0.0369695  1.25785e-17   -0.0436233  -2.6937e-17   0.00806005 -7.62612e-18    0.0189076   9.5511e-18  -0.00525344  3.09913e-18  -0.00954705  1.77426e-18   0.00138856  3.38604e-19   0.00483209 -3.47091e-18  0.000459247 -1.22149e-18  -0.00209144  2.26819e-18  -0.00083668  1.68326e-18  0.000627196  1.06042e-19  0.000573934  -8.5185e-19  -3.3411e-05  -3.9636e-19 -0.000234996  2.19753e-19 -8.75252e-05  1.72373e-19  4.32069e-05 -1.44693e-20  4.87879e-05 -7.52488e-20  1.00979e-05 -1.32266e-20 -8.85787e-06  9.50266e-21 -7.08026e-06  6.86858e-21 -1.58279e-06  2.99031e-21  6.09564e-07 -6.94481e-22  5.73783e-07 -7.89587e-22  1.93886e-07  -1.2228e-22  2.78705e-08  8.86742e-23 -2.48001e-09  1.97032e-23 -1.78291e-09  1.30569e-24 -2.91858e-10 -4.68318e-26 -1.49756e-11
-3.97139e-17   -0.0270884  1.25785e-17    0.0592316   2.1433e-17   -0.0431351 -1.63988e-17  -0.00873818 -8.68406e-18    0.0232852 -5.85369e-18   0.00300019 -4.11912e-19   -0.0116236  9.82328e-18   -0.0028261  3.33844e-18   0.00523302 -7.31978e-18   0.00250816 -4.11803e-18  -0.00181361  2.47063e-18  -0.00168267  2.88613e-18  0.000257387   6.4871e-19  0.000813448 -1.01395e-18  0.000203824 -5.14186e-19 -0.000238939   2.1798e-19 -0.000179394  2.46973e-19  4.21209e-06 -1.25748e-20  6.20237e-05 -9.49684e-20  2.90751e-05  -2.1918e-20 -3.01079e-06   3.2999e-21 -9.05441e-06  6.70178e-21 -4.05941e-06  3.89517e-21 -3.54752e-07  2.99898e-22  4.68323e-07 -4.67573e-22  2.66326e-07  -5.6842e-24  7.15212e-08  9.55541e-23  1.01759e-08  1.53325e-23  5.17127e-10  1.66038e-24 -3.07892e-11  3.32653e-26
  0.00947905 -4.25941e-17   -0.0436233   2.1433e-17    0.0631101  1.37773e-17   -0.0273218  7.87371e-18   -0.0210561  1.38493e-18    0.0185879 -2.04981e-17   0.00995427 -8.21208e-18  -0.00956496  1.47467e-17  -0.00619737  7.61481e-18    0.0039091 -8.96848e-18   0.00395431 -7.30721e-18 -0.000902505  1.04811e-18  -0.00214983   3.3424e-18 -0.000291464  1.12194e-18  0.000849721 -1.02532e-18  0.000454888 -5.81111e-19 -0.000156404  2.24059e-19 -0.000244698  3.17971e-19  -5.6825e-05  3.69502e-21  5.55836e-05 -8.78171e-20  4.59839e-05 -2.64402e-20  8.08762e-06 -8.16001e-21 -7.45529e-06  2.17094e-21 -5.81198e-06   4.2373e-21  -1.6952e-06  2.15409e-21  7.22378e-10  4.70661e-22  1.85588e-07  3.46862e-22  7.31202e-08  1.39584e-22  1.44753e-08  1.96522e-23  1.49044e-09  2.09928e-24  5.45835e-11
 4.49677e-17    0.0152618  -2.6937e-17   -0.0431351  1.37773e-17    0.0491128 -6.20758e-18   -0.0118962  2.48948e-17   -0.0233225    1.417e-17     0.011803 -2.54321e-17    0.0126533 -1.44016e-17  -0.00637086  1.67841e-17  -0.00776705  1.23225e-17     0.002156  -7.7861e-18   0.00460128 -9.06753e-18  0.000122354 -7.02718e-19  -0.00224809  3.17562e-18  -0.00082823  1.26412e-18  0.000721917 -9.58107e-19  0.000655649 -6.27938e-19 -1.76865e-05  2.10282e-19 -0.000266872  3.57535e-19 -0.000122439  4.25896e-20  2.99345e-05 -4.24378e-20  5.44134e-05 -2.43769e-20  2.09026e-05 -2.36292e-20 -2.19243e-06 -6.88122e-21 -5.71336e-06  4.36498e-21 -2.68739e-06   4.5591e-21 -5.84723e-07  1.95613e-21 -7.56208e-09  8.54612e-22  3.08675e-08  2.08737e-22  8.05919e-09  2.60791e-23  8.05001e-10  1.61141e-24
-0.000469081  2.51582e-17   0.00806005 -1.63988e-17   -0.0273218 -6.20758e-18    0.0338544 -2.03717e-17  -0.00569868  3.15718e-17    -0.020979  2.30909e-17   0.00746412 -2.49467e-17    0.0131156 -1.79615e-17  -0.00383321  1.76552e-17  -0.00832354  1.64329e-17  0.000585915 -4.70514e-18   0.00476014 -8.79145e-18    0.0010588 -1.73327e-18  -0.00210131  2.75681e-18  -0.00128263  1.19063e-18  0.000485923  -8.3231e-19  0.000782749 -7.17253e-19  0.000147466  1.07676e-19 -0.000243298  3.32141e-19 -0.000178034  1.03449e-19 -9.63266e-06  3.17584e-20  5.09001e-05 -1.96563e-20  3.12849e-05 -4.33741e-20  5.28799e-06 -1.91552e-20 -3.44606e-06  4.29917e-21  -2.7168e-06  6.88056e-21 -9.24417e-07  3.49243e-21 -1.72658e-07  1.25826e-21 -1.42821e-08  2.38229e-22  3.93313e-10  2.28216e-23  9.61524e-11
-1.53018e-17   0.00751584 -7.62612e-18  -0.00873818  7.87371e-18   -0.0118962 -2.03717e-17    0.0267928 -2.74591e-17  -0.00443899  3.32359e-17   -0.0193851  2.72611e-17   0.00495722   -2.512e-17    0.0131596 -2.10171e-17  -0.00183767  1.65578e-17  -0.00845122  1.82988e-17 -0.000791332 -1.16734e-18   0.00462332 -7.19812e-18   0.00187368  -2.1068e-18  -0.00178718  2.23356e-18  -0.00163154  1.17955e-18  0.000183488  -6.3732e-19  0.000828979 -8.90015e-19  0.000314432 -1.15636e-19 -0.000178453  2.37585e-19 -0.000212765  1.79757e-19 -5.53018e-05  1.11234e-19   3.5079e-05 -1.91311e-20  3.56655e-05 -6.75429e-20  1.25448e-05 -3.17697e-20  3.01971e-07  3.84562e-21 -1.66729e-06  8.34265e-21 -8.08155e-07  4.34576e-21 -2.00692e-07  1.30506e-21 -2.81036e-08  1.90407e-22 -1.87517e-09   1.1046e-23
 -0.00437249  2.24211e-18    0.0189076 -8.68406e-18   -0.0210561  2.48948e-17  -0.00569868 -2.74591e-17    0.0247749 -3.29461e-17  -0.00331863  3.27702e-17   -0.0185344  2.75422e-17    0.0028675 -2.62312e-17    0.0129899 -2.41081e-17 -0.000107324   1.2408e-17  -0.00827572  1.71298e-17  -0.00199183  1.70769e-18   0.00427153 -5.46803e-18   0.00254842 -2.34328e-18  -0.00135859  1.74677e-18   -0.0018645  1.48946e-18 -0.000150899 -3.58446e-19  0.000795559 -1.11991e-18  0.000462841 -4.13882e-19 -8.14133e-05  1.16201e-19 -0.000219786  2.64754e-19 -9.82158e-05   1.7402e-19  9.52989e-06 -2.69977e-20  3.20006e-05 -9.20821e-20  1.69433e-05  -4.0466e-20  4.04493e-06  3.06568e-21 -5.91921e-08  8.34471e-21 -3.55375e-07  4.08548e-21 -1.12573e-07  9.85831e-22 -1.61912e-08  1.01468e-22 -8.13624e-10
-5.10264e-18  -0.00810874   9.5511e-18    0.0232852  1.38493e-18   -0.0233225  3.15718e-17  -0.00443899 -3.29461e-17    0.0227704 -3.47489e-17   -0.0018606  3.13344e-17   -0.0175692  2.63583e-17   0.00112007 -2.55884e-17    0.0125588 -2.63388e-17   0.00134514  5.98757e-18  -0.00788127  1.40761e-17  -0.00300223  3.63399e-18    0.0037744  -4.3747e-18   0.00307677 -2.75636e-18 -0.000859799  1.54047e-18  -0.00198134  2.20517e-18 -0.000488656 -2.42348e-20  0.000689585 -1.33071e-18  0.000576668 -6.87198e-19   3.5737e-05  3.64837e-20 -0.000196421  3.48927e-19 -0.000129785  2.09014e-19  -2.0686e-05 -4.09644e-20  2.04567e-05   -1.076e-19  1.66222e-05 -4.14712e-20  6.13552e-06  2.26403e-21  1.22858e-06   6.8699e-21  8.70167e-08  2.95548e-21 -1.49607e-08  5.36407e-22 -3.11521e-09  3.17038e-23
 0.000190701 -9.10873e-19  -0.00525344 -5.85369e-18    0.0185879    1.417e-17    -0.020979  3.32359e-17  -0.00331863 -3.47489e-17    0.0206412 -3.24954e-17 -0.000957719  3.00571e-17   -0.0165538  2.68618e-17 -0.000215461 -2.14087e-17    0.0120144 -2.69181e-17     0.002544 -4.15636e-19  -0.00736256  1.13092e-17  -0.00383942  4.80581e-18   0.00318454 -4.17056e-18   0.00346527 -3.38042e-18 -0.000323833   1.7591e-18  -0.00198742  3.14008e-18 -0.000806742  2.59285e-19  0.000521756 -1.45276e-18  0.000644003 -8.35948e-19  0.000159086  4.52341e-20 -0.000144211  4.13813e-19 -0.000142929  2.16391e-19 -4.88503e-05 -5.19471e-20  3.69834e-06 -1.04486e-19  1.14178e-05 -3.40503e-20  5.67484e-06  1.70302e-21  1.56816e-06  4.62807e-21  2.59092e-07  1.64095e-21  2.30694e-08   1.9984e-22  7.13711e-10
 5.07352e-18  -0.00391844  3.09913e-18   0.00300019 -2.04981e-17     0.011803  2.30909e-17   -0.0193851  3.27702e-17   -0.0018606 -3.24954e-17    0.0190629 -2.90418e-17 -0.000376021  2.90556e-17   -0.0157048  3.02214e-17  -0.00128754 -1.42808e-17    0.0114419 -2.57232e-17   0.00355247 -4.60047e-18  -0.00676674  1.01805e-17  -0.00452627  5.21167e-18   0.00253406  -4.8572e-18   0.00372236 -4.08588e-18   0.00022442  2.31182e-18  -0.00189032   3.8988e-18  -0.00108607  3.50187e-19  0.000305362 -1.45831e-18  0.000656884 -8.12337e-19   0.00027378  1.26436e-19 -6.89213e-05  4.36202e-19 -0.000133337  2.04529e-19 -6.78531e-05 -4.87874e-20  -1.3452e-05 -8.05105e-20    3.327e-06 -2.11777e-20  3.18342e-06  1.50472e-21  1.04941e-06  2.58564e-21  1.86167e-07  6.90604e-22  1.58475e-08  4.43068e-23
  0.00211716 -6.39075e-19  -0.00954705 -4.11912e-19   0.00995427 -2.54321e-17   0.00746412  2.72611e-17   -0.0185344  3.13344e-17 -0.000957719 -2.90418e-17    0.0179193 -2.79463e-17  0.000123509  2.77677e-17   -0.0149616  3.48354e-17  -0.00218732 -6.80604e-18    0.0108503 -2.34232e-17   0.00440873 -5.71271e-18  -0.00611868  1.04738e-17  -0.00507955  4.60436e-18    0.0018456 -6.21897e-18   0.00385605 -4.60967e-18  0.000764744  2.93688e-18  -0.00169895  4.08314e-18   -0.0013105   1.7483e-19  5.59378e-05 -1.35852e-18   0.00061145 -6.50261e-19  0.000364957  2.05689e-19  1.96199e-05  4.04714e-19 -0.000100722  1.85604e-19 -7.19572e-05 -2.62524e-20 -2.52889e-05 -4.35057e-20 -4.09816e-06 -7.67785e-21   3.3989e-07  1.61384e-21  3.10546e-07  1.27093e-21  5.90152e-08  2.16096e-22  3.49933e-09
-6.33227e-19   0.00341794  1.77426e-18   -0.0116236 -8.21208e-18    0.0126533 -2.49467e-17   0.00495722  2.75422e-17   -0.0175692  3.00571e-17 -0.000376021 -2.79463e-17    0.0169201 -3.05277e-17   0.00053777  2.57666e-17   -0.0142842  3.76213e-17  -0.00294685 -1.93135e-18    0.0102546 -2.08682e-17   0.00513894 -4.15343e-18  -0.00543693  1.11225e-17  -0.00551356  2.97957e-18    0.0011357 -7.70356e-18    0.0038737 -4.62849e-18   0.00128003  3.34182e-18  -0.00142339  3.53433e-18  -0.00146627 -1.95015e-19 -0.000208862 -1.18844e-18  0.000508358 -4.53341e-19   0.00041892  2.05673e-19  0.000108044    3.322e-19   -4.987e-05  1.69772e-19 -5.89791e-05  9.99335e-21 -2.75833e-05 -6.67656e-21 -7.66321e-06   2.3356e-21 -1.27481e-06  1.74698e-21 -1.06806e-07  6.00428e-22 -1.73379e-09  4.73067e-23
 0.000307648 -6.87322e-19   0.00138856  9.82328e-18  -0.00956496 -1.44016e-17    0.0131156   -2.512e-17    0.0028675  2.63583e-17   -0.0165538  2.90556e-17  0.000123509 -3.05277e-17    0.0160743 -3.48911e-17  0.000868439  2.28686e-17   -0.0136819  3.60966e-17  -0.00359918 -1.02334e-18   0.00966536 -1.81408e-17   0.00576687 -8.28182e-19  -0.00473198   1.1225e-17  -0.00583998  8.48516e-19  0.000416416  -8.5643e-18   0.00378147 -3.95979e-18   0.00175489   3.3443e-18  -0.00107493  2.46043e-18  -0.00154183 -5.76251e-19 -0.000469309 -9.95901e-19  0.000353451 -3.34072e-19   0.00042473   1.0868e-19  0.000180652  2.49649e-19  8.91128e-06  1.60597e-19 -3.23729e-05  4.62637e-20 -2.02525e-05  1.88969e-20 -6.67528e-06   7.0369e-21 -1.33554e-06  1.58339e-21 -1.50896e-07    2.673e-22 -6.46508e-09
-1.32068e-18   0.00250727  3.38604e-19   -0.0028261  1.47467e-17  -0.00637086 -1.79615e-17    0.0131596 -2.62312e-17   0.00112007  2.68618e-17   -0.0157048  2.77677e-17   0.00053777 -3.48911e-17    0.0153759  -3.7549e-17   0.00114963   1.9266e-17   -0.0131447  2.99176e-17  -0.00417327  -3.1291e-18   0.00908395 -1.45915e-17   0.00631054  3.16175e-18   -0.0040094  1.04972e-17  -0.00606708  -9.8155e-19 -0.000302598 -8.29347e-18   0.00358434 -2.71122e-18    0.0021746  2.98176e-18 -0.000666587  1.32604e-18  -0.00152802 -7.99822e-19 -0.000703771 -8.25094e-19  0.000158563 -3.38981e-19  0.000376334  -2.9034e-20  0.000221654  1.86949e-19  6.07396e-05  1.54771e-19 -1.66351e-06  6.93066e-20 -8.15559e-06  2.90204e-20 -3.28089e-06  7.11484e-21  -6.5875e-07   1.0879e-21 -6.20593e-08  8.80667e-23
  -0.0009042 -7.09003e-19   0.00483209  3.33844e-18  -0.00619737  1.67841e-17  -0.00383321 -2.10171e-17    0.0129899 -2.55884e-17 -0.000215461  3.02214e-17   -0.0149616  2.57666e-17  0.000868439  -3.7549e-17    0.0147818  -3.5573e-17   0.00139649  1.54777e-17   -0.0126615  2.08204e-17  -0.00468763 -5.99516e-18   0.00851008 -9.98033e-18   0.00678323  6.56543e-18  -0.00327207  9.19304e-18  -0.00620033 -1.92368e-18  -0.00101281 -6.95139e-18   0.00328649 -1.20481e-18    0.0025244  2.50186e-18 -0.000213765  5.53812e-19  -0.00141873 -8.13296e-19 -0.000889223 -6.95584e-19 -5.77272e-05 -4.19619e-19  0.000275182 -1.22551e-19  0.000218882  1.56803e-19  8.99194e-05  1.45773e-19   2.0967e-05  7.35109e-20  1.82055e-06  2.65059e-20 -3.87206e-07  4.81145e-21 -1.20969e-07  5.25404e-22   -8.446e-09
  5.5828e-19  -0.00098709 -3.47091e-18   0.00523302  7.61481e-18  -0.00776705  1.76552e-17  -0.00183767 -2.41081e-17    0.0125588 -2.14087e-17  -0.00128754  3.48354e-17   -0.0142842  2.28686e-17   0.00114963  -3.5573e-17    0.0142747 -2.82888e-17   0.00161571  1.18486e-17   -0.0122261  1.13198e-17   -0.0051569 -7.87404e-18    0.0079419 -5.24763e-18   0.00719503  8.38057e-18  -0.00252099  7.74809e-18  -0.00624263 -2.01538e-18  -0.00170583 -5.07485e-18   0.00289172  2.38235e-19   0.00278902  2.18974e-18  0.000264884  2.68263e-19   -0.0012121 -6.80881e-19  -0.00100236 -5.97338e-19 -0.000269856 -4.75753e-19  0.000133079 -1.21756e-19  0.000169429  1.51303e-19  8.72708e-05  1.28594e-19  2.76923e-05  6.21552e-20  5.65553e-06  1.78836e-20  6.97829e-07   2.3424e-21   4.1891e-08  1.53781e-22
-0.000397158  2.00291e-19  0.000459247 -7.31978e-18    0.0039091  1.23225e-17  -0.00832354  1.65578e-17 -0.000107324 -2.63388e-17    0.0120144 -1.42808e-17  -0.00218732  3.76213e-17   -0.0136819   1.9266e-17   0.00139649 -2.82888e-17    0.0138434 -1.78664e-17   0.00181581  8.38878e-18   -0.0118321  3.37667e-18  -0.00559304 -8.47286e-18   0.00737619  -1.8743e-18   0.00755316  8.36747e-18  -0.00175601  6.35767e-18  -0.00619446 -1.86351e-18  -0.00237256 -3.27834e-18   0.00240412  1.43645e-18   0.00295251  2.14841e-18  0.000746562  2.77567e-19 -0.000912234 -5.12801e-19  -0.00102182 -5.10773e-19 -0.000446147 -4.35469e-19  -2.5221e-05 -4.21979e-20  8.59389e-05  1.50087e-19  5.75367e-05  1.02783e-19  2.03748e-05  4.33994e-20  4.41102e-06   9.2266e-21   5.4305e-07  7.97148e-22   2.5479e-08
 4.43284e-19  -0.00141047 -1.22149e-18   0.00250816 -8.96848e-18     0.002156  1.64329e-17  -0.00845122   1.2408e-17   0.00134514 -2.69181e-17    0.0114419 -6.80604e-18  -0.00294685  3.60966e-17   -0.0131447  1.54777e-17   0.00161571 -1.78664e-17    0.0134764 -7.90469e-18   0.00200295  5.20883e-18   -0.0114737 -2.15841e-18  -0.00600527  -8.4316e-18   0.00680896 -5.79882e-19   0.00786235  7.05625e-18 -0.000976499  4.79429e-18  -0.00605416 -2.14557e-18   -0.0030024 -1.91199e-18   0.00182888  2.32797e-18   0.00299837  2.21494e-18   0.00120342   2.7038e-19 -0.000531676 -4.04656e-19 -0.000931734 -4.35138e-19 -0.000551501 -3.08777e-19 -0.000162252  5.33016e-20 -2.48248e-06    1.342e-19  1.89481e-05  7.24455e-20  8.31174e-06  2.50987e-20  1.76047e-06  3.57297e-21  1.73236e-07  1.63857e-22
 0.000268818  9.72627e-19  -0.00209144 -4.11803e-18   0.00395431  -7.7861e-18  0.000585915  1.82988e-17  -0.00827572  5.98757e-18     0.002544 -2.57232e-17    0.0108503 -1.93135e-18  -0.00359918  2.99176e-17   -0.0126615  1.18486e-17   0.00181581 -7.90469e-18    0.0131653 -8.90467e-19   0.00218156  2.75096e-18   -0.0111461   -5.326e-18  -0.00640109  -8.2088e-18   0.00623561 -7.74679e-19    0.0081251  5.23748e-18 -0.000181698  2.66897e-18  -0.00581803  -3.0754e-18  -0.00358251 -9.91793e-19   0.00117348  2.88579e-18   0.00291024  2.08589e-18   0.00160183  3.89328e-20 -9.43959e-05 -4.22606e-19 -0.000726898 -4.02559e-19 -0.000554292 -1.75822e-19 -0.000237177   1.0129e-19 -6.20759e-05  9.80764e-20   -8.463e-06  4.37183e-20  4.90583e-08  1.17659e-20  1.84445e-07  9.74451e-22  1.55015e-08
-1.77841e-19 -5.97374e-06  2.26819e-18  -0.00181361 -7.30721e-18   0.00460128 -4.70514e-18 -0.000791332  1.71298e-17  -0.00788127 -4.15636e-19   0.00355247 -2.34232e-17    0.0102546 -1.02334e-18  -0.00417327  2.08204e-17   -0.0122261  8.38878e-18   0.00200295 -8.90467e-19    0.0129038  3.06365e-18   0.00235561  1.38896e-18   -0.0108449 -6.51405e-18  -0.00678671 -7.56557e-18   0.00565097 -1.16088e-18   0.00834184  3.47219e-18  0.000628785 -8.34161e-20  -0.00548062 -4.26597e-18  -0.00409697 -3.27949e-19  0.000449114  3.09129e-18   0.00267314   1.5541e-18    0.0019023 -4.36985e-19  0.000361485 -6.10202e-19 -0.000420562 -4.62042e-19  -0.00044177 -1.21531e-19 -0.000227266  7.80227e-20 -7.52943e-05  5.20029e-20 -1.65775e-05  2.15994e-20 -2.28914e-06  4.25271e-21 -1.62074e-07  1.58442e-22
 0.000262275  4.17195e-19  -0.00083668  2.47063e-18 -0.000902505 -9.06753e-18   0.00476014 -1.16734e-18  -0.00199183  1.40761e-17  -0.00736256 -4.60047e-18   0.00440873 -2.08682e-17   0.00966536  -3.1291e-18  -0.00468763  1.13198e-17   -0.0118321  5.20883e-18   0.00218156  3.06365e-18     0.012687  5.21731e-18   0.00252845  9.88767e-19   -0.0105658 -6.05926e-18  -0.00716724 -5.94225e-18   0.00504935 -7.16673e-19   0.00851092  1.97208e-18   0.00145453 -2.97788e-18  -0.00503487 -5.04385e-18  -0.00452602  3.32244e-19 -0.000327467   2.9806e-18   0.00227584  6.63386e-19   0.00206121 -1.05997e-18  0.000780926  -9.7741e-19 -5.66471e-05 -6.33021e-19 -0.000240815 -1.69288e-19 -0.000148345  8.33511e-21 -5.23981e-05  1.29668e-20 -1.15738e-05  7.99213e-21 -1.46777e-06  1.07364e-21 -7.12146e-08
-1.21815e-19  0.000599061  1.68326e-18  -0.00168267  1.04811e-18  0.000122354 -8.79145e-18   0.00462332  1.70769e-18  -0.00300223  1.13092e-17  -0.00676674 -5.71271e-18   0.00513894 -1.81408e-17   0.00908395 -5.99516e-18   -0.0051569  3.37667e-18   -0.0114737  2.75096e-18   0.00235561  5.21731e-18    0.0125109  6.43147e-18   0.00270305  1.02189e-18   -0.0103052 -4.21644e-18  -0.00754702  -3.1224e-18   0.00442449  7.71719e-19    0.0086285  7.40718e-19   0.00229378 -5.23548e-18  -0.00447257 -4.88422e-18  -0.00484535  1.21551e-18  -0.00113143  2.66946e-18   0.00171531 -3.45872e-19   0.00203421 -1.72198e-18   0.00108916 -1.46493e-18  0.000281929  -8.6155e-19 -2.31285e-05 -2.67336e-19 -5.01904e-05 -5.94161e-20 -2.03643e-05 -8.33895e-21 -4.24763e-06  1.69148e-21 -4.18336e-07  1.48559e-22
-1.20381e-05 -1.14238e-19  0.000627196  2.88613e-18  -0.00214983 -7.02718e-19    0.0010588 -7.19812e-18   0.00427153  3.63399e-18  -0.00383942  1.01805e-17  -0.00611868 -4.15343e-18   0.00576687 -1.45915e-17   0.00851008 -7.87404e-18  -0.00559304 -2.15841e-18   -0.0111461  1.38896e-18   0.00252845  6.43147e-18    0.0123727  6.50218e-18   0.00288221  1.01664e-18   -0.0100593 -1.38617e-18   -0.0079297  4.71288e-19   0.00376949    2.797e-18   0.00868834 -2.71712e-19   0.00314273 -6.26129e-18  -0.00378503 -3.62656e-18  -0.00502536  2.42514e-18  -0.00192613  2.28626e-18   0.00100228 -1.22875e-18   0.00178103 -2.33334e-18   0.00119924  -1.9251e-18  0.000492307 -1.03154e-18  0.000126892 -3.35882e-19  1.72974e-05  -9.0169e-20 -5.53255e-08 -1.30255e-20 -3.66309e-07 -1.52642e-22 -3.09925e-08
-1.33942e-19  0.000221236  1.06042e-19  0.000257387   3.3424e-18  -0.00224809 -1.73327e-18   0.00187368 -5.46803e-18    0.0037744  4.80581e-18  -0.00452627  1.04738e-17  -0.00543693 -8.28182e-19   0.00631054 -9.98033e-18    0.0079419 -8.47286e-18  -0.00600527   -5.326e-18   -0.0108449  9.88767e-19   0.00270305  6.50218e-18    0.0122703  4.84005e-18   0.00306866  7.95964e-19  -0.00982448  1.70606e-18  -0.00831838  3.96579e-18   0.00307674     4.53e-18   0.00868149 -1.09339e-18   0.00399446 -5.92425e-18  -0.00296406 -1.43973e-18  -0.00503012  3.82456e-18  -0.00266002   1.8829e-18  0.000166901 -1.86085e-18    0.0012819 -2.78112e-18   0.00105043  -2.1689e-18  0.000508662 -1.03959e-18  0.000166484  -3.2843e-19  3.71141e-05 -8.10892e-20  5.28422e-06 -9.19555e-21   3.9195e-07 -2.28125e-22
-0.000108042 -5.02751e-19  0.000573934   6.4871e-19 -0.000291464  3.17562e-18  -0.00210131  -2.1068e-18   0.00254842  -4.3747e-18   0.00318454  5.21167e-18  -0.00507955  1.11225e-17  -0.00473198  3.16175e-18   0.00678323 -5.24763e-18   0.00737619  -8.4316e-18  -0.00640109 -6.51405e-18   -0.0105658  1.02189e-18   0.00288221  4.84005e-18    0.0122021  1.42718e-18   0.00326516  3.63342e-19  -0.00959707  4.11902e-18  -0.00871557  6.41696e-18   0.00233782  5.22685e-18   0.00859563 -1.71589e-18   0.00483769  -4.4941e-18  -0.00200293  1.28048e-18  -0.00481841  5.04304e-18  -0.00326596  1.45571e-18 -0.000726901 -2.19505e-18   0.00057967 -2.91887e-18  0.000671278 -2.07021e-18  0.000357484 -8.69763e-19  0.000120428 -2.54663e-19  2.62013e-05  -5.2257e-20  3.32198e-06 -4.20294e-21  1.62388e-07
 -6.7347e-20 -0.000151616  -8.5185e-19  0.000813448  1.12194e-18  -0.00082823  2.75681e-18  -0.00178718 -2.34328e-18   0.00307677 -4.17056e-18   0.00253406  4.60436e-18  -0.00551356   1.1225e-17   -0.0040094  6.56543e-18   0.00719503  -1.8743e-18   0.00680896  -8.2088e-18  -0.00678671 -6.05926e-18   -0.0103052  1.01664e-18   0.00306866  1.42718e-18    0.0121675 -2.85001e-18   0.00347465 -2.62169e-19  -0.00937304  5.05797e-18  -0.00912322  7.10158e-18   0.00154332  4.50775e-18   0.00841456 -2.13067e-18   0.00565576  -2.4182e-18 -0.000899906   3.9917e-18   -0.0043488  5.70886e-18  -0.00365514  1.06945e-18   -0.0015503 -2.17028e-18 -0.000174907 -2.64455e-18   0.00020625 -1.65034e-18  0.000148048 -5.98597e-19  5.10371e-05 -1.57444e-19  1.00078e-05  -2.4936e-20  9.58154e-07  -1.1836e-21
-4.02306e-05 -2.36279e-19  -3.3411e-05 -1.01395e-18  0.000849721  1.26412e-18  -0.00128263  2.23356e-18  -0.00135859 -2.75636e-18   0.00346527  -4.8572e-18    0.0018456  2.97957e-18  -0.00583998  1.04972e-17  -0.00327207  8.38057e-18   0.00755316 -5.79882e-19   0.00623561 -7.56557e-18  -0.00716724 -4.21644e-18   -0.0100593  7.95964e-19   0.00326516 -2.85001e-18    0.0121663 -6.53687e-18   0.00370035  -1.0192e-18  -0.00914792  4.21288e-18   -0.0095427  5.68992e-18  0.000682766  2.45839e-18   0.00811809 -2.39733e-18   0.00642323 -1.61476e-19  0.000334124  6.13987e-18  -0.00358059  5.74646e-18  -0.00370149  9.05395e-19  -0.00209575 -1.73938e-18  -0.00074713 -2.00182e-18 -0.000152962 -1.07003e-18 -6.41846e-06  -3.3281e-19  5.31242e-06  -7.6344e-20  1.30307e-06 -8.53673e-21  8.65688e-08
 1.05227e-19  -0.00014587  -3.9636e-19  0.000203824 -1.02532e-18  0.000721917  1.19063e-18  -0.00163154  1.74677e-18 -0.000859799 -3.38042e-18   0.00372236 -6.21897e-18    0.0011357  8.48516e-19  -0.00606708  9.19304e-18  -0.00252099  8.36747e-18   0.00786235 -7.74679e-19   0.00565097 -5.94225e-18  -0.00754702 -1.38617e-18  -0.00982448  3.63342e-19   0.00347465 -6.53687e-18     0.012199 -8.21863e-18   0.00394594 -1.69449e-18  -0.00891674  1.84581e-18  -0.00997456  2.39744e-18 -0.000254525 -4.56247e-19   0.00768004 -2.65537e-18   0.00709912  1.85665e-18   0.00167315  7.37193e-18  -0.00246814  5.42619e-18  -0.00325638  1.11489e-18  -0.00215212 -9.91774e-19 -0.000947547 -1.19336e-18 -0.000293062   -5.322e-19 -6.28556e-05 -1.42983e-19 -8.70552e-06 -2.76997e-20 -6.34092e-07 -1.83064e-21
  2.1557e-05  1.91735e-19 -0.000234996 -5.14186e-19  0.000454888 -9.58107e-19  0.000485923  1.17955e-18   -0.0018645  1.54047e-18 -0.000323833 -4.08588e-18   0.00385605 -7.70356e-18  0.000416416  -9.8155e-19  -0.00620033  7.74809e-18  -0.00175601  7.05625e-18    0.0081251 -1.16088e-18   0.00504935  -3.1224e-18   -0.0079297  1.70606e-18  -0.00959707 -2.62169e-19   0.00370035 -8.21863e-18    0.0122668 -7.10477e-18   0.00421555 -1.95814e-18  -0.00867362   -1.336e-18   -0.0104174 -1.92678e-18  -0.00128051 -3.59896e-18   0.00706369  -3.0045e-18   0.00762741  3.32546e-18   0.00308066  7.67603e-18 -0.000990021  5.09391e-18  -0.00225488  1.61665e-18  -0.00166791 -1.86189e-19 -0.000773031  -4.7608e-19 -0.000243929 -1.70241e-19 -5.12816e-05 -4.19092e-20  -6.3902e-06 -6.75729e-21 -3.10314e-07
 3.25071e-20 -7.22336e-06  2.19753e-19 -0.000238939 -5.81111e-19  0.000655649  -8.3231e-19  0.000183488  1.48946e-18  -0.00198134   1.7591e-18   0.00022442 -4.60967e-18    0.0038737  -8.5643e-18 -0.000302598 -1.92368e-18  -0.00624263  6.35767e-18 -0.000976499  5.23748e-18   0.00834184 -7.16673e-19   0.00442449  4.71288e-19  -0.00831838  4.11902e-18  -0.00937304  -1.0192e-18   0.00394594 -7.10477e-18    0.0123716 -3.39512e-18   0.00451412 -1.54895e-18  -0.00841052 -4.37951e-18   -0.0108684 -5.99738e-18  -0.00241139 -6.34594e-18   0.00622611 -3.33222e-18   0.00794603  4.13895e-18   0.00447996  7.30949e-18  0.000740118  4.86572e-18 -0.000871909  2.09044e-18 -0.000856482  3.92126e-19  -0.00041194 -2.04724e-20 -0.000123314  -1.0224e-21 -2.25675e-05 -4.27729e-21 -2.08178e-06 -8.08145e-22
 2.34126e-05  1.00424e-19 -8.75252e-05   2.1798e-19 -0.000156404 -6.27938e-19  0.000782749  -6.3732e-19 -0.000150899  2.20517e-18  -0.00198742  2.31182e-18  0.000764744 -4.62849e-18   0.00378147 -8.29347e-18  -0.00101281 -2.01538e-18  -0.00619446  4.79429e-18 -0.000181698  3.47219e-18   0.00851092  7.71719e-19   0.00376949  3.96579e-18  -0.00871557  5.05797e-18  -0.00914792 -1.69449e-18   0.00421555 -3.39512e-18    0.0125161  1.80179e-18   0.00484847 -4.38636e-19  -0.00811803 -6.35048e-18   -0.0113261  -8.6339e-18  -0.00366084 -8.14202e-18   0.00513199 -3.27622e-18   0.00796314  4.43646e-18   0.00565699  6.59199e-18   0.00235866  4.59431e-18  0.000455386  2.21176e-18   -9.352e-05  6.13792e-19 -9.52138e-05  1.57233e-19 -3.05233e-05  3.96792e-20 -4.82125e-06  2.88194e-21 -2.71263e-07
-6.32988e-21  4.70303e-05  1.72373e-19 -0.000179394  2.24059e-19 -1.76865e-05 -7.17253e-19  0.000828979 -3.58446e-19 -0.000488656  3.14008e-18  -0.00189032  2.93688e-18   0.00128003 -3.95979e-18   0.00358434 -6.95139e-18  -0.00170583 -1.86351e-18  -0.00605416  2.66897e-18  0.000628785  1.97208e-18    0.0086285    2.797e-18   0.00307674  6.41696e-18  -0.00912322  4.21288e-18  -0.00891674 -1.95814e-18   0.00451412  1.80179e-18    0.0127049   7.0056e-18   0.00522647  1.11164e-18  -0.00778786  -6.6837e-18   -0.0117825 -9.27231e-18   -0.0050238 -8.46838e-18    0.0037349 -2.40165e-18   0.00747812   4.5148e-18   0.00619992  5.76177e-18   0.00333301  4.08683e-18   0.00125725  1.89686e-18  0.000334125  5.48471e-19   6.0143e-05  1.54968e-19  6.66875e-06  2.85339e-20   3.6218e-07  1.53967e-21
 3.84034e-06  -1.1322e-20  4.32069e-05  2.46973e-19 -0.000244698  2.10282e-19  0.000147466 -8.90015e-19  0.000795559 -2.42348e-20 -0.000806742   3.8988e-18  -0.00169895  3.34182e-18   0.00175489 -2.71122e-18   0.00328649 -5.07485e-18  -0.00237256 -2.14557e-18  -0.00581803 -8.34161e-20   0.00145453  7.40718e-19   0.00868834     4.53e-18   0.00233782  7.10158e-18   -0.0095427  1.84581e-18  -0.00867362 -1.54895e-18   0.00484847   7.0056e-18    0.0129437  1.09283e-17   0.00565424  2.58811e-18  -0.00740515  -5.4292e-18   -0.0122066 -7.98585e-18  -0.00649376 -6.88722e-18   0.00191141 -4.75283e-19   0.00616856  4.65439e-18   0.00567173  4.95823e-18   0.00329668  3.30729e-18   0.00135088  1.32531e-18  0.000394904  3.59888e-19  7.89193e-05  9.11763e-20   9.5145e-06  1.16968e-20  4.53307e-07
-2.18821e-20   2.3968e-05 -1.44693e-20  4.21209e-06  3.17971e-19 -0.000266872  1.07676e-19  0.000314432 -1.11991e-18  0.000689585  2.59285e-19  -0.00108607  4.08314e-18  -0.00142339   3.3443e-18    0.0021746 -1.20481e-18   0.00289172 -3.27834e-18   -0.0030024  -3.0754e-18  -0.00548062 -2.97788e-18   0.00229378 -2.71712e-19   0.00868149  5.22685e-18   0.00154332  5.68992e-18  -0.00997456   -1.336e-18  -0.00841052 -4.38636e-19   0.00522647  1.09283e-17    0.0132362  1.26462e-17    0.0061437  3.38517e-18  -0.00693261 -3.14122e-18   -0.0125633 -5.08961e-18  -0.00812297   -3.286e-18 -0.000521009  2.31812e-18   0.00382294   4.9528e-18   0.00399924  4.22974e-18    0.0023677  2.38963e-18  0.000942957   7.5767e-19   0.00025584  1.81997e-19  4.42273e-05  3.72982e-20  3.94644e-06  2.84862e-21
-5.27404e-06 -4.77538e-20  4.87879e-05 -1.25748e-20  -5.6825e-05  3.57535e-19 -0.000243298 -1.15636e-19  0.000462841 -1.33071e-18  0.000521756  3.50187e-19   -0.0013105  3.53433e-18  -0.00107493  2.98176e-18    0.0025244  2.38235e-19   0.00240412 -1.91199e-18  -0.00358251 -4.26597e-18  -0.00503487 -5.23548e-18   0.00314273 -1.09339e-18   0.00859563  4.50775e-18  0.000682766  2.39744e-18   -0.0104174 -4.37951e-18  -0.00811803  1.11164e-18   0.00565424  1.26462e-17    0.0135915  1.15509e-17   0.00672791  3.09938e-18  -0.00633101  -4.8629e-19    -0.012872 -9.26319e-19  -0.00998846  1.75755e-18  -0.00354433  5.29984e-18  0.000726646  5.24529e-18   0.00171251  3.52314e-18   0.00110474  1.52184e-18  0.000423067  3.53286e-19  0.000101912  6.99691e-20  1.40476e-05  1.04999e-20  7.34657e-07
-1.83706e-21 -2.94371e-06 -7.52488e-20  6.20237e-05  3.69502e-21 -0.000122439  3.32141e-19 -0.000178453 -4.13882e-19  0.000576668 -1.45276e-18  0.000305362   1.7483e-19  -0.00146627  2.46043e-18 -0.000666587  2.50186e-18   0.00278902  1.43645e-18   0.00182888 -9.91793e-19  -0.00409697 -5.04385e-18  -0.00447257 -6.26129e-18   0.00399446 -1.71589e-18   0.00841456  2.45839e-18 -0.000254525 -1.92678e-18   -0.0108684 -6.35048e-18  -0.00778786  2.58811e-18    0.0061437  1.15509e-17    0.0140395  7.56365e-18   0.00743915  1.77709e-18  -0.00561853  2.02072e-18   -0.0131656  3.84341e-18   -0.0119276   6.8259e-18  -0.00659671  7.47273e-18  -0.00223273  5.19512e-18 -0.000302693  2.74392e-18  0.000110138  8.40425e-19  7.13734e-05  1.30677e-19  1.73359e-05  1.88613e-20  1.85367e-06  1.73586e-21
-3.64045e-06 -5.85581e-21  1.00979e-05 -9.49684e-20  5.55836e-05  4.25896e-20 -0.000178034  2.37585e-19 -8.14133e-05 -6.87198e-19  0.000644003 -1.45831e-18  5.59378e-05 -1.95015e-19  -0.00154183  1.32604e-18 -0.000213765  2.18974e-18   0.00295251  2.32797e-18   0.00117348 -3.27949e-19  -0.00452602 -4.88422e-18  -0.00378503 -5.92425e-18   0.00483769 -2.13067e-18   0.00811809 -4.56247e-19  -0.00128051 -5.99738e-18   -0.0113261  -6.6837e-18  -0.00740515  3.38517e-18   0.00672791  7.56365e-18    0.0146082  1.54996e-18    0.0082492  -1.5227e-19  -0.00482637  3.91103e-18    -0.013231  7.92917e-18   -0.0132528  1.01178e-17   -0.0086186  8.02485e-18  -0.00402689  4.55703e-18  -0.00138372  1.89177e-18 -0.000345417  3.92314e-19 -5.96944e-05  3.43267e-20 -6.33044e-06  2.47129e-21 -2.72845e-07
 5.61349e-21 -8.19369e-06 -1.32266e-20  2.90751e-05 -8.78171e-20  2.99345e-05  1.03449e-19 -0.000212765  1.16201e-19   3.5737e-05 -8.35948e-19  0.000656884 -1.35852e-18 -0.000208862 -5.76251e-19  -0.00152802  5.53812e-19  0.000264884  2.14841e-18   0.00299837  2.88579e-18  0.000449114  3.32244e-19  -0.00484535 -3.62656e-18  -0.00296406  -4.4941e-18   0.00565576 -2.39733e-18   0.00768004 -3.59896e-18  -0.00241139  -8.6339e-18   -0.0117825  -5.4292e-18  -0.00693261  3.09938e-18   0.00743915  1.54996e-18    0.0152643 -4.79298e-18   0.00911549 -2.29393e-18  -0.00374468  4.55883e-18    -0.012376  9.78392e-18    -0.012932  1.04539e-17   -0.0086932  6.88374e-18  -0.00418893  3.41441e-18  -0.00147383  1.10404e-18 -0.000368586   1.4843e-19 -6.03682e-05  3.08636e-21 -5.20914e-06 -4.64411e-22
-4.31705e-07  9.70997e-21 -8.85787e-06  -2.1918e-20  4.59839e-05 -4.24378e-20 -9.63266e-06  1.79757e-19 -0.000219786  3.64837e-20  0.000159086 -8.12337e-19   0.00061145 -1.18844e-18 -0.000469309 -7.99822e-19  -0.00141873  2.68263e-19  0.000746562  2.21494e-18   0.00291024  3.09129e-18 -0.000327467  1.21551e-18  -0.00502536 -1.43973e-18  -0.00200293  -2.4182e-18   0.00642323 -2.65537e-18   0.00706369 -6.34594e-18  -0.00366084 -9.27231e-18   -0.0122066 -3.14122e-18  -0.00633101  1.77709e-18    0.0082492 -4.79298e-18    0.0159593 -9.93927e-18    0.0102315 -4.70556e-18  -0.00172837  3.34107e-18  -0.00971171  8.58844e-18   -0.0103503  8.09298e-18  -0.00678735  4.78182e-18  -0.00310259  2.14244e-18  -0.00100193  5.31779e-19  -0.00021873  4.16992e-20 -2.84258e-05 -2.77412e-21 -1.43787e-06
 1.71083e-21 -3.31172e-06  9.50266e-21 -3.01079e-06 -2.64402e-20  5.44134e-05  3.17584e-20 -5.53018e-05  2.64754e-19 -0.000196421  4.52341e-20   0.00027378 -6.50261e-19  0.000508358 -9.95901e-19 -0.000703771 -8.13296e-19   -0.0012121  2.77567e-19   0.00120342  2.08589e-18   0.00267314   2.9806e-18  -0.00113143  2.42514e-18  -0.00503012  1.28048e-18 -0.000899906 -1.61476e-19   0.00709912  -3.0045e-18   0.00622611 -8.14202e-18   -0.0050238 -7.98585e-18   -0.0125633  -4.8629e-19  -0.00561853  -1.5227e-19   0.00911549 -9.93927e-18    0.0168794 -1.36336e-17    0.0121988 -7.81742e-18   0.00195616  1.82192e-19  -0.00497684  4.95715e-18  -0.00601159   4.5594e-18  -0.00385621  2.70638e-18  -0.00163287  1.12229e-18 -0.000465625  2.10202e-19 -8.38043e-05  6.00272e-21  -7.7195e-06 -1.79042e-21
 6.39032e-07  4.40694e-21 -7.08026e-06   3.2999e-21  8.08762e-06 -2.43769e-20  5.09001e-05  1.11234e-19 -9.82158e-05  3.48927e-19 -0.000144211  1.26436e-19  0.000364957 -4.53341e-19  0.000353451 -8.25094e-19 -0.000889223 -6.80881e-19 -0.000912234   2.7038e-19   0.00160183   1.5541e-18   0.00227584  2.66946e-18  -0.00192613  3.82456e-18  -0.00481841   3.9917e-18  0.000334124  1.85665e-18   0.00762741 -3.33222e-18   0.00513199 -8.46838e-18  -0.00649376 -5.08961e-18    -0.012872  2.02072e-18  -0.00482637 -2.29393e-18    0.0102315 -1.36336e-17    0.0186096   -1.685e-17    0.0156451 -1.17641e-17   0.00728166  -4.0502e-18  0.000843998  6.55906e-19  -0.00140924  1.55893e-18  -0.00118302  1.26802e-18 -0.000499884  5.00929e-19 -0.000127186  6.82666e-20 -1.81471e-05 -1.86376e-21 -9.70244e-07
 3.87293e-22  2.38294e-07  6.86858e-21 -9.05441e-06 -8.16001e-21  2.09026e-05 -1.96563e-20   3.5079e-05   1.7402e-19 -0.000129785  4.13813e-19 -6.89213e-05  2.05689e-19   0.00041892 -3.34072e-19  0.000158563 -6.95584e-19  -0.00100236 -5.12801e-19 -0.000531676  3.89328e-20    0.0019023  6.63386e-19   0.00171531  2.28626e-18  -0.00266002  5.04304e-18   -0.0043488  6.13987e-18   0.00167315  3.32546e-18   0.00794603 -3.27622e-18    0.0037349 -6.88722e-18  -0.00812297 -9.26319e-19   -0.0131656  3.91103e-18  -0.00374468 -4.70556e-18    0.0121988   -1.685e-17    0.0217421 -2.04593e-17    0.0203705 -1.57546e-17    0.0129332 -7.80239e-18   0.00588308 -2.47605e-18   0.00191399 -5.72091e-20  0.000426138  5.23463e-19   5.7987e-05  1.99445e-19  3.41057e-06  1.71446e-20 -7.59375e-08 -1.65464e-21
 4.10377e-07  1.56374e-21 -1.58279e-06  6.70178e-21 -7.45529e-06 -2.36292e-20  3.12849e-05 -1.91311e-20  9.52989e-06  2.09014e-19 -0.000142929  4.36202e-19  1.96199e-05  2.05673e-19   0.00042473 -3.38981e-19 -5.77272e-05 -5.97338e-19  -0.00102182 -4.04656e-19 -9.43959e-05 -4.36985e-19   0.00206121 -3.45872e-19   0.00100228   1.8829e-18  -0.00326596  5.70886e-18  -0.00358059  7.37193e-18   0.00308066  4.13895e-18   0.00796314 -2.40165e-18   0.00191141   -3.286e-18  -0.00998846  3.84341e-18    -0.013231  4.55883e-18  -0.00172837 -7.81742e-18    0.0156451 -2.04593e-17    0.0260208 -2.39439e-17    0.0248864 -1.82755e-17    0.0168594 -9.65249e-18   0.00855481 -3.57025e-18   0.00328326 -4.65074e-19  0.000934213  2.21829e-19  0.000186191   7.3094e-20   2.2758e-05  1.98893e-21  1.11182e-06
-5.39778e-22  7.99472e-07  2.99031e-21 -4.05941e-06  2.17094e-21 -2.19243e-06 -4.33741e-20  3.56655e-05 -2.69977e-20  -2.0686e-05  2.16391e-19 -0.000133337  4.04714e-19  0.000108044   1.0868e-19  0.000376334 -4.19619e-19 -0.000269856 -5.10773e-19 -0.000931734 -4.22606e-19  0.000361485 -1.05997e-18   0.00203421 -1.22875e-18  0.000166901  1.45571e-18  -0.00365514  5.74646e-18  -0.00246814  7.67603e-18   0.00447996  4.43646e-18   0.00747812 -4.75283e-19 -0.000521009  1.75755e-18   -0.0119276  7.92917e-18    -0.012376  3.34107e-18   0.00195616 -1.17641e-17    0.0203705 -2.39439e-17     0.029906 -2.55857e-17    0.0270869  -1.8109e-17    0.0175908 -9.10846e-18   0.00851077 -2.99701e-18   0.00305712 -3.04359e-19  0.000785892  1.08535e-19  0.000132501  2.29574e-20  1.17499e-05 -7.20178e-22
 8.79864e-08 -8.76936e-22  6.09564e-07  3.89517e-21 -5.81198e-06 -6.88122e-21  5.28799e-06 -6.75429e-20  3.20006e-05 -4.09644e-20 -4.88503e-05  2.04529e-19 -0.000100722    3.322e-19  0.000180652  -2.9034e-20  0.000275182 -4.75753e-19 -0.000446147 -4.35138e-19 -0.000726898 -6.10202e-19  0.000780926 -1.72198e-18   0.00178103 -1.86085e-18 -0.000726901  1.06945e-18  -0.00370149  5.42619e-18 -0.000990021  7.30949e-18   0.00565699   4.5148e-18   0.00616856  2.31812e-18  -0.00354433   6.8259e-18   -0.0132528  9.78392e-18  -0.00971171  1.82192e-19   0.00728166 -1.57546e-17    0.0248864 -2.55857e-17    0.0312851 -2.39963e-17    0.0256505 -1.52354e-17    0.0151795 -6.82151e-18   0.00662477 -1.77559e-18   0.00209676 -8.25013e-20  0.000454908  5.32598e-20  5.92241e-05  4.73856e-21  3.01586e-06
 -3.7229e-22  3.57423e-07 -6.94481e-22 -3.54752e-07   4.2373e-21 -5.71336e-06 -1.91552e-20  1.25448e-05 -9.20821e-20  2.04567e-05 -5.19471e-20 -6.78531e-05  1.85604e-19   -4.987e-05  2.49649e-19  0.000221654 -1.22551e-19  0.000133079 -4.35469e-19 -0.000551501 -4.02559e-19 -0.000420562  -9.7741e-19   0.00108916 -2.33334e-18    0.0012819 -2.19505e-18   -0.0015503  9.05395e-19  -0.00325638  5.09391e-18  0.000740118  6.59199e-18   0.00619992  4.65439e-18   0.00382294  5.29984e-18  -0.00659671  1.01178e-17    -0.012932  8.58844e-18  -0.00497684  -4.0502e-18    0.0129332 -1.82755e-17    0.0270869 -2.39963e-17    0.0289012 -1.93964e-17    0.0209491 -1.08227e-17    0.0109995  -4.0644e-18   0.00420625 -7.48113e-19   0.00113387  2.02603e-20  0.000197933  2.06542e-20  1.79745e-05  1.24217e-22
 -1.9794e-08  -6.8097e-22  5.73783e-07  2.99898e-22  -1.6952e-06  4.36498e-21 -3.44606e-06 -3.17697e-20  1.69433e-05   -1.076e-19  3.69834e-06 -4.87874e-20 -7.19572e-05  1.69772e-19  8.91128e-06  1.86949e-19  0.000218882 -1.21756e-19  -2.5221e-05 -3.08777e-19 -0.000554292 -4.62042e-19 -5.66471e-05 -1.46493e-18   0.00119924 -2.78112e-18   0.00057967 -2.17028e-18  -0.00209575  1.11489e-18  -0.00225488  4.86572e-18   0.00235866  5.76177e-18   0.00567173   4.9528e-18  0.000726646  7.47273e-18   -0.0086186  1.04539e-17   -0.0103503  4.95715e-18  0.000843998 -7.80239e-18    0.0168594  -1.8109e-17    0.0256505 -1.93964e-17    0.0232467 -1.34252e-17    0.0147108 -6.42621e-18   0.00673901   -1.891e-18   0.00221056 -1.98954e-19  0.000492282  3.07284e-20  6.52764e-05  5.09044e-21  3.36384e-06
-6.61665e-24  5.74161e-08 -7.89587e-22  4.68323e-07  2.15409e-21 -2.68739e-06  4.29917e-21  3.01971e-07  -4.0466e-20  1.66222e-05 -1.04486e-19  -1.3452e-05 -2.62524e-20 -5.89791e-05  1.60597e-19  6.07396e-05  1.56803e-19  0.000169429 -4.21979e-20 -0.000162252 -1.75822e-19  -0.00044177 -6.33021e-19  0.000281929  -1.9251e-18   0.00105043 -2.91887e-18 -0.000174907 -1.73938e-18  -0.00215212  1.61665e-18 -0.000871909  4.59431e-18   0.00333301  4.95823e-18   0.00399924  5.24529e-18  -0.00223273  8.02485e-18   -0.0086932  8.09298e-18  -0.00601159  6.55906e-19   0.00588308 -9.65249e-18    0.0175908 -1.52354e-17    0.0209491 -1.34252e-17    0.0161764 -7.91733e-18   0.00886519 -3.13016e-18   0.00349559  -6.5443e-19  0.000963462 -1.14379e-20  0.000170871  1.47586e-20  1.56851e-05   4.8724e-22
