 2.25267e-21 -2.63208e-29 -9.62055e-20  8.46994e-28  1.65844e-18 -1.05077e-26  -1.7849e-17  8.56965e-26   1.3856e-16 -5.22243e-25 -8.34627e-16  2.53041e-24  4.07556e-15  -1.0116e-23 -1.66038e-14   3.4188e-23  5.75699e-14  -9.9353e-23 -1.72309e-13  2.51377e-22  4.49722e-13 -5.58826e-22 -1.03078e-12  1.09882e-21  2.08413e-12    -1.92e-21 -3.72514e-12   2.9901e-21  5.88389e-12 -4.15612e-21 -8.18515e-12  5.15541e-21  9.95127e-12 -5.69718e-21 -1.04147e-11   5.5888e-21  9.09834e-12 -4.83776e-21 -6.15901e-12  3.66102e-21   2.4329e-12 -2.38725e-21  9.18909e-13  1.30977e-21 -2.98045e-12 -5.78617e-22  3.49787e-12  1.85629e-22 -2.87837e-12 -2.76401e-23  1.82335e-12 -1.13635e-23 -9.00745e-13  1.02142e-23  3.39129e-13 -3.95827e-24 -9.16027e-14  8.90752e-25  1.55024e-14 -1.01053e-25 -1.07046e-15
-2.63208e-29   1.3646e-19 -3.50184e-28 -3.34854e-18  8.10263e-27  4.44623e-17 -8.32268e-26 -4.01821e-16  5.89317e-25  2.73077e-15  -3.2075e-24 -1.47551e-14  1.41564e-23  6.56565e-14  -5.2259e-23 -2.46393e-13  1.64654e-22  7.92997e-13 -4.49195e-22 -2.21521e-12  1.07236e-21  5.41685e-12 -2.25772e-21 -1.16614e-11  4.21529e-21  2.21744e-11 -7.00525e-21 -3.72769e-11  1.03837e-20  5.53002e-11 -1.37355e-20 -7.20067e-11  1.61971e-20   8.1394e-11 -1.69784e-20 -7.81556e-11  1.57416e-20  6.07979e-11  -1.2807e-20 -3.33984e-11  9.03079e-21  4.35854e-12 -5.41058e-21   1.7561e-11  2.65909e-21 -2.75138e-11 -9.94421e-22  2.63405e-11  2.21193e-22 -1.89005e-11  2.30564e-23  1.05775e-11 -4.80547e-23 -4.58438e-12  2.38444e-23  1.47829e-12 -6.84036e-24  -3.2433e-13  1.11739e-24  3.87929e-14 -7.02473e-26
-9.62055e-20 -3.50184e-28   4.1141e-18 -2.77371e-27 -7.10131e-17  5.24294e-26   7.6525e-16 -4.65101e-25 -5.94798e-15  2.91671e-24  3.58719e-14 -1.43756e-23 -1.75375e-13  5.84132e-23  7.15304e-13 -2.00756e-22 -2.48294e-12  5.93402e-22  7.43952e-12 -1.52697e-21 -1.94366e-11  3.45172e-21   4.4591e-11 -6.89961e-21 -9.02326e-11  1.22512e-20  1.61388e-10 -1.93787e-20 -2.55027e-10  2.73407e-20  3.54802e-10 -3.43967e-20  -4.3114e-10  3.85139e-20  4.50496e-10 -3.82346e-20 -3.92007e-10  3.34451e-20  2.62573e-10 -2.55303e-20 -9.89416e-11  1.67538e-20 -4.78267e-11 -9.22082e-21  1.37437e-10  4.06455e-21 -1.58793e-10 -1.28483e-21  1.30005e-10  1.73583e-22 -8.22055e-11  9.21226e-23  4.05975e-11 -7.64171e-23  -1.5293e-11  2.88605e-23  4.13528e-12 -6.35487e-24 -7.00885e-13  7.02798e-25  4.84864e-14
 8.46994e-28 -3.34854e-18 -2.77371e-27  8.22747e-17  -1.7294e-26 -1.09384e-15  2.84786e-25  9.89778e-15 -2.21099e-24 -6.73475e-14  1.23732e-23  3.64333e-13 -5.55676e-23 -1.62308e-12  2.08655e-22  6.09792e-12 -6.68555e-22 -1.96471e-11  1.85318e-21  5.49401e-11  -4.4905e-21 -1.34475e-10  9.58649e-21   2.8975e-10 -1.81322e-20 -5.51375e-10  3.04995e-20   9.2742e-10 -4.57195e-20  -1.3762e-09  6.11142e-20  1.79164e-09 -7.27829e-20 -2.02322e-09   7.7031e-20  1.93775e-09 -7.21294e-20 -1.49778e-09  5.93391e-20  8.06164e-10 -4.24397e-20 -7.49324e-11  2.59645e-20 -4.74674e-10 -1.32343e-20  7.20362e-10  5.35196e-21  -6.8396e-10 -1.52708e-21  4.89315e-10  1.73697e-22 -2.73599e-10  9.55266e-23  1.18602e-10 -6.55567e-23 -3.82765e-11  2.01541e-23  8.40858e-12 -3.30538e-24 -1.00742e-12  2.00732e-25
 1.65844e-18  8.10263e-27 -7.10131e-17  -1.7294e-26  1.22731e-15 -9.54733e-26 -1.32422e-14  1.36179e-24  1.03053e-13 -9.18393e-24 -6.22251e-13  4.58685e-23   3.0457e-12 -1.87793e-22 -1.24367e-11  6.50588e-22  4.32173e-11 -1.93675e-21 -1.29626e-10  5.01161e-21     3.39e-10 -1.13758e-20 -7.78434e-10  2.28072e-20  1.57647e-09 -4.05825e-20 -2.82147e-09  6.42839e-20  4.46039e-09 -9.07862e-20 -6.20582e-09  1.14323e-19    7.537e-09 -1.28192e-19 -7.86239e-09   1.2763e-19  6.81384e-09 -1.12287e-19 -4.51399e-09  8.66766e-20  1.61441e-09 -5.80947e-20   9.7885e-10  3.32937e-20  -2.5506e-09  -1.5933e-20  2.90504e-09  6.11683e-21 -2.36714e-09 -1.73609e-21  1.49431e-09  2.82785e-22 -7.37787e-10  1.88512e-23  2.78076e-10 -2.57495e-23 -7.52743e-11  6.85536e-24  1.27771e-11 -7.48955e-25 -8.85519e-13
-1.05077e-26  4.44623e-17  5.24294e-26 -1.09384e-15 -9.54733e-26  1.45608e-14 -4.58377e-25 -1.31917e-13  5.47663e-24  8.98683e-13  -3.1808e-23 -4.86736e-12  1.41851e-22  2.17086e-11 -5.29489e-22 -8.16497e-11  1.68871e-21   2.6335e-10 -4.65311e-21 -7.37167e-10  1.11877e-20  1.80604e-09 -2.36676e-20 -3.89474e-09  4.43269e-20  7.41679e-09 -7.38019e-20 -1.24818e-08  1.09497e-19  1.85265e-08 -1.44912e-19  -2.4114e-08  1.71023e-19  2.72032e-08 -1.79707e-19 -2.59855e-08  1.67622e-19  1.99531e-08 -1.38142e-19 -1.05096e-08  9.99158e-20  5.49483e-10 -6.28326e-20  6.90519e-09  3.39116e-20 -1.01852e-08 -1.54256e-20  9.59671e-09  5.76022e-21 -6.84672e-09 -1.69567e-21  3.82526e-09  3.67867e-22 -1.65856e-09  -5.2052e-23   5.3572e-10  3.86319e-24 -1.17838e-10 -2.55559e-25  1.41414e-11  5.51935e-26
 -1.7849e-17 -8.32268e-26   7.6525e-16  2.84786e-25 -1.32422e-14 -4.58377e-25  1.43054e-13 -1.78946e-24  -1.1146e-12  1.73832e-23  6.73811e-12 -8.64557e-23 -3.30186e-11  3.45117e-22  1.34977e-10 -1.17605e-21 -4.69549e-10  3.44733e-21  1.40982e-09 -8.75794e-21 -3.69055e-09   1.9465e-20  8.48204e-09 -3.81578e-20 -1.71911e-08  6.63563e-20  3.07869e-08  -1.0272e-19 -4.86895e-08  1.41805e-19  6.77453e-08 -1.74676e-19 -8.22304e-08   1.9189e-19   8.5635e-08 -1.87687e-19  -7.3905e-08  1.62974e-19  4.84012e-08 -1.25075e-19 -1.63339e-08  8.42914e-20 -1.22636e-08 -4.94341e-20  2.94692e-08  2.49145e-20 -3.31271e-08  -1.0601e-20  2.68746e-08  3.70916e-21 -1.69392e-08 -1.02546e-21  8.36176e-09  2.12257e-22 -3.15338e-09 -3.21546e-23   8.5453e-10  4.50803e-24 -1.45261e-10 -7.90455e-25  1.00854e-11
 8.56965e-26 -4.01821e-16 -4.65101e-25  9.89778e-15  1.36179e-24 -1.31917e-13 -1.78946e-24  1.19657e-12 -5.31511e-24 -8.16123e-12   4.0389e-23   4.4253e-11 -1.69952e-22 -1.97591e-10  6.09745e-22  7.43982e-10 -1.90292e-21 -2.40212e-09  5.11059e-21  6.73065e-09 -1.18721e-20 -1.65051e-08  2.41243e-20   3.5623e-08 -4.32883e-20 -6.78847e-08  6.89782e-20  1.14303e-07 -9.78551e-20 -1.69696e-07  1.23693e-19  2.20824e-07 -1.39284e-19 -2.48851e-07  1.39545e-19  2.37071e-07 -1.24072e-19   -1.808e-07  9.74142e-20  9.30702e-08 -6.69131e-20 -7.63978e-10   3.9515e-20 -6.80333e-08 -1.93975e-20  9.78215e-08  7.33767e-21 -9.15179e-08 -1.64965e-21  6.51259e-08  -2.1888e-22 -3.63596e-08  4.19509e-22  1.57687e-08 -2.07565e-22 -5.09764e-09   5.4463e-23  1.12272e-09 -6.02542e-24 -1.34952e-10 -9.23257e-26
  1.3856e-16  5.89317e-25 -5.94798e-15 -2.21099e-24  1.03053e-13  5.47663e-24  -1.1146e-12 -5.31511e-24  8.69466e-12 -1.08464e-23 -5.26224e-11  5.72179e-23  2.58154e-10 -1.93531e-22 -1.05647e-09  6.37975e-22  3.67904e-09 -1.85642e-21 -1.10575e-08  4.52029e-21  2.89731e-08 -9.29613e-21  -6.6647e-08  1.65164e-20   1.3518e-07 -2.57436e-20 -2.42236e-07  3.53327e-20  3.83241e-07 -4.24911e-20  -5.3324e-07  4.42557e-20  6.46871e-07 -3.90224e-20 -6.72483e-07  2.76005e-20  5.77889e-07 -1.29336e-20 -3.73977e-07 -1.30949e-21  1.18275e-07  1.21336e-20  1.09111e-07  -1.7873e-20 -2.44917e-07  1.83818e-20  2.72027e-07 -1.49897e-20 -2.19782e-07  9.92195e-21  1.38335e-07 -5.26282e-21 -6.82764e-08  2.14379e-21  2.57633e-08 -6.17664e-22 -6.98901e-09  1.06777e-22  1.18977e-09 -6.61771e-24  -8.2751e-11
-5.22243e-25  2.73077e-15  2.91671e-24 -6.73475e-14 -9.18393e-24  8.98683e-13  1.73832e-23 -8.16123e-12 -1.08464e-23   5.5728e-11 -1.01222e-23 -3.02517e-10  1.45782e-24  1.35223e-09  3.71345e-23 -5.09693e-09  2.23319e-23  1.64734e-08 -3.12077e-22 -4.62026e-08  6.63315e-22  1.13401e-07 -4.76393e-22 -2.44952e-07  -9.9619e-22  4.67108e-07  4.36185e-21 -7.86894e-07 -1.00974e-20  1.16848e-06  1.84953e-20 -1.52014e-06 -2.93585e-20  1.71123e-06  4.17346e-20 -1.62572e-06 -5.40516e-20  1.23119e-06  6.45903e-20 -6.18571e-07 -7.16208e-20 -2.44695e-08  7.30902e-20   5.0175e-07 -6.71589e-20 -7.05079e-07    5.405e-20  6.55328e-07 -3.70725e-20 -4.65238e-07  2.10366e-20  2.59574e-07 -9.47276e-21 -1.12604e-07  3.16041e-21  3.64328e-08 -6.89712e-22 -8.03412e-09   7.1979e-23  9.67245e-10    8.684e-26
-8.34627e-16  -3.2075e-24  3.58719e-14  1.23732e-23 -6.22251e-13  -3.1808e-23  6.73811e-12   4.0389e-23 -5.26224e-11 -1.01222e-23  3.18844e-10  1.96526e-23  -1.5659e-09 -1.99121e-22  6.41513e-09  4.57463e-22 -2.23631e-08 -4.15182e-22  6.72791e-08 -2.72366e-22 -1.76449e-07  1.70681e-21  4.06231e-07  -4.3678e-21 -8.24569e-07  9.81465e-21  1.47845e-06 -1.97334e-20 -2.33988e-06  3.36025e-20  3.25568e-06 -4.70891e-20 -3.94702e-06  5.28577e-20  4.09601e-06 -4.39015e-20  -3.5045e-06  1.75956e-20  2.24005e-06  2.16963e-20 -6.58665e-07 -6.26055e-20 -7.43674e-07  9.06193e-20  1.57512e-06 -9.58653e-20 -1.73029e-06  7.95537e-20  1.39268e-06 -5.25222e-20 -8.75439e-07  2.71807e-20  4.32036e-07 -1.05109e-20 -1.63119e-07  2.73776e-21   4.4297e-08 -3.69001e-22  -7.5515e-09 -1.71974e-24  5.26126e-10
 2.53041e-24 -1.47551e-14 -1.43756e-23  3.64333e-13  4.58685e-23 -4.86736e-12 -8.64557e-23   4.4253e-11  5.72179e-23 -3.02517e-10  1.96526e-23  1.64401e-09  9.06032e-23 -7.35652e-09 -2.93496e-22  2.77574e-08 -5.56014e-22 -8.98022e-08  4.72571e-21  2.52104e-07 -1.52498e-20 -6.19314e-07  3.64717e-20  1.33879e-06 -7.51826e-20 -2.55468e-06  1.38414e-19  4.30565e-06 -2.26276e-19 -6.39476e-06  3.25016e-19    8.317e-06 -4.07127e-19 -9.35212e-06  4.41193e-19  8.85996e-06 -4.07008e-19 -6.66189e-06  3.06938e-19  3.26233e-06 -1.67633e-19  2.97672e-07  3.12418e-20 -2.92918e-06  6.28869e-20  4.03211e-06 -9.80402e-20 -3.72494e-06  8.60181e-20  2.63865e-06 -5.37484e-20 -1.47135e-06  2.42819e-20  6.38462e-07 -7.27801e-21 -2.06745e-07  1.05733e-21   4.5647e-08  8.09782e-23 -5.50402e-09 -3.51004e-23
 4.07556e-15  1.41564e-23 -1.75375e-13 -5.55676e-23   3.0457e-12  1.41851e-22 -3.30186e-11 -1.69952e-22  2.58154e-10  1.45782e-24  -1.5659e-09  9.06032e-23  7.69871e-09  7.67101e-23 -3.15726e-08  1.17079e-21  1.10172e-07  -8.5848e-21 -3.31769e-07  2.97007e-20  8.70897e-07 -7.46506e-20 -2.00667e-06  1.57829e-19  4.07605e-06 -2.96261e-19 -7.31243e-06  4.97346e-19   1.1577e-05 -7.41773e-19 -1.61077e-05   9.7729e-19  1.95157e-05 -1.13341e-18  -2.0216e-05  1.15221e-18    1.722e-05  -1.0165e-18 -1.08676e-05   7.5904e-19  2.94357e-06 -4.51957e-19  4.06399e-06  1.80224e-19 -8.18891e-06 -4.48368e-21  8.90528e-06  -6.5536e-20 -7.14256e-06  6.37568e-20   4.4845e-06 -3.56443e-20 -2.21298e-06  1.16759e-20  8.36016e-07 -9.63556e-22 -2.27264e-07 -8.96428e-22  3.87956e-08  3.36117e-22 -2.70745e-09
 -1.0116e-23  6.56565e-14  5.84132e-23 -1.62308e-12 -1.87793e-22  2.17086e-11  3.45117e-22 -1.97591e-10 -1.93531e-22  1.35223e-09 -1.99121e-22 -7.35652e-09  7.67101e-23  3.29528e-08 -5.89952e-22 -1.24462e-07  8.19309e-21  4.03056e-07 -3.51575e-20 -1.13254e-06  9.76506e-20  2.78455e-06 -2.16479e-19 -6.02403e-06  4.18972e-19  1.15023e-05 -7.26972e-19 -1.93946e-05  1.12845e-18  2.88097e-05  -1.5572e-18 -3.74589e-05  1.90496e-18  4.20737e-05 -2.06593e-18  -3.9747e-05  1.98555e-18  2.96693e-05  -1.6808e-18 -1.41432e-05   1.2304e-18 -2.07847e-06 -7.51024e-19  1.40212e-05  3.57878e-19 -1.89458e-05 -1.14363e-19  1.74051e-05  1.02929e-20 -1.23044e-05  9.56612e-21  6.85759e-06 -4.53469e-22 -2.97659e-06 -6.68053e-21  9.64654e-07  5.60462e-21 -2.13237e-07 -2.09479e-21  2.57499e-08  2.78296e-22
-1.66038e-14  -5.2259e-23  7.15304e-13  2.08655e-22 -1.24367e-11 -5.29489e-22  1.34977e-10  6.09745e-22 -1.05647e-09  3.71345e-23  6.41513e-09 -2.93496e-22 -3.15726e-08 -5.89952e-22  1.29611e-07 -3.34216e-21 -4.52717e-07  2.79294e-20  1.36456e-06  -9.4772e-20 -3.58509e-06  2.26863e-19  8.26712e-06 -4.53384e-19 -1.68041e-05  8.08003e-19  3.01628e-05 -1.29774e-18 -4.77684e-05  1.86455e-18  6.64601e-05 -2.38515e-18 -8.04696e-05  2.72198e-18  8.32067e-05 -2.78985e-18 -7.05597e-05  2.58265e-18  4.39543e-05 -2.15224e-18 -1.08504e-05  1.58936e-18 -1.83466e-05 -1.01851e-18  3.54119e-05   5.6016e-19 -3.81572e-05 -2.69857e-19  3.05056e-05  1.24922e-19 -1.91324e-05 -6.64546e-20  9.44091e-06   4.2065e-20 -3.56862e-06 -2.43492e-20  9.71059e-07   9.7845e-21 -1.65984e-07 -2.11698e-21   1.1602e-08
  3.4188e-23 -2.46393e-13 -2.00756e-22  6.09792e-12  6.50588e-22 -8.16497e-11 -1.17605e-21  7.43982e-10  6.37975e-22 -5.09693e-09  4.57463e-22  2.77574e-08  1.17079e-21 -1.24462e-07 -3.34216e-21   4.7055e-07 -1.05673e-20 -1.52524e-06   6.7444e-20  4.28956e-06 -1.89844e-19 -1.05552e-05  3.94664e-19  2.28516e-05 -7.08067e-19 -4.36592e-05  1.15187e-18  7.36475e-05 -1.69399e-18 -0.000109416  2.22822e-18  0.000142221 -2.62452e-18 -0.000159563  2.81147e-18  0.000150315 -2.80196e-18 -0.000111383  2.62856e-18  5.16285e-05  -2.2897e-18  1.06646e-05  1.80073e-18 -5.63481e-05  -1.2568e-18   7.4884e-05  7.84646e-19  -6.8444e-05 -4.52491e-19  4.82962e-05  2.53947e-19 -2.69046e-05 -1.45226e-19  1.16816e-05  8.04232e-20 -3.78874e-06 -3.60131e-20  8.38444e-07  1.04824e-20 -1.01391e-07 -1.24279e-21
 5.75699e-14  1.64654e-22 -2.48294e-12 -6.68555e-22  4.32173e-11  1.68871e-21 -4.69549e-10 -1.90292e-21  3.67904e-09  2.23319e-23 -2.23631e-08 -5.56014e-22  1.10172e-07  8.19309e-21 -4.52717e-07 -1.05673e-20  1.58277e-06 -2.42496e-20 -4.77498e-06  1.22252e-19  1.25557e-05   -2.797e-19 -2.89751e-05   4.8443e-19   5.8935e-05 -7.43138e-19  -0.00010584  1.04587e-18  0.000167667  -1.3231e-18 -0.000233262  1.48869e-18   0.00028225 -1.54536e-18 -0.000291329  1.62006e-18  0.000245955 -1.82645e-18 -0.000151213  2.08281e-18  3.36148e-05 -2.15761e-18  6.98376e-05  1.92351e-18  -0.00012989 -1.47609e-18  0.000138801  1.00045e-18  -0.00011064 -6.20502e-19  6.93224e-05  3.68131e-19 -3.42066e-05  -2.1189e-19   1.2937e-05  1.07217e-19 -3.52358e-06 -3.94582e-20   6.0303e-07  8.15119e-21 -4.22135e-08
 -9.9353e-23  7.92997e-13  5.93402e-22 -1.96471e-11 -1.93675e-21   2.6335e-10  3.44733e-21 -2.40212e-09 -1.85642e-21  1.64734e-08 -4.15182e-22 -8.98022e-08  -8.5848e-21  4.03056e-07  2.79294e-20 -1.52524e-06 -2.42496e-20  4.94836e-06 -4.17076e-20 -1.39284e-05  1.55749e-19  3.43001e-05   -2.448e-19 -7.43098e-05  2.49533e-19  0.000142055 -1.47547e-19 -0.000239724 -1.00984e-19    0.0003562  5.33553e-19 -0.000462854 -1.04633e-18   0.00051872  1.30423e-18   -0.0004873 -9.27714e-19  0.000358479  -9.6718e-20 -0.000161453  1.26591e-18 -4.35073e-05 -1.97572e-18  0.000193259  2.02984e-18 -0.000253071 -1.65104e-18   0.00023024  1.15527e-18 -0.000162191 -7.40963e-19  9.03159e-05   4.5805e-19 -3.92252e-05 -2.63024e-19  1.27313e-05  1.19563e-19 -2.82037e-06 -3.51086e-20  3.41505e-07  4.18887e-21
-1.72309e-13 -4.49195e-22  7.43952e-12  1.85318e-21 -1.29626e-10 -4.65311e-21  1.40982e-09  5.11059e-21 -1.10575e-08 -3.12077e-22  6.72791e-08  4.72571e-21 -3.31769e-07 -3.51575e-20  1.36456e-06   6.7444e-20 -4.77498e-06 -4.17076e-20  1.44176e-05  -4.8437e-20  -3.7941e-05  8.02461e-20  8.76203e-05  1.20114e-19 -0.000178329 -6.51082e-19  0.000320413  1.55551e-18  -0.00050772  -2.8517e-18  0.000706311  4.37792e-18 -0.000854106 -5.58504e-18  0.000880049  5.65878e-18  -0.00073978 -4.15966e-18  0.000448927  1.63193e-18  -8.8736e-05  6.97694e-19 -0.000227359  -1.9493e-18  0.000409652  2.12619e-18 -0.000434514 -1.73142e-18  0.000345438  1.22541e-18 -0.000216245 -8.26824e-19  0.000106703  5.39485e-19 -4.03755e-05 -2.99339e-19  1.10062e-05  1.16332e-19 -1.88573e-06 -2.48316e-20  1.32183e-07
 2.51377e-22 -2.21521e-12 -1.52697e-21  5.49401e-11  5.01161e-21 -7.37167e-10 -8.75794e-21  6.73065e-09  4.52029e-21 -4.62026e-08 -2.72366e-22  2.52104e-07  2.97007e-20 -1.13254e-06  -9.4772e-20  4.28956e-06  1.22252e-19 -1.39284e-05  -4.8437e-20  3.92363e-05 -1.24328e-20 -9.66945e-05 -2.35982e-19  0.000209622  1.04634e-18 -0.000400941 -2.51996e-18  0.000676862  4.69277e-18  -0.00100585 -7.43989e-18   0.00130664  1.01311e-17   -0.0014628 -1.15111e-17   0.00137056  1.03772e-17  -0.00100119 -6.79618e-18  0.000438125  2.43634e-18  0.000146462  7.64411e-19 -0.000572095  -2.1116e-18  0.000739566  2.15178e-18 -0.000670087 -1.70365e-18  0.000471327  1.26132e-18 -0.000262361 -9.34997e-19  0.000113976  6.28331e-19 -3.70169e-05 -3.14422e-19  8.20798e-06  9.73609e-20 -9.95015e-07 -1.19599e-20
 4.49722e-13  1.07236e-21 -1.94366e-11  -4.4905e-21     3.39e-10  1.11877e-20 -3.69055e-09 -1.18721e-20  2.89731e-08  6.63315e-22 -1.76449e-07 -1.52498e-20  8.70897e-07  9.76506e-20 -3.58509e-06 -1.89844e-19  1.25557e-05  1.55749e-19  -3.7941e-05 -1.24328e-20  9.99182e-05  1.11154e-19 -0.000230905 -9.16284e-19  0.000470222  2.67375e-18 -0.000845249 -5.46081e-18    0.0013397  9.26375e-18  -0.00186361 -1.35969e-17   0.00225224   1.7006e-17  -0.00231687  -1.7415e-17   0.00193967  1.37697e-17  -0.00116245 -7.52929e-18   0.00020195  1.77479e-18  0.000639075  1.44215e-18  -0.00112117 -2.30166e-18   0.00118154  2.05359e-18 -0.000937124 -1.64522e-18  0.000586176  1.37704e-18 -0.000289233 -1.11564e-18  0.000109491  7.09953e-19 -2.98687e-05 -2.96082e-19  5.12239e-06  6.56555e-20 -3.59474e-07
-5.58826e-22  5.41685e-12  3.45172e-21 -1.34475e-10 -1.13758e-20  1.80604e-09   1.9465e-20 -1.65051e-08 -9.29613e-21  1.13401e-07  1.70681e-21 -6.19314e-07 -7.46506e-20  2.78455e-06  2.26863e-19 -1.05552e-05   -2.797e-19  3.43001e-05  8.02461e-20 -9.66945e-05  1.11154e-19  0.000238457  3.59497e-19 -0.000517258 -1.99961e-18  0.000989845  4.96782e-18  -0.00167162 -9.35156e-18    0.0024844  1.49935e-17  -0.00322645 -2.06693e-17   0.00360859  2.37182e-17   -0.0033728 -2.15283e-17   0.00244788  1.43054e-17  -0.00104203 -5.74819e-18 -0.000414973 -1.20597e-19   0.00147247  2.27771e-18  -0.00188287 -2.28916e-18   0.00169995  1.87246e-18  -0.00119414  -1.7182e-18  0.000664486  1.67654e-18 -0.000288723 -1.35082e-18  9.38206e-05  7.38823e-19 -2.08192e-05 -2.38829e-19  2.52618e-06  3.00226e-20
-1.03078e-12 -2.25772e-21   4.4591e-11  9.58649e-21 -7.78434e-10 -2.36676e-20  8.48204e-09  2.41243e-20  -6.6647e-08 -4.76393e-22  4.06231e-07  3.64717e-20 -2.00667e-06 -2.16479e-19  8.26712e-06  3.94664e-19 -2.89751e-05   -2.448e-19  8.76203e-05 -2.35982e-19 -0.000230905  3.59497e-19  0.000533934  7.36425e-19  -0.00108789 -3.41566e-18   0.00195634  7.79815e-18  -0.00310149 -1.40607e-17   0.00431419  2.16211e-17  -0.00521115 -2.78999e-17   0.00535297  2.88379e-17  -0.00446523 -2.23221e-17    0.0026459   1.1349e-17 -0.000401646 -1.98846e-18  -0.00155963 -2.27517e-18   0.00267791  2.64012e-18  -0.00280691  -1.9539e-18   0.00222184  1.77777e-18  -0.00138881 -2.09525e-18  0.000685231  2.16195e-18 -0.000259478 -1.54101e-18  7.08237e-05  6.74999e-19 -1.21548e-05 -1.53509e-19  8.53722e-07
 1.09882e-21 -1.16614e-11 -6.89961e-21   2.8975e-10  2.28072e-20 -3.89474e-09 -3.81578e-20   3.5623e-08  1.65164e-20 -2.44952e-07  -4.3678e-21  1.33879e-06  1.57829e-19 -6.02403e-06 -4.53384e-19  2.28516e-05   4.8443e-19 -7.43098e-05  1.20114e-19  0.000209622 -9.16284e-19 -0.000517258  7.36425e-19   0.00112263   1.2099e-18  -0.00214926 -5.08367e-18   0.00363074  1.12013e-17   -0.0053967 -1.97782e-17   0.00700714  2.91132e-17  -0.00783075  -3.4504e-17   0.00730402  3.10101e-17   -0.0052717 -1.90306e-17   0.00219004  5.60202e-18  0.000999039  2.14766e-18  -0.00330757 -3.40833e-18   0.00419302  2.07522e-18  -0.00377483 -1.40961e-18   0.00264873  2.02116e-18  -0.00147342  -2.8439e-18  0.000640267   2.6838e-18 -0.000208125 -1.56187e-18  4.62069e-05  5.18644e-19 -5.61014e-06 -6.62857e-20
 2.08413e-12  4.21529e-21 -9.02326e-11 -1.81322e-20  1.57647e-09  4.43269e-20 -1.71911e-08 -4.32883e-20   1.3518e-07  -9.9619e-22 -8.24569e-07 -7.51826e-20  4.07605e-06  4.18972e-19 -1.68041e-05 -7.08067e-19   5.8935e-05  2.49533e-19 -0.000178329  1.04634e-18  0.000470222 -1.99961e-18  -0.00108789   1.2099e-18   0.00221759  1.75484e-18  -0.00398929 -7.11258e-18    0.0063258  1.56464e-17  -0.00879916 -2.70875e-17    0.0106245  3.73964e-17   -0.0109014 -3.93671e-17   0.00906744  2.90943e-17  -0.00532435 -1.20722e-17  0.000713432 -8.94462e-19   0.00330991   4.5582e-18  -0.00559424 -2.52586e-18   0.00583985  5.74345e-19  -0.00461544 -1.01483e-18   0.00288326  2.81621e-18  -0.00142239 -3.82859e-18  0.000538684  2.99469e-18 -0.000147072 -1.35791e-18  2.52497e-05  3.14515e-19 -1.77419e-06
   -1.92e-21  2.21744e-11  1.22512e-20 -5.51375e-10 -4.05825e-20  7.41679e-09  6.63563e-20 -6.78847e-08 -2.57436e-20  4.67108e-07  9.81465e-21 -2.55468e-06 -2.96261e-19  1.15023e-05  8.08003e-19 -4.36592e-05 -7.43138e-19  0.000142055 -6.51082e-19 -0.000400941  2.67375e-18  0.000989845 -3.41566e-18  -0.00214926  1.75484e-18   0.00411627   2.4263e-18  -0.00695551 -9.95761e-18    0.0103399  2.19934e-17    -0.013424 -3.64565e-17    0.0149938  4.55994e-17   -0.0139652 -4.07657e-17    0.0100399  2.26089e-17  -0.00409757 -3.38615e-18   -0.0020456 -5.23072e-18   0.00648413  3.46362e-18  -0.00817221  6.04683e-19   0.00734239 -1.34849e-18   -0.0051477 -1.23995e-18   0.00286256  4.16134e-18  -0.00124379 -4.69228e-18  0.000404319  2.88884e-18 -8.97733e-05 -9.80424e-19  1.09008e-05   1.2754e-19
-3.72514e-12 -7.00525e-21  1.61388e-10  3.04995e-20 -2.82147e-09 -7.38019e-20  3.07869e-08  6.89782e-20 -2.42236e-07  4.36185e-21  1.47845e-06  1.38414e-19 -7.31243e-06 -7.26972e-19  3.01628e-05  1.15187e-18  -0.00010584 -1.47547e-19  0.000320413 -2.51996e-18 -0.000845249  4.96782e-18   0.00195634 -5.08367e-18  -0.00398929   2.4263e-18   0.00717857  3.40918e-18   -0.0113853 -1.43463e-17    0.0158379  3.09399e-17   -0.0191202  -4.7251e-17    0.0196069  5.14349e-17   -0.0162823 -3.68375e-17   0.00951141  1.26109e-17  -0.00117703   3.6189e-18  -0.00608874 -4.60287e-18    0.0102036 -1.77945e-18    -0.010627  5.23513e-18   0.00839072 -2.78196e-18   -0.0052391 -2.42418e-18   0.00258386  5.72495e-18 -0.000978354 -5.01547e-18   0.00026706  2.35739e-18 -4.58392e-05 -5.56859e-19  3.21993e-06
  2.9901e-21 -3.72769e-11 -1.93787e-20   9.2742e-10  6.42839e-20 -1.24818e-08  -1.0272e-19  1.14303e-07  3.53327e-20 -7.86894e-07 -1.97334e-20  4.30565e-06  4.97346e-19 -1.93946e-05 -1.29774e-18  7.36475e-05  1.04587e-18 -0.000239724  1.55551e-18  0.000676862 -5.46081e-18  -0.00167162  7.79815e-18   0.00363074 -7.11258e-18  -0.00695551  3.40918e-18    0.0117558  4.98466e-18   -0.0174787 -2.08703e-17    0.0226935  4.20803e-17    -0.025345 -5.69261e-17    0.0235972  5.16158e-17   -0.0169443 -2.70195e-17   0.00687692  2.36114e-18   0.00352717   5.0092e-18   -0.0110388  2.38477e-18    0.0138866 -1.01771e-17   -0.0124669  9.78643e-18   0.00873617  -2.8058e-18  -0.00485608 -4.45267e-18    0.0021091  6.86993e-18 -0.000685276 -4.55099e-18  0.000152066  1.58286e-18  -1.8451e-05 -2.11351e-19
 5.88389e-12  1.03837e-20 -2.55027e-10 -4.57195e-20  4.46039e-09  1.09497e-19 -4.86895e-08 -9.78551e-20  3.83241e-07 -1.00974e-20 -2.33988e-06 -2.26276e-19   1.1577e-05  1.12845e-18 -4.77684e-05 -1.69399e-18  0.000167667 -1.00984e-19  -0.00050772  4.69277e-18    0.0013397 -9.35156e-18  -0.00310149  1.12013e-17    0.0063258 -9.95761e-18   -0.0113853  4.98466e-18    0.0180607  7.38189e-18   -0.0251287 -2.93195e-17    0.0303429   5.3093e-17   -0.0311242 -6.12766e-17    0.0258602  4.36202e-17   -0.0151285  -1.3544e-17   0.00191542 -3.33083e-18   0.00960478 -1.76183e-18   -0.0161305  1.46159e-17    0.0168059 -1.91638e-17   -0.0132679  1.23696e-17    0.0082813 -9.84464e-19  -0.00408191 -6.66741e-18   0.00154439  7.00626e-18 -0.000421154 -3.44848e-18  7.21982e-05  8.36242e-19 -5.06351e-06
-4.15612e-21  5.53002e-11  2.73407e-20  -1.3762e-09 -9.07862e-20  1.85265e-08  1.41805e-19 -1.69696e-07 -4.24911e-20  1.16848e-06  3.36025e-20 -6.39476e-06 -7.41773e-19  2.88097e-05  1.86455e-18 -0.000109416  -1.3231e-18    0.0003562  -2.8517e-18  -0.00100585  9.26375e-18    0.0024844 -1.40607e-17   -0.0053967  1.56464e-17    0.0103399 -1.43463e-17   -0.0174787  7.38189e-18    0.0259935  1.05389e-17   -0.0337614  -3.8076e-17    0.0377314  5.97998e-17   -0.0351773 -5.61849e-17    0.0253461  2.79033e-17   -0.0104448 -1.41197e-18  -0.00496726 -4.68598e-19    0.0161081 -1.59126e-17   -0.0203558  2.83976e-17    0.0182964 -2.55287e-17   -0.0128219  1.17607e-17   0.00712309  2.11793e-18  -0.00309057 -8.00949e-18   0.00100274  5.91407e-18 -0.000222106 -2.11765e-18  2.68871e-05  2.95559e-19
-8.18515e-12 -1.37355e-20  3.54802e-10  6.11142e-20 -6.20582e-09 -1.44912e-19  6.77453e-08  1.23693e-19  -5.3324e-07  1.84953e-20  3.25568e-06  3.25016e-19 -1.61077e-05  -1.5572e-18  6.64601e-05  2.22822e-18 -0.000233262  5.33553e-19  0.000706311 -7.43989e-18  -0.00186361  1.49935e-17   0.00431419 -1.97782e-17  -0.00879916  2.19934e-17    0.0158379 -2.08703e-17   -0.0251287  1.05389e-17    0.0349775  1.38765e-17   -0.0422722 -4.40632e-17    0.0434389  5.75768e-17   -0.0362416 -4.01684e-17    0.0214731  8.69747e-18  -0.00325264   4.0517e-18   -0.0126628  1.11591e-17    0.0217226  -3.2751e-17   -0.0227467  3.87289e-17    0.0179824 -2.68109e-17   -0.0112216  8.10859e-18   0.00552485   5.1758e-18  -0.00208643  -7.7623e-18   0.00056753  4.06176e-18 -9.69775e-05 -1.02422e-18  6.77384e-06
 5.15541e-21 -7.20067e-11 -3.43967e-20  1.79164e-09  1.14323e-19  -2.4114e-08 -1.74676e-19  2.20824e-07  4.42557e-20 -1.52014e-06 -4.70891e-20    8.317e-06   9.7729e-19 -3.74589e-05 -2.38515e-18  0.000142221  1.48869e-18 -0.000462854  4.37792e-18   0.00130664 -1.35969e-17  -0.00322645  2.16211e-17   0.00700714 -2.70875e-17    -0.013424  3.09399e-17    0.0226935 -2.93195e-17   -0.0337614  1.38765e-17    0.0438913   1.6264e-17   -0.0491516 -4.36414e-17    0.0460281  4.37288e-17   -0.0335433 -1.59604e-17    0.0145178 -7.90977e-18   0.00521674  8.67748e-19    -0.019549  2.67783e-17    0.0251303 -4.56037e-17   -0.0227001  4.18818e-17     0.015924 -2.29642e-17  -0.00883796  3.33482e-18    0.0038259   6.5405e-18  -0.00123716 -5.85044e-18  0.000272817  2.16748e-18 -3.28412e-05 -3.31868e-19
 9.95127e-12  1.61971e-20  -4.3114e-10 -7.27829e-20    7.537e-09  1.71023e-19 -8.22304e-08 -1.39284e-19  6.46871e-07 -2.93585e-20 -3.94702e-06 -4.07127e-19  1.95157e-05  1.90496e-18 -8.04696e-05 -2.62452e-18   0.00028225 -1.04633e-18 -0.000854106  1.01311e-17   0.00225224 -2.06693e-17  -0.00521115  2.91132e-17    0.0106245 -3.64565e-17   -0.0191202  4.20803e-17    0.0303429  -3.8076e-17   -0.0422722   1.6264e-17    0.0511945  1.63191e-17   -0.0528477 -3.42685e-17    0.0445609  1.93712e-17   -0.0272561  1.05616e-17    0.0057888 -1.79183e-17    0.0130599 -7.36834e-18   -0.0239375  3.85367e-17    0.0254506 -4.91857e-17   -0.0202095  3.73482e-17    0.0126118  -1.6307e-17  -0.00619389 -2.76225e-19    0.0023289  5.66315e-18  -0.00062966 -3.29997e-18  0.000106754  9.05987e-19 -7.38317e-06
-5.69718e-21   8.1394e-11  3.85139e-20 -2.02322e-09 -1.28192e-19  2.72032e-08   1.9189e-19 -2.48851e-07 -3.90224e-20  1.71123e-06  5.28577e-20 -9.35212e-06 -1.13341e-18  4.20737e-05  2.72198e-18 -0.000159563 -1.54536e-18   0.00051872 -5.58504e-18   -0.0014628   1.7006e-17   0.00360859 -2.78999e-17  -0.00783075  3.73964e-17    0.0149938  -4.7251e-17    -0.025345   5.3093e-17    0.0377314 -4.40632e-17   -0.0491516  1.63191e-17    0.0552954  1.30113e-17   -0.0523115  -1.6056e-17    0.0391113 -1.07133e-17   -0.0187241  3.37365e-17  -0.00257619 -2.22147e-17    0.0182281 -1.34318e-17   -0.0246398  4.04862e-17     0.022576 -4.33583e-17   -0.0158889  2.90246e-17   0.00880049  -1.0935e-17   -0.0037887 -7.92778e-19   0.00121487  2.88057e-18 -0.000264897  -1.1544e-18  3.14278e-05  2.51679e-19
-1.04147e-11 -1.69784e-20  4.50496e-10   7.7031e-20 -7.86239e-09 -1.79707e-19   8.5635e-08  1.39545e-19 -6.72483e-07  4.17346e-20  4.09601e-06  4.41193e-19  -2.0216e-05 -2.06593e-18  8.32067e-05  2.81147e-18 -0.000291329  1.30423e-18  0.000880049 -1.15111e-17  -0.00231687  2.37182e-17   0.00535297  -3.4504e-17   -0.0109014  4.55994e-17    0.0196069 -5.69261e-17   -0.0311242  5.97998e-17    0.0434389 -4.36414e-17   -0.0528477  1.30113e-17    0.0551057  6.24405e-18   -0.0475447  7.97611e-18    0.0310295 -4.05724e-17   -0.0102606  5.14531e-17  -0.00820841 -2.58693e-17    0.0192219 -1.12155e-17   -0.0214223  3.22969e-17    0.0172419 -3.29433e-17   -0.0107667   2.2125e-17   0.00525269 -9.07436e-18  -0.00195123  1.18318e-18  0.000518523  1.08861e-19 -8.59177e-05  -2.3114e-19  5.76615e-06
  5.5888e-21 -7.81556e-11 -3.82346e-20  1.93775e-09   1.2763e-19 -2.59855e-08 -1.87687e-19  2.37071e-07  2.76005e-20 -1.62572e-06 -4.39015e-20  8.85996e-06  1.15221e-18  -3.9747e-05 -2.78985e-18  0.000150315  1.62006e-18   -0.0004873  5.65878e-18   0.00137056  -1.7415e-17   -0.0033728  2.88379e-17   0.00730402 -3.93671e-17   -0.0139652  5.14349e-17    0.0235972 -6.12766e-17   -0.0351773  5.75768e-17    0.0460281 -3.42685e-17   -0.0523115  6.24405e-18    0.0506007 -2.93836e-18   -0.0398914  3.31945e-17    0.0227457  -6.5875e-17   -0.0044929  6.50571e-17  -0.00932268 -3.30714e-17    0.0156723 -1.44481e-18   -0.0151353  2.12008e-17    0.0107809 -2.64777e-17  -0.00593245  2.14723e-17    0.0025062   -1.143e-17 -0.000779971  4.54508e-18  0.000163074  -1.4831e-18 -1.82641e-05   9.8316e-21
 9.09834e-12  1.57416e-20 -3.92007e-10 -7.21294e-20  6.81384e-09  1.67622e-19  -7.3905e-08 -1.24072e-19  5.77889e-07 -5.40516e-20  -3.5045e-06 -4.07008e-19    1.722e-05  1.98555e-18 -7.05597e-05 -2.80196e-18  0.000245955 -9.27714e-19  -0.00073978  1.03772e-17   0.00193967 -2.15283e-17  -0.00446523  3.10101e-17   0.00906744 -4.07657e-17   -0.0162823  5.16158e-17    0.0258602 -5.61849e-17   -0.0362416  4.37288e-17    0.0445609  -1.6056e-17   -0.0475447 -2.93836e-18    0.0431206 -1.28376e-17   -0.0318466  5.55408e-17    0.0170725 -8.52252e-17  -0.00344306  7.67529e-17  -0.00542203 -4.34163e-17   0.00853622  9.03774e-18  -0.00743168  1.61013e-17   0.00466041 -2.85368e-17  -0.00219272  2.57387e-17  0.000758743 -1.46674e-17 -0.000180166  6.31801e-18  2.50253e-05 -1.16717e-18 -1.24373e-06
-4.83776e-21  6.07979e-11  3.34451e-20 -1.49778e-09 -1.12287e-19  1.99531e-08  1.62974e-19   -1.808e-07 -1.29336e-20  1.23119e-06  1.75956e-20 -6.66189e-06  -1.0165e-18  2.96693e-05  2.58265e-18 -0.000111383 -1.82645e-18  0.000358479 -4.15966e-18  -0.00100119  1.37697e-17   0.00244788 -2.23221e-17   -0.0052717  2.90943e-17    0.0100399 -3.68375e-17   -0.0169443  4.36202e-17    0.0253461 -4.01684e-17   -0.0335433  1.93712e-17    0.0391113  7.97611e-18   -0.0398914 -1.28376e-17     0.035181 -2.16806e-17   -0.0263328  7.23457e-17    0.0162059 -9.79923e-17   -0.0077146  8.48314e-17   0.00243853 -4.92105e-17 -0.000213763  8.70195e-18 -0.000187333  2.52421e-17  4.67082e-06 -4.02711e-17  0.000121177  3.25161e-17 -9.99401e-05 -1.72758e-17  3.98646e-05  5.94326e-18 -7.52858e-06 -4.71314e-19
-6.15901e-12  -1.2807e-20  2.62573e-10  5.93391e-20 -4.51399e-09 -1.38142e-19  4.84012e-08  9.74142e-20 -3.73977e-07  6.45903e-20  2.24005e-06  3.06938e-19 -1.08676e-05  -1.6808e-18  4.39543e-05  2.62856e-18 -0.000151213  -9.6718e-20  0.000448927 -6.79618e-18  -0.00116245  1.43054e-17    0.0026459 -1.90306e-17  -0.00532435  2.26089e-17   0.00951141 -2.70195e-17   -0.0151285  2.79033e-17    0.0214731 -1.59604e-17   -0.0272561 -1.07133e-17    0.0310295  3.31945e-17   -0.0318466 -2.16806e-17    0.0297407 -2.84511e-17   -0.0256511   8.2626e-17    0.0208264 -1.03435e-16   -0.0161652   8.5229e-17    0.0119856 -4.28766e-17  -0.00828815 -7.34514e-18   0.00512672  4.55281e-17  -0.00269608 -5.28952e-17   0.00113606  3.51536e-17 -0.000353679 -1.57811e-17  7.02519e-05  3.20005e-18 -5.76643e-06
 3.66102e-21 -3.33984e-11 -2.55303e-20  8.06164e-10  8.66766e-20 -1.05096e-08 -1.25075e-19  9.30702e-08 -1.30949e-21 -6.18571e-07  2.16963e-20  3.26233e-06   7.5904e-19 -1.41432e-05 -2.15224e-18  5.16285e-05  2.08281e-18 -0.000161453  1.63193e-18  0.000438125 -7.52929e-18  -0.00104203   1.1349e-17   0.00219004 -1.20722e-17  -0.00409757  1.26109e-17   0.00687692  -1.3544e-17   -0.0104448  8.69747e-18    0.0145178  1.05616e-17   -0.0187241 -4.05724e-17    0.0227457  5.55408e-17   -0.0263328 -2.84511e-17    0.0291354 -3.21472e-17   -0.0305271  8.46987e-17    0.0297209 -9.77508e-17   -0.0262587  7.03654e-17    0.0205389 -1.67462e-17   -0.0138655 -4.07022e-17   0.00785149  7.16958e-17  -0.00359422 -6.17909e-17   0.00125872   3.3997e-17 -0.000305894 -1.16305e-17  4.11612e-05  1.06206e-18
  2.4329e-12  9.03079e-21 -9.89416e-11 -4.24397e-20  1.61441e-09  9.99158e-20 -1.63339e-08 -6.69131e-20  1.18275e-07 -7.16208e-20 -6.58665e-07 -1.67633e-19  2.94357e-06   1.2304e-18 -1.08504e-05  -2.2897e-18  3.36148e-05  1.26591e-18  -8.8736e-05  2.43634e-18   0.00020195 -5.74819e-18 -0.000401646  5.60202e-18  0.000713432 -3.38615e-18  -0.00117703  2.36114e-18   0.00191542 -1.41197e-18  -0.00325264 -7.90977e-18    0.0057888  3.37365e-17   -0.0102606  -6.5875e-17    0.0170725  7.23457e-17   -0.0256511 -3.21472e-17    0.0341057 -3.30161e-17   -0.0397006  7.87528e-17    0.0401473 -8.04393e-17   -0.0349749  4.04214e-17    0.0259498  2.32237e-17   -0.0161262  -7.7215e-17   0.00818383  8.77028e-17  -0.00325836 -5.89826e-17  0.000949909  2.63379e-17 -0.000176303 -5.40612e-18  1.35395e-05
-2.38725e-21  4.35854e-12  1.67538e-20 -7.49324e-11 -5.80947e-20  5.49483e-10  8.42914e-20 -7.63978e-10  1.21336e-20 -2.44695e-08 -6.26055e-20  2.97672e-07 -4.51957e-19 -2.07847e-06  1.58936e-18  1.06646e-05 -2.15761e-18 -4.35073e-05  6.97694e-19  0.000146462  1.77479e-18 -0.000414973 -1.98846e-18  0.000999039 -8.94462e-19   -0.0020456   3.6189e-18   0.00352717 -3.33083e-18  -0.00496726   4.0517e-18   0.00521674 -1.79183e-17  -0.00257619  5.14531e-17   -0.0044929 -8.52252e-17    0.0162059   8.2626e-17   -0.0305271 -3.30161e-17     0.043375   -2.965e-17   -0.0502983   6.2511e-17    0.0488218 -4.82298e-17   -0.0398854 -6.13817e-18    0.0272612  7.30194e-17   -0.0153377  -1.0927e-16   0.00689899  9.19805e-17  -0.00235899 -5.03475e-17  0.000557823  1.70313e-17 -7.29148e-05 -1.61885e-18
 9.18909e-13 -5.41058e-21 -4.78267e-11  2.59645e-20   9.7885e-10 -6.28326e-20 -1.22636e-08   3.9515e-20  1.09111e-07  7.30902e-20 -7.43674e-07  3.12418e-20  4.06399e-06 -7.51024e-19 -1.83466e-05  1.80073e-18  6.98376e-05 -1.97572e-18 -0.000227359  7.64411e-19  0.000639075 -1.20597e-19  -0.00155963  2.14766e-18   0.00330991 -5.23072e-18  -0.00608874   5.0092e-18   0.00960478 -4.68598e-19   -0.0126628  8.67748e-19    0.0130599 -2.22147e-17  -0.00820841  6.50571e-17  -0.00344306 -9.79923e-17    0.0208264  8.46987e-17   -0.0397006   -2.965e-17    0.0540243 -2.44505e-17   -0.0588688  4.07005e-17    0.0531027 -9.41256e-18   -0.0399279  -5.4393e-17    0.0248372  1.11281e-16   -0.0125254 -1.18135e-16    0.0049339  7.82771e-17  -0.00141931 -3.45872e-17   0.00025952  7.06103e-18 -1.96166e-05
 1.30977e-21   1.7561e-11 -9.22082e-21 -4.74674e-10  3.32937e-20  6.90519e-09 -4.94341e-20 -6.80333e-08  -1.7873e-20   5.0175e-07  9.06193e-20 -2.92918e-06  1.80224e-19  1.40212e-05 -1.01851e-18 -5.63481e-05  1.92351e-18  0.000193259  -1.9493e-18 -0.000572095  1.44215e-18   0.00147247 -2.27517e-18  -0.00330757   4.5582e-18   0.00648413 -4.60287e-18   -0.0110388 -1.76183e-18    0.0161081  1.11591e-17    -0.019549 -7.36834e-18    0.0182281 -2.58693e-17  -0.00932268  7.67529e-17   -0.0077146 -1.03435e-16    0.0297209  7.87528e-17   -0.0502983 -2.44505e-17    0.0625453 -1.44193e-17   -0.0626376  1.01852e-17     0.051857  3.77902e-17   -0.0355777  -1.0259e-16    0.0199832  1.36092e-16  -0.00894428 -1.11339e-16   0.00303714  6.04452e-17 -0.000712299 -2.02769e-17  9.22703e-05  1.95153e-18
-2.98045e-12  2.65909e-21  1.37437e-10 -1.32343e-20  -2.5506e-09  3.39116e-20  2.94692e-08 -1.93975e-20 -2.44917e-07 -6.71589e-20  1.57512e-06  6.28869e-20 -8.18891e-06  3.57878e-19  3.54119e-05  -1.2568e-18  -0.00012989  2.02984e-18  0.000409652  -2.1116e-18  -0.00112117  2.27771e-18   0.00267791 -3.40833e-18  -0.00559424  3.46362e-18    0.0102036  2.38477e-18   -0.0161305 -1.59126e-17    0.0217226  2.67783e-17   -0.0239375 -1.34318e-17    0.0192219 -3.30714e-17  -0.00542203  8.48314e-17   -0.0161652 -9.77508e-17    0.0401473   6.2511e-17   -0.0588688 -1.44193e-17     0.066118 -6.36242e-18    -0.060432 -1.71813e-17    0.0456657  7.47023e-17   -0.0284223 -1.27223e-16    0.0143044    1.297e-16   -0.0056145 -8.49948e-17   0.00160772  3.73341e-17 -0.000292444 -7.53415e-18  2.19817e-05
-5.78617e-22 -2.75138e-11  4.06455e-21  7.20362e-10  -1.5933e-20 -1.01852e-08  2.49145e-20  9.78215e-08  1.83818e-20 -7.05079e-07 -9.58653e-20  4.03211e-06 -4.48368e-21 -1.89458e-05   5.6016e-19   7.4884e-05 -1.47609e-18 -0.000253071  2.12619e-18  0.000739566 -2.30166e-18  -0.00188287  2.64012e-18   0.00419302 -2.52586e-18  -0.00817221 -1.77945e-18    0.0138866  1.46159e-17   -0.0203558  -3.2751e-17    0.0251303  3.85367e-17   -0.0246398 -1.12155e-17    0.0156723 -4.34163e-17   0.00243853   8.5229e-17   -0.0262587 -8.04393e-17    0.0488218  4.07005e-17   -0.0626376 -6.36242e-18    0.0635575  7.48412e-18   -0.0529093 -4.91386e-17    0.0363615  1.07715e-16    -0.020415 -1.37105e-16   0.00912238  1.10983e-16  -0.00309009 -6.02211e-17  0.000722616  2.01464e-17 -9.33084e-05  -1.9444e-18
 3.49787e-12 -9.94421e-22 -1.58793e-10  5.35196e-21  2.90504e-09 -1.54256e-20 -3.31271e-08  7.33767e-21  2.72027e-07    5.405e-20 -1.73029e-06 -9.80402e-20  8.90528e-06 -1.14363e-19 -3.81572e-05  7.84646e-19  0.000138801 -1.65104e-18 -0.000434514  2.15178e-18   0.00118154 -2.28916e-18  -0.00280691  2.07522e-18   0.00583985  6.04683e-19    -0.010627 -1.01771e-17    0.0168059  2.83976e-17   -0.0227467 -4.56037e-17    0.0254506  4.04862e-17   -0.0214223 -1.44481e-18   0.00853622 -4.92105e-17    0.0119856  7.03654e-17   -0.0349749 -4.82298e-17    0.0531027  1.01852e-17    -0.060432  7.48412e-18    0.0555485    1.322e-17   -0.0420705 -6.48233e-17    0.0261973  1.12524e-16   -0.0131778 -1.15414e-16   0.00516658  7.59495e-17  -0.00147731 -3.34624e-17  0.000268282  6.65407e-18  -2.0131e-05
 1.85629e-22  2.63405e-11 -1.28483e-21  -6.8396e-10  6.11683e-21  9.59671e-09  -1.0601e-20 -9.15179e-08 -1.49897e-20  6.55328e-07  7.95537e-20 -3.72494e-06  -6.5536e-20  1.74051e-05 -2.69857e-19  -6.8444e-05  1.00045e-18   0.00023024 -1.73142e-18 -0.000670087  2.05359e-18   0.00169995  -1.9539e-18  -0.00377483  5.74345e-19   0.00734239  5.23513e-18   -0.0124669 -1.91638e-17    0.0182964  3.87289e-17   -0.0227001 -4.91857e-17     0.022576  3.22969e-17   -0.0151353  9.03774e-18 -0.000213763 -4.28766e-17    0.0205389  4.04214e-17   -0.0398854 -9.41256e-18     0.051857 -1.71813e-17   -0.0529093    1.322e-17    0.0441522  2.61323e-17    -0.030372 -8.02357e-17    0.0170549  1.09172e-16  -0.00761881 -9.04206e-17   0.00257946  4.98158e-17 -0.000602836  -1.6766e-17  7.77934e-05  1.61978e-18
-2.87837e-12  2.21193e-22  1.30005e-10 -1.52708e-21 -2.36714e-09  5.76022e-21  2.68746e-08 -1.64965e-21 -2.19782e-07 -3.70725e-20  1.39268e-06  8.60181e-20 -7.14256e-06  1.02929e-20  3.05056e-05 -4.52491e-19  -0.00011064  1.15527e-18  0.000345438 -1.70365e-18 -0.000937124  1.87246e-18   0.00222184 -1.40961e-18  -0.00461544 -1.34849e-18   0.00839072  9.78643e-18   -0.0132679 -2.55287e-17    0.0179824  4.18818e-17   -0.0202095 -4.33583e-17    0.0172419  2.12008e-17  -0.00743168  8.70195e-18  -0.00828815 -1.67462e-17    0.0259498 -6.13817e-18   -0.0399279  3.77902e-17    0.0456657 -4.91386e-17   -0.0420705  2.61323e-17    0.0318973  2.35732e-17   -0.0198727  -7.0158e-17   0.00999873  8.00136e-17  -0.00392057 -5.47097e-17   0.00112112  2.46029e-17 -0.000203623 -4.81315e-18  1.52829e-05
-2.76401e-23 -1.89005e-11  1.73583e-22  4.89315e-10 -1.73609e-21 -6.84672e-09  3.70916e-21  6.51259e-08  9.92195e-21 -4.65238e-07 -5.25222e-20  2.63865e-06  6.37568e-20 -1.23044e-05  1.24922e-19  4.82962e-05 -6.20502e-19 -0.000162191  1.22541e-18  0.000471327 -1.64522e-18  -0.00119414  1.77777e-18   0.00264873 -1.01483e-18   -0.0051477 -2.78196e-18   0.00873617  1.23696e-17   -0.0128219 -2.68109e-17     0.015924  3.73482e-17   -0.0158889 -3.29433e-17    0.0107809  1.61013e-17 -0.000187333 -7.34514e-18   -0.0138655  2.32237e-17    0.0272612  -5.4393e-17   -0.0355777  7.47023e-17    0.0363615 -6.48233e-17    -0.030372  2.35732e-17    0.0209058  2.98433e-17   -0.0117452 -6.28739e-17   0.00524942  5.78682e-17  -0.00177823  -3.3507e-17   0.00041585  1.15388e-17 -5.37066e-05  -1.1216e-18
