  5.2095e-33  1.52207e-36 -1.16788e-32 -1.65294e-35  3.22553e-31   6.0705e-36 -7.00378e-30  1.49034e-35  1.05257e-28  9.11041e-37 -1.19902e-27  6.62923e-36  1.08212e-26 -4.87917e-36 -7.96293e-26  6.87517e-36  4.87351e-25  3.72058e-37 -2.51604e-24 -3.52951e-36  1.10686e-23  2.38504e-35 -4.17868e-23 -1.53347e-34  1.36012e-22  7.82776e-34 -3.82647e-22 -3.51132e-33  9.30891e-22   1.3903e-32 -1.95499e-21 -4.88918e-32  3.52935e-21  1.53455e-31 -5.43567e-21 -4.31435e-31  7.05276e-21  1.08947e-30 -7.54864e-21 -2.47598e-30  6.41489e-21  5.07211e-30 -3.98338e-21 -9.37822e-30  1.36799e-21  1.56751e-29  2.95769e-22 -2.37388e-29 -6.73958e-22  3.27026e-29  3.11995e-22 -4.12589e-29  4.91459e-23  4.81851e-29 -1.13837e-22 -5.28618e-29  2.66022e-23  5.53406e-29  2.29811e-23 -5.58507e-29 -1.19316e-23  5.41986e-29 -3.56485e-24 -4.97312e-29  3.13173e-24   4.2032e-29   5.5627e-25 -3.17403e-29 -6.47151e-25  2.06572e-29 -1.14465e-25 -1.09432e-29  1.09214e-25  4.05298e-30  2.75399e-26 -2.23012e-31 -1.38436e-26 -1.25803e-30 -5.70782e-27  1.40437e-30  9.56425e-28 -1.03283e-30  8.46499e-28  6.03501e-31  4.86943e-29  -2.9133e-31 -7.52044e-29  1.15231e-31 -1.95898e-29 -3.57029e-32  2.03962e-30  7.67171e-33  1.85518e-30 -6.05546e-34  2.63656e-31 -2.97328e-34 -4.93564e-32  1.42133e-34 -2.33593e-32 -2.77907e-35 -2.64888e-33  7.28584e-37  3.31772e-34  9.10221e-37  1.43798e-34 -1.43971e-37  1.70117e-35 -2.37826e-38 -1.81316e-37  8.28707e-39 -3.09518e-37  2.51168e-40 -4.00945e-38 -2.88612e-40 -1.81062e-39  1.20359e-41  8.12726e-41  4.21525e-42  1.56076e-41 -2.68943e-43  8.47863e-43 -1.59066e-44  1.25073e-44  5.93232e-46 -5.71314e-47  1.23076e-47
 1.52207e-36  2.72195e-32  8.33656e-36 -6.82365e-31 -5.21635e-35  1.80768e-29  4.75697e-35 -3.20839e-28  2.77403e-35  4.18406e-27  7.65392e-36 -4.24063e-26  1.84101e-35  3.45984e-25 -1.96495e-35 -2.32704e-24  1.16185e-35  1.31202e-23  5.47469e-36 -6.27576e-23 -4.78996e-35  2.56853e-22  3.55169e-34 -9.04757e-22 -2.15216e-33  2.75274e-21   1.0944e-32 -7.24517e-21 -4.82129e-32  1.64875e-20  1.86277e-31 -3.23491e-20 -6.36642e-31  5.44149e-20  1.93644e-30 -7.77241e-20 -5.26425e-30  9.27901e-20  1.28286e-29 -9.01019e-20 -2.80803e-29  6.75075e-20  5.52794e-29 -3.41818e-20 -9.79569e-29  5.60684e-21  1.56375e-28  7.65438e-21 -2.25192e-28 -6.94525e-21  2.93396e-28  1.47425e-21 -3.47945e-28  1.42243e-21   3.7988e-28  -9.9725e-22 -3.88816e-28 -7.06887e-23  3.81711e-28  2.81676e-22 -3.66132e-28 -3.83037e-23  3.43591e-28 -6.12002e-23 -3.09219e-28  1.43012e-23  2.58321e-28  1.21851e-23 -1.93537e-28 -2.91836e-24  1.25713e-28 -2.33966e-24  -6.7851e-29  3.58945e-25  2.78812e-29  4.08798e-25 -5.99166e-30 -5.74188e-27  -2.8363e-30 -5.70909e-26  4.59935e-30 -8.30492e-27 -3.63096e-30  5.18016e-27  2.17538e-30  1.84941e-27 -1.06033e-30 -1.31875e-28  4.18577e-31 -1.87243e-28 -1.27575e-31 -2.91298e-29  2.62942e-32  6.74567e-30 -1.66971e-33   3.2172e-30 -1.13103e-33  3.17954e-31  4.84908e-34 -8.37355e-32 -8.48919e-35 -2.95211e-32 -1.18256e-36 -2.86068e-33  3.76904e-36  3.12295e-34 -4.89233e-37  1.20378e-34 -1.10883e-37  1.32773e-35  3.28034e-38  1.42939e-37  9.14271e-40 -1.31829e-37 -9.65326e-40 -1.58625e-38  3.30641e-41 -7.65327e-40  1.14947e-41 -3.65846e-43 -5.53303e-43  1.68981e-42 -3.08049e-44  5.92839e-44  5.22315e-46  6.20244e-46
-1.16788e-32  8.33656e-36  8.59312e-31  2.63528e-35 -2.95099e-29 -1.02423e-34  6.33162e-28  1.40214e-34 -9.58144e-27  3.89992e-35  1.09992e-25  2.44684e-35 -1.00075e-24  2.49029e-35  7.42689e-24 -3.85983e-35 -4.58607e-23  1.62738e-35  2.38989e-22  1.11507e-35 -1.06177e-21 -3.23699e-34  4.05033e-21  2.97997e-33 -1.33293e-20 -1.92881e-32  3.79407e-20  1.00391e-31 -9.34604e-20   -4.417e-31  1.98931e-19  1.68263e-30 -3.64403e-19 -5.62752e-30  5.70305e-19   1.6669e-29 -7.53439e-19  -4.3979e-29  8.23552e-19  1.03735e-28 -7.18457e-19 -2.19246e-28  4.63404e-19   4.1571e-28 -1.73627e-19 -7.07457e-28  -2.2182e-20  1.08066e-27  7.59029e-20 -1.48205e-27  -3.9707e-20  1.82751e-27 -3.03273e-21 -2.03549e-27   1.3316e-20  2.07019e-27 -4.01201e-21 -1.96321e-27 -2.44699e-21  1.79137e-27  1.61032e-21 -1.62218e-27  3.19331e-22  1.47003e-27 -4.12649e-22 -1.30024e-27 -3.93398e-23  1.07496e-27  8.60973e-23 -7.96737e-28  8.33422e-24  5.11561e-28 -1.51684e-23 -2.75041e-28 -2.54067e-24   1.1715e-28  2.10887e-24 -3.32842e-29  6.35345e-25 -6.88511e-31 -1.87249e-25  9.32502e-30 -1.08849e-25 -8.38932e-30   1.3093e-27  5.27909e-30   1.1335e-26  -2.6395e-30  2.16413e-27  1.05007e-30  -4.8883e-28 -3.16311e-31 -2.63826e-28  6.26625e-32 -2.42233e-29 -3.08154e-33  1.00973e-29  -2.9316e-33  3.33953e-30  1.16211e-33   2.4393e-31  -1.8916e-34 -7.59442e-32 -8.79375e-36 -2.19895e-32  1.05028e-35 -1.94788e-33 -1.24643e-36  1.41774e-34 -3.19569e-37  5.45397e-35  8.69702e-38   5.6643e-36  2.30766e-39  1.50233e-37 -2.16973e-39 -2.35298e-38  5.55686e-41 -2.75126e-39  2.08224e-41  -1.1678e-40 -6.97318e-43 -1.22669e-42 -3.54293e-44  2.47574e-44  1.23834e-46
-1.65294e-35 -6.82365e-31  2.63528e-35  3.44494e-29  5.88926e-35 -9.24579e-28 -1.48718e-34  1.65244e-26  2.62404e-34 -2.17162e-25  4.72779e-35  2.21884e-24  4.81034e-35  -1.8257e-23  2.30814e-35  1.23889e-22 -9.16677e-35 -7.05049e-22  1.91639e-34   3.4057e-21 -6.01281e-34 -1.40837e-20  1.67207e-34  5.01544e-20  1.37792e-32 -1.54374e-19 -1.19407e-31  4.11357e-19  6.80745e-31 -9.48566e-19 -3.08263e-30  1.88788e-18  1.17637e-29 -3.22552e-18 -3.88645e-29  4.68766e-18  1.12796e-28 -5.70795e-18 -2.90073e-28  5.67506e-18  6.64421e-28 -4.38605e-18 -1.35954e-27  2.33859e-18  2.48861e-27 -4.85141e-19 -4.07595e-27 -4.50174e-19   5.9695e-27  4.69716e-19  -7.8104e-27 -1.25614e-19  9.12621e-27 -8.44546e-20 -9.54513e-27  7.19076e-20  9.01588e-27 -3.36836e-22 -7.86278e-27 -1.92084e-20  6.59567e-27  4.07733e-21 -5.59149e-27  4.00605e-21  4.89236e-27  -1.3319e-21 -4.27587e-27 -7.84302e-22  3.51303e-27  2.78262e-22 -2.57374e-27  1.54404e-22   1.6216e-27 -4.00197e-23 -8.54426e-28 -2.87699e-23  3.63547e-28  2.80154e-24   -1.146e-28  4.41775e-24  1.61636e-29   3.2871e-25  1.17826e-29 -4.65658e-25 -1.42208e-29 -1.22219e-25  9.85564e-30  2.14777e-26 -5.18459e-30  1.51906e-26   2.1038e-30   1.4961e-27 -6.28801e-31 -7.51366e-28  1.20012e-31 -2.53738e-28 -4.51473e-33  -1.2768e-29 -5.93206e-33  9.36543e-30  2.26668e-33  2.41136e-30 -3.67634e-34  1.44815e-31 -2.19292e-35 -4.29069e-32  2.32125e-35 -1.08642e-32 -2.74383e-36 -9.19164e-34 -6.96872e-37   2.9435e-35  1.80439e-37  1.44045e-35  4.79855e-39  1.38172e-36 -3.79749e-39   4.8999e-38  6.22685e-41 -1.46287e-39  2.85198e-41 -1.91123e-40 -5.86991e-43 -5.49442e-42 -2.56999e-44 -3.89303e-44
 3.22553e-31 -5.21635e-35 -2.95099e-29  5.88926e-35  1.04482e-27  1.01657e-34 -2.25872e-26  -1.7283e-34  3.44449e-25  3.62958e-34 -3.98623e-24  5.01702e-35  3.65763e-23  6.39385e-35  -2.7386e-22  9.78748e-35  1.70688e-21 -6.98075e-34 -8.98229e-21   3.1752e-33  4.03189e-20 -1.25678e-32 -1.55486e-19  3.42387e-32  5.17611e-19   -2.226e-32 -1.49145e-18 -4.33843e-31  3.72218e-18  3.42164e-30 -8.03461e-18 -1.70279e-29  1.49435e-17  6.69037e-29 -2.37818e-17 -2.21422e-28  3.20145e-17  6.34817e-28 -3.57661e-17 -1.59963e-27   3.2057e-17  3.57125e-27 -2.14869e-17 -7.09494e-27  8.73828e-18  1.25676e-26  4.22701e-19 -1.98527e-26  -3.3726e-18   2.7934e-26  1.99797e-18 -3.49351e-26  9.17214e-22  3.87412e-26 -6.12414e-19 -3.80644e-26  2.31442e-19  3.33064e-26  9.88986e-20 -2.64936e-26 -8.50159e-20   2.0142e-26 -9.08115e-21 -1.58021e-26  2.12491e-20  1.33761e-26  2.97747e-22 -1.16739e-26 -4.46003e-21  9.60591e-27 -7.21036e-23  -6.9613e-27  8.16456e-22  4.27557e-27  7.02603e-23 -2.17549e-27  -1.2296e-22  8.99783e-28 -2.56167e-23 -2.93112e-28  1.29781e-23   6.5258e-29  5.32537e-24  2.96587e-30 -5.26014e-25  -1.7147e-29 -6.53493e-25  1.47349e-29 -8.20523e-26 -8.51784e-30  3.81272e-26  3.57459e-30  1.42842e-26 -1.06115e-30  5.04229e-28  1.95446e-31 -7.34158e-28 -6.11537e-33 -1.80586e-28 -9.78752e-33 -4.56465e-30  3.82699e-33  5.93673e-30 -6.77846e-34  1.27425e-30 -3.16067e-35  7.15361e-32  4.36594e-35 -1.55123e-32 -5.41018e-36 -3.61606e-33 -1.25643e-36 -2.95428e-34  3.12135e-37 -3.59278e-39  8.83717e-39   2.0975e-36 -5.48695e-39   1.8246e-37  3.94731e-41   6.1023e-39  3.07276e-41  1.26123e-41 -3.06191e-43 -2.88749e-42 -1.02845e-44
  6.0705e-36  1.80768e-29 -1.02423e-34 -9.24579e-28  1.01657e-34  2.50144e-26   1.4243e-34 -4.50531e-25 -1.67691e-34  5.96882e-24  3.95665e-34 -6.15032e-23  5.98967e-35  5.10558e-22 -6.69895e-35 -3.49689e-21  1.26467e-33  2.00957e-20 -7.85151e-33 -9.80716e-20  3.87291e-32  4.09967e-19 -1.58972e-31 -1.47674e-18  5.17567e-31   4.6008e-18 -1.17759e-30 -1.24188e-17  6.21534e-31  2.90356e-17  1.09375e-29 -5.86561e-17 -7.35586e-29   1.0186e-16  3.14736e-28 -1.50729e-16 -1.06769e-27  1.87345e-16    3.059e-27 -1.90875e-16 -7.60353e-27  1.52284e-16  1.66174e-26 -8.54577e-17 -3.21528e-26  2.13937e-17    5.525e-26  1.36808e-17 -8.43574e-26 -1.68676e-17  1.14266e-25  5.49689e-18 -1.36863e-25  2.55862e-18  1.44294e-25 -2.73904e-18 -1.33294e-25  2.18304e-19  1.07818e-25  6.86469e-19 -7.75026e-26 -2.05749e-19  5.23625e-26 -1.35135e-19 -3.73497e-26  6.23155e-20  3.07712e-26  2.55827e-20 -2.73411e-26 -1.32556e-20  2.28139e-26 -5.15412e-21  -1.6383e-26  2.10077e-21  9.73982e-27   1.0348e-21  -4.7099e-27 -2.10625e-22  1.84363e-27 -1.76124e-22 -5.94668e-28   5.6279e-25  1.63659e-28  2.13309e-23 -3.11789e-29  3.88951e-24 -9.88654e-30 -1.36428e-24  1.75407e-29  -6.2943e-25 -1.20968e-29 -2.23722e-26  5.32151e-30  4.04531e-26 -1.55997e-30  1.00918e-26  2.76901e-31 -1.04267e-28 -9.34603e-33 -5.09335e-28 -1.31754e-32  -9.9128e-29  5.78606e-33 -1.43483e-30 -1.22061e-33  2.65094e-30 -1.78045e-35  4.96754e-31  7.26564e-35  2.84659e-32 -9.59205e-36 -3.43274e-33 -1.97028e-36 -7.84152e-34  4.65095e-37 -6.02272e-35  1.47742e-38 -1.16069e-36 -6.73503e-39  1.42581e-37  -9.3259e-42  1.07175e-38  2.61623e-41  2.52337e-40 -5.59904e-44  1.19852e-42
-7.00378e-30  4.75697e-35  6.33162e-28 -1.48718e-34 -2.25872e-26   1.4243e-34  4.92089e-25  1.67716e-34 -7.56501e-24 -1.37039e-34  8.82905e-23  3.30919e-34 -8.17317e-22  2.56511e-34  6.17653e-21 -1.84153e-33 -3.88726e-20   1.3677e-32  2.06666e-19 -7.88448e-32 -9.37704e-19  3.80476e-31  3.65748e-18 -1.54932e-30 -1.23231e-17  5.24545e-30  3.59644e-17 -1.41366e-29 -9.09884e-17  2.60338e-29  1.99305e-16 -3.99988e-30 -3.76624e-16 -2.23108e-28  6.09932e-16  1.21216e-27 -8.37294e-16 -4.40014e-27  9.56847e-16  1.28237e-26 -8.81837e-16 -3.17261e-26  6.14508e-16  6.82329e-26 -2.70073e-16 -1.29028e-25  6.47657e-18  2.15638e-25  9.12156e-17 -3.18912e-25 -6.15144e-17  4.16675e-25  4.44198e-18 -4.78901e-25   1.7068e-17  4.80891e-25 -7.98783e-18 -4.18123e-25 -2.27343e-18  3.12089e-25  2.71756e-18 -2.00528e-25  5.28509e-20   1.1691e-25 -6.60259e-19  -7.3473e-26  4.66308e-20  5.98176e-26  1.38739e-19 -5.60879e-26 -9.73473e-21  4.83401e-26 -2.62925e-20 -3.44745e-26 -4.84767e-23  1.96704e-26  4.26019e-21 -8.86466e-27  5.22889e-22  3.17567e-27  -5.1542e-22 -9.77079e-28 -1.50086e-22  3.15109e-28  3.32786e-23 -1.07176e-28   2.2235e-23  1.69361e-29  1.27404e-24  1.53911e-29 -1.65092e-24 -1.52224e-29 -4.48862e-25  7.07347e-30  1.64749e-26 -2.00779e-30  3.05154e-26   3.4013e-31  5.59338e-27 -1.73487e-32 -2.24946e-28 -1.36537e-32 -2.61221e-28  7.99712e-33 -4.26525e-29 -2.12741e-33   -6.563e-31  4.57771e-35  8.27476e-31  1.09551e-34  1.39749e-31 -1.52561e-35  8.31385e-33 -2.77475e-36  -3.9534e-34  6.07793e-37  -1.0216e-34  2.23742e-38 -7.02161e-36 -7.12027e-39 -1.72107e-37 -6.19641e-41  2.59775e-39  1.72063e-41  1.67566e-40  3.80561e-44
 1.49034e-35 -3.20839e-28  1.40214e-34  1.65244e-26  -1.7283e-34 -4.50531e-25  1.67716e-34  8.18017e-24  1.71771e-34 -1.09293e-22 -7.90999e-35  1.13615e-21  3.71542e-36 -9.51928e-21  2.44534e-33  6.58351e-20 -1.91586e-32 -3.82215e-19  1.25365e-31  1.88542e-18 -6.83391e-31 -7.97122e-18  3.16934e-30  2.90584e-17 -1.25694e-29 -9.16859e-17  4.24112e-29  2.50847e-16 -1.19361e-28 -5.95017e-16  2.64761e-28  1.22089e-15 -3.74811e-28 -2.15647e-15 -1.87108e-28  3.25165e-15  3.59417e-27 -4.12876e-15 -1.54233e-26  4.31429e-15  4.71199e-26 -3.55577e-15 -1.17528e-25  2.09919e-15  2.50399e-25 -6.14872e-16 -4.64614e-25 -2.65409e-16  7.57274e-25  4.04185e-16 -1.08714e-24 -1.57235e-16   1.3727e-24 -4.82903e-17 -1.51672e-24  6.92718e-17   1.4532e-24 -1.08475e-17 -1.19076e-24 -1.60796e-17  8.18806e-25   6.5182e-18 -4.63959e-25  2.90292e-18  2.22269e-25 -1.87587e-18 -1.14828e-25 -5.13974e-19  9.63116e-26   4.0464e-19 -1.02315e-25  1.05674e-19  9.34361e-26 -6.87921e-20 -6.62745e-26 -2.34148e-20  3.59055e-26  8.34655e-21 -1.46944e-26  4.50712e-21  4.57463e-27  -4.3571e-22 -1.27697e-27 -6.28229e-22  4.99534e-28 -6.67382e-23 -2.40528e-28  5.08991e-23   7.2007e-29  1.65365e-23  6.34628e-30 -7.10641e-25 -1.74428e-29 -1.36488e-24  8.47314e-30 -2.47388e-25 -2.21705e-30  2.46719e-26  3.46083e-31  1.73775e-26 -3.40651e-32  2.50536e-27  -8.0288e-33 -1.31519e-28  1.02334e-32 -9.97954e-29 -3.51282e-33 -1.42763e-29  1.80042e-34 -3.37029e-31  1.51893e-34  1.73312e-31 -2.17519e-35  2.69683e-32 -3.57983e-36  1.59596e-33  7.03613e-37 -8.04727e-36  3.03255e-38 -6.87574e-36 -6.51008e-39 -3.80827e-37 -9.20164e-41 -7.25256e-39  8.20437e-42 -1.33654e-41
 1.05257e-28  2.77403e-35 -9.58144e-27  2.62404e-34  3.44449e-25 -1.67691e-34 -7.56501e-24  1.71771e-34  1.17284e-22  1.57263e-34 -1.38095e-21  1.30956e-34  1.29025e-20 -2.30157e-33  -9.8455e-20  2.24345e-32  6.25973e-19 -1.65109e-31 -3.36377e-18  1.00684e-30  1.54353e-17 -5.19724e-30 -6.09249e-17  2.30341e-29  2.07871e-16 -8.81605e-29 -6.14825e-16  2.91075e-28  1.57782e-15 -8.20625e-28 -3.50947e-15  1.92094e-27  6.74274e-15 -3.44953e-27 -1.11203e-14  3.33338e-27  1.55796e-14  6.11808e-27 -1.82275e-14 -4.46645e-26  1.72873e-14  1.51727e-25   -1.253e-14 -3.89087e-25  5.92922e-15  8.28439e-25 -5.38858e-16 -1.51547e-24 -1.72814e-15  2.41616e-24  1.33924e-15 -3.37445e-24 -1.92051e-16  4.12534e-24 -3.31189e-16 -4.38968e-24  1.91785e-16  4.01997e-24   3.1706e-17 -3.10826e-24 -6.07296e-17  1.96573e-24  4.13832e-18 -9.65018e-25  1.42499e-17  3.45305e-25 -2.33686e-18 -1.16455e-25 -2.97694e-18  1.18594e-25  5.04292e-19 -1.68168e-25  5.82166e-19  1.68107e-25 -5.38507e-20 -1.18493e-25 -1.01241e-19  6.01421e-26 -3.66206e-21 -2.15635e-26  1.37986e-20  5.28232e-27  2.68342e-21  -1.1931e-27 -1.16554e-21  6.77092e-28 -5.11082e-22 -4.44029e-28  1.16942e-23  1.60036e-28  4.73854e-23 -8.98928e-30  9.15937e-24  -1.8969e-29  -1.3348e-24  9.14856e-30 -8.49172e-25 -1.94195e-30 -1.09064e-25  2.40609e-31  1.65711e-26 -6.18794e-32  7.63849e-27  6.70383e-33  9.20612e-28  1.22084e-32 -4.28501e-29 -5.40369e-33 -2.79407e-29  3.87084e-34 -3.59898e-30  1.95382e-34 -1.20669e-31 -2.78398e-35  2.22812e-32 -4.27584e-36  3.27454e-33  7.25233e-37  1.78346e-34  3.63241e-38  2.28521e-36 -5.12653e-39 -1.69719e-37 -8.76027e-41 -5.87191e-39  2.39078e-42
 9.11041e-37  4.18406e-27  3.89992e-35 -2.17162e-25  3.62958e-34  5.96882e-24 -1.37039e-34 -1.09293e-22  1.57263e-34  1.47317e-21  8.98539e-35 -1.54566e-20  1.75663e-33  1.30764e-19 -2.13186e-32 -9.13594e-19  1.83271e-31   5.3609e-18  -1.2585e-30 -2.67432e-17  7.20716e-30  1.14412e-16 -3.52192e-29 -4.22325e-16  1.48781e-28  1.35031e-15 -5.46804e-28 -3.74686e-15  1.74999e-27  9.02284e-15 -4.85065e-27 -1.88173e-14   1.1459e-26  3.38315e-14 -2.21584e-26 -5.20226e-14  3.10142e-26  6.75373e-14 -1.29661e-26 -7.24417e-14 -9.67336e-26  6.17238e-14   4.2355e-25 -3.83203e-14 -1.15409e-24  1.28508e-14  2.48573e-24  3.49632e-15 -4.50903e-24 -7.13063e-15  7.05548e-24  3.27136e-15 -9.60792e-24  5.82872e-16  1.13931e-23 -1.28317e-15 -1.16946e-23  3.05735e-16   1.0253e-23  2.70142e-16  -7.4899e-24 -1.46478e-16  4.34812e-24 -4.22929e-17 -1.80425e-24  4.04959e-17  3.75408e-25  6.43043e-18  4.08559e-26 -8.82346e-18  7.36054e-26 -1.34084e-18 -2.52821e-25  1.58572e-18  2.86798e-25  3.50945e-19 -1.99891e-25 -2.19032e-19  9.35402e-26 -8.02329e-20  -2.7881e-26  1.80214e-20  4.09567e-27  1.30965e-20 -3.43037e-28  3.28666e-22  8.13685e-28 -1.29753e-21 -7.29675e-28 -2.95656e-22  2.79751e-28  4.68862e-23 -2.66829e-29  3.21984e-23 -2.08705e-29   3.8405e-24  8.80852e-30 -1.04376e-24 -9.19311e-31 -4.13684e-25 -4.05342e-32 -3.98919e-26 -9.85496e-32  7.27181e-27  3.21017e-32   2.5915e-27  1.36021e-32  2.75325e-28 -7.67707e-33 -7.45495e-30   6.4281e-34 -5.50619e-30    2.342e-34  -6.4458e-31 -3.20579e-35 -2.59554e-32 -4.74307e-36    1.436e-33   6.6668e-37  2.16463e-34  3.80153e-38  9.42734e-36 -3.43024e-39  1.32159e-37  -5.8229e-41 -4.22231e-40
-1.19902e-27  7.65392e-36  1.09992e-25  4.72779e-35 -3.98623e-24  3.95665e-34  8.82905e-23 -7.90999e-35 -1.38095e-21  8.98539e-35  1.64109e-20 -4.81735e-34 -1.54821e-19  1.53089e-32  1.19344e-18 -1.68591e-31 -7.66914e-18  1.34484e-30  4.16754e-17 -8.63313e-30 -1.93504e-16  4.65224e-29   7.7334e-16 -2.15204e-28 -2.67354e-15  8.65347e-28  8.01889e-15 -3.04491e-27  -2.0888e-14  9.39513e-27  4.72098e-14 -2.53485e-26 -9.22895e-14  5.92075e-26  1.55124e-13 -1.16867e-25 -2.21985e-13  1.83247e-25  2.66119e-13 -1.81863e-25 -2.59954e-13 -8.58528e-26  1.96067e-13  9.92369e-25  -9.9582e-14 -3.06097e-24  1.52933e-14   6.7893e-24  2.45181e-14  -1.2302e-23 -2.21783e-14   1.8964e-23  4.76533e-15 -2.52403e-23  4.76909e-15  2.90836e-23 -3.45869e-15 -2.88438e-23 -2.06096e-16  2.42469e-23  1.01856e-15 -1.67533e-23 -1.63652e-16  8.90691e-24  -2.2827e-16 -3.01037e-24  6.26444e-17  2.07171e-26  4.68927e-17  6.01843e-25 -1.37889e-17 -1.35366e-25 -9.43319e-18 -3.55366e-25  1.97122e-18  4.71257e-25  1.76471e-18 -3.21474e-25 -1.07084e-19  1.36233e-25 -2.69493e-19 -3.10413e-26 -2.83095e-20 -4.40567e-28  2.77468e-20   1.6018e-27  8.35839e-21  9.19844e-28 -1.10432e-21 -1.11313e-27  -9.8043e-22  4.24893e-28  -1.2005e-22 -4.03763e-29  4.39783e-23 -2.49033e-29  1.70193e-23  7.36217e-30  1.23015e-24  1.05827e-30 -5.46366e-25 -5.59175e-31 -1.60251e-25 -1.35103e-31 -1.25425e-26  6.72366e-32  2.20786e-27  1.40876e-32  6.65546e-28 -1.00437e-32  6.45604e-29  9.01136e-34 -2.20898e-31  2.61882e-34 -7.10302e-31 -3.32857e-35 -7.49329e-32 -4.87496e-36 -3.07295e-33  5.46037e-37  1.88541e-35  3.43384e-38  5.81217e-36 -1.89643e-39  1.45142e-37 -2.47146e-41
 6.62923e-36 -4.24063e-26  2.44684e-35  2.21884e-24  5.01702e-35 -6.15032e-23  3.30919e-34  1.13615e-21  1.30956e-34 -1.54566e-20 -4.81735e-34  1.63749e-19 -5.36496e-33 -1.39945e-18  1.18802e-31  9.88194e-18 -1.20521e-30 -5.86381e-17  8.95001e-30  2.95979e-16 -5.38245e-29 -1.28202e-15  2.73265e-28  4.79466e-15 -1.19678e-27 -1.55442e-14  4.57714e-27  4.37734e-14 -1.53913e-26 -1.07088e-13   4.5631e-26  2.27165e-13 -1.19128e-25 -4.16043e-13  2.72077e-25  6.52946e-13 -5.35044e-25 -8.67443e-13  8.72921e-25  9.55926e-13 -1.06301e-24 -8.42662e-13  5.29374e-25  5.49988e-13   1.7671e-24 -2.07828e-13 -7.19645e-24 -2.97976e-14  1.69081e-23  9.77173e-14  -3.0898e-23  -5.2578e-14   4.7131e-23 -3.55367e-15 -6.14665e-23  1.83573e-14  6.89478e-23 -6.03359e-15 -6.61693e-23 -3.38194e-15  5.34099e-23  2.49606e-15 -3.49402e-23  4.00531e-16  1.69619e-23 -6.65275e-16 -4.39283e-24 -3.51917e-17 -1.31856e-24  1.45743e-16  1.98649e-24  7.16801e-18 -6.49942e-25 -2.74361e-17 -4.83416e-25 -3.18312e-18  7.53577e-25  4.19432e-18 -4.95678e-25  1.00612e-18  1.86668e-25  -4.3943e-19  -2.7672e-26 -2.01875e-19 -9.64016e-27  1.48427e-20  4.74914e-27  2.43294e-20   1.0788e-27  3.53273e-21 -1.61712e-27 -1.34784e-21   5.8891e-28 -5.59973e-22 -4.40344e-29  -2.9961e-23 -3.29995e-29  2.67424e-23  5.04324e-30  7.21722e-24  4.05235e-30    3.111e-25 -1.35545e-30 -2.08321e-25 -1.56475e-31 -4.92527e-26  1.08427e-31 -3.42411e-27  1.33632e-32  4.54541e-28 -1.20981e-32  1.24259e-28  1.10908e-33   1.1098e-29  2.72736e-34  1.74079e-31 -3.12159e-35  -5.2723e-32 -4.61461e-36 -4.89928e-33   3.9706e-37 -1.68197e-34  2.63185e-38 -1.25265e-36 -8.18144e-40   2.5099e-38
 1.08212e-26  1.84101e-35 -1.00075e-24  4.81034e-35  3.65763e-23  5.98967e-35 -8.17317e-22  3.71542e-36  1.29025e-20  1.75663e-33 -1.54821e-19 -5.36496e-33  1.47547e-18 -4.25959e-32 -1.14953e-17  8.36533e-31  7.46982e-17 -7.85548e-30 -4.10711e-16  5.44385e-29  1.93067e-15 -3.07288e-28 -7.81712e-15  1.47135e-27  2.73999e-14 -6.10257e-27 -8.33929e-14  2.21892e-26  2.20641e-13  -7.1217e-26 -5.07094e-13  2.02414e-25  1.00941e-12 -5.09365e-25 -1.73061e-12  1.12989e-24  2.53176e-12 -2.18483e-24 -3.11276e-12  3.59245e-24  3.13444e-12 -4.72341e-24 -2.46129e-12   3.9852e-24  1.33818e-12  1.36014e-24 -2.85125e-13  -1.4672e-23 -2.69245e-13  3.83692e-23  2.91748e-13 -7.16429e-23 -8.41681e-14  1.08704e-22 -5.23625e-14 -1.39298e-22  4.90356e-14  1.52391e-22 -1.92973e-15 -1.41738e-22 -1.33397e-14  1.10004e-22  3.52739e-15 -6.81971e-23  2.80113e-15  3.01174e-23  -1.1693e-15  -5.3183e-24 -5.54842e-16 -4.67986e-24  2.61325e-16  4.81074e-24   1.1438e-16 -1.63592e-24 -4.26418e-17 -6.67146e-25 -2.32464e-17  1.17682e-24  4.25483e-18 -7.33509e-25  4.00176e-18  2.40803e-25  4.46974e-20 -1.42518e-26 -4.88561e-19 -2.41732e-26 -9.66072e-20  8.87315e-27  3.06967e-20   1.4357e-27  1.52444e-20 -2.27001e-27  7.27799e-22  7.72093e-28 -9.53463e-22 -3.56061e-29 -2.53238e-22 -4.66151e-29 -1.04688e-24  2.48327e-30  1.20047e-23  7.90546e-30  2.49127e-24 -2.42646e-30  7.04356e-26 -1.45612e-31 -5.86036e-26  1.49975e-31 -1.17712e-26   1.1202e-32  -7.7852e-28 -1.34259e-32  5.80878e-29  1.22562e-33  1.57648e-29  2.63562e-34  1.26836e-30 -2.64772e-35  3.25286e-32 -3.98837e-36 -1.71791e-33  2.54624e-37 -1.36927e-34  1.66358e-38  -2.6789e-36 -2.38215e-40
-4.87917e-36  3.45984e-25  2.49029e-35  -1.8257e-23  6.39385e-35  5.10558e-22  2.56511e-34 -9.51928e-21 -2.30157e-33  1.30764e-19  1.53089e-32 -1.39945e-18 -4.25959e-32  1.20879e-17 -2.99189e-31 -8.63133e-17   5.3836e-30  5.18203e-16   -4.698e-29 -2.64807e-15  3.04575e-28  1.16199e-14 -1.61642e-27 -4.40571e-14  7.30638e-27  1.44922e-13 -2.87084e-26 -4.14462e-13  9.92144e-26  1.03083e-12 -3.03669e-25 -2.22589e-12  8.26085e-25  4.15612e-12  -1.9984e-24   -6.663e-12  4.28636e-24  9.06647e-12 -8.08527e-24 -1.02743e-11  1.31754e-23   9.3774e-12 -1.78108e-23 -6.43293e-12  1.77756e-23  2.70631e-12 -6.24085e-24  9.57636e-14 -2.45099e-23 -1.07387e-12  7.90381e-23  6.78134e-13 -1.53639e-22 -2.14872e-14  2.33361e-22 -2.09144e-13 -2.94728e-22  9.07546e-14   3.1507e-22  3.15088e-14 -2.84438e-22 -3.35847e-14  2.12547e-22 -1.54728e-15 -1.24974e-22  8.61354e-15  4.99714e-23 -4.55428e-16 -4.44776e-24 -1.88542e-15 -1.16106e-23  1.07911e-16  9.84242e-24  3.69402e-16 -3.23314e-24  4.29139e-18 -9.74289e-25 -6.16487e-17  1.78961e-24  -8.1205e-18 -1.03906e-24  7.65463e-18  2.91494e-25  2.31656e-18  1.18875e-26 -5.00145e-19 -4.36173e-26 -3.48321e-19  1.34384e-26 -2.17396e-20  2.13658e-27  2.60594e-20 -3.09833e-27  7.31014e-21  9.87685e-28 -2.16813e-22 -1.97541e-29 -4.90249e-22 -6.61911e-29 -9.32257e-23  6.57735e-31  2.74314e-24  1.22227e-29  4.12032e-24 -3.71059e-30  6.99883e-25 -8.99144e-32  1.75152e-26  1.85657e-31 -1.18969e-26  7.53363e-33 -2.10038e-27 -1.37313e-32 -1.34794e-28  1.23507e-33  3.50341e-30  2.35064e-34  1.21722e-30 -2.03433e-35  8.32865e-32 -3.11264e-36  2.11591e-33   1.4228e-37 -7.95205e-36  8.20495e-39 -7.01945e-37
-7.96293e-26 -1.96495e-35  7.42689e-24  2.30814e-35  -2.7386e-22 -6.69895e-35  6.17653e-21  2.44534e-33  -9.8455e-20 -2.13186e-32  1.19344e-18  1.18802e-31 -1.14953e-17 -2.99189e-31  9.05628e-17 -1.91521e-30 -5.95415e-16  3.18615e-29  3.31425e-15 -2.59254e-28 -1.57825e-14  1.57597e-27  6.47804e-14 -7.87551e-27 -2.30364e-13  3.36346e-26  7.11949e-13 -1.25241e-25 -1.91469e-12  4.11318e-25  4.47818e-12 -1.19976e-24 -9.08439e-12  3.11996e-24  1.59001e-11 -7.24123e-24  -2.3801e-11  1.49709e-23  3.00396e-11 -2.74024e-23 -3.12095e-11  4.38124e-23  2.55274e-11 -5.94396e-23 -1.48238e-11   6.3597e-23  4.00539e-12 -4.01725e-23  2.30829e-12 -2.73819e-23 -3.13436e-12  1.46469e-22  1.14912e-12 -3.04982e-22  4.35861e-13  4.67403e-22 -5.62597e-13 -5.83788e-22  7.70863e-14  6.11084e-22  1.39333e-13 -5.36318e-22 -5.42885e-14   3.8639e-22 -2.64572e-14 -2.15639e-22  1.66195e-14  7.76071e-23  4.84512e-15  4.74609e-25 -3.75714e-15 -2.41024e-23 -1.01713e-15  1.78619e-23  6.66558e-16 -5.47902e-24  2.30981e-16 -1.51743e-24 -8.44788e-17  2.63175e-24 -4.59312e-17 -1.40222e-24  4.70396e-18   3.2875e-25  6.63292e-18  5.12615e-26  6.91172e-19 -6.62377e-26 -5.56497e-19  1.77829e-26 -1.80294e-19  3.23746e-27  8.31646e-21 -4.11521e-27  1.52479e-20  1.26222e-27  2.77122e-21 -7.75249e-30 -2.74492e-22 -9.09081e-29 -1.94994e-22  6.60042e-31 -2.84786e-23  1.64296e-29   1.3094e-24 -5.08524e-30   1.0815e-24  1.26104e-32  1.57116e-25  2.10338e-31  4.59946e-27  2.54711e-33 -1.64943e-27 -1.29333e-32 -2.61806e-28  1.14882e-33 -1.57971e-29  1.92172e-34 -5.32618e-32 -1.41968e-35  4.69133e-32 -2.16192e-36  2.40518e-33  6.77044e-38  3.69417e-35  2.74188e-39
 6.87517e-36 -2.32704e-24 -3.85983e-35  1.23889e-22  9.78748e-35 -3.49689e-21 -1.84153e-33  6.58351e-20  2.24345e-32 -9.13594e-19 -1.68591e-31  9.88194e-18  8.36533e-31 -8.63133e-17 -1.91521e-30  6.23569e-16 -1.12794e-29    -3.79e-15  1.74335e-28   1.9619e-14 -1.32662e-27 -8.72688e-14  7.57691e-27  3.35671e-13 -3.57008e-26 -1.12109e-12  1.44173e-25  3.25849e-12   -5.089e-25 -8.24564e-12   1.5881e-24   1.8139e-11 -4.41217e-24 -3.45588e-11  1.09572e-23  5.66467e-11 -2.43604e-23 -7.90233e-11  4.84302e-23   9.2175e-11 -8.56957e-23 -8.71737e-11  1.33555e-22  6.28462e-11 -1.79343e-22 -2.91623e-11  1.97214e-22  1.69989e-12 -1.51335e-22  9.64054e-12   8.8226e-24 -7.20086e-12  2.39482e-22  8.97679e-13 -5.60179e-22  1.92842e-12  8.75051e-22 -1.08903e-12 -1.08506e-21 -2.02924e-13   1.1146e-21  3.65948e-13 -9.52606e-22 -2.35664e-14  6.62637e-22 -8.96375e-14 -3.51274e-22  1.50832e-14  1.12937e-22  1.94179e-14  1.26463e-23 -3.48845e-15 -4.43136e-23 -3.93898e-15  2.94221e-23  4.13984e-16 -8.22346e-24   7.1407e-16 -2.44335e-24  1.77277e-17  3.71121e-24 -1.02093e-16 -1.79196e-24 -1.88249e-17  3.41546e-25  9.16263e-18  1.00923e-25  3.85376e-18 -8.91223e-26 -1.38857e-19  2.13901e-26  -3.7633e-19  4.63223e-27 -6.99931e-20 -5.30832e-27  1.14232e-20  1.62651e-27  6.83037e-21 -1.37813e-29  8.51084e-22 -1.18768e-28 -1.37453e-22  3.33959e-30 -6.11391e-23  1.98984e-29 -7.28361e-24  -6.3825e-30  3.23061e-25  1.50375e-31  2.12028e-25  2.21067e-31  2.70517e-26 -3.23432e-33  9.67802e-28 -1.11917e-32 -1.40444e-28  9.96488e-34 -2.05314e-29  1.42835e-34 -1.07324e-30 -9.04002e-36  -1.5564e-32 -1.30943e-36   5.6866e-34  2.60983e-38  1.34287e-35
 4.87351e-25  1.16185e-35 -4.58607e-23 -9.16677e-35  1.70688e-21  1.26467e-33 -3.88726e-20 -1.91586e-32  6.25973e-19  1.83271e-31 -7.66914e-18 -1.20521e-30  7.46982e-17   5.3836e-30 -5.95415e-16 -1.12794e-29  3.96298e-15 -6.14679e-29 -2.23454e-14   8.8601e-28  1.07864e-13 -6.32169e-27 -4.49118e-13  3.39845e-26  1.62146e-12 -1.51161e-25 -5.09229e-12  5.77638e-25  1.39312e-11 -1.93336e-24 -3.31855e-11  5.73231e-24  6.86641e-11 -1.51619e-23 -1.22801e-10  3.59268e-23   1.8827e-10 -7.64109e-23  -2.4416e-10  1.45799e-22  2.61968e-10 -2.48693e-22 -2.23318e-10  3.76056e-22  1.38251e-10 -4.95461e-22  -4.5025e-11  5.47644e-22  -1.5077e-11 -4.57955e-22  2.80044e-11  1.66657e-22  -1.2669e-11   3.3005e-22 -2.56313e-12 -9.50183e-22  5.32093e-12  1.53332e-21 -1.27158e-12 -1.89609e-21 -1.16739e-12  1.91608e-21  6.49308e-13 -1.59766e-21  1.85616e-13  1.07469e-21 -1.87891e-13 -5.41589e-22 -2.77148e-14  1.54078e-22  4.27774e-14  3.59136e-23  5.81638e-15 -7.40616e-23 -8.07338e-15  4.45438e-23 -1.63087e-15  -1.1066e-23  1.18542e-15 -3.89771e-24  4.03067e-16  4.97722e-24 -1.07966e-16  -2.1539e-24 -7.06226e-17  3.21292e-25 -2.71396e-19  1.53685e-25  7.50968e-18 -1.08694e-25  1.57991e-18  2.41061e-26 -3.09311e-19  6.05153e-27 -1.87926e-19 -6.62986e-27 -2.02643e-20  2.09772e-27  6.61689e-21  -4.8743e-29  2.43508e-21 -1.46914e-28   2.1831e-22  8.92938e-30 -4.50866e-23  2.21052e-29 -1.50496e-23  -7.4209e-30 -1.54271e-24  3.00058e-31  4.33484e-26  2.17343e-31  2.95866e-26 -8.98011e-33  3.33662e-27 -8.85469e-33  1.32607e-28  8.12596e-34 -5.80502e-30   9.5582e-35 -8.47443e-31 -5.28143e-36 -3.24187e-32 -6.69905e-37 -3.62889e-34   7.0984e-39
 3.72058e-37  1.31202e-23  1.62738e-35 -7.05049e-22 -6.98075e-34  2.00957e-20   1.3677e-32 -3.82215e-19 -1.65109e-31   5.3609e-18  1.34484e-30 -5.86381e-17 -7.85548e-30  5.18203e-16  3.18615e-29    -3.79e-15 -6.14679e-29  2.33343e-14 -3.11385e-28 -1.22439e-13  4.19932e-27  5.52464e-13 -2.81576e-26 -2.15728e-12  1.42706e-25   7.3209e-12 -5.99848e-25 -2.16424e-11  2.17039e-24  5.57667e-11 -6.88995e-24 -1.25086e-10  1.94071e-23  2.43394e-10  -4.8848e-23 -4.08296e-10  1.10355e-22  5.84517e-10 -2.24276e-22 -7.02463e-10  4.10061e-22  6.88969e-10 -6.72722e-22 -5.21966e-10  9.83572e-22  2.65207e-10  -1.2638e-21 -3.76311e-11  1.38558e-21 -7.12465e-11  -1.2045e-21  6.40731e-11  6.23791e-22 -1.38017e-11  3.32704e-22 -1.44325e-11 -1.48187e-21  1.07171e-11  2.51666e-21  5.58123e-13 -3.12011e-21 -3.27736e-12  3.11044e-21  5.90212e-13 -2.53564e-21  7.54824e-13  1.65234e-21 -2.32437e-13  -7.9229e-22 -1.59158e-13  1.97021e-22  5.41491e-14  7.41072e-23  3.32536e-14 -1.14153e-22 -8.50677e-15  6.24264e-23 -6.57151e-15 -1.33494e-23   6.4403e-16 -5.96739e-24  1.07452e-15  6.29933e-24  8.16991e-17 -2.41496e-24 -1.20582e-16  2.65967e-25 -3.23274e-17  1.98576e-25   5.8752e-18 -1.21493e-25  4.22128e-18   2.6157e-26  4.28869e-19  7.15362e-27 -2.12833e-19 -7.98975e-27 -7.38149e-20    2.659e-27 -4.19916e-21 -1.14348e-28  2.60977e-21 -1.72093e-28  7.00349e-22  1.68264e-29   4.8661e-23  2.27663e-29 -1.03721e-23 -8.04486e-30 -2.83966e-24  4.32845e-31 -2.59765e-25   2.0067e-31   1.5818e-27 -1.37259e-32  2.70677e-27 -6.34989e-33  2.65396e-28     6.26e-34  1.00954e-29  5.69194e-35 -3.37233e-32 -2.83343e-36 -1.25621e-32 -2.73069e-37 -1.93572e-34
-2.51604e-24  5.47469e-36  2.38989e-22  1.91639e-34 -8.98229e-21 -7.85151e-33  2.06666e-19  1.25365e-31 -3.36377e-18  -1.2585e-30  4.16754e-17  8.95001e-30 -4.10711e-16   -4.698e-29  3.31425e-15  1.74335e-28 -2.23454e-14 -3.11385e-28  1.27715e-13 -1.47209e-27 -6.25347e-13  1.86264e-26  2.64323e-12 -1.17609e-25 -9.69573e-12  5.62739e-25  3.09672e-11 -2.23749e-24 -8.62513e-11  7.66983e-24  2.09439e-10 -2.30984e-23 -4.42409e-10  6.18031e-23  8.09245e-10 -1.47973e-22 -1.27197e-09  3.18492e-22  1.69671e-09 -6.17858e-22 -1.88182e-09  1.08095e-21   1.6729e-09  -1.7023e-21 -1.10241e-09  2.39991e-21  4.19045e-10 -2.99411e-21  6.67319e-11  3.22778e-21 -2.10413e-10 -2.84477e-21  1.15848e-10  1.71261e-21  7.02626e-12  6.32282e-23  -4.1922e-11 -2.10672e-21  1.47707e-11  3.86944e-21   7.7307e-12 -4.84087e-21 -6.27965e-12  4.77641e-21  -8.1641e-13 -3.81637e-21  1.72951e-12  2.41421e-21  3.11281e-14 -1.10254e-21 -3.94103e-13  2.35787e-22 -4.01793e-15  1.30094e-22   7.8166e-14 -1.63715e-22   5.9124e-15  8.12783e-23  -1.2831e-14 -1.42333e-23 -2.52141e-15 -8.61447e-24  1.49797e-15  7.46376e-24  5.85638e-16 -2.49624e-24 -7.44302e-17  1.82945e-25 -7.89347e-17  2.23006e-25 -8.95451e-18 -1.25014e-25  5.05626e-18  2.79077e-26  1.80368e-18  7.67664e-27  4.73516e-20  -9.2537e-27 -9.80398e-20  3.24709e-27 -2.34924e-20 -2.00474e-28 -5.63601e-22 -1.91187e-28  7.61132e-22  2.56431e-29  1.61847e-22  2.19093e-29  9.65725e-24 -8.16001e-30 -1.64686e-24  5.22833e-31 -3.92224e-25   1.7386e-31 -3.22638e-26 -1.66589e-32  -3.9654e-28 -4.06531e-33  1.40679e-28  4.55585e-34  1.14478e-29  2.97459e-35  3.33255e-31 -1.37237e-36   1.9515e-33 -7.68341e-38
-3.52951e-36 -6.27576e-23  1.11507e-35   3.4057e-21   3.1752e-33 -9.80716e-20 -7.88448e-32  1.88542e-18  1.00684e-30 -2.67432e-17 -8.63313e-30  2.95979e-16  5.44385e-29 -2.64807e-15 -2.59254e-28   1.9619e-14   8.8601e-28 -1.22439e-13 -1.47209e-27  6.51682e-13 -6.51687e-27 -2.98495e-12  7.75561e-26  1.18418e-11 -4.61957e-25 -4.08653e-11  2.08948e-24  1.22977e-10 -7.86544e-24 -3.22951e-10  2.55563e-23  7.39297e-10 -7.30291e-23  -1.4706e-09  1.85593e-22  2.52723e-09 -4.22518e-22 -3.71672e-09  8.65839e-22  4.60684e-09  -1.6018e-21  -4.6899e-09  2.67807e-21  3.73407e-09 -4.04166e-21 -2.06546e-09  5.48168e-21  4.51047e-10 -6.61751e-21  4.31379e-10  6.97186e-21 -4.83496e-10 -6.13642e-21  1.48815e-10  3.98077e-21   8.6286e-11 -8.02918e-22 -8.79931e-11 -2.68416e-21  6.17506e-12  5.56855e-21   2.4261e-11  -7.0875e-21 -7.58875e-12  6.94923e-21 -5.09451e-12 -5.45882e-21  2.55742e-12   3.3606e-21  1.01026e-12  -1.4634e-21 -6.01154e-13  2.63158e-22 -2.15824e-13  2.04794e-22  1.06762e-13 -2.19763e-22  4.73737e-14  9.83609e-23 -1.26963e-14 -1.28477e-23 -8.98838e-15 -1.16251e-23  3.92057e-16  8.19621e-24  1.22668e-15 -2.33169e-24  1.86694e-16  8.84271e-26 -9.19083e-17  2.16543e-25 -3.70315e-17 -1.18308e-25 -2.64403e-19  2.94512e-26  2.70128e-18  7.57844e-27  6.10967e-19 -1.02505e-26  -2.0052e-20  3.75755e-27 -3.39342e-20 -2.87394e-28 -6.14834e-21   -2.018e-28 -4.03024e-23  3.35418e-29  1.65944e-22  1.98516e-29  2.93824e-23 -7.75377e-30   1.6468e-24  5.54535e-31  -1.6736e-25  1.40453e-31 -3.67647e-26 -1.73933e-32 -2.64089e-27 -2.26056e-33 -5.70006e-29  3.11226e-34  3.08602e-30  1.34144e-35  1.86816e-31 -5.66508e-37  2.16207e-33
 1.10686e-23 -4.78996e-35 -1.06177e-21 -6.01281e-34  4.03189e-20  3.87291e-32 -9.37704e-19 -6.83391e-31  1.54353e-17  7.20716e-30 -1.93504e-16 -5.38245e-29  1.93067e-15  3.04575e-28 -1.57825e-14 -1.32662e-27  1.07864e-13  4.19932e-27 -6.25347e-13 -6.51687e-27  3.10825e-12 -2.70959e-26 -1.33473e-11  3.03951e-25  4.97843e-11  -1.7106e-24 -1.61845e-10  7.32237e-24  4.59341e-10  -2.6116e-23 -1.13806e-09  8.04698e-23  2.45663e-09 -2.18225e-22  -4.6007e-09  5.26693e-22  7.42159e-09 -1.13969e-21 -1.01938e-08  2.22212e-21  1.16988e-08 -3.91671e-21 -1.08527e-08  6.25044e-21  7.60335e-09 -9.02611e-21 -3.30049e-09   1.1754e-20   -7.171e-11 -1.36916e-20  1.33606e-09   1.4032e-20 -8.94057e-10 -1.22121e-20  5.51315e-11  8.22218e-21  2.75921e-10 -2.75117e-21 -1.34776e-10 -2.95234e-21 -3.80306e-11  7.48423e-21  5.01452e-11 -9.79592e-21 -3.59236e-13  9.59318e-21 -1.30984e-11 -7.43729e-21  1.49189e-12  4.46923e-21  2.95827e-12 -1.85794e-21 -3.70152e-13  2.71766e-22 -6.11531e-13  2.96508e-22  3.35837e-14 -2.77181e-22  1.10628e-13  1.10293e-22  7.74539e-15 -8.49881e-24 -1.54174e-14 -1.45985e-23 -3.59162e-15  8.21346e-24  1.26762e-15  -1.8879e-24  6.52725e-16  2.49378e-27  6.07795e-18  1.75234e-25 -5.78673e-17 -1.02134e-25 -1.31428e-17   3.0241e-26  1.19521e-18  7.08506e-27  1.07288e-18 -1.07947e-26  1.68331e-19  4.07037e-27  -1.3269e-20 -3.52109e-28 -9.10199e-21 -2.02809e-28 -1.32517e-21  3.87476e-29 -3.87789e-24   1.7097e-29  2.64104e-23 -6.89597e-30   4.0053e-24  5.26852e-31  2.17526e-25  1.04366e-31 -8.99793e-27 -1.60967e-32 -2.06507e-27 -1.03211e-33 -1.19468e-28  1.96776e-34 -2.43202e-30  5.10945e-36  9.77978e-33 -1.70327e-37
 2.38504e-35  2.56853e-22 -3.23699e-34 -1.40837e-20 -1.25678e-32  4.09967e-19  3.80476e-31 -7.97122e-18 -5.19724e-30  1.14412e-16  4.65224e-29 -1.28202e-15 -3.07288e-28  1.16199e-14  1.57597e-27 -8.72688e-14 -6.32169e-27  5.52464e-13  1.86264e-26 -2.98495e-12 -2.70959e-26  1.38899e-11 -1.06085e-25 -5.60295e-11  1.12384e-24  1.96792e-10 -5.98446e-24 -6.03388e-10  2.42683e-23  1.61646e-09  -8.2067e-23 -3.78029e-09  2.39897e-22  7.69526e-09  -6.1749e-22 -1.35622e-08   1.4152e-21  2.05124e-08 -2.90953e-21 -2.62513e-08  5.39412e-21  2.77652e-08 -9.05055e-21 -2.32366e-08  1.37707e-20  1.39286e-08 -1.90017e-20 -4.03779e-09   2.3716e-20 -2.08244e-09 -2.65919e-20  3.11708e-09  2.64127e-20  -1.2664e-09 -2.25682e-20 -3.87992e-10  1.54335e-20  6.08757e-10 -6.39826e-21 -1.16297e-10 -2.52432e-21 -1.47638e-10  9.35193e-21   7.1379e-11 -1.27781e-20  2.64108e-11  1.25831e-20 -2.20895e-11 -9.67599e-21 -4.47266e-12  5.69632e-21    5.224e-12 -2.26321e-21  9.59578e-13  2.55159e-22 -1.00307e-12   4.0084e-22 -2.50977e-13 -3.29238e-22  1.45959e-13  1.13584e-22  5.86125e-14 -8.79403e-25 -1.21999e-14 -1.69921e-23 -9.85865e-15  7.29578e-24 -3.89929e-16 -1.17857e-24  9.91041e-16 -5.91125e-26   2.4654e-16  1.04784e-25 -3.23605e-17 -7.85667e-26 -2.59982e-17  2.90069e-26 -3.57821e-18  6.61137e-27  7.27302e-19 -1.07264e-26  3.34253e-19  4.08841e-27  3.85955e-20 -3.76108e-28 -4.13501e-21  -1.9471e-28 -1.88792e-21  4.00653e-29 -2.31135e-22  1.41838e-29 -2.14915e-24 -5.72077e-30  2.90252e-24  4.52271e-31  3.80463e-25  6.95868e-32  1.92775e-26 -1.33927e-32 -9.69656e-29 -3.31989e-34 -5.52749e-29  1.12456e-34  -2.0969e-30  1.58618e-36 -1.83545e-32
-4.17868e-23  3.55169e-34  4.05033e-21  1.67207e-34 -1.55486e-19 -1.58972e-31  3.65748e-18  3.16934e-30 -6.09249e-17 -3.52192e-29   7.7334e-16  2.73265e-28 -7.81712e-15 -1.61642e-27  6.47804e-14  7.57691e-27 -4.49118e-13 -2.81576e-26  2.64323e-12  7.75561e-26 -1.33473e-11 -1.06085e-25  5.82781e-11 -3.91991e-25 -2.21227e-10   3.9284e-24  7.32705e-10 -1.98177e-23 -2.12108e-09  7.62043e-23  5.36743e-09 -2.44488e-22 -1.18523e-08  6.78273e-22  2.27505e-08 -1.65727e-21 -3.77079e-08  3.60624e-21  5.33913e-08 -7.04156e-21 -6.34718e-08  1.24054e-20  6.14893e-08 -1.97971e-20 -4.57577e-08  2.86892e-20  2.23339e-08 -3.77787e-20 -2.06002e-09  4.51191e-20 -7.15323e-09 -4.85924e-20  5.88967e-09  4.66276e-20 -1.02785e-09 -3.88997e-20  -1.5061e-09  2.66496e-20  1.00856e-09 -1.23855e-20  1.05188e-10 -9.26422e-22 -3.33777e-10  1.07695e-20  4.77047e-11 -1.57127e-20  8.14874e-11  1.57049e-20 -2.18026e-11 -1.20569e-20 -1.79227e-11  6.98373e-21  5.31459e-12 -2.65363e-21  3.83378e-12  2.08388e-22 -8.31088e-13  5.11309e-22 -7.63826e-13 -3.68525e-22  5.10068e-14  1.05311e-22  1.24393e-13  9.76827e-24  1.29412e-14 -1.82223e-23 -1.35901e-14  5.36254e-24 -4.14274e-15 -2.68417e-25  5.63444e-16 -9.33931e-26  5.06624e-16  2.08217e-26  6.45998e-17 -5.02177e-26  -2.2503e-17  2.40844e-26 -9.06676e-18  6.58479e-27 -7.45727e-19 -9.96145e-27  2.64045e-19   3.7733e-27  8.30467e-20 -3.51435e-28  7.51816e-21 -1.79584e-28 -8.24923e-22  3.72249e-29 -2.95065e-22  1.15425e-29 -3.12143e-23 -4.39625e-30 -6.05776e-25  3.51864e-31  1.99119e-25  3.96941e-32  2.23357e-26 -1.00974e-32  9.47466e-28 -2.23718e-35  8.40977e-30  5.59216e-35 -3.96074e-31  3.60449e-37
-1.53347e-34 -9.04757e-22  2.97997e-33  5.01544e-20  3.42387e-32 -1.47674e-18 -1.54932e-30  2.90584e-17  2.30341e-29 -4.22325e-16 -2.15204e-28  4.79466e-15  1.47135e-27 -4.40571e-14 -7.87551e-27  3.35671e-13  3.39845e-26 -2.15728e-12 -1.17609e-25  1.18418e-11  3.03951e-25 -5.60295e-11 -3.91991e-25  2.30019e-10 -1.36974e-24 -8.23033e-10  1.30051e-23  2.57368e-09 -6.22241e-23 -7.04084e-09  2.27068e-22  1.68394e-08  -6.9156e-22 -3.51184e-08  1.82141e-21  6.35472e-08 -4.22488e-21 -9.89626e-08  8.72732e-21  1.30919e-07 -1.61783e-20 -1.44005e-07  2.70678e-20  1.26716e-07 -4.10515e-20 -8.20157e-08  5.66055e-20  2.93682e-08 -7.10516e-20  7.31153e-09  8.10808e-20 -1.72205e-08 -8.37064e-20  8.90425e-09  7.73689e-20  1.01298e-09 -6.27256e-20 -3.56059e-09  4.26336e-20  1.14378e-09 -2.11867e-20  7.20147e-10  2.31529e-21 -5.34495e-10  1.12284e-20 -8.96239e-11 -1.81658e-20  1.55094e-10  1.86805e-20  6.88282e-12 -1.44416e-20 -3.66728e-11  8.27086e-21 -1.21398e-12 -3.00439e-21  7.46472e-12   1.2789e-22  7.28856e-13  6.20428e-22 -1.24322e-12 -3.88126e-22 -2.74694e-13  8.37839e-23  1.44169e-13  2.25826e-23    6.189e-14 -1.78013e-23 -6.25208e-15  2.52736e-24 -8.15599e-15  7.36476e-25 -1.09108e-15 -1.14762e-25  4.89166e-16 -5.45883e-26  1.94134e-16 -1.93999e-26  9.47817e-18   1.4082e-26 -9.50356e-18  7.25748e-27 -2.53996e-18 -8.53309e-27 -1.19494e-19  3.16312e-27   6.7992e-20 -2.82964e-28  1.63733e-20 -1.60615e-28  1.24795e-21  3.09341e-29 -1.06473e-22  9.40775e-30 -3.30032e-23 -3.08995e-30  -3.0201e-24  2.48193e-31 -8.12486e-26  1.71894e-32  7.01879e-27 -6.92875e-33  6.54717e-28  5.90205e-35  1.81391e-29  2.26299e-35  1.06005e-31
