 6.12009e-16  4.54454e-30 -1.86472e-14 -1.79699e-28  2.15544e-13  2.78845e-27 -1.45336e-12 -3.00474e-26  6.55369e-12  2.36872e-25 -2.10425e-11 -1.38493e-24  4.95334e-11  6.16933e-24 -8.60807e-11 -2.15461e-23  1.08676e-10  6.04324e-23 -9.42653e-11 -1.38754e-22  4.69798e-11  2.64937e-22 -1.39526e-12 -4.26808e-22 -1.37719e-11  5.88834e-22    5.266e-12 -7.07145e-22  2.75894e-12  7.51506e-22 -1.83248e-12 -7.15692e-22 -6.64227e-13  6.13037e-22  4.55217e-13  -4.6933e-22  2.09689e-13  3.17784e-22 -7.72698e-14 -1.89145e-22 -6.37093e-14  9.87606e-23  1.52579e-15 -4.39145e-23  1.38065e-14    1.399e-23   3.9786e-15 -2.06514e-25 -1.28943e-15 -3.38241e-24 -1.18318e-15  2.11961e-24 -2.26568e-16   -2.599e-25  1.02553e-16 -4.68917e-25  7.62672e-17  3.48621e-25  1.69167e-17 -8.35074e-26 -3.16429e-18 -2.82046e-26 -3.48875e-18  2.43776e-26 -1.11995e-18 -2.34408e-27 -9.54718e-20 -2.86156e-27  7.37697e-20  2.72782e-28  4.01552e-20  6.31564e-28   1.0278e-20 -1.27936e-28   9.8199e-22 -6.19607e-29 -3.62638e-22 -1.45738e-30 -2.07632e-22  1.52955e-29  -5.6695e-23 -1.29711e-30 -9.36299e-24 -8.44467e-31 -4.94763e-25 -2.17826e-31  2.50003e-25  5.52579e-32  1.01303e-25  3.09333e-32  2.26586e-26  6.86101e-33  3.52826e-27 -3.18877e-33  3.65085e-28 -5.88872e-34  1.19671e-29 -9.54791e-35 -4.54045e-30  1.09326e-35 -1.24635e-30  1.68874e-35 -1.96015e-31  1.97726e-36 -2.26016e-32 -1.54808e-37 -1.99614e-33 -1.16111e-37 -1.31871e-34 -2.72345e-38 -5.70936e-36 -1.95454e-39  -5.1515e-38  1.09619e-40  1.53982e-38   3.8873e-41  1.50425e-39  5.77583e-42  7.98097e-41  5.66799e-43  2.56876e-42  3.31106e-44  5.09141e-44  1.14886e-45  7.05943e-46  1.87187e-47
 4.54454e-30  2.70559e-14  7.21545e-29 -4.67031e-13 -1.70766e-27  4.09297e-12   2.3062e-26 -2.27576e-11  -2.5554e-25  8.79405e-11  2.04078e-24 -2.46786e-10 -1.16641e-23  5.12232e-10  4.97214e-23 -7.84522e-10  -1.6433e-22  8.61423e-10  4.33371e-22 -6.22285e-10 -9.31134e-22  2.11957e-10  1.65643e-21  6.99627e-11 -2.47547e-21 -9.60025e-11  3.15707e-21  8.70685e-12 -3.50049e-21  2.59853e-11  3.44336e-21 -5.00897e-12 -3.05273e-21 -6.89434e-12  2.44622e-21  9.20842e-13 -1.75092e-21   1.8196e-12  1.10197e-21  8.87146e-14 -6.08953e-22 -3.96213e-13   3.0149e-22 -1.20746e-13 -1.33114e-22  4.74259e-14  4.35042e-23  3.91393e-14   3.2894e-26  4.58664e-15 -1.21132e-23 -5.31679e-15  7.83742e-24  -2.8219e-15 -1.40556e-24 -2.76018e-16  -1.2421e-24  3.11903e-16  1.04584e-24  1.69737e-16 -2.76311e-25  3.06719e-17 -8.05853e-26 -7.94606e-18  7.79637e-26 -6.96323e-18 -6.77319e-27 -2.12734e-18 -1.01264e-26 -2.10153e-19  4.38875e-28  1.07796e-19  2.49634e-27  6.25505e-20 -4.04123e-28    1.704e-20 -2.69298e-28  2.31484e-21 -4.87553e-30 -2.10724e-22  5.67506e-29  -2.1561e-22 -3.64741e-30 -6.70722e-23 -3.14975e-30 -1.31312e-23 -8.47335e-31 -1.53207e-24   1.1912e-31  9.31175e-27  1.33555e-31  5.44542e-26  3.09045e-32  1.54491e-26 -1.08161e-32  2.79988e-27 -2.71685e-33  3.69802e-28 -4.39858e-34  3.44361e-29  4.91804e-35   1.5889e-30  5.57814e-35  -1.4701e-31  6.69542e-36 -4.52525e-32  -4.6089e-37 -6.25102e-33 -3.82286e-37 -6.07455e-34 -8.46989e-38 -4.48025e-35 -6.45075e-39  -2.5248e-36  1.89936e-40 -1.05744e-37  9.28695e-41 -2.99649e-39  1.35116e-41 -4.15365e-41  1.21194e-42  2.26579e-43  6.00684e-44   1.8304e-44  1.49606e-45  4.01856e-46
-1.86472e-14  7.21545e-29  5.87441e-13  3.23118e-28 -7.03423e-12 -2.86401e-28  4.92455e-11  3.83819e-26 -2.31197e-10  -1.0528e-24   7.7553e-10  1.05626e-23 -1.91604e-09 -6.32295e-23  3.51799e-09  2.65329e-22 -4.74302e-09 -8.41735e-22  4.48767e-09  2.10431e-21 -2.60078e-09 -4.25159e-21   4.0371e-10   7.0645e-21  6.05212e-10  -9.7991e-21  -3.6105e-10  1.15378e-20   -8.359e-11 -1.17843e-20  1.17324e-10  1.07133e-20  1.49602e-11  -8.8495e-21 -3.12646e-11  6.64756e-21 -6.22049e-12 -4.44092e-21  6.88831e-12  2.56975e-21  2.75284e-12 -1.29435e-21 -9.28378e-13   6.0521e-22 -8.45344e-13 -2.75037e-22 -6.31931e-14  9.80429e-23  1.45251e-13 -1.42805e-24  6.32082e-14 -2.81864e-23 -2.03238e-15  1.87777e-23 -1.13631e-14 -4.00143e-24 -4.27291e-15 -2.24354e-24 -8.47775e-17  2.20364e-24  5.59701e-16 -6.77377e-25  2.50186e-16 -1.52618e-25  3.93428e-17  1.83976e-25 -1.14579e-17 -1.62434e-26 -9.05432e-18 -2.60248e-26 -2.73121e-18  3.42573e-28 -3.32084e-19  6.77873e-27  8.87002e-20 -8.89546e-28  6.10056e-20 -7.91192e-28  1.79399e-20 -1.06804e-29  3.04959e-21  1.47627e-28  1.13153e-22 -6.62395e-30 -1.15606e-22  -8.3881e-30 -4.50164e-23 -2.37755e-30 -1.01111e-23  1.51151e-31  -1.5443e-24  3.95104e-31 -1.37347e-25  9.12913e-32   4.5209e-27 -2.57633e-32  4.54206e-27 -8.07867e-33   1.0324e-27  -1.3076e-33  1.57028e-28  1.29948e-34  1.79006e-29   1.2433e-34  1.52535e-30  1.47781e-35  8.63523e-32 -1.10987e-36  1.11476e-33 -8.77048e-37 -4.09207e-34 -1.82106e-37 -5.65427e-35 -1.41008e-38 -4.50439e-36  1.77752e-40 -2.52568e-37  1.48664e-40 -1.01747e-38  2.07341e-41 -2.84624e-40  1.64051e-42 -5.19778e-42  6.47084e-44 -4.71637e-44  9.40276e-46
-1.79699e-28 -4.67031e-13  3.23118e-28  8.35087e-12 -5.01091e-27 -7.59689e-11  1.67707e-25   4.3956e-10 -1.08349e-24 -1.77299e-09  3.23336e-25  5.21409e-09  3.36903e-23 -1.14027e-08  -2.4981e-22  1.85499e-08  1.07876e-21 -2.19391e-08 -3.34454e-21  1.76147e-08  7.99874e-21 -7.61145e-09 -1.52734e-20  -7.9038e-10  2.37604e-20  2.79133e-09 -3.05899e-20 -7.25162e-10  3.31787e-20  -6.6255e-10 -3.11077e-20  2.93711e-10  2.60856e-20  1.70725e-10 -2.01234e-20 -7.28874e-11   1.4233e-20 -5.07453e-11 -8.85557e-21  1.01837e-11  4.61991e-21  1.39994e-11  -2.0395e-21  1.11827e-12  8.89959e-22 -2.69525e-12 -4.43918e-22    -1.07e-12  1.82997e-22  1.61786e-13 -8.23053e-24  2.56161e-13 -5.04167e-23  6.93453e-14  3.39381e-23 -1.47824e-14 -8.01608e-24 -1.68375e-14  -2.9907e-24 -4.88733e-15  3.72618e-24  2.29403e-16 -1.42953e-24  7.25001e-16 -2.04008e-25  2.85314e-16  3.69312e-25  4.24134e-17 -3.67716e-26 -1.12006e-17 -5.55057e-26 -8.78614e-18  -5.4113e-29  -2.6937e-18  1.46987e-26 -4.00129e-19 -1.55429e-27  3.71622e-20 -1.84598e-27  4.12956e-20 -1.39653e-29  1.34241e-20  3.13298e-28  2.66636e-21  -9.0222e-30  2.82155e-22 -1.85863e-29 -2.15824e-23 -5.49597e-30 -1.80244e-23  1.20518e-31 -4.80962e-24  9.31188e-31 -8.57143e-25  2.10264e-31 -1.08653e-25 -4.96273e-32 -8.43358e-27 -1.84768e-32  1.00612e-28  -2.9875e-33  1.62817e-28  2.41979e-34  3.20496e-29  2.13017e-34  4.13392e-30  2.37525e-35  4.00612e-31 -2.52746e-36  2.98369e-32 -1.63004e-36  1.65647e-33 -3.12392e-37  6.06386e-35 -2.38053e-38  6.44476e-37  3.77263e-41  -8.3398e-38  1.82782e-40 -6.21863e-39  2.38335e-41 -2.18148e-40  1.59161e-42 -4.47433e-42  4.52265e-44 -3.39918e-44
 2.15544e-13 -1.70766e-27 -7.03423e-12 -5.01091e-27  8.74275e-11  -1.1023e-25 -6.36753e-10  2.29189e-24  3.11859e-09 -1.43821e-23 -1.09508e-08  3.87121e-23  2.84509e-08  3.08292e-23 -5.52854e-08 -7.28435e-22  7.96846e-08  3.52074e-21 -8.21408e-08 -1.09323e-20  5.45429e-08  2.52775e-20 -1.46578e-08  -4.5856e-20 -9.14196e-09  6.69309e-20  8.61375e-09 -7.99269e-20  1.74136e-10  7.95782e-20 -2.58791e-09  -6.8133e-20  2.07589e-10  5.25642e-20  7.10488e-10 -3.80589e-20 -1.69847e-11  2.55562e-20 -1.83177e-10 -1.47632e-20  -2.6858e-11  6.69329e-21  3.70806e-11 -2.35339e-21  1.55288e-11  9.25199e-22 -3.37658e-12   -5.873e-22 -4.24058e-12  2.93905e-22 -8.24573e-13 -1.98676e-23  4.70078e-13 -7.44918e-23  3.24782e-13  4.80897e-23  5.40664e-14 -1.23336e-23 -2.74484e-14 -2.47108e-24  -1.9382e-14  5.26463e-24 -4.60116e-15 -2.74355e-24  4.53333e-16 -1.48951e-25  7.35211e-16  6.62243e-25  2.67939e-16 -7.76366e-26  4.08049e-17 -1.02881e-25 -7.58048e-18 -5.89688e-28 -6.63576e-18  2.70752e-26 -2.11781e-18 -2.27872e-27 -3.71862e-19 -3.65331e-27  -7.2146e-21  7.61051e-30  1.90398e-20   5.7786e-28   7.2797e-21 -1.05938e-29  1.63733e-21 -3.64893e-29  2.39846e-22 -1.10153e-29  1.52253e-23  9.52394e-32 -3.27971e-24   1.8642e-30 -1.37287e-24  4.07745e-31 -2.86457e-25 -8.15306e-32 -4.23948e-26 -3.49708e-32  -4.6466e-27 -5.65698e-33 -3.46862e-28  3.23156e-34 -8.79902e-30   2.8935e-34  2.07831e-30  2.71549e-35  4.10656e-31 -5.40589e-36  4.50279e-32 -2.61083e-36  3.54306e-33 -4.53431e-37   2.0973e-34  -3.3123e-38  9.25666e-36 -1.92504e-40  2.90532e-37   1.8094e-40  5.87557e-39  2.14205e-41  5.10698e-41  1.13659e-42  -4.2248e-43  1.88813e-44
 2.78845e-27  4.09297e-12 -2.86401e-28 -7.59689e-11  -1.1023e-25  7.18909e-10 -1.17667e-24 -4.33792e-09  1.92093e-23  1.83033e-08 -1.09692e-22 -5.65274e-08  3.32784e-22  1.30508e-07 -3.88691e-22  -2.2588e-07 -1.40045e-21  2.87907e-07  9.40551e-21 -2.55901e-07 -3.03417e-20  1.34196e-07  6.86868e-20 -8.73785e-09 -1.19037e-19 -3.91078e-08  1.63319e-19  1.79823e-08 -1.80645e-19  7.18517e-09  1.64234e-19 -6.48816e-09 -1.27386e-19 -1.58835e-09  9.01093e-20  1.77496e-09 -6.18335e-20  5.52772e-10  3.99825e-20 -3.76869e-10 -2.13272e-20 -2.04423e-10  7.79794e-21  4.06438e-11 -1.54095e-21  5.63765e-11  4.43813e-22  8.47839e-12  -6.4847e-22 -8.53548e-12  4.06837e-22 -4.66303e-12 -2.24234e-23  -2.1545e-13 -9.43565e-23  7.11503e-13  5.10017e-23  3.24876e-13 -1.46627e-23  2.83231e-14  9.79417e-25 -3.39902e-14  6.19236e-24 -1.84056e-14 -4.87833e-24 -3.78119e-15  1.39588e-25  4.72873e-16  1.07887e-24  6.06338e-16 -1.48353e-25  2.12989e-16 -1.68811e-25  3.51017e-17 -1.03768e-27 -3.09754e-18  4.37611e-26   -3.915e-18 -2.95657e-27 -1.33467e-18 -6.34501e-27 -2.67843e-19  1.14679e-28 -2.42175e-20  9.58179e-28  4.89414e-21 -1.46153e-29  2.77354e-21 -6.54797e-29  7.12344e-22 -1.96588e-29  1.23685e-22  2.99777e-31   1.4343e-23  3.28673e-30   6.3688e-25  6.96582e-31 -1.70097e-25 -1.16699e-31 -5.42083e-26 -5.69051e-32 -9.33502e-27 -9.26843e-33 -1.16493e-27  2.51634e-34 -1.10738e-28  3.01329e-34  -7.8115e-30  1.60049e-35 -3.50411e-31 -1.04094e-35 -8.38635e-34 -3.71562e-36  1.47996e-33 -5.74555e-37  1.49873e-34 -3.93637e-38  8.87056e-36 -4.27617e-40  3.49948e-37  1.46375e-40  9.02701e-39  1.51899e-41  1.31144e-40   5.8144e-43  6.23207e-43
-1.45336e-12   2.3062e-26  4.92455e-11  1.67707e-25 -6.36753e-10 -1.17667e-24  4.83584e-09  -8.8697e-24 -2.47651e-08  1.20753e-22  9.12433e-08 -6.23358e-22 -2.49841e-07   1.8759e-21  5.14855e-07 -3.12219e-21 -7.94464e-07 -4.12484e-22  8.91772e-07  2.04519e-20 -6.71564e-07 -7.28864e-20  2.52826e-07  1.64064e-19  6.32017e-08 -2.73201e-19 -1.13049e-07  3.52894e-19  1.92033e-08 -3.60685e-19  3.01852e-08  2.97128e-19 -9.64928e-09 -2.06222e-19 -8.17105e-09  1.33125e-19  2.40875e-09  -8.8194e-20  2.38308e-09  5.61569e-20 -2.48793e-10 -2.73524e-20 -6.27277e-10  6.72153e-21 -9.54754e-11  1.08581e-21  1.11637e-10 -7.25582e-22  5.50961e-11 -6.01501e-22 -3.47552e-12  4.72016e-22 -1.16935e-11  1.81236e-23 -3.87375e-12 -1.04001e-22  4.22519e-13  2.82902e-23  7.89813e-13 -1.19944e-23  2.70904e-13  9.58466e-24  6.15779e-15   5.6741e-24 -3.26075e-14  -8.0566e-24 -1.49394e-14  8.00066e-25 -2.82739e-15  1.60154e-24  3.32058e-16 -2.53558e-25  4.12788e-16 -2.46523e-25  1.44444e-16 -1.19688e-27  2.63526e-17  6.31664e-26  1.53392e-20 -3.71468e-27 -1.75047e-18 -9.85622e-27 -6.65886e-19  4.27181e-28 -1.49234e-19  1.45673e-27   -2.027e-20  -2.9797e-29 -3.86256e-22 -1.09029e-28  6.52165e-22 -3.17417e-29  2.12208e-22   1.0886e-30  4.20178e-23  5.22435e-30  5.97417e-24  1.08122e-30  5.91555e-25 -1.45616e-31  2.75606e-26 -8.13536e-32 -3.34156e-27  -1.3521e-32  -1.0298e-27 -1.30168e-34 -1.50888e-28  1.94901e-34 -1.56908e-29 -1.69567e-35 -1.24266e-30 -1.76211e-35 -7.52144e-32  -4.7658e-36 -3.34111e-33 -6.46858e-37  -9.5867e-35 -4.08022e-38 -8.84571e-37 -5.82765e-40    5.642e-38  9.63153e-41  2.62371e-39  8.36979e-42  4.03709e-41  1.88169e-43
-3.00474e-26 -2.27576e-11  3.83819e-26   4.3956e-10  2.29189e-24 -4.33792e-09  -8.8697e-24  2.73661e-08 -5.24035e-23 -1.21092e-07  6.12828e-22  3.93711e-07 -2.86724e-21 -9.61888e-07  8.26567e-21  1.77476e-06 -1.49576e-20 -2.44037e-06  1.03256e-20  2.39502e-06  3.44648e-20 -1.48361e-06 -1.53371e-19  3.06311e-07  3.50039e-19  3.20215e-07 -5.63447e-19 -2.39719e-07  6.86008e-19 -2.76662e-08 -6.45639e-19  7.88839e-08  4.76547e-19  5.54238e-11 -2.90086e-19 -2.24667e-08  1.69771e-19 -1.16034e-09 -1.12484e-19  5.77742e-09  7.28017e-20  1.26367e-09 -3.16312e-20 -1.12065e-09  2.30769e-21 -5.79242e-10  5.95302e-21  7.60633e-11 -2.52841e-21   1.4552e-10 -4.82083e-22  3.59673e-11  4.18198e-22   -1.386e-11  1.53615e-22 -1.17929e-11 -9.87559e-23 -2.48192e-12 -3.57693e-23  8.10242e-13 -1.52294e-24  7.10396e-13   2.5671e-23  1.96204e-13  2.85631e-24 -5.31939e-15  -1.2321e-23 -2.56364e-14  1.93036e-24 -1.05749e-14  2.15701e-24 -1.96235e-15 -3.88384e-25  1.51343e-16 -3.19014e-25  2.31454e-16   -7.707e-28   8.3126e-17  8.20457e-26  1.67921e-17 -5.13518e-27  1.16903e-18 -1.38323e-26 -5.35852e-19  1.12807e-27 -2.54821e-19  2.05471e-27 -6.35404e-20 -6.96227e-29 -1.05504e-20 -1.69453e-28 -1.01246e-21 -4.68164e-29  3.47942e-23  2.83529e-30  3.79905e-23  7.61574e-30  9.19782e-24  1.55977e-30  1.48319e-24 -1.54572e-31  1.78046e-25 -1.03436e-31   1.5722e-26 -1.79346e-32  8.65069e-28 -9.54404e-34  -4.2701e-30 -5.93403e-35 -7.42505e-30 -7.21799e-35 -9.88702e-31 -2.60838e-35  -8.2984e-32 -5.53547e-36 -5.02682e-33  -6.5286e-37 -2.23457e-34 -3.73036e-38 -7.08221e-36 -6.11477e-40  -1.4874e-37  5.03702e-41 -1.71843e-39  3.41244e-42 -6.91828e-42
 6.55369e-12  -2.5554e-25 -2.31197e-10 -1.08349e-24  3.11859e-09  1.92093e-23 -2.47651e-08 -5.24035e-23  1.32981e-07 -2.55011e-22 -5.15482e-07  2.60991e-21  1.49156e-06  -1.1119e-20  -3.2676e-06  3.03352e-20  5.40832e-06 -5.55065e-20 -6.61193e-06  5.52475e-20  5.60766e-06  3.61656e-20 -2.70681e-06 -2.84687e-19 -4.70137e-08  6.75577e-19  9.39503e-07 -1.05755e-18 -3.53621e-07  1.21451e-18 -2.01928e-07 -1.04745e-18  1.41991e-07  6.81366e-19   4.8852e-08  -3.5132e-19 -4.02599e-08  1.84599e-19 -1.62359e-08 -1.31002e-19  8.42393e-09  8.95005e-20  5.63042e-09 -3.31021e-20 -7.27317e-10 -6.32029e-21 -1.48611e-09  1.30331e-20 -2.94058e-10 -4.62925e-21   2.0953e-10 -3.96847e-22  1.33083e-10  1.71543e-22  1.17857e-11  4.40698e-22 -1.86097e-11 -7.60307e-23 -9.61465e-12 -1.53831e-22 -1.19074e-12  1.82332e-23   8.7786e-13  5.08471e-23  5.43279e-13 -2.83939e-24   1.2781e-13 -1.73781e-23 -7.26598e-15  3.53126e-24 -1.69222e-14  2.60703e-24 -6.58066e-15 -5.36465e-25 -1.25807e-15 -3.59483e-25  2.28071e-17  7.35782e-28  1.04691e-16   9.5664e-26  3.99671e-17  -8.2922e-27   8.8626e-18 -1.75946e-26  1.05625e-18  2.43333e-27  -6.6241e-20  2.70854e-27 -6.96478e-20 -1.48129e-28 -2.00781e-20 -2.46014e-28 -3.79473e-21 -6.33611e-29 -5.00742e-22  5.81533e-30 -3.79224e-23  1.03265e-29  1.55992e-24  2.12726e-30   1.1008e-24 -1.28309e-31  2.17351e-25 -1.17599e-31  2.90853e-26 -2.19765e-32   2.9405e-27 -2.24768e-33  2.27042e-28 -4.42961e-34  1.27099e-29 -1.40592e-34  4.10883e-31 -3.38573e-35 -5.39897e-33 -5.81917e-36 -1.65307e-33 -5.92261e-37 -1.11964e-34 -3.01782e-38 -4.41842e-36 -5.20885e-40 -1.04258e-37  1.99104e-41  -1.2246e-39  8.96292e-43
 2.36872e-25  8.79405e-11  -1.0528e-24 -1.77299e-09 -1.43821e-23  1.83033e-08  1.20753e-22 -1.21092e-07 -2.55011e-22  5.63624e-07 -1.05272e-21 -1.93499e-06  9.55532e-21  5.01679e-06 -3.72576e-20 -9.89238e-06   9.5813e-20  1.46977e-05 -1.72283e-19 -1.59055e-05  1.92965e-19  1.14394e-05 -1.84609e-20  -3.8266e-06 -4.67359e-19 -1.52164e-06  1.19216e-18  2.03816e-06 -1.82539e-18 -2.19844e-07   1.9776e-18 -5.94914e-07 -1.55293e-18  1.49223e-07  8.68395e-19  1.68187e-07 -3.54105e-19 -3.82226e-08  1.64439e-19 -4.93978e-08 -1.43551e-19  2.63988e-09  1.06813e-19  1.28972e-08  -3.0753e-20  2.51527e-09 -1.95857e-20 -2.22888e-09  2.17887e-20 -1.24879e-09 -6.47849e-21  2.85274e-11 -5.04211e-22  2.53631e-10 -3.15614e-22   9.3298e-11  9.21812e-22 -6.14331e-12 -3.55341e-23 -1.77487e-11 -3.30736e-22   -6.656e-12  4.64241e-23  -3.6476e-13  8.50391e-23  7.23047e-13 -1.14023e-23  3.63155e-13 -2.25063e-23  7.70403e-14  5.47012e-24 -4.60986e-15  2.76435e-24  -9.4368e-15  -6.7046e-25 -3.59148e-15  -3.3657e-25  -7.2818e-16  3.51142e-27 -3.09958e-17  9.83375e-26  3.62228e-17 -1.44823e-26  1.56366e-17 -2.02038e-26  3.78511e-18  4.52648e-27  5.81623e-19  3.35359e-27  3.44508e-20 -2.72803e-28 -1.08037e-20 -3.32808e-28  -4.4016e-21 -7.85658e-29 -9.46339e-22  1.01938e-29 -1.44385e-22  1.32007e-29 -1.60089e-23  2.77752e-30 -1.11567e-24  -5.4549e-32  2.47688e-27 -1.19418e-31  1.42552e-26 -2.51637e-32  2.47286e-27 -3.87116e-33  2.73409e-28 -8.84582e-34  2.23863e-29 -2.05624e-34  1.39601e-30 -3.87192e-35  6.52457e-32 -5.51886e-36  2.15716e-33 -4.81891e-37  4.31884e-35 -2.15154e-38  2.20155e-37 -3.62372e-40 -1.00558e-38  5.32954e-42 -1.44992e-40
-2.10425e-11  2.04078e-24   7.7553e-10  3.23336e-25 -1.09508e-08 -1.09692e-22  9.12433e-08  6.12828e-22 -5.15482e-07 -1.05272e-21  2.10937e-06 -3.76005e-21 -6.47075e-06  3.05793e-20  1.51153e-05  -1.0968e-19 -2.69012e-05  2.65748e-19  3.58559e-05 -4.63545e-19  -3.4095e-05  5.40335e-19  2.01428e-05 -2.21161e-19 -3.20656e-06 -6.76865e-19 -5.15649e-06  1.94192e-18   3.3781e-06 -2.92314e-18   6.2987e-07  2.98601e-18 -1.20406e-06 -2.11721e-18 -6.07695e-08  9.78326e-19  3.57484e-07 -2.65561e-19  3.37633e-08  1.05387e-19 -9.37611e-08 -1.54535e-19 -2.43701e-08  1.25482e-19  1.81752e-08 -2.35414e-20  1.04848e-08 -3.72478e-20 -1.03325e-09  3.12762e-20 -2.59613e-09 -7.48898e-21 -7.07792e-10 -9.75027e-22  2.34365e-10 -1.03955e-21  2.21683e-10  1.60864e-21  5.10796e-11  2.17414e-23 -1.39839e-11 -5.60151e-22 -1.37221e-11  7.92601e-23 -4.05277e-12  1.25741e-22  -1.9733e-17 -2.20355e-23  4.89593e-13 -2.66005e-23  2.15451e-13  7.48482e-24  4.36467e-14  2.44115e-24 -1.53601e-15 -7.52789e-25  -4.4084e-15 -2.23853e-25 -1.69927e-15  5.90807e-27 -3.69387e-16  8.42012e-26 -3.48352e-17 -2.47272e-26  8.20007e-18 -2.06394e-26  4.76086e-18  7.47563e-27  1.27201e-18  3.91663e-27  2.26698e-19 -4.36849e-28  2.56645e-20 -4.17209e-28  5.40062e-22 -8.82431e-29 -5.41515e-22   1.6172e-29 -1.53262e-22  1.61339e-29 -2.63539e-23  3.50238e-30 -3.33572e-24   7.1048e-32 -3.18412e-25 -1.07139e-31 -2.14553e-26 -2.71003e-32 -6.89498e-28 -5.52321e-33  5.11916e-29 -1.27989e-33  1.04088e-29 -2.49577e-34  9.47914e-31 -3.91697e-35  5.79456e-32 -4.69994e-36  2.50755e-33 -3.49533e-37  7.48251e-35 -1.33662e-38  1.40449e-36 -2.01712e-40  1.31243e-38  7.00513e-43
-1.38493e-24 -2.46786e-10  1.05626e-23  5.21409e-09  3.87121e-23 -5.65274e-08 -6.23358e-22  3.93711e-07  2.60991e-21 -1.93499e-06 -3.76005e-21  7.04053e-06 -1.17863e-20 -1.94395e-05  8.65936e-20  4.10958e-05 -2.87113e-19 -6.61299e-05  6.56292e-19   7.8901e-05 -1.10383e-18 -6.51557e-05  1.29402e-18  2.98125e-05 -7.24053e-19  2.41319e-06 -8.55799e-19 -1.18106e-05  2.94568e-18   3.9391e-06 -4.37584e-18  2.79061e-06  4.20948e-18 -1.74664e-06 -2.66624e-18 -7.10911e-07  9.50422e-19  5.19335e-07 -6.95841e-20  2.36514e-07   1.7433e-20 -1.11182e-07 -1.71467e-19 -8.19139e-08   1.4516e-19  8.88933e-09 -1.07212e-20  2.18454e-08 -5.81413e-20  4.68815e-09  4.03935e-20 -3.09708e-09 -7.24872e-21  -2.0758e-09 -1.95096e-21 -2.07168e-10 -1.94043e-21  2.90608e-10  2.47489e-21  1.56498e-10  9.67346e-23  2.10277e-11 -8.23797e-22  -1.3994e-11  1.10091e-22 -9.07915e-12  1.67817e-22 -2.23821e-12 -3.32209e-23  8.24088e-14 -2.83967e-23  2.80613e-13   9.2332e-24  1.14041e-13  1.52559e-24  2.31703e-14 -7.34077e-25  1.97084e-16 -1.02666e-26 -1.68011e-15  2.30169e-27 -6.83061e-16  4.79849e-26 -1.59395e-16 -3.93354e-26 -2.13414e-17 -1.80934e-26  2.71074e-19  1.11625e-26  1.02725e-18  4.33427e-27  3.22183e-19 -6.13875e-28  6.40527e-20 -4.79715e-28  9.03473e-21 -8.69298e-29  8.22863e-22  2.42177e-29  1.19363e-23  1.91295e-29 -1.22908e-23  4.28794e-30 -2.82466e-24  2.41693e-31 -3.98489e-25 -8.22439e-32 -4.16305e-26 -2.74792e-32  -3.3373e-27 -6.82181e-33 -2.01472e-28 -1.52995e-33 -8.37591e-30 -2.61068e-34 -1.57736e-31 -3.51371e-35  6.74873e-33 -3.57341e-36  6.83947e-34 -2.23824e-37  2.69181e-35 -7.09352e-39  5.40959e-37 -8.52204e-41  3.94203e-39
 4.95334e-11 -1.16641e-23 -1.91604e-09  3.36903e-23  2.84509e-08  3.32784e-22 -2.49841e-07 -2.86724e-21  1.49156e-06  9.55532e-21 -6.47075e-06 -1.17863e-20  2.11307e-05 -3.27735e-20 -5.28347e-05  2.19027e-19  0.000101445 -6.74527e-19 -0.000147707  1.45794e-18  0.000157107 -2.35836e-18 -0.000110578  2.73245e-18  3.43992e-05 -1.73122e-18  1.76867e-05 -9.19358e-19 -2.10277e-05  4.19517e-18  1.62595e-06 -6.16278e-18  6.56195e-06  5.57182e-18 -1.48922e-06 -3.10906e-18 -1.93266e-06  7.41728e-19  4.06015e-07  2.22191e-19  5.84276e-07 -7.62026e-20 -2.54284e-08 -2.01046e-19 -1.57138e-07  1.63522e-19 -3.19882e-08  7.31604e-21  2.80859e-08 -8.00326e-20  1.61198e-08  4.82102e-20 -3.73693e-10 -5.66184e-21 -3.38315e-09 -3.51515e-21 -1.26089e-09 -2.92846e-21  8.59001e-11  3.45933e-21  2.47415e-10  1.97209e-22  9.39449e-11 -1.09329e-21  5.32887e-12  1.30503e-22 -1.03651e-11  2.04071e-22 -5.29233e-12 -4.31318e-23 -1.15198e-12  -2.6866e-23  5.63361e-14  1.03744e-23  1.37162e-13  6.65318e-26  5.36342e-14  -5.4882e-25   1.1294e-14  2.93848e-25  6.53945e-16 -1.82001e-26  -4.9118e-16 -1.43622e-26 -2.26232e-16 -5.78517e-26 -5.67925e-17 -1.23294e-26 -9.23247e-18  1.52482e-26 -7.15397e-19  4.56995e-27  1.11663e-19 -7.57929e-28  5.63672e-20 -4.95914e-28  1.27856e-20 -6.83571e-29  2.02602e-21  3.51833e-29  2.37113e-22   2.2297e-29  1.90853e-23  5.10876e-30  5.99108e-25  4.39629e-31 -1.07944e-25 -4.88772e-32 -2.37757e-26 -2.61121e-32 -2.77243e-27 -7.44057e-33 -2.29888e-28 -1.57939e-33 -1.43038e-29 -2.39488e-34 -6.65329e-31 -2.79612e-35  -2.2221e-32 -2.40824e-36 -4.85568e-34 -1.24769e-37 -5.54406e-36 -3.11236e-39 -9.17286e-39 -2.37576e-41
 6.16933e-24  5.12232e-10 -6.32295e-23 -1.14027e-08  3.08292e-23  1.30508e-07   1.8759e-21 -9.61888e-07  -1.1119e-20  5.01679e-06  3.05793e-20 -1.94395e-05 -3.27735e-20   5.7423e-05 -8.15196e-20 -0.000130692  4.98536e-19  0.000228537 -1.43271e-18 -0.000300996  2.93651e-18  0.000283489 -4.56534e-18 -0.000164826  5.17806e-18  2.22881e-05 -3.45693e-18  4.69333e-05 -7.78151e-19 -2.95014e-05  5.65147e-18 -6.41719e-06 -8.20943e-18  1.12179e-05  6.95582e-18     7.01e-07 -3.35626e-18 -3.48883e-06  3.43943e-19 -3.44737e-07  5.67355e-19  9.56251e-07 -1.45708e-19  2.49532e-07 -2.44395e-19 -1.95372e-07  1.76505e-19 -1.12208e-07  2.80746e-20  1.27882e-08  -9.9865e-20  2.93031e-08  5.42744e-20  7.78621e-09 -2.93166e-21 -2.87912e-09 -5.67588e-21 -2.62131e-09 -3.93473e-21 -5.86643e-10  4.47461e-21  1.81069e-10   3.4114e-22  1.70034e-10 -1.33367e-21  4.96473e-11  1.32676e-22 -4.14853e-13  2.26592e-22 -6.29956e-12 -5.03402e-23 -2.76138e-12 -2.17017e-23 -5.62444e-13  1.06525e-23  1.85613e-14  -1.6669e-24  5.67161e-14  -1.1075e-25  2.21258e-14   6.5986e-25  4.90703e-15 -7.03363e-26  5.03086e-16 -1.05175e-25 -9.15189e-17 -7.95279e-26 -5.87414e-17 -4.01238e-27 -1.61461e-17  1.91878e-26 -2.96448e-18  4.62111e-27 -3.59459e-19 -8.10539e-28 -1.56305e-20 -4.40801e-28  5.07417e-21 -2.65431e-29  1.64464e-21  5.01098e-29  2.93818e-22  2.57699e-29  3.80924e-23  5.92118e-30  3.75419e-24  6.39616e-31  2.72957e-25 -1.25237e-32  1.23487e-26 -2.30206e-32 -2.88333e-29 -7.23551e-33 -6.39299e-29 -1.43526e-33 -6.51032e-30 -1.94234e-34 -3.96708e-31 -1.97029e-35 -1.62763e-32 -1.42512e-36 -4.39133e-34 -5.93185e-38 -6.87773e-36 -1.06356e-39 -4.04935e-38
-8.60807e-11  4.97214e-23  3.51799e-09  -2.4981e-22 -5.52854e-08 -3.88691e-22  5.14855e-07  8.26567e-21  -3.2676e-06 -3.72576e-20  1.51153e-05  8.65936e-20 -5.28347e-05 -8.15196e-20  0.000142131 -1.82599e-19 -0.000295744  1.02734e-18  0.000471944  -2.7679e-18 -0.000561362  5.39663e-18  0.000463243 -8.06665e-18 -0.000210141  8.90851e-18 -2.27953e-05  -6.0514e-18  9.06021e-05 -3.72416e-19 -3.00078e-05  7.24852e-18 -2.24581e-05 -1.03887e-17  1.42936e-05  8.21701e-18  5.86729e-06  -3.3388e-18 -4.50335e-06 -2.08408e-19 -2.01272e-06  8.99575e-19  1.03415e-06 -1.65136e-19  7.33719e-07 -2.93745e-19 -1.00845e-07  1.79823e-19 -2.08852e-07  4.65786e-20 -4.08361e-08 -1.14541e-19   3.2555e-08  5.87547e-20  2.05799e-08   6.2149e-22  1.59531e-09 -8.35195e-21 -3.18192e-09 -4.96258e-21 -1.63022e-09  5.41522e-21 -1.91244e-10  5.53959e-22  1.63113e-10 -1.50757e-21  1.00218e-10  1.12826e-22  2.38287e-11  2.28696e-22 -1.37278e-12 -5.46073e-23 -3.25636e-12 -1.37499e-23 -1.29711e-12  9.94869e-24 -2.60603e-13 -3.18672e-24 -1.28437e-15  6.87729e-25   1.9338e-14   1.0546e-24  7.83662e-15 -1.67479e-25  1.84029e-15 -2.24499e-25  2.53551e-16 -1.04094e-25  4.34447e-19  5.13624e-27 -1.07791e-17  2.22939e-26 -3.48637e-18  4.51334e-27 -7.04603e-19  -7.1416e-28 -1.01871e-19 -2.95071e-28 -9.96389e-21  4.23828e-29  -3.5477e-22  6.96607e-29  9.26368e-23   2.9566e-29  2.45219e-23  6.65856e-30  3.56316e-24  8.14263e-31  3.75214e-25  2.13858e-32  3.02138e-26 -1.85376e-32  1.85293e-27 -6.29801e-33  8.22425e-29 -1.15804e-33  2.23527e-30 -1.39662e-34  6.51898e-33 -1.22401e-35 -2.30731e-33 -7.30876e-37  -9.5317e-35 -2.32873e-38 -1.52264e-36 -2.44959e-40
-2.15461e-23 -7.84522e-10  2.65329e-22  1.85499e-08 -7.28435e-22  -2.2588e-07 -3.12219e-21  1.77476e-06  3.03352e-20 -9.89238e-06  -1.0968e-19  4.10958e-05  2.19027e-19 -0.000130692 -1.82599e-19  0.000322077 -3.70353e-19 -0.000615005  1.92651e-18  0.000896753 -4.88867e-18 -0.000960317  9.09648e-18   0.00068291 -1.30846e-17  -0.00021358  1.40293e-17  -0.00011689 -9.51594e-18  0.000140801   2.9806e-19 -1.21157e-05  8.89909e-18 -4.58591e-05 -1.25329e-17   1.1518e-05  9.20333e-18  1.40185e-05 -3.02108e-18 -3.45521e-06 -8.41417e-19 -4.45315e-06   1.1433e-18  3.55704e-07 -1.22672e-19  1.28292e-06 -3.32478e-19  2.20347e-07  1.71212e-19 -2.53799e-07  5.61618e-20  -1.3317e-07 -1.22074e-19  9.30469e-09  6.23121e-20  3.13632e-08  4.81691e-21  1.07214e-08 -1.13497e-20 -1.31171e-09 -6.10661e-21 -2.41871e-09  6.16223e-21  -8.5714e-10   8.5701e-22 -2.19875e-11  -1.5798e-21  1.09143e-10  7.48043e-23  5.22901e-11  2.07034e-22  1.07115e-11  -5.7435e-23  -8.7582e-13 -5.20338e-24 -1.44662e-12  8.27723e-24 -5.46478e-13 -3.86862e-24 -1.12475e-13  1.96831e-24  -5.8442e-15  1.46116e-24  5.13196e-15 -3.13388e-25  2.30886e-15 -3.69219e-25  5.76495e-16  -1.3232e-25  9.42956e-17  1.25047e-26  7.75987e-18  2.38497e-26 -9.34762e-19  4.28649e-27 -5.18945e-19 -4.28698e-28 -1.19282e-19  -5.2055e-29 -1.90385e-20   1.3794e-28 -2.26221e-21  9.33833e-29   -1.917e-22  3.34556e-29 -8.48937e-24  7.23262e-30  5.21506e-25  9.39383e-31  1.57068e-25  4.84862e-32  1.89545e-26 -1.33185e-32  1.55656e-27 -4.90761e-33  9.40989e-29 -8.31942e-34  4.19667e-30  -8.8931e-35   1.3289e-31 -6.65298e-36   2.7351e-33 -3.18588e-37  3.00223e-35 -7.11771e-39  9.29037e-38
 1.08676e-10  -1.6433e-22 -4.74302e-09  1.07876e-21  7.96846e-08 -1.40045e-21 -7.94464e-07 -1.49576e-20  5.40832e-06   9.5813e-20 -2.69012e-05 -2.87113e-19  0.000101445  4.98536e-19 -0.000295744 -3.70353e-19  0.000671223 -6.83326e-19  -0.00117999  3.30229e-18   0.00157293 -7.92921e-18  -0.00150867   1.4124e-17  0.000899903 -1.95711e-17 -0.000130067  2.03489e-17  -0.00026676 -1.36464e-17  0.000178194  1.16594e-18  3.43081e-05  1.05031e-17 -7.06976e-05 -1.44573e-17 -1.97993e-06  9.77607e-18  2.30889e-05 -2.40511e-18  1.31611e-06 -1.45528e-18 -6.77396e-06  1.23154e-18 -1.45455e-06 -2.67585e-20  1.53834e-06 -3.39116e-19  7.75331e-07  1.52424e-19 -1.47244e-07  5.04353e-20 -2.30125e-07 -1.22628e-19 -5.12034e-08  6.57084e-20  2.79157e-08  9.79468e-21  2.14193e-08 -1.43383e-20  4.01265e-09 -7.51821e-21 -1.89992e-09  6.58776e-21 -1.48827e-09  1.24989e-21 -3.93984e-10 -1.52222e-21  2.36077e-11  3.23184e-23  6.03344e-11  1.63191e-22  2.45876e-11 -6.20906e-23  4.62242e-12  5.90905e-25 -3.35881e-13   5.7243e-24 -5.49195e-13 -3.10419e-24 -2.03859e-13  3.85117e-24 -4.38416e-14  1.89891e-24  -4.2175e-15 -4.93637e-25   9.0103e-16 -5.31844e-25   5.3847e-16 -1.65838e-25  1.45382e-16  1.51587e-26  2.64993e-17  2.32707e-26  3.23733e-18  3.98381e-27  1.60501e-19  5.42711e-29 -3.79115e-20  2.76835e-28 -1.29413e-20  2.53504e-28 -2.31847e-21  1.19191e-28 -2.99441e-22   3.6921e-29 -2.94941e-23  7.54575e-30 -2.18186e-24   9.9828e-31 -1.08905e-25  6.60267e-32 -1.81916e-27 -8.19875e-33  2.62315e-28 -3.41273e-33  3.06391e-29 -5.31561e-34  1.82156e-30 -4.99185e-35  6.85697e-32 -3.12586e-36  1.58641e-33 -1.14383e-37   1.8395e-35 -1.46702e-39
 6.04324e-23  8.61423e-10 -8.41735e-22 -2.19391e-08  3.52074e-21  2.87907e-07 -4.12484e-22 -2.44037e-06 -5.55065e-20  1.46977e-05  2.65748e-19 -6.61299e-05 -6.74527e-19  0.000228537  1.02734e-18 -0.000615005 -6.83326e-19   0.00129175 -1.15172e-18  -0.00209644  5.19627e-18    0.0025539 -1.18592e-17  -0.00217637  2.02733e-17   0.00103858 -2.70852e-17  8.59245e-05   2.7317e-17 -0.000459257 -1.80436e-17  0.000173257  2.11786e-18  0.000113078  1.19619e-17 -8.49334e-05 -1.59913e-17 -2.90939e-05  9.82746e-18  2.85082e-05  -1.5264e-18  1.05806e-05 -1.94308e-18 -7.30781e-06  1.12165e-18 -4.32304e-06  9.42086e-20  1.00768e-06 -2.94225e-19  1.39719e-06  1.30031e-19  1.88852e-07   2.5778e-20 -2.59702e-07 -1.18882e-19 -1.38792e-07  6.93007e-20 -1.71821e-09  1.59973e-20  2.61564e-08 -1.68477e-20  1.16489e-08 -9.32402e-21  7.68347e-10  6.56499e-21 -1.47905e-09  1.69487e-21 -7.88228e-10 -1.31887e-21 -1.63521e-10  8.21762e-24  2.23321e-11  1.04071e-22   2.8604e-11 -7.30111e-23  1.04974e-11 -2.63725e-25  1.92782e-12  2.35418e-24 -6.44334e-14 -4.77297e-25 -1.74389e-13  6.43441e-24 -6.59045e-14  2.43396e-24 -1.49053e-14  -6.7038e-25 -1.96052e-15 -6.99253e-25  2.08256e-17 -2.05999e-25  9.00745e-17  1.07484e-26  2.80513e-17  2.02985e-26  5.56261e-18  3.65337e-27  7.95841e-19  7.04995e-28  7.83173e-20  6.60569e-28  3.25241e-21  3.76057e-28 -5.69003e-22   1.4345e-28 -1.60019e-22  3.92564e-29 -2.31212e-23  7.51502e-30 -2.39062e-24  9.84645e-31 -1.88198e-25  7.30977e-32 -1.12988e-26  -3.9389e-33 -4.98149e-28 -2.10359e-33 -1.44821e-29 -3.00706e-34 -1.78431e-31  -2.4494e-35  4.38153e-33 -1.24558e-36  2.08576e-34 -3.19113e-38  2.14698e-36
-9.42653e-11  4.33371e-22  4.48767e-09 -3.34454e-21 -8.21408e-08  9.40551e-21  8.91772e-07  1.03256e-20 -6.61193e-06 -1.72283e-19  3.58559e-05  6.56292e-19 -0.000147707 -1.43271e-18  0.000471944  1.92651e-18  -0.00117999 -1.15172e-18   0.00230414  -1.7807e-18   -0.0034605  7.53968e-18   0.00384729 -1.64213e-17  -0.00287716  2.69759e-17  0.000999012  -3.4762e-17  0.000461194  3.40767e-17 -0.000654162  -2.2206e-17  9.38206e-05   3.0357e-18  0.000215303  1.32017e-17 -7.26412e-05 -1.70113e-17 -6.76124e-05  9.29143e-18  2.40875e-05 -4.45349e-19  2.30417e-05 -2.20955e-18 -4.10663e-06  8.05386e-19  -7.4174e-06  1.98456e-19 -6.90451e-07 -1.87891e-19  1.72533e-06  1.14455e-19   7.3238e-07 -1.66896e-20 -1.37495e-07 -1.15405e-19 -2.13037e-07  7.26682e-20 -5.88742e-08  2.39333e-20  1.57635e-08 -1.83174e-20  1.75029e-08 -1.15338e-20  5.27358e-09  5.98679e-21 -2.89153e-10  2.11338e-21  -8.8665e-10 -9.69643e-22 -3.71539e-10  3.02171e-23 -6.37335e-11  4.06075e-23  1.20095e-11 -9.47635e-23  1.17695e-11  -1.1345e-23  4.05859e-12 -1.87824e-24  7.63282e-13  4.09923e-24  1.56942e-14  9.77452e-24 -4.42271e-14  3.17417e-24 -1.79005e-14 -7.83403e-25  -4.2666e-15 -8.51982e-25   -6.699e-16 -2.52068e-25 -5.05328e-17 -1.48452e-27  7.62289e-18  1.51816e-26  3.76602e-18  3.36074e-27  8.36164e-19  1.45958e-27  1.30365e-19  1.05247e-27   1.5231e-20   4.8821e-28  1.28637e-21  1.61805e-28  6.13269e-23  3.97898e-29 -2.09379e-24  7.10131e-30 -8.04447e-25  9.03819e-31 -9.64077e-26  7.06194e-32 -7.62175e-27 -9.86338e-34 -4.35865e-28 -1.13589e-33 -1.80634e-29  -1.4939e-34  -5.1873e-31 -1.03669e-35 -9.29088e-33 -4.07871e-37 -8.04193e-35 -5.99354e-39
-1.38754e-22 -6.22285e-10  2.10431e-21  1.76147e-08 -1.09323e-20 -2.55901e-07  2.04519e-20  2.39502e-06  5.52475e-20 -1.59055e-05 -4.63545e-19   7.8901e-05  1.45794e-18 -0.000300996  -2.7679e-18  0.000896753  3.30229e-18  -0.00209644  -1.7807e-18   0.00382263 -2.53796e-18   -0.0053234  1.01432e-17   0.00538726   -2.114e-17  -0.00346799  3.33357e-17  0.000680739 -4.14163e-17  0.000983116  3.96432e-17 -0.000786091 -2.56812e-17 -8.20167e-05  3.83396e-18  0.000316078  1.42041e-17 -1.96351e-05 -1.74624e-17 -0.000108159  8.14705e-18  4.40585e-06  7.60775e-19  3.47059e-05  -2.1859e-18  4.06444e-06   3.1189e-19 -9.14207e-06  2.41607e-19 -3.49448e-06 -2.50314e-20  1.31263e-06  1.17333e-19  1.30304e-06 -7.05891e-20  1.80095e-07 -1.17181e-19 -2.11601e-07  7.45833e-20 -1.25278e-07  3.38332e-20 -1.43264e-08 -1.82011e-20  1.57744e-08 -1.39868e-20  9.57727e-09  4.78952e-21  2.03548e-09  2.40037e-21 -3.96542e-10 -4.91143e-22   -4.466e-10  1.23907e-22  -1.5909e-10 -1.50995e-23 -2.43277e-11 -1.30957e-22  4.67701e-12 -3.50634e-23  4.18838e-12 -7.17309e-24  1.40337e-12  1.03389e-23  2.76937e-13   1.3873e-23  2.01293e-14  4.24815e-24 -8.01322e-15 -7.58358e-25 -3.90131e-15 -9.64721e-25 -9.89938e-16 -2.99496e-25 -1.72833e-16 -1.99658e-26  -2.0145e-17  8.76372e-27 -8.60561e-19  3.20013e-27  2.57653e-19  2.23329e-27  8.10178e-20  1.39945e-27  1.39572e-20  5.72234e-28  1.74597e-21   1.7048e-28  1.67142e-22  3.81352e-29  1.20949e-23  6.33122e-30  6.06083e-25  7.71871e-31  1.34136e-26  6.10273e-32 -8.56595e-28  6.20222e-34 -1.09783e-28 -5.26482e-34 -6.11424e-30 -6.43458e-35 -2.02394e-31 -3.70646e-36 -3.75388e-33 -1.03483e-37 -2.60626e-35
 4.69798e-11 -9.31134e-22 -2.60078e-09  7.99874e-21  5.45429e-08 -3.03417e-20 -6.71564e-07  3.44648e-20  5.60766e-06  1.92965e-19  -3.4095e-05 -1.10383e-18  0.000157107  2.93651e-18 -0.000561362 -4.88867e-18   0.00157293  5.19627e-18   -0.0034605 -2.53796e-18   0.00591788 -3.35753e-18  -0.00765458  1.27484e-17   0.00702128 -2.54211e-17  -0.00377005  3.82747e-17  1.66971e-05 -4.57714e-17   0.00158671   4.3167e-17 -0.000778232 -2.82187e-17 -0.000351952  4.47004e-18  0.000377356  1.50314e-17  7.90874e-05 -1.73616e-17 -0.000134873  6.41725e-18 -3.19881e-05  2.00249e-18  3.94591e-05 -1.83961e-18  1.66061e-05 -2.96376e-19  -7.6066e-06  1.88558e-19 -6.65898e-06  1.73659e-19 -1.44366e-07  1.47918e-19  1.57923e-06 -1.25614e-19  6.38988e-07 -1.27843e-19 -8.02952e-08  7.33868e-20 -1.63596e-07   4.5381e-20 -5.75731e-08 -1.61038e-20  2.40094e-09 -1.63704e-20  1.04549e-08  2.97373e-21  4.53394e-09  2.45433e-21  6.86359e-10  8.67721e-23  -2.5177e-10  3.05172e-22 -1.95434e-10 -5.34522e-23 -6.25204e-11 -1.83536e-22 -9.30361e-12 -7.21402e-23  1.31229e-12 -1.38731e-23  1.26721e-12  1.76442e-23  4.24742e-13  1.86701e-23  8.84333e-14  5.77328e-24  1.00763e-14 -5.20751e-25 -6.20565e-16 -1.00863e-24 -6.28043e-16 -3.39242e-25 -1.77273e-16 -4.06875e-26   -3.334e-17  2.39736e-27 -4.56519e-18  3.28686e-27 -4.27651e-19  2.93824e-27 -1.55685e-20  1.65399e-27   3.2941e-21  6.14812e-28  8.48442e-22  1.67523e-28  1.16617e-22  3.43592e-29  1.15098e-23  5.29913e-30  8.63525e-25  6.12065e-31  4.92629e-26  4.76038e-32  2.06178e-27  1.16949e-33  5.77073e-29 -2.01554e-34  8.05506e-31 -2.35587e-35 -4.99675e-33 -1.08179e-36 -3.04483e-34 -1.76045e-38
 2.64937e-22  2.11957e-10 -4.25159e-21 -7.61145e-09  2.52775e-20  1.34196e-07 -7.28864e-20 -1.48361e-06  3.61656e-20  1.14394e-05  5.40335e-19 -6.51557e-05 -2.35836e-18  0.000283489  5.39663e-18 -0.000960317 -7.92921e-18    0.0025539  7.53968e-18   -0.0053234 -3.35753e-18   0.00857674 -4.16803e-18    -0.010318  1.51403e-17   0.00852279 -2.87157e-17   -0.0036099  4.07504e-17 -0.000994063 -4.67531e-17   0.00215782  4.41939e-17 -0.000565487 -2.98586e-17 -0.000680815  4.92031e-18  0.000357727   1.5828e-17  0.000213206 -1.67763e-17 -0.000129513   4.1673e-18 -7.99838e-05  3.17976e-18  3.10312e-05 -1.17958e-18  3.04435e-05 -9.33889e-19 -1.49706e-06  2.33206e-20 -8.80259e-06  3.75877e-19 -2.54399e-06  2.09748e-19  1.21661e-06 -1.70357e-19  1.06573e-06 -1.48377e-19   1.8588e-07   6.7624e-20 -1.32225e-07  5.76746e-20 -9.45851e-08 -1.18985e-20 -2.09422e-08 -1.83105e-20  5.28564e-09  6.14233e-22   5.5813e-09   2.2132e-21  1.92196e-09  7.28019e-22   2.1227e-10   5.7455e-22 -1.17764e-10 -7.07134e-23 -7.51651e-11  -2.5273e-22 -2.25314e-11 -1.21602e-22 -3.50132e-12 -2.24022e-23  2.07994e-13  2.52473e-23  3.14842e-13   2.4042e-23  1.09177e-13  7.82057e-24   2.3905e-14 -1.25732e-26  3.41154e-15 -9.55704e-25  1.84594e-16 -3.58846e-25  -5.8939e-17 -5.79563e-26 -2.25293e-17 -2.34815e-27 -4.62503e-18  3.72258e-27 -6.83965e-19  3.49944e-27 -7.62525e-20  1.78501e-27 -6.13154e-21   6.1068e-28 -2.72466e-22  1.53446e-28  1.04975e-23  2.89835e-29  3.48903e-24  4.14551e-30  3.90003e-25  4.49282e-31  2.86759e-26  3.35932e-32  1.50664e-27  1.08932e-33  5.61679e-29 -5.82386e-35  1.39816e-30  -7.1037e-36  2.00789e-32 -2.42042e-37  1.05714e-34
-1.39526e-12  1.65643e-21   4.0371e-10 -1.52734e-20 -1.46578e-08  6.86868e-20  2.52826e-07 -1.53371e-19 -2.70681e-06 -1.84609e-20  2.01428e-05  1.29402e-18 -0.000110578 -4.56534e-18  0.000463243  9.09648e-18  -0.00150867 -1.18592e-17   0.00384729  1.01432e-17  -0.00765458 -4.16803e-18    0.0116745 -4.94255e-18    -0.013076  1.72839e-17   0.00963219 -3.06828e-17  -0.00286934  3.99721e-17  -0.00226875 -4.37582e-17   0.00255498  4.28258e-17 -0.000119346 -3.09122e-17  -0.00100239  5.13698e-18   0.00022655   1.6787e-17   0.00035553 -1.57901e-17 -7.80593e-05  1.50612e-18 -0.000127446  4.18487e-18  5.80221e-06 -2.57107e-19  4.03961e-05 -1.50719e-18  8.98939e-06 -2.45686e-19 -8.33538e-06   5.4601e-19 -5.23579e-06  2.98848e-19  3.65569e-08 -1.95674e-19   1.2116e-06 -1.76823e-19  5.14317e-07  5.66588e-20 -1.03241e-08  6.94457e-20 -9.97085e-08 -5.78123e-21 -4.51333e-08 -1.94946e-20 -5.75981e-09  -2.1421e-21  3.77864e-09  1.68378e-21  2.55768e-09  1.39908e-21  7.47894e-10  9.15408e-22  6.64365e-11 -7.09546e-23 -4.39242e-11 -3.37627e-22 -2.53473e-11 -1.81261e-22 -7.35478e-12 -3.31797e-23 -1.23405e-12  3.23697e-23 -2.42808e-14  2.97972e-23  5.98907e-14  1.03847e-23  2.28631e-14  7.91969e-25  5.26264e-15 -7.84836e-25  8.48211e-16 -3.45366e-25  8.81367e-17 -6.59006e-26  1.66356e-18 -4.12989e-27  -1.6081e-18    4.543e-27 -4.20518e-19  3.86506e-27 -6.69958e-20  1.78414e-27 -7.90074e-21  5.63745e-28 -7.16103e-22  1.31004e-28 -4.90063e-23  2.28228e-29 -2.31249e-24  3.01922e-30 -4.79835e-26  3.04156e-31  2.78853e-27  2.14174e-32  3.24541e-28   7.6436e-34  1.58666e-29 -8.86204e-36   4.3518e-31 -1.66974e-36  5.80313e-33 -3.56903e-38
-4.26808e-22  6.99627e-11   7.0645e-21  -7.9038e-10  -4.5856e-20 -8.73785e-09  1.64064e-19  3.06311e-07 -2.84687e-19  -3.8266e-06 -2.21161e-19  2.98125e-05  2.73245e-18 -0.000164826 -8.06665e-18   0.00068291   1.4124e-17  -0.00217637 -1.64213e-17   0.00538726  1.27484e-17    -0.010318 -4.94255e-18    0.0149753  -5.7526e-18   -0.0156271  1.94195e-17    0.0101166 -3.12758e-17  -0.00152632  3.55464e-17   -0.0036478 -3.68125e-17    0.0026446  3.97186e-17  0.000535236 -3.18382e-17  -0.00123296  5.01499e-18 -2.27141e-05  1.80826e-17   0.00046675 -1.44687e-17  2.25985e-05 -1.41069e-18 -0.000157674  4.91107e-18 -3.46875e-05  8.37372e-19  4.06861e-05 -1.93277e-18  2.16262e-05 -5.86347e-19 -4.16081e-06  6.55042e-19 -7.12211e-06  4.04316e-19 -1.80291e-06 -1.97368e-19  8.60803e-07 -2.09088e-19  7.62953e-07  4.09826e-20  1.79924e-07  7.94292e-20 -5.47099e-08  1.75147e-21 -5.64015e-08 -1.97751e-20 -1.86438e-08 -5.08649e-21 -9.64941e-10    9.553e-22  1.95237e-09  2.07711e-21  1.03478e-09  1.29657e-21  2.71427e-10 -6.59196e-23  2.34178e-11 -4.37051e-22 -1.31186e-11 -2.48457e-22 -7.38815e-12 -4.65355e-23 -2.12607e-12   3.8343e-23 -3.85687e-13  3.56685e-23 -3.06748e-14  1.33658e-23  7.15692e-15  1.87475e-24  3.65308e-15  -4.8869e-25  9.01597e-16 -2.89522e-25  1.56037e-16 -6.03075e-26  1.97357e-17 -2.27972e-27   1.6428e-18  5.67353e-27  2.85663e-20  4.01011e-27 -1.81092e-20  1.66545e-27 -3.79705e-21  4.85369e-28 -4.76016e-22  1.04255e-28 -4.36243e-23  1.67377e-29 -3.04293e-24  2.03965e-30 -1.60474e-25  1.89092e-31 -6.14039e-27  1.22899e-32 -1.54659e-28  4.38219e-34 -1.93106e-30  2.25631e-36  5.84498e-33 -2.73528e-37  2.87119e-34
