 1.28481e-34  5.45801e-40 -1.34855e-34  9.50682e-41 -5.62398e-35 -1.25895e-38  3.34589e-35 -2.52745e-40  2.20214e-35 -2.34759e-38 -4.16733e-35 -2.17613e-38  3.60363e-35 -1.15142e-38 -1.31294e-35 -1.08482e-37  1.83123e-36  4.12387e-38 -3.64762e-36 -7.14676e-38  4.25285e-36  5.48846e-38 -1.02383e-37 -2.24607e-38  8.90661e-37 -7.56744e-39 -8.10685e-37 -2.74656e-39  2.96704e-37  3.96269e-39  6.00531e-38 -9.04875e-40  1.84432e-37 -3.66098e-40  4.54494e-38  1.09847e-39 -3.56147e-38  1.09288e-39 -6.56066e-39  1.10317e-40 -6.00128e-39 -4.57411e-40  7.08831e-39  1.55951e-40  5.87989e-40  1.22952e-40 -2.32305e-39  4.77282e-41  1.95697e-41  -5.0112e-42  2.89243e-40  2.52582e-42  4.38461e-41 -3.34324e-42 -7.16083e-41  2.26998e-43  4.92949e-41     2.95e-43  7.37763e-42 -2.62325e-43 -5.18194e-42   5.8386e-43 -3.63849e-42 -7.76619e-44  3.14601e-43 -5.00833e-44  4.25192e-44 -3.96349e-44  4.00395e-43  6.84796e-45 -8.29713e-45  4.06017e-46 -1.80007e-44  6.98214e-46   4.8798e-45  -2.6974e-46  1.11669e-44 -6.66644e-47   -2.322e-45 -1.06082e-46 -1.81184e-45  1.20601e-47  1.92974e-46  3.68509e-48   1.3715e-46 -1.71869e-48 -2.58398e-47   6.0323e-49 -1.42991e-48 -5.09984e-49  4.37826e-48  3.64216e-50  5.59678e-49  7.66196e-51 -2.35796e-49  -9.8195e-51  5.94126e-50 -4.77017e-51 -3.73847e-50  1.35356e-51  5.86294e-51 -1.00196e-51 -3.35157e-51  7.32103e-52  5.59517e-52 -1.09657e-51 -1.73752e-52  1.28999e-51  3.26119e-53 -1.35793e-51 -1.57718e-53  1.26228e-51  1.34181e-53 -1.01684e-51 -1.02143e-53  6.93492e-52  6.98806e-54 -3.88324e-52 -3.83922e-54  1.70527e-52  1.60691e-54 -5.44783e-53 -4.63823e-55  1.09363e-53  7.33004e-56 -8.89897e-55
 5.45801e-40  3.72575e-34  5.14232e-39 -2.89297e-34  5.32845e-39 -6.00191e-35 -8.75272e-38 -2.46876e-35 -1.69928e-38  6.53397e-35 -1.37121e-37  -7.9151e-35 -5.24811e-38  5.34899e-35   6.4482e-38 -9.77212e-36  -4.0453e-37  1.96433e-36  7.30713e-38 -8.02209e-36 -1.28539e-37  1.00058e-35  1.28169e-37  1.51649e-36 -1.08621e-37  1.45176e-36 -2.97123e-38  -1.9326e-36 -1.27285e-38  2.45018e-37  1.86283e-38  3.14589e-37 -3.56195e-39  5.08859e-37 -6.39647e-40  1.72204e-37  4.49964e-39 -1.25709e-37     4.57e-39 -3.06002e-38  1.14384e-39   -1.754e-38 -1.44918e-39  1.99659e-38  3.79733e-40  1.59198e-39  3.55615e-40 -7.52806e-39  1.46424e-40  8.17566e-40 -1.03527e-41  6.88704e-40  1.18319e-41  1.76936e-41  -8.6479e-42 -1.59687e-40 -9.60644e-43  1.80169e-40  6.41623e-43  1.20903e-41 -7.28098e-43 -1.77646e-41  2.03631e-42 -7.60468e-42 -2.61208e-43 -1.27884e-43 -1.81194e-43 -2.52097e-43 -1.51538e-43  1.78168e-42  2.54688e-44 -3.50089e-44  -8.0015e-46 -6.48109e-44  3.19086e-45  1.23562e-44 -7.22358e-46  4.16744e-44 -1.24956e-46 -9.07585e-45 -3.50455e-46 -6.74931e-45  3.70004e-47  7.80175e-46  1.32833e-47  5.67361e-46 -6.33255e-48 -1.24833e-46  5.09507e-48 -3.28402e-48 -1.86366e-48  1.36773e-47  5.17165e-50  2.62443e-48  2.69186e-50 -1.10278e-48 -4.02276e-50  4.24909e-49  -2.0265e-50 -1.83611e-49  1.05215e-50  2.96662e-50 -1.01246e-50 -1.41476e-50  1.14001e-50  2.86786e-51 -1.47089e-50 -8.37598e-52  1.63596e-50  2.67984e-52 -1.61232e-50 -1.94479e-52  1.38825e-50   1.6437e-52 -1.02383e-50 -1.20164e-52  6.29838e-51  7.36013e-53  -3.1135e-51 -3.54463e-53  1.16711e-51  1.24764e-53 -2.99564e-52 -2.77543e-54   4.1751e-53  2.51958e-55
-1.34855e-34  5.14232e-39  7.32658e-34  2.88124e-38 -4.24695e-34  4.09401e-38  3.96023e-35 -3.65412e-37 -1.21955e-34 -1.01177e-37  1.08191e-34 -4.97194e-37 -1.00193e-34 -2.12282e-38  6.06132e-35  4.09852e-37  7.40283e-36  -1.0412e-36  1.71421e-36  3.27482e-38  -1.0233e-35 -1.56508e-37  1.55964e-35  2.41678e-37  5.98217e-36 -3.17876e-37  1.73065e-36 -7.03726e-38 -3.50348e-36 -2.42299e-38    -4.27e-37  4.88448e-38  7.23569e-37 -1.00939e-38  1.01126e-36 -5.68913e-40  4.51138e-37  1.13118e-38 -2.83764e-37  1.24095e-38 -8.96188e-38  4.27903e-39 -3.71993e-38 -3.15773e-39  3.84779e-38  5.99686e-40  3.10857e-39  7.18964e-40 -1.65655e-38  3.14991e-40  3.54333e-39 -1.36043e-41  8.73331e-40  3.70998e-41 -1.98924e-40 -1.53654e-41 -1.80696e-40 -6.21791e-42  4.50888e-40   9.0843e-43 -3.98174e-42 -1.28054e-42 -4.40618e-41  5.08327e-42 -6.06124e-42 -6.86608e-43 -4.36464e-42 -4.53784e-43 -1.69953e-42 -4.13855e-43  5.53875e-42  6.89733e-44 -6.93493e-44 -3.86074e-45  -1.5619e-43  9.76195e-45  2.09823e-44 -1.08707e-45  1.07972e-43  5.36397e-47 -2.47107e-44 -8.52429e-46 -1.74233e-44  9.12124e-47   2.2269e-45  4.25695e-47  1.62083e-45 -1.69082e-47 -4.09416e-46   2.1042e-47 -1.52447e-48 -4.74502e-48  2.73128e-47 -1.63066e-49  9.25268e-48  1.10281e-49 -3.93512e-48 -1.01965e-49  1.76421e-48 -8.32399e-50 -6.18929e-49  7.69742e-50  1.03515e-49 -9.16698e-50  -4.3057e-50  1.13072e-49  1.03303e-50 -1.33795e-49 -3.57251e-51   1.3941e-49  2.06846e-51 -1.27689e-49 -1.74587e-51  1.01118e-49  1.39093e-51 -6.76869e-50 -9.33672e-52  3.71175e-50  5.08031e-52  -1.5921e-50 -2.10704e-52   4.9525e-51  6.02293e-53 -9.64256e-52 -9.42214e-54  7.57211e-53
 9.50682e-41 -2.89297e-34  2.88124e-38  1.03413e-33   1.1499e-37 -5.08993e-34   1.8053e-37  1.95929e-34  -1.0936e-36 -1.95465e-34 -3.46175e-37  1.45934e-34 -1.33922e-36 -9.93331e-35    2.268e-37  7.21744e-35  1.28037e-36  2.98818e-35 -2.14595e-36  2.00695e-36 -1.55042e-37 -5.61932e-36 -1.64174e-37  1.82708e-35  4.33113e-37  1.38446e-35  -6.9383e-37   2.2088e-36 -1.24142e-37 -5.58499e-36 -2.29847e-38 -1.80976e-36  9.44566e-38  1.11741e-36 -2.29024e-38  1.64266e-36 -8.16831e-41  9.45229e-37  2.14006e-38 -4.86717e-37  2.61779e-38 -2.00388e-37  1.09009e-38 -6.58801e-38 -5.55173e-39   5.7786e-38  7.89915e-40  4.77077e-39  1.16175e-39 -2.83962e-38  5.60761e-40  9.74375e-39 -1.46821e-41  4.73438e-41  8.88775e-41 -7.41322e-40 -2.10624e-41  8.24938e-41 -2.05552e-41  8.81265e-40  1.39776e-42 -8.01917e-41 -1.17208e-42 -9.12798e-41  1.05226e-41   1.4286e-41 -1.69354e-42 -1.90705e-41 -9.05166e-43  -5.8935e-42 -9.26042e-43  1.38598e-41  1.58685e-43  -4.4177e-44 -4.04014e-46 -2.88364e-43  2.33492e-44  2.94702e-44 -2.23842e-46  2.23897e-43  1.00531e-45 -5.34373e-44 -1.80247e-45 -3.60137e-44  2.16883e-46  5.12228e-45  1.24302e-46  3.74443e-45 -3.68552e-47 -1.08757e-45  6.18615e-47  1.87255e-47 -9.54528e-48  3.53771e-47  -1.1795e-48  2.78574e-47  3.80609e-49 -1.18223e-47 -8.74756e-50   5.4249e-48 -4.40454e-49 -1.67126e-48  5.56153e-49   2.9103e-49 -7.08695e-49 -1.11632e-49  8.56742e-49  3.46741e-50 -9.43041e-49 -1.81975e-50  9.14955e-49  1.47691e-50 -7.73443e-49 -1.24296e-50   5.5871e-49  9.11816e-51 -3.35842e-49 -5.51894e-51  1.61728e-49  2.63219e-51   -5.884e-50 -9.17252e-52  1.45904e-50  2.01889e-52 -1.95287e-51 -1.81214e-53
-5.62398e-35  5.32845e-39 -4.24695e-34   1.1499e-37  1.18056e-33  3.50622e-37 -5.49352e-34  5.69289e-37   3.2322e-34  -2.5297e-36 -2.33479e-34 -8.70471e-37  1.86668e-34  -2.8746e-36 -7.75238e-35  8.32663e-37  9.69225e-35  2.90816e-36  4.62103e-35 -3.76971e-36  3.07773e-36 -5.24978e-37  9.55356e-36 -1.73459e-37  1.62884e-35  7.45204e-37  2.46123e-35 -1.23369e-36   3.7672e-36 -1.74022e-37 -8.09465e-36  5.64563e-39   -3.667e-36    1.495e-37  1.23277e-36 -4.26968e-38  2.27491e-36 -7.44568e-40  1.67897e-36  3.30199e-38 -6.74115e-37  4.65726e-38 -3.71267e-37  2.20891e-38 -1.02685e-37 -8.47507e-39  6.91096e-38  1.27464e-39  4.58773e-39  1.56624e-39 -3.92679e-38  8.99922e-40  2.10479e-38 -2.41793e-41 -2.95703e-39  1.72578e-40 -1.68058e-39 -2.27616e-41  1.03203e-39 -5.22055e-41  1.39093e-39   4.2312e-42 -2.79923e-40  1.67442e-42  -1.6612e-40  1.92513e-41  7.32338e-41 -4.06884e-42 -5.49719e-41 -1.52093e-42 -1.52398e-41 -1.79226e-42  2.95803e-41  3.32815e-43  1.80585e-43  3.93183e-44 -4.20734e-43  4.67278e-44  4.69394e-44  4.52544e-45  3.93058e-43  3.58063e-45 -9.62821e-44 -3.55609e-45 -6.29636e-44  5.08622e-46  9.96005e-45  3.10309e-46  7.50616e-45 -6.59648e-47  -2.5175e-45  1.46422e-46  9.55197e-47 -1.56887e-47  1.19923e-47 -3.92857e-48  7.38698e-47  6.79968e-49 -3.06753e-47  1.01789e-48  1.35728e-47 -2.71289e-48 -3.85525e-48  3.67864e-48  7.18694e-49 -4.61834e-48 -2.86981e-49   5.2947e-48  1.37095e-49 -5.42324e-48 -1.05005e-49  4.86812e-48  9.21348e-50 -3.76797e-48 -7.28695e-50   2.4579e-48  4.85896e-50 -1.30889e-48   -2.616e-50   5.4284e-49  1.07368e-50 -1.62376e-49  -3.0352e-51  3.01852e-50  4.69156e-52 -2.24151e-51
-1.25895e-38 -6.00191e-35  4.09401e-38 -5.08993e-34  3.50622e-37  1.22861e-33  8.43486e-37 -5.53886e-34  1.40989e-36  3.65591e-34 -4.70135e-36 -2.67074e-34 -1.81393e-36  2.44559e-34 -5.10716e-36 -3.48045e-35  1.75284e-36  1.29591e-34  5.39286e-36  4.62209e-35 -5.83409e-36  5.39248e-36 -1.05797e-36  3.47556e-35 -1.81488e-37  1.00416e-35  1.19518e-36  3.68743e-35 -1.87262e-36  7.11198e-36 -1.96272e-37 -1.06739e-35  6.48403e-38  -5.4914e-36  2.04176e-37  7.73487e-37 -6.54505e-38  2.72367e-36 -8.19742e-39  2.60636e-36  4.32376e-38 -7.63737e-37  7.35013e-38 -5.94135e-37  3.82142e-38 -1.44831e-37 -1.17657e-38  6.05255e-38  3.00791e-39 -3.75377e-39   1.7779e-39 -4.22082e-38  1.37751e-39  3.88004e-38 -7.19628e-41  -9.3756e-39  2.79926e-40 -2.95068e-39 -1.98504e-41  3.31429e-39 -1.12744e-40  1.72699e-39  1.52568e-41 -6.89042e-40  1.16165e-41 -2.70418e-40  3.23952e-41  1.92739e-40 -9.28121e-42 -1.25439e-40 -2.20775e-42 -3.27333e-41 -3.08998e-42  5.56257e-41   6.5958e-43  7.87676e-43   1.7869e-43 -4.64386e-43  8.13489e-44  1.10942e-43  1.79455e-44  6.01106e-43  8.85635e-45 -1.47854e-43 -6.71201e-45 -9.51831e-44   1.1296e-45  1.66907e-44  6.42468e-46  1.36114e-44 -8.87472e-47  -5.2646e-45  2.96014e-46  3.09125e-46 -2.13831e-47 -9.03496e-47 -8.16228e-48   1.7418e-46 -2.30651e-48 -6.97313e-47   9.6771e-48  2.90301e-47 -1.61765e-47 -7.94192e-48  2.13974e-47  1.74338e-48 -2.55933e-47 -8.94042e-49  2.74792e-47  6.56825e-49 -2.60709e-47 -5.85072e-49  2.14849e-47  4.95257e-49 -1.50777e-47 -3.59994e-49   8.7686e-48  2.15823e-49 -4.06454e-48 -1.01811e-49  1.41421e-48  3.50703e-50 -3.32537e-49 -7.62203e-51  4.17227e-50  6.74534e-52
 3.34589e-35 -8.75272e-38  3.96023e-35   1.8053e-37 -5.49352e-34  8.43486e-37  1.26868e-33  1.61536e-36 -5.17708e-34  2.88509e-36   3.1459e-34 -7.15098e-36 -3.34628e-34 -3.39949e-36  3.38839e-34 -7.70771e-36  3.17382e-35  2.67821e-36  1.55482e-34  8.62885e-36  2.48359e-35 -8.10888e-36  9.79133e-36 -1.71313e-36  6.33695e-35 -1.64504e-37  2.00237e-36  1.75693e-36  4.87227e-35 -2.48877e-36  1.22117e-35 -1.75039e-37 -1.27762e-35  1.38873e-37  -6.6642e-36  2.48854e-37 -5.05451e-37  -8.0143e-38  2.80526e-36 -3.44363e-38  3.59505e-36   4.9053e-38 -6.81193e-37  1.06628e-37  -8.3787e-37  5.89383e-38 -1.88925e-37 -1.53718e-38   1.8333e-38  7.59911e-39 -3.47483e-38  1.69311e-39 -2.69781e-38  2.07203e-39   6.3535e-38 -2.11062e-40 -2.00131e-38  3.81408e-40 -4.27577e-39 -1.84079e-41  7.83735e-39 -2.14998e-40  1.42198e-39  4.56208e-41 -1.40873e-39  3.60464e-41 -3.94845e-40  5.16846e-41  3.89208e-40 -1.95341e-41 -2.42889e-40 -2.76022e-42 -6.15939e-41 -4.83467e-42  9.41761e-41  1.25031e-42  1.91319e-42  5.16955e-43 -2.89508e-43  1.26348e-43    3.122e-43  4.71132e-44  8.14191e-43  1.80425e-44 -1.96039e-43 -1.20992e-44 -1.24372e-43  2.29389e-45  2.41459e-44  1.08558e-45   2.2932e-44 -5.26431e-47 -1.01324e-44  5.30168e-46  8.05225e-46 -2.83331e-47  -3.4102e-46  -2.5842e-48  3.67828e-46 -3.07535e-47 -1.40841e-46  6.01289e-47  5.50546e-47 -8.64793e-47 -1.55742e-47  1.08353e-46  4.91758e-48 -1.21665e-46 -3.61728e-48  1.21324e-46  3.28286e-48 -1.05841e-46 -2.92825e-48  7.92971e-47  2.30326e-48 -4.98274e-47 -1.52014e-48   2.5407e-47  8.09582e-49 -1.00131e-47 -3.28342e-49   2.8181e-48  9.16099e-50 -4.86359e-49  -1.3949e-50   3.2897e-50
-2.52745e-40 -2.46876e-35 -3.65412e-37  1.95929e-34  5.69289e-37 -5.53886e-34  1.61536e-36  1.35577e-33  2.41171e-36 -4.49327e-34  5.02161e-36  1.91693e-34 -8.91579e-36 -4.53891e-34  -6.0331e-36  4.84355e-34 -1.01012e-35  1.25097e-34  3.17526e-36  1.60039e-34  1.23011e-35 -1.45518e-35 -1.02423e-35  1.63092e-35 -2.46885e-36  8.46172e-35 -1.32398e-37 -4.35641e-36  2.36785e-36  5.82321e-35 -2.92211e-36  1.81364e-35 -1.22196e-37 -1.39408e-35  1.94824e-37 -6.69091e-36  2.78985e-37 -2.68454e-36 -6.88139e-38   2.4051e-36 -9.79412e-38  4.43658e-36  4.85803e-38 -3.94495e-37  1.45857e-37 -1.04387e-36  8.37229e-38  -2.3351e-37 -1.94399e-38 -7.04147e-38    1.689e-38 -1.14523e-37  1.41813e-39   1.9502e-38  3.07198e-39  9.41464e-38 -5.07742e-40 -3.46894e-38  4.20638e-40  -5.0903e-39 -3.42021e-41  1.56838e-38 -3.67951e-40 -1.72002e-40  1.11725e-40 -2.54532e-39  8.53101e-41 -5.13321e-40  8.00125e-41  6.65076e-40 -3.74794e-41 -4.13896e-40 -2.78469e-42 -1.04996e-40 -6.94745e-42   1.4583e-40  2.26289e-42  3.50527e-42  1.17217e-42  2.40841e-43  1.78296e-43  8.18953e-43  1.00741e-43  9.88933e-43  3.25448e-44 -2.27528e-43 -2.05949e-44 -1.36263e-43  4.19359e-45  2.95861e-44  1.43891e-45   3.6496e-44  1.55867e-46 -1.81284e-44  8.73128e-46  1.81291e-45 -7.17184e-47 -8.21996e-46  8.36615e-47  7.01939e-46 -1.96936e-46 -2.57531e-46  3.08219e-46  9.72963e-47 -4.06414e-46 -3.31272e-47  4.76845e-46  1.77433e-47 -4.97829e-46 -1.63973e-47  4.57095e-46  1.53736e-47 -3.63055e-46 -1.29551e-47  2.44186e-46  9.33122e-48 -1.35159e-46 -5.53354e-48  5.91133e-47  2.57999e-48 -1.91936e-47  -8.7716e-49   4.1523e-48  1.87731e-49 -4.70505e-49 -1.62971e-50
 2.20214e-35 -1.69928e-38 -1.21955e-34  -1.0936e-36   3.2322e-34  1.40989e-36 -5.17708e-34  2.41171e-36   1.5373e-33  2.53157e-36   -3.822e-34   7.5446e-36  2.37249e-35 -8.90325e-36 -6.10152e-34  -1.0304e-35  6.75892e-34 -1.17637e-35  2.43162e-34  2.97817e-36  1.37232e-34  1.59681e-35 -6.01024e-35 -1.18392e-35  2.31915e-35 -3.33185e-36  8.88189e-35 -1.82866e-37 -6.06496e-36  2.95305e-36  6.39346e-35 -2.99878e-36  2.34363e-35 -9.23565e-38 -1.40769e-35  1.92659e-37 -5.46116e-36  2.99269e-37  -5.5626e-36 -9.24742e-39  1.53018e-36 -2.20143e-37  4.88439e-36  4.16696e-38  5.46176e-38  1.91259e-37 -1.12409e-36  1.12652e-37 -2.81846e-37 -2.43963e-38 -2.13467e-37  3.20861e-38 -2.81592e-37  1.48541e-39  1.12233e-37  4.43161e-39  1.26795e-37 -1.00903e-39  -5.1843e-38  3.09053e-40 -4.45163e-39 -9.06349e-41  2.78674e-38 -5.69185e-40 -3.74335e-39  2.32569e-40 -4.19952e-39  1.71239e-40 -5.81608e-40  1.21875e-40  1.00384e-39 -6.55946e-41 -6.35074e-40 -1.54414e-42 -1.66013e-40 -9.22855e-42  2.09093e-40  3.88678e-42  5.14773e-42  2.24242e-42   1.2162e-42  2.32369e-43  1.88691e-42  1.87486e-43  1.09613e-42  5.43181e-44 -2.39372e-43  -3.2764e-44 -1.11842e-43  6.86358e-45  2.87363e-44  1.28149e-45  5.53569e-44  6.95561e-46 -3.03314e-44   1.4243e-45  3.63973e-45 -3.57316e-46 -1.60975e-45  5.84451e-46  1.22689e-45 -9.78987e-46 -4.41896e-46   1.3641e-45  1.78183e-46 -1.66909e-45 -9.03231e-47  1.81853e-45  7.39137e-47 -1.74855e-45 -7.24017e-47  1.46263e-45  6.50547e-47  -1.0442e-45 -5.07116e-47  6.20427e-46  3.31409e-47 -2.96397e-46 -1.74611e-47  1.08285e-46  6.99803e-48 -2.79395e-47 -1.92471e-48  4.38519e-48  2.87502e-49 -2.71456e-49
-2.34759e-38  6.53397e-35 -1.01177e-37 -1.95465e-34  -2.5297e-36  3.65591e-34  2.88509e-36 -4.49327e-34  2.53157e-36  1.87648e-33  8.57282e-37 -3.48476e-34  9.81575e-36 -1.70087e-34 -6.51791e-36 -7.62628e-34 -1.67565e-35  8.80691e-34 -1.25294e-35  3.75033e-34  2.19308e-36  9.28309e-35  1.92248e-35 -9.64879e-35 -1.25524e-35  2.72323e-35 -4.30647e-36  7.27823e-35 -4.99681e-37 -1.93419e-36  3.44893e-36  6.53129e-35 -2.55812e-36  2.68671e-35 -1.83322e-37 -1.36186e-35  9.85643e-38 -3.43593e-36  3.24799e-37 -8.58798e-36  1.20184e-37  3.32034e-37 -4.18639e-37  4.71243e-36  2.98427e-38  5.27661e-37   2.4238e-37 -9.63503e-37  1.47228e-37 -3.43901e-37 -3.10357e-38 -4.07346e-37  5.27035e-38 -5.83217e-37  3.07762e-39  2.66661e-37  6.13522e-39  1.53889e-37   -1.687e-39 -6.85037e-38 -8.02655e-41 -9.61991e-40 -2.10277e-40   4.4937e-38 -7.96544e-40 -9.78962e-39  4.24403e-40 -6.45223e-39  3.04162e-40 -5.42506e-40   1.8324e-40  1.37241e-39 -1.05456e-40 -8.91982e-40  2.26198e-42 -2.47666e-40 -1.13402e-41  2.80451e-40  6.30964e-42  5.87601e-42  3.75404e-42  2.62571e-42  2.85673e-43  3.83808e-42    3.133e-43  1.15379e-42  8.65319e-44 -2.52161e-43 -4.84133e-44 -3.14909e-44  9.98021e-45  1.66386e-44  7.05086e-47  8.02871e-44   1.5705e-45 -4.76488e-44  2.69387e-45  6.62929e-45 -1.79175e-45 -2.76733e-45  2.82465e-45  2.01724e-45  -4.1167e-45 -7.73887e-46  5.25645e-45  4.04384e-46 -5.95317e-45 -3.16839e-46  5.96702e-45  3.09322e-46 -5.22544e-45 -2.94837e-46  3.93091e-45  2.47401e-46   -2.485e-45 -1.76745e-46  1.28281e-45  1.03982e-46 -5.20376e-46 -4.80732e-47  1.57201e-46   1.6175e-47 -3.25302e-47 -3.40782e-48  3.84218e-48  2.87924e-49
-4.16733e-35 -1.37121e-37  1.08191e-34 -3.46175e-37 -2.33479e-34 -4.70135e-36   3.1459e-34  5.02161e-36   -3.822e-34  8.57282e-37  2.41676e-33 -3.79434e-36 -3.49617e-34  1.09558e-35 -3.75054e-34  -2.1253e-36 -8.64727e-34 -2.54851e-35  1.04772e-33 -1.26843e-35  5.02202e-34  1.22877e-36  4.10301e-35  2.18865e-35 -1.12245e-34 -1.21488e-35  2.52323e-35 -5.35101e-36  4.16969e-35 -1.28668e-36  6.87341e-36  3.81146e-36  6.32457e-35 -1.48326e-36  2.80533e-35 -5.17578e-37 -1.35292e-35 -1.04728e-37 -1.66096e-36  3.77131e-37 -1.08881e-35  3.33969e-37   -8.914e-37 -6.99865e-37  3.78033e-36  1.59898e-38  7.77818e-37  2.97388e-37 -4.29251e-37  1.90844e-37 -4.37829e-37  -4.0582e-38 -6.31741e-37  7.57784e-38  -1.0674e-36  8.18151e-39  4.96481e-37   8.1082e-39  1.63712e-37 -2.37434e-39 -8.07635e-38 -9.15934e-40  7.26629e-39 -4.03662e-40  6.65158e-38 -1.00115e-39 -1.83643e-38  6.93794e-40 -9.33794e-39  4.88873e-40 -3.38338e-40  2.70525e-40   1.7325e-39 -1.57286e-40 -1.16215e-39  1.06897e-41 -3.52844e-40 -1.28104e-41  3.55107e-40  9.67788e-42  4.04679e-42  5.61617e-42  4.33688e-42   3.4326e-43  7.00119e-42  4.78239e-43  1.25644e-42  1.34387e-43 -3.16551e-43 -6.62085e-44  1.17719e-43  1.25113e-44 -1.06067e-44 -2.30488e-45  1.11321e-43  1.78954e-45 -7.05071e-44  6.84189e-45  1.11151e-44 -7.72112e-45 -4.42945e-45  1.12775e-44  3.32627e-45 -1.49446e-44 -1.61499e-45  1.75576e-44  1.23504e-45 -1.82592e-44 -1.22345e-45  1.66564e-44  1.21895e-45 -1.31313e-44 -1.09681e-45  8.78872e-45  8.52429e-46 -4.89144e-45 -5.55812e-46  2.21449e-45  2.92608e-46 -7.99183e-46  -1.1714e-46  2.25129e-46  3.20388e-47 -4.60663e-47 -4.69835e-48  4.59102e-48
-2.17613e-38  -7.9151e-35 -4.97194e-37  1.45934e-34 -8.70471e-37 -2.67074e-34 -7.15098e-36  1.91693e-34   7.5446e-36 -3.48476e-34 -3.79434e-36  3.13194e-33 -1.20804e-35 -3.55794e-34  1.01791e-35 -5.72034e-34  3.02241e-36  -8.8656e-34 -3.58022e-35  1.12945e-33 -1.27975e-35  6.04771e-34  4.91804e-37  -3.6751e-36  2.40874e-35 -1.04816e-34 -1.05361e-35  1.58383e-35 -6.35397e-36  6.22693e-36  -2.6776e-36   1.7178e-35  4.00805e-36  6.02166e-35  2.68229e-37  2.77065e-35   -1.207e-36 -1.52033e-35 -4.14897e-37 -1.56939e-36  4.75322e-37 -1.14185e-35  6.31692e-37 -1.69983e-36 -1.05499e-36  2.08837e-36  4.38151e-39  4.53343e-37  3.52809e-37  6.13125e-37  2.48744e-37 -5.92662e-37 -5.46436e-38 -8.47322e-37  9.57909e-38 -1.77245e-36  1.95871e-38  8.10433e-37   1.0296e-38    1.412e-37 -2.72146e-39 -8.47058e-38 -2.39861e-39  2.25557e-38 -6.62985e-40  9.09431e-38 -1.10369e-39 -2.89077e-38  1.03109e-39 -1.27976e-38  7.20494e-40  7.00193e-41  3.88789e-40   2.0592e-39 -2.20103e-40 -1.42131e-39   2.6567e-41 -4.84013e-40 -1.30772e-41  4.28198e-40  1.40717e-41 -2.61871e-42  7.60557e-42  6.12171e-42   4.2624e-43  1.16299e-41  6.73473e-43  1.57995e-42   2.0563e-43   -5.045e-43 -8.33404e-44  3.32684e-43  1.17737e-44 -5.35771e-44 -3.65346e-45  1.47341e-43 -3.37468e-45 -9.86608e-44  2.14152e-44  1.75919e-44 -2.85682e-44 -7.29135e-45  3.85335e-44  6.27497e-45 -4.67905e-44 -4.47988e-45  5.03407e-44  4.45424e-45 -4.76735e-44 -4.65912e-45   3.9336e-44  4.47666e-45 -2.79752e-44 -3.77928e-45  1.70396e-44  2.72443e-45 -8.92635e-45 -1.62467e-45  4.08969e-45  7.63792e-46 -1.64277e-45 -2.60909e-46  5.31597e-46  5.51627e-47  -1.0522e-46 -4.53545e-48
 3.60363e-35 -5.24811e-38 -1.00193e-34 -1.33922e-36  1.86668e-34 -1.81393e-36 -3.34628e-34 -8.91579e-36  2.37249e-35  9.81575e-36 -3.49617e-34 -1.20804e-35  3.91513e-33 -2.35941e-35 -3.29919e-34  7.22032e-36 -7.35649e-34  7.41642e-36 -8.27685e-34  -4.6246e-35  1.10369e-33 -1.34428e-35  6.69032e-34  6.77049e-38  -3.4759e-35  2.62085e-35 -8.01879e-35 -7.76007e-36  1.23954e-36 -7.14464e-36 -2.33998e-35 -4.67225e-36  2.49079e-35  4.00506e-36  6.00728e-35  2.64408e-36   2.7265e-35 -2.30801e-36 -2.02863e-35 -8.14376e-37 -4.63757e-36   6.2491e-37 -9.20564e-36  9.90583e-37 -1.52158e-36 -1.46176e-36 -1.93289e-37  1.10084e-39  -8.7843e-37   4.0438e-37  2.28078e-36  3.27359e-37 -8.53398e-37 -7.49813e-38 -9.99361e-37  1.05546e-37 -2.71684e-36  4.06674e-38  1.20791e-36  1.27871e-38  7.00277e-38 -2.21245e-39 -7.75653e-38 -4.72639e-39  4.74687e-38  -9.6721e-40  1.15217e-37 -9.95923e-40 -4.02606e-38  1.40671e-39 -1.66135e-38   9.8141e-40  6.79897e-40  5.39745e-40  2.36175e-39 -2.92507e-40 -1.65054e-39  5.32135e-41 -6.42807e-40 -1.15883e-41  4.96014e-40  1.95119e-41 -1.66552e-41  9.39968e-42  7.70823e-42  5.79441e-43  1.78429e-41  8.79617e-43  2.34073e-42  3.09761e-43 -8.81376e-43 -9.44876e-44   5.8565e-43  4.34807e-46  -1.0766e-43  5.85627e-45  1.86235e-43 -2.96869e-44 -1.31766e-43  6.82017e-44  2.79724e-44 -9.10644e-44 -1.46466e-44  1.13084e-43  1.55281e-44 -1.25745e-43 -1.52334e-44  1.23845e-43  1.66011e-44 -1.07812e-43 -1.70938e-44  8.32613e-44   1.5706e-44 -5.79992e-44 -1.25547e-44  3.75254e-44  8.49638e-45 -2.29057e-44  -4.6787e-45  1.26287e-44  1.96407e-45  -5.5834e-45 -5.58717e-46  1.62416e-45   8.2938e-47 -1.93851e-46
-1.15142e-38  5.34899e-35 -2.12282e-38 -9.93331e-35  -2.8746e-36  2.44559e-34 -3.39949e-36 -4.53891e-34 -8.90325e-36 -1.70087e-34  1.09558e-35 -3.55794e-34 -2.35941e-35  4.61505e-33 -3.67216e-35 -2.53495e-34  2.60568e-36  -8.4353e-34  1.01028e-35 -7.14961e-34 -5.49883e-35  9.83684e-34 -1.49942e-35  6.91573e-34 -3.90109e-37 -5.77839e-35  2.86496e-35 -4.78143e-35 -3.99096e-36 -1.16926e-35 -7.53078e-36 -4.29133e-35  -7.1238e-36  2.66528e-35   3.7662e-36  6.72222e-35  5.49929e-36  2.81283e-35 -3.77748e-36 -3.03708e-35 -1.27769e-36 -1.20357e-35  8.09751e-37 -3.61166e-36  1.36162e-36  2.97859e-37 -1.89213e-36 -2.73245e-36  1.43846e-38 -3.67953e-36  4.49007e-37  4.65829e-36  4.32906e-37  -1.2866e-36 -1.03045e-37 -1.02748e-36  9.78855e-38 -3.89152e-36  7.49181e-38  1.67383e-36  1.59047e-38 -6.43261e-38 -2.65314e-40 -5.87523e-38 -8.03171e-39  8.44334e-38 -1.29822e-39  1.35381e-37  -5.4921e-40 -5.09008e-38  1.77231e-39 -2.03466e-38  1.24031e-39  1.42513e-39   7.2044e-40  2.69898e-39 -3.73748e-40 -1.84183e-39  9.38485e-41 -8.29611e-40 -7.95519e-42  5.56457e-40  2.59993e-41 -4.00174e-41  1.06606e-41  8.79395e-42  8.73484e-43  2.56392e-41  1.06814e-42  3.69943e-42  4.53855e-43 -1.46415e-42 -8.76058e-44  8.20363e-43  -4.1874e-44  -1.6327e-43  5.62185e-44  2.27156e-43 -1.18896e-43 -1.72981e-43  1.98276e-43  5.11562e-44  -2.5057e-43 -4.03263e-44  2.87859e-43  4.95404e-44 -2.98715e-43 -5.62593e-44   2.8208e-43  6.21972e-44 -2.48539e-43 -6.26684e-44  2.11097e-43  5.59575e-44 -1.75308e-43 -4.32437e-44  1.37478e-43  2.79426e-44 -9.40183e-44 -1.42917e-44   5.0675e-44  5.27661e-45 -1.89097e-44 -1.18002e-45  3.82372e-45  9.80645e-47
-1.31294e-35   6.4482e-38  6.06132e-35    2.268e-37 -7.75238e-35 -5.10716e-36  3.38839e-34  -6.0331e-36 -6.10152e-34 -6.51791e-36 -3.75054e-34  1.01791e-35 -3.29919e-34 -3.67216e-35  5.09492e-33 -4.90465e-35 -1.37052e-34 -2.45519e-36 -8.89074e-34  1.11839e-35 -5.88831e-34  -6.0443e-35  8.12633e-34  -1.7562e-35  6.77424e-34 -1.49605e-36 -8.87881e-35   3.1562e-35 -1.43673e-35  4.88401e-37 -1.14002e-35 -7.34735e-36 -5.64021e-35 -9.76852e-36  2.11386e-35  3.26857e-36  8.53314e-35  8.62468e-36  3.08562e-35 -5.44103e-36 -4.65283e-35 -1.77495e-36 -2.44228e-35  9.91032e-37   5.4831e-36  1.67317e-36  4.36465e-36 -2.32228e-36 -5.08495e-36  5.40692e-38 -8.35776e-36  4.87087e-37  7.78922e-36  5.69291e-37 -1.98044e-36 -1.39325e-37 -8.79306e-37  6.77413e-38 -5.25533e-36  1.25298e-37  2.17424e-36  2.01609e-38 -2.71304e-37  3.58786e-39 -3.03709e-38 -1.23038e-38  1.35187e-37 -1.65902e-39  1.47353e-37  3.68434e-40 -5.93587e-38  2.06819e-39   -2.331e-38  1.45395e-39   2.1669e-39  9.23225e-40  3.18214e-39 -4.64476e-40 -2.00117e-39  1.50813e-40 -1.04293e-39 -2.13989e-42  6.08082e-40  3.35721e-41 -7.28352e-41  1.11523e-41   8.9484e-42  1.39432e-42  3.50188e-41  1.20888e-42  5.62331e-42  6.31214e-43  -2.1809e-42 -3.18038e-44  9.58102e-43 -1.66766e-43 -2.12043e-43  2.20011e-43  2.80362e-43 -3.61855e-43 -2.44379e-43  5.15305e-43  1.26178e-43 -6.22468e-43 -1.41622e-43  7.01826e-43    1.845e-43 -7.58763e-43 -2.21163e-43  8.09737e-43  2.46474e-43 -8.60175e-43 -2.47943e-43  8.79415e-43  2.19762e-43 -8.13344e-43 -1.66211e-43  6.36172e-43  1.02222e-43  -3.9293e-43 -4.74363e-44  1.75823e-43  1.46245e-44 -4.90295e-44 -2.28285e-45  5.49339e-45
-1.08482e-37 -9.77212e-36  4.09852e-37  7.21744e-35  8.32663e-37 -3.48045e-35 -7.70771e-36  4.84355e-34  -1.0304e-35 -7.62628e-34  -2.1253e-36 -5.72034e-34  7.22032e-36 -2.53495e-34 -4.90465e-35    5.282e-33 -5.81524e-35 -1.22782e-35 -6.57381e-36 -8.87269e-34  1.17378e-35 -4.86266e-34 -6.17727e-35  6.47084e-34 -2.10151e-35  6.33521e-34 -3.80042e-36 -1.48334e-34  3.46975e-35  1.98146e-35  5.29046e-36  1.66858e-35 -6.50211e-36 -7.48638e-35  -1.2273e-35  1.00938e-35  2.52716e-36  1.15816e-34  1.17937e-35  3.46728e-35 -6.98499e-36 -6.87314e-35 -2.26619e-36 -4.19682e-35  1.11513e-36  1.76707e-35  1.84434e-36  1.10015e-35 -2.74016e-36 -6.78221e-36  1.29531e-37 -1.51547e-35  5.24018e-37  1.16709e-35  7.35683e-37 -3.03198e-36  -1.8266e-37  -5.2417e-37  1.38233e-38 -6.73352e-36  1.93475e-37  2.65513e-36   2.6003e-38 -5.52699e-37  9.48513e-39  2.96938e-39 -1.73285e-38  2.00084e-37 -2.08106e-39  1.48038e-37  1.86717e-39 -6.46914e-38  2.23668e-39 -2.46111e-38  1.57185e-39  2.71155e-39  1.13688e-39  3.95963e-39 -5.66538e-40 -2.15002e-39  2.24813e-40 -1.27804e-39  5.35977e-42  6.47604e-40  4.23484e-41 -1.12068e-40  1.08565e-41  7.38291e-42  2.21337e-42  4.61768e-41  1.28813e-42  7.75308e-42  7.98151e-43 -2.85462e-42  1.47963e-43  9.22341e-43 -4.90033e-43 -2.72869e-43  6.57075e-43  4.08819e-43 -9.75285e-43 -4.55698e-43  1.34062e-42  4.30951e-43  -1.7397e-42 -5.83159e-43  2.26551e-42  7.86482e-43 -2.96003e-42 -9.77964e-43  3.74675e-42  1.11133e-42 -4.36787e-42  -1.1254e-42  4.46372e-42  9.84455e-43 -3.82542e-42 -7.12863e-43  2.62513e-42  4.01894e-43 -1.35699e-42 -1.60266e-43  4.77053e-43  3.78704e-44 -9.05709e-44 -3.24852e-45
 1.83123e-36  -4.0453e-37  7.40283e-36  1.28037e-36  9.69225e-35  1.75284e-36  3.17382e-35 -1.01012e-35  6.75892e-34 -1.67565e-35 -8.64727e-34  3.02241e-36 -7.35649e-34  2.60568e-36 -1.37052e-34 -5.81524e-35  5.18627e-33 -6.24522e-35   8.5863e-35 -8.83843e-36 -8.69409e-34  1.32434e-35 -4.28298e-34 -5.90849e-35  5.38638e-34 -2.50128e-35  5.61439e-34 -7.48739e-36 -2.54005e-34  3.74554e-35  5.97694e-35  9.93496e-36  8.68453e-35 -5.00858e-36 -1.12039e-34 -1.42791e-35 -1.90162e-36  1.60745e-36  1.56611e-34  1.48102e-35  3.74081e-35 -7.97917e-36 -9.53519e-35 -2.68702e-36 -6.45721e-35  1.12895e-36  3.22099e-35  1.80548e-36  1.99491e-35  -3.1465e-36 -7.43945e-36   2.4602e-37 -2.40213e-35  5.69748e-37  1.62431e-35  9.24553e-37 -4.51873e-36 -2.29773e-37  3.74748e-38  -6.0699e-38 -8.21922e-36  2.79152e-37  3.04671e-36  3.33728e-38 -9.01445e-37  1.70573e-38  3.49687e-38 -2.26799e-38  2.77405e-37 -2.61157e-39  1.36399e-37  4.00578e-39 -6.68596e-38  2.23936e-39 -2.32767e-38  1.54336e-39  2.86569e-39  1.34803e-39  5.18349e-39 -6.81546e-40 -2.32626e-39  3.14386e-40 -1.52445e-39  1.33561e-41  6.66733e-40  5.25295e-41 -1.50597e-40  1.00463e-41   2.6722e-42  3.33514e-42  5.96717e-41  1.34278e-42  9.34744e-42  8.30144e-43 -3.24467e-42  6.37456e-43  7.16309e-43 -1.32953e-42 -5.08321e-43  1.94338e-42  9.37546e-43 -3.07379e-42 -1.37662e-42  4.84788e-42  1.91094e-42 -7.57257e-42 -2.83087e-42  1.14648e-41  3.95343e-42 -1.61317e-41  -5.0435e-42  2.03145e-41  5.75891e-42 -2.21933e-41 -5.71869e-42  2.04283e-41  4.76034e-42  -1.5321e-41 -3.15972e-42  8.94048e-42  1.55295e-42 -3.76906e-42 -4.98783e-43  9.92903e-43  8.00314e-44 -1.05612e-43
 4.12387e-38  1.96433e-36  -1.0412e-36  2.98818e-35  2.90816e-36  1.29591e-34  2.67821e-36  1.25097e-34 -1.17637e-35  8.80691e-34 -2.54851e-35  -8.8656e-34  7.41642e-36  -8.4353e-34 -2.45519e-36 -1.22782e-35 -6.24522e-35  4.88582e-33 -6.16765e-35    1.351e-34 -9.24857e-36 -8.70926e-34  1.68466e-35 -4.16201e-34 -5.32967e-35  5.21816e-34 -2.90311e-35  4.53379e-34 -1.22761e-35 -4.13806e-34   3.9106e-35   1.1134e-34  1.38798e-35  2.09091e-34 -2.99842e-36 -1.79488e-34 -1.54408e-35  -8.6881e-36  6.04761e-37  2.01797e-34  1.75417e-35  3.57681e-35 -7.93046e-36 -1.22995e-34 -2.93219e-36 -9.21576e-35   9.9933e-37  4.83659e-35  1.51875e-36  3.01152e-35 -3.54856e-36 -6.85668e-36  3.99874e-37 -3.45106e-35  6.35849e-37   2.1365e-35  1.12124e-36 -6.46055e-36 -2.75311e-37  7.71583e-37 -1.48851e-37 -9.57932e-36  3.79672e-37  3.27398e-36  4.12335e-38 -1.30191e-36  2.53654e-38  5.87373e-38 -2.77844e-38  3.62848e-37 -3.28248e-39   1.1413e-37  6.76488e-39 -6.68673e-38  2.07405e-39 -1.84482e-38  1.32622e-39  2.52434e-39  1.54155e-39  6.96354e-39 -8.08526e-40 -2.58508e-39  4.15689e-40 -1.76281e-39  1.98763e-41  6.50076e-40  6.43428e-41 -1.77345e-40  9.28914e-42  -7.3749e-42  4.61756e-42  7.64213e-41  1.55012e-42  9.41057e-42  3.23581e-43 -3.24888e-42  2.24745e-42  7.66406e-43 -4.51223e-42 -1.89192e-42  8.10922e-42  3.76116e-42 -1.49526e-41 -6.46921e-42  2.64918e-41  1.04814e-41 -4.36794e-41 -1.61796e-41  6.53005e-41  2.28725e-41 -8.65344e-41 -2.89451e-41  9.96253e-41  3.20047e-41 -9.75663e-41 -2.99806e-41  7.91845e-41  2.28424e-41 -5.13534e-41 -1.33521e-41  2.51514e-41  5.45709e-42 -8.41493e-42 -1.31031e-42  1.52809e-42  1.13597e-43
-3.64762e-36  7.30713e-38  1.71421e-36 -2.14595e-36  4.62103e-35  5.39286e-36  1.55482e-34  3.17526e-36  2.43162e-34 -1.25294e-35  1.04772e-33 -3.58022e-35 -8.27685e-34  1.01028e-35 -8.89074e-34 -6.57381e-36   8.5863e-35 -6.16765e-35  4.49307e-33 -5.68458e-35  1.31891e-34 -8.67314e-36 -9.19908e-34  2.28223e-35 -4.35918e-34 -4.57763e-35  6.11006e-34 -3.24149e-35  2.93313e-34 -1.75895e-35 -6.21877e-34  3.90794e-35  1.75673e-34  1.65866e-35  3.86013e-34 -7.08369e-37 -2.82631e-34 -1.54557e-35 -4.56752e-36 -4.17318e-37   2.4249e-34  1.99271e-35  2.57064e-35 -6.35918e-36 -1.46873e-34  -2.8482e-36 -1.24868e-34  7.32311e-37  6.57586e-35  9.89438e-37  3.95104e-35 -3.95019e-36 -5.08107e-36  5.73623e-37 -4.57249e-35  7.30579e-37  2.67841e-35   1.3057e-36 -8.78624e-36 -3.12623e-37  1.61553e-36 -2.41705e-37 -1.06664e-35  4.90072e-37  3.27188e-36  4.73086e-38 -1.73133e-36  3.29962e-38  6.77506e-38 -3.20434e-38   4.4945e-37 -4.07237e-39  8.56788e-38  1.00317e-38 -6.65921e-38  1.78651e-39 -9.60594e-39  8.95041e-40  1.76694e-39  1.69913e-39   9.3211e-39 -9.41479e-40 -2.99761e-39  5.22593e-40 -1.96307e-39  2.21684e-41  5.76136e-40   7.7915e-41 -1.78858e-40  9.41234e-42 -2.54332e-41  5.51866e-42  9.73204e-41  2.87934e-42   7.3107e-42 -3.18234e-42 -3.93938e-42  1.09309e-41  4.10195e-42 -2.37073e-41 -1.08429e-41  4.77739e-41  2.16396e-41 -9.04967e-41 -3.93267e-41  1.56631e-40  6.61437e-41 -2.43729e-40 -1.01842e-40  3.36278e-40  1.40572e-40 -4.05546e-40 -1.70327e-40  4.20447e-40  1.76598e-40 -3.66795e-40 -1.51509e-40  2.61378e-40  1.02616e-40 -1.45519e-40 -5.10781e-41  5.87995e-41  1.65223e-41  -1.4915e-41 -2.65898e-42  1.53423e-42
-7.14676e-38 -8.02209e-36  3.27482e-38  2.00695e-36 -3.76971e-36  4.62209e-35  8.62885e-36  1.60039e-34  2.97817e-36  3.75033e-34 -1.26843e-35  1.12945e-33  -4.6246e-35 -7.14961e-34  1.11839e-35 -8.87269e-34 -8.83843e-36    1.351e-34 -5.68458e-35   4.1208e-33 -4.98034e-35  8.69501e-35 -8.35804e-36 -1.03102e-33  3.04353e-35 -4.67359e-34 -3.78956e-35  8.04366e-34 -3.44788e-35  6.25375e-35 -2.29192e-35 -8.57205e-34  3.71904e-35  2.45645e-34  1.76267e-35  6.11722e-34  1.55578e-36 -4.18714e-34 -1.40971e-35  1.36658e-35 -1.51529e-36   2.6902e-34  2.19628e-35   2.7414e-36 -2.88443e-36 -1.61766e-34 -2.24351e-36 -1.63051e-34  3.87382e-37  8.45679e-35  2.62048e-37  4.54757e-35 -4.34363e-36 -2.40779e-36  7.32532e-37  -5.6353e-35  8.53369e-37  3.21151e-35  1.45636e-36 -1.13211e-35 -3.35261e-37  2.48863e-36 -3.30884e-37 -1.13374e-35  6.03691e-37  3.00077e-36  4.82671e-38 -2.16188e-36   3.8303e-38  5.63837e-38 -3.49712e-38  5.28107e-37 -4.87728e-39    5.751e-38  1.36036e-38 -6.83186e-38  1.47249e-39   3.2317e-39  2.48342e-40  9.20391e-40  1.79644e-39  1.21567e-38 -1.06805e-39  -3.6435e-39  6.27016e-40 -2.08677e-39  1.69169e-41  4.22608e-40  9.29255e-41 -1.42409e-40  1.19776e-41 -5.35462e-41  3.11387e-42  1.21653e-40  1.25593e-41    6.019e-42 -2.79272e-41 -1.47212e-41  6.89714e-41  3.25613e-41 -1.48218e-40 -7.37701e-41  2.91071e-40  1.46102e-40 -5.20069e-40 -2.65295e-40  8.35784e-40  4.38898e-40 -1.19601e-39 -6.52401e-40  1.50695e-39  8.55998e-40 -1.64877e-39 -9.70303e-40  1.53841e-39  9.23993e-40 -1.19415e-39 -7.11218e-40  7.43859e-40  4.18049e-40 -3.51429e-40 -1.71185e-40  1.13881e-40  4.10483e-41 -2.01061e-41 -3.54206e-42
 4.25285e-36 -1.28539e-37  -1.0233e-35 -1.55042e-37  3.07773e-36 -5.83409e-36  2.48359e-35  1.23011e-35  1.37232e-34  2.19308e-36  5.02202e-34 -1.27975e-35  1.10369e-33 -5.49883e-35 -5.88831e-34  1.17378e-35 -8.69409e-34 -9.24857e-36  1.31891e-34 -4.98034e-35  3.86042e-33 -4.25534e-35  1.54647e-35 -9.26508e-36 -1.20459e-33  3.81982e-35 -4.94374e-34 -3.05915e-35  1.09028e-33 -3.46364e-35 -2.52771e-34 -2.82068e-35 -1.08575e-33  3.37155e-35   3.0588e-34  1.68128e-35   8.7326e-34   3.4639e-36 -5.76927e-34 -1.12468e-35  4.56366e-35 -2.94531e-36  2.73905e-34  2.36713e-35 -3.77442e-35  2.69538e-36 -1.63367e-34 -9.18351e-37 -2.07013e-34  8.10629e-38  1.05494e-34 -5.97918e-37   4.5203e-35  -4.7082e-36  6.83146e-37  8.24573e-37 -6.48189e-35  9.90733e-37  3.68532e-35  1.55479e-36 -1.38046e-35 -3.38911e-37  3.30491e-36 -4.10908e-37 -1.14778e-35  7.13203e-37  2.45741e-36   4.0446e-38 -2.56303e-36  3.97212e-38  2.00613e-38 -3.62945e-38  5.88783e-37 -5.50226e-39  3.67711e-38  1.72146e-38 -7.40806e-38  1.26794e-39  1.93886e-38 -5.87073e-40  5.49967e-40  1.80054e-39  1.52423e-38 -1.17025e-39 -4.59343e-39  7.19314e-40  -2.0959e-39  1.20974e-42   1.7577e-40  1.06617e-40 -6.09596e-41  2.45365e-41 -8.88255e-41 -2.28427e-41  1.37686e-40  8.15238e-41  3.52785e-41 -1.93099e-40 -1.08477e-40  4.30588e-40  2.50377e-40 -8.69674e-40 -5.32597e-40  1.59492e-39  1.02974e-39 -2.64056e-39 -1.81344e-39  3.91433e-39  2.87698e-39 -5.14609e-39 -4.05248e-39  5.92874e-39  4.97643e-39 -5.89313e-39 -5.20284e-39  4.94867e-39  4.48446e-39 -3.40788e-39 -3.04284e-39  1.84052e-39  1.51365e-39 -7.24036e-40  -4.8806e-40  1.79406e-40  7.80326e-41 -1.80836e-41
 5.48846e-38  1.00058e-35 -1.56508e-37 -5.61932e-36 -5.24978e-37  5.39248e-36 -8.10888e-36 -1.45518e-35  1.59681e-35  9.28309e-35  1.22877e-36  6.04771e-34 -1.34428e-35  9.83684e-34  -6.0443e-35 -4.86266e-34  1.32434e-35 -8.70926e-34 -8.67314e-36  8.69501e-35 -4.25534e-35  3.77437e-33 -3.66671e-35 -7.16713e-35 -1.15993e-35 -1.42804e-33  4.43795e-35  -5.1198e-34 -2.40101e-35  1.45256e-33 -3.25084e-35  -6.5463e-34 -3.40337e-35 -1.26608e-33  2.93082e-35  3.36329e-34  1.43199e-35  1.15377e-33  4.69097e-36 -7.40478e-34 -6.92554e-36  8.78891e-35 -5.19112e-36  2.54716e-34  2.50625e-35 -1.00035e-34  1.03387e-35 -1.49659e-34  1.29245e-36 -2.56647e-34 -2.59819e-38  1.29472e-34 -1.52825e-36   3.6429e-35 -5.01699e-36  3.63242e-36  7.85815e-37 -6.95351e-35  1.11545e-36   4.0436e-35  1.58951e-36 -1.59354e-35 -3.23189e-37   3.9851e-36 -4.80645e-37  -1.1025e-35  8.11838e-37   1.6778e-36  2.09745e-38 -2.90426e-36  3.60583e-38  -4.4661e-38 -3.59733e-38  6.22279e-37 -5.67783e-39   2.9649e-38   2.0581e-38 -8.49844e-38  1.32857e-39  3.75277e-38 -1.55481e-39  1.36201e-39  1.67053e-39  1.82417e-38  -1.2274e-39 -5.88027e-39  7.87668e-40 -1.96923e-39 -2.21741e-41 -1.56063e-40  1.00051e-40  5.38738e-41  9.76259e-41 -9.58599e-41  -2.0297e-40  5.06607e-41  5.17854e-40  3.32522e-40 -1.16479e-39 -8.45338e-40  2.40768e-39  1.88117e-39 -4.52974e-39 -3.84123e-39  7.72331e-39  7.14899e-39 -1.18565e-38 -1.20298e-38  1.62512e-38  1.80776e-38 -1.96797e-38 -2.38821e-38  2.07704e-38  2.71791e-38 -1.87636e-38 -2.59296e-38  1.41515e-38  1.99605e-38  -8.5941e-39  -1.1714e-38  3.97098e-39  4.77934e-39 -1.26231e-39  -1.1385e-39   2.1924e-40  9.70928e-41
-1.02383e-37  1.28169e-37  1.55964e-35 -1.64174e-37  9.55356e-36 -1.05797e-36  9.79133e-36 -1.02423e-35 -6.01024e-35  1.92248e-35  4.10301e-35  4.91804e-37  6.69032e-34 -1.49942e-35  8.12633e-34 -6.17727e-35 -4.28298e-34  1.68466e-35 -9.19908e-34 -8.35804e-36  1.54647e-35 -3.66671e-35  3.89779e-33 -3.29357e-35  -1.7196e-34 -1.47557e-35 -1.67732e-33  4.75559e-35 -5.28902e-34 -1.73242e-35  1.87287e-33 -2.79631e-35 -1.12881e-33 -4.14865e-35 -1.35809e-33  2.48036e-35  3.17993e-34  1.07518e-35  1.43606e-33  4.91025e-36 -8.90227e-34 -1.31681e-36  1.35956e-34 -8.91075e-36  2.15847e-34  2.60966e-35 -1.87265e-34  1.97225e-35 -1.21861e-34  4.47544e-36 -3.11104e-34  2.38336e-37  1.57256e-34 -2.48877e-36  1.80989e-35 -5.24817e-36  5.91102e-36  5.52338e-37 -6.92179e-35     1.19e-36  4.23515e-35  1.55732e-36 -1.74293e-35 -2.92608e-37  4.46643e-36 -5.43369e-37  -9.9856e-36  8.94377e-37  7.31423e-37 -1.10547e-38 -3.15851e-36  2.66675e-38 -1.39725e-37 -3.41395e-38  6.22263e-37 -5.09915e-39  3.98145e-38  2.34595e-38 -1.00705e-37  1.80249e-39   5.5775e-38 -2.57042e-39  4.03941e-39  1.36269e-39  2.07485e-38 -1.21813e-39 -7.46093e-39  8.08825e-40 -1.72924e-39 -1.29452e-41 -5.08548e-40 -4.65488e-41  9.21442e-41  5.38314e-40  2.10646e-40  -1.2739e-39 -8.86501e-40  2.94057e-39  2.73311e-39 -6.19935e-39 -6.41157e-39  1.19648e-38  1.37149e-38 -2.10196e-38 -2.68481e-38  3.34177e-38  4.77008e-38 -4.77251e-38 -7.61096e-38  6.06546e-38  1.07576e-37 -6.77835e-38 -1.32346e-37  6.55715e-38   1.3845e-37 -5.37569e-38 -1.19272e-37  3.62502e-38  8.07892e-38 -1.92259e-38 -4.00534e-38  7.44731e-39  1.28392e-38 -1.82173e-39 -2.03181e-39  1.81716e-40
-2.24607e-38  1.51649e-36  2.41678e-37  1.82708e-35 -1.73459e-37  3.47556e-35 -1.71313e-36  1.63092e-35 -1.18392e-35 -9.64879e-35  2.18865e-35  -3.6751e-36  6.77049e-38  6.91573e-34  -1.7562e-35  6.47084e-34 -5.90849e-35 -4.16201e-34  2.28223e-35 -1.03102e-33 -9.26508e-36 -7.16713e-35 -3.29357e-35  4.24374e-33 -3.13156e-35 -2.90643e-34 -1.76889e-35 -1.91832e-33  4.70263e-35 -5.65082e-34 -8.82478e-36  2.33085e-33 -2.10773e-35 -1.64382e-33 -5.17094e-35 -1.33289e-33  2.09906e-35  2.38788e-34  7.11474e-36  1.70534e-33  3.74786e-36 -1.00929e-33  5.22538e-36  1.87225e-34 -1.48044e-35  1.68479e-34  2.66585e-35 -3.00286e-34  3.02381e-35 -8.45868e-35  8.60442e-36 -3.68662e-34  1.00776e-36  1.89022e-34 -3.46566e-36 -9.21425e-36  -5.3942e-36  7.09558e-36  7.77545e-38 -6.31934e-35  1.17397e-36  4.22653e-35  1.46173e-36 -1.80722e-35 -2.56186e-37  4.71059e-36  -6.0536e-37 -8.43979e-36  9.57595e-37 -2.91088e-37 -5.38095e-38 -3.30608e-36  1.14627e-38 -2.64792e-37 -3.09884e-38  5.87133e-37 -3.48359e-39  6.73169e-38  2.57062e-38 -1.19321e-37   2.8009e-39  7.19547e-38 -3.52414e-39  9.06491e-39  8.35942e-40  2.23249e-38 -1.10455e-39 -9.16231e-39  6.85126e-40 -1.52777e-39  2.86027e-40 -5.41989e-40 -1.00963e-39  -7.8618e-40  2.98552e-39  3.08578e-39 -6.91038e-39 -8.43705e-39  1.49134e-38  2.09293e-38 -2.95356e-38 -4.68288e-38   5.3486e-38  9.60588e-38 -8.80705e-38 -1.79586e-37   1.3098e-37  3.03098e-37 -1.74472e-37 -4.56298e-37  2.05958e-37  6.03366e-37 -2.12521e-37 -6.86789e-37  1.88231e-37   6.5485e-37 -1.39561e-37 -5.03355e-37  8.35335e-38   2.9457e-37 -3.81349e-38 -1.19599e-37  1.20052e-38  2.82488e-38 -2.06948e-39 -2.37203e-39
