 2.45662e-35 -4.66121e-51 -3.46747e-35  2.19501e-50 -1.11702e-35  2.01874e-50  2.20354e-35 -4.91524e-50  3.63664e-36 -1.80453e-51 -1.41162e-35 -1.22932e-51    7.784e-36  1.12319e-50 -1.03755e-36  5.33292e-52 -1.61842e-36 -5.14023e-51  1.64609e-36  1.00444e-51 -1.16502e-36  4.08015e-51  9.47043e-37 -4.43426e-52  -5.2681e-37 -1.05629e-50  2.62817e-37 -8.56946e-51 -8.52798e-38 -8.04356e-51  8.65498e-39  7.47304e-50 -2.55239e-38 -2.05276e-50  3.40872e-39  3.77518e-49  2.48866e-39   6.7354e-49  2.50756e-39   6.4669e-48  7.94339e-41  8.88329e-48  2.04445e-40  1.78122e-47 -6.20952e-41  2.68035e-47 -2.04302e-40  3.12641e-47  -8.3869e-41  7.99225e-47  1.28969e-40  1.28349e-46 -7.45499e-41  2.10501e-46   3.7826e-41  3.18059e-46 -1.00644e-41  3.85552e-46  1.25913e-42  4.59514e-46 -1.82744e-42   5.2408e-46  9.97224e-43   2.4563e-46  1.23699e-43  2.92559e-46 -1.20889e-44  2.37294e-47 -2.42596e-44  4.57669e-47  1.14692e-44 -2.50852e-47   4.8989e-46  1.33086e-47  7.33558e-46 -1.21788e-47  2.81864e-46  1.33869e-48 -1.07605e-45  -9.5822e-48  2.62526e-46 -1.96413e-48  2.73098e-47  -3.0291e-48 -2.85345e-47  2.84991e-50 -6.83348e-49 -7.58292e-50  5.09195e-48 -1.04764e-49 -1.52363e-48 -2.28902e-50   2.5654e-49 -3.58256e-51  5.79777e-51 -1.93845e-51  -1.6257e-50 -1.02066e-51  6.05153e-51 -2.93093e-52  -3.2504e-51  -3.3356e-53  1.85067e-51  1.76081e-53 -4.03921e-52  8.25855e-54  4.63026e-53  3.37629e-55 -5.51876e-54  1.09328e-55 -1.96708e-54  2.82475e-57  6.59384e-55 -9.95958e-57 -8.72359e-56  8.07485e-58  6.15926e-57 -2.64349e-59 -1.24928e-57  1.09504e-59  7.85647e-58   -1.067e-60 -2.93466e-58  3.81013e-61  5.85856e-59 -3.87546e-62
-4.66121e-51   8.6683e-35 -2.63525e-50 -8.51176e-35  6.90751e-50 -9.01269e-36  8.13246e-50  2.26713e-35 -9.47313e-50  1.46329e-35 -4.71919e-50 -2.52614e-35 -1.64369e-50  1.60337e-35  2.85728e-50 -5.04195e-36  2.15509e-51 -8.84253e-37  -1.2043e-50  2.21997e-36  3.53534e-51 -2.36063e-36  6.57299e-51  2.47563e-36 -2.10609e-50 -1.45155e-36 -1.37335e-49  7.48355e-37 -1.21573e-49 -2.28638e-37 -9.03869e-50 -8.75655e-39  8.65609e-49 -3.62804e-38 -1.13442e-49 -1.51681e-38  4.61395e-48  1.36367e-38  5.53979e-48  4.49836e-39  6.18883e-47  4.00647e-39   7.5657e-47  2.65193e-41  1.59529e-46 -6.51184e-40  2.27263e-46 -5.86498e-40  2.67067e-46 -1.58803e-40  7.23613e-46  3.90804e-40  1.09834e-45 -2.42961e-40  1.74533e-45  1.30115e-40  2.55025e-45  -3.5375e-41  2.97863e-45  1.09867e-42  3.36438e-45 -3.07508e-42  3.84952e-45  2.61383e-42   1.5486e-45  6.57804e-43  2.02862e-45  -1.8191e-43  7.29335e-47 -1.06418e-43  2.44722e-46  5.44804e-44 -1.74966e-46  1.11261e-44  6.10064e-47 -1.21408e-45 -6.16504e-47  2.78963e-45  1.27926e-47 -5.00096e-45 -4.76753e-47  1.15932e-45 -8.97301e-48  1.28679e-46 -1.35289e-47 -1.13723e-46 -5.18922e-49 -1.00085e-48 -4.27451e-49  1.69336e-47 -5.29575e-49  -5.3621e-48 -8.72143e-50  1.14578e-48 -1.28506e-50  1.35406e-50 -6.62269e-51 -4.22514e-50 -4.72213e-51  1.56792e-50 -1.31886e-51 -1.22452e-50  -8.9465e-53  7.15209e-51  5.12424e-53 -1.57184e-51  3.10399e-53  1.64471e-52  1.47983e-56 -1.24617e-53  4.37044e-55 -7.58038e-54  2.31956e-56  2.18336e-54 -3.05389e-56 -2.84388e-55  2.16595e-57  4.00093e-56 -1.81944e-58 -1.61097e-56  4.94715e-59  7.30046e-57 -9.59596e-60 -2.05389e-57  1.65862e-60  2.37289e-58
-3.46747e-35 -2.63525e-50  1.72606e-34  -8.1767e-50  -1.3674e-34  1.27178e-49  6.60302e-36  1.85587e-49    1.054e-35 -1.05395e-49  2.07239e-35 -1.32859e-49 -3.01215e-35 -4.47814e-50  2.36171e-35   4.3521e-50 -1.11066e-35  6.99617e-52  2.27531e-36  -1.9745e-50   1.2171e-36  9.60918e-51 -3.17723e-36 -2.88067e-50  4.65114e-36 -2.46368e-49 -2.96515e-36 -1.24955e-48  1.56188e-36  -1.2169e-48 -4.39368e-37 -7.40307e-49 -8.69168e-38  6.65074e-48  -1.1441e-39 -9.70475e-49 -8.50464e-38  3.64851e-47  4.57897e-38  2.19619e-47  6.92948e-40  4.00773e-46   1.6033e-38  4.17913e-46 -4.59865e-40  9.61519e-46 -2.58847e-39  1.32735e-45 -1.22198e-39  1.55249e-45 -1.86529e-40  4.54942e-45  9.29007e-40  6.47912e-45  -5.9319e-40  9.92103e-45  3.23016e-40  1.40467e-44  -9.0839e-41  1.57376e-44 -4.33194e-42  1.67641e-44  2.01202e-43  1.94442e-44  4.52201e-42  6.56095e-45  2.22371e-42  9.72638e-45 -7.85729e-43 -4.90014e-48 -3.11627e-43  8.99042e-46  1.65173e-43 -7.97847e-46   4.5777e-44  1.82621e-46 -8.06723e-45 -2.19472e-46  1.01988e-44  6.70909e-47 -1.48992e-44  -1.6444e-46  3.22522e-45 -2.85008e-47  4.27214e-46 -4.12982e-47  -3.2073e-46 -4.00071e-48  8.01378e-48 -1.60494e-48  3.83993e-47 -1.83307e-48  -1.3405e-47 -2.15811e-49  3.75586e-48 -2.18735e-50 -5.12287e-50  -1.4465e-50 -3.27685e-50 -1.55586e-50  1.89417e-50 -3.98155e-51 -3.21705e-50 -1.70147e-52  1.92909e-50  9.39045e-53 -4.25204e-51  7.99317e-53  4.08598e-52 -3.02085e-54 -1.52165e-53  1.18119e-54 -1.95942e-53  8.30522e-56  5.12546e-54 -6.34843e-56 -8.24399e-55  4.45161e-57  2.49587e-55 -7.16626e-58 -1.15201e-55  1.88944e-58  4.14886e-56 -3.42067e-59 -8.23079e-57  2.50686e-60
 2.19501e-50 -8.51176e-35  -8.1767e-50  2.48285e-34 -1.70205e-49 -1.75166e-34  1.58825e-49  2.45803e-35  2.96759e-49  3.14355e-36 -7.27449e-50  1.58265e-35 -2.34033e-49 -3.01769e-35 -7.45941e-50  2.98874e-35  5.29206e-50  -1.8399e-35 -4.47908e-51  7.13307e-36 -3.15699e-50 -1.30581e-36  2.00379e-50 -3.28048e-36 -3.97062e-49   7.4499e-36 -2.03411e-48 -5.05272e-36 -8.98946e-48  2.60107e-36 -9.58215e-48 -6.57596e-37 -5.08349e-48 -2.54184e-37  3.86373e-47   1.2006e-37 -1.36993e-47 -2.44925e-37  2.15463e-46  1.16411e-37 -2.31716e-47 -1.80753e-38  2.01309e-45  3.94178e-38  1.64671e-45 -1.59016e-40  4.46342e-45 -7.27629e-39  6.15215e-45 -1.84787e-39  7.05172e-45 -3.31867e-40  2.29226e-44  2.02505e-39  3.04904e-44 -1.25952e-39  4.46374e-44  6.69458e-40   6.1509e-44 -1.94139e-40  6.56929e-44 -2.16595e-41  6.56259e-44  1.51766e-41  7.80691e-44  5.54844e-42  2.13448e-44  5.91712e-42  3.72127e-44 -2.34449e-42 -1.08306e-45 -6.67327e-43  2.62386e-45  3.68836e-43 -2.76745e-45   1.2325e-43   4.0124e-46 -1.82585e-44 -6.36641e-46  2.43423e-44  2.55139e-46 -3.37229e-44 -4.53922e-46  6.50615e-45 -7.27367e-47  1.20538e-45 -9.91921e-47 -7.63302e-46 -1.69215e-47  6.14103e-47 -4.78667e-48  6.62852e-47 -5.02809e-48 -2.75537e-47 -3.84669e-49   1.0274e-47  8.45909e-51 -5.03312e-49 -2.14886e-50  1.84926e-49 -4.19538e-50 -1.89368e-50 -9.37068e-51 -6.82346e-50 -2.82065e-52   4.1928e-50  1.09098e-52 -9.14787e-51  1.63162e-52  8.02503e-52  -1.2062e-53 -1.60738e-54  2.47327e-54 -4.08967e-53  2.05141e-55  1.11944e-53 -1.05797e-55 -3.06781e-54  9.42925e-57  1.40185e-54 -2.26313e-57 -5.92428e-55  4.97451e-58  1.64685e-55  -4.7377e-59 -1.89004e-56
-1.11702e-35  6.90751e-50  -1.3674e-34 -1.70205e-49   2.9725e-34 -2.59346e-49 -1.98075e-34  1.43582e-49  3.41871e-35  3.66022e-49  6.14789e-36 -3.08831e-50  6.84706e-36 -3.22779e-49  -3.0514e-35 -9.64634e-50  3.54161e-35  6.10348e-50 -2.55952e-35  -7.5269e-51  1.11888e-35 -8.80703e-50   -4.317e-36  1.45438e-50 -2.83152e-36 -3.09977e-48  1.08436e-35  -1.3735e-47 -7.37706e-36 -5.41334e-47  3.49992e-36 -6.29835e-47 -7.82121e-37 -3.11379e-47  -4.9043e-37  1.74975e-46   3.5007e-37 -1.54069e-46 -5.24244e-37  9.94998e-46  2.41064e-37 -1.08539e-45 -6.01955e-38  8.22779e-45   7.2626e-38  4.23992e-45  3.60131e-39  1.66565e-44 -1.68172e-38  2.39455e-44 -1.39625e-39  2.63001e-44 -1.25598e-39  9.80968e-44  4.16453e-39  1.21653e-43 -2.45322e-39  1.68518e-43  1.23043e-39  2.27613e-43  -3.6412e-40  2.29875e-43 -5.88321e-41  2.13881e-43   4.9843e-41  2.64567e-43  4.09206e-42  5.55363e-44  1.34825e-41  1.20446e-43 -5.81173e-42 -6.08813e-45   -1.011e-42  6.46552e-45  6.21374e-43 -7.75478e-45  2.71757e-43  6.45919e-46 -2.39029e-44 -1.60191e-45  4.36194e-44  7.81749e-46 -6.19001e-44  -1.0634e-45  9.50489e-45 -1.58032e-46  3.07996e-45 -1.97942e-46 -1.65501e-45 -5.27816e-47  2.49128e-46 -1.22626e-47  8.47389e-47 -1.16074e-47 -4.90614e-47 -4.67597e-49   2.4417e-47   1.8615e-49 -2.17628e-48 -1.61069e-50  1.00871e-48 -9.77101e-50 -1.68378e-49 -1.82841e-50 -1.24403e-49 -4.59589e-52  7.77276e-50  2.77295e-53 -1.64467e-50  2.79792e-52  1.28611e-51 -3.00608e-53  5.30266e-53  4.21042e-54  -8.3327e-53  4.16057e-55   3.0783e-53 -1.60447e-55 -1.38152e-53  2.15399e-56  6.60154e-54 -4.83967e-57  -2.3281e-54     4.31e-58  4.58147e-55  6.34569e-59
 2.01874e-50 -9.01269e-36  1.27178e-49 -1.75166e-34 -2.59346e-49  3.25065e-34 -3.02406e-49 -2.10238e-34  1.07759e-49  3.68262e-35  3.66336e-49  1.04309e-35 -2.73378e-50  3.70745e-36 -3.83358e-49 -3.42929e-35  -1.0768e-49  4.06196e-35  6.75111e-50 -2.99903e-35 -1.20648e-50  1.10141e-35 -5.20764e-49 -6.49555e-36 -3.04403e-49 -2.46313e-36 -1.99113e-47  1.46429e-35 -7.97752e-47 -9.21808e-36 -2.81922e-46  3.68358e-36  -3.5869e-46  -7.2936e-37 -1.75911e-46 -7.06804e-37   5.9389e-46  6.70138e-37 -1.29414e-45 -9.17427e-37  3.57727e-45  4.22399e-37 -9.88074e-45 -1.25737e-37  2.77345e-44  1.05608e-37  1.72706e-45  1.50072e-38  4.99652e-44 -3.40329e-38  8.06738e-44  2.47444e-39  8.18426e-44 -4.24029e-39  3.67885e-43  7.96692e-39  4.25802e-43  -4.4574e-39  5.50765e-43  2.07047e-39  7.36697e-43  -6.1988e-40  6.96621e-43 -1.21946e-40  5.98342e-43  1.08637e-40  7.82499e-43 -9.10135e-43  1.15005e-43  2.74413e-41  3.40469e-43 -1.28943e-41 -2.22605e-44 -7.42506e-43   1.3927e-44   7.1621e-43 -1.80499e-44  5.46429e-43  6.44087e-46 -1.52257e-44  -3.6243e-45  6.16292e-44  2.03642e-45 -9.43826e-44 -2.18309e-45   7.8621e-45 -3.00708e-46  7.20925e-45 -3.36575e-46 -3.36401e-45 -1.33813e-46  7.47479e-46 -2.81313e-47  5.56788e-47 -2.33058e-47 -7.64958e-47 -2.04051e-49  5.13573e-47  7.23119e-49 -6.73137e-48  2.22619e-50  3.11493e-48    -2.02e-49 -5.30184e-49   -3.058e-50 -2.02491e-49 -7.42975e-52  1.26433e-49 -2.37274e-52 -2.52168e-50  4.14911e-52  1.62223e-51 -5.70503e-53  2.41668e-52  5.89388e-54 -2.17444e-52  7.74152e-55  1.14803e-52 -2.39518e-55 -6.01222e-53   3.3986e-56  2.55185e-53  2.17972e-58 -7.01833e-54 -2.55245e-57  7.98901e-55
 2.20354e-35  8.13246e-50  6.60302e-36  1.58825e-49 -1.98075e-34 -3.02406e-49  3.43524e-34 -2.73143e-49 -2.20893e-34  1.06975e-49  4.28451e-35  3.00771e-49  4.59053e-36 -8.78416e-50  1.01919e-35 -4.10717e-49 -4.12294e-35 -8.68746e-50  4.45599e-35 -3.16192e-51 -2.78874e-35  -2.2021e-49  4.33421e-36 -3.67621e-48 -6.99373e-36 -3.56298e-48 -3.11913e-36  -1.1206e-46  1.83496e-35 -4.08872e-46 -9.61019e-36 -1.29657e-45  2.57102e-36 -1.81464e-45 -5.00412e-37 -9.30208e-46 -7.69844e-37  1.16227e-45  1.00478e-36  -8.6286e-45 -1.36236e-36  9.13648e-45  6.40645e-37 -6.20485e-44 -1.98459e-37  7.57912e-44  1.17499e-37  -5.5664e-44  3.91632e-38  1.13305e-43  -6.2297e-38   2.3989e-43  1.34521e-38  2.10035e-43 -1.09466e-38  1.23268e-42  1.39509e-38   1.3367e-42 -7.56093e-39  1.58784e-42   3.2452e-39  2.13294e-42 -9.83383e-40  1.86631e-42  -2.1094e-40  1.46237e-42  1.87627e-40  2.06403e-42  -8.6526e-42  1.75328e-43  5.11367e-41  8.57491e-43 -2.64429e-41 -6.34733e-44  1.46404e-42  2.68359e-44  1.79113e-43 -3.51757e-44  1.05698e-42  -1.2751e-46  6.53268e-45 -7.54938e-45  6.90304e-44  4.65422e-45  -1.1852e-43 -4.00753e-45  -6.5664e-45 -5.07385e-46  1.53601e-44 -4.91891e-46 -6.41347e-45 -2.89178e-46  1.83874e-45 -5.90199e-47 -9.38735e-47 -4.15449e-47 -1.01618e-46  7.44341e-49   9.6807e-47  1.94925e-48 -1.68029e-47  1.20045e-49  7.37153e-48 -3.76604e-49 -1.19964e-48 -4.48214e-50 -3.02379e-49 -1.07049e-51  1.82934e-49  -7.5288e-52 -3.28555e-50  5.40153e-52   1.0901e-51 -8.78931e-53  1.00861e-51  6.66489e-54 -7.76101e-52  1.26976e-54  4.63324e-52 -2.20984e-55 -2.28167e-52 -6.20255e-56  8.00916e-53  5.37621e-56 -1.56193e-53 -1.09269e-56
-4.91524e-50  2.26713e-35  1.85587e-49  2.45803e-35  1.43582e-49 -2.10238e-34 -2.73143e-49  3.64352e-34 -1.79613e-49 -2.40931e-34  1.78998e-49  6.08883e-35  1.88272e-49 -1.53491e-35 -1.95813e-49  2.34841e-35 -3.82316e-49 -4.92432e-35  1.05929e-49  4.50366e-35 -8.03512e-49  -1.6509e-35 -2.59585e-48 -8.12751e-36 -2.41204e-47 -5.59555e-36 -2.74099e-47 -5.84341e-36 -5.64964e-46  2.11539e-35 -1.87903e-45 -7.64275e-36 -5.34201e-45 -1.41022e-37 -8.29937e-45 -2.25809e-37 -4.61347e-45 -5.57738e-37  -2.2865e-45  1.22221e-36 -4.79517e-44 -1.73686e-36  8.22972e-45  8.50783e-37 -3.14102e-43 -2.41087e-37  1.54372e-43  7.71195e-38 -4.03354e-43  8.13448e-38   1.3856e-43  -1.0513e-37  6.39462e-43  3.59438e-38  4.16387e-43 -2.27802e-38  3.73895e-42  2.21903e-38  3.82303e-42 -1.19257e-38    4.085e-42  4.77712e-39  5.61332e-42 -1.48371e-39  4.48342e-42 -3.16709e-40  3.15241e-42  2.72308e-40  4.93038e-42 -1.56464e-41  1.20802e-43  8.87448e-41  1.95059e-42  -5.0769e-41 -1.49699e-43  7.89539e-42  4.70201e-44 -1.81046e-42 -5.65677e-44  1.98953e-42 -2.29156e-45  1.18664e-44 -1.47099e-44  5.95694e-44  9.51809e-45 -1.14565e-43 -6.66988e-45 -4.53214e-44  -7.5906e-46  2.95708e-44 -6.13259e-46 -1.13575e-44 -5.47853e-46  3.90695e-45   -1.142e-46 -4.87456e-46 -6.66563e-47 -1.03366e-46  2.59576e-48  1.65247e-46  4.28865e-48 -3.57114e-47  3.00756e-49  1.45458e-47 -6.39495e-49 -2.20202e-48 -5.87269e-50 -4.22054e-49 -1.10112e-51  2.35409e-49 -1.51362e-51 -3.39269e-50  6.22013e-52   -2.903e-51 -1.12942e-52  4.28571e-51  6.74168e-54 -3.04451e-51  5.32379e-55  1.72223e-51  1.00246e-54 -7.31846e-52 -7.71546e-55  1.99731e-52   2.4093e-55 -2.25165e-53
 3.63664e-36 -9.47313e-50    1.054e-35  2.96759e-49  3.41871e-35  1.07759e-49 -2.20893e-34 -1.79613e-49  3.98976e-34 -4.37375e-50 -2.77452e-34  3.16048e-49  9.05099e-35   5.4193e-50 -4.47145e-35  -2.3491e-49   3.8432e-35 -1.56297e-49 -5.68198e-35  1.04177e-48  4.02829e-35 -6.72007e-48  3.95895e-36 -2.08961e-47 -2.24408e-35 -1.41917e-46 -2.26494e-36 -1.69588e-46 -1.15239e-35  -2.5833e-45  2.21362e-35 -7.82772e-45 -2.80932e-36   -1.992e-44 -4.22473e-36  -3.4745e-44 -1.74379e-37 -2.13659e-44 -9.82321e-39 -3.79275e-44  1.15255e-36 -2.29567e-43 -1.87915e-36 -7.55349e-44   9.8862e-37 -1.35918e-42 -1.97054e-37  1.44825e-43 -5.28607e-38 -1.91911e-42  1.46437e-37 -3.11656e-43  -1.6553e-37  1.55368e-42  7.37586e-38  4.63176e-43 -4.00683e-38  1.03633e-41  3.20077e-38  1.00787e-41 -1.74275e-38  9.43949e-42  6.62336e-39  1.35899e-41 -2.15764e-39   9.7576e-42 -4.22537e-40  6.01018e-42  3.40744e-40  1.07887e-41 -1.65881e-41 -3.60766e-43  1.45416e-40  4.04709e-42 -9.17009e-41 -2.98235e-43  2.18672e-41  7.57742e-44 -6.42562e-42 -7.04158e-44  3.60102e-42 -6.11298e-45 -7.08089e-44 -2.70721e-44  3.94773e-44   1.7636e-44 -6.02986e-44 -1.01658e-44  -1.2085e-43 -9.91515e-46  5.12074e-44 -6.29317e-46 -1.85139e-44 -9.26868e-46  7.40765e-45 -2.04104e-46 -1.31387e-45 -9.71522e-47 -4.22942e-47  5.12251e-48   2.5772e-46  8.19297e-48 -6.65266e-47  5.72459e-49  2.48442e-47 -9.95381e-49 -3.42987e-48 -7.05487e-50 -5.51974e-49 -8.33602e-53  2.60174e-49 -2.40276e-51 -1.44063e-50  6.42052e-52 -2.04303e-50 -1.30449e-52  1.73496e-50  1.73606e-53 -1.11966e-50 -1.09962e-53  5.58542e-51  8.45833e-54 -1.94794e-51 -3.43942e-54  3.76277e-52  5.37882e-55
-1.80453e-51  1.46329e-35 -1.05395e-49  3.14355e-36  3.66022e-49  3.68262e-35  1.06975e-49 -2.40931e-34 -4.37375e-50   4.5602e-34  1.27124e-49 -3.29441e-34  4.86855e-49  1.22009e-34 -4.18289e-50  -7.4106e-35  3.61717e-49  5.14111e-35  8.71175e-49 -6.48974e-35  4.29059e-48  3.10523e-35 -4.30126e-47  2.98071e-35 -1.34365e-46 -3.31068e-35   -7.507e-46  3.39412e-36 -8.92508e-46 -2.06393e-35 -1.08042e-44   2.0626e-35  -2.9777e-44   4.7305e-36  -6.7711e-44 -8.81749e-36 -1.34321e-43 -7.23045e-37 -9.18641e-44  8.62074e-37 -2.42461e-43  6.21284e-37 -9.68538e-43 -1.62679e-36 -6.06481e-43  9.84561e-37 -5.18404e-42  4.50763e-41 -5.58643e-43 -3.08235e-37 -7.37447e-42   2.3845e-37 -2.93879e-42 -2.45111e-37  3.52091e-42  1.28536e-37 -8.07309e-43 -6.14532e-38  2.64356e-41  4.18807e-38  2.47133e-41 -2.35471e-38  1.96316e-41  8.64798e-39  3.05456e-41   -3.043e-39  1.93875e-41 -5.09984e-40  1.00764e-41   3.7232e-40  2.18209e-41 -7.60313e-42 -1.91592e-42  2.27639e-40  7.71479e-42 -1.56139e-40  -5.0028e-43  4.74972e-41   1.1309e-43 -1.50831e-41 -5.04856e-44  6.17396e-42 -1.07916e-44 -3.58826e-43 -4.72536e-44  3.74556e-44  2.98349e-44  6.01263e-44 -1.42974e-44 -2.41785e-43 -1.07973e-45  7.94889e-44 -4.69648e-46 -2.76352e-44 -1.41883e-45  1.28181e-44 -3.36483e-46 -2.82975e-45 -1.29384e-46  1.40027e-46  7.32305e-48  3.69873e-46  1.40383e-47  -1.1051e-46  9.16204e-49  3.74663e-47 -1.42597e-48 -4.64212e-48 -8.07403e-50 -6.45709e-49  3.08326e-51  1.96665e-49 -3.23527e-51  7.30576e-50  6.68777e-52 -8.82697e-50 -2.13867e-52  6.38687e-50  1.08514e-52 -3.65745e-50 -7.53231e-53  1.54829e-50  3.72008e-53 -4.18589e-51 -9.64253e-54  4.66522e-52
-1.41162e-35 -4.71919e-50  2.07239e-35 -7.27449e-50  6.14789e-36  3.66336e-49  4.28451e-35  1.78998e-49 -2.77452e-34  1.27124e-49  5.37975e-34  3.52963e-49 -3.88584e-34  7.32543e-49  1.41712e-34  1.50335e-49 -9.42014e-35  4.36147e-48  6.17303e-35  4.71918e-48 -7.73745e-35  1.05076e-47  2.12172e-35 -2.37978e-46  5.51494e-35 -7.37594e-46 -3.55316e-35 -3.59726e-45  1.22612e-35 -4.09961e-45 -3.31151e-35 -4.15903e-44  1.65603e-35 -1.03886e-43  1.40839e-35 -2.10735e-43 -1.25453e-35 -4.82387e-43 -2.28552e-36 -3.65015e-43  1.99949e-36 -1.16545e-42 -5.08546e-37 -3.66002e-42 -8.61133e-37 -2.95282e-42  7.81608e-37 -1.77641e-41  4.10597e-37 -4.02003e-42 -7.13445e-37 -2.44192e-41   3.5962e-37 -1.30068e-41 -3.43291e-37  7.70189e-42  1.98653e-37 -7.20709e-42 -8.39041e-38  6.24099e-41  4.96751e-38  5.67595e-41 -2.93796e-38  3.66264e-41  1.06156e-38  6.41881e-41  -4.1684e-39  3.53731e-41 -5.64388e-40  1.45466e-41  3.58631e-40  4.10844e-41   8.7743e-42 -5.64844e-42  3.43509e-40  1.35866e-41 -2.50802e-40  -6.7951e-43  8.90583e-41  1.56645e-43 -2.91938e-41  4.52836e-44  9.93999e-42 -1.37715e-44 -1.00548e-42 -7.81781e-44  1.10264e-43  4.62727e-44  2.45494e-43 -1.86735e-44 -4.06966e-43 -8.37637e-46  1.09974e-43 -9.79894e-47 -3.76903e-44 -1.98469e-45  2.05737e-44 -5.10555e-46 -5.33319e-45 -1.57842e-46  5.12118e-46  7.31708e-48  4.90885e-46  2.19987e-47 -1.65414e-46  1.28123e-48  5.04861e-47 -1.88446e-48 -5.62112e-48 -9.27583e-50 -5.03888e-49  9.70003e-51 -1.55954e-49 -4.14725e-51  3.95571e-49  1.21454e-51 -3.25856e-49 -8.09043e-52  2.09717e-49  5.80762e-52 -1.04155e-49 -3.26097e-52  3.59997e-50  1.15226e-52 -6.87317e-51 -1.64183e-53
-1.22932e-51 -2.52614e-35 -1.32859e-49  1.58265e-35 -3.08831e-50  1.04309e-35  3.00771e-49  6.08883e-35  3.16048e-49 -3.29441e-34  3.52963e-49  6.41473e-34  7.09171e-49 -4.44517e-34  1.52759e-48  1.38386e-34  1.74849e-48 -9.89529e-35  2.44127e-47  7.05955e-35  1.63235e-47 -9.95042e-35 -7.94189e-48  1.61446e-35 -1.17716e-45  7.41989e-35 -3.57595e-45 -2.79389e-35 -1.57328e-44  2.53097e-35 -1.66705e-44 -4.83619e-35 -1.48064e-43  1.06514e-35 -3.32846e-43  2.37912e-35  -6.0139e-43 -1.38676e-35 -1.61553e-42 -5.20209e-36  -1.3366e-42  3.33179e-36   -4.733e-42   -2.296e-36 -1.25388e-41  4.56707e-37 -1.14837e-41  3.53766e-37 -5.54172e-41  1.07028e-36 -1.58481e-41 -1.27229e-36 -7.18235e-41  5.08907e-37 -4.44676e-41 -4.57057e-37  1.69917e-41   2.7924e-37 -2.89765e-41   -1.035e-37  1.36986e-40  5.31652e-38   1.2277e-40 -3.37755e-38  6.05913e-41  1.22193e-38  1.26768e-40 -5.55039e-39  5.95208e-41 -5.71737e-40  1.70017e-41  3.10278e-40  7.24197e-41  1.91569e-41 -1.31447e-41  5.02001e-40  2.21987e-41 -3.79839e-40 -6.38076e-43  1.49848e-40  2.00737e-43 -4.97847e-41  2.67709e-43  1.49978e-41 -1.04139e-44 -2.17444e-42  -1.2209e-43  3.37033e-43  6.58793e-44  4.69778e-43 -2.27986e-44  -6.0032e-43 -4.24261e-47  1.33845e-43  4.52914e-46 -4.69409e-44 -2.55658e-45   3.0991e-44 -7.11259e-46  -9.0953e-45 -1.76115e-46  1.13313e-45  2.68775e-48  6.03791e-46  3.19116e-47 -2.24614e-46  1.59076e-48  6.14802e-47 -2.29864e-48 -6.70716e-48 -1.12845e-49  6.41153e-49  2.23029e-50 -1.49475e-48 -7.51701e-51  1.49478e-48  4.83202e-51 -1.07107e-48 -3.79955e-51  6.08152e-49  2.42434e-51 -2.55009e-49 -1.06518e-51  6.81295e-50  2.55565e-52 -7.48609e-51
   7.784e-36 -1.64369e-50 -3.01215e-35 -2.34033e-49  6.84706e-36 -2.73378e-50  4.59053e-36  1.88272e-49  9.05099e-35  4.86855e-49 -3.88584e-34  7.09171e-49  7.61077e-34  1.53415e-48 -4.90053e-34   5.4437e-48   1.0718e-34  9.46544e-48 -8.65676e-35  1.13396e-46   7.8809e-35  3.95245e-47 -1.34777e-34 -2.90322e-46  1.99772e-35 -5.29474e-45  8.30499e-35 -1.56295e-44 -1.18746e-35 -6.32257e-44  4.29996e-35 -6.04845e-44 -6.54632e-35  -4.8931e-43   4.2472e-36  -9.7719e-43  3.21812e-35 -1.56973e-42  -1.1545e-35  -5.0571e-42 -9.60936e-36 -4.50402e-42  4.78886e-36  -1.6977e-41 -4.69542e-36 -3.93064e-41  2.26775e-36 -3.84531e-41 -2.78077e-37 -1.58948e-40  1.97345e-36 -4.87803e-41  -1.9625e-36 -1.90915e-40  6.80616e-37 -1.30044e-40 -5.81792e-37  3.91947e-41  3.63421e-37    -8.99e-41 -1.16715e-37  2.80623e-40   5.0634e-38   2.5113e-40 -3.55544e-38  8.63032e-41  1.31427e-38  2.36183e-40 -7.20863e-39  9.26431e-41  -5.0146e-40  1.25661e-41  2.53901e-40  1.20053e-40 -1.42932e-42 -2.63128e-41  7.10037e-40  3.37559e-41 -5.41314e-40 -7.82084e-45  2.30685e-40  2.35712e-43 -7.70614e-41  6.57715e-43  2.12505e-41  5.82751e-45 -3.99352e-42 -1.78827e-43   7.9567e-43  8.59708e-44  6.83059e-43 -2.62635e-44 -7.89323e-43  1.51719e-45  1.38858e-43  1.05793e-45 -5.33926e-44 -3.05108e-45  4.41706e-44 -9.06932e-46 -1.42541e-44 -1.78266e-46  2.02749e-45   -8.671e-48  6.87878e-46  4.31641e-47 -2.78622e-46  1.75638e-48  6.96563e-47 -2.58106e-48 -1.04048e-47 -1.53947e-49  5.48104e-48  5.25585e-50 -6.06414e-48 -2.60332e-50  4.92135e-48  2.19407e-50 -3.14009e-48 -1.55088e-50  1.54243e-48  8.12668e-51 -5.26547e-49 -2.68384e-51  9.90727e-50  3.61819e-52
 1.12319e-50  1.60337e-35 -4.47814e-50 -3.01769e-35 -3.22779e-49  3.70745e-36 -8.78416e-50 -1.53491e-35   5.4193e-50  1.22009e-34  7.32543e-49 -4.44517e-34  1.53415e-48  8.92638e-34  4.45316e-48 -5.23056e-34  2.46976e-47  5.02754e-35  4.16797e-47 -5.90771e-35  4.72373e-46  8.51242e-35  2.61965e-47 -1.82325e-34 -2.23474e-45  3.37759e-35 -2.19052e-44  8.02017e-35 -6.24677e-44   8.6298e-36 -2.34866e-43  6.48502e-35 -1.96436e-43 -8.33909e-35 -1.50561e-42 -1.08622e-36 -2.60959e-42   3.7807e-35 -3.71434e-42 -5.07303e-36 -1.48147e-41 -1.53329e-35 -1.39559e-41  6.28433e-36 -5.50163e-41 -7.55278e-36 -1.13575e-40  4.41762e-36 -1.14536e-40 -1.03503e-36 -4.22419e-40  3.06373e-36 -1.27102e-40 -2.73709e-36 -4.63732e-40   8.6478e-37 -3.38851e-40 -7.13258e-37  9.49147e-41  4.44171e-37 -2.38978e-40 -1.21574e-37  5.38289e-40    4.126e-38  4.87309e-40 -3.36983e-38  9.74842e-41  1.31427e-38  4.16187e-40  -9.1978e-39  1.33607e-40 -2.79505e-40 -6.73365e-42  2.18355e-40  1.87824e-40 -8.42008e-41 -4.69954e-41  9.66804e-40  4.78821e-41 -7.23196e-40  1.76595e-42  3.28405e-40  2.48926e-43 -1.10039e-40  1.21746e-42  2.83711e-41  4.30526e-44 -6.48265e-42 -2.43682e-43  1.51951e-42  1.02352e-43   8.2485e-43 -2.90218e-44 -9.29394e-43  3.98241e-45  1.12333e-43  1.49872e-45 -5.55266e-44 -3.38813e-45  5.98875e-44 -1.05333e-45 -2.06999e-44 -1.60192e-46  3.16232e-45 -2.74453e-47   7.2508e-46  5.46521e-47 -3.21595e-46  1.68312e-48  8.16418e-47 -2.62432e-48 -2.62068e-47 -2.67709e-49  2.25907e-47  1.56954e-49 -2.03177e-47 -1.11554e-49  1.45218e-47  8.78943e-50 -8.15771e-48 -5.28632e-50  3.37552e-48  2.20318e-50 -8.88257e-49 -5.02554e-51  9.59137e-50
-1.03755e-36  2.85728e-50  2.36171e-35 -7.45941e-50  -3.0514e-35 -3.83358e-49  1.01919e-35 -1.95813e-49 -4.47145e-35 -4.18289e-50  1.41712e-34  1.52759e-48 -4.90053e-34  4.45316e-48  1.03369e-33  1.67358e-47 -5.45169e-34  1.12967e-46 -2.44108e-35  1.64165e-46 -2.16887e-35  1.79357e-45  8.67988e-35  -4.2226e-46 -2.36772e-34 -1.25758e-44  5.56787e-35 -8.40919e-44  6.60514e-35 -2.30817e-43  2.85681e-35 -8.10803e-43  8.93941e-35  -5.7019e-43 -1.01115e-34 -4.32517e-42 -4.10536e-36 -6.23499e-42  3.98318e-35 -7.79794e-42  5.07414e-36 -4.06377e-41 -2.18587e-35 -3.97248e-41  7.68834e-36  -1.6327e-40 -1.06289e-35 -3.04281e-40  6.67701e-36 -3.08812e-40 -1.77648e-36 -1.04678e-39  4.23609e-36 -2.88355e-40 -3.53389e-36 -1.03722e-39  1.05078e-36 -8.03736e-40 -8.50051e-37  2.34498e-40  5.15768e-37   -5.669e-40 -1.17964e-37  9.69576e-40  2.50699e-38  8.99042e-40  -2.7454e-38  5.97081e-41  1.21231e-38  6.94768e-40 -1.16371e-38  1.78552e-40  2.31659e-40 -5.20966e-41  2.15771e-40  2.78064e-40 -2.55546e-40 -7.64143e-41  1.25644e-39  6.34503e-41 -9.00403e-40  5.38309e-42  4.34942e-40  2.28375e-43 -1.46387e-40  1.87865e-42  3.57828e-41  1.11125e-43 -9.46066e-42  -3.0584e-43  2.44239e-42  1.10147e-43  8.48642e-43 -3.16816e-44  -9.7484e-43  7.37626e-45  4.57301e-44  1.49041e-45 -5.30428e-44 -3.50834e-45  7.74907e-44 -1.10449e-45 -2.79978e-44 -1.20532e-46  4.43294e-45 -5.20729e-47  7.16572e-46  6.49239e-47 -3.69574e-46  1.18871e-48  1.27597e-46 -2.18889e-48 -8.43436e-47 -6.90443e-49  7.65501e-47    5.658e-49 -6.05349e-47  -4.4101e-49  3.83467e-47  3.01378e-49  -1.8586e-47 -1.50183e-49  6.24495e-48  4.74239e-50 -1.15414e-48  -6.1107e-51
 5.33292e-52 -5.04195e-36   4.3521e-50  2.98874e-35 -9.64634e-50 -3.42929e-35 -4.10717e-49  2.34841e-35  -2.3491e-49  -7.4106e-35  1.50335e-49  1.38386e-34   5.4437e-48 -5.23056e-34  1.67358e-47  1.18175e-33    6.848e-47 -5.59638e-34   4.8957e-46 -1.05027e-34  5.90932e-46  1.75961e-35  6.21739e-45  8.22261e-35 -3.41998e-45 -2.90698e-34  -5.9751e-44  8.26731e-35 -3.01675e-43  4.20848e-35 -7.95643e-43  4.34129e-35 -2.61396e-42  1.14426e-34 -1.46726e-42 -1.17527e-34 -1.16318e-41 -4.36191e-36  -1.2834e-41  3.82612e-35  -1.3763e-41  1.74885e-35 -1.04393e-40 -2.84289e-35 -1.03678e-40  8.82143e-36 -4.47737e-40 -1.36445e-35  -7.5953e-40  8.77362e-36 -7.61519e-40 -2.30749e-36 -2.43161e-39  5.35278e-36 -5.73286e-40 -4.29193e-36 -2.14807e-39  1.23414e-36 -1.75863e-39 -9.95241e-37  5.69491e-40  5.73971e-37 -1.22536e-39 -1.06762e-37  1.64392e-39  2.45741e-39   1.5794e-39 -1.63316e-38 -8.61632e-41  1.01627e-38  1.09979e-39 -1.47048e-38  2.20683e-40   1.2237e-39 -1.37334e-40  2.28574e-40  3.90288e-40 -5.24183e-40 -1.14616e-40  1.54227e-39  7.85959e-41  -1.0349e-39  1.15832e-41   5.3758e-40  1.69715e-43  -1.8261e-40  2.48049e-42  4.26382e-41  2.23171e-43 -1.24566e-41 -3.48716e-43  3.35216e-42  1.05367e-43  7.50423e-43 -3.56919e-44 -8.94324e-43  1.15805e-44  -6.0665e-44  7.32843e-46 -4.72701e-44 -3.38312e-45  9.58522e-44 -1.02747e-45   -3.538e-44 -6.08004e-47  5.64436e-45 -7.89157e-47  7.29024e-46   7.2788e-47 -5.10086e-46 -4.65626e-49  3.05659e-46 -3.60904e-49 -2.70998e-46 -2.36921e-48  2.29894e-46   2.0721e-48 -1.61964e-46 -1.52081e-48  8.98799e-47  8.81169e-49 -3.65932e-47 -3.51617e-49  9.45342e-48  7.68333e-50 -1.00069e-48
-1.61842e-36  2.15509e-51 -1.11066e-35  5.29206e-50  3.54161e-35  -1.0768e-49 -4.12294e-35 -3.82316e-49   3.8432e-35  3.61717e-49 -9.42014e-35  1.74849e-48   1.0718e-34  2.46976e-47 -5.45169e-34    6.848e-47  1.33277e-33   2.7575e-46 -5.69952e-34  1.98838e-45 -1.77692e-34  1.94279e-45  4.85639e-35  1.95853e-44  7.37815e-35 -1.81952e-44 -3.38053e-34  -2.5202e-43  1.12571e-34 -1.01727e-42  1.03324e-35 -2.57894e-42  5.00935e-35 -7.90549e-42  1.37289e-34 -3.27908e-42 -1.31209e-34  -2.9381e-41 -2.46036e-36 -2.04456e-41  3.39626e-35 -1.69999e-41  3.01744e-35 -2.51125e-40 -3.42624e-35 -2.47114e-40  9.48969e-36 -1.14198e-39 -1.63332e-35 -1.77357e-39  1.04266e-35 -1.72838e-39 -2.40075e-36  -5.3191e-39   6.2718e-36 -9.87186e-40 -4.97102e-36 -4.13566e-39  1.42417e-36 -3.58227e-39 -1.15596e-36  1.32288e-39  6.14812e-37 -2.44391e-39 -8.80627e-38  2.62907e-39 -2.64872e-38  2.64468e-39 -4.61538e-41 -4.26859e-40  7.46629e-39   1.6516e-39 -1.85694e-38  2.50968e-40  2.88901e-39 -2.77481e-40  2.13615e-40  5.20032e-40 -8.73046e-40  -1.6014e-40  1.76677e-39  9.09655e-41 -1.08044e-39  2.10008e-41  6.20661e-40  8.60223e-44 -2.14552e-40  2.77064e-42  4.78019e-41  3.98409e-43 -1.46727e-41 -3.53307e-43   3.8798e-42  8.68513e-44  5.89467e-43 -4.32679e-44 -6.85944e-43   1.6333e-44 -1.95014e-43 -1.02214e-45 -4.09544e-44 -3.01668e-45  1.13383e-43 -8.15769e-46 -4.17835e-44  1.56936e-47  6.43196e-45 -1.04429e-46  1.02736e-45  7.93356e-47  -1.0359e-45 -6.51365e-48  8.95016e-46  6.41136e-48 -8.06035e-46 -8.55526e-48  6.21092e-46  6.99004e-48 -3.87611e-46 -4.53774e-48  1.84869e-46  2.17704e-48 -6.09659e-47  -6.5888e-49  1.10462e-47  8.10563e-50
-5.14023e-51 -8.84253e-37  6.99617e-52  -1.8399e-35  6.10348e-50  4.06196e-35 -8.68746e-50 -4.92432e-35 -1.56297e-49  5.14111e-35  4.36147e-48 -9.89529e-35  9.46544e-48  5.02754e-35  1.12967e-46 -5.59638e-34   2.7575e-46  1.48091e-33  1.05514e-45 -5.79666e-34  7.55911e-45 -2.28737e-34  5.74991e-45  6.02835e-35  5.54065e-44  6.86671e-35 -8.03389e-44 -3.76301e-34 -9.66748e-43  1.44921e-34  -3.2399e-42 -2.68228e-35 -7.91603e-42  4.74298e-35 -2.25234e-41  1.54971e-34 -6.04035e-42 -1.40152e-34 -7.00204e-41 -3.70957e-38 -1.35358e-41  2.84627e-35  2.46689e-42  4.11245e-35 -5.65608e-40 -3.88517e-35 -5.33576e-40  9.55533e-36 -2.72248e-39 -1.84802e-35 -3.88742e-39  1.13734e-35 -3.62329e-39 -1.83368e-36 -1.09999e-38  6.88273e-36 -1.40853e-39 -5.56864e-36  -7.4235e-39  1.64862e-36 -6.83912e-39  -1.3405e-36  2.89677e-39  6.32751e-37 -4.53545e-39 -5.93348e-38  3.97238e-39 -6.24536e-38  4.22354e-39  2.15287e-38 -1.07253e-39  4.23078e-39  2.35348e-39 -2.32543e-38  2.59886e-40   5.3298e-39 -4.86802e-40  1.27897e-40  6.58282e-40 -1.26202e-39 -2.10081e-40  1.86055e-39   9.8165e-41 -9.91903e-40  3.40304e-41  6.68476e-40   1.7897e-44 -2.38117e-40  2.43861e-42  4.98732e-41  6.65179e-43 -1.50506e-41 -3.04467e-43  3.54659e-42  5.78897e-44  4.89513e-43 -5.69408e-44 -3.85359e-43  2.12238e-44 -3.35035e-43 -3.89983e-45 -3.72885e-44 -2.44191e-45  1.28036e-43 -4.97109e-46 -4.57768e-44  1.07964e-46  5.95983e-45 -1.31972e-46  2.44201e-45  9.47106e-47 -2.78193e-45 -2.94595e-47  2.60769e-45  3.02807e-47 -2.18308e-45 -2.88168e-47  1.50875e-45  2.09493e-47 -8.22864e-46 -1.16277e-47  3.28812e-46  4.45502e-48 -8.33164e-47 -9.28812e-49  8.67335e-48
 1.64609e-36  -1.2043e-50  2.27531e-36 -4.47908e-51 -2.55952e-35  6.75111e-50  4.45599e-35  1.05929e-49 -5.68198e-35  8.71175e-49  6.17303e-35  2.44127e-47 -8.65676e-35  4.16797e-47 -2.44108e-35   4.8957e-46 -5.69952e-34  1.05514e-45  1.61987e-33  3.78909e-45 -5.92883e-34  2.68965e-44 -2.47293e-34  1.47551e-44  4.35786e-35  1.37103e-43   7.6829e-35 -3.15065e-43 -4.06159e-34 -3.42002e-42  1.80575e-34 -9.78389e-42 -6.67465e-35  -2.3154e-41  3.61648e-35 -6.06895e-41  1.63983e-34 -7.67592e-42 -1.41614e-34 -1.58487e-40  5.31366e-37  6.79118e-41  2.35453e-35  1.06602e-40  4.89893e-35 -1.19258e-39 -4.22362e-35 -1.02675e-39  9.00984e-36 -6.09089e-39 -1.99267e-35 -8.02132e-39  1.13833e-35 -7.02417e-39 -4.35916e-37 -2.15787e-38  7.14081e-36 -1.42023e-39 -6.12853e-36 -1.24462e-38  1.95169e-36 -1.23015e-38 -1.55393e-36  5.94501e-39   6.1939e-37 -7.87964e-39 -1.45143e-38  5.67686e-39  -1.0686e-37  6.43453e-39   4.8339e-38 -2.14373e-39  4.51377e-40   3.1823e-39 -2.84694e-38  2.40058e-40  8.46259e-39 -7.76508e-40 -3.08121e-41  7.91933e-40 -1.64383e-39 -2.60566e-40  1.76008e-39   9.8262e-41 -7.37312e-40  5.07581e-41  6.68556e-40  3.97695e-44  -2.4999e-40  1.18126e-42  4.73054e-41  1.06196e-42  -1.2467e-41 -1.98329e-43  1.87386e-42  2.67169e-44  6.13591e-43 -7.87508e-44 -6.12182e-44  2.56709e-44  -4.5374e-43 -7.84436e-45 -3.81795e-44 -1.70894e-45  1.36972e-43 -1.38342e-46 -4.49473e-44  2.32396e-46  2.00059e-45 -1.92728e-46  7.29908e-45  1.60092e-46 -7.87698e-45 -1.11527e-46  7.05441e-45    1.072e-46 -5.35192e-45 -8.69564e-47  3.27719e-45  5.48384e-47 -1.53365e-45 -2.52003e-47  4.96541e-46  7.27216e-48 -8.87079e-47 -8.43277e-49
 1.00444e-51  2.21997e-36  -1.9745e-50  7.13307e-36  -7.5269e-51 -2.99903e-35 -3.16192e-51  4.50366e-35  1.04177e-48 -6.48974e-35  4.71918e-48  7.05955e-35  1.13396e-46 -5.90771e-35  1.64165e-46 -1.05027e-34  1.98838e-45 -5.79666e-34  3.78909e-45    1.745e-33  1.26618e-44 -6.14665e-34    8.952e-44 -2.27623e-34   2.9424e-44 -6.34899e-36  2.77312e-43  1.06936e-34 -1.13155e-42 -4.29435e-34 -1.12578e-41  2.20557e-34 -2.80982e-41 -1.06852e-34 -6.48771e-41  1.87892e-35 -1.55216e-40  1.60182e-34  7.91702e-43 -1.32293e-34 -3.44026e-40 -3.35945e-36  4.05963e-40   2.0706e-35  4.57026e-40  5.36708e-35 -2.35402e-39  -4.5144e-35 -1.69722e-39  8.00523e-36 -1.28317e-38 -2.05304e-35 -1.56198e-38  1.02581e-35 -1.25766e-38  1.86311e-36 -4.02727e-38   7.0889e-36 -5.32228e-41 -6.73687e-36 -1.95054e-38  2.38454e-36 -2.09324e-38 -1.79402e-36  1.14237e-38  5.63745e-37 -1.28754e-38  5.52721e-38  7.67645e-39 -1.61149e-37  9.35137e-39  8.00288e-38 -3.75095e-39 -4.26449e-39  4.08306e-39 -3.34834e-38   1.8942e-40  1.19676e-38  -1.1525e-39 -1.85467e-40  9.05556e-40 -1.98936e-39 -3.07484e-40  1.43001e-39  9.01345e-41 -3.08694e-40  7.09835e-41  6.14365e-40  2.57844e-43  -2.4816e-40 -1.21057e-42  3.86659e-41  1.63391e-42 -6.03113e-42 -4.76806e-44 -1.46605e-42  5.20647e-45  1.11496e-42 -1.09299e-43  2.03992e-43  2.88853e-44 -5.28974e-43 -1.25993e-44 -4.15534e-44 -8.50843e-46  1.34972e-43  1.29474e-46 -3.37576e-44  4.76978e-46 -1.14521e-44 -4.11089e-46  2.14991e-44  4.12554e-46 -2.11569e-44 -3.77041e-46   1.7397e-44  3.27834e-46 -1.18145e-44 -2.31071e-46  6.32196e-45  1.23306e-46 -2.48371e-45 -4.49216e-47  6.22934e-46  8.79626e-48 -6.53051e-47
-1.16502e-36  3.53534e-51   1.2171e-36 -3.15699e-50  1.11888e-35 -1.20648e-50 -2.78874e-35 -8.03512e-49  4.02829e-35  4.29059e-48 -7.73745e-35  1.63235e-47   7.8809e-35  4.72373e-46 -2.16887e-35  5.90932e-46 -1.77692e-34  7.55911e-45 -5.92883e-34  1.26618e-44  1.85542e-33  3.89289e-44 -6.50712e-34   2.7825e-43 -1.70461e-34  2.36476e-44   -8.838e-35  3.51624e-43  1.62581e-34  -3.7863e-42 -4.46587e-34 -3.46938e-41   2.6517e-34 -7.69085e-41 -1.45169e-34 -1.74855e-40  -7.0264e-37 -3.78013e-40    1.388e-34  4.59246e-41  -1.0888e-34 -7.25851e-40 -1.38875e-35  1.47793e-39  2.05523e-35  1.42621e-39  5.66682e-35 -4.35171e-39 -4.89209e-35 -2.17227e-39  6.80966e-36 -2.55319e-38 -2.00951e-35 -2.87649e-38  7.83006e-36 -2.07028e-38  4.99949e-36 -7.16829e-38   6.8591e-36  4.53193e-39 -7.50552e-36 -2.85549e-38  2.99057e-36 -3.38049e-38 -2.04969e-36  2.05797e-38  4.54306e-37 -1.98611e-38  1.59316e-37  9.81715e-39 -2.25563e-37    1.296e-38  1.15719e-37 -5.97224e-39 -1.07869e-38  4.97077e-39  -3.7121e-38  1.14494e-40  1.53273e-38 -1.61344e-39 -1.63636e-40  9.84378e-40  -2.3136e-39 -3.47188e-40  8.82521e-40  7.34739e-41  2.71895e-40  9.43079e-41  5.06637e-40  7.96785e-43 -2.32136e-40 -4.76551e-42  2.30239e-41  2.42336e-42  4.59499e-42  1.17952e-43 -6.50159e-42  5.62396e-45  2.07676e-42 -1.47055e-43  3.44074e-43   2.9895e-44 -5.55045e-43  -1.7781e-44 -3.64575e-44   2.3082e-46  1.09424e-43 -1.28865e-47  2.18245e-45  1.18044e-45 -4.95346e-44 -1.19493e-45   5.8462e-44  1.25034e-45 -5.22458e-44 -1.14053e-45  3.88633e-44  8.80113e-46 -2.33889e-44 -5.32146e-46  1.07871e-44  2.32211e-46 -3.47602e-45 -6.25833e-47  6.32022e-46  6.58666e-48
 4.08015e-51 -2.36063e-36  9.60918e-51 -1.30581e-36 -8.80703e-50  1.10141e-35  -2.2021e-49  -1.6509e-35 -6.72007e-48  3.10523e-35  1.05076e-47 -9.95042e-35  3.95245e-47  8.51242e-35  1.79357e-45  1.75961e-35  1.94279e-45 -2.28737e-34  2.68965e-44 -6.14665e-34  3.89289e-44  1.95487e-33  1.07982e-43 -7.06023e-34  8.05109e-43  -8.2857e-35 -1.65412e-43 -1.95891e-34  -3.9521e-43  2.40628e-34  -1.1934e-41  -4.5545e-34 -1.00539e-40  3.13866e-34 -2.00906e-40 -1.80979e-34 -4.54546e-40 -1.70768e-35 -8.79075e-40  9.48609e-35  1.91971e-40 -6.89089e-35 -1.51297e-39 -3.21153e-35  4.40534e-39  2.22777e-35   3.7884e-39   6.1046e-35  -7.5436e-39 -5.52304e-35 -1.19737e-39  5.68337e-36 -4.81182e-38 -1.83025e-35 -5.01856e-38  3.97283e-36 -3.10186e-38  8.76422e-36 -1.21933e-37  6.65098e-36  1.53438e-38 -8.54565e-36 -3.89453e-38  3.79086e-36 -5.19419e-38 -2.30309e-36  3.48376e-38  2.82226e-37 -2.90121e-38  3.03875e-37  1.18509e-38 -2.97748e-37  1.71158e-38  1.53728e-37 -8.83668e-39 -2.03751e-38  5.74142e-39 -3.79505e-38  3.33824e-41  1.79679e-38 -2.14939e-39  2.82955e-40  1.01799e-39 -2.69145e-39 -3.76908e-40  1.86283e-40  4.83773e-41  9.53534e-40  1.20216e-40  3.53145e-40  1.77619e-42 -2.02912e-40 -9.27076e-42  3.85425e-43    3.455e-42  1.89645e-41  2.59053e-43 -1.28681e-41  3.60316e-44  3.45911e-42  -1.8836e-43  3.42677e-43  2.77765e-44  -5.5631e-43 -2.31863e-44  8.00711e-45  2.14036e-45  2.73582e-44 -1.52063e-45  9.89827e-44   3.4547e-45 -1.46724e-43 -3.71657e-45  1.45164e-43  3.67428e-45 -1.17623e-43 -3.06057e-45  7.85357e-44  2.05477e-45 -4.15995e-44 -1.03625e-45  1.63942e-44  3.50169e-46 -4.24345e-45 -6.13324e-47  4.83151e-46
 9.47043e-37  6.57299e-51 -3.17723e-36  2.00379e-50   -4.317e-36 -5.20764e-49  4.33421e-36 -2.59585e-48  3.95895e-36 -4.30126e-47  2.12172e-35 -7.94189e-48 -1.34777e-34  2.61965e-47  8.67988e-35  6.21739e-45  4.85639e-35  5.74991e-45 -2.47293e-34    8.952e-44 -6.50712e-34  1.07982e-43  2.05055e-33  2.59542e-43 -7.82809e-34  2.15614e-42   2.3454e-35 -1.25005e-42 -3.19106e-34 -4.93543e-42  3.32311e-34 -3.56982e-41 -4.51633e-34 -2.74857e-40  3.65665e-34 -5.01201e-40 -2.15179e-34 -1.14126e-39 -2.41681e-35  -1.9564e-39   2.3976e-35  5.72997e-40 -1.16296e-35 -3.16463e-39 -5.74058e-35  1.15922e-38   2.3369e-35  9.00839e-39  7.09727e-35 -1.22982e-38 -6.55852e-35  4.34854e-39  4.70889e-36 -8.61322e-38 -1.46918e-35 -8.30712e-38 -1.36411e-36 -4.14127e-38  1.28219e-35  -1.9853e-37  6.69085e-36  3.66973e-38 -9.93846e-36  -4.9185e-38  4.77518e-36  -7.6068e-38 -2.53471e-36  5.55633e-38  4.44898e-38 -4.02397e-38  4.88722e-37  1.34481e-38  -3.7165e-37  2.15141e-38  1.91314e-37 -1.23205e-38 -3.43778e-38  6.29073e-39 -3.46656e-38  -2.1942e-41  1.94679e-38 -2.74141e-39  1.42537e-39   1.0039e-39 -3.25587e-39 -3.94703e-40 -5.39211e-40  1.46451e-41  1.66442e-39  1.48069e-40  1.67323e-40  3.28253e-42 -1.62835e-40 -1.42597e-41 -2.79632e-41  4.71928e-42  3.57967e-41  3.38128e-43 -1.98067e-41  9.57731e-44  5.06997e-42  -2.2854e-43  2.65162e-43  2.24249e-44 -6.08764e-43 -2.97438e-44  1.69103e-43  7.13545e-45 -1.93327e-43 -7.30603e-45  3.39116e-43  1.04857e-44 -3.73008e-43 -1.08945e-44  3.29253e-43  9.77142e-45 -2.41766e-43 -7.17066e-45  1.44788e-43  4.06978e-45 -6.77399e-44 -1.62974e-45   2.2933e-44  3.84782e-46 -4.63751e-45 -3.15702e-47
-4.43426e-52  2.47563e-36 -2.88067e-50 -3.28048e-36  1.45438e-50 -6.49555e-36 -3.67621e-48 -8.12751e-36 -2.08961e-47  2.98071e-35 -2.37978e-46  1.61446e-35 -2.90322e-46 -1.82325e-34  -4.2226e-46  8.22261e-35  1.95853e-44  6.02835e-35  1.47551e-44 -2.27623e-34   2.7825e-43 -7.06023e-34  2.59542e-43  2.15022e-33  4.84213e-43 -8.78621e-34  5.28926e-42  1.34809e-34 -5.85469e-42 -4.48483e-34 -2.29358e-41  4.26228e-34  -1.0187e-40  -4.2999e-34 -7.10597e-40  4.19448e-34 -1.19405e-39 -2.50078e-34 -2.76806e-39  -1.5277e-35 -4.17339e-39 -7.67388e-35   1.4361e-39  6.14314e-35 -6.70507e-39 -8.70968e-35  2.77857e-38  1.96899e-35  1.96158e-38  9.08868e-35 -1.89717e-38 -8.08288e-35  2.10074e-38  3.63842e-36 -1.46851e-37 -8.71903e-36 -1.30604e-37 -8.10071e-36 -4.68638e-38  1.67568e-35 -3.09781e-37  7.18169e-36  7.40129e-38 -1.17104e-35 -5.67934e-38  5.90197e-36 -1.06291e-37 -2.72967e-36  8.37237e-38 -2.54169e-37 -5.31221e-38  7.04816e-37  1.42301e-38 -4.37197e-37  2.56896e-38  2.24606e-37  -1.6358e-38 -5.37634e-38  6.53577e-39 -2.65819e-38 -4.65445e-42  1.97571e-38 -3.36245e-39  3.48986e-39  9.49805e-40 -4.17706e-39 -3.98984e-40 -1.14299e-39 -2.89221e-41  2.32393e-39  1.76957e-40 -3.35297e-41  5.34475e-42 -1.15511e-40 -1.90605e-41 -5.93611e-41  6.15991e-42  5.31443e-41  3.32358e-43 -2.62597e-41  1.73227e-43  6.55982e-42 -2.64546e-43  2.96768e-43  1.67268e-44 -8.87642e-43 -4.22388e-44  6.28862e-43  2.22922e-44 -7.39239e-43 -2.54751e-44  8.91961e-43  3.01128e-44 -8.56153e-43 -2.87249e-44  6.87936e-43  2.27667e-44  -4.6114e-43 -1.42356e-44  2.51392e-43  6.48907e-45 -1.06413e-43 -1.86017e-45  3.14209e-44  2.30924e-46 -4.34147e-45
