  1.9782e-10   6.9184e-23 -4.01658e-09 -1.21699e-21   3.1549e-08  8.05679e-21 -1.46758e-07  -3.3239e-20  4.60422e-07   9.8817e-20 -1.02557e-06 -2.24128e-19  1.63396e-06  3.97588e-19 -1.78101e-06  -5.5579e-19    1.094e-06  6.08579e-19   7.7846e-08   -5.096e-19 -7.85719e-07   3.0706e-19  5.04699e-07 -1.11962e-19  1.93091e-07  7.19189e-21 -3.96378e-07  9.51915e-21  4.31079e-08  5.16007e-21   2.0744e-07  -9.2288e-21 -7.28811e-08    1.521e-21 -9.25876e-08   3.6683e-21  4.59614e-08 -2.39788e-21  3.90771e-08 -7.82979e-23  -1.9973e-08  5.15297e-22 -1.59737e-08  2.02432e-23  5.91821e-09 -1.82954e-22   5.8212e-09  3.79521e-23 -7.87022e-10  3.29135e-23 -1.54595e-09 -1.29513e-23 -1.63292e-10 -1.08728e-24  1.96406e-10   4.3566e-26  5.85063e-11  3.82118e-25 -5.29309e-13 -4.54254e-26  -1.0299e-12
  6.9184e-23  5.75085e-09  4.95402e-22 -6.57356e-08 -6.75312e-21  3.87895e-07  3.58132e-20 -1.46849e-06 -1.24016e-19  3.87287e-06  3.18387e-19 -7.31936e-06 -6.31566e-19  9.76903e-06  9.78097e-19 -8.39972e-06 -1.17294e-18  2.84559e-06  1.05575e-18  2.94045e-06  -6.5019e-19 -4.14272e-06  1.79266e-19  8.23234e-07  1.08687e-19   2.0972e-06 -1.40331e-19 -1.41024e-06  3.94576e-20  -6.9312e-07  3.56823e-20  9.65438e-07  -3.6223e-20  1.55445e-07  7.10431e-21 -5.02563e-07  7.36235e-21 -2.43609e-08 -4.77335e-21  2.21989e-07  3.54082e-22  1.06945e-08  4.87569e-24 -8.29239e-08  7.01179e-22 -1.10363e-08 -4.20523e-22   2.3755e-08 -8.61231e-23  6.70727e-09  1.41479e-22 -3.97952e-09 -2.19277e-23 -1.99717e-09 -8.79868e-24  8.33562e-11 -3.52877e-25  1.75864e-10  9.71127e-25  2.21985e-11  -6.9993e-26
-4.01658e-09  4.95402e-22  8.16119e-08  2.66246e-21 -6.41718e-07 -2.75325e-20  2.98961e-06  1.18146e-19   -9.399e-06 -3.49826e-19  2.09977e-05  7.92125e-19 -3.35982e-05 -1.40605e-18  3.68774e-05   1.9491e-18 -2.30076e-05 -2.06916e-18 -1.16422e-06  1.59636e-18  1.62055e-05 -7.41269e-19 -1.08522e-05 -3.26825e-20 -3.65037e-06  3.68769e-19  8.34745e-06  -2.8079e-19 -1.23836e-06  5.74221e-20 -4.26682e-06  6.21055e-20  1.74352e-06 -5.40423e-20  1.84544e-06  1.01014e-20 -1.08505e-06  8.87729e-21 -7.55398e-07 -5.90621e-21  4.82791e-07  1.93646e-21  3.05749e-07 -2.31957e-21 -1.55198e-07  2.33025e-21 -1.14386e-07 -6.19264e-22  2.87615e-08 -5.04678e-22   3.2652e-08   3.4061e-22  4.72818e-10  -1.2958e-23 -4.90824e-09 -2.25055e-23 -1.04643e-09 -1.57892e-24  1.03891e-10  1.30489e-24  2.82241e-11
-1.21699e-21 -6.57356e-08  2.66246e-21  7.52212e-07  1.02601e-20 -4.44571e-06 -7.89111e-20  1.68681e-05  2.77776e-19 -4.46256e-05 -7.15783e-19  8.47169e-05  1.46231e-18 -0.000113849 -2.37136e-18  9.91326e-05  3.00058e-18 -3.52377e-05 -2.89831e-18 -3.30515e-05  2.01009e-18  4.91448e-05 -7.65211e-19 -1.14284e-05 -2.06672e-19 -2.39481e-05  5.29876e-19  1.76348e-05 -3.41022e-19  7.17355e-06  5.00301e-20 -1.17834e-05  8.42968e-20 -1.06295e-06   -6.715e-20  6.04163e-06  1.09151e-20 -1.80645e-07  1.39169e-20 -2.65472e-06 -1.08002e-20  1.11744e-07  6.11604e-21   1.0066e-06 -6.28589e-21  3.27998e-08  4.51078e-21 -3.04474e-07 -4.20652e-22 -5.18616e-08 -1.28504e-21  5.93465e-08  5.47599e-22  2.06035e-08  3.27248e-23 -3.67282e-09 -3.54017e-23  -2.4016e-09 -3.01117e-24 -1.99098e-10  9.42602e-25
  3.1549e-08 -6.75312e-21 -6.41718e-07  1.02601e-20  5.05396e-06  2.62076e-20 -2.35993e-05 -1.49687e-19  7.44343e-05  4.31661e-19 -0.000167054 -9.93013e-19  0.000269121  1.89851e-18 -0.000298711 -2.87661e-18  0.000191207  3.36743e-18  2.83927e-06 -3.01225e-18 -0.000129267  1.91199e-18  9.24143e-05 -5.49805e-19  2.45959e-05 -4.24166e-19 -6.83963e-05  6.57275e-19  1.42284e-05 -3.71569e-19  3.35172e-05  1.73096e-20 -1.66747e-05    1.433e-19 -1.36965e-05 -1.04232e-19  1.01283e-05  5.51426e-21  5.28026e-06  3.71992e-20 -4.57742e-06 -2.63896e-20 -2.07897e-06  1.30933e-20  1.57474e-06 -1.08344e-20  8.03136e-07  6.26035e-21 -3.61904e-07  6.43731e-22 -2.51701e-07 -2.25908e-21  3.04644e-08  6.16081e-22  4.54325e-08  1.06641e-22  5.38379e-09 -4.05486e-23 -1.87196e-09  -3.0235e-24 -2.75791e-10
 8.05679e-21  3.87895e-07 -2.75325e-20 -4.44571e-06  2.62076e-20   2.6336e-05  4.23972e-20 -0.000100255 -1.61789e-19  0.000266469  3.58301e-19 -0.000509273 -8.20774e-19  0.000691551  1.64298e-18 -0.000613863 -2.43414e-18   0.00023439  2.72251e-18  0.000187153 -2.37556e-18 -0.000304243  1.41221e-18  8.62421e-05 -1.32803e-19  0.000138812 -7.74015e-19 -0.000116537  8.97896e-19 -3.44437e-05 -4.61857e-19  7.48305e-05 -6.37368e-20  -4.3586e-07  2.98271e-19 -3.72704e-05 -1.79907e-19  5.16765e-06   -2.531e-20  1.60945e-05   9.2644e-20 -2.71442e-06 -5.35942e-20 -6.14778e-06  2.08869e-20  6.45694e-07   -1.462e-20  1.95977e-06  6.36974e-21  5.94304e-08  2.63917e-21 -4.39269e-07 -2.97844e-21 -8.67367e-08  4.75041e-22  4.37672e-08  1.70648e-22   1.5414e-08 -3.78472e-23  3.71507e-10 -1.61105e-24
-1.46758e-07  3.58132e-20  2.98961e-06 -7.89111e-20 -2.35993e-05  4.23972e-20  0.000110562  2.98793e-20 -0.000350362  2.87271e-20  0.000791591 -1.58937e-19  -0.00128794 -6.56124e-20   0.00145315  6.67138e-19 -0.000965405 -1.16512e-18  3.63595e-05  1.48345e-18  0.000609261 -1.56707e-18 -0.000478318  9.12417e-19 -8.20075e-05  3.55502e-19  0.000333184 -1.29924e-18 -9.77764e-05  1.34623e-18 -0.000152075 -6.21384e-19  9.68423e-05 -2.61525e-19  5.59034e-05  5.76311e-19 -5.67588e-05 -2.62292e-19  -1.8862e-05 -1.08214e-19  2.57544e-05  1.78828e-19  6.82959e-06 -8.39702e-20 -9.32435e-06  2.67238e-20 -2.76265e-06  -1.6387e-20  2.48638e-06  4.10261e-21  1.00469e-06  4.80659e-21 -3.70138e-07 -3.02364e-21 -2.27942e-07    2.154e-22   1.5501e-09  1.94958e-22  1.50621e-08 -2.99788e-23  1.36954e-09
 -3.3239e-20 -1.46849e-06  1.18146e-19  1.68681e-05 -1.49687e-19 -0.000100255  2.98793e-20  0.000383444 -6.20002e-20  -0.00102596   5.4668e-19   0.00197976 -1.06042e-18  -0.00272857  9.72272e-19   0.00248903 -7.31432e-19  -0.00104475  5.75331e-19 -0.000651103  1.51934e-19   0.00122273 -9.40702e-19 -0.000435156   5.0113e-19 -0.000500085  8.93982e-19  0.000505448 -1.98574e-18   8.0173e-05  1.95586e-18 -0.000305604 -7.23041e-19  4.08568e-05 -6.49992e-19  0.000144555  9.25753e-19 -4.24135e-05 -2.83442e-19  -5.9915e-05 -2.50365e-19  2.14789e-05  2.72283e-19  2.26513e-05 -1.05454e-19 -7.09463e-06  2.95706e-20 -7.56636e-06 -1.51934e-20   1.2594e-06 -1.52696e-23   1.9418e-06  5.95362e-21  5.46465e-08 -2.41898e-21 -2.68637e-07  3.97524e-24 -5.08632e-08  1.79678e-22  4.69395e-09 -1.69188e-23
 4.60422e-07 -1.24016e-19   -9.399e-06  2.77776e-19  7.44343e-05 -1.61789e-19 -0.000350362 -6.20002e-20   0.00111766 -2.77592e-19  -0.00254919  1.26492e-18   0.00420604 -1.75257e-18   -0.0048557    1.704e-18   0.00339281 -2.31184e-18 -0.000368277  2.59085e-18  -0.00192254 -1.18811e-18   0.00171841 -2.29626e-19  8.86123e-05 -8.86886e-20  -0.00109333  1.51158e-18  0.000454376 -2.75621e-18  0.000441087  2.53114e-18 -0.000386004 -5.66569e-19 -0.000128485 -1.22021e-18  0.000215095  1.22242e-18    2.734e-05  -1.9544e-19 -9.63026e-05 -4.16371e-19 -5.52809e-06  3.38057e-19  3.59519e-05 -1.12765e-19  2.73638e-06  3.08774e-20  -1.0664e-05 -1.07827e-20 -1.74342e-06 -4.15802e-21  2.10869e-06  5.46205e-21  6.22792e-07 -1.63569e-21 -1.53378e-07 -6.51768e-23 -6.77337e-08  1.36982e-22 -2.93784e-09
  9.8817e-20  3.87287e-06 -3.49826e-19 -4.46256e-05  4.31661e-19  0.000266469  2.87271e-20  -0.00102596 -2.77592e-19   0.00277106 -5.50944e-19  -0.00542015  1.49697e-18   0.00762682 -1.18409e-18  -0.00722155  1.64612e-18   0.00340722 -3.93314e-18    0.0014384  4.67235e-18  -0.00346495 -2.72939e-18   0.00158588  1.06875e-18   0.00117135 -1.05008e-18  -0.00155948  2.18212e-18  1.00244e-05 -3.48763e-18  0.000860771  2.79816e-18 -0.000266759 -3.68913e-20 -0.000370065 -1.82844e-18  0.000199237   1.3455e-18  0.000139075 -2.41168e-20 -9.79531e-05  -5.3772e-19 -4.94567e-05  3.52829e-19  3.59269e-05 -1.12217e-19  1.70684e-05  3.22008e-20 -9.22779e-06 -3.89055e-21 -5.12203e-06 -6.32914e-21  1.18895e-06  3.81414e-21   9.6461e-07 -1.15763e-21  3.77048e-08 -2.33473e-23 -4.03919e-08  7.63905e-23
-1.02557e-06  3.18387e-19  2.09977e-05 -7.15783e-19 -0.000167054  3.58301e-19  0.000791591   5.4668e-19  -0.00254919 -5.50944e-19   0.00589274 -5.65681e-19  -0.00991592  1.11735e-19    0.0118158  1.37076e-18  -0.00882074  8.39318e-19   0.00176366 -5.28682e-18   0.00422102  6.37815e-18  -0.00452928 -4.63276e-18  0.000436837  3.09401e-18    0.0025111 -2.21737e-18  -0.00150723   2.8397e-18  -0.00079156 -4.01226e-18   0.00110293  2.54029e-18  8.96941e-05  7.68488e-19 -0.000569898  -2.2642e-18  6.41435e-05  1.26908e-18  0.000244027  1.35683e-19 -4.94941e-05 -5.54931e-19  -9.1055e-05  3.22276e-19  1.81918e-05 -1.15569e-19   2.9112e-05  3.22265e-20 -3.00053e-06  3.89772e-21 -7.03738e-06  -5.7494e-21 -3.98924e-07  2.08205e-21   8.6496e-07 -1.08947e-21  1.63434e-07  3.11278e-23  -5.6031e-09
-2.24128e-19 -7.31936e-06  7.92125e-19  8.47169e-05 -9.93013e-19 -0.000509273 -1.58937e-19   0.00197976  1.26492e-18  -0.00542015 -5.65681e-19    0.0108089  1.72416e-19    -0.015659 -3.48795e-18    0.0155945  5.24293e-18   -0.0084555 -1.57484e-19  -0.00172068 -5.76822e-18   0.00711073  7.26961e-18   -0.0043077 -6.84674e-18  -0.00161819  5.36055e-18   0.00350773 -3.22937e-18 -0.000741097  3.44949e-18  -0.00166644  -4.1513e-18  0.000974389  1.75078e-18  0.000579407  1.57792e-18 -0.000613399 -2.39817e-18 -0.000156559  1.08095e-18  0.000289282   1.8359e-19  3.72326e-05 -4.57164e-19 -0.000110299  2.76873e-19 -1.19858e-05 -1.28577e-19  3.29627e-05  2.70708e-20   5.5658e-06  1.06371e-20 -6.48065e-06 -3.20105e-21 -1.82843e-06  1.02509e-21  4.22157e-07 -1.14524e-21  1.52408e-07  3.31852e-23
 1.63396e-06 -6.31566e-19 -3.35982e-05  1.46231e-18  0.000269121 -8.20774e-19  -0.00128794 -1.06042e-18   0.00420604  1.49697e-18  -0.00991592  1.72416e-19    0.0171663  1.87826e-18   -0.0213818 -8.21976e-18    0.0173968   8.3814e-18  -0.00549385 -9.46613e-19  -0.00624938 -4.72421e-18   0.00889034   7.2574e-18  -0.00251214 -8.93548e-18  -0.00391201  7.00452e-18   0.00363435 -3.90715e-18  0.000559474  4.03098e-18  -0.00224951 -3.82939e-18  0.000465027   6.7102e-19   0.00101871   2.1315e-18 -0.000461651 -2.25769e-18 -0.000384906  9.05569e-19  0.000251051  7.67978e-20  0.000132114 -2.85227e-19 -9.82451e-05  2.49322e-19 -4.37115e-05 -1.45192e-19  2.68453e-05  1.44286e-20  1.30206e-05  1.45844e-20 -3.76959e-06 -1.83779e-22 -2.42737e-06  6.62727e-22 -5.18997e-08 -9.75051e-22  6.09847e-08
 3.97588e-19  9.76903e-06 -1.40605e-18 -0.000113849  1.89851e-18  0.000691551 -6.56124e-20  -0.00272857 -1.75257e-18   0.00762682  1.11735e-19    -0.015659  1.87826e-18    0.0236722  4.00635e-18   -0.0252793 -1.15123e-17    0.0161499  8.96316e-18 -0.000484758 -1.92539e-18   -0.0103316 -1.95577e-18   0.00875355  6.51953e-18  0.000353054 -1.00219e-17  -0.00561442  7.36443e-18   0.00279051 -4.42913e-18   0.00195264  4.62509e-18  -0.00232809 -3.15975e-18 -0.000258401 -3.60522e-19   0.00126133  2.32956e-18 -0.000163499 -1.95014e-18 -0.000548387  8.10593e-19  0.000141862 -1.58886e-19  0.000205506  -1.0104e-19 -5.91153e-05  2.52576e-19 -6.67642e-05 -1.52803e-19  1.31437e-05 -2.52489e-21   1.6749e-05  1.48059e-20 -1.76586e-07  2.14062e-21 -2.04152e-06  5.45717e-22  -2.7309e-07 -5.28632e-22
-1.78101e-06  9.78097e-19  3.68774e-05 -2.37136e-18 -0.000298711  1.64298e-18   0.00145315  9.72272e-19   -0.0048557 -1.18409e-18    0.0118158 -3.48795e-18   -0.0213818  4.00635e-18    0.0284402  5.37685e-18   -0.0259637 -1.11221e-17    0.0120828  7.01856e-18   0.00499624 -3.90753e-18   -0.0126679  1.94928e-18   0.00683245  5.09345e-18   0.00332045 -9.17085e-18  -0.00625387  6.46438e-18   0.00131575 -5.16173e-18   0.00303058  5.24989e-18  -0.00193213 -2.37234e-18 -0.000980818 -1.11472e-18   0.00126349  2.20709e-18  0.000191975 -1.53705e-18 -0.000611378  7.86741e-19 -5.54805e-06 -4.61099e-19  0.000240194  4.56263e-20 -4.92884e-06  2.74416e-19 -7.53531e-05 -1.43537e-19 -3.50965e-06 -1.61895e-20  1.58714e-05  1.16753e-20  2.80951e-06  3.36308e-21 -1.05378e-06  3.59322e-22 -1.94068e-07
 -5.5579e-19 -8.39972e-06   1.9491e-18  9.91326e-05 -2.87661e-18 -0.000613863  6.67138e-19   0.00248903    1.704e-18  -0.00722155  1.37076e-18    0.0155945 -8.21976e-18   -0.0252793  5.37685e-18    0.0299694  4.97484e-18   -0.0234044 -6.90708e-18     0.006712  4.27143e-18   0.00929578 -7.06121e-18   -0.0129271  5.86044e-18   0.00401086  2.70351e-18   0.00560183 -6.06645e-18  -0.00590661   4.9895e-18 -0.000309774 -6.34532e-18   0.00362107  5.86936e-18  -0.00123872 -1.65566e-18   -0.0015552 -1.53695e-18   0.00106382  1.81274e-18  0.000526319 -1.00942e-18 -0.000573908  7.96595e-19 -0.000156909 -7.61237e-19  0.000232557  1.31987e-19    5.072e-05  2.89195e-19 -6.86717e-05 -1.21148e-19  -1.8285e-05 -2.04583e-20  1.12187e-05  6.83241e-21  4.14605e-06  3.57329e-21 -1.24119e-07  1.68637e-22
   1.094e-06 -1.17294e-18 -2.30076e-05  3.00058e-18  0.000191207 -2.43414e-18 -0.000965405 -7.31432e-19   0.00339281  1.64612e-18  -0.00882074  5.24293e-18    0.0173968 -1.15123e-17   -0.0259637  4.97484e-18    0.0281304  2.72186e-18   -0.0190182 -8.45749e-19   0.00187902   2.5122e-18    0.0116653 -1.04003e-17   -0.0117468  8.74839e-18   0.00123141 -9.26793e-19   0.00696277 -1.32794e-18   -0.0049598  3.76454e-18   -0.0017587 -7.90105e-18    0.0037635   6.3943e-18 -0.000428791 -1.08682e-18  -0.00192634 -1.66215e-18  0.000730316  1.16434e-18  0.000790906 -3.70883e-19 -0.000455848  8.15806e-19  -0.00028582 -9.93461e-19  0.000188533  1.62191e-19  9.64898e-05  2.76323e-19 -4.97762e-05 -9.69981e-20 -2.75647e-05 -1.60343e-20  4.77482e-06  2.37483e-21  3.62783e-06  2.93572e-21  2.35902e-07
 6.08579e-19  2.84559e-06 -2.06916e-18 -3.52377e-05  3.36743e-18   0.00023439 -1.16512e-18  -0.00104475 -2.31184e-18   0.00340722  8.39318e-19   -0.0084555   8.3814e-18    0.0161499 -1.11221e-17   -0.0234044  2.72186e-18    0.0242946 -4.85743e-19   -0.0147161  4.51031e-18  -0.00137641  2.23794e-18     0.012451 -1.22692e-17   -0.0100553  1.01272e-17  -0.00103671 -5.65405e-18    0.0075941  3.88291e-18  -0.00376956  3.18928e-18   -0.0029193 -9.45985e-18   0.00357307  6.72492e-18   0.00037842 -6.79722e-19  -0.00209491 -1.53502e-18   0.00032699  3.16613e-19  0.000962759  2.96585e-19 -0.000284176  8.25133e-19 -0.000375684 -1.10322e-18  0.000119316   1.6126e-19  0.000124935  2.33461e-19 -2.40153e-05 -7.88892e-20 -2.96565e-05 -9.60379e-21 -1.09295e-06 -3.53558e-22  1.95774e-06  1.63067e-21
  7.7846e-08  1.05575e-18 -1.16422e-06 -2.89831e-18  2.83927e-06  2.72251e-18  3.63595e-05  5.75331e-19 -0.000368277 -3.93314e-18   0.00176366 -1.57484e-19  -0.00549385  8.96316e-18    0.0120828 -6.90708e-18   -0.0190182 -4.85743e-19    0.0203869 -3.42525e-18   -0.0116942  7.57559e-18  -0.00316201  2.52066e-18    0.0124707  -1.1235e-17  -0.00842842  1.00556e-17  -0.00279249 -1.08516e-17    0.0077679  8.54339e-18  -0.00252208  3.06484e-18  -0.00379406 -1.05363e-17   0.00315148  6.79619e-18   0.00111569 -4.32352e-19  -0.00208356 -1.22144e-18 -9.44494e-05 -5.80476e-19    0.0010362   8.6818e-19 -8.63901e-05  7.89387e-19 -0.000418843 -1.07249e-18  3.80862e-05  1.61377e-19  0.000132863  1.76062e-19  2.47227e-06 -6.42727e-20 -2.49595e-05 -7.09524e-21 -4.42895e-06 -1.30789e-21  4.16736e-07
  -5.096e-19  2.94045e-06  1.59636e-18 -3.30515e-05 -3.01225e-18  0.000187153  1.48345e-18 -0.000651103  2.59085e-18    0.0014384 -5.28682e-18  -0.00172068 -9.46613e-19 -0.000484758  7.01856e-18     0.006712 -8.45749e-19   -0.0147161 -3.42525e-18    0.0176505 -5.22821e-18  -0.00998866  8.19289e-18   -0.0041729  1.79773e-18    0.0123064 -6.81657e-18  -0.00698433  8.93989e-18  -0.00418926 -1.56621e-17    0.0076485  1.21157e-17  -0.00129141  2.82742e-18  -0.00440803  -1.0712e-17   0.00257466  6.58173e-18   0.00174439 -3.09554e-19  -0.00192322 -8.44727e-19 -0.000494445 -1.33009e-18   0.00101701  1.26241e-18  0.000112835  6.70815e-19 -0.000414933  -9.4041e-19 -4.22755e-05  1.80419e-19  0.000120986  1.23749e-19  2.40136e-05  -4.5455e-20 -1.57272e-05 -7.78558e-21 -4.45112e-06 -1.01746e-21
-7.85719e-07  -6.5019e-19  1.62055e-05  2.01009e-18 -0.000129267 -2.37556e-18  0.000609261  1.51934e-19  -0.00192254  4.67235e-18   0.00422102 -5.76822e-18  -0.00624938 -1.92539e-18   0.00499624  4.27143e-18   0.00187902  4.51031e-18   -0.0116942 -5.22821e-18    0.0161685 -5.61234e-18  -0.00898795  7.18617e-18   -0.0049559  -1.0596e-18    0.0121159  1.65329e-19  -0.00565479   7.3026e-18  -0.00532183  -1.9212e-17   0.00731318  1.44548e-17   -0.0001199  1.89931e-18  -0.00478676 -9.76985e-18   0.00190381  6.08237e-18   0.00224424 -2.16454e-19   -0.0016479 -5.63826e-19 -0.000844807 -1.79714e-18  0.000918078  1.48159e-18  0.000293301  4.67306e-19 -0.000369039 -7.85036e-19 -0.000110663  2.06885e-19  9.32307e-05  8.57257e-20  3.63969e-05  -2.0747e-20 -5.53566e-06 -6.55398e-21 -2.20238e-06
  3.0706e-19 -4.14272e-06 -7.41269e-19  4.91448e-05  1.91199e-18 -0.000304243 -1.56707e-18   0.00122273 -1.18811e-18  -0.00346495  6.37815e-18   0.00711073 -4.72421e-18   -0.0103316 -3.90753e-18   0.00929578   2.5122e-18  -0.00137641  7.57559e-18  -0.00998866 -5.61234e-18    0.0153577 -4.74737e-18  -0.00817878  5.63668e-18  -0.00566494 -5.92345e-18    0.0118641  7.82333e-18  -0.00440434  5.47368e-18  -0.00622335 -2.07029e-17   0.00681897  1.56326e-17  0.000960733 -5.08297e-20  -0.00496059 -7.80872e-18   0.00118812  5.34338e-18   0.00260888 -1.47456e-20  -0.00129067 -5.03751e-19  -0.00112723 -1.96716e-18  0.000756053  1.58313e-18  0.000439768  2.29274e-19 -0.000290022 -6.68014e-19 -0.000158616  2.07376e-19  5.59264e-05   5.8268e-20  3.76501e-05  1.52527e-21  1.59919e-06 -2.36238e-21
 5.04699e-07  1.79266e-19 -1.08522e-05 -7.65211e-19  9.24143e-05  1.41221e-18 -0.000478318 -9.40702e-19   0.00171841 -2.72939e-18  -0.00452928  7.26961e-18   0.00889034 -1.95577e-18   -0.0126679 -7.06121e-18    0.0116653  2.23794e-18  -0.00316201  8.19289e-18  -0.00898795 -4.74737e-18    0.0147173 -3.04975e-18  -0.00742085  4.27188e-18  -0.00626395 -1.13121e-17    0.0115408  1.40843e-17  -0.00324574  3.32325e-18  -0.00692306 -1.95959e-17    0.0062184  1.58929e-17   0.00193429 -2.93141e-18  -0.00496212 -5.31208e-18  0.000464315  4.46708e-18   0.00284088  4.31505e-19 -0.000881333 -6.97717e-19  -0.00133115 -1.92059e-18  0.000549144  1.62834e-18  0.000541788  3.55083e-20 -0.000189182 -5.87676e-19 -0.000180837  1.55609e-19  1.69303e-05  3.33991e-20  2.87022e-05  1.08367e-20  3.11926e-06
-1.11962e-19  8.23234e-07 -3.26825e-20 -1.14284e-05 -5.49805e-19  8.62421e-05  9.12417e-19 -0.000435156 -2.29626e-19   0.00158588 -4.63276e-18   -0.0043077   7.2574e-18   0.00875355  1.94928e-18   -0.0129271 -1.04003e-17     0.012451  2.52066e-18   -0.0041729  7.18617e-18  -0.00817878 -3.04975e-18    0.0141133 -1.01274e-18   -0.0067609  3.15955e-18  -0.00674229 -1.51758e-17    0.0111824  1.77324e-17  -0.00218558  3.33059e-19  -0.00745825 -1.59247e-17   0.00555021  1.56013e-17   0.00279704  -6.1388e-18  -0.00482087 -3.04264e-18 -0.000241159  3.56149e-18   0.00294766  1.20148e-18   -0.0004458 -1.07155e-18  -0.00145187 -1.77626e-18  0.000315808  1.64648e-18  0.000593315 -5.19285e-20  -7.9247e-05 -4.87468e-19 -0.000175565  6.21875e-20 -1.53534e-05  8.86466e-21  1.42154e-05  6.74623e-21
 1.93091e-07  1.08687e-19 -3.65037e-06 -2.06672e-19  2.45959e-05 -1.32803e-19 -8.20075e-05   5.0113e-19  8.86123e-05  1.06875e-18  0.000436837 -6.84674e-18  -0.00251214  6.51953e-18   0.00683245  5.86044e-18   -0.0117468 -1.22692e-17    0.0124707  1.79773e-18   -0.0049559  5.63668e-18  -0.00742085 -1.01274e-18    0.0135975  9.56517e-19  -0.00621889  1.81984e-18  -0.00713868  -1.6042e-17    0.0108172  1.88642e-17  -0.00121307 -3.95296e-18  -0.00786069 -1.04437e-17   0.00483945  1.50648e-17   0.00355072 -8.69475e-18  -0.00456197 -1.72554e-18 -0.000909193  2.65581e-18   0.00293914  2.26112e-18 -6.31851e-06 -1.46912e-18  -0.00148899 -1.65028e-18  7.40677e-05  1.61643e-18  0.000592341   -2.448e-20  2.63963e-05 -3.19087e-19 -0.000144978 -2.25634e-20 -3.31028e-05 -7.42378e-21  2.39892e-06
 7.19189e-21   2.0972e-06  3.68769e-19 -2.39481e-05 -4.24166e-19  0.000138812  3.55502e-19 -0.000500085 -8.86886e-20   0.00117135  3.09401e-18  -0.00161819 -8.93548e-18  0.000353054  5.09345e-18   0.00401086  8.74839e-18   -0.0100553  -1.1235e-17    0.0123064  -1.0596e-18  -0.00566494  4.27188e-18   -0.0067609  9.56517e-19    0.0131946  2.66443e-18  -0.00576252 -3.61652e-19  -0.00748616 -1.36715e-17    0.0104527  1.84882e-17 -0.000315465 -9.46384e-18  -0.00815345 -4.41386e-18   0.00410334  1.43751e-17   0.00419942 -9.64543e-18  -0.00420663 -1.71205e-18  -0.00152602  1.68015e-18    0.0028263  3.43797e-18  0.000418059 -1.71223e-18  -0.00144537 -1.61695e-18  -0.00015878  1.46553e-18  0.000540681  6.45881e-20  0.000114372 -1.01529e-19 -9.55944e-05  -4.6822e-20 -3.16349e-05 -7.20272e-21
-3.96378e-07 -1.40331e-19  8.34745e-06  5.29876e-19 -6.83963e-05 -7.74015e-19  0.000333184  8.93982e-19  -0.00109333 -1.05008e-18    0.0025111  5.36055e-18  -0.00391201 -1.00219e-17   0.00332045  2.70351e-18   0.00123141  1.01272e-17  -0.00842842 -6.81657e-18    0.0121159 -5.92345e-18  -0.00626395  3.15955e-18  -0.00621889  2.66443e-18     0.012876  4.15335e-18  -0.00536284 -3.75586e-18   -0.0077976 -8.86441e-18    0.0100915  1.77275e-17  0.000516628 -1.54708e-17  -0.00835489   7.8767e-19   0.00335396  1.34587e-17   0.00474859 -8.47271e-18  -0.00377237 -2.85522e-18  -0.00208165  5.41486e-19    0.0026203  4.47136e-18  0.000810817 -1.67365e-18  -0.00132644 -1.65396e-18  -0.00036623   1.1063e-18  0.000444005  1.30007e-19  0.000172216  8.59898e-20 -3.93095e-05 -1.24716e-20 -1.56609e-05
 9.51915e-21 -1.41024e-06  -2.8079e-19  1.76348e-05  6.57275e-19 -0.000116537 -1.29924e-18  0.000505448  1.51158e-18  -0.00155948 -2.21737e-18   0.00350773  7.00452e-18  -0.00561442 -9.17085e-18   0.00560183 -9.26793e-19  -0.00103671  1.00556e-17  -0.00698433  1.65329e-19    0.0118641 -1.13121e-17  -0.00674229  1.81984e-18  -0.00576252  4.15335e-18    0.0126156  5.61523e-18  -0.00501003 -8.37931e-18  -0.00808103 -2.81769e-18   0.00973736  1.72553e-17   0.00129212 -2.07741e-17  -0.00848002  3.96656e-18   0.00259911  1.22398e-17   0.00520389 -5.24218e-18  -0.00327341 -4.61724e-18  -0.00256849 -7.78629e-19   0.00233209  5.11831e-18   0.00115727 -1.32222e-18  -0.00113985 -1.61565e-18 -0.000532565  5.25742e-19  0.000312376   1.1306e-19  0.000189506  1.70653e-19  4.87654e-06   1.9999e-20
 4.31079e-08  3.94576e-20 -1.23836e-06 -3.41022e-19  1.42284e-05  8.97896e-19 -9.77764e-05 -1.98574e-18  0.000454376  2.18212e-18  -0.00150723 -3.22937e-18   0.00363435  7.36443e-18  -0.00625387 -6.06645e-18   0.00696277 -5.65405e-18  -0.00279249  8.93989e-18  -0.00565479  7.82333e-18    0.0115408 -1.51758e-17  -0.00713868 -3.61652e-19  -0.00536284  5.61523e-18    0.0124061  7.26385e-18   -0.0046984 -1.39735e-17  -0.00834561  3.35048e-18   0.00939232  1.71993e-17   0.00202001 -2.40239e-17   -0.0085405  4.32349e-18   0.00184342  1.06953e-17   0.00557046 -5.03918e-19  -0.00272118 -6.27187e-18  -0.00298028 -2.18486e-18   0.00197232  5.23552e-18   0.00144385 -7.21952e-19  -0.00089568 -1.31767e-18  -0.00064285 -1.29274e-19  0.000161037  2.68623e-20  0.000159869  1.44478e-19  1.79363e-05
 5.16007e-21  -6.9312e-07  5.74221e-20  7.17355e-06 -3.71569e-19 -3.44437e-05  1.34623e-18   8.0173e-05 -2.75621e-18  1.00244e-05   2.8397e-18 -0.000741097 -3.90715e-18   0.00279051  6.46438e-18  -0.00590661 -1.32794e-18    0.0075941 -1.08516e-17  -0.00418926   7.3026e-18  -0.00440434  1.40843e-17    0.0111824  -1.6042e-17  -0.00748616 -3.75586e-18  -0.00501003  7.26385e-18    0.0122443  9.23013e-18  -0.00442065 -2.00649e-17  -0.00859901  8.69366e-18   0.00905661   1.7353e-17   0.00270864 -2.41108e-17  -0.00854509  1.67519e-18   0.00108929  8.77617e-18   0.00585238  4.85915e-18  -0.00212489 -7.13274e-18  -0.00331119 -3.48024e-18   0.00155158  4.79406e-18   0.00165749 -8.43901e-21 -0.000606895 -7.29362e-19 -0.000683441 -6.00422e-19  1.14115e-05 -6.20879e-20  9.13055e-05  6.51605e-20
  2.0744e-07  3.56823e-20 -4.26682e-06  5.00301e-20  3.35172e-05 -4.61857e-19 -0.000152075  1.95586e-18  0.000441087 -3.48763e-18  -0.00079156  3.44949e-18  0.000559474 -4.42913e-18   0.00131575   4.9895e-18   -0.0049598  3.88291e-18    0.0077679 -1.56621e-17  -0.00532183  5.47368e-18  -0.00324574  1.77324e-17    0.0108172 -1.36715e-17   -0.0077976 -8.37931e-18   -0.0046984  9.23013e-18    0.0121249  1.14961e-17  -0.00417059 -2.59342e-17  -0.00884699  1.23253e-17   0.00872964  1.74552e-17   0.00336567  -2.0568e-17  -0.00850011 -3.40673e-18  0.000337472  6.37545e-18   0.00605237  9.76687e-18  -0.00149206 -6.82821e-18  -0.00355506 -4.38502e-18   0.00108084  3.85937e-18   0.00178516  6.44004e-19 -0.000290537 -8.30837e-20 -0.000643695 -7.20626e-19 -0.000103726 -9.82508e-20  2.21705e-05
 -9.2288e-21  9.65438e-07  6.21055e-20 -1.17834e-05  1.73096e-20  7.48305e-05 -6.21384e-19 -0.000305604  2.53114e-18  0.000860771 -4.01226e-18  -0.00166644  4.03098e-18   0.00195264 -5.16173e-18 -0.000309774  3.76454e-18  -0.00376956  8.54339e-18    0.0076485  -1.9212e-17  -0.00622335  3.32325e-18  -0.00218558  1.88642e-17    0.0104527 -8.86441e-18  -0.00808103 -1.39735e-17  -0.00442065  1.14961e-17     0.012044  1.38564e-17  -0.00394377  -3.0589e-17  -0.00909459  1.33668e-17   0.00841024  1.73639e-17   0.00399826 -1.37972e-17  -0.00840972 -9.67776e-18 -0.000412417   3.4753e-18   0.00617143  1.31489e-17 -0.000829093 -5.54798e-18  -0.00370473 -4.59886e-18  0.000572387  2.58039e-18   0.00181355  1.08272e-18  2.98378e-05  3.04126e-19 -0.000516786 -5.50812e-19 -0.000139949 -7.08172e-20
-7.28811e-08  -3.6223e-20  1.74352e-06  8.42968e-20 -1.66747e-05 -6.37368e-20  9.68423e-05 -7.23041e-19 -0.000386004  2.79816e-18   0.00110293  -4.1513e-18  -0.00224951  4.62509e-18   0.00303058 -6.34532e-18   -0.0017587  3.18928e-18  -0.00252208  1.21157e-17   0.00731318 -2.07029e-17  -0.00692306  3.33059e-19  -0.00121307  1.84882e-17    0.0100915 -2.81769e-18  -0.00834561 -2.00649e-17  -0.00417059  1.38564e-17    0.0119992  1.59218e-17  -0.00373643 -3.28829e-17  -0.00934637  1.11566e-17   0.00809662  1.70496e-17   0.00461317 -5.01945e-18  -0.00827606 -1.55077e-17  -0.00116154  4.02727e-19   0.00620857  1.42742e-17 -0.000142004 -4.01758e-18  -0.00375136 -3.98727e-18  4.10798e-05  1.20228e-18   0.00172878  1.26453e-18  0.000323115  3.71016e-19 -0.000308491 -2.74664e-19 -8.46538e-05
   1.521e-21  1.55445e-07 -5.40423e-20 -1.06295e-06    1.433e-19  -4.3586e-07 -2.61525e-19  4.08568e-05 -5.66569e-19 -0.000266759  2.54029e-18  0.000974389 -3.82939e-18  -0.00232809  5.24989e-18   0.00362107 -7.90105e-18   -0.0029193  3.06484e-18  -0.00129141  1.44548e-17   0.00681897 -1.95959e-17  -0.00745825 -3.95296e-18 -0.000315465  1.77275e-17   0.00973736  3.35048e-18  -0.00859901 -2.59342e-17  -0.00394377  1.59218e-17    0.0119892  1.72059e-17   -0.0035452 -3.18809e-17  -0.00960655  5.73311e-18   0.00778642  1.65056e-17   0.00521677  3.94763e-18   -0.0080993  -1.9328e-17  -0.00191147 -2.06208e-18   0.00616039  1.30922e-17  0.000562854 -3.03414e-18  -0.00368386  -2.8168e-18 -0.000494117  7.32472e-20   0.00151918  1.31063e-18  0.000545386  3.69194e-19 -7.88445e-05 -4.83334e-20
-9.25876e-08  7.10431e-21  1.84544e-06   -6.715e-20 -1.36965e-05  2.98271e-19  5.59034e-05 -6.49992e-19 -0.000128485 -3.68913e-20  8.96941e-05  1.75078e-18  0.000465027 -3.15975e-18  -0.00193213  5.86936e-18    0.0037635 -9.45985e-18  -0.00379406  2.82742e-18   -0.0001199  1.56326e-17    0.0062184 -1.59247e-17  -0.00786069 -9.46384e-18  0.000516628  1.72553e-17   0.00939232  8.69366e-18  -0.00884699  -3.0589e-17  -0.00373643  1.72059e-17    0.0120129  1.73053e-17  -0.00336715 -2.74218e-17  -0.00987916 -1.78458e-18   0.00747672  1.57583e-17   0.00581519  1.10614e-17  -0.00787757  -2.0222e-17  -0.00266388 -2.94722e-18   0.00602069   1.0346e-17   0.00127764 -2.83759e-18  -0.00348899 -1.77581e-18  -0.00100577  -4.8278e-19   0.00117813  1.37831e-18  0.000618708  4.45423e-19   4.6548e-05
  3.6683e-21 -5.02563e-07  1.01014e-20  6.04163e-06 -1.04232e-19 -3.72704e-05  5.76311e-19  0.000144555 -1.22021e-18 -0.000370065  7.68488e-19  0.000579407   6.7102e-19 -0.000258401 -2.37234e-18  -0.00123872   6.3943e-18   0.00357307 -1.05363e-17  -0.00440803  1.89931e-18  0.000960733  1.58929e-17   0.00555021 -1.04437e-17  -0.00815345 -1.54708e-17   0.00129212  1.71993e-17   0.00905661  1.23253e-17  -0.00909459 -3.28829e-17   -0.0035452  1.73053e-17    0.0120704  1.61099e-17  -0.00319964 -2.05391e-17   -0.0101682 -9.43912e-18    0.0071639  1.49707e-17   0.00641436  1.46516e-17  -0.00760678 -1.84366e-17  -0.00342003 -1.62343e-18   0.00578004  7.28485e-18   0.00199114 -2.93954e-18  -0.00314966 -1.59954e-18  -0.00145301 -5.01234e-19  0.000700703  1.34987e-18  0.000465831  3.76518e-19
 4.59614e-08  7.36235e-21 -1.08505e-06  1.09151e-20  1.01283e-05 -1.79907e-19 -5.67588e-05  9.25753e-19  0.000215095 -1.82844e-18 -0.000569898  1.57792e-18   0.00101871 -3.60522e-19 -0.000980818 -1.65566e-18 -0.000428791  6.72492e-18   0.00315148  -1.0712e-17  -0.00478676 -5.08297e-20   0.00193429  1.56013e-17   0.00483945 -4.41386e-18  -0.00835489 -2.07741e-17   0.00202001   1.7353e-17   0.00872964  1.33668e-17  -0.00934637 -3.18809e-17  -0.00336715  1.61099e-17     0.012162  1.39458e-17  -0.00304015 -1.33054e-17   -0.0104779 -1.52826e-17   0.00684357  1.44576e-17   0.00702001  1.40392e-17  -0.00728032 -1.53931e-17  -0.00418024  1.72541e-18   0.00542428  5.09797e-18   0.00268707 -2.65893e-18  -0.00264598 -2.48419e-18  -0.00178501 -5.20357e-19  0.000134613  9.13644e-19   0.00017409
-2.39788e-21 -2.43609e-08  8.87729e-21 -1.80645e-07  5.51426e-21  5.16765e-06 -2.62292e-19 -4.24135e-05  1.22242e-18  0.000199237  -2.2642e-18 -0.000613399   2.1315e-18   0.00126133 -1.11472e-18   -0.0015552 -1.08682e-18   0.00037842  6.79619e-18   0.00257466 -9.76985e-18  -0.00496059 -2.93141e-18   0.00279704  1.50648e-17   0.00410334   7.8767e-19  -0.00848002 -2.40239e-17   0.00270864  1.74552e-17   0.00841024  1.11566e-17  -0.00960655 -2.74218e-17  -0.00319964  1.39458e-17    0.0122891   1.1574e-17  -0.00288621 -8.05172e-18   -0.0108127 -1.81521e-17   0.00651026  1.45828e-17   0.00763781  9.73759e-18  -0.00688824 -1.29856e-17  -0.00494328  5.89364e-18   0.00493517  4.42257e-18   0.00334105 -1.79654e-18  -0.00196681 -3.80131e-18  -0.00190556 -9.53053e-19 -0.000294696  2.47126e-19
 3.90771e-08 -4.77335e-21 -7.55398e-07  1.39169e-20  5.28026e-06   -2.531e-20  -1.8862e-05 -2.83442e-19    2.734e-05   1.3455e-18  6.41435e-05 -2.39817e-18 -0.000461651  2.32956e-18   0.00126349 -1.53695e-18  -0.00192634 -6.79722e-19   0.00111569  6.58173e-18   0.00190381 -7.80872e-18  -0.00496212  -6.1388e-18   0.00355072  1.43751e-17   0.00335396  3.96656e-18   -0.0085405 -2.41108e-17   0.00336567  1.73639e-17   0.00809662  5.73311e-18  -0.00987916 -2.05391e-17  -0.00304015   1.1574e-17    0.0124535  9.98836e-18  -0.00273529 -6.41902e-18   -0.0111775 -1.78496e-17   0.00615711  1.56616e-17   0.00827314  3.13385e-18  -0.00641729 -1.24371e-17  -0.00570415  8.88211e-18   0.00428972  5.17172e-18   0.00390536 -6.96893e-19  -0.00109821  -4.4487e-18  -0.00161904 -1.32247e-18 -0.000313427
-7.82979e-23  2.21989e-07 -5.90621e-21 -2.65472e-06  3.71992e-20  1.60945e-05 -1.08214e-19  -5.9915e-05  -1.9544e-19  0.000139075  1.26908e-18 -0.000156559 -2.25769e-18 -0.000163499  2.20709e-18   0.00106382 -1.66215e-18  -0.00209491 -4.32352e-19   0.00174439  6.08237e-18   0.00118812 -5.31208e-18  -0.00482087 -8.69475e-18   0.00419942  1.34587e-17   0.00259911  4.32349e-18  -0.00854509  -2.0568e-17   0.00399826  1.70496e-17   0.00778642 -1.78458e-18   -0.0101682 -1.33054e-17  -0.00288621  9.98836e-18    0.0126577  1.00067e-17  -0.00258465 -8.73095e-18   -0.0115777 -1.48973e-17   0.00577565  1.78419e-17   0.00893076  -4.0154e-18  -0.00584862 -1.34078e-17  -0.00645145  8.92768e-18   0.00345019   6.6327e-18   0.00431367  2.76014e-19 -1.73745e-05  -3.6862e-18 -0.000864241 -9.27813e-19
 -1.9973e-08  3.54082e-22  4.82791e-07 -1.08002e-20 -4.57742e-06   9.2644e-20  2.57544e-05 -2.50365e-19 -9.63026e-05 -2.41168e-20  0.000244027  1.08095e-18 -0.000384906 -1.95014e-18  0.000191975  1.81274e-18  0.000730316 -1.53502e-18  -0.00208356 -3.09554e-19   0.00224424  5.34338e-18  0.000464315 -3.04264e-18  -0.00456197 -9.64543e-18   0.00474859  1.22398e-17   0.00184342  1.67519e-18  -0.00850011 -1.37972e-17   0.00461317  1.65056e-17   0.00747672 -9.43912e-18   -0.0104779 -8.05172e-18  -0.00273529  1.00067e-17    0.0129054  1.17847e-17  -0.00243127 -1.38788e-17   -0.0120196 -1.02378e-17   0.00535437  2.08456e-17   0.00961528 -9.92614e-18   -0.0051546 -1.41684e-17  -0.00716927  5.96004e-18   0.00238249  7.63816e-18   0.00449058  9.62205e-19   0.00106564 -1.95692e-18 -0.000117593
 5.15297e-22  1.06945e-08  1.93646e-21  1.11744e-07 -2.63896e-20 -2.71442e-06  1.78828e-19  2.14789e-05 -4.16371e-19 -9.79531e-05  1.35683e-19  0.000289282  9.05569e-19 -0.000548387 -1.53705e-18  0.000526319  1.16434e-18   0.00032699 -1.22144e-18  -0.00192322 -2.16454e-19   0.00260888  4.46708e-18 -0.000241159 -1.72554e-18  -0.00420663 -8.47271e-18   0.00520389  1.06953e-17   0.00108929 -3.40673e-18  -0.00840972 -5.01945e-18   0.00521677  1.57583e-17    0.0071639 -1.52826e-17   -0.0108127 -6.41902e-18  -0.00258465  1.17847e-17    0.0132011  1.45547e-17  -0.00227134 -1.97591e-17   -0.0125108 -4.92879e-18   0.00487848  2.36902e-17    0.0103301  -1.2882e-17  -0.00430719 -1.29995e-17  -0.00782159  1.84029e-18   0.00107613  6.87437e-18   0.00416419  1.03366e-18   0.00147934 -5.64723e-19
-1.59737e-08  4.87569e-24  3.05749e-07  6.11604e-21 -2.07897e-06 -5.35942e-20  6.82959e-06  2.72283e-19 -5.52809e-06  -5.3772e-19 -4.94941e-05   1.8359e-19  0.000251051  8.10593e-19 -0.000611378 -1.00942e-18  0.000790906  3.16613e-19 -9.44494e-05 -8.44727e-19   -0.0016479 -1.47456e-20   0.00284088  3.56149e-18 -0.000909193 -1.71205e-18  -0.00377237 -5.24218e-18   0.00557046  8.77617e-18  0.000337472 -9.67776e-18  -0.00827606  3.94763e-18   0.00581519  1.49707e-17   0.00684357 -1.81521e-17   -0.0111775 -8.73095e-18  -0.00243127  1.45547e-17    0.0135509  1.68796e-17  -0.00210071  -2.4193e-17   -0.0130595  1.51143e-19   0.00433086  2.46625e-17    0.0110714 -1.14983e-17  -0.00325741 -9.71211e-18  -0.00831157 -1.41779e-18 -0.000563104  3.77419e-18   0.00285233  2.99246e-19  0.000869386
 2.02432e-23 -8.29239e-08 -2.31957e-21   1.0066e-06  1.30933e-20 -6.14778e-06 -8.39702e-20  2.26513e-05  3.38057e-19 -4.94567e-05 -5.54931e-19  3.72326e-05  7.67978e-20  0.000141862  7.86741e-19 -0.000573908 -3.70883e-19  0.000962759 -5.80476e-19 -0.000494445 -5.63826e-19  -0.00129067  4.31505e-19   0.00294766  2.65581e-18  -0.00152602 -2.85522e-18  -0.00327341 -5.03918e-19   0.00585238  6.37545e-18 -0.000412417 -1.55077e-17   -0.0080993  1.10614e-17   0.00641436  1.44576e-17   0.00651026 -1.78496e-17   -0.0115777 -1.38788e-17  -0.00227134  1.68796e-17    0.0139619  1.74157e-17  -0.00191399 -2.59144e-17   -0.0136753  4.27748e-18   0.00367908  2.18757e-17    0.0118331 -5.75866e-18  -0.00191434 -5.63429e-18  -0.00857637 -3.13851e-18  -0.00262195 -1.23239e-19  0.000805091 -3.63716e-19
 5.91821e-09  7.01179e-22 -1.55198e-07 -6.28589e-21  1.57474e-06  2.08869e-20 -9.32435e-06 -1.05454e-19  3.59519e-05  3.52829e-19  -9.1055e-05 -4.57164e-19  0.000132114 -1.58886e-19 -5.54805e-06  7.96595e-19 -0.000455848  2.96585e-19    0.0010362 -1.33009e-18 -0.000844807 -5.03751e-19 -0.000881333  1.20148e-18   0.00293914  1.68015e-18  -0.00208165 -4.61724e-18  -0.00272118  4.85915e-18   0.00605237   3.4753e-18  -0.00116154  -1.9328e-17  -0.00787757  1.46516e-17   0.00702001  1.45828e-17   0.00615711 -1.48973e-17   -0.0120196 -1.97591e-17  -0.00210071  1.74157e-17    0.0144446  1.57187e-17  -0.00170117 -2.49331e-17   -0.0143739  6.35765e-18   0.00288574  1.45394e-17    0.0126203  2.00103e-18  -0.00025367 -1.48588e-18  -0.00849832  -2.7338e-18  -0.00430117 -1.73408e-18 -0.000462541
-1.82954e-22 -1.10363e-08  2.33025e-21  3.27998e-08 -1.08344e-20  6.45694e-07  2.67238e-20 -7.09463e-06 -1.12765e-19  3.59269e-05  3.22276e-19 -0.000110299 -2.85227e-19  0.000205506 -4.61099e-19 -0.000156909  8.15806e-19 -0.000284176   8.6818e-19   0.00101701 -1.79714e-18  -0.00112723 -6.97717e-19   -0.0004458  2.26112e-18    0.0028263  5.41486e-19  -0.00256849 -6.27187e-18  -0.00212489  9.76687e-18   0.00617143  4.02727e-19  -0.00191147  -2.0222e-17  -0.00760678  1.40392e-17   0.00763781  1.56616e-17   0.00577565 -1.02378e-17   -0.0125108  -2.4193e-17  -0.00191399  1.57187e-17    0.0150121  1.24453e-17   -0.0014575 -2.17284e-17   -0.0151689  4.59232e-18   0.00192978   4.0587e-18    0.0133584  8.21375e-18   0.00176652  3.94482e-18  -0.00719221  5.03405e-19  -0.00392889 -6.09562e-19
  5.8212e-09 -4.20523e-22 -1.14386e-07  4.51078e-21  8.03136e-07   -1.462e-20 -2.76265e-06  2.95706e-20  2.73638e-06 -1.12217e-19  1.81918e-05  2.76873e-19 -9.82451e-05  -1.0104e-19  0.000240194 -7.61237e-19  -0.00028582  8.25133e-19 -8.63901e-05  1.26241e-18  0.000918078 -1.96716e-18  -0.00133115 -1.07155e-18 -6.31851e-06  3.43797e-18    0.0026203 -7.78629e-19  -0.00298028 -7.13274e-18  -0.00149206  1.31489e-17   0.00620857 -2.06208e-18  -0.00266388 -1.84366e-17  -0.00728032  9.73759e-18   0.00827314  1.78419e-17   0.00535437 -4.92879e-18   -0.0130595 -2.59144e-17  -0.00170117  1.24453e-17    0.0156776  8.85409e-18  -0.00117042 -1.58118e-17     -0.01606 -2.23734e-18  0.000673472 -6.24804e-18    0.0138679  1.08957e-17    0.0046333   1.0502e-17  -0.00360781  4.02664e-18  -0.00163411
 3.79521e-23   2.3755e-08 -6.19264e-22 -3.04474e-07  6.26035e-21  1.95977e-06  -1.6387e-20 -7.56636e-06  3.08774e-20  1.70684e-05 -1.15569e-19 -1.19858e-05  2.49322e-19 -5.91153e-05  4.56263e-20  0.000232557 -9.93461e-19 -0.000375684  7.89387e-19  0.000112835  1.48159e-18  0.000756053 -1.92059e-18  -0.00145187 -1.46912e-18  0.000418059  4.47136e-18   0.00233209 -2.18486e-18  -0.00331119 -6.82821e-18 -0.000829093  1.42742e-17   0.00616039 -2.94722e-18  -0.00342003 -1.53931e-17  -0.00688824  3.13385e-18   0.00893076  2.08456e-17   0.00487848  1.51143e-19   -0.0136753 -2.49331e-17   -0.0014575  8.85409e-18    0.0164645  6.21184e-18 -0.000787531 -6.14974e-18   -0.0170948 -1.18405e-17  -0.00104346 -1.18936e-17    0.0143558  1.18778e-17   0.00855884  1.46721e-17  0.000730614  3.95571e-18
-7.87022e-10 -8.61231e-23  2.87615e-08 -4.20652e-22 -3.61904e-07  6.36974e-21  2.48638e-06 -1.51934e-20  -1.0664e-05  3.22008e-20   2.9112e-05 -1.28577e-19 -4.37115e-05  2.52576e-19 -4.92884e-06  1.31987e-19  0.000188533 -1.10322e-18 -0.000418843  6.70815e-19  0.000293301  1.58313e-18  0.000549144 -1.77626e-18  -0.00148899 -1.71223e-18  0.000810817  5.11831e-18   0.00197232 -3.48024e-18  -0.00355506 -5.54798e-18 -0.000142004  1.30922e-17   0.00602069 -1.62343e-18  -0.00418024 -1.29856e-17  -0.00641729  -4.0154e-18   0.00961528  2.36902e-17   0.00433086  4.27748e-18   -0.0143739 -2.17284e-17  -0.00117042  6.21184e-18    0.0174202  5.34561e-18 -0.000334263  5.01714e-18   -0.0183775 -1.78288e-17  -0.00308472 -8.37373e-18    0.0144964  1.50345e-17    0.0109042  1.37011e-17   0.00212071
 3.29135e-23  6.70727e-09 -5.04678e-22 -5.18616e-08  6.43731e-22  5.94304e-08  4.10261e-21   1.2594e-06 -1.07827e-20 -9.22779e-06  3.22265e-20  3.29627e-05 -1.45192e-19 -6.67642e-05  2.74416e-19    5.072e-05  1.62191e-19  0.000119316 -1.07249e-18 -0.000414933  4.67306e-19  0.000439768  1.62834e-18  0.000315808 -1.65028e-18  -0.00144537 -1.67365e-18   0.00115727  5.23552e-18   0.00155158 -4.38502e-18  -0.00370473 -4.01758e-18  0.000562854   1.0346e-17   0.00578004  1.72541e-18  -0.00494328 -1.24371e-17  -0.00584862 -9.92614e-18    0.0103301  2.46625e-17   0.00367908  6.35765e-18   -0.0151689 -1.58118e-17 -0.000787531  5.34561e-18    0.0185569  6.04333e-18  0.000177653  1.01547e-17   -0.0196296 -1.57269e-17  -0.00573618  2.77442e-18    0.0115124  1.81969e-17   0.00810519  7.84479e-18
