   0.0751476 -1.72904e-17   -0.0461811  4.20757e-17   -0.0257959 -2.61067e-17  -0.00850915  -9.7414e-18  -0.00212151 -1.12832e-17 -0.000431262 -5.29436e-18 -7.35572e-05  -1.7576e-20 -1.02528e-05    3.182e-19 -1.06143e-06  7.64206e-20 -6.80333e-08  6.27125e-21 -1.69394e-09
-1.72904e-17      0.14949  1.04458e-18   -0.0176107  3.85671e-17   -0.0306523 -2.63106e-17   -0.0146289 -2.02534e-17  -0.00462172 -1.90075e-17  -0.00107644 -5.66034e-18 -0.000185798  2.71089e-19 -2.27459e-05  4.03216e-19 -1.78978e-06  7.23327e-20  -7.1824e-08  3.27568e-21
  -0.0461811  1.04458e-18     0.154646  5.22238e-17    0.0276583  3.10639e-17   -0.0121529  -1.5251e-17  -0.00974995 -2.49454e-17  -0.00349649 -1.78915e-17 -0.000806169 -3.26158e-18 -0.000124945   7.1461e-19 -1.24945e-05  3.42627e-19 -7.07068e-07  3.82858e-20 -1.47045e-08
 4.20757e-17   -0.0176107  5.22238e-17     0.132881  8.94589e-17    0.0586522  3.67089e-17    0.0118581 -4.08541e-18  0.000435528 -2.09625e-17 -0.000407898  -1.0741e-17 -0.000113735 -4.64665e-19 -1.40745e-05  8.19766e-19 -7.73372e-07  1.96234e-19 -6.39785e-09  1.09771e-20
  -0.0257959  3.85671e-17    0.0276583  8.94589e-17     0.119959  9.66859e-17    0.0735091  4.55353e-17    0.0272775  2.72498e-18   0.00742957 -1.18851e-17   0.00157093 -3.53024e-18  0.000253905  9.61615e-19  2.90077e-05  5.63897e-19  1.99359e-06  7.27573e-20  5.25378e-08
-2.61067e-17   -0.0306523  3.10639e-17    0.0586522  9.66859e-17     0.111982  9.13815e-17    0.0730418  4.67675e-17    0.0296329  5.96283e-18   0.00844037 -3.57957e-18   0.00171936  3.96117e-19  0.000242178  1.01296e-18  2.15542e-05  2.52801e-19  9.68738e-07  1.54881e-20
 -0.00850915 -2.63106e-17   -0.0121529  3.67089e-17    0.0735091  9.13815e-17    0.0973686  8.19288e-17    0.0591341  3.86441e-17    0.0225736  6.53934e-18   0.00585885  7.79088e-19   0.00103787  1.29563e-18   0.00011963  5.57172e-19   7.8867e-06  7.36415e-20  1.94329e-07
 -9.7414e-18   -0.0146289  -1.5251e-17    0.0118581  4.55353e-17    0.0730418  8.19288e-17    0.0734166  6.45636e-17     0.038858    2.566e-17    0.0130554  5.20545e-18   0.00292348  1.70807e-18  0.000430837  8.78218e-19  3.88051e-05  1.98827e-19  1.72759e-06  1.24712e-20
 -0.00212151 -2.02534e-17  -0.00974995 -4.08541e-18    0.0272775  4.67675e-17    0.0591341  6.45636e-17    0.0462868   4.1409e-17    0.0206508  1.37347e-17   0.00589516  3.20917e-18   0.00110273  1.16325e-18  0.000130557  3.64968e-19   8.6781e-06  4.66079e-20  2.12972e-07
-1.12832e-17  -0.00462172 -2.49454e-17  0.000435528  2.72498e-18    0.0296329  3.86441e-17     0.038858   4.1409e-17    0.0239842  2.10141e-17   0.00886342  6.02162e-18   0.00210321  1.57673e-18  0.000320354  5.12358e-19  2.93228e-05  1.03162e-19  1.31162e-06  6.41854e-21
-0.000431262 -1.90075e-17  -0.00349649 -2.09625e-17   0.00742957  5.96283e-18    0.0225736    2.566e-17    0.0206508  2.10141e-17    0.0101338  8.48086e-18    0.0030699   2.2307e-18  0.000595271   6.2281e-19  7.19126e-05  1.60682e-19  4.82546e-06  1.95825e-20  1.18683e-07
-5.29436e-18  -0.00107644 -1.78915e-17 -0.000407898 -1.18851e-17   0.00844037  6.53934e-18    0.0130554  1.37347e-17   0.00886342  8.48086e-18   0.00347729  2.80259e-18  0.000856506  7.22323e-19  0.000133408  1.95762e-19  1.23609e-05  3.61207e-20  5.55826e-07  2.20863e-21
-7.35572e-05 -5.66034e-18 -0.000806169  -1.0741e-17   0.00157093 -3.57957e-18   0.00585885  5.20545e-18   0.00589516  6.02162e-18    0.0030699  2.80259e-18  0.000965733  7.98297e-19    0.0001917  2.06451e-19  2.34794e-05  4.77022e-20  1.58684e-06  5.57669e-21  3.91326e-08
 -1.7576e-20 -0.000185798 -3.26158e-18 -0.000113735 -3.53024e-18   0.00171936  7.79088e-19   0.00292348  3.20917e-18   0.00210321   2.2307e-18  0.000856506  7.98297e-19  0.000216041  2.06563e-19  3.41443e-05  5.04704e-20  3.19007e-06  8.64784e-21  1.44025e-07  5.15793e-22
-1.02528e-05  2.71089e-19 -0.000124945 -4.64665e-19  0.000253905  3.96117e-19   0.00103787  1.70807e-18   0.00110273  1.57673e-18  0.000595271  7.22323e-19    0.0001917  2.06563e-19  3.86214e-05  4.87936e-20  4.77282e-06  9.93704e-21   3.2415e-07  1.09014e-21  8.01067e-09
   3.182e-19 -2.27459e-05   7.1461e-19 -1.40745e-05  9.61615e-19  0.000242178  1.29563e-18  0.000430837  1.16325e-18  0.000320354   6.2281e-19  0.000133408  2.06451e-19  3.41443e-05  4.87936e-20  5.44589e-06  9.90109e-21   5.1154e-07  1.46756e-21   2.3159e-08  8.20716e-23
-1.06143e-06  4.03216e-19 -1.24945e-05  8.19766e-19  2.90077e-05  1.01296e-18   0.00011963  8.78218e-19  0.000130557  5.12358e-19  7.19126e-05  1.95762e-19  2.34794e-05  5.04704e-20  4.77282e-06  9.90109e-21  5.93087e-07  1.58003e-21  4.04063e-08  1.48762e-22  1.00003e-09
 7.64206e-20 -1.78978e-06  3.42627e-19 -7.73372e-07  5.63897e-19  2.15542e-05  5.57172e-19  3.88051e-05  3.64968e-19  2.93228e-05  1.60682e-19  1.23609e-05  4.77022e-20  3.19007e-06  9.93704e-21   5.1154e-07  1.58003e-21   4.8206e-08  1.81485e-22  2.18629e-09  8.73761e-24
-6.80333e-08  7.23327e-20 -7.07068e-07  1.96234e-19  1.99359e-06  2.52801e-19   7.8867e-06  1.98827e-19   8.6781e-06  1.03162e-19  4.82546e-06  3.61207e-20  1.58684e-06  8.64784e-21   3.2415e-07  1.46756e-21  4.04063e-08  1.81485e-22  2.75795e-09  1.34919e-23  6.83238e-11
 6.27125e-21  -7.1824e-08  3.82858e-20 -6.39785e-09  7.27573e-20  9.68738e-07  7.36415e-20  1.72759e-06  4.66079e-20  1.31162e-06  1.95825e-20  5.55826e-07  5.57669e-21  1.44025e-07  1.09014e-21   2.3159e-08  1.48762e-22  2.18629e-09  1.34919e-23  9.92584e-11  5.28716e-25
-1.69394e-09  3.27568e-21 -1.47045e-08  1.09771e-20  5.25378e-08  1.54881e-20  1.94329e-07  1.24712e-20  2.12972e-07  6.41854e-21  1.18683e-07  2.20863e-21  3.91326e-08  5.15793e-22  8.01067e-09  8.20716e-23  1.00003e-09  8.73761e-24  6.83238e-11  5.28716e-25  1.69361e-12
