 5.05576e-17   2.9682e-33 -1.68063e-15 -1.57901e-31  2.12986e-14  2.12577e-30 -1.58393e-13   -1.166e-29  7.93651e-13  1.10066e-30 -2.85894e-12  4.10077e-28  7.64951e-12 -3.14696e-27 -1.53981e-11  1.39636e-26  2.32096e-11 -4.35083e-26 -2.54661e-11  1.02109e-25  1.87947e-11 -1.88102e-25 -7.02553e-12  2.83119e-25 -1.54507e-12  -3.6827e-25  2.89739e-12  4.45295e-25 -5.31553e-13 -5.25984e-25  -7.1358e-13  5.95033e-25  2.44337e-13 -6.05238e-25  1.78863e-13  5.25377e-25 -5.95872e-14 -3.76596e-25 -4.92733e-14   2.1016e-25  7.45332e-15 -6.81458e-26   1.2594e-14  -2.7566e-26  1.21098e-15   7.3306e-26  -2.2998e-15 -8.31268e-26 -9.09993e-16   7.6234e-26  1.42824e-16 -6.14821e-26  2.10827e-16  4.11236e-26  5.16592e-17 -2.14335e-26 -1.42223e-17  9.33497e-27 -1.32608e-17 -4.78412e-27 -3.25616e-18  3.35268e-27  4.38834e-19 -2.35655e-27  5.81806e-19  1.53292e-27  1.88272e-19 -9.81701e-28  1.49595e-20  5.75783e-28 -1.25884e-20 -2.71299e-28 -6.47438e-21  9.75796e-29 -1.52521e-21 -2.74654e-29 -9.73936e-23  4.71221e-30  7.06407e-23  1.41562e-30  3.27861e-23 -1.27925e-30  7.81343e-24  2.10664e-31  1.02333e-24  2.65729e-32 -2.28565e-26  2.04543e-32    -5.08e-26 -1.03911e-32 -1.49693e-26 -2.50926e-33 -2.75111e-27  1.50919e-33 -3.36695e-28 -2.56921e-34 -1.94121e-29  6.37911e-36  2.54301e-30  4.18423e-35  9.50369e-31 -1.22462e-35  1.63212e-31 -9.03699e-37   1.9573e-32  4.22737e-37  1.73759e-33 -9.38063e-40  1.09263e-34 -4.08427e-39  3.69361e-36  6.51428e-40 -1.15297e-37  3.45264e-41 -2.71108e-38 -1.16606e-41 -2.14819e-39 -9.82158e-43 -1.05133e-40  2.33474e-43 -3.33778e-42  1.77921e-44 -6.59004e-44 -6.39419e-46 -7.11139e-46 -6.40559e-48
  2.9682e-33  2.43378e-15  1.01945e-31 -4.58622e-14 -3.72561e-30  4.41072e-13  3.89536e-29 -2.70865e-12 -1.61907e-28  1.16548e-11 -2.39265e-28 -3.68112e-11  6.77985e-27    8.728e-11 -4.30627e-26  -1.5614e-10  1.69037e-25  2.07979e-10 -4.75945e-25 -1.97535e-10  1.02106e-24  1.18239e-10 -1.73762e-24 -2.33488e-11  2.45446e-24 -2.41804e-11 -3.07272e-24  1.74324e-11  3.66904e-24  1.94707e-12 -4.29083e-24 -5.39144e-12  4.69264e-24  2.48203e-14 -4.49158e-24  1.43898e-12  3.61346e-24  5.43243e-14  -2.3921e-24 -3.49099e-13  1.22116e-24 -6.64361e-14  -3.0846e-25  6.56645e-14 -2.65337e-25  2.99689e-14  4.99093e-25 -5.34606e-15 -5.05207e-25 -7.47585e-15  4.28892e-25 -1.44975e-15 -3.29737e-25   8.1124e-16  2.11673e-25  5.37991e-16 -1.03359e-25  7.72494e-17  4.04776e-26 -4.92036e-17 -1.96661e-26 -3.04141e-17  1.45931e-26 -5.97755e-18 -1.05302e-26  1.23401e-18  6.68483e-27  1.18255e-18 -4.13715e-27  3.56873e-19  2.39275e-27  3.11854e-20 -1.11801e-27 -1.92922e-20  3.88812e-28 -1.02439e-20 -1.01151e-28 -2.55116e-21  1.45779e-29 -2.71249e-22  6.79055e-30  5.81744e-23 -5.06696e-30  3.62462e-23  5.57883e-31  9.66039e-24  2.02134e-31  1.58625e-24  9.36049e-32  1.17588e-25 -5.13814e-32 -2.08745e-26 -8.82559e-33 -9.76298e-27  6.18063e-33 -2.10279e-27 -1.13428e-33 -3.09303e-28  4.30537e-35  -3.1488e-29  1.47409e-34 -1.66848e-30 -3.90581e-35  1.15252e-31 -3.81128e-36   4.1924e-32  1.27257e-36  6.03497e-33  1.71063e-38  5.94682e-34 -1.32204e-38  4.34629e-35  1.70051e-39  2.34561e-36  1.93334e-40  8.68534e-38 -3.16201e-41   1.6073e-39 -2.73623e-42 -2.61185e-41  6.41325e-43 -2.42101e-42  3.32255e-44 -6.79367e-44 -1.03223e-45 -5.81158e-46
-1.68063e-15  1.01945e-31  5.75672e-14  1.98418e-30 -7.52984e-13 -5.45053e-29  5.79065e-12  4.55767e-28 -3.00719e-11 -1.39892e-27  1.12585e-10 -4.90341e-27 -3.14193e-10  7.20978e-26  6.62853e-10 -3.90021e-25 -1.05468e-09   1.3662e-24  1.23661e-09 -3.48932e-24 -1.00162e-09  6.85335e-24  4.55557e-10 -1.07808e-23  1.87158e-11   1.4313e-23 -1.53741e-10 -1.73021e-23  5.24201e-11  2.04225e-23  3.18325e-11 -2.35181e-23 -2.01845e-11  2.46883e-23 -7.24028e-12 -2.21455e-23  5.37365e-12  1.65113e-23  2.18826e-12 -1.01499e-23 -1.05244e-12  4.78215e-24 -6.91655e-13 -8.63621e-25  8.84997e-14 -1.47276e-24  1.70072e-13  2.25454e-24  3.01436e-14 -2.06829e-24 -2.35378e-14  1.63909e-24 -1.34232e-14  -1.2125e-24 -6.78638e-16   7.5037e-25  1.95062e-15 -3.40897e-25   8.5685e-16  1.16317e-25  5.58352e-17 -5.30232e-26 -9.41915e-17  4.34713e-26 -4.56424e-17  -3.2452e-26 -7.61676e-18  1.98845e-26  1.89536e-18 -1.18026e-26  1.55856e-18  6.80407e-27  4.56767e-19 -3.20187e-27  4.84967e-20  1.07926e-27 -1.72183e-20 -2.53987e-28 -1.02177e-20  2.87383e-29 -2.72651e-21  2.12917e-29 -3.88833e-22  -1.3744e-29  9.40697e-24  7.01355e-31  2.21532e-23  8.29789e-31  6.88808e-24  3.02819e-31  1.31384e-24 -1.72712e-31   1.5913e-25 -2.07174e-32  5.96377e-27  1.74463e-32 -2.53288e-27 -3.35415e-33  -7.6827e-28  1.35408e-34 -1.31047e-28  3.62725e-34 -1.59332e-29 -8.65551e-35 -1.40084e-30 -1.04203e-35 -7.71621e-32  2.59633e-36 -7.60821e-35   6.9559e-38  5.32208e-34 -2.88493e-38  6.80124e-35  3.32253e-39  5.28755e-36  5.26544e-40  2.88455e-37 -6.57324e-41  1.11444e-38 -4.53188e-42  2.90933e-40   1.1252e-42  4.74917e-42  3.82104e-44  2.98255e-44  -8.2342e-46
-1.57901e-31 -4.58622e-14  1.98418e-30  8.91947e-13  2.68039e-29 -8.86906e-12 -5.82747e-28  5.64301e-11  3.96795e-27 -2.52198e-10  -8.4362e-27  8.29944e-10 -5.66244e-26  -2.0587e-09  5.77793e-25  3.87519e-09 -2.71452e-24 -5.47997e-09  8.54327e-24  5.61748e-09 -1.98533e-23 -3.78592e-09  3.57425e-23  1.12219e-09 -5.20148e-23  5.43159e-10  6.50825e-23 -6.06229e-10 -7.63798e-23  3.75444e-11   8.9327e-23   1.7066e-10 -1.00825e-22 -3.32224e-11  1.00928e-22 -4.52214e-11 -8.44562e-23   7.8179e-12  5.83136e-23   1.2125e-11  -3.3496e-23 -2.30783e-13  1.47167e-23 -2.86434e-12 -1.54549e-24 -5.97854e-13 -5.98633e-24  4.50001e-13  7.89767e-24  2.52744e-13 -6.61066e-24 -5.17281e-15  4.92371e-24 -4.76374e-14 -3.53905e-24 -1.63683e-14  2.11839e-24  1.52434e-15 -8.85607e-25  3.08799e-15   2.4962e-25  1.01738e-15 -1.05042e-25  7.71161e-19  1.02609e-25 -1.26789e-16 -7.97789e-26 -5.25072e-17  4.64066e-26  -8.0185e-18 -2.61148e-26  1.94498e-18  1.52689e-26  1.53001e-18 -7.38991e-27  4.49748e-19  2.41797e-27  5.88309e-20 -4.97674e-28 -9.06846e-21  3.78445e-29 -7.17222e-21  5.15185e-29 -2.08484e-21 -2.96596e-29 -3.59135e-22  -4.7166e-31 -2.42036e-23  2.47848e-30   7.0705e-24  7.84452e-31  3.07362e-24 -4.56055e-31  6.73202e-25 -3.68278e-32  9.99309e-26  3.92767e-32  9.60151e-27 -7.75945e-33  2.45064e-28  2.89563e-34  -1.1529e-28  7.16365e-34 -2.76865e-29 -1.54264e-34 -3.85462e-30 -2.19298e-35 -3.87295e-31  4.12911e-36 -2.89581e-32  1.51237e-37 -1.53261e-33 -4.91564e-38 -4.47856e-35  5.95524e-39  7.72668e-37  9.70918e-40  1.69541e-37 -1.17506e-40   9.8027e-39 -5.30668e-42  3.17113e-40  1.42961e-42   5.6408e-42  2.94798e-44  3.09488e-44
 2.12986e-14 -3.72561e-30 -7.52984e-13  2.68039e-29  1.01826e-11   2.7542e-28 -8.11148e-11 -4.90043e-27  4.37351e-10  2.74563e-26 -1.70474e-09 -3.46183e-26  4.97073e-09  -4.7249e-25  -1.1009e-08  3.73541e-24  1.85168e-08 -1.54601e-23 -2.32134e-08  4.39584e-23  2.05774e-08 -9.31716e-23 -1.10481e-08  1.53883e-22  1.12126e-09 -2.07367e-22   2.9672e-09  2.45506e-22 -1.59101e-09 -2.81721e-22 -4.33225e-10  3.27252e-22  5.52318e-10 -3.60253e-22  6.61091e-11  3.41621e-22 -1.52732e-10 -2.65369e-22 -2.39395e-11  1.69589e-22  3.60738e-11 -9.18526e-23  1.13579e-11  3.81371e-23 -6.06268e-12 -8.98677e-25 -3.95739e-12 -1.95981e-23  1.88609e-13  2.28849e-23  8.47515e-13 -1.75149e-23  2.43402e-13  1.23521e-23 -6.65581e-14  -8.7238e-24 -6.57735e-14  5.05886e-24 -1.46067e-14 -1.91404e-24  4.09217e-15  4.02022e-25  3.70575e-15  -1.5118e-25  9.81123e-16  2.04664e-25 -4.82796e-17 -1.66289e-25 -1.31704e-16  8.96057e-26 -4.94062e-17 -4.69078e-26 -7.47617e-18  2.86324e-26  1.39049e-18 -1.46515e-26  1.17005e-18  4.65365e-27  3.54024e-19 -7.94651e-28  5.54879e-20  2.16954e-29 -1.26725e-21  1.03757e-28 -3.54882e-21  -5.4492e-29 -1.16736e-21 -5.09431e-30  -2.3028e-22  6.01495e-30 -2.70598e-23  1.70766e-30 -1.54058e-25 -1.00561e-30  7.83327e-25 -5.04977e-32  2.15848e-25   7.4901e-32   3.6747e-26 -1.49974e-32  4.45466e-27  4.74388e-34  3.66763e-28  1.19907e-33  1.23231e-29 -2.35556e-34 -1.89052e-30  -3.8269e-35 -4.23278e-31  5.36991e-36 -4.83813e-32   2.1558e-37 -3.86844e-33 -6.85624e-38 -2.27856e-34   1.0367e-38  -9.7319e-36  1.34708e-39 -2.81962e-37  -1.8142e-40 -4.52647e-39 -4.68265e-42 -3.70967e-42  1.35157e-42  9.87578e-43  1.39841e-44
 2.12577e-30  4.41072e-13 -5.45053e-29 -8.86906e-12   2.7542e-28  9.13461e-11  2.27091e-27 -6.03274e-10 -3.38536e-26  2.80566e-09  1.56834e-25 -9.63801e-09 -6.65964e-26  2.50573e-08 -3.12102e-24 -4.97124e-08  2.02486e-23  7.47248e-08 -7.46414e-23 -8.26526e-08  1.92599e-22  6.22522e-08 -3.73013e-22 -2.43788e-08  5.65434e-22 -4.68141e-09 -7.06339e-22   1.0295e-08  7.95572e-22 -2.37646e-09 -9.00286e-22 -2.51537e-09  1.04043e-21  1.10461e-09 -1.11068e-21  6.28045e-10  9.90974e-22 -3.01879e-10 -7.10861e-22 -1.83485e-10  4.20733e-22  5.36036e-11 -2.17843e-22  5.31927e-11   8.6878e-23 -9.06106e-13  5.64928e-24 -1.18641e-11 -5.43087e-23 -3.19479e-12  5.67702e-23  1.34382e-12 -3.97026e-23  1.05272e-12  2.67812e-23  1.39155e-13 -1.88276e-23 -1.23727e-13  1.05669e-23   -7.001e-14 -3.52899e-24 -9.71029e-15  4.22976e-25  5.71793e-15 -1.26598e-25  3.61137e-15  3.59729e-25  8.13414e-16 -3.04296e-25 -6.40115e-17  1.46485e-25 -1.10272e-16 -6.88683e-26 -3.91795e-17  4.62177e-26 -6.25313e-18 -2.59067e-26  6.37086e-19  7.97292e-27  7.02378e-19 -1.03673e-27  2.24243e-19 -4.82251e-29  4.06173e-20  1.82767e-28  2.41749e-21 -8.91909e-29 -1.12041e-21 -1.62487e-29 -4.70056e-22  1.25341e-29 -1.04592e-22  3.20946e-30  -1.5447e-23 -1.91684e-30 -1.30586e-24 -4.90435e-32  4.23473e-26  1.25028e-31  3.84176e-26 -2.51288e-32  8.00766e-27  6.27471e-34  1.10065e-27  1.74984e-33  1.10943e-28 -3.20119e-34  8.04975e-30 -5.77187e-35  3.48148e-31  5.73023e-36 -3.38493e-33  1.77351e-37 -2.08802e-33 -7.84624e-38 -2.00478e-34  1.70156e-38 -1.17001e-35  1.46366e-39 -4.59207e-37 -2.37437e-40 -1.17997e-38 -3.17456e-42 -1.69918e-40  9.25912e-43 -9.00249e-43
-1.58393e-13  3.89536e-29  5.79065e-12 -5.82747e-28 -8.11148e-11  2.27091e-27  6.70658e-10  1.55705e-26 -3.76178e-09 -1.97926e-25  1.52968e-08  7.58532e-25  -4.6695e-08  3.20696e-25  1.08777e-07 -1.71119e-23 -1.93722e-07  9.43735e-23  2.59896e-07 -3.12544e-22  -2.5166e-07  7.34529e-22  1.56384e-07 -1.30149e-21 -3.51749e-08  1.81064e-21 -3.10525e-08 -2.09951e-21   2.5691e-08  2.26602e-21  1.18067e-09 -2.55288e-21 -8.07019e-09  2.93539e-21  7.21247e-10 -3.01853e-21  2.24068e-09  2.51599e-21 -1.49381e-10 -1.65764e-21 -5.95866e-10  9.11322e-22 -4.48644e-11 -4.60324e-22  1.33846e-10  1.79313e-22  4.06962e-11  2.88439e-23 -1.82945e-11   -1.312e-22 -1.38099e-11  1.22996e-22 -8.79495e-13 -7.84174e-23  2.25504e-12  5.13726e-23  9.78252e-13  -3.6475e-23  1.23998e-15  1.97163e-23 -1.51131e-13  -5.5911e-24 -6.12114e-14 -9.71904e-28  -4.6219e-15  6.94409e-26  5.82706e-15  5.77176e-25  2.97277e-15 -5.00436e-25  6.03827e-16  2.03693e-25 -4.87465e-17 -7.95065e-26  -7.5791e-17  6.52636e-26  -2.6449e-17 -4.18905e-26  -4.6019e-18  1.24467e-26  8.22505e-20 -1.05537e-27  3.23853e-19  -1.9847e-28  1.13068e-19  2.93483e-28  2.29949e-20 -1.35111e-28  2.55583e-21 -3.74316e-29 -1.12777e-22  2.31426e-29 -1.26177e-22  5.30158e-30 -3.30691e-23 -3.22962e-30 -5.60214e-24 -1.59442e-32 -6.59198e-25  1.86369e-31 -4.51843e-26 -3.74023e-32  1.15325e-27  6.81715e-34  8.69306e-28  2.26359e-33  1.47124e-28   -3.972e-34  1.63715e-29 -7.71331e-35  1.34156e-30  4.70942e-36  8.15245e-32 -5.21969e-38  3.45548e-33 -7.04013e-38  7.94269e-35  2.51493e-38  -8.8959e-37  1.25109e-39 -1.46876e-37 -2.58625e-40 -5.24031e-39 -1.61664e-42 -7.66005e-41   4.0628e-43
  -1.166e-29 -2.70865e-12  4.55767e-28  5.64301e-11 -4.90043e-27 -6.03274e-10  1.55705e-26  4.14439e-09  9.11127e-26 -2.01005e-08 -1.00144e-24  7.22335e-08  3.16592e-24 -1.97244e-07   4.1655e-24  4.13249e-07 -8.01808e-23 -6.61292e-07   3.8497e-22  7.89429e-07 -1.15345e-21 -6.60954e-07  2.47606e-21  3.21191e-07 -4.01609e-21 -2.06143e-09  5.12464e-21 -1.06471e-07 -5.52484e-21  4.49252e-08  5.76841e-21  2.00987e-08 -6.53388e-21 -1.75217e-08  7.45998e-21 -4.04148e-09 -7.33394e-21  5.03645e-09  5.66762e-21  1.30284e-09 -3.41052e-21 -1.17299e-09  1.75425e-21 -5.04423e-10 -8.88796e-22  1.77069e-10  3.42099e-22  1.56739e-10  9.01563e-23  5.10938e-12 -2.81494e-22 -3.04929e-11  2.35413e-22 -1.11187e-11 -1.36357e-22  1.65163e-12  8.88496e-23  2.53776e-12 -6.46637e-23   7.1434e-13  3.33146e-23 -1.02404e-13 -7.51595e-24 -1.43851e-13 -1.33593e-24 -4.58793e-14  5.29924e-25  -1.2966e-15  8.73781e-25  4.73753e-15 -7.52643e-25  2.11414e-15  2.37027e-25  4.10632e-16 -5.97832e-26  -2.2391e-17   8.1133e-26 -4.27818e-17 -6.30182e-26 -1.51446e-17  1.79956e-26 -2.89572e-18 -6.81647e-28 -1.47411e-19 -4.35878e-28  1.06733e-19  4.46446e-28  4.41813e-20 -1.95941e-28  9.96027e-21 -7.16177e-29  1.43612e-21  3.85748e-29  9.20786e-23  7.79179e-30 -1.64848e-23 -4.88334e-30 -6.75219e-24  6.41982e-32 -1.31833e-24  2.51184e-31 -1.78798e-25 -5.03933e-32 -1.74922e-26  5.82284e-34 -1.09764e-27  2.62074e-33 -9.85375e-30  -4.5656e-34  7.63958e-30 -9.26059e-35  1.12953e-30  2.04522e-36  9.90312e-32 -5.09848e-37  6.11755e-33 -4.10863e-38   2.7174e-34  3.25277e-38  8.35579e-36  8.12514e-40  1.60492e-37 -2.30065e-40  1.49499e-39  -5.5248e-43  3.01812e-42
 7.93651e-13 -1.61907e-28 -3.00719e-11  3.96795e-27  4.37351e-10 -3.38536e-26 -3.76178e-09  9.11127e-26   2.2002e-08  4.64281e-25 -9.35536e-08 -4.46475e-24  2.99669e-07   1.1588e-23 -7.35875e-07  2.64268e-23  1.39037e-06 -3.27541e-22 -1.99873e-06  1.39289e-21  2.11192e-06 -3.79721e-21 -1.49885e-06  7.46127e-21  5.07343e-07 -1.10762e-20  1.83687e-07  1.29459e-20 -2.63023e-07 -1.30055e-20  3.90199e-08  1.32983e-20     7.23e-08 -1.52874e-20 -2.36789e-08  1.72554e-20 -1.92278e-08 -1.60825e-20  6.71442e-09  1.14289e-20  5.59444e-09 -6.24705e-21 -1.06393e-09   3.0499e-21 -1.56256e-09 -1.60317e-21 -8.45573e-11  6.08909e-22  3.29627e-10  2.27883e-22  1.12704e-10 -5.42741e-22 -3.11889e-11  4.00067e-22 -3.22658e-11 -2.09642e-22 -6.02359e-12  1.41049e-22  3.22617e-12 -1.06565e-22  2.23482e-12  5.14039e-23  4.17393e-13  -8.1102e-24 -1.42217e-13 -4.08393e-24 -1.13926e-13  1.25508e-24 -3.04803e-14  1.28368e-24  3.94381e-17 -1.04966e-24  3.18289e-15  2.16911e-25  1.31214e-15   1.1588e-26  2.56202e-16  8.83424e-26 -2.31551e-18 -8.91695e-26 -1.94892e-17  2.43725e-26 -7.25189e-18  1.46601e-28 -1.51648e-18 -7.26332e-28 -1.54074e-19  6.64509e-28  1.90829e-20 -2.78952e-28  1.26617e-20 -1.20156e-28  3.22219e-21  5.86882e-29  5.38042e-22  1.02661e-29  5.87251e-23 -6.69675e-30  2.27275e-24  1.99728e-31 -6.55941e-25  3.08304e-31 -1.85784e-25 -6.25251e-32  -2.8648e-26  2.60406e-34 -3.15188e-27  2.72615e-33 -2.57181e-28 -4.86524e-34 -1.48042e-29 -1.00373e-34 -4.57429e-31 -2.15965e-36  1.18155e-32 -1.13638e-36  2.49384e-33  3.75221e-39  1.64893e-34  3.63102e-38  6.42912e-36  3.49808e-40  1.49029e-37 -1.62511e-40  1.69013e-39 -7.44474e-44
 1.10066e-30  1.16548e-11 -1.39892e-27 -2.52198e-10  2.74563e-26  2.80566e-09 -1.97926e-25 -2.01005e-08  4.64281e-25  1.01925e-07  2.09441e-24 -3.84145e-07  -1.7812e-23  1.10446e-06  3.77882e-23 -2.44932e-06  1.25657e-22  4.18062e-06 -1.18363e-21 -5.39041e-06  4.51708e-21    4.999e-06  -1.1256e-20 -2.90828e-06  2.02727e-20  4.73668e-07 -2.75141e-20   7.1972e-07   2.9388e-20 -4.91098e-07 -2.75985e-20 -6.80517e-08  2.80782e-20  1.69649e-07 -3.30155e-20 -2.47823e-09  3.65909e-20 -4.92607e-08 -3.20376e-20 -1.92233e-10  2.07453e-20  1.32084e-08 -1.02492e-20  1.85577e-09  4.87434e-21 -2.90122e-09 -2.74954e-21 -1.09747e-09  1.00921e-21  3.55864e-10  5.03697e-22   3.3872e-10 -9.47063e-22  3.88857e-11  6.02768e-22 -5.07643e-11 -2.84376e-22 -2.57234e-11  2.09473e-22  -1.3608e-12 -1.65368e-22  3.52788e-12   7.2682e-23  1.64235e-12 -5.53584e-24  1.94786e-13 -8.55825e-24 -1.29298e-13  2.05591e-24 -7.76622e-14  1.85939e-24 -1.84241e-14 -1.37331e-24  1.77692e-16  1.19711e-25  1.78682e-15  1.50925e-25  7.10397e-16  8.20097e-26  1.44201e-16 -1.19327e-25  6.07436e-18  3.11489e-26 -6.84069e-18  1.26331e-27 -2.83353e-18 -9.77737e-28 -6.44563e-19   9.8552e-28 -8.83602e-20 -3.93785e-28 -2.58633e-21 -1.81833e-28  2.30359e-21  8.19866e-29  7.39693e-22  1.21521e-29  1.38795e-22 -8.38929e-30  1.82875e-23  3.87655e-31  1.62448e-24  3.45607e-31  5.74647e-26 -7.27542e-32   -1.015e-26 -4.33556e-34 -2.42689e-27  2.53996e-33 -3.00425e-28 -4.72285e-34 -2.61583e-29 -9.78471e-35 -1.68576e-30 -7.34771e-36 -7.91448e-32 -1.77733e-36 -2.50073e-33  5.02451e-38 -4.01247e-35  3.46864e-38  3.13087e-37  3.07119e-41  2.55418e-38  -8.6289e-41  2.84686e-40
-2.85894e-12 -2.39265e-28  1.12585e-10  -8.4362e-27 -1.70474e-09  1.56834e-25  1.52968e-08 -1.00144e-24 -9.35536e-08  2.09441e-24  4.17123e-07  8.48178e-24 -1.40589e-06 -6.44655e-23  3.64889e-06  1.11769e-22 -7.33181e-06  4.93684e-22  1.13135e-05 -3.82656e-21 -1.30418e-05  1.32415e-20  1.04762e-05 -3.02718e-20 -4.69288e-06  5.00014e-20 -3.79287e-07 -6.19041e-20  1.83916e-06  6.02036e-20 -6.45532e-07 -5.31097e-20 -4.02551e-07  5.48516e-20  2.82604e-07 -6.62981e-20  9.07613e-08  7.14955e-20 -8.49309e-08 -5.82208e-20 -2.86288e-08  3.39869e-20  1.98784e-08 -1.51285e-20  1.03785e-08  7.31668e-21 -2.78205e-09  -4.5305e-21 -3.09131e-09  1.53829e-21 -2.41384e-10  1.00611e-21  5.75761e-10 -1.50076e-21  2.41178e-10   7.9631e-22 -2.19572e-11 -3.36337e-22 -5.10063e-11  2.97149e-22 -1.63392e-11 -2.44097e-22  1.35577e-12   9.3995e-23  2.94056e-12  2.52599e-24  1.04736e-12 -1.46193e-23  7.14649e-14  2.50438e-24 -9.19244e-14  2.65352e-24 -4.64081e-14 -1.70253e-24 -1.02917e-14 -5.88035e-26 -3.94989e-17  3.61954e-25  8.33158e-16  5.91362e-26  3.32188e-16 -1.51124e-25  7.12866e-17  3.76932e-26  6.30336e-18  2.19787e-27 -1.62658e-18 -1.03747e-27 -8.67711e-19  1.45585e-27 -2.16199e-19 -5.47861e-28 -3.49881e-20 -2.52426e-28 -3.24128e-21  1.05405e-28  9.71627e-23   1.2843e-29  1.05542e-22 -9.64597e-30  2.37397e-23  6.12998e-31   3.4937e-24  3.53427e-31  3.74629e-25  -8.1048e-32  2.84828e-26 -1.78156e-33  1.19553e-27  2.08946e-33 -3.76642e-29 -3.98808e-34 -1.20114e-29 -8.46129e-35  -1.1996e-30 -1.25307e-35 -7.67501e-32 -2.23926e-36 -3.39843e-33  8.27318e-38 -1.01805e-34  2.80738e-38 -1.87491e-36 -9.63536e-41 -1.66237e-38 -2.98808e-41
 4.10077e-28 -3.68112e-11 -4.90341e-27  8.29944e-10 -3.46183e-26 -9.63801e-09  7.58532e-25  7.22335e-08 -4.46475e-24 -3.84145e-07  8.48178e-24  1.52307e-06  3.12129e-23 -4.62451e-06 -2.14297e-22   1.0886e-05  3.06574e-22 -1.98671e-05  1.66975e-21  2.77063e-05 -1.11678e-20  -2.8401e-05  3.53371e-20  1.93484e-05 -7.43255e-20 -5.78713e-06  1.12548e-19 -3.09813e-06 -1.26628e-19  3.59903e-06  1.11505e-19 -3.31842e-07 -9.31229e-20 -1.08115e-06  1.00094e-19   2.8832e-07 -1.24457e-19  3.02356e-07  1.29161e-19 -8.62064e-08 -9.67373e-20 -8.93077e-08  5.02469e-20  1.25217e-08 -2.01794e-20  2.49084e-08  1.05828e-20  2.30035e-09 -7.18221e-21 -5.18829e-09    2.106e-21 -2.00709e-09   1.8446e-21  4.42478e-10 -2.15974e-21  5.48661e-10  8.94068e-22  1.18527e-10 -3.35582e-22 -5.05862e-11  4.11174e-22 -3.96141e-11 -3.45218e-22 -8.43018e-12  1.10127e-22   2.1637e-12  1.84879e-23  2.03664e-12 -2.14966e-23  5.96924e-13  1.98861e-24  2.08523e-14  3.68058e-24 -5.38825e-14 -2.01783e-24 -2.44859e-14 -2.93936e-25 -5.31658e-15  6.30854e-25   -1.802e-16  1.93356e-26  3.14564e-16 -1.80508e-25  1.31647e-16  4.31431e-26  3.00534e-17  2.20554e-27  3.76478e-18 -7.13701e-28  -1.1768e-19  2.11381e-27 -1.92556e-19 -7.39491e-28 -5.50043e-20 -3.24922e-28 -9.95519e-21  1.24582e-28   -1.231e-21  1.18326e-29 -8.36525e-23 -1.02089e-29  4.31358e-24  8.52071e-31  2.31131e-24  3.27921e-31   4.0206e-25 -8.83622e-32  4.70931e-26 -4.15444e-33  4.07906e-27  1.46104e-33  2.60252e-28 -2.59453e-34  1.11818e-29 -6.29723e-35  2.00075e-31 -1.65154e-35 -1.15025e-32 -2.37684e-36   -1.104e-33  9.18848e-38 -4.35989e-35  1.89333e-38 -8.85554e-37 -8.95932e-41 -6.52016e-39
 7.64951e-12  6.77985e-27 -3.14193e-10 -5.66244e-26  4.97073e-09 -6.65964e-26  -4.6695e-08  3.16592e-24  2.99669e-07  -1.7812e-23 -1.40589e-06  3.12129e-23  5.00278e-06  1.05489e-22 -1.37683e-05 -6.61534e-22  2.95088e-05    8.009e-22  -4.8993e-05  4.97173e-21  6.16568e-05 -2.96461e-20 -5.57301e-05  8.63747e-20  3.10698e-05 -1.67484e-19 -3.62873e-06  2.32162e-19 -8.95287e-06 -2.35969e-19  5.47679e-06  1.86537e-19  1.12418e-06 -1.49402e-19 -2.05103e-06  1.72176e-19 -5.92149e-08 -2.19243e-19  6.23133e-07  2.16205e-19  2.53914e-08 -1.47011e-19 -1.71399e-07  6.67887e-20 -2.98375e-08 -2.45064e-20  3.80776e-08  1.51288e-20  1.59429e-08 -1.08865e-20 -4.51902e-09  2.47842e-21 -4.84646e-09  3.12854e-21 -6.60066e-10 -2.81144e-21   7.1447e-10  7.76824e-22  3.88951e-10 -2.55472e-22  2.83823e-11  5.64434e-22 -5.15831e-11 -4.69891e-22 -2.56541e-11  1.14153e-22 -3.52768e-12  4.42833e-23  1.85678e-12 -2.78223e-23  1.21856e-12 -1.09384e-25  3.11201e-13  4.87398e-24  6.50887e-15 -2.30398e-24 -2.64519e-14 -5.32158e-25 -1.13801e-14  9.25972e-25 -2.50354e-15 -3.49724e-26 -1.78274e-16 -2.01805e-25  9.03343e-17   4.6408e-26  4.29283e-17  4.34196e-28  1.04803e-17  1.75978e-28  1.59876e-18  2.96815e-27  9.96937e-20 -9.51582e-28 -2.44336e-20 -3.90424e-28 -9.87322e-21  1.34705e-28 -2.00342e-21  8.81519e-30 -2.82407e-22 -9.96428e-30 -2.81855e-23   1.0786e-30 -1.64998e-24  2.73185e-31  3.36495e-26  -9.6089e-32  2.22011e-26 -7.83795e-33  3.12768e-27  7.77348e-34  2.84828e-28 -6.57899e-35  1.87585e-29 -3.75499e-35  9.00762e-31 -1.83137e-35  3.01922e-32 -2.16149e-36  6.28203e-34  7.90887e-38  5.54614e-36   1.0325e-38 -3.05763e-38 -3.95173e-41
-3.14696e-27    8.728e-11  7.20978e-26  -2.0587e-09  -4.7249e-25  2.50573e-08  3.20696e-25 -1.97244e-07   1.1588e-23  1.10446e-06 -6.44655e-23 -4.62451e-06  1.05489e-22  1.48842e-05  3.30421e-22 -3.73229e-05 -1.91401e-21  7.30579e-05  2.04702e-21 -0.000110439  1.32176e-20  0.000125047  -7.2048e-20 -9.83721e-05  1.94416e-19  4.19564e-05 -3.47945e-19  6.12247e-06  4.40257e-19 -1.86432e-05 -4.00571e-19  5.90251e-06  2.80435e-19  4.46024e-06 -2.20299e-19 -2.85617e-06  2.81524e-19 -1.06668e-06 -3.63334e-19  9.02712e-07  3.35677e-19  3.39844e-07 -2.03919e-19 -2.18149e-07  7.90916e-20 -1.23307e-07 -2.75661e-20  3.06612e-08  2.17218e-20  3.71992e-08 -1.56116e-20  3.36887e-09  2.24713e-21 -7.03558e-09  4.93088e-21 -3.07992e-09 -3.27701e-21  2.46599e-10  3.15374e-22   6.5566e-10 -8.28901e-23  2.18586e-10  7.74792e-22 -1.52398e-11 -6.16925e-22 -3.89656e-11  9.85655e-23 -1.44379e-11  8.07081e-23 -1.17633e-12 -3.19287e-23  1.20643e-12 -4.16353e-24  6.42375e-13  6.06319e-24  1.50629e-13 -2.54878e-24  4.07636e-15 -7.02932e-25 -1.08163e-14  1.20225e-24 -4.60616e-15 -9.86354e-26 -1.04814e-15 -2.08396e-25 -1.12382e-16  4.62635e-26  1.62383e-17 -3.80106e-27  1.09788e-17  1.73663e-27  2.91992e-18   3.9811e-27  5.03896e-19 -1.14952e-27  5.43486e-20 -4.39511e-28  1.03389e-21  1.31766e-28 -1.02352e-21  3.73129e-30 -2.65972e-22 -8.98939e-30 -4.14919e-23  1.27094e-30 -4.67761e-24  2.01044e-31 -3.86432e-25  -1.0524e-31 -2.11694e-26 -1.27883e-32 -3.57889e-28   1.6559e-34   6.6502e-29  1.49047e-34  8.40238e-30 -1.38515e-35  5.56181e-31 -1.75558e-35  2.38908e-32 -1.69036e-36  6.60585e-34  5.42629e-38  1.03999e-35  4.29173e-39  6.00555e-38
-1.53981e-11 -4.30627e-26  6.62853e-10  5.77793e-25  -1.1009e-08 -3.12102e-24  1.08777e-07   4.1655e-24 -7.35875e-07  3.77882e-23  3.64889e-06 -2.14297e-22 -1.37683e-05  3.30421e-22  4.03472e-05   9.6645e-22 -9.25921e-05 -5.22676e-21  0.000165942    5.211e-21 -0.000228381  3.16852e-20  0.000231517 -1.61228e-19 -0.000155274  4.04917e-19  4.33159e-05  -6.6906e-19  2.88119e-05  7.69172e-19 -3.08918e-05 -6.17649e-19  2.08648e-06  3.74253e-19   9.8946e-06  -3.0037e-19   -2.471e-06  4.40732e-19 -2.88607e-06 -5.67291e-19  7.90776e-07  4.83322e-19  8.79497e-07 -2.56736e-19 -1.19143e-07  8.18522e-20 -2.53206e-07 -2.98595e-20 -2.42352e-08  3.13055e-20  5.46751e-08 -2.09303e-20  2.14821e-08  8.68535e-22 -4.87369e-09  7.24849e-21 -6.08247e-09  -3.3431e-21 -1.32354e-09 -5.95901e-22  5.80992e-10  1.74883e-22  4.58404e-10  1.06084e-21  9.88762e-11  -7.8173e-22 -2.53818e-11  5.71586e-23 -2.43246e-11  1.26837e-22 -7.27566e-12 -3.23428e-23 -3.08863e-13 -1.00891e-23  6.41818e-13  6.99171e-24  3.00684e-13 -2.73587e-24  6.78239e-14  -7.3943e-25  3.36763e-15  1.40867e-24 -3.58448e-15 -1.63937e-25 -1.59073e-15 -1.93992e-25  -3.7862e-16  4.16099e-26 -5.19179e-17 -1.07212e-26 -2.74938e-19  3.93001e-27  1.99789e-18   5.0653e-27  6.19492e-19 -1.28562e-27  1.17421e-19 -4.63767e-28  1.54608e-20  1.13836e-28  1.27083e-21 -3.23126e-30  6.08109e-24 -7.53527e-30 -1.83862e-23  1.41866e-30 -3.62915e-24  1.28185e-31 -4.43643e-25 -1.15761e-31 -3.94549e-26 -1.84583e-32 -2.60979e-27 -2.76376e-34 -1.23281e-28  3.38456e-34 -3.54696e-30  3.66866e-36 -1.30511e-32  -1.4663e-35  3.80271e-33  -1.1311e-36  1.62852e-34  2.92467e-38  2.65883e-36  1.17297e-39
 1.39636e-26  -1.5614e-10 -3.90021e-25  3.87519e-09  3.73541e-24 -4.97124e-08 -1.71119e-23  4.13249e-07  2.64268e-23 -2.44932e-06  1.11769e-22   1.0886e-05 -6.61534e-22 -3.73229e-05   9.6645e-22  0.000100157  2.65504e-21  -0.00021116 -1.35323e-20  0.000347124  1.32271e-20   -0.0004345  6.89918e-20  0.000391363 -3.33981e-19 -0.000216167  7.83849e-19  2.08036e-05 -1.19495e-18  6.83441e-05  1.23937e-18 -4.08767e-05 -8.58473e-19 -9.35881e-06   4.3108e-19  1.62704e-05 -3.82511e-19  5.60147e-07  6.64243e-19 -5.17227e-06 -8.35086e-19 -2.01952e-07  6.44341e-19  1.48618e-06 -2.89901e-19  2.51693e-07  7.09164e-20 -3.47287e-07   -3.341e-20 -1.43047e-07   4.4616e-20  4.46723e-08  -2.5923e-20  4.60382e-08 -2.20561e-21  5.77586e-09  9.98023e-21 -7.23975e-09 -2.81963e-21 -3.85054e-09 -2.00563e-21 -2.38809e-10  4.89795e-22  5.43767e-10  1.43485e-21  2.65983e-10 -9.55703e-22  3.53265e-11 -1.26658e-23 -2.02779e-11  1.79723e-22 -1.31268e-11 -2.83002e-23 -3.36341e-12 -1.72801e-23 -7.58491e-14   7.3784e-24  2.86137e-13 -2.83187e-24  1.24706e-13 -6.01433e-25  2.80519e-14  1.49644e-24  2.26758e-15 -2.21038e-25 -8.98295e-16 -1.54231e-25 -4.54111e-16  3.19086e-26 -1.14197e-16 -1.98765e-26 -1.82515e-17  6.53982e-27 -1.41424e-18  6.09847e-27  1.82768e-19 -1.30982e-27  9.16286e-20 -4.57151e-28  1.95156e-20  8.18912e-29  2.84585e-21 -1.16581e-29  2.99533e-22  -5.9449e-30  2.06933e-23  1.52661e-30  3.68111e-25  7.13108e-32 -1.28965e-25 -1.26278e-31 -2.14099e-26 -2.38329e-32 -2.01124e-27 -5.05889e-34 -1.31874e-28  4.59668e-34 -6.20603e-30  1.30715e-35 -2.02966e-31 -1.06517e-35 -4.20621e-33 -6.39112e-37  -4.4147e-35  1.16706e-38   -1.025e-37
 2.32096e-11  1.69037e-25 -1.05468e-09 -2.71452e-24  1.85168e-08  2.02486e-23 -1.93722e-07 -8.01808e-23  1.39037e-06  1.25657e-22 -7.33181e-06  3.06574e-22  2.95088e-05 -1.91401e-21 -9.25921e-05  2.65504e-21  0.000228702  6.87908e-21 -0.000444429 -3.32875e-20  0.000670976  3.30251e-20 -0.000762153  1.37241e-19  0.000602923 -6.43649e-19 -0.000257205  1.41634e-18 -4.33022e-05 -1.98845e-18  0.000123148  1.84116e-18 -3.95395e-05 -1.05745e-18 -3.06822e-05  3.97932e-19  2.03564e-05 -4.63082e-19  7.47743e-06  9.66977e-19 -6.78629e-06 -1.15909e-18 -2.45106e-06  7.92392e-19  1.74631e-06 -2.86153e-19  9.39763e-07  4.55555e-20 -2.74497e-07 -4.16195e-20 -3.03159e-07  6.16477e-20 -2.00704e-08 -2.92808e-20  6.21149e-08 -7.33376e-21  2.56709e-08  1.29428e-20 -3.00088e-09 -1.60395e-21 -6.00175e-09 -3.88439e-21  -1.9002e-09  8.19104e-22  1.94548e-10  1.89473e-21  3.73645e-10 -1.12644e-21  1.33814e-10 -1.07862e-22  9.22417e-12  2.34581e-22 -1.21268e-11  -2.0069e-23 -6.26172e-12 -2.47587e-23 -1.45082e-12  7.00319e-24 -3.43029e-14 -2.77212e-24  1.06676e-13 -2.92702e-25   4.5306e-14  1.42641e-24  1.04019e-14  -2.5912e-25  1.16976e-15 -8.80933e-26 -1.35345e-16  1.77069e-26 -1.01784e-16 -3.01181e-26 -2.76852e-17   9.1933e-27 -4.89415e-18  6.95242e-27 -5.61335e-19  -1.1835e-27 -2.19763e-20 -4.17019e-28  7.20581e-21  3.97966e-29  2.11154e-21 -2.09406e-29  3.39921e-22 -4.53525e-30  3.90658e-23  1.61378e-30  3.32765e-24  4.19882e-32  1.99729e-25 -1.34377e-31  6.41356e-27 -2.77099e-32  -1.7598e-28 -5.42081e-34 -3.83047e-29  4.91321e-34 -2.63251e-30  1.51928e-35 -1.06893e-31 -6.67032e-36 -2.59451e-33 -2.97641e-37 -3.10549e-35  2.91756e-39
-4.35083e-26  2.07979e-10   1.3662e-24 -5.47997e-09 -1.54601e-23  7.47248e-08  9.43735e-23 -6.61292e-07 -3.27541e-22  4.18062e-06  4.93684e-22 -1.98671e-05    8.009e-22  7.30579e-05 -5.22676e-21  -0.00021116  6.87908e-21  0.000482279  1.68528e-20 -0.000866315 -7.78166e-20   0.00120193   7.9601e-20  -0.00123429  2.50624e-19   0.00084225  -1.1597e-18  -0.00024011  2.39848e-18   -0.0001638  -3.0915e-18  0.000181876  2.51578e-18 -1.50303e-05 -1.10917e-18 -6.04252e-05  2.16064e-19  1.69829e-05  -5.4885e-19  1.82034e-05  1.36128e-18  -5.8312e-06 -1.51623e-18 -5.80935e-06  8.92286e-19  1.05652e-06 -2.31597e-19  1.78664e-06  1.00742e-20  1.04612e-07 -5.83047e-20 -4.21221e-07  8.12246e-20 -1.49216e-07  -2.9658e-20  4.57431e-08 -1.45056e-20  4.78347e-08   1.5927e-20  8.98719e-09  2.77089e-22 -5.35172e-09 -6.12253e-21 -3.77104e-09  1.11493e-21 -7.28253e-10  2.41765e-21  2.53879e-10 -1.27907e-21  2.12139e-10 -2.18832e-22  6.02413e-11  2.85578e-22  1.28329e-12 -8.93163e-24 -5.94378e-12 -3.14981e-23 -2.66487e-12   5.7878e-24  -5.8667e-13  -2.4533e-24 -2.53086e-14  1.33039e-25  3.24563e-14   1.1748e-24  1.41226e-14 -2.68562e-25   3.3533e-15  1.38669e-27  4.67126e-16  1.05086e-27  7.06749e-18 -3.97761e-26 -1.61092e-17  1.14453e-26 -5.11947e-18  7.52667e-27 -9.81628e-19 -8.91561e-28 -1.31948e-19 -3.44692e-28 -1.16478e-20 -6.60579e-30 -3.02159e-22 -3.03257e-29  1.07322e-22  -3.4921e-30  2.36339e-23  1.70524e-30  2.94275e-24  4.31566e-32  2.61498e-25 -1.37322e-31  1.72455e-26 -2.91231e-32  8.25897e-28 -4.48832e-34  2.62451e-29  4.41311e-34  3.91976e-31  1.26832e-35 -5.87938e-33 -3.54092e-36  -3.6099e-34  -1.0907e-37 -4.00288e-36
-2.54661e-11 -4.75945e-25  1.23661e-09  8.54327e-24 -2.32134e-08 -7.46414e-23  2.59896e-07   3.8497e-22 -1.99873e-06 -1.18363e-21  1.13135e-05  1.66975e-21  -4.8993e-05  2.04702e-21  0.000165942 -1.35323e-20 -0.000444429  1.68528e-20   0.00094258  3.90913e-20  -0.00156899 -1.72732e-19    0.0020003  1.82327e-19  -0.00184636  4.22003e-19   0.00105539 -1.96299e-18  -0.00011802  3.82189e-18 -0.000342959 -4.50204e-18  0.000221316  3.14401e-18  4.30197e-05 -8.79452e-19 -9.11217e-05 -1.60791e-19  5.68969e-07 -6.62738e-19  3.02291e-05  1.85211e-18 -2.63755e-07 -1.86732e-18 -9.23475e-06  9.06754e-19 -1.10613e-06 -1.21182e-19  2.36107e-06   -2.625e-20  8.35153e-07 -8.61207e-20 -3.63875e-07  1.00979e-19 -3.09892e-07 -2.61894e-20 -2.38404e-08 -2.32762e-20  5.64421e-08  1.87709e-20  2.65825e-08  2.66967e-21  3.59831e-10 -8.54434e-21 -4.42383e-09  1.33364e-21 -1.95716e-09  2.95762e-21  -1.9818e-10  -1.3987e-21  1.80511e-10 -3.30364e-22  1.04401e-10  3.27121e-22  2.49433e-11  3.17868e-24 -1.64882e-13 -3.67901e-23 -2.45408e-12  3.84625e-24 -1.01061e-12  -1.7412e-24 -2.19915e-13   5.7989e-25 -1.61228e-14  7.37393e-25  7.57276e-15 -2.43841e-25   3.6587e-15  1.07463e-25  9.08008e-16 -1.44559e-26  1.44992e-16 -4.69964e-26  1.17302e-17   1.2904e-26 -1.19935e-18  7.77543e-27 -6.55669e-19  -4.4826e-28 -1.40723e-19 -2.45558e-28 -2.05772e-20 -5.10454e-29 -2.19233e-21 -3.89982e-29 -1.60278e-22 -2.82461e-30   -5.118e-24  1.81833e-30  5.36417e-25  6.86573e-32  1.07103e-25 -1.32978e-31  1.01551e-26 -2.77108e-32  6.45954e-28 -3.02754e-34  2.88069e-29  3.40643e-34  8.71795e-31  8.50265e-36   1.6152e-32 -1.54792e-36  1.40642e-34 -2.78441e-38
 1.02109e-25 -1.97535e-10 -3.48932e-24  5.61748e-09  4.39584e-23 -8.26526e-08 -3.12544e-22  7.89429e-07  1.39289e-21 -5.39041e-06 -3.82656e-21  2.77063e-05  4.97173e-21 -0.000110439    5.211e-21  0.000347124 -3.32875e-20 -0.000866315  3.90913e-20   0.00171299  8.58987e-20  -0.00264799 -3.63611e-19    0.0030995  3.92935e-19  -0.00254916  6.58072e-19   0.00115895 -3.13675e-18  0.000150757  5.75313e-18  -0.00056082 -6.15489e-18   0.00020917  3.55107e-18   0.00013713 -2.32142e-19 -0.000108893 -7.45161e-19 -3.20103e-05 -8.44663e-19  3.82367e-05  2.43149e-18  1.09432e-05 -2.16107e-18 -1.07534e-05  8.05971e-19 -4.76312e-06  3.75384e-20  2.03851e-06 -5.13418e-20  1.75613e-06 -1.24974e-19 -6.87905e-09  1.17906e-19 -4.16506e-07 -1.89627e-20  -1.4468e-07 -3.28724e-20  3.25213e-08  2.14063e-20  4.12024e-08  5.34177e-21  1.11041e-08 -1.09298e-20 -2.26709e-09  1.44341e-21 -2.73651e-09  3.44872e-21  -8.7608e-10 -1.47384e-21 -2.12297e-11 -4.24575e-22  9.84108e-11  3.55295e-22  4.56271e-11  1.42351e-23  9.71254e-12 -4.04985e-23 -9.89346e-14  1.49461e-24 -8.54459e-13 -4.97175e-25 -3.37808e-13  9.30308e-25  -7.4546e-14  1.31755e-25 -7.83575e-15 -1.86182e-25  1.11964e-15  2.21091e-25  7.48854e-16 -2.41105e-26  1.98484e-16 -5.01381e-26  3.46446e-17  1.33558e-26  3.98193e-18  7.71914e-27  1.76934e-19  1.05285e-28  -4.2648e-20 -1.28679e-28 -1.30054e-20 -8.84587e-29 -2.08636e-21 -4.61929e-29 -2.37541e-22 -2.40011e-30 -2.01311e-23  1.94854e-30 -1.23092e-24  1.05873e-31 -4.60273e-26 -1.20663e-31 -3.35658e-29 -2.38537e-32  1.25351e-28 -1.63677e-34  8.87668e-30   2.2756e-34  3.28529e-31  4.73312e-36   6.5339e-33 -5.27796e-37  4.74999e-35
 1.87947e-11  1.02106e-24 -1.00162e-09 -1.98533e-23  2.05774e-08  1.92599e-22  -2.5166e-07 -1.15345e-21  2.11192e-06  4.51708e-21 -1.30418e-05 -1.11678e-20  6.16568e-05  1.32176e-20 -0.000228381  1.32271e-20  0.000670976 -7.78166e-20  -0.00156899  8.58987e-20   0.00290359  1.78829e-19  -0.00417598 -7.25068e-19   0.00447969  7.92909e-19  -0.00323968   9.5505e-19    0.0010533 -4.75478e-18  0.000583649  8.21326e-18 -0.000770403 -7.91579e-18  0.000112845  3.53287e-18  0.000255924   9.3299e-19  -9.6245e-05 -1.49973e-18 -7.81817e-05 -1.14493e-18  3.51329e-05  3.07418e-18  2.65096e-05 -2.34284e-18 -7.99259e-06  5.77079e-19 -9.06148e-06  2.24178e-19   2.6873e-07 -5.41543e-20  2.45773e-06 -1.71175e-19   6.7051e-07  1.29393e-19 -3.53676e-07 -9.19868e-21 -2.76492e-07 -4.24465e-20 -3.36427e-08  2.38417e-20   3.9894e-08  8.05453e-21  2.28957e-08  -1.3036e-20  3.22899e-09  1.43021e-21 -2.12835e-09   3.8147e-21 -1.40952e-09 -1.49974e-21 -3.49488e-10 -4.85253e-22  1.41379e-11  3.68932e-22  4.45464e-11  2.26132e-23  1.79026e-11 -4.30901e-23  3.59133e-12 -7.80569e-25  3.57014e-14  1.38205e-24 -2.46127e-13  1.07439e-24 -9.75132e-14 -6.02823e-25 -2.21168e-14 -1.04516e-25 -2.92563e-15  3.33042e-25  -9.2501e-18 -2.30671e-26  1.09558e-16 -4.81238e-26  3.32058e-17  1.28393e-26  6.21484e-18  7.43794e-27  8.23097e-19  7.11004e-28  7.29063e-20 -5.84057e-30  2.33272e-21 -1.16111e-28 -5.28015e-22 -5.13124e-29 -1.20849e-22  -2.0391e-30 -1.48171e-23  2.06373e-30 -1.28013e-24  1.40302e-31 -8.16253e-26 -1.01581e-31 -3.78225e-27 -1.85188e-32 -1.18769e-28 -6.15999e-35  -2.0624e-30  1.31564e-34 -2.42006e-33  2.20667e-36  4.82428e-34 -1.22669e-37
-1.88102e-25  1.18239e-10  6.85335e-24 -3.78592e-09 -9.31716e-23  6.22522e-08  7.34529e-22 -6.60954e-07 -3.79721e-21    4.999e-06  1.32415e-20  -2.8401e-05 -2.96461e-20  0.000125047  3.16852e-20   -0.0004345  3.30251e-20   0.00120193 -1.72732e-19  -0.00264799  1.78829e-19   0.00460386  3.52723e-19  -0.00617005 -1.36862e-18   0.00604755  1.49608e-18  -0.00376781   1.2978e-18  0.000648213 -6.86918e-18   0.00115593   1.1163e-17 -0.000902338 -9.59495e-18 -8.74223e-05  2.90109e-18  0.000371702  2.64267e-18 -3.80859e-05 -2.33463e-18 -0.000127692  -1.6106e-18   1.4609e-05  3.73674e-18  4.21445e-05 -2.36633e-18  7.43431e-07  2.30508e-19 -1.22193e-05  4.09404e-19 -3.04227e-06 -2.88825e-20  2.37804e-06  -2.1785e-19  1.50357e-06  1.34354e-19 -3.50887e-08  1.01386e-21 -3.43528e-07 -5.13646e-20 -1.29249e-07  2.60767e-20  1.21941e-08  1.06193e-20  2.82937e-08 -1.46168e-20  1.04281e-08  1.30343e-21  3.36055e-10  3.98421e-21 -1.31301e-09 -1.48076e-21 -6.33208e-10 -5.02223e-22 -1.28442e-10  3.69821e-22   1.0994e-11  2.72986e-23  1.71769e-11  -4.5441e-23  6.30627e-12 -2.39366e-24  1.24901e-12  3.92362e-24  5.62372e-14  9.41282e-25 -5.59321e-14  -1.4082e-24 -2.35692e-14 -1.36862e-26 -5.53821e-15  4.36047e-25  -8.4447e-16 -7.56658e-27 -6.24352e-17 -4.06628e-26  8.08053e-18   1.1638e-26  3.86748e-18  7.05027e-27  7.97552e-19  1.30747e-27  1.13388e-19  1.10005e-28  1.18278e-20 -1.33798e-28  8.60527e-22 -5.40127e-29  3.08883e-23 -1.61854e-30 -1.90936e-24  2.11263e-30  -4.2716e-25  1.60236e-31 -3.93447e-26 -7.86154e-32 -2.35457e-27 -1.28925e-32 -9.61906e-29 -1.21604e-36 -2.56786e-30  6.55495e-35 -3.89249e-32  8.46257e-37 -2.12714e-34
-7.02553e-12 -1.73762e-24  4.55557e-10  3.57425e-23 -1.10481e-08 -3.73013e-22  1.56384e-07  2.47606e-21 -1.49885e-06  -1.1256e-20  1.04762e-05  3.53371e-20 -5.57301e-05  -7.2048e-20  0.000231517  6.89918e-20 -0.000762153   7.9601e-20    0.0020003 -3.63611e-19  -0.00417598  3.52723e-19   0.00684775  6.59178e-19  -0.00856296 -2.44481e-18   0.00763303  2.64122e-18  -0.00396234  1.66435e-18 -0.000105403 -9.49907e-18   0.00179238  1.44984e-17 -0.000880268 -1.09806e-17 -0.000385683  1.53599e-18  0.000444219  4.82693e-18  7.08008e-05 -3.12213e-18 -0.000163451 -2.26887e-18 -2.55101e-05  4.36146e-18  5.10889e-05 -2.20494e-18  1.52332e-05 -1.99209e-19 -1.19765e-05  5.61954e-19 -7.22109e-06  2.20137e-20  1.04725e-06 -2.56644e-19  2.13506e-06  1.33951e-19  5.24177e-07  9.38912e-21 -2.63856e-07 -5.93856e-20 -2.14477e-07  2.79847e-20 -4.09822e-08   1.2911e-20  1.98522e-08 -1.54462e-20  1.55332e-08      1.1e-21  4.03477e-09  3.90848e-21 -3.09348e-10 -1.43017e-21 -6.47464e-10 -4.74094e-22  -2.5447e-10  3.61929e-22 -4.49805e-11  2.77269e-23  4.42892e-12 -4.85162e-23  5.65471e-12 -2.77106e-24  1.97361e-12  7.05139e-24  3.97508e-13  5.24172e-25  3.29862e-14 -2.21317e-24 -8.87339e-15  7.00465e-26 -4.55203e-15  5.26254e-25 -1.12398e-15  2.39112e-26 -1.86952e-16 -2.83198e-26 -2.04098e-17  1.01892e-26  -7.7267e-19  6.68365e-27  2.35224e-19  1.84245e-27  6.60158e-20  2.06811e-28  1.01342e-20 -1.43109e-28  1.11098e-21  -5.4225e-29  9.09182e-23 -1.12843e-30  5.40895e-24  2.04609e-30  2.04964e-25  1.59923e-31  1.79527e-27 -5.54517e-32 -3.29954e-28 -7.97891e-33 -2.28656e-29  2.57048e-35   -7.283e-31  2.78569e-35 -1.06401e-32  2.39176e-37
 2.83119e-25 -2.33488e-11 -1.07808e-23  1.12219e-09  1.53883e-22 -2.43788e-08 -1.30149e-21  3.21191e-07  7.46127e-21 -2.90828e-06 -3.02718e-20  1.93484e-05  8.63747e-20 -9.83721e-05 -1.61228e-19  0.000391363  1.37241e-19  -0.00123429  1.82327e-19    0.0030995 -7.25068e-19  -0.00617005  6.59178e-19   0.00958169  1.16748e-18   -0.0111913 -4.13393e-18   0.00901039  4.37058e-18  -0.00367178  2.03504e-18  -0.00118883 -1.26201e-17   0.00237467  1.80579e-17  -0.00064354 -1.18854e-17  -0.00074336 -5.69672e-19   0.00043084  7.32122e-18  0.000219865 -3.72572e-18 -0.000165741 -3.11335e-18 -8.05368e-05  4.88454e-18  4.60927e-05 -1.85944e-18   3.2547e-05 -6.58545e-19 -6.50386e-06  6.56579e-19 -1.08016e-05     8.72e-20 -1.60588e-06 -2.80186e-19  2.12212e-06  1.31524e-19  1.16386e-06  1.42825e-20  2.63701e-09 -6.66277e-20 -2.34217e-07   2.9234e-20 -1.02064e-07  1.48357e-20 -4.71372e-09 -1.53521e-20  1.42278e-08  8.83462e-22  7.18688e-09  3.57639e-21  1.36479e-09 -1.36696e-21 -2.63463e-10 -4.08172e-22 -2.70524e-10  3.49907e-22 -9.26716e-11   2.3383e-23 -1.53429e-11 -5.30709e-23  1.11898e-12 -1.49459e-24  1.56603e-12  1.05821e-23  5.37759e-13 -1.10075e-25  1.11556e-13 -2.94175e-24  1.28429e-14  1.34726e-25  -5.1636e-16   6.0344e-25 -6.45866e-16  6.99079e-26 -1.75573e-16 -1.24449e-26 -3.10032e-17  8.94218e-27 -3.91214e-18  6.44543e-27 -3.28306e-19  2.28057e-27 -8.97558e-21  2.75698e-28  2.44065e-21 -1.46165e-28  5.14606e-22 -5.21161e-29  5.96101e-23 -6.55996e-31  4.86515e-24  1.84129e-30   2.9156e-25  1.40381e-31  1.26039e-26  -3.5386e-32  3.67062e-28 -4.33608e-33  6.04763e-30  3.04529e-35  2.57111e-32  9.79256e-36 -3.72001e-34
