  0.00608759 -4.13004e-13    0.0183792 -7.06468e-13     0.020641 -5.28365e-13   0.00916087 -6.08183e-14  -0.00377441  2.26148e-13   -0.0069891  1.68906e-13  -0.00223857  -1.4367e-14    0.0021694 -9.02816e-14   0.00228602 -4.31346e-14  0.000242813  1.79895e-14 -0.000907874  2.92666e-14 -0.000609674  8.46363e-15   4.6189e-05 -7.48528e-15  0.000276428 -7.68087e-15  0.000141121 -1.58544e-15 -2.10636e-05   1.8758e-15 -6.29808e-05  1.68417e-15 -3.13609e-05  4.26729e-16   3.1878e-07 -2.43024e-16  9.33601e-06  -2.7369e-16  5.89196e-06 -1.14611e-16  1.57203e-06 -1.27071e-17 -2.13105e-07  1.36988e-17 -4.01276e-07  1.01591e-17 -2.02439e-07  3.96335e-18 -6.42349e-08  1.04664e-18 -1.42545e-08  1.95495e-19 -2.23047e-09  2.53551e-20 -2.35453e-10  2.11703e-21 -1.48324e-11  9.23805e-23 -3.68375e-13
-4.13004e-13    0.0257203 -1.25616e-12    0.0441756  -1.4151e-12    0.0331076 -6.25995e-13   0.00365586  2.71937e-13   -0.0146689  5.01325e-13   -0.0111881  1.69675e-13  0.000652689 -1.49886e-13   0.00590203 -1.69906e-13   0.00310064 -2.69503e-14 -0.000970749     6.27e-14  -0.00196876  4.85395e-14 -0.000727215  1.59863e-15  0.000400882 -1.91871e-14  0.000538069 -1.23438e-14  0.000175369 -3.80214e-16 -8.95787e-05  4.22767e-15 -0.000119349   2.8756e-15 -4.85838e-05  5.48638e-16  4.45793e-06 -4.86035e-16  1.68768e-05 -4.80616e-16  1.03867e-05 -2.10115e-16  3.22179e-06 -4.00697e-17  1.24579e-07  1.08975e-17 -4.25526e-07  1.20064e-17 -2.54945e-07  5.23017e-18  -8.8125e-08  1.48623e-18 -2.08745e-08  2.93992e-19 -3.42275e-09  3.93007e-20 -3.62447e-10  3.14148e-21 -2.00337e-11  9.82969e-23
   0.0183792 -1.25616e-12    0.0559376 -2.16886e-12     0.063647 -1.65506e-12    0.0292114 -2.22572e-13   -0.0112211  7.09789e-13   -0.0228584  5.83321e-13  -0.00886824  5.37775e-15   0.00604626 -2.88145e-13   0.00808929 -1.78863e-13   0.00203864  2.71042e-14  -0.00252861  9.90739e-14  -0.00249374  4.98082e-14 -0.000460235 -1.11362e-14  0.000762838  -2.7958e-14  0.000687031 -1.40176e-14  0.000159704  1.26262e-15 -0.000148516  5.99561e-15 -0.000160327  3.78163e-15 -6.40311e-05  7.63711e-16  3.90318e-06 -5.79253e-16  2.11451e-05 -6.28436e-16  1.43306e-05  -3.1378e-16  5.50562e-06 -9.15972e-17  1.12117e-06 -9.16075e-18 -7.45764e-08  5.52958e-18 -1.49642e-07  3.40345e-18 -6.00173e-08  1.02511e-18 -1.42343e-08  1.94032e-19 -2.13805e-09  2.26193e-20 -1.85058e-10  1.33518e-21 -6.11179e-12
-7.06468e-13    0.0441756 -2.16886e-12    0.0772288 -2.51837e-12    0.0610054 -1.23845e-12    0.0110689  3.56254e-13   -0.0241222  9.10157e-13   -0.0226801  4.35043e-13  -0.00277189 -1.77706e-13   0.00968639 -3.35852e-13   0.00775209  -1.3383e-13  0.000410115  7.26782e-14  -0.00340902  1.11614e-13  -0.00249638  4.28939e-14 -0.000180147 -1.98183e-14  0.000965496 -3.24447e-14  0.000764132 -1.51105e-14  0.000162007     1.84e-15 -0.000177016  7.08108e-15 -0.000192094  4.68265e-15 -8.47341e-05  1.22207e-15 -3.81298e-06 -4.80045e-16  2.13077e-05 -6.92059e-16  1.69482e-05 -4.00899e-16  7.78028e-06 -1.50717e-16  2.41943e-06 -3.85336e-17  4.96607e-07 -6.00124e-18  5.07153e-08 -2.00144e-19   -4.597e-09  1.51405e-19 -2.61141e-09  3.82717e-20 -4.17486e-10  4.09137e-21 -2.85698e-11  1.50089e-22
    0.020641  -1.4151e-12     0.063647 -2.51837e-12    0.0764236 -2.11133e-12    0.0422088 -5.63235e-13  -0.00528122  6.82224e-13   -0.0267445  8.19029e-13    -0.017035  2.37824e-13     0.001804  -2.6043e-13    0.0102651 -3.12639e-13   0.00649584 -9.26024e-14  -0.00052093  9.07403e-14  -0.00363809  1.12624e-13  -0.00243073  3.96439e-14 -7.71118e-05 -2.31614e-14   0.00106325 -3.54836e-14  0.000843658 -1.71193e-14   0.00019941  1.37691e-15 -0.000182786  7.72521e-15  -0.00021854  5.60049e-15  -0.00010964  1.88204e-15 -1.81172e-05 -1.77308e-16  1.63143e-05 -6.24222e-16  1.67386e-05 -4.25734e-16  8.87821e-06  -1.8655e-16  3.30905e-06 -6.00441e-17  9.26872e-07 -1.46762e-17  1.97513e-07 -2.71465e-18  3.14562e-08 -3.67505e-19   3.5503e-09 -3.35514e-20  2.49839e-10 -1.66672e-21   7.1771e-12
-5.28365e-13    0.0331076 -1.65506e-12    0.0610054 -2.11133e-12    0.0565238 -1.38803e-12    0.0227859 -1.30531e-13   -0.0113194   6.7506e-13   -0.0227818  6.42992e-13   -0.0123677  1.36211e-13   0.00313681 -2.61456e-13   0.00960752  -2.8518e-13   0.00580572  -7.7519e-14  -0.00077488  9.52505e-14  -0.00372639  1.15115e-13  -0.00249523  4.09969e-14 -8.16788e-05 -2.43268e-14   0.00113101 -3.83468e-14  0.000932899 -1.97269e-14  0.000258839  1.63623e-16 -0.000168129  7.83797e-15 -0.000234579  6.36296e-15 -0.000134713  2.66094e-15 -3.78971e-05  3.26262e-16  5.57125e-06 -3.92408e-16  1.25525e-05 -3.50086e-16  7.75988e-06 -1.70732e-16  3.14309e-06 -5.88199e-17    9.311e-07 -1.50287e-17  2.04654e-07 -2.81982e-18  3.23427e-08 -3.67675e-19  3.37154e-09 -2.91348e-20  1.85792e-10 -9.12966e-22
  0.00916087 -6.25995e-13    0.0292114 -1.23845e-12    0.0422088 -1.38803e-12    0.0367344 -8.92329e-13    0.0145263 -4.94089e-14  -0.00952311  5.53193e-13   -0.0189345  5.47153e-13    -0.010712  1.16086e-13   0.00310707 -2.52069e-13   0.00930895 -2.77954e-13   0.00566261 -7.39515e-14 -0.000882779   9.9311e-14  -0.00385901  1.19386e-13  -0.00260515  4.36215e-14 -0.000123336 -2.42517e-14   0.00116497 -4.04212e-14   0.00101298 -2.25378e-14  0.000336389 -1.86434e-15 -0.000128104  7.22607e-15 -0.000234546  6.80054e-15  -0.00015549  3.43525e-15  -6.0247e-05  9.62887e-16 -9.66831e-06 -1.74013e-17   4.6076e-06  -1.7431e-16  4.37649e-06  -1.0229e-16  1.93533e-06 -3.64424e-17  5.71013e-07 -8.99316e-18  1.17787e-07  -1.5369e-18  1.63826e-08 -1.68915e-19  1.35517e-09 -9.62777e-21  4.35799e-11
-6.08183e-14   0.00365586 -2.22572e-13    0.0110689 -5.63235e-13    0.0227859 -8.92329e-13    0.0271197 -7.52356e-13    0.0139634 -1.00318e-13  -0.00748203  4.94083e-13     -0.01773  5.22885e-13    -0.010269  1.05991e-13   0.00332993 -2.56547e-13   0.00934449 -2.76135e-13    0.0055537 -6.99229e-14 -0.000988909  1.02148e-13  -0.00393592  1.22157e-13  -0.00270238  4.70656e-14 -0.000216706  -2.2162e-14   0.00114593 -4.13458e-14   0.00107975 -2.55249e-14  0.000432194 -4.72029e-15 -6.15378e-05  5.80273e-15 -0.000214144  6.72768e-15 -0.000165779  4.00427e-15 -7.97448e-05  1.58115e-15 -2.56846e-05  4.02031e-16 -4.72475e-06  3.97539e-17  1.64273e-07  -1.6516e-17  4.37257e-07 -9.45393e-18  1.56463e-07 -2.48214e-18  3.16324e-08 -3.89919e-19  3.80256e-09 -3.44459e-20   2.2738e-10  -1.1447e-21
 -0.00377441  2.71937e-13   -0.0112211  3.56254e-13  -0.00528122 -1.30531e-13    0.0145263 -7.52356e-13    0.0258532 -7.51046e-13     0.014228 -1.01268e-13   -0.0075571  4.92669e-13   -0.0173688  5.01274e-13  -0.00950727  8.46007e-14   0.00370549 -2.59337e-13   0.00922307 -2.69742e-13   0.00540117 -6.79102e-14 -0.000970467  1.00625e-13    -0.003919  1.23715e-13    -0.002816  5.22154e-14 -0.000375667 -1.79854e-14   0.00107664 -4.11627e-14   0.00113009 -2.84642e-14  0.000538545 -8.20741e-15  2.90162e-05  3.53157e-15 -0.000169281  5.94338e-15 -0.000158497  4.12361e-15 -8.92159e-05  1.96115e-15 -3.66184e-05  7.02779e-16  -1.1529e-05  1.94917e-16 -2.81761e-06  4.18973e-17 -5.30727e-07   6.8758e-18 -7.52804e-08  8.32942e-19 -7.66274e-09  6.93452e-20 -4.99676e-10  3.26305e-21 -1.39238e-11
 2.26148e-13   -0.0146689  7.09789e-13   -0.0241222  6.82224e-13   -0.0113194 -4.94089e-14    0.0139634 -7.51046e-13    0.0251892 -7.05935e-13    0.0125292 -5.65184e-14   -0.0081308  4.82854e-13   -0.0164726  4.65732e-13  -0.00864042  6.94328e-14   0.00375734 -2.52464e-13   0.00894907 -2.63477e-13   0.00536371 -7.11127e-14 -0.000810017  9.59263e-14  -0.00385793  1.25205e-13  -0.00295567  5.87664e-14  -0.00058474 -1.20848e-14  0.000958525 -3.96235e-14    0.0011513 -3.08991e-14  0.000643576 -1.20442e-14  0.000138741  4.59445e-16 -9.84524e-05  4.31964e-15 -0.000128077  3.57684e-15 -8.19362e-05   1.8963e-15 -3.72092e-05  7.50433e-16 -1.29465e-05  2.30404e-16 -3.50691e-06  5.48701e-17 -7.29245e-07  9.85794e-18 -1.11471e-07  1.25378e-18 -1.14197e-08  9.82792e-20 -6.25954e-10  3.07995e-21
  -0.0069891  5.01325e-13   -0.0228584  9.10157e-13   -0.0267445   6.7506e-13  -0.00952311 -1.00318e-13     0.014228 -7.05935e-13    0.0228114 -6.21775e-13    0.0106711 -3.05503e-14  -0.00787955  4.52811e-13   -0.0153886  4.36789e-13  -0.00817287  6.72677e-14   0.00355454 -2.42841e-13   0.00872327 -2.60948e-13   0.00544719 -7.76119e-14 -0.000577709  8.95903e-14  -0.00376426  1.26134e-13  -0.00309628  6.60034e-14 -0.000832768 -4.46903e-15  0.000783922 -3.63272e-14   0.00112939 -3.23545e-14  0.000733532 -1.58231e-14  0.000257625 -3.17878e-15 -5.68402e-06   1.9019e-15 -7.40565e-05  2.31934e-15 -5.64823e-05  1.35359e-15 -2.70617e-05  5.49456e-16 -9.44742e-06  1.65975e-16 -2.46976e-06  3.73849e-17 -4.74994e-07  6.05223e-18 -6.33706e-08  6.44371e-19 -5.12001e-09  3.61285e-20 -1.62855e-10
 1.68906e-13   -0.0111881  5.83321e-13   -0.0226801  8.19029e-13   -0.0227818  5.53193e-13  -0.00748203 -1.01268e-13    0.0125292 -6.21775e-13    0.0203121 -5.62568e-13   0.00984214 -3.17779e-14  -0.00728363  4.26218e-13    -0.014666  4.21068e-13  -0.00799409  6.96332e-14   0.00333464 -2.34595e-13   0.00855032 -2.59898e-13   0.00557019 -8.56043e-14 -0.000289421  8.11815e-14   -0.0036129  1.25723e-13  -0.00322186  7.36465e-14  -0.00111659  4.87668e-15  0.000548869 -3.10064e-14    0.0010519 -3.22981e-14  0.000790374 -1.89439e-14  0.000368917 -6.89569e-15   9.6327e-05 -9.42488e-16 -6.33715e-06  6.47707e-16 -2.08552e-05  5.61993e-16 -1.18489e-05  2.45009e-16 -4.19497e-06   7.2126e-17 -1.03492e-06  1.48892e-17  -1.7704e-07  2.07259e-18 -1.94696e-08  1.71411e-19 -1.10909e-09  5.50647e-21
 -0.00223857  1.69675e-13  -0.00886824  4.35043e-13    -0.017035  6.42992e-13   -0.0189345  4.94083e-13   -0.0075571 -5.65184e-14    0.0106711 -5.62568e-13    0.0189515 -5.35076e-13   0.00951385 -3.41357e-14  -0.00693769  4.10195e-13   -0.0141863  4.09447e-13  -0.00785226  7.21843e-14   0.00310172  -2.2542e-13    0.0083497 -2.58624e-13   0.00571903 -9.54712e-14   7.3918e-05  7.01929e-14  -0.00339452  1.23742e-13  -0.00332402  8.13331e-14  -0.00142492  1.56882e-14  0.000254989 -2.34676e-14  0.000906192 -3.01423e-14  0.000793042 -2.06426e-14   0.00044844 -9.87517e-15  0.000183254 -3.44779e-15   5.4166e-05 -8.44848e-16  1.05288e-05 -1.17885e-16  7.50021e-07  4.47877e-18 -2.77483e-07  6.74893e-18  -1.1169e-07  1.68261e-18 -1.97123e-08  2.15964e-19  -1.8028e-09  1.30626e-20 -5.95557e-11
 -1.4367e-14  0.000652689  5.37775e-15  -0.00277189  2.37824e-13   -0.0123677  5.47153e-13     -0.01773  4.92669e-13   -0.0081308 -3.05503e-14   0.00984214 -5.35076e-13     0.018146 -5.12014e-13   0.00905286 -2.98945e-14  -0.00672821  3.95674e-13   -0.0137013  3.97879e-13  -0.00775136  7.73024e-14    0.0027817 -2.14024e-13   0.00811997 -2.57713e-13   0.00591007 -1.07375e-13  0.000507721  5.68072e-14  -0.00310773   1.1982e-13  -0.00338408  8.83652e-14  -0.00173938  2.75503e-14 -9.23538e-05 -1.36486e-14  0.000683398 -2.53712e-14  0.000719737 -2.00249e-14  0.000465805 -1.10759e-14   0.00022513 -4.73898e-15  8.59253e-05 -1.62041e-15  2.63637e-05 -4.45969e-16  6.49116e-06 -9.77719e-17  1.25765e-06 -1.65582e-17  1.83342e-07 -2.03181e-18  1.83226e-08 -1.57138e-19  1.00055e-09 -4.94904e-21
   0.0021694 -1.49886e-13   0.00604626 -1.77706e-13     0.001804  1.36211e-13    -0.010712  5.22885e-13   -0.0173688  4.82854e-13  -0.00787955 -3.17779e-14   0.00951385 -5.12014e-13    0.0172596 -4.85289e-13   0.00856473 -2.77846e-14  -0.00642394  3.79304e-13    -0.013235  3.89095e-13  -0.00776339  8.58514e-14   0.00239032 -2.01459e-13   0.00788328  -2.5721e-13   0.00612801 -1.20665e-13  0.000999548  4.10144e-14  -0.00274015  1.13286e-13  -0.00337832   9.3947e-14  -0.00203753  3.98242e-14 -0.000478884 -1.78696e-15  0.000382046 -1.76425e-14  0.000552794  -1.6357e-14  0.000397838  -9.7985e-15  0.000205007  -4.4194e-15  8.16706e-05 -1.56159e-15  2.56088e-05 -4.33525e-16  6.26207e-06 -9.26287e-17  1.15576e-06 -1.45303e-17  1.50663e-07 -1.52283e-18  1.20557e-08 -8.50527e-20  3.83782e-10
-9.02816e-14   0.00590203 -2.88145e-13   0.00968639  -2.6043e-13   0.00313681  1.16086e-13    -0.010269  5.01274e-13   -0.0164726  4.52811e-13  -0.00728363 -3.41357e-14   0.00905286 -4.85289e-13    0.0163929 -4.63368e-13   0.00826562 -3.03978e-14  -0.00607308  3.64425e-13   -0.0128657  3.83772e-13   -0.0078592  9.62909e-14   0.00196063 -1.87922e-13   0.00762284 -2.56255e-13   0.00635074 -1.34953e-13   0.00154845  2.25765e-14  -0.00227859  1.03525e-13   -0.0032827  9.71224e-14  -0.00228801  5.15099e-14 -0.000879187  1.15042e-14  1.38065e-05 -7.18107e-15  0.000297021 -9.82115e-15  0.000252339 -6.38686e-15  0.000135033 -2.90603e-15  5.30857e-05 -9.94412e-16  1.58391e-05 -2.58113e-16  3.55456e-06 -4.95769e-17  5.75701e-07 -6.62359e-18  6.14407e-08 -5.36738e-19  3.45478e-09 -1.71332e-20
  0.00228602 -1.69906e-13   0.00808929 -3.35852e-13    0.0102651 -2.61456e-13   0.00310707  1.05991e-13  -0.00950727  4.65732e-13   -0.0153886  4.26218e-13  -0.00693769 -2.98945e-14   0.00856473 -4.63368e-13    0.0157557 -4.48359e-13   0.00808662 -3.37382e-14  -0.00576719  3.51836e-13   -0.0125601  3.80101e-13   -0.0079972   1.0819e-13   0.00148093 -1.72659e-13   0.00731712  -2.5435e-13   0.00656894 -1.50026e-13    0.0021504  1.47832e-15  -0.00171459  8.99187e-14  -0.00306872  9.67156e-14  -0.00245191  6.12897e-14  -0.00125331  2.48648e-14 -0.000377719  4.45843e-15  2.00037e-06 -2.08073e-15  7.72827e-05 -2.26508e-15  5.11867e-05 -1.13045e-15  2.06669e-05 -3.80522e-16   5.8707e-06 -9.14445e-17  1.18771e-06 -1.53947e-17  1.63241e-07 -1.67486e-18  1.33804e-08 -9.47153e-20  4.26486e-10
-4.31346e-14   0.00310064 -1.78863e-13   0.00775209 -3.12639e-13   0.00960752 -2.52069e-13   0.00332993  8.46007e-14  -0.00864042  4.36789e-13    -0.014666  4.10195e-13  -0.00672821 -2.77846e-14   0.00826562 -4.48359e-13    0.0152715 -4.35845e-13   0.00792375 -3.67159e-14    -0.005477  3.39753e-13   -0.0122755  3.77561e-13  -0.00818446  1.22078e-13  0.000937613 -1.55393e-13   0.00695935 -2.51159e-13   0.00676793 -1.65351e-13   0.00279339 -2.21765e-14  -0.00104029  7.18582e-14  -0.00270879  9.15233e-14  -0.00248317  6.72569e-14  -0.00153118  3.55926e-14 -0.000703153   1.4242e-14 -0.000244851  4.28834e-15 -6.29276e-05  9.19329e-16 -1.07802e-05  1.14876e-16 -7.44603e-07 -1.73558e-18  1.72234e-07 -3.98945e-18  5.99052e-08 -7.97417e-19  8.03465e-09 -7.26475e-20  4.66696e-10 -2.25248e-21
 0.000242813 -2.69503e-14   0.00203864  -1.3383e-13   0.00649584  -2.8518e-13   0.00930895 -2.56547e-13   0.00370549  6.94328e-14  -0.00817287  4.21068e-13   -0.0141863  3.95674e-13  -0.00642394 -3.03978e-14   0.00808662 -4.35845e-13    0.0148309 -4.24503e-13   0.00779937 -4.09035e-14  -0.00516547  3.27794e-13   -0.0120198  3.76564e-13  -0.00842666  1.37889e-13  0.000333877  -1.3601e-13   0.00653628  -2.4599e-13   0.00692458 -1.80252e-13   0.00346262 -4.81092e-14 -0.000256819   4.9051e-14  -0.00217961  8.01311e-14  -0.00231692  6.65613e-14  -0.00161113  4.00872e-14 -0.000856595   1.9033e-14 -0.000365725  7.33648e-15 -0.000127482  2.31202e-15 -3.62432e-05  5.90596e-16 -8.26756e-06  1.19233e-16 -1.45967e-06  1.81033e-17 -1.86169e-07  1.87597e-18 -1.48652e-08  1.05345e-19 -4.80084e-10
 1.79895e-14 -0.000970749  2.71042e-14  0.000410115 -9.26024e-14   0.00580572 -2.77954e-13   0.00934449 -2.59337e-13   0.00375734  6.72677e-14  -0.00799409  4.09447e-13   -0.0137013  3.79304e-13  -0.00607308 -3.37382e-14   0.00792375 -4.24503e-13    0.0144532 -4.15719e-13   0.00774292 -4.64102e-14  -0.00484712  3.16455e-13   -0.0117963   3.7681e-13  -0.00871092   1.5539e-13 -0.000334303  -1.1404e-13   0.00602767 -2.38086e-13   0.00701442 -1.93856e-13   0.00413058 -7.55133e-14   0.00062194  2.13358e-14  -0.00145197  6.07479e-14  -0.00187966  5.64459e-14  -0.00141145  3.60115e-14 -0.000784737  1.76934e-14 -0.000343316   6.9173e-15 -0.000120015  2.15847e-15  -3.3295e-05  5.29052e-16 -7.14707e-06  9.82476e-17 -1.12953e-06  1.29141e-17 -1.19406e-07  1.04298e-18   -6.729e-09  3.34826e-20
-0.000907874     6.27e-14  -0.00252861  7.26782e-14  -0.00052093  -7.7519e-14   0.00566261 -2.76135e-13   0.00922307 -2.52464e-13   0.00355454  6.96332e-14  -0.00785226  3.97879e-13    -0.013235  3.64425e-13  -0.00576719 -3.67159e-14   0.00779937 -4.15719e-13    0.0141643 -4.09388e-13   0.00773222 -5.25246e-14  -0.00452857  3.05421e-13   -0.0115881  3.77843e-13  -0.00903243  1.74709e-13   -0.0010762 -8.90543e-14   0.00541533 -2.26568e-13   0.00700113 -2.04743e-13   0.00475537 -1.03342e-13    0.0015815 -1.14171e-14 -0.000508648  3.26774e-14  -0.00115717  3.69326e-14 -0.000951178  2.45555e-14 -0.000535118  1.19553e-14 -0.000228099  4.48631e-15 -7.54521e-05  1.30579e-15 -1.92325e-05  2.89231e-16 -3.66097e-06  4.65668e-17 -4.87545e-07  4.96506e-18 -3.95221e-08  2.79784e-19 -1.26541e-09
 2.92666e-14  -0.00196876  9.90739e-14  -0.00340902  9.07403e-14  -0.00077488 -7.39515e-14    0.0055537 -2.69742e-13   0.00894907 -2.42841e-13   0.00333464  7.21843e-14  -0.00775136  3.89095e-13   -0.0128657  3.51836e-13    -0.005477 -4.09035e-14   0.00774292 -4.09388e-13    0.0139388 -4.04621e-13   0.00775515 -5.94256e-14  -0.00419502  2.94223e-13   -0.0113872  3.79575e-13  -0.00939042  1.95846e-13  -0.00189585 -6.06038e-14   0.00467204 -2.10118e-13    0.0068381   -2.114e-13   0.00529731 -1.30456e-13    0.0025857 -4.76058e-14  0.000580074 -8.55959e-16  -0.00027217  1.26728e-14 -0.000376676  1.03634e-14 -0.000231693   5.1889e-15 -9.77121e-05  1.87338e-15 -3.03959e-05  5.02409e-16 -6.99759e-06  9.83966e-17 -1.14984e-06  1.32799e-17 -1.23453e-07  1.07906e-18 -6.93452e-09  3.42718e-20
-0.000609674  4.85395e-14  -0.00249374  1.11614e-13  -0.00363809  9.52505e-14 -0.000882779 -6.99229e-14   0.00540117 -2.63477e-13   0.00872327 -2.34595e-13   0.00310172  7.73024e-14  -0.00776339  3.83772e-13   -0.0125601  3.39753e-13  -0.00516547 -4.64102e-14   0.00773222 -4.04621e-13    0.0137619 -4.01465e-13   0.00782205 -6.74461e-14  -0.00384115  2.82771e-13   -0.0111891  3.81737e-13  -0.00977694  2.18759e-13  -0.00280411 -2.79174e-14   0.00376635 -1.87607e-13   0.00649019  -2.1246e-13   0.00569731 -1.53839e-13   0.00350079 -8.12786e-14   0.00159559 -3.18198e-14   0.00052888  -8.6733e-15  0.000111154 -1.18831e-15  3.58838e-06  2.20638e-16 -7.58286e-06  1.83329e-16 -3.29876e-06  5.63313e-17 -7.75636e-07  1.03786e-17 -1.11917e-07   1.1489e-18 -9.06829e-09  6.28175e-20 -2.71641e-10
 8.46363e-15 -0.000727215  4.98082e-14  -0.00249638  1.12624e-13  -0.00372639   9.9311e-14 -0.000988909 -6.79102e-14   0.00536371 -2.60948e-13   0.00855032  -2.2542e-13    0.0027817  8.58514e-14   -0.0078592  3.80101e-13   -0.0122755  3.27794e-13  -0.00484712 -5.25246e-14   0.00775515 -4.01465e-13    0.0136417 -4.00124e-13   0.00793356 -7.65404e-14  -0.00346448  2.70762e-13   -0.0109809  3.84004e-13   -0.0101903  2.43665e-13  -0.00381144  9.32605e-15   0.00268848 -1.58396e-13   0.00591152 -2.04884e-13   0.00580384 -1.66386e-13   0.00405975 -1.02548e-13   0.00223505 -5.08832e-14   0.00100514 -2.08154e-14  0.000374652 -7.07227e-15  0.000115878 -1.98588e-15  2.94074e-05  -4.5245e-16  5.96016e-06 -8.05646e-17  9.16156e-07 -1.04429e-17  9.67234e-08 -8.50941e-19  5.56555e-09  -2.8118e-20
  4.6189e-05  1.59863e-15 -0.000460235  4.28939e-14  -0.00243073  1.15115e-13  -0.00385901  1.02148e-13 -0.000970467 -7.11127e-14   0.00544719 -2.59898e-13    0.0083497 -2.14024e-13   0.00239032  9.62909e-14   -0.0079972  3.77561e-13   -0.0120198  3.16455e-13  -0.00452857 -5.94256e-14   0.00782205 -4.00124e-13    0.0135767 -4.00427e-13   0.00808796 -8.68974e-14  -0.00305388  2.57843e-13   -0.0107568  3.86303e-13   -0.0106261  2.70165e-13  -0.00489924  5.06789e-14   0.00142617 -1.20454e-13   0.00497512 -1.82168e-13   0.00536387 -1.58668e-13   0.00397788 -1.02943e-13   0.00229259   -5.318e-14   0.00106684 -2.23428e-14  0.000404699 -7.64023e-15  0.000124322  -2.0976e-15  3.02894e-05 -4.49172e-16  5.62906e-06 -7.12339e-17  7.43971e-07 -7.58731e-18  6.06392e-08 -4.31725e-19  1.97301e-09
-7.48528e-15  0.000400882 -1.11362e-14 -0.000180147  3.96439e-14  -0.00249523  1.19386e-13  -0.00393592  1.00625e-13 -0.000810017 -7.76119e-14   0.00557019 -2.58624e-13   0.00811997 -2.01459e-13   0.00196063   1.0819e-13  -0.00818446  3.76564e-13   -0.0117963  3.05421e-13  -0.00419502 -6.74461e-14   0.00793356 -4.00427e-13    0.0135631  -4.0245e-13   0.00829255 -9.87509e-14  -0.00260577  2.43935e-13   -0.0105078  3.87871e-13   -0.0110474  2.96957e-13  -0.00604766  9.69348e-14 -0.000105232 -6.89022e-14   0.00348685  -1.3729e-13   0.00418195 -1.25734e-13   0.00316987 -8.18726e-14   0.00180842 -4.13737e-14  0.000814195 -1.66371e-14  0.000292382  -5.3237e-15  8.30149e-05 -1.33253e-15   1.8157e-05 -2.51597e-16  2.91087e-06 -3.34772e-17  3.10866e-07 -2.72473e-18  1.76346e-08  -8.7836e-20
 0.000276428 -1.91871e-14  0.000762838 -1.98183e-14 -7.71118e-05  4.09969e-14  -0.00260515  1.22157e-13    -0.003919  9.59263e-14 -0.000577709 -8.56043e-14   0.00571903 -2.57713e-13   0.00788328 -1.87922e-13   0.00148093  1.22078e-13  -0.00842666   3.7681e-13   -0.0115881  2.94223e-13  -0.00384115 -7.65404e-14   0.00808796  -4.0245e-13    0.0136064 -4.06316e-13   0.00854668 -1.12044e-13  -0.00211343  2.28238e-13   -0.0101907   3.8702e-13   -0.0114166  3.24011e-13  -0.00730683  1.51361e-13  -0.00203106  1.41731e-16   0.00137578 -7.04006e-14   0.00235104 -7.33935e-14   0.00187183 -4.81775e-14   0.00104929 -2.34833e-14   0.00044892 -8.85588e-15  0.000149309 -2.59173e-15  3.82597e-05 -5.76858e-16  7.31449e-06 -9.32379e-17  9.77138e-07  -9.9649e-18  7.93556e-08 -5.61516e-19  2.54219e-09
-7.68087e-15  0.000538069  -2.7958e-14  0.000965496 -2.31614e-14 -8.16788e-05  4.36215e-14  -0.00270238  1.23715e-13  -0.00385793  8.95903e-14 -0.000289421 -9.54712e-14   0.00591007  -2.5721e-13   0.00762284 -1.72659e-13  0.000937613  1.37889e-13  -0.00871092  3.77843e-13   -0.0113872  2.82771e-13  -0.00346448 -8.68974e-14   0.00829255 -4.06316e-13     0.013704 -4.11849e-13   0.00885279 -1.27453e-13  -0.00153589  2.09055e-13  -0.00976493  3.83476e-13   -0.0117688  3.53653e-13  -0.00875233  2.15209e-13  -0.00430741   8.1508e-14  -0.00108182  5.90564e-15  0.000319507 -1.72778e-14  0.000535315 -1.50409e-14  0.000339889 -7.67232e-15  0.000145038 -2.79027e-15   4.5311e-05 -7.49581e-16   1.0429e-05  -1.4651e-16  1.70718e-06 -1.96718e-17  1.81963e-07 -1.58293e-18  1.01086e-08 -4.94219e-20
 0.000141121 -1.23438e-14  0.000687031 -3.24447e-14   0.00106325 -2.43268e-14 -0.000123336  4.70656e-14    -0.002816  1.25205e-13  -0.00376426  8.11815e-14   7.3918e-05 -1.07375e-13   0.00612801 -2.56255e-13   0.00731712 -1.55393e-13  0.000333877   1.5539e-13  -0.00903243  3.79575e-13   -0.0111891  2.70762e-13  -0.00305388 -9.87509e-14   0.00854668 -4.11849e-13    0.0138564 -4.19615e-13   0.00924779 -1.46525e-13 -0.000837369  1.86266e-13  -0.00926763  3.79367e-13   -0.0121583  3.85626e-13   -0.0102639  2.79673e-13  -0.00651821  1.57273e-13   -0.0032688  7.06119e-14  -0.00131724  2.55581e-14 -0.000428491  7.46763e-15 -0.000112534  1.76274e-15 -2.39661e-05  3.39908e-16 -4.22302e-06  5.52394e-17 -6.37886e-07  7.75471e-18 -8.21305e-08  8.76259e-19 -7.69736e-09  6.09822e-20 -3.14932e-10
-1.58544e-15  0.000175369 -1.40176e-14  0.000764132 -3.54836e-14   0.00113101 -2.42517e-14 -0.000216706  5.22154e-14  -0.00295567  1.26134e-13   -0.0036129  7.01929e-14  0.000507721 -1.20665e-13   0.00635074  -2.5435e-13   0.00695935  -1.3601e-13 -0.000334303  1.74709e-13  -0.00939042  3.81737e-13   -0.0109809  2.57843e-13  -0.00260577 -1.12044e-13   0.00885279 -4.19615e-13    0.0140986 -4.31039e-13    0.0097616 -1.69115e-13 -6.43848e-05  1.62235e-13  -0.00875247  3.73948e-13   -0.0124301  4.09253e-13     -0.01135  3.23967e-13  -0.00796026  2.03975e-13  -0.00453781  1.05833e-13  -0.00214976  4.58389e-14  -0.00085123  1.65675e-14 -0.000280052  4.93969e-15 -7.52368e-05  1.18638e-15 -1.59901e-05   2.2021e-16 -2.54646e-06  2.93695e-17 -2.75078e-07  2.43546e-18  -1.6017e-08  8.13388e-20
-2.10636e-05 -3.80214e-16  0.000159704 -1.51105e-14  0.000843658 -3.83468e-14   0.00116497  -2.2162e-14 -0.000375667  5.87664e-14  -0.00309628  1.25723e-13  -0.00339452  5.68072e-14  0.000999548 -1.34953e-13   0.00656894 -2.51159e-13   0.00653628  -1.1404e-13   -0.0010762  1.95846e-13  -0.00977694  3.84004e-13   -0.0107568  2.43935e-13  -0.00211343 -1.27453e-13   0.00924779 -4.31039e-13    0.0144581 -4.45795e-13    0.0103392 -1.92527e-13  0.000721155  1.36292e-13  -0.00805793  3.56014e-13   -0.0120723  4.03198e-13    -0.011306  3.25423e-13  -0.00804232  2.06689e-13   -0.0045968  1.06789e-13  -0.00215142  4.52881e-14 -0.000825759  1.56898e-14  -0.00025719  4.36822e-15 -6.35336e-05  9.48147e-16 -1.19614e-05  1.52221e-16  -1.5997e-06  1.63892e-17 -1.31796e-07  9.42612e-19   -4.331e-09
  1.8758e-15 -8.95787e-05  1.26262e-15  0.000162007 -1.71193e-14  0.000932899 -4.04212e-14   0.00114593 -1.79854e-14  -0.00058474  6.60034e-14  -0.00322186  1.23742e-13  -0.00310773  4.10144e-14   0.00154845 -1.50026e-13   0.00676793  -2.4599e-13   0.00602767 -8.90543e-14  -0.00189585  2.18759e-13   -0.0101903  3.86303e-13   -0.0105078  2.28238e-13  -0.00153589 -1.46525e-13    0.0097616 -4.45795e-13    0.0148767 -4.60981e-13    0.0109108 -2.17207e-13   0.00167618   9.7369e-14  -0.00668174   3.0509e-13   -0.0104345  3.47906e-13  -0.00968001    2.752e-13  -0.00669134  1.68571e-13  -0.00366154  8.27708e-14  -0.00161631  3.28451e-14 -0.000575564  1.04599e-14 -0.000163104  2.61909e-15 -3.57504e-05  4.96335e-16 -5.75959e-06  6.64172e-17 -6.19407e-07  5.44532e-18 -3.54445e-08  1.77335e-19
-6.29808e-05  4.22767e-15 -0.000148516     1.84e-15   0.00019941 -1.97269e-14   0.00101298 -4.13458e-14   0.00107664 -1.20848e-14 -0.000832768  7.36465e-14  -0.00332402   1.1982e-13  -0.00274015  2.25765e-14    0.0021504 -1.65351e-13   0.00692458 -2.38086e-13   0.00541533 -6.06038e-14  -0.00280411  2.43665e-13   -0.0106261  3.87871e-13   -0.0101907  2.09055e-13 -0.000837369 -1.69115e-13    0.0103392 -4.60981e-13    0.0152816 -4.76892e-13    0.0116282 -2.53949e-13   0.00328531  2.62551e-14  -0.00404601  2.05572e-13  -0.00723848  2.42066e-13  -0.00666998  1.86317e-13  -0.00442611  1.08438e-13  -0.00228119  4.97468e-14 -0.000933437  1.81511e-14 -0.000303008  5.21948e-15 -7.67002e-05  1.15273e-15 -1.46014e-05  1.86084e-16 -1.95357e-06  1.99496e-17 -1.59614e-07  1.13221e-18  -5.1637e-09
 1.68417e-15 -0.000119349  5.99561e-15 -0.000177016  1.37691e-15  0.000258839 -2.25378e-14   0.00107975 -4.11627e-14  0.000958525 -4.46903e-15  -0.00111659  8.13331e-14  -0.00338408  1.13286e-13  -0.00227859  1.47832e-15   0.00279339 -1.80252e-13   0.00701442 -2.26568e-13   0.00467204 -2.79174e-14  -0.00381144  2.70165e-13   -0.0110474   3.8702e-13  -0.00976493  1.86266e-13 -6.43848e-05 -1.92527e-13    0.0109108 -4.76892e-13    0.0158225 -5.04155e-13    0.0129627 -3.20937e-13   0.00606416 -8.91044e-14 -3.35091e-05  6.33177e-14  -0.00294555  1.08427e-13  -0.00309695  8.71527e-14  -0.00205203  4.92828e-14  -0.00100807  2.12302e-14 -0.000382386  7.09505e-15  -0.00011234   1.8231e-15 -2.50511e-05  3.48849e-16 -4.04793e-06  4.65351e-17 -4.31634e-07  3.75894e-18 -2.42484e-08  1.19141e-19
-3.13609e-05   2.8756e-15 -0.000160327  7.08108e-15 -0.000182786  1.63623e-16  0.000336389 -2.55249e-14   0.00113009 -3.96235e-14  0.000783922  4.87668e-15  -0.00142492  8.83652e-14  -0.00337832  1.03525e-13  -0.00171459 -2.21765e-14   0.00346262 -1.93856e-13   0.00700113 -2.10118e-13   0.00376635  9.32605e-15  -0.00489924  2.96957e-13   -0.0114166  3.83476e-13  -0.00926763  1.62235e-13  0.000721155 -2.17207e-13    0.0116282 -5.04155e-13    0.0169663 -5.60414e-13    0.0153909 -4.27748e-13    0.0100097 -2.37257e-13   0.00468304 -9.09946e-14   0.00137644 -1.69122e-14  3.24136e-05   5.9401e-15 -0.000233024  6.88831e-15 -0.000155389  3.40746e-15 -6.17037e-05  1.12165e-15 -1.70614e-05  2.61063e-16 -3.32481e-06  4.20762e-17 -4.34176e-07  4.29591e-18 -3.31615e-08   2.1958e-19 -9.56382e-10
 4.26729e-16 -4.85838e-05  3.78163e-15 -0.000192094  7.72521e-15 -0.000168129 -1.86434e-15  0.000432194 -2.84642e-14    0.0011513 -3.63272e-14  0.000548869  1.56882e-14  -0.00173938   9.3947e-14   -0.0032827  8.99187e-14  -0.00104029 -4.81092e-14   0.00413058 -2.04743e-13    0.0068381 -1.87607e-13   0.00268848  5.06789e-14  -0.00604766  3.24011e-13   -0.0117688  3.79367e-13  -0.00875247  1.36292e-13   0.00167618 -2.53949e-13    0.0129627 -5.60414e-13    0.0191764  -6.5402e-13    0.0188389 -5.59321e-13    0.0143066 -3.82103e-13   0.00887004 -2.16372e-13   0.00460802 -1.03456e-13   0.00203181 -4.21076e-14   0.00076323 -1.45784e-14  0.000242903 -4.24731e-15  6.43896e-05 -1.01635e-15  1.37582e-05 -1.91239e-16  2.23846e-06 -2.62562e-17  2.50134e-07  -2.2751e-18  1.51978e-08 -8.03742e-20
  3.1878e-07  5.48638e-16 -6.40311e-05  4.68265e-15  -0.00021854  7.83797e-15 -0.000128104 -4.72029e-15  0.000538545 -3.08991e-14   0.00112939 -3.10064e-14  0.000254989  2.75503e-14  -0.00203753  9.71224e-14  -0.00306872  7.18582e-14 -0.000256819 -7.55133e-14   0.00475537   -2.114e-13   0.00649019 -1.58396e-13   0.00142617  9.69348e-14  -0.00730683  3.53653e-13   -0.0121583  3.73948e-13  -0.00805793   9.7369e-14   0.00328531 -3.20937e-13    0.0153909  -6.5402e-13    0.0223559 -7.68194e-13    0.0224131 -6.76462e-13    0.0176308 -4.80421e-13    0.0113811 -2.83079e-13   0.00613549 -1.39745e-13   0.00277259 -5.77217e-14   0.00104413 -1.97458e-14  0.000322873 -5.48484e-15  7.99114e-05 -1.19729e-15  1.51823e-05 -1.94568e-16   2.0609e-06 -2.13431e-17  1.73158e-07 -1.25972e-18  5.82603e-09
-2.43024e-16  4.45793e-06  7.63711e-16 -8.47341e-05  5.60049e-15 -0.000234579  7.22607e-15 -6.15378e-05 -8.20741e-15  0.000643576 -3.23545e-14    0.0010519 -2.34676e-14 -9.23538e-05  3.98242e-14  -0.00228801  9.67156e-14  -0.00270879   4.9051e-14   0.00062194 -1.03342e-13   0.00529731  -2.1246e-13   0.00591152 -1.20454e-13 -0.000105232  1.51361e-13  -0.00875233  3.85626e-13   -0.0124301  3.56014e-13  -0.00668174  2.62551e-14   0.00606416 -4.27748e-13    0.0188389 -7.68194e-13    0.0255869 -8.62414e-13    0.0247509 -7.35432e-13    0.0188629 -5.05187e-13    0.0117407 -2.85791e-13   0.00604509 -1.33935e-13   0.00257578 -5.17714e-14  0.000900226 -1.62852e-14  0.000253341 -4.06874e-15  5.56344e-05 -7.75302e-16  9.04268e-06 -1.05015e-16  9.86758e-07  -8.7768e-18  5.75754e-08 -2.93533e-19
 9.33601e-06 -4.86035e-16  3.90318e-06  1.22207e-15  -0.00010964  6.36296e-15 -0.000234546  5.80273e-15  2.90162e-05 -1.20442e-14  0.000733532 -3.22981e-14  0.000906192 -1.36486e-14 -0.000478884  5.15099e-14  -0.00245191  9.15233e-14  -0.00217961  2.13358e-14    0.0015815 -1.30456e-13   0.00569731 -2.04884e-13   0.00497512 -6.89022e-14  -0.00203106  2.15209e-13   -0.0102639  4.09253e-13   -0.0120723   3.0509e-13  -0.00404601 -8.91044e-14    0.0100097 -5.59321e-13    0.0224131 -8.62414e-13     0.027497 -8.93023e-13    0.0247713 -7.12254e-13    0.0176797 -4.57943e-13     0.010281 -2.41361e-13   0.00491411 -1.04551e-13   0.00192557 -3.69463e-14  0.000611029 -1.04674e-14  0.000153398 -2.30602e-15  2.92794e-05 -3.74946e-16  3.96204e-06 -4.08502e-17  3.29806e-07 -2.37864e-18  1.09409e-08
 -2.7369e-16  1.68768e-05 -5.79253e-16 -3.81298e-06  1.88204e-15 -0.000134713  6.80054e-15 -0.000214144  3.53157e-15  0.000138741 -1.58231e-14  0.000790374 -3.01423e-14  0.000683398 -1.78696e-15 -0.000879187  6.12897e-14  -0.00248317  8.01311e-14  -0.00145197 -1.14171e-14    0.0025857 -1.53839e-13   0.00580384 -1.82168e-13   0.00348685  1.41731e-16  -0.00430741  2.79673e-13     -0.01135  4.03198e-13   -0.0104345  2.05572e-13 -3.35091e-05 -2.37257e-13    0.0143066 -6.76462e-13    0.0247509 -8.93023e-13    0.0270219 -8.37983e-13    0.0222665 -6.14249e-13    0.0146358 -3.63828e-13   0.00783323  -1.7614e-13   0.00342929 -6.96208e-14   0.00122038 -2.22153e-14   0.00034722 -5.59455e-15  7.66526e-05  -1.0691e-15  1.24676e-05 -1.44625e-16  1.35648e-06 -1.20276e-17  7.86841e-08  -3.9891e-19
 5.89196e-06 -4.80616e-16  2.11451e-05 -4.80045e-16 -1.81172e-05  2.66094e-15  -0.00015549  6.72768e-15 -0.000169281  4.59445e-16  0.000257625 -1.89439e-14  0.000793042 -2.53712e-14  0.000382046  1.15042e-14  -0.00125331  6.72569e-14  -0.00231692  6.07479e-14 -0.000508648 -4.76058e-14   0.00350079 -1.66386e-13   0.00536387  -1.3729e-13   0.00137578   8.1508e-14  -0.00651821  3.23967e-13    -0.011306  3.47906e-13  -0.00723848  6.33177e-14   0.00468304 -3.82103e-13    0.0176308 -7.35432e-13    0.0247713 -8.37983e-13    0.0239965 -7.07872e-13    0.0179432 -4.72895e-13    0.0107708 -2.55905e-13   0.00526223 -1.12876e-13   0.00209275 -4.03679e-14  0.000670394 -1.15201e-14  0.000169199 -2.54706e-15  3.23619e-05 -4.14421e-16  4.37675e-06 -4.50716e-17  3.63367e-07 -2.61396e-18  1.20022e-08
-1.14611e-16  1.03867e-05 -6.28436e-16  2.13077e-05 -1.77308e-16 -3.78971e-05  3.43525e-15 -0.000165779  5.94338e-15 -9.84524e-05 -3.17878e-15  0.000368917 -2.06426e-14  0.000719737 -1.76425e-14  1.38065e-05  2.48648e-14  -0.00153118  6.65613e-14  -0.00187966  3.26774e-14  0.000580074 -8.12786e-14   0.00405975 -1.58668e-13   0.00418195 -7.04006e-14  -0.00108182  1.57273e-13  -0.00796026  3.25423e-13  -0.00968001  2.42066e-13  -0.00294555 -9.09946e-14   0.00887004 -4.80421e-13    0.0188629 -7.12254e-13    0.0222665 -7.07872e-13    0.0191813  -5.3756e-13    0.0129749 -3.25983e-13   0.00708019  -1.6036e-13   0.00314061  -6.4067e-14   0.00112735 -2.05835e-14  0.000322447 -5.20379e-15  7.13739e-05 -9.96007e-16  1.16162e-05 -1.34701e-16  1.26256e-06 -1.11813e-17  7.30655e-08 -3.69585e-19
 1.57203e-06 -2.10115e-16  1.43306e-05 -6.92059e-16  1.63143e-05  3.26262e-16  -6.0247e-05  4.00427e-15 -0.000158497  4.31964e-15 -5.68402e-06 -6.89569e-15   0.00044844 -2.00249e-14  0.000552794 -7.18107e-15 -0.000377719  3.55926e-14  -0.00161113  5.64459e-14  -0.00115717 -8.55959e-16   0.00159559 -1.02548e-13   0.00397788 -1.25734e-13   0.00235104  5.90564e-15   -0.0032688  2.03975e-13  -0.00804232    2.752e-13  -0.00666998  1.08427e-13   0.00137644 -2.16372e-13    0.0113811 -5.05187e-13    0.0176797 -6.14249e-13    0.0179432  -5.3756e-13    0.0137953  -3.6723e-13    0.0084328 -2.01704e-13   0.00417059 -8.98636e-14   0.00167219   -3.235e-14  0.000538471 -9.26918e-15   0.00013631 -2.05365e-15  2.61045e-05 -3.34324e-16  3.53015e-06 -3.63345e-17  2.92735e-07 -2.10332e-18  9.64922e-09
-1.27071e-17  3.22179e-06  -3.1378e-16  1.69482e-05 -6.24222e-16  5.57125e-06  9.62887e-16 -7.97448e-05  4.12361e-15 -0.000128077   1.9019e-15   9.6327e-05 -9.87517e-15  0.000465805  -1.6357e-14  0.000297021  4.45843e-15 -0.000703153  4.00872e-14  -0.00141145  3.69326e-14  -0.00027217 -3.18198e-14   0.00223505 -1.02943e-13   0.00316987 -7.33935e-14  0.000319507  7.06119e-14  -0.00453781  2.06689e-13  -0.00669134  1.86317e-13  -0.00309695 -1.69122e-14   0.00460802 -2.83079e-13    0.0117407 -4.57943e-13    0.0146358 -4.72895e-13    0.0129749  -3.6723e-13   0.00893434 -2.25922e-13   0.00493293 -1.12211e-13    0.0022054 -4.51182e-14  0.000795741 -1.45551e-14  0.000228322 -3.68842e-15  5.06233e-05 -7.06698e-16  8.24302e-06 -9.55732e-17  8.95526e-07 -7.92597e-18  5.17621e-08 -2.61516e-19
-2.13105e-07 -4.00697e-17  5.50562e-06 -4.00899e-16  1.67386e-05 -3.92408e-16 -9.66831e-06  1.58115e-15 -8.92159e-05  3.57684e-15 -7.40565e-05 -9.42488e-16  0.000183254 -1.10759e-14  0.000397838 -9.82115e-15  2.00037e-06   1.4242e-14 -0.000856595  3.60115e-14 -0.000951178  1.26728e-14   0.00052888 -5.08832e-14   0.00229259 -8.18726e-14   0.00187183 -1.72778e-14  -0.00131724  1.05833e-13   -0.0045968  1.68571e-13  -0.00442611  8.71527e-14  3.24136e-05 -1.03456e-13   0.00613549 -2.85791e-13     0.010281 -3.63828e-13    0.0107708 -3.25983e-13    0.0084328 -2.25922e-13   0.00521493 -1.25266e-13   0.00259908 -5.61608e-14   0.00104744 -2.03009e-14  0.000338399 -5.83158e-15  8.58269e-05 -1.29377e-15  1.64507e-05 -2.10709e-16  2.22473e-06 -2.28922e-17  1.84368e-07 -1.32381e-18  6.07012e-09
 1.36988e-17  1.24579e-07 -9.15972e-17  7.78028e-06 -4.25734e-16  1.25525e-05 -1.74013e-17 -2.56846e-05  1.96115e-15 -8.19362e-05  2.31934e-15 -6.33715e-06 -3.44779e-15   0.00022513  -9.7985e-15  0.000252339 -2.08073e-15 -0.000244851   1.9033e-14 -0.000784737  2.45555e-14 -0.000376676  -8.6733e-15   0.00100514   -5.318e-14   0.00180842 -4.81775e-14  0.000535315  2.55581e-14  -0.00214976  1.06789e-13  -0.00366154  1.08438e-13  -0.00205203   5.9401e-15   0.00203181 -1.39745e-13   0.00604509 -2.41361e-13   0.00783323 -2.55905e-13   0.00708019 -2.01704e-13   0.00493293 -1.25266e-13   0.00274455 -6.26064e-14   0.00123329 -2.52774e-14  0.000446475 -8.17613e-15  0.000128372 -2.07515e-15  2.84942e-05 -3.97883e-16  4.64144e-06 -5.38122e-17  5.04137e-07 -4.46039e-18  2.91193e-08 -1.47016e-19
-4.01276e-07  1.08975e-17  1.12117e-06 -1.50717e-16  8.87821e-06 -3.50086e-16   4.6076e-06  4.02031e-16 -3.66184e-05   1.8963e-15 -5.64823e-05  6.47707e-16   5.4166e-05 -4.73898e-15  0.000205007 -6.38686e-15  7.72827e-05  4.28834e-15 -0.000365725  1.76934e-14 -0.000535118  1.03634e-14  0.000111154 -2.08154e-14   0.00106684 -4.13737e-14   0.00104929 -1.50409e-14 -0.000428491  4.58389e-14  -0.00215142  8.27708e-14  -0.00228119  4.92828e-14 -0.000233024 -4.21076e-14   0.00277259 -1.33935e-13   0.00491411  -1.7614e-13   0.00526223  -1.6036e-13   0.00417059 -1.12211e-13   0.00259908 -6.26064e-14   0.00130196 -2.81851e-14  0.000526468  -1.0216e-14  0.000170456  -2.9396e-15  4.32874e-05 -6.52765e-16    8.302e-06 -1.06346e-16  1.12281e-06 -1.15519e-17  9.30165e-08 -6.67622e-19  3.06032e-09
 1.01591e-17 -4.25526e-07 -9.16075e-18  2.41943e-06  -1.8655e-16  7.75988e-06  -1.7431e-16 -4.72475e-06  7.02779e-16 -3.72092e-05  1.35359e-15 -2.08552e-05 -8.44848e-16  8.59253e-05  -4.4194e-15  0.000135033 -2.26508e-15 -6.29276e-05  7.33648e-15 -0.000343316  1.19553e-14 -0.000231693 -1.18831e-15  0.000374652 -2.23428e-14  0.000814195 -2.34833e-14  0.000339889  7.46763e-15  -0.00085123  4.52881e-14  -0.00161631  4.97468e-14  -0.00100807  6.88831e-15   0.00076323 -5.77217e-14   0.00257578 -1.04551e-13   0.00342929 -1.12876e-13   0.00314061 -8.98636e-14    0.0022054 -5.61608e-14   0.00123329 -2.81851e-14  0.000556064 -1.14111e-14  0.000201755 -3.69753e-15  5.80898e-05 -9.39445e-16  1.29037e-05 -1.80217e-16  2.10247e-06 -2.43754e-17  2.28339e-07 -2.01983e-18  1.31835e-08 -6.65323e-20
-2.02439e-07  1.20064e-17 -7.45764e-08 -3.85336e-17  3.30905e-06 -1.70732e-16  4.37649e-06  3.97539e-17  -1.1529e-05  7.50433e-16 -2.70617e-05  5.61993e-16  1.05288e-05 -1.62041e-15  8.16706e-05 -2.90603e-15  5.11867e-05  9.19329e-16 -0.000127482   6.9173e-15 -0.000228099   5.1889e-15  3.58838e-06 -7.07227e-15  0.000404699 -1.66371e-14   0.00044892 -7.67232e-15 -0.000112534  1.65675e-14 -0.000825759  3.28451e-14 -0.000933437  2.12302e-14 -0.000155389 -1.45784e-14   0.00104413 -5.17714e-14   0.00192557 -6.96208e-14   0.00209275  -6.4067e-14   0.00167219 -4.51182e-14   0.00104744 -2.52774e-14  0.000526468 -1.14111e-14  0.000213362 -4.14359e-15  6.91808e-05 -1.19364e-15  1.75837e-05 -2.65226e-16  3.37377e-06   -4.322e-17  4.56321e-07 -4.69442e-18  3.77952e-08 -2.71209e-19  1.24297e-09
 3.96335e-18 -2.54945e-07  5.52958e-18  4.96607e-07 -6.00441e-17  3.14309e-06  -1.0229e-16  1.64273e-07  1.94917e-16 -1.29465e-05  5.49456e-16 -1.18489e-05 -1.17885e-16  2.63637e-05 -1.56159e-15  5.30857e-05 -1.13045e-15 -1.07802e-05  2.31202e-15 -0.000120015  4.48631e-15 -9.77121e-05  2.20638e-16  0.000115878 -7.64023e-15  0.000292382 -8.85588e-15  0.000145038  1.76274e-15 -0.000280052  1.56898e-14 -0.000575564  1.81511e-14 -0.000382386  3.40746e-15  0.000242903 -1.97458e-14  0.000900226 -3.69463e-14   0.00122038 -4.03679e-14   0.00112735   -3.235e-14  0.000795741 -2.03009e-14  0.000446475  -1.0216e-14  0.000201755 -4.14359e-15  7.33092e-05 -1.34422e-15  2.11269e-05 -3.41772e-16  4.69542e-06 -6.55861e-17  7.65208e-07 -8.87157e-18  8.31017e-08 -7.35011e-19  4.79684e-09 -2.42018e-20
