    0.0224658  -3.45153e-16    -0.0266092   7.20774e-16   -0.00787779  -3.46673e-16    0.00107056   5.19832e-17    0.00245023   -1.6946e-17    0.00162659  -1.58333e-17   0.000764041   1.98433e-17   0.000279275   1.40262e-17    7.4202e-05   2.33567e-19   6.78125e-06  -4.04028e-18  -7.95695e-06  -2.42914e-18  -7.36051e-06  -5.40884e-19  -4.34137e-06   2.17297e-19  -2.12035e-06   3.01202e-19   -9.1966e-07   1.96786e-19  -3.64413e-07   9.94863e-20  -1.33675e-07   4.33796e-20  -4.56711e-08   1.70173e-20  -1.45636e-08   6.14652e-21  -4.33196e-09   2.07442e-21  -1.19864e-09   6.59468e-22  -3.06949e-10   1.98124e-22  -7.21307e-11   5.63099e-23  -1.53276e-11   1.51494e-23  -2.86301e-12   3.85988e-24  -4.39559e-13    9.3129e-25  -4.33679e-14   2.12658e-25   2.81829e-15   4.59395e-26   3.03054e-15   9.38923e-27   1.05107e-15   1.81604e-27   2.75044e-16    3.3243e-28   6.14064e-17   5.75794e-29   1.22057e-17   9.43406e-30   2.20261e-18   1.46178e-30   3.64579e-19   2.14153e-31   5.56681e-20   2.96556e-32   7.86568e-21   3.88001e-33   1.02992e-21   4.79335e-34   1.24989e-22    5.5873e-35   1.40458e-23   6.13952e-36   1.45858e-24   6.35283e-37     1.395e-25   6.18217e-38   1.22249e-26   5.64945e-39   9.73982e-28    4.8397e-40   6.96698e-29     3.879e-41   4.37711e-30   2.90212e-42   2.30873e-31    2.0214e-43   9.02191e-33   1.30674e-44   1.13275e-34    7.8122e-46  -2.16402e-35   4.30122e-47  -2.74391e-36   2.17028e-48  -2.14614e-37   9.97789e-50  -1.31924e-38   4.15111e-51  -6.76522e-40   1.54979e-52  -2.94943e-41   5.13944e-54  -1.09643e-42   1.49457e-55  -3.45396e-44   3.74889e-57  -9.09404e-46   7.93492e-59  -1.95691e-47   1.37457e-60  -3.32423e-49   1.86229e-62   -4.2156e-51   1.83144e-64  -3.61008e-53   1.12989e-66   -1.6582e-55   2.82286e-69
 -3.45153e-16     0.0604778  -4.06312e-16    -0.0302887   5.08246e-16    -0.0208808  -1.24056e-16   -0.00495188  -3.29652e-17    0.00162507  -7.93924e-17    0.00252698   1.46622e-17     0.0017205   4.39391e-17   0.000883129   1.58342e-17   0.000378765  -4.93475e-18   0.000139807  -7.59121e-18   4.41829e-05  -3.49941e-18   1.13724e-05  -3.52957e-19   1.94186e-06   7.12699e-19  -1.07537e-07   7.07754e-19  -2.83355e-07     4.427e-19  -1.57731e-07   2.24312e-19  -6.25528e-08   9.90736e-20  -1.97759e-08   3.93955e-20  -4.89828e-09   1.43681e-20  -7.73615e-10   4.86314e-21   5.70622e-11   1.53813e-21   1.10918e-10   4.56334e-22    5.7968e-11   1.27296e-22   2.24459e-11   3.34492e-23   7.35485e-12   8.29085e-24   2.13555e-12   1.93997e-24   5.61453e-13   4.28692e-25   1.35243e-13   8.95003e-26   3.00592e-14   1.76633e-26   6.19193e-15   3.29686e-27   1.18541e-15   5.82138e-28   2.11258e-16   9.72427e-29   3.50752e-17   1.53654e-29   5.42539e-18   2.29626e-30   7.81253e-19   3.24486e-31   1.04571e-19   4.33441e-32   1.29775e-20   5.47029e-33   1.48736e-21   6.51862e-34   1.56482e-22   7.32856e-35    1.4968e-23   7.76559e-36   1.28044e-24   7.74659e-37   9.48749e-26   7.26476e-38   5.63362e-27    6.3945e-39   1.96353e-28   5.27304e-40  -9.17309e-30   4.06494e-41  -2.68504e-30   2.92221e-42  -3.34613e-31   1.95338e-43  -3.16353e-32   1.21014e-44  -2.51158e-33   6.92113e-46  -1.73314e-34   3.63785e-47  -1.05376e-35   1.74794e-48  -5.67015e-37   7.62922e-50   -2.6983e-38   3.00204e-51  -1.13063e-39   1.05518e-52   -4.1396e-41   3.27522e-54   -1.3097e-42   8.84823e-56  -3.52566e-44   2.04149e-57   -7.9044e-46    3.9205e-59  -1.43161e-47   6.03986e-61  -2.00101e-49   7.04896e-63  -2.00185e-51   5.63209e-65  -1.23734e-53   2.44554e-67   -3.0447e-56
   -0.0266092  -4.06312e-16     0.0794039  -2.79781e-16    -0.0150153   2.33893e-16    -0.0266481   -3.9248e-17     -0.012765   -1.5618e-16    -0.0022471  -7.15107e-17    0.00164743    5.2547e-17    0.00203518   5.02442e-17     0.0013936   8.17551e-18   0.000757388  -1.11395e-17    0.00035826  -9.65023e-18   0.000153808  -3.27468e-18   6.15016e-05    5.3056e-19   2.33625e-05    1.5174e-18   8.57542e-06   1.24067e-18   3.08456e-06   7.37006e-19    1.0972e-06   3.65934e-19   3.86794e-07   1.59782e-19     1.345e-07   6.29257e-20    4.5709e-08    2.2698e-20   1.50228e-08   7.57398e-21   4.73019e-09   2.35279e-21   1.41646e-09   6.83191e-22   4.01303e-10   1.85993e-22   1.07195e-10   4.75858e-23   2.69346e-11   1.14619e-23   6.35657e-12   2.60233e-24   1.40742e-12   5.57397e-25   2.92079e-13   1.12722e-25   5.67569e-14   2.15387e-26   1.03145e-14   3.89101e-27   1.75016e-15   6.64799e-28    2.7664e-16   1.07438e-28   4.06006e-17   1.64229e-29   5.50555e-18   2.37418e-30   6.84569e-19    3.2453e-31   7.70695e-20   4.19289e-32   7.67427e-21   5.11748e-33   6.42015e-22   5.89631e-34   3.85065e-23   6.40781e-35   2.06228e-25   6.56118e-36  -3.94286e-25   6.32185e-37  -7.82941e-26   5.72325e-38  -1.07138e-26   4.85989e-39  -1.21131e-27   3.86302e-40  -1.19385e-28   2.86776e-41  -1.04847e-29   1.98297e-42  -8.28707e-31   1.27322e-43  -5.91972e-32   7.56401e-45  -3.82487e-33   4.14038e-46  -2.23208e-34   2.07796e-47  -1.17257e-35   9.50661e-49   -5.5172e-37   3.93736e-50  -2.30924e-38   1.46403e-51   -8.5211e-40   4.83733e-53  -2.74001e-41   1.40215e-54  -7.56236e-43   3.50706e-56  -1.75577e-44   7.40502e-58  -3.33566e-46   1.28021e-59  -4.98316e-48   1.73183e-61  -5.50318e-50   1.70145e-63  -4.03151e-52   1.04924e-65  -1.53674e-54   2.62163e-68
  7.20774e-16    -0.0302887  -2.79781e-16     0.0728919  -9.29561e-17    0.00195826   1.37436e-16    -0.0240618  -1.33519e-16    -0.0178213  -1.93793e-16   -0.00700865  -1.77418e-17   -0.00077777   7.19876e-17    0.00129554   3.90793e-17    0.00139641  -3.99031e-18   0.000950755   -1.5935e-17   0.000530866  -9.58374e-18   0.000262596  -1.69031e-18   0.000119263   2.03553e-18   5.07374e-05   2.52887e-18    2.0461e-05   1.80886e-18   7.87402e-06   1.01613e-18       2.9e-06   4.87828e-19   1.02237e-06   2.07593e-19   3.44445e-07   7.99002e-20   1.10614e-07   2.81759e-20   3.37607e-08   9.18235e-21   9.76504e-09   2.78174e-21    2.6697e-09    7.8663e-22   6.88279e-10   2.08311e-22    1.6698e-10   5.17908e-23    3.8044e-11   1.21125e-23   8.12283e-12   2.66843e-24   1.62131e-12   5.54369e-25   3.01581e-13   1.08712e-25   5.20546e-14   2.01397e-26   8.28437e-15   3.52696e-27   1.20329e-15   5.84097e-28   1.56656e-16   9.14895e-29    1.7618e-17   1.35537e-29   1.55261e-18   1.89885e-30    6.5658e-20   2.51509e-31   -1.1769e-20   3.14821e-32  -4.05714e-21   3.72192e-33  -7.84762e-22   4.15272e-34  -1.21183e-22   4.36868e-35  -1.61979e-23   4.32831e-36  -1.93325e-24   4.03311e-37   -2.0905e-25    3.5287e-38  -2.06312e-26   2.89357e-39  -1.86482e-27   2.21904e-40  -1.54568e-28   1.58757e-41  -1.17439e-29   1.05655e-42  -8.16616e-31   6.51918e-44  -5.18274e-32   3.71503e-45  -2.99083e-33   1.94639e-46  -1.56159e-34   9.32577e-48  -7.33081e-36   4.06049e-49   -3.0698e-37   1.59448e-50  -1.13525e-38    5.5949e-52   -3.6603e-40   1.73433e-53  -1.01175e-41   4.68095e-55  -2.34343e-43   1.07939e-56  -4.40292e-45   2.07254e-58  -6.38431e-47   3.19386e-60  -6.55488e-49   3.73048e-62  -3.94775e-51   2.98474e-64  -6.01849e-54   1.29858e-66   3.86503e-56
  -0.00787779   5.08246e-16    -0.0150153  -9.29561e-17     0.0587999   1.51816e-16     0.0121804   8.23193e-17    -0.0180845  -2.00489e-16    -0.0193967  -1.37259e-16    -0.0109055    3.5526e-17   -0.00381333    6.7514e-17  -0.000313393   1.81029e-17   0.000761098  -1.58762e-17   0.000782043  -1.78563e-17   0.000527066  -7.30224e-18   0.000293706   9.73043e-19   0.000144996   3.86098e-18   6.53781e-05   3.52432e-18   2.73495e-05   2.27464e-18   1.07039e-05    1.2069e-18   3.93606e-06   5.56222e-19   1.36233e-06   2.28829e-19   4.43929e-07   8.54246e-20   1.36101e-07   2.92567e-20   3.92065e-08   9.26276e-21   1.05936e-08   2.72569e-21   2.67882e-09   7.48519e-22    6.3212e-10   1.92452e-22   1.38646e-10   4.64465e-23   2.81061e-11   1.05424e-23   5.21936e-12   2.25379e-24   8.74425e-13   4.54352e-25   1.28263e-13   8.64603e-26   1.53116e-14   1.55436e-26   1.11751e-15   2.64156e-27  -8.81334e-17   4.24521e-28  -5.87678e-17   6.45256e-29  -1.56682e-17   9.27576e-30  -3.20794e-18    1.2609e-30  -5.63159e-19   1.62026e-31  -8.81716e-20   1.96724e-32   -1.2538e-20   2.25533e-33  -1.63479e-21   2.43941e-34  -1.96471e-22   2.48675e-35  -2.18236e-23   2.38621e-36  -2.24312e-24   2.15215e-37  -2.13352e-25   1.82125e-38   -1.8762e-26   1.44322e-39  -1.52293e-27   1.06847e-40  -1.13827e-28   7.37055e-42  -7.80824e-30   4.72288e-43  -4.89543e-31    2.8011e-44  -2.79026e-32   1.53126e-45  -1.43605e-33   7.67784e-47  -6.61531e-35    3.5106e-48  -2.69588e-36   1.45369e-49  -9.56085e-38   5.40608e-51  -2.87856e-39   1.78714e-52    -7.051e-41   5.18472e-54  -1.28151e-42   1.29841e-55  -1.23168e-44   2.74603e-57   1.54278e-46    4.7573e-59   9.38292e-48   6.45204e-61   2.03557e-49    6.3588e-63   2.48231e-51   3.93612e-65   1.49775e-53   9.87835e-68
 -3.46673e-16    -0.0208808   2.33893e-16    0.00195826   1.51816e-16     0.0485179   3.09652e-16      0.017133   1.46343e-17    -0.0120253  -1.73962e-16    -0.0186076    -4.902e-17    -0.0133429   6.16138e-17   -0.00665418   4.48774e-17   -0.00233802  -4.87428e-18  -0.000372938  -2.39352e-17   0.000240644  -1.62137e-17   0.000297367  -3.20706e-18   0.000204343   4.12729e-18   0.000112037   5.56308e-18   5.33784e-05    4.2476e-18   2.28588e-05    2.5162e-18   8.94165e-06   1.26144e-18   3.22075e-06   5.56109e-19   1.07215e-06   2.20214e-19   3.30094e-07   7.94016e-20   9.38428e-08   2.63148e-20   2.45302e-08   8.07028e-21    5.8485e-09   2.30178e-21   1.25288e-09   6.12946e-22   2.33869e-10    1.5287e-22   3.52144e-11   3.57963e-23   3.11038e-12   7.88481e-24  -4.03831e-13   1.63613e-24  -3.03287e-13   3.20208e-25  -1.01273e-13   5.91662e-26  -2.62735e-14   1.03297e-26  -5.87154e-15   1.70499e-27  -1.17411e-15   2.66139e-28  -2.13916e-16   3.92914e-29  -3.58613e-17   5.48606e-30  -5.56344e-18   7.24275e-31  -8.01428e-19   9.03778e-32  -1.07404e-19   1.06536e-32  -1.34027e-20   1.18547e-33   -1.5575e-21   1.24408e-34  -1.68454e-22   1.22993e-35  -1.69372e-23   1.14393e-36  -1.58028e-24   9.99344e-38  -1.36485e-25   8.18496e-39  -1.08763e-26   6.27153e-40  -7.96273e-28   4.48446e-41  -5.32581e-29    2.9839e-42  -3.22951e-30   1.84143e-43  -1.75639e-31    1.0499e-44  -8.42758e-33   5.50548e-46  -3.46907e-34   2.64111e-47  -1.15646e-35    1.1518e-48  -2.63285e-37   4.53176e-50  -2.63678e-40   1.59386e-51   3.59796e-40   4.95393e-53   2.27864e-41   1.34113e-54   9.23887e-43   3.10312e-56   2.79898e-44   5.98119e-58   6.48997e-46   9.25695e-60   1.12749e-47   1.08648e-61   1.37981e-49   8.74073e-64   1.03603e-51   3.82639e-66   3.09691e-54
   0.00107056  -1.24056e-16    -0.0266481   1.37436e-16     0.0121804   3.09652e-16     0.0426427   2.76834e-16      0.019725    -4.204e-17   -0.00675165  -1.01161e-16    -0.0164937   1.67196e-17    -0.0143473    5.6638e-17   -0.00881763   1.42034e-17   -0.00430771  -2.31729e-17   -0.00171555  -2.59853e-17  -0.000535877  -1.12109e-17   -0.00010522   1.82897e-18   1.13587e-05   7.03255e-18   2.48656e-05   6.72114e-18   1.58707e-05   4.52134e-18   7.41463e-06   2.48334e-18   2.85605e-06   1.17754e-18   9.32574e-07   4.95845e-19    2.5455e-07   1.88592e-19   5.36349e-08   6.55367e-20   5.70332e-09   2.09785e-20   -1.8858e-09    6.2231e-21  -1.57663e-09   1.71864e-21   -7.0076e-10   4.43512e-22  -2.46453e-10   1.07265e-22  -7.49302e-11   2.43697e-23   -2.0394e-11   5.21032e-24  -5.05686e-12   1.04982e-24  -1.15386e-12   1.99571e-25  -2.43798e-13   3.58291e-26  -4.78941e-14   6.07917e-27  -8.77152e-15   9.75299e-28  -1.50025e-15   1.47989e-28  -2.39881e-16   2.12393e-29  -3.58735e-17   2.88285e-30  -5.01742e-18   3.69956e-31  -6.55993e-19   4.48672e-32  -8.00946e-20   5.13911e-33  -9.11893e-21    5.5549e-34  -9.66063e-22   5.66055e-35  -9.49602e-23   5.43129e-36    -8.627e-24   4.89974e-37  -7.20484e-25    4.1488e-38  -5.48901e-26   3.29068e-39   -3.7705e-27   2.43928e-40  -2.29032e-28   1.68537e-41    -1.185e-29   1.08205e-42  -4.75785e-31   6.43237e-44  -9.70195e-33   3.52574e-45   5.66073e-34   1.77319e-46   8.69784e-35   8.13531e-48   6.78507e-36   3.38141e-49   4.00619e-37   1.26269e-50    1.9381e-38   4.19288e-52   7.86028e-40   1.22228e-53   2.67912e-41   3.07682e-55   7.60321e-43   6.54341e-57   1.76149e-44   1.14039e-58   3.22364e-46   1.55667e-60    4.4129e-48   1.54503e-62   4.09211e-50   9.63778e-65   2.04391e-52   2.43914e-67
  5.19832e-17   -0.00495188   -3.9248e-17    -0.0240618   8.23193e-17      0.017133   2.76834e-16     0.0391457   1.31717e-16     0.0214065  -6.47728e-17   -0.00219923   -3.1899e-17    -0.0136282   4.31114e-17     -0.014096   3.18281e-17    -0.0100477  -1.35238e-17   -0.00582929   -3.2205e-17   -0.00293369  -2.16937e-17   -0.00132726  -4.02881e-18  -0.000554329   6.66351e-18  -0.000219068   9.04092e-18   -8.3988e-05   7.09648e-18  -3.19424e-05   4.31525e-18  -1.22094e-05   2.21219e-18  -4.68509e-06   9.93575e-19  -1.78145e-06   3.99514e-19  -6.59608e-07   1.45834e-19  -2.34178e-07   4.87994e-20  -7.88551e-08   1.50764e-20   -2.5019e-08   4.32364e-21  -7.45318e-09   1.15588e-21  -2.08143e-09   2.89054e-22  -5.44662e-10   6.78024e-23   -1.3356e-10   1.49503e-23  -3.07011e-11   3.10399e-24  -6.61804e-12   6.07628e-25  -1.33825e-12   1.12273e-25  -2.53891e-13   1.95984e-26  -4.51902e-14   3.23412e-27  -7.54397e-15   5.04732e-28  -1.18048e-15   7.45103e-29  -1.72985e-16   1.04045e-29  -2.37047e-17   1.37402e-30  -3.03166e-18   1.71545e-31  -3.60863e-19    2.0237e-32  -3.98228e-20   2.25419e-33  -4.05148e-21   2.36879e-34  -3.76802e-22   2.34571e-35   -3.1599e-23   2.18602e-36   -2.3307e-24   1.91416e-37  -1.43222e-25   1.57197e-38  -6.19584e-27   1.20815e-39  -6.78434e-30   8.66821e-41   3.59636e-29   5.78935e-42   5.00188e-30   3.58741e-43   4.79723e-31    2.0545e-44   3.75795e-32   1.08254e-45   2.52542e-33   5.22011e-47   1.48266e-34    2.2891e-48   7.64936e-36   9.05943e-50   3.46557e-37   3.20604e-51   1.37143e-38   1.00298e-52   4.69569e-40   2.73384e-54   1.37156e-41   6.37085e-56   3.34924e-43   1.23719e-57   6.64023e-45   1.92992e-59   1.02244e-46   2.28416e-61   1.13575e-48   1.85408e-63   7.87196e-51   8.19441e-66   2.19925e-53
   0.00245023  -3.29652e-17     -0.012765  -1.33519e-16    -0.0180845   1.46343e-17      0.019725   1.31717e-16     0.0368779   3.73276e-18     0.0227362  -5.00883e-17    0.00185837    1.4001e-17    -0.0102685   3.93427e-17    -0.0127474   3.11203e-18    -0.0102189  -3.01812e-17    -0.0066172  -3.07724e-17   -0.00373479  -1.27328e-17   -0.00191013    3.5177e-18  -0.000906706   1.02652e-17  -0.000405803   9.81516e-18  -0.000172941   6.70084e-18  -7.05357e-05    3.7379e-18  -2.75657e-05   1.79716e-18  -1.03069e-05   7.65802e-19  -3.67632e-06   2.94183e-19  -1.24672e-06   1.03066e-19  -4.00727e-07   3.32073e-20  -1.21775e-07   9.90144e-21  -3.49201e-08   2.74545e-21  -9.43646e-09   7.10668e-22  -2.40078e-09    1.7228e-22  -5.74667e-10    3.9212e-23  -1.29352e-10   8.39619e-24  -2.73656e-11   1.69393e-24   -5.4383e-12   3.22403e-25  -1.01444e-12   5.79473e-26  -1.77438e-13   9.84337e-27  -2.90608e-14   1.58116e-27  -4.44776e-15   2.40257e-28  -6.34327e-16   3.45372e-29   -8.3953e-17   4.69654e-30  -1.02477e-17   6.03995e-31  -1.14243e-18   7.34285e-32  -1.14366e-19   8.43346e-33   -9.9434e-21   9.14353e-34   -6.9085e-22   9.34888e-35  -2.68682e-23   9.00363e-36   2.01954e-24   8.15564e-37   6.34085e-25   6.93644e-38   9.49703e-26   5.52823e-39   1.10307e-26    4.1191e-40   1.09199e-27   2.86172e-41   9.52966e-29   1.84808e-42   7.43839e-30   1.10543e-43   5.22522e-31   6.09871e-45   3.30898e-32   3.08826e-46   1.88682e-33   1.42704e-47   9.65421e-35   5.97572e-49   4.40828e-36   2.24875e-50   1.78261e-37   7.52697e-52   6.31861e-39    2.2123e-53   1.93673e-40   5.61626e-55   5.04057e-42   1.20482e-56   1.08625e-43   2.11869e-58   1.86891e-45   2.91912e-60   2.42518e-47   2.92557e-62   2.14581e-49   1.84366e-64    1.0281e-51   4.71621e-67
  -1.6946e-17    0.00162507   -1.5618e-16    -0.0178213  -2.00489e-16    -0.0120253    -4.204e-17     0.0214065   3.73276e-18     0.0354105  -4.51064e-17     0.0239852  -1.23249e-17    0.00564109   3.56709e-17   -0.00650975   2.22083e-17    -0.0104251  -1.72419e-17    -0.0093038   -3.3037e-17   -0.00651899  -2.11689e-17   -0.00393371  -2.03251e-18   -0.00213072   9.68222e-18   -0.00105962   1.20694e-17  -0.000490216   9.40435e-18  -0.000212589    5.7487e-18  -8.67707e-05   2.97006e-18  -3.33936e-05   1.34446e-18  -1.21227e-05   5.44506e-19  -4.15004e-06   2.00025e-19   -1.3389e-06   6.72985e-20  -4.06802e-07   2.08878e-20   -1.1632e-07   6.01367e-21  -3.12814e-08   1.61303e-21  -7.90682e-09   4.04525e-22  -1.87717e-09   9.51271e-23  -4.18252e-10   2.10244e-23  -8.73647e-11   4.37508e-24  -1.70828e-11   8.58435e-25  -3.12034e-12   1.58995e-25  -5.30819e-13   2.78234e-26  -8.37187e-14    4.6036e-27  -1.21549e-14   7.20518e-28  -1.60546e-15   1.06698e-28  -1.88766e-16   1.49503e-29   -1.8847e-17   1.98173e-30  -1.38937e-18   2.48426e-31  -2.23089e-20    2.9436e-32   1.68648e-20   3.29446e-33   4.23604e-21    3.4796e-34   7.12071e-22   3.46448e-35    9.8779e-23   3.24738e-36   1.20004e-23   2.86107e-37   1.30842e-24   2.36492e-38   1.29538e-25   1.83004e-39   1.17123e-26   1.32245e-40   9.69528e-28   8.89853e-42   7.35066e-29   5.55692e-43   5.09867e-30   3.20805e-44   3.22796e-31    1.7044e-45    1.8587e-32   8.28902e-47   9.68844e-34   3.66673e-48   4.54387e-35   1.46416e-49    1.9028e-36   5.22877e-51   7.04597e-38   1.65093e-52   2.27868e-39   4.54223e-54   6.33293e-41   1.06857e-55   1.48011e-42   2.09512e-57   2.82212e-44    3.3003e-59   4.19572e-46   3.94528e-61   4.51524e-48   3.23552e-63   3.04051e-50   1.44528e-65   8.27307e-53
   0.00162659  -7.93924e-17    -0.0022471  -1.93793e-16    -0.0193967  -1.73962e-16   -0.00675165  -6.47728e-17     0.0227362  -4.51064e-17     0.0345766  -2.57558e-17     0.0253301   2.68059e-17    0.00933379   3.91912e-17   -0.00238945   5.48336e-18    -0.0072621  -2.40479e-17   -0.00738827   -2.4511e-17   -0.00554371  -7.71775e-18   -0.00349728   7.50182e-18   -0.00195029   1.34166e-17  -0.000985721   1.20985e-17  -0.000457883   8.14894e-18  -0.000197087   4.53796e-18  -7.89906e-05   2.18654e-18  -2.95626e-05   9.34999e-19  -1.03481e-05   3.60594e-19  -3.39067e-06   1.26831e-19  -1.04029e-06    4.1019e-20  -2.98838e-07   1.22744e-20  -8.03416e-08   3.41493e-21   -2.0198e-08   8.86817e-22  -4.74183e-09   2.15655e-22  -1.03737e-09   4.92379e-23  -2.10788e-10   1.05769e-23  -3.95759e-11   2.14109e-24  -6.80753e-12   4.08973e-25  -1.05679e-12   7.37871e-26  -1.43685e-13   1.25849e-26  -1.58963e-14   2.03029e-27  -1.07003e-15   3.09931e-28   8.17655e-17   4.47747e-29   4.97335e-17   6.12115e-30   1.23261e-17   7.91689e-31   2.35233e-18   9.68291e-32   3.85459e-19   1.11923e-32   5.63898e-20   1.22165e-33   7.49877e-21   1.25793e-34   9.15002e-22   1.22045e-35    1.0297e-22   1.11405e-36   1.07152e-23   9.55118e-38    1.0322e-24   7.67549e-39   9.20427e-26   5.76814e-40    7.5906e-27   4.04274e-41   5.77963e-28   2.63435e-42   4.05344e-29   1.59025e-43   2.61031e-30   8.85568e-45   1.53747e-31   4.52694e-46   8.24268e-33   2.11193e-47   3.99868e-34    8.9294e-49   1.74264e-35   3.39299e-50   6.76172e-37   1.14679e-51   2.30993e-38    3.4035e-53   6.84881e-40    8.7245e-55   1.72959e-41   1.88983e-56   3.62628e-43    3.3556e-58   6.08392e-45   4.66853e-60   7.71376e-47   4.72503e-62   6.68033e-49   3.00754e-64   3.13759e-51   7.77229e-67
 -1.58333e-17    0.00252698  -7.15107e-17   -0.00700865  -1.37259e-16    -0.0186076  -1.01161e-16   -0.00219923  -5.00883e-17     0.0239852  -2.57558e-17      0.034311   2.01855e-17     0.0268937    5.1218e-17     0.0130585   3.28442e-17    0.00202609  -3.17386e-18   -0.00346285  -1.84268e-17   -0.00469794  -9.87365e-18   -0.00387237   5.24979e-18   -0.00255001    1.4013e-17   -0.00144815   1.45777e-17  -0.000733238   1.08136e-17  -0.000336839    6.4941e-18  -0.000141811   3.33303e-18  -5.50462e-05   1.50593e-18  -1.97713e-05    6.1018e-19  -6.58396e-06   2.24532e-19  -2.03421e-06   7.57269e-20  -5.82883e-07    2.3571e-20  -1.54634e-07   6.80762e-21  -3.78505e-08   1.83218e-21  -8.49584e-09   4.61134e-22  -1.72932e-09   1.08851e-22  -3.12413e-10   2.41553e-23  -4.77253e-11   5.04854e-24  -5.31104e-12   9.95233e-25  -8.72765e-14   1.85262e-25   1.71387e-13   3.25946e-26   6.49211e-14   5.42388e-27   1.68968e-14   8.54056e-28   3.66925e-15   1.27287e-28   7.04347e-16   1.79565e-29   1.22536e-16    2.3973e-30   1.95697e-17   3.02783e-31   2.89006e-18   3.61588e-32   3.96367e-19   4.07996e-33   5.06109e-20   4.34572e-34   6.02457e-21   4.36462e-35   6.68897e-22   4.12786e-36   6.92589e-23   3.67028e-37   6.68297e-24   3.06234e-38   6.00237e-25   2.39241e-39   5.00969e-26   1.74562e-40   3.87704e-27   1.18612e-41   2.77483e-28   7.48018e-43    1.8307e-29   4.36117e-44   1.10907e-30   2.34002e-45   6.14109e-32   1.14929e-46   3.09072e-33   5.13407e-48   1.40438e-34   2.07013e-49   5.71427e-36   7.46441e-51   2.06109e-37   2.37935e-52   6.50672e-39   6.60803e-54   1.76857e-40   1.56899e-55   4.04919e-42   3.10439e-57   7.57427e-44   4.93429e-59   1.10619e-45   5.95147e-61   1.17076e-47   4.92449e-63   7.76163e-50   2.21952e-65   2.08116e-52
  0.000764041   1.46622e-17    0.00164743  -1.77418e-17    -0.0109055    -4.902e-17    -0.0164937   -3.1899e-17    0.00185837  -1.23249e-17     0.0253301   2.01855e-17     0.0345895    5.7281e-17     0.0287337   5.73094e-17     0.0168313   2.50023e-17    0.00657004  -1.78727e-18   0.000651735  -5.13417e-18   -0.00159858   5.39963e-18   -0.00182695   1.48337e-17   -0.00133205   1.69993e-17  -0.000782521   1.37075e-17  -0.000396179   8.83715e-18  -0.000177925   4.82297e-18   -7.1904e-05   2.30106e-18  -2.63316e-05   9.79438e-19  -8.75717e-06   3.77128e-19   -2.6391e-06   1.32686e-19  -7.14998e-07   4.29802e-20  -1.70994e-07   1.28934e-20  -3.45752e-08   3.59866e-21  -5.18664e-09   9.38062e-22   -2.0466e-10    2.2909e-22   2.32547e-10   5.25524e-23   1.19686e-10   1.13473e-23   4.06429e-11   2.31003e-24   1.14029e-11   4.43934e-25   2.81727e-12   8.06179e-26   6.29905e-13   1.38451e-26    1.2928e-13   2.24992e-27   2.45582e-14   3.46093e-28   4.34025e-15   5.04004e-29   7.16032e-16   6.94793e-30   1.10506e-16   9.06431e-31   1.59754e-17   1.11858e-31   2.16498e-18   1.30488e-32   2.75104e-19   1.43774e-33   3.27731e-20   1.49468e-34   3.65842e-21   1.46431e-35   3.82351e-22   1.34986e-36   3.73692e-23   1.16882e-37   3.41034e-24   9.48697e-39   2.90073e-25     7.201e-40   2.29443e-26   5.09752e-41   1.68322e-27   3.35474e-42   1.14168e-28    2.0451e-43   7.13302e-30   1.14997e-44   4.08717e-31   5.93503e-46   2.13666e-32     2.795e-47   1.01278e-33    1.1927e-48   4.32029e-35    4.5731e-50   1.64342e-36   1.55933e-51   5.51163e-38   4.66777e-53    1.6063e-39   1.20657e-54   3.99182e-41   2.63489e-56   8.24406e-43    4.7157e-58   1.36368e-44   6.61166e-60   1.70609e-46   6.74264e-62   1.45905e-48   4.32409e-64   6.77182e-51   1.12584e-66
  1.98433e-17     0.0017205    5.2547e-17   -0.00077777    3.5526e-17    -0.0133429   1.67196e-17    -0.0136282    1.4001e-17    0.00564109   2.68059e-17     0.0268937    5.7281e-17     0.0353743   7.16942e-17     0.0308032   5.18796e-17     0.0205186   2.18062e-17      0.010938   7.47425e-18    0.00464772   1.01964e-17    0.00145491    1.7402e-17   0.000207205   1.99769e-17  -0.000120918   1.70006e-17  -0.000128296   1.16301e-17  -7.25957e-05   6.71483e-18  -3.05418e-05   3.37456e-18  -9.86357e-06   1.50703e-18  -2.14058e-06    6.0683e-19  -7.02776e-09   2.22677e-19   2.99334e-07   7.50675e-20   2.01396e-07    2.3395e-20   9.43391e-08   6.77398e-21   3.66773e-08   1.82961e-21   1.25229e-08   4.62505e-22   3.85421e-09    1.0973e-22   1.08486e-09   2.44891e-23   2.81791e-10   5.15052e-24   6.79507e-11   1.02228e-24   1.52757e-11   1.91694e-25    3.2112e-12   3.39891e-26   6.32636e-13   5.70219e-27   1.16994e-13   9.05538e-28   2.03326e-14   1.36154e-28   3.32338e-15   1.93827e-29   5.11118e-16     2.612e-30   7.39765e-17   3.33065e-31   1.00753e-17   4.01633e-32   1.29086e-18   4.57657e-33   1.55492e-19   4.92318e-34   1.75955e-20   4.99394e-35   1.86856e-21   4.77015e-36   1.85981e-22   4.28353e-37   1.73223e-23   3.60927e-38   1.50698e-24   2.84722e-39   1.22187e-25   2.09748e-40   9.20971e-27   1.43869e-41   6.43372e-28    9.1571e-43   4.15102e-29   5.38721e-44   2.46342e-30   2.91604e-45   1.33818e-31   1.44448e-46   6.61598e-33   6.50637e-48   2.95664e-34   2.64456e-49   1.18445e-35   9.60976e-51   4.21034e-37   3.08614e-52   1.31107e-38   8.63272e-54   3.51784e-40   2.06393e-55   7.95661e-42    4.1109e-57   1.47129e-43   6.57604e-59   2.12545e-45   7.98089e-61   2.22638e-47   6.64359e-63   1.46158e-49   3.01208e-65   3.88263e-52
  0.000279275   4.39391e-17    0.00203518   7.19876e-17   -0.00381333   6.16138e-17    -0.0143473   4.31114e-17    -0.0102685   3.56709e-17    0.00933379    5.1218e-17     0.0287337   7.16942e-17     0.0365518   6.82545e-17     0.0329091   4.48751e-17     0.0238235   2.53269e-17     0.0147116   2.02262e-17    0.00804567   2.30227e-17    0.00401658   2.43775e-17    0.00188349   2.10826e-17    0.00085252   1.50419e-17   0.000380422   9.11025e-18   0.000168825   4.80142e-18   7.41104e-05   2.24425e-18   3.17285e-05   9.43706e-19   1.30461e-05   3.60884e-19   5.09083e-06   1.26558e-19   1.87111e-06   4.09684e-20   6.45202e-07   1.23059e-20   2.08401e-07   3.44434e-21   6.30435e-08   9.01446e-22   1.78723e-08   2.21247e-22   4.75262e-09   5.10478e-23   1.18676e-09   1.10942e-23   2.78563e-10   2.27462e-24   6.15226e-11    4.4049e-25   1.27955e-11   8.06452e-26   2.50774e-12   1.39683e-26    4.6338e-13   2.29007e-27   8.07566e-14   3.55486e-28   1.32765e-14   5.22519e-29   2.05905e-15   7.27164e-30   3.01206e-16   9.57792e-31   4.15466e-17   1.19342e-31   5.40093e-18    1.4057e-32   6.61255e-19   1.56381e-33   7.61834e-20   1.64135e-34   8.25044e-21   1.62326e-35   8.38798e-22   1.51036e-36   7.99347e-23    1.3198e-37   7.12735e-24   1.08085e-38   5.93368e-25   8.27587e-40   4.60111e-26   5.90826e-41   3.31369e-27   3.92037e-42   2.20924e-28   2.40896e-43   1.35828e-29   1.36497e-44    7.6665e-31   7.09668e-46   3.95159e-32   3.36574e-47   1.84832e-33     1.446e-48   7.78633e-35   5.58029e-50   2.92706e-36   1.91455e-51   9.70751e-38   5.76494e-53   2.79935e-39   1.49856e-54    6.8872e-41   3.29005e-56   1.40888e-42   5.91828e-58   2.30947e-44   8.33809e-60   2.86458e-46   8.54289e-62   2.42978e-48   5.50324e-64   1.11893e-50   1.43916e-66
  1.40262e-17   0.000883129   5.02442e-17    0.00129554    6.7514e-17   -0.00665418    5.6638e-17     -0.014096   3.93427e-17   -0.00650975   3.91912e-17     0.0130585   5.73094e-17     0.0308032   6.82545e-17     0.0378797   5.91116e-17     0.0347033    4.2807e-17     0.0263334    3.3604e-17     0.0174489   3.18795e-17     0.0104343   3.08363e-17    0.00576008   2.64066e-17    0.00298147   1.93216e-17    0.00146105   1.21579e-17   0.000680993   6.68294e-18   0.000302127   3.25883e-18   0.000127383    1.4282e-18   5.09093e-05   5.68454e-19   1.92372e-05   2.07208e-19    6.8592e-06   6.96341e-20   2.30473e-06    2.1691e-20   7.29264e-07   6.29026e-21   2.17264e-07   1.70429e-21   6.09532e-08   4.32715e-22   1.61094e-08   1.03216e-22    4.0128e-09   2.31786e-23   9.42617e-10   4.90857e-24   2.08912e-10   9.81558e-25   4.37054e-11   1.85525e-25   8.63399e-12   3.31698e-26   1.61107e-12   5.61279e-27   2.83999e-13   8.99215e-28   4.72974e-14   1.36416e-28   7.44106e-15   1.95957e-29   1.10564e-15   2.66466e-30     1.551e-16   3.42858e-31   2.05305e-17   4.17157e-32   2.56261e-18   4.79565e-33   3.01359e-19   5.20382e-34   3.33544e-20   5.32362e-35   3.47014e-21    5.1273e-36   3.38866e-22   4.64139e-37   3.10064e-23   3.94135e-38   2.65309e-24   3.13264e-39   2.11801e-25   2.32449e-40   1.57334e-26   1.60551e-41   1.08417e-27   1.02871e-42   6.90546e-29    6.0905e-44   4.04854e-30   3.31671e-45   2.17415e-31   1.65241e-46    1.0633e-32   7.48366e-48   4.70318e-34   3.05754e-49   1.86585e-35   1.11649e-50   6.57134e-37   3.60217e-52   2.02833e-38   1.01202e-53   5.39699e-40   2.42955e-55   1.21098e-41   4.85797e-57   2.22232e-43    7.7996e-59   3.18718e-45   9.49865e-61   3.31548e-47   7.93306e-63    2.1622e-49   3.60808e-65   5.70754e-52
   7.4202e-05   1.58342e-17     0.0013936   3.90793e-17  -0.000313393   4.48774e-17   -0.00881763   3.18281e-17    -0.0127474   2.22083e-17   -0.00238945   3.28442e-17     0.0168313   5.18796e-17     0.0329091   5.91116e-17     0.0389732   5.36091e-17     0.0357373   4.64006e-17     0.0276304   4.25442e-17      0.018815   3.92178e-17     0.0115833    3.3186e-17    0.00655505   2.46786e-17    0.00344581   1.60143e-17    0.00169321    9.1354e-18   0.000780444    4.6327e-18   0.000338004   2.11168e-18   0.000137646   8.73596e-19   5.27216e-05   3.30667e-19   1.89966e-05    1.1528e-19   6.44054e-06   3.72196e-20   2.05533e-06   1.11782e-20   6.17666e-07   3.13433e-21   1.74893e-07   8.23029e-22   4.66871e-08    2.0291e-22   1.17566e-08   4.70712e-23   2.79432e-09   1.02931e-23   6.27199e-10   2.12466e-24   1.33003e-10   4.14431e-25   2.66565e-11   7.64514e-26   5.05057e-12    1.3346e-26   9.04769e-13   2.20558e-27   1.53254e-13    3.4514e-28   2.45426e-14   5.11423e-29    3.7151e-15   7.17462e-30   5.31383e-16   9.52553e-31   7.17816e-17   1.19621e-31   9.15176e-18   1.41982e-32   1.10034e-18   1.59135e-33   1.24639e-19   1.68239e-34   1.32852e-20   1.67551e-35   1.33068e-21   1.56949e-36   1.25043e-22   1.38033e-37   1.10032e-23   1.13741e-38   9.04701e-25   8.76034e-40   6.93322e-26   6.28924e-41   4.93803e-27   4.19539e-42   3.25769e-28   2.59094e-43   1.98299e-29   1.47507e-44    1.1087e-30   7.70346e-46   5.66342e-32   3.66891e-47   2.62644e-33   1.58248e-48   1.09745e-34   6.12969e-50   4.09367e-36   2.11036e-51   1.34764e-37   6.37528e-53   3.85886e-39   1.66227e-54    9.4301e-41   3.65989e-56   1.91669e-42   6.60109e-58   3.12258e-44   9.32321e-60   3.85038e-46   9.57441e-62   3.24757e-48   6.18126e-64   1.48748e-50   1.61987e-66
  2.33567e-19   0.000378765   8.17551e-18    0.00139641   1.81029e-17   -0.00233802   1.42034e-17    -0.0100477   3.11203e-18    -0.0104251   5.48336e-18    0.00202609   2.50023e-17     0.0205186   4.48751e-17     0.0347033   5.36091e-17     0.0393588   5.42308e-17     0.0355808   5.22854e-17      0.027434   4.83491e-17     0.0186957   4.10857e-17     0.0115036   3.10936e-17    0.00647765   2.07543e-17    0.00336732   1.22522e-17    0.00162521   6.44747e-18   0.000731023   3.05199e-18   0.000307242   1.31089e-18   0.000120886   5.14824e-19   4.45922e-05   1.86076e-19    1.5441e-05   6.22336e-20   5.02466e-06   1.93474e-20   1.53817e-06   5.61182e-21   4.43382e-07   1.52339e-21   1.20453e-07   3.88042e-22   3.08653e-08   9.29553e-23   7.46541e-09   2.09799e-23   1.70546e-09   4.46808e-24   3.68186e-10   8.98941e-25   7.51472e-11   1.71007e-25    1.4505e-11   3.07789e-26   2.64828e-12   5.24374e-27   4.57394e-13    8.4586e-28   7.47265e-14     1.292e-28   1.15462e-14   1.86848e-29   1.68676e-15   2.55768e-30   2.32873e-16   3.31231e-31   3.03652e-17   4.05556e-32    3.7368e-18   4.69075e-33   4.33599e-19    5.1199e-34   4.73875e-20   5.26725e-35   4.87149e-21   5.10025e-36   4.70352e-22   4.64047e-37   4.25779e-23   3.95965e-38    3.6063e-24   3.16159e-39   2.85128e-25   2.35611e-40   2.09868e-26   1.63397e-41   1.43359e-27   1.05094e-42   9.05549e-29   6.24437e-44    5.2672e-30   3.41186e-45   2.80733e-31   1.70511e-46   1.36311e-32    7.7447e-48   5.98805e-34   3.17272e-49   2.36005e-35   1.16145e-50   8.25992e-37   3.75596e-52    2.5343e-38   1.05751e-53    6.7047e-40   2.54384e-55   1.49618e-41   5.09595e-57   2.73128e-43   8.19571e-59   3.89745e-45   9.99679e-61   4.03482e-47   8.36127e-63   2.61916e-49   3.80803e-65   6.88312e-52
  6.78125e-06  -4.93475e-18   0.000757388  -3.99031e-18   0.000761098  -4.87428e-18   -0.00430771  -1.35238e-17    -0.0102189  -1.72419e-17    -0.0072621  -3.17386e-18    0.00657004   2.18062e-17     0.0238235    4.2807e-17     0.0357373   5.42308e-17     0.0385935   5.81216e-17     0.0339674   5.62582e-17     0.0257127   4.90993e-17     0.0172416   3.81506e-17      0.010428   2.62558e-17    0.00575622   1.60411e-17    0.00292322   8.75456e-18    0.00137349   4.30105e-18   0.000599542    1.9171e-18   0.000243901   7.80863e-19   9.27031e-05   2.92489e-19   3.29882e-05   1.01298e-19   1.10096e-05   3.25857e-20   3.45141e-06   9.77323e-21   1.01771e-06    2.7416e-21   2.82599e-07   7.21233e-22   7.39757e-08   1.78333e-22   1.82717e-08   4.15245e-23   4.26169e-09   9.11961e-24    9.3925e-10   1.89144e-24   1.95707e-10   3.70826e-25   3.85685e-11   6.87721e-26   7.19085e-12   1.20709e-26   1.26856e-12   2.00581e-27   2.11757e-13   3.15593e-28   3.34433e-14   4.70153e-29   4.99595e-15    6.6303e-30   7.05662e-16   8.84776e-31   9.41921e-17   1.11657e-31   1.18734e-17   1.33157e-32   1.41224e-18   1.49921e-33   1.58333e-19    1.5918e-34   1.67126e-20   1.59176e-35   1.65847e-21   1.49679e-36   1.54471e-22   1.32116e-37   1.34784e-23   1.09235e-38   1.09934e-24   8.44009e-40   8.36045e-26   6.07733e-41   5.91111e-27   4.06525e-42   3.87249e-28   2.51702e-43   2.34153e-29    1.4364e-44   1.30084e-30   7.51801e-46    6.6045e-32   3.58785e-47   3.04506e-33   1.55041e-48   1.26528e-34    6.0158e-50   4.69457e-36   2.07443e-51   1.53758e-37   6.27589e-53   4.38118e-39   1.63855e-54   1.06563e-40    3.6121e-56   2.15619e-42   6.52223e-58   3.49762e-44   9.22124e-60     4.295e-46   9.47842e-62   3.60819e-48   6.12441e-64   1.64635e-50   1.60622e-66
 -4.04028e-18   0.000139807  -1.11395e-17   0.000950755  -1.58762e-17  -0.000372938  -2.31729e-17   -0.00582929  -3.01812e-17    -0.0093038  -2.40479e-17   -0.00346285  -1.78727e-18      0.010938   2.53269e-17     0.0263334   4.64006e-17     0.0355808   5.81216e-17     0.0364094   6.08736e-17     0.0309021   5.57425e-17     0.0227148   4.49967e-17     0.0148237   3.21132e-17    0.00872519   2.03563e-17    0.00468173   1.15343e-17    0.00230754   5.88429e-18    0.00105063   2.72248e-18   0.000443802   1.15023e-18   0.000174526   4.46514e-19   6.40741e-05   1.60123e-19   2.20133e-05    5.3289e-20   7.09154e-06   1.65224e-20   2.14585e-06   4.78815e-21   6.10822e-07   1.30046e-21   1.63776e-07   3.31787e-22   4.14085e-08   7.96712e-23   9.88206e-09   1.80359e-23   2.22777e-09   3.85431e-24   4.74723e-10   7.78365e-25   9.56703e-11   1.48657e-25   1.82407e-11   2.68654e-26   3.29102e-12   4.59592e-27    5.6194e-13    7.4441e-28   9.08033e-14   1.14164e-28   1.38832e-14   1.65752e-29   2.00778e-15   2.27756e-30   2.74524e-16   2.96032e-31   3.54667e-17   3.63727e-32   4.32615e-18   4.22095e-33   4.97755e-19   4.62163e-34   5.39608e-20   4.76872e-35    5.5045e-21   4.63034e-36   5.27556e-22   4.22383e-37   4.74198e-23   3.61281e-38   3.98936e-24   2.89111e-39   3.13381e-25     2.159e-40   2.29241e-26   1.50014e-41   1.55669e-27   9.66558e-43   9.77749e-29   5.75228e-44   5.65639e-30   3.14763e-45   2.99914e-31   1.57517e-46   1.44902e-32   7.16331e-48   6.33513e-34   2.93782e-49   2.48546e-35   1.07655e-50   8.66077e-37   3.48462e-52   2.64614e-38   9.81941e-54   6.97242e-40   2.36385e-55   1.54991e-41   4.73865e-57   2.81889e-43   7.62577e-59   4.00814e-45   9.30665e-61   4.13522e-47   7.78772e-63   2.67552e-49   3.54829e-65   7.00908e-52
 -7.95695e-06  -7.59121e-18    0.00035826   -1.5935e-17   0.000782043  -2.39352e-17   -0.00171555   -3.2205e-17    -0.0066172   -3.3037e-17   -0.00738827  -1.84268e-17   0.000651735   7.47425e-18     0.0147116    3.3604e-17     0.0276304   5.22854e-17     0.0339674   6.08736e-17     0.0328193    5.9529e-17       0.02668   5.05017e-17     0.0189019   3.76402e-17     0.0119205   2.48569e-17     0.0067863   1.46574e-17    0.00352208   7.77569e-18    0.00167858   3.73783e-18   0.000738705   1.63914e-18   0.000301505   6.59744e-19    0.00011454   2.45042e-19   4.06205e-05   8.43798e-20   1.34814e-05   2.70456e-20   4.19611e-06   8.09604e-21   1.22707e-06   2.26976e-21   3.37656e-07   5.97372e-22   8.75479e-08   1.47889e-22   2.14127e-08   3.44981e-23   4.94498e-09   7.59338e-24    1.0791e-09   1.57888e-24   2.22657e-10    3.1039e-25     4.346e-11   5.77282e-26   8.02717e-12    1.0162e-26   1.40325e-12   1.69353e-27   2.32179e-13   2.67225e-28   3.63567e-14    3.9921e-29    5.3866e-15   5.64498e-30   7.54827e-16   7.55232e-31   9.99885e-17   9.55429e-32   1.25119e-17   1.14204e-32   1.47775e-18   1.28862e-33   1.64562e-19   1.37101e-34   1.72578e-20   1.37358e-35   1.70195e-21   1.29389e-36   1.57579e-22   1.14392e-37   1.36712e-23   9.47214e-39   1.10897e-24   7.32864e-40   8.38948e-26   5.28359e-41   5.90182e-27   3.53831e-42   3.84777e-28   2.19302e-43   2.31583e-29   1.25266e-44   1.28086e-30    6.5618e-46   6.47541e-32   3.13385e-47   2.97336e-33   1.35513e-48   1.23066e-34   5.26121e-50   4.54895e-36   1.81519e-51   1.48451e-37   5.49419e-53   4.21534e-39   1.43507e-54   1.02189e-40   3.16473e-56   2.06108e-42   5.71631e-58   3.33311e-44    8.0841e-60   4.08094e-46   8.31149e-62   3.41868e-48    5.3714e-64   1.55565e-50   1.40895e-66
 -2.42914e-18   4.41829e-05  -9.65023e-18   0.000530866  -1.78563e-17   0.000240644  -2.59853e-17   -0.00293369  -3.07724e-17   -0.00651899   -2.4511e-17   -0.00469794  -5.13417e-18    0.00464772   2.02262e-17     0.0174489   4.25442e-17      0.027434   5.62582e-17     0.0309021    5.9529e-17     0.0281307    5.3585e-17     0.0218061   4.19951e-17     0.0148178   2.90266e-17    0.00899012   1.78674e-17    0.00493155    9.8771e-18    0.00246829   4.94035e-18    0.00113502   2.25114e-18   0.000482114   9.40217e-19   0.000189988    3.6191e-19   6.97073e-05   1.29001e-19   2.38838e-05   4.27544e-20   7.66117e-06   1.32216e-20   2.30557e-06   3.82621e-21   6.52152e-07   1.03873e-21   1.73652e-07   2.65087e-22   4.35859e-08   6.37077e-23   1.03235e-08   1.44398e-23   2.30955e-09   3.09049e-24   4.88386e-10   6.25177e-25   9.76763e-11   1.19618e-25   1.84837e-11   2.16587e-26   3.31038e-12   3.71233e-27   5.61193e-13   6.02442e-28   9.00499e-14   9.25632e-29   1.36748e-14   1.34632e-29   1.96468e-15   1.85309e-30   2.66931e-16   2.41251e-31    3.4275e-17   2.96869e-32   4.15617e-18   3.44998e-33   4.75486e-19   3.78246e-34   5.12653e-20   3.90761e-35    5.2021e-21   3.79845e-36   4.96059e-22   3.46849e-37   4.43725e-23   2.96947e-38   3.71561e-24   2.37826e-39   2.90572e-25   1.77734e-40   2.11644e-26   1.23578e-41   1.43127e-27     7.967e-43   8.95412e-29   4.74389e-44   5.16038e-30   2.59704e-45   2.72616e-31   1.30016e-46   1.31252e-32   5.91471e-48   5.71907e-34   2.42647e-49   2.23651e-35   8.89394e-51   7.76917e-37   2.87945e-52   2.36667e-38   8.11562e-54    6.2182e-40   1.95401e-55   1.37846e-41   3.91761e-57   2.50047e-43   6.30519e-59   3.54639e-45   7.69561e-61   3.64995e-47   6.43991e-63   2.35604e-49   2.93424e-65   6.15831e-52
