  0.00374109 -6.16494e-18  -0.00952756  2.33902e-17   0.00293504  2.50061e-17    0.0024963 -8.17297e-17  0.000444243  2.90523e-17 -0.000324931  2.68892e-17 -0.000321299  -6.7469e-18 -0.000156877  -6.0028e-18  -4.6273e-05  -3.4272e-19 -1.81034e-06 -2.97761e-19  8.23476e-06 -9.94049e-19  6.86616e-06   4.9027e-19  3.84569e-06  5.93309e-19  1.76868e-06   1.1911e-19  7.10268e-07 -7.54877e-20  2.55657e-07  -5.3863e-20  8.34495e-08 -1.38296e-20  2.47819e-08 -8.38215e-22  6.66987e-09  1.42623e-21  1.60627e-09  1.17763e-21  3.36266e-10  3.45212e-22  5.70439e-11 -6.45072e-23  6.11042e-12  -2.8763e-23 -3.82488e-13  5.44571e-23 -4.11733e-13  4.80992e-23 -1.16001e-13  1.20009e-23 -1.32023e-14 -6.07798e-24  4.82767e-15 -7.02324e-24  3.85736e-15 -3.45366e-24  1.63534e-15 -1.09371e-24  5.42943e-16 -2.47652e-25  1.54609e-16  -5.6987e-26  3.91733e-17 -2.78418e-26  8.99574e-18 -1.79056e-26  1.89183e-18  -9.1336e-27  3.66616e-19 -3.55355e-27  6.57115e-20 -1.11916e-27  1.09172e-20 -3.31513e-28    1.683e-21 -1.16773e-28  2.40805e-22 -4.99487e-29  3.19649e-23 -2.09949e-29  3.93242e-24   -7.589e-30  4.47638e-25 -2.27786e-30  4.70446e-26 -5.66838e-31  4.55132e-27 -1.17802e-31  4.03804e-28 -2.08084e-32  3.26952e-29 -3.28675e-33  2.40039e-30 -5.26238e-34  1.58395e-31 -1.00416e-34  9.27597e-33 -2.27973e-35  4.72557e-34 -5.28875e-36  2.01986e-35 -1.12293e-36  6.66662e-37 -2.08221e-37    1.233e-38 -3.28148e-38 -2.98701e-40  -4.2551e-39 -4.12364e-41 -4.30016e-40  -2.2641e-42   -3.004e-41 -8.54821e-44 -8.45078e-43 -2.37546e-45   9.5128e-44 -4.77014e-47  1.47983e-44 -6.37407e-49  9.77457e-46 -4.56615e-51  3.33101e-47 -6.32119e-54  4.10671e-49
-6.16494e-18    0.0172945 -2.90184e-17   -0.0225322  7.70597e-17  0.000196578  6.16392e-17   0.00533717 -1.72136e-16   0.00253071  3.80938e-17  0.000197615  5.88178e-17 -0.000497443 -4.19174e-18 -0.000418342 -1.00482e-17 -0.000206986 -1.88113e-18 -6.95663e-05 -3.12057e-18 -1.11194e-05 -2.45083e-18  5.30154e-06  1.04528e-18  6.35863e-06   1.3799e-18  4.02819e-06  3.76435e-19  2.02385e-06 -1.03738e-19  8.86044e-07  -1.1058e-19  3.51658e-07 -4.16793e-20  1.29301e-07 -8.33181e-21  4.46698e-08  2.03859e-21  1.46495e-08  2.57947e-21  4.59729e-09  6.78334e-22  1.38926e-09 -5.52684e-23  4.06149e-10  1.45981e-22  1.15197e-10  2.75061e-22  3.17288e-11  1.63186e-22  8.47857e-12  3.01495e-23  2.19277e-12 -2.23319e-23  5.46981e-13 -2.21196e-23  1.31086e-13 -1.07318e-23  3.00622e-14 -3.66543e-24  6.57257e-15 -1.05927e-24   1.3653e-15 -3.54837e-25  2.68645e-16 -1.65974e-25  4.99357e-17  -8.3495e-26   8.7467e-18 -3.63438e-26  1.44028e-18 -1.31495e-26  2.22428e-19 -4.17609e-27  3.21366e-20 -1.33441e-27  4.33204e-21 -4.88421e-28   5.4313e-22 -1.95036e-28  6.30946e-23 -7.36717e-29  6.75917e-24 -2.41972e-29  6.63544e-25 -6.72774e-30  5.91659e-26 -1.57901e-30  4.72747e-27 -3.15411e-31  3.30762e-28 -5.49338e-32  1.93354e-29 -8.86962e-33  8.28876e-31 -1.49216e-33  1.03115e-32 -2.90247e-34 -2.57064e-33 -6.30259e-35 -3.48951e-34 -1.35708e-35 -2.95084e-35 -2.66101e-36 -1.95506e-36 -4.54225e-37 -1.07422e-37 -6.52709e-38 -4.97834e-39 -7.57068e-39 -1.94628e-40 -6.58113e-40 -6.34768e-42 -3.50901e-41 -1.68819e-43  9.59936e-44 -3.52091e-45  2.18544e-43  -5.3804e-47  2.11801e-44 -5.27357e-49  1.02745e-45 -2.33885e-51  2.33427e-47  9.56916e-55
 -0.00952756 -2.90184e-17    0.0383416  -7.8299e-17   -0.0302663  1.61821e-16  -0.00835593  9.10125e-17   0.00538054 -2.40731e-16    0.0051075  3.00564e-17   0.00180626  8.26986e-17 -7.18553e-05  6.70575e-18 -0.000524667 -7.49827e-18  -0.00040144 -4.30219e-18 -0.000202943 -8.53208e-18 -7.66175e-05 -4.73343e-18 -1.99363e-05  1.49589e-18 -1.05116e-06  2.27102e-18  2.79764e-06  7.68209e-19  2.33102e-06 -5.75654e-20  1.30768e-06  -1.5726e-19  6.12293e-07 -7.97371e-20  2.55397e-07 -2.12905e-20  9.77488e-08  1.61064e-21  3.48892e-08  3.59016e-21  1.17274e-08  9.32348e-22  3.73502e-09  3.86153e-22  1.13128e-09   8.7535e-22   3.2652e-10  8.39616e-22  8.98745e-11  3.99112e-22   2.3587e-11  6.12839e-23  5.89709e-12 -5.15132e-23  1.40262e-12 -4.79114e-23  3.16838e-13 -2.34389e-23  6.78385e-14 -8.66912e-24  1.37379e-14 -2.98138e-24  2.62511e-15  -1.1744e-24  4.72104e-16 -5.38144e-25  7.96761e-17 -2.43089e-25   1.2576e-17 -9.69268e-26  1.84871e-18 -3.37091e-26   2.5175e-19 -1.08818e-26  3.15212e-20  -3.6368e-27  3.58841e-21 -1.33068e-27  3.64531e-22   -4.981e-28  3.18577e-23 -1.72602e-28  2.18385e-24 -5.23126e-29  7.65567e-26 -1.35952e-29 -8.04924e-27 -3.02501e-30 -2.20021e-27 -5.82624e-31 -3.13914e-28 -1.00168e-31 -3.48199e-29 -1.64488e-32 -3.26642e-30 -2.85782e-33 -2.67011e-31 -5.57926e-34 -1.92486e-32 -1.16175e-34 -1.22848e-33 -2.34041e-35 -6.93622e-35 -4.25182e-36 -3.45091e-36 -6.66477e-37 -1.50244e-37 -8.66772e-38  -5.6658e-39 -8.86301e-39 -1.82336e-40 -6.39601e-40 -4.89816e-42 -2.14877e-41 -1.06105e-43  1.49355e-42 -1.74812e-45  2.69916e-43 -1.95465e-47  1.84551e-44 -1.09561e-49  6.40214e-46  8.77887e-53  7.99206e-48
 2.33902e-17   -0.0225322  -7.8299e-17    0.0552047 -1.46389e-16   -0.0271758  2.50648e-16    -0.017815  9.15421e-17   0.00149903 -2.65031e-16   0.00626934  1.53462e-17   0.00380751  9.06325e-17   0.00105484  2.36553e-17 -0.000209743   3.1206e-18 -0.000449927 -6.99153e-18 -0.000325161 -1.54831e-17 -0.000168682 -7.64522e-18 -7.01982e-05  1.63632e-18 -2.37152e-05  3.05868e-18 -6.01676e-06  1.22615e-18 -6.63534e-07  6.38933e-20  4.27164e-07 -1.80368e-19  3.98002e-07 -1.16243e-19  2.18837e-07 -3.45584e-20  9.78267e-08   3.1307e-22  3.84951e-08  3.72073e-21  1.37729e-08  1.58695e-21  4.55327e-09  2.08693e-21  1.40324e-09  2.70378e-21  4.05114e-10  1.96722e-21  1.09836e-10  8.18427e-22  2.79919e-11  1.22097e-22  6.70369e-12 -8.75705e-23   1.5067e-12 -8.23034e-23  3.17081e-13 -4.15487e-23  6.22647e-14 -1.67462e-23  1.13509e-14  -6.5734e-24  1.90634e-15 -2.82008e-24  2.91345e-16 -1.26738e-24  3.96362e-17 -5.36576e-25  4.58151e-18 -2.02634e-25  3.93086e-19 -6.90641e-26  8.53297e-21 -2.26709e-26 -5.89393e-21 -7.74092e-27 -1.71815e-21 -2.77628e-27 -3.29387e-22 -9.77622e-28 -5.17121e-23 -3.14484e-28 -7.06487e-24 -8.88145e-29 -8.60812e-25  -2.1712e-29 -9.46173e-26 -4.59911e-30 -9.43207e-27 -8.56693e-31 -8.54414e-28 -1.45629e-31 -7.03165e-29 -2.42397e-32 -5.24771e-30 -4.29884e-33 -3.53994e-31 -8.33851e-34 -2.14853e-32 -1.66419e-34 -1.16626e-33 -3.14358e-35 -5.61873e-35 -5.28663e-36 -2.37948e-36 -7.57141e-37 -8.74892e-38 -8.82147e-38 -2.74703e-39 -7.78687e-39 -7.19173e-41 -4.36754e-40 -1.51019e-42 -2.64957e-42 -2.35959e-44  2.20869e-42  -2.2393e-46  2.26685e-43 -5.55179e-50  1.12347e-44  2.80657e-50  2.58596e-46  2.15804e-52
  0.00293504  7.70597e-17   -0.0302663 -1.46389e-16    0.0598072 -2.03952e-16   -0.0168997  3.03254e-16   -0.0234304  5.76868e-17  -0.00446598 -2.52339e-16   0.00516598   1.4376e-18   0.00517494  8.66203e-17   0.00248495  4.53546e-17  0.000547587  1.91779e-17  -0.00021794 -9.48654e-18 -0.000329048 -2.23863e-17 -0.000230526 -1.06131e-17 -0.000122615  1.42317e-18 -5.48359e-05  3.59552e-18 -2.14082e-05  1.65553e-18 -7.39732e-06  2.22656e-19  -2.2591e-06 -1.77907e-19 -5.97835e-07 -1.38873e-19  -1.2901e-07 -4.28037e-20  -1.7942e-08 -1.53283e-21  1.44196e-09  3.56313e-21  2.28394e-09  4.17851e-21  1.08532e-09  6.35066e-21  3.82209e-10   6.2724e-21  1.12217e-10  3.87911e-21  2.82604e-11  1.49204e-21  6.04345e-12  2.43696e-22  1.03025e-12  -1.1459e-22  1.05206e-13 -1.18901e-22 -1.22282e-14 -6.36547e-23 -1.10457e-14 -2.81412e-23 -4.06004e-15  -1.2225e-23 -1.14403e-15 -5.48585e-24 -2.75718e-16 -2.41211e-24 -5.91295e-17 -9.75158e-25 -1.14949e-17 -3.55314e-25 -2.04574e-18 -1.19989e-25 -3.35159e-19  -3.9888e-26 -5.07056e-20 -1.36737e-26 -7.09484e-21 -4.75509e-27 -9.18584e-22  -1.5794e-27  -1.1001e-22 -4.75154e-28 -1.21739e-23 -1.25856e-28 -1.24271e-24 -2.90789e-29 -1.16743e-25 -5.88511e-30  -1.0062e-26 -1.06358e-30 -7.92563e-28 -1.79147e-31 -5.67743e-29 -3.01563e-32 -3.67566e-30 -5.41182e-33 -2.13355e-31 -1.03474e-33 -1.09857e-32 -1.97419e-34 -4.94432e-34 -3.49182e-35 -1.90272e-35 -5.41586e-36 -6.03324e-37 -7.03396e-37  -1.4587e-38 -7.23936e-38 -2.07579e-40 -5.33617e-39  1.77153e-42 -1.98573e-40  2.19311e-43  9.49039e-42  7.60634e-45  1.99765e-42  1.65482e-46  1.40625e-43  2.35172e-48  4.94898e-45  1.82924e-50  6.23967e-47
 2.50061e-17  0.000196578  1.61821e-16   -0.0271758 -2.03952e-16    0.0545552 -2.16362e-16  -0.00609312  2.95615e-16   -0.0243563 -9.58327e-19   -0.0100957 -2.26915e-16   0.00230125 -1.35532e-17   0.00532807  7.94861e-17   0.00366578  7.08001e-17   0.00152456  3.63275e-17  0.000288722 -1.15497e-17  -0.00015152 -2.78378e-17 -0.000204047  -1.3005e-17 -0.000141602   9.6443e-19 -7.68002e-05   3.8267e-18 -3.58691e-05  1.96224e-18 -1.50331e-05  3.62237e-19 -5.78545e-06 -1.58038e-19 -2.07611e-06  -1.4279e-19 -7.02895e-07 -4.52627e-20 -2.26751e-07 -3.80036e-21 -7.03023e-08  5.31286e-21 -2.11001e-08  1.12816e-20 -6.16281e-09  1.46907e-20 -1.75634e-09  1.21431e-20 -4.88282e-10  6.73644e-21 -1.32054e-10  2.48181e-21 -3.45829e-11   4.6359e-22 -8.72346e-12 -1.12022e-22 -2.10831e-12 -1.49644e-22 -4.85893e-13 -8.77585e-23 -1.06356e-13   -4.267e-23 -2.20376e-14 -1.99599e-23 -4.31094e-15 -9.12758e-24 -7.94325e-16 -3.91589e-24 -1.37587e-16 -1.52698e-24 -2.23622e-17 -5.42933e-25 -3.40422e-18 -1.82629e-25 -4.84478e-19 -6.10878e-26  -6.4327e-20  -2.0751e-26 -7.95003e-21 -6.95161e-27 -9.12071e-22 -2.18215e-27 -9.68206e-23 -6.16968e-28 -9.47241e-24 -1.53977e-28 -8.49807e-25 -3.37509e-29 -6.94498e-26 -6.54843e-30 -5.12313e-27  -1.1522e-30 -3.36519e-28 -1.92807e-31 -1.92476e-29 -3.27651e-32 -9.18022e-31 -5.90593e-33 -3.26669e-32 -1.10496e-33 -4.76273e-34 -2.00676e-34  4.42509e-35 -3.31073e-35    5.049e-36 -4.70758e-36  3.20922e-37 -5.48787e-37  1.52159e-38 -4.88881e-38  5.71156e-40 -2.83222e-39  1.71531e-41 -3.28598e-41  4.07926e-43  1.22225e-41  7.48213e-45   1.3176e-42   1.0063e-46  6.64265e-44  8.84096e-49  1.54466e-45  3.36458e-51
   0.0024963  6.16392e-17  -0.00835593  2.50648e-16   -0.0168997 -2.16362e-16     0.046358 -1.67757e-16   0.00176253  2.37282e-16    -0.022298 -6.90619e-17   -0.0141349 -2.12321e-16  -0.00132005 -3.47424e-17   0.00427642  7.55946e-17    0.0042106  9.69013e-17   0.00241069  5.04198e-17  0.000937539 -1.31763e-17  0.000189122 -3.10876e-17 -6.60979e-05 -1.44438e-17  -0.00010079   4.0241e-19 -7.15183e-05    3.747e-18 -3.94195e-05  2.06548e-18 -1.87617e-05  4.27685e-19  -8.0483e-06 -1.38437e-19 -3.18291e-06 -1.36355e-19 -1.17652e-06 -4.72852e-20  -4.1012e-07 -5.89741e-21 -1.35624e-07  1.27827e-20 -4.27086e-08  2.59095e-20  -1.2834e-08  2.83353e-20  -3.6833e-09  2.05791e-20 -1.00938e-09  1.05655e-20 -2.63886e-10  3.80836e-21 -6.57219e-11   8.0635e-22 -1.55664e-11 -6.53013e-23 -3.49971e-12 -1.69164e-22 -7.45414e-13 -1.12385e-22 -1.50114e-13 -5.97366e-23 -2.85256e-14 -2.93043e-23 -5.10433e-15 -1.34058e-23 -8.58212e-16 -5.59992e-24 -1.35263e-16 -2.11979e-24 -1.99313e-17 -7.40743e-25 -2.73727e-18 -2.48534e-25  -3.4903e-19 -8.30251e-26 -4.11195e-20 -2.76709e-26 -4.44621e-21 -8.89251e-27 -4.37027e-22 -2.64173e-27 -3.84561e-23 -7.04332e-28 -2.94706e-24 -1.66201e-28 -1.85059e-25 -3.46739e-29 -7.79291e-27 -6.47196e-30  7.10402e-29 -1.11302e-30  5.92714e-29 -1.85564e-31  7.86515e-30 -3.17726e-32   7.3709e-31 -5.71083e-33  5.62148e-32 -1.03775e-33  3.63834e-33 -1.78395e-34  2.02676e-34 -2.72942e-35  9.73813e-36  -3.5289e-36  4.01566e-37 -3.64084e-37   1.4062e-38 -2.71885e-38  4.11467e-40 -1.07576e-39    9.836e-42  3.83343e-41  1.86199e-43  9.31055e-42  2.66831e-45  6.70604e-43  2.67965e-47  2.38603e-44  1.55415e-49  3.03113e-46
-8.17297e-17   0.00533717  9.10125e-17    -0.017815  3.03254e-16  -0.00609312 -1.67757e-16    0.0395814 -6.99823e-17   0.00662676  1.61013e-16   -0.0190622 -1.33222e-16    -0.016463 -2.20286e-16  -0.00489356 -6.26107e-17   0.00235547  7.64995e-17   0.00398772  1.18505e-16   0.00294855  5.84539e-17   0.00154114 -1.46307e-17  0.000604417 -3.21784e-17  0.000157726 -1.49363e-17   6.0814e-07 -2.03153e-19 -3.18885e-05  3.34514e-18 -2.60153e-05  1.90453e-18 -1.49206e-05  3.76038e-19  -7.1844e-06 -1.46564e-19 -3.07654e-06 -1.40135e-19 -1.20328e-06 -5.69412e-20 -4.36116e-07 -5.20713e-21 -1.47736e-07  3.08264e-20 -4.70187e-08  5.05394e-20  -1.4102e-08  4.76907e-20 -3.99233e-09  3.13574e-20 -1.06752e-09  1.51922e-20 -2.69577e-10  5.41432e-21 -6.42477e-11  1.26117e-21 -1.44349e-11   2.3555e-23 -3.05274e-12 -1.78219e-22 -6.06513e-13 -1.37159e-22 -1.12929e-13 -7.82836e-23 -1.96445e-14 -3.92765e-23 -3.17968e-15 -1.77355e-23 -4.76236e-16 -7.20513e-24   -6.547e-17 -2.65978e-24 -8.15625e-18 -9.17255e-25 -9.00145e-19 -3.06539e-25  -8.3879e-20 -1.01495e-25 -5.73564e-21 -3.29367e-26  -8.6167e-23  -1.0125e-26  5.79629e-23 -2.84944e-27  1.31542e-23 -7.18207e-28  1.97306e-24 -1.60694e-28  2.41118e-25 -3.20073e-29  2.54446e-26 -5.76907e-30  2.37242e-27 -9.73987e-31  1.97377e-28 -1.62223e-31  1.47054e-29  -2.7908e-32  9.81041e-31 -4.96371e-33  5.84446e-32 -8.69145e-34  3.09367e-33 -1.40463e-34  1.44444e-34 -1.97818e-35  5.88976e-36 -2.30058e-36   2.0698e-37 -2.05858e-37  6.16069e-39 -1.21633e-38  1.51784e-40 -1.82949e-40   3.0027e-42  4.68261e-41  4.57907e-44  5.24477e-42  5.08066e-46  2.67762e-43  3.69502e-48  6.27323e-45  1.21791e-50
 0.000444243 -1.72136e-16   0.00538054  9.15421e-17   -0.0234304  2.95615e-16   0.00176253 -6.99823e-17    0.0350431   4.9086e-17   0.00960804  9.86699e-17   -0.0156364 -1.85706e-16   -0.0174302 -2.48039e-16   -0.0079828 -9.10258e-17 -3.62244e-05  8.04671e-17   0.00305917  1.30821e-16   0.00299474  5.91241e-17   0.00192746 -1.63047e-17  0.000973745 -3.17147e-17  0.000403653 -1.47802e-17  0.000135579 -9.03067e-19  3.30184e-05  2.59406e-18  2.22439e-06   1.4505e-18 -3.57265e-06  1.80218e-19 -2.90709e-06 -2.15183e-19 -1.54518e-06  -1.7742e-19 -6.77065e-07 -7.81678e-20 -2.61171e-07  4.24156e-21  -9.1187e-08  6.41728e-20 -2.92219e-08  8.60996e-20 -8.65913e-09  7.19653e-20 -2.38156e-09  4.36836e-20  -6.0876e-10  2.02125e-20 -1.44531e-10  7.14224e-21 -3.17909e-11  1.76937e-21 -6.44657e-12  1.32038e-22 -1.19477e-12 -1.83786e-22  -1.9927e-13 -1.62328e-22 -2.90012e-14 -9.67012e-23 -3.41434e-15 -4.85364e-23 -2.40142e-16 -2.14312e-23  2.14266e-17 -8.46552e-24  1.31189e-17 -3.05786e-24  3.39088e-18 -1.04266e-24  6.73617e-19  -3.4592e-25  1.14292e-19 -1.12703e-25  1.71975e-20 -3.54019e-26  2.33445e-21  -1.0389e-26  2.88325e-22 -2.77192e-27  3.25386e-23 -6.61825e-28  3.36118e-24 -1.40764e-28  3.17827e-25 -2.68548e-29   2.7478e-26 -4.69406e-30  2.16723e-27 -7.81658e-31  1.55434e-28 -1.30323e-31  1.00938e-29 -2.24326e-32  5.90288e-31 -3.91486e-33  3.08748e-32 -6.54941e-34  1.43194e-33 -9.87216e-35   5.8242e-35 -1.26795e-35  2.04797e-36 -1.30733e-36  6.10848e-38 -9.82982e-38  1.50608e-39 -4.03002e-39  2.96115e-41  1.15896e-40  4.41305e-43  3.16585e-41  4.64903e-45  2.31735e-42  3.19807e-47   8.3083e-44  1.37033e-49  1.06114e-45
 2.90523e-17   0.00253071 -2.40731e-16   0.00149903  5.76868e-17   -0.0243563  2.37282e-16   0.00662676   4.9086e-17    0.0320953  1.63676e-16    0.0115919  6.50974e-17   -0.0123787 -2.24365e-16   -0.0174227 -2.82258e-16   -0.0104152 -1.10716e-16  -0.00255971  8.51317e-17   0.00159227  1.31893e-16   0.00252229   5.3091e-17   0.00198391 -1.83566e-17   0.00118605 -3.03904e-17  0.000594773 -1.43319e-17  0.000260427 -1.78343e-18  0.000101535   1.4941e-18  3.55866e-05  7.21464e-19  1.12484e-05 -1.67332e-19  3.20077e-06 -3.69803e-19   8.1479e-07 -2.59794e-19  1.83764e-07 -1.04569e-19  3.65109e-08   3.1423e-20  6.62405e-09  1.15805e-19  1.33813e-09  1.31234e-19  4.17249e-10  9.90842e-20  1.78259e-10   5.6247e-20  7.57619e-11  2.50238e-20  2.87187e-11  8.74581e-21  9.63032e-12  2.23199e-21  2.88932e-12  2.23536e-22  7.84639e-13 -1.95335e-22  1.94598e-13 -1.87548e-22  4.43599e-14 -1.12865e-22  9.33653e-15 -5.56777e-23     1.82e-15 -2.38937e-23  3.29267e-16 -9.18178e-24  5.53552e-17 -3.25301e-24  8.65316e-18 -1.09669e-24  1.25787e-18 -3.59589e-25  1.69971e-19 -1.14532e-25  2.13324e-20 -3.46639e-26  2.48368e-21 -9.69684e-27  2.67807e-22 -2.45459e-27  2.66867e-23 -5.56136e-28  2.45119e-24 -1.12728e-28  2.06858e-25 -2.06725e-29  1.59766e-26 -3.52115e-30  1.12396e-27  -5.8105e-31  7.16022e-29 -9.70379e-32  4.10061e-30 -1.66145e-32  2.09155e-31 -2.81872e-33  9.38486e-33 -4.46462e-34  3.64116e-34  -6.2202e-35  1.19005e-35 -7.20168e-36  3.13224e-37 -6.44932e-37     6.02e-39 -3.85027e-38  5.85105e-41 -6.54686e-40 -8.75877e-43  1.37779e-40 -4.91132e-44    1.583e-41 -9.68454e-46  8.14758e-43  -9.3864e-48   1.9183e-44 -3.00835e-50
-0.000324931  3.80938e-17    0.0051075 -2.65031e-16  -0.00446598 -9.58327e-19    -0.022298  1.61013e-16   0.00960804  1.63676e-16    0.0300791  2.59639e-16    0.0130515  5.73275e-17  -0.00936592 -2.49533e-16   -0.0167287 -3.06146e-16   -0.0121525 -1.13975e-16  -0.00495832  8.93791e-17 -0.000202117  1.23423e-16   0.00159947  4.27757e-17   0.00167626  -2.0379e-17    0.0011722 -2.85644e-17  0.000668704 -1.37868e-17  0.000332669 -2.85276e-18  0.000149163  1.24257e-19  6.15117e-05 -2.11873e-19  2.36639e-05 -6.49385e-19   8.5868e-06 -6.12246e-19   2.9652e-06 -3.75603e-19  9.81335e-07 -1.18226e-19  3.12846e-07   8.5576e-20  9.63511e-08  1.85269e-19  2.86873e-08  1.82077e-19  8.24636e-09  1.25936e-19  2.28236e-09  6.74214e-20  6.06069e-10  2.89255e-20  1.53833e-10   9.9408e-21  3.71894e-11  2.53829e-21  8.53615e-12  2.61828e-22  1.85524e-12 -2.19353e-22  3.80926e-13 -2.10868e-22  7.37445e-14 -1.24462e-22  1.34375e-14 -5.95836e-23  2.30097e-15 -2.47666e-23  3.69696e-16 -9.26808e-24  5.56459e-17 -3.22514e-24  7.83344e-18 -1.07338e-24  1.02944e-18 -3.46073e-25  1.26031e-19 -1.07143e-25  1.43393e-20  -3.1133e-26  1.51189e-21 -8.29354e-27  1.47223e-22 -1.99311e-27   1.3185e-23 -4.29275e-28  1.08034e-24 -8.31552e-29  8.04416e-26  -1.4719e-29  5.39341e-27 -2.45608e-30  3.21354e-28 -4.03305e-31  1.66646e-29  -6.7376e-32  7.24051e-31 -1.13868e-32  2.41049e-32 -1.85928e-33  4.24983e-34 -2.76119e-34 -1.44286e-35 -3.51862e-35 -1.81576e-36 -3.61713e-36 -1.02314e-37 -2.72524e-37 -4.08046e-39 -1.13681e-38 -1.23478e-40  2.87501e-40 -2.82807e-42  8.46657e-41 -4.69088e-44  6.25493e-42 -5.09466e-46  2.25262e-43 -2.83956e-48  2.88678e-45
 2.68892e-17  0.000197615  3.00564e-17   0.00626934 -2.52339e-16   -0.0100957 -6.90619e-17   -0.0190622  9.86699e-17    0.0115919  2.59639e-16    0.0286311  3.32416e-16    0.0142222  6.28494e-17  -0.00657887 -2.60778e-16   -0.0155363 -3.06212e-16   -0.0132083 -9.75242e-17  -0.00704162  9.37645e-17  -0.00210173  1.09784e-16  0.000364687  3.16115e-17   0.00104942 -2.13909e-17  0.000922452 -2.61351e-17  0.000598314 -1.30977e-17  0.000327515 -3.98369e-18  0.000159223 -1.35063e-18  7.05776e-05 -1.23989e-18   2.8979e-05 -1.22018e-18  1.11364e-05 -9.09766e-19  4.03336e-06 -4.88726e-19   1.3831e-06 -9.52881e-20  4.50345e-07  1.71832e-19  1.39442e-07  2.67546e-19  4.10772e-08  2.32673e-19  1.15092e-08  1.48917e-19  3.06461e-09  7.55815e-20  7.74631e-10  3.12745e-20   1.8562e-10  1.04833e-20  4.21065e-11  2.60408e-21  9.02869e-12  2.26605e-22  1.82728e-12 -2.55326e-22  3.48519e-13 -2.28743e-22  6.25463e-14 -1.29573e-22  1.05439e-14 -5.97173e-23  1.66658e-15 -2.40095e-23  2.46477e-16  -8.7602e-24  3.40262e-17 -2.99529e-24  4.37214e-18 -9.81457e-25  5.21058e-19 -3.09554e-25  5.73368e-20 -9.27017e-26  5.79064e-21 -2.57902e-26  5.32215e-22  -6.5382e-27  4.39462e-23 -1.49295e-27  3.18972e-24  -3.0626e-28  1.94824e-25 -5.68779e-29   8.9087e-27 -9.76426e-30  1.51791e-28 -1.60506e-30 -2.46567e-29 -2.63019e-31 -3.72151e-30 -4.37885e-32 -3.33928e-31 -7.23711e-33 -2.32957e-32 -1.12534e-33  -1.3459e-33 -1.55058e-34 -6.56554e-35  -1.7847e-35 -2.71086e-36 -1.59495e-36 -9.40272e-38 -9.55058e-38 -2.69545e-39 -1.70363e-39  -6.2148e-41  3.30046e-40  -1.1025e-42  3.83733e-41 -1.39359e-44  1.98266e-42 -1.07637e-46  4.68027e-44  -3.2206e-49
-0.000321299  5.88178e-17   0.00180626  1.53462e-17   0.00516598 -2.26915e-16   -0.0141349 -1.33222e-16   -0.0156364  6.50974e-17    0.0130515  3.32416e-16    0.0275774  3.79956e-16    0.0152369  6.83171e-17  -0.00396767 -2.56365e-16   -0.0139575 -2.76606e-16   -0.0136063 -6.30492e-17  -0.00866337  9.96669e-17  -0.00388827  9.60554e-17 -0.000997949   2.2959e-17  0.000214795 -2.02356e-17   0.00048743 -2.27499e-17  0.000399519  -1.2064e-17   0.00024642 -4.95677e-18  0.000129307 -2.73069e-18  6.04713e-05 -2.24222e-18   2.5797e-05 -1.80728e-18  1.01746e-05 -1.19767e-18  3.74114e-06 -5.49739e-19  1.28922e-06  -1.6195e-20   4.1777e-07  2.87223e-19  1.27556e-07  3.53179e-19  3.67348e-08  2.76043e-19  9.98233e-09  1.64674e-19  2.55924e-09  7.94647e-20   6.1872e-10  3.16513e-20  1.40938e-10  1.02463e-20  3.02165e-11  2.40292e-21  6.08901e-12  1.22129e-22  1.15136e-12 -2.95464e-22  2.03868e-13 -2.37193e-22   3.3716e-14 -1.27274e-22  5.19078e-15 -5.62396e-23  7.40656e-16 -2.18729e-23   9.7339e-17 -7.78964e-24  1.16737e-17 -2.61541e-24  1.25834e-18  -8.4078e-25  1.18531e-19 -2.58132e-25  9.15055e-21 -7.44702e-26  4.63632e-22 -1.97948e-26  -9.6925e-24 -4.77428e-27 -6.54409e-24  -1.0369e-27 -1.09156e-24 -2.03056e-28 -1.32621e-25 -3.62944e-29 -1.33789e-26 -6.07588e-30  -1.1684e-27 -9.89102e-31 -8.98058e-29 -1.61874e-31 -6.11246e-30 -2.66867e-32 -3.68625e-31 -4.26793e-33 -1.96369e-32 -6.25009e-34 -9.18385e-34 -7.89748e-35 -3.73654e-35 -8.08034e-36 -1.30581e-36 -6.07644e-37 -3.85162e-38 -2.54275e-38  -9.3546e-40  6.18875e-40 -1.80357e-41  1.86348e-40 -2.60344e-43   1.3803e-41 -2.53144e-45  4.97884e-43 -1.30168e-47  6.39055e-45
 -6.7469e-18 -0.000497443  8.26986e-17   0.00380751   1.4376e-18   0.00230125 -2.12321e-16    -0.016463 -1.85706e-16   -0.0123787  5.73275e-17    0.0142222  3.79956e-16    0.0268309  3.97995e-16    0.0161844  6.44266e-17  -0.00147104 -2.35472e-16   -0.0120491 -2.20317e-16   -0.0133628 -1.62633e-17  -0.00970664  1.07941e-16  -0.00535837  8.61007e-17  -0.00228463  1.90671e-17 -0.000673933 -1.61776e-17 -3.69298e-05 -1.81757e-17  0.000124485 -1.05167e-17  0.000114956 -5.57561e-18  7.10376e-05 -3.85609e-18  3.62092e-05 -3.11437e-18  1.62145e-05 -2.32085e-18  6.56028e-06 -1.39656e-18  2.43415e-06 -5.14889e-19  8.35503e-07  1.24369e-19  2.66685e-07  4.19254e-19  7.94057e-08  4.29936e-19  2.20921e-08  3.05692e-19  5.74668e-09  1.70858e-19  1.39723e-09  7.84776e-20  3.17177e-10  2.99795e-20  6.70829e-11  9.26284e-21  1.31757e-11  1.97575e-21   2.3911e-12 -2.49823e-23  3.97765e-13 -3.28143e-22  5.98505e-14 -2.33451e-22  7.94503e-15 -1.17963e-22  8.79837e-16 -4.99164e-23  6.78082e-17 -1.87978e-23 -4.22251e-19 -6.53885e-24 -1.51136e-18 -2.15254e-24 -3.86285e-19 -6.76232e-25  -7.0259e-20 -2.01176e-25 -1.06566e-20 -5.57268e-26 -1.41617e-21 -1.41312e-26 -1.68374e-22 -3.24269e-27 -1.80889e-23 -6.70771e-28 -1.76408e-24 -1.25751e-28 -1.56414e-25 -2.17323e-29 -1.26034e-26  -3.5687e-30 -9.21053e-28 -5.77771e-31 -6.08437e-29 -9.42502e-32 -3.61623e-30 -1.52531e-32 -1.92204e-31 -2.33356e-33 -9.06501e-33 -3.18085e-34  -3.7568e-34 -3.63628e-35 -1.35112e-35 -3.23546e-36  -4.1491e-37 -1.93139e-37 -1.06453e-38 -3.42642e-39 -2.21314e-40  6.67501e-40 -3.55956e-42  7.75093e-41 -4.09839e-44  4.00445e-42 -2.89577e-46   9.4578e-44 -7.94588e-49
-0.000156877 -4.19174e-18 -7.18553e-05  9.06325e-17   0.00517494 -1.35532e-17  -0.00132005 -2.20286e-16   -0.0174302 -2.24365e-16  -0.00936592  6.28494e-17    0.0152369  3.97995e-16    0.0263472  3.80678e-16    0.0171343   4.7022e-17  0.000977696   -2.007e-16  -0.00983002 -1.47473e-16   -0.0124844  3.47235e-17   -0.0100806  1.17967e-16  -0.00633833  8.14692e-17  -0.00330182  2.04611e-17  -0.00145368 -9.35107e-18 -0.000536289 -1.25833e-17 -0.000156691 -8.47819e-18 -2.81548e-05 -5.77265e-18  4.06384e-06 -4.65566e-18  7.06709e-06 -3.77929e-18  4.33701e-06 -2.66978e-18  2.00434e-06 -1.43785e-18  7.84849e-07 -3.64173e-19  2.71209e-07  3.12716e-19  8.41391e-08  5.48129e-19  2.35865e-08  4.85683e-19  5.96948e-09  3.17147e-19  1.35223e-09  1.66677e-19   2.6822e-10  7.28464e-20  4.41065e-11   2.6552e-20  4.99069e-12  7.71673e-21 -7.78546e-14  1.41525e-21 -2.59966e-13  -1.7699e-22  -9.8168e-14 -3.42947e-22 -2.66998e-14 -2.17179e-22 -6.10218e-15 -1.03245e-22 -1.23153e-15 -4.18682e-23 -2.24355e-16 -1.52873e-23 -3.73155e-17 -5.19463e-24 -5.70203e-18 -1.67274e-24 -8.03298e-19 -5.11454e-25 -1.04521e-19 -1.46847e-25 -1.25682e-20  -3.8954e-26 -1.39626e-21 -9.41401e-27 -1.43172e-22  -2.0562e-27 -1.35279e-23 -4.05857e-28 -1.17518e-24 -7.30983e-29 -9.35862e-26 -1.22804e-29 -6.80748e-27 -1.98974e-30  -4.5031e-28 -3.21095e-31 -2.69442e-29 -5.19482e-32 -1.44889e-30 -8.16586e-33 -6.94693e-32 -1.18072e-33 -2.94125e-33 -1.47914e-34 -1.08648e-34 -1.50425e-35  -3.4484e-36 -1.12532e-36 -9.21854e-38 -4.66728e-38  -2.0201e-39  1.19026e-39 -3.48919e-41  3.47824e-40 -4.46497e-43  2.56756e-41  -3.7844e-45  9.25208e-43 -1.64045e-47  1.18754e-44
 -6.0028e-18 -0.000418342  6.70575e-18   0.00105484  8.66203e-17   0.00532807 -3.47424e-17  -0.00489356 -2.48039e-16   -0.0174227 -2.49533e-16  -0.00657887  6.83171e-17    0.0161844  3.80678e-16    0.0261088  3.24826e-16    0.0181477  1.62562e-17   0.00344642 -1.58532e-16  -0.00729832 -7.16599e-17   -0.0109778  8.13775e-17   -0.0097303  1.27636e-16  -0.00670526  8.13718e-17  -0.00389913  2.59709e-17   -0.0019882 -8.08057e-19 -0.000909239 -6.58788e-18 -0.000378785 -6.20453e-18 -0.000145586 -5.63634e-18   -5.226e-05 -5.14115e-18 -1.77572e-05 -4.18436e-18 -5.79968e-06 -2.78169e-18 -1.85084e-06 -1.28746e-18 -5.85322e-07 -1.10548e-19  -1.8478e-07  5.18875e-19 -5.81047e-08  6.51983e-19 -1.80186e-08  5.11517e-19 -5.43775e-09  3.09035e-19 -1.57729e-09  1.53063e-19 -4.35562e-10   6.3552e-20 -1.13761e-10  2.19499e-20 -2.79867e-11  5.88558e-21 -6.46898e-12  8.33372e-22 -1.40282e-12 -2.99193e-22 -2.85139e-13 -3.34655e-22 -5.42901e-14 -1.90657e-22 -9.67748e-15 -8.54479e-23 -1.61413e-15 -3.32696e-23 -2.51746e-16 -1.17935e-23 -3.66848e-17 -3.91232e-24 -4.98968e-18 -1.22882e-24 -6.32693e-19 -3.64229e-25 -7.46801e-20 -1.00581e-25 -8.19103e-21 -2.54992e-26 -8.33068e-22 -5.86996e-27 -7.83702e-23 -1.22147e-27 -6.79951e-24 -2.30623e-28 -5.42198e-25 -4.00808e-29 -3.95749e-26 -6.58498e-30 -2.63122e-27 -1.05807e-30 -1.58435e-28 -1.70097e-31 -8.57964e-30 -2.70765e-32 -4.14287e-31 -4.08516e-33 -1.76503e-32 -5.51218e-34  -6.5465e-34 -6.25499e-35 -2.07743e-35 -5.53048e-36 -5.50993e-37 -3.27346e-37 -1.18148e-38 -5.50403e-39 -1.94555e-40  1.16729e-39 -2.24404e-42  1.33806e-40 -1.45255e-44  6.88861e-42 -8.22796e-48  1.62482e-43  3.26007e-49
 -4.6273e-05 -1.00482e-17 -0.000524667  2.36553e-17   0.00248495  7.94861e-17   0.00427642 -6.26107e-17   -0.0079828 -2.82258e-16   -0.0167287 -2.60778e-16  -0.00396767  6.44266e-17    0.0171343  3.24826e-16    0.0261175  2.34005e-16    0.0192807 -2.46787e-17   0.00599622 -1.17361e-16  -0.00445213 -5.67059e-18  -0.00887105  1.16733e-16  -0.00865522  1.34219e-16  -0.00641098  8.35128e-17  -0.00399916  3.33371e-17  -0.00219872  7.84437e-18  -0.00109343 -1.05202e-18 -0.000500378 -4.09415e-18 -0.000213361 -5.34784e-18 -8.55772e-05  -5.3605e-18 -3.25205e-05 -4.29521e-18 -1.17697e-05 -2.62229e-18 -4.07026e-06 -9.58263e-19 -1.34711e-06  2.03295e-19 -4.26724e-07  7.05534e-19 -1.29242e-07  7.13067e-19  -3.7361e-08  5.04033e-19 -1.02869e-08  2.83324e-19 -2.69193e-09  1.32392e-19 -6.68153e-10  5.20704e-20 -1.57009e-10  1.68857e-20  -3.4874e-11  4.06017e-21 -7.31117e-12  3.26992e-22 -1.44484e-12 -3.70501e-22 -2.68833e-13 -3.04526e-22 -4.70403e-14 -1.57965e-22 -7.73173e-15 -6.69879e-23 -1.19225e-15 -2.51017e-23 -1.72253e-16 -8.64662e-24 -2.32825e-17 -2.79669e-24 -2.93925e-18 -8.54058e-25 -3.45907e-19 -2.44497e-25 -3.78656e-20 -6.47535e-26 -3.84581e-21 -1.56664e-26  -3.6132e-22 -3.43526e-27 -3.12915e-23  -6.8203e-28 -2.48751e-24 -1.23581e-28  -1.8059e-25 -2.08338e-29 -1.18982e-26 -3.36804e-30 -7.05801e-28 -5.38421e-31 -3.73065e-29 -8.58939e-32 -1.73219e-30 -1.33141e-32 -6.91772e-32 -1.90356e-33 -2.29468e-33 -2.36443e-34 -5.89092e-35 -2.38753e-35 -9.43696e-37 -1.77161e-36  3.34902e-39 -7.20116e-38   8.1368e-40  2.06534e-39  2.95977e-41  5.62231e-40  6.30397e-43  4.11466e-41  8.23938e-45  1.47789e-42  5.53292e-47   1.8943e-44
 -3.4272e-19 -0.000206986 -7.49827e-18 -0.000209743  4.53546e-17   0.00366578  7.55946e-17   0.00235547 -9.10258e-17   -0.0104152 -3.06146e-16   -0.0155363 -2.56365e-16  -0.00147104   4.7022e-17    0.0181477  2.34005e-16    0.0263866  1.19497e-16    0.0205794 -7.06855e-17   0.00866666  -8.4437e-17  -0.00131557  4.18837e-17  -0.00623822  1.36908e-16  -0.00693053   1.3552e-16  -0.00550023  8.52552e-17  -0.00361488  4.00915e-17  -0.00207993  1.50061e-17   -0.0010783  3.22029e-18 -0.000512561 -2.52262e-18 -0.000225988 -5.07404e-18 -9.31556e-05 -5.34861e-18 -3.60991e-05 -4.09767e-18 -1.31992e-05 -2.20788e-18 -4.56425e-06 -5.06857e-19 -1.49458e-06  5.18567e-19 -4.63684e-07  8.39299e-19 -1.36292e-07  7.22502e-19 -3.79395e-08  4.65943e-19 -9.99589e-09  2.44679e-19 -2.49075e-09  1.07859e-19 -5.86483e-10  4.00084e-20 -1.30382e-10  1.20279e-20 -2.73409e-11  2.47207e-21 -5.40294e-12 -4.50233e-23 -1.00513e-12 -3.86907e-22 -1.75841e-13 -2.58887e-22 -2.88927e-14 -1.23679e-22 -4.45291e-15 -4.98419e-23 -6.42709e-16 -1.80172e-23 -8.67214e-17 -6.03287e-24 -1.09163e-17 -1.89888e-24 -1.27875e-18 -5.61931e-25 -1.38986e-19 -1.54859e-25 -1.39652e-20 -3.92454e-26  -1.2913e-21 -9.05323e-27 -1.09231e-22 -1.89196e-27 -8.38586e-24 -3.59169e-28 -5.77665e-25 -6.27173e-29 -3.50763e-26 -1.03179e-29 -1.81907e-27 -1.65044e-30 -7.51502e-29 -2.62619e-31 -1.94745e-30  -4.1275e-32  2.58619e-32 -6.15504e-33  7.25835e-33 -8.22758e-34  5.54001e-34 -9.26406e-35  2.93216e-35 -8.12575e-36  1.20344e-36 -4.74488e-37  3.91641e-38 -7.16139e-39  1.00057e-39  1.79394e-39  1.93985e-41  2.01094e-40  2.66921e-43  1.02859e-41  2.26728e-45  2.41913e-43  7.72708e-48
-1.81034e-06 -1.88113e-18  -0.00040144   3.1206e-18  0.000547587  7.08001e-17    0.0042106  7.64995e-17 -3.62244e-05 -1.10716e-16   -0.0121525 -3.06212e-16   -0.0139575 -2.35472e-16  0.000977696  1.62562e-17    0.0192807  1.19497e-16    0.0269306 -2.28544e-18    0.0220661 -1.15803e-16    0.0114545 -6.35096e-17   0.00203411  6.81222e-17  -0.00322237  1.41671e-16  -0.00471821  1.30709e-16  -0.00411268  8.45953e-17  -0.00284688  4.43358e-17  -0.00169577   1.9572e-17 -0.000901067  5.74309e-18 -0.000435713   -1.693e-18 -0.000194116 -4.88386e-18 -8.03274e-05 -5.10846e-18 -3.10447e-05 -3.60887e-18 -1.12472e-05  -1.6049e-18 -3.82931e-06 -1.64298e-20 -1.22717e-06  7.78376e-19 -3.70524e-07  8.99831e-19 -1.05455e-07  6.81987e-19  -2.8296e-08   4.0494e-19 -7.15703e-09  1.99184e-19 -1.70589e-09  8.27237e-20 -3.82966e-10   2.8756e-20 -8.09224e-11  7.86553e-21  -1.6081e-11  1.25274e-21 -3.00228e-12 -2.67438e-22 -5.25944e-13 -3.58281e-22 -8.63227e-14  -2.0626e-22 -1.32496e-14 -9.16826e-23 -1.89748e-15 -3.52653e-23 -2.52805e-16 -1.23221e-23 -3.12172e-17 -4.00924e-24 -3.55478e-18  -1.2251e-24 -3.70649e-19 -3.50175e-25 -3.50132e-20 -9.26341e-26 -2.94479e-21 -2.24259e-26 -2.13379e-22 -4.93097e-27 -1.23195e-23 -9.83278e-28 -4.16723e-25 -1.79028e-28  1.78615e-26 -3.02813e-29  5.02094e-27 -4.89221e-30  5.84081e-28 -7.77337e-31  5.06936e-29 -1.22746e-31  3.62809e-30 -1.88152e-32  2.20956e-31 -2.66378e-33  1.15601e-32 -3.28141e-34  5.19043e-34 -3.28709e-35  1.98378e-35  -2.4127e-36   6.3592e-37 -9.50199e-38  1.67103e-38  3.23256e-39   3.4763e-40   7.9917e-40  5.41592e-42    5.774e-41  5.72136e-44  2.06324e-42  3.26171e-46  2.63784e-44
-2.97761e-19 -6.95663e-05 -4.30219e-18 -0.000449927  1.91779e-17   0.00152456  9.69013e-17   0.00398772  8.04671e-17  -0.00255971 -1.13975e-16   -0.0132083 -2.76606e-16   -0.0120491   -2.007e-16   0.00344642 -2.46787e-17    0.0205794 -2.28544e-18    0.0277471 -1.14309e-16    0.0237186 -1.54252e-16    0.0142911 -5.41568e-17   0.00544697  7.54411e-17 -4.26139e-05  1.33887e-16  -0.00225831  1.20466e-16  -0.00246223  8.06373e-17  -0.00185835  4.51556e-17  -0.00115641  2.11637e-17 -0.000629007  6.46281e-18 -0.000307493 -1.57075e-18 -0.000137238 -4.73102e-18 -5.64697e-05 -4.62897e-18 -2.15598e-05 -2.88764e-18 -7.67082e-06 -9.15009e-19 -2.55083e-06  4.27448e-19 -7.94361e-07   9.4315e-19 -2.31951e-07  8.83867e-19 -6.35517e-08  6.02214e-19 -1.63428e-08  3.31371e-19 -3.94412e-09  1.52884e-19  -8.9288e-10  5.96581e-20  -1.8945e-10  1.92556e-20 -3.76279e-11  4.64853e-21 -6.98361e-12  4.30506e-22 -1.20823e-12 -3.59599e-22 -1.94202e-13 -3.01614e-22 -2.88607e-14 -1.54558e-22 -3.93735e-15 -6.44904e-23  -4.8754e-16 -2.37709e-23 -5.37131e-17 -8.03919e-24 -5.05493e-18 -2.53912e-24 -3.63998e-19 -7.51224e-25 -1.07097e-20  -2.0677e-25  2.37494e-21 -5.23829e-26  6.09969e-22 -1.21006e-26  9.33659e-23 -2.53676e-27  1.13986e-23 -4.83622e-28  1.19172e-24 -8.47897e-29  1.09584e-25  -1.3975e-29  8.96272e-27 -2.23023e-30  6.54623e-28 -3.52415e-31  4.26908e-29 -5.48584e-32  2.47807e-30 -8.10206e-33   1.2731e-31 -1.07377e-33  5.74074e-33 -1.19937e-34  2.24636e-34 -1.04199e-35   7.5109e-36 -5.97269e-37  2.10097e-37 -7.49908e-39  4.77154e-39  2.45082e-39  8.41247e-41  2.66784e-40  1.06935e-42  1.35254e-41  8.47928e-45  3.16759e-43  2.71275e-47
 8.23476e-06 -3.12057e-18 -0.000202943 -6.99153e-18  -0.00021794  3.63275e-17   0.00241069  1.18505e-16   0.00305917  8.51317e-17  -0.00495832 -9.75242e-17   -0.0136063 -2.20317e-16  -0.00983002 -1.58532e-16   0.00599622 -7.06855e-17    0.0220661 -1.14309e-16    0.0287942 -2.03098e-16    0.0254491 -1.81391e-16    0.0170286 -5.27432e-17   0.00869945  6.96223e-17   0.00302271  1.18166e-16  0.000164318  1.06521e-16 -0.000795208  7.35501e-17 -0.000834251  4.26189e-17 -0.000584955  2.00847e-17 -0.000335866  5.71375e-18 -0.000168088 -1.92144e-18 -7.54217e-05 -4.50174e-18 -3.08113e-05 -3.92024e-18 -1.15659e-05 -2.03282e-18  -4.0126e-06 -2.49412e-19  -1.2914e-06  7.59162e-19 -3.86418e-07  9.98568e-19 -1.07626e-07  8.03566e-19  -2.7908e-08  4.99031e-19 -6.73245e-09  2.55609e-19 -1.50824e-09  1.10614e-19 -3.12779e-10  4.03717e-20 -5.97294e-11  1.19317e-20 -1.04116e-11   2.4032e-21  -1.6312e-12 -4.37822e-23 -2.22754e-13  -3.5923e-22 -2.45889e-14 -2.34278e-22 -1.62405e-15 -1.09318e-22  1.33112e-16 -4.31413e-23  7.67382e-17 -1.52889e-23  1.85223e-17  -5.0076e-24   3.4298e-18 -1.53282e-24  5.41681e-19 -4.37868e-25  7.57669e-20 -1.15742e-25  9.54656e-21   -2.803e-26  1.09264e-21 -6.17514e-27  1.14052e-22 -1.23548e-27  1.08726e-23 -2.25829e-28  9.46283e-25 -3.83169e-29  7.50634e-26  -6.1933e-30  5.41128e-27 -9.80538e-31  3.53081e-28  -1.5372e-31  2.07415e-29 -2.33585e-32  1.08956e-30 -3.27906e-33  5.07438e-32 -4.00706e-34  2.07246e-33 -3.97887e-35  7.31881e-35 -2.88112e-36  2.19357e-36  -1.0856e-37  5.43933e-38  4.55223e-39  1.07568e-39  1.01055e-39  1.60246e-41  7.18452e-41  1.62588e-43  2.55012e-42  8.92751e-46  3.24881e-44
-9.94049e-19 -1.11194e-05 -8.53208e-18 -0.000325161 -9.48654e-18  0.000288722  5.04198e-17   0.00294855  1.30821e-16   0.00159227  8.93791e-17  -0.00704162 -6.30492e-17   -0.0133628 -1.47473e-16  -0.00729832 -1.17361e-16   0.00866666 -1.15803e-16    0.0237186 -2.03098e-16    0.0299675 -2.61083e-16    0.0270919 -1.94413e-16    0.0194458 -5.42682e-17    0.0115199    5.743e-17   0.00567831  9.92802e-17   0.00227181  9.09278e-17  0.000661383  6.41978e-17  6.25175e-05  3.74878e-17 -8.54076e-05  1.70902e-17 -8.13098e-05  4.06464e-18 -4.85047e-05 -2.41992e-18 -2.33472e-05 -4.09062e-18 -9.70839e-06 -3.03859e-18 -3.58574e-06  -1.1651e-18 -1.19132e-06   2.9859e-19 -3.57724e-07  9.46396e-19 -9.69572e-08  9.54699e-19 -2.35248e-08  6.80786e-19 -5.00625e-09  3.88973e-19 -8.88698e-10  1.85967e-19 -1.11725e-10  7.53742e-20 -4.85625e-13  2.55483e-20  5.53861e-12   6.7608e-21  2.31443e-12  9.98286e-22  6.78037e-13 -2.59167e-22  1.65849e-13 -3.06793e-22  3.57498e-14 -1.69587e-22  6.95358e-15 -7.32309e-23  1.23543e-15 -2.75039e-23  2.01875e-16  -9.3948e-24  3.04586e-17  -2.9795e-24  4.25253e-18 -8.82074e-25  5.49948e-19 -2.42629e-25  6.58841e-20 -6.14493e-26  7.30745e-21 -1.42081e-26  7.49469e-22 -2.98548e-27  7.09528e-23 -5.71074e-28  6.18567e-24 -1.00471e-28  4.95121e-25 -1.65956e-29  3.62535e-26 -2.64646e-30   2.4175e-27 -4.16349e-31  1.46019e-28 -6.43565e-32  7.93642e-30 -9.43025e-33   3.8504e-31 -1.24006e-33  1.65085e-32 -1.37369e-34  6.17637e-34 -1.18032e-35  1.98372e-35  -6.6064e-37  5.35125e-37 -6.02864e-39  1.17602e-38  3.00175e-39  2.01216e-40   3.1583e-40  2.48822e-42  1.58405e-41  1.92281e-44  3.69014e-43        6e-47
 6.86616e-06 -2.45083e-18 -7.66175e-05 -1.54831e-17 -0.000329048 -1.15497e-17  0.000937539  5.84539e-17   0.00299474  1.31893e-16 -0.000202117  9.37645e-17  -0.00866337 -1.62633e-17   -0.0124844 -7.16599e-17  -0.00445213  -8.4437e-17    0.0114545 -1.54252e-16    0.0254491 -2.61083e-16     0.031088 -2.86825e-16    0.0284126 -1.92642e-16     0.021281 -5.42351e-17    0.0136386  4.45688e-17   0.00766979  8.09327e-17   0.00384892    7.543e-17   0.00174582  5.36944e-17  0.000724063  3.08368e-17  0.000278081  1.31046e-17  0.000100506  2.13019e-18  3.49204e-05 -2.77446e-18  1.19604e-05 -3.46037e-18  4.12904e-06 -2.08506e-18  1.45004e-06 -3.98523e-19  5.13664e-07  6.73324e-19  1.79949e-07  9.91639e-19  6.10528e-08  8.38459e-19  1.97444e-08  5.40004e-19   6.0261e-09  2.85657e-19  1.72636e-09  1.27623e-19  4.63034e-10  4.82896e-20  1.16161e-10  1.50332e-20  2.72522e-11  3.42331e-21  5.98022e-12  2.26797e-22   1.2278e-12 -3.10513e-22  2.35897e-13 -2.35169e-22  4.24174e-14 -1.15239e-22   7.1376e-15 -4.66061e-23  1.12363e-15 -1.67415e-23  1.65399e-16  -5.5204e-24  2.27491e-17 -1.69371e-24  2.92071e-18 -4.83837e-25   3.4959e-19 -1.27829e-25    3.895e-20 -3.09626e-26    4.032e-21 -6.83059e-27  3.86931e-22  -1.3701e-27  3.43323e-23  -2.5125e-28  2.80788e-24 -4.27563e-29  2.10896e-25 -6.91962e-30  1.44841e-26 -1.09366e-30  9.04927e-28 -1.70633e-31  5.11168e-29 -2.57561e-32  2.59128e-30 -3.58929e-33  1.16819e-31 -4.35215e-34  4.63059e-33 -4.28036e-35  1.59082e-34 -3.04927e-36  4.64797e-36 -1.08291e-37  1.12563e-37  5.76247e-39  2.17768e-39  1.14708e-39  3.17835e-41  8.00599e-41  3.16328e-43  2.81926e-42  1.70511e-45  3.57614e-44
  4.9027e-19  5.30154e-06 -4.73343e-18 -0.000168682 -2.23863e-17  -0.00015152 -1.31763e-17   0.00154114  5.91241e-17   0.00252229  1.23423e-16  -0.00210173  9.96669e-17  -0.00970664  3.47235e-17   -0.0109778 -5.67059e-18  -0.00131557 -6.35096e-17    0.0142911 -1.81391e-16    0.0270919 -2.86825e-16    0.0319116 -2.83753e-16    0.0291448 -1.77453e-16    0.0222883 -4.99204e-17    0.0148503  3.45322e-17   0.00883886   6.5199e-17   0.00478401  6.11402e-17   0.00238734  4.30685e-17   0.00111079  2.37309e-17  0.000486348  8.98202e-18  0.000201852  4.12622e-19  7.98369e-05 -2.81427e-18  3.01897e-05 -2.65921e-18  1.09278e-05 -1.17942e-18  3.78478e-06  1.86254e-19  1.25228e-06  8.63021e-19  3.94968e-07  9.23768e-19   1.1847e-07  6.83328e-19  3.37199e-08  4.02369e-19  9.09003e-09  1.97858e-19   2.3172e-09  8.25669e-20  5.57866e-10  2.90011e-20  1.26713e-10  8.14476e-21  2.71312e-11  1.46913e-21  5.47208e-12 -1.24702e-22   1.0389e-12 -2.76574e-22  1.85536e-13 -1.65649e-22  3.11459e-14 -7.39264e-23  4.91061e-15 -2.82565e-23  7.26487e-16 -9.74401e-24  1.00743e-16 -3.10359e-24  1.30785e-17 -9.19838e-25  1.58722e-18  -2.5295e-25  1.79775e-19 -6.40476e-26   1.8967e-20 -1.48177e-26  1.85985e-21 -3.11891e-27   1.6906e-22 -5.98194e-28  1.42033e-23 -1.05564e-28  1.09901e-24 -1.74791e-29  7.80027e-26 -2.78861e-30  5.05385e-27 -4.37662e-31  2.97212e-28 -6.73182e-32  1.57573e-29 -9.80155e-33  7.46931e-31 -1.27966e-33  3.13356e-32 -1.40553e-34  1.14869e-33 -1.19255e-35  3.61924e-35 -6.48026e-37  9.58851e-37 -3.02046e-39  2.07168e-38  3.31798e-39  3.48824e-40  3.36535e-40  4.24853e-42  1.66748e-41  3.23578e-44  3.86054e-43   9.9545e-47
