 1.79722e-10 -3.49505e-24  -3.1369e-09    9.831e-23  1.98618e-08 -8.41928e-22 -6.91405e-08  4.09631e-21  1.48119e-07 -1.36063e-20 -1.98705e-07  3.38847e-20  1.54155e-07 -6.65843e-20 -4.33171e-08  1.04803e-19 -2.67649e-08 -1.29878e-19  1.82977e-08   1.2111e-19  6.01282e-09 -7.79823e-20 -4.69441e-09  2.77294e-20 -2.21242e-09  7.43476e-22  7.16451e-10  -5.2935e-21   7.4133e-10  2.53905e-21   7.7401e-11 -1.78708e-21 -1.39011e-10   8.5166e-22 -7.44322e-11  1.28119e-21 -4.12154e-12 -1.88322e-21  1.28992e-11  6.25264e-22  7.10647e-12  3.19296e-22  1.26278e-12 -2.28349e-22 -5.66635e-13 -4.15794e-23 -5.04126e-13  5.12924e-23 -1.81216e-13  6.10307e-24  -2.3821e-14 -9.27376e-24  1.19891e-14 -8.26259e-25   9.4459e-15  1.32563e-24  3.55954e-15  -5.0264e-26  8.03699e-16 -6.85439e-26  4.28378e-17  1.50078e-26 -5.61548e-17  6.60989e-27 -3.16348e-17 -6.63311e-27 -1.06291e-17  -2.7894e-27 -2.58322e-18  1.16915e-27 -4.34004e-19  6.45072e-28 -2.60571e-20 -1.45191e-29  1.42515e-20 -3.89544e-29  7.21982e-21 -6.37137e-30  2.15261e-21 -4.16064e-30  4.96544e-22 -2.09145e-30  9.43349e-23 -4.36975e-31  1.49027e-23  1.59381e-32   1.8982e-24  1.41884e-32    1.713e-25 -5.82005e-33  3.39184e-27  2.45929e-33  -2.7254e-27   4.3989e-33 -7.54679e-28  2.01679e-33 -1.34811e-28  5.79826e-34 -1.91956e-29  1.26544e-34 -2.30948e-30  2.00104e-35 -2.40025e-31  1.64608e-36 -2.17255e-32 -1.12386e-37 -1.71396e-33 -6.05827e-38 -1.17383e-34 -1.15189e-38 -6.92267e-36 -1.55471e-39 -3.47242e-37 -1.62006e-40 -1.45435e-38 -1.32945e-41 -4.95784e-40 -8.73767e-43 -1.33204e-41 -4.51031e-44 -2.62283e-43 -1.69827e-45 -3.12318e-45 -3.99663e-47 -2.06837e-47 -3.74157e-49
-3.49505e-24  4.62958e-09 -5.50293e-23 -4.55317e-08  1.08087e-21  2.16465e-07 -7.35856e-21  -6.1109e-07   2.9798e-20  1.08933e-06 -8.45861e-20 -1.20622e-06  1.84677e-19  7.14063e-07 -3.27139e-19 -4.62702e-08  4.74852e-19 -1.92921e-07 -5.47118e-19  4.68112e-08  4.68577e-19  5.20802e-08  -2.6453e-19 -8.99048e-09  6.78211e-20 -1.51456e-08  1.68052e-20 -1.26604e-09 -1.33754e-20  3.34261e-09  1.82504e-21  1.45891e-09 -6.90354e-21   -1.906e-10  7.32834e-21 -3.98552e-10  1.48491e-21 -1.41279e-10 -5.41835e-21  1.17353e-11  1.86432e-21  3.25984e-11   1.0579e-21  1.45745e-11 -6.67298e-22  2.05528e-12 -1.63083e-22 -1.26482e-12  1.46548e-22 -9.91063e-13  2.49987e-23 -3.50966e-13 -2.35243e-23 -5.46604e-14 -3.42833e-24  1.52019e-14   2.7077e-24  1.45056e-14 -7.09316e-26  5.90126e-15  3.71186e-27  1.54621e-15   6.4058e-26  2.18598e-16 -1.89858e-27 -2.80692e-17  -2.6583e-26 -3.11489e-17 -8.51073e-27 -1.24349e-17  3.97159e-27 -3.49579e-18  2.22578e-27 -7.52501e-19  9.92065e-29 -1.18625e-19 -8.04303e-29 -9.31521e-21 -2.47674e-29   1.8942e-21 -2.03929e-29  1.08973e-21   -1.021e-29  3.13325e-22 -2.59647e-30  6.85565e-23 -2.53145e-31  1.24543e-23 -2.09214e-32  1.93275e-24 -1.18402e-32  2.57675e-25  2.14267e-32  2.91679e-26  1.93743e-32  2.69494e-27  7.62759e-33  1.79463e-28  2.00787e-33  3.50162e-30  4.08631e-34 -1.25875e-30  6.20782e-35 -2.55469e-31  5.53407e-36 -3.18307e-32 -7.55039e-38 -3.07107e-33 -1.15792e-37 -2.42813e-34 -2.28841e-38 -1.59854e-35  -3.0206e-39 -8.75631e-37 -2.99868e-40 -3.93958e-38 -2.29068e-41 -1.42201e-39 -1.35288e-42 -3.96289e-41 -5.97484e-44 -7.86264e-43 -1.79413e-45  -9.2529e-45 -2.89521e-47 -4.63973e-47
 -3.1369e-09 -5.50293e-23  5.83457e-08 -5.00549e-22 -3.95808e-07  7.52177e-21  1.48726e-06 -4.19568e-20 -3.47809e-06  1.42826e-19  5.19518e-06  -3.4662e-19 -4.70008e-06   6.6254e-19  1.94565e-06 -1.06233e-18  4.67092e-07  1.43661e-18 -7.09207e-07 -1.55449e-18 -4.33337e-08  1.22533e-18  1.99591e-07 -5.91478e-19  3.16977e-08  7.70294e-20 -4.69332e-08  7.19583e-20 -2.00092e-08 -1.02765e-20  5.30644e-09 -1.84134e-20  6.65249e-09 -1.52097e-20  1.46518e-09  2.49434e-20 -8.10312e-10 -8.06178e-22 -6.80106e-10 -1.16213e-20 -1.69567e-10  3.99837e-21  4.30011e-11    2.463e-21  5.26624e-11 -1.34971e-21  2.04985e-11 -4.19452e-22  2.51109e-12  2.76601e-22 -1.74861e-12  6.85655e-23 -1.30115e-12 -3.80887e-23 -4.67244e-13 -9.14786e-24 -8.74491e-14  2.89813e-24  8.15085e-15 -5.81176e-26  1.37276e-14  4.10258e-25  6.21309e-15  1.93054e-25  1.83931e-15 -3.84263e-26  3.67201e-16 -7.47529e-26  2.97171e-17 -2.16509e-26 -1.28519e-17  9.33539e-27 -7.71565e-18  5.78864e-27 -2.55449e-18  6.81433e-28 -6.38048e-19 -6.88944e-29 -1.27586e-19 -6.23079e-29 -2.01262e-20 -6.25011e-29 -2.20119e-21 -3.34012e-29  -3.9648e-23 -9.96182e-30  5.72713e-23 -1.67162e-30  1.88924e-23 -2.34871e-31  4.09735e-24  4.67834e-33  7.12736e-25   8.3835e-32  1.05242e-25  5.55583e-32  1.34828e-26  1.94892e-32  1.51058e-27  4.77281e-33  1.48017e-28  9.16445e-34  1.26054e-29  1.34552e-34   9.2021e-31  1.27338e-35  5.60938e-32  2.90223e-37  2.70397e-33 -1.35107e-37  8.84606e-35 -2.96129e-38  5.02343e-37 -3.85609e-39 -1.67737e-37 -3.63189e-40 -1.33867e-38   -2.555e-41 -6.14194e-40 -1.33642e-42  -1.8722e-41 -4.94376e-44 -3.54869e-43 -1.12924e-45  -3.2239e-45 -1.02633e-47
   9.831e-23 -4.55317e-08 -5.00549e-22  4.79585e-07 -3.23535e-21 -2.45701e-06  3.91817e-20  7.54073e-06 -1.82627e-19 -1.48194e-05  5.25169e-19  1.85823e-05 -1.08468e-18 -1.34327e-05  1.80396e-18  3.04946e-06 -2.62774e-18  2.82311e-06  3.35737e-18 -1.57401e-06 -3.45739e-18 -6.83087e-07  2.51324e-18  4.26229e-07 -9.92889e-19  2.41253e-07 -5.21514e-20 -6.37006e-08  1.95895e-19 -7.92132e-08  3.56495e-20 -1.02276e-08  -8.4517e-20  1.49722e-08  -2.4879e-20  8.51405e-09  5.86979e-20  5.32682e-10 -6.69162e-21 -1.51858e-09 -2.10407e-20 -8.54912e-10  6.93253e-21 -1.50569e-10  4.65675e-21  7.37796e-11 -2.14172e-21  6.47257e-11 -8.55066e-22  2.31138e-11  3.93174e-22  2.81429e-12  1.46589e-22  -1.7291e-12  -4.2358e-23 -1.30443e-12 -1.84411e-23 -4.85423e-13  1.82867e-25 -1.07137e-13 -4.58638e-26 -4.06823e-15  1.31758e-24    8.492e-15  4.54934e-25  4.61065e-15 -1.12672e-25  1.53136e-15 -1.72729e-25   3.6909e-16 -5.04064e-26  6.11816e-17  1.76793e-26  3.35233e-18  1.27602e-26 -2.14704e-18  2.34294e-27 -1.05736e-18  1.31227e-28 -3.12427e-19 -1.13217e-28 -7.17063e-20 -1.49624e-28  -1.3586e-20 -8.70669e-29 -2.14755e-21 -2.88349e-29 -2.75907e-22 -5.84031e-30 -2.58682e-23 -8.31536e-31 -8.58018e-25  8.96185e-32  3.04038e-25  2.23255e-31  9.11368e-26  1.22082e-31  1.64393e-26  3.90362e-32  2.32626e-27  8.98573e-33  2.76097e-28  1.63954e-33  2.81658e-29  2.33101e-34  2.49166e-30  2.28999e-35  1.91324e-31  1.05076e-36  1.26978e-32 -9.57853e-38  7.22002e-34 -2.80762e-38  3.46843e-35 -3.68785e-39  1.38044e-36 -3.29496e-40   4.4166e-38 -2.11432e-41  1.08342e-39 -9.63056e-43  1.88303e-41 -2.89233e-44  2.08754e-43  -4.6088e-46  1.00856e-45
 1.98618e-08  1.08087e-21 -3.95808e-07 -3.23535e-21    2.892e-06  -1.6326e-20  -1.1788e-05  1.64681e-19  3.02214e-05 -6.50113e-19 -5.03768e-05  1.58195e-18  5.28313e-05 -2.75453e-18  -2.9187e-05  3.93555e-18  1.08673e-07 -5.22769e-18  8.98512e-06  6.44336e-18 -1.72444e-06 -6.42781e-18  -2.5539e-06  4.31721e-18  3.43183e-07 -1.29044e-18    7.582e-07 -4.67582e-19   7.9541e-08  4.10101e-19 -1.72417e-07  1.63044e-19 -7.88176e-08 -2.19981e-19  1.05072e-08 -3.41126e-20  2.24312e-08   1.1023e-19  7.92892e-09  -1.5926e-20 -8.48214e-10 -3.35148e-20 -1.99264e-09    1.011e-20 -8.71353e-10  7.60917e-21 -1.06985e-10 -2.78062e-21  8.87478e-11  -1.4879e-21  6.50719e-11  4.29519e-22  2.22547e-11  2.60108e-22  3.04427e-12 -2.59355e-23  -1.2509e-12 -3.02179e-23 -1.03982e-12  -6.2109e-24 -4.08409e-13  3.49473e-26 -1.03367e-13  2.78323e-24 -1.30954e-14  8.86962e-25  2.70935e-15 -2.39295e-25  2.38281e-15 -3.53291e-25   9.1458e-16 -1.07998e-25  2.51818e-16  2.84677e-26  5.32099e-17   2.4686e-26  8.16227e-18  5.86824e-27  5.76007e-19  7.32716e-28 -1.53444e-19 -1.57029e-28 -8.03897e-20 -3.09436e-28 -2.25263e-20 -1.93384e-28 -4.85098e-21 -6.77361e-29 -8.70145e-22 -1.47746e-29 -1.33571e-22 -2.02225e-30 -1.76489e-23  2.93036e-31 -1.98756e-24  4.61405e-31 -1.84526e-25  2.20219e-31 -1.28031e-26  6.51488e-32 -3.96871e-28  1.41885e-32  5.57204e-29  2.46947e-33  1.29477e-29  3.39733e-34  1.62506e-30   3.3943e-35  1.53609e-31  2.03008e-36  1.17319e-32 -1.06403e-38   7.3771e-34 -1.96232e-38  3.81242e-35 -2.74962e-39  1.59406e-36 -2.34667e-40  5.22987e-38 -1.36181e-41  1.27373e-39 -5.28841e-43   2.0884e-41 -1.22788e-44  1.87716e-43 -1.11928e-46
-8.41928e-22  2.16465e-07  7.52177e-21 -2.45701e-06  -1.6326e-20  1.36454e-05 -6.78523e-20 -4.57765e-05   5.8281e-19  9.96083e-05 -1.96841e-18 -0.000141554  4.05366e-18  0.000122809 -5.86395e-18 -4.70849e-05  7.03232e-18 -1.56339e-05 -8.56242e-18  1.95052e-05  1.05225e-17  1.92282e-06 -1.04032e-17  -5.8341e-06  6.46641e-18 -1.05545e-06 -1.24857e-18  1.44458e-06 -1.28994e-18  6.38476e-07   7.1254e-19 -1.78937e-07  3.95013e-19 -2.22963e-07 -4.29439e-19 -4.64919e-08 -4.20105e-20  3.06755e-08  1.75883e-19  2.44208e-08 -2.68615e-20  5.58604e-09 -4.80202e-20   -1.977e-09  1.26568e-20 -2.08072e-09  1.11471e-20  -7.6314e-10 -2.97629e-21 -6.66808e-11 -2.29313e-21  8.33296e-11  3.30069e-22  5.54502e-11  3.95467e-22  1.88029e-11  1.41875e-23  3.06687e-12 -4.21637e-23 -6.05121e-13 -1.49794e-23 -6.59959e-13   7.3663e-25 -2.79846e-13  4.85846e-24 -7.92989e-14  1.50568e-24  -1.4789e-14 -4.59986e-25 -7.62741e-16 -6.66365e-25  7.25788e-16 -2.13674e-25  3.76967e-16  3.90311e-26    1.193e-16   4.2396e-26   2.8974e-17  1.19013e-26  5.65093e-18  1.94255e-27  8.64707e-19 -1.89471e-28  8.90319e-20 -5.85464e-28  5.92848e-23 -3.78525e-28 -2.77076e-21 -1.34977e-28 -8.52618e-22 -3.01349e-29 -1.79004e-22 -3.93801e-30 -3.03874e-23   6.3218e-31 -4.38984e-24  7.87311e-31 -5.50588e-25  3.38622e-31 -6.03912e-26  9.36195e-32 -5.79263e-27   1.9366e-32 -4.83073e-28  3.22001e-33 -3.45991e-29  4.27591e-34 -2.08191e-30  4.26927e-35 -1.00929e-31  2.88362e-36 -3.57237e-33  8.14044e-38 -6.09355e-35 -8.96612e-39  2.42093e-36 -1.59633e-39  2.53085e-37 -1.33112e-40  1.12189e-38  -6.9391e-42  2.98247e-40 -2.23246e-43  4.51973e-42 -3.67563e-45  2.75383e-44
-6.91405e-08 -7.35856e-21  1.48726e-06  3.91817e-20  -1.1788e-05 -6.78523e-20  5.24723e-05 -2.40052e-19 -0.000148356  1.78318e-18  0.000277111 -5.19582e-18   -0.0003361  9.05389e-18  0.000235972 -1.06579e-17 -4.75635e-05  1.02774e-17 -5.57861e-05 -1.15817e-17  2.93856e-05  1.50009e-17  1.40752e-05  -1.5099e-17 -8.66083e-06  8.69045e-18 -5.06186e-06  -6.8847e-19  1.45146e-06 -2.52788e-18  1.75543e-06  1.07162e-18  1.87453e-07   7.1698e-19 -3.69755e-07 -6.91013e-19 -1.97583e-07 -4.75366e-20  -3.6581e-09  2.47191e-19  4.14094e-08 -3.72412e-20  2.14026e-08 -6.30345e-20  2.89819e-09   1.3772e-20 -2.45421e-09  1.50194e-20 -1.83696e-09 -2.53283e-21 -5.97903e-10 -3.19379e-21 -4.29552e-11  7.62552e-23  6.35384e-11  5.21954e-22  4.06718e-11  6.74882e-23  1.40351e-11 -5.24281e-23  2.73516e-12 -2.24254e-23 -8.87921e-14  3.59382e-24 -3.21421e-13  7.88913e-24 -1.53951e-13  2.36118e-24 -4.82478e-14 -8.50918e-25 -1.09996e-14 -1.17972e-24 -1.64237e-15 -3.93373e-25 -1.96018e-17  4.26523e-26  8.77817e-17  6.46423e-26  3.70431e-17   2.0347e-26  1.03552e-17    3.737e-27  2.29441e-18 -2.97847e-28  4.22069e-19 -1.04585e-27  6.47444e-20 -6.66521e-28  8.01289e-21 -2.35185e-28  7.02608e-22  -5.2365e-29  1.37417e-23 -6.57191e-30 -1.03936e-23  1.05707e-30 -2.77942e-24  1.14811e-30 -4.77127e-25  4.54216e-31 -6.50053e-26  1.18175e-31 -7.44767e-27  2.32678e-32 -7.33017e-28  3.69563e-33 -6.24233e-29  4.72035e-34 -4.59796e-30  4.64117e-35 -2.91275e-31  3.29955e-36 -1.57025e-32  1.42532e-37 -7.08806e-34 -5.85586e-40 -2.61534e-35 -6.83721e-40 -7.60871e-37  -5.9606e-41 -1.65269e-38 -2.78693e-42 -2.43806e-40 -7.11878e-44 -1.94252e-42 -6.83187e-46
 4.09631e-21  -6.1109e-07 -4.19568e-20  7.54073e-06  1.64681e-19 -4.57765e-05 -2.40052e-19  0.000169146 -7.38248e-19 -0.000410145  4.79707e-18  0.000662789 -1.21504e-17 -0.000683804  1.79197e-17   0.00037237 -1.66748e-17   7.4995e-06  1.18278e-17  -0.00012591 -1.26435e-17  2.43431e-05  1.90912e-17  3.76765e-05 -2.01001e-17 -5.86727e-06  1.06954e-17 -1.18749e-05  4.01314e-19 -8.89507e-07 -4.02702e-18  2.99426e-06  1.43724e-18  1.24651e-06  1.07034e-18 -2.72871e-07 -9.63485e-19 -4.16172e-07 -4.79676e-20 -1.28103e-07   3.1402e-19  2.88209e-08 -4.53251e-20  4.12327e-08 -7.72116e-20  1.59558e-08  1.30845e-20  9.06916e-10  1.89811e-20 -2.30068e-09 -1.40369e-21 -1.41869e-09 -4.05751e-21 -4.30585e-10 -3.04537e-22 -3.34231e-11   5.9307e-22   3.9559e-11  1.06489e-22  2.57041e-11  -6.2464e-23   9.1971e-12 -2.33286e-23  2.08792e-12   1.1456e-23  1.67313e-13  1.28995e-23 -1.05372e-13  3.67095e-24 -6.53193e-14   -1.481e-24 -2.28862e-14 -1.96227e-24 -5.94038e-15 -6.76921e-25 -1.17881e-15  2.70529e-26 -1.61421e-16  8.65854e-26 -5.14195e-18  2.95647e-26  5.40325e-18  5.52061e-27  2.19599e-18 -7.55468e-28  5.69249e-19   -1.786e-27  1.17052e-19 -1.07149e-27  2.02538e-20 -3.66477e-28  3.00908e-21 -8.02333e-29  3.84723e-22 -9.78429e-30   4.1781e-23  1.44513e-30  3.70719e-24  1.46076e-30  2.38977e-25  5.39496e-31  5.24022e-27  1.32744e-31 -1.33732e-27  2.48992e-32 -2.63625e-28  3.77345e-33 -3.07638e-29   4.6171e-34 -2.73626e-30  4.41519e-35 -1.96526e-31  3.16932e-36 -1.15508e-32  1.57293e-37 -5.52122e-34  3.63721e-39 -2.10051e-35 -1.68051e-40 -6.11521e-37 -2.01863e-41 -1.27149e-38 -8.60462e-43 -1.64499e-40 -1.62314e-44 -8.53351e-43
 1.48119e-07   2.9798e-20 -3.47809e-06 -1.82627e-19  3.02214e-05   5.8281e-19 -0.000148356 -7.38248e-19  0.000466631 -2.00066e-18 -0.000983356  1.14738e-17   0.00138151 -2.54434e-17  -0.00120147  3.17844e-17  0.000464328 -2.24041e-17  0.000165014  9.13706e-18 -0.000211248  -1.0195e-17 -1.74573e-05  2.22007e-17  6.78684e-05 -2.49225e-17  9.96482e-06  1.22043e-17 -1.86008e-05   1.8184e-18  -7.2301e-06 -5.49326e-18  2.96093e-06  1.76589e-18  2.96043e-06  1.36944e-18  4.33669e-07 -1.20396e-18 -5.26057e-07 -3.89948e-20 -3.47073e-07  3.68544e-19 -5.67868e-08 -5.06116e-20  4.27776e-08 -8.99489e-20  3.39323e-08  1.07115e-20  1.05357e-08  2.28476e-20 -1.00676e-10   3.6213e-22  -1.7796e-09 -4.69056e-21  -9.7682e-10 -7.45712e-22 -2.88803e-10  5.50203e-22 -2.94913e-11  8.61237e-23  1.95269e-11  -8.0426e-23  1.38278e-11 -1.29991e-23  5.21138e-12  2.82822e-23  1.33712e-12  2.18357e-23  2.05946e-13  6.00054e-24 -8.50289e-15 -2.30799e-24 -1.91811e-14 -3.04095e-24 -8.09947e-15 -1.08681e-24  -2.3566e-15 -2.44729e-26 -5.38865e-16  9.90169e-26 -9.88101e-17  3.57133e-26 -1.38093e-17   5.8429e-27 -1.10825e-18 -2.06849e-27  1.01582e-19 -2.91548e-27  6.68362e-20 -1.59093e-27  1.75664e-20  -5.1977e-28  3.43065e-21 -1.11033e-28  5.54089e-22 -1.33529e-29  7.67848e-23  1.63791e-30   9.2653e-24  1.64167e-30  9.77976e-25  5.72977e-31  9.01409e-26  1.33837e-31  7.20266e-27  2.39187e-32  4.92088e-28  3.45242e-33  2.80566e-29  4.02894e-34  1.27483e-30  3.70701e-35  4.13115e-32  2.61313e-36  5.67501e-34  1.34572e-37 -3.06708e-35  4.35985e-39 -2.54966e-36  2.95913e-41 -9.57767e-38 -4.48457e-42 -2.08926e-39 -1.92023e-43 -2.29791e-41 -2.27234e-45
-1.36063e-20  1.08933e-06  1.42826e-19 -1.48194e-05 -6.50113e-19  9.96083e-05  1.78318e-18 -0.000410145 -2.00066e-18    0.0011194 -4.82235e-18  -0.00207142  2.45906e-17   0.00253524 -4.80595e-17  -0.00182606  5.08959e-17  0.000394258 -2.53407e-17  0.000452884 -5.64897e-20 -0.000266071 -3.72072e-18 -0.000114333  2.42088e-17  8.71289e-05 -2.89842e-17  4.37984e-05  1.29717e-17 -1.83016e-05  3.18668e-18 -1.73502e-05 -6.59155e-18 -4.08543e-07  2.04427e-18  4.47449e-06  1.53527e-18  1.95584e-06  -1.3842e-18 -2.06031e-07 -1.68329e-20 -5.51473e-07  4.07625e-19 -2.33791e-07 -5.38223e-20 -8.27387e-09 -1.01594e-19  4.13909e-08   6.9603e-21  2.43344e-08  2.64903e-20  6.39393e-09   2.7537e-21    -3.65e-10 -4.82123e-21 -1.17444e-09 -1.15081e-21 -6.04167e-10  3.28787e-22 -1.80108e-10 -5.41951e-23 -2.48893e-11 -1.24271e-22  6.84357e-12  9.77215e-24  6.15101e-12  5.81092e-23  2.49524e-12  3.74256e-23  7.06708e-13   1.0394e-23  1.43034e-13 -3.04368e-24  1.57549e-14   -4.336e-24 -2.24631e-15 -1.61673e-24 -1.88784e-15 -1.27446e-25 -6.56933e-16  8.94369e-26 -1.68261e-16  3.28611e-26 -3.50365e-17  2.45105e-27 -6.08596e-18 -4.89801e-27  -8.7383e-19 -4.52278e-27 -9.78389e-20 -2.20169e-27 -6.64076e-21 -6.80428e-28  3.36035e-22 -1.41283e-28  2.14611e-22 -1.70158e-29  4.59325e-23  1.50778e-30  7.16138e-24  1.63986e-30  9.13519e-25  5.47435e-31  9.90171e-26  1.21798e-31  9.24929e-27  2.07337e-32  7.47224e-28  2.84408e-33   5.2061e-29  3.15103e-34  3.10362e-30  2.76289e-35   1.5626e-31  1.87367e-36   6.5159e-33  9.49771e-38  2.18692e-34  3.30542e-39  5.65639e-36  6.08291e-41  1.04824e-37 -1.95751e-43  1.20082e-39 -2.63736e-44  5.44407e-42
-1.98705e-07 -8.45861e-20  5.19518e-06  5.25169e-19 -5.03768e-05 -1.96841e-18  0.000277111  4.79707e-18 -0.000983356 -4.82235e-18   0.00236511 -1.04109e-17   -0.0038744  4.75093e-17   0.00412738 -8.23212e-17  -0.00238339   7.3891e-17  2.72452e-05 -2.26038e-17  0.000843644 -1.64167e-17 -0.000219203  5.59226e-18 -0.000263221  2.54115e-17  6.73146e-05 -3.15577e-17  9.12601e-05  1.28279e-17 -2.03975e-06  4.06706e-18 -2.73031e-05 -7.07783e-18 -8.55652e-06  2.29257e-18  4.04387e-06  1.52837e-18  3.92696e-06 -1.49558e-18  8.32537e-07  1.97824e-20 -5.01163e-07  4.32663e-19 -4.41855e-07 -5.63864e-20  -1.3213e-07 -1.13395e-19  1.40598e-08  1.81078e-21   3.2158e-08  2.97703e-20  1.56956e-08  5.93307e-21   3.6949e-09 -4.07533e-21 -2.70938e-10 -1.39196e-21 -6.67374e-10 -1.30435e-22  -3.3483e-10 -3.84633e-22 -1.02973e-10 -2.23336e-22 -1.82567e-11  3.94992e-23  8.58159e-13  1.03194e-22   2.1232e-12  6.25065e-23  9.74743e-13  1.83223e-23  3.01971e-13 -3.06224e-24  7.10202e-14  -5.6011e-24  1.23966e-14 -2.20631e-24  1.22782e-15 -2.86768e-25 -1.33138e-16   4.5602e-26 -1.07105e-16  1.43708e-26 -3.38383e-17 -7.11633e-27  -7.8959e-18 -9.82706e-27 -1.51498e-18 -6.62175e-27 -2.47541e-19 -2.85888e-27 -3.48018e-20 -8.31146e-28 -4.18914e-21 -1.67503e-28 -4.21749e-22 -2.04719e-29 -3.32689e-23  1.02181e-30 -1.60595e-24   1.4569e-30  4.92277e-26   4.7193e-31  2.32306e-26  1.00376e-31  3.35628e-27  1.62708e-32  3.42727e-28    2.116e-33  2.76948e-29  2.21529e-34  1.82442e-30  1.83463e-35   9.8199e-32  1.17713e-36  4.25961e-33  5.67574e-38  1.44614e-34  1.92434e-39  3.64952e-36  3.94946e-41  6.21116e-38  3.20113e-43  5.66438e-40 -1.02468e-45
 3.38847e-20 -1.20622e-06  -3.4662e-19  1.85823e-05  1.58195e-18 -0.000141554 -5.19582e-18  0.000662789  1.14738e-17  -0.00207142 -1.04109e-17   0.00444808 -2.02488e-17  -0.00649207  8.31736e-17    0.0059926 -1.28407e-16  -0.00260563   9.7408e-17 -0.000723741 -1.19887e-17    0.0012323 -3.80616e-17 -1.71665e-06  1.49702e-17 -0.000425394  2.61547e-17 -1.84193e-05 -3.18459e-17  0.000134149  1.17782e-17  3.57345e-05   4.1045e-18 -2.93182e-05 -6.89873e-18 -2.04644e-05  2.53938e-18 -2.56619e-07   1.3617e-18  5.17658e-06 -1.54179e-18   2.5311e-06  7.03189e-20  7.14403e-08   4.4822e-19 -5.19975e-07 -5.97881e-20 -2.97743e-07 -1.27433e-19 -6.40949e-08  -5.6133e-21  1.83664e-08   3.2416e-20  2.14373e-08  1.02879e-20    9.285e-09 -1.96255e-21  2.08693e-09 -1.29508e-21 -1.04442e-10 -8.62034e-22 -3.23667e-10 -9.73035e-22 -1.64284e-10 -4.16809e-22 -5.27935e-11  6.16266e-23  -1.1249e-11  1.61786e-22 -9.25974e-13  9.88803e-23  4.70363e-13  3.13541e-23  2.91322e-13 -1.43696e-24  1.00797e-13 -6.40966e-24  2.62837e-14 -2.72738e-24   5.4699e-15 -4.87501e-25  8.93848e-16 -3.91476e-26  1.00222e-16 -2.45303e-26  1.41706e-18 -2.44722e-26 -2.94562e-18 -1.70353e-26 -9.84951e-19 -9.09851e-27 -2.18405e-19 -3.49769e-27 -3.88557e-20 -9.54716e-28 -5.86153e-21 -1.86735e-28 -7.66132e-22 -2.33563e-29 -8.74692e-23  2.67628e-31 -8.72884e-24  1.14419e-30 -7.57602e-25  3.67102e-31 -5.65637e-26  7.50026e-32 -3.56228e-27  1.15776e-32  -1.8255e-28  1.42406e-33 -7.03813e-30  1.40204e-34 -1.56669e-31  1.08734e-35  2.15315e-33  6.50403e-37  3.87294e-34  2.90499e-38  1.90117e-35   9.0653e-40  5.39794e-37  1.72569e-41  8.65988e-39  1.47252e-43  5.26225e-41
 1.54155e-07  1.84677e-19 -4.70008e-06 -1.08468e-18  5.28313e-05  4.05366e-18   -0.0003361 -1.21504e-17   0.00138151  2.45906e-17   -0.0038744 -2.02488e-17   0.00751485 -3.56746e-17  -0.00982114  1.32597e-16   0.00778172 -1.83049e-16  -0.00221092  1.16419e-16  -0.00182852  6.97798e-18    0.0014509 -6.06163e-17  0.000412233  2.10339e-17 -0.000528225  2.64104e-17 -0.000177671  -2.9251e-17  0.000143234  1.00954e-17  9.08726e-05  3.16945e-18 -1.46387e-05 -6.20585e-18 -3.15085e-05  2.78116e-18 -9.14158e-06  1.08516e-18  4.02642e-06 -1.52809e-18  4.23259e-06  1.36225e-19  1.24578e-06  4.61545e-19 -2.64174e-07 -6.48137e-20 -4.04968e-07 -1.46597e-19 -1.77186e-07 -1.73847e-20 -2.74126e-08  3.38652e-20  1.44034e-08  1.63525e-20  1.26132e-08  2.09559e-21  5.08469e-09 -6.24623e-22  1.15732e-09 -1.84961e-21  6.36525e-12 -1.86639e-21 -1.29839e-10 -7.47629e-22 -6.97977e-11  5.24673e-23  -2.3633e-11  2.26436e-22 -5.73785e-12  1.46023e-22  -8.9955e-13  5.05747e-23 -6.12637e-15  2.84709e-24  5.59494e-14 -6.22346e-24  2.44591e-14 -2.99809e-24  7.11924e-15 -6.91699e-25  1.64039e-15 -1.60947e-25   3.1288e-16 -8.39344e-26  4.95177e-17 -4.92874e-26    6.259e-18 -2.60317e-26  5.41634e-19 -1.16882e-26  2.83484e-21 -4.03956e-27 -1.08906e-20 -1.03617e-27 -2.81699e-21 -1.96784e-28 -4.89475e-22 -2.52515e-29 -6.81624e-23 -5.74756e-31  -8.0078e-24  7.80615e-31 -8.09092e-25  2.56777e-31 -7.07532e-26  5.07691e-32 -5.35086e-27  7.46942e-33 -3.47913e-28  8.67066e-34 -1.92414e-29  7.98895e-35 -8.90583e-31  5.75268e-36  -3.3689e-32  3.16294e-37 -1.00536e-33  1.27768e-38 -2.23709e-35  3.50682e-40  -3.3542e-37  5.55315e-42 -2.69049e-39   3.1893e-44
-6.65843e-20  7.14063e-07   6.6254e-19 -1.34327e-05 -2.75453e-18  0.000122809  9.05389e-18 -0.000683804 -2.54434e-17   0.00253524  4.75093e-17  -0.00649207 -3.56746e-17    0.0114987  -5.7245e-17   -0.0135071  1.93464e-16   0.00903382 -2.39267e-16  -0.00101977  1.25397e-16  -0.00310811  3.24902e-17   0.00132364  -7.8414e-17  0.000973296  2.12091e-17 -0.000488034  2.56039e-17 -0.000384722  -2.3735e-17  8.95502e-05  8.30851e-18  0.000146479  1.44654e-18  2.13892e-05 -5.27345e-18 -3.42726e-05  2.95404e-18 -2.07841e-05   7.4929e-19 -8.22403e-07 -1.45768e-18  4.75063e-06  2.24899e-19  2.70653e-06  4.83725e-19  4.35097e-07  -7.0535e-20 -3.16696e-07 -1.74323e-19 -2.65976e-07 -3.67388e-20 -9.63811e-08  3.31323e-20 -1.09887e-08  2.46061e-20  8.75429e-09  8.67233e-21  6.61656e-09  9.11533e-22  2.57439e-09 -3.00082e-21  6.17372e-10 -3.06881e-21  4.52908e-11 -1.25159e-21 -3.97423e-11 -1.72905e-23 -2.47528e-11  2.83883e-22  -8.9496e-12  2.00195e-22 -2.38909e-12  7.59281e-23 -4.79488e-13  1.05365e-23 -6.22907e-14 -4.54753e-24  6.75392e-16 -2.83103e-24  3.42413e-15 -8.45503e-25  1.28765e-15 -3.03585e-25   3.3302e-16 -1.57639e-25  6.93972e-17 -7.87543e-26  1.22153e-17 -3.56102e-26  1.84406e-18 -1.40074e-26   2.3833e-19 -4.40451e-27  2.58552e-20 -1.06464e-27  2.22447e-21 -1.96394e-28  1.24034e-22 -2.57756e-29 -1.70607e-24 -1.30189e-30 -1.59795e-24  4.42888e-31 -2.59676e-25  1.60119e-31 -2.90634e-26  3.10248e-32 -2.56582e-27  4.36144e-33 -1.85292e-28  4.77008e-34 -1.10169e-29  4.09296e-35 -5.34403e-31  2.71243e-36 -2.06784e-32  1.35099e-37 -6.13277e-34   4.8154e-39 -1.29878e-35  1.10901e-40 -1.70167e-37  1.29767e-42 -8.92727e-40
-4.33171e-08 -3.27139e-19  1.94565e-06  1.80396e-18  -2.9187e-05 -5.86395e-18  0.000235972  1.79197e-17  -0.00120147 -4.80595e-17   0.00412738  8.31736e-17  -0.00982114  -5.7245e-17     0.016058 -8.41448e-17   -0.0169984  2.59724e-16   0.00932094 -2.87658e-16  0.000948184  1.19998e-16  -0.00426813  6.07228e-17  0.000740408 -8.63622e-17   0.00155486  1.48689e-17 -0.000245958   2.2823e-17 -0.000580263 -1.60599e-17 -4.02629e-05  7.03589e-18    0.0001763 -5.73401e-19  7.45569e-05 -4.35861e-18 -2.15715e-05  2.94268e-18 -3.05435e-05  3.68423e-19 -9.19494e-06 -1.33917e-18  2.87036e-06  3.49803e-19  3.71961e-06  5.30914e-19  1.44706e-06  -7.3208e-20  5.78078e-08  -2.1382e-19 -2.46596e-07 -6.75233e-20  -1.5471e-07  2.88092e-20 -4.92668e-08  3.52239e-20 -4.69671e-09  1.81817e-20  4.34697e-09  3.62195e-21   3.0857e-09  -4.1368e-21  1.19125e-09 -4.52296e-21  3.05857e-10 -1.94349e-21  4.14386e-11 -1.75304e-22 -6.84441e-12  3.17241e-22 -6.83929e-12  2.54487e-22 -2.74701e-12  1.05768e-22 -7.94346e-13  2.17288e-23 -1.81017e-13 -1.12718e-24 -3.24779e-14 -2.10243e-24 -4.14368e-15 -8.95742e-25 -1.65411e-16 -4.41526e-25  9.88363e-17 -2.33876e-25  3.88655e-17 -1.08019e-25  9.41009e-18 -4.41052e-26  1.79818e-18 -1.56442e-26  2.89573e-19 -4.52914e-27  4.02925e-20 -1.03542e-27  4.89125e-21 -1.85499e-28  5.18781e-22 -2.47254e-29  4.78519e-23 -1.76178e-30  3.79596e-24  1.82471e-31   2.5363e-25  8.74139e-32  1.37094e-26  1.69946e-32  5.44697e-28  2.29559e-33  1.06377e-29  2.36393e-34 -4.56093e-31  1.87981e-35 -5.60583e-32  1.13576e-36 -2.95535e-33  5.04273e-38 -9.80328e-35  1.54119e-39 -2.02765e-36  2.80331e-41 -2.15014e-38  1.94926e-43
 1.04803e-19 -4.62702e-08 -1.06233e-18  3.04946e-06  3.93555e-18 -4.70849e-05 -1.06579e-17   0.00037237  3.17844e-17  -0.00182606 -8.23212e-17    0.0059926  1.32597e-16   -0.0135071 -8.41448e-17    0.0206209 -1.14009e-16   -0.0196997  3.22714e-16    0.0084025 -3.18992e-16   0.00345105  9.85759e-17  -0.00498899  8.68079e-17 -0.000287936 -8.16302e-17   0.00198692  3.66452e-18  0.000200604   1.7296e-17 -0.000687885 -7.73404e-18  -0.00023247   6.7235e-18  0.000154238 -2.21401e-18  0.000130388 -3.57253e-18  9.50904e-06  2.62915e-18 -3.23157e-05 -9.51084e-20 -1.88121e-05 -1.19907e-18 -1.89441e-06  5.24924e-19  3.39161e-06  6.23042e-19  2.35571e-06 -6.58989e-20  6.70249e-07 -2.66872e-19 -5.92625e-08  -1.1315e-19 -1.55103e-07  1.93011e-20 -8.17454e-08  4.78918e-20 -2.41273e-08  3.07084e-20 -2.42068e-09  7.75921e-21  1.75003e-09 -5.00683e-21  1.26029e-09 -6.10334e-21   4.9356e-10 -2.80418e-21  1.35558e-10 -4.37925e-22  2.49039e-11  3.10382e-22  1.26904e-12  3.00088e-22 -1.21636e-12   1.3688e-22  -6.3348e-13  3.56316e-23 -2.02514e-13  3.89337e-24 -5.02496e-14 -8.13937e-25 -1.02357e-14 -8.09764e-25 -1.72234e-15 -5.47177e-25 -2.30808e-16 -2.98436e-25 -2.11187e-17  -1.3153e-25  -1.0461e-19 -4.98756e-26  4.79229e-19 -1.62794e-26  1.30922e-19 -4.38533e-27  2.40733e-20 -9.51696e-28  3.55231e-21 -1.65447e-28   4.4293e-22 -2.21923e-29  4.75962e-23 -1.89955e-30  4.43849e-24  1.70717e-32  3.59199e-25  4.01263e-32   2.5106e-26  8.23274e-33  1.50165e-27  1.08122e-33  7.57903e-29  1.04972e-34  3.16298e-30  7.70099e-36  1.05968e-31  4.19841e-37  2.72441e-33  1.63051e-38  4.98832e-35  4.11759e-40  5.62111e-37  5.37297e-42  2.51835e-39
-2.67649e-08  4.74852e-19  4.67092e-07 -2.62774e-18  1.08673e-07  7.03232e-18 -4.75635e-05 -1.66748e-17  0.000464328  5.08959e-17  -0.00238339 -1.28407e-16   0.00778172  1.93464e-16   -0.0169984 -1.14009e-16    0.0245397 -1.43386e-16   -0.0211605  3.73586e-16   0.00631414 -3.27045e-16   0.00609103  6.28523e-17  -0.00503162  1.06108e-16  -0.00162063 -6.44466e-17   0.00211175 -9.05414e-18   0.00078714  8.86934e-18 -0.000640925 -6.47424e-19 -0.000445208   7.4186e-18  6.59834e-05 -2.81607e-18  0.000167596 -2.82521e-18   5.4635e-05  1.95836e-18 -2.11589e-05 -7.15708e-19 -2.56686e-05 -1.08784e-18 -8.69536e-06   7.5596e-19  1.14148e-06  7.78654e-19  2.58861e-06 -3.98191e-20  1.29679e-06 -3.32808e-19  2.77873e-07 -1.75341e-19 -6.42621e-08  3.29742e-21  -8.3864e-08  6.17836e-20 -3.96875e-08  4.58914e-20 -1.13781e-08  1.34382e-20 -1.42358e-09 -5.32923e-21  5.31101e-10 -7.62611e-21  4.37394e-10 -3.77309e-21  1.77913e-10 -8.00981e-22  5.19077e-11  2.53373e-22   1.1303e-11  3.28546e-22  1.61608e-12   1.6507e-22  7.23755e-15  5.05999e-23 -8.81781e-14   9.9314e-24 -3.60879e-14  8.83808e-25 -9.93408e-15 -5.89483e-25 -2.18796e-15 -5.99566e-25  -4.0535e-16 -3.39011e-25 -6.41585e-17 -1.44764e-25 -8.64819e-18 -5.18196e-26 -9.68729e-19 -1.57878e-26 -8.37617e-20 -3.99147e-27 -4.08973e-21  -8.2487e-28  2.67264e-22 -1.38943e-28  1.01822e-22 -1.85733e-29  1.61113e-23 -1.75755e-30  1.86436e-24 -6.37524e-32  1.73799e-25   1.3809e-32  1.34279e-26  3.43354e-33  8.64296e-28  4.49917e-34  4.59953e-29  4.14077e-35  1.98678e-30  2.79221e-36  6.74721e-32  1.35772e-37  1.70734e-33  4.50382e-39  2.91748e-35  8.90633e-41   2.6795e-37  6.78747e-43
-1.29878e-19 -1.92921e-07  1.43661e-18  2.82311e-06 -5.22769e-18 -1.56339e-05  1.02774e-17   7.4995e-06 -2.24041e-17  0.000394258   7.3891e-17  -0.00260563 -1.83049e-16   0.00903382  2.59724e-16   -0.0196997 -1.43386e-16    0.0272896 -1.68725e-16   -0.0212119  4.05986e-16   0.00334966 -3.10389e-16   0.00843806  1.74479e-17  -0.00431042  1.15284e-16  -0.00302763 -3.77848e-17   0.00183598  -1.9387e-17   0.00139712 -1.76028e-18 -0.000407695  3.46023e-18 -0.000619212  8.70014e-18 -8.26647e-05 -1.95012e-18  0.000165383 -1.86792e-18  0.000102074  9.84365e-19  3.97225e-06 -1.56479e-18  -2.5456e-05  -1.0708e-18 -1.53043e-05   1.0337e-18 -2.84867e-06  1.00732e-18  1.69217e-06  1.23833e-20  1.60305e-06 -4.08394e-19  6.47026e-07 -2.53191e-19  1.08518e-07 -1.96858e-20  -3.9918e-08  7.57206e-20 -3.98058e-08  6.29161e-20 -1.76991e-08   2.0577e-20 -5.10301e-09 -4.84794e-21 -8.16955e-10 -8.87485e-21  8.71863e-11 -4.74957e-21  1.21662e-10 -1.23431e-21  5.36214e-11  1.47176e-22  1.65832e-11  3.34335e-22  3.99597e-12  1.86195e-22  7.49943e-13  6.44815e-23  9.76367e-14  1.60817e-23  2.74354e-15  2.72163e-24 -3.12409e-15 -2.72805e-25 -1.21342e-15 -5.90724e-25 -3.03117e-16 -3.48914e-25 -6.02727e-17 -1.45598e-25 -1.01261e-17 -4.97019e-26 -1.47082e-18 -1.42762e-26 -1.86262e-19 -3.41008e-27 -2.05683e-20 -6.72627e-28 -1.96707e-21 -1.09557e-28 -1.60412e-22 -1.44586e-29 -1.08107e-23 -1.43891e-30 -5.60363e-25 -8.54032e-32 -1.74015e-26    1.749e-33  3.06341e-28  1.15743e-33  8.84544e-29  1.61506e-34  7.06589e-30  1.43028e-35  3.65486e-31  8.85336e-37  1.32651e-32  3.78916e-38    3.277e-34   1.0397e-39  4.86361e-36  1.47047e-41  2.83425e-38
 1.82977e-08 -5.47118e-19 -7.09207e-07  3.35737e-18  8.98512e-06 -8.56242e-18 -5.57861e-05  1.18278e-17  0.000165014 -2.53407e-17  2.72452e-05   9.7408e-17  -0.00221092 -2.39267e-16   0.00932094  3.22714e-16   -0.0211605 -1.68725e-16    0.0286224 -1.87465e-16   -0.0199915  4.17779e-16 -4.79838e-05 -2.72391e-16    0.0101523 -3.14895e-17   -0.0029058  1.12822e-16   -0.0042583 -6.24495e-18   0.00115772 -2.40765e-17   0.00189549 -1.31534e-17 -4.46472e-06  3.48483e-18 -0.000695866  9.80358e-18 -0.000264671  4.41818e-19  0.000111557 -4.11546e-19  0.000135804 -1.30094e-19  3.87424e-05 -2.66606e-18 -1.54827e-05 -1.20407e-18 -1.87815e-05  1.33466e-18 -7.47411e-06  1.30329e-18 -3.76364e-07  9.24695e-20  1.29867e-06 -4.88929e-19    8.661e-07 -3.43016e-19  3.01657e-07 -4.89555e-20  4.33481e-08  8.84365e-20 -1.85022e-08  8.06259e-20 -1.65884e-08  2.88832e-20 -7.16878e-09  -3.3874e-21 -2.11975e-09 -9.63557e-21 -4.13465e-10 -5.60421e-21  -2.1022e-11 -1.68264e-21  2.33609e-11  5.71811e-24  1.26658e-11  3.16796e-22  4.23107e-12  1.97295e-22  1.09385e-12  7.51734e-23  2.30801e-13  2.13562e-23  3.97738e-14  4.38722e-24  5.30529e-15  7.84709e-26  4.26251e-16 -5.27208e-25 -2.60744e-17 -3.28684e-25 -1.94806e-17  -1.3478e-25 -4.93146e-18 -4.41667e-26 -9.11766e-19 -1.20441e-26 -1.38369e-19 -2.73129e-27 -1.79221e-20 -5.14932e-28 -2.01241e-21 -8.09064e-29 -1.96952e-22 -1.04516e-29 -1.67924e-23 -1.05874e-30  -1.2414e-24 -7.51125e-32 -7.88841e-26 -2.26607e-33  -4.2531e-27  2.53021e-34 -1.90994e-28   4.7496e-35 -6.95783e-30  4.21705e-36 -1.97793e-31  2.40838e-37 -4.12853e-33  8.93762e-39 -5.68385e-35  1.93438e-40 -4.05347e-37  1.60164e-42
  1.2111e-19  4.68112e-08 -1.55449e-18 -1.57401e-06  6.44336e-18  1.95052e-05 -1.15817e-17  -0.00012591  9.13706e-18  0.000452884 -2.26038e-17 -0.000723741  1.16419e-16  -0.00101977 -2.87658e-16    0.0084025  3.73586e-16   -0.0212119 -1.87465e-16    0.0286081 -1.98726e-16   -0.0178589  4.11133e-16  -0.00342836 -2.19606e-16    0.0110562  -7.7941e-17  -0.00102133  9.89978e-17   -0.0051073  2.52982e-17  0.000161744 -2.13168e-17   0.00216581 -2.35022e-17  0.000507853 -7.71142e-19 -0.000635231  9.88404e-18 -0.000438268  4.02586e-18  8.09407e-06  1.73194e-18  0.000140763 -1.16445e-18  7.40338e-05 -3.96732e-18  3.77546e-06  -1.5056e-18 -1.66401e-05  1.63017e-18 -1.09874e-05  1.64423e-18 -3.10546e-06   1.9371e-19   3.0906e-07 -5.70087e-19  7.73212e-07 -4.39126e-19  4.22113e-07 -8.26886e-20  1.34155e-07  9.88241e-20  1.90935e-08  9.77085e-20  -6.5031e-09  3.78879e-20 -5.96981e-09 -8.90308e-22 -2.58112e-09 -9.73233e-21 -7.88704e-10 -6.19844e-21 -1.76504e-10 -2.07367e-21   -2.436e-11 -1.45814e-22  1.04481e-12  2.80688e-22   2.0092e-12  1.97408e-22  7.99185e-13  8.11885e-23  2.23566e-13  2.49576e-23  5.04811e-14   5.6155e-24  9.58781e-15  3.98752e-25  1.54698e-15 -4.26583e-25   2.0962e-16 -2.85129e-25  2.27981e-17 -1.15388e-25  1.69862e-18 -3.64619e-26  7.60287e-21 -9.48532e-27 -2.50881e-20 -2.04895e-27 -5.50736e-21 -3.69433e-28 -8.04497e-22 -5.58437e-29 -9.30497e-23 -7.00745e-30 -8.94219e-24 -7.06309e-31 -7.25071e-25 -5.37093e-32 -4.96641e-26 -2.64119e-33 -2.85122e-27   -2.181e-35 -1.35005e-28  9.80298e-36 -5.13501e-30   1.0065e-36 -1.50405e-31  5.43788e-38 -3.15673e-33  1.72283e-39 -4.11237e-35  2.71256e-41 -2.15085e-37
 6.01282e-09  4.68577e-19 -4.33337e-08 -3.45739e-18 -1.72444e-06  1.05225e-17  2.93856e-05 -1.26435e-17 -0.000211248 -5.64897e-20  0.000843644 -1.19887e-17  -0.00182852  1.25397e-16  0.000948184 -3.18992e-16   0.00631414  4.05986e-16   -0.0199915 -1.98726e-16    0.0275614 -2.03341e-16   -0.0152543  3.91155e-16  -0.00644586  -1.5947e-16    0.0111409 -1.17322e-16   0.00108648   7.5459e-17  -0.00545471  5.27759e-17  -0.00100965 -1.10102e-17   0.00213756 -3.11046e-17   0.00104014 -8.60057e-18 -0.000427642  8.30821e-18 -0.000558368  8.17672e-18 -0.000127958   4.5414e-18  0.000108208 -1.92137e-18  9.85257e-05 -5.34229e-18  2.82366e-05 -1.93505e-18  -8.0149e-06  1.90025e-18 -1.16476e-05  1.99661e-18 -5.54071e-06  3.01235e-19 -1.13097e-06 -6.49385e-19  3.19697e-07 -5.35132e-19  3.90224e-07  -1.1837e-19  1.88306e-07   1.0607e-19  5.72568e-08  1.12895e-19  9.13492e-09  4.70133e-20 -1.50561e-09  2.56963e-21  -1.7866e-09 -9.05634e-21 -8.00162e-10 -6.40888e-21 -2.53512e-10  -2.3321e-21 -6.20529e-11 -2.76339e-22    -1.15e-11  2.35049e-22 -1.31298e-12  1.87784e-22  6.88375e-14  8.20252e-23  8.99369e-14  2.64827e-23  3.08613e-14  6.25798e-24  7.59195e-15  6.37988e-25  1.52541e-15 -3.10903e-25  2.61212e-16 -2.28545e-25  3.87528e-17 -9.16555e-26  5.00196e-18 -2.80196e-26  5.59142e-19 -6.97652e-27  5.33418e-20 -1.43853e-27  4.20184e-21 -2.48022e-28  2.51502e-22 -3.59658e-29  8.12349e-24 -4.35403e-30 -4.17391e-25 -4.29447e-31 -9.65688e-26 -3.31719e-32 -9.46673e-27 -1.87179e-33 -6.49269e-28 -6.29191e-35 -3.35841e-29  2.59748e-37 -1.31185e-30  1.67086e-37 -3.72375e-32   9.5266e-39 -7.01757e-34  2.55648e-40 -7.01935e-36  2.44309e-42
-7.79823e-20  5.20802e-08  1.22533e-18 -6.83087e-07 -6.42781e-18  1.92282e-06  1.50009e-17  2.43431e-05  -1.0195e-17 -0.000266071 -1.64167e-17    0.0012323  6.97798e-18  -0.00310811  1.19998e-16   0.00345105 -3.27045e-16   0.00334966  4.17779e-16   -0.0178589 -2.03341e-16    0.0259029 -2.03319e-16   -0.0125689  3.63917e-16  -0.00890894 -9.83337e-17    0.0105217 -1.47074e-16   0.00317424  4.46954e-17  -0.00527389  7.34933e-17  -0.00219479  5.45317e-18   0.00179703 -3.47696e-17   0.00149718 -1.86174e-17 -9.59686e-05  4.87061e-18 -0.000588677  1.21534e-17 -0.000268388  7.74881e-18  3.92034e-05  -2.3051e-18  0.000102323 -6.62228e-18  5.11578e-05 -2.39376e-18   5.6918e-06  2.14528e-18 -8.47465e-06  2.32603e-18 -6.63276e-06  3.96252e-19  -2.5262e-06 -7.26257e-19 -3.80684e-07 -6.25126e-19   1.8562e-07 -1.53377e-19  1.71696e-07  1.09687e-19  7.69312e-08  1.25124e-19  2.31724e-08  5.56537e-20  4.32157e-09   6.7998e-21 -2.12502e-11 -7.58392e-21 -4.08907e-10 -6.15182e-21 -2.03568e-10 -2.39636e-21 -6.75848e-11 -3.56511e-22 -1.75617e-11  1.90683e-22 -3.69865e-12  1.71401e-22 -6.18913e-13  7.82095e-23 -7.29585e-14  2.59847e-23 -2.08017e-15  6.30698e-24  1.82725e-15  7.72828e-25  6.52916e-16 -2.00143e-25  1.48715e-16 -1.69434e-25  2.69124e-17 -6.76746e-26  4.11213e-18 -2.00683e-26  5.43263e-19 -4.79337e-27  6.26588e-20 -9.44579e-28  6.32527e-21 -1.55621e-28  5.57672e-22 -2.15835e-29  4.26877e-23 -2.50528e-30  2.80928e-24 -2.38703e-31  1.56675e-25 -1.81433e-32  7.25306e-27 -1.05549e-33  2.70384e-28 -4.33402e-35   7.7445e-30 -9.89519e-37  1.57266e-31  4.70352e-39  1.91309e-33  1.06473e-39  7.56108e-36  2.57157e-41 -4.81714e-38
-4.69441e-09  -2.6453e-19  1.99591e-07  2.51324e-18  -2.5539e-06 -1.04032e-17  1.40752e-05  1.90912e-17 -1.74573e-05 -3.72072e-18 -0.000219203 -3.80616e-17    0.0014509  3.24902e-17  -0.00426813  9.85759e-17   0.00609103 -3.10389e-16 -4.79838e-05  4.11133e-16   -0.0152543 -2.03319e-16    0.0240257 -2.01076e-16    -0.010071  3.34759e-16   -0.0107692 -4.04637e-17   0.00937537 -1.66555e-16   0.00505361  9.58163e-18  -0.00461456  8.62113e-17  -0.00324612  2.56932e-17   0.00118265 -3.40458e-17   0.00179801 -2.90964e-17  0.000310627 -1.25418e-19 -0.000510768  1.52864e-17 -0.000380947  1.08799e-17 -5.48994e-05 -2.36717e-18  8.03245e-05 -7.64604e-18  6.51607e-05 -2.74782e-18  2.10032e-05  2.38897e-18 -1.77562e-06  2.60801e-18 -5.68109e-06  4.62758e-19  -3.3063e-06 -8.00418e-19 -1.07974e-06 -7.04109e-19 -1.32361e-07  -1.8536e-19  8.03642e-08  1.09529e-19  6.60044e-08  1.33667e-19  2.84434e-08  6.32586e-20  8.65782e-09  1.15208e-20  1.85108e-09 -5.38194e-21  1.88796e-10 -5.40243e-21 -5.37189e-11 -2.23358e-21 -3.88547e-11 -3.66336e-22 -1.41252e-11  1.57133e-22  -3.8699e-12  1.51997e-22 -8.69281e-13  7.10229e-23 -1.64041e-13  2.38883e-23 -2.59047e-14  5.87226e-24 -3.29635e-15  8.06907e-25 -2.94714e-16 -1.07907e-25 -4.98794e-18 -1.15979e-25  4.85594e-18 -4.64729e-26  1.30337e-18 -1.34037e-26  2.26136e-19 -3.07633e-27  3.10479e-20 -5.79658e-28  3.56532e-21 -9.11505e-29  3.49258e-22 -1.20537e-29  2.93492e-23 -1.33386e-30  2.11068e-24 -1.21484e-31  1.28814e-25 -8.89313e-33  6.57463e-27 -5.06854e-34  2.74405e-28 -2.13714e-35  9.04947e-30 -6.06159e-37  2.23162e-31 -9.17687e-39  3.72602e-33 -5.14663e-42  3.34963e-35  1.16953e-42
 2.77294e-20 -8.99048e-09 -5.91478e-19  4.26229e-07  4.31721e-18  -5.8341e-06  -1.5099e-17  3.76765e-05  2.22007e-17 -0.000114333  5.59226e-18 -1.71665e-06 -6.06163e-17   0.00132364  6.07228e-17  -0.00498899  6.28523e-17   0.00843806 -2.72391e-16  -0.00342836  3.91155e-16   -0.0125689 -2.01076e-16    0.0222138 -1.98768e-16  -0.00789362  3.07361e-16   -0.0120761  1.19394e-17   0.00788562  -1.7648e-16   0.00660554 -2.69426e-17  -0.00357448  9.09127e-17  -0.00405145  4.69069e-17  0.000370389 -2.92427e-17   0.00188957 -3.83126e-17  0.000728179 -5.92588e-18 -0.000328077  1.71223e-17 -0.000437344  1.33561e-17 -0.000155009 -2.30387e-18   3.4188e-05 -8.30983e-18  6.46228e-05 -2.86781e-18  3.33711e-05  2.66955e-18   6.8027e-06   2.8343e-18 -2.67593e-06  4.93902e-19 -3.06979e-06 -8.69294e-19 -1.49381e-06 -7.67566e-19  -4.4402e-07 -2.12217e-19 -5.39699e-08  1.05887e-19  2.65714e-08  1.38235e-19  2.18021e-08  6.94124e-20  9.30132e-09  1.64113e-20  2.88478e-09 -2.60041e-21  6.80065e-10 -4.20412e-21  1.11966e-10 -1.84864e-21  5.86157e-12 -3.00403e-22 -4.17468e-12  1.40133e-22 -2.06639e-12  1.32968e-22 -6.23074e-13  6.20469e-23 -1.47441e-13  2.08092e-23 -2.92547e-14  5.12714e-24 -4.98611e-15  7.62671e-25  -7.3505e-16 -4.02228e-26 -9.32775e-17 -7.28779e-26 -9.99715e-18 -2.96507e-26 -8.62013e-19 -8.34588e-27 -5.13462e-20 -1.84332e-27 -3.95446e-22 -3.32148e-28  4.10353e-22 -4.97784e-29  6.94931e-23 -6.25625e-30  7.52796e-24  -6.5647e-31  6.24828e-25 -5.66351e-32  4.14475e-26 -3.92874e-33  2.20645e-27 -2.12646e-34   9.2725e-29  -8.5861e-36  2.96498e-30   -2.407e-37  6.73404e-32 -4.11412e-39  9.42752e-34 -3.11048e-41  5.26841e-36
