 7.09911e-06 -1.14872e-21 -6.76094e-05  1.59563e-20  0.000216616 -5.79316e-20 -0.000335176  8.94726e-20  0.000241187  -3.4972e-20 -2.29698e-05 -5.06517e-20 -6.52802e-05  3.95261e-20  1.96948e-05  1.65767e-20  8.62041e-06 -2.40977e-20 -2.27163e-06  7.09803e-21 -2.77557e-07
-1.14872e-21  0.000100295 -9.83504e-21 -0.000511462  9.21301e-20   0.00114769 -2.51643e-19  -0.00128353  2.44228e-19  0.000564714  1.03031e-19  0.000167318 -3.32485e-19 -0.000214879   1.5573e-19  4.36728e-06  3.73388e-20  2.96721e-05 -4.53693e-20 -1.28048e-06  8.10398e-21
-6.76094e-05 -9.83504e-21  0.000661583 -4.70869e-20  -0.00220201  3.39404e-19   0.00360417 -7.02502e-19  -0.00286046  2.97598e-19  0.000493194  7.63785e-19  0.000751744 -1.00203e-18 -0.000340656  3.85193e-19 -8.61685e-05   1.8041e-20  4.54056e-05 -4.00479e-20   2.4059e-06
 1.59563e-20 -0.000511462 -4.70869e-20   0.00270899 -1.66305e-19  -0.00641699   9.9173e-19   0.00780533 -1.52711e-18  -0.00412389 -3.74429e-20 -0.000625955   2.0945e-18    0.0015742 -1.95769e-18 -0.000244917    7.123e-19 -0.000221302 -6.75026e-20  3.55974e-05 -9.67119e-21
 0.000216616  9.21301e-20  -0.00220201 -1.66305e-19   0.00773206 -4.98499e-19   -0.0136851  2.45708e-18    0.0123937  -2.8129e-18  -0.00357864 -7.42335e-19   -0.0028322  3.58567e-18   0.00211965  -2.8045e-18  0.000131444  1.01054e-18  -0.00030684 -1.61056e-19  8.77829e-06
-5.79316e-20   0.00114769  3.39404e-19  -0.00641699 -4.98499e-19      0.01641 -1.28275e-18   -0.0224064  5.09089e-18    0.0148481 -4.56633e-18 -0.000537422  -1.1418e-18  -0.00527611  4.25939e-18    0.0019699  -3.0435e-18  0.000615665  1.03818e-18 -0.000280572 -1.63062e-19
-0.000335176 -2.51643e-19   0.00360417   9.9173e-19   -0.0136851 -1.28275e-18    0.0270744 -2.71454e-18   -0.0292378  8.67594e-18     0.013477 -6.76661e-18   0.00409588 -2.45349e-19  -0.00690363  3.37783e-18   0.00117153 -2.24827e-18  0.000958225  6.59924e-19 -0.000164741
 8.94726e-20  -0.00128353 -7.02502e-19   0.00780533  2.45708e-18   -0.0224064 -2.71454e-18    0.0360742 -4.62753e-18   -0.0315702   1.2315e-17   0.00885612  -9.3837e-18    0.0086224  2.23231e-18  -0.00727294  8.63213e-19  0.000117147 -3.99136e-19   0.00101385  1.67219e-19
 0.000241187  2.44228e-19  -0.00286046 -1.52711e-18    0.0123937  5.09089e-18   -0.0292378 -4.62753e-18    0.0404336 -6.43467e-18   -0.0295333  1.49554e-17   0.00308216 -1.17047e-17    0.0118959  5.14436e-18  -0.00664289 -2.72079e-18 -0.000793679  1.50474e-18  0.000764774
 -3.4972e-20  0.000564714  2.97598e-19  -0.00412389  -2.8129e-18    0.0148481  8.67594e-18   -0.0315702 -6.43467e-18    0.0400829 -7.47316e-18   -0.0253822  1.53507e-17   -0.0020444 -1.12918e-17    0.0137881  6.58041e-18  -0.00551927 -6.02392e-18  -0.00131999  1.66792e-18
-2.29698e-05  1.03031e-19  0.000493194 -3.74429e-20  -0.00357864 -4.56633e-18     0.013477   1.2315e-17   -0.0295333 -7.47316e-18    0.0373149 -7.12355e-18   -0.0213841  1.10331e-17  -0.00592244 -4.73894e-18    0.0147379  5.69873e-18   -0.0042857 -6.88501e-18  -0.00130796
-5.06517e-20  0.000167318  7.63785e-19 -0.000625955 -7.42335e-19 -0.000537422 -6.76661e-18   0.00885612  1.49554e-17   -0.0253822 -7.12355e-18    0.0345749 -4.37061e-18   -0.0185823 -1.50679e-18  -0.00881092  8.35884e-18    0.0152046  4.02074e-18  -0.00313245 -3.72278e-18
-6.52802e-05 -3.32485e-19  0.000751744   2.0945e-18   -0.0028322  -1.1418e-18   0.00409588  -9.3837e-18   0.00308216  1.53507e-17   -0.0213841 -4.37061e-18    0.0331068  2.28471e-18   -0.0170244 -2.28905e-17   -0.0111887  2.05806e-17    0.0154434  3.94749e-18  -0.00220614
 3.95261e-20 -0.000214879 -1.00203e-18    0.0015742  3.58567e-18  -0.00527611 -2.45349e-19    0.0086224 -1.17047e-17   -0.0020444  1.10331e-17   -0.0185823  2.28471e-18    0.0331411  1.32576e-17   -0.0164667 -4.40066e-17   -0.0134371  1.79852e-17    0.0155443  2.71967e-18
 1.96948e-05   1.5573e-19 -0.000340656 -1.95769e-18   0.00211965  4.25939e-18  -0.00690363  2.23231e-18    0.0118959 -1.12918e-17  -0.00592244 -1.50679e-18   -0.0170244  1.32576e-17    0.0346369  2.45193e-17   -0.0168118 -4.39637e-17   -0.0158581  -2.1067e-18    0.0151679
 1.65767e-20  4.36728e-06  3.85193e-19 -0.000244917  -2.8045e-18    0.0019699  3.37783e-18  -0.00727294  5.14436e-18    0.0137881 -4.73894e-18  -0.00881092 -2.28905e-17   -0.0164667  2.45193e-17    0.0377987  2.57172e-17   -0.0182297 -9.76238e-18    -0.018946 -7.24447e-18
 8.62041e-06  3.73388e-20 -8.61685e-05    7.123e-19  0.000131444  -3.0435e-18   0.00117153  8.63213e-19  -0.00664289  6.58041e-18    0.0147379  8.35884e-18   -0.0111887 -4.40066e-17   -0.0168118  2.57172e-17    0.0433765  8.15335e-18   -0.0212565  2.50698e-17   -0.0174204
-2.40977e-20  2.96721e-05   1.8041e-20 -0.000221302  1.01054e-18  0.000615665 -2.24827e-18  0.000117147 -2.72079e-18  -0.00551927  5.69873e-18    0.0152046  2.05806e-17   -0.0134371 -4.39637e-17   -0.0182297  8.15335e-18    0.0528696 -1.23661e-17    -0.031045 -1.61083e-17
-2.27163e-06 -4.53693e-20  4.54056e-05 -6.75026e-20  -0.00030684  1.03818e-18  0.000958225 -3.99136e-19 -0.000793679 -6.02392e-18   -0.0042857  4.02074e-18    0.0154434  1.79852e-17   -0.0158581 -9.76238e-18   -0.0212565 -1.23661e-17    0.0756455 -1.05427e-17   -0.0832986
 7.09803e-21 -1.28048e-06 -4.00479e-20  3.55974e-05 -1.61056e-19 -0.000280572  6.59924e-19   0.00101385  1.50474e-18  -0.00131999 -6.88501e-18  -0.00313245  3.94749e-18    0.0155443  -2.1067e-18    -0.018946  2.50698e-17    -0.031045 -1.05427e-17     0.145202  9.44402e-17
-2.77557e-07  8.10398e-21   2.4059e-06 -9.67119e-21  8.77829e-06 -1.63062e-19 -0.000164741  1.67219e-19  0.000764774  1.66792e-18  -0.00130796 -3.72278e-18  -0.00220614  2.71967e-18    0.0151679 -7.24447e-18   -0.0174204 -1.61083e-17   -0.0832986  9.44402e-17     0.301048
