  1.8843e-34  2.77071e-50 -1.23193e-34 -3.99988e-49  1.61857e-35  3.47348e-48 -1.83054e-35 -1.49989e-47    1.295e-35 -5.69578e-48  1.44866e-35   2.0744e-46 -1.82813e-35 -1.70961e-45 -2.36716e-36  2.31064e-45  7.05305e-36  6.43278e-45 -6.36668e-37 -2.64214e-46 -1.53527e-36  4.74432e-44  9.93569e-37 -8.05853e-44  9.71974e-38  4.78019e-43 -7.02107e-37 -9.05572e-43  7.55488e-37   1.8496e-42 -1.41012e-36 -1.69178e-42  5.96227e-36 -1.01432e-42  -2.7585e-35  3.28587e-42  1.17191e-34 -7.14186e-42 -4.51716e-34  2.24038e-42   1.5796e-33  1.51001e-42 -5.01096e-33 -8.39864e-42  1.44103e-32  1.80848e-41 -3.75157e-32 -4.71845e-41  8.82332e-32  1.44225e-40 -1.86924e-31 -4.20752e-40  3.55306e-31  1.16373e-39 -6.02781e-31  -3.0016e-39  9.06286e-31  7.21069e-39 -1.19592e-30  -1.6114e-38  1.36594e-30  3.34816e-38 -1.32203e-30  -6.4642e-38   1.0458e-30   1.1587e-37 -6.27769e-31 -1.92638e-37  2.27632e-31  2.96708e-37  2.20494e-32 -4.22831e-37 -9.36677e-32  5.56715e-37   5.8033e-32 -6.76158e-37  -7.5732e-33  7.56275e-37 -1.21049e-32 -7.77543e-37  7.55809e-33  7.33275e-37 -1.43809e-34 -6.32675e-37 -1.51616e-33  4.97638e-37  3.45143e-34 -3.54868e-37  2.74316e-34   2.2728e-37 -1.50616e-34 -1.28501e-37  6.94982e-36  6.19374e-38  2.63761e-36 -2.33666e-38  7.62562e-36  4.87576e-39 -4.11111e-36  1.68763e-39  6.25286e-37 -2.63207e-39 -7.91565e-38  1.77987e-39  6.20056e-38 -8.56735e-40 -1.32177e-38  3.16605e-40 -4.23019e-40 -9.03181e-41 -1.02616e-40  1.93083e-41  1.57464e-40 -2.86133e-42 -3.39957e-41  2.29655e-43   6.5631e-42  6.17264e-45 -1.00822e-42 -3.94567e-45  7.09217e-44  4.40537e-46 -1.68386e-45 -2.17582e-47 -2.22252e-47  3.56892e-49
 2.77071e-50  3.10426e-34  4.57568e-49  -1.4339e-34 -5.38128e-48 -1.47913e-35  4.97098e-47  5.28269e-36 -1.89125e-46  1.71195e-35 -1.35601e-46  2.79319e-35  2.49426e-45 -3.29397e-35 -1.51898e-44  -6.9345e-36  2.15818e-44  1.41273e-35  3.50958e-44 -3.12208e-36   2.3058e-44 -2.38153e-36  3.58878e-43  2.49958e-36 -5.84043e-43   7.7448e-37  3.62492e-42 -3.56367e-36 -6.73332e-42  9.51722e-36  1.33822e-41 -4.25412e-35 -1.10423e-41   2.0559e-34 -7.87975e-42 -9.17189e-34  2.23245e-41  3.71406e-33 -4.16353e-41 -1.36453e-32   8.1523e-42  4.54889e-32  2.19234e-41 -1.37539e-31 -8.94761e-41  3.76777e-31  2.46604e-40 -9.33555e-31 -7.48363e-40  2.08695e-30  2.28745e-39 -4.19496e-30 -6.56225e-39  7.54758e-30  1.76109e-38 -1.20811e-29 -4.40104e-38  1.70622e-29  1.02359e-37 -2.10171e-29 -2.21417e-37  2.21987e-29  4.45181e-37 -1.95638e-29 -8.31309e-37    1.368e-29  1.44035e-36 -6.72261e-30 -2.31291e-36  1.27388e-30   3.4378e-36  1.27005e-30   -4.723e-36 -1.35803e-30  5.98849e-36   4.9578e-31 -6.99681e-36  1.08392e-31  7.52118e-36 -1.87166e-31 -7.42694e-36  5.28758e-32  6.72703e-36  2.33805e-32 -5.58024e-36 -1.72677e-32  4.23107e-36 -1.12086e-33 -2.92317e-36  3.79934e-33  1.82941e-36 -7.18361e-34 -1.02515e-36 -2.57425e-34  5.02538e-37 -9.44789e-36 -2.04929e-37  8.54278e-35  6.05004e-38 -2.19406e-35 -4.80601e-39 -3.68315e-38 -8.71214e-39 -6.13183e-37  7.41672e-39  4.68746e-37 -3.74374e-39 -1.63159e-38  1.37495e-39 -1.32847e-38 -3.78906e-40 -9.71515e-40  7.66311e-41  4.93105e-40 -1.05533e-41 -6.58893e-41  7.82774e-43  2.10242e-41  1.26541e-44 -2.89782e-42 -8.81196e-45  1.38342e-43  7.72123e-46 -2.63421e-45 -2.56549e-47 -2.34963e-47
-1.23193e-34  4.57568e-49  3.33493e-34  5.48716e-48 -1.38733e-34 -5.08223e-47 -5.19908e-35  4.52435e-46  2.08728e-35 -1.58768e-45  2.32314e-35 -1.03849e-45  4.97437e-35  1.84404e-44 -5.34708e-35 -9.26434e-44 -5.35834e-36  1.45403e-43  1.79492e-35  7.12209e-44  -7.7699e-36  3.20864e-43  -2.5124e-36  1.78272e-42  3.84966e-36 -2.78705e-42  7.23083e-36  1.87193e-41 -4.03745e-35 -3.47179e-41   2.0633e-34  6.68834e-41 -1.05055e-33 -4.95039e-41  4.92443e-33 -4.08647e-41 -2.09543e-32  1.02992e-40  8.08863e-32 -1.62376e-40 -2.83332e-31 -9.65865e-42  9.00459e-31  2.31853e-40 -2.59453e-30 -8.56618e-40  6.76833e-30  2.68829e-39 -1.59525e-29 -8.43146e-39  3.38715e-29  2.52174e-38 -6.45341e-29 -7.03926e-38   1.0975e-28  1.83155e-37 -1.65427e-28 -4.43588e-37  2.18861e-28  9.99546e-37 -2.50634e-28 -2.09418e-36  2.43204e-28  4.07643e-36 -1.92839e-28 -7.36524e-36  1.15933e-28  1.23378e-35 -4.19294e-29 -1.91365e-35   -4.422e-30  2.74424e-35   1.7711e-29 -3.63263e-35 -1.09546e-29  4.43133e-35   1.4124e-30  -4.9732e-35  2.31128e-30  5.12678e-35 -1.43197e-30 -4.84817e-35  6.55425e-33  4.20159e-35  3.10894e-31 -3.33514e-35 -7.95741e-32  2.42415e-35 -4.49998e-32 -1.61234e-35  2.37813e-32  9.78767e-36  2.16486e-33 -5.38332e-36 -2.36126e-33    2.638e-36 -7.10773e-34 -1.11178e-36  5.13677e-34  3.71911e-37 -2.31763e-35 -7.51113e-38 -1.15206e-35 -1.11474e-38 -7.04466e-36  1.96855e-38  1.79328e-36 -1.09333e-38  2.73851e-37  4.03018e-39 -4.45641e-38 -1.07153e-39   -7.934e-39  2.03344e-40  7.72597e-41 -2.55751e-41  -5.0941e-41  1.67579e-42  5.55844e-41  2.37674e-44 -4.79109e-42 -1.27887e-44  1.53311e-43  7.90711e-46 -3.41306e-45 -1.37195e-47
-3.99988e-49  -1.4339e-34  5.48716e-48  3.38458e-34   4.9512e-47 -1.30537e-34 -3.55676e-46 -9.04011e-35   3.1024e-45  2.92253e-35  -1.0386e-44  2.52038e-35 -3.50772e-45  8.52363e-35  1.01258e-43 -8.49836e-35 -4.53598e-43  1.16244e-35  8.04605e-43  1.30046e-35 -3.77303e-43  -1.2827e-35  2.52555e-42 -2.11987e-37  6.51031e-42 -1.22305e-35 -9.81956e-42  1.31826e-34  7.58323e-41 -7.85095e-34 -1.43093e-40  4.24619e-33  2.67033e-40   -2.094e-32 -1.76916e-40  9.36566e-32 -1.63013e-40 -3.79883e-31  3.64322e-40  1.39813e-30 -4.45915e-40 -4.66962e-30 -4.06575e-40  1.41468e-29  2.11063e-39 -3.88351e-29 -7.52862e-39  9.64341e-29  2.44591e-38 -2.16074e-28 -7.58792e-38  4.35379e-28  2.20718e-37 -7.85316e-28 -5.98232e-37  1.26034e-27  1.50998e-36 -1.78485e-27 -3.54707e-36  2.20477e-27  7.75051e-36 -2.33537e-27 -1.57408e-35  2.06392e-27  2.96864e-35 -1.44676e-27 -5.19308e-35  7.11743e-28  8.41484e-35 -1.33162e-28  -1.2611e-34 -1.37977e-28    1.745e-34  1.46911e-28 -2.22521e-34 -5.36038e-29  2.60998e-34 -1.19672e-29 -2.81037e-34  2.04979e-29  2.77328e-34 -5.72251e-30  -2.5047e-34 -2.69705e-30  2.06911e-34  2.00379e-30 -1.56408e-34  7.00899e-32  1.08355e-34 -3.90029e-31 -6.89445e-35  5.65516e-32  4.03376e-35  4.37017e-32 -2.16301e-35 -5.93893e-33  1.04969e-35 -6.93178e-33 -4.47979e-36   1.4904e-33  1.58604e-36  3.25881e-34 -4.03367e-37  -2.8557e-36  3.00821e-38 -4.38062e-35  3.64803e-38  1.00808e-36 -2.45855e-38  1.63216e-36    9.225e-39  5.48531e-38 -2.36276e-39 -1.90949e-38  4.16725e-40 -4.78633e-39  -4.6909e-41 -2.55273e-40   2.5732e-42  1.11335e-40  4.77586e-44 -3.92998e-42 -1.36257e-44  1.61838e-43  4.93731e-46 -2.73061e-45
 1.61857e-35 -5.38128e-48 -1.38733e-34   4.9512e-47  3.55456e-34  3.44637e-46 -1.33983e-34  -1.8935e-45 -1.35175e-34  1.72652e-44  3.69698e-35 -5.69822e-44  1.53207e-35  6.81074e-45  1.33482e-34  4.51804e-43  -1.2861e-34 -1.91849e-42  5.06751e-35  3.82657e-42 -5.06211e-36 -4.59112e-42 -2.06256e-35  1.45897e-41   5.1657e-35   1.7362e-41  -3.8307e-34 -2.54343e-41  2.50577e-33  2.54949e-40 -1.43974e-32 -4.99541e-40  7.47753e-32   9.0473e-40 -3.51669e-31 -5.39728e-40  1.49909e-30 -5.17989e-40  -5.7971e-30  9.72089e-40   2.0345e-29 -4.90458e-40 -6.47891e-29 -4.15378e-39  1.87076e-28  1.68588e-38 -4.89119e-28 -5.86546e-38  1.15554e-27  1.89169e-37 -2.45963e-27 -5.72994e-37  4.69844e-27  1.61958e-36 -8.01225e-27 -4.26387e-36  1.21114e-26  1.04517e-35  -1.6071e-26 -2.38405e-35  1.84605e-26  5.05705e-35 -1.79689e-26 -9.96653e-35  1.42909e-26  1.82293e-34 -8.61354e-27 -3.09025e-34  3.11487e-27  4.84764e-34   3.4745e-28 -7.02424e-34 -1.34394e-27  9.38266e-34  8.32082e-28 -1.15281e-33 -1.06646e-28  1.29984e-33 -1.77915e-28 -1.34191e-33  1.10305e-28  1.26572e-33 -4.10987e-32 -1.08909e-33 -2.47045e-29  8.54433e-34  6.56829e-30 -6.11941e-34  3.34164e-30  4.01499e-34 -1.75084e-30 -2.42707e-34 -2.61319e-31  1.35987e-34  2.39175e-31 -7.07294e-35  3.49165e-32  3.38256e-35   -3.307e-32 -1.44804e-35 -1.09538e-33   5.2727e-36   1.7986e-33 -1.47646e-36  4.16435e-34  2.27739e-37 -1.32839e-34  4.24478e-38 -2.18333e-35 -4.50239e-38  3.00144e-36  1.75384e-38  7.31827e-37 -4.31704e-39  4.38254e-38  6.99498e-40 -1.48476e-38  -6.8742e-41 -1.53088e-39  2.92378e-42  1.14043e-40  8.50087e-44 -6.25317e-43 -1.08075e-44   2.1945e-43  1.50615e-46
 3.47348e-48 -1.47913e-35 -5.08223e-47 -1.30537e-34  3.44637e-46  4.08562e-34  1.90218e-45 -1.57081e-34 -7.60494e-45 -1.82357e-34  8.17758e-44  5.04358e-35 -2.74766e-43 -1.23206e-35  1.68063e-43  1.85986e-34  1.74379e-42 -1.81786e-34  -7.3349e-42  1.12507e-34  1.59878e-41  -2.4876e-35 -2.75502e-41 -1.45111e-34  6.79523e-41  1.02877e-33  2.78957e-41 -6.96312e-33 -4.03495e-41  4.23109e-32  7.32344e-40 -2.31524e-31 -1.52512e-39  1.14544e-30  2.69259e-39 -5.13272e-30 -1.48315e-39  2.08573e-29 -1.23611e-39 -7.69122e-29  1.36462e-39  2.57406e-28  4.36456e-39 -7.81512e-28 -3.16644e-38  2.15026e-27  1.18097e-37 -5.35235e-27 -4.00597e-37  1.20232e-26  1.26486e-36 -2.42909e-26 -3.73071e-36  4.39381e-26   1.0256e-35 -7.07239e-26 -2.62608e-35  1.00467e-25  6.26034e-35 -1.24504e-25  -1.3886e-34  1.32319e-25  2.86343e-34 -1.17337e-25 -5.48355e-34  8.25224e-26  9.73946e-34 -4.07032e-26 -1.60188e-33  7.57141e-27  2.43533e-33  8.04816e-27 -3.41514e-33 -8.56965e-27  4.40722e-33  3.13595e-27 -5.22032e-33  7.08201e-28  5.65971e-33 -1.21467e-27 -5.60032e-33  3.40085e-28  5.04401e-33  1.63105e-28 -4.12629e-33 -1.22414e-28  3.06347e-33 -3.05457e-30 -2.06751e-33  2.31065e-29  1.27539e-33 -3.05084e-30 -7.26432e-34 -2.97497e-30  3.86945e-34  5.18811e-31 -1.94367e-34   3.7125e-31  9.14482e-35 -7.14562e-32 -3.91492e-35 -2.81285e-32  1.44739e-35  2.15725e-33 -4.24376e-36  2.49863e-33  8.06964e-37 -5.19747e-35  1.57297e-39 -9.85024e-35 -6.91201e-38 -6.48972e-36  2.87092e-38  1.64752e-36  -6.7641e-39   3.6604e-37  9.92663e-40 -7.73979e-39 -8.25265e-41  -3.5746e-39  2.38622e-42 -4.09871e-41  1.16275e-43 -1.64123e-42 -5.94785e-45  1.69896e-43
-1.83054e-35  4.97098e-47 -5.19908e-35 -3.55676e-46 -1.33983e-34  1.90218e-45  5.07904e-34  8.44246e-45 -2.08991e-34 -2.07085e-44 -2.20313e-34  3.42231e-43  7.61803e-35 -1.20248e-42 -5.62563e-35   1.2484e-42  2.28939e-34  6.14486e-42  -2.3855e-34  -2.6082e-41  1.66214e-34   5.9532e-41  2.09047e-34 -1.24178e-40  -2.4003e-33  2.67825e-40  1.71703e-32 -1.84111e-41 -1.09979e-31  2.16627e-41  6.34204e-31  1.82619e-39 -3.30212e-30 -4.15877e-39  1.55592e-29  7.21622e-39 -6.64495e-29 -3.92794e-39  2.57471e-28 -1.29864e-39 -9.05479e-28 -5.12862e-39  2.88985e-27  4.51998e-38 -8.36376e-27 -2.03239e-37  2.19211e-26  7.26332e-37 -5.19229e-26 -2.40207e-36  1.10823e-25   7.4024e-36 -2.12308e-25 -2.12769e-35  3.63149e-25  5.69908e-35 -5.50696e-25 -1.42191e-34  7.33191e-25  3.30277e-34 -8.45165e-25  -7.1366e-34   8.2567e-25  1.43311e-33 -6.59133e-25 -2.67117e-33  3.98735e-25  4.61432e-33 -1.44552e-25 -7.37432e-33 -1.66097e-26  1.08803e-32  6.33919e-26 -1.47853e-32 -3.94101e-26  1.84546e-32  5.08084e-27 -2.10932e-32  8.51799e-27  2.20031e-32 -5.31776e-27 -2.08728e-32   4.6373e-30  1.79426e-32  1.20913e-27  -1.3933e-32 -3.29117e-28  9.75701e-33 -1.60921e-28 -6.16994e-33  8.53118e-29  3.54807e-33  1.41474e-29 -1.88425e-33 -1.28489e-29  9.45342e-34  -1.3602e-30 -4.56707e-34  1.54134e-30  2.11697e-34  1.06194e-31 -9.08167e-35 -1.10244e-31  3.39354e-35 -1.75949e-32 -1.01769e-35  6.50143e-33  2.10816e-36    1.144e-33 -1.40715e-37 -1.39597e-34 -9.04444e-38 -4.63198e-35  4.14877e-38 -1.37957e-36 -9.29402e-39  8.43197e-37  1.21422e-39  5.58998e-38  -8.2033e-41 -2.31845e-39  1.19733e-42   -2.185e-40  1.13866e-43  -7.4305e-42 -1.70692e-45
-1.49989e-47  5.28269e-36  4.52435e-46 -9.04011e-35  -1.8935e-45 -1.57081e-34  8.44246e-45  6.59457e-34  2.97625e-44 -3.03673e-34 -1.29231e-44 -2.37232e-34  1.30638e-42  1.15882e-34 -4.87355e-42 -1.04439e-34  6.45807e-42  2.45979e-34  2.07057e-41 -2.46665e-34 -8.75427e-41 -2.88627e-34  1.99941e-40  4.85812e-33 -4.66546e-40 -3.78606e-32  9.19948e-40  2.56282e-31 -3.43224e-40 -1.55814e-30  4.54068e-40  8.54248e-30   3.9817e-39 -4.23409e-29 -1.02969e-38  1.90089e-28  1.78296e-38  -7.7398e-28  -1.0987e-38  2.86011e-27  8.00901e-39 -9.59343e-27 -5.91037e-38  2.91954e-26  2.87892e-37 -8.05293e-26 -1.13024e-36  2.00979e-25  3.92415e-36 -4.52728e-25 -1.26757e-35  9.17361e-25  3.81707e-35 -1.66452e-24 -1.07175e-34  2.68806e-24  2.80437e-34 -3.83177e-24 -6.83513e-34   4.7659e-24  1.55071e-33 -5.08457e-24 -3.27182e-33  4.52708e-24  6.41234e-33 -3.19727e-24 -1.16572e-32  1.58363e-24  1.96239e-32 -2.95122e-25 -3.05294e-32 -3.17435e-25  4.37902e-32  3.39535e-25 -5.77549e-32 -1.25127e-25  6.98247e-32 -2.81796e-26 -7.71087e-32  4.89409e-26  7.74717e-32 -1.38716e-26 -7.05051e-32 -6.62139e-27  5.78504e-32  5.05444e-27 -4.26023e-32  9.58626e-29  2.80617e-32 -9.51522e-28 -1.65306e-32  1.25866e-28  8.77279e-33  1.28207e-28 -4.28348e-33 -2.44285e-29  1.99759e-33 -1.49111e-29 -9.23956e-34  2.80846e-30  4.24303e-34  1.32411e-30 -1.83783e-34 -1.32659e-31  6.94798e-35 -1.02865e-31 -2.10591e-35  1.87417e-33  4.51447e-36   4.3729e-33 -4.39585e-37  3.29472e-34   -1.019e-37 -8.92676e-35  5.39453e-38 -1.49993e-35 -1.13736e-38  3.86857e-37  1.29648e-39  1.39019e-37 -6.77342e-41  5.34788e-39  6.41518e-44  -9.0053e-41  7.19489e-44 -6.64957e-42
   1.295e-35 -1.89125e-46  2.08728e-35   3.1024e-45 -1.35175e-34 -7.60494e-45 -2.08991e-34  2.97625e-44  8.73417e-34  7.68132e-44 -4.49453e-34  2.66881e-43 -2.25318e-34  4.66434e-42  1.61801e-34 -1.84693e-41 -1.33105e-34  2.67171e-41  1.50412e-34  6.86353e-41  6.58728e-34 -2.78607e-40 -9.01732e-33  6.12647e-40  7.53432e-32   -1.531e-39 -5.40431e-31  2.80847e-39  3.46747e-30 -1.58012e-39 -2.00293e-29  2.09865e-39  1.04477e-28  7.58399e-39  -4.9322e-28 -2.35098e-38  2.11065e-27  4.17179e-38 -8.19556e-27 -3.44971e-38  2.88874e-26  7.10658e-38 -9.24153e-26 -3.49461e-37  2.68144e-25  1.46774e-36 -7.04682e-25 -5.45423e-36  1.67387e-24  1.85392e-35 -3.58339e-24 -5.87292e-35  6.88667e-24  1.73473e-34 -1.18192e-23 -4.77707e-34   1.7987e-23  1.22582e-33  -2.4038e-23 -2.92929e-33    2.782e-23  6.51333e-33 -2.72936e-23 -1.34612e-32  2.18869e-23   2.5824e-32 -1.33043e-23 -4.59129e-32  4.84868e-24  7.55081e-32  5.59104e-25 -1.14614e-31 -2.15014e-24  1.60157e-31  1.34676e-24 -2.05408e-31 -1.77094e-25   2.4096e-31 -2.93052e-25 -2.57504e-31  1.85278e-25  2.49533e-31  -8.1638e-28 -2.18108e-31 -4.24827e-26  1.70933e-31   1.1863e-26 -1.19347e-31  5.63512e-27  7.37917e-32 -3.06388e-27 -4.02664e-32 -5.07647e-28  1.94884e-32  4.77849e-28 -8.57912e-33  4.30933e-29   3.6421e-33 -5.53718e-29  -1.6032e-33 -4.31665e-30  7.38751e-34  4.37785e-30    -3.28e-34  5.85429e-31   1.2618e-34 -2.39907e-31 -3.84213e-35 -4.40822e-32  8.29668e-36  5.49564e-33 -9.20494e-37   1.8782e-33  -9.9517e-38  2.79679e-35  6.40397e-38 -3.13684e-35   -1.253e-38 -2.20297e-36  1.21954e-39  7.30352e-38 -4.67714e-41  1.15055e-38 -4.03975e-43  2.20427e-40  2.07044e-44
-5.69578e-48  1.71195e-35 -1.58768e-45  2.92253e-35  1.72652e-44 -1.82357e-34 -2.07085e-44 -3.03673e-34  7.68132e-44  1.14899e-33  8.58253e-44 -6.41184e-34  2.13471e-42 -1.81325e-34  1.58149e-41    1.896e-34 -6.55694e-41 -4.66401e-36  9.33637e-41 -1.43254e-33  2.24414e-40  1.56555e-32 -8.39664e-40  -1.3672e-31  1.73203e-39  1.03883e-30 -4.50718e-39 -7.04102e-30  7.72692e-39  4.28826e-29 -5.17847e-39  -2.3553e-28  6.94792e-39  1.16964e-27  1.24329e-38 -5.26178e-27 -5.01462e-38  2.14704e-26  9.44223e-38 -7.95213e-26 -1.13769e-37  2.67378e-25  3.50123e-37 -8.15793e-25 -1.55054e-36  2.25631e-24  6.17804e-36 -5.64737e-24 -2.24384e-35  1.27602e-23  7.53843e-35 -2.59396e-23 -2.36062e-34  4.72279e-23  6.88967e-34 -7.65467e-23 -1.87351e-33  1.09538e-22  4.74408e-33 -1.36802e-22 -1.11781e-32   1.4659e-22   2.4484e-32 -1.31134e-22  -4.9794e-32  9.30901e-23  9.38901e-32 -4.63797e-23 -1.63855e-31  8.72976e-24  2.64125e-31   9.3647e-24 -3.92313e-31 -1.01093e-23   5.3545e-31  3.76869e-24 -6.69355e-31  8.32516e-25  7.63473e-31 -1.48229e-24 -7.91033e-31  4.28673e-25  7.40582e-31  2.00491e-25 -6.22623e-31 -1.56926e-25  4.66603e-31 -1.94162e-27 -3.09026e-31   2.9661e-26  1.79143e-31 -4.10336e-27 -9.00923e-32  -4.0677e-27  3.92204e-32   8.2455e-28 -1.51245e-32  4.66616e-28     5.63e-33 -9.09229e-29 -2.33502e-33 -4.39824e-29  1.11072e-33  5.03195e-30 -5.19792e-34  3.30424e-30  2.05645e-34 -6.53601e-32 -6.27381e-35 -1.49433e-31  1.34254e-35 -1.07574e-32 -1.55192e-36  3.25158e-33 -8.47279e-38  4.83593e-34  7.01185e-38 -1.23112e-35 -1.25171e-38  -4.9397e-36  1.02028e-39 -2.02845e-37  -2.8193e-41  5.13553e-39 -2.06345e-43   2.1611e-40
 1.44866e-35 -1.35601e-46  2.32314e-35  -1.0386e-44  3.69698e-35  8.17758e-44 -2.20313e-34 -1.29231e-44 -4.49453e-34  8.58253e-44  1.46635e-33  -5.0106e-43 -8.63897e-34  1.10689e-41  -9.3491e-35  5.11017e-41  1.13851e-35 -2.17576e-40  2.29881e-33   2.8367e-40 -2.49857e-32  7.11971e-40  2.27629e-31  -2.3888e-39  -1.8308e-30  4.56626e-39  1.31202e-29 -1.21112e-38 -8.43205e-29  1.93581e-38  4.87953e-28 -1.38734e-38 -2.55018e-27  1.91618e-38  1.20637e-26  1.61798e-38  -5.1737e-26 -9.84259e-38  2.01356e-25  1.97967e-37  -7.1147e-25 -3.15454e-37  2.28201e-24  1.15987e-36 -6.63953e-24   -5.091e-36  1.74996e-23  2.03271e-35 -4.16965e-23  -7.4484e-35  8.95566e-23  2.52626e-34 -1.72713e-22 -7.96234e-34  2.97516e-22  2.33219e-33  -4.5456e-22 -6.34716e-33  6.10036e-22  1.60442e-32 -7.09194e-22 -3.76457e-32  6.99158e-22  8.19204e-32 -5.63644e-22 -1.65143e-31  3.44698e-22  3.07966e-31 -1.26659e-22 -5.30366e-31 -1.42565e-23  8.41751e-31  5.64885e-23 -1.22819e-30 -3.57745e-23  1.64273e-30  4.86745e-24 -2.00726e-30  7.80035e-24  2.23162e-30 -5.02326e-24 -2.24657e-30  5.30901e-26  2.03597e-30  1.15661e-24 -1.64926e-30  -3.3363e-25  1.18371e-30 -1.52954e-25 -7.44441e-31  8.62398e-26  4.04545e-31   1.3668e-26 -1.86736e-31 -1.36706e-26    7.198e-32 -1.08822e-27 -2.32428e-32  1.58424e-27  6.99345e-33  1.18842e-28 -2.66956e-33 -1.30837e-28   1.4105e-33 -1.57454e-29  -7.3385e-34  7.10917e-30  3.03528e-34  1.30087e-30  -9.2714e-35 -1.75944e-31  1.94472e-35 -5.68057e-32 -2.24018e-36 -4.43151e-34 -6.33626e-38  9.47698e-34  7.12465e-38  6.91016e-35 -1.14046e-38 -2.52422e-36  7.71799e-40 -3.79301e-37 -1.70529e-41 -5.94324e-39  1.14258e-43
  2.0744e-46  2.79319e-35 -1.03849e-45  2.52038e-35 -5.69822e-44  5.04358e-35  3.42231e-43 -2.37232e-34  2.66881e-43 -6.41184e-34  -5.0106e-43  1.79809e-33 -4.47462e-42 -1.11514e-33   4.6743e-41  2.53441e-34  1.56468e-40 -3.08402e-33 -6.72604e-40  3.60537e-32  7.62968e-40 -3.48597e-31  2.14612e-39  2.97102e-30 -6.39645e-39 -2.25348e-29  1.13311e-38  1.52963e-28 -3.00596e-38 -9.33304e-28  4.45399e-38  5.13608e-27 -3.20867e-38 -2.55586e-26  4.77184e-38   1.1523e-25  5.18846e-39 -4.71286e-25 -1.46077e-37  1.74985e-24  2.51115e-37 -5.89903e-24 -2.50757e-37  1.80486e-23  1.31803e-36  -5.0066e-23 -8.04797e-36  1.25705e-22  3.89816e-35 -2.84974e-22 -1.62666e-34  5.81361e-22  6.05243e-34 -1.06246e-21 -2.03982e-33  1.72894e-21  6.27326e-33  -2.4847e-21 -1.76851e-32  3.11741e-21  4.58268e-32 -3.35704e-21  -1.0932e-31  3.01939e-21  2.40231e-31 -2.15658e-21 -4.86291e-31  1.08269e-21  9.06221e-31 -2.07565e-22 -1.55291e-30 -2.18723e-22  2.44296e-30  2.39492e-22  -3.5205e-30 -9.07367e-23  4.63472e-30 -1.93002e-23 -5.55541e-30  3.57229e-23  6.03802e-30   -1.062e-23 -5.92062e-30 -4.79711e-24  5.20499e-30  3.88491e-24 -4.07039e-30  1.45975e-26  2.80283e-30 -7.37351e-25 -1.67649e-30  1.09073e-25  8.54677e-31  1.01994e-25  -3.6113e-31 -2.20366e-26  1.21131e-31 -1.17341e-26 -3.02974e-32  2.43465e-27  5.71066e-33  1.13852e-27 -1.80213e-33 -1.45232e-28  1.41857e-33 -8.60081e-29 -9.22723e-34  2.21446e-30  4.08747e-34  4.06723e-30 -1.25076e-34    2.669e-31  2.55193e-35 -9.17465e-32 -2.85486e-36 -1.28761e-32 -4.23682e-38  3.66918e-34  6.74707e-38  1.41994e-34  -9.5577e-39  5.46562e-36   5.4502e-40 -1.67244e-37  -1.1923e-41 -5.93367e-39
-1.82813e-35  2.49426e-45  4.97437e-35 -3.50772e-45  1.53207e-35 -2.74766e-43  7.61803e-35  1.30638e-42 -2.25318e-34  2.13471e-42 -8.63897e-34 -4.47462e-42  2.13906e-33 -2.29723e-41 -1.63177e-33  1.72352e-40  4.18434e-33  4.49404e-40 -4.76565e-32 -1.93204e-39  4.91659e-31  1.84061e-39 -4.45392e-30  6.04729e-39  3.58002e-29 -1.60875e-38 -2.56924e-28  2.66568e-38  1.65419e-27 -6.95144e-38 -9.59132e-27  9.50342e-38  5.02312e-26 -6.75741e-38 -2.38146e-25  1.20902e-37  1.02372e-24  -1.1182e-37 -3.99417e-24  1.42504e-37  1.41503e-23 -1.11493e-36 -4.55143e-23  5.20974e-36   1.3282e-22 -1.66888e-35 -3.51179e-22  4.41816e-35  8.39578e-22 -9.25386e-35 -1.80973e-21  1.07184e-34  3.50344e-21  2.46179e-34 -6.05958e-21 -2.27074e-33   9.2984e-21  1.00308e-32  -1.2537e-20  -3.4316e-32  1.46483e-20  1.00027e-31 -1.45206e-20 -2.57372e-31  1.17783e-20  5.94278e-31 -7.25611e-21 -1.24185e-30  2.69641e-21  2.35886e-30  2.87145e-22 -4.08073e-30 -1.20258e-21  6.43184e-30  7.72933e-22 -9.22855e-30 -1.10322e-22  1.20319e-29 -1.68005e-22 -1.42141e-29  1.10869e-22  1.51578e-29 -2.14261e-24 -1.45187e-29 -2.55398e-23  1.24107e-29   7.6728e-24 -9.38818e-30  3.35423e-24   6.2138e-30 -1.98262e-24 -3.54142e-30 -2.91964e-25  1.69635e-30  3.17555e-25 -6.55423e-31  2.18112e-26  1.87803e-31 -3.71798e-26 -3.10047e-32 -2.47989e-27 -1.31385e-33  3.15403e-27  1.32888e-33  3.45779e-28  8.72859e-34 -1.74466e-28 -1.02824e-33 -3.07107e-29  5.05456e-34  4.61389e-30 -1.55154e-34   1.3865e-30  3.06273e-35  2.74366e-33 -3.27413e-36 -2.39882e-32  -2.7204e-38 -1.71063e-33  6.00216e-38  7.31664e-35 -7.49264e-39   9.7882e-36  3.73874e-40  1.40067e-37 -7.75289e-42
-1.70961e-45 -3.29397e-35  1.84404e-44  8.52363e-35  6.81074e-45 -1.23206e-35 -1.20248e-42  1.15882e-34  4.66434e-42 -1.81325e-34  1.10689e-41 -1.11514e-33 -2.29723e-41  2.74255e-33 -9.45096e-41 -6.17403e-33  5.72822e-40  5.85703e-32  1.19782e-39  -6.4087e-31 -5.14964e-39   6.1829e-30  4.03188e-39 -5.27501e-29  1.57725e-38  4.00712e-28 -3.79585e-38 -2.72493e-27   5.9748e-38  1.66588e-26 -1.50981e-37 -9.18673e-26  1.91645e-37  4.58175e-25 -1.46751e-37 -2.07056e-24  3.78054e-37  8.48976e-24 -9.27521e-37  -3.1606e-23  3.22051e-36  1.06851e-22 -1.36657e-35 -3.27906e-22  5.20416e-35  9.12511e-22 -1.75315e-34 -2.29891e-21  5.36494e-34  5.23055e-21 -1.48957e-33 -1.07118e-20  3.70632e-33  1.96568e-20   -8.069e-33 -3.21283e-20   1.4564e-32  4.63905e-20  -1.8355e-32 -5.85002e-20 -2.30355e-34  6.33475e-20  9.58251e-32 -5.73283e-20 -3.89837e-31  4.12405e-20  1.10648e-30 -2.09014e-20 -2.58899e-30  4.11573e-21  5.25515e-30  4.19389e-21 -9.45298e-30 -4.68293e-21  1.52195e-29   1.8118e-21 -2.20298e-29  3.63342e-22  2.87046e-29 -7.10539e-22 -3.36384e-29  2.18746e-22  3.53597e-29  9.40271e-23 -3.31966e-29 -7.95844e-23  2.76621e-29  5.84587e-25 -2.02827e-29  1.51398e-23  1.29273e-29 -2.43054e-24 -7.03326e-30 -2.10398e-24  3.17181e-30  4.89029e-25 -1.12133e-30  2.43708e-25  2.69421e-31 -5.48056e-26 -1.76757e-32 -2.41346e-26 -1.76477e-32  3.44473e-27  7.71136e-33  1.86067e-27  -4.2736e-34 -6.52531e-29 -1.00367e-33 -9.13383e-29  5.77643e-34 -5.32912e-30 -1.78201e-34  2.14298e-30  3.39137e-35  2.85886e-31  -3.4246e-36 -9.88342e-33 -2.18858e-38  -3.3506e-33  5.11095e-38  -1.1927e-34 -5.63693e-39   4.2739e-36  2.46382e-40  1.39336e-37
-2.36716e-36 -1.51898e-44 -5.34708e-35  1.01258e-43  1.33482e-34  1.68063e-43 -5.62563e-35 -4.87355e-42  1.61801e-34  1.58149e-41  -9.3491e-35   4.6743e-41 -1.63177e-33 -9.45096e-41   7.5349e-33 -3.38325e-40 -6.74101e-32  1.74559e-39  7.74106e-31  2.93306e-39  -7.9646e-30 -1.27323e-38  7.22427e-29  8.14518e-39 -5.81656e-28  3.78792e-38  4.18198e-27 -8.39995e-38 -2.69785e-26  1.28133e-37  1.56756e-25 -3.11728e-37 -8.22794e-25  3.84058e-37  3.91015e-24 -4.17187e-37 -1.68511e-23  1.58788e-36  6.59236e-23 -5.84363e-36 -2.34218e-22  2.31687e-35  7.55649e-22 -9.19176e-35 -2.21226e-21  3.36166e-34  5.86938e-21  -1.1281e-33 -1.40835e-20  3.49149e-33  3.04755e-20 -9.95463e-33 -5.92428e-20  2.60409e-32  1.02923e-19  -6.2105e-32 -1.58689e-19  1.33627e-31  2.15061e-19 -2.54668e-31 -2.52686e-19  4.14207e-31  2.52033e-19 -5.21914e-31 -2.05879e-19  3.16602e-31  1.27938e-19  7.42277e-31 -4.82307e-20 -3.53028e-30 -4.67909e-21  9.14312e-30  2.13816e-20 -1.85048e-29 -1.40021e-20  3.17219e-29  2.12303e-21 -4.74456e-29  3.01684e-21  6.27012e-29 -2.05333e-21 -7.35776e-29  6.31133e-23  7.67112e-29  4.71432e-22 -7.08812e-29 -1.48768e-22    5.774e-29 -6.11381e-23 -4.11203e-29  3.83267e-23  2.52789e-29  5.09213e-24 -1.31513e-29 -6.18785e-24  5.59581e-30  -3.4543e-25 -1.81392e-30  7.33933e-25  3.59175e-31  4.05193e-26  1.79738e-32 -6.36976e-26 -4.59706e-32 -6.26118e-27  1.77294e-32  3.62371e-27 -2.48979e-33  5.99811e-28 -8.38971e-34 -1.01866e-28  6.15028e-34 -2.83542e-29 -1.91028e-34  1.39848e-31  3.49612e-35  5.15115e-31 -3.29325e-36    3.475e-32 -3.03478e-38  -1.7614e-33  4.29555e-38 -2.11445e-34  -4.1196e-39 -2.81874e-36  1.31606e-40
 2.31064e-45  -6.9345e-36 -9.26434e-44 -8.49836e-35  4.51804e-43  1.85986e-34   1.2484e-42 -1.04439e-34 -1.84693e-41    1.896e-34  5.11017e-41  2.53441e-34  1.72352e-40 -6.17403e-33 -3.38325e-40  7.12718e-32 -1.08971e-39 -8.67733e-31  4.92536e-39   9.5349e-30  6.52966e-39 -9.21127e-29 -2.92149e-38  7.87209e-28  1.55429e-38 -5.99107e-27  8.35432e-38  4.08214e-26 -1.74594e-37 -2.50088e-25  2.65149e-37  1.38225e-24 -6.29207e-37 -6.91026e-24  8.59681e-37   3.1308e-23 -1.70039e-36 -1.28717e-22   7.7184e-36  4.80574e-22 -3.20096e-35 -1.62966e-21  1.28938e-34   5.0174e-21 -4.94157e-34  -1.4011e-20  1.75837e-33  3.54286e-20 -5.80098e-33  -8.0925e-20  1.77594e-32  1.66424e-19 -5.03976e-32  -3.0677e-19  1.32264e-31  5.03818e-19 -3.19898e-31 -7.31245e-19  7.09433e-31  9.27322e-19 -1.43167e-30 -1.01038e-18  2.59773e-30  9.20747e-19 -4.15054e-30 -6.67838e-19  5.59628e-30   3.4234e-19 -5.67181e-30 -6.98028e-20  2.15108e-30 -6.76845e-20  7.87249e-30  7.75283e-20 -2.69408e-29  -3.0779e-20  5.55254e-29 -5.67666e-21 -9.04184e-29  1.19635e-20  1.24445e-28 -3.84172e-21 -1.48396e-28 -1.54668e-21  1.54783e-28  1.38385e-21 -1.41497e-28 -2.92481e-23   1.1304e-28 -2.63197e-22 -7.83466e-29  4.63973e-23  4.65204e-29   3.6642e-23 -2.31729e-29 -9.26324e-24  9.32071e-30 -4.27293e-24 -2.77886e-30  1.05644e-24   4.4716e-31  4.31133e-25  8.12863e-32 -6.95935e-26 -8.61843e-32 -3.41394e-26  3.06054e-32  1.61336e-27 -5.02559e-33  1.73922e-27 -5.78433e-34  8.69362e-29  6.18197e-34 -4.27428e-29  -1.9323e-34 -5.36546e-30  3.38747e-35  2.30817e-31 -2.90898e-36  6.68826e-32 -5.55149e-38  2.18756e-33  3.63686e-38 -9.29049e-35  -2.7786e-39 -2.82127e-36
 7.05305e-36  2.15818e-44 -5.35834e-36 -4.53598e-43  -1.2861e-34  1.74379e-42  2.28939e-34  6.45807e-42 -1.33105e-34 -6.55694e-41  1.13851e-35  1.56468e-40  4.18434e-33  5.72822e-40 -6.74101e-32 -1.08971e-39  9.02017e-31 -3.21036e-39  -1.0619e-29  1.29416e-38   1.0948e-28  1.30331e-38 -9.94748e-28 -6.22682e-38  8.02405e-27  2.90396e-38  -5.7806e-26   1.6906e-37  3.73706e-25 -3.43097e-37 -2.17629e-24  5.42849e-37  1.14506e-23 -1.32859e-36 -5.45556e-23  2.49469e-36  2.35753e-22 -8.11431e-36 -9.24962e-22    3.737e-35  3.29641e-21 -1.56483e-34 -1.06699e-20   6.1793e-34  3.13465e-20 -2.29183e-33 -8.34752e-20  7.92592e-33  2.01091e-19 -2.55512e-32 -4.36986e-19  7.67765e-32  8.53319e-19 -2.14794e-31 -1.48967e-18  5.58404e-31  2.30879e-18 -1.34526e-30 -3.14668e-18  2.99201e-30  3.72009e-18 -6.11243e-30 -3.73609e-18  1.13894e-29   3.0763e-18 -1.91578e-29 -1.93103e-18  2.86119e-29  7.40834e-19 -3.68009e-29  6.23025e-20  3.80023e-29 -3.24397e-19 -2.44274e-29   2.1735e-19 -1.09968e-29 -3.53899e-20  7.01639e-29 -4.61286e-20 -1.45788e-28   3.2607e-20  2.21024e-28 -1.46347e-21 -2.74656e-28 -7.43112e-21  2.90264e-28  2.48426e-21 -2.64315e-28  9.44731e-22  2.07849e-28 -6.36317e-22 -1.40472e-28 -7.35036e-23  8.06459e-29  1.03395e-22 -3.84926e-29  4.18823e-24  1.46561e-29 -1.24303e-23 -4.03316e-30 -5.10756e-25  5.23564e-31   1.1034e-24  1.70043e-31  9.40889e-26 -1.33624e-31 -6.48488e-26  4.40707e-32 -9.90733e-27 -7.42987e-33  1.93775e-27 -3.22987e-34  4.96186e-28  6.00792e-34 -6.75766e-30 -1.87305e-34 -9.52386e-30  3.11073e-35 -5.95539e-31 -2.31635e-36  3.62787e-32 -9.43533e-38  3.93244e-33  3.00736e-38  4.79269e-35 -1.44163e-39
 6.43278e-45  1.41273e-35  1.45403e-43  1.16244e-35 -1.91849e-42 -1.81786e-34  6.14486e-42  2.45979e-34  2.67171e-41 -4.66401e-36 -2.17576e-40 -3.08402e-33  4.49404e-40  5.85703e-32  1.74559e-39 -8.67733e-31 -3.21036e-39  1.10071e-29 -8.72769e-39 -1.21396e-28  3.17738e-38  1.17487e-27  2.27539e-38 -1.00594e-26  -1.2341e-37  7.67101e-26  5.53097e-38 -5.23793e-25  3.14905e-37  3.21625e-24 -6.52172e-37 -1.78193e-23  1.17602e-36  8.93129e-23 -3.32054e-36 -4.05753e-22  9.47237e-36  1.67304e-21 -3.86594e-35 -6.26575e-21  1.70938e-34  2.13177e-20 -6.94472e-34 -6.58635e-20  2.64456e-33  1.84611e-19 -9.44638e-33 -4.68674e-19  3.16066e-32  1.07509e-18 -9.90831e-32 -2.22101e-18  2.90921e-31  4.11398e-18 -7.98992e-31 -6.79199e-18  2.04819e-30  9.91392e-18 -4.88644e-30 -1.26501e-17  1.08095e-29  1.38777e-17  -2.2072e-29 -1.27451e-17  4.13656e-29  9.33128e-18 -7.06326e-29 -4.84739e-18  1.08769e-28  1.03121e-18 -1.48704e-28   9.3602e-19   1.7558e-28 -1.10711e-18 -1.68619e-28  4.53209e-19  1.08543e-28  7.45451e-20  1.09331e-29 -1.73685e-19 -1.73433e-28  5.85894e-20  3.39939e-28  2.17092e-20 -4.62318e-28 -2.08056e-20  5.05036e-28  7.85391e-22 -4.62321e-28   3.9446e-21  3.59415e-28 -7.71128e-22 -2.37308e-28 -5.48497e-22  1.31805e-28  1.52534e-22 -6.02877e-29  6.42955e-23  2.17428e-29 -1.77159e-23 -5.54332e-30  -6.6107e-24  5.84065e-31  1.22168e-24   2.7012e-31  5.39874e-25 -1.78185e-31 -3.37117e-26  5.44817e-32 -2.86255e-26  -8.8679e-33 -1.14964e-27 -2.15487e-34  7.41142e-28  5.86962e-34  8.63512e-29 -1.77307e-34 -4.66141e-30  2.71404e-35 -1.15487e-30 -1.57133e-36 -3.41033e-32 -1.32801e-37  1.76696e-33  2.19495e-38   4.9629e-35
-6.36668e-37  3.50958e-44  1.79492e-35  8.04605e-43  5.06751e-35  -7.3349e-42  -2.3855e-34  2.07057e-41  1.50412e-34  9.33637e-41  2.29881e-33 -6.72604e-40 -4.76565e-32  1.19782e-39  7.74106e-31  4.92536e-39  -1.0619e-29 -8.72769e-39  1.25643e-28 -2.20055e-38 -1.29788e-27  7.30475e-38  1.18149e-26  3.28135e-38 -9.54945e-26 -2.27557e-37   6.8942e-25  1.09024e-37 -4.46713e-24  5.51871e-37  2.60776e-23 -1.28967e-36 -1.37561e-22  3.07656e-36  6.57206e-22 -1.09461e-35 -2.84831e-21  4.16417e-35    1.121e-20 -1.77764e-34  -4.0083e-20  7.40412e-34    1.302e-19 -2.85845e-33 -3.83947e-19    1.035e-32  1.02655e-18 -3.52579e-32 -2.48354e-18  1.13168e-31  5.42162e-18  -3.4262e-31 -1.06389e-17   9.7816e-31  1.86707e-17 -2.62904e-30  -2.9102e-17  6.63325e-30  3.99091e-17 -1.56507e-29 -4.75032e-17  3.43761e-29  4.80729e-17 -6.99333e-29 -3.99379e-17  1.31024e-28  2.53596e-17 -2.24599e-28 -9.93226e-18  3.49426e-28 -6.73197e-19 -4.88063e-28  4.26714e-18  6.02062e-28 -2.93809e-18 -6.37293e-28  5.18366e-19  5.43504e-28  6.09913e-19  -3.0317e-28 -4.51174e-19 -4.61959e-29  2.79011e-20  4.14929e-28  1.01606e-19 -6.95574e-28 -3.62907e-20  8.12705e-28 -1.25467e-20 -7.57594e-28  9.21692e-21  5.85286e-28  8.78191e-22 -3.78212e-28 -1.50516e-21  2.03249e-28 -3.38586e-23 -8.90339e-29  1.83396e-22  3.04102e-29  4.46643e-24 -7.21211e-30 -1.66616e-23  6.37757e-31 -1.16942e-24  3.52955e-31  1.01443e-24 -2.04973e-31  1.40243e-25  5.74157e-32 -3.22743e-26  -8.4406e-33 -7.53679e-27 -4.11642e-34  1.84215e-28  6.03206e-34  1.53784e-28 -1.66501e-34  8.73962e-30  2.22608e-35 -6.53232e-31 -7.66748e-37 -6.38994e-32 -1.48566e-37  -6.8674e-34  1.16263e-38
-2.64214e-46 -3.12208e-36  7.12209e-44  1.30046e-35  3.82657e-42  1.12507e-34  -2.6082e-41 -2.46665e-34  6.86353e-41 -1.43254e-33   2.8367e-40  3.60537e-32 -1.93204e-39  -6.4087e-31  2.93306e-39   9.5349e-30  1.29416e-38 -1.21396e-28 -2.20055e-38  1.34161e-27 -5.16107e-38 -1.30088e-26  1.57492e-37  1.11607e-25  3.20071e-38 -8.52902e-25 -3.89313e-37  5.83708e-24  2.09466e-37 -3.59287e-23  1.00742e-36  1.99574e-22 -3.17162e-36 -1.00306e-21  1.10095e-35  4.57033e-21 -4.66009e-35 -1.89038e-20  1.95631e-34   7.1033e-20 -8.06544e-34 -2.42531e-19  3.12602e-33   7.5216e-19 -1.12657e-32 -2.11676e-18  3.81051e-32  5.39697e-18 -1.21695e-31 -1.24371e-17  3.68796e-31  2.58202e-17 -1.06426e-30   -4.808e-17  2.92759e-30   7.9831e-17 -7.66318e-30 -1.17247e-16  1.90061e-29  1.50622e-16 -4.44002e-29 -1.66485e-16  9.70411e-29  1.54223e-16 -1.97061e-28 -1.14108e-16  3.69274e-28  6.01899e-17 -6.34157e-28 -1.34505e-17   9.9062e-28 -1.12384e-17 -1.39514e-27  1.38298e-17  1.75036e-27 -5.86603e-18 -1.92056e-27 -8.26303e-19  1.78207e-27  2.20454e-18 -1.29308e-27 -7.86611e-19  5.41946e-28 -2.62936e-19  2.67532e-28  2.74232e-19 -9.00899e-28 -1.57207e-20  1.20296e-27 -5.16568e-20 -1.16356e-27  1.12947e-20   8.9893e-28  7.14834e-21 -5.69455e-28 -2.21227e-21  2.95958e-28 -8.40259e-22 -1.23996e-28  2.61691e-22  4.00801e-29  8.80951e-23 -8.89196e-30 -1.88796e-23  7.18456e-31 -7.44918e-24  3.75786e-31  6.04673e-25  -1.9646e-31  4.12824e-25   4.8566e-32  1.17941e-26 -5.37541e-33 -1.13147e-26 -1.03936e-33 -1.20507e-27  6.65881e-34   8.2232e-29  -1.5529e-34  1.75064e-29  1.66376e-35  4.52349e-31 -5.29546e-38 -2.97359e-32 -1.25456e-37 -7.65846e-34
-1.53527e-36   2.3058e-44  -7.7699e-36 -3.77303e-43 -5.06211e-36  1.59878e-41  1.66214e-34 -8.75427e-41  6.58728e-34  2.24414e-40 -2.49857e-32  7.62968e-40  4.91659e-31 -5.14964e-39  -7.9646e-30  6.52966e-39   1.0948e-28  3.17738e-38 -1.29788e-27 -5.16107e-38  1.34325e-26 -1.12802e-37 -1.22525e-25  3.18932e-37  9.92437e-25 -8.93385e-39 -7.18125e-24 -6.04949e-37  4.66447e-23  2.90256e-37 -2.73003e-22  2.57449e-36   1.4441e-21  -1.1759e-35  -6.9196e-21   5.2286e-35  3.00836e-20 -2.32525e-34 -1.18795e-19  9.66758e-34  4.26283e-19   -3.745e-33 -1.38994e-18  1.34109e-32  4.11541e-18  -4.4463e-32 -1.10508e-17  1.37687e-31  2.68589e-17 -4.02014e-31 -5.89238e-17   1.1186e-30  1.16241e-16 -2.99667e-30 -2.05163e-16   7.7824e-30  3.21769e-16 -1.96088e-29 -4.44241e-16  4.76595e-29  5.32724e-16 -1.10588e-28 -5.43665e-16  2.42053e-28  4.56168e-16  -4.9412e-28  -2.9344e-16  9.31588e-28   1.1769e-16 -1.60862e-27  5.66803e-18  2.52462e-27 -4.92591e-17 -3.57266e-27  3.50193e-17  4.51489e-27 -6.74207e-18 -5.02637e-27 -7.05335e-18  4.82101e-27  5.50658e-18 -3.81278e-27 -4.49894e-19  2.21284e-27 -1.21929e-18 -4.75048e-28  4.69265e-19 -9.05117e-28  1.44487e-19  1.62225e-27 -1.17875e-19 -1.67571e-27 -8.50579e-21   1.3045e-27  1.93168e-20  -8.1128e-28  3.03655e-23  4.07375e-28 -2.38454e-21 -1.62934e-28 -1.14636e-23  4.98116e-29  2.21913e-22 -1.04449e-29  1.17205e-23  8.99915e-31 -1.40283e-23   2.8467e-31 -1.71246e-24 -1.35555e-31  4.76025e-25    2.464e-32  1.00391e-25  7.97809e-34 -3.80458e-27 -2.14863e-33 -2.19388e-27  7.68923e-34 -1.10453e-28 -1.40992e-34   1.0416e-29  1.06495e-35  9.16372e-31  3.98247e-37  8.23402e-33 -6.98405e-38
 4.74432e-44 -2.38153e-36  3.20864e-43  -1.2827e-35 -4.59112e-42  -2.4876e-35   5.9532e-41 -2.88627e-34 -2.78607e-40  1.56555e-32  7.11971e-40 -3.48597e-31  1.84061e-39   6.1829e-30 -1.27323e-38 -9.21127e-29  1.30331e-38  1.17487e-27  7.30475e-38 -1.30088e-26 -1.12802e-37  1.26392e-25 -2.30032e-37 -1.08668e-24  6.08287e-37  8.32349e-24 -1.60735e-37 -5.71033e-23 -7.41035e-37    3.524e-22 -5.36063e-37 -1.96292e-21  1.14482e-35  9.89479e-21 -6.09886e-35 -4.52267e-20  2.88411e-34  1.87695e-19 -1.25762e-33 -7.07809e-19  5.00506e-33  2.42592e-18 -1.81978e-32  -7.5541e-18   6.0457e-32  2.13514e-17 -1.83967e-31 -5.46909e-17  5.15712e-31  1.26659e-16 -1.34396e-30 -2.64352e-16  3.30439e-30  4.95072e-16 -7.82996e-30 -8.27097e-16  1.83153e-29  1.22293e-15  -4.3003e-29 -1.58268e-15   1.0125e-28  1.76386e-15 -2.34674e-28 -1.64957e-15  5.21892e-28  1.23491e-15 -1.08842e-27 -6.62745e-16  2.09358e-27  1.56491e-16  -3.6724e-27  1.18285e-16  5.82694e-27 -1.52779e-16  -8.3041e-27  6.74696e-17  1.05471e-26  7.67742e-18 -1.18147e-26 -2.47254e-17  1.14835e-26    9.395e-18 -9.40284e-27  2.76626e-18  6.07191e-27 -3.20268e-18  -2.4708e-27  2.56342e-19 -3.95031e-28    5.971e-19  1.95776e-27 -1.47151e-19 -2.26413e-27 -8.18543e-20  1.79254e-27  2.85395e-20 -1.09576e-27  9.61442e-21  5.30902e-28 -3.43795e-21 -2.02342e-28  -1.0287e-21  5.85791e-29  2.59295e-22 -1.18587e-29  9.04825e-23  1.31317e-30 -9.44354e-24  1.96731e-32 -5.26823e-24 -8.67696e-33 -7.84757e-26 -1.59519e-32  1.53568e-25  1.00867e-32  1.46806e-26 -3.65996e-33  -1.2805e-27   8.7916e-34 -2.35316e-28 -1.20087e-34 -5.05981e-30  5.12223e-36  4.46147e-31   4.9432e-37  1.04662e-32
 9.93569e-37  3.58878e-43  -2.5124e-36  2.52555e-42 -2.06256e-35 -2.75502e-41  2.09047e-34  1.99941e-40 -9.01732e-33 -8.39664e-40  2.27629e-31  2.14612e-39 -4.45392e-30  4.03188e-39  7.22427e-29 -2.92149e-38 -9.94748e-28  2.27539e-38  1.18149e-26  1.57492e-37 -1.22525e-25 -2.30032e-37  1.12001e-24 -4.38214e-37 -9.09276e-24  1.10205e-36  6.59559e-23 -6.40359e-37 -4.29524e-22  2.26913e-37  2.52092e-21  -9.0228e-36 -1.33744e-20  6.80499e-35  6.42878e-20 -3.58526e-34 -2.80438e-19  1.66557e-33  1.11138e-18  -6.9955e-33 -4.00334e-18  2.66132e-32  1.31066e-17 -9.18059e-32 -3.89758e-17  2.87094e-31  1.05146e-16 -8.13188e-31  -2.5683e-16  2.08521e-30  5.66448e-16  -4.8453e-30 -1.12387e-15  1.02656e-29  1.99588e-15 -2.02083e-29 -3.15128e-15  3.85777e-29  4.38272e-15 -7.64516e-29 -5.29854e-15   1.6598e-28  5.45747e-15 -3.88214e-28 -4.62964e-15  9.12659e-28  3.02159e-15 -2.02688e-27 -1.24472e-15   4.1088e-27 -3.16181e-17 -7.48681e-27  5.03719e-16  1.21793e-26 -3.71631e-16  -1.7615e-26  7.84888e-17  2.25456e-26  7.19418e-17 -2.53565e-26 -5.98507e-17   2.4762e-26  6.25834e-18 -2.05486e-26  1.29552e-17  1.38587e-26  -5.4199e-18 -6.72723e-27 -1.44912e-18  1.10034e-27  1.34329e-18  2.03468e-27  6.19202e-20 -2.87241e-27 -2.20524e-19  2.33882e-27  4.97194e-21 -1.40684e-27  2.75633e-20  6.56934e-28 -4.93069e-22  -2.3849e-28 -2.62991e-21  6.58209e-29 -8.65163e-23 -1.34045e-29  1.72982e-22  2.15926e-30  1.80308e-23 -4.78155e-31 -6.26984e-24  1.91709e-31 -1.18095e-24 -7.26066e-32   6.4712e-26  2.18758e-32  2.78926e-26 -5.33333e-33  1.19869e-27   9.4566e-34 -1.48316e-28 -9.17165e-35 -1.16877e-29  1.10469e-36 -8.02831e-32    3.091e-37
-8.05853e-44  2.49958e-36  1.78272e-42 -2.11987e-37  1.45897e-41 -1.45111e-34 -1.24178e-40  4.85812e-33  6.12647e-40  -1.3672e-31  -2.3888e-39  2.97102e-30  6.04729e-39 -5.27501e-29  8.14518e-39  7.87209e-28 -6.22682e-38 -1.00594e-26  3.28135e-38  1.11607e-25  3.18932e-37 -1.08668e-24 -4.38214e-37  9.36441e-24 -7.82626e-37 -7.19025e-23  1.96156e-36  4.94576e-22 -2.47857e-36 -3.06066e-21   9.2664e-36  1.70991e-20 -6.97183e-35 -8.64668e-20  4.21072e-34  3.96554e-19 -2.12388e-33 -1.65166e-18  9.52881e-33  6.25241e-18 -3.85507e-32 -2.15171e-17  1.41067e-31  6.72951e-17 -4.67054e-31 -1.91095e-16   1.3968e-30  4.91929e-16  -3.7594e-30 -1.14535e-15  9.05162e-30  2.40423e-15 -1.93201e-29 -4.53046e-15  3.60787e-29  7.61959e-15 -5.79213e-29 -1.13486e-14  7.87553e-29  1.48053e-14 -9.42828e-29 -1.66495e-14  1.32161e-28  1.57342e-14 -3.22827e-28 -1.19329e-14  1.00747e-27  6.52875e-15 -2.82613e-27 -1.63693e-15  6.66238e-27 -1.09877e-15  -1.3311e-26  1.50541e-15  2.28656e-26 -6.95497e-16 -3.40945e-26 -5.80842e-17  4.43082e-26  2.47062e-16 -5.01296e-26 -1.00638e-16  4.90328e-26 -2.53263e-17 -4.08208e-26  3.34147e-17  2.79925e-26 -3.54607e-18 -1.45862e-26 -6.13806e-18  4.17978e-27  1.71757e-18  1.63599e-27   8.2855e-19 -3.42568e-27 -3.29959e-19  2.90798e-27 -9.67467e-20 -1.72373e-27  4.04693e-20  7.76033e-28  1.05735e-20 -2.69377e-28 -3.18799e-21  7.21827e-29 -9.73211e-22 -1.57817e-29  1.29912e-22  3.70455e-30  5.99132e-23 -1.25743e-30 -7.73496e-26  4.64991e-31 -1.86681e-24 -1.42063e-31  -1.5639e-25   3.4795e-32  1.77511e-26 -6.79176e-33  2.82458e-27  9.22646e-34  4.62991e-29  -5.9706e-35 -6.00708e-30 -7.80293e-37 -1.27593e-31
