 2.52803e-23 -8.70518e-39 -1.28259e-21  6.67874e-37  2.52709e-20 -1.57443e-35 -2.98591e-19  2.16037e-34  2.43942e-18 -2.07694e-33 -1.47874e-17  1.52613e-32  6.92712e-17 -9.00378e-32 -2.57072e-16  4.39933e-31  7.67083e-16 -1.81801e-30 -1.85412e-15  6.45035e-30  3.63323e-15 -1.98688e-29 -5.73396e-15  5.35687e-29  7.16559e-15 -1.27123e-28 -6.84002e-15  2.66304e-28  4.58882e-15 -4.92432e-28 -1.62602e-15  8.00775e-28 -3.66847e-16 -1.13526e-27  7.40644e-16   1.3801e-27 -2.34691e-16 -1.39267e-27 -1.35459e-16  1.08054e-27  1.05474e-16  -4.8173e-28  1.64813e-17 -2.18946e-28 -3.00865e-17  7.71569e-28 -2.23569e-18 -9.95943e-28  7.31391e-18  8.74362e-28  8.23606e-19 -5.40503e-28  -1.5388e-18  1.84554e-28 -3.66551e-19  5.28369e-29  2.46112e-19 -1.34085e-28  1.16095e-19  1.07468e-28 -1.81834e-20 -4.78798e-29 -2.37924e-20  5.02942e-30 -3.39212e-21   1.0202e-29  2.55096e-21  -8.9294e-30  1.21444e-21  3.76153e-30   4.3085e-23 -4.24913e-31 -1.31019e-22 -6.40025e-31  -4.6583e-23  5.90052e-31 -1.73468e-24 -3.05833e-31  3.79023e-24  1.20414e-31  1.37883e-24 -4.97241e-32  1.48822e-25  2.49016e-32 -5.02452e-26 -9.75828e-33 -2.52295e-26  1.83055e-33 -4.82246e-27 -3.02721e-34 -1.37669e-28  4.91515e-34  1.79953e-28 -3.29172e-34  5.51212e-29  9.24295e-35  8.20729e-30 -8.96156e-36  3.77005e-31  -2.0196e-36 -1.25046e-31  1.63428e-36 -3.59268e-32 -7.48453e-37 -5.03972e-33  1.95018e-37 -4.00111e-34 -1.92954e-38 -6.12702e-36 -7.16895e-40   2.9959e-36   -4.346e-40  4.53081e-37  2.50011e-40  3.66639e-38 -3.17611e-41  1.77399e-39  4.65437e-43  4.39958e-41  2.14522e-43 -1.62762e-43 -3.39468e-44 -4.02272e-44  1.45418e-45 -9.55536e-46  1.08915e-47
-8.70518e-39  1.84362e-21  -3.7482e-37 -5.31455e-20  2.00292e-35  7.97292e-19 -3.79106e-34 -7.81578e-18  4.42529e-33  5.51939e-17 -3.73554e-32 -2.96069e-16  2.45867e-31  1.24531e-15 -1.31709e-30 -4.18799e-15  5.90043e-30  1.13866e-14 -2.25196e-29 -2.51377e-14  7.42182e-29  4.49578e-14 -2.13395e-28 -6.44561e-14  5.39452e-28  7.23625e-14 -1.20557e-27  -6.0504e-14  2.38886e-27  3.30998e-14  -4.1968e-27 -5.93319e-15  6.51219e-27 -7.04965e-15 -8.84783e-27  5.70882e-15  1.03579e-26 -2.79464e-16 -1.01389e-26 -1.60323e-15  7.76514e-27  4.76619e-16 -3.72297e-27  3.57498e-16 -6.63736e-28  -1.6192e-16   3.8879e-27 -8.27779e-17 -5.06216e-27  3.78313e-17  4.29923e-27  2.11419e-17 -2.47479e-27 -6.04961e-18  6.42442e-28 -5.20512e-18  4.95031e-28  2.76966e-19 -8.03538e-28  1.01699e-18  5.83392e-28   1.8442e-19 -2.39446e-28 -1.20326e-19  1.49948e-29 -6.08092e-20  5.66987e-29 -4.69313e-23  -4.5973e-29  8.15359e-21  1.89349e-29  2.52256e-21 -2.20484e-30 -1.47258e-22 -3.33518e-30 -3.17677e-22  3.30957e-30 -8.85914e-23 -1.83004e-30 -7.20911e-26  7.12382e-31  7.30583e-24 -2.48252e-31  2.35366e-24  1.06617e-31  2.47672e-25 -4.05795e-32 -6.75403e-26   7.3276e-33 -3.40318e-26 -1.30468e-33 -6.67182e-27  2.28241e-33 -4.13367e-28  -1.4891e-33  1.41248e-28  4.17162e-34  5.00711e-29 -4.41481e-35  8.19207e-30 -8.59627e-36  6.61139e-31  6.89155e-36 -2.65646e-32 -2.70976e-36 -1.65102e-32  6.15006e-37 -2.61382e-33 -4.12114e-38 -2.42535e-34 -7.73886e-39 -1.24192e-35 -7.54972e-40  2.78221e-38  7.71029e-40  6.36716e-38 -1.04633e-40  5.57678e-39  2.07358e-42  2.60916e-40  4.65873e-43  6.96536e-42 -6.13304e-44  9.48744e-44  1.91432e-45  4.76895e-47
-1.28259e-21  -3.7482e-37   6.6188e-20 -9.18855e-36  -1.3275e-18   3.7426e-34  1.59803e-17 -5.88243e-33 -1.33138e-16  5.94512e-32    8.239e-16 -4.45468e-31 -3.94483e-15  2.64583e-30  1.49841e-14 -1.29376e-29 -4.58397e-14  5.33421e-29  1.13829e-13 -1.88513e-28 -2.29755e-13  5.78037e-28  3.74842e-13 -1.55261e-27 -4.86865e-13  3.68084e-27  4.87552e-13 -7.74546e-27 -3.50334e-13  1.45132e-26  1.44559e-13 -2.42187e-26  1.12833e-14  3.58548e-26 -5.45908e-14 -4.66767e-26  2.34992e-14    5.259e-26  7.50517e-15 -4.98563e-26 -9.16746e-15  3.75236e-26 -1.26595e-16 -1.88387e-26  2.50293e-15  8.37317e-29 -1.66398e-16  1.27314e-26 -6.16884e-16 -1.69117e-26  2.07338e-17  1.37695e-26  1.40492e-16  -7.0611e-27  1.20346e-17  7.17092e-28  -2.6671e-17  2.86195e-27 -7.26061e-18 -3.41176e-27  3.28876e-18   2.2121e-27  2.02371e-18 -7.97292e-28 -4.55045e-21 -2.16885e-29 -3.06034e-19  2.37795e-28 -8.85105e-20 -1.70672e-28  1.33141e-20  6.64844e-29  1.49491e-20 -7.22294e-30  3.26897e-21 -1.25315e-29 -4.99143e-22  1.30236e-29  -4.7555e-22 -7.50187e-30 -1.11182e-22  2.83559e-30  1.98717e-24 -8.26398e-31  8.69724e-24  2.98279e-31  2.60661e-24 -1.12626e-31  2.90475e-25  1.94621e-32 -4.99437e-26 -3.67482e-33 -2.79598e-26  7.21763e-33 -5.72098e-27 -4.62256e-33 -5.16968e-28  1.30657e-33  4.72975e-29 -1.52761e-34  2.50116e-29 -2.56751e-35  4.49825e-30  2.04315e-35  4.56254e-31 -6.77509e-36  1.65155e-32  1.30311e-36 -2.91409e-33 -3.53069e-38 -6.17834e-34  -3.0363e-38 -6.21776e-35 -1.26354e-40 -3.82834e-36  1.58465e-39 -1.26783e-37 -2.28087e-40  5.88488e-41  4.94786e-42  2.13507e-40  6.56622e-43  9.34035e-42 -6.77906e-44  1.53406e-43  1.27986e-45
 6.67874e-37 -5.31455e-20 -9.18855e-36  1.55948e-18 -1.56877e-34 -2.38348e-17  5.12769e-33  2.38257e-16 -6.85128e-32 -1.71745e-15  6.07654e-31  9.41464e-15  -4.0778e-30 -4.05208e-14  2.19958e-29  1.39656e-13 -9.86418e-29 -3.89862e-13  3.75603e-28  8.85758e-13 -1.23204e-27 -1.63528e-12  3.51972e-27  2.43066e-12 -8.83635e-27 -2.84842e-12  1.96426e-26  2.51815e-12 -3.88961e-26 -1.50727e-12  6.88748e-26  3.83897e-13 -1.09125e-25  2.44237e-13  1.54121e-25 -2.64161e-13 -1.92259e-25  4.31543e-14  2.08465e-25  6.48358e-14 -1.91294e-25 -2.99439e-14   1.4123e-25 -1.24805e-14 -7.33995e-26  9.52225e-15  1.05476e-26  2.65735e-15  2.93233e-26 -2.33679e-15 -4.10539e-26 -7.32869e-16  3.13456e-26  4.51545e-16 -1.23691e-26  2.14002e-16 -4.45725e-27  -5.4693e-17  1.25773e-26 -5.12181e-17 -1.18703e-26 -1.69516e-18  6.75822e-27  8.17756e-18 -1.97699e-27  2.44568e-18 -4.08089e-28  -5.1369e-19  8.43087e-28 -4.89076e-19  -5.2067e-28  -8.4657e-20  1.85224e-28  3.13638e-20 -1.66717e-29  1.93889e-20 -3.84898e-29  3.13362e-21  4.12191e-29 -7.75873e-22 -2.43783e-29 -5.18398e-22   8.8275e-30 -1.07666e-22  -2.0982e-30  1.87476e-24  6.07521e-31  7.35009e-24 -2.38084e-31  2.13322e-24  3.85851e-32  2.62115e-25 -7.39782e-33 -1.97389e-26  1.78774e-32 -1.55624e-26 -1.13547e-32 -3.38043e-27  3.28113e-33  -3.7889e-28 -4.26013e-34 -3.67971e-30 -6.23173e-35  7.13841e-30  4.90634e-35   1.4868e-30 -1.36049e-35  1.69574e-31  2.16138e-36  1.09985e-32  5.22323e-38  1.03275e-34 -7.85337e-38 -6.11846e-35  2.68056e-39 -7.23592e-36  2.47977e-39 -4.47948e-37 -3.79483e-40 -1.65933e-38  8.06011e-42 -3.24333e-40   6.7549e-43 -1.06064e-42 -4.95041e-44  3.50316e-44
 2.52709e-20  2.00292e-35  -1.3275e-18 -1.56877e-34  2.71247e-17 -2.04011e-33 -3.32949e-16   5.5307e-32  2.83127e-15 -6.39002e-31 -1.79026e-14  5.02651e-30  8.76942e-14 -3.04352e-29  -3.4127e-13  1.49932e-28  1.07145e-12 -6.19339e-28  -2.7362e-12  2.18507e-27  5.69478e-12 -6.66741e-27 -9.61467e-12  1.77676e-26  1.29915e-11 -4.16997e-26 -1.36548e-11  8.68588e-26  1.04928e-11 -1.61667e-25  -4.9422e-12  2.70209e-25  2.07146e-13 -4.06174e-25  1.53053e-12  5.47204e-25 -8.67724e-13 -6.54403e-25 -1.17706e-13   6.8334e-25  2.98992e-13 -6.07408e-25 -3.69751e-14  4.40423e-25 -7.68702e-14 -2.36884e-25  1.71605e-14  6.30112e-26  1.88861e-14  3.95183e-26  -3.8225e-15 -6.75757e-26 -4.60344e-15  4.44528e-26  3.42696e-16 -1.48696e-27  1.00698e-15 -3.37215e-26  1.12191e-16  4.56356e-26 -1.63953e-16  -3.5768e-26 -5.78629e-17  1.75336e-26  1.22519e-17 -3.55464e-27  1.22861e-17 -2.23521e-27  1.78393e-18  2.60351e-27  -1.1145e-18 -1.36589e-27 -5.70389e-19  4.28297e-28 -5.29956e-20 -2.65299e-29  4.37442e-20 -1.00826e-28  1.94883e-20  1.10979e-28   2.4425e-21 -6.67901e-29 -8.01298e-22  2.28729e-29 -4.39491e-22 -4.22468e-30 -8.54348e-23   8.7563e-31  3.07691e-27 -4.00038e-31  4.59319e-24  5.63707e-32  1.33831e-24 -9.35628e-33  1.82213e-25  3.66012e-32  -2.7527e-28 -2.33897e-32 -5.85665e-27  7.01395e-33 -1.39758e-27 -1.00979e-33 -1.78682e-28 -1.30196e-34  -1.0249e-29  1.00589e-34  8.81693e-31 -2.34656e-35  2.86101e-31  3.05675e-36  3.57993e-32  2.66513e-37  2.69975e-33 -1.55559e-37  1.13367e-34  8.43007e-39  1.61202e-37  3.08942e-39  -3.0106e-37 -5.09215e-40 -1.94012e-38  9.68295e-42 -5.83398e-40  5.18365e-43  -7.0866e-42  -2.1684e-44
-1.57443e-35  7.97292e-19   3.7426e-34 -2.38348e-17 -2.04011e-33   3.7145e-16 -2.12573e-32 -3.78966e-15  4.88855e-31  2.79102e-14 -4.94638e-30 -1.56501e-13  3.48004e-29  6.89944e-13 -1.91321e-28 -2.43951e-12  8.65114e-28  6.99965e-12 -3.30519e-27 -1.63842e-11  1.08388e-26  3.12588e-11 -3.08324e-26 -4.82202e-11  7.67194e-26   5.9033e-11 -1.68287e-25 -5.51767e-11  3.28017e-25  3.59635e-11 -5.72667e-25  -1.1745e-11  9.01567e-25 -3.91604e-12 -1.28408e-24  6.26275e-12  1.65009e-24 -1.75253e-12 -1.89392e-24 -1.27842e-12  1.90827e-24  8.92772e-13 -1.64773e-24    1.797e-13  1.17961e-24 -2.69667e-13 -6.63224e-25 -2.75532e-14  2.56731e-25  6.80726e-14 -3.21069e-26  9.02565e-15 -2.99789e-26 -1.47596e-14 -1.00969e-26 -3.75446e-15  8.72085e-26  2.43051e-15  -1.4272e-25   1.1895e-15  1.42627e-25  -1.8528e-16 -9.57411e-26 -2.49589e-16  3.94114e-26  -3.5661e-17   -3.288e-27  2.77598e-17 -8.48326e-27  1.32215e-17  7.08254e-27  4.04423e-19 -3.14546e-27 -1.48412e-18  8.38027e-28 -5.23275e-19 -2.23677e-29 -1.65226e-20 -2.29777e-28   4.4395e-20  2.62621e-28  1.59639e-20 -1.59723e-28  1.67567e-21  5.09813e-29 -6.04966e-22 -6.66185e-30 -2.98201e-22  6.37244e-31 -5.66378e-23 -5.40331e-31 -1.56975e-24  4.59354e-32  2.11565e-24  1.47951e-33  6.44972e-25  6.35358e-32  9.61141e-26 -4.17145e-32  4.66268e-27  1.31936e-32 -1.35272e-27 -2.09159e-33 -3.94282e-28 -2.40185e-34 -5.52837e-29  1.80144e-34 -4.44836e-30 -3.61808e-35  -9.6718e-32  4.02385e-36  2.61433e-32  6.04358e-37  4.06116e-33 -2.51681e-37  3.18834e-34  1.65359e-38   1.5146e-35  3.09841e-39  3.92987e-37 -5.65305e-40  1.67488e-39  8.72547e-42 -1.79364e-40  2.88606e-43 -2.51009e-42
-2.98591e-19 -3.79106e-34  1.59803e-17  5.12769e-33 -3.32949e-16 -2.12573e-32  4.17112e-15 -1.83213e-31 -3.62374e-14    3.631e-30  2.34359e-13 -3.24798e-29 -1.17566e-12  2.05743e-28  4.69236e-12 -1.03252e-27 -1.51356e-11  4.30538e-27   3.9795e-11 -1.52742e-26 -8.55002e-11  4.67074e-26  1.49549e-10 -1.24133e-25 -2.10432e-10  2.88641e-25  2.32276e-10  -5.9127e-25 -1.90655e-10  1.07578e-24  1.01058e-10 -1.75529e-24 -1.46496e-11  2.59332e-24 -2.48789e-11 -3.49155e-24  1.85928e-11   4.2797e-24 -2.62129e-13 -4.72576e-24 -5.63452e-12  4.61425e-24  1.53561e-12 -3.89532e-24  1.32001e-12  2.78506e-24 -5.66235e-13 -1.66999e-24 -3.14073e-13  8.59482e-25  1.39209e-13 -4.29053e-25  8.16262e-14  2.88489e-25 -2.33549e-14 -3.22094e-25 -2.05857e-14  4.21487e-25  1.20132e-15 -4.69185e-25  4.16867e-15  3.93608e-25  7.33336e-16 -2.30385e-25 -5.20755e-16  7.67538e-26 -2.56993e-16  6.37331e-27  3.45409e-18 -2.57369e-26  3.65279e-17  1.70984e-26  1.09135e-17 -6.43244e-27 -8.59714e-19  1.39941e-27 -1.47522e-18  1.53578e-29 -3.96489e-19  -4.6128e-28  5.85967e-21  5.58886e-28  3.52398e-20 -3.40873e-28  1.09678e-20   9.9584e-29  1.07257e-21  -7.3585e-30 -3.42578e-22 -8.89072e-31 -1.63145e-22 -5.89957e-31 -3.12094e-23 -5.19198e-32 -1.80742e-24    5.085e-32  6.83501e-25  9.45064e-32  2.34238e-25 -6.57195e-32  3.76865e-26  2.22975e-32  3.01402e-27 -3.85081e-33 -1.10102e-28  -3.9461e-34  -7.0406e-29  2.84335e-34 -1.09522e-29 -5.11288e-35 -9.97408e-31  5.40659e-36 -5.12738e-32  9.96025e-37 -2.26838e-34 -3.43842e-37  1.95336e-34  2.48421e-38  1.67882e-35  2.46405e-39  7.27708e-37 -5.24157e-40  1.66613e-38  5.74257e-42  1.52569e-40  1.03764e-43
 2.16037e-34 -7.81578e-18 -5.88243e-33  2.38257e-16   5.5307e-32 -3.78966e-15 -1.83213e-31  3.94997e-14 -1.33381e-30 -2.97522e-13  2.30291e-29  1.70831e-12 -1.83332e-28 -7.72243e-12  1.05088e-27  2.80436e-11 -4.83605e-27 -8.28005e-11   1.8677e-26   1.9991e-10 -6.17805e-26 -3.94607e-10   1.7677e-25  6.32461e-10  -4.3991e-25 -8.09615e-10  9.56385e-25  8.00155e-10 -1.82628e-24 -5.65798e-10  3.08808e-24  2.24297e-10 -4.67838e-24  2.95415e-11  6.44177e-24 -9.52572e-11 -8.16137e-24  3.88231e-11  9.54357e-24  1.45207e-11 -1.01912e-23 -1.63992e-11  9.73134e-24 -4.90316e-13 -8.13853e-24  4.68795e-12  5.93395e-24 -2.88531e-13  -3.9014e-24 -1.19673e-12  2.52325e-24  4.38144e-14 -1.77198e-24  2.82468e-13  1.42368e-24  2.19386e-14 -1.34169e-24 -5.61192e-14  1.38489e-24 -1.46172e-14 -1.31071e-24  7.43941e-15  9.74538e-25   4.3475e-15 -5.00922e-25 -1.08649e-16  1.26652e-25 -7.05609e-16  4.36284e-26  -1.9088e-16 -6.60128e-26  3.69712e-17  3.68679e-26  3.55444e-17 -1.17788e-26  7.16679e-18  2.00798e-27 -1.44761e-18  7.50961e-29 -1.17646e-18 -8.24562e-28 -2.57559e-19  1.08885e-27  1.13372e-20 -6.58944e-28    2.257e-20  1.72066e-28  6.40212e-21 -2.07056e-30  6.45739e-22 -4.46682e-30 -1.42788e-22 -5.67647e-31 -7.13653e-23 -3.45298e-31 -1.40185e-23  1.84957e-31 -1.18666e-24  1.20294e-31  1.29927e-25 -9.26739e-32  6.14792e-26  3.43112e-32  1.06724e-26 -6.37563e-33   1.0511e-27 -5.76399e-34  3.69377e-29  3.95835e-34 -6.29148e-30 -6.70705e-35 -1.28546e-30   7.7386e-36 -1.24104e-31   1.3283e-36 -7.29592e-33 -4.03891e-37  -2.3613e-34  3.04778e-38 -7.35784e-37   1.4663e-39   2.6722e-37 -4.04644e-40   9.4911e-39  2.51603e-42  9.02087e-41
 2.43942e-18  4.42529e-33 -1.33138e-16 -6.85128e-32  2.83127e-15  4.88855e-31 -3.62374e-14 -1.33381e-30   3.2197e-13 -8.31349e-30 -2.13206e-12  1.25885e-28  1.09655e-11 -8.95357e-28  -4.4939e-11  4.65947e-27  1.49102e-10 -1.97361e-26 -4.04102e-10  7.09026e-26  8.97373e-10 -2.19662e-25 -1.62807e-09  5.90398e-25  2.38824e-09 -1.37924e-24 -2.77041e-09  2.80372e-24  2.42696e-09 -4.97346e-24 -1.43275e-09   7.7528e-24   3.4015e-10 -1.07687e-23  2.63046e-10   1.3621e-23 -2.68921e-10 -1.60772e-23  4.03107e-11  1.79457e-23  6.98727e-11   -1.876e-23 -3.19042e-11  1.78791e-23 -1.38675e-11 -1.52122e-23  1.07112e-11  1.17038e-23  2.97096e-12 -8.67744e-24  -2.7574e-12  6.68769e-24 -8.31556e-13 -5.39795e-24  5.64617e-13  4.47971e-24  2.53437e-13 -3.98068e-24 -7.59111e-14  3.74952e-24 -6.44006e-14 -3.24039e-24 -2.76611e-16  2.18817e-24  1.11164e-14 -9.84972e-25  3.01117e-15  1.64661e-25 -8.36725e-16  1.43538e-25 -6.77209e-16 -1.47306e-25 -9.96069e-17  7.14084e-26  5.09462e-17 -1.94733e-26  2.77682e-17  2.53618e-27  3.84572e-18  2.92554e-29 -1.36287e-18 -1.32936e-27 -7.80242e-19  1.97014e-27 -1.47641e-19 -1.16545e-27  7.70074e-21  2.63289e-28  1.17806e-20  1.55724e-29   3.1728e-21 -1.00368e-29  3.50452e-22 -7.30822e-31  -3.9894e-23 -1.00579e-30  -2.4374e-23  4.68973e-31 -4.99045e-24  1.28865e-31 -5.25211e-25 -1.17826e-31  3.43683e-28   4.8454e-32  1.06921e-26  -9.5731e-33  2.08599e-27 -7.41592e-34  2.27164e-28  4.83217e-34  1.40475e-29 -8.18221e-35  1.16305e-31  1.13467e-35 -7.16979e-32  1.49834e-36 -7.88272e-33 -4.11696e-37 -4.49793e-34  3.13728e-38 -1.48266e-35  5.30468e-40 -2.41185e-37 -2.55331e-40 -8.74909e-40  5.45952e-43
-2.07694e-33  5.51939e-17  5.94512e-32 -1.71745e-15 -6.39002e-31  2.79102e-14    3.631e-30 -2.97522e-13 -8.31349e-30  2.29454e-12  -4.4693e-29 -1.35062e-11  5.94806e-28  6.26804e-11 -3.78091e-27 -2.34064e-10  1.78791e-26   7.1204e-10 -6.98965e-26 -1.77547e-09  2.34668e-25  3.63064e-09 -6.84695e-25 -6.05335e-09  1.73741e-24  8.11074e-09 -3.82155e-24 -8.47852e-09  7.25819e-24  6.48557e-09 -1.18783e-23 -3.01876e-09  1.67972e-23  6.04695e-11 -2.08033e-23  1.01719e-09  2.33104e-23 -5.70228e-10 -2.49175e-23 -8.40815e-11  2.66048e-23  2.06953e-10 -2.82086e-23 -2.69599e-11  2.82539e-23 -5.49413e-11 -2.58212e-23  1.33727e-11  2.20147e-23  1.38768e-11  -1.8687e-23 -3.25326e-12  1.62171e-23 -3.51368e-12  -1.3795e-23  3.85744e-13   1.1416e-23  8.13278e-13 -9.87207e-24  6.32953e-14  8.91834e-24 -1.43947e-13 -7.25206e-24 -4.48691e-14  4.48915e-24  1.31279e-14 -1.74642e-24  1.07699e-14  1.22368e-25  1.17238e-15  3.61381e-25 -1.13866e-15 -2.90675e-25 -5.08972e-16  1.24841e-25 -2.84495e-17 -2.93959e-26  4.64611e-17   3.1036e-27   1.8191e-17 -4.89318e-28  1.74744e-18 -1.97064e-27 -9.42864e-19  3.34759e-27 -4.38209e-19 -1.89808e-27  -7.5933e-20  3.53508e-28  2.92001e-21  5.26626e-29  4.98317e-21 -1.55993e-29  1.31818e-21 -1.70188e-30  1.61769e-22 -2.27008e-30 -4.56764e-24  9.71159e-31 -6.21281e-24  1.10777e-31 -1.35815e-24 -1.35066e-31 -1.62451e-25  6.30036e-32 -8.09043e-27 -1.31159e-32   9.4739e-28 -8.24998e-34  2.59208e-28  5.09749e-34  3.02136e-29 -9.21628e-35  2.13325e-30  1.59297e-35  8.28928e-32  1.46345e-36  3.87005e-35 -3.65439e-37 -1.89348e-34  2.74091e-38 -1.03208e-35 -4.03662e-41 -2.39433e-37 -1.25644e-40 -1.80871e-39
-1.47874e-17 -3.73554e-32    8.239e-16  6.07654e-31 -1.79026e-14 -4.94638e-30  2.34359e-13  2.30291e-29 -2.13206e-12  -4.4693e-29  1.44732e-11 -2.07422e-28 -7.64117e-11  2.41606e-27   3.2195e-10 -1.36462e-26 -1.10019e-09  5.84268e-26  3.07773e-09 -2.11065e-25 -7.07359e-09  6.66101e-25   1.3329e-08 -1.84538e-24 -2.04082e-08  4.45458e-24  2.49006e-08 -9.26375e-24 -2.32696e-08  1.63967e-23   1.5182e-08 -2.43954e-23 -4.90862e-09  3.01429e-23 -1.81099e-09 -3.07448e-23  2.82581e-09  2.65733e-23 -8.06658e-10  -2.2234e-23 -5.92799e-10  2.30144e-23  4.32528e-10 -2.95457e-23  7.97632e-11  3.70549e-23 -1.35793e-10 -4.08119e-23 -1.02138e-11  4.07513e-23  3.57643e-11 -3.91573e-23  3.48726e-12   3.6181e-23 -8.22119e-12  -3.0961e-23 -1.73786e-12  2.52532e-23  1.48619e-12 -2.16514e-23  6.27667e-13  1.92239e-23 -1.46898e-13  -1.4903e-23 -1.47583e-13  8.45856e-24 -1.42054e-14 -2.76892e-24  1.91246e-14  -1.3819e-25  7.75052e-15  7.66861e-25 -1.99846e-16 -5.11852e-25 -1.03748e-15  1.97744e-25 -3.14281e-16 -4.12917e-26   6.9571e-18  4.59513e-27  3.29339e-17  -2.1862e-27  1.02764e-17 -2.77214e-27  7.21699e-19  5.38256e-27 -5.12571e-19 -2.85654e-27 -2.09578e-19  4.04561e-28 -3.49985e-20  1.14247e-28  3.06831e-22 -1.63171e-29    1.672e-21 -4.45417e-30  4.48715e-22  -4.4138e-30  6.04324e-23  1.72976e-30  1.81424e-24  6.58947e-32 -1.07669e-24 -1.37913e-31 -2.68994e-25   7.5348e-32 -3.48316e-26 -1.64658e-32 -2.55715e-27 -7.64208e-34  -3.3094e-29  4.49706e-34  1.67463e-29 -9.44726e-35  2.27333e-30  2.04648e-35  1.61991e-31   1.2553e-36  6.92365e-33 -2.82359e-37  1.55183e-34  2.03782e-38  4.71066e-37 -2.11998e-40 -4.11267e-38 -4.22012e-41
 1.52613e-32 -2.96069e-16 -4.45468e-31  9.41464e-15  5.02651e-30 -1.56501e-13 -3.24798e-29  1.70831e-12  1.25885e-28 -1.35062e-11 -2.07422e-28  8.16067e-11 -8.24016e-28  -3.8932e-10  8.26248e-27    1.497e-09 -4.06415e-26 -4.69856e-09  1.55165e-25   1.2117e-08 -5.16502e-25 -2.57047e-08  1.54757e-24  4.46431e-08 -4.13755e-24 -6.26815e-08  9.64268e-24   6.9339e-08 -1.90966e-23 -5.72561e-08  3.12716e-23  3.06164e-08 -4.07394e-23 -4.41747e-09  3.90048e-23 -7.90873e-09 -2.08612e-23  6.06741e-09 -7.65732e-24 -1.69301e-10  2.89689e-23 -1.88815e-09 -2.63004e-23  5.75178e-10  -9.3815e-25  4.45328e-10  3.63465e-23  -2.1999e-10 -6.28294e-23 -1.06679e-10  7.59949e-23  5.77194e-11 -7.93954e-23  2.88286e-11  7.43983e-23 -1.09502e-11 -6.23202e-23  -7.8334e-12   4.9999e-23  1.00143e-12 -4.31943e-23  1.75429e-12  3.82388e-23  2.09271e-13 -2.83914e-23  -2.5579e-13  1.46862e-23 -1.03733e-13  -3.8513e-24  9.37858e-15 -8.40186e-25  1.76657e-14  1.42254e-24  4.30059e-15 -8.07228e-25 -7.78639e-16  2.84522e-25 -7.40593e-16 -5.57602e-26 -1.64832e-16  9.30814e-27  1.51792e-17 -6.06471e-27  1.91667e-17 -3.87524e-27  5.09693e-18  8.22261e-27  3.03394e-19 -3.97661e-27   -2.226e-19  3.61824e-28 -8.48978e-20  2.00109e-28 -1.41789e-20 -4.57325e-30 -3.79498e-22 -1.00693e-29  4.25474e-22 -7.68847e-30  1.21105e-22  2.70995e-30   1.7543e-23  7.86966e-33   1.1584e-24 -1.20768e-31 -9.37302e-26  8.23948e-32 -3.57999e-26 -1.89864e-32 -4.97828e-27 -5.34385e-34  -4.1347e-28  3.04147e-34 -1.86865e-29 -8.61784e-35  7.83236e-32  2.35922e-35  7.64919e-32  9.54273e-37  5.53398e-33 -1.89369e-37  2.00511e-34  1.28354e-38  3.57656e-36 -1.52928e-40  1.99047e-38
 6.92712e-17  2.45867e-31 -3.94483e-15  -4.0778e-30  8.76942e-14  3.48004e-29 -1.17566e-12 -1.83332e-28  1.09655e-11  5.94806e-28 -7.64117e-11 -8.24016e-28  4.14689e-10 -2.72589e-27 -1.79888e-09   2.2372e-26  6.34058e-09 -8.92559e-26 -1.83354e-08  2.84245e-25  4.36789e-08 -8.53136e-25 -8.56096e-08  2.50626e-24     1.37e-07 -6.82445e-24 -1.75995e-07  1.60502e-23  1.75414e-07 -3.08417e-23 -1.25761e-07  4.55732e-23  5.09962e-08 -4.49029e-23  6.41625e-09  9.28347e-24 -2.24131e-08  6.73252e-23  9.74601e-09 -1.59489e-22  3.27413e-09  2.15341e-22 -4.20429e-09 -1.92996e-22  4.18716e-11  9.90144e-23  1.22898e-09  1.53595e-23 -1.40649e-10 -1.00617e-22 -3.24272e-10  1.43461e-22  3.24046e-11 -1.54062e-22   8.1077e-11  1.40972e-22  9.68846e-13 -1.13662e-22 -1.76615e-11  9.00614e-23 -3.35485e-12 -7.97271e-23    2.755e-12  7.10105e-23  1.26748e-12 -5.04793e-23 -1.47434e-13  2.35316e-23 -2.45697e-13 -4.48503e-24 -5.02525e-14  -2.2784e-24  1.88767e-14  2.34415e-24  1.25141e-14 -1.13755e-24  1.82228e-15  3.72382e-25 -7.70562e-16 -7.59648e-26 -4.39404e-16  2.14054e-26 -7.58076e-17 -1.31275e-26  1.13464e-17 -5.64655e-27   9.3653e-18  1.19424e-26  2.23672e-18 -5.11349e-27  1.38557e-19  1.64206e-28 -7.63778e-20   3.0278e-28 -2.86734e-20  2.85092e-29 -4.89048e-21 -1.92777e-29 -2.89918e-22 -1.22298e-29  7.42608e-23  3.76958e-30  2.47406e-23 -3.70826e-32  3.80182e-24 -8.06312e-32  3.28155e-25  8.13627e-32  6.04216e-27 -2.01214e-32 -2.67324e-27 -1.73894e-34 -4.37153e-28  1.05764e-34 -3.74662e-29  -6.7366e-35 -1.95409e-30  2.42693e-35 -5.31668e-32  6.46024e-37   1.1976e-34 -1.09851e-37  5.56306e-35  6.74971e-39  1.32709e-36 -5.39489e-41
-9.00378e-32  1.24531e-15  2.64583e-30 -4.05208e-14 -3.04352e-29  6.89944e-13  2.05743e-28 -7.72243e-12 -8.95357e-28  6.26804e-11  2.41606e-27  -3.8932e-10 -2.72589e-27  1.91214e-09 -6.90564e-27 -7.58245e-09  3.75242e-26  2.45923e-08 -6.79531e-26 -6.56949e-08  2.94871e-27  1.44803e-07  1.92149e-25 -2.62364e-07  1.37904e-25  3.86527e-07 -3.28262e-24 -4.52801e-07   1.2526e-23  4.03015e-07 -2.65484e-23 -2.43902e-07  2.88876e-23  6.16231e-08  1.72321e-23  4.44461e-08  -1.5136e-22 -4.90212e-08  3.72464e-22  9.05156e-09 -6.02563e-22  1.26232e-08  7.10803e-22 -6.70424e-09 -6.08469e-22 -2.35753e-09  3.35152e-22  2.30793e-09 -3.27666e-23  4.66337e-10 -1.76896e-22 -6.26258e-10  2.70314e-22 -1.36624e-10 -2.82791e-22  1.40723e-10  2.45751e-22  4.80655e-11 -1.88587e-22 -2.29651e-11  1.49001e-22  -1.4215e-11 -1.37729e-22  1.30326e-12   1.2409e-22  2.89447e-12 -8.41716e-23  5.52646e-13  3.47757e-23 -3.00495e-13 -3.76135e-24 -1.71925e-13 -4.75921e-24 -1.27669e-14  3.44995e-24  1.76036e-14 -1.41625e-24  7.27473e-15  4.43397e-25  5.43957e-16 -1.09564e-25 -5.26128e-16  4.67437e-26 -2.23362e-16 -2.37843e-26 -3.16672e-17  -8.7416e-27  5.76106e-18  1.64597e-26  3.86387e-18 -6.04828e-27  8.64836e-19 -2.38706e-28  6.36743e-20  4.08351e-28 -1.98547e-20  9.02568e-29 -7.86202e-21 -3.19198e-29 -1.38239e-21 -1.79674e-29 -1.16432e-22  4.65797e-30  6.10387e-24 -3.85656e-32  3.55355e-24 -1.93372e-32  5.85116e-25  7.07711e-32  5.63085e-26  -1.9578e-32  2.89183e-27  2.19245e-34 -3.24033e-29 -9.24384e-35  -1.9568e-29 -4.14962e-35  -1.7487e-30   2.2274e-35 -8.48571e-32  3.88659e-37 -2.30362e-33  -5.5003e-38 -2.80085e-35  2.85162e-39 -3.77593e-38
-2.57072e-16 -1.31709e-30  1.49841e-14  2.19958e-29  -3.4127e-13 -1.91321e-28  4.69236e-12  1.05088e-27  -4.4939e-11 -3.78091e-27   3.2195e-10  8.26248e-27 -1.79888e-09 -6.90564e-27  8.04701e-09 -8.86642e-27 -2.93035e-08 -4.33309e-26  8.77407e-08  6.23864e-25 -2.17011e-07 -2.98236e-24  4.43136e-07  9.06565e-24 -7.42323e-07 -1.98833e-23  1.00524e-06  3.27932e-23 -1.06878e-06 -4.27382e-23  8.38454e-07  5.52509e-23  -4.0755e-07 -1.09056e-22  1.95691e-08  2.82653e-22   1.3615e-07 -6.48672e-22 -8.44258e-08  1.17722e-21 -7.66057e-09 -1.66766e-21  3.05174e-08   1.8247e-21 -5.97451e-09 -1.48454e-21 -8.06428e-09  7.90967e-22  2.74603e-09 -9.56757e-23  2.06265e-09 -3.39395e-22  -7.3595e-10  4.97152e-22 -5.52791e-10 -4.86235e-22  1.24825e-10  3.92819e-22  1.41809e-10 -2.84325e-22 -2.64752e-12  2.27699e-22 -2.91701e-11 -2.24572e-22 -6.21091e-12  2.05204e-22  3.61602e-12 -1.32101e-22  2.03049e-12  4.72365e-23  3.28329e-14 -3.72661e-25 -2.82919e-13 -8.49206e-24 -9.43762e-14  4.51758e-24  4.06066e-15 -1.51061e-24  1.20274e-14  4.79907e-25  3.60446e-15 -1.69941e-25  7.41491e-17  9.17788e-26 -2.83083e-16 -3.70904e-26 -9.88658e-17 -1.40512e-26 -1.24065e-17  2.14509e-26  2.16718e-18 -6.52735e-27  1.33687e-18 -8.67256e-28  2.89823e-19  5.00473e-28  2.59323e-20  1.83312e-28 -3.48932e-21 -4.65495e-29 -1.68061e-21 -2.45748e-29 -3.06981e-22  5.06379e-30 -3.09375e-23  2.42811e-32 -7.65021e-25  5.44419e-32  3.06181e-25  5.12293e-32  5.92618e-26 -1.74443e-32  5.94913e-27  5.24143e-34  3.63587e-28  -2.3968e-34  1.10526e-29 -1.45047e-35 -1.70827e-31  1.82533e-35 -3.18869e-32  2.04303e-37 -1.28114e-33  -2.3761e-38 -2.04354e-35  8.55961e-40
 4.39933e-31 -4.18799e-15 -1.29376e-29  1.39656e-13  1.49932e-28 -2.43951e-12 -1.03252e-27  2.80436e-11  4.65947e-27 -2.34064e-10 -1.36462e-26    1.497e-09   2.2372e-26 -7.58245e-09 -8.86642e-27  3.10621e-08  3.22754e-26 -1.04288e-07 -7.33243e-25  2.89097e-07  4.56612e-24 -6.63265e-07 -1.73623e-23  1.25586e-06  4.80789e-23 -1.94433e-06 -1.03701e-22  2.41439e-06  1.81023e-22 -2.31422e-06 -2.68638e-22  1.56856e-06  3.76341e-22 -5.51974e-07 -5.82559e-22 -1.63577e-07  1.04158e-21  3.08147e-07 -1.87937e-21 -1.05899e-07  2.99154e-21 -5.96401e-08 -3.92012e-21  5.44389e-08  4.05252e-21   5.2242e-09 -3.12378e-21 -1.72745e-08  1.54812e-21  2.87591e-10 -1.16446e-22  4.73524e-09 -6.72166e-22 -1.30012e-11  8.74751e-22  -1.1804e-09 -7.76917e-22 -1.23622e-10  5.72076e-22  2.46024e-10 -3.86559e-22  7.09514e-11  3.22352e-22 -3.38663e-11 -3.47885e-22 -2.14041e-11  3.22436e-22  2.95524e-13 -1.95664e-22  3.58497e-12  5.84857e-23  1.02846e-12  7.23571e-24 -1.84674e-13 -1.34567e-23 -1.93744e-13  5.17419e-24 -4.17355e-14 -1.26081e-24   7.3654e-15  4.71652e-25  6.66652e-15 -2.75778e-25  1.56601e-15  1.61634e-25 -2.80562e-17 -5.01095e-26 -1.25149e-16 -2.24907e-26 -3.83063e-17  2.63131e-26  -4.6076e-18 -6.33228e-27   5.9333e-19 -1.69752e-27  3.80725e-19  5.66039e-28  8.19377e-20  3.03568e-28  8.59644e-21 -6.03894e-29 -2.37783e-22 -3.14869e-29  -2.6228e-22  4.70765e-30 -5.09382e-23   1.4877e-31  -5.6163e-24   1.2496e-31 -3.21937e-25  2.55912e-32  6.76581e-27 -1.41821e-32  3.40131e-27  6.49303e-34  3.59461e-28 -3.08441e-34  2.16234e-29  7.45536e-36  7.65081e-31  1.33453e-35  1.26207e-32  8.92464e-38 -3.74165e-35 -8.74678e-39 -2.56216e-36
 7.67083e-16  5.90043e-30 -4.58397e-14 -9.86418e-29  1.07145e-12  8.65114e-28 -1.51356e-11 -4.83605e-27  1.49102e-10  1.78791e-26 -1.10019e-09 -4.06415e-26  6.34058e-09  3.75242e-26 -2.93035e-08  3.22754e-26  1.10455e-07  3.17637e-25 -3.43096e-07  -4.0671e-24  8.82718e-07  2.07351e-23 -1.88148e-06 -7.05824e-23  3.30505e-06  1.82324e-22 -4.72478e-06 -3.76957e-22  5.36146e-06  6.44889e-22  -4.5887e-06 -9.50305e-22  2.60068e-06  1.29707e-21 -4.86674e-07 -1.82685e-21 -6.25722e-07  2.82773e-21  5.58022e-07 -4.51805e-21 -5.61542e-08  6.63999e-21 -1.66817e-07 -8.23587e-21  6.89026e-08  8.11429e-21  3.67803e-08 -5.90708e-21 -2.60651e-08  2.64471e-21 -8.36434e-09  3.94524e-23  7.29935e-09 -1.30168e-21  2.39681e-09  1.45227e-21 -1.61197e-09 -1.14505e-21  -7.5725e-10  7.49674e-22   2.3523e-10 -4.64849e-22  2.03705e-10     4.23e-22  -5.5707e-13 -5.14694e-22 -3.76522e-11   4.8291e-22 -1.01432e-11 -2.74069e-22  3.09756e-12  6.48289e-23  2.46002e-12   2.0551e-23  3.54371e-13 -1.92964e-23 -1.97296e-13  4.94113e-24 -1.07146e-13  -5.1495e-25 -1.49708e-14  4.21482e-25   5.3726e-15 -4.48532e-25  3.12401e-15  2.57914e-25  6.11093e-16 -5.77724e-26 -2.28189e-17 -3.46643e-26 -4.59723e-17  3.02153e-26 -1.29219e-17 -5.36173e-27 -1.58468e-18 -2.65902e-27  1.02255e-19  5.99736e-28  8.63644e-20  4.40261e-28  1.88584e-20 -6.97443e-29  2.20865e-21 -3.79808e-29  7.05543e-23  3.44955e-30 -2.60714e-23   3.0115e-31 -5.89552e-24  1.72392e-31 -6.79637e-25 -1.72657e-33 -4.72268e-26 -1.04863e-32 -1.48797e-27  5.71509e-34  6.38354e-29 -3.02215e-34  1.02426e-29  2.04429e-35  5.58916e-31  8.66176e-36  1.55358e-32  2.82098e-38  1.85876e-34 -2.48649e-39
-1.81801e-30  1.13866e-14  5.33421e-29 -3.89862e-13 -6.19339e-28  6.99965e-12  4.30538e-27 -8.28005e-11 -1.97361e-26   7.1204e-10  5.84268e-26 -4.69856e-09 -8.92559e-26  2.45923e-08 -4.33309e-26 -1.04288e-07  3.17637e-25    3.632e-07  1.61952e-24 -1.04695e-06 -1.68204e-23  2.50528e-06  7.60629e-23 -4.96704e-06 -2.38257e-22  8.09569e-06  5.78213e-22 -1.06699e-05  -1.1397e-21  1.10104e-05  1.88022e-21 -8.29636e-06 -2.68677e-21  3.70342e-06  3.52077e-21  1.73658e-07 -4.61683e-21 -1.51705e-06  6.50272e-21  8.00996e-07 -9.58037e-21  1.62645e-07   1.3322e-20  -3.2932e-07 -1.58508e-20   3.8234e-08  1.49609e-20  9.47342e-08 -1.02467e-20 -2.33067e-08  4.01208e-21 -2.54527e-08  6.17154e-22  6.41363e-09 -2.39089e-21  6.86074e-09  2.25612e-21 -9.19346e-10 -1.54261e-21 -1.71314e-09  8.60978e-22 -9.57155e-11 -4.70892e-22  3.33162e-10  5.13385e-22   9.6641e-11 -7.30423e-22 -3.53373e-11  6.91105e-22 -2.62563e-11  -3.6359e-22 -2.25201e-12  6.16779e-23  3.13181e-12  4.05702e-23   1.3151e-12 -2.52957e-23  4.64188e-14  3.33729e-24 -1.33973e-13  8.30096e-25 -5.01622e-14  3.46414e-25  -4.3556e-15 -7.08218e-25  2.80395e-15   3.7715e-25  1.26134e-15 -5.35125e-26  2.17828e-16  -5.0514e-26 -7.59768e-18  3.22575e-26 -1.39403e-17 -3.69315e-27 -3.73407e-18 -3.64687e-27 -4.81099e-19  6.04874e-28  2.18862e-21   5.7838e-28  1.47574e-20 -7.08342e-29  3.37843e-21 -4.32906e-29  4.23175e-22  1.36636e-30  2.66881e-23  4.21425e-31 -9.11555e-25  1.79045e-31 -4.22083e-25 -2.60435e-32 -5.12107e-26 -7.06095e-33 -3.63535e-27  3.40734e-34 -1.53396e-28 -2.47241e-34 -2.69089e-30  2.39929e-35  6.62176e-32  4.92898e-36  4.09982e-33  3.34116e-39  4.88539e-35
-1.85412e-15 -2.25196e-29  1.13829e-13  3.75603e-28  -2.7362e-12 -3.30519e-27   3.9795e-11   1.8677e-26 -4.04102e-10 -6.98965e-26  3.07773e-09  1.55165e-25 -1.83354e-08 -6.79531e-26  8.77407e-08 -7.33243e-25 -3.43096e-07  1.61952e-24  1.10807e-06  6.46008e-24 -2.97213e-06 -5.87404e-23    6.627e-06  2.42169e-22 -1.22326e-05 -7.06004e-22  1.84935e-05  1.61536e-21 -2.24186e-05 -3.03104e-21  2.08929e-05  4.79717e-21 -1.35615e-05 -6.59915e-21  4.17336e-06  8.26773e-21  2.02654e-06 -1.01702e-20 -2.88944e-06  1.32811e-20  8.05631e-07 -1.84079e-20  6.64771e-07  2.46018e-20 -4.93213e-07 -2.83529e-20 -9.11961e-08  2.57293e-20  1.68229e-07    -1.65e-20   9.3881e-09  5.39937e-21  -4.7846e-08   1.9926e-21 -3.19014e-09 -4.11647e-21  1.20111e-08  3.26347e-21  2.08923e-09 -1.87232e-21  -2.4373e-09  8.10724e-22 -9.04198e-10 -3.41681e-22  2.98977e-10  5.72635e-22  2.45582e-10 -9.97906e-22  1.25694e-11  9.47147e-22 -3.71998e-11  -4.5733e-22 -1.32724e-11  4.43341e-23  1.09905e-12  6.73866e-23  2.10859e-12 -3.04855e-23  5.72564e-13  1.98943e-26 -3.92057e-14  2.79662e-24 -7.09246e-14  2.72463e-25 -2.04699e-14 -1.06862e-24  -1.0509e-15  5.10699e-25  1.15652e-15 -3.06967e-26  4.41208e-16 -6.91028e-26  7.10937e-17  3.17014e-26 -9.47533e-19 -1.59285e-27 -3.41167e-18 -4.54474e-27 -9.00157e-19  5.89911e-28 -1.22184e-19  7.02469e-28 -4.90457e-21 -6.08566e-29  1.69542e-21 -4.67205e-29  4.43584e-22 -1.23973e-30  5.78235e-23  4.41993e-31  4.45888e-24  1.36645e-31  1.33168e-25  -4.3771e-32 -1.32675e-26 -4.40286e-33 -2.08564e-27  5.16269e-35 -1.40718e-28 -1.75646e-34 -5.39085e-30  2.06334e-35 -1.08316e-31  2.39559e-36 -7.38474e-34 -1.95847e-39
 6.45035e-30 -2.51377e-14 -1.88513e-28  8.85758e-13  2.18507e-27 -1.63842e-11 -1.52742e-26   1.9991e-10  7.09026e-26 -1.77547e-09 -2.11065e-25   1.2117e-08  2.84245e-25 -6.56949e-08  6.23864e-25  2.89097e-07  -4.0671e-24 -1.04695e-06  6.46008e-24  3.14586e-06  2.20928e-23 -7.87057e-06 -1.81251e-22  1.63776e-05  6.90321e-22 -2.81624e-05 -1.88433e-21  3.94611e-05  4.07333e-21 -4.38509e-05  -7.2745e-21  3.65464e-05  1.10274e-20 -1.97093e-05 -1.45698e-20  2.60263e-06   1.7428e-20  5.75695e-06 -2.01643e-20 -4.50148e-06  2.46191e-20   1.6111e-07 -3.25092e-20  1.50553e-06  4.22835e-20 -5.16007e-07 -4.75907e-20  -3.6775e-07  4.16355e-20  2.14056e-07 -2.48527e-20  9.02138e-08  6.30631e-21 -6.20649e-08   4.6653e-21 -2.60166e-08  -6.6299e-21    1.362e-08  4.38024e-21   7.9338e-09 -1.98995e-21 -1.78887e-09  4.84091e-22 -2.04799e-09 -8.32931e-24 -1.08944e-10  5.78711e-22  3.56988e-10 -1.31659e-21  1.18038e-10  1.24557e-21 -2.33306e-11 -5.45743e-22 -2.51216e-11  9.05637e-24    -4.86e-12  9.99273e-23  1.61544e-12 -3.38675e-23  1.11819e-12 -5.07996e-24  2.07839e-13  5.31527e-24 -3.79899e-14  2.24422e-25 -3.11644e-14 -1.53318e-24 -7.43224e-15  6.46374e-25 -2.42618e-16  1.54635e-26  3.86888e-16 -8.86516e-26  1.32932e-16  2.81961e-26  2.08802e-17  5.41519e-28  3.80142e-19 -5.25062e-27 -6.44786e-19  5.62718e-28 -1.74452e-19  8.00285e-28 -2.46678e-20 -3.89886e-29 -1.69136e-21 -4.77407e-29  8.67166e-23 -3.91362e-30  3.87714e-23  3.14852e-31  5.28404e-24    5.119e-32  4.27222e-25 -5.32431e-32   2.0132e-26 -2.68546e-33  2.67797e-28 -1.99733e-34 -3.08645e-29 -1.11127e-34 -2.15139e-30   1.4165e-35 -5.72896e-32  9.41565e-37 -4.83959e-34
 3.63323e-15  7.42182e-29 -2.29755e-13 -1.23204e-27  5.69478e-12  1.08388e-26 -8.55002e-11 -6.17805e-26  8.97373e-10  2.34668e-25 -7.07359e-09 -5.16502e-25  4.36789e-08  2.94871e-27 -2.17011e-07  4.56612e-24  8.82718e-07 -1.68204e-23 -2.97213e-06  2.20928e-23  8.33356e-06  6.72215e-23  -1.9489e-05 -5.05412e-22  3.78962e-05  1.79183e-21 -6.07219e-05 -4.59566e-21  7.87491e-05   9.3979e-21 -7.98396e-05 -1.59785e-20  5.86504e-05  2.31997e-20 -2.45597e-05 -2.94354e-20 -3.17985e-06  3.36041e-20  1.17789e-05 -3.65736e-20 -5.58577e-06  4.18847e-20 -1.65445e-06 -5.32058e-20  2.55337e-06  6.81472e-20  -1.6321e-07 -7.54871e-20 -7.84628e-07  6.38117e-20   1.5072e-07 -3.51962e-20  2.19855e-07    5.954e-21 -4.29391e-08  9.21246e-21 -6.03001e-08 -1.00115e-20  4.97796e-09  5.43674e-21  1.50158e-08 -1.72649e-21  1.53718e-09 -2.30843e-22 -2.84385e-09  5.90754e-22 -9.84455e-10  5.12776e-22  2.65874e-10 -1.68205e-21  2.45719e-10  1.57504e-21  3.19695e-11 -6.17975e-22 -2.62582e-11 -4.58458e-23 -1.29917e-11   1.3595e-22 -1.07714e-12 -3.46998e-23  1.12058e-12 -1.16758e-23  4.96494e-13  8.23951e-24  6.43226e-14  2.14196e-25 -2.03027e-14 -2.09242e-24 -1.16561e-14  7.71402e-25 -2.42981e-15  8.61028e-26 -7.39152e-17 -1.06871e-25  1.04533e-16  2.19072e-26  3.39267e-17  2.29356e-27  5.33272e-18 -5.69624e-27  2.63553e-19   5.2627e-28 -8.59798e-20  8.64909e-28 -2.58387e-20  -6.9962e-30 -3.76146e-21 -4.60721e-29 -3.15171e-22 -6.17681e-30 -7.73276e-24  3.59806e-32  1.80409e-24 -5.75432e-32  2.89724e-25 -5.47598e-32  2.29008e-26 -1.78063e-33  1.08347e-27 -3.51057e-34  2.80195e-29 -6.38451e-35  1.99928e-31  7.84088e-36 -5.52162e-33  2.60042e-37
-1.98688e-29  4.49578e-14  5.78037e-28 -1.63528e-12 -6.66741e-27  3.12588e-11  4.67074e-26 -3.94607e-10 -2.19662e-25  3.63064e-09  6.66101e-25 -2.57047e-08 -8.53136e-25  1.44803e-07 -2.98236e-24 -6.63265e-07  2.07351e-23  2.50528e-06 -5.87404e-23 -7.87057e-06  6.72215e-23  2.06485e-05  1.85558e-22 -4.52242e-05 -1.29073e-21  8.22619e-05  4.27996e-21 -0.000122811 -1.03354e-20  0.000147106  2.00079e-20  -0.00013517  -3.2402e-20  8.55878e-05  4.51028e-20 -2.37711e-05 -5.50112e-20 -1.57454e-05  5.99335e-20  1.96242e-05 -6.12425e-20 -4.71033e-06   6.5769e-20 -5.03851e-06 -8.10812e-20  3.35236e-06  1.03557e-19  8.24238e-07 -1.13772e-19  -1.2156e-06  9.31141e-20 -1.21255e-07 -4.70431e-20   3.5885e-07  3.32482e-21  3.85056e-08  1.62027e-20 -9.18212e-08 -1.42327e-20 -1.98402e-08  6.21195e-21  1.85709e-08 -9.30446e-22  7.91997e-09 -1.41335e-21 -2.11158e-09  1.49573e-21 -2.07277e-09  3.63156e-22 -1.83033e-10 -2.08605e-21  2.97414e-10  1.91924e-21  1.21128e-10 -6.63772e-22 -3.92655e-12  -1.1921e-22 -1.74634e-11   1.7233e-22 -5.45957e-12 -3.27475e-23  6.67182e-14 -1.91326e-23  5.74008e-13  1.13787e-23  1.90712e-13  2.32181e-25  1.76834e-14 -2.72311e-24 -8.02289e-15  8.75723e-25 -3.73817e-15  1.77634e-25 -7.14869e-16 -1.21516e-25 -2.97217e-17  1.34931e-26  2.21732e-17  3.35743e-27  7.13392e-18 -5.85389e-27  1.13352e-18  4.78756e-28  8.36445e-20   8.9477e-28 -6.11835e-21  3.08216e-29 -2.70949e-21 -4.17644e-29 -4.07783e-22 -7.66405e-30 -3.64984e-23 -3.45767e-31 -1.80542e-24 -1.62253e-31  3.66079e-28 -5.00148e-32  7.48637e-27 -1.38948e-33  5.90131e-28 -3.87634e-34  2.29663e-29 -3.36278e-35  4.40896e-31  3.37666e-36  2.65176e-33
-5.73396e-15 -2.13395e-28  3.74842e-13  3.51972e-27 -9.61467e-12 -3.08324e-26  1.49549e-10   1.7677e-25 -1.62807e-09 -6.84695e-25   1.3329e-08  1.54757e-24 -8.56096e-08  1.92149e-25  4.43136e-07 -1.73623e-23 -1.88148e-06  7.60629e-23    6.627e-06 -1.81251e-22  -1.9489e-05  1.85558e-22  4.79589e-05  4.70339e-22 -9.85421e-05 -3.04616e-21  0.000167812  9.47624e-21 -0.000233309 -2.15673e-20  0.000257347  3.95294e-20 -0.000212296 -6.10114e-20  0.000111637  8.15574e-20  -1.0691e-05 -9.58079e-20 -3.70626e-05  9.96069e-20  2.72229e-05 -9.51711e-20  6.70438e-08  9.54808e-20 -9.85664e-06 -1.15312e-19  3.07025e-06  1.49006e-19   2.5694e-06 -1.63674e-19   -1.374e-06  1.29944e-19 -6.61918e-07 -5.95256e-20   4.1383e-07 -2.70668e-21  1.95183e-07  2.60794e-20 -9.20785e-08 -1.91429e-20 -5.98753e-08  6.48832e-21  1.14701e-08  4.77852e-22  1.54499e-08 -3.08111e-21   1.2459e-09   2.7146e-21 -2.64745e-09  1.27467e-22 -9.72815e-10 -2.51695e-21  1.46686e-10  2.25903e-21  1.96353e-10 -6.75528e-22  4.38916e-11 -2.06774e-22 -1.07097e-11  2.05562e-22 -8.89611e-12 -2.84033e-23 -1.92244e-12 -2.65682e-23  2.04078e-13  1.45356e-23  2.38923e-13   2.4516e-25   6.4668e-14 -3.38878e-24  4.67524e-15  9.54512e-25 -2.48687e-15  2.81873e-25 -1.02217e-15 -1.31005e-25 -1.86248e-16  3.93187e-27 -1.11612e-17   3.6338e-27  3.45697e-18 -5.72992e-27  1.18689e-18  4.18335e-28   1.9096e-19  8.92055e-28  1.70486e-20  6.84567e-29  2.41397e-22 -3.52492e-29 -1.73089e-22 -8.21526e-30 -2.88218e-23 -7.41953e-31 -2.57198e-24 -2.37628e-31  -1.3993e-25 -4.13228e-32 -3.93308e-27 -1.20415e-33  1.45619e-29 -3.34616e-34  4.81922e-30 -1.60138e-35  1.19203e-31  9.94911e-37
 5.35687e-29 -6.44561e-14 -1.55261e-27  2.43066e-12  1.77676e-26 -4.82202e-11 -1.24133e-25  6.32461e-10  5.90398e-25 -6.05335e-09 -1.84538e-24  4.46431e-08  2.50626e-24 -2.62364e-07  9.06565e-24  1.25586e-06 -7.05824e-23 -4.96704e-06  2.42169e-22  1.63776e-05 -5.05412e-22 -4.52242e-05  4.70339e-22  0.000104629  1.10398e-21 -0.000201996 -6.68749e-21  0.000322231  1.95539e-20 -0.000416792 -4.19458e-20  0.000421575  7.27593e-20 -0.000307947 -1.07101e-19  0.000125432  1.37821e-19  2.27091e-05 -1.56354e-19 -6.68482e-05  1.55081e-19  3.04295e-05 -1.37612e-19  1.05729e-05  1.27903e-19 -1.49803e-05 -1.53051e-19  6.52253e-07  2.03693e-19  4.83572e-06  -2.2562e-19 -8.49158e-07  1.74133e-19 -1.40736e-06 -7.15146e-20  2.52585e-07 -1.31535e-20  3.97403e-07  3.90363e-20 -2.66223e-08 -2.44886e-20 -1.01109e-07   6.1257e-21  -1.2103e-08  2.45551e-21  1.93247e-08 -5.17135e-21  7.18623e-09  4.21957e-21 -1.71984e-09 -1.87945e-22  -1.7694e-09  -2.9606e-21 -2.67567e-10  2.57523e-21  1.80068e-10 -6.49928e-22  9.74164e-11  -3.0159e-22  1.05216e-11   2.3236e-22 -7.60721e-12 -2.26271e-23  -3.7507e-12 -3.30211e-23 -5.82448e-13  1.75329e-23  1.17849e-13  2.01808e-25  8.36116e-14  -4.0416e-24  1.95564e-14  1.00917e-24   1.2993e-15  3.87425e-25 -6.05673e-16 -1.34902e-25 -2.34187e-16 -5.73302e-27 -4.16802e-17  3.25388e-27 -3.28083e-18 -5.34962e-27  3.30567e-19  3.49533e-28  1.47157e-19  8.60642e-28  2.41147e-20  9.96297e-29  2.33008e-21 -2.73234e-29  1.12242e-22 -7.89254e-30 -3.61772e-24 -1.05578e-30 -1.13304e-24 -2.68899e-31 -9.95056e-26 -3.09922e-32 -4.90386e-27 -1.02296e-33 -1.35495e-28 -2.36802e-34 -1.63015e-30 -6.51252e-36 -1.00516e-33
