 5.95225e-22 -1.12753e-31 -4.56531e-20  6.02679e-30  1.37298e-18 -1.04257e-28 -2.49276e-17  1.07745e-27  3.13657e-16 -7.67105e-27 -2.91557e-15  3.96391e-26  2.06309e-14 -1.51795e-25 -1.11867e-13  4.28839e-25  4.55771e-13 -8.50901e-25 -1.29953e-12   9.8935e-25  1.97067e-12
-1.12753e-31  6.53387e-20  -3.0511e-30 -2.85257e-18  1.09449e-28  6.53536e-17 -1.50695e-27 -9.83076e-16  1.32602e-26  1.06475e-14 -8.32412e-26 -8.68318e-14  3.88627e-25  5.42966e-13 -1.36316e-24 -2.59079e-12  3.48877e-24   9.0757e-12 -5.84024e-24 -2.05019e-11  4.26461e-24
-4.56531e-20  -3.0511e-30  3.53819e-18  -4.4773e-29 -1.07608e-16  1.23439e-27  1.97764e-15 -1.46208e-26 -2.52189e-14  1.15369e-25   2.3793e-13 -6.62656e-25 -1.71219e-12   2.8511e-24  9.46736e-12 -9.07293e-24 -3.94945e-11  1.99202e-23  1.16128e-10 -2.46261e-23 -1.85233e-10
 6.02679e-30 -2.85257e-18  -4.4773e-29   1.2594e-16 -4.65023e-28 -2.92048e-15   1.1102e-26  4.45158e-14 -1.19674e-25 -4.89237e-13  8.63282e-25  4.05576e-12 -4.51677e-24 -2.58423e-11  1.73891e-23  1.26082e-10 -4.74344e-23 -4.54086e-10  8.15909e-23  1.06583e-09 -5.92991e-23
 1.37298e-18  1.09449e-28 -1.07608e-16 -4.65023e-28  3.31247e-15 -4.10955e-27 -6.16828e-14  9.04222e-26  7.98015e-13 -8.81195e-25   -7.651e-12  5.65616e-24  5.60716e-11 -2.59576e-23 -3.16698e-10  8.51992e-23  1.35563e-09 -1.87531e-22 -4.12285e-09  2.28156e-22  6.95965e-09
-1.04257e-28  6.53536e-17  1.23439e-27 -2.92048e-15 -4.10955e-27  6.86183e-14  -3.3706e-26 -1.06102e-12  6.62796e-25  1.18473e-11 -5.59212e-24 -9.99807e-11  3.08419e-23   6.5024e-10 -1.20065e-22 -3.25052e-09  3.24065e-22  1.20683e-08 -5.46884e-22 -2.95492e-08  3.92895e-22
-2.49276e-17 -1.50695e-27  1.97764e-15   1.1102e-26 -6.16828e-14  -3.3706e-26  1.16516e-12 -2.46505e-25 -1.53132e-11  4.09367e-24  1.49417e-10 -2.90735e-23 -1.11709e-09  1.35398e-22  6.45818e-09 -4.39624e-22 -2.84398e-08  9.53314e-22  8.97914e-08 -1.15451e-21 -1.61645e-07
 1.07745e-27 -9.83076e-16 -1.46208e-26  4.45158e-14  9.04222e-26 -1.06102e-12 -2.46505e-25  1.66658e-11 -1.49785e-24 -1.89353e-10  2.04926e-23  1.62959e-09  -1.2209e-22 -1.08401e-08  4.79279e-22  5.56634e-08 -1.28965e-21 -2.13749e-07  2.18761e-21  5.48594e-07 -1.60676e-21
 3.13657e-16  1.32602e-26 -2.52189e-14 -1.19674e-25  7.98015e-13  6.62796e-25 -1.53132e-11 -1.49785e-24  2.04775e-10 -7.34009e-24 -2.03717e-09  8.32736e-23  1.55707e-08 -4.20763e-22  -9.2376e-08  1.39856e-21  4.19865e-07 -3.08902e-21 -1.38256e-06  3.84366e-21  2.68071e-06
-7.67105e-27  1.06475e-14  1.15369e-25 -4.89237e-13 -8.81195e-25  1.18473e-11  4.09367e-24 -1.89353e-10 -7.34009e-24  2.19335e-09 -2.93061e-23  -1.9292e-08  2.81863e-22  1.31602e-07  -1.2229e-21 -6.96381e-07  3.43419e-21  2.77735e-06 -6.02707e-21 -7.51696e-06  4.59877e-21
-2.91557e-15 -8.32412e-26   2.3793e-13  8.63282e-25   -7.651e-12 -5.59212e-24  1.49417e-10  2.04926e-23 -2.03717e-09 -2.93061e-23  2.07112e-08 -9.83163e-23 -1.62278e-07  8.17684e-22  9.91212e-07 -3.04856e-21 -4.66956e-06   7.0893e-21  1.61344e-05 -9.17416e-21 -3.41416e-05
 3.96391e-26 -8.68318e-14 -6.62656e-25  4.05576e-12  5.65616e-24 -9.99807e-11 -2.90735e-23  1.62959e-09  8.32736e-23  -1.9292e-08 -9.83163e-23  1.73924e-07 -2.85085e-22  -1.2208e-06  2.05616e-21  6.68476e-06 -6.49338e-21   -2.784e-05  1.20236e-20  8.00751e-05 -9.64033e-21
 2.06309e-14  3.88627e-25 -1.71219e-12 -4.51677e-24  5.60716e-11  3.08419e-23 -1.11709e-09  -1.2209e-22  1.55707e-08  2.81863e-22 -1.62278e-07 -2.85085e-22  1.30815e-06 -7.19673e-22  -8.2629e-06  4.45121e-21  4.05757e-05 -1.16571e-20 -0.000148339  1.60753e-20  0.000348916
-1.51795e-25  5.42966e-13   2.8511e-24 -2.58423e-11 -2.59576e-23   6.5024e-10  1.35398e-22 -1.08401e-08 -4.20763e-22  1.31602e-07  8.17684e-22  -1.2208e-06 -7.19673e-22  8.85803e-06 -1.56839e-21 -5.04768e-05  8.23429e-21  0.000221134 -1.73513e-20 -0.000682861  1.49084e-20
-1.11867e-13 -1.36316e-24  9.46736e-12  1.73891e-23 -3.16698e-10 -1.20065e-22  6.45818e-09  4.79279e-22  -9.2376e-08  -1.2229e-21  9.91212e-07  2.05616e-21  -8.2629e-06 -1.56839e-21  5.43121e-05 -2.93959e-21  -0.00028029   1.2939e-20   0.00109754 -2.02992e-20  -0.00294819
 4.28839e-25 -2.59079e-12 -9.07293e-24  1.26082e-10  8.51992e-23 -3.25052e-09 -4.39624e-22  5.56634e-08  1.39856e-21 -6.96381e-07 -3.04856e-21  6.68476e-06  4.45121e-21 -5.04768e-05 -2.93959e-21  0.000301802 -4.72903e-21  -0.00140544   1.6632e-20   0.00472542 -1.55957e-20
 4.55771e-13  3.48877e-24 -3.94945e-11 -4.74344e-23  1.35563e-09  3.24065e-22 -2.84398e-08 -1.28965e-21  4.19865e-07  3.43419e-21 -4.66956e-06 -6.49338e-21  4.05757e-05  8.23429e-21  -0.00028029 -4.72903e-21    0.0015403  -6.3052e-21  -0.00659136  1.57212e-20    0.0211123
-8.50901e-25   9.0757e-12  1.99202e-23 -4.54086e-10 -1.87531e-22  1.20683e-08  9.53314e-22 -2.13749e-07 -3.08902e-21  2.77735e-06   7.0893e-21   -2.784e-05 -1.16571e-20  0.000221134   1.2939e-20  -0.00140544  -6.3052e-21   0.00707071 -6.35749e-21   -0.0264197  8.74858e-21
-1.29953e-12 -5.84024e-24  1.16128e-10  8.15909e-23 -4.12285e-09 -5.46884e-22  8.97914e-08  2.18761e-21 -1.38256e-06 -6.02707e-21  1.61344e-05  1.20236e-20 -0.000148339 -1.73513e-20   0.00109754   1.6632e-20  -0.00659136 -6.35749e-21    0.0320943 -4.19365e-21    -0.132586
  9.8935e-25 -2.05019e-11 -2.46261e-23  1.06583e-09  2.28156e-22 -2.95492e-08 -1.15451e-21  5.48594e-07  3.84366e-21 -7.51696e-06 -9.17416e-21  8.00751e-05  1.60753e-20 -0.000682861 -2.02992e-20   0.00472542  1.57212e-20   -0.0264197 -4.19365e-21     0.113297 -1.26165e-21
 1.97067e-12  4.26461e-24 -1.85233e-10 -5.92991e-23  6.95965e-09  3.92895e-22 -1.61645e-07 -1.60676e-21  2.68071e-06  4.59877e-21 -3.41416e-05 -9.64033e-21  0.000348916  1.49084e-20  -0.00294819 -1.55957e-20    0.0211123  8.74858e-21    -0.132586 -1.26165e-21     0.845631
