 1.26687e-33 -3.88027e-48 -1.01887e-31 -1.72541e-46  3.39725e-30  6.10955e-45 -6.91027e-29 -1.07304e-43  9.89692e-28  1.86205e-42 -1.07353e-26 -2.71374e-41  9.21257e-26  3.30271e-40 -6.43585e-25 -3.35441e-39   3.7328e-24   2.8672e-38 -1.82265e-23 -2.08376e-37  7.56625e-23  1.30132e-36  -2.6884e-22 -7.05193e-36  8.21045e-22  3.34407e-35 -2.15939e-21 -1.39764e-34  4.88928e-21  5.17955e-34 -9.50345e-21 -1.71071e-33  1.57643e-20  5.05744e-33 -2.20889e-20 -1.34328e-32  2.56987e-20  3.21589e-32 -2.40847e-20 -6.96043e-32  1.71098e-20  1.36595e-31 -7.80768e-21 -2.43789e-31  5.26226e-22  3.97061e-31  2.29911e-21 -5.92502e-31 -1.62743e-21  8.13809e-31   1.4837e-22 -1.03413e-30  4.24087e-22  1.22186e-30 -2.00483e-22 -1.34761e-30 -5.59724e-23  1.38964e-30  6.53863e-23 -1.33769e-30  2.31557e-24  1.19632e-30 -1.55724e-23 -9.86822e-31   6.3173e-25  7.44469e-31  3.22164e-24 -5.09131e-31 -8.98364e-26  3.12733e-31  -5.9439e-25 -1.70585e-31  -3.1024e-26  8.11266e-32  9.15493e-26 -3.23957e-32  1.65516e-26  9.87358e-33 -1.00117e-26 -1.55175e-33 -3.79993e-27 -4.59605e-34  4.54858e-28  4.12741e-34  4.92126e-28 -9.23517e-35  5.83641e-29 -4.54505e-35   -3.014e-29  4.57181e-35 -1.12174e-29 -1.65198e-35 -3.71195e-31  1.39956e-36  6.11066e-31  1.19449e-36  1.53745e-31 -4.12934e-37  4.18737e-33 -7.08485e-38 -5.43755e-33  1.11743e-37 -1.24202e-33 -6.04507e-38 -7.58834e-35  2.55262e-38   1.6747e-35 -9.00851e-39  4.26277e-36  2.59276e-39  3.87958e-37  -6.1979e-40   1.9112e-39  1.24127e-40 -3.48471e-39 -1.94731e-41   -3.682e-40  2.20141e-42 -1.56022e-41 -1.76798e-43 -5.70615e-44  1.03264e-44  1.60173e-44 -3.93636e-46  5.14037e-46  6.53897e-48
-3.88027e-48  1.45624e-31 -2.86312e-47 -7.01479e-30 -3.23505e-45  1.78723e-28  5.65947e-44 -3.02602e-27 -5.73369e-43  3.76149e-26  1.16147e-41 -3.62902e-25 -2.39394e-40   2.8143e-24  3.68487e-39  -1.7962e-23 -4.27229e-38  9.59228e-23  3.90986e-37 -4.33677e-22 -2.92744e-36  1.67363e-21  1.83956e-35 -5.54329e-21 -9.88086e-35  1.58063e-20  4.59842e-34 -3.88353e-20 -1.87336e-33  8.20961e-20  6.73446e-33 -1.48704e-19 -2.14986e-32  2.29029e-19  6.12566e-32 -2.96074e-19 -1.56439e-31  3.14269e-19  3.59335e-31 -2.63016e-19 -7.44636e-31  1.58532e-19  1.39611e-30 -4.96664e-20 -2.37522e-30 -1.62758e-20  3.67925e-30  2.81138e-20 -5.21039e-30 -1.13153e-20  6.78031e-30 -3.09296e-21 -8.15684e-30  4.64927e-21   9.1301e-30 -7.09792e-22 -9.56095e-30 -1.05916e-21  9.39361e-30  4.03609e-22 -8.64834e-30  1.95119e-22  7.41998e-30 -1.12226e-22 -5.88176e-30 -3.61157e-23  4.26593e-30  2.32681e-23 -2.80471e-30  7.50709e-24  1.65755e-30 -3.70682e-24 -8.72404e-31 -1.58818e-24  4.02527e-31  3.89015e-25  -1.5697e-31  2.82972e-25  4.67485e-32 -6.13946e-27 -6.73199e-33 -3.56612e-26  -2.7419e-33 -6.14542e-27   2.3154e-33  2.38561e-27 -6.14618e-34  1.07163e-27 -1.41228e-34  3.47474e-29  1.86107e-34 -7.24455e-29 -6.61812e-35 -1.83563e-29  3.52819e-36  1.90935e-31  5.26957e-36  9.82758e-31 -1.16772e-36  2.00912e-31 -7.13325e-37  3.64695e-33  6.54229e-37 -5.82168e-33 -3.31878e-37 -1.17825e-33  1.37965e-37 -7.49713e-35   -4.682e-38  8.98238e-36  1.25576e-38   2.3747e-36 -2.74296e-39  2.15237e-37  4.96445e-40  5.09337e-39 -6.93994e-41 -6.98976e-40  6.82197e-42 -6.88239e-41   -4.571e-43 -2.49474e-42  2.07142e-44 -3.09267e-44 -5.39351e-46  6.43114e-47
-1.01887e-31 -2.86312e-47   8.6832e-30 -3.75107e-46  -2.9195e-28  5.43212e-44  5.98474e-27 -2.82442e-42 -8.64105e-26  5.75904e-41  9.45275e-25  -6.6779e-40 -8.18425e-24   4.7467e-39   5.7709e-23 -1.38836e-38 -3.37997e-22 -1.35888e-37  1.66741e-21  2.51432e-36 -6.99716e-21 -2.34483e-35  2.51481e-20  1.61095e-34 -7.77407e-20 -8.95075e-34  2.07124e-19  4.18811e-33 -4.75516e-19 -1.68764e-32  9.38238e-19  5.94032e-32 -1.58209e-18 -1.84435e-31  2.25776e-18  5.08697e-31 -2.68248e-18 -1.25304e-30  2.57877e-18  2.76791e-30   -1.896e-18 -5.50141e-30  9.20481e-19  9.86738e-30 -1.11507e-19 -1.60171e-29 -2.37544e-19  2.36072e-29  1.91143e-19 -3.17234e-29 -2.91879e-20  3.90822e-29 -4.50413e-20 -4.44523e-29  2.58263e-20  4.70582e-29  4.50221e-21 -4.67189e-29 -7.94137e-21  4.36969e-29   3.3892e-22 -3.84762e-29  1.84427e-21  3.16871e-29    -2.25e-22 -2.41531e-29 -3.82356e-22  1.68475e-29  4.29521e-23 -1.06519e-29  7.30795e-23  6.06424e-30 -2.10197e-24 -3.09276e-30 -1.20855e-23  1.39873e-30 -1.22706e-24 -5.43669e-31  1.50224e-24  1.64935e-31  4.11188e-25 -2.57215e-32 -1.01544e-25 -8.89728e-33 -6.43379e-26   8.3474e-33 -3.38556e-27 -2.56304e-33  4.97322e-27  -2.0701e-34  1.36255e-27  5.02414e-34 -5.17115e-29 -1.72593e-34  -9.7326e-29 -1.10363e-36 -1.85484e-29  1.65106e-35  6.97902e-31 -9.96611e-37  9.22171e-31 -3.81678e-36  1.61231e-31   2.6638e-36  3.25175e-33 -1.26889e-36 -3.41426e-33  5.09834e-37 -6.39074e-34 -1.64001e-37 -4.35018e-35  4.07326e-38  1.96432e-36 -8.11296e-39   6.5239e-37  1.32291e-39  5.40682e-38 -1.63429e-40  1.79786e-39  1.37492e-41 -2.73915e-41 -7.44488e-43 -4.06594e-42  2.42806e-44 -9.93263e-44   -3.489e-46
-1.72541e-46 -7.01479e-30 -3.75107e-46  3.40797e-28 -5.26965e-44 -8.75053e-27  4.77775e-42  1.49362e-25 -1.37075e-40 -1.87242e-24   2.2285e-39  1.82255e-23 -2.46289e-38 -1.42657e-22  1.99024e-37  9.19404e-22 -1.18714e-36 -4.96042e-21  4.83059e-36  2.26695e-20 -7.29579e-36 -8.84859e-20 -7.77217e-35  2.96627e-19  8.91552e-34 -8.56706e-19 -5.78215e-33  2.13385e-18  2.86129e-32 -4.57773e-18 -1.16956e-31  8.42547e-18  4.08757e-31 -1.32075e-17 -1.24468e-30  1.74169e-17   3.3408e-30 -1.89233e-17 -7.96571e-30  1.63091e-17  1.69648e-29 -1.02676e-17 -3.24019e-29   3.5864e-18  5.56763e-29  7.50443e-19 -8.63166e-29 -1.76735e-18  1.21117e-28  8.22667e-19 -1.54448e-28  1.36172e-19  1.80023e-28 -3.06756e-19 -1.93342e-28  6.90203e-20  1.93255e-28  6.44762e-20 -1.81632e-28 -3.21006e-20  1.61635e-28 -1.07111e-20 -1.36199e-28  8.65344e-21  1.07813e-28  1.82655e-21 -7.91332e-29 -1.82568e-21  5.31411e-29 -3.92857e-22 -3.23432e-29   3.1055e-22  1.77831e-29  9.35899e-23 -8.84863e-30   -3.843e-23  3.98021e-30 -1.90042e-23 -1.58103e-30   2.1881e-24  5.09051e-31  2.75033e-24 -9.65761e-32   2.7444e-25 -1.74469e-32 -2.30119e-25   2.3123e-32 -7.44303e-26  -8.3568e-33  3.35356e-27  2.78475e-34   6.4061e-27  9.77392e-34  1.19807e-27 -3.10405e-34  -1.1721e-28 -4.76193e-35 -8.83741e-29  4.37502e-35 -1.35646e-29  5.40965e-36  6.46885e-31 -1.44995e-35  5.76519e-31  8.58712e-36  8.99832e-32 -3.85441e-36  2.68676e-33  1.48002e-36  -1.2111e-33 -4.46835e-37 -2.17064e-34  1.02148e-37 -1.51479e-35 -1.84823e-38  3.31049e-38  2.70174e-39  8.66113e-38 -2.91797e-40  6.56498e-39  2.05927e-41  2.01172e-40 -8.62234e-43   1.1032e-42  1.77693e-44 -3.77371e-44
 3.39725e-30 -3.23505e-45  -2.9195e-28 -5.26965e-44  9.89264e-27 -2.41697e-42 -2.04439e-25  1.51607e-40  2.97685e-24 -3.47257e-39 -3.28543e-23     4.93e-38  2.87103e-22 -5.03162e-37  -2.0442e-21  3.93409e-36  1.20955e-20 -2.41742e-35 -6.03133e-20   1.1633e-34  2.55979e-19 -4.16025e-34 -9.31065e-19  8.60352e-34  2.91494e-18  1.38354e-33 -7.87187e-18 -2.46592e-32  1.83358e-17  1.49282e-31 -3.67487e-17 -6.51412e-31  6.30363e-17  2.31305e-30 -9.16862e-17 -6.99014e-30  1.11335e-16  1.83821e-29 -1.09877e-16 -4.26041e-29  8.36598e-17  8.77249e-29 -4.31416e-17 -1.61329e-28  7.45588e-18  2.65972e-28  9.55872e-18 -3.94267e-28  -8.8787e-18  5.27074e-28  1.91153e-18 -6.37938e-28  1.85263e-18  7.03196e-28  -1.3028e-18 -7.12288e-28 -1.03869e-19  6.71177e-28  3.77351e-19 -5.96434e-28 -4.69279e-20  5.05005e-28 -8.47824e-20 -4.07884e-28  1.82345e-20  3.11175e-28  1.74915e-20 -2.20549e-28 -3.71856e-21  1.42941e-28  -3.4558e-21 -8.39822e-29   4.2169e-22  4.48291e-29  6.13459e-22 -2.20027e-29  1.15911e-23  1.00284e-29 -8.55394e-23 -4.16818e-30 -1.57654e-23   1.4574e-30    7.411e-24  -3.3763e-31  3.18656e-24 -1.19724e-32  -8.2044e-26  5.38537e-32 -3.05591e-25  -2.3582e-32  -6.0468e-26  3.11454e-33  8.72449e-27  1.19602e-33  5.83144e-27 -2.84613e-34  7.94968e-28 -2.43991e-34 -1.15182e-28  1.07078e-34  -5.8162e-29  3.08415e-35 -7.62057e-30 -4.34383e-35  3.05385e-31  2.30438e-35  2.48629e-31  -9.7846e-36  3.58139e-32  3.56615e-36  1.46838e-33 -1.00289e-36 -2.51619e-34  2.09709e-37  -4.5013e-35 -3.43039e-38 -3.00732e-36  4.46601e-39  -5.6698e-38 -4.15818e-40  4.63347e-39  2.39685e-41  3.01203e-40 -7.26711e-43  5.47964e-42  7.16282e-45
 6.10955e-45  1.78723e-28  5.43212e-44 -8.75053e-27 -2.41697e-42  2.26509e-25 -6.66717e-41  -3.8991e-24  3.27622e-39  4.93137e-23 -6.39675e-38 -4.84468e-22  8.11884e-37  3.82903e-21  -7.6389e-36 -2.49301e-20  5.64136e-35   1.3595e-19 -3.35957e-34  -6.2834e-19  1.62714e-33  2.48191e-18 -6.33872e-33 -8.42531e-18  1.88839e-32  2.46611e-17 -3.49705e-32 -6.23082e-17 -2.30218e-32  1.35738e-16  5.47666e-31 -2.54031e-16 -2.92385e-30  4.05593e-16  1.10104e-29 -5.46035e-16 -3.36244e-29  6.07755e-16  8.74085e-29 -5.39819e-16 -1.97898e-28  3.55015e-16  3.95173e-28 -1.36956e-16 -7.01219e-28 -1.48019e-17  1.11094e-27  5.86956e-17 -1.57657e-27 -3.15206e-17  2.00983e-27 -2.20717e-18 -2.30993e-27  1.06498e-17  2.40756e-27 -3.24373e-18 -2.29799e-27 -2.01168e-18  2.03863e-27  1.32086e-18 -1.71157e-27  2.78898e-19   1.3803e-27 -3.46344e-19 -1.07217e-27 -3.86172e-20  7.92111e-28  7.40293e-20 -5.44884e-28  8.73772e-21  3.42567e-28 -1.32917e-20  -1.9551e-28 -2.60311e-21  1.02323e-28   1.8547e-21  -5.0314e-29  6.38655e-22  2.36671e-29 -1.56256e-22 -1.04121e-29 -1.08261e-22  3.93064e-30 -2.31529e-24 -1.04827e-30  1.10033e-23  5.70496e-32  2.54072e-24  1.13478e-31 -4.00879e-25 -6.10236e-32 -2.85982e-25  1.31705e-32 -3.61265e-26 -2.52866e-34  9.40401e-27  4.93278e-34  3.99645e-27 -8.54175e-34   4.2235e-28  2.54209e-34  -7.1242e-29  9.68547e-35 -2.84176e-29 -1.07974e-34  -3.3512e-30  5.28731e-35  6.63427e-32 -2.13192e-35  7.33723e-32  7.34328e-36  9.89582e-33 -1.91079e-36  4.85758e-34  3.63018e-37 -2.54665e-35 -5.33899e-38 -5.20978e-36  6.14055e-39 -3.11139e-37 -4.83738e-40  -6.9783e-39  2.19371e-41  3.96299e-41 -4.31707e-43  2.36513e-42
-6.91027e-29  5.65947e-44  5.98474e-27  4.77775e-42 -2.04439e-25 -6.66717e-41  4.26073e-24 -1.35062e-39 -6.25918e-23  5.52185e-38  6.97219e-22 -9.46198e-37 -6.15208e-21  1.08714e-35  4.42505e-20 -9.45042e-35 -2.64637e-19  6.55014e-34  1.33448e-18 -3.71597e-33 -5.73109e-18   1.7459e-32  2.11076e-17 -6.79084e-32 -6.69639e-17  2.14852e-31  1.83407e-16 -5.21319e-31 -4.33714e-16  7.62654e-31  8.83557e-16  7.08248e-31 -1.54286e-15 -1.00487e-29    2.289e-15  4.42564e-29 -2.84314e-15 -1.40729e-28   2.8829e-15  3.66095e-28 -2.27452e-15 -8.14523e-28  1.24412e-15  1.58263e-27 -2.77332e-16 -2.71565e-27 -2.29607e-16  4.14135e-27  2.52151e-16 -5.63418e-27 -7.06678e-17  6.85706e-27 -4.50844e-17 -7.48967e-27  3.98476e-17  7.38314e-27 -3.72504e-19 -6.63811e-27 -1.08186e-17  5.54042e-27  2.31431e-18 -4.39571e-27  2.32203e-18  3.38598e-27 -7.63803e-19  -2.5446e-27 -4.71425e-19  1.83484e-27  1.61428e-19 -1.23532e-27  9.61209e-20  7.60301e-28 -2.30611e-20 -4.26388e-28 -1.83947e-20    2.222e-28  1.38793e-21 -1.11328e-28  2.86871e-21  5.45132e-29  2.85711e-22 -2.51428e-29 -3.00426e-22  9.95067e-30 -9.06355e-23 -2.85399e-30  1.19708e-23  2.85074e-31   1.0924e-23    2.325e-31  1.40839e-24 -1.49141e-31  -4.9498e-25  4.16406e-32 -2.03067e-25 -6.72923e-33 -1.64686e-26  3.33274e-33  6.63224e-27 -2.42529e-33  2.12233e-27  5.94426e-34  1.87793e-28  2.26709e-34 -2.96426e-29 -2.28929e-34 -1.02938e-29  1.05453e-34 -1.13235e-30 -4.05358e-35 -4.39505e-33  1.31525e-35  1.40862e-32 -3.14505e-36  1.78974e-33  5.38776e-37  9.20299e-35 -7.08165e-38 -2.67068e-37   7.1242e-39 -2.79911e-37 -4.62731e-40 -1.28426e-38  1.55976e-41 -1.86159e-40 -1.58417e-43
-1.07304e-43 -3.02602e-27 -2.82442e-42  1.49362e-25  1.51607e-40  -3.8991e-24 -1.35062e-39  6.77142e-23 -2.19011e-38 -8.64366e-22  7.70966e-37  8.57429e-21 -1.17986e-35 -6.84584e-20  1.23766e-34  4.50487e-19 -9.96857e-34 -2.48425e-18  6.47383e-33  1.16177e-17  -3.4759e-32  -4.6463e-17  1.56267e-31  1.59814e-16 -5.90377e-31  -4.7436e-16  1.86161e-30  1.21652e-15  -4.7743e-30 -2.69299e-15  9.19635e-30  5.12834e-15 -9.10401e-30 -8.34623e-15 -2.03609e-29  1.14803e-14  1.47424e-28 -1.31011e-14 -5.16204e-28  1.20019e-14  1.36774e-27 -8.24663e-15 -3.01227e-27  3.48706e-15  5.71593e-27  6.78265e-17 -9.50593e-27 -1.29187e-15  1.39781e-26  8.01864e-16 -1.82592e-26 -1.40416e-17  2.12467e-26 -2.43878e-16 -2.20837e-26   9.6501e-17  2.06101e-26  3.95577e-17 -1.74644e-26 -3.55344e-17  1.37213e-26 -3.67236e-18 -1.03092e-26  9.05793e-18  7.62861e-27  1.40114e-19 -5.60011e-27 -1.95198e-18  3.98682e-27 -4.45475e-20  -2.6591e-27  3.67175e-19  1.62412e-27  3.62411e-20 -9.09943e-28 -5.64942e-20  4.80532e-28 -1.29474e-20 -2.47661e-28    5.968e-21  1.25018e-28  2.70407e-21 -5.87591e-29  -2.0051e-22  2.34562e-29 -3.32634e-22 -6.83686e-30 -5.02508e-23  7.91297e-31  1.84985e-23  4.88471e-31  8.08404e-24 -3.46979e-31  5.04228e-25  1.10993e-31 -3.90862e-25 -2.47612e-32  -1.1377e-25  1.06349e-32 -6.07002e-27 -5.94551e-33  3.35012e-27  1.35607e-33  8.80212e-28  4.22894e-34  7.08716e-29 -4.20385e-34 -8.19327e-30  1.84827e-34 -2.69533e-30  -6.8018e-35 -2.79839e-31  2.07246e-35 -6.51821e-33 -4.51901e-36  1.58428e-33  6.91993e-37  1.91772e-34 -8.07726e-38  9.06394e-36  7.01863e-39  1.18669e-37 -3.62015e-40 -4.24935e-39  8.23116e-42 -9.52419e-41
 9.89692e-28 -5.73369e-43 -8.64105e-26 -1.37075e-40  2.97685e-24  3.27622e-39 -6.25918e-23 -2.19011e-38  9.28035e-22 -2.97946e-37  -1.0438e-20  9.23304e-36  9.30398e-20  -1.2772e-34  -6.7636e-19  1.23103e-33  4.09029e-18 -9.21231e-33 -2.08693e-17  5.60544e-32  9.07409e-17 -2.84047e-31 -3.38592e-16  1.21425e-30  1.08916e-15 -4.40244e-30 -3.02741e-15  1.35091e-29    7.273e-15 -3.46107e-29  -1.5071e-14  7.11948e-29  2.68108e-14 -1.03554e-28 -4.06052e-14  3.82252e-29  5.16326e-14    3.788e-28 -5.38364e-14 -1.65903e-27  4.40411e-14  4.59845e-27 -2.55206e-14 -1.01151e-26  6.93742e-15   1.8819e-26  3.74166e-15 -3.04036e-26 -5.05353e-15   4.3189e-26  1.76495e-15 -5.42682e-26  7.32468e-16  6.04923e-26 -8.53808e-16  -5.9955e-26  8.27153e-17  5.30835e-26  2.15124e-16 -4.24826e-26 -6.83648e-17  3.15057e-26 -4.31771e-17 -2.25346e-26  2.07902e-17  1.61783e-26  8.45351e-18 -1.17597e-26 -4.50295e-18  8.38385e-27 -1.77679e-18 -5.61782e-27  7.27109e-19  3.45757e-27  3.71226e-19 -1.96696e-27 -7.27724e-20  1.06399e-27  -6.5248e-20 -5.60853e-28 -6.27113e-22  2.84626e-28  8.06654e-21 -1.31685e-28  1.63485e-21  5.11509e-29 -5.04707e-22 -1.45053e-29 -2.61967e-22  1.61956e-30 -1.48619e-23  1.05807e-30  1.64929e-23 -7.64774e-31  4.69418e-24  2.60938e-31  7.31223e-26 -6.51471e-32 -2.25289e-25  2.61322e-32 -5.13161e-26  -1.2979e-32 -2.02968e-27  2.96154e-33  1.23628e-27   6.2804e-34  2.82075e-28 -6.73489e-34  2.19406e-29  2.86792e-34 -1.36672e-30 -1.01528e-34 -4.84491e-31  2.89399e-35 -4.70531e-32  -5.7012e-36 -1.60843e-33  7.72429e-37  8.10759e-35 -7.95407e-38  1.01827e-35  5.86957e-39  3.65474e-37 -2.26779e-40   4.0574e-39  2.81488e-42
 1.86205e-42  3.76149e-26  5.75904e-41 -1.87242e-24 -3.47257e-39  4.93137e-23  5.52185e-38 -8.64366e-22 -2.97946e-37  1.11408e-20 -3.50263e-36 -1.11638e-19  9.70486e-35  9.00842e-19 -1.22428e-33 -5.99429e-18   1.0897e-32  3.34449e-17 -7.59547e-32 -1.58345e-16  4.33267e-31  6.41551e-16 -2.06961e-30 -2.23723e-15  8.38501e-30  6.73817e-15 -2.89934e-29 -1.75517e-14  8.55826e-29  3.95099e-14  -2.1399e-28 -7.66176e-14  4.42877e-28  1.27203e-13 -7.11016e-28 -1.78919e-13  6.82321e-28  2.09523e-13  5.33489e-28 -1.98128e-13 -4.62444e-27  1.42258e-13  1.40042e-26 -6.55295e-14 -3.11073e-26  3.92814e-15  5.69793e-26   2.0733e-14  -8.9637e-26 -1.49786e-14  1.23256e-25  1.50388e-15 -1.49308e-25  4.04808e-15  1.59849e-25 -2.04586e-15 -1.51534e-25 -5.14984e-16  1.27743e-25  6.91811e-16 -9.69824e-26  1.33003e-18  6.83127e-26 -1.70708e-16 -4.69794e-26  1.43411e-17  3.32008e-26  3.68589e-17 -2.42724e-26 -2.89906e-18  1.75565e-26 -7.22562e-18 -1.19501e-26  9.12946e-22  7.48983e-27  1.21228e-18 -4.35871e-27  1.54884e-19  2.40799e-27 -1.50984e-19   -1.275e-27 -4.61435e-20   6.3269e-28  9.71104e-21 -2.79802e-28  7.03445e-21  1.02747e-28  5.01583e-22 -2.73749e-29 -5.26713e-22  2.53628e-30 -1.57556e-22  2.27993e-30  2.60814e-24 -1.58355e-30  1.06111e-23  5.53154e-31  2.20785e-24 -1.43081e-31 -3.34657e-26  5.46558e-32 -9.86045e-26 -2.56654e-32 -1.87235e-26  6.08844e-33 -6.88032e-28  6.83054e-34  3.28356e-28 -9.42187e-34  6.77495e-29  3.95993e-34  5.18879e-30 -1.35581e-34 -9.11351e-32  3.59677e-35 -5.48166e-32 -6.32892e-36 -4.84286e-33   7.4946e-37 -1.73594e-34 -6.76151e-38  2.93467e-37  4.13318e-39  1.81286e-37  -1.0811e-40  2.74579e-39
-1.07353e-26  1.16147e-41  9.45275e-25   2.2285e-39 -3.28543e-23 -6.39675e-38  6.97219e-22  7.70966e-37  -1.0438e-20 -3.50263e-36  1.18595e-19 -3.63159e-35 -1.06837e-18  9.10065e-34   7.8534e-18 -1.05416e-32 -4.80509e-17  8.69963e-32  2.48191e-16 -5.66032e-31 -1.09319e-15  3.02933e-30  4.13527e-15 -1.36344e-29 -1.34961e-14   5.2259e-29   3.8096e-14 -1.71709e-28 -9.30431e-14    4.844e-28  1.96263e-13 -1.16786e-27 -3.55976e-13     2.37e-27   5.5082e-13  -3.8888e-27 -7.17663e-13  4.54168e-27   7.7014e-13 -1.36146e-27 -6.53654e-13 -1.08575e-26   4.0086e-13  3.88375e-26 -1.28263e-13 -8.82875e-26 -4.30184e-14  1.59877e-25  7.67748e-14 -2.45477e-25 -3.25913e-14  3.27487e-25 -8.10127e-15 -3.83503e-25  1.37725e-14  3.95709e-25 -2.57284e-15 -3.60366e-25 -3.16403e-15  2.90866e-25  1.41502e-15 -2.11064e-25  5.70726e-16  1.42725e-25 -4.08264e-16 -9.58063e-26 -1.03071e-16  6.77925e-26   9.0013e-17 -5.04768e-26  2.23289e-17  3.72679e-26 -1.57851e-17 -2.58391e-26 -5.26705e-18  1.65014e-26  1.98261e-18 -9.77729e-27  1.07022e-18  5.44288e-27 -1.06102e-19  -2.8377e-27 -1.55915e-19  1.34844e-27 -1.75768e-20 -5.58448e-28   1.3007e-20  1.89489e-28  4.47033e-21 -4.59406e-29 -1.42611e-22  2.76678e-30 -3.77482e-22  4.68756e-30 -7.51372e-23 -3.05987e-30  5.94056e-24  1.07076e-30  5.25629e-24 -2.75872e-31  8.59299e-25  1.00934e-31 -2.52561e-26 -4.64282e-32 -3.29469e-26  1.16558e-32 -5.45613e-27  3.14695e-34 -2.23096e-28  -1.1441e-33  5.97855e-29  4.88376e-34  1.15738e-29 -1.62622e-34  8.56189e-31  3.98547e-35  8.99116e-33 -6.17496e-36 -3.33639e-33  6.29667e-37 -2.56783e-34 -4.93875e-38 -7.31319e-36  2.40074e-39 -4.98363e-38 -3.41341e-41
-2.71374e-41 -3.62902e-25  -6.6779e-40  1.82255e-23     4.93e-38 -4.84468e-22 -9.46198e-37  8.57429e-21  9.23304e-36 -1.11638e-19 -3.63159e-35  1.13061e-18 -3.37064e-34 -9.22512e-18    7.707e-33  6.21044e-17 -8.24134e-32 -3.50777e-16  6.32685e-31  1.68229e-15 -3.84987e-30 -6.90927e-15  1.93476e-29  2.44431e-14 -8.20435e-29 -7.47513e-14  2.97187e-28  1.97911e-13 -9.25789e-28 -4.53367e-13  2.48588e-27  8.95974e-13  -5.7375e-27 -1.51873e-12  1.12602e-26  2.18634e-12 -1.82732e-26 -2.62969e-12  2.26599e-26  2.56885e-12 -1.49852e-26 -1.92786e-12 -1.97433e-26   9.6255e-13  9.86099e-26 -1.27541e-13 -2.33014e-25 -2.54805e-13  4.18739e-25  2.17305e-13 -6.28938e-25 -3.94344e-14  8.16202e-25 -5.10291e-14 -9.27214e-25  3.29974e-14  9.26241e-25  4.01069e-15  -8.1507e-25 -1.02993e-14   6.3479e-25  1.03058e-15 -4.45006e-25  2.43837e-15  2.93211e-25 -4.76854e-16 -1.95592e-25 -5.22699e-16  1.40529e-25  1.03334e-16  -1.0695e-25  1.06362e-16  8.02945e-26 -1.19274e-17 -5.63535e-26 -1.93898e-17   3.6368e-26 -5.09083e-19 -2.16727e-26  2.77432e-18  1.19681e-26  5.33661e-19 -6.05151e-27 -2.45369e-19  2.71896e-27 -1.08928e-19 -1.04027e-27  2.37363e-21  3.19666e-28  1.05807e-20 -6.80454e-29  2.15544e-21  8.28652e-31 -2.94811e-22  8.94656e-30 -2.06622e-22 -5.49939e-30 -2.92558e-23  1.90763e-30   3.8196e-24 -4.76524e-31  2.04941e-24  1.66985e-31  2.79429e-25 -7.72773e-32 -7.59375e-27  2.06655e-32 -8.25892e-27 -8.09215e-34 -1.22896e-27 -1.18661e-33 -5.79882e-29  5.39828e-34   6.7285e-30 -1.75617e-34  1.29628e-30  3.93385e-35  8.79408e-32 -5.27073e-36  1.98069e-33  4.54216e-37 -7.65314e-35 -3.06593e-38 -4.88441e-36  1.09687e-39  -5.6759e-38
 9.21257e-26 -2.39394e-40 -8.18425e-24 -2.46289e-38  2.87103e-22  8.11884e-37 -6.15208e-21 -1.17986e-35  9.30398e-20  9.70486e-35 -1.06837e-18 -3.37064e-34  9.73193e-18 -2.83226e-33 -7.23756e-17  5.94947e-32  4.48274e-16 -5.89844e-31 -2.34536e-15  4.22382e-30  1.04713e-14 -2.40771e-29 -4.01807e-14   1.1372e-28  1.33138e-13 -4.54411e-28 -3.81919e-13  1.55467e-27  9.48993e-13 -4.58478e-27  -2.0393e-12  1.16854e-26  3.77435e-12 -2.56962e-26 -5.97212e-12  4.83564e-26  7.97998e-12 -7.62502e-26 -8.82132e-12  9.52815e-26  7.77313e-12 -7.69432e-26 -5.04051e-12  -1.8801e-26  1.85327e-12  2.30876e-25  3.33741e-13 -5.76624e-25 -9.21535e-13  1.03125e-24  4.69343e-13 -1.51845e-24  5.36275e-14  1.92283e-24   -1.743e-13 -2.12813e-24  4.94788e-14  2.06965e-24  3.53961e-14 -1.77239e-24 -2.21296e-14  1.34446e-24 -5.25321e-15 -9.22144e-25  6.12544e-15  6.01701e-25  7.59976e-16 -4.05031e-25 -1.36686e-15  2.97046e-25 -1.70405e-16 -2.29609e-25  2.55302e-16  1.73424e-25  5.09809e-17 -1.21866e-25 -3.70884e-17  7.85455e-26 -1.28689e-17 -4.64552e-26  3.27714e-18  2.51222e-26  2.26047e-18  -1.2201e-26  3.91268e-20  5.14647e-27 -2.38241e-19 -1.80081e-27 -5.46429e-20  4.90477e-28  9.07586e-21 -8.71367e-29  6.35612e-21 -5.26916e-30  7.98308e-22  1.56399e-29 -2.12462e-22  -9.1911e-30 -8.99718e-23  3.14371e-30 -9.59432e-24  -7.4205e-31  1.55539e-24  2.48218e-31  6.28776e-25 -1.18785e-31  7.52256e-26  3.38688e-32 -9.40341e-28 -2.94226e-33  -1.4921e-27 -1.01361e-33   -2.026e-28  5.37272e-34 -1.04089e-29 -1.70872e-34  3.56553e-31  3.44537e-35  8.33475e-32 -3.90108e-36  4.73986e-33  2.77162e-37  1.01295e-34 -1.58197e-38 -1.42568e-38  3.45156e-40
 3.30271e-40   2.8143e-24   4.7467e-39 -1.42657e-22 -5.03162e-37  3.82903e-21  1.08714e-35 -6.84584e-20  -1.2772e-34  9.00842e-19  9.10065e-34 -9.22512e-18 -2.83226e-33  7.61528e-17 -2.17338e-32 -5.18965e-16  4.21703e-31  2.96905e-15  -3.8898e-30 -1.44328e-14  2.60416e-29  6.01262e-14 -1.39267e-28 -2.15936e-13  6.18729e-28  6.71007e-13 -2.33041e-27 -1.80707e-12  7.52813e-27  4.21591e-12 -2.09951e-26 -8.49808e-12   5.0691e-26  1.47199e-11  -1.0584e-25 -2.17077e-11  1.89857e-25  2.68419e-11 -2.87676e-25 -2.71103e-11  3.52644e-25  2.12713e-11 -3.03811e-25  -1.1464e-11   4.3581e-26  2.29299e-12  5.04469e-25  2.45523e-12 -1.35075e-24  -2.5355e-12  2.40671e-24  6.67956e-13 -3.48082e-24  4.97749e-13  4.31673e-24 -4.21491e-13 -4.67825e-24 -2.52848e-15  4.45722e-24  1.21045e-13 -3.74311e-24 -2.54413e-14  2.79186e-24  -2.7052e-14 -1.89592e-24   9.0167e-15  1.24097e-24  5.66882e-15 -8.49344e-25 -2.01524e-15  6.33249e-25  -1.1934e-15 -4.91503e-25  3.06677e-16  3.69082e-25  2.37454e-16 -2.56872e-25 -2.13899e-17  1.63541e-25 -3.87809e-17 -9.49466e-26 -3.43869e-18  4.98231e-26  4.28983e-18 -2.31045e-26   1.2426e-18  9.10871e-27 -1.90996e-19 -2.88735e-27 -1.58945e-19  6.77572e-28 -1.91865e-20 -9.15218e-29  7.65951e-21  -1.7209e-29  3.00913e-21  2.49158e-29  2.27644e-22 -1.43145e-29 -1.02106e-22  4.80641e-30 -3.16559e-23 -1.03769e-30 -2.73342e-24  3.29509e-31   4.3969e-25 -1.69121e-31  1.49025e-25  5.13217e-32  1.62033e-26 -6.07824e-33   1.1174e-28 -6.49006e-34 -1.81099e-28  4.85509e-34 -2.25288e-29 -1.49587e-34  -1.1411e-30  2.65648e-35 -2.73001e-33 -2.46687e-36   2.3973e-33  1.39486e-37  9.43432e-35 -6.46542e-39  8.64012e-37
-6.43585e-25  3.68487e-39   5.7709e-23  1.99024e-37  -2.0442e-21  -7.6389e-36  4.42505e-20  1.23766e-34  -6.7636e-19 -1.22428e-33   7.8534e-18    7.707e-33 -7.23756e-17 -2.17338e-32   5.4486e-16 -1.53346e-31 -3.41823e-15   2.7603e-30  1.81266e-14 -2.37568e-29 -8.20859e-14  1.48988e-28  3.19736e-13 -7.48495e-28 -1.07638e-12  3.13055e-27  3.14023e-12 -1.11181e-26 -7.94477e-12  3.39074e-26  1.74071e-11  -8.9363e-26 -3.29038e-11  2.04077e-25  5.32877e-11   -4.035e-25 -7.30926e-11  6.86853e-25  8.33085e-11 -9.92174e-25 -7.62669e-11  1.17343e-24  5.22571e-11 -1.01817e-24  -2.1702e-11  3.15561e-25 -1.19246e-12  1.05083e-24  8.96014e-12 -3.02875e-24 -5.45547e-12  5.36774e-24  6.97725e-15 -7.63873e-24  1.77294e-12  9.31549e-24 -7.00089e-13  -9.9396e-24 -3.00063e-13  9.33481e-24  2.72938e-13 -7.73926e-24  2.74814e-14  5.71831e-24 -7.26123e-14 -3.87541e-24 -3.28126e-16  2.56005e-24  1.62919e-14 -1.77983e-24   1.1139e-16  1.33713e-24 -3.20496e-15 -1.03086e-24 -2.58116e-16  7.62441e-25  5.20771e-16 -5.21117e-25  1.08843e-16  3.24943e-25 -5.93391e-17 -1.83678e-25 -2.48646e-17  9.29357e-26  2.56817e-18 -4.09899e-26  3.29317e-18  1.50489e-26  4.41565e-19 -4.27293e-27  -2.0147e-19  8.26495e-28 -8.10169e-20 -6.60698e-29 -3.88803e-21 -3.49339e-29  4.23643e-21   3.6138e-29  1.15808e-21 -2.08554e-29  5.09631e-23  6.82457e-30 -3.61364e-23 -1.28228e-30 -8.98714e-24  3.83872e-31  -6.8387e-25 -2.23774e-31  8.53201e-26  7.19943e-32  2.62739e-26 -9.82017e-33  2.62917e-27 -2.05233e-34  6.12104e-29   4.0474e-34 -1.30289e-29 -1.17299e-34 -1.49012e-30   1.7782e-35 -6.49754e-32 -1.30085e-36 -8.30844e-34  5.53343e-38  1.57393e-35 -1.83336e-39
-3.35441e-39  -1.7962e-23 -1.38836e-38  9.19404e-22  3.93409e-36 -2.49301e-20 -9.45042e-35  4.50487e-19  1.23103e-33 -5.99429e-18 -1.05416e-32  6.21044e-17  5.94947e-32 -5.18965e-16 -1.53346e-31  3.58222e-15 -1.00021e-30 -2.07718e-14  1.67615e-29  1.02412e-13 -1.34927e-28 -4.33059e-13  7.94006e-28  1.58001e-12 -3.75187e-27 -4.99263e-12  1.47847e-26  1.36874e-11 -4.95312e-26 -3.25488e-11  1.42609e-25  6.69777e-11 -3.54982e-25 -1.18662e-10   7.6583e-25  1.79437e-10 -1.43071e-24 -2.28319e-10  2.30251e-24  2.38632e-10 -3.15085e-24 -1.95819e-10  3.55215e-24  1.13532e-10 -3.00367e-24 -2.99579e-11  1.12654e-24 -1.85798e-11  2.15984e-24  2.43424e-11 -6.58177e-24 -8.50423e-12  1.15454e-23 -3.71914e-12 -1.61897e-23  4.37502e-12  1.94966e-23 -4.54843e-13 -2.05834e-23  -1.1418e-12  1.91456e-23  3.87496e-13 -1.57363e-23  2.33608e-13  1.15587e-23 -1.23151e-13 -7.83609e-24 -4.63804e-14  5.22032e-24   2.8092e-14 -3.66513e-24  1.00693e-14  2.75036e-24 -4.86116e-15 -2.09002e-24  -2.2288e-15  1.51311e-24   5.5184e-16 -1.00965e-24  4.20694e-16  6.12818e-25 -9.94968e-18 -3.35299e-25 -5.64375e-17  1.62835e-25 -9.86292e-18 -6.80984e-26  4.01603e-18  2.31912e-26  1.82583e-18 -5.80852e-27   5.8132e-20  8.52803e-28 -1.27919e-19   2.6879e-30 -3.30068e-20 -5.51062e-29  2.02428e-22  4.77949e-29  1.75378e-21  -2.8577e-29  3.67928e-22  8.98863e-30  1.00204e-23 -1.34412e-30   -9.587e-24  3.76785e-31 -2.02193e-24 -2.76439e-31 -1.45207e-25  9.36433e-32  1.04314e-26 -1.34038e-32  3.23884e-27  1.59656e-34  2.94534e-28  3.19842e-34  9.43619e-30 -8.16238e-35 -4.21011e-31  1.00847e-35 -4.69448e-32 -5.48644e-37 -1.37123e-33  1.57779e-38 -9.40283e-36
  3.7328e-24 -4.27229e-38 -3.37997e-22 -1.18714e-36  1.20955e-20  5.64136e-35 -2.64637e-19 -9.96857e-34  4.09029e-18   1.0897e-32 -4.80509e-17 -8.24134e-32  4.48274e-16  4.21703e-31 -3.41823e-15 -1.00021e-30  2.17348e-14 -6.05698e-30 -1.16899e-13  9.47708e-29  5.37311e-13 -7.15004e-28 -2.12603e-12  3.95418e-27  7.27722e-12 -1.75935e-26  -2.1609e-11  6.53712e-26  5.57122e-11 -2.06683e-25 -1.24568e-10  5.61826e-25  2.40705e-10 -1.32032e-24 -3.99376e-10  2.68804e-24  5.62903e-10 -4.73562e-24 -6.62144e-10   7.1815e-24  6.30234e-10 -9.25821e-24 -4.56046e-10  9.84943e-24  2.11219e-10 -7.92601e-24 -1.06683e-11  3.02569e-24 -7.15433e-11  4.57241e-24  5.23862e-11 -1.40319e-23  -5.5739e-12  2.41701e-23 -1.46644e-11 -3.34333e-23  7.79334e-12  3.99014e-23  1.80937e-12 -4.18203e-23 -2.72363e-12   3.8604e-23  6.66647e-14 -3.14723e-23  6.92638e-13  2.29598e-23 -8.28219e-14 -1.55304e-23 -1.54832e-13  1.03844e-23  1.87025e-14 -7.31353e-24  3.18447e-14   5.4471e-24 -1.35058e-15   -4.061e-24 -5.70686e-15  2.86699e-24 -5.02542e-16  -1.8604e-24  7.78296e-16  1.09445e-24  2.01811e-16 -5.77148e-25 -5.99421e-17  2.68055e-25 -3.51452e-17 -1.05985e-25 -1.26278e-18  3.33153e-26  2.98895e-18 -7.19735e-27  7.77681e-19  6.57468e-28 -4.31031e-20  1.18692e-28 -6.01009e-20 -7.04604e-29 -1.10492e-20  5.79215e-29  5.00051e-22 -3.70743e-29  5.63691e-22  1.09361e-29  9.66826e-23 -1.05793e-30  2.21658e-24  2.77595e-31 -1.87271e-24 -3.20976e-31 -3.47396e-25   1.1309e-31  -2.4172e-26 -1.59185e-32  6.02396e-28  3.18969e-34  2.52779e-28  2.48352e-34  2.00701e-29 -4.95143e-35  6.36552e-31  4.62583e-36 -8.81342e-34 -1.70487e-37 -4.07624e-34  2.52177e-39
  2.8672e-38  9.59228e-23 -1.35888e-37 -4.96042e-21 -2.41742e-35   1.3595e-19  6.55014e-34 -2.48425e-18 -9.21231e-33  3.34449e-17  8.69963e-32 -3.50777e-16 -5.89844e-31  2.96905e-15   2.7603e-30 -2.07718e-14 -6.05698e-30   1.2216e-13 -3.41736e-29 -6.11311e-13   5.0045e-28  2.62578e-12 -3.54503e-27 -9.73998e-12  1.84494e-26  3.13218e-11 -7.73757e-26 -8.74883e-11  2.71292e-25  2.12251e-10 -8.09849e-25  -4.4629e-10  2.07861e-24  8.09505e-10 -4.61015e-24 -1.25646e-09   8.8489e-24  1.64684e-09 -1.46741e-23 -1.78281e-09  2.09027e-23  1.53063e-09 -2.52501e-23 -9.52044e-10  2.51067e-23  3.09578e-10 -1.88202e-23  1.06806e-10  6.51339e-24 -1.95144e-10  1.02764e-23  8.64834e-11 -2.96333e-23  1.98141e-11   4.9661e-23 -3.75001e-11 -6.78036e-23  8.10498e-12  8.03569e-23  8.66463e-12 -8.36594e-23 -4.40207e-12  7.65313e-23  -1.5193e-12 -6.16929e-23  1.31017e-12   4.4501e-23  2.62468e-13 -2.98742e-23 -3.02959e-13  1.99362e-23 -5.85122e-14 -1.40109e-23  5.69708e-14  1.03167e-23  1.53781e-14 -7.52565e-24 -8.01696e-15   5.1691e-24 -3.52319e-15 -3.25384e-24   6.0357e-16  1.84984e-24  5.76861e-16 -9.37123e-25  3.87148e-17  4.14925e-25 -5.55541e-17 -1.54603e-25 -1.58717e-17  4.45655e-26  1.40576e-18 -8.01929e-27  1.57655e-18  1.59687e-28  2.61239e-19   2.6857e-28 -3.73182e-20 -7.11621e-29 -2.21779e-20  6.50991e-29 -3.10531e-21 -4.58957e-29  2.07852e-22  1.21799e-29  1.41001e-22 -2.68172e-31  2.07003e-23  7.54851e-32  5.63978e-25 -3.53518e-31 -2.56521e-25   1.2689e-31 -4.29253e-26 -1.66531e-32 -2.83386e-27  2.43084e-34 -1.40532e-29  1.94806e-34  1.05036e-29 -2.52997e-35  6.71781e-31  1.53944e-36  1.50045e-32 -3.13933e-38  6.00771e-35
-1.82265e-23  3.90986e-37  1.66741e-21  4.83059e-36 -6.03133e-20 -3.35957e-34  1.33448e-18  6.47383e-33 -2.08693e-17 -7.59547e-32  2.48191e-16  6.32685e-31 -2.34536e-15  -3.8898e-30  1.81266e-14  1.67615e-29 -1.16899e-13 -3.41736e-29  6.38135e-13 -1.80155e-28 -2.97932e-12  2.47441e-27  1.19846e-11 -1.64834e-26 -4.17445e-11  8.08294e-26  1.26275e-10 -3.19846e-25 -3.32061e-10  1.05897e-24  7.58393e-10 -2.98599e-24 -1.49956e-09  7.23731e-24  2.55165e-09 -1.51441e-23  -3.6994e-09  2.73798e-23  4.49568e-09 -4.26603e-23 -4.45233e-09  5.68951e-23  3.40121e-09  -6.4037e-23 -1.73999e-09  5.88967e-23  2.48352e-10 -4.01528e-23  4.70657e-10  1.08344e-23 -4.22207e-10  2.43972e-23  8.74699e-11  -6.2287e-23  9.85067e-11  1.00765e-22 -7.06473e-11 -1.35787e-22 -5.46512e-12   1.5974e-22  2.23024e-11 -1.64763e-22 -3.37282e-12  1.48695e-22 -5.34415e-12  -1.1784e-22  1.41514e-12  8.35203e-23  1.17218e-12  -5.5318e-23  -3.2908e-13  3.66749e-23 -2.50653e-13 -2.56381e-23  4.80308e-14  1.86209e-23  4.94718e-14 -1.32676e-23 -1.95064e-15  8.85359e-24 -7.87727e-15 -5.39831e-24 -1.04762e-15  2.95995e-24  8.20969e-16 -1.43667e-24  2.87329e-16  6.04488e-25 -2.62522e-17 -2.11428e-25 -3.31842e-17  5.53958e-26 -5.25144e-18 -7.82285e-27  1.30623e-18 -6.59347e-28  6.46729e-19  4.18333e-28  7.04867e-20 -4.86279e-29 -1.66708e-20  6.97455e-29  -6.5543e-21 -5.46678e-29 -7.43421e-22  1.21879e-29  5.02834e-23  1.10848e-30     2.69e-23 -2.07065e-31   3.4816e-24 -3.73413e-31  1.21283e-25  1.32217e-31 -2.24422e-26 -1.54019e-32 -3.47705e-27  1.08975e-35 -2.04167e-28  1.53859e-34 -3.56541e-30 -1.00988e-35  1.58725e-31   2.3603e-37  6.61183e-33 -2.67389e-40
-2.08376e-37 -4.33677e-22  2.51432e-36  2.26695e-20   1.1633e-34  -6.2834e-19 -3.71597e-33  1.16177e-17  5.60544e-32 -1.58345e-16 -5.66032e-31  1.68229e-15  4.22382e-30 -1.44328e-14 -2.37568e-29  1.02412e-13  9.47708e-29 -6.11311e-13 -1.80155e-28  3.10727e-12 -8.89563e-28 -1.35682e-11  1.14801e-26  5.12123e-11 -7.20217e-26  -1.6775e-10  3.33155e-25  4.77831e-10 -1.24499e-24 -1.18379e-09  3.89503e-24  2.54594e-09 -1.03785e-23 -4.73287e-09  2.37564e-23  7.54826e-09 -4.68839e-23 -1.02021e-08  7.97638e-23  1.14507e-08 -1.16545e-22 -1.02907e-08  1.45017e-22   6.8515e-09 -1.51112e-22  -2.6367e-09  1.26954e-22 -4.03144e-10 -7.61717e-23  1.31715e-09  1.06474e-23 -7.25515e-10  5.91362e-23 -5.04747e-11 -1.30194e-22  2.67622e-10  2.02509e-22 -9.08614e-11 -2.69094e-22 -5.19235e-11  3.13266e-22  3.97425e-11 -3.18425e-22  6.44234e-12  2.81658e-22 -1.12237e-11 -2.17924e-22 -5.89732e-13  1.50766e-22  2.61191e-12 -9.80238e-23  1.32335e-13  6.43894e-23 -5.22972e-13 -4.47078e-23  -6.4158e-14  3.19794e-23  8.47663e-14 -2.22249e-23  2.16354e-14  1.43959e-23 -9.26228e-15 -8.49627e-24 -4.58813e-15  4.48729e-24  2.71011e-16  -2.0818e-24  5.74832e-16  8.29504e-25  9.66349e-17 -2.70973e-25 -3.09591e-17  6.37371e-26 -1.49085e-17 -6.27628e-27 -1.19421e-18 -1.71706e-27  6.64387e-19  5.18343e-28  2.14115e-19 -9.33267e-31  1.57447e-20  7.50755e-29   -5.152e-21 -6.31346e-29 -1.54842e-21  1.05032e-29 -1.51102e-22  3.02262e-30  7.43402e-24 -5.12168e-31  3.75096e-24 -3.82272e-31  4.32435e-25  1.27687e-31  1.75141e-26 -1.25623e-32 -1.02833e-27 -2.40796e-34  -1.5877e-28  1.18097e-34 -7.30936e-30 -2.48051e-36 -1.15504e-31 -9.11062e-38  1.35022e-34
 7.56625e-23 -2.92744e-36 -6.99716e-21 -7.29579e-36  2.55979e-19  1.62714e-33 -5.73109e-18  -3.4759e-32  9.07409e-17  4.33267e-31 -1.09319e-15 -3.84987e-30  1.04713e-14  2.60416e-29 -8.20859e-14 -1.34927e-28  5.37311e-13   5.0045e-28 -2.97932e-12 -8.89563e-28  1.41406e-11 -4.12279e-27 -5.78771e-11  5.00741e-26  2.05327e-10 -2.96237e-25 -6.33309e-10  1.29404e-24   1.7003e-09 -4.57069e-24 -3.97067e-09  1.35208e-23  8.04233e-09 -3.40567e-23   -1.405e-08  7.36255e-23  2.09763e-08 -1.36986e-22 -2.63636e-08  2.19077e-22  2.71901e-08 -2.99541e-22 -2.19234e-08  3.46352e-22  1.22972e-08 -3.31564e-22 -2.77848e-09  2.50217e-22 -2.52367e-09 -1.25052e-22  2.88578e-09 -1.11657e-23 -8.91514e-10  1.41013e-22 -5.25633e-10  -2.6924e-22   5.3171e-10  4.02892e-22 -3.14179e-11 -5.26893e-22 -1.50461e-10  6.03838e-22  4.42737e-11 -6.00742e-22  3.29585e-11  5.17074e-22 -1.52549e-11 -3.87884e-22  -6.8764e-12  2.60387e-22   3.6156e-12 -1.65604e-22   1.5207e-12  1.07698e-22 -6.32549e-13 -7.42426e-23 -3.35598e-13  5.22253e-23  6.86329e-14 -3.53531e-23  6.26852e-14   2.2218e-23  4.09097e-16 -1.26921e-23  -8.2254e-15  6.45177e-24 -1.68686e-15 -2.85447e-24  5.40106e-16  1.07269e-24  2.84193e-16 -3.25034e-25  1.70298e-17  6.74044e-26 -1.81294e-17 -3.33655e-27 -5.32344e-18 -2.81374e-27 -1.34212e-19  5.17067e-28  2.42463e-19  6.24575e-29  5.80932e-20  8.70254e-29  3.09712e-21 -7.10565e-29 -1.15713e-21  6.88135e-30 -2.86541e-22  5.26281e-30 -2.51881e-23 -7.61102e-31  5.40212e-25 -3.81643e-31  3.55797e-25  1.13853e-31  3.61227e-26 -8.96138e-33  1.47169e-27 -3.95301e-34 -1.10013e-29   8.4091e-35 -3.04765e-30  2.12283e-37 -7.89048e-32 -6.84257e-38
 1.30132e-36  1.67363e-21 -2.34483e-35 -8.84859e-20 -4.16025e-34  2.48191e-18   1.7459e-32  -4.6463e-17 -2.84047e-31  6.41551e-16  3.02933e-30 -6.90927e-15 -2.40771e-29  6.01262e-14  1.48988e-28 -4.33059e-13 -7.15004e-28  2.62578e-12  2.47441e-27 -1.35682e-11 -4.12279e-27  6.02832e-11 -1.79675e-26 -2.31735e-10  2.05684e-25  7.73911e-10 -1.14885e-24 -2.25032e-09  4.74384e-24  5.69896e-09 -1.58497e-23 -1.25499e-08  4.43572e-23  2.39374e-08 -1.05651e-22 -3.92728e-08   2.1571e-22   5.4799e-08 -3.78192e-22 -6.38341e-08  5.67861e-22  6.00843e-08 -7.24787e-22 -4.27461e-08  7.75049e-22  1.89642e-08 -6.74904e-22  1.14489e-10  4.46258e-22 -7.49928e-09 -1.65162e-22  5.11802e-09 -9.63316e-23 -3.32181e-10  3.22675e-22 -1.59018e-09 -5.47095e-22  7.76128e-10  7.90759e-22  2.29078e-10 -1.01486e-21 -2.93279e-10  1.13773e-21 -2.42643e-12 -1.09999e-21  7.84658e-11  9.14979e-22  -7.2384e-12 -6.61266e-22 -1.81882e-11  4.28631e-22   1.7401e-12 -2.66183e-22   3.8334e-12  1.71551e-22 -7.49503e-14 -1.17416e-22 -6.96751e-13  8.10793e-23 -7.69009e-14 -5.33848e-23  9.50121e-14  3.25533e-23  2.72919e-14   -1.801e-23 -6.96356e-15  8.80796e-24 -4.60113e-15 -3.70754e-24 -2.63463e-16  1.30729e-24  3.73337e-16 -3.63845e-25  1.07325e-16  6.46627e-26 -2.81439e-18  6.28219e-28 -7.57371e-18 -3.65431e-27 -1.55535e-18  3.79434e-28  2.03809e-20  1.19399e-28  6.74036e-20  1.12744e-28  1.29131e-20 -7.79969e-29  5.77922e-22  1.40525e-30 -1.86405e-22  7.48043e-30 -3.98773e-23 -8.82374e-31 -3.20984e-24  -3.7104e-31  -1.1476e-26  9.31579e-32  2.03459e-26 -5.50417e-33  1.75326e-27 -4.10441e-34  5.94031e-29  5.32405e-35  4.21124e-31  5.54315e-37 -9.78023e-33
 -2.6884e-22  1.83956e-35  2.51481e-20 -7.77217e-35 -9.31065e-19 -6.33872e-33  2.11076e-17  1.56267e-31 -3.38592e-16 -2.06961e-30  4.13527e-15  1.93476e-29 -4.01807e-14 -1.39267e-28  3.19736e-13  7.94006e-28 -2.12603e-12 -3.54503e-27  1.19846e-11  1.14801e-26 -5.78771e-11 -1.79675e-26   2.4126e-10 -7.37539e-26 -8.72598e-10   7.9685e-25   2.7471e-09 -4.20692e-24 -7.53796e-09  1.64358e-23   1.8019e-08  -5.1982e-23 -3.74277e-08    1.377e-22  6.72102e-08 -3.10212e-22 -1.03455e-07  5.98104e-22   1.3463e-07 -9.87515e-22 -1.44731e-07  1.39014e-21  1.23169e-07 -1.65146e-21 -7.53187e-08   1.6235e-21  2.28268e-08 -1.26861e-21  1.05934e-08  7.04996e-22 -1.68223e-08 -1.29807e-22  7.02471e-09 -3.30198e-22  2.06268e-09  7.00025e-22 -3.35558e-09 -1.08533e-21  6.44737e-10  1.52331e-21  8.29038e-10 -1.91166e-21 -3.96716e-10  2.08299e-21 -1.54861e-10 -1.94439e-21  1.24558e-10  1.55354e-21  2.81726e-11 -1.07572e-21 -2.98955e-11  6.70714e-22  -6.3911e-12 -4.06694e-22  5.77799e-12  2.60362e-22  1.68053e-12 -1.76905e-22 -8.25398e-13   1.1963e-22 -3.86824e-13 -7.65088e-23  6.02223e-14  4.52976e-23  6.36097e-14 -2.42995e-23  5.11852e-15  1.14318e-23 -6.05106e-15 -4.56631e-24 -1.84841e-15  1.50065e-24  1.25163e-16 -3.77961e-25  1.76178e-16  5.47775e-26  3.19358e-17  4.82566e-27 -3.43202e-18 -3.90756e-27 -2.44901e-18  1.02239e-28 -3.79018e-19  1.38966e-28  1.31695e-20  1.57878e-28  1.43841e-20 -8.31217e-29   2.3102e-21 -5.45442e-30  1.01413e-22   9.2712e-30 -2.03496e-23 -8.41213e-31 -3.90391e-24 -3.47936e-31 -2.81688e-25  6.93282e-32 -5.22559e-27 -2.83257e-33  5.56526e-28 -3.20159e-34  3.76385e-29  2.87774e-35  7.14867e-31  2.50661e-37
-7.05193e-36 -5.54329e-21  1.61095e-34  2.96627e-19  8.60352e-34 -8.42531e-18 -6.79084e-32  1.59814e-16  1.21425e-30 -2.23723e-15 -1.36344e-29  2.44431e-14   1.1372e-28 -2.15936e-13 -7.48495e-28  1.58001e-12  3.95418e-27 -9.73998e-12 -1.64834e-26  5.12123e-11  5.00741e-26 -2.31735e-10 -7.37539e-26  9.08172e-10 -2.85585e-25 -3.09551e-09  2.91575e-24  9.19804e-09 -1.45653e-23  -2.3839e-08  5.38859e-23  5.38165e-08 -1.61434e-22 -1.05447e-07  4.04948e-22  1.78189e-07 -8.62992e-22    -2.57e-07   1.5709e-21  3.11059e-07 -2.44062e-21 -3.06862e-07  3.21545e-21  2.32967e-07 -3.54268e-21 -1.17021e-07  3.17698e-21  1.33454e-08 -2.18365e-21  3.57788e-08  9.39334e-22 -3.07119e-08   1.2995e-22   5.7675e-09 -8.64196e-22  7.77223e-09   1.4343e-21 -5.36345e-09 -2.09158e-21  -5.3579e-10  2.86415e-21  1.78895e-09 -3.50054e-21 -2.52421e-10   3.6858e-21 -4.46629e-10 -3.30352e-21  1.15547e-10  2.52202e-21  1.01269e-10   -1.665e-21  -2.8098e-11  9.95774e-22 -2.22903e-11 -5.90588e-22  4.22941e-12  3.76835e-22  4.52035e-12 -2.53971e-22 -1.65391e-13  1.67678e-22 -7.37193e-13 -1.04045e-22 -1.02048e-13  5.98944e-23  7.79077e-14 -3.12083e-23  2.81102e-14  1.41247e-23 -2.34337e-15 -5.33833e-24 -3.24261e-15  1.62022e-24 -5.42225e-16  -3.6041e-25  1.20446e-16   3.8343e-26  6.38424e-17  8.16529e-27  7.63141e-18 -3.28628e-27 -1.44838e-18 -2.80434e-28 -6.28301e-19  9.00755e-29 -7.78247e-20  2.23561e-28  2.97671e-21 -8.51859e-29  2.30817e-21 -1.28627e-29  3.19707e-22  1.02897e-29  1.46974e-23 -6.55342e-31 -1.33177e-24 -3.09983e-31 -2.41731e-25  4.63375e-32 -1.46251e-26 -1.16213e-33 -3.17087e-28 -1.93854e-34  3.80721e-30  1.25366e-35  1.54348e-31
