    0.157909  1.12165e-17   -0.0458018 -2.05611e-17   -0.0307952  2.21581e-17  0.000801602 -8.01637e-18   0.00538837 -2.16614e-18   0.00113166  5.55625e-19 -0.000463785  2.14001e-19 -0.000229683  5.82004e-20 -1.41721e-05 -1.17155e-20  7.26362e-06 -2.91023e-21  8.33248e-07
 1.12165e-17     0.135641 -9.15542e-18   -0.0105189  1.19875e-17   -0.0319884  1.63639e-17  -0.00332575 -8.18392e-18   0.00628927 -2.55289e-18   0.00212986 -8.14487e-20 -0.000447769  3.36474e-19 -0.000356877   1.0666e-19 -4.68186e-05 -2.08189e-20  4.04132e-06  -2.4279e-21
  -0.0458018 -9.15542e-18    0.0791455 -2.83605e-17  0.000908469  2.77294e-17   -0.0280724  1.34662e-17    -0.005709 -4.54759e-18   0.00617872 -2.83375e-18   0.00289991 -6.38309e-19 -0.000237657  4.45599e-19  -0.00039525  1.01565e-19 -7.17196e-05 -2.89433e-20 -1.03901e-06
-2.05611e-17   -0.0105189 -2.83605e-17    0.0547671 -3.31048e-17   0.00341012  2.34582e-17   -0.0250372  1.12722e-17    -0.007275 -1.01214e-18   0.00565261 -3.24242e-18   0.00345602 -7.78296e-19   9.2702e-05  5.31805e-19 -0.000333901  4.59804e-20 -6.84512e-05 -2.82554e-20
  -0.0307952  1.19875e-17  0.000908469 -3.31048e-17    0.0442543 -2.72079e-17   0.00453351  1.36184e-17   -0.0228285  9.90166e-18   -0.0085319  5.26709e-19   0.00484621 -3.73109e-18   0.00378598 -5.05471e-19  0.000470946  5.72045e-19 -0.000191907 -2.38763e-20 -3.67724e-05
 2.21581e-17   -0.0319884  2.77294e-17   0.00341012 -2.72079e-17    0.0382084 -1.85939e-17   0.00528793    7.088e-18   -0.0211562  1.03089e-17  -0.00968939  4.12994e-19   0.00377021 -3.80997e-18   0.00383064  1.74568e-19  0.000790038  5.76716e-19 -3.53349e-05 -5.14996e-20
 0.000801602  1.63639e-17   -0.0280724  2.34582e-17   0.00453351 -1.85939e-17    0.0344326 -1.33874e-17   0.00595655  5.39946e-18   -0.0198393   1.1415e-17   -0.0108566 -5.98046e-19   0.00237942 -3.03319e-18    0.0034829  1.18848e-18  0.000903983  5.46726e-19  4.37278e-05
-8.01637e-18  -0.00332575  1.34662e-17   -0.0250372  1.36184e-17   0.00528793 -1.33874e-17    0.0320722 -1.28594e-17   0.00669138  6.30035e-18   -0.0187289  1.08766e-17   -0.0120795 -2.35062e-18  0.000621795 -1.46245e-18   0.00264213  2.17466e-18  0.000711615  4.05889e-19
  0.00538837 -8.18392e-18    -0.005709  1.12722e-17   -0.0228285    7.088e-18   0.00595655 -1.28594e-17    0.0306992 -1.42665e-17   0.00760473  7.07837e-18   -0.0176663  6.73548e-18   -0.0133094 -5.03394e-18  -0.00144163  3.44623e-19   0.00139048  2.54421e-18  0.000317696
-2.16614e-18   0.00628927 -4.54759e-18    -0.007275  9.90166e-18   -0.0211562  5.39946e-18   0.00669138 -1.42665e-17    0.0301173 -1.36992e-17   0.00883117  6.30767e-18    -0.016408 -1.45121e-18   -0.0142666 -8.23913e-18   -0.0033983  1.81374e-18  0.000189376  1.90246e-18
  0.00113166 -2.55289e-18   0.00617872 -1.01214e-18   -0.0085319  1.03089e-17   -0.0198393  6.30035e-18   0.00760473 -1.36992e-17    0.0302785 -8.29367e-18    0.0106009  3.95444e-18    -0.014471  -1.1949e-17   -0.0142178 -1.02623e-17  -0.00436476  2.66956e-18 -0.000331565
 5.55625e-19   0.00212986 -2.83375e-18   0.00565261  5.26709e-19  -0.00968939   1.1415e-17   -0.0187289  7.07837e-18   0.00883117 -8.29367e-18    0.0312915  2.73843e-18    0.0133729  6.23955e-19   -0.0109635 -2.09395e-17   -0.0120566  -8.9146e-18  -0.00358427  2.50947e-18
-0.000463785 -8.14487e-20   0.00289991 -3.24242e-18   0.00484621  4.12994e-19   -0.0108566  1.08766e-17   -0.0176663  6.30767e-18    0.0106009  2.73843e-18    0.0335155  1.70785e-17    0.0179304 -3.52008e-18  -0.00490304 -2.42124e-17  -0.00738572 -4.17667e-18   -0.0015991
 2.14001e-19 -0.000447769 -6.38309e-19   0.00345602 -3.73109e-18   0.00377021 -5.98046e-19   -0.0120795  6.73548e-18    -0.016408  3.95444e-18    0.0133729  1.70785e-17    0.0376088   2.8092e-17     0.024872 -9.24039e-18   0.00328017   -2.006e-17  -0.00202803  2.78505e-19
-0.000229683  3.36474e-19 -0.000237657 -7.78296e-19   0.00378598 -3.80997e-18   0.00237942 -2.35062e-18   -0.0133094 -1.45121e-18    -0.014471  6.23955e-19    0.0179304   2.8092e-17    0.0439433  2.64613e-17    0.0328449 -1.61508e-17    0.0101409  -1.1103e-17  0.000829573
 5.82004e-20 -0.000356877  4.45599e-19   9.2702e-05 -5.05471e-19   0.00383064 -3.03319e-18  0.000621795 -5.03394e-18   -0.0142666  -1.1949e-17   -0.0109635 -3.52008e-18     0.024872  2.64613e-17    0.0507484  8.45882e-18    0.0370293 -1.97792e-17    0.0111616 -3.00549e-18
-1.41721e-05   1.0666e-19  -0.00039525  5.31805e-19  0.000470946  1.74568e-19    0.0034829 -1.46245e-18  -0.00144163 -8.23913e-18   -0.0142178 -2.09395e-17  -0.00490304 -9.24039e-18    0.0328449  8.45882e-18    0.0526596 -1.47235e-17    0.0320907 -1.53143e-17    0.0062585
-1.17155e-20 -4.68186e-05  1.01565e-19 -0.000333901  5.72045e-19  0.000790038  1.18848e-18   0.00264213  3.44623e-19   -0.0033983 -1.02623e-17   -0.0120566 -2.42124e-17   0.00328017 -1.61508e-17    0.0370293 -1.47235e-17    0.0440851 -2.40855e-17    0.0191188 -6.09953e-18
 7.26362e-06 -2.08189e-20 -7.17196e-05  4.59804e-20 -0.000191907  5.76716e-19  0.000903983  2.17466e-18   0.00139048  1.81374e-18  -0.00436476  -8.9146e-18  -0.00738572   -2.006e-17    0.0101409 -1.97792e-17    0.0320907 -2.40855e-17    0.0266884 -1.56815e-17    0.0064715
-2.91023e-21  4.04132e-06 -2.89433e-20 -6.84512e-05 -2.38763e-20 -3.53349e-05  5.46726e-19  0.000711615  2.54421e-18  0.000189376  2.66956e-18  -0.00358427 -4.17667e-18  -0.00202803  -1.1103e-17    0.0111616 -1.53143e-17    0.0191188 -1.56815e-17    0.0101403 -4.33547e-18
 8.33248e-07  -2.4279e-21 -1.03901e-06 -2.82554e-20 -3.67724e-05 -5.14996e-20  4.37278e-05  4.05889e-19  0.000317696  1.90246e-18 -0.000331565  2.50947e-18   -0.0015991  2.78505e-19  0.000829573 -3.00549e-18    0.0062585 -6.09953e-18    0.0064715 -4.33547e-18   0.00179468
