 4.07586e-21  6.75736e-35 -1.80711e-19 -5.21372e-33  3.09578e-18  1.08765e-31 -3.16189e-17  -1.2366e-30  2.21786e-16   9.2999e-30  -1.1451e-15 -5.00656e-29  4.52517e-15  1.97669e-28 -1.40002e-14 -5.53417e-28  3.43095e-14  8.91215e-28 -6.67759e-14  6.02263e-28  1.02496e-13 -9.62346e-27  -1.2152e-13  3.64976e-26  1.06114e-13 -8.79084e-26 -6.02557e-14  1.41447e-25  1.17845e-14 -1.09688e-25   1.2102e-14 -1.69376e-25 -9.79808e-15  8.65503e-25  1.50291e-16 -2.01219e-24    2.818e-15   3.3849e-24 -6.12897e-16 -4.54495e-24 -6.83791e-16  5.07836e-24  1.97822e-16 -4.85792e-24  1.70124e-16  4.09656e-24  -3.7302e-17 -3.15033e-24 -4.23476e-17  2.27417e-24  1.89099e-18 -1.54586e-24  9.02313e-18  9.57612e-25   1.5635e-18 -5.12024e-25 -1.28385e-18   2.2378e-25 -6.14132e-19 -7.75427e-26  3.44922e-20  2.28472e-26  1.05348e-19 -7.54665e-27  2.86059e-20  2.85307e-27 -4.82838e-21 -5.78208e-28 -5.25953e-21 -2.03283e-28 -1.25183e-21  1.40304e-28  1.35835e-22  1.17294e-29   1.7421e-22  -3.1252e-29  4.87328e-23  5.96015e-30  2.20599e-24  3.08781e-30 -3.03593e-24 -1.03938e-30 -1.19222e-24 -4.62807e-31 -2.03218e-25  3.13097e-31  2.89266e-27 -4.06722e-32  1.14756e-26 -8.98154e-33  3.36823e-27 -1.11626e-33  5.16572e-28  2.34231e-33  2.31422e-29 -4.02388e-34 -1.01133e-29 -2.09911e-35 -3.17523e-30 -1.05553e-35 -5.13559e-31  4.00832e-36 -5.01727e-32  6.85951e-37 -1.70656e-33   2.1395e-39  3.66563e-34 -3.94965e-38  8.08199e-35  -9.8957e-39  9.02017e-36  1.88041e-39   6.5734e-37  1.73605e-40  3.04452e-38 -2.02918e-42  5.65324e-40 -3.61671e-42 -2.86919e-41 -2.00703e-43 -2.33105e-42  1.63254e-44 -8.39189e-44  1.30515e-45 -1.34455e-45  1.62637e-47
 6.75736e-35  2.60293e-19  3.14184e-33 -6.55292e-18 -1.58405e-31  8.53991e-17  2.63822e-30 -7.22781e-16 -2.57063e-29  4.37525e-15  1.72352e-28 -1.99467e-14 -8.51223e-28  7.05704e-14  3.16596e-27 -1.97066e-13 -8.66753e-27  4.37575e-13   1.5296e-26 -7.71474e-13   -3.849e-27  1.06698e-12 -8.52356e-26 -1.12393e-12  3.59578e-25  8.41928e-13 -9.04404e-25 -3.63089e-13  1.58104e-24 -1.77991e-14 -1.77608e-24  1.27666e-13  3.95659e-25 -5.30176e-14  3.58295e-24 -1.98157e-14 -1.01324e-23  2.04387e-14   1.7558e-23  1.98752e-15 -2.30995e-23 -5.66408e-15   2.4623e-23 -3.15554e-16 -2.20522e-23  1.38228e-15  1.72149e-23  1.76795e-16 -1.22948e-23 -2.87861e-16  8.42593e-24 -8.35024e-17  -5.5824e-24  4.19647e-17  3.39234e-24  2.54562e-17 -1.73998e-24   -1.202e-18  6.93122e-25  -4.6899e-18 -2.01459e-25 -1.18677e-18  4.86317e-26  3.41938e-19 -1.91548e-26  2.79407e-19  9.56269e-27  4.81836e-20 -1.76431e-27 -1.80309e-20 -1.11114e-27 -1.18202e-20  6.08412e-28 -2.24128e-21  8.61866e-29  3.68887e-22 -1.50653e-28  3.32191e-22  3.28054e-29  8.56261e-23  9.18657e-30   4.5104e-24 -3.50934e-30 -4.33048e-24 -1.58582e-30 -1.71385e-24  1.06782e-30 -3.11741e-25  -1.4601e-31 -1.21138e-26 -2.26789e-32  1.01235e-26 -7.91995e-33  3.38821e-27  8.67103e-33  5.84551e-28 -1.10126e-33  5.15557e-29 -1.42057e-34 -2.30198e-30 -5.11268e-35 -1.65026e-30  1.59109e-35 -3.09063e-31    2.853e-36 -3.54488e-32 -4.45686e-39 -2.48922e-33 -1.42819e-37 -4.75604e-35 -2.65863e-38   1.2574e-35  5.17212e-39  1.85154e-36  4.27251e-40  1.42936e-37 -1.19827e-41  6.99388e-39 -7.65584e-42   2.0908e-40 -3.40817e-43  3.48548e-42  3.13367e-44 -4.42646e-45  1.82681e-45 -3.27023e-46
-1.80711e-19  3.14184e-33  8.17872e-18  7.75176e-32 -1.43164e-16 -2.93638e-30  1.49573e-15  4.06131e-29 -1.07453e-14 -3.45406e-28   5.6901e-14  2.08655e-27 -2.31008e-13 -9.50935e-27  7.35717e-13  3.33643e-26 -1.86061e-12 -8.87283e-26   3.7493e-12  1.63627e-25 -5.98589e-12  -1.2245e-25  7.43522e-12 -4.45536e-25 -6.89414e-12  2.25929e-24  4.30491e-12 -5.90062e-24 -1.18269e-12  1.06838e-23 -6.39396e-13 -1.34512e-23  7.21078e-13  8.89397e-24 -1.02347e-13  7.35193e-24 -1.83233e-13 -3.41399e-23   7.0526e-14  6.28982e-23  4.03991e-14 -8.16643e-23 -2.17084e-14  8.30255e-23 -9.98649e-15 -6.91861e-23  4.84406e-15  4.93773e-23  2.75822e-15 -3.23166e-23 -6.98168e-16  2.10258e-23 -7.00195e-16 -1.38087e-23 -5.30612e-18  8.37509e-24  1.31032e-16 -4.13264e-24  3.51606e-17  1.45842e-24 -1.21203e-17 -3.11177e-25 -9.22322e-18   4.6083e-26 -1.11892e-18 -3.59676e-26  9.15041e-19  2.54329e-26  4.55321e-19 -4.00101e-27  4.69861e-20 -3.90366e-27 -3.45348e-20  1.84983e-27 -1.70636e-20  3.12833e-28 -2.73939e-21 -4.66805e-28  5.29129e-22  1.09827e-28  4.03491e-22  1.69268e-29  1.00029e-22  -7.7351e-30  7.07193e-24 -3.79473e-30 -3.61972e-24  2.54648e-30 -1.52995e-24 -3.69402e-31 -2.99125e-25 -4.11534e-32 -2.41839e-26 -2.75604e-32  4.21445e-27  2.28206e-32  1.91199e-27 -1.96254e-33  3.67948e-28 -5.49115e-34  4.20394e-29 -1.52587e-34  1.89676e-30  4.28626e-35 -3.21411e-31  7.46864e-36 -8.69375e-32 -5.03132e-38 -1.12108e-32 -3.30474e-37 -9.35953e-34 -4.66006e-38 -4.88041e-35   9.4258e-39 -8.73291e-37   6.3372e-40  9.32474e-38 -3.12061e-41  9.40517e-39 -1.03722e-41  4.27691e-40 -3.35811e-43  1.10062e-41  3.89292e-44  1.15933e-43  1.34399e-45
-5.21372e-33 -6.55292e-18  7.75176e-32  1.68564e-16  1.30309e-30 -2.24698e-15 -3.93408e-29  1.94752e-14  4.63468e-28  -1.2089e-13 -3.48933e-27  5.66031e-13  1.91544e-26 -2.06048e-12 -8.09383e-26  5.93345e-12  2.68184e-25 -1.36248e-11 -6.89219e-25   2.4937e-11  1.29002e-24 -3.60045e-11 -1.31925e-24  3.99641e-11 -1.41855e-24 -3.21618e-11  1.05787e-23  1.59002e-11 -2.89542e-23 -1.13465e-12  5.33848e-23 -4.55424e-12 -7.02896e-23  2.58625e-12  5.85592e-23  4.26082e-13 -3.24196e-24 -8.86352e-13 -8.77194e-23  5.06708e-14  1.80154e-22  2.36791e-13 -2.32682e-22 -2.54533e-14  2.25531e-22 -5.97427e-14  -1.7354e-22  2.46452e-15  1.11206e-22  1.39584e-14 -6.52079e-23  1.54671e-15  4.03189e-23 -2.60739e-15 -2.70595e-23 -8.72333e-16  1.67996e-23  2.70914e-16 -7.99352e-24  2.26459e-16  2.38065e-24  2.09517e-17 -2.27219e-25 -2.87796e-17 -4.70835e-26 -1.23292e-17  -6.2856e-26 -1.92827e-19  5.95352e-26  1.49937e-18 -7.45438e-27  5.45591e-19 -1.04557e-26  2.86399e-20  4.42631e-27 -4.48237e-20  8.36244e-28 -1.85117e-20  -1.1176e-27 -2.70454e-21  2.78428e-28  4.92259e-22  1.89055e-29   3.5785e-22 -1.30818e-29  8.82632e-23 -7.03943e-30  8.28991e-24   4.9068e-30  -1.8859e-24 -7.74093e-31 -9.46847e-25 -7.01465e-32 -1.99949e-25 -6.70716e-32 -2.23095e-26   4.9274e-32  2.11665e-28 -2.38521e-33  6.35407e-28 -1.53412e-33  1.42354e-28 -3.45869e-34  1.86889e-29  9.01748e-35  1.48401e-30   1.4614e-35  3.03311e-32 -2.21127e-37 -1.01545e-32 -5.73835e-37 -1.70576e-33 -5.94579e-38 -1.53783e-34  1.29936e-38 -9.02041e-36  5.77089e-40 -3.31808e-37 -5.47715e-41 -5.85017e-39 -1.00361e-41  6.38371e-41 -1.76609e-43  5.14686e-42  3.40591e-44  4.99127e-44
 3.09578e-18 -1.58405e-31 -1.43164e-16  1.30309e-30  2.56324e-15  1.64547e-29 -2.74226e-14 -4.10405e-28  2.01989e-13  4.19574e-27 -1.09828e-12 -2.82796e-26  4.58608e-12  1.42072e-25 -1.50531e-11 -5.58911e-25  3.93336e-11   1.7509e-24 -8.21621e-11 -4.33274e-24  1.36595e-10  8.08202e-24 -1.77911e-10 -9.48956e-24  1.75149e-10 -1.19745e-24 -1.19657e-10  3.91959e-23  4.19515e-11 -1.14886e-22   1.1108e-11  2.14575e-22 -2.00728e-11 -2.87391e-22  5.42606e-12  2.61392e-22  4.29197e-12 -9.39419e-23 -2.66134e-12 -1.77734e-22 -7.73162e-13  4.38983e-22  7.95132e-13  -5.6869e-22  1.78086e-13  5.25258e-22  -1.9298e-13 -3.69889e-22 -5.75169e-14  2.07254e-22  3.66265e-14 -1.04395e-22  1.83799e-14  6.15688e-23 -3.85471e-15 -4.47186e-23 -4.44708e-15  2.94102e-23 -4.29251e-16 -1.34956e-23  6.49642e-16  3.11534e-24  2.63387e-16  3.39892e-25 -1.64544e-17 -3.07485e-25 -4.30344e-17 -1.13446e-25   -1.235e-17  1.23105e-25  1.06954e-18 -1.11445e-26  1.79687e-18 -2.29886e-26  5.22658e-19  8.73535e-27  9.54058e-21  1.86688e-27 -4.35901e-20 -2.23448e-27 -1.60669e-20   5.8473e-28 -2.29845e-21  1.88371e-31   3.0718e-22 -1.85564e-29  2.41688e-22 -1.00723e-29  6.08982e-23  8.12349e-30  7.15406e-24 -1.44744e-30 -4.86571e-25 -1.36422e-31 -4.09557e-25 -1.28991e-31 -9.50456e-26  9.24442e-32 -1.26791e-26  -1.2558e-33 -7.29617e-28 -3.39111e-33  9.85668e-29 -6.49344e-34  3.30612e-29  1.56142e-34  4.88104e-30  2.27765e-35  4.60327e-31 -6.85863e-37  2.65099e-32 -8.02454e-37  3.70576e-34 -5.47365e-38 -9.50211e-35  1.40321e-38 -1.07207e-35  1.39206e-40  -6.1735e-37 -7.31635e-41 -2.16208e-38 -6.83132e-42 -4.26294e-40   2.2922e-44 -3.50516e-42  1.90611e-44
 1.08765e-31  8.53991e-17 -2.93638e-30 -2.24698e-15  1.64547e-29  3.06707e-14  1.64792e-28 -2.72537e-13 -3.48189e-27   1.7368e-12  3.13401e-26 -8.36187e-12  -1.9086e-25  3.13577e-11  8.82873e-25 -9.32347e-11 -3.24541e-24  2.21683e-10  9.62431e-24 -4.21726e-10 -2.28785e-23  6.36354e-10  4.20348e-23 -7.44746e-10 -5.27064e-23  6.43069e-10   1.7473e-23 -3.59195e-10  1.17629e-22  6.31504e-11 -3.83593e-22  8.03637e-11  7.26216e-22 -6.24463e-11 -9.76731e-22  1.45783e-14  9.20634e-22  1.89722e-11 -4.56469e-22 -4.12863e-12 -2.76399e-22 -4.75412e-12  9.43273e-22  1.44339e-12 -1.23526e-21  1.21466e-12  1.08675e-21 -2.99072e-13  -6.9355e-22 -3.14292e-13  3.26377e-22  2.34866e-14 -1.28712e-22  7.10875e-14  7.32775e-23  1.01865e-14 -6.48412e-23 -1.11571e-14  4.70605e-23 -4.79308e-15 -2.07404e-23  5.25317e-16  3.14779e-24  9.26568e-16  1.73437e-24  2.17897e-16 -7.98919e-25 -5.73381e-17 -2.07247e-25  -4.8044e-17  2.22569e-25 -9.81039e-18 -1.15057e-26  1.92553e-18 -4.32827e-26  1.70022e-18  1.45998e-26  4.21182e-19  3.67906e-27  7.61091e-22 -3.89063e-27 -3.31801e-20  1.06583e-27 -1.14639e-20 -6.10171e-29 -1.69864e-21 -2.42329e-29  1.13617e-22 -9.63294e-30  1.24801e-22   1.1991e-29  3.29249e-23 -2.51734e-30  4.55641e-24 -3.00236e-31  9.58212e-26 -2.09595e-31 -1.16257e-25  1.55218e-31 -3.16104e-26  3.01536e-33 -4.74173e-27 -6.19873e-33 -4.23633e-28 -1.05607e-33 -9.28644e-30  2.28048e-34  3.80355e-30  2.88607e-35  7.20359e-31 -1.69781e-36  7.41305e-32 -9.52661e-37  5.00095e-33 -3.09598e-38  2.10199e-34  1.15523e-38  3.35814e-36 -5.75981e-40 -1.76106e-37 -7.79618e-41 -1.30766e-38 -2.66861e-42 -3.33546e-40  1.27805e-43 -2.75509e-42
-3.16189e-17  2.63822e-30  1.49573e-15 -3.93408e-29 -2.74226e-14  1.64792e-28   3.0077e-13  1.35604e-27  -2.2742e-12 -2.47298e-26  1.27127e-11  1.98249e-25 -5.46689e-11 -1.09939e-24  1.85179e-10  4.70747e-24 -5.00609e-10 -1.62239e-23   1.0854e-09   4.5607e-23 -1.88139e-09 -1.03998e-22  2.57207e-09  1.86757e-22 -2.68881e-09  -2.4088e-22  2.00187e-09  1.39427e-22 -8.50485e-10  2.84436e-22 -6.45463e-11 -1.10488e-21  3.25057e-10  2.12944e-21 -1.34164e-10 -2.85774e-21 -5.24439e-11  2.72408e-21  5.48366e-11 -1.53261e-21  4.88113e-12 -2.74507e-22  -1.5839e-11  1.83105e-21 -5.57723e-13 -2.43956e-21  4.04205e-12  2.04418e-21  3.97666e-13 -1.17066e-21 -8.96688e-13  4.33546e-22 -2.25105e-13 -9.98943e-23   1.4604e-13  5.81414e-23  7.72157e-14  -8.5301e-23 -8.27762e-15  7.10429e-23 -1.59971e-14   -2.978e-23 -3.32077e-15  1.89109e-24  1.47818e-15  4.24498e-24  9.69674e-16 -1.54055e-24  1.24048e-16 -3.56793e-25 -8.08849e-17  3.49202e-25  -4.3124e-17 -1.21926e-27 -6.47191e-18 -7.18172e-26  2.03551e-18  2.09688e-26  1.32183e-18  6.58895e-27  2.94685e-19 -6.04695e-27  1.17407e-21  1.73032e-27 -2.00671e-20 -1.90949e-28 -6.77049e-21 -3.24556e-29 -1.07077e-21 -5.41191e-32  2.27437e-24   1.6235e-29  4.79623e-23 -4.15209e-30  1.37326e-23 -6.55396e-31  2.14077e-24 -3.03573e-31  1.53028e-25  2.37052e-31  -1.6333e-26  1.23048e-32 -6.94031e-27 -9.58034e-33 -1.16564e-27 -1.52366e-33 -1.22818e-28  2.84327e-34  -7.6638e-30  2.92853e-35 -5.10134e-32 -3.53909e-36   4.7886e-32  -1.0252e-36  5.94056e-33  2.01812e-41  4.09354e-34  5.97269e-39  1.79368e-35 -1.28313e-39  4.74801e-37 -6.72844e-41  5.73531e-39  3.33825e-43 -6.67825e-42   1.0101e-43
 -1.2366e-30 -7.22781e-16  4.06131e-29  1.94752e-14 -4.10405e-28 -2.72537e-13  1.35604e-27  2.48594e-12  9.40037e-27  -1.6285e-11 -1.50119e-25  8.07275e-11  1.08206e-24 -3.12294e-10 -5.50072e-24  9.60043e-10  2.19068e-23 -2.36691e-09 -7.10083e-23  4.68653e-09  1.89496e-22 -7.39956e-09 -4.14194e-22  9.13796e-09  7.23207e-22 -8.45863e-09 -9.38839e-22  5.28228e-09  6.74849e-22 -1.42949e-09  5.24365e-22 -8.45614e-10 -2.79154e-21  9.47985e-10  5.51603e-21 -1.40843e-10 -7.36338e-21 -2.48548e-10  7.00608e-21  1.02498e-10 -4.16829e-21  5.51162e-11  7.36893e-23 -3.32895e-11  3.26743e-21 -1.37501e-11 -4.44827e-21  8.00407e-12  3.55201e-21  3.97993e-12 -1.80929e-21 -1.33939e-12  4.68498e-22 -1.09474e-12   3.3107e-23  5.76765e-14 -2.65826e-24  2.28778e-13 -1.05375e-22  4.85403e-14  1.03008e-22 -2.63686e-14 -4.04701e-23 -1.59392e-14 -1.16644e-24 -9.98896e-16  7.95855e-24  1.96695e-15 -2.48254e-24  8.05668e-16 -5.49043e-25  3.58214e-17  4.71361e-25 -8.03559e-17    3.063e-26 -3.24892e-17  -1.0746e-25 -3.74217e-18   2.5944e-26  1.57983e-18  1.09304e-26   8.6163e-19  -8.5047e-27  1.81571e-19  2.53518e-27  4.00473e-21 -4.18947e-28 -9.57992e-21 -4.73502e-29  -3.2851e-21  2.62682e-29 -5.59205e-22  2.07099e-29 -2.78887e-23 -6.51435e-30  1.26496e-23 -1.31176e-30  4.27834e-24 -4.15065e-31  7.33468e-25  3.32046e-31   7.3491e-26  2.83853e-32  1.73882e-27 -1.26083e-32 -8.43552e-28 -1.96945e-33 -1.78266e-28  3.04472e-34 -2.06002e-29  2.17968e-35 -1.55627e-30 -6.38875e-36 -7.06411e-32 -1.09621e-36 -6.24408e-34  1.85192e-38  1.66241e-34 -1.07635e-39  1.31098e-35 -1.69185e-39  4.93867e-37 -4.68442e-41  9.34003e-39  1.30244e-42  6.05756e-41
 2.21786e-16 -2.57063e-29 -1.07453e-14  4.63468e-28  2.01989e-13 -3.48189e-27  -2.2742e-12  9.40037e-27   1.7676e-11  5.59232e-26 -1.01722e-10 -7.91067e-25  4.51133e-10  5.16795e-24 -1.57925e-09 -2.42258e-23  4.42343e-09  9.01287e-23 -9.96934e-09 -2.75585e-22  1.80418e-08  6.99254e-22 -2.59187e-08 -1.46462e-21  2.87817e-08  2.47768e-21 -2.32842e-08 -3.19308e-21  1.16148e-08  2.54771e-21 -8.11113e-10  5.63766e-22 -3.49167e-09 -6.25955e-21  2.05579e-09  1.28025e-20  3.02756e-10 -1.69752e-20  -7.2837e-10  1.59993e-20  6.50255e-11 -9.73586e-21  1.99767e-10  1.18834e-21 -3.11592e-11  5.42781e-21 -5.23399e-11 -7.56525e-21  5.22897e-12  5.76539e-21  1.30482e-11 -2.59503e-21  6.54038e-13  3.54971e-22 -2.70784e-12   3.2224e-22 -7.11953e-13 -1.22982e-22  3.52761e-13 -1.26687e-22  2.25025e-13  1.44125e-22  4.49494e-15  -5.2159e-23 -3.50134e-14 -6.27224e-24 -1.20192e-14  1.26217e-23  9.07877e-16 -3.50294e-24  1.89342e-15 -7.31672e-25  5.56121e-16  5.36561e-25 -1.50524e-17  9.65961e-26 -6.30437e-17 -1.48235e-25 -2.11234e-17  2.71446e-26 -2.03157e-18  1.70637e-26  9.54431e-19 -1.08677e-26  4.74013e-19  3.36589e-27  9.82459e-20 -7.79964e-28  4.86595e-21 -7.23109e-29 -3.49486e-21  7.74073e-29 -1.28434e-21  2.56324e-29 -2.34829e-22 -9.65492e-30  -2.0478e-23 -2.36468e-30  1.67528e-24 -5.69346e-31  9.36321e-25  4.27788e-31  1.78161e-25  5.23015e-32  2.07899e-26 -1.39918e-32  1.38223e-27 -2.27666e-33 -6.90207e-30  2.81904e-34 -1.42215e-29  6.98597e-36 -1.91959e-30 -1.01413e-35 -1.52139e-31 -1.25917e-36 -7.86174e-33  1.00499e-38 -2.46776e-34 -7.44881e-39 -3.00423e-36 -1.67628e-39  7.04228e-38 -2.57571e-41  2.53355e-39  8.45773e-43
  9.2999e-30  4.37525e-15 -3.45406e-28  -1.2089e-13  4.19574e-27   1.7368e-12 -2.47298e-26  -1.6285e-11  5.59232e-26  1.09823e-10  2.89584e-25 -5.61365e-10 -3.66254e-24   2.2436e-09  2.18349e-23 -7.14222e-09 -9.48905e-23  1.82865e-08  3.31148e-22  -3.7742e-08 -9.57949e-22    6.244e-08  2.31481e-21 -8.14435e-08 -4.64639e-21  8.07801e-08  7.59658e-21 -5.59674e-08 -9.62995e-21  2.01395e-08  8.08718e-21  5.19269e-09  -5.8884e-22 -1.00011e-08 -1.25639e-20  2.98221e-09  2.69137e-20  2.11806e-09 -3.54231e-20 -1.49021e-09  3.29161e-20 -3.51189e-10 -2.01227e-20  4.62941e-10  3.65241e-21  7.50176e-11  8.46511e-21 -1.19604e-10 -1.20794e-20  -2.6703e-11  8.80916e-21  2.53224e-11 -3.49301e-21  9.96411e-12  1.98779e-23 -3.50345e-12  8.03828e-22 -2.80684e-12 -3.05562e-22 -3.89348e-14 -1.52697e-22  4.95674e-13  1.93663e-22  1.54292e-13 -6.34183e-23 -3.01396e-14 -1.31976e-23 -3.28553e-14  1.75761e-23 -7.02463e-15 -4.43613e-24  1.77078e-15 -8.16118e-25  1.46447e-15  4.87328e-25  3.30357e-16  2.07779e-25 -2.89754e-17 -1.93181e-25 -4.08463e-17  2.21894e-26 -1.20505e-17  2.54315e-26 -1.09742e-18 -1.25187e-26  4.53097e-19  4.03233e-27  2.19007e-19 -1.32044e-27  4.59156e-20   -1.071e-28  3.62665e-21  1.59723e-28  -8.9201e-22   3.1784e-29  -3.9147e-22   -1.337e-29 -7.68817e-23 -3.86227e-30 -8.62387e-24 -8.16234e-31 -2.22507e-25  5.05982e-31  1.23791e-25  8.35993e-32  2.89624e-26  -1.2543e-32  3.70709e-27 -2.31933e-33  3.06933e-28  2.30626e-34   1.4288e-29 -1.15475e-35 -1.12338e-31 -1.42765e-35 -7.90038e-32 -1.53846e-36 -6.84765e-33 -2.37177e-38 -3.30316e-34 -1.13243e-38  -9.3853e-36 -1.31944e-39 -1.37656e-37  -1.0663e-41 -6.12553e-40
 -1.1451e-15  1.72352e-28   5.6901e-14 -3.48933e-27 -1.09828e-12  3.13401e-26  1.27127e-11 -1.50119e-25 -1.01722e-10  2.89584e-25  6.03596e-10  1.31982e-24 -2.76512e-09 -1.50404e-23  1.00198e-08   8.2321e-23 -2.91258e-08 -3.33314e-22  6.83445e-08  1.09546e-21 -1.29334e-07 -3.00678e-21  1.95501e-07  6.93107e-21  -2.3075e-07 -1.33362e-20  2.02415e-07  2.10353e-20 -1.16131e-07 -2.60601e-20  2.23042e-08  2.23545e-20  2.60188e-08 -5.41999e-21 -2.19074e-08   -2.272e-20  8.67882e-10  5.16931e-20  6.69718e-09  -6.7505e-20 -1.87282e-09  6.16528e-20 -1.67492e-09 -3.74812e-20  6.76264e-10   8.1302e-21  4.37126e-10  1.24538e-20 -1.60387e-10 -1.81809e-20 -1.21324e-10  1.27388e-20  2.19997e-11 -4.45535e-21  3.08022e-11 -5.83512e-22  1.64803e-12  1.48326e-21 -5.77662e-12 -5.38703e-22 -1.82821e-12 -1.86807e-22  5.04287e-13  2.47705e-22  4.59059e-13 -7.21042e-23  6.89693e-14 -2.10568e-23 -4.37916e-14  2.18268e-23 -2.44676e-14 -5.13113e-24 -3.12649e-15 -7.03536e-25  1.72284e-15  2.87674e-25  9.54183e-16  3.71096e-25   1.7471e-16 -2.44549e-25 -2.28127e-17  9.00277e-27 -2.22699e-17  3.66167e-26 -6.06603e-18 -1.26259e-26 -5.88645e-19  4.29424e-27  1.64607e-19 -2.10215e-27  8.36494e-20 -1.47241e-28  1.80683e-20  2.75556e-28  1.89868e-21  4.05942e-29 -1.11657e-22 -1.70888e-29 -8.78903e-23 -5.78083e-30  -1.8904e-23 -1.21866e-30 -2.42648e-24  5.45524e-31 -1.69284e-25  1.19697e-31  3.75514e-27 -7.73367e-33  2.74918e-27 -2.00693e-33  4.00603e-28  1.79163e-34  3.55336e-29 -2.86815e-35  2.06727e-30 -1.79116e-35  6.96283e-32 -1.84799e-36    2.826e-34 -6.52111e-38 -9.30577e-35 -1.19121e-38 -4.23124e-36 -8.27535e-40 -7.15429e-38 -2.92699e-42
-5.00656e-29 -1.99467e-14  2.08655e-27  5.66031e-13 -2.82796e-26 -8.36187e-12  1.98249e-25  8.07275e-11 -7.91067e-25 -5.61365e-10  1.31982e-24  2.96382e-09  5.34105e-24  -1.2259e-08 -5.51963e-23  4.04813e-08  2.78874e-22 -1.07823e-07 -1.05706e-21  2.32365e-07  3.28484e-21 -4.03432e-07  -8.5797e-21  5.56449e-07  1.88997e-20 -5.91344e-07  -3.4875e-20  4.52004e-07  5.29999e-20 -2.01747e-07   -6.386e-20 -8.75423e-09  5.49056e-20  7.68835e-08 -1.88693e-20 -3.59992e-08 -3.72185e-20 -1.10575e-08  9.13706e-20  1.47295e-08 -1.18296e-19  2.53425e-10  1.05962e-19 -4.34988e-09 -6.36999e-20  2.13516e-10  1.52256e-20  1.16794e-09  1.73111e-20  5.02327e-12 -2.58627e-20 -2.85154e-10  1.75038e-20 -4.21833e-11 -5.43066e-21  5.52775e-11 -1.45772e-21   2.0788e-11  2.32716e-21 -5.80503e-12 -7.97232e-22 -5.45049e-12 -2.30088e-22 -5.86663e-13   2.9888e-22  7.10917e-13 -7.58987e-23  3.23112e-13 -2.82472e-23  8.33636e-15  2.42593e-23 -3.99555e-14 -5.52106e-24 -1.52448e-14 -3.28501e-25 -9.62444e-16 -4.99596e-26  1.23736e-15  5.88159e-25  5.37559e-16 -3.09111e-25  8.49895e-17 -1.41828e-26 -1.22517e-17  5.13091e-26 -1.02555e-17  -1.0208e-26 -2.67912e-18  3.92004e-27 -2.94759e-19 -3.19628e-27  4.16778e-20 -1.87193e-28  2.56715e-20  4.21472e-28  5.80299e-21  5.39881e-29  7.28341e-22 -1.98776e-29  2.07529e-23 -8.01319e-30 -1.28289e-23 -1.82743e-30 -3.30319e-24  5.27797e-31 -4.63045e-25  1.55818e-31 -4.12143e-26 -6.14551e-35 -1.84389e-27 -1.33458e-33  7.92411e-29  1.54141e-34  2.24519e-29 -4.01048e-35  2.13063e-30 -2.00832e-35  1.22758e-31 -2.03507e-36  4.45487e-33 -9.27255e-38  9.08769e-35  -9.7308e-39  6.52518e-37 -3.97562e-40 -3.56894e-39
 4.52517e-15 -8.51223e-28 -2.31008e-13  1.91544e-26  4.58608e-12  -1.9086e-25 -5.46689e-11  1.08206e-24  4.51133e-10 -3.66254e-24 -2.76512e-09  5.34105e-24  1.31085e-08  1.93249e-23   -4.926e-08 -1.82101e-22  1.48879e-07  8.53614e-22   -3.644e-07 -3.04356e-21  7.22355e-07  8.97918e-21 -1.15069e-06  -2.2385e-20  1.44486e-06  4.72078e-20 -1.37242e-06 -8.35866e-20   8.9298e-07  1.22265e-19 -2.68901e-07 -1.42735e-19 -1.30988e-07  1.21405e-19  1.71921e-07 -4.89745e-20 -3.59509e-08  -5.5537e-20 -4.34065e-08  1.49552e-19  2.30344e-08 -1.91675e-19  8.91495e-09  1.68126e-19 -7.69926e-09 -9.96814e-20 -2.14842e-09  2.53253e-20  2.02123e-09  2.27166e-20  6.85541e-10  -3.4845e-20 -4.10649e-10  2.29308e-20  -2.2284e-10 -6.37111e-21  4.62356e-11 -2.55706e-21   5.6602e-11  3.26683e-21   5.4963e-12 -1.04728e-21 -8.84814e-12 -2.79871e-22 -3.62005e-12  3.37527e-22  2.70463e-13  -7.3185e-23  6.35215e-13 -3.25988e-23  1.81307e-13  2.39513e-23 -1.83787e-14 -5.67313e-24 -2.83294e-14  2.96893e-25 -8.22358e-15 -4.50259e-25 -1.16355e-16  8.55699e-25  7.16679e-16 -3.97407e-25  2.65475e-16 -4.89622e-26  3.88772e-17  7.01035e-26 -4.74497e-18 -4.28515e-27 -3.95574e-18  2.76486e-27  -1.0216e-18 -4.66284e-27 -1.28357e-19 -2.25818e-28  4.71334e-21   5.8765e-28  6.02861e-21  7.39157e-29   1.4651e-21  -2.0613e-29  2.05765e-22 -1.03714e-29  1.48472e-23 -2.65168e-30 -6.91579e-25  4.42825e-31 -3.68802e-25  1.85793e-31 -5.75813e-26  8.98665e-33  -5.5909e-27 -4.11658e-34  -3.5129e-28  1.64209e-34 -1.11655e-29 -4.40842e-35  2.69395e-31 -2.01465e-35   5.2244e-32 -1.97887e-36  2.86351e-33 -9.44344e-38  8.08225e-35 -6.24783e-39  1.03049e-36 -1.28158e-40
 1.97669e-28  7.05704e-14 -9.50935e-27 -2.06048e-12  1.42072e-25  3.13577e-11 -1.09939e-24 -3.12294e-10  5.16795e-24   2.2436e-09 -1.50404e-23  -1.2259e-08  1.93249e-23  5.25797e-08  6.28514e-23 -1.80467e-07  -5.4256e-22  5.01046e-07  2.37126e-21 -1.12966e-06 -7.99271e-21  2.06204e-06  2.24839e-20 -3.01191e-06 -5.36701e-20  3.43063e-06  1.08563e-19 -2.88146e-06  -1.8456e-19  1.53381e-06   2.5962e-19 -1.80598e-07 -2.92715e-19 -4.36441e-07  2.43892e-19  3.02269e-07 -1.06342e-19  1.75451e-08 -7.60638e-20 -1.04721e-07  2.27923e-19  1.96659e-08 -2.88408e-19  2.85135e-08  2.47429e-19 -8.20964e-09 -1.44659e-19  -7.7157e-09  3.84883e-20  1.91419e-09  2.80731e-20  2.11265e-09 -4.45704e-20 -1.83368e-10  2.87386e-20 -5.13656e-10 -7.23331e-21 -6.69586e-11 -3.80056e-21  8.89296e-11  4.21201e-21  3.65819e-11 -1.25309e-21 -5.49088e-12 -3.29954e-22 -7.90714e-12  3.53974e-22 -1.70914e-12 -6.38317e-23  5.87626e-13 -3.17633e-23   4.3985e-13  2.04605e-23  8.24557e-14 -5.79254e-24 -2.16311e-14  1.06236e-24  -1.6719e-14 -7.82502e-25 -3.94812e-15  1.16612e-24  7.10385e-17 -5.20627e-25   3.4509e-16 -9.66821e-26  1.15319e-16  9.31511e-26  1.66954e-17  5.88604e-27 -1.21347e-18  8.35999e-28 -1.25141e-18 -6.51875e-27 -3.28097e-19 -2.70151e-28 -4.61084e-20  7.58762e-28 -1.47065e-21  1.01592e-28  9.80313e-22 -1.83056e-29  2.76515e-22 -1.26053e-29  4.20473e-23 -3.63892e-30  3.94988e-24  2.94054e-31  1.53493e-25   2.0364e-31 -1.85461e-26  1.73884e-32  -4.1769e-27  5.56592e-34 -4.29517e-28  1.95478e-34 -2.81844e-29 -4.16682e-35  -1.1869e-30 -1.80707e-35 -2.68522e-32 -1.66819e-36 -4.05576e-36 -7.40057e-38  1.46456e-35  -3.0318e-39  2.02321e-37
-1.40002e-14  3.16596e-27  7.35717e-13 -8.09383e-26 -1.50531e-11  8.82873e-25  1.85179e-10 -5.50072e-24 -1.57925e-09  2.18349e-23  1.00198e-08 -5.51963e-23   -4.926e-08  6.28514e-23  1.92384e-07  1.84468e-22 -6.05847e-07 -1.46461e-21  1.55007e-06   5.9981e-21 -3.22537e-06 -1.92173e-20  5.42443e-06  5.17909e-20 -7.25493e-06 -1.18776e-19  7.45688e-06  2.30905e-19 -5.44918e-06 -3.77138e-19  2.19719e-06  5.09787e-19   3.5019e-07 -5.53482e-19 -1.02062e-06  4.48121e-19  3.95514e-07 -2.01525e-19  1.88311e-07 -9.68717e-20 -1.85636e-07  3.25066e-19 -1.94181e-08 -4.04353e-19  5.85138e-08  3.39007e-19  1.72445e-09 -1.95856e-19 -1.61442e-08  5.44294e-20  -1.2886e-09  3.25596e-20  3.91752e-09 -5.42997e-20  8.77852e-10  3.45878e-20 -7.23234e-10 -7.97214e-21 -3.46534e-10 -5.09727e-21  5.94297e-11  5.07011e-21  8.22507e-11 -1.38359e-21  1.39455e-11 -3.72331e-22 -9.30647e-12  3.40984e-22 -5.26787e-12 -4.93903e-23 -4.68663e-13 -2.37756e-23  5.41234e-13  1.39636e-23  2.53121e-13 -6.17267e-24  3.04077e-14  1.78121e-24 -1.53427e-14 -8.90661e-25 -8.47778e-15   1.5065e-24 -1.72575e-15 -6.85979e-25  5.10467e-17 -1.57896e-25  1.39044e-16  1.19812e-25  4.37706e-17   2.0533e-26  6.54905e-18 -1.68894e-27 -9.68673e-20 -8.70605e-27 -3.12325e-19 -3.33652e-28 -8.58801e-20  9.16373e-28 -1.31445e-20  1.36677e-28 -9.67157e-22 -1.24658e-29  7.78135e-23   -1.444e-29   3.5891e-23  -4.6753e-30   5.9604e-24  9.96346e-32  6.21122e-25  2.05377e-31  4.03632e-26  2.32664e-32  9.23002e-28  1.33657e-33 -1.20137e-28  2.21454e-34 -1.62413e-29 -3.54602e-35 -1.03114e-30 -1.44531e-35 -3.89227e-32 -1.20361e-36 -8.28789e-34 -4.50166e-38 -7.53652e-36 -9.73248e-40
-5.53417e-28 -1.97066e-13  3.33643e-26  5.93345e-12 -5.58911e-25 -9.32347e-11  4.70747e-24  9.60043e-10 -2.42258e-23 -7.14222e-09   8.2321e-23  4.04813e-08 -1.82101e-22 -1.80467e-07  1.84468e-22  6.45323e-07  4.89781e-22 -1.87195e-06 -3.58885e-21   4.4255e-06  1.38472e-20 -8.51127e-06 -4.24353e-20  1.31889e-05  1.10154e-19 -1.61143e-05 -2.43608e-19  1.48331e-05  4.56089e-19 -9.19083e-06 -7.16162e-19  2.31706e-06  9.29467e-19  1.77429e-06 -9.68973e-19 -1.88976e-06  7.56788e-19  2.68639e-07 -3.39963e-19  5.40626e-07 -1.17467e-19 -2.34358e-07   4.3586e-19 -1.24964e-07 -5.29547e-19  8.43274e-08  4.33666e-19  3.20419e-08 -2.48735e-19 -2.26443e-08  7.25986e-20 -9.94056e-09  3.53006e-20   4.4718e-09 -6.32947e-20  3.06443e-09  4.01497e-20 -3.94896e-10 -8.53148e-21 -7.39705e-10 -6.37297e-21 -1.13793e-10  5.76422e-21  1.06203e-10  -1.4169e-21  5.25684e-11 -3.99747e-22 -3.83372e-13  2.95357e-22 -8.16997e-12 -3.24306e-23 -2.80489e-12 -7.62864e-24  6.84189e-14  5.16416e-24  3.64313e-13 -7.10975e-24  1.25759e-13  2.25692e-24  9.05974e-15 -6.37176e-25 -8.32159e-15  1.85575e-24 -3.74937e-15 -8.92362e-25  -6.9607e-16 -2.31406e-25  1.34726e-17   1.4852e-25   4.6429e-17  3.91258e-26   1.4282e-17 -4.50943e-27  2.25142e-18 -1.10756e-26  8.14576e-20 -4.28286e-28 -5.69579e-20  1.04246e-27 -1.75399e-20  1.76751e-28 -2.86909e-21 -3.36573e-30 -2.79147e-22 -1.56279e-29 -7.61003e-24 -5.60847e-30  2.60243e-24  -1.1089e-31  5.39409e-25  1.90335e-31  5.93821e-26  2.55019e-32  4.26925e-27  1.75514e-33  1.92245e-28  2.20054e-34  3.49465e-30 -2.80093e-35 -1.60507e-31 -1.02486e-35 -1.30074e-32 -7.31446e-37 -3.54644e-34 -2.04985e-38 -3.08286e-36
 3.43095e-14 -8.66753e-27 -1.86061e-12  2.68184e-25  3.93336e-11 -3.24541e-24 -5.00609e-10  2.19068e-23  4.42343e-09 -9.48905e-23 -2.91258e-08  2.78874e-22  1.48879e-07  -5.4256e-22 -6.05847e-07  4.89781e-22  1.99308e-06  1.17729e-21 -5.34391e-06 -7.98471e-21  1.17003e-05  2.92098e-20  -2.0821e-05 -8.62735e-20  2.97107e-05  2.17055e-19 -3.30453e-05 -4.64768e-19  2.69405e-05  8.39827e-19 -1.35373e-05 -1.26859e-18  7.29189e-07  1.57937e-18  4.59233e-06 -1.57622e-18 -2.79694e-06  1.17898e-18 -3.86738e-07 -5.15452e-19  1.07361e-06 -1.40997e-19 -1.36934e-07  5.51769e-19 -3.12178e-07 -6.48824e-19  6.91096e-08  5.19082e-19  8.74373e-08 -2.97869e-19 -1.59325e-08  9.23127e-20 -2.40849e-08  3.56191e-20  7.48978e-10 -7.10242e-20  5.77411e-09  4.51675e-20  1.04912e-09 -8.83891e-21  -9.5397e-10 -7.58701e-21 -4.64794e-10  6.24476e-21  3.95259e-11 -1.34206e-21  9.28798e-11 -4.08352e-22  2.43994e-11  2.18133e-22 -5.53181e-12 -1.51398e-23 -5.35659e-12  1.63374e-23 -1.22867e-12 -5.01283e-24  1.82402e-13 -8.81571e-24  1.99943e-13  2.37399e-24  5.53992e-14  5.46399e-26  2.26509e-15  2.18148e-24  -3.6649e-15 -1.12826e-24  -1.4512e-15 -3.13285e-25 -2.58463e-16  1.76994e-25 -1.97118e-18  6.02658e-26  1.25099e-17  -7.3024e-27   3.9051e-18 -1.33971e-26  6.49519e-19  -5.5409e-28  4.80373e-20  1.12322e-27  -6.0994e-21  2.17441e-28 -2.61749e-21  7.92731e-30 -4.59021e-22 -1.60053e-29 -5.03618e-23 -6.28543e-30 -3.20439e-24 -3.03758e-31 -2.59586e-27  1.61402e-31   2.5247e-26  2.40363e-32  3.16679e-27  1.76486e-33  2.25652e-28  1.85907e-34   1.0248e-29 -2.08736e-35  2.79596e-31 -6.37833e-36  3.47174e-33 -3.64343e-37 -6.05132e-36  -6.1385e-39
 8.91215e-28  4.37575e-13 -8.87283e-26 -1.36248e-11   1.7509e-24  2.21683e-10 -1.62239e-23 -2.36691e-09  9.01287e-23  1.82865e-08 -3.33314e-22 -1.07823e-07  8.53614e-22  5.01046e-07 -1.46461e-21 -1.87195e-06  1.17729e-21  5.68946e-06  2.55817e-21 -1.41427e-05 -1.60986e-20  2.87325e-05  5.62879e-20 -4.73404e-05 -1.61791e-19  6.21293e-05   3.9746e-19 -6.25848e-05 -8.27725e-19  4.44384e-05  1.44684e-18 -1.65674e-05 -2.10369e-18 -4.37794e-06  2.50974e-18  9.02563e-06 -2.38979e-18 -3.05434e-06  1.69852e-18 -1.92481e-06 -7.04618e-19   1.6187e-06 -1.75757e-19   2.7002e-07  6.62016e-19 -5.40648e-07 -7.44169e-19 -4.30511e-08  5.82254e-19     1.54e-07 -3.38208e-19   1.9554e-08  1.12875e-19 -3.77728e-08  3.32813e-20 -1.03548e-08 -7.73058e-20  6.83684e-09   4.9488e-20  3.79706e-09 -8.81238e-21 -4.51716e-10 -8.73298e-21  -8.6557e-10  6.49351e-21 -1.80252e-10 -1.15798e-21   8.9343e-11 -4.00027e-22  5.88116e-11  1.13572e-22  7.44984e-12  2.28607e-24 -5.33054e-12  4.63851e-23 -2.88299e-12 -1.58257e-23 -4.49779e-13  -1.1361e-23   1.3696e-13  2.17589e-24  9.33476e-14  1.17413e-24  2.20673e-14  2.43979e-24  6.04174e-16 -1.37293e-24 -1.32994e-15 -3.96432e-25  -4.8823e-16  2.02776e-25 -8.65959e-17   8.1773e-26 -3.59702e-18 -9.83462e-27   2.5745e-18  -1.5397e-26  8.63399e-19 -6.92315e-28  1.50791e-19    1.152e-27  1.48843e-20  2.53282e-28  1.09279e-22   1.9778e-29 -2.50154e-22 -1.55316e-29 -5.03862e-23 -6.59201e-30 -5.85789e-24 -4.49686e-31  -4.4442e-25  1.24128e-31 -1.92591e-26   1.9771e-32  3.48949e-29  1.45139e-33  7.06856e-29  1.30763e-34  5.22256e-30 -1.46457e-35  1.96841e-31 -3.42509e-36   3.8112e-33 -1.40924e-37  2.51135e-35
-6.67759e-14   1.5296e-26   3.7493e-12 -6.89219e-25 -8.21621e-11  9.62431e-24   1.0854e-09 -7.10083e-23 -9.96934e-09  3.31148e-22  6.83445e-08 -1.05706e-21   -3.644e-07  2.37126e-21  1.55007e-06 -3.58885e-21 -5.34391e-06  2.55817e-21   1.5062e-05  5.00039e-21 -3.48039e-05 -2.92552e-20  6.57134e-05  9.88765e-20 -0.000100266 -2.80218e-19  0.000120773  6.78292e-19 -0.000109375 -1.38071e-18  6.58597e-05  2.34014e-18 -1.43717e-05 -3.27696e-18 -1.51022e-05  3.74164e-18  1.44584e-05 -3.38632e-18 -1.45127e-06  2.26609e-18 -4.51841e-06 -8.65778e-19  1.74666e-06 -2.34667e-19  1.12333e-06  7.55332e-19 -6.72665e-07 -7.98384e-19 -3.00666e-07  6.12563e-19  1.86512e-07 -3.66312e-19  9.39145e-08  1.33641e-19 -3.68038e-08  2.86181e-20 -2.88159e-08 -8.23143e-20  2.69847e-09  5.30564e-20  6.90029e-09 -8.38228e-21  1.27392e-09 -9.82562e-21 -9.55885e-10  6.52224e-21 -5.27358e-10 -8.70617e-22   -1.381e-11 -3.84144e-22  7.74406e-11 -1.24156e-23  2.95474e-11  2.27303e-23  4.32447e-13  7.97099e-23 -3.45864e-12 -2.70501e-23 -1.33177e-12 -1.46612e-23 -1.40331e-13  1.89103e-24   7.1777e-14  2.62087e-24  3.77647e-14  2.58026e-24  8.03339e-15 -1.60055e-24  2.50336e-16  -4.7102e-25 -3.93959e-16   2.2388e-25   -1.404e-16  1.00987e-25 -2.53316e-17 -1.20358e-26 -1.85501e-18  -1.6814e-26  3.53617e-19 -8.07033e-28  1.46619e-19  1.13043e-27  2.69517e-20  2.79075e-28  3.05021e-21  3.03963e-29  1.74309e-22  -1.4298e-29 -8.83967e-24 -6.48095e-30 -3.33317e-24 -5.31037e-31 -4.15999e-25   8.5084e-32 -3.23124e-26  1.41497e-32 -1.63638e-27  9.81939e-34 -4.77687e-29   7.3899e-35 -2.89981e-31 -9.47359e-36  2.95098e-32 -1.54068e-36  8.16999e-34 -3.68134e-38
 6.02263e-28 -7.71474e-13  1.63627e-25   2.4937e-11 -4.33274e-24 -4.21726e-10   4.5607e-23  4.68653e-09 -2.75585e-22  -3.7742e-08  1.09546e-21  2.32365e-07 -3.04356e-21 -1.12966e-06   5.9981e-21   4.4255e-06 -7.98471e-21 -1.41427e-05  5.00039e-21  3.70914e-05  8.69601e-21 -7.98594e-05 -4.73647e-20  0.000140307  1.57518e-19 -0.000198198  -4.4847e-19  0.000218422  1.08177e-18 -0.000175939 -2.16432e-18  8.57825e-05  3.56544e-18 -9.23638e-07 -4.81078e-18 -3.28363e-05  5.24957e-18  1.88071e-05 -4.49552e-18  3.53206e-06  2.80043e-18 -7.79846e-06 -9.44827e-19  7.75838e-07 -3.32054e-19  2.38682e-06  8.21831e-19 -4.66574e-07 -7.99064e-19 -6.92565e-07  6.04431e-19  1.09674e-07 -3.81089e-19  1.95353e-07  1.54024e-19 -1.93376e-09  2.24472e-20 -4.75582e-08 -8.64467e-20 -9.71873e-09  5.58859e-20  7.84319e-09 -7.52439e-21  4.12687e-09 -1.08831e-20 -2.49772e-10   6.3695e-21 -8.11229e-10 -4.89354e-22 -2.32589e-10 -3.78356e-22  4.25292e-11 -1.53604e-22  4.82532e-11  5.21156e-23  1.22125e-11  1.13048e-22 -1.22226e-12 -3.90877e-23 -1.78773e-12    -1.85e-23 -5.43049e-13  1.88595e-24 -3.93668e-14  4.22546e-24  2.95866e-14  2.55634e-24  1.32996e-14  -1.7858e-24  2.66566e-15 -5.25902e-25  1.28431e-16  2.39264e-25 -9.21287e-17  1.15232e-25 -3.35945e-17 -1.39968e-26 -6.22151e-18 -1.74552e-26 -6.07966e-19 -8.55822e-28  1.53518e-20  1.06737e-27  1.75137e-20  2.91241e-28  3.50771e-21  3.82882e-29  4.23959e-22 -1.24989e-29   3.2462e-23 -5.98044e-30  1.08686e-24 -5.45048e-31 -8.35039e-26  5.01173e-32 -1.54076e-26  8.62415e-33 -1.18569e-27    5.263e-34 -5.48061e-29  3.06021e-35 -1.50787e-30 -5.45387e-36 -2.06797e-32 -5.48453e-37 -7.17766e-35
 1.02496e-13   -3.849e-27 -5.98589e-12  1.29002e-24  1.36595e-10 -2.28785e-23 -1.88139e-09  1.89496e-22  1.80418e-08 -9.57949e-22 -1.29334e-07  3.28484e-21  7.22355e-07 -7.99271e-21 -3.22537e-06  1.38472e-20  1.17003e-05 -1.60986e-20 -3.48039e-05  8.69601e-21  8.51972e-05  1.31342e-20 -0.000171276 -6.66234e-20  0.000280272  2.25197e-19 -0.000366225 -6.62997e-19  0.000367578  1.61671e-18 -0.000259155 -3.19852e-18  9.32443e-05  5.13393e-18  3.09275e-05  -6.6773e-18 -5.66569e-05  6.95202e-18  1.81889e-05  -5.6038e-18  1.30632e-05  3.20166e-18 -1.04979e-05 -8.88286e-19 -2.01813e-06 -4.78397e-19  3.68123e-06  8.54614e-19  3.51781e-07 -7.41647e-19 -1.08856e-06  5.58631e-19 -1.52923e-07 -3.83813e-19  2.75352e-07  1.73486e-19  7.96809e-08  1.58068e-20 -5.09398e-08 -9.01009e-20 -2.95832e-08  5.80238e-20  3.21657e-09 -6.29242e-21  6.83814e-09 -1.19143e-20  1.51321e-09  6.09747e-21 -6.95819e-10 -2.41735e-23 -4.85228e-10 -4.07632e-22 -6.87132e-11 -3.04045e-22  4.20626e-11  9.80216e-23  2.43772e-11  1.43354e-22  4.23448e-12 -5.27826e-23 -9.97738e-13 -2.25671e-23 -7.78144e-13  2.55422e-24 -1.99278e-13  5.78513e-24 -1.12607e-14  2.33841e-24   9.8707e-15 -1.90878e-24  4.05017e-15 -5.50639e-25  7.92097e-16  2.48942e-25  5.65093e-17  1.22347e-25 -1.57092e-17 -1.58905e-26 -6.43008e-18 -1.72361e-26 -1.22934e-18 -8.05221e-28 -1.40101e-19  9.76048e-28  -5.9942e-21   2.8866e-28  1.17065e-21  4.25888e-29   3.0436e-22 -1.03811e-29  3.85338e-23 -5.18237e-30  3.16338e-24 -5.02398e-31  1.65001e-25  2.30771e-32  3.78506e-27  4.22215e-33 -1.54092e-28   1.9355e-34 -1.68381e-29  6.13141e-36 -6.23584e-31 -2.66556e-36 -9.77629e-33 -1.34002e-37
-9.62346e-27  1.06698e-12  -1.2245e-25 -3.60045e-11  8.08202e-24  6.36354e-10 -1.03998e-22 -7.39956e-09  6.99254e-22    6.244e-08 -3.00678e-21 -4.03432e-07  8.97918e-21  2.06204e-06 -1.92173e-20 -8.51127e-06  2.92098e-20  2.87325e-05 -2.92552e-20 -7.98594e-05  1.31342e-20  0.000182986   1.6226e-20 -0.000344124 -7.64701e-20  0.000524796  2.82686e-19 -0.000633347 -9.03987e-19  0.000575197  2.27034e-18 -0.000346101 -4.47089e-18  7.15367e-05  7.00854e-18  8.68949e-05 -8.78944e-18 -8.15371e-05  8.71556e-18  7.38471e-06 -6.57292e-18  2.68872e-05  3.37538e-18   -1.036e-05   -6.602e-19 -6.95754e-06 -6.75037e-19  4.19975e-06  8.50847e-19  1.92224e-06 -6.30504e-19 -1.21544e-06  4.81822e-19 -6.20114e-07 -3.77449e-19  2.50046e-07  1.91529e-19  1.97216e-07   9.6057e-21 -1.93855e-08 -9.34568e-20 -4.89186e-08  5.95292e-20 -9.10984e-09 -4.83589e-21  6.97268e-09 -1.29173e-20  3.90313e-09   5.7883e-21  1.16861e-10  5.15419e-22 -5.80937e-10  -5.0071e-22 -2.27932e-10 -4.57893e-22  -5.7405e-12  1.67275e-22  2.61514e-11  1.68324e-22   1.0508e-11 -6.89973e-23  1.25854e-12 -2.64965e-23 -5.08958e-13  4.17743e-24 -2.91775e-13  7.10306e-24 -6.64759e-14  1.92492e-24 -3.74592e-15 -1.95784e-24  2.64602e-15 -5.37602e-25  1.04831e-15  2.53705e-25   2.0454e-16  1.21157e-25  1.91766e-17 -1.78491e-26 -1.50352e-18 -1.61927e-26 -9.26225e-19 -6.44022e-28 -1.86067e-19  8.70447e-28 -2.29343e-20  2.72722e-28 -1.65918e-21  4.31812e-29  -1.1177e-23 -8.18889e-30  1.43756e-23 -4.21598e-30  2.08002e-24  -4.2223e-31  1.69465e-25  5.32051e-33  8.91047e-27  1.35903e-33  2.88826e-28  1.16785e-35  4.45612e-30 -3.01111e-36 -1.45069e-32 -1.03134e-36 -8.76257e-34
 -1.2152e-13 -8.52356e-26  7.43522e-12 -1.31925e-24 -1.77911e-10  4.20348e-23  2.57207e-09 -4.14194e-22 -2.59187e-08  2.31481e-21  1.95501e-07  -8.5797e-21 -1.15069e-06  2.24839e-20  5.42443e-06 -4.24353e-20  -2.0821e-05  5.62879e-20  6.57134e-05 -4.73647e-20 -0.000171276   1.6226e-20  0.000368336  1.32156e-20 -0.000649064 -5.68587e-20  0.000922703  2.95881e-19  -0.00102604 -1.13301e-18  0.000835296  3.00444e-18 -0.000410879 -5.92993e-18  6.30662e-07  9.09816e-18  0.000167285 -1.10041e-17 -9.72982e-05  1.03734e-17 -1.85331e-05 -7.27032e-18  4.22001e-05  3.26084e-18 -4.59353e-06 -2.56891e-19 -1.33958e-05 -9.11373e-19  2.84283e-06  8.12157e-19   4.0318e-06 -4.77688e-19 -7.17201e-07  3.84534e-19  -1.1861e-06 -3.65622e-19  3.07082e-08  2.07692e-19  3.02723e-07  4.33377e-21   5.8553e-08 -9.63472e-20  -5.2648e-08  6.04688e-20  -2.7032e-08 -3.39277e-21  1.99891e-09 -1.38859e-20  5.57633e-09  5.53705e-21  1.58472e-09  1.11905e-21 -3.04904e-10 -6.83758e-22 -3.40923e-10 -6.08831e-22 -8.74315e-11  2.63269e-22  8.19587e-12  1.86616e-22  1.27413e-11  -8.8107e-23  3.98376e-12 -2.99005e-23  3.36646e-13  6.80794e-24 -1.98287e-13  8.02162e-24 -9.48219e-14  1.34745e-24 -2.01071e-14 -1.92978e-24  -1.3726e-15 -4.83612e-25  5.47606e-16  2.54652e-25  2.24142e-16  1.11765e-25  4.41904e-17 -1.98504e-26  4.91511e-18 -1.44641e-26  7.57106e-20 -3.88378e-28 -8.91548e-20  7.62344e-28 -2.01987e-20  2.46668e-28 -2.59295e-21  4.05974e-29 -2.16439e-22 -6.12348e-30 -1.02276e-23 -3.21614e-30  5.33678e-26 -3.25882e-31  5.18119e-26 -3.99618e-33  4.37974e-27 -9.05586e-35   1.9876e-28 -5.16754e-35  5.05063e-30 -3.81693e-36  5.82304e-32 -2.71754e-37
 3.64976e-26 -1.12393e-12 -4.45536e-25  3.99641e-11 -9.48956e-24 -7.44746e-10  1.86757e-22  9.13796e-09 -1.46462e-21 -8.14435e-08  6.93107e-21  5.56449e-07  -2.2385e-20 -3.01191e-06  5.17909e-20  1.31889e-05 -8.62735e-20 -4.73404e-05  9.88765e-20  0.000140307 -6.66234e-20 -0.000344124  1.32156e-20  0.000696349 -4.19289e-21  -0.00115148  2.23036e-20    0.0015257  2.18007e-19  -0.00155782 -1.29712e-18   0.00112123  3.75828e-18 -0.000414684 -7.48661e-18 -0.000137094  1.12623e-17  0.000262716 -1.31377e-17 -8.94123e-05  1.17546e-17 -6.15094e-05 -7.60251e-18  5.31052e-05  2.85351e-18  9.00873e-06  2.86743e-19 -1.93072e-05 -1.16622e-18 -1.35418e-06  7.44188e-19  5.95851e-06 -2.99774e-19  6.79634e-07   2.7848e-19 -1.58891e-06 -3.51603e-19 -4.17709e-07  2.21512e-19  3.15217e-07 -5.21071e-23  1.70865e-07 -9.82551e-20 -2.44319e-08  6.09241e-20 -4.24464e-08 -2.25368e-21 -8.72185e-09  -1.4819e-20  4.68201e-09  5.43844e-21  3.10105e-09  1.77213e-21  4.12127e-10 -9.72291e-22 -2.84083e-10  -7.4957e-22 -1.60983e-10  3.83956e-22  -2.7878e-11  1.97774e-22  6.61908e-12 -1.09607e-22  5.19372e-12 -3.24136e-23   1.3556e-12   1.0215e-23  8.99258e-14   8.4439e-24 -6.16528e-14   6.6738e-25   -2.654e-14 -1.82818e-24 -5.42186e-15   -3.907e-25  -4.6673e-16  2.52764e-25  7.84477e-17  9.56039e-26  3.79161e-17 -2.16642e-26  7.64437e-18 -1.22548e-26  9.36603e-19 -7.67459e-29  5.63365e-20  6.59693e-28  -3.7229e-21  2.14557e-28 -1.40409e-21  3.57733e-29 -1.89857e-22 -4.32262e-30 -1.61617e-23 -2.29565e-30 -9.00423e-25 -2.31567e-31 -2.83458e-26 -7.09152e-33 -5.60137e-29   -5.566e-34  3.48783e-29 -5.06156e-35  1.27729e-30 -2.08345e-36  1.31663e-32
