 9.84237e-35 -7.78542e-40 -3.40854e-35   1.7032e-38  -8.2485e-35  1.95078e-38 -1.00134e-34  8.74568e-39  1.28124e-34 -4.96529e-37  1.18542e-35 -2.35637e-37  4.07964e-35   5.6995e-37 -5.13193e-35  8.63394e-37  7.70792e-36  -8.6497e-37  -5.1824e-36   5.8642e-37  1.71344e-36 -2.37649e-37 -1.10901e-36  2.13234e-37   1.2569e-36  -7.0759e-38 -3.53457e-37  2.96885e-38 -2.04659e-37  5.53459e-40  -6.2649e-39 -2.03646e-39 -6.22387e-38    2.981e-39  4.17288e-38 -1.17166e-39 -1.52421e-38   1.7997e-39 -6.94601e-39  3.38107e-41  4.29631e-39 -1.31712e-40 -6.69946e-40  1.57138e-40  1.91695e-39  1.81058e-41 -1.44705e-39  1.19341e-41 -4.46869e-40 -1.59562e-41   4.3114e-40 -1.80102e-41 -3.14633e-41  7.49232e-42   1.2117e-40  1.06209e-42 -3.82154e-41  2.62066e-43  1.29351e-41 -7.05138e-43 -9.32917e-42 -2.19402e-43  2.54276e-42  2.10506e-43  4.61856e-43  5.10383e-44  8.17452e-44  1.84465e-44  -1.4369e-44 -3.98048e-45  -9.2672e-44 -4.58852e-45  3.38959e-44  5.97279e-45 -6.87923e-45  6.80311e-46 -6.74021e-46 -2.37711e-46  2.28792e-45 -2.10376e-46  2.03788e-46 -7.17053e-47  1.15312e-46  1.10598e-47 -5.33963e-48 -6.43449e-48  -5.2925e-47 -1.15194e-49 -3.78486e-49 -4.69778e-49 -3.87126e-48  5.67181e-50  1.19076e-48  2.30472e-52 -2.20619e-49   9.6747e-51  2.82243e-50  1.74968e-50  1.18593e-50 -3.34965e-50 -6.08076e-51  5.28887e-50  3.44437e-52 -7.64708e-50  2.76291e-51  9.89202e-50 -3.60585e-51  -1.1424e-49   3.5095e-51  1.16679e-49 -3.01296e-51 -1.04126e-49  2.24478e-51  7.99118e-50 -1.42304e-51 -5.16238e-50  7.47587e-52   2.7238e-50 -3.13285e-52 -1.12201e-50     9.88e-53  3.34999e-51 -2.11768e-53  -6.2672e-52  2.44889e-54    4.744e-53
-7.78542e-40  3.46362e-34 -6.02877e-39 -7.95722e-35  1.10373e-37 -1.36362e-34   6.9007e-38 -2.67743e-34  -1.5766e-37  2.82712e-34 -1.95709e-36  -8.7921e-36 -5.04856e-37  1.05279e-34  1.21303e-36 -9.31258e-35   2.3737e-36  1.92742e-35 -2.08978e-36 -1.25259e-35  1.76236e-36  1.51939e-36 -6.00383e-37 -1.06771e-36  4.58498e-37  1.89742e-36 -2.04496e-37  -4.2128e-37   7.2839e-38 -3.61671e-37 -1.53115e-39 -9.07676e-38 -8.99534e-39 -1.22533e-37  1.12734e-38  7.70889e-38 -4.78158e-39 -8.88814e-39   5.0281e-39 -4.18614e-38 -7.56426e-41  1.64986e-38 -2.60283e-40 -2.88832e-39  3.02948e-40   7.3834e-39  1.22272e-40 -3.99106e-39 -7.30375e-42 -1.31473e-39 -4.18671e-41  1.19023e-39 -5.59556e-41 -1.43999e-40  2.81205e-41  4.15835e-40  1.96381e-42 -8.69313e-41  6.66029e-43  3.33817e-41 -2.82136e-42  -3.7004e-41 -7.93064e-43  8.49816e-42   8.5404e-43  1.38197e-42  2.17287e-43  4.67057e-43  6.43226e-44  -1.8792e-43 -1.24201e-44 -3.06588e-43 -1.40563e-44  1.12795e-43  2.34076e-44 -1.58817e-44  2.72829e-45 -2.63213e-45 -1.00503e-45  7.41507e-45 -6.65172e-46  1.20458e-45 -2.79666e-46   7.6653e-47    5.879e-47  6.11533e-47 -2.48466e-47 -2.06415e-46  1.93415e-48 -4.60212e-49 -2.00451e-48 -1.45568e-47  2.30972e-50  4.48377e-48  6.52068e-50 -7.09509e-49 -1.56661e-49  9.13722e-50  3.89161e-49  4.77783e-50 -6.36764e-49 -9.41322e-51  9.40624e-49 -2.26602e-50 -1.25968e-48   3.6873e-50  1.51382e-48 -3.94019e-50 -1.61996e-48  3.54699e-50  1.52687e-48 -2.79007e-50 -1.24985e-48  1.88193e-50  8.72175e-49 -1.06227e-50 -5.05817e-49  4.85486e-51  2.35018e-49 -1.71129e-51 -8.26271e-50  4.30217e-52  1.98689e-50 -6.63924e-53 -2.59464e-51  4.04278e-54
-3.40854e-35 -6.02877e-39   7.2973e-34 -2.40309e-38  -1.8726e-34  4.46018e-37 -7.03748e-35  1.03665e-37 -5.09095e-34 -9.04296e-37  4.32601e-34 -5.03428e-36 -5.68409e-35 -4.51779e-37  1.71145e-34  1.27527e-36  -1.1924e-34  4.37522e-36  3.06342e-35  -3.4827e-36   -1.654e-35  3.58752e-36 -2.07494e-36 -1.08195e-36  7.39503e-37  7.80854e-37  1.64917e-36 -4.12462e-37 -3.18497e-37  1.29968e-37 -1.91472e-37 -6.30588e-39 -4.36936e-37 -2.07131e-38 -1.04135e-37  2.52673e-38  1.15418e-37 -1.16658e-38  4.01469e-38  9.39994e-39 -1.28426e-37 -4.58886e-40  4.39904e-38 -3.56373e-40 -7.80572e-39   3.0945e-40  1.88253e-38  4.02264e-40  -7.3299e-39 -1.02707e-40 -2.56738e-39  -8.6618e-41  2.22472e-39 -1.19547e-40 -4.53557e-40  7.59652e-41   1.0211e-39  6.94982e-43 -1.09406e-40  -2.7141e-44  5.74654e-41 -7.84423e-42 -1.04049e-40 -2.10355e-42  2.06711e-41  2.52686e-42  2.97785e-42  6.51006e-43  1.42585e-42  1.62458e-43 -7.01585e-43 -2.95481e-44  -7.2883e-43 -2.80208e-44  2.80432e-43  6.29478e-44 -2.20759e-44   7.7582e-45 -4.73283e-45 -3.03724e-45  1.53075e-44 -1.36045e-45  4.69094e-45 -7.86518e-46 -9.24818e-46  2.04232e-46  3.94139e-46 -6.71277e-47 -5.56516e-46  1.12084e-47 -1.17794e-48 -5.49577e-48 -3.72274e-47 -1.17852e-48  1.22705e-47  1.52355e-48 -1.66396e-48 -2.92628e-48  2.73522e-49  5.10107e-48  3.56183e-50 -7.77218e-48  1.26737e-49  1.07642e-47 -2.50157e-49 -1.34655e-47  2.91058e-49  1.50845e-47 -2.77606e-49 -1.49862e-47  2.28443e-49  1.30398e-47 -1.61876e-49 -9.77734e-48  9.64623e-50  6.18161e-48 -4.67999e-50 -3.19679e-48  1.76466e-50  1.29238e-48 -4.80816e-51 -3.79137e-49  8.32264e-52  6.97664e-50 -6.84646e-53 -5.19955e-51
  1.7032e-38 -7.95722e-35 -2.40309e-38  1.18358e-33  -6.1694e-38 -3.63335e-34  1.32431e-36  1.07326e-34 -6.62406e-38 -7.45172e-34 -2.82989e-36  5.30967e-34 -9.80714e-36 -1.17895e-34  4.24701e-37  2.12921e-34 -2.59103e-38 -1.21186e-34  6.28033e-36  3.44698e-35 -4.74315e-36 -1.12981e-35   5.8231e-36 -1.00584e-35 -1.60409e-36  4.12712e-36  1.21297e-36  1.04187e-36 -6.76233e-37 -3.97607e-37  1.86427e-37  4.97112e-37 -1.16677e-38 -1.20494e-36 -3.56518e-38  8.92838e-38  4.07145e-38  1.89625e-37 -2.11499e-38  1.57112e-37  1.32846e-38 -2.84957e-37 -1.38504e-39  9.63096e-38 -3.43738e-40  -1.6281e-38  9.49564e-41  3.71804e-38  9.32189e-40 -9.67579e-39  -3.4685e-40 -3.77043e-39 -1.86028e-40  3.10301e-39 -2.00494e-40 -1.14401e-39  1.69004e-40  2.09415e-39  -7.1336e-42  -2.4184e-41 -5.20729e-42  7.14667e-41 -1.75028e-41 -2.38592e-40 -4.64912e-42  4.17488e-41  6.16664e-42  5.78807e-42  1.58247e-42  2.91161e-42  3.35157e-43  -1.6081e-42 -5.92841e-44 -1.45614e-42 -4.01618e-44  6.06591e-43  1.34027e-43 -2.00363e-44  1.83157e-44  2.65383e-45 -7.70994e-45   1.9889e-44 -1.89157e-45  1.46939e-44 -1.83006e-45  -4.9171e-45  5.46086e-46  1.37372e-45 -1.46344e-46 -1.17267e-45  3.53379e-47  -1.7569e-47 -8.43659e-48 -7.34894e-47 -1.21975e-47  2.82339e-47  1.82431e-47 -3.61869e-48 -3.15829e-47  1.14702e-48  4.99693e-47 -7.36328e-49 -7.16669e-47   1.2956e-48   9.3249e-47 -1.64514e-48 -1.09232e-46  1.64925e-48  1.14156e-46 -1.41284e-48 -1.05256e-46  1.03524e-48   8.4408e-47 -6.35214e-49 -5.77781e-47    3.137e-49  3.29055e-47  -1.1678e-49 -1.50287e-47  2.87211e-50  5.19845e-48 -2.98583e-51 -1.23087e-48  -4.3748e-52  1.58392e-49  1.02852e-52
 -8.2485e-35  1.10373e-37  -1.8726e-34  -6.1694e-38  1.66545e-33 -1.17015e-37   -5.887e-34  3.09114e-36  3.08284e-34 -7.23747e-37 -8.95349e-34 -6.45968e-36  5.55798e-34 -1.53881e-35 -1.67498e-34  2.29271e-36  2.11531e-34 -2.81296e-36 -9.53994e-35  7.53312e-36  2.28766e-35 -5.74055e-36  7.09201e-36  8.07247e-36 -2.21872e-35 -2.04568e-36  7.88294e-36  1.74879e-36  1.38893e-36 -9.52008e-37 -9.93676e-37  2.15488e-37  1.45715e-36 -1.70762e-38  -2.4089e-36  -5.1988e-38  5.21754e-37  4.87239e-38  3.51862e-37 -3.13662e-38  3.59341e-37  1.37349e-38   -5.094e-37  -3.3241e-39  1.83868e-37 -1.59571e-41 -2.76317e-38 -8.94357e-41  6.00741e-38    1.718e-39 -7.51991e-39 -8.58971e-40 -4.15822e-39 -4.42607e-40  2.95419e-39 -2.74077e-40 -2.44627e-39  3.24514e-40  3.82835e-39  -2.8648e-41  2.72601e-40  -2.0555e-41  5.34686e-41 -3.31114e-41 -4.70241e-40 -8.91012e-42  7.29622e-41  1.29792e-41    1.172e-41  3.30016e-42  3.92298e-42    5.803e-43 -2.46862e-42 -1.00352e-43 -2.64937e-42 -3.79958e-44  1.21094e-42  2.39034e-43 -1.94711e-44  3.87824e-44  4.93458e-44 -1.75634e-44  3.05378e-45 -1.19121e-45  3.96081e-44 -3.70205e-45  -1.5608e-44  1.20006e-45  3.48999e-45 -2.67035e-46 -1.97477e-45  6.93784e-47 -1.06725e-46  2.34772e-47 -1.16055e-46 -1.00899e-46  5.84883e-47   1.6382e-46 -9.14571e-48  -2.6606e-46  5.83145e-48  3.95604e-46 -5.96414e-48 -5.35093e-46  7.46143e-48   6.5458e-46 -7.86524e-48 -7.18208e-46  6.92222e-48  6.99714e-46 -5.14053e-48 -5.97692e-46   3.1164e-48  4.40366e-46 -1.43006e-48 -2.73808e-46  3.97764e-49  1.39359e-46  1.85618e-50 -5.54861e-47  -7.9147e-50  1.60411e-47  3.64749e-50 -2.91062e-48 -6.95422e-51   2.1402e-49
 1.95078e-38 -1.36362e-34  4.46018e-37 -3.63335e-34 -1.17015e-37  2.13762e-33  -1.9578e-37 -8.20031e-34  5.86422e-36  4.55245e-34 -1.93546e-36 -9.30401e-34 -1.19019e-35  5.15634e-34 -2.01028e-35 -1.80802e-34   4.6858e-36   1.5592e-34 -6.24046e-36 -4.19621e-35  7.91579e-36 -9.07684e-36 -6.46076e-36  3.89016e-35  9.90556e-36 -3.67083e-35 -2.26008e-36  1.07237e-35  2.31825e-36  3.94649e-36 -1.17661e-36 -2.03889e-36  1.86106e-37   1.9091e-36 -2.80846e-38  -3.8732e-36 -6.64372e-38  1.20621e-36  3.80569e-38  6.38844e-37 -4.09126e-38  6.40318e-37   6.2011e-39 -7.66185e-37 -6.92964e-39  3.14553e-37  1.14226e-39 -3.89645e-38  5.74502e-40  8.05817e-38  2.68186e-39  4.44389e-39 -1.84019e-39 -2.73182e-39 -1.06353e-39  4.16215e-40 -3.01878e-40 -4.55323e-39  5.48435e-40  6.44358e-39 -7.33718e-41  8.58556e-40 -5.26023e-41 -2.45544e-41 -5.44417e-41 -8.16657e-40 -1.49796e-41  1.11262e-40  2.41123e-41  2.57251e-41  6.08235e-42  1.72872e-42  8.32586e-43 -1.89598e-42 -1.36987e-43 -4.65119e-42  -4.9069e-45  2.28295e-42  3.66611e-43 -6.79513e-44   7.7255e-44  1.99978e-43 -3.69712e-44 -7.20087e-44  2.66293e-45  9.43206e-44 -6.64705e-45 -3.83061e-44    2.224e-45  7.01737e-45 -3.66867e-46  -2.5343e-45 -1.54252e-47 -4.00958e-46  3.59687e-46 -1.47344e-46 -7.48328e-46  1.15994e-46  1.21909e-45 -2.94199e-47 -1.87479e-45  2.72378e-47  2.63472e-45 -2.92382e-47  -3.3615e-45  3.08536e-47  3.86496e-45  -2.7658e-47 -3.96832e-45  2.01967e-47  3.59761e-45 -1.12074e-47 -2.83872e-45    3.509e-48  1.91314e-45   1.0438e-48 -1.07335e-45 -2.35644e-48  4.83178e-46  1.74649e-48 -1.64808e-46 -7.59158e-49  3.84968e-47  1.85629e-49 -4.88921e-48 -1.70528e-50
-1.00134e-34   6.9007e-38 -7.03748e-35  1.32431e-36   -5.887e-34  -1.9578e-37  2.51222e-33 -3.60441e-37 -9.94408e-34  9.19166e-36  5.24686e-34 -3.15167e-36 -8.70315e-34 -1.86253e-35  4.40996e-34 -2.22701e-35 -1.43281e-34  6.69436e-36   4.6336e-35 -8.88556e-36  3.56168e-35   7.5338e-36 -6.05509e-35 -6.87297e-36  7.96554e-35   1.0995e-35 -5.07067e-35 -2.13071e-36   1.2418e-35  2.82521e-36  9.18624e-36 -1.28528e-36 -2.98034e-36  7.27427e-38  8.01817e-37 -5.79453e-38 -5.26574e-36 -6.99096e-38  2.11402e-36 -6.13748e-40  1.02714e-36 -5.12827e-38  9.55021e-37 -1.58455e-38 -9.83651e-37 -1.29801e-38   4.8901e-37  4.12907e-39  -4.6734e-38   3.4782e-39  8.79725e-38  3.71132e-39   3.2862e-38  -3.6039e-39  1.72922e-39 -2.37942e-39 -6.30459e-39  -2.4342e-40 -7.47754e-39  8.21636e-40  1.01323e-38 -1.50867e-40  1.71158e-39  -1.0551e-40 -1.93958e-40 -7.84048e-41 -1.26516e-39 -2.19857e-41  1.45379e-40  4.01191e-41  5.79824e-41  1.00958e-41 -8.90617e-42  9.23261e-43  2.84946e-42 -1.27424e-43 -8.17013e-42  7.75175e-44  4.08093e-42  4.87197e-43 -2.71357e-43  1.48568e-43  5.64911e-43 -7.27053e-44  -2.6484e-43  1.23842e-44  2.00917e-43 -1.06234e-44  -7.8845e-44  3.36865e-45  1.14158e-44  5.59794e-47 -1.88223e-45 -1.18749e-45 -1.11288e-45  2.77672e-45 -1.55702e-46 -4.94753e-45  2.36791e-46  7.80631e-45 -1.03702e-46  -1.1385e-44  1.05926e-46   1.5131e-44 -1.06206e-46 -1.81985e-44  9.50055e-47  1.96451e-44 -6.76842e-47 -1.88416e-44  3.14355e-47  1.58525e-44   1.7513e-48 -1.15097e-44 -2.21047e-47  7.05516e-45  2.64812e-47 -3.54137e-45 -1.95343e-47  1.39105e-45  9.69942e-48 -3.96869e-46 -3.04901e-48  7.10844e-47  4.87944e-49 -5.16095e-48
 8.74568e-39 -2.67743e-34  1.03665e-37  1.07326e-34  3.09114e-36 -8.20031e-34 -3.60441e-37  2.68922e-33 -7.58236e-37 -1.07176e-33  1.19799e-35  5.34517e-34 -3.16398e-36 -7.60124e-34 -2.55029e-35  3.65962e-34 -2.10163e-35 -5.55592e-35  7.49503e-36 -1.03301e-34 -9.47649e-36  1.30199e-34  6.61012e-36 -1.24817e-34 -6.92904e-36  1.20466e-34  1.12357e-35  -6.1292e-35 -1.63523e-36  1.41833e-35  3.20937e-36  1.65777e-35 -1.23425e-36 -3.08514e-36 -1.39505e-37 -2.67905e-36 -1.24644e-37  -6.1583e-36 -4.23672e-38  3.20284e-36 -6.98805e-38  1.39544e-36  -6.8755e-38  1.22141e-36 -6.09142e-38 -1.06725e-36 -2.25038e-38  6.95924e-37  1.04524e-38 -5.07119e-38  1.02331e-38  7.11738e-38  4.74691e-39  8.43951e-38 -6.58358e-39  1.08172e-38 -4.82518e-39 -1.91571e-38 -7.57947e-41 -1.09226e-38  1.08957e-39  1.49552e-38 -2.65532e-40  2.63727e-39 -1.76875e-40 -4.87942e-40 -9.80075e-41 -1.75559e-39 -2.75002e-41  1.51066e-40  6.03722e-41  1.26281e-40  1.52957e-41 -3.65106e-41  5.63618e-43   1.6039e-41  8.12051e-45 -1.44528e-41   2.3189e-43  6.87798e-42  5.52763e-43 -7.94871e-43  2.77901e-43  1.29778e-42 -1.33924e-43 -6.55514e-43  3.08776e-44  3.86041e-43 -1.45987e-44 -1.41428e-43  2.89017e-45  1.46838e-44  4.17692e-45  1.51233e-45 -9.36722e-45 -2.45869e-45  1.75313e-44 -1.95513e-46 -2.90765e-44  5.33365e-46  4.38667e-44 -3.59375e-46 -6.06545e-44  3.69785e-46  7.61862e-44 -3.48741e-46 -8.62784e-44   2.7828e-46  8.72917e-44 -1.59569e-46 -7.80116e-44  2.20031e-47  6.07009e-44  9.15847e-47 -4.03532e-44 -1.45861e-46  2.23381e-44  1.33946e-46 -9.92382e-45 -8.34182e-47  3.34117e-45   3.4346e-47  -7.7047e-46 -8.19505e-48  9.66109e-47  7.34723e-49
 1.28124e-34  -1.5766e-37 -5.09095e-34 -6.62406e-38  3.08284e-34  5.86422e-36 -9.94408e-34 -7.58236e-37  2.64694e-33 -1.55502e-36 -1.07102e-33  1.29755e-35  5.19592e-34 -6.78403e-37 -6.49194e-34 -3.11544e-35  3.12016e-34 -1.65166e-35  6.93188e-35  6.76365e-36 -2.67561e-34 -7.42028e-36  2.31251e-34  5.36244e-36 -1.91697e-34 -6.70328e-36  1.50304e-34   1.0774e-35 -6.69934e-35 -8.57952e-37  1.81142e-35  3.47838e-36  2.47698e-35 -1.01625e-36 -1.93513e-36 -4.55525e-37 -8.60313e-36 -2.43453e-37 -6.09235e-36  4.92015e-38  4.45497e-36 -1.62274e-37  1.51045e-36 -1.04332e-37  1.34659e-36 -1.38587e-37 -9.25777e-37 -3.73066e-38  9.09708e-37  2.18475e-38 -5.83692e-38  2.19816e-38  2.44964e-38   5.8278e-39  1.63412e-37 -1.13119e-38  2.66653e-38 -8.86932e-39 -3.96596e-38  1.83595e-40 -1.42842e-38  1.26379e-39  2.07245e-38 -4.09542e-40  3.23827e-39 -2.54377e-40 -9.42778e-40 -1.02121e-40 -2.17197e-39  -2.7347e-41  8.56059e-41  8.26832e-41  2.58204e-40   2.1359e-41 -9.38151e-41 -6.24506e-43  4.32762e-41  3.99268e-43 -2.52846e-41  4.96984e-43  1.08226e-41  5.01406e-43 -1.82744e-42   5.0356e-43  2.57084e-42 -2.30745e-43 -1.33389e-42  5.91015e-44  6.73833e-43 -1.33374e-44 -2.25952e-43 -8.82889e-45  1.31642e-44  2.98756e-44  9.37959e-45 -5.64572e-44 -4.38976e-45  9.71585e-44 -6.55541e-46 -1.52602e-43  1.58085e-45  2.19107e-43 -1.61101e-45 -2.86977e-43  1.90463e-45  3.40264e-43 -2.08744e-45 -3.62217e-43  2.01667e-45  3.42681e-43 -1.60081e-45 -2.84466e-43   9.0515e-46  2.03818e-43 -1.73518e-46 -1.23311e-43  -3.0172e-46  6.10993e-44  3.99539e-46 -2.36923e-44 -2.54522e-46  6.67305e-45  9.14044e-47 -1.17989e-45 -1.56053e-47  8.45524e-47
-4.96529e-37  2.82712e-34 -9.04296e-37 -7.45172e-34 -7.23747e-37  4.55245e-34  9.19166e-36 -1.07176e-33 -1.55502e-36  2.47083e-33 -2.77982e-36 -1.05578e-33  1.16173e-35  5.15377e-34  4.84425e-36  -5.7682e-34 -3.44836e-35  2.83156e-34 -9.60022e-36  2.13159e-34  4.72502e-36 -4.16239e-34 -2.89211e-36   3.2612e-34  4.04333e-36 -2.51158e-34 -6.50775e-36  1.59498e-34  9.89982e-36 -6.84201e-35  7.39512e-38   2.6058e-35  3.69429e-36  3.18936e-35 -6.62432e-37  1.64207e-37 -8.73254e-37 -1.60266e-35 -4.17117e-37  -4.6723e-36  2.46829e-37  5.91856e-36 -2.60275e-37  1.04952e-36 -1.70956e-37  1.27154e-36 -2.57567e-37 -5.01318e-37 -6.08361e-38  1.09354e-36  3.95995e-38 -8.64591e-38  3.85654e-38 -4.63333e-38  7.01378e-39  2.69275e-37 -1.83727e-38   5.1807e-38 -1.48894e-38 -6.80443e-38  4.59399e-40 -1.68641e-38  1.24113e-39  2.69464e-38 -5.57503e-40  2.96326e-39 -3.15526e-40 -1.59987e-39  -7.6386e-41 -2.34777e-39 -1.63097e-41 -1.18348e-40  1.03357e-40  4.92636e-40  2.76539e-41  -1.9863e-40 -3.02869e-42   9.0815e-41  1.23513e-42 -4.26355e-41  9.49329e-43   1.5709e-41  2.67035e-43 -3.50444e-42  8.76196e-43  4.52538e-42 -3.68794e-43  -2.3807e-42  8.72254e-44  1.07552e-42  1.90968e-44 -3.26057e-43 -8.14989e-44  2.56852e-45  1.67747e-43  2.22627e-44 -2.96437e-43 -4.88921e-45  4.82393e-43 -5.25997e-45 -7.19989e-43  9.71945e-45  9.81689e-43 -1.38987e-44 -1.21645e-42  1.89434e-44   1.3593e-42 -2.29953e-44 -1.35725e-42  2.40479e-44  1.19725e-42 -2.08297e-44  -9.1963e-43  1.40937e-44  6.03559e-43 -6.62112e-45 -3.29858e-43  1.38508e-45  1.44674e-43  6.23011e-46 -4.80841e-44 -6.08409e-46  1.09438e-44  1.92573e-46 -1.35397e-45 -1.92287e-47
 1.18542e-35 -1.95709e-36  4.32601e-34 -2.82989e-36 -8.95349e-34 -1.93546e-36  5.24686e-34  1.19799e-35 -1.07102e-33 -2.77982e-36  2.29769e-33 -4.19043e-36 -1.08862e-33  8.58518e-36  5.48629e-34  1.27846e-35 -5.62884e-34 -3.51712e-35  2.70336e-34 -1.18423e-36  3.60268e-34  1.97719e-36 -5.22818e-34  3.41262e-36  4.02173e-34  3.00066e-36  -2.9657e-34 -6.84732e-36  1.43102e-34  8.85117e-36 -6.77525e-35  1.09159e-36   3.8563e-35  3.94032e-36  3.58539e-35 -2.33455e-37  2.03559e-36 -1.38555e-36 -2.30856e-35  -6.2837e-37  -1.7079e-36  5.91363e-37  7.73458e-36 -3.40166e-37 -3.36174e-37 -2.78353e-37  1.01518e-36 -4.23207e-37  2.07558e-37 -9.88919e-38  1.20923e-36   6.3581e-38 -1.57382e-37  5.78611e-38 -1.20856e-37  8.17531e-39  3.94527e-37  -2.8322e-38  8.84365e-38 -2.30084e-38 -1.02395e-37  6.14327e-40 -1.82433e-38  9.39111e-40  3.28956e-38 -6.67932e-40  1.24419e-39 -3.32133e-40 -2.50242e-39 -5.10028e-42 -2.08437e-39  9.99411e-42 -5.58662e-40  1.17782e-40  8.79822e-40  3.32071e-41 -3.73962e-40 -6.94482e-42   1.6437e-40   2.7648e-42 -6.78584e-41  1.72633e-42  2.07064e-41 -2.03896e-43 -5.80469e-42  1.44717e-42  7.20462e-42 -5.27672e-43 -3.84414e-42  5.38507e-44  1.57957e-42  2.08748e-43 -4.30632e-43  -4.5227e-43 -1.59484e-44  8.32652e-43  2.89456e-44 -1.39951e-42  2.02734e-44   2.1662e-42 -5.88573e-44 -3.07265e-42  1.00847e-43  3.97211e-42 -1.52181e-43 -4.64935e-42  2.04615e-43  4.88644e-42 -2.39321e-43 -4.56454e-42  2.37733e-43  3.74147e-42 -1.94313e-43 -2.64707e-42  1.24683e-43  1.58134e-42 -5.78724e-44 -7.73599e-43  1.59871e-44  2.96123e-43 -5.06495e-46 -8.23093e-44 -1.24649e-45  1.43556e-44  3.21709e-46 -1.01401e-45
-2.35637e-37  -8.7921e-36 -5.03428e-36  5.30967e-34 -6.45968e-36 -9.30401e-34 -3.15167e-36  5.34517e-34  1.29755e-35 -1.05578e-33 -4.19043e-36  2.23825e-33  -5.2798e-36  -1.1977e-33  5.47626e-36  6.30498e-34   2.1729e-35  -6.0527e-34 -3.38569e-35  2.58823e-34   7.9845e-36  5.02243e-34 -6.53115e-37 -5.71012e-34  1.06565e-35  4.48876e-34  2.61284e-36 -3.26577e-34 -8.23078e-36  1.02928e-34  7.65254e-36 -6.74135e-35  2.25372e-36  5.43492e-35  4.30077e-36  3.46527e-35  1.93189e-37  1.77112e-36 -1.97911e-36 -2.74218e-35 -8.40941e-37  2.61651e-36  1.10845e-36  1.01246e-35 -3.78373e-37 -2.92667e-36 -4.26908e-37  6.95493e-37 -6.35573e-37  1.13673e-36  -1.5946e-37  1.23201e-36   9.1354e-38 -2.90452e-37   7.5602e-38 -1.66109e-37  8.75345e-39  5.25447e-37 -4.15678e-38  1.37116e-37 -3.29273e-38 -1.38245e-37  4.62866e-40 -1.86133e-38  3.35995e-40  3.78419e-38 -6.95404e-40 -2.31317e-39 -2.79292e-40 -3.67978e-39  1.26606e-40 -1.17753e-39  5.23949e-41  -1.3663e-39  1.21448e-40  1.47879e-39  3.66266e-41 -6.46068e-40 -1.25043e-41  2.67528e-40  5.27684e-42 -1.00554e-40  3.03313e-42   2.4159e-41 -9.17937e-43 -8.45901e-42  2.21878e-42  1.04887e-41 -5.68442e-43 -5.72057e-42 -3.37045e-43  2.15505e-42  1.12835e-42  -5.4943e-43 -2.15514e-42  2.12117e-44  3.74854e-42 -1.11272e-43 -6.00823e-42  3.45364e-43  8.85107e-42 -6.47437e-43 -1.19211e-41   1.0481e-42  1.45879e-41 -1.50606e-42 -1.60993e-41  1.89927e-42  1.58766e-41 -2.06358e-42 -1.38323e-41  1.88678e-42  1.04936e-41 -1.40547e-42 -6.80152e-42   8.1294e-43  3.67061e-42 -3.36923e-43 -1.58943e-42   8.4265e-44  5.21381e-43 -5.70653e-45 -1.17057e-43 -2.47745e-45  1.42739e-44  3.81355e-46
 4.07964e-35 -5.04856e-37 -5.68409e-35 -9.80714e-36  5.55798e-34 -1.19019e-35 -8.70315e-34 -3.16398e-36  5.19592e-34  1.16173e-35 -1.08862e-33  -5.2798e-36  2.33558e-33 -5.44163e-36 -1.37188e-33  3.76572e-36  7.51809e-34  3.02092e-35 -6.85157e-34 -3.19048e-35  2.34962e-34  1.72127e-35  6.38466e-34 -2.14773e-36 -5.57062e-34   1.8212e-35  4.59051e-34  3.11303e-36 -3.45215e-34 -1.09652e-35  4.75473e-35  6.08405e-36 -6.87255e-35  3.73745e-36  7.04489e-35  4.86382e-36  2.68208e-35  5.34731e-37 -2.90562e-36 -2.63103e-36 -2.67881e-35 -1.01317e-36  7.61599e-36   1.7952e-36  1.33205e-35 -3.57905e-37 -6.82837e-36 -6.02582e-37  5.12541e-37 -8.89009e-37  2.16351e-36 -2.51158e-37  1.16454e-36   1.1783e-37  -4.9111e-37  8.58887e-38 -1.45355e-37   7.6623e-39  6.45471e-37 -5.82011e-38  1.95466e-37 -4.38002e-38 -1.69084e-37 -2.02063e-40  -1.8812e-38 -5.01814e-40  4.13718e-38 -6.12869e-40 -7.75515e-39 -1.46235e-40 -5.11866e-39  3.31096e-40  5.54495e-40  1.05627e-40 -2.69936e-39  1.11136e-40  2.35054e-39  3.59784e-41 -1.03921e-39 -1.96724e-41  4.00034e-40  9.05215e-42 -1.37448e-40  5.09818e-42  2.35923e-41 -1.73337e-42 -1.09182e-41  2.94378e-42  1.40698e-41  1.58581e-43 -7.98249e-42 -2.37596e-42   2.8677e-42  5.17009e-42 -9.89917e-43 -9.30709e-42  8.43121e-43  1.54384e-41 -1.87938e-42 -2.35916e-41  3.70444e-42  3.30531e-41 -6.32406e-42 -4.22159e-41  9.61366e-42  4.88168e-41 -1.29179e-41 -5.06879e-41  1.51186e-41  4.67782e-41 -1.51147e-41 -3.78809e-41   1.2578e-41  2.64765e-41 -8.40325e-42 -1.56246e-41  4.27013e-42   7.5498e-42 -1.50734e-42 -2.85384e-42  3.04432e-43  7.83006e-43 -1.36508e-44 -1.34702e-43 -4.85066e-45  9.37242e-45
  5.6995e-37  1.05279e-34 -4.51779e-37 -1.17895e-34 -1.53881e-35  5.15634e-34 -1.86253e-35 -7.60124e-34 -6.78403e-37  5.15377e-34  8.58518e-36  -1.1977e-33 -5.44163e-36  2.56856e-33 -4.20016e-36 -1.57323e-33  3.86661e-36  8.83418e-34  3.71326e-35 -7.78055e-34 -3.09135e-35  1.91864e-34  2.56554e-35  7.73225e-34 -1.34793e-36 -4.88114e-34  2.58841e-35   4.2938e-34  4.43249e-36 -3.60384e-34 -1.50539e-35 -9.71643e-36  3.78896e-36 -7.12469e-35  5.75079e-36  8.29064e-35  5.73059e-36  1.19523e-35  7.13663e-37 -1.41521e-35 -3.30556e-36 -1.96306e-35 -1.12255e-36  1.21038e-35  2.61318e-36   1.7441e-35 -2.72903e-37 -1.18893e-35 -7.74741e-37   6.9362e-37 -1.17341e-36  3.12705e-36 -3.80404e-37  1.04259e-36  1.35888e-37 -7.42777e-37  8.23661e-38 -3.12681e-38  3.47629e-39  7.40338e-37 -7.78048e-38  2.57718e-37 -5.41965e-38 -1.87958e-37 -1.58362e-39 -1.99277e-38 -1.42004e-39  4.36839e-38 -4.38008e-40 -1.46965e-38  5.55243e-41 -6.73246e-39  6.17357e-40  3.24532e-39  1.57332e-40 -4.72306e-39  8.58621e-41  3.54567e-39  2.86915e-41 -1.56678e-39  -2.8332e-41  5.56373e-40  1.43259e-41 -1.71768e-40  7.97709e-42  1.60361e-41 -1.98389e-42 -1.24653e-41   2.3312e-42  1.76489e-41  4.36923e-42 -1.10726e-41 -1.12343e-41  5.11907e-42  2.14957e-41 -5.15346e-42 -3.69037e-41    9.665e-42  5.84341e-41 -1.91493e-41 -8.50564e-41  3.42593e-41  1.13206e-40 -5.48443e-41  -1.3691e-40  7.81262e-41  1.49329e-40 -9.77952e-41 -1.45552e-40  1.05787e-40  1.25345e-40 -9.67447e-41 -9.39994e-41   7.2616e-41   6.0234e-41 -4.28953e-41 -3.21406e-41  1.87033e-41  1.37617e-41 -5.38487e-42 -4.46364e-42   7.9096e-43  9.90653e-43 -3.02729e-45 -1.19323e-43 -7.22155e-45
-5.13193e-35  1.21303e-36  1.71145e-34  4.24701e-37 -1.67498e-34 -2.01028e-35  4.40996e-34 -2.55029e-35 -6.49194e-34  4.84425e-36  5.48629e-34  5.47626e-36 -1.37188e-33 -4.20016e-36  2.87881e-33 -1.37381e-36 -1.75235e-33  5.00738e-36  9.83313e-34  4.16297e-35  -8.6614e-34 -3.22784e-35  1.33458e-34  3.23047e-35  9.12162e-34   2.8469e-36 -3.78826e-34   3.3926e-35  3.60696e-34  6.17248e-36 -3.81162e-34 -2.02312e-35 -5.42061e-35  4.47508e-37 -7.30042e-35  8.40507e-36  8.77602e-35  7.00749e-36 -8.77817e-36  6.69543e-37 -3.34797e-35 -3.95383e-36 -5.48753e-36 -1.19253e-36  1.45653e-35  3.49225e-36  2.23517e-35  -1.3077e-37 -1.76654e-35 -8.98128e-37  1.41743e-36 -1.47624e-36  3.85695e-36 -5.48131e-37  9.26914e-37  1.38019e-37 -1.00544e-36  5.97767e-38  1.81249e-37 -5.08495e-39  8.02316e-37 -9.93112e-38  3.15951e-37 -6.21734e-38 -1.89823e-37 -3.87458e-39 -2.25732e-38 -2.20731e-39  4.57295e-38 -2.53507e-40 -2.23692e-38  2.91484e-40 -8.34975e-39  9.90395e-40  6.95875e-39  1.89639e-40 -7.57383e-39  4.72452e-41  5.08688e-39  1.16357e-41 -2.22026e-39 -3.84728e-41  7.25125e-40  2.14393e-41 -1.93609e-40  1.08322e-41 -1.14791e-42  9.76002e-43 -1.30734e-41 -4.94845e-42  2.30031e-41  2.25284e-41 -2.09867e-41 -4.59944e-41  2.35797e-41   8.2324e-41 -4.52936e-41 -1.35016e-40  9.10959e-41  2.03944e-40 -1.69553e-40 -2.82486e-40  2.85177e-40  3.56729e-40 -4.29374e-40 -4.07924e-40  5.72372e-40  4.18928e-40 -6.65672e-40 -3.82487e-40  6.62694e-40  3.06535e-40 -5.50669e-40  -2.1213e-40  3.68939e-40  1.24015e-40 -1.89535e-40  -5.9405e-41  6.89552e-41  2.22778e-41  -1.5322e-41 -6.06871e-42  1.37621e-42  1.03714e-42  6.77105e-44 -7.16825e-44
 8.63394e-37 -9.31258e-35  1.27527e-36  2.12921e-34  2.29271e-36 -1.80802e-34 -2.22701e-35  3.65962e-34 -3.11544e-35  -5.7682e-34  1.27846e-35  6.30498e-34  3.76572e-36 -1.57323e-33 -1.37381e-36  3.19959e-33  2.91131e-36 -1.86143e-33   5.9242e-36  1.00831e-33  4.26467e-35 -9.47144e-34 -3.70169e-35  7.52094e-35  3.62095e-35   1.0603e-33  1.11278e-35 -2.48147e-34  4.28305e-35  2.58378e-34  7.71524e-36 -4.14708e-34  -2.6081e-35 -7.37364e-35 -4.07635e-36  -7.1338e-35  1.15975e-35  8.19649e-35  8.77507e-36 -3.23084e-35  3.72096e-37 -6.12626e-35 -4.51713e-36  1.48655e-35 -1.30908e-36  1.34978e-35  4.34666e-36  2.75694e-35  4.74309e-38 -2.34603e-35 -9.19095e-37  2.74563e-36 -1.78369e-36  4.20412e-36  -7.4722e-37  8.80118e-37  1.18575e-37 -1.22248e-36  1.54096e-38  4.68385e-37 -1.85218e-38  8.30651e-37  -1.2101e-37  3.63199e-37 -6.54527e-38 -1.73895e-37 -7.28121e-39 -2.61505e-38 -2.64383e-39  4.91222e-38 -2.11054e-40 -2.97903e-38  5.13485e-40 -9.74487e-39  1.44979e-39  1.16726e-38  1.83379e-40 -1.13128e-38 -1.00415e-42  6.94941e-39 -1.84245e-41 -2.95935e-39 -5.06865e-41  8.89642e-40  3.18501e-41 -1.92161e-40  9.31752e-42 -2.69283e-41   1.7122e-41 -2.10114e-41 -3.87834e-41  5.35848e-41  9.19316e-41 -9.66184e-41 -1.71587e-40  1.92317e-40  2.91939e-40 -4.00874e-40 -4.57311e-40  7.76793e-40  6.58473e-40 -1.36954e-39 -8.67155e-40  2.17463e-39  1.03801e-39 -3.07719e-39 -1.12109e-39  3.83001e-39  1.08269e-39 -4.12321e-39  -9.2453e-40  3.75635e-39  6.88201e-40 -2.81206e-39 -4.38313e-40  1.65997e-39   2.3285e-40 -7.26334e-40  -9.9465e-41  2.12413e-40  3.22647e-41 -3.34158e-41 -7.18123e-42  1.07049e-42  8.69864e-43  1.70376e-43
 7.70792e-36   2.3737e-36  -1.1924e-34 -2.59103e-38  2.11531e-34   4.6858e-36 -1.43281e-34 -2.10163e-35  3.12016e-34 -3.44836e-35 -5.62884e-34   2.1729e-35  7.51809e-34  3.86661e-36 -1.75235e-33  2.91131e-36  3.47809e-33  8.35828e-36 -1.86481e-33  5.73705e-36  9.25537e-34  3.88143e-35 -1.03638e-33 -4.58306e-35  4.03235e-35  3.67614e-35  1.22168e-33  2.33945e-35 -1.16725e-34  5.29697e-35  1.32611e-34  8.41132e-36 -4.63655e-34 -3.21586e-35 -6.17065e-35 -9.67416e-36  -6.3852e-35   1.4946e-35  6.39658e-35  1.10491e-35 -5.37989e-35 -1.69206e-37 -9.63694e-35 -4.93057e-36  3.94959e-35 -1.61661e-36  7.84039e-36  5.09925e-36   3.2269e-35  2.27547e-37 -2.84461e-35 -7.85251e-37  4.59027e-36 -2.07947e-36  4.06898e-36 -9.61669e-37  9.34098e-37  7.58564e-38 -1.33397e-36 -5.00364e-38  7.80913e-37 -3.60165e-38  8.26879e-37 -1.40791e-37  3.97705e-37 -6.16712e-38 -1.45051e-37 -1.20727e-38 -2.84915e-38 -2.54577e-39   5.5827e-38 -5.12681e-40 -3.59837e-38  6.77674e-40  -1.0724e-38  1.98684e-39  1.72737e-38  1.23806e-40 -1.58828e-38  -5.4567e-41  9.04601e-39 -6.35803e-41  -3.7084e-39 -6.79212e-41  1.03248e-39  5.22841e-41  -1.6685e-40 -1.35797e-41 -3.01223e-41  8.20458e-41 -1.23136e-40 -1.67821e-40  3.31029e-40  3.35698e-40 -7.60137e-40 -5.92314e-40  1.64373e-39  9.62177e-40 -3.32111e-39 -1.43922e-39  6.13167e-39   1.9747e-39 -1.02471e-38 -2.47178e-39  1.53506e-38  2.80405e-39 -2.03709e-38    -2.86e-39  2.35927e-38  2.59715e-39 -2.33931e-38 -2.07413e-39   1.9361e-38   1.4338e-39 -1.29182e-38 -8.39893e-40  6.60883e-39  4.04671e-40 -2.39604e-39 -1.53362e-40  5.33214e-40   4.2455e-41 -5.00036e-41  -7.4203e-42 -1.53966e-42  5.28082e-43
 -8.6497e-37  1.92742e-35  4.37522e-36 -1.21186e-34 -2.81296e-36   1.5592e-34  6.69436e-36 -5.55592e-35 -1.65166e-35  2.83156e-34 -3.51712e-35  -6.0527e-34  3.02092e-35  8.83418e-34  5.00738e-36 -1.86143e-33  8.35828e-36  3.68951e-33  1.47057e-35 -1.74643e-33  4.36548e-36  7.19511e-34  2.88195e-35 -1.16094e-33 -5.92046e-35  5.24546e-35  3.38653e-35  1.39888e-33  3.85082e-35  -4.3313e-36  6.42404e-35 -2.11818e-36  7.77278e-36 -5.24753e-34 -3.80673e-35 -1.86883e-35 -1.60218e-35  -4.9049e-35  1.78002e-35  3.37926e-35  1.37601e-35 -6.72864e-35 -9.06971e-37 -1.36014e-34 -5.12221e-36   6.5554e-35 -2.29062e-36  -2.6276e-36  5.70463e-36  3.54246e-35  3.64202e-37 -3.18482e-35 -4.56912e-37  6.73236e-36 -2.34129e-36  3.42419e-36 -1.16789e-36  1.05817e-36  1.31687e-38 -1.29228e-36 -1.32438e-37  1.05799e-36 -5.52209e-38  7.86252e-37 -1.56632e-37  4.26748e-37 -4.86662e-38 -1.13577e-37 -1.86325e-38 -2.61139e-38 -1.78733e-39  6.77111e-38 -1.36897e-39 -4.01616e-38  7.65281e-40 -1.12639e-38  2.58096e-39  2.35734e-38  6.05619e-42 -2.10881e-38 -1.11191e-40  1.12265e-38 -1.21351e-40 -4.37033e-39 -1.01918e-40  1.16628e-39  1.09367e-40 -2.15108e-40  -1.1774e-40  2.89237e-40   3.1487e-40 -1.10564e-39 -6.12535e-40  2.77352e-39  1.13174e-39 -6.33562e-39 -1.90587e-39  1.33377e-38  2.96073e-39 -2.57614e-38 -4.23063e-39  4.52334e-38  5.53466e-39 -7.15633e-38 -6.59092e-39  1.00928e-37  7.09477e-39 -1.25205e-37 -6.84507e-39  1.34319e-37  5.85708e-39 -1.21886e-37 -4.38533e-39  9.08125e-38  2.82256e-39 -5.32824e-38 -1.52412e-39  2.31244e-38  6.66394e-40   -6.684e-39 -2.23094e-40  1.03223e-39  5.17307e-41 -3.14123e-41 -6.59581e-42 -5.00244e-42
 -5.1824e-36 -2.08978e-36  3.06342e-35  6.28033e-36 -9.53994e-35 -6.24046e-36   4.6336e-35  7.49503e-36  6.93188e-35 -9.60022e-36  2.70336e-34 -3.38569e-35 -6.85157e-34  3.71326e-35  9.83313e-34   5.9242e-36 -1.86481e-33  1.47057e-35  3.84306e-33  2.18737e-35 -1.51206e-33  2.31262e-36  3.93834e-34  1.20672e-35 -1.34807e-33  -7.7364e-35  1.27911e-34  2.79278e-35  1.59099e-33  5.43137e-35  7.30825e-35  7.58757e-35 -1.28767e-34  5.63386e-36 -5.89152e-34 -4.34946e-35  4.78413e-35 -2.26616e-35 -2.65101e-35   1.9334e-35 -7.26308e-36  1.67661e-35 -6.68476e-35 -1.77499e-36 -1.75913e-34 -5.00535e-36  8.96171e-35 -3.49473e-36 -1.70566e-35  6.16118e-36  3.60635e-35  4.05376e-37 -3.31548e-35  8.15568e-38  8.88501e-36 -2.53677e-36  2.33059e-36 -1.33784e-36  1.13972e-36 -6.17103e-38 -1.07532e-36 -2.25004e-37  1.24685e-36 -7.24757e-38  6.89021e-37 -1.67236e-37  4.68171e-37 -2.47625e-38 -9.31298e-38 -2.74759e-38 -1.50584e-38 -2.98963e-40   8.6062e-38 -2.93933e-39 -4.17755e-38  7.97436e-40 -1.16829e-38  3.19753e-39  3.03575e-38  -1.6086e-40  -2.6619e-38 -1.75904e-40  1.33195e-38 -1.74303e-40 -4.92933e-39 -1.95235e-40  1.60282e-39  2.96897e-40 -1.30353e-39 -4.99156e-40  3.57155e-39  1.08943e-39 -9.64125e-39 -2.03597e-39  2.30131e-38   3.5676e-39 -5.05798e-38 -5.75599e-39  1.02076e-37   8.5662e-39 -1.88006e-37 -1.17135e-38  3.13441e-37  1.46439e-38 -4.68447e-37 -1.66371e-38  6.20106e-37  1.70523e-38 -7.16148e-37 -1.56264e-38  7.07644e-37  1.26579e-38 -5.83072e-37 -8.92996e-39  3.86704e-37  5.37768e-39 -1.96132e-37 -2.68644e-39   7.0166e-38  1.06583e-39 -1.52475e-38 -3.12171e-40  1.33859e-39  5.83709e-41  5.57927e-41 -4.49348e-42
  5.8642e-37 -1.25259e-35  -3.4827e-36  3.44698e-35  7.53312e-36 -4.19621e-35 -8.88556e-36 -1.03301e-34  6.76365e-36  2.13159e-34 -1.18423e-36  2.58823e-34 -3.19048e-35 -7.78055e-34  4.16297e-35  1.00831e-33  5.73705e-36 -1.74643e-33  2.18737e-35  3.97885e-33   2.9932e-35 -1.18604e-33  1.09983e-37 -3.04799e-35 -1.07831e-35 -1.61211e-33 -1.00055e-34  2.70537e-34  1.97065e-35  1.79057e-33  6.79903e-35   1.0623e-34  8.65099e-35 -2.30742e-34   2.2665e-36  -6.4411e-34 -4.82431e-35  1.25379e-34 -2.90923e-35  3.28326e-36  1.87038e-35 -5.71745e-35  1.98904e-35 -4.80319e-35  -2.7228e-36 -2.10756e-34 -4.46847e-36  1.08118e-34 -5.33649e-36 -3.35675e-35  6.50542e-36  3.35664e-35  3.01234e-37 -3.22928e-35  8.12425e-37  1.07743e-35 -2.62147e-36  9.45701e-37 -1.44327e-36  9.86574e-37 -1.38628e-37 -6.93776e-37 -3.19426e-37  1.32109e-36  -8.3413e-38  4.96288e-37  -1.7263e-37  5.48312e-37  1.09562e-38 -9.74215e-38 -3.92019e-38  7.98398e-39  1.93996e-39   1.1115e-37 -5.26443e-39 -4.03932e-38  8.35611e-40 -1.28081e-38  3.78877e-39  3.74891e-38 -3.50021e-40 -3.21866e-38 -2.74686e-40  1.54163e-38   -1.575e-40 -6.26866e-39 -4.91289e-40  5.31788e-39  9.19225e-40 -1.18528e-38  -1.7619e-39  3.18826e-38  3.51412e-39 -7.94103e-38 -6.32763e-39   1.8175e-37  1.06227e-38 -3.82949e-37 -1.64739e-38  7.38674e-37  2.35598e-38  -1.2951e-36 -3.09397e-38  2.04575e-36  3.71184e-38 -2.87999e-36 -4.04267e-38  3.56485e-36  3.96641e-38 -3.81343e-36 -3.47181e-38   3.4471e-36  2.67716e-38  -2.5545e-36 -1.78828e-38  1.48709e-36  1.01067e-38 -6.37624e-37 -4.66743e-39  1.80489e-37  1.66609e-39 -2.65871e-38 -4.15775e-40  5.27751e-40  5.75431e-41  1.49414e-40
 1.71344e-36  1.76236e-36   -1.654e-35 -4.74315e-36  2.28766e-35  7.91579e-36  3.56168e-35 -9.47649e-36 -2.67561e-34  4.72502e-36  3.60268e-34   7.9845e-36  2.34962e-34 -3.09135e-35  -8.6614e-34  4.26467e-35  9.25537e-34  4.36548e-36 -1.51206e-33   2.9932e-35  4.15582e-33  3.88583e-35 -8.04179e-34 -2.16247e-36 -5.17225e-34 -3.77248e-35 -1.94499e-33 -1.26281e-34  4.70927e-34  1.01095e-35  1.98196e-33   7.6697e-35  9.40621e-35  9.44758e-35 -2.95572e-34 -1.56398e-36 -6.75435e-34 -5.22808e-35  1.99165e-34 -3.48333e-35  3.93043e-35  1.52416e-35 -1.13657e-34  2.29548e-35  -9.1722e-36  -3.7542e-36 -2.34934e-34 -3.37385e-36  1.17843e-34 -7.83758e-36 -4.95834e-35  6.79035e-36  2.79134e-35  1.73238e-38 -2.97083e-35  1.67923e-36  1.22022e-35 -2.54157e-36 -4.77568e-37 -1.46025e-36   3.5372e-37 -2.08102e-37 -1.90889e-37 -4.07007e-37  1.29004e-36 -8.37741e-38  1.53904e-37 -1.74506e-37  6.96253e-37  5.84049e-38 -1.36614e-37 -5.43649e-38  4.46711e-38  4.88733e-39  1.41871e-37 -8.20507e-39 -3.54093e-38  9.64052e-40 -1.61278e-38  4.29563e-39  4.52072e-38 -5.03606e-40 -3.83011e-38 -4.96832e-40  2.01695e-38  1.41663e-40 -1.71291e-38  -1.4453e-39  3.79211e-38  2.90748e-39 -1.01417e-37 -5.68322e-39   2.6082e-37  1.07422e-38 -6.21108e-37 -1.86884e-38  1.36435e-36  3.02446e-38 -2.75216e-36 -4.52756e-38  5.06482e-36  6.25012e-38 -8.43566e-36  -7.9207e-38  1.25915e-35  9.16428e-38 -1.66399e-35 -9.61472e-38  1.91727e-35  9.06919e-38 -1.88838e-35 -7.60738e-38  1.54878e-35  5.59324e-38 -1.02025e-35 -3.53412e-38  5.12141e-36  1.86544e-38 -1.80104e-36 -7.87583e-39  3.78304e-37  2.47155e-39 -2.95213e-38 -4.98175e-40 -1.96677e-39  4.15413e-41
-2.37649e-37  1.51939e-36  3.58752e-36 -1.12981e-35 -5.74055e-36 -9.07684e-36   7.5338e-36  1.30199e-34 -7.42028e-36 -4.16239e-34  1.97719e-36  5.02243e-34  1.72127e-35  1.91864e-34 -3.22784e-35 -9.47144e-34  3.88143e-35  7.19511e-34  2.31262e-36 -1.18604e-33  3.88583e-35  4.43353e-33  4.81816e-35 -4.06133e-34  -5.0442e-36 -1.01678e-33 -6.58157e-35 -2.31433e-33 -1.54162e-34   7.0963e-34  1.31485e-38  2.14268e-33  7.83677e-35  4.31278e-35  9.82239e-35 -3.18252e-34 -4.63659e-36 -6.69801e-34 -5.57909e-35  2.54919e-34 -3.94516e-35  8.03832e-35  8.63703e-36 -1.74416e-34  2.57766e-35   4.7842e-35 -4.95151e-36  -2.4334e-34 -1.57681e-36  1.16451e-34  -1.0928e-35 -6.23732e-35  7.05735e-36  1.97868e-35 -4.49953e-37   -2.631e-35  2.58727e-36  1.30647e-35 -2.24184e-36 -1.60567e-36 -1.37328e-36 -1.01026e-36 -2.64311e-37   3.6479e-37 -4.79485e-37  1.19498e-36 -7.02387e-38 -3.95221e-37 -1.76154e-37   9.3582e-37  1.16311e-37 -2.14601e-37 -7.32819e-38  9.44933e-38  8.38789e-39  1.75455e-37 -1.14063e-38  -2.5585e-38  1.26054e-39  -2.4267e-38  4.63824e-39  5.60237e-38 -4.82304e-40 -5.24894e-38 -1.12829e-39  5.22887e-38  1.38363e-39 -1.12058e-37 -4.44096e-39  3.08861e-37  9.00585e-39 -8.18397e-37 -1.73478e-38  2.02325e-36  3.15575e-38 -4.62818e-36 -5.32393e-38  9.74897e-36  8.34856e-38 -1.87986e-35 -1.21145e-37  3.29408e-35  1.62037e-37   -5.199e-35 -1.98754e-37  7.30997e-35  2.22165e-37 -9.03164e-35 -2.24545e-37   9.6356e-35  2.03214e-37 -8.67613e-35 -1.62625e-37  6.39283e-35  1.13194e-37  -3.6895e-35 -6.69701e-38  1.56015e-35  3.25515e-38 -4.30641e-36 -1.23035e-38  5.95772e-37  3.27119e-39 -2.66996e-39 -4.85002e-40 -4.07223e-39
-1.10901e-36 -6.00383e-37 -2.07494e-36   5.8231e-36  7.09201e-36 -6.46076e-36 -6.05509e-35  6.61012e-36  2.31251e-34 -2.89211e-36 -5.22818e-34 -6.53115e-37  6.38466e-34  2.56554e-35  1.33458e-34 -3.70169e-35 -1.03638e-33  2.88195e-35  3.93834e-34  1.09983e-37 -8.04179e-34  4.81816e-35  4.85283e-33  5.67036e-35 -2.95428e-35 -9.55243e-36 -1.46892e-33  -9.1933e-35 -2.67007e-33 -1.81054e-34   9.6268e-34 -9.86356e-36  2.24844e-33  7.24215e-35 -3.52781e-35  9.67265e-35 -3.03272e-34 -5.44624e-36 -6.16312e-34 -5.91694e-35  2.80791e-34 -4.25503e-35  1.25594e-34 -9.38294e-37 -2.37115e-34  2.81227e-35  1.17605e-34 -6.46947e-36  -2.3207e-34  1.02958e-36  1.02923e-34 -1.44644e-35 -6.96471e-35   7.3142e-36  1.04853e-35 -1.05974e-36 -2.32698e-35  3.41161e-36  1.33182e-35 -1.67743e-36 -2.05659e-36 -1.17843e-36 -3.30866e-36 -3.07094e-37  8.92092e-37 -5.29572e-37  1.09317e-36 -4.10847e-38 -1.19385e-36 -1.81952e-37  1.27794e-36  1.82132e-37  -3.2817e-37 -9.58176e-38  1.54968e-37  1.20996e-38  2.07056e-37 -1.43107e-38 -7.58062e-39  1.77902e-39 -4.53492e-38  4.65583e-39  9.07064e-38  1.08101e-40 -1.41688e-37 -3.06217e-39  3.19575e-37  5.56554e-39 -8.94983e-37 -1.35813e-38  2.45631e-36  2.71529e-38 -6.29644e-36 -5.11157e-38  1.49797e-35   9.0177e-38 -3.29058e-35 -1.47904e-37  6.63743e-35  2.25191e-37 -1.22121e-34 -3.16812e-37  2.03293e-34  4.09779e-37  -3.0317e-34 -4.84303e-37  4.00071e-34  5.19147e-37 -4.59959e-34 -5.00291e-37  4.51558e-34  4.28797e-37 -3.68576e-34 -3.22517e-37  2.41054e-34  2.09127e-37 -1.19646e-34 -1.13952e-37  4.12737e-35  5.01084e-38 -8.32795e-36 -1.65585e-38  5.50358e-37  3.55375e-39  5.90841e-38 -3.18353e-40
 2.13234e-37 -1.06771e-36 -1.08195e-36 -1.00584e-35  8.07247e-36  3.89016e-35 -6.87297e-36 -1.24817e-34  5.36244e-36   3.2612e-34  3.41262e-36 -5.71012e-34 -2.14773e-36  7.73225e-34  3.23047e-35  7.52094e-35 -4.58306e-35 -1.16094e-33  1.20672e-35 -3.04799e-35 -2.16247e-36 -4.06133e-34  5.67036e-35  5.42113e-33  6.24957e-35  2.93302e-34 -1.68606e-35 -1.80915e-33 -1.13593e-34 -2.95783e-33 -2.03893e-34  1.20747e-33 -1.90206e-35  2.27966e-33  6.01307e-35 -1.29104e-34  8.97538e-35 -2.64686e-34 -2.52147e-36  -5.0716e-34  -6.2922e-35  2.68221e-34 -4.37273e-35  1.74561e-34 -1.28022e-35  -2.9917e-34  2.96425e-35  1.92076e-34 -8.49248e-36 -1.98893e-34  4.45251e-36  7.78051e-35 -1.82633e-35 -7.00217e-35  7.52921e-36  1.66878e-36 -1.71977e-36 -2.17215e-35  4.01315e-36  1.29123e-35 -8.26016e-37 -1.44899e-36 -8.85161e-37 -6.64865e-36 -3.42375e-37  1.31328e-36 -5.51407e-37  1.03546e-36  3.45009e-39 -2.25432e-36 -1.96536e-37  1.71621e-36   2.5215e-37 -4.68656e-37 -1.21212e-37   2.2307e-37  1.54447e-38  2.26992e-37 -1.62512e-38  3.51303e-38  2.60298e-39 -1.32531e-37  3.88302e-39  3.23359e-37  2.46802e-39 -8.61672e-37 -9.04212e-39   2.4913e-36  1.86379e-38 -7.05439e-36 -4.08346e-38  1.87513e-35  7.99012e-38 -4.63457e-35 -1.46548e-37  1.06033e-34  2.50829e-37 -2.23393e-34 -3.98424e-37  4.30763e-34  5.85005e-37  -7.5463e-34 -7.89436e-37  1.19028e-33  9.72743e-37 -1.67172e-33 -1.08632e-36  2.06179e-33  1.09035e-36 -2.19375e-33 -9.74612e-37  1.96738e-33  7.68059e-37 -1.44093e-33 -5.27533e-37  8.23962e-34  3.11025e-37 -3.43207e-34  -1.5356e-37  9.20966e-35   6.0547e-38 -1.18038e-35 -1.72753e-38 -1.80749e-37  2.81109e-39  9.89389e-38
