 3.98147e-22  7.72117e-38 -1.88037e-20 -5.35798e-36  3.43978e-19  1.12031e-34 -3.76222e-18 -1.34867e-33  2.83535e-17  1.13136e-32 -1.57907e-16 -7.23583e-32  6.76312e-16  3.70526e-31 -2.28123e-15 -1.55905e-30  6.14128e-15  5.44189e-30 -1.32643e-14 -1.56668e-29  2.29233e-14  3.61876e-29 -3.13003e-14 -6.17133e-29  3.28011e-14  5.26539e-29 -2.46996e-14  1.03471e-28  1.09814e-14 -6.14062e-28  1.24839e-16  1.72555e-27 -3.62615e-15 -3.54453e-27  1.69646e-15  5.79942e-27   4.6036e-16  -7.7536e-27 -6.18991e-16  8.48625e-27 -7.60811e-18 -7.48342e-27  1.66167e-16  5.10097e-27 -7.35425e-18 -2.41883e-27 -4.06607e-17  5.10197e-28 -4.47478e-19  2.53483e-28  9.00836e-18 -2.54228e-28  1.34794e-18  9.28537e-29 -1.57658e-18  -7.3672e-29 -5.81552e-19  1.44671e-28  1.48633e-19    -1.61e-28  1.37068e-19  8.93513e-29  1.41476e-20  3.03013e-30 -1.64496e-20 -5.27468e-29 -7.05534e-21  5.22993e-29 -8.83131e-23 -2.97309e-29  8.34793e-22  1.04793e-29   2.8876e-22 -1.75007e-30  9.77644e-24 -4.80187e-31 -2.46662e-23  6.98849e-31 -9.23742e-24  -5.3187e-31 -1.10487e-24  2.83164e-31  3.17104e-25 -9.98673e-32  1.78126e-25  2.41756e-32  3.78106e-26 -3.92654e-33  2.08741e-27 -6.30172e-34 -1.20653e-27  7.07108e-34 -4.40563e-28 -5.50042e-35 -7.69387e-29 -1.04421e-34 -5.82037e-30  5.67103e-35  7.44238e-31 -1.91382e-35  3.18869e-31  3.61069e-36  5.48143e-32  -4.1049e-38  5.63526e-33 -1.00183e-37  2.67797e-34  5.00585e-38 -1.99822e-35  -1.5189e-38 -5.52998e-36  1.16346e-39 -6.01543e-37  1.89297e-41 -4.07492e-38 -3.57777e-42 -1.72034e-39    2.661e-42 -3.19818e-41 -4.44805e-44  6.04006e-43 -1.83857e-44  5.83765e-44 -2.70645e-46  1.28388e-45 -2.62106e-48
 7.72117e-38  2.70574e-20  3.03725e-36 -7.25819e-19 -1.43965e-34   1.0105e-17  2.37624e-33 -9.16397e-17 -2.39998e-32  5.96489e-16  1.75223e-31 -2.93646e-15 -1.00262e-30  1.12763e-14  4.70086e-30 -3.44001e-14 -1.84724e-29  8.41531e-14  6.12363e-29 -1.65363e-13 -1.70022e-28  2.59291e-13  3.85936e-28  -3.1851e-13 -6.73137e-28  2.94368e-13  7.21739e-28 -1.85507e-13   3.2266e-28  5.40687e-14 -3.94557e-27  2.46718e-14  1.17338e-26 -3.09737e-14 -2.40306e-26  5.86707e-15  3.84193e-26  7.27802e-15 -4.95718e-26 -3.46851e-15  5.16607e-26 -1.42979e-15 -4.23889e-26   1.0538e-15  2.53971e-26  3.26343e-16 -8.31785e-27 -2.47742e-16 -2.41039e-27 -9.28687e-17  5.47329e-27  4.38113e-17 -4.05853e-27   2.6108e-17    2.057e-27 -3.80067e-18 -1.16824e-27 -5.72358e-18   1.0011e-27 -7.15453e-19 -7.60394e-28  7.66746e-19  2.74351e-28  3.30198e-19   1.7215e-28 -1.39237e-20 -3.53918e-28 -4.98548e-20  2.96987e-28  -1.4324e-20 -1.56981e-28  1.21578e-21  5.24032e-29  1.99446e-21 -7.97932e-30  5.52307e-22 -2.79278e-30  2.47103e-25  3.82435e-30 -4.75382e-23 -2.88891e-30  -1.5998e-23  1.46388e-30 -1.90225e-24 -4.66672e-31  4.16332e-25  9.54282e-32  2.42791e-25 -1.05935e-32  5.31138e-26 -5.45525e-33  4.56195e-27  3.70801e-33 -8.68258e-28 -2.39477e-34  -4.0073e-28 -4.19726e-34 -7.68731e-29  2.16444e-34 -8.05207e-30 -7.75686e-35 -8.63117e-32  1.41957e-35  1.37028e-31  8.99919e-38  2.83614e-32 -2.57239e-37  3.30048e-33   1.3962e-37  2.37487e-34 -4.85794e-38  7.11087e-36  3.08582e-39 -5.81359e-37  1.22539e-40 -9.53729e-38 -1.46032e-41 -6.65024e-39  6.72412e-42 -2.70554e-40 -3.07316e-44  -6.5571e-42 -3.29742e-44 -5.82081e-44 -7.27911e-46 -2.05965e-48
-1.88037e-20  3.03725e-36  9.04949e-19   6.6192e-35 -1.68841e-17  -2.3287e-33  1.88531e-16  3.10816e-32 -1.45215e-15 -2.65147e-31  8.27575e-15  1.68634e-30 -3.63225e-14 -8.64056e-30  1.25762e-13  3.72354e-29 -3.48245e-13 -1.37584e-28  7.75691e-13  4.36489e-28 -1.38733e-12 -1.17508e-27  1.97045e-12  2.61841e-27  -2.1661e-12 -4.58255e-27  1.74086e-12  5.37511e-27 -8.73732e-13 -5.19181e-28   8.2274e-14 -1.72891e-26  2.36618e-13  5.49731e-26 -1.45948e-13 -1.12285e-25 -1.48868e-14  1.75397e-25  4.76541e-14 -2.18298e-25 -5.99423e-15  2.16118e-25 -1.21765e-14 -1.63537e-25    2.445e-15  8.24018e-26  3.01754e-15 -8.70924e-27 -4.61866e-16 -3.18109e-26 -7.28309e-16   3.8064e-26  5.88184e-18 -2.67453e-26   1.5103e-16   1.4609e-26  2.88827e-17 -7.90738e-27 -2.13339e-17    4.787e-27 -1.04079e-17 -2.39753e-27   6.5966e-19  1.51429e-28  1.79581e-18  1.29213e-27  4.53808e-19 -1.61759e-27 -9.78914e-20  1.18452e-27  -8.8972e-20 -5.81608e-28 -1.82941e-20  1.81159e-28  3.40198e-21 -2.33829e-29  2.97566e-21 -1.15919e-29  7.02828e-22  1.43908e-29 -1.03225e-23 -1.07028e-29 -5.68726e-23  5.16678e-30 -1.80291e-23 -1.48678e-30 -2.28016e-24  2.51734e-31  2.89147e-25 -1.26776e-32  2.01327e-25 -2.48778e-32  4.62586e-26  1.31161e-32  5.18288e-27 -6.72809e-34   -1.797e-28 -1.12996e-33  -1.9745e-28  5.50287e-34 -4.25444e-29 -2.17716e-34 -5.26472e-30  3.82953e-35 -3.27412e-31  1.03613e-36  1.53663e-32 -3.15936e-37  6.53131e-33  2.50793e-37  8.61267e-34 -1.09386e-37  6.95496e-35   5.6702e-39  3.50578e-36  3.44471e-40  7.81003e-38 -3.66062e-41 -2.73607e-39  1.05622e-41 -2.82322e-40  7.72757e-44 -9.77875e-42 -3.70407e-44 -1.28664e-43 -7.31737e-46
-5.35798e-36 -7.25819e-19   6.6192e-35  1.98578e-17  9.69302e-34 -2.82236e-16 -2.62838e-32  2.61569e-15   2.8485e-31 -1.74197e-14 -2.03211e-30  8.78585e-14  1.11041e-29 -3.46198e-13 -5.05323e-29  1.08575e-12  2.00885e-28 -2.73687e-12 -7.08127e-28  5.55826e-12  2.19051e-27 -9.04499e-12  -5.8102e-27  1.16042e-11  1.28178e-26 -1.13279e-11 -2.23843e-26  7.74426e-12  2.71398e-26 -2.78823e-12  -8.5444e-27 -6.29942e-13  -6.1678e-26  1.28118e-12  2.06908e-25 -3.93855e-13 -4.19027e-25 -2.49448e-13  6.37792e-25  1.82228e-13 -7.63883e-25   3.6484e-14  7.15017e-25 -5.34246e-14 -4.91112e-25 -6.81492e-15  1.88675e-25  1.31751e-14  6.04481e-26  2.38313e-15 -1.77777e-25 -2.71888e-15  1.76015e-25 -9.01078e-16 -1.21099e-25  3.90963e-16   6.8794e-26  2.55491e-16 -3.65581e-26 -1.04697e-17  1.79847e-26 -4.65058e-17 -5.51322e-27 -1.13602e-17 -2.55115e-27  3.64991e-18  5.99715e-27  2.74129e-18 -5.78852e-27  4.02003e-19  3.79501e-27 -2.03063e-19 -1.73563e-27 -1.13959e-19  4.98672e-28 -1.74441e-20 -4.96558e-29  5.04174e-21 -3.79494e-29  3.25952e-21  4.27692e-29  6.94601e-22 -3.13708e-29 -7.35416e-24  1.44401e-29 -4.84538e-23 -3.72674e-30 -1.50485e-23   5.0645e-31 -2.08791e-24   1.1876e-32  8.71379e-26 -8.06367e-32  1.12545e-25  3.64315e-32  2.78124e-26 -1.36476e-33  3.68948e-27 -2.32781e-33  1.47318e-28  1.06012e-33 -5.22969e-29 -4.89641e-34 -1.41744e-29  8.13715e-35 -1.95977e-30  4.22104e-36 -1.65831e-31  1.79512e-37 -6.13599e-33  3.20505e-37  4.97195e-34 -2.00483e-37  1.02248e-34  8.32234e-39    8.808e-36  6.63708e-40  4.61894e-37 -7.12038e-41  1.46813e-38  1.14568e-41  2.29767e-40  2.17772e-43 -1.22261e-43 -2.87079e-44 -2.76168e-44
 3.43978e-19 -1.43965e-34 -1.68841e-17  9.69302e-34  3.21587e-16  1.02533e-32 -3.66951e-15 -2.14982e-31  2.89154e-14  1.83431e-30 -1.68799e-13 -1.03245e-29  7.60005e-13  4.50965e-29 -2.70406e-12  -1.7311e-28   7.7105e-12  6.38077e-28  -1.7732e-11 -2.26761e-27  3.28573e-11  7.31567e-27 -4.85932e-11 -2.01637e-26  5.60719e-11  4.54865e-26 -4.80553e-11 -8.00511e-26  2.69253e-11  9.72248e-26 -5.05686e-12 -3.34145e-26 -5.73294e-12 -2.01975e-25  4.71755e-12  6.72848e-25 -1.92623e-13 -1.33054e-24 -1.36589e-12  1.96072e-24  3.78658e-13 -2.24858e-24  3.21765e-13  1.97234e-24 -1.30167e-13 -1.19311e-24 -7.88868e-14  2.54844e-25  2.97482e-14  4.43491e-25   2.0683e-14  -7.1214e-25 -4.15146e-15  6.38433e-25  -5.0229e-15 -4.34566e-25 -1.29121e-16  2.52972e-25  9.23185e-16 -1.32404e-25  2.50803e-16  5.58824e-26 -8.80235e-17 -8.30064e-27 -6.49895e-17 -1.53835e-26 -6.68172e-18  2.11208e-26  6.87829e-18 -1.72032e-26  3.10491e-18  1.02984e-26    2.136e-19 -4.40766e-27 -2.71113e-19  1.15784e-27 -1.14324e-19 -7.59764e-29 -1.37009e-20  -1.0183e-28  5.12521e-21  1.06189e-28  2.79488e-21 -7.74494e-29  5.64992e-22  3.40043e-29  5.47489e-24 -7.77512e-30 -3.05532e-23  8.08189e-31 -9.64917e-24  9.33271e-32 -1.47314e-24 -2.07125e-31 -3.42344e-26  8.48479e-32  4.18162e-26 -1.92065e-33  1.17205e-26 -3.83206e-33  1.74534e-27  1.59536e-33  1.37017e-28  -9.3755e-34 -3.25948e-30  1.43136e-34 -2.67809e-30   1.1838e-35 -4.24934e-31  1.99442e-36 -4.03145e-32  2.76224e-37 -2.38002e-33 -3.16674e-37 -5.96774e-35  1.02824e-38  3.38844e-36  1.01064e-39  4.28657e-37 -1.15347e-40  2.11266e-38   8.2868e-42  5.51276e-40  2.68655e-43  6.29223e-42 -1.43551e-44
 1.12031e-34   1.0105e-17  -2.3287e-33 -2.82236e-16  1.02533e-32  4.09912e-15  7.92762e-32 -3.88624e-14 -1.21075e-30  2.65081e-13  6.84408e-30 -1.37123e-12 -1.89979e-29  5.55054e-12  3.78785e-30 -1.79163e-11  1.71506e-28  4.65906e-11 -5.58151e-28 -9.79067e-11 -1.58719e-28  1.65536e-10  7.85012e-27 -2.22013e-10 -3.58419e-26  2.28974e-10  9.89955e-26 -1.69312e-10 -1.87509e-25  7.23909e-11  2.21343e-25  4.29724e-12 -1.71552e-26 -2.69303e-11 -6.70416e-25  1.18591e-11  1.98503e-24  3.84076e-12 -3.73182e-24 -4.67983e-12  5.26515e-24 -1.40676e-13 -5.73052e-24  1.31518e-12  4.63486e-24  -4.9751e-14 -2.31523e-24 -3.33441e-13 -1.91147e-25 -3.08915e-15   1.8559e-24  7.67048e-14 -2.32336e-24   1.0938e-14  1.95118e-24 -1.41236e-14 -1.31917e-24 -5.02476e-15  7.79412e-25  1.47357e-15 -4.00409e-25  1.26072e-15  1.47837e-25  1.05133e-16 -7.90972e-28 -1.64669e-16 -5.75868e-26 -6.61752e-17  6.11559e-26  1.04823e-18 -4.39057e-26  8.67399e-18  2.43635e-26  2.79718e-18  -9.8161e-27  1.88663e-20  2.34173e-27 -2.70634e-19 -6.79038e-29 -9.43119e-20 -2.28834e-28 -9.63431e-21  2.27084e-28  3.86205e-21 -1.66893e-28  1.92849e-21  6.98611e-29  3.85017e-22 -1.38651e-29  1.50725e-23  1.01579e-30 -1.41501e-23  2.35007e-31 -4.76333e-24  -4.4518e-31  -7.9282e-25  1.72181e-31 -5.39123e-26 -1.11224e-33  8.84658e-27 -5.07494e-33  3.36075e-27  1.81153e-33   5.5278e-28 -1.58044e-33  5.46434e-29  2.12133e-34  2.45211e-30  2.61948e-35 -1.92909e-31  6.01506e-36 -4.93397e-32  9.38584e-38 -5.08557e-33 -4.43078e-37 -3.24366e-34  1.09095e-38 -1.27873e-35  1.29898e-39 -2.37844e-37 -1.57194e-40  2.84306e-39  2.87301e-42  2.19839e-40   1.8982e-43  2.69331e-42
-3.76222e-18  2.37624e-33  1.88531e-16 -2.62838e-32 -3.66951e-15  7.92762e-32  4.28326e-14  4.12901e-31 -3.45666e-13 -3.04801e-30  2.06931e-12 -1.21531e-29 -9.56866e-12  2.58888e-28   3.5026e-11 -1.79462e-27 -1.02971e-10  7.86202e-27  2.44789e-10 -2.46325e-26 -4.70522e-10  5.72035e-26  7.25378e-10 -9.73097e-26 -8.79273e-10  1.10999e-25   8.0313e-10  -5.3789e-26 -4.98189e-10 -5.76729e-26  1.36488e-10  3.00343e-26  7.67122e-11  5.77844e-25 -8.90341e-11 -2.33244e-24  1.55024e-11  5.50336e-24  2.21878e-11 -9.48649e-24 -1.03782e-11  1.26011e-23 -4.49525e-12 -1.28266e-23  3.33522e-12  9.28136e-24  1.03418e-12 -3.21183e-24  -8.2514e-13 -2.66235e-24 -2.99812e-13  6.05579e-24  1.55957e-13 -6.53056e-24  8.80665e-14  5.22415e-24 -1.59533e-14 -3.51295e-24 -2.05508e-14  2.09088e-24 -2.02291e-15 -1.04871e-24  3.02025e-15  3.39304e-25  1.18731e-15  4.73948e-26 -1.02348e-16 -1.69499e-25 -2.00993e-16  1.51781e-25 -5.18623e-17 -9.83219e-26  7.39701e-18  5.11853e-26  8.40318e-18 -1.95505e-26  2.10201e-18  4.21563e-27 -8.65117e-20  3.47769e-29 -2.14439e-19 -4.35134e-28 -6.57765e-20  4.26164e-28 -6.41995e-21 -3.21379e-28  2.19921e-21  1.28083e-28  1.07816e-21 -2.13224e-29  2.18627e-22  9.22781e-31  1.53198e-23  3.42704e-31 -4.51559e-24 -8.26529e-31 -1.77497e-24  3.12674e-31 -3.19686e-25  3.50566e-33 -3.09934e-26 -5.26277e-33  8.66143e-29  1.24144e-33  5.95304e-28 -2.39461e-33  1.13533e-28  2.63314e-34  1.25048e-29  4.83806e-35  8.48706e-31  1.28529e-35  2.29693e-32 -1.58332e-37 -2.02606e-33 -5.56305e-37 -2.95822e-34  9.94259e-39 -1.87092e-35  1.44991e-39 -6.86765e-37 -1.77892e-40 -1.37637e-38 -1.44133e-42 -1.08066e-40  6.84129e-44
-1.34867e-33 -9.16397e-17  3.10816e-32  2.61569e-15 -2.14982e-31 -3.88624e-14  4.12901e-31  3.77329e-13  7.11333e-31 -2.63913e-12  2.58564e-29  1.40184e-11 -4.63581e-28  -5.8363e-11  3.67636e-27  1.94135e-10 -1.89943e-26 -5.21475e-10  7.18398e-26  1.13536e-09  -2.0976e-25 -1.99692e-09  4.86831e-25  2.80272e-09 -9.14866e-25 -3.05522e-09  1.41381e-24  2.43794e-09 -1.84188e-24 -1.20686e-09  2.16447e-24  8.81193e-11 -2.71192e-24  3.57573e-10  4.33714e-24 -2.16345e-10 -8.16195e-24 -2.49679e-11  1.46431e-23  7.45203e-11 -2.22714e-23 -9.72937e-12   2.7223e-23 -1.96864e-11 -2.53011e-23  4.31187e-12  1.53861e-23  5.02684e-12 -1.19329e-24 -9.15967e-13 -1.09871e-23 -1.26482e-12  1.67982e-23  5.11107e-14 -1.63072e-23  2.79088e-13  1.25493e-23   4.4067e-14 -8.39512e-24 -4.36147e-14   5.0018e-24 -1.88926e-14 -2.43544e-24   2.2664e-15  6.84038e-25  3.67468e-15  2.06507e-25  7.90247e-16 -4.22539e-25 -2.58772e-16  3.31026e-25  -1.8754e-16 -1.96052e-25 -3.21296e-17  9.67522e-26  9.79068e-18  -3.5328e-26  6.63721e-18  6.86832e-27  1.36884e-18  2.99285e-28 -9.68955e-20 -6.98209e-28 -1.38538e-19  7.09953e-28 -3.92554e-20 -5.62609e-28 -4.05102e-21  2.12968e-28    9.238e-22 -2.79907e-29  4.84105e-22  3.33407e-31  1.01541e-22  1.37748e-31  9.86218e-24  -1.3527e-30 -7.66331e-25  5.18852e-31 -4.77145e-25  1.56111e-32 -9.39315e-26 -3.90172e-33 -1.07984e-26 -5.09457e-34 -5.80327e-28 -3.30472e-33  4.35316e-29  2.62169e-34  1.37587e-29  7.68082e-35  1.66263e-30  2.23872e-35  1.24567e-31 -3.33122e-37  5.77115e-33  -6.2975e-37  1.13336e-34  7.62032e-39 -4.11541e-36  1.40836e-39 -3.55619e-37 -1.63466e-40 -9.56378e-39 -2.68462e-42 -8.02553e-41
 2.83535e-17 -2.39998e-32 -1.45215e-15   2.8485e-31  2.89154e-14 -1.21075e-30 -3.45666e-13  7.11333e-31  2.86036e-12 -1.28608e-29 -1.75813e-11  4.51226e-28  8.35999e-11 -4.75354e-27 -3.15246e-10  2.99801e-26  9.56768e-10  -1.3428e-25 -2.35435e-09  4.59454e-25  4.70052e-09  -1.2504e-24 -7.56318e-09  2.78095e-24  9.63924e-09 -5.16669e-24 -9.38105e-09   8.1915e-24  6.40224e-09 -1.13529e-23 -2.27683e-09  1.42031e-23 -5.88441e-10 -1.68747e-23  1.13216e-09  2.05349e-23 -3.51873e-10 -2.71412e-23 -2.27172e-10   3.7616e-23  1.72253e-10 -4.89441e-23  3.20233e-11   5.3476e-23 -5.26558e-11 -4.35546e-23 -5.37109e-12  1.88847e-23  1.36061e-11  1.10456e-23  1.98989e-12 -3.33529e-23 -3.00022e-12  4.11517e-23 -8.55662e-13 -3.68528e-23  4.85314e-13  2.74727e-23  2.71477e-13 -1.82793e-23 -2.79053e-14  1.08424e-23   -5.555e-14 -5.09776e-24 -1.09217e-14  1.22037e-24  5.44075e-15  6.09438e-25  3.29987e-15 -9.24096e-25  3.29931e-16  6.44746e-25 -3.07139e-16 -3.51659e-25 -1.42898e-16  1.66158e-25 -1.59808e-17 -5.85938e-26  8.62238e-18  1.02738e-26  4.41188e-18  7.58763e-28  7.96218e-19 -9.20542e-28 -6.08719e-20   1.0559e-27 -7.35774e-20 -9.07367e-28 -2.00195e-20  3.25143e-28 -2.30345e-21 -2.98654e-29  2.57017e-22 -8.59354e-31  1.70388e-22 -8.98153e-31  3.75633e-23  -1.9778e-30  4.43739e-24  8.00911e-31  7.74114e-26  3.94152e-32 -8.34342e-26 -1.52033e-33 -1.91982e-26 -3.52167e-33 -2.43427e-27 -4.18859e-33 -1.87425e-28  1.76251e-34 -5.31242e-30  1.06611e-34  7.04096e-31   3.3491e-35   1.1558e-31  -2.8161e-37  8.87331e-33 -6.42447e-37  4.15692e-34  4.58048e-39  1.14771e-35  1.16869e-39  1.42399e-37 -1.17911e-40 -2.40059e-40 -1.59648e-42
 1.13136e-32  5.96489e-16 -2.65147e-31 -1.74197e-14  1.83431e-30  2.65081e-13 -3.04801e-30 -2.63913e-12 -1.28608e-29  1.89518e-11 -1.87442e-28 -1.03506e-10  4.08833e-27   4.4382e-10 -3.46575e-26 -1.52345e-09  1.89392e-25  4.23297e-09 -7.61113e-25 -9.56181e-09  2.38831e-24  1.75189e-08 -6.06466e-24 -2.57614e-08   1.2795e-23  2.96992e-08 -2.29513e-23 -2.55319e-08  3.57759e-23  1.43835e-08 -4.94349e-23  -2.6716e-09  6.15835e-23 -3.23522e-09 -7.04369e-23  2.71105e-09  7.64336e-23  -1.4138e-10 -8.29414e-23 -8.08267e-10  9.28151e-23  2.48617e-10 -1.01575e-22  1.92326e-10  9.57247e-23 -8.95771e-11 -6.31483e-23 -4.78139e-11  7.66413e-24  2.21515e-11  4.94107e-23  1.31222e-11 -8.49134e-23 -3.67889e-12  9.08616e-23 -3.44696e-12 -7.62834e-23  1.24743e-13   5.5407e-23  7.07372e-13 -3.66527e-23   1.4996e-13  2.15406e-23  -8.3618e-14  -9.7334e-24 -4.87256e-14  1.93192e-24 -2.00508e-15  1.46679e-24  6.34373e-15 -1.80951e-24   2.3545e-15  1.13395e-24  1.03785e-17 -5.71352e-25 -2.64735e-16    2.612e-25 -9.24526e-17 -9.00929e-26   -6.546e-18  1.42997e-26  5.84182e-18  1.36917e-27  2.50895e-18 -9.05068e-28  4.20763e-19  1.40112e-27 -2.40442e-20 -1.36277e-27 -3.19232e-20  4.60426e-28 -8.61286e-21 -2.11766e-29 -1.11342e-21 -2.67183e-30  2.45887e-23 -3.48914e-30  4.48423e-23 -2.60561e-30  1.06929e-23  1.16823e-30  1.42636e-24    7.811e-32  9.08895e-26 -1.60798e-34 -6.37688e-27  -7.4095e-33 -2.49182e-27 -4.89758e-33  -3.4746e-28 -9.51018e-36 -2.98805e-29  1.30668e-34 -1.56587e-30  4.41469e-35 -2.79733e-32  5.05233e-38  2.73455e-33 -5.88058e-37  2.60235e-34  1.59572e-39  1.05174e-35  7.98146e-40  2.09806e-37 -6.27971e-41  1.38343e-39
-1.57907e-16  1.75223e-31  8.27575e-15 -2.03211e-30 -1.68799e-13  6.84408e-30  2.06931e-12  2.58564e-29 -1.75813e-11 -1.87442e-28  1.11108e-10 -1.61872e-27 -5.44052e-10  2.81981e-26  2.11649e-09 -2.06175e-25 -6.64119e-09  1.00552e-24  1.69411e-08 -3.67838e-24 -3.51835e-08  1.06547e-23  5.91652e-08 -2.52739e-23 -7.93675e-08  5.04064e-23  8.23009e-08 -8.65684e-23 -6.15062e-08  1.30842e-22   2.6754e-08 -1.76923e-22   1.5242e-09  2.15755e-22 -1.03576e-08 -2.38044e-22  4.82476e-09  2.40457e-22  1.41519e-09 -2.30274e-22 -1.95684e-09  2.17938e-22  1.49326e-11 -2.00048e-22  5.64736e-10  1.55521e-22 -5.01833e-11 -6.84922e-23 -1.48849e-10 -4.52756e-23  7.65106e-12  1.43244e-22  3.65545e-11  -1.9002e-22  2.85293e-12  1.82996e-22 -7.48767e-12 -1.45819e-22 -2.07463e-12  1.03761e-22  9.83189e-13 -6.82115e-23  6.30302e-13   3.9549e-23  5.01949e-15 -1.71077e-23 -1.00203e-13  2.70535e-24 -3.19225e-14  3.05761e-24  3.73081e-15  -3.2152e-24  5.40049e-15  1.81489e-24  1.38793e-15  -8.4426e-25 -1.21045e-16  3.77985e-25 -1.83298e-16 -1.29587e-25 -5.21887e-17  1.87611e-26 -2.41497e-18  2.00305e-27  3.18293e-18 -3.66493e-28  1.22653e-18  1.64191e-27  2.01463e-19  -1.9231e-27 -4.10074e-21  6.10026e-28 -1.10749e-20  4.89388e-30 -3.05638e-21 -5.14414e-30 -4.36857e-22 -8.41222e-30 -1.65419e-23 -3.10614e-30  7.95914e-24  1.63167e-30  2.23136e-24  1.31789e-31  3.23847e-25 -3.17467e-33  2.80035e-26 -1.13663e-32  8.09632e-28 -5.28982e-33  -1.5731e-28 -2.80964e-34 -2.86146e-29  1.42123e-34 -2.57071e-30  5.19921e-35 -1.44726e-31   5.7549e-37 -4.89023e-33 -4.79036e-37 -6.67284e-35 -6.91523e-40  1.33606e-36  4.20039e-40  5.36003e-38 -2.12522e-41
-7.23583e-32 -2.93646e-15  1.68634e-30  8.78585e-14 -1.03245e-29 -1.37123e-12 -1.21531e-29  1.40184e-11  4.51226e-28 -1.03506e-10 -1.61872e-27  5.82109e-10 -1.09018e-26 -2.57458e-09  1.62359e-25  9.13383e-09 -1.05362e-24 -2.62929e-08  4.65384e-24  6.17175e-08 -1.56216e-23 -1.17969e-07  4.19362e-23  1.81995e-07  -9.3031e-23 -2.22074e-07  1.75181e-22  2.05449e-07 -2.87059e-22 -1.30128e-07  4.18296e-22  3.73373e-08 -5.49351e-22  1.99489e-08  6.51281e-22  -2.4887e-08 -6.93062e-22  5.14024e-09  6.62414e-22  6.16455e-09 -5.80844e-22 -3.33935e-09  4.83095e-22 -1.18526e-09 -3.74682e-22  1.10969e-09  2.26143e-22  2.60039e-10 -2.33181e-23  -2.9232e-10 -1.90113e-22 -8.03502e-11  3.39102e-22  6.19222e-11 -3.82171e-22  2.69269e-11  3.38695e-22 -8.54094e-12 -2.58939e-22 -7.27102e-12   1.8153e-22 -9.70538e-14 -1.18512e-22  1.28673e-12  6.75224e-23  3.82639e-13 -2.78783e-23 -8.81317e-14   3.3107e-24 -8.44626e-14  5.68099e-24  -1.5641e-14 -5.23453e-24  5.47268e-15  2.65801e-24  3.71494e-15 -1.13574e-24  6.96584e-16  5.05526e-25 -1.25232e-16 -1.75852e-25 -1.06193e-16  2.34914e-26 -2.61838e-17  2.51359e-27 -9.96162e-19  1.00585e-27  1.40889e-18  1.64898e-27   5.1253e-19 -2.56906e-27  8.55153e-20  7.62109e-28  1.85705e-21  5.48057e-29 -2.93881e-21 -8.51681e-30 -8.66583e-22 -1.62515e-29  -1.3412e-22 -3.34662e-30 -1.00554e-23  2.20359e-30   6.4547e-25   1.9567e-31  3.14131e-25 -1.41522e-32  4.99441e-26 -1.44109e-32  4.84299e-27 -5.26764e-33    2.785e-28 -5.93358e-34  3.41916e-30  1.37233e-34 -1.01388e-30  5.51035e-35 -1.06528e-31  1.10224e-36 -5.59985e-33 -3.42789e-37 -1.67985e-34  -1.9251e-39 -2.52908e-36  1.48233e-40 -1.07228e-38
 6.76312e-16 -1.00262e-30 -3.63225e-14  1.11041e-29  7.60005e-13 -1.89979e-29 -9.56866e-12 -4.63581e-28  8.35999e-11  4.08833e-27 -5.44052e-10 -1.09018e-26  2.74773e-09 -6.18609e-26 -1.10456e-08  8.11924e-25  3.58932e-08 -4.74949e-24  -9.5074e-08  1.91689e-23  2.05729e-07 -5.93497e-23 -3.62128e-07  1.48075e-22  5.11939e-07 -3.07538e-22 -5.65813e-07  5.46648e-22  4.61452e-07 -8.53559e-22 -2.37068e-07  1.19627e-21  2.27885e-08 -1.52065e-21  6.99962e-08  1.74648e-21 -4.65612e-08 -1.79129e-21 -3.00172e-09  1.63179e-21  1.60726e-08 -1.33728e-21 -3.12414e-09  1.00639e-21 -4.25217e-09 -6.67896e-22  1.32877e-09   2.8399e-22  1.11046e-09  1.41266e-22 -3.27175e-10 -5.07279e-22 -2.98611e-10  6.99994e-22  4.33941e-11 -6.99043e-22  7.37162e-11  5.78804e-22  4.77512e-12 -4.29132e-22 -1.37396e-11  2.98158e-22 -4.31936e-12 -1.93096e-22  1.26512e-12    1.077e-22   1.0888e-12  -4.2364e-23  1.39758e-13  3.43319e-24  -1.1255e-13  9.56659e-24 -5.62667e-14 -7.86904e-24 -5.19373e-15  3.57599e-24  4.64327e-15 -1.38669e-24  2.16275e-15  6.26103e-25  3.08101e-16 -2.26945e-25 -8.20316e-17  2.83911e-26 -5.24037e-17   2.8618e-27 -1.17725e-17  3.44083e-27 -5.23979e-19  1.29941e-27   5.0073e-19 -3.26925e-27  1.80239e-19  9.04042e-28  3.11259e-20  1.32707e-28  1.84342e-21 -1.33323e-29 -5.39738e-22 -2.71436e-29 -1.87686e-22 -3.22425e-30 -3.10699e-23  2.89254e-30 -2.99469e-24  2.59663e-31   -8.607e-26  -3.5312e-32  2.41783e-26 -1.57242e-32  4.81974e-27 -4.80668e-33  4.93434e-28 -8.82871e-34  3.20027e-29  1.16985e-34  1.22118e-30  5.26966e-35  1.18436e-32  1.43765e-36 -1.33739e-33 -2.11082e-37 -6.95607e-35  -2.0931e-39 -1.23844e-36  2.17097e-41
 3.70526e-31  1.12763e-14 -8.64056e-30 -3.46198e-13  4.50965e-29  5.55054e-12  2.58888e-28  -5.8363e-11 -4.75354e-27   4.4382e-10  2.81981e-26 -2.57458e-09 -6.18609e-26  1.17658e-08 -3.06308e-25 -4.32171e-08  3.60435e-24  1.29116e-07 -1.91935e-23 -3.15495e-07  7.12121e-23  6.30219e-07 -2.04127e-22  -1.0216e-06  4.74343e-22   1.3208e-06 -9.23293e-22 -1.31418e-06  1.54964e-21  9.27781e-07  -2.3053e-21 -3.54054e-07  3.10518e-21 -7.23155e-08 -3.81443e-21  1.73037e-07   4.2351e-21 -6.36256e-08 -4.18273e-21 -3.20416e-08  3.64486e-21  3.04097e-08 -2.82736e-21  3.06002e-09  1.96844e-21 -9.47125e-09 -1.13392e-21 -1.06735e-10  2.77195e-22  2.57213e-09   5.3859e-22  1.19481e-10 -1.10873e-21 -6.23842e-10  1.29569e-21 -1.08213e-10 -1.17031e-21  1.20361e-10  9.15958e-22  4.70215e-11 -6.66345e-22 -1.29262e-11  4.61695e-22 -1.21013e-11 -2.96073e-22 -1.13745e-12  1.61045e-22  1.63853e-12 -6.03202e-23  6.90292e-13  2.77173e-24 -5.99725e-15  1.47641e-23 -9.26927e-14 -1.09968e-23 -3.11731e-14  4.43138e-24 -5.25115e-16 -1.52155e-24   2.9967e-15  7.17582e-25  1.09454e-15 -2.80623e-25  1.25828e-16  3.34412e-26 -4.04659e-17   3.2381e-27 -2.21168e-17  6.96892e-27 -4.72236e-18  5.20928e-28 -2.89323e-19 -3.98315e-27  1.37623e-19  1.02419e-27  5.19864e-20  2.38356e-28  9.35595e-21  -2.0335e-29  8.20552e-22 -4.06191e-29 -4.68892e-23 -2.68718e-30 -2.88709e-23  3.69208e-30 -5.18601e-24  3.09955e-31 -5.59015e-25 -6.60766e-32 -3.43219e-26 -1.49193e-32 -4.30574e-29 -3.96554e-33  2.36647e-28 -1.08699e-33  2.72445e-29  8.66296e-35  1.73271e-30  4.54228e-35  6.73333e-32  1.48283e-36  1.44692e-33  -1.0807e-37  1.06167e-35  -1.5125e-39 -6.22342e-38
-2.28123e-15  4.70086e-30  1.25762e-13 -5.05323e-29 -2.70406e-12  3.78785e-30   3.5026e-11  3.67636e-27 -3.15246e-10 -3.46575e-26  2.11649e-09  1.62359e-25 -1.10456e-08 -3.06308e-25  4.59687e-08 -1.35021e-24 -1.54988e-07  1.44037e-23  4.27099e-07 -7.03052e-23 -9.64745e-07  2.40863e-22  1.78069e-06 -6.41027e-22 -2.65687e-06  1.38976e-21  3.13188e-06 -2.53768e-21 -2.78071e-06  4.02437e-21  1.65007e-06 -5.70702e-21 -3.69228e-07   7.3898e-21  -3.4562e-07 -8.76666e-21  3.36704e-07  9.39535e-21 -4.06848e-08 -8.92567e-21  -9.6962e-08  7.45591e-21  4.02897e-08 -5.52449e-21  2.18016e-08  3.62164e-21 -1.46095e-08 -1.83631e-21 -5.28329e-09  1.13145e-22  3.93581e-09  1.33379e-21   1.5656e-09 -2.12796e-21 -8.03905e-10  2.18079e-21 -4.77856e-10 -1.79813e-21  9.02559e-11   1.3443e-21  1.18381e-10 -9.72957e-22  1.10762e-11  6.76515e-22 -1.87717e-11 -4.28336e-22 -7.33005e-12  2.26321e-22  7.66865e-13 -8.08074e-23  1.34313e-12   1.1878e-24  3.40755e-13  2.10514e-23  -5.6012e-14 -1.43789e-23 -5.97249e-14  5.06774e-24  -1.4848e-14 -1.46444e-24  7.04696e-16  7.57193e-25  1.58299e-15 -3.34636e-25  4.89113e-16  3.86945e-26  4.98788e-17   4.0683e-27 -1.55704e-17  1.13481e-26 -7.92707e-18 -6.60847e-28  -1.6611e-18 -4.66454e-27 -1.36649e-19   1.1124e-27  2.66172e-20  3.65625e-28  1.18341e-20 -3.01641e-29  2.23107e-21 -5.56163e-29  2.38353e-22 -1.73823e-30  6.62935e-24   4.5675e-30 -2.67846e-24  3.32469e-31  -5.8014e-25 -1.02588e-31 -6.63187e-26 -1.21381e-32 -4.79349e-27 -2.87237e-33 -1.91756e-28 -1.16513e-33  7.22233e-31  5.34604e-35  6.16128e-31  3.51249e-35  3.86373e-32  1.26646e-36  1.16693e-33 -4.31484e-38  1.55222e-35 -6.94921e-40
-1.55905e-30 -3.44001e-14  3.72354e-29  1.08575e-12  -1.7311e-28 -1.79163e-11 -1.79462e-27  1.94135e-10  2.99801e-26 -1.52345e-09 -2.06175e-25  9.13383e-09  8.11924e-25 -4.32171e-08 -1.35021e-24   1.6469e-07 -5.36773e-24 -5.11707e-07  5.23236e-23  1.30425e-06 -2.35311e-22 -2.72807e-06  7.46967e-22   4.6551e-06 -1.84985e-21 -6.38537e-06  3.74689e-21  6.83251e-06 -6.42431e-21 -5.34355e-06  9.63504e-21  2.52884e-06 -1.30398e-20 -2.25605e-08  1.62456e-20 -9.21123e-07 -1.86086e-20  5.16368e-07  1.92249e-20  8.98805e-08  -1.7547e-20 -2.02091e-07   1.4073e-20  2.25468e-08 -1.00384e-20  5.79237e-08  6.29167e-21 -1.25685e-08  -2.8442e-21  -1.5746e-08 -3.52291e-22   3.0712e-09  2.74165e-21  4.22561e-09 -3.69495e-21 -2.53929e-10  3.36127e-21  -1.0097e-09   -2.534e-21 -1.39776e-10  1.83013e-21  1.75389e-10 -1.34069e-21  7.12641e-11  9.41108e-22  -1.2006e-11 -5.85837e-22 -1.56221e-11  2.99435e-22 -3.00708e-12 -1.02225e-22  1.30664e-12 -1.14809e-24  8.49702e-13  2.79058e-23  1.29622e-13 -1.77098e-23 -5.24932e-14  5.35819e-24 -3.21439e-14 -1.15984e-24 -6.26423e-15   7.2582e-25  6.12906e-16 -3.86685e-25  7.03236e-16  4.42657e-26  1.94075e-16  5.81537e-27  1.95661e-17  1.60774e-26 -4.59472e-18 -2.08588e-27  -2.3703e-18 -5.26449e-27 -4.98451e-19  1.15915e-27 -5.09311e-20  5.02368e-28  2.49683e-21 -4.29909e-29  1.99957e-21 -7.06723e-29  4.02926e-22 -4.26134e-31  4.77145e-23  5.44738e-30  3.04437e-24  3.17096e-31 -5.38528e-26 -1.38522e-31 -3.74433e-26 -7.96423e-33 -4.68029e-27 -1.69353e-33 -3.43791e-28 -1.11084e-33 -1.58589e-29  2.41378e-35 -3.99018e-31  2.41554e-35 -1.23275e-33  9.06479e-37  1.93634e-34 -1.15945e-38  2.91835e-36
 6.14128e-15 -1.84724e-29 -3.48245e-13  2.00885e-28   7.7105e-12  1.71506e-28 -1.02971e-10 -1.89943e-26  9.56768e-10  1.89392e-25 -6.64119e-09 -1.05362e-24  3.58932e-08  3.60435e-24 -1.54988e-07 -5.36773e-24  5.43394e-07 -1.94239e-23  -1.5613e-06  1.74049e-22   3.6895e-06 -7.24108e-22 -7.15571e-06  2.13564e-21  1.12887e-05 -4.93022e-21 -1.42073e-05  9.34029e-21  1.37127e-05 -1.50506e-20 -9.26058e-06  2.13723e-20  3.12675e-06 -2.76483e-20  1.13614e-06   3.3186e-20 -1.87688e-06 -3.67035e-20  5.60513e-07  3.65022e-20  4.16667e-07 -3.19663e-20 -3.15604e-07  2.46559e-20 -6.07391e-08 -1.70671e-20  1.05271e-07  1.03729e-20  9.15452e-09 -4.22873e-21 -2.95024e-08 -1.32084e-21 -3.50296e-09  5.01102e-21  7.15386e-09 -5.89701e-21  1.77527e-09  4.75684e-21 -1.32329e-09 -3.26055e-21 -6.52735e-10  2.30823e-21  1.13676e-10 -1.74993e-21  1.53927e-10   1.2465e-21   2.3686e-11 -7.58505e-22 -1.83898e-11  3.73375e-22 -9.55905e-12  -1.2254e-22 -5.39776e-13 -3.68626e-24  1.08462e-12  3.45649e-23  4.44238e-13 -2.06978e-23  3.49632e-14  5.25467e-24 -3.31142e-14 -5.91801e-25 -1.49166e-14  6.11835e-25 -2.41405e-15 -4.33933e-25  3.01362e-16     5.03e-26  2.64503e-16  8.58649e-27  6.80195e-17  2.05126e-26  7.33451e-18 -3.44965e-27 -9.57348e-19 -5.73444e-27 -5.73672e-19  1.15455e-27 -1.23212e-19  6.32212e-28 -1.45312e-20 -5.83166e-29 -3.79592e-22  -8.4225e-29  2.21319e-22  1.16476e-30  5.17217e-23  6.22717e-30  6.49352e-24  2.61175e-31   5.0817e-25 -1.66937e-31  1.94319e-26   -3.224e-33  -7.3203e-28 -5.95558e-34 -1.63947e-28 -9.51062e-34 -1.18999e-29  2.83049e-36 -4.85646e-31  1.45682e-35 -1.09132e-32  5.37721e-37 -1.02972e-34 -1.17476e-39
 5.44189e-30  8.41531e-14 -1.37584e-28 -2.73687e-12  6.38077e-28  4.65906e-11  7.86202e-27 -5.21475e-10  -1.3428e-25  4.23297e-09  1.00552e-24 -2.62929e-08 -4.74949e-24  1.29116e-07  1.44037e-23 -5.11707e-07 -1.94239e-23  1.65752e-06 -6.44271e-23 -4.41739e-06  5.33184e-22  9.69775e-06  -2.0588e-21 -1.74568e-05  5.65415e-21   2.5449e-05 -1.21847e-20 -2.92987e-05  2.16099e-20  2.52774e-05 -3.27528e-20 -1.42686e-05   4.4099e-20  2.43539e-06 -5.46446e-20  3.69106e-06  6.32957e-20 -3.09465e-06 -6.75892e-20  1.69154e-07  6.45985e-20  9.97819e-07 -5.41986e-20 -3.39605e-07  4.02927e-20 -2.47368e-07  -2.7316e-20  1.34511e-07  1.63224e-20  6.36272e-08 -6.05907e-21 -3.72696e-08 -3.05119e-21 -1.87828e-08  8.39518e-21  7.42929e-09  -8.7337e-21  5.54426e-09  6.17323e-21 -6.54297e-10 -3.78907e-21 -1.31891e-09  2.68819e-21  -1.9469e-10 -2.17217e-21  1.94188e-10  1.57577e-21  9.12067e-11 -9.30423e-22 -3.28679e-12  4.39017e-22 -1.49292e-11 -1.39659e-22 -4.58567e-12 -5.56679e-24  3.48203e-13  4.01652e-23  6.69189e-13  -2.3139e-23  1.99334e-13  4.81783e-24  4.24289e-15  2.04043e-25 -1.64505e-14  4.13725e-25 -6.06709e-15 -4.72187e-25 -8.72372e-16  5.68559e-26  1.03722e-16  1.16897e-26  8.36294e-17  2.40557e-26  2.07175e-17 -4.33309e-27  2.46017e-18 -6.03019e-27  -9.7917e-20  1.08907e-27 -1.06975e-19  7.38134e-28 -2.40504e-20 -7.50666e-29 -3.09752e-21 -9.49198e-29 -1.99453e-22  2.91941e-30  9.71589e-24  6.78763e-30  4.22225e-24  1.70907e-31  5.67572e-25 -1.82427e-31  4.65248e-26  1.23654e-33  2.38538e-27  2.88385e-34  5.80162e-29   -7.337e-34 -1.21473e-30 -9.28424e-36 -1.44849e-31  7.53776e-36 -4.34528e-33  2.53043e-37 -3.99566e-35
-1.32643e-14  6.12363e-29  7.75691e-13 -7.08127e-28  -1.7732e-11 -5.58151e-28  2.44789e-10  7.18398e-26 -2.35435e-09 -7.61113e-25  1.69411e-08  4.65384e-24  -9.5074e-08 -1.91935e-23  4.27099e-07  5.23236e-23  -1.5613e-06 -6.44271e-23  4.68981e-06 -1.96958e-22 -1.16242e-05  1.51121e-21  2.37486e-05 -5.43043e-21 -3.97007e-05  1.39121e-20  5.34268e-05 -2.80167e-20 -5.60242e-05  4.65453e-20  4.26316e-05 -6.64083e-20 -1.89561e-05  8.49231e-20 -1.26816e-06 -1.01055e-19  8.11084e-06  1.13171e-19 -4.05245e-06 -1.16643e-19  -1.0768e-06  1.06908e-19  1.76085e-06 -8.57949e-20 -9.94818e-08  6.16798e-20 -5.37914e-07  -4.1411e-20  8.66963e-08  2.46535e-20  1.51785e-07 -8.39374e-21 -2.11298e-08 -5.85099e-21 -4.12577e-08  1.31121e-20  4.13557e-10 -1.20808e-20  9.78874e-09  7.30148e-21  1.82897e-09 -3.88228e-21 -1.63548e-09  2.87225e-21 -7.81273e-10 -2.57506e-21  8.21327e-11   1.9048e-21  1.59605e-10 -1.08165e-21  3.77549e-11  4.86826e-22  -1.1208e-11 -1.51844e-22 -9.04242e-12 -5.84397e-24 -1.74889e-12   4.3915e-23  4.29511e-13 -2.49491e-23  3.38461e-13  4.21324e-24  7.90021e-14  1.13972e-24 -1.62049e-15   1.4116e-25 -6.74309e-15 -4.95181e-25 -2.17408e-15  6.36241e-26  -2.9787e-16  1.33778e-26  2.43705e-17  2.63559e-26  2.17829e-17 -4.27757e-27  5.34191e-18 -6.11796e-27   6.9361e-19  9.57143e-28  1.64219e-20  8.06858e-28 -1.40009e-20  -9.1928e-29 -3.50946e-21 -1.01825e-28 -4.77065e-22  4.69368e-30  -3.9302e-23   7.0245e-30 -1.22296e-24  6.01561e-32  1.58947e-25 -1.82679e-31  2.81331e-26  4.73866e-33  2.29547e-27  8.80442e-34   1.1413e-28 -5.09834e-34  3.35841e-30 -1.34329e-35   4.5512e-32  3.22697e-36 -3.69876e-35  8.27218e-38
-1.56668e-29 -1.65363e-13  4.36489e-28  5.55826e-12 -2.26761e-27 -9.79067e-11 -2.46325e-26  1.13536e-09  4.59454e-25 -9.56181e-09 -3.67838e-24  6.17175e-08  1.91689e-23 -3.15495e-07 -7.03052e-23  1.30425e-06  1.74049e-22 -4.41739e-06 -1.96958e-22  1.23455e-05  -5.5745e-22 -2.85267e-05  3.97825e-21  5.43139e-05 -1.33336e-20  -8.4339e-05  3.19099e-20  0.000104586 -6.00967e-20 -9.92811e-05  9.35622e-20  6.52835e-05 -1.25759e-19 -2.00597e-05  1.53061e-19  -1.0249e-05 -1.75448e-19  1.42506e-05  1.90341e-19 -3.65766e-06 -1.89209e-19 -3.54784e-06  1.65838e-19  2.38017e-06 -1.27075e-19  6.12216e-07  8.87873e-20 -8.43084e-07 -5.98386e-20 -1.13406e-07  3.59234e-20   2.4461e-07 -1.12594e-20  3.98339e-08 -1.00613e-20 -6.02039e-08  1.93022e-20  -1.7807e-08   -1.568e-20  1.09811e-08  7.75722e-21  6.21778e-09 -3.30433e-21 -7.83834e-10  2.78174e-21 -1.41964e-09 -2.92826e-21 -2.70038e-10  2.20427e-21  1.57147e-10 -1.19163e-21   9.3824e-11  5.09125e-22  8.83536e-12  -1.5802e-22 -9.55337e-12 -3.81805e-24 -4.47492e-12  4.52363e-23 -5.19699e-13 -2.61349e-23  2.74329e-13  3.67269e-24  1.46128e-13  2.08677e-24   2.8366e-14  -1.8559e-25 -1.20651e-15 -4.94588e-25 -2.30958e-15  6.94731e-26 -6.82577e-16  1.09961e-26 -9.41148e-17  2.74467e-26  2.76773e-18 -2.89565e-27  4.50575e-18 -5.98209e-27  1.12561e-18  7.63307e-28  1.56289e-19  8.32517e-28  9.80644e-21 -1.07723e-28 -9.74125e-22 -1.04509e-28 -3.51792e-22   6.3221e-30 -5.03648e-23  6.87939e-30 -4.47465e-24 -5.29579e-32 -2.39031e-25  -1.6888e-31 -3.65585e-27  6.89332e-33  5.47303e-28  1.16553e-33  5.08961e-29  -3.1815e-34  2.11438e-30 -1.21842e-35  4.35619e-32  1.06897e-36    2.993e-34
 2.29233e-14 -1.70022e-28 -1.38733e-12  2.19051e-27  3.28573e-11 -1.58719e-28 -4.70522e-10  -2.0976e-25  4.70052e-09  2.38831e-24 -3.51835e-08 -1.56216e-23  2.05729e-07  7.12121e-23 -9.64745e-07 -2.35311e-22   3.6895e-06  5.33184e-22 -1.16242e-05  -5.5745e-22  3.03176e-05 -1.46624e-21 -6.54471e-05  9.75911e-21  0.000116259 -3.05647e-20  -0.00016765  6.84056e-20  0.000191061  -1.2053e-19 -0.000162757  1.75867e-19   8.9428e-05  -2.2287e-19 -1.20644e-05  2.58829e-19 -2.65768e-05 -2.86836e-19  2.06823e-05  3.02031e-19 -2.97514e-07 -2.89139e-19 -7.23267e-06  2.41462e-19  2.20882e-06  -1.7634e-19   1.9113e-06  1.20641e-19 -9.44542e-07 -8.29365e-20 -5.13277e-07  5.06919e-20   2.7117e-07 -1.46116e-20  1.54223e-07  -1.6031e-20 -5.42436e-08  2.69912e-20 -4.57629e-08 -1.91654e-20  4.02127e-09   7.1599e-21  1.08716e-08 -1.88906e-21    1.909e-09  2.38441e-21 -1.55772e-09 -3.20782e-21 -8.09022e-10  2.44248e-21  2.62883e-12 -1.24354e-21  1.26043e-10  5.02357e-22   4.3008e-11 -1.57871e-22 -1.42023e-12  6.28745e-25 -5.68938e-12  4.38275e-23 -1.89046e-12 -2.67198e-23 -1.11523e-13  3.43417e-24  1.30647e-13  2.89924e-24  5.48876e-14 -5.37632e-25  9.40428e-15 -4.61297e-25 -3.83775e-16  7.19428e-26 -6.56904e-16  1.59501e-27 -1.84744e-16  2.77628e-26   -2.637e-17  7.17043e-30 -5.40458e-19 -5.63182e-27  6.92066e-19  5.28067e-28  1.85101e-19  8.18109e-28  2.68956e-20 -1.21602e-28  2.26185e-21 -1.02993e-28  3.52625e-23  7.63899e-30 -2.01329e-23  6.35982e-30 -3.32706e-24 -1.50607e-31 -2.97762e-25 -1.44944e-31 -1.68538e-26  7.64415e-33  -5.5924e-28  1.18473e-33 -5.96573e-30 -1.77323e-34  2.63102e-31 -8.39751e-36  8.73954e-33  2.33428e-37
 3.61876e-29  2.59291e-13 -1.17508e-27 -9.04499e-12  7.31567e-27  1.65536e-10  5.72035e-26 -1.99692e-09  -1.2504e-24  1.75189e-08  1.06547e-23 -1.17969e-07 -5.93497e-23  6.30219e-07  2.40863e-22 -2.72807e-06 -7.24108e-22  9.69775e-06  1.51121e-21 -2.85267e-05 -1.46624e-21  6.96263e-05  -3.5957e-21 -0.000140683  2.23732e-20   0.00023336 -6.55792e-20 -0.000312288  1.37359e-19  0.000325823  -2.2644e-19 -0.000245903  3.09595e-19  0.000106179 -3.70205e-19   1.2322e-05  4.11558e-19 -5.07147e-05  -4.4285e-19  2.41366e-05  4.53333e-19  7.70139e-06 -4.16915e-19 -1.13161e-05  3.30128e-19  3.74827e-07 -2.29352e-19  3.63253e-06  1.55346e-19 -5.16293e-07 -1.10926e-19 -1.06338e-06  6.94311e-20  1.29437e-07  -1.8283e-20  2.97114e-07 -2.40768e-20  2.00269e-09  3.60653e-20 -7.18995e-08 -2.21258e-20 -1.48237e-08  5.23487e-21  1.20618e-08  3.92658e-22  6.16678e-09  1.71352e-21 -5.12447e-10 -3.39759e-21 -1.24664e-09  2.58874e-21 -3.21869e-10 -1.22846e-21  7.99586e-11  4.68599e-22  7.29617e-11 -1.51675e-22   1.5749e-11  6.81632e-24 -2.88284e-12  3.96342e-23  -2.7238e-12 -2.66663e-23  -7.0234e-13  3.68208e-24 -1.30375e-14  3.44409e-24  5.01941e-14 -8.80347e-25  1.80412e-14 -3.88062e-25  2.89053e-15   6.6943e-26 -5.12702e-17 -1.71455e-26 -1.51662e-16  2.80168e-26 -4.19784e-17  4.33445e-27 -6.23426e-18 -5.10314e-27 -3.63802e-19  2.89706e-28  6.72013e-20  7.74023e-28  2.22489e-20 -1.32976e-28  3.35832e-21 -9.76403e-29  3.14336e-22  8.51068e-30  1.60562e-23  5.53981e-30 -1.84469e-25 -2.19531e-31 -1.12417e-25 -1.15998e-31  -1.0387e-26  7.22408e-33 -5.31044e-28  1.01738e-33 -1.57287e-29 -8.74799e-35 -2.29489e-31 -4.41099e-36 -8.47297e-34
-3.13003e-14  3.85936e-28  1.97045e-12  -5.8102e-27 -4.85932e-11  7.85012e-27  7.25378e-10  4.86831e-25 -7.56318e-09 -6.06466e-24  5.91652e-08  4.19362e-23 -3.62128e-07 -2.04127e-22  1.78069e-06  7.46967e-22 -7.15571e-06  -2.0588e-21  2.37486e-05  3.97825e-21 -6.54471e-05  -3.5957e-21  0.000149871 -8.24483e-21 -0.000283919  4.80572e-20  0.000440019 -1.31999e-19 -0.000545748  2.58857e-19  0.000518465 -3.99097e-19 -0.000339993  5.10988e-19  0.000100686 -5.77083e-19  6.02786e-05  6.16646e-19 -7.96775e-05 -6.47475e-19  1.95205e-05  6.45064e-19  2.11315e-05 -5.67742e-19 -1.38809e-05  4.23506e-19 -3.87262e-06 -2.79403e-19  5.15703e-06  1.90421e-19  7.52449e-07 -1.43939e-19  -1.5547e-06  9.23761e-20 -2.67368e-07 -2.19399e-20  3.95588e-07 -3.44227e-20  1.21314e-07  4.62596e-20 -7.40774e-08 -2.41848e-20 -4.33437e-08  1.90715e-21   5.1919e-09  3.39035e-21  1.00883e-08  8.70926e-22  2.02657e-09 -3.48758e-21 -1.11055e-09   2.6167e-21 -6.96103e-10 -1.14808e-21  -7.5325e-11  4.15758e-22  6.84871e-11 -1.39919e-22  3.41177e-11  1.32701e-23  4.57622e-12   3.2751e-23 -1.87105e-12 -2.58445e-23 -1.10266e-12  4.50784e-24 -2.35025e-13  3.63298e-24  7.83295e-16 -1.17652e-24  1.58918e-14 -2.72844e-25  5.16077e-15  4.89639e-26  8.09471e-16 -4.60073e-26  1.34522e-17  2.89612e-26 -2.71662e-17  9.65919e-27  -7.7167e-18 -4.45309e-27 -1.18382e-18  9.89126e-29 -9.78209e-20  7.14174e-28  1.38563e-21 -1.41295e-28   1.7395e-21 -8.90453e-29  2.83221e-22  8.86645e-30  2.71587e-23  4.54023e-30  1.64908e-24 -2.53748e-31  5.19617e-26 -8.68431e-32 -5.96264e-28  6.04034e-33 -1.39525e-28   7.5687e-34 -5.91577e-30 -3.75475e-35 -9.98569e-32 -1.56758e-36
-6.17133e-29  -3.1851e-13  2.61841e-27  1.16042e-11 -2.01637e-26 -2.22013e-10 -9.73097e-26  2.80272e-09  2.78095e-24 -2.57614e-08 -2.52739e-23  1.81995e-07  1.48075e-22  -1.0216e-06 -6.41027e-22   4.6551e-06  2.13564e-21 -1.74568e-05 -5.43043e-21  5.43139e-05  9.75911e-21 -0.000140683 -8.24483e-21  0.000302987  -1.7722e-20  -0.00053897   9.6941e-20  0.000780634  -2.4976e-19 -0.000895548  4.58592e-19  0.000768737 -6.60651e-19 -0.000424467  7.91267e-19  5.33458e-05 -8.44926e-19  0.000135433  8.72475e-19 -0.000105468 -8.98993e-19  9.78689e-07  8.71847e-19  3.86735e-05 -7.30232e-19 -1.20339e-05  5.08614e-19 -1.05934e-05 -3.18178e-19  5.39336e-06  2.23357e-19  2.93665e-06 -1.81981e-19 -1.61641e-06  1.19346e-19 -9.14687e-07 -2.50833e-20  3.38508e-07 -4.71203e-20  2.82586e-07  5.71598e-20 -2.73236e-08 -2.50734e-20 -6.98081e-08 -2.64835e-21 -1.21671e-08  6.77496e-21  1.03352e-08  1.17515e-23   5.4066e-09 -3.47071e-21 -8.24331e-12  2.50738e-21 -8.57407e-10  -1.0152e-21 -3.00077e-10  3.56234e-22  6.73415e-12  -1.2282e-22  3.90704e-11  1.79799e-23  1.35409e-11  2.33058e-23  1.01514e-12 -2.40739e-23 -8.56813e-13  5.90016e-24 -3.85946e-13  3.44766e-24 -7.20375e-14 -1.38914e-24  3.33704e-16 -1.21518e-25  4.12803e-15  1.20159e-26  1.26368e-15 -8.36838e-26  1.99283e-16  3.11055e-26  1.00798e-17  1.52646e-26 -3.43471e-18 -3.74697e-27 -1.09037e-18  6.07154e-30 -1.71633e-19  6.51241e-28 -1.63939e-20 -1.45876e-28 -6.80872e-22 -7.79583e-29  6.19105e-23  8.71352e-30  1.42197e-23   3.4965e-30  1.36588e-24 -2.54932e-31  8.02223e-26 -6.09248e-32  2.87318e-27  4.53203e-33  5.11181e-29  4.86929e-34  5.56134e-33 -1.34623e-35 -8.21213e-33
