  9.9583e-25  8.59061e-39 -5.47323e-23  1.20839e-35  1.17141e-21  4.05071e-35 -1.50813e-20  5.82066e-34  1.34728e-19 -6.27263e-33  -8.9671e-19  5.91877e-32  4.63444e-18 -4.54428e-31  -1.9085e-17  2.89426e-30  6.36416e-17 -1.55843e-29  -1.7345e-16  7.18374e-29  3.87738e-16 -2.85942e-28 -7.09443e-16  9.88777e-28  1.05287e-15 -2.98309e-27 -1.24275e-15  7.87482e-27  1.12083e-15 -1.82213e-26 -7.03075e-16  3.69811e-26  2.15525e-16 -6.58153e-26  8.17428e-17  1.02601e-25 -1.18287e-16 -1.39913e-25  3.12817e-17  1.66833e-25  2.36033e-17 -1.74643e-25 -1.59636e-17   1.6305e-25 -3.08827e-18 -1.41318e-25   4.6791e-18  1.21797e-25  3.92213e-19 -1.10498e-25 -1.14138e-18  1.03224e-25 -1.15933e-19 -9.10445e-26  2.42017e-19  6.95736e-26  4.98917e-20 -4.29699e-26 -4.05205e-20  1.96685e-26 -1.62758e-20 -5.28513e-27  3.84324e-21 -4.13657e-28  3.54154e-21  1.20838e-27  2.70119e-22 -6.33813e-28 -4.41546e-22  2.46472e-28 -1.58074e-22 -1.58966e-28  1.00149e-23  1.31343e-28  2.13416e-23 -7.56556e-29   5.3784e-24  2.36498e-29 -4.60102e-25 -3.00851e-31 -6.29105e-25 -2.93365e-30 -1.56024e-25  1.01268e-30 -5.69462e-28  2.83963e-33  1.04193e-26 -8.13791e-32  3.13013e-27  1.26927e-32   3.3912e-28  2.72724e-33 -5.62677e-29 -1.65862e-34 -2.97637e-29 -3.97493e-34  -5.6389e-30  5.08785e-35 -4.31829e-31  1.82371e-35  5.59134e-32  -1.3401e-36  2.25125e-32 -1.01957e-36  3.50134e-33 -3.11126e-38  2.92349e-34  6.68351e-38  3.78633e-36 -5.70657e-39 -2.50181e-36 -3.96371e-40 -3.72714e-37  5.00653e-41 -2.93286e-38 -5.20663e-42 -1.31125e-39  1.00489e-42    -2.37e-41 -4.34074e-44  8.01743e-43 -7.87195e-45  5.72806e-44   7.0286e-47  8.71469e-46 -9.29476e-48
 8.59061e-39  7.85864e-23 -8.51847e-37 -2.45498e-21  6.64817e-35  4.00256e-20 -4.59796e-34 -4.27797e-19  8.96433e-33  3.30613e-18 -9.65086e-32 -1.94927e-17  8.34948e-31  9.05828e-17 -5.92612e-30 -3.38661e-16  3.53239e-29  1.03156e-15 -1.79675e-28  -2.5767e-15  7.87788e-28  5.28339e-15 -2.99677e-27 -8.84899e-15  9.93368e-27  1.19499e-14 -2.87787e-26 -1.26705e-14  7.30071e-26  9.97377e-15 -1.62326e-25 -5.01511e-15  3.16291e-25  5.74578e-16 -5.39419e-25  1.29008e-15  8.03252e-25  -8.8933e-16 -1.04078e-24 -7.63692e-18  1.16905e-24  2.67162e-16 -1.13698e-24  -6.7955e-17  9.66681e-25 -6.03256e-17 -7.48127e-25  2.50769e-17  5.79971e-25  1.35505e-17 -5.01069e-25 -6.07987e-18  4.72764e-25 -3.31958e-18 -4.26351e-25  1.03513e-18   3.2756e-25  8.03534e-19 -1.98398e-25 -7.59953e-20  8.61018e-26  -1.6064e-19  -1.9977e-26 -2.06628e-20 -3.39453e-27  2.11347e-20  4.74121e-27  8.44009e-21   -1.456e-27 -7.28281e-22  4.17374e-29 -1.31535e-21 -1.60209e-28 -2.94154e-22  3.64441e-28  6.07086e-23 -2.63437e-28  4.91701e-23   8.6944e-29  9.33491e-24 -6.10103e-31 -1.41976e-24 -1.07101e-29 -1.18205e-24  3.28581e-30  -2.5848e-25  2.10769e-31 -7.63111e-28 -3.04626e-31  1.48711e-26  2.78137e-32   4.3045e-27  1.31099e-32  5.09717e-28  6.26281e-34  -3.8089e-29 -1.86461e-33 -2.76799e-29  1.88551e-34 -5.54506e-30  7.30507e-35 -5.46277e-31 -4.60984e-36  5.01333e-33 -3.22847e-36  1.09627e-32 -2.02005e-37  1.91291e-33  1.99057e-37  1.82799e-34 -1.54492e-38  8.85011e-36 -2.27916e-40 -1.60477e-37  1.05621e-40 -6.41879e-38 -2.96105e-41 -5.23886e-39  3.64405e-42 -2.33917e-40 -7.15606e-44 -5.49572e-42 -2.61131e-44 -4.61536e-44 -3.03367e-47 -1.80202e-46
-5.47323e-23 -8.51847e-37  3.05393e-21 -8.74799e-36 -6.64011e-20  4.93235e-34  8.69119e-19 -7.46893e-33 -7.89995e-18  9.91895e-32  5.35467e-17 -9.75968e-31 -2.82118e-16  7.72151e-30   1.1857e-15 -5.07929e-29  -4.0407e-15  2.84341e-28  1.12723e-14 -1.37284e-27 -2.58439e-14  5.75688e-27  4.86209e-14 -2.10453e-26 -7.44554e-14  6.72199e-26  9.11682e-14 -1.87873e-25 -8.61087e-14  4.59878e-25  5.78348e-14 -9.86064e-25 -2.10429e-14  1.85056e-24 -4.13494e-15 -3.03351e-24  9.51015e-15  4.32767e-24 -3.46925e-15 -5.34376e-24 -1.51827e-15  5.66943e-24  1.49635e-15 -5.12842e-24  8.04126e-17   3.9513e-24 -4.17621e-16  -2.6757e-24  1.97935e-17  1.80267e-24  1.02279e-16 -1.47479e-24 -3.48265e-18  1.44944e-24 -2.30729e-17 -1.37065e-24 -1.52566e-18  1.06959e-24  4.43391e-18 -6.35431e-25  1.02844e-18  2.58107e-25 -5.94204e-19 -4.65792e-26 -3.03672e-19 -1.84488e-26  2.09294e-20  1.48757e-26  5.03402e-20 -1.84553e-27  1.08796e-20 -2.10879e-27 -3.35373e-21  6.47379e-28 -2.28457e-21  6.77108e-28 -3.21844e-22 -6.61621e-28  1.32297e-22  2.27437e-28  7.07434e-23  8.52658e-31  1.07036e-23 -2.81172e-29 -2.14183e-24  7.48266e-30  -1.3949e-24  1.04447e-30 -2.83091e-25 -8.02648e-31 -4.77656e-27  3.05042e-32  1.26742e-26  3.87567e-32  3.67383e-27  4.79361e-33  4.78815e-28 -5.61377e-33 -2.15819e-30  4.67974e-34 -1.41375e-29  1.93544e-34 -3.08414e-30 -9.71621e-36 -3.50739e-31 -6.87518e-36 -1.52373e-32 -7.11904e-37  2.10888e-33  3.96946e-37  4.93051e-34 -2.85949e-38  5.06966e-35  1.64734e-39   3.0419e-36  1.72542e-40  8.39777e-38 -7.57129e-41 -1.98021e-39  7.73792e-42 -2.75793e-40 -1.54976e-43 -1.01325e-41 -4.45061e-44 -1.50906e-43 -1.10177e-46
 1.20839e-35 -2.45498e-21 -8.74799e-36  7.79105e-20 -1.19995e-34 -1.29137e-18  4.66412e-33  1.40428e-17 -7.40622e-32 -1.10514e-16  8.56788e-31  6.64157e-16 -7.57558e-30 -3.14933e-15  5.43755e-29  1.20297e-14 -3.30079e-28 -3.74922e-14  1.73571e-27  9.59927e-14 -7.98621e-27 -2.02204e-13  3.22231e-26  3.48951e-13 -1.13949e-25 -4.87611e-13  3.52881e-25  5.38659e-13 -9.56663e-25 -4.47685e-13     2.27e-24  2.46934e-13 -4.71221e-24 -4.76951e-14  8.54646e-24 -5.09189e-14 -1.35069e-23  4.47172e-14   1.8515e-23 -4.62551e-15 -2.18524e-23 -1.18769e-14  2.19632e-23  4.68718e-15 -1.85129e-23  2.35869e-15  1.28697e-23 -1.57388e-15 -7.41844e-24 -4.84982e-16  4.06567e-24   3.9295e-16 -3.11043e-24  1.24102e-16  3.39804e-24 -7.74787e-17 -3.50416e-24 -3.46676e-17  2.81155e-24  1.02125e-17 -1.63982e-24  8.29205e-18  6.16422e-25 -9.68364e-20 -7.12256e-26 -1.39229e-18 -7.04688e-26 -3.30644e-19  4.10046e-26   1.1375e-19 -7.22469e-28  7.62997e-20 -8.95455e-27  7.91191e-21  3.48582e-27 -6.47024e-21  9.50909e-28 -2.81696e-21 -1.38369e-27 -2.34878e-22  4.87478e-28  1.79742e-22  9.33288e-30  7.48027e-23 -6.11157e-29  9.66532e-24   1.3812e-29 -2.06309e-24   3.1909e-30 -1.18927e-24 -1.71742e-30 -2.33581e-25 -6.79061e-33 -9.28151e-27  8.56874e-32  7.16629e-27  1.64505e-32  2.17742e-27 -1.29874e-32  3.08943e-28  9.07965e-34  1.33091e-29  3.99864e-34  -4.0536e-30 -1.38432e-35 -1.05654e-30 -1.15048e-35 -1.31483e-31 -1.76286e-36 -8.87251e-33  6.05872e-37 -5.50123e-35 -4.35242e-38  5.72988e-35  6.43432e-39  6.67085e-36  3.08097e-40   4.0484e-37 -1.27171e-40   1.3982e-38  1.15099e-41  2.07253e-40 -3.19777e-43 -1.55082e-42 -4.67309e-44 -5.27002e-44
 1.17141e-21  6.64817e-35 -6.64011e-20 -1.19995e-34  1.46775e-18 -1.36297e-33 -1.95456e-17  4.23996e-32  1.80905e-16 -6.22354e-31 -1.24974e-15  6.34576e-30  6.71787e-15 -4.92303e-29 -2.88404e-14  3.13213e-28  1.00532e-13 -1.72543e-27 -2.87335e-13  8.46599e-27  6.76287e-13  -3.7199e-26 -1.30951e-12  1.45433e-25   2.0712e-12 -5.01731e-25  -2.6332e-12  1.51861e-24  2.60568e-12 -4.02064e-24 -1.87055e-12  9.29923e-24  7.86876e-13 -1.87717e-23  4.39706e-14   3.3022e-23 -2.93803e-13  -5.0473e-23  1.40794e-13  6.66731e-23   3.2104e-14  -7.5438e-23 -5.30205e-14  7.20516e-23  4.05549e-15 -5.67343e-23  1.39285e-14  3.54595e-23 -2.63255e-15 -1.67308e-23 -3.37416e-15  6.36082e-24  6.34272e-16 -4.36476e-24  8.01515e-16  6.32908e-24 -6.63866e-17 -7.58428e-24 -1.73309e-16  6.33877e-24 -1.47815e-17 -3.63305e-24  2.89969e-17  1.25272e-24  8.77452e-18 -4.97904e-26 -2.61857e-18 -2.06383e-25 -1.99888e-18  9.97749e-26 -1.72204e-19  2.56891e-27  2.13889e-19 -2.40044e-26  8.39617e-20  9.95095e-27  1.27382e-21  1.00386e-27 -8.30765e-21 -2.54794e-27 -2.69583e-21  9.06528e-28 -1.17445e-22   3.4386e-29   1.7585e-22 -1.16075e-28  6.21306e-23  2.19371e-29  7.43865e-24  7.43961e-30 -1.36335e-24 -3.15798e-30 -7.66308e-25 -1.11173e-31 -1.50198e-25  1.53619e-31  -9.7437e-27   4.0479e-32  2.63577e-27 -2.49487e-32   9.1174e-28  1.45606e-33  1.38985e-28  6.95764e-34  1.01051e-29 -1.07352e-35 -4.30436e-31 -1.64401e-35 -2.15199e-31 -3.39885e-36 -2.92054e-32  7.33283e-37 -2.25739e-33 -6.13133e-38 -8.91615e-35   1.4521e-38  1.04957e-36   6.1388e-40  3.53875e-37 -1.56608e-40  2.05965e-38  1.27268e-41  5.68043e-40 -4.67599e-43  6.83167e-42 -2.87733e-44
 4.05071e-35  4.00256e-20  4.93235e-34 -1.29137e-18 -1.36297e-33  2.17767e-17 -1.32397e-32 -2.41124e-16  3.79259e-31  1.93392e-15 -5.02524e-30 -1.18565e-14  4.41491e-29  5.74194e-14 -2.89945e-28 -2.24289e-13  1.56646e-27  7.15916e-13 -7.53148e-27 -1.88068e-12   3.3731e-26  4.07385e-12 -1.41155e-25 -7.25125e-12  5.39507e-25   1.0495e-11 -1.83837e-24 -1.20881e-11  5.50097e-24  1.06059e-11 -1.43551e-23 -6.38132e-12  3.25898e-23  1.70118e-12 -6.43096e-23  9.85751e-13   1.1017e-22 -1.15861e-12 -1.63386e-22  2.46672e-13  2.08586e-22  2.63294e-13 -2.26903e-22  -1.5273e-13  2.06593e-22 -4.11613e-14 -1.52426e-22  4.80094e-14  8.54328e-23  6.46704e-15 -3.10811e-23 -1.21748e-14  4.04051e-24 -1.75419e-15 -1.45957e-24  2.63492e-15   9.2455e-24  6.48934e-16 -1.44157e-23 -4.42853e-16  1.27001e-23 -2.00099e-16 -7.15468e-24  3.98539e-17  2.25049e-24  4.27961e-17  9.62943e-26  4.15284e-18 -4.92274e-25 -5.25418e-18  2.14146e-25 -2.03003e-18  6.96626e-27  8.69642e-20 -5.03427e-26  2.66838e-19  2.16052e-26  7.18339e-20  6.18406e-28 -4.60945e-21 -4.24512e-27 -8.03402e-21  1.50935e-27 -2.11114e-21  8.81458e-29 -4.24566e-23 -1.97721e-28  1.31273e-22   3.1024e-29  4.17757e-23  1.43282e-29  4.99467e-24 -5.13686e-30 -6.07274e-25 -2.92894e-31  -3.7615e-25  2.33324e-31 -7.51744e-26  8.07511e-32 -6.55817e-27 -4.15784e-32  5.17205e-28  1.95625e-33  2.62433e-28  1.07247e-33   4.2985e-29  8.57151e-36  3.85107e-30 -2.15338e-35  1.07722e-31 -5.38814e-36  -2.1512e-32  6.82009e-37 -3.61767e-33 -8.60492e-38 -2.89667e-34  2.49529e-38 -1.34289e-35  1.13566e-39 -2.95242e-37 -1.46579e-40  2.33932e-39  1.05602e-41  2.64544e-40 -4.55021e-43  3.34893e-42
-1.50813e-20 -4.59796e-34  8.69119e-19  4.66412e-33 -1.95456e-17 -1.32397e-32  2.65024e-16 -1.29609e-31  -2.4998e-15  3.52786e-30  1.76161e-14 -4.11819e-29 -9.66985e-14  3.07078e-28  4.24443e-13 -1.66799e-27 -1.51482e-12  7.29387e-27  4.44025e-12 -2.85532e-26 -1.07397e-11  1.10307e-25   2.1426e-11 -4.32425e-25  -3.5038e-11  1.63685e-24  4.62935e-11 -5.62652e-24  -4.8019e-11   1.6956e-23  3.67929e-11 -4.42123e-23 -1.75721e-11  9.94632e-23  1.04894e-12 -1.93123e-22  5.34798e-12  3.23676e-22 -3.31213e-12 -4.67374e-22 -2.23058e-13   5.7831e-22   1.0968e-12 -6.06512e-22 -2.31267e-13  5.28061e-22 -2.64681e-13 -3.66305e-22  9.64061e-14  1.83857e-22  6.18268e-14 -4.65411e-23 -2.45362e-14 -1.45897e-23  -1.5353e-14  1.40594e-23   4.2408e-15  9.47484e-24  3.73618e-15  -2.4687e-23 -2.75299e-16  2.31111e-23 -7.52686e-16 -1.27808e-23 -1.09035e-16  3.66113e-24  9.95824e-17  4.62533e-25  4.20756e-17 -9.94742e-25 -3.11585e-18  4.08062e-25 -6.55408e-18  8.25297e-27 -1.53441e-18 -8.90704e-26  2.93741e-19  3.95263e-26  2.53311e-19 -4.56223e-28  5.01004e-20 -6.49445e-27  -6.8857e-21  2.29444e-27 -6.18091e-21  1.80584e-28 -1.39902e-21 -3.06186e-28 -1.84445e-23  4.00387e-29  7.64148e-23  2.36831e-29  2.29344e-23 -7.51363e-30  2.87308e-24 -5.34682e-31 -1.51868e-25  3.08954e-31 -1.38233e-25  1.38202e-31 -2.87295e-26 -6.18558e-32 -2.99981e-27  2.14475e-33   -2.358e-29  1.52243e-33  4.77405e-29  5.30778e-35  8.77742e-30 -2.75357e-35  8.62575e-31 -7.27473e-36  4.57891e-32  3.89073e-37  4.65667e-35 -1.20419e-37 -2.05085e-34  3.54847e-38 -1.73295e-35  1.75957e-39 -7.32314e-37 -1.03706e-40 -1.57349e-38  6.36358e-42 -1.22624e-40 -2.65346e-43
 5.82066e-34 -4.27797e-19 -7.46893e-33  1.40428e-17  4.23996e-32 -2.41124e-16 -1.29609e-31  2.72083e-15 -1.32235e-30 -2.22594e-14  3.28197e-29  1.39347e-13 -3.33708e-28 -6.89864e-13   2.1379e-27  2.75837e-12 -9.74986e-27 -9.02642e-12  3.40805e-26  2.43545e-11 -1.00197e-25 -5.43096e-11  2.93349e-25  9.98132e-11 -1.01069e-24 -1.49785e-10  3.88278e-24  1.80028e-10 -1.40982e-23 -1.66749e-10  4.43362e-23   1.0896e-10 -1.18166e-22 -3.66877e-11  2.67117e-22 -1.09707e-11 -5.14733e-22  1.94173e-11  8.48658e-22 -6.35028e-12 -1.19762e-21 -3.53512e-12  1.44047e-21  3.07395e-12 -1.46038e-21  2.88381e-13  1.21948e-21 -9.08634e-13 -7.98224e-22  1.82311e-14  3.58752e-22  2.30989e-13  -5.0583e-23 -3.13279e-15  -7.1461e-23 -5.35409e-14  5.64858e-23   -4.364e-15  2.51798e-24  1.05388e-14 -3.88665e-23  2.59087e-15  3.87127e-23 -1.44492e-15 -2.09427e-23 -7.66438e-16    5.472e-24   5.0398e-17  1.11983e-24  1.29644e-16 -1.74808e-24  2.85372e-17  6.98115e-25 -8.84421e-18 -2.09797e-27 -6.10708e-18 -1.38068e-25 -8.69073e-19  6.40299e-26  3.60472e-19 -2.51844e-27  1.94377e-19 -9.20255e-27  2.97398e-20  3.22332e-27 -5.88287e-21   3.1311e-28 -3.88459e-21 -4.33901e-28 -7.98311e-22  4.82263e-29 -1.69418e-23  3.42488e-29  3.46287e-23 -9.97817e-30  1.02064e-23 -7.94915e-31  1.36376e-24  3.64972e-31   6.8591e-27  2.09658e-31 -3.62631e-26 -8.38245e-32 -8.11201e-27  1.70238e-33 -9.43104e-28  2.05124e-33  -4.6774e-29  1.27718e-34  4.12257e-30 -3.55854e-35  1.08826e-30  -8.6041e-36  1.12767e-31 -1.43617e-37  6.76845e-33 -1.60041e-37   2.0564e-34  4.32145e-38 -1.23525e-36  2.22708e-39 -3.51765e-37 -5.24869e-41 -1.13253e-38  2.50577e-42 -1.03233e-40
 1.34728e-19  8.96433e-33 -7.89995e-18 -7.40622e-32  1.80905e-16  3.79259e-31  -2.4998e-15 -1.32235e-30   2.4051e-14 -1.29706e-29 -1.73053e-13  2.83796e-28  9.70984e-13 -2.53078e-27 -4.36191e-12  1.42976e-26  1.59554e-11 -5.69902e-26 -4.80158e-11   1.6629e-25   1.1948e-10 -3.59466e-25 -2.45866e-10  6.23417e-25  4.16166e-10 -1.39662e-24 -5.72007e-10  5.94517e-24  6.22319e-10  -2.6728e-23 -5.08405e-10  9.58979e-23  2.72092e-10 -2.73058e-22 -4.34426e-11  6.34287e-22 -6.52256e-11 -1.22764e-21  5.27394e-11  2.00468e-21 -3.70247e-12  -2.7764e-21 -1.51768e-11   3.2556e-21  5.54871e-12 -3.19879e-21  3.19869e-12  2.56919e-21 -2.00045e-12  -1.5928e-21  -6.8013e-13  6.41849e-22  5.22664e-13 -1.86116e-23  1.75543e-13 -1.99293e-22 -1.07119e-13  1.44737e-22 -4.95971e-14 -1.69792e-23  1.47198e-14 -5.72269e-23  1.21598e-14    6.014e-23 -1.89892e-16 -3.16289e-23  -2.1149e-15  7.56298e-24 -4.96333e-16  2.06072e-24  1.82413e-16 -2.71908e-24  1.19957e-16  1.08627e-24  1.16912e-17 -3.71979e-26 -1.06938e-17  -1.9185e-25 -4.56528e-18  9.46443e-26 -3.53238e-19 -5.88173e-27  3.05698e-19 -1.21417e-26  1.24683e-19   4.2103e-27  1.57141e-20  4.72581e-28 -3.59054e-21 -5.63558e-28 -2.01352e-21  5.56545e-29 -3.92584e-22  4.36358e-29 -1.55346e-23 -1.20987e-29  1.19169e-23 -1.02385e-30  3.60822e-24  3.93517e-31  5.13086e-25  2.87904e-31  2.38044e-26 -1.05041e-31 -6.03998e-27  3.78097e-34 -1.60759e-27  2.67767e-33 -1.99967e-28  2.29459e-34 -1.37589e-29 -4.61443e-35 -1.95116e-31 -9.17421e-36   6.6286e-32 -8.34352e-37  7.81609e-33 -1.92602e-37  4.54457e-34  4.56404e-38  1.46712e-35  2.29342e-39  2.12879e-37 -1.56423e-41 -6.27174e-41  4.48532e-43
-6.27263e-33  3.30613e-18  9.91895e-32 -1.10514e-16 -6.22354e-31  1.93392e-15  3.52786e-30 -2.22594e-14 -1.29706e-29  1.85935e-13 -1.14039e-28  -1.1897e-12  2.18518e-27  6.02725e-12 -1.73212e-26 -2.46951e-11  8.82879e-26  8.29398e-11 -3.19111e-25 -2.30107e-10  8.28283e-25  5.28859e-10 -1.43421e-24 -1.00476e-09  1.09507e-24  1.56509e-09  1.53288e-24 -1.96471e-09 -2.25876e-24  1.92145e-09  -2.5473e-23 -1.35889e-09  1.57452e-22  5.50239e-10 -5.35075e-22  5.91945e-11  1.33058e-21 -2.31336e-10 -2.63318e-21  1.05236e-10  4.29598e-21  2.89536e-11  -5.8669e-21 -4.28109e-11  6.72717e-21   2.5966e-12 -6.42164e-21  1.17749e-11  4.97431e-21 -2.14564e-12 -2.93194e-21 -2.94714e-12  1.06229e-21  5.57539e-13  8.58451e-23  7.21167e-13 -4.36833e-22 -6.47602e-14  2.97479e-22 -1.61554e-13 -5.28393e-23 -1.23575e-14 -8.00002e-23  2.83214e-14  8.69288e-23  8.26396e-15 -4.40174e-23 -2.77432e-15   9.6591e-24  -2.0026e-15  3.15543e-24 -1.43021e-16 -3.78766e-24  2.29674e-16  1.55809e-24  8.61029e-17 -1.13259e-25 -2.31074e-19 -2.42946e-25 -9.18759e-18  1.30211e-25 -2.85344e-18 -1.07258e-26 -8.52845e-20 -1.49539e-26  2.01076e-19   5.1155e-27  6.81235e-20  6.27084e-28  7.67849e-21 -6.68585e-28  -1.6357e-21  6.36563e-29 -8.57606e-22  4.87389e-29 -1.63977e-22   -1.343e-29   -1.014e-23 -1.18291e-30   2.9217e-24  3.96708e-31  9.79997e-25  3.62798e-31  1.47032e-25 -1.23137e-31   1.0676e-26 -1.84355e-33 -3.81281e-28  3.42178e-33 -2.04164e-28  3.45848e-34 -2.72214e-29 -5.81989e-35 -2.05915e-30 -9.11817e-36 -8.22409e-32 -1.53105e-36  2.12981e-34 -2.04137e-37  2.20737e-34   4.1795e-38  1.18806e-35  1.90773e-39    2.734e-37  9.05443e-44  1.98171e-39
 -8.9671e-19 -9.65086e-32  5.35467e-17  8.56788e-31 -1.24974e-15 -5.02524e-30  1.76161e-14  3.28197e-29 -1.73053e-13 -1.14039e-28  1.27266e-12 -8.75972e-28 -7.30681e-12  1.47985e-26  3.36306e-11 -1.05591e-25 -1.26227e-10  4.93141e-25  3.90448e-10 -1.65386e-24 -1.00073e-09  3.99813e-24   2.1267e-09 -6.25103e-24 -3.73047e-09  2.37704e-24  5.33984e-09  1.88156e-23 -6.09779e-09 -5.92988e-23  5.30761e-09  6.81337e-23 -3.15259e-09  1.24596e-22   7.8731e-10 -8.38638e-22  5.55204e-10  2.44399e-21 -6.13811e-10 -5.09046e-21  1.22432e-10   8.3948e-21  1.48204e-10 -1.13671e-20 -8.44997e-11   1.2785e-20 -2.40517e-11  -1.1885e-20  2.79161e-11  8.90205e-21   3.7468e-12 -5.00748e-21  -7.3767e-12  1.63843e-21 -1.00024e-12  3.04642e-22  1.66897e-12 -8.17628e-22  3.87084e-13  5.24764e-22 -2.97579e-13 -1.03949e-22 -1.27012e-13 -1.07583e-22  3.03112e-14  1.16908e-22  2.90072e-14 -5.61699e-23  2.14929e-15  1.13076e-23 -3.86881e-15  4.13973e-24 -1.38581e-15 -4.75861e-24   1.0618e-16  2.08819e-24  2.00783e-16 -2.45526e-25  4.99358e-17 -2.84576e-25  -5.0242e-18  1.68865e-25 -6.25659e-18 -1.68409e-26 -1.53647e-18 -1.71729e-26  2.17196e-21  5.75035e-27  1.06677e-19  7.24097e-28  3.19241e-20 -7.17218e-28  3.50594e-21   7.4909e-29 -5.45044e-22   4.6601e-29 -2.95374e-22 -1.36363e-29 -5.66541e-23 -1.25459e-30 -4.67424e-24  3.81378e-31  4.22053e-25  4.22813e-31  1.94037e-25 -1.36359e-31  3.07005e-26 -4.60913e-33  2.67583e-27   4.2879e-33  7.56727e-29  4.57586e-34 -1.32241e-29 -6.93244e-35 -2.15645e-30  -8.7485e-36 -1.63838e-31 -2.05314e-36 -7.13881e-33 -1.88012e-37 -1.50944e-34  3.28674e-38  3.06408e-37  1.25484e-39  6.40112e-38   2.0783e-42
 5.91877e-32 -1.94927e-17 -9.75968e-31  6.64157e-16  6.34576e-30 -1.18565e-14 -4.11819e-29  1.39347e-13  2.83796e-28  -1.1897e-12 -8.75972e-28  7.78916e-12 -5.87311e-27 -4.04276e-11  8.83558e-26  1.69935e-10 -5.73252e-25 -5.86471e-10  2.47712e-24  1.67516e-09 -7.80231e-24 -3.97307e-09  1.79744e-23   7.8128e-09 -2.72847e-23 -1.26476e-08  1.09856e-23  1.65998e-08  7.89969e-23 -1.71469e-08 -2.77027e-22  1.30901e-08  4.92162e-22 -6.18335e-09 -3.53443e-22  2.38039e-10 -8.36293e-22  2.04986e-09    3.835e-21 -1.25321e-09 -8.86145e-21 -9.80693e-11  1.50146e-20  4.36695e-10 -2.02883e-20 -9.45719e-11  2.24553e-20 -1.08551e-10 -2.03757e-20  4.17804e-11  1.47951e-20  2.58773e-11  -7.9735e-21 -1.12622e-11  2.37046e-21 -6.61334e-12  6.71853e-22   2.1189e-12 -1.35442e-21   1.6872e-12  8.18487e-22 -1.86675e-13 -1.61008e-22 -3.62621e-13 -1.40668e-22 -4.13934e-14  1.45837e-22   5.2676e-14  -6.4975e-23  1.99901e-14  1.19202e-23 -2.47234e-15  4.64573e-24 -3.48287e-15  -5.4086e-24 -7.14066e-16  2.65076e-24  1.95264e-16 -4.41639e-25  1.38415e-16 -3.13634e-25  2.40458e-17  2.07756e-25 -4.95863e-18 -2.33981e-26 -3.52811e-18 -1.82524e-26 -7.29167e-19  5.90747e-27  1.08391e-20  6.92346e-28    4.614e-20 -6.80211e-28  1.27737e-20  9.28291e-29  1.45432e-21  3.54737e-29 -1.18833e-22 -1.25629e-29 -7.98365e-23 -1.23713e-30 -1.56326e-23  3.49483e-31 -1.53897e-24  4.56517e-31 -6.80032e-28 -1.43999e-31  2.54846e-26 -7.19576e-33  4.40297e-27  5.24837e-33  4.12426e-28  5.44646e-34   2.0907e-29  -7.6526e-35  4.36823e-32 -8.28889e-36 -7.89187e-32 -2.25907e-36 -6.09739e-33 -1.49331e-37 -2.25718e-34  2.17756e-38  -3.9606e-36  6.20247e-40 -1.95766e-38
 4.63444e-18  8.34948e-31 -2.82118e-16 -7.57558e-30  6.71787e-15  4.41491e-29 -9.66985e-14 -3.33708e-28  9.70984e-13  2.18518e-27 -7.30681e-12 -5.87311e-27  4.29773e-11 -3.46386e-26 -2.02916e-10  4.68559e-25  7.82457e-10 -2.78603e-24 -2.49096e-09  1.12094e-23  6.58471e-09 -3.33582e-23 -1.44706e-08  7.38704e-23  2.63391e-08 -1.11563e-22 -3.93114e-08  6.15163e-23  4.71591e-08  2.37767e-22 -4.37159e-08 -9.24161e-22   2.8612e-08  1.83451e-21  -9.5463e-09 -2.16564e-21 -3.17513e-09  4.45247e-22  5.44846e-09  4.80332e-21 -1.80963e-09  -1.3819e-20 -1.01929e-09   2.4643e-20  9.19714e-10 -3.34851e-20  7.32109e-11  3.65922e-20 -2.81319e-10 -3.24848e-20  1.26176e-11  2.29276e-20  7.40146e-11  -1.1888e-20 -3.45621e-12  3.23767e-21 -1.79543e-11  1.19732e-21  -7.9674e-13 -2.02488e-21  3.77345e-12  1.14575e-21  7.71584e-13 -2.05015e-22 -5.75701e-13 -1.80206e-22 -2.64676e-13   1.6756e-22  3.31819e-14 -6.64953e-23   5.0306e-14  1.09109e-23  9.08754e-15  4.27052e-24 -4.18778e-15  -5.5573e-24 -2.39864e-15  3.22983e-24 -2.56539e-16 -6.94064e-25  1.73078e-16 -3.32539e-25  7.93458e-17  2.42632e-25  9.90819e-18 -2.89493e-26 -3.16053e-18  -1.7599e-26 -1.68006e-18  5.41935e-27 -3.09085e-19  4.50365e-28  3.09827e-21 -5.40539e-28  1.61554e-20   1.2012e-28  4.29628e-21  1.56672e-29  5.20693e-22 -1.02148e-29 -8.47498e-24 -1.12927e-30  -1.6093e-23  2.91489e-31 -3.29792e-24  4.54001e-31 -3.59077e-25 -1.46558e-31 -1.56724e-26 -8.69999e-33  1.72086e-27  6.23077e-33  3.94372e-28  5.93213e-34  3.78991e-29 -7.73476e-35  2.10837e-30 -7.71591e-36  5.88884e-32 -2.10896e-36 -2.61761e-34 -1.01512e-37 -7.19284e-35  1.17621e-38 -1.70189e-36  2.00532e-40
-4.54428e-31  9.05828e-17  7.72151e-30 -3.14933e-15 -4.92303e-29  5.74194e-14  3.07078e-28 -6.89864e-13 -2.53078e-27  6.02725e-12  1.47985e-26 -4.04276e-11 -3.46386e-26   2.1524e-10 -1.81457e-25 -9.29403e-10  2.22573e-24  3.30036e-09 -1.22036e-23 -9.71869e-09  4.59144e-23  2.38199e-08 -1.29471e-22 -4.85493e-08  2.76144e-22   8.1788e-08 -4.15515e-22 -1.12362e-07  2.89369e-22  1.22654e-07  5.67828e-22 -1.00876e-07 -2.55368e-21   5.4478e-08  5.33841e-21 -8.66882e-09 -7.18652e-21 -1.37046e-08  5.09471e-21  1.13436e-08  3.64579e-21 -9.42403e-10 -1.90657e-20 -3.34423e-09  3.71725e-20  1.33244e-09  -5.1263e-20  7.01467e-10  5.54986e-20 -4.96738e-10 -4.83182e-20 -1.46011e-10  3.32481e-20  1.36141e-10 -1.66655e-20  3.84876e-11  4.20344e-21 -2.99985e-11  1.85363e-21 -1.17539e-11 -2.76616e-21  4.73425e-12  1.44919e-21  3.17925e-12 -2.08754e-22 -2.49212e-13 -2.27104e-22 -6.19202e-13  1.74785e-22 -1.13414e-13  -5.6746e-23    6.501e-14  7.92189e-24  3.46553e-14  2.66406e-24  1.63352e-15 -5.13941e-24 -3.73289e-15  3.82389e-24 -1.34551e-15 -9.74764e-25 -4.18383e-17 -3.48778e-25  1.12159e-16  2.67675e-25   3.8959e-17 -3.17989e-26  3.66576e-18 -1.46301e-26 -1.52156e-18  4.23302e-27 -6.79185e-19 -7.52329e-29 -1.16902e-19 -3.01955e-28 -1.07893e-21  1.56775e-28  4.47012e-21  -1.0191e-29  1.18323e-21 -6.66524e-30   1.5248e-22 -9.18739e-31  4.72968e-24  1.88854e-31 -2.19148e-24  4.08665e-31  -5.0217e-25 -1.45478e-31 -5.76395e-26 -8.37371e-33 -3.62035e-27  7.11384e-33 -2.86762e-29  5.99874e-34  1.79351e-29  -7.0779e-35   1.8537e-30 -6.83768e-36  9.55369e-32 -1.68343e-36   2.6457e-33 -5.83386e-38  3.04292e-35  4.87453e-39 -3.80219e-39
 -1.9085e-17 -5.92612e-30   1.1857e-15  5.43755e-29 -2.88404e-14 -2.89945e-28  4.24443e-13   2.1379e-27 -4.36191e-12 -1.73212e-26  3.36306e-11  8.83558e-26 -2.02916e-10 -1.81457e-25  9.84137e-10 -8.52213e-25 -3.90421e-09  9.54648e-24  1.28101e-08 -4.85071e-23  -3.4976e-08  1.71197e-22  7.96009e-08 -4.58078e-22 -1.50563e-07   9.4034e-22  2.34625e-07 -1.40112e-21 -2.95981e-07  1.12561e-21  2.92171e-07  1.08038e-21 -2.09581e-07 -6.15479e-21  8.67719e-08  1.33071e-20  8.83009e-09 -1.88214e-20 -3.77054e-08  1.68286e-20  1.81696e-08 -2.72824e-21   4.4222e-09 -2.26276e-20 -7.53551e-09  5.15602e-20   7.3936e-10 -7.29708e-20  2.10391e-09  7.85338e-20  -4.9917e-10 -6.72301e-20 -5.37611e-10  4.52701e-20  1.40034e-10 -2.20672e-20   1.3747e-10  5.22943e-21 -2.23281e-11  2.57389e-21 -3.31629e-11 -3.48354e-21 -3.94451e-13  1.65626e-21  6.47875e-12 -1.41548e-22  1.45233e-12 -2.81663e-22  -7.8115e-13  1.60367e-22 -4.36834e-13 -3.27541e-23 -2.33242e-15  3.08201e-24  6.04151e-14   -3.875e-25  1.84495e-14 -4.25117e-24  -1.4839e-15   4.4423e-24 -2.47423e-15 -1.23557e-24 -6.37329e-16 -3.71845e-25  2.04205e-17  2.76038e-25  5.82631e-17 -3.06956e-26  1.66748e-17 -8.87583e-27  1.30489e-18   2.4704e-27 -5.73628e-19 -9.22806e-28 -2.31629e-19  7.23414e-30 -3.87544e-20  1.98433e-28  -1.3661e-21 -3.76507e-29  9.30713e-22 -1.96976e-30  2.57116e-22 -5.87107e-31  3.47477e-23  2.54651e-32  2.10763e-24  3.19551e-31  -1.4886e-25 -1.42411e-31 -5.04961e-26 -5.96298e-33 -6.01569e-27  7.74167e-33 -4.12482e-28  5.70927e-34 -1.43853e-29 -5.77189e-35  1.13476e-31 -5.52874e-36  3.65054e-32 -1.14234e-36  1.56654e-33 -2.76822e-38  2.55696e-35  1.33805e-39
 2.89426e-30 -3.38661e-16 -5.07929e-29  1.20297e-14  3.13213e-28 -2.24289e-13 -1.66799e-27  2.75837e-12  1.42976e-26 -2.46951e-11 -1.05591e-25  1.69935e-10  4.68559e-25 -9.29403e-10 -8.52213e-25  4.12857e-09 -3.61811e-24 -1.51078e-08  3.72389e-23  4.59355e-08  -1.7607e-22 -1.16524e-07  5.84322e-22  2.46544e-07 -1.48466e-21 -4.32866e-07  2.92843e-21  6.23282e-07 -4.28829e-21 -7.19529e-07  3.73739e-21  6.36665e-07  1.49636e-21  -3.8765e-07 -1.32761e-20  1.02668e-07  2.95206e-20  6.75642e-08 -4.24676e-20 -8.04956e-08  4.12505e-20  1.87607e-08 -1.88198e-20   1.9116e-08 -2.14846e-20 -1.24945e-08  6.57195e-20 -2.75079e-09 -9.67415e-20  4.20912e-09  1.03852e-19  2.98563e-10 -8.76923e-20 -1.15578e-09  5.80733e-20 -7.63509e-11  -2.7746e-20  2.79209e-10  6.29571e-21  4.33557e-11  3.26459e-21 -5.55558e-11 -4.07326e-21 -1.81633e-11  1.69547e-21  7.24302e-12  2.37503e-23  4.92691e-12 -3.42793e-22 -2.36785e-14  1.18755e-22 -7.89251e-13  6.39707e-24 -2.18838e-13 -2.79854e-24  4.32726e-14 -4.90364e-24    4.074e-14 -3.15137e-24  7.71546e-15  5.09438e-24 -1.85908e-15 -1.41613e-24 -1.33329e-15 -4.08561e-25 -2.62495e-16  2.61235e-25  2.15466e-17 -2.55749e-26  2.50653e-17 -1.28968e-28   6.2666e-18  4.39821e-28  4.69699e-19 -2.06821e-27 -1.68242e-19  3.37522e-28 -6.54921e-20   2.3621e-28 -1.09089e-20 -6.15151e-29 -6.58384e-22   3.8312e-30  1.30871e-22 -1.32689e-31  4.18525e-23  -1.9877e-31  5.85772e-24  1.93578e-31  4.48057e-25 -1.38292e-31  6.64371e-27 -1.87255e-33 -2.78311e-27  7.96278e-33 -3.68642e-28  5.17615e-34 -2.45544e-29  -4.0847e-35 -9.25426e-31 -3.90757e-36 -1.57392e-32 -6.47387e-37  6.36537e-35 -1.03048e-38  3.64943e-36
 6.36416e-17  3.53239e-29  -4.0407e-15 -3.30079e-28  1.00532e-13  1.56646e-27 -1.51482e-12 -9.74986e-27  1.59554e-11  8.82879e-26 -1.26227e-10 -5.73252e-25  7.82457e-10  2.22573e-24 -3.90421e-09 -3.61811e-24  1.59599e-08 -1.39865e-23 -5.40589e-08  1.32948e-22  1.52701e-07 -5.86943e-22 -3.60498e-07  1.83518e-21  7.09732e-07 -4.42933e-21  -1.1565e-06  8.37902e-21  1.53605e-06 -1.19741e-20 -1.61498e-06  1.08749e-20  1.26466e-06  7.80008e-22 -6.23301e-07 -2.60469e-20  4.10843e-08   5.9501e-20  2.04318e-07 -8.55843e-20 -1.37326e-07  8.54673e-20 -3.67204e-09 -4.98489e-20  4.74505e-08 -1.21908e-20 -1.34128e-08  7.68224e-20 -1.15525e-08 -1.19536e-19  5.77475e-09  1.28408e-19  2.71264e-09 -1.07389e-19 -1.64457e-09  7.04496e-20 -7.20125e-10 -3.33464e-20  3.51814e-10  7.41969e-21  2.02479e-10  3.83192e-21 -4.69436e-11 -4.45252e-21 -4.96036e-11   1.5145e-21 -1.27761e-12  3.03545e-22  8.59489e-12 -4.07162e-22   2.4001e-12  4.71887e-23 -6.83202e-13  5.88752e-23 -5.43131e-13 -8.19987e-24 -7.18945e-14 -1.06868e-23  4.43618e-14 -2.21089e-24  2.20566e-14  5.77547e-24  2.48982e-15 -1.45834e-24 -1.25208e-15 -4.58626e-25 -6.07071e-16  2.19079e-25 -9.67844e-17 -1.79761e-26  1.08324e-17  1.14004e-26  9.00954e-18 -1.42001e-27  2.05908e-18 -3.41044e-27  1.66186e-19  6.28354e-28   -3.671e-20  2.58697e-28 -1.49104e-20 -7.70915e-29 -2.50307e-21  1.06021e-29 -1.99697e-22  4.01708e-31  8.25518e-24 -4.61006e-31  4.70679e-24  4.63051e-32  6.86735e-25 -1.32777e-31  5.66564e-26  2.94689e-33  2.37686e-27   7.6845e-33 -3.00006e-29  4.50505e-34 -1.07027e-29 -2.38286e-35 -6.60953e-31  -2.3047e-36 -1.94805e-32 -2.95988e-37 -2.38275e-34 -2.61869e-39
-1.55843e-29  1.03156e-15  2.84341e-28 -3.74922e-14 -1.72543e-27  7.15916e-13  7.29387e-27 -9.02642e-12 -5.69902e-26  8.29398e-11  4.93141e-25 -5.86471e-10 -2.78603e-24  3.30036e-09  9.54648e-24 -1.51078e-08 -1.39865e-23  5.70676e-08 -4.95398e-23  -1.7947e-07   4.3683e-22  4.72017e-07 -1.80606e-21 -1.03856e-06  5.32878e-21  1.90361e-06 -1.22189e-20 -2.87719e-06  2.21271e-20   3.5161e-06 -3.06697e-20 -3.34452e-06  2.82462e-20   2.2734e-06 -3.57498e-21 -8.22779e-07 -4.70592e-20 -2.16939e-07   1.1042e-19  4.54516e-07 -1.57014e-19 -1.77202e-07  1.56716e-19 -7.64184e-08 -1.00145e-19  8.69016e-08  7.84603e-21  6.20818e-11  8.20472e-20 -2.66096e-08 -1.37551e-19  3.57923e-09  1.48286e-19  7.16682e-09 -1.23559e-19  -1.0701e-09  8.11704e-20 -1.84634e-09 -3.86264e-20  1.08804e-10  8.66325e-21   4.3107e-10  4.21367e-21  4.44629e-11 -4.58539e-21 -7.81602e-11  1.09369e-21 -2.53648e-11  6.98224e-22  7.63307e-12  -4.6859e-22  6.16715e-12 -5.36436e-23  5.62714e-13  1.20022e-22 -7.04346e-13 -1.10971e-23 -2.87917e-13 -1.73369e-23 -6.07004e-15 -1.82167e-24  2.94498e-14  6.45562e-24  1.00409e-14 -1.32295e-24  5.77161e-16 -5.12443e-25 -6.26491e-16  1.49472e-25  -2.3796e-16 -1.08512e-26 -3.27874e-17  2.49961e-26  3.69789e-18 -2.65256e-27  2.68865e-18 -4.78258e-27   5.8179e-19  8.21969e-28  5.29618e-20  2.55757e-28 -5.23058e-21 -8.11908e-29 -2.61441e-21  1.79583e-29  -4.4633e-22  9.17439e-31 -4.10612e-23 -7.19932e-31 -9.35529e-25 -1.00107e-31  3.09607e-25 -1.24438e-31  5.11168e-26  7.34587e-33  4.20293e-27  6.91679e-33  1.99467e-28  3.76419e-34  4.24612e-30 -1.00342e-35 -6.16568e-32 -1.05991e-36 -5.19047e-33 -1.02003e-37 -6.61923e-35
 -1.7345e-16 -1.79675e-28  1.12723e-14  1.73571e-27 -2.87335e-13 -7.53148e-27  4.44025e-12  3.40805e-26 -4.80158e-11 -3.19111e-25  3.90448e-10  2.47712e-24 -2.49096e-09 -1.22036e-23  1.28101e-08  3.72389e-23 -5.40589e-08 -4.95398e-23  1.89376e-07 -1.61655e-22 -5.54466e-07  1.32745e-21   1.3604e-06 -5.15294e-21 -2.79288e-06  1.43661e-20  4.76716e-06 -3.12957e-20 -6.67595e-06   5.4154e-20  7.48012e-06 -7.24182e-20 -6.37669e-06  6.63331e-20  3.64613e-06 -1.63042e-20 -7.33826e-07  -7.9181e-20 -8.49144e-07  1.90485e-19  8.14698e-07 -2.65314e-19 -1.24054e-07  2.59937e-19 -2.28308e-07 -1.70807e-19    1.178e-07  3.87002e-20  4.25856e-08  7.95789e-20 -4.34999e-08 -1.46899e-19 -7.42667e-09  1.59313e-19  1.24377e-08 -1.33507e-19  1.97439e-09  8.92961e-20 -3.00908e-09 -4.35532e-20 -7.52953e-10   1.0119e-20  5.71567e-10  4.40557e-21  2.55495e-10 -4.49428e-21 -6.18555e-11  4.50188e-22 -6.14114e-11  1.19038e-21 -4.70027e-12 -5.18072e-22  8.61085e-12 -1.79556e-22  3.16954e-12  1.82986e-22 -2.36263e-13 -9.39122e-24 -4.74606e-13 -2.42976e-23 -1.22779e-13 -2.28993e-24  1.08139e-14  7.07549e-24  1.52517e-14  -1.0028e-24  3.95891e-15 -5.52355e-25  7.38082e-17  5.72134e-26 -2.50716e-16 -7.74016e-27 -8.07848e-17   3.9482e-26 -1.03126e-17 -2.91413e-27   8.6773e-19 -5.99026e-27  6.53055e-19  8.76319e-28  1.37413e-19  2.22614e-28  1.39689e-20 -7.26573e-29 -2.28436e-22  2.51808e-29 -3.28642e-22  1.28037e-30 -5.83612e-23 -9.29342e-31 -5.69504e-24 -2.21905e-31  -2.7996e-25 -1.11715e-31  5.28593e-27  1.03882e-32  2.03801e-27  5.77897e-33  1.63475e-28  2.99093e-34  6.88421e-30 -1.33087e-36  1.47586e-31 -3.26598e-37  1.05158e-33 -2.24485e-38
 7.18374e-29  -2.5767e-15 -1.37284e-27  9.59927e-14  8.46599e-27 -1.88068e-12 -2.85532e-26  2.43545e-11   1.6629e-25 -2.30107e-10 -1.65386e-24  1.67516e-09  1.12094e-23 -9.71869e-09 -4.85071e-23  4.59355e-08  1.32948e-22  -1.7947e-07 -1.61655e-22  5.84964e-07 -4.88323e-22 -1.59835e-06   3.7471e-21   3.6645e-06 -1.36874e-20 -7.02586e-06  3.60967e-20  1.11666e-05 -7.46944e-20 -1.44643e-05  1.23286e-19  1.47868e-05 -1.58313e-19  -1.1143e-05  1.42124e-19  5.06382e-06 -4.46468e-20  1.28097e-07 -1.25509e-19 -2.04235e-06  3.07742e-19  1.17749e-06 -4.16167e-19  1.50184e-07  3.94751e-19 -4.64077e-07 -2.57329e-19  9.35871e-08  7.65015e-20  1.25157e-07   6.9488e-20  -4.8001e-08 -1.44375e-19 -3.16349e-08  1.57783e-19  1.42587e-08 -1.35147e-19  8.52728e-09  9.44151e-20 -2.95939e-09 -4.83236e-20  -2.3203e-09  1.18734e-20  3.10472e-10  4.47186e-21  5.38428e-10 -4.25182e-21  5.33721e-11 -3.67811e-22 -8.54336e-11  1.74685e-21 -3.12279e-11 -5.44789e-22  4.79003e-12  -3.2334e-22  5.95963e-12  2.39958e-22  1.17392e-12 -1.46966e-24 -3.66688e-13 -3.09284e-23 -2.49462e-13 -3.74534e-24 -4.29396e-14  7.55214e-24  9.23256e-15 -5.27442e-25  6.53994e-15  -5.5717e-25  1.38263e-15 -4.86073e-26 -4.03306e-18 -1.15813e-26 -8.18859e-17  5.34228e-26 -2.36236e-17 -2.07391e-27  -2.9607e-18 -6.86618e-27    1.143e-19  7.73171e-28  1.24584e-19  1.62324e-28  2.60987e-20 -5.24698e-29  2.86277e-21  3.12855e-29  9.10657e-23  1.36943e-30 -2.55822e-23 -1.05356e-30 -5.16597e-24 -3.00253e-31 -5.08244e-25 -9.40869e-32 -2.89276e-26  1.16331e-32 -6.93873e-28  4.46271e-33  2.50771e-29   2.2197e-34  2.54163e-30  2.39602e-36  7.55939e-32  -2.9885e-38   6.7748e-34
 3.87738e-16  7.87788e-28 -2.58439e-14 -7.98621e-27  6.76287e-13   3.3731e-26 -1.07397e-11 -1.00197e-25   1.1948e-10  8.28283e-25 -1.00073e-09 -7.80231e-24  6.58471e-09  4.59144e-23  -3.4976e-08  -1.7607e-22  1.52701e-07   4.3683e-22 -5.54466e-07 -4.88323e-22  1.68637e-06 -1.37142e-21 -4.30951e-06  9.86384e-21  9.24584e-06 -3.39713e-20 -1.65653e-05   8.4821e-20  2.45025e-05 -1.66671e-19 -2.92855e-05   2.6192e-19    2.713e-05 -3.21566e-19 -1.76966e-05  2.79621e-19  5.64747e-06 -9.73208e-20   2.4863e-06 -1.89695e-19 -3.85875e-06  4.68365e-19   1.2562e-06 -6.09361e-19  7.96383e-07   5.5286e-19 -7.22051e-07   -3.483e-19 -5.77492e-08  1.13003e-19  2.38732e-07  5.40928e-20 -1.50436e-08 -1.28068e-19 -6.72566e-08  1.41125e-19  5.14192e-09 -1.27406e-19  1.75811e-08  9.67213e-20  1.88425e-10 -5.32841e-20 -4.04559e-09   1.3954e-20 -6.91978e-10  4.53479e-21   6.9478e-10  -3.9564e-21   2.8712e-10 -1.29365e-21 -5.35508e-11  2.32394e-21 -6.21817e-11 -5.38159e-22 -9.46952e-12  -4.7558e-22  6.03146e-12  2.83713e-22  3.11161e-12  1.32684e-23  2.64978e-13 -3.65941e-23 -2.54741e-13 -6.09434e-24 -1.08915e-13  7.79361e-24 -1.24996e-14  4.24756e-26   4.7182e-15 -5.08504e-25  2.37968e-15  -1.5653e-25  4.34206e-16  -2.3598e-26 -2.56592e-18  6.54308e-26 -2.17337e-17 -2.47102e-28 -5.85031e-18 -7.31949e-27 -7.43983e-19  5.19756e-28 -5.14831e-21  8.52527e-29  1.75584e-20 -2.35753e-29  3.79061e-21  3.52496e-29  4.32101e-22  1.13014e-30    2.441e-23 -1.07762e-30 -6.57469e-25 -3.26696e-31 -2.70099e-25 -7.27467e-32 -2.65402e-26   1.1182e-32 -1.43784e-27  3.17002e-33 -4.23648e-29  1.50168e-34 -4.29039e-31   2.7394e-36  6.14643e-33  2.39318e-38
-2.85942e-28  5.28339e-15  5.75688e-27 -2.02204e-13  -3.7199e-26  4.07385e-12  1.10307e-25 -5.43096e-11 -3.59466e-25  5.28859e-10  3.99813e-24 -3.97307e-09 -3.33582e-23  2.38199e-08  1.71197e-22 -1.16524e-07 -5.86943e-22  4.72017e-07  1.32745e-21 -1.59835e-06 -1.37142e-21   4.5482e-06 -3.59472e-21 -1.08914e-05  2.43009e-20  2.18931e-05 -7.90455e-20 -3.66673e-05   1.8698e-19  5.04273e-05 -3.48702e-19 -5.54226e-05  5.20705e-19   4.6081e-05 -6.08637e-19 -2.51335e-05  5.07467e-19   3.7229e-06 -1.81444e-19  7.14518e-06 -2.76628e-19 -6.01102e-06  6.74561e-19  5.48116e-07 -8.36247e-19  1.89941e-06  7.17219e-19 -8.30874e-07 -4.26244e-19 -4.07366e-07  1.36664e-19  3.33896e-07  3.76076e-20  8.33765e-08 -9.76777e-20 -9.93555e-08  1.08348e-19 -2.27821e-08 -1.10396e-19  2.42712e-08  9.68965e-20  7.89372e-09 -5.87699e-20 -4.46534e-09  1.62821e-20 -2.47478e-09  4.74441e-21  3.94092e-10 -3.70101e-21  5.58992e-10 -2.25598e-21  7.38309e-11  2.87419e-21 -7.09661e-11 -4.90561e-22  -3.1902e-11 -6.25671e-22  1.46502e-13  3.09082e-22  4.12124e-12  3.41009e-23  1.30745e-12 -4.07564e-23 -1.18455e-14 -9.03278e-24 -1.29124e-13  7.71847e-24 -4.08365e-14  6.29458e-25  -3.1311e-15 -3.96871e-25  1.80791e-15 -2.55222e-25  7.40125e-16 -4.26811e-26  1.22876e-16  7.44762e-26  9.08685e-19  2.24791e-27 -4.57815e-18 -7.35915e-27 -1.19247e-18  1.44936e-28 -1.55084e-19   5.5691e-30 -6.50884e-21  9.45875e-30   1.6128e-21  3.63105e-29  3.93116e-22  6.03694e-31  4.52432e-23  -1.0089e-30  2.98335e-24 -3.05229e-31  7.34933e-26 -5.03806e-32 -5.78861e-27  9.51955e-33 -6.71889e-28  2.05711e-33 -3.02003e-29  8.98659e-35 -6.35094e-31  1.67631e-36 -4.09552e-33
-7.09443e-16 -2.99677e-27  4.86209e-14  3.22231e-26 -1.30951e-12 -1.41155e-25   2.1426e-11  2.93349e-25 -2.45866e-10 -1.43421e-24   2.1267e-09  1.79744e-23 -1.44706e-08 -1.29471e-22  7.96009e-08  5.84322e-22 -3.60498e-07 -1.80606e-21   1.3604e-06   3.7471e-21 -4.30951e-06 -3.59472e-21  1.15009e-05 -8.82518e-21 -2.58525e-05  5.62154e-20  4.87379e-05  -1.7296e-19 -7.63094e-05  3.87761e-19  9.74295e-05 -6.85778e-19 -9.80026e-05  9.70915e-19  7.21118e-05 -1.07581e-18 -3.08527e-05  8.52066e-19 -3.20374e-06 -2.97361e-19  1.45785e-05 -3.92858e-19 -7.60293e-06   9.2221e-19 -1.58728e-06  -1.0788e-18  3.32905e-06  8.64143e-19 -5.00663e-07 -4.71043e-19 -9.67008e-07  1.35155e-19  3.10171e-07  2.51909e-20  2.57817e-07 -5.45263e-20 -9.63645e-08  6.02132e-20 -7.10708e-08 -8.53243e-20   1.9596e-08  9.58435e-20  1.92652e-08 -6.49187e-20 -1.51334e-09  1.86504e-20 -4.37584e-09  5.23635e-21  -6.4593e-10 -3.54722e-21  6.56253e-10 -3.18902e-21  2.85645e-10  3.35342e-21 -2.40338e-11 -3.99978e-22  -4.9419e-11 -7.62955e-22 -1.20907e-11  3.13952e-22  2.28582e-12  5.90071e-23   2.1116e-12 -4.30516e-23  4.56323e-13 -1.21146e-23 -4.61108e-14  7.27457e-24 -5.27654e-14  1.15679e-24 -1.34266e-14 -2.25584e-25 -7.39024e-16  -3.3564e-25  5.46032e-16  -6.5487e-26  1.95638e-16   8.0097e-26  3.08384e-17  4.98957e-27  9.24839e-19 -7.08131e-27 -7.29059e-19  -3.0764e-28 -1.92066e-19 -6.37773e-29  -2.5343e-20  4.10433e-29 -1.62052e-21  3.42095e-29  6.01488e-23 -8.53626e-32  2.60942e-23   -8.717e-31   3.0228e-24  -2.5009e-31  1.98049e-25 -3.01692e-32   7.1261e-27  7.27009e-33  6.35358e-29  1.20601e-33 -4.99423e-30  4.57116e-35 -1.58443e-31  6.11473e-37
 9.88777e-28 -8.84899e-15 -2.10453e-26  3.48951e-13  1.45433e-25 -7.25125e-12 -4.32425e-25  9.98132e-11  6.23417e-25 -1.00476e-09 -6.25103e-24   7.8128e-09  7.38704e-23 -4.85493e-08 -4.58078e-22  2.46544e-07  1.83518e-21 -1.03856e-06 -5.15294e-21   3.6645e-06  9.86384e-21 -1.08914e-05 -8.82518e-21  2.73207e-05 -2.03599e-20 -5.77389e-05  1.22485e-19   0.00010217 -3.56909e-19 -0.000149505  7.58462e-19  0.000176827 -1.27063e-18 -0.000161725  1.70115e-18  0.000103071 -1.77849e-18 -2.99235e-05  1.32569e-18  -1.8008e-05 -4.32754e-19  2.42575e-05 -5.45499e-19 -6.97945e-06  1.19846e-18 -5.66506e-06 -1.31118e-18  4.57762e-06  9.68622e-19  6.06286e-07 -4.65327e-19 -1.61056e-06  9.85591e-20  3.46122e-08  2.17563e-20  4.72605e-07 -1.32719e-21 -1.70344e-08 -8.46601e-22 -1.26399e-07 -5.42364e-20 -6.40189e-09  9.43681e-20  2.92199e-08 -7.15305e-20  6.25026e-09  2.07464e-20 -4.88887e-09  6.08957e-21   -2.338e-09 -3.51293e-21  3.02738e-10 -4.03719e-21  4.79592e-10  3.72654e-21  9.22702e-11 -2.71628e-22 -4.11277e-11  -8.7789e-22  -2.5225e-11  2.99556e-22   -3.182e-12  8.50404e-23  1.72878e-12 -4.33317e-23  8.84641e-13 -1.48542e-23  1.35695e-13  6.45156e-24 -2.65139e-14  1.56348e-24 -1.80047e-14 -1.13535e-26 -3.91472e-15 -3.92133e-25 -1.89764e-16  -8.7207e-26   1.3019e-16  8.24455e-26  4.31738e-17  7.57429e-27  6.63817e-18 -6.62642e-27  3.54245e-19 -7.86918e-28 -7.92143e-20 -1.15349e-28 -2.30918e-20  6.55297e-29 -3.05562e-21  2.92849e-29 -2.27269e-22 -7.76024e-31 -5.13075e-24  -6.9832e-31  8.64959e-25 -1.80325e-31  1.12097e-25  -1.4581e-32  6.58871e-27  4.98993e-33  2.08222e-28  6.26955e-34   2.9469e-30   1.8535e-35  6.24779e-33
