 5.15189e-09  1.28444e-25 -1.16084e-07 -1.34594e-22  8.89109e-07  1.38829e-21  -3.4127e-06 -5.09127e-21  7.00965e-06  7.15974e-21 -7.08898e-06  4.87692e-21  2.17721e-06 -3.20379e-20  9.29472e-07  4.63761e-20 -2.54756e-07 -2.98605e-20 -7.10361e-08   7.3293e-21 -8.01142e-10
 1.28444e-25  1.71762e-07  1.27823e-22 -2.07038e-06 -3.47451e-21   1.1167e-05   2.2516e-20 -3.19419e-05   -6.887e-20  4.81701e-05  1.10967e-19 -3.15312e-05 -7.62524e-20  2.79748e-07 -2.82729e-20   5.1164e-06  8.31434e-20  2.54501e-07  -4.7495e-20 -1.44848e-07  6.68532e-21
-1.16084e-07  1.27823e-22  2.66674e-06  2.01105e-21 -2.09514e-05 -3.20545e-20  8.31446e-05  1.54225e-19 -0.000178466 -3.83812e-19  0.000191802   5.3885e-19 -6.61241e-05 -3.90827e-19 -2.60236e-05  7.17613e-20  8.83517e-06  7.96068e-20  2.30934e-06 -4.23965e-20  1.22832e-08
-1.34594e-22 -2.07038e-06  2.01105e-21  2.56015e-05  1.55629e-20 -0.000142814 -1.72978e-19  0.000427077  6.45754e-19 -0.000684001 -1.30031e-18   0.00049062  1.50843e-18  -2.3038e-05 -9.48234e-19 -8.72461e-05  2.38462e-19 -2.21033e-06  3.83551e-20  2.99863e-06 -2.34306e-20
 8.89109e-07 -3.47451e-21 -2.09514e-05  1.55629e-20  0.000170257  7.65315e-20 -0.000706546 -6.34761e-19   0.00161021  1.87288e-18  -0.00188359 -3.02097e-18  0.000766864  2.79449e-18  0.000251143 -1.42074e-18 -0.000119525  3.46932e-19 -2.74601e-05 -7.76858e-21  2.10408e-07
 1.38829e-21   1.1167e-05 -3.20545e-20 -0.000142814  7.65315e-20  0.000833143  2.65674e-19  -0.00264504 -1.70567e-18   0.00459856  3.99738e-18  -0.00374463 -5.05372e-18    0.0004243  3.54719e-18     0.000728 -1.37944e-18 -1.57134e-05  3.24581e-19  -3.2195e-05 -3.20705e-20
 -3.4127e-06   2.2516e-20  8.31446e-05 -1.72978e-19 -0.000706546  2.65674e-19   0.00311271  6.91709e-19  -0.00769171 -3.51659e-18    0.0100995  6.50278e-18  -0.00512455 -6.16537e-18  -0.00115736  2.95324e-18  0.000948071  -8.0424e-19  0.000175153  2.04738e-19 -6.31112e-06
-5.09127e-21 -3.19419e-05  1.54225e-19  0.000427077 -6.34761e-19  -0.00264504  6.91709e-19   0.00910214  1.41173e-18   -0.0176872  -5.7717e-18    0.0170853  8.26616e-18  -0.00379778 -5.36317e-18  -0.00355489  1.20706e-18  0.000401513 -1.63983e-19  0.000218524  5.42563e-20
 7.00965e-06   -6.887e-20 -0.000178466  6.45754e-19   0.00161021 -1.70567e-18  -0.00769171  1.41173e-18    0.0212194  2.34915e-18   -0.0325895 -7.81598e-18     0.021856  8.42497e-18   0.00175195 -3.00367e-18  -0.00485819 -5.09909e-19 -0.000594421  8.53647e-20   6.9628e-05
 7.15974e-21  4.81701e-05 -3.83812e-19 -0.000684001  1.87288e-18   0.00459856 -3.51659e-18   -0.0176872  2.34915e-18     0.040063  3.31099e-18   -0.0486474 -9.07462e-18     0.019637  7.14409e-18   0.00991489 -5.44917e-19  -0.00328177 -1.20896e-18 -0.000976598 -2.47494e-20
-7.08898e-06  1.10967e-19  0.000191802 -1.30031e-18  -0.00188359  3.99738e-18    0.0100995  -5.7717e-18   -0.0325895  3.31099e-18     0.062276  4.08938e-18   -0.0594509 -9.38609e-18   0.00828367  5.26128e-18     0.015835   8.2384e-19  0.000326281 -9.97778e-19   -0.0004485
 4.87692e-21 -3.15312e-05   5.3885e-19   0.00049062 -3.02097e-18  -0.00374463  6.50278e-18    0.0170853 -7.81598e-18   -0.0486474  4.08938e-18    0.0814156  4.54626e-18   -0.0600657 -8.91214e-18  -0.00939974  3.29447e-18    0.0147762  9.09421e-19   0.00263213 -5.62917e-19
 2.17721e-06 -7.62524e-20 -6.61241e-05  1.50843e-18  0.000766864 -5.05372e-18  -0.00512455  8.26616e-18     0.021856 -9.07462e-18   -0.0594509  4.54626e-18    0.0924011  4.70919e-18   -0.0501749 -7.84407e-18   -0.0268055  1.23598e-18   0.00673298  2.00611e-19   0.00181285
-3.20379e-20  2.79748e-07 -3.90827e-19  -2.3038e-05  2.79449e-18    0.0004243 -6.16537e-18  -0.00379778  8.42497e-18     0.019637 -9.38609e-18   -0.0600657  4.70919e-18    0.0955822   4.9667e-18    -0.032488 -6.13982e-18   -0.0360963 -6.41248e-19  -0.00193858 -3.97748e-19
 9.29472e-07 -2.82729e-20 -2.60236e-05 -9.48234e-19  0.000251143  3.54719e-18  -0.00115736 -5.36317e-18   0.00175195  7.14409e-18   0.00828367 -8.91214e-18   -0.0501749   4.9667e-18    0.0964611  6.18906e-18  -0.00867679 -3.46204e-18   -0.0312741  -1.4278e-18  -0.00406324
 4.63761e-20   5.1164e-06  7.17613e-20 -8.72461e-05 -1.42074e-18     0.000728  2.95324e-18  -0.00355489 -3.00367e-18   0.00991489  5.26128e-18  -0.00939974 -7.84407e-18    -0.032488  6.18906e-18     0.101597  9.21326e-18    0.0200053  1.21092e-19   -0.0145532  -8.0646e-19
-2.54756e-07  8.31434e-20  8.83517e-06  2.38462e-19 -0.000119525 -1.37944e-18  0.000948071  1.20706e-18  -0.00485819 -5.44917e-19     0.015835  3.29447e-18   -0.0268055 -6.13982e-18  -0.00867679  9.21326e-18     0.112297  1.32647e-17    0.0448054  2.96178e-18  0.000119348
-2.98605e-20  2.54501e-07  7.96068e-20 -2.21033e-06  3.46932e-19 -1.57134e-05  -8.0424e-19  0.000401513 -5.09909e-19  -0.00328177   8.2384e-19    0.0147762  1.23598e-18   -0.0360963 -3.46204e-18    0.0200053  1.32647e-17     0.117538  1.49081e-17    0.0485061  2.85115e-18
-7.10361e-08  -4.7495e-20  2.30934e-06  3.83551e-20 -2.74601e-05  3.24581e-19  0.000175153 -1.63983e-19 -0.000594421 -1.20896e-18  0.000326281  9.09421e-19   0.00673298 -6.41248e-19   -0.0312741  1.21092e-19    0.0448054  1.49081e-17    0.0982856  1.11133e-17    0.0269634
  7.3293e-21 -1.44848e-07 -4.23965e-20  2.99863e-06 -7.76858e-21  -3.2195e-05  2.04738e-19  0.000218524  8.53647e-20 -0.000976598 -9.97778e-19   0.00263213  2.00611e-19  -0.00193858  -1.4278e-18   -0.0145532  2.96178e-18    0.0485061  1.11133e-17    0.0537937  4.37545e-18
-8.01142e-10  6.68532e-21  1.22832e-08 -2.34306e-20  2.10408e-07 -3.20705e-20 -6.31112e-06  5.42563e-20   6.9628e-05 -2.47494e-20   -0.0004485 -5.62917e-19   0.00181285 -3.97748e-19  -0.00406324  -8.0646e-19  0.000119348  2.85115e-18    0.0269634  4.37545e-18     0.013823
