 2.02076e-32  -9.2775e-48 -1.61842e-30  1.14499e-45  5.11556e-29 -2.37051e-44 -9.84169e-28  3.94982e-43  1.33118e-26 -4.55496e-42 -1.36146e-25   4.0587e-41  1.09963e-24 -3.16111e-40 -7.21562e-24  2.42606e-39  3.92214e-23 -1.90418e-38 -1.79019e-22   1.4541e-37  6.92637e-22 -1.01422e-36  -2.2859e-21  6.26502e-36  6.45806e-21 -3.40418e-35 -1.56353e-20  1.63254e-34  3.23899e-20 -6.95139e-34 -5.71527e-20  2.64282e-33  8.51637e-20 -9.00965e-33 -1.05596e-19  2.76212e-32   1.0617e-19 -7.62779e-32 -8.23488e-20  1.89887e-31  4.35914e-20 -4.26109e-31 -8.58702e-21  8.61371e-31 -8.59598e-21 -1.56654e-30  8.42159e-21  2.55805e-30 -1.88759e-21 -3.73972e-30 -1.69758e-21  4.87492e-30  1.19208e-21 -5.63365e-30  1.07352e-22  5.72401e-30 -3.40382e-22 -5.05028e-30  3.34588e-23  3.79443e-30  7.68749e-23 -2.34725e-30  -1.3096e-23  1.11766e-30 -1.59735e-23 -3.42311e-31  2.40705e-24  1.76552e-32  3.12081e-24  2.24036e-32  -1.6661e-25   3.3994e-32 -5.31532e-25 -7.41012e-32 -4.69705e-26  7.23524e-32  6.79953e-26 -4.83288e-32  1.82271e-26  2.44732e-32 -4.70176e-27 -9.74636e-33 -2.98838e-27  3.03141e-33  -1.7052e-28 -6.34167e-34  2.36331e-28 -2.02896e-35   6.8343e-29  1.05675e-34  -1.8044e-30 -5.72951e-35 -4.96578e-30  1.40447e-35 -1.03787e-30  1.58267e-36  2.15519e-32 -2.81142e-36  5.17189e-32  1.30798e-36  1.02244e-32 -4.57438e-37  3.72811e-34  1.57081e-37  -2.1317e-34 -5.05467e-38 -4.74905e-35  1.30723e-38 -3.99947e-36 -2.42061e-39  1.06286e-37  2.27535e-40  5.95711e-38  2.35246e-41  6.38643e-39 -1.08314e-41  3.00496e-40  1.60717e-42 -1.40916e-42 -1.66515e-43 -1.03649e-42  1.15075e-44 -3.85533e-44 -2.10114e-46 -3.48846e-46 -4.31033e-49
 -9.2775e-48  2.31397e-30 -3.76886e-46 -1.05789e-28  3.20612e-44  2.55211e-27 -5.77948e-43 -4.08575e-26  6.22471e-42  4.79485e-25 -3.20389e-41 -4.36002e-24 -7.95235e-41  3.18081e-23  2.86113e-39 -1.90582e-22 -2.58157e-38  9.53184e-22  1.29041e-37 -4.02508e-21  -2.1277e-37  1.44631e-20 -2.71086e-36 -4.44395e-20  3.32286e-35  1.17038e-19 -2.33051e-34 -2.64172e-19  1.25959e-33  5.09585e-19 -5.69456e-33 -8.34858e-19  2.23115e-32  1.14892e-18 -7.71303e-32 -1.30332e-18  2.37515e-31   1.1779e-18 -6.54769e-31 -7.89549e-19  1.61975e-30  3.16361e-19  -3.5986e-30  2.01458e-20  7.17888e-30  -1.2245e-19 -1.28465e-29  6.74761e-20  2.05838e-29  3.99733e-21 -2.94496e-29 -2.19531e-20  3.74688e-29  6.47338e-21 -4.21413e-29  4.20418e-21  4.15285e-29 -2.57243e-21 -3.53703e-29 -6.40518e-22  2.54537e-29  6.65097e-22 -1.48384e-29  1.06095e-22  6.35627e-30 -1.39396e-22 -1.36277e-30 -2.48275e-23 -4.94997e-31  2.39963e-23  5.38983e-31  6.54363e-24 -5.86199e-32 -3.04176e-24 -2.58173e-31 -1.41879e-24  2.97883e-31  1.82232e-25 -2.00516e-31  2.14169e-25  9.83709e-32  2.13556e-26 -3.77962e-32 -1.84011e-26  1.16192e-32 -6.13152e-27 -2.50463e-33  2.33614e-28 -9.41746e-35  5.41712e-28  4.82262e-34  1.09261e-28 -2.70594e-34  -8.9391e-30  6.47553e-35 -8.15437e-30  1.08056e-35 -1.39775e-30 -1.56122e-35  4.07628e-32  7.37439e-36  5.94319e-32 -2.68037e-36  1.06451e-32   9.0262e-37  4.80569e-34 -2.64359e-37 -1.40733e-34  6.08097e-38 -3.10328e-35 -1.00521e-38 -2.64048e-36  7.61078e-40 -3.26649e-38  1.31045e-40  1.61479e-38 -4.31239e-41  1.74245e-39  5.16271e-42  8.05867e-41 -4.28957e-43   6.8558e-43  2.31728e-44 -4.08729e-44 -1.72256e-46 -5.12489e-46
-1.61842e-30 -3.76886e-46  1.31015e-28 -1.08622e-44 -4.17555e-27  5.60774e-43  8.10269e-26 -5.74623e-42 -1.10587e-24 -2.28731e-41  1.14173e-23  1.44462e-39 -9.31299e-23 -2.19677e-38  6.17463e-22  2.10649e-37 -3.39299e-21 -1.48344e-36   1.5665e-20   8.1094e-36 -6.13459e-20 -3.49544e-35  2.05068e-19  1.15637e-34 -5.87296e-19 -2.51345e-34  1.44275e-18 -2.51512e-35 -3.03612e-18  3.74925e-33  5.44991e-18 -2.43781e-32 -8.27675e-18  1.10228e-31  1.04868e-17 -4.08559e-31 -1.08189e-17  1.30534e-30  8.67759e-18 -3.66858e-30 -4.84955e-18  9.15157e-30  1.17466e-18 -2.03451e-29  7.95457e-19  4.03703e-29 -9.24781e-19 -7.15033e-29  2.64539e-19  1.12922e-28  1.60942e-19 -1.58646e-28 -1.41252e-19  1.97532e-28 -6.44594e-22 -2.16693e-28  3.80939e-20  2.07525e-28 -6.96652e-21 -1.70974e-28 -8.30536e-21  1.18148e-28  2.26264e-21 -6.51363e-29  1.71808e-21  2.51633e-29 -4.48627e-22 -3.18377e-30 -3.48588e-22 -4.00341e-30  5.33637e-23  3.37032e-30  6.40816e-23 -8.92089e-31  2.07315e-25 -6.12098e-31  -9.2379e-24  8.79301e-31 -1.64571e-24  -5.8875e-31  8.23123e-25  2.75775e-31  3.54587e-25 -1.00967e-31 -8.45298e-27  3.04606e-32  -3.5116e-26 -6.56282e-33 -7.32967e-27 -6.11857e-34  9.69693e-28  1.71652e-33  7.23053e-28 -9.40535e-34  1.09044e-28  2.03469e-34 -1.33581e-29  5.60237e-35 -7.99628e-30 -6.30319e-35 -1.18932e-30  2.91551e-35  2.57705e-32 -1.06452e-35  3.89468e-32  3.46735e-36  6.52853e-33 -9.31313e-37  3.60416e-34  1.91681e-37 -4.40807e-35 -2.81993e-38 -1.03446e-35  1.62027e-39 -8.90729e-37  4.44785e-40  -2.6655e-38 -1.12214e-40  1.60042e-39  1.06943e-41  1.76814e-40 -6.90602e-43  5.21219e-42  2.75787e-44    5.893e-44  3.64395e-48
 1.14499e-45 -1.05789e-28 -1.08622e-44  4.87673e-27 -1.93091e-43 -1.18666e-25  3.97896e-42  1.91692e-24  8.92347e-41 -2.27088e-23 -3.53199e-39  2.08537e-22  5.77702e-38 -1.53715e-21 -6.18198e-37  9.31034e-21  4.90369e-36  -4.7099e-20 -3.05956e-35  2.01292e-19  1.55295e-34 -7.32539e-19 -6.54093e-34  2.28136e-18  2.30655e-33 -6.09532e-18 -6.76628e-33  1.39721e-17  1.58192e-32 -2.74065e-17 -2.43199e-32  4.57325e-17  -1.0881e-32 -6.42446e-17  2.75221e-31  7.46358e-17 -1.38273e-30 -6.94592e-17  5.01695e-30  4.85076e-17 -1.50528e-29 -2.11092e-17  3.89146e-29   2.7319e-19  -8.8105e-29  7.13272e-18  1.75968e-28 -4.52227e-18 -3.11027e-28  1.00685e-19  4.86931e-28   1.3358e-18 -6.74544e-28 -5.09885e-19  8.24429e-28 -2.24054e-19 -8.84177e-28  1.84571e-19  8.24515e-28  2.60322e-20 -6.58326e-28 -4.67032e-20  4.37769e-28 -3.01209e-21 -2.28901e-28  9.94356e-21  7.98782e-29  8.30382e-22 -3.35526e-30 -1.81056e-21  -1.8292e-29 -3.09147e-22  1.35114e-29  2.58793e-22  -4.0027e-30  8.39541e-23 -1.26965e-30  -2.2558e-23  2.23034e-30 -1.50107e-23 -1.44848e-30 -2.79925e-25  6.34868e-31  1.57875e-24 -2.15704e-31  3.74621e-25  6.10705e-32 -5.72481e-26 -1.12039e-32 -4.36117e-26 -3.90441e-33 -6.00404e-27  5.54459e-33  1.41845e-27 -2.75961e-33  6.69084e-28  4.85471e-34  8.04485e-29  2.33315e-34 -1.12766e-29 -2.08262e-34  -5.3692e-30  9.20997e-35 -7.28185e-31 -3.31117e-35  2.49264e-33  1.03602e-35  1.61392e-32 -2.56043e-36  2.59261e-33  4.71859e-37  1.63008e-34 -6.14148e-38 -5.42073e-36  2.42408e-39 -1.88465e-36  1.09767e-39 -1.51121e-37 -2.19691e-40 -5.07592e-39  1.63657e-41  1.25138e-41 -7.84621e-43  4.30322e-42   2.0909e-44  6.18749e-44
 5.11556e-29  3.20612e-44 -4.17555e-27 -1.93091e-43  1.34228e-25  -1.0761e-42 -2.62822e-24 -1.08227e-40  3.62092e-23  5.19659e-39 -3.77527e-22   -1.017e-37  3.11135e-21  1.25874e-36 -2.08528e-20 -1.13045e-35  1.15895e-19  7.87693e-35  -5.4151e-19 -4.43025e-34  2.14754e-18  2.06421e-33 -7.27541e-18 -8.11699e-33  2.11344e-17  2.73191e-32 -5.27139e-17 -7.95031e-32  1.12764e-16  2.00703e-31 -2.06059e-16 -4.32921e-31  3.19186e-16   7.4126e-31 -4.13586e-16 -6.76994e-31  4.38169e-16 -1.65679e-30 -3.63664e-16  1.20844e-29  2.14399e-16 -4.48454e-29  -6.1499e-17  1.28008e-28 -2.78028e-17  -3.0519e-28  4.00438e-17  6.25658e-28 -1.41008e-17 -1.11707e-27 -5.71272e-18  1.74729e-27  6.55598e-18  -2.3991e-27 -5.20275e-19  2.88847e-27 -1.65592e-18 -3.03632e-27  4.62368e-19  2.76258e-27  3.42959e-19 -2.14146e-27 -1.38277e-19  1.37286e-27 -6.97309e-20 -6.82326e-28  2.86599e-20  2.15093e-28  1.46967e-20  8.81121e-30 -4.16958e-21 -6.23105e-29 -2.93699e-21   4.1401e-29  2.82483e-22 -1.18148e-29  4.76441e-22  -3.0302e-30  4.37886e-23  5.38113e-30 -5.15682e-23 -3.28511e-30  -1.5551e-23  1.31987e-30  2.08602e-24  -3.9458e-31   1.9526e-24  8.87941e-32  2.67158e-25 -2.42244e-33 -8.94076e-26 -1.92673e-32  -3.9375e-26  1.66889e-32 -3.66207e-27 -7.14609e-33    1.285e-27   8.7151e-34  4.59455e-28  7.99472e-34  4.73589e-29 -5.85705e-34 -6.05007e-30  2.44352e-34 -2.56771e-30 -8.55862e-35 -3.28344e-31  2.56417e-35 -5.90455e-33 -5.83597e-36  4.20178e-33  9.60113e-37  6.60819e-34 -1.09611e-37  4.38165e-35  2.41088e-39  3.00336e-37  2.11736e-39  -1.6357e-37 -3.41693e-40 -1.16169e-38  1.94179e-41 -3.09082e-40 -6.43827e-43 -2.75052e-42   9.0708e-45
-2.37051e-44  2.55211e-27  5.60774e-43 -1.18666e-25  -1.0761e-42   2.9136e-24  5.10937e-41 -4.75102e-23 -4.88683e-39  5.68385e-22  1.29471e-37 -5.27351e-21 -1.95273e-36   3.9293e-20  2.03882e-35 -2.40702e-19 -1.60862e-34  1.23224e-18  1.00709e-33 -5.33287e-18 -5.15898e-33  1.96664e-17  2.20866e-32 -6.21155e-17 -8.03134e-32  1.68469e-16  2.51606e-31 -3.92442e-16 -6.88984e-31  7.83319e-16  1.67477e-30 -1.33233e-15 -3.66173e-30  1.91206e-15  7.19606e-30 -2.27676e-15 -1.21843e-29  2.18357e-15   1.4863e-29 -1.58923e-15   6.1326e-31  7.47702e-16 -7.85114e-29 -6.21122e-17  3.11673e-28 -2.17615e-16 -8.47453e-28  1.59997e-16  1.85008e-27  -1.6034e-17 -3.40216e-27 -4.23889e-17  5.37619e-27  2.05757e-17 -7.36567e-27  5.79687e-18  8.77326e-27 -6.88842e-18 -9.06552e-27 -2.84123e-19  8.06499e-27  1.70055e-18 -6.08044e-27 -5.22984e-20   3.7644e-27 -3.65817e-19 -1.78125e-27  4.52712e-21  5.06113e-28  6.99735e-20  6.34027e-29  5.18644e-21 -1.73996e-28  -1.1051e-20  1.04117e-28 -2.34762e-21 -2.58349e-29  1.20467e-21 -9.22521e-30  5.28216e-22  1.30753e-29  -4.2885e-23 -7.35816e-30   -6.778e-23  2.68557e-30  -1.0501e-23  -6.4219e-31   3.8509e-24  4.42079e-32  1.75973e-24  7.32899e-32  1.25507e-25 -7.45827e-32 -8.66843e-26  4.61953e-32  -2.7361e-26 -1.65893e-32 -1.80073e-27  9.87269e-34  8.09965e-28  2.30563e-33  2.40543e-28 -1.42902e-33  2.28604e-29   5.5896e-34 -2.06233e-30 -1.89879e-34 -8.71397e-31  5.44095e-35 -1.06937e-31 -1.13957e-35 -3.81104e-33  1.66363e-36  6.28411e-34 -1.64727e-37  1.02127e-34  8.78561e-40  6.41566e-36  3.31162e-39  1.43085e-37  -4.3316e-40 -4.34686e-39  1.81793e-41 -2.85422e-40 -3.69373e-43 -3.49383e-42
-9.84169e-28 -5.77948e-43  8.10269e-26  3.97896e-42 -2.62822e-24  5.10937e-41  5.19471e-23  2.03516e-39 -7.22741e-22 -1.12949e-37  7.61332e-21  2.30634e-36 -6.34233e-20 -2.93004e-35  4.29899e-19  2.68466e-34 -2.41781e-18 -1.90204e-33  1.14389e-17  1.08435e-32 -4.59668e-17 -5.10184e-32  1.57914e-16  2.01576e-31 -4.65584e-16 -6.77761e-31  1.17984e-15   1.9631e-30 -2.56736e-15 -4.96853e-30  4.77952e-15  1.12069e-29 -7.55715e-15 -2.31282e-29  1.00225e-14  4.48122e-29 -1.09131e-14 -8.18672e-29  9.37856e-15  1.34746e-28 -5.82897e-15  -1.7298e-28  1.93012e-15   7.9099e-29  5.46811e-16  4.23309e-28 -1.05595e-15 -1.79157e-27  4.48173e-16  4.53518e-27  1.11985e-16 -8.89167e-27 -1.84175e-16  1.44338e-26  3.04243e-17  -1.9909e-26  4.29419e-17  2.35824e-26  -1.7011e-17 -2.40336e-26 -8.21385e-18  2.09563e-26  4.84563e-18 -1.53962e-26  1.60126e-18  9.21978e-27 -1.03565e-18   -4.158e-27 -3.51658e-19  1.05923e-27  1.69356e-19  2.27744e-28  7.78523e-20 -4.17287e-28 -1.76869e-20  2.22129e-28 -1.43669e-20 -4.07438e-29  1.64286e-23 -3.01844e-29  1.84615e-21  3.22919e-29  3.71639e-22 -1.68349e-29 -1.18843e-22  5.63485e-30 -6.27702e-23 -9.24675e-31 -3.89893e-24 -2.96093e-31  4.06582e-24  3.67756e-31  1.22779e-24 -2.36968e-31   3.1621e-26  1.15904e-31 -6.03314e-26 -3.47222e-32 -1.50839e-26 -2.55529e-34 -7.89182e-28   5.7042e-33  3.67066e-28 -3.06051e-33  9.61805e-29  1.12049e-33  8.87651e-30 -3.68996e-34 -3.91235e-31  1.01117e-34 -2.03034e-31 -1.94517e-35 -2.39039e-32  2.49814e-36 -1.10383e-33  -2.1156e-37  4.05417e-35 -2.13078e-39  8.34703e-36  4.28117e-39  4.55494e-37 -4.52256e-40  9.94187e-39  1.33988e-41   2.8936e-41 -1.29657e-43
 3.94982e-43 -4.08575e-26 -5.74623e-42  1.91692e-24 -1.08227e-40 -4.75102e-23  2.03516e-39  7.82362e-22  4.53145e-38 -9.45633e-21 -1.92384e-36  8.86847e-20  3.28729e-35 -6.68279e-19 -3.65011e-34  4.14247e-18  2.99663e-33 -2.14722e-17 -1.93206e-32  9.41535e-17  1.01245e-31 -3.52062e-16 -4.40564e-31  1.12844e-15  1.61485e-30 -3.10885e-15  -5.0375e-30  7.36462e-15  1.34951e-29 -1.49694e-14 -3.13949e-29  2.59726e-14  6.46192e-29 -3.81104e-14  -1.2159e-28  4.65513e-14  2.19149e-28  -4.6046e-14 -3.92515e-28  3.49379e-14  6.88671e-28 -1.77036e-14 -1.09311e-27  2.62511e-15   1.3436e-27  4.34527e-15 -6.82051e-28 -3.75912e-15 -2.22545e-27  6.65196e-16  8.87765e-27  8.75365e-16  -1.9945e-26 -5.40115e-16  3.41625e-26 -8.24849e-17 -4.80241e-26  1.68208e-16   5.6934e-26 -9.58886e-18 -5.74489e-26 -4.02466e-17  4.92303e-26  5.36938e-18 -3.53192e-26  8.68724e-18  2.04905e-26 -1.02787e-18 -8.81135e-27 -1.73774e-18  1.99266e-27  4.72713e-20   6.3005e-28  3.00352e-19 -8.81937e-28  3.34319e-20  4.05458e-28 -3.86569e-20 -3.04922e-29 -1.14097e-20 -9.24309e-29  2.58275e-21  7.93174e-29  1.83466e-21 -3.90635e-29  1.33237e-22  1.21828e-29 -1.42076e-22 -1.02042e-30 -4.41444e-23 -1.52721e-30  4.25872e-25    1.234e-30   3.0724e-24 -6.40196e-31  6.88786e-25  2.61964e-31 -2.50524e-27 -6.57252e-32  -3.1604e-26 -4.99493e-33 -6.67378e-27  1.22832e-32 -3.29938e-28 -5.80028e-33  1.18752e-28  1.99012e-33   2.8806e-29 -6.36841e-34   2.6337e-30  1.66941e-34 -1.31378e-32 -2.94106e-35 -3.02095e-32  3.28545e-36 -3.39868e-33 -2.34073e-37 -1.64451e-34 -5.49979e-39 -8.90148e-37  4.61267e-39  2.78798e-37 -3.88285e-40  1.12321e-38  7.55144e-42  1.05959e-40
 1.33118e-26  6.22471e-42 -1.10587e-24  8.92347e-41  3.62092e-23 -4.88683e-39 -7.22741e-22  4.53145e-38  1.01593e-20  7.55044e-37 -1.08173e-19  -2.6543e-35  9.11342e-19  3.93657e-34 -6.25065e-18 -3.89941e-33  3.55931e-17   2.9061e-32 -1.70607e-16 -1.72077e-31  6.95088e-16  8.34591e-31 -2.42297e-15 -3.37781e-30   7.2553e-15  1.15424e-29 -1.86926e-14 -3.35519e-29   4.1407e-14  8.34171e-29 -7.85928e-14 -1.78488e-28  1.26951e-13  3.32945e-28 -1.72474e-13 -5.58537e-28  1.93179e-13   8.9739e-28 -1.72017e-13 -1.49443e-27  1.12647e-13  2.63117e-27 -4.22791e-14 -4.52432e-27 -6.31462e-15  6.71724e-27  1.95457e-14 -7.25584e-27 -9.88908e-15  2.42599e-27 -1.21405e-15  1.19863e-26  3.61013e-15 -3.78265e-26 -9.27899e-16  7.16755e-26 -7.58083e-16 -1.04464e-25   4.1736e-16  1.24934e-25  1.26558e-16 -1.25371e-25 -1.14722e-16  1.05904e-25 -2.22414e-17 -7.43611e-26  2.50733e-17  4.18529e-26  5.15058e-18 -1.71498e-26 -4.45232e-18  3.38174e-27 -1.33047e-18  1.48542e-27  5.75727e-19 -1.66383e-27  2.88737e-19  6.18107e-28 -3.35043e-20  8.02452e-29 -4.40653e-20 -2.55935e-28 -4.82404e-21  1.88848e-28  3.81042e-21 -8.93322e-29  1.32891e-21  2.60889e-29 -3.90195e-23  -6.1805e-32 -1.16709e-22   -5.015e-30 -2.45902e-23  3.36743e-30  1.71365e-24 -1.50705e-30  1.77971e-24  5.33307e-31  3.18558e-25 -1.12856e-31 -5.37667e-27 -1.62918e-32 -1.26035e-26  2.32562e-32 -2.35454e-27 -9.78117e-33 -1.25377e-28  3.15639e-33  2.62433e-29 -9.85774e-34  6.20775e-30   2.4723e-34   5.5608e-31 -3.97371e-35  1.14829e-32  3.80683e-36 -2.50146e-33 -2.24093e-37 -2.71359e-34 -7.54539e-39 -1.16943e-35  4.13939e-39 -1.71701e-37 -2.69611e-40  1.65343e-39  2.91429e-42
-4.55496e-42  4.79485e-25 -2.28731e-41 -2.27088e-23  5.19659e-39  5.68385e-22 -1.12949e-37 -9.45633e-21  7.55044e-37  1.15532e-19  1.02516e-35 -1.09575e-18 -3.09809e-34  8.35485e-18  4.07283e-33  -5.2434e-17 -3.64704e-32  2.75347e-16  2.48984e-31 -1.22403e-15 -1.36298e-30   4.6437e-15  6.15027e-30 -1.51144e-14 -2.32539e-29  4.23271e-14   7.4384e-29 -1.02043e-13 -2.02326e-28  2.11379e-13  4.68856e-28 -3.74429e-13 -9.26061e-28   5.6222e-13  1.56439e-27 -7.05097e-13 -2.30419e-27  7.19904e-13    3.159e-27 -5.69667e-13 -4.61206e-27  3.09904e-13  7.88804e-27 -6.50193e-14  -1.4381e-26   -6.204e-14  2.36824e-26  6.47751e-14 -3.09708e-26 -1.65056e-14  2.62823e-26 -1.28174e-14  1.71974e-27  1.02405e-14 -5.78914e-26  4.01804e-16  1.33588e-25 -2.96247e-15 -2.06865e-25  4.74907e-16   2.5194e-25  6.78941e-16 -2.52665e-25 -1.72289e-16  2.11063e-25 -1.45547e-16 -1.45359e-25  3.60977e-17  7.94304e-26  3.03614e-17 -3.09261e-26 -4.43624e-18  5.13695e-27 -5.73459e-18   3.1187e-27 -4.25002e-20 -2.80307e-27  8.51154e-19  7.01007e-28  1.55511e-19  4.70083e-28 -7.81131e-20 -6.44024e-28 -3.42258e-20  4.28549e-28  8.19572e-22 -1.96008e-28  3.46978e-21  5.30643e-29  7.32665e-22  4.48954e-30 -9.67344e-23  -1.3489e-29 -7.31898e-23  7.93929e-30  -1.1213e-23 -3.14316e-30  1.31584e-24  9.80321e-31  8.10789e-25 -1.76482e-31  1.22932e-25 -3.70332e-32 -1.79471e-27  3.89538e-32 -3.78219e-27 -1.47236e-32  -6.4599e-28  4.49597e-33  -3.8308e-29 -1.37841e-33  3.54917e-30  3.30594e-34  9.00656e-31 -4.82463e-35  7.67298e-32  3.89492e-36  2.49233e-33 -1.86363e-37 -7.91363e-35 -7.14603e-39 -9.71997e-36  3.06225e-39 -2.89629e-37 -1.44715e-40 -2.13318e-39
-1.36146e-25 -3.20389e-41  1.14173e-23 -3.53199e-39 -3.77527e-22  1.29471e-37  7.61332e-21 -1.92384e-36 -1.08173e-19  1.02516e-35  1.16482e-18  1.18151e-34 -9.92965e-18 -3.13873e-33  6.89512e-17   3.7089e-32 -3.97755e-16 -3.03058e-31  1.93276e-15  1.90797e-30 -7.98868e-15  -9.7042e-30   2.8275e-14  4.09016e-29 -8.60484e-14 -1.44963e-28  2.25563e-13  4.35479e-28 -5.09032e-13 -1.11223e-27  9.85871e-13  2.41205e-27 -1.62826e-12 -4.41803e-27  2.26812e-12  6.77843e-27 -2.61548e-12 -8.67918e-27  2.41483e-12  9.61746e-27 -1.66548e-12 -1.10603e-26  6.98997e-13  1.76694e-26  2.66805e-14 -3.54933e-26 -2.72215e-13  6.56512e-26  1.63719e-13 -9.65423e-26  2.05256e-15  1.02288e-25 -5.29077e-14 -5.37609e-26  1.90761e-14  -6.1046e-26  9.57108e-15  2.21356e-25 -7.47681e-15 -3.77074e-25  -1.2046e-15  4.72579e-25  1.99033e-15 -4.75942e-25  1.46256e-16  3.94302e-25 -4.41751e-16 -2.66746e-25 -3.83731e-17  1.41391e-25  8.36969e-17 -5.19333e-26  1.43233e-17  6.74419e-27 -1.24891e-17  5.97625e-27 -4.03104e-18 -4.14015e-27  1.15233e-18  2.22146e-28  7.51682e-19  1.51504e-27  8.13495e-21 -1.49056e-27 -8.26822e-20  9.19374e-28 -1.91829e-20 -4.05964e-28  3.22887e-21  9.97083e-29  2.34299e-21  1.86064e-29  3.13293e-22 -3.17023e-29 -7.97307e-23  1.66224e-29 -3.65554e-23 -5.87386e-30 -4.32343e-24  1.63156e-30  6.24968e-25 -2.52665e-31  2.91558e-25 -6.76992e-32  3.93454e-26  5.78479e-32 -3.34755e-29 -1.98009e-32 -8.25941e-28  5.77599e-33 -1.31879e-28  -1.7502e-33 -8.39986e-30  4.00808e-34  1.99992e-31 -5.27968e-35  7.91303e-32  3.51406e-36   6.1158e-33 -1.35821e-37  2.00647e-34   -4.592e-39  7.84347e-37  1.82233e-39 -8.73623e-38 -5.26235e-41
  4.0587e-41 -4.36002e-24  1.44462e-39  2.08537e-22   -1.017e-37 -5.27351e-21  2.30634e-36  8.86847e-20  -2.6543e-35 -1.09575e-18  1.18151e-34  1.05156e-17  1.18463e-33 -8.11744e-17  -2.8086e-32  5.16079e-16  3.01332e-31 -2.74723e-15 -2.26266e-30   1.2389e-14  1.32038e-29 -4.77185e-14 -6.26371e-29  1.57829e-13  2.47348e-28 -4.49612e-13 -8.23872e-28  1.10396e-12  2.32997e-27 -2.33245e-12  -5.6023e-27  4.22168e-12  1.14072e-26 -6.49262e-12 -1.94589e-26  8.36784e-12  2.72328e-26 -8.82615e-12 -3.01236e-26  7.28677e-12   2.4905e-26 -4.24452e-12 -1.61743e-26  1.14022e-12  2.05166e-26  6.55674e-13 -6.00848e-26 -8.64553e-13  1.42863e-25   2.9086e-13  -2.4105e-25  1.36892e-13  2.89416e-25 -1.48577e-13 -2.16582e-25  1.00101e-14 -5.14132e-27  3.95725e-14  3.27922e-25 -1.09722e-14 -6.43245e-25 -8.50617e-15  8.37263e-25  3.49465e-15 -8.49703e-25  1.77866e-15  6.99225e-25 -7.64969e-16 -4.64462e-25 -3.86544e-16  2.37829e-25  1.18697e-16 -8.11622e-26  8.04563e-17  6.73118e-27  -9.2846e-18   1.0608e-26 -1.37213e-17 -5.02945e-27  -1.0642e-18 -1.78448e-27  1.57955e-18  3.93565e-27   4.5098e-19 -3.20546e-27 -7.33024e-20  1.85909e-27 -6.08317e-20 -7.87809e-28 -7.61257e-21  1.70241e-28  3.02867e-21  5.40061e-29  1.25121e-21 -6.68139e-29  1.05333e-22  3.13742e-29 -4.37077e-23 -9.90816e-30 -1.48013e-23  2.46265e-30 -1.45077e-24 -3.33454e-31  2.04961e-25 -1.03674e-31  8.16263e-26    7.596e-32  1.01552e-26 -2.37414e-32  1.75929e-28  6.71495e-33 -1.23287e-28 -2.02515e-33 -1.87558e-29  4.41479e-34 -1.19966e-30 -5.21037e-35 -1.18233e-32  2.77948e-36  3.45346e-33 -8.88059e-38  2.27922e-34  -1.3896e-39  5.29529e-36  8.27522e-40  2.69849e-38
 1.09963e-24 -7.95235e-41 -9.31299e-23  5.77702e-38  3.11135e-21 -1.95273e-36 -6.34233e-20  3.28729e-35  9.11342e-19 -3.09809e-34 -9.92965e-18  1.18463e-33  8.56971e-17  1.05087e-32 -6.02825e-16 -2.24837e-31  3.52504e-15  2.20713e-30 -1.73754e-14 -1.53138e-29  7.29085e-14  8.31666e-29 -2.62199e-13   -3.691e-28  8.11568e-13  1.36881e-27 -2.16619e-12  -4.2931e-27  4.98429e-12  1.14499e-26 -9.85866e-12 -2.59661e-26  1.66634e-11  4.97557e-26 -2.38212e-11 -7.93058e-26  2.83069e-11  1.01653e-25 -2.71189e-11 -9.66479e-26  1.96921e-11  5.12217e-26 -9.14685e-12  1.83904e-26  5.26726e-13 -5.58107e-26  2.96291e-12 -1.15619e-26 -2.13033e-12  2.13535e-25  1.87612e-13 -4.82343e-25  6.01506e-13  6.58166e-25 -2.91775e-13 -5.74001e-25 -8.55336e-14  1.70106e-25  1.02974e-13  4.47909e-25  3.70881e-15 -1.05573e-24 -2.64741e-14  1.43034e-24  1.17612e-15 -1.46189e-24  5.92214e-15  1.19288e-24 -1.86546e-16 -7.74894e-25 -1.18511e-15  3.79653e-25 -6.26984e-17 -1.16821e-25  1.98113e-16  1.67296e-27  3.75332e-17  1.75724e-26 -2.34158e-17 -3.84141e-27 -9.38904e-18 -7.21556e-27  1.09156e-18  8.99529e-27  1.30952e-18 -6.45053e-27  1.75953e-19  3.54184e-27 -8.33035e-20 -1.42918e-27 -3.44086e-20  2.60644e-28 -1.82863e-21  1.30164e-28  1.87397e-21  -1.2796e-28  5.45598e-22  5.38741e-29  2.88608e-23 -1.51499e-29 -1.76976e-23  3.36942e-30 -4.86516e-24 -4.09126e-31 -4.27164e-25 -1.33722e-31  4.60285e-26  8.72953e-32  1.72456e-26 -2.52238e-32  2.01119e-27  7.08546e-33  6.64942e-29 -2.13992e-33 -1.11793e-29  4.41828e-34  -1.6858e-30  -4.6275e-35 -9.90336e-32  1.90272e-36 -2.08969e-33 -5.46731e-38   4.4801e-35  8.43241e-40  2.34937e-36   2.4965e-40
-3.16111e-40  3.18081e-23 -2.19677e-38 -1.53715e-21  1.25874e-36   3.9293e-20 -2.93004e-35 -6.68279e-19  3.93657e-34  8.35485e-18 -3.13873e-33 -8.11744e-17  1.05087e-32  6.34774e-16  8.35124e-32 -4.09081e-15 -1.62633e-30  2.20892e-14  1.46965e-29 -1.01122e-13 -9.46385e-29  3.95715e-13  4.79883e-28 -1.33101e-12 -1.99734e-27  3.86006e-12  6.96914e-27 -9.66081e-12 -2.06117e-26  2.08367e-11  5.19049e-26 -3.85712e-11 -1.11149e-25  6.08139e-11  2.00713e-25 -8.06231e-11  -2.9954e-25   8.7929e-11   3.5259e-25 -7.57721e-11 -2.86021e-25   4.7156e-11  6.04391e-26 -1.53534e-11  2.61579e-25 -5.07127e-12 -4.97265e-25  9.23902e-12  4.29989e-25 -3.92861e-12  2.53243e-26 -1.03454e-12 -6.98583e-25  1.70813e-12  1.20884e-24 -2.97564e-13 -1.18168e-24 -4.10919e-13  4.94909e-25  1.73554e-13   6.2785e-25  7.95145e-14 -1.74032e-24 -5.16983e-14  2.41915e-24   -1.559e-14 -2.46952e-24  1.16394e-14  1.98347e-24  3.53873e-15 -1.24795e-24 -2.04098e-15  5.74767e-25 -8.35693e-16 -1.50327e-25  2.41463e-16 -1.53872e-26  1.66739e-16  2.71758e-26 -6.53096e-18  2.77242e-27 -2.34131e-17 -1.94003e-26 -3.97907e-18  1.87164e-26  1.73821e-18 -1.22037e-26   7.9203e-19  6.36164e-27  2.61837e-20 -2.42423e-27 -5.80847e-20   3.5116e-28 -1.56547e-20  2.74494e-28   4.8435e-24  -2.2449e-28  8.72588e-22    8.465e-29  1.97541e-22 -2.10255e-29  7.18025e-24  4.16161e-30 -5.40897e-24 -4.71011e-31 -1.28013e-24 -1.41468e-31 -1.07102e-25  8.55852e-32  6.41376e-27 -2.34402e-32  2.60974e-27  6.80956e-33  2.84819e-28  -2.0662e-33  1.20135e-29  4.00996e-34 -4.57439e-31 -3.67906e-35  -8.1521e-32  1.09753e-36 -3.86966e-33  -3.3563e-38 -6.80211e-35  1.44496e-39 -1.14087e-37
-7.21562e-24  2.86113e-39  6.17463e-22 -6.18198e-37 -2.08528e-20  2.03882e-35  4.29899e-19 -3.65011e-34 -6.25065e-18  4.07283e-33  6.89512e-17  -2.8086e-32 -6.02825e-16  8.35124e-32  4.29839e-15  6.00349e-31 -2.54955e-14 -1.07146e-29  1.27567e-13  8.95735e-29 -5.43803e-13 -5.37285e-28   1.9886e-12  2.55056e-27 -6.26522e-12 -9.97553e-27  1.70418e-11  3.27964e-26 -4.00154e-11 -9.15656e-26  8.09052e-11  2.17888e-25  -1.4008e-10 -4.40852e-25  2.05711e-10  7.50687e-25 -2.52142e-10  -1.0498e-24  2.50844e-10  1.13547e-24 -1.91736e-10 -7.74708e-25   9.7781e-11  -1.1778e-25 -1.39488e-11  1.30233e-24 -2.56859e-11 -2.22053e-24  2.24505e-11  2.28273e-24 -4.13942e-12 -1.29388e-24 -5.39296e-12  -3.0871e-25   3.4966e-12  1.64177e-24  4.67444e-13 -1.89598e-24 -1.12418e-12  8.29174e-25  9.59022e-14  1.10183e-24  2.76554e-13 -3.02962e-24 -4.78846e-14  4.16333e-24 -6.17076e-14 -4.16762e-24  1.02337e-14  3.24706e-24  1.29613e-14 -1.94621e-24 -9.60616e-16  8.18542e-25 -2.39985e-15 -1.59495e-25 -1.64165e-16 -5.69318e-26  3.39774e-16  3.89595e-26  8.37338e-17  2.07348e-26 -2.74175e-17 -4.35734e-26 -1.56137e-17   3.6038e-26 -5.13712e-19 -2.17756e-26  1.39253e-18  1.07847e-26  3.70983e-19 -3.84936e-27  -1.9989e-20  3.99921e-28 -3.02125e-20  5.18956e-28 -5.89528e-21 -3.62758e-28  2.27461e-22  1.22143e-28  3.17698e-22 -2.64316e-29  5.96102e-23  4.58989e-30  1.90933e-24 -5.12714e-31 -1.23093e-24 -1.10583e-31 -2.61497e-25  6.68761e-32 -2.14096e-26 -1.85487e-32  3.57836e-28  5.99284e-33  2.60243e-28 -1.82127e-33  2.61598e-29  3.28711e-34  1.12954e-30 -2.59272e-35  3.39053e-33  5.01408e-37 -1.53336e-33 -2.05323e-38   -4.347e-35  8.95492e-40
 2.42606e-39 -1.90582e-22  2.10649e-37  9.31034e-21 -1.13045e-35 -2.40702e-19  2.68466e-34  4.14247e-18 -3.89941e-33  -5.2434e-17   3.7089e-32  5.16079e-16 -2.24837e-31 -4.09081e-15  6.00349e-31  2.67412e-14  3.93454e-30 -1.46571e-13 -6.47176e-29  6.81631e-13  5.02578e-28 -2.71211e-12 -2.81653e-27  9.28428e-12  1.25452e-26 -2.74339e-11 -4.61818e-26  7.00478e-11  1.43229e-25  -1.5437e-10 -3.77787e-25  2.92531e-10  8.49868e-25 -4.73313e-10 -1.62498e-24  6.46104e-10  2.60903e-24 -7.29274e-10 -3.41765e-24  6.56302e-10  3.38998e-24 -4.35601e-10  -1.8905e-24  1.66125e-10 -1.16352e-24  2.55477e-11  4.91707e-24 -8.06742e-11 -7.78284e-24  4.24527e-11  8.30392e-24  4.46014e-12 -6.14035e-24 -1.58897e-11  2.41942e-24  4.58963e-12  8.68301e-25  3.32648e-12 -2.02244e-24 -2.08352e-12  5.67893e-25 -5.25733e-13  2.57865e-24  5.92077e-13 -5.73369e-24  8.49835e-14  7.42184e-24 -1.35806e-13 -7.10011e-24 -2.05082e-14  5.25475e-24  2.58857e-14 -2.93068e-24  6.11423e-15  1.07499e-24 -3.75305e-15 -9.92236e-26 -1.52386e-15 -1.42697e-25  3.01519e-16   5.1011e-26  2.63976e-16  5.91415e-26  1.57705e-17 -8.70627e-26 -2.66372e-17  6.48049e-26 -7.62197e-18 -3.67346e-26  7.05492e-19  1.72783e-26  8.00659e-19 -5.72964e-27  1.38369e-19  3.41868e-28 -1.94186e-20  8.92163e-28 -1.24337e-20 -5.42104e-28 -1.87911e-21  1.62152e-28  1.11743e-22 -2.98922e-29  9.09184e-23  4.40658e-30  1.48171e-23 -5.28629e-31  5.36412e-25 -3.21644e-32 -1.99728e-25   3.1803e-32 -3.94547e-26 -1.17364e-32 -3.12772e-27  4.87557e-33 -3.76725e-29 -1.46178e-33  1.48052e-29  2.41798e-34  1.34158e-30 -1.59198e-35  4.83863e-32  1.48988e-37  5.31841e-34 -1.12508e-38 -3.69612e-36
 3.92214e-23 -2.58157e-38 -3.39299e-21  4.90369e-36  1.15895e-19 -1.60862e-34 -2.41781e-18  2.99663e-33  3.55931e-17 -3.64704e-32 -3.97755e-16  3.01332e-31  3.52504e-15 -1.62633e-30 -2.54955e-14  3.93454e-30  1.53502e-13  2.36597e-29 -7.80217e-13 -3.60353e-28  3.38153e-12  2.60847e-27 -1.25841e-11 -1.36928e-26  4.03902e-11  5.73333e-26 -1.12059e-10 -1.98923e-25  2.68762e-10   5.8253e-25 -5.55995e-10 -1.45239e-24  9.87097e-10  3.08937e-24 -1.49063e-09 -5.58109e-24  1.88649e-09  8.44362e-24 -1.95051e-09 -1.03446e-23  1.56927e-09   9.3632e-24 -8.73164e-10 -4.02638e-24  1.92333e-10 -5.32094e-24  1.77666e-10  1.59112e-23 -1.95464e-10 -2.35907e-23  5.49375e-11   2.5125e-23  3.79723e-11 -2.01987e-23 -3.38471e-11  1.16516e-23  8.84317e-14 -3.84083e-24  9.89102e-12  2.70068e-25 -2.12838e-12 -1.86819e-24 -2.28384e-12  6.76711e-24   7.5988e-13 -1.16288e-23  4.99449e-13  1.36919e-23 -1.71892e-13 -1.22023e-23 -1.09707e-13  8.37598e-24  2.58721e-14 -4.21903e-24  2.25502e-14  1.24718e-24 -1.44125e-15  1.07618e-25 -3.74617e-15  -3.0001e-25 -4.50864e-16   5.9615e-26  4.08004e-16  1.29922e-25  1.39537e-16 -1.58866e-25 -1.40646e-17  1.09477e-25 -1.70627e-17 -5.87077e-26 -2.75257e-18  2.61952e-26  7.01643e-19 -8.00442e-27  3.61081e-19  9.67748e-29  4.19893e-20  1.40806e-27 -9.68928e-21  -7.5155e-28 -4.13372e-21  1.98126e-28 -5.14607e-22 -2.99373e-29  3.08884e-23  3.44458e-30   2.0131e-23 -5.11329e-31  2.94274e-24  8.92198e-32  1.28967e-25 -1.37428e-32 -2.11691e-26 -4.79963e-33  -4.0791e-27  3.72743e-33 -3.00432e-28 -1.06396e-33   -7.639e-30  1.58104e-34  3.48162e-31 -8.25804e-36   2.8962e-32 -4.44574e-39  5.94555e-34  -4.4486e-39
-1.90418e-38  9.53184e-22 -1.48344e-36  -4.7099e-20  7.87693e-35  1.23224e-18 -1.90204e-33 -2.14722e-17   2.9061e-32  2.75347e-16 -3.03058e-31 -2.74723e-15  2.20713e-30  2.20892e-14 -1.07146e-29 -1.46571e-13  2.36597e-29   8.1609e-13  1.31246e-28 -3.85852e-12 -1.85828e-27  1.56226e-11  1.25754e-26  -5.4477e-11 -6.19685e-26  1.64161e-10  2.44308e-25 -4.28026e-10 -7.99827e-25  9.64759e-10  2.21322e-24 -1.87347e-09 -5.21788e-24  3.11398e-09  1.04942e-23 -4.38153e-09  -1.7903e-23  5.12335e-09  2.54913e-23 -4.81788e-09 -2.91309e-23  3.40547e-09  2.38499e-23 -1.48681e-09 -6.92082e-24 -2.39558e-11 -1.91024e-23   5.8187e-10  4.61492e-23 -3.76952e-10 -6.43033e-23  1.02841e-11  6.72228e-23  1.20828e-10 -5.55199e-23 -5.09918e-11  3.60467e-23 -2.03611e-11 -1.80734e-23  1.98679e-11  8.73506e-24   1.8179e-12 -9.79593e-24 -5.40493e-12  1.72466e-23 -1.06919e-14 -2.42495e-23  1.25174e-12  2.56846e-23  1.41757e-14 -2.09253e-23 -2.54639e-13  1.30129e-23 -2.37428e-14 -5.70229e-24  4.24867e-14  1.14218e-24  9.87196e-15  5.73256e-25 -4.84321e-15 -5.61821e-25 -2.27185e-15  6.04182e-26  1.64661e-16  2.45752e-25  3.00517e-16 -2.68368e-25  5.01118e-17  1.74502e-25 -1.70105e-17 -8.90463e-26 -8.30834e-18  3.76283e-26 -6.95179e-19 -1.05055e-26  3.90217e-19 -4.12511e-28  1.32534e-19  2.05472e-27   1.0717e-20 -9.69078e-28 -3.36794e-21  2.22497e-28 -1.11098e-21 -2.56027e-29 -1.20848e-22  1.68777e-30  5.11796e-24 -4.51414e-31  3.32764e-24  2.34392e-31  4.43644e-25 -6.01698e-32  2.22014e-26  5.74851e-34 -1.19556e-27  2.74472e-33 -2.57186e-28  -6.9885e-34 -1.63712e-29  9.06834e-35  -4.2327e-31 -3.40087e-36  7.82275e-35 -3.73451e-38  1.09237e-34
-1.79019e-22  1.29041e-37   1.5665e-20 -3.05956e-35  -5.4151e-19  1.00709e-33  1.14389e-17 -1.93206e-32 -1.70607e-16  2.48984e-31  1.93276e-15 -2.26266e-30 -1.73754e-14  1.46965e-29  1.27567e-13 -6.47176e-29 -7.80217e-13  1.31246e-28  4.03176e-12  6.74673e-28 -1.77808e-11 -8.91039e-27  6.73978e-11  5.65143e-26 -2.20577e-10 -2.61921e-25   6.2479e-10  9.73616e-25 -1.53214e-09 -3.01056e-24  3.24644e-09  7.87635e-24 -5.91632e-09 -1.75625e-23  9.19739e-09  3.33893e-23 -1.20313e-08 -5.37485e-23  1.29396e-08  7.19004e-23 -1.09585e-08 -7.63405e-23  6.61987e-09  5.57422e-23 -1.93801e-09 -6.96685e-24 -9.56693e-10 -5.95485e-23   1.4239e-09  1.22623e-22 -5.45528e-10 -1.60861e-22  -2.0138e-10  1.63649e-22  2.69495e-10 -1.35335e-22 -3.53082e-11  9.15766e-23 -7.04137e-11 -5.16084e-23  2.61145e-11  2.98375e-23  1.46621e-11 -2.93002e-23 -8.32805e-12  4.08115e-23 -3.02503e-12  -5.0045e-23  1.94303e-12  4.78727e-23  6.94391e-13 -3.52384e-23 -3.44991e-13  1.94098e-23  -1.6232e-13 -7.02021e-24  3.94976e-14  4.47083e-25  3.19797e-14  1.43414e-24  -3.1595e-16 -9.62872e-25 -4.40217e-15  5.27649e-26 -8.72642e-16  4.15732e-25  3.04686e-16 -4.23225e-25  1.58615e-16  2.63375e-25  9.43029e-18  -1.2839e-25 -1.06945e-17  5.12746e-26 -3.24461e-18 -1.29626e-26 -9.33438e-20 -1.23511e-27  1.57391e-19  2.78834e-27  4.02507e-20 -1.16484e-27  2.44065e-21  2.28813e-28 -8.60527e-22 -1.68568e-29 -2.37541e-22 -6.94749e-31 -2.36339e-23 -3.42212e-31  3.68105e-25  3.74724e-31  3.86434e-25 -9.74276e-32  4.70934e-26  3.45861e-33  2.42686e-27  2.00186e-33  -9.8578e-30  -4.1286e-34 -8.04969e-30  4.48012e-35 -3.87292e-31 -9.43887e-37 -6.03405e-33 -2.19289e-38
  1.4541e-37 -4.02508e-21   8.1094e-36  2.01292e-19 -4.43025e-34 -5.33287e-18  1.08435e-32  9.41535e-17 -1.72077e-31 -1.22403e-15  1.90797e-30   1.2389e-14 -1.53138e-29 -1.01122e-13  8.95735e-29  6.81631e-13 -3.60353e-28 -3.85852e-12  6.74673e-28  1.85634e-11  3.22648e-27  -7.6552e-11 -3.98634e-26  2.72168e-10  2.37486e-25 -8.37207e-10 -1.03687e-24  2.23136e-09  3.63844e-24 -5.14939e-09 -1.06348e-23  1.02583e-08  2.63182e-23 -1.75359e-08 -5.55057e-23  2.54616e-08  9.97112e-23 -3.08749e-08  -1.5129e-22  3.03589e-08  1.89703e-22  -2.2828e-08 -1.86112e-22  1.12274e-08  1.18501e-22 -1.09838e-09  1.04419e-23 -3.47178e-09 -1.67338e-22  2.79819e-09  3.02204e-22 -4.10582e-10  -3.7388e-22   -7.502e-10  3.68419e-22  4.45105e-10 -3.00723e-22   8.2523e-11  2.04595e-22 -1.53899e-10 -1.19158e-22  8.31047e-12  7.31448e-23  3.97797e-11 -7.05495e-23 -5.77999e-12  8.94296e-23 -9.19121e-12 -9.98704e-23  1.28902e-12   8.6925e-23  1.97547e-12 -5.73491e-23 -1.02343e-13  2.72983e-23 -3.70874e-13 -7.42565e-24 -3.30668e-14 -1.25566e-24  5.26269e-14  2.82019e-24  1.42908e-14 -1.53677e-24 -4.08567e-15  4.84156e-26 -2.58512e-15   6.3933e-25  -1.3576e-16 -6.26821e-25  2.21648e-16  3.77522e-25   6.4586e-17 -1.76207e-25 -1.76506e-18   6.6358e-26 -4.86193e-18 -1.50449e-26 -1.04669e-18 -2.36829e-27  1.01403e-20  3.53678e-27  4.89013e-20 -1.30807e-27  1.01342e-20  2.13905e-28  5.28015e-22 -4.75664e-30 -1.60277e-22 -3.36728e-30 -3.90659e-23 -1.87557e-31 -3.62915e-24  4.81552e-31 -3.36484e-26 -1.18463e-31   2.8483e-26   3.9346e-33  3.15186e-27  1.47025e-33  1.47122e-28 -2.20317e-34  1.89049e-30   1.8591e-35 -7.71629e-32 -5.47961e-38 -1.73737e-33
 6.92637e-22  -2.1277e-37 -6.13459e-20  1.55295e-34  2.14754e-18 -5.15898e-33 -4.59668e-17  1.01245e-31  6.95088e-16 -1.36298e-30 -7.98868e-15  1.32038e-29  7.29085e-14 -9.46385e-29 -5.43803e-13  5.02578e-28  3.38153e-12 -1.85828e-27 -1.77808e-11  3.22648e-27  7.98672e-11  1.44028e-26 -3.08647e-10 -1.66892e-25  1.03103e-09  9.35693e-25 -2.98469e-09 -3.85408e-24  7.49159e-09  1.27802e-23  -1.6277e-08 -3.53356e-23  3.04843e-08  8.27426e-23 -4.88429e-08 -1.65045e-22  6.61157e-08  2.79988e-22 -7.40371e-08 -3.99859e-22  6.60153e-08   4.6858e-22 -4.31285e-08  -4.2159e-22  1.56059e-08  2.25426e-22  3.63631e-09  8.91687e-23 -8.73677e-09 -4.31587e-22  4.34431e-09  6.96182e-22  6.74146e-10 -8.14003e-22 -1.78105e-09  7.75019e-22  4.70268e-10 -6.18503e-22  4.00255e-10  4.13748e-22 -2.35185e-10 -2.39194e-22 -6.80639e-11  1.50777e-22  7.02626e-11 -1.49498e-22  1.16837e-11  1.82917e-22 -1.67093e-11 -1.90592e-22 -2.82877e-12  1.51691e-22  3.27401e-12 -8.89786e-23  8.32738e-13  3.54048e-23 -4.83154e-13 -5.71177e-24 -2.07949e-13 -4.40221e-24  3.81832e-14   4.8061e-24  3.62475e-14 -2.31859e-24  2.58565e-15   8.3851e-26 -3.63491e-15   9.0044e-25 -1.10219e-15  -8.7606e-25  8.21046e-17  5.15206e-25  1.12147e-16 -2.30432e-25   2.0928e-17  8.16641e-26   -2.299e-18 -1.64361e-26 -1.72941e-18 -3.74407e-27 -2.84623e-19  4.21349e-27  8.97557e-21  -1.3757e-27  1.18278e-20  1.79203e-28  2.08636e-21  8.76745e-30  1.07322e-22 -5.89802e-30 -2.06933e-23 -6.84692e-33 -4.67761e-24  5.35499e-31 -4.02059e-25 -1.21309e-31 -1.01498e-26  2.86225e-33  1.09763e-27  1.07732e-33  1.10941e-28 -1.08772e-34  3.85457e-30  6.25469e-36  4.19229e-32  8.45834e-38
-1.01422e-36  1.44631e-20 -3.49544e-35 -7.32539e-19  2.06421e-33  1.96664e-17 -5.10184e-32 -3.52062e-16  8.34591e-31   4.6437e-15  -9.7042e-30 -4.77185e-14  8.31666e-29  3.95715e-13 -5.37285e-28 -2.71211e-12  2.60847e-27  1.56226e-11 -8.91039e-27  -7.6552e-11  1.44028e-26  3.21845e-10  6.01891e-26 -1.16787e-09 -6.55558e-25  3.67105e-09  3.46478e-24 -1.00125e-08 -1.34808e-23  2.36846e-08  4.22822e-23 -4.84614e-08 -1.10648e-22  8.53013e-08  2.45219e-22 -1.27963e-07 -4.62526e-22  1.61097e-07  7.40402e-22  -1.6576e-07 -9.93537e-22   1.3249e-07  1.08401e-21 -7.25512e-08 -8.85117e-22  1.42693e-08  3.70663e-22  1.69357e-08  3.40049e-22 -1.75522e-08 -1.03194e-21  4.60486e-09  1.50703e-21  3.73104e-09 -1.66988e-21 -3.16627e-09  1.53438e-21 -5.43747e-11  -1.1883e-21  9.76299e-10     7.68e-22 -2.00022e-10 -4.28945e-22 -2.34691e-10  2.75487e-22  7.65052e-11 -2.90248e-22  5.29756e-11  3.52256e-22 -1.80676e-11  -3.4627e-22 -1.19603e-11  2.52277e-22  2.81289e-12 -1.30114e-22  2.52547e-12   4.0962e-23 -1.58331e-13 -3.09781e-25 -4.30415e-13 -9.27472e-24 -5.33759e-14  7.35894e-24  4.77675e-14 -3.35679e-24  1.67139e-14  2.31912e-25 -1.59935e-15  1.16457e-24 -2.05606e-15 -1.16026e-24 -3.46013e-16  6.70684e-25  8.12729e-17 -2.87338e-25  4.40683e-17  9.57102e-26  5.50945e-18 -1.69244e-26  -1.0666e-18 -5.23293e-27 -4.93853e-19  4.73794e-27 -6.60158e-20 -1.35933e-27  2.33272e-21  1.30531e-28  2.19233e-21  2.14373e-29  3.39921e-22 -7.86288e-30  1.83862e-23  1.68163e-31 -1.64999e-24  5.31599e-31 -3.74628e-25 -1.08999e-31 -2.86478e-26  1.33942e-33 -8.69312e-28  7.62316e-34  1.23221e-29 -5.23703e-35   1.4008e-30  1.61627e-36  1.95724e-32
 -2.2859e-21 -2.71086e-36  2.05068e-19 -6.54093e-34 -7.27541e-18  2.20866e-32  1.57914e-16 -4.40564e-31 -2.42297e-15  6.15027e-30   2.8275e-14 -6.26371e-29 -2.62199e-13  4.79883e-28   1.9886e-12 -2.81653e-27 -1.25841e-11  1.25754e-26  6.73978e-11 -3.98634e-26 -3.08647e-10  6.01891e-26  1.21734e-09  2.36074e-25 -4.15518e-09 -2.42156e-24  1.23075e-08   1.2083e-23 -3.16567e-08 -4.44585e-23  7.06133e-08     1.32e-22 -1.36079e-07   -3.271e-22  2.24999e-07  6.86192e-22 -3.15556e-07 -1.22349e-21  3.68312e-07   1.8463e-21 -3.45886e-07 -2.32295e-21   2.4365e-07  2.34836e-21 -1.04506e-07 -1.71424e-21 -5.23106e-09  4.80056e-22  4.51627e-08    1.009e-21 -2.86479e-08 -2.30196e-21  2.85239e-10  3.07734e-21  9.77124e-09 -3.24237e-21  -4.0754e-09  2.87369e-21 -1.72673e-09 -2.14454e-21  1.67413e-09  1.31656e-21  1.59326e-10 -6.93528e-22 -4.73428e-10  4.57526e-22  3.75656e-13  -5.2852e-22   1.1353e-10  6.43071e-22  6.37809e-13 -5.97982e-22 -2.39218e-11  3.97762e-22 -2.08702e-12 -1.77393e-22  4.14237e-12  3.94987e-23  9.41259e-13  1.03423e-23  -4.9167e-13 -1.57646e-23 -2.27042e-13  1.03073e-23  1.81978e-14 -4.73284e-24  3.10487e-14  6.05178e-25  5.13745e-15  1.38208e-24 -1.79195e-15  -1.4616e-24 -8.74903e-16  8.33872e-25 -7.51671e-17 -3.41787e-25  4.05451e-17  1.07033e-25  1.40248e-17 -1.64782e-26  1.21296e-18 -6.66458e-27 -3.28306e-19  5.05509e-27 -1.13388e-19 -1.26767e-27 -1.30054e-20  7.64052e-29  3.02159e-22  3.12583e-29  2.99533e-22 -8.95176e-30  4.14919e-23  3.05064e-31   2.3113e-24  4.78633e-31 -5.74642e-26 -8.76313e-32 -1.74921e-26  1.83816e-34 -1.10065e-27  5.00228e-34  -2.7687e-29 -2.57504e-35 -1.15273e-31  2.85268e-37
 6.26502e-36 -4.44395e-20  1.15637e-34  2.28136e-18 -8.11699e-33 -6.21155e-17  2.01576e-31  1.12844e-15 -3.37781e-30 -1.51144e-14  4.09016e-29  1.57829e-13   -3.691e-28 -1.33101e-12  2.55056e-27  9.28428e-12 -1.36928e-26  -5.4477e-11  5.65143e-26  2.72168e-10 -1.66892e-25 -1.16787e-09  2.36074e-25  4.33012e-09  8.70995e-25 -1.39254e-08  -8.4288e-24  3.89138e-08  3.97595e-23 -9.44736e-08 -1.38484e-22  1.98798e-07  3.89491e-22  -3.6079e-07 -9.14327e-22  5.59924e-07  1.81567e-21 -7.32739e-07 -3.05895e-21  7.89659e-07  4.34634e-21 -6.70587e-07 -5.11373e-21   4.0533e-07  4.75999e-21 -1.15843e-07 -3.03687e-21 -6.48924e-08  3.09828e-22  9.35275e-08  2.58393e-21 -3.57651e-08 -4.81167e-21 -1.39469e-08  5.94609e-21  1.86632e-08 -5.98059e-21 -2.52353e-09  5.11051e-21 -5.04114e-09 -3.64639e-21  1.94918e-09  2.08541e-21  1.07164e-09 -1.00809e-21  -6.4611e-10  7.01587e-22 -2.24786e-10 -9.16677e-22  1.57046e-10  1.11806e-21  5.32032e-11 -9.81046e-22 -2.92662e-11  5.92394e-22 -1.30368e-11 -2.22597e-22  3.59956e-12  2.52484e-23  2.70446e-12  2.71368e-23 -7.38502e-14 -2.31459e-23 -3.91533e-13  1.33575e-23 -7.31534e-14 -6.57865e-24  2.87496e-14   1.3428e-24   1.4287e-14  1.49845e-24  7.48512e-16 -1.75703e-24 -9.97191e-16  9.90744e-25 -2.96841e-16 -3.87882e-25 -8.13097e-18  1.14517e-25  1.44019e-17 -1.52765e-26   3.6797e-18 -7.86009e-27  2.35224e-19  5.14663e-27 -7.29063e-20 -1.12336e-27 -2.05772e-20  2.54967e-29 -2.11154e-21  3.70121e-29  6.08123e-24 -9.04401e-30  2.81855e-23  3.84627e-31  3.49369e-24   3.9406e-31  1.85785e-25 -6.37462e-32  1.15334e-27 -3.10791e-34 -3.66764e-28  2.93062e-34 -1.59335e-29 -1.22406e-35  -1.6322e-31
