 7.68257e-39  8.53874e-54 -2.51729e-38 -1.80795e-52  4.21938e-38  1.23195e-51 -4.22253e-38 -4.30495e-51  1.64806e-38  1.61414e-50 -2.22463e-38 -6.43402e-50  8.55544e-38  2.55899e-49 -1.62281e-37 -1.45792e-48  2.29168e-37  6.68632e-48 -2.73011e-37 -1.62317e-47  2.34113e-37  4.15121e-47 -1.06812e-37 -1.19125e-46 -1.38817e-38  1.42378e-46  4.58902e-38   1.5295e-46 -1.00749e-38  -1.6234e-46 -2.22983e-38 -1.27515e-45  2.76563e-38  2.62578e-45 -4.86199e-38 -2.23434e-45  2.00157e-37  2.53484e-45 -8.78673e-37 -4.95281e-45  3.54861e-36  5.25158e-45 -1.30878e-35 -2.97462e-45  4.40294e-35  3.42093e-45 -1.35001e-34 -1.49837e-44   3.7683e-34  5.55773e-44  -9.5592e-34 -1.82494e-43  2.19853e-33  5.55974e-43 -4.56983e-33 -1.57999e-42   8.5493e-33  4.19592e-42 -1.43178e-32 -1.04037e-41  2.13128e-32  2.40732e-41 -2.79273e-32 -5.19709e-41  3.17781e-32  1.04634e-40 -3.07637e-32 -1.96335e-40  2.44845e-32   3.4308e-40 -1.49604e-32 -5.57776e-40  5.75677e-33  8.42791e-40  1.30063e-34 -1.18206e-39 -2.00209e-33  1.53679e-39  1.36232e-33 -1.84926e-39 -2.61819e-34  2.05628e-39 -2.22702e-34 -2.10929e-39  1.65395e-34   1.9926e-39 -1.24025e-35 -1.73069e-39  -3.1636e-35  1.38003e-39   1.1735e-35 -1.00904e-39   2.3346e-36  6.75938e-40  -1.9009e-36 -4.14656e-40 -1.84697e-37  2.32868e-40  2.37324e-37 -1.19632e-40  5.05381e-38   5.6094e-41 -6.24698e-38  -2.3882e-41  2.12531e-38  9.14463e-42  -8.1753e-39  -3.1027e-42  3.69524e-39  9.13727e-43 -1.14586e-39 -2.27392e-43  2.51295e-40  4.62174e-44 -4.66741e-41 -7.33245e-45  6.82807e-42  8.49295e-46 -6.43525e-43 -6.36339e-47  3.74973e-44    2.196e-48  -1.3763e-45  3.69694e-50  2.28356e-47 -3.17743e-51
 8.53874e-54  4.46702e-38  8.84645e-53  -1.3718e-37 -1.59155e-51  2.23944e-37  1.20211e-50  -1.5926e-37 -4.71403e-50  2.92119e-39  1.82636e-49 -4.02957e-38  -7.2423e-49   2.7332e-37  2.94188e-48 -5.11471e-37 -1.58376e-47  7.43945e-37   6.6979e-47  -9.0954e-37 -1.49874e-46  7.69295e-37  3.53108e-46 -3.29052e-37 -9.31432e-46 -6.66238e-38  1.03882e-45  1.50872e-37  1.12727e-45 -1.29306e-38 -1.28324e-45 -1.29351e-37 -7.82131e-45  3.59382e-37  1.54968e-44 -1.52901e-36 -1.19621e-44  7.01102e-36  1.32816e-44 -2.96863e-35 -2.75547e-44  1.14702e-34  3.10062e-44  -4.0428e-34  -2.9162e-44  1.29923e-33  7.45443e-44 -3.80362e-33 -2.82024e-43  1.01295e-32  9.63891e-43 -2.44895e-32 -3.04403e-42  5.36003e-32  8.96648e-42 -1.05822e-31 -2.46458e-41  1.87566e-31  6.32504e-41 -2.96621e-31 -1.51512e-40  4.15067e-31   3.3865e-40 -5.08087e-31 -7.05997e-40  5.35115e-31    1.372e-39 -4.72349e-31 -2.48359e-39  3.33278e-31  4.18396e-39 -1.68356e-31 -6.55249e-39  3.75573e-32  9.52784e-39  2.60027e-32  -1.2845e-38   -3.147e-32  1.60302e-38  1.29132e-32 -1.84858e-38  1.34416e-33  1.96614e-38 -3.98962e-33 -1.92482e-38  1.35867e-33  1.73091e-38  4.01828e-34  -1.4269e-38 -4.03672e-34  1.07638e-38  3.36232e-35 -7.41942e-39  5.36355e-35  4.66958e-39 -9.32963e-36 -2.68357e-39  -7.3969e-36   1.4094e-39  1.89507e-36 -6.77149e-40  7.35299e-37  2.97557e-40 -3.13654e-37 -1.19146e-40  5.16454e-38  4.30582e-41 -3.60359e-38  -1.3809e-41  1.81946e-38  3.83551e-42 -4.57997e-39 -8.94192e-43  8.96373e-40  1.68283e-43 -1.67433e-40 -2.43015e-44  2.11935e-41  2.50014e-45 -1.51788e-42 -1.60042e-46  7.15769e-44  4.30729e-48 -1.92936e-45  6.89663e-50  1.27321e-47
-2.51729e-38  8.84645e-53   2.0047e-37  6.31035e-52 -5.58393e-37 -1.35299e-50  7.47285e-37  1.05951e-49 -3.38813e-37 -3.98724e-49 -1.62411e-37  1.60538e-48 -1.10334e-38  -6.3369e-48  5.80143e-37  2.43506e-47 -1.09346e-36 -1.16336e-46   1.6837e-36  4.50355e-46 -2.12712e-36 -9.28498e-46  1.78491e-36  2.04559e-45 -7.19904e-37 -5.03393e-45 -1.99782e-37  5.34632e-45  3.23398e-37  5.68356e-45  2.25486e-37  -7.2315e-45 -1.66955e-36 -3.31504e-44  8.03735e-36  6.44791e-44 -3.84985e-35 -4.49429e-44  1.70743e-34  4.92689e-44 -6.91163e-34 -1.14291e-43  2.55209e-33  1.60717e-43 -8.59451e-33 -2.95729e-43  2.63804e-32  9.95214e-43 -7.37189e-32 -3.53201e-42  1.87223e-31  1.15578e-41 -4.31112e-31   -3.525e-41  8.97199e-31  1.00358e-40 -1.68056e-30 -2.66677e-40  2.81792e-30  6.61476e-40 -4.19952e-30 -1.53121e-39  5.50866e-30  3.30665e-39 -6.27349e-30  -6.6581e-39  6.07572e-30  1.24918e-38 -4.83328e-30 -2.18193e-38  2.94515e-30  3.54442e-38 -1.12006e-30 -5.34822e-38 -4.43753e-32   7.4855e-38  4.08511e-31 -9.70244e-38 -2.73314e-31  1.16252e-37  4.98253e-32 -1.28501e-37  4.69979e-32  1.30747e-37 -3.40183e-32 -1.22163e-37  2.41585e-33  1.04554e-37  6.47422e-33 -8.17602e-38 -2.28875e-33  5.82808e-38 -5.69398e-34 -3.77982e-38  4.11905e-34  2.22814e-38  5.03393e-35 -1.19425e-38 -6.44271e-35  5.83196e-39  1.03164e-36 -2.60365e-39  5.40101e-36  1.06586e-39 -3.08341e-37 -3.99714e-40 -6.68906e-38  1.36081e-40 -1.52048e-37 -4.12399e-41  6.01599e-38  1.08005e-41 -1.07146e-38 -2.35427e-42  2.25154e-39   4.0824e-43 -4.27759e-40 -5.31913e-44  4.03342e-41  4.79401e-45 -2.14632e-42 -2.56586e-46  9.27739e-44  5.17481e-48 -1.06743e-45   5.8976e-50
-1.80795e-52  -1.3718e-37  6.31035e-52  7.55061e-37  4.91371e-51 -1.73387e-36 -1.18603e-49  1.83183e-36  8.02665e-49 -4.22035e-37 -2.79452e-48 -6.91453e-37  1.21667e-47  1.43981e-37 -4.73028e-47  9.52854e-37  1.64331e-46 -1.87979e-36 -6.72432e-46  3.12201e-36  2.35989e-45 -4.07313e-36 -4.45282e-45  3.40488e-36  9.27755e-45 -1.30817e-36 -2.16782e-44 -3.58276e-37  2.24399e-44  -2.2581e-37  2.28792e-44  5.83171e-36 -3.33537e-44 -3.31945e-35  -1.1315e-43  1.67813e-34  2.21808e-43  -7.7961e-34 -1.42262e-43  3.30619e-33  1.65953e-43  -1.2789e-32  -4.7022e-43   4.5125e-32  9.99877e-43 -1.45181e-31 -2.90945e-42  4.25529e-31  1.03137e-41 -1.13463e-30 -3.50625e-41  2.74658e-30  1.10738e-40 -6.01931e-30 -3.26461e-40  1.18997e-29  8.98476e-40 -2.11201e-29 -2.30814e-39   3.3444e-29  5.53444e-39 -4.68579e-29 -1.23826e-38  5.74239e-29  2.58396e-38 -6.05301e-29 -5.02603e-38  5.34457e-29  9.10522e-38 -3.76719e-29 -1.53483e-37  1.89363e-29  2.40454e-37 -4.08107e-30 -3.49638e-37 -3.09925e-30  4.71126e-37  3.64659e-30 -5.87232e-37 -1.46986e-30  6.75699e-37 -1.79387e-31 -7.16098e-37  4.73123e-31  6.97201e-37 -1.58217e-31 -6.21856e-37 -4.83759e-32  5.06582e-37  4.69836e-32  -3.7572e-37 -2.92177e-33   2.5292e-37 -6.91515e-33  -1.5411e-37  1.23637e-33  8.48543e-38  8.86667e-34 -4.22267e-38 -2.48367e-34  1.90503e-38 -6.32619e-35 -7.84089e-39  1.72981e-35  2.96755e-39  5.10006e-36 -1.03692e-39 -3.10841e-37  3.32014e-40 -6.36432e-37  -9.5149e-41   1.2251e-37  2.35064e-41 -1.55997e-38 -4.77958e-42  5.36448e-39  7.58555e-43  -8.2937e-40 -8.80938e-44  4.74738e-41  6.82366e-45 -2.50847e-42 -2.96237e-46  9.07299e-44  4.21534e-48   5.1868e-46
 4.21938e-38 -1.59155e-51 -5.58393e-37  4.91371e-51  2.27941e-36  4.47273e-50 -4.27537e-36 -9.38954e-49  3.57722e-36  5.05324e-48 -8.22691e-38 -1.67203e-47 -1.84052e-36   8.0292e-47  5.13221e-37 -3.03492e-46  1.35485e-36  9.41745e-46 -2.88809e-36 -3.25861e-45  5.12372e-36  1.02527e-44 -6.84449e-36 -1.74799e-44  5.74379e-36   3.4785e-44  -2.4273e-36 -7.88726e-44  1.96516e-36  8.15903e-44 -1.81765e-35  7.89198e-44  1.14671e-34  -1.3278e-43  -6.1502e-34 -3.34245e-43  2.99662e-33   6.8292e-43 -1.33151e-32 -4.42366e-43  5.39575e-32  6.80889e-43 -1.99458e-31 -2.43281e-42  6.72484e-31  7.44655e-42 -2.06668e-30 -2.57065e-41   5.7826e-30  8.98338e-41 -1.47056e-29 -2.94356e-40  3.39087e-29  8.98664e-40 -7.06688e-29 -2.56143e-39  1.32563e-28  6.81582e-39 -2.22604e-28 -1.69298e-38  3.32222e-28  3.92469e-38 -4.36382e-28 -8.48827e-38  4.97564e-28  1.71183e-37 -4.82283e-28 -3.21677e-37  3.83683e-28   5.6275e-37  -2.3334e-28 -9.15544e-37  8.78302e-29  1.38344e-36  4.88572e-30 -1.93871e-36 -3.34755e-29  2.51532e-36  2.20899e-29 -3.01542e-36 -3.84519e-30  3.33274e-36 -3.95826e-30 -3.38721e-36  2.80457e-30  3.15659e-36 -1.82083e-31 -2.68853e-36 -5.40046e-31  2.08528e-36  1.83743e-31  -1.4671e-36   5.3248e-32  9.32462e-37 -3.66405e-32 -5.33317e-37 -3.73802e-33   2.7367e-37  5.26164e-33 -1.25897e-37 -3.26845e-35  5.20974e-38 -4.24439e-34 -1.95774e-38 -1.96744e-35  6.78158e-39  3.09897e-35 -2.19331e-39  3.02073e-36   6.5986e-40 -1.86126e-36 -1.79281e-40  5.16079e-38  4.18426e-41 -2.40068e-38 -7.91075e-42   1.2632e-38  1.13768e-42 -1.02661e-39 -1.15633e-43  3.34299e-41  7.47768e-45 -3.55968e-42 -2.50906e-46  3.41252e-44  2.18432e-48
 1.23195e-51  2.23944e-37 -1.35299e-50 -1.73387e-36  4.47273e-50  5.58929e-36  3.87019e-49 -8.78049e-36 -6.35797e-48  5.88251e-36  2.66425e-47  1.11537e-36 -8.71549e-47   -3.885e-36  4.60365e-46  1.12794e-36 -1.67689e-45  1.94632e-36  4.67476e-45 -4.31254e-36 -1.37052e-44  7.79964e-36  3.81898e-44 -1.06124e-35 -5.76643e-44  9.74567e-36   1.1079e-43 -1.10135e-35 -2.50664e-43  5.42806e-35  2.65742e-43 -3.45943e-34  2.43554e-43  1.95726e-33 -4.67486e-43 -1.00108e-32 -9.02587e-43  4.66202e-32  2.00813e-42 -1.97932e-31 -1.64709e-42  7.66512e-31  3.96927e-42 -2.70783e-30 -1.58465e-41  8.72294e-30  5.66553e-41  -2.5601e-29 -2.01287e-40  6.83571e-29  6.82362e-40 -1.65711e-28 -2.15934e-39  3.63712e-28  6.37434e-39 -7.20143e-28 -1.75684e-38  1.28016e-27  4.52058e-38 -2.03038e-27 -1.08581e-37  2.84918e-27  2.43386e-37 -3.49678e-27 -5.08883e-37  3.69055e-27  9.91862e-37 -3.26116e-27 -1.80073e-36  2.29788e-27  3.04218e-36  -1.1506e-27 -4.77692e-36  2.40199e-28   6.9621e-36  1.98254e-28 -9.40299e-36 -2.27996e-28  1.17469e-35  9.05781e-29 -1.35452e-35  1.24572e-29  1.43812e-35 -3.01837e-29 -1.40197e-35  9.91622e-30  1.25088e-35  3.17924e-30 -1.01772e-35 -2.99468e-30  7.51867e-36  1.47396e-31 -5.01985e-36  4.67174e-31    3.013e-36 -8.55728e-32 -1.61695e-36 -5.58778e-32  7.72028e-37   1.4975e-32 -3.27008e-37  4.61088e-33  1.23158e-37 -1.11886e-33 -4.17438e-38 -4.23491e-34  1.30521e-38  6.59364e-35 -3.87272e-39  2.41677e-35  1.09544e-39 -2.08387e-36 -2.83836e-40  -4.5225e-37  6.27683e-41 -9.85922e-38 -1.09758e-41  2.23261e-38  1.40747e-42 -3.25793e-40 -1.21518e-43  4.28791e-41  6.24708e-45 -4.40891e-42 -1.48354e-46 -3.95067e-44
-4.22253e-38  1.20211e-50  7.47285e-37 -1.18603e-49 -4.27537e-36  3.87019e-49  1.15501e-35  2.88205e-48 -1.56948e-35 -3.69577e-47  8.51126e-36  1.19558e-46  3.67276e-36 -4.00651e-46 -7.13491e-36  2.29933e-45   1.8292e-36   -8.038e-45  3.21539e-36  2.03709e-44 -6.52657e-36 -5.10949e-44  1.15102e-35  1.24457e-43 -1.75334e-35 -1.61409e-43  3.21598e-35  3.03911e-43  -1.4716e-34 -7.12068e-43  9.32775e-34   7.9201e-43 -5.52476e-33  6.89976e-43  2.96589e-32 -1.46525e-42 -1.44809e-31 -2.38438e-42  6.44231e-31  6.12673e-42 -2.61371e-30 -8.20491e-42  9.67367e-30  2.73566e-41 -3.26579e-29 -1.09728e-40  1.00502e-28   4.0333e-40 -2.81611e-28  -1.4085e-39  7.17238e-28  4.61673e-39 -1.65644e-27 -1.41198e-38   3.4578e-27  4.03066e-38 -6.49721e-27 -1.07433e-37  1.09291e-26  2.67348e-37 -1.63391e-26  -6.2102e-37  2.14982e-26  1.34605e-36  -2.4551e-26 -2.72088e-36  2.38279e-26  5.12556e-36 -1.89687e-26 -8.99019e-36  1.15233e-26  1.46665e-35 -4.30027e-27 -2.22258e-35 -3.02106e-28   3.1241e-35  1.70595e-27 -4.06614e-35 -1.11368e-27  4.89074e-35  1.86328e-28 -5.42398e-35  2.06623e-28  5.53196e-35 -1.43964e-28 -5.17306e-35  8.43413e-30  4.41975e-35  2.82697e-29 -3.43596e-35 -9.38913e-30  2.41886e-35 -2.95043e-30 -1.53333e-35  1.97663e-30   8.6954e-36  1.87822e-31 -4.37906e-36 -2.71543e-31  1.94351e-36 -3.73189e-33 -7.55318e-37  2.43313e-32  2.56739e-37  1.02801e-33 -7.72741e-38  -1.7927e-33  2.13702e-38 -1.00981e-34 -5.74255e-39  7.18384e-35  1.53396e-39  7.18188e-36 -3.83702e-40 -8.84577e-37  8.07686e-41 -3.48576e-37 -1.29315e-41  1.64002e-38  1.43692e-42  9.09277e-40  -9.9733e-44  1.25633e-40  3.70229e-45 -2.05755e-42 -5.10984e-47
-4.30495e-51  -1.5926e-37  1.05951e-49  1.83183e-36 -9.38954e-49 -8.78049e-36  2.88205e-48  2.09163e-35  1.83408e-47 -2.53834e-35 -1.87619e-46  1.12084e-35  4.61879e-46  8.20984e-36 -1.63381e-45 -1.18723e-35  1.00717e-44  2.10484e-36 -3.37636e-44  5.90396e-36  7.87623e-44 -1.02743e-35 -1.71162e-43  2.06495e-35  3.59367e-43 -6.38179e-35 -3.80945e-43  3.45825e-34  7.21138e-43 -2.26501e-33 -1.84161e-42  1.40281e-32  2.19257e-42 -7.90191e-32  1.80403e-42  4.04609e-31 -4.02067e-42 -1.88657e-30 -6.89881e-42  8.01935e-30  2.16618e-41 -3.10949e-29 -4.90732e-41  1.09995e-28  1.86418e-40 -3.54836e-28 -7.26999e-40  1.04296e-27  2.62759e-39 -2.78915e-27 -8.90596e-39  6.77253e-27  2.82136e-38 -1.48902e-26 -8.34224e-38  2.95346e-26  2.30304e-37 -5.25984e-26 -5.93707e-37   8.3579e-26  1.42901e-36 -1.17505e-25 -3.21042e-36  1.44477e-25  6.72901e-36  -1.5274e-25 -1.31501e-35  1.35146e-25  2.39413e-35 -9.52631e-26 -4.05674e-35  4.75734e-26   6.3901e-35 -9.65528e-27 -9.34432e-35 -8.57405e-27  1.26651e-34  9.68656e-27 -1.58821e-34 -3.80571e-27  1.83883e-34 -5.73552e-28 -1.96098e-34  1.30702e-27  1.92092e-34 -4.23249e-28  -1.7229e-34 -1.42044e-28  1.40958e-34  1.30758e-28 -1.04726e-34  -5.4718e-30  7.02776e-35 -2.10522e-29 -4.23208e-35  3.85468e-30  2.26899e-35  2.47118e-30 -1.07282e-35 -6.38986e-31  4.42427e-36 -2.24549e-31 -1.57303e-36   5.4209e-32  4.78221e-37  1.90676e-32 -1.25192e-37 -3.05644e-33  2.96383e-38 -1.04387e-33 -7.05935e-39   5.0635e-35  1.80545e-39  3.53496e-35 -4.46657e-40  1.81458e-36  8.99494e-41 -6.30137e-37 -1.29052e-41 -2.74387e-38   1.1732e-42  7.67753e-41 -5.76519e-44  1.85847e-40  1.18468e-45  1.32689e-42
 1.64806e-38 -4.71403e-50 -3.38813e-37  8.02665e-49  3.57722e-36 -6.35797e-48 -1.56948e-35  1.83408e-47  3.44054e-35  1.01255e-46 -3.83428e-35 -8.45103e-46  1.36979e-35  1.53788e-45  1.54702e-35 -5.91488e-45 -1.80545e-35  3.89994e-44  9.59021e-37 -1.25541e-43  1.13559e-35   2.7259e-43 -2.35018e-35 -5.19745e-43  1.06025e-34  9.26197e-43 -7.12283e-34  -7.3256e-43  4.97505e-33  1.47198e-42  -3.2343e-32 -4.40922e-42  1.91232e-31  5.71339e-42 -1.02722e-30  4.21977e-42  5.02121e-30 -8.89468e-42 -2.23659e-29 -2.50627e-41  9.08582e-29  9.48205e-41 -3.36739e-28 -3.03525e-40  1.13846e-27   1.1848e-39 -3.50888e-27 -4.46515e-39  9.84792e-27  1.56662e-38 -2.51243e-26 -5.13694e-38   5.8127e-26  1.57301e-37 -1.21565e-25 -4.49744e-37  2.28862e-25  1.20087e-36  -3.8574e-25 -2.99447e-36  5.77863e-25  6.97177e-36 -7.61877e-25 -1.51494e-35  8.71789e-25  3.07068e-35 -8.47626e-25 -5.80153e-35  6.75637e-25  1.02077e-34 -4.10372e-25 -1.67076e-34  1.52132e-25  2.54068e-34  1.26477e-26 -3.58429e-34 -6.25467e-26  4.68319e-34   4.0519e-26 -5.65641e-34 -6.56443e-27  6.30169e-34 -7.74383e-27 -6.45975e-34  5.33206e-27  6.07539e-34 -2.84217e-28 -5.22495e-34 -1.06874e-27  4.09276e-34  3.50092e-28 -2.90601e-34  1.15157e-28  1.85936e-34  -7.5993e-29 -1.06419e-34 -7.23785e-30  5.39796e-35  1.03756e-29 -2.39797e-35  2.50359e-31  9.18999e-36 -9.85826e-31  -2.9823e-36 -3.45205e-32  8.02986e-37  6.96426e-32 -1.77569e-37  4.31762e-33  3.38708e-38 -2.79785e-33 -6.82748e-39 -3.53728e-34  1.74084e-39  5.29799e-35 -4.47124e-40  1.10104e-35  8.61714e-41 -2.09218e-37 -1.05262e-41 -7.56743e-38  6.74037e-43 -3.94579e-39  -1.3122e-44  8.49084e-41 -1.30871e-46
 1.61414e-50  2.92119e-39 -3.98724e-49 -4.22035e-37  5.05324e-48  5.88251e-36 -3.69577e-47 -2.53834e-35  1.01255e-46   5.2953e-35  4.92441e-46  -5.5283e-35 -3.41661e-45   1.5568e-35  4.33932e-45  2.60333e-35 -1.89268e-44 -2.47669e-35  1.34468e-43 -4.06797e-36  -4.1686e-43  3.30358e-35  8.50532e-43   -1.723e-34 -1.43838e-42  1.32893e-33   2.1366e-42 -9.95641e-33 -1.01519e-42  6.81818e-32  2.53159e-42 -4.23531e-31 -9.94591e-42  2.38771e-30  1.42795e-41 -1.22398e-29  7.62548e-42  5.71414e-29 -9.36351e-42 -2.43214e-28 -1.16672e-40  9.44382e-28  4.85156e-40 -3.34561e-27 -1.80532e-39  1.08096e-26  6.95657e-39 -3.18251e-26 -2.53155e-38  8.52576e-26  8.59179e-38 -2.07401e-25 -2.72333e-37  4.56875e-25  8.06184e-37  -9.0804e-25 -2.22907e-36  1.62053e-24  5.75714e-36 -2.58061e-24 -1.38876e-35  3.63616e-24  3.12787e-35 -4.48073e-24 -6.57442e-35  4.74715e-24  1.28874e-34 -4.20825e-24 -2.35398e-34  2.96978e-24   4.0025e-34 -1.48109e-24 -6.32743e-34  2.93621e-25  9.28731e-34  2.77424e-25 -1.26368e-33 -3.09413e-25   1.5911e-33  1.20649e-25 -1.85015e-33  1.94737e-26  1.98238e-33 -4.25353e-26 -1.95225e-33  1.36441e-26  1.76188e-33  4.74974e-27 -1.45219e-33 -4.31052e-27  1.08867e-33  1.62608e-28 -7.38593e-34   7.0853e-28  4.50609e-34 -1.29127e-28  -2.4521e-34 -8.35434e-29  1.17753e-34  2.12869e-29 -4.91892e-35  7.92293e-30  1.75265e-35 -1.92214e-30  -5.1817e-36 -6.49976e-31  1.22215e-36   1.0248e-31 -2.18282e-37  3.75091e-32  2.90128e-38  -1.6876e-33 -4.18381e-39 -1.33248e-33  1.24751e-39 -4.74206e-35 -3.72551e-40  1.92761e-35   6.7237e-41  1.44741e-36 -5.96832e-42 -3.08751e-38  9.04024e-44 -6.20198e-39  1.49769e-44 -4.51965e-41
-2.22463e-38  1.82636e-49 -1.62411e-37 -2.79452e-48 -8.22691e-38  2.66425e-47  8.51126e-36 -1.87619e-46 -3.83428e-35  4.92441e-46   7.7836e-35  2.13475e-45 -7.69097e-35 -1.24875e-44  1.62559e-35  9.75543e-45  3.96336e-35 -5.28555e-44 -2.83396e-35  4.15168e-43 -3.48349e-35 -1.24494e-42  2.77617e-34  2.40566e-42  -2.2955e-33 -3.63787e-42  1.82989e-32  4.39998e-42 -1.32177e-31 -3.74601e-43  8.63401e-31  3.48689e-42 -5.11147e-30 -2.16465e-41  2.74886e-29   3.5581e-41 -1.34538e-28   1.0654e-42  6.00075e-28  5.73961e-41 -2.44119e-27 -6.17123e-40  9.06126e-27   2.6077e-39 -3.06839e-26 -1.00887e-38  9.47323e-26  3.78192e-38  -2.6635e-25 -1.32872e-37  6.80809e-25  4.35758e-37 -1.57825e-24 -1.33489e-36  3.30762e-24   3.8204e-36 -6.24068e-24  -1.0216e-35  1.05425e-23  2.55241e-35 -1.58306e-23 -5.95675e-35  2.09221e-23    1.298e-34 -2.39982e-23 -2.63928e-34   2.3387e-23  5.00374e-34 -1.86781e-23 -8.83649e-34  1.13545e-23  1.45192e-33  -4.1909e-24 -2.21667e-33 -3.93579e-25  3.13981e-33  1.77743e-24 -4.11919e-33 -1.14626e-24  4.99585e-33  1.81414e-25 -5.58973e-33  2.24586e-25  5.75642e-33 -1.53623e-25 -5.44213e-33  7.63311e-27  4.70932e-33  3.13714e-26 -3.71725e-33 -1.02199e-26  2.66535e-33 -3.45183e-27 -1.72704e-33  2.26562e-27  1.00452e-33  2.19208e-28 -5.19836e-34 -3.12072e-28  2.36469e-34 -8.72366e-30 -9.29654e-35  3.05218e-29  3.08161e-35  9.81633e-31 -8.28774e-36 -2.13325e-30  1.69056e-36 -1.43672e-31 -2.25436e-37  8.92911e-32  1.07182e-38  1.12944e-32  1.22579e-39 -1.75446e-33  3.14689e-40 -3.36494e-34 -2.11416e-40   3.2966e-36  3.11913e-41   2.8353e-36  1.13394e-43  1.11623e-37 -3.80206e-43 -2.52484e-39  1.79668e-44
-6.43402e-50 -4.02957e-38  1.60538e-48 -6.91453e-37 -1.67203e-47  1.11537e-36  1.19558e-46  1.12084e-35 -8.45103e-46  -5.5283e-35  2.13475e-45  1.10418e-34   8.3191e-45 -1.03541e-34 -4.14113e-44  1.53898e-35  1.34023e-44  5.25907e-35 -1.24888e-43  3.25051e-36  1.15172e-42 -4.04849e-34 -3.36146e-42  3.68576e-33  6.19071e-42 -3.10665e-32  -8.4101e-42  2.36747e-31  7.99734e-42 -1.62757e-30  3.49911e-42  1.01247e-29  3.45393e-42 -5.71489e-29 -4.74807e-41  2.93328e-28  9.55806e-41 -1.37127e-27 -9.56747e-41  5.84511e-27  5.82939e-40 -2.27311e-26 -3.31812e-39  8.06601e-26  1.37482e-38 -2.61064e-25 -5.27157e-38  7.70025e-25   1.9117e-37 -2.06687e-24 -6.48256e-37  5.03826e-24  2.05335e-36 -1.11226e-23 -6.07813e-36  2.21565e-23  1.68169e-35 -3.96357e-23 -4.34918e-35  6.32748e-23  1.05121e-34 -8.93854e-23 -2.37376e-34  1.10437e-22  5.00507e-34 -1.17311e-22 -9.84659e-34  1.04253e-22  1.80574e-33 -7.37185e-23 -3.08341e-33   3.6769e-23    4.896e-33 -7.16168e-24  -7.2184e-33 -7.11201e-24  9.86519e-33  7.86869e-24 -1.24749e-32 -3.05684e-24  1.45668e-32 -5.17574e-25 -1.56725e-32   1.1019e-24     1.55e-32 -3.52159e-25 -1.40542e-32 -1.25671e-25  1.16492e-32  1.13453e-25 -8.79683e-33 -4.08183e-27  6.02709e-33 -1.89515e-26 -3.72711e-33  3.46042e-27  2.06589e-33  2.25939e-27 -1.01666e-33 -5.76518e-28   4.3826e-34 -2.18913e-28 -1.62276e-34  5.36603e-29  5.00779e-35  1.79183e-29 -1.22358e-35 -2.82711e-30  2.12529e-36 -1.07162e-30 -1.77895e-37  5.01479e-32 -2.28598e-38   3.8162e-32  9.28471e-39  1.31413e-33 -1.11182e-39 -5.44604e-34  7.13535e-41  -4.5362e-35  -2.4045e-41  1.17513e-36  6.44318e-42  1.74125e-37 -5.63118e-43  1.43596e-39
 8.55544e-38  -7.2423e-49 -1.10334e-38  1.21667e-47 -1.84052e-36 -8.71549e-47  3.67276e-36  4.61879e-46  1.36979e-35 -3.41661e-45 -7.69097e-35   8.3191e-45  1.51614e-34  2.93159e-44 -1.34996e-34 -1.24643e-43  1.56657e-35 -1.69172e-44  2.41104e-35 -2.28688e-43  5.09119e-34  2.87218e-42 -5.46954e-33 -8.23245e-42  4.88922e-32  1.45186e-41 -3.93241e-31 -1.77257e-41  2.84752e-30  1.24553e-41 -1.86262e-29  1.53895e-41  1.10408e-28  3.00264e-42 -5.94525e-28  -1.1445e-40  2.91381e-27  3.07107e-40 -1.30156e-26 -7.48945e-40  5.30322e-26  3.68895e-39 -1.97174e-25  -1.7236e-38  6.68867e-25  6.91189e-38 -2.06891e-24 -2.57813e-37  5.82855e-24  9.02139e-37 -1.49295e-23 -2.95098e-36  3.46866e-23  9.02357e-36 -7.28653e-23 -2.58027e-35  1.37819e-22  6.90058e-35 -2.33423e-22 -1.72589e-34  3.51456e-22  4.03582e-34 -4.65796e-22 -8.81915e-34  5.35815e-22  1.79967e-33 -5.23667e-22 -3.42636e-33  4.19353e-22  6.07946e-33 -2.55421e-22 -1.00396e-32  9.40978e-23  1.54075e-32  9.61843e-24 -2.19373e-32 -4.09661e-23  2.89241e-32  2.63869e-23 -3.52441e-32 -4.12193e-24  3.96026e-32  -5.2748e-24 -4.09424e-32  3.60393e-24  3.88487e-32 -1.73143e-25 -3.37445e-32 -7.47706e-25  2.67555e-32  2.44145e-25 -1.93019e-32  8.34641e-26  1.26196e-32 -5.50206e-26 -7.43932e-33 -5.33868e-27  3.92644e-33  7.67613e-27 -1.83685e-33  2.16359e-28  7.50481e-34 -7.64695e-28 -2.61875e-34 -2.32114e-29  7.52927e-35  5.38506e-29 -1.66989e-35  3.69632e-30  2.42207e-36  -2.3201e-30 -6.34337e-38  -2.8865e-31 -7.10735e-38  4.59272e-32  2.02219e-38  8.81308e-33 -3.35125e-39 -7.76057e-35  5.42694e-40 -7.81048e-35 -9.59287e-41 -2.83213e-36  1.09604e-41  6.39851e-38 -4.09201e-43
 2.55899e-49   2.7332e-37  -6.3369e-48  1.43981e-37   8.0292e-47   -3.885e-36 -4.00651e-46  8.20984e-36  1.53788e-45   1.5568e-35 -1.24875e-44 -1.03541e-34  2.93159e-44  2.01587e-34  9.37775e-44 -1.73554e-34  -3.3938e-43  6.39073e-35 -2.17798e-43  -6.1294e-34 -2.10557e-43  7.47731e-33  6.41517e-42 -7.14695e-32 -1.83025e-41  6.07474e-31  3.10021e-41 -4.63752e-30 -3.38494e-41  3.19224e-29  1.53854e-41 -1.98831e-28  4.21979e-41  1.12377e-27  1.78424e-41 -5.77608e-27 -3.41954e-40  2.70428e-26  1.22418e-39 -1.15454e-25 -4.41276e-39  4.49753e-25  1.99809e-38  -1.5988e-24 -8.51075e-38  5.18456e-24  3.28594e-37 -1.53232e-23 -1.18319e-36  4.12185e-23  3.98808e-36 -1.00705e-22 -1.25733e-35  2.22854e-22  3.70901e-35 -4.45061e-22 -1.02405e-34  7.98307e-22  2.64643e-34 -1.27802e-21 -6.40038e-34  1.81072e-21  1.44803e-33 -2.24403e-21 -3.06263e-33  2.39121e-21  6.05023e-33 -2.13171e-21 -1.11513e-32  1.51173e-21  1.91504e-32 -7.55291e-22 -3.05952e-32  1.45532e-22  4.53938e-32  1.49875e-22 -6.24262e-32 -1.65298e-22  7.94056e-32  6.42422e-23 -9.32124e-32  1.11838e-23  1.00741e-31 -2.35771e-23 -9.99957e-32  7.55531e-24  9.09292e-32  2.72821e-24  -7.5552e-32 -2.47285e-24  5.72042e-32  9.01221e-26 -3.93501e-32  4.18612e-25  2.45035e-32 -7.74205e-26 -1.37461e-32 -5.04851e-26  6.89881e-33  1.30688e-26 -3.06528e-33   4.9626e-27  1.18666e-33 -1.24107e-27  -3.9039e-34 -4.10352e-28  1.04695e-34  6.61405e-29 -2.10866e-35  2.51311e-29  2.49044e-36 -1.24612e-30  1.18308e-37 -9.04972e-31   -1.348e-37 -3.08332e-32  3.61947e-38  1.32145e-32 -7.12703e-39  1.10886e-33  1.25674e-39 -3.09429e-35 -1.68805e-40 -4.22389e-36  1.14558e-41 -3.70584e-38
-1.62281e-37  2.94188e-48  5.80143e-37 -4.73028e-47  5.13221e-37  4.60365e-46 -7.13491e-36 -1.63381e-45  1.54702e-35  4.33932e-45  1.62559e-35 -4.14113e-44 -1.34996e-34  9.37775e-44  2.62726e-34   2.7285e-43 -2.70167e-34 -8.28681e-43  8.38331e-34 -1.05216e-42  -9.5135e-33   6.1708e-43  9.71783e-32  1.26943e-41 -8.74689e-31 -3.68506e-41  7.04751e-30  6.00069e-41 -5.10945e-29 -5.79618e-41  3.34639e-28  1.17757e-41 -1.98622e-27  8.17974e-41  1.07106e-26  1.55745e-40 -5.25728e-26 -1.32385e-39  2.35213e-25  5.61963e-39 -9.60028e-25 -2.32035e-38  3.57592e-24  9.93255e-38 -1.21541e-23 -3.98206e-37  3.76722e-23  1.47564e-36 -1.06363e-22   -5.109e-36  2.73079e-22  1.65591e-35 -6.36023e-22 -5.02556e-35  1.33957e-21  1.42881e-34 -2.54069e-21 -3.80638e-34  4.31572e-21  9.50143e-34 -6.51797e-21 -2.22165e-33   8.6663e-21  4.86322e-33 -1.00025e-20 -9.95787e-33  9.80958e-21  1.90512e-32  -7.8827e-21 -3.40096e-32  4.81622e-21  5.65595e-32 -1.77585e-21 -8.74664e-32 -1.91247e-22  1.25521e-31  7.89447e-22 -1.66786e-31 -5.09639e-22  2.04701e-31  7.94993e-23 -2.31468e-31  1.03429e-22  2.40503e-31 -7.09876e-23 -2.29005e-31  3.44816e-24    1.993e-31  1.49147e-23 -1.58117e-31 -4.92036e-24  1.14062e-31 -1.67965e-24 -7.46192e-32  1.12351e-24  4.41312e-32  1.06918e-25 -2.34944e-32 -1.58803e-25  1.11849e-32 -4.11768e-27 -4.71146e-33  1.60663e-26  1.72666e-33   4.4381e-28 -5.35831e-34 -1.14795e-27  1.34398e-34 -7.70705e-29 -2.46873e-35  5.06023e-29   2.2902e-36  6.18057e-30  3.70132e-37 -1.02038e-30 -2.25943e-37 -1.94785e-31  6.28595e-38  1.98379e-33 -1.33383e-38  1.77067e-33  2.15215e-39  6.26652e-35 -2.11688e-40 -1.45193e-36  7.38327e-42
-1.45792e-48 -5.11471e-37  2.43506e-47  9.52854e-37 -3.03492e-46  1.12794e-36  2.29933e-45 -1.18723e-35 -5.91488e-45  2.60333e-35  9.75543e-45  1.53898e-35 -1.24643e-43 -1.73554e-34   2.7285e-43  3.87692e-34  7.21974e-43 -1.17948e-33 -1.77985e-42  1.14514e-32 -3.87723e-42 -1.23191e-31  4.47037e-42  1.17594e-30  2.16808e-41 -1.00127e-29 -6.67015e-41  7.65319e-29  1.04291e-40  -5.2747e-28 -8.82774e-41  3.28978e-27  2.33036e-42 -1.86201e-26  4.83613e-41  9.58519e-26  1.02588e-39 -4.49497e-25 -6.06745e-39  1.92239e-24  2.70462e-38 -7.50254e-24 -1.13913e-37  2.67229e-23  4.63805e-37 -8.68388e-23 -1.76607e-36   2.5723e-22  6.26388e-36 -6.93573e-22 -2.07906e-35   1.6988e-21  6.46703e-35 -3.76941e-21  -1.8864e-34   7.5492e-21  5.16268e-34 -1.35817e-20 -1.32592e-33   2.1812e-20  3.19528e-33 -3.10073e-20 -7.22198e-33   3.8563e-20  1.52976e-32 -4.12441e-20 -3.03349e-32  3.69092e-20  5.62359e-32 -2.62753e-20 -9.73005e-32  1.31724e-20  1.56823e-31 -2.53061e-21 -2.34934e-31 -2.66345e-21  3.26346e-31  2.94291e-21 -4.19237e-31 -1.14929e-21  4.96667e-31 -2.01579e-22 -5.41017e-31  4.27506e-22  5.40228e-31 -1.38295e-22 -4.93003e-31 -4.98364e-23  4.09979e-31  4.57939e-23 -3.09843e-31 -1.79486e-24  2.12293e-31 -7.83714e-24 -1.31571e-31  1.48643e-24    7.358e-32  9.54787e-25 -3.70022e-32 -2.53798e-25  1.66356e-32 -9.49766e-26  -6.6195e-33   2.4531e-26  2.29253e-33  7.96694e-27 -6.72273e-34 -1.33547e-27  1.58904e-34  -4.9836e-28 -2.69733e-35  2.67022e-29  1.81737e-36  1.83045e-29  7.44058e-37  5.95007e-31  -3.8058e-37 -2.74933e-31  1.09129e-37 -2.27302e-32  -2.2265e-38  6.78427e-34  2.96045e-39  8.88418e-35 -1.94092e-40  7.82337e-37
 2.29168e-37 -1.58376e-47 -1.09346e-36  1.64331e-46  1.35485e-36 -1.67689e-45   1.8292e-36  1.00717e-44 -1.80545e-35 -1.89268e-44  3.96336e-35  1.34023e-44  1.56657e-35  -3.3938e-43 -2.70167e-34  7.21974e-43   1.3586e-33  1.73201e-42 -1.30143e-32  -3.2106e-42  1.45994e-31 -1.22506e-41 -1.47824e-30   1.7302e-41  1.33196e-29  2.98417e-41 -1.07452e-28 -1.06822e-40  7.80013e-28  1.60486e-40 -5.11552e-27 -1.26262e-40  3.04065e-26   6.4505e-41 -1.64218e-25 -6.51706e-40  8.07394e-25  5.84419e-39 -3.61867e-24  -2.9444e-38  1.47974e-23  1.29153e-37 -5.52276e-23 -5.29472e-37  1.88111e-22   2.0495e-36 -5.84383e-22 -7.41984e-36  1.65392e-21   2.5114e-35 -4.25719e-21 -7.96873e-35   9.9424e-21  2.37366e-34  -2.1001e-20  -6.6432e-34  3.99539e-20  1.74787e-33 -6.80885e-20   -4.324e-33  1.03189e-19  1.00555e-32 -1.37703e-19 -2.19677e-32  1.59551e-19  4.50391e-32 -1.57113e-19 -8.65411e-32  1.26793e-19  1.55576e-31 -7.78082e-20 -2.61143e-31  2.88004e-20  4.08341e-31  3.16829e-21 -5.93267e-31     -1.3e-20  7.98565e-31  8.44193e-21 -9.92766e-31 -1.33173e-21  1.13607e-30 -1.73027e-21 -1.19251e-30  1.20009e-21  1.14406e-30 -6.17481e-23 -9.99587e-31 -2.54457e-22  7.92704e-31  8.55178e-23 -5.68871e-31  2.87454e-23  3.68507e-31 -1.97238e-23 -2.15059e-31 -1.79107e-24  1.12876e-31  2.82227e-24  -5.3162e-32  6.04417e-26  2.23743e-32 -2.89779e-25 -8.34982e-33  -6.7243e-27  2.72611e-33  2.10656e-26 -7.60766e-34   1.3398e-27  1.73075e-34 -9.49909e-28 -2.79308e-35 -1.12955e-28  9.41616e-37  1.97095e-29  1.42668e-36   3.6873e-30  -6.6678e-37 -4.65037e-32  1.82824e-37  -3.4477e-32 -3.24494e-38 -1.19555e-33  3.25712e-39  2.93858e-35 -1.15536e-40
 6.68632e-48  7.43945e-37 -1.16336e-46 -1.87979e-36  9.41745e-46  1.94632e-36   -8.038e-45  2.10484e-36  3.89994e-44 -2.47669e-35 -5.28555e-44  5.25907e-35 -1.69172e-44  6.39073e-35 -8.28681e-43 -1.17948e-33  1.73201e-42  1.36448e-32  3.73649e-42 -1.61873e-31  -4.1996e-42  1.73963e-30 -3.46534e-41 -1.66103e-29  5.30974e-41    1.416e-28  2.53362e-41 -1.08369e-27 -1.46864e-40  7.47913e-27  2.19977e-40 -4.67145e-26 -2.47498e-40  2.64815e-25  7.87305e-40 -1.36547e-24 -5.36363e-39  6.41475e-24  3.07639e-38 -2.74863e-23 -1.41723e-37  1.07488e-22  5.95201e-37 -3.83683e-22 -2.32986e-36  1.24968e-21  8.54986e-36 -3.71081e-21 -2.93724e-35  1.00316e-20  9.45855e-35  -2.4639e-20 -2.86157e-34  5.48318e-20  8.14617e-34 -1.10159e-19 -2.18438e-33  1.98848e-19  5.52059e-33 -3.20481e-19 -1.31507e-32  4.57307e-19  2.95143e-32 -5.71027e-19 -6.23499e-32  6.13341e-19  1.23817e-31  -5.5138e-19 -2.30743e-31  3.94437e-19  4.02703e-31 -1.98774e-19 -6.56624e-31  3.84042e-20  9.97563e-31  4.06656e-20 -1.40775e-30 -4.52486e-20  1.83902e-30  1.78394e-20 -2.21564e-30   3.0855e-21   2.4519e-30 -6.69348e-21  -2.4816e-30  2.20137e-21  2.28699e-30  7.80069e-22 -1.91063e-30 -7.34223e-22  1.44089e-30  3.25738e-23  -9.7717e-31  1.26718e-22  5.94056e-31 -2.49651e-23 -3.22999e-31 -1.55633e-23  1.56837e-31  4.29983e-24 -6.79482e-32   1.5643e-24  2.62508e-32 -4.22898e-25 -9.04463e-33 -1.33337e-25  2.78134e-33  2.36333e-26 -7.59069e-34  8.53067e-27  1.75777e-34 -5.05634e-28  -2.7964e-35 -3.21343e-28 -1.01592e-36 -9.53492e-30  2.83262e-36   4.9802e-30 -1.16968e-36   4.0157e-31  2.81611e-37 -1.30857e-32 -4.01913e-38 -1.63047e-33  2.73112e-39 -1.39822e-35
-2.73011e-37   6.6979e-47   1.6837e-36 -6.72432e-46 -2.88809e-36  4.67476e-45  3.21539e-36 -3.37636e-44  9.59021e-37  1.34468e-43 -2.83396e-35 -1.24888e-43  2.41104e-35 -2.17798e-43  8.38331e-34 -1.77985e-42 -1.30143e-32  3.73649e-42  1.67614e-31  7.11586e-42 -1.91794e-30 -8.16123e-43   1.9436e-29 -8.96506e-41 -1.75321e-28  1.41148e-40  1.41615e-27 -1.80931e-41 -1.02941e-26 -1.67926e-40  6.76103e-26  3.31121e-40 -4.02503e-25 -1.05221e-39  2.17747e-24  5.61796e-39 -1.07249e-23  -3.1203e-38  4.81601e-23  1.51843e-37 -1.97338e-22  -6.5212e-37  7.38122e-22  2.58883e-36 -2.51997e-21 -9.57922e-36  7.84789e-21  3.31864e-35 -2.22698e-20 -1.07827e-34  5.74838e-20  3.29356e-34 -1.34652e-19 -9.48128e-34   2.8533e-19  2.57712e-33 -5.44682e-19  -6.6217e-33  9.31603e-19  1.60898e-32 -1.41732e-18 -3.69609e-32  1.89919e-18  8.01948e-32 -2.21026e-18 -1.64115e-31  2.18683e-18  3.16218e-31 -1.77391e-18 -5.72488e-31  1.09482e-18  9.71584e-31 -4.08102e-19 -1.54161e-30 -4.44315e-20  2.27993e-30  1.85929e-19 -3.13173e-30 -1.21918e-19  3.97926e-30  1.97067e-20  -4.6558e-30   2.5096e-20  4.99085e-30 -1.77015e-20 -4.87519e-30   1.0061e-21  4.31491e-30   3.7736e-21 -3.44012e-30  -1.3031e-21  2.45609e-30 -4.24905e-22 -1.56126e-30  3.02632e-22  8.78733e-31  2.53555e-23 -4.35628e-31 -4.37893e-23  1.89347e-31 -6.39085e-25 -7.19897e-32  4.56216e-24  2.40894e-32   7.6582e-26 -7.31348e-33 -3.37956e-25  2.15557e-33  -1.9675e-26 -6.45394e-34  1.56204e-26  1.73896e-34  1.78494e-27  -2.6543e-35 -3.35806e-28 -5.95551e-36 -6.07601e-29  5.60997e-36    9.748e-31 -1.93726e-36  5.88384e-31   3.8355e-37  1.97632e-32 -4.08637e-38 -5.29843e-34  1.51879e-39
-1.62317e-47  -9.0954e-37  4.50355e-46  3.12201e-36 -3.25861e-45 -4.31254e-36  2.03709e-44  5.90396e-36 -1.25541e-43 -4.06797e-36  4.15168e-43  3.25051e-36 -2.28688e-43  -6.1294e-34 -1.05216e-42  1.14514e-32  -3.2106e-42 -1.61873e-31  7.11586e-42  1.98135e-30  1.14391e-41 -2.13523e-29  1.85426e-41  2.04111e-28 -2.14714e-40 -1.74222e-27  3.35952e-40  1.33519e-26 -1.38779e-40 -9.22836e-26  -2.0488e-40  5.77309e-25  1.03588e-39 -3.27818e-24 -6.06628e-39  1.69338e-23  3.21624e-38 -7.97058e-23 -1.57269e-37  3.42233e-22  6.91511e-37 -1.34129e-21 -2.76519e-36  4.79902e-21  1.02613e-35 -1.56699e-20  -3.5528e-35  4.66548e-20  1.15338e-34 -1.26484e-19 -3.52444e-34  3.11606e-19  1.01768e-33 -6.95702e-19 -2.78619e-33  1.40253e-18  7.24837e-33 -2.54105e-18 -1.79321e-32  4.11156e-18  4.21603e-32 -5.89175e-18  -9.4038e-32  7.39024e-18  1.98525e-31 -7.97675e-18 -3.95688e-31  7.20921e-18  7.42832e-31 -5.18792e-18 -1.31062e-30  2.63316e-18  2.16852e-30 -5.16325e-19 -3.35645e-30  -5.4096e-19  4.84509e-30  6.09494e-19 -6.49744e-30 -2.43774e-19  8.05581e-30 -4.06063e-20 -9.18162e-30  9.17934e-20  9.55763e-30 -3.09175e-20 -9.02194e-30  -1.0603e-20  7.66343e-30   1.0339e-20 -5.80909e-30 -5.38768e-22  3.89368e-30 -1.79469e-21   -2.283e-30  3.71977e-22  1.15491e-30  2.21674e-22 -4.94061e-31 -6.44469e-23  1.72933e-31 -2.24793e-23 -4.66631e-32  6.45106e-24  8.75672e-33  1.94913e-24 -1.23858e-33 -3.71301e-25  5.99689e-34 -1.27882e-25 -4.57144e-34  8.57263e-27  1.82565e-34  4.96196e-27 -1.87798e-35   1.2705e-28 -1.75617e-35 -7.96959e-29  1.04123e-35  -6.2016e-30 -2.89483e-36  2.26121e-31  4.47269e-37   2.6386e-32 -3.21578e-38  2.16112e-34
 2.34113e-37 -1.49874e-46 -2.12712e-36  2.35989e-45  5.12372e-36 -1.37052e-44 -6.52657e-36  7.87623e-44  1.13559e-35  -4.1686e-43 -3.48349e-35  1.15172e-42  5.09119e-34 -2.10557e-43  -9.5135e-33 -3.87723e-42  1.45994e-31  -4.1996e-42 -1.91794e-30  1.14391e-41  2.20314e-29  1.34779e-41 -2.23561e-28   8.2223e-41  2.01919e-27 -4.79197e-40 -1.63324e-26  7.22181e-40  1.18897e-25 -3.21865e-40 -7.82134e-25 -7.66698e-40  4.66417e-24  5.67899e-39 -2.52782e-23 -3.27079e-38  1.24747e-22  1.57843e-37 -5.61341e-22 -6.93114e-37  2.30523e-21  2.76306e-36  -8.6429e-21 -1.00905e-35  2.95818e-20  3.41677e-35 -9.23754e-20 -1.08013e-34  2.62888e-19  3.21482e-34 -6.80669e-19 -9.08977e-34  1.59967e-18  2.46317e-33 -3.40162e-18 -6.43938e-33   6.5179e-18  1.62767e-32 -1.11927e-17 -3.96724e-32  1.71017e-17  9.26551e-32 -2.30221e-17 -2.05782e-31  2.69269e-17  4.31673e-31 -2.67871e-17 -8.51166e-31  2.18613e-17  1.57327e-30 -1.35887e-17 -2.72292e-30  5.11812e-18  4.41103e-30  5.32572e-19 -6.68352e-30 -2.33865e-18  9.45313e-30  1.55477e-18 -1.24333e-29 -2.60872e-19  1.51184e-29 -3.19476e-19 -1.68669e-29  2.30715e-19  1.71119e-29 -1.49674e-20 -1.56302e-29 -4.92507e-20  1.27123e-29  1.76293e-20 -9.08763e-30  5.48669e-21  5.61498e-30 -4.10976e-21 -2.92256e-30 -3.04007e-22  1.21989e-30   6.0058e-22 -3.57626e-31  3.20259e-24  3.00453e-32 -6.34836e-23     4.18e-32 -5.18811e-25 -3.06506e-32  4.79836e-24  1.12845e-32  2.44471e-25 -1.85112e-33 -2.27906e-25 -3.31357e-34 -2.46281e-26   2.1439e-34  5.10408e-27   9.6297e-36   8.8253e-28 -4.09055e-35  -1.8239e-29  1.73618e-35 -8.91324e-30  -3.7841e-36 -2.85602e-31  4.30637e-37  8.57075e-33 -1.69808e-38
 4.15121e-47  7.69295e-37 -9.28498e-46 -4.07313e-36  1.02527e-44  7.79964e-36 -5.10949e-44 -1.02743e-35   2.7259e-43  3.30358e-35 -1.24494e-42 -4.04849e-34  2.87218e-42  7.47731e-33   6.1708e-43 -1.23191e-31 -1.22506e-41  1.73963e-30 -8.16123e-43 -2.13523e-29  1.34779e-41  2.30439e-28  2.98784e-42 -2.20568e-27  2.50375e-40  1.88528e-26 -9.96511e-40 -1.44696e-25  1.36985e-39  1.00168e-24 -1.03186e-40 -6.27704e-24 -4.94102e-39  3.57085e-23   3.0176e-38 -1.84818e-22 -1.50443e-37  8.71738e-22   6.4032e-37 -3.75136e-21 -2.44409e-36  1.47376e-20  8.33443e-36 -5.28648e-20 -2.54068e-35  1.73087e-19  6.94058e-35 -5.16843e-19 -1.70533e-34  1.40555e-18  3.83963e-34 -3.47425e-18 -8.35011e-34   7.7843e-18  1.93539e-33 -1.57528e-17 -5.18428e-33  2.86565e-17  1.54662e-32 -4.65704e-17 -4.62699e-32   6.7048e-17  1.29065e-31 -8.45287e-17 -3.26165e-31  9.17435e-17  7.42604e-31 -8.34264e-17 -1.52908e-30  6.04619e-17  2.86889e-30 -3.09703e-17 -4.94799e-30   6.2211e-18   7.9114e-30  6.33771e-18 -1.18016e-29 -7.27328e-18   1.6463e-29  2.96606e-18 -2.14161e-29  4.63022e-19  2.57806e-29  -1.1149e-18 -2.83962e-29   3.8745e-19  2.82373e-29  1.26377e-19 -2.49756e-29   -1.293e-19   1.9312e-29  8.09292e-21 -1.27547e-29  2.25079e-20  6.91793e-30 -4.96883e-21 -2.81021e-30 -2.78789e-21   5.7161e-31  8.63803e-22  2.78426e-31  2.84704e-22 -3.88421e-31 -8.80226e-23  2.49733e-31 -2.51361e-23 -1.08559e-31   5.2314e-24  3.15341e-32  1.69676e-24 -4.53012e-33 -1.31071e-25 -5.08392e-34 -6.81091e-26   2.5178e-34 -1.37855e-27   8.5714e-35  1.13941e-27 -8.01007e-35  8.45195e-29  2.53962e-35 -3.52934e-30 -4.21486e-36 -3.80474e-31  3.22637e-37 -2.91629e-33
-1.06812e-37  3.53108e-46  1.78491e-36 -4.45282e-45 -6.84449e-36  3.81898e-44  1.15102e-35 -1.71162e-43 -2.35018e-35  8.50532e-43  2.77617e-34 -3.36146e-42 -5.46954e-33  6.41517e-42  9.71783e-32  4.47037e-42 -1.47824e-30 -3.46534e-41   1.9436e-29  1.85426e-41 -2.23561e-28  2.98784e-42  2.27152e-27 -4.48271e-41 -2.05446e-26  6.33722e-40  1.66424e-25 -1.90217e-39 -1.21347e-24   2.0228e-39  7.99617e-24  3.24292e-39 -4.77718e-23 -2.62412e-38  2.59416e-22  1.28596e-37 -1.28291e-21 -5.19662e-37  5.78586e-21  1.69469e-36 -2.38177e-20 -4.16053e-36   8.9529e-20  4.50964e-36 -3.07272e-19  2.44142e-35  9.62344e-19 -2.06524e-34 -2.74732e-18  9.75831e-34  7.13725e-18 -3.57191e-33 -1.68338e-17  1.09078e-32  3.59341e-17  -2.8458e-32 -6.91378e-17  6.36128e-32  1.19251e-16 -1.20063e-31 -1.83075e-16  1.82751e-31  2.47724e-16 -1.92114e-31 -2.91369e-16  1.64834e-32  2.91655e-16  5.55814e-31 -2.39703e-16 -1.78318e-30  1.50283e-16  3.90289e-30 -5.73923e-17 -7.07802e-30 -5.47507e-18  1.14092e-29  2.61253e-17 -1.69726e-29 -1.76848e-17  2.37293e-29  3.11842e-18 -3.11918e-29  3.60348e-18  3.80344e-29 -2.68379e-18 -4.21501e-29  2.03172e-19  4.15105e-29  5.71164e-19 -3.54685e-29 -2.13846e-19  2.54935e-29 -6.23907e-20 -1.45796e-29  4.98846e-20  5.66339e-30  3.05669e-21 -2.37829e-31 -7.35236e-21  -1.9218e-30  4.80713e-23  2.03007e-30  7.88372e-22 -1.34916e-30 -2.23071e-24  6.61654e-31 -6.08743e-23 -2.39718e-31 -2.53748e-24  5.79831e-32  2.97902e-24 -5.81025e-33  2.98641e-25 -1.24029e-33 -6.98342e-26  2.08292e-34  -1.1404e-26   2.4423e-34   3.0477e-28 -1.33998e-34  1.20994e-28  3.20437e-35  3.63291e-30 -3.87033e-36 -1.25374e-31    1.631e-37
-1.19125e-46 -3.29052e-37  2.04559e-45  3.40488e-36 -1.74799e-44 -1.06124e-35  1.24457e-43  2.06495e-35 -5.19745e-43   -1.723e-34  2.40566e-42  3.68576e-33 -8.23245e-42 -7.14695e-32  1.26943e-41  1.17594e-30   1.7302e-41 -1.66103e-29 -8.96506e-41  2.04111e-28   8.2223e-41 -2.20568e-27 -4.48271e-41  2.11411e-26 -1.79989e-40  -1.8097e-25  1.39434e-39  1.39118e-24 -3.13892e-39 -9.64718e-24  7.21918e-40  6.05654e-23  2.02709e-38 -3.45222e-22 -9.84004e-38  1.79056e-21  3.23479e-37 -8.46475e-21 -4.78006e-37  3.65148e-20 -2.98666e-36 -1.43824e-19  3.30309e-35  5.17338e-19 -2.00871e-34 -1.69886e-18  9.50061e-34  5.08894e-18 -3.79032e-33 -1.38863e-17   1.3163e-32  3.44488e-17 -4.03649e-32 -7.74848e-17  1.10005e-31  1.57456e-16 -2.66903e-31 -2.87716e-16  5.75554e-31  4.69827e-16 -1.09744e-30 -6.79939e-16  1.83265e-30  8.62073e-16 -2.63557e-30 -9.41494e-16  3.16113e-30  8.62156e-16 -2.93271e-30  -6.3002e-16  1.57151e-30  3.26373e-16   9.4309e-31 -6.77777e-17 -4.27768e-30 -6.59394e-17  8.20194e-30  7.75806e-17 -1.31885e-29 -3.24246e-17  2.03594e-29 -4.58866e-18 -3.02686e-29  1.20984e-17  4.12469e-29 -4.37079e-18 -4.90941e-29 -1.32977e-18  4.92128e-29   1.4488e-18 -3.99414e-29 -1.10073e-19  2.42233e-29 -2.52088e-19 -7.94805e-30  5.99779e-20 -3.67855e-30  3.12035e-20  8.75399e-30 -1.04401e-20 -8.63523e-30  -3.2012e-21  6.05764e-30  1.08323e-21 -3.28811e-30  2.88064e-22  1.38556e-30 -6.66136e-23 -4.30507e-31 -2.00836e-23  8.35444e-32  1.81563e-24 -3.12151e-33  8.37969e-25 -2.56715e-33  1.12642e-26  -9.2735e-35  -1.4679e-26  5.08634e-34 -1.02332e-27 -1.92113e-34  5.00273e-29   3.4223e-35  4.93027e-30 -2.76637e-36  3.44522e-32
