 2.81559e-20   3.6111e-34 -1.18203e-18 -2.39515e-32  1.91305e-17  4.75943e-31 -1.84111e-16 -5.40205e-30  1.21311e-15  4.22449e-29 -5.86189e-15 -2.49582e-28  2.15817e-14  1.17825e-27 -6.18513e-14 -4.62283e-27  1.39355e-13  1.55406e-26 -2.46774e-13 -4.59009e-26  3.39312e-13  1.21573e-25 -3.51036e-13 -2.93044e-25  2.53233e-13  6.48039e-25 -9.90372e-14 -1.31682e-24 -1.44717e-14  2.45145e-24  3.93643e-14 -4.16054e-24 -1.22932e-14   6.4051e-24 -7.73851e-15   -8.906e-24   5.2342e-15  1.11444e-23  1.37954e-15 -1.25097e-23 -1.47291e-15  1.25558e-23 -3.39992e-16  -1.1228e-23  3.38508e-16  8.90723e-24  1.12467e-16 -6.23064e-24 -5.83353e-17   3.8051e-24 -3.42397e-17 -1.99102e-24  4.22101e-18  8.56721e-25  7.51161e-18 -2.70745e-25  1.28112e-18  3.34878e-26  -8.9478e-19  2.83512e-26 -4.82696e-19 -2.53951e-26 -2.36232e-20  1.07993e-26  5.97923e-20 -1.62317e-27  2.39504e-20 -1.24867e-27  1.19699e-21  1.07877e-27 -2.29622e-21 -3.61743e-28 -9.60079e-22 -9.25299e-30 -1.25128e-22   6.4622e-29  4.08661e-23 -2.59247e-29  2.49586e-23  1.47246e-30  5.75705e-24  1.97117e-30  2.92504e-25 -2.65494e-31  -2.5707e-25 -2.96392e-31 -1.01086e-25  1.13934e-31 -1.94274e-26  1.79452e-33 -1.47604e-27 -5.49854e-33  3.30111e-28 -1.26218e-33  1.43926e-28  6.61996e-34  2.84189e-29   5.4363e-35  3.38989e-30 -1.42861e-35  1.63515e-31 -1.18058e-35 -2.83549e-32  6.22137e-37 -8.33407e-33  5.24427e-37 -1.17512e-33  1.91539e-38 -1.09301e-34 -5.04261e-39  -6.5763e-36  -8.4051e-40 -1.65529e-37 -3.03063e-40  1.26027e-38 -1.14353e-42  1.79363e-39  1.11902e-42  1.09337e-40  1.10987e-43  3.85454e-42  3.87701e-44  7.54312e-44  9.86634e-46  5.69449e-46  9.43416e-48
  3.6111e-34  1.70412e-18  1.36654e-32 -4.06108e-17 -6.29432e-31  4.99804e-16  1.00375e-29 -3.98373e-15 -9.65289e-29  2.26356e-14  6.58103e-28 -9.64799e-14 -3.44561e-27  3.17554e-13  1.45518e-26 -8.19757e-13 -5.13349e-26  1.66847e-12  1.55568e-25 -2.66403e-12 -4.15073e-25  3.27447e-12  9.96646e-25 -2.96256e-12 -2.19195e-24  1.75591e-12  4.46336e-24 -3.92948e-13 -8.43672e-24  -3.2326e-13  1.47462e-23  2.85615e-13 -2.36666e-23 -1.09942e-14  3.46263e-23 -8.07927e-14  -4.5902e-23  1.86561e-14  5.48589e-23  1.98285e-14 -5.88546e-23 -5.76171e-15  5.64505e-23 -5.04643e-15 -4.82106e-23  1.02681e-15  3.65016e-23  1.27236e-15  -2.4367e-23 -2.14073e-17  1.42181e-23 -2.67705e-16 -7.12959e-24 -5.67713e-17  2.95649e-24  3.53787e-17 -9.10233e-25  1.99111e-17  1.15645e-25  9.96179e-20  8.69728e-26  -3.0857e-18 -8.03972e-26 -1.03941e-18  3.61494e-26   6.7763e-20 -7.20264e-27  1.57505e-19 -2.86635e-27  4.83519e-20  3.15214e-27  1.88594e-23 -1.17652e-27 -4.96493e-21   7.6421e-30 -1.80798e-21   2.0363e-28 -2.21216e-22 -9.01453e-29  6.50191e-23  8.71258e-30  3.89437e-23  5.35261e-30  9.13495e-24 -6.81777e-31  7.51482e-25 -1.04701e-30 -2.43332e-25  4.02968e-31 -1.12496e-25  7.28896e-33 -2.37251e-26 -2.07837e-32 -2.65869e-27 -4.30915e-33  4.49572e-29  2.34905e-33  8.73233e-29  2.15083e-34  2.02848e-29 -5.01526e-35  2.81991e-30 -4.17743e-35  2.42186e-31  1.28617e-36   6.1758e-33   1.7443e-36  -1.7819e-33  9.56797e-38 -3.43454e-34 -5.92297e-39 -3.54129e-35 -2.84794e-39 -2.44125e-36 -1.05546e-39 -1.11443e-37  -2.1167e-41 -2.70522e-39  2.10105e-42  1.77322e-41  4.56202e-43   3.6023e-42  7.73076e-44  1.09331e-43   1.5428e-45  6.85585e-46
-1.18203e-18  1.36654e-32  5.07351e-17  2.95216e-31 -8.40429e-16 -1.03832e-29  8.28854e-15  1.37456e-28 -5.60435e-14 -1.14129e-27  2.78343e-13  6.86919e-27 -1.05529e-12 -3.21759e-26   3.1217e-12    1.225e-25 -7.28138e-12 -3.90956e-25  1.34028e-11  1.07277e-24 -1.92705e-11 -2.59127e-24  2.10592e-11  5.63891e-24 -1.64008e-11 -1.12889e-23  7.50219e-12  2.10992e-23   2.7272e-14 -3.69991e-23  -2.4506e-12  6.06189e-23  1.10594e-12 -9.19492e-23  3.61065e-13  1.27873e-22 -4.12015e-13 -1.61705e-22  -3.4196e-14  1.84715e-22  1.14087e-13  -1.8952e-22  6.28899e-15  1.73751e-22 -2.80193e-14 -1.41656e-22 -3.93532e-15  1.02249e-22  5.80538e-15 -6.50408e-23  1.84991e-15  3.62107e-23   -8.025e-16 -1.73971e-23 -5.50542e-16  6.97377e-24  1.32293e-18 -2.12096e-24  9.59329e-17  3.06019e-25  2.93094e-17  1.57786e-25 -5.25726e-18 -1.62222e-25 -6.00023e-18  7.90746e-26 -1.37725e-18 -1.99452e-26  2.65053e-19 -3.49134e-27  2.56718e-19  6.12755e-27  6.47132e-20 -2.61082e-27 -2.08421e-21  9.32033e-29 -6.71971e-21  4.52455e-28 -2.24831e-21 -2.22621e-28 -2.82219e-22  3.08726e-29  5.89757e-23  9.60083e-30  3.80657e-23 -1.32959e-30   9.2861e-24 -2.56999e-30  1.04104e-24  1.02813e-30  -1.0034e-25  1.58045e-32 -7.18431e-26 -5.78377e-32 -1.68315e-26 -9.47855e-33 -2.31139e-27  5.92215e-33  -1.3732e-28  5.73064e-34  2.01765e-29  -1.2669e-34  7.12839e-30 -1.04328e-34  1.13153e-30  1.11836e-36  1.16833e-31  4.02908e-36  7.60793e-33   2.9929e-37  1.56258e-34  8.31889e-39 -2.90904e-35 -6.64539e-39 -4.10706e-36 -2.35257e-39  -2.9549e-37 -7.03162e-41 -1.34818e-38  2.49876e-42 -3.89679e-40  9.35952e-43 -6.37613e-42  9.52371e-44 -4.14078e-44  1.18863e-45
-2.39515e-32 -4.06108e-17  2.95216e-31  9.90538e-16  4.46578e-30 -1.24917e-14 -1.26349e-28  1.02159e-13  1.42244e-27 -5.96475e-13 -1.03473e-26  2.61707e-12  5.55545e-26 -8.88562e-12 -2.34726e-25   2.3724e-11  8.11196e-25 -5.01126e-11 -2.35597e-24  8.34407e-11  5.88062e-24 -1.07754e-10 -1.28955e-23  1.03839e-10  2.54413e-23 -6.78594e-11 -4.62688e-23  2.07312e-11   7.9113e-23    8.731e-12 -1.28306e-22 -1.13452e-11  1.96661e-22  1.95728e-12 -2.81701e-22  2.81041e-12  3.72398e-22 -1.17379e-12 -4.49542e-22  -6.2421e-13  4.91319e-22  3.53682e-13 -4.82573e-22  1.59709e-13   4.2309e-22 -7.79539e-14 -3.29172e-22 -4.55447e-14  2.26239e-22  1.06793e-14 -1.36893e-22   1.1671e-14  7.26102e-23  4.09249e-16 -3.34206e-23   -2.132e-15  1.29971e-23 -6.59472e-16 -3.96642e-24  1.68844e-16    6.997e-25  1.59196e-16  1.58825e-25   2.7012e-17 -2.27008e-25 -1.32761e-17   1.2697e-25 -8.23633e-18 -4.08736e-26 -1.32017e-18 -3.17707e-28  4.61045e-19   8.7896e-27  3.07849e-19 -4.47862e-27  6.75867e-20   2.7555e-28 -2.96724e-21  8.14495e-28  -6.5982e-21 -4.47401e-28 -2.11646e-21   8.2059e-29 -2.88701e-22   1.2168e-29  3.14117e-23 -2.49912e-30  2.61533e-23 -5.01362e-30  6.77016e-24  2.16922e-30  9.31285e-25  1.64977e-32  1.27027e-26 -1.33995e-31  -2.7694e-26 -1.51151e-32 -7.65244e-27  1.22916e-32 -1.19896e-27   1.2219e-33 -1.13844e-28 -2.70041e-34 -2.88616e-30 -2.13568e-34  1.12453e-30 -1.35957e-36  2.36568e-31  7.46212e-36  2.72288e-32  7.00891e-37  2.10103e-33   4.8907e-38  1.05608e-34 -1.21438e-38  2.41527e-36 -3.92845e-39  -9.5162e-38 -1.39595e-40 -1.09669e-38  2.33919e-42 -4.53796e-40  1.27347e-42 -9.07794e-42  7.86221e-44 -5.96041e-44
 1.91305e-17 -6.29432e-31 -8.40429e-16  4.46578e-30  1.42652e-14  5.17252e-29 -1.44338e-13 -1.21737e-27   1.0027e-12  1.18667e-26 -5.12483e-12   -7.652e-26  2.00338e-11  3.69687e-25 -6.12488e-11 -1.41904e-24  1.48091e-10  4.47933e-24 -2.83699e-10 -1.19037e-23  4.27002e-10  2.71512e-23 -4.93179e-10 -5.42209e-23  4.13906e-10  9.70712e-23 -2.17074e-10 -1.60125e-22  2.49358e-11  2.49666e-22  5.67313e-11 -3.73238e-22 -3.56341e-11  5.33962e-22  -4.3014e-12 -7.21495e-22  1.18294e-11  9.06608e-22 -9.62448e-13 -1.04561e-21 -3.16577e-12    1.095e-21  3.83822e-13 -1.03118e-21  8.11882e-13  8.65378e-22 -3.38039e-14 -6.42402e-22 -1.92336e-13  4.19894e-22 -2.37367e-14 -2.41282e-22  3.56836e-14  1.21811e-22  1.29813e-14 -5.37633e-23 -3.37237e-15  2.03878e-23 -3.27112e-15 -6.35491e-24 -4.27146e-16  1.42354e-24  3.79965e-16 -5.55411e-26  1.90767e-16 -1.85317e-25  1.34458e-17   1.4613e-25 -1.98912e-17 -6.54749e-26  -8.8025e-18  9.78193e-27 -9.96311e-19  8.82446e-27  5.40595e-19 -6.06221e-27   2.9196e-19  5.07843e-28  5.90601e-20   1.2432e-27 -1.95584e-21 -7.67189e-28  -4.9414e-21  1.78992e-28 -1.57512e-21  8.42654e-30 -2.38448e-22 -4.96595e-30  5.24844e-24 -8.15283e-30  1.27889e-23  3.98633e-30  3.62388e-24 -2.19192e-32  5.74009e-25 -2.69721e-31  4.13802e-26 -1.67913e-32 -5.08353e-27   2.2393e-32 -2.19031e-27  2.25326e-33 -3.89406e-28 -5.19947e-34  -4.4219e-29 -3.80765e-34 -3.05869e-30 -7.48211e-36 -3.69152e-32  1.17316e-35  2.09667e-32  1.32207e-36  3.06847e-33  1.15944e-37  2.51643e-34 -1.82329e-38   1.3638e-35 -5.22525e-39  4.77845e-37 -1.98313e-40   9.1901e-39  2.18278e-42  2.60694e-41  1.24144e-42 -1.83852e-42  3.98471e-44
 4.75943e-31  4.99804e-16 -1.03832e-29 -1.24917e-14  5.17252e-29  1.61618e-13  4.82642e-28 -1.35782e-12 -9.67397e-27  8.15695e-12  8.27929e-26 -3.68888e-11 -4.77821e-25  1.29372e-10   2.0928e-24 -3.57737e-10 -7.34399e-24  7.85285e-10  2.12918e-23 -1.36526e-09 -5.20312e-23  1.85413e-09  1.08913e-22 -1.90298e-09 -1.98695e-22  1.36419e-09   3.2322e-22 -5.24396e-10 -4.83067e-22 -9.37538e-11  6.84766e-22   2.2676e-10 -9.40418e-22  -7.0745e-11  1.25251e-21 -4.61678e-11 -1.59412e-21    3.216e-11  1.90351e-21  8.12155e-12  -2.0997e-21 -9.50794e-12  2.11159e-21 -1.96031e-12 -1.91123e-21  2.31765e-12  1.53775e-21  6.81709e-13 -1.08933e-21 -4.39281e-13  6.76449e-22 -2.26277e-13 -3.68803e-22  4.33942e-14  1.77379e-22  5.50369e-14 -7.53718e-23  6.71219e-15   2.8107e-23   -7.713e-15 -9.12643e-24  -3.5108e-15  2.61072e-24  4.87893e-17 -6.57207e-25  5.27461e-16  8.04703e-26  1.78475e-16  8.41446e-26   -2.736e-18  -8.1552e-26 -2.19534e-17  2.85313e-26 -7.74886e-18  3.30966e-27 -6.46252e-19  -6.0421e-27  4.76261e-19  6.13648e-28   2.2683e-19  1.61731e-27  4.44757e-20 -1.14163e-27 -1.88096e-22  3.35742e-28 -2.85196e-21 -7.86318e-30 -9.35606e-22  -9.9939e-30 -1.56757e-22 -1.12393e-29 -6.64547e-24  6.54741e-30   4.1956e-24 -1.62496e-31   1.4062e-24 -4.82319e-31  2.48466e-25 -7.34882e-33  2.60268e-26  3.72003e-32  6.54753e-28   3.7616e-33 -3.35503e-28  -9.3063e-34 -7.66668e-29 -6.09322e-34 -9.71761e-30 -1.76768e-35 -8.22273e-31  1.61135e-35 -4.35585e-32  2.08438e-36 -6.62563e-34  1.92258e-37  1.15122e-34 -2.30304e-38  1.21497e-35 -5.69063e-39  6.28627e-37 -2.14369e-40  1.89794e-38  2.30793e-42  3.00195e-40  8.62525e-43  1.69873e-42
-1.84111e-16  1.00375e-29  8.28854e-15 -1.26349e-28 -1.44338e-13  4.82642e-28  1.50028e-12  3.74921e-27 -1.07221e-11 -6.51222e-26  5.64719e-11   4.9478e-25 -2.27937e-10 -2.57639e-24  7.21235e-10  1.02966e-23 -1.81024e-09 -3.32175e-23  3.61418e-09  8.88935e-23 -5.70143e-09 -2.00649e-22  6.96447e-09  3.86927e-22 -6.29078e-09 -6.46723e-22  3.73016e-09   9.5718e-22 -8.17873e-10 -1.29503e-21 -7.33885e-10  1.66446e-21  6.52293e-10 -2.09312e-21 -3.01573e-11  2.58817e-21 -1.91032e-10 -3.09656e-21  4.91995e-11  3.51122e-21  4.77893e-11 -3.70972e-21 -1.62884e-11  3.59489e-21  -1.2514e-11 -3.13952e-21  3.34222e-12  2.42811e-21  3.34167e-12 -1.64236e-21   -2.555e-13   9.6846e-22 -7.70471e-13 -5.01527e-22 -1.19396e-13  2.31072e-22  1.19539e-13 -9.55339e-23  5.51438e-14   3.5548e-23 -4.15806e-15 -1.22625e-23 -1.02971e-14  4.37924e-24 -2.79786e-15 -1.78435e-24  5.03059e-16  6.79552e-25  5.50954e-16 -1.17169e-25  1.37011e-16 -7.07183e-26 -1.30301e-17  5.46383e-26 -1.92965e-17 -1.02445e-26 -5.82397e-18 -2.67104e-27 -4.05227e-19  2.69794e-28  3.28049e-19   1.7288e-27  1.46484e-19 -1.47364e-27  2.89454e-20  5.56783e-28  9.71667e-22 -4.28899e-29  -1.2419e-21 -1.88295e-29   -4.393e-22 -1.30643e-29 -8.05882e-23  9.74507e-30 -6.97125e-24 -5.08196e-31  6.98899e-25 -7.78063e-31  3.76402e-25  2.18933e-32   7.4687e-26  5.77859e-32  9.25807e-27  5.85716e-33  6.68963e-28 -1.55417e-33 -1.06028e-30 -8.88484e-34 -7.70201e-30 -3.11066e-35 -1.18017e-30  1.96365e-35 -1.07705e-31   2.8014e-36  -6.6185e-33  2.48864e-37 -2.61572e-34 -2.47768e-38 -4.82983e-36 -5.12219e-39  8.85225e-38 -1.79607e-40  7.27501e-39   2.3404e-42  1.38933e-40  3.81173e-43
-5.40205e-30 -3.98373e-15  1.37456e-28  1.02159e-13 -1.21737e-27 -1.35782e-12  3.74921e-27  1.17354e-11  2.48094e-26 -7.26386e-11 -3.78453e-25  3.39087e-10  2.57582e-24  -1.2302e-09 -1.21854e-23  3.52831e-09  4.46941e-23 -8.06084e-09 -1.33229e-22  1.46532e-08  3.30591e-22 -2.09513e-08 -6.91976e-22  2.29064e-08  1.23335e-21 -1.79438e-08 -1.89315e-21  8.29414e-09  2.55176e-21  4.54802e-11 -3.12253e-21 -2.84338e-09  3.62982e-21  1.34534e-09  -4.1679e-21  4.07059e-10  4.77124e-21 -5.19978e-10 -5.35039e-21 -2.47587e-11  5.75228e-21  1.49292e-10 -5.83337e-21  1.03977e-12  5.47763e-21 -3.86464e-11  -4.6446e-21  -3.1841e-12  3.46663e-21  8.73573e-12 -2.24139e-21  2.15736e-12  1.25605e-21 -1.43131e-12 -6.21218e-22 -7.72519e-13   2.7816e-22  7.16792e-14 -1.14336e-22  1.60369e-13  4.34106e-23  3.70926e-14 -1.61199e-23 -1.36182e-14  6.83708e-24  -1.0176e-14 -3.49342e-24 -1.65731e-15  1.67476e-24  7.31768e-16 -5.01844e-25  4.67133e-16 -1.46657e-26  8.99704e-17  8.32504e-26 -1.49655e-17 -3.25659e-26 -1.40197e-17  5.78971e-27 -3.81788e-18 -9.47569e-28 -2.68624e-19  1.30421e-27  1.77873e-19 -1.62137e-27  7.86231e-20  8.30625e-28  1.60508e-20   -9.959e-29  1.14201e-21 -3.16093e-29 -3.78503e-22 -1.22749e-29 -1.58845e-22  1.32221e-29 -3.17282e-23 -1.20079e-30  -3.6639e-24 -1.14662e-30 -9.19056e-26  7.88213e-32  6.01348e-26  8.52448e-32    1.487e-26  8.67467e-33  2.05301e-27 -2.39937e-33   1.8699e-28 -1.18829e-33  9.96347e-30  -4.5845e-35 -2.43862e-32  2.13977e-35 -6.27467e-32  3.24032e-36 -6.68752e-33  2.60618e-37 -4.08431e-34 -2.28135e-38 -1.58762e-35 -3.79334e-39  -3.7213e-37 -1.15556e-40 -4.26869e-39   1.8287e-42 -1.10141e-41
 1.21311e-15 -9.65289e-29 -5.60435e-14  1.42244e-27   1.0027e-12 -9.67397e-27 -1.07221e-11  2.48094e-26  7.89504e-11  1.42223e-25 -4.29154e-10 -1.92549e-24  1.79129e-09  1.18287e-23 -5.87546e-09 -5.11468e-23  1.53325e-08  1.73082e-22 -3.19521e-08 -4.79001e-22  5.29023e-08  1.10671e-21 -6.84066e-08 -2.15571e-21  6.64488e-08  3.56088e-21  -4.4104e-08 -5.02768e-21   1.3911e-08  6.17258e-21  5.70896e-09 -6.82103e-21 -7.89988e-09  7.15432e-21  1.59392e-09 -7.48519e-21  1.96211e-09  7.91071e-21 -9.50883e-10 -8.27515e-21 -4.25355e-10  8.40806e-21  3.01284e-10 -8.21248e-21  1.09283e-10  7.54553e-21 -7.29171e-11 -6.27425e-21 -3.35902e-11  4.54496e-21  1.24147e-11 -2.81378e-21  9.69525e-12  1.50331e-21 -5.47806e-13 -7.19722e-22 -2.07528e-12  3.21882e-22 -4.61038e-13 -1.35868e-22  2.34091e-13  5.39677e-23  1.51048e-13 -2.15224e-23  1.31866e-14     1.01e-23 -1.76858e-14 -5.74749e-24 -8.08006e-15  3.06367e-24 -6.70097e-16 -1.08064e-24  7.08696e-16  9.50366e-26  3.34932e-16  1.06984e-25  5.27276e-17 -6.14992e-26 -1.13903e-17  2.04852e-26 -8.56585e-18 -3.44003e-27 -2.20009e-18  7.26272e-29 -1.81689e-19 -1.44807e-27  7.41935e-20  1.12619e-27  3.46416e-20 -1.73189e-28  7.41059e-21 -4.59019e-29  7.63139e-22 -7.82665e-30 -5.98949e-23   1.6331e-29 -4.20218e-23 -2.40361e-30 -9.28853e-24 -1.56142e-30 -1.24934e-24   1.6741e-31 -9.27821e-26  1.20281e-31  2.05498e-27  1.23603e-32  1.71689e-27 -3.38032e-33  2.76259e-28 -1.46009e-33  2.75276e-29 -5.93187e-35  1.84978e-30  2.09168e-35  7.60354e-32  3.23282e-36  7.33505e-34   2.2165e-37 -1.27585e-34 -1.79422e-38 -8.88208e-36 -2.26473e-39 -2.75908e-37 -5.47487e-41 -3.85037e-39  9.02808e-43
 4.22449e-29  2.26356e-14 -1.14129e-27 -5.96475e-13  1.18667e-26  8.15695e-12 -6.51222e-26 -7.26386e-11  1.42223e-25  4.64004e-10  7.15404e-25 -2.23951e-09 -8.66891e-24  8.41891e-09  4.83757e-23 -2.50869e-08 -1.92239e-22  5.97489e-08  6.03214e-22 -1.13743e-07 -1.55694e-21  1.71446e-07  3.36272e-21  -1.9977e-07 -6.11458e-21  1.70525e-07  9.37996e-21 -9.21578e-08 -1.21903e-20  1.22463e-08  1.36162e-20  2.42182e-08 -1.35489e-20 -1.66171e-08   1.2787e-20  -1.2382e-09 -1.21796e-20  5.58628e-09  1.18506e-20 -7.92731e-10 -1.14657e-20 -1.51941e-09  1.09341e-20  3.10262e-10 -1.03542e-20  4.06558e-10  9.47506e-21 -5.49044e-11 -7.84939e-21  -1.0495e-10  5.55879e-21 -3.33144e-12 -3.30247e-21  2.24862e-11  1.69534e-21  5.77543e-12 -8.05874e-22 -2.97038e-12  3.73771e-22 -1.91407e-12 -1.66885e-22 -5.85713e-14  7.03437e-23  2.97167e-13 -2.95682e-23  1.09264e-13  1.42625e-23  -4.7344e-15 -8.43658e-24 -1.63857e-14  4.79017e-24 -5.39431e-15 -1.82122e-24 -1.01924e-16  2.47232e-25  5.35469e-16  1.18272e-25  2.08179e-16 -9.17052e-26  2.87518e-17  4.14636e-26 -6.46615e-18  -7.3858e-27 -4.41777e-18 -2.13185e-27 -1.10889e-18 -9.05605e-28 -1.12469e-19  1.39286e-27  2.20051e-20 -2.46863e-28  1.22148e-20 -5.54079e-29  2.77024e-21  6.46271e-31   3.5285e-22  1.81629e-29  8.94033e-24 -4.26335e-30 -7.21656e-24 -1.98684e-30 -1.92514e-24   2.8452e-31 -2.86829e-25  1.62432e-31 -2.76297e-26  1.70216e-32 -1.38883e-27  -4.2912e-33  5.52557e-29 -1.64591e-33  1.93669e-29 -6.87459e-35  2.15038e-30  1.83617e-35  1.49059e-31  2.76972e-36  6.84992e-33  1.49095e-37  1.94744e-34 -1.19286e-38  2.52405e-36 -1.03967e-39 -1.49686e-38 -1.71441e-41 -5.39132e-40
-5.86189e-15  6.58103e-28  2.78343e-13 -1.03473e-26 -5.12483e-12  8.27929e-26  5.64719e-11 -3.78453e-25 -4.29154e-10  7.15404e-25  2.41175e-09  3.18888e-24 -1.04286e-08 -3.48233e-23  3.55212e-08  1.77504e-22  -9.6548e-08 -6.51578e-22  2.10376e-07  1.90511e-21 -3.66149e-07 -4.60696e-21  5.01757e-07  9.33739e-21 -5.23976e-07 -1.58942e-20  3.86484e-07  2.26756e-20 -1.57378e-07 -2.71122e-20 -2.18719e-08  2.74676e-20  6.78997e-08 -2.44802e-20  -2.4877e-08  2.07112e-20 -1.29662e-08 -1.79827e-20  1.12444e-08  1.60598e-20   1.8603e-09 -1.41269e-20  -3.4427e-09  1.24497e-20 -3.87478e-10 -1.15996e-20  9.03237e-10   1.0941e-20  1.67739e-10 -9.24866e-21 -1.97075e-10  6.45287e-21 -7.14709e-11 -3.68815e-21  2.83672e-11  1.84777e-21  2.14989e-11 -9.04978e-22  1.73118e-13  4.48686e-22 -3.90923e-12 -2.13121e-22 -1.24688e-12  9.50338e-23  2.25111e-13 -4.11343e-23  2.66636e-13  1.92595e-23  6.25581e-14 -1.14037e-23 -1.24193e-14  6.78239e-24 -1.21997e-14 -2.65272e-24 -3.13168e-15  4.06272e-25  9.74385e-17  1.12019e-25  3.32879e-16 -1.15651e-25  1.13704e-16  6.75182e-26  1.49656e-17 -1.24796e-26 -2.76456e-18 -5.27401e-27 -1.90838e-18 -1.24415e-28 -4.81174e-19  1.56391e-27 -5.86855e-20 -2.89914e-28  3.34595e-21 -4.95304e-29   3.2935e-21  1.27393e-29  8.10664e-22  1.76905e-29  1.17752e-22 -6.85298e-30  8.83947e-24  -2.3893e-30 -4.60684e-25  4.17907e-31 -2.54995e-25  2.09243e-31 -4.30445e-26  2.26389e-32 -4.60321e-27 -4.84437e-33 -3.26641e-28 -1.69595e-33  -1.2472e-29 -7.16195e-35  2.39681e-31  1.45045e-35  7.09278e-32  2.01243e-36  5.14396e-33  7.22917e-38  2.10154e-34 -6.54857e-39  4.90867e-36 -3.26534e-40  5.30718e-38 -2.50869e-42
-2.49582e-28 -9.64799e-14  6.86919e-27  2.61707e-12   -7.652e-26 -3.68888e-11   4.9478e-25  3.39087e-10 -1.92549e-24 -2.23951e-09  3.18888e-24  1.11967e-08  1.26925e-23 -4.36977e-08 -1.25609e-22  1.35543e-07  5.87706e-22 -3.37172e-07 -2.00266e-21  6.73402e-07  5.48363e-21 -1.07168e-06 -1.24822e-20   1.3319e-06  2.38323e-20 -1.23651e-06 -3.80734e-20   7.6705e-07  5.05539e-20 -1.93567e-07  -5.5505e-20 -1.41312e-07  5.07058e-20  1.45808e-07 -4.00889e-20  -1.6234e-08  3.02294e-20 -4.17895e-08 -2.40538e-20  1.49963e-08  1.96304e-20  1.01837e-08  -1.5099e-20 -5.14046e-09  1.18184e-20  -2.7198e-09 -1.12789e-20  1.23876e-09  1.17662e-20  7.99795e-10 -1.04842e-20 -1.84541e-10   7.2407e-21  -2.1538e-10 -3.99334e-21 -6.85072e-12   2.0053e-21  4.23036e-11 -1.05062e-21  1.29797e-11  5.56306e-22 -3.80307e-12 -2.75035e-22 -3.42716e-12  1.28445e-22 -5.41522e-13 -5.62369e-23  3.22561e-13  2.46222e-23  1.90921e-13 -1.44526e-23  2.83433e-14  8.99995e-24 -1.22301e-14 -3.48371e-24 -7.67136e-15  5.15516e-25 -1.62884e-15  8.71886e-26  1.02302e-16 -1.25887e-25   1.7377e-16  9.65448e-26  5.47494e-17 -1.76689e-26  7.38145e-18 -9.08067e-27 -8.28293e-19  5.31705e-28 -6.76908e-19  1.56258e-27 -1.75492e-19 -2.60949e-28 -2.46956e-20  -1.4509e-29 -6.45481e-22  2.74999e-29  6.17548e-22   1.4041e-29  1.77302e-22 -1.01085e-29   2.8274e-23 -2.74609e-30  2.82967e-24  5.47066e-31  1.20536e-25  2.55948e-31 -1.50182e-26  2.89642e-32  -3.8018e-27 -4.77574e-33  -4.4266e-28 -1.58761e-33 -3.37307e-29 -6.64281e-35 -1.71759e-30  1.03969e-35 -5.09568e-32  1.20865e-36 -2.24682e-34  1.57758e-38  4.59477e-35 -2.82588e-39  1.63541e-36 -4.33278e-41  1.60721e-38
 2.15817e-14 -3.44561e-27 -1.05529e-12  5.55545e-26  2.00338e-11 -4.77821e-25 -2.27937e-10  2.57582e-24  1.79129e-09 -8.66891e-24 -1.04286e-08  1.26925e-23  4.68104e-08  4.53738e-23 -1.65915e-07 -4.08758e-22   4.7067e-07  1.76338e-21 -1.07449e-06 -5.60608e-21  1.96948e-06  1.44532e-20 -2.86429e-06 -3.11244e-20  3.21607e-06  5.62014e-20 -2.62264e-06 -8.44591e-20  1.30462e-06  1.04378e-19 -6.44861e-08 -1.04852e-19 -4.26244e-07  8.55081e-20  2.41795e-07 -5.89344e-20  4.58064e-08  3.92176e-20 -9.16955e-08 -2.90075e-20  5.03322e-09  2.14276e-20  2.66793e-08 -1.29564e-20 -3.02443e-09   7.7968e-21 -7.31352e-09 -8.92071e-21  3.51712e-10  1.20591e-20  1.86303e-09 -1.17209e-20  2.04684e-10  7.97917e-21 -3.80361e-10 -4.26674e-21 -1.30714e-10  2.23085e-21  4.29826e-11 -1.27181e-21  3.71511e-11  6.92802e-22  3.72237e-12 -3.45419e-22 -5.02714e-12  1.68355e-22  -2.3021e-12 -7.35412e-23  -7.8303e-14  2.92311e-23  2.84855e-13 -1.73345e-23  1.15109e-13  1.14678e-23   9.8365e-15 -4.22611e-24 -8.61989e-15  5.09536e-25 -4.18106e-15  4.60349e-26 -7.78565e-16 -1.17938e-25   5.4437e-17   1.2639e-25  7.64067e-17 -2.09866e-26  2.30803e-17 -1.30976e-26  3.32558e-18  4.84774e-28 -1.17669e-19  1.31079e-27 -1.90032e-19 -1.17192e-28 -5.21456e-20  6.35293e-29 -8.15012e-21  4.38111e-29 -6.07557e-22    6.853e-30  5.78173e-23 -1.37831e-29  2.67646e-23 -3.04634e-30   4.7255e-24  6.47868e-31  5.33395e-25  2.96141e-31  3.84011e-26  3.54591e-32  1.06143e-27 -3.97215e-33 -1.31199e-28 -1.33693e-33 -2.15975e-29 -5.35061e-35 -1.68507e-30  6.92487e-36 -8.27283e-32  5.68151e-37 -2.55261e-33 -1.17805e-38 -4.34083e-35 -8.51024e-40 -2.59154e-37  1.26275e-41
 1.17825e-27  3.17554e-13 -3.21759e-26 -8.88562e-12  3.69687e-25  1.29372e-10 -2.57639e-24  -1.2302e-09  1.18287e-23  8.41891e-09 -3.48233e-23 -4.36977e-08  4.53738e-23  1.77443e-07  1.46293e-22 -5.74212e-07 -1.20393e-21  1.49516e-06  4.80879e-21 -3.13943e-06 -1.43404e-20  5.28489e-06  3.50212e-20 -7.01374e-06 -7.17452e-20  7.07416e-06  1.23026e-19 -4.97453e-06 -1.74283e-19  1.79933e-06  2.00318e-19  5.06339e-07 -1.83021e-19 -9.48673e-07  1.31018e-19  2.76431e-07 -7.61304e-20  2.15461e-07  4.38606e-20 -1.46985e-07 -3.12817e-20 -3.96906e-08  2.03548e-20  4.78718e-08 -6.11315e-21  9.46934e-09 -7.82284e-22 -1.28132e-08 -4.46659e-21   -3.453e-09  1.22784e-20  2.73841e-09 -1.32079e-20   1.2756e-09  8.70113e-21 -3.47887e-10 -4.55735e-21 -3.53327e-10  2.59041e-21 -2.56884e-11 -1.57966e-21  5.88787e-11  8.36491e-22  2.31179e-11 -4.10536e-22 -2.03248e-12   2.1074e-22 -4.27618e-12 -9.03201e-23 -1.24251e-12  3.12327e-23  1.13827e-13 -1.97339e-23  1.95469e-13  1.42808e-23  6.04524e-14 -4.81433e-24  2.37168e-15  3.31022e-25 -4.85884e-15 -9.44842e-27 -2.00048e-15 -9.26274e-26 -3.46902e-16  1.55948e-25   1.7641e-17 -1.96036e-26      2.8e-17 -1.68311e-26  8.38031e-18   -9.487e-28  1.30647e-18  7.40936e-28  3.62171e-20  1.71524e-28  -3.9278e-20  1.93919e-28 -1.21152e-20  6.06859e-29 -2.05252e-21 -3.41539e-30 -2.09331e-22 -1.74451e-29 -5.91085e-24 -3.28251e-30  2.26761e-24  7.00151e-31  5.09151e-25  3.23425e-31  6.19823e-26  4.13248e-32  5.04175e-27 -2.54895e-33  2.66112e-28 -9.95572e-34  6.33845e-30 -3.54433e-35 -2.66466e-31  4.49415e-36 -3.22277e-32  1.79788e-37 -1.39804e-33 -1.66813e-38 -2.97689e-35 -1.09561e-40  -2.1775e-37
-6.18513e-14  1.45518e-26   3.1217e-12 -2.34726e-25 -6.12488e-11   2.0928e-24  7.21235e-10 -1.21854e-23 -5.87546e-09  4.83757e-23  3.55212e-08 -1.25609e-22 -1.65915e-07  1.46293e-22  6.13431e-07  4.26493e-22 -1.82061e-06 -3.21437e-21   4.3647e-06  1.19366e-20  -8.4439e-06 -3.35978e-20  1.30561e-05  7.82782e-20 -1.57725e-05 -1.53518e-19  1.41708e-05  2.51082e-19 -8.33816e-06  -3.3593e-19   1.6601e-06  3.58516e-19  1.93504e-06 -2.95239e-19 -1.67575e-06  1.80241e-19  6.79251e-08 -8.20488e-20  5.35882e-07  3.90855e-20 -1.51034e-07 -2.98903e-20  -1.4137e-07  1.55986e-20  5.65306e-08  7.13983e-21  3.90485e-08 -1.48146e-20 -1.36862e-08  1.55095e-21  -1.1375e-08   1.3181e-20   1.7601e-09  -1.5126e-20  2.97841e-09  9.33502e-21  2.63791e-10 -4.89462e-21 -5.56971e-10   3.1379e-21 -2.07677e-10 -1.95744e-21  4.03861e-11  9.49787e-22   4.9213e-11 -4.54668e-22  1.01664e-11  2.51685e-22 -3.87193e-12 -1.03012e-22 -2.84077e-12  2.82455e-23 -5.48476e-13 -2.12813e-23  1.35996e-13  1.75796e-23  1.11943e-13 -5.20994e-24  2.83914e-14  -5.4635e-26  2.86919e-16 -8.30831e-26 -2.26883e-15  -5.6701e-26 -8.42237e-16  1.86115e-25 -1.43402e-16 -1.01951e-26  1.88404e-18 -1.99166e-26  8.33252e-18 -4.37813e-27  2.55611e-18 -1.89626e-28  4.28769e-19  6.08202e-28   3.1122e-20   3.7637e-28 -4.88276e-21  7.72772e-29 -2.06764e-21 -1.53977e-29  -3.8014e-22 -2.05389e-29 -4.45049e-23 -3.43769e-30 -3.07729e-24  6.95303e-31 -7.66287e-27  3.33414e-31  2.86617e-26  4.56473e-32  4.12178e-27 -8.26125e-34  3.44944e-28  -6.3384e-34  1.91735e-29 -1.64833e-35   6.8606e-31  3.01095e-36  1.29561e-32  1.18816e-38  2.42695e-36 -1.11937e-38 -3.84875e-36  3.26627e-41
-4.62283e-27 -8.19757e-13    1.225e-25   2.3724e-11 -1.41904e-24 -3.57737e-10  1.02966e-23  3.52831e-09 -5.11468e-23 -2.50869e-08  1.77504e-22  1.35543e-07 -4.08758e-22 -5.74212e-07  4.26493e-22  1.94372e-06  1.12501e-21 -5.31163e-06 -7.77587e-21  1.17548e-05  2.69635e-20 -2.09785e-05 -7.21843e-20  2.97783e-05  1.61863e-19 -3.26214e-05 -3.06119e-19  2.57838e-05  4.79746e-19  -1.2027e-05 -6.07217e-19 -2.84919e-07  6.00119e-19  4.64003e-06 -4.39441e-19 -2.30981e-06   2.1685e-19 -6.66379e-07  -6.2141e-20  9.71668e-07  2.00405e-20  5.27344e-09 -2.54123e-20 -2.99495e-07  6.66444e-21  1.70281e-08  2.86877e-20  8.45117e-08 -3.46971e-20  4.32075e-10  7.90552e-21 -2.16492e-08  1.56398e-20 -3.48092e-09 -1.74007e-20    4.333e-09  9.65814e-21  1.76681e-09 -5.28763e-21 -4.33542e-10  3.90258e-21 -4.69985e-10 -2.35719e-21 -6.72546e-11  9.87489e-22  5.83335e-11 -4.66116e-22  3.09946e-11  2.89464e-22  2.43887e-12 -1.08282e-22 -3.38325e-12  1.78383e-23 -1.57807e-12 -2.16068e-23 -1.98897e-13  2.15146e-23  9.46249e-14 -5.38834e-24  5.52472e-14  -6.5368e-25  1.21703e-14 -1.89891e-25  5.27333e-18 -2.12736e-26 -8.83792e-16  2.20161e-25 -3.09714e-16  1.03761e-26 -5.36969e-17  -2.2237e-26 -1.62925e-18 -1.01381e-26  1.91204e-18 -1.48402e-27  6.32853e-19  1.15903e-27  1.13119e-19  5.97269e-28   1.1494e-20  9.25899e-29  4.40556e-23 -2.70669e-29 -2.28103e-22 -2.25036e-29 -4.87526e-23 -3.47856e-30 -6.15377e-24  6.39991e-31 -5.17328e-25   3.2512e-31 -2.56841e-26  4.76219e-32 -3.21464e-29  7.90545e-34  1.18124e-28 -3.17343e-34  1.10998e-29 -9.57752e-37   5.6718e-31  2.11731e-36  1.72545e-32 -2.61182e-38   2.7881e-34 -4.83183e-39  1.49057e-36
 1.39355e-13 -5.13349e-26 -7.28138e-12  8.11196e-25  1.48091e-10 -7.34399e-24 -1.81024e-09  4.46941e-23  1.53325e-08 -1.92239e-22  -9.6548e-08  5.87706e-22   4.7067e-07 -1.20393e-21 -1.82061e-06  1.12501e-21  5.66966e-06  2.68014e-21 -1.43146e-05 -1.69857e-20  2.93064e-05   5.5278e-20 -4.82868e-05  -1.4221e-19  6.28407e-05  3.10407e-19  -6.2076e-05 -5.70991e-19  4.23439e-05  8.61688e-19 -1.39522e-05  -1.0332e-18 -5.78754e-06  9.41941e-19  8.68746e-06 -6.00865e-19 -2.12441e-06  2.13314e-19 -2.20765e-06  1.20084e-21  1.31471e-06 -1.53567e-20  4.58016e-07 -2.08425e-20 -4.53967e-07 -6.95249e-21 -1.15948e-07  6.06478e-20  1.25077e-07 -6.00329e-20  4.06805e-08  1.26872e-20  -2.6784e-08  2.03582e-20 -1.44266e-08 -1.95586e-20  3.13621e-09   9.3243e-21  3.89835e-09   -5.744e-21  4.22608e-10    4.879e-21 -6.24913e-10 -2.70557e-21 -2.76703e-10  9.09151e-22  1.18727e-11 -4.41752e-22  4.77515e-11  3.25848e-22  1.56641e-11 -1.04239e-22 -6.25995e-13 -1.89345e-24 -2.19066e-12 -2.04346e-23 -7.61081e-13  2.62215e-23 -5.96461e-14 -5.31296e-24  5.01257e-14 -1.44956e-24  2.38451e-14 -3.58314e-25  4.81319e-15  1.42798e-27  4.91165e-17   2.6322e-25 -2.83892e-16  4.41874e-26 -9.78118e-17 -2.39265e-26 -1.75813e-17 -1.81316e-26 -1.21467e-18 -3.09581e-27  2.99071e-19   1.7532e-27  1.21096e-19    8.292e-28  2.30545e-20  1.05084e-28  2.74406e-21 -3.62879e-29  1.66076e-22 -2.29208e-29  -9.4385e-24 -3.36204e-30 -3.82274e-24  5.53609e-31  -5.3021e-25  3.01024e-31  -4.6891e-26  4.67816e-32  -2.7937e-27  1.96162e-33 -1.01461e-28  -8.7896e-35 -1.03906e-30  8.43214e-36  9.73517e-32  1.48029e-36  5.12533e-33 -1.70459e-38  9.24228e-35 -1.25192e-39
 1.55406e-26  1.66847e-12 -3.90956e-25 -5.01126e-11  4.47933e-24  7.85285e-10 -3.32175e-23 -8.06084e-09  1.73082e-22  5.97489e-08 -6.51578e-22 -3.37172e-07  1.76338e-21  1.49516e-06 -3.21437e-21 -5.31163e-06  2.68014e-21  1.52825e-05  5.73308e-21  -3.5756e-05 -3.32259e-20  6.78425e-05  1.02166e-19 -0.000103228 -2.56439e-19  0.000122894  5.53263e-19 -0.000108578 -1.00003e-18  6.19498e-05  1.46071e-18 -1.00362e-05 -1.66098e-18 -1.67312e-05  1.38941e-18  1.32294e-05 -7.47628e-19  6.21199e-08  1.31984e-19 -4.59092e-06  1.24259e-19  1.11835e-06 -6.33166e-20  1.28256e-06 -2.17896e-20 -4.55605e-07   -2.646e-20 -3.66317e-07   1.0525e-19  1.12977e-07 -8.92656e-20  1.08308e-07  1.34792e-20 -1.33131e-08  2.75426e-20 -2.85376e-08 -2.07138e-20 -3.30481e-09  7.97736e-21  5.29983e-09 -6.29413e-21  2.17397e-09  6.02015e-21 -3.38649e-10 -2.92005e-21 -4.98824e-10   6.9148e-22  -1.1619e-10 -3.87805e-22  3.54273e-11  3.66111e-22  2.97534e-11 -9.13445e-23   6.5117e-12 -3.19048e-23 -1.14664e-12 -1.76944e-23 -1.16534e-12  3.18211e-23 -3.27189e-13 -4.91105e-24 -1.56649e-14  -2.4158e-24  2.15525e-14 -6.26595e-25  9.02652e-15  1.82335e-27  1.74921e-15  3.20848e-25  5.99408e-17  9.14356e-26 -7.27999e-17 -2.52532e-26 -2.58401e-17 -2.77744e-26 -4.84113e-18 -4.92843e-27 -4.76335e-19  2.29374e-27  1.74036e-20   1.0347e-27  1.64649e-20  1.12464e-28  3.45001e-21 -4.14814e-29  4.45824e-22 -2.16419e-29  3.71224e-23 -3.05599e-30  1.39195e-24  4.60241e-31 -1.13808e-25  2.65868e-31 -2.45843e-26  4.31434e-32 -2.25651e-27  2.52376e-33 -1.30393e-28  4.39613e-35 -4.85826e-30  1.14764e-35 -1.05809e-31  9.45242e-37 -9.57903e-34 -4.86304e-39  1.26402e-36
-2.46774e-13  1.55568e-25  1.34028e-11 -2.35597e-24 -2.83699e-10  2.12918e-23  3.61418e-09 -1.33229e-22 -3.19521e-08  6.03214e-22  2.10376e-07 -2.00266e-21 -1.07449e-06  4.80879e-21   4.3647e-06 -7.77587e-21 -1.43146e-05  5.73308e-21  3.81968e-05  1.08675e-20 -8.30345e-05 -5.71464e-20  0.000146217  1.67814e-19 -0.000205404 -4.21334e-19  0.000222933  9.18266e-19  -0.00017405 -1.65086e-18  7.85054e-05  2.34617e-18  5.76842e-06 -2.53178e-18 -3.40361e-05  1.92947e-18  1.59304e-05 -8.29508e-19  5.58824e-06 -6.96817e-20 -7.25708e-06   3.1553e-19 -2.46725e-07 -1.11581e-19  2.34933e-06 -3.55685e-20  -8.1415e-08 -5.46007e-20 -6.86452e-07  1.64354e-19 -1.68895e-08 -1.19334e-19  1.80439e-07  7.75111e-21  3.25742e-08  3.66291e-20 -3.66953e-08 -1.97361e-20 -1.59819e-08  5.41736e-21  3.56337e-09 -6.99707e-21  4.25267e-09  7.23603e-21  6.80408e-10 -2.93329e-21 -5.17914e-10  3.36041e-22 -2.94139e-10 -3.16369e-22 -2.87258e-11  4.17947e-22  3.05998e-11 -7.26122e-23   1.5361e-11 -7.21046e-23  2.25096e-12 -1.36115e-23 -8.06109e-13  3.84308e-23  -5.3044e-13 -4.06916e-24 -1.27826e-13 -3.52808e-24 -4.50128e-15 -1.03241e-24  7.63472e-15 -2.40654e-26  2.97489e-15  3.96986e-25   5.7268e-16  1.49952e-25  3.66456e-17 -2.64327e-26 -1.38565e-17 -3.80698e-26 -5.49833e-18 -6.84684e-27  -1.0767e-18    2.677e-27 -1.27059e-19  1.17385e-27 -5.43719e-21  1.11915e-28  1.27692e-21  -4.2122e-29  3.49015e-22 -1.88496e-29  4.81011e-23 -2.56364e-30  4.39241e-24  3.79088e-31  2.61883e-25   2.2491e-31  7.31101e-27  3.72223e-32 -3.07084e-28  2.51273e-33 -4.58658e-29  9.39432e-35 -2.44631e-30  1.00204e-35 -6.93101e-32  5.10097e-37 -9.04654e-34  -2.2797e-40
-4.59009e-26 -2.66403e-12  1.07277e-24  8.34407e-11 -1.19037e-23 -1.36526e-09  8.88935e-23  1.46532e-08 -4.79001e-22 -1.13743e-07  1.90511e-21  6.73402e-07 -5.60608e-21 -3.13943e-06  1.19366e-20  1.17548e-05 -1.69857e-20  -3.5756e-05  1.08675e-20  8.87923e-05  1.77196e-20 -0.000179762 -8.27789e-20   0.00029409  2.37284e-19 -0.000381086 -6.24855e-19  0.000375186  1.42154e-18 -0.000254126 -2.57888e-18  8.02515e-05  3.58427e-18  4.02234e-05  -3.6716e-18 -5.59968e-05  2.52581e-18  1.27912e-05  -7.8175e-19  1.52067e-05 -4.29846e-19 -8.76832e-06  5.68749e-19 -3.32974e-06 -1.38668e-19  3.18562e-06 -6.90393e-20  8.70066e-07 -9.62029e-20  -9.1307e-07  2.38515e-19 -3.10571e-07 -1.45539e-19   2.0218e-07 -6.52159e-21   1.1266e-07  4.61737e-20 -2.41483e-08 -1.55898e-20 -3.12395e-08  1.74952e-21 -3.58234e-09 -7.91089e-21   5.1044e-09  8.40184e-21  2.33181e-09 -2.71932e-21 -7.95175e-11 -1.31327e-22 -4.04075e-10  -2.3931e-22 -1.38039e-10   4.8989e-22  3.33975e-12 -5.29262e-23  1.87645e-11 -1.21563e-22  6.85417e-12 -8.72901e-24  6.56039e-13  4.61575e-23 -4.07344e-13 -2.66157e-24 -2.10293e-13 -4.76796e-24 -4.58414e-14 -1.59775e-24 -1.82391e-15 -7.32915e-26  2.20405e-15  4.92004e-25  8.38949e-16  2.15284e-25   1.6369e-16 -2.74659e-26  1.49995e-17 -4.78013e-26 -1.56646e-18 -8.69986e-27 -8.89172e-19  2.81556e-27 -1.84813e-19  1.21372e-27 -2.40144e-20  1.00833e-28 -1.84979e-21 -3.88537e-29 -1.12043e-23 -1.50234e-29  1.96065e-23 -1.93699e-30  3.16473e-24  3.18199e-31  2.96116e-25  1.82553e-31  1.85297e-26  2.99099e-32  7.54483e-28  2.10604e-33   1.6254e-29  9.13279e-35 -3.70906e-32  6.65922e-36 -1.02827e-32  2.14676e-37 -1.38223e-34
 3.39312e-13 -4.15073e-25 -1.92705e-11  5.88062e-24  4.27002e-10 -5.20312e-23 -5.70143e-09  3.30591e-22  5.29023e-08 -1.55694e-21 -3.66149e-07  5.48363e-21  1.96948e-06 -1.43404e-20  -8.4439e-06  2.69635e-20  2.93064e-05 -3.32259e-20 -8.30345e-05  1.77196e-20  0.000192503  2.29503e-20 -0.000363706 -8.85411e-20  0.000553192  2.64987e-19 -0.000660137  -8.2039e-19  0.000585296  2.05558e-18 -0.000333892 -3.82756e-18  4.99341e-05  5.22736e-18  9.79265e-05 -5.08243e-18 -7.66032e-05  3.11855e-18 -1.13466e-06 -5.34397e-19  2.80066e-05 -9.70734e-19 -6.85896e-06  8.57767e-19 -8.13366e-06 -1.16053e-19  2.95961e-06 -1.25537e-19  2.40411e-06 -1.57974e-19 -7.72751e-07  3.25748e-19 -7.37679e-07 -1.61853e-19  9.85122e-08 -3.00978e-20  2.02457e-07  5.39992e-20   2.2392e-08 -7.75938e-21 -3.92263e-08 -2.56175e-21 -1.60223e-08 -9.03046e-21  2.65415e-09  9.37953e-21   3.8252e-09 -2.31162e-21  8.96447e-10  -6.6993e-22  -2.7717e-10 -1.62626e-22 -2.35564e-10   5.8975e-22 -5.29311e-11 -3.76908e-23  8.64453e-12 -1.78808e-22  9.33538e-12 -3.81748e-24  2.71809e-12  5.50433e-23   1.7017e-13 -6.11554e-25 -1.63834e-13 -6.11599e-24 -7.29098e-14 -2.31403e-24 -1.50396e-14 -1.36429e-25 -8.61113e-16  6.01639e-25  4.99132e-16  2.81403e-25  1.96916e-16 -2.80814e-26  3.93431e-17 -5.57908e-26  4.44613e-18 -1.03475e-26  4.20739e-20  2.65817e-27  -9.7652e-20  1.13703e-27 -2.30338e-20  7.78648e-29 -3.16794e-21  -3.3179e-29 -2.88406e-22  -1.0817e-29 -1.51715e-23 -1.26855e-30   7.8387e-26  2.74324e-31   9.9817e-26  1.41877e-31   1.0253e-26  2.22563e-32  5.98965e-28   1.5283e-33  2.17463e-29  6.55731e-35  4.53973e-31  3.45584e-36  4.11503e-33  6.05792e-38
 1.21573e-25  3.27447e-12 -2.59127e-24 -1.07754e-10  2.71512e-23  1.85413e-09 -2.00649e-22 -2.09513e-08  1.10671e-21  1.71446e-07 -4.60696e-21 -1.07168e-06  1.44532e-20  5.28489e-06 -3.35978e-20 -2.09785e-05   5.5278e-20  6.78425e-05 -5.71464e-20 -0.000179762  2.29503e-20  0.000390221  1.66281e-20 -0.000689303 -2.40417e-20  0.000975006  1.56182e-19  -0.00106871 -9.11729e-19  0.000844381  2.77989e-18 -0.000384979 -5.41926e-18 -3.21163e-05  7.30285e-18  0.000177143 -6.73616e-18  -8.4857e-05   3.6296e-18 -2.98434e-05 -2.56666e-20  4.04339e-05 -1.68789e-18  9.29762e-07  1.13568e-18  -1.3607e-05 -1.36189e-20  7.03906e-07 -2.01719e-19  4.14158e-06 -2.47219e-19  2.38609e-08  4.20359e-19 -1.14171e-06 -1.61834e-19 -1.86602e-07 -6.17645e-20  2.45889e-07  5.76326e-20   1.0242e-07  3.38123e-21  -2.6419e-08 -6.78005e-21 -2.91352e-08  -1.0221e-20 -4.32556e-09  1.00518e-20  3.77628e-09 -1.80395e-21  2.08701e-09 -1.23895e-21  1.90502e-10   -8.407e-23 -2.26781e-10  7.23148e-22 -1.12985e-10 -3.13084e-23 -1.67055e-11 -2.41952e-22   5.9108e-12  3.40621e-25  3.95396e-12  6.49644e-23  9.77405e-13  2.03372e-24   4.6153e-14 -7.53889e-24 -5.37415e-14 -3.13354e-24 -2.19509e-14 -1.99383e-25 -4.43194e-15  7.17422e-25 -3.56449e-16  3.41902e-25  8.05398e-17 -2.78165e-26  3.69145e-17 -6.11486e-26  7.62569e-18 -1.16847e-26   9.7062e-19  2.20181e-27  5.99329e-20  9.47341e-28 -4.88329e-21  4.38582e-29 -1.87346e-21 -2.68727e-29 -2.76351e-22 -6.88585e-30 -2.63133e-23 -6.62995e-31 -1.68589e-24  2.38096e-31 -6.36652e-26    1.049e-31 -2.54321e-28  1.52236e-32  1.21982e-28  9.67613e-34  7.04933e-30  3.75621e-35  1.75864e-31  1.35465e-36  1.47576e-33
-3.51036e-13  9.96646e-25  2.10592e-11 -1.28955e-23 -4.93179e-10  1.08913e-22  6.96447e-09 -6.91976e-22 -6.84066e-08  3.36272e-21  5.01757e-07 -1.24822e-20 -2.86429e-06  3.50212e-20  1.30561e-05 -7.21843e-20 -4.82868e-05  1.02166e-19  0.000146217 -8.27789e-20 -0.000363706  1.66281e-20  0.000741326  -2.2959e-20  -0.00122631   2.0481e-19   0.00161291 -2.47712e-19  -0.00161772  -7.4723e-19   0.00112116  3.51923e-18 -0.000366465 -7.34804e-18 -0.000181487   9.8032e-18   0.00026569 -8.57284e-18 -6.61975e-05  3.97304e-18   -7.357e-05  7.83794e-19  4.60935e-05  -2.5437e-18  1.60046e-05  1.33958e-18 -1.74023e-05  1.92422e-19 -4.19405e-06 -2.85464e-19  5.24224e-06 -3.69516e-19  1.60022e-06  5.12381e-19 -1.24245e-06 -1.40105e-19 -6.33479e-07 -9.79531e-20  1.70351e-07  5.49621e-20  1.90325e-07  1.64119e-20  1.67355e-08 -1.01113e-20 -3.38035e-08  -1.1189e-20 -1.44897e-08  1.03601e-20  9.12861e-10 -1.32998e-21  2.73038e-09 -1.81092e-21  8.95134e-10  4.88191e-24 -3.76911e-11  8.91865e-22 -1.30106e-10 -3.60895e-23 -4.66632e-11 -3.08498e-22 -4.35548e-12  3.24945e-24  2.82406e-12  7.55192e-23  1.45519e-12  5.04738e-24  3.22185e-13 -8.97912e-24  1.57578e-14 -3.97212e-24 -1.42525e-14  -2.4592e-25 -5.63852e-15  8.28649e-25 -1.13815e-15  3.91331e-25 -1.16706e-16 -2.62029e-26  6.31824e-18 -6.34407e-26  5.17019e-18  -1.2654e-26  1.13417e-18  1.49358e-27  1.54015e-19  6.69173e-28  1.31632e-20  2.26946e-30  4.03083e-22 -2.13774e-29 -7.27348e-23 -3.72362e-30 -1.41375e-23 -2.02249e-31 -1.36979e-24   2.0089e-31 -8.63376e-26  7.30334e-32 -3.57204e-27  9.48284e-33 -8.68559e-29  5.32336e-34 -7.70212e-31  1.72325e-35  9.34823e-33   3.5215e-37
-2.93044e-25 -2.96256e-12  5.63891e-24  1.03839e-10 -5.42209e-23 -1.90298e-09  3.86927e-22  2.29064e-08 -2.15571e-21  -1.9977e-07  9.33739e-21   1.3319e-06 -3.11244e-20 -7.01374e-06  7.82782e-20  2.97783e-05  -1.4221e-19 -0.000103228  1.67814e-19   0.00029409 -8.85411e-20 -0.000689303  -2.2959e-20   0.00132277 -1.35008e-19  -0.00205206  7.46241e-19   0.00250808 -1.16933e-18  -0.00228924  -1.3182e-19   0.00135776  4.17211e-18 -0.000231574 -9.57521e-18 -0.000400794  1.26788e-17  0.000339011 -1.05043e-17 -6.60804e-06  4.06834e-18 -0.000126047  1.89972e-18  3.69501e-05 -3.46775e-18  3.72161e-05  1.40079e-18  -1.6231e-05  5.10973e-19 -1.13734e-05 -3.55843e-19  4.56782e-06 -5.25846e-19  3.71074e-06  5.88095e-19 -7.25128e-07 -9.40874e-20 -1.10227e-06 -1.32928e-19 -7.49668e-08  4.49404e-20  2.34836e-07  2.90259e-20  8.56811e-08 -1.19695e-20  -2.0058e-08 -1.15237e-20 -2.30864e-08  1.03317e-20 -4.81353e-09 -1.02633e-21  1.94811e-09 -2.37712e-21  1.47101e-09  1.13907e-22  3.07723e-10  1.09188e-21 -6.36107e-11 -5.20138e-23  -6.0377e-11 -3.74953e-22 -1.70978e-11  4.97578e-24 -9.73352e-13  8.59674e-23  1.06586e-12  8.01945e-24  4.67799e-13 -1.03537e-23  9.71034e-14 -4.72373e-24  6.17643e-15 -2.60314e-25  -2.9351e-15  9.25259e-25 -1.20064e-15  4.26272e-25 -2.45289e-16 -2.29724e-26 -2.93443e-17 -6.27314e-26 -8.70536e-19 -1.32421e-26  4.68835e-19  6.22501e-28  1.20727e-19  3.43077e-28  1.71104e-20 -4.12549e-29  1.61622e-21 -1.74234e-29  9.60149e-23 -1.56204e-30   1.7844e-24  7.90606e-32 -2.87595e-25  1.59393e-31 -3.44018e-26  4.72642e-32 -1.98293e-27  5.31484e-33 -6.67026e-29  2.50792e-34  -1.1973e-30  6.07157e-36 -7.36171e-33
