 9.61747e-07  1.00539e-20 -1.24433e-05  -1.8562e-19  5.81761e-05  9.07765e-19 -0.000147736 -2.22389e-18  0.000224659  3.25953e-18 -0.000200595 -3.06894e-18  8.28197e-05  1.88418e-18  1.54482e-05 -7.16037e-19  -3.1276e-05  1.36447e-19  1.05319e-05 -3.31105e-21  -6.4551e-07
 1.00539e-20  1.80963e-05  1.12859e-19 -0.000127714 -1.35145e-18   0.00043142  4.93316e-18 -0.000846792 -9.51867e-18   0.00100212  1.12998e-17 -0.000653443 -8.76709e-18  0.000112937  4.45792e-18  0.000144097 -1.36048e-18  -9.9338e-05  1.77164e-19  1.89526e-05  2.64473e-21
-1.24433e-05  1.12859e-19  0.000161324  6.70424e-19 -0.000756886 -5.68216e-18   0.00193335   1.5922e-17  -0.00296929 -2.44928e-17   0.00269978   2.3769e-17  -0.00116564 -1.53808e-17 -0.000178479  6.53119e-18  0.000445467 -1.55177e-18  -0.00017419  1.06187e-19  1.71196e-05
 -1.8562e-19 -0.000127714  6.70424e-19  0.000904585  2.57133e-18  -0.00307456 -1.61302e-17   0.00609808  3.52194e-17  -0.00735116 -4.35158e-17   0.00497971  3.49424e-17  -0.00103731 -1.92157e-17  -0.00102585  6.80161e-18   0.00082311 -1.12151e-18 -0.000197106 -2.19558e-21
 5.81761e-05 -1.35145e-18 -0.000756886  2.57133e-18   0.00357334  6.91168e-18  -0.00922566 -3.27846e-17    0.0144333  5.60326e-17    -0.013586  -5.5947e-17   0.00641395  3.80259e-17  0.000431025   -1.823e-17  -0.00224291   5.1245e-18   0.00104822 -3.57648e-19 -0.000138918
 9.07765e-19   0.00043142 -5.68216e-18  -0.00307456  6.91168e-18    0.0105631  1.35146e-17   -0.0213405 -4.85908e-17    0.0265801  6.45442e-17   -0.0192601 -5.27393e-17   0.00535857  3.19434e-17   0.00305574 -1.35826e-17  -0.00320263  2.43665e-18  0.000944149  1.89129e-19
-0.000147736  4.93316e-18   0.00193335 -1.61302e-17  -0.00922566  1.35146e-17    0.0242613  1.93152e-17   -0.0391754 -5.14329e-17    0.0390895  5.18751e-17   -0.0212627 -3.67029e-17   0.00167001  2.23212e-17   0.00555564 -7.96598e-18  -0.00328306  7.54518e-20  0.000538532
-2.22389e-18 -0.000846792   1.5922e-17   0.00609808 -3.27846e-17   -0.0213405  1.93152e-17    0.0444846  1.95174e-17   -0.0584929 -3.51595e-17    0.0471293   2.5919e-17    -0.018607 -2.15076e-17  -0.00263177  1.56441e-17   0.00640159 -3.36903e-18   -0.0023643 -9.57877e-19
 0.000224659 -9.51867e-18  -0.00296929  3.52194e-17    0.0144333 -4.85908e-17   -0.0391754  1.95174e-17    0.0667013  1.18883e-17    -0.073037 -9.07571e-18    0.0484575  7.78473e-18   -0.0138168 -1.93814e-17  -0.00469374  1.35256e-17   0.00499644  -2.5818e-19  -0.00101372
 3.25953e-18   0.00100212 -2.44928e-17  -0.00735116  5.60326e-17    0.0265801 -5.14329e-17   -0.0584929  1.18883e-17    0.0841004  7.39748e-19   -0.0793905  6.07004e-18    0.0456678    1.455e-17   -0.0111534 -3.02541e-17  -0.00306018  1.21019e-17   0.00231014  1.45181e-18
-0.000200595  1.12998e-17   0.00269978 -4.35158e-17    -0.013586  6.45442e-17    0.0390895 -3.51595e-17    -0.073037  7.39748e-19    0.0927799 -5.21304e-18   -0.0799294 -5.58041e-18    0.0441039  4.41809e-17    -0.013098 -4.13706e-17  0.000872089  6.93071e-18   0.00026245
-3.06894e-18 -0.000653443   2.3769e-17   0.00497971  -5.5947e-17   -0.0192601  5.18751e-17    0.0471293 -9.07571e-18   -0.0793905 -5.21304e-18    0.0949783  6.68521e-19   -0.0805759 -4.14944e-17    0.0470879  7.52725e-17    -0.017767  -3.7968e-17   0.00365721  -3.1719e-20
 8.28197e-05 -8.76709e-18  -0.00116564  3.49424e-17   0.00641395 -5.27393e-17   -0.0212627   2.5919e-17    0.0484575  6.07004e-18   -0.0799294  6.68521e-19     0.096781  1.71647e-17   -0.0851144 -8.01606e-17    0.0521433  8.18449e-17   -0.0198204  -1.8801e-17    0.0030814
 1.88418e-18  0.000112937 -1.53808e-17  -0.00103731  3.80259e-17   0.00535857 -3.67029e-17    -0.018607  7.78473e-18    0.0456678 -5.58041e-18   -0.0805759  1.71647e-17     0.102104  3.51905e-17   -0.0905019 -9.47134e-17    0.0519337   5.5803e-17   -0.0155552 -4.55745e-19
 1.54482e-05  4.45792e-18 -0.000178479 -1.92157e-17  0.000431025  3.19434e-17   0.00167001 -2.15076e-17   -0.0138168    1.455e-17    0.0441039 -4.14944e-17   -0.0851144  3.51905e-17      0.10766  4.31025e-17   -0.0878041 -7.35912e-17    0.0411981  1.75509e-17    -0.007317
-7.16037e-19  0.000144097  6.53119e-18  -0.00102585   -1.823e-17   0.00305574  2.23212e-17  -0.00263177 -1.93814e-17   -0.0111534  4.41809e-17    0.0470879 -8.01606e-17   -0.0905019  4.31025e-17     0.103895   3.5299e-17   -0.0705346  -3.2709e-17    0.0234394 -3.70279e-18
 -3.1276e-05 -1.36048e-18  0.000445467  6.80161e-18  -0.00224291 -1.35826e-17   0.00555564  1.56441e-17  -0.00469374 -3.02541e-17    -0.013098  7.52725e-17    0.0521433 -9.47134e-17   -0.0878041   3.5299e-17    0.0838497  1.76199e-17   -0.0431665 -1.69424e-18   0.00807746
 1.36447e-19  -9.9338e-05 -1.55177e-18   0.00082311   5.1245e-18  -0.00320263 -7.96598e-18   0.00640159  1.35256e-17  -0.00306018 -4.13706e-17    -0.017767  8.18449e-17    0.0519337 -7.35912e-17   -0.0705346  1.76199e-17     0.052379   2.5611e-18   -0.0183038  5.89565e-18
 1.05319e-05  1.77161e-19  -0.00017419 -1.12147e-18   0.00104822   2.4364e-18  -0.00328306 -3.36867e-18   0.00499644  1.21022e-17  0.000872089 -3.79679e-17   -0.0198204  5.58018e-17    0.0411981 -3.27024e-17   -0.0431665  2.56138e-18    0.0233546 -2.77231e-18  -0.00449046
 -3.3111e-21  1.89526e-05   1.0619e-19 -0.000197106 -3.57685e-19  0.000944149  7.55824e-20   -0.0023643 -2.58035e-19   0.00231014  6.93036e-18   0.00365721 -1.88001e-17   -0.0155552  1.75487e-17    0.0234394  -1.6926e-18   -0.0183038 -2.77231e-18   0.00657318  -1.6415e-18
 -6.4551e-07  2.64468e-21  1.71196e-05 -2.19552e-21 -0.000138918  1.89128e-19  0.000538532 -9.57863e-19  -0.00101372  1.45182e-18   0.00026245   -3.168e-20    0.0030814 -4.55702e-19    -0.007317 -3.70261e-18   0.00807746  5.89569e-18  -0.00449046 -1.64151e-18  0.000876342
