 7.13404e-27   2.0477e-42 -4.39836e-25 -2.27682e-40  1.05975e-23  7.36162e-39 -1.54215e-22 -1.31852e-37  1.56426e-21  1.58172e-36 -1.18829e-20 -1.39153e-35  7.05181e-20  9.46035e-35 -3.35811e-19 -5.13891e-34  1.30592e-18  2.28143e-33 -4.19377e-18 -8.41099e-33   1.1191e-17  2.60536e-32 -2.48616e-17 -6.84296e-32  4.58594e-17  1.53665e-31 -6.96582e-17 -2.97877e-31  8.56854e-17  5.05785e-31 -8.26528e-17 -7.71429e-31  5.83511e-17  1.10192e-30 -2.45484e-17 -1.55758e-30 -8.76738e-19  2.27482e-30  8.73528e-18 -3.43313e-30 -4.48464e-18  5.15624e-30 -6.87063e-19 -7.37919e-30  1.56699e-18   9.7577e-30 -2.37861e-19 -1.17278e-29 -3.75061e-19  1.27672e-29  1.13495e-19 -1.27081e-29  8.31281e-20  1.18067e-29 -2.89465e-20 -1.04687e-29 -1.90222e-20  8.93714e-30   4.9562e-21  -7.2828e-30  4.27846e-21  5.59754e-30 -3.72714e-22 -4.04373e-30 -8.18099e-22  2.72581e-30 -9.01214e-23 -1.64831e-30  1.08794e-22  8.16747e-31  3.78675e-23 -2.73888e-31 -5.53307e-24   1.4301e-32 -6.18734e-24  5.61202e-32 -1.00989e-24 -4.94981e-32  3.85785e-25  2.80511e-32  2.07856e-25 -9.58075e-33  2.43617e-26 -1.82682e-33 -1.00693e-26  5.37707e-33 -4.67149e-27 -4.10341e-33 -6.43968e-28  1.94619e-33  1.00719e-28 -6.52269e-34  6.15084e-29  1.50433e-34  1.14443e-29 -8.57921e-36  3.71852e-31 -1.35725e-35 -3.18645e-31  7.64105e-36 -8.49738e-32 -2.12373e-36  -1.0181e-32  3.63566e-37 -2.06991e-34 -5.46468e-38  1.45165e-34  6.41677e-39  2.81265e-35  1.55813e-39  2.68726e-36 -6.94402e-40  1.16531e-37  6.13616e-41 -3.80585e-39  6.64626e-44 -9.98199e-40  3.66641e-43 -6.68675e-41 -6.33107e-45 -2.55688e-42 -3.23854e-45 -3.74222e-44 -3.36846e-46  2.60502e-46  1.08656e-47
  2.0477e-42  6.30615e-25  1.35173e-40  -2.2109e-23 -1.04427e-38   4.0605e-22  2.71008e-37 -4.90929e-21 -4.13267e-36   4.3123e-20   4.3585e-35 -2.90569e-19 -3.43915e-34  1.55304e-18   2.1256e-33 -6.72889e-18 -1.05983e-32  2.39703e-17  4.34947e-32 -7.08174e-17 -1.49032e-31  1.74239e-16  4.30861e-31 -3.56968e-16 -1.05987e-30  6.05948e-16  2.23558e-30 -8.42509e-16 -4.08024e-30  9.38499e-16  6.53031e-30 -8.01659e-16 -9.36685e-30  4.73226e-16  1.24618e-29 -1.25973e-16 -1.60935e-29 -6.95903e-17  2.10388e-29  8.39569e-17 -2.82869e-29 -2.02936e-17  3.84559e-29 -1.72228e-17  -5.1065e-29  1.14763e-17   6.3995e-29  1.97967e-18 -7.39103e-29 -3.41176e-18  7.81275e-29 -1.10872e-19 -7.66556e-29  8.33875e-19  7.19746e-29  1.77812e-20   -6.632e-29 -1.81834e-19  5.96753e-29 -1.74583e-20 -5.09503e-29  3.36622e-20  4.03399e-29  8.04545e-21 -2.94752e-29 -4.46805e-21  1.97497e-29 -2.18434e-21 -1.16455e-29  2.07571e-22  5.46517e-30  3.59113e-22 -1.58981e-30  6.21962e-23  -1.2336e-31 -2.76871e-23  4.89708e-31 -1.45423e-23 -3.67475e-31 -1.16886e-24  1.87634e-31  1.05424e-24 -5.42817e-32  4.02393e-25 -1.86834e-32  3.18543e-26  3.65863e-32 -1.95934e-26 -2.53604e-32 -7.52818e-27  1.10998e-32 -9.52615e-28 -3.37545e-33   1.2525e-28  6.66113e-34   7.4824e-29  1.57867e-36  1.37921e-29 -7.60218e-35  7.72321e-31  3.67801e-35 -2.21364e-31 -9.29937e-36 -6.55716e-32  1.40543e-36 -8.43707e-33  -1.8711e-37 -4.46658e-34  2.07936e-38  3.85992e-35  6.39394e-39  1.03461e-35 -2.51353e-39  1.03464e-36  1.79562e-40  5.69242e-38  6.39028e-42  9.96586e-40  5.11135e-43 -6.54322e-41  2.86163e-44 -5.21512e-42 -1.01535e-44 -1.34789e-43 -3.72747e-46 -6.89268e-46
-4.39836e-25  1.35173e-40  2.74615e-23   5.0611e-39 -6.70435e-22  -2.9773e-37  9.89143e-21  6.42108e-36  -1.0179e-19 -8.49031e-35  7.85035e-19  7.96067e-34 -4.73345e-18 -5.67618e-33  2.29225e-17  3.20619e-32 -9.07408e-17 -1.47298e-31  2.96967e-16  5.60419e-31 -8.08683e-16 -1.78865e-30  1.83635e-15  4.83531e-30 -3.46964e-15 -1.11595e-29  5.41357e-15  2.21568e-29 -6.86867e-15 -3.81965e-29  6.88151e-15  5.79365e-29 -5.11948e-15 -7.88815e-29  2.38391e-15  9.91602e-29 -1.32228e-16 -1.19051e-28 -7.16593e-16  1.40948e-28  4.49125e-16 -1.68263e-28   1.5594e-17  2.04042e-28 -1.40768e-16  -2.4829e-28  3.65765e-17  2.94144e-28  3.08015e-17 -3.28439e-28 -1.43108e-17  3.41288e-28 -6.40548e-18 -3.36443e-28  3.66934e-18  3.27199e-28  1.48678e-18 -3.19362e-28 -7.12373e-19  3.03422e-28 -3.67199e-19 -2.67604e-28  9.11508e-20  2.13629e-28  8.05986e-20 -1.54413e-28 -8.69239e-22  1.00864e-28 -1.30183e-20 -5.70984e-29 -2.79339e-21  2.49855e-29  1.13022e-21 -5.95964e-30  6.47799e-22 -1.67992e-30  3.80256e-23   2.7918e-30 -6.05963e-23 -1.84648e-30 -2.08517e-23  8.55067e-31 -3.59637e-25 -2.04334e-31  1.64267e-24 -1.11991e-31  4.96351e-25  1.68503e-31  2.83876e-26 -1.06903e-31 -2.24054e-26  4.32383e-32 -7.64545e-27 -1.18757e-32 -9.48632e-28  1.94073e-33  7.90216e-29  1.53659e-34  5.39429e-29 -2.80505e-34  1.00689e-29  1.19298e-34  7.71296e-31   -2.763e-35 -6.71435e-32  3.67841e-36 -2.70035e-32 -4.30795e-37 -3.69116e-33   4.6829e-38 -2.57739e-34  1.74707e-38 -2.01213e-36 -6.18436e-39  1.52227e-36  3.50258e-40  1.69083e-37  2.49949e-41   8.8975e-39  3.28925e-43  2.46843e-40  8.56538e-44  1.36538e-42 -1.68904e-44 -5.39467e-44 -1.78883e-46
-2.27682e-40  -2.2109e-23   5.0611e-39  7.85402e-22  1.31714e-37 -1.46243e-20  -6.2215e-36  1.79377e-19  1.14277e-34 -1.59958e-18 -1.32882e-33  1.09503e-17  1.11776e-32 -5.95122e-17   -7.247e-32  2.62434e-16  3.75783e-31 -9.52522e-16   -1.596e-30  2.87084e-15  5.64335e-30 -7.21664e-15  -1.6809e-29  1.51339e-14  4.25543e-29 -2.63597e-14 -9.22729e-29  3.77339e-14  1.72731e-28 -4.35012e-14 -2.81939e-28  3.88204e-14  4.06926e-28    -2.45e-14 -5.29449e-28  7.89164e-15  6.35474e-28  2.55793e-15 -7.19262e-28 -4.26559e-15   7.8142e-28  1.41436e-15  -8.3075e-28  7.16204e-16  8.89354e-28 -6.63925e-16   -9.812e-28  -2.9781e-17   1.1008e-27  1.86311e-16 -1.20386e-27 -1.61374e-17  1.25317e-27  -4.4955e-17 -1.26927e-27   4.6827e-18   1.3026e-27  1.01669e-17 -1.34947e-27 -3.02704e-19  1.33298e-27 -2.06536e-18 -1.18822e-27 -2.26358e-19  9.37222e-28  3.28877e-19 -6.59114e-28  1.00619e-19  4.14346e-28 -2.97665e-20   -2.229e-28 -2.15221e-20  8.97492e-29 -1.30754e-21 -1.59269e-29  2.35391e-21 -1.05462e-29  7.87923e-22  1.22102e-29 -3.11992e-23 -7.28726e-30 -8.55751e-23  3.07514e-30 -2.16997e-23 -5.83509e-31  6.79273e-25  -4.9117e-31  1.77279e-24  6.08239e-31  4.55059e-25 -3.55148e-31  2.24961e-26  1.32859e-31 -1.74399e-26  -3.2767e-32 -5.57468e-27  4.20364e-33 -7.08496e-28  8.01838e-34  2.10621e-29 -7.93053e-34  2.55235e-29  3.01209e-34  4.92463e-30 -6.44169e-35  4.51967e-31  7.55274e-36 -4.02308e-34 -7.72951e-37 -6.19919e-33  8.59384e-38 -9.18805e-34  3.69919e-38 -7.04389e-35 -1.19345e-38 -2.53016e-36  5.22918e-40  5.40537e-38  5.68034e-41  1.02679e-38  1.47499e-43  4.92914e-40  1.04611e-43  1.02375e-41 -1.74927e-44  5.36783e-44
 1.05975e-23 -1.04427e-38 -6.70435e-22  1.31714e-37  1.65944e-20  2.61122e-36 -2.48375e-19 -1.02536e-34  2.59471e-18  1.63364e-33 -2.03297e-17 -1.68932e-32  1.24632e-16  1.28442e-31 -6.14207e-16 -7.61223e-31  2.47686e-15  3.63755e-30  -8.2673e-15 -1.43231e-29  2.29929e-14  4.71694e-29 -5.34148e-14 -1.31331e-28  1.03467e-13  3.11771e-28 -1.65979e-13 -6.35897e-28  2.17408e-13  1.12383e-27 -2.26382e-13 -1.74026e-27  1.77423e-13  2.39765e-27 -9.07313e-14 -2.99581e-27   1.2439e-14  3.45748e-27     2.25e-14 -3.72461e-27 -1.73861e-14  3.75388e-27  1.25965e-15 -3.57564e-27  4.83189e-15  3.36098e-27 -1.86248e-15 -3.34052e-27 -9.22654e-16   3.5847e-27  6.53521e-16 -3.92546e-27   1.6757e-16  4.18833e-27 -1.67861e-16 -4.43419e-27 -3.86525e-17  4.81437e-27  3.52374e-17 -5.21161e-27  1.09557e-17  5.23128e-27 -5.63009e-18 -4.62067e-27 -2.86745e-18  3.54887e-27    4.721e-19  -2.4025e-27   5.6188e-19   1.4419e-27  5.25314e-20 -7.32066e-28 -6.71026e-20  2.67671e-28 -2.39221e-20 -2.81692e-29  1.82471e-21 -4.70479e-29  3.18477e-21  4.39287e-29  7.06572e-22 -2.40588e-29 -9.84214e-23  9.28367e-30 -8.87503e-23 -1.31091e-30 -1.78084e-23 -1.72548e-30  1.13075e-24  1.82869e-30  1.42906e-24 -9.86739e-31  3.28893e-25  3.41593e-31  1.75491e-26 -7.51046e-32 -9.61188e-27   6.8486e-33 -3.02348e-27  2.64928e-33 -4.00871e-28 -1.82862e-33 -6.34494e-30  6.27764e-34  7.84823e-30 -1.25233e-34  1.62349e-30  1.29848e-35  1.64682e-31 -1.15682e-36  6.34886e-33  1.38087e-37 -6.50875e-34  6.47183e-38 -1.24312e-34 -1.91025e-38 -9.67241e-36  6.25272e-40 -3.97438e-37  9.32036e-41 -6.51229e-39  5.10778e-43  1.45369e-40  5.36585e-44  5.90471e-42 -1.07264e-44
 7.36162e-39   4.0605e-22  -2.9773e-37 -1.46243e-20  2.61122e-36   2.7625e-19  4.15817e-35 -3.43968e-18 -1.39115e-33  3.11602e-17  1.94982e-32 -2.16871e-16 -1.80948e-31  1.19934e-15  1.25136e-30 -5.38691e-15 -6.80997e-30   1.9937e-14  3.00891e-29 -6.13509e-14 -1.10116e-28  1.57704e-13  3.38386e-28 -3.38827e-13 -8.81952e-28  6.06113e-13   1.9655e-27  -8.9412e-13 -3.77481e-27  1.06767e-12  6.30606e-27 -9.95821e-13 -9.28053e-27  6.70684e-13  1.22386e-26 -2.52908e-13 -1.47392e-26 -3.98477e-14  1.64289e-26  1.12609e-13 -1.69369e-26 -4.85247e-14  1.59477e-26  -1.3826e-14 -1.36866e-26   1.9668e-14   1.1268e-26  -1.4729e-15 -1.00857e-26 -5.15637e-15  1.05875e-26  1.12253e-15 -1.19651e-26  1.20938e-15  1.33373e-26 -3.07097e-16  -1.4805e-26 -2.81171e-16   1.6765e-26  4.98186e-17  -1.8527e-26  6.23319e-17  1.85162e-26 -1.45668e-18  -1.5982e-26 -1.15458e-17  1.18438e-26 -1.90911e-18 -7.66872e-27   1.4397e-18  4.37211e-27  6.13589e-19 -2.08438e-27 -4.84238e-20   6.8176e-28 -9.11575e-20 -1.17305e-29 -1.88521e-20 -1.67841e-28  4.68487e-21  1.35269e-28  3.20667e-21 -6.88645e-29  4.92931e-22  2.43624e-29 -1.22817e-22 -2.27243e-30 -7.18766e-23 -5.09543e-30 -1.21445e-23  4.73625e-30  9.08088e-25 -2.36881e-30  8.88038e-25  7.59035e-31  1.91292e-25 -1.47441e-31  1.24123e-26   7.5292e-33 -3.69618e-27  6.71983e-33 -1.21762e-27 -3.55474e-33 -1.68609e-28  1.11434e-33 -8.15779e-30 -2.10201e-34  1.39878e-30  1.95034e-35  3.47654e-31 -1.51903e-36   3.7105e-32    2.012e-37  2.04914e-33  9.69989e-38  9.77946e-36 -2.60405e-38 -7.61555e-36  5.99308e-40 -5.93033e-37  1.19461e-40 -2.16015e-38  1.45032e-42 -3.41791e-40 -2.01497e-44 -1.10403e-42
-1.54215e-22  2.71008e-37  9.89143e-21  -6.2215e-36 -2.48375e-19  4.15817e-35  3.77379e-18  5.50682e-34 -4.00488e-17 -1.59864e-32  3.19002e-16  1.99336e-31 -1.98985e-15 -1.67267e-30  9.98714e-15  1.05775e-29 -4.10602e-14 -5.30635e-29  1.39895e-13  2.17415e-28 -3.97713e-13 -7.41134e-28  9.46067e-13   2.1287e-27 -1.88055e-12 -5.20022e-27  3.10453e-12  1.08906e-26 -4.20198e-12 -1.97137e-26  4.55081e-12  3.11675e-26 -3.75678e-12 -4.36697e-26  2.09684e-12  5.52578e-26 -4.44746e-13 -6.43235e-26 -4.11403e-13  6.94167e-26  4.02866e-13   -6.864e-26 -7.05324e-14  6.05739e-26 -9.68343e-14 -4.69696e-26  5.28321e-14  3.37773e-26  1.45552e-14 -2.74093e-26 -1.71293e-14   2.9246e-26 -1.77325e-15  -3.5193e-26   4.3806e-15  4.12349e-26  3.67731e-16 -4.74176e-26 -9.72296e-16  5.47891e-26 -1.50514e-16 -6.05331e-26  1.78715e-16  5.93861e-26  5.40617e-17 -4.96649e-26 -2.25218e-17  3.53236e-26 -1.34386e-17 -2.17901e-26  5.79444e-19  1.17622e-26  2.08733e-18 -5.24396e-27  4.47114e-19  1.50571e-27 -1.42168e-19  1.42702e-28 -9.02864e-20 -5.05707e-28 -1.03565e-20  3.65816e-28  5.74775e-21 -1.74922e-28  2.56171e-21  5.68598e-29  2.80887e-22  -2.6314e-30 -1.02781e-22 -1.30291e-29 -4.69125e-23  1.07964e-29 -7.09922e-24 -5.01593e-30  4.48961e-25  1.48769e-30  4.28217e-25  -2.5243e-31  8.92711e-26  1.61241e-33  7.07467e-27  1.40463e-32 -9.06473e-28 -5.93747e-33 -3.54422e-28  1.71629e-33 -5.10504e-29 -3.11865e-34  -3.4961e-30  2.65109e-35  7.45456e-32 -1.84104e-36  4.40626e-32  2.67772e-37  4.91679e-33  1.27564e-37  2.90236e-34 -3.05774e-38  8.00113e-36  4.33594e-40 -7.18153e-38  1.23929e-40 -1.22296e-38  2.26009e-42 -2.70394e-40 -4.46124e-44
-1.31852e-37 -4.90929e-21  6.42108e-36  1.79377e-19 -1.02536e-34 -3.43968e-18  5.50682e-34  4.35074e-17  6.21595e-33 -4.00678e-16 -1.58808e-31  2.83729e-15  1.77779e-30 -1.59787e-14 -1.35741e-29  7.31603e-14   7.8851e-29 -2.76331e-13  -3.6588e-28   8.6896e-13  1.39369e-27  -2.2862e-12 -4.43379e-27  5.03713e-12  1.19203e-26 -9.26332e-12 -2.73248e-26  1.40956e-11  5.38272e-26 -1.74494e-11 -9.19236e-26  1.70184e-11  1.37713e-25 -1.22136e-11 -1.84041e-25   5.2729e-12   2.2398e-25  1.38992e-13 -2.52552e-25 -1.93225e-12   2.6413e-25  1.05689e-12 -2.50484e-25  1.26295e-13  2.07156e-25  -3.7484e-13 -1.44946e-25  7.39164e-14  9.04363e-26  8.98175e-14 -6.75339e-26 -3.41097e-14  7.73662e-26 -1.98997e-14  -1.0124e-25  9.23416e-15  1.23534e-25  4.70174e-15 -1.44333e-25 -1.80923e-15  1.66804e-25 -1.14479e-15 -1.81585e-25  2.15383e-16  1.73379e-25  2.46013e-16 -1.39811e-25  7.20904e-18  9.51362e-26 -3.86635e-17 -5.57708e-26 -9.83429e-18  2.84364e-26  3.08406e-18 -1.18134e-26  2.08455e-18  2.90376e-27  1.86326e-19  7.12205e-28 -1.80744e-19 -1.32802e-27 -7.02658e-20  8.84732e-28 -3.34269e-21 -4.00826e-28  4.97365e-21  1.19984e-28  1.68555e-21 -1.09579e-31   1.3943e-22 -2.94265e-29 -6.38931e-23  2.19859e-29 -2.49991e-23 -9.50236e-30 -3.58384e-24   2.6082e-30  1.22521e-25 -3.80994e-31  1.58158e-25 -1.72375e-32  3.27787e-26   2.5082e-32  3.03097e-27 -8.60635e-33 -9.19804e-29  2.31873e-33 -7.04492e-29 -4.16291e-34 -1.06336e-29  3.36676e-35 -8.34823e-31 -2.16765e-36 -2.22041e-32  3.20718e-37  2.57557e-33  1.49967e-37  3.39933e-34 -3.09528e-38  1.87457e-35  1.76033e-40  5.23959e-37  1.05334e-40  5.18869e-39  2.18923e-42 -1.57177e-41
 1.56426e-21 -4.13267e-36  -1.0179e-19  1.14277e-34  2.59471e-18 -1.39115e-33 -4.00488e-17  6.21595e-33  4.32066e-16  6.09071e-32 -3.50144e-15 -1.38493e-30  2.22405e-14  1.40245e-29 -1.13778e-13   -9.796e-29  4.77315e-13   5.2478e-28 -1.66148e-12 -2.25895e-27  4.83284e-12  8.01752e-27  -1.1783e-11 -2.38445e-26  2.40588e-11  6.00832e-26 -4.09152e-11 -1.29369e-25  5.72795e-11  2.39926e-25 -6.45719e-11 -3.86938e-25  5.61457e-11  5.50052e-25  -3.4037e-11 -7.02531e-25  9.61839e-12  8.24227e-25  4.89411e-12 -9.01629e-25 -6.45072e-12  9.13611e-25  1.79969e-12 -8.29442e-25  1.27794e-12   6.4112e-25 -9.94452e-13 -4.02314e-25 -1.07884e-13  2.14428e-25  3.00117e-13 -1.51335e-25 -1.11781e-14  1.99147e-25 -7.56653e-14  -2.8409e-25  4.49479e-15  3.54404e-25  1.75094e-14   -4.131e-25  1.65224e-16  4.70859e-25 -3.58554e-15 -5.00698e-25  -5.2116e-16  4.63093e-25  5.66936e-16 -3.59096e-25  1.97814e-16  2.33316e-25 -4.81093e-17 -1.29742e-25 -4.06561e-17  6.23749e-26 -3.50337e-18 -2.40714e-26  4.27464e-18  4.88965e-27  1.57974e-18  2.25943e-27 -1.87379e-20 -3.10246e-27 -1.61447e-19  1.93943e-27  -4.4892e-20 -8.38699e-28  1.62833e-22  2.31805e-28  3.33344e-21  9.68035e-30  9.34038e-22 -5.95412e-29  6.53352e-23  4.04387e-29 -3.03294e-23 -1.62724e-29 -1.08597e-23  4.13175e-30 -1.53701e-24  -5.0965e-31 -2.47424e-27 -5.49673e-32  4.32106e-26  3.90793e-32  9.16327e-27 -1.08483e-32  9.36817e-28  2.76161e-33  2.10241e-29 -5.06989e-34 -8.47827e-30  4.09998e-35 -1.42151e-30 -2.56885e-36 -1.15632e-31  3.34493e-37 -4.83351e-33  1.60328e-37 -1.48231e-35 -2.67673e-38  9.20486e-36 -8.14896e-41  4.40286e-37  7.26588e-41  7.25481e-39  1.25496e-42
 1.58172e-36   4.3123e-20 -8.49031e-35 -1.59958e-18  1.63364e-33  3.11602e-17 -1.59864e-32 -4.00678e-16  6.09071e-32   3.7542e-15  5.25443e-31 -2.70696e-14 -1.07313e-29  1.55375e-13  9.89267e-29 -7.25824e-13 -6.35041e-28  2.80036e-12  3.14808e-27 -9.00749e-12 -1.26036e-26  2.42794e-11  4.17626e-26 -5.49135e-11 -1.16285e-25  1.03925e-10  2.74942e-25  -1.6329e-10  -5.5658e-25   2.0976e-10  9.72643e-25 -2.14043e-10 -1.48292e-24  1.63497e-10  2.00341e-24 -7.95474e-11 -2.45076e-24   6.6134e-12  2.77806e-24  2.35849e-11 -2.95104e-24 -1.63375e-11   2.8935e-24  2.92027e-13 -2.50707e-24   5.0482e-12  1.80229e-24 -1.68641e-12 -1.00207e-24 -1.05782e-12  4.41392e-25  6.50045e-13 -3.08821e-25  2.07353e-13  5.02048e-25 -1.75043e-13 -7.68816e-25 -4.86317e-14  9.61803e-25  3.77271e-14 -1.10385e-24  1.34518e-14  1.23074e-24 -6.06496e-15 -1.27259e-24 -3.46127e-15  1.13736e-24  4.72278e-16 -8.46727e-25  6.74127e-16  5.24542e-25  7.63506e-17 -2.76277e-25 -7.95163e-17  1.25077e-25 -3.06046e-17 -4.47393e-26  1.69194e-18  7.13081e-27  3.96824e-18  5.73056e-27   9.4826e-19 -6.54171e-27 -1.06111e-19  3.89331e-27 -1.12888e-19 -1.61727e-27 -2.43256e-20   4.1413e-28    9.561e-22  3.32926e-29  1.79161e-21 -1.09087e-28  4.40113e-22  6.77501e-29  3.02321e-23 -2.53858e-29  -1.0911e-23  5.95865e-30  -3.7896e-24 -6.04148e-31 -5.41558e-25 -1.14106e-31 -1.85341e-26  5.38386e-32  8.12245e-27 -1.17979e-32  1.86002e-27  2.89531e-33  2.00882e-28  -5.6949e-34  9.77899e-30  4.85955e-35 -4.03777e-31 -3.07084e-36 -1.08027e-31  2.85877e-37 -8.66251e-33  1.58569e-37 -3.63344e-34 -1.93342e-38 -6.82147e-36 -2.45945e-40  1.73756e-38  3.89285e-41  1.44457e-39
-1.18829e-20   4.3585e-35  7.85035e-19 -1.32882e-33 -2.03297e-17  1.94982e-32  3.19002e-16 -1.58808e-31 -3.50144e-15  5.25443e-31  2.88932e-14   4.0362e-30 -1.87042e-13 -7.46024e-29  9.76185e-13  6.29448e-28  -4.1826e-12 -3.72817e-27  1.48889e-11  1.71535e-26 -4.43552e-11 -6.40187e-26  1.10956e-10  1.98383e-25 -2.32961e-10 -5.17846e-25  4.08563e-10  1.15004e-24 -5.92217e-10 -2.19067e-24  6.95511e-10  3.61044e-24 -6.37044e-10 -5.20995e-24  4.17843e-10  6.70119e-24 -1.46299e-10 -7.87026e-24 -3.73854e-11  8.63772e-24   7.6554e-11 -8.91271e-24 -2.99046e-11  8.43769e-24 -1.13044e-11 -6.94867e-24  1.35239e-11  4.61355e-24  -4.9817e-13 -2.22613e-24 -3.77258e-12   7.5246e-25  6.98948e-13 -5.74405e-25  9.21976e-13  1.23609e-24 -2.06794e-13 -1.98149e-24 -2.19785e-13  2.44824e-24  3.39139e-14 -2.74491e-24  4.95569e-14  2.98157e-24 -3.34933e-16 -2.99186e-24 -9.31449e-15   2.5808e-24 -1.68278e-15 -1.84262e-24  1.17127e-15  1.08699e-24  5.26749e-16 -5.41564e-25 -3.56385e-17  2.30723e-25 -7.83749e-17 -7.64473e-26 -1.70347e-17  8.82207e-27  3.91521e-18  1.24437e-26  2.84753e-18 -1.25851e-26  4.62906e-19    7.215e-27 -1.03299e-19 -2.89411e-27 -6.45863e-20  6.89759e-28 -1.14816e-20  7.82579e-29  6.43598e-22 -1.82479e-28  7.79927e-22  1.04096e-28  1.75731e-22 -3.62947e-29  1.32337e-23  7.86713e-30 -2.84809e-24 -6.29564e-31  -1.0331e-24 -1.91292e-31   -1.502e-25  6.61351e-32 -8.77737e-27 -1.07804e-32  8.69264e-28  2.64132e-33  2.55391e-28 -5.94502e-34  2.83112e-29  5.61407e-35  1.66735e-30 -3.61067e-36  2.78305e-32  1.70671e-37 -3.48325e-33  1.47297e-37 -2.92479e-34 -1.11019e-38 -9.64686e-36 -2.74122e-40 -1.24081e-37  1.41399e-41
-1.39153e-35 -2.90569e-19  7.96067e-34  1.09503e-17 -1.68932e-32 -2.16871e-16  1.99336e-31  2.83729e-15 -1.38493e-30 -2.70696e-14   4.0362e-30  1.98924e-13  2.78607e-29 -1.16478e-12 -4.69022e-28  5.55676e-12  3.63875e-27 -2.19209e-11 -1.99543e-26  7.21959e-11   8.5436e-26 -1.99584e-10 -2.97827e-25  4.63887e-10  8.64421e-25 -9.04471e-10 -2.11777e-24  1.46904e-09  4.42156e-24  -1.9602e-09 -7.93157e-24  2.09412e-09  1.23394e-23 -1.70108e-09 -1.68757e-23   9.2203e-10  2.07082e-23 -1.64862e-10   -2.341e-23 -2.12774e-10  2.49215e-23  1.90514e-10 -2.49662e-23 -2.71144e-11  2.27521e-23 -5.01315e-11 -1.77207e-23  2.53231e-11   1.0766e-23  8.30046e-12 -4.35158e-24 -8.76077e-12  9.14323e-25 -1.13866e-12 -9.75121e-25  2.33694e-12  2.94555e-24  2.38002e-13 -4.81657e-24 -5.35913e-13  5.81865e-24 -9.03162e-14 -6.34836e-24  1.01386e-13  6.70917e-24  3.19998e-14 -6.53019e-24 -1.31186e-14  5.43382e-24  -8.0752e-15 -3.71725e-24  3.33374e-16  2.08547e-24  1.28306e-15 -9.81671e-25  2.79551e-16  3.93671e-25  -8.9225e-17 -1.21131e-25  -5.7493e-17   8.8524e-27  -6.7205e-18  2.38652e-26  3.69824e-18 -2.22772e-26  1.67243e-18   1.2421e-26   1.8893e-19 -4.83157e-27 -6.59968e-20   1.0783e-27 -3.08515e-20  1.50356e-28  -4.8054e-21 -2.80604e-28  2.47187e-22  1.47512e-28  2.73213e-22 -4.77774e-29  5.84815e-23  9.54844e-30   4.9978e-24 -5.63003e-31 -4.76158e-25 -2.76957e-31  -2.1054e-25  7.27727e-32 -3.12095e-26 -7.65081e-33 -2.28493e-27  2.02544e-33  6.52206e-30 -5.79142e-34   2.0907e-29  6.27195e-35  2.40542e-30 -4.05013e-36  1.41787e-31  1.42955e-38  4.15187e-33  1.29392e-37  8.38738e-36 -4.44393e-39 -2.72303e-36 -1.95789e-40 -4.16712e-38
 7.05181e-20 -3.43915e-34 -4.73345e-18  1.11776e-32  1.24632e-16 -1.80948e-31 -1.98985e-15  1.77779e-30  2.22405e-14 -1.07313e-29 -1.87042e-13  2.78607e-29  1.23519e-12  1.74135e-28 -6.58309e-12 -2.68451e-27   2.8837e-11  1.92272e-26 -1.05086e-10  -9.7917e-26  3.20976e-10  3.91028e-25 -8.24739e-10 -1.27543e-24  1.78262e-09  3.47181e-24 -3.22778e-09 -7.99101e-24  4.84971e-09  1.56973e-23 -5.93915e-09 -2.65372e-23  5.73181e-09  3.90088e-23 -4.05537e-09 -5.06406e-23  1.68695e-09  5.94262e-23  1.29984e-10  -6.4838e-23  -6.9919e-10  6.70457e-23  3.62975e-10 -6.51238e-23  5.84097e-11  5.69137e-23  -1.3915e-10 -4.16825e-23  2.49478e-11   2.2889e-23    3.506e-11 -7.25832e-24 -1.28194e-11  1.37977e-25 -8.03536e-12 -1.51316e-24    3.661e-12   6.7188e-24  1.94311e-12 -1.09746e-23   -7.502e-13  1.28887e-23 -4.84673e-13  -1.3668e-23  9.41283e-14  1.40598e-23  1.07432e-13 -1.32791e-23  2.58285e-15  1.06561e-23 -1.75345e-14 -6.97787e-24 -4.38951e-15  3.71748e-24  1.47638e-15 -1.65148e-24  9.74709e-16  6.24509e-25  8.13592e-17 -1.79885e-25 -8.82585e-17  6.49601e-27 -3.37695e-17  4.11247e-26 -1.44329e-18  -3.6529e-26  2.47307e-18  1.99618e-26  8.29424e-19 -7.55436e-27  6.76272e-20  1.59126e-27 -3.17483e-20  2.49872e-28 -1.23727e-20 -3.98965e-28 -1.78634e-21  1.93736e-28  5.14682e-23 -5.81127e-29  7.53587e-23  1.06852e-29  1.57614e-23 -4.02783e-31  1.50181e-24 -3.57768e-31 -2.61732e-26  7.18114e-32 -2.98697e-26 -2.94378e-33 -4.57368e-27  1.16578e-33 -3.64372e-28 -5.27044e-34  -1.1612e-29  6.70654e-35  7.20642e-31 -4.23889e-36  1.05234e-31 -1.35002e-37  5.51585e-33  1.06536e-37  1.38109e-34 -5.78672e-40  1.22342e-36 -8.64111e-41
 9.46035e-35  1.55304e-18 -5.67618e-33 -5.95122e-17  1.28442e-31  1.19934e-15 -1.67267e-30 -1.59787e-14  1.40245e-29  1.55375e-13 -7.46024e-29 -1.16478e-12  1.74135e-28  6.96462e-12  9.91836e-28 -3.39666e-11 -1.40676e-26  1.37155e-10  9.33425e-26 -4.63032e-10 -4.42621e-25  1.31432e-09  1.65197e-24 -3.14301e-09 -5.04945e-24  6.32106e-09  1.29056e-23 -1.06254e-08  -2.7931e-23  1.47433e-08  5.16579e-23 -1.65025e-08 -8.23619e-23  1.42475e-08  1.14519e-22 -8.52963e-09 -1.41377e-22  2.26504e-09  1.59088e-22  1.41713e-09 -1.67982e-22 -1.73766e-09  1.68855e-22  4.59324e-10 -1.58671e-22  3.69627e-10  1.32379e-22  -2.7892e-10 -9.05639e-23  -3.4248e-11  4.42041e-23  8.82506e-11 -9.50239e-24 -3.12045e-12 -3.51522e-24 -2.30691e-11 -2.14168e-24  1.49134e-12  1.45229e-23   5.5257e-12 -2.33608e-23 -2.23621e-16  2.66021e-23 -1.17709e-12 -2.74366e-23 -1.58043e-13  2.75141e-23  1.95679e-13 -2.52399e-23  6.54166e-14  1.95289e-23 -1.81471e-14 -1.22256e-23  -1.4288e-14  6.17368e-24 -1.01998e-15 -2.58594e-24  1.60361e-15  9.25964e-25   5.6578e-16 -2.53897e-25 -1.65886e-17  2.67553e-27 -6.18012e-17  6.43443e-26 -1.65153e-17  -5.5791e-26  2.73613e-19  3.00571e-26  1.30088e-18 -1.10938e-26  3.53737e-19  2.22752e-27  2.29995e-20  3.68311e-28 -1.18848e-20 -5.27246e-28 -4.13803e-21  2.36856e-28 -5.78588e-22 -6.54846e-29 -1.46382e-24  1.10478e-29  1.57086e-23   -1.694e-31  3.30424e-24 -4.20843e-31  3.38019e-25  6.33619e-32  9.12646e-27  2.26442e-33 -2.56275e-27  2.23341e-34  -4.3452e-28 -4.47906e-34 -3.46525e-29  6.80655e-35 -1.44782e-30 -4.08506e-36 -1.29601e-32 -2.29636e-37  1.62623e-33  7.99449e-38  6.88504e-35  7.20084e-40  7.21569e-37
-3.35811e-19   2.1256e-33  2.29225e-17   -7.247e-32 -6.14207e-16  1.25136e-30  9.98714e-15 -1.35741e-29 -1.13778e-13  9.89267e-29  9.76185e-13 -4.69022e-28 -6.58309e-12  9.91836e-28   3.5867e-11  5.17636e-27 -1.60807e-10 -6.78215e-26  6.00589e-10  4.18181e-25 -1.88306e-09 -1.85072e-24   4.9759e-09  6.46701e-24 -1.10858e-08 -1.85487e-23  2.07502e-08   4.4556e-23 -3.23557e-08 -9.07389e-23  4.13612e-08  1.58101e-22 -4.20765e-08 -2.37901e-22  3.20378e-08  3.13271e-22 -1.54156e-08 -3.68582e-22  9.51179e-10  3.98942e-22  4.99998e-09 -4.08731e-22 -3.40351e-09  3.99381e-22  2.25571e-11 -3.61906e-22  1.10832e-09  2.86743e-22 -3.73348e-10 -1.81844e-22 -2.39228e-10  7.70234e-23  1.51521e-10 -6.64105e-24  4.73197e-11 -1.39927e-23 -4.26181e-11 -2.70649e-24 -1.12102e-11  2.95154e-23  9.63992e-12 -4.63795e-23  3.22353e-12  5.11836e-23 -1.65589e-12 -5.14369e-23 -8.78327e-13   5.0413e-23  1.51706e-13 -4.49762e-23  1.82463e-13  3.35424e-23  1.63767e-14 -2.00419e-23 -2.33403e-14  9.57039e-24 -8.29325e-15 -3.77695e-24   7.3549e-16   1.2907e-24  1.17808e-15 -3.46735e-25  2.59443e-16  1.45888e-27 -3.91634e-17  9.20116e-26 -3.43271e-17 -7.97181e-26 -6.92552e-18  4.25138e-26  4.29491e-19 -1.53329e-26  5.57826e-19  2.97049e-27  1.30704e-19  4.87522e-28  7.97826e-21 -6.50882e-28 -3.44252e-21  2.70644e-28 -1.13291e-21 -6.84916e-29  -1.5736e-22  1.05737e-29 -5.13048e-24  1.02037e-31   2.2931e-24 -4.57676e-31  5.10408e-25  4.95572e-32  5.39096e-26  6.72958e-33  2.64404e-27  -6.5634e-34 -7.88984e-29 -3.55964e-34 -2.32194e-29  6.51615e-35 -1.76888e-30 -3.59509e-36 -6.85094e-32 -2.47937e-37 -1.18411e-33  5.21609e-38 -1.28178e-36  5.67268e-40
-5.13891e-34 -6.72889e-18  3.20619e-32  2.62434e-16 -7.61223e-31 -5.38691e-15  1.05775e-29  7.31603e-14   -9.796e-29 -7.25824e-13  6.29448e-28  5.55676e-12 -2.68451e-27 -3.39666e-11  5.17636e-27  1.69545e-10  2.48706e-26 -7.01586e-10 -3.02085e-25  2.43085e-09  1.73555e-24 -7.09369e-09 -7.18344e-24  1.74757e-08  2.35378e-23 -3.63002e-08 -6.34227e-23  6.32329e-08  1.43303e-22  -9.1348e-08 -2.74775e-22  1.07224e-07  4.51267e-22 -9.83603e-08  -6.4135e-22  6.46213e-08  8.00973e-22 -2.24024e-08 -9.00465e-22 -6.47549e-09  9.40661e-22   1.2659e-08 -9.37237e-22 -4.98632e-09  8.89334e-22 -1.93074e-09 -7.73899e-22  2.36587e-09  5.78868e-22 -1.12768e-10 -3.37239e-22 -6.80394e-10  1.19437e-22  1.41645e-10   1.1156e-23  1.70564e-10 -3.82776e-23 -4.42173e-11 -2.75637e-24 -4.20076e-11  5.60772e-23  8.15498e-12 -8.58132e-23  9.93729e-12  9.18507e-23 -4.26398e-13 -9.02058e-23  -1.9932e-12  8.67001e-23 -2.94353e-13 -7.53449e-23  2.75617e-13  5.41303e-23  1.10341e-13 -3.08001e-23 -1.27427e-14  1.38637e-23 -1.82621e-14 -5.15291e-24 -3.44987e-15  1.70287e-24  1.09684e-15 -4.67307e-25  6.75603e-16  1.10141e-26  9.48375e-17  1.20717e-25 -2.94502e-17 -1.06934e-25 -1.58115e-17  5.65824e-26 -2.55832e-18 -1.99745e-26  2.26638e-19  3.78775e-27  1.96823e-19  5.82627e-28  4.16429e-20 -7.54393e-28  2.75475e-21  2.90116e-28 -7.42938e-22 -6.65717e-29  -2.4613e-22  9.39508e-30  -3.4259e-23  3.73633e-31 -1.89524e-24 -4.65961e-31  1.95034e-25   3.3755e-32  5.37491e-26  9.47524e-33  5.69342e-27 -1.38011e-33  3.21819e-28 -2.66651e-34  5.74525e-30  5.84804e-35 -4.95682e-31 -2.86834e-36 -3.83473e-32 -2.03125e-37 -1.03539e-33  2.74828e-38 -8.23297e-36
 1.30592e-18 -1.05983e-32 -9.07408e-17  3.75783e-31  2.47686e-15 -6.80997e-30 -4.10602e-14   7.8851e-29  4.77315e-13 -6.35041e-28  -4.1826e-12  3.63875e-27   2.8837e-11 -1.40676e-26 -1.60807e-10  2.48706e-26  7.38817e-10  1.10461e-25 -2.83166e-09 -1.24769e-24  9.12545e-09  6.69515e-24  -2.4832e-08 -2.59636e-23   5.7102e-08   7.9884e-23  -1.1064e-07 -2.02412e-22  1.79282e-07  4.30485e-22 -2.39505e-07 -7.77534e-22  2.56976e-07  1.20417e-21 -2.10209e-07 -1.61768e-21  1.14903e-07  1.91939e-21 -2.04033e-08 -2.06815e-21 -2.79148e-08  2.09276e-21  2.54366e-08 -2.03129e-21 -3.89419e-09  1.86781e-21 -6.85022e-09 -1.55285e-21  3.68655e-09  1.08917e-21  1.10376e-09 -5.76569e-22 -1.31489e-09  1.60079e-22 -1.28946e-10   6.1659e-23  3.63374e-10 -8.73706e-23   2.3335e-11 -1.02086e-24 -8.73679e-11  9.91723e-23 -1.10489e-11 -1.47869e-22  1.76958e-11  1.53764e-22  4.70299e-12 -1.48184e-22 -2.57053e-12  1.40287e-22 -1.34288e-12 -1.18966e-22  1.31176e-13  8.22564e-23  2.38462e-13 -4.44296e-23  4.24207e-14   1.8768e-23 -1.99123e-14 -6.57045e-24 -1.06972e-14  2.14379e-24 -8.80709e-16 -6.31717e-25  8.15031e-16  4.30535e-26  3.19834e-16   1.4551e-25    2.759e-17 -1.34997e-25 -1.52736e-17  7.09242e-26 -6.16158e-18  -2.4554e-26 -8.51555e-19  4.63345e-27  7.66639e-20   6.2855e-28  5.67394e-20 -8.25302e-28  1.12345e-20  2.92723e-28  8.51452e-22 -6.01748e-29 -1.08418e-22   7.8054e-30 -4.05073e-23  6.14724e-31 -5.64917e-24 -4.48811e-31 -3.89082e-25  1.93848e-32  2.18405e-27  1.00957e-32  3.37923e-27 -1.90922e-33  3.59869e-28 -1.92012e-34  1.95327e-29  4.87825e-35  5.21927e-31 -2.05577e-36  1.80196e-33 -1.30457e-37 -1.81548e-34  1.00121e-38
 2.28143e-33  2.39703e-17 -1.47298e-31 -9.52522e-16  3.63755e-30   1.9937e-14 -5.30635e-29 -2.76331e-13   5.2478e-28  2.80036e-12 -3.72817e-27 -2.19209e-11  1.92272e-26  1.37155e-10 -6.78215e-26 -7.01586e-10  1.10461e-25  2.97915e-09  4.55151e-25 -1.06082e-08 -4.79407e-24  3.18703e-08  2.40783e-23 -8.10007e-08 -8.76273e-23  1.74028e-07   2.5346e-22 -3.14597e-07 -6.04425e-22  4.73803e-07  1.21061e-21 -5.83819e-07 -2.06041e-21  5.69038e-07  3.01026e-21 -4.08275e-07 -3.82599e-21  1.73329e-07  4.32185e-21  1.26115e-08 -4.47945e-21 -7.43106e-08  4.40725e-21  4.04673e-08 -4.17106e-21  5.52347e-09  3.70431e-21 -1.58022e-08 -2.92425e-21  3.38288e-09   1.9086e-21  4.00209e-09 -9.05424e-22 -1.71246e-09   1.7221e-22 -9.16571e-10  1.72098e-22  5.09968e-10 -1.76962e-22  2.26759e-10  5.70033e-24 -1.13069e-10  1.62631e-22 -6.02108e-11 -2.37023e-22  1.69272e-11  2.40008e-22  1.45796e-11 -2.28262e-22 -5.29594e-13  2.14066e-22 -2.65476e-12  -1.7749e-22  -5.2089e-13  1.17927e-22   2.7107e-13 -6.01965e-23  1.43694e-13  2.37126e-23  4.83105e-15 -7.82589e-24 -1.54658e-14  2.59941e-24 -5.01213e-15 -8.61612e-25  2.23612e-17  1.10139e-25  4.44383e-16  1.60889e-25  1.28947e-16 -1.60642e-25  6.45689e-18  8.37475e-26 -6.11731e-18  -2.8506e-26 -2.04282e-18  5.45285e-27   -2.574e-19  6.07976e-28  1.71465e-20 -8.57151e-28  1.30777e-20  2.78739e-28  2.48756e-21 -5.06132e-29  2.12749e-22  6.17313e-30 -7.47436e-24  8.05992e-31 -4.70369e-24 -4.12388e-31  -6.6009e-25  8.93638e-33 -4.88081e-26  8.81373e-33 -1.39324e-27 -2.23619e-33  9.00061e-29 -1.37118e-34  1.13753e-29  3.73503e-35  5.13349e-31 -1.30474e-36  1.02876e-32 -6.41511e-38  5.59329e-35
-4.19377e-18  4.34947e-32  2.96967e-16   -1.596e-30  -8.2673e-15  3.00891e-29  1.39895e-13  -3.6588e-28 -1.66148e-12  3.14808e-27  1.48889e-11 -1.99543e-26 -1.05086e-10  9.33425e-26  6.00589e-10 -3.02085e-25 -2.83166e-09  4.55151e-25  1.11531e-08  1.74545e-24 -3.69976e-08 -1.71859e-23  1.03832e-07  8.09433e-23 -2.46818e-07 -2.76834e-22  4.95801e-07  7.53548e-22 -8.36114e-07 -1.69235e-21  1.16883e-06  3.19346e-21 -1.32373e-06 -5.12261e-21  1.16195e-06  7.06265e-21 -7.12445e-07 -8.50152e-21  1.99325e-07  9.16626e-21  1.17105e-07  -9.1771e-21 -1.54126e-07  8.81144e-21  4.55733e-08 -8.12989e-21  3.19197e-08  6.94146e-21 -2.72802e-08 -5.16593e-21 -1.99652e-09  3.10943e-21  8.74572e-09 -1.29776e-21 -8.00052e-10   1.1033e-22 -2.34005e-09  3.78058e-22  3.06776e-10 -3.27562e-22  5.85598e-10  2.43366e-23 -4.06357e-11  2.46221e-22 -1.34039e-10 -3.52601e-22 -9.05028e-12   3.4872e-22  2.48318e-11 -3.29945e-22   6.4138e-12  3.08771e-22 -2.86459e-12 -2.50831e-22 -1.69825e-12   1.5977e-22 -1.07481e-14  -7.6587e-23  2.27392e-13  2.78678e-23  6.49992e-14 -8.68925e-24 -7.12268e-15  3.06561e-24 -8.80803e-15  -1.1773e-24 -1.94241e-15  2.21144e-25  1.64828e-16  1.62146e-25  1.94249e-16 -1.80287e-25  4.51781e-17   9.3126e-26  1.35324e-18 -3.12738e-26 -1.94719e-18  6.18828e-27 -5.72342e-19  5.17482e-28 -6.94297e-20 -8.50514e-28  2.00344e-21  2.50783e-28  2.31879e-21 -3.96511e-29  4.32855e-22  4.83611e-30  3.99468e-23  9.37655e-31  6.49948e-25 -3.63535e-31 -3.38973e-25  3.41106e-33 -4.99202e-26  6.30562e-33 -3.60097e-27 -2.36064e-33 -1.34147e-28 -9.97356e-35 -9.24879e-31  2.57954e-35  1.17364e-31 -7.14806e-37  3.52193e-33 -2.14866e-38
-8.41099e-33 -7.08174e-17  5.60419e-31  2.87084e-15 -1.43231e-29 -6.13509e-14  2.17415e-28   8.6896e-13 -2.25895e-27 -9.00749e-12  1.71535e-26  7.21959e-11  -9.7917e-26 -4.63032e-10  4.18181e-25  2.43085e-09 -1.24769e-24 -1.06082e-08  1.74545e-24  3.88804e-08  6.24729e-24 -1.20447e-07 -5.76272e-23  3.16325e-07  2.54948e-22 -7.04085e-07 -8.20463e-22  1.32299e-06  2.10353e-21 -2.08037e-06 -4.45146e-21  2.69425e-06  7.91557e-21 -2.79101e-06 -1.19682e-20   2.1791e-06  1.55763e-20 -1.09166e-06 -1.77799e-20  9.54302e-08  1.83555e-20  3.49725e-07 -1.78365e-20 -2.59447e-07  1.67683e-20  1.34214e-08 -1.50613e-20  8.33543e-08  1.22909e-20 -3.37605e-08 -8.55106e-21  -1.7096e-08  4.69547e-21   1.3622e-08 -1.67955e-21  3.06368e-09 -8.59489e-23 -3.96274e-09  7.18488e-22  -7.0473e-10 -5.63879e-22  9.57261e-10  6.76104e-23  2.30271e-10  3.41977e-22 -1.84767e-10 -4.84603e-22 -7.39579e-11  4.69994e-22   2.2736e-11 -4.47681e-22  1.79094e-11  4.22078e-22  2.17985e-13 -3.36638e-22 -2.73092e-12  2.04856e-22 -7.44889e-13 -9.13728e-23  1.56191e-13  3.02583e-23  1.34516e-13 -8.95583e-24  2.20193e-14  3.54686e-24 -6.92233e-15 -1.58614e-24 -4.04206e-15  3.76337e-25 -6.39491e-16  1.46571e-25  1.03098e-16 -1.90759e-25  7.02654e-17  9.74358e-26  1.39053e-17 -3.24296e-26  3.48178e-19  6.78622e-27 -4.90785e-19   3.6915e-28 -1.32948e-19  -8.1191e-28 -1.60272e-20  2.12788e-28 -1.46296e-22 -2.89955e-29  2.96294e-22  4.01238e-30  5.59057e-23  1.00509e-30  5.29479e-24 -3.08442e-31  2.17266e-25  2.31325e-33 -1.04326e-26  3.40654e-33 -2.10858e-27 -2.28352e-33 -1.37942e-28 -7.35346e-35 -4.50202e-30   1.5696e-35 -6.02096e-32 -3.20721e-37 -2.52177e-35
  1.1191e-17 -1.49032e-31 -8.08683e-16  5.64335e-30  2.29929e-14 -1.10116e-28 -3.97713e-13  1.39369e-27  4.83284e-12 -1.26036e-26 -4.43552e-11   8.5436e-26  3.20976e-10 -4.42621e-25 -1.88306e-09  1.73555e-24  9.12545e-09 -4.79407e-24 -3.69976e-08  6.24729e-24  1.26544e-07  2.09223e-23 -3.66891e-07 -1.81162e-22  9.03103e-07   7.5398e-22 -1.88401e-06 -2.28566e-21   3.3121e-06  5.52349e-21 -4.85233e-06 -1.10181e-20  5.80641e-06  1.84641e-20 -5.46561e-06 -2.63128e-20  3.72543e-06  3.23354e-20 -1.39309e-06 -3.50563e-20 -3.14945e-07  3.47885e-20  7.61727e-07  -3.2984e-20 -3.42972e-07   3.0441e-20 -9.93808e-08 -2.65415e-20  1.57874e-07  2.05534e-20 -1.86847e-08  -1.3235e-20 -4.48302e-08  6.53984e-21  1.35851e-08 -1.92499e-21  1.12124e-08 -4.76523e-22 -4.32518e-09  1.22684e-21 -2.85814e-09 -9.12953e-22  9.32244e-10  1.55084e-22  7.34382e-10   4.3102e-22 -1.11612e-10 -6.10005e-22 -1.66241e-10  5.83673e-22 -9.70761e-12  -5.7012e-22  2.73289e-11  5.48373e-22  7.98323e-12 -4.30269e-22 -2.13702e-12  2.48896e-22 -1.69028e-12 -1.01899e-22 -1.98366e-13  2.99574e-23   1.4113e-13 -8.50399e-24  6.27625e-14  4.04652e-24  5.08717e-15 -2.06961e-24 -3.92233e-15  5.64325e-25 -1.55623e-15  1.14063e-25 -1.84908e-16 -1.90094e-25   4.1368e-17  9.57801e-26  2.12121e-17 -3.17639e-26  3.75315e-18  7.20537e-27  1.21799e-19  1.87123e-28  -9.5279e-20 -7.51386e-28 -2.48004e-20  1.68902e-28 -2.99432e-21 -1.98751e-29 -1.14183e-22  3.75493e-30  2.39749e-23  1.00591e-30  4.95384e-24 -2.52317e-31  4.60147e-25  4.08117e-33  2.25464e-26  8.33124e-34  2.54187e-28 -2.02068e-33 -3.59557e-29 -5.26045e-35 -2.06676e-30  8.13377e-36 -3.89033e-32 -1.02516e-37
 2.60536e-32  1.74239e-16 -1.78865e-30 -7.21664e-15  4.71694e-29  1.57704e-13 -7.41134e-28  -2.2862e-12  8.01752e-27  2.42794e-11 -6.40187e-26 -1.99584e-10  3.91028e-25  1.31432e-09 -1.85072e-24 -7.09369e-09  6.69515e-24  3.18703e-08 -1.71859e-23 -1.20447e-07  2.09223e-23  3.85446e-07  6.57125e-23 -1.04794e-06 -5.35055e-22  2.42098e-06  2.09768e-21 -4.73708e-06 -5.99584e-21  7.79092e-06  1.36653e-20 -1.06202e-05 -2.57007e-20  1.16999e-05   4.0585e-20 -9.91538e-06 -5.45013e-20  5.72606e-06  6.32588e-20 -1.24871e-06 -6.52681e-20 -1.28086e-06  6.25568e-20   1.3463e-06 -5.81988e-20 -2.92971e-07  5.28114e-20  -3.3943e-07  -4.4503e-20  2.28539e-07   3.2424e-20  4.22855e-08 -1.90901e-20 -8.05533e-08  8.33393e-21  4.60681e-11 -1.87913e-21  2.27447e-08  -1.0936e-21 -8.95894e-10  1.92014e-21  -5.7912e-09 -1.39995e-21 -1.18082e-10  3.11133e-22  1.29958e-09  4.82655e-22  2.01049e-10 -6.91238e-22  -2.2538e-10  6.59392e-22 -8.17168e-11 -6.81015e-22   2.0989e-11  6.79513e-22  1.82167e-11 -5.25409e-22  1.61703e-12  2.86847e-22  -2.0435e-12 -1.05556e-22 -7.84148e-13  2.63244e-23  3.14344e-15 -7.34386e-24   8.1843e-14  4.55122e-24  2.42258e-14   -2.575e-24  4.24464e-16  7.62882e-25 -1.67069e-15  6.70156e-26 -5.13016e-16 -1.78206e-25 -4.90978e-17  8.82455e-26  1.22096e-17 -2.93172e-26  5.30747e-18  7.42478e-27  8.72594e-19  9.90806e-31  4.07091e-20 -6.79873e-28   -1.342e-20  1.22717e-28 -3.54686e-21 -1.28448e-29 -4.25203e-22  3.95874e-30 -2.35828e-23   9.4037e-31  7.84274e-25 -1.99398e-31  2.65921e-25  6.76988e-33   2.3497e-26 -9.80886e-34  1.07982e-27 -1.61919e-33  2.28835e-29 -3.43152e-35 -2.16369e-33  3.38649e-36 -4.70825e-33
-2.48616e-17  4.30861e-31  1.83635e-15  -1.6809e-29 -5.34148e-14  3.38386e-28  9.46067e-13 -4.43379e-27  -1.1783e-11  4.17626e-26  1.10956e-10 -2.97827e-25 -8.24739e-10  1.65197e-24   4.9759e-09 -7.18344e-24  -2.4832e-08  2.40783e-23  1.03832e-07 -5.76272e-23 -3.66891e-07  6.57125e-23   1.1011e-06  1.93955e-22 -2.81219e-06 -1.48743e-21  6.10473e-06   5.4998e-21 -1.12094e-05 -1.48345e-20  1.72407e-05  3.19007e-20 -2.18267e-05 -5.65703e-20  2.20293e-05  8.41557e-20 -1.65857e-05 -1.06454e-19  7.69285e-06   1.1674e-19  1.85148e-09 -1.14927e-19 -3.05079e-06  1.07007e-19  1.95361e-06 -9.82429e-20  7.46577e-08  8.76695e-20  -7.2158e-07 -7.09833e-20  2.29039e-07  4.81663e-20  1.70788e-07 -2.55257e-20 -1.05025e-07  9.58436e-21 -3.60889e-08 -1.41452e-21  3.21066e-08 -1.90959e-21  8.91854e-09  2.78906e-21 -7.81604e-09  -2.0398e-21 -2.68595e-09  5.57832e-22  1.44306e-09    4.574e-22  7.76934e-10 -6.78536e-22  -1.4353e-10  6.59857e-22 -1.71767e-10 -7.61975e-22 -1.52039e-11  8.06542e-22  2.31955e-11 -6.15261e-22  8.38987e-12  3.13809e-22 -7.36171e-13 -1.00343e-22 -1.23154e-12  1.92292e-23 -2.83575e-13 -5.64194e-24  3.76995e-14   5.0157e-24  3.67352e-14  -3.0175e-24  7.97524e-15  9.44226e-25  -2.5168e-16  9.65788e-27 -5.70205e-16 -1.57208e-25   -1.459e-16  7.58785e-26 -1.24376e-17 -2.53512e-26  2.68821e-18  7.45003e-27  1.07816e-18 -1.60899e-28  1.68893e-19 -6.07077e-28  1.03685e-20  7.70143e-29 -1.19434e-21 -7.84688e-30 -3.63786e-22  4.40922e-30 -4.26933e-23  8.14337e-31 -2.65098e-24 -1.52751e-31 -4.36821e-26  8.75108e-33  6.64334e-27 -1.91422e-33  5.80057e-28  -1.1571e-33  2.02354e-29 -1.91317e-35  2.77181e-31  9.84245e-37
-6.84296e-32 -3.56968e-16  4.83531e-30  1.51339e-14 -1.31331e-28 -3.38827e-13   2.1287e-27  5.03713e-12 -2.38445e-26 -5.49135e-11  1.98383e-25  4.63887e-10 -1.27543e-24 -3.14301e-09  6.46701e-24  1.74757e-08 -2.59636e-23 -8.10007e-08  8.09433e-23  3.16325e-07 -1.81162e-22 -1.04794e-06  1.93955e-22  2.95584e-06  5.38988e-22 -7.10284e-06 -3.89876e-21  1.45031e-05  1.36104e-20 -2.49981e-05  -3.4667e-20  3.59299e-05  7.03615e-20  -4.2137e-05 -1.17634e-19  3.87008e-05  1.64773e-19 -2.53678e-05 -1.96225e-19  8.43408e-06  2.03394e-19  3.29429e-06 -1.91706e-19 -5.69897e-06  1.74601e-19  2.19772e-06 -1.59045e-19  9.77665e-07  1.39363e-19 -1.17254e-06 -1.07626e-19  5.35032e-08   6.7192e-20  3.63515e-07 -3.13684e-20 -8.12611e-08  9.69425e-21 -9.68586e-08 -5.13901e-22  2.79702e-08 -2.81433e-21  2.53817e-08  3.79146e-21 -5.81677e-09 -2.82292e-21 -6.45956e-09   9.0231e-22  4.64733e-10  3.14572e-22  1.40832e-09 -5.16999e-22   1.7918e-10  5.47339e-22 -2.13867e-10 -7.96601e-22 -8.10268e-11  9.21977e-22  1.19466e-11 -6.93995e-22  1.47156e-11  3.25966e-22  2.65216e-12 -8.53612e-23 -9.54216e-13  9.19929e-24 -5.68706e-13  -3.7099e-24 -7.99499e-14  5.35626e-24  2.48461e-14 -3.29569e-24  1.35512e-14  1.08328e-24  2.29878e-15 -5.26912e-26 -1.45569e-16 -1.31167e-25 -1.58673e-16  6.03828e-26 -3.56157e-17 -2.02831e-26 -2.98645e-18  7.31344e-27  4.21248e-19 -2.75887e-28  1.71619e-19 -5.40123e-28  2.59386e-20   3.3934e-29  1.87023e-21 -4.45122e-30 -3.55777e-23  4.85169e-30 -2.40725e-23  6.41892e-31 -2.75723e-24 -1.13922e-31 -1.65629e-25  9.18528e-33 -4.79206e-27  -2.0898e-33  1.10611e-29 -7.22068e-34  4.38286e-30 -8.43112e-36  6.66341e-32
