 0.000150932 -1.12798e-18 -0.000982343  9.21865e-18   0.00210951 -1.91715e-17  -0.00190602  1.86164e-17  0.000130381 -5.82692e-18  0.000950627 -5.37884e-18 -0.000238242  5.11646e-18 -0.000476741  5.91046e-19  0.000102405 -2.08635e-18  0.000245257 -1.17839e-19  -8.2701e-06  9.10123e-19 -0.000114757 -6.11087e-20 -2.52122e-05 -2.61403e-19  4.17394e-05  1.75278e-20  2.34539e-05  2.76665e-20 -8.22232e-06  3.19229e-20 -1.16528e-05 -2.67813e-21 -1.63475e-06  -1.0699e-20  3.13683e-06 -4.79326e-21  1.81369e-06  2.86495e-21 -8.61913e-08  9.37269e-22 -4.96561e-07  1.33572e-22 -2.04595e-07 -2.78489e-22  5.05979e-09   4.6516e-23  3.62945e-08  1.44994e-23  1.49484e-08 -8.60528e-24  2.26487e-09 -8.07815e-25  -2.6556e-10 -3.53449e-26 -1.71127e-10 -8.93042e-26 -2.71536e-11  -1.9729e-26 -1.32006e-12
-1.12798e-18   0.00145477 -5.82508e-18  -0.00505145   2.8021e-17   0.00731131 -4.40757e-17  -0.00382365  3.33126e-17  -0.00188886 -6.35045e-18   0.00254765 -9.27907e-18  0.000645151  5.36303e-18   -0.0013253  2.34785e-18 -0.000395505 -1.76795e-18  0.000599925 -1.46018e-18  0.000289406  1.04699e-18 -0.000212332  3.93196e-19  -0.00018089 -2.86685e-19  3.84247e-05 -8.83926e-20  8.52115e-05 -4.66779e-20  1.40519e-05   7.5417e-20 -2.60369e-05  3.37692e-20 -1.48083e-05 -1.42997e-20  2.42601e-06 -1.60582e-20  5.43231e-06  1.35925e-21  1.68858e-06  1.88393e-21 -5.90926e-07  4.54418e-22 -6.35221e-07 -3.94557e-22 -1.75221e-07  1.87133e-22  2.19185e-08  5.20983e-23   3.0926e-08 -1.44043e-23  9.91508e-09 -7.41873e-24  1.40892e-09 -2.19962e-25  2.81689e-11 -1.57097e-25 -1.27843e-11 -1.26818e-26
-0.000982343 -5.82508e-18   0.00655609 -1.27512e-17   -0.0146543  4.32933e-17    0.0143333 -5.21939e-17  -0.00237648  2.86407e-17  -0.00659846  5.21567e-19   0.00277125 -9.58033e-18    0.0031597  1.15822e-18  -0.00144701  3.83574e-18  -0.00167164  4.37293e-19  0.000498162 -2.87054e-18  0.000872944  5.14008e-19 -4.11546e-05  8.43118e-19 -0.000393248 -1.07292e-19 -9.30046e-05 -1.33295e-19  0.000129711 -1.74784e-19  7.91857e-05  5.63204e-20 -1.86967e-05   7.9571e-20 -3.42072e-05  3.97468e-21 -7.75111e-06  -1.9584e-20  6.84613e-06  -3.4072e-21  5.05805e-06  9.89747e-22  6.00435e-07 -1.86608e-22 -8.00189e-07 -5.22675e-22 -4.69521e-07  4.22438e-22 -8.93278e-08  1.53895e-22  1.55927e-08 -8.74511e-24  1.26054e-08 -1.22025e-23  2.96795e-09 -5.46982e-25  3.14751e-10 -1.41078e-25   1.0232e-11
 9.21865e-18  -0.00505145 -1.27512e-17     0.018239 -1.69427e-17   -0.0281987  4.54611e-17    0.0175033 -4.17116e-17   0.00483269   1.4886e-17   -0.0110163  6.54544e-18  -0.00042423 -7.24931e-18   0.00579583 -2.92614e-18  0.000219595  3.53291e-18  -0.00288354   2.7559e-18 -0.000458988 -3.19329e-18   0.00128308 -2.44397e-19   0.00047735   8.7367e-19 -0.000447528  1.64033e-19 -0.000325394 -2.64855e-20  8.12347e-05 -2.70161e-19  0.000152174 -3.89761e-20  2.49549e-05   9.0941e-20 -4.24977e-05  3.26345e-20 -2.50703e-05 -6.93602e-21  1.87095e-06 -4.58563e-21  7.48722e-06 -6.41216e-22  2.93051e-06 -2.31303e-21 -1.97588e-07 -1.04333e-21 -5.91342e-07  5.45535e-22  -2.3144e-07  2.80443e-22 -3.42258e-08  9.15576e-24  3.17241e-09 -9.07414e-24  1.97214e-09 -2.59138e-25  2.46243e-10 -4.60458e-26
  0.00210951   2.8021e-17   -0.0146543 -1.69427e-17    0.0348738 -1.83784e-17   -0.0383156  3.94824e-17    0.0119239  -2.9702e-17    0.0146963  7.64314e-18   -0.0109437  7.65276e-18  -0.00595788 -4.15892e-18   0.00621636 -4.91347e-18    0.0030903   1.8845e-18  -0.00293359   4.0228e-18  -0.00186401 -2.46023e-18   0.00109201 -7.71619e-19   0.00108246  4.68858e-19 -0.000224534  3.70637e-19 -0.000523518   2.0463e-19 -6.80977e-05 -2.60869e-19  0.000180341 -1.62268e-19  9.00175e-05  4.36545e-20 -2.71897e-05  4.69862e-20    -3.98e-05  1.50066e-20 -9.16217e-06  2.26611e-21  6.36895e-06 -2.39304e-22  5.04182e-06 -4.77084e-21  1.07712e-06 -1.99073e-21 -3.20693e-07  3.86286e-22 -2.70365e-07  3.32779e-22 -7.62253e-08  2.44104e-23 -9.79811e-09 -2.08589e-24 -2.58807e-10  2.69433e-25  3.38019e-11
-1.91715e-17   0.00731131  4.32933e-17   -0.0281987 -1.83784e-17    0.0484419 -1.66428e-17   -0.0378424  2.93986e-17 -0.000150453 -2.13984e-17    0.0209198  4.78737e-18  -0.00591513  7.05357e-18   -0.0104269 -7.68691e-19   0.00396252 -5.58062e-18   0.00548982  1.10241e-19   -0.0017041  4.03773e-18  -0.00294542 -1.29156e-18   0.00035453 -8.51689e-19   0.00145679 -1.86266e-19  0.000190394  3.85492e-19 -0.000580296  4.89719e-19 -0.000258156 -1.26438e-19  0.000140585 -2.50502e-19  0.000147414 -4.82873e-20  9.62526e-06  3.28781e-20  -4.3023e-05  3.09061e-20 -2.17764e-05  1.49477e-20  1.16496e-06  3.73121e-21  5.44904e-06  -5.7518e-21  2.34463e-06 -2.96824e-21  2.59212e-07 -9.02029e-25 -1.44868e-07  2.54327e-22 -6.96716e-08  2.05163e-23  -1.3113e-08  1.08434e-24 -1.03933e-09  2.85035e-25
 -0.00190602 -4.40757e-17    0.0143333  4.54611e-17   -0.0383156 -1.66428e-17    0.0508637 -1.16302e-17   -0.0278254  1.92341e-17   -0.0110952 -1.52414e-17    0.0207884  1.31564e-18  0.000501342  5.89346e-18   -0.0118681  2.66767e-18  0.000638622 -5.36005e-18    0.0064736  -1.1578e-18  5.13596e-05  3.12336e-18  -0.00334123 -1.18368e-19 -0.000572833 -5.45688e-19   0.00149516 -8.97309e-19   0.00063565  1.73701e-19 -0.000483215  7.53179e-19 -0.000422467  1.04368e-19  4.48033e-05 -2.59607e-19   0.00017536 -1.43183e-19  5.61331e-05 -6.20617e-21 -3.16022e-05  2.93376e-20 -3.05901e-05  2.72923e-20 -6.43959e-06  1.03586e-20   3.5375e-06 -4.43352e-21  2.82711e-06 -3.48925e-21  8.05595e-07 -4.11354e-22  6.36142e-08  8.70875e-23 -2.31038e-08  -4.4931e-25 -6.51115e-09 -1.31279e-25 -4.43019e-10
 1.86164e-17  -0.00382365 -5.21939e-17    0.0175033  3.94824e-17   -0.0378424 -1.16302e-17    0.0426194 -6.92173e-18   -0.0163631  1.22347e-17   -0.0161005 -9.72314e-18     0.017031 -2.67984e-18   0.00510809  3.59539e-18   -0.0110677  5.41131e-18  -0.00221059 -4.35942e-18   0.00631016 -1.91534e-18   0.00166428  1.83711e-18  -0.00317331   9.8127e-19  -0.00141582 -4.75153e-20   0.00126565 -1.53323e-18   0.00100316 -2.15095e-19 -0.000274756  9.16711e-19 -0.000522893  3.73879e-19 -8.05447e-05 -1.78582e-19  0.000165605 -1.98482e-19  9.87747e-05 -5.71554e-20 -7.96399e-06  8.40981e-21 -3.18261e-05  3.31871e-20 -1.35895e-05  1.70653e-20  -1.2709e-07  -1.5317e-21  2.15468e-06 -3.28889e-21  9.70186e-07 -6.48192e-22  2.02032e-07 -6.16344e-23  1.78169e-08 -1.78718e-23 -8.43843e-11 -1.05089e-24
 0.000130381  3.33126e-17  -0.00237648 -4.17116e-17    0.0119239  2.93986e-17   -0.0278254 -6.92173e-18    0.0318746 -3.69637e-18  -0.00959684  7.64238e-18    -0.016598 -3.86876e-18    0.0133063 -5.74727e-18   0.00760154  9.17971e-19  -0.00956712  6.96282e-18  -0.00423443 -2.95898e-18    0.0055932 -2.47583e-18   0.00293472  6.12692e-19  -0.00267144   2.0661e-18  -0.00207567  5.22011e-19  0.000866902 -2.02185e-18   0.00124943 -7.11701e-19 -4.79069e-06  9.04274e-19 -0.000546302  6.11237e-19 -0.000208897 -2.98447e-20  0.000120248 -1.91701e-19  0.000126561 -1.05063e-19  2.19475e-05 -2.51021e-20 -2.43543e-05  2.95703e-20 -1.75029e-05  2.12256e-20 -4.08379e-06  1.43214e-21    6.111e-07 -2.45459e-21  6.65833e-07 -6.29106e-22  1.88772e-07 -1.13588e-22  2.47782e-08 -1.80299e-23  1.09553e-09
-5.82692e-18  -0.00188886  2.86407e-17   0.00483269  -2.9702e-17 -0.000150453  1.92341e-17   -0.0163631 -3.69637e-18    0.0251981 -1.91215e-18  -0.00713871  5.06662e-18   -0.0160464  1.30582e-18    0.0107037 -7.76449e-18   0.00904897 -8.56943e-19  -0.00803665  7.47433e-18    -0.005676 -1.60305e-18   0.00463569 -3.15706e-18   0.00388294 -4.48294e-19  -0.00198159  3.09269e-18  -0.00253376  1.17669e-18   0.00037473 -2.29617e-18   0.00136314 -1.25279e-18  0.000283945  6.75553e-19 -0.000494254  7.48124e-19 -0.000318154   1.4435e-19  4.79574e-05 -1.23759e-19  0.000132677 -1.34812e-19  5.06858e-05 -5.90334e-20 -9.79388e-06  1.81122e-20 -1.65061e-05  2.13751e-20 -6.63707e-06  3.15126e-21 -9.98364e-07 -1.40473e-21  1.39848e-07 -4.31555e-22  8.15476e-08 -8.33759e-23  1.10845e-08 -8.22295e-24
 0.000950627 -6.35045e-18  -0.00659846   1.4886e-17    0.0146963 -2.13984e-17   -0.0110952  1.22347e-17  -0.00959684 -1.91215e-18      0.02259 -1.85709e-18  -0.00592723  4.73401e-18   -0.0158143  4.69676e-18   0.00866415 -9.53684e-18    0.0100449 -1.37866e-18  -0.00651913  7.44916e-18  -0.00670364 -4.16235e-19   0.00355348   -4.081e-18   0.00454048 -1.47485e-18  -0.00119312  3.90617e-18  -0.00279291  1.97076e-18 -0.000152816 -2.26331e-18   0.00134855 -1.74771e-18  0.000556683  2.68448e-19 -0.000377307  7.41429e-19 -0.000391936  3.00714e-19 -3.87596e-05 -1.28219e-20  0.000115009 -1.33624e-19  7.10666e-05 -8.11593e-20  7.99577e-06  4.06976e-21 -1.07002e-05  1.74587e-20 -6.67078e-06  3.06708e-21  -1.8321e-06 -6.53592e-22 -2.35862e-07 -2.23197e-22 -4.76319e-09 -3.68859e-23  1.08165e-09
-5.37884e-18   0.00254765  5.21567e-19   -0.0110163  7.64314e-18    0.0209198 -1.52414e-17   -0.0161005  7.64238e-18  -0.00713871 -1.85709e-18    0.0211644 -3.54123e-18  -0.00461477  6.38073e-18   -0.0156072  6.21983e-18   0.00682949 -1.11713e-17    0.0106676 -1.29554e-18  -0.00503382  7.35898e-18  -0.00738085  8.24046e-19   0.00242881 -5.14019e-18   0.00493715 -2.60839e-18 -0.000372947  4.35944e-18  -0.00286854  2.88221e-18 -0.000670767 -1.84522e-18   0.00121951 -2.06546e-18  0.000786673 -2.04818e-19  -0.00021156   5.8667e-19 -0.000419995  4.03566e-19 -0.000125716  1.10936e-19  7.60871e-05 -9.85729e-20  7.77006e-05 -8.51206e-20  2.39187e-05 -7.28991e-21 -2.09339e-06  1.06626e-20 -4.30374e-06  1.50606e-21 -1.59273e-06 -4.15156e-22 -2.88487e-07 -1.04945e-22 -2.33937e-08 -1.08389e-23
-0.000238242 -9.27907e-18   0.00277125  6.54544e-18   -0.0109437  4.78737e-18    0.0207884 -9.72314e-18    -0.016598  5.06662e-18  -0.00592723 -3.54123e-18    0.0196241 -5.98668e-18  -0.00345718  9.06612e-18   -0.0152149   6.5297e-18   0.00523951 -1.21548e-17    0.0109843 -1.45449e-18  -0.00364319  7.46818e-18  -0.00777705  2.36085e-18   0.00132174 -6.07691e-18   0.00511175 -3.87275e-18  0.000432413  4.35919e-18  -0.00278298  3.76382e-18  -0.00114607  -1.0652e-18  0.000994872 -2.08981e-18  0.000954589 -6.20413e-19 -1.61926e-05  3.11133e-19 -0.000398135  4.25436e-19 -0.000198836  2.13188e-19  2.26191e-05 -4.09955e-20  6.82692e-05 -7.23347e-20  3.30639e-05 -1.31846e-20  5.98571e-06  3.35313e-21 -9.51445e-07 -4.31043e-22  -7.3053e-07 -4.48086e-22 -1.46339e-07 -5.43928e-23 -9.24332e-09
 5.11646e-18  0.000645151 -9.58033e-18  -0.00042423  7.65276e-18  -0.00591513  1.31564e-18     0.017031 -3.86876e-18   -0.0160464  4.73401e-18  -0.00461477 -5.98668e-18    0.0182368  -8.2805e-18  -0.00264156  1.17792e-17   -0.0147755  6.35563e-18   0.00390058 -1.22033e-17    0.0111075 -2.30347e-18  -0.00236479  7.79452e-18  -0.00795951   4.1644e-18  0.000262254 -6.63469e-18   0.00510069 -5.17016e-18   0.00119284  3.83993e-18  -0.00255947  4.37961e-18  -0.00155467 -8.92143e-20  0.000695837 -1.78916e-18    0.0010475 -9.05765e-19  0.000188093 -3.78314e-20 -0.000328023  3.54732e-19 -0.000245757  2.69899e-19 -3.53916e-05  1.97418e-20  4.44297e-05 -4.84747e-20  3.24073e-05 -1.28995e-20   1.0293e-05 -1.56404e-21  1.51322e-06 -1.51378e-21  2.74884e-09 -3.99604e-22 -2.33542e-08 -2.21675e-23
-0.000476741  5.36303e-18    0.0031597 -7.24931e-18  -0.00595788  7.05357e-18  0.000501342 -2.67984e-18    0.0133063  1.30582e-18   -0.0158143  6.38073e-18  -0.00345718  -8.2805e-18    0.0172042 -1.00958e-17  -0.00201462  1.37102e-17   -0.0143701  6.20385e-18   0.00274277 -1.15262e-17    0.0111028 -3.80497e-18  -0.00118945  8.16486e-18  -0.00797409  5.95425e-18 -0.000734746 -6.68299e-18   0.00493351 -6.34217e-18   0.00188778  2.77763e-18  -0.00222038  4.51452e-18  -0.00187886   8.5087e-19  0.000344854 -1.22228e-18   0.00105813 -1.04531e-18  0.000380162 -3.97221e-19 -0.000217008  2.08395e-19 -0.000257424  2.77578e-19 -8.60455e-05  6.77109e-20  1.20996e-05 -1.93751e-20  2.24207e-05 -6.96208e-21  9.50429e-06 -2.49767e-21  2.09314e-06  -1.3505e-21   2.3438e-07 -2.10994e-22  8.77792e-09
 5.91046e-19   -0.0013253  1.15822e-18   0.00579583 -4.15892e-18   -0.0104269  5.89346e-18   0.00510809 -5.74727e-18    0.0107037  4.69676e-18   -0.0156072  9.06612e-18  -0.00264156 -1.00958e-17    0.0163801 -1.13301e-17  -0.00147482  1.43234e-17   -0.0139857  6.29032e-18    0.0017224   -1.054e-17    0.0110025 -5.62241e-18 -0.000109219  8.36028e-18  -0.00785358  7.45872e-18  -0.00166081 -6.20318e-18   0.00463455 -7.22731e-18   0.00250259  1.26222e-18  -0.00178687  4.10057e-18   -0.0021056   1.6014e-18 -3.47954e-05 -4.84174e-19  0.000984555  -1.0437e-18  0.000539434 -6.97798e-19 -7.79035e-05  2.99362e-20 -0.000229772  2.47733e-19  -0.00011764  9.54812e-20 -1.93411e-05   8.8512e-21  7.67164e-06  1.93964e-21  5.22378e-06 -6.48975e-22  1.29616e-06 -6.00778e-22  1.39969e-07 -5.07115e-23
 0.000102405  2.34785e-18  -0.00144701 -2.92614e-18   0.00621636 -7.68691e-19   -0.0118681  3.59539e-18   0.00760154 -7.76449e-18   0.00866415  6.21983e-18   -0.0152149  1.17792e-17  -0.00201462 -1.13301e-17    0.0156681 -1.17664e-17   -0.0010175  1.35047e-17   -0.0136195  6.60179e-18   0.00081729 -9.59121e-18    0.0108328 -7.35198e-18  0.000884492  8.27443e-18  -0.00762318  8.63583e-18    -0.002512 -5.17582e-18   0.00422372 -7.69001e-18   0.00302637  -4.7071e-19  -0.00127907  3.25313e-18  -0.00222542  2.15107e-18  -0.00041907  3.33917e-19  0.000830212  -9.0341e-19  0.000647009 -8.86774e-19   7.1461e-05 -1.32676e-19 -0.000165395  1.92282e-19 -0.000121588  1.00359e-19 -3.96346e-05   2.8155e-20 -4.90641e-06  8.88152e-21  8.25654e-07  1.18479e-21  3.49282e-07 -8.02108e-23  2.90577e-08
-2.08635e-18 -0.000395505  3.83574e-18  0.000219595 -4.91347e-18   0.00396252  2.66767e-18   -0.0110677  9.17971e-19   0.00904897 -9.53684e-18   0.00682949   6.5297e-18   -0.0147755  1.37102e-17  -0.00147482 -1.17664e-17    0.0150646 -1.12495e-17 -0.000629847  1.16922e-17   -0.0132802  7.07246e-18  4.67207e-06  -8.8931e-18    0.0106126 -8.75928e-18   0.00180195  7.94587e-18  -0.00730101  9.67149e-18  -0.00328663 -3.54157e-18   0.00371705 -7.64641e-18   0.00345019 -2.13572e-18  -0.00071655  2.16451e-18  -0.00223186  2.54684e-18 -0.000783104  1.13653e-18   0.00060434 -6.37815e-19   0.00068719 -9.45166e-19  0.000209243 -2.48998e-19 -7.49107e-05  1.17909e-19 -9.61137e-05  8.16562e-20 -4.22889e-05  3.19778e-20 -1.01404e-05  1.01781e-20 -1.27198e-06  1.44488e-21 -5.76199e-08  3.53987e-23
 0.000245257 -1.76795e-18  -0.00167164  3.53291e-18    0.0030903 -5.58062e-18  0.000638622  5.41131e-18  -0.00956712 -8.56943e-19    0.0100449 -1.11713e-17   0.00523951  6.35563e-18   -0.0143701  1.43234e-17   -0.0010175 -1.12495e-17    0.0145582  -9.9934e-18 -0.000290372  9.71835e-18   -0.0129682  7.73803e-18  -0.00073528 -8.56355e-18    0.0103534 -9.93876e-18   0.00265265  7.41632e-18  -0.00689964   1.0765e-17  -0.00398364 -1.31826e-18   0.00312767 -7.10228e-18   0.00376596 -3.56013e-18 -0.000119096  9.53769e-19  -0.00212136  2.76748e-18  -0.00110123   1.8123e-18  0.000322653 -2.87593e-19  0.000649609 -8.79146e-19  0.000311619 -3.05911e-19  2.26109e-05  3.64178e-20 -4.96772e-05    4.606e-20 -2.92029e-05  2.22535e-20 -8.14945e-06  6.83919e-21 -1.18107e-06  7.32622e-22  -6.2109e-08
-1.17839e-19  0.000599925  4.37293e-19  -0.00288354   1.8845e-18   0.00548982 -5.36005e-18  -0.00221059  6.96282e-18  -0.00803665 -1.37866e-18    0.0106676 -1.21548e-17   0.00390058  6.20385e-18   -0.0139857  1.35047e-17 -0.000629847  -9.9934e-18    0.0141275 -8.61281e-18  1.26701e-05  8.39498e-18   -0.0126816  8.72512e-18   -0.0014176 -8.64929e-18    0.0100626 -1.12497e-17   0.00344488  6.55174e-18  -0.00642758  1.18786e-17  -0.00460159  1.26871e-18    0.0024668 -6.15092e-18   0.00396577 -4.74104e-18   0.00049247 -3.68744e-19  -0.00189373  2.70349e-18  -0.00134728   2.2608e-18  8.16251e-06  9.37801e-20  0.000532093  -6.9285e-19   0.00035635  -2.8886e-19  0.000101721 -2.40783e-20 -6.33539e-07  1.17229e-20 -1.05067e-05  9.43985e-21 -3.44313e-06  2.89765e-21 -4.38696e-07  1.64317e-22
 -8.2701e-06 -1.46018e-18  0.000498162   2.7559e-18  -0.00293359  1.10241e-19    0.0064736 -4.35942e-18  -0.00423443  7.47433e-18  -0.00651913 -1.29554e-18    0.0109843 -1.22033e-17   0.00274277  6.29032e-18   -0.0136195  1.16922e-17 -0.000290372 -8.61281e-18    0.0137613  -7.8476e-18  0.000286996  8.16123e-18   -0.0124194  1.01326e-17  -0.00205486 -9.09759e-18   0.00974475  -1.3041e-17   0.00418572   5.0381e-18  -0.00589018  1.26847e-17  -0.00513809  3.85467e-18   0.00174452 -4.87942e-18   0.00404149 -5.72136e-18   0.00109537 -1.80267e-18  -0.00155308  2.25664e-18  -0.00149545  2.43972e-18  -0.00030821  4.78898e-19  0.000344102 -3.73459e-19  0.000328806 -1.74667e-19  0.000138152 -3.05795e-20  3.08576e-05 -2.53101e-21  2.58306e-06  2.65634e-21 -2.77283e-07  8.35643e-22 -4.62938e-08
 9.10123e-19  0.000289406 -2.87054e-18 -0.000458988   4.0228e-18   -0.0017041  -1.1578e-18   0.00631016 -2.95898e-18    -0.005676  7.44916e-18  -0.00503382 -1.45449e-18    0.0111075 -1.15262e-17    0.0017224  6.60179e-18   -0.0132802  9.71835e-18  1.26701e-05  -7.8476e-18    0.0134519 -8.17805e-18  0.000539888  8.99469e-18   -0.0121802  1.19694e-17  -0.00265782 -9.66847e-18   0.00940168 -1.53556e-17   0.00488094  2.61629e-18  -0.00529027  1.27894e-17  -0.00558922  6.19418e-18  0.000970798 -3.25736e-18   0.00398468 -6.43213e-18   0.00166392 -3.26772e-18  -0.00110935  1.44583e-18  -0.00152205  2.39025e-18 -0.000587936  8.86516e-19  0.000110546  8.40954e-20  0.000231476  3.96407e-20    0.0001224  2.20167e-20  3.58265e-05  5.00659e-21  6.00907e-06   2.0353e-21  4.82605e-07  2.45626e-22
-0.000114757  1.04699e-18  0.000872944 -3.19329e-18  -0.00186401  4.03773e-18  5.13596e-05 -1.91534e-18    0.0055932 -1.60305e-18  -0.00670364  7.35898e-18  -0.00364319 -2.30347e-18    0.0111028   -1.054e-17   0.00081729  7.07246e-18   -0.0129682  8.39498e-18  0.000286996 -8.17805e-18    0.0131924 -9.59571e-18  0.000777139  1.05443e-17   -0.0119619  1.42028e-17  -0.00323558 -9.86158e-18   0.00903351 -1.78142e-17   0.00553484 -6.47744e-19  -0.00462877  1.20334e-17  -0.00594909  8.33991e-18  0.000156404  -1.1658e-18   0.00378692 -6.71009e-18   0.00216874 -4.62796e-18 -0.000580497  4.27458e-19  -0.00140879  2.22019e-18 -0.000786776   1.3422e-18 -0.000124743  6.20437e-19  9.34154e-05  2.95595e-19  7.01944e-05  9.44519e-20   2.2409e-05  1.79253e-20  3.65817e-06  2.50678e-21  2.16383e-07
-6.11087e-20 -0.000212332  5.14008e-19   0.00128308 -2.46023e-18  -0.00294542  3.12336e-18   0.00166428 -2.47583e-18   0.00463569 -4.16235e-19  -0.00738085  7.46818e-18  -0.00236479 -3.80497e-18    0.0110025 -9.59121e-18  4.67207e-06  7.73803e-18   -0.0126816  8.16123e-18  0.000539888 -9.59571e-18    0.0129775 -1.16914e-17   0.00100341  1.23408e-17   -0.0117628  1.68372e-17  -0.00379603 -9.01545e-18   0.00863871 -1.97877e-17   0.00615024 -4.36352e-18  -0.00390513  1.05825e-17  -0.00620943  1.05171e-17  -0.00068591  1.39722e-18   0.00344048 -6.49483e-18   0.00257606 -5.76797e-18  4.59921e-06 -5.66558e-19  -0.00114781  2.04259e-18 -0.000859312  1.79551e-18 -0.000301626  1.08333e-18 -3.32216e-05  4.81892e-19  1.52647e-05   1.3275e-19   6.8802e-06  2.07495e-20  9.92127e-07  1.52232e-21
-2.52122e-05  3.93196e-19 -4.11546e-05 -2.44397e-19   0.00109201 -1.29156e-18  -0.00334123  1.83711e-18   0.00293472 -3.15706e-18   0.00355348  8.24046e-19  -0.00777705  7.79452e-18  -0.00118945 -5.62241e-18    0.0108328  -8.8931e-18  -0.00073528  8.72512e-18   -0.0124194  8.99469e-18  0.000777139 -1.16914e-17    0.0128032 -1.39906e-17   0.00122277  1.39504e-17   -0.0115808  1.99053e-17  -0.00434616 -6.65838e-18   0.00821433 -2.08117e-17   0.00672829 -8.12257e-18  -0.00311781  8.76528e-18  -0.00635928  1.27945e-17  -0.00154005  4.11287e-18   0.00293969 -5.97729e-18   0.00284754 -6.60544e-18  0.000602955 -1.32389e-18 -0.000748451  1.89417e-18 -0.000771193  2.08614e-18 -0.000364067  1.29378e-18  -9.9872e-05  5.12009e-19 -1.50366e-05  1.16342e-19 -8.46437e-07  1.32917e-20  1.92139e-08
-2.61403e-19  -0.00018089  8.43118e-19   0.00047735 -7.71619e-19   0.00035453 -1.18368e-19  -0.00317331  6.12692e-19   0.00388294   -4.081e-18   0.00242881  2.36085e-18  -0.00795951  8.16486e-18 -0.000109219 -7.35198e-18    0.0106126 -8.56355e-18   -0.0014176  1.01326e-17   -0.0121802  1.05443e-17   0.00100341 -1.39906e-17    0.0126664 -1.62864e-17   0.00143885  1.50144e-17   -0.0114142  2.33261e-17  -0.00489225 -2.93922e-18   0.00775604 -2.09625e-17   0.00726827 -1.17518e-17  -0.00226473  6.88405e-18  -0.00638449  1.48702e-17  -0.00238492  6.36322e-18   0.00228289 -5.49386e-18   0.00294127 -7.03685e-18   0.00115532  -1.7298e-18 -0.000248759  1.70826e-18 -0.000525969  2.04218e-18 -0.000298112    1.179e-18 -9.55068e-05   3.9692e-19 -1.79709e-05  6.93924e-20 -1.67333e-06  4.65719e-21
 4.17394e-05 -2.86685e-19 -0.000393248   8.7367e-19   0.00108246 -8.51689e-19 -0.000572833   9.8127e-19  -0.00267144 -4.48294e-19   0.00454048 -5.14019e-18   0.00132174   4.1644e-18  -0.00797409  8.36028e-18  0.000884492 -8.75928e-18    0.0103534 -8.64929e-18  -0.00205486  1.19694e-17   -0.0119619  1.23408e-17   0.00122277 -1.62864e-17     0.012565 -1.87265e-17   0.00165499  1.52658e-17   -0.0112606  2.67364e-17  -0.00544003  1.24448e-18   0.00725811 -2.08056e-17   0.00776726 -1.51733e-17  -0.00134383  5.15613e-18  -0.00626753  1.61652e-17  -0.00319259  7.52813e-18    0.0014761 -5.21816e-18   0.00281579 -6.90506e-18   0.00158338 -1.77467e-18  0.000266685  1.40411e-18 -0.000194155   1.6466e-18    -0.000155   8.4038e-19  -5.2162e-05  2.28944e-19 -8.97504e-06  2.76972e-20 -5.59077e-07
 1.75278e-20  3.84247e-05 -1.07292e-19 -0.000447528  4.68858e-19   0.00145679 -5.45688e-19  -0.00141582   2.0661e-18  -0.00198159 -1.47485e-18   0.00493715 -6.07691e-18  0.000262254  5.95425e-18  -0.00785358  8.27443e-18   0.00180195 -9.93876e-18    0.0100626 -9.09759e-18  -0.00265782  1.42028e-17   -0.0117628  1.39504e-17   0.00143885 -1.87265e-17    0.0124973 -2.15628e-17   0.00187438  1.46473e-17    -0.011118  2.95036e-17  -0.00599483  4.69022e-18   0.00671335 -2.08315e-17    0.0082197 -1.80446e-17  -0.00035381  3.69309e-18  -0.00598746  1.61489e-17  -0.00392565  7.39076e-18  0.000539142 -4.92043e-18   0.00243505  -6.0372e-18   0.00178764 -1.48228e-18  0.000663099   1.0166e-18  9.73873e-05  1.08594e-18  -2.2016e-05  4.71766e-19 -1.26759e-05  9.70378e-20 -1.95878e-06  6.52517e-21
 2.34539e-05 -8.83926e-20 -9.30046e-05  1.64033e-19 -0.000224534 -1.86266e-19   0.00149516 -4.75153e-20  -0.00207567  3.09269e-18  -0.00119312 -2.60839e-18   0.00511175 -6.63469e-18 -0.000734746  7.45872e-18  -0.00762318  7.94587e-18   0.00265265 -1.12497e-17   0.00974475 -9.66847e-18  -0.00323558  1.68372e-17   -0.0115808  1.50144e-17   0.00165499 -2.15628e-17    0.0124625 -2.46931e-17   0.00210022  1.34559e-17   -0.0109839  3.10055e-17  -0.00656168  6.69884e-18   0.00611289 -2.08582e-17   0.00861677 -1.97274e-17  0.000704521  2.42794e-18  -0.00551993  1.46903e-17   -0.0045334  6.38896e-18 -0.000488444 -4.03035e-18   0.00177591 -4.33466e-18   0.00166844 -8.57933e-19  0.000806091  6.96611e-19  0.000238607  6.03671e-19  4.22524e-05  2.11899e-19  3.79118e-06  2.92059e-20  9.44601e-08
 2.76665e-20  8.52115e-05 -1.33295e-19 -0.000325394  3.70637e-19  0.000190394 -8.97309e-19   0.00126565  5.22011e-19  -0.00253376  3.90617e-18 -0.000372947 -3.87275e-18   0.00510069 -6.68299e-18  -0.00166081  8.63583e-18  -0.00730101  7.41632e-18   0.00344488  -1.3041e-17   0.00940168 -9.86158e-18  -0.00379603  1.99053e-17   -0.0114142  1.52658e-17   0.00187438 -2.46931e-17    0.0124601 -2.73725e-17   0.00233582   1.2238e-17   -0.0108556  3.10001e-17  -0.00714529  7.59921e-18   0.00544604 -2.00632e-17   0.00894523 -1.97892e-17   0.00182695  1.12682e-18    -0.004837  1.22513e-17  -0.00495084  5.49841e-18  -0.00154162 -2.01505e-18  0.000857999 -1.90284e-18   0.00119879  3.54545e-20  0.000661045  5.54015e-19  0.000216405  3.15311e-19  4.25095e-05  8.03883e-20  4.18905e-06  5.75963e-21
-8.22232e-06 -4.66779e-20  0.000129711 -2.64855e-20 -0.000523518  3.85492e-19   0.00063565 -1.53323e-18  0.000866902  1.17669e-18  -0.00279291  4.35944e-18  0.000432413 -5.17016e-18   0.00493351 -6.20318e-18    -0.002512  9.67149e-18  -0.00689964  6.55174e-18   0.00418572 -1.53556e-17   0.00903351 -9.01545e-18  -0.00434616  2.33261e-17   -0.0112606  1.46473e-17   0.00210022 -2.73725e-17    0.0124905  -2.8514e-17   0.00258472  1.13499e-17   -0.0107298  2.97943e-17  -0.00775005  8.46288e-18   0.00469971 -1.77607e-17   0.00918653 -1.85517e-17   0.00300438 -3.84423e-19  -0.00391135  9.77223e-18  -0.00510104   5.7007e-18  -0.00250759  1.13392e-18 -0.000189699  8.15765e-19  0.000511327  9.57065e-19  0.000346842  5.36339e-19  0.000113892  1.78541e-19  1.96734e-05  2.78671e-20  1.24278e-06
 3.19229e-20  1.40519e-05 -1.74784e-19  8.12347e-05   2.0463e-19 -0.000580296  1.73701e-19   0.00100316 -2.02185e-18   0.00037473  1.97076e-18  -0.00286854  4.35919e-18   0.00119284 -6.34217e-18   0.00463455 -5.17582e-18  -0.00328663   1.0765e-17  -0.00642758   5.0381e-18   0.00488094 -1.78142e-17   0.00863871 -6.65838e-18  -0.00489225  2.67364e-17    -0.011118  1.34559e-17   0.00233582  -2.8514e-17    0.0125545 -2.75587e-17   0.00285088  1.05788e-17   -0.0106026  2.80894e-17  -0.00838025  1.01775e-17   0.00385838 -1.42522e-17   0.00931608 -1.70407e-17   0.00421707 -1.97942e-18  -0.00272504  8.17648e-18  -0.00488587  7.25827e-18  -0.00318441  4.63414e-18  -0.00108925  3.06811e-18 -0.000119016  1.54459e-18  5.85537e-05  4.99914e-19  2.69817e-05  1.04523e-19  4.01264e-06  8.07887e-21
-1.16528e-05   7.5417e-20  7.91857e-05 -2.70161e-19 -6.80977e-05  4.89719e-19 -0.000483215 -2.15095e-19   0.00124943 -2.29617e-18 -0.000152816  2.88221e-18  -0.00278298  3.83993e-18   0.00188778 -7.22731e-18   0.00422372 -3.54157e-18  -0.00398364  1.18786e-17  -0.00589018  2.61629e-18   0.00553484 -1.97877e-17   0.00821433 -2.93922e-18  -0.00544003  2.95036e-17   -0.0109839   1.2238e-17   0.00258472 -2.75587e-17    0.0126536 -2.51963e-17   0.00313889   9.3339e-18   -0.0104696  2.66248e-17  -0.00903948  1.26529e-17   0.00290473 -1.09152e-17    0.0092988 -1.63122e-17   0.00542484  -3.3337e-18  -0.00126774  7.68671e-18  -0.00416925  9.30495e-18  -0.00329768  7.17749e-18  -0.00151953  4.13452e-18 -0.000446095  1.57509e-18 -8.05365e-05  3.72593e-19 -7.68906e-06  5.02991e-20  -2.3416e-07
-2.67813e-21 -2.60369e-05  5.63204e-20  0.000152174 -2.60869e-19 -0.000258156  7.53179e-19 -0.000274756 -7.11701e-19   0.00136314 -2.26331e-18 -0.000670767  3.76382e-18  -0.00255947  2.77763e-18   0.00250259 -7.69001e-18   0.00371705 -1.31826e-18  -0.00460159  1.26847e-17  -0.00529027 -6.47744e-19   0.00615024 -2.08117e-17   0.00775604  1.24448e-18  -0.00599483  3.10055e-17   -0.0108556  1.13499e-17   0.00285088 -2.51963e-17      0.01279 -2.30906e-17   0.00345388   7.3485e-18   -0.0103247  2.58228e-17  -0.00972937  1.48157e-17   0.00181691  -9.3587e-18   0.00908219 -1.67806e-17   0.00657001 -4.36042e-18  0.000468839  7.49835e-18  -0.00283257  1.02681e-17  -0.00267278  7.72062e-18  -0.00135304  3.81875e-18 -0.000432014  1.15603e-18 -8.48632e-05  2.03971e-19 -8.47743e-06   1.5336e-20
-1.63475e-06  3.37692e-20 -1.86967e-05 -3.89761e-20  0.000180341 -1.26438e-19 -0.000422467  9.16711e-19 -4.79069e-06 -1.25279e-18   0.00134855 -1.84522e-18  -0.00114607  4.37961e-18  -0.00222038  1.26222e-18   0.00302637 -7.64641e-18   0.00312767  1.26871e-18  -0.00513809  1.27894e-17  -0.00462877 -4.36352e-18   0.00672829 -2.09625e-17   0.00725811  4.69022e-18  -0.00656168  3.10001e-17   -0.0107298  1.05788e-17   0.00313889 -2.30906e-17    0.0129669  -2.2626e-17   0.00380222  5.15577e-18   -0.0101591  2.55936e-17   -0.0104515  1.53617e-17  0.000564488 -1.02979e-17   0.00860439 -1.81062e-17   0.00758458 -5.45431e-18   0.00242394  6.32132e-18 -0.000967353  9.03889e-18  -0.00147276  6.24837e-18 -0.000793346  2.61228e-18  -0.00024209  6.17047e-19 -4.06097e-05   7.6111e-20 -2.53877e-06
 -1.0699e-20 -1.48083e-05   7.9571e-20  2.49549e-05 -1.62268e-19  0.000140585  1.04368e-19 -0.000522893  9.04274e-19  0.000283945 -1.74771e-18   0.00121951  -1.0652e-18  -0.00155467  4.51452e-18  -0.00178687  -4.7071e-19   0.00345019 -7.10228e-18    0.0024668  3.85467e-18  -0.00558922  1.20334e-17  -0.00390513 -8.12257e-18   0.00726827 -2.08056e-17   0.00671335  6.69884e-18  -0.00714529  2.97943e-17   -0.0106026   9.3339e-18   0.00345388  -2.2626e-17    0.0131883 -2.37576e-17   0.00419289  3.74035e-18  -0.00996299  2.54075e-17   -0.0112098  1.36738e-17 -0.000879084 -1.30194e-17   0.00780794 -1.95439e-17   0.00833005 -7.07059e-18   0.00429544  3.56001e-18  0.000952159  5.94108e-18  -0.00021235  3.78947e-18  -0.00022529  1.31024e-18 -7.01594e-05  2.29028e-19 -9.27315e-06   1.6445e-20
 3.13683e-06 -1.42997e-20 -3.42072e-05   9.0941e-20  9.00175e-05 -2.50502e-19  4.48033e-05  3.73879e-19 -0.000546302  6.75553e-19  0.000556683 -2.06546e-18  0.000994872 -8.92143e-20  -0.00187886  4.10057e-18  -0.00127907 -2.13572e-18   0.00376596 -6.15092e-18   0.00174452  6.19418e-18  -0.00594909  1.05825e-17  -0.00311781 -1.17518e-17   0.00776726 -2.08315e-17   0.00611289  7.59921e-18  -0.00775005  2.80894e-17   -0.0104696   7.3485e-18   0.00380222 -2.37576e-17    0.0134611 -2.50728e-17   0.00463549  3.69719e-18  -0.00972776  2.46734e-17   -0.0119969  1.03012e-17  -0.00251835 -1.57595e-17   0.00659014 -2.02329e-17   0.00846296 -8.94856e-18    0.0054679  4.19469e-20   0.00222467  2.50067e-18  0.000576104  1.61423e-18  8.61415e-05  4.46727e-19  5.30014e-06   5.1892e-20 -4.80827e-08
-4.79326e-21  2.42601e-06  3.97468e-21 -4.24977e-05  4.36545e-20  0.000147414 -2.59607e-19 -8.05447e-05  6.11237e-19 -0.000494254  2.68448e-19  0.000786673 -2.08981e-18  0.000695837   8.5087e-19   -0.0021056  3.25313e-18  -0.00071655 -3.56013e-18   0.00396577 -4.87942e-18  0.000970798  8.33991e-18  -0.00620943  8.76528e-18  -0.00226473 -1.51733e-17    0.0082197 -2.08582e-17   0.00544604  8.46288e-18  -0.00838025  2.66248e-17   -0.0103247  5.15577e-18   0.00419289 -2.50728e-17    0.0137923 -2.49817e-17   0.00513749  4.83022e-18  -0.00943187  2.32242e-17   -0.0127745  6.75264e-18  -0.00437977 -1.66093e-17   0.00470158 -1.92639e-17   0.00745825 -9.95722e-18     0.005327 -2.58568e-18   0.00241449  1.86996e-19   0.00072681  3.80233e-19  0.000137975  7.87708e-20  1.35271e-05  4.45589e-21
 1.81369e-06 -1.60582e-20 -7.75111e-06  3.26345e-20 -2.71897e-05 -4.82873e-20   0.00017536 -1.78582e-19 -0.000208897  7.48124e-19 -0.000377307 -2.04818e-19  0.000954589 -1.78916e-18  0.000344854   1.6014e-18  -0.00222542  2.16451e-18 -0.000119096 -4.74104e-18   0.00404149 -3.25736e-18  0.000156404  1.05171e-17  -0.00635928  6.88405e-18  -0.00134383 -1.80446e-17   0.00861677 -2.00632e-17   0.00469971  1.01775e-17  -0.00903948  2.58228e-17   -0.0101591  3.74035e-18   0.00463549 -2.49817e-17    0.0141865 -2.28427e-17   0.00571845  6.55096e-18  -0.00902284  2.14776e-17   -0.0135174  4.71032e-18  -0.00659412 -1.44149e-17   0.00183509  -1.5984e-17    0.0050281 -9.03497e-18   0.00382651  -3.2853e-18   0.00171344 -6.11146e-19  0.000480589 -3.04512e-20  7.71334e-05 -6.48674e-21  4.71238e-06
 2.86495e-21  5.43231e-06  -1.9584e-20 -2.50703e-05  4.69862e-20  9.62526e-06 -1.43183e-19  0.000165605 -2.98447e-20 -0.000318154  7.41429e-19  -0.00021156 -6.20413e-19    0.0010475 -1.22228e-18 -3.47954e-05  2.15107e-18  -0.00223186  9.53769e-19   0.00049247 -5.72136e-18   0.00398468  -1.1658e-18  -0.00068591  1.27945e-17  -0.00638449  5.15613e-18  -0.00035381 -1.97274e-17   0.00894523 -1.77607e-17   0.00385838  1.26529e-17  -0.00972937  2.55936e-17  -0.00996299  3.69719e-18   0.00513749 -2.28427e-17    0.0146601 -1.90636e-17   0.00642669   8.4081e-18  -0.00846302  1.99783e-17   -0.0142882  4.97456e-18   -0.0092739 -9.44622e-18  -0.00191546 -1.07316e-17   0.00166082 -6.33248e-18   0.00169998 -2.40845e-18  0.000758071 -4.81601e-19  0.000187253 -5.86546e-20  2.22691e-05   -6.131e-21
-8.61913e-08  1.35925e-21  6.84613e-06 -6.93602e-21    -3.98e-05  3.28781e-20  5.61331e-05 -1.98482e-19  0.000120248   1.4435e-19 -0.000391936   5.8667e-19 -1.61926e-05 -9.05765e-19   0.00105813 -4.84174e-19  -0.00041907  2.54684e-18  -0.00212136 -3.68744e-19   0.00109537 -6.43213e-18   0.00378692  1.39722e-18  -0.00154005  1.48702e-17  -0.00626753  3.69309e-18  0.000704521 -1.97892e-17   0.00918653 -1.42522e-17   0.00290473  1.48157e-17   -0.0104515  2.54075e-17  -0.00972776  4.83022e-18   0.00571845 -1.90636e-17     0.015257 -1.44708e-17   0.00729173  9.96647e-18  -0.00780212  1.85637e-17   -0.0151017  6.65553e-18   -0.0120602 -3.57376e-18  -0.00561986 -5.17119e-18  -0.00141298 -3.21575e-18 -3.14731e-05   -1.117e-18  9.72993e-05 -1.68756e-19  2.75074e-05 -1.81811e-20   2.1958e-06
 9.37269e-22  1.68858e-06  -3.4072e-21  1.87095e-06  1.50066e-20  -4.3023e-05 -6.20617e-21  9.87747e-05 -1.91701e-19  4.79574e-05  3.00714e-19 -0.000419995  3.11133e-19  0.000188093 -1.04531e-18  0.000984555  3.33917e-19 -0.000783104  2.76748e-18  -0.00189373 -1.80267e-18   0.00166392 -6.71009e-18   0.00344048  4.11287e-18  -0.00238492  1.61652e-17  -0.00598746  2.42794e-18   0.00182695 -1.85517e-17   0.00931608 -1.09152e-17   0.00181691  1.53617e-17   -0.0112098  2.46734e-17  -0.00943187  6.55096e-18   0.00642669 -1.44708e-17    0.0160008 -9.97844e-18   0.00825237   1.0166e-17  -0.00703721  1.58678e-17   -0.0154961  7.36671e-18   -0.0138185  5.51315e-19   -0.0078192 -1.35209e-18  -0.00303235  -1.0725e-18   -0.0008025 -2.76547e-19 -0.000135598 -1.09731e-20 -1.19602e-05 -1.37321e-21
-4.96561e-07  1.88393e-21  5.05805e-06 -4.58563e-21 -9.16217e-06  3.09061e-20 -3.16022e-05 -5.71554e-20  0.000126561 -1.23759e-19 -3.87596e-05  4.03566e-19 -0.000398135 -3.78314e-20  0.000380162  -1.0437e-18  0.000830212  1.13653e-18  -0.00110123  2.70349e-18  -0.00155308 -3.26772e-18   0.00216874 -6.49483e-18   0.00293969  6.36322e-18  -0.00319259  1.61489e-17  -0.00551993  1.12682e-18   0.00300438 -1.70407e-17    0.0092988  -9.3587e-18  0.000564488  1.36738e-17   -0.0119969  2.32242e-17  -0.00902284   8.4081e-18   0.00729173 -9.97844e-18     0.016823  -6.9982e-18   0.00929829  7.06565e-18  -0.00570768  9.88236e-18   -0.0143466  4.78549e-18   -0.0131852   1.2108e-18  -0.00758917 -1.49046e-19  -0.00295585 -2.65611e-19 -0.000762721 -9.06008e-23 -0.000116166  1.34473e-20 -6.87646e-06
 1.33572e-22 -5.90926e-07  9.89747e-22  7.48722e-06  2.26611e-21 -2.17764e-05  2.93376e-20 -7.96399e-06 -1.05063e-19  0.000132677 -1.28219e-20 -0.000125716  4.25436e-19 -0.000328023 -3.97221e-19  0.000539434  -9.0341e-19   0.00060434   1.8123e-18  -0.00134728  2.25664e-18  -0.00110935 -4.62796e-18   0.00257606 -5.97729e-18   0.00228289  7.52813e-18  -0.00392565  1.46903e-17    -0.004837 -3.84423e-19   0.00421707 -1.63122e-17   0.00908219 -1.02979e-17 -0.000879084  1.03012e-17   -0.0127745  2.14776e-17  -0.00846302  9.96647e-18   0.00825237  -6.9982e-18    0.0177049 -7.83131e-18    0.0108601 -1.29084e-18  -0.00279368 -3.98137e-19    -0.010582 -1.37109e-18   -0.0097725 -1.10927e-18  -0.00534922 -7.34943e-19  -0.00189442 -2.36324e-19 -0.000415397  7.55663e-21 -4.61615e-05  4.02038e-21
-2.04595e-07  4.54418e-22  6.00435e-07 -6.41216e-22  6.36895e-06  1.49477e-20 -3.05901e-05  8.40981e-21  2.19475e-05 -1.34812e-19  0.000115009  1.10936e-19 -0.000198836  3.54732e-19 -0.000217008 -6.97798e-19  0.000647009 -6.37815e-19  0.000322653   2.2608e-18  -0.00149545  1.44583e-18 -0.000580497 -5.76797e-18   0.00284754 -5.49386e-18    0.0014761  7.39076e-18   -0.0045334  1.22513e-17  -0.00391135 -1.97942e-18   0.00542484 -1.67806e-17   0.00860439 -1.30194e-17  -0.00251835  6.75264e-18   -0.0135174  1.99783e-17  -0.00780212   1.0166e-17   0.00929829 -7.83131e-18    0.0190631 -1.48553e-17    0.0138631 -1.51001e-17   0.00246651 -1.33831e-17   -0.0044314 -8.78573e-18   -0.0048069 -4.19123e-18  -0.00253097 -1.57672e-18 -0.000790748 -3.18955e-19 -0.000137455 -1.47923e-20 -8.91734e-06
-2.78489e-22 -6.35221e-07 -1.86608e-22  2.93051e-06 -2.39304e-22  1.16496e-06  2.72923e-20 -3.18261e-05 -2.51021e-20  5.06858e-05 -1.33624e-19  7.60871e-05  2.13188e-19 -0.000245757  2.08395e-19 -7.79035e-05 -8.86774e-19   0.00068719 -2.87593e-19  8.16251e-06  2.43972e-18  -0.00152205  4.27458e-19  4.59921e-06 -6.60544e-18   0.00294127 -5.21816e-18  0.000539142  6.38896e-18  -0.00495084  9.77223e-18  -0.00272504  -3.3337e-18   0.00657001 -1.81062e-17   0.00780794 -1.57595e-17  -0.00437977  4.71032e-18   -0.0142882  1.85637e-17  -0.00703721  7.06565e-18    0.0108601 -1.48553e-17    0.0217875 -2.84043e-17    0.0188601 -3.14225e-17   0.00934803 -2.50251e-17   0.00217483 -1.41221e-17 -0.000367045 -5.88424e-18 -0.000458838 -1.74142e-18 -0.000148561 -2.59753e-19 -2.01363e-05 -1.06649e-20
 5.05979e-09 -3.94557e-22 -8.00189e-07 -2.31303e-21  5.04182e-06  3.73121e-21 -6.43959e-06  3.31871e-20 -2.43543e-05 -5.90334e-20  7.10666e-05 -9.85729e-20  2.26191e-05  2.69899e-19 -0.000257424  2.99362e-20   7.1461e-05 -9.45166e-19  0.000649609  9.37801e-20  -0.00030821  2.39025e-18  -0.00140879 -5.66558e-19  0.000602955 -7.03685e-18   0.00281579 -4.92043e-18 -0.000488444  5.49841e-18  -0.00510104  8.17648e-18  -0.00126774 -4.36042e-18   0.00758458 -1.95439e-17   0.00659014 -1.66093e-17  -0.00659412  4.97456e-18   -0.0151017  1.58678e-17  -0.00570768 -1.29084e-18    0.0138631 -2.84043e-17    0.0263603 -4.50603e-17    0.0248355 -4.48117e-17    0.0154654 -3.11343e-17   0.00677506 -1.53607e-17   0.00209079 -5.51406e-18  0.000435683 -1.26983e-18  5.45492e-05 -1.29839e-19  2.73359e-06
  4.6516e-23 -1.75221e-07 -5.22675e-22 -1.97588e-07 -4.77084e-21  5.44904e-06  1.03586e-20 -1.35895e-05  2.95703e-20 -9.79388e-06 -8.11593e-20  7.77006e-05 -4.09955e-20 -3.53916e-05  2.77578e-19 -0.000229772 -1.32676e-19  0.000209243 -8.79146e-19  0.000532093  4.78898e-19 -0.000587936  2.22019e-18  -0.00114781 -1.32389e-18   0.00115532 -6.90506e-18   0.00243505 -4.03035e-18  -0.00154162   5.7007e-18  -0.00488587  7.68671e-18  0.000468839 -5.45431e-18   0.00833005 -2.02329e-17   0.00470158 -1.44149e-17   -0.0092739  6.65553e-18   -0.0154961  9.88236e-18  -0.00279368 -1.51001e-17    0.0188601 -4.50603e-17    0.0316739  -5.8491e-17     0.029189   -5.021e-17    0.0182596 -3.01071e-17   0.00810331 -1.28699e-17   0.00251056 -3.84213e-18  0.000503396 -6.52311e-19  5.27717e-05 -3.71712e-20
 3.62945e-08  1.87133e-22 -4.69521e-07 -1.04333e-21  1.07712e-06  -5.7518e-21   3.5375e-06  1.70653e-20 -1.75029e-05  1.81122e-20  7.99577e-06 -8.51206e-20  6.82692e-05  1.97418e-20 -8.60455e-05  2.47733e-19 -0.000165395 -2.48998e-19  0.000311619  -6.9285e-19  0.000344102  8.86516e-19 -0.000786776  2.04259e-18 -0.000748451  -1.7298e-18   0.00158338  -6.0372e-18   0.00177591 -2.01505e-18  -0.00250759  7.25827e-18  -0.00416925  7.49835e-18   0.00242394 -7.07059e-18   0.00846296 -1.92639e-17   0.00183509 -9.44622e-18   -0.0120602  7.36671e-18   -0.0143466 -3.98137e-19   0.00246651 -3.14225e-17    0.0248355  -5.8491e-17    0.0350713 -6.29156e-17    0.0294164 -4.61067e-17    0.0168642 -2.37053e-17   0.00674161 -8.62788e-18   0.00180552 -2.04327e-18  0.000286095 -2.32568e-19  1.75768e-05
 1.44994e-23  2.19185e-08  4.22438e-22 -5.91342e-07 -1.99073e-21  2.34463e-06 -4.43352e-21  -1.2709e-07  2.12256e-20 -1.65061e-05  4.06976e-21  2.39187e-05 -7.23347e-20  4.44297e-05  6.77109e-20  -0.00011764  1.92282e-19 -7.49107e-05 -3.05911e-19   0.00035635 -3.73459e-19  0.000110546   1.3422e-18 -0.000859312  1.89417e-18 -0.000248759 -1.77467e-18   0.00178764 -4.33466e-18  0.000857999  1.13392e-18  -0.00318441  9.30495e-18  -0.00283257  6.32132e-18   0.00429544 -8.94856e-18   0.00745825  -1.5984e-17  -0.00191546 -3.57376e-18   -0.0138185  4.78549e-18    -0.010582 -1.33831e-17   0.00934803 -4.48117e-17     0.029189 -6.29156e-17      0.03409 -5.66586e-17    0.0250316 -3.52906e-17    0.0125737 -1.54513e-17   0.00430034 -4.65841e-18  0.000932135 -8.20304e-19  0.000103629 -5.09097e-20
