  1.0794e-07 -2.14959e-22 -1.23572e-06  5.72641e-21  4.84145e-06 -9.06171e-21 -9.51014e-06 -1.16083e-19  9.65327e-06  5.25687e-19 -3.66388e-06 -8.52901e-19 -1.44864e-06  2.41751e-19  1.13099e-06  1.28725e-18  4.62609e-07 -2.27691e-18 -2.07279e-07  1.71032e-18 -1.77249e-07 -4.69068e-19 -1.27883e-08  -1.3662e-19  3.70867e-08  7.73195e-20  2.03558e-08  2.55865e-20    2.064e-09 -5.59156e-21 -3.24549e-09 -6.96096e-21 -2.24453e-09 -2.80016e-21 -6.64665e-10  1.78578e-21  2.52056e-11  1.22531e-21  1.33179e-10 -1.74312e-22  7.65925e-11 -1.88307e-22  2.54232e-11 -7.80755e-23  3.94146e-12 -9.22473e-24 -1.21564e-12  1.28121e-23 -1.25116e-12  1.86965e-23 -5.87468e-13  4.07216e-24 -1.95674e-13 -2.87144e-24 -4.77631e-14 -2.02282e-24 -6.88726e-15 -5.12981e-25  7.16716e-16  1.18766e-25  9.70156e-16  1.61484e-25  4.38426e-16  6.14549e-26  1.45727e-16  3.53443e-27  4.01174e-17  -6.1793e-27  9.49334e-18 -2.47315e-27  1.94721e-18 -5.07691e-29  3.41455e-19  3.77501e-28  4.85336e-20  2.03595e-28  4.55093e-21  5.28733e-29 -1.40286e-22 -1.36783e-30 -2.00857e-22 -9.07452e-30 -6.20384e-23 -5.39911e-30 -1.39972e-23 -2.14089e-30 -2.65164e-24 -6.69312e-31 -4.41731e-25 -1.72104e-31 -6.60479e-26 -3.65898e-32 -8.95424e-27 -6.40318e-33 -1.10625e-27 -9.03585e-34 -1.24796e-28  -9.3913e-35 -1.28545e-29 -4.25204e-36 -1.20693e-30  8.71358e-37 -1.02974e-31  2.80747e-37 -7.94663e-33  4.80709e-38 -5.51193e-34  6.13043e-39 -3.40802e-35  6.27328e-40 -1.85863e-36  5.24653e-41 -8.81812e-38  3.56689e-42 -3.57166e-39  1.94531e-43 -1.20274e-40  8.37305e-45 -3.24611e-42  2.74428e-46 -6.64656e-44  6.33557e-48 -9.33596e-46  8.87941e-50 -7.08457e-48  4.92109e-52
-2.14959e-22  1.86137e-06 -6.40219e-21 -1.19237e-05  9.41465e-20  3.45239e-05 -2.08691e-19 -5.30666e-05 -4.87713e-19  4.06472e-05  2.75513e-18 -6.57158e-06 -4.58648e-18 -9.73214e-06  2.33603e-18  2.24155e-06  3.28125e-18  2.87731e-06 -6.46528e-18  3.68883e-08  4.32433e-18 -7.31321e-07 -6.59607e-19 -2.86854e-07 -5.85189e-19  5.18516e-08  1.11098e-19  9.19125e-08  1.19586e-19  3.59824e-08  9.46861e-21 -1.01857e-10 -2.56321e-20 -7.46664e-09 -1.43721e-20 -4.35851e-09  4.96789e-21 -1.21292e-09  4.20388e-21  3.79595e-11  8.52657e-23   2.2717e-10  -4.7822e-22  1.33075e-10  -3.8235e-22   4.7254e-11 -1.08822e-22  9.93124e-12  5.35146e-23 -2.73242e-13  7.45509e-23 -1.38395e-12  1.66919e-23 -7.70945e-13 -9.29255e-24 -2.89827e-13  -7.1428e-24 -8.42489e-14  -1.9943e-24  -1.8898e-14  2.49819e-25 -2.77969e-15  5.00682e-25  5.82683e-17  2.10642e-25  2.26305e-16  2.47992e-26  1.02869e-16 -1.23992e-26  3.31731e-17 -4.77122e-27  8.86186e-18  1.03357e-27  2.06144e-18  1.55061e-27  4.26465e-19  6.98353e-28  7.91603e-20  1.50965e-28  1.32025e-20 -2.07293e-29  1.96782e-21 -3.55302e-29  2.58186e-22 -1.88908e-29  2.87861e-23 -7.05934e-30  2.47506e-24 -2.11022e-30   1.0003e-25 -5.22902e-31  -1.7277e-26 -1.08176e-31 -5.52707e-27 -1.86994e-32 -9.78236e-28 -2.67828e-33 -1.35635e-28 -3.03936e-34 -1.59297e-29 -2.31478e-35 -1.62959e-30 -1.19971e-37 -1.46773e-31  3.16469e-37 -1.16682e-32  6.41317e-38 -8.16655e-34  8.37908e-39 -4.99976e-35  8.40381e-40 -2.65057e-36  6.72482e-41 -1.19925e-37  4.28906e-42 -4.53338e-39  2.15318e-43 -1.38853e-40  8.34264e-45 -3.29542e-42  2.37966e-46 -5.64338e-44  4.50254e-48 -6.02884e-46  4.47921e-50 -2.56949e-48
-1.23572e-06 -6.40219e-21  1.56394e-05 -7.04532e-20 -6.85866e-05  7.27124e-19  0.000154038 -1.54184e-18 -0.000187284 -1.04121e-18  0.000103163  9.05538e-18  9.67478e-06 -1.50207e-17 -3.12287e-05  8.70024e-18 -2.78641e-06  5.87667e-18  8.23935e-06 -1.29682e-17  2.77405e-06  7.45968e-18  -1.2417e-06   -4.612e-20 -1.19563e-06 -1.36532e-18 -2.35203e-07  -5.3663e-20  1.65368e-07   2.8959e-19  1.40657e-07  8.35985e-20  4.24393e-08 -5.36806e-20 -4.58896e-09 -4.15607e-20 -1.10921e-08  6.84262e-21 -5.85017e-09  9.82012e-21 -1.61074e-09  1.74995e-21 -9.22899e-12 -8.07292e-22  2.49312e-10 -1.12589e-21  1.54209e-10 -4.02141e-22  5.89077e-11  1.36023e-22  1.52133e-11  1.95273e-22  1.80733e-12  4.71932e-23  -6.7715e-13 -1.98075e-23 -5.73018e-13 -1.72278e-23 -2.50091e-13 -5.33808e-24 -8.25919e-14     2.07e-25 -2.22441e-14  1.05408e-24 -4.90994e-15  4.96247e-25 -8.34743e-16  9.12931e-26 -7.80647e-17 -4.63518e-27  1.31976e-17   2.5934e-28  9.74269e-18  6.46306e-27  3.36672e-18  4.62784e-27  8.99296e-19   1.7321e-27  2.05047e-19  2.98116e-28  4.14291e-20 -8.44302e-29  7.55156e-21 -9.35913e-29  1.25376e-21 -4.53197e-29  1.90614e-22 -1.60043e-29   2.6612e-23 -4.57567e-30  3.41586e-24 -1.09231e-30  4.03116e-25 -2.19552e-31  4.37005e-26 -3.73148e-32  4.34484e-27 -5.35412e-33  3.95304e-28 -6.34043e-34  3.28218e-29 -5.78243e-35  2.47887e-30 -3.22211e-36   1.6966e-31  7.27663e-38  1.04783e-32  4.57238e-38  5.81094e-34  6.86514e-39  2.87591e-35  7.01572e-40  1.25866e-36  5.45647e-41  4.80346e-38  3.27943e-42   1.5669e-39   1.5111e-43  4.22995e-41  5.21714e-45  8.90196e-43  1.26708e-46  1.30497e-44  1.86662e-48  1.05362e-46  1.07657e-50
 5.72641e-21 -1.19237e-05 -7.04532e-20  8.53595e-05 -4.55022e-19 -0.000280412   3.5963e-18  0.000502895  -6.9007e-18 -0.000482827 -6.91922e-19  0.000169281  2.21051e-17  8.41762e-05 -3.61618e-17 -6.00202e-05  2.12521e-17 -2.67703e-05  9.04276e-18   1.2345e-05 -2.13697e-17  1.06618e-05  1.00548e-17  4.47769e-07  1.81805e-18  -2.5519e-06 -2.23728e-18 -1.29761e-06 -5.72088e-19  -5.0313e-08  4.76137e-19  2.68819e-07  2.46813e-19  1.63145e-07 -7.38772e-20  3.97131e-08 -8.71128e-20 -8.41544e-09  2.71834e-21 -1.26017e-08  1.80906e-20 -6.28694e-09  5.83068e-21 -1.78554e-09 -1.03693e-21 -1.13916e-10  -2.4925e-21  1.94212e-10 -9.89446e-22  1.34105e-10  2.62888e-22  5.54377e-11  3.99514e-22  1.65702e-11  1.04954e-22  3.37863e-12 -3.23441e-23  1.90991e-13 -3.28273e-23   -2.179e-13 -1.12787e-23 -1.32837e-13 -3.72145e-25 -5.08695e-14  1.73002e-24 -1.54882e-14  9.43275e-25 -3.98646e-15  2.51316e-25 -8.82821e-16  5.14602e-26 -1.66977e-16   2.9539e-26 -2.58374e-17  2.25109e-26 -2.78431e-18  1.13279e-26 -6.09172e-21  3.59506e-27  1.00532e-19  4.86042e-28  3.49727e-20 -2.16455e-28  8.48705e-21 -1.91236e-28  1.70803e-21  -8.5761e-29  3.00735e-22 -2.87342e-29  4.74094e-23 -7.86516e-30  6.76897e-24 -1.80845e-30  8.80445e-25 -3.52569e-31  1.04605e-25 -5.86496e-32  1.13577e-26 -8.34186e-33  1.12573e-27 -1.00261e-33  1.01599e-28 -9.84632e-35   8.3165e-30 -7.34922e-36  6.14092e-31 -3.29774e-37  4.06113e-32  7.02733e-39  2.38306e-33  3.26095e-39  1.22578e-34   3.9075e-40  5.43824e-36  3.09744e-41  2.03604e-37  1.78485e-42  6.24051e-39  7.56729e-44  1.49676e-40  2.30595e-45  2.60565e-42  4.63374e-47  2.83986e-44  4.87029e-49  1.25098e-46
 4.84145e-06  9.41465e-20 -6.85866e-05 -4.55022e-19  0.000340485 -2.02901e-18 -0.000882009  1.28823e-17   0.00128506 -2.21113e-17 -0.000957957  3.24823e-18  0.000138568  4.32059e-17  0.000253301 -6.95011e-17 -6.07227e-05  3.95128e-17 -7.93022e-05  1.33447e-17  1.72349e-06 -3.07227e-17  2.26029e-05  1.10133e-17   7.8661e-06   4.8974e-18 -2.50312e-06 -2.79678e-18 -3.17066e-06 -1.45846e-18 -1.04439e-06  5.73149e-19  1.54325e-07  4.91301e-19  3.18411e-07 -6.51067e-20  1.57175e-07 -1.46222e-19  3.24294e-08 -1.02518e-20 -9.53024e-09  2.84467e-20 -1.17005e-08  1.27059e-20 -5.71302e-09 -1.14133e-21 -1.71913e-09 -4.58895e-21 -2.21726e-10 -1.92172e-21  1.00853e-10  4.23414e-22  8.90099e-11   6.8638e-22  4.04944e-11   1.9453e-22  1.35398e-11 -4.27155e-23  3.48638e-12 -5.25652e-23  6.33959e-13  -2.0013e-23  3.50601e-14 -1.90015e-24 -3.21173e-14  2.35438e-24  -1.8362e-14  1.57813e-24 -6.59431e-15   5.8611e-25 -1.90288e-15  2.14417e-25  -4.7173e-16  1.10037e-25 -1.03165e-16  5.81379e-26 -2.01202e-17  2.38083e-26 -3.50538e-18  6.62159e-27 -5.41895e-19  7.34964e-28 -7.29004e-20 -4.13161e-28   -8.129e-21 -3.21098e-28 -6.42647e-22 -1.35344e-28  -4.6922e-24 -4.32199e-29  1.09921e-23 -1.13428e-29  2.78948e-24 -2.51184e-30    4.824e-25 -4.74165e-31  6.81701e-26 -7.68791e-32  8.29862e-27  -1.0747e-32  8.88365e-28 -1.28707e-33  8.43071e-29 -1.29603e-34  7.10482e-30 -1.06451e-35  5.30381e-31 -6.75607e-37  3.48704e-32 -2.82033e-38  2.00094e-33 -5.56339e-41  9.89302e-35  1.15162e-40  4.13955e-36  1.16036e-41   1.4296e-37  6.84892e-43  3.92978e-39  2.72886e-44  8.12351e-41  7.31104e-46  1.14061e-42   1.1686e-47  8.62123e-45  7.21718e-50
-9.06171e-21  3.45239e-05  7.27124e-19 -0.000280412 -2.02901e-18   0.00105897 -6.78609e-18  -0.00223565   3.5697e-17   0.00266859 -5.48326e-17  -0.00148108  1.44071e-17 -0.000149986  7.06184e-17  0.000497764 -1.11823e-16  3.00539e-05  5.99982e-17 -0.000146547   1.9563e-17 -4.16858e-05  -3.9641e-17  2.84884e-05  9.68264e-18  2.24677e-05  8.60445e-18  2.49611e-06 -2.69776e-18 -4.47135e-06 -2.53781e-18 -2.98646e-06  4.97395e-19  -6.4091e-07  7.65621e-19    2.857e-07 -2.15836e-20  3.07512e-07 -2.08617e-19  1.32682e-07 -2.96708e-20  2.49349e-08  4.07455e-20 -7.89323e-09  2.19413e-20 -9.12919e-09  -1.3343e-21 -4.48203e-09 -7.44269e-21 -1.44606e-09 -3.18526e-21 -2.74488e-10  5.89622e-22  1.79641e-11   1.0265e-21  4.27856e-11  3.09893e-22  2.26494e-11  -4.6827e-23  8.39324e-12 -7.35715e-23  2.47406e-12 -3.10673e-23  5.92103e-13  -4.6324e-24  1.09481e-13  2.81778e-24  1.18165e-14  2.49391e-24 -1.45896e-15  1.22438e-24 -1.34027e-15  5.63971e-25 -4.99073e-16  2.74431e-25 -1.41105e-16  1.22933e-25 -3.38201e-17  4.41079e-26 -7.15428e-18  1.11444e-26 -1.36133e-18  1.12875e-27  -2.3536e-19 -6.24925e-28 -3.71741e-20 -4.56517e-28 -5.37877e-21 -1.83369e-28 -7.13615e-22 -5.60874e-29 -8.67764e-23  -1.4139e-29 -9.65669e-24 -3.01575e-30 -9.80943e-25 -5.50355e-31 -9.06425e-26 -8.66485e-32  -7.5851e-27 -1.18229e-32 -5.71715e-28 -1.39271e-33 -3.85673e-29 -1.39931e-34  -2.3119e-30 -1.18021e-35 -1.22227e-31 -8.20048e-37 -5.65968e-33 -4.53447e-38  -2.2851e-34 -1.80759e-39 -8.05479e-36 -3.34454e-41 -2.50444e-37  1.47377e-42  -6.9403e-39  1.51752e-43 -1.68032e-40  6.43074e-45 -3.26895e-42  1.56152e-46 -4.30518e-44  1.87967e-48 -2.40462e-46
-9.51014e-06 -2.08691e-19  0.000154038   3.5963e-18 -0.000882009 -6.78609e-18    0.0026763 -1.78906e-17  -0.00470988  7.96962e-17   0.00460727 -1.10131e-16  -0.00172631   3.5188e-17 -0.000826367  9.92495e-17  0.000697813  -1.5546e-16  0.000266058  7.76206e-17 -0.000177549  2.78152e-17 -0.000123972 -4.65297e-17  9.75383e-06  6.13867e-18  3.85745e-05  1.20201e-17  1.52283e-05 -1.85269e-18 -2.18622e-06 -3.51433e-18 -4.94146e-06  2.54568e-19 -2.32571e-06  9.96811e-19 -2.84997e-07  3.54814e-20  3.17654e-07 -2.65187e-19  2.55623e-07 -4.79286e-20  1.01531e-07  5.61763e-20  1.90398e-08  3.27471e-20 -4.83941e-09 -1.96145e-21 -6.01136e-09 -1.09913e-20  -3.0409e-09  -4.7169e-21 -1.05367e-09   7.0632e-22 -2.53485e-10  1.35654e-21 -2.72036e-11  4.28927e-22  1.14484e-11  -4.5099e-23  9.04265e-12 -9.35706e-23  3.84677e-12 -4.36951e-23  1.25996e-12 -8.46626e-24   3.4371e-13  3.28161e-24  7.97894e-14  3.92672e-24  1.56184e-14  2.34375e-24  2.43998e-15   1.1863e-24  2.40886e-16  5.51696e-25 -1.41255e-17  2.23692e-25 -1.52525e-17  7.33448e-26 -5.02349e-18  1.73909e-26 -1.23008e-18   1.8099e-27 -2.53999e-19 -7.63048e-28 -4.61996e-20 -5.58435e-28 -7.55062e-21 -2.16848e-28 -1.12021e-21 -6.38848e-29 -1.51679e-22 -1.55035e-29 -1.87914e-23 -3.18601e-30 -2.13143e-24 -5.61326e-31 -2.21155e-25  -8.5541e-32 -2.09468e-26 -1.13287e-32 -1.80499e-27  -1.3002e-33  -1.4084e-28 -1.28139e-34   -9.889e-30 -1.07312e-35  -6.1975e-31 -7.56645e-37 -3.43012e-32 -4.42691e-38 -1.65342e-33 -2.07564e-39  -6.8135e-35 -7.26909e-41 -2.33987e-36 -1.65472e-42 -6.45359e-38 -1.39318e-44 -1.34941e-39  4.58094e-46 -1.93225e-41   1.6456e-47 -1.50439e-43  1.44755e-49
-1.16083e-19 -5.30666e-05 -1.54184e-18  0.000502895  1.28823e-17  -0.00223565 -1.78906e-17   0.00565774 -3.84056e-17  -0.00843371  1.47292e-16   0.00669889 -1.84632e-16  -0.00126877  6.45838e-17  -0.00185659  1.22176e-16  0.000652004 -1.91166e-16  0.000632465  8.81081e-17 -9.83209e-05  3.70326e-17 -0.000220778 -5.00139e-17 -4.98124e-05  1.16076e-18  4.16572e-05  1.42591e-17  3.35759e-05 -4.89816e-19  6.70424e-06 -4.10036e-18  -4.6218e-06 -4.74991e-20 -4.30325e-06  1.12427e-18 -1.57601e-06  6.35052e-20 -6.55824e-08 -3.14048e-19  2.75286e-07 -5.59654e-20  1.88327e-07  7.70584e-20  7.17821e-08  4.46712e-20  1.45667e-08 -3.14605e-21 -1.89112e-09 -1.50057e-20 -3.27881e-09 -6.41902e-21 -1.76134e-09  6.84646e-22 -6.54466e-10  1.57897e-21   -1.835e-10  5.08645e-22 -3.61824e-11 -4.85093e-23 -2.38966e-12 -1.14231e-22   1.9048e-12 -5.77673e-23  1.17614e-12 -1.28864e-23   4.4538e-13  4.30353e-24  1.34427e-13  6.27081e-24  3.46515e-14  4.13739e-24  7.83255e-15  2.14613e-24  1.56702e-15  9.54708e-25  2.76956e-16  3.60711e-25   4.2602e-17  1.10908e-25  5.47386e-18   2.5317e-26  5.16912e-19  2.91411e-27  1.33859e-20 -7.35594e-28 -8.50954e-21 -5.91238e-28 -2.65475e-21  -2.2586e-28 -5.33989e-22 -6.45204e-29 -8.69505e-23 -1.51159e-29 -1.21933e-23  -2.9949e-30  -1.5089e-24 -5.08895e-31 -1.66517e-25 -7.48627e-32 -1.64507e-26 -9.57917e-33 -1.45468e-27 -1.06343e-33  -1.1478e-28 -1.01606e-34 -8.03559e-30 -8.28516e-36 -4.94994e-31 -5.72657e-37 -2.65232e-32 -3.31787e-38 -1.21711e-33 -1.57135e-39 -4.68228e-35 -5.84117e-41 -1.46525e-36  -1.6218e-42 -3.56486e-38 -3.14231e-44 -6.25769e-40 -3.67225e-46 -6.84899e-42  -1.6854e-48 -3.01861e-44
 9.65327e-06 -4.87713e-19 -0.000187284  -6.9007e-18   0.00128506   3.5697e-17  -0.00470988 -3.84056e-17    0.0102267  -6.8621e-17   -0.0130602  2.29578e-16   0.00823044  -2.6405e-16  0.000190395   9.7951e-17  -0.00297052  1.33322e-16   0.00017564 -2.11856e-16   0.00101161  8.97158e-17  0.000144231  4.52904e-17 -0.000274726 -4.93834e-17  -0.00014768 -4.07604e-18  1.41483e-05  1.47768e-17  4.80607e-05  9.51673e-19  2.21817e-05 -4.12267e-18  5.83592e-07 -2.45429e-19 -4.96868e-06  1.12373e-18 -3.21078e-06   1.7647e-20 -9.68998e-07 -3.61709e-19  2.54198e-08 -4.82702e-20  1.99878e-07  1.05436e-19  1.24695e-07  5.79779e-20   4.7122e-08 -4.39469e-21  1.08009e-08 -1.89621e-20  4.59398e-11 -8.14332e-21 -1.39745e-09  4.15702e-22 -8.45514e-10  1.57081e-21 -3.38423e-10  4.82956e-22  -1.0544e-10 -8.39633e-23 -2.61763e-11  -1.4431e-22 -4.84795e-12 -7.47575e-23 -4.32004e-13 -1.71584e-23  1.32383e-13  6.73523e-24  9.02496e-14  9.96759e-24  3.29781e-14  6.73618e-24  9.45114e-15  3.45095e-24  2.31642e-15  1.46888e-24    5.023e-16  5.25184e-25  9.79565e-17  1.53939e-25  1.73266e-17  3.44276e-26  2.79135e-18  4.46945e-27  4.10124e-19 -4.94769e-28  5.49063e-20 -5.39144e-28  6.67731e-21  -2.0781e-28  7.33535e-22 -5.80829e-29  7.21261e-23 -1.31875e-29  6.25193e-24 -2.52226e-30  4.64829e-25 -4.13116e-31  2.79503e-26 -5.85424e-32  1.13239e-27 -7.21084e-33 -2.55316e-30 -7.69912e-34 -5.91537e-30 -7.07079e-35 -6.86079e-31 -5.54157e-36 -5.27624e-32 -3.68095e-37 -3.11733e-33 -2.04756e-38 -1.46027e-34 -9.30406e-40 -5.40068e-36 -3.32716e-41 -1.53535e-37 -8.94349e-43 -3.18064e-39 -1.68714e-44 -4.33547e-41 -1.92677e-46 -3.07281e-43 -8.44709e-49
 5.25687e-19  4.06472e-05 -1.04121e-18 -0.000482827 -2.21113e-17   0.00266859  7.96962e-17  -0.00843371  -6.8621e-17    0.0160888 -1.03529e-16   -0.0177401  3.05527e-16    0.0084521 -3.27635e-16   0.00260455  1.29083e-16  -0.00373143  1.29932e-16 -0.000775152 -2.14999e-16     0.001212  8.33192e-17  0.000534721  5.07133e-17 -0.000218008   -4.479e-17 -0.000252861 -8.43699e-18 -5.27501e-05   1.3482e-17  4.43587e-05  2.01451e-18  3.88802e-05 -3.55856e-18   1.1528e-05 -1.93772e-19 -2.35268e-06  1.01033e-18 -4.12365e-06 -1.28848e-19 -2.14778e-06 -4.19163e-19 -5.63968e-07 -2.60829e-20   3.8099e-08  1.41361e-19  1.24521e-07  7.34839e-20  7.43227e-08 -4.42247e-21  2.84942e-08 -2.19514e-20  7.40637e-09 -9.64335e-21  8.42883e-10 -1.89514e-22 -3.82512e-10   1.2039e-21 -3.16061e-10  2.66658e-22 -1.40244e-10 -1.95172e-22 -4.75875e-11 -2.00494e-22 -1.33213e-11 -9.82011e-23 -3.12509e-12 -2.07461e-23 -5.99231e-13  1.13508e-23 -8.36932e-14  1.52717e-23 -3.45577e-15   1.0106e-23  2.77187e-15  5.02038e-24   1.2722e-15  2.04668e-24  3.73327e-16  6.98932e-25  8.89749e-17  1.97379e-25  1.84007e-17  4.36942e-26  3.39507e-18  6.32139e-27  5.66713e-19 -6.78085e-29  8.62317e-20 -4.13744e-28    1.201e-20 -1.68268e-28  1.53405e-21 -4.66469e-29  1.79783e-22 -1.03226e-29  1.93172e-23 -1.91012e-30  1.89952e-24 -3.01598e-31  1.70454e-25 -4.11101e-32  1.39028e-26 -4.86012e-33  1.02523e-27 -4.96816e-34  6.78803e-29 -4.35657e-35  3.99882e-30 -3.25064e-36  2.07121e-31  -2.0474e-37  9.28437e-33 -1.07302e-38  3.52511e-34 -4.55244e-40  1.09966e-35 -1.50135e-41  2.69287e-37 -3.64266e-43  4.80305e-39 -5.91552e-45  5.39089e-41 -5.11084e-47  2.45646e-43
-3.66388e-06  2.75513e-18  0.000103163 -6.91922e-19 -0.000957957 -5.48326e-17   0.00460727  1.47292e-16   -0.0130602 -1.03529e-16    0.0223729 -1.32917e-16   -0.0213986  3.49515e-16   0.00693793 -3.57742e-16   0.00552941  1.52879e-16  -0.00372537  1.13645e-16   -0.0020405 -2.02646e-16   0.00105339  7.13037e-17  0.000973386  5.22907e-17  -9.9305e-06 -3.70992e-17  -0.00031276 -1.11918e-17 -0.000148636  1.06594e-17  1.07376e-05  2.39806e-18  4.68361e-05  -2.5074e-18  2.55044e-05  1.76885e-19  4.52614e-06   8.2474e-19 -2.96805e-06 -3.74054e-19 -2.92219e-06 -4.96173e-19 -1.32659e-06  2.64733e-21  -3.2368e-07  1.81975e-19   2.0742e-08  9.20562e-20   6.6422e-08 -1.31724e-21  3.94857e-08   -2.271e-20  1.55835e-08 -1.05313e-20  4.51193e-09 -1.14817e-21  8.63993e-10   3.7426e-22  1.47969e-11 -2.30676e-22 -7.69445e-11 -4.35469e-22 -4.30959e-11 -3.04224e-22 -1.62242e-11 -1.33106e-22 -4.94334e-12 -2.37698e-23 -1.28733e-12  1.83399e-23  -2.9215e-13  2.19909e-23 -5.78845e-14  1.39696e-23 -9.85926e-15  6.67783e-24 -1.37389e-15  2.61203e-24 -1.31376e-16  8.57148e-25  9.07362e-19  2.34772e-25   4.3077e-18  5.16802e-26  1.32512e-18   8.1411e-27  2.87761e-19  4.48048e-28   5.1783e-20 -2.48741e-28   8.1187e-21  -1.1819e-28  1.13277e-21 -3.32735e-29   1.4205e-22 -7.24283e-30  1.60778e-23  -1.3017e-30  1.64388e-24 -1.98361e-31  1.51595e-25 -2.59898e-32  1.25634e-26 -2.94271e-33  9.30498e-28 -2.86944e-34  6.11146e-29 -2.38958e-35  3.52292e-30 -1.68469e-36  1.75805e-31 -9.95812e-38  7.45645e-33 -4.84906e-39  2.62043e-34  -1.8842e-40   7.3551e-36 -5.57055e-42  1.55704e-37  -1.1665e-43  2.24667e-39 -1.50419e-45  1.75408e-41 -7.72204e-48
-8.52901e-19 -6.57158e-06  9.05538e-18  0.000169281  3.24823e-18  -0.00148108 -1.10131e-16   0.00669889  2.29578e-16   -0.0177401 -1.32917e-16    0.0278996 -1.45197e-16   -0.0231824  3.43728e-16   0.00380291 -3.48205e-16   0.00828759  1.66703e-16  -0.00275452  8.96544e-17  -0.00330227 -1.79677e-16  0.000457387  5.62849e-17   0.00130689  5.01654e-17   0.00033365 -2.75311e-17 -0.000275263 -1.21724e-17 -0.000242627   6.7977e-18 -5.35981e-05  2.04195e-18  3.57567e-05 -1.13275e-18  3.62463e-05  8.41461e-19  1.44075e-05  6.13595e-19  1.03655e-06 -6.90142e-19 -2.44318e-06 -5.97484e-19  -1.8443e-06   2.5941e-20 -7.70368e-07   2.2193e-19 -1.87545e-07  1.14148e-19  2.15996e-09  7.03412e-21  2.94796e-08 -1.98025e-20  1.82849e-08 -1.02845e-20  7.50876e-09 -2.36916e-21  2.36623e-09 -9.66151e-22  5.74309e-10 -1.08035e-21  9.27206e-11 -8.51921e-22 -4.42553e-13 -4.74497e-22 -7.60123e-12  -1.8422e-22 -3.73661e-12 -2.72233e-23 -1.27824e-12  2.69351e-23  -3.6002e-13  2.93508e-23 -8.80631e-14  1.78081e-23 -1.91467e-14  8.17636e-24 -3.74149e-15  3.07543e-24 -6.60192e-16  9.73857e-25 -1.05201e-16  2.59732e-25 -1.50745e-17  5.68934e-26 -1.92272e-18  9.52742e-27 -2.13797e-19  9.24201e-28 -1.97882e-20  -8.5448e-29 -1.33089e-21 -6.93215e-29 -2.18552e-23  -2.0809e-29  1.15858e-23  -4.5294e-30  2.46924e-24 -7.96151e-31  3.37114e-25 -1.17417e-31  3.65375e-26 -1.47945e-32  3.32425e-27 -1.60229e-33  2.58617e-28 -1.48612e-34  1.72662e-29 -1.17001e-35  9.84489e-31 -7.74405e-37  4.73878e-32  -4.2581e-38  1.88964e-33 -1.90352e-39  6.06614e-35 -6.66081e-41  1.49975e-36 -1.72057e-42  2.65181e-38 -2.97455e-44  2.89871e-40 -2.74616e-46  1.26441e-42
-1.44864e-06 -4.58648e-18  9.67478e-06  2.21051e-17  0.000138568  1.44071e-17  -0.00172631 -1.84632e-16   0.00823044  3.05527e-16   -0.0213986 -1.45197e-16    0.0316561 -1.33189e-16   -0.0228071  2.87485e-16 -0.000357769 -3.06117e-16    0.0102461  1.70115e-16 -0.000918721   6.4472e-17  -0.00420925 -1.51642e-16 -0.000510359  4.03768e-17   0.00138899  4.54005e-17  0.000737297 -1.73077e-17 -0.000114144  -1.1708e-17 -0.000293389  2.42852e-18 -0.000134483   1.1075e-18  7.78852e-07  3.92437e-19   3.6239e-05  1.70085e-18  2.35822e-05  4.14307e-19  7.30571e-06 -1.03594e-18 -2.06323e-07 -7.22637e-19  -1.6227e-06  3.13928e-20 -1.05621e-06  2.54852e-19 -4.23003e-07  1.39628e-19 -1.08608e-07  2.24418e-20 -7.50519e-09 -1.19143e-20  1.00269e-08 -8.32946e-21  7.08764e-09 -3.65457e-21  3.07882e-09 -2.78418e-21  1.03767e-09 -2.30454e-21  2.85839e-10 -1.46467e-21  6.38957e-11 -7.18826e-22  1.06179e-11 -2.53666e-22  7.45391e-13 -3.27328e-23 -3.17761e-13  3.54295e-23 -1.83525e-13     3.61e-23 -6.16781e-14  2.09663e-23 -1.65074e-14  9.25708e-24 -3.80327e-15  3.35646e-24 -7.78534e-16  1.02864e-24 -1.43836e-16  2.67696e-25 -2.41925e-17   5.8253e-26 -3.72252e-18  1.01553e-26  -5.2539e-19  1.25138e-27 -6.80938e-20  4.27758e-29 -8.10459e-21 -3.02145e-29 -8.85089e-22 -1.10589e-29 -8.85472e-23  -2.4897e-30 -8.09597e-24 -4.33722e-31 -6.74367e-25 -6.22722e-32 -5.09653e-26 -7.56269e-33 -3.47617e-27 -7.83424e-34 -2.12505e-28 -6.89816e-35  -1.1537e-29 -5.11509e-36 -5.49369e-31 -3.16019e-37 -2.25521e-32 -1.60321e-38 -7.78705e-34 -6.50349e-40 -2.18069e-35 -2.01425e-41 -4.67581e-37 -4.41787e-43 -6.93092e-39 -5.95005e-45 -5.62943e-41 -3.19103e-47
 2.41751e-19 -9.73214e-06 -1.50207e-17  8.41762e-05  4.32059e-17 -0.000149986   3.5188e-17  -0.00126877  -2.6405e-16    0.0084521  3.49515e-16   -0.0231824 -1.33189e-16    0.0331908 -9.81202e-17   -0.0206059   1.9735e-16  -0.00474653 -2.46735e-16    0.0110398  1.64035e-16   0.00144636  4.34518e-17  -0.00450629 -1.23262e-16  -0.00166478  2.50742e-17   0.00113725  3.94815e-17   0.00109051 -7.44613e-18  0.000155922 -1.04163e-17 -0.000265655 -1.96875e-18 -0.000205881 -1.07364e-19 -5.34875e-05  1.92299e-18  2.03665e-05  2.62447e-18  2.71233e-05  2.48489e-19  1.37041e-05 -1.37217e-18  3.47948e-06 -8.68502e-19 -3.90973e-07  9.15956e-21 -9.18971e-07  2.75133e-19 -5.50751e-07   1.6792e-19 -2.17891e-07  4.59915e-20 -6.04944e-08  1.81999e-21 -8.99294e-09 -4.19062e-21  1.88477e-09 -4.74215e-21  2.11766e-09 -4.95367e-21  1.02014e-09 -3.85039e-21  3.67045e-10 -2.24931e-21  1.09192e-10 -1.02605e-21   2.7729e-11 -3.38885e-22   6.0337e-12 -4.18587e-23  1.09949e-12  4.16579e-23  1.54338e-13  4.08543e-23  1.08926e-14  2.28366e-23 -2.37183e-15  9.72166e-24 -1.30023e-15   3.4061e-24 -3.75895e-16  1.01237e-24 -8.52328e-17  2.57291e-25 -1.65392e-17  5.54619e-26 -2.83981e-18  9.89524e-27 -4.38287e-19  1.37645e-27 -6.12873e-20  1.19857e-28 -7.79421e-21 -4.44922e-30  -9.0257e-22 -4.58151e-30 -9.51039e-23 -1.16514e-30 -9.09791e-24 -2.06975e-31 -7.87198e-25 -2.92882e-32 -6.12802e-26 -3.44803e-33 -4.26155e-27 -3.42343e-34 -2.62296e-28 -2.85993e-35 -1.41164e-29 -1.99157e-36 -6.53754e-31 -1.14252e-37 -2.54949e-32  -5.3047e-39 -8.12118e-34 -1.92887e-40 -2.01921e-35  -5.1842e-42 -3.63669e-37 -9.30621e-44 -4.09987e-39 -8.88738e-46  -1.8673e-41
 1.13099e-06  2.33603e-18 -3.12287e-05 -3.61618e-17  0.000253301  7.06184e-17 -0.000826367  6.45838e-17  0.000190395 -3.27635e-16   0.00693793  3.43728e-16   -0.0228071 -9.81202e-17    0.0327073 -4.92016e-17   -0.0172948  9.85634e-17  -0.00867312 -1.85778e-16    0.0106374  1.50261e-16   0.00391529  2.92413e-17  -0.00410391 -9.78299e-17  -0.00277027   1.1429e-17  0.000559298  3.38118e-17   0.00128557  1.28852e-18  0.000481463 -8.96659e-18 -0.000145048 -6.00413e-18 -0.000238825 -1.27002e-18  -0.00011295  3.36141e-18 -1.09714e-05   3.4946e-18  2.10865e-05  1.22912e-19  1.72237e-05  -1.6728e-18  7.39066e-06 -1.03222e-18   1.6489e-06 -4.63103e-20 -2.44374e-07  2.79353e-19 -4.48209e-07  1.98269e-19 -2.58978e-07  7.77723e-20 -1.03191e-07  2.15295e-20 -3.09339e-08  2.33931e-21 -6.51747e-09  -5.3712e-21 -4.74827e-10 -7.26115e-21  3.73508e-10 -5.57987e-21  2.46022e-10 -3.13069e-21  9.84414e-11 -1.36455e-21  3.13188e-11 -4.31865e-22  8.50507e-12 -5.52171e-23  2.02763e-12  4.37656e-23  4.29355e-13  4.25471e-23  8.09418e-14  2.30473e-23  1.35016e-14  9.49106e-24   1.9559e-15  3.22053e-24  2.34765e-16  9.29697e-25   2.0109e-17  2.30752e-25  2.39905e-19  4.91095e-26 -3.66187e-19    8.847e-27 -1.00316e-19  1.31061e-27 -1.84692e-20  1.47495e-28 -2.76537e-21   8.8206e-30 -3.55615e-22 -9.84789e-31 -4.01191e-23 -4.25868e-31 -4.00418e-24 -8.33052e-32 -3.54225e-25 -1.19544e-32 -2.77102e-26 -1.38249e-33 -1.90602e-27 -1.32373e-34 -1.14246e-28 -1.05103e-35 -5.89155e-30  -6.8628e-37 -2.56794e-31 -3.63894e-38 -9.22738e-33 -1.53358e-39 -2.63578e-34 -4.92991e-41  -5.6535e-36 -1.12177e-42 -8.23006e-38 -1.56217e-44 -6.45524e-40 -8.62527e-47
 1.28725e-18  2.24155e-06  8.70024e-18 -6.00202e-05 -6.95011e-17  0.000497764  9.92495e-17  -0.00185659   9.7951e-17   0.00260455 -3.57742e-16   0.00380291  2.87485e-16   -0.0206059 -4.92016e-17    0.0308524  7.86316e-19    -0.013637  1.38237e-17   -0.0117367 -1.33841e-16   0.00926134  1.31372e-16   0.00611417  2.16405e-17  -0.00307246 -7.72033e-17  -0.00361419  2.19541e-19 -0.000256492  2.93522e-17   0.00125078  8.34001e-18  0.000786682 -7.90532e-18   5.5178e-05 -9.38847e-18 -0.000212081 -2.09587e-18 -0.000158222  4.66475e-18 -5.09007e-05  4.23708e-18    4.617e-06  3.45591e-20  1.52804e-05 -1.92901e-18  9.78984e-06 -1.21243e-18  3.79602e-06 -1.35576e-19  8.19098e-07  2.67053e-19 -8.65983e-08  2.29967e-19 -1.84717e-07  1.16755e-19 -1.07365e-07  4.64313e-20 -4.36306e-08  1.10733e-20 -1.39232e-08 -5.34502e-21 -3.51859e-09 -9.43068e-21 -6.42987e-10 -7.28358e-21  -4.1962e-11 -3.99299e-21  2.85401e-11 -1.68739e-21  1.70081e-11 -5.20205e-22  6.18753e-12 -7.18534e-23  1.80352e-12  4.09166e-23  4.52662e-13   4.0791e-23  1.00804e-13  2.15785e-23  2.02186e-14  8.62691e-24  3.68236e-15  2.84104e-24  6.11644e-16  7.97384e-25  9.28382e-17  1.93194e-25  1.28801e-17  4.04584e-26  1.63148e-18  7.28218e-27  1.88213e-19  1.11127e-27  1.97008e-20  1.39061e-28  1.86121e-21  1.29826e-29  1.57567e-22  5.75497e-31  1.18377e-23 -8.13594e-32  7.78617e-25 -2.54058e-32  4.39557e-26 -4.02506e-33  2.06296e-27 -4.73083e-34  7.57736e-29  -4.4389e-35  1.85815e-30 -3.37315e-36  8.13528e-33 -2.06776e-37 -1.74952e-33 -1.01003e-38 -9.07567e-35  -3.8314e-40 -2.37201e-36 -1.07125e-41 -3.15254e-38 -1.99587e-43 -8.46305e-41 -1.96913e-45  1.48086e-42
 4.62609e-07  3.28125e-18 -2.78641e-06  2.12521e-17 -6.07227e-05 -1.11823e-16  0.000697813  1.22176e-16  -0.00297052  1.29083e-16   0.00552941 -3.48205e-16 -0.000357769   1.9735e-16   -0.0172948  7.86316e-19    0.0283795  4.09341e-17   -0.0101957 -4.41986e-17   -0.0138385 -9.48697e-17   0.00724602  1.10469e-16   0.00779953  1.85598e-17  -0.00158693 -6.19749e-17   -0.0040551 -7.99222e-18  -0.00117358  2.64648e-17  0.000967441  1.33058e-17  0.000995811 -7.58164e-18  0.000297269 -1.19442e-17 -0.000120079 -2.39727e-18 -0.000171192  5.84011e-18 -8.78116e-05  4.83113e-18 -1.90873e-05 -2.37978e-20  7.02035e-06 -2.14591e-18  9.17955e-06 -1.40798e-18  5.10301e-06 -2.53961e-19  1.87814e-06  2.40867e-19  4.28356e-07  2.62432e-19 -1.61178e-09  1.60814e-19 -6.06003e-08  7.48255e-20 -3.77374e-08  2.14027e-20 -1.58611e-08 -4.56873e-21 -5.31244e-09 -1.11659e-20 -1.48121e-09 -8.71892e-21 -3.43888e-10 -4.70456e-21 -6.33792e-11 -1.94322e-21  -7.4925e-12 -5.89851e-22  3.78741e-13  -8.9228e-23  5.70904e-13  3.36135e-23  2.18733e-13  3.59915e-23  6.14332e-14  1.87568e-23  1.44673e-14  7.30767e-24  2.99109e-15  2.34028e-24  5.54449e-16  6.39076e-25  9.31678e-17  1.51041e-25   1.4278e-17  3.10276e-26  2.00193e-18  5.53419e-27  2.57141e-19  8.52031e-28   3.0255e-20  1.11495e-28   3.2567e-21  1.19659e-29   3.1996e-22  9.64661e-31  2.85919e-23  4.07458e-32  2.31295e-24 -3.16066e-33  1.68331e-25 -9.50662e-34  1.09326e-26 -1.28055e-34  6.27012e-28 -1.23429e-35  3.13199e-29 -9.16832e-37  1.33761e-30 -5.32057e-38  4.76123e-32 -2.39451e-39  1.36135e-33   -8.113e-41  2.95195e-35 -1.93406e-42   4.3856e-37 -2.80778e-44  3.54233e-39 -1.60573e-46
-2.27691e-18  2.87731e-06  5.87667e-18 -2.67703e-05  3.95128e-17  3.00539e-05  -1.5546e-16  0.000652004  1.33322e-16  -0.00373143  1.52879e-16   0.00828759 -3.06117e-16  -0.00474653  9.85634e-17    -0.013637  4.09341e-17    0.0258823  6.56368e-17  -0.00725535 -7.40019e-17   -0.0150856  -6.7759e-17   0.00491506  9.05138e-17   0.00886838   1.7359e-17  0.000139698 -5.16514e-17  -0.00403733 -1.28739e-17  -0.00204526  2.49634e-17  0.000469045  1.59186e-17   0.00105268 -8.15462e-18  0.000529495 -1.36158e-17  2.45326e-05 -2.09917e-18 -0.000141324  6.92899e-18 -0.000109099  5.29909e-18 -4.34554e-05 -5.96413e-20 -6.00631e-06 -2.33452e-18    5.052e-06 -1.61456e-18   4.8028e-06 -3.91409e-19  2.45464e-06  2.06213e-19  8.88904e-07  2.95158e-19  2.23701e-07  2.06911e-19   2.3276e-08  1.04298e-19 -1.30978e-08   3.2391e-20 -1.04552e-08 -3.05524e-21 -4.70542e-09 -1.22035e-20 -1.64916e-09 -9.66344e-21 -4.86507e-10 -5.14994e-21 -1.24215e-10 -2.08923e-21 -2.76498e-11 -6.28653e-22 -5.31939e-12 -1.03889e-22 -8.54949e-13  2.34985e-23 -1.02974e-13  2.91807e-23 -4.70391e-15  1.51389e-23   1.9989e-15   5.7715e-24  8.26678e-16  1.80088e-24  2.07562e-16  4.78756e-25  4.17494e-17  1.10289e-25  7.22061e-18  2.21622e-26  1.10424e-18  3.89202e-27  1.51257e-19  5.96213e-28  1.86683e-20  7.90492e-29  2.08014e-21  8.92194e-30  2.09121e-22  8.32677e-31  1.89159e-23  6.06676e-32  1.53233e-24  2.87885e-33  1.10429e-25 -1.18364e-35  7.01621e-27 -2.01099e-35  3.88365e-28   -2.495e-36  1.84337e-29 -1.95673e-37  7.34299e-31 -1.11009e-38  2.38156e-32 -4.65672e-40  6.01037e-34 -1.40448e-41   1.0955e-35 -2.78613e-43  1.24634e-37 -2.89768e-45   5.7134e-40
-2.07279e-07 -6.46528e-18  8.23935e-06  9.04276e-18 -7.93022e-05  5.99982e-17  0.000266058 -1.91166e-16   0.00017564  1.29932e-16  -0.00372537  1.66703e-16    0.0102461 -2.46735e-16  -0.00867312  1.38237e-17   -0.0101957  6.56368e-17    0.0236938  7.48622e-17  -0.00487324 -8.16383e-17    -0.015671 -4.90531e-17   0.00251644  7.35237e-17   0.00932566  1.59293e-17   0.00190758 -4.48806e-17  -0.00358006  -1.4335e-17  -0.00274482   2.4317e-17 -0.000172071  1.60724e-17  0.000932333  -9.6368e-18  0.000699594 -1.44651e-17  0.000193972 -1.22892e-18 -6.94718e-05  7.98334e-18 -0.000105442  5.68381e-18 -6.06316e-05 -7.86859e-20 -2.01516e-05 -2.50255e-18  -1.7375e-06   -1.821e-18  2.70036e-06 -5.32546e-19  2.21305e-06  1.70662e-19  1.08009e-06  3.27648e-19  3.92971e-07  2.51493e-19  1.08824e-07   1.3212e-19  2.01303e-08  4.29671e-20  1.72303e-10 -9.06889e-22 -1.86828e-09 -1.23668e-20 -1.03419e-09  -9.9673e-21 -3.91132e-10 -5.25838e-21 -1.20939e-10 -2.10188e-21 -3.23309e-11 -6.29547e-22 -7.65578e-12  -1.1257e-22 -1.62449e-12  1.27511e-23 -3.10397e-13  2.16605e-23 -5.34104e-14  1.13389e-23 -8.23775e-15   4.2499e-24 -1.12601e-15  1.29468e-24 -1.33182e-16  3.35253e-25 -1.28894e-17  7.52205e-26 -8.49737e-19  1.47501e-26  5.26593e-21  2.53753e-27  1.33317e-20  3.83052e-28  2.73679e-21  5.05111e-29  3.90634e-22  5.76479e-30  4.52098e-23  5.62348e-31  4.43751e-24  4.61138e-32   3.7518e-25  3.08052e-33  2.74094e-26   1.5435e-34  1.72321e-27  4.19595e-36   9.2312e-29 -1.33727e-37  4.14701e-30 -2.43235e-38  1.52559e-31 -1.60642e-39  4.43479e-33 -6.70602e-41  9.62627e-35 -1.83599e-42  1.41045e-36 -2.95494e-44  1.10737e-38 -1.83017e-46
 1.71032e-18  3.68883e-08 -1.29682e-17   1.2345e-05  1.33447e-17 -0.000146547  7.76206e-17  0.000632465 -2.11856e-16 -0.000775152  1.13645e-16  -0.00275452  1.70115e-16    0.0110398 -1.85778e-16   -0.0117367 -4.41986e-17  -0.00725535  7.48622e-17    0.0219213  7.21534e-17  -0.00298023  -7.5727e-17   -0.0157885 -3.52281e-17  0.000209549  6.00873e-17   0.00923961  1.32156e-17   0.00355712  -3.9806e-17  -0.00275439 -1.25147e-17  -0.00318269  2.39105e-17 -0.000863295  1.38649e-17  0.000643689 -1.19317e-17  0.000766913 -1.46382e-17  0.000352422  1.11418e-19  3.18474e-05  9.04046e-18 -7.40737e-05  6.02457e-18 -6.41641e-05  -8.3504e-20 -3.08653e-05 -2.64693e-18 -9.17276e-06 -2.00676e-18   -6.718e-07 -6.57364e-19  1.13765e-06  1.43062e-19  8.87662e-07   3.5943e-19  4.25365e-07  2.91056e-19  1.56818e-07  1.55762e-19  4.66444e-08  5.21557e-20  1.09872e-08  1.71343e-21  1.78469e-09 -1.16056e-20  2.88909e-11 -9.58822e-21  -1.2066e-10 -5.01977e-21 -6.07807e-11 -1.98192e-21 -2.08222e-11 -5.92312e-22 -5.85446e-12 -1.13251e-22 -1.43128e-12  3.37233e-24 -3.12116e-13  1.46173e-23 -6.15231e-14  7.86935e-24 -1.10448e-14  2.91629e-24 -1.81366e-15  8.69353e-25 -2.73055e-16  2.19409e-25 -3.77289e-17  4.79168e-26 -4.78439e-18  9.15027e-27 -5.56363e-19  1.53586e-27 -5.92416e-20   2.2686e-28 -5.76386e-21  2.93986e-29 -5.11001e-22  3.32176e-30 -4.11385e-23  3.25025e-31 -2.99443e-24   2.7349e-32 -1.95985e-25  1.95573e-33  -1.1451e-26  1.15894e-34  -5.9147e-28  5.42784e-36 -2.66416e-29  1.83957e-37 -1.02609e-30  3.50797e-39 -3.28199e-32 -2.75971e-41  -8.3332e-34 -4.37815e-42 -1.55759e-35 -1.38695e-43 -1.84901e-37 -1.86495e-45 -8.97798e-40
-1.77249e-07  4.32433e-18  2.77405e-06 -2.13697e-17  1.72349e-06   1.9563e-17 -0.000177549  8.81081e-17   0.00101161 -2.14999e-16   -0.0020405  8.96544e-17 -0.000918721  1.64035e-16    0.0106374 -1.33841e-16   -0.0138385 -7.40019e-17  -0.00487324  7.21534e-17    0.0205375  6.21341e-17  -0.00146649 -6.37555e-17   -0.0155923 -2.39922e-17  -0.00191872  4.94315e-17   0.00870485  9.19571e-18   0.00497629 -3.45361e-17  -0.00165948 -7.76222e-18  -0.00331177  2.32552e-17  -0.00150959  9.62089e-18  0.000224906 -1.48491e-17  0.000710585 -1.43078e-17  0.000464721  1.78081e-18  0.000141529  1.01058e-17 -1.99909e-05  6.34177e-18 -5.12972e-05  -7.1094e-20 -3.43117e-05 -2.74961e-18 -1.47878e-05  -2.1419e-18 -4.22177e-06 -7.42971e-19 -4.35196e-07  1.32447e-19   3.6024e-07  3.90183e-19  2.99458e-07  3.22807e-19  1.44868e-07  1.73385e-19   5.4307e-08  5.92708e-20  1.69087e-08  4.60927e-21  4.45485e-09 -1.00095e-20  9.81675e-10 -8.59825e-21  1.70136e-10 -4.48352e-21  1.76093e-11  -1.7527e-21 -1.85563e-12 -5.23369e-22 -1.70006e-12 -1.05746e-22 -6.03903e-13 -3.35232e-24 -1.62086e-13  8.85148e-24  -3.6781e-14  5.04693e-24 -7.34821e-15  1.86292e-24 -1.31702e-15  5.44924e-25 -2.13848e-16  1.34151e-25 -3.16208e-17  2.85034e-26 -4.26825e-18   5.2917e-27 -5.26235e-19  8.63798e-28 -5.92064e-20  1.24187e-28 -6.06551e-21  1.56851e-29  -5.6387e-22  1.73191e-30 -4.73392e-23  1.66394e-31 -3.56643e-24  1.38465e-32  -2.3913e-25  9.89646e-34 -1.41182e-26  5.97297e-35 -7.23784e-28  2.96704e-36  -3.1626e-29  1.17588e-37 -1.14812e-30  3.57701e-39 -3.33746e-32  7.83384e-41 -7.33516e-34  1.07699e-42 -1.10135e-35  6.30489e-45 -8.96638e-38 -8.77567e-48
-4.69068e-19 -7.31321e-07  7.45968e-18  1.06618e-05 -3.07227e-17 -4.16858e-05  2.78152e-17 -9.83209e-05  8.97158e-17     0.001212 -2.02646e-16  -0.00330227   6.4472e-17   0.00144636  1.50261e-16   0.00926134 -9.48697e-17   -0.0150856 -8.16383e-17  -0.00298023  6.21341e-17    0.0194647  4.88466e-17 -0.000229669 -5.05593e-17   -0.0151908 -1.46548e-17  -0.00383019  3.99521e-17   0.00781881  4.51631e-18   0.00609614 -2.76165e-17 -0.000403644 -6.34583e-19  -0.00312451  2.20798e-17  -0.00202746   3.8668e-18 -0.000265582 -1.81087e-17  0.000532762 -1.36142e-17  0.000504351   3.6334e-18  0.000235185  1.11501e-17  4.51934e-05  6.63589e-18 -2.40605e-05 -2.86988e-20 -2.87772e-05  -2.7772e-18 -1.65927e-05 -2.19006e-18  -6.7208e-06 -7.66447e-19 -1.94967e-06  1.46823e-19 -3.08153e-07   4.1992e-19  6.46135e-08  3.45186e-19    7.876e-08  1.84156e-19  4.04773e-08  6.40106e-20  1.55815e-08  7.57002e-21  4.99517e-09 -7.79039e-21  1.38485e-09  -7.1617e-21  3.36927e-10 -3.74254e-21  7.20733e-11 -1.45277e-21  1.34123e-11 -4.33831e-22  2.10169e-12 -9.16331e-23  2.51666e-13 -7.04569e-24  1.36792e-14   4.6875e-24 -3.61532e-15  2.97837e-24 -1.57756e-15  1.10603e-24   -3.889e-16  3.18567e-25 -7.56716e-17  7.65846e-26 -1.25674e-17  1.58274e-26 -1.83518e-18  2.85278e-27 -2.38756e-19  4.51703e-28 -2.78304e-20  6.29474e-29 -2.91049e-21  7.70182e-30 -2.72663e-22  8.23761e-31  -2.2793e-23  7.67086e-32 -1.68972e-24  6.19184e-33  -1.1013e-25  4.29523e-34 -6.23738e-27  2.51961e-35 -3.02207e-28  1.22183e-36 -1.22611e-29  4.76918e-38  -4.0417e-31  1.44848e-39 -1.03461e-32  3.23847e-41 -1.90909e-34  4.79311e-43 -2.19474e-36  3.68621e-45 -1.01486e-38
-1.27883e-08 -6.59607e-19  -1.2417e-06  1.00548e-17  2.26029e-05  -3.9641e-17 -0.000123972  3.70326e-17  0.000144231  8.33192e-17   0.00105339 -1.79677e-16  -0.00420925  4.34518e-17   0.00391529  1.31372e-16   0.00724602  -6.7759e-17    -0.015671  -7.5727e-17  -0.00146649  4.88466e-17    0.0186239  3.52592e-17  0.000808666 -3.84906e-17   -0.0146551 -7.81509e-18  -0.00551511  2.99331e-17   0.00667016  3.66254e-20   0.00688195 -1.83605e-17  0.000908348   8.0939e-18  -0.00264589  2.02982e-17  -0.00235398 -2.74617e-18 -0.000759738 -2.13544e-17  0.000257235 -1.26277e-17  0.000459038  5.54307e-18  0.000291141  1.21214e-17  0.000106327  6.89967e-18  1.11954e-05  7.08819e-20 -1.53386e-05 -2.68463e-18 -1.38322e-05 -2.11398e-18 -7.29195e-06 -7.08496e-19 -2.86449e-06  1.91951e-19 -8.65728e-07  4.49047e-19 -1.83758e-07  3.58091e-19 -1.15473e-08  1.88288e-19  1.27505e-08  6.64354e-20   8.3751e-09  1.03838e-20   3.4569e-09  -5.2383e-21  1.14508e-09 -5.49315e-21  3.25831e-10 -2.90866e-21  8.19637e-11 -1.12591e-21  1.84892e-11 -3.36585e-22  3.76747e-12  -7.3629e-23   6.9562e-13 -8.09901e-24  1.16379e-13  2.04683e-24  1.75883e-14  1.60689e-24  2.38474e-15  6.08967e-25   2.8637e-16  1.73496e-25  2.97098e-17  4.07912e-26  2.51932e-18  8.19988e-27  1.46594e-19  1.43341e-27 -1.64762e-22  2.19686e-28 -1.56422e-21  2.95767e-29 -2.75573e-22  3.48917e-30 -3.29417e-23  3.59156e-31 -3.13504e-24  3.21285e-32 -2.48086e-25  2.48516e-33 -1.65195e-26  1.64576e-34 -9.23528e-28  9.17042e-36 -4.28332e-29  4.19855e-37 -1.61297e-30  1.53354e-38 -4.76448e-32  4.28756e-40 -1.04375e-33  8.54217e-42   -1.533e-35  1.04721e-43 -1.19774e-37  5.08554e-46
 -1.3662e-19 -2.86854e-07   -4.612e-20  4.47769e-07  1.10133e-17  2.84884e-05 -4.65297e-17 -0.000220778  4.52904e-17  0.000534721  7.13037e-17  0.000457387 -1.51642e-16  -0.00450629  2.92413e-17   0.00611417  1.10469e-16   0.00491506 -4.90531e-17   -0.0157885 -6.37555e-17 -0.000229669  3.52592e-17    0.0179532  2.35141e-17   0.00170362 -2.83123e-17   -0.0140303 -4.65791e-18  -0.00697845  1.81824e-17   0.00533462 -3.52306e-18   0.00732386 -6.94448e-18   0.00218247  1.74409e-17  -0.00192514  1.79095e-17  -0.00245147 -9.54635e-18  -0.00119031 -2.41932e-17 -7.55154e-05 -1.13476e-17  0.000333105  7.41565e-18  0.000295622  1.29678e-17  0.000148768  7.13679e-18  4.56357e-05  2.71622e-19  2.44664e-06 -2.42249e-18 -7.27065e-06 -1.88269e-18 -5.75017e-06 -5.57209e-19 -2.87632e-06  2.70234e-19 -1.11472e-06  4.78174e-19 -3.50331e-07  3.62672e-19 -8.80525e-08  1.86804e-19  -1.5822e-08  6.68513e-20 -7.82074e-10  1.28481e-20  8.80868e-10 -2.66375e-21   5.0333e-10 -3.80962e-21  1.84321e-10 -2.08777e-21   5.4649e-11 -8.11692e-22  1.40136e-11 -2.43387e-22  3.19697e-12 -5.47261e-23  6.58379e-13 -7.33785e-24  1.23406e-13  6.08268e-25  2.11552e-14  7.85092e-25   3.3258e-15  3.10132e-25  4.80115e-16  8.79145e-26  6.36623e-17  2.02545e-26  7.74915e-18  3.96147e-27  8.64726e-19  6.71085e-28  8.82785e-20  9.93792e-29  8.22122e-21  1.28905e-29  6.95784e-22  1.46058e-30  5.32503e-23  1.43948e-31  3.66166e-24  1.22869e-32  2.24319e-25  9.02763e-34  1.21056e-26  5.64289e-35  5.66781e-28  2.94286e-36  2.25411e-29   1.2468e-37  7.38828e-31  4.14304e-39  1.90691e-32   1.0236e-40  3.59493e-34  1.70391e-42  4.27441e-36  1.51691e-44  2.06699e-38
