 1.16731e-05  6.24886e-20 -8.53118e-05 -8.37266e-19   0.00019202   2.6768e-18 -0.000171851  -3.3524e-18  2.29218e-05   8.8051e-19  4.19359e-05  1.47787e-18  1.03065e-07  3.67587e-20 -1.06409e-05 -2.95846e-18 -4.23154e-06  3.28148e-18  6.00539e-07  -1.5689e-18  1.32713e-06  2.06609e-19  6.28062e-07  1.71869e-19  8.89862e-08  -5.2572e-20 -7.75686e-08 -6.48329e-20 -6.90174e-08  4.37462e-20 -3.08698e-08 -1.23778e-20 -7.96286e-09  7.12036e-21  6.43435e-11 -5.61696e-22  1.37514e-09 -1.39674e-21  9.13632e-10   2.0709e-22  4.03119e-10 -1.64838e-22  1.36841e-10   3.9286e-23  3.55244e-11  7.38368e-23   5.7479e-12 -1.04244e-23 -4.78925e-13 -1.86556e-23 -8.86605e-13 -7.37989e-25 -4.66906e-13  4.67794e-24 -1.82487e-13   1.7388e-24 -6.03915e-14  -4.2302e-25 -1.77274e-14 -4.97033e-25 -4.71816e-15 -8.39391e-26 -1.15223e-15  4.76028e-26 -2.59979e-16    2.109e-26 -5.44127e-17 -1.09105e-27 -1.05854e-17 -2.77336e-27 -1.91529e-18 -7.29127e-28 -3.22145e-19   1.2003e-29 -5.02922e-20  6.50449e-29 -7.27025e-21  2.89084e-29 -9.70239e-22  1.06552e-29 -1.19157e-22  3.93666e-30 -1.34426e-23  1.36459e-30 -1.39771e-24  3.15184e-31 -1.36278e-25 -3.20464e-32  -1.3053e-26 -6.83764e-32 -1.33144e-27 -3.30497e-32 -1.54066e-28 -9.94332e-33 -1.96345e-29 -2.18291e-33 -2.52002e-30 -3.36183e-34 -3.03375e-31 -5.18387e-36 -3.30451e-32   1.9941e-35 -3.20566e-33  7.86119e-36  -2.7476e-34   1.6865e-36 -2.06798e-35  2.11494e-37 -1.35727e-36  1.01206e-38  -7.6997e-38 -1.43135e-39 -3.73526e-39 -3.25822e-40 -1.53249e-40 -2.79723e-41 -5.26646e-42  -7.9062e-43 -1.49383e-43  6.19792e-44 -3.30407e-45  6.12823e-45 -4.76391e-47  1.43943e-46 -2.91803e-49 -7.21974e-49
 6.24886e-20  0.000132776  5.66287e-19 -0.000536367 -5.16716e-18  0.000858329  1.26595e-17 -0.000518187 -1.18602e-17 -7.29299e-05 -2.32978e-19  0.000137646   7.0661e-18  4.48671e-05  6.50106e-19 -2.17457e-05 -9.70156e-18 -2.06131e-05   8.9941e-18 -4.68324e-06 -3.56343e-18  2.44429e-06  1.59325e-19  2.54206e-06  5.87644e-19  1.03031e-06 -1.27679e-19  1.15091e-07 -1.79642e-19 -1.37184e-07  7.30886e-20 -1.15301e-07 -1.64089e-20 -5.27614e-08  2.13395e-20 -1.55261e-08  4.76528e-22   -1.715e-09 -3.22381e-21  1.29355e-09 -4.95511e-22  1.11679e-09 -6.36059e-22  5.53492e-10  1.94182e-22  2.11619e-10  2.46027e-22  6.64247e-11 -3.05149e-23  1.70539e-11 -6.63329e-23  3.28527e-12 -6.16901e-24  2.68837e-13   1.5241e-23 -1.38028e-13  6.50318e-24 -9.56115e-14 -1.01027e-24 -3.91682e-14 -1.50597e-24 -1.29745e-14 -2.67124e-25  -3.7596e-15  1.35767e-25 -9.84623e-16  6.22409e-26 -2.37057e-16  -2.9258e-27 -5.29982e-17 -8.84264e-27 -1.10739e-17 -2.87883e-27 -2.17205e-18 -3.10848e-28 -4.01125e-19  1.08364e-28 -6.98916e-20  8.54899e-29 -1.15047e-20   4.2524e-29 -1.79026e-21  1.87553e-29 -2.63372e-22  6.90225e-30 -3.66091e-23  1.58195e-30 -4.80239e-24 -1.00591e-31 -5.93438e-25 -2.69792e-31 -6.89058e-26  -1.3077e-31 -7.49405e-27 -4.08807e-32 -7.60464e-28 -9.61237e-33 -7.16734e-29 -1.60652e-33 -6.24092e-30 -7.85839e-35  -4.9899e-31  5.99157e-35 -3.63762e-32  2.39507e-35 -2.39802e-33  4.86269e-36 -1.41574e-34  5.76628e-37 -7.39875e-36  2.82926e-38 -3.37501e-37 -2.71157e-39 -1.32157e-38 -6.14213e-40 -4.36175e-40 -4.63092e-41  -1.1923e-41 -7.74388e-43 -2.64512e-43  1.19382e-43 -4.48281e-45  7.55008e-45 -4.76012e-47  8.52553e-47 -1.85207e-49
-8.53118e-05  5.66287e-19   0.00073182  2.89495e-18  -0.00199605 -1.96939e-17   0.00235239  3.80946e-17 -0.000851584 -2.61161e-17  -0.00047631 -9.10905e-18  0.000211082  1.99017e-17  0.000177931  2.97068e-18  4.65965e-06 -2.08859e-17 -4.49415e-05  1.62298e-17 -2.40725e-05 -5.40983e-18 -2.38118e-06 -2.35331e-19  4.32535e-06  1.30138e-18  3.29115e-06 -1.71835e-19   1.2106e-06 -3.54461e-19  1.23714e-07   4.1154e-20 -1.57158e-07 -1.24447e-20  -1.3152e-07  4.77545e-20 -6.24725e-08  7.60966e-21 -2.06818e-08 -4.42811e-21 -4.16946e-09 -2.93291e-21  2.66803e-10 -1.76034e-21  7.50508e-10   5.3163e-22  4.48565e-10  5.78187e-22  1.92105e-10 -7.67323e-23  6.78051e-11 -1.69211e-22  2.05931e-11 -2.26126e-23  5.44203e-12   3.4661e-23  1.23652e-12  1.61252e-23  2.29378e-13 -1.60723e-24  2.83271e-14 -3.09756e-24 -1.13834e-15 -5.21006e-25 -2.21588e-15  3.03797e-25 -9.29132e-16  1.38435e-25 -2.87961e-16 -4.50941e-27 -7.59376e-17 -2.04095e-26 -1.78678e-17 -8.08271e-27 -3.83376e-18 -1.65143e-27 -7.58804e-19 -4.57411e-29 -1.39457e-19   1.6238e-28 -2.38885e-20  1.19124e-28 -3.82148e-21  6.10173e-29 -5.71326e-22  2.30978e-29  -7.9808e-23  5.22569e-30 -1.04058e-23 -1.91216e-31 -1.26425e-24 -7.38745e-31 -1.42787e-25 -3.63956e-31 -1.49466e-26  -1.1722e-31 -1.44477e-27 -2.84227e-32 -1.28397e-28  -4.8692e-33 -1.04366e-29 -3.24103e-34 -7.71148e-31  1.18171e-34  -5.1418e-32  4.86394e-35 -3.06663e-33  9.38207e-36 -1.61838e-34  1.05076e-36 -7.45602e-36  5.13844e-38 -2.94839e-37 -3.39868e-39 -9.80807e-39 -7.58554e-40 -2.69356e-40 -4.75206e-41 -6.07892e-42 -4.10196e-44 -1.14311e-43  1.42281e-43 -1.69631e-45  5.33923e-45 -1.46489e-47  1.00645e-47
-8.37266e-19 -0.000536367  2.89495e-18   0.00260734   1.0234e-17  -0.00524312 -5.46894e-17   0.00458487  8.51963e-17 -0.000619257 -4.06827e-17  -0.00124705 -3.28061e-17  5.56629e-05  4.03875e-17  0.000369714  8.03665e-18  0.000122228 -3.40776e-17 -4.42539e-05  2.22329e-17 -5.55076e-05   -6.597e-18 -2.08455e-05  -8.4539e-19  6.94557e-07  2.29181e-18  5.32956e-06 -6.22565e-20  3.40625e-06 -5.71507e-19  1.19239e-06 -1.06623e-19   1.3758e-07 -1.75617e-20 -1.31702e-07  8.62413e-20 -1.16212e-07  2.69524e-20 -5.79885e-08 -2.71899e-21 -2.12131e-08 -7.38606e-21 -5.69929e-09 -3.69159e-21 -8.43031e-10  1.13533e-21  1.83074e-10  1.10038e-21  2.13934e-10 -1.84341e-22  1.10178e-10 -3.58645e-22  4.34554e-11 -5.96024e-23  1.45833e-11  6.21853e-23  4.33148e-12  3.05731e-23   1.1597e-12 -2.10417e-24  2.82339e-13  -5.0003e-24  6.26824e-14 -6.53355e-25  1.26618e-14  6.36016e-25  2.30725e-15  2.79442e-25  3.71846e-16  1.45486e-27  5.05922e-17 -3.81835e-26  5.03437e-18 -1.82457e-26  9.28129e-20 -5.07081e-27 -1.18644e-19  -7.2758e-28 -3.97907e-20  2.33669e-28 -9.00557e-21  2.81035e-28 -1.68158e-21  1.59531e-28 -2.74324e-22  6.05897e-29  -4.0006e-23  1.35146e-29 -5.26862e-24 -2.11748e-31 -6.28986e-25 -1.63699e-30  -6.8071e-26 -8.22929e-31 -6.65885e-27 -2.69272e-31 -5.85421e-28 -6.55662e-32 -4.58352e-29 -1.12037e-32 -3.15055e-30 -8.67461e-34 -1.85669e-31  1.73094e-34 -8.96643e-33  7.58192e-35 -3.16531e-34   1.3943e-35 -4.44449e-36  1.46918e-36  3.95945e-37  6.96276e-38   4.0904e-38 -3.26473e-39  2.22683e-39 -6.96787e-40  8.16782e-41 -3.26799e-41  1.94562e-42  7.89519e-43  2.39187e-44  1.16399e-43  1.52199e-47  2.21867e-45 -1.69721e-48
  0.00019202 -5.16716e-18  -0.00199605   1.0234e-17   0.00676291   2.7429e-17   -0.0105261 -1.19164e-16   0.00668748  1.51688e-16  0.000772525 -4.56568e-17    -0.002084 -7.34895e-17  -0.00052571  6.44448e-17  0.000465869  1.56982e-17  0.000337125 -4.45608e-17   3.1694e-05  2.43969e-17 -7.39662e-05 -7.46548e-18 -5.22395e-05 -1.44367e-18 -1.45569e-05  3.52375e-18  2.85247e-06  3.67369e-19  5.24717e-06 -7.79918e-19  3.02387e-06 -3.94938e-19   1.0496e-06 -6.57422e-20  1.57005e-07  1.27591e-19 -7.93986e-08  6.18107e-20 -8.17287e-08   4.0816e-21 -4.35251e-08 -1.30842e-20 -1.73247e-08  -6.0036e-21 -5.49183e-09   2.2185e-21 -1.34637e-09  1.82774e-21  -2.0235e-10 -4.01981e-22  2.16355e-11 -6.65364e-22  3.25532e-11 -1.29915e-22  1.64198e-11  9.02995e-23  6.23421e-12  4.60092e-23  2.01677e-12 -3.14414e-24  5.81461e-13  -6.7946e-24  1.52715e-13 -3.21024e-25  3.69983e-14  1.28756e-24  8.33441e-15  5.46524e-25  1.75522e-15  3.47759e-26  3.46959e-16 -5.92316e-26  6.45714e-17 -3.46801e-26  1.13416e-17 -1.16719e-26  1.88388e-18 -2.28929e-27  2.96396e-19  3.13114e-28  4.42243e-20  6.06542e-28  6.26224e-21   3.5937e-28  8.41612e-22  1.34296e-28  1.07273e-22  2.94867e-29  1.29462e-23  1.24403e-32  1.47529e-24 -3.13487e-30  1.58149e-25 -1.60021e-30  1.58715e-26 -5.23729e-31  1.48269e-27 -1.25723e-31  1.28084e-28 -2.11196e-32  1.01558e-29 -1.79036e-33  7.32957e-31  1.90997e-34  4.76979e-32  9.55815e-35  2.76895e-33  1.68311e-35  1.41614e-34   1.6585e-36  6.28562e-36  7.40061e-38  2.37458e-37  -2.5617e-39  7.41771e-39 -4.90052e-40   1.8222e-40 -1.30625e-41  3.19469e-42  1.11583e-42  3.24442e-44  6.58235e-44  9.30713e-47  4.13086e-46
  2.6768e-18  0.000858329 -1.96939e-17  -0.00524312   2.7429e-17    0.0136493  5.87857e-17   -0.0169301 -2.12788e-16   0.00729501  2.24166e-16   0.00340823 -3.37451e-17  -0.00238064 -1.24054e-16  -0.00150172  8.49536e-17  0.000256533  2.44155e-17  0.000558105  -4.7692e-17  0.000206567  2.18526e-17 -3.87849e-05 -9.04024e-18 -7.89352e-05  -2.0357e-18 -4.12542e-05  4.94668e-18 -8.62728e-06   1.2679e-18  3.54669e-06 -8.88389e-19  4.38373e-06 -7.97497e-19  2.38411e-06 -1.90059e-19  8.47221e-07  1.54293e-19  1.67305e-07  1.08122e-19  -2.6234e-08  1.58983e-20 -4.44214e-08 -1.85505e-20 -2.61796e-08 -7.52553e-21 -1.12692e-08  4.23728e-21 -3.97119e-09  2.81451e-21 -1.18047e-09 -7.54232e-22 -2.92998e-10 -1.10111e-21 -5.64771e-11 -2.47176e-22 -5.78527e-12  1.02784e-22  1.42694e-12  5.33394e-23   1.1576e-12 -6.98119e-24   4.7583e-13 -8.35294e-24  1.54418e-13  8.18317e-25  4.34623e-14  2.45471e-24  1.10052e-14  1.03129e-24  2.55309e-15  1.29541e-25   5.4828e-16 -7.54527e-26   1.0968e-16 -5.71064e-26   2.0518e-17  -2.2047e-26  3.59783e-18 -4.82707e-27  5.92076e-19  5.65126e-28   9.1474e-20  1.23869e-27  1.32628e-20  7.23397e-28  1.80278e-21  2.62128e-28  2.29353e-22  5.64439e-29  2.72485e-23  6.56616e-31   3.0146e-24 -5.37837e-30  3.09507e-25 -2.75515e-30  2.93685e-26 -8.88627e-31  2.56317e-27 -2.07625e-31  2.04602e-28 -3.40044e-32  1.48393e-29 -3.05984e-33  9.70322e-31  1.43874e-34  5.66782e-32  9.93743e-35  2.92505e-33  1.68825e-35  1.31611e-34  1.54306e-36  5.07865e-36  6.27465e-38  1.64431e-37 -1.70261e-39  4.31682e-39 -2.56121e-40  8.61081e-41  7.17062e-43  1.12855e-42  8.92373e-43  6.28379e-45  2.41828e-44 -1.69469e-47
-0.000171851  1.26595e-17   0.00235239 -5.46894e-17   -0.0105261  5.87857e-17    0.0224036  1.04269e-16   -0.0225291 -3.20426e-16   0.00540244  2.83533e-16   0.00660083 -7.38696e-18   -0.0015992 -1.70504e-16  -0.00253207  9.53922e-17 -0.000367121  3.23943e-17  0.000622432 -4.11587e-17  0.000437398  1.57874e-17  7.75272e-05 -1.23096e-17 -7.10492e-05 -2.99469e-18 -6.75111e-05  6.43061e-18 -2.89464e-05   2.6942e-18 -4.60899e-06 -7.81749e-19   3.1025e-06 -1.23665e-18  3.19329e-06 -3.99798e-19  1.69291e-06  1.47885e-19  6.28055e-07  1.53231e-19  1.56201e-07  2.86284e-20  9.57416e-09 -2.26176e-20 -1.61883e-08 -6.65601e-21 -1.19643e-08  7.85986e-21 -5.67402e-09  4.21186e-21 -2.16876e-09  -1.1827e-21 -7.12424e-10 -1.63166e-21 -2.06204e-10 -4.18813e-22 -5.30064e-11  7.67755e-23 -1.20426e-11  3.85724e-23 -2.36357e-12 -1.80484e-23 -3.74722e-13  -1.0399e-23 -3.64784e-14  2.83502e-24  3.49215e-15  4.27819e-24  3.17156e-15  1.82352e-24  1.11132e-15  3.24013e-25  2.98146e-16 -7.58327e-26  6.85724e-17 -8.35554e-26  1.40762e-17 -3.57714e-26  2.62715e-18   -7.843e-27  4.50085e-19  1.42397e-27  7.11372e-20  2.40107e-27  1.03975e-20  1.32707e-27  1.40632e-21  4.61454e-28  1.75915e-22  9.68257e-29  2.03181e-23   1.7128e-30  2.16137e-24 -8.44394e-30  2.11042e-25 -4.27205e-30  1.88335e-26 -1.34031e-30  1.52792e-27 -3.02072e-31  1.11956e-28 -4.79868e-32   7.3501e-30 -4.49648e-33  4.28109e-31  2.79359e-35  2.18521e-32  8.48551e-35  9.62574e-34  1.41321e-35  3.58955e-35  1.18533e-36  1.10612e-36   4.2051e-38  2.72159e-38 -9.74799e-40  4.96626e-40 -8.44977e-41  4.97737e-42  5.59678e-42 -4.05968e-44  4.71723e-43 -1.93687e-45  4.63992e-45
 -3.3524e-18 -0.000518187  3.80946e-17   0.00458487 -1.19164e-16   -0.0169301  1.04269e-16    0.0309272  1.56586e-16   -0.0254156 -4.14821e-16   0.00108466  3.15278e-16   0.00921741  2.12146e-17  0.000346905 -2.00088e-16   -0.0031271  9.26468e-17   -0.0013032  3.89655e-17  0.000390207 -2.55657e-17  0.000618701  8.60178e-18  0.000260679 -1.75858e-17 -4.52207e-06 -4.87404e-18 -7.27726e-05   7.7173e-18 -5.02291e-05  4.54551e-18 -1.88522e-05  -3.6603e-19  -2.4866e-06 -1.60487e-18   2.1364e-06  -6.6697e-19  2.04072e-06   9.8665e-20  1.08047e-06  1.79255e-19  4.21457e-07  3.41333e-20  1.24145e-07 -2.54591e-20  2.35131e-08  -2.0765e-21 -9.31527e-10  1.37255e-20 -3.45156e-09  6.27308e-21 -2.02866e-09 -1.49934e-21 -8.57568e-10 -2.15387e-21 -3.03374e-10 -6.35397e-22 -9.45442e-11 -1.03903e-23 -2.65862e-11 -1.43612e-23 -6.83504e-12 -4.26829e-23 -1.61911e-12 -1.48564e-23  -3.5509e-13  5.26002e-24 -7.23093e-14  6.70633e-24 -1.36952e-14  2.94943e-24  -2.4145e-15   6.3656e-25 -3.96394e-16 -5.39356e-26 -6.06158e-17 -1.11781e-25 -8.64038e-18 -5.12218e-26 -1.15054e-18 -1.00188e-26 -1.43827e-19  3.63727e-27 -1.70439e-20  4.37711e-27 -1.94583e-21  2.24164e-27 -2.18702e-22  7.42646e-28 -2.46923e-23  1.50519e-28 -2.81985e-24  2.78333e-30 -3.21581e-25 -1.22823e-29 -3.56715e-26 -6.03048e-30  -3.7417e-27 -1.82064e-30  -3.6265e-28 -3.93258e-31 -3.19235e-29 -6.03851e-32 -2.51892e-30 -5.81119e-33 -1.76124e-31 -1.30224e-34 -1.07848e-32  5.71218e-35 -5.70359e-34  9.71672e-36 -2.55864e-35  7.36711e-37 -9.50491e-37  2.11092e-38 -2.83487e-38 -4.77008e-40 -6.55835e-40  3.85241e-43  -1.1426e-41  4.71091e-42 -1.43198e-43  1.61868e-43 -9.25555e-46
 2.29218e-05 -1.18602e-17 -0.000851584  8.51963e-17   0.00668748 -2.12788e-16   -0.0225291  1.56586e-16    0.0369623  2.01859e-16   -0.0247996 -4.67227e-16  -0.00454411  3.16935e-16    0.0103218  3.79339e-17   0.00302321 -2.08749e-16  -0.00291951  7.72001e-17  -0.00226911  4.48263e-17 -0.000165371 -3.43872e-18  0.000632691   2.7739e-18  0.000450237 -2.43318e-17  0.000119887 -8.05852e-18 -3.88718e-05  8.46082e-18 -5.89777e-05  6.56647e-18 -3.39633e-05  3.80082e-19 -1.18117e-05 -1.79871e-18 -1.57578e-06 -9.30281e-19  1.16072e-06  1.16907e-20  1.12941e-06  1.69195e-19  6.09814e-07  2.23418e-20  2.49843e-07 -2.89826e-20   8.2618e-08  6.47848e-21  2.17447e-08  2.20791e-20  3.97113e-09  9.28317e-21  6.66097e-11 -1.38768e-21 -3.55325e-10 -2.49272e-21 -2.07622e-10 -8.61506e-22 -8.37293e-11 -1.71676e-22 -2.81086e-11  -1.1885e-22 -8.32878e-12 -8.77567e-23 -2.23694e-12 -2.46863e-23 -5.52569e-13  6.98039e-24 -1.26666e-13   9.3818e-24 -2.71043e-14  4.30324e-24 -5.43592e-15  1.03508e-24 -1.02468e-15   -1.828e-26 -1.81893e-16 -1.41575e-25 -3.04418e-17 -6.57703e-26 -4.80603e-18 -9.25828e-27 -7.15698e-19   8.1616e-27 -1.00461e-19  7.43715e-27  -1.3274e-20  3.50464e-27 -1.64772e-21  1.10056e-27 -1.91638e-22  2.13207e-28 -2.08132e-23  3.01208e-30 -2.10231e-24 -1.66653e-29 -1.96554e-25 -7.80802e-30 -1.69153e-26 -2.24862e-30 -1.33139e-27 -4.63291e-31  -9.5135e-29 -6.85765e-32 -6.11816e-30 -6.70213e-33 -3.50496e-31 -2.84706e-34 -1.76636e-32  2.57291e-35 -7.70766e-34  5.17829e-36  -2.8518e-35  3.45491e-37 -8.69581e-37  6.32439e-39 -2.10304e-38 -1.91098e-40 -3.84573e-40  2.22523e-41 -5.03983e-42  2.34019e-42 -4.24472e-44  3.01336e-44
  8.8051e-19 -7.29299e-05 -2.61161e-17 -0.000619257  1.51688e-16   0.00729501 -3.20426e-16   -0.0254156  2.01859e-16    0.0393318  2.24327e-16   -0.0212983 -4.59834e-16   -0.0100266   2.9786e-16   0.00961341  3.59789e-17   0.00573102  -2.0238e-16   -0.0018396  5.14934e-17  -0.00293887  5.09968e-17 -0.000935599  2.21457e-17  0.000409914  8.26719e-20  0.000563737 -3.14079e-17  0.000270431 -1.25027e-17   3.7939e-05  8.35358e-18 -4.27877e-05  8.41512e-18 -4.13996e-05  1.38082e-18 -2.14085e-05 -1.74923e-18 -7.27781e-06  -1.1138e-18 -1.19588e-06 -9.42622e-20  4.47795e-07   1.1261e-19  5.20811e-07 -1.54473e-20  2.94873e-07 -3.63809e-20  1.26677e-07  1.77721e-20  4.52281e-08  3.24712e-20  1.37932e-08  1.34435e-20  3.58233e-09 -4.63772e-22  7.59999e-10 -2.42738e-21  1.11427e-10 -1.03433e-21  -6.9606e-13 -4.02309e-22 -8.37195e-12 -2.80504e-22 -4.04433e-12 -1.58484e-22 -1.39111e-12 -4.31315e-23 -4.02251e-13  6.39997e-24 -1.03124e-13  1.16196e-23 -2.40081e-14  5.60714e-24 -5.14055e-15  1.41555e-24 -1.01976e-15  5.14606e-28 -1.88235e-16 -1.76195e-25 -3.24099e-17 -7.61403e-26 -5.21109e-18 -3.04892e-27 -7.82573e-19  1.58996e-26 -1.09696e-19  1.17229e-26 -1.43335e-20  5.08504e-27 -1.74243e-21  1.50735e-27 -1.96551e-22  2.75835e-28 -2.05077e-23  1.29404e-30 -1.97149e-24 -2.11648e-29 -1.73823e-25 -9.32366e-30 -1.39793e-26 -2.54349e-30  -1.0189e-27 -4.98022e-31  -6.6793e-29 -7.08903e-32  -3.9022e-30 -6.96589e-33 -2.00921e-31 -3.91638e-34 -8.99122e-33 -2.16001e-37 -3.43392e-34  1.69497e-36 -1.09182e-35  9.01629e-38 -2.79103e-37 -9.37311e-40  -5.4749e-39 -5.66973e-41  -7.8533e-41  1.66894e-41 -8.08188e-43  7.37057e-43 -4.93566e-45
 4.19359e-05 -2.32978e-19  -0.00047631 -4.06827e-17  0.000772525  2.24166e-16   0.00540244 -4.14821e-16   -0.0247996  2.24327e-16    0.0383722  2.12718e-16   -0.0163366 -3.92945e-16    -0.014295  2.72952e-16   0.00741326  1.94476e-17   0.00785026 -1.91915e-16 -0.000102468   1.8352e-17  -0.00308275  5.75769e-17   -0.0017256  4.83543e-17 -3.76928e-05  1.28975e-18  0.000533033  -3.7502e-17  0.000394941 -1.76969e-17  0.000141689  7.26338e-18  2.27838e-06  9.76668e-18 -3.33908e-05  2.48419e-18 -2.60846e-05 -1.43526e-18 -1.27119e-05 -1.14996e-18 -4.40448e-06 -1.93376e-19 -9.41182e-07  8.69822e-21  5.50381e-08 -8.35145e-20  1.81592e-07 -5.11216e-20  1.15373e-07  2.91548e-20  5.25084e-08   4.3704e-20  1.98119e-08  1.87752e-20  6.50949e-09  1.62431e-21  1.90265e-09 -1.74066e-21  4.99123e-10 -1.07304e-21  1.17572e-10 -6.76924e-22  2.46575e-11 -4.93615e-22   4.4953e-12 -2.56116e-22  6.68409e-13 -7.25793e-23  6.36308e-14   1.8473e-24 -3.85788e-15  1.25094e-23 -4.01946e-15  6.42949e-24 -1.32687e-15  1.60618e-24 -3.29014e-16 -4.74064e-26 -6.93242e-17 -2.21098e-25 -1.29462e-17  -7.8655e-26 -2.18329e-18  1.09321e-26 -3.35562e-19  2.73448e-26 -4.72083e-20  1.71265e-26  -6.0885e-21  6.85798e-27 -7.19577e-22   1.9113e-27 -7.77852e-23  3.26092e-28 -7.66605e-24 -3.24753e-30 -6.85681e-25  -2.5193e-29 -5.53251e-26  -1.0311e-29  -3.9953e-27 -2.64964e-30 -2.55582e-28 -4.91542e-31 -1.42846e-29 -6.71184e-32 -6.84173e-31 -6.56849e-33 -2.72684e-32 -4.27731e-34  -8.5877e-34 -1.57561e-35 -1.89342e-35 -3.01568e-37 -1.62458e-37 -2.93596e-38  6.86046e-39  -2.8272e-39  3.20614e-40 -9.78075e-42  5.21133e-42  7.26991e-42  5.20186e-45  1.25545e-43
 1.47787e-18  0.000137646 -9.10905e-18  -0.00124705 -4.56568e-17   0.00340823  2.83533e-16   0.00108466 -4.67227e-16   -0.0212983  2.12718e-16    0.0353964  1.64842e-16   -0.0112866 -2.83741e-16   -0.0169669  2.55433e-16   0.00434798 -4.07021e-19   0.00904136 -1.86695e-16   0.00193062 -1.95113e-17   -0.0026327  6.33837e-17  -0.00233285  7.27494e-17  -0.00062369  6.12016e-18  0.000332125 -4.15456e-17   0.00044125 -2.28463e-17  0.000241014  5.29619e-18  6.79596e-05  1.04046e-17 -7.32213e-06   3.5178e-18 -2.14179e-05 -8.76365e-19 -1.49081e-05  -9.9653e-19 -7.07385e-06 -2.60821e-19 -2.55278e-06 -1.33581e-19 -6.75882e-07 -1.80057e-19 -8.92493e-08 -7.58543e-20  3.20769e-08  3.71822e-20  3.19787e-08   5.4089e-20  1.64063e-08  2.50979e-20  6.58739e-09  5.09991e-21  2.27173e-09 -2.74039e-22  6.98467e-10 -8.96279e-22  1.95159e-10 -9.53096e-22  5.01159e-11 -7.40402e-22  1.19142e-11 -3.76334e-22  2.63536e-12 -1.13453e-22  5.44386e-13 -7.90489e-24   1.0533e-13  1.11238e-23  1.91375e-14  6.27005e-24  3.27331e-15  1.40538e-24  5.28411e-16 -2.15376e-25  8.07324e-17  -2.7968e-25  1.17086e-17 -6.93491e-26  1.61664e-18  3.41175e-26  2.13022e-19  4.22556e-26  2.68226e-20  2.32181e-26  3.22566e-21  8.60648e-27  3.69471e-22  2.24546e-27   4.0105e-23  3.51903e-28  4.09672e-24 -1.07256e-29  3.90533e-25 -2.81159e-29  3.44226e-26 -1.05946e-29  2.77791e-27   -2.553e-30  2.03117e-28 -4.47511e-31  1.33052e-29 -5.84568e-32  7.70937e-31 -5.64458e-33  3.89287e-32 -3.96384e-34  1.68224e-33 -2.08778e-35  6.07916e-35 -1.02937e-36  1.78027e-36 -5.81326e-38  4.02387e-38 -2.27121e-39  6.40038e-40 -6.06542e-43  5.72575e-42  1.96739e-42  1.16635e-44
 1.03065e-07   7.0661e-18  0.000211082 -3.28061e-17    -0.002084 -3.37451e-17   0.00660083  3.15278e-16  -0.00454411 -4.59834e-16   -0.0163366  1.64842e-16    0.0318094  8.81244e-17  -0.00695984 -1.58369e-16   -0.0182012  2.52613e-16   0.00102418 -1.22485e-17    0.0092546 -1.90467e-16   0.00390158 -5.92146e-17  -0.00166703  6.66285e-17  -0.00260995  9.32397e-17  -0.00122102  1.34341e-17 -1.45758e-05 -4.30003e-17  0.000376708 -2.71552e-17  0.000300392  2.74575e-18  0.000135628  1.02613e-17  3.20062e-05  4.34924e-18 -6.24174e-06 -1.14158e-19 -1.16683e-05 -6.42841e-19 -7.66844e-06 -2.78362e-19 -3.61598e-06 -2.97552e-19 -1.36229e-06 -2.97362e-19 -4.16293e-07  -1.1163e-19 -9.73848e-08  3.85599e-20 -1.24075e-08  6.19392e-20  3.01215e-09   3.2097e-20  3.02454e-09  1.00023e-20  1.44799e-09  2.03216e-21  5.40223e-10  -4.4123e-22  1.73535e-10 -1.17961e-21  4.98932e-11 -9.93189e-22   1.3092e-11 -5.08954e-22  3.17094e-12 -1.63562e-22  7.13994e-13 -2.31994e-23  1.50167e-13  6.76782e-24  2.95944e-14  4.69463e-24  5.47641e-15  6.47001e-25  9.52718e-16 -5.35656e-25  1.55894e-16 -3.47904e-25  2.39898e-17 -4.42495e-26  3.46913e-18  6.64203e-26   4.7078e-19  5.94826e-26   5.9836e-20  2.92676e-26  7.10452e-21  1.00591e-26  7.85503e-22  2.44475e-27  8.05626e-23  3.45663e-28  7.63005e-24  -2.0203e-29    6.638e-25 -2.94142e-29  5.27218e-26 -1.01392e-29  3.79545e-27 -2.28265e-30   2.4556e-28 -3.77089e-31  1.41328e-29 -4.69728e-32  7.14512e-31 -4.43306e-33  3.12333e-32 -3.20632e-34  1.15646e-33 -1.88326e-35  3.52787e-35 -1.00014e-36  8.51868e-37 -4.61811e-38  1.52369e-38 -1.24624e-39  1.76019e-40 -1.02554e-42  8.79956e-43  2.65607e-43
 3.67587e-20  4.48671e-05  1.99017e-17  5.56629e-05 -7.34895e-17  -0.00238064 -7.38696e-18   0.00921741  3.16935e-16   -0.0100266 -3.92945e-16   -0.0112866  8.81244e-17    0.0285316 -3.79862e-18   -0.0035868 -4.19504e-17   -0.0183893  2.65352e-16  -0.00213955 -1.00087e-17   0.00862847 -2.01337e-16   0.00554459 -9.74324e-17 -0.000352446  6.59943e-17  -0.00249192  1.08176e-16  -0.00170161  2.15672e-17 -0.000442188 -4.19566e-17  0.000199072 -3.00885e-17  0.000292779 -4.07702e-20  0.000182624  9.40113e-18  7.34005e-05  4.92098e-18  1.62255e-05  8.04423e-19 -2.85098e-06 -1.07297e-19 -5.32356e-06 -2.36489e-19  -3.4613e-06 -4.62231e-19 -1.64345e-06 -4.23646e-19 -6.41072e-07 -1.57621e-19 -2.13215e-07  3.11042e-20 -6.08415e-08  6.61104e-20 -1.45719e-08  3.94486e-20 -2.68825e-09  1.61877e-20 -2.40517e-10  5.12631e-21  8.15571e-11  3.22747e-22  5.82443e-11 -1.30624e-21  2.29429e-11 -1.21873e-21  7.20953e-12 -6.39126e-22   1.9676e-12 -2.18192e-22   4.8237e-13 -4.32962e-23  1.08019e-13 -8.06534e-25  2.23011e-14  1.48093e-24  4.26782e-15 -7.28337e-25  7.59411e-16 -9.96443e-25   1.2584e-16 -4.11166e-25  1.94278e-17 -2.27933e-28  2.79325e-18  1.05831e-25  3.73575e-19  7.70441e-26  4.63909e-20  3.43754e-26  5.33591e-21  1.09567e-26  5.66707e-22  2.46616e-27  5.53663e-23  3.07272e-28  4.95344e-24 -2.98642e-29  4.03654e-25 -2.88366e-29  2.97698e-26 -9.05412e-30  1.97188e-27  -1.8984e-30   1.1622e-28 -2.94779e-31  6.02514e-30 -3.48863e-32  2.70756e-31 -3.18661e-33  1.03456e-32  -2.2958e-34    3.274e-34 -1.36532e-35  8.26042e-36 -6.88989e-37  1.56178e-37 -2.62887e-38  1.94876e-39  -5.2639e-40  1.05419e-41 -1.24203e-42 -3.58891e-44
-1.06409e-05  6.50106e-19  0.000177931  4.03875e-17  -0.00052571 -1.24054e-16   -0.0015992  2.12146e-17    0.0103218   2.9786e-16    -0.014295 -2.83741e-16  -0.00695984 -3.79862e-18    0.0259159 -9.63793e-17  -0.00105384  4.88994e-17   -0.0179177  2.89786e-16  -0.00492691  5.82978e-18    0.0073757 -2.14269e-16   0.00670822 -1.30557e-16    0.0011163  6.13872e-17  -0.00199249  1.16615e-16   -0.0019665  2.87947e-17 -0.000865279  -3.9031e-17 -6.33269e-05 -3.15177e-17  0.000208763 -2.80702e-18  0.000190215  7.96474e-18  0.000103085  5.24814e-18  3.92111e-05  1.83287e-18  9.25071e-06  5.68986e-19 -3.96084e-07 -1.34383e-19 -1.90213e-06 -6.06636e-19 -1.30657e-06 -5.45986e-19 -6.34595e-07 -2.11347e-19 -2.54266e-07  1.44125e-20 -8.84872e-08   6.6389e-20 -2.73638e-08  4.69413e-20 -7.59774e-09  2.33767e-20 -1.89922e-09  8.86099e-21 -4.25499e-10  1.38964e-21 -8.41753e-11  -1.2921e-21 -1.41676e-11  -1.3836e-21  -1.8201e-12 -7.49825e-22 -9.34184e-14 -2.70962e-22  3.96249e-14 -6.64826e-23   1.8303e-14 -1.12829e-23   5.1281e-15 -3.27109e-24  1.16059e-15 -2.62409e-24  2.28014e-16 -1.53235e-24  4.00065e-17  -4.4621e-25  6.35231e-18  6.34978e-26  9.18592e-19  1.48395e-25   1.2129e-19  9.24658e-26  1.46256e-20  3.76856e-26    1.608e-21   1.1127e-26  1.60677e-22  2.30312e-27   1.4523e-23  2.44454e-28  1.17965e-24 -3.76075e-29  8.53509e-26 -2.64816e-29  5.43437e-27 -7.55373e-30  2.99208e-28 -1.47098e-30  1.38577e-29 -2.14087e-31  5.13063e-31 -2.39665e-32  1.33777e-32 -2.09728e-33  1.20033e-34 -1.46542e-34 -9.57311e-36 -8.36315e-36 -6.22184e-37 -3.80024e-37 -2.07033e-38 -1.18036e-38  -4.3408e-40 -1.75874e-40 -5.19762e-42 -5.76774e-43
-2.95846e-18 -2.17457e-05  2.97068e-18  0.000369714  6.44448e-17  -0.00150172 -1.70504e-16  0.000346905  3.79339e-17   0.00961341  2.72952e-16   -0.0169669 -1.58369e-16   -0.0035868 -9.63793e-17    0.0239505 -1.78643e-16  0.000859124  1.08558e-16   -0.0170698  3.19624e-16  -0.00726498  3.01754e-17    0.0057075  -2.2395e-16   0.00733735 -1.55227e-16   0.00255841  5.40375e-17  -0.00118372   1.1857e-16  -0.00196125  3.38076e-17  -0.00119919 -3.51095e-17 -0.000359932 -3.17115e-17   5.9656e-05 -5.46738e-18  0.000150111  6.11186e-18  0.000109658   5.3887e-18  5.48234e-05  2.92058e-18  2.06649e-05  1.32889e-18  5.56593e-06  2.05097e-20  6.14584e-07 -7.14464e-19 -4.17699e-07  -6.5349e-19 -3.73181e-07 -2.69242e-19 -1.93929e-07  -9.9453e-21 -8.02836e-08   6.3594e-20 -2.86884e-08  5.45417e-20 -9.15344e-09  3.12208e-20 -2.65482e-09  1.30266e-20 -7.07522e-10  2.72081e-21 -1.74496e-10 -1.11133e-21 -4.00261e-11 -1.45971e-21 -8.57136e-12 -8.25153e-22 -1.71879e-12 -3.15231e-22 -3.23605e-13 -9.04414e-23 -5.73474e-14 -2.37865e-23 -9.58981e-15 -9.10408e-24 -1.51713e-15 -4.78469e-24 -2.27646e-16 -2.03563e-24 -3.24736e-17 -4.28467e-25 -4.41119e-18  1.43725e-25 -5.70902e-19  1.88698e-25 -7.03187e-20  1.03323e-25 -8.21838e-21  3.86138e-26 -9.06979e-22  1.05366e-26 -9.39062e-23  1.98807e-27 -9.05204e-24  1.70157e-28 -8.05475e-25 -4.17826e-29 -6.55581e-26 -2.27712e-29 -4.83283e-27 -5.89226e-30 -3.19253e-28 -1.06296e-30 -1.86745e-29 -1.44549e-31 -9.54052e-31 -1.52285e-32 -4.18759e-32 -1.26294e-33 -1.54702e-33 -8.36294e-35 -4.68154e-35 -4.41242e-36 -1.11711e-36 -1.74004e-37 -1.98266e-38 -4.28054e-39 -2.34547e-40 -4.55794e-41  -1.2797e-42
-4.23154e-06 -9.70156e-18  4.65965e-06  8.03665e-18  0.000465869  8.49536e-17  -0.00253207 -2.00088e-16   0.00302321  3.59789e-17   0.00741326  2.55433e-16   -0.0182012 -4.19504e-17  -0.00105384 -1.78643e-16    0.0224882 -2.45047e-16   0.00234943  1.40231e-16   -0.0160215  3.47972e-16   -0.0091588  5.62743e-17   0.00380001 -2.26678e-16   0.00744248 -1.68943e-16     0.003828   4.6054e-17 -0.000171752  1.15074e-16  -0.00167856   3.6054e-17   -0.0013772 -3.10409e-17 -0.000630816 -3.11926e-17 -0.000125508 -8.08745e-18  6.74531e-05  3.98928e-18   8.8243e-05  5.40828e-18  5.70411e-05  4.00653e-18  2.72932e-05  2.10593e-18  1.04371e-05  2.12737e-19  3.18029e-06 -7.78069e-19  6.95192e-07 -7.39709e-19  4.39422e-08 -3.27315e-19 -5.59948e-08 -3.87214e-20  -3.9732e-08  5.93829e-20 -1.81151e-08  6.23802e-20 -6.74651e-09  3.93623e-20 -2.19712e-09  1.73892e-20 -6.44627e-10  4.25363e-21  -1.7314e-10 -7.56224e-22 -4.29858e-11 -1.42926e-21 -9.92705e-12 -8.53712e-22 -2.14154e-12 -3.45638e-22 -4.32808e-13 -1.12735e-22 -8.20999e-14 -3.70063e-23 -1.46334e-14 -1.52636e-23 -2.45175e-15 -6.84646e-24 -3.86051e-16 -2.38629e-24  -5.7082e-17 -3.42136e-25 -7.91466e-18   2.3244e-25 -1.02703e-18   2.2086e-25 -1.24406e-19  1.07835e-25 -1.40223e-20  3.70096e-26 -1.46512e-21  9.30085e-27 -1.41271e-22  1.58173e-27 -1.25054e-23  9.82658e-29 -1.01011e-24 -4.17275e-29 -7.39245e-26 -1.83274e-29  -4.8611e-27 -4.29885e-30 -2.84386e-28 -7.16614e-31 -1.46261e-29 -9.07294e-32 -6.51709e-31 -8.94155e-33 -2.47039e-32 -6.94648e-34 -7.78155e-34 -4.26704e-35 -1.97349e-35 -2.01804e-36 -3.85011e-37  -6.6743e-38 -5.35808e-39  -1.2453e-39 -4.45294e-41 -8.18058e-42
 3.28148e-18 -2.06131e-05 -2.08859e-17  0.000122228  1.56982e-17  0.000256533  9.53922e-17   -0.0031271 -2.08749e-16   0.00573102  1.94476e-17   0.00434798  2.52613e-16   -0.0183893  4.88994e-17  0.000859124 -2.45047e-16    0.0213801 -2.94567e-16   0.00355647  1.51483e-16   -0.0148731  3.68478e-16   -0.0106463  7.79559e-17   0.00178767 -2.21043e-16    0.0070723 -1.70565e-16   0.00481996  3.97274e-17  0.000924007  1.07979e-16   -0.0011526  3.58357e-17  -0.00136127 -2.73943e-17 -0.000820226 -3.05268e-17 -0.000307506 -1.07837e-17 -4.04011e-05  1.73333e-18  4.23758e-05   5.3587e-18  4.40265e-05  5.02004e-18  2.65572e-05  2.83186e-18  1.24135e-05   4.1968e-19  4.83006e-06 -8.00338e-19  1.59741e-06 -8.03466e-19  4.45112e-07 -3.81603e-19  9.88682e-08 -6.76105e-20  1.37441e-08  5.58555e-20 -1.31898e-09  7.06724e-20 -1.89727e-09  4.74706e-20 -9.00726e-10  2.17199e-20 -3.21928e-10     5.91e-21 -9.80045e-11 -2.38983e-22 -2.65541e-11 -1.28861e-21   -6.538e-12 -8.31273e-22  -1.4795e-12 -3.59295e-22 -3.09763e-13  -1.3124e-22 -6.02443e-14 -4.94031e-23 -1.09082e-14  -2.0846e-23 -1.84073e-15 -8.42964e-24 -2.89526e-16 -2.49032e-24   -4.242e-17 -1.88424e-25 -5.78202e-18  3.17646e-25 -7.31797e-19  2.39866e-25 -8.57867e-20  1.05325e-25 -9.28581e-21  3.31935e-26 -9.24617e-22  7.64706e-27 -8.43149e-23  1.15432e-27 -7.00399e-24  3.95358e-29 -5.26693e-25 -3.78834e-29 -3.55871e-26 -1.38008e-29 -2.14118e-27 -2.93323e-30 -1.13483e-28 -4.50644e-31 -5.22839e-30 -5.29019e-32 -2.06016e-31 -4.84305e-33 -6.80429e-33 -3.48026e-34 -1.83707e-34 -1.94174e-35  -3.9275e-36 -7.99128e-37 -6.36351e-38 -2.13171e-38 -7.17665e-40 -2.79384e-40 -3.97358e-42
 6.00539e-07   8.9941e-18 -4.49415e-05 -3.40776e-17  0.000337125  2.44155e-17 -0.000367121  9.26468e-17  -0.00291951  -2.0238e-16   0.00785026 -4.07021e-19   0.00102418  2.65352e-16   -0.0179177  1.08558e-16   0.00234943 -2.94567e-16    0.0205187 -3.28286e-16   0.00457015  1.50087e-16   -0.0136787  3.76001e-16   -0.0117744  9.06837e-17 -0.000231489 -2.07788e-16   0.00629426 -1.60572e-16   0.00546757  3.68626e-17   0.00198624  9.95397e-17 -0.000449102  3.41331e-17  -0.00114641 -2.43612e-17 -0.000887983  -3.0126e-17 -0.000446613 -1.35992e-17 -0.000148654 -5.07126e-19 -1.69568e-05  5.27661e-18  1.88695e-05  5.89158e-18  1.84222e-05  3.44586e-18  1.07647e-05   6.1403e-19  4.96971e-06 -7.93479e-19  1.95255e-06 -8.47789e-19  6.72924e-07 -4.28294e-19  2.06146e-07 -9.19756e-20  5.63188e-08  5.50976e-20  1.36373e-08  7.96088e-20  2.86634e-09  5.52521e-20  4.94073e-10  2.58114e-20   5.6871e-11  7.60143e-21 -2.00651e-12  4.07512e-22 -3.75435e-12 -1.05018e-21 -1.44788e-12 -7.61969e-22 -4.09094e-13 -3.56271e-22 -9.74752e-14 -1.44421e-22 -2.05176e-14  -5.9465e-23 -3.89452e-15 -2.49978e-23 -6.73512e-16 -9.24135e-24 -1.06679e-16 -2.31098e-24 -1.55124e-17  1.21461e-26 -2.07178e-18  3.85973e-25 -2.53902e-19  2.42832e-25 -2.84928e-20  9.63828e-26 -2.91858e-21  2.78565e-26 -2.71716e-22  5.84759e-27 -2.28652e-23  7.66341e-28 -1.72709e-24 -6.99166e-31 -1.16062e-25 -3.14952e-29  -6.8605e-27  -9.7182e-30 -3.51428e-28 -1.87101e-30 -1.52896e-29 -2.64157e-31 -5.49378e-31  -2.8614e-32  -1.5662e-32 -2.41359e-33 -3.34871e-34 -1.58207e-34 -5.10036e-36 -7.84147e-36 -6.68694e-38 -2.71934e-37  -1.5027e-39 -5.54907e-39 -3.21817e-41 -4.26168e-41
 -1.5689e-18 -4.68324e-06  1.62298e-17 -4.42539e-05 -4.45608e-17  0.000558105  3.23943e-17   -0.0013032  7.72001e-17   -0.0018396 -1.91915e-16   0.00904136 -1.22485e-17  -0.00213955  2.89786e-16   -0.0170698  1.40231e-16   0.00355647 -3.28286e-16     0.019836 -3.47131e-16   0.00544827  1.41772e-16   -0.0124672  3.67109e-16   -0.0125878  9.17641e-17  -0.00218738 -1.89254e-16   0.00518274 -1.41036e-16   0.00573697  3.83225e-17   0.00290988  9.18872e-17  0.000345938  3.22198e-17 -0.000759551 -2.18168e-17 -0.000817026 -3.01336e-17 -0.000512011 -1.64197e-17 -0.000231848 -2.55155e-18 -7.46868e-05  5.19527e-18 -1.14727e-05  6.56883e-18  5.38415e-06  3.90311e-18  6.10168e-06  7.68082e-19  3.61376e-06 -7.74847e-19  1.66743e-06 -8.77377e-19  6.56819e-07 -4.63563e-19  2.29268e-07  -1.0751e-19  7.22979e-08  5.87767e-20  2.08325e-08  8.92461e-20  5.52535e-09  6.24375e-20  1.35554e-09  2.94791e-20  3.08674e-10  9.23034e-21  6.54083e-11  1.13031e-21  1.29244e-11 -7.41794e-22  2.38604e-12 -6.57542e-22  4.12461e-13 -3.39225e-22  6.69508e-14 -1.51406e-22  1.02445e-14 -6.59651e-23  1.48554e-15  -2.7112e-23  2.05509e-16 -9.15406e-24  2.73201e-17 -1.88065e-24  3.51179e-18  2.24819e-25  4.37711e-19  4.26269e-25   5.2774e-20  2.29757e-25  6.10743e-21  8.26772e-26   6.7064e-22  2.18628e-26  6.89617e-23   4.1488e-27  6.55458e-24  4.55948e-28    5.688e-25 -2.25515e-29  4.45435e-26 -2.40963e-29  3.11135e-27 -6.39573e-30  1.91416e-28 -1.11482e-30  1.02202e-29 -1.44161e-31  4.64827e-31 -1.43273e-32  1.75574e-32 -1.10289e-33  5.30745e-34  -6.4909e-35  1.21025e-35  -2.7882e-36  1.86872e-37 -7.83283e-38  1.52104e-39 -1.12094e-39  2.10028e-42
 1.32713e-06 -3.56343e-18 -2.40725e-05  2.22329e-17   3.1694e-05  -4.7692e-17  0.000622432  3.89655e-17  -0.00226911  5.14934e-17 -0.000102468 -1.86695e-16    0.0092546 -1.00087e-17  -0.00492691  3.19624e-16   -0.0160215  1.51483e-16   0.00457015 -3.47131e-16    0.0192902 -3.50854e-16   0.00622978  1.29914e-16   -0.0112525  3.40508e-16   -0.0131254  8.02433e-17  -0.00402984 -1.68674e-16   0.00381284 -1.15284e-16   0.00562141  4.38715e-17   0.00360847  8.65451e-17   0.00113756  3.12057e-17 -0.000254107 -1.94882e-17 -0.000616249 -3.04222e-17 -0.000488825 -1.89674e-17 -0.000270683  -4.1924e-18 -0.000116258  5.15545e-18 -3.85788e-05  7.02894e-18 -8.52518e-06  4.18024e-18  6.74465e-08   8.5888e-19  1.33489e-06 -7.61152e-19  9.09418e-07  -8.9565e-19  4.34785e-07 -4.83393e-19  1.72816e-07  -1.1078e-19  6.03745e-08  6.78483e-20  1.90283e-08  9.94217e-20  5.49014e-09  6.87581e-20  1.46352e-09  3.25532e-20  3.62698e-10  1.06899e-20   8.3931e-11  1.85986e-21   1.8193e-11 -4.02742e-22  3.70236e-12 -5.34695e-22  7.08465e-13 -3.12355e-22  1.27594e-13 -1.51934e-22  2.16356e-14 -6.81781e-23  3.45331e-15 -2.69626e-23  5.18415e-16  -8.2331e-24  7.30936e-17 -1.28924e-24  9.65956e-18  4.11063e-25  1.19332e-18  4.32774e-25  1.37353e-19  2.03475e-25   1.4672e-20  6.64809e-26  1.44775e-21  1.60302e-26  1.31253e-22  2.72068e-27  1.08652e-23  2.35887e-28  8.15333e-25 -2.98966e-29  5.49941e-26 -1.70227e-29  3.30047e-27 -3.93097e-30  1.74067e-28 -6.19785e-31   7.9415e-30 -7.31201e-32  3.06963e-31 -6.62217e-33  9.76357e-33     -4.6e-34  2.44589e-34  -2.3866e-35  4.48707e-36 -8.62585e-37  5.23518e-38 -1.85833e-38  2.69214e-40 -1.53755e-40
 2.06609e-19  2.44429e-06 -5.40983e-18 -5.55076e-05  2.43969e-17  0.000206567 -4.11587e-17  0.000390207  4.48263e-17  -0.00293887   1.8352e-17   0.00193062 -1.90467e-16   0.00862847  5.82978e-18  -0.00726498  3.47972e-16   -0.0148731  1.50087e-16   0.00544827 -3.50854e-16    0.0188552 -3.38356e-16   0.00694271  1.16331e-16   -0.0100401  2.97303e-16   -0.0134188  5.67849e-17  -0.00572206 -1.49395e-16   0.00225775 -8.72734e-17   0.00513644  5.23215e-17   0.00401834  8.41213e-17   0.00183257   3.1664e-17   0.00029859 -1.71448e-17 -0.000318492 -3.06842e-17 -0.000381325 -2.08725e-17 -0.000256975 -5.22766e-18  -0.00013191  5.20517e-18 -5.53646e-05  7.28021e-18 -1.92532e-05  4.27535e-18 -5.36679e-06  8.72711e-19 -1.02279e-06 -7.63062e-19  3.03836e-09 -9.02577e-19  1.20278e-07 -4.83715e-19  7.31852e-08 -9.96587e-20  3.13399e-08  8.23788e-20  1.12014e-08  1.09704e-19  3.53004e-09  7.39229e-20  1.00581e-09  3.48703e-20  2.62668e-10  1.18671e-20  6.33881e-11  2.51771e-21  1.42085e-11 -7.68496e-23  2.96783e-12 -4.11202e-22    5.788e-13 -2.80094e-22  1.05498e-13  -1.4626e-22  1.79755e-14 -6.60075e-23  2.86187e-15 -2.47394e-23  4.25312e-16 -6.70625e-24  5.89076e-17 -6.54808e-25  7.58803e-18  5.40054e-25  9.06635e-19  4.06602e-25  1.00159e-19  1.68803e-25  1.01917e-20  5.00911e-26  9.50932e-22  1.09626e-26  8.09283e-23  1.63915e-27  6.24299e-24  9.84686e-29   4.3332e-25 -2.80829e-29  2.68212e-26  -1.1129e-29  1.46439e-27 -2.25431e-30   6.9564e-29 -3.21018e-31  2.82409e-30 -3.43893e-32   9.5605e-32 -2.81507e-33  2.60355e-33 -1.74098e-34  5.38324e-35 -7.78929e-36  7.60077e-37 -2.27991e-37  5.73089e-39 -3.44185e-39  7.86985e-42
 6.28062e-07  1.59325e-19 -2.38118e-06   -6.597e-18 -7.39662e-05  2.18526e-17  0.000437398 -2.55657e-17 -0.000165371  5.09968e-17  -0.00308275 -1.95113e-17   0.00390158 -2.01337e-16    0.0073757  3.01754e-17   -0.0091588  3.68478e-16   -0.0136787  1.41772e-16   0.00622978 -3.38356e-16    0.0185139 -3.08789e-16   0.00760861  1.02245e-16  -0.00882995  2.40908e-16   -0.0134923  2.35343e-17  -0.00723539 -1.34142e-16  0.000588482 -6.08082e-17   0.00431672  6.19095e-17   0.00410147  8.42531e-17   0.00234949  3.34702e-17  0.000820129  -1.4726e-17  2.58827e-05 -3.05659e-17 -0.000211639  -2.1786e-17 -0.000195447 -5.50879e-18 -0.000119285  5.38667e-18 -5.82504e-05  7.35225e-18 -2.41224e-05  4.20337e-18 -8.66155e-06   8.0775e-19 -2.70783e-06 -7.81948e-19 -7.27103e-07 -8.94133e-19 -1.59803e-07 -4.61013e-19 -2.40853e-08 -7.36896e-20  3.42118e-10  1.01482e-19  2.05617e-09  1.19387e-19   1.0164e-09  7.76113e-20  3.59163e-10  3.62735e-20   1.0643e-10  1.26521e-20  2.78426e-11  3.02839e-21  6.58001e-12  1.96044e-22  1.42176e-12 -3.01916e-22  2.82766e-13  -2.4603e-22  5.19597e-14 -1.35084e-22  8.83842e-15 -5.99928e-23   1.3926e-15 -2.09752e-23  2.03174e-16 -4.89002e-24   2.7416e-17 -8.85761e-26  3.41523e-18  5.96683e-25  3.91745e-19  3.54989e-25  4.12423e-20  1.31223e-25  3.96913e-21   3.5337e-26  3.47499e-22  6.97513e-27  2.75154e-23  8.98243e-28  1.95659e-24  2.45778e-29  1.23878e-25 -2.20277e-29  6.90971e-27 -6.74283e-30  3.35027e-28 -1.20485e-30  1.38752e-29 -1.54609e-31  4.79041e-31 -1.49526e-32  1.32901e-32 -1.09545e-33  2.78073e-34 -5.93394e-35  3.82488e-36 -2.22688e-36   2.0608e-38  -4.9971e-38 -2.11483e-40 -4.33678e-40
 1.71869e-19  2.54206e-06 -2.35331e-19 -2.08455e-05 -7.46548e-18 -3.87849e-05  1.57874e-17  0.000618701 -3.43872e-18 -0.000935599  5.75769e-17   -0.0026327 -5.92146e-17   0.00554459 -2.14269e-16    0.0057075  5.62743e-17   -0.0106463  3.76001e-16   -0.0124672  1.29914e-16   0.00694271 -3.08789e-16    0.0182553 -2.62682e-16   0.00824514  8.88324e-17  -0.00761767   1.7651e-16   -0.0133629 -1.61393e-17  -0.00854515 -1.24448e-16  -0.00112509 -3.87912e-17   0.00321413  7.07762e-17   0.00384778  8.58108e-17   0.00262766  3.58907e-17    0.0012369 -1.23627e-17  0.000358709 -2.97878e-17 -1.43341e-05 -2.14835e-17 -0.000101954 -4.98301e-18 -8.36223e-05  5.71755e-18 -4.79684e-05  7.28035e-18 -2.25754e-05   3.9893e-18 -9.20094e-06  6.74404e-19 -3.33025e-06 -8.09666e-19 -1.08483e-06 -8.63571e-19 -3.20294e-07 -4.13335e-19 -8.59516e-08 -3.43257e-20 -2.09437e-08  1.23375e-19 -4.60851e-09  1.27544e-19 -9.04194e-10  7.94936e-20  -1.5388e-10  3.66273e-20  -2.1201e-11  1.29552e-20  -1.8161e-12   3.3335e-21  1.30081e-13  3.88045e-22  1.07801e-13 -2.15902e-22  3.19611e-14 -2.12387e-22  7.12104e-15 -1.19511e-22  1.33734e-15 -5.11837e-23  2.20068e-16 -1.63933e-23  3.22447e-17 -3.10112e-24  4.23324e-18  3.32822e-25  4.98333e-19  5.83516e-25  5.24193e-20  2.88788e-25  4.88853e-21  9.55794e-26  3.98554e-22  2.33108e-26  2.76944e-23  4.11401e-27  1.55582e-24  4.39734e-28  6.07402e-26 -7.55684e-30  3.97021e-28 -1.51947e-29 -1.87037e-28 -3.78881e-30 -2.01157e-29 -5.99274e-31 -1.33663e-30 -6.90731e-32 -6.58339e-32 -5.98811e-33 -2.48812e-33  -3.8789e-34 -7.15219e-35 -1.80323e-35 -1.49879e-36 -5.46936e-37 -2.05237e-38 -8.58901e-39 -1.23447e-40
