 8.71797e-37  1.00824e-52 -1.40311e-36     -6.1e-52 -6.94267e-37  4.08049e-52  9.54078e-37  5.72302e-52  -1.1126e-37 -1.04428e-51  9.97884e-37  -1.2166e-51 -7.56031e-37  1.51891e-52 -6.18398e-37  1.48179e-51  3.30345e-37  6.50749e-52  2.25537e-37 -4.06156e-52  -1.6595e-37 -1.48425e-52  7.09075e-38  2.12945e-53 -4.13469e-38  1.51999e-52  1.84856e-38  6.56557e-52 -1.87168e-39  2.12038e-51  8.39756e-39   3.2477e-51 -1.66602e-38  4.63888e-52  1.07458e-38 -1.09901e-50 -3.73953e-39 -1.41909e-50  6.71652e-40 -1.53442e-51  1.39742e-40 -6.93155e-50  3.27602e-41  5.26261e-50 -7.64931e-41  3.62798e-49  3.71932e-41  7.45683e-49 -2.62378e-41  2.26819e-48  5.93201e-42  4.43521e-48   3.1867e-42   3.7807e-48  -6.4954e-43  8.51061e-48 -4.41674e-43  8.65964e-48  2.48142e-43   8.5283e-48 -2.51125e-43  6.58874e-48  3.15462e-43  4.78501e-48 -1.63353e-43  5.77395e-48   4.6173e-44  3.62617e-48 -1.52644e-45  6.64484e-49 -6.24791e-45 -5.44495e-49  4.32913e-45 -1.05851e-50 -2.02263e-45 -1.93701e-49  3.99994e-46  5.42031e-49  7.88837e-47  2.80362e-50  3.89299e-48 -5.38059e-50  3.75802e-48 -1.55004e-50 -6.42223e-48 -1.77949e-50  2.67873e-48  1.26161e-52 -1.56016e-48 -2.12635e-51  1.68394e-49 -1.79241e-51  1.72461e-49 -3.34305e-52 -7.44364e-50  -5.7618e-53  2.11094e-50  2.42204e-52  3.24213e-52 -4.28336e-52  -7.3195e-51  6.38283e-52  1.34992e-50   -8.541e-52 -2.04902e-50  1.04653e-51  2.71283e-50 -1.15527e-51 -3.15763e-50  1.13931e-51  3.20842e-50 -9.89882e-52 -2.81064e-50  7.44998e-52  2.08577e-50 -4.74832e-52 -1.27894e-50  2.48404e-52  6.24704e-51 -1.01848e-52 -2.29517e-51  3.03509e-53  5.72913e-52 -5.67674e-54 -7.70629e-53  4.29816e-55
 1.00824e-52  3.51819e-36  4.96148e-52 -3.27322e-36 -2.21275e-51 -2.37101e-36  2.49009e-51  1.52104e-36  2.33031e-51  1.29154e-36 -4.05335e-51   2.0342e-36 -4.79458e-51 -1.52035e-36  8.98735e-53 -1.57539e-36  3.45372e-51  5.24803e-37  1.75232e-51   5.8846e-37 -4.90827e-52 -4.32592e-37 -6.94611e-53  2.23021e-37  4.16369e-52 -1.17519e-37  2.17802e-51  5.76277e-38  8.76246e-51 -1.33904e-38   2.5452e-50  2.87295e-38  3.54134e-50 -4.74305e-38  1.48437e-50  2.86651e-38 -1.15545e-49 -9.30498e-39 -1.24379e-49  1.20523e-39   6.1567e-50  6.05185e-40 -6.65276e-49  1.52473e-40  3.31045e-49 -3.35439e-40  3.40496e-48  1.57486e-40  6.85084e-48  -8.2462e-41  2.01496e-47  1.90629e-41  3.89085e-47  7.39081e-42  3.25571e-47 -5.47034e-43  7.12091e-47 -1.40135e-42  6.72126e-47  5.21311e-43  6.35188e-47 -7.82411e-43  4.69065e-47    1.132e-42  3.14755e-47 -5.73465e-43  3.66357e-47  1.48973e-43  2.30608e-47  1.51167e-45  3.44504e-48 -2.51221e-44 -4.10392e-48  1.66503e-44  1.11473e-49 -7.15488e-45  -1.6634e-48  1.35686e-45  2.87226e-48  3.51861e-46  1.38419e-49  -1.7684e-47 -2.72934e-49  4.12767e-47 -5.05346e-50 -3.36426e-47 -7.94245e-50  1.23677e-47  2.99915e-51 -6.13263e-48  -7.1547e-51  3.82019e-49 -8.92599e-51  8.11469e-49 -3.68984e-52 -3.03579e-49 -2.19378e-51  3.00889e-50  4.44072e-51  1.07422e-49 -7.05852e-51 -2.03697e-49  1.00561e-50  3.12626e-49 -1.29882e-50 -4.24672e-49  1.52224e-50  5.11955e-49 -1.60007e-50 -5.44351e-49  1.49142e-50  5.04692e-49 -1.21417e-50 -4.01621e-49  8.46703e-51  2.68455e-49 -4.92621e-51 -1.46196e-49  2.30316e-51  6.19668e-50 -8.16556e-52 -1.89625e-50  1.98258e-52  3.61739e-51 -2.61508e-53 -2.77364e-52
-1.40311e-36  4.96148e-52   7.8685e-36  1.07982e-51 -5.04273e-36  -4.6656e-51 -5.92291e-36  8.39321e-51  1.29969e-36  5.99566e-51  4.43097e-36 -8.97348e-51  3.28029e-36 -1.07066e-50  -1.5305e-36 -1.07711e-51 -3.18193e-36  4.86551e-51  6.33599e-37  3.07982e-51  1.07012e-36  6.53473e-53 -9.24242e-37  8.67333e-52  5.52427e-37  4.06638e-51 -2.77229e-37  2.01297e-50  1.38235e-37  7.96855e-50 -3.94576e-38  2.12674e-49  6.36109e-38  2.71316e-49 -9.37489e-38  2.01328e-49  5.28978e-38 -7.98782e-49  -1.5157e-38 -5.94577e-49  5.86613e-40  1.11149e-48  1.75067e-39 -3.97264e-48  4.99849e-40  1.49802e-48 -9.95728e-40  2.22939e-47  4.27077e-40  4.33943e-47 -1.81654e-40  1.22528e-46  4.28316e-41  2.32346e-46   1.1009e-41  1.89755e-46  2.69099e-42  4.06386e-46 -3.21632e-42     3.56e-46  3.61761e-43  3.25227e-46 -1.64341e-42   2.2716e-46  2.82586e-42  1.42181e-46 -1.40809e-42  1.59991e-46  3.43101e-43   1.0143e-46  1.91333e-44  1.22052e-47 -7.28312e-44 -2.03313e-47  4.68719e-44  1.23763e-48 -1.85033e-44 -8.68884e-48  3.53755e-45    1.052e-47  1.03963e-45  4.40765e-49 -1.38527e-46 -9.42433e-49  1.93099e-46 -9.77075e-50 -1.20635e-46  -2.4431e-49  4.14464e-47  9.45374e-51 -1.76416e-47  -9.5446e-51   3.9819e-49 -3.74025e-50  2.41585e-48  1.38351e-50 -4.12887e-49 -3.20168e-50 -9.03407e-49  5.45137e-50  1.97712e-48 -8.18124e-50  -3.1209e-48  1.11674e-49  4.37562e-48 -1.38237e-49  -5.4898e-48  1.54259e-49  6.12285e-48 -1.53449e-49 -6.00874e-48  1.34296e-49  5.11615e-48 -1.01662e-49 -3.70912e-48  6.50892e-50  2.23124e-48 -3.41673e-50 -1.07298e-48  1.40443e-50  3.89271e-49 -4.19318e-51 -9.61989e-50  7.85503e-52    1.284e-50 -5.95673e-53
    -6.1e-52 -3.27322e-36  1.07982e-51  1.34638e-35  5.35532e-52 -6.34092e-36 -6.58039e-51 -1.18121e-35  1.95218e-50 -3.72484e-37  1.18858e-50  8.55134e-36 -1.37574e-50  4.47887e-36 -1.72964e-50  2.35867e-37 -4.23558e-51  -5.5234e-36  4.32153e-51  8.25028e-37  4.02179e-51  1.64284e-36  1.59624e-51 -1.81556e-36  6.36205e-51  1.18814e-36  3.05639e-50  -5.8624e-37  1.45005e-49  2.79084e-37  5.76774e-49  -7.9783e-38  1.43458e-48  1.07095e-37   1.6993e-48 -1.48522e-37  1.87544e-48  7.78408e-38 -4.09778e-48 -1.78712e-38 -8.26316e-49 -2.57515e-39  1.09189e-47  3.91061e-39 -1.61108e-47  1.32516e-39  6.41511e-48 -2.30732e-39  1.17012e-46  8.66491e-40  2.18544e-46  -3.1579e-40  5.90488e-46  7.62253e-41  1.09287e-45  9.27315e-42  8.67142e-46  1.38997e-41  1.83023e-45 -5.99225e-42  1.48587e-45 -1.48908e-42  1.32313e-45 -2.54742e-42   8.6333e-46  5.67924e-42  5.08109e-46 -2.81249e-42  5.54356e-46  6.67417e-43  3.55705e-46  6.39257e-44  3.37466e-47 -1.74645e-43 -7.78331e-47  1.10711e-43  6.76423e-48 -4.02665e-44 -3.39122e-47  8.06141e-45  3.08095e-47  2.47346e-45  1.03676e-48 -5.45837e-46 -2.53773e-48  6.39404e-46 -1.07012e-49 -3.47431e-46 -5.85747e-49  1.14756e-46  -1.5306e-50   -4.301e-47   5.1898e-50   8.7877e-49 -1.85829e-49  2.70342e-48  1.90445e-49  5.99048e-48 -3.37391e-49    -1.44e-47  5.33451e-49  2.39284e-47 -7.64816e-49 -3.47829e-47  9.98094e-49  4.54905e-47 -1.17728e-48 -5.32483e-47  1.24422e-48  5.52588e-47 -1.16421e-48 -5.02093e-47  9.50247e-49  3.92923e-47 -6.63609e-49 -2.59042e-47  3.86282e-49  1.39487e-47 -1.80551e-49 -5.85875e-48  6.39617e-50  1.77999e-48 -1.55137e-50 -3.37697e-49  2.04426e-51  2.57909e-50
-6.94267e-37 -2.21275e-51 -5.04273e-36  5.35532e-52  2.09622e-35 -3.69182e-51 -7.40111e-36 -6.48418e-51 -1.94807e-35  3.47147e-50 -3.66618e-36  2.00057e-50  1.21324e-35 -1.51574e-50  4.96559e-36 -2.23085e-50  4.25822e-36 -9.72217e-51  -8.4589e-36  1.39751e-51  1.29669e-36  3.57782e-51  2.39048e-36  6.25803e-51 -3.28157e-36  4.26428e-50  2.23774e-36  1.96859e-49  -1.0924e-36  8.77024e-49  4.81375e-37  3.54219e-48 -1.22979e-37  8.28948e-48  1.44985e-37  9.28733e-48 -2.00704e-37  1.37529e-47  9.69225e-38 -1.57196e-47 -1.42804e-38  1.33627e-47 -9.12219e-39   7.8767e-47  7.20195e-39  -3.7386e-47  2.95923e-39  3.07818e-47 -4.42705e-39  5.19573e-46  1.38387e-39  9.26759e-46 -4.41308e-40  2.39795e-45  1.08868e-40  4.29956e-45 -6.07898e-42  3.30188e-45  4.06499e-41  6.90949e-45 -9.01343e-42  5.18105e-45 -7.54234e-42  4.54178e-45 -2.66242e-42   2.7273e-45  9.78223e-42  1.51985e-45  -4.8743e-42  1.61396e-45  1.19045e-42  1.05337e-45  1.43094e-43   7.5875e-47  -3.6544e-43 -2.46574e-46  2.30648e-43  2.64122e-47 -7.75052e-44 -1.07838e-46   1.6432e-44  7.66972e-47  5.23855e-45  1.80909e-48 -1.65022e-45 -5.59522e-48  1.72302e-45 -3.47363e-50 -8.58561e-46 -1.07895e-48  2.77964e-46 -3.54474e-49 -1.00105e-46  6.32759e-49  1.95568e-47 -1.21154e-48 -3.49183e-47  1.79516e-48  8.65289e-47 -2.94491e-48 -1.50574e-46  4.42691e-48   2.2818e-46 -6.06447e-48 -3.11328e-46  7.53775e-48  3.82277e-46 -8.42848e-48 -4.18884e-46  8.39176e-48  4.05037e-46 -7.34229e-48 -3.40638e-46  5.55119e-48   2.4445e-46 -3.54686e-48 -1.45834e-46  1.85689e-48  6.96665e-47 -7.60913e-49 -2.51444e-47  2.26444e-49  6.18973e-48 -4.22843e-50  -8.2389e-49  3.19752e-51
 4.08049e-52 -2.37101e-36  -4.6656e-51 -6.34092e-36 -3.69182e-51   3.1783e-35 -1.35292e-50  -8.7158e-36 -4.77151e-51 -2.72506e-35  5.02756e-50 -8.00061e-36  3.01636e-50  1.38487e-35 -1.07229e-50  4.00406e-36 -2.43836e-50  1.00801e-35 -1.78767e-50 -1.16303e-35 -2.53601e-51  2.02193e-36 -2.16592e-51  3.51516e-36  3.00741e-50 -5.39143e-36  2.75562e-49  3.70379e-36  1.11678e-48 -1.77285e-36   4.6176e-48  7.10132e-37  1.91017e-47  -1.4551e-37  4.23593e-47  1.60165e-37  4.59391e-47 -2.40378e-37  8.44338e-47  1.05439e-37 -3.96292e-47 -3.25964e-39  1.53973e-46  -1.8556e-38  4.60259e-46  1.13686e-38  4.47085e-47  5.68165e-39  1.60064e-46 -7.25607e-39  2.00629e-45  1.72789e-39  3.41151e-45 -4.68461e-40  8.49642e-45  1.14295e-40  1.46193e-44 -4.57253e-41  1.08312e-44  9.21035e-41  2.26069e-44 -9.46827e-42  1.55713e-44 -2.20651e-41  1.36031e-44 -4.28166e-43  7.38039e-45    1.498e-41  3.91818e-45 -7.59864e-42  4.07222e-45   2.0378e-42  2.71702e-45  2.53087e-43  1.38775e-46  -6.8771e-43 -6.70903e-46  4.34594e-43  8.19711e-47 -1.34656e-43 -2.93018e-46   2.9765e-44  1.68103e-46  1.04898e-44  1.85222e-48 -4.24047e-45 -1.02124e-47  4.02028e-45 -3.02624e-49 -1.89529e-45 -8.97816e-49  6.33803e-46 -2.92464e-48 -2.92438e-46  5.03863e-48  2.40372e-46 -8.81678e-48 -4.49966e-46  1.42615e-47  8.12081e-46 -2.23139e-47 -1.28221e-45  3.20095e-47  1.82638e-45 -4.17754e-47  -2.3504e-45  4.92511e-47  2.71455e-45 -5.19585e-47 -2.78555e-45  4.84853e-47  2.50731e-45 -3.94341e-47 -1.94701e-45  2.74228e-47  1.27563e-45 -1.58871e-47 -6.83562e-46  7.38822e-48  2.86067e-46 -2.60377e-48 -8.66844e-47  6.28317e-49  1.64161e-47 -8.24014e-50 -1.25236e-48
 9.54078e-37  2.49009e-51 -5.92291e-36 -6.58039e-51 -7.40111e-36 -1.35292e-50  4.66414e-35   -2.806e-50 -1.11171e-35 -4.11628e-51 -3.26345e-35  6.21055e-50 -1.24509e-35  4.16865e-50  1.33408e-35 -7.42838e-52  1.28617e-36  -2.4714e-50   1.6499e-35 -3.41661e-50 -1.45247e-35 -4.12425e-51  2.65579e-36 -3.84813e-50  5.22099e-36  1.59361e-49 -8.02923e-36  1.62249e-48  5.43495e-36  5.65296e-48 -2.50721e-36  2.16226e-47  8.90488e-37  9.24285e-47 -1.19875e-37  1.95231e-46   1.4074e-37  2.10083e-46 -2.62074e-37  4.49045e-46  1.01596e-37 -5.62006e-48  1.34379e-38  1.05309e-45 -2.87172e-38  2.28588e-45   1.5772e-38  1.03436e-45  9.53037e-39   7.9933e-46 -1.03279e-38  6.84594e-45  1.49936e-39  1.11024e-44 -2.66784e-40  2.68819e-44  4.38878e-41  4.38415e-44 -1.17006e-40  3.12516e-44  1.74525e-40  6.54787e-44 -4.22838e-43  4.10948e-44 -5.15475e-41  3.63363e-44  6.56044e-42  1.74045e-44  2.09058e-41  8.84974e-45 -1.08954e-41  9.07808e-45  3.40492e-42  6.22298e-45  3.89762e-43  1.96331e-46 -1.19175e-42 -1.60258e-45  7.53115e-43  2.12202e-46 -2.12879e-43 -7.01197e-46  4.72407e-44  3.32436e-46  2.03708e-44 -2.03655e-48 -9.63853e-45 -1.44905e-47  8.43588e-45 -4.50563e-48 -3.93521e-45  6.30827e-48  1.64472e-45 -2.05845e-47 -1.43064e-45  3.62338e-47  2.17124e-45  -6.2209e-47 -3.85601e-45  1.00007e-46  6.32826e-45 -1.49606e-46 -9.40282e-45  2.04465e-46  1.26689e-44 -2.53315e-46 -1.53922e-44  2.82131e-46  1.67157e-44 -2.79546e-46 -1.60425e-44  2.43237e-46  1.34096e-44 -1.82782e-46 -9.57707e-45  1.16026e-46  5.69335e-45 -6.03306e-47 -2.71326e-45  2.45517e-47  9.77843e-46 -7.25671e-48 -2.40513e-46  1.34626e-48  3.19987e-47 -1.01202e-49
 5.72302e-52  1.52104e-36  8.39321e-51 -1.18121e-35 -6.48418e-51  -8.7158e-36   -2.806e-50  6.51342e-35 -4.36708e-50 -1.59461e-35 -7.45711e-51 -3.30977e-35  6.78843e-50 -1.62797e-35  5.27556e-50  1.12577e-35  1.05658e-50 -2.80886e-36 -3.13657e-50  2.21326e-35 -9.46173e-50 -1.66052e-35 -5.96208e-52  2.71287e-36 -2.66101e-49   7.5472e-36  7.59113e-49 -1.08847e-35  8.59322e-48  7.15066e-36   2.5795e-47 -3.10067e-36  9.13825e-47  9.28181e-37  4.07398e-46  -2.9824e-38  8.22326e-46  8.57714e-38  8.98258e-46 -2.64317e-37  2.11339e-45  8.56304e-38    6.414e-46  3.15388e-38   5.6143e-45 -3.60902e-38   9.9274e-45  1.95274e-38  6.77672e-45  1.41657e-38  3.59107e-45 -1.28316e-38  2.08485e-44  2.36855e-40  3.23121e-44  3.09598e-40  7.72604e-44 -1.77535e-40  1.17515e-43 -2.10009e-40  8.04264e-44  2.81992e-40  1.70367e-43  3.19535e-41  9.63108e-44 -1.05207e-40  8.79287e-44  2.16539e-41  3.60917e-44  2.70585e-41  1.76571e-44 -1.45797e-41  1.81238e-44  5.52704e-42  1.28244e-44  5.93012e-43  1.70321e-46 -1.94778e-42 -3.40241e-45  1.21738e-42  4.69939e-46 -3.06909e-43 -1.50922e-45  6.42414e-44  6.05539e-46  3.82903e-44 -2.03621e-47 -1.98996e-44 -7.05686e-48  1.66701e-44 -3.57624e-47 -8.79009e-45  6.36956e-47  6.46456e-45 -1.36742e-46 -9.51633e-45  2.41564e-46  1.65434e-44  -4.0427e-46 -2.79012e-44  6.27813e-46   4.3179e-44 -8.95816e-46 -6.08165e-44  1.16305e-45  7.75719e-44 -1.36299e-45 -8.89095e-44  1.42841e-45   9.0653e-44 -1.32329e-45 -8.11805e-44  1.06794e-45   6.2799e-44  -7.3663e-46  -4.1042e-44  4.23188e-46  2.19658e-44 -1.95132e-46 -9.19062e-45  6.81896e-47  2.78612e-45 -1.63206e-47 -5.27919e-46  2.12402e-48  4.02854e-47
 -1.1126e-37  2.33031e-51  1.29969e-36  1.95218e-50 -1.94807e-35 -4.77151e-51 -1.11171e-35 -4.36708e-50  8.61087e-35 -5.66692e-50 -2.45691e-35 -1.54395e-50 -2.71363e-35  6.74696e-50  -1.9125e-35  5.90559e-50   8.6677e-36  1.23152e-50  -7.3427e-36 -7.90308e-50  2.59715e-35 -3.82026e-49 -1.74833e-35 -1.25017e-50  1.86965e-36   -1.625e-48  1.02692e-35  3.03042e-48 -1.35275e-35  4.11788e-47   8.5349e-36    1.071e-46 -3.34965e-36  3.52471e-46  7.48412e-37   1.6539e-45  1.15876e-37  3.19442e-45  5.34877e-39  3.60722e-45 -2.46817e-37  8.93005e-45  5.83775e-38  4.66601e-45  4.55167e-38  2.52625e-44 -3.66309e-38  3.84106e-44   2.1703e-38  3.20424e-44  1.88999e-38  1.43088e-44 -1.38054e-38  5.70084e-44 -2.43943e-39  8.46812e-44  1.38261e-39  2.04489e-43 -6.55709e-40  2.84047e-43 -2.73847e-40    1.864e-43  3.82849e-40  4.02471e-43  1.11738e-40  2.01614e-43 -1.95639e-40   1.9506e-43  4.92545e-41  6.59657e-44  3.28661e-41  3.11501e-44 -1.83887e-41  3.27559e-44  8.57106e-42  2.40155e-44  1.04542e-42 -8.51822e-47 -3.08119e-42 -6.44958e-45  1.86001e-42  9.01601e-46 -4.02556e-43 -2.96891e-45  7.10386e-44  1.04059e-45  6.91009e-44 -9.43154e-47 -3.91794e-44  7.91744e-47  3.48424e-44 -2.36129e-46 -2.75565e-44  4.43154e-46  3.67225e-44 -8.55308e-46 -6.44749e-44  1.48088e-45  1.11372e-43   -2.389e-45  -1.7886e-43  3.54922e-45  2.62849e-43 -4.81588e-45  -3.5118e-43  5.92112e-45  4.23614e-43 -6.54037e-45 -4.57263e-43  6.42366e-45  4.36766e-43 -5.53769e-45 -3.63893e-43  4.12132e-45  2.59468e-43 -2.59024e-45  -1.5425e-43  1.33334e-45  7.36154e-44 -5.37164e-46 -2.65916e-44  1.57206e-46  6.55601e-45   -2.889e-47 -8.73631e-46  2.15283e-48
-1.04428e-51  1.29154e-36  5.99566e-51 -3.72484e-37  3.47147e-50 -2.72506e-35 -4.11628e-51 -1.59461e-35 -5.66692e-50  1.07875e-34 -6.55842e-50 -3.75771e-35 -2.59002e-50 -1.50031e-35  6.16854e-50 -2.09491e-35  4.83941e-50  6.39246e-36 -2.62043e-50 -1.12398e-35 -3.14314e-49  2.76385e-35 -1.72016e-48 -1.70297e-35 -2.10533e-49  1.55024e-37 -9.11411e-48  1.29425e-35  9.64703e-48 -1.55432e-35  1.80275e-46  9.35146e-36  4.08211e-46 -3.11816e-36  1.25231e-45  3.34545e-37  6.23533e-45  2.79777e-37  1.15175e-44  -8.4038e-38  1.36136e-44 -2.08654e-37  3.42287e-44  2.06109e-38  2.30139e-44  5.03641e-38    9.954e-44 -2.68389e-38   1.3415e-43  2.14858e-38   1.2531e-43  2.29306e-38  5.08344e-44 -1.24734e-38  1.40383e-43 -6.66367e-39  2.00464e-43  3.00895e-39  5.04147e-43 -1.53255e-39  6.22484e-43 -1.86831e-40  3.91676e-43  4.05911e-40  8.70248e-43  2.76431e-40  3.77246e-43 -3.39383e-40  4.00396e-43  9.47652e-41   1.0568e-43  3.77239e-41  4.81665e-44 -2.20005e-41  5.41694e-44  1.24138e-41  4.12082e-44  2.23251e-42 -7.52104e-46 -4.83287e-42 -1.08688e-44  2.71835e-42  1.50556e-45  -4.7539e-43 -5.41793e-45  5.17615e-44  1.76631e-45  1.22458e-43 -4.27681e-46 -8.46502e-44  6.47615e-46  9.83535e-44 -1.43887e-45 -1.31423e-43  2.71696e-45  2.27957e-43  -4.9621e-45 -4.05113e-43  8.29758e-45  6.73512e-43 -1.28135e-44 -1.02999e-42  1.81269e-44  1.43768e-42 -2.33187e-44 -1.81955e-42  2.70627e-44  2.07177e-42 -2.80716e-44 -2.10165e-42  2.57274e-44  1.87603e-42 -2.05321e-44 -1.44988e-42  1.40002e-44  9.48985e-43 -7.94915e-45 -5.09808e-43  3.62224e-45   2.1444e-43 -1.25102e-45 -6.53739e-44  2.96018e-46  1.24424e-44   -3.811e-47 -9.51464e-46
 9.97884e-37 -4.05335e-51  4.43097e-36  1.18858e-50 -3.66618e-36  5.02756e-50 -3.26345e-35 -7.45711e-51 -2.45691e-35 -6.55842e-50  1.28505e-34 -7.11896e-50  -5.4524e-35 -3.65853e-50   1.5681e-36  5.11575e-50 -2.20426e-35 -2.09341e-50   4.7673e-36 -1.97765e-49 -1.37629e-35 -1.32269e-48  2.73023e-35 -7.51415e-48 -1.53566e-35 -1.43261e-48 -2.08254e-36 -4.67758e-47  1.50672e-35  2.10701e-47 -1.66698e-35  7.27962e-46  9.51873e-36  1.44102e-45 -2.38824e-36   4.1333e-45 -2.53378e-37  2.19651e-44  4.05126e-37  3.87133e-44  -1.6496e-37  4.82361e-44 -1.49738e-37  1.19929e-43 -2.66251e-38  9.25767e-44  4.34265e-38  3.50776e-43 -4.70023e-39  4.27017e-43  1.82467e-38  4.26619e-43  2.57367e-38  1.62639e-43  -8.6507e-39  3.11289e-43 -1.21785e-38  4.28223e-43  5.14805e-39  1.16899e-42  -2.9925e-39  1.23956e-42  2.68061e-40  7.49513e-43  2.34208e-40  1.73292e-42  5.77981e-40  6.27245e-43 -5.56478e-40  7.66058e-43  1.63959e-40  1.45706e-43  4.10855e-41  6.34837e-44 -2.50116e-41  8.31002e-44  1.62923e-41  6.53427e-44  5.14132e-42 -1.91438e-45 -7.62597e-42 -1.59858e-44  3.83377e-42  2.20738e-45 -4.87132e-43 -9.37926e-45 -2.55294e-44  3.32647e-45  2.42591e-43 -2.13511e-45 -2.58002e-43  4.00008e-45  4.22003e-43 -8.19737e-45 -7.41702e-43  1.51791e-44  1.34608e-42 -2.64609e-44  -2.3139e-42  4.23989e-44  3.67158e-42 -6.24013e-44  -5.3364e-42  8.37811e-44  7.06012e-42 -1.01862e-43 -8.44429e-42    1.112e-43  9.05506e-42  -1.0788e-43 -8.61502e-42  9.18175e-44  7.17364e-42 -6.74344e-44 -5.13223e-42  4.18097e-44  3.07315e-42 -2.12259e-44 -1.48172e-42  8.43298e-45  5.41362e-43  -2.4342e-45  -1.3482e-43  4.41414e-46  1.80794e-44 -3.24857e-47
 -1.2166e-51   2.0342e-36 -8.97348e-51  8.55134e-36  2.00057e-50 -8.00061e-36  6.21055e-50 -3.30977e-35 -1.54395e-50 -3.75771e-35 -7.11896e-50  1.46656e-34 -7.57337e-50 -7.45038e-35 -5.21539e-50  2.05089e-35   4.0075e-50 -2.31165e-35 -2.91862e-49  3.87812e-36 -7.30003e-49 -1.47742e-35 -5.25448e-48  2.53859e-35 -3.07842e-47 -1.27068e-35 -6.70257e-48 -4.36564e-36 -2.19063e-46  1.62783e-35  3.50602e-48  -1.6868e-35  2.73492e-45  9.10641e-36  4.75426e-45 -1.26467e-36  1.27797e-44 -8.90126e-37  7.26247e-44  4.33998e-37   1.2168e-43 -2.21893e-37  1.60282e-43 -7.50432e-38  3.86384e-43 -8.13167e-38  3.22483e-43  2.56825e-38  1.12079e-42  2.98666e-38  1.24791e-42  1.14594e-38  1.29817e-42  2.75705e-38  4.73261e-43 -3.14404e-39  6.19087e-43   -1.823e-38  8.19669e-43  7.64499e-39  2.56971e-42 -5.26221e-39  2.23929e-42   1.4046e-39  1.30964e-42 -2.84178e-40  3.19262e-42  1.07829e-39  9.10871e-43 -8.67398e-40  1.37364e-42  2.61202e-40  1.64912e-43  4.27417e-41  6.55814e-44 -2.68024e-41  1.20819e-43  1.83689e-41  9.67959e-44  1.14288e-41 -3.24457e-45 -1.20934e-41 -1.95291e-44  5.23033e-42  3.09286e-45 -3.55152e-43 -1.62858e-44 -2.86741e-43  8.53426e-45  6.96755e-43 -1.12021e-44  -1.1521e-42  2.22467e-44  2.20442e-42 -4.33715e-44 -4.09769e-42   7.7632e-44  7.24848e-42 -1.29178e-43 -1.18897e-41  1.97414e-43  1.79127e-41 -2.75978e-43 -2.46478e-41  3.50548e-43  3.07959e-41  -4.0143e-43  -3.4703e-41  4.10597e-43  3.49773e-41 -3.70828e-43 -3.11909e-41  2.91454e-43  2.42424e-41 -1.95607e-43 -1.60693e-41  1.09263e-43  8.79445e-42 -4.89649e-44 -3.78042e-42  1.66294e-44  1.17665e-42 -3.87006e-45 -2.27409e-43  4.90356e-46  1.75094e-44
-7.56031e-37 -4.79458e-51  3.28029e-36 -1.37574e-50  1.21324e-35  3.01636e-50 -1.24509e-35  6.78843e-50 -2.71363e-35 -2.59002e-50  -5.4524e-35 -7.57337e-50  1.62556e-34 -8.56118e-50 -9.70829e-35 -1.00571e-49  4.05676e-35   7.3604e-50 -2.52696e-35 -1.20789e-48  3.91685e-36 -1.83428e-48 -1.46554e-35 -1.93342e-47  2.22881e-35 -1.17748e-46 -9.34952e-36 -2.34907e-47 -6.28965e-36 -9.36573e-46  1.64597e-35 -2.66242e-46 -1.62911e-35  9.63146e-45  8.26539e-36  1.47959e-44  6.20248e-38  3.73467e-44 -1.42194e-36  2.26106e-43  3.25995e-37  3.58364e-43 -2.40699e-37  4.99209e-43  1.05187e-39  1.14994e-42     -1.4e-37  1.00077e-42    1.793e-39  3.27847e-42  7.52839e-38  3.36712e-42  4.18628e-40   3.5878e-42  3.00086e-38  1.26341e-42  1.90749e-39  1.09312e-42  -2.3515e-38  1.38021e-42  1.02298e-38  5.38838e-42 -8.59076e-39   3.6423e-42  3.59363e-39  2.09178e-42 -1.30097e-39  5.45925e-42  1.83556e-39  1.10552e-42 -1.28583e-39  2.31718e-42  3.86169e-40  1.32296e-43  4.33953e-41   3.5226e-44 -2.62442e-41  1.72297e-43   1.5331e-41  1.36148e-43  2.34471e-41 -3.30779e-45 -1.89925e-41 -1.71052e-44  6.81216e-42  6.13352e-45  2.40711e-43 -3.26066e-44 -1.40834e-42  3.18331e-44  2.97674e-42 -5.76351e-44 -5.86545e-42   1.1366e-43  1.13572e-41 -2.11692e-43 -2.05852e-41  3.63397e-43  3.46703e-41  -5.7606e-43 -5.37459e-41  8.36653e-43  7.62722e-41  -1.1073e-42 -9.86396e-41  1.32594e-42    1.157e-40  -1.4244e-42 -1.22416e-40  1.35863e-42  1.15998e-40 -1.13587e-42  -9.7395e-41  8.18711e-43  7.12251e-41 -4.97736e-43 -4.41285e-41  2.47586e-43  2.21772e-41 -9.63235e-44 -8.44653e-42    2.722e-44  2.17581e-42 -4.83359e-45 -2.97635e-43  3.48692e-46
 1.51891e-52 -1.52035e-36 -1.07066e-50  4.47887e-36 -1.51574e-50  1.38487e-35  4.16865e-50 -1.62797e-35  6.74696e-50 -1.50031e-35 -3.65853e-50 -7.45038e-35 -8.56118e-50  1.78427e-34 -1.23066e-49 -1.22818e-34 -2.66309e-49  6.16259e-35  4.60873e-49  -2.9667e-35 -3.98755e-48  5.27993e-36  -1.5983e-48 -1.39917e-35 -6.58224e-47  1.82764e-35 -4.20989e-46 -5.54904e-36 -5.60512e-47 -7.62875e-36 -3.66341e-45  1.57411e-35 -1.78216e-45 -1.51836e-35  3.19935e-44  7.13871e-36   4.3826e-44   1.3737e-36  1.04167e-43 -1.71308e-36  6.64368e-43  7.05348e-38  9.90259e-43 -2.06798e-37  1.45775e-42  5.33698e-38  3.17301e-42 -1.97579e-37  2.81251e-42 -2.14172e-38  8.84287e-42  1.29287e-37   8.4255e-42 -1.63222e-38  9.10476e-42  3.65529e-38  3.11695e-42  2.80419e-39  1.67634e-42  -2.6201e-38  1.95066e-42  1.25367e-38   1.0824e-41 -1.31975e-38  5.23216e-42  7.17366e-39  3.05405e-42 -2.90837e-39  8.67815e-42  2.87979e-39  9.76595e-43 -1.80696e-39  3.68464e-42  5.29255e-40  1.98504e-44  4.54828e-41 -5.38587e-44 -2.12696e-41  2.52579e-43  2.22452e-42  1.86188e-43  4.39778e-41  2.47728e-45 -2.88602e-41 -4.65186e-45   7.9012e-42  2.42853e-44  2.86006e-42  -9.0255e-44 -6.81533e-42  1.42477e-43  1.42241e-41 -2.79496e-43 -2.81298e-41  5.33671e-43   5.2029e-41 -9.48799e-43 -8.88779e-41   1.5543e-42  1.39626e-40  -2.3407e-42 -2.00717e-40  3.21927e-42  2.63204e-40 -4.01816e-42 -3.14339e-40  4.51621e-42  3.41863e-40 -4.52806e-42 -3.38727e-40  4.00322e-42  3.05122e-40  -3.0755e-42 -2.47283e-40  2.01459e-42  1.75824e-40 -1.09667e-42 -1.04944e-40  4.78276e-43  4.92349e-41 -1.57896e-43 -1.64905e-41  3.56985e-44  3.34651e-42 -4.39552e-45 -2.62853e-43
-6.18398e-37  8.98735e-53  -1.5305e-36 -1.72964e-50  4.96559e-36 -1.07229e-50  1.33408e-35  5.27556e-50  -1.9125e-35  6.16854e-50   1.5681e-36 -5.21539e-50 -9.70829e-35 -1.23066e-49  1.97931e-34 -2.49455e-49 -1.52872e-34 -6.95583e-49  8.40122e-35  2.83988e-48 -3.69881e-35 -1.16852e-47  8.33195e-36   1.6158e-47 -1.32582e-35 -2.08185e-46  1.35668e-35  -1.4092e-45 -1.59272e-36 -2.13316e-47 -8.33041e-36 -1.31463e-44  1.44088e-35 -8.13413e-45 -1.37673e-35   1.0074e-43  5.80397e-36  1.24515e-43  2.48165e-36  2.80203e-43 -1.68583e-36  1.84529e-42 -3.09337e-37  2.56939e-42 -1.05147e-37  3.99516e-42  4.91507e-38  8.14038e-42 -2.47235e-37  7.23502e-42 -3.76653e-38  2.21168e-41  1.90367e-37  1.96201e-41 -4.18347e-38  2.13862e-41  5.32189e-38  7.15095e-42 -5.73255e-39  2.12215e-42 -2.40645e-38  1.98125e-42  1.41513e-38  2.08812e-41 -1.91851e-38  6.31594e-42  1.23201e-38    4.077e-42 -5.06628e-39  1.28164e-41  4.18042e-39  1.83655e-43 -2.39308e-39  5.52437e-42  6.66698e-40   -1.674e-43  5.39758e-41 -2.31095e-43  -8.4553e-42  3.97261e-43 -2.72256e-41  2.53824e-43  7.54126e-41  2.99139e-44 -4.09114e-41  4.20792e-45  5.29383e-42  1.23718e-43  1.43752e-41 -3.37019e-43 -3.05321e-41  6.45073e-43  6.05388e-41 -1.25517e-42 -1.11349e-40  2.29662e-42  1.87216e-40 -3.88824e-42 -2.85428e-40    6.053e-42  3.91917e-40 -8.62766e-42 -4.81833e-40  1.11869e-41  5.30424e-40 -1.31016e-41 -5.30176e-40  1.37394e-41  4.99931e-40 -1.27656e-41 -4.70401e-40  1.03713e-41  4.51771e-40 -7.24519e-42 -4.18038e-40  4.25668e-42  3.36185e-40 -2.03997e-42 -2.12947e-40  7.62312e-43  9.68486e-41 -2.06361e-43 -2.80509e-41  3.50416e-44  4.07182e-42 -2.41747e-45
 1.48179e-51 -1.57539e-36 -1.07711e-51  2.35867e-37 -2.23085e-50  4.00406e-36 -7.42838e-52  1.12577e-35  5.90559e-50 -2.09491e-35  5.11575e-50  2.05089e-35 -1.00571e-49 -1.22818e-34 -2.49455e-49  2.24766e-34 -5.65464e-49  -1.8782e-34 -1.16093e-48  1.07331e-34  1.44827e-47 -4.69048e-35 -3.22808e-47  1.30482e-35  1.34803e-46   -1.269e-35 -6.17338e-46  8.47751e-36 -4.41953e-45  2.18365e-36  7.03226e-46 -8.44706e-36 -4.33944e-44  1.27901e-35 -3.04579e-44  -1.2172e-35  3.01799e-43  4.26941e-36  3.41161e-43  3.26888e-36  7.34368e-43 -1.34379e-36  4.85045e-42 -7.58852e-37  6.26167e-42   7.5874e-38  1.02933e-41 -4.45207e-38   1.9459e-41 -2.80432e-37  1.71683e-41 -4.40741e-38  5.15251e-41  2.59349e-37  4.26332e-41 -8.19236e-38  4.67902e-41  8.89053e-38  1.53388e-41 -3.02057e-38  1.90223e-42 -1.48092e-38  1.65928e-43  1.46966e-38  3.87264e-41 -2.64304e-38  5.40724e-42  1.89002e-38  5.00114e-42 -7.53563e-39  1.75121e-41   5.6138e-39 -1.63747e-42 -2.96028e-39  7.79779e-42   7.5704e-40 -3.40404e-43   7.6746e-41 -5.21736e-43  1.70692e-41  6.79169e-43 -7.93966e-41  3.43228e-43  1.17716e-40  1.40952e-43 -4.98997e-41 -1.02642e-43 -1.20283e-41  6.00905e-43  5.46108e-41 -1.39663e-42 -1.02359e-40   2.7565e-42  1.71425e-40 -5.17171e-42 -2.45266e-40  9.01504e-42  2.72059e-40 -1.44801e-41 -1.58009e-40  2.13162e-41  -2.0941e-40 -2.86036e-41  8.86655e-40  3.47427e-41 -1.76703e-39 -3.78875e-41  2.52956e-39  3.67286e-41 -2.75739e-39 -3.12661e-41  2.22964e-39  2.30155e-41 -1.16957e-39 -1.43617e-41  1.47219e-40  7.39687e-42  3.68271e-40 -3.02829e-42 -3.67102e-40  9.30385e-43  1.72388e-40 -1.94024e-43 -4.10909e-41  2.18691e-44  3.40307e-42
 3.30345e-37  3.45372e-51 -3.18193e-36 -4.23558e-51  4.25822e-36 -2.43836e-50  1.28617e-36  1.05658e-50   8.6677e-36  4.83941e-50 -2.20426e-35   4.0075e-50  4.05676e-35 -2.66309e-49 -1.52872e-34 -5.65464e-49  2.60901e-34 -9.69205e-49 -2.26298e-34  1.93819e-48  1.29603e-34  6.33529e-47 -5.78844e-35 -9.32436e-47  1.88119e-35  6.99172e-46 -1.23418e-35 -1.74677e-45  3.51035e-36 -1.29772e-44  5.42086e-36  5.14643e-45 -8.06464e-36 -1.32026e-43  1.11624e-35 -9.92063e-44 -1.04273e-35  8.62424e-43  2.51222e-36  9.03423e-43  3.71368e-36  1.89107e-42  -7.7719e-37  1.20762e-41 -1.19471e-36  1.43291e-41  3.36835e-37  2.49857e-41 -2.51157e-37  4.34023e-41 -2.87359e-37  3.78096e-41 -4.30137e-38  1.12229e-40  3.40803e-37  8.66203e-41 -1.46112e-37  9.58522e-41  1.55159e-37  3.09103e-41 -7.74247e-38  2.64538e-43  3.38919e-39 -6.06817e-42  1.39575e-38  6.90521e-41 -3.44828e-38 -1.31977e-43  2.63524e-38  5.76943e-42 -9.83996e-39     2.19e-41  6.94119e-39 -4.67825e-42  -3.3708e-39  1.03303e-41  7.40625e-40 -2.54362e-43  1.24154e-40 -9.39874e-43  6.08877e-41  1.24263e-42 -1.58341e-40  4.03327e-43  1.65949e-40  5.88006e-43 -4.72603e-41  -8.5908e-43 -4.41426e-41  2.64855e-42  7.46829e-41 -5.64127e-42 -3.06086e-42  1.08354e-41 -3.39646e-40  -1.9378e-41  1.33448e-39   3.1996e-41 -3.59138e-39 -4.84702e-41  7.81549e-39  6.69794e-41 -1.43855e-38 -8.38715e-41  2.26813e-38  9.43937e-41  -3.0579e-38 -9.45459e-41  3.48451e-38  8.32565e-41 -3.28349e-38 -6.34746e-41  2.46583e-38  4.10749e-41 -1.37952e-38 -2.19721e-41  4.89579e-39  9.36524e-42 -4.08175e-40 -3.01249e-42 -5.69257e-40  6.69692e-43  2.86958e-40 -8.70165e-44 -4.94966e-41  4.10385e-45
 6.50749e-52  5.24803e-37  4.86551e-51  -5.5234e-36 -9.72217e-51  1.00801e-35  -2.4714e-50 -2.80886e-36  1.23152e-50  6.39246e-36 -2.09341e-50 -2.31165e-35   7.3604e-50  6.16259e-35 -6.95583e-49  -1.8782e-34 -9.69205e-49  3.05098e-34  1.31109e-49 -2.64301e-34  2.97614e-47  1.47288e-34  2.43961e-46 -6.74853e-35 -3.20797e-46  2.44988e-35  2.94034e-45 -1.22138e-35 -4.86027e-45 -7.19033e-37 -3.55785e-44  7.81127e-36  2.52548e-44 -7.26307e-36 -3.70623e-43  9.70752e-36 -2.88932e-43 -8.50008e-36  2.35475e-42  5.28724e-37  2.30911e-42  3.89661e-36  4.80812e-42 -1.54838e-37  2.84977e-41  -1.5072e-36    3.076e-41   6.5823e-37  5.72871e-41  -5.7599e-37  9.03846e-41 -2.58281e-37  7.76854e-41  -4.2168e-38  2.29277e-40  4.43988e-37  1.64789e-40 -2.47896e-37  1.84705e-40  2.64859e-37  5.87759e-41 -1.52904e-37 -3.28785e-42  3.11289e-38 -2.11733e-41  1.20222e-38  1.18341e-40 -4.24977e-38 -1.44262e-41  3.36223e-38    6.732e-42 -1.12692e-38  2.44364e-41  7.80625e-39 -8.62772e-42 -3.43491e-39  1.27874e-41  5.43459e-40  5.82118e-43  2.07224e-40 -1.50167e-42  1.30051e-40  2.40674e-42 -2.73763e-40  9.48077e-44  2.51622e-40  2.35459e-42 -1.74751e-40 -4.35969e-42  4.08177e-40  1.05471e-41 -1.42595e-39 -2.10553e-41    4.263e-39   3.8535e-41 -1.10064e-38 -6.50978e-41  2.50764e-38  1.00928e-40 -5.07809e-38 -1.42672e-40   9.1405e-38  1.82562e-40 -1.45577e-37 -2.09591e-40  2.03394e-37  2.13478e-40 -2.46102e-37 -1.90134e-40  2.53204e-37  1.45223e-40 -2.15805e-37 -9.25147e-41  1.46537e-37  4.70674e-41 -7.43312e-38 -1.76544e-41  2.46878e-38   3.9669e-42 -3.28638e-39 -3.02393e-45 -9.80752e-40 -3.05596e-43  4.49865e-40  7.52873e-44 -4.19754e-41
 2.25537e-37  1.75232e-51  6.33599e-37  4.32153e-51  -8.4589e-36 -1.78767e-50   1.6499e-35 -3.13657e-50  -7.3427e-36 -2.62043e-50   4.7673e-36 -2.91862e-49 -2.52696e-35  4.60873e-49  8.40122e-35 -1.16093e-48 -2.26298e-34  1.31109e-49   3.5244e-34  1.00329e-47 -2.95732e-34  1.76581e-46   1.5629e-34   8.3821e-46 -7.30776e-35 -1.33188e-45  2.87937e-35  1.07667e-44 -1.23127e-35 -1.38535e-44 -3.67273e-36 -9.05123e-44  9.18524e-36  1.01828e-43 -6.11522e-36 -9.59524e-43  8.50881e-36 -7.65199e-43 -6.35339e-36  6.14975e-42 -1.63165e-36  5.67238e-42  3.99399e-36  1.20748e-41  2.91615e-37  6.37799e-41 -1.56264e-36  6.18138e-41  9.93345e-37   1.2443e-40 -1.00027e-36  1.75668e-40 -1.85916e-37   1.4966e-40  -5.2769e-38  4.40544e-40   5.8291e-37  2.93771e-40 -4.03507e-37  3.36244e-40  4.29465e-37  1.05886e-40 -2.58641e-37 -7.69817e-42  6.69204e-38 -5.20941e-41   9.3913e-39   1.9489e-40 -4.92234e-38 -4.33091e-41  3.91728e-38  9.16376e-42 -1.09254e-38  2.27614e-41  7.75559e-39 -1.22272e-41 -2.92455e-39  1.47139e-41  8.89337e-41  3.03073e-42  3.21352e-40 -2.33784e-42   2.8602e-40  5.02507e-42 -6.37943e-40 -2.04718e-42  1.10169e-39  8.92046e-42 -2.72539e-39 -1.76745e-41   7.9059e-39  3.76124e-41 -2.15762e-38 -7.04505e-41  5.35409e-38  1.21076e-40 -1.20602e-37 -1.90496e-40  2.46121e-37   2.7244e-40 -4.53094e-37 -3.50844e-40  7.47485e-37  4.01887e-40 -1.09509e-36 -4.02453e-40  1.40764e-36  3.42971e-40 -1.56243e-36 -2.36975e-40  1.46573e-36  1.18334e-40   -1.128e-36 -2.44723e-41  6.81589e-37 -2.41001e-41 -3.00988e-37  3.22886e-41  8.39909e-38 -2.07332e-41 -8.57888e-39  8.20161e-42 -2.22377e-39 -1.86529e-42  6.12216e-40  1.62106e-43
-4.06156e-52   5.8846e-37  3.07982e-51  8.25028e-37  1.39751e-51 -1.16303e-35 -3.41661e-50  2.21326e-35 -7.90308e-50 -1.12398e-35 -1.97765e-49  3.87812e-36 -1.20789e-48  -2.9667e-35  2.83988e-48  1.07331e-34  1.93819e-48 -2.64301e-34  1.00329e-47  3.95265e-34  5.01349e-47 -3.14153e-34  8.01672e-46  1.53494e-34  2.58479e-45 -7.27085e-35 -5.92526e-45  3.05749e-35  3.53758e-44 -1.26042e-35 -4.18775e-44 -5.10113e-36 -2.11017e-43  9.56822e-36   3.5914e-43 -4.71609e-36 -2.28461e-42  7.58678e-36 -1.86768e-42 -4.00563e-36  1.53745e-41 -3.86282e-36   1.3308e-41  4.26079e-36  2.98416e-41  2.87871e-37  1.35455e-40 -1.20986e-36  1.15825e-40  1.26575e-36  2.56863e-40 -1.48016e-36  3.18058e-40 -6.85179e-38  2.71752e-40 -8.64497e-38  7.98104e-40  7.74897e-37  4.90768e-40 -6.28517e-37  5.80729e-40  6.54816e-37  1.81403e-40 -3.90587e-37 -7.80397e-42  1.06402e-37 -1.08729e-40  6.98476e-39  3.08492e-40 -5.30319e-38 -9.43201e-41   4.1059e-38  1.60237e-41 -7.79614e-39   1.3668e-41  6.28291e-39 -1.27707e-41 -1.61052e-39   1.5651e-41 -6.36968e-40   8.5629e-42   2.4448e-40 -4.15938e-42  1.34415e-39  1.16385e-41 -3.96216e-39 -1.10835e-41   1.1112e-38   3.0901e-41 -3.17307e-38 -6.05737e-41   8.5905e-38  1.16993e-40 -2.14686e-37 -2.02666e-40  4.92269e-37  3.18921e-40 -1.03155e-36 -4.51428e-40  1.96529e-36  5.65556e-40 -3.38123e-36 -6.10298e-40  5.20799e-36  5.37713e-40 -7.10257e-36 -3.33502e-40  8.45579e-36  4.11291e-41 -8.62696e-36  2.44457e-40  7.35821e-36 -4.21915e-40 -5.06852e-36  4.42759e-40  2.67771e-36 -3.38997e-40 -9.94706e-37  1.93721e-40   2.1516e-37 -7.99913e-41 -1.00042e-38  2.18331e-41 -5.20843e-39 -3.14649e-42  5.78166e-40
 -1.6595e-37 -4.90827e-52  1.07012e-36  4.02179e-51  1.29669e-36 -2.53601e-51 -1.45247e-35 -9.46173e-50  2.59715e-35 -3.14314e-49 -1.37629e-35 -7.30003e-49  3.91685e-36 -3.98755e-48 -3.69881e-35  1.44827e-47  1.29603e-34  2.97614e-47 -2.95732e-34  5.01349e-47  4.25369e-34  1.54763e-46 -3.15038e-34  3.13437e-45  1.38099e-34  7.15819e-45 -6.57524e-35  -2.5516e-44  2.92056e-35   1.0593e-43 -1.29053e-35 -1.34738e-43 -5.16593e-36 -4.39138e-43  9.19042e-36  1.14041e-42  -3.2294e-36  -4.9682e-42  6.96799e-36 -4.26156e-42 -1.57981e-36  3.68201e-41 -6.02833e-36  2.95934e-41  5.00516e-36  7.21344e-41 -4.59189e-37  2.73138e-40 -2.93153e-37  2.00907e-40  1.37257e-36  5.05719e-40 -1.95034e-36  5.34264e-40  8.69782e-38  4.67855e-40 -1.51264e-37  1.36627e-39  1.03696e-36  7.67595e-40 -9.32042e-37  9.55701e-40   9.3596e-37  2.96515e-40 -5.36306e-37    9.711e-42  1.41855e-37 -2.04059e-40  5.98872e-39  4.69761e-40 -5.19684e-38 -1.76327e-40  3.70518e-38  3.29446e-41 -8.46524e-40 -6.72134e-42  2.92618e-39 -5.63281e-42  5.41653e-40  1.52447e-41  -9.6035e-40  1.98763e-41 -2.62345e-39    -9.66e-42  1.20084e-38  2.93616e-41 -3.74638e-38 -4.07912e-41  1.09494e-37   9.3135e-41 -3.01135e-37 -1.71276e-40   7.6918e-37  2.95194e-40 -1.81336e-36 -4.49305e-40  3.92797e-36  5.93974e-40 -7.77703e-36 -6.44965e-40   1.3983e-35  4.86001e-40 -2.26475e-35 -1.61573e-41   3.2711e-35 -7.72118e-40 -4.16008e-35  1.72813e-39  4.58333e-35  -2.5562e-39 -4.28233e-35  2.94164e-39  3.29666e-35  -2.7344e-39 -2.00698e-35  2.05634e-39  9.06977e-36 -1.22812e-39 -2.71647e-36  5.60364e-40  4.03916e-37 -1.81968e-40  1.23287e-38  3.64143e-41 -9.26935e-39 -2.90047e-42
-1.48425e-52 -4.32592e-37  6.53473e-53  1.64284e-36  3.57782e-51  2.02193e-36 -4.12425e-51 -1.66052e-35 -3.82026e-49  2.76385e-35 -1.32269e-48 -1.47742e-35 -1.83428e-48  5.27993e-36 -1.16852e-47 -4.69048e-35  6.33529e-47  1.47288e-34  1.76581e-46 -3.14153e-34  1.54763e-46  4.36675e-34  2.73148e-46 -2.97485e-34   1.1061e-44  1.12117e-34   1.7734e-44 -5.30922e-35 -1.02071e-43  2.46426e-35  2.91656e-43 -1.28035e-35 -4.47953e-43 -4.42203e-36 -7.64362e-43   8.4558e-36  3.31419e-42 -1.93596e-36 -9.71961e-42  6.77432e-36 -9.26046e-42  6.66774e-37  8.45423e-41 -8.00673e-36  6.18316e-41   6.5578e-36  1.69402e-40 -2.23448e-36  5.23218e-40  1.32919e-36  3.18188e-40  1.19296e-36  9.53157e-40 -2.33137e-36  8.25912e-40  2.62359e-37  7.69057e-40 -2.47235e-37  2.21465e-39  1.37946e-36  1.12145e-39 -1.30899e-36   1.5055e-39  1.25202e-36  4.63673e-40  -6.7346e-37  7.15604e-41  1.62238e-37 -3.53762e-40  7.52263e-39   6.8924e-40 -4.38054e-38 -2.98594e-40  2.48183e-38  6.93801e-41   1.0786e-38 -4.24615e-41 -2.22071e-39  1.61284e-41  1.63953e-39   1.3075e-41  6.56921e-39  4.22535e-41 -3.37384e-38 -2.60604e-41   1.1348e-37  7.29515e-41 -3.43189e-37  -1.1338e-40  9.68295e-37    2.177e-40 -2.54373e-36  -3.3973e-40  6.19153e-36  4.47433e-40 -1.39011e-35 -4.04267e-40  2.86444e-35 -1.54319e-41  -5.3841e-35  1.10901e-39   9.1628e-35 -3.12037e-39  -1.3989e-34  6.03162e-39  1.89414e-34 -9.36885e-39 -2.24193e-34  1.22044e-38  2.27677e-34 -1.34886e-38 -1.93539e-34  1.26182e-38  1.33095e-34 -9.87198e-39 -7.04351e-35  6.32158e-39  2.64477e-35 -3.20116e-39  -5.9914e-36   1.2121e-39  4.53617e-37 -3.10282e-40  8.19851e-38  4.26184e-41 -9.81832e-39
 7.09075e-38 -6.94611e-53 -9.24242e-37  1.59624e-51  2.39048e-36 -2.16592e-51  2.65579e-36 -5.96208e-52 -1.74833e-35 -1.72016e-48  2.73023e-35 -5.25448e-48 -1.46554e-35  -1.5983e-48  8.33195e-36 -3.22808e-47 -5.78844e-35  2.43961e-46   1.5629e-34  8.01672e-46 -3.15038e-34  2.73148e-46  4.27256e-34 -2.51625e-46 -2.64619e-34  3.61796e-44  7.98236e-35  3.90035e-44 -3.67919e-35 -3.75966e-43  1.73598e-35  7.42206e-43   -1.167e-35 -1.47985e-42 -3.67385e-36 -8.73517e-43  7.88814e-36  8.90947e-42 -1.26342e-36 -1.65217e-41  7.30382e-36 -1.96511e-41  2.34406e-36  1.86301e-40 -9.74045e-36   1.2008e-40     9.24e-36  3.84179e-40 -5.28676e-36  9.52702e-40   3.7656e-36  4.47081e-40  6.00689e-37  1.72635e-39 -2.53928e-36  1.15642e-39  4.26506e-37  1.21702e-39 -3.61669e-37  3.40552e-39  1.79724e-36  1.52354e-39 -1.73163e-36  2.28093e-39  1.56238e-36  6.94847e-40 -7.69666e-37   2.2307e-40  1.53884e-37 -5.75151e-40  1.21856e-38  9.76586e-40 -2.61635e-38 -4.69107e-40  2.39314e-39  1.39748e-40  2.65729e-38 -9.69155e-41  -4.0742e-39   6.1998e-41 -1.81733e-38  8.32279e-42  9.14193e-38  8.37763e-41 -3.20333e-37 -6.09671e-41  1.00188e-36  1.42318e-40 -2.91281e-36  -1.8171e-40  7.89304e-36  2.04845e-40 -1.98718e-35  2.47061e-41  4.62904e-35   -8.657e-40 -9.92982e-35  2.96769e-39  1.95036e-34 -7.15242e-39 -3.48354e-34  1.41226e-38  5.61056e-34 -2.38961e-38 -8.06433e-34  3.52035e-38  1.02113e-33 -4.53252e-38 -1.12041e-33  5.08437e-38   1.0426e-33  -4.9276e-38 -7.99286e-34  4.07007e-38  4.84496e-34 -2.80785e-38 -2.18064e-34  1.57079e-38  6.52452e-35 -6.81232e-39 -9.92275e-36  2.12559e-39 -1.17812e-37 -4.12183e-40  1.76934e-37  3.20358e-41
 2.12945e-53  2.23021e-37  8.67333e-52 -1.81556e-36  6.25803e-51  3.51516e-36 -3.84813e-50  2.71287e-36 -1.25017e-50 -1.70297e-35 -7.51415e-48  2.53859e-35 -1.93342e-47 -1.39917e-35   1.6158e-47  1.30482e-35 -9.32436e-47 -6.74853e-35   8.3821e-46  1.53494e-34  3.13437e-45 -2.97485e-34 -2.51625e-46  3.99853e-34 -4.49587e-45 -2.22541e-34  1.11758e-43   4.6469e-35  7.55883e-44 -1.94387e-35  -1.2783e-42  8.14631e-36  1.75064e-42 -8.77718e-36 -4.71685e-42 -3.77131e-36   6.4336e-43  8.06807e-36  2.23258e-41 -1.77579e-36 -2.21114e-41  9.06316e-36 -4.19464e-41  2.97161e-36  3.94487e-40 -1.12729e-35  2.13427e-40  1.33347e-35  8.37398e-40  -9.8033e-36  1.65008e-39  7.07628e-36  5.18256e-40 -5.19627e-37  3.01611e-39 -2.49651e-36  1.41674e-39   5.3504e-37  1.87125e-39 -4.64642e-37  4.97639e-39  2.25968e-36  1.90839e-39 -2.14252e-36  3.33978e-39  1.80553e-36  9.98204e-40 -7.84146e-37  5.31019e-40  1.01914e-37 -8.85336e-40  1.97083e-38  1.34018e-39   2.7369e-39 -6.92098e-40  -2.8886e-38  2.64199e-40  3.38647e-38 -1.71208e-40  4.73987e-38  1.42371e-40 -2.38161e-37   5.1752e-42  8.56251e-37  1.33854e-40 -2.76324e-36 -5.05852e-41  8.28755e-36  1.17352e-41 -2.31964e-35  4.19498e-40  6.04482e-35 -1.65307e-39 -1.46122e-34  4.81956e-39  3.26206e-34 -1.16335e-38 -6.68985e-34  2.44237e-38  1.25237e-33 -4.53702e-38 -2.12374e-33   7.5075e-38  3.23173e-33 -1.10755e-37  -4.3618e-33  1.45233e-37  5.14537e-33 -1.68237e-37 -5.20562e-33  1.70549e-37   4.4051e-33 -1.49326e-37   -3.012e-33  1.10897e-37   1.5818e-33 -6.81079e-38 -5.87535e-34  3.33399e-38  1.30875e-34 -1.22801e-38 -9.54179e-36  3.07375e-39 -1.72845e-36 -4.14642e-40  1.89355e-37
