 1.15101e-33 -6.69878e-36 -4.27477e-34 -1.56003e-36  -7.0511e-34 -3.62312e-35   1.1033e-33  2.60254e-35 -8.44169e-34  1.73627e-35 -4.67533e-35 -6.07108e-36  4.91411e-35  6.90303e-36 -2.60037e-34  3.46627e-36 -1.10101e-35  -2.2852e-36 -1.18875e-35  6.07947e-37  1.75662e-35  4.24227e-37 -3.40141e-34 -2.72477e-38  2.16539e-33  1.41371e-37 -1.20058e-32 -6.25158e-38   5.9108e-32  2.64607e-39 -2.59984e-31 -2.20201e-38  1.02367e-30  2.52644e-38 -3.61301e-30  -1.4547e-38  1.14372e-29  2.55262e-38 -3.24644e-29 -1.18015e-37  8.25391e-29  4.60056e-37 -1.87583e-28 -1.63799e-36  3.79873e-28  5.38119e-36 -6.82376e-28 -1.63356e-35  1.08035e-27  4.58438e-35 -1.49385e-27 -1.19037e-34  1.78027e-27  2.86147e-34 -1.79134e-27 -6.37022e-34  1.46926e-27  1.31348e-33 -9.13859e-28 -2.50808e-33  3.46555e-28  4.43352e-33  2.53887e-29 -7.25055e-33 -1.39305e-28    1.096e-32   8.7773e-29  -1.5294e-32 -9.93692e-30    1.967e-32 -2.03382e-29 -2.32684e-32  1.18347e-29  2.52514e-32  7.21377e-31 -2.50588e-32 -3.06267e-30  2.26483e-32  6.28648e-31 -1.85475e-32  5.05378e-31   1.3672e-32 -1.98821e-31  -8.9907e-33 -6.68166e-32   5.2075e-33  3.68096e-32 -2.60388e-33  8.46304e-33  1.08335e-33 -4.88857e-33  -3.4354e-34 -1.14796e-33  5.72375e-35  4.75408e-34  1.92873e-35  1.36938e-34 -2.32897e-35  -2.6132e-35  1.30403e-35 -1.29901e-35 -5.37151e-36   3.4987e-37  1.76882e-36  6.99279e-37 -4.71382e-37  6.85098e-38  9.88346e-38 -1.61752e-38 -1.49887e-38 -4.25826e-39  1.24745e-39 -1.18109e-42  5.50598e-41  5.53647e-41 -3.10949e-41  6.82782e-42  3.72175e-42 -3.30138e-44 -1.31275e-43 -3.58271e-44 -1.02869e-44  -1.1041e-45  8.88778e-46 -1.45873e-47 -1.06541e-47
-6.69878e-36  3.51775e-33 -3.43914e-35 -7.28154e-34 -2.00281e-36 -1.09403e-33  -9.4701e-35  1.91989e-33   4.3164e-35 -1.74578e-33  3.86177e-35  9.98619e-36 -1.30004e-35  9.83438e-35  9.89314e-36 -4.28562e-34  6.72094e-36  1.16429e-35 -4.99008e-36 -2.79012e-34  1.16467e-36  1.86934e-33  1.10188e-36 -1.27807e-32 -4.13588e-37  7.52337e-32  3.54849e-37  -3.9313e-31 -2.65526e-37  1.83194e-30  4.12187e-38 -7.63477e-30 -4.85121e-38  2.85077e-29  9.54299e-38 -9.54628e-29 -1.00343e-37  2.86738e-28  3.49089e-37 -7.72029e-28 -1.50079e-36  1.86043e-27  5.80254e-36 -4.00236e-27 -2.04756e-35  7.65766e-27   6.6383e-35 -1.29603e-26 -1.98166e-34  1.92566e-26  5.45506e-34 -2.48461e-26 -1.38647e-33  2.73891e-26  3.25657e-33 -2.51252e-26 -7.07311e-33  1.82714e-26  1.42102e-32 -9.38449e-27 -2.64092e-32  1.99077e-27  4.53911e-32  1.67447e-27 -7.21147e-32 -1.90872e-27  1.05816e-31  7.03066e-28 -1.43231e-31  1.78288e-28  1.78564e-31 -2.86457e-28 -2.04611e-31  7.15618e-29  2.14936e-31  4.64463e-29 -2.06306e-31 -3.00473e-29  1.80198e-31 -3.06841e-30 -1.42486e-31  6.57545e-30  1.01316e-31 -3.16027e-31 -6.42144e-32 -1.08589e-30  3.58334e-32  1.07457e-31 -1.72786e-32  1.50374e-31  6.96732e-33 -1.19375e-32 -2.18465e-33 -1.76432e-32  4.10247e-34  2.22861e-34   5.6539e-35  1.57207e-33 -9.62053e-35  1.35778e-34  5.38096e-35  -9.4548e-35 -2.14614e-35 -1.77944e-35  6.80184e-36  2.39533e-36 -1.73992e-36  1.00835e-36   3.4723e-37  4.26515e-38 -4.89047e-38 -2.23889e-38  3.41076e-39  -2.9289e-39  2.77234e-40 -1.67505e-42   -9.799e-41  3.40481e-41  9.80184e-42  2.15732e-42 -2.63377e-43 -8.48282e-45 -2.15896e-44 -3.40174e-45  1.19368e-45 -6.92196e-47
-4.27477e-34 -3.43914e-35  6.67351e-33 -9.70579e-35 -9.93955e-34  7.24493e-36 -6.72805e-34 -1.51445e-34  2.69534e-33  3.93418e-35 -2.22321e-33  5.91857e-35 -1.07726e-35 -1.74905e-35  1.71959e-34  8.88063e-36 -5.83745e-34  9.92615e-36  8.88446e-34 -8.71775e-36 -7.30073e-33  1.25065e-36  5.13308e-32  2.24391e-36 -3.21539e-31 -1.26781e-36  1.78387e-30  7.66917e-37 -8.81243e-30  -6.5685e-37  3.88892e-29  1.05572e-37 -1.53653e-28 -6.64257e-38  5.44294e-28  2.71276e-37 -1.72964e-27 -5.71423e-37  4.92962e-27  2.61477e-36 -1.25875e-26 -1.16817e-35  2.87383e-26  4.63642e-35 -5.84821e-26 -1.65752e-34  1.05601e-25  5.38681e-34 -1.68124e-25 -1.59962e-33  2.33881e-25  4.35567e-33 -2.80574e-25 -1.09034e-32  2.84415e-25  2.51382e-32 -2.35304e-25 -5.34488e-32  1.47999e-25  1.04889e-31 -5.72674e-26 -1.90067e-31 -3.29551e-27  3.18049e-31  2.25663e-26 -4.91327e-31 -1.46184e-26  7.00249e-31  1.85601e-27 -9.19769e-31  3.32333e-27  1.11172e-30 -2.02083e-27 -1.23404e-30  -8.5921e-29  1.25469e-30  5.17731e-28 -1.16457e-30 -1.16097e-28  9.82621e-31  -8.4421e-29 -7.49674e-31  3.58918e-29   5.1364e-31  1.09617e-29 -3.13228e-31 -6.66403e-30  1.67945e-31 -1.38154e-30 -7.77576e-32  9.03534e-31  3.01607e-32   1.8892e-31 -9.20003e-33 -8.91687e-32  1.80172e-33 -2.40227e-32  7.83214e-35  5.39544e-33  -2.6918e-34  2.31781e-33  1.50086e-34 -9.64496e-35 -5.79207e-35 -1.32944e-34  1.77371e-35 -1.17825e-35 -4.38343e-36  3.49528e-36   8.3733e-37  7.53988e-37 -1.09758e-37  9.36644e-40  6.31377e-39 -1.23107e-38  7.63155e-40 -1.21426e-39  -1.9975e-40  1.47731e-41  1.66745e-41  6.73305e-42 -3.25577e-43   2.7227e-43 -2.80241e-44  7.87712e-46  8.33621e-46
-1.56003e-36 -7.28154e-34 -9.70579e-35   9.9264e-33 -1.84381e-34 -1.29003e-33  3.78876e-35  1.56549e-34 -1.71314e-34  3.35986e-33  1.55623e-35 -2.08422e-33  6.65992e-35   -8.817e-35 -1.36407e-35  4.23951e-34  6.08087e-36 -2.89364e-33  1.30316e-35  2.14009e-32 -1.32157e-35 -1.62256e-31 -5.35425e-37  1.08091e-30  4.20821e-36 -6.37373e-30 -2.42183e-36  3.34034e-29  1.40512e-36  -1.5617e-28   -1.234e-36  6.53113e-28  8.75655e-38 -2.44762e-27   1.4561e-37  8.22801e-27  5.38332e-38 -2.48154e-26 -6.87688e-37  6.71045e-26  8.82642e-36 -1.62453e-25 -5.38784e-35  3.51197e-25  2.46987e-34 -6.75451e-25 -9.52151e-34  1.14958e-24  3.21893e-33 -1.71836e-24 -9.73448e-33  2.23172e-24  2.66291e-32 -2.47806e-24 -6.63501e-32  2.29218e-24  1.51259e-31 -1.68385e-24 -3.16452e-31  8.77665e-25  6.08794e-31 -1.95127e-25 -1.07836e-30  -1.5132e-25  1.75987e-30  1.79448e-25 -2.64666e-30 -6.86303e-26  3.66669e-30 -1.55763e-26 -4.67582e-30  2.74002e-26  5.48109e-30 -7.32775e-27 -5.89469e-30 -4.32694e-27  5.80103e-30  2.99387e-27 -5.20616e-30  2.41379e-28  4.24225e-30 -6.52364e-28 -3.12118e-30   4.4357e-29  2.05869e-30  1.07936e-28 -1.20611e-30 -1.29977e-29  6.19842e-31 -1.51129e-29  -2.7446e-31  1.53814e-30  1.01716e-31  1.80097e-30 -2.97896e-32 -5.48209e-32  5.82247e-33 -1.67043e-31 -3.51327e-35 -1.12345e-32  -5.8668e-34  1.03517e-32  3.24227e-34  1.79951e-33 -1.21112e-34 -2.94528e-34  3.61123e-35 -1.09291e-34 -8.70819e-36 -3.05866e-36  1.60238e-36  2.51555e-36 -1.95558e-37  3.26528e-37  9.08709e-39 -4.60756e-39  1.48074e-39 -3.86573e-39 -3.04799e-40 -2.35249e-40  2.11619e-41  1.48481e-42 -2.93876e-43  4.73237e-43 -2.43049e-44  6.77083e-45
 -7.0511e-34 -2.00281e-36 -9.93955e-34 -1.84381e-34  1.23072e-32  -2.5886e-34 -1.51141e-33  9.36739e-35  7.58124e-34 -1.42537e-34  3.76464e-33 -1.39156e-35 -1.51136e-33  5.01464e-35 -5.62822e-34  1.28984e-36  5.67758e-33  5.54166e-36 -5.27069e-32  1.68801e-35  4.25874e-31 -1.75457e-35 -3.02951e-30  -5.6669e-36  1.90075e-29  7.09391e-36 -1.05772e-28 -3.39778e-36  5.24234e-28   2.1135e-36 -2.32151e-27 -1.73766e-36  9.20613e-27 -1.08661e-36 -3.27382e-26  4.32453e-36  1.04462e-25 -1.28865e-35 -2.99023e-25  3.50748e-35  7.67065e-25 -6.51292e-35 -1.75987e-24  1.10616e-35  3.60004e-24  5.95598e-34 -6.53695e-24 -3.48247e-33    1.047e-23  1.38915e-32 -1.46601e-23 -4.54734e-32  1.77132e-23  1.29257e-31 -1.81008e-23   -3.271e-31  1.51176e-23  7.46756e-31 -9.62684e-24 -1.54997e-30   3.8101e-24  2.93913e-30  1.50032e-25  -5.1074e-30 -1.46354e-24  8.14868e-30  9.78653e-25 -1.19487e-29 -1.39738e-25  1.61076e-29 -2.17047e-25 -1.99547e-29  1.38806e-25  2.26941e-29  3.00154e-27  -2.3652e-29  -3.5087e-26  2.25321e-29  8.64542e-27 -1.95524e-29  5.62589e-27  1.53844e-29 -2.60959e-27 -1.09116e-29  -7.1208e-28  6.92356e-30  4.86066e-28 -3.89171e-30   8.8317e-29  1.91261e-30  -6.6998e-29 -8.06785e-31 -1.23258e-29  2.83788e-31  6.79065e-30 -7.88296e-32  1.65576e-30  1.48993e-32  -4.3956e-31 -4.75644e-34 -1.66829e-31 -1.04797e-33  1.01548e-32  5.67729e-34  1.01786e-32 -2.05983e-34  7.58139e-34  6.07012e-35 -2.89078e-34 -1.44928e-35 -5.60694e-35  2.58375e-36  4.84498e-37  -2.9252e-37   1.0242e-36  1.06536e-38  8.90326e-38  2.21738e-39 -1.75967e-39 -3.67321e-40 -5.64861e-40  2.12453e-41  -2.1399e-41 -2.23731e-43  2.42446e-44  -1.2861e-44
-3.62312e-35 -1.09403e-33  7.24493e-36 -1.29003e-33  -2.5886e-34  1.32209e-32 -2.85423e-34 -1.55746e-33  1.63556e-34  9.38921e-34 -8.26489e-35  3.76957e-33 -3.43555e-35  -1.9639e-36  1.00949e-35  -1.0841e-32  2.33644e-35  1.09982e-31  9.69118e-36 -9.60439e-31   2.3043e-35   7.3035e-30 -2.07846e-35 -4.88294e-29 -1.45827e-35  2.88812e-28  1.02978e-35  -1.5186e-27 -3.48713e-36  7.12471e-27  2.09231e-36 -2.99059e-26  6.59107e-37  1.12513e-25 -1.52088e-35  -3.7979e-25  5.67528e-35  1.15044e-24 -1.89381e-34 -3.12536e-24  5.67186e-34  7.60338e-24  -1.4645e-33 -1.65234e-23  3.10065e-33  3.19569e-23 -4.53434e-33 -5.47154e-23 -1.78816e-34  8.23184e-23  3.22054e-32  -1.0767e-22 -1.50063e-31  1.20498e-22  4.88906e-31  -1.1247e-22 -1.31573e-30  8.35436e-23  3.08308e-30 -4.42604e-23 -6.43999e-30  1.03571e-23  1.21413e-29  7.30333e-24 -2.08094e-29 -9.07845e-24  3.25663e-29  3.61981e-24 -4.66576e-29  7.14851e-25   6.1279e-29  -1.4101e-24  -7.3806e-29  4.05844e-25  8.14747e-29  2.15119e-25 -8.23137e-29 -1.60911e-25  7.59249e-29 -9.11845e-27 -6.37131e-29  3.48349e-26   4.8409e-29 -3.16373e-27 -3.30934e-29 -5.76504e-27  2.01895e-29  8.40027e-28 -1.08756e-29  8.14562e-28  5.09999e-30 -1.03902e-28 -2.04125e-30 -9.90139e-29  6.76655e-31  5.20623e-30 -1.75962e-31  9.50913e-30  3.12474e-32  4.55862e-31  -1.3529e-33 -6.15547e-31 -1.55705e-33 -9.60092e-32   8.1097e-34  1.94562e-32 -2.89321e-34   6.3198e-33  8.67729e-35  9.24644e-35 -2.09347e-35 -1.57164e-34  3.62545e-36 -1.87871e-35 -3.76812e-37  5.15102e-37  1.02664e-38  2.42087e-37  2.65295e-39  1.37421e-38 -3.56106e-40 -1.77972e-40  1.74054e-41 -3.10218e-41 -1.62192e-43 -3.91444e-43
  1.1033e-33  -9.4701e-35 -6.72805e-34  3.78876e-35 -1.51141e-33 -2.85423e-34  1.28961e-32 -2.61492e-34 -1.45201e-33  2.26174e-34  9.76045e-34 -2.01832e-35  2.14695e-33 -3.64976e-35  1.80978e-32 -4.14576e-35 -2.01893e-31  4.33414e-35  1.89577e-30  1.73409e-35 -1.54455e-29  3.34508e-35  1.10203e-28 -2.27797e-35 -6.93634e-28  -2.6203e-35  3.87269e-27  1.23685e-35 -1.92614e-26  -1.0357e-36  8.56126e-26 -4.94449e-36 -3.40833e-25  3.34035e-35  1.21706e-24 -1.54283e-34 -3.90047e-24  5.72019e-34  1.12169e-23  -1.9229e-33 -2.89158e-23   5.8382e-33   6.6689e-23 -1.58406e-32 -1.37184e-22  3.78553e-32  2.50592e-22  -7.7257e-32 -4.03956e-22  1.24367e-31  5.69596e-22 -1.12587e-31 -6.93551e-22  -1.7298e-31  7.14934e-22  1.25263e-30   -6.033e-22 -4.15697e-30  3.89431e-22  1.05913e-29 -1.58015e-22 -2.28867e-29 -2.98336e-24   4.3534e-29  5.88147e-23 -7.42059e-29 -4.07709e-23   1.1446e-28  6.55271e-24 -1.60673e-28  8.76433e-24  2.05926e-28 -5.93645e-24 -2.41353e-28  1.01666e-26  2.58751e-28  1.47511e-24 -2.53504e-28 -4.01455e-25  2.26467e-28 -2.31183e-25 -1.83828e-28  1.18256e-25  1.34901e-28  2.82006e-26 -8.88915e-29 -2.20809e-26  5.21258e-29 -3.39838e-27 -2.68828e-29  3.09131e-27  1.20028e-29  4.86996e-28 -4.53883e-30 -3.22724e-28  1.40635e-30  -6.9652e-29 -3.36995e-31  2.21673e-29  5.43562e-32  7.44241e-30 -2.39618e-33 -6.33895e-31 -1.88169e-33 -4.82938e-31  9.08595e-34   -2.849e-32 -3.31761e-34  1.48298e-32  1.07587e-34  2.59478e-33 -2.69201e-35 -5.95326e-35  4.50755e-36 -5.22012e-35 -4.21277e-37  -4.0787e-36  7.95421e-39  1.25895e-37  2.53641e-39   2.9437e-38 -2.76039e-40  1.00958e-39  1.17854e-41 -3.81502e-42 -9.81822e-44
 2.60254e-35  1.91989e-33 -1.51445e-34  1.56549e-34  9.36739e-35 -1.55746e-33 -2.61492e-34  1.20311e-32 -2.14086e-34 -1.47446e-33  2.60923e-34  2.77797e-33  2.35227e-35 -2.45023e-32 -1.58835e-35  3.27835e-31 -8.83242e-35 -3.31977e-30  5.13663e-35  2.90293e-29  2.44583e-35 -2.21422e-28  4.97834e-35  1.48503e-27 -2.40984e-35 -8.81282e-27 -3.80139e-35  4.65015e-26  9.76176e-36 -2.18977e-25  1.52221e-35  9.22763e-25 -7.26551e-35 -3.48607e-24  3.28336e-34  1.18189e-23 -1.33219e-33 -3.59678e-23  4.83177e-33  9.81949e-23 -1.59529e-32 -2.40142e-22  4.78533e-32  5.24787e-22 -1.29873e-31 -1.02103e-21  3.16811e-31  1.75942e-21 -6.86292e-31 -2.66547e-21  1.28916e-30  3.51296e-21  -1.9873e-30 -3.96503e-21  2.09639e-30  3.73729e-21    2.046e-31 -2.80988e-21 -8.57597e-30   1.5155e-21   2.8938e-29 -3.74598e-22 -6.89658e-29 -2.36664e-22  1.36063e-28  3.11133e-22 -2.33818e-28 -1.29852e-22  3.58018e-28  -2.1485e-23 -4.94294e-28  4.91405e-23  6.19466e-28 -1.52948e-23 -7.07273e-28  -7.1693e-24  7.36838e-28   5.8713e-24 -7.00327e-28  1.77495e-25  6.06171e-28 -1.25971e-24  -4.7615e-28  1.47271e-25  3.37626e-28  2.08059e-25 -2.14507e-28 -3.64861e-26    1.209e-28 -2.96271e-26 -5.96506e-29  4.68038e-27  2.53041e-29  3.67903e-27 -8.99742e-30 -2.90075e-28  2.57974e-30 -3.66038e-28 -5.57397e-31 -9.74562e-30  7.75709e-32  2.48915e-29  -2.6929e-33  3.38691e-30   -1.638e-33 -8.66595e-31  6.61559e-34 -2.46814e-31 -2.92496e-34  2.42262e-34  1.17883e-34  6.69309e-33 -3.14538e-35   7.1963e-34  5.00428e-36  -3.1198e-35 -4.05724e-37 -1.03715e-35   4.6038e-39  -5.3213e-37  1.86012e-39    1.134e-38 -1.65011e-40  1.37096e-39  6.45906e-42  1.60551e-41
-8.44169e-34   4.3164e-35  2.69534e-33 -1.71314e-34  7.58124e-34  1.63556e-34 -1.45201e-33 -2.14086e-34  1.13456e-32 -1.72504e-34 -3.88409e-33  2.56939e-34  3.73684e-32  3.98237e-35  -4.7163e-31   2.8246e-35  5.20029e-30 -1.18765e-34 -4.89344e-29  4.16361e-35  3.99783e-28  2.64351e-35 -2.86141e-27  7.25708e-35  1.80701e-26 -2.56133e-35 -1.01245e-25 -4.43092e-35  5.05428e-25 -1.66306e-35 -2.25535e-24  1.35833e-34  9.01613e-24 -6.16528e-34 -3.23369e-23  2.61416e-33  1.04117e-22 -1.01124e-32 -3.00898e-22  3.55955e-32  7.79754e-22 -1.14387e-31 -1.80842e-21  3.35272e-31  3.74229e-21 -8.94417e-31 -6.87979e-21  2.16368e-30   1.1167e-20 -4.71597e-30 -1.58648e-20  9.15716e-30  1.94784e-20 -1.55032e-29 -2.02689e-20  2.18194e-29  1.72965e-20 -2.20946e-29 -1.13315e-20  3.99831e-30  4.72426e-21  5.18866e-29 -1.79395e-23  -1.6921e-28 -1.69302e-21  3.68023e-28  1.22226e-21 -6.53223e-28 -2.21008e-22  1.00396e-27 -2.52768e-22 -1.37063e-27  1.82767e-22  1.68399e-27 -5.02558e-24 -1.87528e-27 -4.44605e-23  1.89963e-27  1.34303e-23 -1.75228e-27  6.75858e-24  1.47017e-27 -3.85996e-24 -1.11818e-27 -7.81201e-25  7.66626e-28  7.21863e-25 -4.69912e-28  8.95617e-26  2.54635e-28 -1.02607e-25 -1.20133e-28 -1.32695e-26  4.83165e-29  1.10411e-26 -1.60666e-29  2.05926e-27  4.20723e-30 -8.02648e-28 -7.92655e-31 -2.36725e-28  8.57367e-32  2.73273e-29 -7.95396e-34  1.64215e-29 -3.12428e-34  6.85709e-31 -1.16714e-34 -5.47551e-31 -1.52556e-34 -8.55183e-32  1.17333e-34  3.51324e-33 -3.39599e-35  1.90888e-33  4.95058e-36  1.32442e-34 -3.27261e-37 -6.09846e-36  1.52562e-39 -1.09933e-36  9.00686e-40 -3.39693e-38 -6.87187e-41  2.44621e-40  2.53601e-42
 1.73627e-35 -1.74578e-33  3.93418e-35  3.35986e-33 -1.42537e-34  9.38921e-34  2.26174e-34 -1.47446e-33 -1.72504e-34   1.3288e-32 -1.47506e-34 -4.52983e-32  2.15445e-34  6.15649e-31   2.9509e-35 -7.32911e-30  9.31953e-35  7.44654e-29 -1.29029e-34 -6.53081e-28   1.4822e-35  4.99701e-27   1.9957e-35  -3.3626e-26  1.00847e-34  2.00255e-25 -3.11797e-35  -1.0606e-24 -1.71641e-35   5.0141e-24 -2.04552e-34 -2.12173e-23  1.02141e-33  8.05094e-23 -4.53244e-33 -2.74228e-22  1.84644e-32  8.38672e-22   -6.877e-32 -2.30168e-21  2.34129e-31  5.66039e-21 -7.29249e-31 -1.24436e-20  2.07713e-30  2.43652e-20 -5.40321e-30 -4.22745e-20  1.28053e-29  6.45228e-20 -2.75365e-29 -8.57351e-20  5.33674e-29  9.76561e-20 -9.21388e-29 -9.30257e-20  1.38652e-28  7.08659e-20 -1.73312e-28 -3.89722e-20  1.55559e-28  1.02046e-20 -2.39714e-29  5.68281e-21 -2.90662e-28 -7.98775e-21  8.37729e-28  3.50308e-21 -1.61272e-27  4.59507e-22  2.53384e-27 -1.28202e-21 -3.44714e-27  4.33466e-22  4.16582e-27  1.76552e-22 -4.53069e-27 -1.60778e-22  4.46496e-27 -2.00263e-25 -3.99871e-27  3.40923e-23  3.25374e-27  -5.0021e-24 -2.39806e-27 -5.60357e-24  1.59125e-27  1.17858e-24 -9.41964e-28   8.0291e-25  4.91084e-28 -1.56056e-25 -2.21508e-28 -1.01952e-25  8.42943e-29  1.12145e-26 -2.60467e-29   1.0532e-26  6.11741e-30  2.55157e-29 -9.46579e-31 -7.54951e-28  5.65745e-32 -8.65481e-29  4.55813e-33   2.8829e-29  2.66575e-33  7.18192e-30 -1.50756e-33  -1.4235e-31  6.58111e-35 -2.13818e-31  1.11362e-34 -2.02901e-32 -3.42903e-35  1.30464e-33  4.30534e-36  3.33574e-34 -2.05152e-37  1.50888e-35 -3.07218e-40   -4.917e-37  6.64562e-41 -4.57203e-38 -1.33501e-41 -4.86915e-40
-4.67533e-35  3.86177e-35 -2.22321e-33  1.55623e-35  3.76464e-33 -8.26489e-35  9.76045e-34  2.60923e-34 -3.88409e-33 -1.47506e-34   5.6438e-32 -1.31099e-34 -7.20634e-31  1.45876e-34  9.34399e-30 -2.27738e-36 -1.02777e-28  1.73592e-34  9.70126e-28 -1.21779e-34 -7.95082e-27 -2.22767e-35  5.70976e-26  3.26791e-36 -3.61854e-25  1.36182e-34  2.03499e-24 -7.29094e-35 -1.01991e-23  2.32021e-34   4.5701e-23 -1.50282e-33 -1.83504e-22  7.04176e-33  6.61226e-22 -3.01721e-32 -2.13954e-21  1.18306e-31  6.21581e-21 -4.24642e-31 -1.61979e-20  1.39606e-30  3.77903e-20 -4.20566e-30 -7.87006e-20  1.16064e-29  1.45673e-19 -2.93149e-29 -2.38203e-19  6.76442e-29  3.41146e-19 -1.42184e-28 -4.22604e-19  2.70969e-28  4.44235e-19 -4.64683e-28   -3.837e-19  7.07886e-28   2.5544e-19 -9.34873e-28 -1.09656e-19  1.01289e-27  3.12427e-21 -7.52487e-28  3.75724e-20 -3.94787e-29 -2.83925e-20  1.47014e-27  5.76777e-21 -3.47047e-27  5.59876e-21  5.75905e-27 -4.36073e-21 -7.89756e-27  2.43194e-22   9.4275e-27  1.03368e-21 -1.00277e-26 -3.48283e-22   9.6175e-27 -1.50871e-22 -8.36448e-27  9.76578e-23  6.60454e-27  1.60854e-23 -4.72168e-27 -1.82732e-23  3.03659e-27 -1.68307e-24 -1.73859e-27  2.63602e-24  8.73106e-28  2.61256e-25  -3.7663e-28 -2.92433e-25  1.35351e-28 -4.56214e-26 -3.85668e-29  2.24689e-26  7.90967e-30  5.75458e-27 -8.80342e-31 -8.85041e-28  -3.2652e-32 -4.30484e-28  1.32567e-32 -9.51901e-30  7.78622e-33  1.56471e-29 -3.40862e-33  2.14978e-30  2.97792e-34 -1.38527e-31  1.08185e-34 -5.39752e-32 -3.25458e-35 -3.24234e-33  3.19156e-36  2.18537e-34 -7.52501e-38  3.17726e-35 -7.96816e-40  8.66423e-37 -3.57573e-40 -1.05603e-38  3.60852e-42
-6.07108e-36  9.98619e-36  5.91857e-35 -2.08422e-33 -1.39156e-35  3.76957e-33 -2.01832e-35  2.77797e-33  2.56939e-34 -4.52983e-32 -1.31099e-34  7.66544e-31 -1.08228e-34 -1.07994e-29  5.95172e-35  1.29097e-28 -4.97981e-35 -1.31525e-27  2.62559e-34  1.15719e-26 -1.02399e-34 -8.88382e-26  -5.8676e-35  5.99928e-25 -2.83647e-35 -3.58617e-24  2.13111e-34  1.90684e-23 -3.82386e-34 -9.05247e-23  1.94469e-33  3.84752e-22 -9.91612e-33 -1.46678e-21  4.46733e-32  5.02089e-21 -1.84162e-31 -1.54362e-20  6.95057e-31  4.26006e-20 -2.40419e-30 -1.05389e-19  7.62685e-30  2.33157e-19 -2.21965e-29 -4.59647e-19  5.92512e-29  8.03367e-19 -1.44959e-28 -1.23596e-18  3.24557e-28  1.65672e-18 -6.63466e-28 -1.90569e-18  1.23383e-27  1.83612e-18 -2.07582e-27 -1.41871e-18  3.13154e-27  7.96767e-19 -4.17179e-27 -2.21494e-19  4.76379e-27   -1.067e-19 -4.33934e-27  1.62562e-19   2.3897e-27 -7.52045e-20  1.26606e-27 -7.13605e-21 -6.27451e-27  2.64875e-20  1.17498e-26 -9.77146e-21  -1.6533e-26 -3.38344e-21  1.96004e-26  3.49535e-21 -2.04153e-26 -1.06343e-22  1.90557e-26 -7.30111e-22 -1.60942e-26  1.32088e-22  1.23387e-26  1.18989e-22 -8.56798e-27 -2.99867e-23  5.35074e-27 -1.71179e-23 -2.96944e-27  4.08464e-24  1.43914e-27  2.22465e-24 -5.94206e-28 -3.28066e-25   2.0131e-28 -2.39353e-25 -5.24007e-29  6.10161e-27  8.99152e-30  1.81447e-26 -4.47988e-31  1.66217e-27 -1.94583e-31 -7.58309e-28  2.28063e-32 -1.64178e-28  1.52551e-32  7.06622e-30 -5.51595e-33  5.41381e-30  4.58565e-34  4.41934e-31  1.13597e-34 -4.13197e-32  -2.8948e-35 -8.50098e-33  1.88129e-36 -3.28127e-34  2.54415e-38  1.61164e-35 -5.73547e-40  1.21029e-36 -3.69112e-40  1.14245e-38
 4.91411e-35 -1.30004e-35 -1.07726e-35  6.65992e-35 -1.51136e-33 -3.43555e-35  2.14695e-33  2.35227e-35  3.73684e-32  2.15445e-34 -7.20634e-31 -1.08228e-34  1.13377e-29 -6.73919e-35   -1.479e-28 -3.50443e-35  1.63178e-27 -1.08466e-34 -1.54513e-26  3.52331e-34  1.27059e-25 -7.64789e-35 -9.15689e-25 -7.79397e-35  5.82488e-24 -1.14543e-34 -3.28877e-23  5.92761e-34  1.65519e-22  -2.4477e-33 -7.44957e-22   1.2687e-32  3.00526e-21 -6.04614e-32 -1.08827e-20  2.61841e-31   3.5399e-20 -1.03804e-30 -1.03416e-19   3.7715e-30  2.71097e-19 -1.25717e-29 -6.36497e-19  3.84709e-29  1.33455e-18   -1.081e-28 -2.48828e-18  2.78856e-28  4.10097e-18 -6.59895e-28 -5.92406e-18  1.43067e-27  7.40908e-18 -2.83586e-27 -7.87356e-18   5.1237e-27  6.88971e-18 -8.39996e-27 -4.66672e-18  1.24106e-26  2.06681e-18 -1.63438e-26  -1.1374e-19  1.88156e-26  -6.7189e-19 -1.81916e-26  5.34457e-19  1.32418e-26  -1.2174e-19 -3.86888e-27 -9.94103e-20 -8.52092e-27  8.43043e-20  2.13298e-26 -7.30221e-21 -3.16987e-26 -1.93668e-20   3.7577e-26  7.31723e-21 -3.83584e-26  2.67632e-21  3.48189e-26 -2.00148e-21 -2.85443e-26 -2.51036e-22  2.12597e-26  3.74262e-22 -1.43643e-26  2.16265e-23  8.73404e-27 -5.47606e-23 -4.71224e-27 -3.64687e-24     2.21e-27  6.26383e-24 -8.74758e-28  7.77454e-25  2.78977e-28 -5.08193e-25 -6.55674e-29 -1.11144e-25  8.71651e-30  2.26919e-26  4.49831e-31   9.0795e-27 -4.21914e-31   -6.766e-30   2.8328e-32 -3.61403e-28  2.47735e-32 -4.27982e-29 -7.39096e-33  4.10231e-30  4.81161e-34   1.2324e-30  1.26887e-34  6.15509e-32 -2.38814e-35 -6.14773e-33  7.05806e-37 -7.41783e-34  7.59071e-38 -1.72508e-35 -3.20877e-40  3.35848e-37 -1.83385e-40
 6.90303e-36  9.83438e-35 -1.74905e-35   -8.817e-35  5.01464e-35  -1.9639e-36 -3.64976e-35 -2.45023e-32  3.98237e-35  6.15649e-31  1.45876e-34 -1.07994e-29 -6.73919e-35  1.54743e-28 -4.95873e-36 -1.85591e-27 -1.32608e-34  1.89683e-26 -1.74727e-34 -1.67447e-25  4.34803e-34  1.29007e-24 -5.29983e-35 -8.74459e-24 -3.01091e-35  5.24795e-23 -5.29432e-34 -2.80214e-22  2.91654e-33  1.33618e-21  -1.5053e-32 -5.70574e-21  7.51279e-32    2.186e-20   -3.422e-31 -7.52223e-20  1.42427e-30  2.32557e-19  -5.4316e-30 -6.45622e-19  1.90035e-29  1.60732e-18  -6.1054e-29 -3.58002e-18  1.80218e-28  7.10896e-18 -4.88814e-28 -1.25224e-17  1.21794e-27  1.94299e-17 -2.78559e-27 -2.62893e-17  5.84073e-27  3.05594e-17 -1.12057e-26  -2.9806e-17  1.96171e-26  2.33839e-17 -3.12128e-26 -1.34319e-17  4.48787e-26  3.97064e-18 -5.78035e-26  1.61719e-18   6.5738e-26 -2.71892e-18 -6.42656e-26    1.332e-18  5.08015e-26  7.56882e-20 -2.63392e-26 -4.49124e-19 -4.24041e-27  1.81583e-19  3.38032e-26  5.19146e-20 -5.57967e-26 -6.25212e-20  6.66882e-26  4.06449e-21 -6.66994e-26  1.28137e-20  5.87599e-26 -2.82454e-21 -4.66954e-26 -2.06068e-21  3.38028e-26  6.23524e-22 -2.22751e-26  2.96694e-22  1.32355e-26 -8.71491e-23  -6.9711e-27 -3.95047e-23  3.17566e-27  7.64707e-24 -1.20797e-27  4.44454e-24  3.62296e-28 -2.59008e-25 -7.57552e-29 -3.57731e-25  6.58724e-30 -2.38138e-26  1.81537e-30  1.63467e-26 -6.83896e-31  3.04165e-27  2.40067e-32 -2.20838e-28  3.53941e-32  -1.1247e-28 -8.59552e-33 -7.58915e-30  3.49818e-34  1.04421e-30   1.4073e-34  1.77606e-31 -1.79939e-35  5.54243e-33 -8.02926e-38 -4.20816e-34  7.89812e-38 -2.62783e-35 -2.51971e-40 -2.14342e-37
-2.60037e-34  9.89314e-36  1.71959e-34 -1.36407e-35 -5.62822e-34  1.00949e-35  1.80978e-32 -1.58835e-35  -4.7163e-31   2.9509e-35  9.34399e-30  5.95172e-35   -1.479e-28 -4.95873e-36  1.93705e-27  7.54608e-35 -2.14399e-26  -2.2935e-34  2.03696e-25 -2.45212e-34 -1.68098e-24  5.05723e-34    1.216e-23 -7.28848e-35 -7.76593e-23   3.5693e-34  4.40311e-22 -2.94407e-33 -2.22586e-21  1.66053e-32   1.0065e-20 -8.62675e-32 -4.08058e-20  4.12688e-31  1.48546e-19 -1.80369e-30 -4.85886e-19  7.21777e-30  1.42793e-18 -2.64922e-29 -3.76688e-18  8.92911e-29   8.9038e-18 -2.76575e-28 -1.88037e-17  7.87598e-28  3.53327e-17 -2.06202e-27 -5.87237e-17  4.96152e-27  8.56132e-17 -1.09627e-26 -1.08174e-16  2.22146e-26  1.16304e-16 -4.12052e-26 -1.03202e-16  6.97759e-26  7.12121e-17 -1.07473e-25 -3.25976e-17  1.49794e-25  2.71367e-18 -1.87502e-25  9.96683e-18  2.08319e-25 -8.39933e-18 -2.01301e-25  2.14057e-18  1.62338e-25  1.45375e-18 -9.76423e-26 -1.36019e-18  2.24925e-26  1.63495e-19  4.48189e-26  3.00835e-19 -9.05382e-26 -1.28248e-19  1.10102e-25 -3.85723e-20 -1.07626e-25  3.42109e-20  9.16248e-26  2.88611e-21 -7.03868e-26 -6.38365e-21  4.95356e-26 -1.32193e-22 -3.19401e-26  9.46599e-22  1.86421e-26  2.96287e-23 -9.64004e-27 -1.11653e-22  4.28739e-27 -1.00977e-23  -1.5728e-27  9.55957e-24  4.43481e-28  1.74103e-24 -8.09501e-29 -4.76943e-25  2.44588e-30 -1.58246e-25  3.53092e-30  4.43358e-27 -9.32416e-31   6.9409e-27  5.59083e-33  6.86902e-28   4.5566e-32 -9.68356e-29  -8.8404e-33 -2.33602e-29  1.09545e-34 -9.03857e-31  1.45325e-34  1.41114e-31 -1.21542e-35  1.43787e-32 -4.04561e-37  2.69618e-34  5.50181e-38 -8.44981e-36 -1.98864e-40
 3.46627e-36 -4.28562e-34  8.88063e-36  4.23951e-34  1.28984e-36  -1.0841e-32 -4.14576e-35  3.27835e-31   2.8246e-35 -7.32911e-30 -2.27738e-36  1.29097e-28 -3.50443e-35 -1.85591e-27  7.54608e-35  2.23313e-26  1.65693e-34 -2.29005e-25 -3.20482e-34  2.02878e-24 -3.18304e-34 -1.56892e-23  5.89356e-34  1.06769e-22 -3.77927e-34 -6.43454e-22  2.66008e-33  3.45099e-21 -1.67083e-32 -1.65331e-20  9.18281e-32  7.09509e-20  -4.6081e-31 -2.73263e-19  2.11468e-30  9.45582e-19 -8.87999e-30 -2.94072e-18  3.41869e-29  8.21556e-18  -1.2084e-28  -2.0591e-17  3.92553e-28  4.61932e-17 -1.17271e-27 -9.24371e-17  3.22259e-27  1.64189e-16 -8.14507e-27 -2.57076e-16  1.89257e-26  3.51326e-16 -4.03914e-26 -4.13006e-16  7.90692e-26  4.08131e-16 -1.41698e-25 -3.25464e-16  2.31849e-25  1.91492e-16 -3.45126e-25 -6.02609e-17  4.65098e-25 -2.01445e-17 -5.63497e-25  3.83091e-17  6.07463e-25 -1.99539e-17 -5.72911e-25 -3.41914e-19  4.57952e-25  6.40289e-18 -2.87759e-25 -2.85077e-18  1.05923e-25 -6.45207e-19  4.41013e-26  9.42766e-19 -1.36649e-25 -9.69881e-20  1.70372e-25  -1.8865e-19 -1.61673e-25  5.03053e-20  1.31914e-25  2.97403e-20  -9.7437e-26  -1.0869e-20    6.665e-26 -4.26486e-21  -4.2249e-26  1.55561e-21  2.44042e-26   5.8255e-22 -1.24882e-26 -1.46914e-22   5.4594e-27 -6.89126e-23 -1.94072e-27  6.73602e-24  5.14798e-28  5.91985e-24 -8.00302e-29  2.30038e-25 -3.43044e-30 -2.95888e-25  5.37714e-30 -4.64619e-26 -1.11608e-30  5.20843e-27  -2.7216e-32  1.96151e-27  5.34244e-32  1.02073e-28  -8.0818e-33 -2.17764e-29 -1.54404e-34 -3.11013e-30   1.3415e-34  -7.0804e-32 -7.20322e-36  9.05705e-33 -3.81407e-37   4.7913e-34  2.70104e-38  3.23744e-36
-1.10101e-35  6.72094e-36 -5.83745e-34  6.08087e-36  5.67758e-33  2.33644e-35 -2.01893e-31 -8.83242e-35  5.20029e-30  9.31953e-35 -1.02777e-28 -4.97981e-35  1.63178e-27 -1.32608e-34 -2.14399e-26  1.65693e-34  2.38103e-25  2.55755e-34 -2.27021e-24 -3.98059e-34  1.88051e-23 -4.10871e-34 -1.36575e-22  8.75903e-34  8.75894e-22  -2.3443e-33  -4.9882e-21  1.54775e-32   2.5335e-20 -9.03926e-32 -1.15132e-19  4.77411e-31  4.69231e-19  -2.3003e-30  -1.7177e-18  1.01374e-29  5.65186e-18  -4.0938e-29 -1.67146e-17   1.5174e-28  4.43895e-17 -5.16855e-28 -1.05677e-16  1.61916e-27  2.24894e-16  -4.6673e-27 -4.26085e-16  1.23808e-26  7.14532e-16 -3.02165e-26 -1.05198e-15  6.78097e-26  1.34379e-15 -1.39783e-25  -1.4629e-15  2.64296e-25  1.31762e-15 -4.57424e-25 -9.27376e-16  7.22697e-25  4.39501e-16 -1.03855e-24 -4.96534e-17  1.35089e-24 -1.25119e-16 -1.57987e-24  1.12554e-16  1.64515e-24 -3.20233e-17 -1.50236e-24 -1.78081e-17  1.17121e-24  1.86995e-17 -7.35272e-25 -2.93156e-18  3.08257e-25  -3.9493e-18  1.53176e-26  1.91433e-18 -1.95649e-25  4.55287e-19  2.50047e-25 -4.97702e-19  -2.2713e-25 -2.05004e-20  1.74979e-25  9.24996e-20  -1.2301e-25 -1.82701e-21   8.1683e-26 -1.38853e-20 -5.12735e-26    1.046e-22  2.96443e-26  1.68903e-21 -1.51797e-26  9.17595e-23  6.58141e-27 -1.52589e-22 -2.28129e-27 -2.22297e-23  5.70328e-28  8.42021e-24  -7.3087e-29  2.31719e-24 -1.03726e-29  -1.4293e-25  7.08685e-30 -1.13012e-25  -1.1964e-30 -8.87733e-27 -6.97833e-32  1.88877e-27   5.7279e-32  3.74332e-28 -6.52589e-33  9.67091e-30 -3.55876e-34 -2.71316e-30  1.07719e-34 -2.35635e-31 -3.64995e-36 -3.19744e-33 -2.14193e-37  1.75552e-34  8.38836e-39
 -2.2852e-36  1.16429e-35  9.92615e-36 -2.89364e-33  5.54166e-36  1.09982e-31  4.33414e-35 -3.31977e-30 -1.18765e-34  7.44654e-29  1.73592e-34 -1.31525e-27 -1.08466e-34  1.89683e-26  -2.2935e-34 -2.29005e-25  2.55755e-34  2.35676e-24  3.35527e-34 -2.09574e-23 -4.41772e-34  1.62714e-22  -6.5687e-34 -1.11198e-21  2.46045e-33  6.73122e-21 -1.32964e-32 -3.62709e-20  8.24437e-32  1.74634e-19 -4.59042e-31 -7.53386e-19  2.32471e-30  2.91784e-18  -1.0754e-29 -1.01566e-17  4.55602e-29  3.17857e-17 -1.77097e-28 -8.93965e-17  6.32486e-28  2.25661e-16  -2.0775e-27 -5.10121e-16  6.27993e-27   1.0292e-15 -1.74756e-26 -1.84436e-15  4.47675e-26  2.91579e-15 -1.05535e-25 -4.02747e-15  2.28784e-25  4.79168e-15 -4.55572e-25 -4.80176e-15  8.31955e-25  3.89647e-15 -1.39032e-24 -2.35167e-15  2.12015e-24  7.88307e-16 -2.93917e-24  2.07505e-16  3.68579e-24 -4.62856e-16 -4.15295e-24  2.57409e-16  4.16432e-24 -6.19869e-18 -3.66243e-24 -7.80657e-17  2.75591e-24  3.84865e-17 -1.68659e-24  6.44506e-18  7.25564e-25 -1.21933e-17 -5.78145e-26  1.76287e-18 -2.75956e-25  2.36712e-18  3.54474e-25 -7.61537e-19 -3.00612e-25 -3.62365e-19  2.12994e-25  1.61783e-19 -1.39704e-25  5.13649e-20  8.97307e-26 -2.36705e-20 -5.64649e-26 -7.21034e-21   3.3277e-26  2.38151e-21 -1.73284e-26  9.04119e-22  7.53893e-27 -1.32861e-22 -2.56794e-27 -8.35031e-23  6.07045e-28 -6.19583e-25 -6.13514e-29   4.5746e-24  -1.7483e-29  5.88149e-25  8.41294e-30 -9.92483e-26 -1.15909e-30 -2.91604e-26 -1.13672e-31 -1.01198e-27  5.61425e-32  3.83517e-28 -4.54661e-33  4.63021e-29 -4.44266e-34  5.92784e-31  7.31524e-35 -1.64613e-31 -1.52896e-36 -7.44946e-33  -6.8505e-38 -3.82956e-35
-1.18875e-35 -4.99008e-36  8.88446e-34  1.30316e-35 -5.27069e-32  9.69118e-36  1.89577e-30  5.13663e-35 -4.89344e-29 -1.29029e-34  9.70126e-28  2.62559e-34 -1.54513e-26 -1.74727e-34  2.03696e-25 -3.20482e-34 -2.27021e-24  3.35527e-34   2.1727e-23  3.92823e-34  -1.8069e-22 -3.62149e-34   1.3178e-21 -1.83243e-33 -8.48908e-21  1.10721e-32  4.85728e-20 -6.95663e-32 -2.47929e-19  4.09807e-31  1.13263e-18 -2.18364e-30 -4.64197e-18   1.0609e-29  1.70935e-17  -4.7162e-29 -5.65981e-17  1.92281e-28  1.68502e-16  -7.2011e-28 -4.50691e-16  2.48014e-27  1.08113e-15 -7.86159e-27 -2.31962e-15  2.29456e-26  4.43351e-15 -6.16758e-26 -7.50605e-15  1.52648e-25  1.11669e-14 -3.47717e-25 -1.44314e-14  7.28372e-25  1.59207e-14 -1.40131e-24 -1.45698e-14   2.4718e-24  1.04728e-14 -3.98833e-24 -5.14645e-15  5.86887e-24  7.41454e-16 -7.84499e-24  1.34787e-15  9.47663e-24 -1.30614e-15 -1.02733e-23  4.14059e-16  9.89727e-24  1.84381e-16 -8.35031e-24 -2.22385e-16  6.02093e-24  4.37472e-17 -3.53485e-24  4.43773e-17  1.48075e-24 -2.47066e-17 -1.74279e-25 -4.35906e-18 -4.04924e-25  6.25333e-18  4.97281e-25 -2.89964e-20 -3.79324e-25  -1.1547e-18  2.36393e-25  7.45464e-20 -1.38764e-25  1.75198e-19  8.53281e-26  -8.9466e-21 -5.51493e-26 -2.19818e-20  3.42286e-26 -3.25442e-22 -1.85767e-26  2.09634e-21  8.23517e-27  2.27528e-22 -2.78219e-27  -1.2707e-22  6.24873e-28 -2.87524e-23 -4.67809e-29  3.02641e-24 -2.38531e-29  1.58078e-24  9.18481e-30  8.93315e-26 -1.01615e-30 -3.11725e-26 -1.49438e-31 -5.12895e-27  5.00993e-32 -5.43076e-29 -2.55976e-33  4.45232e-29 -4.19531e-34  3.30088e-30  4.01302e-35  2.42562e-32 -5.05276e-37 -3.08603e-33 -4.56759e-39
 6.07947e-37 -2.79012e-34 -8.71775e-36  2.14009e-32  1.68801e-35 -9.60439e-31  1.73409e-35  2.90293e-29  4.16361e-35 -6.53081e-28 -1.21779e-34  1.15719e-26  3.52331e-34 -1.67447e-25 -2.45212e-34  2.02878e-24 -3.98059e-34 -2.09574e-23  3.92823e-34  1.87103e-22  3.94841e-34 -1.45879e-21   3.0741e-34  1.00137e-20 -7.95832e-33 -6.09022e-20  5.45575e-32  3.29805e-19 -3.38992e-31  -1.5963e-18  1.90607e-30  6.92506e-18 -9.73311e-30 -2.69796e-17   4.5416e-29  9.45033e-17 -1.94246e-28 -2.97732e-16  7.62994e-28  8.43326e-16 -2.75597e-27 -2.14497e-15  9.16208e-27  4.88829e-15 -2.80496e-26 -9.94877e-15  7.91034e-26  1.79973e-14 -2.05498e-25 -2.87461e-14  4.91639e-25  4.01588e-14 -1.08257e-24 -4.83934e-14  2.19192e-24  4.92228e-14 -4.07526e-24 -4.06901e-14  6.94442e-24  2.52266e-14 -1.08191e-23 -9.01001e-15   1.5361e-23  -1.7515e-15 -1.97927e-23  4.85846e-15  2.30179e-23 -2.89822e-15 -2.39833e-23  1.93629e-16  2.21605e-23  8.23848e-16 -1.78825e-23 -4.52736e-16  1.22869e-23 -4.93804e-17 -6.83799e-24  1.36963e-16  2.69188e-24 -2.61513e-17 -2.84789e-25 -2.55768e-17 -6.45461e-25   9.9483e-18  7.07252e-25  3.74784e-18 -4.64705e-25 -2.08449e-18  2.36904e-25 -5.18366e-19 -1.12494e-25  3.11304e-19  6.39337e-26  7.49906e-20 -4.52323e-26 -3.31267e-20  3.17011e-26 -1.00987e-20 -1.86727e-26  2.13439e-21  8.60762e-27  1.01385e-21 -2.91504e-27 -2.98598e-23  6.25852e-28 -6.11438e-23 -3.14917e-29 -6.10276e-24 -2.87594e-29  1.58363e-24  9.33685e-30  3.73063e-25 -7.99352e-31  5.40785e-27 -1.69853e-31 -5.79856e-27   4.0345e-32 -5.90577e-28 -9.06237e-34 -2.87203e-31 -3.21241e-34  2.56916e-30  1.60092e-35  9.96163e-32 -1.23262e-37  3.19087e-34
 1.75662e-35  1.16467e-36 -7.30073e-33 -1.32157e-35  4.25874e-31   2.3043e-35 -1.54455e-29  2.44583e-35  3.99783e-28   1.4822e-35 -7.95082e-27 -1.02399e-34  1.27059e-25  4.34803e-34 -1.68098e-24 -3.18304e-34  1.88051e-23 -4.41772e-34  -1.8069e-22  3.94841e-34    1.509e-21   1.8658e-34 -1.10545e-20  3.92657e-33  7.15466e-20 -3.82671e-32 -4.11416e-19  2.58796e-31  2.11107e-18 -1.54302e-30 -9.69809e-18  8.29866e-30  3.99821e-17 -4.06628e-29 -1.48155e-16  1.82477e-28  4.93832e-16  -7.5191e-28 -1.48067e-15  2.84918e-27  3.99034e-15 -9.93745e-27 -9.64974e-15  3.19221e-26  2.08839e-14  -9.4475e-26 -4.02899e-14  2.57632e-25  6.89064e-14 -6.47278e-25 -1.03659e-13   1.4977e-24  1.35631e-13 -3.18935e-24 -1.51761e-13  6.24407e-24  1.41256e-13 -1.12221e-23 -1.03825e-13  1.84775e-23  5.29777e-14 -2.77984e-23 -9.34532e-15  3.80808e-23 -1.25775e-14 -4.72884e-23  1.32803e-14  5.29203e-23 -4.68329e-15 -5.29541e-23 -1.61457e-15  4.68626e-23  2.31359e-15 -3.60811e-23 -5.56673e-16  2.35166e-23 -4.30055e-16 -1.22836e-23  2.78842e-16  4.40701e-24  3.23169e-17 -2.51672e-25 -6.85781e-17 -1.11053e-24  3.69977e-18  1.03268e-24   1.2539e-17 -5.66045e-25 -1.44447e-18  2.11621e-25 -1.91874e-18 -5.74166e-26  1.94021e-19  2.36596e-26   2.4838e-19 -2.59113e-26 -7.35959e-21  2.54001e-26 -2.50364e-20 -1.75254e-26 -1.74202e-21   8.6352e-27  1.66017e-21 -2.96577e-27   3.0239e-22  6.12916e-28 -5.00849e-23 -1.72529e-29 -1.91584e-23 -3.17834e-29 -6.09652e-25   8.9066e-30  4.42526e-25 -5.49086e-31  6.04131e-26 -1.72079e-31 -5.08371e-28  2.88556e-32 -6.32006e-28  2.19548e-34 -3.97149e-29 -2.02105e-34  2.11143e-32  3.01744e-36  4.66776e-32 -2.01815e-38
 4.24227e-37  1.86934e-33  1.25065e-36 -1.62256e-31 -1.75457e-35   7.3035e-30  3.34508e-35 -2.21422e-28  2.64351e-35  4.99701e-27 -2.22767e-35 -8.88382e-26 -7.64789e-35  1.29007e-24  5.05723e-34 -1.56892e-23 -4.10871e-34  1.62714e-22 -3.62149e-34 -1.45879e-21   1.8658e-34  1.14245e-20 -1.00534e-33 -7.87911e-20  2.16245e-32   4.8159e-19 -1.78054e-31 -2.62173e-18  1.15196e-30  1.27605e-17 -6.56133e-30 -5.56855e-17   3.3804e-29  2.18311e-16 -1.59177e-28 -7.69796e-16  6.88096e-28  2.44244e-15 -2.73605e-27  -6.9705e-15  1.00169e-26  1.78723e-14  -3.3783e-26 -4.10822e-14  1.04988e-25   8.4389e-14 -3.00682e-25 -1.54195e-13  7.93558e-25  2.48993e-13 -1.92954e-24  -3.5207e-13   4.3205e-24  4.30069e-13 -8.90199e-24 -4.44422e-13  1.68586e-23  3.74679e-13 -2.92981e-23 -2.38939e-13  4.66234e-23  9.09243e-14 -6.77442e-23  1.16305e-14  8.95431e-23 -4.47349e-14  -1.0715e-22  2.87749e-14  1.15349e-22 -3.19753e-15 -1.10771e-22 -7.58744e-15  9.37733e-23   4.6873e-15 -6.87401e-23  2.37953e-16  4.23294e-23 -1.34813e-15 -2.05639e-23  3.27857e-16  6.50828e-24  2.39303e-16  1.84202e-25 -1.13436e-16 -1.96295e-24 -3.27876e-17  1.53742e-24  2.34863e-17 -7.01805e-25  4.31657e-18  1.66812e-25 -3.57498e-18  2.27985e-26 -6.46986e-19 -3.33426e-26  4.00287e-19  1.85572e-27  9.58334e-20  1.56502e-26 -2.89252e-20 -1.52196e-26 -1.06457e-20  8.33537e-27  7.94811e-22 -2.93926e-27  7.12321e-22  5.88853e-28  4.96157e-23 -5.19429e-30 -2.16237e-23 -3.28388e-29 -4.12494e-24  8.01088e-30  4.23356e-26 -3.03885e-31  7.61477e-26 -1.57984e-31  6.46035e-27  1.77918e-32 -1.01654e-28   7.8617e-34 -3.48437e-29  -1.0279e-34 -1.14901e-30 -1.26489e-36 -8.64362e-34
-3.40141e-34  1.10188e-36  5.13308e-32 -5.35425e-37 -3.02951e-30 -2.07846e-35  1.10203e-28  4.97834e-35 -2.86141e-27   1.9957e-35  5.70976e-26  -5.8676e-35 -9.15689e-25 -5.29983e-35    1.216e-23  5.89356e-34 -1.36575e-22  -6.5687e-34   1.3178e-21   3.0741e-34 -1.10545e-20 -1.00534e-33  8.13628e-20 -6.80427e-33 -5.29222e-19  1.02023e-31  3.05927e-18 -7.77214e-31 -1.57856e-17  4.78273e-30  7.29474e-17 -2.60224e-29 -3.02628e-16   1.2862e-28  1.12888e-15 -5.83102e-28 -3.78943e-15  2.43308e-27  1.14476e-14 -9.35516e-27  -3.1099e-14  3.31559e-26  7.58527e-14 -1.08315e-25 -1.65675e-13  3.26134e-25   3.2281e-13 -9.04961e-25 -5.58066e-13  2.31372e-24  8.49501e-13  -5.4489e-24 -1.12624e-12  1.18143e-23  1.27927e-12 -2.35644e-23 -1.21232e-12  4.31859e-23  9.12295e-13 -7.25984e-23 -4.83981e-13  1.11689e-22  1.01569e-13 -1.56768e-22   1.0221e-13  1.99954e-22 -1.19361e-13 -2.30553e-22  4.67762e-14   2.3868e-22  1.18172e-14 -2.19826e-22 -2.12309e-14  1.77809e-22  6.14174e-15 -1.23844e-22  3.60281e-15  7.17753e-23 -2.77559e-15 -3.21352e-23 -1.53748e-16  8.60889e-24  6.61358e-16  1.40183e-24 -7.14247e-17 -3.38579e-24 -1.19172e-16  2.28359e-24  2.07369e-17 -8.96683e-25   1.8333e-17  1.19807e-25 -2.94536e-18  1.15893e-25 -2.44959e-18 -1.00454e-25  1.99363e-19  3.53182e-26  2.61613e-19  3.36177e-27  7.13615e-21  -1.1992e-26  -1.8949e-20  7.75431e-27 -2.66288e-21 -2.84345e-27  6.87977e-22  5.55827e-28  2.02027e-22  4.23256e-30  5.73251e-25 -3.21212e-29 -5.46557e-24  6.81183e-30 -6.10881e-25 -9.36494e-32  2.06398e-26 -1.32738e-31  7.83291e-27  8.86426e-33  4.09331e-28  8.95509e-34 -4.61217e-30 -4.01846e-35 -6.14828e-31 -1.17231e-36
-2.72477e-38 -1.27807e-32  2.24391e-36  1.08091e-30  -5.6669e-36 -4.88294e-29 -2.27797e-35  1.48503e-27  7.25708e-35  -3.3626e-26  3.26791e-36  5.99928e-25 -7.79397e-35 -8.74459e-24 -7.28848e-35  1.06769e-22  8.75903e-34 -1.11198e-21 -1.83243e-33  1.00137e-20  3.92657e-33 -7.87911e-20 -6.80427e-33  5.46109e-19 -3.29131e-32 -3.35557e-18   4.4095e-31  1.83696e-17 -3.15496e-30 -8.99378e-17  1.84402e-29  3.94945e-16 -9.59002e-29 -1.55867e-15  4.55553e-28  5.53498e-15 -1.99329e-27 -1.76938e-14  8.05106e-27  5.09013e-14 -3.00191e-26 -1.31628e-13  1.03263e-25  3.05344e-13 -3.27499e-25 -6.33415e-13  9.57162e-25  1.16975e-12 -2.57704e-24 -1.91094e-12  6.39003e-24  2.73689e-12 -1.45881e-23 -3.39185e-12  3.06484e-23  3.56447e-12 -5.92092e-23 -3.06828e-12  1.05056e-22  2.01536e-12   -1.709e-22 -8.16874e-13  2.54264e-22 -5.20993e-14 -3.44842e-22  3.63846e-13   4.2449e-22 -2.53932e-13 -4.71598e-22  3.99159e-14  4.69364e-22   6.1277e-14 -4.14321e-22 -4.30389e-14  3.19814e-22  3.44238e-16 -2.11194e-22  1.16989e-14  1.14737e-22 -3.54744e-15 -4.68688e-23 -1.93957e-15  9.99013e-24   1.1388e-15  3.83311e-24  2.38078e-16 -5.51489e-24 -2.33144e-16  3.30104e-24 -2.81697e-17 -1.17408e-24  3.61144e-17   9.7555e-26  4.43174e-18  2.02116e-25 -4.23902e-18 -1.67484e-25 -7.60991e-19  7.03811e-26  3.37524e-19 -1.01366e-26   9.6581e-20  -8.1787e-27 -1.29009e-20   6.9545e-27 -7.26716e-21 -2.68787e-27 -2.65897e-22  5.15506e-28  2.56245e-22  1.10927e-29   3.9346e-23 -3.00072e-29 -1.68088e-24  5.48231e-30 -8.75451e-25  6.30182e-32 -6.01034e-26 -1.02613e-31  2.35198e-27  2.90805e-33  4.13976e-28  7.23785e-34  1.13834e-29 -1.06525e-35 -2.95919e-32
