   0.0266774  4.10875e-18   -0.0386146 -9.79107e-18   0.00325849   5.5737e-18   0.00892725 -1.05148e-18  0.000274853 -1.94618e-19   -0.0016444  -2.3378e-20  -0.00030873  -1.6566e-19   0.00015111  4.15405e-20   5.0574e-05  1.82848e-20 -7.44023e-07 -1.03166e-21  -8.5152e-07
 4.10875e-18    0.0687317  6.75138e-18   -0.0489449 -9.52193e-18  -0.00949223  5.13374e-18    0.0126651 -7.41255e-19   0.00326177  7.89628e-19  -0.00217203 -4.79963e-19 -0.000856359 -3.56175e-19  0.000135263  6.81977e-20  8.92003e-05  2.65352e-20   5.1971e-06 -7.78842e-22
  -0.0386146  6.75138e-18    0.0853369  4.09242e-18   -0.0361244 -4.21638e-18    -0.020573  1.57575e-18    0.0113192  1.09006e-18   0.00610135  2.17474e-18  -0.00182401 -8.96425e-19  -0.00131866 -4.76311e-19  1.52968e-05  7.06106e-20   9.4247e-05  2.35207e-20  7.73945e-06
-9.79107e-18   -0.0489449  4.09242e-18    0.0739367  6.70545e-19   -0.0203487 -2.07988e-18   -0.0250172 -3.45846e-18    0.0081196  3.52842e-18   0.00788509  3.09556e-18  -0.00102022 -1.01952e-18  -0.00155866 -4.79903e-19 -0.000140173   5.4551e-20  6.38278e-05  1.51501e-20
  0.00325849 -9.52193e-18   -0.0361244  6.70545e-19    0.0570716  1.32073e-18   -0.0108284 -5.03595e-18   -0.0256972 -8.01114e-18   0.00502185  5.10245e-18   0.00879226  3.21407e-18  -5.7966e-05 -8.81379e-19  -0.00155283 -4.13367e-19 -0.000261857  4.08094e-20  2.02465e-05
  5.5737e-18  -0.00949223 -4.21638e-18   -0.0203487  1.32073e-18    0.0459632  6.70197e-18  -0.00604486 -9.88532e-18    -0.025282 -1.00453e-17   0.00238229  5.12316e-18   0.00911813  2.83221e-18  0.000923009 -6.72047e-19  -0.00131157 -3.21793e-19 -0.000289059   3.7823e-20
  0.00892725  5.13374e-18    -0.020573 -2.07988e-18   -0.0108284  6.70197e-18    0.0399156  1.28441e-17  -0.00334391 -1.25828e-17   -0.0247459 -9.48288e-18  6.28803e-05  4.14117e-18   0.00901475  2.35429e-18    0.0018383  -5.6032e-19 -0.000869557 -1.79496e-19 -0.000193013
-1.05148e-18    0.0126651  1.57575e-18   -0.0250172 -5.03595e-18  -0.00604486  1.28441e-17    0.0364771  1.56329e-17  -0.00149476 -1.18911e-17   -0.0243319 -7.80396e-18  -0.00212096  3.13364e-18   0.00850423  1.87034e-18   0.00257669 -5.02527e-19 -0.000332333  6.82727e-21
 0.000274853 -7.41255e-19    0.0113192 -3.45846e-18   -0.0256972 -9.88532e-18  -0.00334391  1.56329e-17     0.034449  1.44405e-17 -1.74882e-05 -9.40624e-18   -0.0240899 -6.24561e-18  -0.00433627  2.62344e-18   0.00749692  1.25363e-18   0.00292727 -2.61476e-19  6.39393e-05
-1.94618e-19   0.00326177  1.09006e-18    0.0081196 -8.01114e-18    -0.025282 -1.25828e-17  -0.00149476  1.44405e-17    0.0333775  1.14997e-17   0.00133786 -7.14884e-18   -0.0240078 -4.87331e-18  -0.00673584  2.37996e-18   0.00580035  6.40261e-19   0.00257683  1.47667e-19
  -0.0016444  7.89628e-19   0.00610135  3.52842e-18   0.00502185 -1.00453e-17   -0.0247459 -1.18911e-17 -1.74882e-05  1.14997e-17    0.0330828  8.91131e-18   0.00276181  -5.7613e-18   -0.0240191 -3.28205e-18  -0.00942231  1.99083e-18    0.0032573  5.05518e-19   0.00142399
 -2.3378e-20  -0.00217203  2.17474e-18   0.00788509  5.10245e-18   0.00238229 -9.48288e-18   -0.0243319 -9.40624e-18   0.00133786  8.91131e-18     0.033525  6.94992e-18    0.0044663  -4.7018e-18   -0.0239277 -1.38651e-18   -0.0122106  1.76552e-18  0.000292681  7.75947e-19
 -0.00030873 -4.79963e-19  -0.00182401  3.09556e-18   0.00879226  5.12316e-18  6.28803e-05 -7.80396e-18   -0.0240899 -7.14884e-18   0.00276181  6.94992e-18    0.0347854   4.9542e-18   0.00679712 -3.31924e-18    -0.023115  1.00231e-18   -0.0139767   2.2767e-18  -0.00147716
 -1.6566e-19 -0.000856359 -8.96425e-19  -0.00102022  3.21407e-18   0.00911813  4.14117e-18  -0.00212096 -6.24561e-18   -0.0240078  -5.7613e-18    0.0044663   4.9542e-18    0.0371317  2.55858e-18     0.010524 -9.83078e-19    -0.019932  4.34638e-18   -0.0123584  2.58156e-18
  0.00015111 -3.56175e-19  -0.00131866 -1.01952e-18  -5.7966e-05  2.83221e-18   0.00901475  3.13364e-18  -0.00433627 -4.87331e-18   -0.0240191  -4.7018e-18   0.00679712  2.55858e-18    0.0412649  3.17962e-19    0.0173153  3.77986e-18   -0.0119347  7.66495e-18  -0.00635707
 4.15405e-20  0.000135263 -4.76311e-19  -0.00155866 -8.81379e-19  0.000923009  2.35429e-18   0.00850423  2.62344e-18  -0.00673584 -3.28205e-18   -0.0239277 -3.31924e-18     0.010524  3.17962e-19    0.0487078  1.56616e-18    0.0289822  1.18741e-17  0.000169541  7.44245e-18
  5.0574e-05  6.81977e-20  1.52968e-05 -4.79903e-19  -0.00155283 -6.72047e-19    0.0018383  1.87034e-18   0.00749692  2.37996e-18  -0.00942231 -1.38651e-18    -0.023115 -9.83078e-19    0.0173153  1.56616e-18    0.0608225  1.13321e-17    0.0425582  1.85116e-17   0.00776957
 1.82848e-20  8.92003e-05  7.06106e-20 -0.000140173 -4.13367e-19  -0.00131157  -5.6032e-19   0.00257669  1.25363e-18   0.00580035  1.99083e-18   -0.0122106  1.00231e-18    -0.019932  3.77986e-18    0.0289822  1.13321e-17     0.073531  2.57722e-17    0.0455743  1.48291e-17
-7.44023e-07  2.65352e-20   9.4247e-05   5.4551e-20 -0.000261857 -3.21793e-19 -0.000869557 -5.02527e-19   0.00292727  6.40261e-19    0.0032573  1.76552e-18   -0.0139767  4.34638e-18   -0.0119347  1.18741e-17    0.0425582  2.57722e-17    0.0726831  2.86448e-17    0.0280904
-1.03166e-21   5.1971e-06  2.35207e-20  6.38278e-05  4.08094e-20 -0.000289059 -1.79496e-19 -0.000332333 -2.61476e-19   0.00257683  5.05518e-19  0.000292681   2.2767e-18   -0.0123584  7.66495e-18  0.000169541  1.85116e-17    0.0455743  2.86448e-17    0.0477022  1.45644e-17
 -8.5152e-07 -7.78842e-22  7.73945e-06  1.51501e-20  2.02465e-05   3.7823e-20 -0.000193013  6.82727e-21  6.39393e-05  1.47667e-19   0.00142399  7.75947e-19  -0.00147716  2.58156e-18  -0.00635707  7.44245e-18   0.00776957  1.48291e-17    0.0280904  1.45644e-17    0.0148268
