 2.07869e-16  8.32368e-26 -7.65282e-15 -7.88226e-25  1.13262e-13   2.5486e-24 -1.03965e-12  1.07485e-23   6.8167e-12 -1.89929e-22 -3.42102e-11  1.27068e-21  1.36585e-10 -5.53044e-21 -4.43415e-10    1.725e-20  1.18346e-09  -3.8785e-20 -2.61442e-09  5.72377e-20  5.16716e-09
 8.32368e-26  1.08443e-14 -4.54491e-25 -2.29095e-13   1.7085e-23  2.60444e-12 -1.68736e-22 -1.99805e-11  1.07122e-21  1.13846e-10 -5.02362e-21 -5.06682e-10  1.82098e-20  1.81037e-09 -5.15965e-20 -5.25149e-09  1.12943e-19  1.22739e-08 -1.81766e-19  -2.1835e-08  1.85012e-19
-7.65282e-15 -4.54491e-25  2.82855e-13  -9.3165e-24 -4.20397e-12  1.59274e-22  3.87662e-11 -1.17827e-21 -2.55476e-10  6.02091e-21  1.28955e-09 -2.34942e-20  -5.1834e-09  7.20217e-20  1.69672e-08 -1.73699e-19 -4.57769e-08  3.22062e-19  1.02739e-07 -4.21338e-19 -2.08975e-07
-7.88226e-25 -2.29095e-13  -9.3165e-24  4.85891e-12 -5.69314e-23 -5.54689e-11  7.47211e-22  4.27452e-10 -4.59038e-21 -2.44742e-09   2.0205e-20   1.0951e-08 -6.94607e-20 -3.93638e-08  1.88834e-19  1.14978e-07 -4.00753e-19 -2.70936e-07  6.26891e-19  4.86894e-07 -5.47585e-19
 1.13262e-13   1.7085e-23 -4.20397e-12 -5.69314e-23  6.27653e-11 -2.42706e-22  -5.8164e-10  2.62754e-21  3.85412e-09 -1.35122e-20 -1.95753e-08  5.18092e-20  7.92582e-08 -1.56738e-19 -2.61761e-07  3.70523e-19  7.14486e-07 -6.56532e-19 -1.63091e-06  7.54042e-19  3.41864e-06
  2.5486e-24  2.60444e-12  1.59274e-22 -5.54689e-11 -2.42706e-22  6.36034e-10 -8.37307e-22  -4.9246e-09  6.91811e-21   2.8341e-08 -2.87135e-20 -1.27527e-07  9.24632e-20  4.61294e-07 -2.31093e-19 -1.35711e-06  4.22317e-19  3.22507e-06 -4.60507e-19 -5.85602e-06 -1.82057e-19
-1.03965e-12 -1.68736e-22  3.87662e-11  7.47211e-22  -5.8164e-10 -8.37307e-22  5.41904e-09 -1.97311e-21  -3.6123e-08   1.0309e-20  1.84719e-07 -2.90262e-20 -7.53881e-07  6.09138e-20  2.51415e-06 -6.39317e-20 -6.95008e-06 -1.09633e-19  1.61575e-05  6.47979e-19 -3.49615e-05
 1.07485e-23 -1.99805e-11 -1.17827e-21  4.27452e-10  2.62754e-21  -4.9246e-09 -1.97311e-21  3.83224e-08 -1.77533e-21 -2.21749e-07 -4.38893e-21  1.00378e-06  4.65016e-20 -3.65504e-06 -1.95665e-19  1.08343e-05  5.97359e-19 -2.59743e-05 -1.36077e-18  4.76693e-05  2.14689e-18
  6.8167e-12  1.07122e-21 -2.55476e-10 -4.59038e-21  3.85412e-09  6.91811e-21  -3.6123e-08 -1.77533e-21  2.42397e-07  5.67331e-21 -1.24891e-06 -6.40532e-20  5.14243e-06  2.51855e-19 -1.73364e-05 -7.14102e-19  4.86027e-05  1.55781e-18  -0.00011528 -2.42567e-18   0.00025803
-1.89929e-22  1.13846e-10  6.02091e-21 -2.44742e-09 -1.35122e-20   2.8341e-08   1.0309e-20 -2.21749e-07  5.67331e-21  1.29067e-06  2.64313e-20  -5.8798e-06 -1.72086e-19  2.15617e-05  5.37419e-19 -6.44248e-05 -1.25315e-18  0.000155885  2.18795e-18 -0.000289271 -2.48545e-18
-3.42102e-11 -5.02362e-21  1.28955e-09   2.0205e-20 -1.95753e-08 -2.87135e-20  1.84719e-07 -4.38893e-21 -1.24891e-06  2.64313e-20  6.49038e-06  5.68473e-20 -2.69948e-05 -2.84929e-19  9.21311e-05  7.54769e-19 -0.000262419 -1.48169e-18  0.000636479  2.03221e-18  -0.00147753
 1.27068e-21 -5.06682e-10 -2.34942e-20   1.0951e-08  5.18092e-20 -1.27527e-07 -2.90262e-20  1.00378e-06 -6.40532e-20  -5.8798e-06  5.68473e-20   2.6972e-05  8.35575e-20  -9.9664e-05 -3.54106e-19  0.000300338  8.27306e-19 -0.000733852   -1.419e-18   0.00137766  1.71467e-18
 1.36585e-10  1.82098e-20  -5.1834e-09 -6.94607e-20  7.92582e-08  9.24632e-20 -7.53881e-07  4.65016e-20  5.14243e-06 -1.72086e-19 -2.69948e-05  8.35575e-20  0.000113608  9.72718e-20 -0.000393323  -3.7551e-19     0.001141  7.95222e-19  -0.00283836 -1.17259e-18   0.00685672
-5.53044e-21  1.81037e-09  7.20217e-20 -3.93638e-08 -1.56738e-19  4.61294e-07  6.09138e-20 -3.65504e-06  2.51855e-19  2.15617e-05 -2.84929e-19  -9.9664e-05  9.72718e-20   0.00037134  1.07862e-19  -0.00112941 -4.01523e-19   0.00278871  8.22787e-19  -0.00529988 -1.29958e-18
-4.43415e-10 -5.15965e-20  1.69672e-08  1.88834e-19 -2.61761e-07 -2.31093e-19  2.51415e-06 -1.95665e-19 -1.73364e-05  5.37419e-19  9.21311e-05 -3.54106e-19 -0.000393323  1.07862e-19    0.0013854  1.10519e-19  -0.00410736 -4.04752e-19    0.0105221  7.30388e-19   -0.0265676
   1.725e-20 -5.25149e-09 -1.73699e-19  1.14978e-07  3.70523e-19 -1.35711e-06 -6.39317e-20  1.08343e-05 -7.14102e-19 -6.44248e-05  7.54769e-19  0.000300338  -3.7551e-19  -0.00112941  1.10519e-19    0.0034701  1.52384e-19  -0.00866652 -5.53639e-19    0.0166886  1.26106e-18
 1.18346e-09  1.12943e-19 -4.57769e-08 -4.00753e-19  7.14486e-07  4.22317e-19 -6.95008e-06  5.97359e-19  4.86027e-05 -1.25315e-18 -0.000262419  8.27306e-19     0.001141 -4.01523e-19  -0.00410736  1.52384e-19    0.0125092  1.03796e-19   -0.0331931 -4.15963e-19    0.0881198
 -3.8785e-20  1.22739e-08  3.22062e-19 -2.70936e-07 -6.56532e-19  3.22507e-06 -1.09633e-19 -2.59743e-05  1.55781e-18  0.000155885 -1.48169e-18 -0.000733852  7.95222e-19   0.00278871 -4.04752e-19  -0.00866652  1.03796e-19    0.0219195  3.63633e-19   -0.0428188 -1.44056e-18
-2.61442e-09 -1.81766e-19  1.02739e-07  6.26891e-19 -1.63091e-06 -4.60507e-19  1.61575e-05 -1.36077e-18  -0.00011528  2.18795e-18  0.000636479   -1.419e-18  -0.00283836  8.22787e-19    0.0105221 -5.53639e-19   -0.0331931  3.63633e-19    0.0920354 -1.18319e-19    -0.259067
 5.72377e-20  -2.1835e-08 -4.21338e-19  4.86894e-07  7.54042e-19 -5.85602e-06  6.47979e-19  4.76693e-05 -2.42567e-18 -0.000289271  2.03221e-18   0.00137766 -1.17259e-18  -0.00529988  7.30388e-19    0.0166886 -4.15963e-19   -0.0428188 -1.18319e-19    0.0849931  1.63744e-18
 5.16716e-09  1.85012e-19 -2.08975e-07 -5.47585e-19  3.41864e-06 -1.82057e-19 -3.49615e-05  2.14689e-18   0.00025803 -2.48545e-18  -0.00147753  1.71467e-18   0.00685672 -1.29958e-18   -0.0265676  1.26106e-18    0.0881198 -1.44056e-18    -0.259067  1.63744e-18     0.783167
