 1.25256e-31 -7.45459e-48 -9.71035e-30  3.64914e-46  2.96024e-28 -1.10673e-44 -5.48757e-27  3.12053e-43   7.1446e-26 -5.62808e-42 -7.02567e-25  7.04878e-41  5.44909e-24  -6.3319e-40 -3.42874e-23  3.95461e-39  1.78433e-22 -1.36961e-38 -7.78303e-22 -3.03661e-38  2.87167e-21  8.85659e-37 -9.01545e-21 -7.96988e-36  2.41568e-20  5.02689e-35 -5.52664e-20 -2.52949e-34   1.0769e-19  1.06669e-33  -1.7765e-19 -3.86618e-33  2.45398e-19  1.22267e-32 -2.78491e-19 -3.40673e-32  2.50781e-19  8.41686e-32 -1.66443e-19 -1.85145e-31  6.48614e-20   3.6338e-31  5.96548e-21 -6.36593e-31 -2.61092e-20  9.93953e-31  1.34994e-20 -1.37796e-30  1.41986e-21  1.68456e-30 -4.60092e-21 -1.79474e-30  1.12975e-21  1.63213e-30  9.49567e-22  -1.2161e-30 -4.80136e-22  6.70223e-31 -1.64803e-22 -1.69407e-31  1.26013e-22 -1.46909e-31  3.09951e-23  2.38947e-31 -2.60495e-23 -1.67413e-31 -7.08575e-24  3.84564e-32  4.24093e-24  6.17175e-32  1.65973e-24 -1.00125e-31 -4.59995e-25  8.90938e-32 -3.18502e-25 -5.78487e-32  7.55421e-27  2.90228e-32  4.21212e-26 -1.11777e-32  7.83106e-27    3.067e-33 -2.82272e-27 -4.34245e-34 -1.41137e-27 -5.66368e-35  -7.8306e-29   2.8831e-35  9.51554e-29  1.66801e-35  2.84227e-29 -2.25599e-35   6.4573e-31   1.5724e-35 -1.47039e-30 -9.13549e-36 -3.73156e-31  4.47054e-36 -1.97263e-32 -1.73964e-36  9.80643e-33   5.3158e-37  2.66495e-33 -1.28069e-37  2.56846e-34  2.26223e-38 -1.24899e-35 -2.07794e-39  -6.8055e-36  -1.5391e-40  -8.7338e-37  6.40656e-41 -4.38599e-38  1.11824e-42  1.93799e-39 -3.63135e-42  4.71778e-40  7.36798e-43  3.24763e-41 -6.44369e-44  1.08672e-42  2.65048e-45 -7.44994e-45  4.07774e-47 -3.56486e-46 -5.62412e-48
-7.45459e-48  1.38877e-29 -3.20827e-46 -6.12819e-28   2.7923e-44  1.42562e-26 -9.63094e-43 -2.19871e-25  2.13149e-41  2.48315e-24 -3.31156e-40 -2.17039e-23  3.82955e-39  1.51999e-22 -3.40108e-38 -8.72959e-22  2.35447e-37  4.17803e-21 -1.26521e-36 -1.68505e-20  5.04838e-36  5.76983e-20 -1.21789e-35 -1.68491e-19 -1.12585e-35  4.20371e-19  3.20066e-34 -8.95252e-19 -2.13766e-33  1.62099e-18  1.00076e-32 -2.47548e-18 -3.77446e-32  3.14395e-18  1.20493e-31 -3.23982e-18 -3.33432e-31  2.58361e-18  8.10545e-31 -1.42297e-18 -1.74451e-30  3.23877e-19  3.33884e-30  2.48671e-19  -5.6924e-30 -2.70074e-19  8.63943e-30  6.89799e-20 -1.16345e-29  5.11471e-20  1.38108e-29 -3.95497e-20 -1.42828e-29 -2.32281e-21  1.26021e-29  1.10906e-20 -9.09818e-30 -1.34352e-21  4.83098e-30 -2.50816e-21 -1.10847e-30   4.7715e-22  -1.1498e-30  5.28884e-22  1.78913e-30 -8.71641e-23 -1.32016e-30 -1.05654e-22  4.85903e-31  6.31853e-24  1.62304e-31  1.84073e-23 -4.34354e-31  1.63338e-24   4.1404e-31 -2.39705e-24 -2.73236e-31 -6.59069e-25  1.37886e-31  1.65084e-25 -5.38304e-32  1.09971e-25  1.54602e-32  7.37201e-27 -2.68601e-33 -8.70162e-27  5.19047e-35 -2.68636e-27 -1.09071e-35  2.95885e-29  1.50915e-34  1.92516e-28 -1.48367e-34  4.40199e-29  1.01405e-34 -9.23482e-32  -5.8582e-35 -2.10734e-30  2.75159e-35 -4.63938e-31 -9.99465e-36 -2.45718e-32  2.80271e-36  8.85484e-33 -6.07355e-37  2.29797e-33  9.13329e-38  2.26734e-34  -5.1264e-39 -9.36194e-37 -1.25439e-39 -3.08199e-36  2.93081e-40 -3.92593e-37  8.07289e-42  -2.2158e-38 -1.44671e-41 -1.19699e-40  2.55619e-42  6.03892e-41 -1.83037e-43   3.8779e-42  5.17388e-45  7.10373e-44  1.39063e-46  4.58598e-46
-9.71035e-30 -3.20827e-46   7.5922e-28  -1.5054e-44 -2.33502e-26  1.16778e-42  4.36864e-25 -3.47367e-41 -5.74286e-24  6.66129e-40  5.70448e-23 -9.25028e-39 -4.47137e-22  9.79009e-38  2.84489e-21 -8.14077e-37 -1.49785e-20  5.42443e-36  6.61419e-20 -2.92535e-35  -2.4723e-19  1.27276e-34  7.86931e-19 -4.33954e-34 -2.13978e-18  1.03908e-33  4.97325e-18 -7.94241e-34 -9.85769e-18  -7.9689e-33  1.65698e-17  5.61514e-32 -2.33755e-17 -2.38844e-31  2.71829e-17  7.93578e-31 -2.52257e-17 -2.21069e-30  1.74667e-17   5.3216e-30 -7.42677e-18 -1.12417e-29 -7.57142e-20  2.10135e-29  2.60815e-18 -3.48934e-29 -1.55998e-18  5.15035e-29 -2.64335e-20 -6.74048e-29  4.83198e-19  7.77381e-29 -1.59573e-19 -7.81122e-29 -8.93419e-20   6.6986e-29  6.05739e-20 -4.70455e-29  1.31358e-20  2.43594e-29 -1.55849e-20 -5.52831e-30 -2.17386e-21 -5.42042e-30  3.29839e-21  8.40062e-30  5.43832e-22 -6.27499e-30 -5.77497e-22  2.60057e-30 -1.52967e-22  2.10552e-31   7.4595e-23 -1.42156e-30   3.4568e-23  1.43394e-30 -4.51787e-24 -9.59049e-31 -5.36101e-24  4.89323e-31 -5.61325e-25 -1.95907e-31  4.66471e-25  5.95918e-32   1.6213e-25 -1.21316e-32 -4.55703e-27  1.25457e-33 -1.44085e-26 -4.96292e-34 -3.11866e-27  7.84931e-34  2.01095e-28  -6.8652e-34   2.2941e-28  4.61825e-34  4.30926e-29 -2.59828e-34 -4.77161e-31   1.1552e-34 -1.76129e-30  -3.8955e-35 -3.51701e-31  1.00062e-35 -2.08766e-32 -1.93777e-36  4.17368e-33  2.37845e-37  1.10172e-33 -2.05368e-39  1.09849e-34 -5.23998e-39  2.70155e-36  8.57827e-40 -6.05463e-37  3.33386e-41 -8.05176e-38 -3.80811e-41 -4.39358e-39  5.77643e-42 -9.11598e-41 -3.33123e-43  1.95509e-42  6.13418e-45  6.38068e-44   1.7541e-46
 3.64914e-46 -6.12819e-28  -1.5054e-44  2.72813e-26 -5.20021e-43 -6.40526e-25  3.26758e-41  9.97426e-24 -8.41163e-40 -1.13786e-22  1.43107e-38  1.00508e-21 -1.79283e-37 -7.11713e-21  1.73525e-36  4.13524e-20 -1.33735e-35 -2.00348e-19   8.3808e-35  8.18516e-19 -4.32765e-34 -2.84124e-18  1.85068e-33  8.41832e-18 -6.50998e-33 -2.13318e-17  1.82702e-32  4.61962e-17 -3.68641e-32 -8.51846e-17   2.7539e-32  1.32742e-16  1.75587e-31 -1.72498e-16 -1.09654e-30  1.82661e-16   4.0204e-30 -1.50873e-16 -1.14951e-29    8.784e-17  2.76012e-29 -2.40596e-17 -5.73825e-29 -1.22837e-17  1.04845e-28  1.63831e-17 -1.69587e-28 -5.28422e-18  2.43424e-28 -2.60182e-18 -3.09611e-28  2.59479e-18  3.46998e-28 -7.87987e-20 -3.38948e-28 -6.84384e-19  2.82823e-28   1.4673e-19 -1.93718e-28  1.48784e-19  9.85647e-29 -4.54455e-20 -2.33365e-29 -3.12316e-20 -1.85557e-29   9.0313e-21  2.94722e-29  6.51278e-21 -2.18304e-29 -1.10773e-21  9.08872e-30 -1.23482e-21  3.89767e-31  4.80179e-24 -4.38059e-30   1.8315e-22  4.43679e-30  3.25302e-23 -2.96164e-30 -1.66763e-23  1.52191e-30 -7.29593e-24 -6.23878e-31  1.46404e-25  1.98027e-31  7.37978e-25 -4.33423e-32  1.61454e-25  5.69828e-33  -1.9451e-26 -2.39098e-33 -1.60457e-26  3.05594e-33 -2.61715e-27 -2.56718e-33  2.69583e-28  1.69212e-33  1.88605e-28 -9.14169e-34  3.08066e-29  3.81406e-34 -1.68913e-31 -1.18921e-34 -9.71084e-31  2.79228e-35 -1.82128e-31 -4.78971e-36 -1.22959e-32  4.44374e-37  1.04118e-33  2.92177e-38  3.16853e-34 -1.51614e-38  3.12359e-35  1.88362e-39  1.22925e-36  9.31315e-41 -4.23217e-38  -7.5982e-41 -7.16455e-39  9.74501e-42  -3.2916e-40 -4.42542e-43 -5.69599e-42  4.94952e-45 -2.67836e-44
 2.96024e-28   2.7923e-44 -2.33502e-26 -5.20021e-43  7.24795e-25 -1.32612e-41 -1.36914e-23  6.99024e-40  1.81802e-22 -1.58521e-38 -1.82497e-21  2.41601e-37  1.44634e-20  -2.7404e-36  -9.3094e-20   2.4252e-35  4.96144e-19 -1.72595e-34 -2.21914e-18  1.00888e-33  8.40804e-18 -4.91293e-33 -2.71501e-17  2.00826e-32   7.4965e-17 -6.88888e-32 -1.77121e-16  1.95777e-31  3.57383e-16 -4.42466e-31 -6.12568e-16  6.91035e-31  8.83239e-16 -1.73244e-31 -1.05333e-15 -3.60926e-30   1.0081e-15   1.6618e-29 -7.28384e-16 -5.00824e-29  3.36119e-16  1.20767e-28 -2.14631e-17  -2.4737e-28 -1.01763e-16  4.41507e-28  7.08235e-17 -6.94907e-28 -4.66348e-18  9.69157e-28 -1.97447e-17 -1.19734e-27  8.47312e-18  1.30393e-27  3.10536e-18 -1.23854e-27 -2.94818e-18  1.00635e-27 -3.13396e-19 -6.73405e-28  7.42613e-19  3.38331e-28  2.88983e-20 -8.56845e-29 -1.59958e-19 -4.91103e-29  -1.0252e-20  8.27112e-29  2.97584e-20 -5.95995e-29  4.66952e-21  2.25907e-29 -4.37031e-21  3.80331e-30  -1.3733e-21  -1.4029e-29  3.93741e-22  1.32668e-29  2.56666e-22 -8.61813e-30  4.26555e-24  4.39733e-30 -2.78403e-23 -1.81748e-30  -6.7396e-24  5.82977e-31  1.01175e-24 -1.25681e-31  8.06213e-25  1.50589e-32  1.17579e-25  -7.2583e-33 -2.58936e-26  9.83459e-33 -1.31591e-26 -8.17708e-33 -1.72399e-27  5.24564e-33  2.06372e-28 -2.69642e-33  1.12963e-28  1.04943e-33   1.6826e-29 -3.01468e-34  1.69031e-31  6.45571e-35 -3.60508e-31  -9.6928e-36 -6.52935e-32  5.72675e-37 -4.81428e-33  1.28546e-37  8.48052e-35 -3.38354e-38  5.23682e-35  3.33159e-39  4.99744e-36  1.90714e-40  2.12953e-37 -1.21021e-40  1.58975e-39   1.2875e-41 -2.14695e-40  -4.4421e-43 -6.02124e-42  2.61672e-45
-1.10673e-44  1.42562e-26  1.16778e-42 -6.40526e-25 -1.32612e-41   1.5184e-23 -2.69895e-40 -2.38833e-22  1.23369e-38   2.7534e-21 -2.49183e-37 -2.45903e-20  3.41643e-36  1.76149e-19 -3.51423e-35 -1.03595e-18  2.84383e-34  5.08355e-18 -1.86584e-33 -2.10501e-17  1.01341e-32  7.41181e-17 -4.62143e-32 -2.22957e-16  1.78416e-31  5.74188e-16 -5.84303e-31 -1.26534e-15  1.61258e-30  2.37796e-15 -3.66529e-30 -3.78411e-15  6.41454e-30  5.03567e-15 -6.52034e-30 -5.48392e-15 -6.90305e-30  4.69443e-15  5.85792e-29 -2.88667e-15 -1.91888e-28  9.22722e-16  4.65899e-28  2.98751e-16 -9.37843e-28 -5.24008e-16  1.62965e-27  2.07112e-16 -2.48867e-27  6.46488e-17  3.36529e-27 -8.91251e-17 -4.03365e-27  1.06154e-17   4.2666e-27  2.18607e-17 -3.94181e-27 -7.07075e-18  3.12123e-27 -4.47571e-18 -2.04342e-27  2.05492e-18  1.01716e-27  9.20839e-19 -2.77887e-28 -4.28869e-19 -1.00317e-28 -2.00841e-19  1.90447e-28  6.42111e-20 -1.29368e-28  4.18504e-20   3.6004e-29 -4.76969e-21   2.6429e-29  -7.0633e-21 -4.62166e-29 -5.96345e-22  3.90381e-29  7.92908e-22 -2.40929e-29  2.37141e-22  1.19777e-29 -3.33221e-23 -4.88464e-30 -3.10386e-23  1.52752e-30 -4.35528e-24 -2.97537e-31  1.45073e-24  2.14207e-32  6.62803e-25 -1.62356e-32  6.62683e-26  2.74447e-32 -2.16918e-26 -2.27823e-32 -8.29371e-27  1.41356e-32 -9.35287e-28  -6.8721e-33  1.02093e-28  2.48356e-33  4.99881e-29 -6.55025e-34  7.02296e-30  1.27629e-34  2.01179e-31 -1.65058e-35 -8.69745e-32  3.21085e-37 -1.57171e-32  3.42066e-37 -1.19555e-33 -6.13704e-38 -1.96808e-35  4.97208e-39  4.31253e-36  2.96838e-40  3.97082e-37 -1.57486e-40  1.45313e-38  1.35237e-41  1.87501e-40  -3.3078e-43 -3.05155e-43
-5.48757e-27 -9.63094e-43  4.36864e-25  3.26758e-41 -1.36914e-23 -2.69895e-40  2.61243e-22 -4.63909e-39 -3.50556e-21  1.87397e-37  3.55789e-20 -3.38882e-36 -2.85239e-19  4.18865e-35  1.85828e-18 -3.91262e-34 -1.00303e-17  2.89714e-33  4.54682e-17 -1.75175e-32 -1.74728e-16  8.82509e-32  5.72736e-16 -3.75493e-31 -1.60688e-15  1.36033e-30  3.86223e-15 -4.20741e-30 -7.93878e-15  1.10626e-29  1.38865e-14 -2.43281e-29 -2.04812e-14  4.27802e-29  2.50701e-14 -5.17021e-29 -2.47644e-14  6.04837e-30  1.86759e-14  1.88152e-28 -9.31171e-15 -6.79926e-28  1.23021e-15  1.64766e-27  2.38393e-15 -3.22979e-27 -1.95472e-15   5.4232e-27  2.85488e-16 -7.99048e-27  4.82188e-16  1.04372e-26 -2.65904e-16 -1.21121e-26 -5.78506e-17  1.24359e-26  8.57934e-17 -1.11793e-26    2.049e-19  8.63543e-27 -2.10585e-17 -5.53972e-27  1.34288e-18   2.7391e-27  4.58717e-18 -8.07698e-28 -1.82763e-19 -1.40301e-28 -9.00144e-19  3.55241e-28 -4.81395e-20 -2.09552e-28  1.47027e-19 -8.40902e-32   2.8954e-20  1.26011e-28 -1.67124e-20 -1.48088e-28 -7.04233e-21  1.11192e-28  6.60416e-22 -6.42532e-29  9.48435e-22  3.06191e-29  1.45144e-22 -1.20786e-29 -5.61065e-23  3.56195e-30 -2.58074e-23 -5.61283e-31 -1.90091e-24 -1.85491e-32  1.31223e-24 -2.68117e-32  4.29282e-25  6.81358e-32  3.08684e-26 -5.64014e-32 -1.28793e-26  3.36828e-32 -4.08425e-27 -1.54253e-32 -4.24312e-28  5.15629e-33  3.22367e-29 -1.24411e-33  1.61342e-29  2.20101e-34  2.17756e-30 -2.39818e-35  9.66482e-32 -7.14614e-37 -1.21949e-32   6.9356e-37 -2.37709e-33 -9.31375e-38  -1.7525e-34  6.51331e-39 -5.15438e-36  3.52345e-40  1.06403e-37 -1.68727e-40  1.19575e-38  1.11959e-41  2.56524e-40 -1.62709e-43
 3.12053e-43 -2.19871e-25 -3.47367e-41  9.97426e-24  6.99024e-40 -2.38833e-22 -4.63909e-39  3.79635e-21 -6.95562e-38 -4.42498e-20  2.50498e-36  3.99763e-19 -4.06661e-35 -2.89839e-18  4.54069e-34  1.72631e-17 -3.85928e-33 -8.58489e-17   2.6187e-32   3.6052e-16 -1.46021e-31 -1.28843e-15  6.82061e-31  3.93754e-15 -2.70279e-30 -1.03132e-14   9.1543e-30  2.31442e-14 -2.65655e-29  -4.4363e-14  6.58012e-29  7.21518e-14 -1.37152e-28 -9.84076e-14  2.31618e-28  1.10306e-13 -2.81622e-28 -9.79255e-14  1.07273e-28  6.35517e-14  6.21681e-28 -2.32056e-14 -2.35852e-27 -4.15124e-15  5.54786e-27  1.10906e-14  -1.0402e-26 -5.28381e-15  1.66646e-26   -8.995e-16 -2.34773e-26  2.01252e-15  2.94503e-26 -4.26185e-16 -3.29902e-26 -4.50118e-16  3.28547e-26  2.07645e-16 -2.87609e-26   8.3515e-17  2.17059e-26 -5.80088e-17 -1.36678e-26  -1.6296e-17  6.72573e-27  1.25204e-17 -2.13325e-27  3.74732e-18 -2.69124e-29 -2.10792e-18   4.8536e-28 -8.82137e-19 -1.61471e-28  2.33752e-19 -2.64131e-28  1.72019e-19  4.72937e-28 -3.05512e-21 -4.43264e-28 -2.32254e-20  2.99675e-28 -4.47608e-21 -1.61203e-28  1.58194e-21  7.28484e-29  8.14099e-22 -2.73895e-29   4.7957e-23   7.3782e-30 -5.53529e-23 -7.52074e-31 -1.68999e-23 -2.37275e-31 -4.54465e-25 -2.64069e-32  8.65733e-25  1.52687e-31  2.24568e-25 -1.25374e-31  1.29531e-26   7.1819e-32 -5.59007e-27 -3.08978e-32 -1.56689e-27  9.51875e-33 -1.57541e-28 -2.09323e-33  5.42179e-30  3.35745e-34  3.65609e-30 -2.98707e-35  4.77316e-31 -2.84617e-36  2.57442e-32  1.15144e-36 -6.60342e-34 -1.20258e-37 -2.00592e-34  7.77069e-39 -1.33397e-35  3.06163e-40 -3.78938e-37 -1.48026e-40 -2.17687e-39  7.00486e-42  5.16189e-41
  7.1446e-26  2.13149e-41 -5.74286e-24 -8.41163e-40  1.81802e-22  1.23369e-38 -3.50556e-21 -6.95562e-38  4.75599e-20 -9.24263e-37 -4.88278e-19  2.97962e-35  3.96201e-18 -4.35328e-34 -2.61399e-17  4.40349e-33  1.42981e-16 -3.41489e-32 -6.57274e-16  2.12828e-31  2.56342e-15 -1.09612e-30 -8.53525e-15  4.74993e-30  2.43495e-14 -1.75201e-29 -5.95813e-14  5.53619e-29  1.24857e-13 -1.50095e-28 -2.23062e-13  3.47516e-28  3.36822e-13 -6.76847e-28 -4.23541e-13  1.06642e-27  4.32159e-13 -1.20381e-27 -3.40268e-13  4.00847e-28  1.82637e-13  2.40698e-27 -3.58079e-14 -8.40077e-27 -3.83376e-14  1.83659e-26  3.78836e-14 -3.21354e-26 -8.57328e-15  4.82862e-26 -8.03386e-15 -6.42511e-26  5.74549e-15   7.6791e-26  5.30929e-16  -8.2717e-26 -1.72324e-15  7.98622e-26   1.7656e-16 -6.81837e-26  4.08483e-16  5.03825e-26 -7.26493e-17 -3.11885e-26 -8.92409e-17  1.52814e-26  1.41335e-17 -5.17891e-27  1.83905e-17  6.50732e-28 -1.06303e-18  2.12628e-28  -3.3103e-18  4.79509e-28 -2.96043e-19 -1.26389e-27  4.47376e-19  1.50207e-27  1.23355e-19 -1.21959e-27 -3.23289e-20  7.52666e-28 -2.13614e-20 -3.76439e-28 -1.35563e-21    1.604e-28  1.75564e-21 -5.68941e-29    5.375e-22   1.3501e-29 -8.28532e-24 -2.66342e-31 -3.97019e-23 -9.43637e-31 -9.02248e-24  1.69635e-32  3.34342e-26  3.11505e-31  4.36164e-25 -2.52106e-31  9.57355e-26   1.3822e-31  5.19064e-27 -5.57578e-32 -1.75875e-27  1.57761e-32 -4.58637e-28  -3.1497e-33 -4.55787e-29    4.579e-34 -8.16102e-32  -3.1771e-35  5.41552e-31 -6.03761e-36  6.87599e-32    1.616e-36  3.86655e-33 -1.33251e-37  4.17784e-35  8.68259e-39 -7.37364e-36   1.6365e-40 -4.05974e-37 -1.04007e-40 -6.88004e-39  2.90369e-42
-5.62808e-42  2.48315e-24  6.66129e-40 -1.13786e-22 -1.58521e-38   2.7534e-21  1.87397e-37 -4.42498e-20 -9.24263e-37  5.21732e-19 -1.09631e-35 -4.77051e-18  3.17294e-34  3.50266e-17 -4.18565e-33 -2.11404e-16  3.84956e-32  1.06606e-15 -2.73322e-31 -4.54316e-15  1.56909e-30  1.64908e-14 -7.48015e-30 -5.12363e-14  3.01115e-29  1.36585e-13 -1.03413e-28  -3.1238e-13  3.04557e-28  6.11221e-13 -7.69159e-28 -1.01687e-12  1.65461e-27  1.42272e-12 -2.97546e-27 -1.64287e-12  4.26155e-27  1.51354e-12 -4.13469e-27 -1.03606e-12  1.28922e-28  4.25488e-13  1.08193e-26  2.57995e-14 -3.10795e-26 -1.71019e-13  6.07662e-26  9.75753e-14 -9.69306e-26  4.94847e-15  1.34182e-25 -3.28983e-14 -1.66298e-25  1.03233e-14  1.87598e-25   6.4791e-15 -1.93501e-25 -4.24787e-15  1.81164e-25 -9.98663e-16 -1.51241e-25  1.15018e-15  1.09689e-25  1.67408e-16 -6.67794e-26 -2.54295e-16  3.24935e-26  -4.1922e-17 -1.16466e-26  4.65531e-17  2.87148e-27  1.21459e-17 -1.50824e-27 -6.34439e-18  2.96015e-27 -2.87117e-18 -4.24806e-27  4.27826e-19  4.19879e-27   4.6823e-19  -3.0758e-27  4.40544e-20  1.74946e-27 -4.32951e-20 -8.13811e-28 -1.44603e-20  3.26222e-28  6.24322e-22 -1.08364e-28  1.36487e-21   2.1508e-29  2.83838e-22  2.37693e-30  -2.2536e-23 -2.73218e-30 -2.21144e-23  1.63967e-31 -4.02073e-24  5.81667e-31  7.23071e-26 -4.61116e-31  1.69624e-25  2.41675e-31  3.30209e-26 -9.13009e-32  1.90509e-27  2.36455e-32 -3.83429e-28 -4.26861e-33 -9.84806e-29  5.63459e-34 -9.62458e-30 -2.84006e-35 -2.51385e-31 -9.75361e-36  4.55694e-32  1.94627e-36  5.82888e-33 -1.26973e-37  2.99051e-34  9.14508e-39   5.8715e-36 -3.94381e-42 -4.96753e-38 -5.54748e-41 -2.09644e-39
-7.02567e-25 -3.31156e-40  5.70448e-23  1.43107e-38 -1.82497e-21 -2.49183e-37  3.55789e-20  2.50498e-36 -4.88278e-19 -1.09631e-35  5.07362e-18 -1.16537e-34 -4.16907e-17   3.0381e-33  2.78721e-16 -3.63331e-32 -1.54588e-15  3.05084e-31  7.21107e-15 -1.99069e-30 -2.85616e-14  1.05603e-29  9.66696e-14 -4.67153e-29 -2.80629e-13  1.74998e-28  6.99606e-13 -5.60079e-28  -1.4959e-12  1.53687e-27  2.73188e-12 -3.60812e-27 -4.22704e-12  7.17408e-27  5.46536e-12 -1.17706e-26 -5.76505e-12   1.4859e-26  4.74079e-12 -1.08578e-26 -2.73096e-12 -8.28318e-27  7.01462e-13  4.99866e-26  4.46651e-13 -1.16244e-25 -5.54097e-13  2.00167e-25  1.71446e-13 -2.87239e-25  9.60373e-14  3.61458e-25 -9.23196e-14 -4.11973e-25  1.93733e-15   4.3461e-25  2.56009e-14 -4.27777e-25 -5.54467e-15  3.89067e-25 -5.76692e-15 -3.18801e-25  1.83438e-15  2.27376e-25   1.2473e-15  -1.3579e-25 -3.88368e-16  6.50957e-26 -2.69447e-16 -2.43381e-26  5.24152e-17  8.71369e-27  5.35058e-17 -7.22485e-27 -1.31859e-18  1.02166e-26 -8.41118e-18 -1.19606e-26 -1.33892e-18  1.05687e-26  8.31809e-19 -7.12707e-27  3.37432e-19  3.75664e-27 -1.51936e-20 -1.62645e-27 -3.70215e-20  6.13453e-28  -7.4757e-21 -1.89669e-28  1.16958e-21  2.87216e-29  8.20445e-22  1.00862e-29  1.23715e-22 -6.57169e-30 -1.63755e-23  5.06833e-31 -9.80643e-24  9.97494e-31 -1.51351e-24 -7.70307e-31  2.45982e-26  3.85793e-31  5.03547e-26 -1.36407e-31  8.99499e-27  3.22318e-32  5.73412e-28  -5.2384e-33 -5.17317e-29  6.30872e-34 -1.45786e-29 -2.05061e-35 -1.36944e-30 -1.30589e-35 -5.18781e-32  2.02104e-36  1.45082e-33 -1.03576e-37  2.39002e-34  8.89384e-39  9.40625e-36 -1.09277e-40  1.25694e-37 -1.94391e-41
 7.04878e-41 -2.17039e-23 -9.25028e-39  1.00508e-21  2.41601e-37 -2.45903e-20 -3.38882e-36  3.99763e-19  2.97962e-35 -4.77051e-18 -1.16537e-34  4.41726e-17 -1.11395e-33  -3.2864e-16  2.62645e-32  2.01121e-15 -2.86035e-31  -1.0291e-14  2.20232e-30   4.4536e-14 -1.32571e-29 -1.64307e-13  6.51963e-29  5.19383e-13 -2.68325e-28 -1.41029e-12  9.37213e-28  3.28986e-12  -2.7986e-27 -6.57665e-12  7.15618e-27  1.12022e-11 -1.55932e-26 -1.60928e-11  2.85139e-26  1.91613e-11 -4.21054e-26 -1.83321e-11  4.47459e-26  1.32302e-11 -1.61114e-26 -6.04001e-12  -6.6974e-26  2.41191e-13  2.17292e-25  2.02019e-12 -4.23166e-25  -1.3842e-12  6.45354e-25   7.7415e-14 -8.32311e-25  4.09134e-13  9.46895e-25  -1.7737e-13 -9.84302e-25  -6.6258e-14  9.64434e-25  6.49494e-14 -9.04826e-25  6.31633e-15  8.02779e-25 -1.70474e-14 -6.48519e-25  -3.7007e-16  4.54745e-25  3.82962e-15 -2.64328e-25  1.59227e-16  1.22906e-25 -7.49528e-16 -4.71777e-26 -9.83735e-17  2.22831e-26  1.17783e-16 -2.25851e-26  3.31961e-17  2.85065e-26 -1.19254e-17 -2.98556e-26 -6.82679e-18  2.42911e-26  1.07164e-19 -1.52292e-26  8.13877e-19  7.45857e-27  1.74804e-19 -3.00797e-27 -3.64499e-20  1.06985e-27 -2.38111e-20 -3.05936e-28 -2.98357e-21   2.8552e-29  9.03485e-22  2.76639e-29  3.97148e-22 -1.37974e-29  4.60055e-23  1.15766e-30 -7.59587e-24  1.57441e-30 -3.47504e-24 -1.17872e-30 -4.78819e-25  5.64314e-31  1.10587e-27 -1.86764e-31  1.10541e-26  4.01446e-32  1.85644e-27 -5.84419e-33  1.27196e-28  6.47917e-34 -2.84296e-30 -1.07163e-35 -1.34743e-30 -1.49746e-35 -1.17781e-31  1.80187e-36 -4.56044e-33  -7.1375e-38 -3.08724e-35  7.66673e-39  3.00984e-36 -1.16708e-40  5.38457e-38
 5.44909e-24  3.82955e-39 -4.47137e-22 -1.79283e-37  1.44634e-20  3.41643e-36 -2.85239e-19 -4.06661e-35  3.96201e-18  3.17294e-34 -4.16907e-17 -1.11395e-33   3.4713e-16 -9.61182e-33 -2.35308e-15  2.05883e-31  1.32422e-14 -2.05121e-30 -6.27244e-14  1.45429e-29  2.52488e-13 -8.10589e-29  -8.6933e-13   3.7071e-28  2.57002e-12 -1.42311e-27 -6.53311e-12  4.64382e-27  1.42656e-11 -1.29547e-26 -2.66557e-11  3.08789e-26  4.23031e-11 -6.23607e-26  -5.6293e-11  1.04309e-25  6.14396e-11 -1.36191e-25 -5.27882e-11  1.11875e-25  3.25544e-11  3.43253e-26  -1.0269e-11 -3.58295e-25 -3.77988e-12  8.61197e-25  6.37772e-12 -1.45868e-24 -2.54367e-12   1.9986e-24 -8.17843e-13 -2.33324e-24  1.15355e-12  2.40455e-24 -1.51379e-13 -2.27453e-24 -2.91409e-13  2.06519e-24   1.0268e-13 -1.85237e-24  6.05219e-14  1.61426e-24 -3.12068e-14 -1.29053e-24 -1.26389e-14  8.85668e-25   6.9102e-15 -4.93552e-25  2.86767e-15   2.1698e-25 -1.13299e-15 -8.42526e-26 -6.38199e-16  5.13555e-26  1.06823e-16 -5.92054e-26  1.16901e-16  7.00143e-26  5.37385e-18 -6.77658e-26  -1.4567e-17  5.14378e-26 -3.74021e-18 -3.01188e-26  7.94115e-19  1.37187e-26  5.64783e-19 -5.15992e-27  6.20336e-20  1.73828e-27 -3.14881e-20 -4.56172e-28  -1.2234e-20  9.04942e-30 -9.19186e-22  6.18426e-29  4.79098e-22  -2.5918e-29  1.57565e-22  2.21662e-30  1.50754e-23   2.2901e-30 -2.48361e-24 -1.65521e-30 -9.71743e-25  7.58295e-31 -1.24021e-25  -2.3518e-31 -2.07962e-27  4.58725e-32  1.69222e-27 -5.94147e-33  2.73119e-28  6.14863e-34  1.89658e-29 -2.31225e-36  2.30493e-31 -1.49182e-35   -6.489e-32  1.35805e-36 -5.12842e-33 -4.04204e-38 -1.55604e-34  5.55276e-39  -1.4495e-36 -6.21652e-41
 -6.3319e-40  1.51999e-22  9.79009e-38 -7.11713e-21  -2.7404e-36  1.76149e-19  4.18865e-35 -2.89839e-18 -4.35328e-34  3.50266e-17   3.0381e-33  -3.2864e-16 -9.61182e-33  2.47913e-15 -7.51842e-32 -1.53938e-14  1.46981e-30  7.99795e-14  -1.3456e-29 -3.51743e-13  8.81981e-29  1.31996e-12 -4.56754e-28 -4.24847e-12  1.94821e-27  1.17601e-11 -6.99267e-27 -2.80058e-11  2.13578e-26   5.7251e-11  -5.5732e-26  -9.9937e-11  1.23871e-25  1.47555e-10 -2.31492e-25 -1.81328e-10  3.51896e-25  1.80289e-10 -3.95859e-25 -1.37137e-10  2.02452e-25   6.8978e-11  4.13984e-25 -8.85854e-12 -1.55203e-24 -1.87595e-11  3.09902e-24  1.56535e-11 -4.69577e-24 -2.44499e-12  5.86396e-24 -3.96631e-12 -6.25788e-24   2.3248e-12  5.87959e-24  4.46937e-13 -5.07728e-24 -7.73019e-13  4.28694e-24  2.29699e-14 -3.70677e-24   1.9543e-13  3.20105e-24 -2.06239e-14 -2.53501e-24 -4.41986e-14  1.68532e-24    3.884e-15 -8.79282e-25  9.16143e-15  3.51335e-25  4.76628e-17 -1.36839e-25 -1.61785e-15  1.10321e-25  -2.3948e-16 -1.39327e-25   2.0725e-16  1.56419e-25   7.2457e-17 -1.41713e-25 -1.21219e-17  1.00948e-25 -1.12297e-17 -5.53074e-26 -1.25176e-18  2.34298e-26  8.03306e-19 -8.23751e-27  3.04098e-19   2.6472e-27  1.08325e-20 -6.30756e-28 -1.86596e-20 -4.74226e-29 -5.18091e-21  1.20473e-28 -2.22017e-22 -4.41855e-29  1.91014e-22  3.72346e-30  5.13512e-23  3.07161e-30  4.41113e-24 -2.13458e-30   -5.693e-25  9.37455e-31 -2.08322e-25 -2.73217e-31 -2.50962e-26  4.82818e-32 -8.49372e-28  -5.5038e-33  1.61881e-28  5.41914e-34  2.62141e-29   2.3606e-36  1.71141e-30 -1.29757e-35  4.22672e-32  8.34969e-37 -1.00402e-33  -1.7755e-38 -7.73964e-35  3.13584e-39 -9.66645e-37
-3.42874e-23 -3.40108e-38  2.84489e-21  1.73525e-36  -9.3094e-20 -3.51423e-35  1.85828e-18  4.54069e-34 -2.61399e-17 -4.18565e-33  2.78721e-16  2.62645e-32 -2.35308e-15 -7.51842e-32   1.6184e-14 -5.35509e-31 -9.24773e-14  9.59783e-30  4.45124e-13  -8.1077e-29 -1.82239e-12   4.9309e-28  6.38809e-12 -2.38002e-27 -1.92486e-11  9.49292e-27  4.99374e-11 -3.19271e-26  -1.1146e-10    9.143e-26  2.13293e-10 -2.23416e-25 -3.47534e-10  4.63097e-25  4.76443e-10 -7.99282e-25 -5.38527e-10   1.0948e-24  4.83656e-10 -1.01685e-24 -3.18661e-10  6.93353e-26  1.18736e-10  2.19355e-24  2.12847e-11 -5.81636e-24 -5.92539e-11  1.01726e-23  2.95966e-11 -1.40495e-23  4.35378e-12  1.61729e-23 -1.15134e-11 -1.59208e-23  2.83677e-12  1.37437e-23  2.57153e-12 -1.09094e-23 -1.37265e-12  8.64507e-24 -4.60991e-13 -7.30348e-24  3.96668e-13  6.30422e-24  8.70368e-14 -4.92753e-24  -9.0428e-14  3.12286e-24 -2.10143e-14 -1.47463e-24  1.65872e-14  5.01269e-25  5.53596e-15 -1.97504e-25 -2.16398e-15  2.25335e-25 -1.22146e-15 -3.02433e-25  1.07415e-16  3.22788e-25  1.88188e-16 -2.75082e-25  2.60191e-17  1.84358e-25 -1.57951e-17 -9.45525e-26 -6.37891e-18  3.72458e-26 -3.88333e-20  -1.2291e-26  5.29344e-19  3.80697e-27  1.32482e-19 -8.11255e-28 -2.98633e-21 -1.62373e-28 -8.47352e-21  2.10575e-28 -1.84062e-21 -6.89768e-29 -4.73712e-23  5.60811e-30  5.83979e-23  3.79884e-30  1.35784e-23 -2.52664e-30  1.12188e-24  1.06658e-30 -8.43438e-26 -2.93702e-31 -3.26313e-26  4.70109e-32 -3.71508e-27 -4.62284e-33 -1.65182e-28  4.43729e-34  7.35491e-30  2.87292e-36  1.42652e-30 -9.84341e-36  7.92567e-32  3.83621e-37  1.79898e-33 -5.20895e-39  5.79431e-36  1.18324e-39
 3.95461e-39 -8.72959e-22 -8.14077e-37  4.13524e-20   2.4252e-35 -1.03595e-18 -3.91262e-34  1.72631e-17  4.40349e-33 -2.11404e-16 -3.63331e-32  2.01121e-15  2.05883e-31 -1.53938e-14 -5.35509e-31  9.70532e-14 -3.48863e-30 -5.12393e-13  5.75674e-29  2.29182e-12 -4.50423e-28 -8.75511e-12  2.55016e-27  2.87173e-11 -1.15047e-26 -8.11091e-11   4.3012e-26  1.97369e-10 -1.35814e-25 -4.12994e-10  3.65207e-25  7.39553e-10 -8.36441e-25 -1.12342e-09  1.61671e-24  1.42628e-09  -2.5701e-24 -1.47492e-09  3.13418e-24  1.18225e-09 -2.21558e-24 -6.50632e-10 -1.53377e-24  1.35711e-10  8.95546e-24  1.37872e-10 -1.94625e-23 -1.44565e-10  3.06582e-23  3.69171e-11 -3.90619e-23  3.00637e-11  4.17857e-23 -2.41977e-11  -3.8215e-23 -1.07931e-12  3.05297e-23  7.32812e-12  -2.2471e-23 -1.16984e-12   1.6948e-23 -1.75829e-12 -1.42255e-23  4.46314e-13  1.23429e-23  3.94925e-13 -9.44003e-24 -9.71274e-14  5.58562e-24 -8.62591e-14  -2.2732e-24   1.2073e-14   5.6971e-25  1.70013e-14 -2.41579e-25  3.16657e-16  4.42687e-25 -2.61112e-15 -6.12989e-25 -5.25931e-16   6.2017e-25  2.41159e-16  -4.9789e-25  1.16083e-16  3.14219e-25 -3.17547e-19 -1.50822e-25 -1.17246e-17  5.52498e-26 -2.80492e-18 -1.72346e-26  2.61568e-19  5.21622e-27  2.65625e-19 -9.73135e-28  4.80449e-20 -3.56562e-28 -3.22146e-21  3.35367e-28 -3.05158e-21 -9.91741e-29 -5.51808e-22  7.66531e-30 -1.20858e-23  4.33045e-30  1.35284e-23 -2.73857e-30  2.83218e-24  1.11555e-30  2.32336e-25 -2.93124e-31 -5.91533e-27  4.25668e-32 -3.46235e-27 -3.46793e-33 -3.68287e-28  3.35031e-34 -1.73223e-29  5.69006e-37 -4.28707e-32  -6.4781e-36   3.3645e-32  9.39016e-38  1.32537e-33 -4.24655e-40  1.27041e-35
 1.78433e-22  2.35447e-37 -1.49785e-20 -1.33735e-35  4.96144e-19  2.84383e-34 -1.00303e-17 -3.85928e-33  1.42981e-16  3.84956e-32 -1.54588e-15 -2.86035e-31  1.32422e-14  1.46981e-30 -9.24773e-14 -3.48863e-30  5.36957e-13 -2.08756e-29 -2.62846e-12  3.18403e-28  1.09541e-11 -2.31546e-27 -3.91265e-11  1.22402e-26  1.20273e-10 -5.17421e-26  -3.1875e-10  1.81705e-25  7.27936e-10 -5.39587e-25 -1.42808e-09  1.36419e-24  2.39149e-09 -2.93043e-24 -3.38121e-09   5.2789e-24  3.96178e-09 -7.70058e-24 -3.72127e-09  8.21263e-24  2.61513e-09 -3.61522e-24   -1.122e-09 -9.27279e-24 -3.87108e-11  3.13409e-23  4.50709e-10  -5.9207e-23 -2.79153e-10   8.5355e-23 -1.57029e-12 -1.01107e-22  9.31154e-11  1.01059e-22 -3.50789e-11 -8.63011e-23 -1.72958e-11  6.41823e-23  1.42187e-11 -4.42216e-23   2.1938e-12  3.23083e-23 -3.94234e-12 -2.74086e-23 -2.63241e-13  2.39176e-23  9.15453e-13  -1.7677e-23   7.5341e-14   9.5259e-24 -1.82027e-13 -3.08201e-24 -3.11201e-14  3.15977e-25  2.84977e-14 -2.18987e-25  9.37793e-15  8.40692e-25  -2.7323e-15  -1.1668e-24 -1.84223e-15  1.11427e-24  -3.1451e-17 -8.42697e-25  2.09883e-16  5.00835e-25  5.20304e-17 -2.24876e-25 -7.81676e-18  7.66891e-26 -6.41571e-18 -2.28721e-26 -9.72894e-19  6.87552e-27   2.0024e-19 -1.09048e-27  1.06912e-19  -6.4285e-28  1.48744e-20  4.91023e-28 -1.39311e-21 -1.31841e-28 -8.76064e-22  9.57534e-30 -1.38328e-22  4.54799e-30 -3.84622e-24 -2.70398e-30  2.28571e-24  1.06926e-30  4.45074e-25 -2.72815e-31  3.59864e-26   3.6083e-32   3.0642e-28  -2.2322e-33 -2.19069e-28  2.29011e-34 -2.14814e-29 -2.45265e-36 -8.93108e-31 -3.66963e-36  -1.2241e-32 -3.02211e-38  1.57539e-34  3.80453e-40
-1.36961e-38  4.17803e-21  5.42443e-36 -2.00348e-19 -1.72595e-34  5.08355e-18  2.89714e-33 -8.58489e-17 -3.41489e-32  1.06606e-15  3.05084e-31  -1.0291e-14 -2.05121e-30  7.99795e-14  9.59783e-30 -5.12393e-13 -2.08756e-29  2.75111e-12 -1.15199e-28 -1.25252e-11  1.62987e-27  4.87524e-11 -1.10503e-26 -1.63113e-10  5.46873e-26   4.7052e-10 -2.17102e-25  -1.1711e-09  7.17473e-25  2.51098e-09 -2.00673e-24 -4.61762e-09  4.77508e-24  7.22453e-09 -9.62448e-24 -9.48602e-09  1.61429e-23  1.02114e-08 -2.14954e-23 -8.62514e-09  1.94904e-23  5.16541e-09 -1.76811e-24 -1.46196e-09 -3.79242e-23 -7.86991e-10  9.79436e-23  1.10736e-09 -1.65639e-22 -3.97255e-10  2.20677e-22 -1.72995e-10 -2.44247e-22  2.04775e-10  2.28925e-22 -1.83151e-11 -1.83162e-22 -5.58384e-11  1.27387e-22  1.72335e-11 -8.29869e-23  1.23344e-11  5.99319e-23 -5.63184e-12 -5.21245e-23 -2.68076e-12  4.55196e-23  1.29178e-12  -3.2041e-23  6.16491e-13  1.52627e-23 -2.13391e-13 -3.29659e-24  -1.3721e-13 -7.37791e-25  1.86545e-14 -5.27446e-26  2.50236e-14   1.5435e-24   1.7575e-15 -2.09151e-24 -3.06518e-15  1.87717e-24 -8.77452e-16 -1.33621e-24  1.49742e-16  7.47567e-25  1.25738e-16 -3.13876e-25  1.65509e-17  9.99376e-26 -6.37198e-18  -2.8985e-26 -2.79075e-18  8.79749e-27 -2.68962e-19 -1.14071e-27  9.37582e-20 -1.01812e-27  3.52058e-20  6.64458e-28  4.01561e-21  -1.6247e-28 -3.85868e-22  1.09756e-29 -1.97707e-22  4.40147e-30 -2.82017e-23 -2.40706e-30 -1.07332e-24  9.33537e-31  2.61357e-25 -2.38343e-31  4.92262e-26  2.88768e-32  3.77969e-27 -1.09005e-33  9.69538e-29  1.37073e-34 -6.30399e-30 -4.50069e-36 -5.87833e-31 -1.77681e-36 -1.65605e-32 -4.59653e-38  -1.1828e-34
-7.78303e-22 -1.26521e-36  6.61419e-20   8.3808e-35 -2.21914e-18 -1.86584e-33  4.54682e-17   2.6187e-32 -6.57274e-16 -2.73322e-31  7.21107e-15  2.20232e-30 -6.27244e-14  -1.3456e-29  4.45124e-13  5.75674e-29 -2.62846e-12 -1.15199e-28  1.30966e-11 -5.88411e-28 -5.56088e-11  7.74738e-27  2.02585e-10 -4.91079e-26 -6.35917e-10  2.28061e-25  1.72338e-09 -8.51959e-25 -4.03121e-09  2.65397e-24   8.1166e-09 -7.00048e-24 -1.39855e-08  1.56918e-23  2.04153e-08 -2.96806e-23 -2.48224e-08  4.62819e-23  2.43999e-08 -5.58423e-23 -1.82664e-08  4.10049e-23  8.86554e-09  1.75954e-23 -7.43662e-10 -1.28903e-22 -2.81814e-09  2.79006e-22  2.17956e-09 -4.29523e-22 -2.59919e-10  5.32123e-22 -6.11778e-10 -5.52087e-22  3.30155e-10    4.863e-22  8.12938e-11 -3.65287e-22  -1.1794e-10  2.38423e-22 -1.22941e-15 -1.48476e-22  3.12596e-11  1.08335e-22 -2.54376e-12 -9.74505e-23 -7.31204e-12  8.43726e-23  4.88979e-13 -5.57041e-23  1.55227e-12  2.25511e-23  3.69286e-14 -1.57853e-24 -2.78554e-13 -3.39793e-24 -4.64994e-14  3.47571e-25  3.57987e-14  2.73195e-24  1.34864e-14 -3.53587e-24 -1.95685e-15   2.9702e-24 -2.06251e-15 -1.98704e-24  -2.6253e-16  1.04578e-24  1.41726e-16 -4.10643e-25  5.80339e-17  1.22793e-25  3.08021e-18 -3.54459e-26 -3.31632e-18  1.09984e-26  -9.9879e-19 -1.10742e-27 -6.07725e-20 -1.45726e-27  3.20159e-20   8.3361e-28  9.50227e-21 -1.85887e-28  9.50466e-22  1.15631e-29  -7.0541e-23  3.93356e-30 -3.39646e-23 -1.89096e-30 -4.45736e-24  7.34044e-31 -2.10417e-25 -1.97389e-31  1.72454e-26  2.20287e-32  3.45803e-27 -1.73276e-34  2.36875e-28   6.7689e-35  6.83675e-30 -4.92874e-36  -1.7351e-32 -7.35357e-37 -4.31529e-33 -2.23956e-38
-3.03661e-38 -1.68505e-20 -2.92535e-35  8.18516e-19  1.00888e-33 -2.10501e-17 -1.75175e-32   3.6052e-16  2.12828e-31 -4.54316e-15 -1.99069e-30   4.4536e-14  1.45429e-29 -3.51743e-13  -8.1077e-29  2.29182e-12  3.18403e-28 -1.25252e-11 -5.88411e-28  5.80986e-11 -2.79118e-27 -2.30634e-10  3.43006e-26  7.87889e-10 -2.03779e-25 -2.32365e-09  8.89965e-25  5.92199e-09 -3.13404e-24 -1.30253e-08  9.21618e-24  2.46272e-08 -2.29518e-23 -3.97314e-08  4.84962e-23   5.4015e-08 -8.60709e-23 -6.05839e-08  1.24504e-22  5.39309e-08 -1.34708e-22  -3.4998e-08  7.27798e-23  1.23785e-08  1.00227e-22  3.20957e-09 -3.87112e-22 -7.09658e-09  7.33263e-22  3.35682e-09 -1.03825e-21  6.65505e-10  1.20094e-21 -1.42682e-09 -1.17038e-21  3.19771e-10  9.70037e-22  3.39592e-10 -6.84774e-22 -1.71702e-10  4.20673e-22 -6.43663e-11 -2.53659e-22  5.21902e-11  1.91203e-22  1.26171e-11  -1.7823e-22  -1.2344e-11  1.51167e-22 -3.08312e-12 -9.21622e-23  2.33116e-12  2.98725e-23  8.19167e-13  4.50549e-24 -3.10084e-13 -8.84167e-24  -1.8333e-13  1.05157e-24  1.47343e-14  4.64364e-24  2.86253e-14 -5.64395e-24  4.20966e-15  4.41885e-24  -2.3962e-15 -2.77217e-24 -1.01093e-15  1.37131e-24 -1.67353e-17 -5.04158e-25  8.21166e-17  1.43069e-25  2.16154e-17 -4.22854e-26 -1.56735e-19  1.34644e-26 -1.29903e-18 -9.80729e-28 -2.99325e-19 -1.91248e-27 -1.22074e-20  9.71025e-28  8.26689e-21 -1.97599e-28  2.07333e-21  1.11903e-29  1.92332e-22  3.26605e-30 -7.46469e-24 -1.24606e-30 -4.20804e-24  5.08772e-31 -5.09529e-25 -1.57092e-31 -2.62325e-26  1.61611e-32  3.51125e-28  4.41428e-34  1.29849e-28  2.41959e-35  7.16622e-30 -4.05418e-36  1.50769e-31 -2.61733e-37  6.19186e-34
 2.87167e-21  5.04838e-36  -2.4723e-19 -4.32765e-34  8.40804e-18  1.01341e-32 -1.74728e-16 -1.46021e-31  2.56342e-15  1.56909e-30 -2.85616e-14 -1.32571e-29  2.52488e-13  8.81981e-29 -1.82239e-12 -4.50423e-28  1.09541e-11  1.62987e-27 -5.56088e-11 -2.79118e-27  2.40807e-10 -1.23338e-26 -8.95682e-10  1.41838e-25  2.87413e-09 -7.91573e-25 -7.97387e-09  3.25721e-24  1.91265e-08 -1.08301e-23 -3.95706e-08  3.01029e-23  7.02407e-08 -7.08479e-23 -1.05992e-07  1.41183e-22  1.33879e-07 -2.35021e-22 -1.37821e-07  3.14435e-22   1.0981e-07 -3.00498e-22 -5.95284e-08  9.31319e-23  1.10556e-08  3.71909e-22  1.43523e-08  -1.0554e-21 -1.42729e-08  1.79186e-21  3.39804e-09 -2.34935e-21  3.21943e-09  2.54408e-21 -2.49117e-09 -2.33166e-21 -1.57583e-10  1.81917e-21  7.94449e-10 -1.20708e-21 -1.20782e-10  6.99893e-22 -1.98059e-10 -4.15187e-22  4.97801e-11  3.30128e-22  4.58988e-11 -3.17286e-22 -1.13589e-11  2.60233e-22 -1.03236e-11 -1.44151e-22  1.47598e-12  3.35196e-23  2.09728e-12  1.87433e-23   3.5821e-14  -1.8553e-23 -3.31967e-13  2.05558e-24 -6.71837e-14  7.55402e-24  3.14837e-14  -8.5153e-24   1.5265e-14  6.18491e-24 -2.93919e-17  -3.6267e-24 -1.56448e-15  1.68463e-24   -3.811e-16 -5.81562e-25  3.31293e-17  1.59267e-25  3.57414e-17 -4.96464e-26  6.68469e-18  1.61025e-26 -3.58573e-19 -7.56182e-28 -4.00659e-19 -2.32053e-27 -7.54857e-20  1.05027e-27 -2.54556e-21 -1.95093e-28   1.5999e-21  9.91762e-30   3.5474e-22  2.55102e-30  3.13807e-23 -5.83328e-31 -1.48793e-25  2.96823e-31 -3.44525e-25 -1.22046e-31 -3.81804e-26   1.1455e-32 -1.87672e-27  7.40292e-34 -2.17073e-29  3.55826e-36  1.80518e-30 -2.63248e-36  6.27071e-32 -7.54839e-38
 8.85659e-37  5.76983e-20  1.27276e-34 -2.84124e-18 -4.91293e-33  7.41181e-17  8.82509e-32 -1.28843e-15 -1.09612e-30  1.64908e-14  1.05603e-29 -1.64307e-13 -8.10589e-29  1.31996e-12   4.9309e-28 -8.75511e-12 -2.31546e-27  4.87524e-11  7.74738e-27 -2.30634e-10 -1.23338e-26  9.34743e-10 -5.09104e-26 -3.26408e-09  5.49187e-25  9.85332e-09 -2.88495e-24 -2.57439e-08  1.12041e-23  5.81565e-08 -3.52241e-23 -1.13194e-07  9.26492e-23  1.88549e-07 -2.06239e-22 -2.65732e-07  3.87741e-22  3.10871e-07 -6.04989e-22 -2.91735e-07  7.45684e-22  2.04471e-07 -6.15329e-22 -8.63011e-08  1.02039e-23 -5.82519e-09  1.14052e-21  3.81191e-08 -2.65077e-21 -2.32055e-08   4.0936e-21 -5.04777e-10 -4.99282e-21  8.20996e-09  5.07046e-21 -3.07648e-09 -4.37251e-21 -1.58772e-09  3.21044e-21  1.31357e-09  -2.0011e-21  2.04468e-10  1.09877e-21 -3.78595e-10 -6.54448e-22 -2.33123e-11  5.58312e-22  9.11488e-11 -5.47253e-22  6.75222e-12  4.28533e-22 -1.88264e-11 -2.11848e-22 -3.04869e-12  2.67442e-23  3.07602e-12  4.62307e-23  9.80526e-13 -3.41099e-23 -3.12116e-13  3.22627e-24 -2.02328e-13  1.17357e-23 -1.55582e-15 -1.21594e-23  2.40039e-14  8.14477e-24  5.82791e-15 -4.44233e-24 -9.38944e-16  1.93614e-24 -7.44056e-16 -6.31255e-25 -1.12252e-16   1.7099e-25  2.32406e-17 -5.76138e-26  1.24189e-17  1.87054e-26  1.75847e-18  -4.3357e-28 -1.45853e-19 -2.61715e-27 -9.80653e-20  1.05327e-27 -1.58567e-20  -1.7857e-28 -5.73327e-22  8.00182e-30   2.2274e-22  1.90961e-30  4.52815e-23  -3.8708e-33  3.79852e-24  1.27886e-31  7.07954e-26 -9.37108e-32 -1.59522e-26  7.81832e-33 -1.61023e-27  7.71899e-34 -6.39205e-29 -2.00867e-36 -8.90117e-31 -1.32839e-36  1.95535e-33
-9.01545e-21 -1.21789e-35  7.86931e-19  1.85068e-33 -2.71501e-17 -4.62143e-32  5.72736e-16  6.82061e-31 -8.53525e-15 -7.48015e-30  9.66696e-14  6.51963e-29  -8.6933e-13 -4.56754e-28  6.38809e-12  2.55016e-27 -3.91265e-11 -1.10503e-26  2.02585e-10  3.43006e-26 -8.95682e-10 -5.09104e-26   3.4053e-09 -1.96792e-25 -1.11837e-08  1.99559e-24  3.18025e-08 -9.88561e-24 -7.83233e-08  3.62909e-23  1.66721e-07 -1.08016e-22 -3.05278e-07  2.69128e-22  4.76818e-07 -5.67035e-22 -6.26436e-07  1.00598e-21  6.75946e-07 -1.46978e-21 -5.72852e-07  1.66028e-21  3.43636e-07 -1.14102e-21 -9.51828e-08 -4.49953e-22 -5.74415e-08  3.08892e-21  7.89384e-08 -6.18877e-21 -2.83983e-08  8.77786e-21 -1.28878e-08 -9.99117e-21  1.54224e-08   9.5255e-21 -1.47604e-09 -7.72812e-21 -4.34089e-09  5.33418e-21  1.41756e-09  -3.1189e-21  9.79337e-10  1.62953e-21 -4.81162e-10 -1.00026e-21 -2.17215e-10  9.24883e-22  1.15406e-10 -9.10864e-22  5.16778e-11  6.72862e-22 -2.02305e-11 -2.90633e-22  -1.2072e-11 -5.55785e-25  2.00423e-12  9.28193e-23  2.32448e-12 -5.68296e-23  1.19616e-13  4.26266e-24 -3.01933e-13  1.74031e-23 -8.12103e-14 -1.64589e-23     1.64e-14   1.0084e-23  1.24676e-14 -5.07889e-24  1.52259e-15  2.07653e-24 -6.67815e-16 -6.46111e-25 -2.80049e-16  1.78848e-25 -2.58411e-17 -6.59944e-26  9.58678e-18  2.09601e-26  3.52234e-18 -1.65617e-29  4.01805e-19 -2.75486e-27 -3.57749e-20  9.75796e-28 -1.87782e-20  -1.5081e-28 -2.69464e-21  5.82673e-30 -1.15929e-22  1.39079e-30  2.04937e-23  4.23914e-31  3.99935e-24  1.60166e-32  3.06809e-25 -7.12151e-32  8.90615e-27  5.07132e-33 -2.85407e-28  6.30226e-34 -2.86178e-29 -1.11586e-36  -6.3883e-31 -4.63971e-37
-7.96988e-36 -1.68491e-19 -4.33954e-34  8.41832e-18  2.00826e-32 -2.22957e-16 -3.75493e-31  3.93754e-15  4.74993e-30 -5.12363e-14 -4.67153e-29  5.19383e-13   3.7071e-28 -4.24847e-12 -2.38002e-27  2.87173e-11  1.22402e-26 -1.63113e-10 -4.91079e-26  7.87889e-10  1.41838e-25 -3.26408e-09 -1.96792e-25  1.16652e-08 -7.13981e-25 -3.60896e-08  6.81939e-24  9.67922e-08 -3.19087e-23 -2.24882e-07  1.10882e-22  4.51212e-07  -3.1281e-22 -7.77079e-07   7.3895e-22  1.13687e-06 -1.47453e-21 -1.38881e-06  2.46876e-21  1.37464e-06 -3.37316e-21 -1.03798e-06  3.46826e-21  5.07977e-07 -1.86386e-21 -4.02059e-08 -1.96907e-21  -1.7037e-07  7.60216e-21  1.33976e-07 -1.35122e-20 -1.70382e-08  1.77205e-20 -3.86491e-08 -1.88653e-20  2.19012e-08  1.68929e-20  4.97004e-09 -1.28843e-20 -8.04337e-09  8.34301e-21  1.92814e-10 -4.56507e-21  2.19089e-09  2.28702e-21 -2.45476e-10 -1.49428e-21 -5.29414e-10  1.49865e-21  5.35437e-11 -1.45815e-21  1.17378e-10  1.00504e-21 -1.01251e-12 -3.69141e-22 -2.22781e-11 -6.10433e-23 -3.06262e-12  1.63986e-22  3.08227e-12 -8.73517e-23  1.04748e-12  4.69477e-24  -2.0001e-13  2.46616e-23 -1.74837e-13  -2.1156e-23 -1.87303e-14  1.17155e-23   1.3117e-14  -5.3896e-24  4.95635e-15  2.06989e-24  1.89885e-16 -6.25527e-25 -3.03031e-16  1.83828e-25 -8.65155e-17 -7.41793e-26 -4.67454e-18  2.25175e-26  2.86075e-18   4.8716e-28  8.17358e-19 -2.71761e-27   8.0293e-20  8.28961e-28 -5.67847e-21 -1.16256e-28 -2.71829e-21  3.79889e-30  -3.5206e-22  9.71578e-31 -1.72872e-23   6.7352e-31  1.02706e-24  -4.0693e-32   2.1743e-25 -5.28582e-32  1.42362e-26  3.05667e-33  3.94147e-28  4.21799e-34  9.86837e-31  4.17965e-37 -8.71096e-32
