 8.79392e-10 -1.26949e-21 -2.17919e-08      1.9e-20  2.04758e-07 -1.23501e-19 -1.09965e-06  5.02389e-19  3.73755e-06 -1.38727e-18 -7.97809e-06   2.6348e-18  9.13712e-06 -3.31806e-18 -1.45909e-06  2.46782e-18 -5.12411e-06 -7.65399e-19  -1.5095e-06 -1.62513e-20 -8.15091e-08
-1.26949e-21   3.1318e-08 -4.46127e-21 -4.33196e-07  4.82929e-20  3.01075e-06 -2.45877e-19 -1.27987e-05  8.20211e-19  3.47111e-05  -1.8847e-18 -5.61722e-05  2.92649e-18  3.72584e-05 -2.82768e-18  2.18533e-05  1.31173e-18 -9.95156e-06 -8.47372e-21 -5.75319e-06 -3.01277e-20
-2.17919e-08 -4.46127e-21  5.40506e-07 -1.12578e-20 -5.08209e-06  9.27109e-20   2.7301e-05 -3.66071e-19 -9.27464e-05  1.01139e-18  0.000197507 -1.95819e-18 -0.000224197  2.52146e-18   3.0592e-05 -1.86628e-18  0.000129437  3.47307e-19  4.07803e-05  1.82339e-19  2.62449e-06
     1.9e-20 -4.33196e-07 -1.12578e-20  5.99637e-06 -2.27428e-20 -4.16946e-05  1.10398e-19  0.000177241 -3.00589e-19 -0.000480187   7.2413e-19  0.000774022 -1.34834e-18 -0.000503204   1.7862e-18 -0.000319079 -1.28641e-18    0.0001293 -1.56632e-19  7.98864e-05   5.2928e-20
 2.04758e-07  4.82929e-20 -5.08209e-06 -2.27428e-20  4.78089e-05 -1.16327e-20  -0.00025689  -1.2081e-19  0.000872419  4.56187e-19  -0.00185478 -6.54023e-19     0.002092  1.15287e-19 -0.000249173  1.13889e-18  -0.00123747 -1.22453e-18  -0.00040842 -4.52802e-19 -2.89997e-05
-1.23501e-19  3.01075e-06  9.27109e-20 -4.16946e-05 -1.16327e-20  0.000290005  1.10607e-19  -0.00123283 -8.77382e-19    0.0033382  2.03828e-18  -0.00536915 -2.66761e-18   0.00344996  1.48685e-18   0.00228974   8.8996e-19 -0.000882018 -1.25266e-18 -0.000566297 -3.61801e-19
-1.09965e-06 -2.45877e-19   2.7301e-05  1.10398e-19  -0.00025689  1.10607e-19   0.00138056  4.13664e-19  -0.00468865 -1.83071e-18   0.00996568  3.22293e-18    -0.011224 -3.54641e-18   0.00127361  1.96205e-18   0.00675967  5.98123e-19   0.00226779 -8.19939e-19   0.00016488
 5.02389e-19 -1.27987e-05 -3.66071e-19  0.000177241  -1.2081e-19  -0.00123283  4.13664e-19   0.00524171  6.59001e-19   -0.0141998 -1.74418e-18    0.0228692  2.23479e-18    -0.014778 -2.41977e-18  -0.00967857  1.93837e-18   0.00406354  4.75526e-19    0.0025501 -2.15982e-19
 3.73755e-06  8.20211e-19 -9.27464e-05 -3.00589e-19  0.000872419 -8.77382e-19  -0.00468865  6.59001e-19    0.0159365  3.93434e-19   -0.0339637  1.44049e-20    0.0385922 -4.33299e-19  -0.00509233 -1.08264e-18   -0.0234217  1.77305e-18  -0.00754334  5.32137e-19 -0.000489199
-1.38727e-18  3.47111e-05  1.01139e-18 -0.000480187  4.56187e-19    0.0033382 -1.83071e-18   -0.0141998  3.93434e-19    0.0385725 -3.97961e-19   -0.0626879   2.3898e-18    0.0422727 -2.31877e-18    0.0239609   -1.417e-18   -0.0142851  7.64976e-19  -0.00793285  2.23832e-19
-7.97809e-06  -1.8847e-18  0.000197507   7.2413e-19  -0.00185478  2.03828e-18   0.00996568 -1.74418e-18   -0.0339637 -3.97961e-19    0.0730867 -1.29103e-18   -0.0857946  4.09327e-18     0.017556 -2.32863e-18    0.0512139  -2.5906e-18    0.0134872 -4.32998e-19  0.000333555
  2.6348e-18 -5.61722e-05 -1.95819e-18  0.000774022 -6.54023e-19  -0.00536915  3.22293e-18    0.0228692  1.44049e-20   -0.0626879 -1.29103e-18     0.104976  -1.9977e-18   -0.0804911  4.73829e-18   -0.0253972 -8.48329e-19    0.0392431 -2.17279e-18    0.0172669 -4.27146e-19
 9.13712e-06  2.92649e-18 -0.000224197 -1.34834e-18     0.002092 -2.66761e-18    -0.011224  2.23479e-18    0.0385922   2.3898e-18   -0.0857946  -1.9977e-18      0.11156 -2.54871e-18   -0.0476527  4.83792e-18   -0.0589682  1.70345e-18  -0.00191596 -3.09588e-19   0.00292407
-3.31806e-18  3.72584e-05  2.52146e-18 -0.000503204  1.15287e-19   0.00344996 -3.54641e-18    -0.014778 -4.33299e-19    0.0422727  4.09327e-18   -0.0804911 -2.54871e-18     0.091527 -2.84874e-18   -0.0271028  4.80935e-18   -0.0727532  3.22933e-18   -0.0226473  4.52669e-19
-1.45909e-06 -2.82768e-18   3.0592e-05   1.7862e-18 -0.000249173  1.48685e-18   0.00127361 -2.41977e-18  -0.00509233 -2.31877e-18     0.017556  4.73829e-18   -0.0476527 -2.84874e-18    0.0760976 -3.07922e-18   -0.0100526  3.05293e-18   -0.0470241  1.94919e-18   -0.0108954
 2.46782e-18  2.18533e-05 -1.86628e-18 -0.000319079  1.13889e-18   0.00228974  1.96205e-18  -0.00967857 -1.08264e-18    0.0239609 -2.32863e-18   -0.0253972  4.83792e-18   -0.0271028 -3.07922e-18    0.0846536 -4.89135e-18     0.038057 -6.43701e-19  -0.00200272  1.69051e-19
-5.12411e-06  1.31173e-18  0.000129437 -1.28641e-18  -0.00123747   8.8996e-19   0.00675967  1.93837e-18   -0.0234217   -1.417e-18    0.0512139 -8.48329e-19   -0.0589682  4.80935e-18   -0.0100526 -4.89135e-18     0.121154 -7.69383e-18    0.0782252 -2.54513e-18    0.0121664
-7.65399e-19 -9.95156e-06  3.47307e-19    0.0001293 -1.22453e-18 -0.000882018  5.98123e-19   0.00406354  1.77305e-18   -0.0142851  -2.5906e-18    0.0392431  1.70345e-18   -0.0727532  3.05293e-18     0.038057 -7.69383e-18     0.139378 -7.37675e-18    0.0615449  -1.4505e-18
 -1.5095e-06 -8.47372e-21  4.07803e-05 -1.56632e-19  -0.00040842 -1.25266e-18   0.00226779  4.75526e-19  -0.00754334  7.64976e-19    0.0134872 -2.17279e-18  -0.00191596  3.22933e-18   -0.0470241 -6.43701e-19    0.0782252 -7.37675e-18    0.0961349 -3.77846e-18    0.0210064
-1.62513e-20 -5.75319e-06  1.82339e-19  7.98864e-05 -4.52802e-19 -0.000566297 -8.19939e-19    0.0025501  5.32137e-19  -0.00793285 -4.32998e-19    0.0172669 -3.09588e-19   -0.0226473  1.94919e-18  -0.00200272 -2.54513e-18    0.0615449 -3.77846e-18    0.0348147 -8.82479e-19
-8.15091e-08 -3.01277e-20  2.62449e-06   5.2928e-20 -2.89997e-05 -3.61801e-19   0.00016488 -2.15982e-19 -0.000489199  2.23832e-19  0.000333555 -4.27146e-19   0.00292407  4.52669e-19   -0.0108954  1.69051e-19    0.0121664  -1.4505e-18    0.0210064 -8.82479e-19   0.00514161
