  2.6957e-16 -4.31126e-31 -8.45729e-15  2.39254e-29  1.00831e-13 -3.76779e-28 -7.02704e-13  3.18553e-27  3.28366e-12 -1.73439e-26 -1.09628e-11  6.58961e-26  2.69584e-11 -1.81305e-25 -4.92784e-11  3.63832e-25  6.61837e-11  -5.1487e-25 -6.24712e-11  4.34867e-25  3.62829e-11  4.09022e-26 -5.93511e-12  -8.8361e-25 -8.08862e-12  1.90231e-24  4.96025e-12 -2.92016e-24  1.03283e-12  3.80195e-24 -1.56991e-12  -4.3156e-24 -1.66464e-13  4.17675e-24  4.11599e-13 -3.34204e-24  7.13743e-14   2.1365e-24 -9.05959e-14 -1.01172e-24 -3.28873e-14  2.49414e-25  1.28028e-14  1.09218e-25  1.03379e-14 -1.80098e-25  4.46908e-16  1.29923e-25 -1.84986e-15  -7.6816e-26 -7.22018e-16  4.67854e-26  5.69133e-17 -2.06055e-26  1.40354e-16 -4.76637e-27  4.67443e-17  1.64326e-26 -1.49026e-18 -1.34401e-26  -7.0232e-18  6.71343e-27 -2.75173e-18 -2.87558e-27 -3.18325e-19  1.32059e-27  1.73052e-19 -4.59277e-28  1.05915e-19  2.55871e-29   2.7614e-20  4.24979e-29    1.999e-21  6.67451e-31  -1.4429e-21 -1.39097e-29  -7.2431e-22  6.21839e-30 -1.83036e-22 -2.11666e-30 -2.42003e-23  1.18672e-30  1.43879e-24 -2.27768e-31  1.73909e-24 -1.70227e-31  5.26691e-25  6.29876e-32  1.01068e-25  8.87913e-33  1.24364e-26 -3.88911e-33  4.57239e-28  1.19416e-34 -2.19377e-28 -3.55803e-34 -6.88627e-29  5.29107e-35 -1.23807e-29    2.067e-35 -1.60903e-30 -1.40561e-36 -1.54343e-31  1.29835e-36 -9.78113e-33 -1.91056e-37 -1.35379e-34 -1.10742e-37  6.00911e-35  7.51342e-39  9.41295e-36  3.01897e-39  8.64002e-37  6.56986e-42   5.6564e-38 -2.08072e-41  2.73533e-39  1.71077e-42  9.48926e-41  2.79885e-43  2.30362e-42    2.387e-45  3.36694e-44  1.78707e-47   2.6411e-47  1.67659e-47
-4.31126e-31  1.22628e-14 -1.44882e-29 -2.18006e-13   5.5821e-28  1.97125e-12  -7.0317e-27 -1.13341e-11  5.02997e-26  4.54197e-11 -2.38444e-25 -1.32685e-10  8.01045e-25  2.88222e-10 -1.96157e-24 -4.65774e-10    3.493e-24   5.4743e-10 -4.28534e-24 -4.37279e-10  2.74565e-24  1.88902e-10  1.85449e-24  1.77767e-11 -8.57699e-24 -6.72442e-11  1.58018e-23  1.79008e-11 -2.25372e-23  1.54782e-11  2.79191e-23 -7.06189e-12 -3.01209e-23 -3.87946e-12  2.74167e-23  1.73635e-12 -2.04062e-23  1.13392e-12  1.19915e-23 -2.51371e-13 -5.05461e-24 -3.10909e-13   8.2659e-25 -1.82973e-14  9.14752e-25  6.05035e-14 -1.08072e-24  2.21077e-14   6.9399e-25 -4.22239e-15 -3.89115e-25 -5.49864e-15  2.40512e-25 -1.32603e-15 -1.04682e-25  3.76027e-16 -2.95881e-26  3.53201e-16  8.55558e-26  9.08565e-17 -6.46915e-26 -9.70164e-18  2.94201e-26 -1.55372e-17 -1.16322e-26 -5.43514e-18  5.28195e-27 -6.00158e-19 -1.80028e-27  2.98694e-19   1.8339e-29  1.80844e-19   2.3083e-28  4.85806e-20 -1.80044e-29  5.28372e-21 -5.38924e-29 -1.43706e-21  2.46833e-29 -9.03729e-22  -7.6323e-30 -2.52151e-22  4.49498e-30 -4.23242e-23 -8.93413e-31 -2.47458e-24 -7.03162e-31  1.01878e-24  2.51508e-31  4.22778e-25  3.87396e-32  9.40147e-26 -1.37902e-32  1.44243e-26 -8.92235e-34  1.45792e-27 -1.10238e-33  4.42257e-29  2.35846e-34 -1.79817e-29  5.19227e-35 -4.72551e-30 -3.57015e-36 -7.14847e-31  5.19323e-36 -7.89075e-32 -5.34615e-37 -6.61303e-33 -3.52731e-37 -4.07604e-34  1.97466e-38 -1.57085e-35   9.2734e-39  -1.4285e-38   8.2765e-41   4.9254e-38 -5.66507e-41  4.02784e-39  4.57288e-42  1.85813e-40  7.15757e-43  5.38843e-42    7.766e-45  8.88449e-44 -3.84013e-47  4.17375e-46
-8.45729e-15 -1.44882e-29  2.74016e-13  -2.7648e-28 -3.37999e-12  8.09992e-27  2.44229e-11 -8.44527e-26 -1.18632e-10  5.20215e-25  4.13024e-10 -2.16946e-24 -1.06363e-09  6.48404e-24  2.04822e-09 -1.41722e-23 -2.92507e-09  2.23633e-23   2.9874e-09 -2.34635e-23 -1.96585e-09  9.81536e-24  5.24759e-10  1.86869e-23  3.21765e-10  -5.3969e-23 -3.01642e-10  8.81821e-23 -5.15482e-12 -1.18372e-22  8.86348e-11  1.40141e-22 -7.45306e-12 -1.43572e-22 -2.38097e-11  1.22553e-22  7.34291e-13 -8.45714e-23  6.02833e-12  4.54756e-23  8.15082e-13 -1.67772e-23 -1.21034e-12  1.02897e-24 -4.81591e-13  4.53605e-24  1.15575e-13 -4.32237e-24  1.32129e-13  2.50906e-24  2.31102e-14 -1.36228e-24 -1.53024e-14  8.69725e-25 -9.71901e-15 -3.71595e-25 -1.38176e-15 -1.23583e-25  9.02608e-16  3.04772e-25  5.68771e-16  -2.1171e-25  1.19238e-16  8.74226e-26 -1.98749e-17 -3.22605e-26 -2.21708e-17  1.46885e-26 -7.26321e-18 -4.88586e-27 -8.59166e-19 -1.78995e-28  3.06556e-19  8.07586e-28  1.97824e-19 -1.13062e-28  5.58726e-20 -1.42193e-28  8.02001e-21  6.76947e-29 -5.09297e-22 -1.90912e-29 -6.53104e-22  1.21048e-29 -2.07067e-22 -2.54923e-30 -4.06886e-23 -2.00446e-30  -4.7683e-24  6.92035e-31  7.41486e-27   1.1996e-31   1.5801e-25 -3.41559e-32   4.4463e-26 -6.04687e-33   7.9022e-27 -2.26704e-33  1.01565e-27  7.26807e-34  9.09249e-29  7.37719e-35  3.80735e-30 -6.83501e-36 -4.21071e-31  1.44828e-35 -1.15508e-31 -9.03216e-37 -1.50074e-32 -7.75366e-37  -1.3712e-33  3.64455e-38 -9.42809e-35  1.96235e-38 -4.88545e-36  3.02058e-40 -1.82436e-37 -9.86267e-41 -4.30806e-39  8.15961e-42 -3.93265e-41  1.11432e-42  1.03609e-42  9.48211e-45  1.75963e-44 -6.98879e-47
 2.39254e-29 -2.18006e-13  -2.7648e-28  4.00957e-12 -3.66912e-27 -3.75824e-11  8.61415e-26  2.24523e-10 -7.61475e-25 -9.37548e-10  4.09398e-24  2.86436e-09  -1.5143e-23 -6.53917e-09  4.04574e-23   1.1186e-08 -7.90593e-23 -1.40837e-08  1.10175e-22  1.23544e-08  -9.6664e-23 -6.37908e-09  1.49838e-23  3.83297e-10  1.17323e-22  1.83515e-09 -2.58268e-22 -8.24971e-10  3.83709e-22 -3.32297e-10 -4.89971e-22  2.92499e-10  5.55823e-22  7.18091e-11 -5.39692e-22 -7.83778e-11  4.30656e-22 -2.42082e-11 -2.74602e-22  1.63233e-11  1.34383e-22  8.70929e-12 -4.22692e-23 -1.75925e-12 -3.19702e-24 -2.35532e-12  1.64738e-23 -3.32799e-13 -1.33644e-23  3.55909e-13  7.10263e-24  1.86247e-13  -3.8408e-24  5.70025e-15  2.56644e-24 -2.89483e-14 -1.05831e-24 -1.24512e-14 -4.08675e-25 -8.08514e-16  8.57566e-25  1.39363e-15 -5.42015e-25  6.93665e-16  2.02987e-25  1.25745e-16 -7.15215e-26 -2.47605e-17   3.2978e-26 -2.36436e-17 -1.05404e-26 -7.53997e-18 -8.73627e-28 -1.02204e-18  2.13851e-27  1.99507e-19 -4.07604e-28  1.56053e-19 -2.90027e-28  4.71881e-20  1.47707e-28  8.21472e-21 -3.85986e-29  3.75439e-22  2.68238e-29  -2.7942e-22 -6.00977e-30 -1.11535e-22 -4.57484e-30 -2.49985e-23   1.5152e-30  -3.7796e-24  3.02219e-31 -3.30927e-25 -6.87634e-32  1.08246e-26 -2.08715e-32  1.05415e-26 -3.40635e-33  2.33126e-27  1.77132e-33  3.43356e-28  3.51353e-35  3.76387e-29 -1.13174e-35  3.04777e-30  3.24979e-35  1.58719e-31 -8.83209e-37  8.75991e-34 -1.35194e-36 -8.30938e-34   5.5704e-38   -1.012e-34  3.30085e-38 -7.31595e-36  6.98182e-40 -3.67235e-37 -1.25632e-40 -1.29215e-38  1.12342e-41 -2.99421e-40  1.20984e-42    -4.13e-42  5.00302e-45 -2.53279e-44
 1.00831e-13   5.5821e-28 -3.37999e-12 -3.66912e-27  4.32154e-11 -3.70919e-26 -3.24372e-10  7.22205e-25  1.64095e-09 -5.50997e-24 -5.96915e-09   2.6131e-23  1.61281e-08 -8.62889e-23 -3.27741e-08  2.06819e-22  4.98301e-08 -3.61488e-22 -5.50443e-08  4.42254e-22  4.06901e-08  -3.1217e-22 -1.48766e-08 -6.12009e-23 -3.95645e-09  5.51902e-22  6.62937e-09 -1.00667e-21   -1.041e-09  1.38667e-21 -1.74688e-09 -1.69909e-21  5.27873e-10  1.84849e-21  4.62709e-10 -1.69646e-21 -1.28596e-10   1.2613e-21 -1.31009e-10 -7.40524e-22  1.24489e-11  3.27566e-22   3.3433e-11 -8.39701e-23  5.15165e-12 -2.37372e-23 -5.79405e-12  4.77874e-23 -2.83391e-12 -3.39201e-23    1.847e-13  1.67216e-23  5.89967e-13 -9.34969e-24  1.89422e-13  6.56795e-24  -2.3231e-14 -2.54226e-24 -3.88302e-14 -1.14677e-24 -1.26713e-14  2.01866e-24 -1.92377e-17 -1.14491e-24  1.60975e-15  3.89961e-25  6.88869e-16 -1.36728e-25  1.15825e-16  6.36524e-26 -2.13201e-17  -1.8931e-26  -1.9861e-17 -2.38978e-27 -6.36128e-18  4.56495e-27 -1.00369e-18 -1.10391e-27  6.28661e-20 -4.69339e-28  9.03546e-20   2.7104e-28  3.00825e-20  -6.7975e-29  6.02997e-21  5.18762e-29  6.50847e-22 -1.21791e-29  -4.1692e-23 -8.90488e-30 -3.80248e-23  2.79977e-30 -1.00975e-23  6.53352e-31 -1.77129e-24 -1.20799e-31 -2.19266e-25 -5.24879e-32 -1.63496e-26 -3.42646e-33  2.72502e-28  3.61466e-33  3.17083e-28 -1.34583e-34  5.94032e-29 -1.57082e-35  7.30958e-30  6.21865e-35  6.71778e-31  1.15311e-37  4.69359e-32 -1.97173e-36  2.39701e-33  7.66797e-38  7.66497e-35  4.66493e-38  2.88848e-37  1.19672e-39 -1.20982e-37 -1.20664e-40 -7.05748e-39  1.25855e-41 -1.97338e-40  9.42146e-43 -2.54899e-42 -1.34191e-46
-3.76779e-28  1.97125e-12  8.09992e-27 -3.75824e-11 -3.70919e-26  3.65898e-10 -3.01072e-25  -2.2759e-09  4.98076e-24  9.92321e-09 -3.32488e-23 -3.17706e-08  1.40274e-22   7.6375e-08 -4.15693e-22 -1.38527e-07  8.96116e-22  1.86998e-07 -1.39969e-21 -1.79749e-07  1.48909e-21  1.08396e-07 -7.85544e-22 -2.06774e-08 -5.95703e-22 -2.37566e-08  2.09879e-21   1.6757e-08 -3.32254e-21  2.28684e-09  4.31418e-21  -5.4503e-09 -5.10674e-21 -1.09027e-10  5.32413e-21  1.51615e-09 -4.60309e-21  1.04552e-10   3.1781e-21 -3.77274e-10 -1.71183e-21 -8.76769e-11   6.7817e-22   7.0241e-11 -1.29499e-22  3.73445e-11 -8.57587e-23 -4.33538e-12  1.15821e-22 -8.97543e-12 -7.28324e-23 -2.23745e-12  3.38704e-23  8.26884e-13 -2.05285e-23  7.03201e-13  1.50391e-23  1.44649e-13 -5.25331e-24 -4.86021e-14 -2.83309e-24 -4.10786e-14  4.09301e-24 -1.08637e-14 -2.04186e-24  5.10922e-16  6.40115e-25  1.48445e-15 -2.38495e-25  5.78225e-16  1.09055e-25  9.67562e-17 -2.85096e-26 -1.26382e-17 -4.67544e-27 -1.33587e-17  8.06418e-27 -4.41396e-18 -2.46649e-27 -7.99908e-19 -5.74591e-28 -2.51886e-20  4.29979e-28  3.65987e-20 -1.10266e-28  1.43632e-20  9.02609e-29  3.23595e-21 -2.15289e-29  4.72053e-22 -1.53324e-29  3.01423e-23  4.51176e-30  -6.0908e-24  1.24676e-30 -2.53511e-24 -1.94377e-31 -5.18036e-25 -1.06993e-31 -7.45668e-26 -5.41946e-34 -7.88081e-27  6.39254e-33 -5.56533e-28 -4.97493e-34 -1.10017e-29 -1.49098e-35  3.56574e-30  1.04652e-34  6.36557e-31  2.58069e-36  6.49633e-32 -2.46586e-36  4.73919e-33  9.96395e-38  2.56898e-34  5.68219e-38  1.01755e-35  1.61834e-39  2.77438e-37 -8.34034e-41  4.58201e-39  1.16743e-41   3.1795e-41  5.07896e-43 -8.59774e-44
-7.02704e-13  -7.0317e-27  2.44229e-11  8.61415e-26 -3.24372e-10 -3.01072e-25  2.53468e-09 -2.03097e-24 -1.33839e-08  2.90662e-23  5.09798e-08 -1.71616e-22 -1.44829e-07  6.48531e-22  3.11196e-07 -1.73188e-21 -5.04508e-07  3.36315e-21  6.02852e-07 -4.68319e-21 -4.97593e-07  4.26845e-21  2.30324e-07 -1.41529e-21  1.02803e-08 -2.85185e-21 -8.12088e-08  6.72077e-21  2.78715e-08 -9.52504e-21  1.77069e-08  1.18319e-20 -1.11906e-08 -1.35929e-20 -4.26954e-09  1.35502e-20  3.08603e-09 -1.09958e-20  1.35393e-09  7.02773e-21 -6.13481e-10 -3.45974e-21   -4.418e-10  1.21115e-21  4.40305e-11  -1.3603e-22  1.10181e-10 -2.30782e-22  2.34403e-11  2.40546e-22 -1.45832e-11 -1.34158e-22 -9.60857e-12  6.04174e-23   -9.346e-13 -4.18966e-23  1.27788e-12  3.13231e-23  6.65136e-13 -9.35556e-24  8.20619e-14  -6.2902e-24 -5.94904e-14  7.25743e-24 -3.61953e-14 -3.08836e-24 -8.20655e-15  9.20297e-25  6.09907e-16 -3.97496e-25  1.12693e-15  1.68082e-25  4.17382e-16 -3.47738e-26  7.33314e-17 -6.68136e-27 -4.14072e-18    1.179e-26 -7.13783e-18 -4.76347e-27 -2.50501e-18 -3.92116e-28 -5.10404e-19  5.97528e-28 -4.83113e-20 -1.72678e-28   8.2576e-21  1.43876e-28  4.91678e-21 -3.33715e-29  1.26006e-21 -2.39378e-29  2.16154e-22  6.48682e-30  2.45859e-23  2.13723e-30  1.04339e-24 -2.97462e-31 -2.87023e-25 -1.85803e-31  -8.7987e-26  7.51754e-33 -1.46251e-26  1.00429e-32 -1.75328e-27 -1.06981e-33 -1.58771e-28  1.19314e-36 -1.05031e-29  1.57699e-34 -4.20998e-31  6.56571e-36  2.71454e-33 -2.67296e-36  1.97971e-33  1.23414e-37  1.73671e-34  6.02474e-38  9.05228e-36   1.7791e-39  3.08868e-37 -3.07156e-41  6.54543e-39  8.88988e-42  7.22112e-41   1.6341e-43
 3.18553e-27 -1.13341e-11 -8.44527e-26  2.24523e-10  7.22205e-25  -2.2759e-09 -2.03097e-24  1.47741e-08 -1.16672e-23 -6.74224e-08  1.46469e-22  2.26748e-07 -7.71607e-22 -5.75288e-07  2.62647e-21  1.10859e-06 -6.34078e-21 -1.60651e-06  1.10986e-20  1.68999e-06 -1.37199e-20 -1.17209e-06  1.04611e-20  3.62591e-07 -1.03441e-21   1.6993e-07 -1.01649e-20 -2.00132e-07  1.85841e-20   1.4382e-08 -2.41568e-20  5.84815e-08   2.9096e-20 -1.20487e-08 -3.25164e-20 -1.62177e-08  3.08843e-20  2.91374e-09 -2.34345e-20  4.56622e-09  1.38261e-20 -7.26703e-11 -6.19666e-21 -1.12586e-09  1.87611e-21 -2.51851e-10 -1.61807e-23  1.79997e-10 -5.12584e-22  1.08615e-10   4.3369e-22  4.90851e-13  -2.1206e-22 -2.04096e-11  9.68254e-23 -7.83046e-12 -8.10251e-23  3.48427e-13  5.98244e-23  1.38481e-12 -1.41132e-23  5.26884e-13 -1.26918e-23  3.11355e-14  1.13132e-23 -5.49822e-14  -3.8954e-24 -2.74263e-14  1.19279e-24 -5.64978e-15 -6.51306e-25  4.15804e-16  2.32553e-25  7.11994e-16 -2.94151e-26  2.59886e-16 -5.79509e-27  4.93157e-17  1.37036e-26   8.1708e-19 -8.16952e-27 -2.91767e-18   3.9894e-28 -1.14122e-18  7.28091e-28 -2.57264e-19 -2.69248e-28 -3.51031e-20  2.12864e-28 -8.03188e-22  -4.5371e-29  1.05261e-21  -3.4519e-29   3.4134e-22  8.49001e-30  6.64546e-23  3.33075e-30  9.22143e-24 -4.44191e-31  8.81584e-25 -2.82557e-31  3.76391e-26  2.30486e-32 -5.22557e-27   1.4297e-32 -1.47171e-27 -1.79236e-33 -2.04169e-28  4.53761e-35 -2.00696e-29  2.15101e-34 -1.49009e-30  1.14989e-35 -8.33642e-32 -2.51365e-36 -3.33751e-33  1.42664e-37 -8.10453e-35  5.55493e-38 -2.80083e-37  1.61491e-39  5.49023e-38  1.42741e-41   1.8098e-39  5.32162e-42  1.73663e-41
 3.28366e-12  5.02997e-26 -1.18632e-10 -7.61475e-25  1.64095e-09  4.98076e-24 -1.33839e-08 -1.16672e-23  7.39578e-08 -5.81247e-23  -2.9575e-07  6.47187e-22   8.8567e-07 -3.06387e-21 -2.01701e-06  9.43709e-21   3.4935e-06 -2.06453e-20 -4.51888e-06  3.25581e-20  4.14757e-06 -3.54911e-20 -2.32829e-06  2.17461e-20  2.87937e-07  4.58109e-21  6.26643e-07 -2.97277e-20 -3.64353e-07  4.51315e-20 -8.89917e-08 -5.49787e-20  1.30101e-07   6.4985e-20  1.28564e-08 -7.06346e-20 -3.76209e-08  6.36359e-20 -5.30907e-09 -4.49855e-20  9.37657e-09  2.44477e-20  2.87483e-09 -9.93378e-21 -1.66706e-09   2.5042e-21 -1.08479e-09  3.66706e-22  5.48219e-11 -9.82247e-22  2.44497e-10  6.80196e-22  7.35871e-11 -2.82089e-22 -1.88216e-11  1.42581e-22 -2.03088e-11 -1.49859e-22 -5.01724e-12  1.05095e-22   1.1049e-12 -1.70179e-23  1.20165e-12 -2.33983e-23  3.63196e-13  1.54292e-23  3.64127e-15 -3.84248e-24 -4.13351e-14  1.45791e-24 -1.81979e-14 -1.05313e-24 -3.60858e-15  2.83284e-25  1.62102e-16 -5.64847e-28  3.72554e-16   2.1911e-27  1.38483e-16  1.05685e-26  2.85963e-17 -1.26525e-26  2.19244e-18  2.17387e-27 -8.16489e-19  7.64121e-28 -4.02719e-19 -4.20353e-28 -1.00468e-19  2.95778e-28 -1.65535e-20 -5.38353e-29 -1.57121e-21 -4.66219e-29  5.17423e-23  1.03483e-29  5.63689e-23  4.75922e-30   1.3331e-23 -6.53702e-31  2.08781e-24 -3.82268e-31  2.41732e-25  4.77216e-32   2.0346e-26  1.87581e-32   1.0283e-27 -2.52714e-33 -1.40566e-29  1.26813e-34 -9.43568e-30  2.67282e-34 -1.14106e-30  1.62934e-35 -8.79583e-32 -2.03166e-36 -4.84423e-33  1.48549e-37 -1.91786e-34  4.40339e-38  -5.2263e-36  1.22003e-39 -8.79359e-38  3.57836e-41 -6.80821e-40  2.19237e-42
-1.73439e-26  4.54197e-11  5.20215e-25 -9.37548e-10 -5.50997e-24  9.92321e-09  2.90662e-23 -6.74224e-08 -5.81247e-23  3.22966e-07 -2.54689e-22 -1.14416e-06   2.5379e-21    3.072e-06 -1.08614e-20 -6.30479e-06  3.03853e-20  9.82565e-06 -6.03323e-20 -1.13076e-05  8.55887e-20  8.92678e-06 -8.14396e-20 -3.77336e-06  3.71703e-20  -5.4026e-07  2.61469e-20  1.57161e-06 -7.42862e-20 -4.31887e-07  9.74283e-20 -3.85964e-07 -1.13631e-19    1.981e-07  1.33141e-19  9.93225e-08 -1.40372e-19   -5.684e-08  1.19335e-19  -3.1153e-08 -7.83397e-20  1.10481e-08  3.91765e-20  9.84766e-09 -1.43657e-20 -4.51218e-10  2.79264e-21 -2.38466e-09  1.18921e-21 -6.15127e-10 -1.66304e-21  2.92888e-10  9.15966e-22  2.24854e-10 -2.94776e-22  3.00729e-11  1.98986e-22 -2.75571e-11 -2.65403e-22 -1.61816e-11  1.69777e-22 -2.51591e-12 -1.30376e-23  1.26256e-12 -3.94905e-23  8.82661e-13  1.80254e-23  2.24902e-13 -2.23613e-24 -4.65117e-15  1.79705e-24 -2.60261e-14 -1.65596e-24 -1.06485e-14  2.88724e-25 -2.13313e-15  6.54917e-26 -4.17351e-18  2.21841e-26  1.57774e-16 -1.50545e-27  6.20651e-17 -1.78829e-26  1.39105e-17  5.25495e-27  1.69016e-18  6.44932e-28 -8.59961e-20 -6.46696e-28 -1.02196e-19  3.90767e-28 -2.93933e-20 -5.50276e-29 -5.48022e-21 -5.95401e-29 -7.08188e-22  1.21023e-29 -5.17462e-23  6.27318e-30  2.33361e-24 -9.43471e-31   1.4868e-24 -4.63701e-31  2.81689e-25  8.18329e-32  3.61228e-26  2.30139e-32  3.47702e-27 -3.08962e-33  2.52775e-28  2.43773e-34  1.30294e-29  3.03686e-34  3.56586e-31  1.97466e-35 -9.00588e-33  -1.3757e-36 -1.60955e-33  1.33775e-37 -9.20698e-35   2.9245e-38 -3.02371e-36  7.69383e-40 -5.48898e-38  3.28822e-41 -3.57064e-40
-1.09628e-11 -2.38444e-25  4.13024e-10  4.09398e-24 -5.96915e-09 -3.32488e-23  5.09798e-08  1.46469e-22  -2.9575e-07 -2.54689e-22  1.24555e-06 -9.92703e-22 -3.94392e-06  8.91899e-21  9.54727e-06 -3.46782e-20 -1.77102e-05  8.83778e-20   2.4832e-05 -1.59401e-19 -2.52815e-05  2.02815e-19  1.67727e-05 -1.65862e-19 -4.48045e-06  4.72281e-20 -3.07585e-06  8.49579e-20  3.01206e-06 -1.61956e-19 -3.53978e-08   1.8867e-19 -9.56236e-07 -2.15523e-19  1.44087e-07  2.52151e-19  2.76915e-07 -2.56559e-19 -3.54236e-08  2.04673e-19 -7.91589e-08 -1.24465e-19 -2.08736e-09  5.73236e-20  1.95227e-08  -1.8868e-20  5.16343e-09  2.32845e-21  -3.0359e-09  2.64698e-21 -2.06569e-09 -2.52182e-21 -7.45699e-11  1.01029e-21  3.75806e-10 -1.76828e-22  1.57904e-10  2.74796e-22 -1.90039e-12  -4.4851e-22 -2.64562e-11  2.51454e-22 -1.09055e-11   5.3817e-24 -9.32616e-13 -6.09934e-23  1.03594e-12   1.6963e-23  5.65435e-13   1.4024e-24  1.28389e-13  2.38133e-24 -3.60876e-15 -2.48544e-24 -1.38329e-14  2.09336e-25 -5.48006e-15  1.81479e-25 -1.14441e-15  5.80272e-26 -6.10218e-17 -2.59997e-26   5.1108e-17 -2.32105e-26  2.27529e-17  9.77207e-27  5.52711e-18  3.12462e-28  8.48007e-19 -9.58058e-28  5.12361e-20  4.96939e-28 -1.47844e-20  -4.7113e-29 -6.01001e-21 -7.21986e-29 -1.26865e-21  1.40985e-29  -1.8871e-22  7.66254e-30 -2.02237e-23 -1.31788e-30 -1.33177e-24 -5.04645e-31  1.14767e-26  1.23623e-31  1.75142e-26  2.67065e-32  2.83382e-27 -3.31088e-33  2.94528e-28  3.79823e-34  2.25292e-29  3.16204e-34   1.2963e-30  2.10428e-35  5.48076e-32  -7.3126e-37  1.58378e-33  9.86868e-38  2.54164e-35  1.53935e-38  1.98419e-38  4.03312e-40 -5.47999e-39  1.70482e-41
 6.58961e-26 -1.32685e-10 -2.16946e-24  2.86436e-09   2.6131e-23 -3.17706e-08 -1.71616e-22  2.26748e-07  6.47187e-22 -1.14416e-06 -9.92703e-22  4.28466e-06 -3.47384e-21  -1.2215e-05  2.83179e-20  2.67817e-05  -1.0045e-19 -4.49936e-05  2.33755e-19  5.66783e-05 -3.82983e-19 -5.05908e-05  4.34987e-19  2.70938e-05 -2.98383e-19 -1.97563e-06  2.44561e-20 -8.44114e-06  2.14778e-19  4.38317e-06 -3.11526e-19  1.42623e-06   3.3014e-19 -1.70069e-06  -3.7875e-19 -2.50175e-07   4.4398e-19  5.14012e-07 -4.32844e-19  9.31703e-08  3.22203e-19 -1.31255e-07 -1.81294e-19 -4.56018e-08  7.71958e-20  2.33819e-08 -2.26496e-20  1.68138e-08   6.3966e-22 -4.56647e-10  4.93155e-21 -3.78073e-09 -3.44802e-21 -1.22579e-09  7.62691e-22  2.74935e-10  1.55788e-22  3.30918e-10  3.93785e-22  8.75417e-11 -7.19525e-22 -1.64306e-11  3.39233e-22 -2.01545e-11  4.69114e-23 -6.44505e-12  -8.6014e-23 -2.00477e-13  1.01225e-23  6.86259e-13  7.03276e-24   3.2104e-13  3.42297e-24  6.86097e-14 -3.51634e-24  -7.6204e-16  8.33986e-27 -6.15613e-15  3.56066e-25 -2.45141e-15  1.10527e-25 -5.41741e-16 -6.46809e-26 -5.36789e-17 -2.77318e-26  1.07091e-17   1.5537e-26   6.5162e-18 -2.87745e-28  1.73939e-18 -1.34086e-27  3.06889e-19  6.14279e-28  3.42016e-20 -3.18296e-29  6.91497e-22 -8.29331e-29 -6.97829e-22  1.69569e-29 -1.92061e-22  8.70651e-30 -3.20084e-23 -1.75606e-30 -3.90391e-24 -4.88569e-31 -3.55796e-25  1.68916e-31  -2.2442e-26   2.9521e-32 -6.02431e-28 -3.10666e-33  6.12044e-29  5.06715e-34  1.04091e-29  3.02234e-34    8.562e-31  2.00777e-35  4.70479e-32 -2.42404e-37  1.78971e-33   5.3159e-38  4.49631e-35  5.51459e-39  6.43169e-37  1.71094e-40  3.35366e-39
 2.69584e-11  8.01045e-25 -1.06363e-09  -1.5143e-23  1.61281e-08  1.40274e-22 -1.44829e-07 -7.71607e-22   8.8567e-07   2.5379e-21 -3.94392e-06 -3.47384e-21  1.32553e-05 -1.09989e-20  -3.4232e-05  8.17864e-20  6.82275e-05 -2.65611e-19 -0.000103924   5.6537e-19  0.000117255  -8.4071e-19 -9.04657e-05  8.46322e-19  3.61502e-05 -4.67466e-19  7.90798e-06  -8.6561e-20 -1.71143e-05  4.56527e-19  4.11954e-06 -5.31277e-19  4.54564e-06  5.25359e-19 -2.13082e-06 -6.22199e-19 -1.22358e-06  7.29797e-19  6.44306e-07 -6.75692e-19  3.90154e-07  4.66739e-19 -1.28531e-07 -2.43233e-19 -1.25095e-07  9.65919e-20  4.10027e-09 -2.50106e-20  3.09117e-08 -2.75348e-21  8.38907e-09  8.21579e-21 -3.85234e-09 -4.25043e-21 -3.08571e-09 -7.98145e-23 -4.36162e-10  7.72092e-22  3.82561e-10  6.01586e-22  2.31903e-10  -1.0903e-21  3.78322e-11   4.1166e-22 -1.78989e-11   1.1831e-22 -1.30201e-11 -1.10259e-22 -3.44085e-12 -3.74184e-24  2.11569e-14  1.39481e-23  3.81766e-13  5.08213e-24    1.625e-13 -4.67128e-24  3.42911e-14 -3.34951e-25  8.25234e-16  5.91312e-25 -2.23289e-15  1.76207e-25 -9.33906e-16 -1.16486e-25  -2.1953e-16 -3.04344e-26 -2.96706e-17  2.19853e-26  1.82439e-19 -1.20498e-27   1.3259e-18 -1.75109e-27  4.14479e-19  7.40703e-28  8.11612e-20 -1.49249e-29  1.11959e-20 -8.93343e-29  9.85717e-22  2.13976e-29  1.07404e-23  9.24106e-30 -1.46974e-23  -2.2053e-30 -3.20984e-24 -4.10397e-31 -4.32434e-25  2.11403e-31 -4.29251e-26  3.11328e-32 -3.23887e-27 -2.52119e-33 -1.81105e-28  5.93619e-34 -6.72854e-30  2.65787e-34 -9.11298e-32  1.74208e-35  6.51809e-33  3.44667e-38  4.86086e-34  1.19472e-38  1.51125e-35  4.24647e-40  2.10443e-37  5.22915e-41
-1.81305e-25  2.88222e-10  6.48404e-24 -6.53917e-09 -8.62889e-23   7.6375e-08  6.48531e-22 -5.75288e-07 -3.06387e-21    3.072e-06  8.91899e-21  -1.2215e-05 -1.09989e-20  3.71343e-05 -3.17186e-20 -8.73227e-05  2.16137e-19  0.000158671  -6.4455e-19 -0.000219156  1.25636e-18  0.000220324 -1.69238e-18 -0.000143608  1.49409e-18  3.51736e-05 -6.15398e-19   3.0169e-05 -3.72451e-19 -2.75219e-05  8.40585e-19 -4.36025e-07 -8.02503e-19  9.31296e-06  7.65325e-19 -1.25413e-06 -9.63223e-19 -2.81357e-06  1.12283e-18  3.34469e-07 -9.77238e-19  8.32695e-07  6.23211e-19  2.56829e-08 -3.02152e-19 -2.13085e-07  1.13717e-19 -5.72948e-08  -2.5581e-20  3.46473e-08 -8.30926e-21  2.37702e-08  1.26556e-20   7.5409e-10 -4.67426e-21 -4.51566e-09 -1.78667e-21 -1.90005e-09  1.69171e-21  3.42429e-11  9.67673e-22  3.32035e-10 -1.55364e-21  1.37297e-10  4.37992e-22  1.16471e-11  2.20416e-22 -1.34006e-11 -1.27487e-22 -7.37153e-12 -2.42059e-23 -1.70261e-12  2.09239e-23  3.62068e-14  7.38071e-24  1.80344e-13 -5.84808e-24  7.30674e-14 -8.15661e-25  1.57555e-14  8.80716e-25  1.04587e-15  2.47366e-25 -6.19153e-16  -1.7705e-25 -2.93724e-16 -3.03812e-26 -7.38165e-17  2.82271e-26 -1.19394e-17 -2.47029e-27 -9.25556e-19 -2.11816e-27  1.36131e-19  8.66635e-28  6.85175e-20 -4.92557e-30  1.52305e-20 -8.84205e-29  2.34975e-21  2.79702e-29  2.65725e-22  9.21972e-30  2.03496e-23 -2.58569e-30   5.4021e-25 -2.79179e-31 -1.21282e-25  2.43789e-31 -2.41718e-26  3.11969e-32  -2.6292e-27 -1.72015e-33 -2.02606e-28  6.18701e-34  -1.1574e-29  2.15909e-34 -4.84494e-31   1.3961e-35 -1.40833e-32  1.27374e-37 -2.51113e-34 -1.34732e-38   -1.983e-36 -1.00957e-39  2.87291e-40
-4.92784e-11 -1.96157e-24  2.04822e-09  4.04574e-23 -3.27741e-08 -4.15693e-22  3.11196e-07  2.62647e-21 -2.01701e-06 -1.08614e-20  9.54727e-06  2.83179e-20  -3.4232e-05 -3.17186e-20  9.47634e-05 -8.37907e-20 -0.000203804   5.2534e-19  0.000338355 -1.44213e-18 -0.000423354  2.57552e-18  0.000376145  -3.1329e-18 -0.000199166  2.38707e-18  9.82873e-06 -6.12325e-19  6.80451e-05 -9.37196e-19 -3.45503e-05  1.35574e-18 -1.22874e-05 -1.06424e-18  1.43037e-05    1.029e-18  2.20934e-06 -1.41487e-18 -4.53997e-06  1.61911e-18 -8.19607e-07  -1.3098e-18  1.21831e-06  7.67793e-19  4.17112e-07 -3.49861e-19 -2.31607e-07  1.28106e-19 -1.62477e-07 -2.44286e-20  7.45308e-09 -1.64581e-20  3.88777e-08  1.84089e-20  1.21579e-08 -4.42915e-21 -3.19132e-09 -4.59727e-21 -3.55664e-09  2.85022e-21 -9.06657e-10  1.57785e-21  2.01289e-10  -2.0733e-21  2.27086e-10  3.84315e-22  7.12453e-11  3.44774e-22  1.49652e-12 -1.31206e-22 -8.05355e-12 -4.88837e-23 -3.72247e-12  2.66602e-23 -7.94589e-13   1.0183e-23  9.03434e-15 -6.96122e-24  7.18667e-14 -1.40212e-24  2.88251e-14  1.20764e-24  6.47291e-15  3.13306e-25  6.87155e-16 -2.39192e-25  -1.0771e-16  -2.6905e-26   -7.252e-17   3.3212e-26 -1.98725e-17 -4.06391e-27 -3.60485e-18  -2.3607e-27 -4.29189e-19  9.69929e-28 -1.79576e-20 -1.05903e-29  5.90863e-21 -7.73291e-29  1.85087e-21  3.67669e-29  3.19707e-22  8.73833e-30  3.98773e-23 -2.80804e-30  3.75095e-24 -1.16374e-31  2.56522e-25   2.5968e-31  1.04316e-26  2.94381e-32 -1.11762e-28 -9.29846e-34 -5.79935e-29  5.77602e-34 -5.18919e-30  1.63159e-34 -2.79852e-31  1.04842e-35 -9.89105e-33  1.10042e-37 -2.16604e-34 -2.06173e-38 -2.38241e-36 -6.87457e-40
 3.63832e-25 -4.65774e-10 -1.41722e-23   1.1186e-08  2.06819e-22 -1.38527e-07 -1.73188e-21  1.10859e-06  9.43709e-21 -6.30479e-06 -3.46782e-20  2.67817e-05  8.17864e-20 -8.73227e-05 -8.37907e-20  0.000221415 -2.03795e-19 -0.000437161  1.17979e-18   0.00066411 -2.98732e-18 -0.000751022  4.88774e-18  0.000582299 -5.34312e-18 -0.000232274  3.42665e-18 -5.71811e-05 -2.45155e-19  0.000118856  -1.8632e-18  -2.9086e-05  1.91273e-18 -3.29376e-05 -1.21017e-18  1.61253e-05  1.29195e-18  9.11498e-06 -1.98208e-18 -5.18892e-06  2.18866e-18 -3.01794e-06 -1.62557e-18  1.12966e-06  8.73063e-19  1.02453e-06 -3.81147e-19 -6.57298e-08  1.41054e-19 -2.72188e-07 -2.20257e-20 -6.73073e-08 -2.76071e-20   3.8139e-08  2.56627e-20  2.80675e-08 -3.20957e-21  3.28097e-09 -8.67331e-21 -3.90372e-09  4.07531e-21 -2.21421e-09  2.51384e-21 -3.19627e-10 -2.57911e-21  1.95359e-10  2.24396e-22  1.31802e-10  4.72981e-22  3.34132e-11 -1.17297e-22 -9.08363e-13 -7.39715e-23 -4.07631e-12  3.03326e-23 -1.68803e-12  1.32666e-23 -3.50532e-13 -7.96789e-24 -6.73478e-15 -2.04128e-24  2.35542e-14  1.54458e-24  9.76742e-15  3.62022e-25   2.3034e-15 -2.94424e-25    3.188e-16 -1.98266e-26  2.05368e-18  3.59703e-26 -1.26634e-17  -5.8684e-27 -4.07278e-18 -2.40945e-27 -8.09317e-19  1.01538e-27 -1.14274e-19 -3.79951e-29 -1.08041e-20 -5.44502e-29 -3.46206e-22    4.722e-29  1.01413e-22  8.00523e-30  2.51881e-23 -2.80053e-30   3.4816e-24  4.99783e-32  3.47397e-25  2.55608e-31  2.62741e-26  2.58149e-32  1.49209e-27 -3.48196e-34  5.97808e-29  4.84707e-34  1.36624e-30  1.15959e-34 -4.40791e-33  7.43789e-36 -1.46371e-33  5.67815e-38 -4.31908e-35 -1.54341e-38 -3.89893e-37
 6.61837e-11    3.493e-24 -2.92507e-09 -7.90593e-23  4.98301e-08  8.96116e-22 -5.04508e-07 -6.34078e-21   3.4935e-06  3.03853e-20 -1.77102e-05  -1.0045e-19  6.82275e-05  2.16137e-19 -0.000203804 -2.03795e-19  0.000475811  -4.5843e-19  -0.00086525  2.45816e-18   0.00120371  -5.7505e-18  -0.00122544  8.61296e-18  0.000812723   -8.402e-18 -0.000203505  4.34841e-18 -0.000179269  7.59167e-19  0.000169802 -3.14995e-18   1.3392e-07  2.32054e-18 -5.98429e-05  -1.1083e-18   9.8067e-06  1.54171e-18  1.88081e-05 -2.65606e-18 -2.98005e-06  2.77117e-18 -5.87379e-06 -1.86395e-18  5.20305e-08  9.15944e-19  1.62044e-06 -3.95854e-19  3.73804e-07  1.55321e-19 -2.97006e-07 -1.91717e-20 -1.81992e-07 -4.21532e-20  2.69613e-09  3.46478e-20  3.91425e-08  -6.9105e-22  1.49666e-08 -1.40532e-20 -1.03921e-09  5.08505e-21 -3.02788e-09  3.82033e-21 -1.15788e-09 -2.97239e-21 -6.22708e-11 -4.72989e-23  1.32209e-10  5.80276e-22  6.72937e-11 -8.65959e-23   1.4582e-11 -9.55852e-23 -7.69251e-13  3.19552e-23 -1.76341e-12  1.64408e-23 -6.85379e-13  -8.8555e-24 -1.43909e-13 -2.66418e-24     -8.6e-15  1.85494e-24  5.98524e-15  3.81849e-25   2.7541e-15 -3.35159e-25  6.86544e-16 -9.71866e-27  1.11442e-16  3.58565e-26  9.11487e-18 -7.63101e-27 -1.04681e-18 -2.22826e-27 -5.76963e-19  9.61955e-28 -1.29695e-19 -8.83184e-29 -2.01233e-20 -2.05926e-29 -2.30817e-21  5.80708e-29 -1.86405e-22   7.2624e-30 -7.43403e-24 -2.53469e-30  5.63975e-25  1.93174e-31  1.45208e-25  2.32326e-31  1.62034e-26  2.06535e-32  1.22895e-27 -7.03779e-35  6.77453e-29  3.66674e-34  2.69483e-30  7.85713e-35   7.3361e-32  4.95818e-36  1.21441e-33  1.41123e-38  9.13645e-36 -6.79729e-39
 -5.1487e-25   5.4743e-10  2.23633e-23 -1.40837e-08 -3.61488e-22  1.86998e-07  3.36315e-21 -1.60651e-06 -2.06453e-20  9.82565e-06  8.83778e-20 -4.49936e-05 -2.65611e-19  0.000158671   5.2534e-19 -0.000437161  -4.5843e-19  0.000944216 -9.57686e-19  -0.00158588  4.76985e-18   0.00202044 -1.03217e-17  -0.00184017  1.41294e-17    0.0010098 -1.21741e-17 -6.56544e-05  4.69588e-18 -0.000355859  2.66377e-18   0.00019641 -4.64953e-18   6.1806e-05   2.2979e-18 -8.44194e-05 -6.45541e-19 -9.39023e-06  1.79265e-18  2.81886e-05  -3.4071e-18  3.69457e-06  3.28053e-18 -8.14554e-06  -1.9662e-18 -2.32353e-06  8.85292e-19  1.75258e-06 -3.98765e-19  1.05165e-06  1.74318e-19 -1.24171e-07 -1.69757e-20 -2.87321e-07 -6.05228e-20 -7.57705e-08  4.56039e-20  3.06898e-08  3.49681e-21  2.72367e-08 -2.06052e-20  5.87083e-09  5.51825e-21 -2.09685e-09  5.46561e-21 -1.86088e-09 -3.14465e-21 -5.27267e-10 -4.05179e-22  1.45989e-11  6.43226e-22  7.24875e-11 -4.60343e-23  3.08237e-11 -1.11393e-22  6.06387e-12  3.23176e-23 -2.96211e-13  1.96269e-23 -6.49514e-13 -9.59411e-24 -2.46147e-13 -3.18624e-24 -5.34309e-14  2.09942e-24 -5.31126e-15  3.63177e-25  9.94512e-16 -3.56987e-25  6.14754e-16  1.82088e-27  1.65009e-16   3.2716e-26  2.96581e-17 -8.96744e-27  3.55051e-18 -1.82486e-27  1.69042e-19  7.77071e-28 -4.07224e-20 -1.57072e-28 -1.33666e-20  2.04059e-29  -2.3102e-21  6.75592e-29 -2.86541e-22  6.69049e-30    -2.69e-23 -2.03914e-30 -1.87271e-24  2.94884e-31 -8.53195e-26  1.94683e-31 -9.40213e-28  1.46466e-32  2.23092e-28  -6.5247e-35  2.19373e-29  2.51553e-34  1.13191e-30  5.13136e-35  3.58043e-32  3.03371e-36  6.40949e-34 -4.11089e-39  4.31264e-36
-6.24712e-11 -4.28534e-24   2.9874e-09  1.10175e-22 -5.50443e-08 -1.39969e-21  6.02852e-07  1.10986e-20 -4.51888e-06 -6.03323e-20   2.4832e-05  2.33755e-19 -0.000103924  -6.4455e-19  0.000338355  1.17979e-18  -0.00086525 -9.57686e-19   0.00173663 -1.86505e-18  -0.00270051  8.64994e-18   0.00314812 -1.73292e-17  -0.00254071  2.16256e-17   0.00108578   -1.621e-17  0.000221095  3.86013e-18 -0.000562726  5.61287e-18  0.000166339   -6.032e-18  0.000155525  1.53437e-18 -9.22794e-05  2.14656e-19  -4.2983e-05  2.09026e-18  3.16913e-05 -4.17866e-18  1.50847e-05  3.62038e-18  -7.8711e-06 -1.89319e-18 -5.70883e-06  7.85478e-19  8.83714e-07 -3.97083e-19  1.72703e-06  2.01329e-19  3.14017e-07 -1.68882e-20 -2.95903e-07 -8.32523e-20 -1.78791e-07  5.86576e-20 -9.36301e-09  9.79277e-21  3.07623e-08 -2.79755e-20  1.49057e-08  5.00135e-21  1.38987e-09  7.30904e-21 -1.70667e-09 -3.00829e-21 -9.74722e-10 -7.90221e-22 -2.15879e-10  6.49201e-22  2.13902e-11  -7.3263e-24  3.37722e-11 -1.21751e-22   1.2775e-11  3.24721e-23  2.42237e-12  2.28217e-23  -4.1867e-14 -1.00864e-23   -1.995e-13 -3.50407e-24 -7.65598e-14  2.24702e-24 -1.73382e-14  3.00783e-25 -2.28587e-15 -3.60202e-25  1.35752e-17  1.20344e-26  9.84083e-17  2.69215e-26  3.03707e-17  -9.4292e-27  5.91072e-18  -1.2474e-27  8.24615e-19   4.5302e-28  7.83602e-20 -2.34971e-28  2.97671e-21  6.20978e-29 -5.77921e-22  7.38163e-29 -1.51102e-22  6.34245e-30 -2.07003e-23 -1.39429e-30 -2.02194e-24  3.48681e-31 -1.49024e-25  1.50043e-31  -8.2588e-27  8.68875e-33 -3.28355e-28 -2.10971e-34 -8.19585e-30  1.58889e-34 -6.66923e-32  3.22669e-35  2.68048e-33  1.63233e-36  7.57769e-35 -5.02882e-39
 4.34867e-25 -4.37279e-10 -2.34635e-23  1.23544e-08  4.42254e-22 -1.79749e-07 -4.68319e-21  1.68999e-06  3.25581e-20 -1.13076e-05 -1.59401e-19  5.66783e-05   5.6537e-19 -0.000219156 -1.44213e-18   0.00066411  2.45816e-18  -0.00158588 -1.86505e-18   0.00297041 -3.39798e-18  -0.00428541  1.47088e-17   0.00456244 -2.72943e-17  -0.00321544  3.09351e-17  0.000938083 -1.97123e-17  0.000668827  1.20258e-18  -0.00074823  9.51683e-18  4.93726e-05 -6.81406e-18  0.000266201 -2.06054e-19 -6.68473e-05  1.38616e-18 -8.62786e-05  2.49765e-18  2.27531e-05  -4.8872e-18  2.89711e-05  3.70856e-18 -3.06935e-06 -1.63959e-18 -8.96451e-06  6.33757e-19 -1.30873e-06 -3.96741e-19  1.96628e-06  2.39261e-19  9.56125e-07 -2.06166e-20 -1.18556e-07 -1.11077e-19 -2.54621e-07   7.3599e-20 -7.87241e-08  1.86739e-20   1.5586e-08  -3.5541e-20  2.09059e-08  3.24744e-21  6.76345e-09  9.09227e-21 -1.47556e-10 -2.53206e-21 -1.02853e-09 -1.11953e-21 -4.51513e-10  6.03674e-22 -8.24261e-11  1.68291e-23  1.22096e-11 -1.29662e-22  1.35814e-11  3.30132e-23  4.78247e-12  2.59452e-23  9.16271e-13 -1.01572e-23  2.69403e-14 -3.49819e-24 -4.87785e-14   2.2879e-24 -1.99947e-14  1.96814e-25  -4.7444e-15 -3.49954e-25 -7.37802e-16  1.72236e-26 -5.52008e-17  1.92772e-26  7.98725e-18 -8.62769e-27  3.89454e-18 -5.68652e-28  8.44035e-19  1.78477e-29  1.27721e-19 -3.10127e-28  1.43841e-20  9.69222e-29  1.15713e-21   7.5363e-29  5.02835e-23    6.138e-30 -2.21659e-24 -7.09298e-31 -6.83872e-25  3.59076e-31 -7.52251e-26  1.05931e-31 -5.45602e-27  3.61689e-33 -2.82073e-28 -3.65942e-34 -1.02957e-29  9.53056e-35 -2.48872e-31  1.91284e-35 -3.41822e-33  7.20001e-37 -1.65264e-35
 3.62829e-11  2.74565e-24 -1.96585e-09  -9.6664e-23  4.06901e-08  1.48909e-21 -4.97593e-07 -1.37199e-20  4.14757e-06  8.55887e-20 -2.52815e-05 -3.82983e-19  0.000117255  1.25636e-18 -0.000423354 -2.98732e-18   0.00120371  4.76985e-18  -0.00270051 -3.39798e-18   0.00474011 -5.81133e-18  -0.00635564  2.35276e-17   0.00615957 -4.04431e-17  -0.00370434  4.14133e-17  0.000477764 -2.16139e-17    0.0012439 -3.75512e-18  -0.00084003  1.39814e-17 -0.000168735 -6.46441e-18  0.000362899 -2.97152e-18  4.02898e-06  2.65243e-18 -0.000127121  3.06551e-18 -3.34523e-06 -5.43237e-18  4.03644e-05  3.50378e-18  7.13256e-06 -1.23825e-18 -1.02332e-05  4.52191e-19 -4.58865e-06 -3.99462e-19  1.29602e-06  2.90992e-19  1.56527e-06  -2.9716e-20  2.74255e-07 -1.44935e-19 -2.32919e-07  8.95954e-20 -1.52553e-07    3.053e-20  -2.1592e-08 -4.23946e-20  1.73884e-08  1.69281e-22  1.14341e-08  1.04686e-20  2.61623e-09 -1.76875e-21 -3.88138e-10 -1.30734e-21 -5.13438e-10  5.31511e-22  -1.8906e-10  1.77452e-23 -3.05056e-11 -1.39393e-22   4.7571e-12  3.35409e-23  4.70585e-12  2.86582e-23  1.59829e-12 -9.60548e-24  3.17733e-13 -3.05161e-24  2.42418e-14  2.24241e-24 -8.46818e-15  6.33809e-26 -4.18685e-15 -3.34884e-25 -1.05299e-15  1.34575e-26 -1.80947e-16  1.08272e-26 -2.06305e-17 -6.37528e-27 -8.40665e-19  1.35196e-28   2.5752e-19 -4.65493e-28  7.78247e-20 -3.70863e-28  1.29131e-20  1.18319e-28  1.54842e-21  7.15534e-29  1.41001e-22  5.91941e-30  9.58699e-24 -9.08479e-32  4.39688e-25  3.37148e-31  7.59415e-27  6.79757e-32 -6.87929e-28 -2.29232e-35 -7.08683e-29 -4.34455e-34 -3.35254e-30  5.66484e-35 -9.01269e-32   1.0227e-35 -1.18019e-33  2.23793e-37
 4.09022e-26  1.88902e-10  9.81536e-24 -6.37908e-09  -3.1217e-22  1.08396e-07  4.26845e-21 -1.17209e-06 -3.54911e-20  8.92678e-06  2.02815e-19 -5.05908e-05  -8.4071e-19  0.000220324  2.57552e-18 -0.000751022  -5.7505e-18   0.00202044  8.64994e-18  -0.00428541 -5.81133e-18   0.00707897 -9.35977e-18  -0.00883408  3.55105e-17   0.00775424  -5.6529e-17  -0.00382895  5.19227e-17 -0.000336561 -2.07821e-17   0.00186035 -1.11278e-17 -0.000762967  1.83273e-17 -0.000473839 -4.56497e-18   0.00040439 -6.54696e-18  0.000120704  3.71134e-18 -0.000147778  3.79729e-18 -4.62546e-05 -5.71838e-18  4.25592e-05  3.02478e-18  2.14247e-05 -7.52086e-19 -7.56693e-06  2.57603e-19 -7.97437e-06 -4.02201e-19 -5.33046e-07  3.59878e-19   1.7734e-06 -4.47903e-20  7.96806e-07  -1.8577e-19 -6.13426e-08  1.04947e-19 -1.87231e-07  4.54367e-20 -7.09733e-08 -4.74018e-20  6.25237e-10 -4.02544e-21  1.17631e-08  1.10741e-20  5.36651e-09 -8.61756e-22  8.85379e-10 -1.29178e-21 -2.62161e-10  4.70447e-22 -2.21001e-10 -5.17409e-24 -7.23599e-11 -1.54284e-22 -1.11957e-11  3.26268e-23  1.29262e-12  3.02808e-23  1.38206e-12 -8.30088e-24  4.66911e-13 -2.08508e-24  9.71166e-14    2.161e-24  1.11037e-14 -7.71063e-26 -6.05198e-16 -3.24671e-25 -6.47003e-16 -2.31597e-27 -1.80338e-16  2.62928e-27 -3.32263e-17 -2.78627e-27 -4.42936e-18  8.03141e-28 -3.99919e-19 -9.13264e-28 -1.31695e-20 -4.08367e-28  3.09712e-21  1.22661e-28  7.43421e-22  6.27991e-29  9.66826e-23  5.53701e-30  8.98713e-24  3.83672e-31  6.28775e-25  2.95306e-31  3.29473e-26  3.89274e-32  1.23637e-27 -2.08553e-33  2.96461e-29 -3.95083e-34  3.04561e-31  3.40749e-35 -3.32364e-33  4.57673e-36 -7.65541e-35
-5.93511e-12  1.85449e-24  5.24759e-10  1.49838e-23 -1.48766e-08 -7.85544e-22  2.30324e-07  1.04611e-20 -2.32829e-06 -8.14396e-20  1.67727e-05  4.34987e-19 -9.04657e-05 -1.69238e-18  0.000376145  4.88774e-18  -0.00122544 -1.03217e-17   0.00314812  1.47088e-17  -0.00635564 -9.35977e-18   0.00992432 -1.42417e-17     -0.01154  5.07254e-17   0.00910487 -7.47297e-17  -0.00343746   6.0969e-17  -0.00147196 -1.63106e-17   0.00239079 -2.05251e-17 -0.000463471  2.17158e-17 -0.000818453 -9.74605e-19  0.000350907 -1.04583e-17  0.000266918  4.26359e-18 -0.000130108  4.62628e-18 -9.84854e-05 -5.68147e-18  2.94934e-05  2.35392e-18  3.59175e-05 -2.56113e-19  1.08844e-07  5.41415e-20 -9.89181e-06 -3.99333e-19 -3.28801e-06  4.49774e-19  1.22972e-06 -6.45015e-20  1.23919e-06 -2.34063e-19  2.51206e-07  1.17024e-19 -1.39253e-07  6.28778e-20 -1.09402e-07 -4.93602e-20 -2.62561e-08 -8.79497e-21  5.18546e-09  1.06276e-20  6.27416e-09 -2.18202e-23  2.24217e-09 -1.05811e-21   2.7424e-10  4.58332e-22  -1.2359e-10 -4.32388e-23 -8.31941e-11 -1.74762e-22  -2.5315e-11  2.83499e-23 -4.02237e-12  2.99017e-23  1.82767e-13 -6.28013e-24  3.32352e-13 -5.96936e-25  1.15701e-13  2.11338e-24  2.51554e-14 -1.95354e-25  3.55133e-15 -3.27282e-25  1.91473e-16 -3.11027e-26 -5.83358e-17 -4.45115e-27 -2.19151e-17  1.70991e-27 -4.38436e-18  1.39904e-27 -6.28301e-19 -1.24385e-27 -6.74036e-20 -4.18442e-28   -5.152e-21   1.1026e-28 -2.07851e-22  5.04814e-29  1.00204e-23  4.92001e-30  2.73341e-24  6.79301e-31  2.79428e-25  2.43631e-31  1.87238e-26  1.89286e-32  8.80285e-28 -2.78811e-33  2.84204e-29 -2.85642e-34  5.76072e-31  1.98829e-35  5.79284e-33  1.46518e-36
 -8.8361e-25  1.77767e-11  1.86869e-23  3.83297e-10 -6.12009e-23 -2.06774e-08 -1.41529e-21  3.62591e-07  2.17461e-20 -3.77336e-06 -1.65862e-19  2.70938e-05  8.46322e-19 -0.000143608  -3.1329e-18  0.000582299  8.61296e-18  -0.00184017 -1.73292e-17   0.00456244  2.35276e-17  -0.00883408 -1.42417e-17    0.0131025 -2.05357e-17    -0.014208  6.87836e-17    0.0099628  -9.3678e-17  -0.00245109  6.69795e-17  -0.00281367 -7.81622e-18   0.00269402 -3.10374e-17  6.81697e-05  2.33538e-17  -0.00112804  4.06992e-18  0.000178463 -1.40684e-17  0.000410356  4.11329e-18 -6.24969e-05   5.4178e-18 -0.000145835 -5.31377e-18 -1.35906e-06  1.62243e-18  4.48617e-05  1.83643e-19  1.21011e-05 -1.68296e-19 -8.70911e-06 -3.86558e-19  -6.1573e-06  5.64137e-19 -1.96217e-07 -8.47994e-20  1.33059e-06 -2.89153e-19  6.10878e-07  1.22508e-19  7.36653e-09  8.15209e-20 -1.09186e-07 -4.72578e-20 -5.22149e-08 -1.33128e-20 -7.52126e-09   9.0297e-21  3.94376e-09  5.24465e-22  2.84493e-09 -6.48769e-22  8.55478e-10  5.18846e-22  8.45547e-11 -8.09315e-23  -4.5609e-11 -1.97528e-22 -2.73589e-11  1.91648e-23 -8.00259e-12  2.66654e-23 -1.35369e-12 -3.79009e-24  -3.4512e-14  1.31235e-24  6.09693e-14  2.16987e-24  2.33256e-14 -2.62136e-25  5.30673e-15 -3.46767e-25  8.40457e-16  -7.1111e-26  8.52871e-17 -9.88274e-27  1.47789e-18  6.45722e-27 -1.50429e-18  1.91064e-27 -3.79018e-19 -1.40096e-27 -5.80932e-20 -4.01969e-28  -6.5543e-21  8.50709e-29 -5.63691e-22  3.65796e-29 -3.61363e-23  4.10065e-30  -1.5554e-24  8.01333e-31 -2.52569e-26  1.88919e-31  2.02993e-27  6.53124e-33  1.87847e-28 -2.56576e-33  7.62249e-30  -1.6387e-34  1.61031e-31  1.01002e-35  1.23407e-33
