 2.78415e-30  4.12016e-36 -2.02884e-28 -1.30546e-35  5.80567e-27   3.0048e-37 -1.00851e-25 -1.96864e-35  1.22813e-24   1.3428e-36 -1.12724e-23  2.75359e-36  8.14154e-23 -1.64296e-35 -4.75809e-22  1.08044e-34  2.29293e-21 -8.76663e-34 -9.22971e-21  5.93122e-33  3.13001e-20 -3.41797e-32 -8.98847e-20  1.70024e-31  2.19023e-19 -7.38779e-31 -4.52366e-19  2.83032e-30  7.88254e-19 -9.62938e-30 -1.14793e-18  2.92562e-29  1.37367e-18 -7.97176e-29 -1.30972e-18  1.95436e-28   9.3375e-19 -4.32076e-28 -4.16543e-19  8.62659e-28   1.4275e-20  -1.5563e-27    1.312e-19  2.53632e-27 -8.27747e-20  -3.7294e-27  2.33139e-22  4.93627e-27   2.4663e-20 -5.86014e-27 -8.21293e-21  6.20606e-27 -4.61052e-21 -5.81616e-27  3.02703e-21  4.76401e-27  7.34069e-22 -3.33915e-27 -7.70346e-22  1.91878e-27 -1.37913e-22 -8.02412e-28  1.60576e-22  1.10265e-28  3.52433e-23  2.06942e-28 -2.70053e-23 -2.81736e-28 -9.26658e-24  2.41828e-28   3.1094e-24 -1.68875e-28  1.93109e-24  1.01227e-28 -8.25284e-26 -5.19626e-29 -2.71157e-25  2.22065e-29 -4.90881e-26 -7.54959e-30  1.90563e-26  1.89525e-30  9.58208e-27 -2.86534e-31  5.71711e-28 -1.33021e-32 -6.69451e-28   3.1422e-32 -2.12133e-28  -1.6919e-32 -7.37992e-30  5.88178e-33  1.11346e-29  -8.9056e-34  3.12564e-30  -2.3614e-34  2.17245e-31  1.45277e-34 -7.90454e-32 -2.00594e-35 -2.52797e-32 -4.00866e-36 -2.93243e-33  1.50779e-36  6.17992e-35  2.34305e-39  7.35618e-35 -6.37662e-38  1.14793e-35  7.01596e-39  7.82314e-37  9.34394e-40 -1.35765e-38 -8.35442e-41 -7.68715e-39 -4.01619e-41 -7.45062e-40  4.62858e-42 -3.06683e-41  3.70686e-44 -5.47497e-43  2.42282e-45  2.76266e-44 -6.84295e-46  7.47716e-46 -7.80152e-48
 4.12016e-36  2.90345e-28  2.12726e-35 -1.20419e-26 -4.20267e-35  2.62878e-25 -1.04789e-35 -3.79791e-24 -7.14343e-35  4.01018e-23  1.61366e-35 -3.26996e-22  7.12425e-36  2.13125e-21 -8.98863e-35 -1.13601e-20  1.08467e-33  5.03016e-20 -9.77682e-33 -1.87006e-19  6.83434e-32  5.87713e-19 -3.93716e-31 -1.56705e-18  1.92756e-30  3.54709e-18 -8.17436e-30 -6.79821e-18  3.04167e-29  1.09592e-17 -1.00222e-28 -1.46781e-17  2.94398e-28  1.59792e-17 -7.74818e-28 -1.35644e-17  1.83381e-27  8.16723e-18 -3.91305e-27 -2.44569e-18  7.54006e-27 -9.57784e-19 -1.31287e-26  1.44918e-18  2.06505e-26 -4.94584e-19 -2.93053e-26 -2.18992e-19  3.74291e-26  2.28298e-19 -4.28606e-26 -6.74666e-21  4.37577e-26 -5.98214e-20 -3.95059e-26  1.18007e-20  3.11594e-26  1.32326e-20 -2.10515e-26 -3.52628e-21  1.17383e-26 -2.83784e-21 -4.92096e-27  6.50933e-22  9.84789e-28  5.92895e-22  6.96311e-28 -6.12213e-23 -1.08083e-27 -1.09157e-22   9.2806e-28 -6.83913e-24 -6.43951e-28  1.50572e-23  3.84568e-28  3.86658e-24 -1.95332e-28 -1.11284e-24  8.10294e-29 -7.04653e-25 -2.59744e-29 -4.46527e-26  5.95501e-30  5.88639e-26 -8.38368e-31  1.86061e-26   6.9496e-33 -1.19634e-28  6.59556e-32  -1.3927e-27 -5.00182e-32 -3.41543e-28  2.12806e-32 -3.59651e-30 -3.63103e-33  1.66411e-29 -8.15181e-34   4.0852e-30  5.17984e-34  2.82708e-31 -6.73467e-35 -7.45106e-32 -1.37669e-35 -2.32864e-32  4.64304e-36 -2.74525e-33  1.11221e-37 -4.15882e-35 -2.17058e-37  3.57046e-35  2.29813e-38  5.79423e-36  2.87179e-39  4.24084e-37 -1.98029e-40  9.18562e-39 -1.25429e-40 -1.20702e-39  1.18596e-41 -1.10618e-40   1.3148e-43 -4.80483e-42  1.29568e-44 -7.02968e-44 -1.01073e-45 -3.46186e-47
-2.02884e-28  2.12726e-35  1.49283e-26  6.34943e-35  -4.3143e-25  -8.5712e-35  7.57228e-24 -4.17087e-35  -9.3214e-23 -1.71331e-34  8.65297e-22  7.95804e-35 -6.32421e-21 -1.94117e-34  3.74233e-20  5.52895e-34 -1.82725e-19  3.18983e-33  7.45776e-19 -5.70739e-32  -2.5665e-18  4.73054e-31  7.48634e-18 -2.88273e-30 -1.85502e-17  1.42918e-29  3.90135e-17  -6.0115e-29 -6.93433e-17  2.19417e-28  1.03244e-16 -7.04674e-28 -1.26735e-16  2.00992e-27  1.24636e-16 -5.12466e-27 -9.26855e-17   1.1734e-26  4.46948e-17 -2.42038e-26 -4.58901e-18  4.50641e-26 -1.20854e-17 -7.57988e-26   8.9321e-18  1.15157e-25 -7.55688e-19  -1.5781e-25 -2.39631e-18  1.94567e-25  1.04456e-18 -2.14939e-25  3.82608e-19  2.11477e-25 -3.54879e-19 -1.83728e-25 -4.50209e-20  1.39185e-25  8.89413e-20 -9.01662e-26  6.52622e-21  4.82527e-26 -1.90377e-20 -1.97095e-26 -2.13041e-21  4.46433e-27   3.4541e-21  1.50529e-27  7.59476e-22 -2.77089e-27 -4.72376e-22  2.37711e-27  -1.9499e-22 -1.65818e-27  3.27268e-23  1.00326e-27  3.27935e-23 -5.09412e-28  3.03783e-24  2.04501e-28  -3.0488e-24  -6.0415e-29 -1.04416e-24  1.19977e-29  3.45642e-26  -1.5575e-30  9.89566e-26  2.30013e-31  2.22457e-26   2.2502e-32 -1.32104e-27 -1.00398e-31 -1.71858e-27  5.60069e-32 -3.49814e-28 -1.03585e-32 -6.63013e-31 -2.04264e-33   1.4604e-29  1.29908e-33  3.28434e-30 -1.59769e-34  2.45455e-31 -3.12553e-35 -3.62904e-32  9.86155e-36 -1.20764e-32  3.65553e-37 -1.44307e-33 -5.03543e-37 -5.79461e-35  5.49945e-38  7.50341e-36  6.01733e-39  1.38037e-36 -3.18463e-40   1.0147e-37 -2.67078e-40  3.14952e-39  2.01347e-41 -1.12499e-41  3.10767e-43 -5.27962e-42  2.53293e-44 -1.13451e-43 -7.40087e-46
-1.30546e-35 -1.20419e-26  6.34943e-35  5.04397e-25  1.37073e-34 -1.11254e-23 -1.35738e-34  1.62478e-22 -8.20023e-35 -1.73506e-21 -3.72384e-34  1.43163e-20  8.22288e-34 -9.44744e-20   -4.729e-33  5.10188e-19  2.22178e-32 -2.29038e-18  -6.4208e-32  8.63974e-18 -3.43715e-32 -2.75754e-17  1.86838e-30  7.47492e-17  -1.4563e-29 -1.72228e-16  7.80192e-29  3.36515e-16 -3.35317e-28 -5.54155e-16  1.21969e-27  7.60264e-16  -3.8535e-27 -8.51353e-16  1.07341e-26   7.4897e-16 -2.66133e-26 -4.75726e-16   5.9101e-26  1.63655e-16 -1.18052e-25  3.87511e-17  2.12647e-25 -8.19805e-17 -3.45862e-25  3.41812e-17  5.07921e-25   9.4129e-18 -6.72618e-25 -1.39431e-17  8.00982e-25  1.67205e-18 -8.53938e-25  3.40959e-18  8.09706e-25 -1.04856e-18 -6.76457e-25 -7.16882e-19  4.91203e-25  2.96583e-19 -3.03701e-25  1.52766e-19  1.54421e-25 -5.93371e-20 -6.00114e-26 -3.36774e-20  1.37864e-26  7.95717e-21  2.40695e-27    6.845e-21 -5.36897e-27 -2.81638e-22  4.58147e-27 -1.08818e-21 -3.29758e-27  -1.6863e-22  2.08463e-27  1.06916e-22 -1.07419e-27  4.40535e-23  4.14537e-28 -1.52783e-24   -1.082e-28 -4.81703e-24  1.62837e-29 -1.05363e-24 -1.90871e-30  1.35362e-25  1.08623e-30  1.12976e-25 -2.96517e-31  1.93945e-26 -1.59563e-31 -1.88238e-27  1.22916e-31 -1.47423e-27   -2.334e-32 -2.63554e-28 -4.32172e-33 -1.89382e-30  2.62537e-33  8.53203e-30 -3.12083e-34   1.8226e-30 -5.13647e-35  1.49996e-31  1.65691e-35 -8.81171e-33    5.875e-37 -3.82617e-33 -9.22578e-37 -4.60865e-34  1.09214e-37 -2.45413e-35  1.03648e-38  3.82339e-37 -4.26149e-40  1.56192e-37 -4.45867e-40  1.04325e-38  2.58284e-41  3.35146e-40  5.19418e-43  2.94226e-42  2.83761e-44 -1.72526e-44
 5.80567e-27 -4.20267e-35  -4.3143e-25  1.37073e-34  1.25978e-23   2.3883e-34 -2.23509e-22 -1.94076e-34  2.78257e-21 -9.25083e-36 -2.61371e-20 -1.67718e-33  1.93407e-19  1.06163e-32 -1.15946e-18 -6.62293e-32  5.73923e-18  3.29426e-31 -2.37651e-17 -1.25862e-30  8.30462e-17  3.24314e-30  -2.4622e-16 -1.36292e-30   6.2084e-16 -4.31464e-29 -1.33056e-15  3.13104e-28   2.4142e-15 -1.47074e-27  -3.6779e-15  5.48658e-27  4.63504e-15 -1.73029e-26 -4.70523e-15  4.74572e-26   3.6508e-15 -1.14977e-25 -1.89586e-15  2.48404e-25  3.15742e-16 -4.81444e-25  4.29626e-16  8.40188e-25 -3.78037e-16 -1.32276e-24  6.22281e-17  1.87938e-24  8.96052e-17 -2.40687e-24 -5.05919e-17  2.77038e-24 -1.09546e-17 -2.85211e-24  1.60198e-17  2.60712e-24  3.15198e-19 -2.09382e-24 -3.93594e-18  1.45497e-24   1.2509e-19 -8.54806e-25  8.59184e-19  4.08714e-25  4.82929e-21 -1.47408e-25 -1.66326e-19  3.16166e-26 -1.82706e-20  3.21802e-27   2.5916e-20 -7.89981e-27  7.01482e-21  6.63814e-27 -2.56972e-21 -5.27281e-27 -1.47401e-21  3.69157e-27  9.03601e-24 -1.96996e-27   1.7389e-22  7.21803e-28  4.03574e-23 -1.53595e-28 -7.04186e-24  9.86137e-30 -5.32596e-24 -9.43481e-31 -7.83856e-25  3.36899e-30  1.82635e-25 -1.19364e-30  9.58088e-26 -2.20844e-31  1.33861e-26  2.35743e-31 -1.51075e-27 -4.32902e-32 -9.29948e-28 -8.12298e-33 -1.52938e-28  4.48157e-33 -3.33783e-30 -5.37977e-34  3.38707e-30 -5.66815e-35   7.1133e-31  2.33117e-35  6.29659e-32  2.20016e-37 -1.59302e-34 -1.42206e-36 -7.15674e-34  1.87821e-37 -8.69981e-35  1.61066e-38 -4.95398e-36  -5.4756e-40 -8.16934e-38 -6.13371e-40  6.05024e-39   2.6045e-41  4.02247e-40   6.2312e-43  6.99328e-42  1.81951e-44
  3.0048e-37  2.62878e-25  -8.5712e-35 -1.11254e-23   2.3883e-34  2.48052e-22  3.58515e-34 -3.66365e-21 -3.47788e-34  3.95873e-20  1.40935e-33 -3.30701e-19 -1.57882e-32  2.21078e-18  1.16427e-31 -1.21026e-17 -7.01257e-31  5.51177e-17  3.44051e-30 -2.11095e-16 -1.37245e-29  6.84698e-16  4.31395e-29 -1.88822e-15  -9.4519e-29  4.43179e-15   5.1213e-29 -8.83475e-15  7.71574e-28  1.48737e-14 -4.97248e-27 -2.09197e-14  2.02498e-26  2.41169e-14 -6.53872e-26  -2.2002e-14  1.78793e-25  1.47336e-14  -4.2615e-25 -5.72471e-15  8.99186e-25  -6.4212e-16 -1.69499e-24  2.43206e-15   2.8701e-24  -1.2222e-15 -4.37857e-24 -1.72451e-16  6.02411e-24  4.43788e-16 -7.46736e-24 -9.52528e-17  8.31503e-24 -9.93034e-17  -8.2733e-24  4.43457e-17  7.29545e-24   1.9185e-17 -5.63298e-24 -1.21567e-17  3.74113e-24 -3.97055e-18 -2.07955e-24  2.55906e-18  9.24095e-25  9.32626e-19 -2.99573e-25 -4.06063e-19   5.3781e-26 -2.13531e-19  4.85463e-27  3.68022e-20 -7.47792e-27  3.93111e-20  6.00737e-27  2.11767e-21 -6.71839e-27 -4.80463e-21  5.84492e-27 -1.32104e-21 -3.30443e-27  2.35106e-22  1.12732e-27  1.93022e-22 -1.64935e-28  2.57788e-23 -2.16645e-29 -9.89694e-24  2.31898e-30  -4.4765e-24  8.22382e-30 -4.55291e-25 -2.98118e-30  1.57717e-25 -2.99004e-31   6.3019e-26  4.02299e-31  7.66942e-27 -6.69316e-32 -7.83084e-28 -1.37618e-32 -4.38306e-28  6.57212e-33 -6.85698e-29 -8.53808e-34 -2.71926e-30 -1.65903e-35  8.81948e-31  2.85853e-35  1.90753e-31 -1.63615e-36  1.74893e-32  -1.9133e-36  4.85459e-34  2.84992e-37 -6.74508e-35  2.34902e-38 -8.86025e-36 -7.23086e-40 -4.64376e-37  -7.0889e-40  -1.0926e-38  2.07325e-41  4.95043e-43  5.24683e-43  2.07776e-42
-1.00851e-25 -1.04789e-35  7.57228e-24 -1.35738e-34 -2.23509e-22  3.58515e-34  4.01039e-21  5.06345e-34 -5.05189e-20 -1.56213e-33  4.80418e-19  1.65515e-32 -3.60122e-18 -1.52126e-31  2.18841e-17  1.06801e-30 -1.09883e-16 -6.08984e-30  4.61919e-16  2.87792e-29 -1.64014e-15 -1.13478e-28  4.94611e-15  3.70037e-28 -1.27004e-14 -9.60866e-28  2.77584e-14  1.73872e-27 -5.14562e-14 -6.29509e-28  8.02783e-14 -1.11846e-26 -1.03956e-13  6.01672e-26  1.09018e-13  -2.0945e-25 -8.82835e-14  5.82829e-25  4.92156e-14 -1.38008e-24 -1.11747e-14  2.85856e-24 -8.99475e-15 -5.25556e-24  9.70147e-15  8.64888e-24 -2.38182e-15 -1.27996e-23 -1.96764e-15  1.70674e-23  1.45585e-15  -2.0496e-23  1.32035e-16  2.21012e-23 -4.30525e-16 -2.12764e-23  3.76432e-17  1.81172e-23  1.02821e-16 -1.34561e-23  -1.5024e-17  8.53447e-24  -2.2714e-17  -4.4688e-24  2.52124e-18  1.81909e-24   4.6633e-18 -5.04312e-25  -7.3609e-21  5.79228e-26 -8.12731e-19   1.0941e-26 -1.24436e-19  1.83297e-27  1.00821e-19  -2.1698e-27  3.72656e-20 -6.17394e-27 -5.12021e-21  8.65215e-27 -5.59865e-21 -5.27064e-27 -7.67513e-22  1.63208e-27   3.6932e-22 -9.70281e-29  1.61703e-22 -9.55952e-29   1.0834e-23  8.06307e-30  -9.0701e-24  1.69438e-29  -2.9926e-24 -5.80197e-30  -2.2094e-25 -4.49429e-31  9.77085e-26  6.14501e-31  3.27273e-26 -8.51792e-32  3.70372e-27 -2.10389e-32 -2.57609e-28  8.27307e-33 -1.52803e-28 -1.28038e-33 -2.32313e-29  1.04915e-34 -1.28094e-30  3.19392e-35  1.32672e-31 -5.89073e-36   3.3248e-32 -2.30333e-36  3.02939e-33  3.85419e-37  1.22666e-34  3.20436e-38 -1.48445e-36 -9.40496e-40 -3.96103e-37 -6.90772e-40 -1.68175e-38  1.27415e-41 -2.37865e-40  2.76287e-43
-1.96864e-35 -3.79791e-24 -4.17087e-35  1.62478e-22 -1.94076e-34 -3.66365e-21  5.06345e-34  5.47517e-20  1.02046e-33 -5.98949e-19 -1.32557e-32  5.06843e-18  1.53672e-31  -3.4345e-17   -1.285e-30  1.90711e-16  8.41045e-30 -8.81661e-16 -4.51737e-29  3.43062e-15  2.03596e-28 -1.13161e-14 -7.77338e-28  3.17716e-14  2.51175e-27 -7.60205e-14 -6.76475e-27  1.54744e-13  1.44893e-26 -2.66565e-13 -2.09064e-26  3.84704e-13  -2.7549e-28  -4.5697e-13  1.30788e-25  4.32613e-13 -5.62054e-25 -3.05275e-13  1.65343e-24  1.32285e-13 -3.94877e-24   9.8567e-16  8.08519e-24 -4.73912e-14 -1.45483e-23     2.86e-14  2.33099e-23  7.47992e-16 -3.34989e-23 -9.22432e-15  4.33286e-23   2.9481e-15 -5.04547e-23  1.82375e-15   5.2747e-23 -1.17185e-15 -4.91979e-23 -3.00379e-16  4.05121e-23  3.13634e-16 -2.89744e-23  5.67508e-17  1.75439e-23 -6.84374e-17 -8.61452e-24 -1.46981e-17  3.15158e-24  1.21083e-17 -6.79512e-25  4.02373e-18  -1.0238e-26 -1.49735e-18  2.88883e-26  -8.8409e-19   3.0268e-26  5.62324e-20 -2.53956e-26  1.31973e-19 -1.83938e-27  2.18573e-20  1.25086e-26 -1.01692e-20  -8.2017e-27 -4.75531e-21  2.24614e-27 -2.02652e-22  1.00664e-28   3.6173e-22  -2.2658e-28  1.07723e-22  1.46176e-29  2.06709e-24  3.05598e-29 -6.16099e-24 -9.42787e-30 -1.63245e-24   -7.729e-31 -9.78192e-26  8.40329e-31  4.48002e-26 -8.36275e-32  1.34073e-26 -2.89819e-32  1.48021e-27  8.74534e-33  -4.2416e-29 -1.83418e-33 -3.81101e-29  3.33643e-34  -5.7027e-30   3.4412e-35 -3.71758e-31 -1.29239e-35  6.20127e-33 -2.52555e-36  3.39117e-33  4.67402e-37  2.97953e-34   3.9926e-38  1.21809e-35 -1.10993e-39  1.56926e-37 -5.62786e-40 -4.53663e-39  5.69513e-42 -9.68691e-41
 1.22813e-24 -7.14343e-35  -9.3214e-23 -8.20023e-35  2.78257e-21 -3.47788e-34 -5.05189e-20  1.02046e-33  6.44272e-19  5.39925e-33 -6.20631e-18 -1.15016e-31  4.71555e-17  1.23802e-30 -2.90651e-16  -9.5254e-30  1.48135e-15  5.80831e-29 -6.32607e-15 -2.93445e-28  2.28397e-14  1.25555e-27 -7.01089e-14 -4.59776e-27  1.83469e-13   1.4445e-26 -4.09273e-13 -3.86832e-26  7.75768e-13  8.63832e-26 -1.24054e-12 -1.51192e-25  1.65214e-12  1.62917e-25 -1.79132e-12  1.10129e-25  1.51456e-12 -1.20136e-24 -9.04022e-13  4.06497e-24  2.57796e-13 -1.00422e-23  1.24819e-13   2.0529e-23 -1.74176e-13 -3.63098e-23  5.75283e-14   5.6752e-23  2.85527e-14 -7.92743e-23 -2.88721e-14  9.95287e-23  6.81103e-16 -1.12482e-22  7.92792e-15  1.14153e-22 -1.61176e-15 -1.03334e-22 -1.81343e-15  8.24449e-23  5.14829e-16 -5.68764e-23   4.0106e-16  3.28884e-23  -1.0255e-16 -1.50746e-23 -8.71443e-17  4.82591e-24  1.13872e-17   -6.319e-25  1.69111e-17  -2.4629e-25  6.50728e-19  6.89316e-26  -2.5011e-18  9.33156e-26 -5.78303e-19 -7.34378e-26  2.09258e-19   7.9149e-27  1.17549e-19  1.82606e-26  4.39014e-21  -1.2568e-26 -1.08949e-20  2.98635e-27 -3.13287e-21   4.7152e-28  1.13534e-22 -4.19362e-28  2.63137e-22  1.77011e-29   5.9081e-23  4.93276e-29 -7.48353e-25 -1.31439e-29 -3.23876e-24 -1.39706e-30  -7.3411e-25  1.02525e-30 -4.19009e-26 -4.62667e-32  1.51039e-26 -3.60029e-32   4.2577e-27  7.21115e-33  4.69042e-28 -2.50428e-33  3.56468e-30  6.68758e-34  -6.3647e-30  3.76943e-35 -9.54759e-31 -2.21117e-35  -6.5645e-32 -2.55506e-36 -1.20995e-33  5.09866e-37   1.6177e-34  4.43479e-38  1.39571e-35 -1.12091e-39  4.49174e-37 -3.74595e-40  4.90439e-39  1.58117e-42
  1.3428e-36  4.01018e-23 -1.71331e-34 -1.73506e-21 -9.25083e-36  3.95873e-20 -1.56213e-33 -5.98949e-19  5.39925e-33   6.6371e-18  4.28982e-32 -5.69277e-17  -8.9691e-31  3.91257e-16   8.8326e-30 -2.20514e-15 -6.28013e-29  1.03554e-14  3.57328e-28 -4.09667e-14 -1.69785e-27  1.37525e-13  6.88158e-27 -3.93416e-13  -2.4052e-26  9.60423e-13  7.27876e-26 -1.99795e-12 -1.90267e-25  3.52476e-12  4.24591e-25 -5.22441e-12 -7.84099e-25      6.4e-12  1.09576e-24 -6.29169e-12 -7.42181e-25  4.67684e-12 -1.66733e-24 -2.23844e-12  8.48305e-24  1.87402e-13 -2.27274e-23  6.65622e-13   4.7086e-23 -4.85411e-13 -8.23211e-23  3.78321e-14  1.25775e-22  1.37409e-13  -1.7089e-22 -6.10118e-14   2.0835e-22 -2.23999e-14 -2.28703e-22  2.17601e-14  2.25631e-22  2.47249e-15  -1.9864e-22 -5.68407e-15  1.53949e-22 -2.95627e-16 -1.02696e-22  1.27258e-15  5.67781e-23  1.08009e-16 -2.41846e-23 -2.44509e-16  6.51133e-24 -4.59383e-17 -3.83296e-26  3.63357e-17 -7.83609e-25  1.32791e-17  1.40358e-25 -3.04882e-18  2.11509e-25 -2.46645e-18 -1.56946e-25 -1.44196e-19  2.39148e-26  2.58035e-19  2.72007e-26   7.7586e-20 -1.88805e-26 -6.11778e-21  3.85953e-27 -8.43794e-21  1.03802e-27 -1.66068e-21 -6.62736e-28  1.80004e-22  1.06353e-29  1.50817e-22  7.23197e-29  2.73528e-23 -1.58245e-29 -7.54579e-25  -2.4375e-30 -1.33266e-24  1.10825e-30 -2.70794e-25  3.83443e-32 -1.66666e-26 -4.06009e-32  3.59098e-27  3.28776e-33  1.01319e-27 -3.22432e-33  1.11325e-28  1.07457e-33  3.65867e-30  4.25091e-35 -6.21782e-31  -3.1738e-35 -9.95857e-32 -2.40673e-36 -6.58429e-33  5.00188e-37  -1.8921e-34  4.30943e-38  1.27954e-36 -9.34445e-40  2.07295e-37  -1.9351e-40  2.83171e-39
-1.12724e-23  1.61366e-35  8.65297e-22 -3.72384e-34 -2.61371e-20  1.40935e-33  4.80418e-19 -1.32557e-32 -6.20631e-18  4.28982e-32  6.05979e-17  3.27626e-31 -4.66978e-16 -6.25053e-30  2.92134e-15   5.6497e-29 -1.51234e-14 -3.72531e-28  6.56564e-14  1.98148e-27 -2.41213e-13 -8.85861e-27  7.54266e-13  3.39795e-26 -2.01328e-12 -1.13052e-25  4.58783e-12  3.27858e-25 -8.90002e-12 -8.28607e-25  1.46014e-11  1.81273e-24 -2.00181e-11 -3.37058e-24  2.24593e-11  5.08713e-24 -1.98344e-11 -5.37646e-24  1.26487e-11  7.89867e-25 -4.32156e-12  1.41061e-23 -1.16119e-12 -4.55631e-23  2.34769e-12  9.79759e-23 -9.92549e-13 -1.70575e-22 -2.76881e-13  2.55304e-22   4.2481e-13 -3.37506e-22 -5.74421e-14  3.99588e-22 -1.06688e-13 -4.26257e-22  3.63504e-14  4.09437e-22  2.27406e-14 -3.51468e-22 -1.07778e-14   2.6547e-22 -4.93977e-15 -1.71829e-22   2.3105e-15  9.10422e-23  1.13981e-15 -3.58962e-23 -3.50474e-16  7.62814e-24 -2.48812e-16    1.525e-24  2.33029e-17 -1.77119e-24  4.33263e-17  2.45979e-25  4.85705e-18  4.07911e-25 -4.86012e-18 -2.84973e-25 -1.69209e-18  4.56252e-26  1.57568e-19  4.08249e-26  2.14882e-19 -2.75154e-26  3.89182e-20  4.84004e-27 -8.44689e-21  1.79107e-27 -5.13718e-21 -9.28198e-28 -7.31112e-22 -1.40566e-29  1.26226e-22  9.73595e-29   6.9749e-23 -1.62445e-29  1.08426e-23 -3.95241e-30 -2.72988e-25  1.05005e-30 -4.25457e-25  1.70925e-31 -8.02544e-26 -4.23562e-32 -5.53561e-27 -2.78328e-33  5.40077e-28 -3.86123e-33  1.71174e-28  1.48594e-33  1.85065e-29  4.75374e-35  8.56021e-31 -3.94525e-35 -2.25675e-32  -2.1222e-36 -5.55676e-33  4.39351e-37 -3.22283e-34  3.60498e-38 -8.01677e-36 -6.21716e-40 -5.27718e-38 -6.76336e-41
 2.75359e-36 -3.26996e-22  7.95804e-35  1.43163e-20 -1.67718e-33 -3.30701e-19  1.65515e-32  5.06843e-18 -1.15016e-31 -5.69277e-17  3.27626e-31  4.95231e-16  2.25701e-30 -3.45448e-15 -3.92484e-29  1.97752e-14   3.2713e-28 -9.44005e-14 -2.00669e-27  3.79976e-13  9.99575e-27 -1.29921e-12 -4.20753e-26  3.78998e-12  1.52679e-25  -9.4481e-12 -4.82815e-25  2.01049e-11  1.33778e-24 -3.63588e-11 -3.25118e-24  5.54012e-11  6.90247e-24 -7.00569e-11 -1.26503e-23  7.15706e-11  1.94572e-23 -5.60296e-11  -2.3314e-23  2.93979e-11   1.5984e-23 -4.86574e-12  1.44212e-23 -7.04178e-12 -7.97461e-23  6.32602e-12  1.85464e-22 -1.12112e-12 -3.24772e-22 -1.53218e-12  4.77192e-22  9.27061e-13 -6.13532e-22  1.73466e-13  7.04844e-22 -3.02221e-13 -7.30781e-22  4.91379e-15  6.84555e-22  7.65665e-14 -5.74813e-22 -5.90817e-15  4.24948e-22 -1.74209e-14 -2.68117e-22    7.946e-16  1.36652e-22  3.58689e-15 -4.97432e-23  2.05695e-16   7.4488e-24 -6.11987e-16  4.49271e-24 -1.29722e-16 -3.33414e-24   7.1161e-17  3.77658e-25  3.26855e-17  7.02589e-25 -2.32811e-18 -4.61734e-25 -4.48689e-18  7.08706e-26 -8.18241e-19  6.04081e-26  2.48719e-19 -3.85311e-26  1.37358e-19  5.85768e-27  1.47328e-20  2.68653e-27  -6.2855e-21 -1.17545e-27 -2.55267e-21 -6.18546e-29 -2.77414e-22   1.2143e-28  6.01223e-23 -1.35566e-29  2.61553e-23 -5.90881e-30  3.67163e-24  8.62044e-31 -3.32671e-26  3.38382e-31 -1.02532e-25 -4.26315e-32 -1.84304e-26 -1.01338e-32 -1.39073e-27 -4.24046e-33  3.36729e-29  1.82567e-33  1.88554e-29  4.99142e-35   1.9752e-30 -4.31375e-35  9.73444e-32 -1.75387e-36  1.10356e-33    3.422e-37 -1.19613e-34  2.54734e-38 -5.38624e-36 -3.12304e-40 -5.60051e-38
 8.14154e-23  7.12425e-36 -6.32421e-21  8.22288e-34  1.93407e-19 -1.57882e-32 -3.60122e-18  1.53672e-31  4.71555e-17  -8.9691e-31 -4.66978e-16  2.25701e-30  3.65233e-15  1.40479e-29 -2.32064e-14 -2.23908e-28  1.22117e-13  1.72824e-27 -5.39373e-13 -9.88999e-27  2.01804e-12  4.62122e-26 -6.43365e-12 -1.83283e-25  1.75312e-11   6.2913e-25 -4.08471e-11 -1.88927e-24  8.11755e-11  4.99206e-24 -1.36766e-10 -1.16277e-23  1.93209e-10  2.38169e-23 -2.24512e-10 -4.25394e-23  2.07197e-10   6.4977e-23 -1.40924e-10 -8.10674e-23  5.59769e-11  7.17584e-23  6.09133e-12 -1.23535e-23 -2.47169e-11  -1.1741e-22  1.30671e-11   3.1993e-22  1.50942e-12  -5.7131e-22 -4.83332e-12  8.25547e-22  1.22123e-12 -1.03064e-21  1.07711e-12  1.14662e-21 -5.64809e-13 -1.15475e-21 -2.01717e-13  1.05674e-21  1.60688e-13 -8.71494e-22  4.10942e-14  6.34115e-22 -3.60219e-14 -3.92372e-22 -1.02483e-14  1.93427e-22  6.35201e-15 -6.49991e-23  2.62193e-15  5.31951e-24  -7.3653e-16  9.17128e-24 -5.47257e-16 -5.52649e-24  7.90077e-18  5.15998e-25  7.76619e-17  1.10468e-24    1.622e-17 -6.83524e-25 -5.29917e-18   9.5983e-26 -3.02517e-18  8.65504e-26 -2.44424e-19 -5.15664e-26   2.0234e-19   6.8075e-27  7.10624e-20  3.65142e-27  4.03158e-21 -1.36388e-27 -3.37315e-21 -1.33122e-28 -1.05395e-21  1.41473e-28 -9.45211e-23 -7.76282e-30   2.0869e-23 -8.17339e-30   7.8732e-24  6.19959e-31  1.03805e-24  5.15741e-31  1.37264e-26  -4.4389e-32 -1.77196e-26 -1.75038e-32 -3.11211e-27 -4.20782e-33 -2.44128e-28  2.02679e-33 -3.57222e-30  4.70445e-35  1.15958e-30 -4.17782e-35  1.18715e-31 -1.35303e-36   5.1892e-33  2.32436e-37  9.01371e-35  1.47598e-38 -1.91536e-37 -1.03025e-40
-1.64296e-35  2.13125e-21 -1.94117e-34 -9.44744e-20  1.06163e-32  2.21078e-18 -1.52126e-31  -3.4345e-17  1.23802e-30  3.91257e-16 -6.25053e-30 -3.45448e-15  1.40479e-29  2.44741e-14  7.95771e-29 -1.42407e-13 -1.16886e-27  6.91588e-13  8.38597e-27 -2.83468e-12 -4.48792e-26  9.88021e-12  1.97001e-25 -2.94171e-11 -7.36681e-25   7.4956e-11  2.39206e-24 -1.63311e-10 -6.81748e-24  3.03056e-10  1.71576e-23 -4.75201e-10 -3.82212e-23  6.20907e-10  7.52589e-23 -6.59709e-10 -1.30143e-22  5.43867e-10  1.94752e-22 -3.10983e-10 -2.44167e-22  7.48859e-11  2.35799e-22  5.68481e-11 -1.21097e-22 -6.55516e-11 -1.29975e-22  1.81501e-11  5.03491e-22  1.29346e-11 -9.34517e-22 -1.08876e-11  1.32939e-21 -4.33071e-13 -1.60589e-21  3.25054e-12  1.72322e-21 -4.81852e-13 -1.68253e-21 -7.87676e-13  1.50689e-21  1.76894e-13   -1.227e-21  1.79941e-13  8.85142e-22 -3.57252e-14 -5.41335e-22 -3.94564e-14  2.60047e-22    3.303e-15 -8.09956e-23  7.60824e-15   9.4727e-25  5.91121e-16  1.55875e-23 -1.09932e-15 -8.29078e-24 -3.02167e-16  6.35654e-25  8.39486e-17  1.60433e-24  5.65976e-17 -9.37029e-25  4.01126e-18  1.16419e-25 -4.84506e-18  1.18876e-25 -1.60119e-18 -6.58714e-26 -3.65438e-21  7.57924e-27  1.19221e-19  4.59754e-27  3.06726e-20 -1.46576e-27  7.12395e-22 -2.20927e-28 -1.39707e-21  1.55285e-28 -3.63055e-22  3.26665e-32 -2.95837e-23 -1.05312e-29  5.25138e-24  4.50078e-31  1.85602e-24  6.72795e-31  2.34888e-25 -5.09555e-32  7.95319e-27 -2.36109e-32 -1.99612e-27  -3.7015e-33 -3.58885e-28   2.0514e-33 -2.75502e-29  3.83883e-35 -8.48888e-31 -3.58877e-35  2.59003e-32 -9.64675e-37  3.15769e-33  1.34037e-37  9.56152e-35  6.62694e-39  7.71131e-37
-4.75809e-22 -8.98863e-35  3.74233e-20   -4.729e-33 -1.15946e-18  1.16427e-31  2.18841e-17   -1.285e-30 -2.90651e-16   8.8326e-30  2.92134e-15 -3.92484e-29 -2.32064e-14  7.95771e-29  1.49876e-13  4.13058e-28 -8.02317e-13 -5.61782e-27  3.60831e-12  3.75868e-26 -1.37605e-11  -1.8852e-25  4.47674e-11  7.78374e-25 -1.24651e-10 -2.74592e-24  2.97249e-10  8.43438e-24 -6.05767e-10 -2.28037e-23  1.04921e-09  5.46128e-23 -1.52892e-09 -1.16187e-22  1.84183e-09  2.19418e-22 -1.77728e-09 -3.65891e-22  1.28745e-09  5.32251e-22 -5.82473e-10 -6.58556e-22  1.08498e-11  6.53559e-22   2.0771e-10 -4.27834e-22 -1.36598e-10 -5.25571e-23  2.74566e-12  7.24015e-22  4.34852e-11 -1.43367e-21 -1.68295e-11  2.00657e-21 -8.08044e-12 -2.33035e-21  6.60724e-12  2.39439e-21  1.11909e-12 -2.25722e-21 -1.81793e-12  1.98187e-21 -1.74054e-13  -1.6048e-21  4.19823e-13  1.15902e-21  5.21416e-14 -7.07503e-22 -8.18434e-14  3.34335e-22 -1.86127e-14 -9.74655e-23  1.20856e-14  -5.3494e-24  5.04879e-15   2.3374e-23 -9.31911e-16 -1.14392e-23 -9.09576e-16  7.15027e-25 -7.79775e-17  2.16789e-24  9.11478e-17 -1.20017e-24  3.07353e-17  1.27746e-25 -1.35868e-18   1.5599e-25 -3.10509e-18 -8.04492e-26  -6.9009e-19  8.09011e-27  4.51738e-20  5.43682e-27  5.52283e-20 -1.47515e-27  1.12644e-20 -3.10918e-28  6.26174e-23  1.62134e-28 -4.53678e-22  7.74955e-30  -1.0335e-22 -1.27262e-29 -8.30486e-24  4.87771e-31  9.00019e-25  7.82973e-31  3.28804e-25 -6.42087e-32  4.01437e-26 -2.75002e-32  1.92511e-27 -2.79419e-33 -1.16069e-28  1.90025e-33 -2.52701e-29  2.59167e-35 -1.77686e-30 -2.72557e-35 -5.71508e-32 -6.25591e-37 -3.45562e-34  6.27621e-38  1.96909e-35  1.99891e-39
 1.08044e-34 -1.13601e-20  5.52895e-34  5.10188e-19 -6.62293e-32 -1.21026e-17  1.06801e-30  1.90711e-16  -9.5254e-30 -2.20514e-15   5.6497e-29  1.97752e-14 -2.23908e-28 -1.42407e-13  4.13058e-28  8.42947e-13  1.97629e-27 -4.16815e-12 -2.49923e-26  1.74124e-11  1.56387e-25 -6.19242e-11  -7.3647e-25  1.88358e-10  2.86313e-24 -4.91047e-10 -9.53231e-24  1.09657e-09  2.76945e-23 -2.09028e-09 -7.09978e-23  3.37655e-09  1.61685e-22 -4.56349e-09  -3.2817e-22  5.04705e-09  5.93498e-22 -4.38185e-09 -9.51994e-22  2.71787e-09  1.33988e-21 -8.47093e-10 -1.61954e-21 -3.41285e-10  1.60564e-21  5.51987e-10  -1.1466e-21 -2.11105e-10  2.30995e-22 -8.01412e-11  9.55273e-22  1.01856e-10 -2.08784e-21 -9.66734e-12  2.86537e-21 -2.75119e-11 -3.16564e-21  8.22931e-12  3.07561e-21  6.20032e-12 -2.77631e-21 -2.61684e-12  2.39331e-21 -1.39281e-12  -1.9472e-21  5.79921e-13  1.42684e-21  3.25378e-13  -8.7995e-22 -8.80945e-14  4.13619e-22 -7.12887e-14 -1.14723e-22  4.92711e-15 -1.25335e-23   1.2413e-14  3.17371e-23  1.65643e-15  -1.4665e-23 -1.37063e-15  7.46892e-25 -5.21112e-16  2.73936e-24  3.53454e-17 -1.44584e-24  6.39201e-17  1.26719e-25  1.28248e-17  1.95692e-25 -2.20988e-18 -9.42254e-26 -1.55824e-18  8.30135e-27 -2.49042e-19  6.09092e-27  3.07777e-20 -1.40828e-27  2.06961e-20 -3.83706e-28  3.55325e-21  1.62841e-28  1.08154e-23  1.28604e-29 -1.14376e-22 -1.45127e-29 -2.37344e-23  8.22169e-31 -1.95535e-24  8.30888e-31  8.57305e-26 -8.31352e-32  4.10663e-26 -2.87498e-32  4.81115e-27 -1.67779e-33  2.59004e-28  1.61089e-33  9.35396e-32  1.30199e-35   -8.896e-31 -1.81621e-35 -5.30255e-32 -3.61079e-37 -1.21238e-33  2.19622e-38 -6.84757e-36
 2.29293e-21  1.08467e-33 -1.82725e-19  2.22178e-32  5.73923e-18 -7.01257e-31 -1.09883e-16  8.41045e-30  1.48135e-15 -6.28013e-29 -1.51234e-14   3.2713e-28  1.22117e-13 -1.16886e-27 -8.02317e-13  1.97629e-27  4.37305e-12  8.76133e-27 -2.00438e-11 -1.03403e-25  7.79851e-11  6.06668e-25 -2.59155e-10  -2.6867e-24  7.38105e-10  9.84248e-24 -1.80333e-09 -3.09316e-23  3.77272e-09  8.49802e-23  -6.7251e-09 -2.06458e-22    1.012e-08  4.46772e-22 -1.26515e-08 -8.64418e-22  1.27729e-08  1.49558e-21 -9.84421e-09 -2.30406e-21  4.99926e-09  3.12871e-21 -6.29793e-10 -3.67219e-21 -1.40347e-09  3.58175e-21  1.16292e-09 -2.62783e-21 -1.65345e-10  8.94375e-22 -3.11458e-10  1.16988e-21  1.73694e-10 -2.93398e-21  4.13144e-11  3.91979e-21 -6.06411e-11 -4.05557e-21 -7.19364e-13  3.64855e-21   1.6072e-11  -3.1027e-21 -8.87158e-13  2.62815e-21 -3.77725e-12 -2.18352e-21   1.0332e-13  1.65441e-21  7.96741e-13 -1.04594e-21  5.84983e-14  4.94926e-22 -1.38382e-13 -1.33541e-22 -3.17315e-14 -1.89487e-23  1.61702e-14  3.95285e-23    7.898e-15 -1.75866e-23 -4.54723e-16   7.4584e-25 -1.08067e-15  3.24924e-24 -2.11376e-16  -1.6477e-24  5.73616e-17   1.1208e-25  3.41681e-17   2.3533e-25   4.0938e-18 -1.06154e-25 -1.45634e-18  8.20792e-27 -6.39231e-19  6.49212e-27 -7.75738e-20 -1.29488e-27  1.27226e-20 -4.19357e-28  6.30631e-21  1.59328e-28   9.5798e-22  1.31798e-29   1.1968e-23 -1.57036e-29 -2.16905e-23  1.45037e-30 -4.22602e-24  8.15711e-31 -3.55373e-25 -1.03662e-31 -3.65895e-28 -2.74895e-32  3.25893e-27 -5.94617e-34  3.65388e-28  1.24546e-33  1.88886e-29  2.76566e-36  3.46373e-31 -1.04829e-35 -9.33219e-33 -1.80061e-37 -4.30872e-34  4.70315e-39
-8.76663e-34  5.03016e-20  3.18983e-33 -2.29038e-18  3.29426e-31  5.51177e-17 -6.08984e-30 -8.81661e-16  5.80831e-29  1.03554e-14 -3.72531e-28 -9.44005e-14  1.72824e-27  6.91588e-13 -5.61782e-27 -4.16815e-12  8.76133e-27  2.10048e-11  3.61561e-26 -8.95178e-11 -3.99565e-25  3.25151e-10  2.20287e-24 -1.01147e-09 -9.18616e-24   2.7008e-09  3.17294e-23 -6.18862e-09 -9.41211e-23  1.21317e-08  2.44414e-22 -2.02121e-08 -5.62343e-22  2.82878e-08  1.15544e-21 -3.25959e-08  -2.1295e-21  2.98089e-08  3.52229e-21  -1.9983e-08 -5.20703e-21  7.58777e-09  6.81075e-21  1.32778e-09 -7.73471e-21 -3.82403e-09  7.35663e-21  1.91727e-09 -5.38417e-21  3.09595e-10  2.15786e-21 -7.71818e-10  1.36716e-21  1.78662e-10 -4.05737e-21    1.827e-10  5.21837e-21 -9.11244e-11 -4.95483e-21 -3.59246e-11  3.99076e-21  2.72434e-11 -3.09303e-21  7.53464e-12  2.57171e-21 -6.33893e-12 -2.24503e-21 -1.90347e-12  1.80926e-21  1.15313e-12 -1.19287e-21  4.94428e-13  5.74855e-22 -1.36922e-13 -1.54723e-22 -1.05331e-13 -2.26118e-23  1.14801e-15  4.54159e-23  1.52438e-14 -1.98164e-23  3.27663e-15  7.49238e-25 -1.04521e-15  3.62951e-24 -6.14954e-16 -1.78632e-24 -5.33242e-17  8.46994e-26  4.06874e-17  2.72178e-25   1.4777e-17 -1.15226e-25  9.61652e-19  7.80674e-27 -6.68279e-19    6.579e-27 -2.18429e-19 -1.16488e-27 -2.15612e-20 -4.02791e-28  3.71738e-21  1.53864e-28  1.54496e-21  7.64571e-30  2.15593e-22 -1.62046e-29  6.00009e-24  2.26348e-30 -2.91437e-24  7.49378e-31 -5.50715e-25 -1.20034e-31 -4.57376e-26 -2.42692e-32 -1.17151e-27   2.5032e-34  1.33447e-28  8.72334e-34  1.49912e-29  -3.3353e-36  6.32136e-31 -5.13707e-36  1.05106e-32 -7.38178e-38  1.90558e-35
-9.22971e-21 -9.77682e-33  7.45776e-19  -6.4208e-32 -2.37651e-17  3.44051e-30  4.61919e-16 -4.51737e-29 -6.32607e-15  3.57328e-28  6.56564e-14 -2.00669e-27 -5.39373e-13  8.38597e-27  3.60831e-12 -2.49923e-26 -2.00438e-11  3.61561e-26  9.37224e-11  1.39475e-25 -3.72411e-10 -1.44753e-24  1.26548e-09  7.51358e-24 -3.69079e-09 -2.95342e-23  9.24925e-09  9.62133e-23 -1.98881e-08 -2.69323e-22  3.65302e-08  6.60603e-22 -5.68342e-08 -1.43808e-21  7.38165e-08  2.80303e-21 -7.80312e-08 -4.91738e-21  6.39367e-08  7.77177e-21 -3.60592e-08 -1.10197e-20  7.95005e-09  1.38727e-20  7.54429e-09  -1.5214e-20 -8.19285e-09   1.4038e-20  2.13443e-09 -1.00848e-20  1.75184e-09  4.25691e-21 -1.41793e-09  1.60728e-21  -8.0244e-11 -5.62219e-21  4.44953e-10  6.87654e-21 -6.33233e-11 -5.86787e-21  -1.1186e-10  4.01848e-21  2.51182e-11 -2.63754e-21  2.63526e-11   2.1383e-21 -5.34862e-12 -2.08344e-21 -5.95797e-12  1.86862e-21  5.32536e-13 -1.30996e-21  1.18777e-12  6.49184e-22  8.73723e-14 -1.78527e-22 -1.77881e-13 -2.16165e-23 -4.84249e-14  4.81211e-23  1.41711e-14 -2.10425e-23  9.42079e-15  8.10039e-25  6.43753e-16  3.83097e-24 -8.27982e-16 -1.85358e-24 -2.73593e-16  4.69254e-26 -7.16671e-19  3.03764e-25  2.05087e-17 -1.20419e-25  5.33639e-18  7.06248e-27  1.50064e-19  6.29617e-27 -2.34668e-19 -1.03714e-27 -6.24048e-20 -3.28529e-28 -5.45446e-21   1.4835e-28  7.74671e-22  -3.2047e-30  2.96217e-22 -1.60248e-29  3.87971e-23  3.07453e-30  1.64794e-24  6.50944e-31 -2.46735e-25 -1.27135e-31 -4.83345e-26 -1.98597e-32 -3.77103e-27  7.52599e-34 -1.28909e-28  5.47652e-34  1.19095e-30 -5.49966e-36   2.4216e-31 -2.07076e-36   5.9808e-33 -2.18941e-38
 5.93122e-33 -1.87006e-19 -5.70739e-32  8.63974e-18 -1.25862e-30 -2.11095e-16  2.87792e-29  3.43062e-15 -2.93445e-28 -4.09667e-14  1.98148e-27  3.79976e-13 -9.88999e-27 -2.83468e-12  3.75868e-26  1.74124e-11 -1.03403e-25 -8.95178e-11  1.39475e-25  3.89617e-10  5.04838e-25   -1.447e-09  -4.9335e-24  4.60862e-09  2.41495e-23  -1.2619e-08 -8.95513e-23  2.97061e-08  2.75173e-22 -5.99619e-08 -7.26512e-22  1.03165e-07  1.68163e-21 -1.49697e-07 -3.45969e-21  1.79908e-07  6.39005e-21 -1.73362e-07  -1.0662e-20  1.25253e-07   1.6095e-20 -5.58843e-08  -2.1886e-20 -5.13274e-10  2.65123e-20  2.18721e-08 -2.80531e-20  -1.4132e-08  2.50418e-20  8.48512e-11 -1.75004e-20  4.76213e-09  7.39847e-21 -1.83892e-09  2.02929e-21 -9.18212e-10 -7.87832e-21  7.59431e-10  9.09297e-21  1.28162e-10 -6.88149e-21 -2.17225e-10  3.72794e-21 -1.92155e-11 -1.69909e-21  5.20805e-11  1.30026e-21  5.91312e-12 -1.68754e-21  -1.0581e-11  1.82584e-21 -2.27458e-12 -1.38938e-21  1.64305e-12  7.12482e-22  6.57398e-13 -2.04187e-22 -1.38538e-13  -1.4534e-23 -1.24946e-13  4.66781e-23 -9.23119e-15 -2.11029e-23  1.31946e-14  9.81985e-25  4.29377e-15  3.83799e-24 -2.43667e-16 -1.85371e-24 -4.54226e-16  1.34118e-27 -9.86781e-17  3.28143e-25   7.1222e-18 -1.20708e-25  8.10032e-18  5.89225e-27  1.64146e-18  5.60558e-27   1.1881e-20 -9.15354e-28 -6.44599e-20 -2.03247e-28 -1.47537e-20  1.43901e-28 -1.23258e-21 -1.72713e-29  1.07687e-22 -1.52605e-29  4.24959e-23  3.67963e-30  5.25296e-24  5.39839e-31   2.7254e-25 -1.22587e-31 -9.38397e-27 -1.50581e-32 -2.50823e-27  9.21386e-34  -1.7218e-28  3.03154e-34 -5.30722e-30 -5.01769e-36 -4.48679e-32 -6.49654e-37  5.39697e-34
 3.13001e-20  6.83434e-32  -2.5665e-18 -3.43715e-32  8.30462e-17 -1.37245e-29 -1.64014e-15  2.03596e-28  2.28397e-14 -1.69785e-27 -2.41213e-13  9.99575e-27  2.01804e-12 -4.48792e-26 -1.37605e-11  1.56387e-25  7.79851e-11 -3.99565e-25 -3.72411e-10  5.04838e-25  1.51301e-09  1.72042e-24 -5.26351e-09  -1.5868e-23  1.57389e-08  7.33528e-23 -4.05077e-08 -2.56759e-22  8.96387e-08  7.44107e-22 -1.69878e-07 -1.85162e-21  2.73615e-07  4.03953e-21  -3.6965e-07 -7.84284e-21  4.09498e-07  1.37081e-20  -3.5656e-07 -2.17342e-20   2.2156e-07  3.13266e-20 -6.79552e-08 -4.08567e-20 -3.07422e-08  4.76353e-20  4.81823e-08 -4.86251e-20 -1.85049e-08  4.19452e-20 -7.29289e-09 -2.83906e-20  9.38828e-09  1.17261e-20 -9.62012e-10  2.82288e-21 -2.61453e-09  -1.1119e-20    8.338e-10  1.21299e-20  6.01498e-10 -8.17194e-21 -2.75885e-10  3.21577e-21 -1.38119e-10 -3.34927e-22  6.42734e-11  1.04929e-22  3.34745e-11 -1.09265e-21  -1.0526e-11  1.69351e-21 -7.71934e-12  -1.4266e-21  7.66706e-13  7.58036e-22  1.42605e-12 -2.29777e-22  1.59563e-13 -7.11105e-25 -1.69251e-13  4.06604e-23 -5.97307e-14  -2.0035e-23  5.72253e-15  1.30035e-24  7.89772e-15  3.67605e-24  1.47571e-15  -1.8011e-24 -3.05423e-16 -5.05215e-26 -1.94787e-16  3.44146e-25 -2.96041e-17 -1.15203e-25  4.17539e-18  4.18289e-27  2.58915e-18  4.50925e-27  4.34439e-19 -7.92616e-28  8.52207e-22 -4.51733e-29 -1.37316e-20  1.40781e-28 -2.81351e-21 -3.14601e-29 -2.34005e-22 -1.40582e-29  7.78059e-24  3.92785e-30  4.25316e-24  4.30839e-31  4.93369e-25 -1.07571e-31  2.67044e-26 -1.05396e-32  2.06383e-28   8.4648e-34   -6.014e-29  1.44051e-34  -3.3089e-30 -3.39083e-36 -5.89133e-32 -1.39139e-37
-3.41797e-32  5.87713e-19  4.73054e-31 -2.75754e-17  3.24314e-30  6.84698e-16 -1.13478e-28 -1.13161e-14  1.25555e-27  1.37525e-13 -8.85861e-27 -1.29921e-12  4.62122e-26  9.88021e-12  -1.8852e-25 -6.19242e-11  6.06668e-25  3.25151e-10 -1.44753e-24   -1.447e-09  1.72042e-24  5.50152e-09  5.53703e-24 -1.79628e-08  -4.8299e-23  5.05023e-08  2.11099e-22 -1.22301e-07 -6.97774e-22  2.54541e-07  1.90663e-21 -4.52879e-07 -4.46728e-21   6.8224e-07  9.17191e-21 -8.56158e-07 -1.67749e-20  8.69771e-07  2.77002e-20 -6.75832e-07 -4.16884e-20   3.4611e-07  5.73552e-20  -4.2459e-08 -7.17686e-20 -1.02467e-07  8.05784e-20   8.6291e-08 -7.93843e-20 -1.30213e-08   6.6182e-20 -2.37124e-08  -4.3343e-20  1.39199e-08  1.73214e-20  3.02357e-09  4.13244e-21 -4.99757e-09 -1.55797e-20  6.91119e-11  1.62503e-20  1.36245e-09 -9.97424e-21  -1.1935e-10  2.66343e-21 -3.31525e-10  1.31096e-21  2.09368e-11 -1.32799e-21   7.3304e-11 -3.79293e-22  2.84933e-12  1.50212e-21 -1.35539e-11 -1.41994e-21 -2.64172e-12  7.78374e-22  1.73604e-12 -2.52512e-22  7.52527e-13  1.95852e-23  -7.4207e-14  3.03272e-23 -1.12935e-13 -1.80809e-23 -1.93288e-14  1.76437e-24  6.85468e-15  3.40885e-24  3.59657e-15 -1.71575e-24  3.69407e-16 -1.08861e-25 -1.70513e-16  3.51606e-25 -6.83357e-17 -1.03429e-25 -7.61246e-18  1.83985e-27  1.49367e-18  3.07243e-27  6.73849e-19 -6.61183e-28   9.8528e-20  1.19761e-28  9.40424e-22  1.38603e-28 -2.19672e-21 -4.25988e-29 -4.14802e-22 -1.25715e-29 -3.43145e-23  3.77053e-30 -1.84603e-25  3.32307e-31  2.64485e-25 -8.60453e-32  2.86493e-26 -6.76563e-33  1.40309e-27  6.45597e-34  2.60812e-29  5.59312e-35 -3.15348e-31 -1.73875e-36 -1.13502e-32
-8.98847e-20 -3.93716e-31  7.48634e-18  1.86838e-30  -2.4622e-16  4.31395e-29  4.94611e-15 -7.77338e-28 -7.01089e-14  6.88158e-27  7.54266e-13 -4.20753e-26 -6.43365e-12  1.97001e-25  4.47674e-11  -7.3647e-25 -2.59155e-10  2.20287e-24  1.26548e-09  -4.9335e-24 -5.26351e-09  5.53703e-24  1.87707e-08  1.68761e-23  -5.7624e-08  -1.3947e-22  1.52529e-07  5.76894e-22 -3.47858e-07 -1.80114e-21  6.81172e-07  4.63806e-21 -1.13745e-06 -1.02201e-20  1.60057e-06  1.97114e-20 -1.86005e-06 -3.38864e-20  1.72085e-06  5.27582e-20 -1.17117e-06 -7.52724e-20  4.54229e-07  9.88262e-20  7.81885e-08 -1.18704e-19 -2.36937e-07  1.28443e-19   1.2419e-07 -1.22225e-19   1.7312e-08  9.85855e-20  -5.0879e-08 -6.25927e-20  1.33939e-08  2.42606e-20  1.20409e-08  5.90057e-21 -6.80136e-09    -2.13e-20 -2.30604e-09  2.16277e-20  2.09428e-09 -1.25167e-20  4.74255e-10  2.28231e-21 -5.10378e-10  3.04738e-21 -1.26219e-10 -2.82943e-21  9.95325e-11  3.39264e-22  3.61545e-11  1.29414e-21 -1.34203e-11 -1.36973e-21 -8.50441e-12  7.66397e-22  5.12253e-13 -2.69417e-22  1.35927e-12  4.51764e-23  2.41296e-13  1.66485e-23 -1.08806e-13 -1.56446e-23 -5.42661e-14  2.32924e-24 -3.08123e-15  3.12471e-24  4.08132e-15  -1.6185e-24  1.32241e-15 -1.75269e-25   5.7278e-17  3.51486e-25 -6.72939e-17 -8.56415e-26   -2.001e-17 -1.14718e-27 -1.74651e-18  1.43222e-27   3.8057e-19 -5.21749e-28  1.41157e-19  2.64028e-28  1.86967e-20  1.36605e-28  4.47942e-22 -4.83708e-29 -2.48206e-22 -1.09266e-29   -4.442e-23  3.27019e-30 -3.53723e-24  2.47381e-31 -9.22914e-26 -6.29282e-32  8.04894e-27 -3.94971e-33   8.5076e-28  4.19933e-34  3.11141e-29  1.58591e-35  4.00278e-31 -6.06422e-37
 1.70024e-31 -1.56705e-18 -2.88273e-30  7.47492e-17 -1.36292e-30 -1.88822e-15  3.70037e-28  3.17716e-14 -4.59776e-27 -3.93416e-13  3.39795e-26  3.78998e-12 -1.83283e-25 -2.94171e-11  7.78374e-25  1.88358e-10  -2.6867e-24 -1.01147e-09  7.51358e-24  4.60862e-09  -1.5868e-23 -1.79628e-08  1.68761e-23  6.02106e-08   4.8828e-23 -1.74071e-07 -3.82897e-22  4.34308e-07  1.50004e-21 -9.33443e-07 -4.42401e-21  1.72006e-06  1.07293e-20 -2.69413e-06 -2.22037e-20  3.53496e-06  4.01408e-20 -3.78882e-06 -6.46921e-20  3.16146e-06  9.47293e-20 -1.82896e-06 -1.27936e-19  4.29304e-07  1.60261e-19  3.81576e-07 -1.84917e-19 -4.40959e-07  1.93017e-19  1.27797e-07  -1.7759e-19  9.18856e-08  1.38847e-19 -8.32688e-08  -8.5872e-20 -1.07184e-09  3.27242e-20  2.63232e-08  7.69947e-21 -5.14447e-09 -2.80072e-20 -6.68734e-09  2.82679e-20  1.97445e-09 -1.59403e-20  1.61674e-09  2.23261e-21 -4.56511e-10  4.69646e-21 -3.85426e-10 -4.21735e-21   6.1546e-11  9.37648e-22  8.30511e-11  1.11477e-21  1.44634e-12 -1.27717e-21 -1.37652e-11  7.16968e-22 -2.98913e-12 -2.78124e-22  1.31404e-12  7.41011e-23  6.99739e-13  1.18413e-24   1.6327e-14 -1.32071e-23 -7.11447e-14  2.91454e-24 -2.01714e-14  2.91555e-24  8.20326e-16  -1.5277e-24  1.76197e-15 -2.51464e-25  4.05329e-16  3.45771e-25  3.45756e-19 -6.30118e-26 -2.04788e-17 -4.64602e-27 -4.91372e-18 -2.19356e-28 -3.70088e-19 -3.87094e-28  6.99982e-20  3.65105e-28  2.31374e-20  1.33886e-28  2.83635e-21 -4.79333e-29  1.08242e-22 -9.21034e-30 -1.76163e-23  2.56817e-30 -3.15379e-24  1.76476e-31 -2.28503e-25 -4.22683e-32 -7.28192e-27 -2.07779e-33  3.76025e-29  2.32296e-34  8.57402e-30  2.13755e-36  1.30065e-31
