 2.54156e-34  1.01514e-37 -1.89106e-34  2.02761e-37 -5.35084e-35  7.12603e-37  1.59674e-34  7.26976e-37 -2.75061e-35  1.09513e-36  4.31765e-35  1.48539e-36  2.94547e-35  5.61066e-37 -1.14391e-35  1.23736e-37  2.22509e-35  1.28967e-37 -5.94137e-36  3.31311e-37  9.86583e-36  9.71525e-38  -8.6686e-36  1.71194e-37   6.4791e-37  4.64018e-38 -4.00854e-37 -4.53996e-38 -2.79823e-38 -2.93552e-38  1.19133e-37 -9.97687e-39  3.42831e-37    3.086e-39 -1.34966e-37  -1.0287e-38  1.26396e-37 -3.00664e-40  1.70857e-38  4.30094e-39 -2.43377e-38 -4.52712e-40 -9.30455e-39 -5.61466e-42  1.36706e-39  1.55335e-40  -4.7655e-40 -7.38812e-41  1.11001e-39  4.63111e-41  8.48237e-41 -9.78456e-42   -1.907e-40  5.05259e-42 -2.88201e-41  3.36437e-42  9.31189e-42  -2.9358e-42 -1.00006e-42  6.14615e-43  1.55364e-41  2.61038e-43  -1.0711e-41 -3.12344e-43  1.92024e-41  5.33233e-44 -4.38131e-41 -8.97168e-44  9.90179e-41  2.13093e-43 -2.08221e-40 -5.38383e-43  3.99277e-40  1.24828e-42 -6.93347e-40  -2.6769e-42  1.08521e-39  5.34038e-42 -1.51869e-39 -9.88795e-42  1.88109e-39  1.69444e-41 -2.03437e-39 -2.67906e-41  1.88407e-39  3.89317e-41 -1.44957e-39 -5.17439e-41  8.76823e-40  6.24974e-41 -3.65045e-40 -6.79987e-41  5.12743e-41  6.57982e-41  5.61102e-41 -5.54718e-41 -4.46683e-41  3.92118e-41  9.19904e-42  -2.1185e-41  7.04283e-42   5.8306e-42 -6.45845e-42  3.98348e-42  2.53149e-42 -7.87481e-42 -7.39877e-43  7.49447e-42  3.45855e-43 -5.20495e-42 -1.93354e-43  2.84711e-42  7.43014e-44 -1.24708e-42 -1.94441e-44  4.34377e-43  4.15875e-45 -1.17532e-43 -8.01888e-46   2.3678e-44  1.17487e-46 -3.29767e-45 -1.09684e-47  2.73979e-46  5.75248e-49 -8.73742e-48
 1.01514e-37   6.2693e-34  6.38865e-37 -3.24103e-34  7.74088e-37 -2.86118e-35  2.49923e-36  1.51109e-34  1.95853e-36  4.15006e-35  2.84363e-36  6.15501e-35  3.17957e-36  4.70204e-35  1.28844e-36 -7.78498e-36 -6.25983e-37   5.8991e-35  5.42593e-37 -1.46484e-35  9.25092e-37   2.3821e-35  1.06121e-37 -2.08038e-35   4.6417e-37 -9.60928e-37  6.36975e-38 -7.04653e-37 -8.37855e-38 -8.65642e-37 -9.21902e-38 -8.91622e-38 -2.87052e-38  1.10387e-36  1.86342e-38 -4.11059e-37   -4.005e-38  3.40526e-37  -2.4957e-39   8.7155e-38  1.36026e-38   -7.164e-38 -2.11835e-39 -2.56149e-38  4.14378e-40  1.06281e-38  2.29271e-40 -3.34462e-39 -1.71616e-40  4.42007e-39  2.00784e-40 -8.10963e-42 -5.82578e-41 -3.20988e-40  2.31528e-41 -2.52071e-40  1.09199e-41  4.19944e-41 -9.51963e-42 -2.90111e-41  1.26406e-42  1.24536e-40   8.4892e-43 -2.21885e-40 -1.32906e-42  5.45692e-40   8.0893e-43 -1.28981e-39  -2.0777e-42  2.82737e-39  5.25353e-42 -5.67237e-39 -1.25711e-41  1.03462e-38  2.79695e-41 -1.70554e-38 -5.79986e-41  2.52375e-38  1.11983e-40 -3.32226e-38 -2.00919e-40  3.84494e-38  3.34206e-40 -3.84868e-38 -5.13983e-40  3.25155e-38  7.28476e-40  -2.2252e-38 -9.47781e-40  1.13254e-38  1.12652e-39 -3.23652e-39 -1.21585e-39 -6.08128e-40  1.18232e-39  1.20243e-39 -1.02493e-39 -5.37222e-40  7.79898e-40 -5.98128e-42 -5.08073e-40  1.26476e-40  2.70154e-40 -6.38369e-41 -1.03575e-40  1.41463e-41   1.3576e-41 -3.08521e-42  1.88907e-41  2.60077e-42 -2.06654e-41  -1.4724e-42  1.27693e-41  4.43356e-43 -5.69151e-42 -8.97761e-44  1.90811e-42  1.74769e-44 -4.76072e-43 -3.10755e-45  8.44468e-44  3.46886e-46 -9.67016e-45 -2.15695e-47  5.67946e-46  6.40962e-49
-1.89106e-34  6.38865e-37  9.61753e-34  2.29785e-36 -3.20507e-34  1.72947e-36  4.65708e-35  5.62482e-36 -4.13518e-36  4.43423e-36  1.28379e-34  4.67339e-36  3.86747e-35  4.34521e-36  5.96677e-35  1.82735e-36  9.18698e-36 -3.16748e-36  1.15806e-34  1.15461e-36 -2.85858e-35  1.84368e-36  4.11152e-35  2.01683e-37 -3.46044e-35  8.54125e-37 -6.95453e-36 -9.17958e-39  9.05976e-38 -1.49634e-38 -2.95441e-36 -2.21251e-37  -1.0306e-36 -6.04399e-38   2.4287e-36  6.10145e-38 -8.87836e-37 -1.00563e-37  5.84369e-37 -8.96628e-39  2.60738e-37  3.04065e-38 -1.36969e-37 -6.45956e-39 -5.62864e-38  2.14516e-39  3.70202e-38 -6.37687e-41 -1.27225e-38  -2.8025e-40  1.24314e-38  5.34778e-40 -5.34407e-40 -1.68884e-40  3.44509e-41  7.30265e-41 -1.05286e-39  2.51275e-41  2.90847e-40 -2.33731e-41  -5.9588e-40  2.03483e-42  1.84029e-39  2.74082e-42  -4.6586e-39 -6.94045e-42  1.15589e-38  1.22974e-41   -2.646e-38  -3.2117e-41  5.55243e-38  7.89484e-41 -1.06191e-37 -1.81802e-40  1.84103e-37  3.90712e-40 -2.87502e-37 -7.83302e-40  4.01217e-37  1.46263e-39   -4.952e-37 -2.53884e-39  5.33062e-37  4.08751e-39 -4.90508e-37  -6.0879e-39   3.7374e-37  8.36234e-39 -2.22261e-37 -1.05551e-38  8.87999e-38  1.21897e-38 -8.65933e-39 -1.28129e-38 -1.72424e-38  1.21793e-38  1.28217e-38 -1.03841e-38 -3.02471e-39  7.85604e-39 -1.29515e-39 -5.19479e-39  1.20034e-39  2.93379e-39 -3.22286e-40 -1.35851e-39  9.94694e-42  4.70111e-40 -7.94088e-42  -8.3656e-41  1.75925e-41 -2.77176e-41 -7.70602e-42  3.26073e-41  1.59021e-42  -1.6313e-41 -2.57447e-43  5.40766e-42  5.45194e-44 -1.24549e-42 -8.30647e-45  1.91151e-43   5.8751e-46 -1.71256e-44 -2.14146e-47   5.8107e-46
 2.02761e-37 -3.24103e-34  2.29785e-36  1.24765e-33   5.7876e-36 -2.67916e-34  2.57073e-36  1.99631e-34  9.76108e-36  -2.6001e-34  1.00643e-35    1.714e-34  6.07283e-36 -3.58135e-35  3.73867e-36   7.8904e-35  1.22773e-36  3.49754e-35 -8.21717e-36  1.90042e-34  1.68775e-36 -4.91647e-35  2.76382e-36  5.84533e-35  7.70053e-37 -4.54659e-35  1.19452e-36 -1.87576e-35 -2.27598e-37  3.23373e-36  3.24462e-37 -6.60884e-36  -4.4594e-37 -2.98143e-36 -1.12663e-37  4.26003e-36  1.44329e-37  -1.5659e-36  -1.9438e-37   6.6867e-37 -2.22342e-38  5.93253e-37  5.58328e-38  -1.9629e-37 -1.54019e-38 -1.14736e-37  6.78194e-39  9.21454e-38 -1.17951e-39  -3.5272e-38 -3.29661e-40  2.79263e-38  1.06578e-39 -1.80635e-39 -3.38093e-40  1.95419e-39  1.87373e-40 -3.91063e-39  4.61183e-41  3.95355e-39 -4.82032e-41 -1.12425e-38  2.73958e-43   3.1928e-38  1.96006e-41 -8.24237e-38 -5.91968e-41   1.9714e-37  1.47182e-40 -4.32403e-37 -3.73356e-40   8.6623e-37  8.87541e-40 -1.57714e-36 -1.97416e-39  2.59476e-36  4.10142e-39 -3.83017e-36 -7.94905e-39  5.02654e-36  1.43484e-38 -5.79437e-36 -2.40745e-38  5.76926e-36  3.74619e-38 -4.83721e-36 -5.39218e-38  3.27042e-36  7.15743e-38  -1.6251e-36 -8.73013e-38  4.26751e-37    9.744e-38  1.25092e-37 -9.90259e-38 -1.93638e-37  9.10874e-38  8.41691e-38 -7.52802e-38  -1.2041e-39  5.53864e-38 -1.60979e-38 -3.58406e-38  6.88219e-39  2.00599e-38 -4.41857e-40 -9.46893e-39 -3.22605e-40  3.60795e-39 -7.52939e-41 -1.00629e-39  1.03282e-40  1.38685e-40 -2.78171e-41  3.81537e-41  3.37543e-42 -3.22545e-41 -6.14314e-43  1.12498e-41   1.5585e-43 -2.40358e-42 -1.58339e-44  3.11047e-43  5.27076e-46 -1.99675e-44 -1.15652e-47
-5.35084e-35  7.74088e-37 -3.20507e-34   5.7876e-36  1.53723e-33  1.10651e-35 -2.92071e-34  2.52948e-36  4.07022e-34  1.46676e-35 -5.49116e-34  2.19318e-35  1.21349e-34   7.8312e-36  -1.4124e-34  4.79524e-37  1.19522e-34 -1.94198e-36  6.14843e-35 -1.56189e-35   2.7777e-34  1.93563e-36 -7.61837e-35  2.93259e-36  7.40924e-35  2.22827e-36 -4.88856e-35  1.24339e-36 -3.59728e-35 -5.90084e-37  9.53862e-36  1.07845e-36 -1.19042e-35 -7.81146e-37 -5.70908e-36 -2.03953e-37   6.3589e-36  2.78163e-37 -2.40047e-36 -3.13923e-37  3.16617e-37 -4.35997e-38  1.14203e-36  8.99321e-38 -2.21171e-37   -3.112e-38 -2.21956e-37  1.64333e-38  1.87912e-37 -3.62992e-39 -7.90006e-38 -1.32446e-40   5.3159e-38  1.72923e-39 -5.25929e-39 -5.25842e-40   1.1381e-38  4.18609e-40 -2.58982e-38  6.54028e-41  6.30513e-38 -7.35981e-41 -1.83389e-37   -4.825e-41    4.975e-37  1.93613e-40 -1.24063e-36 -5.55794e-40  2.84274e-36  1.43613e-39 -5.95917e-36 -3.52564e-39    1.138e-35  8.10573e-39  -1.9694e-35 -1.74312e-38  3.06885e-35  3.50126e-38 -4.27115e-35 -6.55934e-38  5.25366e-35  1.14414e-37 -5.63002e-35 -1.85444e-37  5.14852e-35  2.78644e-37 -3.88658e-35   -3.871e-37  2.27425e-35  4.95664e-37 -8.73478e-36 -5.82881e-37  5.01933e-37  6.26868e-37  1.99649e-36 -6.13529e-37 -1.38802e-36  5.43262e-37  3.14922e-37 -4.32146e-37  1.31185e-37  3.06142e-37 -1.11153e-37 -1.91035e-37  2.06994e-38  1.03495e-37  5.84728e-39  -4.7708e-38 -1.87535e-39  1.81452e-38 -8.51331e-40 -5.39091e-39  4.47431e-40   1.0984e-39 -5.80339e-41 -7.67961e-41  3.13866e-42 -4.05673e-41  -1.8549e-42  1.78166e-41  3.80542e-43 -3.57621e-42 -1.73075e-44  3.74263e-43  1.28043e-46 -1.41018e-44
 7.12603e-37 -2.86118e-35  1.72947e-36 -2.67916e-34  1.10651e-35  1.89548e-33  1.63975e-35 -4.24716e-34   1.3637e-36  6.09158e-34   2.1041e-35 -8.23473e-34  4.29058e-35 -5.84883e-35  1.18191e-35 -2.33155e-34 -4.98833e-36  1.85118e-34 -9.13796e-36   7.6169e-35  -2.4046e-35  3.79848e-34  2.01225e-36 -1.07599e-34  1.41988e-36  8.93651e-35  4.70984e-36 -4.17742e-35  7.37489e-37 -5.61945e-35 -1.03202e-36  1.87764e-35  2.27366e-36 -1.85422e-35  -1.2163e-36 -8.27296e-36 -3.67147e-37  8.40175e-36  4.66237e-37 -3.33097e-36 -4.47361e-37 -7.59051e-37 -7.22306e-38  1.97315e-36  1.32001e-37 -1.99841e-37 -5.56102e-38 -4.00544e-37  3.31007e-38  3.33179e-37 -7.88725e-39 -1.51585e-37  6.88061e-40  9.39504e-38   2.4157e-39  -3.2455e-38 -6.83268e-40  1.05291e-37  8.50679e-40 -3.15719e-37  2.82116e-41  9.29627e-37  3.93103e-41 -2.62009e-36 -5.59944e-40  6.81628e-36  1.72453e-39 -1.62998e-35 -4.70249e-39  3.57234e-35  1.18958e-38 -7.14714e-35 -2.82579e-38   1.2992e-34  6.28441e-38 -2.13338e-34 -1.30691e-37  3.14166e-34  2.53795e-37 -4.11071e-34 -4.59515e-37  4.72044e-34  7.74299e-37 -4.67569e-34 -1.21171e-36  3.89128e-34   1.7568e-36 -2.59978e-34 -2.35328e-36   1.2616e-34  2.90309e-36 -3.02865e-35 -3.28608e-36 -1.24166e-35  3.39828e-36  1.63327e-35 -3.19466e-36 -6.73999e-36  2.71395e-36 -2.18639e-38 -2.06879e-36  1.27889e-36  1.40293e-36 -4.74822e-37 -8.37382e-37 -2.09803e-38  4.33959e-37   4.9061e-38 -1.91725e-37  -1.4907e-39  7.03544e-38 -5.52784e-39 -2.05764e-38  1.22158e-39  4.43395e-39 -5.01384e-42 -5.64117e-40  2.88786e-42 -1.11032e-41 -6.39986e-42  2.13489e-41   6.2068e-43 -4.14991e-42 -1.18321e-45   3.2495e-43   1.9293e-47
 1.59674e-34  2.49923e-36  4.65708e-35  2.57073e-36 -2.92071e-34  1.63975e-35  2.36433e-33  1.79018e-35  -5.8745e-34 -8.13129e-38  7.57642e-34  3.05753e-35 -1.06487e-33  7.36485e-35 -3.77537e-34  1.92568e-35 -2.66931e-34  -1.0281e-35  2.59538e-34 -2.11355e-35  6.17237e-35 -3.13379e-35  5.01594e-34  2.40257e-36 -1.39883e-34  -2.3971e-36  1.06683e-34  7.85219e-36  -2.2519e-35 -4.73244e-37 -7.57526e-35 -1.46708e-36  2.94072e-35  3.76225e-36 -2.58003e-35  -1.7114e-36 -9.12089e-36 -6.42788e-37  1.01421e-35  7.07139e-37  -4.3145e-36 -5.88344e-37 -2.77686e-36 -1.05607e-37  3.17233e-36  1.80806e-37 -1.54066e-37 -8.99942e-38 -6.63603e-37  5.78512e-38  5.32321e-37 -1.43228e-38 -2.75959e-37  2.69851e-39   2.3437e-37  3.09193e-39 -3.96196e-37 -8.31422e-40  1.34611e-36  1.67676e-39 -4.21399e-36 -4.35651e-40  1.23178e-35  1.38783e-39 -3.33686e-35 -4.71374e-39  8.32276e-35  1.33579e-38 -1.90532e-34 -3.50349e-38  3.98955e-34   8.5934e-38 -7.60789e-34 -1.97537e-37  1.31436e-33  4.24997e-37 -2.04383e-33 -8.54743e-37  2.83713e-33  1.60464e-36 -3.47818e-33 -2.80733e-36    3.711e-33  4.56829e-36 -3.37298e-33 -6.89929e-36  2.52291e-33  9.64601e-36 -1.45258e-33 -1.24487e-35  5.35572e-34  1.47804e-35 -8.34942e-36 -1.60829e-35 -1.40833e-34  1.59671e-35  9.17651e-35 -1.43886e-35 -1.89553e-35  1.16975e-35 -9.36122e-36 -8.51729e-36  7.03367e-36  5.50609e-36 -9.46833e-37 -3.12641e-36 -5.84126e-37  1.53819e-36  1.81152e-37 -6.44205e-37  3.81747e-38  2.24116e-37 -2.15597e-38 -6.24557e-38  1.12001e-39  1.31098e-38  3.45314e-40 -1.81271e-39  4.74799e-41  9.22217e-41 -1.61875e-41  1.82257e-41  3.63893e-43 -3.71285e-42  1.76287e-44  1.80479e-43
 7.26976e-37  1.51109e-34  5.62482e-36  1.99631e-34  2.52948e-36 -4.24716e-34  1.79018e-35   2.9516e-33  1.03199e-35 -6.63409e-34 -4.66776e-37  8.35566e-34  4.51137e-35 -1.26867e-33   1.1125e-34 -8.08437e-34  2.90995e-35 -2.17922e-34 -1.14584e-35  3.09733e-34    -3.76e-35  8.83323e-37 -3.53371e-35  6.46105e-34  3.80623e-36 -1.68183e-34 -8.40798e-36  1.25865e-34  1.08065e-35  9.76636e-36 -2.28259e-36 -9.11722e-35 -1.84756e-36  3.89702e-35  5.24358e-36 -3.28064e-35 -2.19938e-36 -6.46853e-36 -1.06385e-36  1.15382e-35  9.95118e-37 -5.33353e-36 -7.41747e-37 -5.83999e-36 -1.41463e-37   4.8454e-36  2.34429e-37 -1.39584e-37 -1.33652e-37 -1.01537e-36   9.0246e-38  8.43662e-37 -2.31888e-38 -7.53431e-37   6.5233e-39  1.64086e-36  4.00038e-39  -5.2152e-36 -1.28808e-39  1.71902e-35  3.76803e-39 -5.23904e-35 -3.85156e-39  1.47686e-34  1.15174e-38 -3.83899e-34 -3.37918e-38  9.17312e-34  9.15897e-38 -2.00831e-33 -2.32158e-37  4.01294e-33  5.51358e-37 -7.28359e-33 -1.22655e-36   1.1938e-32  2.55301e-36 -1.75398e-32 -4.96553e-36  2.28837e-32  9.01089e-36 -2.61793e-32 -1.52299e-35  2.57993e-32  2.39265e-35 -2.13134e-32 -3.48585e-35  1.40709e-32  4.69709e-35 -6.66422e-33 -5.83606e-35  1.44492e-33  6.66291e-35  7.99532e-34 -6.96166e-35 -9.26577e-34  6.62592e-35  3.59795e-34 -5.71364e-35  1.31462e-35   4.4356e-35 -7.27538e-35 -3.07674e-35  2.39807e-35  1.88968e-35  2.86931e-36 -1.01629e-35 -3.22906e-36   4.7199e-36  1.78534e-37 -1.85909e-36  2.64208e-37   6.0609e-37 -4.53104e-38 -1.57913e-37 -5.84589e-39  3.10972e-38  7.24475e-40  -4.1624e-39  2.53841e-40  2.78781e-40 -2.19982e-41  8.65387e-42 -6.73661e-43 -2.45344e-42  5.82358e-45
-2.75061e-35  1.95853e-36 -4.13518e-36  9.76108e-36  4.07022e-34   1.3637e-36  -5.8745e-34  1.03199e-35  3.64278e-33 -1.07358e-35 -5.97751e-34  3.57768e-37  8.52537e-34  6.57339e-35 -1.41821e-33  1.49268e-34 -1.29513e-33  3.81065e-35 -8.75207e-35 -4.38386e-36  2.97782e-34 -5.72622e-35 -1.15446e-34  -3.4784e-35  8.07208e-34  6.90267e-36 -1.86513e-34 -1.56738e-35    1.423e-34  1.24609e-35  5.60412e-35 -4.26578e-36 -1.00749e-34 -2.19775e-36  4.51809e-35  6.35482e-36 -3.91601e-35 -2.59346e-36  1.19438e-36 -1.64016e-36  1.27452e-35  1.32013e-36 -6.37069e-36  -9.2052e-37 -9.92298e-36 -1.80303e-37  7.08947e-36  2.89998e-37 -1.90883e-37 -1.83561e-37 -1.64523e-36  1.28443e-37  2.24314e-36 -3.46216e-38 -5.56685e-36  1.25283e-38  1.89437e-35  6.09354e-39 -6.41332e-35 -3.81819e-39  2.03533e-34  1.23712e-38 -5.97136e-34 -2.62878e-38  1.61672e-33    7.719e-38 -4.02915e-33 -2.15588e-37  9.21529e-33  5.64217e-37  -1.9274e-32 -1.38418e-36   3.6705e-32  3.18257e-36 -6.33082e-32  -6.8522e-36  9.82457e-32  1.37987e-35 -1.36035e-31  -2.5954e-35  1.66232e-31  4.55222e-35 -1.76597e-31 -7.43172e-35  1.59546e-31  1.12687e-34 -1.18243e-31 -1.58312e-34  6.69669e-32   2.0549e-34 -2.36382e-32 -2.45646e-34 -7.16933e-34  2.69447e-34  7.08839e-33 -2.70046e-34 -4.34111e-33  2.46083e-34  7.90557e-34 -2.02735e-34  4.96001e-34  1.49996e-34 -3.31716e-34  -9.8876e-35   3.2336e-35  5.75211e-35  3.30855e-35 -2.91893e-35   -9.348e-36  1.27332e-35 -1.74939e-36 -4.68586e-36  9.03004e-37   1.4184e-36  5.89316e-39 -3.40704e-37 -2.72428e-38  6.14434e-38 -1.25144e-39 -7.53963e-39  6.32235e-40    4.981e-40 -7.51708e-43 -2.10398e-42 -1.27725e-42 -1.05287e-42
 1.09513e-36  4.15006e-35  4.43423e-36  -2.6001e-34  1.46676e-35  6.09158e-34 -8.13129e-38 -6.63409e-34 -1.07358e-35   4.4232e-33 -4.59582e-35  -4.4355e-34 -1.55702e-37  8.24901e-34  9.25023e-35 -1.47353e-33  1.79169e-34 -1.77094e-33  4.25317e-35  1.03625e-34  1.36798e-35  1.96242e-34 -7.84812e-35 -2.82573e-34 -2.98805e-35  9.66574e-34  1.21743e-35 -1.88776e-34 -2.27438e-35  1.48639e-34  1.17976e-35  1.17581e-34 -5.77454e-36 -1.05531e-34 -2.59111e-36  4.73236e-35  6.78286e-36 -4.55825e-35 -2.79849e-36  1.46731e-35 -2.35166e-36  1.39472e-35  1.66803e-36 -7.37511e-36 -1.13549e-36 -1.48546e-35 -2.27071e-37  9.82963e-36  3.43921e-37  2.92672e-37 -2.34337e-37 -5.54683e-36  1.70041e-37  1.73018e-35 -4.85461e-38 -6.26733e-35  1.99987e-38  2.21158e-34  1.30476e-38 -7.28496e-34 -1.84097e-38  2.22327e-33  5.86346e-38 -6.26662e-33 -1.61113e-37  1.62782e-32  4.61388e-37 -3.88631e-32 -1.24518e-36   8.4999e-32  3.15425e-36 -1.69638e-31 -7.49321e-36  3.07449e-31  1.66812e-35 -5.03021e-31  -3.4763e-35  7.37429e-31  6.77319e-35 -9.59404e-31 -1.23199e-34  1.09355e-30  2.08842e-34 -1.07228e-30 -3.29275e-34  8.79372e-31  4.81779e-34 -5.73606e-31 -6.52459e-34  2.64888e-31  8.15427e-34 -5.09363e-32 -9.37275e-34 -3.77203e-32  9.86974e-34  3.93589e-32 -9.47884e-34 -1.43163e-32  8.25975e-34 -1.12023e-33 -6.49119e-34   3.1601e-33  4.56833e-34  -9.3437e-34  -2.8551e-34 -1.70545e-34  1.56866e-34  1.44767e-34  -7.4834e-35 -6.53837e-36  3.05197e-35 -1.09803e-35 -1.04291e-35  1.46083e-36  2.90645e-36  3.72403e-37 -6.35773e-37 -4.21646e-38  1.02942e-37 -9.73166e-39 -1.11465e-38   6.8091e-40   6.4674e-40  4.52499e-41 -7.57255e-42 -2.84097e-43
 4.31765e-35  2.84363e-36  1.28379e-34  1.00643e-35 -5.49116e-34   2.1041e-35  7.57642e-34 -4.66776e-37 -5.97751e-34 -4.59582e-35  5.27663e-33 -9.05988e-35 -3.20448e-34 -7.17519e-36  7.57831e-34   1.2485e-34 -1.38768e-33  1.92594e-34 -2.17676e-33  4.00424e-35  3.27526e-34  4.30842e-35   4.9169e-37 -9.97258e-35 -4.82583e-34 -2.23342e-35  1.09544e-33  1.98326e-35 -1.70865e-34 -2.82388e-35  1.38785e-34  8.28442e-36  1.95335e-34 -6.18616e-36 -1.09279e-34 -3.07987e-36   4.7235e-35  6.34593e-36 -5.41198e-35 -2.72593e-36  3.38583e-35 -3.15385e-36  1.51223e-35  2.02218e-36 -8.29721e-36 -1.38476e-36 -2.00119e-35 -2.90918e-37  1.11637e-35  3.93101e-37  9.93343e-36 -2.79234e-37 -4.96516e-35  2.13168e-37   1.9207e-34 -6.38235e-38 -7.06336e-34  2.36386e-38  2.41831e-33   4.2581e-38 -7.67161e-33 -1.00455e-37  2.25006e-32  3.13117e-37 -6.08841e-32 -9.03221e-37   1.5162e-31  2.51193e-36 -3.46467e-31 -6.56655e-36  7.23873e-31  1.61125e-35 -1.37675e-30  -3.7075e-35  2.37088e-30  7.99262e-35 -3.67217e-30 -1.61245e-34  5.07227e-30  3.04002e-34 -6.17871e-30 -5.34777e-34  6.53633e-30  8.76142e-34 -5.87012e-30 -1.33402e-33  4.31058e-30  1.88316e-33 -2.40047e-30 -2.45777e-33   8.0834e-31  2.95634e-33  6.61435e-32 -3.26555e-33 -2.75456e-31  3.29873e-33  1.58985e-31  -3.0329e-33 -2.47601e-32  2.52408e-33 -2.04062e-32 -1.88929e-33  1.22734e-32  1.26235e-33 -8.06944e-34 -7.46214e-34 -1.36536e-33  3.86062e-34  3.44828e-34 -1.72501e-34  7.29462e-35  6.54617e-35 -3.21531e-35 -2.06433e-35 -1.50449e-36  5.25218e-36  1.19454e-36 -1.03354e-36  4.49482e-38  1.47359e-37 -2.19968e-38 -1.35846e-38 -3.56812e-40   6.3286e-40  5.61465e-41 -5.87555e-42
 1.48539e-36  6.15501e-35  4.67339e-36    1.714e-34  2.19318e-35 -8.23473e-34  3.05753e-35  8.35566e-34  3.57768e-37  -4.4355e-34 -9.05988e-35  6.15805e-33 -1.35055e-34 -3.32241e-34 -2.65371e-35  6.42976e-34   1.6206e-34 -1.13817e-33  1.83652e-34 -2.47393e-33   3.0581e-35  5.57592e-34  8.17655e-35 -2.66527e-34 -1.19733e-34 -6.89805e-34 -1.48687e-35  1.15955e-33  2.98015e-35 -1.32967e-34 -3.14187e-35  1.11519e-34  2.18692e-36   2.8852e-34 -5.19923e-36 -1.17464e-34 -3.62004e-36   4.9299e-35  5.02024e-36 -6.76147e-35 -2.31115e-36  5.77571e-35 -3.99144e-36   1.6016e-35  2.36643e-36 -9.88196e-36 -1.64889e-36 -2.02701e-35 -3.83021e-37 -1.20175e-35  4.36879e-37  1.30158e-34 -3.11627e-37  -5.4912e-34   2.5629e-37  2.10249e-33 -7.32477e-38 -7.47983e-33 -4.20209e-39  2.46612e-32   1.8536e-37 -7.52281e-32 -5.35916e-37  2.11929e-31  1.63008e-36 -5.50142e-31 -4.64932e-36  1.31239e-30  1.25402e-35 -2.86766e-30 -3.17714e-35  5.71668e-30  7.55444e-35 -1.03466e-29 -1.68423e-34  1.68994e-29  3.51708e-34 -2.47222e-29 -6.87065e-34  3.20767e-29  1.25374e-33 -3.64313e-29 -2.13339e-33  3.55472e-29  3.37849e-33 -2.89406e-29 -4.96802e-33  1.86494e-29  6.76587e-33 -8.38763e-30 -8.50858e-33  1.39381e-30  9.84726e-33  1.39294e-30 -1.04478e-32 -1.32852e-30  1.01172e-32  4.51126e-31 -8.89657e-33  5.70812e-32  7.06255e-33 -1.09599e-31   -5.027e-33  2.91261e-32  3.18254e-33  7.14637e-33 -1.77498e-33 -5.00749e-33  8.62033e-34  1.23989e-34 -3.59355e-34  3.84174e-34   1.2626e-34 -3.99803e-35 -3.65027e-35 -1.51157e-35  8.40235e-36  1.46407e-36 -1.46777e-36  3.39986e-37  1.80334e-37 -1.81861e-38 -1.35779e-38 -1.90973e-39  4.54292e-40  7.85061e-42
 2.94547e-35  3.17957e-36  3.86747e-35  6.07283e-36  1.21349e-34  4.29058e-35 -1.06487e-33  4.51137e-35  8.52537e-34 -1.55702e-37 -3.20448e-34 -1.35055e-34  6.98301e-33 -1.67773e-34 -5.11252e-34 -6.20559e-35  4.68326e-34  2.03542e-34 -7.46536e-34  1.50451e-34 -2.64874e-33  1.59551e-35  7.69666e-34  1.25927e-34 -5.58567e-34 -1.37465e-34 -8.77262e-34 -1.03226e-35  1.12644e-33  4.16926e-35 -8.05213e-35  -3.2473e-35  7.14929e-35 -5.31934e-36  3.93188e-34 -3.01815e-36 -1.35736e-34 -4.04368e-36  5.93174e-35  2.92202e-36 -8.85307e-35  -1.5302e-36  8.44371e-35 -4.81289e-36  1.80069e-35  2.68716e-36 -2.34031e-35 -1.89381e-36  4.16019e-35 -5.13345e-37  -3.2051e-34  4.78483e-37    1.467e-33 -3.25157e-37 -5.85922e-33  2.91698e-37  2.16505e-32 -3.82787e-38 -7.41649e-32 -1.99486e-37  2.35212e-31  8.81595e-37 -6.89531e-31 -2.67738e-36   1.8647e-30  7.91759e-36 -4.64042e-30 -2.20023e-35   1.0595e-29  5.75492e-35 -2.21141e-29  -1.4137e-34  4.20085e-29   3.2589e-34  -7.2235e-29 -7.04299e-34  1.11676e-28  1.42533e-33 -1.53895e-28 -2.69746e-33  1.86895e-28  4.76628e-33   -1.969e-28 -7.84843e-33  1.75795e-28  1.20182e-32 -1.27906e-28 -1.70719e-32  7.00088e-29  2.24336e-32 -2.23959e-29 -2.71837e-32 -3.14416e-30  3.02646e-32  8.66478e-30 -3.08303e-32 -4.72399e-30  2.86012e-32  6.05179e-31 -2.40323e-32  6.77329e-31  1.81752e-32 -3.69765e-31 -1.22817e-32  1.30855e-32  7.35174e-33  4.47691e-32 -3.85824e-33 -1.00023e-32  1.75307e-33 -2.56771e-33 -6.78927e-34  9.62426e-34   2.1965e-34  7.50743e-35 -5.77965e-35 -3.90303e-35  1.19142e-35  -1.7813e-36 -1.81921e-36  6.64851e-37  1.87553e-37   1.9739e-38 -1.08931e-38 -1.84495e-39  2.11065e-40
 5.61066e-37  4.70204e-35  4.34521e-36 -3.58135e-35   7.8312e-36 -5.84883e-35  7.36485e-35 -1.26867e-33  6.57339e-35  8.24901e-34 -7.17519e-36 -3.32241e-34 -1.67773e-34  7.66308e-33 -1.79253e-34 -8.20086e-34 -1.13713e-34  2.25889e-34  2.48847e-34 -2.70297e-34  9.54093e-35 -2.70706e-33 -1.18232e-36  9.36975e-34   1.7094e-34 -8.17503e-34 -1.52108e-34 -1.02148e-33 -1.06036e-35  9.74491e-34  5.47557e-35 -2.25443e-35 -3.24155e-35  2.70004e-35 -1.23214e-35  5.01803e-34 -3.15442e-37 -1.68418e-34 -4.10783e-36  8.25527e-35  2.73144e-37 -1.17055e-34 -4.11781e-37  1.07419e-34 -5.57983e-36  4.61083e-35  2.97202e-36 -1.81129e-34 -2.07897e-36  7.94919e-34 -6.87439e-37 -3.68434e-33  5.23455e-37  1.53357e-32 -3.06284e-37 -5.88567e-32  2.72457e-37  2.09411e-31  2.25305e-37 -6.90242e-31 -1.18277e-36  2.10468e-30   4.0884e-36 -5.92614e-30 -1.23443e-35  1.53741e-29  3.54362e-35 -3.66489e-29  -9.5639e-35  8.00106e-29  2.42696e-34 -1.59332e-28 -5.78438e-34  2.88002e-28  1.29372e-33 -4.69651e-28 -2.71242e-33  6.85667e-28  5.32415e-33 -8.87334e-28 -9.76952e-33  1.00431e-27  1.67287e-32 -9.75228e-28 -2.66773e-32  7.88268e-28  3.95272e-32 -5.01763e-28 -5.42715e-32  2.19513e-28  6.88419e-32 -3.03414e-29 -8.03977e-32 -4.19757e-29   8.6108e-32  3.70061e-29  -8.4201e-32 -1.16906e-29   7.4792e-32 -2.12277e-30 -5.99961e-32  3.13756e-30   4.3171e-32 -7.47063e-31  -2.7647e-32 -2.35653e-31  1.56118e-32  1.41433e-31 -7.68715e-33 -8.44236e-35  3.25575e-33  -1.1286e-32 -1.16586e-33  9.05775e-34  3.45186e-34    4.763e-34 -8.19822e-35 -3.79105e-35  1.49546e-35 -1.03395e-35 -1.95836e-36  4.10387e-37  1.63474e-37  6.17033e-38 -6.66873e-39 -1.10029e-40
-1.14391e-35  1.28844e-36  5.96677e-35  3.73867e-36  -1.4124e-34  1.18191e-35 -3.77537e-34   1.1125e-34 -1.41821e-33  9.25023e-35  7.57831e-34 -2.65371e-35 -5.11252e-34 -1.79253e-34   8.1681e-33 -1.65419e-34 -1.19344e-33 -1.77599e-34 -9.05973e-35  2.97467e-34  2.24633e-34  2.44359e-35 -2.66179e-33 -1.82152e-35  1.02567e-33  2.12134e-34 -9.88153e-34  -1.6321e-34 -1.10574e-33 -1.58783e-35  7.01638e-34  6.78535e-35  3.26256e-35 -3.26557e-35 -1.42662e-35 -1.66206e-35  6.04465e-34   2.0211e-36 -2.17359e-34 -3.60576e-36  1.20541e-34 -2.62795e-36 -1.42286e-34  9.60799e-37  7.01511e-35 -6.26941e-36  3.90724e-34  3.20444e-36 -1.91479e-33 -2.16676e-36  8.77927e-33 -9.02952e-37  -3.7819e-32  5.68453e-37  1.50716e-31  -1.9675e-37  -5.5685e-31 -2.46092e-38  1.90696e-30  1.50662e-36 -6.04564e-30 -5.51699e-36   1.7715e-29  1.76346e-35 -4.78812e-29 -5.20472e-35   1.1908e-28  1.45037e-34 -2.71676e-28 -3.80155e-34  5.66523e-28  9.36876e-34 -1.07497e-27 -2.16901e-33  1.84589e-27  4.71283e-33  -2.8488e-27 -9.59905e-33  3.91705e-27  1.83014e-32 -4.74309e-27 -3.26082e-32   4.9771e-27  5.41886e-32 -4.41803e-27 -8.38021e-32  3.18507e-27  1.20296e-31 -1.71278e-27  -1.5982e-31   5.1798e-28  1.95865e-31  1.07623e-28 -2.20596e-31 -2.27709e-28  2.27358e-31  1.17487e-28 -2.13404e-31 -1.16688e-29  1.81423e-31 -1.86911e-29  -1.3882e-31  9.32749e-30   9.4914e-32 -4.38331e-32 -5.74972e-32 -1.21785e-30  3.05523e-32  2.38696e-31  -1.4069e-32  7.55849e-32  5.53121e-33 -2.43603e-32 -1.82163e-33 -2.59816e-33  4.90109e-34  1.03682e-33 -1.04043e-34  6.15145e-35  1.65511e-35 -1.72756e-35 -1.81343e-36 -7.08385e-37  1.16243e-37  4.87797e-38 -2.71697e-39
 1.23736e-37 -7.78498e-36  1.82735e-36   7.8904e-35  4.79524e-37 -2.33155e-34  1.92568e-35 -8.08437e-34  1.49268e-34 -1.47353e-33   1.2485e-34  6.42976e-34 -6.20559e-35 -8.20086e-34 -1.65419e-34  8.56745e-33 -1.28943e-34 -1.58141e-33 -2.47243e-34 -4.92048e-34  3.48308e-34  6.90285e-34 -5.45359e-35 -2.51982e-33 -3.30354e-35  9.97913e-34  2.45414e-34 -1.03228e-33 -1.70836e-34 -1.12287e-33 -2.43508e-35   3.3015e-34  7.95401e-35  8.24307e-35 -3.44502e-35  -4.9127e-35 -1.63402e-35  6.91206e-34  3.23622e-36 -2.79308e-34 -2.48825e-36  1.54414e-34 -5.42949e-36 -5.10111e-35  2.46079e-36 -6.32483e-34 -6.87047e-36  4.13291e-33  3.35645e-36 -1.98175e-32  -2.1316e-36  8.81539e-32 -1.14066e-36 -3.64487e-31  5.59992e-37  1.39812e-30  2.47305e-37  -4.9731e-30 -1.48345e-36  1.63865e-29  6.76591e-36 -4.99464e-29 -2.24823e-35  1.40569e-28  6.89252e-35 -3.64476e-28 -1.98001e-34  8.68266e-28  5.36234e-34 -1.89406e-27 -1.36696e-33  3.76814e-27   3.2781e-33 -6.80294e-27 -7.38846e-33  1.10771e-26  1.56338e-32 -1.61413e-26 -3.10142e-32   2.0837e-26   5.7588e-32 -2.35055e-26 -9.98954e-32   2.2718e-26  1.61525e-31 -1.82323e-26 -2.42835e-31  1.14629e-26  3.38467e-31 -4.87158e-27 -4.35955e-31  5.27162e-28  5.17016e-31  1.06233e-27 -5.62237e-31 -8.73267e-28   5.5806e-31  2.55608e-28 -5.02947e-31  6.25205e-29  4.09141e-31 -7.60154e-29 -2.98395e-31  1.61086e-29  1.93591e-31  6.41544e-30 -1.10709e-31 -3.36877e-30  5.52036e-32 -8.53986e-32 -2.36871e-32   2.8178e-31  8.60364e-33 -1.66179e-32 -2.58988e-33 -1.24414e-32   6.2795e-34  7.81696e-34 -1.17752e-34  2.70336e-34  1.60366e-35   -7.593e-36 -1.42046e-36 -1.63942e-36  6.38754e-38  -1.0507e-39
 2.22509e-35 -6.25983e-37  9.18698e-36  1.22773e-36  1.19522e-34 -4.98833e-36 -2.66931e-34  2.90995e-35 -1.29513e-33  1.79169e-34 -1.38768e-33   1.6206e-34  4.68326e-34 -1.13713e-34 -1.19344e-33 -1.28943e-34  9.01823e-33 -7.81112e-35 -1.96673e-33 -3.15256e-34 -9.93401e-34  3.98962e-34  1.10584e-33 -1.33141e-34 -2.27559e-33 -4.42545e-35  8.24471e-34  2.67799e-34 -9.37995e-34 -1.75567e-34 -1.07756e-33 -3.27786e-35 -9.59474e-35  8.82896e-35  1.33223e-34 -3.84658e-35 -7.98491e-35 -1.04843e-35  7.50625e-34   2.9875e-36 -3.18241e-34 -9.29949e-37 -2.74911e-35 -7.75796e-36  1.34732e-33    3.941e-36 -8.27974e-33 -7.37661e-36   4.2119e-32  3.38492e-36 -1.94562e-31 -1.97144e-36  8.34363e-31 -1.33546e-36 -3.32199e-30  2.76529e-37  1.22703e-29  1.85176e-36 -4.20084e-29 -6.93629e-36  1.33135e-28  2.50789e-35 -3.89961e-28 -7.94844e-35  1.05351e-27  2.36109e-34 -2.61858e-27 -6.60636e-34   5.9701e-27  1.74399e-33  -1.2439e-26 -4.33945e-33  2.35785e-26  1.01693e-32 -4.04359e-26 -2.24192e-32  6.23042e-26  4.64312e-32 -8.54874e-26 -9.01819e-32  1.03227e-25  1.63937e-31 -1.07903e-25 -2.78278e-31  9.52433e-26  4.39933e-31 -6.80382e-26 -6.45833e-31  3.59325e-26  8.77516e-31 -1.02145e-26 -1.09953e-30 -2.92372e-27  1.26539e-30  5.11388e-27 -1.33152e-30 -2.50068e-27  1.27467e-30  1.73261e-28  -1.1039e-30  4.38795e-28  8.59352e-31 -2.01235e-28 -5.96989e-31  -5.4565e-30  3.66998e-31  2.82202e-29 -1.97688e-31 -4.80679e-30  9.22146e-32 -1.88574e-30 -3.67164e-32  5.28104e-31  1.22536e-32  7.18456e-32 -3.34705e-33 -2.33013e-32  7.24077e-34 -1.76318e-33 -1.18186e-34  3.87064e-34  1.34457e-35  2.00267e-35  -9.1406e-37 -1.08015e-36  2.35914e-38
 1.28967e-37   5.8991e-35 -3.16748e-36  3.49754e-35 -1.94198e-36  1.85118e-34  -1.0281e-35 -2.17922e-34  3.81065e-35 -1.77094e-33  1.92594e-34 -1.13817e-33  2.03542e-34  2.25889e-34 -1.77599e-34 -1.58141e-33 -7.81112e-35  9.70504e-33  -2.3927e-35 -2.35402e-33 -3.74429e-34  -1.6013e-33  4.45171e-34  1.46803e-33 -2.03958e-34  -1.9146e-33  -5.1365e-35  5.01259e-34   2.7787e-34   -7.218e-34 -1.78241e-34 -9.86328e-34 -3.75639e-35 -5.21169e-34  9.28503e-35  1.98394e-34 -4.46124e-35 -1.05363e-34  7.58664e-37  7.23068e-34  1.43881e-36  4.22254e-35  7.01549e-37 -2.64123e-33 -9.27051e-36  1.61948e-32  5.26165e-36 -8.47365e-32 -7.77874e-36  4.07022e-31  3.23584e-36 -1.81135e-30 -1.72307e-36  7.48438e-30 -1.33314e-36 -2.87009e-29 -8.09966e-37  1.02064e-28  6.39554e-36 -3.36212e-28 -2.20722e-35  1.02444e-27  7.36219e-35 -2.88202e-27 -2.25878e-34  7.46909e-27  6.54602e-34 -1.77827e-26 -1.79519e-33  3.87639e-26  4.65959e-33 -7.70511e-26 -1.14336e-32  1.38955e-25  2.64858e-32 -2.25945e-25 -5.78163e-32  3.28656e-25  1.18673e-31 -4.23276e-25 -2.28476e-31  4.75966e-25   4.1145e-31 -4.57934e-25 -6.90989e-31   3.6495e-25  1.07868e-30 -2.26613e-25 -1.55978e-30  9.34282e-26   2.0814e-30  -7.0925e-27 -2.55274e-30 -2.30593e-26  2.86484e-30  1.77974e-26 -2.92777e-30 -4.80291e-27  2.71014e-30   -1.525e-27 -2.25872e-30  1.58863e-27  1.68348e-30 -2.96675e-28 -1.11344e-30 -1.48308e-28   6.4764e-31  6.91218e-29 -3.27795e-31  3.63497e-30  1.42534e-31 -6.07054e-30 -5.24088e-32  2.36654e-31  1.59682e-32  2.78019e-31  -3.9236e-33 -1.30602e-32  7.48092e-34 -6.11163e-33 -1.04291e-34  1.09245e-34  9.57501e-36  3.71312e-35 -4.56689e-37   1.1411e-37
-5.94137e-36  5.42593e-37  1.15806e-34 -8.21717e-36  6.14843e-35 -9.13796e-36  2.59538e-34 -1.14584e-35 -8.75207e-35  4.25317e-35 -2.17676e-33  1.83652e-34 -7.46536e-34  2.48847e-34 -9.05973e-35 -2.47243e-34 -1.96673e-33  -2.3927e-35   1.0763e-32  2.31409e-35 -2.74747e-33 -4.18221e-34 -2.29573e-33  4.81111e-34  1.77232e-33 -2.61516e-34 -1.42403e-33 -5.48402e-35  6.00453e-35  2.75966e-34 -4.22358e-34 -1.79516e-34 -8.74003e-34 -3.60183e-35 -8.92045e-34  9.26145e-35  2.81903e-34 -5.21722e-35 -3.76515e-35  1.60832e-35 -2.40222e-35 -8.57284e-37  4.71755e-33  1.97084e-36 -2.99929e-32 -9.72431e-36  1.62413e-31  6.31273e-36 -8.08726e-31 -8.05462e-36  3.73522e-30  2.83753e-36 -1.60165e-29 -1.38555e-36  6.37549e-29 -1.24075e-36 -2.35442e-28 -2.09561e-36  8.05867e-28  1.11931e-35 -2.55329e-27 -3.66994e-35  7.47624e-27  1.17999e-34 -2.01895e-26 -3.57762e-34  5.01578e-26  1.04273e-33 -1.14286e-25 -2.91829e-33  2.37943e-25  7.81414e-33 -4.50612e-25 -1.99145e-32  7.71872e-25  4.80455e-32 -1.18753e-24  -1.0916e-31  1.62622e-24  2.32442e-31 -1.95851e-24 -4.61879e-31  2.03969e-24  8.53112e-31 -1.79052e-24 -1.45938e-30  1.26754e-24  2.30409e-30  -6.5719e-25 -3.34564e-30  1.74439e-25   4.4518e-30  6.60718e-26 -5.40737e-30 -9.98318e-26  5.97025e-30  4.63188e-26 -5.96365e-30 -1.75312e-27  5.36098e-30 -8.92071e-27 -4.31093e-30  3.77467e-27  3.07952e-30  2.28456e-28 -1.93858e-30 -5.67377e-28  1.06527e-30  8.29499e-29 -5.05216e-31   4.0541e-29  2.03947e-31 -9.93794e-30 -6.88642e-32 -1.66844e-30  1.90102e-32  4.53144e-31 -4.15786e-33   4.2498e-32  6.87972e-34 -7.54636e-33  -7.9859e-35 -4.74141e-34  5.61301e-36  2.05107e-35 -1.53697e-37
 3.31311e-37 -1.46484e-35  1.15461e-36  1.90042e-34 -1.56189e-35   7.6169e-35 -2.11355e-35  3.09733e-34 -4.38386e-36  1.03625e-34  4.00424e-35 -2.47393e-33  1.50451e-34 -2.70297e-34  2.97467e-34 -4.92048e-34 -3.15256e-34 -2.35402e-33  2.31409e-35  1.22191e-32  5.55289e-35 -3.13563e-33 -4.41212e-34  -3.0166e-33   5.0073e-34  1.99737e-33 -3.02822e-34 -8.04203e-34 -5.59788e-35 -4.34997e-34  2.63931e-34 -8.74884e-35 -1.79444e-34 -7.68531e-34 -2.73252e-35 -1.15406e-33  8.78625e-35   2.4664e-34 -6.01306e-35  1.15106e-33  3.34767e-35  -8.0723e-33 -3.21796e-36  5.26941e-32  2.54534e-36 -2.95999e-31 -9.04012e-36  1.52917e-30  7.01278e-36 -7.32759e-30 -8.10701e-36  3.26051e-29  1.86061e-36 -1.34705e-28  1.73769e-37   5.1648e-28 -5.77089e-36 -1.83633e-27  1.42136e-35  6.04772e-27 -4.60996e-35 -1.84223e-26  1.51765e-34  5.18098e-26 -4.52743e-34 -1.34216e-25  1.23336e-33  3.19387e-25 -3.02409e-33 -6.95789e-25   6.5621e-33  1.38195e-24  -1.2171e-32 -2.48978e-24  1.76277e-32  4.04339e-24 -1.30592e-32 -5.87184e-24 -2.84239e-32  7.54583e-24   1.6365e-31 -8.45962e-24 -4.90309e-31  8.10365e-24  1.14371e-30 -6.41409e-24 -2.26384e-30  3.93352e-24  3.92506e-30 -1.57098e-24 -6.04539e-30  6.45373e-26  8.32386e-30  4.36245e-25 -1.02686e-29 -3.17923e-25  1.13458e-29  7.86283e-26 -1.12038e-29  3.16927e-26  9.85191e-30 -2.90682e-26 -7.67587e-30  4.71947e-27  5.26521e-30  2.96832e-27 -3.15465e-30 -1.24079e-27  1.63501e-30 -1.00671e-28 -7.24305e-31  1.14432e-28  2.70166e-31 -2.25589e-30   -8.322e-32 -5.41742e-30  2.06254e-32  1.73527e-31  -3.9635e-33  1.20807e-31  5.57799e-34 -1.03134e-33 -5.20004e-35 -7.32345e-34  2.55357e-36 -4.01144e-36
 9.86583e-36  9.25092e-37 -2.85858e-35  1.68775e-36   2.7777e-34  -2.4046e-35  6.17237e-35    -3.76e-35  2.97782e-34  1.36798e-35  3.27526e-34   3.0581e-35 -2.64874e-33  9.54093e-35  2.24633e-34  3.48308e-34 -9.93401e-34 -3.74429e-34 -2.74747e-33  5.55289e-35  1.39744e-32  6.95215e-35 -3.49206e-33 -4.39998e-34 -3.66449e-33  4.99752e-34  2.10089e-33 -3.27353e-34  -7.4406e-35 -5.63566e-35 -9.06227e-34  2.44394e-34  2.43533e-34 -1.77252e-34 -7.16616e-34  -1.2864e-35 -1.07506e-33  7.97687e-35 -1.49963e-33 -6.75496e-35  1.40315e-32  5.08139e-35 -8.83408e-32 -5.10585e-36   5.1373e-31  2.33659e-36  -2.7541e-30 -7.31721e-36   1.3694e-29  7.20062e-36 -6.32261e-29 -7.27513e-36  2.71083e-28  -2.3562e-36 -1.07894e-27  1.36561e-35  3.98386e-27 -5.59438e-35 -1.36335e-26  1.94296e-34  4.31866e-26 -6.51257e-34  -1.2642e-25  2.04807e-33  3.41283e-25 -5.98125e-33  -8.4752e-25  1.62125e-32  1.93011e-24 -4.06742e-32 -4.01591e-24  9.41516e-32  7.59908e-24 -2.00198e-31 -1.30032e-23  3.88542e-31  1.99784e-23 -6.81593e-31 -2.73094e-23  1.06339e-30  3.28086e-23 -1.43123e-30 -3.40491e-23  1.54736e-30  2.97315e-23  -1.0315e-30 -2.08602e-23 -5.54794e-31  1.06147e-23  3.50927e-30 -2.61013e-24  -7.7311e-30 -1.27767e-24   1.2551e-29  1.71672e-24 -1.68195e-29 -7.56385e-25  1.93077e-29  3.65462e-27 -1.92599e-29  1.59264e-25  1.67735e-29 -6.23644e-26 -1.27477e-29 -5.98009e-27  8.42128e-30  1.00365e-26 -4.80362e-30 -1.23794e-27  2.34393e-30 -7.62192e-28 -9.66361e-31  1.64266e-28  3.31216e-31  3.34025e-29 -9.23505e-32 -7.74096e-30  2.03234e-32 -8.79298e-31 -3.37544e-33  1.29357e-31  3.93219e-34  9.67982e-33 -2.78545e-35 -3.38896e-34  7.79499e-37
 9.71525e-38   2.3821e-35  1.84368e-36 -4.91647e-35  1.93563e-36  3.79848e-34 -3.13379e-35  8.83323e-37 -5.72622e-35  1.96242e-34  4.30842e-35  5.57592e-34  1.59551e-35 -2.70706e-33  2.44359e-35  6.90285e-34  3.98962e-34  -1.6013e-33 -4.18221e-34 -3.13563e-33  6.95215e-35  1.58308e-32  6.50088e-35 -3.78972e-33 -4.14451e-34 -4.11744e-33  4.77464e-34  2.02804e-33  -3.3655e-34  7.29718e-34 -5.69989e-35 -1.29273e-33  2.19834e-34  5.83634e-34 -1.71444e-34 -1.03754e-33  4.19295e-36  1.67662e-33  7.01459e-35 -2.11332e-32 -7.38298e-35  1.41739e-31  6.64157e-35 -8.50489e-31  -6.2996e-36  4.73021e-30  1.52728e-36 -2.44066e-29 -4.66591e-36  1.16929e-28  5.87734e-36 -5.20238e-28 -1.03338e-36  2.14913e-27 -2.84045e-35 -8.23922e-27  1.11792e-34  2.92904e-26 -4.17859e-34 -9.64481e-26  1.44725e-33  2.93736e-25 -4.70494e-33 -8.25869e-25  1.42915e-32  2.13876e-24 -4.04691e-32 -5.08741e-24  1.06715e-31  1.10772e-23 -2.61606e-31 -2.19866e-23  5.94963e-31  3.95782e-23 -1.25195e-30 -6.42031e-23  2.42901e-30  9.30983e-23 -4.32519e-30 -1.19399e-22  7.02344e-30  1.33481e-22 -1.03052e-29 -1.27333e-22  1.34661e-29  1.00116e-22 -1.52778e-29 -6.06404e-23  1.42579e-29  2.34268e-23  -9.2957e-30 -8.08217e-26  4.20307e-31 -7.28432e-24  1.07496e-29  5.03645e-24 -2.13254e-29 -1.13321e-24  2.82833e-29 -5.72322e-25 -2.98577e-29  4.71254e-25  2.63363e-29 -6.53029e-26 -1.97345e-29 -5.21903e-26  1.26111e-29  1.97215e-26 -6.85236e-30  2.19253e-27  3.14125e-30  -1.9099e-27  -1.2001e-30  1.67355e-30  3.75513e-31  9.33054e-29 -9.38985e-32 -1.66722e-30  1.81026e-32 -2.11166e-30 -2.54393e-33 -4.56628e-34  2.36033e-34  1.27619e-32 -1.15438e-35   1.0023e-34
 -8.6686e-36  1.06121e-37  4.11152e-35  2.76382e-36 -7.61837e-35  2.01225e-36  5.01594e-34 -3.53371e-35 -1.15446e-34 -7.84812e-35   4.9169e-37  8.17655e-35  7.69666e-34 -1.18232e-36 -2.66179e-33 -5.45359e-35  1.10584e-33  4.45171e-34 -2.29573e-33 -4.41212e-34 -3.49206e-33  6.50088e-35  1.75519e-32  4.46816e-35 -4.02044e-33  -3.6865e-34 -4.25837e-33  4.37434e-34  1.72776e-33 -3.33028e-34  1.56894e-33 -5.76325e-35  -1.6143e-33  1.91803e-34  1.35092e-33 -1.60234e-34 -5.01326e-33  1.98403e-35  3.06619e-32  6.10112e-35 -2.15036e-31  -7.8773e-35  1.34406e-30  7.93772e-35 -7.75573e-30 -6.86404e-36  4.15279e-29  3.08283e-37  -2.0645e-28 -1.36432e-37  9.53135e-28 -3.42467e-36 -4.08634e-27  3.85959e-35  1.62629e-26  -1.8838e-34 -6.00433e-26    7.165e-34  2.05454e-25 -2.57602e-33 -6.50715e-25  8.65592e-33  1.90446e-24 -2.72158e-32    -5.14e-24   7.9967e-32  1.27603e-23 -2.19329e-31 -2.90478e-23  5.60921e-31  6.04068e-23 -1.33565e-30 -1.14226e-22  2.95595e-30  1.95282e-22 -6.06663e-30 -2.99675e-22  1.15145e-29  4.08972e-22 -2.01412e-29 -4.90212e-22  3.23252e-29  5.07074e-22 -4.73231e-29 -4.40531e-22  6.26885e-29  3.06389e-22 -7.42604e-29  -1.5297e-22  7.71824e-29  3.45214e-23 -6.79328e-29  2.15503e-23  4.65393e-29 -2.62822e-23 -1.75713e-29  1.10039e-23 -1.11646e-29  3.29471e-25  3.19289e-29 -2.52514e-24 -4.05351e-29  9.17142e-25  3.78462e-29  1.22479e-25 -2.84533e-29 -1.57943e-25  1.77003e-29  1.60394e-26 -9.16818e-30  1.26849e-26  3.93812e-30 -2.40863e-27 -1.38703e-30  -5.8654e-28  3.93187e-31  1.17465e-28 -8.72091e-32  1.58938e-29  1.44855e-32 -1.96828e-30 -1.67436e-33  -1.7351e-31  1.16672e-34  4.91737e-33 -3.18973e-36
 1.71194e-37 -2.08038e-35  2.01683e-37  5.84533e-35  2.93259e-36 -1.07599e-34  2.40257e-36  6.46105e-34  -3.4784e-35 -2.82573e-34 -9.97258e-35 -2.66527e-34  1.25927e-34  9.36975e-34 -1.82152e-35 -2.51982e-33 -1.33141e-34  1.46803e-33  4.81111e-34  -3.0166e-33 -4.39998e-34 -3.78972e-33  4.46816e-35  1.89358e-32  1.31996e-35 -4.21025e-33 -3.10731e-34 -4.00274e-33  3.86803e-34  1.16503e-33 -3.19849e-34  2.46124e-33 -5.64137e-35 -2.42807e-33  1.60665e-34  6.96351e-33 -1.42179e-34 -4.54976e-32  3.04242e-35  3.12315e-31  5.41144e-35 -2.02703e-30 -8.24405e-35  1.21494e-29  8.95432e-35 -6.75189e-29 -6.74858e-36  3.48324e-28 -2.53457e-36 -1.66871e-27  1.42909e-35  7.42419e-27 -5.85159e-35 -3.06685e-26  2.68509e-34  1.17569e-25 -1.08983e-33 -4.17924e-25  4.03106e-33  1.37601e-24 -1.40038e-32  -4.1901e-24   4.5526e-32  1.17788e-23 -1.38468e-31 -3.04965e-23  3.93712e-31  7.25184e-23 -1.04554e-30 -1.57836e-22  2.59033e-30  3.13111e-22 -5.97879e-30 -5.63229e-22  1.28345e-29  9.12785e-22 -2.55712e-29 -1.32186e-21  4.71677e-29  1.69223e-21 -8.03026e-29 -1.88688e-21  1.25709e-28  1.79293e-21 -1.80092e-28 -1.40066e-21  2.34664e-28  8.38006e-22  -2.7582e-28 -3.12694e-22  2.88991e-28 -1.16486e-23 -2.64944e-28  1.08451e-22  2.05556e-28 -7.14306e-23  -1.2514e-28  1.44922e-23  4.53134e-29  9.11227e-24  1.44175e-29 -6.83499e-24 -4.48522e-29  7.87963e-25   4.9141e-29  8.15428e-25 -3.81683e-29 -2.80262e-25  2.33148e-29 -4.00598e-26 -1.15191e-29  2.85049e-26  4.62031e-30  5.04265e-28 -1.49087e-30 -1.43551e-27  3.79443e-31  6.24082e-30 -7.36845e-32  3.29699e-29  1.03277e-32  2.81941e-31 -9.44123e-34 -1.98656e-31  4.46879e-35 -2.02938e-33
