  0.00978012  1.71072e-18   -0.0219993 -5.34838e-18    0.0026046  1.76512e-17   0.00416439 -1.31702e-17   0.00143851 -5.08655e-19  0.000241224  1.69619e-18  6.38181e-06  3.38813e-20  -6.3626e-06  -1.4769e-19 -1.45853e-06 -4.27357e-20 -1.41633e-07  -3.6067e-21 -4.67858e-09
 1.71072e-18    0.0422506  -3.6709e-18   -0.0451361  8.75956e-18  -0.00854003  2.58084e-17   0.00448625 -1.52746e-17   0.00308455  2.17593e-19  0.000939904  1.85069e-18  0.000177641 -1.35501e-19  2.16935e-05 -1.96121e-19  1.62172e-06 -3.81364e-20  6.12451e-08 -1.85192e-21
  -0.0219993  -3.6709e-18     0.085247 -2.26251e-17   -0.0490559  3.20994e-17   -0.0261124  3.17956e-17  -0.00232295 -5.13142e-18   0.00206098   3.5493e-18   0.00102182  1.70954e-18  0.000245461 -1.91031e-19   3.5126e-05 -1.42805e-19  2.81967e-06 -1.80972e-20   8.5293e-08
-5.34838e-18   -0.0451361 -2.26251e-17     0.110816  -4.9491e-17   -0.0303551  4.16037e-17   -0.0361497  3.83985e-17   -0.0116508  1.16338e-17  -0.00144889  7.95896e-18  0.000173528   1.8835e-18   9.6847e-05 -3.83686e-20  1.56157e-05 -5.69296e-20  1.05404e-06 -4.25509e-21
   0.0026046  8.75956e-18   -0.0490559  -4.9491e-17     0.111405 -7.70176e-17  -0.00314334  2.75117e-17   -0.0325389  4.05603e-17   -0.0162524  2.34688e-17  -0.00430024  1.00815e-17 -0.000695993  1.92747e-18 -6.78542e-05   9.9504e-20 -3.50721e-06 -8.77386e-21 -6.22227e-08
 1.76512e-17  -0.00854003  3.20994e-17   -0.0303551 -7.70176e-17     0.101589 -1.05913e-16     0.021619 -3.36195e-18   -0.0183985  3.17036e-17   -0.0133767  2.33312e-17  -0.00433892  8.39648e-18 -0.000837716  1.42148e-18 -9.65241e-05  9.90421e-20 -5.53773e-06  1.24577e-21
  0.00416439  2.58084e-17   -0.0261124  4.16037e-17  -0.00314334 -1.05913e-16    0.0948956 -1.36353e-16    0.0413572 -3.85071e-17 -0.000475906  1.28669e-17  -0.00586983  1.41319e-17  -0.00231112   4.6389e-18  -0.00045073  6.84475e-19 -4.54777e-05  4.11351e-20 -1.63939e-06
-1.31702e-17   0.00448625  3.17956e-17   -0.0361497  2.75117e-17     0.021619 -1.36353e-16    0.0936469  -1.6053e-16    0.0550102 -6.56539e-17     0.014199 -6.54166e-18   0.00116531  4.01948e-18  -0.00028503   1.4922e-18 -8.44621e-05  1.89776e-19 -7.40737e-06  7.34548e-21
  0.00143851 -1.52746e-17  -0.00232295  3.83985e-17   -0.0325389 -3.36195e-18    0.0413572  -1.6053e-16    0.0929253 -1.67321e-16    0.0597016 -7.57311e-17    0.0208058 -1.71125e-17   0.00445943 -1.53507e-18  0.000592308  5.56591e-20  4.45706e-05  1.57769e-20  1.28976e-06
-5.08655e-19   0.00308455 -5.13142e-18   -0.0116508  4.05603e-17   -0.0183985 -3.85071e-17    0.0550102 -1.67321e-16    0.0864312 -1.50936e-16    0.0536779 -6.71311e-17    0.0190816 -1.70135e-17   0.00419915 -2.50976e-18  0.000552782 -2.01087e-19  3.59133e-05 -5.98517e-21
 0.000241224  2.17593e-19   0.00206098  1.16338e-17   -0.0162524  3.17036e-17 -0.000475906 -6.56539e-17    0.0597016 -1.50936e-16    0.0711823  -1.1568e-16    0.0396561 -4.70263e-17    0.0128435  -1.1195e-17   0.00248992 -1.53622e-18  0.000263553 -1.01764e-19  1.01507e-05
 1.69619e-18  0.000939904   3.5493e-18  -0.00144889  2.34688e-17   -0.0133767  1.28669e-17     0.014199 -7.57311e-17    0.0536779  -1.1568e-16    0.0499205 -7.40091e-17    0.0237993 -2.61123e-17   0.00658262 -5.33063e-18   0.00103575 -5.82064e-19  7.70248e-05 -2.28304e-20
 6.38181e-06  1.85069e-18   0.00102182  7.95896e-18  -0.00430024  2.33312e-17  -0.00586983 -6.54166e-18    0.0208058 -6.71311e-17    0.0396561 -7.40091e-17    0.0290364 -3.88539e-17    0.0114625 -1.14153e-17   0.00257981 -1.86722e-18  0.000305552 -1.42478e-19  1.27863e-05
 3.38813e-20  0.000177641  1.70954e-18  0.000173528  1.00815e-17  -0.00433892  1.41319e-17   0.00116531 -1.71125e-17    0.0190816 -4.70263e-17    0.0237993 -3.88539e-17    0.0137349 -1.64547e-17    0.0043684 -3.87494e-18  0.000763202 -4.73264e-19  6.13797e-05 -2.02349e-20
 -6.3626e-06 -1.35501e-19  0.000245461   1.8835e-18 -0.000695993  8.39648e-18  -0.00231112  4.01948e-18   0.00445943 -1.70135e-17    0.0128435 -2.61123e-17    0.0114625 -1.64547e-17   0.00519062 -5.51779e-18   0.00129314 -9.98567e-19  0.000165306  -8.2328e-20  7.32433e-06
 -1.4769e-19  2.16935e-05 -1.91031e-19   9.6847e-05  1.92747e-18 -0.000837716   4.6389e-18  -0.00028503 -1.53507e-18   0.00419915  -1.1195e-17   0.00658262 -1.14153e-17    0.0043684 -5.51779e-18   0.00153663 -1.43178e-18  0.000289501 -1.88216e-19  2.46468e-05 -8.50988e-21
-1.45853e-06 -1.96121e-19   3.5126e-05 -3.83686e-20 -6.78542e-05  1.42148e-18  -0.00045073   1.4922e-18  0.000592308 -2.50976e-18   0.00248992 -5.33063e-18   0.00257981 -3.87494e-18   0.00129314 -1.43178e-18  0.000347317 -2.78466e-19  4.69956e-05 -2.42452e-20  2.17395e-06
-4.27357e-20  1.62172e-06 -1.42805e-19  1.56157e-05   9.9504e-20 -9.65241e-05  6.84475e-19 -8.44621e-05  5.56591e-20  0.000552782 -1.53622e-18   0.00103575 -1.86722e-18  0.000763202 -9.98567e-19  0.000289501 -2.78466e-19  5.77309e-05 -3.86375e-20  5.13232e-06 -1.81997e-21
-1.41633e-07 -3.81364e-20  2.81967e-06 -5.69296e-20 -3.50721e-06  9.90421e-20 -4.54777e-05  1.89776e-19  4.45706e-05 -2.01087e-19  0.000263553 -5.82064e-19  0.000305552 -4.73264e-19  0.000165306 -1.88216e-19  4.69956e-05 -3.86375e-20  6.64059e-06 -3.50419e-21  3.17541e-07
 -3.6067e-21  6.12451e-08 -1.80972e-20  1.05404e-06 -8.77386e-21 -5.53773e-06  4.11351e-20 -7.40737e-06  1.57769e-20  3.59133e-05 -1.01764e-19  7.70248e-05 -1.42478e-19  6.13797e-05  -8.2328e-20  2.46468e-05 -2.42452e-20  5.13232e-06 -3.50419e-21  4.71689e-07 -1.70262e-22
-4.67858e-09 -1.85192e-21   8.5293e-08 -4.25509e-21 -6.22227e-08  1.24577e-21 -1.63939e-06  7.34548e-21  1.28976e-06 -5.98517e-21  1.01507e-05 -2.28304e-20  1.27863e-05 -2.02349e-20  7.32433e-06 -8.50988e-21  2.17395e-06 -1.81997e-21  3.17541e-07 -1.70262e-22   1.5578e-08
