 9.75747e-28 -2.77928e-36 -6.28678e-26 -1.48778e-36  1.58501e-24 -5.85186e-37 -2.41693e-23  -2.0863e-35  2.57305e-22  6.52731e-35 -2.05517e-21 -2.40063e-34  1.28502e-20  1.48825e-33 -6.46291e-20 -7.22348e-33   2.6619e-19  2.53541e-32 -9.08418e-19 -4.83695e-32  2.58669e-18  -1.0953e-31 -6.16379e-18  1.56375e-30  1.22783e-17 -8.90081e-30 -2.03298e-17  3.68867e-29  2.76412e-17 -1.24387e-28  -3.0163e-17  3.56311e-28  2.52541e-17 -8.86526e-28 -1.45684e-17  1.94227e-27  3.66805e-18 -3.78334e-27  2.27815e-18  6.60236e-27 -2.60152e-18 -1.03911e-26   6.0579e-19  1.48392e-26  5.35682e-19 -1.93337e-26 -3.52447e-19  2.30783e-26 -5.90061e-20 -2.52848e-26  1.04347e-19  2.53753e-26  1.95441e-21 -2.31621e-26  -2.5236e-20  1.89785e-26  2.95983e-23 -1.36763e-26  5.47092e-21  8.39759e-27  3.54603e-22 -4.15366e-27 -1.02355e-21  1.43893e-27 -2.01168e-22 -1.35747e-28  1.43019e-22 -2.49187e-28  5.88731e-23  2.31193e-28 -9.29478e-24 -1.29508e-28 -1.03231e-23  5.80449e-29  -1.2687e-24 -2.33622e-29  9.20923e-25   8.2753e-30  3.81627e-25 -1.98873e-30   8.8628e-27 -4.96171e-32  -3.3097e-26  2.85407e-31 -9.88785e-27 -1.15427e-31 -1.92985e-28  1.64249e-32  6.30719e-28  1.93533e-33  1.83014e-28 -4.11712e-34  1.38964e-29 -3.63889e-34 -5.31645e-30  1.28165e-34 -1.92405e-30  5.14598e-36 -2.65146e-31 -1.17132e-35   7.4026e-34  2.36455e-36  7.36071e-33  2.30014e-37  1.47574e-33  -1.3946e-37  1.38318e-34 -9.01477e-39  1.25423e-36   9.7486e-39 -1.49127e-36 -8.19411e-40 -2.17972e-37 -6.52239e-41 -1.59941e-38 -7.64754e-42 -5.41206e-40  3.59483e-43  1.06091e-41  4.96463e-43  1.68323e-42 -2.73827e-44   6.5376e-44 -4.86804e-46   5.1086e-46 -8.53038e-48
-2.77928e-36  9.00901e-26 -1.82127e-35 -3.30138e-24   3.5019e-36  6.34593e-23 -6.91321e-37 -8.04203e-22 -1.06761e-34  7.41673e-21  8.29412e-34 -5.25694e-20 -5.82644e-33  2.96207e-19   3.5003e-32 -1.35639e-18 -1.67131e-31   5.1222e-18  6.24916e-31 -1.61005e-17 -1.70157e-30  4.23367e-17  2.29102e-30  -9.3234e-17  7.41852e-30  1.71433e-16 -7.02568e-29 -2.61031e-16  3.22927e-28  3.23872e-16 -1.11212e-27 -3.17659e-16  3.15393e-27  2.31147e-16 -7.65069e-27  -1.0431e-16  1.61953e-26  3.38227e-18 -3.02962e-26  3.28628e-17  5.05516e-26 -1.98269e-17 -7.58316e-26 -9.28038e-19  1.03032e-25   6.2775e-18 -1.27713e-25 -1.60981e-18  1.45345e-25 -1.35426e-18 -1.52461e-25  6.37825e-19  1.47302e-25  2.72524e-19 -1.30141e-25 -1.64187e-19  1.03594e-25 -6.12086e-20 -7.25878e-26  3.23741e-20  4.32348e-26  1.49428e-20  -2.0622e-26 -4.43138e-21  6.81928e-27 -3.31392e-21 -5.96494e-28  1.74096e-22 -1.04098e-27   5.5411e-22  8.72717e-28  9.34971e-23 -4.37562e-28 -5.38477e-23  1.82479e-28  -2.5032e-23 -7.58759e-29 -1.42259e-25  2.96656e-29  2.65063e-24 -7.72719e-30  7.33531e-25 -1.00045e-31 -3.61585e-26  1.00969e-30  -6.9836e-26 -3.58303e-31 -1.66317e-26  2.27083e-32  6.87117e-29   1.6288e-32  1.00139e-27 -2.02335e-33  2.60097e-28  -1.5196e-33   2.0281e-29  5.29519e-34 -5.47706e-30 -1.09545e-35 -1.99701e-30 -3.45168e-35 -2.83388e-31  8.87715e-36 -9.35264e-33  3.77214e-37  4.11447e-33 -4.40216e-37  9.05062e-34 -3.87105e-38  9.23994e-35  3.49197e-38  3.84413e-36 -2.61985e-39 -2.59994e-37 -2.16344e-40 -5.28202e-38 -3.09623e-41 -3.85487e-39   1.5731e-42 -1.40833e-40  1.23025e-42 -1.83467e-42 -5.55173e-44  5.14289e-44 -9.05493e-46   3.6755e-46
-6.28678e-26 -1.82127e-35  4.09842e-24 -6.73882e-35 -1.04602e-22  2.55245e-35  1.61559e-21  1.08666e-34 -1.74316e-20 -1.47972e-33  1.41201e-19  1.32289e-32 -8.96008e-19 -9.27086e-32  4.57703e-18  5.23732e-31  -1.9164e-17 -2.40634e-30  6.65518e-17  8.97493e-30 -1.93068e-16 -2.64139e-29  4.69375e-16  5.52478e-29 -9.55603e-16 -4.12188e-29  1.62082e-15 -2.86491e-28  -2.2647e-15  1.79844e-27  2.55225e-15 -6.63096e-27 -2.22685e-15   1.8953e-26  1.36912e-15 -4.52091e-26 -4.17363e-16  9.28891e-26 -1.59449e-16 -1.67277e-25  2.40558e-16   2.6709e-25  -7.5922e-17 -3.81666e-25 -4.12597e-17  4.92478e-25  3.67061e-17  -5.7916e-25  1.78819e-18  6.26479e-25 -1.02673e-17 -6.27709e-25  9.38513e-19  5.83452e-25  2.44354e-18 -4.99494e-25 -2.88644e-19  3.87116e-25 -5.45268e-19 -2.64264e-25  2.85965e-20  1.52679e-25  1.10491e-19 -6.98792e-26  8.77946e-21   2.1614e-26 -1.79635e-20 -1.33496e-27 -4.70384e-21 -3.19862e-27  1.79649e-21   2.2736e-27   1.0712e-21 -9.58907e-28   1.6536e-23   3.6153e-28 -1.27388e-22  -1.6733e-28 -3.51129e-23    7.657e-29   3.8186e-24 -2.13326e-29  4.38453e-24 -3.82237e-31  8.81939e-25  2.67743e-30 -9.93354e-26 -7.98196e-31  -8.9706e-26 -2.12205e-32  -1.8159e-26  5.78408e-32  1.96155e-28 -5.31391e-33  9.54372e-28 -4.01775e-33  2.31902e-28  1.37368e-33  1.99635e-29  -1.0212e-34  -2.9542e-30 -6.50524e-35 -1.19731e-30  2.35123e-35 -1.75874e-31  1.61944e-38  -1.0285e-32 -1.05304e-36  9.58938e-34 -1.07411e-37  2.78779e-34  8.88347e-38  2.97571e-35 -6.06485e-39   1.6331e-36 -5.00764e-40  1.55143e-38 -7.26954e-41 -4.27142e-39  3.96429e-42 -3.03459e-40  1.91979e-42 -8.96553e-42 -6.91491e-44 -1.01137e-43  -7.7404e-46
-1.48778e-36 -3.30138e-24 -6.73882e-35  1.22471e-22 -1.70738e-34 -2.38445e-21 -1.74382e-35  3.06245e-20  1.87821e-33 -2.86418e-19  -2.0746e-32  2.06019e-18  1.70955e-31 -1.17893e-17 -1.11252e-30  5.48738e-17  5.89434e-30 -2.10833e-16 -2.58105e-29  6.75006e-16  9.36752e-29 -1.81024e-15 -2.78215e-28  4.07226e-15  6.46142e-28 -7.66423e-15 -9.94244e-28  1.19769e-14 -2.29421e-29  -1.5311e-14  6.83648e-27  1.55723e-14 -2.99988e-26 -1.19047e-14  8.89297e-26  5.88224e-15 -2.11032e-25 -6.58968e-16  4.23294e-25 -1.55432e-15 -7.36015e-25  1.13606e-15  1.12594e-24 -6.20862e-17 -1.53213e-24 -3.21209e-16  1.87384e-24   1.1921e-16 -2.08366e-24  6.09314e-17  2.13367e-24 -4.23309e-17 -2.03549e-24 -1.06775e-17  1.81846e-24  1.08545e-17 -1.51117e-24   2.3423e-18  1.14418e-24 -2.27986e-18 -7.63366e-25 -6.49049e-19  4.28149e-25  3.71657e-19 -1.87093e-25  1.70401e-19  5.27861e-26  -3.5183e-20 -7.27503e-28 -3.40495e-20 -8.34754e-27 -1.94461e-21  4.69655e-27   4.2951e-21 -1.47093e-27  1.29845e-21  4.66097e-28 -1.80379e-22 -2.92522e-28 -1.90294e-22  1.67326e-28 -3.34885e-23 -4.84973e-29  8.24203e-24 -1.72497e-30  5.07881e-24  5.99478e-30  7.87436e-25 -1.43818e-30 -1.27024e-25 -1.83341e-31 -8.19561e-26  1.36992e-31 -1.49059e-26 -8.81496e-33  2.80717e-29  -7.7924e-33  6.19979e-28  2.64888e-33  1.46163e-28 -3.78288e-34  1.40794e-29  -8.2969e-35 -7.70206e-31  5.13498e-35  -4.5399e-31 -1.50788e-36  -6.9316e-32 -2.22013e-36 -5.12344e-33 -2.21628e-37  2.44894e-36   1.8176e-37  4.33861e-35 -1.15599e-38  4.90469e-36 -8.99816e-40  2.76733e-37 -1.21234e-40  7.27974e-39  6.94086e-42 -3.06281e-41  2.14019e-42 -6.21734e-42 -5.78976e-44 -7.17397e-44
 1.58501e-24   3.5019e-36 -1.04602e-22 -1.70738e-34  2.70408e-21 -2.93681e-34 -4.23267e-20 -1.43383e-33   4.6312e-19  2.39861e-32 -3.80682e-18 -2.37987e-31  2.45315e-17   1.7913e-30 -1.27362e-16 -1.07959e-29  5.42483e-16  5.36203e-29 -1.91847e-15 -2.22771e-28  5.67455e-15  7.77919e-28 -1.40862e-14 -2.26974e-27   2.9335e-14  5.40112e-27 -5.10134e-14 -9.74567e-27  7.33145e-14  9.67474e-27 -8.53987e-14  1.40873e-26  7.76844e-14 -1.06095e-25 -5.08229e-14  3.43407e-25  1.81456e-14 -8.24163e-25  3.78899e-15  1.62562e-24 -8.65899e-15 -2.73938e-24  3.51525e-15  4.02185e-24  1.13071e-15 -5.21128e-24 -1.46902e-15  6.02925e-24  9.24771e-17 -6.31405e-24  3.84766e-16  6.08841e-24  -8.1709e-17 -5.50487e-24 -8.88336e-17  4.72034e-24  2.29036e-17 -3.81798e-24   2.0235e-17  2.83852e-24 -3.87843e-18 -1.85964e-24 -4.42592e-18  1.01431e-24  1.99809e-19 -4.20917e-25  8.21664e-19  1.04626e-25  1.12252e-19  6.93772e-27 -1.06297e-19  -1.9414e-26 -3.97238e-20  8.05905e-27  5.04817e-21 -1.29068e-27  6.24621e-21  2.10222e-28  1.04003e-21  -4.4206e-28 -3.85326e-22  3.31276e-28 -2.06646e-22 -9.58464e-29 -2.31363e-23 -5.93706e-30  1.01372e-23  1.16629e-29   4.4786e-24 -2.11792e-30  5.70619e-25 -5.38999e-31 -1.04349e-25  2.41839e-31 -5.63579e-26 -7.22231e-33 -9.64731e-27 -1.14119e-32 -1.70273e-28  4.02069e-33  2.81588e-28 -1.01528e-33  6.67036e-29 -4.98496e-35  7.04931e-30  9.80041e-35  3.70686e-32 -4.73108e-36 -1.05824e-31  -4.2875e-36 -1.72515e-32 -3.57566e-37 -1.39796e-33  3.12242e-37  -4.5976e-35  -1.8891e-38  2.51636e-36 -1.29211e-39  3.73237e-37 -1.54407e-40  1.89893e-38  9.05118e-42  4.49044e-40   1.7506e-42  3.75121e-42 -3.00731e-44
-5.85186e-37  6.34593e-23  2.55245e-35 -2.38445e-21 -2.93681e-34  4.70484e-20  1.03406e-34 -6.12763e-19 -1.91354e-32  5.81539e-18  2.54478e-31 -4.24768e-17 -2.28197e-30  2.47025e-16  1.57516e-29 -1.16953e-15 -8.81281e-29   4.5752e-15   4.1054e-28 -1.49313e-14 -1.61509e-27  4.08724e-14  5.39585e-27 -9.40017e-14 -1.52691e-26  1.81244e-13  3.60722e-26 -2.90944e-13 -6.83228e-26  3.83552e-13   9.1153e-26 -4.04812e-13 -2.98611e-26  3.25111e-13 -2.82455e-25 -1.74879e-13  1.11557e-24   3.2369e-14 -2.77509e-24  3.75298e-14  5.43272e-24 -3.39064e-14 -8.91235e-24  5.13072e-15   1.2586e-23   8.3896e-15 -1.55357e-23 -4.31006e-15  1.69726e-23 -1.28353e-15 -1.66632e-23  1.41228e-15  1.50257e-23  1.54741e-16 -1.27909e-23 -3.59165e-16  1.05049e-23 -2.90538e-17 -8.30393e-24   7.9022e-17  6.10782e-24   1.1287e-17  -3.9558e-24 -1.45116e-17  2.10409e-24 -4.04894e-18 -8.24253e-25  1.88444e-18  1.71112e-25  1.01641e-18  3.46525e-26 -7.64696e-20 -4.08914e-26 -1.62087e-19  1.15435e-26 -2.91346e-20  8.73134e-28  1.23642e-20 -8.23026e-28  6.53757e-21 -6.30643e-28  5.00454e-22  6.11058e-28 -4.75955e-22 -1.68366e-28 -1.75072e-22 -1.58412e-29 -1.20483e-23  1.98019e-29  8.78531e-24 -2.36964e-30  3.13636e-24 -1.13782e-30  3.54768e-25   3.2007e-31 -5.92376e-26  9.56602e-33 -2.97115e-26   -1.162e-32 -4.95371e-27  4.78149e-33 -2.01956e-28 -2.23014e-33  8.68575e-29  8.52099e-35  2.17462e-29  1.67172e-34  2.44631e-30 -9.67549e-36    9.733e-32 -7.57345e-36 -1.29532e-32 -4.56108e-37 -2.55239e-33  4.59343e-37 -2.10183e-34 -2.68343e-38 -8.89301e-36 -1.48703e-39 -8.74636e-38 -1.54164e-40  9.21575e-39  9.02237e-42  3.86042e-40  1.02052e-42    3.912e-42
-2.41693e-23 -6.91321e-37  1.61559e-21 -1.74382e-35 -4.23267e-20  1.03406e-34  6.71854e-19  6.76254e-33 -7.45933e-18 -1.96518e-31  6.22615e-17  2.30123e-30 -4.07723e-16 -1.87517e-29  2.15295e-15  1.19217e-28 -9.33567e-15 -6.20834e-28  3.36473e-14  2.71542e-27 -1.01555e-13 -1.01087e-26  2.57626e-13  3.22144e-26 -5.49286e-13 -8.78093e-26  9.80242e-13  2.02809e-25 -1.45034e-12 -3.86848e-25  1.74764e-12  5.67953e-25 -1.65833e-12 -4.80641e-25  1.15295e-12   -4.431e-25  -4.7139e-13  3.05479e-24 -3.46574e-14 -8.19596e-24  1.86889e-13  1.61162e-23 -9.51845e-14 -2.58766e-23 -1.49124e-14    3.525e-23  3.49146e-14 -4.14923e-23 -6.14585e-15  4.27441e-23 -8.40565e-15 -3.91435e-23  3.01914e-15  3.27091e-23  1.83491e-15 -2.59576e-23 -8.25686e-16  2.03475e-23 -4.21601e-16   -1.582e-23   1.6283e-16  1.16412e-23  1.00081e-16 -7.52227e-24 -2.01608e-17  3.91675e-24 -2.12395e-17 -1.43862e-24  -2.1224e-19  2.27217e-25  3.36313e-18  1.04903e-25   7.5993e-19 -7.83632e-26 -2.89244e-19  1.31652e-26 -1.69318e-19  6.87866e-27 -9.60171e-21 -3.05802e-27  1.58577e-20 -9.33577e-28  5.29882e-21  1.05684e-27  3.38011e-23 -2.65164e-28 -4.25417e-22 -3.46351e-29 -1.20807e-22  2.91936e-29 -5.09227e-24 -1.32681e-30  5.73587e-24 -1.96725e-30  1.77796e-24  2.72999e-31  1.92898e-25  5.54825e-32 -2.29803e-26 -3.67137e-33 -1.19473e-26  3.90029e-33 -1.98292e-27 -4.19731e-33  -1.2198e-28  3.72916e-34  1.62539e-29  2.56795e-34   4.8583e-30 -1.56178e-35  5.67149e-31 -1.21192e-35  3.22298e-32 -4.47012e-37  -2.2413e-34  5.84481e-37 -1.94748e-34 -3.32344e-38 -1.58925e-35 -1.34343e-39 -6.27632e-37  -1.2043e-40 -1.09235e-38  6.85831e-42 -1.97479e-41  3.72625e-43
 -2.0863e-35 -8.04203e-22  1.08666e-34  3.06245e-20 -1.43383e-33 -6.12763e-19  6.76254e-33  8.09811e-18  7.33915e-32 -7.80389e-17 -1.71764e-30   5.7923e-16  1.80626e-29 -3.42581e-15  -1.3452e-28  1.65102e-14  7.90857e-28 -6.58138e-14  -3.8431e-27   2.1912e-13  1.58018e-26 -6.12756e-13 -5.56638e-26  1.44208e-12  1.68943e-25 -2.85109e-12  -4.4184e-25  4.70585e-12  9.89314e-25 -6.40344e-12 -1.86303e-24  7.01866e-12  2.82157e-24 -5.92194e-12   -2.983e-24  3.45176e-12  5.65209e-25 -8.75292e-13  6.88582e-24 -5.68915e-13 -2.14303e-23  6.62764e-13  4.30012e-23  -1.6439e-13 -6.80026e-23 -1.38198e-13   8.9665e-23  9.82849e-14 -1.00819e-22  1.33389e-14  9.78644e-23 -2.99811e-14  -8.3157e-23  6.53448e-16  6.36337e-23   7.5007e-15 -4.63639e-23 -3.88404e-16  3.44777e-23 -1.70863e-15  -2.6643e-23 -1.42672e-17  1.99456e-23   3.4498e-16 -1.30165e-23  4.67593e-17  6.66603e-24 -5.44798e-17 -2.27797e-24 -1.78011e-17  2.23694e-25  4.88482e-18  2.48613e-25  3.68981e-18 -1.36821e-25  2.25438e-19  9.46133e-27 -4.03913e-19  1.88297e-26 -1.32326e-19 -6.72737e-27  6.70448e-21 -1.50772e-27  1.45774e-20  1.71028e-27  3.47967e-21 -3.75724e-28 -1.77905e-22 -6.45118e-29 -2.95864e-22  3.68043e-29 -6.97738e-23  2.19425e-30  -2.1343e-24 -2.93241e-30  2.88297e-24 -2.77363e-32  8.17421e-25  1.45396e-31  8.99372e-26  1.73315e-32    -5.37e-27  1.25922e-34 -3.57204e-27 -6.91629e-33 -5.98961e-28  8.45858e-34 -4.58658e-29  3.56377e-34  1.03918e-30 -2.11772e-35  6.86027e-31  -1.7466e-35  8.27285e-32 -2.95954e-37  5.14473e-33  6.45965e-37  1.27614e-34  -3.5809e-38 -4.84872e-36 -8.88194e-40 -4.77211e-37  -7.1262e-41 -1.34335e-38  3.82989e-42 -1.10177e-40
 2.57305e-22 -1.06761e-34 -1.74316e-20  1.87821e-33   4.6312e-19 -1.91354e-32 -7.45933e-18  7.33915e-32  8.40937e-17  6.35873e-31 -7.13245e-16 -1.31051e-29  4.74993e-15  1.24876e-28 -2.55294e-14 -8.54404e-28  1.12788e-13  4.66164e-27 -4.14631e-13  -2.1188e-26  1.27811e-12  8.20079e-26 -3.31643e-12 -2.73448e-25  7.24608e-12  7.89783e-25 -1.32829e-11 -1.97715e-24  2.02527e-11  4.27008e-24 -2.52683e-11 -7.85222e-24  2.50252e-11  1.19155e-23 -1.84707e-11 -1.36944e-23  8.51049e-12  7.99614e-24 -3.26074e-13  1.16726e-23 -2.77522e-12 -4.97585e-23  1.76136e-12  1.04128e-22  3.73625e-14 -1.63377e-22  -5.6688e-13  2.09347e-22   1.6998e-13 -2.25412e-22  1.21038e-13  2.06223e-22 -6.81179e-14 -1.61772e-22  -2.3637e-14  1.11628e-22  1.83906e-14 -7.28439e-23  5.34415e-15  5.07962e-23 -3.93655e-15 -3.97447e-23 -1.41243e-15   3.1068e-23  6.31077e-16 -2.07977e-23  3.52575e-16  1.05303e-23 -5.16341e-17 -3.31896e-24 -6.78009e-17  9.00182e-26 -6.56306e-18  4.99019e-25  8.12148e-18 -2.17791e-25  2.86267e-18 -4.45263e-27 -2.47016e-19  3.84841e-26 -3.85238e-19 -1.16755e-26 -8.03457e-20 -2.57357e-27  1.34174e-20    2.584e-27  1.05085e-20 -4.80232e-28  1.91942e-21 -1.04966e-28 -1.81177e-22  3.81247e-29 -1.65018e-22   9.3747e-30 -3.41884e-23 -3.87105e-30 -1.10472e-24 -6.99459e-31  1.11084e-24  2.91261e-31  3.00881e-25  5.43558e-32  3.44016e-26 -7.85896e-33 -2.54316e-28 -1.00934e-32 -7.54479e-28  1.49799e-33 -1.30394e-28  4.48767e-34 -1.10996e-29 -2.46836e-35 -2.66498e-31 -2.26459e-35  5.09525e-32 -4.20211e-38  6.85074e-33  6.19626e-37  4.08492e-34  -3.3369e-38   1.2128e-35 -3.22243e-40  9.54621e-38 -2.90805e-41   -2.673e-39  1.38484e-42
 6.52731e-35  7.41673e-21 -1.47972e-33 -2.86418e-19  2.39861e-32  5.81539e-18 -1.96518e-31 -7.80389e-17  6.35873e-31  7.64173e-16  4.78981e-30 -5.76795e-15 -8.85147e-29  3.47211e-14  7.69375e-28 -1.70472e-13 -4.85815e-27  6.93023e-13  2.46773e-26 -2.35597e-12 -1.05139e-25   6.7367e-12  3.83569e-25 -1.62388e-11 -1.21126e-24  3.29533e-11  3.32793e-24 -5.59813e-11 -7.96277e-24   7.8705e-11  1.65342e-23 -8.96627e-11 -2.94931e-23  7.94907e-11   4.4148e-23 -5.00213e-11 -5.23028e-23  1.59547e-11  3.98823e-23  5.68906e-12  8.88137e-24 -9.35554e-12 -1.02181e-22  3.27324e-12  2.30216e-22  1.52765e-12 -3.61438e-22 -1.57958e-12  4.52112e-22  5.57903e-15 -4.67698e-22  4.46808e-13  4.03864e-22 -7.03904e-14 -2.91235e-22 -1.08409e-13  1.77641e-22  2.18592e-14 -9.94164e-23  2.52921e-14  6.33929e-23 -3.58839e-15 -5.21402e-23 -5.55905e-15   4.4397e-23  2.91161e-17 -3.10726e-23  1.02472e-15  1.56309e-23  1.77437e-16 -4.50105e-24 -1.28763e-16 -2.52116e-25 -5.49891e-17  8.80475e-25   4.7558e-18 -3.16078e-25  8.23844e-18 -3.42037e-26  1.60343e-18  6.65398e-26 -4.55704e-19 -1.72757e-26 -2.84037e-19 -4.35142e-27 -3.86337e-20   3.6492e-27  1.21256e-20 -5.56485e-28  6.18693e-21 -1.51636e-28  9.19039e-22  2.85387e-29 -1.06961e-22   2.0893e-29 -7.44943e-23 -4.60682e-30 -1.41904e-23 -1.79461e-30 -6.16563e-25  4.98486e-31   3.1884e-25  1.06295e-31  8.63372e-26 -2.11553e-32   1.0253e-26 -1.31302e-32  3.07087e-28  2.26759e-33 -1.01462e-28  5.17154e-34 -1.91731e-29 -2.46661e-35 -1.68509e-30 -2.64605e-35 -7.09369e-32  2.10086e-37  7.34425e-34  5.12498e-37  2.61656e-34 -2.66314e-38  1.36191e-35   1.0897e-40  2.95571e-37 -5.78051e-42   1.8093e-39
-2.05517e-21  8.29412e-34  1.41201e-19  -2.0746e-32 -3.80682e-18  2.54478e-31  6.22615e-17 -1.71764e-30 -7.13245e-16  4.78981e-30  6.15177e-15  3.19909e-29 -4.16959e-14 -5.34874e-28  2.28291e-13  4.26464e-27 -1.02847e-12 -2.49513e-26  3.85988e-12  1.18337e-25 -1.21629e-11 -4.73557e-25  3.23128e-11   1.6305e-24 -7.24212e-11 -4.87911e-24  1.36508e-10  1.27505e-23 -2.14707e-10 -2.91303e-23   2.7763e-10  5.80263e-23 -2.87164e-10 -9.99646e-23  2.24835e-10  1.46234e-22 -1.15376e-10 -1.73977e-22  1.55786e-11  1.47795e-22  3.01407e-11 -3.27705e-23 -2.40955e-11 -1.82763e-22  2.39345e-12  4.66403e-22  6.70016e-12 -7.40107e-22 -3.00557e-12  9.08264e-22 -1.17629e-12 -9.06319e-22  1.07038e-12    7.408e-22  1.73601e-13 -4.89743e-22 -2.85122e-13  2.57391e-22 -3.50825e-14 -1.13409e-22  6.44402e-14  6.16694e-23  1.16712e-14 -5.86922e-23 -1.19682e-14  5.86694e-23 -3.83397e-15 -4.38849e-23  1.53056e-15  2.20136e-23  9.32628e-16 -5.73456e-24 -4.43618e-17 -8.66067e-25  -1.4609e-16  1.39458e-24  -2.9702e-17 -4.17611e-25   1.0553e-17 -8.47487e-26   6.2124e-18  1.02068e-25  5.98688e-19 -2.25516e-26 -4.24521e-19 -6.96799e-27 -1.70797e-19  4.84185e-27 -1.49769e-20 -5.91965e-28  7.69954e-21 -1.96456e-28   3.0342e-21  5.33204e-30  3.91852e-22  3.64161e-29 -4.32878e-23 -5.01961e-30 -2.70556e-23 -3.25353e-30 -4.90555e-24  7.63357e-31 -2.87593e-25  1.66675e-31  6.36648e-26 -4.01781e-32  1.85297e-26 -1.52795e-32  2.25651e-27  3.03502e-33  1.18122e-28  5.53577e-34  -6.3378e-30 -2.03214e-35 -1.71757e-30 -2.79301e-35 -1.49073e-31  3.47904e-37 -6.68674e-33  3.59967e-37 -1.15032e-34 -1.79321e-38  2.40075e-36  2.76579e-40  1.11428e-37  1.00072e-42
-2.40063e-34 -5.25694e-20  1.32289e-32  2.06019e-18 -2.37987e-31 -4.24768e-17  2.30123e-30   5.7923e-16 -1.31051e-29 -5.76795e-15  3.19909e-29   4.4309e-14  1.91496e-28 -2.71699e-13 -2.91668e-27  1.36018e-12  2.14347e-26  -5.6444e-12 -1.16612e-25  1.96113e-11  5.17722e-25 -5.73961e-11 -1.94959e-24  1.41853e-10  6.34286e-24 -2.95775e-10 -1.79968e-23  5.17708e-10  4.47324e-23   -7.528e-10 -9.75137e-23  8.92158e-10  1.86041e-22 -8.31293e-10 -3.08587e-22  5.63084e-10  4.38471e-22 -2.15322e-10 -5.16129e-22 -3.39425e-11  4.59421e-22  1.00411e-10 -1.98775e-22 -4.65366e-11 -2.73285e-22 -1.08219e-11  8.67103e-22   1.8978e-11  -1.4077e-21 -2.59302e-12  1.70418e-21 -4.89395e-12 -1.64806e-21  1.54928e-12   1.2806e-21  1.12105e-12 -7.75832e-22 -4.50388e-13  3.40078e-22 -2.64003e-13 -9.52102e-23  9.13085e-14  3.08476e-23  6.32749e-14 -5.26896e-23 -1.10997e-14  7.22312e-23 -1.35191e-14 -5.91254e-23 -3.82083e-16  2.96146e-23  2.15027e-15 -6.91181e-24  5.27455e-16 -1.77299e-24 -1.81357e-16  2.00819e-24 -1.14675e-16 -5.00107e-25 -8.09429e-18 -1.58405e-25  1.05205e-17  1.42382e-25  3.73053e-18 -2.65129e-26  8.00175e-20  -1.0369e-26 -2.86787e-19  6.08681e-27 -8.63925e-20 -5.95308e-28 -4.90222e-21 -2.29196e-28  3.75073e-21 -3.05785e-29  1.24671e-21  5.42893e-29  1.49738e-22 -5.09495e-30  -1.1847e-23 -4.88502e-30 -7.74733e-24  1.07206e-30 -1.36978e-24  2.24007e-31 -9.98175e-26  -6.4117e-32  7.31104e-27 -1.59356e-32   2.7937e-27   3.6461e-33  3.44941e-28  5.62749e-34  2.15983e-29 -1.18764e-35  2.39733e-31 -2.66775e-35 -7.60487e-32  3.20953e-37 -6.61779e-33  2.07986e-37  -2.5156e-34 -9.95559e-39 -4.11572e-36  2.26619e-40 -1.26379e-38
 1.28502e-20 -5.82644e-33 -8.96008e-19  1.70955e-31  2.45315e-17 -2.28197e-30 -4.07723e-16  1.80626e-29  4.74993e-15 -8.85147e-29 -4.16959e-14  1.91496e-28  2.87876e-13  1.03589e-27 -1.60705e-12 -1.44561e-26  7.38962e-12  9.83362e-26 -2.83403e-11 -4.99027e-25  9.13818e-11  2.07893e-24 -2.48818e-10 -7.37947e-24  5.72661e-10  2.27118e-23 -1.11114e-09 -6.11373e-23  1.80481e-09  1.44543e-22 -2.42116e-09 -3.00492e-22  2.61735e-09  5.48393e-22 -2.17264e-09 -8.73776e-22  1.23078e-09  1.20076e-21 -2.72971e-10 -1.38542e-21 -2.44521e-10  1.25338e-21  2.55074e-10 -6.83076e-22 -5.47403e-11 -2.99962e-22  -5.9084e-11  1.47777e-21   3.8437e-11 -2.49243e-21  6.91456e-12  2.99471e-21 -1.24866e-11 -2.82172e-21 -5.80709e-14  2.09621e-21  3.25678e-12 -1.16685e-21 -1.03581e-13  4.09331e-22 -7.64669e-13 -2.06341e-23 -1.82902e-14  -4.5677e-23  1.58214e-13 -2.72565e-23  2.35936e-14  8.34772e-23 -2.55082e-14  -7.6511e-23 -8.74544e-15  3.82055e-23  2.30387e-15 -7.91932e-24  1.82883e-15 -2.92675e-24  1.23987e-16  2.64852e-24 -2.02003e-16 -5.37588e-25 -6.83502e-17 -2.52857e-25  2.95311e-18  1.83503e-25  7.50283e-18 -2.86026e-26  1.85294e-18 -1.42763e-26 -7.51522e-20  7.32565e-27 -1.53143e-19 -5.99688e-28 -3.74711e-20 -2.39532e-28  -1.5357e-21 -7.41783e-29  1.43363e-21  7.15754e-29  4.26343e-22  -4.9232e-30  5.02069e-23 -6.38828e-30  -1.7844e-24  1.40193e-30 -1.68588e-24  2.64134e-31 -2.96116e-25 -9.06402e-32 -2.45843e-26 -1.49257e-32  3.21437e-29  3.96046e-33  2.66107e-28  5.57582e-34  3.37315e-29 -7.38177e-37  2.15047e-30 -2.30515e-35  6.27339e-32  1.69637e-37 -6.62129e-34  9.18871e-38 -1.05548e-34  -4.3933e-39 -2.44538e-36  1.00834e-40
 1.48825e-33  2.96207e-19 -9.27086e-32 -1.17893e-17   1.7913e-30  2.47025e-16 -1.87517e-29 -3.42581e-15  1.24876e-28  3.47211e-14 -5.34874e-28 -2.71699e-13  1.03589e-27  1.69866e-12  5.09907e-27 -8.67921e-12 -6.55241e-26  3.68007e-11  4.14113e-25 -1.30815e-10  -1.9659e-24  3.92277e-10  7.70166e-24 -9.95124e-10 -2.58107e-23  2.13436e-09  7.52263e-23 -3.85358e-09 -1.92224e-22  5.80202e-09  4.32306e-22 -7.16001e-09 -8.56688e-22  7.01455e-09  1.49397e-21 -5.10261e-09 -2.28233e-21  2.26997e-09  3.02348e-21  1.73652e-11 -3.39751e-21 -8.42215e-10  3.06981e-21  5.04891e-10 -1.86451e-21  2.96503e-11 -8.32041e-23 -1.76013e-10  2.29838e-21  4.89232e-11 -4.11149e-21  3.98266e-11  4.93708e-21  -2.1315e-11 -4.55955e-21 -8.10524e-12  3.26064e-21  6.03629e-12 -1.67763e-21  1.86874e-12  4.46837e-22 -1.34231e-12     1.34e-22 -5.00323e-13 -1.82374e-22  2.22993e-13  2.27061e-23  1.27556e-13  9.12987e-23 -1.89844e-14  -9.5499e-23 -2.52244e-14  4.73258e-23 -2.42778e-15 -8.65401e-24   3.1167e-15 -4.19836e-24  1.10239e-15  3.20977e-24 -9.95012e-17 -5.08344e-25 -1.52421e-16 -3.59942e-25 -3.19036e-17  2.21174e-25  5.40136e-18 -2.90606e-26  4.24403e-18 -1.82134e-26  7.84229e-19   8.5272e-27 -7.04836e-20 -6.53688e-28 -6.66706e-20 -2.18361e-28 -1.40559e-20 -1.17612e-28 -5.42983e-22  8.44891e-29  4.27037e-22 -4.64968e-30  1.19072e-22 -7.41612e-30  1.41375e-23  1.72538e-30  7.83906e-26  2.74161e-31 -2.61883e-25 -1.16172e-31 -4.68909e-26 -1.26305e-32 -4.12178e-27  3.90546e-33 -1.31206e-28  5.49059e-34  1.24726e-29  1.07274e-35  1.84989e-30 -1.79594e-35  1.07695e-31 -8.29361e-39  3.06872e-33  2.43477e-38  2.91262e-35 -1.44494e-39 -1.66831e-37
-6.46291e-20   3.5003e-32  4.57703e-18 -1.11252e-30 -1.27362e-16  1.57516e-29  2.15295e-15  -1.3452e-28 -2.55294e-14  7.69375e-28  2.28291e-13 -2.91668e-27 -1.60705e-12  5.09907e-27  9.15609e-12  2.29745e-26 -4.30159e-11  -2.7304e-25   1.6876e-10  1.60865e-24 -5.57432e-10 -7.16272e-24  1.55736e-09  2.64412e-23 -3.68496e-09 -8.37846e-23  7.36879e-09  2.31471e-22  -1.2375e-08 -5.61744e-22  1.72422e-08  1.20182e-21 -1.94967e-08  -2.2693e-21  1.71533e-08  3.77807e-21 -1.06551e-08 -5.52501e-21  3.21836e-09  7.03698e-21  1.44914e-09 -7.66493e-21 -2.14791e-09  6.84034e-21  7.14969e-10 -4.38853e-21  3.83368e-10  7.20444e-22 -3.76292e-10  3.22864e-21 -4.26967e-12 -6.31525e-21  1.11619e-10  7.64204e-21 -1.70487e-11 -6.96419e-21 -2.80413e-11  4.83167e-21  5.71243e-12 -2.31889e-21  6.74335e-12  4.37706e-22 -1.00473e-12  3.85245e-22 -1.53164e-12 -3.87008e-22  2.08608e-14  9.86377e-23  2.93536e-13  9.53486e-23  4.85703e-14 -1.15148e-22 -3.87425e-14  5.62438e-23 -1.61011e-14 -9.04846e-24   1.6489e-15 -5.37722e-24  2.53441e-15  3.57225e-24  4.74529e-16 -4.04157e-25 -1.49547e-16 -4.66003e-25 -8.94918e-17  2.52063e-25   -1.172e-17 -2.89949e-26  4.00171e-18 -2.16008e-26  1.98571e-18  9.66857e-27  2.91185e-19 -8.01516e-28 -3.48932e-20  -1.5773e-28 -2.38456e-20 -1.52774e-28 -4.54029e-21  8.91634e-29 -2.09915e-22 -4.41061e-30  9.60148e-23 -7.66323e-30  2.63133e-23  2.01568e-30  3.16473e-24  2.46736e-31  1.13808e-25 -1.36799e-31 -2.56841e-26  -9.8457e-33 -5.04175e-27  3.50664e-33 -4.42669e-28  5.37887e-34 -1.93664e-29  1.98641e-35 -2.42813e-32 -1.25213e-35  4.35515e-32 -1.24899e-37   2.1011e-33  -2.6779e-39  3.54286e-35 -3.05995e-40
-7.22348e-33 -1.35639e-18  5.23732e-31  5.48738e-17 -1.07959e-29 -1.16953e-15  1.19217e-28  1.65102e-14 -8.54404e-28 -1.70472e-13  4.26464e-27  1.36018e-12 -1.44561e-26 -8.67921e-12  2.29745e-26  4.53077e-11  9.52342e-26 -1.96505e-10 -1.05083e-24  7.15447e-10  5.78915e-24 -2.20078e-09 -2.42357e-23  5.73728e-09  8.44596e-23 -1.26735e-08 -2.53387e-22  2.36323e-08  6.64137e-22 -3.68863e-08 -1.53143e-21  4.74494e-08  3.11695e-21  -4.8901e-08 -5.60586e-21  3.81342e-08  8.90245e-21 -1.93414e-08 -1.24443e-20  2.21202e-09  1.52037e-20  5.57337e-09 -1.59916e-20 -4.34011e-09  1.39876e-20  3.78574e-10 -9.21323e-21  1.27645e-09  2.66039e-21 -5.70464e-10  4.00511e-21 -2.31919e-10 -9.01088e-21  2.13495e-10  1.11058e-20  3.41837e-11 -1.00641e-20 -5.91726e-11  6.83202e-21 -6.73319e-12 -3.09425e-21  1.39251e-11  3.75419e-22  2.33266e-12  7.36519e-22  -2.7141e-12 -6.56941e-22 -8.20046e-13  1.97146e-22  3.72321e-13  9.60147e-23  2.12581e-13    -1.34e-22 -1.53834e-14  6.39877e-23 -3.54649e-14 -9.10426e-24 -6.61881e-15 -6.19462e-24  2.80997e-15  3.63132e-24  1.53412e-15 -2.37321e-25  1.25541e-16 -5.54239e-25  -1.1333e-16   2.7474e-25 -4.31924e-17 -3.00561e-26 -3.35317e-18 -2.38927e-26  2.08344e-18  1.06931e-26  7.83422e-19 -1.06053e-27  9.73801e-20       -5e-29 -1.18433e-20 -1.74122e-28 -6.95203e-21   8.2584e-29 -1.23908e-21 -4.29693e-30 -7.27349e-23  -6.9514e-30  1.51715e-23  2.25249e-30  4.39241e-24  1.83035e-31   5.3021e-25 -1.49464e-31  2.86618e-26 -7.43702e-33 -1.06143e-27  2.87542e-33 -3.26651e-28  5.14336e-34 -2.75273e-29  2.46589e-35 -1.18008e-30 -7.70979e-36  -2.0971e-32 -1.50279e-37  1.56297e-34 -6.72731e-39  6.58107e-36
  2.6619e-19 -1.67131e-31  -1.9164e-17  5.89434e-30  5.42483e-16 -8.81281e-29 -9.33567e-15  7.90857e-28  1.12788e-13 -4.85815e-27 -1.02847e-12  2.14347e-26  7.38962e-12 -6.55241e-26 -4.30159e-11  9.52342e-26  2.06712e-10  3.64822e-25 -8.30555e-10 -3.75062e-24  2.81369e-09  1.93757e-23 -8.07584e-09  -7.6436e-23  1.96703e-08  2.51898e-22 -4.05907e-08 -7.16372e-22  7.05704e-08  1.78274e-21 -1.02246e-07  -3.9074e-21  1.21047e-07  7.56592e-21 -1.12868e-07 -1.29563e-20  7.64837e-08  1.96107e-20 -2.89299e-08 -2.61677e-20 -5.45107e-09  3.06015e-20  1.46082e-08 -3.09803e-20 -6.77512e-09  2.64067e-20 -1.65001e-09 -1.75579e-20  2.90286e-09  6.48174e-21 -4.20008e-10  4.15228e-21  -7.7105e-10 -1.18832e-20  2.60778e-10  1.51384e-20  1.80213e-10  -1.3768e-20 -7.94468e-11  9.22853e-21 -4.35095e-11 -3.99531e-21  1.71532e-11  2.63848e-22  1.08724e-11  1.17502e-21 -2.35832e-12 -9.77643e-22   -2.459e-12  3.10004e-22  5.90948e-15  9.41221e-23  4.19717e-13 -1.50073e-22  9.12262e-14  6.94757e-23 -3.97938e-14 -8.92243e-24 -2.24013e-14 -6.37135e-24 -9.98145e-16  3.32904e-24   2.2696e-15 -4.19899e-26  7.39676e-16 -6.08771e-25 -2.15003e-18  2.89995e-25 -6.28757e-17 -3.37836e-26 -1.76736e-17 -2.47189e-26 -7.41219e-19  1.14702e-26  8.39883e-19 -1.40623e-27  2.61987e-19  1.12073e-28  2.96497e-20 -1.80462e-28 -2.79337e-21  6.34576e-29 -1.61622e-21 -4.36312e-30 -2.76351e-22 -5.28322e-30 -1.96065e-23  2.42446e-30  1.39195e-24  9.30934e-32  5.17327e-25 -1.52884e-31  6.19825e-26 -5.97525e-33   3.8018e-27  2.16039e-33  5.52469e-29  4.66389e-34 -9.96336e-30  2.45067e-35 -8.22207e-31 -4.10573e-36 -2.72311e-32 -1.11712e-37 -3.43452e-34  -3.2938e-39
 2.53541e-32   5.1222e-18 -2.40634e-30 -2.10833e-16  5.36203e-29   4.5752e-15 -6.20834e-28 -6.58138e-14  4.66164e-27  6.93023e-13 -2.49513e-26  -5.6444e-12  9.83362e-26  3.68007e-11  -2.7304e-25 -1.96505e-10  3.64822e-25  8.72823e-10  1.29673e-24 -3.25891e-09 -1.24609e-23  1.02965e-08  6.05226e-23  -2.7621e-08 -2.25457e-22  6.29236e-08  7.03718e-22 -1.21345e-07 -1.89913e-21  1.96608e-07  4.49013e-21 -2.63942e-07 -9.35722e-21  2.86346e-07  1.72369e-20 -2.39078e-07  -2.8096e-20  1.36309e-07  4.05033e-20 -2.99257e-08 -5.15248e-20 -2.87401e-08  5.75583e-20  3.02201e-08  -5.5914e-20 -6.73754e-09  4.62253e-20  -7.1742e-09 -3.06916e-20  4.90204e-09  1.30263e-20  7.88398e-10  2.97801e-21 -1.64163e-09 -1.43441e-20  3.60532e-11  1.93149e-20  4.41501e-10 -1.78343e-20 -2.90749e-11  1.19169e-20 -1.07813e-10  -4.9951e-21  1.47064e-12   1.1497e-22  2.35599e-11   1.6729e-21  2.61788e-12 -1.32411e-21 -4.10473e-12   4.2539e-22 -1.21999e-12  9.05021e-23  4.31198e-13 -1.61053e-22   2.8681e-13  7.17302e-23  8.62933e-15 -8.71192e-24 -3.54961e-14 -5.68389e-24 -1.06204e-14  2.67884e-24  9.52614e-16   1.3192e-25  1.32974e-15 -6.19298e-25  2.93953e-16  3.00378e-25  -2.3544e-17 -4.08743e-26 -2.78518e-17 -2.39867e-26 -6.25548e-18  1.17889e-26 -1.39198e-19 -1.77218e-27    2.687e-19  3.32931e-28  7.37228e-20 -1.74915e-28  8.06887e-21  3.27445e-29 -4.03083e-22 -4.65816e-30 -2.88406e-22  -2.8468e-30 -4.81011e-23  2.52756e-30 -3.82273e-24 -6.83596e-33  7.66259e-27 -1.47738e-31  3.84013e-26 -5.54259e-33  4.60322e-27  1.49048e-33  2.76251e-28  3.89912e-34  7.70199e-30   2.0378e-35 -3.68717e-32 -1.83072e-36  -7.6089e-33 -5.69314e-38 -1.09305e-34
-9.08418e-19  6.24916e-31  6.65518e-17 -2.58105e-29 -1.91847e-15   4.1054e-28  3.36473e-14  -3.8431e-27 -4.14631e-13  2.46773e-26  3.85988e-12 -1.16612e-25 -2.83403e-11  4.14113e-25   1.6876e-10 -1.05083e-24 -8.30555e-10  1.29673e-24  3.42215e-09  4.29218e-24 -1.19062e-08 -3.86694e-23  3.51555e-08  1.77019e-22 -8.82683e-08 -6.23886e-22  1.88231e-07  1.84691e-21 -3.39272e-07 -4.73396e-21  5.11841e-07  1.06389e-20 -6.35107e-07 -2.10843e-20  6.27718e-07  3.69489e-20 -4.62246e-07 -5.73112e-20  2.09042e-07  7.86409e-20    1.239e-09 -9.52595e-20 -8.05624e-08  1.01445e-19  5.01737e-08 -9.42722e-20   2.0239e-09  7.52714e-20 -1.78476e-08 -4.95383e-20  5.55125e-09  2.30298e-20  4.02886e-09 -3.58286e-22 -2.45143e-09  -1.5548e-20 -7.99943e-10  2.29815e-20  7.20428e-10 -2.18738e-20  1.84264e-10  1.47188e-20 -1.69541e-10 -6.04238e-21 -5.26782e-11  -5.6961e-23  3.08875e-11  2.19249e-21  1.47943e-11 -1.66493e-21 -3.33976e-12  5.30073e-22 -3.23969e-12  8.56096e-23 -1.55604e-13 -1.64678e-22  4.52513e-13  7.01241e-23  1.35515e-13 -8.75977e-24 -2.20542e-14 -4.03472e-24 -2.19017e-14  1.77405e-24 -3.81151e-15  2.31203e-25  1.02222e-15 -5.84701e-25  6.23543e-16  3.09122e-25  9.89217e-17 -5.06985e-26  -1.5011e-17 -2.19175e-26 -1.01598e-17  1.14018e-26 -1.93575e-18 -2.06587e-27  -3.4514e-20  6.09615e-28  6.78725e-20 -1.63193e-28  1.71104e-20 -6.34622e-30  1.87346e-21 -5.23545e-30 -1.12044e-23  2.67281e-32 -3.71224e-23  2.56064e-30 -6.15376e-24 -9.89583e-32 -5.09151e-25 -1.36107e-31  -1.5018e-26 -5.79314e-33  1.38884e-27  9.40442e-34  1.86984e-28  2.93397e-34  9.71752e-30  1.42804e-35  2.36589e-31  -6.4897e-37  1.78159e-33 -1.81791e-38
-4.83695e-32 -1.61005e-17  8.97493e-30  6.75006e-16 -2.22771e-28 -1.49313e-14  2.71542e-27   2.1912e-13  -2.1188e-26 -2.35597e-12  1.18337e-25  1.96113e-11 -4.99027e-25 -1.30815e-10  1.60865e-24  7.15447e-10 -3.75062e-24 -3.25891e-09  4.29218e-24  1.24959e-08  1.32754e-23 -4.06097e-08 -1.12452e-22  1.12262e-07  4.86314e-22 -2.64144e-07 -1.62444e-21  5.27599e-07  4.56615e-21 -8.88664e-07 -1.11233e-20   1.2467e-06  2.37683e-20   -1.425e-06 -4.47996e-20  1.27279e-06  7.46846e-20 -8.07523e-07 -1.10218e-19   2.5392e-07  1.43887e-19  1.08715e-07 -1.65786e-19 -1.72413e-07  1.67961e-19  6.23846e-08 -1.48829e-19  2.96421e-08  1.14283e-19 -3.28726e-08 -7.41563e-20   1.0021e-09  3.68427e-20  9.85377e-09 -6.69298e-21  -2.0463e-09 -1.45008e-20 -2.51179e-09  2.53366e-20  6.92803e-10 -2.53952e-20  6.24697e-10  1.73973e-20 -1.41367e-10 -7.06081e-21  -1.5098e-10  -2.4187e-22  1.23102e-11  2.69361e-21  3.16314e-11 -1.96789e-21  3.34863e-12  6.11968e-22 -4.75466e-12  7.93416e-23 -1.60206e-12 -1.59247e-22  3.11502e-13  6.45829e-23  2.97651e-13 -9.36065e-24  4.15281e-14  -1.5049e-24 -2.21911e-14  7.74757e-25 -1.05782e-14  2.14275e-25 -9.77404e-16 -5.13983e-25  5.99945e-16  3.18912e-25  2.43823e-16 -6.13173e-26  2.91212e-17 -1.90038e-26 -6.07016e-18  1.01118e-26  -3.0757e-18 -2.19547e-27 -5.22522e-19  9.26961e-28 -1.34726e-20 -1.51062e-28  1.31632e-20  -4.8939e-29  3.16794e-21 -6.11658e-30  3.49015e-22  2.93552e-30  9.43849e-24  2.52149e-30 -3.07729e-24 -1.68865e-31 -5.33395e-25 -1.20529e-31 -4.30443e-26 -6.19609e-33 -1.71688e-27  5.30245e-34 -1.06475e-30  1.94332e-34  3.05859e-30  8.32164e-36  1.16842e-31 -1.66945e-37  1.17505e-33
 2.58669e-18 -1.70157e-30 -1.93068e-16  9.36752e-29  5.67455e-15 -1.61509e-27 -1.01555e-13  1.58018e-26  1.27811e-12 -1.05139e-25 -1.21629e-11  5.17722e-25  9.13818e-11  -1.9659e-24 -5.57432e-10  5.78915e-24  2.81369e-09 -1.24609e-23 -1.19062e-08  1.32754e-23  4.26062e-08  3.84918e-23  -1.2962e-07 -3.07415e-22  3.36012e-07  1.25874e-21 -7.41657e-07 -3.99105e-21  1.38806e-06  1.06615e-20 -2.18377e-06 -2.46922e-20  2.84359e-06  5.01694e-20 -2.98042e-06 -8.99302e-20  2.37826e-06  1.42616e-19 -1.24972e-06 -2.00246e-19    1.702e-07  2.48655e-19  3.56345e-07 -2.72276e-19 -3.00129e-07   2.6188e-19  3.79735e-08 -2.20459e-19  8.68864e-08  1.62052e-19 -4.51103e-08 -1.03245e-19 -1.44455e-08  5.41515e-20  1.69429e-08 -1.66373e-20  1.55393e-09 -1.02649e-20 -4.82721e-09  2.55852e-20   -2.078e-10 -2.78897e-20  1.19587e-09    1.969e-20  1.11714e-10 -7.95684e-21 -2.53471e-10 -4.37246e-22 -5.57472e-11  3.14083e-21  4.02173e-11 -2.20575e-21  1.76571e-11  6.62427e-22 -3.01627e-12  7.11196e-23  -3.4537e-12 -1.44131e-22  -4.2986e-13  5.56757e-23  3.42557e-13 -1.07229e-23  1.45887e-13  1.63354e-24  3.53051e-15 -1.26311e-25 -1.34815e-14  6.31851e-26 -4.20691e-15  -4.2383e-25 -1.34213e-16  3.30955e-25  2.60269e-16 -7.00483e-26  8.11125e-17 -1.58958e-26  7.81899e-18  7.86946e-27 -1.79079e-18 -2.09793e-27 -7.66774e-19  1.25551e-27 -1.20727e-19 -1.42194e-28 -4.88329e-21 -8.94862e-29  1.84979e-21 -7.22781e-30  4.45824e-22  5.48661e-30  4.87526e-23  2.40635e-30  2.26762e-24 -2.08927e-31 -1.20536e-25 -1.03183e-31 -2.76296e-26 -6.30299e-33   -2.053e-27  2.47101e-34 -7.66697e-29  1.10421e-34 -1.12461e-30  3.89166e-36  6.17794e-33 -2.55327e-38
 -1.0953e-31  4.23367e-17 -2.64139e-29 -1.81024e-15  7.77919e-28  4.08724e-14 -1.01087e-26 -6.12756e-13  8.20079e-26   6.7367e-12 -4.73557e-25 -5.73961e-11  2.07893e-24  3.92277e-10 -7.16272e-24 -2.20078e-09  1.93757e-23  1.02965e-08 -3.86694e-23 -4.06097e-08  3.84918e-23  1.35971e-07  1.04964e-22 -3.87999e-07 -7.92545e-22  9.44504e-07  3.07889e-21 -1.95729e-06 -9.27823e-21   3.4329e-06  2.35672e-20 -5.04034e-06 -5.18917e-20  6.07642e-06  1.00225e-19 -5.80396e-06  -1.7082e-19  4.06778e-06  2.57698e-19 -1.64055e-06 -3.44331e-19 -2.28417e-07  4.06746e-19  8.07376e-07  -4.2303e-19 -4.19345e-07  3.85468e-19 -7.13466e-08 -3.06997e-19   1.7562e-07  2.14824e-19 -3.71282e-08 -1.33905e-19 -4.55963e-08  7.38052e-20  2.02649e-08 -3.03334e-20   1.0387e-08 -2.22214e-21 -6.32967e-09  2.31304e-20 -2.54363e-09 -2.89334e-20  1.48808e-09  2.13559e-20  6.88831e-10  -8.6381e-21 -2.49923e-10 -6.46103e-22 -1.75684e-10  3.50842e-21  1.74248e-11 -2.36077e-21  3.46274e-11  6.77742e-22  4.79737e-12  6.01994e-23   -4.115e-12 -1.20119e-22 -1.72848e-12  4.45535e-23   6.2654e-14 -1.28823e-23  2.19818e-13  4.95953e-24  5.60635e-14 -7.51166e-25 -4.86529e-15 -2.11737e-25 -6.22654e-15 -3.33366e-25 -1.42066e-15   3.4469e-25  1.84182e-17 -7.43811e-26  8.95298e-17 -1.32413e-26  2.31115e-17  4.83878e-27  1.98029e-18 -1.75924e-27  -3.9061e-19  1.55427e-27 -1.54015e-19 -1.37283e-28 -2.30338e-20 -1.22872e-28 -1.27692e-21 -8.36261e-30  1.66076e-22  7.36483e-30  4.45049e-23  2.21323e-30  4.72551e-24 -2.19149e-31  2.54995e-25 -8.55371e-32  2.05509e-27 -5.90405e-33 -6.68955e-28  6.86687e-35 -4.42207e-29  5.18326e-35 -1.13158e-30   1.3547e-36 -8.33376e-33
-6.16379e-18  2.29102e-30  4.69375e-16 -2.78215e-28 -1.40862e-14  5.39585e-27  2.57626e-13 -5.56638e-26 -3.31643e-12  3.83569e-25  3.23128e-11 -1.94959e-24 -2.48818e-10  7.70166e-24  1.55736e-09 -2.42357e-23 -8.07584e-09  6.05226e-23  3.51555e-08 -1.12452e-22  -1.2962e-07  1.04964e-22  4.07022e-07  2.70072e-22 -1.09133e-06 -1.93322e-21  2.49776e-06  7.13903e-21 -4.86275e-06  -2.0466e-20  7.99171e-06   4.9433e-20 -1.09367e-05  -1.0343e-19  1.21649e-05  1.89778e-19 -1.04982e-05 -3.07416e-19  6.29132e-06  4.41204e-19 -1.61061e-06 -5.61317e-19  -1.2122e-06  6.31157e-19  1.47186e-06 -6.23391e-19 -4.16856e-07  5.37044e-19 -3.22294e-07 -4.02634e-19  2.72539e-07   2.6633e-19  1.89049e-08 -1.61842e-19 -9.02121e-08  9.38379e-20   1.0232e-08 -4.72523e-20  2.45364e-08  9.67626e-21 -4.17188e-09  1.77418e-20 -6.26049e-09 -2.82771e-20  7.54233e-10  2.22264e-20  1.48916e-09 -9.03963e-21  1.75447e-11  -8.7012e-22 -2.95751e-10  3.78235e-21 -5.73615e-11 -2.42707e-21  3.94743e-11  6.59568e-22  1.83214e-11  4.60944e-23 -1.31468e-12  -8.9492e-23 -2.84561e-12  3.27377e-23 -6.17422e-13 -1.56555e-23  1.48096e-13  7.99565e-24  1.06041e-13 -9.83856e-25  1.71577e-14 -5.76093e-25 -3.76279e-15 -2.58004e-25 -2.33804e-15   3.5811e-25 -4.17438e-16 -7.28881e-26  1.70032e-17 -1.15182e-26  2.48759e-17  1.39964e-27  5.60565e-18 -1.22008e-27  4.68835e-19  1.77854e-27 -5.99329e-20 -1.34576e-28 -2.40144e-20 -1.45316e-28 -3.45001e-21 -9.21648e-30 -2.28104e-22  8.38148e-30  5.91085e-24  1.94715e-30  2.82967e-24 -2.05554e-31  2.86829e-25 -6.84483e-32  1.48701e-26 -5.03542e-33  3.35508e-28 -2.63069e-35 -2.88701e-30  1.87841e-35 -2.42211e-31  2.90932e-37
 1.56375e-30  -9.3234e-17  5.52478e-29  4.07226e-15 -2.26974e-27 -9.40017e-14  3.22144e-26  1.44208e-12 -2.73448e-25 -1.62388e-11   1.6305e-24  1.41853e-10 -7.37947e-24 -9.95124e-10  2.64412e-23  5.73728e-09  -7.6436e-23  -2.7621e-08  1.77019e-22  1.12262e-07 -3.07415e-22 -3.87999e-07  2.70072e-22  1.14507e-06  6.57914e-22 -2.88945e-06  -4.4769e-21  6.22438e-06  1.57417e-20 -1.13894e-05 -4.29525e-20  1.75321e-05  9.86062e-20 -2.23225e-05 -1.95846e-19  2.28028e-05  3.41005e-19 -1.75624e-05 -5.24664e-19  8.59015e-06  7.16502e-19 -4.82781e-07 -8.68815e-19 -3.06838e-06  9.31095e-19  2.21836e-06 -8.73758e-19 -9.65627e-08  7.10289e-19 -7.45798e-07 -4.98308e-19  3.11613e-07  3.08677e-19   1.5195e-07 -1.82104e-19 -1.30714e-07  1.11713e-19 -2.49209e-08 -6.60948e-20  3.92376e-08  2.47631e-20  5.14842e-09  9.63383e-21 -9.87803e-09 -2.58947e-20 -1.78725e-09   2.2249e-20  2.04647e-09 -9.15051e-21  6.49575e-10 -1.10165e-21 -2.95712e-10  3.95967e-21 -1.76466e-10 -2.41048e-21  1.19144e-11  6.14265e-22  3.06238e-11  2.89689e-23  6.09892e-12 -5.57799e-23 -2.42432e-12  2.17973e-23 -1.41576e-12 -1.86528e-23 -1.39628e-13  1.03285e-23  9.95814e-14 -8.02974e-25  4.14787e-14  -9.8227e-25  4.18613e-15 -2.04748e-25 -1.69824e-15  3.68427e-25 -7.32884e-16 -6.57782e-26 -1.08792e-16 -1.09032e-26  5.20108e-18 -1.91975e-27  5.55081e-18 -5.65511e-28  1.13417e-18  1.89056e-27   9.7652e-20 -1.31267e-28 -5.43718e-21 -1.54902e-28 -2.74406e-21 -9.49391e-30  -3.8014e-22   8.4982e-30 -2.67646e-23  1.62387e-30 -4.60683e-25 -1.77105e-31  9.27819e-26 -5.24679e-32  9.25812e-27 -3.88771e-33  3.89409e-28 -5.88855e-35  7.12803e-30  4.49481e-36  2.83466e-32
