 6.39328e-12 -2.74425e-27 -1.32636e-10  1.05924e-25  1.01519e-09 -1.16764e-24 -4.37299e-09  6.96842e-24  1.20047e-08  -2.6903e-23 -2.18961e-08  7.17628e-23  2.62162e-08  -1.3191e-22 -1.86881e-08  1.46892e-22  4.71966e-09 -1.52506e-23  3.39728e-09 -3.12202e-22 -2.30835e-09  7.18215e-22 -6.40941e-10 -9.44472e-22   6.4609e-10   8.0703e-22  2.16414e-10 -3.93492e-22 -1.32944e-10 -7.71574e-24 -8.23179e-11  1.83584e-22  9.22015e-12 -1.57246e-22  2.17726e-11  8.12567e-23   5.7903e-12 -5.03524e-23 -2.30256e-12  5.40416e-23 -2.12838e-12 -5.25097e-23 -5.01467e-13  3.56381e-23  1.56256e-13 -1.59523e-23   1.6105e-13  3.38419e-24  5.28486e-14  1.39886e-24  1.22971e-15 -1.65056e-24 -7.10318e-15  5.12887e-25  -3.7417e-15  2.30993e-25 -9.66613e-16 -3.03757e-25  -3.2667e-17  1.44717e-25  9.27412e-17 -4.42071e-26  4.90066e-17   1.5384e-26  1.46763e-17 -8.79505e-27  2.54742e-18  3.44548e-27 -3.93942e-20  9.13405e-28 -2.13298e-19 -1.57121e-27 -9.12331e-20  3.99988e-28 -2.52486e-20  1.61961e-28 -5.07446e-21 -8.36542e-29 -6.74534e-22 -1.02179e-29 -1.34434e-23  1.06781e-29  2.43464e-23 -4.78887e-31  9.03708e-24 -7.65448e-31  2.16227e-24  1.35635e-31  4.03936e-25  5.17021e-32  6.16427e-26  -9.0378e-33  7.66251e-27 -3.43478e-33  7.33783e-28  5.51188e-34  4.22024e-29   1.9053e-34 -1.73062e-30 -4.46364e-35  -9.2329e-31 -1.00403e-35 -1.60174e-31  2.33398e-36 -1.98617e-32  5.90425e-37 -1.97309e-33 -2.80468e-38 -1.62468e-34 -1.40041e-38 -1.11822e-35  7.96655e-40 -6.41031e-37  4.89772e-40 -3.03801e-38  4.19136e-41 -1.16485e-39 -4.23918e-43 -3.44487e-41  -2.5346e-43 -7.08895e-43 -1.68729e-44 -1.00406e-44 -2.11727e-46 -1.58608e-46  1.19888e-47
-2.74425e-27  1.94526e-10 -6.36761e-26 -2.27862e-09   1.7002e-24  1.31466e-08 -1.49853e-23 -4.62555e-08   7.5862e-23  1.07116e-07 -2.56267e-22  -1.6614e-07  6.07735e-22  1.66151e-07 -9.94444e-22 -9.03865e-08  9.46938e-22  2.93757e-09  1.30998e-22  2.57933e-08 -2.29319e-21 -6.74378e-09  4.53742e-21 -6.63288e-09  -5.3341e-21  1.79009e-09  4.01716e-21   1.9364e-09 -1.53859e-21  -1.2526e-10 -4.25049e-22 -5.08073e-10  1.02646e-21 -1.16512e-10 -7.03078e-22  7.72445e-11  3.03344e-22  5.41015e-11 -1.93259e-22  5.58399e-12   2.3252e-22 -8.41525e-12 -2.24108e-22 -4.84947e-12  1.44267e-22 -7.44928e-13 -5.95705e-23  4.73512e-13  9.77588e-24  3.53675e-13  7.35806e-24  1.03797e-13 -7.03564e-24  1.15371e-15  2.00482e-24 -1.34993e-14  9.19536e-25 -6.95512e-15 -1.07304e-24 -1.88447e-15  4.35583e-25 -1.65824e-16 -1.01729e-25  1.12798e-16  3.70458e-26  7.02474e-17 -3.31205e-26  2.32565e-17  1.65429e-26  5.02843e-18  2.49736e-27  5.24283e-19 -6.06932e-27 -1.15061e-19  1.43937e-27 -8.13875e-20  6.92173e-28 -2.66792e-20 -3.06033e-28  -6.2895e-21 -4.81702e-29 -1.13089e-21  3.60956e-29 -1.45103e-22 -3.35959e-31  -7.6478e-24 -2.46113e-30   2.3224e-24   4.2218e-31  9.42491e-25  1.90023e-31  2.14657e-25 -3.00036e-32  3.74698e-26 -1.27009e-32  5.38427e-27  1.96979e-33   6.5053e-28  6.83544e-34   6.5966e-29  -1.3421e-34  5.47873e-30 -3.03872e-35  3.46565e-31  7.54638e-36  1.24406e-32  1.85137e-36 -4.80736e-34 -1.04772e-37 -1.33419e-34 -4.91963e-38 -1.38702e-35  1.11446e-39 -1.00058e-36  1.30584e-39 -5.51343e-38  1.27097e-40 -2.34985e-39  1.56692e-42 -7.36914e-41 -5.14311e-43 -1.54893e-42 -3.73972e-44 -2.11894e-44 -3.63683e-46 -1.67909e-46
-1.32636e-10 -6.36761e-26  2.89969e-09 -8.33592e-25 -2.34792e-08  1.68705e-23  1.07536e-07 -1.23086e-22 -3.16078e-07   5.3839e-22  6.23865e-07 -1.60947e-21 -8.23767e-07  3.41706e-21  6.77736e-07 -4.98781e-21 -2.53526e-07   3.9884e-21  -7.6574e-08  1.75157e-21  1.01527e-07 -1.12757e-20   3.6942e-09  1.94226e-20 -2.90507e-08 -2.04213e-20 -2.12313e-09  1.34358e-20  7.46878e-09 -3.68057e-21  1.98396e-09 -2.62953e-21 -1.34595e-09  3.67592e-21 -8.78954e-10 -2.03348e-21  3.21225e-12   7.0391e-22   1.9308e-10  -4.9982e-22  7.88108e-11  6.93214e-22 -3.98329e-12 -6.58347e-22 -1.67367e-11  4.01308e-22 -7.21182e-12 -1.53036e-22 -6.58634e-13  1.80346e-23   8.3389e-13  2.42921e-23  5.18676e-13 -2.03767e-23  1.43294e-13   5.3521e-24  3.15911e-15  2.57658e-24 -1.63587e-14  -2.6384e-24 -8.58041e-15  8.72201e-25 -2.47985e-15 -1.06882e-25 -3.46749e-16  4.24157e-26  6.51766e-17 -8.79649e-26   6.0565e-17  5.44277e-26  2.26239e-17   4.2184e-27  5.69236e-18 -1.67823e-26  9.59619e-19  3.70516e-27   5.6891e-20   2.0158e-27 -2.97542e-20 -7.70791e-28 -1.43438e-20 -1.49636e-28 -3.99071e-21   8.2987e-29 -8.38979e-22  1.79171e-30 -1.40249e-22 -5.28773e-30 -1.82436e-23   1.0527e-30 -1.58865e-24  4.90763e-31 -4.18272e-27 -7.33811e-32  3.28649e-26 -3.21391e-32  8.26197e-27   4.8855e-33  1.38972e-27  1.67537e-33   1.8559e-28 -2.77349e-34  2.06625e-29 -5.86918e-35  1.94951e-30  1.85431e-35  1.56196e-31  4.11697e-36  1.05444e-32 -2.89288e-37  5.89128e-34 -1.22863e-37  2.63897e-35 -9.88793e-40  8.86689e-37  2.31286e-39  1.82399e-38  2.55446e-40 -2.60565e-41  6.68418e-42  -1.4031e-41 -6.65373e-43 -3.54682e-43 -4.65021e-44  -5.4848e-45 -2.46516e-46
 1.05924e-25 -2.27862e-09 -8.33592e-25    2.823e-08 -7.54279e-24  -1.7302e-07  1.21976e-22   6.5045e-07 -7.55036e-22 -1.62284e-06  2.89529e-21  2.74819e-06 -7.73326e-21  -3.0796e-06  1.47903e-20  2.02547e-06 -1.92889e-20 -3.79677e-07  1.26153e-20 -4.54553e-07  1.05452e-20  2.42901e-07 -4.28399e-20  9.85978e-08  6.49495e-20 -7.21767e-08 -6.10784e-20  -3.1904e-08  3.46458e-20  1.46304e-08  -5.3292e-21  1.13002e-08 -9.90772e-21 -5.82828e-10  9.91611e-21 -2.86923e-09 -4.35364e-21 -8.93825e-10  1.08281e-21  2.74362e-10 -1.00693e-21  3.01355e-10  1.65005e-21  7.97337e-11 -1.53406e-21 -1.97091e-11  8.85909e-22 -2.36902e-11 -3.13922e-22 -8.31498e-12  2.38993e-23 -3.80103e-13  6.04637e-23  1.05634e-12 -4.66848e-23  5.90458e-13  1.13308e-23  1.60642e-13  5.88006e-24  8.45001e-15 -5.26358e-24  -1.4233e-14  1.33831e-24 -7.96169e-15  9.12746e-26 -2.47677e-15 -3.64436e-26 -4.57402e-16 -1.88057e-25 -5.40813e-18  1.42874e-25  3.28908e-17  4.10829e-27  1.49378e-17 -3.81913e-26  4.27866e-18  7.79673e-27  8.93934e-19  4.66071e-27  1.28734e-19  -1.5409e-27   6.3858e-21 -3.58411e-28 -3.19545e-21  1.48547e-28 -1.35631e-21  6.70499e-30 -3.39101e-22 -8.68397e-30 -6.51244e-23  2.45355e-30 -1.02089e-23  1.05079e-30 -1.31804e-24 -1.47614e-31 -1.36075e-25 -6.45562e-32 -9.98137e-27  9.61463e-33 -2.16141e-28  3.18184e-33   8.0553e-29 -4.65698e-34  1.74587e-29 -7.80632e-35  2.29508e-30  3.98082e-35  2.31474e-31  7.66218e-36   1.8963e-32 -6.28402e-37  1.28216e-33 -2.47313e-37  7.14668e-35 -8.20684e-39  3.24065e-36  3.08798e-39  1.15842e-37  3.88416e-40  3.11571e-39   1.2796e-41  5.97295e-41 -6.30534e-43  7.81625e-43 -3.61886e-44  3.58188e-45
 1.01519e-09   1.7002e-24 -2.34792e-08 -7.54279e-24    2.019e-07 -5.16756e-23 -9.86893e-07  6.91148e-22  3.11679e-06 -3.69754e-21 -6.67654e-06  1.25793e-20   9.7328e-06 -3.02744e-20 -9.17706e-06  5.24603e-20   4.5634e-06 -6.12043e-20  2.26927e-07  3.14492e-20 -1.51281e-06     4.42e-20  2.88844e-07 -1.33592e-19  4.15935e-07  1.79921e-19  -8.2587e-08 -1.51186e-19 -1.22647e-07  7.24458e-20  1.74227e-09  -8.4911e-22  3.19876e-08 -2.79323e-20  8.66506e-09  2.15328e-20 -4.73483e-09 -7.11773e-21 -3.72181e-09  8.13733e-22 -4.69466e-10 -1.67439e-21  5.69546e-10  3.31635e-21  3.50566e-10 -3.00154e-21  5.85604e-11  1.64707e-21 -3.37388e-11 -5.49602e-22 -2.65684e-11  2.36939e-23 -8.06373e-12  1.22831e-22 -1.55561e-13 -9.03522e-23  1.04397e-12   2.0314e-23  5.52681e-13  1.15702e-23  1.53365e-13 -9.14452e-24  1.45203e-14  1.70533e-24 -8.88991e-15  6.97451e-25 -5.73364e-15 -3.35245e-25 -1.93731e-15 -3.39672e-25 -4.29833e-16  3.19369e-25 -4.86314e-17 -1.10682e-27  8.20237e-18 -7.55335e-26  6.51685e-18  1.40434e-26  2.19737e-18   9.1065e-27  5.28866e-19 -2.58214e-27  9.76436e-20 -7.05274e-28    1.324e-20  2.16193e-28  9.34015e-22  1.19299e-29 -1.28787e-22 -1.13923e-29  -6.6211e-23  5.39998e-30 -1.58195e-23  2.00737e-30  -2.8179e-24 -2.46855e-31 -4.09979e-25 -1.08357e-31 -5.01234e-26  1.57447e-32 -5.17304e-27  4.80301e-33 -4.44917e-28 -7.09378e-34 -3.06637e-29 -5.99358e-35 -1.51022e-30  7.73031e-35 -2.70011e-32  1.28804e-35  4.01772e-33 -1.09143e-36  5.55662e-34  -4.1826e-37  4.22552e-35 -2.18291e-38  2.27526e-36  3.21272e-39  8.95293e-38  4.67047e-40  2.51065e-39    1.594e-41  4.76969e-41 -4.60321e-43  5.28683e-43 -1.64083e-44
-1.16764e-24  1.31466e-08  1.68705e-23  -1.7302e-07 -5.16756e-23  1.13133e-06 -2.82458e-22 -4.56309e-06  3.20139e-21  1.23115e-05 -1.50191e-20 -2.28254e-05   4.5796e-20  2.86447e-05 -1.00079e-19 -2.23521e-05     1.58e-19  7.40865e-06 -1.65099e-19  3.31493e-06  6.23994e-20 -3.46639e-06  1.45387e-19 -3.38688e-07 -3.53931e-19  1.05493e-06  4.26605e-19   1.2726e-07  -3.1957e-19 -2.78932e-07  1.25189e-19 -8.59844e-08  2.17244e-20  5.07407e-08 -6.38284e-20  3.65144e-08  3.89379e-20  4.95162e-10 -8.48922e-21 -8.11283e-09 -1.18159e-21 -3.45789e-09 -2.36413e-21  1.58103e-10  5.79223e-21  7.52222e-10 -5.08116e-21  3.30235e-10   2.6659e-21  2.97888e-11 -8.57185e-22 -3.99737e-11  2.06326e-23 -2.49761e-11  2.12999e-22 -6.91156e-12 -1.53399e-22 -1.08806e-13  3.21787e-23  8.32227e-13  2.01221e-23  4.35532e-13 -1.44641e-23   1.2617e-13  2.07036e-24  1.75831e-14  1.88859e-24  -3.4453e-15 -1.07786e-24 -3.16859e-15 -5.30062e-25 -1.18799e-15  6.30583e-25 -3.01129e-16 -1.46887e-26 -5.15967e-17 -1.33534e-25  -3.4051e-18   2.2011e-26  1.45069e-18  1.55266e-26  7.29027e-19 -3.71532e-27  2.05453e-19 -1.17519e-27  4.36167e-20  2.56187e-28  7.38954e-21  9.13389e-30  9.87915e-22 -1.20801e-29  9.36269e-23  1.08986e-29  2.74043e-24  3.54522e-30 -1.21539e-24 -3.30951e-31 -3.45727e-25 -1.53594e-31 -5.98007e-26  2.18789e-32 -8.03094e-27  5.52386e-33 -8.90948e-28 -1.08766e-33 -8.33739e-29  2.21039e-35 -6.61079e-30   1.3615e-34 -4.41859e-31  2.02747e-35  -2.4563e-32 -1.52306e-36 -1.10888e-33 -6.04721e-37  -3.8937e-35 -3.95608e-38   -9.844e-37  2.57641e-39  -1.5255e-38  4.50443e-40 -5.58063e-41  1.39851e-41  3.73548e-42 -2.59666e-43  6.07878e-44
-4.37299e-09 -1.49853e-23  1.07536e-07  1.21976e-22 -9.86893e-07 -2.82458e-22  5.17312e-06 -1.27429e-21 -1.76336e-05  1.24621e-20   4.1155e-05 -5.18816e-20 -6.63825e-05  1.43074e-19  7.14524e-05 -2.85986e-19 -4.47604e-05  4.13681e-19  6.42393e-06 -3.87737e-19   1.1585e-05   9.5322e-20 -5.46446e-06  3.96904e-19 -2.71505e-06 -8.15021e-19  1.74898e-06  8.84382e-19  8.80802e-07 -5.88176e-19 -3.69045e-07  1.77948e-19 -3.12779e-07  8.03095e-20  1.29761e-08  -1.2329e-19  8.17647e-08  5.96672e-20  2.60826e-08  -5.3552e-21 -8.33796e-09 -6.13595e-21 -9.18044e-09 -2.86914e-21 -2.39589e-09  8.93489e-21  6.73659e-10 -7.57114e-21  7.70724e-10  3.83887e-21  2.65461e-10 -1.23097e-21  7.30091e-12  2.94374e-23 -3.74104e-11  3.24421e-22 -2.03249e-11 -2.34072e-22 -5.38807e-12  4.66901e-23 -1.89751e-13   3.1111e-23  5.37509e-13 -2.14358e-23  2.90281e-13  3.07223e-24  8.89984e-14  3.69654e-24  1.60571e-14 -2.58171e-24 -1.07922e-17 -7.21745e-25 -1.25701e-15  1.12555e-24 -5.58437e-16 -3.68973e-26 -1.58873e-16 -2.14552e-25  -3.3133e-17  2.99741e-26 -4.79532e-18  2.34955e-26 -2.55065e-19 -4.61345e-27  1.10785e-19 -1.67621e-27  4.79637e-20  2.34095e-28  1.20195e-20 -1.62808e-29  2.30812e-21 -1.04392e-29  3.62184e-22  1.97475e-29  4.70377e-23  5.86033e-30   4.9537e-24 -3.10319e-31  3.89499e-25 -1.78969e-31   1.5143e-26  2.58958e-32 -1.58354e-27  3.75997e-33 -4.38475e-28 -1.77925e-33 -5.97022e-29  1.72266e-34 -5.99362e-30  2.16737e-34 -4.80216e-31  3.01193e-35 -3.13678e-32 -1.68015e-36 -1.66809e-33 -7.52609e-37 -7.10629e-35 -5.53783e-38 -2.35381e-36  1.48346e-39 -5.79313e-38  3.47492e-40 -9.59403e-40  8.64027e-42 -7.76705e-42 -1.02319e-43
 6.96842e-24 -4.62555e-08 -1.23086e-22   6.5045e-07  6.91148e-22 -4.56309e-06 -1.27429e-21  1.98525e-05 -4.85806e-21 -5.82098e-05   4.1568e-20   0.00011862  -1.5512e-19 -0.000166901  3.90118e-19   0.00015277  -7.1843e-19 -7.24545e-05  9.57836e-19  -7.5815e-06 -8.07101e-19   2.6962e-05  9.51936e-20  -4.3929e-06  9.29156e-19 -7.84928e-06 -1.65844e-18   1.4266e-06  1.62747e-18  2.39835e-06 -9.54854e-19 -2.43244e-08  1.99171e-19 -6.53829e-07  1.93899e-19 -1.76787e-07 -2.06579e-19  1.04708e-07  7.79114e-20  8.07777e-08  5.73833e-21  8.84534e-09 -1.48408e-20 -1.36531e-08 -2.99782e-21 -8.06046e-09  1.22784e-20 -1.17932e-09 -1.00193e-20  9.05969e-10  4.99722e-21  6.60968e-10 -1.67064e-21  1.89695e-10  7.37659e-23 -3.56022e-12  4.42066e-22 -2.90854e-11 -3.25981e-22 -1.45629e-11   6.4235e-23 -3.85736e-12  4.22973e-23 -2.76981e-13 -3.01687e-23  2.73854e-13  6.13488e-24  1.62003e-13  5.89727e-24  5.30932e-14  -5.2346e-24  1.14309e-14 -8.58967e-25  1.17709e-15  1.84479e-24 -2.70293e-16  -6.0807e-26 -1.88672e-16 -3.16615e-25 -6.19184e-17  3.46094e-26 -1.46936e-17  3.17756e-26   -2.687e-18 -4.85778e-27 -3.62299e-19 -2.02799e-27 -2.58618e-20  1.25436e-28  3.25604e-21 -8.18718e-29  1.70988e-21 -8.24796e-30  4.06253e-22  3.18715e-29  7.16989e-23  9.06282e-30  1.03242e-23 -5.17736e-32  1.24953e-24 -1.52838e-31  1.27928e-25  2.57205e-32  1.09803e-26 -2.23241e-33  7.67893e-28 -3.02939e-33  4.06366e-29  3.59168e-34  1.23202e-30  3.11336e-34  -3.1632e-32  4.18858e-35 -7.53248e-33 -1.35779e-36 -5.95601e-34 -8.06096e-37 -3.07895e-35 -6.24303e-38 -1.12045e-36  4.51212e-40 -2.79445e-38  2.10839e-40 -4.18893e-40  3.51746e-42 -2.19473e-42
 1.20047e-08   7.5862e-23 -3.16078e-07 -7.55036e-22  3.11679e-06  3.20139e-21 -1.76336e-05 -4.85806e-21  6.52697e-05 -1.59198e-20 -0.000166863  1.20503e-19  0.000298946 -4.06652e-19 -0.000366923  9.40199e-19  0.000281117 -1.60701e-18    -8.84e-05  1.98761e-18 -4.78283e-05  -1.5112e-18  4.67891e-05 -6.02818e-21  5.46742e-06   1.9059e-18 -1.51774e-05  -3.0201e-18 -1.87365e-06  2.68947e-18  4.25886e-06 -1.37905e-18  1.28373e-06  1.45926e-19  -8.4739e-07  3.73661e-19 -5.85249e-07 -3.05674e-19  1.11249e-08  8.59923e-20  1.43812e-07  2.69513e-20  5.71988e-08 -2.69998e-20 -5.74814e-09 -2.70157e-21 -1.44143e-08   1.5064e-20 -5.86492e-09 -1.17943e-20 -2.80774e-10  5.95995e-21  8.69844e-10 -2.18004e-21  4.94343e-10  1.74682e-22  1.24817e-10  5.44113e-22 -5.14507e-12 -4.17489e-22 -1.91637e-11  8.62473e-23 -9.23507e-12  4.87083e-23 -2.51918e-12 -4.02329e-23 -2.91799e-13  1.34783e-23   1.0004e-13   7.9597e-24  7.37148e-14 -9.43465e-24   2.6238e-14 -8.89625e-25  6.41538e-15  2.80698e-24  1.04406e-15 -6.85821e-26  5.05746e-17 -4.32112e-25 -3.65522e-17  3.11586e-26  -1.6608e-17  3.83163e-26 -4.52612e-18 -4.04007e-27 -9.40992e-19 -1.98289e-27 -1.56829e-19 -6.85116e-29 -2.06815e-20 -2.01459e-28 -1.94327e-21 -9.77461e-30 -6.02049e-23  4.57363e-29   2.3183e-23  1.30481e-29  6.57967e-24  5.86679e-31  1.11947e-24 -4.05268e-32   1.4723e-25  2.01843e-32   1.5947e-26 -1.36758e-32  1.45288e-27 -5.04702e-33  1.11848e-28  5.19985e-34  7.23879e-30  4.03708e-34  3.88661e-31  5.38382e-35  1.69192e-32 -5.30777e-37  5.76159e-34 -7.37123e-37  1.44611e-35 -5.73173e-38  2.35593e-37 -1.40585e-40  1.63703e-39  9.73759e-41 -6.38868e-42  7.63318e-43
 -2.6903e-23  1.07116e-07   5.3839e-22 -1.62284e-06 -3.69754e-21  1.23115e-05  1.24621e-20 -5.82098e-05 -1.59198e-20   0.00018676 -4.54097e-20 -0.000420742  3.06791e-19  0.000665921 -9.43842e-19  -0.00071087  2.02243e-18  0.000443182 -3.23349e-18 -5.80579e-05  3.73714e-18 -0.000124964 -2.57876e-18  5.94461e-05 -3.00471e-19  3.03057e-05   3.4789e-18  -2.0657e-05 -4.97237e-18 -1.01039e-05  4.02828e-18  4.84606e-06 -1.78117e-18  3.82598e-06 -2.08897e-20 -3.34865e-07  6.13788e-19 -1.10571e-06  -4.0497e-19 -3.10045e-07  7.75173e-20  1.41867e-07  5.76733e-20  1.31024e-07 -4.08685e-20  2.87259e-08 -2.21295e-21 -1.31783e-08   1.6394e-20 -1.20426e-08 -1.22504e-20 -3.68159e-09  6.59997e-21  1.69819e-10 -2.75079e-21  6.80207e-10  3.34559e-22   3.3054e-10   6.0473e-22  7.77027e-11 -4.91125e-22 -2.58733e-12  1.14356e-22 -1.07127e-11  4.22054e-23 -5.15808e-12 -5.00073e-23 -1.47497e-12  2.78122e-23 -2.33951e-13  9.10135e-24  1.59353e-14  -1.5497e-23  2.57918e-14 -7.98022e-25  1.04069e-14  3.99673e-24  2.82351e-15 -3.05923e-26  5.64214e-16 -5.47972e-25  7.62351e-17  1.41468e-26  2.45408e-18    4.055e-26  -2.3086e-18 -1.87616e-27 -8.85604e-19 -1.27872e-27 -2.12413e-19 -3.09814e-28 -3.96326e-20 -3.77428e-28 -6.07388e-21 -2.11336e-29 -7.72256e-22  5.82181e-29 -7.97931e-23  1.74117e-29 -6.19233e-24  1.70159e-30 -2.48827e-25  1.82972e-31  2.08241e-26  9.42377e-33  5.97299e-27 -3.06206e-32  7.94129e-28 -7.87766e-33  7.68856e-29  5.82323e-34  5.88911e-30  4.72796e-34  3.64263e-31  6.32354e-35  1.81272e-32   5.9124e-37   7.1173e-34 -5.64119e-37  2.12178e-35 -4.24404e-38  4.46129e-37 -2.56924e-40  5.66632e-39  3.24504e-41   2.9179e-41
-2.18961e-08 -2.56267e-22  6.23865e-07  2.89529e-21 -6.67654e-06 -1.50191e-20   4.1155e-05   4.1568e-20 -0.000166863 -4.54097e-20  0.000470933 -1.13786e-19 -0.000942906  6.91192e-19   0.00132236  -1.9537e-18  -0.00121933  3.91294e-18  0.000586819 -5.90179e-18  6.54869e-05  6.42641e-18  -0.00023496 -4.06003e-18  4.31912e-05 -8.70291e-19  7.15458e-05  5.71795e-18 -1.60966e-05 -7.46494e-18 -2.31568e-05  5.51075e-18   1.4186e-06 -2.06153e-18   6.9376e-06 -3.16319e-19  1.52071e-06  8.87514e-19 -1.32809e-06 -4.86215e-19   -8.734e-07  5.05673e-20 -3.73963e-08  9.42018e-20  1.82415e-07 -5.33873e-20  9.25641e-08 -2.13141e-21  7.53042e-09  1.54524e-20 -1.40711e-08 -1.09381e-20 -8.56991e-09  6.89574e-21 -2.06475e-09 -3.33674e-21  2.80287e-10  5.24801e-22  4.54558e-10  5.98506e-22  2.00312e-10 -5.23247e-22  4.63071e-11  1.47642e-22  1.41434e-13  1.20152e-23 -4.99318e-12 -5.61365e-23  -2.5012e-12  5.17517e-23 -7.56726e-13  8.47141e-24 -1.47799e-13 -2.35456e-23 -9.91217e-15 -6.35416e-25  5.86288e-15  5.35781e-24   3.1264e-15  9.07271e-26  9.51332e-16 -6.47866e-25  2.15168e-16 -2.15046e-26  3.75734e-17  3.59512e-26  4.73417e-18  1.70629e-27  2.62452e-19   2.9306e-28 -6.42604e-20 -5.22576e-28 -2.63945e-20 -5.95457e-28 -5.87429e-21  -4.8653e-29 -9.95489e-22  6.51738e-29 -1.38655e-22    2.149e-29 -1.62729e-23  3.29549e-30 -1.61671e-24  5.19977e-31 -1.34703e-25 -5.38619e-33 -9.16016e-27 -5.16554e-32 -4.75516e-28 -1.13222e-32 -1.49892e-29  4.93142e-34  1.81936e-31  4.99419e-34  6.27271e-32  6.72479e-35  4.77862e-33  1.64502e-36  2.27448e-34 -3.45383e-37  7.30982e-36 -2.44174e-38  1.49014e-37 -1.26671e-40  1.54105e-39   7.0977e-42
 7.17628e-23  -1.6614e-07 -1.60947e-21  2.74819e-06  1.25793e-20 -2.28254e-05 -5.18816e-20   0.00011862  1.20503e-19 -0.000420742 -1.13786e-19   0.00105725 -2.52077e-19  -0.00189433  1.38511e-18   0.00235673 -3.62558e-18  -0.00185385  6.85126e-18  0.000615027 -9.84045e-18   0.00032221  1.01892e-17 -0.000346878 -5.96708e-18 -2.76658e-05 -1.73524e-18  0.000119462  8.54287e-18  8.39978e-06 -1.02943e-17 -3.65851e-05  6.93082e-18   -8.621e-06 -2.13435e-18  8.53955e-06 -7.15916e-19  4.87888e-06  1.15198e-18 -5.90479e-07 -5.35726e-19 -1.45683e-06   8.8368e-21 -4.69205e-07  1.30982e-19  1.21179e-07 -6.07687e-20  1.58555e-07 -3.36739e-21  5.34402e-08  1.17055e-20 -3.28937e-09 -7.79328e-21 -1.13387e-08  6.94543e-21 -5.40804e-09 -3.83623e-21 -1.07677e-09   6.8445e-22    2.231e-10  5.09027e-22  2.64703e-10 -4.84675e-22  1.10431e-10  1.78518e-22  2.62063e-11 -5.36033e-23  1.46317e-12 -5.35567e-23 -1.84931e-12  8.71021e-23  -1.0267e-12   5.4338e-24 -3.31392e-13  -3.3421e-23 -7.45312e-14 -5.31154e-25 -1.04451e-14  6.79647e-24  1.06596e-16  3.32214e-25  6.11351e-16 -7.16245e-25  2.31088e-16  -7.9322e-26  5.85593e-17  2.26863e-26  1.15801e-17  6.52612e-27   1.8426e-18  2.82713e-27  2.29784e-19 -6.03223e-28  1.94766e-20 -8.24567e-28  1.77659e-22 -9.67407e-29 -3.28328e-22  6.26608e-29 -7.98934e-23  2.45555e-29 -1.27199e-23  5.26092e-30 -1.59229e-24  9.43727e-31  -1.6488e-25  -2.2615e-32 -1.43604e-26 -7.41205e-32 -1.05427e-27 -1.49482e-32 -6.47904e-29  2.41011e-34 -3.28333e-30   4.7337e-34 -1.33878e-31  6.42074e-35 -4.22528e-33  2.28925e-36 -9.67451e-35 -1.49459e-37 -1.43466e-36 -9.83845e-39 -1.12407e-38  2.34934e-42 -2.90964e-41
 2.62162e-08  6.07735e-22 -8.23767e-07 -7.73326e-21   9.7328e-06   4.5796e-20 -6.63825e-05  -1.5512e-19  0.000298946  3.06791e-19 -0.000942906 -2.52077e-19   0.00213142 -4.95554e-19   -0.0034368  2.47547e-18    0.0037897 -6.05228e-18  -0.00248912  1.09082e-17  0.000403731 -1.50785e-17  0.000715393  1.50018e-17      -0.0004 -8.27635e-18 -0.000168603  -2.8064e-18  0.000150136  1.16943e-17  5.84754e-05 -1.31243e-17 -4.09674e-05  8.05915e-18 -2.54122e-05 -1.96225e-18   5.5023e-06 -1.15425e-18  8.77604e-06  1.36116e-18  1.66961e-06  -5.5022e-19 -1.55796e-06 -4.03148e-20 -1.07454e-06  1.62839e-19 -1.39476e-07 -5.93064e-20  1.64147e-07 -6.87286e-21  1.10699e-07  5.01209e-21  2.57181e-08 -3.23825e-21 -6.31498e-09  6.93499e-21 -7.66243e-09 -4.10385e-21  -3.1071e-09  7.31042e-22 -5.46822e-10  3.43615e-22  1.27513e-10 -3.43048e-22  1.34788e-10  1.89171e-22  5.50638e-11  -1.6483e-22  1.37533e-11 -3.64252e-23  1.51897e-12  1.34216e-22 -4.72768e-13 -1.35178e-25 -3.41567e-13 -4.46358e-23 -1.19992e-13  -6.7108e-25 -2.99041e-14  8.19726e-24 -5.45075e-15  7.18961e-25 -6.08214e-16 -7.43111e-25   2.3152e-17 -1.60455e-25  3.35597e-17    1.025e-28  1.06348e-17  1.21499e-26  2.35442e-18  6.27028e-27   4.1587e-19 -4.41842e-28  6.07753e-20  -1.0235e-27  7.36172e-21 -1.65993e-28  7.17612e-22  4.84249e-29  5.07517e-23  2.61104e-29  1.41052e-24  7.40862e-30 -2.67446e-25  1.40326e-30 -5.77292e-26 -4.04596e-32 -6.96501e-27 -9.47105e-32  -6.2674e-28 -1.81891e-32 -4.47394e-29 -1.36819e-34 -2.56583e-30   3.9794e-34 -1.17136e-31  5.45058e-35 -4.14253e-33  2.36822e-36 -1.07806e-34 -2.15911e-38 -1.88063e-36 -1.73871e-39 -1.78686e-38   3.3698e-41
 -1.3191e-22  1.66151e-07  3.41706e-21  -3.0796e-06 -3.02744e-20  2.86447e-05  1.43074e-19 -0.000166901 -4.06652e-19  0.000665921  6.91192e-19  -0.00189433 -4.95554e-19   0.00388742 -8.65121e-19  -0.00566678  3.94468e-18      0.00552 -9.10017e-18   -0.0029151  1.58486e-17  -0.00015369 -2.13398e-17   0.00118545  2.06367e-17 -0.000318116 -1.09359e-17 -0.000368143 -3.87772e-18  0.000130238  1.47696e-17  0.000128403 -1.55584e-17 -2.45797e-05  8.70502e-18 -4.44793e-05 -1.57476e-18 -4.83835e-06 -1.54008e-18  1.09028e-05  1.48157e-18   5.3526e-06   -5.382e-19 -5.68659e-07 -9.00325e-20 -1.54381e-06  1.86969e-19  -5.9869e-07  -4.6153e-20  3.67983e-08 -1.31773e-20  1.40097e-07 -4.36132e-21  6.63359e-08  1.85471e-21  1.03694e-08  7.06875e-21 -5.44202e-09 -4.00551e-21 -4.53049e-09  5.78938e-22 -1.65279e-09  1.51914e-22 -2.80374e-10 -6.71283e-23  5.42382e-11  1.51263e-22  5.94293e-11 -3.27516e-22  2.44731e-11  1.18315e-25  6.49227e-12  1.91611e-22  1.02146e-12 -7.65948e-24 -2.85178e-14  -5.6405e-23 -8.40342e-14 -1.24201e-24 -3.42861e-14   9.4501e-24 -9.36786e-15  1.25521e-24  -1.9543e-15  -7.2765e-25 -3.11447e-16 -2.63378e-25 -3.30552e-17 -3.11434e-26 -2.22171e-19   1.7923e-26  9.38104e-19  1.04189e-26  2.83361e-19  4.82307e-29  5.67507e-20 -1.15217e-27  8.99656e-21 -2.52282e-28  1.18688e-21  2.30687e-29   1.3242e-22  2.61458e-29  1.24943e-23   9.5274e-30  9.83722e-25  1.83848e-30   6.2515e-26 -5.66401e-32  2.95054e-27 -1.10208e-31  7.45462e-29 -2.04855e-32 -2.46823e-30 -5.63604e-34 -4.20358e-31   2.8975e-34 -2.71763e-32  4.05793e-35 -1.11748e-33   1.9667e-36 -3.01427e-35  3.21331e-38 -4.83763e-37  8.39522e-40 -3.14915e-39
-1.86881e-08 -9.94444e-22  6.77736e-07  1.47903e-20 -9.17706e-06 -1.00079e-19  7.14524e-05  3.90118e-19 -0.000366923 -9.43842e-19   0.00132236  1.38511e-18   -0.0034368 -8.65121e-19     0.006457 -1.33674e-18  -0.00854054  5.58046e-18   0.00730119 -1.23087e-17  -0.00288316  2.10585e-17  -0.00108925 -2.80068e-17   0.00160546  2.66617e-17 -4.00448e-05 -1.38649e-17 -0.000578435 -4.67357e-18  3.03746e-05    1.732e-17  0.000197253 -1.72368e-17  2.07299e-05  8.76492e-18 -5.64668e-05 -1.06188e-18 -2.24955e-05  -1.7826e-18  8.25874e-06  1.50415e-18   9.2557e-06 -5.16257e-19  1.83279e-06 -1.38032e-19 -1.39951e-06  2.03556e-19  -1.0952e-06 -1.99186e-20 -2.51135e-07 -2.18857e-20  9.06306e-08 -1.57713e-20  9.56463e-08  6.36056e-21  3.55079e-08  7.48529e-21  3.52846e-09 -3.51219e-21 -3.50332e-09  1.57652e-22 -2.38849e-09  3.99644e-23 -8.19493e-10  3.67369e-22 -1.45199e-10  3.08286e-23  1.49984e-11 -5.40903e-22  2.21138e-11  5.79296e-23  9.47407e-12   2.5597e-22  2.67126e-12 -1.59017e-23  5.16651e-13 -6.77592e-23  4.80004e-14 -2.35691e-24 -1.09601e-14  1.04823e-23 -7.04502e-15  1.92134e-24 -2.19322e-15 -6.78902e-25 -5.03533e-16  -3.8406e-25 -9.21454e-17 -6.93451e-26  -1.3513e-17  2.30267e-26  -1.4971e-18  1.49418e-26 -9.27623e-20    8.979e-28  7.37706e-21 -1.18496e-27  3.54089e-21 -3.47284e-28  6.97055e-22 -9.64417e-30  1.00337e-22  2.52248e-29  1.16767e-23  1.14453e-29  1.13423e-24   2.1985e-30  9.28245e-26 -6.79159e-32  6.38772e-27 -1.18133e-31  3.65863e-28 -2.14211e-32   1.7122e-29 -9.44854e-34  6.35755e-31  1.73463e-34    1.788e-32  2.59206e-35  3.52399e-34  1.33225e-36  4.16767e-36  3.56862e-38  1.75553e-38  6.98202e-40
 1.46892e-22 -9.03865e-08 -4.98781e-21  2.02547e-06  5.24603e-20 -2.23521e-05 -2.85986e-19   0.00015277  9.40199e-19  -0.00071087  -1.9537e-18   0.00235673  2.47547e-18  -0.00566678 -1.33674e-18   0.00982696 -1.80997e-18   -0.0118276  6.93015e-18   0.00877487  -1.4899e-17  -0.00218765  2.56005e-17  -0.00231811 -3.41866e-17   0.00180887  3.24875e-17  0.000445636 -1.69411e-17 -0.000721704 -4.94195e-18 -0.000157878  1.89755e-17  0.000232237 -1.79229e-17  9.29326e-05  8.23975e-18 -4.98615e-05 -5.46366e-19 -4.31983e-05 -1.81802e-18 -1.33082e-06  1.44746e-18  1.11602e-05 -5.02273e-19  5.25615e-06 -1.88237e-19  -2.3144e-07  2.14667e-19 -1.31561e-06  1.89361e-20 -6.27299e-07 -3.13954e-20  -6.7106e-08 -2.82171e-20  8.17844e-08   9.2421e-21  5.63295e-08  8.18718e-21  1.75225e-08 -2.80301e-21  1.08537e-09 -5.75442e-22 -1.84824e-09  1.67946e-22 -1.12851e-09   9.7132e-22 -3.77033e-10 -2.01924e-22 -7.31101e-11 -7.96374e-22  1.65859e-13  1.34468e-22  6.57617e-12   3.2255e-22   3.0888e-12 -2.32719e-23  9.27627e-13 -7.77239e-23  2.03913e-13 -3.98767e-24  3.11609e-14  1.12856e-23  1.82706e-15  2.67895e-24 -7.46425e-16 -6.12569e-25 -3.43371e-16 -5.16356e-25 -8.99589e-17 -1.12219e-25 -1.80038e-17  2.65784e-26 -2.94481e-18  1.94184e-26 -4.00217e-19   2.0552e-27  -4.4648e-20 -1.12149e-27 -3.87103e-21 -4.40413e-28 -2.11257e-22 -4.35911e-29  3.82604e-24  2.43152e-29  2.78017e-24   1.3061e-29  4.26067e-25  2.45462e-30  4.46207e-26 -7.02579e-32  3.62589e-27 -1.17226e-31   2.3592e-28 -2.08204e-32  1.22988e-29 -1.19651e-33   5.0455e-31  7.32342e-35  1.56893e-32  1.36469e-35  3.45163e-34  7.26935e-37  4.64636e-36  2.03845e-38  2.40269e-38
 4.71966e-09  9.46938e-22 -2.53526e-07 -1.92889e-20   4.5634e-06     1.58e-19 -4.47604e-05  -7.1843e-19  0.000281117  2.02243e-18  -0.00121933 -3.62558e-18    0.0037897  3.94468e-18  -0.00854054 -1.80997e-18    0.0137833 -2.09792e-18   -0.0151271  7.36292e-18   0.00956161 -1.59437e-17 -0.000750964  2.84117e-17  -0.00363714 -3.88736e-17   0.00164313  3.74607e-17   0.00107939 -1.99845e-17 -0.000713542 -4.55508e-18 -0.000409883  1.95466e-17  0.000199626 -1.75455e-17   0.00017623   7.2188e-18  -1.6138e-05 -1.47881e-19 -5.86032e-05 -1.62621e-18 -1.74791e-05  1.35169e-18  8.63409e-06 -5.08685e-19  8.43386e-06 -2.49043e-19  1.98445e-06  2.22083e-19 -9.20927e-07  6.78904e-20 -9.08933e-07 -3.90738e-20 -3.04587e-07 -4.03262e-20  3.28372e-09  9.96497e-21  5.47016e-08  9.00824e-21  2.96788e-08 -2.33009e-21  8.18784e-09 -1.62923e-21  3.96164e-10  7.23133e-22 -8.16073e-10  1.73619e-21 -4.74963e-10 -5.60928e-22 -1.58537e-10 -1.07752e-21 -3.39871e-11  2.22827e-22 -2.77462e-12   3.8591e-22  1.35229e-12 -2.83447e-23  8.03332e-13 -8.55253e-23  2.61685e-13  -5.9345e-24  6.28345e-14  1.19266e-23  1.16218e-14  3.48243e-24  1.55728e-15 -5.44805e-25  9.68871e-17 -6.52366e-25 -2.09271e-17  -1.5731e-25 -9.41679e-18  2.77912e-26 -2.21129e-18  2.33857e-26 -3.92825e-19  3.37383e-27 -5.72248e-20 -9.90791e-28 -7.01991e-21 -5.21551e-28 -7.29534e-22 -7.19892e-29  -6.3759e-23  2.44197e-29 -4.58015e-24  1.43337e-29 -2.56165e-25  2.60202e-30 -9.48243e-27 -6.01994e-32 -3.51894e-29 -1.07727e-31  2.63989e-29 -1.87915e-32  2.31381e-30 -1.27115e-33  1.17847e-31  4.62981e-36   3.9786e-33  5.40462e-36  8.53063e-35  3.06609e-37  9.39035e-37  6.75409e-39
-1.52506e-23  2.93757e-09   3.9884e-21 -3.79677e-07 -6.12043e-20  7.40865e-06  4.13681e-19 -7.24545e-05 -1.60701e-18  0.000443182  3.91294e-18  -0.00185385 -6.05228e-18      0.00552  5.58046e-18   -0.0118276 -2.09792e-18    0.0179203 -1.96263e-18    -0.017957  6.26902e-18   0.00937777 -1.46748e-17    0.0013283    2.859e-17  -0.00477195 -4.11695e-17   0.00102718   4.0984e-17   0.00173605 -2.27566e-17 -0.000494449  -3.5716e-18 -0.000668175  1.90652e-17  7.92361e-05 -1.61925e-17    0.0002433  5.84362e-18  4.48926e-05   4.6183e-20  -5.8834e-05 -1.23271e-18 -3.62797e-05  1.26649e-18  3.09751e-07 -5.38283e-19   9.5348e-06 -3.29104e-19  4.66949e-06  2.25233e-19  2.46213e-07  1.22334e-19 -8.66434e-07 -4.19739e-20 -5.23248e-07  -5.0337e-20 -1.29343e-07  8.86525e-21  1.78898e-08   9.6286e-21  3.05232e-08 -2.79693e-21  1.42615e-08 -2.97734e-21  3.68578e-09   1.8696e-21  2.22982e-10  2.62961e-21 -2.97196e-10 -1.03533e-21 -1.75071e-10 -1.36148e-21 -5.95015e-11  3.13431e-22 -1.39424e-11  4.40773e-22 -1.96987e-12 -3.04223e-23  6.78183e-14 -9.07668e-23  1.48193e-13 -7.85084e-24  5.65531e-14  1.25346e-23  1.47573e-14   4.2921e-24  3.01338e-15 -4.85401e-25  4.94038e-16 -7.82732e-25  6.29757e-17 -2.02104e-25  5.28616e-18  2.61837e-26  -2.4985e-20  2.63917e-26 -1.16224e-19   4.6259e-27 -2.78752e-20 -8.46395e-28 -4.51935e-21 -5.83589e-28 -5.80473e-22 -8.93904e-29 -6.18404e-23  2.61533e-29 -5.54779e-24  1.52428e-29 -4.19775e-25  2.65103e-30 -2.66009e-26 -3.69315e-32 -1.39091e-27 -9.14019e-32 -5.85737e-29 -1.57039e-32 -1.91223e-30 -1.17222e-33  -4.5453e-32 -2.92556e-35 -6.99804e-34  1.13528e-36 -5.30947e-36  9.09881e-38 -7.29575e-39
 3.39728e-09  1.30998e-22  -7.6574e-08  1.26153e-20  2.26927e-07 -1.65099e-19  6.42393e-06  9.57836e-19    -8.84e-05 -3.23349e-18  0.000586819  6.85126e-18  -0.00248912 -9.10017e-18   0.00730119  6.93015e-18   -0.0151271 -1.96263e-18     0.021727 -1.20429e-18   -0.0198869   3.3511e-18   0.00812873 -1.08167e-17   0.00378924  2.56647e-17  -0.00545526 -4.04985e-17 -1.28774e-05  4.26411e-17   0.00225693 -2.49883e-17 -5.58696e-05 -2.23066e-18 -0.000856665  1.77544e-17 -0.000124043 -1.40648e-17  0.000263381  4.26929e-18  0.000122292 -5.67636e-21 -3.65666e-05 -6.97886e-19  -5.0893e-05  1.23736e-18 -1.29686e-05  -5.8336e-19  6.92767e-06 -4.32623e-19  6.70602e-06  2.20337e-19  1.98235e-06  1.75741e-19 -3.46287e-07 -3.79246e-20 -5.85756e-07 -5.61368e-20 -2.65332e-07   7.3209e-21 -4.97841e-08  9.63196e-21  1.36851e-08 -5.02616e-21   1.4787e-08 -4.55774e-21  6.29456e-09   3.6885e-21  1.59881e-09  3.59394e-21  1.47653e-10 -1.58734e-21 -8.40014e-11 -1.62128e-21 -5.48344e-11  3.96917e-22 -1.93346e-11  4.82796e-22 -4.86846e-12 -2.99453e-23  -8.7774e-13 -9.35265e-23 -8.51246e-14 -9.32372e-24  1.13506e-14  1.32649e-23   8.1959e-15  5.08304e-24  2.48251e-15 -4.33421e-25  5.50114e-16 -8.96991e-25  9.83447e-17 -2.43844e-25  1.45652e-17  2.17788e-26  1.77859e-18  2.80509e-26  1.71854e-19  5.54126e-27  1.13184e-20 -7.52887e-28  8.81215e-23 -6.23842e-28 -1.10416e-22 -9.32357e-29 -2.02955e-23  2.94558e-29  -2.3881e-24  1.57473e-29 -2.15442e-25  2.61448e-30 -1.55738e-26 -3.84673e-33 -9.08651e-28 -7.11921e-32 -4.22955e-29 -1.20981e-32 -1.52664e-30 -9.49286e-34  -4.0556e-32 -3.59692e-35 -7.17977e-34 -3.43616e-37 -6.72835e-36  1.46654e-38
-3.12202e-22  2.57933e-08  1.75157e-21 -4.54553e-07  3.14492e-20  3.31493e-06 -3.87737e-19  -7.5815e-06  1.98761e-18 -5.80579e-05 -5.90179e-18  0.000615027  1.09082e-17   -0.0029151 -1.23087e-17   0.00877487  7.36292e-18    -0.017957 -1.20429e-18    0.0247244  2.18599e-19   -0.0206601 -1.11532e-18   0.00593747 -4.78579e-18   0.00627981  1.97491e-17   -0.0055037 -3.67587e-17   -0.0013454  4.22927e-17    0.0024957 -2.64342e-17  0.000550776 -8.80282e-19 -0.000903579  1.59491e-17 -0.000377144 -1.14173e-17  0.000213229   2.6359e-18  0.000195521 -3.01511e-19  9.08467e-06 -9.93864e-20  -5.3722e-05  1.29474e-18 -2.77903e-05 -6.27586e-19  8.36794e-08 -5.56112e-19  6.82963e-06   2.0121e-19  3.69419e-06  2.20087e-19  6.07151e-07 -2.66199e-20 -3.84789e-07 -5.54117e-20 -3.29602e-07   7.6045e-21 -1.22777e-07  8.58769e-21 -1.84259e-08 -9.73573e-21  7.11389e-09 -6.27277e-21  6.29281e-09  6.13032e-21  2.54132e-09  4.54891e-21  6.55888e-10 -2.15823e-21  8.66558e-11 -1.82865e-21 -1.48376e-11  4.67158e-22   -1.383e-11  5.09046e-22 -5.22977e-12 -2.85856e-23 -1.39994e-12 -9.43445e-23 -2.86765e-13 -9.98854e-24 -4.34151e-14   1.4248e-23 -3.64633e-15  5.84509e-24  3.80663e-16 -3.77468e-25  2.47261e-16 -9.84264e-25  6.53756e-17 -2.79273e-25  1.26696e-17  1.51959e-26  1.99426e-18   2.8095e-26  2.63485e-19  5.86586e-27  2.94827e-20 -7.67588e-28  2.77923e-21 -6.43879e-28  2.16201e-22 -8.44202e-29  1.31996e-23  3.35683e-29  5.45276e-25  1.57723e-29  4.08525e-27  2.49895e-30 -1.61975e-27   3.1765e-32  -1.6452e-28 -5.04977e-32 -9.65897e-30 -8.54314e-33 -3.85275e-31 -6.75783e-34 -1.02898e-32   -2.789e-35 -1.62797e-34 -4.50931e-37 -9.97695e-37
-2.30835e-09 -2.29319e-21  1.01527e-07  1.05452e-20 -1.51281e-06  6.23994e-20   1.1585e-05 -8.07101e-19 -4.78283e-05  3.73714e-18  6.54869e-05 -9.84045e-18  0.000403731  1.58486e-17  -0.00288316  -1.4899e-17   0.00956161  6.26902e-18   -0.0198869  2.18599e-19    0.0265972  2.09195e-18    -0.020255 -6.20156e-18   0.00309921   2.3576e-18   0.00845365  1.15229e-17  -0.00486288 -3.03671e-17  -0.00276947  4.01122e-17   0.00235948 -2.69368e-17   0.00122533  1.29548e-19 -0.000764015  1.40018e-17 -0.000625774 -8.50572e-18  8.64923e-05  1.05433e-18  0.000240068 -8.08662e-19  7.06935e-05   4.8482e-19 -3.94003e-05  1.44828e-18 -3.89575e-05 -6.49387e-19 -9.83074e-06 -6.87619e-19  4.21381e-06  1.61437e-19   4.5787e-06  2.46519e-19   1.7069e-06 -1.02533e-20  8.38785e-08 -4.59313e-20  -2.5971e-07  1.23837e-20 -1.63002e-07  6.13695e-21 -5.31763e-08 -1.72876e-20 -7.12087e-09 -7.99215e-21  2.83125e-09  8.99883e-21  2.33986e-09   5.3993e-21  9.24879e-10 -2.68029e-21  2.46565e-10 -1.95679e-21   4.1687e-11  5.23269e-22  7.73042e-13  5.18111e-22 -2.48401e-12  -2.8959e-23 -1.10959e-12  -9.4101e-23 -3.18577e-13 -9.64257e-24 -7.04708e-14  1.55384e-23 -1.24586e-14  6.57377e-24 -1.71723e-15 -3.00745e-25 -1.59561e-16 -1.03441e-24 -1.16076e-18 -3.04609e-25  3.40682e-18  7.55263e-27  9.04901e-19  2.64046e-26  1.58448e-19  5.42383e-27  2.18731e-20 -9.23238e-28  2.50369e-21 -6.47984e-28  2.41747e-22 -6.67276e-29  1.97508e-23  3.72861e-29  1.35776e-24  1.52342e-29  7.75128e-26  2.30496e-30  3.59514e-27  6.11461e-32  1.30848e-28 -3.22849e-32  3.52968e-30 -5.49221e-33  6.35841e-32 -4.20241e-34   6.0349e-34 -1.60912e-35   9.4012e-37 -1.97335e-37
 7.18215e-22 -6.74378e-09 -1.12757e-20  2.42901e-07     4.42e-20 -3.46639e-06   9.5322e-20   2.6962e-05  -1.5112e-18 -0.000124964  6.42641e-18   0.00032221 -1.50785e-17  -0.00015369  2.10585e-17  -0.00218765 -1.59437e-17   0.00937777   3.3511e-18   -0.0206601  2.09195e-18    0.0272671   3.9339e-18    -0.018865  -1.0517e-17 -1.29706e-05  9.21146e-18     0.010053  2.06283e-18  -0.00360795 -2.21781e-17  -0.00406858  3.65404e-17   0.00183083 -2.64734e-17   0.00184486  5.46312e-19 -0.000433824  1.22081e-17 -0.000808675 -5.54954e-18 -0.000102169 -3.96503e-19  0.000235151 -1.47925e-18  0.000133645  9.87878e-19 -7.36629e-06  1.68648e-18 -4.12095e-05 -6.25874e-19 -2.00239e-05 -8.08275e-19 -1.01977e-06  9.70201e-20  3.96076e-06  2.46292e-19  2.50094e-06  6.65191e-21  6.87783e-07 -2.59434e-20 -4.56308e-08  2.39649e-20 -1.38967e-07  2.06452e-21  -7.2646e-08 -2.74972e-20 -2.18713e-08  -9.5642e-21 -3.01448e-09   1.1975e-20  8.44159e-10  6.04706e-21  7.44315e-10 -3.09033e-21  2.96165e-10 -1.98267e-21  8.19236e-11  5.69867e-22  1.62077e-11  5.09916e-22  1.81879e-12 -3.40132e-23 -1.73287e-13 -9.38142e-23  -1.6255e-13 -8.31867e-24 -5.37144e-14  1.70801e-23 -1.27489e-14  7.25615e-24 -2.42563e-15 -1.88739e-25 -3.80988e-16 -1.03954e-24 -4.91763e-17 -3.16013e-25 -4.99194e-18  1.64701e-28 -3.37385e-19  2.30189e-26  1.46144e-22  4.16454e-27  4.38066e-21 -1.21741e-27  8.28224e-22 -6.40998e-28  1.03445e-22  -4.5429e-29  1.00232e-23  3.93792e-29  7.85537e-25  1.40895e-29  5.02122e-26  2.03466e-30  2.59582e-27  7.75167e-32  1.06133e-28 -1.83648e-32  3.29741e-30 -3.18805e-33  7.25723e-32 -2.25052e-34  9.84652e-34  -6.9164e-36  5.40063e-36
-6.40941e-10  4.53742e-21   3.6942e-09 -4.28399e-20  2.88844e-07  1.45387e-19 -5.46446e-06  9.51936e-20  4.67891e-05 -2.57876e-18  -0.00023496  1.01892e-17  0.000715393 -2.13398e-17  -0.00108925  2.56005e-17 -0.000750964 -1.46748e-17   0.00812873 -1.11532e-18    -0.020255   3.9339e-18    0.0268821  5.10223e-18   -0.0168144 -1.26385e-17  -0.00304901  1.44664e-17    0.0109509 -7.40724e-18  -0.00190729 -1.32952e-17  -0.00506041  3.21714e-17  0.000965886 -2.51736e-17   0.00229371  2.71821e-19  4.90734e-05  1.07686e-17 -0.000873859 -2.71224e-18 -0.000319569 -1.66549e-18  0.000170648 -2.26263e-18  0.000179971  1.35845e-18  3.70794e-05  1.98042e-18 -3.12514e-05 -5.36761e-19  -2.6877e-05 -8.95355e-19 -7.63027e-06   8.4484e-21  1.64184e-06  2.11956e-19   2.5546e-06  1.83018e-20  1.19195e-06  5.38962e-21  2.51418e-07  4.34961e-20 -4.54435e-08 -3.65517e-21 -6.30487e-08 -3.95818e-20 -2.94337e-08 -1.08391e-20 -8.53588e-09  1.46738e-20 -1.33456e-09  6.40572e-21   1.5236e-10 -3.34012e-21  1.93952e-10 -1.88874e-21  8.06281e-11  6.15494e-22  2.31779e-11  4.85417e-22  5.05088e-12 -4.62497e-23  8.07094e-13 -9.44022e-23   6.9832e-14 -6.29162e-24 -8.75582e-15  1.87026e-23  -5.6721e-15  7.85924e-24 -1.56993e-15 -3.60659e-26 -3.20028e-16 -9.95531e-25 -5.30473e-17 -3.10508e-25 -7.38059e-18 -5.86962e-27 -8.68778e-19  1.81207e-26 -8.59001e-20  2.18103e-27 -6.95464e-21 -1.61201e-27 -4.31648e-22 -6.26435e-28 -1.62677e-23 -2.56104e-29  2.74103e-25  3.90099e-29  1.07949e-25  1.23826e-29  1.04188e-26  1.70114e-30  6.53213e-28  7.86819e-32  2.92601e-29 -9.14488e-33  9.26179e-31 -1.65335e-33  1.91665e-32 -1.01045e-34  2.09865e-34  -1.9711e-36
-9.44472e-22 -6.63288e-09  1.94226e-20  9.85978e-08 -1.33592e-19 -3.38688e-07  3.96904e-19  -4.3929e-06 -6.02818e-21  5.94461e-05 -4.06003e-18 -0.000346878  1.50018e-17   0.00118545 -2.80068e-17  -0.00231811  2.84117e-17    0.0013283 -1.08167e-17   0.00593747 -6.20156e-18    -0.018865  5.10223e-18    0.0257388  5.00019e-18   -0.0144549 -1.16161e-17  -0.00575257  1.72888e-17    0.0111473 -1.57634e-17  3.00964e-05 -4.81943e-18  -0.00562793  2.76071e-17 -0.000125773 -2.32994e-17   0.00248791  -6.3775e-19  0.000614599  9.78458e-18 -0.000791506 -9.42787e-20 -0.000521894  -2.7217e-18  5.09321e-05 -3.11227e-18  0.000193573  1.55979e-18  8.37191e-05  2.28969e-18 -9.28191e-06 -3.67995e-19 -2.72055e-05 -9.25961e-19 -1.35531e-05 -9.86285e-20 -1.91174e-06  1.38719e-19  1.65966e-06  1.93371e-20  1.35408e-06  4.76203e-20   5.1605e-07  7.03997e-20  8.83558e-08 -1.08411e-20 -2.33888e-08 -5.22784e-20 -2.47197e-08 -1.17033e-20 -1.07959e-08  1.67154e-20 -3.10754e-09  6.41384e-21 -5.62237e-10 -3.40117e-21 -1.13897e-11 -1.66435e-21  3.75603e-11  6.69803e-22  1.77287e-11  4.46361e-22  5.35637e-12   -6.699e-23  1.24143e-12 -9.64627e-23  2.28371e-13 -4.01134e-24   3.2239e-14    2.015e-23  2.87858e-15  8.32776e-24 -7.25271e-17  1.50689e-25  -9.7436e-17  -9.0311e-25 -2.51625e-17 -2.87073e-25 -4.52798e-18 -1.00385e-26 -6.52141e-19  1.20141e-26 -7.84264e-20 -3.04644e-28 -7.99137e-21  -2.0425e-27 -6.91389e-22  -6.0549e-28 -5.04799e-23 -1.08169e-29 -3.06808e-24  3.59888e-29 -1.51666e-25  1.02639e-29 -5.86746e-27  1.33243e-30 -1.65667e-28  6.74209e-32 -2.90751e-30 -3.90757e-33 -1.38961e-32 -7.54548e-34  5.37919e-34 -3.60419e-35  7.56612e-36
