   0.0021365  5.09915e-19  -0.00740162 -2.26517e-18   0.00674334  3.09581e-18  -0.00058444 -2.03649e-18  -0.00176904  4.64741e-19  0.000255464  3.92588e-19   0.00035064 -4.03717e-19 -2.70968e-05  1.39438e-19 -3.92826e-05 -7.08265e-21 -3.99586e-07 -2.98835e-21  8.25434e-07
 5.09915e-19    0.0116429  1.17141e-18   -0.0210559  -4.0278e-18    0.0113667  4.54023e-18   0.00276882 -2.83381e-18  -0.00368894   7.1401e-19 -0.000403601  5.96518e-19  0.000724474 -6.90739e-19  7.31542e-05  2.31648e-19 -6.71098e-05 -1.55039e-20 -6.13309e-06 -8.71279e-22
 -0.00740162  1.17141e-18    0.0295651  1.93848e-18   -0.0340418 -5.35547e-18   0.00942816  5.57993e-18   0.00835495 -4.45321e-18  -0.00418029  2.17341e-18  -0.00168138  1.30579e-19  0.000854275 -7.09299e-19  0.000238531  2.16542e-19 -6.39895e-05 -1.63311e-20 -8.64326e-06
-2.26517e-18   -0.0210559  1.93848e-18    0.0471982  2.42686e-18   -0.0379091 -4.62854e-18   0.00182417  5.24966e-18    0.0128044 -6.23037e-18  -0.00291585  4.18909e-18  -0.00290283 -5.63189e-19  0.000674475 -4.47067e-19  0.000372786  1.06723e-19 -3.52851e-05 -7.26974e-21
  0.00674334  -4.0278e-18   -0.0340418  2.42686e-18    0.0547197  1.40789e-18   -0.0326176 -1.28603e-19  -0.00649098  2.35564e-18    0.0145614 -6.86129e-18 -0.000794041   5.1932e-18  -0.00365122 -8.40826e-19  0.000312244 -8.41531e-20  0.000416647  1.30025e-20  -4.3373e-06
 3.09581e-18    0.0113667 -5.35547e-18   -0.0379091  1.40789e-18    0.0516068  -1.6857e-18   -0.0241884  7.19985e-18   -0.0123144 -2.10432e-18    0.0142803 -6.04197e-18   0.00131658  4.20749e-18  -0.00389473 -6.17001e-19 -8.23129e-05  1.10908e-19  0.000359344 -2.66762e-21
 -0.00058444  4.54023e-18   0.00942816 -4.62854e-18   -0.0326176  -1.6857e-18    0.0442441 -5.72031e-18   -0.0172759  1.41623e-17   -0.0155602 -5.29962e-18    0.0131163 -4.15866e-18   0.00306539  1.86097e-18  -0.00375474  -3.1332e-19 -0.000405709  4.99496e-20  0.000219299
-2.03649e-18   0.00276882  5.57993e-18   0.00182417 -1.28603e-19   -0.0241884 -5.72031e-18    0.0378745 -8.96656e-18   -0.0128575  1.74328e-17   -0.0173316 -5.20808e-18     0.011752 -1.66713e-18   0.00442924 -3.33341e-20  -0.00334066 -2.36985e-19 -0.000587105 -5.74749e-20
 -0.00176904 -2.83381e-18   0.00835495  5.24966e-18  -0.00649098  7.19985e-18   -0.0172759 -8.96656e-18    0.0338914  -1.0235e-17   -0.0101713  1.51845e-17   -0.0185025 -2.69038e-18    0.0104194  7.92439e-19   0.00547195 -2.85706e-19  -0.00271003 -2.89276e-19  -0.00054935
 4.64741e-19  -0.00368894 -4.45321e-18    0.0128044  2.35564e-18   -0.0123144  1.41623e-17   -0.0128575  -1.0235e-17    0.0317511 -8.93595e-18  -0.00842847  8.19041e-18   -0.0195217 -6.56536e-19   0.00913949  2.33436e-18   0.00623654   4.7503e-19  -0.00187849 -2.27025e-19
 0.000255464   7.1401e-19  -0.00418029 -6.23037e-18    0.0145614 -2.10432e-18   -0.0155602  1.74328e-17   -0.0101713 -8.93595e-18    0.0307851 -5.08278e-18  -0.00719176 -1.82912e-19   -0.0206148 -9.55248e-19   0.00784667  2.45513e-18   0.00669898  8.47158e-19 -0.000865341
 3.92588e-19 -0.000403601  2.17341e-18  -0.00291585 -6.86129e-18    0.0142803 -5.29962e-18   -0.0173316  1.51845e-17  -0.00842847 -5.08278e-18     0.030658  2.77039e-19  -0.00623971 -5.84741e-18    -0.021932 -2.48756e-18   0.00640943   1.6306e-18   0.00668252  6.06389e-19
  0.00035064  5.96518e-19  -0.00168138  4.18909e-18 -0.000794041 -6.04197e-18    0.0131163 -5.20808e-18   -0.0185025  8.19041e-18  -0.00719176  2.77039e-19    0.0312758  4.94524e-18   -0.0054338 -6.69469e-18   -0.0236159 -3.06546e-18   0.00457977  9.28597e-19   0.00548728
-4.03717e-19  0.000724474  1.30579e-19  -0.00290283   5.1932e-18   0.00131658 -4.15866e-18     0.011752 -2.69038e-18   -0.0195217 -1.82912e-19  -0.00623971  4.94524e-18    0.0326952  6.59967e-18  -0.00464571 -4.12138e-18   -0.0258384 -2.73381e-18   0.00178931  8.97209e-19
-2.70968e-05 -6.90739e-19  0.000854275 -5.63189e-19  -0.00365122  4.20749e-18   0.00306539 -1.66713e-18    0.0104194 -6.56536e-19   -0.0206148 -5.84741e-18   -0.0054338  6.59967e-18    0.0351225  4.99183e-18  -0.00368771 -2.19712e-18   -0.0288439 -3.20805e-18  -0.00251062
 1.39438e-19  7.31542e-05 -7.09299e-19  0.000674475 -8.40826e-19  -0.00389473  1.86097e-18   0.00442924  7.92439e-19   0.00913949 -9.55248e-19    -0.021932 -6.69469e-18  -0.00464571  4.99183e-18    0.0389996  3.39788e-18  -0.00219509 -3.88192e-18   -0.0321723 -3.37091e-18
-3.92826e-05  2.31648e-19  0.000238531 -4.47067e-19  0.000312244 -6.17001e-19  -0.00375474 -3.33341e-20   0.00547195  2.33436e-18   0.00784667 -2.48756e-18   -0.0236159 -4.12138e-18  -0.00368771  3.39788e-18    0.0452226  5.42836e-18   0.00142609  -5.7563e-18   -0.0284253
-7.08265e-21 -6.71098e-05  2.16542e-19  0.000372786 -8.41531e-20 -8.23129e-05  -3.1332e-19  -0.00334066 -2.85706e-19   0.00623654  2.45513e-18   0.00640943 -3.06546e-18   -0.0258384 -2.19712e-18  -0.00219509  5.42836e-18    0.0563563  9.54727e-18    0.0157037 -1.02423e-18
-3.99586e-07 -1.55039e-20 -6.39895e-05  1.06723e-19  0.000416647  1.10908e-19 -0.000405709 -2.36985e-19  -0.00271003   4.7503e-19   0.00669898   1.6306e-18   0.00457977 -2.73381e-18   -0.0288439 -3.88192e-18   0.00142609  9.54727e-18     0.082499  1.54026e-17    0.0499292
-2.98835e-21 -6.13309e-06 -1.63311e-20 -3.52851e-05  1.30025e-20  0.000359344  4.99496e-20 -0.000587105 -2.89276e-19  -0.00187849  8.47158e-19   0.00668252  9.28597e-19   0.00178931 -3.20805e-18   -0.0321723  -5.7563e-18    0.0157037  1.54026e-17     0.133896  2.46641e-17
 8.25434e-07 -8.71279e-22 -8.64326e-06 -7.26974e-21  -4.3373e-06 -2.66762e-21  0.000219299 -5.74749e-20  -0.00054935 -2.27025e-19 -0.000865341  6.06389e-19   0.00548728  8.97209e-19  -0.00251062 -3.37091e-18   -0.0284253 -1.02423e-18    0.0499292  2.46641e-17      0.13786
