 4.37696e-09   7.8129e-24 -7.50661e-08 -1.59279e-22  4.91325e-07  9.65719e-22 -1.86853e-06 -3.35214e-21  4.65826e-06  7.95209e-21 -7.86755e-06 -1.37791e-20  8.66285e-06  1.74464e-20 -4.96366e-06 -1.52109e-20 -9.91745e-07  7.26001e-21  3.88454e-06  1.13844e-21  -1.7001e-06 -4.66737e-21 -1.52731e-06  3.23759e-21  1.55303e-06 -6.78466e-22  4.18776e-07 -2.95523e-22 -9.23512e-07  1.04569e-23 -8.95752e-08  2.48155e-22  4.62205e-07 -1.47895e-22  3.16764e-08  2.30051e-23 -2.03308e-07 -3.11695e-23 -2.79444e-08  8.01668e-23  7.50046e-08  -8.0234e-23  2.13265e-08   3.6131e-23 -2.00662e-08 -2.95807e-24 -1.04546e-08  1.39057e-24  2.45227e-09 -6.04418e-24  2.83275e-09  3.04081e-24  3.58104e-10 -1.63474e-25  -2.5998e-10 -3.29537e-26 -9.38022e-11  -3.7647e-26 -6.69083e-12  5.77021e-27   5.3648e-13
  7.8129e-24  1.07814e-07  8.99943e-23 -1.03511e-06 -1.20533e-21   5.0502e-06  5.66819e-21 -1.54527e-05 -1.62476e-20  3.17937e-05   3.3163e-20 -4.40206e-05 -5.03439e-20  3.72573e-05  5.55486e-20 -1.02337e-05 -4.06642e-20 -1.53642e-05  1.34149e-20  1.67575e-05  7.68316e-21  3.61069e-07 -1.26145e-20 -1.00752e-05  7.24728e-21  3.13491e-06 -1.93394e-21  4.77197e-06  4.58335e-22 -2.50909e-06 -8.15851e-22 -2.12858e-06  9.06153e-22  1.33069e-06 -5.03418e-22  9.64128e-07  1.21088e-22  -5.3088e-07 -1.00239e-22 -4.31795e-07  3.08743e-22  1.42925e-07  -3.3314e-22  1.69435e-07  1.26924e-22 -1.08077e-08  7.93249e-24 -4.80596e-08  4.97456e-24 -9.28765e-09 -2.22744e-23  6.76964e-09   7.5192e-24  3.19594e-09  2.12181e-25  1.01663e-10   1.4316e-26 -1.82961e-10 -7.32817e-26 -3.03162e-11  4.27964e-27
-7.50661e-08  8.99943e-23  1.28981e-06  5.39568e-22 -8.46466e-06 -5.27133e-21  3.23118e-05    1.971e-20 -8.09784e-05 -4.73866e-20  0.000137831  8.43927e-20 -0.000153724 -1.12647e-19  9.08684e-05  1.06784e-19  1.42223e-05 -6.16808e-20 -6.86427e-05  6.64013e-21  3.30448e-05  2.41264e-20  2.52403e-05 -2.58194e-20 -2.90076e-05  1.51255e-20 -5.57209e-06 -5.75082e-21  1.69434e-05  1.52449e-21  2.77052e-07 -1.47339e-21 -8.41825e-06   2.6167e-21  2.07767e-07 -2.12398e-21  3.74206e-06  5.06685e-22   1.1597e-07 -1.35756e-22  -1.4397e-06  8.60336e-22 -2.33489e-07 -8.83945e-22  4.27812e-07   2.3186e-22  1.52736e-07  5.11768e-23 -7.38704e-08  3.29442e-23 -5.09052e-08 -5.04133e-23 -3.97041e-10  8.41023e-24  6.53117e-09  1.08734e-24   1.6081e-09  3.11915e-25  6.68136e-12 -7.42852e-26 -2.07293e-11
-1.59279e-22 -1.03511e-06  5.39568e-22  9.96489e-06   2.1215e-21 -4.88029e-05 -1.57303e-20  0.000150128  4.70844e-20 -0.000311269 -9.70114e-20  0.000436119    1.541e-19 -0.000377485 -1.82534e-19  0.000114969  1.46725e-19  0.000145289 -6.08444e-20 -0.000172551 -1.71406e-20  6.77677e-06  5.33294e-20  9.95102e-05 -5.55306e-20 -3.86789e-05  3.80531e-20 -4.46958e-05 -1.31626e-20  2.93627e-05 -1.93252e-21   1.8794e-05  -3.5068e-22   -1.567e-05  7.33886e-21 -8.22001e-06 -6.08747e-21  6.60046e-06  9.00465e-22  3.74521e-06 -2.91071e-22 -2.08367e-06  2.11495e-21 -1.57679e-06  -1.6443e-21  3.72673e-07  1.74584e-22  5.08157e-07  1.02732e-22  2.72037e-08  1.17571e-22 -9.33656e-08  -7.4841e-23 -2.80164e-08  7.02768e-25  3.39356e-09  1.36849e-24  2.64744e-09  6.99007e-25  3.01067e-10 -4.10169e-26
 4.91325e-07 -1.20533e-21 -8.46466e-06   2.1215e-21  5.57643e-05  5.95011e-21 -0.000214017   -3.293e-20  0.000540472  7.89362e-20 -0.000930375 -1.45022e-19   0.00105733  2.13563e-19 -0.000653858 -2.29288e-19 -6.07465e-05  1.58219e-19  0.000464848 -4.70403e-20 -0.000254682 -4.27881e-20  -0.00015171  1.03386e-19  0.000210614 -1.25276e-19  1.86256e-05  8.65353e-20 -0.000119024 -1.74135e-20  1.12576e-05 -1.57707e-20  5.79415e-05  5.24563e-23 -8.97825e-06  1.77618e-20 -2.58009e-05 -1.11766e-20  2.98479e-06  4.06238e-22  1.03227e-05   -1.409e-21  5.53134e-08  4.35443e-21 -3.39351e-06 -2.11123e-21 -6.16048e-07 -2.15598e-22  7.53525e-07  6.70668e-23  3.07732e-07  2.53124e-22 -6.01499e-08 -7.04028e-23 -5.69429e-08 -1.24071e-23 -7.89697e-09  4.25949e-25  1.29297e-09  8.13044e-25  2.38869e-10
 9.65719e-22   5.0502e-06 -5.27133e-21 -4.88029e-05  5.95011e-21  0.000240307  1.15498e-20 -0.000744882 -4.34468e-20   0.00156141  8.24376e-20  -0.00222504  -1.4806e-19   0.00198794  2.17208e-19 -0.000691038  -2.1835e-19 -0.000680543  1.42167e-19  0.000920477 -5.09855e-20  -0.00011351 -6.07638e-20 -0.000495596  1.99709e-19  0.000250289 -2.52892e-19   0.00020222  1.48067e-19  -0.00017844 -2.11328e-21 -7.50219e-05 -3.76534e-20  9.46871e-05 -9.10141e-21  2.98019e-05  3.35145e-20 -4.14756e-05 -1.29241e-20 -1.37539e-05 -1.26042e-21  1.46871e-05 -4.72618e-21  6.48158e-06  7.07049e-21 -3.68456e-06 -1.58071e-21  -2.4856e-06 -8.60647e-22  3.86927e-07 -1.40746e-22  5.96651e-07  3.71272e-22  8.16015e-08 -3.09987e-23 -5.04237e-08 -2.18138e-23 -1.68876e-08 -8.68893e-25 -9.94189e-10  5.55938e-25
-1.86853e-06  5.66819e-21  3.23118e-05 -1.57303e-20 -0.000214017  1.15498e-20   0.00082764  1.22353e-20  -0.00211273 -1.51519e-20   0.00369517  1.44847e-20  -0.00431099 -6.38181e-20   0.00283272  1.21915e-19  2.27932e-05 -1.22528e-19  -0.00183209  1.13334e-19   0.00118567 -8.56592e-20  0.000477997 -1.06751e-19  -0.00090317  3.79158e-19  4.10346e-05 -4.20623e-19  0.000482446  1.78961e-19 -0.000120118  4.56534e-20  -0.00022454 -5.17706e-20  7.80223e-05 -3.58384e-20  9.82097e-05  4.74658e-20 -3.30996e-05 -6.61188e-21 -4.05203e-05 -2.58886e-21  8.89551e-06 -1.05288e-20  1.47133e-05  8.81819e-21 -4.79685e-07  2.18191e-22 -4.03121e-06 -1.40951e-21 -7.28548e-07 -4.74825e-22  5.92944e-07  3.94612e-22  2.46878e-07  1.91909e-23  -1.1371e-09 -2.25781e-23 -1.33416e-08 -1.35924e-24 -1.31514e-09
-3.35214e-21 -1.54527e-05    1.971e-20  0.000150128   -3.293e-20 -0.000744882  1.22353e-20   0.00233379 -5.21472e-21  -0.00496786  7.43301e-20   0.00724794 -1.25053e-19  -0.00676061  9.97048e-20   0.00274824 -7.67522e-20   0.00189513  4.26145e-20  -0.00314491  1.03565e-19  0.000742912 -1.16887e-19   0.00151248  -2.5676e-19  -0.00104148  6.51206e-19 -0.000508331 -5.63056e-19  0.000689099  1.31076e-19  0.000130468  1.16518e-19 -0.000357242 -3.76645e-20 -3.10156e-05 -7.58981e-20  0.000159545  4.82169e-20  1.38465e-05  7.99697e-21 -6.13266e-05 -1.17618e-21 -1.01412e-05 -1.71322e-20  1.87967e-05   8.1555e-21  5.85036e-06  2.71912e-21 -3.71704e-06 -1.51187e-21 -2.03995e-06 -7.67032e-22  1.71801e-07  3.12939e-22  2.97357e-07  5.07892e-23  5.10985e-08   -1.714e-23 -2.22071e-09 -8.22462e-25
 4.65826e-06 -1.62476e-20 -8.09784e-05  4.70844e-20  0.000540472 -4.34468e-20  -0.00211273 -5.21472e-21   0.00547586 -4.53604e-20  -0.00979285  1.88479e-19    0.0118438 -2.57872e-19  -0.00841823  2.77445e-19  0.000837078 -3.29419e-19   0.00470652  1.90984e-19  -0.00377215  1.52228e-19 -0.000721059 -7.58434e-20   0.00256742 -5.59828e-19 -0.000568155  9.56008e-19  -0.00124182  -5.9674e-19  0.000600669 -5.41168e-21  0.000522133  1.77721e-19 -0.000358643  1.11706e-20 -0.000212306 -1.10445e-19  0.000163464  2.87609e-20  8.81801e-05   2.5285e-20 -5.78134e-05  4.06748e-21 -3.58377e-05 -2.16735e-20  1.38811e-05  4.82575e-21   1.2247e-05  4.84086e-21 -1.06221e-06 -1.09756e-21 -2.68073e-06  -8.7043e-22 -4.52885e-07  1.87822e-22  1.81626e-07  5.62711e-23  6.17524e-08 -1.02454e-23  3.30087e-09
 7.95209e-21  3.17937e-05 -4.73866e-20 -0.000311269  7.89362e-20   0.00156141 -1.51519e-20  -0.00496786 -4.53604e-20    0.0108087 -8.62346e-20   -0.0162972  2.38322e-19    0.0161069 -2.91182e-19  -0.00782233  4.24484e-19  -0.00308058 -5.58073e-19    0.0073913  2.02576e-19  -0.00288737  2.66198e-19  -0.00290363   9.0585e-20   0.00298454  -9.6787e-19   0.00055213  1.17557e-18  -0.00179237 -4.78512e-19   0.00012722 -1.85847e-19  0.000879115  1.95915e-19 -0.000170472  7.73824e-20 -0.000387486 -1.18021e-19  8.55335e-05 -7.07413e-21   0.00015688  3.73005e-20 -2.38364e-05   1.2075e-20 -5.57322e-05 -2.21256e-20  2.22623e-07 -8.93285e-24  1.50886e-05  5.71725e-21  2.87039e-06 -4.00178e-22   -2.162e-06 -7.76371e-22 -8.92157e-07  8.45931e-23 -1.03552e-08  4.58101e-23  3.18965e-08  -4.9668e-24
-7.86755e-06   3.3163e-20  0.000137831 -9.70114e-20 -0.000930375  8.24376e-20   0.00369517  7.43301e-20  -0.00979285 -8.62346e-20     0.018083 -9.13999e-20   -0.0229943  1.64165e-19    0.0180739 -2.27589e-19  -0.00421083  5.67957e-19  -0.00796255 -6.74894e-19   0.00855369  6.07626e-21 -0.000381656  4.00413e-19  -0.00493128  3.64508e-19    0.0023451 -1.33983e-18   0.00194202  1.20721e-18  -0.00183244 -2.41456e-19 -0.000596095 -3.39224e-19   0.00101947   1.6072e-19  0.000159817  1.30913e-19 -0.000473036 -8.99523e-20 -5.42579e-05 -4.69249e-20  0.000187476  3.84771e-20  3.03576e-05  2.07394e-20 -5.98169e-05 -1.85255e-20 -1.70843e-05 -4.57651e-21  1.25945e-05  5.18676e-21  6.22469e-06  2.43067e-22 -7.17291e-07 -5.95568e-22 -8.90469e-07  1.97942e-23 -1.33211e-07  2.88083e-23  2.20631e-09
-1.37791e-20 -4.40206e-05  8.43927e-20  0.000436119 -1.45022e-19  -0.00222504  1.44847e-20   0.00724794  1.88479e-19   -0.0162972 -9.13999e-20    0.0257816 -4.38122e-20    -0.027588 -8.01821e-21    0.0163804   -1.708e-19   0.00165455  7.30368e-19   -0.0119762 -5.88604e-19   0.00744596 -3.70428e-19    0.0029259  4.98073e-19  -0.00593359  6.51948e-19  0.000797827 -1.53042e-18   0.00306143  1.03443e-18   -0.0013034  2.92765e-20   -0.0013056  -4.1245e-19  0.000874845   8.5686e-20  0.000517522  1.50985e-19 -0.000431824 -3.51125e-20 -0.000208569 -7.77273e-20  0.000166455  2.78366e-20  8.60191e-05  2.81907e-20 -4.56421e-05 -1.25341e-20  -3.1467e-05  -7.5201e-21  5.60529e-06  3.77868e-21   7.4993e-06  6.26763e-22  8.95999e-07 -4.41482e-22 -5.05931e-07 -1.82652e-23 -1.22184e-07  1.19302e-23
 8.66285e-06 -5.03439e-20 -0.000153724    1.541e-19   0.00105733  -1.4806e-19  -0.00431099 -1.25053e-19    0.0118438  2.38322e-19   -0.0229943 -4.38122e-20     0.031494  4.44797e-20   -0.0282706 -1.97853e-19    0.0113748 -2.12741e-19   0.00775245  8.32943e-19   -0.0136949 -2.45522e-19   0.00451895 -8.26753e-19   0.00584968   5.3827e-19  -0.00562594  8.51765e-19   -0.0010884 -1.48898e-18   0.00356905  7.27631e-19 -0.000408097  2.55268e-19  -0.00178708 -3.90931e-19  0.000504249 -8.26766e-21  0.000797035  1.37497e-19 -0.000280486  2.80142e-20 -0.000332195 -9.18424e-20  0.000100838  8.64839e-21  0.000126224  3.31256e-20 -1.77858e-05 -6.21922e-21 -3.80747e-05 -8.45757e-21 -3.21552e-06  2.31615e-21  6.26637e-06  7.75672e-22  1.88516e-06 -3.36583e-22 -4.60521e-08 -2.73359e-23 -4.37772e-08
 1.74464e-20  3.72573e-05 -1.12647e-19 -0.000377485  2.13563e-19   0.00198794 -6.38181e-20  -0.00676061 -2.57872e-19    0.0161069  1.64165e-19    -0.027588  4.44797e-20    0.0332512  1.49799e-19    -0.025036 -3.22107e-19     0.005048 -3.44238e-19    0.0121253   7.3737e-19   -0.0130078  3.22333e-19  0.000995234 -1.26248e-18   0.00764068  5.26896e-19  -0.00435933  9.37757e-19  -0.00276077 -1.28018e-18    0.0034555  3.83215e-19  0.000577765   3.9954e-19  -0.00196524 -2.88859e-19  2.20665e-05 -1.05112e-19  0.000944226  1.04183e-19 -6.37427e-05  8.26289e-20 -0.000398482   -8.884e-20   9.1428e-06 -1.30298e-20  0.000141316  3.47994e-20  1.55128e-05 -1.16321e-21 -3.52121e-05 -7.92203e-21 -1.07488e-05   1.3878e-21  3.24145e-06  8.29278e-22  1.87395e-06 -2.40182e-22  1.84042e-07 -9.48188e-24
-4.96366e-06  5.55486e-20  9.08684e-05 -1.82534e-19 -0.000653858  2.17208e-19   0.00283272  9.97048e-20  -0.00841823 -2.91182e-19    0.0180739 -8.01821e-21   -0.0282706  1.49799e-19    0.0309091  2.40962e-19   -0.0197613 -3.06218e-19 -0.000336434 -4.87651e-19    0.0141028  3.85823e-19   -0.0109147  1.00762e-18  -0.00206939 -1.61521e-18   0.00828186  4.54661e-19  -0.00269842  9.67245e-19  -0.00396373 -1.01546e-18   0.00290596  6.70555e-20   0.00146192  4.58152e-19  -0.00187052 -1.33274e-19 -0.000469923 -1.92559e-19  0.000951683  6.50045e-20  0.000171221  1.19738e-19 -0.000399836 -7.43921e-20 -8.76755e-05 -3.06736e-20  0.000129433  3.32585e-20  4.56274e-05  1.88465e-21  -2.4263e-05 -6.84385e-21 -1.46145e-05  1.02006e-21 -1.38343e-07  8.22662e-22  1.10176e-06 -1.48866e-22  1.35592e-07
-1.52109e-20 -1.02337e-05  1.06784e-19  0.000114969 -2.29288e-19 -0.000691038  1.21915e-19   0.00274824  2.77445e-19  -0.00782233 -2.27589e-19    0.0163804 -1.97853e-19    -0.025036  2.40962e-19    0.0262877  2.65903e-19   -0.0148344 -8.51078e-20  -0.00369402 -6.03403e-19    0.0143442 -1.24851e-19  -0.00854907  1.67835e-18   -0.0043162 -1.84179e-18   0.00816203  2.91697e-19  -0.00103082  1.01255e-18  -0.00469757 -7.68508e-19   0.00211458 -1.95196e-19   0.00215894  4.40016e-19  -0.00157051  4.12788e-20 -0.000904115 -2.57103e-19  0.000837734  2.75102e-20  0.000386283  1.38254e-19 -0.000342084  -5.7185e-20 -0.000171448 -4.02252e-20   9.4834e-05  2.94412e-20  6.57408e-05  3.04251e-21 -8.80921e-06 -5.92248e-21 -1.39132e-05  8.13033e-22 -2.39868e-06  6.41768e-22  2.45937e-07 -8.98061e-23
-9.91745e-07 -4.06642e-20  1.42223e-05  1.46725e-19 -6.07465e-05  -2.1835e-19  2.27932e-05 -7.67522e-20  0.000837078  4.24484e-19  -0.00421083   -1.708e-19    0.0113748 -3.22107e-19   -0.0197613  2.65903e-19    0.0218032  1.61567e-19   -0.0115697  3.74626e-19  -0.00537693 -7.48021e-19    0.0138962 -6.06652e-19  -0.00646656  2.21743e-18  -0.00589765 -1.90105e-18   0.00763692  2.74303e-20  0.000496221  1.09205e-18  -0.00504754 -5.45981e-19    0.0012131 -3.96934e-19   0.00264451  3.62344e-19  -0.00113286   1.9489e-19  -0.00124129  -2.8649e-19  0.000631634 -4.82674e-21  0.000554769  1.42615e-19  -0.00023907 -4.42741e-20 -0.000229118  -4.1928e-20  4.57206e-05  2.47156e-20  7.20305e-05  3.09654e-21  6.57351e-06 -5.28217e-21 -9.45954e-06  4.58765e-22 -2.76558e-06  2.81669e-22 -1.22547e-07
 7.26001e-21 -1.53642e-05 -6.16808e-20  0.000145289  1.58219e-19 -0.000680543 -1.22528e-19   0.00189513 -3.29419e-19  -0.00308058  5.67957e-19   0.00165455 -2.12741e-19     0.005048 -3.06218e-19   -0.0148344  1.61567e-19    0.0188403 -1.03153e-19  -0.00980871  1.05267e-18  -0.00629543 -1.01961e-18    0.0133653 -9.13056e-19  -0.00468875  2.54962e-18   -0.0070446 -1.77642e-18   0.00688365 -3.00215e-19   0.00184735  1.15892e-18  -0.00509003 -3.18094e-19  0.000286367 -5.33374e-19   0.00292044   2.5498e-19 -0.000617103  2.93422e-19  -0.00146228 -2.79168e-19   0.00036606 -2.87467e-20  0.000660919  1.40076e-19 -0.000108574 -3.73154e-20 -0.000253468 -3.93945e-20 -7.85822e-06   2.0193e-20  6.40907e-05  3.07996e-21  1.75863e-05 -4.54488e-21  -3.5026e-06  1.40167e-22 -1.66047e-06  1.01993e-23
 3.88454e-06  1.34149e-20 -6.86427e-05 -6.08444e-20  0.000464848  1.42167e-19  -0.00183209  4.26145e-20   0.00470652 -5.58073e-19  -0.00796255  7.30368e-19   0.00775245 -3.44238e-19 -0.000336434 -8.51078e-20   -0.0115697 -1.03153e-19    0.0173044 -4.98601e-19  -0.00874381  1.87584e-18  -0.00702989 -1.44415e-18    0.0128474 -1.03021e-18  -0.00309998  2.66086e-18  -0.00787291 -1.49861e-18   0.00598315   -6.196e-19   0.00300735  1.14079e-18  -0.00488727 -6.77503e-20 -0.000605975 -6.01377e-19   0.00300285  1.55988e-19 -7.33708e-05    3.253e-19  -0.00156254 -2.50574e-19  7.27998e-05 -4.18585e-20  0.000698403  1.37552e-19  3.06492e-05 -3.29051e-20 -0.000242956  -3.6594e-20 -5.58115e-05   1.6426e-20  4.47928e-05   3.7401e-21  2.14063e-05 -3.22529e-21   1.1367e-06  2.05056e-22  -4.1046e-07
 1.13844e-21  1.67575e-05  6.64013e-21 -0.000172551 -4.70403e-20  0.000920477  1.13334e-19  -0.00314491  1.90984e-19    0.0073913 -6.74894e-19   -0.0119762  8.32943e-19    0.0121253 -4.87651e-19  -0.00369402  3.74626e-19  -0.00980871 -4.98601e-19     0.016424 -9.52046e-19  -0.00783194  2.72793e-18  -0.00768285 -1.90777e-18    0.0122827 -1.06201e-18  -0.00166043  2.58767e-18  -0.00843216 -1.12967e-18   0.00499839 -8.61286e-19   0.00397006  9.95225e-19  -0.00449652   1.8013e-19  -0.00142368 -6.08264e-19    0.0029162  9.68641e-20  0.000458496  3.08535e-19  -0.00154757 -2.27214e-19 -0.000219675 -4.60137e-20  0.000668471  1.38544e-19  0.000160889 -2.69067e-20 -0.000201108 -3.54133e-20  -8.9519e-05  1.34345e-20  1.96959e-05  4.92826e-21  1.77314e-05 -1.40091e-21  2.60091e-06  3.99715e-22
 -1.7001e-06  7.68316e-21  3.30448e-05 -1.71406e-20 -0.000254682 -5.09855e-20   0.00118567  1.03565e-19  -0.00377215  2.02576e-19   0.00855369 -5.88604e-19   -0.0136949   7.3737e-19    0.0141028 -6.03403e-19  -0.00537693  1.05267e-18  -0.00874381 -9.52046e-19    0.0156713 -1.38448e-18   -0.0069853  3.45661e-18  -0.00820108 -2.20045e-18    0.0116734 -1.12519e-18 -0.000375581  2.37864e-18  -0.00877187 -7.32611e-19   0.00398124 -9.84727e-19   0.00474347  7.49408e-19  -0.00396756  3.66015e-19  -0.00214258 -5.77034e-19   0.00268779  9.02881e-20  0.000948228  2.78741e-19  -0.00142921  -2.3051e-19 -0.000487187 -4.75753e-20  0.000578234  1.42166e-19  0.000266789 -1.85002e-20  -0.00013573 -3.55903e-20 -0.000103139  1.05858e-20 -3.98586e-06   5.2048e-21  9.43916e-06  -5.7819e-23  1.47167e-06
-4.66737e-21  3.61069e-07  2.41264e-20  6.77677e-06 -4.27881e-20  -0.00011351 -8.56592e-20  0.000742912  1.52228e-19  -0.00288737  6.07626e-21   0.00744596 -2.45522e-19   -0.0130078  3.85823e-19    0.0143442 -7.48021e-19  -0.00629543  1.87584e-18  -0.00783194 -1.38448e-18    0.0149661 -1.73005e-18  -0.00626887  3.89838e-18  -0.00859284 -2.15343e-18    0.0110611 -1.24351e-18    0.0007644  2.06988e-18  -0.00894232 -3.61662e-19   0.00296403 -9.89205e-19   0.00534306  4.97171e-19  -0.00333998  4.33567e-19  -0.00274932 -5.40624e-19   0.00234451   1.3097e-19   0.00137338  2.66288e-19  -0.00122313 -2.62912e-19 -0.000710028 -5.30337e-20  0.000439307  1.44967e-19  0.000336282 -1.01518e-20 -5.80341e-05 -3.61948e-20 -9.47879e-05  6.67486e-21 -1.90449e-05  2.93366e-21   1.7832e-06  6.91118e-23
-1.52731e-06 -1.26145e-20  2.52403e-05  5.33294e-20  -0.00015171 -6.07638e-20  0.000477997 -1.16887e-19 -0.000721059  2.66198e-19 -0.000381656 -3.70428e-19   0.00451895  3.22333e-19   -0.0109147 -1.24851e-19    0.0138962 -1.01961e-18  -0.00702989  2.72793e-18   -0.0069853 -1.73005e-18    0.0143802 -1.93886e-18  -0.00568386  3.93989e-18  -0.00890843 -1.76912e-18    0.0104664 -1.33432e-18   0.00178281  1.69523e-18  -0.00898081 -6.60267e-20   0.00196496  -9.0776e-19   0.00578502  3.46496e-19  -0.00264485  3.68925e-19  -0.00323722  -5.2842e-19   0.00191163  2.06278e-19   0.00171762  2.80969e-19 -0.000947353 -3.07708e-19 -0.000872847  -6.4336e-20   0.00026682  1.43749e-19   0.00036138 -4.32337e-21  1.83969e-05 -3.63127e-20 -6.76258e-05  1.38545e-21 -2.12052e-05 -8.77803e-22 -1.17928e-06
 3.23759e-21 -1.00752e-05 -2.58194e-20  9.95102e-05  1.03386e-19 -0.000495596 -1.06751e-19   0.00151248 -7.58434e-20  -0.00290363  4.00413e-19    0.0029259 -8.26753e-19  0.000995234  1.00762e-18  -0.00854907 -6.06652e-19    0.0133653 -1.44415e-18  -0.00768285  3.45661e-18  -0.00626887 -1.93886e-18    0.0139202 -1.98028e-18   -0.0051858   3.5822e-18  -0.00917844 -1.22731e-18   0.00989028 -1.29291e-18   0.00269911  1.30225e-18  -0.00891341  1.13457e-19  0.000995207 -7.82381e-19   0.00608451  3.52769e-19  -0.00190665  2.09514e-19  -0.00360377 -5.56181e-19   0.00141245  3.03344e-19   0.00196934   3.1421e-19 -0.000621388 -3.41775e-19 -0.000964496 -7.78931e-20  7.87008e-05  1.37617e-19  0.000339059 -6.41351e-22  7.90408e-05 -3.36638e-20 -3.08555e-05 -2.69516e-21 -1.29596e-05 -2.43377e-21
 1.55303e-06  7.24728e-21 -2.90076e-05 -5.55306e-20  0.000210614  1.99709e-19  -0.00090317  -2.5676e-19   0.00256742   9.0585e-20  -0.00493128  4.98073e-19   0.00584968 -1.26248e-18  -0.00206939  1.67835e-18  -0.00646656 -9.13056e-19    0.0128474 -1.90777e-18  -0.00820108  3.89838e-18  -0.00568386 -1.98028e-18    0.0135461 -1.85042e-18  -0.00474737  2.94728e-18  -0.00941359 -7.54099e-19   0.00933289 -1.08727e-18   0.00352788  9.45233e-19   -0.0087602  1.51743e-19   6.1266e-05 -6.37457e-19   0.00625526  4.92525e-19  -0.00114472  1.73651e-20   -0.0038489 -6.25417e-19  0.000868416  4.05776e-19   0.00212053  3.51456e-19 -0.000265944 -3.50127e-19  -0.00097805 -8.69626e-20 -0.000104885  1.28626e-19  0.000272393  3.96738e-21  0.000110516 -2.40618e-20  8.51588e-07 -2.20003e-21 -3.44364e-06
-6.78466e-22  3.13491e-06  1.51255e-20 -3.86789e-05 -1.25276e-19  0.000250289  3.79158e-19  -0.00104148 -5.59828e-19   0.00298454  3.64508e-19  -0.00593359   5.3827e-19   0.00764068 -1.61521e-18   -0.0043162  2.21743e-18  -0.00468875 -1.03021e-18    0.0122827 -2.20045e-18  -0.00859284  3.93989e-18   -0.0051858 -1.85042e-18    0.0132338 -1.57586e-18     -0.00436  2.21025e-18  -0.00962288 -4.69404e-19   0.00879513 -7.78075e-19   0.00428248  6.64872e-19  -0.00853651  4.18278e-20 -0.000833838 -4.78196e-19   0.00630891  6.97101e-19  -0.00037442 -1.56807e-19  -0.00397369 -7.26479e-19  0.000299535  4.89104e-19   0.00216598  3.80714e-19  9.70509e-05 -3.32117e-19 -0.000911154 -8.60602e-20 -0.000262173   1.1944e-19  0.000171869  1.12176e-20  0.000104642 -7.31259e-21  1.41879e-05   9.2718e-22
 4.18776e-07 -1.93394e-21 -5.57209e-06  3.80531e-20  1.86256e-05 -2.52892e-19  4.10346e-05  6.51206e-19 -0.000568155  -9.6787e-19    0.0023451  6.51948e-19  -0.00562594  5.26896e-19   0.00828186 -1.84179e-18  -0.00589765  2.54962e-18  -0.00309998 -1.06201e-18    0.0116734 -2.15343e-18  -0.00890843   3.5822e-18  -0.00474737 -1.57586e-18    0.0129776 -1.20824e-18  -0.00401602  1.51158e-18  -0.00981588 -3.43141e-19   0.00827601 -4.59981e-19     0.004975  4.79072e-19  -0.00825328 -2.02056e-19  -0.00168918 -3.13575e-19   0.00625476  9.09534e-19  0.000391591 -2.89633e-19  -0.00397955 -8.38977e-19 -0.000274917  5.27872e-19   0.00210297  3.93384e-19  0.000444188 -2.97972e-19 -0.000766862  -7.6618e-20 -0.000371059  1.06683e-19  5.71527e-05  1.51654e-20   6.6755e-05  6.29078e-21  9.42308e-06
-2.95523e-22  4.77197e-06 -5.75082e-21 -4.46958e-05  8.65353e-20   0.00020222 -4.20623e-19 -0.000508331  9.56008e-19   0.00055213 -1.33983e-18  0.000797827  8.51765e-19  -0.00435933  4.54661e-19   0.00816203 -1.90105e-18   -0.0070446  2.66086e-18  -0.00166043 -1.12519e-18    0.0110611 -1.76912e-18  -0.00917844  2.94728e-18     -0.00436 -1.20824e-18    0.0127723 -8.11277e-19  -0.00370669  9.18105e-19  -0.00999967 -2.76777e-19    0.0077731 -1.87279e-19   0.00561575  3.88342e-19  -0.00791799 -5.36619e-19  -0.00250496 -1.71771e-19   0.00609978  1.11235e-18   0.00114233 -3.76564e-19  -0.00386775 -9.34754e-19 -0.000835595   5.1149e-19   0.00193123  3.84873e-19  0.000750271 -2.60258e-19 -0.000555302 -6.96138e-20 -0.000411262  7.64779e-20 -4.08741e-05  5.05085e-21  2.15445e-05    6.621e-21
-9.23512e-07  4.58335e-22  1.69434e-05 -1.31626e-20 -0.000119024  1.48067e-19  0.000482446 -5.63056e-19  -0.00124182  1.17557e-18   0.00194202 -1.53042e-18   -0.0010884  9.37757e-19  -0.00269842  2.91697e-19   0.00763692 -1.77642e-18  -0.00787291  2.58767e-18 -0.000375581 -1.24351e-18    0.0104664 -1.22731e-18  -0.00941359  2.21025e-18  -0.00401602 -8.11277e-19    0.0126113 -4.45532e-19  -0.00342537  4.46494e-19   -0.0101795 -2.15056e-19   0.00728348  5.25356e-20   0.00621359  3.82422e-19  -0.00753533 -8.94363e-19  -0.00328183 -8.54118e-20   0.00584862  1.31225e-18   0.00186752 -4.16884e-19  -0.00363924 -9.91999e-19  -0.00136214  4.51674e-19   0.00165367  3.59904e-19  0.000988013 -2.25427e-19 -0.000296009 -7.70056e-20  -0.00036818   1.9186e-20 -8.69998e-05 -1.51589e-20 -2.29147e-06
 1.04569e-23 -2.50909e-06  1.52449e-21  2.93627e-05 -1.74135e-20  -0.00017844  1.78961e-19  0.000689099  -5.9674e-19  -0.00179237  1.20721e-18   0.00306143 -1.48898e-18  -0.00276077  9.67245e-19  -0.00103082  2.74303e-20   0.00688365 -1.49861e-18  -0.00843216  2.37864e-18    0.0007644 -1.33432e-18   0.00989028 -7.54099e-19  -0.00962288  1.51158e-18  -0.00370669 -4.45532e-19    0.0124904 -1.56221e-19  -0.00316705   1.0333e-19   -0.0103599 -1.86361e-19   0.00680381  3.04844e-19   0.00677615  4.41555e-19  -0.00710754 -1.21776e-18  -0.00402036 -6.33326e-20   0.00550373  1.51317e-18   0.00255657 -4.09424e-19  -0.00329474 -1.01229e-18  -0.00183208   3.7323e-19   0.00127751  3.35132e-19    0.0011285 -1.88475e-19 -2.05533e-05 -8.99371e-20 -0.000245609 -4.08507e-20 -6.99156e-05 -2.18374e-20
-8.95752e-08 -8.15851e-22  2.77052e-07 -1.93252e-21  1.12576e-05 -2.11328e-21 -0.000120118  1.31076e-19  0.000600669 -4.78512e-19  -0.00183244  1.03443e-18   0.00356905 -1.28018e-18  -0.00396373  1.01255e-18  0.000496221 -3.00215e-19   0.00598315 -1.12967e-18  -0.00877187  2.06988e-18   0.00178281 -1.29291e-18   0.00933289 -4.69404e-19  -0.00981588  9.18105e-19  -0.00342537 -1.56221e-19    0.0124067  3.49454e-20  -0.00292734 -1.09409e-19   -0.0105448 -2.53643e-19   0.00633024  5.97493e-19   0.00730995  5.38591e-19  -0.00663472 -1.50443e-18  -0.00472053 -8.39096e-20   0.00506542  1.70987e-18   0.00319763 -3.58038e-19  -0.00283513 -1.01757e-18  -0.00221983  2.99062e-19  0.000816772  3.29993e-19   0.00114363  -1.2866e-19  0.000220936 -6.93347e-20 -8.92755e-05 -5.63169e-20 -2.52327e-05
 2.48155e-22 -2.12858e-06 -1.47339e-21   1.8794e-05 -1.57707e-20 -7.50219e-05  4.56534e-20  0.000130468 -5.41168e-21   0.00012722 -2.41456e-19   -0.0013034  7.27631e-19    0.0034555 -1.01546e-18  -0.00469757  1.09205e-18   0.00184735   -6.196e-19   0.00499839 -7.32611e-19  -0.00894232  1.69523e-18   0.00269911 -1.08727e-18   0.00879513 -3.43141e-19  -0.00999967  4.46494e-19  -0.00316705  3.49454e-20     0.012358  1.38213e-19  -0.00270237 -2.26569e-19   -0.0107375 -4.40474e-19   0.00585844  9.30771e-19   0.00782048   6.4782e-19  -0.00611496 -1.81527e-18  -0.00538128 -1.19529e-19   0.00453204  1.89724e-18   0.00377643 -2.74794e-19  -0.00226245 -1.02378e-18  -0.00249549  2.41422e-19  0.000296762  3.51283e-19   0.00100862 -1.78858e-20  0.000355099  7.26334e-21  1.91972e-05 -2.46884e-20
 4.62205e-07  9.06153e-22 -8.41825e-06  -3.5068e-22  5.79415e-05 -3.76534e-20  -0.00022454  1.16518e-19  0.000522133 -1.85847e-19 -0.000596095  2.92765e-20 -0.000408097  3.83215e-19   0.00290596 -7.68508e-19  -0.00504754  1.15892e-18   0.00300735 -8.61286e-19   0.00398124 -3.61662e-19  -0.00898081  1.30225e-18   0.00352788 -7.78075e-19   0.00827601 -2.76777e-19   -0.0101795   1.0333e-19  -0.00292734  1.38213e-19     0.012343   2.0463e-19  -0.00248874 -3.42826e-19   -0.0109413 -7.07512e-19   0.00538359  1.31396e-18   0.00831222    7.563e-19   -0.0055444 -2.21952e-18   -0.0059999 -1.63964e-19   0.00390017  2.06932e-18   0.00427483 -1.77586e-19  -0.00158152 -1.02365e-18  -0.00262335  1.98422e-19 -0.000242026  3.74733e-19  0.000711442  1.26746e-19  0.000323337  8.30006e-20  3.55727e-05
-1.47895e-22  1.33069e-06   2.6167e-21   -1.567e-05  5.24563e-23  9.46871e-05 -5.17706e-20 -0.000357242  1.77721e-19  0.000879115 -3.39224e-19   -0.0013056  2.55268e-19  0.000577765  6.70555e-20   0.00211458 -5.45981e-19  -0.00509003  1.14079e-18   0.00397006 -9.84727e-19   0.00296403 -6.60267e-20  -0.00891341  9.45233e-19   0.00428248 -4.59981e-19    0.0077731 -2.15056e-19   -0.0103599 -1.09409e-19  -0.00270237   2.0463e-19    0.0123611  3.20316e-19  -0.00228328 -5.81149e-19    -0.011159 -9.93947e-19    0.0049002  1.79198e-18   0.00878865   8.6812e-19  -0.00491721 -2.71627e-18  -0.00657129 -2.32023e-19   0.00316491  2.20346e-18   0.00466921 -8.76421e-20 -0.000802027 -1.00092e-18  -0.00256399  1.42948e-19 -0.000736792  3.22509e-19  0.000299183  2.02921e-19  0.000167662  7.95249e-20
 3.16764e-08 -5.03418e-22  2.07767e-07  7.33886e-21 -8.97825e-06 -9.10141e-21  7.80223e-05 -3.76645e-20 -0.000358643  1.95915e-19   0.00101947  -4.1245e-19  -0.00178708   3.9954e-19   0.00146192 -1.95196e-19    0.0012131 -3.18094e-19  -0.00488727  9.95225e-19   0.00474347 -9.89205e-19   0.00196496  1.13457e-19   -0.0087602  6.64872e-19     0.004975 -1.87279e-19   0.00728348 -1.86361e-19   -0.0105448 -2.26569e-19  -0.00248874  3.20316e-19    0.0124121   5.6945e-19  -0.00208298 -1.01895e-18   -0.0113937 -1.27189e-18     0.004402  2.41209e-18   0.00925212  9.97954e-19  -0.00422541 -3.21194e-18  -0.00708713 -3.37957e-19    0.0023205   2.2555e-18   0.00492912 -2.07596e-20  5.48964e-05 -9.53276e-19  -0.00227832  7.73043e-21  -0.00107442  1.08807e-19 -6.79442e-05  1.34352e-19  3.03682e-05
 2.30051e-23  9.64128e-07 -2.12398e-21 -8.22001e-06  1.77618e-20  2.98019e-05 -3.58384e-20 -3.10156e-05  1.11706e-20 -0.000170472   1.6072e-19  0.000874845 -3.90931e-19  -0.00196524  4.58152e-19   0.00215894 -3.96934e-19  0.000286367 -6.77503e-20  -0.00449652  7.49408e-19   0.00534306  -9.0776e-19  0.000995207  1.51743e-19  -0.00853651  4.79072e-19   0.00561575  5.25356e-20   0.00680381 -2.53643e-19   -0.0107375 -3.42826e-19  -0.00228328   5.6945e-19    0.0124966  9.81036e-19  -0.00188483 -1.63968e-18   -0.0116482 -1.55781e-18   0.00388167  3.15682e-18   0.00970371  1.16108e-18  -0.00345881 -3.58391e-18  -0.00753452 -4.83412e-19   0.00136218  2.18676e-18   0.00501314  2.91158e-20  0.000947665 -8.82937e-19  -0.00172214 -2.49443e-19  -0.00109187 -1.96209e-19 -0.000204916  1.61021e-20
-2.03308e-07  1.21088e-22  3.74206e-06 -6.08747e-21 -2.58009e-05  3.35145e-20  9.82097e-05 -7.58981e-20 -0.000212306  7.73824e-20  0.000159817   8.5686e-20  0.000504249 -2.88859e-19  -0.00187052  4.40016e-19   0.00264451 -5.33374e-19 -0.000605975   1.8013e-19  -0.00396756  4.97171e-19   0.00578502 -7.82381e-19   6.1266e-05  4.18278e-20  -0.00825328  3.88342e-19   0.00621359  3.04844e-19   0.00633024 -4.40474e-19   -0.0109413 -5.81149e-19  -0.00208298  9.81036e-19    0.0126157  1.50881e-18  -0.00168571 -2.36253e-18   -0.0119255 -1.88258e-18   0.00333056  3.92036e-18    0.0101427  1.37122e-18  -0.00260475 -3.76229e-18  -0.00789345   -6.603e-19  0.000286729   1.9968e-18   0.00486535  9.47712e-20   0.00181445 -7.20671e-19 -0.000881442 -4.83416e-19 -0.000732947 -3.40251e-19 -0.000119285
-3.11695e-23  -5.3088e-07  5.06685e-22  6.60046e-06 -1.11766e-20 -4.14756e-05  4.74658e-20  0.000159545 -1.10445e-19 -0.000387486  1.30913e-19  0.000517522 -8.26766e-21  2.20665e-05 -1.33274e-19  -0.00157051  3.62344e-19   0.00292044 -6.01377e-19  -0.00142368  3.66015e-19  -0.00333998  3.46496e-19   0.00608451 -6.37457e-19 -0.000833838 -2.02056e-19  -0.00791799  3.82422e-19   0.00677615  5.97493e-19   0.00585844 -7.07512e-19    -0.011159 -1.01895e-18  -0.00188483  1.50881e-18    0.0127713  2.07538e-18  -0.00148226 -3.12012e-18   -0.0122287 -2.26678e-18   0.00273823  4.56231e-18    0.0105661  1.64828e-18  -0.00164726 -3.73848e-18  -0.00813569  -8.5429e-19  -0.00090452   1.7231e-18   0.00442589  2.62994e-19   0.00254141 -2.74163e-19   6.7629e-05 -4.20714e-19 -0.000240171 -2.22444e-19
-2.79444e-08 -1.00239e-22   1.1597e-07  9.00465e-22  2.98479e-06 -1.29241e-20 -3.30996e-05  4.82169e-20  0.000163464 -1.18021e-19 -0.000473036  1.50985e-19  0.000797035 -1.05112e-19 -0.000469923  4.12788e-20  -0.00113286   2.5498e-19   0.00300285 -6.08264e-19  -0.00214258  4.33567e-19  -0.00264485  3.52769e-19   0.00625526 -4.78196e-19  -0.00168918 -5.36619e-19  -0.00753533  4.41555e-19   0.00730995  9.30771e-19   0.00538359 -9.93947e-19   -0.0113937 -1.63968e-18  -0.00168571  2.07538e-18    0.0129659  2.64586e-18  -0.00127067 -3.89534e-18   -0.0125614 -2.72551e-18   0.00209184  4.98904e-18    0.0109681  2.01713e-18  -0.00056843  -3.5238e-18  -0.00822188 -1.04653e-18  -0.00218636  1.44594e-18   0.00362228   6.9984e-19   0.00285613  5.25997e-19  0.000685314 -7.75598e-20  2.62515e-05
 8.01668e-23 -4.31795e-07 -1.35756e-22  3.74521e-06  4.06238e-22 -1.37539e-05 -6.61188e-21  1.38465e-05  2.87609e-20  8.55335e-05 -8.99523e-20 -0.000431824  1.37497e-19  0.000944226 -1.92559e-19 -0.000904115   1.9489e-19 -0.000617103  1.55988e-19    0.0029162 -5.77034e-19  -0.00274932  3.68925e-19  -0.00190665  4.92525e-19   0.00630891 -3.13575e-19  -0.00250496 -8.94363e-19  -0.00710754  5.38591e-19   0.00782048  1.31396e-18    0.0049002 -1.27189e-18   -0.0116482 -2.36253e-18  -0.00148226  2.64586e-18    0.0132029  3.25673e-18  -0.00104658 -4.67641e-18   -0.0129271 -3.26929e-18   0.00137607  5.18798e-18    0.0113374  2.45721e-18  0.000650076 -3.15862e-18  -0.00808497 -1.18442e-18  -0.00350633  1.26026e-18    0.0023205  1.39417e-18   0.00239801  1.24034e-18  0.000658694  1.42909e-19
 7.50046e-08  3.08743e-22  -1.4397e-06 -2.91071e-22  1.03227e-05 -1.26042e-21 -4.05203e-05  7.99697e-21  8.81801e-05 -7.07413e-21 -5.42579e-05 -3.51125e-20 -0.000280486  1.04183e-19  0.000951683 -2.57103e-19  -0.00124129  2.93422e-19 -7.33708e-05  9.68641e-20   0.00268779 -5.40624e-19  -0.00323722  2.09514e-19  -0.00114472  6.97101e-19   0.00625476 -1.71771e-19  -0.00328183 -1.21776e-18  -0.00663472   6.4782e-19   0.00831222  1.79198e-18     0.004402 -1.55781e-18   -0.0119255 -3.12012e-18  -0.00127067  3.25673e-18    0.0134867  3.96138e-18 -0.000804788 -5.39435e-18    -0.013329 -3.86458e-18  0.000570693   5.1781e-18    0.0116536  2.82134e-18   0.00203697 -2.72712e-18   -0.0076326 -1.19083e-18  -0.00481172  1.00799e-18  0.000481482  1.78635e-18   0.00123016  1.23612e-18  0.000260362
 -8.0234e-23  1.42925e-07  8.60336e-22 -2.08367e-06   -1.409e-21  1.46871e-05 -2.58886e-21 -6.13266e-05   2.5285e-20   0.00015688 -4.69249e-20 -0.000208569  2.80142e-20 -6.37427e-05  6.50045e-20  0.000837734  -2.8649e-19  -0.00146228    3.253e-19  0.000458496  9.02881e-20   0.00234451  -5.2842e-19  -0.00360377  1.73651e-20  -0.00037442  9.09534e-19   0.00609978 -8.54118e-20  -0.00402036 -1.50443e-18  -0.00611496    7.563e-19   0.00878865  2.41209e-18   0.00388167 -1.88258e-18   -0.0122287 -3.89534e-18  -0.00104658  3.96138e-18    0.0138229  4.73618e-18 -0.000538214 -5.92718e-18   -0.0137715 -4.39951e-18 -0.000352126  4.92657e-18    0.0118935   2.8867e-18   0.00361725 -2.31558e-18  -0.00678626 -1.25205e-18  -0.00589334    1.287e-19  -0.00136008  1.25324e-18  0.000123574  6.40939e-19
 2.13265e-08  -3.3314e-22 -2.33489e-07  2.11495e-21  5.53134e-08 -4.72618e-21  8.89551e-06 -1.17618e-21 -5.78134e-05  3.73005e-20  0.000187476 -7.77273e-20 -0.000332195  8.26289e-20  0.000171221  2.75102e-20  0.000631634 -2.79168e-19  -0.00156254  3.08535e-19  0.000948228   1.3097e-19   0.00191163 -5.56181e-19   -0.0038489 -1.56807e-19  0.000391591  1.11235e-18   0.00584862 -6.33326e-20  -0.00472053 -1.81527e-18   -0.0055444   8.6812e-19   0.00925212  3.15682e-18   0.00333056 -2.26678e-18   -0.0125614 -4.67641e-18 -0.000804788  4.73618e-18    0.0142195  5.44381e-18 -0.000238782 -6.17223e-18   -0.0142604 -4.72448e-18    -0.001419  4.38856e-18    0.0120154  2.54889e-18   0.00535982  -2.0834e-18  -0.00536728 -1.95672e-18  -0.00604909 -1.52982e-18  -0.00214909  1.76504e-19  -0.00022768
  3.6131e-23  1.69435e-07 -8.83945e-22 -1.57679e-06  4.35443e-21  6.48158e-06 -1.05288e-20 -1.01412e-05  4.06748e-21 -2.38364e-05  3.84771e-20  0.000166455 -9.18424e-20 -0.000398482  1.19738e-19  0.000386283 -4.82674e-21   0.00036606 -2.50574e-19  -0.00154757  2.78741e-19   0.00137338  2.06278e-19   0.00141245 -6.25417e-19  -0.00397369 -2.89633e-19   0.00114233  1.31225e-18   0.00550373 -8.39096e-20  -0.00538128 -2.21952e-18  -0.00491721  9.97954e-19   0.00970371  3.92036e-18   0.00273823 -2.72551e-18   -0.0129271 -5.39435e-18 -0.000538214  5.44381e-18    0.0146855  5.89799e-18  0.000102129 -6.09551e-18   -0.0147929 -4.68583e-18   -0.0026684   3.6492e-18    0.0119052  1.80394e-18   0.00725859  -2.1912e-18   -0.0029091 -3.31318e-18  -0.00448504 -2.83608e-18  -0.00151245 -3.18117e-19
-2.00662e-08  1.26924e-22  4.27812e-07  -1.6443e-21 -3.39351e-06  7.07049e-21  1.47133e-05 -1.71322e-20 -3.58377e-05   1.2075e-20  3.03576e-05  2.78366e-20  0.000100838   -8.884e-20 -0.000399836  1.38254e-19  0.000554769 -2.87467e-20  7.27998e-05 -2.27214e-19  -0.00142921  2.66288e-19   0.00171762  3.03344e-19  0.000868416 -7.26479e-19  -0.00397955 -3.76564e-19   0.00186752  1.51317e-18   0.00506542 -1.19529e-19   -0.0059999 -2.71627e-18  -0.00422541  1.16108e-18    0.0101427  4.56231e-18   0.00209184 -3.26929e-18    -0.013329 -5.92718e-18 -0.000238782  5.89799e-18    0.0152309  5.97305e-18  0.000505295 -5.65442e-18    -0.015366 -4.12142e-18  -0.00419542  2.83876e-18    0.0114551  7.90087e-19   0.00944126 -2.03987e-18  0.000734149 -3.86307e-18  -0.00169631 -2.52566e-18 -0.000446064
-2.95807e-24 -1.08077e-08   2.3186e-22  3.72673e-07 -2.11123e-21 -3.68456e-06  8.81819e-21  1.87967e-05 -2.16735e-20 -5.57322e-05  2.07394e-20  8.60191e-05  8.64839e-21   9.1428e-06 -7.43921e-20 -0.000342084  1.42615e-19  0.000660919 -4.18585e-20 -0.000219675  -2.3051e-19  -0.00122313  2.80969e-19   0.00196934  4.05776e-19  0.000299535 -8.38977e-19  -0.00386775 -4.16884e-19   0.00255657  1.70987e-18   0.00453204 -1.63964e-19  -0.00657129 -3.21194e-18  -0.00345881  1.37122e-18    0.0105661  4.98904e-18   0.00137607 -3.86458e-18   -0.0137715 -6.17223e-18  0.000102129  5.97305e-18    0.0158781  5.69322e-18  0.000995711  -4.7481e-18   -0.0160138  -3.0434e-18  -0.00605914  2.12348e-18    0.0106641  6.42217e-19    0.0115302 -1.23586e-19   0.00414129 -2.34358e-18  0.000395567 -1.25352e-18
-1.04546e-08  7.93249e-24  1.52736e-07  1.74584e-22 -6.16048e-07 -1.58071e-21 -4.79685e-07   8.1555e-21  1.38811e-05 -2.21256e-20 -5.98169e-05  2.81907e-20  0.000126224 -1.30298e-20 -8.76755e-05  -5.7185e-20  -0.00023907  1.40076e-19  0.000698403 -4.60137e-20 -0.000487187 -2.62912e-19 -0.000947353   3.1421e-19   0.00212053  4.89104e-19 -0.000274917 -9.34754e-19  -0.00363924 -4.09424e-19   0.00319763  1.89724e-18   0.00390017 -2.32023e-19  -0.00708713 -3.58391e-18  -0.00260475  1.64828e-18    0.0109681  5.18798e-18  0.000570693 -4.39951e-18   -0.0142604 -6.09551e-18  0.000505295  5.69322e-18    0.0166527  5.15451e-18   0.00156476 -3.53047e-18   -0.0167134  -1.6263e-18  -0.00817944  2.36978e-18   0.00905373  3.33281e-18    0.0117223  3.70214e-18   0.00498341  3.23757e-20  0.000676044
 1.39057e-24 -4.80596e-08  5.11768e-23  5.08157e-07 -2.15598e-22  -2.4856e-06  2.18191e-22  5.85036e-06  4.82575e-21  2.22623e-07 -1.85255e-20 -4.56421e-05  3.31256e-20  0.000141316 -3.06736e-20 -0.000171448 -4.42741e-20 -0.000108574  1.37552e-19  0.000668471 -4.75753e-20 -0.000710028 -3.07708e-19 -0.000621388  3.51456e-19   0.00216598  5.27872e-19 -0.000835595 -9.91999e-19  -0.00329474 -3.58038e-19   0.00377643  2.06932e-18   0.00316491 -3.37957e-19  -0.00753452 -3.76229e-18  -0.00164726  2.01713e-18    0.0113374   5.1781e-18 -0.000352126 -4.72448e-18   -0.0147929 -5.65442e-18  0.000995711  5.15451e-18    0.0175495   4.1183e-18   0.00227362 -2.49151e-18   -0.0172612  6.06472e-19   -0.0108325   4.8417e-18   0.00511022  8.43716e-18   0.00822256  6.61479e-18   0.00301018  6.27173e-19
 2.45227e-09  4.97456e-24 -7.38704e-08  1.02732e-22  7.53525e-07 -8.60647e-22 -4.03121e-06  2.71912e-21   1.2247e-05 -8.93285e-24 -1.70843e-05 -1.25341e-20 -1.77858e-05  3.47994e-20  0.000129433 -4.02252e-20 -0.000229118 -3.73154e-20  3.06492e-05  1.38544e-19  0.000578234 -5.30337e-20 -0.000872847 -3.41775e-19 -0.000265944  3.80714e-19   0.00210297   5.1149e-19  -0.00136214 -1.01229e-18  -0.00283513 -2.74794e-19   0.00427483  2.20346e-18    0.0023205 -4.83412e-19  -0.00789345 -3.73848e-18  -0.00056843  2.45721e-18    0.0116536  4.92657e-18    -0.001419 -4.68583e-18    -0.015366  -4.7481e-18   0.00156476   4.1183e-18    0.0186234  1.99997e-18   0.00335024 -1.47861e-18   -0.0177668  4.19931e-18    -0.015013  8.23555e-18  -0.00181741  1.14631e-17   0.00248354  5.92162e-18  0.000717325
-6.04418e-24 -9.28765e-09  3.29442e-23  2.72037e-08  6.70668e-23  3.86927e-07 -1.40951e-21 -3.71704e-06  4.84086e-21  1.50886e-05 -4.57651e-21  -3.1467e-05 -6.21922e-21  1.55128e-05  3.32585e-20   9.4834e-05  -4.1928e-20 -0.000253468 -3.29051e-20  0.000160889  1.42166e-19  0.000439307  -6.4336e-20 -0.000964496 -3.50127e-19  9.70509e-05  3.93384e-19   0.00193123  4.51674e-19  -0.00183208 -1.01757e-18  -0.00226245 -1.77586e-19   0.00466921   2.2555e-18   0.00136218   -6.603e-19  -0.00813569  -3.5238e-18  0.000650076  2.82134e-18    0.0118935  4.38856e-18   -0.0026684 -4.12142e-18   -0.0160138 -3.53047e-18   0.00227362  1.99997e-18    0.0201096 -9.35683e-19   0.00474493  2.07957e-19   -0.0188568  6.43692e-18    -0.020302  7.83668e-18  -0.00849979  8.85743e-18  -0.00134125  2.94188e-18
