 3.86504e-20  4.12915e-36 -1.60784e-18 -2.97907e-34   2.5775e-17  6.36014e-33 -2.45593e-16 -7.56362e-32  1.60128e-15  6.02738e-31 -7.65155e-15 -3.52479e-30  2.78352e-14  1.60141e-29 -7.87428e-14 -5.89651e-29  1.74882e-13  1.82256e-28 -3.04682e-13  -4.8747e-28  4.10948e-13  1.15571e-27 -4.14865e-13 -2.46434e-27  2.88575e-13   4.7419e-27   -1.035e-13 -8.18707e-27 -2.41874e-14  1.25538e-26  4.56439e-14 -1.69028e-26  -1.1431e-14  1.97519e-26 -9.94877e-15  -1.9764e-26  5.36322e-15  1.66523e-26  2.00858e-15 -1.16338e-26 -1.52629e-15  6.88088e-27 -5.09048e-16 -4.12134e-27   3.3731e-16  3.46953e-27  1.53259e-16 -3.67467e-27 -5.08578e-17  3.55387e-27 -4.15914e-17 -2.93687e-27  8.62557e-19  2.20548e-27  8.04426e-18 -1.49807e-27  2.06505e-18  7.55426e-28 -7.39798e-19 -1.21547e-28 -5.60609e-19 -1.79776e-28 -7.48289e-20  1.82554e-28  5.27326e-20 -1.01106e-28  2.83156e-20  5.30965e-29  3.72265e-21 -2.71897e-29 -1.85649e-21  4.93237e-30 -1.06859e-21  6.36787e-30 -2.10388e-22 -5.97717e-30  1.88513e-23  2.71097e-30  2.39996e-23 -1.02553e-30  7.10811e-24  3.98868e-31  8.43934e-25 -8.74385e-32 -1.50232e-25   -2.361e-32 -9.63786e-26  2.67094e-32 -2.33548e-26 -1.29372e-32 -2.92975e-27  5.08615e-33  4.93671e-29 -1.48738e-33  1.14635e-28  2.81903e-34  2.90999e-29 -4.14081e-35  4.34645e-30  2.12333e-36  3.78146e-31  2.82928e-36  1.16929e-33 -7.05313e-37 -5.70667e-33 -1.38051e-38 -1.07221e-33  4.48312e-39 -1.20001e-34  4.65555e-40 -9.09021e-36  3.66095e-40 -4.30669e-37  4.92853e-42 -5.84054e-39 -3.54655e-42  9.01189e-40 -1.77492e-42  8.50208e-41  2.07644e-43  3.81807e-42  8.33474e-46  8.52464e-44 -7.22407e-46  1.10021e-45  6.76737e-48
 4.12915e-36  2.31836e-18  1.74066e-34 -5.47434e-17 -8.82184e-33  6.67298e-16  1.51561e-31 -5.26538e-15 -1.52897e-30  2.96008e-14   1.0621e-29 -1.24743e-13 -5.50147e-29  4.05584e-13  2.23659e-28 -1.03309e-12 -7.42461e-28  2.07154e-12  2.08413e-27 -3.25128e-12 -5.10931e-27  3.91398e-12   1.1237e-26 -3.44401e-12 -2.25255e-26  1.94777e-12  4.12253e-26 -3.55804e-13 -6.82481e-26 -4.12189e-13  1.00833e-25  3.12422e-13 -1.31253e-25  9.14986e-15  1.48767e-25 -9.38696e-14 -1.44882e-25  1.45184e-14  1.19092e-25  2.38891e-14 -8.10393e-26  -4.6409e-15  4.61947e-26 -6.05621e-15 -2.61848e-26  6.38762e-16  2.10654e-26  1.45596e-15 -2.17493e-26  1.02066e-16  2.03849e-26 -2.79634e-16 -1.63544e-26 -8.51863e-17  1.22403e-26  2.96719e-17 -8.44017e-27  2.33857e-17   4.1919e-27  2.21351e-18 -4.62912e-28 -2.93142e-18 -1.22138e-27 -1.30731e-18  1.11336e-27 -5.16081e-20 -5.75348e-28  1.48873e-19   2.8525e-28  5.98837e-20 -1.38158e-28  5.37987e-21  1.88899e-29 -4.15363e-21  3.57516e-29  -2.0252e-21  -2.9778e-29 -3.75497e-22  1.25478e-29  2.57406e-23 -4.64747e-30  3.61911e-23  1.82095e-30  1.08168e-23 -3.85241e-31  1.50151e-24 -1.00879e-31 -8.41607e-26  1.04984e-31 -9.77596e-26 -4.87263e-32 -2.60666e-26   1.9022e-32 -3.91715e-27 -5.33815e-33 -2.31082e-28  9.09565e-34  5.04323e-29 -1.28841e-34  1.79627e-29  7.65352e-36  3.06321e-30  1.01918e-35  3.36363e-31 -2.42771e-36  2.12633e-32 -9.23895e-38 -1.97769e-34  2.04454e-38 -2.32336e-34  1.38018e-39  -3.1436e-35  6.48763e-40 -2.57411e-36  1.10586e-40 -1.42654e-37 -1.20435e-41 -5.13598e-39  -4.0591e-42 -8.64494e-41  4.55913e-43  9.45987e-43 -6.69393e-45  6.22991e-44 -7.62896e-46  8.93667e-46
-1.60784e-18  1.74066e-34  6.84022e-17  4.23698e-33 -1.12266e-15 -1.64811e-31  1.09654e-14  2.35473e-30 -7.33919e-14 -2.05044e-29  3.60588e-13  1.25531e-28 -1.35139e-12 -5.80352e-28  3.94785e-12  2.12308e-27  -9.0822e-12 -6.38047e-27  1.64592e-11  1.63185e-26 -2.32372e-11 -3.67833e-26  2.48206e-11  7.53361e-26 -1.87078e-11 -1.42637e-25  7.99625e-12  2.49421e-25  5.39702e-13 -3.97207e-25 -2.89173e-12  5.66372e-25  1.10944e-12  -7.1313e-25  5.03035e-13  7.84178e-25 -4.41502e-13 -7.43563e-25 -7.30627e-14  5.96447e-25  1.24318e-13 -3.95259e-25  1.70842e-14  2.17493e-25 -2.99045e-14 -1.18427e-25 -6.85364e-15  9.39912e-26  5.76915e-15 -9.62058e-26  2.50049e-15  8.73668e-26 -6.40387e-16 -6.73141e-26 -6.39224e-16  4.93512e-26 -5.55946e-17 -3.39341e-26  9.41489e-17  1.63158e-26  3.84036e-17 -8.62718e-28 -1.82537e-18 -5.61846e-27 -6.13257e-18  4.64451e-27 -1.90566e-18 -2.23996e-27  8.46934e-20  1.05466e-27   2.5242e-19 -4.85734e-28  8.32768e-20  4.52318e-29  5.41555e-21  1.35601e-28 -5.64874e-21 -1.00967e-28 -2.50045e-21  3.94313e-29 -4.60135e-22 -1.44843e-29  1.29212e-23  5.80205e-30  3.34437e-23 -1.19601e-30  1.04073e-23 -2.92784e-31  1.65485e-24  2.80624e-31  4.27187e-26 -1.24103e-31 -5.35839e-26  4.86599e-32 -1.67176e-26 -1.32403e-32 -2.85743e-27  2.01285e-33 -2.82144e-28 -2.78215e-34 -2.25375e-30  2.17181e-35  4.92422e-30  2.49058e-35  1.04251e-30 -5.76446e-36  1.29817e-31 -3.05829e-37  1.08247e-32  5.99637e-38  5.38743e-34  7.59135e-40  1.12551e-36   5.6492e-40 -2.47375e-36  4.04223e-40 -2.43181e-37 -2.70222e-41 -1.32596e-38 -5.73966e-42 -4.39932e-40  5.89302e-43 -8.17874e-42 -1.56902e-44 -7.75366e-44 -3.64237e-46
-2.97907e-34 -5.47434e-17  4.23698e-33  1.32341e-15  7.26835e-32 -1.65353e-14 -2.28199e-30  1.33915e-13  2.77468e-29 -7.73883e-13 -2.11391e-28  3.35844e-12  1.15101e-27 -1.12692e-11 -4.78133e-27  2.97039e-11  1.58202e-26 -6.18541e-11 -4.32166e-26  1.01322e-10  1.01058e-25 -1.28308e-10 -2.10245e-25  1.20521e-10  4.02959e-25 -7.56287e-11 -7.24649e-25  2.03854e-11  1.21643e-24  1.17622e-11 -1.86826e-24  -1.2666e-11  2.57202e-24  1.41494e-12 -3.13005e-24   3.3761e-12  3.33563e-24 -1.10214e-12  -3.0762e-24 -7.98348e-13  2.40365e-24  3.37397e-13 -1.54495e-24  2.06289e-13   8.1533e-25 -6.95007e-14 -4.28061e-25 -5.58601e-14  3.45424e-25  6.83981e-15 -3.57428e-25  1.31387e-14  3.15366e-25   1.5854e-15  -2.3148e-25 -2.10058e-15  1.63816e-25 -8.72201e-16 -1.10858e-25   9.5065e-17  5.09995e-26  1.69893e-16  5.15747e-28  4.23508e-17 -2.02182e-26 -9.28614e-18  1.52782e-26 -8.85739e-18 -6.88725e-27 -2.06231e-18  3.10498e-27  2.52372e-19 -1.36755e-27   3.0932e-19  6.96605e-29  8.91265e-20  4.02692e-28  5.02633e-21 -2.68697e-28 -5.43546e-21  9.68165e-29 -2.30416e-21 -3.58712e-29 -4.36866e-22  1.49117e-29 -8.51918e-24  -3.0136e-30  2.09873e-23 -6.73587e-31   7.0902e-24  5.88937e-31  1.26176e-24  -2.4501e-31  9.90788e-26  9.81221e-32 -1.44636e-26  -2.6299e-32 -6.66727e-27  3.53814e-33 -1.28883e-27 -4.80907e-34 -1.56485e-28  5.32808e-35 -1.05516e-29  4.78495e-35  2.34398e-31 -1.10083e-35   1.6907e-31 -6.95848e-37  2.49719e-32   1.3361e-37  2.29396e-33 -6.42759e-39  1.43117e-34  1.04747e-41  5.65037e-36   8.8399e-40  8.20799e-38 -4.40741e-41 -4.78683e-39 -5.67547e-42 -3.10499e-40  4.84857e-43 -7.76964e-42 -1.71264e-44   -6.302e-44
  2.5775e-17 -8.82184e-33 -1.12266e-15  7.26835e-32  1.88863e-14  9.59542e-31 -1.89318e-13 -2.51195e-29  1.30231e-12  2.64426e-28 -6.58717e-12  -1.7818e-27  2.54654e-11  8.69511e-27 -7.69234e-11 -3.26441e-26  1.83549e-10  9.81436e-26 -3.46444e-10  -2.4464e-25  5.12515e-10   5.2498e-25 -5.79472e-10 -1.01256e-24  4.72188e-10  1.82686e-24  -2.3441e-10 -3.14023e-24  1.52463e-11  5.08333e-24  6.84093e-11 -7.54123e-24 -3.73097e-11  1.00155e-23 -7.66023e-12 -1.17579e-23  1.31239e-11  1.21198e-23 -1.13619e-13  -1.0851e-23 -3.60314e-12  8.23542e-24  1.45476e-13 -5.10216e-24  9.15813e-13  2.55269e-24  3.85562e-14 -1.28856e-24 -2.06585e-13  1.08934e-24 -4.32921e-14 -1.15886e-24  3.43507e-14  9.95636e-25  1.67172e-14  -6.9224e-25 -2.04178e-15   4.6801e-25 -3.55612e-15 -3.09378e-25 -7.53703e-16  1.35238e-25  3.14628e-16  1.04501e-26  2.17796e-16 -6.04563e-26  3.27629e-17  4.20209e-26  -1.6289e-17 -1.77501e-26 -9.84268e-18  7.73931e-27 -1.80845e-18 -3.27559e-27  3.41041e-19  3.41375e-29  2.95479e-19  9.95468e-28  7.82501e-20 -5.93957e-28  4.87914e-21  1.96016e-28   -3.876e-21 -7.49412e-29 -1.65457e-21  3.27895e-29 -3.30122e-22 -6.50579e-30  -2.1093e-23 -1.32205e-30  8.71576e-24  1.02892e-30  3.48608e-24 -3.92528e-31   6.8514e-25  1.65004e-31   7.6769e-26 -4.45715e-32   1.0856e-27  5.25485e-33 -1.52253e-27 -7.01457e-34 -3.61791e-28  1.15415e-34 -4.96824e-29  7.68578e-35   -4.494e-30 -1.81575e-35 -2.25561e-31 -1.21306e-36  4.36192e-33   2.4029e-37   2.0847e-33 -2.60259e-38  2.19853e-34 -7.08709e-40   1.4065e-35   1.3982e-39  5.87813e-37 -5.32198e-41   1.5076e-38 -4.02659e-42  1.96956e-40  2.18025e-43  3.03629e-43 -9.98323e-45
 6.36014e-33  6.67298e-16 -1.64811e-31 -1.65353e-14  9.59542e-31  2.12024e-13  1.02478e-29 -1.76464e-12 -2.28846e-28  1.04963e-11  2.11351e-27 -4.69707e-11 -1.27091e-26  1.62877e-10  5.59499e-26 -4.44873e-10 -1.90808e-25  9.63342e-10  5.23406e-25 -1.64905e-09 -1.19478e-24  2.19871e-09  2.36173e-24  -2.2041e-09 -4.24462e-24    1.525e-09  7.25846e-24 -5.37228e-10 -1.20065e-23 -1.45674e-10   1.8816e-23  2.57904e-10 -2.69738e-23 -6.49634e-11  3.44944e-23 -5.81664e-11 -3.89622e-23   3.2657e-11  3.87561e-23  1.17263e-11 -3.36181e-23 -9.80808e-12  2.47029e-23 -2.97263e-12 -1.46425e-23  2.32102e-12  6.83729e-24  9.39267e-13 -3.29723e-24 -3.96708e-13  3.02053e-24 -2.76621e-13 -3.34316e-24  2.20236e-14  2.79687e-24  5.96519e-14 -1.83391e-24  1.22328e-14  1.17705e-24 -6.81274e-15 -7.58173e-25 -4.16171e-15   3.1389e-25 -3.24323e-16  4.62158e-26   4.9107e-16  -1.5538e-25   2.1764e-16  9.98176e-26  1.68093e-17  -3.9651e-26  -1.9269e-17  1.69121e-26 -8.91856e-18  -6.8961e-27 -1.37145e-18 -1.96758e-28  3.11863e-19  2.11826e-27   2.2804e-19 -1.12228e-27  5.79062e-20  3.35381e-28  4.58083e-21 -1.36592e-28 -2.03849e-21  6.36645e-29 -9.33655e-22  -1.2349e-29 -1.98088e-22 -2.32946e-30 -1.98192e-23  1.54424e-30  1.87538e-24 -5.13747e-31  1.20295e-24  2.38209e-31  2.64068e-25 -6.69156e-32  3.53411e-26  6.81397e-33   2.5257e-27 -8.79162e-34 -9.71921e-29    2.247e-34 -5.74159e-29  1.06745e-34 -9.18499e-30 -2.70635e-35 -9.28765e-31 -1.69987e-36 -6.33883e-32  3.57362e-37 -2.56435e-33 -5.96222e-38 -5.79456e-36 -1.17089e-39  7.00961e-36  1.71693e-39   4.9658e-37 -4.58215e-41   1.7689e-38 -2.02828e-42  3.37048e-40 -9.37949e-45  2.26837e-42
-2.45593e-16  1.51561e-31  1.09654e-14 -2.28199e-30 -1.89318e-13  1.02478e-29  1.95019e-12  9.14396e-29 -1.38064e-11 -1.77162e-27  7.19929e-11  1.45085e-26 -2.87498e-10 -7.84386e-26  8.99279e-10  3.13271e-25 -2.22881e-09 -9.74771e-25  4.38753e-09  2.44847e-24 -6.80955e-09 -5.13496e-24  8.15475e-09   9.3852e-24 -7.17205e-09 -1.58059e-23  4.06356e-09  2.58127e-23 -7.24859e-10 -4.13625e-23 -9.13951e-10  6.29342e-23  7.02959e-10 -8.71189e-23  1.39719e-11  1.06996e-22 -2.18957e-10 -1.15942e-22  3.98581e-11  1.11041e-22  5.70868e-11 -9.31495e-23 -1.37696e-11   6.6059e-23 -1.49895e-11 -3.71534e-23  2.44524e-12  1.58627e-23  3.83852e-12 -7.24307e-24  4.99062e-14  7.50112e-24 -8.16366e-13 -8.69339e-24 -1.96676e-13  7.06591e-24   1.0728e-13  -4.3531e-24  6.62601e-14  2.64404e-24  1.65922e-15 -1.66192e-24 -1.01992e-14  6.51414e-25 -3.68771e-15  1.42048e-25  1.62812e-16 -3.50748e-25  5.46648e-16   2.0907e-25  1.79055e-16  -7.8502e-26  3.58526e-18  3.31509e-26 -1.75256e-17 -1.30023e-26 -6.81979e-18 -8.67244e-28 -9.46219e-19  3.96037e-27  2.09356e-19 -1.83907e-27   1.4418e-19  4.88774e-28  3.63035e-20 -2.22166e-28  3.68075e-21  1.11242e-28 -7.35624e-22 -2.08788e-29 -4.08321e-22 -3.83546e-30 -9.29872e-23  2.02765e-30 -1.18335e-23 -5.28191e-31 -2.56445e-25  3.00213e-31  2.62693e-25 -9.12801e-32   6.9891e-26  7.81762e-33  1.05075e-26 -9.38809e-34   1.0178e-27  4.00941e-34  4.90595e-29  1.30781e-34 -2.88445e-30 -3.75243e-35 -8.77384e-31 -1.95884e-36 -9.94399e-32  4.42062e-37 -7.20445e-33 -1.00795e-37 -3.50587e-34 -1.33814e-39 -1.05621e-35   1.6918e-39 -1.30666e-37 -2.29519e-41  2.39644e-39 -7.40279e-43  9.60673e-41 -7.22865e-44
-7.56362e-32 -5.26538e-15  2.35473e-30  1.33915e-13 -2.51195e-29 -1.76464e-12  9.14396e-29  1.51145e-11   6.9726e-28 -9.26692e-11 -1.18756e-26  4.28247e-10  8.69948e-26 -1.53694e-09 -4.25547e-25   4.3566e-09  1.54932e-24 -9.82495e-09  -4.4153e-24  1.75999e-08  1.01871e-23 -2.47343e-08 -1.96845e-23  2.64626e-08  3.33884e-23 -2.00925e-08 -5.30127e-23  8.70102e-09  8.33439e-23  5.97009e-10 -1.30157e-22 -3.29784e-09  1.92586e-22  1.34161e-09 -2.57014e-22  5.64087e-10  3.02275e-22 -5.53668e-10 -3.13358e-22 -6.95459e-11  2.88406e-22  1.62342e-10 -2.33644e-22  1.39539e-11  1.59431e-22 -4.14744e-11 -8.42946e-23  -6.8815e-12  3.19849e-23  8.86466e-12 -1.36588e-23  3.05897e-12  1.69372e-23 -1.25164e-12 -2.05727e-23 -9.17197e-13  1.61826e-23 -6.23293e-15 -9.33559e-24   1.6346e-13   5.3625e-24  5.19861e-14 -3.30382e-24 -8.96087e-15   1.2285e-24 -1.08233e-14  3.52396e-25 -2.57523e-15 -7.05795e-25  4.72775e-16  3.91739e-25  4.83318e-16  -1.4009e-25  1.26227e-16  5.92377e-26 -2.74707e-18 -2.21674e-26  -1.2895e-17 -2.34876e-27  -4.4849e-18  6.58941e-27 -6.08596e-19 -2.62433e-27  1.02956e-19  6.01711e-28  7.45441e-20 -3.28192e-28  1.91017e-20  1.77071e-28  2.37466e-21 -3.16164e-29 -1.27482e-22 -6.06622e-30 -1.33076e-22  2.34892e-30 -3.33104e-23 -3.53192e-31 -4.90576e-24  3.34015e-31 -3.69905e-25  -1.1509e-31  2.15569e-26  7.84415e-33  1.15987e-26 -8.09426e-34  1.99584e-27  6.65769e-34   2.1869e-28  1.42939e-34  1.58635e-29 -4.90567e-35  5.95661e-31 -1.87491e-36  -1.8587e-32  4.50909e-37 -4.58496e-33 -1.37027e-37 -3.53068e-34 -1.66956e-39 -1.60209e-35  1.36091e-39 -4.40951e-37  3.60494e-42 -6.36488e-39 -2.68824e-43 -2.85101e-41
 1.60128e-15 -1.52897e-30 -7.33919e-14  2.77468e-29  1.30231e-12 -2.28846e-28 -1.38064e-11   6.9726e-28  1.00745e-10  4.62068e-27 -5.42412e-10 -6.99125e-26  2.24107e-09  4.61483e-25 -7.27043e-09 -2.05358e-24  1.87465e-08  6.84414e-24 -3.85481e-08  -1.7922e-23  6.28522e-08  3.80799e-23 -7.97887e-08 -6.79613e-23  7.56561e-08  1.07364e-22 -4.83252e-08 -1.61759e-22  1.35595e-08  2.46812e-22  7.56673e-09 -3.77525e-22  -8.7072e-09  5.43406e-22  1.24478e-09 -6.97602e-22  2.33693e-09  7.83451e-22 -9.08996e-10 -7.75132e-22 -5.47514e-10  6.84653e-22   2.9384e-10 -5.35144e-22  1.44086e-10  3.50343e-22 -6.82017e-11 -1.72251e-22 -4.20423e-11  5.56201e-23  9.80793e-12 -2.17796e-23  1.11337e-11  3.52002e-23  3.81444e-13 -4.46273e-23 -2.12437e-12  3.38141e-23 -6.59988e-13 -1.82112e-23  1.79595e-13   9.9055e-24  1.67489e-13 -6.02209e-24  2.79424e-14  2.13301e-24 -1.48161e-14  7.45596e-25 -9.11247e-15 -1.27931e-24 -1.44356e-15  6.63778e-25  5.37859e-16 -2.28627e-25   3.5646e-16  9.76096e-26  7.87686e-17 -3.42404e-26 -3.48364e-18 -5.13425e-27 -7.83905e-18  9.82535e-27 -2.55246e-18 -3.23497e-27 -3.60962e-19  6.03194e-28  3.35146e-20 -4.47407e-28  3.09944e-20  2.58869e-28  8.27447e-21 -4.28688e-29   1.1983e-21 -9.31601e-30  3.67837e-23  2.38919e-30 -2.93752e-23  5.88379e-32  -8.7446e-24  3.32027e-31 -1.43078e-24 -1.35334e-31 -1.46671e-25  6.45917e-33 -6.33038e-27 -4.43188e-34  8.51203e-28  1.03581e-33  2.20677e-28  1.39982e-34  2.67218e-29 -6.04385e-35  2.13323e-30 -1.49378e-36  1.14411e-31  3.68865e-37  3.53857e-33 -1.56711e-37  4.78426e-36 -2.63692e-39 -4.91023e-36  9.04407e-40 -2.09574e-37   1.9931e-41  -3.4106e-39 -1.38502e-43
 6.02738e-31  2.96008e-14 -2.05044e-29 -7.73883e-13  2.64426e-28  1.04963e-11 -1.77162e-27 -9.26692e-11  4.62068e-27  5.86609e-10  2.69602e-26 -2.80414e-09 -3.65522e-25  1.04334e-08  2.18762e-24 -3.07448e-08 -8.89737e-24  7.23304e-08  2.72424e-23 -1.35804e-07 -6.57282e-23  2.01426e-07  1.28882e-22 -2.30074e-07  -2.1287e-22  1.91044e-07  3.14304e-22 -9.81144e-08 -4.52456e-22  8.39001e-09  6.75332e-22  2.87989e-08 -1.01545e-21 -1.73116e-08  1.42077e-21 -2.62032e-09 -1.75025e-21  6.17149e-09  1.87227e-21 -4.39262e-10 -1.76467e-21 -1.73305e-09  1.49474e-21  2.09246e-10 -1.12667e-21  4.63204e-10  7.05531e-22 -2.21741e-11 -3.18273e-22 -1.14905e-10  8.10402e-23 -1.31888e-11 -2.79151e-23  2.26147e-11  6.79755e-23  7.97635e-12  -8.9218e-23 -2.37503e-12  6.48076e-23 -2.16218e-12 -3.24985e-23 -2.49461e-13  1.67874e-23  2.74129e-13 -1.01534e-23  1.31802e-13  3.44613e-24   7.0733e-15  1.38209e-24 -1.50739e-14 -2.10398e-24 -6.42219e-15  1.02607e-24 -6.56363e-16 -3.46055e-25  4.34143e-16  1.49468e-25  2.25153e-16 -4.76164e-26  4.45792e-17 -9.79148e-27 -1.93979e-18  1.31463e-26 -3.95174e-18 -3.33998e-27 -1.25099e-18  4.34377e-28 -1.90591e-19 -5.72187e-28   3.4526e-21   3.4954e-28  9.98844e-21  -5.1675e-29  2.87063e-21 -1.38218e-29  4.65053e-22  2.06027e-30  3.68997e-23  6.86842e-31 -3.01256e-24  3.02466e-31 -1.55617e-24 -1.48315e-31 -2.86257e-25  3.31658e-33 -3.35169e-26  1.77366e-34 -2.50549e-27  1.50809e-33 -7.15147e-29  1.22705e-34  9.55479e-30 -6.95152e-35  1.65935e-30   -9.765e-37  1.39001e-31  2.26592e-37  7.46332e-33 -1.55655e-37  2.58998e-34 -4.11893e-39  5.21549e-36  5.04062e-40  4.05839e-38  2.05238e-41 -1.15773e-40
-7.65155e-15   1.0621e-29  3.60588e-13 -2.11391e-28 -6.58717e-12  2.11351e-27  7.19929e-11 -1.18756e-26 -5.42412e-10  2.69602e-26  3.02063e-09  1.39953e-25 -1.29355e-08 -1.71259e-24  4.36034e-08  9.34305e-24 -1.17178e-07 -3.48719e-23   2.5213e-07  9.83961e-23 -4.32563e-07 -2.19235e-22  5.82733e-07  3.97351e-22 -5.95376e-07 -6.08312e-22  4.24992e-07  8.42351e-22 -1.60084e-07 -1.16711e-21 -3.54948e-08  1.71681e-21  7.63906e-08 -2.54309e-21 -2.34509e-08  3.45312e-21 -1.64235e-08 -4.07224e-21  1.15314e-08  4.14083e-21  2.94187e-09  -3.7136e-21 -3.60215e-09  3.01607e-21 -7.07995e-10 -2.19177e-21  9.29313e-10  1.30835e-21  2.56893e-10 -5.32101e-22 -1.89729e-10  9.03122e-23 -9.16724e-11 -2.37069e-23  2.19533e-11   1.2279e-22   2.4194e-11 -1.65038e-22  2.27752e-12  1.14443e-22 -3.76587e-12 -5.33182e-23 -1.58058e-12  2.62662e-23  8.34748e-14 -1.59425e-23   2.6794e-13  5.22535e-24  8.39639e-14  2.27604e-24 -4.42668e-15 -3.15417e-24 -1.18266e-14  1.45852e-24 -3.92099e-15 -4.93094e-25   -2.488e-16  2.13649e-25  2.76953e-16 -5.85015e-26  1.23382e-16 -1.68501e-26  2.31256e-17  1.56836e-26 -4.86396e-19 -2.61209e-27 -1.63367e-18  8.40954e-29 -5.20301e-19 -6.99134e-28 -8.60219e-20  4.37551e-28 -3.55831e-21  -5.4293e-29  2.30015e-21 -1.95457e-29  7.66921e-22  1.29953e-30  1.35917e-22  1.42822e-30  1.45814e-23  2.69576e-31  4.99237e-25 -1.49459e-31 -1.50209e-25  -1.5781e-33 -3.64972e-26  1.04893e-33 -4.68429e-27  2.04358e-33 -4.01731e-28  9.57708e-35 -2.24777e-29 -7.37428e-35 -5.70273e-31 -4.58697e-37  2.67887e-32  8.80458e-38  3.58173e-33 -1.37901e-37  1.80343e-34 -5.34106e-39  4.87045e-36  2.40822e-40  6.06544e-38  1.10539e-41
-3.52479e-30 -1.24743e-13  1.25531e-28  3.35844e-12  -1.7818e-27 -4.69707e-11  1.45085e-26  4.28247e-10 -6.99125e-26 -2.80414e-09  1.39953e-25  1.38924e-08  6.51938e-25  -5.3692e-08 -7.24496e-24  1.64797e-07  3.61956e-23 -4.05227e-07 -1.24416e-22  7.98896e-07  3.24373e-22 -1.25247e-06  -6.6864e-22  1.52842e-06   1.1214e-21 -1.38461e-06   -1.593e-21  8.24316e-07  2.07593e-21 -1.76746e-07  -2.7901e-21 -1.75048e-07  4.07194e-21  1.56372e-07 -5.94637e-21  -7.9044e-09  7.81884e-21 -4.78962e-08 -8.80771e-21  1.33724e-08  8.50102e-21  1.23426e-08 -7.25057e-21 -4.73189e-09  5.64843e-21 -3.34751e-09 -3.95637e-21  1.07566e-09  2.24175e-21  9.46797e-10 -8.02059e-22 -1.17885e-10  4.73162e-23 -2.36709e-10  4.72688e-24 -2.72781e-11  2.08294e-22  4.12635e-11  -2.8332e-22  1.68089e-11  1.86945e-22 -2.36469e-12 -8.07843e-23 -3.61908e-12  3.81367e-23 -8.50586e-13 -2.34205e-23  2.38198e-13  7.48556e-24  2.03731e-13  3.34771e-24  4.45968e-14 -4.31929e-24 -7.50076e-15  1.92241e-24 -7.68084e-15 -6.72196e-25 -2.12653e-15  2.85429e-25 -8.84477e-17 -6.05768e-26  1.44474e-16 -2.66017e-26  5.87923e-17  1.63456e-26  1.09175e-17 -8.47472e-28  1.63636e-19 -3.86984e-28 -5.37852e-19 -8.32625e-28 -1.79343e-19  5.08801e-28 -3.19878e-20 -4.72025e-29 -2.66888e-21 -2.59703e-29  2.89312e-22   4.9956e-32  1.47908e-22  2.11613e-30  2.89218e-23  2.66861e-31  3.57052e-24 -1.33728e-31  2.65027e-25 -7.51756e-33  2.46064e-27  2.16436e-33 -2.37367e-27  2.56196e-33 -3.73447e-28  6.57981e-35 -3.36961e-29 -7.13679e-35 -2.03417e-30  5.56948e-38 -8.03471e-32  1.28137e-38 -1.71897e-33 -1.11236e-37  3.87645e-37 -5.47889e-39  8.89934e-37  9.91227e-41  1.19577e-38
 2.78352e-14 -5.50147e-29 -1.35139e-12  1.15101e-27  2.54654e-11 -1.27091e-26 -2.87498e-10  8.69948e-26  2.24107e-09 -3.65522e-25 -1.29355e-08  6.51938e-25   5.7535e-08  2.74489e-24 -2.01935e-07 -2.78495e-23  5.66768e-07  1.27932e-22 -1.27868e-06 -4.06226e-22  2.31257e-06  9.80778e-22 -3.31068e-06 -1.87299e-21  3.64447e-06  2.90848e-21 -2.88926e-06 -3.83601e-21  1.35824e-06  4.72142e-21  7.78135e-09 -6.20754e-21 -4.90629e-07  9.03985e-21  2.44032e-07 -1.30068e-20  6.86943e-08  1.65208e-20 -9.83334e-08  -1.7744e-20 -1.55726e-09  1.62426e-20  2.94144e-08 -1.31779e-20 -1.05845e-09  9.85503e-21 -8.03744e-09  -6.6494e-21 -2.65297e-10  3.55634e-21  1.96711e-09 -1.07898e-21  3.79466e-10 -1.04257e-22 -3.66108e-10  7.55743e-23 -1.66494e-10  3.32249e-22    2.972e-11 -4.52379e-22  4.01982e-11  2.83536e-22  7.22812e-12 -1.13519e-22 -4.33869e-12  5.15701e-23 -2.62811e-12 -3.22642e-23 -3.05821e-13  1.01818e-23  2.44052e-13  4.38279e-24  1.29148e-13 -5.39797e-24  2.02591e-14  2.37364e-24 -6.10489e-15 -8.91163e-25 -4.26182e-15  3.55665e-25  -1.0422e-15 -4.55436e-26 -3.85103e-17 -3.88331e-26  6.19444e-17  1.40666e-26  2.41791e-17  1.93939e-27  4.58559e-18 -8.50178e-28  2.47015e-19 -9.85399e-28 -1.32213e-19   5.4933e-28 -4.95161e-20 -2.83402e-29 -9.46984e-21 -3.20577e-29 -1.05167e-21 -1.75585e-30 -2.13861e-23  2.56376e-30  1.77653e-23  3.25671e-31  4.21689e-24 -9.68903e-32  5.68422e-25 -1.28921e-32  5.10348e-26  3.51917e-33  2.77362e-27   2.9585e-33  1.90104e-29  3.81365e-35 -1.26048e-29 -6.25175e-35 -1.34728e-30   6.5551e-37 -7.80727e-32  1.95959e-38 -2.78918e-33 -8.22641e-38 -5.74708e-35 -4.35451e-39 -5.21496e-37  3.13909e-41
 1.60141e-29  4.05584e-13 -5.80352e-28 -1.12692e-11  8.69511e-27  1.62877e-10 -7.84386e-26 -1.53694e-09  4.61483e-25  1.04334e-08 -1.71259e-24  -5.3692e-08  2.74489e-24   2.1604e-07    1.051e-23 -6.92237e-07 -9.78065e-23  1.78308e-06  4.14585e-22 -3.69899e-06 -1.21937e-21  6.14102e-06   2.7313e-21 -8.01507e-06 -4.83677e-21  7.91007e-06  6.95437e-21 -5.37705e-06 -8.51658e-21  1.77377e-06  9.93939e-21  6.92937e-07 -1.29007e-20 -1.04127e-06  1.88325e-20  2.44577e-07  -2.6653e-20  2.59729e-07  3.26177e-20 -1.45858e-07 -3.33543e-20 -5.47182e-08  2.89534e-20  4.85363e-08 -2.23676e-20   1.4068e-08  1.60746e-20 -1.27409e-08  -1.0433e-20 -4.72133e-09  5.22692e-21  2.51928e-09 -1.26545e-21  1.54903e-09  -4.3404e-22 -2.31514e-10   2.0744e-22 -3.83234e-10  4.97794e-22 -5.90369e-11 -6.73007e-22  5.41382e-11  4.00795e-22  2.76944e-11 -1.48573e-22  4.19763e-13   6.5031e-23 -4.11013e-12 -4.16618e-23 -1.54786e-12  1.32017e-23 -2.73125e-14  5.01948e-24  1.79505e-13 -6.12431e-24  7.08495e-14  2.78373e-24  8.17229e-15 -1.16501e-24  -3.6293e-15  4.10815e-25 -2.04859e-15 -4.84457e-27 -4.64633e-16 -5.25831e-26 -2.21309e-17  8.12952e-27  2.14793e-17  5.49747e-27   8.4392e-18 -1.14401e-27  1.66072e-18 -1.17549e-27  1.45878e-19  5.47717e-28 -2.01485e-20  1.84367e-30 -1.03932e-20 -3.64833e-29 -2.14902e-21 -4.19369e-30 -2.75972e-22  2.61982e-30 -1.93176e-23  4.63147e-31  5.63222e-25 -3.73677e-32  3.66973e-25 -1.54067e-32  5.62555e-26  5.09765e-33  5.39056e-27  3.13969e-33  3.50038e-28  1.40708e-35  1.42168e-29 -4.93829e-35  1.97049e-31  1.36886e-36 -1.44851e-32  7.81861e-38 -9.89281e-34 -5.49078e-38 -2.53302e-35 -2.56882e-39 -2.12205e-37
-7.87428e-14  2.23659e-28  3.94785e-12 -4.78133e-27 -7.69234e-11  5.59499e-26  8.99279e-10 -4.25547e-25 -7.27043e-09  2.18762e-24  4.36034e-08 -7.24496e-24 -2.01935e-07    1.051e-23  7.39795e-07  3.67918e-23  -2.1739e-06 -3.15324e-22  5.15473e-06  1.23722e-21 -9.84942e-06 -3.37831e-21  1.50107e-05  7.03068e-21 -1.78131e-05 -1.15507e-20  1.56174e-05  1.53678e-20 -8.80058e-06 -1.74656e-20  1.39162e-06  1.94152e-20  2.30247e-06 -2.51273e-20 -1.75616e-06  3.68917e-20 -4.12437e-08 -5.12227e-20  5.97253e-07  6.02416e-20 -1.25058e-07 -5.85929e-20 -1.65025e-07  4.82662e-20  4.93286e-08 -3.55735e-20  4.61318e-08  2.45927e-20 -1.10605e-08 -1.53102e-20 -1.29971e-08  7.10916e-21  7.92811e-10 -1.22086e-21  3.17528e-09 -1.00584e-21  5.39504e-10  4.13633e-22 -5.23646e-10  6.98175e-22   -2.549e-10 -9.34299e-22  1.83728e-11  5.30328e-22  5.02078e-11 -1.81907e-22  1.42859e-11  7.62656e-23 -2.48549e-12 -5.02399e-23 -2.91549e-12  1.63791e-23 -7.66492e-13  4.78072e-24  5.95927e-14 -6.22576e-24  1.06926e-13  3.15996e-24  3.44613e-14 -1.51373e-24   3.1257e-15  4.34338e-25 -1.70954e-15  6.76332e-26 -8.54791e-16 -6.60793e-26 -1.87218e-16 -1.53102e-27  -1.2817e-17  9.41926e-27  5.75609e-18 -1.12635e-27  2.43353e-18 -1.42048e-27   5.0083e-19  4.96155e-28  5.69505e-20  3.98668e-29 -1.05489e-24 -3.81272e-29 -1.50006e-21 -7.32715e-30 -3.54871e-22  2.21381e-30 -4.97122e-23  6.73394e-31  -4.5345e-24   4.2025e-32 -2.10422e-25 -1.28071e-32  9.81851e-27  6.84574e-33  2.94756e-27   3.0601e-33  3.05535e-28 -9.30364e-36  1.97699e-29 -3.52846e-35  8.40998e-31  2.05105e-36  2.19114e-32  1.34915e-37  2.67667e-34 -3.16741e-38 -2.27582e-37 -9.86822e-40
-5.89651e-29 -1.03309e-12  2.12308e-27  2.97039e-11 -3.26441e-26 -4.44873e-10  3.13271e-25   4.3566e-09 -2.05358e-24 -3.07448e-08  9.34305e-24  1.64797e-07 -2.78495e-23 -6.92237e-07  3.67918e-23  2.32185e-06  1.18302e-22 -6.28164e-06  -9.3715e-22  1.37472e-05  3.41307e-21 -2.42233e-05 -8.66922e-21  3.38668e-05  1.67804e-20 -3.63907e-05 -2.55745e-20  2.79601e-05  3.14419e-20 -1.22702e-05 -3.31206e-20 -1.06319e-06  3.52623e-20  5.21161e-06 -4.60107e-20 -2.26912e-06  6.80674e-20 -9.00391e-07 -9.24078e-20   1.0184e-06  1.04176e-19   7.9041e-08 -9.63287e-20 -3.22219e-07  7.54332e-20 -5.90441e-09 -5.31997e-20  9.05735e-08  3.54017e-20  7.62113e-09 -2.10313e-20 -2.22898e-08  8.91516e-21 -5.47144e-09 -7.91644e-22  4.04191e-09 -1.84751e-21   2.1541e-09   6.9726e-22 -2.57676e-10  9.11166e-22 -4.94317e-10 -1.21222e-21  -1.0938e-10  6.60525e-22  4.77835e-11 -2.09299e-22  3.41795e-11  8.23438e-23  5.29661e-12 -5.61275e-23 -2.73388e-12  1.95376e-23 -1.70358e-12  3.15654e-24 -3.28129e-13 -5.49736e-24   5.7591e-14  3.55387e-24  5.39141e-14 -1.95517e-24  1.50908e-14  4.09588e-25  1.22994e-15  1.72655e-25 -6.48175e-16 -7.69985e-26 -3.07079e-16 -1.41505e-26 -6.69019e-17  1.32954e-26  -6.2064e-18 -7.17399e-28  1.05537e-18 -1.73098e-27  5.56582e-19  3.90025e-28  1.21088e-19  7.94028e-29  1.59416e-20 -3.66508e-29  9.66674e-22 -1.11754e-29 -1.06666e-22  1.37327e-30  -3.8862e-23  9.24491e-31  -5.9554e-24  1.33203e-31 -5.94994e-25 -3.88823e-33  -3.9501e-26  8.64863e-33 -1.38058e-27  2.73998e-33  3.01631e-29 -3.57858e-35  7.27131e-30 -2.31897e-35  4.69106e-31  2.44213e-36  1.65301e-32  1.50309e-37  3.07528e-34 -1.46049e-38  1.99301e-36
 1.74882e-13 -7.42461e-28  -9.0822e-12  1.58202e-26  1.83549e-10 -1.90808e-25 -2.22881e-09  1.54932e-24  1.87465e-08 -8.89737e-24 -1.17178e-07  3.61956e-23  5.66768e-07 -9.78065e-23  -2.1739e-06  1.18302e-22  6.70806e-06  3.50853e-22  -1.6766e-05 -2.57726e-21  3.39374e-05  8.73369e-21 -5.51857e-05 -2.06692e-20  7.06783e-05  3.72355e-20 -6.83512e-05 -5.26094e-20  4.50583e-05  5.96243e-20 -1.33734e-05  -5.8086e-20 -7.39532e-06  5.96508e-20   9.3503e-06 -7.94384e-20 -1.77069e-06  1.18449e-19 -2.57965e-06 -1.56599e-19  1.27301e-06  1.68804e-19  5.94444e-07 -1.48407e-19 -4.50184e-07  1.10821e-19 -1.59368e-07 -7.51077e-20   1.2155e-07  4.80932e-20  5.27909e-08 -2.70286e-20 -2.39128e-08  1.02287e-20 -1.69834e-08  1.31059e-22  1.82546e-09 -2.91804e-21  4.13234e-09  1.05074e-21  7.77044e-10  1.09557e-21 -5.57591e-10 -1.47307e-21  -3.2099e-10  7.80343e-22 -1.61137e-11 -2.27276e-22  4.45721e-11  7.97826e-23  1.87283e-11 -5.72256e-23  1.02645e-12  2.25541e-23 -1.93505e-12 -2.76696e-25 -8.56956e-13  -3.8664e-24 -1.25575e-13  4.05093e-24  3.37401e-14 -2.49504e-24  2.34287e-14  3.23701e-25  5.98238e-15  3.03682e-25   5.1145e-16 -8.30796e-26  -1.9394e-16 -2.81628e-26 -9.32588e-17  1.68833e-26 -2.06148e-17  8.87835e-29 -2.37334e-18 -2.10549e-27  6.83977e-20  2.26822e-28  9.41884e-20  1.12152e-28  2.24188e-20  -3.2889e-29  3.22338e-21 -1.56762e-29   2.8691e-22  2.07693e-31   7.8021e-24  1.16268e-30 -2.16985e-24  2.23358e-31 -4.30798e-25  1.07008e-32 -4.52737e-26  1.03272e-32 -3.16538e-27  2.25496e-33 -1.47227e-28 -6.54693e-35 -3.91625e-30 -1.45932e-35 -1.34656e-32  2.35747e-36  2.64169e-33   1.2039e-37  6.70814e-35 -4.56843e-39
 1.82256e-28  2.07154e-12 -6.38047e-27 -6.18541e-11  9.81436e-26  9.63342e-10 -9.74771e-25 -9.82495e-09  6.84414e-24  7.23304e-08 -3.48719e-23 -4.05227e-07  1.27932e-22  1.78308e-06 -3.15324e-22 -6.28164e-06  3.50853e-22  1.79086e-05  9.63313e-22 -4.14755e-05  -6.5808e-21   7.7788e-05  2.07948e-20 -0.000116756 -4.59128e-20  0.000136647  7.69968e-20 -0.000117884 -1.00708e-19  6.43691e-05  1.04825e-19 -7.65839e-06  -9.4111e-20 -1.93781e-05  9.41279e-20  1.36215e-05 -1.29691e-19  9.67182e-07  1.94628e-19 -5.01653e-06  -2.4941e-19  8.76244e-07  2.56407e-19  1.46223e-06 -2.14512e-19 -3.84451e-07  1.53513e-19 -4.22407e-07 -1.00559e-19    8.743e-08  6.18229e-20  1.21183e-07 -3.24095e-20 -4.15274e-09  1.05738e-20 -2.98867e-08  1.53697e-21 -5.86557e-09 -4.08586e-21  4.88481e-09  1.46248e-21  2.59511e-09  1.19267e-21 -1.14746e-10 -1.68234e-21 -4.98953e-10  8.83932e-22 -1.55436e-10 -2.33598e-22  2.04909e-11  6.48373e-23  2.98282e-11 -5.16826e-23  8.61275e-12  2.54135e-23 -3.17419e-13 -5.73042e-24 -1.07891e-12 -1.42142e-24 -3.80906e-13  4.74234e-24 -4.50835e-14 -3.11818e-24  1.48696e-14  1.71377e-25  8.80377e-15  4.46844e-25  2.13397e-15 -8.29285e-26  2.10128e-16 -4.14547e-26 -4.26804e-17  2.02213e-26 -2.32356e-17  1.24941e-27 -5.29298e-18   -2.528e-27 -7.02631e-19  5.73902e-30 -3.08727e-20  1.29253e-28  9.99972e-21 -2.88077e-29  2.97131e-21 -2.06456e-29  4.58239e-22 -1.13071e-30  4.65899e-23  1.32377e-30  2.92878e-24  2.97133e-31  4.20332e-26  2.83418e-32 -1.37774e-26  1.16571e-32 -1.77295e-27   1.7061e-33 -1.20943e-28 -9.26395e-35 -5.19671e-30 -9.34246e-36 -1.35959e-31  1.84008e-36 -1.81157e-33   6.9428e-38 -6.44478e-36
-3.04682e-13  2.08413e-27  1.64592e-11 -4.32166e-26 -3.46444e-10  5.23406e-25  4.38753e-09  -4.4153e-24 -3.85481e-08  2.72424e-23   2.5213e-07 -1.24416e-22 -1.27868e-06  4.14585e-22  5.15473e-06  -9.3715e-22  -1.6766e-05  9.63313e-22  4.43311e-05   2.4569e-21 -9.53851e-05 -1.56504e-20  0.000165988  4.62007e-20 -0.000229882 -9.52588e-20  0.000244951  1.48671e-19 -0.000186041 -1.79592e-19  7.88189e-05  1.70714e-19  1.11565e-05 -1.40468e-19 -3.75324e-05  1.38753e-19  1.53735e-05 -2.00799e-19  7.20927e-06  3.02268e-19 -7.49129e-06 -3.73408e-19 -7.97772e-07  3.65114e-19  2.48911e-06  -2.9121e-19  9.75323e-08  2.01247e-19 -7.25024e-07 -1.28349e-19 -7.42219e-08   7.5362e-20  1.83357e-07 -3.60284e-20  4.86209e-08  9.53274e-21 -3.37926e-08  3.22887e-21 -1.90842e-08 -5.13349e-21  1.99501e-09  1.93053e-21  4.40996e-09  1.13466e-21  1.04604e-09 -1.81721e-21 -4.15156e-10  9.74137e-22 -3.18576e-10 -2.27034e-22 -5.45944e-11  3.40735e-23  2.39906e-11 -3.84692e-23  1.62299e-11   2.8211e-23  3.42205e-12 -1.31094e-23 -4.35148e-13  1.60827e-24 -5.03703e-13  5.68869e-24 -1.51958e-13 -3.78576e-24 -1.60243e-14 -4.27417e-26  5.13171e-15  5.83176e-25  2.83749e-15 -7.66976e-26  6.73012e-16 -5.17848e-26  7.75206e-17  2.36443e-26  -5.3353e-18  2.71846e-27 -4.52521e-18 -2.96898e-27 -1.08746e-18  -2.7118e-28 -1.58033e-19   1.2304e-28  -1.2878e-20 -2.69312e-29  1.96857e-22 -2.57422e-29  2.45921e-22 -2.48905e-30  4.29578e-23  1.35004e-30  4.60254e-24  3.40216e-31  3.34118e-25  4.51862e-32  1.52581e-26  1.24085e-32  2.37222e-28  1.18681e-33 -2.11961e-29 -1.08426e-34 -1.74807e-30 -6.30825e-36  -5.9308e-32  1.13692e-36 -8.83321e-34  2.57568e-38
 -4.8747e-28 -3.25128e-12  1.63185e-26  1.01322e-10  -2.4464e-25 -1.64905e-09  2.44847e-24  1.75999e-08  -1.7922e-23 -1.35804e-07  9.83961e-23  7.98896e-07 -4.06226e-22 -3.69899e-06  1.23722e-21  1.37472e-05 -2.57726e-21 -4.14755e-05   2.4569e-21  0.000102062  5.83904e-21 -0.000204497 -3.47653e-20  0.000330521  9.60338e-20 -0.000421941 -1.85027e-19   0.00040713  2.68515e-19 -0.000266764 -2.98496e-19  7.55399e-05  2.56918e-19  4.96245e-05 -1.92052e-19 -5.94071e-05   1.9138e-19  1.03693e-05 -2.95736e-19   1.7433e-05  4.44092e-19 -8.39286e-06 -5.25454e-19 -4.20834e-06  4.87116e-19  3.12762e-06 -3.71634e-19  1.16329e-06  2.50808e-19 -8.79991e-07   -1.571e-19 -3.95105e-07  8.72178e-20  1.79513e-07 -3.66364e-20  1.30845e-07  6.89107e-21 -1.40179e-08  4.79223e-21 -3.28028e-08  -5.7966e-21 -6.33304e-09  2.47878e-21  4.52557e-09  8.59634e-22  2.66873e-09 -1.87825e-21  1.50478e-10  1.06294e-21 -3.73339e-10  -2.0663e-22 -1.62067e-10 -1.47607e-23 -1.06974e-11 -1.78526e-23  1.62956e-11  3.10768e-23  7.56004e-12 -2.19798e-23  1.21261e-12  4.91738e-24 -2.56569e-13  6.88958e-24 -2.01556e-13 -4.44109e-24 -5.47183e-14 -3.04172e-25  -5.7582e-15  6.92503e-25  1.35885e-15 -6.63126e-26  7.69441e-16 -5.72419e-26  1.82644e-16  2.76973e-26  2.39596e-17  4.48453e-27  3.90385e-19 -3.38931e-27 -6.28344e-19 -5.96564e-28 -1.69635e-19  8.88833e-29 -2.62294e-20 -2.93796e-29 -2.62026e-21 -3.04499e-29  -1.3235e-22 -3.73948e-30  7.02536e-24  1.20841e-30  2.28691e-24  3.43497e-31  2.62673e-25  5.74573e-32  1.90495e-26  1.24008e-32  9.21345e-28  7.60167e-34   2.7795e-29  -1.0659e-34  3.93794e-31 -4.31035e-36 -1.78518e-33  5.27655e-37 -7.93968e-35
 4.10948e-13 -5.10931e-27 -2.32372e-11  1.01058e-25  5.12515e-10 -1.19478e-24 -6.80955e-09  1.01871e-23  6.28522e-08 -6.57282e-23 -4.32563e-07  3.24373e-22  2.31257e-06 -1.21937e-21 -9.84942e-06  3.41307e-21  3.39374e-05  -6.5808e-21 -9.53851e-05  5.83904e-21  0.000219141  1.29685e-20 -0.000409731 -7.23304e-20  0.000615467  1.87221e-19 -0.000722931 -3.37168e-19  0.000626733  4.54291e-19  -0.00034269 -4.62304e-19  3.65164e-05  3.55543e-19  0.000111381  -2.3791e-19 -7.80145e-05  2.47556e-19  -6.2669e-06 -4.15691e-19  3.02335e-05  6.17739e-19 -5.37831e-06 -6.94493e-19  -9.1598e-06  6.07996e-19  2.50536e-06   -4.462e-19  2.74278e-06  2.98865e-19 -6.06106e-07 -1.85599e-19 -8.18645e-07  9.57852e-20  3.73142e-08 -3.30898e-20  2.10957e-07  2.76526e-21  3.99959e-08  5.62714e-21 -3.61939e-08  -5.8329e-21 -1.89828e-08  3.16832e-21  1.01755e-09  3.29788e-22  3.81045e-09 -1.89506e-21  1.18585e-09  1.16801e-21  -1.6224e-10 -1.71044e-22 -2.34433e-10  -8.1719e-23 -6.87489e-11  8.44104e-24  2.07441e-12  3.40329e-23  8.53905e-12 -3.16103e-23  3.10256e-12  8.21201e-24  4.00324e-13  8.27113e-24 -1.07614e-13 -5.02345e-24  -6.9494e-14 -5.91508e-25 -1.76851e-14  7.57708e-25 -2.01207e-15 -5.50848e-26  2.49336e-16 -5.65978e-26  1.69889e-16  3.29806e-26  4.11994e-17  6.57723e-27  5.93121e-18 -3.74641e-27  3.90248e-19 -9.55209e-28 -4.69573e-20  2.67441e-29 -1.84795e-20 -3.68777e-29 -3.06232e-21  -3.4107e-29 -3.30269e-22 -4.78223e-30 -2.34514e-23  9.03993e-31 -8.18737e-25  3.06396e-31  3.44637e-26  6.27149e-32  7.05039e-27  1.15638e-32  5.06434e-28  4.51316e-34  2.11267e-29 -8.80064e-35  5.07547e-31 -2.70044e-36  5.63927e-33    1.596e-37
 1.15571e-27  3.91398e-12 -3.67833e-26 -1.28308e-10   5.2498e-25  2.19871e-09 -5.13496e-24 -2.47343e-08  3.80799e-23  2.01426e-07 -2.19235e-22 -1.25247e-06  9.80778e-22  6.14102e-06 -3.37831e-21 -2.42233e-05  8.73369e-21   7.7788e-05 -1.56504e-20 -0.000204497  1.29685e-20  0.000439938  2.69915e-20 -0.000768971 -1.41306e-19   0.00107378  3.43128e-19  -0.00115726 -5.77575e-19  0.000891115  7.20861e-19 -0.000382767  -6.6639e-19 -5.76544e-05  4.48149e-19   0.00019284 -2.61185e-19 -8.14981e-05   3.0146e-19 -3.79245e-05 -5.59703e-19  4.14584e-05  8.14206e-19  3.85653e-06 -8.60835e-19 -1.43291e-05  7.07856e-19 -2.91918e-07 -5.04401e-19  4.35683e-06  3.42963e-19  3.56853e-07 -2.13011e-19 -1.15964e-06  9.94919e-20 -2.84101e-07 -2.45771e-20  2.28286e-07 -2.33313e-21  1.22192e-07  5.04931e-21 -1.63666e-08 -5.10124e-21  -3.0215e-08  4.09615e-21 -6.77134e-09  -4.5315e-22  3.08202e-09 -1.92223e-21  2.25504e-09  1.30635e-21  3.70766e-10 -1.18577e-22 -1.79567e-10  -1.6385e-22 -1.18731e-10  3.74777e-23 -2.50308e-11  3.68434e-23  3.17966e-12 -4.10702e-23   3.7197e-12  1.12911e-23  1.14092e-12  9.69626e-24  1.29402e-13 -5.48548e-24 -3.45683e-14 -8.81612e-25 -2.04887e-14  7.67959e-25  -5.0432e-15 -4.68244e-26 -6.36928e-16 -4.94624e-26  1.82295e-17  3.99721e-26  2.88954e-17  9.03599e-27  7.39975e-18 -4.00115e-27  1.13341e-18 -1.32329e-27  1.04921e-19 -5.80161e-29  2.08442e-21 -4.81782e-29 -1.15254e-21 -3.60036e-29 -2.30461e-22 -5.53539e-30 -2.57811e-23  4.82969e-31 -1.94065e-24    2.378e-31 -9.67704e-26  6.05302e-32  -2.5895e-27  9.98328e-33  1.73289e-29   2.5282e-34  4.16734e-30 -6.03693e-35  1.34677e-31 -1.38411e-36  1.30483e-33
-4.14865e-13   1.1237e-26  2.48206e-11 -2.10245e-25 -5.79472e-10  2.36173e-24  8.15475e-09 -1.96845e-23 -7.97887e-08  1.28882e-22  5.82733e-07  -6.6864e-22 -3.31068e-06   2.7313e-21  1.50107e-05 -8.66922e-21 -5.51857e-05  2.07948e-20  0.000165988 -3.47653e-20 -0.000409731  2.69915e-20  0.000827726  5.27814e-20  -0.00135472 -2.59859e-19   0.00175817  5.92536e-19  -0.00173146 -9.31867e-19    0.0011639  1.07384e-18 -0.000344171 -8.91644e-19 -0.000220623  5.04783e-19  0.000279339  -2.4126e-19 -5.50991e-05   3.4797e-19 -8.36163e-05 -7.24917e-19  4.42715e-05  1.01769e-18  2.02418e-05 -9.97763e-19 -1.71358e-05  7.64466e-19 -5.68869e-06 -5.37311e-19  5.08771e-06  3.82316e-19  2.05624e-06 -2.38856e-19 -1.12528e-06  9.69265e-20 -7.38295e-07 -1.08147e-20  1.13714e-07 -7.53262e-21  2.00638e-07  2.44094e-21  3.31757e-08 -3.62291e-21 -3.05167e-08  5.37698e-21 -1.66548e-08  -1.4412e-21 -5.23871e-10 -2.02492e-21  2.54757e-09  1.48722e-21  1.05345e-09  -4.8157e-23   5.3906e-11 -2.55013e-22 -1.13911e-10  6.56981e-23 -5.13074e-11  3.89313e-23  -8.0672e-12 -4.93513e-23  1.79512e-12  1.40987e-23  1.38461e-12   1.0994e-23  3.78413e-13 -5.80793e-24  4.19284e-14  -1.1556e-24 -8.37359e-15  7.19989e-25 -5.06418e-15 -4.47984e-26 -1.23493e-15  -3.6238e-26 -1.71235e-16   4.8869e-26  -6.2652e-18  1.18555e-26  3.37284e-18 -4.12438e-27  9.98206e-19 -1.67054e-27  1.60362e-19 -1.55035e-28  1.69025e-20 -6.02221e-29  1.04049e-21 -3.55466e-29 -3.55659e-24 -5.92905e-30 -8.99875e-24  2.22829e-32 -1.12931e-24  1.53756e-31 -8.26407e-26   5.2357e-32 -3.94679e-27  7.90343e-33 -1.18411e-28  1.37786e-34 -1.88052e-30 -3.35441e-35 -7.90065e-33  -4.8881e-37
-2.46434e-27 -3.44401e-12  7.53361e-26  1.20521e-10 -1.01256e-24  -2.2041e-09   9.3852e-24  2.64626e-08 -6.79613e-23 -2.30074e-07  3.97351e-22  1.52842e-06 -1.87299e-21 -8.01507e-06  7.03068e-21  3.38668e-05 -2.06692e-20 -0.000116756  4.62007e-20  0.000330521 -7.23304e-20 -0.000768971  5.27814e-20   0.00146274  9.72164e-20  -0.00224488 -4.50893e-19   0.00270579   9.6624e-19   -0.0024205 -1.41873e-18    0.0013819  1.50288e-18 -0.000180309 -1.10192e-18 -0.000451173  4.86567e-19  0.000343945 -1.58255e-19  1.42038e-05  3.85446e-19 -0.000135447 -9.07486e-19  3.06976e-05  1.20734e-18  4.18711e-05 -1.07567e-18 -1.42596e-05  7.57902e-19  -1.3018e-05 -5.40044e-19  3.80729e-06  4.18015e-19  4.13852e-06 -2.62754e-19 -4.24791e-07  8.69639e-20 -1.15717e-06  7.83723e-21 -1.68487e-07 -1.17427e-20  2.21101e-07 -2.58923e-21  1.02941e-07 -1.59911e-21 -1.10884e-08  7.10978e-21 -2.32526e-08 -2.54597e-21 -6.54878e-09 -2.25811e-21  1.28653e-09  1.70752e-21  1.47656e-09  3.91167e-23  4.05947e-10 -3.46568e-22 -2.36501e-11  8.95903e-23 -5.56654e-11  3.94188e-23 -1.95128e-11 -5.54794e-23 -2.40891e-12  1.67346e-23  7.10707e-13  1.19984e-23  4.43465e-13 -6.00589e-24  1.12623e-13 -1.40356e-24  1.32031e-14   6.1739e-25 -1.36045e-15 -5.09289e-26 -1.01385e-15 -1.79562e-26  -2.5059e-16  5.94727e-26 -3.72017e-17  1.49348e-26 -2.82583e-18 -4.10243e-27    1.716e-19 -1.96526e-27  9.15795e-20 -2.50759e-28   1.5825e-20 -6.90656e-29  1.74639e-21 -3.24553e-29  1.29888e-22 -5.91563e-30  5.63948e-24 -3.91565e-31 -2.93902e-27  7.24961e-32  -2.0241e-26  4.07836e-32 -1.54037e-27  5.67082e-33  -6.0104e-29   7.4926e-35 -1.22297e-30  -1.4304e-35 -8.71246e-33
