 2.04595e-16  -3.3672e-30  -6.4814e-15  1.67001e-28    7.807e-14    -2.44e-27 -5.50056e-13  2.01812e-26  2.60077e-12 -1.12775e-25 -8.79518e-12  4.50422e-25  2.19404e-11 -1.26433e-24 -4.07722e-11  2.11394e-24  5.58632e-11  4.34147e-25 -5.41537e-11 -1.64702e-23  3.29026e-11  6.38546e-23 -6.67046e-12 -1.60058e-22 -6.57723e-12  3.03679e-22  4.68532e-12 -4.59551e-22  6.14735e-13  5.68691e-22 -1.43546e-12 -5.85117e-22 -4.85017e-14  5.09297e-22  3.78609e-13 -3.84638e-22  3.60851e-14  2.61215e-22 -8.77849e-14 -1.64737e-22 -2.35877e-14  9.58979e-23  1.44864e-14 -4.77907e-23   8.7354e-15  1.67775e-23 -4.25395e-16 -9.29101e-25 -1.82675e-15 -3.82649e-24 -5.45553e-16  3.08823e-24  1.21145e-16 -1.19328e-24  1.35888e-16   2.3151e-26  3.44705e-17  2.80176e-25 -6.02415e-18  -1.7339e-25 -7.22385e-18  3.27565e-26 -2.23212e-18    1.911e-26 -6.58185e-20 -1.43075e-26  2.23079e-19  2.54906e-27  1.00432e-19  9.32756e-28  2.02523e-20  -3.8271e-28 -6.27906e-22 -1.16137e-28 -1.91787e-21  8.77758e-29  -7.1497e-22  2.31982e-30 -1.45676e-22 -1.27264e-29 -1.03006e-23  1.21764e-30  4.48619e-24  1.00214e-30  2.11425e-24  1.11006e-31  5.13941e-25 -1.74221e-31  8.10569e-26 -4.52354e-33  6.54654e-27  1.19239e-32 -6.64045e-28  1.70919e-33     -3.7e-28 -4.69213e-34  -8.1272e-29 -2.40724e-34 -1.22538e-29 -2.77309e-36 -1.35131e-30  1.01699e-35 -1.00679e-31  2.71024e-36 -2.48664e-33  1.13993e-37  6.08247e-34 -1.31222e-37  1.18075e-34 -2.84776e-38  1.27442e-35 -7.02256e-40   9.8406e-37  5.09145e-40  5.65374e-38  6.37653e-41  2.38217e-39 -1.52099e-43  7.18325e-41 -4.73221e-43  1.44948e-42 -4.90328e-44  7.63146e-45  -2.6237e-45 -1.43632e-46 -3.85492e-47
 -3.3672e-30   9.3958e-15 -9.81228e-29 -1.68676e-13  3.34412e-27  1.54108e-12 -3.94549e-26 -8.95947e-12  2.83881e-25  3.63373e-11 -1.44528e-24 -1.07564e-10   5.4569e-24  2.37162e-10 -1.51941e-23 -3.90004e-10  2.88556e-23  4.68478e-10 -2.35995e-23 -3.86057e-10  -6.6175e-23   1.7797e-10   3.4629e-22  6.06392e-12 -8.98578e-22 -5.84679e-11   1.6698e-21  1.91358e-11 -2.41729e-21  1.24733e-11  2.81841e-21 -7.16752e-12 -2.69684e-21 -3.00163e-12  2.15788e-21  1.82192e-12 -1.48898e-21  9.09256e-13  9.32411e-22 -3.13506e-13 -5.58936e-22 -2.69838e-13  3.20419e-22  7.13002e-15 -1.60228e-22  5.89871e-14  5.71362e-23  1.62235e-14 -4.58899e-24 -6.00776e-15 -1.13177e-23 -5.05066e-15  9.56882e-24 -8.27991e-16 -4.02678e-24  5.03503e-16  4.09471e-25   3.2712e-16  7.07572e-25  6.05389e-17 -5.08333e-25 -1.92015e-17  1.06145e-25 -1.57102e-17  5.91099e-26 -4.34713e-18 -4.78785e-26 -1.04019e-19    1.053e-26  3.99711e-19  2.04818e-27  1.75955e-19 -1.25863e-27  3.74454e-20 -2.38435e-28  1.05555e-21  2.73545e-28 -2.31794e-21 -8.23497e-30 -9.62717e-22 -3.90276e-29 -2.20066e-22  4.79957e-30 -2.71015e-23  3.12864e-30  1.34986e-24  3.48224e-31  1.64389e-24 -5.64744e-31  4.74212e-25 -1.93233e-32  8.78813e-26  4.01184e-32  1.10103e-26  6.20397e-33  6.73841e-28 -1.75268e-33 -8.03619e-29 -8.08452e-34 -3.25425e-29 -3.01393e-36 -5.88461e-30  3.43883e-35 -7.47085e-31  8.24326e-36 -7.12717e-32  1.96488e-37 -4.98864e-33 -4.01946e-37 -2.16753e-34 -8.18216e-38  4.59561e-37 -1.84775e-39  1.02586e-36  1.28227e-39  9.92613e-38  1.26285e-40   5.6991e-39 -3.69598e-42   2.2394e-40  -1.0665e-42  5.83743e-42 -8.22071e-44  7.50269e-44  -3.0591e-45   3.3159e-46
 -6.4814e-15 -9.81228e-29  2.11964e-13 -1.57582e-27 -2.64042e-12  4.04525e-26  1.92798e-11 -3.99071e-25 -9.47095e-11  2.54315e-24  3.33806e-10 -1.18952e-23  -8.7142e-10  4.23875e-23  1.70441e-09  -1.1471e-22 -2.47984e-09  2.25087e-22   2.5949e-09 -2.64258e-22 -1.77427e-09 -6.92511e-23  5.33857e-10  1.21303e-21   2.4908e-10 -3.41261e-21 -2.76998e-10  6.28019e-21  1.23518e-11 -8.72736e-21  7.82089e-11  9.58789e-21 -1.21244e-11 -8.50671e-21 -2.08607e-11  6.21325e-21  2.28752e-12 -3.87344e-21  5.46552e-12   2.2156e-21  3.09141e-13 -1.26733e-21  -1.1945e-12  7.25707e-22 -3.59778e-13 -3.67585e-22  1.49965e-13  1.33572e-22  1.18246e-13 -1.47507e-23   1.1221e-14 -2.14192e-23 -1.72519e-14  1.94542e-23 -8.38564e-15 -9.04488e-24 -5.03129e-16  1.59702e-24  1.06535e-15   1.1881e-24  5.09205e-16 -1.06177e-24  7.07086e-17  2.51029e-25 -3.35188e-17  1.27659e-25 -2.23453e-17 -1.13423e-25 -5.81968e-18  3.02685e-26 -2.14019e-19  1.96251e-27  4.46186e-19   -3.016e-27  2.00414e-19  -1.2962e-28  4.57812e-20  6.06605e-28  3.76039e-21 -6.59336e-29 -1.51123e-21 -8.35645e-29 -7.78361e-22   1.3271e-29 -1.98885e-22  6.91523e-30 -3.17453e-23  6.86249e-31 -2.10475e-24 -1.28746e-30   5.2196e-25 -4.66629e-32  2.25358e-25  9.64923e-32  4.87235e-26  1.48626e-32  7.33363e-27 -4.77135e-33  7.77324e-28 -1.86332e-33  4.53441e-29  2.35043e-35 -2.35478e-30  7.90014e-35 -1.05135e-30  1.63093e-35 -1.63291e-31  2.42746e-38 -1.73134e-32 -8.40433e-37 -1.37722e-33 -1.62436e-37 -8.27826e-35 -3.79027e-39 -3.58926e-36  2.09342e-39 -9.78744e-38  1.51261e-40 -6.07509e-40 -1.06989e-41  8.40865e-41 -1.54505e-42    3.586e-42 -8.50738e-44  4.54935e-44 -1.78203e-45
 1.67001e-28 -1.68676e-13 -1.57582e-27  3.13146e-12 -1.70913e-26 -2.96441e-11  3.48249e-25  1.78983e-10 -2.94661e-24 -7.55988e-10  1.68964e-23  2.33886e-09 -7.32843e-23 -5.41528e-09  2.47051e-22  9.41634e-09  -6.4462e-22 -1.20967e-08  1.26083e-21  1.09099e-08 -1.65708e-21 -5.92898e-09  7.01173e-22  6.27227e-10  3.06211e-21  1.55987e-09 -1.01255e-20 -8.15338e-10  1.86928e-20 -2.44245e-10 -2.50143e-20  2.78926e-10  2.58804e-20  4.56683e-11 -2.12076e-20 -7.55175e-11  1.40108e-20 -1.66542e-11 -7.76899e-21  1.67866e-11  4.00622e-21  6.89173e-12 -2.20725e-21 -2.33138e-12  1.28896e-21  -2.1025e-12 -6.65346e-22 -1.26195e-13  2.44699e-22  3.75392e-13 -3.44937e-23  1.52801e-13 -2.88394e-23 -1.09973e-14  2.94897e-23 -2.98607e-14 -1.57444e-23 -1.00728e-14   4.0492e-24  3.52047e-16  1.47799e-24  1.55275e-15 -1.82797e-24   6.0588e-16  4.84892e-25  6.68809e-17  2.26823e-25 -4.03739e-17   -2.185e-25 -2.40721e-17  6.91386e-26 -6.15528e-18 -2.28556e-27 -3.90266e-19 -6.11603e-27  3.47209e-19  7.28107e-28  1.67698e-19  1.11436e-27  4.14191e-20 -2.29887e-28  5.22957e-21 -1.43484e-28 -4.11995e-22  2.95087e-29 -4.09267e-22  1.22766e-29 -1.20067e-22  8.79258e-31 -2.24754e-23 -2.36963e-30 -2.67328e-24 -7.10421e-32 -8.11077e-26  1.90137e-31  5.03567e-26  2.67495e-32  1.49663e-26 -1.06598e-32  2.60553e-27 -3.38094e-33   3.2853e-28  1.21156e-34   3.0496e-29  1.39662e-34  1.85624e-30  2.34497e-35  2.23111e-32 -7.22033e-37 -1.09312e-32 -1.39229e-36  -1.6128e-33 -2.59373e-37 -1.39273e-34 -7.10638e-39 -8.49444e-36   2.4948e-39 -3.78741e-37   1.1037e-40 -1.19921e-38 -1.80732e-41 -2.44449e-40 -1.62237e-42 -2.46706e-42  -5.8907e-44 -1.14078e-44
   7.807e-14  3.34412e-27 -2.64042e-12 -1.70913e-26  3.40781e-11 -1.36856e-25 -2.58355e-10  2.28815e-24  1.32106e-09 -1.69429e-23 -4.86182e-09  8.87515e-23  1.33067e-08  -3.6066e-22 -2.74398e-08   1.1557e-21  4.24496e-08 -2.90097e-21 -4.79393e-08  5.56567e-21  3.66254e-08 -7.58785e-21 -1.44988e-08  5.29885e-21 -2.67764e-09      5.4e-21   5.9516e-09 -2.49088e-20 -1.27599e-09  4.68148e-20 -1.48172e-09 -6.04728e-20  5.77766e-10  5.88427e-20  3.82443e-10 -4.43026e-20 -1.48052e-10  2.61501e-20 -1.11264e-10 -1.26012e-20   2.1114e-11  5.74486e-21  3.04094e-11 -3.11753e-21  2.26471e-12  1.91371e-21 -5.97279e-12 -1.00577e-21 -2.26608e-12  3.66981e-22  4.24556e-13 -6.18684e-23  5.70279e-13 -2.58905e-23  1.37442e-13   3.3794e-23 -4.12403e-14 -2.25792e-23  -3.7984e-14  7.99667e-24 -9.55131e-15  1.38614e-24  1.22671e-15 -2.78093e-24  1.74342e-15  7.89211e-25  5.93329e-16  3.60727e-25  5.82792e-17  -3.6071e-25 -3.63514e-17  1.32788e-25 -2.07207e-17 -1.46192e-26 -5.37282e-18 -1.11653e-26  -5.2005e-19  3.04246e-27  1.85708e-19  1.81102e-27  1.06036e-19 -5.65769e-28  2.85217e-20 -2.06428e-28  4.57981e-21  5.57633e-29  2.11737e-22  1.79619e-29 -1.27202e-22  3.79302e-31 -4.85891e-23 -3.71215e-30 -1.04016e-23 -5.03674e-32 -1.54036e-24   3.2225e-31 -1.47887e-25  3.69669e-32 -3.24126e-27 -2.04309e-32  2.02704e-27 -5.09431e-33  4.91133e-28  3.29338e-34  7.08729e-29  1.95368e-34  7.48738e-30  2.36068e-35  5.98715e-31 -2.29006e-36   3.4943e-32 -1.95486e-36  1.24931e-33 -3.56201e-37  -1.7576e-36 -1.22876e-38 -3.64715e-36  2.18623e-39 -2.65591e-37  1.94823e-41 -1.08224e-38 -2.15524e-41 -2.49357e-40  -1.2649e-42 -2.71615e-42 -2.49689e-44
   -2.44e-27  1.54108e-12  4.04525e-26 -2.96441e-11 -1.36856e-25  2.91345e-10 -8.48331e-25  -1.8305e-09  1.18944e-23   8.0683e-09 -7.84398e-23 -2.61406e-08  3.81454e-22  6.36807e-08 -1.46989e-21 -1.17283e-07  4.50683e-21  1.61287e-07 -1.08933e-20 -1.58922e-07  2.03485e-20  9.99005e-08 -2.78501e-20 -2.27687e-08   2.2893e-20 -1.95279e-08  4.49999e-21  1.58916e-08 -5.25435e-20  1.07093e-09   1.0218e-19 -4.98192e-09 -1.27571e-19  2.42773e-10  1.16447e-19  1.38101e-09 -7.99856e-20 -7.97424e-12  4.14562e-20 -3.56188e-10 -1.67108e-20 -5.39967e-11  6.51463e-21  7.30262e-11 -3.67753e-21  3.00791e-11  2.47717e-21 -7.23798e-12 -1.30764e-21 -8.40125e-12  4.54618e-22  -1.4348e-12 -8.64817e-23  1.02663e-12 -6.32999e-24  6.37812e-13  2.61516e-23  8.31239e-14 -2.76007e-23 -6.44352e-14  1.32233e-23  -3.8715e-14  1.06169e-24  -7.5943e-15 -3.94848e-24  1.65105e-15  1.08611e-24  1.59236e-15  5.44254e-25   4.9742e-16 -5.22877e-25  5.01768e-17  2.21906e-25  -2.5018e-17 -3.86591e-26 -1.45258e-17 -1.89467e-26 -3.90717e-18  7.43802e-27 -5.09902e-19  2.69436e-27  5.52669e-20 -1.10502e-27  4.98981e-20 -2.47121e-28  1.49311e-20  9.25032e-29  2.80083e-21  2.09919e-29  3.02051e-22 -1.64526e-30 -7.82411e-24 -5.09219e-30 -1.19856e-23  7.20867e-32  -3.1292e-24  4.78557e-31 -5.31159e-25  3.60632e-32 -6.52684e-26  -3.4577e-32 -5.49763e-27 -6.57568e-33 -1.89576e-28  6.35952e-34   3.0636e-29  2.08596e-34  7.17104e-30  1.03224e-35  8.67533e-31 -4.74709e-36  7.43552e-32 -2.43279e-36  4.77259e-33 -4.37075e-37  2.28056e-34 -1.89179e-38  7.72223e-36   1.2599e-39  1.59538e-37 -7.21055e-41  9.87477e-40 -1.92548e-41 -2.44007e-41 -7.11775e-43 -3.43536e-43
-5.50056e-13 -3.94549e-26  1.92798e-11  3.48249e-25 -2.58355e-10 -8.48331e-25    2.038e-09 -4.17054e-24  -1.0871e-08  4.96859e-23   4.1866e-08 -2.96992e-22  -1.2039e-07  1.36759e-21  2.62257e-07 -5.07257e-21 -4.32062e-07  1.50095e-20  5.26766e-07 -3.50402e-20 -4.47401e-07  6.35403e-20  2.19407e-07 -8.58941e-20 -2.11388e-09  7.52235e-20 -7.13074e-08 -1.04629e-20  2.89174e-08  -9.7299e-20  1.41067e-08  1.99052e-19 -1.10906e-08 -2.40068e-19 -3.14685e-09  2.04726e-19   3.0991e-09 -1.27049e-19  1.03331e-09  5.63212e-20 -6.68498e-10 -1.76372e-20 -3.69468e-10  5.45275e-21  7.60689e-11 -3.71505e-21  1.02334e-10   2.9012e-21  1.36826e-11  -1.4881e-21 -1.63307e-11  4.54273e-22 -8.28973e-12 -9.04994e-23 -8.10955e-14  3.07202e-23  1.39073e-12  3.14234e-24  5.68539e-13 -2.97262e-23  2.23779e-14  1.90919e-23 -7.13959e-14  1.25928e-24 -3.32235e-14 -5.50775e-24  -5.3526e-15  1.23293e-24  1.52437e-15  8.06879e-25  1.21645e-15 -6.72291e-25  3.63688e-16  3.31008e-25  4.18829e-17 -7.60722e-26 -1.28389e-17 -3.04063e-26 -8.28207e-18  1.40247e-26 -2.35105e-18   3.7203e-27 -3.77698e-19 -1.79443e-27 -7.33644e-21 -2.23453e-28  1.62348e-20  1.38353e-28  5.80153e-21  1.68915e-29  1.22901e-21 -6.11869e-30  1.74978e-22 -6.26025e-30  1.33861e-23  3.25435e-31 -9.57771e-25  6.22672e-31 -5.47267e-25  1.09277e-32 -1.11326e-25 -5.30978e-32 -1.55015e-26 -7.51373e-33 -1.60944e-27  9.34185e-34 -1.22101e-28   1.3558e-34 -5.68815e-30 -2.01895e-35  3.00276e-32 -7.97609e-36  3.46963e-32 -2.77945e-36  3.69203e-33 -4.89463e-37  2.40548e-34 -2.52509e-38   1.0787e-35  1.51673e-40  3.27209e-37 -1.19982e-40  6.19333e-39 -1.30099e-41  6.10057e-41 -2.55226e-43
 2.01812e-26 -8.95947e-12 -3.99071e-25  1.78983e-10  2.28815e-24  -1.8305e-09 -4.17054e-24   1.1996e-08 -1.63306e-23 -5.53072e-08  1.65924e-22  1.88092e-07 -9.18967e-22 -4.83181e-07  4.12436e-21   9.4444e-07 -1.50307e-20 -1.39216e-06  4.33995e-20  1.49727e-06 -9.83251e-20 -1.07481e-06  1.73029e-19  3.66507e-07  -2.2904e-19  1.30138e-07  2.04561e-19 -1.84566e-07 -6.14129e-20  2.38346e-08 -1.61394e-19   5.1397e-08  3.52352e-19 -1.44624e-08 -4.09308e-19 -1.39752e-08  3.24118e-19  3.76951e-09 -1.79247e-19  4.02952e-09  6.50466e-20 -4.01431e-10 -1.30304e-20 -1.05994e-09  2.27211e-21 -1.52733e-10 -3.34379e-21  1.94431e-10  3.19304e-21  9.12456e-11 -1.50464e-21 -8.82464e-12  3.30338e-22 -2.04932e-11 -5.44033e-23 -6.10355e-12  7.95811e-23  1.08217e-12 -3.37449e-23  1.41067e-12 -3.01825e-23  4.23518e-13  2.49407e-23 -1.84032e-14  3.40421e-24 -6.30335e-14 -7.84027e-24 -2.47757e-14  1.04222e-24 -3.52962e-15  1.18425e-24  1.06687e-15 -7.65836e-25  7.86078e-16  4.51012e-25  2.32612e-16 -1.25048e-25  3.17353e-17 -4.65669e-26 -4.32691e-18  2.19468e-26 -3.76504e-18  4.74655e-27 -1.15126e-18  -2.4657e-27 -2.14325e-19 -7.43172e-29 -1.93488e-20  1.92569e-28  2.67388e-21  1.52621e-30  1.56964e-21 -1.36826e-29  3.82233e-22 -7.11564e-30  6.30649e-23  6.51877e-31   7.2677e-24  6.93591e-31  4.62412e-25 -5.36308e-32 -2.44109e-26 -7.62104e-32 -1.21189e-26 -8.07714e-33 -2.03633e-27  1.01545e-33 -2.33213e-28 -5.60411e-35 -2.00334e-29   -6.672e-35 -1.29902e-30 -1.17112e-35 -6.03721e-32 -2.99142e-36 -1.64767e-33 -5.04307e-37  6.27893e-36 -2.88806e-38  2.90998e-36 -6.60156e-40  1.32123e-37  -1.1404e-40  2.77871e-39 -6.42886e-42  2.17878e-41
 2.60077e-12  2.83881e-25 -9.47095e-11 -2.94661e-24  1.32106e-09  1.18944e-23  -1.0871e-08 -1.63306e-23  6.06458e-08 -4.96115e-23  -2.4503e-07  4.23533e-22  7.42152e-07 -2.26122e-21 -1.71187e-06  1.04275e-20   3.0093e-06 -3.85359e-20 -3.96417e-06   1.1021e-19  3.73026e-06 -2.43897e-19 -2.18888e-06  4.17133e-19  3.59628e-07 -5.38267e-19  5.34896e-07  4.79106e-19 -3.55568e-07 -1.82199e-19 -5.87341e-08 -2.44988e-19  1.22309e-07  5.74952e-19  3.52184e-09 -6.39507e-19 -3.52919e-08  4.66207e-19  -2.3357e-09 -2.25197e-19  9.12914e-09  6.14427e-20  2.01754e-09 -1.84536e-21 -1.80775e-09 -2.46342e-21 -9.12429e-10 -2.89178e-21  1.41892e-10  3.42799e-21  2.36113e-10 -1.38985e-21  5.21827e-11  8.61612e-23  -2.5515e-11  3.60403e-23 -1.90375e-11  1.31101e-22 -3.30432e-12 -7.84723e-23  1.63726e-12 -3.34779e-23  1.17259e-12  3.07499e-23  2.73822e-13  9.34962e-24 -3.25434e-14 -1.14825e-23 -4.65018e-14  3.20625e-25 -1.63687e-14  1.69508e-24  -2.2578e-15 -7.60218e-25  5.73339e-16  5.75435e-25  4.29025e-16 -1.79353e-25  1.29026e-16  -6.8354e-26  2.06435e-17  2.91205e-26 -3.16151e-19  5.45804e-27 -1.29977e-18 -2.85783e-27 -4.46686e-19  2.76047e-28 -9.31186e-20   2.6066e-28 -1.22724e-20 -2.53128e-29 -4.84547e-22 -2.41972e-29  2.40055e-22 -7.86476e-30  7.92423e-23  8.67084e-31  1.48653e-23  6.10254e-31  1.99959e-24   -1.735e-31  1.95655e-25 -1.05368e-31  1.20657e-26 -9.12803e-33  7.21755e-30  6.20057e-34 -1.09244e-28 -3.69884e-34 -1.62071e-29 -1.22651e-34 -1.49251e-30 -1.55253e-35 -9.91833e-32 -3.06959e-36 -4.85905e-33 -4.77144e-37 -1.70579e-34 -2.81838e-38 -3.95879e-36 -9.49335e-40  -5.1687e-38 -7.62213e-41 -2.13339e-40 -2.04648e-42
-1.12775e-25  3.63373e-11  2.54315e-24 -7.55988e-10 -1.69429e-23   8.0683e-09  4.96859e-23 -5.53072e-08 -4.96115e-23   2.6747e-07 -1.04058e-22 -9.57462e-07  6.78915e-22  2.60057e-06 -3.98162e-21 -5.40784e-06  2.15853e-20  8.55999e-06 -8.56085e-20 -1.00475e-05  2.47731e-19  8.16492e-06 -5.40152e-19 -3.67877e-06  9.00476e-19 -2.91568e-07 -1.13045e-18  1.41526e-06  9.89285e-19 -4.70102e-07 -4.12163e-19 -3.21576e-07 -3.49209e-19   2.0274e-07  8.75022e-19  7.81305e-08 -9.23341e-19 -5.89851e-08  6.12436e-19 -2.50472e-08 -2.50537e-19  1.26202e-08  4.13104e-20   8.5177e-09    1.479e-20 -1.19367e-09 -7.56058e-21 -2.27429e-09 -2.63494e-21 -4.06214e-10  3.69963e-21  3.42385e-10 -1.26218e-21  1.99979e-10 -2.34903e-22  1.04326e-11   1.8605e-22  -3.1101e-11  1.79123e-22  -1.4288e-11 -1.23335e-22 -1.11102e-12  -4.7303e-23  1.60015e-12  3.77302e-23  8.35873e-13   2.0867e-23  1.59617e-13 -1.69482e-23 -2.83199e-14 -1.09043e-24 -2.92953e-14  2.30871e-24 -9.66131e-15  -6.2374e-25 -1.39776e-15   7.0778e-25  2.23718e-16 -2.28242e-25  1.94999e-16 -9.63259e-26  6.10089e-17  3.23523e-26  1.11389e-17  5.30518e-27  7.10027e-19 -2.70676e-27 -2.98491e-19  9.03181e-28 -1.31255e-19  3.61686e-28 -3.04841e-20 -5.57175e-29 -4.80959e-21 -3.62536e-29 -4.79349e-22 -9.02602e-30 -6.53948e-24  6.80466e-31  8.77936e-24   2.8508e-31   2.1593e-24 -3.63592e-31  3.26382e-25 -1.43603e-31  3.62469e-26 -1.20503e-32  3.02715e-27 -4.59018e-34  1.79555e-28 -7.71826e-34  5.61674e-30 -1.77561e-34  -1.9028e-31 -1.87962e-35 -3.92071e-32  -2.9923e-36 -2.83685e-33 -4.11128e-37 -1.26422e-34 -2.33872e-38 -3.58644e-36 -8.08272e-40 -5.86815e-38 -3.62831e-41 -3.58315e-40
-8.79518e-12 -1.44528e-24  3.33806e-10  1.68964e-23 -4.86182e-09 -7.84398e-23   4.1866e-08  1.65924e-22  -2.4503e-07 -1.04058e-22  1.04185e-06 -5.58844e-23 -3.33371e-06 -3.22524e-22  8.16558e-06 -2.42457e-21 -1.53542e-05  3.37858e-20  2.18857e-05 -1.63613e-19 -2.27721e-05  4.95236e-19  1.56482e-05 -1.07622e-18 -4.69311e-06  1.75638e-18 -2.49236e-06 -2.14432e-18  2.83903e-06  1.82905e-18 -1.98983e-07 -7.80489e-19 -8.62018e-07 -4.81963e-19  1.90149e-07  1.25363e-18  2.45286e-07 -1.23927e-18 -5.14894e-08  7.35966e-19 -7.16305e-08 -2.42074e-19  3.78823e-09  4.85262e-21  1.87959e-08  3.35621e-20  3.45695e-09 -1.18519e-20   -3.376e-09 -2.51694e-21 -1.78434e-09  4.09069e-21  1.02174e-10 -1.30295e-21  3.85894e-10 -5.73404e-22  1.27558e-10   3.9282e-22 -1.65324e-11  2.27094e-22 -2.75947e-11 -1.62933e-22 -9.06429e-12 -8.10811e-23  6.30122e-14  4.84353e-23   1.2301e-12  3.90594e-23  5.25297e-13 -2.44717e-23  8.72816e-14 -3.29224e-24 -1.75743e-14  2.91594e-24 -1.58675e-14 -3.44666e-25 -5.08321e-15  8.66421e-25 -8.07502e-16 -2.57342e-25  4.76949e-17 -1.30308e-25  7.15703e-17  2.79175e-26   2.3996e-17  3.49206e-27  4.87084e-18 -1.88092e-27  5.54992e-19   1.8583e-27   -1.968e-20  5.33484e-28 -2.65001e-20  -7.1139e-29  -7.2301e-21 -4.68901e-29 -1.28277e-21 -1.12028e-29  -1.6265e-22 -2.11135e-31 -1.34803e-23 -3.53476e-31  -2.4681e-25 -6.34047e-31  1.40626e-25  -1.9428e-31  2.91681e-26 -1.81382e-32  3.59074e-27 -2.25554e-33  3.21678e-28 -1.19392e-33  2.17657e-29 -2.20135e-34  1.09367e-30 -2.07799e-35  3.78567e-32 -2.73036e-36  6.95552e-34 -3.18861e-37 -5.22345e-36 -1.63935e-38 -6.33042e-37 -4.91938e-40 -1.25077e-38 -1.10111e-41
 4.50422e-25 -1.07564e-10 -1.18952e-23  2.33886e-09  8.87515e-23 -2.61406e-08 -2.96992e-22  1.88092e-07  4.23533e-22 -9.57462e-07 -5.58844e-23  3.61996e-06  7.39493e-22 -1.04299e-05 -7.52124e-21  2.31441e-05  1.60257e-20 -3.94344e-05  2.69068e-20  5.05551e-05 -2.62664e-19 -4.62451e-05  8.81686e-19   2.5927e-05 -1.94036e-18 -3.01817e-06  3.11819e-18 -7.39835e-06 -3.70533e-18   4.3745e-06    3.062e-18  1.03919e-06 -1.28461e-18 -1.63178e-06 -6.63492e-19 -1.23332e-07  1.70229e-18   4.9189e-07 -1.55179e-18  5.19722e-08  8.06856e-19 -1.30259e-07 -1.92702e-19 -3.37222e-08 -4.21312e-20   2.5936e-08  4.99493e-20   1.4478e-08   -1.492e-20 -1.81473e-09 -2.07109e-21 -3.71266e-09  4.69012e-21 -9.04713e-10 -1.70205e-21  3.87755e-10 -8.89415e-22  3.15561e-10  6.48919e-22  6.05481e-11  2.90772e-22  -2.5678e-11 -1.97292e-22 -2.00223e-11 -1.43402e-22 -5.02622e-12  6.62237e-23   4.2587e-13  6.39551e-23  7.91757e-13 -3.37797e-23  2.95931e-13 -6.33741e-24  4.61645e-14  3.31786e-24 -8.17314e-15  6.74902e-26 -7.35256e-15  1.08385e-24 -2.35644e-15 -2.50495e-25 -4.15787e-16 -1.68972e-25 -1.01645e-17  1.24854e-26  1.98713e-17 -9.57054e-28  7.58478e-18  -5.0569e-28  1.68735e-18  3.14352e-27  2.45977e-19  8.31232e-28  1.69241e-20 -4.38398e-29 -2.53127e-21 -5.17291e-29 -1.12947e-21 -1.46904e-29 -2.29965e-22   -1.987e-30 -3.27368e-23 -1.33254e-30 -3.45145e-24 -9.83127e-31 -2.55166e-25 -2.58321e-31   -9.063e-27 -2.77782e-32  7.02263e-28 -4.55121e-33  1.58304e-28 -1.55103e-33  1.58584e-29 -2.41411e-34  1.07285e-30 -2.08634e-35  5.19876e-32 -2.28815e-36  1.77555e-33 -2.19567e-37  3.98771e-35 -9.57729e-39  4.99897e-37  -2.1567e-40  2.05342e-39
 2.19404e-11   5.4569e-24  -8.7142e-10 -7.32843e-23  1.33067e-08  3.81454e-22  -1.2039e-07 -9.18967e-22  7.42152e-07  6.78915e-22 -3.33371e-06  7.39493e-22   1.1312e-05   4.4974e-21 -2.95276e-05 -3.51673e-20  5.95789e-05  8.75529e-20 -9.20963e-05 -5.50208e-20  0.000105899 -3.30158e-19 -8.40644e-05  1.39366e-18  3.59301e-05 -3.17923e-18     5.28e-06  5.07004e-18 -1.57123e-05 -5.87467e-18  4.64293e-06  4.68159e-18  3.89196e-06 -1.87172e-18 -2.22504e-06 -9.26988e-19 -9.94739e-07  2.20021e-18  6.80703e-07 -1.81527e-18    3.221e-07  7.99478e-19 -1.49772e-07 -1.05174e-19 -1.10173e-07 -8.90575e-20  1.35817e-08  5.98218e-20  2.98628e-08 -1.74501e-20  5.74798e-09 -6.26249e-22 -4.55401e-09   5.6256e-21 -2.78264e-09 -2.58968e-21 -1.71122e-10 -1.18569e-21  4.36068e-10  9.44979e-22  2.07681e-10  3.94474e-22  1.81256e-11  -2.3296e-22 -2.30193e-11 -2.39127e-22 -1.25022e-11  9.42751e-23 -2.51928e-12  9.44918e-23  3.76782e-13 -4.40087e-23  4.37786e-13 -1.02697e-23  1.50502e-13  3.24331e-24  2.37209e-14  5.87857e-25 -2.66838e-15  1.39943e-24 -2.86508e-15 -1.92343e-25 -9.43752e-16 -2.09512e-25 -1.83445e-16 -1.58947e-26 -1.55603e-17 -9.04143e-27  3.44986e-18  9.92863e-28  1.82192e-18  4.69936e-27  4.48992e-19  1.31678e-27   7.4977e-20  5.68043e-29  8.39951e-21 -4.56935e-29  3.86417e-22  -1.9124e-29 -7.98085e-23 -4.58688e-30 -2.48927e-23 -2.60831e-30 -4.02158e-24 -1.38877e-30 -4.64414e-25 -3.31288e-31 -4.05077e-26 -3.98732e-32 -2.62149e-27 -6.89464e-33 -1.12531e-28 -1.76578e-33 -1.53866e-30 -2.37438e-34  1.95177e-31  -1.8885e-35  1.79513e-32 -1.72893e-36    7.992e-34 -1.32071e-37  2.04387e-35 -4.54307e-39  2.54665e-37 -6.08116e-41
-1.26433e-24  2.37162e-10  4.23875e-23 -5.41528e-09  -3.6066e-22  6.36807e-08  1.36759e-21 -4.83181e-07 -2.26122e-21  2.60057e-06 -3.22524e-22 -1.04299e-05   4.4974e-21  3.20117e-05  1.71793e-20 -7.60946e-05 -1.16349e-19  0.000140023  2.88835e-19 -0.000196414 -3.28362e-19  0.000201613 -2.39775e-19 -0.000136038  1.93527e-18  3.78265e-05 -4.74748e-18   2.5244e-05  7.59101e-18 -2.63578e-05 -8.60003e-18  1.12484e-06  6.58258e-18  8.53841e-06  -2.4348e-18 -1.72485e-06 -1.31079e-18 -2.53321e-06  2.71213e-18  5.01321e-07 -1.98136e-18  7.63656e-07  7.00052e-19 -3.57054e-08  7.01376e-21 -2.07091e-07 -1.23363e-19 -3.91879e-08  6.09667e-20  3.86336e-08 -2.09721e-20  2.07477e-08  2.32375e-21 -1.26399e-09   7.0499e-21 -4.65622e-09 -3.98329e-21 -1.55047e-09  -1.5002e-21  2.10346e-10  1.27128e-21  3.47692e-10  5.61658e-22  1.15276e-10  -2.8226e-22 -7.82078e-13 -3.67297e-22 -1.59685e-11  1.34632e-22 -6.91765e-12  1.28948e-22 -1.18507e-12 -5.38284e-23  2.19751e-13 -1.51781e-23   2.0961e-13  2.39574e-24  6.89085e-14  1.18546e-24   1.1535e-14  1.84746e-24 -3.87683e-16 -7.13805e-26 -9.07023e-16 -2.47699e-25 -3.17785e-16 -5.71117e-26 -6.71621e-17 -2.15491e-26 -8.43212e-18  1.97089e-27 -2.53508e-20  6.41431e-27  2.93764e-19  2.04031e-27  8.70418e-20  2.54572e-28  1.60987e-20 -2.42887e-29  2.14171e-21 -2.34025e-29  1.97995e-22 -7.67771e-30  8.69226e-24 -4.05299e-30   -9.055e-25 -1.80412e-30 -2.57792e-25 -4.02408e-31 -3.38428e-26   -5.192e-32 -3.09409e-27 -8.73431e-33 -2.10978e-28 -1.79358e-33 -1.07251e-29 -2.10465e-34 -3.89101e-31 -1.52912e-35 -8.97795e-33 -1.15783e-36 -8.67213e-35 -6.79268e-38  1.03768e-36 -1.65848e-39  2.17269e-38
-4.07722e-11 -1.51941e-23  1.70441e-09  2.47051e-22 -2.74398e-08 -1.46989e-21  2.62257e-07  4.12436e-21 -1.71187e-06 -3.98162e-21  8.16558e-06 -7.52124e-21 -2.95276e-05  1.71793e-20  8.25224e-05  5.19901e-20 -0.000179427  -3.1474e-19  0.000301777  7.53446e-19  -0.00038383 -9.87261e-19  0.000349075  2.29651e-19  -0.00019334  2.29816e-18  1.81271e-05 -6.46972e-18  6.07603e-05  1.05178e-17 -3.49297e-05 -1.16923e-17 -9.28298e-06    8.561e-18  1.38834e-05 -2.83012e-18  1.16318e-06 -1.84295e-18 -4.38607e-06   3.1887e-18 -4.65932e-07 -2.00889e-18  1.21588e-06  5.11893e-19  3.11298e-07  1.22359e-19 -2.55871e-07 -1.34402e-19 -1.40833e-07  5.38435e-20   2.0488e-08 -2.70887e-20  3.82311e-08  6.82399e-21  8.95867e-09  9.04776e-21 -4.33476e-09 -5.77678e-21 -3.39596e-09 -1.87002e-21 -6.22554e-10  1.62105e-21  2.99973e-10  8.03915e-22  2.25688e-10  -3.6171e-22  5.57013e-11 -5.20839e-22 -5.47995e-12  1.87722e-22 -9.26649e-12  1.65681e-22 -3.45243e-12 -6.17372e-23  -5.4129e-13 -2.12336e-23  9.49195e-14  5.19593e-25  8.65035e-14  1.83046e-24  2.80622e-14  2.44434e-24  5.09125e-15  1.16872e-25  1.89092e-16 -2.78649e-25 -2.17009e-16 -1.08892e-25 -8.66314e-17 -3.87854e-26 -1.97892e-17  1.76779e-27 -3.01208e-18  8.15643e-27 -2.47319e-19  3.02011e-27   1.7425e-20  5.56562e-28  1.08885e-20  1.48234e-29  2.33982e-21 -2.59936e-29  3.42549e-22 -1.07263e-29  3.73067e-23 -5.46616e-30  2.96483e-24 -2.16275e-30  1.44708e-25 -4.56854e-31 -7.37421e-28 -6.08275e-32 -9.52941e-28  -9.6191e-33 -1.05955e-28 -1.63771e-33 -7.18697e-30 -1.68087e-34 -3.35118e-31 -1.09821e-35 -1.06414e-32  -6.7518e-37 -2.11127e-34  -2.8922e-38  -2.0702e-36 -4.05329e-40
 2.11394e-24 -3.90004e-10  -1.1471e-22  9.41634e-09   1.1557e-21 -1.17283e-07 -5.07257e-21   9.4444e-07  1.04275e-20 -5.40784e-06 -2.42457e-21  2.31441e-05 -3.51673e-20 -7.60946e-05  5.19901e-20  0.000194782  1.33347e-19 -0.000388848 -7.31895e-19    0.0005987  1.67175e-18 -0.000689053 -2.29365e-18  0.000548813  1.38332e-18 -0.000233767  2.16595e-18 -4.03909e-05 -8.04153e-18  0.000110619  1.35515e-17 -3.29365e-05 -1.48464e-17 -2.86157e-05  1.03501e-17  1.68934e-05 -2.91406e-18  7.49355e-06 -2.52374e-18 -5.47492e-06  3.57152e-18 -2.50757e-06  -1.8743e-18  1.29434e-06  2.56437e-19  9.05624e-07  2.17089e-19 -1.42146e-07 -1.16987e-19 -2.62669e-07  4.12227e-20 -4.47836e-08 -3.65592e-20   4.3988e-08  1.24233e-20  2.52551e-08  1.14971e-20  8.89946e-10 -7.78217e-21 -4.36806e-09 -2.28873e-21 -1.97596e-09  1.99803e-21 -1.31668e-10  1.11365e-21  2.43449e-10 -4.90467e-22  1.26148e-10 -6.88411e-22  2.41949e-11  2.52504e-22 -4.45788e-12  2.03873e-22 -4.63711e-12 -6.64207e-23 -1.56672e-12 -2.86731e-23  -2.4296e-13 -2.53048e-24  2.92587e-14  2.49603e-24  3.02546e-14  3.17877e-24  9.95955e-15  3.66798e-25    1.957e-15 -2.98467e-25  1.77715e-16 -1.67346e-25 -3.15025e-17 -6.03404e-26 -1.79906e-17 -4.35829e-29 -4.52009e-18  9.81448e-27 -7.69942e-19  4.22748e-27  -9.0354e-20  9.47022e-28 -5.40044e-21  7.04769e-29  4.94383e-22 -2.55135e-29  1.99348e-22 -1.31515e-29  3.35795e-23 -6.61459e-30  3.93055e-24 -2.39498e-30  3.46258e-25 -4.80752e-31  2.29638e-26  -6.4125e-32  1.07876e-27 -9.37141e-33   2.8114e-29 -1.34713e-33 -3.33355e-31 -1.20512e-34 -6.85925e-32 -6.92643e-36 -3.07852e-33 -3.35485e-37 -6.67125e-35  -9.6166e-39  -5.1153e-37
 5.58632e-11  2.88556e-23 -2.47984e-09  -6.4462e-22  4.24496e-08  4.50683e-21 -4.32062e-07 -1.50307e-20   3.0093e-06  2.15853e-20 -1.53542e-05  1.60257e-20  5.95789e-05 -1.16349e-19 -0.000179427  1.33347e-19  0.000422859   2.9858e-19 -0.000777602 -1.49792e-18   0.00109698  3.25497e-18   -0.0011383 -4.52077e-18  0.000779696  3.55075e-18 -0.000220258  1.17044e-18 -0.000152632 -9.08605e-18  0.000164143  1.63174e-17 -9.13355e-06  -1.7706e-17 -5.53443e-05  1.16832e-17   1.2745e-05 -2.58672e-18    1.703e-05 -3.31416e-18 -4.06007e-06  3.80329e-18 -5.39656e-06 -1.57954e-18  4.70052e-07  -3.0573e-20  1.56907e-06  2.72008e-19  2.41817e-07 -7.32461e-20 -3.23671e-07  2.68705e-20 -1.57702e-07 -4.86712e-20  1.80953e-08   1.8416e-20  3.98194e-08  1.39708e-20  1.20114e-08 -9.80834e-21  -2.4597e-09 -2.68442e-21 -3.12305e-09   2.4272e-21 -9.59156e-10  1.46392e-21  4.49806e-11 -6.88729e-22  1.53237e-10 -8.57772e-22  6.26776e-11  3.27031e-22  9.84463e-12  2.43931e-22  -2.4208e-12 -6.70401e-23  -2.0214e-12 -3.77086e-23 -6.45269e-13 -6.73322e-24 -1.04913e-13  3.15614e-24  4.63381e-15  4.00775e-24  8.67202e-15   6.5998e-25  2.99491e-15 -3.06493e-25  6.31864e-16 -2.27987e-25  8.07458e-17   -8.499e-26  1.08752e-18 -3.46069e-27 -2.48195e-18  1.13283e-26 -7.53952e-19  5.58221e-27 -1.40627e-19  1.38737e-27 -1.89454e-20  1.37456e-28 -1.82126e-21 -2.13136e-29 -9.89955e-23 -1.44941e-29  3.57596e-24 -7.29217e-30  1.61663e-24 -2.45007e-30  2.21803e-25 -4.66633e-31  2.02224e-26 -6.09504e-32  1.35208e-27  -8.1439e-33  6.68723e-29 -9.97039e-34  2.36345e-30  -7.7069e-35  5.47288e-32 -3.78598e-36  6.70223e-34  -1.3753e-37  1.58545e-36 -2.16424e-39
 4.34147e-25  4.68478e-10  2.25087e-22 -1.20967e-08 -2.90097e-21  1.61287e-07  1.50095e-20 -1.39216e-06 -3.85359e-20  8.55999e-06  3.37858e-20 -3.94344e-05  8.75529e-20  0.000140023  -3.1474e-19 -0.000388848   2.9858e-19  0.000847723  5.92694e-19  -0.00144003 -2.73211e-18   0.00186158  5.65183e-18  -0.00173166   -7.848e-18   0.00099014   6.9804e-18 -0.000106144 -1.00441e-18  -0.00032152 -9.25818e-18  0.000198912  1.84648e-17  4.62884e-05 -1.99513e-17 -8.21303e-05  1.23614e-17 -3.65463e-06  -1.8261e-18  2.72072e-05 -4.13637e-18  1.63798e-06   3.8408e-18 -8.06877e-06 -1.15488e-18 -1.66076e-06 -3.06828e-19   1.8846e-06  2.78129e-19   9.0084e-07 -1.21287e-20 -2.07746e-07  1.38836e-20 -2.78844e-07  -6.1183e-20 -5.26651e-08  2.42072e-20  3.82226e-08  1.57614e-20  2.56356e-08 -1.17423e-20  3.69258e-09 -2.93248e-21 -2.79847e-09   2.9623e-21  -1.8195e-09  1.81515e-21 -3.98626e-10 -9.75408e-22  6.91437e-11 -1.01935e-21  8.10995e-11  4.09011e-22  2.82431e-11  2.87327e-22  3.93163e-12 -6.33579e-23 -9.98073e-13 -4.83704e-23 -7.65164e-13 -1.18668e-23 -2.38354e-13  3.78432e-24 -4.17471e-14  4.85899e-24 -1.16218e-15  9.63451e-25  1.90358e-15 -3.07393e-25  7.34185e-16 -2.86862e-25  1.65573e-16 -1.10806e-25  2.51562e-17 -8.00052e-27  2.13944e-18  1.26909e-26 -1.07918e-19  6.95981e-27 -8.02483e-20  1.82266e-27 -1.74089e-20  2.07125e-28 -2.54452e-21  -1.3795e-29 -2.77275e-22 -1.45418e-29 -2.24239e-23 -7.37981e-30 -1.20538e-24 -2.31458e-30 -1.85693e-26 -4.16534e-31  4.01527e-27 -5.23181e-32  4.99807e-28 -6.33405e-33  3.32613e-29 -6.61531e-34  1.44917e-30 -4.35528e-35  4.09805e-32 -1.75939e-36  6.66216e-34 -4.38866e-38  4.06081e-36
-5.41537e-11 -2.35995e-23   2.5949e-09  1.26083e-21 -4.79393e-08 -1.08933e-20  5.26766e-07  4.33995e-20 -3.96417e-06 -8.56085e-20  2.18857e-05  2.69068e-20 -9.20963e-05  2.88835e-19  0.000301777 -7.31895e-19 -0.000777602  5.92694e-19    0.0015751  1.05145e-18  -0.00247761 -4.46883e-18   0.00293304  8.82939e-18  -0.00242439  -1.2235e-17   0.00109746  1.17203e-17  0.000151212 -4.50143e-18 -0.000527921 -8.36253e-18  0.000183383  1.97663e-17  0.000135352 -2.13747e-17 -9.54824e-05  1.23003e-17  -3.4839e-05 -6.99784e-19  3.28505e-05 -4.88705e-18  1.23053e-05  3.66665e-18  -8.6458e-06 -6.54888e-19 -4.98229e-06 -5.32836e-19  1.29739e-06  2.39184e-19  1.64287e-06   5.3146e-20  1.75295e-07  3.42454e-21 -3.25558e-07 -7.08592e-20 -1.57671e-07  2.95846e-20  6.03987e-09  1.60457e-20  3.31151e-08 -1.35963e-20  1.29948e-08 -2.89561e-21  8.48631e-11  3.68303e-21 -2.00167e-09  2.12538e-21 -9.14225e-10 -1.36453e-21 -1.45662e-10 -1.16856e-21  4.66459e-11  4.95982e-22  3.72572e-11  3.35846e-22  1.16628e-11  -5.5683e-23  1.58406e-12 -6.03269e-23 -3.11143e-13 -1.74997e-23 -2.47725e-13  4.35846e-24 -7.73458e-14  5.63887e-24 -1.46229e-14  1.23006e-24 -1.21842e-15 -3.11979e-25  2.64276e-16 -3.41408e-25  1.38147e-16 -1.35487e-25  3.38262e-17  -1.2828e-26  5.67959e-18  1.39173e-26  6.64784e-19   8.2086e-27  4.19509e-20   2.1927e-27 -2.68437e-21  2.69178e-28 -1.23907e-21 -4.31239e-30  -2.0886e-22 -1.33688e-29 -2.40992e-23 -6.88167e-30 -2.08523e-24 -2.01779e-30 -1.36345e-25   -3.412e-31 -6.45532e-27 -4.05782e-32 -1.91295e-28 -4.40989e-33 -1.21851e-30 -3.91109e-34  1.74194e-31  -2.1461e-35  7.90477e-33  -6.7396e-37  1.32414e-34 -9.45071e-39
-1.64702e-23 -3.86057e-10 -2.64258e-22  1.09099e-08  5.56567e-21 -1.58922e-07 -3.50402e-20  1.49727e-06   1.1021e-19 -1.00475e-05 -1.63613e-19  5.05551e-05 -5.50208e-20 -0.000196414  7.53446e-19    0.0005987 -1.49792e-18  -0.00144003  1.05145e-18    0.0027216  1.67183e-18  -0.00397247 -6.56466e-18   0.00429909  1.24623e-17  -0.00311567 -1.73313e-17   0.00100042  1.75353e-17  0.000570732 -9.19927e-18 -0.000725369 -6.43757e-18  8.57216e-05  2.01783e-17  0.000246245 -2.19161e-17 -7.86539e-05  1.15409e-17 -7.76413e-05  6.49303e-19   2.7311e-05 -5.45913e-18  2.63332e-05  3.29517e-18 -5.01518e-06  -1.4831e-19  -8.5446e-06 -6.80191e-19 -6.12277e-07  1.70287e-19  2.06247e-06  1.08679e-19  8.03293e-07 -5.59388e-21 -2.00665e-07 -7.43805e-20 -2.51947e-07  3.47543e-20 -5.94849e-08  1.41297e-20  2.36136e-08 -1.55001e-20   2.0916e-08 -2.46803e-21  5.34632e-09   4.6781e-21 -8.21666e-10  2.35952e-21 -1.13651e-09 -1.86071e-21  -4.0973e-10 -1.30604e-21 -4.90247e-11   5.8502e-22  2.29829e-11  3.90507e-22  1.50273e-11  -4.4681e-23  4.41259e-12 -7.27423e-23  6.32531e-13 -2.30046e-23 -6.43978e-14  4.87247e-24 -6.65851e-14  6.24416e-24 -2.14268e-14  1.40254e-24 -4.33119e-15 -3.35851e-25 -5.25313e-16  -3.9075e-25 -1.04393e-18 -1.56826e-25  1.75376e-17 -1.70201e-26  5.07004e-18  1.49948e-26  9.20725e-19  9.17312e-27  1.21728e-19   2.4447e-27  1.16117e-20  3.14038e-28  6.59011e-22   5.2717e-30 -1.17008e-23 -1.12895e-29  -8.0553e-24 -5.92189e-30 -1.10422e-24 -1.62155e-30 -9.75146e-26 -2.55958e-31 -6.22284e-27 -2.84163e-32 -2.90004e-28 -2.74176e-33 -9.52022e-30 -2.04223e-34 -2.01427e-31 -9.04115e-36 -2.24224e-33 -2.00922e-37 -6.69904e-36
 3.29026e-11  -6.6175e-23 -1.77427e-09 -1.65708e-21  3.66254e-08  2.03485e-20 -4.47401e-07 -9.83251e-20  3.73026e-06  2.47731e-19 -2.27721e-05 -2.62664e-19  0.000105899 -3.28362e-19  -0.00038383  1.67175e-18   0.00109698 -2.73211e-18  -0.00247761  1.67183e-18   0.00438708  2.37714e-18  -0.00595239 -8.62682e-18   0.00587152   1.5896e-17   -0.0036537 -2.24815e-17  0.000605385  2.39072e-17   0.00112865  -1.4693e-17 -0.000844524 -3.76823e-18 -0.000112817  1.98353e-17  0.000351008 -2.16486e-17 -1.77618e-05  1.02249e-17 -0.000121418   2.0367e-18  5.07651e-06 -5.76473e-18  3.92697e-05  2.77028e-18  4.09623e-06  2.95578e-19 -1.05889e-05 -7.36415e-19 -3.77338e-06  9.32887e-20   1.6613e-06  1.43276e-19  1.47917e-06 -1.57702e-20  1.48961e-07 -6.92849e-20 -2.65025e-07  4.01337e-20 -1.39191e-07  9.66592e-21 -8.97308e-09 -1.76416e-20  2.07543e-08 -1.60139e-21  1.08269e-08  6.01763e-21   1.7825e-09  2.49481e-21 -6.99119e-10 -2.45495e-21 -5.49389e-10 -1.43599e-21 -1.67678e-10  6.72116e-22 -1.64884e-11  4.50533e-22   8.9947e-12  -3.1126e-23  5.31146e-12 -8.42317e-23  1.51215e-12 -2.75964e-23  2.37385e-13  5.34992e-24 -2.37005e-15  6.57649e-24 -1.40506e-14  1.42233e-24 -4.87899e-15 -3.95581e-25  -1.0457e-15 -4.35322e-25 -1.51989e-16  -1.7316e-25 -1.19956e-17 -1.98611e-26  8.10698e-19  1.58428e-26  4.89085e-19   9.7206e-27  1.01356e-19  2.54415e-27  1.43377e-20  3.35146e-28  1.51948e-21  1.31786e-29  1.20337e-22 -8.74932e-30  6.50187e-24 -4.70303e-30  1.39435e-25 -1.19946e-30 -1.38154e-26  -1.7543e-31 -1.82436e-27 -1.79271e-32 -1.14619e-28 -1.51474e-33 -4.49341e-30  -9.2979e-35 -1.07459e-31  -3.1552e-36 -1.28268e-33 -4.04255e-38
 6.38546e-23   1.7797e-10 -6.92511e-23 -5.92898e-09 -7.58785e-21  9.99005e-08  6.35403e-20 -1.07481e-06 -2.43897e-19  8.16492e-06  4.95236e-19 -4.62451e-05 -3.30158e-19  0.000201613 -9.87261e-19 -0.000689053  3.25497e-18   0.00186158 -4.46883e-18  -0.00397247  2.37714e-18   0.00661755  2.99288e-18  -0.00835849 -1.00158e-17   0.00748008  1.82382e-17  -0.00386155 -2.68547e-17 -0.000140296  3.01309e-17   0.00174923 -2.03606e-17 -0.000808957 -8.18273e-19 -0.000404744  1.89852e-17  0.000409627 -2.07257e-17  9.07397e-05  8.54675e-18 -0.000149189  3.27772e-18 -3.49486e-05 -5.75239e-18  4.45481e-05  2.15591e-18  1.79687e-05  6.20503e-19 -9.06748e-06 -7.05407e-19 -7.37595e-06  3.04471e-20  9.67699e-08  1.50653e-19  1.84952e-06 -2.97806e-20  6.70107e-07 -5.46211e-20 -1.33465e-07  4.60264e-20 -1.92028e-07  2.75023e-21  -5.8632e-08 -2.01814e-20  7.37793e-09 -3.04173e-22  1.28849e-08   7.7241e-21  4.83923e-09  2.52231e-21   4.6693e-10 -3.12254e-21  -3.9357e-10 -1.56356e-21 -2.32961e-10  7.51592e-22  -6.3579e-11  5.12781e-22 -6.01216e-12 -1.56603e-23  2.81277e-12 -9.29445e-23  1.62341e-12 -3.03987e-23  4.59391e-13  5.85152e-24  7.90567e-14  6.55852e-24  4.69093e-15  1.24291e-24 -2.03692e-15 -5.03221e-25 -8.63848e-16 -4.75958e-25 -1.97641e-16 -1.83633e-25 -3.16507e-17 -2.10487e-26 -3.53418e-18  1.63083e-26 -2.05063e-19  9.76659e-27  1.61957e-20  2.48153e-27  6.43941e-21   3.3044e-28  1.03004e-21  1.82131e-29  1.13664e-22 -6.19728e-30  9.40921e-24 -3.44366e-30  5.88231e-25 -8.15012e-31  2.67259e-26 -1.09521e-31  7.84311e-28 -1.01491e-32  8.54795e-30 -7.37712e-34 -3.32001e-31  -3.6203e-35 -1.43702e-32 -8.60597e-37 -1.48841e-34
-6.67046e-12   3.4629e-22  5.33857e-10  7.01173e-22 -1.44988e-08 -2.78501e-20  2.19407e-07  1.73029e-19 -2.18888e-06 -5.40152e-19  1.56482e-05  8.81686e-19 -8.40644e-05 -2.39775e-19  0.000349075 -2.29365e-18   -0.0011383  5.65183e-18   0.00293304 -6.56466e-18  -0.00595239  2.99288e-18   0.00936929  3.25378e-18   -0.0110296 -9.95962e-18   0.00889242  1.85854e-17  -0.00357987 -2.96691e-17  -0.00121945  3.54765e-17   0.00231201 -2.54962e-17 -0.000558689  1.89327e-18 -0.000749476  1.78949e-17  0.000380658 -1.93196e-17  0.000234416  6.70529e-18 -0.000142163  4.22391e-18 -8.69643e-05 -5.41513e-18  3.56023e-05  1.52238e-18  3.32759e-05  7.93196e-19 -2.56657e-06    -6.04e-19 -9.93081e-06 -1.63864e-21 -2.53982e-06  1.30076e-19  1.53093e-06 -4.88799e-20  1.17832e-06 -3.11342e-20  1.54405e-07  5.23462e-20 -1.70521e-07 -6.13171e-21 -1.04813e-07 -2.31751e-20 -1.82693e-08  1.37692e-21   8.2981e-09  9.75276e-21  6.55171e-09   2.4459e-21  1.93405e-09  -3.8242e-21   8.9364e-11 -1.69257e-21 -1.75319e-10  8.15887e-22 -8.76609e-11  5.71896e-22 -2.23984e-11  1.39685e-24 -2.35455e-12 -9.67759e-23  6.69408e-13 -3.05432e-23  4.18192e-13     6.47e-24  1.20135e-13    6.151e-24  2.22969e-14  8.44838e-25  2.34082e-15 -6.60796e-25 -9.71638e-17 -5.12768e-25 -1.06906e-16 -1.88181e-25 -2.76139e-17 -2.07331e-26 -4.72246e-18  1.62094e-26 -5.94691e-19  9.29474e-27 -5.40221e-20  2.27328e-27 -2.86809e-21  3.02595e-28  6.46431e-23  2.00079e-29   3.4666e-23 -3.97997e-30  4.43773e-24 -2.32052e-30  3.66628e-25 -5.07338e-31  2.17038e-26  -6.2032e-32  9.24198e-28 -5.12537e-33  2.70395e-29 -3.12883e-34  4.87223e-31 -1.16841e-35   4.1287e-33 -1.58997e-37
-1.60058e-22  6.06392e-12  1.21303e-21  6.27227e-10  5.29885e-21 -2.27687e-08 -8.58941e-20  3.66507e-07  4.17133e-19 -3.67877e-06 -1.07622e-18   2.5927e-05  1.39366e-18 -0.000136038  2.29651e-19  0.000548813 -4.52077e-18  -0.00173166  8.82939e-18   0.00429909 -8.62682e-18  -0.00835849  3.25378e-18    0.0124896   2.8549e-18   -0.0137152  -7.7707e-18   0.00985901  1.63188e-17  -0.00271367 -3.04296e-17  -0.00253338  3.93588e-17   0.00267631 -2.94635e-17 -7.34784e-05  3.92576e-18  -0.00107717  1.67676e-17  0.000235372 -1.75763e-17  0.000384084  4.86684e-18 -8.64829e-05  4.78651e-18 -0.000138052 -4.78876e-18  8.74872e-06  9.32836e-19  4.45234e-05  8.07861e-19  8.72844e-06 -4.56314e-19 -9.72205e-06  3.85462e-21 -5.57039e-06  8.56101e-20  3.10284e-07 -7.19547e-20  1.40262e-06 -9.85443e-22  5.26396e-07  5.85197e-20 -4.76808e-08 -1.62662e-20 -1.18951e-07 -2.65298e-20 -4.69539e-08  3.37676e-21 -3.29217e-09  1.19892e-20  5.22554e-09  2.28039e-21  2.88369e-09  -4.5111e-21   7.1187e-10 -1.82456e-21  1.17302e-11  8.55943e-22 -6.46703e-11  6.21213e-22 -2.92387e-11  2.01697e-23 -7.24938e-12 -9.36745e-23 -8.98267e-13  -2.7299e-23  1.00405e-13  7.31151e-24  8.68915e-14  5.36796e-24  2.60577e-14  2.47972e-25  5.12413e-15 -8.56835e-25  6.78699e-16 -5.44246e-25   4.2033e-17 -1.87282e-25 -6.32269e-18 -1.93853e-26 -2.54747e-18  1.54092e-26 -4.80046e-19  8.36449e-27 -6.37999e-20  1.95702e-27 -6.40131e-21  2.58025e-28 -4.80006e-22   1.8973e-29 -2.44439e-23 -2.28552e-30 -4.85496e-25 -1.43523e-30  4.60459e-26 -2.88318e-31  5.52654e-27 -3.17078e-32  3.09923e-28 -2.28883e-33  1.04235e-29 -1.13407e-34  1.96558e-31 -2.94951e-36  1.38262e-33
