 6.93085e-34  8.67931e-37   4.7348e-34   -5.557e-37  2.85517e-34 -3.82314e-36  3.24288e-34  1.81191e-35     9.99e-35  1.41965e-35  3.85135e-35 -4.86933e-36 -2.25363e-34 -5.77793e-37   7.3192e-36 -4.12858e-36   1.4856e-34  3.06252e-36  -1.9208e-33 -2.32538e-37  1.47025e-32  7.19931e-37 -9.28743e-32 -1.86912e-37  5.15136e-31  1.34864e-37 -2.52425e-30  -1.4517e-37  1.09705e-29  4.49291e-39 -4.24032e-29 -9.76066e-39  1.46014e-28  1.81847e-37 -4.48278e-28 -6.69707e-37   1.2268e-27  2.48729e-36 -2.98918e-27 -8.64037e-36  6.46944e-27  2.75985e-35 -1.23911e-26   -8.105e-35  2.08884e-26  2.18968e-34  -3.0748e-26 -5.44299e-34  3.90664e-26  1.24456e-33 -4.20865e-26 -2.61595e-33  3.73243e-26  5.04876e-33 -2.57368e-26 -8.93203e-33  1.18938e-26  1.44509e-32 -1.32445e-27 -2.13112e-32  -3.1108e-27  2.85197e-32  2.64376e-27 -3.44192e-32 -6.50077e-28  3.71263e-32 -4.43714e-28 -3.53091e-32  3.87664e-28  2.89559e-32 -3.25916e-29 -1.96437e-32 -8.63853e-29  1.00096e-32  3.04531e-29  -2.6145e-33     1.25e-29 -1.17162e-33 -8.18229e-30  1.60364e-33 -1.42151e-30 -1.09167e-34  1.52397e-30 -1.66576e-33  1.73505e-31  2.66674e-33 -2.23112e-31 -2.67875e-33  -2.8897e-32  2.05562e-33  2.51934e-32 -1.27817e-33  5.00961e-33  6.58556e-34  -1.9611e-33 -2.83361e-34 -6.38847e-34  1.01974e-34  7.16225e-35 -3.07407e-35  4.96692e-35  7.85082e-36  2.99224e-36 -1.76195e-36 -2.04223e-36  3.72257e-37 -3.67982e-37 -7.80012e-38  1.25136e-38  1.54795e-38  1.15703e-38 -2.56081e-39   1.0852e-39  2.98287e-40 -5.57636e-41 -1.50746e-41 -1.76291e-41 -1.92334e-42 -8.76807e-43  4.47282e-43  9.14523e-45 -3.17671e-44  2.75733e-45   3.8465e-46  7.80508e-47  1.99921e-47
 8.67931e-37  2.10825e-33  5.29288e-36  5.19928e-34 -6.72684e-36  5.62388e-34 -1.68829e-35  1.50066e-34  3.65958e-35  3.54742e-34  4.11684e-35  5.04918e-35  -1.5702e-35  -3.4637e-34  3.11588e-36 -1.05426e-33 -1.23146e-35  9.75065e-33  8.63674e-36 -7.70888e-32  1.57856e-36  5.22401e-31  1.23773e-36 -3.09403e-30 -9.31894e-38  1.61523e-29  1.26222e-37 -7.46617e-29  -3.5538e-37  3.06586e-28  1.25605e-37 -1.12089e-27 -5.68599e-37  3.65318e-27  2.89509e-36 -1.06172e-26 -1.13465e-35  2.74968e-26  4.12693e-35 -6.33494e-26 -1.38365e-34  1.29449e-25  4.26567e-34 -2.33564e-25    -1.21e-33  3.69675e-25   3.1594e-33 -5.08418e-25 -7.59378e-33  5.99048e-25  1.67956e-32 -5.91292e-25 -3.41579e-32  4.69921e-25  6.37988e-32 -2.75946e-25 -1.09241e-31  8.90129e-26  1.71055e-31  2.33404e-26 -2.44111e-31 -4.83822e-26  3.16017e-31  2.45854e-26 -3.68681e-31  7.42336e-28  3.83898e-31  -7.5742e-27 -3.51447e-31  3.02462e-27  2.75586e-31  8.83645e-28 -1.75501e-31  -9.9849e-28  7.81439e-32   3.6838e-29 -6.75739e-33    2.051e-28 -2.84463e-32 -3.55403e-29  3.22276e-32 -3.40215e-29 -1.86274e-32  7.82396e-30  2.17856e-33  5.08424e-30  8.40793e-33 -1.03913e-30 -1.14263e-32 -6.86921e-31  9.47473e-33  7.52986e-32  -5.9513e-33  7.69554e-32  2.99694e-33  8.26998e-34 -1.23173e-33 -6.09273e-33   4.1449e-34 -8.08723e-34 -1.14148e-34  2.59964e-34  2.59998e-35   7.8164e-35 -5.15701e-36 -1.03338e-36  1.00233e-36 -2.85922e-36 -2.08799e-37 -3.54737e-37  4.25735e-38  2.31622e-38 -7.15994e-39  8.87631e-39  8.52169e-40  5.98152e-40 -5.01802e-41 -2.77441e-41 -3.45177e-42 -5.21646e-42  9.47556e-43 -2.23061e-43 -6.16844e-44  2.40811e-46  6.31236e-46  1.07434e-46
  4.7348e-34  5.29288e-36  4.16984e-33  1.81339e-35 -2.54221e-34 -2.57353e-35  7.35292e-34 -3.95502e-35 -5.93557e-34  4.34244e-35  8.99413e-34  8.12369e-35  2.33529e-38 -3.09929e-35  2.60729e-33  1.15195e-35 -3.27747e-32 -2.22401e-35  2.74704e-31   1.5505e-35 -1.99421e-30  6.96632e-36  1.26315e-29  1.23066e-36  -7.0328e-29  3.67858e-37  3.46018e-28 -5.19378e-38 -1.51026e-27 -9.43957e-37  5.86389e-27  1.76027e-36 -2.02887e-26 -8.10452e-36  6.26034e-26  3.47567e-35 -1.72244e-25 -1.33052e-34  4.22073e-25  4.68126e-34 -9.19025e-25 -1.51506e-33  1.77165e-24  4.51166e-33 -3.00743e-24 -1.23695e-32  4.46054e-24  3.12325e-32 -5.71458e-24 -7.26225e-32  6.21425e-24  1.55438e-31 -5.57199e-24 -3.05987e-31  3.89679e-24  5.53278e-31 -1.84326e-24 -9.17231e-31  2.38595e-25  1.39061e-30  4.61044e-25 -1.92139e-30 -4.10559e-25  2.40796e-30  1.09157e-25 -2.71888e-30  6.53073e-26  2.73867e-30 -6.16796e-26 -2.42266e-30  6.73064e-27  1.83073e-30  1.34114e-26 -1.11432e-30 -5.20598e-27  4.56672e-31 -1.85727e-27  3.15745e-33  1.37594e-27 -2.19935e-31  1.93243e-28  2.40249e-31 -2.57043e-28 -1.57885e-31 -2.15554e-29  5.98545e-32  3.81729e-29   5.7787e-33  3.85822e-30 -3.09893e-32 -4.44851e-30  2.97904e-32 -7.50132e-31 -1.91878e-32   3.6578e-31  9.47517e-33   1.0393e-31 -3.71518e-33 -1.53111e-32  1.16275e-33 -8.78845e-33 -2.88849e-34  -3.1661e-34  5.71467e-35  3.80443e-34 -9.62098e-36  6.33853e-35  1.69624e-36 -3.80561e-36 -3.64152e-37 -2.16737e-36  7.80299e-38  -1.7905e-37 -1.34185e-38  1.39184e-38  1.66049e-39   3.2639e-39 -1.15116e-40  1.62918e-40 -2.87433e-42 -3.87434e-42  1.29626e-42 -5.93154e-43 -7.46801e-44 -1.20118e-44  5.20313e-46
  -5.557e-37  5.19928e-34  1.81339e-35  7.01633e-33  4.27253e-35 -2.05775e-33 -5.85315e-35  9.50912e-34 -6.26475e-35 -1.77241e-33  2.75008e-35  2.00851e-33  1.21761e-34 -7.10876e-33 -4.74445e-35  8.31859e-32  2.04335e-35 -7.64149e-31 -2.84573e-35  5.96116e-30  2.13529e-35 -4.04419e-29  1.63858e-35  2.40444e-28  7.91268e-37 -1.26034e-27  8.95366e-37  5.85078e-27  1.91424e-37 -2.41342e-26 -4.82217e-36  8.86579e-26   1.8623e-35 -2.90415e-25 -8.23115e-35   8.4855e-25  3.33206e-34 -2.21011e-24  -1.2324e-33  5.12263e-24  4.18829e-33 -1.05353e-23 -1.30955e-32  1.91406e-23  3.76977e-32 -3.05221e-23 -9.99631e-32  4.23217e-23  2.44218e-31 -5.03212e-23 -5.49617e-31  5.01902e-23  1.13885e-30  -4.0398e-23  -2.1707e-30  2.41498e-23  3.80078e-30 -8.11374e-24 -6.10183e-30 -1.79707e-24  8.95862e-30  4.20867e-24 -1.19867e-29 -2.24087e-24  1.45468e-29 -5.26908e-27 -1.59047e-29  6.67636e-25  1.55123e-29 -2.87442e-25 -1.32863e-29 -7.10496e-26  9.71819e-30  9.23882e-26 -5.71773e-30 -6.07297e-27  2.24526e-30  -1.8728e-26  6.86671e-32  3.86725e-27 -1.10933e-30  3.08444e-27  1.19335e-30 -8.36385e-28 -8.09917e-31 -4.63182e-28  3.66764e-31  1.14587e-28 -6.92721e-32  6.41276e-29 -5.68756e-32 -9.35238e-30  7.36721e-32  -7.4643e-30 -4.95798e-32  1.23296e-31  2.40805e-32  6.23035e-31  -8.9923e-33  6.85289e-32  2.60135e-33 -2.93413e-32 -5.73779e-34 -7.58381e-33  9.47455e-35  2.64864e-34 -1.25186e-35  3.10506e-34  1.95687e-36  3.31144e-35 -4.67449e-37 -3.19203e-36  1.07374e-37 -9.56436e-37 -1.89611e-38 -5.57787e-38  2.51866e-39  3.71862e-39 -2.05599e-40  6.06987e-40   7.4265e-43  2.15511e-41  1.29746e-42 -1.75907e-43  -6.0857e-44 -1.11213e-44
 2.85517e-34 -6.72684e-36 -2.54221e-34  4.27253e-35  1.04255e-32  7.58468e-35 -4.48075e-33 -9.24678e-35  1.44758e-33 -7.44936e-35 -3.83126e-33 -9.21435e-36  1.68714e-32  1.43545e-34 -1.77331e-31 -6.29084e-35  1.75569e-30  2.23273e-35 -1.47803e-29 -2.66312e-35  1.07607e-28  2.46734e-35 -6.84156e-28  2.84934e-35  3.82469e-27  6.06803e-37 -1.88987e-26  1.19352e-37  8.28615e-26  5.86836e-36 -3.23268e-25 -3.62117e-35  1.12415e-24  1.61399e-34 -3.48731e-24 -6.85831e-34  9.64936e-24  2.67017e-33 -2.37879e-23 -9.53934e-33  5.21295e-23  3.13349e-32 -1.01185e-22 -9.47451e-32  1.73042e-22   2.6388e-31 -2.58726e-22 -6.77258e-31   3.3442e-22  1.60192e-30 -3.67321e-22 -3.49107e-30  3.33264e-22  7.00577e-30 -2.36635e-22 -1.29333e-29  1.14758e-22  2.19333e-29 -1.71068e-23 -3.41034e-29 -2.72213e-23  4.84907e-29  2.55625e-23 -6.28301e-29 -7.36306e-24  7.38352e-29 -3.80472e-24 -7.81736e-29  3.93452e-24  7.38446e-29 -5.37844e-25 -6.12827e-29 -8.30206e-25  4.34754e-29  3.57143e-25 -2.48693e-29  1.08393e-25  9.57789e-30 -9.27905e-26  1.32082e-31 -9.76768e-27 -4.29811e-30  1.73615e-26  4.59332e-30  8.97745e-28 -3.13105e-30   -2.616e-27  1.49883e-30 -1.83568e-28 -4.19645e-31  3.14389e-28 -5.29565e-32  4.31364e-29  1.51742e-31 -2.72537e-29 -1.09182e-31 -6.69395e-30  5.22701e-32  1.30042e-30  -1.8544e-32  6.14296e-31  4.92225e-33  7.56028e-33 -9.44361e-34 -2.88512e-32  1.21736e-34 -4.23228e-33 -1.02956e-35  3.89388e-34  1.36902e-36  1.62806e-34 -4.50418e-37  1.13856e-35  1.10802e-37 -1.28874e-36 -2.03615e-38 -2.50563e-37  3.12001e-39 -1.09508e-38 -2.98387e-40  4.49087e-40   5.7967e-42  4.70393e-41  9.78609e-43  8.26617e-43 -3.03128e-44
-3.82314e-36  5.62388e-34 -2.57353e-35 -2.05775e-33  7.58468e-35  1.38955e-32  1.06922e-34 -6.82148e-33 -1.05992e-34  3.48724e-33 -7.08715e-35 -2.82481e-32 -5.10567e-35   3.2335e-31  1.32913e-34 -3.44565e-30 -7.65707e-35  3.13512e-29  1.09726e-35 -2.45497e-28 -1.65438e-35  1.67192e-27  2.53782e-35 -9.98085e-27  4.05592e-35  5.25421e-26  2.44059e-36 -2.45021e-25 -9.26117e-36  1.01555e-24  5.32164e-35 -3.74957e-24 -2.68767e-34  1.23482e-23  1.19464e-33 -3.62846e-23 -4.89852e-33  9.50757e-23  1.84232e-32 -2.21783e-22 -6.36577e-32  4.59254e-22  2.02355e-31 -8.40527e-22 -5.92346e-31  1.35103e-21  1.59772e-30 -1.88971e-21 -3.97218e-30   2.2688e-21  9.10248e-30 -2.28829e-21 -1.92201e-29  1.86709e-21  3.73706e-29 -1.13771e-21   -6.684e-29  3.98891e-22  1.09809e-28  7.15361e-23 -1.65378e-28 -1.96394e-22  2.27725e-28  1.10004e-22 -2.85707e-28 -3.01196e-24   3.2506e-28 -3.15253e-23 -3.33192e-28  1.47106e-23  3.04764e-28  2.96183e-24 -2.45047e-28 -4.59237e-24  1.68687e-28  4.47588e-25 -9.40215e-29  9.15278e-25  3.58681e-29 -2.24217e-25 -6.80013e-31    -1.49e-25 -1.37304e-29  4.78184e-26  1.46554e-29  2.24348e-26 -9.91375e-30 -6.74393e-27   4.8141e-30 -3.18523e-27 -1.52585e-30  6.04376e-28  8.33978e-32  3.86829e-28  2.68369e-31 -1.85879e-29 -2.12221e-31 -3.41948e-29  1.00223e-31 -2.89207e-30  -3.3661e-32  1.75985e-30  8.12244e-33  3.93139e-31 -1.31641e-33 -2.50623e-32  1.15427e-34 -1.79601e-32 -1.07278e-36 -1.61105e-33  1.04342e-37  2.26376e-34 -3.08847e-37  5.52925e-35  7.19653e-38  2.69323e-36 -1.50228e-38 -2.72345e-37  3.23353e-39 -3.65445e-38 -3.58143e-40  -1.1067e-39  9.09431e-42  1.64354e-41  5.44009e-43  6.96905e-43
 3.24288e-34 -1.68829e-35  7.35292e-34 -5.85315e-35 -4.48075e-33  1.06922e-34  1.69798e-32  1.23558e-34 -1.02176e-32 -8.23707e-35  3.74754e-32 -5.69577e-35 -5.04937e-31 -7.79905e-35  5.87903e-30  9.03885e-35 -5.79893e-29 -8.75528e-35  4.89571e-28 -1.47896e-35 -3.57815e-27 -1.88398e-36  2.28427e-26  2.45444e-35 -1.28251e-25  4.86874e-35  6.36598e-25  1.46447e-35 -2.80457e-24 -7.29644e-35   1.0997e-23  3.74641e-34 -3.84465e-23 -1.78353e-33  1.19945e-22  7.71518e-33 -3.33884e-22 -3.06179e-32  8.28372e-22  1.11518e-31 -1.82772e-21 -3.73352e-31  3.57367e-21  1.15029e-30  -6.1598e-21 -3.26428e-30  9.28916e-21  8.53667e-30  -1.2121e-20 -2.05786e-29  1.34566e-20  4.57232e-29 -1.23639e-20 -9.36022e-29  8.92282e-21  1.76422e-28  -4.4434e-21 -3.05819e-28  7.56116e-22  4.86818e-28  9.89895e-22 -7.10206e-28 -9.87651e-22  9.47038e-28  3.08691e-22 -1.15027e-27   1.3529e-22  1.26665e-27 -1.55704e-22 -1.25644e-27  2.60022e-23  1.11224e-27   3.1671e-23 -8.65974e-28 -1.52109e-23  5.78171e-28 -3.81342e-24 -3.13989e-28  3.88142e-24  1.18873e-28  2.64363e-25 -6.38415e-30 -7.26318e-25 -3.76024e-29 -1.22997e-26  4.02386e-29  1.10992e-25 -2.68379e-29  4.05927e-27  1.29709e-29 -1.37522e-26 -4.30269e-30 -1.43434e-27  5.55525e-31  1.25659e-27  4.15259e-31  2.61475e-28 -3.72683e-31 -6.72864e-29  1.73425e-31 -2.63944e-29 -5.48685e-32  3.89867e-31  1.18827e-32  1.35801e-30 -1.55045e-33  1.69944e-31  5.77532e-35   -2.301e-32  1.27414e-35 -7.55585e-33 -8.44572e-37 -4.25666e-34 -1.14271e-37  7.26113e-35 -1.28721e-38  1.18877e-35 -3.24277e-39  4.26675e-37  2.85651e-39 -2.78495e-38 -3.56756e-40  -2.3294e-39  8.64937e-42 -3.69359e-41  1.98071e-43
 1.81191e-35  1.50066e-34 -3.95502e-35  9.50912e-34 -9.24678e-35 -6.82148e-33  1.23558e-34  2.11839e-32  1.18743e-34 -5.19591e-32 -2.01103e-35  6.86645e-31 -4.14484e-35 -8.81733e-30 -7.74844e-35   9.4695e-29  2.97959e-35 -8.64375e-28 -9.40381e-35  6.79449e-27 -5.09308e-35 -4.64623e-26  1.21752e-35  2.78564e-25   2.4525e-35 -1.47312e-24  4.32216e-35  6.90266e-24  8.51171e-35 -2.87549e-23 -4.53363e-34  1.06737e-22  2.27101e-33 -3.53503e-22 -1.04565e-32    1.045e-21  4.39694e-32 -2.75568e-21 -1.69444e-31  6.47192e-21   5.9935e-31 -1.34992e-20 -1.94871e-30  2.48998e-20  5.83067e-30 -4.03628e-20 -1.60672e-29  5.69817e-20  4.07968e-29 -6.91241e-20 -9.54681e-29  7.05529e-20  2.05867e-28 -5.84106e-20 -4.08904e-28  3.63262e-20   7.4754e-28 -1.33129e-20 -1.25642e-27 -1.81281e-21  1.93841e-27  6.18635e-21 -2.73959e-27 -3.66059e-21  3.53747e-27  2.15778e-22 -4.15867e-27  1.00289e-21  4.43059e-27 -5.10132e-22 -4.25072e-27 -7.89512e-23  3.63914e-27  1.54268e-22 -2.74126e-27 -2.04346e-23  1.77324e-27 -3.00893e-23 -9.37102e-28  8.72707e-24  3.51287e-28  4.81294e-24 -2.96103e-29 -1.84095e-24 -9.04735e-29 -7.23981e-25   9.7329e-29  2.66671e-25 -6.37444e-29  1.05569e-25  3.03459e-29 -2.58171e-26  -1.0184e-29 -1.34466e-26  1.67562e-30  1.14908e-27  5.69408e-31  1.26406e-27 -6.01427e-31  7.17783e-29  2.74909e-31 -7.09966e-29  -8.1376e-32 -1.35531e-29   1.5514e-32  1.37411e-30 -1.47726e-33   6.9833e-31 -5.50072e-35  5.02702e-32  2.40345e-35 -1.05641e-32 -3.57348e-38 -2.15334e-33  3.65264e-38 -8.08238e-35  -1.2996e-37  1.31022e-35   1.1163e-38  1.47297e-36  2.20545e-39  3.74572e-38 -2.92389e-40  -9.4705e-40  5.40119e-42 -3.02401e-41
    9.99e-35  3.65958e-35 -5.93557e-34 -6.26475e-35  1.44758e-33 -1.05992e-34 -1.02176e-32  1.18743e-34  6.64967e-32  9.40058e-35 -8.31149e-31  6.73401e-35  1.17184e-29 -3.05828e-35 -1.37666e-28  -4.9828e-35  1.36314e-27 -2.98298e-35 -1.15527e-26 -9.36539e-35  8.47816e-26 -9.11023e-35 -5.43582e-25  2.09905e-35  3.06585e-24  3.22194e-35 -1.52911e-23 -1.67631e-35  6.77078e-23  4.54038e-34 -2.66912e-22  -2.4429e-33  9.38442e-22  1.20319e-32 -2.94532e-21 -5.41141e-32  8.25102e-21   2.2222e-31 -2.06098e-20 -8.35409e-31   4.5803e-20  2.88059e-30  -9.0253e-20 -9.12439e-30  1.56871e-19  2.65816e-29 -2.38731e-19 -7.12818e-29  3.14661e-19  1.76043e-28 -3.53338e-19 -4.00488e-28  3.29041e-19   8.3914e-28 -2.41614e-19 -1.61868e-27  1.23735e-19   2.8723e-27 -2.38396e-20 -4.68315e-27 -2.55916e-20  7.00488e-27  2.73753e-20 -9.59222e-27 -9.29664e-21   1.1993e-26 -3.37508e-21 -1.36433e-26  4.41797e-21   1.4057e-26 -8.84938e-22 -1.30359e-26 -8.59101e-22  1.07844e-26  4.64775e-22 -7.85099e-27  9.21433e-23  4.91361e-27 -1.16345e-22 -2.52196e-27 -3.34011e-24  9.32278e-28  2.17365e-23 -1.01396e-28  -4.5729e-25 -1.94481e-28 -3.36597e-24  2.10688e-28  9.43745e-28 -1.35105e-28   4.2999e-25  6.29658e-29  2.97933e-26 -2.10111e-29  -4.1408e-26  3.82117e-30 -7.07727e-27  6.98718e-31  2.45843e-27 -9.03734e-31  8.04112e-28  4.03794e-31  -3.8021e-29 -1.10831e-31 -4.56635e-29  1.80229e-32 -4.68695e-30 -9.37717e-34  9.35968e-31 -2.09135e-34  2.49907e-31  2.37898e-35  1.02748e-32  3.54593e-36 -2.88208e-33  9.75184e-38 -4.00968e-34 -2.50729e-37 -1.09095e-35  2.26007e-38  1.18824e-36  1.54848e-39  8.29835e-38 -1.92483e-40  1.13574e-39  1.99341e-42
 1.41965e-35  3.54742e-34  4.34244e-35 -1.77241e-33 -7.44936e-35  3.48724e-33 -8.23707e-35 -5.19591e-32  9.40058e-35   8.9522e-31  5.75145e-35 -1.38808e-29  1.60035e-34  1.79192e-28 -2.65164e-35 -1.93206e-27 -4.41359e-36  1.77046e-26 -7.28868e-35  -1.3974e-25 -8.45328e-35  9.59705e-25 -1.29775e-34 -5.78014e-24  2.03226e-35  3.07139e-23   6.9673e-35 -1.44648e-22 -2.85776e-34    6.058e-22  2.07687e-33 -2.26144e-21 -1.12719e-32  7.53467e-21  5.52703e-32 -2.24152e-20 -2.45811e-31  5.95091e-20  9.94633e-31  -1.4077e-19 -3.67381e-30  2.95888e-19  1.24185e-29 -5.50312e-19 -3.84937e-29  9.00104e-19   1.0958e-28 -1.28329e-18 -2.86784e-28  1.57398e-18  6.90492e-28 -1.62701e-18 -1.52994e-27  1.36804e-18  3.11948e-27  -8.6943e-19 -5.85067e-27  3.33516e-19  1.00859e-26  3.07905e-20 -1.59627e-26  -1.4538e-19  2.31576e-26  9.12942e-20 -3.07308e-26 -8.42915e-21   3.7203e-26 -2.37389e-20 -4.09442e-26  1.32491e-20  4.07792e-26  1.42398e-21 -3.65291e-26 -3.86933e-21  2.91746e-26  6.62696e-22 -2.05011e-26  7.34188e-22   1.2394e-26 -2.52344e-22 -6.16401e-27 -1.14428e-22  2.23634e-27  5.27703e-23 -2.84175e-28  1.70974e-23 -3.78015e-28 -7.83546e-24  4.12679e-28 -2.56662e-24 -2.58529e-28  8.10468e-25   1.1753e-28   3.4532e-25 -3.86377e-29 -4.52585e-26  7.33549e-30 -3.47224e-26  7.73551e-31 -8.96942e-28 -1.27806e-30  2.13019e-27  5.54953e-31  3.39999e-28 -1.39638e-31 -5.19637e-29  1.83189e-32 -2.01627e-29  1.71686e-34 -1.06175e-30 -3.78374e-34  3.61452e-31  5.82935e-36  6.21624e-32  9.65545e-36  1.52463e-33  1.11076e-37 -4.60704e-34 -3.41829e-37 -4.41143e-35  2.68927e-38 -8.82323e-37   1.0335e-39  3.84826e-38 -9.65981e-41  9.78593e-40
 3.85135e-35  4.11684e-35  8.99413e-34  2.75008e-35 -3.83126e-33 -7.08715e-35  3.74754e-32 -2.01103e-35 -8.31149e-31  5.75145e-35  1.46935e-29  1.98894e-35 -2.09618e-28  2.40878e-34  2.47178e-27 -2.87607e-35 -2.45708e-26   4.7755e-35  2.09094e-25  -9.1441e-35 -1.54112e-24 -6.59413e-35  9.92605e-24 -1.65659e-34 -5.62532e-23  1.47859e-35  2.81991e-22   1.4809e-34 -1.25533e-21 -1.03521e-33  4.97668e-21  7.32307e-33 -1.76026e-20 -4.21874e-32  5.55971e-20  2.13372e-31 -1.56801e-19 -9.61902e-31   3.9448e-19  3.90178e-30 -8.83419e-19 -1.43368e-29  1.75509e-18  4.79461e-29 -3.07774e-18  -1.4644e-28  4.72931e-18  4.09488e-28 -6.30055e-18 -1.05015e-27  7.16125e-18  2.47278e-27 -6.76495e-18 -5.34951e-27  5.05977e-18  1.06344e-26 -2.66854e-18 -1.94211e-26  5.77742e-19  3.25613e-26  5.05215e-19 -5.00637e-26 -5.85955e-19  7.04793e-26  2.16482e-19 -9.06604e-26  6.29917e-20  1.06273e-25 -9.67187e-20 -1.13127e-25  2.29245e-20  1.08862e-25   1.7788e-20 -9.41262e-26 -1.09632e-20  7.25013e-26 -1.59959e-21 -4.91101e-26  2.68806e-21  2.86277e-26 -3.59955e-23 -1.37611e-26 -5.00303e-22  4.87608e-27  3.15328e-23  -6.8218e-28  7.84137e-23 -6.70222e-28 -3.23967e-24  7.37053e-28 -1.03299e-23 -4.50321e-28 -3.23935e-25  1.99349e-28   1.0486e-24 -6.42924e-29  1.39912e-25  1.24066e-29 -6.84518e-26  7.76554e-31 -1.86042e-26 -1.71631e-30  1.63615e-27  7.20305e-31    1.178e-27 -1.63877e-31  9.28443e-29  1.55315e-32 -2.85965e-29  1.85595e-33 -6.31858e-30 -5.32886e-34 -1.48405e-31 -2.93292e-35  8.69246e-32  1.66138e-35  1.03224e-32  1.71375e-37  1.76618e-34 -3.78316e-37 -3.81884e-35  2.36394e-38 -2.26668e-36   6.5793e-40 -2.54949e-38 -3.22377e-41
-4.86933e-36  5.04918e-35  8.12369e-35  2.00851e-33 -9.21435e-36 -2.82481e-32 -5.69577e-35  6.86645e-31  6.73401e-35 -1.38808e-29  1.98894e-35  2.20831e-28 -9.67664e-36 -2.86246e-27  3.00506e-34  3.09835e-26 -3.59399e-35 -2.85087e-25   9.8827e-35  2.25989e-24 -8.52388e-35 -1.55914e-23 -3.38651e-35  9.43562e-23 -2.30424e-34 -5.03927e-22  1.68599e-34  2.38598e-21 -4.06752e-34 -1.00493e-20 -1.18676e-34  3.77388e-20  1.23413e-32 -1.26536e-19 -1.05128e-31  3.78971e-19  6.27942e-31 -1.01332e-18 -3.07699e-30  2.41534e-18  1.30296e-29 -5.11841e-18  -4.8853e-29  9.60346e-18  1.64382e-28  -1.5858e-17 -5.00477e-28  2.28465e-17  1.38609e-27 -2.83511e-17 -3.50425e-27  2.97042e-17  8.10575e-27 -2.53909e-17 -1.71786e-26  1.65102e-17  3.33791e-26 -6.63677e-18 -5.94694e-26 -3.19033e-19  9.71076e-26  2.69535e-18 -1.45191e-25 -1.80546e-18  1.98479e-25  2.30308e-19 -2.47571e-25  4.41693e-19  2.81018e-25 -2.72599e-19 -2.89278e-25 -1.61868e-20  2.68832e-25  7.66007e-20 -2.24185e-25 -1.64434e-20  1.66353e-25 -1.40285e-20 -1.08459e-25  5.73919e-21  6.08434e-26  2.10409e-21 -2.81911e-26 -1.19157e-21  9.70894e-27  -3.0931e-22  -1.4382e-27  1.81033e-22 -1.09064e-27  4.79848e-23  1.20648e-27 -1.98503e-23  -7.1807e-28 -6.89346e-24  3.09548e-28  1.30213e-24 -9.79154e-29  7.47771e-25  1.89899e-29 -7.18947e-27  7.01362e-31 -5.02441e-26 -2.20537e-30 -6.46146e-27  8.91377e-31  1.48055e-27 -1.80524e-31  4.56141e-28  9.33116e-33  1.40327e-29  3.99187e-33 -9.62944e-30 -6.46879e-34 -1.40065e-30 -7.38873e-35 -1.24651e-32  2.20025e-35  1.26095e-32  3.40018e-37  1.03404e-33 -3.53635e-37  1.39867e-35  1.59933e-38 -1.18042e-36  3.67391e-40 -2.47626e-38
-2.25363e-34  -1.5702e-35  2.33529e-38  1.21761e-34  1.68714e-32 -5.10567e-35 -5.04937e-31 -4.14484e-35  1.17184e-29  1.60035e-34 -2.09618e-28 -9.67664e-36  3.00545e-27 -2.60679e-35 -3.55786e-26  3.36825e-34  3.55123e-25 -4.67957e-35 -3.03515e-24  1.44858e-34  2.24726e-23 -6.58193e-35 -1.45439e-22  6.49982e-35  8.28421e-22 -6.56351e-34 -4.17505e-21  2.19188e-33  1.86912e-20 -9.26395e-33 -7.45438e-20  3.23602e-32  2.65334e-19 -8.21791e-32 -8.43678e-19  6.69186e-32  2.39642e-18  8.12254e-31 -6.07477e-18 -6.65873e-30  1.37148e-17  3.40302e-29 -2.74851e-17 -1.39345e-28  4.86533e-17  4.89586e-28 -7.55323e-17 -1.51936e-27  1.01776e-16  4.22752e-27 -1.17177e-16 -1.06375e-26  1.12388e-16  2.43325e-26 -8.57135e-17 -5.07573e-26   4.6617e-17  9.67296e-26 -1.12632e-17 -1.68547e-25 -7.93574e-18  2.68531e-25  1.01252e-17 -3.90929e-25 -4.07498e-18  5.19365e-25  -9.0406e-19 -6.28475e-25  1.70713e-18  6.90892e-25 -4.74108e-19 -6.87619e-25 -2.92692e-19  6.16804e-25   2.0863e-19 -4.95681e-25  1.94589e-20  3.53909e-25 -4.99981e-20 -2.21736e-25  2.94388e-21  1.19449e-25   9.2436e-21  -5.3192e-26 -1.01919e-21  1.77196e-26 -1.46391e-21 -2.70406e-27  1.28787e-22 -1.63494e-27   1.9894e-22   1.8151e-27 -2.12267e-24 -1.05187e-27 -2.13045e-23  4.42492e-28 -2.01783e-24 -1.37793e-28   1.5208e-24  2.68335e-29  3.39003e-25  5.36695e-31 -4.79976e-26  -2.7288e-30 -2.43139e-26  1.06178e-30 -1.28433e-27 -1.88358e-31  6.90832e-28  1.17022e-34  1.27039e-28  6.32634e-33  2.84502e-31 -7.02572e-34 -2.08708e-30  -1.1577e-34  -2.1099e-31  2.38497e-35 -9.95581e-34  5.83708e-37  9.72549e-34 -2.81478e-37  4.93643e-35   8.1973e-39  4.16236e-37  1.47215e-40
-5.77793e-37  -3.4637e-34 -3.09929e-35 -7.10876e-33  1.43545e-34   3.2335e-31 -7.79905e-35 -8.81733e-30 -3.05828e-35  1.79192e-28  2.40878e-34 -2.86246e-27 -2.60679e-35  3.72519e-26 -2.94861e-35 -4.04875e-25  3.51786e-34   3.7415e-24 -6.12425e-35 -2.97945e-23  1.90811e-34  2.06547e-22 -1.09534e-34 -1.25634e-21  6.87718e-34  6.74568e-21 -4.07032e-33 -3.21202e-20  1.93027e-32  1.36094e-19  -8.5426e-32 -5.14318e-19   3.3047e-31  1.73605e-18 -1.09876e-30 -5.23643e-18  3.00953e-30  1.41076e-17 -5.93927e-30 -3.38987e-17  2.68876e-30  7.24581e-17  4.61477e-29  -1.3722e-16 -2.90705e-28  2.28886e-16  1.19576e-27 -3.33431e-16 -3.98683e-27  4.18932e-16  1.14647e-26 -4.45246e-16 -2.91974e-26  3.87292e-16  6.67482e-26 -2.57975e-16 -1.38012e-25  1.08768e-16  2.59199e-25  3.95109e-19 -4.43191e-25 -4.08361e-17  6.90553e-25  2.93492e-17 -9.80432e-25  -4.8348e-18  1.26722e-24 -6.68177e-18 -1.48853e-24  4.60454e-18   1.5851e-24  4.72222e-20 -1.52504e-24 -1.23923e-18  1.31974e-24  3.26897e-19 -1.02114e-24  2.16681e-19  7.00606e-25 -1.06478e-19 -4.21067e-25 -3.06619e-20  2.17304e-25  2.19658e-20 -9.27035e-26  4.35824e-21   2.9724e-26 -3.40905e-21 -4.57878e-27 -7.03532e-22  -2.2599e-27  3.94007e-22  2.51061e-27  1.09918e-22 -1.41739e-27  -2.9283e-23  5.84657e-28  -1.3034e-23 -1.80739e-28   6.7395e-25   3.5611e-29  9.64206e-25    2.439e-31  9.34002e-26 -3.26778e-30  -3.3474e-26   1.2279e-30 -8.34459e-27 -1.88022e-31 -4.06948e-29 -1.10292e-32  2.07479e-28  8.51453e-33  2.53555e-29 -6.91916e-34 -2.75761e-31 -1.43477e-34 -2.79168e-31  2.15957e-35 -1.95412e-32  7.88514e-37 -1.07867e-34 -1.88764e-37  2.87776e-35  2.97305e-39  5.08875e-37
  7.3192e-36  3.11588e-36  2.60729e-33 -4.74445e-35 -1.77331e-31  1.32913e-34  5.87903e-30 -7.74844e-35 -1.37666e-28 -2.65164e-35  2.47178e-27  3.00506e-34 -3.55786e-26 -2.94861e-35  4.22915e-25 -2.49866e-35 -4.23956e-24  3.48957e-34     3.64e-23 -8.66573e-35 -2.70809e-22  3.04269e-34  1.76153e-21 -7.46665e-34 -1.00875e-20  5.07995e-33  5.11267e-20 -2.82273e-32 -2.30256e-19  1.37722e-31  9.24115e-19 -6.03278e-31 -3.31136e-18   2.3525e-30  1.06039e-17 -8.13536e-30 -3.03473e-17  2.46791e-29  7.75473e-17 -6.40488e-29 -1.76582e-16  1.33441e-28  3.57153e-16 -1.76044e-28 -6.38546e-16 -1.34218e-28  1.00215e-15  1.94156e-27  -1.3667e-15 -8.40222e-27  1.59513e-15   2.6799e-26 -1.55475e-15 -7.14522e-26   1.2104e-15  1.66307e-25  -6.7971e-16 -3.44636e-25  1.82122e-16  6.42364e-25   1.0162e-16 -1.08277e-24 -1.45458e-16  1.65508e-24   6.3869e-17 -2.29646e-24  9.92153e-18  2.89155e-24 -2.50045e-17 -3.29959e-24  8.08198e-18  3.40456e-24   3.9162e-18 -3.16602e-24 -3.29743e-18  2.64178e-24 -1.31257e-19 -1.96616e-24  7.70112e-19  1.29446e-24 -8.37784e-20 -7.44799e-25 -1.40871e-19  3.67246e-25  2.31897e-20 -1.49544e-25  2.24897e-20  4.59051e-26 -3.20567e-21 -7.02446e-27  -3.1545e-21 -2.87308e-27  1.84895e-22  3.18373e-27  3.56993e-22 -1.75443e-27   1.9116e-23   7.1586e-28 -2.77838e-23 -2.22829e-28 -4.94253e-24  4.50904e-29  1.07752e-24 -2.54679e-31  4.12086e-25 -3.80043e-30  9.61471e-27  1.38696e-30 -1.36409e-26 -1.81181e-31 -2.07613e-27 -2.26136e-32  5.15672e-29   1.0196e-32  4.11316e-29 -6.18068e-34   3.4952e-30 -1.50312e-34 -4.01049e-32  1.62823e-35 -2.02547e-32  8.41454e-37 -8.78955e-34 -1.03475e-37 -4.46364e-36  6.31955e-40
-4.12858e-36 -1.05426e-33  1.15195e-35  8.31859e-32 -6.29084e-35 -3.44565e-30  9.03885e-35   9.4695e-29  -4.9828e-35 -1.93206e-27 -2.87607e-35  3.09835e-26  3.36825e-34 -4.04875e-25 -2.49866e-35   4.4195e-24 -2.03521e-35 -4.10277e-23  3.36728e-34  3.28288e-22 -1.83772e-34 -2.28739e-21  9.88086e-34  1.39878e-20 -5.44879e-33 -7.55303e-20  3.37088e-32  3.61794e-19 -1.79979e-31 -1.54262e-18  8.55281e-31  5.86879e-18  -3.6465e-30 -1.99502e-17  1.39635e-29  6.06287e-17 -4.80139e-29 -1.64651e-16  1.47712e-28  3.99018e-16 -4.03007e-28 -8.60717e-16  9.56961e-28  1.64612e-15 -1.89422e-27 -2.77528e-15  2.74853e-27  4.09068e-15  -1.1051e-27 -5.20762e-15   -1.045e-26  5.61918e-15  4.95822e-26 -4.97875e-15 -1.50986e-25  3.40127e-15  3.71382e-25 -1.50521e-15 -7.86177e-25  6.14713e-17   1.4701e-24  5.17637e-16 -2.45903e-24 -4.01953e-16  3.70285e-24  8.20035e-17 -5.03451e-24  8.39609e-17   6.1858e-24 -6.54262e-17 -6.86379e-24  2.63317e-18  6.86491e-24  1.67645e-17 -6.16981e-24 -5.37052e-18   4.9612e-24 -2.75503e-18 -3.54801e-24  1.65217e-18    2.238e-24   3.5527e-19 -1.23006e-24 -3.38681e-19  5.77711e-25 -4.70536e-20  -2.2358e-25  5.36067e-20  6.52978e-26  8.02354e-21 -9.78835e-27 -6.50333e-21 -3.33426e-27 -1.41337e-21  3.67277e-27  5.35856e-22 -1.98373e-27  1.87303e-22  8.12823e-28 -1.95096e-23 -2.60361e-28 -1.53947e-23  5.52241e-29 -9.71878e-25  -1.0604e-30  6.20815e-25 -4.30037e-30  1.25651e-25  1.53334e-30 -3.44918e-27 -1.69275e-31  -3.7085e-27 -3.31033e-32 -3.73621e-28  1.10866e-32  1.41282e-29 -4.96188e-34  5.12822e-30 -1.36298e-34  3.02139e-31  9.91693e-36 -1.51582e-33  7.12703e-37 -5.76289e-34 -4.34993e-38 -8.68684e-36
  1.4856e-34 -1.23146e-35 -3.27747e-32  2.04335e-35  1.75569e-30 -7.65707e-35 -5.79893e-29  2.97959e-35  1.36314e-27 -4.41359e-36 -2.45708e-26 -3.59399e-35  3.55123e-25  3.51786e-34 -4.23956e-24 -2.03521e-35  4.26942e-23 -2.42287e-35 -3.68331e-22    3.593e-34  2.75423e-21 -7.70464e-34 -1.80116e-20  5.47829e-33  1.03728e-19 -3.51442e-32 -5.28868e-19  2.04097e-31  2.39688e-18 -1.04423e-30 -9.68396e-18  4.77827e-30   3.4946e-17 -1.96814e-29 -1.12747e-16  7.32015e-29  3.25247e-16 -2.46152e-28 -8.38187e-16  7.47629e-28  1.92601e-15 -2.04328e-27 -3.93364e-15  4.98397e-27  7.10738e-15 -1.06729e-26 -1.12836e-14  1.93628e-26  1.55856e-14 -2.70222e-26 -1.84552e-14  1.77813e-26  1.82968e-14  4.87006e-26 -1.45564e-14 -2.52425e-25   8.4501e-15  7.21784e-25 -2.49659e-15 -1.62011e-24 -1.07378e-15  3.09462e-24  1.77331e-15 -5.18748e-24 -8.51166e-16  7.73973e-24 -7.74653e-17 -1.03479e-23  3.10016e-16  1.24331e-23 -1.16161e-16 -1.34308e-23 -4.30237e-17  1.30273e-23  4.41678e-17 -1.13146e-23 -6.72157e-19  8.76253e-24 -1.00117e-17 -6.01486e-24  1.64851e-18  3.62885e-24  1.80196e-18 -1.90055e-24 -4.12842e-19  8.47177e-25 -2.88994e-19 -3.09957e-25   6.0337e-20  8.54409e-26  4.18751e-20 -1.23683e-26 -4.83275e-21 -3.47599e-27 -5.02339e-21  3.78857e-27 -4.10609e-23 -2.02153e-27  4.26029e-22   8.5401e-28  5.73391e-23 -2.90592e-28 -1.95357e-23  6.60742e-29 -5.82413e-24 -2.25408e-30  6.90084e-26 -4.73588e-30  2.25139e-25  1.65559e-30  2.78014e-26 -1.52716e-31 -1.72784e-27 -4.12429e-32 -6.79125e-28  1.10535e-32 -4.71773e-29 -3.51146e-34   1.6318e-30 -1.07399e-34  3.52839e-31  4.45038e-36  1.29549e-32  4.72269e-37  9.71995e-36 -1.19784e-38
 3.06252e-36  9.75065e-33 -2.22401e-35 -7.64149e-31  2.23273e-35  3.13512e-29 -8.75528e-35 -8.64375e-28 -2.98298e-35  1.77046e-26   4.7755e-35 -2.85087e-25 -4.67957e-35   3.7415e-24  3.48957e-34 -4.10277e-23 -2.42287e-35  3.82711e-22 -5.39428e-35 -3.07787e-21  6.95598e-34  2.15604e-20 -4.46327e-33 -1.32592e-19  3.28398e-32   7.2024e-19 -2.06505e-31 -3.47177e-18  1.13891e-30  1.49018e-17 -5.57218e-30 -5.70935e-17  2.44587e-29  1.95536e-16 -9.69343e-29 -5.98964e-16  3.48183e-28   1.6404e-15 -1.13577e-27 -4.01136e-15  3.36548e-27  8.73682e-15 -9.04432e-27 -1.68841e-14  2.19509e-26  2.87895e-14 -4.77169e-26 -4.29656e-14  9.14278e-26   5.5463e-14 -1.49291e-25 -6.08124e-14  1.90253e-25  5.49398e-14 -1.26338e-25 -3.85386e-14 -2.20288e-25  1.79112e-14  1.13043e-24 -1.52689e-15 -2.94573e-24 -5.57895e-15  5.94335e-24  4.72088e-15 -1.01413e-23 -1.15973e-15  1.51162e-23 -8.87576e-16 -1.99666e-23  7.95728e-16  2.35226e-23 -7.37168e-17 -2.47735e-23 -1.92587e-16  2.33174e-23  7.45274e-17   -1.957e-23  2.90356e-17  1.45875e-23 -2.18242e-17 -9.59967e-24 -3.17919e-18   5.5293e-24  4.44239e-18 -2.75192e-24  3.53294e-19  1.15933e-24 -7.15875e-19  -3.9826e-25 -6.66679e-20  1.02443e-25  9.08812e-20 -1.40489e-26  1.44799e-20 -3.14738e-27 -8.19005e-21  3.35762e-27 -2.23595e-21 -1.79861e-27  3.89102e-22  8.24086e-28  2.07417e-22 -3.11911e-28  5.30502e-24  7.75888e-29 -9.65701e-24  -3.8401e-30 -1.56701e-24 -5.07155e-30  1.11199e-25  1.73659e-30  5.59384e-26 -1.31052e-31  4.46461e-27 -4.62213e-32 -3.51402e-28  1.01452e-32 -7.95116e-29 -2.10962e-34 -3.82453e-30 -7.27503e-35  7.76072e-32  9.72631e-37  9.69871e-33  2.33196e-37  1.24319e-34
 -1.9208e-33  8.63674e-36  2.74704e-31 -2.84573e-35 -1.47803e-29  1.09726e-35  4.89571e-28 -9.40381e-35 -1.15527e-26 -7.28868e-35  2.09094e-25   9.8827e-35 -3.03515e-24 -6.12425e-35     3.64e-23  3.36728e-34 -3.68331e-22 -5.39428e-35  3.19381e-21 -2.03309e-34 -2.40101e-20  3.04653e-33  1.57905e-19 -2.64376e-32 -9.14803e-19  1.87502e-31  4.69365e-18 -1.12534e-30  -2.1414e-17  5.90946e-30  8.71282e-17 -2.76156e-29 -3.16766e-16  1.16053e-28   1.0301e-15 -4.41426e-28 -2.99667e-15    1.526e-27  7.79215e-15 -4.80617e-27 -1.80774e-14  1.38046e-26  3.73034e-14 -3.61414e-26  -6.8156e-14  8.60503e-26  1.09529e-13 -1.85425e-25 -1.53342e-13  3.58393e-25  1.84369e-13 -6.10912e-25   -1.861e-13  8.86517e-25  1.51466e-13 -9.98192e-25 -9.09951e-14  5.59541e-25  2.94925e-14  1.02891e-24  9.35833e-15  -4.4633e-24 -1.86192e-14  1.02463e-23  9.79481e-15 -1.82833e-23  2.77838e-16   2.7564e-23 -3.29896e-15 -3.61989e-23  1.43138e-15  4.19579e-23  3.85993e-16 -4.31579e-23 -5.08663e-16  3.94453e-23  3.70258e-17 -3.19887e-23  1.11258e-16  2.29343e-23 -2.54647e-17 -1.44507e-23 -1.95437e-17  7.93091e-24   6.0355e-18 -3.73972e-24  3.13178e-18  1.48154e-24 -9.18926e-19 -4.73483e-25 -4.69484e-19  1.11612e-25  8.74012e-20 -1.40079e-26   6.0016e-20 -2.27647e-27  -2.6482e-21  2.27316e-27 -5.55956e-21 -1.27804e-27 -5.05462e-22  7.16657e-28   2.9501e-22 -3.23474e-28   6.9087e-23  8.93482e-29 -3.91632e-24 -5.70836e-30 -3.15337e-24 -5.27301e-30 -3.02357e-25  1.75762e-30  3.62701e-26  -1.0399e-31  9.52151e-27 -4.76969e-32  5.10848e-28  8.57012e-33 -3.70057e-29 -9.82603e-35 -5.21886e-30 -4.11685e-35 -1.57927e-31 -4.97057e-37  8.50798e-34  7.45226e-38
-2.32538e-37 -7.70888e-32   1.5505e-35  5.96116e-30 -2.66312e-35 -2.45497e-28 -1.47896e-35  6.79449e-27 -9.36539e-35  -1.3974e-25  -9.1441e-35  2.25989e-24  1.44858e-34 -2.97945e-23 -8.66573e-35  3.28288e-22    3.593e-34 -3.07787e-21 -2.03309e-34  2.48858e-20 -1.05347e-33 -1.75311e-19  1.71625e-32  1.08457e-18 -1.48956e-31 -5.92853e-18  1.00527e-30  2.87678e-17 -5.73997e-30  -1.2435e-16   2.8713e-29  4.79982e-16 -1.28066e-28 -1.65688e-15  5.14615e-28  5.11804e-15 -1.87536e-27 -1.41425e-14  6.22475e-27  3.49142e-14 -1.88707e-26 -7.68245e-14  5.23242e-26  1.50108e-13 -1.32722e-25 -2.59034e-13  3.07599e-25    3.917e-13  -6.4941e-25 -5.13122e-13  1.24188e-24  5.72208e-13 -2.12931e-24 -5.27645e-13  3.21138e-24  3.80484e-13 -4.09119e-24  -1.8579e-13  3.93854e-24  2.40686e-14 -1.49584e-24  5.16731e-14 -4.62502e-24 -4.81758e-14  1.53041e-23  1.39737e-14 -3.01173e-23  7.93281e-15  4.68316e-23 -8.38939e-15  -6.1692e-23   1.2387e-15  7.06613e-23  1.89699e-15 -7.11361e-23  -8.8766e-16  6.31838e-23 -2.51936e-16 -4.95051e-23  2.48595e-16  3.41112e-23  1.93532e-17  -2.0551e-23 -5.01639e-17  1.07253e-23 -9.19901e-19 -4.77639e-24  8.21354e-18  1.76901e-24  2.84574e-19 -5.19164e-25  -1.0888e-18  1.08577e-25 -1.11365e-19 -1.14651e-26  1.06413e-19 -9.33342e-28  2.20608e-20  5.37767e-28 -6.10105e-21  -4.6633e-28  -2.3759e-21  5.34822e-28  4.43967e-23 -3.24667e-28  1.27895e-22  1.00442e-28  1.60526e-23  -7.6382e-30 -2.18861e-24  -5.3138e-30 -7.19857e-25  1.70505e-30 -4.18334e-26 -7.25741e-32  6.39883e-27 -4.57605e-32  1.05189e-27  6.63578e-33  3.87648e-29 -2.40668e-35 -1.78573e-30 -1.82882e-35 -1.39145e-31  -6.5405e-37 -1.49115e-33
 1.47025e-32  1.57856e-36 -1.99421e-30  2.13529e-35  1.07607e-28 -1.65438e-35 -3.57815e-27 -5.09308e-35  8.47816e-26 -8.45328e-35 -1.54112e-24 -8.52388e-35  2.24726e-23  1.90811e-34 -2.70809e-22 -1.83772e-34  2.75423e-21  6.95598e-34 -2.40101e-20 -1.05347e-33  1.81522e-19 -5.95433e-33 -1.20093e-18  9.55677e-32  7.00132e-18 -7.91337e-31 -3.61616e-17  5.07478e-30  1.66144e-16 -2.75673e-29 -6.81039e-16  1.31368e-28  2.49557e-15 -5.58952e-28 -8.18353e-15  2.14572e-27   2.4019e-14 -7.48175e-27 -6.30504e-14  2.38025e-26  1.47764e-13 -6.92986e-26 -3.08255e-13  1.84957e-25  5.69883e-13  -4.5284e-25 -9.27688e-13  1.01655e-24  1.31742e-12 -2.08834e-24 -1.60974e-12  3.91101e-24  1.65592e-12 -6.63152e-24 -1.38029e-12  1.00574e-23  8.59065e-13 -1.33318e-23  -3.0403e-13  1.46819e-23 -6.58947e-14 -1.15133e-23  1.70188e-13  1.12124e-24 -9.84674e-14  1.79688e-23  3.26517e-15 -4.45128e-23  3.04138e-14  7.38466e-23 -1.53124e-14 -9.88355e-23 -2.73422e-15  1.12501e-22  5.08875e-15 -1.11125e-22 -6.83285e-16  9.59992e-23 -1.06502e-15  -7.2654e-23  3.25166e-16  4.80687e-23  1.80304e-16 -2.76502e-23 -7.44811e-17  1.36946e-23 -2.86101e-17 -5.74201e-24  1.17203e-17   1.9749e-24  4.44895e-18 -5.22165e-25 -1.24866e-18  9.06174e-26 -6.11672e-19 -5.83595e-27  6.60498e-20  6.35012e-28  6.22808e-20  -1.7188e-27  2.76815e-21  5.85094e-28 -3.78286e-21  2.90044e-28 -6.85071e-22  -3.1482e-28  8.17741e-23  1.09581e-28  3.78389e-23 -9.34858e-30  2.55775e-24 -5.18226e-30 -5.86204e-25  1.57641e-30 -1.14219e-25 -3.96928e-32 -4.15964e-27 -4.08961e-32  6.31257e-28   4.6699e-33  6.61479e-29   1.3089e-35  1.55963e-30 -5.41084e-36 -2.40848e-32 -3.25017e-37
 7.19931e-37  5.22401e-31  6.96632e-36 -4.04419e-29  2.46734e-35  1.67192e-27 -1.88398e-36 -4.64623e-26 -9.11023e-35  9.59705e-25 -6.59413e-35 -1.55914e-23 -6.58193e-35  2.06547e-22  3.04269e-34 -2.28739e-21 -7.70464e-34  2.15604e-20  3.04653e-33 -1.75311e-19 -5.95433e-33  1.24238e-18 -3.29434e-32  -7.7345e-18  5.05097e-31  4.25604e-17 -3.97241e-30 -2.07976e-16    2.422e-29  9.05682e-16 -1.25217e-28 -3.52344e-15  5.68446e-28  1.22646e-14 -2.30646e-27 -3.82216e-14  8.45274e-27  1.06617e-13 -2.81718e-26 -2.65873e-13  8.57857e-26   5.9137e-13 -2.39428e-25 -1.16901e-12   6.1372e-25  2.04298e-12 -1.44628e-24 -3.13254e-12  3.13354e-24   4.1678e-12   -6.235e-24 -4.73137e-12  1.13633e-23  4.45781e-12 -1.88761e-23 -3.30819e-12  2.83356e-23  1.69775e-12 -3.78546e-23 -2.94965e-13  4.36847e-23 -4.13804e-13 -4.05913e-23   4.3137e-13  2.34612e-23 -1.45697e-13  1.00146e-23 -5.96664e-14 -5.67112e-23  7.73863e-14  1.07312e-22 -1.59642e-14 -1.48777e-22  -1.6094e-14  1.69543e-22  9.18204e-15 -1.64801e-22  1.74127e-15  1.38579e-22 -2.46427e-15 -1.01265e-22 -2.32743e-17  6.42566e-23  4.91524e-16 -3.52355e-23 -2.31092e-17  1.65322e-23  -8.1564e-17 -6.50946e-24   2.3211e-18  2.06455e-24  1.12743e-17 -4.77659e-25  4.88894e-19  5.77421e-26 -1.18936e-18   3.1332e-27 -1.74927e-19  2.02746e-27   7.9148e-20 -4.25538e-27  2.31468e-20  1.78768e-27 -1.73337e-21  2.56739e-31 -1.45584e-21 -2.93444e-28 -1.30208e-22   1.1542e-28  3.30747e-23 -1.05745e-29  7.94545e-24  -4.8859e-30  2.70037e-25    1.383e-30  -9.3918e-26 -9.53292e-33 -1.19338e-26 -3.39369e-32 -2.89666e-28  2.94622e-33  3.00278e-29  2.31975e-35  1.71692e-30 -3.40085e-37    1.479e-32
-9.28743e-32  1.23773e-36  1.26315e-29  1.63858e-35 -6.84156e-28  2.53782e-35  2.28427e-26  1.21752e-35 -5.43582e-25 -1.29775e-34  9.92605e-24 -3.38651e-35 -1.45439e-22 -1.09534e-34  1.76153e-21  9.88086e-34 -1.80116e-20 -4.46327e-33  1.57905e-19  1.71625e-32 -1.20093e-18 -3.29434e-32  7.99531e-18 -1.73565e-31 -4.69225e-17  2.52867e-30  2.44059e-16 -1.89032e-29 -1.12967e-15  1.09658e-28  4.66711e-15 -5.39761e-28 -1.72448e-14  2.33444e-27  5.70509e-14 -9.03057e-27 -1.69026e-13  3.15794e-26  4.48161e-13 -1.00523e-25 -1.06161e-12  2.92657e-25  2.24032e-12 -7.81868e-25  -4.1937e-12  1.92116e-24  6.92025e-12 -4.34751e-24 -9.97661e-12  9.06546e-24  1.23995e-11 -1.74104e-23  -1.3012e-11  3.07429e-23  1.11204e-11 -4.97325e-23 -7.17732e-12  7.32327e-23  2.76216e-12 -9.70671e-23  3.48173e-13  1.13476e-22 -1.36449e-12 -1.12229e-22  8.72515e-13  8.40522e-23 -8.22005e-14 -2.57278e-23 -2.44281e-13 -5.55465e-23  1.43569e-13  1.41854e-22  1.34971e-14  -2.1019e-22 -4.45333e-14  2.42168e-22  8.97901e-15 -2.32424e-22  8.80673e-15  1.90368e-22 -3.52834e-15 -1.34213e-22 -1.40698e-15  8.15567e-23  7.89453e-16 -4.25623e-23  2.17378e-16  1.88938e-23 -1.27752e-16 -6.97812e-24 -3.52494e-17  2.02892e-24  1.48219e-17 -3.92405e-25  5.30361e-18  1.31554e-26 -1.01972e-18  1.52476e-26 -6.01161e-19  2.78073e-27  4.95492e-21 -6.76547e-27  4.16891e-20  3.02992e-27  5.55398e-21 -3.12139e-28 -1.22335e-21 -2.60843e-28 -3.90641e-22  1.16965e-28 -1.42248e-23 -1.11377e-29   7.7873e-24 -4.45131e-30  1.17411e-24  1.14775e-30    1.888e-26  1.37815e-32 -8.78028e-27 -2.59649e-32 -7.21033e-28  1.63171e-33 -1.16087e-29  1.88516e-35  4.27242e-31  5.15175e-37
-1.86912e-37 -3.09403e-30  1.23066e-36  2.40444e-28  2.84934e-35 -9.98085e-27  2.45444e-35  2.78564e-25  2.09905e-35 -5.78014e-24 -1.65659e-34  9.43562e-23  6.49982e-35 -1.25634e-21 -7.46665e-34  1.39878e-20  5.47829e-33 -1.32592e-19 -2.64376e-32  1.08457e-18  9.55677e-32  -7.7345e-18 -1.73565e-31  4.84722e-17 -8.67804e-31 -2.68603e-16    1.202e-29  1.32232e-15 -8.55059e-29 -5.80371e-15  4.72247e-28  2.27669e-14 -2.21387e-27  -7.9949e-14  9.12311e-27  2.51497e-13 -3.36445e-26 -7.08559e-13   1.1223e-25  1.78586e-12 -3.41003e-25 -4.01779e-12  9.48338e-25  8.04066e-12 -2.42221e-24  -1.4241e-11  5.69597e-24   2.2159e-11 -1.23526e-23 -2.99694e-11  2.47291e-23  3.46673e-11 -4.57074e-23 -3.34089e-11  7.79275e-23  2.55441e-11 -1.22243e-22 -1.37809e-11  1.75566e-22  3.00234e-12 -2.28835e-22  2.86858e-12  2.66546e-22 -3.41391e-12 -2.69555e-22  1.32984e-12  2.21924e-22  3.69574e-13 -1.20103e-22 -6.28644e-13 -2.03453e-23  1.69744e-13  1.66172e-22  1.17437e-13 -2.78173e-22 -8.32083e-14  3.28335e-22 -8.53557e-15 -3.12326e-22  2.13883e-14  2.49255e-22 -1.32687e-15 -1.69325e-22 -4.19705e-15  9.83337e-23  5.03339e-16 -4.87509e-23  7.03381e-16  2.04686e-23 -7.04346e-17 -7.10493e-24 -1.01313e-16  1.89178e-24  2.12931e-18 -2.84753e-25  1.15186e-17 -3.70769e-26  1.01378e-18  2.97604e-26 -8.71633e-19  2.50997e-27 -1.89907e-19 -8.93859e-27  2.92517e-20  4.19397e-27  1.43078e-20 -6.22274e-28  7.33271e-22 -2.18742e-28 -4.11001e-22   1.1387e-28 -7.51408e-23 -1.09838e-29 -3.57918e-25 -3.91889e-30  1.15603e-24  8.99123e-31  1.15924e-25  2.76664e-32  1.03051e-27 -1.81229e-32 -4.08656e-28  7.67984e-34 -1.82831e-29  1.04056e-35 -1.15711e-31
