 6.43174e-05 -1.62617e-19  0.000516105 -5.87404e-19    0.0015695 -1.16459e-18   0.00276249 -1.50634e-18   0.00319934 -1.35101e-18   0.00256747 -8.59131e-19   0.00144801  -3.8555e-19  0.000565118 -1.17984e-19  0.000144728 -2.26366e-20  2.13643e-05 -2.19095e-21   1.1885e-06
-1.62617e-19  0.000743423 -9.86729e-19   0.00333258  -2.5532e-18   0.00754383 -4.07991e-18    0.0106933 -4.42392e-18    0.0102955 -3.37844e-18   0.00694334 -1.83103e-18   0.00327779 -6.91168e-19   0.00104893 -1.71995e-19  0.000209485 -2.47572e-20  2.10252e-05 -1.34677e-21
 0.000516105 -9.86729e-19   0.00416358 -3.57174e-18    0.0127271 -7.19048e-18    0.0225135 -9.49485e-18    0.0262008 -8.70936e-18    0.0211262 -5.66506e-18    0.0119703 -2.59857e-18   0.00469301 -8.11928e-19   0.00120728 -1.58865e-19  0.000179003 -1.56618e-20  1.00014e-05
-5.87404e-19   0.00333258 -3.57174e-18    0.0150163 -9.37305e-18     0.034162 -1.52521e-17    0.0486596  -1.6858e-17    0.0470718 -1.31193e-17    0.0318924  -7.2394e-18     0.015124 -2.77921e-18   0.00486139 -7.02573e-19  0.000975145 -1.02624e-19  9.82952e-05 -5.65952e-21
   0.0015695  -2.5532e-18    0.0127271 -9.37305e-18    0.0390987 -1.91776e-17    0.0694986 -2.57319e-17    0.0812634 -2.39679e-17    0.0658267  -1.5817e-17    0.0374663 -7.35369e-18    0.0147539 -2.32666e-18     0.003812 -4.60596e-19  0.000567632  -4.5907e-20  3.18499e-05
-1.16459e-18   0.00754383 -7.19048e-18     0.034162 -1.91776e-17    0.0780951 -3.16523e-17     0.111762 -3.54368e-17     0.108612 -2.79065e-17    0.0739185 -1.55693e-17    0.0352081 -6.03845e-18    0.0113662 -1.54116e-18   0.00228968 -2.27147e-19  0.000231773 -1.26336e-20
  0.00276249 -4.07991e-18    0.0225135 -1.52521e-17    0.0694986 -3.16523e-17     0.124117 -4.29648e-17     0.145794 -4.04317e-17     0.118629 -2.69325e-17    0.0678163 -1.26306e-17    0.0268207 -4.02886e-18   0.00695915 -8.03713e-19    0.0010406 -8.06914e-20  5.86298e-05
-1.50634e-18    0.0106933 -9.49485e-18    0.0486596 -2.57319e-17     0.111762 -4.29648e-17     0.160676 -4.85609e-17     0.156847 -3.85646e-17     0.107214 -2.16817e-17    0.0512865 -8.46975e-18    0.0166268 -2.17642e-18   0.00336335 -3.22862e-19  0.000341856 -1.80691e-20
  0.00319934 -4.42392e-18    0.0262008  -1.6858e-17    0.0812634 -3.54368e-17     0.145794 -4.85609e-17     0.172024 -4.60637e-17     0.140584 -3.09037e-17    0.0807118 -1.45888e-17    0.0320553 -4.68241e-18   0.00835185 -9.39634e-19   0.00125396 -9.48763e-20   7.0937e-05
-1.35101e-18    0.0102955 -8.70936e-18    0.0470718 -2.39679e-17     0.108612 -4.04317e-17     0.156847 -4.60637e-17     0.153779 -3.68337e-17     0.105567 -2.08379e-17    0.0507108  -8.1876e-18    0.0165081 -2.11559e-18   0.00335296 -3.15512e-19  0.000342172  -1.7749e-20
  0.00256747 -3.37844e-18    0.0211262 -1.31193e-17    0.0658267 -2.79065e-17     0.118629 -3.85646e-17     0.140584 -3.68337e-17     0.115382 -2.48616e-17    0.0665207 -1.18021e-17    0.0265281 -3.80802e-18   0.00693986 -7.68045e-19   0.00104614 -7.79316e-20  5.94154e-05
-8.59131e-19   0.00694334 -5.66506e-18    0.0318924  -1.5817e-17    0.0739185 -2.69325e-17     0.107214 -3.09037e-17     0.105567 -2.48616e-17    0.0727737  -1.4142e-17    0.0351021 -5.58514e-18    0.0114733 -1.45021e-18   0.00233965 -2.17302e-19  0.000239707 -1.22805e-20
  0.00144801 -1.83103e-18    0.0119703  -7.2394e-18    0.0374663 -1.55693e-17    0.0678163 -2.16817e-17    0.0807118 -2.08379e-17    0.0665207  -1.4142e-17    0.0385088 -6.74727e-18    0.0154193 -2.18747e-18   0.00404984 -4.43226e-19  0.000612896 -4.51746e-20   3.4945e-05
 -3.8555e-19   0.00327779 -2.59857e-18     0.015124 -7.35369e-18    0.0352081 -1.26306e-17    0.0512865 -1.45888e-17    0.0507108 -1.18021e-17    0.0351021 -6.74727e-18    0.0169999 -2.67732e-18   0.00557862 -6.98328e-19   0.00114207 -1.05099e-19  0.000117465 -5.96507e-21
 0.000565118 -6.91168e-19   0.00469301 -2.77921e-18    0.0147539 -6.03845e-18    0.0268207 -8.46975e-18    0.0320553  -8.1876e-18    0.0265281 -5.58514e-18    0.0154193 -2.67732e-18   0.00619863 -8.71889e-19   0.00163445  -1.7743e-19  0.000248314 -1.81607e-20  1.42123e-05
-1.17984e-19   0.00104893 -8.11928e-19   0.00486139 -2.32666e-18    0.0113662 -4.02886e-18    0.0166268 -4.68241e-18    0.0165081 -3.80802e-18    0.0114733 -2.18747e-18   0.00557862 -8.71889e-19   0.00183785 -2.28398e-19  0.000377708 -3.45186e-20  3.89972e-05 -1.96722e-21
 0.000144728 -1.71995e-19   0.00120728 -7.02573e-19     0.003812 -1.54116e-18   0.00695915 -2.17642e-18   0.00835185 -2.11559e-18   0.00693986 -1.45021e-18   0.00404984 -6.98328e-19   0.00163445 -2.28398e-19   0.00043264 -4.66736e-20  6.59807e-05 -4.79678e-21  3.79074e-06
-2.26366e-20  0.000209485 -1.58865e-19  0.000975145 -4.60596e-19   0.00228968 -8.03713e-19   0.00336335 -9.39634e-19   0.00335296 -7.68045e-19   0.00233965 -4.43226e-19   0.00114207  -1.7743e-19  0.000377708 -4.66736e-20  7.79226e-05  -7.0827e-21  8.07574e-06  -4.0526e-22
 2.13643e-05 -2.47572e-20  0.000179003 -1.02624e-19  0.000567632 -2.27147e-19    0.0010406 -3.22862e-19   0.00125396 -3.15512e-19   0.00104614 -2.17302e-19  0.000612896 -1.05099e-19  0.000248314 -3.45186e-20  6.59807e-05  -7.0827e-21  1.01006e-05 -7.30814e-22  5.82482e-07
-2.19095e-21  2.10252e-05 -1.56618e-20  9.82952e-05  -4.5907e-20  0.000231773 -8.06914e-20  0.000341856 -9.48763e-20  0.000342172 -7.79316e-20  0.000239707 -4.51746e-20  0.000117465 -1.81607e-20  3.89972e-05 -4.79678e-21  8.07574e-06 -7.30814e-22  8.40093e-07 -4.19799e-23
  1.1885e-06 -1.34677e-21  1.00014e-05 -5.65952e-21  3.18499e-05 -1.26336e-20  5.86298e-05 -1.80691e-20   7.0937e-05  -1.7749e-20  5.94154e-05 -1.22805e-20   3.4945e-05 -5.96507e-21  1.42123e-05 -1.96722e-21  3.79074e-06  -4.0526e-22  5.82482e-07 -4.19799e-23  3.37154e-08
