 2.01038e-34  2.29238e-38 -7.93561e-35 -9.85831e-38   -2.317e-34  2.42666e-37  8.88864e-35 -5.98377e-37  -1.2563e-34 -9.05406e-37  2.93934e-36 -2.16148e-37  2.86129e-35 -1.39957e-36 -9.50381e-36  5.16556e-37 -1.59254e-35 -9.19371e-38 -5.79691e-36 -2.65037e-37  3.40386e-36 -1.52449e-37  2.32933e-36 -1.23186e-37   2.4782e-37  8.14445e-38 -5.42217e-38  2.95489e-38 -5.88441e-37  5.86227e-38  1.11782e-36 -1.54595e-38 -2.94527e-37 -1.75094e-38  -8.6367e-38 -2.97372e-39 -5.76338e-38 -4.97378e-39  -3.3677e-38  5.25035e-40 -2.73937e-39 -5.21857e-40  7.21169e-39 -1.33778e-40 -3.14017e-39  1.84759e-40  1.10097e-39 -7.95247e-41  1.60786e-40 -5.37619e-41  6.79067e-40  6.80735e-41   2.5433e-40  -2.5896e-41 -3.45971e-41  6.76916e-42  2.63187e-43 -1.73092e-42  5.94839e-42  -2.1366e-42 -7.31784e-42  1.18884e-42 -2.41685e-43 -2.35681e-43  1.52646e-42  5.52579e-44   1.3179e-43  9.31308e-44 -3.50574e-43 -2.32958e-44 -1.46073e-43   1.9139e-44  2.66078e-43 -1.55513e-44 -5.64241e-43   2.9705e-44  1.07828e-42 -6.78977e-44 -1.95525e-42  1.44308e-43  3.27661e-42  -2.8736e-43 -4.95907e-42  5.30999e-43  6.71087e-42 -9.11715e-43 -8.02934e-42  1.45047e-42  8.37555e-42 -2.13235e-42 -7.46953e-42  2.88743e-42  5.52941e-42 -3.58813e-42 -3.22867e-42  4.07437e-42  1.33017e-42 -4.20637e-42 -2.50638e-43  3.92491e-42 -9.40661e-44 -3.28661e-42  7.01603e-44  2.44859e-42  9.15407e-45 -1.60578e-42 -3.28258e-44  9.14328e-43  2.07877e-44 -4.43843e-43 -7.68831e-45  1.78981e-43  2.22298e-45 -5.75784e-44 -6.66606e-46  1.37137e-44  1.88504e-46 -1.99005e-45 -3.61791e-47  1.14889e-47  3.87996e-48  6.50994e-47 -2.18183e-49 -1.27186e-47  7.20144e-51   7.3051e-49
 2.29238e-38   7.8151e-34  8.05969e-38 -3.40057e-34 -1.91538e-37 -2.60652e-34  2.74257e-37   2.3734e-34 -1.58053e-36 -2.08412e-34 -2.02684e-36 -1.00054e-35 -1.40441e-36  4.37527e-35 -2.01118e-36   4.9706e-36  8.16144e-37 -3.98102e-35  8.03035e-38 -1.92461e-35 -8.21746e-37  8.85598e-36  -2.3999e-37  5.59972e-36 -3.91342e-37  1.47442e-36  2.61985e-37 -3.84465e-37  8.43174e-38 -2.36065e-36  1.53577e-37  3.37263e-36  -5.2493e-38 -9.38225e-37 -5.38232e-38 -2.42502e-37 -1.22691e-38 -1.16248e-37 -1.29299e-38 -1.43385e-37 -3.77278e-40  1.61867e-38 -5.38368e-40  1.93281e-38 -7.28283e-40 -8.99343e-39  8.62724e-40  2.56161e-39 -3.24327e-40  7.74089e-40 -1.94594e-40  2.77098e-39  1.87176e-40  9.17782e-40 -7.44652e-41 -1.24738e-40  1.90502e-41 -5.03148e-41  -3.3681e-42    3.082e-41 -7.06007e-42 -3.08061e-41  4.37282e-42  4.93945e-42 -7.86121e-43  3.62212e-42  1.74729e-43 -3.04647e-44  3.59433e-43  8.14311e-44 -1.43316e-43 -3.29126e-42  1.61792e-43  7.27206e-42  -2.7748e-43 -1.53395e-41  6.18049e-43  2.94517e-41 -1.36089e-42 -5.18063e-41  2.78929e-42  8.25794e-41  -5.3386e-42 -1.18143e-40  9.50048e-42  1.50229e-40 -1.56969e-41 -1.67692e-40  2.40166e-41  1.61575e-40 -3.39299e-41 -1.31117e-40  4.41154e-41  8.60848e-41 -5.25866e-41 -4.22386e-41  5.72164e-41  1.22519e-41 -5.65323e-41  8.72271e-43   5.0418e-41 -2.72596e-42 -4.02982e-41  9.08106e-43  2.86198e-41  3.18634e-43 -1.78714e-41 -4.22691e-43  9.68372e-42  1.87453e-43 -4.47627e-42 -5.00263e-44  1.72505e-42  1.26446e-44 -5.36266e-43 -4.16965e-45   1.2767e-43  1.06817e-45 -2.11344e-44 -1.37436e-46  1.88018e-45  4.91306e-48  2.78928e-47   4.5715e-49 -1.98114e-47 -3.55116e-50
-7.93561e-35  8.05969e-38  1.69021e-33  5.66654e-38 -7.43671e-34  2.05053e-37 -1.22741e-34 -5.04435e-37  3.29628e-34 -2.95538e-36 -1.98277e-34 -2.84753e-36 -7.89674e-36 -4.24496e-36   3.6299e-35 -1.71004e-36  4.19314e-35  1.74726e-36 -7.26899e-35  6.58242e-38 -3.38296e-35 -1.42229e-36  1.23174e-35  1.64152e-37  9.64438e-36 -8.56744e-37  4.87741e-36  6.31827e-37 -6.85431e-37   1.8227e-37 -5.62626e-36  2.88382e-37  6.89923e-36 -1.10651e-37 -1.91541e-36 -1.17931e-37  -5.2986e-37 -2.86678e-38 -5.99647e-38 -2.33686e-38 -4.09986e-37 -5.81958e-39  9.85759e-38  1.19529e-39  3.73756e-38 -1.97296e-39 -1.70441e-38  2.52138e-39  4.52491e-39 -8.42278e-40  1.96224e-39 -5.10233e-40  7.82886e-39  3.62847e-40  2.50578e-39  -1.5005e-40 -3.45483e-40   3.5769e-41 -1.90446e-40 -1.07628e-42  8.66527e-41 -1.73574e-41 -8.97803e-41  1.17289e-41   2.5597e-41 -2.05136e-42   7.0974e-42  3.01878e-43 -9.42309e-42  1.13863e-42  2.56743e-41 -9.32881e-43 -6.84425e-41  1.70701e-42   1.5069e-40 -3.81509e-42 -3.05381e-40  8.55259e-42  5.63864e-40 -1.81394e-41 -9.45074e-40  3.58687e-41  1.42689e-39 -6.61155e-41  -1.9237e-39  1.13297e-40   2.2906e-39 -1.80104e-40 -2.37409e-39   2.6489e-40  2.09808e-39 -3.59357e-40 -1.53121e-39  4.48126e-40  8.71073e-40 -5.11628e-40 -3.36054e-40  5.32344e-40  4.05117e-41 -5.02107e-40  4.58115e-41  4.26634e-40 -3.09864e-41 -3.24163e-40    4.106e-42  2.18315e-40  5.06584e-42 -1.28927e-40 -3.42211e-42  6.58768e-41  9.95525e-43   -2.863e-41 -1.84125e-43  1.03458e-41  5.65951e-44 -3.01197e-42 -2.20253e-44  6.74006e-43   4.4179e-45 -1.07249e-43 -3.15412e-46  1.03933e-44  -8.4057e-48 -3.79468e-46  2.04244e-48 -9.62888e-48
-9.85831e-38 -3.40057e-34  5.66654e-38  2.53947e-33 -3.82841e-37 -1.05743e-33  2.06358e-36 -1.43837e-36 -2.25662e-36   3.1895e-34 -4.99821e-36 -1.33585e-34 -2.46707e-36   3.6175e-35 -9.32367e-36  9.84192e-36   -1.584e-36  8.41126e-35  4.85499e-36 -1.08694e-34 -9.21752e-37 -3.91521e-35 -1.70431e-36  1.06061e-35  1.64405e-36  1.38382e-35 -1.46502e-36  1.14605e-35  1.26469e-36 -4.14162e-37  3.58161e-37 -9.95224e-36  4.46299e-37  1.13546e-35  -1.6293e-37 -3.03185e-36 -2.11502e-37 -9.92066e-37 -4.54791e-38  3.40667e-37  -3.4113e-38  -9.2838e-37 -1.98873e-38  3.07194e-37  6.51845e-39   6.4682e-38 -3.55429e-39 -2.44906e-38  5.71484e-39  7.89944e-39 -1.65132e-39  3.85473e-39 -1.12227e-39  1.76374e-38  5.86991e-40  5.83809e-39 -2.47586e-40 -8.39208e-40  4.98398e-41 -4.11925e-40  1.43625e-41  1.83386e-40 -3.72578e-41 -2.09631e-40   2.6368e-41  5.96604e-41 -4.56521e-42  7.02965e-41 -4.05314e-43 -2.01065e-40  4.68414e-42  5.10393e-40 -8.00293e-42 -1.19045e-39  1.82672e-41   2.5207e-39 -4.21235e-41 -4.88013e-39  9.19649e-41  8.58901e-39 -1.88084e-40  -1.3661e-38  3.58688e-40  1.94835e-38 -6.36951e-40 -2.46754e-38  1.05077e-39     2.74e-38 -1.60647e-39 -2.62138e-38  2.26976e-39  2.10534e-38 -2.95424e-39 -1.35904e-38   3.5292e-39  6.44123e-39 -3.85348e-39 -1.65325e-39  3.82714e-39 -3.52472e-40 -3.43799e-39  5.51431e-40  2.77522e-39 -2.01916e-40 -1.99752e-39 -1.90283e-41  1.27018e-39  4.71188e-41 -7.05533e-40 -1.83621e-41  3.37572e-40  2.98251e-42 -1.36657e-40 -4.21774e-43  4.57116e-41  2.81122e-43 -1.22258e-41 -9.95987e-44  2.49064e-42  1.31312e-44  -3.5732e-43 -4.01354e-46  3.11774e-44 -2.89822e-47 -1.15165e-45  2.43078e-48
  -2.317e-34 -1.91538e-37 -7.43671e-34 -3.82841e-37  2.95222e-33 -1.46372e-36 -1.09909e-33   6.3499e-36 -4.59281e-35 -3.68952e-36  2.23586e-34 -8.84832e-36 -9.27652e-35 -1.24055e-37  1.31862e-34 -1.72817e-35 -2.46862e-35 -3.79662e-36  1.07868e-34  1.14722e-35 -1.36224e-34 -3.46124e-36 -2.98443e-35 -1.57366e-36   4.5751e-36  4.61618e-36  1.80239e-35  -2.0517e-36  2.16927e-35  2.16934e-36   9.2086e-37  6.76021e-37 -1.41862e-35  5.92956e-37  1.62598e-35 -1.49631e-37 -4.02926e-36 -3.29906e-37 -1.62586e-36 -4.72582e-38  1.35511e-36 -4.25621e-38  -1.7724e-36 -4.61718e-38  7.04454e-37  1.75802e-38  1.11807e-37 -4.42696e-39 -2.70013e-38  1.09492e-38  1.50896e-38 -2.60273e-39  7.09354e-39 -2.20045e-39  3.35788e-38  8.78285e-40  1.21174e-38 -3.58972e-40 -1.85757e-39  4.78071e-41 -6.06149e-40  5.78918e-41  3.02911e-40 -7.41495e-41 -3.13745e-40  5.17555e-41 -2.39859e-40 -7.00017e-42  1.23534e-39 -9.67408e-42 -3.29601e-39  3.13128e-41  7.95017e-39 -7.29626e-41 -1.76013e-38  1.72617e-40  3.56419e-38 -3.89102e-40 -6.57862e-38  8.21673e-40  1.10049e-37 -1.62109e-39 -1.65698e-37  2.98079e-39  2.22614e-37 -5.09868e-39 -2.63898e-37  8.09418e-39  2.71919e-37 -1.18945e-38 -2.38359e-37   1.6132e-38  1.71826e-37 -2.01246e-38 -9.56346e-38  2.30025e-38  3.49391e-38 -2.39831e-38 -2.33484e-39   2.2693e-38 -6.37673e-39 -1.93713e-38  3.99621e-39  1.48144e-38 -6.77051e-40 -1.00672e-38 -4.31613e-40  6.01939e-39  2.87075e-40 -3.12899e-39 -5.98968e-41  1.39301e-39  1.43542e-42 -5.21009e-40 -1.26091e-42  1.59558e-40  1.44069e-42 -3.85938e-41 -3.39438e-43  6.98458e-42  2.46121e-44 -8.64535e-43 -2.58398e-46  6.13697e-44 -2.43772e-48 -1.49775e-45
 2.42666e-37 -2.60652e-34  2.05053e-37 -1.05743e-33 -1.46372e-36  2.93125e-33 -2.63073e-36 -9.29331e-34  1.33492e-35 -2.17625e-34 -1.86033e-36  8.01488e-35 -1.65228e-35 -1.22705e-34  4.30586e-36  2.58045e-34 -2.88117e-35 -6.24004e-35 -1.02692e-35  9.54359e-35  2.15201e-35 -1.42285e-34  -7.4653e-36 -1.16689e-35 -1.41906e-36  -1.5842e-36  9.08147e-36   2.3117e-35 -2.40358e-36  3.52132e-35  3.23792e-36  3.58684e-36  1.22467e-36 -1.68205e-35  6.70076e-37  2.12901e-35  1.65794e-38 -4.69052e-36 -4.65796e-37 -2.35067e-36 -1.33789e-38  3.15829e-36 -4.56264e-38 -2.93876e-36 -8.68879e-38   1.3197e-36  3.68332e-38  1.95662e-37 -2.98793e-39 -1.96347e-38  1.85031e-38  3.01221e-38 -3.34339e-39  1.33517e-38 -3.96899e-39  5.57985e-38  1.32482e-39  2.29424e-38 -4.75236e-40 -3.81715e-39  9.67388e-42 -4.13285e-40  1.46943e-40  -1.2934e-40 -1.37821e-40  1.46061e-39  8.48368e-41 -6.41474e-39  1.23017e-41  1.84823e-38 -9.28304e-41 -4.64968e-38  2.50722e-40  1.07284e-37 -6.12983e-40 -2.27029e-37  1.42372e-39  4.38834e-37 -3.10639e-39  -7.7093e-37  6.33564e-39  1.22318e-36 -1.20581e-38 -1.73916e-36  2.13716e-38  2.19411e-36 -3.52007e-38 -2.42428e-36  5.37471e-38  2.30383e-36 -7.58652e-38 -1.83257e-36   9.8682e-38  1.16477e-36 -1.17862e-37 -5.35059e-37  1.28724e-37   1.2198e-37 -1.27949e-37  4.35573e-38  1.15117e-37 -5.31085e-38 -9.31573e-38   1.9001e-38  6.73046e-38  1.01745e-39 -4.30337e-38 -3.47643e-39  2.40946e-38   1.1425e-39 -1.16615e-38 -5.09043e-41  4.80005e-39  -2.6762e-41 -1.64523e-39 -1.00868e-41  4.56318e-40  5.91519e-42 -9.82937e-41 -7.63073e-43  1.54253e-41   2.1338e-44 -1.57547e-42 -1.06104e-45  8.13102e-44  7.01693e-47
 8.88864e-35  2.74257e-37 -1.22741e-34  2.06358e-36 -1.09909e-33 -2.63073e-36  2.81354e-33 -2.28463e-36 -7.73522e-34  2.25558e-35 -3.69524e-34  6.81208e-36 -6.96036e-35 -3.01013e-35 -2.17819e-34   9.9806e-36  3.68051e-34 -4.42006e-35 -1.06129e-34 -2.14416e-35  4.23211e-35  3.30059e-35 -1.19849e-34 -1.21481e-35 -2.63594e-37 -2.00921e-36 -3.80247e-36  1.46262e-35  3.08678e-35 -2.36731e-36  5.09472e-35  4.23611e-36  7.66365e-36  2.10163e-36  -1.6431e-35  5.93407e-37  2.63529e-35  4.33387e-37 -4.89242e-36 -6.13419e-37 -3.00281e-36  7.47739e-38  5.69299e-36 -3.85601e-38  -4.2991e-36 -1.43048e-37  2.12099e-36  6.71152e-38  3.31095e-37  2.38742e-39  2.20234e-39  2.82038e-38  5.87173e-38 -3.33677e-39  2.53835e-38 -6.68959e-39  8.25639e-38  2.11638e-39   4.0399e-38 -5.82634e-40 -7.92108e-39 -8.83222e-41  3.04219e-39  2.89143e-40 -9.83319e-39 -2.23535e-40  3.15188e-38  6.46156e-41 -9.22977e-38  2.37028e-40  2.42396e-37  -7.4981e-40 -5.82919e-37  1.92519e-39  1.28756e-36 -4.62083e-39 -2.60345e-36   1.0408e-38  4.79649e-36 -2.19441e-38 -8.00592e-36  4.32078e-38  1.20214e-35  -7.9314e-38 -1.60958e-35  1.35454e-37  1.89985e-35  -2.1473e-37 -1.94651e-35  3.15152e-37  1.69293e-35 -4.26956e-37 -1.20603e-35  5.32126e-37  6.57412e-36 -6.07768e-37 -2.27795e-36  6.33342e-37  3.48877e-38 -5.99125e-37  5.08333e-37  5.11487e-37 -2.96148e-37 -3.91416e-37  4.88607e-38  2.66357e-37  2.86228e-38 -1.59658e-37 -1.73468e-38  8.33395e-38  2.33265e-39 -3.73519e-38  5.98013e-40   1.4119e-38 -8.33855e-41 -4.39634e-39 -6.53224e-41  1.09145e-39  1.67101e-41  -2.0583e-40 -8.40938e-43  2.72309e-41  1.81036e-46 -2.16487e-42 -4.75359e-45  6.56157e-44
-5.98377e-37   2.3734e-34 -5.04435e-37 -1.43837e-36   6.3499e-36 -9.29331e-34 -2.28463e-36  2.96566e-33  1.50253e-36 -8.16143e-34  3.33224e-35 -3.91625e-34  2.47489e-35 -1.86463e-34 -5.04674e-35 -3.29529e-34   1.5335e-35  4.07532e-34  -6.2793e-35 -1.55483e-34 -3.58621e-35 -4.16715e-35  4.25256e-35 -7.20947e-35 -1.63089e-35 -1.30514e-35 -4.14836e-36 -1.46658e-36   2.0662e-35  4.24031e-35 -1.93605e-36  6.79073e-35  4.85111e-36  1.30005e-35  3.39238e-36 -1.18692e-35  2.62665e-37  3.13656e-35  1.18531e-36 -4.62399e-36 -7.68672e-37 -3.35132e-36  2.26706e-37  8.61247e-36 -1.32774e-38 -5.59736e-36 -2.15463e-37  3.01217e-36  1.11514e-37  5.18662e-37  1.27798e-38  4.21982e-38  3.92614e-38  1.08681e-37 -1.94907e-39  4.66159e-38 -1.05962e-38  1.09502e-37  3.54934e-39  6.93813e-38 -6.56674e-40  -2.5342e-38 -2.57282e-40  4.62099e-38  4.32127e-40 -1.42639e-37 -1.86505e-40  4.19994e-37 -4.87936e-40 -1.14323e-36  1.99522e-39  2.86347e-36 -5.44424e-39 -6.59664e-36  1.35136e-38  1.39381e-35 -3.14476e-38 -2.68965e-35  6.85121e-38  4.71552e-35 -1.39531e-37 -7.46343e-35  2.65162e-37  1.05797e-34 -4.69322e-37 -1.32968e-34  7.71991e-37  1.46199e-34 -1.17725e-36 -1.38023e-34  1.65967e-36  1.08757e-34 -2.15623e-36 -6.80808e-35  2.57224e-36  3.03182e-35 -2.80594e-36 -6.06315e-36  2.78571e-36 -3.21087e-36 -2.50335e-36  3.33434e-36  2.02347e-36 -1.12591e-36  -1.4604e-36 -7.48981e-38  9.33023e-37  1.97294e-37 -5.22252e-37 -5.42262e-38   2.5293e-37 -3.74539e-39 -1.04352e-37  3.46347e-39  3.59521e-38  2.12971e-40 -1.00707e-38 -2.61607e-40   2.2079e-39  2.70478e-41 -3.57124e-40  4.96485e-43  3.83842e-41  4.41176e-44 -2.16134e-42 -7.60304e-45
 -1.2563e-34 -1.58053e-36  3.29628e-34 -2.25662e-36 -4.59281e-35  1.33492e-35 -7.73522e-34  1.50253e-36  3.56222e-33  9.80522e-36 -1.08972e-33  4.55575e-35 -2.76221e-34   5.1507e-35  -2.4919e-34 -7.64791e-35   -3.879e-34  1.90585e-35  3.33019e-34 -8.30142e-35 -1.97487e-34 -5.06942e-35 -1.37856e-34  4.64293e-35 -1.08336e-35 -1.86683e-35 -5.93368e-35 -8.29578e-36  1.94097e-36  2.67254e-35  5.62238e-35 -1.26013e-36  8.63961e-35  4.78211e-36  1.88446e-35  5.14573e-36 -2.18035e-36 -4.13441e-37  3.59065e-35  2.32243e-36 -4.03237e-36 -9.23366e-37 -3.12673e-36  4.39413e-37  1.13558e-35  4.29846e-38  -6.5117e-36 -3.05885e-37  3.86464e-36  1.72798e-37  7.37514e-37  2.85396e-38  1.03349e-37  5.03255e-38  1.89728e-37  1.38871e-39  8.25821e-38 -1.57735e-38  1.20867e-37   5.9971e-39  1.51008e-37 -6.80283e-40 -1.94808e-37  -4.0154e-40  5.78326e-37  1.77234e-40 -1.75077e-36  1.09422e-39  4.93402e-36 -4.82023e-39 -1.28533e-35  1.39898e-38  3.08579e-35 -3.60961e-38 -6.80671e-35  8.67363e-38  1.37419e-34 -1.95279e-37 -2.52711e-34  4.11237e-37  4.20872e-34 -8.08831e-37 -6.30259e-34  1.48309e-36  8.41045e-34 -2.53014e-36 -9.88485e-34  4.00663e-36  1.00708e-33 -5.87394e-36  -8.6908e-34  7.94862e-36  6.11874e-34 -9.89427e-36  -3.2661e-34  1.12853e-35  1.07048e-34 -1.17422e-35  4.24318e-36  1.10885e-35 -2.82865e-35 -9.44771e-36  1.53348e-35  7.21346e-36 -2.22873e-36 -4.89614e-36  -1.5435e-36  2.92657e-36  8.25729e-37 -1.52316e-36 -6.37142e-38  6.80791e-37 -4.97924e-38 -2.56832e-37  8.00642e-39  7.99604e-38   2.5745e-39 -1.99204e-38 -6.31543e-40  3.79445e-39  4.03754e-42 -5.12718e-40  2.48188e-42  4.24036e-41  2.27588e-43 -1.37858e-42
-9.05406e-37 -2.08412e-34 -2.95538e-36   3.1895e-34 -3.68952e-36 -2.17625e-34  2.25558e-35 -8.16143e-34  9.80522e-36  4.55407e-33  2.22711e-35  -1.4968e-33  5.96605e-35 -9.90018e-35  8.31636e-35 -2.60479e-34 -1.05236e-34 -3.31521e-34  2.12707e-35  1.25907e-34 -1.03137e-34 -2.11036e-34  -6.2714e-35 -2.27113e-34  4.20265e-35  4.79126e-35 -1.81035e-35 -1.34549e-34 -1.43303e-35  1.36157e-36  3.26473e-35  6.70477e-35 -5.83375e-37  1.08861e-34  3.84055e-36   2.3315e-35  7.34253e-36  1.34583e-35 -1.48198e-36  3.90459e-35  3.84881e-36  -3.5052e-36 -1.05732e-36 -2.05717e-36  6.99079e-37  1.33424e-35  1.48009e-37 -6.76093e-36 -4.17634e-37  4.57279e-36  2.52393e-37  9.51494e-37   4.9672e-38  1.90114e-37  5.98665e-38  3.05368e-37  6.94708e-39  1.69912e-37 -2.20153e-38  -2.4377e-38  9.87663e-39  7.73014e-37 -8.21392e-40 -2.15511e-36  2.65555e-40  6.71408e-36 -3.00992e-39 -1.96308e-35  1.09245e-38   5.3156e-35 -3.31691e-38 -1.32882e-34   8.8745e-38  3.05735e-34 -2.20561e-37 -6.45084e-34  5.12961e-37  1.24275e-33 -1.11685e-36 -2.17446e-33  2.27284e-36  3.43326e-33 -4.31609e-36 -4.85228e-33  7.63362e-36  6.07554e-33 -1.25471e-35 -6.64767e-33  1.91182e-35  6.23484e-33 -2.69288e-35 -4.86645e-33  3.49504e-35  2.99975e-33 -4.16444e-35 -1.29348e-33  4.53638e-35  2.20947e-34 -4.49596e-35  1.68818e-34  4.03173e-35 -1.54763e-34 -3.25041e-35  4.84793e-35  2.33843e-35  5.04676e-36 -1.48817e-35  -8.9609e-36  8.29093e-36  2.08269e-36 -3.99338e-36  3.50576e-37  1.63747e-36 -1.94301e-37 -5.60573e-37  -4.5587e-39  1.56141e-37  1.00627e-38 -3.41249e-38 -6.88515e-40    5.533e-39 -8.50227e-41  -6.0234e-40  2.78876e-43  3.49591e-41   3.1959e-43
 2.93934e-36 -2.02684e-36 -1.98277e-34 -4.99821e-36  2.23586e-34 -1.86033e-36 -3.69524e-34  3.33224e-35 -1.08972e-33  2.22711e-35  5.74454e-33  3.75547e-35 -1.89037e-33  7.57633e-35  3.93203e-35  1.13468e-34 -2.37725e-34 -1.33285e-34  -1.3608e-34  2.39111e-35 -1.99065e-34 -1.22277e-34 -1.83279e-34 -6.92567e-35 -2.95407e-34  2.83572e-35  8.71878e-35 -1.38069e-35 -2.21627e-34 -2.15403e-35 -5.94259e-36  3.85329e-35  6.66208e-35 -1.60253e-37  1.39707e-34    2.028e-36  2.32363e-35  9.86417e-36  3.54943e-35 -2.91347e-36  3.95549e-35  5.72408e-36 -3.70604e-36 -1.13433e-36  9.57558e-38  9.86688e-37   1.4209e-35  3.23369e-37 -6.20378e-36 -5.55351e-37  5.10572e-36   3.4907e-37  1.12545e-36  7.66186e-38  3.29737e-37  6.67932e-38  3.59672e-37  1.44606e-38  7.35213e-37  -2.8791e-38 -1.92794e-36  1.58514e-38  7.48933e-36 -2.56968e-39 -2.38867e-35   6.8066e-39  7.24369e-35 -2.45386e-38 -2.03829e-34  7.30761e-38  5.30222e-34 -2.02738e-37 -1.27142e-33  5.20558e-37  2.80093e-33 -1.25111e-36  -5.6462e-33  2.81552e-36  1.03645e-32 -5.92708e-36 -1.72238e-32  1.16532e-35   2.5724e-32 -2.13599e-35 -3.42133e-32  3.64259e-35  4.00406e-32 -5.76584e-35 -4.05657e-32   8.4489e-35  3.47338e-32 -1.14262e-34  -2.4164e-32  1.42123e-34   1.2622e-32 -1.61944e-34 -3.89234e-33  1.68283e-34 -3.97216e-34 -1.58644e-34  1.20462e-33  1.34865e-34 -6.08177e-34 -1.02667e-34  7.20787e-35  6.94171e-35  6.75946e-35 -4.12864e-35 -3.18835e-35  2.13519e-35  1.05029e-36  -9.4683e-36  2.42459e-36    3.538e-36 -3.58674e-37 -1.08946e-36 -9.82114e-38  2.68283e-37  2.07512e-38 -5.05743e-38  8.51392e-40  6.79468e-39 -1.65037e-40 -5.64452e-40 -7.81048e-42  1.87674e-41
-2.16148e-37 -1.00054e-35 -2.84753e-36 -1.33585e-34 -8.84832e-36  8.01488e-35  6.81208e-36 -3.91625e-34  4.55575e-35  -1.4968e-33  3.75547e-35  6.88757e-33  5.41865e-35   -2.154e-33  9.30975e-35  7.35891e-35   1.3647e-34 -2.00304e-34 -1.57856e-34  1.72861e-34  2.97793e-35 -5.92391e-34 -1.40817e-34 -1.25567e-34 -6.87981e-35  -3.3254e-34  6.38217e-36  9.03579e-35  -5.4516e-36 -2.98045e-34 -2.88263e-35 -1.77177e-35  4.46256e-35  4.66009e-35 -2.19702e-37  1.83924e-34 -4.30423e-37  1.47468e-35  1.24844e-35  6.34995e-35 -4.58917e-36  3.64322e-35  7.87654e-36 -5.45578e-36  -1.1061e-36  3.51516e-36  1.28476e-36   1.3981e-35  5.90798e-37 -4.88287e-36   -7.238e-37  5.53759e-36  4.57594e-37  1.19352e-36  1.10982e-37  8.26936e-37  7.09967e-38  -9.0232e-37  2.31087e-38   6.6534e-36 -3.58104e-38 -2.31904e-35  2.67244e-38  7.93249e-35 -1.54936e-38 -2.49258e-34  4.93706e-38  7.28483e-34 -1.53089e-37 -1.97077e-33  4.32301e-37  4.92151e-33 -1.14755e-36 -1.13102e-32  2.84874e-36  2.38312e-32 -6.62596e-36 -4.58359e-32  1.44253e-35  8.00423e-32 -2.93554e-35 -1.26077e-31   5.5745e-35   1.7766e-31 -9.85931e-35 -2.21621e-31  1.62052e-34  2.41317e-31 -2.46911e-34 -2.24846e-31  3.47746e-34  1.73823e-31 -4.51234e-34 -1.05465e-31  5.37452e-34  4.39445e-32 -5.85085e-34 -6.12384e-33  5.79307e-34 -6.87615e-33 -5.18737e-34  5.67658e-33  4.17328e-34 -1.63054e-33 -2.99339e-34 -2.57264e-34  1.89705e-34  3.32013e-34 -1.05087e-34 -6.56671e-35  5.02283e-35 -1.71926e-35 -2.03887e-35  7.55791e-36  6.89011e-36  2.16759e-37  -1.8889e-36 -3.48253e-37   4.0535e-37  1.33952e-38 -6.45043e-38  4.41477e-39  6.91737e-39 -4.22436e-41 -3.99719e-40 -1.06617e-41
 2.86129e-35 -1.40441e-36 -7.89674e-36 -2.46707e-36 -9.27652e-35 -1.65228e-35 -6.96036e-35  2.47489e-35 -2.76221e-34  5.96605e-35 -1.89037e-33  5.41865e-35  7.77843e-33  7.11776e-35 -2.25395e-33  1.10102e-34  8.32075e-36  1.49212e-34 -1.63838e-34 -1.77204e-34   5.2846e-34  4.06695e-35 -9.76862e-34 -1.59808e-34 -7.78378e-35 -6.11632e-35 -3.25728e-34 -2.13172e-35  4.24488e-35  6.63491e-36 -3.44052e-34  -3.5047e-35 -2.69328e-35  5.11874e-35  2.51372e-36 -1.00255e-36  2.45085e-34 -3.10888e-36 -5.37248e-36   1.4912e-35  9.57813e-35 -6.31886e-36  2.94785e-35    1.022e-35 -9.43929e-36 -9.23852e-37  8.32962e-36  1.58221e-36  1.31056e-35  9.65471e-37 -3.02241e-36 -9.25976e-37  6.17027e-36   5.6778e-37  3.94796e-37  1.55749e-37  5.16773e-36  7.33099e-38 -1.74747e-35  3.25245e-38  7.01865e-35 -4.66782e-38 -2.45545e-34  5.92067e-38   8.0335e-34 -9.51951e-38 -2.43736e-33  2.96612e-37  6.85342e-33 -8.68913e-37 -1.78119e-32  2.37198e-36  4.26661e-32 -6.08314e-36 -9.38766e-32   1.4619e-35   1.8896e-31 -3.29072e-35 -3.46254e-31  6.92911e-35  5.74172e-31 -1.36273e-34 -8.55277e-31  2.49868e-34  1.13379e-30 -4.26265e-34 -1.32131e-30  6.74992e-34  1.33114e-30 -9.89465e-34 -1.13082e-30   1.3386e-33   7.7717e-31 -1.66544e-33 -3.96875e-31  1.89796e-33  1.14289e-31 -1.97207e-33  2.00922e-32  1.85832e-33 -4.13694e-32 -1.57832e-33  1.94642e-32  1.19955e-33 -1.70341e-33 -8.08915e-34 -2.42715e-33  4.79162e-34  1.01634e-33 -2.46329e-34  5.59528e-36  1.08299e-34 -8.82823e-35 -3.99866e-35  1.11923e-35  1.21152e-35    3.463e-36  -2.9211e-36 -6.04231e-37  5.36605e-37 -4.91517e-38 -7.00578e-38  6.30266e-39  5.66957e-39    2.601e-40  -1.8584e-40
-1.39957e-36  4.37527e-35 -4.24496e-36   3.6175e-35 -1.24055e-37 -1.22705e-34 -3.01013e-35 -1.86463e-34   5.1507e-35 -9.90018e-35  7.57633e-35   -2.154e-33  7.11776e-35  8.32619e-33  8.82103e-35 -2.24433e-33  1.25114e-34 -8.82361e-35  1.52734e-34  -1.4059e-34 -1.89912e-34  8.44664e-34  5.57484e-35  -1.2614e-33  -1.7965e-34  -9.9113e-35 -4.74926e-35 -2.53846e-34 -5.11472e-35 -6.62634e-35  2.13965e-35 -3.47941e-34 -3.93972e-35 -2.47054e-35  5.84709e-35 -6.28562e-35 -2.83465e-36  3.23678e-34 -5.46023e-36 -3.81955e-35  1.68886e-35  1.29492e-34 -7.88593e-36  1.96231e-35  1.26637e-35 -1.58476e-35 -5.53818e-37  1.46141e-35  1.87522e-36  1.23857e-35  1.44666e-36 -1.30648e-36 -1.16094e-36  9.17995e-36  6.64521e-37 -1.02743e-35  2.15025e-37  5.11115e-35   7.3624e-38 -1.95523e-34  4.88052e-38  7.17817e-34 -8.90795e-38 -2.43239e-33  2.09052e-37  7.66219e-33 -5.44232e-37 -2.23815e-32  1.63668e-36  6.04998e-32 -4.61984e-36  -1.5094e-31  1.22206e-35  3.46488e-31 -3.03404e-35 -7.29095e-31   7.0592e-35  1.40007e-30 -1.53754e-34 -2.44021e-30  3.13049e-34  3.83461e-30 -5.94821e-34 -5.38776e-30  1.05273e-33  6.69609e-30 -1.73158e-33 -7.25605e-30  2.64044e-33  6.71624e-30 -3.72192e-33 -5.14193e-30  4.83377e-33  3.06929e-30 -5.76232e-33 -1.23265e-30  6.27798e-33  1.29138e-31 -6.21994e-33  2.27521e-31   5.5716e-33 -1.71368e-31 -4.48198e-33  4.46642e-32  3.21225e-33  1.01049e-32 -2.03196e-33 -1.02291e-32  1.12176e-33  1.70939e-33 -5.33136e-34  6.25971e-34    2.145e-34 -2.30913e-34 -7.15301e-35 -1.12619e-35  1.92368e-35  1.05794e-35 -4.01983e-36 -1.64152e-37  6.17912e-37 -1.55846e-37 -6.36126e-38  9.14719e-40  3.53139e-39  3.19308e-40
-9.50381e-36 -2.01118e-36   3.6299e-35 -9.32367e-36  1.31862e-34  4.30586e-36 -2.17819e-34 -5.04674e-35  -2.4919e-34  8.31636e-35  3.93203e-35  9.30975e-35 -2.25395e-33  8.82103e-35  8.58354e-33  1.05629e-34 -2.22519e-33  1.37066e-34 -1.20234e-34  1.50726e-34  -1.3875e-34 -1.93857e-34  1.03862e-33  7.11712e-35 -1.35669e-33  -1.9887e-34 -2.49629e-34 -3.00627e-35 -8.78753e-35 -7.92388e-35 -2.34594e-34  3.72029e-35 -3.06628e-34  -4.1685e-35 -4.28881e-36  6.67599e-35 -1.38221e-34 -6.15411e-36  4.16578e-34 -6.93623e-36 -8.16776e-35  1.83099e-35  1.61317e-34 -9.10151e-36  8.83758e-36  1.51082e-35 -2.41171e-35  8.33541e-39  2.22296e-35  2.16366e-36  1.35541e-35  2.00823e-36 -4.83376e-36 -1.42192e-36  3.70397e-35   7.2895e-37  -1.2699e-34  2.94951e-37  5.24424e-34  6.13106e-38 -1.97471e-33   1.1645e-37  6.94729e-33 -3.21189e-37 -2.27012e-32  9.87447e-37  6.88575e-32 -2.91427e-36 -1.93478e-31  8.47891e-36  5.02411e-31 -2.31647e-35 -1.20224e-30  5.93778e-35  2.64205e-30 -1.42756e-34 -5.31041e-30  3.21509e-34  9.71405e-30 -6.77416e-34 -1.60743e-29  1.33324e-33  2.38821e-29  -2.4467e-33 -3.15561e-29  4.17807e-33  3.66214e-29 -6.62335e-33 -3.66875e-29  9.72116e-33  3.09193e-29 -1.31693e-32 -2.09867e-29  1.64089e-32  1.04656e-29  -1.8729e-32 -2.78682e-30  1.94912e-32 -7.40359e-31 -1.83953e-32  1.18477e-30  1.56452e-32 -5.19604e-31 -1.19029e-32   2.7666e-32  8.03007e-33  7.27804e-32 -4.75376e-33 -2.72101e-32  2.43843e-33 -1.18034e-33 -1.06705e-33  2.61176e-33  3.90677e-34 -2.69828e-34 -1.16734e-34 -1.06714e-34  2.75412e-35  1.52812e-35 -4.89863e-36  1.79398e-36  6.11449e-37 -1.78293e-37 -4.67712e-38 -8.23436e-39  1.44635e-39
 5.16556e-37   4.9706e-36 -1.71004e-36  9.84192e-36 -1.72817e-35  2.58045e-34   9.9806e-36 -3.29529e-34 -7.64791e-35 -2.60479e-34  1.13468e-34  7.35891e-35  1.10102e-34 -2.24433e-33  1.05629e-34  8.71361e-33  1.24285e-34 -2.28205e-33  1.45788e-34 -5.67954e-36  1.46699e-34 -1.56313e-34 -1.85789e-34  1.04498e-33  8.11203e-35 -1.18746e-33 -2.13803e-34 -5.72391e-34 -1.19742e-35  2.01118e-34 -1.02149e-34 -4.45562e-34  5.22564e-35 -2.22664e-34 -4.23814e-35  3.58895e-35  7.63802e-35  -2.0557e-34 -1.14225e-35  5.17833e-34 -7.11545e-36 -1.30675e-34   1.9308e-35  1.88478e-34 -9.84495e-36 -3.80027e-37  1.74312e-35  -3.2631e-35  7.28505e-37  2.89909e-35  2.44428e-36  2.80656e-35  2.59276e-36 -6.59896e-35 -1.69467e-36   3.2205e-34  7.38566e-37 -1.31346e-33  4.14736e-37  5.14999e-33 -3.27323e-38 -1.87545e-32  4.82137e-37  6.35659e-32 -1.56515e-36 -2.00115e-31  4.95718e-36  5.84182e-31 -1.47186e-35 -1.57789e-30  4.14849e-35  3.93304e-30 -1.09799e-34 -9.01858e-30  2.72661e-34  1.89527e-29 -6.34717e-34 -3.63379e-29  1.38334e-33  6.32147e-29 -2.81872e-33 -9.91081e-29  5.36082e-33  1.38851e-28 -9.49815e-33 -1.71938e-28  1.56432e-32  1.85422e-28 -2.38895e-32 -1.70494e-28  3.37315e-32  1.29248e-28 -4.38922e-32 -7.58582e-29  5.24355e-32  2.92746e-29 -5.72617e-32 -1.93979e-30  5.68748e-32 -6.30822e-30 -5.10799e-32  4.37553e-30   4.1198e-32 -1.02242e-30 -2.95991e-32 -3.19404e-31  1.87609e-32  2.67097e-31 -1.03688e-32 -3.68958e-32  4.92596e-33 -1.85265e-32 -1.97605e-33  5.84875e-33  6.54318e-34  4.44601e-34 -1.73599e-34 -2.77774e-34  3.54338e-35 -1.05353e-36 -5.24341e-36  4.37328e-36  5.09753e-37   4.2038e-39 -2.62042e-38 -8.51129e-39
-1.59254e-35  8.16144e-37  4.19314e-35   -1.584e-36 -2.46862e-35 -2.88117e-35  3.68051e-34   1.5335e-35   -3.879e-34 -1.05236e-34 -2.37725e-34   1.3647e-34  8.32075e-36  1.25114e-34 -2.22519e-33  1.24285e-34  8.90899e-33  1.45044e-34 -2.44735e-33    1.519e-34   2.9867e-34  1.41511e-34 -1.72344e-34 -1.61954e-34  8.22086e-34  7.96537e-35 -6.99361e-34 -2.19395e-34 -1.07962e-33  3.27939e-36  6.30047e-34 -1.17399e-34 -6.66055e-34  6.51264e-35 -1.00361e-34 -4.23843e-35  9.14224e-35  8.75917e-35 -2.44711e-34 -1.89183e-35  6.20218e-34 -5.79753e-36 -1.77969e-34  2.02385e-35  2.09683e-34 -1.00763e-35 -6.31633e-36  1.94765e-35 -3.53456e-35  1.53335e-36  1.12875e-35  2.70362e-36  1.71472e-34  3.11247e-36 -7.16684e-34 -1.95342e-36  3.14786e-33  6.53932e-37 -1.27097e-32  6.71837e-37  4.79892e-32 -5.74922e-37 -1.68602e-31  2.39593e-36  5.50699e-31  -7.8377e-36 -1.66939e-30  2.42406e-35  4.68744e-30 -7.03295e-35 -1.21619e-29  1.92094e-34  2.90742e-29 -4.92574e-34  -6.3819e-29  1.18468e-33  1.28094e-28 -2.66954e-33  -2.3392e-28  5.62868e-33  3.86284e-28 -1.10879e-32 -5.72453e-28  2.03702e-32  7.53976e-28 -3.48311e-32 -8.71372e-28   5.5304e-32  8.68072e-28 -8.13217e-32 -7.25749e-28  1.10406e-31  4.86371e-28  -1.3791e-31 -2.36551e-28  1.57857e-31  5.75057e-29 -1.64807e-31  2.17671e-29   1.5609e-31 -2.89646e-29 -1.33264e-31  1.18358e-29  1.01798e-31 -1.85129e-31 -6.89592e-32  -1.8576e-30  4.09841e-32  6.21845e-31 -2.10924e-32  5.20699e-32  9.24853e-33 -6.52768e-32  -3.3847e-33  5.18468e-33  1.00658e-33   2.8298e-33 -2.34642e-34 -3.31253e-34  4.07363e-35 -5.17305e-35 -4.86718e-36  4.08631e-36  3.46309e-37  2.31134e-37 -9.63748e-39
-9.19371e-38 -3.98102e-35  1.74726e-36  8.41126e-35 -3.79662e-36 -6.24004e-35 -4.42006e-35  4.07532e-34  1.90585e-35 -3.31521e-34 -1.33285e-34 -2.00304e-34  1.49212e-34 -8.82361e-35  1.37066e-34 -2.28205e-33  1.45044e-34  9.31087e-33  1.67896e-34 -2.70571e-33  1.56445e-34  7.96501e-34  1.32655e-34 -1.42745e-34 -1.19441e-34  3.54807e-34  6.24619e-35    1.376e-34 -2.10766e-34 -1.74618e-33  1.23198e-35  1.19365e-33  -1.2376e-34 -8.53215e-34  7.51961e-35  5.63733e-35 -4.25517e-35  1.53405e-34  1.00355e-34 -2.39187e-34 -2.84949e-35  7.16717e-34 -3.03318e-36 -2.16066e-34  2.15619e-35   2.2672e-34 -9.82292e-36 -1.58568e-35  2.10597e-35  1.68274e-35  2.31867e-36   -2.741e-34  2.91471e-36  1.60033e-33  3.45485e-36 -7.09978e-33 -2.13944e-36  2.98239e-32  3.32721e-37 -1.16569e-31  1.57103e-36  4.24509e-31 -3.37008e-36   -1.438e-30   1.1823e-35  4.52467e-30 -3.76887e-35 -1.32002e-29  1.13027e-34  3.56275e-29 -3.18367e-34 -8.87261e-29  8.42605e-34  2.03237e-28  -2.0929e-33  -4.2657e-28  4.87373e-33  8.16624e-28 -1.06278e-32 -1.41802e-27  2.16716e-32  2.21817e-27 -4.12565e-32  -3.0989e-27  7.31873e-32  3.82351e-27 -1.20722e-31 -4.10372e-27  1.84703e-31  3.74836e-27  -2.6138e-31  -2.8133e-27  3.41015e-31  1.62257e-27 -4.08653e-31 -5.99576e-28  4.47865e-31  1.37663e-29 -4.46664e-31  1.49819e-28  4.03014e-31 -9.63605e-29 -3.26726e-31  1.98765e-29  2.36064e-31  8.41176e-30 -1.50525e-31 -6.01108e-30  8.37057e-32  6.59324e-31 -4.00023e-32   4.6351e-31  1.61273e-32 -1.26311e-31 -5.35561e-33  -1.3694e-32  1.41908e-33  6.31311e-33  -2.8702e-34  1.39489e-34  4.14865e-35 -1.03417e-34 -3.84017e-36 -9.19319e-37  1.80142e-37   1.9857e-37
-5.79691e-36  8.03035e-38 -7.26899e-35  4.85499e-36  1.07868e-34 -1.02692e-35 -1.06129e-34  -6.2793e-35  3.33019e-34  2.12707e-35  -1.3608e-34 -1.57856e-34 -1.63838e-34  1.52734e-34 -1.20234e-34  1.45788e-34 -2.44735e-33  1.67896e-34  9.97454e-33  1.91003e-34 -3.03332e-33  1.60441e-34  1.46878e-33  1.15474e-34 -6.26239e-36 -5.75223e-35 -3.41245e-34  2.78943e-35   1.3256e-33 -1.84833e-34 -2.51005e-33  1.24082e-35  1.86056e-33 -1.21282e-34 -9.66345e-34  8.28394e-35  2.43253e-34 -4.31715e-35  2.11234e-34  1.14078e-34 -1.81524e-34 -3.94337e-35  8.01633e-34   9.1388e-37 -2.41068e-34  2.36586e-35   2.5758e-34 -9.15324e-36 -1.20191e-34   2.1995e-35   6.1079e-34  2.96498e-36 -3.22409e-33  3.04432e-36  1.53379e-32  3.47278e-36 -6.65038e-32 -2.04921e-36  2.69372e-31 -9.01951e-37 -1.01637e-30  5.56832e-36  3.56958e-30 -1.68274e-35 -1.16534e-29  5.56896e-35  3.53062e-29 -1.72155e-34 -9.90687e-29   5.0034e-34  2.56837e-28 -1.36619e-33 -6.13412e-28  3.50293e-33  1.34495e-27 -8.42575e-33 -2.69585e-27  1.89919e-32  4.91499e-27  -4.0064e-32 -8.10013e-27    7.898e-32  1.19742e-26 -1.45247e-31 -1.57215e-26  2.48691e-31  1.80949e-26 -3.95539e-31 -1.79262e-26  5.82851e-31  1.48668e-26 -7.93351e-31 -9.83426e-27  9.94069e-31  4.65837e-27 -1.14206e-30 -1.01654e-27  1.19751e-30 -5.34031e-28  -1.1399e-30  6.15048e-28  9.78843e-31 -2.33872e-28 -7.52645e-31 -6.04839e-30  5.13606e-31   4.1032e-29 -3.07719e-31 -1.23002e-29   1.5974e-31 -1.58289e-30  -7.0667e-32  1.40954e-30  2.60833e-32 -7.82824e-32 -7.81142e-33 -6.49505e-32  1.82691e-33  6.13265e-33 -3.15711e-34  1.25606e-33  3.69434e-35 -7.86723e-35 -2.49144e-36 -5.62711e-36  6.16805e-38
-2.65037e-37 -1.92461e-35  6.58242e-38 -1.08694e-34  1.14722e-35  9.54359e-35 -2.14416e-35 -1.55483e-34 -8.30142e-35  1.25907e-34  2.39111e-35  1.72861e-34 -1.77204e-34  -1.4059e-34  1.50726e-34 -5.67954e-36    1.519e-34 -2.70571e-33  1.91003e-34  1.08938e-32  2.10259e-34 -3.44114e-33  1.64493e-34  2.29465e-33   8.5396e-35  2.98986e-34  2.15859e-35 -1.21389e-33 -2.28712e-35  2.83321e-33   -1.414e-34 -3.27945e-33  1.95166e-36  2.57678e-33 -1.11081e-34  -9.7998e-34  8.92658e-35  4.52463e-34 -4.36012e-35  2.55429e-34  1.27494e-34 -7.64689e-35 -5.05005e-35  8.74446e-34  5.64724e-36 -2.77716e-34  2.66538e-35  4.74102e-34 -8.15332e-36 -1.24659e-33   2.2135e-35  6.47814e-33  3.35202e-36 -3.13675e-32  3.09282e-36  1.41414e-31   2.8671e-36 -5.92934e-31 -7.96745e-37  2.31779e-30  -6.2457e-36 -8.43721e-30  2.39034e-35  2.85685e-29 -7.80612e-35 -8.98451e-29  2.49026e-34  2.61955e-28 -7.46126e-34 -7.06514e-28  2.10136e-33    1.758e-27 -5.55938e-33 -4.02284e-27  1.38055e-32  8.43321e-27 -3.21477e-32  -1.6121e-26  7.01146e-32  2.79434e-26 -1.43033e-31 -4.36151e-26  2.72483e-31  6.07648e-26 -4.83869e-31 -7.47075e-26  7.99259e-31  7.98043e-26  -1.2251e-30 -7.24119e-26  1.73774e-30  5.38008e-26 -2.27375e-30 -3.04733e-26  2.73441e-30  1.07381e-26 -3.00963e-30  2.81773e-28  3.01686e-30 -3.09872e-27  -2.7384e-30  1.85764e-27  2.23559e-30 -3.31137e-28 -1.62829e-30 -1.89287e-28  1.04783e-30  1.18242e-28  -5.8871e-31 -9.58637e-30  2.84547e-31 -1.00247e-29 -1.16123e-31  2.36512e-30  3.90483e-32   3.4591e-31   -1.047e-32 -1.25268e-31   2.1369e-33 -5.10609e-33 -3.09418e-34  2.11709e-33  2.81982e-35  3.66887e-35 -1.25007e-36 -4.04985e-36
 3.40386e-36 -8.21746e-37 -3.38296e-35 -9.21752e-37 -1.36224e-34  2.15201e-35  4.23211e-35 -3.58621e-35 -1.97487e-34 -1.03137e-34 -1.99065e-34  2.97793e-35   5.2846e-34 -1.89912e-34  -1.3875e-34  1.46699e-34   2.9867e-34  1.56445e-34 -3.03332e-33  2.10259e-34   1.2059e-32  2.19829e-34 -3.99177e-33  1.68645e-34  3.26348e-33  3.99599e-35  8.13787e-34  1.12742e-34  -2.1708e-33 -8.62467e-35  4.58891e-33 -8.34408e-35 -3.94592e-33 -1.90413e-35  3.27478e-33 -9.49489e-35 -8.92584e-34   9.6114e-35  6.69148e-34 -4.22673e-35  2.80195e-34  1.38805e-34   5.3526e-35 -6.02211e-35  9.79875e-34  1.07211e-35 -6.22924e-34  3.03278e-35  2.56614e-33 -6.91262e-36 -1.23136e-32  2.14095e-35  6.15635e-32  3.34272e-36 -2.86677e-31  3.26433e-36  1.24524e-30  5.62676e-37 -5.04149e-30  5.60473e-36  1.90169e-29 -3.00006e-35 -6.67634e-29  1.05176e-34  2.17861e-28 -3.42196e-34 -6.59693e-28  1.05689e-33  1.84991e-27 -3.06871e-33 -4.79228e-27  8.37349e-33  1.14352e-26 -2.14572e-32 -2.50454e-26  5.15903e-32  5.01365e-26 -1.16261e-31 -9.12631e-26  2.45258e-31  1.50114e-25 -4.83626e-31 -2.21373e-25  8.89939e-31  2.89757e-25 -1.52523e-30 -3.32155e-25  2.42927e-30  3.27242e-25 -3.58652e-30 -2.69204e-25    4.894e-30  1.75724e-25 -6.15165e-30 -8.09481e-26  7.09537e-30  1.54937e-26 -7.47591e-30  1.12353e-26  7.15786e-30 -1.14968e-26 -6.18947e-30  4.05914e-27  4.79842e-30     2.93e-28 -3.30601e-30 -7.95178e-28  2.00281e-30  2.12935e-28 -1.05291e-30  3.83924e-29  4.72479e-31 -2.66949e-29 -1.77162e-31  8.41694e-31  5.39644e-32   1.3048e-30 -1.28427e-32 -9.66756e-32  2.25525e-33 -2.64002e-32 -2.66635e-34  1.28825e-33  1.78608e-35  1.19359e-34 -4.18014e-37
-1.52449e-37  8.85598e-36 -1.42229e-36 -3.91521e-35 -3.46124e-36 -1.42285e-34  3.30059e-35 -4.16715e-35 -5.06942e-35 -2.11036e-34 -1.22277e-34 -5.92391e-34  4.06695e-35  8.44664e-34 -1.93857e-34 -1.56313e-34  1.41511e-34  7.96501e-34  1.60441e-34 -3.44114e-33  2.19829e-34  1.35074e-32  2.13622e-34  -4.7778e-33  1.72538e-34  4.37095e-33 -2.01135e-35  1.53893e-33  2.08519e-34 -3.08414e-33 -1.56864e-34   6.4782e-33 -1.65842e-35 -4.40228e-33 -4.86395e-35  3.88529e-33 -7.48345e-35 -7.26879e-34  1.04951e-34   8.6896e-34 -3.70854e-35  2.93451e-34  1.46071e-34   1.0676e-34  -6.7289e-35  1.61506e-33  1.56969e-35 -4.21566e-33  3.41433e-35  2.25959e-32 -5.52161e-36 -1.15246e-31  1.98723e-35  5.55578e-31  2.62273e-36 -2.49778e-30  4.70263e-36  1.04731e-29 -8.09716e-36  -4.0927e-29  3.45035e-35  1.48933e-28 -1.32722e-34 -5.04086e-28  4.48322e-34  1.58454e-27 -1.42321e-33  -4.6173e-27  4.25885e-33  1.24448e-26 -1.19808e-32 -3.09412e-26  3.16655e-32  7.07347e-26 -7.85686e-32 -1.48112e-25  1.82834e-31  2.82736e-25 -3.98581e-31 -4.89244e-25  8.12924e-31  7.62008e-25 -1.54877e-30 -1.05879e-24  2.75144e-30  1.29721e-24 -4.54865e-30 -1.37926e-24  6.98138e-30  1.24326e-24 -9.92147e-30  -9.1432e-25  1.30152e-29  5.08272e-25 -1.57048e-29 -1.69978e-25  1.73596e-29 -1.40683e-26 -1.74945e-29  5.65411e-26  1.59841e-29 -3.17147e-26 -1.31531e-29   4.7376e-27  9.67134e-30  3.70748e-27 -6.29378e-30 -2.05633e-27  3.58274e-30  1.06548e-28 -1.75814e-30  1.90324e-28  7.30048e-31 -3.88204e-29 -2.50356e-31 -7.41821e-30  6.86092e-32  2.19095e-30 -1.43384e-32  1.32742e-31  2.12724e-33 -3.80945e-32 -1.98053e-34 -9.99747e-34  8.84401e-36  7.26732e-35
 2.32933e-36  -2.3999e-37  1.23174e-35 -1.70431e-36 -2.98443e-35  -7.4653e-36 -1.19849e-34  4.25256e-35 -1.37856e-34  -6.2714e-35 -1.83279e-34 -1.40817e-34 -9.76862e-34  5.57484e-35  1.03862e-33 -1.85789e-34 -1.72344e-34  1.32655e-34  1.46878e-33  1.64493e-34 -3.99177e-33  2.13622e-34  1.53339e-32  1.87147e-34 -5.87047e-33  1.75797e-34  5.60106e-33 -9.09426e-35  2.42609e-33  3.00249e-34 -3.80758e-33 -2.28183e-34  8.34971e-33  5.19764e-35 -4.56253e-33 -8.29535e-35  4.34869e-33 -5.23156e-35  -5.1994e-34  1.16837e-34  1.00644e-33 -2.61818e-35  4.17191e-34  1.47751e-34 -7.45716e-34 -7.09451e-35  7.66547e-33  2.01666e-35 -3.87353e-32  3.73806e-35  2.06668e-31 -4.09965e-36 -1.02942e-30  1.78677e-35  4.79148e-30 -7.61912e-38  -2.0802e-29  1.26169e-35  8.42009e-29 -4.30458e-35 -3.17518e-28  1.57782e-34  1.11433e-27 -5.57348e-34 -3.63469e-27  1.82498e-33  1.10005e-26 -5.62323e-33  -3.0829e-26  1.63027e-32  7.98069e-26 -4.44225e-32  -1.9027e-25  1.13687e-31  4.16302e-25 -2.73029e-31  -8.3233e-25  6.14677e-31   1.5128e-24 -1.29568e-30 -2.48368e-24  2.55358e-30  3.65411e-24 -4.69781e-30 -4.76856e-24  8.05239e-30  5.44468e-24 -1.28324e-29 -5.33486e-24  1.89664e-29  4.35328e-24 -2.59259e-29 -2.80333e-24  3.26705e-29  1.25379e-24 -3.78121e-29 -2.03615e-25  4.00205e-29 -2.06514e-25 -3.85399e-29  1.91212e-25  3.35679e-29 -6.24835e-26 -2.62564e-29 -7.78464e-27  1.82864e-29  1.36717e-26  -1.1222e-29 -3.25384e-27   5.9903e-30 -7.84733e-28 -2.73646e-30  4.48433e-28  1.04751e-30 -3.18813e-30 -3.26753e-31 -2.31945e-29  7.98989e-32  1.28269e-30 -1.44669e-32   4.8819e-31  1.76941e-33 -1.78945e-32 -1.22819e-34 -2.22967e-33  2.95981e-36
-1.23186e-37  5.59972e-36  1.64152e-37  1.06061e-35 -1.57366e-36 -1.16689e-35 -1.21481e-35 -7.20947e-35  4.64293e-35 -2.27113e-34 -6.92567e-35 -1.25567e-34 -1.59808e-34  -1.2614e-33  7.11712e-35  1.04498e-33 -1.61954e-34 -1.42745e-34  1.15474e-34  2.29465e-33  1.68645e-34  -4.7778e-33  1.87147e-34  1.76543e-32  1.38984e-34 -7.26303e-33  1.78408e-34  6.90322e-33 -1.66279e-34  3.38198e-33  3.79277e-34 -4.20543e-33 -2.93077e-34  1.00324e-32  1.14889e-34 -4.37905e-33 -1.16544e-34  4.62178e-33 -2.81582e-35 -2.89348e-34  1.32046e-34  8.72157e-34 -8.65059e-36  1.88972e-33  1.43153e-34 -1.03137e-32  -7.1175e-35  6.47862e-32  2.37561e-35 -3.53698e-31  3.93514e-35  1.82633e-30 -2.96081e-36 -8.79791e-30  1.68033e-35  3.95466e-29 -1.02813e-35 -1.65776e-28  4.90021e-35  6.47656e-28 -1.85559e-34 -2.35608e-27  6.58423e-34  7.97152e-27 -2.22874e-33 -2.50464e-26  7.07474e-33  7.29457e-26 -2.11282e-32 -1.96483e-25  5.93308e-32  4.88141e-25 -1.56542e-31 -1.11493e-24  3.87775e-31    2.332e-24 -9.00987e-31 -4.44569e-24   1.9614e-30  7.68019e-24 -3.99541e-30 -1.19377e-23  7.60427e-30   1.6544e-23 -1.34993e-29 -2.02009e-23  2.23087e-29  2.13804e-23 -3.42431e-29  -1.9146e-23  4.86965e-29   1.3936e-23 -6.39698e-29 -7.59843e-24  7.73642e-29  2.39806e-24 -8.58012e-29  3.56149e-25  8.68671e-29 -9.19617e-25 -7.98539e-29  4.84005e-25  6.62293e-29 -5.77832e-26 -4.91809e-29 -6.40977e-26  3.23968e-29  3.19136e-26 -1.87154e-29 -6.85332e-28  9.34698e-30 -3.20912e-27  -3.9626e-30  5.62663e-28  1.39229e-30  1.38227e-28 -3.92482e-31 -3.40639e-29  8.47594e-32 -2.80124e-30 -1.30653e-32  6.08777e-31  1.27244e-33  2.17917e-32  -5.9957e-35 -1.15627e-33
