 7.78487e-34 -4.14799e-37  -5.4952e-34  4.10119e-36   4.4046e-34 -6.14802e-36  3.43161e-34 -6.63976e-36  2.03842e-34 -2.05986e-36 -1.64587e-34  7.40062e-36  6.53812e-35  3.99952e-37  6.21725e-35  3.58559e-37 -4.06523e-35  2.65683e-39   2.0037e-35 -5.77792e-37  1.00737e-35  -1.7363e-37  9.09158e-38 -1.94696e-37 -3.29138e-36   1.1624e-37  4.44149e-37  9.78777e-39  4.77025e-37   1.2819e-39  2.91264e-37  9.48809e-39 -2.43751e-37 -3.56668e-39 -5.69577e-38  3.42275e-39 -3.86826e-38    5.875e-40  1.63155e-38 -1.00554e-39 -7.08327e-39   8.6903e-40  -1.4661e-38  9.49332e-40  1.28064e-37 -1.47714e-40 -4.66747e-37   1.8663e-40  1.51321e-36 -2.91334e-41 -4.48734e-36 -3.32257e-42  1.21376e-35  7.27259e-41 -2.99201e-35 -2.04777e-40  6.70487e-35  5.77344e-40 -1.36119e-34 -1.54042e-39  2.49257e-34  3.84614e-39 -4.09382e-34 -8.95725e-39  5.98649e-34  1.94504e-38 -7.71808e-34 -3.93469e-38  8.65303e-34  7.40647e-38 -8.26485e-34 -1.29534e-37  6.50028e-34  2.10092e-37 -3.93513e-34 -3.15233e-37  1.51283e-34  4.36206e-37  1.17847e-36 -5.54362e-37 -4.93804e-35  6.43427e-37   3.3917e-35  -6.7662e-37 -6.98404e-36  6.36902e-37 -4.94729e-36   -5.259e-37   3.8652e-36  3.66241e-37 -4.23608e-37 -1.94707e-37 -6.12386e-37  4.86337e-38  2.32649e-37  4.77205e-38  4.80813e-38 -8.98835e-38 -4.08865e-38  9.02542e-38  2.81662e-41 -6.86631e-38  3.52061e-39  4.26123e-38  2.49429e-40 -2.20521e-38  -4.5613e-40  9.54634e-39  5.39416e-41 -3.43229e-39  1.48485e-42  1.00923e-39   3.5218e-42 -2.36796e-40 -9.26242e-43  4.26905e-41  1.37902e-44 -5.56334e-42  4.88713e-45  4.67426e-43 -1.27178e-46 -1.85752e-44  6.97488e-47 -2.22469e-46 -4.42793e-48  2.68185e-47
-4.14799e-37  2.27384e-33 -2.02188e-36 -6.71884e-34  1.38518e-35  6.21358e-34 -1.89867e-35  3.38698e-34 -1.72397e-35  2.02414e-34 -1.07889e-35 -1.54746e-34  1.63064e-35  3.98409e-35  4.89075e-36  7.97847e-35  1.88536e-36 -5.87413e-35 -2.60111e-36  4.80435e-35  -1.4011e-37  1.80555e-35 -2.44195e-37 -1.90141e-36  1.83002e-37 -8.49465e-36  2.82304e-37    6.555e-37 -3.80007e-38  3.71313e-37  3.79174e-39  7.81636e-37  1.74125e-38 -6.05574e-37 -1.68958e-38 -1.37007e-37  1.04309e-38 -5.97999e-38 -7.48353e-40 -3.30047e-38 -1.37778e-39  2.32986e-37  2.21731e-39 -1.10707e-36    2.719e-39  4.33879e-36 -3.10437e-40 -1.47298e-35  5.38877e-40  4.56231e-35  1.76293e-41 -1.29178e-34 -3.57767e-40  3.33713e-34  1.28559e-39 -7.84797e-34 -3.75678e-39  1.67505e-33  1.03657e-38 -3.23216e-33 -2.68153e-38  5.61036e-33  6.47871e-38 -8.70411e-33  -1.4609e-37  1.19675e-32  3.07288e-37 -1.44138e-32  -6.0246e-37  1.49549e-32  1.09982e-36 -1.30202e-32 -1.86707e-36  9.07456e-33  2.94266e-36 -4.54181e-33 -4.29708e-36  1.02295e-33  5.79879e-36  6.58965e-34 -7.20775e-36  -8.0551e-34  8.21656e-36  3.34279e-34 -8.54079e-36   2.5021e-35  8.02986e-36 -9.41907e-35 -6.74662e-36  3.36599e-35  4.96703e-36  7.46075e-36 -3.08789e-36 -8.38815e-36  1.48219e-36  7.28044e-37 -3.73915e-37  1.10405e-36 -2.07933e-37 -2.51716e-37  3.85408e-37 -9.39952e-38 -3.38099e-37  2.56777e-38  2.18463e-37  9.37288e-39 -1.12824e-37 -2.87556e-39  4.75752e-38 -1.77982e-40 -1.63712e-38  6.92671e-42  4.53581e-39   3.3044e-41 -9.86482e-40 -3.17051e-42   1.6164e-40 -2.08799e-43 -1.86386e-41 -6.71908e-45  1.32771e-42  8.29049e-46 -4.06606e-44  2.28649e-46 -4.92783e-46 -4.46098e-48
 -5.4952e-34 -2.02188e-36  4.00982e-33 -6.01085e-36 -6.56593e-34  2.96828e-35  5.91841e-34 -3.87654e-35  4.96606e-35 -2.84734e-35  1.78545e-34 -3.22295e-35 -1.98079e-35  2.53749e-35 -2.45558e-35  1.25733e-35  1.74434e-35  5.44615e-36 -5.14094e-35 -8.48332e-36   8.3824e-35  8.48704e-37  2.77671e-35 -2.70276e-37 -2.51566e-36  9.59569e-37 -1.47974e-35  4.69947e-37 -2.53565e-37 -2.28341e-37 -5.39117e-37  2.13174e-38  1.31076e-36  1.72928e-38 -1.01859e-36 -4.53343e-38 -3.89913e-37  2.12816e-38  3.00303e-37 -6.14565e-39 -1.68999e-36 -5.55791e-40  7.07485e-36  3.68258e-39 -2.77019e-35  5.33876e-39  9.85677e-35 -2.98058e-40 -3.19333e-34  7.85018e-40  9.45991e-34   1.4761e-39 -2.55961e-33 -5.30532e-39  6.31259e-33  1.65635e-38 -1.41521e-32 -4.73702e-38  2.87422e-32  1.26674e-37 -5.26484e-32 -3.16736e-37  8.64875e-32  7.39601e-37 -1.26476e-31 -1.61218e-36  1.63019e-31  3.27876e-36  -1.8264e-31 -6.21692e-36  1.74191e-31    1.098e-35 -1.36594e-31 -1.80421e-35  8.21509e-32  2.75421e-35 -3.09449e-32 -3.89898e-35 -1.02709e-33  5.10707e-35  1.08212e-32  -6.1721e-35 -7.21929e-33  6.85749e-35  1.38081e-33 -6.97153e-35  1.12685e-33  6.44443e-35 -8.36666e-34 -5.36934e-35  7.81449e-35  3.98004e-35  1.38755e-34 -2.56988e-35 -5.01605e-35  1.38909e-35 -1.12985e-35 -5.70279e-36  8.75231e-36  1.13883e-36  3.44791e-37  7.07322e-37 -9.25045e-37 -1.01399e-36  -7.5573e-39  7.29748e-37  7.96655e-38 -3.84427e-37 -3.11275e-39   1.5913e-37 -2.65919e-39 -5.24908e-38 -3.73452e-40  1.36736e-38  1.46905e-40  -2.7417e-39  2.14148e-42  4.04519e-40 -6.61475e-43 -4.06396e-41 -1.23838e-43  2.38692e-42 -1.43078e-45 -5.26537e-44  4.00144e-46 -5.17997e-46
 4.10119e-36 -6.71884e-34 -6.01085e-36  5.75361e-33 -1.46338e-35 -6.50127e-34  4.87661e-35  2.62094e-34 -6.11286e-35 -3.05197e-34 -3.40734e-35   3.0367e-34 -6.90098e-35  1.92623e-34  3.36216e-35 -9.61723e-35  2.06776e-35 -1.25713e-34  1.08577e-35 -2.79516e-35 -1.65404e-35  1.15183e-34  1.62535e-36  4.07144e-35 -2.55525e-37  3.60514e-36  1.72854e-36 -2.02225e-35   5.7414e-37  -2.7504e-36 -6.46266e-37 -2.29139e-36  7.44252e-38  1.50085e-36  8.44303e-39 -1.03491e-36 -8.99589e-38 -2.41313e-36  3.34949e-38  8.01823e-36 -1.69929e-38   -3.525e-35  1.05383e-39  1.41673e-34   4.0531e-39 -5.24347e-34  8.10095e-39  1.77639e-33  1.18096e-39 -5.50483e-33 -3.08632e-39  1.55928e-32  1.80808e-38 -4.03025e-32 -5.76402e-38  9.48289e-32  1.71217e-37 -2.02499e-31 -4.73568e-37  3.90912e-31  1.22342e-36 -6.78785e-31 -2.95299e-36  1.05333e-30   6.6561e-36 -1.44828e-30 -1.40051e-35  1.74379e-30  2.74938e-35 -1.80767e-30 -5.03232e-35  1.57083e-30  8.58054e-35 -1.09034e-30 -1.36149e-34  5.40036e-31  2.00768e-34 -1.14937e-31 -2.74701e-34 -8.55308e-32  3.48049e-34  9.95492e-32 -4.07329e-34 -4.00515e-32  4.38932e-34 -4.02908e-33 -4.33734e-34  1.19076e-32  3.90931e-34 -4.07015e-33 -3.19085e-34 -1.02888e-33   2.3349e-34  1.06014e-33 -1.50898e-34 -7.72152e-35  8.40374e-35 -1.42952e-34 -3.84576e-35  2.94747e-35  1.27666e-35  1.34757e-35 -1.42944e-36 -3.64035e-36 -1.83882e-36 -1.06704e-36  1.78758e-36  2.85885e-37 -1.00035e-36  5.29333e-38  4.11431e-37 -7.14181e-39 -1.30412e-37 -3.19579e-39  3.18587e-38  2.33656e-40 -5.85048e-39  4.05827e-41  7.68282e-40  1.81099e-42   -6.592e-41 -3.21197e-43  3.07152e-42 -1.51369e-44 -4.37428e-44  2.04779e-46
  4.4046e-34  1.38518e-35 -6.56593e-34 -1.46338e-35  7.00902e-33 -3.31687e-35 -5.56915e-34  6.77015e-35 -2.75761e-34 -7.84556e-35 -5.66888e-34 -2.99445e-35  6.36846e-34 -1.16279e-34  4.12954e-34  4.14551e-35 -1.17284e-34  2.63161e-35 -3.20121e-34  1.67817e-35 -6.15374e-36 -2.40617e-35  1.25762e-34  1.65493e-36  5.44027e-35 -8.00485e-38  2.01485e-35  2.06898e-36 -2.29564e-35  4.89732e-37 -6.60747e-36 -1.34947e-36 -4.42577e-36  1.70221e-37  1.13804e-37  8.72631e-40  4.95967e-36 -1.46058e-37 -3.30895e-35  4.21033e-38  1.44931e-34 -3.36774e-38  -6.0987e-34  1.80028e-39  2.35408e-33  1.94343e-39 -8.33175e-33  7.36651e-39  2.70003e-32  1.51834e-38 -8.00331e-32 -4.86262e-38  2.16676e-31  1.71401e-37 -5.34688e-31 -5.23883e-37  1.19941e-30  1.49758e-36 -2.43728e-30 -3.99632e-36  4.46668e-30  9.95955e-36 -7.34052e-30 -2.31819e-35  1.07372e-29  5.03781e-35 -1.38396e-29 -1.02176e-34   1.5499e-29  1.93309e-34 -1.47654e-29 -3.40933e-34   1.1549e-29  5.60088e-34  -6.9041e-30 -8.56246e-34  2.54947e-30  1.21671e-33   1.5006e-31 -1.60471e-33 -9.51976e-31   1.9609e-33  6.18598e-31 -2.21508e-33 -1.09708e-31  2.30655e-33 -1.02686e-31 -2.20588e-33  7.29123e-32  1.92829e-33 -5.71512e-33 -1.53104e-33 -1.25838e-32  1.09471e-33  4.32398e-33 -6.96395e-34  1.09245e-33  3.87017e-34 -7.78773e-34 -1.82199e-34 -4.55299e-35  6.82059e-35  8.67876e-35 -1.67467e-35   4.3085e-37 -4.18426e-37 -6.78695e-36  3.21618e-36 -2.67685e-39 -2.08659e-36  3.16528e-37  8.69468e-37  2.16555e-38 -2.65792e-37 -1.08559e-38  6.07013e-38 -6.15993e-40 -1.01245e-38  8.00556e-41  1.16587e-39  1.30977e-41 -8.31779e-41 -6.76082e-44  2.90287e-42 -2.55847e-44 -2.12984e-44
-6.14802e-36  6.21358e-34  2.96828e-35 -6.50127e-34 -3.31687e-35  7.30487e-33 -6.94413e-35 -3.76278e-34  8.43102e-35 -7.99433e-34 -8.23357e-35 -7.73103e-34 -1.67707e-35  1.10524e-33 -1.62293e-34  5.79615e-34  4.86238e-35 -3.37116e-35  2.78983e-35 -5.27694e-34  2.13428e-35  4.86193e-37   -2.815e-35  1.05627e-34   9.5541e-37  6.34575e-35  4.49439e-37  4.60762e-35  1.79719e-36 -2.19718e-35  2.10975e-37 -1.19894e-35 -2.35979e-36 -3.42012e-36  2.89065e-37 -2.01034e-35  8.62089e-39  1.07066e-34 -2.06559e-37 -5.20838e-34  4.05225e-38  2.28077e-33 -5.69768e-38 -9.20262e-33  -1.2705e-39  3.40323e-32  1.43178e-39 -1.15295e-31 -2.35256e-38  3.57502e-31  1.33657e-37 -1.01331e-30 -4.41523e-37  2.62083e-30  1.41269e-36 -6.17072e-30  -4.1656e-36  1.31856e-29  1.14764e-35 -2.54697e-29 -2.95227e-35  4.42505e-29  7.09111e-35 -6.86981e-29  -1.5901e-34  9.44819e-29  3.32774e-34 -1.13757e-28 -6.49691e-34   1.1786e-28  1.18271e-33 -1.02264e-28 -2.00629e-33  7.07277e-29  3.16916e-33 -3.46891e-29 -4.65753e-33  6.96442e-30  6.36186e-33   5.9489e-30 -8.06661e-33 -6.63732e-30  9.47992e-33  2.59387e-30 -1.03055e-32  3.26884e-31  1.03367e-32 -8.11452e-31 -9.53435e-33  2.66064e-31  8.05179e-33  7.55273e-32 -6.18954e-33 -7.22858e-32   4.2974e-33  4.23939e-33  -2.6663e-33  1.00743e-32  1.45602e-33 -1.93052e-33 -6.83578e-34 -9.83323e-34  2.64647e-34  2.52284e-34  -7.6779e-35  7.55455e-35  1.11971e-35 -1.82568e-35   3.6409e-36 -4.49169e-36  -3.5404e-36  6.26002e-37  1.54533e-36  2.04077e-37 -4.58015e-37 -1.04176e-38  9.73948e-38 -3.60332e-39 -1.45974e-38  -1.2034e-40  1.44531e-39  2.44664e-41 -8.25609e-41  9.58769e-43  1.95882e-42 -7.87886e-45
 3.43161e-34 -1.89867e-35  5.91841e-34  4.87661e-35 -5.56915e-34 -6.94413e-35  6.85009e-33 -1.27794e-34 -2.44607e-34   9.7753e-35 -1.13921e-33 -6.75922e-35 -1.05795e-33  1.01091e-36  1.56834e-33 -1.94069e-34  6.69088e-34  5.31211e-35  1.64245e-34  2.51317e-35 -7.11656e-34  2.30176e-35 -1.09749e-35 -2.72174e-35  5.65744e-35 -2.78806e-38  6.42233e-35  1.44662e-36  7.50682e-35  1.04661e-36 -1.61403e-35 -1.21022e-37 -2.75491e-35 -3.66093e-36  5.06537e-35  3.87917e-37 -3.28284e-34   4.0267e-38  1.64719e-33 -2.69434e-37 -7.58418e-33  2.16512e-38  3.19661e-32 -8.75367e-38 -1.23543e-31 -2.18408e-38  4.37481e-31  5.49594e-38  -1.4186e-30 -2.88616e-37  4.20792e-30  1.05441e-36 -1.14005e-29 -3.42118e-36  2.81536e-29  1.04482e-35 -6.32008e-29 -2.97138e-35  1.28521e-28  7.88983e-35 -2.35696e-28 -1.95556e-34  3.87581e-28  4.52377e-34 -5.67205e-28 -9.76434e-34  7.31292e-28  1.96579e-33 -8.18903e-28 -3.68966e-33  7.79549e-28  6.45302e-33 -6.08463e-28 -1.05101e-32   3.6178e-28  1.59306e-32 -1.31061e-28 -2.24549e-32  -1.1082e-29  2.94088e-32  5.20809e-29  -3.5751e-32 -3.30536e-29  4.02899e-32  5.42971e-30 -4.20229e-32  5.80196e-30  4.04761e-32  -3.9618e-30 -3.58951e-32   2.5441e-31  2.91893e-32   7.1002e-31 -2.16459e-32 -2.32799e-31  1.45305e-32 -6.53214e-32 -8.74206e-33  4.34784e-32  4.64973e-33  3.14071e-33  -2.1433e-33 -4.95814e-33  8.29234e-34 -6.62233e-35 -2.53052e-34  3.85642e-34  5.11108e-35  6.71179e-36 -4.75256e-37 -1.95043e-35 -4.82116e-36 -1.14041e-36  2.34692e-36  5.77215e-37 -6.79613e-37  4.82396e-38   1.3384e-37 -5.34471e-39 -1.77726e-38  -7.7222e-40  1.47284e-39  3.27151e-42 -6.36053e-41  1.40285e-42  8.31995e-43
-6.63976e-36  3.38698e-34 -3.87654e-35  2.62094e-34  6.77015e-35 -3.76278e-34 -1.27794e-34    6.294e-33 -2.01472e-34 -2.60168e-34  1.08151e-34 -1.24232e-33 -3.56931e-35 -1.49511e-33  1.81884e-35  1.89269e-33 -2.03785e-34  7.01173e-34  5.23563e-35  4.34279e-34  1.84035e-35 -8.39775e-34  2.12156e-35 -3.25109e-35 -2.15887e-35 -1.12682e-35 -6.88691e-37  5.85655e-35   2.8442e-36  9.54622e-35  1.78039e-37  1.38438e-35 -2.71374e-37 -1.82345e-34 -5.18856e-36  8.87146e-34  4.11784e-37 -4.72028e-33  9.80673e-38  2.27082e-32 -3.43888e-37 -1.00087e-31 -2.49691e-38   4.0421e-31 -1.06157e-37 -1.49599e-30 -1.65779e-37  5.07177e-30  5.72279e-37 -1.57381e-29 -2.25273e-36  4.46435e-29  7.62912e-36 -1.15559e-28 -2.39868e-35  2.72306e-28  7.05123e-35 -5.82342e-28 -1.93344e-34  1.12578e-27  4.94728e-34 -1.95739e-27 -1.18109e-33  3.04088e-27  2.63004e-33  -4.1844e-27  -5.4606e-33  5.03941e-27  1.05662e-32 -5.22015e-27 -1.90446e-32  4.52449e-27  3.19555e-32 -3.11971e-27  -4.9886e-32  1.51634e-27  7.24103e-32 -2.86827e-28 -9.76634e-32 -2.79507e-28  1.22316e-31   3.0074e-28 -1.42146e-31 -1.14408e-28  1.53139e-31 -1.72594e-29 -1.52759e-31  3.75543e-29  1.40841e-31 -1.18484e-29 -1.19711e-31 -3.73044e-30  9.34517e-32  3.35538e-30 -6.66499e-32 -1.53333e-31  4.31147e-32 -4.82395e-31 -2.50518e-32  8.67206e-32  1.29049e-32  4.82118e-32 -5.78748e-33 -1.16937e-32  2.19902e-33 -3.75975e-33 -6.75303e-34  8.43802e-34  1.50526e-34  2.32812e-34 -1.51401e-35  -3.0973e-35 -4.91785e-36 -9.85409e-36  3.07177e-36  3.75561e-37 -8.78734e-37  1.93657e-37  1.59074e-37  5.89231e-39 -1.83587e-38 -1.18974e-39  1.22506e-39 -4.98749e-41 -3.62577e-41  2.92515e-43
 2.03842e-34 -1.72397e-35  4.96606e-35 -6.11286e-35 -2.75761e-34  8.43102e-35 -2.44607e-34 -2.01472e-34  6.07955e-33 -2.71526e-34 -4.23429e-34  1.15812e-34 -1.14278e-33  5.49413e-36 -2.03833e-33  3.10771e-35  1.99242e-33 -1.91371e-34  7.19562e-34  4.51565e-35  7.05257e-34  8.42999e-36 -8.89335e-34  1.62672e-35 -4.79106e-35  -1.3022e-35 -8.74849e-35 -4.28831e-37  5.88479e-35    4.422e-36   5.4173e-35 -3.88441e-37  3.67604e-34 -3.49478e-38 -2.27588e-33 -6.81326e-36  1.22978e-32   3.0282e-37 -6.19369e-32  1.88147e-37   2.8533e-31 -4.43954e-37 -1.20428e-30 -1.46728e-37  4.65789e-30  7.47406e-38 -1.65071e-29  -1.2039e-36  5.35697e-29   4.3984e-36 -1.59034e-28 -1.56724e-35  4.31245e-28  5.10257e-35 -1.06591e-27 -1.54953e-34    2.395e-27  4.39177e-34 -4.87475e-27 -1.16107e-33  8.94785e-27  2.86297e-33 -1.47263e-26 -6.58249e-33  2.15673e-26  1.41058e-32 -2.78222e-26 -2.81593e-32   3.1163e-26  5.23367e-32 -2.96549e-26  -9.0505e-32  2.31098e-26  1.45523e-31 -1.36758e-26 -2.17416e-31  4.86527e-27  3.01637e-31  5.35084e-28 -3.88389e-31 -2.05028e-27  4.63902e-31  1.27442e-27 -5.13778e-31 -1.93871e-28  5.27362e-31  -2.3533e-28 -5.01342e-31  1.55351e-28  4.40906e-31 -7.92933e-30 -3.57988e-31 -2.88497e-29  2.67459e-31  9.07234e-30 -1.82938e-31  2.78741e-30  1.13726e-31 -1.75364e-30 -6.36257e-32 -1.48188e-31   3.1619e-32  2.03819e-31 -1.37151e-32  4.69831e-33  5.06542e-33 -1.60764e-32 -1.53114e-33 -4.33677e-34  3.50197e-34   8.3169e-34 -4.74497e-35  5.10665e-35 -2.67743e-36 -2.37232e-35  3.47674e-36 -2.30898e-36 -9.98267e-37  2.35114e-37  1.64329e-37  3.34138e-38 -1.60432e-38  -4.4533e-41  8.12139e-40 -6.07934e-41 -1.33067e-41
-2.05986e-36  2.02414e-34 -2.84734e-35 -3.05197e-34 -7.84556e-35 -7.99433e-34   9.7753e-35 -2.60168e-34 -2.71526e-34  6.24542e-33 -3.15133e-34 -6.88679e-34  1.19864e-34  -9.2261e-34  4.57925e-35 -2.55823e-33  3.79636e-35  1.83476e-33 -1.62657e-34  7.62825e-34  3.27038e-35  9.07647e-34 -3.73043e-36 -8.52463e-34  8.98288e-36 -3.63334e-35 -3.68642e-36   -1.776e-34  1.30034e-36  1.66673e-34  5.92561e-36 -7.02945e-34 -3.14157e-37  5.11583e-33  6.46034e-37 -2.95056e-32 -8.33495e-36  1.54987e-31  8.16635e-39 -7.46474e-31  3.24362e-37  3.29269e-30 -5.24747e-37  -1.3309e-29 -6.71695e-37  4.92966e-29  1.80345e-36 -1.67269e-28 -8.29058e-36  5.19509e-28   2.9827e-35 -1.47503e-27 -1.01013e-34  3.82175e-27  3.17452e-34 -9.01455e-27 -9.30605e-34  1.92975e-26  2.54451e-33 -3.73433e-26 -6.48732e-33   6.4993e-26  1.54179e-32 -1.01063e-25 -3.41421e-32   1.3918e-25  7.04067e-32 -1.67719e-25 -1.35116e-31  1.73766e-25  2.41124e-31 -1.50517e-25 -3.99822e-31  1.03531e-25  6.15498e-31 -4.99149e-26 -8.78981e-31  8.89199e-27  1.16365e-30   9.8225e-27 -1.42732e-30 -1.02475e-26  1.62153e-30   3.8042e-27 -1.70604e-30  6.64905e-28  1.66238e-30 -1.30647e-27 -1.50027e-30  3.98062e-28  1.25362e-30  1.37359e-28 -9.68723e-31  -1.1735e-28  6.90396e-31  4.01461e-30 -4.51614e-31  1.73536e-29  2.69145e-31  -2.9446e-30 -1.44634e-31 -1.77333e-30  6.91393e-32  4.08819e-31 -2.88872e-32  1.41147e-31  1.03009e-32 -2.99095e-32 -3.02538e-33 -8.85999e-33  6.86428e-34  1.10948e-33 -1.02155e-34  3.70967e-34  2.53893e-36 -1.13956e-35  3.40084e-36 -7.51341e-36 -1.00253e-36 -2.36092e-37  1.47666e-37  4.41257e-38 -1.17206e-38  2.00332e-39   4.0622e-40 -9.42492e-42
-1.64587e-34 -1.07889e-35  1.78545e-34 -3.40734e-35 -5.66888e-34 -8.23357e-35 -1.13921e-33  1.08151e-34 -4.23429e-34 -3.15133e-34  6.64215e-33 -3.17639e-34 -1.00601e-33  1.17692e-34 -6.80032e-34   7.7486e-35 -2.90809e-33   3.8417e-35  1.43445e-33 -1.25742e-34  8.41041e-34  1.78762e-35  9.94905e-34 -1.66727e-35 -7.39382e-34  2.01666e-37  4.17005e-35  4.69982e-36  -4.6006e-34  4.98631e-36  1.68684e-33   7.1854e-36  -1.0689e-32  5.94358e-37  6.50247e-32  1.63682e-36 -3.58102e-31 -9.51021e-36  1.80294e-30  -4.9448e-37 -8.31249e-30  4.50012e-37  3.51124e-29 -8.69948e-38 -1.35922e-28 -3.80438e-36  4.82119e-28  1.38109e-35 -1.56605e-27 -5.34991e-35  4.65373e-27  1.86618e-34 -1.26322e-26  -6.0816e-34  3.12562e-26  1.84592e-33 -7.03058e-26  -5.2248e-33  1.43258e-25  1.37881e-32  -2.6325e-25 -3.39135e-32  4.33727e-25  7.77097e-32 -6.35856e-25 -1.65787e-31  8.20986e-25  3.29061e-31 -9.20123e-25 -6.07123e-31  8.75661e-25  1.04025e-30 -6.81685e-25 -1.65352e-30  4.01814e-25  2.43582e-30 -1.40563e-25 -3.32208e-30 -1.89431e-26  4.19114e-30  6.25835e-26 -4.88807e-30 -3.82075e-26  5.26871e-30  5.38877e-27 -5.24933e-30  7.38632e-27  4.83728e-30 -4.73828e-27 -4.12665e-30  1.85133e-28  3.26175e-30   9.0957e-28 -2.38873e-30 -2.75883e-28  1.61805e-30 -9.16133e-29 -1.00929e-30  5.50581e-29  5.75301e-31  5.26746e-30 -2.96349e-31 -6.52279e-30  1.35965e-31 -2.07068e-31 -5.45528e-32  5.22985e-31  1.86938e-32  1.78476e-32 -5.28999e-33 -2.73694e-32   1.1683e-33 -1.82849e-33 -1.77389e-34  7.77609e-34  1.02226e-35   8.1849e-35  2.86396e-36 -7.79333e-36 -8.94548e-37 -1.14384e-36  1.15005e-37 -1.30045e-39 -6.97596e-39  2.08769e-39  1.32581e-40
 7.40062e-36 -1.54746e-34 -3.22295e-35   3.0367e-34 -2.99445e-35 -7.73103e-34 -6.75922e-35 -1.24232e-33  1.15812e-34 -6.88679e-34 -3.17639e-34  7.14339e-33  -2.7975e-34 -1.33069e-33   1.0653e-34 -4.97604e-34  9.75303e-35  -2.9779e-33  3.28221e-35  8.51462e-34 -8.83236e-35  9.27114e-34  3.82203e-36  9.55036e-34 -2.88851e-35 -6.08071e-34 -9.35789e-36  5.13624e-34  1.12064e-35 -3.34236e-33  1.09733e-35  2.11363e-32  8.16849e-36 -1.33005e-31   2.3779e-36  7.66995e-31  2.66002e-36 -4.03982e-30 -1.01323e-35  1.94708e-29 -1.06421e-36 -8.59564e-29 -1.28963e-37  3.47735e-28  4.24797e-36  -1.2892e-27 -2.33547e-35  4.37865e-27  8.87406e-35 -1.36133e-26  -3.2343e-34  3.86933e-26  1.09093e-33 -1.00365e-25 -3.43226e-33  2.37012e-25  1.00656e-32 -5.07983e-25 -2.75206e-32  9.84218e-25  7.01301e-32 -1.71505e-24 -1.66488e-31  2.67005e-24  3.67982e-31 -3.68119e-24 -7.56651e-31  4.44016e-24  1.44606e-30   -4.603e-24 -2.56583e-30  3.98668e-24  4.22185e-30 -2.73737e-24 -6.43351e-30  1.31048e-24  9.06753e-30 -2.20002e-25  -1.1805e-29  -2.7354e-25    1.418e-29  2.78101e-25 -1.57021e-29 -1.01028e-25   1.6023e-29 -1.99414e-26 -1.50722e-29  3.61888e-26  1.30842e-29 -1.06937e-26 -1.05027e-29 -3.99665e-27  7.81346e-30  3.27509e-27 -5.39682e-30 -7.94073e-29  3.46007e-30 -4.96951e-28 -2.05155e-30  8.01554e-29  1.11594e-30  5.18863e-29  -5.5005e-31 -1.14649e-29  2.41772e-31 -4.20983e-30  -9.2937e-32  8.52211e-31  3.04984e-32  2.67072e-31 -8.26758e-33 -3.16271e-32  1.75624e-33 -1.12315e-32 -2.62223e-34  2.90501e-34   1.8597e-35  2.29727e-34  2.06604e-36  7.72373e-36 -7.12355e-37 -1.32583e-36  7.68601e-38 -6.39663e-38 -3.20325e-39  2.51824e-40
 6.53812e-35  1.63064e-35 -1.98079e-35 -6.90098e-35  6.36846e-34 -1.67707e-35 -1.05795e-33 -3.56931e-35 -1.14278e-33  1.19864e-34 -1.00601e-33  -2.7975e-34  7.68797e-33 -2.15683e-34  -1.6301e-33  8.62564e-35 -4.19181e-34  1.06622e-34 -2.72752e-33  2.25674e-35  1.88487e-34 -5.67203e-35  9.60374e-34 -7.09647e-36  8.59721e-34  -3.9142e-35 -1.00684e-33 -1.89546e-35  5.52059e-33  1.55719e-35 -3.86471e-32  1.92917e-35  2.53565e-31  8.95432e-36 -1.52968e-30  4.92302e-36  8.42988e-30  3.43315e-36 -4.24849e-29 -1.02565e-35  1.96041e-28 -6.25548e-37 -8.28829e-28 -6.17419e-36  3.21149e-27  3.29892e-35 -1.14027e-26 -1.40158e-34  3.70787e-26  5.23746e-34 -1.10308e-25 -1.83493e-33  2.99775e-25  5.98404e-33 -7.42656e-25 -1.81968e-32  1.67263e-24  5.15859e-32 -3.41272e-24 -1.36311e-31  6.27962e-24  3.35599e-31 -1.03601e-23 -7.69378e-31  1.52081e-23  1.64116e-30 -1.96597e-23 -3.25417e-30  2.20556e-23  5.99118e-30 -2.10012e-23 -1.02282e-29  1.63418e-23  1.61683e-29 -9.60296e-24 -2.36274e-29  3.30871e-24  3.18661e-29   5.2435e-25  -3.9598e-29 -1.55021e-24  4.52665e-29  9.32252e-25 -4.75447e-29 -1.22278e-25  4.58523e-29 -1.87809e-25  -4.0613e-29  1.17676e-25  3.30883e-29 -3.35609e-27 -2.48706e-29 -2.32881e-26  1.73185e-29  6.85461e-27 -1.12191e-29  2.43062e-27  6.77545e-30  -1.4092e-27 -3.80522e-30 -1.48641e-28  1.97067e-30  1.70181e-28 -9.27956e-31  6.63637e-30  3.90156e-31 -1.38659e-29 -1.43413e-31 -5.53947e-31   4.4954e-32  7.33671e-31 -1.16273e-32  5.27874e-32  2.35694e-33 -2.09557e-32 -3.38524e-34 -2.32294e-33  2.52471e-35  2.09361e-34  1.27825e-36  3.21256e-35 -5.07878e-37  9.59642e-38  4.31462e-38 -5.86715e-38 -9.84514e-40
 3.99952e-37  3.98409e-35  2.53749e-35  1.92623e-34 -1.16279e-34  1.10524e-33  1.01091e-36 -1.49511e-33  5.49413e-36  -9.2261e-34  1.17692e-34 -1.33069e-33 -2.15683e-34  8.23996e-33 -1.44804e-34 -1.89399e-33   6.0995e-35 -4.46619e-34  1.06879e-34 -2.19916e-33  1.01689e-35 -4.14613e-34 -3.57935e-35  7.94463e-34 -1.34648e-35  1.53771e-33 -4.68088e-35 -8.61502e-33 -2.76481e-35   6.5321e-32  1.79098e-35 -4.51108e-31  2.94768e-35  2.84966e-30  9.67919e-36 -1.64359e-29  7.91648e-36  8.66381e-29  3.97552e-36 -4.17941e-28 -1.12131e-35  1.84676e-27  7.33514e-36 -7.47833e-27 -4.60476e-35  2.77542e-26  2.02444e-34 -9.43688e-26 -7.97215e-34  2.93736e-25   2.8908e-33 -8.35922e-25 -9.78296e-33  2.17108e-24  3.08584e-32 -5.13394e-24 -9.07582e-32  1.10189e-23  2.48842e-31 -2.13802e-23 -6.35836e-31   3.7311e-23  1.51327e-30  -5.8173e-23 -3.35208e-30  8.03179e-23  6.90459e-30 -9.70042e-23 -1.32096e-29  1.00666e-22  2.34417e-29 -8.72245e-23 -3.85266e-29  5.98297e-23  5.85391e-29 -2.84765e-23  -8.2075e-29  4.51456e-24  1.05964e-28  6.26574e-24 -1.25708e-28 -6.23745e-24  1.36748e-28  2.22451e-24 -1.36163e-28  4.85344e-25  1.23953e-28 -8.28313e-25  -1.0315e-28   2.3856e-25   7.8596e-29  9.54223e-26  -5.5048e-29  -7.5697e-26  3.56628e-29  1.20385e-27   -2.153e-29  1.17607e-26  1.21795e-29 -1.81925e-27 -6.45351e-30 -1.25322e-27  3.17441e-30  2.67956e-28 -1.42574e-30  1.03496e-28  5.72552e-31 -2.02371e-29 -2.00916e-31 -6.64262e-30  6.00467e-32  7.52451e-31 -1.47825e-32   2.8181e-31  2.84481e-33 -6.31728e-33 -3.87247e-34 -5.80541e-33  2.82123e-35 -2.08116e-34  7.00464e-37  3.33508e-35  -3.2374e-37  1.68335e-36  1.93969e-38 -5.67221e-39
 6.21725e-35  4.89075e-36 -2.45558e-35  3.36216e-35  4.12954e-34 -1.62293e-34  1.56834e-33  1.81884e-35 -2.03833e-33  4.57925e-35 -6.80032e-34   1.0653e-34  -1.6301e-33 -1.44804e-34  8.76632e-33 -8.27624e-35 -2.13394e-33  3.81729e-35 -5.52139e-34  1.00134e-34 -1.51662e-33 -1.42685e-36  -7.0599e-34 -2.88052e-35 -7.44734e-34 -1.43643e-35  1.30153e-32 -5.18912e-35 -1.02767e-31 -3.43497e-35  7.50538e-31  1.84667e-35 -4.97105e-30  4.04963e-35  3.00217e-29  1.05318e-35 -1.65576e-28  1.06153e-35  8.35205e-28  5.82676e-36 -3.85759e-27 -2.11636e-35  1.63256e-26  5.97351e-35 -6.33253e-26  -2.7616e-34    2.251e-25  1.13086e-33  -7.3285e-25 -4.26941e-33  2.18299e-24  1.49869e-32 -5.94056e-24 -4.90622e-32  1.47379e-23  1.49763e-31 -3.32423e-23 -4.26265e-31  6.79303e-23  1.13099e-30 -1.25195e-22   -2.796e-30  2.06882e-22  6.43618e-30 -3.04184e-22 -1.37833e-29  3.93837e-22  2.74304e-29 -4.42454e-22 -5.06637e-29  4.21744e-22  8.67108e-29 -3.28245e-22 -1.37272e-28   1.9248e-22  2.00604e-28 -6.54516e-23 -2.69996e-28 -1.18207e-23  3.33854e-28    3.213e-23  -3.7826e-28 -1.90911e-23  3.91645e-28  2.34179e-24 -3.69633e-28  3.98963e-24  3.17376e-28 -2.45431e-24 -2.47715e-28  4.80995e-26  1.75978e-28  4.99317e-25 -1.14297e-28 -1.43579e-25  6.84467e-29 -5.37236e-26 -3.82312e-29  3.03362e-26  2.01284e-29  3.44643e-27 -1.00176e-29 -3.73292e-27  4.66825e-30  -1.6682e-28 -1.99636e-30  3.08998e-28  7.64405e-31  1.37571e-29 -2.55658e-31 -1.65521e-29  7.27741e-32 -1.25986e-30 -1.70403e-32  4.76985e-31  3.10501e-33  5.49275e-32 -3.96192e-34  -4.7527e-33  2.68848e-35 -7.59805e-34  3.81704e-37 -3.28838e-36 -1.81834e-37  1.39044e-36  6.11369e-39
 3.58559e-37  7.97847e-35  1.25733e-35 -9.61723e-35  4.14551e-35  5.79615e-34 -1.94069e-34  1.89269e-33  3.10771e-35 -2.55823e-33   7.7486e-35 -4.97604e-34  8.62564e-35 -1.89399e-33 -8.27624e-35   9.2478e-33 -3.67662e-35  -2.3685e-33  2.57359e-35 -6.84246e-34  8.76222e-35 -9.81078e-34 -1.01666e-35  9.35319e-34 -3.69575e-35 -1.76929e-32 -8.95327e-36  1.52664e-31 -5.48348e-35    -1.17e-30 -3.81558e-35   8.1375e-30  1.75104e-35 -5.14894e-29  5.08405e-35  2.97233e-28  1.19925e-35  -1.5682e-27  1.05956e-35  7.57229e-27  1.84503e-35 -3.34942e-26 -8.49247e-35  1.35782e-25  3.53399e-34 -5.04516e-25 -1.50327e-33  1.71757e-24  5.89788e-33 -5.35326e-24 -2.15057e-32  1.52558e-23  7.30781e-32 -3.96814e-23 -2.31599e-31    9.398e-23  6.84525e-31 -2.02037e-22 -1.88659e-30  3.92678e-22  4.84661e-30  -6.8647e-22 -1.15989e-29  1.07221e-21  2.58388e-29 -1.48299e-21 -5.35256e-29  1.79414e-21  1.02977e-28 -1.86466e-21 -1.83723e-28  1.61734e-21  3.03433e-28 -1.10914e-21 -4.62974e-28  5.25575e-22  6.51078e-28 -7.89951e-23 -8.41686e-28  -1.2116e-22  9.97323e-28  1.18643e-22  -1.0797e-27 -4.16905e-23  1.06437e-27 -9.86467e-24 -9.52237e-28  1.60769e-23  7.70854e-28 -4.53847e-24 -5.63586e-28 -1.91933e-24  3.72297e-28   1.4871e-24 -2.23204e-28 -1.38752e-26  1.22724e-28 -2.36089e-25 -6.29115e-29  3.54058e-26  3.06009e-29  2.56404e-26 -1.42347e-29 -5.36067e-27  6.26689e-30 -2.15305e-27 -2.54586e-30   4.1144e-28  9.27035e-31  1.39987e-28  -2.9493e-31 -1.53882e-29  7.99671e-32 -6.00539e-30 -1.78413e-32  1.20579e-31  3.07815e-33  1.24855e-31 -3.64843e-34  4.70203e-33  2.21664e-35 -7.19233e-34  2.45501e-37 -3.75327e-35 -8.58118e-38  1.11221e-37
-4.06523e-35  1.88536e-36  1.74434e-35  2.06776e-35 -1.17284e-34  4.86238e-35  6.69088e-34 -2.03785e-34  1.99242e-33  3.79636e-35 -2.90809e-33  9.75303e-35 -4.19181e-34   6.0995e-35 -2.13394e-33 -3.67662e-35  9.69425e-33 -5.93135e-36 -2.61757e-33  2.92236e-35 -6.30903e-34  7.05313e-35  -2.6364e-33 -1.58725e-35  2.30774e-32 -5.89763e-35 -2.13022e-31  3.45824e-36  1.71523e-30 -5.62178e-35 -1.25221e-29 -3.87894e-35  8.30716e-29  1.53414e-35 -5.02168e-28  5.86075e-35  2.77211e-27  1.61906e-35 -1.39969e-26 -3.05087e-36  6.47161e-26  9.24915e-35 -2.74192e-25 -4.33781e-34  1.06484e-24   1.8718e-33 -3.78998e-24 -7.62263e-33  1.23557e-23  2.88722e-32 -3.68581e-23 -1.01889e-31  1.00455e-22  3.35329e-31 -2.49621e-22 -1.02948e-30  5.63996e-22  2.94802e-30 -1.15457e-21 -7.87209e-30  2.13182e-21  1.95924e-29 -3.52954e-21 -4.54169e-29  5.19971e-21  9.79678e-29 -6.74532e-21 -1.96418e-28  7.59202e-21  3.65513e-28 -7.24817e-21  -6.3026e-28  5.64645e-21  1.00503e-27 -3.30759e-21 -1.47874e-27  1.11269e-21  2.00226e-27  2.23177e-22 -2.48749e-27 -5.69596e-22  2.82587e-27  3.35469e-22 -2.92451e-27 -3.88218e-23   2.7459e-27 -7.23898e-23 -2.32904e-27  4.39544e-23  1.77715e-27 -5.50563e-25  -1.2159e-27 -9.16547e-24  7.45156e-28  2.59378e-24 -4.10576e-28  1.01173e-24  2.05828e-28 -5.61761e-25 -9.59881e-29 -6.72807e-26  4.27886e-29  7.03854e-26 -1.85095e-29  3.42896e-27  7.67454e-30 -5.91906e-27 -2.95028e-30 -2.82445e-28  1.01675e-30  3.21464e-28 -3.06822e-31  2.54247e-29  7.94049e-32 -9.37145e-30 -1.69785e-32 -1.10894e-30  2.78233e-33  9.36365e-32 -3.03654e-34  1.54464e-32   1.5865e-35  8.07407e-35  1.80467e-37 -2.84334e-35  -2.9505e-38
 2.65683e-39 -5.87413e-35  5.44615e-36 -1.25713e-34  2.63161e-35 -3.37116e-35  5.31211e-35  7.01173e-34 -1.91371e-34  1.83476e-33   3.8417e-35  -2.9779e-33  1.06622e-34 -4.46619e-34  3.81729e-35  -2.3685e-33 -5.93135e-36   1.0155e-32  1.53023e-35 -3.06045e-33   5.0025e-35  1.85605e-33  5.04968e-35 -2.95349e-32 -2.00949e-35  2.78711e-31 -9.11988e-35 -2.36668e-30   2.2848e-35  1.81453e-29 -5.65161e-35 -1.26275e-28 -3.68993e-35  7.99765e-28  1.25239e-35 -4.62114e-27  6.06435e-35  2.44056e-26  3.38201e-35 -1.17972e-25 -8.41854e-35   5.2242e-25  4.81137e-34 -2.12044e-24 -2.18576e-33  7.88909e-24  9.21042e-33 -2.68951e-23 -3.62266e-32  8.39503e-23  1.32803e-31  -2.3962e-22 -4.54026e-31  6.24312e-22   1.4482e-30 -1.48121e-21 -4.30992e-30  3.19022e-21  1.19655e-29 -6.21261e-21 -3.09775e-29  1.08828e-20  7.47404e-29 -1.70338e-20 -1.67921e-28  2.36102e-20  3.50948e-28 -2.86247e-20 -6.81401e-28  2.98094e-20  1.22718e-27 -2.58984e-20 -2.04625e-27  1.77728e-20  3.15216e-27 -8.39768e-21 -4.47467e-27  1.20402e-21  5.83646e-27  2.01588e-21 -6.97135e-27 -1.95054e-21  7.59616e-27  6.78107e-22 -7.51779e-27  1.70951e-22  6.72487e-27 -2.69694e-22 -5.40831e-27   7.5102e-23  3.88888e-27  3.31572e-23 -2.48761e-27 -2.53129e-23  1.41129e-27  1.19022e-25  -7.1159e-28  4.09791e-24  3.22918e-28  -6.0339e-25 -1.35717e-28 -4.52902e-25  5.49895e-29  9.36455e-26 -2.20236e-29  3.86392e-26   8.5684e-30 -7.30812e-27 -3.09359e-30 -2.54791e-27  9.99039e-31  2.76256e-28 -2.84562e-31  1.10776e-28  7.07328e-32 -2.08542e-30 -1.46832e-32 -2.33174e-30  2.30106e-33 -9.06731e-32 -2.28714e-34  1.35481e-32  9.79135e-36  7.23487e-34  1.18757e-37 -1.96275e-36
  2.0037e-35 -2.60111e-36 -5.14094e-35  1.08577e-35 -3.20121e-34  2.78983e-35  1.64245e-34  5.23563e-35  7.19562e-34 -1.62657e-34  1.43445e-33  3.28221e-35 -2.72752e-33  1.06879e-34 -5.52139e-34  2.57359e-35 -2.61757e-33  1.53023e-35  1.08706e-32  3.33125e-35 -6.11142e-33  8.52075e-35  3.35219e-32  2.95207e-35 -3.43729e-31 -2.48948e-35   3.0741e-30 -1.28306e-34 -2.47892e-29  4.78271e-35  1.81089e-28 -5.60254e-35 -1.20236e-27  -3.4177e-35   7.2752e-27  1.10462e-35 -4.02019e-26   4.6525e-35  2.03209e-25  1.17436e-34 -9.40652e-25 -4.90824e-34  3.99039e-24  2.36608e-33 -1.55176e-23 -1.03841e-32  5.53093e-23  4.24108e-32 -1.80589e-22 -1.61526e-31  5.39585e-22  5.73842e-31 -1.47315e-21 -1.90229e-30  3.66733e-21  5.88537e-30 -8.30199e-21 -1.69924e-29  1.70299e-20  4.57717e-29 -3.15114e-20 -1.14971e-28  5.22882e-20  2.69105e-28 -7.72085e-20 -5.86396e-28  1.00394e-19  1.18819e-27 -1.13259e-19 -2.23554e-27  1.08364e-19  3.89882e-27 -8.45596e-20 -6.29011e-27  4.95403e-20  9.36536e-27 -1.65337e-20  -1.2833e-26 -3.60057e-21  1.61313e-26  8.78051e-21 -1.85324e-26 -5.14321e-21   1.9375e-26  5.68521e-22 -1.83418e-26  1.14062e-21  1.56335e-26  -6.8735e-22 -1.19203e-26  5.17485e-24  8.07383e-27  1.46444e-22 -4.82336e-27 -4.11153e-23   2.5272e-27 -1.65075e-23 -1.16072e-27  9.10095e-24  4.73139e-28  1.12575e-24 -1.77466e-28 -1.16007e-24  6.49161e-29 -5.90998e-26 -2.40376e-29  9.91224e-26  8.73405e-30  4.89618e-27 -2.91377e-30 -5.46584e-27  8.62178e-31 -4.41413e-28 -2.29581e-31  1.61654e-28  5.57189e-32  1.94465e-29 -1.15288e-32 -1.63147e-30  1.74579e-33 -2.74338e-31 -1.55359e-34   -1.564e-33   5.1027e-36  5.10578e-34  5.37329e-38
-5.77792e-37  4.80435e-35 -8.48332e-36 -2.79516e-35  1.67817e-35 -5.27694e-34  2.51317e-35  4.34279e-34  4.51565e-35  7.62825e-34 -1.25742e-34  8.51462e-34  2.25674e-35 -2.19916e-33  1.00134e-34 -6.84246e-34  2.92236e-35 -3.06045e-33  3.33125e-35   1.4387e-32  5.26426e-35 -4.10295e-32  1.28597e-34  3.97997e-31  9.46311e-36 -3.76389e-30 -3.13493e-35  3.19556e-29 -1.64446e-34 -2.45268e-28  7.53618e-35  1.70831e-27 -5.48186e-35 -1.08299e-26 -3.39274e-35   6.2641e-26  1.98058e-35 -3.31191e-25 -3.08012e-35  1.60282e-24  5.10063e-34 -7.10685e-24  -2.3794e-33  2.88851e-23  1.08726e-32 -1.07624e-22 -4.61825e-32  3.67479e-22  1.82823e-31 -1.14895e-21 -6.75188e-31  3.28526e-21  2.32724e-30 -8.57559e-21 -7.48819e-30  2.03866e-20  2.24931e-29 -4.40013e-20 -6.30641e-29  8.58786e-20   1.6497e-28 -1.50788e-19 -4.02399e-28  2.36591e-19  9.14492e-28 -3.28765e-19 -1.93426e-27  3.99617e-19  3.80274e-27 -4.17218e-19 -6.93803e-27  3.63327e-19  1.17251e-26  -2.4974e-19 -1.83139e-26  1.17872e-19  2.63695e-26 -1.62622e-20 -3.48952e-26 -2.92815e-20  4.22904e-26  2.81224e-20 -4.67461e-26 -9.71681e-21  4.69022e-26  -2.5654e-21 -4.24763e-26  3.96753e-21   3.4495e-26 -1.09762e-21 -2.49291e-26 -4.99209e-22  1.58928e-26  3.78851e-22 -8.85338e-27 -8.36506e-25  4.27124e-27 -6.24076e-23  -1.7771e-27   9.1518e-24  6.44873e-28   7.0076e-24 -2.13765e-28 -1.45061e-24  7.04961e-29 -6.07002e-25  -2.4308e-29  1.15183e-25  8.19485e-30  4.06383e-26 -2.43456e-30 -4.42368e-27  6.23865e-31  -1.7949e-27 -1.51771e-31  3.35903e-29  3.76925e-32  3.83851e-29 -8.20563e-33  1.51423e-30  1.21548e-33 -2.26249e-31  -9.4025e-35 -1.22413e-32  2.13624e-36  3.21181e-35
 1.00737e-35  -1.4011e-37   8.3824e-35 -1.65404e-35 -6.15374e-36  2.13428e-35 -7.11656e-34  1.84035e-35  7.05257e-34  3.27038e-35  8.41041e-34 -8.83236e-35  1.88487e-34  1.01689e-35 -1.51662e-33  8.76222e-35 -6.30903e-34   5.0025e-35 -6.11142e-33  5.26426e-35  5.08927e-32   7.4948e-35 -4.39436e-31  1.72499e-34  4.34678e-30  -8.4095e-36 -3.89019e-29 -3.86661e-35  3.14009e-28 -1.94317e-34 -2.29602e-27  1.01078e-34  1.52593e-26  -5.2181e-35 -9.24266e-26 -4.48856e-35   5.1131e-25  7.85892e-35 -2.58763e-24 -3.80109e-34  1.19936e-23  2.25154e-33 -5.09493e-23 -1.05384e-32  1.98423e-22  4.65389e-32 -7.08361e-22 -1.91669e-31  2.31677e-21  7.36378e-31 -6.93486e-21 -2.64082e-30  1.89697e-20  8.84319e-30 -4.73211e-20 -2.76539e-29  1.07357e-19  8.07509e-29 -2.20731e-19 -2.20117e-28  4.09427e-19  5.59829e-28  -6.8112e-19 -1.32753e-27  1.00844e-18  2.93229e-27 -1.31491e-18 -6.02602e-27  1.48762e-18  1.15051e-26  -1.4273e-18  -2.0372e-26  1.11656e-18  3.33869e-26 -6.55083e-19 -5.05212e-26    2.176e-19  7.03895e-26  5.03846e-20 -9.00022e-26  -1.1921e-19  1.05206e-25  6.96958e-20 -1.11923e-25 -7.47883e-21  1.07789e-25 -1.58082e-20 -9.33857e-26  9.50848e-21  7.22403e-26 -4.59654e-23 -4.94517e-26 -2.06299e-21  2.96382e-26  5.79646e-22 -1.53609e-26  2.36357e-22  6.79498e-27 -1.30699e-22 -2.54167e-27 -1.63569e-23  8.11448e-28   1.6932e-23 -2.35549e-28  8.67298e-25  7.09833e-29 -1.47023e-24 -2.34243e-29  -7.2652e-26  7.25692e-30  8.24345e-26 -1.76395e-30   6.6782e-27  3.27337e-31 -2.48098e-27 -6.66978e-32 -3.00033e-28  2.04046e-32  2.54961e-29 -5.28305e-33  4.31203e-30   7.7283e-34  2.47348e-32 -4.93207e-35 -8.16119e-33  6.26334e-37
 -1.7363e-37  1.80555e-35  8.48704e-37  1.15183e-34 -2.40617e-35  4.86193e-37  2.30176e-35 -8.39775e-34  8.42999e-36  9.07647e-34  1.78762e-35  9.27114e-34 -5.67203e-35 -4.14613e-34 -1.42685e-36 -9.81078e-34  7.05313e-35  1.85605e-33  8.52075e-35 -4.10295e-32   7.4948e-35  4.61883e-31  9.91861e-35 -4.74316e-30  2.09502e-34  4.47511e-29 -2.34867e-35 -3.80272e-28 -4.43283e-35  2.92144e-27 -2.13823e-34 -2.03679e-26  1.19782e-34  1.29259e-25 -4.36661e-35 -7.48486e-25 -9.83415e-35  3.96216e-24  3.52373e-34 -1.92002e-23 -1.84674e-33  8.52529e-23  9.40077e-33 -3.47025e-22 -4.30773e-32  1.29508e-21  1.84682e-31 -4.42965e-21 -7.39015e-31  1.38752e-20  2.76073e-30 -3.97525e-20 -9.63214e-30  1.03985e-19  3.13932e-29 -2.47755e-19 -9.55778e-29   5.3601e-19  2.71765e-28 -1.04879e-18 -7.21386e-28   1.8464e-18  1.78651e-27  -2.9052e-18 -4.12426e-27  4.04894e-18  8.86591e-27  -4.9366e-18 -1.77242e-26  5.17014e-18  3.28996e-26 -4.51616e-18 -5.65953e-26  3.11257e-18  9.00277e-26 -1.47026e-18 -1.32085e-25  1.97431e-19  1.78196e-25   3.7555e-19 -2.20278e-25 -3.59656e-19  2.48463e-25  1.24126e-19 -2.54469e-25  3.37341e-20  2.35261e-25 -5.17736e-20 -1.94965e-25  1.43401e-20  1.43601e-25  6.62489e-21 -9.30267e-26 -5.04363e-21  5.23228e-26  1.03018e-23 -2.51473e-26  8.43461e-22  1.01371e-26 -1.25112e-22 -3.36989e-27 -9.60595e-23   9.2959e-28  2.01677e-23 -2.34629e-28  8.44212e-24  6.78957e-29 -1.63048e-24 -2.28241e-29 -5.74451e-25  6.41724e-30   6.3969e-26 -1.05622e-30  2.58411e-26  2.85178e-32 -5.12494e-28  9.14859e-33 -5.63529e-28  6.81817e-33 -2.21404e-29  -3.0679e-33  3.38972e-30  4.42252e-34  1.83935e-31 -2.11513e-35 -4.98023e-34
 9.09158e-38 -2.44195e-37  2.77671e-35  1.62535e-36  1.25762e-34   -2.815e-35 -1.09749e-35  2.12156e-35 -8.89335e-34 -3.73043e-36  9.94905e-34  3.82203e-36  9.60374e-34 -3.57935e-35  -7.0599e-34 -1.01666e-35  -2.6364e-33  5.04968e-35  3.35219e-32  1.28597e-34 -4.39436e-31  9.91861e-35  4.89145e-30  1.22508e-34 -4.86719e-29  2.33973e-34  4.35841e-28 -3.55488e-35 -3.52126e-27 -4.50822e-35  2.57727e-26 -2.20045e-34 -1.71466e-25  1.24819e-34  1.03977e-24  -1.0054e-35 -5.75914e-24 -3.09334e-34  2.91843e-23    1.451e-33 -1.35462e-22 -7.46915e-33  5.76325e-22  3.60995e-32 -2.24819e-21 -1.61344e-31  8.04002e-21  6.73681e-31 -2.63452e-20 -2.62712e-30  7.90184e-20  9.57034e-30 -2.16612e-19 -3.25765e-29  5.41588e-19  1.03616e-28  -1.2317e-18 -3.07913e-28  2.53899e-18  8.54585e-28 -4.72248e-18 -2.21398e-27  7.87925e-18  5.35001e-27 -1.17017e-17 -1.20471e-26  1.53074e-17  2.52485e-26 -1.73765e-17 -4.91802e-26  1.67296e-17  8.88793e-26 -1.31318e-17 -1.48727e-25  7.72611e-18  2.29892e-25 -2.56363e-18 -3.27343e-25 -6.18482e-19  4.27968e-25  1.43992e-18 -5.11794e-25 -8.43437e-19  5.57313e-25  8.96002e-20 -5.49668e-25  1.94662e-19  4.87876e-25 -1.17573e-19 -3.86661e-25  5.48524e-22  2.70999e-25  2.58848e-20  -1.6593e-25 -7.34632e-21  8.73744e-26 -2.99945e-21 -3.87635e-26  1.68127e-21  1.41087e-26  2.08332e-22 -4.08994e-27 -2.21125e-22  9.43299e-28 -1.09224e-23 -2.06801e-28  1.95155e-23  6.51624e-29  9.29783e-25 -2.43433e-29 -1.11428e-24  6.15267e-30 -8.88597e-26 -4.55055e-31  3.42373e-26 -2.20309e-31  4.11335e-27  6.31944e-32 -3.61285e-28 -1.66929e-33 -6.06006e-29 -1.59909e-33 -3.21332e-31  2.20744e-34  1.17371e-31 -6.40336e-36
-1.94696e-37 -1.90141e-36 -2.70276e-37  4.07144e-35  1.65493e-36  1.05627e-34 -2.72174e-35 -3.25109e-35  1.62672e-35 -8.52463e-34 -1.66727e-35  9.55036e-34 -7.09647e-36  7.94463e-34 -2.88052e-35  9.35319e-34 -1.58725e-35 -2.95349e-32  2.95207e-35  3.97997e-31  1.72499e-34 -4.74316e-30  1.22508e-34  5.00616e-29  1.41393e-34 -4.72945e-28  2.43026e-34   4.0224e-27 -4.45013e-35 -3.09326e-26 -3.82501e-35  2.15888e-25 -2.10228e-34 -1.37164e-24  1.03587e-34   7.9525e-24  1.13555e-34 -4.21534e-23 -1.04217e-33  2.04565e-22   5.2671e-33 -9.09716e-22 -2.64612e-32  3.70918e-21  1.24299e-31 -1.38672e-20 -5.43813e-31  4.75214e-20  2.22314e-30 -1.49158e-19 -8.49263e-30  4.28272e-19  3.03189e-29 -1.12289e-18 -1.01156e-28  2.68209e-18  3.15366e-28 -5.81805e-18  -9.1843e-28  1.14162e-17   2.4973e-27 -2.01589e-17  -6.3357e-27  3.18203e-17  1.49845e-26 -4.44979e-17 -3.30022e-26  5.44474e-17  6.75977e-26 -5.72368e-17 -1.28569e-25  5.01896e-17   2.2665e-25 -3.47222e-17 -3.69538e-25  1.64493e-17  5.55842e-25 -2.18023e-18 -7.69042e-25 -4.29146e-18  9.75332e-25  4.11755e-18 -1.12924e-24 -1.42715e-18  1.18783e-24 -3.92222e-19 -1.12858e-24  6.04796e-19  9.61766e-25  -1.6911e-19  -7.2877e-25 -7.81814e-20  4.85661e-25  6.02831e-20 -2.80616e-25 -2.65134e-22  1.37912e-25 -1.02094e-20 -5.61202e-26  1.55681e-21  1.81838e-26  1.17709e-21 -4.44177e-27  -2.5407e-22  7.95014e-28 -1.04874e-22 -1.54464e-28  2.09277e-23  6.80626e-29  7.26116e-24 -2.93955e-29 -8.43288e-25  6.68522e-30 -3.33583e-25 -4.57236e-32  7.43658e-27 -3.83989e-31  7.44683e-27  8.99611e-32  2.85626e-28 -5.31673e-33 -4.59988e-29 -7.40433e-34 -2.47696e-30  9.02449e-35  7.38321e-33
