 8.64818e-07  -7.7071e-24 -1.37713e-05 -9.62619e-22  7.57544e-05  5.29859e-21 -0.000203528 -4.73644e-21  0.000247673 -6.93557e-21 -2.49622e-05  1.69646e-20 -0.000132186  1.10229e-20 -4.88029e-05  -1.3148e-20 -5.69581e-07 -6.67879e-21  2.83777e-06  1.36073e-21  3.65772e-07
 -7.7071e-24  2.01581e-05  8.37141e-22 -0.000171946 -1.55575e-20    0.0006549  4.02078e-20  -0.00122703 -2.71081e-20   0.00080755 -2.79257e-20  0.000487607  4.07224e-20  -0.00025314  6.08827e-20 -0.000267022 -8.23582e-21 -8.81289e-05 -1.38137e-20 -1.22111e-05  4.91659e-21
-1.37713e-05  8.37141e-22  0.000219502  1.02501e-20  -0.00121013 -7.56464e-20   0.00326684  1.04493e-19  -0.00402414 -5.07395e-20  0.000485819 -4.95366e-20   0.00216381  -9.7644e-20  0.000746402  2.02488e-20 -2.63559e-05 -3.27014e-20 -5.62893e-05  -4.9869e-20 -6.86889e-06
-9.62619e-22 -0.000171946  1.02501e-20    0.0014701  4.10094e-20  -0.00562805 -1.10009e-19    0.0106691 -2.11308e-21  -0.00731469  2.54129e-20  -0.00399518  1.62339e-19     0.002571 -4.48865e-19    0.0024768 -1.96486e-19   0.00079295 -3.00509e-20  0.000107493 -5.66891e-20
 7.57544e-05 -1.55575e-20  -0.00121013  4.10094e-20   0.00670653  3.87475e-20   -0.0183136  2.63825e-19    0.0232318  -5.9148e-19  -0.00399737  1.43443e-19   -0.0124646  1.32912e-18  -0.00349233  5.44572e-20  0.000668089   6.1358e-20  0.000459273  2.00882e-19  5.12058e-05
 5.29859e-21    0.0006549 -7.56464e-20  -0.00562805  3.87475e-20    0.0217928 -2.02366e-19    -0.042394  1.40356e-18    0.0316833  -1.6053e-18      0.01338 -4.04573e-19   -0.0132528  3.20673e-18    -0.010798  1.56963e-18  -0.00319931  4.43415e-19  -0.00040604  2.27619e-19
-0.000203528  4.02078e-20   0.00326684 -1.10009e-19   -0.0183136 -2.02366e-19     0.051269 -8.30568e-19    -0.069157  2.88186e-18    0.0194111 -2.53048e-18    0.0359319 -2.86774e-18   0.00459274  2.32034e-18  -0.00535192  1.06306e-18  -0.00220049 -1.20932e-19 -0.000221828
-4.73644e-21  -0.00122703  1.04493e-19    0.0106691  2.63825e-19    -0.042394 -8.30568e-19    0.0872665 -1.57649e-18   -0.0770281  3.97623e-18   -0.0148736 -2.73334e-18    0.0399191 -7.09237e-18    0.0246184 -2.28467e-18   0.00590742 -1.03605e-18  0.000579869  -3.7695e-19
 0.000247673 -2.71081e-20  -0.00402414 -2.11308e-21    0.0232318  1.40356e-18    -0.069157 -1.57649e-18     0.106964 -1.86263e-18   -0.0555314  4.76857e-18   -0.0470478 -1.73911e-18    0.0158859 -8.30865e-18    0.0204531 -3.59376e-18   0.00624793 -9.44518e-19  0.000570251
-6.93557e-21   0.00080755 -5.07395e-20  -0.00731469  -5.9148e-19    0.0316833  2.88186e-18   -0.0770281 -1.86263e-18    0.0976052 -1.61861e-18     -0.02474   5.8058e-18   -0.0616606  2.30302e-18   -0.0185722 -1.95348e-18  0.000753397  4.80358e-19  0.000897223  7.97735e-20
-2.49622e-05 -2.79257e-20  0.000485819  2.54129e-20  -0.00399737  -1.6053e-18    0.0194111  3.97623e-18   -0.0555314 -1.61861e-18    0.0779117  -1.9963e-18  -0.00782117  8.22012e-18   -0.0622088  9.34342e-18   -0.0350524  5.27661e-18  -0.00822516  2.58596e-18 -0.000648861
 1.69646e-20  0.000487607 -4.95366e-20  -0.00399518  1.43443e-19      0.01338 -2.53048e-18   -0.0148736  4.76857e-18     -0.02474  -1.9963e-18    0.0688458  -3.5862e-18   0.00486763  9.12738e-18    -0.041346  1.00193e-17   -0.0235159  4.43486e-18  -0.00452724   8.6364e-19
-0.000132186  4.07224e-20   0.00216381  1.62339e-19   -0.0124646 -4.04573e-19    0.0359319 -2.73334e-18   -0.0470478   5.8058e-18  -0.00782117  -3.5862e-18    0.0728096 -8.42008e-18      0.03454 -3.50402e-19  -0.00296164  -5.3612e-19  -0.00438585 -2.00353e-19 -0.000577488
 1.10229e-20  -0.00025314  -9.7644e-20     0.002571  1.32912e-18   -0.0132528 -2.86774e-18    0.0399191 -1.73911e-18   -0.0616606  8.22012e-18   0.00486763 -8.42008e-18    0.0925288 -2.17253e-17    0.0687101 -1.78192e-17    0.0220957 -9.77106e-18   0.00312869 -1.64727e-18
-4.88029e-05  6.08827e-20  0.000746402 -4.48865e-19  -0.00349233  3.20673e-18   0.00459274 -7.09237e-18    0.0158859  2.30302e-18   -0.0622088  9.12738e-18      0.03454 -2.17253e-17     0.113208 -3.79801e-17    0.0742903 -2.66109e-17    0.0206464 -8.49896e-18   0.00187429
 -1.3148e-20 -0.000267022  2.02488e-20    0.0024768  5.44572e-20    -0.010798  2.32034e-18    0.0246184 -8.30865e-18   -0.0185722  9.34342e-18    -0.041346 -3.50402e-19    0.0687101 -3.79801e-17     0.103236 -4.11757e-17    0.0490543 -1.99947e-17     0.009086 -3.22604e-18
-5.69581e-07 -8.23582e-21 -2.63559e-05 -1.96486e-19  0.000668089  1.56963e-18  -0.00535192 -2.28467e-18    0.0204531 -1.95348e-18   -0.0350524  1.00193e-17  -0.00296164 -1.78192e-17    0.0742903 -4.11757e-17    0.0639719 -2.85363e-17    0.0203575  -8.4689e-18   0.00199476
-6.67879e-21 -8.81289e-05 -3.27014e-20   0.00079295   6.1358e-20  -0.00319931  1.06306e-18   0.00590742 -3.59376e-18  0.000753397  5.27661e-18   -0.0235159  -5.3612e-19    0.0220957 -2.66109e-17    0.0490543 -2.85363e-17    0.0262129 -1.27011e-17   0.00515216 -1.90699e-18
 2.83777e-06 -1.38137e-20 -5.62893e-05 -3.00509e-20  0.000459273  4.43415e-19  -0.00220049 -1.03605e-18   0.00624793  4.80358e-19  -0.00822516  4.43486e-18  -0.00438585 -9.77106e-18    0.0206464 -1.99947e-17    0.0203575 -1.27011e-17   0.00684848 -3.40674e-18   0.00069065
 1.36073e-21 -1.22111e-05  -4.9869e-20  0.000107493  2.00882e-19  -0.00040604 -1.20932e-19  0.000579869 -9.44518e-19  0.000897223  2.58596e-18  -0.00452724 -2.00353e-19   0.00312869 -8.49896e-18     0.009086  -8.4689e-18   0.00515216 -3.40674e-18   0.00104132 -4.63463e-19
 3.65772e-07  4.91659e-21 -6.86889e-06 -5.66891e-20  5.12058e-05  2.27619e-19 -0.000221828  -3.7695e-19  0.000570251  7.97735e-20 -0.000648861   8.6364e-19 -0.000577488 -1.64727e-18   0.00187429 -3.22604e-18   0.00199476 -1.90699e-18   0.00069065 -4.63463e-19  7.06667e-05
