 8.27886e-10 -1.00339e-26 -2.17639e-08   5.9555e-25  1.97926e-07 -7.63779e-24  -9.2508e-07  4.06255e-23  2.41104e-06 -1.04467e-22 -3.37193e-06  1.25439e-22  2.02644e-06 -3.84245e-23  2.82746e-08  -4.5761e-23  -2.8402e-07  2.37987e-23 -1.44271e-08  4.69774e-24  3.92302e-09
-1.00339e-26  3.20257e-08 -3.90913e-25 -4.52147e-07  1.34813e-23  2.91337e-06 -1.19869e-22 -1.02597e-05  4.74055e-22  2.01191e-05 -9.31643e-22 -1.97665e-05  8.31108e-22  5.82969e-06 -6.38847e-23  2.53581e-06 -3.74399e-22  -6.2256e-07  1.40641e-22  -1.3892e-07  5.87599e-25
-2.17639e-08 -3.90913e-25  5.78721e-07 -7.27667e-24 -5.34553e-06  1.66087e-22  2.55113e-05 -1.07943e-21 -6.83631e-05  3.27377e-21  9.92133e-05 -5.04119e-21 -6.27929e-05  3.42022e-21 -2.88155e-07  2.87059e-22  9.67904e-06 -1.44898e-21  4.57335e-07  3.15339e-22 -1.51318e-07
  5.9555e-25 -4.52147e-07 -7.27667e-24  6.48429e-06 -8.22952e-23 -4.26787e-05  1.32996e-21  0.000154657 -6.53882e-21 -0.000315183  1.55637e-20  0.000326618 -1.91942e-20 -0.000106062  1.00153e-20 -4.44701e-05  2.15191e-21  1.28715e-05 -3.49271e-21  2.80644e-06  2.93492e-22
 1.97926e-07  1.34813e-23 -5.34553e-06 -8.22952e-23  5.04427e-05 -6.26804e-22 -0.000247828  7.48444e-21   0.00069074 -2.85182e-20  -0.00105815  5.43467e-20  0.000726958  -5.4829e-20 -1.76128e-05  2.15934e-20 -0.000124043  7.47977e-21 -4.05849e-06  -5.7113e-21   2.3162e-06
-7.63779e-24  2.91337e-06  1.66087e-22 -4.26787e-05 -6.26804e-22   0.00028922 -3.40972e-21  -0.00109055   3.0939e-20   0.00234694 -9.30482e-20  -0.00262983  1.45182e-19  0.000996112 -1.22502e-19  0.000365402  3.37547e-20 -0.000141019  1.62115e-20 -2.81539e-05 -6.21169e-21
 -9.2508e-07 -1.19869e-22  2.55113e-05  1.32996e-21 -0.000247828 -3.40972e-21   0.00126711 -1.37354e-20  -0.00373022  9.63597e-20   0.00616967 -2.32557e-19  -0.00478015  3.07017e-19  0.000389692 -2.20502e-19  0.000905964  3.46473e-20  4.32253e-07  2.05149e-20 -2.15551e-05
 4.06255e-23 -1.02597e-05 -1.07943e-21  0.000154657  7.48444e-21  -0.00109055 -1.37354e-20   0.00434353 -4.17739e-20   -0.0100859  2.28153e-19    0.0126264 -4.51761e-19   -0.0059429  5.33393e-19  -0.00162604 -3.22702e-19   0.00100615  1.39531e-20  0.000169818  1.04278e-20
 2.41104e-06  4.74055e-22 -6.83631e-05 -6.53882e-21   0.00069074   3.0939e-20  -0.00373022 -4.17739e-20    0.0118465 -9.59022e-20   -0.0218142  4.04438e-19    0.0200058 -6.88926e-19  -0.00364931  7.97177e-19  -0.00417401 -3.71104e-19  0.000272689 -1.46269e-20  0.000137656
-1.04467e-22  2.01191e-05  3.27377e-21 -0.000315183 -2.85182e-20   0.00234694  9.63597e-20   -0.0100859 -9.59022e-20    0.0260497 -1.59631e-19   -0.0380894  4.95547e-19    0.0238691 -8.37934e-19   0.00316171  1.07399e-18  -0.00494786 -2.94781e-19  -0.00061539 -1.08507e-20
-3.37193e-06 -9.31643e-22  9.92133e-05  1.55637e-20  -0.00105815 -9.30482e-20   0.00616967  2.28153e-19   -0.0218142 -1.59631e-19    0.0467646 -1.57563e-19   -0.0541455  2.60194e-19    0.0193987 -8.57932e-19     0.011762  1.31384e-18  -0.00258195 -9.50349e-20 -0.000620063
 1.25439e-22 -1.97665e-05 -5.04119e-21  0.000326618  5.43467e-20  -0.00262983 -2.32557e-19    0.0126264  4.04438e-19   -0.0380894 -1.57563e-19    0.0695756  5.80498e-20   -0.0632209 -5.24962e-19   0.00537779 -8.64238e-19    0.0163725  1.32619e-18   0.00089292  6.35581e-20
 2.02644e-06  8.31108e-22 -6.27929e-05 -1.91942e-20  0.000726958  1.45182e-19  -0.00478015 -4.51761e-19    0.0200058  4.95547e-19   -0.0541455  5.80498e-20    0.0877005  6.56381e-19   -0.0611027 -1.81242e-18   -0.0140235 -1.05712e-18    0.0127481  7.93311e-19   0.00186181
-3.84245e-23  5.82969e-06  3.42022e-21 -0.000106062  -5.4829e-20  0.000996112  3.07017e-19   -0.0059429 -6.88926e-19    0.0238691  2.60194e-19   -0.0632209  6.56381e-19    0.0970582  1.71642e-18   -0.0483527 -3.03838e-18   -0.0307555 -1.54062e-18   0.00345543 -1.79756e-19
 2.82746e-08 -6.38847e-23 -2.88155e-07  1.00153e-20 -1.76128e-05 -1.22502e-19  0.000389692  5.33393e-19  -0.00364931 -8.37934e-19    0.0193987 -5.24962e-19   -0.0611027  1.71642e-18    0.0998082   3.2174e-18   -0.0272947 -3.18597e-18    -0.035566 -2.19752e-18  -0.00263742
 -4.5761e-23  2.53581e-06  2.87059e-22 -4.44701e-05  2.15934e-20  0.000365402 -2.20502e-19  -0.00162604  7.97177e-19   0.00316171 -8.57932e-19   0.00537779 -1.81242e-18   -0.0483527   3.2174e-18     0.102973  5.33151e-18   0.00137247 -1.67283e-18   -0.0238504 -2.41336e-18
 -2.8402e-07 -3.74399e-22  9.67904e-06  2.15191e-21 -0.000124043  3.37547e-20  0.000905964 -3.22702e-19  -0.00417401  1.07399e-18     0.011762 -8.64238e-19   -0.0140235 -3.03838e-18   -0.0272947  5.33151e-18     0.112741    8.359e-18     0.033149  2.47302e-19  -0.00544763
 2.37987e-23  -6.2256e-07 -1.44898e-21  1.28715e-05  7.47977e-21 -0.000141019  3.46473e-20   0.00100615 -3.71104e-19  -0.00494786  1.31384e-18    0.0163725 -1.05712e-18   -0.0307555 -3.18597e-18   0.00137247    8.359e-18     0.124648  1.09828e-17    0.0500137  4.93502e-19
-1.44271e-08  1.40641e-22  4.57335e-07 -3.49271e-21 -4.05849e-06  1.62115e-20  4.32253e-07  1.39531e-20  0.000272689 -2.94781e-19  -0.00258195  1.32619e-18    0.0127481 -1.54062e-18    -0.035566 -1.67283e-18     0.033149  1.09828e-17     0.117352  9.62273e-18    0.0348683
 4.69774e-24  -1.3892e-07  3.15339e-22  2.80644e-06  -5.7113e-21 -2.81539e-05  2.05149e-20  0.000169818 -1.46269e-20  -0.00061539 -9.50349e-20   0.00089292  7.93311e-19   0.00345543 -2.19752e-18   -0.0238504  2.47302e-19    0.0500137  9.62273e-18    0.0748436  4.12041e-18
 3.92302e-09  5.87599e-25 -1.51318e-07  2.93492e-22   2.3162e-06 -6.21169e-21 -2.15551e-05  1.04278e-20  0.000137656 -1.08507e-20 -0.000620063  6.35581e-20   0.00186181 -1.79756e-19  -0.00263742 -2.41336e-18  -0.00544763  4.93502e-19    0.0348683  4.12041e-18    0.0226816
