    0.108778  7.90113e-13    0.0937135  2.93086e-13   0.00894069 -6.70797e-14   -0.0153283 -7.61892e-14  -0.00683769 -1.64287e-14 -0.000225274  4.28492e-15  0.000766367   3.4623e-15  0.000311041  9.17317e-16  5.70293e-05  1.15276e-16  4.60412e-06   5.1193e-18  7.27495e-08
 7.90113e-13     0.153415  7.90218e-13    0.0735303  1.58378e-13  -0.00613683  -1.2174e-13   -0.0199499 -9.19035e-14  -0.00822624 -2.09247e-14 -0.000498703  4.17989e-15  0.000857753  4.12383e-15  0.000388936  1.20048e-15  7.81697e-05   1.6606e-16  6.98426e-06  7.97232e-18
   0.0937135  7.90218e-13     0.117692   5.3528e-13    0.0450143  6.82036e-14   -0.0110388 -1.27219e-13    -0.020066 -9.51922e-14  -0.00915073 -2.71691e-14  -0.00130933  7.10319e-16  0.000530797  3.02275e-15  0.000301903  9.40655e-16  5.93002e-05  1.14755e-16  3.81078e-06
 2.93086e-13    0.0735303   5.3528e-13    0.0790881  3.71149e-13    0.0321726  4.46787e-14   -0.0104291 -1.17341e-13   -0.0191818 -9.61548e-14   -0.0100369 -3.44809e-14  -0.00239652 -4.58975e-15  -3.7088e-05  8.77723e-16  0.000118741  3.89068e-16  2.27007e-05  3.41357e-17
  0.00894069  1.58378e-13    0.0450143  3.71149e-13    0.0600105  3.00851e-13    0.0277189  4.46848e-14  -0.00837389 -1.03232e-13   -0.0177692 -9.39657e-14      -0.0105 -3.98905e-14  -0.00329566 -9.20026e-15 -0.000537868 -9.73112e-16 -2.95754e-05 -7.86258e-18  1.13138e-06
-6.70797e-14  -0.00613683  6.82036e-14    0.0321726  3.00851e-13    0.0513927  2.68707e-13    0.0263014  5.37999e-14  -0.00545006 -8.38928e-14   -0.0153914 -8.51222e-14  -0.00993208 -3.96329e-14  -0.00348187 -1.05598e-14 -0.000696247 -1.52725e-15 -6.73632e-05 -8.15839e-17
  -0.0153283  -1.2174e-13   -0.0110388  4.46787e-14    0.0277189  2.68707e-13    0.0469976   2.5441e-13    0.0267468  7.13789e-14  -0.00129402 -5.59666e-14   -0.0114773 -6.62229e-14  -0.00787513 -3.15762e-14  -0.00274931 -8.11364e-15 -0.000505442  -9.9014e-16 -3.38332e-05
-7.61892e-14   -0.0199499 -1.27219e-13   -0.0104291  4.46848e-14    0.0263014   2.5441e-13    0.0451928  2.53979e-13    0.0290217   9.9184e-14    0.0044635 -1.76295e-14  -0.00591757 -3.78988e-14  -0.00460628 -1.81158e-14  -0.00149518 -4.01426e-15 -0.000213077 -3.06193e-16
 -0.00683769 -9.19035e-14    -0.020066 -1.17341e-13  -0.00837389  5.37999e-14    0.0267468  2.53979e-13    0.0456565  2.66743e-13    0.0331088  1.36497e-13    0.0114391  2.64937e-14  0.000244433 -7.73935e-15  -0.00130401 -5.47926e-15 -0.000432955 -1.01108e-15 -3.95794e-05
-1.64287e-14  -0.00822624 -9.51922e-14   -0.0191818 -1.03232e-13  -0.00545006  7.13789e-14    0.0290217  2.66743e-13    0.0481401  2.89549e-13    0.0381147  1.74654e-13     0.017812    6.332e-14    0.0049541  1.31868e-14  0.000740335  1.31592e-15  4.31483e-05   3.3183e-17
-0.000225274 -2.09247e-14  -0.00915073 -9.61548e-14   -0.0177692 -8.38928e-14  -0.00129402   9.9184e-14    0.0331088  2.89549e-13    0.0515109  3.10917e-13    0.0416154  1.96272e-13    0.0208622  7.83641e-14   0.00657725  1.90865e-14   0.00118614  2.34654e-15  8.17272e-05
 4.28492e-15 -0.000498703 -2.71691e-14   -0.0100369 -9.39657e-14   -0.0153914 -5.59666e-14    0.0044635  1.36497e-13    0.0381147  3.10917e-13    0.0531049  3.11022e-13    0.0405081  1.85502e-13    0.0190134  6.80153e-14    0.0053261  1.39379e-14  0.000734056  1.06078e-15
 0.000766367  4.17989e-15  -0.00130933 -3.44809e-14      -0.0105 -8.51222e-14   -0.0114773 -1.76295e-14    0.0114391  1.74654e-13    0.0416154  3.11022e-13    0.0496927  2.73754e-13    0.0334681  1.42787e-13    0.0134564  4.33518e-14   0.00295686  6.34323e-15  0.000236676
  3.4623e-15  0.000857753  7.10319e-16  -0.00239652 -3.98905e-14  -0.00993208 -6.62229e-14  -0.00591757  2.64937e-14     0.017812  1.96272e-13    0.0405081  2.73754e-13    0.0400771  2.02637e-13    0.0226173  8.70937e-14   0.00726781  2.00835e-14   0.00110767  1.66341e-15
 0.000311041  4.12383e-15  0.000530797 -4.58975e-15  -0.00329566 -3.96329e-14  -0.00787513 -3.78988e-14  0.000244433    6.332e-14    0.0208622  1.85502e-13    0.0334681  2.02637e-13    0.0267576  1.21746e-13    0.0121141  4.08653e-14   0.00289783  6.42319e-15  0.000246276
 9.17317e-16  0.000388936  3.02275e-15  -3.7088e-05 -9.20026e-15  -0.00348187 -3.15762e-14  -0.00460628 -7.73935e-15    0.0049541  7.83641e-14    0.0190134  1.42787e-13    0.0226173  1.21746e-13    0.0143041  5.74862e-14   0.00497208  1.41593e-14  0.000800878  1.22823e-15
 5.70293e-05  1.20048e-15  0.000301903  8.77723e-16 -0.000537868 -1.05598e-14  -0.00274931 -1.81158e-14  -0.00130401  1.31868e-14   0.00657725  6.80153e-14    0.0134564  8.70937e-14    0.0121141  5.74862e-14   0.00592197  2.05631e-14   0.00149388    3.379e-15  0.000131765
 1.15276e-16  7.81697e-05  9.40655e-16  0.000118741 -9.73112e-16 -0.000696247 -8.11364e-15  -0.00149518 -5.47926e-15  0.000740335  1.90865e-14    0.0053261  4.33518e-14   0.00726781  4.08653e-14   0.00497208  2.05631e-14   0.00182136   5.2909e-15  0.000304279  4.73166e-16
 4.60412e-06   1.6606e-16  5.93002e-05  3.89068e-16 -2.95754e-05 -1.52725e-15 -0.000505442 -4.01426e-15 -0.000432955  1.31592e-15   0.00118614  1.39379e-14   0.00295686  2.00835e-14   0.00289783  1.41593e-14   0.00149388   5.2909e-15  0.000390773  8.96176e-16  3.53523e-05
  5.1193e-18  6.98426e-06  1.14755e-16  2.27007e-05 -7.86258e-18 -6.73632e-05  -9.9014e-16 -0.000213077 -1.01108e-15  4.31483e-05  2.34654e-15  0.000734056  6.34323e-15   0.00110767  6.42319e-15  0.000800878    3.379e-15  0.000304279  8.96176e-16  5.21371e-05  8.18622e-17
 7.27495e-08  7.97232e-18  3.81078e-06  3.41357e-17  1.13138e-06 -8.15839e-17 -3.38332e-05 -3.06193e-16 -3.95794e-05   3.3183e-17  8.17272e-05  1.06078e-15  0.000236676  1.66341e-15  0.000246276  1.22823e-15  0.000131765  4.73166e-16  3.53523e-05  8.18622e-17  3.25556e-06
