  0.00212532  3.74458e-19  -0.00778293  -2.2012e-18   0.00503203 -9.31009e-19   0.00150262  5.15978e-18 -0.000352705 -2.29634e-18 -0.000306213 -2.23382e-20 -8.52946e-05 -4.49771e-19 -1.23089e-05  4.59666e-20  -7.8039e-07  2.10745e-20  1.13304e-08    4.208e-21  2.48285e-09
 3.74458e-19    0.0134922  2.88714e-18   -0.0248757 -9.96284e-18   0.00648999   2.4854e-19   0.00565581  7.72134e-18   0.00089942  -1.4126e-18 -0.000260672 -1.47139e-18 -0.000153888 -7.51403e-19 -3.40122e-05  1.09787e-20  -3.9697e-06  2.45169e-20 -2.16751e-07  3.54141e-21
 -0.00778293  2.88714e-18      0.03962  8.85471e-18    -0.043976 -2.03735e-17  -0.00170361  5.51819e-19   0.00840474  9.25908e-18   0.00338446 -1.00183e-18  0.000503388  -2.9032e-18  -2.3456e-05  -1.0201e-18 -2.04925e-05 -4.69177e-20 -2.92325e-06  1.53401e-20 -1.25388e-07
 -2.2012e-18   -0.0248757  8.85471e-18    0.0725818  1.61021e-17   -0.0508421 -2.62224e-17   -0.0176137  6.57731e-19   0.00511422  8.66485e-18   0.00451806 -2.38984e-18   0.00130184  -3.9037e-18  0.000194442 -1.11146e-18  1.40243e-05 -7.39457e-20  2.55616e-07  4.29647e-21
  0.00503203 -9.96284e-18    -0.043976  1.61021e-17    0.0955839  1.94677e-17   -0.0403522 -2.32969e-17   -0.0317948  2.51513e-18  -0.00351902  5.35494e-18   0.00258085 -4.92342e-18   0.00120191 -4.20613e-18  0.000237631  -9.4835e-19  2.33968e-05 -5.88897e-20  8.14136e-07
-9.31009e-19   0.00648999 -2.03735e-17   -0.0508421  1.94677e-17     0.100885  1.59001e-17   -0.0195596 -1.36699e-17   -0.0366267  4.99737e-18   -0.0120637  3.88116e-19   -0.0010529 -6.86117e-18  0.000331312 -3.63083e-18  0.000102468 -6.13247e-19  9.71749e-06 -2.57507e-20
  0.00150262   2.4854e-19  -0.00170361 -2.62224e-17   -0.0403522  1.59001e-17    0.0951609  8.58338e-18   0.00277035 -2.67786e-18   -0.0306544  5.43254e-18   -0.0153375 -4.09962e-18  -0.00352025 -6.87156e-18  -0.00040137 -2.43899e-18  -1.6115e-05 -2.82124e-19  2.53118e-07
 5.15978e-18   0.00565581  5.51819e-19   -0.0176137 -2.32969e-17   -0.0195596  8.58338e-18    0.0889118   4.2036e-18    0.0229896  5.45485e-18    -0.016833  3.37124e-18   -0.0121044 -6.15422e-18  -0.00343752 -5.10406e-18 -0.000506532  -1.2268e-18 -3.43436e-05 -7.94561e-20
-0.000352705  7.72134e-18   0.00840474  6.57731e-19   -0.0317948 -1.36699e-17   0.00277035   4.2036e-18    0.0872307  5.97922e-18    0.0402388    9.248e-18 -0.000463867  7.82811e-19  -0.00533265 -5.44277e-18  -0.00178556 -2.81808e-18 -0.000252691 -4.33908e-19 -1.18513e-05
-2.29634e-18   0.00089942  9.25908e-18   0.00511422  2.51513e-18   -0.0366267 -2.67786e-18    0.0229896  5.97922e-18    0.0888381  1.09042e-17    0.0522471  9.32712e-18    0.0123267 -5.60865e-19    0.0005284 -3.33875e-18 -0.000303196 -1.13066e-18 -4.81947e-05 -9.30833e-20
-0.000306213  -1.4126e-18   0.00338446  8.66485e-18  -0.00351902  4.99737e-18   -0.0306544  5.45485e-18    0.0402388  1.09042e-17    0.0886515  1.38618e-17    0.0553006  7.29524e-18    0.0173829 -5.94777e-19   0.00298039 -1.45284e-18  0.000254422 -3.11033e-19  6.97697e-06
-2.23382e-20 -0.000260672 -1.00183e-18   0.00451806  5.35494e-18   -0.0120637  5.43254e-18    -0.016833    9.248e-18    0.0522471  1.38618e-17    0.0812132  1.27125e-17    0.0479333  4.73204e-18    0.0150464 -1.97635e-19   0.00259739 -4.35089e-19  0.000209737 -5.04119e-20
-8.52946e-05 -1.47139e-18  0.000503388 -2.38984e-18   0.00258085  3.88116e-19   -0.0153375  3.37124e-18 -0.000463867  9.32712e-18    0.0553006  1.27125e-17    0.0647669  8.93338e-18     0.033598  2.59354e-18   0.00930819  3.45648e-20   0.00132237 -8.16143e-20  6.57942e-05
-4.49771e-19 -0.000153888  -2.9032e-18   0.00130184 -4.92342e-18   -0.0010529 -4.09962e-18   -0.0121044  7.82811e-19    0.0123267  7.29524e-18    0.0479333  8.93338e-18    0.0432341    4.982e-18    0.0187192  1.18683e-18   0.00421819  6.04907e-20  0.000426812 -7.26983e-21
-1.23089e-05 -7.51403e-19  -2.3456e-05  -3.9037e-18   0.00120191 -6.86117e-18  -0.00352025 -6.15422e-18  -0.00533265 -5.60865e-19    0.0173829  4.73204e-18     0.033598    4.982e-18    0.0234349  2.23186e-18   0.00811517  4.36812e-19   0.00137636  2.59537e-20   7.8945e-05
 4.59666e-20 -3.40122e-05  -1.0201e-18  0.000194442 -4.20613e-18  0.000331312 -6.87156e-18  -0.00343752 -5.44277e-18    0.0005284 -5.94777e-19    0.0150464  2.59354e-18    0.0187192  2.23186e-18    0.0100351  7.95524e-19   0.00265962  1.21994e-19  0.000305705  5.25831e-21
 -7.8039e-07  1.09787e-20 -2.04925e-05 -1.11146e-18  0.000237631 -3.63083e-18  -0.00040137 -5.10406e-18  -0.00178556 -3.33875e-18   0.00298039 -1.97635e-19   0.00930819  1.18683e-18   0.00811517  7.95524e-19   0.00329274  2.18669e-19   0.00063081  2.37126e-20  3.98194e-05
 2.10745e-20  -3.9697e-06 -4.69177e-20  1.40243e-05  -9.4835e-19  0.000102468 -2.43899e-18 -0.000506532 -2.81808e-18 -0.000303196 -1.45284e-18   0.00259739  3.45648e-20   0.00421819  4.36812e-19   0.00265962  2.18669e-19   0.00079497  4.38351e-20   0.00010034      2.7e-21
 1.13304e-08  2.45169e-20 -2.92325e-06 -7.39457e-20  2.33968e-05 -6.13247e-19  -1.6115e-05  -1.2268e-18 -0.000252691 -1.13066e-18  0.000254422 -4.35089e-19   0.00132237  6.04907e-20   0.00137636  1.21994e-19   0.00063081  4.38351e-20  0.000132619   5.8218e-21  9.00633e-06
   4.208e-21 -2.16751e-07  1.53401e-20  2.55616e-07 -5.88897e-20  9.71749e-06 -2.82124e-19 -3.43436e-05 -4.33908e-19 -4.81947e-05 -3.11033e-19  0.000209737 -8.16143e-20  0.000426812  2.59537e-20  0.000305705  2.37126e-20   0.00010034   5.8218e-21   1.3622e-05   4.1667e-22
 2.48285e-09  3.54141e-21 -1.25388e-07  4.29647e-21  8.14136e-07 -2.57507e-20  2.53118e-07 -7.94561e-20 -1.18513e-05 -9.30833e-20  6.97697e-06 -5.04119e-20  6.57942e-05 -7.26983e-21   7.8945e-05  5.25831e-21  3.98194e-05      2.7e-21  9.00633e-06   4.1667e-22   6.4799e-07
