  6.5963e-34  -2.4708e-36  9.61391e-35 -3.81468e-36  9.77939e-35  6.03193e-36  2.62379e-35 -3.38769e-36 -1.70166e-34  4.76779e-36  1.32803e-34 -3.99879e-36 -7.04159e-35  5.55095e-36  1.75365e-35  3.64524e-36 -2.34241e-35 -1.26723e-37 -1.44366e-35  1.45677e-37  1.80698e-34  7.08208e-37 -1.12415e-33  7.82904e-37  6.72579e-33 -6.00581e-37 -3.62931e-32  4.77917e-38  1.74371e-31  9.70365e-39  -7.4753e-31  2.24868e-38  2.86605e-30 -1.87576e-38 -9.84001e-30  4.98449e-38  3.02657e-29 -1.98099e-37 -8.33634e-29  7.25697e-37  2.05354e-28 -2.43849e-36 -4.51371e-28  7.53753e-36  8.82137e-28 -2.14306e-35 -1.52514e-27  5.60516e-35  2.31602e-27 -1.34765e-34 -3.05746e-27  2.97418e-34  3.45556e-27 -6.01069e-34 -3.26293e-27  1.10823e-33  2.46314e-27 -1.85337e-33  -1.3451e-27  2.78517e-33  3.57647e-28 -3.70032e-33  1.77158e-28  4.20979e-33 -2.53662e-28 -3.79231e-33  1.09804e-28  1.96782e-33  1.40333e-29  1.44437e-33 -3.83032e-29 -6.10262e-33   1.2388e-29  1.11115e-32  5.24153e-30 -1.52691e-32 -4.45029e-30    1.752e-32 -9.29233e-32 -1.73893e-32  9.20266e-31  1.51566e-32 -1.09158e-31 -1.16761e-32 -1.48467e-31  7.96614e-33  2.56791e-32 -4.81057e-33  2.07245e-32  2.56562e-33 -3.13899e-33   -1.205e-33 -2.54435e-33  4.97309e-34  1.83899e-34 -1.80569e-34  2.48412e-34  5.82619e-35  8.47524e-36 -1.71641e-35 -1.67575e-35  4.84368e-36 -2.39017e-36 -1.37106e-36   5.6976e-37   3.8752e-37  1.72763e-37 -1.02376e-37  1.14509e-39  2.31832e-38 -4.90886e-39 -4.14401e-39 -5.19908e-40  5.33441e-40  1.76378e-41 -4.25139e-41  8.96354e-42  1.30141e-42  4.90823e-43  6.19305e-44 -1.33474e-44 -5.79267e-45 -1.58186e-45  3.53553e-46  -3.9828e-47 -1.53816e-47
 -2.4708e-36   1.4594e-33 -1.33109e-35  1.57564e-34 -5.55567e-36  1.52983e-34  1.80782e-35 -2.69931e-35 -1.61165e-35 -3.23092e-34  4.21008e-36  3.47481e-34 -1.93766e-35 -1.13267e-34  1.14195e-35 -5.80364e-36  5.40408e-36  4.15794e-35 -3.47904e-37 -7.99992e-34  1.05347e-36  6.17821e-33  2.32827e-36 -3.98493e-32  1.69596e-36  2.28493e-31 -1.33904e-36 -1.16492e-30  1.91713e-37  5.29356e-30 -6.43275e-38 -2.14945e-29  1.11886e-37  7.81228e-29 -2.31401e-37 -2.54371e-28  9.74679e-37  7.42011e-28 -3.71369e-36 -1.93751e-27  1.30569e-35  4.52062e-27 -4.23399e-35  -9.3978e-27  1.26438e-34  1.73339e-26 -3.47832e-34 -2.81969e-26  8.81469e-34  4.01086e-26 -2.05656e-33 -4.92736e-26  4.41231e-33  5.12948e-26 -8.68875e-33 -4.38272e-26  1.56585e-32  2.88519e-26 -2.57125e-32 -1.22889e-26  3.82128e-32   4.7201e-28 -5.08421e-32  3.92004e-27  5.94121e-32 -2.92006e-27 -5.86465e-32  5.71596e-28  4.41032e-32  5.58692e-28 -1.46598e-32  -4.1631e-28 -2.57352e-32  1.62456e-29  6.84002e-32  9.66473e-29 -1.02751e-31 -2.94721e-29  1.20482e-31 -1.42584e-29 -1.18889e-31  8.10509e-30   1.0151e-31    1.634e-30  -7.5865e-32 -1.47277e-30  4.98374e-32 -1.89028e-31 -2.87801e-32  2.03936e-31  1.45739e-32  2.80606e-32 -6.44521e-33 -2.14715e-32  2.47829e-33 -4.21697e-33  -8.2684e-34  1.51255e-33  2.40992e-34  4.73824e-34 -6.32022e-35  -4.8342e-35  1.59682e-35  -3.2226e-35 -4.22232e-36  -1.6482e-36  1.17352e-36  1.07061e-36 -3.10129e-37  1.81027e-37  6.91589e-38 -6.50174e-39 -1.17713e-38 -4.04601e-39  1.36739e-39 -3.31354e-40 -8.79334e-41  1.47661e-41  1.15273e-42  3.01147e-42  1.05595e-43  1.09825e-43  2.87413e-45 -7.61222e-46  4.18936e-47 -6.69034e-47
 9.61391e-35 -1.33109e-35  2.31974e-33 -4.00172e-35  1.22923e-35   1.3592e-35  5.80712e-35  3.58148e-35  7.52872e-36 -4.36606e-35 -3.90059e-34 -8.62979e-36  4.92298e-34  -3.7258e-35 -1.54745e-34  1.65789e-35 -3.38436e-34  3.93981e-36  2.81556e-33  -8.6326e-37 -2.30507e-32  2.22084e-36  1.60426e-31  5.08871e-36 -9.80085e-31  2.35996e-36  5.30778e-30 -2.02957e-36 -2.55812e-29  4.97145e-37   1.1005e-28 -3.87785e-37 -4.23498e-28  8.39785e-37  1.45968e-27 -3.14315e-36 -4.50823e-27  1.28074e-35  1.24717e-26 -4.71809e-35  -3.0865e-26  1.60087e-34  6.81762e-26 -5.00785e-34 -1.33941e-25  1.44423e-33  2.32876e-25 -3.84114e-33  -3.5578e-25    9.421e-33  4.72778e-25 -2.12978e-32 -5.38237e-25  4.43342e-32  5.12451e-25 -8.48424e-32 -3.90721e-25  1.48902e-31  2.16381e-25 -2.38812e-31 -5.96387e-26  3.48164e-31 -2.71643e-26  -4.5768e-31  4.09475e-26  5.35329e-31 -1.83499e-26 -5.43824e-31 -1.94564e-27  4.55239e-31  6.27911e-27 -2.67241e-31 -2.15247e-27  1.16364e-32 -8.25733e-28  2.52287e-31  7.58408e-28 -4.59204e-31  4.81314e-31  5.63898e-31  -1.5607e-28 -5.57957e-31  2.18814e-29  4.68286e-31  2.51534e-29  -3.4001e-31 -4.98064e-30  2.15164e-31 -3.54437e-30 -1.18819e-31   6.3079e-31  5.71102e-32  4.42564e-31 -2.37644e-32 -4.17537e-32  8.50013e-33 -4.46924e-32 -2.59555e-33 -7.07544e-34  6.76547e-34  3.13328e-33 -1.54489e-34  3.99084e-34  3.38689e-35 -1.15413e-34 -8.29246e-36 -3.16313e-35  2.32875e-36   2.9863e-37 -6.34481e-37   9.3831e-37  1.41582e-37  9.80213e-38 -2.29544e-38 -5.32118e-39  2.34441e-39 -1.72404e-39  -1.0534e-40 -8.76715e-41  -2.0409e-42  2.79616e-42  8.83487e-44  3.56289e-43  2.12985e-44  6.73596e-45 -2.76472e-46
-3.81468e-36  1.57564e-34 -4.00172e-35  3.30954e-33 -8.35269e-35 -3.03516e-34   8.0549e-35 -4.02094e-34  5.58261e-35  2.54517e-34 -8.48161e-35 -3.67136e-34 -3.67154e-35  3.57312e-34 -4.90535e-35  5.26299e-34  2.12509e-35 -8.06709e-33 -1.11396e-36  6.82368e-32 -1.65081e-36 -5.07157e-31  3.16113e-36   3.3052e-30  8.80537e-36 -1.90352e-29  2.35132e-36   9.7374e-29 -2.45546e-36 -4.44034e-28  1.26312e-36   1.8097e-27 -2.35052e-36 -6.60324e-27    8.364e-36  2.15897e-26 -3.43957e-35 -6.32544e-26   1.3331e-34  1.65936e-25 -4.73302e-34 -3.89077e-25   1.5483e-33  8.13099e-25 -4.67151e-33 -1.50817e-24   1.3006e-32  2.46816e-24  -3.3423e-32 -3.53383e-24  7.92751e-32  4.37253e-24  -1.7347e-31 -4.58861e-24  3.49877e-31  3.95754e-24 -6.49515e-31 -2.63682e-24  1.10744e-30   1.1462e-24 -1.72894e-30 -6.18101e-26  2.46065e-30  -3.5566e-25 -3.17175e-30  2.73971e-25  3.66536e-30 -5.78776e-26   -3.733e-30 -5.07921e-26  3.24157e-30   3.9986e-26 -2.21459e-30 -2.34997e-27  8.57379e-31 -9.14117e-27  5.02811e-31  3.01959e-27 -1.54205e-30  1.31383e-27  2.06672e-30  -8.1925e-28 -2.07382e-30 -1.42813e-28  1.71754e-30  1.49369e-28  -1.2131e-30  1.57173e-29  7.39671e-31 -2.10046e-29 -3.90493e-31 -2.41268e-30  1.78046e-31  2.26713e-30 -6.96501e-32   3.9393e-31  2.31378e-32 -1.67684e-31 -6.44157e-33 -4.71925e-32  1.48455e-33  6.06974e-33  -2.8564e-34  3.41074e-33  5.09874e-35  1.22976e-34 -1.12901e-35 -1.21227e-34  3.40838e-36 -1.85328e-35 -1.01233e-36  9.40945e-37  2.31735e-37  4.64717e-37 -3.58347e-38  3.26342e-38  3.09284e-39 -1.93908e-39 -5.95133e-41 -3.44933e-40 -8.51005e-42 -1.19483e-41  1.07049e-44   1.5876e-43  3.19882e-44   7.6702e-45
 9.77939e-35 -5.55567e-36  1.22923e-35 -8.35269e-35  4.53135e-33 -1.35868e-34 -7.12024e-34   2.0457e-34 -1.30878e-33  7.42495e-35  7.06601e-34 -1.27976e-34 -1.10559e-34 -7.53755e-35 -1.58433e-33 -5.29796e-35  1.79557e-32  2.74715e-35 -1.68083e-31 -8.68177e-36  1.33531e-30 -2.47602e-36 -9.28937e-30  3.77376e-36  5.69574e-29  1.29964e-35 -3.09521e-28  1.66677e-36  1.49703e-27 -3.02224e-36 -6.46421e-27  5.16118e-36  2.49737e-26 -1.86897e-35 -8.64357e-26  7.78536e-35  2.68132e-25 -3.13454e-34 -7.45231e-25  1.16466e-33  1.85343e-24 -3.98174e-33 -4.11551e-24  1.25526e-32   8.1309e-24 -3.65242e-32 -1.42221e-23  9.81394e-32  2.18695e-23 -2.43576e-31 -2.92677e-23  5.58371e-31  3.35827e-23 -1.18173e-30 -3.22621e-23  2.30706e-30  2.48681e-23 -4.14918e-30 -1.39864e-23  6.86104e-30   4.0097e-24 -1.04029e-29  1.65146e-24   1.4407e-29 -2.64985e-24 -1.81233e-29  1.23411e-24  2.05372e-29  1.00925e-25 -2.06877e-29 -4.12455e-25  1.80915e-29  1.50667e-25  -1.3064e-29  5.14931e-26  6.72053e-30 -5.19256e-26 -5.95493e-31  1.15082e-27 -3.95665e-30  1.06049e-26  6.26205e-30 -1.75072e-27 -6.47078e-30 -1.70414e-27  5.31119e-30  3.88408e-28 -3.65321e-30  2.41838e-28  2.14605e-30 -5.06681e-29 -1.08244e-30 -3.07929e-29  4.67761e-31  3.72537e-30 -1.71828e-31  3.21699e-30  5.29274e-32  -1.5199e-32 -1.33852e-32 -2.35795e-31  2.69301e-33 -2.59188e-32 -4.14343e-34  9.39346e-33  5.07325e-35  2.30146e-33 -9.13863e-36 -6.00285e-35  3.65462e-36  -7.3889e-35 -1.33538e-36 -7.00337e-36  3.25894e-37  5.29859e-37 -4.82028e-38  1.35554e-37  3.31989e-39   6.3099e-39   5.2725e-41    -2.77e-40 -1.57782e-41 -2.95813e-41 -7.26032e-44 -4.96106e-43  2.33657e-44
 6.03193e-36  1.52983e-34   1.3592e-35 -3.03516e-34 -1.35868e-34  6.21921e-33 -1.86845e-34 -1.13793e-33  3.57906e-34 -2.44835e-33   8.7473e-35   1.0469e-33 -1.55094e-34  3.07135e-33 -1.16302e-34 -3.60485e-32 -5.17916e-35  3.53291e-31  3.66843e-35 -3.01871e-30 -1.75736e-35  2.24547e-29 -2.86474e-36 -1.46765e-28  4.38265e-36  8.48103e-28  1.69312e-35 -4.35383e-27  1.41775e-36  1.99281e-26 -8.35833e-36 -8.15393e-26  3.48609e-35  2.98762e-25 -1.52448e-34  -9.8113e-25  6.36937e-34    2.888e-24 -2.47032e-33 -7.61369e-24  8.82335e-33  1.79463e-23 -2.90454e-32 -3.77152e-23  8.82358e-32  7.03768e-23 -2.47565e-31  -1.1592e-22  6.41845e-31  1.67138e-22 -1.53801e-30 -2.08407e-22  3.40593e-30  2.20613e-22 -6.96738e-30 -1.92222e-22  1.31555e-29  1.29769e-22 -2.28983e-29  -5.7686e-23  3.66747e-29  4.11851e-24  -5.3914e-29  1.72994e-23  7.24912e-29 -1.38461e-23 -8.87115e-29  3.16833e-24  9.81018e-29  2.46707e-24 -9.69629e-29  -2.0695e-24  8.40929e-29  1.67488e-25 -6.17556e-29  4.63928e-25  3.51709e-29 -1.67084e-25 -1.05867e-29 -6.43702e-26 -7.12729e-30  4.46569e-26  1.60957e-29  6.47524e-27 -1.74989e-29 -8.16452e-27  1.43021e-29  -6.5008e-28 -9.58815e-30  1.16485e-27  5.42399e-30  1.05089e-28  -2.6111e-30 -1.29103e-28  1.06799e-30 -1.92564e-29 -3.67827e-31  1.00132e-29  1.04858e-31  2.50632e-30 -2.40086e-32 -4.06928e-31  4.16095e-33  -1.9356e-31 -4.66844e-34 -3.66993e-33  1.32919e-35  7.39083e-33  2.49986e-36  1.01591e-33  2.27372e-36 -7.31836e-35 -1.49891e-36  -2.8258e-35  4.13348e-37 -1.73027e-36 -5.86728e-38   1.3954e-37  2.98693e-39  2.14157e-38  1.91413e-40   6.6022e-40 -1.98558e-41 -1.31277e-41 -1.04767e-43 -4.91905e-43
 2.62379e-35  1.80782e-35  5.80712e-35   8.0549e-35 -7.12024e-34 -1.86845e-34  8.28657e-33 -2.29416e-34 -1.50361e-33   4.8607e-34 -3.18055e-33  9.15338e-35 -3.00342e-33 -1.51625e-34  6.09666e-32 -1.53864e-34   -6.507e-31 -4.75137e-35  5.97132e-30    4.823e-35 -4.75982e-29 -2.74615e-35  3.32132e-28  -2.2844e-36 -2.04326e-27  5.64689e-36   1.1143e-26  1.88025e-35 -5.40962e-26  8.98103e-36  2.34513e-25 -5.45262e-35 -9.09803e-25  2.60545e-34  3.16282e-24 -1.14172e-33 -9.85734e-24   4.6202e-33   2.7533e-23 -1.72318e-32 -6.88372e-23  5.92145e-32  1.53711e-22 -1.87711e-31 -3.05507e-22  5.49498e-31  5.37821e-22 -1.48654e-30 -8.32789e-22  3.71803e-30  1.12302e-21 -8.59905e-30 -1.29953e-21   1.8388e-29  1.26061e-21 -3.63391e-29 -9.83284e-22  6.63165e-29  5.62441e-22 -1.11621e-28 -1.68229e-22  1.72981e-28 -6.14488e-23 -2.46228e-28  1.06409e-22  3.20884e-28 -5.17048e-23 -3.81127e-28 -2.85402e-24   4.0994e-28  1.67998e-23 -3.95512e-28 -6.57412e-24   3.3709e-28 -1.95943e-24 -2.46876e-28  2.21029e-24  1.46194e-28 -1.05219e-25  -5.7387e-29 -4.46668e-25 -4.42271e-30  8.65855e-26   3.5475e-29  7.13603e-26   -4.186e-29 -1.88171e-26  3.42397e-29 -1.01777e-26 -2.23819e-29  2.52105e-27  1.21813e-29  1.32346e-27 -5.58847e-30  -2.0259e-28  2.15949e-30 -1.43363e-28 -6.95808e-31  4.08134e-30  1.83145e-31  1.10295e-29 -3.78605e-32  9.98702e-31  5.58789e-33 -4.74436e-31 -3.78189e-34 -1.03323e-31 -7.21013e-35  4.80332e-33  2.60921e-35  3.62564e-33 -1.26376e-36  3.01716e-34 -1.44363e-36 -3.12324e-35  4.89814e-37  -6.6797e-36 -6.67017e-38 -2.71832e-37  2.28569e-39  1.67847e-38  2.94568e-40  1.50821e-39 -1.82235e-41  2.28516e-41 -7.31332e-44
-3.38769e-36 -2.69931e-35  3.58148e-35 -4.02094e-34   2.0457e-34 -1.13793e-33 -2.29416e-34  1.02645e-32 -2.57237e-34  -2.0531e-33  5.41162e-34  2.36654e-33  8.26433e-35 -8.84211e-32  -1.1408e-34  1.05635e-30 -1.87693e-34 -1.04735e-29 -3.96883e-35   8.9638e-29  5.99542e-35  -6.6891e-28 -3.87449e-35  4.38671e-27 -6.97101e-37 -2.54395e-26  9.53259e-36  1.31087e-25  8.70327e-36 -6.02382e-25  7.57571e-35  2.47509e-24 -3.94198e-34 -9.10898e-24  1.82584e-33  3.00541e-23 -7.73312e-33 -8.89055e-23  3.01194e-32  2.35621e-22 -1.08044e-31 -5.58503e-22  3.57349e-31  1.18077e-21 -1.09105e-30 -2.21748e-21  3.07788e-30  3.67781e-21 -8.02787e-30  -5.3428e-21  1.93669e-29  6.71748e-21 -4.32203e-29 -7.17773e-21  8.92107e-29  6.32337e-21 -1.70236e-28 -4.33038e-21  3.00088e-28  1.97239e-21 -4.88079e-28 -1.78968e-22  7.31224e-28 -5.67605e-22 -1.00677e-27  4.74517e-22  1.26995e-27  -1.1794e-22 -1.46141e-27 -8.04662e-23  1.52519e-27  7.26445e-23 -1.43123e-27  -7.6713e-24  1.19166e-27 -1.58915e-23 -8.60443e-28  6.28141e-24  5.14349e-28  2.10297e-24 -2.23883e-28 -1.65183e-24  2.92841e-29 -1.87636e-25  6.69193e-29  3.02526e-25 -8.98811e-29  1.55866e-26   7.3953e-29 -4.37657e-26 -4.71285e-29 -2.76999e-27  2.46416e-29   4.9848e-27 -1.07518e-29  6.11906e-28  3.91517e-30 -4.05386e-28 -1.17656e-30 -8.88905e-29  2.85013e-31  1.83113e-29 -5.31047e-32  7.40874e-30  6.65935e-33 -5.87647e-33 -1.56411e-34 -3.05754e-31 -1.95148e-34 -3.70767e-32  6.09069e-35   3.7211e-33 -7.06848e-36  1.16018e-33 -1.16924e-36  6.03731e-35  5.53638e-37 -6.78976e-36 -7.15937e-38 -8.98158e-37  1.47419e-39 -2.39831e-38  3.16958e-40  7.00956e-40 -1.19949e-41  2.16487e-41
-1.70166e-34 -1.61165e-35  7.52872e-36  5.58261e-35 -1.30878e-33  3.57906e-34 -1.50361e-33 -2.57237e-34  1.19808e-32 -2.62493e-34 -9.46406e-33  5.09804e-34  1.15688e-31  5.95428e-35 -1.52587e-30 -5.01987e-35  1.64251e-29   -2.201e-34 -1.51353e-28 -2.73389e-35  1.21021e-27  6.95742e-35 -8.47317e-27 -5.15282e-35  5.23123e-26 -1.95481e-37 -2.86361e-25  2.76946e-35  1.39573e-24 -7.90727e-35 -6.07606e-24  5.41024e-34   2.3677e-23 -2.63336e-33 -8.26968e-23  1.16934e-32  2.59019e-22 -4.76221e-32 -7.27299e-22  1.78396e-31  1.82858e-21 -6.15762e-31 -4.10762e-21  1.96089e-30  8.21637e-21 -5.76737e-30  -1.4564e-20  1.56801e-29    2.272e-20 -3.94293e-29 -3.08888e-20   9.1735e-29  3.60702e-20 -1.97487e-28 -3.53579e-20  3.93326e-28  2.79354e-20 -7.24404e-28 -1.62746e-20  1.23278e-27  5.09212e-21 -1.93623e-27  1.61132e-21  2.80213e-27 -3.06567e-21 -3.72831e-27  1.56032e-21  4.54702e-27  4.12365e-23 -5.06255e-27 -4.90421e-22  5.11694e-27  2.06675e-22 -4.65789e-27  5.22665e-23    3.773e-27 -6.76095e-23 -2.66614e-27  5.12884e-24  1.58232e-27  1.34727e-23 -7.17981e-28  -3.0613e-24  1.62288e-28 -2.13164e-24  1.05922e-28  6.54236e-25 -1.75239e-28  3.04771e-25  1.45721e-28 -8.98468e-26 -9.04534e-29  -4.0523e-26  4.53448e-29  7.79134e-27 -1.87686e-29  4.56671e-27  6.41863e-30 -2.57162e-28 -1.79088e-30 -3.70156e-28  3.97302e-31 -2.56174e-29 -6.67281e-32  1.71993e-29  7.28724e-33  3.29588e-30  6.61501e-35 -2.38074e-31  -3.2149e-34  -1.2766e-31  1.03312e-34 -9.02044e-33 -1.48122e-35  1.29776e-33 -7.27813e-37  2.36508e-34  5.99308e-37   7.9942e-36  -7.1821e-38 -7.17046e-37  7.41125e-40 -5.52465e-38  2.57493e-40 -7.36185e-40 -4.99925e-42
 4.76779e-36 -3.23092e-34 -4.36606e-35  2.54517e-34  7.42495e-35 -2.44835e-33   4.8607e-34  -2.0531e-33 -2.62493e-34   2.0339e-32 -2.41138e-34 -1.43462e-31  4.15294e-34  1.97901e-30  2.56183e-35 -2.31764e-29  2.58566e-35  2.30633e-28 -2.51563e-34 -1.98041e-27 -1.12533e-35  1.48284e-26   7.5225e-35 -9.75919e-26 -6.34495e-35  5.68089e-25 -1.41763e-35 -2.93896e-24  1.36048e-34  1.35622e-23 -6.58522e-34 -5.59724e-23  3.45897e-33  2.06963e-22 -1.60898e-32 -6.86255e-22  6.85893e-32   2.0408e-21 -2.68591e-31 -5.43897e-21  9.68135e-31  1.29693e-20 -3.21712e-30 -2.75946e-20  9.86779e-30  5.21781e-20 -2.79655e-29 -8.71808e-20  7.32826e-29  1.27671e-19 -1.77656e-28 -1.61953e-19  3.98555e-28  1.74797e-19 -8.27471e-28 -1.55833e-19  1.58962e-27   1.0838e-19 -2.82433e-27  -5.0675e-20  4.63752e-27  5.66844e-21 -7.02928e-27  1.38827e-20  9.81971e-27 -1.21946e-20 -1.26155e-26  3.29907e-21  1.48615e-26  1.94443e-21 -1.59902e-26 -1.91212e-21  1.56292e-26  2.54139e-22 -1.37727e-26  4.05847e-22  1.08204e-26 -1.77314e-22 -7.44432e-27 -5.03632e-23  4.34083e-27  4.58241e-23 -1.99071e-27  3.66717e-24  5.44615e-28 -8.39624e-24  1.32073e-28 -1.73844e-25 -3.13352e-28   1.2309e-24  2.64303e-28  4.15152e-26 -1.59519e-28 -1.44145e-25  7.64783e-29 -1.36069e-26 -2.99342e-29  1.22942e-26  9.57108e-30  2.31262e-27 -2.46244e-30 -6.12004e-28  4.96109e-31 -2.11099e-28 -7.53416e-32  5.10577e-30  7.80634e-33  9.47375e-30  3.74361e-35  9.87516e-31 -4.03105e-34 -1.37912e-31  1.48218e-34 -3.55967e-32 -2.37142e-35 -1.48926e-33 -2.13399e-37  2.45403e-34  6.15273e-37  2.81309e-35 -6.57471e-38  6.20715e-37  1.87186e-40 -2.73479e-38  1.55697e-40 -7.10652e-40
 1.32803e-34  4.21008e-36 -3.90059e-34 -8.48161e-35  7.06601e-34   8.7473e-35 -3.18055e-33  5.41162e-34 -9.46406e-33 -2.41138e-34  1.61944e-31 -1.99233e-34  -2.3175e-30  2.97789e-34  2.95591e-29 -1.15237e-35  -3.1866e-28  9.86173e-35  2.94597e-27 -2.78248e-34 -2.36358e-26  5.89682e-36  1.66075e-25  7.41284e-35 -1.02919e-24 -6.03684e-35  5.65635e-24 -1.23876e-34 -2.76853e-23  7.94643e-34   1.2106e-22 -4.12846e-33 -4.73963e-22  2.02362e-32  1.66367e-21  -9.0387e-32 -5.23843e-21  3.70476e-31  1.47916e-20 -1.39615e-30 -3.74114e-20  4.84582e-30  8.45744e-20 -1.55121e-29 -1.70327e-19  4.58492e-29  3.04135e-19 -1.25239e-28 -4.78239e-19  3.16363e-28   6.5588e-19 -7.39389e-28 -7.73401e-19  1.59924e-27    7.667e-19 -3.20128e-27 -6.14179e-19  5.92963e-27  3.64943e-19 -1.01586e-26 -1.19716e-19  1.60852e-26 -3.18497e-20 -2.35139e-26  6.82178e-20  3.16856e-26 -3.65158e-20 -3.92749e-26  1.60955e-22  4.46515e-26  1.10414e-20  -4.6381e-26 -5.03855e-21  4.37853e-26 -1.04094e-21 -3.72909e-26   1.5994e-21  2.83478e-26 -1.71446e-22  -1.8916e-26 -3.12972e-22  1.07597e-26  8.33271e-23 -4.89731e-27  4.87863e-23   1.4529e-27 -1.75659e-23  1.00173e-28 -6.96736e-24 -5.18767e-28  2.46894e-24  4.44513e-28  9.48502e-25 -2.60149e-28 -2.28812e-25  1.18931e-28 -1.11698e-25 -4.38605e-29   9.9999e-27   1.3033e-29  9.58173e-27  -3.0581e-30  4.35905e-28  5.50672e-31 -4.81571e-28 -7.62253e-32 -7.99626e-29  8.96508e-33  8.45688e-30 -5.34878e-34  3.46742e-30 -3.98258e-34  1.97334e-31   1.9045e-34 -4.11908e-32 -3.25045e-35 -6.45355e-33   2.5313e-37 -1.66838e-34  5.89012e-37  2.33868e-35 -5.33169e-38  1.56158e-36 -1.36563e-40  1.75906e-38  6.21439e-41
-3.99879e-36  3.47481e-34 -8.62979e-36 -3.67136e-34 -1.27976e-34   1.0469e-33  9.15338e-35  2.36654e-33  5.09804e-34 -1.43462e-31 -1.99233e-34  2.45006e-30  -1.5115e-34 -3.41751e-29  1.91271e-34  4.00562e-28 -4.30331e-35 -3.99839e-27   1.5482e-34  3.44502e-26  -2.9319e-34 -2.58871e-25  2.22309e-35  1.71018e-24  5.43009e-35  -9.9948e-24  3.68389e-35  5.19253e-23 -7.96054e-34 -2.40684e-22  4.55823e-33  9.98011e-22  -2.3255e-32 -3.70866e-21  1.09146e-31  1.23623e-20 -4.69097e-31 -3.69698e-20  1.85144e-30   9.9117e-20 -6.72227e-30  -2.3785e-19  2.24877e-29  5.09512e-19 -6.93974e-29 -9.70466e-19  1.97767e-28   1.6343e-18 -5.20869e-28 -2.41397e-18  1.26861e-27   3.0914e-18  -2.8585e-27 -3.37274e-18  5.96013e-27  3.04546e-18    -1.15e-26  -2.1536e-18  2.05301e-26  1.03552e-18 -3.38971e-26 -1.39445e-19  5.17267e-26 -2.67616e-19 -7.28785e-26  2.48693e-19  9.46616e-26 -7.33464e-20 -1.13121e-25 -3.67174e-20  1.24016e-25  3.99283e-20 -1.24252e-25 -6.51033e-21  1.13173e-25 -8.16579e-21 -9.30297e-26  3.97504e-21  6.82972e-26  9.26677e-22 -4.40707e-26 -1.00828e-21  2.43244e-26 -4.44996e-23 -1.08575e-26  1.84534e-22  3.31882e-27 -2.43959e-24 -6.14997e-29 -2.73926e-23 -8.02565e-28 -2.80201e-26  6.97383e-28  3.29953e-24 -3.94343e-28  2.10256e-25  1.71386e-28  -2.9526e-25 -5.93211e-29 -4.62099e-26  1.62499e-29  1.60915e-26  -3.4128e-30  4.72337e-27  5.30752e-31 -2.48443e-28 -6.80714e-32 -2.32266e-28   1.1645e-32 -2.00184e-29  -1.8531e-33  3.97275e-30 -2.91133e-34   8.6198e-31  2.25299e-34  2.60306e-32 -3.95222e-35 -6.96926e-33  5.57339e-37 -6.94998e-34  5.15927e-37 -1.16426e-35 -3.70567e-38  8.29164e-37 -2.25202e-40   1.8487e-38
-7.04159e-35 -1.93766e-35  4.92298e-34 -3.67154e-35 -1.10559e-34 -1.55094e-34 -3.00342e-33  8.26433e-35  1.15688e-31  4.15294e-34  -2.3175e-30  -1.5115e-34  3.58705e-29  -1.1089e-34 -4.59107e-28  1.12288e-34  4.96451e-27 -6.22245e-35 -4.60515e-26  1.85795e-34  3.70799e-25 -2.90506e-34 -2.61525e-24  4.51515e-35  1.62719e-23 -5.08472e-35 -8.98066e-23  6.56464e-34  4.41525e-22 -4.49964e-33 -1.93977e-21  2.44259e-32  7.63238e-21 -1.20502e-31 -2.69325e-20  5.44627e-31  8.52786e-20 -2.25686e-30 -2.42235e-19  8.59177e-30  6.16559e-19 -3.00978e-29 -1.40328e-18  9.71538e-29  2.84666e-18 -2.89303e-28 -5.12279e-18  7.95455e-28  8.12395e-18   -2.021e-27 -1.12458e-17  4.74726e-27  1.33998e-17 -1.03136e-26 -1.34447e-17  2.07282e-26  1.09311e-17 -3.85405e-26 -6.63405e-18  6.62855e-26  2.28584e-18 -1.05419e-25  4.90749e-19  1.54935e-25 -1.22579e-18 -2.10238e-25  6.93004e-19  2.63024e-25  -2.5791e-20 -3.02793e-25 -2.00333e-19  3.19857e-25  9.95761e-20 -3.08856e-25  1.58678e-20  2.71174e-25  -3.0582e-20 -2.14902e-25  4.34245e-21  1.52125e-25  5.84613e-21  -9.4695e-26 -1.82641e-21  5.05042e-26  -8.9142e-22 -2.19177e-26  3.80694e-22  6.70371e-27  1.26483e-22 -4.36833e-28 -5.46904e-23 -1.17079e-27 -1.76586e-23  1.02537e-27  5.37687e-24 -5.57869e-28  2.18653e-24  2.29897e-28 -2.84495e-25 -7.44115e-29 -1.99665e-25  1.85862e-29 -3.73748e-27 -3.37492e-30   1.0879e-26  4.14962e-31  1.52964e-27 -5.10858e-32 -2.31996e-28   1.6412e-32 -7.58233e-29 -3.90737e-33 -3.14929e-30  -1.0107e-34  1.04672e-30  2.48499e-34  1.41455e-31 -4.31166e-35  2.33843e-33  6.39313e-37 -6.10501e-34  4.05372e-37 -3.55259e-35 -2.11774e-38 -3.17071e-37 -1.46659e-40
 5.55095e-36 -1.13267e-34  -3.7258e-35  3.57312e-34 -7.53755e-35  3.07135e-33 -1.51625e-34 -8.84211e-32  5.95428e-35  1.97901e-30  2.97789e-34 -3.41751e-29  -1.1089e-34  4.80408e-28 -8.52314e-35 -5.64903e-27  6.21069e-35  5.65791e-26 -6.63355e-35 -4.89234e-25  1.89483e-34   3.6902e-24 -2.73476e-34 -2.44761e-23  1.26601e-34   1.4365e-22 -5.88484e-34 -7.49631e-22  3.93448e-33   3.4911e-21 -2.31395e-32 -1.45484e-20  1.20902e-31  5.43489e-20 -5.76638e-31 -1.82182e-19   2.5183e-30  5.48065e-19 -1.00867e-29 -1.47869e-18  3.71179e-29   3.5724e-18 -1.25675e-28 -7.70801e-18  3.92014e-28  1.47956e-17  -1.1277e-27 -2.51261e-17  2.99428e-27  3.74544e-17 -7.34335e-27 -4.84546e-17  1.66423e-26  5.34772e-17 -3.48665e-26  -4.8953e-17  6.75408e-26   3.5239e-17 -1.20982e-25 -1.74541e-17  2.00373e-25  2.77601e-18 -3.06765e-25  4.21021e-18  4.33923e-25 -4.17282e-18 -5.66641e-25  1.34327e-18  6.82265e-25  5.58936e-19  -7.5603e-25 -6.85588e-19   7.6894e-25  1.34581e-19  -7.1506e-25  1.33932e-19  6.04708e-25 -7.33379e-20  -4.6157e-25 -1.33506e-20  3.14628e-25  1.82308e-20 -1.88538e-25  1.02225e-22  9.68235e-26 -3.32606e-21  -4.0576e-26  1.69207e-22  1.21804e-26   4.9939e-22 -1.08689e-27 -1.77661e-23 -1.62335e-27 -6.18954e-23  1.41719e-27 -1.86547e-24 -7.38816e-28  5.81528e-24  2.88355e-28  7.21238e-25 -8.70709e-29 -3.45292e-25  1.95361e-29 -8.56431e-26 -2.85634e-30  7.56054e-27   1.9713e-31  4.66285e-27 -2.65825e-32  3.11083e-28  2.31299e-32 -9.26488e-29 -6.42486e-33 -1.70271e-29  1.23348e-34 -2.82162e-31  2.56443e-34  1.61385e-31  -4.2282e-35  1.39987e-32  5.25865e-37  1.46538e-34  2.79175e-37 -2.03791e-35 -9.31191e-39 -3.94124e-37
 1.75365e-35  1.14195e-35 -1.54745e-34 -4.90535e-35 -1.58433e-33 -1.16302e-34  6.09666e-32  -1.1408e-34 -1.52587e-30  2.56183e-35  2.95591e-29  1.91271e-34 -4.59107e-28 -8.52314e-35  5.89692e-27 -7.37307e-35 -6.39823e-26  3.48789e-35  5.95638e-25 -5.64373e-35 -4.81416e-24  1.73525e-34  3.40902e-23 -2.78414e-34 -2.13005e-22  5.16497e-34  1.18085e-21  -3.1667e-33 -5.83299e-21  1.94375e-32  2.57545e-20 -1.08547e-31 -1.01872e-19  5.50076e-31  3.61496e-19 -2.54652e-30 -1.15145e-18  1.07898e-29  3.29141e-18 -4.19123e-29 -8.43413e-18  1.49498e-28  1.93343e-17 -4.90359e-28 -3.95243e-17  1.48081e-27  7.17205e-17 -4.12129e-27 -1.14769e-16  1.05795e-26  1.60459e-16 -2.50654e-26 -1.93332e-16  5.48365e-26  1.96495e-16 -1.10816e-25 -1.62312e-16  2.06902e-25  1.00752e-16 -3.56955e-25 -3.65184e-17  5.69041e-25 -5.94771e-18 -8.38105e-25   1.8318e-17  1.14008e-24 -1.09874e-17 -1.43149e-24  7.90472e-19  1.65732e-24  3.01459e-18 -1.76629e-24 -1.64293e-18  1.72833e-24 -1.82757e-19 -1.54677e-24  4.86566e-19  1.25907e-24 -8.79835e-20 -9.24903e-25 -9.02635e-20  6.06397e-25  3.32171e-20 -3.49163e-25   1.3325e-20  1.72114e-25 -6.85797e-21 -6.92426e-26 -1.86243e-21  2.01077e-26  1.00576e-21 -2.00135e-27  2.67284e-22 -2.15044e-27 -1.04306e-22  1.84301e-27 -3.51201e-23 -9.17887e-28   6.3718e-24  3.39912e-28  3.44154e-24 -9.58237e-29 -4.19837e-26  1.89289e-29 -2.04015e-25 -1.86675e-30 -2.34197e-26 -1.10931e-31  5.14118e-27  3.44205e-33  1.37134e-27  3.08517e-32  3.27373e-29 -8.92389e-33 -2.19638e-29   3.2279e-34 -2.55541e-30  2.47043e-34  -1.3432e-32  -3.7174e-35  1.31662e-32  3.15485e-37  6.68073e-34  1.63092e-37   4.1073e-36 -2.70536e-39
 3.64524e-36 -5.80364e-36  1.65789e-35  5.26299e-34 -5.29796e-35 -3.60485e-32 -1.53864e-34  1.05635e-30 -5.01987e-35 -2.31764e-29 -1.15237e-35  4.00562e-28  1.12288e-34 -5.64903e-27 -7.37307e-35  6.66533e-26 -7.31133e-35 -6.69976e-25    2.437e-35  5.81518e-24 -3.75612e-35 -4.40385e-23  1.65477e-34  2.93332e-22 -4.56436e-34 -1.72927e-21  2.21546e-33  9.06679e-21 -1.41557e-32 -4.24361e-20  8.45398e-32  1.77781e-19   -4.606e-31 -6.67865e-19  2.28459e-30  2.25207e-18 -1.03377e-29 -6.81781e-18  4.27442e-29  1.85184e-17 -1.61784e-28 -4.50603e-17  5.61494e-28  9.79721e-17 -1.78962e-27 -1.89615e-16  5.24495e-27  3.24893e-16 -1.41498e-26 -4.89051e-16  3.51686e-26  6.39567e-16 -8.05824e-26 -7.14599e-16  1.70303e-25  6.63769e-16 -3.32091e-25 -4.86975e-16  5.97669e-25  2.48857e-16 -9.92903e-25 -4.60167e-17   1.5228e-24 -5.53179e-17 -2.15613e-24  5.90547e-17  2.81811e-24 -2.07708e-17 -3.39893e-24 -6.97495e-18  3.78009e-24  9.91956e-18 -3.87103e-24 -2.31182e-18  3.64136e-24 -1.83042e-18 -3.13431e-24  1.14102e-18  2.45443e-24  1.49028e-19 -1.73411e-24 -2.77446e-19  1.09248e-24  1.00015e-20  -6.0339e-25  5.03275e-20   2.8461e-25 -4.69037e-21 -1.09308e-25  -7.6316e-21  3.03351e-26  5.89281e-22 -3.05816e-27  9.73658e-22 -2.72274e-27 -7.08648e-24  2.25116e-27 -9.61556e-23 -1.07081e-27 -8.65629e-24  3.78995e-28  6.20033e-24 -1.00427e-28  1.28073e-24  1.70292e-29 -1.73225e-25 -5.18117e-31 -7.83965e-26 -4.80175e-31 -3.54174e-27  3.63797e-32  1.79819e-27  3.80606e-32  2.80048e-28 -1.08583e-32  1.38886e-32  4.49783e-34 -3.12567e-30  2.20856e-34  -2.3455e-31 -2.91383e-35 -6.37595e-34  1.20108e-37  4.17513e-34  7.62733e-38  7.02789e-36
-2.34241e-35  5.40408e-36 -3.38436e-34  2.12509e-35  1.79557e-32 -5.17916e-35   -6.507e-31 -1.87693e-34  1.64251e-29  2.58566e-35  -3.1866e-28 -4.30331e-35  4.96451e-27  6.21069e-35 -6.39823e-26 -7.31133e-35  6.96709e-25 -8.09649e-35 -6.51056e-24  2.69733e-35  5.28315e-23 -2.20005e-35 -3.75697e-22  2.35573e-34  2.35796e-21 -1.23589e-33 -1.31339e-20  8.15879e-33  6.52016e-20 -5.30685e-32 -2.89411e-19  3.18116e-31  1.15119e-18 -1.73178e-30 -4.10933e-18  8.54244e-30  1.31719e-17 -3.82418e-29 -3.79046e-17  1.55739e-28  9.78246e-17 -5.78451e-28 -2.25969e-16  1.96409e-27  4.65734e-16 -6.10875e-27 -8.52615e-16  1.74323e-26  1.37755e-15 -4.57021e-26 -1.94643e-15   1.1019e-25  2.37319e-15  -2.4452e-25 -2.44539e-15  4.99686e-25  2.05442e-15 -9.40758e-25 -1.30607e-15  1.63229e-24  4.98569e-16 -2.61077e-24  5.53267e-17  3.85029e-24 -2.32391e-16 -5.23682e-24  1.48624e-16  6.56998e-24  -1.6139e-17  -7.6031e-24 -3.83662e-17  8.11336e-24   2.3105e-17 -7.97541e-24  1.43688e-18  7.20637e-24 -6.57222e-18 -5.96256e-24  1.47555e-18  4.49012e-24  1.17274e-18 -3.04983e-24 -5.12024e-19  1.84467e-24 -1.64995e-19 -9.75605e-25  1.04826e-19   4.3891e-25  2.23833e-20  -1.5998e-25 -1.56753e-20   4.1936e-26  -3.3147e-21 -4.02107e-27  1.70744e-21 -3.27384e-27   4.6916e-22  2.56806e-27 -1.17068e-22 -1.17256e-27 -4.99272e-23  4.03116e-28  2.44689e-24 -1.02074e-28  3.23813e-24  1.44661e-29  2.84774e-25  1.00157e-30 -9.47945e-26 -8.67716e-31 -2.08651e-26   6.8843e-32 -5.96749e-29  4.31473e-32  3.88869e-28 -1.17959e-32  3.86176e-29  4.85042e-34 -3.48256e-31   1.8167e-34 -2.39702e-31  -2.0178e-35 -1.05501e-32  5.51682e-39 -2.87894e-35  2.47769e-38
-1.26723e-37  4.15794e-35  3.93981e-36 -8.06709e-33  2.74715e-35  3.53291e-31 -4.75137e-35 -1.04735e-29   -2.201e-34  2.30633e-28  9.86173e-35 -3.99839e-27 -6.22245e-35  5.65791e-26  3.48789e-35 -6.69976e-25 -8.09649e-35  6.75992e-24 -9.63904e-35 -5.89092e-23  4.19274e-35  4.48011e-22 -2.08156e-35 -2.99747e-21  3.78907e-34  1.77546e-20 -2.54648e-33 -9.35558e-20  1.99335e-32  4.40198e-19 -1.46255e-31  -1.8545e-18  9.55241e-31  7.00819e-18  -5.4887e-30  -2.3781e-17  2.79059e-29  7.24763e-17 -1.26598e-28 -1.98265e-16  5.16267e-28  4.86109e-16 -1.90376e-27 -1.06555e-15  6.37728e-27  2.08041e-15 -1.94746e-26 -3.59861e-15   5.4358e-26  5.47339e-15  -1.3896e-25 -7.24091e-15  3.25829e-25   8.1971e-15 -7.01511e-25 -7.73344e-15  1.38791e-24  5.78925e-15 -2.52475e-24 -3.05687e-15  4.22464e-24  6.48578e-16  -6.5049e-24  6.16366e-16  9.22023e-24 -7.17643e-16 -1.20362e-23  2.76072e-16  1.44781e-23  7.16222e-17 -1.60552e-23 -1.23068e-16  1.64175e-23  3.37068e-17 -1.54736e-23  2.11295e-17  1.34191e-23  -1.5234e-17  -1.0668e-23 -1.19564e-18  7.72407e-24  3.61422e-18 -5.04275e-24 -2.94898e-19  2.92632e-24   -6.496e-19 -1.47932e-24  9.20068e-20  6.32392e-25  9.92729e-20 -2.17254e-25 -1.24776e-20  5.31043e-26 -1.30437e-20  -4.5959e-27  6.51795e-22  -3.6808e-27  1.35648e-21  2.70414e-27   7.2683e-23 -1.20259e-27 -9.48381e-23  4.13614e-28 -1.58897e-23 -1.02952e-28  3.20156e-24  1.20093e-29  1.12023e-24  2.47305e-30  2.30325e-26 -1.22248e-30  -2.9616e-26  9.67664e-32 -3.87869e-27  4.49155e-32   8.1349e-29 -1.15583e-32  5.15444e-29  4.40351e-34  3.30313e-30   1.3595e-34  -2.4293e-32 -1.21611e-35 -7.26919e-33 -2.77077e-38 -1.06264e-34
-1.44366e-35 -3.47904e-37  2.81556e-33 -1.11396e-36 -1.68083e-31  3.66843e-35  5.97132e-30 -3.96883e-35 -1.51353e-28 -2.51563e-34  2.94597e-27   1.5482e-34 -4.60515e-26 -6.63355e-35  5.95638e-25    2.437e-35 -6.51056e-24 -9.63904e-35  6.10833e-23 -1.18345e-34 -4.97775e-22  5.29277e-35  3.55565e-21  1.99341e-34 -2.24218e-20 -1.49872e-33  1.25516e-19  8.56303e-33 -6.26408e-19 -2.31758e-32  2.79605e-18   -8.222e-32  -1.1188e-17  1.56673e-30  4.01887e-17 -1.24769e-29 -1.29682e-16  7.36343e-29  3.75843e-16  -3.5999e-28 -9.77347e-16  1.52273e-27  2.27595e-15 -5.69682e-27 -4.73181e-15  1.90931e-26  8.74415e-15 -5.77902e-26 -1.42728e-14  1.58816e-25  2.03951e-14 -3.97726e-25 -2.51828e-14  9.09957e-25   2.6331e-14 -1.90531e-24 -2.25224e-14  3.65545e-24  1.46841e-14 -6.43147e-24 -5.90864e-15  1.03835e-23 -3.50318e-16  -1.5391e-23  2.54027e-15  2.09573e-23 -1.74198e-15 -2.62337e-23  2.56449e-16  3.02168e-23  4.18519e-16  -3.2061e-23 -2.81191e-16  3.13676e-23 -3.37851e-18 -2.83093e-23  7.64439e-17  2.35429e-23 -2.09665e-17 -1.79777e-23 -1.29596e-17  1.25165e-23  6.79421e-18 -7.85523e-24  1.69327e-18  4.37114e-24 -1.37997e-18 -2.10786e-24 -2.16596e-19  8.52258e-25  2.10148e-19 -2.73503e-25  3.33462e-20  6.13259e-26 -2.39627e-20 -4.53954e-27 -5.22723e-21 -3.75623e-27   1.8113e-21  2.56782e-27  6.15753e-22  -1.1497e-27 -5.83091e-23  4.14856e-28 -4.40784e-23  -1.0527e-28 -2.60606e-24  1.02857e-29  1.48418e-24  3.69217e-30  2.69582e-25 -1.49342e-30 -6.29264e-27  1.16167e-31 -5.89864e-27  4.29274e-32 -4.90908e-28 -1.02662e-32  1.38807e-29  3.47932e-34  3.74117e-30  9.11472e-35  1.40922e-31 -6.21097e-36 -2.43408e-34 -1.79552e-38
 1.45677e-37 -7.99992e-34  -8.6326e-37  6.82368e-32 -8.68177e-36 -3.01871e-30    4.823e-35   8.9638e-29 -2.73389e-35 -1.98041e-27 -2.78248e-34  3.44502e-26  1.85795e-34 -4.89234e-25 -5.64373e-35  5.81518e-24  2.69733e-35 -5.89092e-23 -1.18345e-34  5.15538e-22 -1.36254e-34 -3.93829e-21 -1.92495e-34  2.64745e-20  3.46537e-33 -1.57599e-19 -2.68142e-32  8.34851e-19  1.57836e-31 -3.95017e-18 -7.27473e-31  1.67405e-17  2.58386e-30 -6.36612e-17 -6.00783e-30  2.17467e-16 -1.42233e-30 -6.67477e-16  1.12133e-28  1.83976e-15 -7.80122e-28 -4.54725e-15  3.79191e-27   1.0054e-14 -1.51122e-26  -1.9813e-14   5.2041e-26   3.4619e-14 -1.58617e-25 -5.32385e-14  4.33493e-25   7.1299e-14 -1.07054e-24 -8.18472e-14  2.40062e-24   7.8505e-14 -4.90345e-24 -6.00376e-14  9.14169e-24  3.28011e-14 -1.55769e-23 -7.89658e-15  2.42809e-23 -5.87844e-15 -3.46503e-23  7.58842e-15  4.53047e-23 -3.19675e-15 -5.43272e-23 -5.96381e-16  5.98334e-23  1.32597e-15 -6.06352e-23 -4.23793e-16  5.66563e-23 -2.07347e-16 -4.88875e-23  1.76794e-16  3.89535e-23  4.44563e-18 -2.85694e-23 -4.07847e-17  1.91367e-23  5.39088e-18 -1.15514e-23  7.22883e-18  6.16179e-24 -1.43464e-18 -2.82757e-24 -1.10989e-18  1.07464e-24  2.04118e-19 -3.18082e-25  1.50282e-19  6.38495e-26 -1.50666e-20 -3.78236e-27 -1.65042e-20 -3.26802e-27 -2.20082e-22  2.08785e-27  1.25136e-21 -1.01524e-27   1.6209e-22  4.12079e-28 -4.94769e-23 -1.10166e-28 -1.37217e-23   9.5658e-30  1.20847e-25  4.50543e-30  4.19689e-25 -1.63995e-30  4.53496e-26  1.24374e-31 -2.24975e-27  3.75975e-32 -7.32874e-28 -8.27641e-33 -3.91184e-29   2.4348e-34  8.40043e-31  5.35596e-35  1.09032e-31 -2.54738e-36  1.37097e-33
 1.80698e-34  1.05347e-36 -2.30507e-32 -1.65081e-36  1.33531e-30 -1.75736e-35 -4.75982e-29  5.99542e-35  1.21021e-27 -1.12533e-35 -2.36358e-26  -2.9319e-34  3.70799e-25  1.89483e-34 -4.81416e-24 -3.75612e-35  5.28315e-23  4.19274e-35 -4.97775e-22 -1.36254e-34  4.07461e-21  -4.3297e-35 -2.92432e-20  -3.0055e-33  1.85331e-19  3.23163e-32 -1.04297e-18 -2.32243e-31  5.23431e-18  1.32012e-30 -2.35028e-17 -6.21188e-30   9.4635e-17  2.45442e-29 -3.42212e-16 -8.02831e-29  1.11209e-15  2.03428e-28 -3.24741e-15 -2.93974e-28  8.51265e-15 -5.74575e-28 -1.99944e-14   6.7156e-27  4.19544e-14 -3.34278e-26 -7.83058e-14  1.25823e-25   1.2921e-13 -3.97931e-25 -1.86855e-13  1.09949e-24  2.33835e-13 -2.70405e-24 -2.48326e-13  5.98007e-24  2.16492e-13 -1.19638e-23 -1.44941e-13  2.17316e-23  6.15168e-14 -3.59215e-23   4.9349e-16  5.41112e-23  -2.4183e-14 -7.43614e-23  1.78989e-14    9.332e-23  -3.3645e-15 -1.07088e-22 -3.94667e-15  1.12587e-22  2.99526e-15 -1.08746e-22 -1.18698e-16  9.68266e-23 -7.73273e-16 -7.97366e-23  2.56682e-16  6.08186e-23  1.22314e-16 -4.28534e-23 -7.85138e-17  2.76477e-23 -1.41477e-17 -1.60699e-23  1.58171e-17  8.21631e-24  1.59099e-18 -3.57705e-24 -2.44956e-18  1.26689e-24 -2.59644e-19 -3.39084e-25  2.91669e-19  5.83621e-26  4.79868e-20 -2.50554e-27 -2.40238e-20 -1.99543e-27 -6.47534e-21   1.2395e-27  1.00219e-21 -8.13635e-28  5.18922e-22  4.08801e-28  1.39893e-23 -1.17017e-28 -2.00167e-23  9.71196e-30 -2.96299e-24  4.83105e-30  1.72493e-25 -1.64238e-30  7.74757e-26  1.21029e-31  5.21759e-27  3.00356e-32 -2.96328e-28 -6.04467e-33 -5.05929e-29  1.52495e-34 -1.58897e-30  2.66487e-35  1.27472e-32 -7.29427e-37
 7.08208e-37  6.17821e-33  2.22084e-36 -5.07157e-31 -2.47602e-36  2.24547e-29 -2.74615e-35  -6.6891e-28  6.95742e-35  1.48284e-26  5.89682e-36 -2.58871e-25 -2.90506e-34   3.6902e-24  1.73525e-34 -4.40385e-23 -2.20005e-35  4.48011e-22  5.29277e-35 -3.93829e-21  -4.3297e-35  3.02279e-20  1.04389e-33  -2.0422e-19 -2.51761e-32  1.22214e-18  2.35544e-31 -6.51036e-18 -1.58454e-30  3.09874e-17  8.63267e-30 -1.32148e-16 -3.98108e-29   5.0589e-16  1.58251e-28 -1.74037e-15 -5.43374e-28  5.38201e-15  1.58839e-27 -1.49535e-14 -3.77223e-27  3.72771e-14  6.18535e-27 -8.31785e-14 -2.51935e-28  1.65541e-13 -4.95898e-26 -2.92358e-13  2.53426e-25  4.54898e-13 -8.91314e-25 -6.17196e-13  2.56645e-24  7.19068e-13 -6.38452e-24 -7.01907e-13  1.40489e-23  5.49034e-13 -2.76773e-23 -3.10764e-13  4.91476e-23  8.40803e-14  -7.8973e-23  4.81606e-14  1.15097e-22 -7.05192e-14 -1.52375e-22  3.25838e-14  1.83477e-22  3.80108e-15  -2.0126e-22 -1.25215e-14   2.0161e-22  4.65067e-15 -1.85137e-22  1.72685e-15  1.56661e-22 -1.80045e-15 -1.22851e-22   5.4281e-17  8.96177e-23  4.01951e-16 -6.07121e-23 -7.61958e-17   3.7803e-23 -6.97808e-17 -2.11993e-23  1.86595e-17  1.03908e-23  1.07133e-17 -4.27475e-24 -2.75203e-18  1.39308e-24 -1.49629e-18 -3.25946e-25  2.42516e-19  4.36784e-26  1.74317e-19 -1.12502e-27 -5.72626e-21  1.87391e-28 -1.43681e-20  6.64033e-29 -1.30726e-21 -5.69909e-28  6.53355e-22  4.05013e-28  1.44463e-22 -1.23526e-28 -6.63205e-24   1.0296e-29 -5.16655e-24  4.66709e-30 -4.43299e-25 -1.50834e-30  4.11218e-26    1.082e-31  9.05965e-27   2.1706e-32   3.8415e-28 -3.97831e-33 -1.67802e-29  8.57157e-35 -1.42256e-30  1.05479e-35 -1.50617e-32
-1.12415e-33  2.32827e-36  1.60426e-31  3.16113e-36 -9.28937e-30 -2.86474e-36  3.32132e-28 -3.87449e-35 -8.47317e-27   7.5225e-35  1.66075e-25  2.22309e-35 -2.61525e-24 -2.73476e-34  3.40902e-23  1.65477e-34 -3.75697e-22 -2.08156e-35  3.55565e-21 -1.92495e-34 -2.92432e-20  1.04389e-33  2.10928e-19  9.30583e-33 -1.34386e-18 -1.72373e-31  7.60511e-18  1.48006e-30 -3.83942e-17 -9.38815e-30   1.7348e-16  4.89391e-29 -7.03184e-16 -2.18639e-28   2.5608e-15  8.52905e-28 -8.38447e-15 -2.92353e-27  2.46794e-14  8.77562e-27 -6.52464e-14 -2.27058e-26  1.54652e-13    4.856e-26 -3.27697e-13 -7.53485e-26   6.1813e-13  2.99453e-26 -1.03177e-12  3.39232e-25  1.51114e-12 -1.68785e-24  -1.9182e-12  5.41361e-24   2.0709e-12  -1.3997e-23 -1.84217e-12  3.10561e-23   1.2681e-12 -6.06898e-23 -5.67939e-13  1.05807e-22  2.42598e-14 -1.65699e-22  2.02005e-13  2.33985e-22 -1.62675e-13  -2.9859e-22  3.75941e-14  3.44881e-22  3.23042e-14 -3.61205e-22 -2.81654e-14   3.4403e-22  2.62682e-15  -2.9946e-22  6.84629e-15  2.40006e-22 -2.74116e-15 -1.78731e-22 -9.82026e-16  1.24582e-22  7.97018e-16 -8.12737e-23  9.03378e-17  4.89999e-23 -1.59083e-16 -2.65924e-23 -6.82866e-18  1.25016e-23   2.5013e-17 -4.83427e-24  1.29452e-18  1.42191e-24 -3.10426e-18 -2.72286e-25 -3.47058e-19  2.02311e-26  2.76536e-19 -1.74145e-28  5.77104e-20   3.2287e-27 -1.38892e-20 -1.31218e-27 -5.30446e-21 -3.14735e-28   5.7043e-23  3.97088e-28  2.34847e-22  -1.2659e-28  2.74632e-23  1.08118e-29 -3.00045e-24  4.08873e-30 -8.87093e-25 -1.27152e-30 -4.51042e-26   8.9512e-32  4.77483e-27  1.40083e-32  5.96799e-28 -2.33612e-33  1.48616e-29  4.26459e-35 -2.68586e-31  2.85953e-36
 7.82904e-37 -3.98493e-32  5.08871e-36   3.3052e-30  3.77376e-36 -1.46765e-28  -2.2844e-36  4.38671e-27 -5.15282e-35 -9.75919e-26  7.41284e-35  1.71018e-24  4.51515e-35 -2.44761e-23 -2.78414e-34  2.93332e-22  2.35573e-34 -2.99747e-21  1.99341e-34  2.64745e-20  -3.0055e-33  -2.0422e-19  9.30583e-33  1.38703e-18  6.28671e-32 -8.34711e-18 -1.04221e-30  4.47293e-17  8.34893e-30 -2.14237e-16 -5.01599e-29   9.1972e-16   2.5012e-28 -3.54577e-15 -1.07755e-27  1.22898e-14  4.08544e-27 -3.83092e-14 -1.37372e-26  1.07346e-13  4.09844e-26 -2.70032e-13 -1.07762e-25  6.08419e-13  2.45265e-25 -1.22361e-12 -4.62651e-25  2.18565e-12  6.33755e-25 -3.44332e-12 -2.18346e-25  4.73677e-12 -2.25805e-24 -5.60589e-12  9.92397e-24  5.57461e-12 -2.81569e-23 -4.46524e-12  6.43548e-23  2.62159e-12 -1.26032e-22 -7.90613e-13  2.16911e-22 -3.37735e-13 -3.32109e-22   5.8024e-13  4.55191e-22 -2.94715e-13  -5.6034e-22 -1.44755e-14  6.20736e-22  1.04305e-13 -6.19993e-22 -4.49632e-14  5.60117e-22 -1.20288e-14 -4.60485e-22  1.62015e-14  3.48056e-22  -1.4328e-15 -2.45265e-22 -3.47681e-15  1.63217e-22  8.91916e-16  -1.0282e-22  5.85221e-16  6.03276e-23 -2.07755e-16 -3.18269e-23 -8.91598e-17  1.43633e-23  3.15621e-17 -5.18338e-24   1.2864e-17  1.33457e-24 -3.12229e-18 -1.78172e-25 -1.60171e-18 -9.79625e-27  1.41833e-19 -1.26454e-28   1.4432e-19  6.85528e-27  7.22212e-21 -2.71586e-27 -7.47536e-21 -7.84068e-29 -1.30071e-21  3.79529e-28  1.25749e-22 -1.23556e-28  5.55792e-23  1.08739e-29  3.50003e-24  3.23333e-30 -5.93367e-25 -9.82168e-31 -9.78084e-26  6.88422e-32 -2.98361e-27  7.91681e-33  2.57233e-28 -1.20286e-33  1.62401e-29  1.78595e-35  1.38794e-31
