 6.29551e-05 -9.62342e-11  0.000418777 -3.68792e-10   0.00112124 -7.47437e-10   0.00178938 -9.55367e-10   0.00182974 -7.62897e-10   0.00106378 -2.58414e-10 -5.10835e-06  2.06814e-10 -0.000652168  3.50519e-10 -0.000594716  1.92082e-10 -0.000142914 -3.52689e-11  0.000214858 -1.36863e-10  0.000257856 -9.43122e-11  9.80489e-05 -5.71053e-12 -5.25499e-05  4.30908e-11 -9.18319e-05  3.81678e-11  -5.0491e-05  1.13786e-11  8.89348e-08 -7.53797e-12  2.19969e-05 -1.11394e-11  1.85416e-05 -6.46395e-12  7.38666e-06  -1.4318e-12 -1.91602e-07  9.34106e-13 -2.49019e-06  1.20975e-12 -2.01678e-06  7.49983e-13 -1.02842e-06  3.25264e-13 -3.85909e-07  1.06525e-13 -1.10683e-07  2.67453e-14 -2.42375e-08  5.07302e-15 -3.94025e-09  6.96116e-16 -4.46459e-10   6.3053e-17  -3.0724e-11  3.01418e-18 -8.34205e-13
-9.62342e-11  0.000591913 -6.40909e-10   0.00227017 -1.71667e-09   0.00460082 -2.73801e-09   0.00587276 -2.79256e-09   0.00466699 -1.60731e-09   0.00153566  3.97104e-11  -0.00134022  1.02999e-09   -0.0022106  9.29018e-10  -0.00120133   2.1919e-10  0.000231547 -3.41369e-10   0.00087236  -4.0941e-10  0.000605183 -1.58643e-10  4.37978e-05  8.00955e-11 -0.000270838  1.45392e-10 -0.000246336  8.28443e-11  -7.9455e-05  3.29222e-12   4.2298e-05 -3.28995e-11  6.90543e-05 -2.93264e-11  4.24579e-05 -1.27662e-11  1.16126e-05 -9.24055e-13 -3.77137e-06   3.0609e-12 -6.36289e-06  2.71856e-12 -4.13702e-06  1.42689e-12 -1.82882e-06  5.42615e-13 -6.04708e-07  1.56721e-13 -1.52607e-07  3.44475e-14 -2.90231e-08  5.61005e-15 -3.98677e-09  6.35957e-16 -3.61099e-10  4.37432e-17 -1.72468e-11  1.18623e-18
 0.000418777 -6.40909e-10    0.0027916 -2.45988e-09   0.00748145  -4.9873e-09    0.0119351 -6.36572e-09    0.0121668 -5.05166e-09   0.00697733  -1.6417e-09 -0.000237678  1.49328e-09  -0.00458165  2.44348e-09  -0.00413626  1.33674e-09 -0.000999014 -2.44008e-10   0.00150296  -9.6506e-10   0.00183889 -6.85722e-10  0.000746331 -6.85462e-11 -0.000324103  2.90224e-10 -0.000643071  2.77491e-10 -0.000388252  1.00097e-10 -3.89666e-05 -3.66114e-11  0.000132028 -7.25937e-11   0.00012888 -4.84847e-11  6.27244e-05 -1.64531e-11  1.13839e-05  9.32235e-13 -8.30391e-06  5.02603e-12  -9.2177e-06  3.61455e-12 -5.12459e-06   1.6577e-12 -1.99828e-06  5.57973e-13 -5.84654e-07  1.42148e-13 -1.29393e-07  2.71667e-14 -2.11431e-08  3.73948e-15  -2.3992e-09  3.38738e-16 -1.64914e-10  1.61567e-17 -4.46329e-12
-3.68792e-10   0.00227017 -2.45988e-09    0.0087189 -6.59747e-09    0.0176934 -1.05369e-08    0.0226165 -1.07618e-08     0.017994 -6.19517e-09   0.00589095  1.92598e-10   -0.0053138  4.08021e-09  -0.00880157  3.73585e-09  -0.00492945  9.65843e-10  0.000742958 -1.29772e-09   0.00343851 -1.66115e-09   0.00255306 -7.26639e-10  0.000369978   2.3797e-10 -0.000975721  5.62533e-10   -0.0010124  3.69282e-10 -0.000420429  6.64225e-11  7.61607e-05 -9.75668e-11  0.000236627 -1.10851e-10    0.0001778 -6.18481e-11  7.47451e-05 -1.83469e-11  1.16355e-05  1.22083e-12 -8.51942e-06  4.82458e-12 -8.37336e-06  3.11551e-12 -4.19221e-06  1.28587e-12 -1.46716e-06  3.86767e-13   -3.813e-07  8.68396e-14 -7.36231e-08  1.42898e-14 -1.01793e-08   1.6253e-15 -9.22568e-10  1.11603e-16 -4.38981e-11  3.00951e-18
  0.00112124 -1.71667e-09   0.00748145 -6.59747e-09    0.0200868 -1.34097e-08    0.0321548 -1.71973e-08    0.0329982 -1.37824e-08    0.0192351 -4.64966e-09 -0.000266159  3.92565e-09   -0.0123973  6.74392e-09   -0.0116938  3.94162e-09  -0.00337841 -3.76711e-10    0.0037096 -2.56571e-09    0.0051446 -2.04006e-09   0.00249746 -4.26218e-10  -0.00047839  6.57413e-10  -0.00164603  7.77787e-10   -0.0012137  3.81602e-10  -0.00033759  2.57606e-12  0.000205144 -1.50439e-10  0.000312345 -1.35027e-10  0.000206618 -7.03445e-11  8.59953e-05 -2.28392e-11  1.99113e-05 -2.66414e-12 -1.50795e-06   1.8904e-12 -3.79395e-06  1.46495e-12 -1.96514e-06  5.88657e-13 -6.47368e-07  1.62848e-13 -1.51847e-07  3.24188e-14 -2.55123e-08  4.54222e-15  -2.9228e-09  4.12586e-16 -2.00283e-10  1.95169e-17 -5.35074e-12
-7.47437e-10   0.00460082  -4.9873e-09    0.0176934 -1.34097e-08     0.036051 -2.15472e-08    0.0464933 -2.22977e-08    0.0377496 -1.32981e-08    0.0134559 -2.64562e-10  -0.00989192  8.13445e-09   -0.0182348  8.06437e-09   -0.0113719    2.704e-09  0.000183537 -2.17582e-09   0.00660193  -3.4591e-09   0.00580709 -1.92116e-09   0.00170856  6.67383e-11  -0.00139713  1.00395e-09  -0.00207142  8.71251e-10  -0.00123332  3.45578e-10 -0.000234386 -4.54852e-11  0.000278494 -1.74978e-10  0.000343846 -1.45916e-10  0.000224991 -7.94057e-11  0.000104674 -3.20133e-11  3.67664e-05 -9.79021e-12  9.72677e-06 -2.21004e-12  1.82645e-06 -3.28619e-13  1.92099e-07 -1.63037e-14 -8.36315e-09   5.9171e-15 -7.42482e-09  1.75786e-15 -1.39136e-09  2.32936e-16  -1.3283e-10  1.55626e-17 -5.71987e-12  3.52015e-19
  0.00178938 -2.73801e-09    0.0119351 -1.05369e-08    0.0321548 -2.15472e-08    0.0519644 -2.80295e-08    0.0544773 -2.32248e-08    0.0336574 -8.98261e-09   0.00244021  5.20066e-09   -0.0187503  1.08809e-08   -0.0200906  7.43633e-09  -0.00806961  6.54943e-10    0.0040253 -3.60653e-09   0.00821949 -3.68415e-09   0.00540552 -1.49109e-09  0.000735623  4.87331e-10  -0.00199703  1.17669e-09  -0.00221771  8.82375e-10  -0.00120059  3.25114e-10 -0.000207361 -5.01595e-11  0.000276693 -1.73015e-10  0.000344639 -1.50137e-10  0.000240541 -8.93603e-11   0.00012581 -4.17884e-11  5.31615e-05 -1.60589e-11  1.86471e-05 -5.14897e-12  5.46324e-06 -1.37561e-12  1.32594e-06 -3.01599e-13  2.60603e-07 -5.25998e-14  3.97936e-08 -6.90844e-15  4.38799e-09 -6.17922e-16  3.02015e-10 -2.98732e-17  8.37286e-12
-9.55367e-10   0.00587276 -6.36572e-09    0.0226165 -1.71973e-08    0.0464933 -2.80295e-08    0.0612662 -2.99592e-08    0.0523058 -1.94727e-08    0.0225668 -2.85939e-09  -0.00867664  9.28418e-09   -0.0231528  1.12357e-08    -0.017949  5.55677e-09  -0.00391124 -1.13338e-09   0.00649869 -4.22545e-09   0.00842319 -3.44645e-09   0.00462417 -1.09677e-09   0.00010825  6.90908e-10  -0.00221242  1.22053e-09  -0.00224659  8.92287e-10  -0.00123646  3.52883e-10 -0.000274185 -1.74684e-11  0.000222481 -1.54166e-10  0.000323412  -1.4624e-10  0.000241625  -9.2187e-11  0.000132812 -4.49699e-11   5.8067e-05 -1.77151e-11   2.0656e-05 -5.69047e-12   5.9803e-06 -1.47957e-12  1.38901e-06  -3.0475e-13  2.51269e-07 -4.78041e-14  3.36008e-08 -5.32361e-15   3.0132e-09 -3.64999e-16  1.44294e-10 -9.97463e-18
  0.00182974 -2.79256e-09    0.0121668 -1.07618e-08    0.0329982 -2.22977e-08    0.0544773 -2.99592e-08      0.05993 -2.67161e-08    0.0418092 -1.32375e-08    0.0103154   2.1469e-09   -0.0152707  1.06919e-08   -0.0226993  9.89174e-09   -0.0142275  3.72359e-09  -0.00100358 -2.04507e-09   0.00728804 -4.23174e-09   0.00799817 -3.16688e-09   0.00413008  -9.2845e-10 -7.13353e-05   7.2591e-10  -0.00223479  1.23259e-09  -0.00229968  9.35941e-10  -0.00134962  4.14784e-10 -0.000395416  3.67751e-11  0.000130734 -1.17192e-10  0.000265108 -1.23731e-10  0.000207021 -7.90865e-11  0.000113164 -3.78053e-11   4.7881e-05 -1.42488e-11  1.61188e-05 -4.28453e-12  4.31984e-06 -1.01908e-12  9.06066e-07 -1.86811e-13   1.4341e-07 -2.51117e-14  1.60008e-08 -2.24956e-15  1.09305e-09 -1.07084e-16  2.96313e-11
-7.62897e-10   0.00466699 -5.05166e-09     0.017994 -1.37824e-08    0.0377496 -2.32248e-08    0.0523058 -2.67161e-08    0.0497752 -2.05787e-08    0.0292704 -7.78651e-09   0.00231861  4.39086e-09   -0.0164807  1.00469e-08   -0.0199637  8.32184e-09   -0.0114421  2.72551e-09  0.000126761 -2.24866e-09   0.00723322 -4.10289e-09    0.0077278 -3.07633e-09   0.00405915 -9.34489e-10 -2.23499e-05  7.04089e-10   -0.0022233  1.24828e-09   -0.0023726  9.88997e-10  -0.00147948  4.86506e-10 -0.000544977  1.10728e-10 -1.02899e-05 -5.29787e-11  0.000152343  -7.6577e-11  0.000131237 -5.01766e-11  7.08924e-05 -2.31701e-11  2.85046e-05 -8.18949e-12  8.89367e-06 -2.25682e-12  2.15956e-06 -4.80418e-13  3.99822e-07 -7.64795e-14   5.3863e-08 -8.52497e-15  4.80713e-09 -5.78723e-16  2.26878e-10 -1.55215e-17
  0.00106378 -1.60731e-09   0.00697733 -6.19517e-09    0.0192351 -1.32981e-08    0.0336574 -1.94727e-08    0.0418092 -2.05787e-08    0.0372323 -1.49956e-08    0.0206286 -5.04284e-09 -0.000123362  4.38592e-09   -0.0149065  8.93083e-09   -0.0177725   7.4629e-09   -0.0103275  2.43924e-09  0.000330208 -2.25619e-09   0.00719847 -4.09883e-09   0.00776987 -3.11837e-09   0.00416652 -9.90616e-10  8.26493e-05  6.60065e-10  -0.00216023  1.23392e-09  -0.00238668  1.02013e-09  -0.00159017   5.6246e-10 -0.000726564  2.08106e-10 -0.000203416  3.56179e-11 -7.39865e-07  -1.4672e-11  3.62102e-05 -1.58608e-11  2.37025e-05 -7.87894e-12  9.63089e-06 -2.70565e-12  2.83796e-06 -6.88259e-13  6.23232e-07 -1.29879e-13  1.00135e-07 -1.75127e-14  1.10906e-08 -1.54275e-15  7.38576e-10 -7.10046e-17   1.9204e-11
-2.58414e-10   0.00153566  -1.6417e-09   0.00589095 -4.64966e-09    0.0134559 -8.98261e-09    0.0225668 -1.32375e-08    0.0292704 -1.49956e-08    0.0284269 -1.20436e-08    0.0175032 -4.60217e-09  0.000450716  3.76012e-09   -0.0135642  8.38537e-09   -0.0170264  7.23637e-09     -0.01005  2.33857e-09  0.000510559 -2.34011e-09   0.00734255 -4.15406e-09   0.00785493  -3.1596e-09   0.00427439  -1.0659e-09  0.000275714  5.53127e-10  -0.00195808  1.15704e-09  -0.00230775  1.02432e-09  -0.00168149  6.40462e-10 -0.000922792  3.12664e-10 -0.000404131  1.23516e-10  -0.00014455  4.01104e-11 -4.27162e-05   1.0812e-11 -1.05338e-05  2.44865e-12 -2.20212e-06   4.7539e-13 -3.99446e-07  8.08922e-14 -6.37024e-08  1.19826e-14 -8.59626e-09  1.42761e-15 -8.64414e-10  1.13624e-16 -4.91812e-11  3.74044e-18
-5.10835e-06  3.97104e-11 -0.000237678  1.92598e-10 -0.000266159 -2.64562e-10   0.00244021 -2.85939e-09    0.0103154 -7.78651e-09    0.0206286 -1.20436e-08    0.0250926 -1.13857e-08    0.0174322 -4.83104e-09  0.000940363  3.61184e-09   -0.0134542   8.3617e-09   -0.0169108  7.11403e-09  -0.00970127  2.15583e-09  0.000800399 -2.41807e-09   0.00736783 -4.12903e-09   0.00781114 -3.17839e-09   0.00443604 -1.20795e-09  0.000645155  3.56738e-10    -0.001602  1.02204e-09   -0.0021467  9.98805e-10  -0.00172174  6.91822e-10  -0.00105802  3.83182e-10 -0.000533382  1.76896e-10 -0.000226282  6.90771e-11 -8.13392e-05  2.28274e-11 -2.46479e-05  6.31867e-12 -6.19993e-06   1.4347e-12 -1.25999e-06  2.58179e-13 -1.98037e-07  3.48129e-14 -2.23615e-08  3.18074e-15  -1.5686e-09  1.56403e-16 -4.41534e-11
 2.06814e-10  -0.00134022  1.49328e-09   -0.0053138  3.92565e-09  -0.00989192  5.20066e-09  -0.00867664   2.1469e-09   0.00231861 -5.04284e-09    0.0175032 -1.13857e-08    0.0248024 -1.13957e-08    0.0172957 -4.61134e-09  0.000310124  3.90068e-09   -0.0137618  8.33048e-09   -0.0165291   6.8451e-09  -0.00919967   2.0001e-09  0.000863205 -2.34405e-09   0.00711628 -4.01767e-09   0.00772542 -3.23329e-09   0.00474152 -1.43396e-09   0.00117313  9.34582e-11  -0.00113306  8.34772e-10  -0.00187436  9.09894e-10  -0.00161769  6.65568e-10  -0.00103634  3.80185e-10 -0.000533333  1.77323e-10 -0.000226143  6.84268e-11 -7.93763e-05  2.18048e-11   -2.289e-05  5.66452e-12 -5.32473e-06  1.17076e-12 -9.68034e-07  1.84794e-13  -1.3039e-07  2.07467e-14 -1.17969e-08  1.43602e-15 -5.70642e-10  3.96613e-17
-0.000652168  1.02999e-09  -0.00458165  4.08021e-09   -0.0123973  8.13445e-09   -0.0187503  9.28418e-09   -0.0152707  4.39086e-09 -0.000123362 -4.60217e-09    0.0174322 -1.13957e-08    0.0244356  -1.0953e-08    0.0160592 -3.99072e-09 -0.000602933  4.08956e-09   -0.0135986  8.06037e-09   -0.0158625   6.5728e-09   -0.0089344  2.02818e-09   0.00055328 -2.13037e-09   0.00671911 -3.89546e-09   0.00769963 -3.33482e-09   0.00513993 -1.70017e-09   0.00177743 -2.14816e-10 -0.000542539  5.66855e-10  -0.00140297  7.09433e-10  -0.00128333  5.30216e-10 -0.000821718  2.97992e-10 -0.000410866  1.33574e-10 -0.000165767  4.85804e-11 -5.43256e-05  1.43166e-11 -1.43443e-05  3.36907e-12 -2.98688e-06  6.14855e-13 -4.71767e-07  8.26415e-14   -5.272e-08   7.4257e-15 -3.61689e-09  3.55385e-16 -9.86719e-11
 3.50519e-10   -0.0022106  2.44348e-09  -0.00880157  6.74392e-09   -0.0182348  1.08809e-08   -0.0231528  1.06919e-08   -0.0164807  4.38592e-09  0.000450716 -4.83104e-09    0.0172957  -1.0953e-08    0.0229633 -1.01147e-08    0.0145896 -3.51952e-09 -0.000904609  3.96039e-09   -0.0130018    7.729e-09   -0.0153603  6.47015e-09  -0.00904894  2.21224e-09  4.65774e-05 -1.87271e-09   0.00630077  -3.7726e-09   0.00766194 -3.42283e-09   0.00551342 -1.96876e-09   0.00244034 -5.84819e-10  0.000232231  1.85866e-10 -0.000687337  3.90906e-10 -0.000739324   3.0957e-10 -0.000478021  1.70842e-10 -0.000230306   7.2742e-11 -8.72234e-05  2.45728e-11 -2.62837e-05  6.59134e-12 -6.24958e-06  1.38043e-12 -1.14261e-06  2.17669e-13 -1.52843e-07  2.41405e-14 -1.35945e-08  1.63543e-15 -6.40989e-10  4.38587e-17
-0.000594716  9.29018e-10  -0.00413626  3.73585e-09   -0.0116938  8.06437e-09   -0.0200906  1.12357e-08   -0.0226993  1.00469e-08   -0.0149065  3.76012e-09  0.000940363 -4.61134e-09    0.0160592 -1.01147e-08    0.0212656 -9.44146e-09    0.0137942 -3.41118e-09 -0.000668188  3.71765e-09   -0.0124744   7.5275e-09   -0.0151744  6.50027e-09  -0.00933332  2.43897e-09 -0.000507895  -1.5854e-09    0.0057831 -3.58157e-09   0.00747792 -3.45211e-09   0.00583034 -2.24756e-09   0.00319654 -1.02742e-09   0.00117609 -2.77066e-10  0.000166524  2.21102e-11 -0.000133622  7.49639e-11 -0.000130924   4.9408e-11 -6.78188e-05   2.1323e-11 -2.50505e-05  6.82959e-12 -6.99551e-06  1.66373e-12 -1.48167e-06  3.04272e-13 -2.31464e-07  3.99703e-14 -2.49998e-08  3.43405e-15 -1.62248e-09   1.5378e-16 -4.09428e-11
 1.92082e-10  -0.00120133  1.33674e-09  -0.00492945  3.94162e-09   -0.0113719  7.43633e-09    -0.017949  9.89174e-09   -0.0199637  8.93083e-09   -0.0135642  3.61184e-09  0.000310124 -3.99072e-09    0.0145896 -9.44146e-09    0.0202566 -9.14689e-09    0.0135836 -3.44547e-09  -0.00043399  3.56712e-09   -0.0121806  7.41556e-09   -0.0150756   6.5391e-09  -0.00962306  2.69089e-09  -0.00118843 -1.20057e-09   0.00503553 -3.28192e-09     0.007127 -3.43284e-09    0.0061147  -2.5311e-09   0.00397382 -1.47241e-09   0.00209063 -7.05729e-10  0.000918058 -2.85258e-10  0.000342982 -9.88844e-11  0.000110732 -2.98379e-11  3.13222e-05 -7.92754e-12  7.81845e-06 -1.85493e-12  1.70557e-06 -3.73828e-13  3.13399e-07 -6.15454e-14  4.52052e-08 -7.55657e-15  4.54508e-09  -5.8806e-16  2.49161e-10 -1.84985e-17
-0.000142914   2.1919e-10 -0.000999014  9.65843e-10  -0.00337841    2.704e-09  -0.00806961  5.55677e-09   -0.0142275  8.32184e-09   -0.0177725  8.38537e-09   -0.0134542  3.90068e-09 -0.000602933 -3.51952e-09    0.0137942 -9.14689e-09    0.0198433 -9.00441e-09    0.0133991  -3.4084e-09 -0.000373446  3.46697e-09   -0.0118816  7.26495e-09   -0.0148971  6.57117e-09   -0.0100017  3.03527e-09   -0.0021121 -6.91006e-10   0.00407155 -2.89944e-09   0.00665031 -3.35661e-09   0.00626197 -2.72133e-09   0.00450222 -1.76532e-09    0.0026635 -9.58945e-10   0.00133413 -4.43943e-10  0.000571341 -1.75805e-10  0.000208922 -5.92162e-11  6.45967e-05 -1.67311e-11   1.6584e-05 -3.87566e-12  3.43616e-06 -7.10523e-13  5.49766e-07 -9.74503e-14  6.30965e-08 -9.04408e-15   4.4934e-09 -4.51285e-16  1.28308e-10
-3.52689e-11  0.000231547 -2.44008e-10  0.000742958 -3.76711e-10  0.000183537  6.54943e-10  -0.00391124  3.72359e-09   -0.0114421   7.4629e-09   -0.0170264   8.3617e-09   -0.0137618  4.08956e-09 -0.000904609 -3.41118e-09    0.0135836 -9.00441e-09    0.0194616 -8.79708e-09    0.0130675 -3.34375e-09 -0.000242091  3.28801e-09   -0.0114173  7.06716e-09   -0.0147375  6.66707e-09   -0.0105766  3.48513e-09  -0.00322261 -1.05958e-10    0.0029715 -2.43651e-09   0.00594322 -3.11562e-09     0.005971 -2.64753e-09   0.00444539 -1.76061e-09   0.00267075 -9.62187e-10   0.00133299 -4.39452e-10   0.00055739 -1.68122e-10  0.000194752 -5.34989e-11  5.62251e-05 -1.39425e-11  1.31432e-05 -2.89986e-12   2.4074e-06 -4.61643e-13  3.27351e-07 -5.23644e-14  2.99453e-08 -3.66727e-15  1.46656e-09  -1.0261e-16
 0.000214858 -3.41369e-10   0.00150296 -1.29772e-09    0.0037096 -2.17582e-09    0.0040253 -1.13338e-09  -0.00100358  2.72551e-09   -0.0103275  7.23637e-09   -0.0169108  8.33048e-09   -0.0135986  3.96039e-09 -0.000668188 -3.44547e-09    0.0133991 -8.79708e-09    0.0189388  -8.5705e-09    0.0128385 -3.38145e-09  0.000113091     3.03e-09   -0.0109069  6.90042e-09   -0.0147051  6.83068e-09   -0.0112558  3.96874e-09   -0.0043954  5.34853e-10   0.00165255 -1.79116e-09   0.00471399 -2.54778e-09   0.00493943 -2.19195e-09    0.0036566 -1.43066e-09   0.00213364 -7.52462e-10   0.00101634 -3.25407e-10  0.000399313 -1.16074e-10  0.000129065 -3.38878e-11  3.38845e-05 -7.95338e-12  7.05491e-06 -1.45453e-12  1.11876e-06 -1.96612e-13   1.2592e-07  -1.7817e-14  8.72288e-09 -8.61946e-16  2.40791e-10
-1.36863e-10   0.00087236  -9.6506e-10   0.00343851 -2.56571e-09   0.00660193 -3.60653e-09   0.00649869 -2.04507e-09  0.000126761  2.43924e-09     -0.01005  7.11403e-09   -0.0165291  8.06037e-09   -0.0130018  3.71765e-09  -0.00043399  -3.4084e-09    0.0130675  -8.5705e-09    0.0185269 -8.45542e-09    0.0128611 -3.51553e-09  0.000554467  2.77999e-09   -0.0104671  6.76563e-09   -0.0146871  6.97503e-09   -0.0118821  4.45183e-09  -0.00568918  1.32163e-09 -0.000144751 -8.27014e-10    0.0027396 -1.59042e-09    0.0031593 -1.40611e-09   0.00232412 -8.93741e-10   0.00130224 -4.46526e-10  0.000583922 -1.80302e-10  0.000212566 -5.91351e-11   6.2674e-05  -1.5616e-11   1.4744e-05 -3.24908e-12  2.68728e-06 -5.12243e-13  3.60334e-07 -5.70747e-14  3.22631e-08 -3.89936e-15  1.53662e-09  -1.0579e-16
 0.000257856  -4.0941e-10   0.00183889 -1.66115e-09    0.0051446  -3.4591e-09   0.00821949 -4.22545e-09   0.00728804 -2.24866e-09  0.000330208  2.33857e-09  -0.00970127   6.8451e-09   -0.0158625    7.729e-09   -0.0124744  3.56712e-09 -0.000373446 -3.34375e-09    0.0128385 -8.45542e-09    0.0183738 -8.44295e-09    0.0129863 -3.65225e-09   0.00095547  2.53949e-09  -0.00997719  6.56869e-09   -0.0145109  7.05967e-09   -0.0125035  5.01704e-09  -0.00733241  2.36136e-09  -0.00254748  4.50818e-10  0.000183418 -3.92702e-10   0.00102418 -5.07695e-10  0.000878289 -3.42583e-10  0.000496916 -1.67485e-10  0.000213265 -6.36307e-11  7.20007e-05  -1.9104e-11  1.91899e-05 -4.50199e-12  3.97342e-06 -8.11767e-13  6.16347e-07 -1.06536e-13  6.68703e-08 -9.24049e-15  4.40226e-09 -4.21724e-16  1.13761e-10
-9.43122e-11  0.000605183 -6.85722e-10   0.00255306 -2.04006e-09   0.00580709 -3.68415e-09   0.00842319 -4.23174e-09   0.00723322 -2.25619e-09  0.000510559  2.15583e-09  -0.00919967   6.5728e-09   -0.0153603   7.5275e-09   -0.0121806  3.46697e-09 -0.000242091 -3.38145e-09    0.0128611 -8.44295e-09    0.0183269 -8.43607e-09    0.0130813 -3.78891e-09   0.00143903  2.21237e-09   -0.0092629  6.27098e-09   -0.0142321  7.16877e-09   -0.0133353  5.74982e-09  -0.00936898  3.58579e-09  -0.00522702  1.79756e-09  -0.00235926  7.30723e-10 -0.000862826  2.39919e-10 -0.000253652  6.29993e-11 -5.94661e-05  1.32524e-11 -1.14163e-05  2.41347e-12 -2.10858e-06  4.89457e-13 -4.90663e-07  1.26646e-13 -1.29241e-07  3.09225e-14 -2.72472e-08   5.3492e-15 -3.69798e-09  5.39214e-16 -2.53149e-10  2.05289e-17
 9.80489e-05 -1.58643e-10  0.000746331 -7.26639e-10   0.00249746 -1.92116e-09   0.00540552 -3.44645e-09   0.00799817 -4.10289e-09   0.00719847 -2.34011e-09  0.000800399   2.0001e-09   -0.0089344  6.47015e-09   -0.0151744  7.41556e-09   -0.0118816  3.28801e-09  0.000113091 -3.51553e-09    0.0129863 -8.43607e-09    0.0182514 -8.43147e-09    0.0132698 -4.02189e-09    0.0021757  1.76566e-09  -0.00839775  5.96572e-09   -0.0140723  7.37864e-09   -0.0143674  6.53536e-09   -0.0113418  4.67463e-09  -0.00743039  2.82546e-09  -0.00416398  1.47276e-09   -0.0020225  6.67015e-10 -0.000853789  2.62102e-10 -0.000311585  8.85546e-11 -9.70622e-05  2.53049e-11 -2.52852e-05   5.9646e-12 -5.34366e-06  1.11755e-12 -8.75225e-07  1.57126e-13 -1.03089e-07  1.49797e-14 -7.54735e-09  7.68912e-16 -2.21818e-10
-5.71053e-12  4.37978e-05 -6.85462e-11  0.000369978 -4.26218e-10   0.00170856 -1.49109e-09   0.00462417 -3.16688e-09    0.0077278 -4.09883e-09   0.00734255 -2.41807e-09  0.000863205  2.02818e-09  -0.00904894  6.50027e-09   -0.0150756  7.26495e-09   -0.0114173     3.03e-09  0.000554467 -3.65225e-09    0.0130813 -8.43147e-09    0.0182713 -8.52563e-09    0.0137189 -4.37887e-09    0.0030731  1.30401e-09  -0.00762131  5.72988e-09   -0.0139967  7.54719e-09   -0.0150626  7.00652e-09   -0.0124068  5.20424e-09  -0.00839339  3.22678e-09  -0.00478781  1.69696e-09  -0.00232332  7.59689e-10 -0.000958521  2.88301e-10 -0.000333714   9.1763e-11 -9.66795e-05  2.40654e-11 -2.27979e-05  5.06001e-12 -4.22951e-06  8.17267e-13 -5.84388e-07  9.43283e-14 -5.44647e-08  6.73835e-15 -2.72374e-09  1.92718e-16
-5.25499e-05  8.00955e-11 -0.000324103   2.3797e-10  -0.00047839  6.67383e-11  0.000735623 -1.09677e-09   0.00413008 -3.07633e-09   0.00776987 -4.15406e-09   0.00736783 -2.34405e-09   0.00055328  2.21224e-09  -0.00933332   6.5391e-09   -0.0148971  7.06716e-09   -0.0109069  2.77999e-09   0.00095547 -3.78891e-09    0.0132698 -8.52563e-09    0.0185527 -8.74336e-09    0.0143235 -4.74598e-09   0.00387319  9.09293e-10  -0.00689241  5.40879e-09   -0.0134287  7.28666e-09   -0.0145495  6.74131e-09    -0.011845  4.91271e-09  -0.00780724  2.94754e-09  -0.00428064  1.48006e-09  -0.00197016  6.24227e-10 -0.000760544  2.20105e-10 -0.000244223  6.41143e-11  -6.4206e-05  1.51158e-11 -1.34661e-05  2.79158e-12 -2.16122e-06  3.82667e-13 -2.47137e-07  3.52914e-14  -1.7451e-08  1.74295e-15 -4.92487e-10
 4.30908e-11 -0.000270838  2.90224e-10 -0.000975721  6.57413e-10  -0.00139713  4.87331e-10   0.00010825  -9.2845e-10   0.00405915 -3.11837e-09   0.00785493 -4.12903e-09   0.00711628 -2.13037e-09  4.65774e-05  2.43897e-09  -0.00962306  6.57117e-09   -0.0147375  6.90042e-09   -0.0104671  2.53949e-09   0.00143903 -4.02189e-09    0.0137189 -8.74336e-09     0.018986 -8.96593e-09    0.0148133 -5.03673e-09    0.0046166  4.22014e-10  -0.00561973  4.61088e-09    -0.011513  6.20313e-09   -0.0122175   5.5593e-09  -0.00956019  3.86939e-09  -0.00598491  2.19368e-09  -0.00308541  1.03065e-09  -0.00132212  4.02638e-10 -0.000470198  1.30031e-10 -0.000137401  3.42194e-11 -3.23646e-05  7.15823e-12 -5.95248e-06  1.14257e-12 -8.10504e-07  1.29635e-13 -7.40901e-08  9.06464e-15 -3.62024e-09  2.52887e-16
-9.18319e-05  1.45392e-10 -0.000643071  5.62533e-10  -0.00164603  1.00395e-09  -0.00199703  6.90908e-10 -7.13353e-05 -9.34489e-10   0.00416652  -3.1596e-09   0.00781114 -4.01767e-09   0.00671911 -1.87271e-09 -0.000507895  2.69089e-09   -0.0100017  6.66707e-09   -0.0147051  6.76563e-09  -0.00997719  2.21237e-09    0.0021757 -4.37887e-09    0.0143235 -8.96593e-09    0.0192968 -9.10447e-09    0.0152277 -5.41264e-09   0.00589929 -5.46276e-10  -0.00298156  2.98112e-09  -0.00777394  4.21368e-09   -0.0082203  3.67388e-09  -0.00617186  2.43057e-09   -0.0036462  1.29253e-09  -0.00175356  5.63551e-10 -0.000693674  2.02136e-10 -0.000225182  5.92042e-11 -5.92484e-05  1.39121e-11 -1.23399e-05  2.54297e-12 -1.95427e-06  3.43023e-13 -2.19336e-07   3.0974e-14 -1.51289e-08  1.49092e-15 -4.15211e-10
 3.81678e-11 -0.000246336  2.77491e-10   -0.0010124  7.77787e-10  -0.00207142  1.17669e-09  -0.00221242   7.2591e-10 -2.23499e-05 -9.90616e-10   0.00427439 -3.17839e-09   0.00772542 -3.89546e-09   0.00630077  -1.5854e-09  -0.00118843  3.03527e-09   -0.0105766  6.83068e-09   -0.0146871  6.56869e-09   -0.0092629  1.76566e-09    0.0030731 -4.74598e-09    0.0148133 -9.10447e-09    0.0195242 -9.32146e-09    0.0161646 -6.25849e-09   0.00851144 -2.31446e-09   0.00137087  5.29804e-10  -0.00260703  1.67248e-09   -0.0034784  1.58912e-09  -0.00267019  1.03802e-09  -0.00152339  5.24756e-10 -0.000688007   2.1265e-10 -0.000250602  6.96035e-11 -7.35657e-05  1.82596e-11 -1.71557e-05  3.75799e-12 -3.08625e-06  5.83461e-13 -4.06552e-07  6.37008e-14 -3.55672e-08  4.23902e-15  -1.6442e-09  1.11184e-16
 -5.0491e-05  8.28443e-11 -0.000388252  3.69282e-10   -0.0012137  8.71251e-10  -0.00221771  1.22053e-09  -0.00223479  7.04089e-10  8.26493e-05  -1.0659e-09   0.00443604 -3.23329e-09   0.00769963  -3.7726e-09    0.0057831 -1.20057e-09   -0.0021121  3.48513e-09   -0.0112558  6.97503e-09   -0.0145109  6.27098e-09  -0.00839775  1.30401e-09   0.00387319 -5.03673e-09    0.0152277 -9.32146e-09    0.0202668 -9.99975e-09     0.018394 -7.86735e-09    0.0127047 -4.79749e-09   0.00684201 -2.27055e-09   0.00281274 -7.92607e-10  0.000796987 -1.64133e-10  8.32411e-05  1.26378e-11 -5.84598e-05  2.81057e-11 -4.21583e-05  1.35502e-11 -1.56206e-05  4.04395e-12 -3.80591e-06  7.99313e-13 -5.94457e-07  9.29413e-14 -4.43274e-08  2.27788e-15  2.53437e-09 -9.88113e-16  8.23779e-10 -1.18151e-16  4.41885e-11
 1.13786e-11  -7.9455e-05  1.00097e-10 -0.000420429  3.81602e-10  -0.00123332  8.82375e-10  -0.00224659  1.23259e-09   -0.0022233  6.60065e-10  0.000275714 -1.20795e-09   0.00474152 -3.33482e-09   0.00766194 -3.58157e-09   0.00503553 -6.91006e-10  -0.00322261  3.96874e-09   -0.0118821  7.05967e-09   -0.0142321  5.96572e-09  -0.00762131  9.09293e-10    0.0046166 -5.41264e-09    0.0161646 -9.99975e-09    0.0222879 -1.14195e-08    0.0221089 -1.01042e-08    0.0177417 -7.43652e-09    0.0120707 -4.70377e-09   0.00712702 -2.59962e-09   0.00369282 -1.26359e-09   0.00168324 -5.39438e-10  0.000671596 -2.00559e-10  0.000231791 -6.39578e-11  6.79188e-05 -1.71063e-11  1.64517e-05 -3.71752e-12  3.17115e-06 -6.26585e-13  4.58906e-07 -7.59719e-14  4.50397e-08 -5.72636e-15  2.38041e-09   -1.733e-16
 8.89348e-08  3.29222e-12 -3.89666e-05  6.64225e-11  -0.00033759  3.45578e-10  -0.00120059  8.92287e-10  -0.00229968  1.24828e-09  -0.00216023  5.53127e-10  0.000645155 -1.43396e-09   0.00513993 -3.42283e-09   0.00747792 -3.28192e-09   0.00407155 -1.05958e-10   -0.0043954  4.45183e-09   -0.0125035  7.16877e-09   -0.0140723  5.72988e-09  -0.00689241  4.22014e-10   0.00589929 -6.25849e-09     0.018394 -1.14195e-08    0.0257611 -1.34212e-08    0.0264901 -1.23566e-08    0.0221438 -9.46239e-09    0.0156246 -6.17479e-09   0.00945072 -3.46576e-09   0.00492331 -1.67485e-09   0.00220444 -6.93566e-10  0.000842194 -2.43696e-10  0.000271113 -7.15366e-11  7.21608e-05 -1.71452e-11  1.54411e-05 -3.24094e-12   2.5439e-06  -4.5723e-13  3.00089e-07 -4.35933e-14  2.19493e-08 -2.23411e-15  6.43863e-10
-7.53797e-12   4.2298e-05 -3.66114e-11  7.61607e-05  2.57606e-12 -0.000234386  3.25114e-10  -0.00123646  9.35941e-10   -0.0023726  1.23392e-09  -0.00195808  3.56738e-10   0.00117313 -1.70017e-09   0.00551342 -3.45211e-09     0.007127 -2.89944e-09    0.0029715  5.34853e-10  -0.00568918  5.01704e-09   -0.0133353  7.37864e-09   -0.0139967  5.40879e-09  -0.00561973 -5.46276e-10   0.00851144 -7.86735e-09    0.0221089 -1.34212e-08    0.0298408 -1.53672e-08    0.0299976 -1.38291e-08     0.024457 -1.02933e-08    0.0167023 -6.47026e-09   0.00968161 -3.46157e-09   0.00478076 -1.57661e-09   0.00200568  -6.0803e-10  0.000709122 -1.96397e-10  0.000208351 -5.22081e-11  4.97781e-05 -1.11182e-11  9.35141e-06 -1.81821e-12  1.30823e-06 -2.12501e-13  1.23488e-07 -1.53789e-14  6.25886e-09 -4.45973e-16
 2.19969e-05 -3.28995e-11  0.000132028 -9.75668e-11  0.000205144 -4.54852e-11 -0.000207361  3.52883e-10  -0.00134962  9.88997e-10  -0.00238668  1.15704e-09    -0.001602  9.34582e-11   0.00177743 -1.96876e-09   0.00583034 -3.43284e-09   0.00665031 -2.43651e-09   0.00165255  1.32163e-09  -0.00733241  5.74982e-09   -0.0143674  7.54719e-09   -0.0134287  4.61088e-09  -0.00298156 -2.31446e-09    0.0127047 -1.01042e-08    0.0264901 -1.53672e-08    0.0329685 -1.64525e-08    0.0311799 -1.39626e-08    0.0239812 -9.79564e-09    0.0154114 -5.78172e-09   0.00836676 -2.88863e-09   0.00384582 -1.22033e-09   0.00149066 -4.32912e-10  0.000482409 -1.27276e-10  0.000128176 -3.03641e-11  2.72337e-05 -5.68697e-12  4.43732e-06 -7.92233e-13  5.16174e-07 -7.43997e-14  3.71523e-08 -3.74911e-15  1.07089e-09
-1.11394e-11  6.90543e-05 -7.25937e-11  0.000236627 -1.50439e-10  0.000278494 -5.01595e-11 -0.000274185  4.14784e-10  -0.00147948  1.02013e-09  -0.00230775  1.02204e-09  -0.00113306 -2.14816e-10   0.00244034 -2.24756e-09    0.0061147 -3.35661e-09   0.00594322 -1.79116e-09 -0.000144751  2.36136e-09  -0.00936898  6.53536e-09   -0.0150626  7.28666e-09    -0.011513  2.98112e-09   0.00137087 -4.79749e-09    0.0177417 -1.23566e-08    0.0299976 -1.64525e-08    0.0336962 -1.61339e-08    0.0294163 -1.26912e-08     0.021014 -8.27593e-09    0.0125502 -4.53563e-09   0.00631746 -2.09705e-09   0.00268074  -8.1545e-10  0.000953063 -2.64232e-10  0.000280336 -7.01924e-11  6.68255e-05  -1.4894e-11  1.24936e-05 -2.42146e-12  1.73604e-06 -2.80878e-13  1.62527e-07 -2.01489e-14  8.16099e-09 -5.78616e-16
 1.85416e-05 -2.93264e-11   0.00012888 -1.10851e-10  0.000312345 -1.74978e-10  0.000276693 -1.74684e-11 -0.000395416  4.86506e-10  -0.00159017  1.02432e-09   -0.0021467  8.34772e-10 -0.000542539 -5.84819e-10   0.00319654  -2.5311e-09   0.00626197 -3.11562e-09   0.00471399 -8.27014e-10  -0.00254748  3.58579e-09   -0.0113418  7.00652e-09   -0.0145495  6.20313e-09  -0.00777394  5.29804e-10   0.00684201 -7.43652e-09    0.0221438 -1.38291e-08    0.0311799 -1.61339e-08     0.031433 -1.43843e-08    0.0251356 -1.04104e-08    0.0165624 -6.26943e-09    0.0091375 -3.17248e-09   0.00424201 -1.35039e-09   0.00165327 -4.80833e-10  0.000536206 -1.41487e-10  0.000142429 -3.37107e-11  3.01963e-05 -6.29521e-12  4.90225e-06 -8.73277e-13  5.67564e-07 -8.15861e-14  4.06233e-08 -4.08688e-15  1.16365e-09
-6.46395e-12  4.24579e-05 -4.84847e-11    0.0001778 -1.35027e-10  0.000343846 -1.73015e-10  0.000222481  3.67751e-11 -0.000544977   5.6246e-10  -0.00168149  9.98805e-10  -0.00187436  5.66855e-10  0.000232231 -1.02742e-09   0.00397382 -2.72133e-09     0.005971 -2.54778e-09    0.0027396  4.50818e-10  -0.00522702  4.67463e-09   -0.0124068  6.74131e-09   -0.0122175  4.21368e-09  -0.00260703 -2.27055e-09    0.0120707 -9.46239e-09     0.024457 -1.39626e-08    0.0294163 -1.43843e-08    0.0266545  -1.1647e-08    0.0194809 -7.73429e-09    0.0118046 -4.28801e-09   0.00599654 -1.99667e-09   0.00255831 -7.79478e-10  0.000911987 -2.52987e-10  0.000268441 -6.71978e-11  6.39382e-05 -1.42383e-11  1.19304e-05 -2.30922e-12  1.65304e-06 -2.66996e-13  1.54209e-07 -1.90798e-14  7.71166e-09 -5.45551e-16
 7.38666e-06 -1.27662e-11  6.27244e-05 -6.18481e-11  0.000206618 -1.45916e-10  0.000344639 -1.54166e-10  0.000130734  1.10728e-10 -0.000726564  6.40462e-10  -0.00172174  9.09894e-10  -0.00140297  1.85866e-10   0.00117609 -1.47241e-09   0.00450222 -2.64753e-09   0.00493943 -1.59042e-09  0.000183418  1.79756e-09  -0.00743039  5.20424e-09    -0.011845   5.5593e-09   -0.0082203  1.67248e-09   0.00281274 -4.70377e-09    0.0156246 -1.02933e-08    0.0239812 -1.26912e-08    0.0251356  -1.1647e-08    0.0205509 -8.57697e-09    0.0137286 -5.22188e-09   0.00763986 -2.66046e-09   0.00356558 -1.13701e-09   0.00139375 -4.05683e-10  0.000452603 -1.19442e-10   0.00012022 -2.84432e-11  2.54627e-05 -5.30421e-12  4.12662e-06 -7.34307e-13  4.76663e-07  -6.8428e-14  3.40228e-08 -3.41764e-15  9.71533e-10
 -1.4318e-12  1.16126e-05 -1.64531e-11  7.47451e-05 -7.03445e-11  0.000224991 -1.50137e-10  0.000323412 -1.17192e-10 -1.02899e-05  2.08106e-10 -0.000922792  6.91822e-10  -0.00161769  7.09433e-10 -0.000687337 -2.77066e-10   0.00209063 -1.76532e-09   0.00444539 -2.19195e-09    0.0031593 -3.92702e-10  -0.00235926  2.82546e-09  -0.00839339  4.91271e-09  -0.00956019  3.67388e-09   -0.0034784 -7.92607e-10   0.00712702 -6.17479e-09    0.0167023 -9.79564e-09     0.021014 -1.04104e-08    0.0194809 -8.57697e-09    0.0144312  -5.7564e-09   0.00881849 -3.21273e-09   0.00450317 -1.50208e-09   0.00192715 -5.87734e-10  0.000688081 -1.90943e-10  0.000202631 -5.07192e-11  4.82459e-05 -1.07392e-11  8.99328e-06 -1.73951e-12  1.24422e-06 -2.00783e-13  1.15852e-07 -1.43186e-14  5.78075e-09 -4.08462e-16
-1.91602e-07 -9.24055e-13  1.13839e-05 -1.83469e-11  8.59953e-05 -7.94057e-11  0.000240541  -1.4624e-10  0.000265108 -5.29787e-11 -0.000203416  3.12664e-10  -0.00105802  6.65568e-10  -0.00128333  3.90906e-10  0.000166524 -7.05729e-10    0.0026635 -1.76061e-09    0.0036566 -1.40611e-09   0.00102418  7.30723e-10  -0.00416398  3.22678e-09  -0.00780724  3.86939e-09  -0.00617186  1.58912e-09  0.000796987 -2.59962e-09   0.00945072 -6.47026e-09    0.0154114 -8.27593e-09    0.0165624 -7.73429e-09    0.0137286  -5.7564e-09   0.00924777 -3.52776e-09   0.00517313 -1.80469e-09   0.00242202 -7.73152e-10   0.00094844 -2.76204e-10  0.000308238 -8.13529e-11  8.18781e-05  -1.9368e-11   1.7333e-05 -3.60915e-12  2.80642e-06 -4.99083e-13  3.23751e-07 -4.64418e-14  2.30725e-08 -2.31567e-15  6.57679e-10
 9.34106e-13 -3.77137e-06  9.32235e-13  1.16355e-05 -2.28392e-11  0.000104674 -8.93603e-11  0.000241625 -1.23731e-10  0.000152343  3.56179e-11 -0.000404131  3.83182e-10  -0.00103634  5.30216e-10 -0.000739324  2.21102e-11  0.000918058 -9.58945e-10   0.00267075 -1.43066e-09   0.00232412 -5.07695e-10 -0.000862826  1.47276e-09  -0.00478781  2.94754e-09  -0.00598491  2.43057e-09  -0.00267019 -1.64133e-10   0.00369282 -3.46576e-09   0.00968161 -5.78172e-09    0.0125502 -6.26943e-09    0.0118046 -5.22188e-09   0.00881849 -3.52776e-09   0.00541671 -1.97697e-09   0.00277496 -9.26628e-10   0.00118983 -3.63086e-10  0.000425249 -1.18035e-10  0.000125271  -3.1355e-11  2.98217e-05 -6.63655e-12  5.55585e-06 -1.07421e-12  7.67996e-07 -1.23869e-13  7.14317e-08 -8.82315e-15  3.55976e-09 -2.51354e-16
-2.49019e-06   3.0609e-12 -8.30391e-06  1.22083e-12  1.99113e-05 -3.20133e-11   0.00012581  -9.2187e-11  0.000207021  -7.6577e-11 -7.39865e-07  1.23516e-10 -0.000533382  3.80185e-10 -0.000821718   3.0957e-10 -0.000133622 -2.85258e-10   0.00133413 -9.62187e-10   0.00213364 -8.93741e-10  0.000878289  2.39919e-10   -0.0020225  1.69696e-09  -0.00428064  2.19368e-09   -0.0036462  1.03802e-09  8.32411e-05 -1.26359e-09   0.00492331 -3.46157e-09   0.00836676 -4.53563e-09    0.0091375 -4.28801e-09   0.00763986 -3.21273e-09   0.00517313 -1.97697e-09   0.00290317 -1.01393e-09   0.00136194 -4.35039e-10  0.000533925 -1.55539e-10  0.000173613 -4.58251e-11  4.61203e-05 -1.09085e-11  9.76062e-06 -2.03191e-12  1.57952e-06 -2.80797e-13  1.82079e-07 -2.61077e-14  1.29643e-08 -1.30051e-15  3.69164e-10
 1.20975e-12 -6.36289e-06  5.02603e-12 -8.51942e-06 -2.66414e-12  3.67664e-05 -4.17884e-11  0.000132812 -7.90865e-11  0.000131237  -1.4672e-11  -0.00014455  1.76896e-10 -0.000533333  2.97992e-10 -0.000478021  7.49639e-11  0.000342982 -4.43943e-10   0.00133299 -7.52462e-10   0.00130224 -3.42583e-10 -0.000253652  6.67015e-10  -0.00232332  1.48006e-09  -0.00308541  1.29253e-09  -0.00152339  1.26378e-11   0.00168324 -1.67485e-09   0.00478076 -2.88863e-09   0.00631746 -3.17248e-09   0.00599654 -2.66046e-09   0.00450317 -1.80469e-09   0.00277496 -1.01393e-09   0.00142445 -4.75985e-10  0.000611503 -1.86675e-10  0.000218692 -6.07113e-11   6.4438e-05 -1.61285e-11  1.53388e-05 -3.41307e-12  2.85677e-06 -5.52227e-13  3.94706e-07 -6.36427e-14  3.66888e-08 -4.53013e-15  1.82701e-09 -1.28953e-16
-2.01678e-06  2.71856e-12  -9.2177e-06  4.82458e-12 -1.50795e-06 -9.79021e-12  5.31615e-05 -4.49699e-11  0.000113164 -5.01766e-11  3.62102e-05  4.01104e-11 -0.000226282  1.77323e-10 -0.000410866  1.70842e-10 -0.000130924 -9.88844e-11  0.000571341 -4.39452e-10   0.00101634 -4.46526e-10  0.000496916  6.29993e-11 -0.000853789  7.59689e-10  -0.00197016  1.03065e-09  -0.00175356  5.24756e-10 -5.84598e-05 -5.39438e-10   0.00220444 -1.57661e-09   0.00384582 -2.09705e-09   0.00424201 -1.99667e-09   0.00356558 -1.50208e-09   0.00242202 -9.26628e-10   0.00136194 -4.75985e-10  0.000639698 -2.04419e-10  0.000250959 -7.31231e-11  8.16304e-05 -2.15477e-11  2.16866e-05 -5.12914e-12    4.589e-06  -9.5519e-13  7.42399e-07 -1.31954e-13  8.55446e-08  -1.2263e-14  6.08781e-09 -6.10521e-16  1.73251e-10
 7.49983e-13 -4.13702e-06  3.61455e-12 -8.37336e-06   1.8904e-12  9.72677e-06 -1.60589e-11   5.8067e-05 -3.78053e-11  7.08924e-05 -1.58608e-11 -4.27162e-05  6.90771e-11 -0.000226143  1.33574e-10 -0.000230306   4.9408e-11  0.000110732 -1.75805e-10   0.00055739 -3.25407e-10  0.000583922 -1.67485e-10 -5.94661e-05  2.62102e-10 -0.000958521  6.24227e-10  -0.00132212  5.63551e-10 -0.000688007  2.81057e-11  0.000671596 -6.93566e-10   0.00200568 -1.22033e-09   0.00268074 -1.35039e-09   0.00255831 -1.13701e-09   0.00192715 -7.73152e-10   0.00118983 -4.35039e-10  0.000611503 -2.04419e-10  0.000262703 -8.02148e-11  9.39882e-05 -2.60949e-11  2.76982e-05 -6.93281e-12  6.59316e-06 -1.46697e-12  1.22776e-06 -2.37304e-13   1.6959e-07 -2.73405e-14  1.57585e-08  -1.9454e-15  7.84423e-10 -5.53536e-17
-1.02842e-06  1.42689e-12 -5.12459e-06  3.11551e-12 -3.79395e-06 -2.21004e-12  1.86471e-05 -1.77151e-11   4.7881e-05 -2.31701e-11  2.37025e-05   1.0812e-11 -8.13392e-05  6.84268e-11 -0.000165767   7.2742e-11 -6.78188e-05 -2.98379e-11  0.000208922 -1.68122e-10  0.000399313 -1.80302e-10  0.000213265  1.32524e-11 -0.000311585  2.88301e-10 -0.000760544  4.02638e-10 -0.000693674   2.1265e-10 -4.21583e-05 -2.00559e-10  0.000842194  -6.0803e-10   0.00149066  -8.1545e-10   0.00165327 -7.79478e-10   0.00139375 -5.87734e-10   0.00094844 -3.63086e-10  0.000533925 -1.86675e-10  0.000250959 -8.02148e-11   9.8495e-05 -2.87026e-11  3.20446e-05 -8.45915e-12  8.51381e-06 -2.01359e-12  1.80148e-06 -3.74952e-13  2.91401e-07 -5.17887e-14  3.35707e-08 -4.81184e-15  2.38848e-09 -2.39497e-16  6.79533e-11
 3.25264e-13 -1.82882e-06   1.6577e-12 -4.19221e-06  1.46495e-12  1.82645e-06 -5.14897e-12   2.0656e-05 -1.42488e-11  2.85046e-05 -7.87894e-12 -1.05338e-05  2.28274e-11 -7.93763e-05  4.85804e-11 -8.72234e-05   2.1323e-11  3.13222e-05 -5.92162e-11  0.000194752 -1.16074e-10  0.000212566 -6.36307e-11 -1.14163e-05  8.85546e-11 -0.000333714  2.20105e-10 -0.000470198  2.02136e-10 -0.000250602  1.35502e-11  0.000231791 -2.43696e-10  0.000709122 -4.32912e-10  0.000953063 -4.80833e-10  0.000911987 -4.05683e-10  0.000688081 -2.76204e-10  0.000425249 -1.55539e-10  0.000218692 -7.31231e-11  9.39882e-05 -2.87026e-11  3.36343e-05 -9.33887e-12  9.91311e-06 -2.48128e-12  2.35972e-06 -5.25028e-13  4.39401e-07 -8.49247e-14  6.06886e-08 -9.78332e-15  5.63851e-09 -6.96025e-16  2.80627e-10  -1.9801e-17
-3.85909e-07  5.42615e-13 -1.99828e-06  1.28587e-12 -1.96514e-06 -3.28619e-13  5.46324e-06 -5.69047e-12  1.61188e-05 -8.18949e-12  9.63089e-06  2.44865e-12 -2.46479e-05  2.18048e-11 -5.43256e-05  2.45728e-11 -2.50505e-05 -7.92754e-12  6.45967e-05 -5.34989e-11  0.000129065 -5.91351e-11  7.20007e-05  2.41347e-12 -9.70622e-05   9.1763e-11 -0.000244223  1.30031e-10 -0.000225182  6.96035e-11 -1.56206e-05 -6.39578e-11  0.000271113 -1.96397e-10  0.000482409 -2.64232e-10  0.000536206 -2.52987e-10  0.000452603 -1.90943e-10  0.000308238 -1.18035e-10  0.000173613 -6.07113e-11  8.16304e-05 -2.60949e-11  3.20446e-05 -9.33887e-12  1.04268e-05 -2.75258e-12  2.77043e-06  -6.5524e-13  5.86218e-07 -1.22012e-13  9.48227e-08 -1.68519e-14  1.09235e-08 -1.56567e-15  7.77136e-10 -7.79221e-17  2.21083e-11
 1.06525e-13 -6.04708e-07  5.57973e-13 -1.46716e-06  5.88657e-13  1.92099e-07 -1.37561e-12   5.9803e-06 -4.28453e-12  8.89367e-06 -2.70565e-12 -2.20212e-06  6.31867e-12   -2.289e-05  1.43166e-11 -2.62837e-05  6.82959e-12  7.81845e-06 -1.67311e-11  5.62251e-05 -3.38878e-11   6.2674e-05  -1.9104e-11 -2.10858e-06  2.53049e-11 -9.66795e-05  6.41143e-11 -0.000137401  5.92042e-11 -7.35657e-05  4.04395e-12  6.79188e-05 -7.15366e-11  0.000208351 -1.27276e-10  0.000280336 -1.41487e-10  0.000268441 -1.19442e-10  0.000202631 -8.13529e-11  0.000125271 -4.58251e-11   6.4438e-05 -2.15477e-11  2.76982e-05 -8.45915e-12  9.91311e-06 -2.75258e-12  2.92193e-06 -7.31388e-13  6.95573e-07 -1.54765e-13  1.29526e-07 -2.50343e-14  1.78901e-08 -2.88399e-15  1.66217e-09 -2.05182e-16  8.27267e-11 -5.83722e-18
