 2.15317e-35 -4.15256e-50 -2.60968e-35  8.35926e-49 -8.97539e-37 -5.73845e-48  3.41827e-36  6.12574e-47 -4.76467e-36  2.67017e-46 -2.08993e-35 -2.79401e-45  3.63506e-34  4.81308e-45 -3.90069e-33 -2.93414e-44  3.46721e-32  2.56697e-44 -2.62669e-31 -1.04132e-43  1.71719e-30  4.31458e-43 -9.77192e-30 -2.67178e-42  4.87218e-29  1.84976e-41 -2.13876e-28   -1.068e-40  8.29482e-28  5.46863e-40 -2.84863e-27 -2.55814e-39   8.6724e-27  1.09792e-38  -2.3406e-26 -4.33671e-38  5.59372e-26  1.58147e-37 -1.18085e-25 -5.33516e-37  2.19302e-25   1.6675e-36 -3.56108e-25 -4.83333e-36  5.01017e-25  1.29999e-35 -6.02385e-25 -3.24507e-35  6.05503e-25  7.51687e-35 -4.89471e-25 -1.61504e-34  2.92694e-25  3.21631e-34 -9.76785e-26 -5.93125e-34 -2.21398e-26  1.01166e-33  5.02013e-26 -1.59372e-33 -2.57244e-26  2.31508e-33 -9.39032e-28  -3.0951e-33  8.03046e-27  3.80012e-33  -3.0742e-27 -4.27427e-33 -1.04047e-27  4.39185e-33   1.0559e-27 -4.10936e-33  4.81857e-31  3.48891e-33 -2.28481e-28 -2.67711e-33  2.86196e-29  1.84848e-33  4.06855e-29 -1.14324e-33 -6.88168e-30  6.30409e-34 -6.39762e-30 -3.08598e-34  8.46135e-31  1.33596e-34  9.06286e-31  -5.0925e-35 -3.60692e-32  1.69031e-35 -1.03886e-31 -4.68653e-36 -7.65263e-33  9.08912e-37  8.06381e-33  1.86338e-38  1.69212e-33 -1.28845e-37 -2.82618e-34  7.52383e-38 -1.54619e-34 -2.82145e-38 -4.61253e-36  7.69176e-39  4.70924e-36 -1.59414e-39  1.11443e-36  2.79987e-40 -1.96665e-38 -5.21065e-41 -2.36378e-38   1.0616e-41   -3.069e-39 -1.87062e-42  2.07397e-41  2.84751e-43  2.94539e-41 -5.03932e-44  2.05212e-42  8.66444e-45  8.78956e-44 -8.90067e-46 -5.15721e-45   3.7619e-47 -1.42563e-46 -1.94941e-49
-4.15256e-50  5.91974e-35 -9.64328e-49 -4.60005e-35  5.42175e-48 -1.34681e-36 -4.64448e-47  4.41814e-36  7.67809e-46  7.69042e-35  2.94997e-45 -1.38509e-33 -2.56069e-44  1.63184e-32  4.71638e-44 -1.58126e-31  -2.8882e-43  1.29746e-30  3.52494e-43 -9.13934e-30 -1.56808e-42  5.58193e-29  9.48114e-42 -2.97832e-28 -5.92789e-41  1.39615e-27  3.54352e-40 -5.77396e-27 -1.88401e-39  2.11269e-26  9.06501e-39 -6.85104e-26 -3.99877e-38  1.97013e-25  1.62371e-37 -5.02131e-25 -6.08802e-37  1.13231e-24  2.11386e-36 -2.25193e-24 -6.81058e-36  3.93034e-24  2.03897e-35 -5.97541e-24 -5.67703e-35  7.82654e-24  1.47046e-34 -8.68233e-24 -3.54287e-34  7.92997e-24  7.93592e-34 -5.64906e-24 -1.65127e-33  2.73735e-24  3.18812e-33 -4.02846e-25 -5.70384e-33 -6.44998e-25  9.44158e-33  5.92234e-25 -1.44346e-32 -1.58155e-25  2.03423e-32  -9.6036e-26 -2.63678e-32  8.92907e-26  3.13585e-32  -8.1489e-27 -3.41224e-32 -2.03026e-26   3.3866e-32  7.21002e-27 -3.05483e-32   3.1146e-27  2.49444e-32 -1.99219e-27 -1.83563e-32 -4.00643e-28  1.21144e-32  3.89917e-28  -7.1336e-33  5.58382e-29  3.72974e-33 -5.96035e-29 -1.72489e-33  -1.0158e-29  7.04626e-34  7.08752e-30 -2.54745e-34  1.78494e-30  8.16135e-35   -5.661e-31 -2.27028e-35 -2.32537e-31  4.86997e-36  1.58776e-32 -3.14692e-37  1.93728e-32 -3.98942e-37  1.90836e-33  2.63043e-37 -8.23477e-34 -9.80996e-38 -2.00057e-34  2.54298e-38 -1.23054e-36 -5.06847e-39  7.06179e-36  1.00463e-39  9.10668e-37 -2.55031e-40 -1.78113e-38  6.45994e-41 -1.75996e-38 -1.25493e-41 -1.54379e-39  1.92992e-42 -8.29703e-42 -2.80338e-43  7.48411e-42  3.52489e-44  5.88945e-43 -2.62035e-45  2.65535e-45   6.9123e-47 -1.20099e-46
-2.60968e-35 -9.64328e-49  1.03925e-34 -1.32963e-47 -7.20739e-35 -3.39724e-47  1.33397e-35 -1.56249e-46 -1.95883e-34  6.17365e-45   3.5092e-33  2.01023e-44 -4.57058e-32 -1.54085e-43  4.85105e-31   3.1985e-43 -4.32489e-30 -2.02366e-42  3.29039e-29  4.08541e-42  -2.1608e-28 -2.24343e-41  1.23546e-27  1.45184e-40 -6.19061e-27 -8.64885e-40  2.73181e-26   4.7319e-39 -1.06536e-25 -2.34188e-38  3.68009e-25  1.05697e-37 -1.12732e-24  -4.3833e-37  3.06251e-24  1.67738e-36 -7.37017e-24 -5.94425e-36  1.56748e-23  1.95676e-35 -2.93442e-23 -5.99726e-35  4.80639e-23  1.71404e-34 -6.82665e-23 -4.57197e-34   8.2952e-23  1.13831e-33  -8.4406e-23 -2.64418e-33  6.92618e-23  5.72496e-33 -4.23073e-23 -1.15376e-32  1.48154e-23  2.16077e-32  2.64504e-24 -3.75352e-32 -7.16783e-24   6.0357e-32  3.89423e-24 -8.96445e-32  4.77213e-27  1.22689e-31 -1.16362e-24 -1.54334e-31  4.90272e-25  1.77939e-31  1.36108e-25 -1.87449e-31 -1.62328e-25  1.79794e-31  5.83724e-27 -1.56395e-31  3.46051e-26  1.22822e-31 -5.72532e-27 -8.66436e-32 -6.10024e-27  5.45977e-32  1.30558e-27 -3.05515e-32  9.72582e-28  1.50977e-32 -1.73695e-28 -6.56491e-33 -1.41395e-28  2.51495e-33   1.1335e-29 -8.57399e-34  1.68822e-29   2.6481e-34  7.16704e-31 -7.42328e-35 -1.40829e-30   1.7315e-35 -2.52055e-31 -2.04539e-36  6.13761e-32  -8.1626e-37  2.44681e-32  6.57536e-37  4.61851e-34 -2.45801e-37 -9.62204e-34    6.112e-38 -1.67507e-34 -1.23994e-38  5.95973e-36   3.0969e-39  4.60787e-36 -9.85283e-40  4.80152e-37  2.63607e-40 -1.06432e-38 -5.07054e-41 -5.63599e-39  7.42323e-42 -4.24742e-40 -9.24999e-43 -4.31625e-42  8.96882e-44  8.73637e-43 -4.68671e-45  1.81851e-44  6.08175e-47
 8.35926e-49 -4.60005e-35 -1.32963e-47  1.59031e-34 -1.30379e-46 -1.21664e-34 -9.92454e-46  3.81278e-34  5.63891e-46 -6.82828e-33  3.74372e-44  9.87214e-32  9.74393e-44 -1.15344e-30 -7.24702e-43  1.12151e-29  1.94913e-42 -9.24134e-29 -1.33166e-41  6.53895e-28  4.74097e-41 -4.01266e-27 -2.92233e-40  2.15169e-26  1.81801e-39 -1.01396e-25 -1.01738e-38  4.21658e-25  5.17335e-38 -1.55187e-24 -2.39077e-37  5.06354e-24  1.01021e-36 -1.46565e-23 -3.92597e-36  3.76154e-23  1.40985e-35 -8.54525e-23 -4.69803e-35    1.713e-22  1.45815e-34 -3.01538e-22 -4.22808e-34  4.62724e-22  1.14781e-33 -6.12337e-22 -2.92073e-33  6.87252e-22  6.96768e-33 -6.36413e-22 -1.55718e-32  4.61538e-22  3.25534e-32  -2.3033e-22 -6.35292e-32   3.9356e-23   1.1546e-31  5.05059e-23 -1.94914e-31 -4.96586e-23  3.04814e-31  1.46363e-23 -4.40355e-31  7.40028e-24  5.86013e-31 -7.69969e-24 -7.16223e-31  9.69316e-25  8.01377e-31  1.68677e-24    -8.18e-31 -6.82428e-25  7.58751e-31 -2.43862e-25 -6.36727e-31   1.8424e-25  4.80968e-31  2.81763e-26 -3.25144e-31 -3.60054e-26  1.95434e-31 -3.67528e-27 -1.03714e-31  5.62823e-27  4.82703e-32  7.21814e-28 -1.96226e-32 -6.95663e-28  6.99491e-33 -1.42975e-28  -2.2334e-33   5.9779e-29  6.66138e-34  2.06638e-29 -1.90634e-34 -2.32623e-30  4.82604e-35 -1.87961e-30 -7.41107e-36 -1.24943e-31 -1.31146e-36  8.68606e-32  1.42295e-36  1.90245e-32 -5.41034e-37 -5.62434e-34  1.34712e-37 -7.26224e-34 -3.08874e-38 -8.42968e-35  9.67239e-39  4.14152e-36 -3.26766e-39  1.86927e-36  8.39261e-40  1.50039e-37  -1.5228e-40 -1.55089e-39  2.05329e-41 -9.66681e-40 -2.18488e-42 -4.89669e-41  1.62687e-43 -2.43858e-43 -5.50503e-45  8.26886e-45
-8.97539e-37  5.42175e-48 -7.20739e-35 -1.30379e-46  2.34643e-34 -9.81521e-46  -6.4872e-34 -1.09077e-44  1.07503e-32  1.18114e-44 -1.73818e-31  1.82625e-43  2.24897e-30  3.67937e-43 -2.39522e-29 -3.18258e-42  2.14452e-28  1.37339e-41 -1.63891e-27 -1.02067e-40  1.08138e-26  5.41831e-40 -6.21377e-26 -3.38904e-39  3.12995e-25  1.98072e-38 -1.38884e-24 -1.03943e-37   5.4479e-24   4.9417e-37 -1.89351e-23  -2.1369e-36  5.83827e-23   8.4499e-36 -1.59705e-22 -3.07165e-35  3.87182e-22   1.0316e-34 -8.29953e-22 -3.21663e-34  1.56691e-21  9.35581e-34 -2.59012e-21 -2.54911e-33  3.71595e-21  6.52822e-33 -4.56629e-21 -1.57491e-32   4.7069e-21  3.58178e-32 -3.92427e-21 -7.67396e-32  2.45145e-21  1.54581e-31 -9.01674e-22 -2.91907e-31 -1.17629e-22  5.14978e-31  4.08504e-22 -8.45664e-31 -2.36252e-22   1.2879e-30  8.36856e-24  -1.8125e-30  6.71772e-23  2.34889e-30 -3.12837e-23  -2.7932e-30 -6.83428e-24  3.03675e-30  9.97385e-24 -3.00665e-30 -7.51382e-25  2.69923e-30 -2.08469e-24 -2.18643e-30   4.3945e-25  1.58891e-30  3.63008e-25 -1.02907e-30 -9.73407e-26  5.89433e-31 -5.83895e-26 -2.96024e-31  1.36898e-26  1.29231e-31  8.72788e-27  -4.8767e-32  -1.1074e-27  1.60089e-32 -1.09323e-27 -4.74464e-33 -7.38221e-30  1.37572e-33  9.82272e-29 -4.11885e-34  1.40655e-29  1.13901e-34 -4.90062e-30 -2.00945e-35 -1.59122e-30  -2.0163e-36  1.43579e-32  3.00742e-36  7.23507e-32 -1.18696e-36   1.0354e-32  3.18024e-37 -7.12358e-34 -8.67033e-38  -3.4382e-34  2.95469e-38 -3.01201e-35 -9.38599e-39  1.41059e-36  2.20742e-39  4.47627e-37 -3.67094e-40  2.80763e-38  4.43618e-41 -5.63041e-41 -3.94503e-42 -6.19786e-41  2.16894e-43 -1.44419e-42 -3.87882e-45
-5.73845e-48 -1.34681e-36 -3.39724e-47 -1.21664e-34 -9.81521e-46  8.28735e-34 -5.89323e-45 -1.41058e-32 -8.27605e-44  2.56597e-31  9.82528e-44 -3.70294e-30  7.16474e-43  4.34187e-29  1.50734e-42 -4.23967e-28 -1.80479e-41  3.50928e-27  1.24002e-40 -2.49486e-26  -9.3936e-40  1.53863e-25  5.82525e-39 -8.29391e-25 -3.52134e-38  3.93004e-24  1.93244e-37 -1.64387e-23 -9.53357e-37  6.08742e-23  4.25657e-36  -1.9992e-22 -1.72762e-35  5.82673e-22   6.4041e-35 -1.50641e-21 -2.17846e-34  3.44901e-21  6.83368e-34 -6.97209e-21 -1.98725e-33  1.23843e-20  5.38739e-33 -1.91923e-20 -1.36934e-32   2.5676e-20  3.28067e-32 -2.91752e-20 -7.44002e-32  2.74145e-20  1.60102e-31 -2.02608e-20 -3.26955e-31  1.04265e-20  6.32305e-31 -2.04087e-21 -1.15352e-30 -2.10126e-21  1.97538e-30  2.23429e-21  -3.1588e-30 -7.26056e-22  4.69267e-30 -2.99462e-22 -6.44575e-30  3.56024e-22  8.15008e-30 -5.81206e-23  -9.4462e-30  -7.4593e-23  9.99413e-30  3.45786e-23 -9.61007e-30  9.92544e-24  8.35835e-30 -9.11756e-24 -6.53967e-30 -9.54302e-25  4.57357e-30  1.77999e-24 -2.83733e-30  1.04061e-25  1.54722e-30 -2.83652e-25 -7.33679e-31 -2.40873e-26  2.99009e-31  3.64042e-26 -1.03794e-31  5.85286e-27  3.09134e-32  -3.3618e-27 -8.39507e-33 -9.63426e-28  2.40451e-33  1.63563e-28 -7.83923e-34  9.63573e-29  2.38744e-34  3.36565e-30 -4.49519e-35 -4.98767e-30 -4.09852e-36 -9.25607e-31  6.68475e-36  6.32878e-32 -2.77048e-36  4.06455e-32   8.2809e-37  3.96106e-33 -2.51608e-37 -3.50789e-34  8.24389e-38 -1.07692e-34 -2.33885e-38 -7.34965e-36  4.92618e-39  2.37524e-37 -7.35006e-40  5.80393e-38  7.74949e-41  2.52641e-39 -5.56378e-42  1.10668e-41  2.07428e-43 -6.44022e-43
 3.41827e-36 -4.64448e-47  1.33397e-35 -9.92454e-46  -6.4872e-34 -5.89323e-45  1.54886e-32 -2.86871e-44 -3.22599e-31 -4.96114e-43  5.23668e-30  6.23228e-43 -6.80107e-29  1.81617e-42  7.27427e-28  1.24641e-41 -6.54228e-27 -1.55031e-40  5.02356e-26  1.25419e-39 -3.33118e-25 -9.15503e-39  1.92421e-24  5.75805e-38 -9.74613e-24 -3.31015e-37  4.34986e-23  1.71223e-36  -1.7168e-22 -7.97146e-36  6.00589e-22  3.35725e-35 -1.86457e-21 -1.28415e-34  5.13787e-21  4.47836e-34 -1.25531e-20 -1.42955e-33   2.7133e-20  4.19492e-33 -5.16854e-20 -1.13721e-32  8.62677e-20   2.8648e-32 -1.25087e-19 -6.75234e-32  1.55549e-19  1.50029e-31 -1.62553e-19 -3.16532e-31  1.37822e-19   6.3777e-31   -8.815e-20  -1.2305e-30  3.40794e-20  2.27082e-30  2.81672e-21 -3.98992e-30 -1.43738e-20    6.629e-30  8.88843e-21  -1.0335e-29 -6.52837e-22  1.50094e-29 -2.38837e-21 -2.01723e-29  1.23579e-21  2.49465e-29  1.98463e-22 -2.82436e-29 -3.78687e-22  2.91344e-29  4.47053e-23 -2.72497e-29  7.71957e-23  2.29884e-29 -2.03203e-23 -1.73877e-29 -1.32096e-23  1.17074e-29  4.42234e-24 -6.95624e-30  2.13385e-24  3.60792e-30 -6.49138e-25 -1.61138e-30 -3.28851e-25  6.09647e-31  6.03787e-26 -1.92316e-31  4.34605e-26  5.07835e-32 -1.51269e-27 -1.23693e-32 -4.20399e-27  3.62798e-33 -4.49007e-28 -1.36619e-33  2.36451e-28  4.58795e-34  6.33399e-29 -8.63838e-35 -2.90575e-30 -1.17897e-35 -3.29688e-30  1.57472e-35 -3.85617e-31 -6.77684e-36  4.55695e-32  2.19492e-36  1.56658e-32 -6.80456e-37  1.11929e-33  2.03192e-37 -9.64996e-35  -5.0719e-38 -2.12756e-35   9.4517e-39  -1.1181e-36  -1.2411e-39  1.52702e-38  1.10788e-40  3.15058e-39 -6.08898e-42  7.08084e-41  1.25983e-43
 6.12574e-47  4.41814e-36 -1.56249e-46  3.81278e-34 -1.09077e-44 -1.41058e-32 -2.86871e-44  3.47967e-31 -1.12613e-43 -6.42462e-30 -2.51084e-42  9.30879e-29  3.70375e-42 -1.09617e-27  -4.9965e-42   1.0752e-26  1.50314e-40 -8.94196e-26 -1.56622e-39  6.38889e-25  1.24166e-38 -3.96087e-24 -8.57649e-38  2.14691e-23  5.20304e-37 -1.02324e-22 -2.83547e-36  4.30639e-22  1.38791e-35 -1.60507e-21 -6.12072e-35  5.30756e-21  2.44173e-34 -1.55819e-20 -8.84008e-34  4.05971e-20  2.91324e-33 -9.37192e-20 -8.76484e-33  1.91134e-19   2.4153e-32 -3.42763e-19 -6.12031e-32  5.36747e-19  1.43344e-31 -7.26392e-19 -3.12434e-31  8.36237e-19   6.3936e-31 -7.98006e-19 -1.24134e-30  6.01634e-19  2.31097e-30 -3.19648e-19 -4.15843e-30  7.08709e-20  7.25111e-30  5.82908e-20 -1.22036e-29 -6.78762e-20  1.96441e-29  2.43001e-20  -2.9904e-29  7.93472e-21  4.25812e-29 -1.11038e-20 -5.61865e-29  2.26276e-21  6.81833e-29  2.20354e-21 -7.56216e-29    -1.18e-21  7.62352e-29 -2.59892e-22 -6.94865e-29  3.03752e-22    5.694e-29  1.68084e-23  -4.1675e-29 -5.91777e-23  2.70296e-29 -7.09438e-25  -1.5381e-29  9.59345e-24  7.58031e-30  3.78036e-25 -3.18007e-30 -1.27805e-24  1.10945e-30 -1.47878e-25 -3.12757e-31  1.26433e-25  7.04118e-32  2.93773e-26  -1.4754e-32 -7.26865e-27  4.82303e-33  -3.2936e-27 -2.25963e-33  3.45443e-30  8.23671e-34  1.91867e-28  -1.4285e-34   2.9263e-29 -3.69835e-35 -3.52945e-30  3.78503e-35 -1.52699e-30 -1.64583e-35   -1.177e-31  5.48388e-36  1.78495e-32 -1.64025e-36  4.14445e-33  4.38936e-37  2.27847e-34 -9.60519e-38 -1.45359e-35  1.56842e-38  -2.3508e-36 -1.77554e-39 -8.96666e-38    1.292e-40  1.83014e-41 -4.96132e-42  3.26996e-41
-4.76467e-36  7.67809e-46 -1.95883e-34  5.63891e-46  1.07503e-32 -8.27605e-44 -3.22599e-31 -1.12613e-43    6.874e-30 -3.36663e-43   -1.121e-28 -1.13502e-41  1.46213e-27  2.44605e-41 -1.57093e-26 -1.42357e-40  1.41956e-25  1.69301e-39 -1.09547e-24 -1.53115e-38  7.30236e-24  1.14264e-37 -4.24146e-23 -7.45224e-37  2.16083e-22  4.30316e-36 -9.70346e-22 -2.22492e-35  3.85462e-21  1.03383e-34 -1.35772e-20 -4.33258e-34   4.2458e-20  1.64293e-33 -1.17898e-19  -5.6518e-33  2.90425e-19  1.76766e-32 -6.33267e-19  -5.0364e-32  1.21774e-18  1.30992e-31 -2.05342e-18 -3.11793e-31  3.01106e-18  6.81593e-31 -3.79165e-18 -1.37584e-30  4.02024e-18   2.5858e-30  -3.4696e-18 -4.57974e-30  2.27462e-18  7.76359e-30   -9.248e-19 -1.28026e-29 -3.26214e-20  2.07675e-29  3.60696e-19 -3.31569e-29 -2.39705e-19  5.15579e-29  2.70692e-20 -7.67838e-29   6.0348e-20   1.0767e-28 -3.49271e-20 -1.40182e-28 -3.61831e-21  1.67694e-28  1.02599e-20 -1.82898e-28 -1.69123e-21  1.80743e-28 -2.02621e-21 -1.60917e-28  6.59318e-22    1.283e-28  3.37879e-22 -9.09717e-29  -1.4183e-22  5.68686e-29 -5.45064e-23   -3.099e-29  2.15683e-23  1.44974e-29  8.69077e-24 -5.69575e-30 -2.22374e-24  1.81773e-30 -1.21997e-24 -4.47124e-31  1.02738e-25  7.95956e-32  1.27466e-25 -1.29231e-32  8.74425e-27  5.88842e-33 -8.03137e-27 -3.65809e-33 -1.76005e-27  1.38959e-33  1.65635e-28 -1.91715e-34  1.06138e-28 -1.08811e-34  9.65856e-30  8.89889e-35 -1.91255e-30 -3.79609e-35 -5.04364e-31  1.24607e-35 -2.72154e-32 -3.48994e-36  4.22717e-33  8.32098e-37  7.12295e-34 -1.59232e-37  3.07007e-35  2.25328e-38 -9.80539e-37 -2.14464e-39  -1.1613e-37  1.20479e-40  -2.3118e-39  -2.6404e-42
 2.67017e-46  7.69042e-35  6.17365e-45 -6.82828e-33  1.18114e-44  2.56597e-31 -4.96114e-43 -6.42462e-30 -3.36663e-43  1.19217e-28 -5.20051e-43 -1.73484e-27 -4.98081e-41  2.05211e-26  1.92926e-40 -2.02242e-25 -1.70817e-39  1.69036e-24  1.67854e-38 -1.21408e-23 -1.37795e-37   7.5685e-23  9.66397e-37 -4.12627e-22 -5.96041e-36  1.97871e-21   3.2688e-35 -8.38156e-21 -1.60623e-34  3.14537e-20  7.10218e-34 -1.04764e-19 -2.83536e-33  3.09932e-19  1.02478e-32 -8.14104e-19 -3.35998e-32   1.8958e-18   1.0009e-31 -3.90261e-18   -2.712e-31  7.06952e-18  6.69043e-31 -1.11929e-17  -1.5043e-30  1.53331e-17  3.08754e-30  -1.7897e-17 -5.80177e-30  1.73595e-17  1.00376e-29 -1.33647e-17 -1.61571e-29  7.33898e-18  2.46243e-29 -1.82555e-18 -3.64246e-29 -1.18684e-18   5.3673e-29   1.5388e-18  -7.9912e-29 -6.06711e-19   1.1932e-28 -1.49673e-19  -1.7436e-28  2.58064e-19  2.42501e-28 -6.40278e-20 -3.13954e-28 -4.78776e-20  3.72741e-28  2.99722e-20 -4.01912e-28  4.67432e-21  3.90895e-28   -7.525e-21 -3.40925e-28  -3.0185e-23  2.65019e-28  1.45998e-21 -1.82283e-28 -5.59323e-23  1.09896e-28 -2.40337e-22 -5.73411e-29   2.3324e-24  2.54313e-29  3.32294e-23  -9.3261e-30  2.28883e-24  2.69726e-30 -3.51179e-24 -5.59328e-31 -6.36865e-25  6.59183e-32  2.31266e-25 -5.12465e-33  8.25745e-26  7.32687e-33 -3.66341e-27 -5.91573e-33 -5.44485e-27  2.18666e-33 -6.53235e-28 -1.54775e-34  1.30854e-28   -2.907e-34  4.22942e-29  1.98805e-34  2.31352e-30 -8.11646e-35 -6.35515e-31  2.54663e-35 -1.17185e-31 -6.56345e-36 -4.77697e-33  1.38817e-36  5.76911e-34  -2.3115e-37  7.09613e-35   2.7934e-38  2.27998e-36 -2.16049e-39 -1.85974e-38  8.55024e-41 -1.14425e-39
-2.08993e-35  2.94997e-45   3.5092e-33  3.74372e-44 -1.73818e-31  9.82528e-44  5.23668e-30 -2.51084e-42   -1.121e-28 -5.20051e-43  1.83606e-27   2.7683e-42 -2.40562e-26 -2.43127e-40  2.59691e-25  1.68545e-39 -2.35841e-24 -1.66578e-38  1.82954e-23  1.49112e-37 -1.22632e-22  -1.1368e-36  7.16436e-22  7.51868e-36 -3.67233e-21 -4.39404e-35  1.65979e-20  2.29025e-34 -6.63847e-20 -1.07127e-33   2.3552e-19  4.51537e-33 -7.42156e-19 -1.72027e-32  2.07761e-18  5.93741e-32 -5.16234e-18 -1.85944e-31   1.1361e-17  5.28926e-31 -2.20652e-17 -1.36727e-30  3.76116e-17  3.21211e-30 -5.58104e-17 -6.85657e-30  7.12172e-17  1.32943e-29 -7.66747e-17  -2.3417e-29  6.74203e-17  3.75352e-29 -4.53547e-17 -5.50554e-29  1.93992e-17   7.4911e-29 -2.24784e-19 -9.72047e-29 -6.94126e-18  1.25651e-28  4.98732e-18 -1.69058e-28 -7.68085e-19  2.39371e-28 -1.16368e-18 -3.45111e-28  7.60034e-19  4.82424e-28  3.56891e-20 -6.29422e-28  -2.1324e-19  7.49592e-28  4.62308e-20 -8.05263e-28  4.04277e-20  7.74979e-28 -1.62296e-20  -6.6459e-28 -6.48326e-21  5.04927e-28  3.46236e-21 -3.37376e-28  1.03543e-21  1.96267e-28 -5.42879e-22 -9.80125e-29 -1.71686e-22  4.11445e-29  6.07478e-23 -1.40318e-29  2.58675e-23  3.64094e-30 -3.76294e-24 -6.06854e-31 -2.94013e-24  2.33576e-32 -7.85773e-26  6.25224e-33  2.06998e-25    1.106e-32  3.62209e-26 -9.61659e-33 -5.86733e-27  3.13622e-33 -2.59582e-27  1.65146e-34 -1.64513e-28 -7.04251e-34  5.85712e-29  4.14887e-34  1.22985e-29 -1.59079e-34  4.20666e-31  4.67253e-35 -1.33935e-31 -1.09454e-35 -1.81261e-32  2.04118e-36 -5.94741e-34  -2.9317e-37   3.8832e-35  2.96353e-38  3.24589e-36 -1.76928e-39  5.48396e-38  4.03029e-41
-2.79401e-45 -1.38509e-33  2.01023e-44  9.87214e-32  1.82625e-43 -3.70294e-30  6.23228e-43  9.30879e-29 -1.13502e-41 -1.73484e-27   2.7683e-42  2.53594e-26  4.23425e-41 -3.01398e-25 -1.48255e-39  2.98522e-24  1.47418e-38 -2.50819e-23 -1.44633e-37  1.81145e-22  1.20686e-36 -1.13582e-21 -8.63605e-36   6.2304e-21  5.40287e-35 -3.00706e-20 -2.99732e-34  1.28245e-19  1.48658e-33 -4.84745e-19 -6.62778e-33   1.6269e-18  2.66636e-32 -4.85204e-18 -9.70572e-32   1.2855e-17  3.20286e-31 -3.02113e-17 -9.59386e-31  6.28072e-17  2.61018e-30 -1.14991e-16 -6.45036e-30  1.84186e-16  1.44705e-29 -2.55578e-16  -2.9434e-29  3.02689e-16   5.4185e-29 -2.98686e-16 -9.00643e-29  2.35057e-16  1.34835e-28 -1.33548e-16 -1.81593e-28  3.69653e-17  2.20833e-28  1.86357e-17 -2.46876e-28 -2.75323e-17  2.66622e-28  1.19577e-17 -3.04542e-28  2.05515e-18  3.96752e-28 -4.72425e-18 -5.72088e-28  1.40359e-18  8.28132e-28  8.04437e-19 -1.11786e-27 -5.99271e-19  1.36011e-27 -5.57776e-20  -1.4731e-27  1.46476e-19  1.41348e-27 -7.38919e-21 -1.19756e-27 -2.82143e-20  8.91872e-28  2.65338e-21 -5.79775e-28  4.70679e-21  3.25531e-28 -3.02999e-22 -1.55424e-28 -6.75377e-22  6.16062e-29 -1.25747e-23 -1.94611e-29  7.61453e-23  4.49483e-30  1.00204e-23 -5.73751e-31  -5.6403e-24 -3.13715e-32 -1.59319e-24  9.34888e-33  1.58793e-25   2.1653e-32  1.20328e-25 -1.56263e-32  1.04188e-26  3.89545e-33 -3.59511e-27  1.17495e-33 -9.08643e-28 -1.55079e-33 -2.64019e-29  8.00845e-34  1.71214e-29 -2.84362e-34  2.56622e-30  7.70002e-35  6.26647e-32 -1.62177e-35 -1.69188e-32  2.64366e-36 -1.66717e-33 -3.23075e-37 -4.23532e-35  2.64931e-38  8.91339e-37 -1.11678e-39  3.02323e-38
 3.63506e-34 -2.56069e-44 -4.57058e-32  9.74393e-44  2.24897e-30  7.16474e-43 -6.80107e-29  3.70375e-42  1.46213e-27 -4.98081e-41 -2.40562e-26  4.23425e-41  3.16684e-25  4.06572e-40 -3.43574e-24 -1.08404e-38  3.13661e-23  1.22479e-37  -2.4467e-22  -1.1476e-36  1.64954e-21  8.99544e-36 -9.69601e-21 -6.07429e-35  5.00215e-20  3.60297e-34 -2.27625e-19 -1.90033e-33   9.1697e-19  8.97899e-33 -3.27804e-18 -3.81956e-32  1.04131e-17  1.46787e-31 -2.94009e-17 -5.10881e-31  7.37229e-17  1.61299e-30 -1.63836e-16 -4.62442e-30  3.21559e-16  1.20435e-29 -5.54401e-16 -2.84829e-29  8.33014e-16  6.11091e-29 -1.07795e-15 -1.18711e-28  1.17942e-15  2.08191e-28 -1.05762e-15 -3.28201e-28  7.30854e-16  4.62274e-28 -3.28934e-16 -5.77045e-28   1.9044e-17  6.32128e-28  1.06932e-16  -6.0327e-28 -8.36816e-17  5.09558e-28   1.6479e-17 -4.25369e-28  1.78379e-17  4.59074e-28 -1.33077e-17 -6.98687e-28  1.32157e-19  1.15085e-27  3.54797e-18 -1.71342e-27  -9.7787e-19  2.20757e-27 -6.37371e-19 -2.45823e-27  3.17724e-19  2.37765e-27  9.61552e-20 -2.00278e-27 -6.73325e-20  1.46712e-27 -1.49631e-20 -9.29173e-28  1.08473e-20  5.03298e-28  2.60427e-21 -2.29209e-28 -1.30005e-21  8.54517e-29 -4.29003e-22 -2.49094e-29  9.70768e-23  5.14123e-30  5.37076e-23  -5.3173e-31 -1.15119e-24 -3.35495e-32 -4.23131e-24 -2.47747e-32 -5.62046e-25  4.79847e-32  1.51666e-25 -2.50925e-32  5.02118e-26  3.63123e-33  1.61984e-27    3.579e-33 -1.39091e-27 -3.10924e-33 -2.35923e-28  1.42136e-33 -2.46913e-30 -4.62372e-34  3.28379e-30  1.13998e-34  3.64199e-31 -2.13516e-35  7.53199e-33  3.00573e-36 -1.10797e-33 -3.06249e-37 -7.15513e-35  1.94077e-38  -9.9749e-37 -4.72873e-40
 4.81308e-45  1.63184e-32 -1.54085e-43 -1.15344e-30  3.67937e-43  4.34187e-29  1.81617e-42 -1.09617e-27  2.44605e-41  2.05211e-26 -2.43127e-40 -3.01398e-25  4.06572e-40  3.60004e-24  3.52345e-39 -3.58443e-23 -8.37867e-38  3.02831e-22   9.5019e-37 -2.19983e-21 -8.41387e-36   1.3878e-20  6.22024e-35 -7.66179e-20 -3.97651e-34  3.72312e-19  2.24044e-33 -1.59927e-18 -1.12498e-32  6.09093e-18  5.06891e-32 -2.06071e-17 -2.05886e-31  6.19838e-17  7.56235e-31 -1.65714e-16 -2.51745e-30  3.93243e-16  7.60627e-30 -8.26059e-16 -2.08753e-29  1.52946e-15  5.20484e-29 -2.47998e-15  -1.1783e-28  3.48819e-15  2.41877e-28 -4.19504e-15 -4.49148e-28  4.21505e-15  7.51651e-28 -3.39424e-15 -1.12715e-27  1.99718e-15  1.50119e-27 -6.10795e-16 -1.75079e-27 -2.31173e-16  1.74552e-27  4.02765e-16 -1.42172e-27 -1.92875e-16  8.54402e-28 -1.94871e-17 -2.72735e-28  7.05246e-17 -1.67114e-29 -2.48273e-17 -2.21239e-28  -1.0723e-17  1.00888e-27  9.77111e-18 -2.11338e-27   2.9728e-19  3.14225e-27 -2.31805e-18 -3.72795e-27  2.54065e-19  3.69554e-27  4.41331e-19 -3.12061e-27 -6.96206e-20  2.25732e-27 -7.44131e-20   -1.394e-27  9.49423e-21  7.27015e-28  1.10853e-20 -3.14317e-28 -4.15456e-22  1.09492e-28 -1.33372e-21 -2.94078e-29 -1.07925e-22  5.66719e-30  1.09953e-22 -7.34732e-31    2.418e-23  1.63791e-31 -4.26388e-24 -1.51779e-31 -2.13921e-24  1.05206e-31 -1.07949e-25 -3.93451e-32   7.7512e-26  7.88068e-34   1.5574e-26  8.39192e-33 -3.51928e-29 -5.68148e-33 -3.65864e-28  2.31073e-33 -4.47408e-29  -6.8254e-34 -1.81415e-31    1.515e-34  3.88602e-31 -2.49231e-35  3.13669e-32  2.97976e-36  5.56435e-34 -2.45488e-37 -2.64493e-35  1.10266e-38 -6.39674e-37
-3.90069e-33  4.71638e-44  4.85105e-31 -7.24702e-43 -2.39522e-29  1.50734e-42  7.27427e-28  -4.9965e-42 -1.57093e-26  1.92926e-40  2.59691e-25 -1.48255e-39 -3.43574e-24  3.52345e-39  3.74706e-23  2.86647e-38 -3.43975e-22 -6.31236e-37  2.69878e-21  6.86713e-36 -1.83064e-20 -5.73964e-35  1.08301e-19  4.01376e-34 -5.62526e-19 -2.43501e-33   2.5782e-18  1.30524e-32 -1.04649e-17 -6.24656e-32  3.77114e-17  2.68612e-31 -1.20815e-16 -1.04227e-30  3.44205e-16  3.65994e-30 -8.71429e-16 -1.16537e-29  1.95662e-15  3.36905e-29 -3.88299e-15 -8.84852e-29  6.77563e-15  2.11126e-28 -1.03159e-14 -4.57303e-28  1.35475e-14  8.97765e-28 -1.50765e-14 -1.59309e-27  1.38008e-14  2.54425e-27 -9.80679e-15  -3.6322e-27  4.64481e-15  4.58439e-27 -4.81499e-16 -5.01853e-27  -1.3552e-15  4.58925e-27  1.16597e-15 -3.19611e-27 -2.82189e-16  1.13835e-27 -2.22628e-16  9.12188e-28  1.93012e-16 -2.16299e-27 -1.30899e-17  2.07362e-27 -4.85511e-17 -6.40987e-28  1.66941e-17 -1.58004e-27  8.10215e-18  3.74121e-27 -5.10303e-18 -5.09785e-27 -1.10367e-18  5.31739e-27   1.0747e-18 -4.55012e-27  1.61512e-19  3.26284e-27 -1.77381e-19 -1.96359e-27 -3.01413e-20  9.81242e-28  2.25726e-20 -3.98994e-28  5.63676e-21  1.28413e-28 -1.93359e-21 -3.20323e-29 -7.94718e-22  6.65133e-30  6.37435e-23 -1.74975e-30  7.05393e-23  8.30563e-31  6.36959e-24 -4.64293e-31 -3.06807e-24  2.16447e-31 -7.85535e-25 -5.96633e-32  4.08393e-27 -6.99014e-33  2.66012e-26  1.67762e-32  3.62587e-27 -9.46711e-33 -7.45439e-29  3.43162e-33 -6.47925e-29 -9.12815e-34  -5.8886e-30  1.80334e-34 -3.16799e-32 -2.56698e-35  2.45621e-32  2.54656e-36  1.28273e-33 -1.61571e-37   1.3837e-35  4.22284e-39
-2.93414e-44 -1.58126e-31   3.1985e-43  1.12151e-29 -3.18258e-42 -4.23967e-28  1.24641e-41   1.0752e-26 -1.42357e-40 -2.02242e-25  1.68545e-39  2.98522e-24 -1.08404e-38 -3.58443e-23  2.86647e-38  3.58863e-22  2.18607e-37 -3.04951e-21 -4.49867e-36   2.2288e-20  4.63579e-35 -1.41516e-19 -3.66338e-34    7.866e-19  2.42944e-33 -3.84979e-18 -1.40143e-32  1.66621e-17  7.15689e-32 -6.39678e-17 -3.26758e-31  2.18257e-16  1.34178e-30 -6.62408e-16 -4.97515e-30  1.78795e-15  1.67017e-29 -4.28635e-15 -5.08545e-29  9.10315e-15  1.40602e-28 -1.70553e-14 -3.53141e-28  2.80138e-14  8.05604e-28 -3.99693e-14 -1.66771e-27  4.88516e-14  3.12722e-27 -5.00254e-14  -5.2958e-27  4.12624e-14  8.06041e-27  -2.5167e-14  -1.0942e-26  8.45214e-15  1.30784e-26  2.27087e-15 -1.34414e-26 -4.93361e-15  1.12881e-26     2.61e-15 -6.65885e-27   8.6732e-17  6.12011e-28 -8.78424e-16  5.04404e-27  3.64374e-16 -8.47693e-27  1.14076e-16  8.65476e-27 -1.33052e-16 -5.80593e-27  4.43769e-18  1.25944e-27  3.04916e-17  3.21764e-27 -5.35918e-18 -6.19983e-27 -5.70085e-18  7.10693e-27  1.33166e-18  -6.2444e-27  9.67813e-19    4.451e-27 -1.97741e-19  -2.6005e-27 -1.49835e-19  1.23226e-27  1.54672e-20 -4.62734e-28  1.92848e-20  1.34898e-28  5.14432e-22 -3.25853e-29 -1.76058e-21  9.60588e-30 -2.88099e-22  -4.6173e-30  8.54961e-23  2.39887e-30   3.1179e-23 -1.09945e-30  2.74111e-25  4.13277e-31 -1.35776e-24 -8.69519e-32 -2.15444e-25 -2.25513e-32  9.48283e-27  2.96326e-32  6.38768e-27 -1.43883e-32  6.26746e-28  4.64436e-33 -1.49919e-29 -1.10305e-33 -7.23831e-30  1.91497e-34 -4.80253e-31 -2.31421e-35 -4.01865e-33   1.8417e-36  5.89482e-34 -8.24978e-38  1.11695e-35
 3.46721e-32  -2.8882e-43 -4.32489e-30  1.94913e-42  2.14452e-28 -1.80479e-41 -6.54228e-27  1.50314e-40  1.41956e-25 -1.70817e-39 -2.35841e-24  1.47418e-38  3.13661e-23 -8.37867e-38 -3.43975e-22  2.18607e-37  3.17602e-21  1.55975e-36 -2.50714e-20 -3.01224e-35  1.71162e-19  2.93564e-34 -1.01948e-18 -2.19884e-33  5.33329e-18  1.38606e-32 -2.46289e-17 -7.61582e-32  1.00769e-16  3.70981e-31 -3.66204e-16 -1.61711e-30  1.18373e-15   6.3437e-30 -3.40468e-15 -2.24783e-29  8.70743e-15  7.21238e-29 -1.97639e-14 -2.09894e-28  3.96829e-14   5.5454e-28 -7.01276e-14 -1.33049e-27  1.08265e-13  2.89795e-27 -1.44405e-13 -5.72389e-27  1.63596e-13  1.02313e-26 -1.53018e-13 -1.64955e-26  1.11927e-13  2.38606e-26 -5.57895e-14 -3.06995e-26  8.30941e-15  3.46123e-26  1.43781e-14 -3.32267e-26   -1.377e-14  2.53855e-26  3.99027e-15 -1.21117e-26  2.28871e-15 -3.33835e-27 -2.36604e-15  1.65889e-26  3.02033e-16 -2.39496e-26  5.55847e-16  2.39481e-26 -2.36589e-16 -1.77708e-26 -8.34064e-17  8.47576e-27  6.87037e-17  4.73223e-28  9.35626e-18 -6.55813e-27 -1.43676e-17  8.89597e-27 -1.15154e-18 -8.13248e-27  2.42316e-18  5.75407e-27  2.47461e-19 -3.23039e-27 -3.25519e-19  1.42076e-27 -5.79302e-20 -4.74393e-28  3.11471e-20  1.20667e-28  9.61267e-21 -3.28648e-29 -1.51725e-21  1.75838e-29 -9.75766e-22 -1.10108e-29 -4.35325e-23  5.48472e-30  5.04798e-23  -2.2384e-30  1.00232e-23  7.33629e-31  -5.4527e-25 -1.21472e-31 -4.19778e-25 -4.83531e-32 -4.46202e-26  4.69907e-32  2.95047e-27 -1.99407e-32  1.05429e-27  5.71412e-33  7.68827e-29 -1.20001e-33 -1.23162e-30  1.80299e-34 -4.41884e-31 -1.80334e-35 -1.89638e-32  1.09247e-36 -1.33247e-34 -2.83445e-38
 2.56697e-44  1.29746e-30 -2.02366e-42 -9.24134e-29  1.37339e-41  3.50928e-27 -1.55031e-40 -8.94196e-26  1.69301e-39  1.69036e-24 -1.66578e-38 -2.50819e-23  1.22479e-37  3.02831e-22 -6.31236e-37 -3.04951e-21  1.55975e-36  2.60726e-20  1.04278e-35 -1.91788e-19 -1.89727e-34  1.22602e-18  1.75202e-33 -6.86353e-18 -1.24712e-32  3.38456e-17  7.48819e-32 -1.47656e-16 -3.92503e-31  5.71658e-16  1.82558e-30 -1.96794e-15 -7.60198e-30  6.02945e-15  2.84947e-29 -1.64391e-14 -9.64767e-29  3.98364e-14  2.95735e-28 -8.55849e-14 -8.21941e-28   1.6236e-13  2.07285e-27 -2.70334e-13 -4.74394e-27  3.91549e-13  9.84723e-27 -4.86764e-13 -1.85144e-26  5.08489e-13  3.14559e-26 -4.30046e-13 -4.81111e-26  2.72123e-13  6.58425e-26  -9.9826e-14 -7.98248e-26 -1.71045e-14  8.42129e-26  5.14509e-14 -7.45413e-26 -3.01652e-14  5.03361e-26  9.79852e-16 -1.63498e-26  9.26939e-15 -1.86886e-26 -4.52638e-15   4.5467e-26 -9.47914e-16 -5.78622e-26  1.53825e-15  5.50597e-26 -1.53698e-16    -4.11e-26 -3.38094e-16  2.25107e-26  8.53731e-17 -5.52586e-27  6.14596e-17 -5.87347e-27 -2.02128e-17  1.06376e-26 -1.04422e-17 -1.01654e-26  3.17157e-18  7.05924e-27  1.68381e-18 -3.72084e-27 -3.12116e-19  1.45072e-27 -2.33154e-19 -3.91396e-28  8.14178e-21  7.92416e-29  2.35707e-20 -3.86821e-29   2.5783e-21  3.58579e-29 -1.37019e-21 -2.33233e-29 -3.75507e-22  1.08684e-29  1.62676e-23 -4.09152e-30  1.97508e-23    1.216e-30  2.38811e-24 -1.62796e-31 -2.56169e-25 -8.50761e-32 -9.28238e-26  6.74302e-32  -6.9651e-27 -2.51813e-32  4.75532e-28  6.37213e-33  1.11845e-28 -1.16944e-33  5.99392e-30  1.49145e-34 -2.70166e-32 -1.19096e-35 -1.05447e-32  5.01145e-37 -1.62408e-34
-2.62669e-31  3.52494e-43  3.29039e-29 -1.33166e-41 -1.63891e-27  1.24002e-40  5.02356e-26 -1.56622e-39 -1.09547e-24  1.67854e-38  1.82954e-23 -1.44633e-37  -2.4467e-22   9.5019e-37  2.69878e-21 -4.49867e-36 -2.50714e-20  1.04278e-35   1.9919e-19  6.55603e-35 -1.36911e-18 -1.12827e-33  8.21317e-18  9.90041e-33 -4.32908e-17 -6.71435e-32   2.0151e-16   3.8475e-31 -8.31425e-16 -1.92637e-30  3.04846e-15  8.56183e-30 -9.94721e-15 -3.40719e-29  2.88984e-14  1.22032e-28 -7.47005e-14 -3.94665e-28  1.71502e-13  1.15502e-27 -3.48614e-13  -3.0627e-27  6.24349e-13  7.36243e-27 -9.78106e-13 -1.60429e-26  1.32611e-12  3.16607e-26 -1.53076e-12 -5.64917e-26  1.46445e-12  9.08709e-26 -1.10377e-12 -1.31176e-25  5.78979e-13  1.68687e-25 -1.12215e-13 -1.90854e-25 -1.28985e-13  1.85605e-25  1.39892e-13 -1.47318e-25 -4.76854e-14  8.11943e-26 -1.93583e-14 -2.86556e-27  2.48673e-14 -6.73741e-26  -4.7414e-15  1.12814e-25 -5.37531e-15 -1.26488e-25  2.83862e-15  1.12201e-25  6.82939e-16 -8.08659e-26 -7.87171e-16   4.5071e-26 -4.63228e-17 -1.47998e-26  1.63122e-16 -4.62316e-27  1.42047e-18  1.26637e-26 -2.80341e-17 -1.23488e-26 -9.29688e-19  8.15664e-27   3.9605e-18 -3.83565e-27  4.34052e-19  1.17407e-27 -4.16984e-19 -1.62427e-28  -9.4424e-20  1.13766e-29  2.57565e-20  -6.2442e-29  1.12988e-20  7.23844e-29 -9.28765e-23 -4.45687e-29 -6.91389e-22  1.94087e-29 -1.03445e-22 -6.86411e-30  1.31996e-23  1.88932e-30  5.54781e-24 -2.09975e-31  4.26063e-25 -1.30213e-31 -6.25141e-26  8.79021e-32 -1.43606e-26  -2.8935e-32  -7.9411e-28  6.41657e-33   4.0634e-29 -1.01389e-33  6.61098e-30  1.06945e-34  2.31465e-31 -6.45278e-36   4.8062e-34  1.53761e-37
-1.04132e-43 -9.13934e-30  4.08541e-42  6.53895e-28 -1.02067e-40 -2.49486e-26  1.25419e-39  6.38889e-25 -1.53115e-38 -1.21408e-23  1.49112e-37  1.81145e-22  -1.1476e-36 -2.19983e-21  6.86713e-36   2.2288e-20 -3.01224e-35 -1.91788e-19  6.55603e-35  1.42036e-18  3.89318e-34 -9.14481e-18 -6.36241e-33  5.15813e-17  5.32096e-32 -2.56386e-16 -3.44609e-31  1.12794e-15   1.8876e-30 -4.40574e-15 -9.03694e-30  1.53099e-14  3.84031e-29 -4.73771e-14 -1.46076e-28   1.3055e-13  4.99832e-28 -3.19964e-13 -1.54334e-27  6.95827e-13   4.3086e-27 -1.33749e-12 -1.08868e-26  2.25909e-12  2.49043e-26 -3.32426e-12 -5.15525e-26  4.20713e-12   9.6439e-26 -4.48762e-12 -1.62651e-25  3.89552e-12  2.46383e-25 -2.55944e-12 -3.33196e-25  1.02082e-12  3.98318e-25  8.56229e-14 -4.13598e-25 -4.62097e-13   3.5993e-25  3.01738e-13 -2.39127e-25 -2.92846e-14  7.73601e-26 -8.36568e-14  8.37153e-26  4.82937e-14  -2.0417e-25  5.59541e-15  2.61582e-25 -1.52714e-14 -2.56782e-25  2.61863e-15  2.08164e-25  3.18375e-15  -1.4037e-25 -1.10135e-15  7.46795e-26 -5.53606e-16 -2.45168e-26  2.53537e-16 -5.05751e-27  9.31492e-17  1.59784e-26   -4.146e-17 -1.46639e-26 -1.57164e-17  8.58915e-27  4.67383e-18  -3.1526e-27  2.36806e-18  3.76552e-28 -2.61002e-19  2.62301e-28 -2.66681e-19 -6.66906e-29 -1.41606e-20 -1.25351e-28  1.81582e-20  1.37542e-28  3.71845e-21 -7.79759e-29 -4.31648e-22  3.18758e-29 -2.41747e-22 -1.07011e-29 -2.02956e-23  2.75888e-30  4.58016e-24 -2.61648e-31  1.13422e-24 -1.77464e-31  5.77301e-26  1.04265e-31 -9.16029e-27 -3.01897e-32 -1.45286e-27  5.80613e-33 -5.97043e-29 -7.74572e-34  1.51033e-30  6.51262e-35  1.56191e-31 -2.70054e-36  1.97308e-33
 1.71719e-30 -1.56808e-42  -2.1608e-28  4.74097e-41  1.08138e-26  -9.3936e-40 -3.33118e-25  1.24166e-38  7.30236e-24 -1.37795e-37 -1.22632e-22  1.20686e-36  1.64954e-21 -8.41387e-36 -1.83064e-20  4.63579e-35  1.71162e-19 -1.89727e-34 -1.36911e-18  3.89318e-34  9.47787e-18  2.19359e-33  -5.7286e-17 -3.41697e-32  3.04354e-16   2.7311e-31 -1.42861e-15 -1.69247e-30  5.94684e-15  8.87314e-30 -2.20095e-14 -4.06507e-29  7.25345e-14  1.65227e-28 -2.12962e-13 -6.00725e-28  5.56722e-13  1.96315e-27 -1.29365e-12 -5.78365e-27  2.66393e-12  1.53873e-26 -4.83854e-12 -3.69965e-26  7.69787e-12  8.03787e-26 -1.06177e-11 -1.57637e-25  1.24997e-11  2.78487e-25 -1.22435e-11 -4.41649e-25  9.51818e-12  6.25282e-25 -5.25387e-12 -7.83278e-25  1.25252e-12  8.54815e-25  9.81109e-13 -7.88502e-25 -1.23578e-12  5.71261e-25  4.89675e-13 -2.44113e-25   1.3177e-13 -1.08805e-25 -2.26348e-13  3.95166e-25  5.85231e-14 -5.53586e-25  4.40036e-14  5.74055e-25 -2.92405e-14 -4.90521e-25 -4.13324e-15  3.55601e-25  7.75534e-15 -2.16208e-25 -1.48111e-16   1.0208e-25 -1.58649e-15 -2.58949e-26  1.07478e-16 -1.25786e-26  2.76926e-16  2.23903e-26  -1.1387e-17 -1.67063e-26 -4.10502e-17  7.34086e-27 -1.64031e-18 -9.49776e-28  4.71772e-18 -1.22047e-27   7.2641e-19   9.0911e-28 -3.47022e-19 -1.14143e-28 -1.09489e-19 -2.57384e-28  8.24412e-21  2.42562e-28  7.99137e-21 -1.26219e-28  8.28224e-22  4.87131e-29 -2.16201e-22 -1.56153e-29 -6.18405e-23  3.79092e-30 -2.78015e-24 -3.15659e-31  9.83716e-25 -2.17689e-31  1.64881e-25  1.12534e-31  5.97286e-27 -2.85173e-32 -7.67874e-28  4.69083e-33 -8.33754e-29 -5.14375e-34 -2.29503e-30  3.25817e-35  1.24388e-32 -7.53704e-37
 4.31458e-43  5.58193e-29 -2.24343e-41 -4.01266e-27  5.41831e-40  1.53863e-25 -9.15503e-39 -3.96087e-24  1.14264e-37   7.5685e-23  -1.1368e-36 -1.13582e-21  8.99544e-36   1.3878e-20 -5.73964e-35 -1.41516e-19  2.93564e-34  1.22602e-18 -1.12827e-33 -9.14481e-18  2.19359e-33  5.93222e-17  1.17785e-32  -3.3727e-16 -1.75472e-31   1.6905e-15  1.34356e-30 -7.50312e-15 -7.97924e-30  2.95826e-14  4.00774e-29 -1.03822e-13 -1.75783e-28  3.24675e-13  6.83463e-28 -9.04724e-13 -2.37479e-27  2.24403e-12  7.40886e-27 -4.94308e-12 -2.08111e-26  9.63388e-12  5.27075e-26 -1.65195e-11   -1.204e-25  2.47169e-11  2.47879e-25 -3.18739e-11 -4.59094e-25  3.47504e-11  7.62354e-25 -3.09939e-11 -1.12885e-24  2.11604e-11  1.47731e-24 -9.13921e-12 -1.68264e-24 -3.86351e-14  1.61898e-24  3.60111e-12 -1.22525e-24 -2.63832e-12  5.56115e-25  4.26041e-13  2.21005e-25  6.48464e-13 -8.92504e-25 -4.47356e-13  1.29349e-24 -1.27622e-14 -1.37358e-24  1.31129e-13  1.19691e-24 -3.29386e-14 -8.86837e-25 -2.54778e-14  5.59896e-25  1.19047e-14 -2.88934e-25  4.11439e-15  1.02377e-25 -2.68941e-15  5.22226e-28 -6.71036e-16 -3.72685e-26  4.54732e-16  3.40834e-26  1.19705e-16  -1.6815e-26 -5.64669e-17  2.33789e-27 -2.00994e-17  3.89714e-27  4.25784e-18  -3.9183e-27  2.56013e-18  1.74736e-27 -2.65179e-20 -6.09239e-29 -2.02753e-19 -4.92628e-28 -2.94342e-20  3.96343e-28  6.95464e-21 -1.90368e-28  2.50369e-21  6.97641e-29  1.10416e-22  -2.1412e-29 -6.37591e-23  4.90085e-30 -1.16767e-23  -3.6814e-31 -2.67452e-25 -2.41526e-31  1.34704e-25  1.10384e-31  1.59468e-26 -2.42918e-32  4.38491e-28  3.35473e-33 -3.06646e-29 -2.90975e-34 -1.94949e-30  1.25976e-35 -1.98624e-32
-9.77192e-30  9.48114e-42  1.23546e-27 -2.92233e-40 -6.21377e-26  5.82525e-39  1.92421e-24 -8.57649e-38 -4.24146e-23  9.66397e-37  7.16436e-22 -8.63605e-36 -9.69601e-21  6.22024e-35  1.08301e-19 -3.66338e-34 -1.01948e-18  1.75202e-33  8.21317e-18 -6.36241e-33  -5.7286e-17  1.17785e-32  3.49003e-16   6.0511e-32 -1.86978e-15 -8.64585e-31  8.85445e-15  6.35346e-30 -3.72036e-14 -3.61997e-29  1.39059e-13  1.74287e-28 -4.63106e-13 -7.32016e-28   1.3749e-12  2.72246e-27 -3.63715e-12 -9.03797e-27  8.55965e-12  2.69051e-26 -1.78689e-11 -7.20018e-26    3.294e-11  1.73397e-25 -5.32637e-11 -3.75679e-25  7.48065e-11  7.31097e-25  -8.9902e-11 -1.27386e-24  9.02519e-11   1.9764e-24 -7.24411e-11 -2.70563e-24  4.20753e-11  3.21635e-24 -1.19002e-11 -3.21784e-24 -6.28392e-12  2.51072e-24  9.56605e-12 -1.12891e-24 -4.37415e-12 -6.13353e-25 -6.67673e-13  2.22882e-24  1.79626e-12 -3.27468e-24 -5.99495e-13  3.54984e-24 -3.02562e-13 -3.15119e-24  2.61172e-13  2.37002e-24  1.28085e-14 -1.51843e-24 -6.61235e-14  8.04017e-25  6.71163e-15 -3.06704e-25   1.3269e-14  2.24492e-26 -2.04996e-15  9.13613e-26 -2.34206e-15 -9.49095e-26  2.96886e-16  5.20039e-26  3.63988e-16 -1.04988e-26  -1.3267e-17 -1.01588e-26 -4.55387e-17  1.29144e-26 -3.82657e-18 -7.93669e-27  3.87248e-18  2.65425e-27  8.75435e-19  1.84522e-28 -1.50757e-19 -8.58513e-28 -7.84264e-20  6.01065e-28 -4.38066e-21 -2.68822e-28  2.77923e-21  9.40309e-29  5.80473e-22 -2.76358e-29  3.82598e-24  5.95274e-30 -1.24942e-23 -4.12675e-31 -1.59229e-24 -2.42768e-31 -2.08234e-26  9.81702e-32  1.09802e-26 -1.85636e-32  8.90959e-28  2.09867e-33  1.74582e-29 -1.35742e-34 -3.46561e-31  3.24698e-36
-2.67178e-42 -2.97832e-28  1.45184e-40  2.15169e-26 -3.38904e-39 -8.29391e-25  5.75805e-38  2.14691e-23 -7.45224e-37 -4.12627e-22  7.51868e-36   6.2304e-21 -6.07429e-35 -7.66179e-20  4.01376e-34    7.866e-19 -2.19884e-33 -6.86353e-18  9.90041e-33  5.15813e-17 -3.41697e-32  -3.3727e-16   6.0511e-32  1.93361e-15  2.98427e-31 -9.77772e-15 -4.09834e-30  4.38039e-14  2.89398e-29 -1.74417e-13 -1.58286e-28  6.18552e-13  7.30666e-28 -1.95591e-12 -2.93861e-27  5.51494e-12  1.04522e-26 -1.38524e-11 -3.31418e-26  3.09289e-11  9.40931e-26 -6.11654e-11 -2.39719e-25  1.06562e-10  5.48305e-25  -1.6226e-10 -1.12473e-24  2.13408e-10  2.06312e-24 -2.38051e-10  -3.3663e-24  2.18379e-10  4.84131e-24 -1.55046e-10 -6.03815e-24  7.22615e-11   6.3243e-24 -5.00345e-12  -5.1395e-24 -2.44418e-11  2.34423e-24  2.03155e-11  1.55418e-24 -4.60933e-12  -5.5054e-24  -4.3088e-12  8.35931e-24   3.6261e-12 -9.40231e-24  -2.0248e-13  8.64913e-24 -9.76977e-13 -6.72268e-24  3.36159e-13  4.44724e-24  1.71696e-13 -2.45316e-24 -1.09938e-13  1.01999e-24 -2.41801e-14 -1.58313e-25  2.44635e-14   -2.379e-25  3.61119e-15   3.0813e-25 -4.25363e-15 -2.06155e-25 -7.02022e-16   7.2302e-26  5.70437e-16  1.18208e-26  1.39307e-16 -3.60091e-26 -5.16416e-17  2.77994e-26 -2.07665e-17 -1.32474e-26  1.86039e-18  3.40033e-27  1.92549e-18  7.08128e-28  1.69223e-19 -1.36013e-27 -8.59001e-20  8.47952e-28 -2.18731e-20   -3.566e-28  8.81218e-23   1.1955e-28  7.29534e-22  -3.3572e-29  1.00337e-22  6.77756e-30 -1.41049e-24 -4.40694e-31 -1.61671e-24  -2.2091e-31  -1.4723e-25  7.88809e-32 -1.58361e-27 -1.26392e-32  4.44925e-28  1.12861e-33  2.06622e-29  -4.9215e-35  1.60174e-31
