 2.63056e-36  5.42888e-52 -6.47168e-36 -3.50683e-51  3.27654e-36  3.42004e-51  4.47308e-36  1.31376e-51 -6.62978e-36 -4.05127e-51  1.98792e-36  3.30108e-51  1.45037e-36 -1.66082e-51 -1.99519e-36 -3.53521e-52  1.49629e-36  6.99131e-52 -5.38214e-37 -1.53684e-52 -2.86241e-37  2.59475e-52   4.4351e-37  8.87228e-53 -1.85077e-37  1.42901e-51  1.26762e-38  4.38716e-51  1.73854e-38 -2.77976e-52 -2.13618e-38 -3.31895e-50  8.59499e-39 -1.38333e-49  4.17861e-39 -2.15267e-49 -3.77164e-39 -2.77136e-49 -7.34485e-41 -1.90024e-49    1.504e-39  7.29177e-49 -5.64408e-40  2.49911e-48  -2.8393e-40  5.11958e-48  2.59849e-40  7.63642e-48 -4.19472e-41   1.6856e-47  1.04335e-43   1.9637e-47 -3.46495e-41   1.8943e-47  1.21184e-41  1.81213e-47 -1.44503e-42  1.94072e-47  4.19636e-42  2.28296e-47 -1.49516e-42  1.03005e-48 -1.48622e-43 -3.59197e-47  2.15989e-43 -5.78765e-47 -5.83417e-45 -4.72903e-47 -5.84983e-44 -2.14977e-47  1.97494e-44 -3.71856e-49 -2.38576e-45   4.1098e-48 -1.21483e-47  1.29398e-48 -3.77429e-46  1.95583e-48  7.05467e-47  1.84443e-49  1.77302e-46 -3.69815e-50 -5.47991e-47 -1.75564e-49 -3.70872e-48 -2.09444e-50  -3.1382e-48  2.75516e-50  1.87994e-48   1.9526e-50  2.08823e-49  3.94685e-51   3.6342e-49 -1.14124e-50 -6.98968e-49   1.8372e-50   1.0168e-48 -2.99907e-50 -1.52055e-48  4.34011e-50  2.06038e-48 -5.78483e-50 -2.54884e-48  7.03233e-50  2.86267e-48 -7.74097e-50 -2.89544e-48  7.64888e-50  2.61274e-48  -6.7113e-50 -2.07898e-48  5.15929e-50  1.43741e-48 -3.41555e-50 -8.47123e-49  1.90327e-50  4.14607e-49 -8.64928e-51 -1.62357e-49  3.05936e-51  4.80142e-50 -7.80603e-52 -9.68585e-51  1.23963e-52   1.0574e-51  -7.8939e-54
 5.42888e-52  1.09344e-35  3.02027e-51 -1.61718e-35 -1.30912e-50  2.79889e-36  9.51654e-51  1.47897e-35  4.67107e-51 -1.44134e-35 -8.28879e-51  2.82923e-36   6.3363e-51  3.00946e-36 -5.18436e-51 -4.14347e-36  9.32271e-53  3.50088e-36  1.95366e-51 -1.15272e-36 -1.27126e-52 -8.18829e-37  1.02424e-51  1.00106e-36  4.42313e-51 -3.30044e-37  2.16511e-50  1.59768e-38  4.87989e-50  6.60062e-39 -1.42536e-50 -1.64421e-38 -3.63729e-49 -1.51862e-38  -1.4727e-48  2.93636e-38 -2.32057e-48 -1.28653e-38   -3.251e-48  2.87616e-40 -3.06456e-48  4.17515e-39  5.17267e-48 -2.05498e-39  2.11296e-47 -5.85641e-40  4.34621e-47  7.11651e-40  6.44158e-47  -5.0505e-41  1.37684e-46 -3.69373e-41  1.58667e-46 -1.33027e-40  1.56763e-46  4.49145e-41   1.4889e-46 -2.55029e-42  1.82811e-46  1.30635e-41  1.98166e-46 -4.26504e-42  3.99695e-47 -6.50897e-43 -2.16569e-46  6.52029e-43 -3.71562e-46 -5.77189e-45 -3.00412e-46  -2.1992e-43 -1.26525e-46  7.87333e-44 -1.44295e-48 -9.85142e-45  2.12939e-47 -1.39622e-45  4.86009e-48 -8.18835e-46  8.47176e-48  3.30763e-46  7.81473e-49  6.38318e-46 -1.76111e-50 -2.14238e-46 -8.19765e-49 -2.24673e-47 -9.49917e-50 -9.55142e-48  1.27973e-49  9.15348e-48  3.57842e-50  -1.8363e-48  9.61459e-50  5.72915e-48 -1.83353e-49 -9.72229e-48  2.99538e-49   1.4497e-47 -4.60103e-49  -2.0532e-47  6.43064e-49  2.65514e-47 -8.23083e-49 -3.12649e-47  9.57413e-49  3.32914e-47 -1.00409e-48 -3.17794e-47  9.40304e-49   2.6912e-47 -7.76884e-49 -1.99544e-47  5.57755e-49  1.27391e-47 -3.41151e-49 -6.84822e-48  1.73088e-49  3.00565e-48 -7.01262e-50 -1.02873e-48   2.1395e-50  2.54695e-49 -4.43521e-51 -3.93885e-50  4.95014e-52  2.45376e-51
-6.47168e-36  3.02027e-51  2.51744e-35  9.44481e-51 -2.74933e-35 -3.02772e-50 -2.45504e-36  1.73247e-50  2.91806e-35   8.5315e-51 -2.21104e-35 -9.78495e-51  4.16402e-36   8.8358e-51  3.33361e-36 -1.02425e-50 -6.47788e-36  9.93573e-52  5.96587e-36  3.81947e-51  -1.4965e-36  6.13193e-53 -1.70697e-36  6.23083e-51  1.52526e-36  4.89726e-50 -3.21694e-37  2.06976e-49  9.09059e-39  3.88394e-49   -3.652e-38 -1.52967e-49   3.3232e-38 -2.68238e-48 -1.11029e-37 -1.06521e-47  9.57653e-38 -1.65915e-47 -3.16458e-38 -2.47291e-47  3.15126e-39 -2.75054e-47  8.23139e-39  2.42341e-47  -5.3653e-39  1.23244e-46 -6.46116e-40  2.56175e-46  1.39458e-39  3.74557e-46  6.49669e-41  7.71734e-46 -1.74296e-40   8.7084e-46  -3.5067e-40   8.8265e-46  1.12965e-40  8.19403e-46 -2.39885e-42  1.12237e-45   2.9443e-41  1.15013e-45 -8.36673e-42  3.48524e-46 -1.71184e-42 -8.82539e-46  1.37318e-42 -1.63814e-45 -1.54345e-44 -1.30898e-45 -5.68358e-43 -5.06721e-46  2.08907e-43 -2.58422e-49 -2.87927e-44  7.67408e-47 -5.97583e-45  1.03389e-47 -6.10136e-46  2.47022e-47  9.99321e-46  2.04203e-48  1.66238e-45  4.81569e-49 -6.01311e-46 -2.68988e-48 -8.10459e-47 -3.95186e-49 -2.65481e-47  6.00284e-49  4.17185e-47 -4.34584e-49 -3.18705e-47   1.2226e-48  6.04409e-47  -2.1276e-48 -9.66885e-47  3.38244e-48  1.41013e-46 -4.97317e-48 -1.90606e-46   6.6881e-48  2.35177e-46 -8.20392e-48  -2.6333e-46  9.10962e-48  2.65489e-46 -9.07666e-48 -2.38712e-46  8.02832e-48  1.89179e-46 -6.21931e-48 -1.30198e-46  4.14748e-48  7.63361e-47 -2.32719e-48 -3.71504e-47  1.06452e-48  1.44593e-47 -3.78866e-49 -4.24789e-48  9.72327e-50  8.50465e-49 -1.55258e-50  -9.1977e-50  9.93766e-52
-3.50683e-51 -1.61718e-35  9.44481e-51  4.40531e-35  2.05931e-50 -3.96024e-35 -5.17537e-50  -1.0705e-35  2.43754e-50  4.35442e-35  1.00101e-50 -2.87802e-35 -7.78565e-51  7.43753e-36  1.11922e-50  2.45613e-36 -1.46589e-50  -9.3308e-36  2.02682e-51  8.39246e-36  5.49181e-51 -1.13101e-36 -1.40102e-51 -2.77797e-36  4.40064e-50  1.60855e-36   3.8976e-49 -6.12914e-39  1.53167e-48  3.39883e-39  2.52569e-48 -7.95375e-38   -9.795e-49   1.3094e-37 -1.52528e-47 -3.16772e-37 -6.03093e-47  2.16949e-37 -9.09835e-47  -6.3342e-38 -1.43078e-46  1.22768e-38 -1.77461e-46  1.36083e-38  8.70498e-47 -1.16374e-38  5.73239e-46  1.37947e-41  1.21413e-45  2.34922e-39  1.73473e-45  4.10683e-40  3.42653e-45 -5.02969e-40   3.7398e-45 -7.41557e-40  3.91001e-45  2.27595e-40  3.49065e-45 -3.33388e-42  5.28297e-45   5.5314e-41  5.18493e-45 -1.23603e-41  1.91594e-45 -3.17959e-42  -2.7897e-45  2.34097e-42 -5.72966e-45 -9.29202e-44 -4.51801e-45 -1.17829e-42 -1.59404e-45  4.31891e-43  2.34888e-47 -7.01251e-44  2.22778e-46 -1.47664e-44  8.46946e-48  1.83064e-45  5.59198e-47  2.36096e-45  3.33205e-48  3.62458e-45  2.53433e-48 -1.40027e-45  -6.8562e-48 -1.97909e-46  -2.2317e-48 -1.16067e-46  4.02256e-48  2.28754e-46 -6.30106e-48 -3.00203e-46  1.20689e-47  5.07606e-46 -2.00965e-47  -7.7804e-46   3.0849e-47  1.09521e-45 -4.35705e-47 -1.41605e-45   5.6238e-47  1.66682e-45 -6.59545e-47  -1.7734e-45  6.97144e-47  1.69043e-45 -6.57731e-47 -1.42824e-45  5.47275e-47  1.05552e-45  -3.9555e-47 -6.71002e-46  2.43478e-47  3.58926e-46 -1.24279e-47 -1.56692e-46  5.06418e-48  5.33413e-47 -1.55363e-48 -1.31324e-47   3.2381e-49  2.01731e-48 -3.63334e-50 -1.24467e-49
 3.27654e-36 -1.30912e-50 -2.74933e-35  2.05931e-50  6.70305e-35  3.47993e-50 -5.25532e-35 -7.13053e-50 -1.88241e-35  2.94697e-50  5.45487e-35  7.59154e-51 -3.47614e-35 -5.91328e-51  1.25681e-35  1.47575e-50  1.88482e-36 -1.55009e-50  -1.2935e-35  6.27891e-51  1.01788e-35 -2.06594e-52  1.06389e-37 -2.26764e-50 -3.54155e-36  2.81294e-49  7.05128e-37  2.55425e-48  7.04746e-37  9.43233e-48  3.65273e-38  1.41527e-47 -4.68146e-38  -4.2282e-48  2.56477e-37 -7.00518e-47 -6.45735e-37 -2.82606e-46  3.87886e-37 -4.04096e-46  -1.0998e-37 -6.71643e-46  3.28236e-38 -9.07061e-46  2.04274e-38  2.64158e-46 -2.22013e-38   2.2593e-45  1.87316e-39  4.92909e-45  3.83833e-39  6.79708e-45  1.02081e-39  1.27829e-44 -1.10984e-39  1.32783e-44 -1.34578e-39   1.4474e-44  3.93417e-40  1.21917e-44 -1.63711e-41   2.0436e-44  9.08558e-41  1.93363e-44 -1.22966e-41  7.97871e-45  -4.1164e-42  -7.1827e-45  3.46011e-42 -1.68725e-44 -3.45497e-43 -1.31027e-44 -2.09573e-42 -4.17537e-45  7.41393e-43  1.41687e-46 -1.51069e-43  5.54349e-46 -2.45881e-44 -3.14199e-47  8.49039e-45  1.04459e-46  4.70275e-45   1.6459e-48  7.04043e-45  6.43378e-48 -2.92566e-45 -1.11216e-47 -1.98961e-46 -1.66874e-47 -7.51871e-46  3.22552e-47   1.4506e-45 -5.80706e-47 -2.27743e-45  1.01659e-46  3.65618e-45 -1.63119e-46 -5.39558e-45  2.41168e-46  7.31052e-45    -3.27e-46 -9.05244e-45   4.0406e-46  1.01654e-44 -4.51803e-46 -1.02659e-44  4.53135e-46  9.23115e-45 -4.03278e-46 -7.30235e-45  3.14228e-46  5.00721e-45 -2.10702e-46 -2.92083e-45  1.18845e-46  1.41348e-45  -5.4636e-47 -5.47324e-46  1.95406e-47  1.60159e-46 -5.03947e-48  -3.1962e-47  8.08708e-49  3.44099e-48 -5.20352e-50
 3.42004e-51  2.79889e-36 -3.02772e-50 -3.96024e-35  3.47993e-50  9.30859e-35  4.85625e-50  -6.5753e-35  -8.3602e-50 -2.42593e-35  3.44945e-50  6.13342e-35  2.43733e-51 -4.09633e-35 -8.79244e-51  1.82217e-35  2.31323e-50  2.60645e-36 -7.37676e-51 -1.66304e-35  2.99117e-50  1.08328e-35 -7.50232e-50  2.07534e-36 -2.01094e-49 -3.34515e-36  1.53317e-48  -1.7055e-36  1.43839e-47  1.75697e-36  5.01655e-47  1.70399e-37  7.03487e-47   1.5974e-37 -1.05687e-47  3.79728e-37 -2.62019e-46 -1.07638e-36 -1.12638e-45  5.81949e-37 -1.48259e-45 -1.74137e-37  -2.6394e-45  7.04061e-38 -3.85559e-45  2.89575e-38  7.83893e-46 -3.82193e-38  7.81102e-45  5.06489e-39  1.77967e-44  6.55992e-39  2.33169e-44  1.77561e-39  4.13964e-44 -2.01663e-39  4.00103e-44 -2.17981e-39  4.63094e-44  6.03318e-40  3.59123e-44  -6.4874e-41  6.75486e-44  1.32199e-40  6.17871e-44 -3.32999e-43  2.71338e-44 -2.37321e-42 -1.52757e-44  4.65441e-42 -4.32303e-44 -8.98922e-43 -3.29734e-44  -3.3261e-42 -9.39828e-45  1.08678e-42  5.34059e-46 -2.94129e-43  1.22507e-45 -2.34519e-44 -1.74814e-46  2.06669e-44   1.6673e-46  8.04408e-45 -5.98227e-48  1.27862e-44 -3.86522e-48 -6.17466e-45   2.1971e-47   1.5391e-45 -1.30746e-46 -5.15867e-45  2.51844e-46  9.43554e-45 -4.52377e-46 -1.53632e-44  7.57728e-46  2.37946e-44 -1.17129e-45 -3.39127e-44  1.66441e-45  4.42502e-44 -2.16217e-45 -5.25126e-44  2.55065e-45  5.62046e-44 -2.71085e-45 -5.37357e-44  2.57063e-45  4.53769e-44 -2.14909e-45  -3.3396e-44   1.5602e-45  2.10782e-44 -9.64431e-46 -1.11775e-44  4.94285e-46  4.84113e-45 -2.02226e-46 -1.63997e-45  6.22949e-47  4.03382e-46 -1.30396e-47 -6.20525e-47  1.46998e-48   3.8262e-48
 4.47308e-36  9.51654e-51 -2.45504e-36 -5.17537e-50 -5.25532e-35  4.85625e-50  1.19563e-34  5.78713e-50 -7.85262e-35 -8.63046e-50 -2.59416e-35  4.31744e-50  6.54438e-35 -2.28515e-51 -4.80763e-35 -1.56517e-50  2.34814e-35  5.43785e-50  3.26131e-36  3.64385e-50 -1.88376e-35  1.15974e-49  1.01531e-35 -6.48665e-49  4.55362e-36 -1.39959e-48 -1.65451e-36  7.05906e-48 -5.91447e-36  7.11618e-47  2.92126e-36  2.35871e-46  4.57104e-37  3.16285e-46  6.34246e-37  1.20108e-47  4.83706e-37 -7.70361e-46 -1.55911e-36 -3.86439e-45  7.60516e-37 -4.45576e-45 -2.61286e-37 -8.79302e-45  1.29306e-37 -1.40032e-44  3.89528e-38  2.72401e-45 -6.00567e-38  2.42335e-44  8.97614e-39  5.86287e-44  1.17162e-38   7.1646e-44  2.35667e-39  1.18865e-43 -3.09987e-39  1.03332e-43 -3.23626e-39  1.30927e-43  8.32429e-40  9.03303e-44 -1.84045e-40  1.95634e-43  1.69091e-40   1.7302e-43  3.62619e-41   7.8419e-44  5.69723e-42 -2.63452e-44   5.9328e-42 -9.84279e-44 -1.83915e-42  -7.3471e-44 -4.83231e-42 -1.85405e-44  1.36193e-42  1.54147e-45 -5.21279e-43  2.45919e-45  1.37114e-44 -5.19835e-46  3.80193e-44  2.20664e-46  1.09705e-44  2.10917e-47  2.38604e-44 -1.74835e-46 -1.67998e-44  3.98176e-46  1.61886e-44  -9.6527e-46 -3.42409e-44     1.81e-45  6.04303e-44 -3.15473e-45 -9.77562e-44  5.08855e-45  1.47021e-43 -7.56417e-45 -2.02847e-43  1.03072e-44  2.54963e-43 -1.27963e-44 -2.89552e-43  1.43694e-44  2.94256e-43 -1.44681e-44  -2.6466e-43  1.29225e-44  2.08056e-43 -1.01025e-44 -1.40929e-43  6.79537e-45   8.0884e-44 -3.84452e-45 -3.84999e-44  1.77279e-45   1.4729e-44 -6.36043e-46 -4.29418e-45  1.64595e-46   8.6121e-46 -2.65152e-47 -9.35284e-47  1.71376e-48
 1.31376e-51  1.47897e-35  1.73247e-50  -1.0705e-35 -7.13053e-50  -6.5753e-35  5.78713e-50  1.44059e-34  5.93062e-50 -9.16055e-35 -8.01025e-50 -2.40802e-35  5.72393e-50  6.90405e-35 -2.01544e-51 -5.57906e-35 -8.61082e-51  2.90376e-35  2.01606e-49  1.67008e-37  2.58173e-49 -1.79795e-35  2.44153e-49  8.38777e-36 -4.21037e-48  7.45484e-36 -8.28734e-48  1.73141e-36  2.71888e-47 -1.18297e-35  3.14036e-46  3.83763e-36  9.97036e-46  8.70884e-37  1.30615e-45  1.45066e-36  3.25768e-46  5.84546e-37 -1.49665e-45 -2.03742e-36 -1.13954e-44  8.90514e-37 -1.03193e-44 -3.79419e-37 -2.47104e-44  2.09941e-37 -4.41096e-44  4.86543e-38  1.12345e-44 -8.65482e-38  6.85321e-44  1.19866e-38  1.79436e-43  2.08205e-38  2.00505e-43  2.25499e-39  3.07317e-43 -4.02689e-39  2.27452e-43 -4.49289e-39  3.32423e-43  1.03248e-39  1.93774e-43 -4.16339e-40   5.0531e-43  1.84236e-40  4.31291e-43  1.14796e-40  1.97284e-43  2.52931e-41 -3.35404e-44  7.35839e-42 -2.02116e-43 -3.16338e-42 -1.46932e-43  -6.5274e-42 -3.25044e-44  1.39919e-42  3.65373e-45 -8.44628e-43  4.53743e-45  1.26128e-43 -1.12247e-45   6.0635e-44  9.54695e-47  4.32974e-45  5.06438e-46  5.81698e-44  -1.5447e-45 -7.24186e-44  3.22353e-45  1.18379e-43 -6.57269e-45 -2.25215e-43  1.19195e-44  3.88573e-43 -2.00409e-44 -6.18007e-43   3.1103e-44  9.04586e-43 -4.43651e-44 -1.20742e-42   5.7829e-44  1.45708e-42 -6.84279e-44 -1.57414e-42  7.29223e-44  1.50554e-42 -6.93176e-44 -1.25909e-42  5.80778e-44  9.08395e-43 -4.22495e-44 -5.57256e-43   2.6168e-44  2.86032e-43 -1.34384e-44 -1.20328e-43  5.50993e-45  4.00829e-44 -1.70147e-45 -9.86561e-45  3.57184e-46  1.54003e-45 -4.04089e-47 -9.66365e-47
-6.62978e-36  4.67107e-51  2.91806e-35  2.43754e-50 -1.88241e-35  -8.3602e-50 -7.85262e-35  5.93062e-50  1.67187e-34  5.16221e-50 -1.07888e-34  -6.8464e-50 -1.90801e-35  7.36643e-50  7.27518e-35  1.22299e-50 -6.23171e-35  9.10721e-50  3.69978e-35  8.86685e-49 -1.08498e-35  1.29988e-48 -1.37948e-35 -7.09471e-49  6.31938e-36 -2.32141e-47  1.08606e-35  -4.3079e-47  6.64554e-36  8.45737e-47 -1.89364e-35  1.25103e-45   4.1384e-36  3.83963e-45  1.23929e-36  5.02188e-45  2.65763e-36  2.35476e-45  7.36985e-37  4.11562e-46 -2.47109e-36 -2.82584e-44  9.59234e-37 -1.36228e-44 -5.33835e-37 -5.65509e-44   3.0629e-37 -1.21204e-43  5.42327e-38  4.72896e-44 -1.14446e-37  1.78472e-43  1.15396e-38   5.1631e-43  3.52721e-38  5.17597e-43  8.29125e-40  7.24263e-43 -4.25717e-39   4.1303e-43 -5.92701e-39  7.67826e-43  1.12969e-39    3.469e-43 -8.05834e-40  1.17962e-42  1.55936e-40  9.68171e-43  2.54713e-40  4.38749e-43  6.29242e-41 -1.69799e-44    8.856e-42 -3.78461e-43 -4.78739e-42 -2.66225e-43 -8.24228e-42 -5.12413e-44  9.68756e-43  7.37576e-45 -1.25777e-42  7.62463e-45  3.57811e-43 -1.54177e-45  1.08247e-43 -1.50746e-45 -7.14231e-44  4.49551e-45  2.42619e-43 -1.07804e-44 -4.40341e-43  2.16591e-44  8.32682e-43 -4.12734e-44 -1.53174e-42  7.21982e-44  2.59396e-42 -1.16829e-43 -4.03518e-42    1.741e-43  5.72775e-42 -2.37752e-43 -7.35064e-42  2.95711e-43  8.44291e-42 -3.32578e-43 -8.58044e-42  3.35295e-43  7.61772e-42 -2.99806e-43 -5.82671e-42  2.34612e-43   3.7853e-42 -1.57961e-43 -2.06008e-42  8.94574e-44   9.2708e-43 -4.12993e-44 -3.39179e-43  1.48392e-44  9.70754e-44 -3.84743e-45 -1.96871e-44   6.2137e-46  2.19792e-45 -4.02971e-47
-4.05127e-51 -1.44134e-35   8.5315e-51  4.35442e-35  2.94697e-50 -2.42593e-35 -8.63046e-50 -9.16055e-35  5.16221e-50  1.93661e-34  3.76016e-50 -1.31964e-34 -5.90338e-50 -1.08444e-35  8.43112e-50  7.48657e-35  6.47703e-50 -6.46702e-35  5.99159e-49  4.98063e-35  3.80431e-48 -3.20878e-35  5.62521e-48 -8.17879e-36 -1.15889e-47  5.12044e-36 -1.12752e-46  1.48917e-35 -2.00001e-46  1.26602e-35  1.86684e-46 -2.63833e-35  4.54497e-45   3.6012e-36  1.36262e-44   1.2304e-36  1.81958e-44   4.2736e-36  1.23875e-44  1.01919e-36  2.14712e-44 -2.84761e-36 -5.46774e-44  9.77078e-37   2.4456e-44 -7.18623e-37 -9.22745e-44    4.044e-37 -2.89259e-43  5.03917e-38  1.82417e-43 -1.38335e-37  4.30191e-43  4.66713e-39  1.40597e-42    5.588e-38  1.24453e-42 -2.58942e-39  1.57272e-42 -3.14619e-39  5.50592e-43 -7.52777e-39   1.6314e-42  1.03006e-39  4.81095e-43 -1.39498e-39  2.51555e-42  6.41772e-41  1.97489e-42  4.72764e-40  8.71177e-43  1.25854e-40  6.51579e-44  9.87169e-42 -6.51695e-43 -6.63344e-42  -4.3978e-43 -9.66539e-42  -7.3684e-44 -2.16206e-43  1.31901e-44 -1.71936e-42  1.06333e-44  6.94448e-43  1.88646e-45  3.63553e-43 -1.32388e-44 -6.59862e-43   3.1157e-44  1.55712e-42 -6.75729e-44 -3.16544e-42  1.31506e-43  6.11691e-42 -2.39702e-43 -1.10171e-41  4.03689e-43  1.82212e-41 -6.27482e-43 -2.74843e-41  8.95942e-43  3.74847e-41 -1.16868e-42 -4.57574e-41  1.38351e-42  4.94148e-41 -1.47475e-42 -4.65878e-41  1.40197e-42  3.77785e-41 -1.17465e-42 -2.59337e-41   8.5451e-43  1.48411e-41 -5.29292e-43 -6.99765e-42  2.71882e-43   2.7032e-42 -1.11535e-43 -8.48926e-43   3.4475e-44  2.06704e-43 -7.24843e-45 -3.32556e-44  8.21942e-46  2.17222e-45
 1.98792e-36 -8.28879e-51 -2.21104e-35  1.00101e-50  5.45487e-35  3.44945e-50 -2.59416e-35 -8.01025e-50 -1.07888e-34  3.76016e-50  2.31097e-34   2.3538e-50 -1.68281e-34 -7.41803e-50  4.94777e-37  6.28905e-50  7.23637e-35  2.02398e-49 -5.98202e-35  2.68151e-48  6.92289e-35   1.5028e-47 -6.24366e-35  2.12082e-47 -4.93534e-36 -8.19333e-47  5.90431e-36 -4.91535e-46  1.95627e-35 -8.39116e-46  1.92204e-35  8.71882e-47 -3.31646e-35  1.51965e-44  2.25313e-36  4.50293e-44  4.37676e-37  6.27729e-44  6.27315e-36  5.45511e-44  1.50018e-36  1.30632e-43 -3.17595e-36 -5.77669e-44  9.66611e-37  2.64236e-43 -9.09767e-37 -2.91919e-44  4.82885e-37 -5.86634e-43  3.21912e-38  6.23502e-43 -1.51224e-37  9.59686e-43 -1.10446e-38  3.63219e-42  8.25674e-38  2.80705e-42 -8.53938e-39  3.17875e-42  -1.4627e-40  2.23831e-43 -9.29927e-39  3.22053e-42   6.3544e-40  3.63115e-43 -2.22405e-39  4.94484e-42 -1.01788e-40   3.6876e-42  7.76421e-40  1.55343e-42  2.21247e-40  2.85372e-43  8.99929e-42 -1.03869e-42 -8.77622e-42 -6.64463e-43 -1.02674e-41 -9.94665e-44 -2.52819e-42  2.35003e-44 -1.99215e-42  4.37293e-45  5.74481e-43  3.21328e-44  2.37782e-42 -8.71678e-44 -5.42835e-42   1.9115e-43   1.2086e-41 -3.91567e-43 -2.48139e-41  7.36838e-43  4.72744e-41 -1.29064e-42   -8.286e-41  2.08895e-42  1.32488e-40 -3.11309e-42 -1.91651e-40  4.24995e-42  2.48372e-40 -5.28319e-42 -2.85076e-40  5.93768e-42  2.85917e-40 -5.98121e-42 -2.46665e-40  5.34337e-42  1.79785e-40 -4.17775e-42 -1.08595e-40  2.81058e-42  5.34272e-41 -1.59073e-42 -2.12466e-41  7.34136e-43  6.90352e-42 -2.63798e-43 -1.85352e-42  6.84384e-44  3.81565e-43 -1.10677e-44 -4.50576e-44  7.19385e-46
 3.30108e-51  2.82923e-36 -9.78495e-51 -2.87802e-35  7.59154e-51  6.13342e-35  4.31744e-50 -2.40802e-35  -6.8464e-50 -1.31964e-34   2.3538e-50  2.87043e-34  1.22592e-50 -2.18424e-34  -2.0565e-49  1.29768e-35 -1.41243e-49  6.28103e-35  3.49136e-49 -4.62277e-35  1.01821e-47   9.5896e-35  5.38641e-47  -9.7346e-35  6.87926e-47 -8.45851e-36 -4.42401e-46  9.15405e-36 -1.94683e-45  2.47237e-35 -3.21138e-45  2.57299e-35  -1.8671e-45 -3.83483e-35  4.71651e-44  3.63388e-37  1.39922e-43    -1.45e-36  2.07745e-43  8.56615e-36   2.1182e-43  2.20309e-36  5.67927e-43 -3.46872e-36   1.2451e-43  9.44718e-37  1.23056e-42 -1.06527e-36  5.38019e-43  5.15582e-37 -9.44268e-43 -2.72943e-39  1.88377e-42 -1.45921e-37  1.96981e-42 -3.62371e-38  8.89962e-42  1.14394e-37  5.96747e-42 -1.72268e-38  6.04097e-42   4.9555e-39 -1.65686e-42 -1.12515e-38  5.96146e-42 -1.28122e-40 -5.39516e-43  -3.3291e-39  9.03277e-42 -3.37633e-40  6.34411e-42  1.15711e-39   2.4926e-42  3.55112e-40  7.52348e-43  3.76695e-42 -1.53988e-42 -1.16163e-41 -9.16653e-43    -9.11e-42 -1.36922e-43 -6.94097e-42  5.76063e-44 -3.04271e-44 -6.75433e-44 -5.46984e-42  2.21162e-43  1.98707e-41 -5.12783e-43 -4.62586e-41  1.07701e-42  1.00593e-40 -2.11267e-42 -2.02245e-40  3.83433e-42  3.74021e-40   -6.454e-42 -6.31744e-40  1.00219e-41  9.66763e-40 -1.42925e-41 -1.32803e-39   1.8617e-41  1.61967e-39 -2.20048e-41 -1.73078e-39   2.3417e-41  1.59496e-39 -2.22237e-41 -1.24345e-39  1.85891e-41  8.01767e-40 -1.35015e-41 -4.17055e-40  8.35125e-42  1.71344e-40 -4.28495e-42 -5.56269e-41   1.7565e-42  1.49722e-41 -5.42795e-43 -3.49334e-42  1.14171e-43  6.00481e-43 -1.29627e-44 -4.24448e-44
 1.45037e-36   6.3363e-51  4.16402e-36 -7.78565e-51 -3.47614e-35  2.43733e-51  6.54438e-35  5.72393e-50 -1.90801e-35 -5.90338e-50 -1.68281e-34  1.22592e-50  3.65384e-34 -2.08352e-50  -2.7889e-34 -8.49826e-49  2.19787e-35 -1.34703e-48  4.57323e-35 -8.90797e-49 -2.49054e-35  3.41435e-47  1.29265e-34  1.73656e-46 -1.30129e-34  1.83948e-46  -2.1988e-35 -2.03494e-45  1.43872e-35  -7.0675e-45  3.00959e-35 -1.13051e-44  3.15983e-35 -1.31217e-44 -4.12935e-35  1.36989e-43 -1.67825e-36  4.12517e-43 -4.46354e-36  6.62211e-43  1.09822e-35  7.44436e-43  3.08232e-36  2.06622e-42 -3.72493e-36  1.04578e-42  9.08199e-37  4.39826e-42 -1.13445e-36  2.83639e-42  4.75694e-37 -8.95238e-43 -5.28083e-38  5.05813e-42 -1.17075e-37  3.67016e-42 -6.86832e-38   2.0651e-41   1.4985e-37  1.19895e-41 -2.83133e-38  1.09054e-41  1.18577e-38 -7.42938e-42 -1.33852e-38  1.04323e-41 -1.27118e-39 -3.19377e-42  -4.7318e-39  1.54517e-41  -6.2284e-40  1.01201e-41  1.58545e-39   3.5898e-42  5.31183e-40  1.61143e-42 -9.11738e-42 -2.13285e-42 -1.64682e-41 -1.13538e-42 -3.07727e-42 -2.40553e-43 -2.04973e-41  2.39195e-43   2.3467e-41 -5.18814e-43 -6.80383e-41  1.27701e-42  1.76096e-40 -2.78824e-42 -4.01746e-40  5.64045e-42  8.48608e-40 -1.06348e-41 -1.64991e-39  1.85765e-41  2.93408e-39  -3.0013e-41 -4.73749e-39  4.46363e-41  6.88534e-39 -6.08031e-41 -8.91465e-39  7.54101e-41   1.0154e-38  -8.4549e-41 -1.00191e-38  8.49631e-41  8.40211e-39 -7.57216e-41 -5.84687e-39  5.90683e-41  3.27758e-39 -3.96543e-41 -1.42976e-39  2.24019e-41  4.71192e-40 -1.03232e-41 -1.19408e-40  3.70564e-42  2.67588e-41 -9.60965e-43 -5.72895e-42  1.55458e-43  7.74714e-43 -1.01175e-44
-1.66082e-51  3.00946e-36   8.8358e-51  7.43753e-36 -5.91328e-51 -4.09633e-35 -2.28515e-51  6.90405e-35  7.36643e-50 -1.08444e-35 -7.41803e-50 -2.18424e-34 -2.08352e-50  4.63768e-34 -2.09182e-49 -3.40962e-34 -3.60395e-48  2.12412e-35 -7.35051e-48  2.27768e-35 -1.27276e-47  6.73477e-37  1.00852e-46  1.67641e-34  4.95915e-46 -1.53912e-34  3.48925e-46 -4.62965e-35 -8.32272e-45  2.03073e-35 -2.36758e-44   3.5343e-35 -3.69091e-44  3.62919e-35 -6.12571e-44 -4.17939e-35  3.75131e-43 -3.53309e-36  1.16287e-42 -8.24675e-36   2.0344e-42  1.32749e-35  2.40453e-42  4.02738e-36  6.63492e-42 -3.92284e-36  4.26991e-42  8.30505e-37  1.34448e-41 -1.07385e-36   1.0017e-41   3.4034e-37  1.09001e-42 -1.13071e-37  1.21343e-41  -6.3403e-38  6.04133e-42 -1.02802e-37  4.53068e-41  1.87241e-37  2.27906e-41 -4.07647e-38  1.88877e-41  1.97109e-38 -2.14343e-41 -1.56863e-38  1.73721e-41 -2.69683e-39 -9.05682e-42 -6.41789e-39  2.49427e-41   -9.252e-40  1.50763e-41  2.01089e-39   4.5939e-42  7.49489e-40  3.04533e-42 -3.15507e-41 -2.78781e-42 -3.13514e-41 -1.15172e-42  3.13614e-41 -7.01127e-43 -1.09693e-40  1.25696e-42  2.50015e-40  -2.9785e-42 -6.48752e-40  6.75061e-42  1.56057e-39 -1.41454e-41 -3.44951e-39  2.75743e-41  7.02821e-39 -4.99904e-41 -1.31228e-38  8.38973e-41  2.23028e-38  -1.2992e-40 -3.42268e-38  1.84745e-40   4.6975e-38 -2.39923e-40 -5.69871e-38  2.82717e-40  6.02302e-38 -2.99939e-40 -5.44604e-38  2.83794e-40  4.11569e-38 -2.36686e-40 -2.52131e-38  1.71434e-40  1.20225e-38 -1.05773e-40 -4.23373e-39  5.41527e-41  1.04581e-39 -2.21598e-41 -1.92023e-40  6.83976e-42  3.90595e-41 -1.43797e-42 -8.40704e-42  1.63327e-43  7.13646e-43
-1.99519e-36 -5.18436e-51  3.33361e-36  1.11922e-50  1.25681e-35 -8.79244e-51 -4.80763e-35 -2.01544e-51  7.27518e-35  8.43112e-50  4.94777e-37  -2.0565e-49  -2.7889e-34 -2.09182e-49  5.73515e-34 -1.04824e-48 -3.93278e-34 -1.43665e-47  5.36143e-36 -3.36318e-47 -3.17298e-36 -8.13432e-47  2.58581e-35  2.53898e-46  2.08134e-34  1.21121e-45 -1.63443e-34  6.50928e-47 -7.93663e-35 -3.09401e-44  2.53862e-35 -7.35791e-44    4.014e-35 -1.12719e-43  3.93954e-35 -2.36015e-43 -4.01139e-35  9.74698e-43 -5.04273e-36  3.15289e-42 -1.20901e-35  6.01177e-42  1.51543e-35  7.20804e-42  4.89363e-36  1.92853e-41 -4.02374e-36  1.36529e-41  6.71301e-37  3.66458e-41 -8.63753e-37  2.92133e-41  9.46042e-38  8.91036e-42 -1.77514e-37  2.60672e-41  1.07072e-38  8.25626e-42   -1.302e-37  9.38679e-41  2.24922e-37  4.09873e-41 -5.28282e-38  3.16588e-41  2.72613e-38 -5.07978e-41 -1.81472e-38  2.76422e-41  -4.1626e-39 -1.99476e-41 -8.30856e-39  3.82961e-41 -1.20966e-39  2.11725e-41   2.3684e-39  5.08301e-42  1.00033e-39  5.31048e-42 -4.49804e-41 -3.59894e-42 -1.29941e-40 -3.18374e-43  3.16292e-40 -2.99899e-42 -9.02685e-40  6.61899e-42   2.3417e-39   -1.537e-41 -5.83391e-39  3.32864e-41  1.34741e-38 -6.71611e-41 -2.86974e-38  1.26052e-40  5.61306e-38 -2.19576e-40 -1.00201e-37  3.53511e-40   1.6205e-37 -5.23905e-40  -2.3533e-37  7.11087e-40  3.03578e-37 -8.78697e-40 -3.43265e-37  9.81585e-40   3.3454e-37  -9.8283e-40 -2.74975e-37   8.7285e-40  1.85179e-37 -6.78601e-40  -9.8147e-38  4.54142e-40  3.85961e-38 -2.55838e-40 -1.02774e-38  1.17612e-40  1.62505e-39 -4.21393e-41 -1.79421e-40  1.09144e-41  5.09584e-41 -1.76492e-42 -1.10053e-41  1.14929e-43
-3.53521e-52 -4.14347e-36 -1.02425e-50  2.45613e-36  1.47575e-50  1.82217e-35 -1.56517e-50 -5.57906e-35  1.22299e-50  7.48657e-35  6.28905e-50  1.29768e-35 -8.49826e-49 -3.40962e-34 -1.04824e-48   6.8243e-34 -3.98105e-48 -4.26113e-34 -5.32089e-47 -2.77213e-35 -1.37442e-46 -2.92308e-35 -4.06025e-46  4.66201e-35  4.88697e-46  2.46731e-34  2.29294e-45 -1.56271e-34 -3.45529e-45 -1.17046e-34 -1.05918e-43  2.85601e-35 -2.13009e-43   4.4231e-35  -3.2495e-43  4.06543e-35 -8.02562e-43 -3.69183e-35  2.41376e-42 -6.25151e-36  8.25108e-42 -1.51034e-35  1.70329e-41  1.63419e-35   2.0186e-41  5.54695e-36  5.14652e-41 -3.98142e-36  3.76819e-41  3.95212e-37  9.09673e-41 -5.18636e-37  7.49259e-41 -2.65427e-37  3.11035e-41 -2.42331e-37  5.00101e-41  9.51248e-38   7.5866e-42 -1.41371e-37  1.83554e-40  2.61266e-37  6.97016e-41 -6.21641e-38  5.16747e-41  3.31251e-38 -1.05939e-40 -2.08229e-38   4.2069e-41 -5.26284e-39 -3.76536e-41 -1.02366e-38  5.63861e-41 -1.45155e-39  2.84225e-41  2.60496e-39  4.44245e-42  1.20901e-39  8.98403e-42  1.73216e-40 -5.49657e-42 -1.02241e-39  4.34118e-42   2.9395e-39  -1.4331e-41 -8.13122e-39  3.29601e-41   2.0948e-38 -7.37825e-41 -5.03405e-38    1.538e-40  1.11877e-37 -2.98787e-40 -2.28798e-37  5.39307e-40  4.28197e-37 -9.01666e-40 -7.28384e-37  1.39053e-39  1.11702e-36 -1.96911e-39 -1.52913e-36  2.54649e-39  1.84591e-36  -2.9881e-39 -1.93508e-36  3.15693e-39  1.72717e-36 -2.97485e-39 -1.27852e-36  2.47133e-39  7.56598e-37 -1.78338e-39 -3.38728e-37  1.09657e-39  1.04463e-37 -5.59722e-40 -1.81319e-38  2.28466e-40  7.38414e-40 -7.03833e-41  4.72429e-41  1.47803e-41  7.68955e-41  -1.6784e-42 -1.08912e-41
 1.49629e-36  9.32271e-53 -6.47788e-36 -1.46589e-50  1.88482e-36  2.31323e-50  2.34814e-35 -8.61082e-51 -6.23171e-35  6.47703e-50  7.23637e-35 -1.41243e-49  2.19787e-35 -3.60395e-48 -3.93278e-34 -3.98105e-48  7.79476e-34 -1.18787e-47 -4.35301e-34 -1.83812e-46 -7.56591e-35 -5.15608e-46  -5.3409e-35 -1.76296e-45   6.0899e-35  3.61725e-46  2.78754e-34  2.00326e-45 -1.33126e-34 -2.15299e-44 -1.54239e-34 -3.36637e-43  2.96993e-35 -5.76059e-43  4.74837e-35  -8.9257e-43  3.99715e-35 -2.48774e-42 -3.31376e-35  5.70766e-42 -7.32134e-36  2.08649e-41 -1.64637e-35  4.61136e-41  1.66323e-35  5.30585e-41   5.9031e-36  1.27211e-40 -3.75172e-36  9.31829e-41 -6.73445e-39  2.08253e-40  -8.7866e-38  1.73866e-40 -7.30853e-37  8.43693e-41 -3.08396e-37   8.4717e-41  1.75901e-37 -2.23316e-42 -1.28218e-37  3.38798e-40  2.94405e-37  1.12022e-40 -6.61066e-38   8.2356e-41  3.60812e-38 -2.00363e-40 -2.39093e-38  6.10689e-41 -5.44777e-39 -6.32765e-41 -1.19337e-38  8.02619e-41 -1.68621e-39  3.73165e-41  2.85195e-39  1.55137e-42  6.93601e-40  1.62459e-41  2.80131e-39 -1.36905e-41 -9.34911e-39  2.67278e-41  2.68018e-38 -6.77502e-41 -7.19344e-38  1.54076e-40  1.79606e-37  -3.3209e-40 -4.15725e-37  6.66805e-40  8.87534e-37 -1.24621e-39 -1.73845e-36  2.16063e-39  3.10476e-36 -3.46278e-39 -5.01803e-36   5.1078e-39  7.27346e-36 -6.90005e-39 -9.35022e-36  8.48621e-39  1.05134e-35 -9.43544e-39 -1.01578e-35  9.40389e-39  8.23773e-36 -8.31424e-39 -5.42887e-36  6.43635e-39  2.77096e-36 -4.29021e-39 -1.01046e-36   2.4081e-39  2.21131e-37 -1.10355e-39 -1.26114e-38  3.94379e-40 -4.84749e-39 -1.01962e-40  3.56688e-40  1.64725e-41  1.34631e-40 -1.07283e-42
 6.99131e-52  3.50088e-36  9.93573e-52  -9.3308e-36 -1.55009e-50  2.60645e-36  5.43785e-50  2.90376e-35  9.10721e-50 -6.46702e-35  2.02398e-49  6.28103e-35 -1.34703e-48  2.12412e-35 -1.43665e-47 -4.26113e-34 -1.18787e-47   8.5914e-34 -2.51395e-47 -4.23764e-34 -5.98261e-46 -1.32465e-34 -1.81237e-45 -7.48684e-35 -6.94722e-45  6.88214e-35 -2.60923e-45  2.99801e-34 -8.45481e-45 -9.76255e-35 -9.25133e-44 -1.86075e-34 -9.98462e-43  2.96763e-35 -1.45718e-42  4.99343e-35 -2.35632e-42  3.73704e-35 -7.16843e-42 -2.98135e-35  1.28696e-41 -8.39569e-36  5.09378e-41 -1.56442e-35  1.18964e-40  1.59379e-35  1.31355e-40  5.94627e-36  2.92941e-40 -3.30103e-36  2.10216e-40 -4.99686e-37  4.43303e-40   3.5373e-37  3.70774e-40 -1.27961e-36  1.98448e-40 -3.81652e-37  1.22936e-40  2.38873e-37 -3.28264e-41 -8.66483e-38  5.90602e-40  3.21921e-37  1.70158e-40 -6.19946e-38  1.28035e-40  3.52535e-38  -3.4928e-40 -2.78059e-38   8.3958e-41  -4.1111e-39 -9.64205e-41 -1.29466e-38  1.11137e-40 -2.44474e-39  4.99623e-41  4.98108e-39 -7.22646e-42 -6.97435e-39   3.6897e-41  2.80445e-38 -5.31628e-41  -8.4668e-38  1.28908e-40  2.35717e-37 -3.05937e-40 -6.11439e-37  6.76574e-40   1.4721e-36  -1.4042e-39 -3.27608e-36  2.71398e-39  6.70583e-36 -4.87457e-39 -1.25525e-35  8.10764e-39  2.13403e-35 -1.24391e-38 -3.26786e-35  1.75227e-38  4.46193e-35  -2.2542e-38 -5.36445e-35  2.63132e-38   5.5893e-35 -2.76568e-38 -4.94314e-35  2.59305e-38  3.60744e-35 -2.14369e-38 -2.08536e-35  1.53983e-38  8.93899e-36 -9.42798e-39 -2.49182e-36  4.79403e-39  2.87097e-37 -1.95052e-39  5.33605e-38  5.99401e-40 -1.73539e-38 -1.25672e-40 -1.97066e-42  1.42634e-41  1.71792e-40
-5.38214e-37  1.95366e-51  5.96587e-36  2.02682e-51  -1.2935e-35 -7.37676e-51  3.26131e-36  2.01606e-49  3.69978e-35  5.99159e-49 -5.98202e-35  3.49136e-49  4.57323e-35 -7.35051e-48  5.36143e-36 -5.32089e-47 -4.35301e-34 -2.51395e-47  9.23211e-34 -1.48311e-47 -3.99925e-34  -1.8646e-45 -1.90445e-34 -6.08406e-45 -9.36211e-35  -2.5394e-44  7.17848e-35 -1.84006e-44  3.06898e-34 -6.03245e-44 -5.55105e-35 -3.29607e-43 -2.08714e-34 -2.77188e-42  3.00795e-35 -3.44465e-42  5.17954e-35 -6.01814e-42  3.29635e-35 -1.94604e-41 -2.79485e-35  2.75355e-41 -9.48813e-36  1.19802e-40 -1.25454e-35  2.91895e-40  1.43024e-35  3.07141e-40  5.72219e-36  6.30914e-40 -2.61698e-36  4.36777e-40 -9.97147e-37  8.82435e-40  7.22225e-37  7.33689e-40 -1.87798e-36  4.22007e-40 -4.70931e-37  1.39951e-40  2.73813e-37 -1.02207e-40 -1.83214e-38  9.73248e-40  3.40768e-37  2.44606e-40 -4.75262e-38  1.93439e-40  3.00899e-38 -5.66707e-40 -3.30645e-38  1.07877e-40 -9.84002e-40 -1.34258e-40 -1.15533e-38  1.49485e-40 -8.94535e-39  7.40387e-41  2.70592e-38 -3.78548e-41 -8.06402e-38  1.14722e-40  2.55306e-37 -2.33928e-40 -7.38135e-37  5.71966e-40  1.98641e-36 -1.30672e-39 -4.96965e-36  2.79338e-39  1.15143e-35 -5.58052e-39 -2.45952e-35  1.03715e-38  4.81782e-35 -1.78816e-38 -8.59988e-35  2.84948e-38  1.38829e-34 -4.17906e-38  -2.0082e-34  5.61283e-38  2.57359e-34 -6.86324e-38 -2.88056e-34   7.5872e-38  2.76456e-34 -7.51921e-38 -2.21975e-34  6.61148e-38  1.44021e-34 -5.09129e-38 -7.15665e-35  3.37691e-38  2.47045e-35 -1.88694e-38 -4.57141e-36  8.61321e-39 -1.74995e-37 -3.06829e-39  2.55429e-37  7.91449e-40 -2.90895e-38 -1.27712e-40  -1.7066e-39  8.31887e-42
-1.53684e-52 -1.15272e-36  3.81947e-51  8.39246e-36  6.27891e-51 -1.66304e-35  3.64385e-50  1.67008e-37  8.86685e-49  4.98063e-35  2.68151e-48 -4.62277e-35 -8.90797e-49  2.27768e-35 -3.36318e-47 -2.77213e-35 -1.83812e-46 -4.23764e-34 -1.48311e-47  9.78973e-34  1.80275e-46 -3.73992e-34 -5.69595e-45 -2.42177e-34  -1.9865e-44 -1.10039e-34  -8.7214e-44  7.10005e-35 -8.09143e-44  2.99425e-34 -2.43884e-43 -1.35726e-35  -1.0276e-42 -2.19707e-34 -7.21184e-42  3.27382e-35 -7.57738e-42  5.34061e-35 -1.49174e-41  2.69569e-35 -5.02469e-41 -2.83592e-35  5.54151e-41 -1.04473e-35  2.70763e-40 -7.49441e-36  6.80507e-40   1.1881e-35  6.79945e-40  5.31295e-36  1.27415e-39 -1.72375e-36  8.39821e-40 -1.36628e-36  1.64933e-39  9.43139e-37  1.35579e-39 -2.48416e-36  8.28388e-40  -5.8386e-37  8.05896e-41   2.7762e-37  -2.3342e-40  6.92046e-38  1.51772e-39  3.47601e-37  3.33968e-40 -2.10885e-38  2.82564e-40  2.00082e-38 -8.61045e-40 -3.96072e-38  1.26147e-40  8.43181e-40 -1.69655e-40  6.09938e-39  1.89821e-40 -6.99683e-38  1.38788e-40    2.331e-37 -1.61155e-40 -7.37293e-37  4.35735e-40  2.20918e-36 -1.00843e-39   -6.164e-36  2.38709e-39  1.60082e-35 -5.26321e-39  -3.8572e-35  1.08475e-38  8.58707e-35 -2.08435e-38 -1.75765e-34  3.72071e-38  3.28856e-34 -6.15012e-38 -5.58525e-34  9.37625e-38  8.53863e-34 -1.31243e-37 -1.16297e-33  1.67759e-37  1.39318e-33 -1.94575e-37 -1.44411e-33  2.03218e-37  1.26766e-33 -1.89352e-37 -9.14822e-34  1.55598e-37  5.19399e-34 -1.11129e-37  -2.1542e-34    6.768e-38  5.54307e-35 -3.42509e-38 -3.83403e-36  1.38794e-38 -2.31767e-36   -4.252e-39   6.0168e-37   8.8978e-40 -1.71676e-38  -1.0094e-40 -3.18616e-39
-2.86241e-37 -1.27126e-52  -1.4965e-36  5.49181e-51  1.01788e-35  2.99117e-50 -1.88376e-35  2.58173e-49 -1.08498e-35  3.80431e-48  6.92289e-35  1.01821e-47 -2.49054e-35 -1.27276e-47 -3.17298e-36 -1.37442e-46 -7.56591e-35 -5.98261e-46 -3.99925e-34  1.80275e-46  1.03482e-33  1.11009e-45  -3.5409e-34 -1.75324e-44 -2.81751e-34 -6.40657e-44  -1.2451e-34 -2.83765e-43  6.62981e-35 -2.92867e-43  2.79337e-34 -7.77744e-43   2.1594e-35 -2.86138e-42 -2.18042e-34 -1.75812e-41  3.92298e-35 -1.53572e-41  5.51211e-35 -3.58481e-41  1.96809e-35 -1.24186e-40 -3.15308e-35  1.03462e-40 -1.10062e-35  5.86686e-40 -1.13241e-36  1.50709e-39  8.90066e-36  1.42838e-39  4.80705e-36   2.4167e-39 -6.99963e-37  1.49634e-39 -1.44694e-36  2.90293e-39  9.67452e-37  2.34975e-39 -3.05389e-36   1.5189e-39 -7.22271e-37 -1.55016e-40  2.55375e-37 -4.48956e-40  1.64109e-37  2.24214e-39   3.3951e-37   4.3629e-40  1.82649e-38  3.96967e-40  2.43587e-39 -1.22922e-39 -3.95549e-38  1.24836e-40 -3.25772e-38 -1.83727e-40  1.66255e-37  1.97213e-40 -6.23448e-37  3.60394e-40  2.04963e-36   -6.734e-40 -6.32809e-36  1.74436e-39  1.82869e-35 -4.12085e-39 -4.92572e-35  9.39279e-39  1.23303e-34 -1.99667e-38 -2.85761e-34  3.96125e-38  6.10368e-34 -7.31349e-38 -1.19512e-33  1.25234e-37  2.13149e-33 -1.98183e-37 -3.43613e-33  2.88614e-37  4.96024e-33 -3.84885e-37 -6.33806e-33  4.67272e-37  7.06462e-33 -5.12882e-37  -6.7403e-33  5.04698e-37  5.36584e-33 -4.40702e-37 -3.43618e-33  3.37106e-37  1.67031e-33 -2.22183e-37 -5.51183e-34  1.23433e-37  8.73119e-35  -5.6058e-38  1.16348e-35  1.98879e-38 -7.52375e-36 -5.11542e-39  8.30609e-37  8.24418e-40  3.08374e-38 -5.37371e-41
 2.59475e-52 -8.18829e-37  6.13193e-53 -1.13101e-36 -2.06594e-52  1.08328e-35  1.15974e-49 -1.79795e-35  1.29988e-48 -3.20878e-35   1.5028e-47   9.5896e-35  3.41435e-47  6.73477e-37 -8.13432e-47 -2.92308e-35 -5.15608e-46 -1.32465e-34  -1.8646e-45 -3.73992e-34  1.11009e-45  1.09569e-33  3.91187e-45 -3.43954e-34 -5.56132e-44 -3.05214e-34 -2.05983e-43 -1.37391e-34 -8.79671e-43  5.57725e-35 -9.38882e-43  2.50529e-34 -2.09467e-42  4.48379e-35 -7.15819e-42 -2.04016e-34 -4.00873e-41  5.04745e-35 -2.80701e-41  5.71701e-35  -8.3106e-41  1.16157e-35 -2.94883e-40 -3.74939e-35  1.75175e-40 -1.08863e-35  1.21661e-39  5.75322e-36  3.17186e-39  5.62004e-36  2.85391e-39  4.27701e-36  4.30822e-39  3.08335e-37  2.46567e-39 -1.08147e-36  4.82085e-39  7.81455e-37  3.83023e-39 -3.54712e-36  2.62004e-39 -8.78764e-37  -7.2251e-40  2.18858e-37 -7.59807e-40  2.53391e-37  3.14051e-39  3.14305e-37   5.5268e-40  7.43482e-38  5.33575e-40 -4.37562e-38 -1.64847e-39   4.8707e-38  7.14597e-41 -4.14566e-37 -1.13309e-40  1.59037e-36  1.15917e-41 -5.44196e-36   1.1966e-39  1.73719e-35 -2.73534e-39 -5.19286e-35  6.83886e-39  1.44948e-34 -1.58722e-38 -3.76608e-34  3.48231e-38  9.07636e-34 -7.12749e-38 -2.02052e-33  1.35934e-37  4.13423e-33 -2.40843e-37 -7.72954e-33   3.9505e-37  1.31123e-32 -5.97576e-37  -2.0011e-32  8.29803e-37  2.71878e-32 -1.05214e-36 -3.24573e-32  1.21042e-36  3.34817e-32 -1.25392e-36 -2.91897e-32  1.15894e-36  2.08529e-32 -9.44835e-37 -1.16515e-32   6.6968e-37  4.69403e-33 -4.04946e-37 -1.12301e-33  2.03615e-37  3.11692e-35 -8.20609e-38  6.54946e-35  2.50361e-38 -1.49075e-35 -5.22668e-39  4.07761e-37  5.92851e-40  6.77893e-38
  4.4351e-37  1.02424e-51 -1.70697e-36 -1.40102e-51  1.06389e-37 -7.50232e-50  1.01531e-35  2.44153e-49 -1.37948e-35  5.62521e-48 -6.24366e-35  5.38641e-47  1.29265e-34  1.00852e-46  2.58581e-35 -4.06025e-46  -5.3409e-35 -1.81237e-45 -1.90445e-34 -5.69595e-45  -3.5409e-34  3.91187e-45  1.16062e-33  8.17837e-45 -3.42789e-34 -1.82767e-43 -3.10609e-34 -6.60969e-43 -1.49169e-34 -2.60923e-42  3.63953e-35 -2.75172e-42  2.17538e-34  -4.8075e-42  5.34606e-35 -1.60106e-41 -1.79058e-34 -8.51767e-41   6.6466e-35 -4.40103e-41  5.95407e-35 -1.84411e-40  3.37937e-36 -6.73679e-40 -4.57727e-35  2.57308e-40 -9.91334e-36  2.41184e-39  1.23894e-35  6.34913e-39   2.3051e-36  5.43646e-39  3.76977e-36  7.21786e-39  1.08892e-36  3.73359e-39 -1.48932e-37  7.56173e-39  4.08529e-37  5.88144e-39 -3.93423e-36  4.27031e-39 -1.03546e-36 -1.83567e-39  1.82831e-37  -1.1498e-39  3.27846e-37  4.17195e-39  2.63244e-37   6.9393e-40  1.90381e-37  6.80619e-40 -3.09908e-37 -2.05875e-39  9.71487e-37 -1.29511e-40 -3.90305e-36  2.80369e-40   1.3851e-35 -1.01535e-39  -4.5709e-35  4.37626e-39  1.41304e-34 -1.06067e-38 -4.08403e-34  2.55765e-38  1.10045e-33 -5.75532e-38 -2.75523e-33  1.21491e-37  6.38521e-33 -2.39099e-37 -1.36344e-32  4.37746e-37  2.66803e-32 -7.43184e-37 -4.75367e-32  1.16576e-36  7.65191e-32 -1.68241e-36 -1.10227e-31  2.22292e-36  1.40432e-31 -2.67343e-36 -1.55895e-31  2.90649e-36  1.47895e-31 -2.83278e-36 -1.16779e-31  2.45005e-36  7.38638e-32 -1.85664e-36 -3.51704e-32  1.21273e-36  1.11203e-32 -6.68109e-37 -1.48829e-33  3.01184e-37 -3.67042e-34 -1.06209e-37  1.77217e-34  2.72061e-38 -1.76506e-35 -4.37787e-39 -7.62026e-37  2.85862e-40
 8.87228e-53  1.00106e-36  6.23083e-51 -2.77797e-36 -2.26764e-50  2.07534e-36 -6.48665e-49  8.38777e-36 -7.09471e-49 -8.17879e-36  2.12082e-47  -9.7346e-35  1.73656e-46  1.67641e-34  2.53898e-46  4.66201e-35 -1.76296e-45 -7.48684e-35 -6.08406e-45 -2.42177e-34 -1.75324e-44 -3.43954e-34  8.17837e-45   1.2236e-33 -4.01756e-45 -3.46719e-34 -6.13458e-43 -2.98049e-34   -2.104e-42 -1.60654e-34 -7.43044e-42  5.27569e-36 -7.50528e-42  1.84131e-34 -9.06254e-42  4.77378e-35 -3.14088e-41 -1.45497e-34 -1.67557e-40  8.61587e-35 -5.05155e-41  6.19362e-35 -3.87862e-40 -4.32337e-36 -1.48026e-39 -5.54474e-35  2.91091e-40 -8.10932e-36  4.56877e-39  1.81283e-35  1.21014e-38 -7.75587e-37  9.89951e-39  3.30762e-36  1.13529e-38  1.38505e-36  5.12228e-39  1.40447e-36  1.12024e-38 -9.73159e-38  8.51033e-39 -4.20049e-36  6.59292e-39 -1.16457e-36 -3.75572e-39   1.5732e-37 -1.55819e-39  4.01871e-37  5.25207e-39   9.2598e-38  8.92288e-40  7.85674e-37  8.02764e-40 -2.50777e-36 -2.30457e-39  9.24271e-36 -8.08808e-40 -3.38291e-35  1.90048e-39  1.15422e-34 -5.30742e-39 -3.68817e-34   1.6062e-38  1.10307e-33 -3.89107e-38 -3.07997e-33  9.03951e-38  8.00403e-33  -1.9621e-37 -1.92901e-32  3.98123e-37  4.29325e-32 -7.52218e-37 -8.78008e-32  1.31983e-36  1.64018e-31 -2.14321e-36 -2.77885e-31   3.2083e-36  4.23318e-31 -4.40732e-36  -5.7369e-31  5.52646e-36  6.82506e-31 -6.28572e-36 -7.00671e-31  6.43616e-36  6.06721e-31 -5.87887e-36 -4.29144e-31  4.73646e-36  2.36045e-31 -3.31825e-36 -9.24033e-32  1.98417e-36  2.04934e-32 -9.87399e-37  3.26454e-34  3.94372e-37 -1.52424e-33 -1.19483e-37  3.08663e-34  2.48429e-38 -5.50485e-36 -2.81765e-39 -1.46421e-36
