  0.00179468   1.9362e-21   -0.0064715  2.37664e-20    0.0062585  2.07702e-20 -0.000829573 -1.14833e-19   -0.0015991  6.57264e-20  0.000331565  9.52713e-21  0.000317696  1.97133e-21 -4.37278e-05 -1.03916e-20 -3.67724e-05  8.48663e-22  1.03901e-06  2.66825e-22  8.33248e-07
  1.9362e-21    0.0101403 -4.30591e-20   -0.0191188  1.79617e-19    0.0111616 -7.06586e-21   0.00202803  -1.5568e-19  -0.00358427  -2.5297e-21 -0.000189376  6.60431e-20  0.000711615  2.01372e-20  3.53349e-05  -1.9527e-20 -6.84512e-05 -9.43301e-22 -4.04132e-06 -3.15811e-24
  -0.0064715 -4.30591e-20    0.0266884 -1.50948e-19   -0.0320907  3.03779e-19    0.0101409   7.9386e-20   0.00738572 -1.31793e-19  -0.00436476 -1.88661e-19  -0.00139048  1.17245e-19  0.000903983  5.15466e-20  0.000191907 -1.42511e-20 -7.17196e-05 -4.00246e-21 -7.26362e-06
 2.37664e-20   -0.0191188 -1.50948e-19    0.0440851 -2.18931e-19   -0.0370293  1.46551e-19   0.00328017  3.33874e-19    0.0120566 -1.49185e-20   -0.0033983 -4.17387e-19  -0.00264213  9.61494e-20  0.000790038  8.20578e-20  0.000333901  6.42838e-21 -4.68186e-05 -4.52125e-21
   0.0062585  1.79617e-19   -0.0320907 -2.18931e-19    0.0526596 -1.30232e-19   -0.0328449 -3.17807e-19  -0.00490304  6.46392e-19    0.0142178  2.29604e-19  -0.00144163 -5.76685e-19   -0.0034829 -3.09015e-20  0.000470946  9.77392e-20   0.00039525  2.90847e-20 -1.41721e-05
 2.07702e-20    0.0111616  3.03779e-19   -0.0370293 -1.30232e-19    0.0507484  1.09245e-19    -0.024872 -9.47739e-19   -0.0109635  8.53109e-19    0.0142666  6.21272e-19  0.000621795  -5.9309e-19  -0.00383064 -2.36279e-19   9.2702e-05  8.98149e-20  0.000356877  3.64254e-20
-0.000829573 -7.06586e-21    0.0101409  1.46551e-19   -0.0328449  1.09245e-19    0.0439433  4.38377e-19   -0.0179304 -1.66007e-18    -0.014471  8.17687e-19    0.0133094  1.13623e-18   0.00237942 -4.70685e-19  -0.00378598 -4.60076e-19 -0.000237657  5.60442e-20  0.000229683
-1.14833e-19   0.00202803   7.9386e-20   0.00328017 -3.17807e-19    -0.024872  4.38377e-19    0.0376088  8.67637e-19   -0.0133729 -2.43138e-18    -0.016408  4.91242e-19    0.0120795  1.72307e-18   0.00377021 -2.57063e-19  -0.00345602 -6.49438e-19 -0.000447769   5.8032e-21
  -0.0015991  -1.5568e-19   0.00738572  3.33874e-19  -0.00490304 -9.47739e-19   -0.0179304  8.67637e-19    0.0335155  1.43998e-18   -0.0106009 -3.20023e-18   -0.0176663 -7.55555e-20    0.0108566  2.37572e-18   0.00484621  1.53395e-20  -0.00289991 -7.47159e-19 -0.000463785
 6.57264e-20  -0.00358427 -1.31793e-19    0.0120566  6.46392e-19   -0.0109635 -1.66007e-18   -0.0133729  1.43998e-18    0.0312915  2.12962e-18  -0.00883117 -3.94797e-18   -0.0187289 -8.18106e-19   0.00968939  3.14869e-18   0.00565261  3.60413e-19  -0.00212986 -6.43568e-19
 0.000331565  -2.5297e-21  -0.00436476 -1.49185e-20    0.0142178  8.53109e-19    -0.014471 -2.43138e-18   -0.0106009  2.12962e-18    0.0302785  2.90724e-18  -0.00760473 -4.85068e-18   -0.0198393 -1.75088e-18    0.0085319  4.05372e-18   0.00617872  8.03032e-19  -0.00113166
 9.52713e-21 -0.000189376 -1.88661e-19   -0.0033983  2.29604e-19    0.0142666  8.17687e-19    -0.016408 -3.20023e-18  -0.00883117  2.90724e-18    0.0301173  3.89607e-18  -0.00669138 -6.23243e-18   -0.0211562 -3.00136e-18     0.007275  4.93864e-18   0.00628927  1.17256e-18
 0.000317696  6.60431e-20  -0.00139048 -4.17387e-19  -0.00144163  6.21272e-19    0.0133094  4.91242e-19   -0.0176663 -3.94797e-18  -0.00760473  3.89607e-18    0.0306992  5.37663e-18  -0.00595655 -8.34988e-18   -0.0228285 -4.83038e-18     0.005709  5.41932e-18   0.00538837
 1.97133e-21  0.000711615  1.17245e-19  -0.00264213 -5.76685e-19  0.000621795  1.13623e-18    0.0120795 -7.55555e-20   -0.0187289 -4.85068e-18  -0.00669138  5.37663e-18    0.0320722  7.66075e-18  -0.00528793 -1.12704e-17   -0.0250372 -7.54161e-18   0.00332575  4.55275e-18
-4.37278e-05  2.01372e-20  0.000903983  9.61494e-20   -0.0034829  -5.9309e-19   0.00237942  1.72307e-18    0.0108566 -8.18106e-19   -0.0198393 -6.23243e-18  -0.00595655  7.66075e-18    0.0344326  1.10809e-17  -0.00453351 -1.50141e-17   -0.0280724 -1.11011e-17 -0.000801602
-1.03916e-20  3.53349e-05  5.15466e-20  0.000790038 -3.09015e-20  -0.00383064 -4.70685e-19   0.00377021  2.37572e-18   0.00968939 -1.75088e-18   -0.0211562 -8.34988e-18  -0.00528793  1.10809e-17    0.0382084  1.61874e-17  -0.00341012 -1.96713e-17   -0.0319884 -1.37088e-17
-3.67724e-05  -1.9527e-20  0.000191907  8.20578e-20  0.000470946 -2.36279e-19  -0.00378598 -2.57063e-19   0.00484621  3.14869e-18    0.0085319 -3.00136e-18   -0.0228285 -1.12704e-17  -0.00453351  1.61874e-17    0.0442543  2.37734e-17 -0.000908469 -2.34576e-17   -0.0307952
 8.48663e-22 -6.84512e-05 -1.42511e-20  0.000333901  9.77392e-20   9.2702e-05 -4.60076e-19  -0.00345602  1.53395e-20   0.00565261  4.05372e-18     0.007275 -4.83038e-18   -0.0250372 -1.50141e-17  -0.00341012  2.37734e-17    0.0547671  3.42989e-17    0.0105189 -1.75018e-17
 1.03901e-06 -9.43301e-22 -7.17196e-05  6.42838e-21   0.00039525  8.98149e-20 -0.000237657 -6.49438e-19  -0.00289991  3.60413e-19   0.00617872  4.93864e-18     0.005709 -7.54161e-18   -0.0280724 -1.96713e-17 -0.000908469  3.42989e-17    0.0791455  4.91581e-17    0.0458018
 2.66825e-22 -4.04132e-06 -4.00246e-21 -4.68186e-05  2.90847e-20  0.000356877  5.60442e-20 -0.000447769 -7.47159e-19  -0.00212986  8.03032e-19   0.00628927  5.41932e-18   0.00332575 -1.11011e-17   -0.0319884 -2.34576e-17    0.0105189  4.91581e-17     0.135641  6.11533e-17
 8.33248e-07 -3.15811e-24 -7.26362e-06 -4.52125e-21 -1.41721e-05  3.64254e-20  0.000229683   5.8032e-21 -0.000463785 -6.43568e-19  -0.00113166  1.17256e-18   0.00538837  4.55275e-18 -0.000801602 -1.37088e-17   -0.0307952 -1.75018e-17    0.0458018  6.11533e-17     0.157909
