 1.58306e-33 -1.50686e-36 -8.33736e-34 -7.94096e-37 -3.78561e-34 -8.08384e-36  6.25873e-34 -1.70509e-37  6.27838e-35  -4.5183e-36 -3.08609e-34 -3.88826e-36  3.87823e-35 -7.00947e-36 -3.78309e-36  2.99825e-36 -6.50719e-35 -3.25797e-36 -9.91254e-36  1.47564e-37 -3.20348e-36  3.81184e-37 -9.30835e-35 -1.74045e-38  6.83679e-34  4.00516e-38 -3.89474e-33 -5.08711e-38  1.96516e-32  1.13864e-37 -8.86832e-32  -5.0739e-38  3.58571e-31  2.83046e-38 -1.30087e-30  1.79874e-39  4.23753e-30   -4.458e-38  -1.2393e-29  1.45295e-37  3.25117e-29  -5.3514e-37 -7.63701e-29  1.84472e-36   1.6018e-28 -5.89672e-36 -2.98761e-28  1.74783e-35  4.92688e-28 -4.80619e-35 -7.12606e-28  1.22658e-34   8.9355e-28 -2.90568e-34 -9.54528e-28  6.38912e-34  8.44142e-28 -1.30364e-33  -5.8531e-28  2.46713e-33  2.77374e-28 -4.32738e-33 -3.96669e-29   7.0281e-33 -6.47859e-29 -1.05556e-32   6.0039e-29  1.46379e-32 -1.77355e-29  -1.8705e-32 -7.99576e-30  2.19715e-32   8.7435e-30 -2.36501e-32 -1.45244e-30  2.32361e-32 -1.64099e-30 -2.07298e-32  7.89038e-31  1.66748e-32  1.69231e-31 -1.19718e-32 -1.83327e-31  7.55207e-33 -6.92078e-33  -4.0726e-33  3.07524e-32  1.77191e-33 -4.97717e-34 -5.21133e-34 -4.14589e-33  -2.1407e-36 -3.46672e-36  1.32713e-34  4.56505e-34 -1.10476e-34  2.58723e-35  6.04297e-35 -3.62222e-35  -2.5341e-35 -5.30671e-36   8.4396e-36  1.72356e-36 -2.23404e-36  5.02663e-37   4.6182e-37 -3.25277e-38 -7.21081e-38 -1.83608e-38  8.07101e-39 -2.03758e-39 -5.82795e-40  3.68444e-40  7.75067e-42  5.18207e-41  8.76644e-42  1.49305e-42 -2.51765e-42 -3.24508e-43   3.6529e-43 -3.70953e-44 -2.49138e-44 -6.35646e-47   4.4206e-46  1.96492e-47  9.89112e-48
-1.50686e-36  3.77421e-33 -6.81484e-36 -1.03868e-33 -9.26212e-37 -7.87788e-34 -2.03739e-35  8.65629e-34  4.21628e-36  8.22347e-35 -1.08504e-35 -3.88284e-34 -5.40185e-36 -3.76551e-35 -1.74985e-35  7.26404e-35  7.56096e-36 -9.19763e-35 -5.18257e-36 -1.11125e-34 -7.68159e-37  5.38124e-34  8.52928e-37 -3.99693e-33  1.29244e-38  2.43028e-32  -2.9412e-38 -1.30143e-31 -1.46238e-37  6.21859e-31  2.99484e-37  -2.6598e-30 -1.19975e-37  1.02022e-29  5.82018e-38 -3.51309e-29  1.18222e-37  1.08636e-28 -5.79654e-37 -3.01538e-28  2.20454e-36  7.50274e-28 -7.93512e-36 -1.66965e-27  2.64952e-35  3.31192e-27  -8.2006e-35 -5.82758e-27  2.35437e-34  9.03454e-27 -6.27272e-34 -1.22226e-26  1.55137e-33  1.42281e-26 -3.56195e-33 -1.39417e-26  7.59127e-33  1.10668e-26 -1.50124e-32 -6.55975e-27   2.7533e-32  2.21806e-27  -4.6794e-32  4.37962e-28  7.36236e-32  -1.1005e-27 -1.07097e-31  6.07081e-28  1.43804e-31 -2.35463e-29 -1.77887e-31 -1.63353e-28  2.02227e-31  7.85964e-29 -2.10639e-31  1.21326e-29  2.00251e-31  -2.2415e-29 -1.72893e-31  2.99945e-30  1.34659e-31  3.97889e-30 -9.37199e-32 -1.16941e-30  5.74552e-32   -5.622e-31 -3.02843e-32  2.23359e-31  1.30779e-32  7.32228e-32 -4.05728e-33 -2.89708e-32  3.65723e-34 -9.31805e-33  5.96087e-34  2.56698e-33 -5.37771e-34  1.01709e-33  2.89178e-34 -1.15006e-34 -1.15898e-34  -8.2107e-35  3.62251e-35 -2.00889e-36 -8.83487e-36  3.93569e-36  1.64414e-36  4.94379e-37 -2.24545e-37 -6.18107e-38  2.17254e-38 -2.28647e-38 -1.61174e-39 -6.39593e-40  1.11365e-40  2.23287e-40  6.03242e-42  2.89648e-41  -5.0558e-42  5.29713e-43  8.00308e-43 -1.01935e-43 -4.75725e-44 -3.46444e-45  5.69264e-46 -1.97732e-47
-8.33736e-34 -6.81484e-36   4.9178e-33 -1.60539e-35 -7.90856e-34  4.81324e-36 -7.48952e-34 -3.04839e-35  7.51702e-34  2.09158e-35  2.21292e-34  -1.8805e-35 -3.19079e-34 -3.66646e-36 -1.91001e-34 -3.01163e-35  1.82759e-34   1.4644e-35  1.73963e-34   -4.432e-36 -2.29151e-33 -3.10583e-36  1.60461e-32  1.45818e-36  -1.0344e-31  2.46294e-37  5.88154e-31 -1.95248e-37 -2.97799e-30 -2.56696e-37  1.34801e-29  5.46962e-37 -5.46795e-29 -1.46627e-37  1.99047e-28 -1.59602e-37 -6.50718e-28  1.46251e-36  1.91031e-27 -6.09295e-36 -5.03163e-27  2.29551e-35  1.18697e-26  -8.0155e-35 -2.50086e-26   2.5938e-34  4.68699e-26 -7.78278e-34 -7.76925e-26  2.16668e-33  1.12996e-25 -5.59862e-33 -1.42544e-25  1.34301e-32  1.53288e-25 -2.99076e-32 -1.36592e-25  6.18152e-32  9.55891e-26 -1.18534e-31 -4.59257e-26  2.10743e-31  6.98784e-27 -3.47111e-31  1.05195e-26  5.29083e-31 -1.00242e-26 -7.45327e-31  3.07525e-27  9.68797e-31  1.29048e-27 -1.15964e-30 -1.48746e-27  1.27519e-30  2.68159e-28 -1.28435e-30  2.75421e-28   1.1804e-30  -1.3983e-28 -9.85152e-31  -2.7007e-29  7.41844e-31  3.24142e-29 -4.99509e-31  6.73844e-31  2.96732e-31 -5.45947e-30 -1.52123e-31  1.77254e-31  6.45238e-32  7.46916e-31 -2.03677e-32 -1.25985e-32  2.81931e-33 -8.33066e-32  1.80523e-33 -3.59025e-33  -1.8101e-33  6.85289e-33  9.55159e-34  9.11544e-34  -3.6443e-34 -3.50711e-34  1.06266e-34 -8.82267e-35 -2.36325e-35  6.07158e-36  3.87959e-36  3.91157e-36 -4.44794e-37  2.89559e-37  3.53906e-38 -6.65191e-38 -3.16822e-39 -1.07776e-38  4.67618e-40  -2.3681e-40 -2.66311e-41   7.9591e-41 -6.58701e-42  6.22698e-42  1.17592e-42   3.9441e-44 -5.70506e-44 -4.38164e-45  3.88384e-46
-7.94096e-37 -1.03868e-33 -1.60539e-35  5.33834e-33 -2.21929e-35  -4.3556e-34  2.30758e-35  -7.3085e-34 -3.22434e-35  4.58895e-34  5.66131e-35  6.14396e-34 -2.90543e-35 -1.78135e-34  1.28298e-36 -2.80375e-34 -4.16961e-35 -3.86196e-34  2.31498e-35  6.51748e-33   2.2035e-37 -5.09343e-32  -6.4477e-36  3.46652e-31  2.12736e-36 -2.09368e-30   7.8822e-37  1.12414e-29 -3.27155e-37 -5.38822e-29  -3.6194e-37   2.3121e-28  7.40127e-37 -8.89879e-28  3.51921e-37  3.07534e-27 -2.72414e-36 -9.54627e-27  1.28873e-35  2.66044e-26 -5.11551e-35 -6.64793e-26  1.87311e-34  1.48615e-25  -6.3491e-34 -2.96221e-25   1.9946e-33  5.23921e-25 -5.81142e-33 -8.16754e-25  1.57112e-32  1.11162e-24 -3.94244e-32 -1.30256e-24  9.18305e-32   1.2858e-24 -1.98532e-31 -1.02956e-24  3.98264e-31  6.17285e-25 -7.40961e-31 -2.13507e-25  1.27764e-30 -3.80612e-26 -2.03997e-30  1.03875e-25  3.01274e-30 -5.88829e-26  -4.1099e-30   3.1309e-27  5.17037e-30  1.55978e-26 -5.98653e-30 -7.83451e-27  6.36432e-30 -1.04857e-27  -6.1941e-30  2.21265e-27  5.49872e-30 -3.34484e-28 -4.43158e-30 -3.89906e-28  3.22226e-30  1.24265e-28  -2.0956e-30  5.46311e-29  1.20352e-30 -2.37638e-29  -5.9792e-31 -7.12561e-30  2.47332e-31  3.14449e-30 -7.78075e-32  9.19132e-31  1.27367e-32 -2.86362e-31   4.2597e-33 -1.04443e-31 -4.87847e-33  1.42057e-32  2.51766e-33  8.74919e-33 -9.10305e-34   7.5472e-35  2.45964e-34 -4.31506e-34 -4.92304e-35 -5.27957e-35   6.9116e-36   8.3941e-36 -6.11302e-37  2.39912e-36  3.48044e-38  6.89264e-38 -5.37631e-39 -2.81262e-38  1.23092e-39 -3.25719e-39 -9.67726e-41 -2.95279e-41 -6.46909e-42  1.11572e-41   1.2981e-42  4.32617e-43 -4.59422e-44  1.90982e-45
-3.78561e-34 -9.26212e-37 -7.90856e-34 -2.21929e-35  6.12632e-33 -1.31596e-35 -2.22412e-34  5.19566e-35 -1.10873e-33 -2.89025e-35   1.3904e-34  1.08926e-34  1.21492e-33  -4.3898e-35 -2.10899e-34  1.00147e-35  1.25485e-33 -4.96801e-35 -1.56118e-32  3.04325e-35  1.33277e-31   8.6611e-36   -9.693e-31 -9.55088e-36    6.223e-30  2.67916e-36 -3.54617e-29  1.56829e-36  1.80102e-28 -2.44074e-37 -8.17901e-28 -3.73955e-37  3.32904e-27  2.20649e-37 -1.21625e-26  4.54742e-36  3.99136e-26 -2.16672e-35  -1.1765e-25  9.20235e-35  3.11215e-25 -3.54507e-34 -7.37516e-25  1.26309e-33  1.56144e-24 -4.16697e-33 -2.94155e-24  1.27409e-32  4.90307e-24 -3.61273e-32 -7.17384e-24  9.50385e-32  9.10901e-24 -2.31995e-31 -9.86682e-24  5.25502e-31  8.86555e-24 -1.10436e-30 -6.26822e-24  2.15245e-30  3.05868e-24 -3.88863e-30 -4.98512e-25  6.50704e-30 -6.82324e-25 -1.00759e-29  6.72053e-25  1.44213e-29 -2.15135e-25 -1.90518e-29 -8.27123e-26  2.31934e-29  1.01633e-25 -2.59678e-29 -2.00051e-26  2.66761e-29 -1.84707e-26 -2.50712e-29  9.98139e-27  2.14803e-29  1.68823e-27 -1.67006e-29 -2.30365e-27  1.17117e-29 -3.31565e-30 -7.34622e-30  3.89373e-28  4.07115e-30 -2.02119e-29 -1.95458e-30 -5.39081e-29  7.84502e-31  1.96366e-30  -2.4274e-31  6.12406e-30  4.27271e-32  1.61328e-31   8.3379e-33 -5.22086e-31 -1.11958e-32 -6.04298e-32  5.62262e-33  2.80345e-32 -1.91696e-33  6.42472e-33  4.76362e-34 -5.58747e-34  -8.4382e-35 -3.08807e-34  9.61572e-36 -1.83325e-35 -5.13358e-37  5.40698e-36  5.43061e-39  8.60494e-37 -8.60656e-39  1.07161e-38  2.38607e-39 -6.80209e-39 -1.82962e-40 -4.76081e-40 -5.22458e-42 -2.75209e-42  1.08733e-42  4.09706e-43  -2.2341e-44
-8.08384e-36 -7.87788e-34  4.81324e-36  -4.3556e-34 -1.31596e-35   7.6115e-33  1.88181e-35 -2.51938e-34  7.47008e-35 -1.76394e-33 -3.04822e-35 -1.23177e-34  1.65002e-34  2.01758e-33 -6.47825e-35 -3.32405e-33  2.43154e-35  3.32953e-32 -5.31501e-35 -2.99371e-31  3.33661e-35   2.3309e-30  1.94616e-35 -1.59396e-29 -1.08549e-35  9.64979e-29  2.89752e-36  -5.1969e-28  2.34762e-36  2.49909e-27  7.24651e-38 -1.07606e-26  3.89249e-37  4.15662e-26 -4.71526e-36 -1.44202e-25  3.01361e-35  4.49446e-25 -1.34247e-34 -1.25796e-24  5.49785e-34  3.15782e-24 -2.07112e-33 -7.09371e-24  7.21514e-33  1.42127e-23 -2.32655e-32 -2.52776e-23  6.94962e-32  3.96418e-23 -1.92408e-31 -5.43041e-23  4.93915e-31   6.4088e-23 -1.17574e-30 -6.37749e-23  2.59526e-30  5.15555e-23 -5.31085e-30  -3.1307e-23  1.00712e-29  1.11086e-23 -1.76881e-29  1.73268e-24  2.87487e-29 -5.26996e-24 -4.31987e-29  3.08165e-24  5.99414e-29 -2.15058e-25 -7.66968e-29  -7.9964e-25   9.0345e-29  4.21783e-25 -9.77824e-29   4.6672e-26  9.70152e-29 -1.17588e-25 -8.79884e-29   2.0148e-26  7.26961e-29  2.04938e-26 -5.44722e-29 -7.14175e-27  3.68017e-29 -2.83424e-27 -2.22358e-29  1.36735e-27  1.18722e-29  3.68295e-28 -5.49616e-30 -1.84147e-28  2.13241e-30 -4.83899e-29 -6.43218e-31  1.73327e-29  1.16111e-31    5.725e-30  1.41132e-32 -9.40257e-31 -2.26405e-32 -4.99944e-31  1.09943e-32  3.87335e-33 -3.51631e-33  2.59961e-32  7.97164e-34  2.85591e-33 -1.22244e-34 -5.64704e-34  1.02026e-35 -1.41207e-34  4.56551e-38 -3.06043e-36 -5.55632e-38  1.85989e-36 -1.31631e-38  1.93213e-37    3.634e-39  6.21871e-40 -2.42125e-40 -7.25624e-40  -3.8046e-42 -2.73685e-41  6.58753e-43 -8.54936e-44
 6.25873e-34 -2.03739e-35 -7.48952e-34  2.30758e-35 -2.22412e-34  1.88181e-35  9.49312e-33  6.97948e-35 -5.39778e-34  6.88408e-35 -2.31884e-33 -4.33116e-35 -6.19623e-34  2.09409e-34  7.48882e-33 -8.99092e-35 -6.18001e-32  4.55123e-35  5.90663e-31 -5.29589e-35 -4.91765e-30  2.97921e-35  3.58791e-29  3.04739e-35 -2.31045e-28  -9.1385e-36  1.32062e-27    2.759e-36 -6.72905e-27  2.87956e-36  3.06645e-26  7.71842e-38 -1.25267e-25  5.03546e-36  4.59426e-25 -3.03237e-35 -1.51386e-24   1.5493e-34  4.48162e-24 -6.80816e-34 -1.19095e-23  2.75214e-33   2.8361e-23 -1.02429e-32 -6.03571e-23  3.51865e-32  1.14337e-22  -1.1169e-31 -1.91721e-22  3.27894e-31  2.82327e-22 -8.90876e-31 -3.61023e-22  2.24105e-30  3.94146e-22 -5.22071e-30 -3.57379e-22   1.1263e-29   2.5555e-22 -2.24976e-29 -1.26876e-22  4.15921e-29  2.22662e-23 -7.11247e-29  2.73533e-23  1.12415e-28 -2.80095e-23 -1.64059e-28  9.39788e-24  2.20815e-28  3.25097e-24 -2.73719e-28 -4.31717e-24  3.11974e-28  9.32323e-25 -3.26315e-28  7.65472e-25  3.12526e-28 -4.44158e-25 -2.73335e-28 -6.33492e-26  2.17581e-28  1.01851e-25 -1.56973e-28 -2.09348e-27  1.02058e-28 -1.72528e-26 -5.93276e-29  1.28529e-27  3.04774e-29  2.41444e-27 -1.35812e-29 -1.41997e-28  5.07922e-30 -2.80066e-28 -1.48423e-30 -1.81191e-30  2.67284e-31  2.47188e-29  2.14688e-32   2.4019e-30 -4.12105e-32 -1.39659e-30  1.92111e-32 -2.89484e-31 -5.73567e-33   3.2356e-32  1.17646e-33  1.49522e-32 -1.51581e-34  7.08769e-34  7.03835e-36 -2.83357e-34  1.10488e-36 -4.16658e-35 -1.32639e-37 -1.26675e-37 -1.86585e-38  3.58941e-37  4.48543e-39  2.32432e-38  -2.4023e-40  5.84046e-41 -2.68824e-42 -2.29222e-41  2.48213e-43
-1.70509e-37  8.65629e-34 -3.04839e-35  -7.3085e-34  5.19566e-35 -2.51938e-34  6.97948e-35  1.12992e-32  1.25657e-34 -1.05082e-33  2.50935e-35 -2.02514e-33 -6.38224e-35 -8.32161e-33  2.33668e-34  1.01565e-31 -1.14738e-34 -1.03299e-30  7.26842e-35  9.22536e-30 -5.10512e-35 -7.19199e-29  1.95879e-35  4.93301e-28   3.9554e-35 -2.99571e-27 -4.04053e-36  1.61863e-26  2.65829e-36 -7.81067e-26  2.94815e-36  3.37546e-25 -1.11619e-36 -1.30893e-24   1.9841e-35  4.55958e-24 -1.17286e-34  -1.4273e-23  6.01064e-34  4.01329e-23 -2.72044e-33 -1.01237e-22  1.11973e-32  2.28604e-22  -4.2092e-32 -4.60572e-22  1.45053e-31  8.24023e-22 -4.59398e-31  -1.3006e-21  1.33973e-30  1.79414e-21 -3.60263e-30  -2.1338e-21  8.94172e-30  2.14204e-21 -2.04972e-29 -1.74979e-21  4.34089e-29  1.07759e-21 -8.49353e-29 -3.93326e-22  1.53507e-28 -5.14548e-23 -2.56149e-28  1.80894e-22   3.9435e-28 -1.09561e-22 -5.59621e-28  9.71096e-24  7.31195e-28  2.76961e-23 -8.78434e-28 -1.54373e-23  9.68794e-28 -1.31097e-24 -9.79042e-28  4.23409e-24  9.04663e-28 -8.24071e-25 -7.62401e-28 -7.26621e-25  5.84166e-28  2.79299e-25 -4.05334e-28  9.85427e-26  2.53326e-28 -5.35072e-26 -1.41522e-28 -1.26837e-26  6.98676e-29  7.32928e-27 -2.99276e-29  1.70205e-27  1.07663e-29 -7.14137e-28 -3.03413e-30 -2.10596e-28  5.35538e-31  4.19643e-29  3.06084e-32  1.93241e-29 -6.84343e-32  -5.2513e-31  3.04043e-32  -1.0647e-30  -8.4382e-33 -1.01352e-31  1.55342e-33  2.54748e-32 -1.61207e-34  5.67252e-33 -3.21613e-37  6.29579e-35   2.4657e-36 -8.25104e-35 -1.97437e-37 -7.76614e-36 -2.37538e-38  2.84182e-38  4.55026e-39  3.27632e-38 -1.79645e-40  1.14302e-39  -1.7705e-42  2.18736e-42
 6.27838e-35  4.21628e-36  7.51702e-34 -3.22434e-35 -1.10873e-33  7.47008e-35 -5.39778e-34  1.25657e-34  1.26073e-32  1.70039e-34 -2.26334e-33 -4.29366e-35  8.38867e-33 -8.13862e-35 -1.44003e-31  2.39216e-34  1.61634e-30 -1.35076e-34 -1.55249e-29  1.02606e-34  1.29592e-28 -4.94945e-35  -9.4822e-28  4.86085e-36  6.12517e-27  4.50461e-35 -3.51259e-26  3.63572e-36  1.79602e-25  4.09571e-36 -8.21458e-25 -1.04065e-36  3.36878e-24  1.04366e-35  -1.2406e-23  -3.0066e-36  4.10575e-23 -1.42625e-34 -1.22107e-22  1.21988e-33  3.26082e-22 -6.98834e-33 -7.80571e-22  3.28228e-32  1.67043e-21 -1.33631e-31 -3.18324e-21  4.83646e-31  5.37187e-21 -1.57727e-30  -7.9656e-21   4.6727e-30  1.02637e-20 -1.26406e-29 -1.13011e-20  3.13319e-29  1.03486e-20 -7.13203e-29 -7.49202e-21  1.49303e-28  3.79124e-21 -2.87678e-28 -7.19143e-22  5.10357e-28 -7.83063e-22 -8.33557e-28  8.39193e-22  1.25287e-27 -2.96366e-22 -1.73169e-27 -9.02722e-23  2.19884e-27  1.31816e-22  -2.5617e-27 -3.13521e-23  2.73421e-27 -2.26384e-23 -2.66902e-27   1.4243e-23  2.37806e-27  1.61963e-24 -1.92945e-27 -3.23811e-24  1.42151e-27  1.47056e-25 -9.47521e-28  5.48731e-25  5.68569e-28 -5.51922e-26 -3.04914e-28 -7.75568e-26  1.44516e-28  6.57396e-27 -5.94413e-29  9.19672e-27  2.05386e-29 -1.52256e-28 -5.56437e-30 -8.41144e-28  9.51253e-31 -6.46539e-29   4.2592e-32  5.01587e-29 -1.04524e-31  9.25743e-30  4.39768e-32 -1.33096e-30 -1.13114e-32 -5.18948e-31  1.85599e-33 -1.78062e-32 -1.45533e-34  1.07679e-32 -1.05859e-35  1.43316e-33  3.74983e-36 -1.09175e-35 -2.23877e-37 -1.36988e-35 -2.67039e-38 -8.12379e-37  3.80307e-39    1.626e-39 -9.67705e-41  9.12173e-40 -8.79578e-43
 -4.5183e-36  8.22347e-35  2.09158e-35  4.58895e-34 -2.89025e-35 -1.76394e-33  6.88408e-35 -1.05082e-33  1.70039e-34  1.38084e-32  1.91866e-34 -1.49928e-32 -1.07992e-34  1.84711e-31 -8.52069e-35 -2.27414e-30  2.33399e-34  2.35922e-29 -1.49893e-34 -2.11339e-28  1.31209e-34  1.65248e-27 -4.97683e-35 -1.13698e-26 -1.08135e-35  6.92742e-26  4.61865e-35 -3.75604e-25  1.07207e-35  1.81915e-24  1.69254e-35  -7.8923e-24 -5.22941e-35  3.07308e-23  2.21809e-34 -1.07516e-22 -7.89999e-34  3.38119e-22  2.40756e-33 -9.55398e-22 -5.65183e-33  2.42262e-21  6.54479e-33 -5.50097e-21  2.56406e-32  1.11488e-20 -2.29987e-31 -2.00742e-20  1.10217e-30   3.1903e-20 -4.13678e-30 -4.43412e-20  1.32516e-29  5.31763e-20 -3.74717e-29 -5.38898e-20     9.51e-29  4.45244e-20 -2.18634e-28 -2.78449e-20  4.57823e-28   1.0482e-20 -8.76105e-28  1.08031e-21  1.53507e-27 -4.64514e-21 -2.46512e-27  2.92639e-21  3.62913e-27 -3.21091e-22 -4.89682e-27 -7.16254e-22  6.05168e-27  4.24715e-22 -6.84299e-27  2.40984e-23  7.07062e-27  -1.1419e-22 -6.66562e-27  2.52822e-23  5.72302e-27  1.91911e-23 -4.46606e-27 -8.21385e-24  3.15989e-27 -2.52929e-24 -2.02066e-27  1.57357e-24  1.16267e-27  3.19749e-25 -5.97879e-28 -2.19157e-25  2.71804e-28 -4.39324e-26  -1.0727e-28  2.21086e-26  3.55652e-29  5.73334e-27  -9.2429e-30 -1.39883e-27  1.51813e-30 -5.57491e-28  5.91462e-32  2.81427e-29 -1.47463e-31  3.26947e-29  5.84776e-32  2.58556e-30 -1.39228e-32 -8.60822e-31  2.02645e-33 -1.70268e-31 -1.07811e-34  3.40159e-34 -2.11312e-35  2.74094e-33  4.57297e-36  2.32636e-34 -2.02534e-37  -2.9008e-36 -2.63415e-38 -1.11314e-36  2.59643e-39 -3.54238e-38 -3.23893e-41 -1.87989e-41
-3.08609e-34 -1.08504e-35  2.21292e-34  5.66131e-35   1.3904e-34 -3.04822e-35 -2.31884e-33  2.50935e-35 -2.26334e-33  1.91866e-34  2.65534e-32  1.88991e-34 -2.20752e-31 -1.47852e-34  2.89537e-30  -6.8992e-35 -3.25268e-29  2.23691e-34  3.13498e-28 -1.61458e-34 -2.62468e-27  1.55101e-34  1.92648e-26  -5.2374e-35 -1.24855e-25 -2.39959e-35  7.18507e-25  4.51676e-35 -3.68736e-24  8.04957e-37   1.6931e-23  1.17475e-34 -6.97207e-23 -5.08246e-34  2.57881e-22   2.1674e-33 -8.57409e-22  -8.3207e-33  2.56253e-21  2.86759e-32 -6.87887e-21 -8.76618e-32  1.65582e-20  2.32702e-31 -3.56455e-20 -5.10497e-31  6.83602e-20  7.92204e-31 -1.16153e-19 -1.19281e-31  1.73522e-19 -5.13996e-30 -2.25419e-19  2.55118e-29  2.50492e-19 -8.63733e-29 -2.31844e-19  2.39973e-28  1.70121e-19 -5.78564e-28 -8.78976e-20  1.24002e-27  1.80657e-20 -2.39187e-27  1.72188e-20  4.18044e-27 -1.94631e-20 -6.64554e-27  7.26326e-21  9.62787e-27  1.89595e-21 -1.27228e-26 -3.11449e-21  1.53353e-26  8.18397e-22 -1.68508e-26  5.13502e-22  1.68635e-26  -3.5429e-22 -1.53506e-26 -2.92134e-23  1.26917e-26  7.96682e-23 -9.51511e-27 -5.85016e-24  6.45607e-27 -1.34768e-23 -3.95457e-27  1.76215e-24  2.17871e-27  1.92174e-24 -1.07308e-27 -2.21168e-25  4.67581e-28 -2.33147e-25 -1.76987e-28  1.00708e-26  5.62788e-29  2.21375e-26 -1.40115e-29  1.20346e-27  2.19951e-30 -1.39637e-27  8.12293e-32 -2.24988e-28 -1.92431e-31    4.191e-29  7.17526e-32  1.38991e-29 -1.58328e-32  2.66171e-31  2.04217e-33  -3.1736e-31  -5.8865e-35 -3.77647e-32 -2.91699e-35  7.82426e-34  4.72505e-36  4.06055e-34 -1.44875e-37  2.17276e-35 -2.27086e-38 -1.69403e-37   1.4149e-39 -2.81039e-38 -3.27824e-42
-3.88826e-36 -3.88284e-34  -1.8805e-35  6.14396e-34  1.08926e-34 -1.23177e-34 -4.33116e-35 -2.02514e-33 -4.29366e-35 -1.49928e-32  1.88991e-34    2.422e-31  1.68028e-34 -3.34939e-30 -1.57376e-34  4.08256e-29 -3.17624e-35 -4.24568e-28  2.14495e-34  3.81457e-27 -1.72893e-34   -2.992e-26  1.72082e-34  2.06544e-25 -5.63206e-35 -1.26284e-24 -3.49966e-35  6.87248e-24  6.11395e-35 -3.34156e-23 -1.31379e-34  1.45572e-22  8.27949e-34 -5.69308e-22 -3.76799e-33  2.00107e-21  1.59055e-32 -6.32398e-21 -6.10761e-32  1.79627e-20  2.13029e-31  -4.5802e-20 -6.72704e-31  1.04619e-19  1.91201e-30 -2.13379e-19 -4.83896e-30  3.86827e-19  1.06779e-29 -6.19317e-19 -1.95977e-29  8.67737e-19   2.5918e-29    -1.05e-18 -6.29914e-30  1.07501e-18 -1.02901e-28 -8.99183e-19  4.39192e-28  5.71813e-19 -1.24806e-27 -2.22531e-19  2.89106e-27 -1.62437e-20 -5.78873e-27  9.44157e-20  1.02687e-26 -6.21517e-20 -1.63355e-26  8.26986e-21  2.34535e-26  1.46244e-20 -3.04915e-26 -9.29391e-21  3.59497e-26 -2.43254e-22  -3.8451e-26  2.43976e-21  3.72954e-26 -6.15287e-22 -3.27782e-26 -3.98788e-22  2.60763e-26  1.92112e-22 -1.87564e-26  5.04166e-23  1.21833e-26 -3.67795e-23 -7.13522e-27 -6.17382e-24  3.75781e-27   5.2064e-24 -1.77066e-27  8.71584e-25  7.39117e-28 -5.43652e-25 -2.68305e-28 -1.21631e-25  8.18214e-29  3.68698e-26 -1.95013e-29  1.26689e-26  2.91705e-30 -9.98297e-28  1.06777e-31 -7.95678e-28 -2.32058e-31 -4.87523e-29  8.14072e-32  2.30648e-29 -1.67261e-32  4.02432e-30   1.9212e-33 -7.26655e-32 -1.20031e-35 -7.22762e-32 -3.29554e-35 -5.45974e-33  4.24577e-36  1.30651e-34 -7.56191e-38  3.00505e-35 -1.69448e-38  8.62417e-37  5.85312e-40 -1.07249e-39
 3.87823e-35 -5.40185e-36 -3.19079e-34 -2.90543e-35  1.21492e-33  1.65002e-34 -6.19623e-34 -6.38224e-35  8.38867e-33 -1.07992e-34 -2.20752e-31  1.68028e-34  3.52281e-30  1.41351e-34 -4.67556e-29  -1.4717e-34   5.2634e-28  2.31773e-35 -5.08775e-27  2.07157e-34  4.27293e-26 -1.85273e-34 -3.14668e-25  1.80539e-34  2.04651e-24 -5.68174e-35 -1.18208e-23 -6.32641e-35  6.09017e-23   2.1441e-34 -2.80799e-22 -1.02403e-33  1.16139e-21  5.25852e-33 -4.31569e-21 -2.37058e-32  1.44197e-20  9.80101e-32 -4.33215e-20 -3.70083e-31   1.1694e-19  1.27584e-30 -2.83159e-19 -4.01116e-30  6.13431e-19  1.14736e-29 -1.18443e-18 -2.97328e-29   2.0273e-18  6.92838e-29  -3.0528e-18 -1.43219e-28  4.00079e-18  2.55655e-28  -4.4899e-18 -3.69551e-28  4.20387e-18  3.43244e-28 -3.12995e-18  1.62256e-28  1.65398e-18  -1.7713e-27 -3.68847e-19  5.39895e-27 -3.03671e-19 -1.20707e-26  3.65425e-19  2.24975e-26  -1.4464e-19 -3.64905e-26 -3.12015e-20  5.24894e-26  5.95359e-20 -6.75841e-26 -1.73295e-20  7.82552e-26 -9.31736e-21  -8.1658e-26   7.1464e-21  7.68415e-26  3.49083e-22 -6.52016e-26 -1.58521e-21  4.98648e-26   1.6649e-22 -3.43565e-26  2.66966e-22  2.13197e-26 -4.42872e-23 -1.19117e-26 -3.83508e-23  5.98562e-27  5.78728e-24 -2.69512e-27  4.76384e-24  1.07743e-27  -3.5391e-25  -3.7522e-28 -4.70669e-25  1.09772e-28 -1.37273e-26 -2.50383e-29  3.14701e-26  3.56502e-30  4.30815e-27  1.29058e-31 -1.05853e-27 -2.57815e-31 -2.99748e-28  8.54745e-32 -3.74831e-31 -1.65082e-32  7.57223e-30  1.71039e-33   7.9419e-31  2.27369e-35  -2.9836e-32 -3.23119e-35 -9.75104e-33  3.36526e-36 -4.62604e-34 -1.91088e-38  7.13116e-36 -1.06802e-38  7.02261e-37  1.61209e-40
-7.00947e-36 -3.76551e-35 -3.66646e-36 -1.78135e-34  -4.3898e-35  2.01758e-33  2.09409e-34 -8.32161e-33 -8.13862e-35  1.84711e-31 -1.47852e-34 -3.34939e-30  1.41351e-34  4.89183e-29  1.22281e-34 -5.98363e-28 -1.33786e-34  6.24087e-27  8.90479e-35 -5.62474e-26  2.01481e-34  4.42647e-25 -1.96047e-34 -3.06642e-24  1.77106e-34  1.88182e-23 -3.24381e-35 -1.02812e-22 -2.27698e-34  5.01971e-22  1.17404e-33 -2.19641e-21 -6.13535e-33  8.62981e-21  2.97867e-32 -3.04828e-20 -1.31267e-31  9.68396e-20  5.29707e-31 -2.76596e-19 -1.95618e-30  7.09456e-19   6.6124e-30 -1.63076e-18 -2.04529e-29  3.34863e-18  5.78299e-29 -6.11495e-18  -1.4916e-28  9.86762e-18  3.49681e-28 -1.39456e-17 -7.40455e-28  1.70376e-17  1.40093e-27 -1.76364e-17 -2.32052e-27  1.49488e-17  3.22014e-27 -9.67947e-18 -3.29687e-27  3.90281e-18  9.97852e-28  1.59653e-19  5.95628e-27  -1.5745e-18 -2.00405e-26  1.08834e-18  4.27931e-26  -1.7269e-19 -7.33923e-26 -2.44151e-19  1.07709e-25  1.67691e-19 -1.38723e-25 -1.13334e-21  1.58644e-25 -4.27886e-20 -1.62002e-25  1.23103e-20    1.481e-25  6.74095e-21 -1.21329e-25 -3.70282e-21  8.91074e-26 -8.01351e-22 -5.86941e-26  7.07898e-22  3.47065e-26  9.26914e-23 -1.84496e-26   -1.018e-22  8.82622e-27 -1.35294e-23 -3.79349e-27  1.09993e-23  1.45261e-27  2.06731e-24 -4.85704e-28 -7.96676e-25  1.36379e-28 -2.34284e-25 -2.97578e-29  2.67145e-26   4.0355e-30  1.58866e-26  1.37168e-31   6.5616e-28 -2.62323e-31 -5.07675e-28  8.30567e-32 -7.73237e-29 -1.53259e-32  2.95865e-30  1.46346e-33  1.56744e-30  4.17258e-35   1.0326e-31 -2.83124e-35  -4.0737e-33  2.36986e-36 -6.67528e-34  1.18232e-38 -1.69951e-35 -5.37935e-39  6.09789e-38
-3.78309e-36 -1.74985e-35 -1.91001e-34  1.28298e-36 -2.10899e-34 -6.47825e-35  7.48882e-33  2.33668e-34 -1.44003e-31 -8.52069e-35  2.89537e-30 -1.57376e-34 -4.67556e-29  1.22281e-34  6.24436e-28  1.20073e-34 -7.05072e-27   -1.298e-34  6.83681e-26  1.56003e-34 -5.76096e-25  1.96882e-34   4.2574e-24 -1.98339e-34 -2.77919e-23  1.46617e-34  1.61159e-22  1.19202e-34 -8.33759e-22 -1.13048e-33  3.86113e-21  6.24523e-33 -1.60441e-20 -3.21315e-32  5.99143e-20  1.51321e-31 -2.01236e-19 -6.51026e-31  6.07948e-19  2.56426e-30 -1.65079e-18 -9.24999e-30  4.02248e-18  3.05742e-29 -8.77317e-18 -9.26148e-29  1.70625e-17   2.5703e-28 -2.94337e-17 -6.52866e-28  4.47016e-17  1.51472e-27 -5.91361e-17 -3.19882e-27  6.70727e-17  6.11299e-27 -6.35836e-17  -1.0466e-26  4.80894e-17  1.57635e-26 -2.60336e-17 -2.01121e-26  6.30209e-18  1.96542e-26  4.41564e-18 -8.72949e-27 -5.72227e-18 -1.86252e-26  2.41092e-18  6.57674e-26  4.07567e-19 -1.30127e-25  -9.4829e-19  2.01464e-25  3.06517e-19 -2.63648e-25  1.38776e-19  3.00198e-25  -1.2038e-19 -3.01245e-25 -1.54015e-21  2.68019e-25  2.62585e-20 -2.12015e-25 -3.69749e-21  1.49343e-25 -4.38738e-21 -9.38194e-26  9.09446e-22  5.26952e-26  6.33625e-22 -2.65631e-26 -1.22863e-22  1.20676e-26 -8.06495e-23 -4.94646e-27   8.9658e-24   1.8157e-27  8.31471e-24 -5.83662e-28  4.75164e-27  1.57326e-28 -5.90793e-25 -3.27976e-29 -6.59364e-26  4.24507e-30  2.21219e-26  1.19099e-31  5.34544e-27 -2.41834e-31   -1.089e-28  7.46675e-32 -1.50505e-28 -1.35005e-32 -1.36319e-29  1.22055e-33  8.22219e-31  4.70944e-35  1.95113e-31 -2.25096e-35  8.00289e-33  1.48371e-36 -2.08412e-34  1.88358e-38  -1.4635e-35 -1.87405e-39
 2.99825e-36  7.26404e-35 -3.01163e-35 -2.80375e-34  1.00147e-35 -3.32405e-33 -8.99092e-35  1.01565e-31  2.39216e-34 -2.27414e-30  -6.8992e-35  4.08256e-29  -1.4717e-34 -5.98363e-28  1.20073e-34  7.34272e-27  1.36737e-34 -7.68249e-26 -1.38665e-34  6.94706e-25  2.12241e-34 -5.48632e-24  1.91974e-34  3.81477e-23 -1.76547e-34 -2.35028e-22  1.98221e-35  1.28941e-21  8.47448e-34  -6.3232e-21 -5.41052e-33  2.77967e-20  2.97235e-32 -1.09755e-19 -1.50007e-31  3.89717e-19  6.91895e-31 -1.24497e-18 -2.91607e-30  3.57698e-18  1.12398e-29  -9.2327e-18 -3.96523e-29  2.13654e-17  1.28145e-28 -4.41892e-17 -3.79607e-28  8.13227e-17  1.03106e-27 -1.32339e-16 -2.56695e-27  1.88765e-16  5.85181e-27 -2.33003e-16 -1.21897e-26  2.44054e-16  2.31189e-26 -2.09833e-16 -3.96822e-26  1.38529e-16  6.10186e-26 -5.79849e-17 -8.25236e-26 -4.10598e-19  9.45221e-26  2.20762e-17 -8.29917e-26 -1.61108e-17  3.36682e-26  3.00657e-18  6.07337e-26  3.41127e-18 -1.93089e-25 -2.55721e-18  3.39084e-25  1.07662e-19  -4.6297e-25  6.30931e-19  5.31085e-25 -2.07537e-19 -5.26644e-25 -9.46302e-20  4.57066e-25  6.02609e-20 -3.49176e-25  1.02319e-20  2.35545e-25 -1.14935e-20 -1.40709e-25  -1.0596e-21  7.47685e-26  1.67797e-21 -3.55914e-26  1.62141e-22  1.53099e-26 -1.87539e-22 -5.98247e-27 -2.84383e-23  2.10893e-27  1.44652e-23 -6.52886e-28  3.59562e-24  1.68793e-28 -5.73226e-25 -3.35026e-29 -2.66216e-25    4.154e-30 -4.92093e-27  6.62289e-32  9.40277e-27 -1.97887e-31  1.23046e-27  6.21058e-32 -7.96927e-29 -1.14026e-32 -2.86198e-29  9.98822e-34 -1.59359e-30  4.36762e-35  9.86397e-32 -1.62877e-35  1.24898e-32  8.18979e-37  2.75275e-34  1.27598e-38 -1.88797e-36
-6.50719e-35  7.56096e-36  1.82759e-34 -4.16961e-35  1.25485e-33  2.43154e-35 -6.18001e-32 -1.14738e-34  1.61634e-30  2.33399e-34 -3.25268e-29 -3.17624e-35   5.2634e-28 -1.33786e-34 -7.05072e-27  1.36737e-34  7.98641e-26  1.66852e-34 -7.76988e-25 -1.54747e-34  6.57024e-24  2.46766e-34 -4.87355e-23  1.81311e-34  3.19394e-22 -8.92016e-35 -1.85981e-21 -4.49289e-34  9.66423e-21  3.73382e-33 -4.49641e-20 -2.25342e-32  1.87764e-19  1.23777e-31 -7.04853e-19 -6.21416e-31   2.3806e-18  2.84042e-30 -7.23453e-18 -1.18194e-29  1.97681e-17  4.48263e-29 -4.84928e-17 -1.55195e-28  1.06526e-16  4.91281e-28  -2.0878e-16 -1.42389e-27  3.63172e-16  3.78209e-27 -5.56596e-16 -9.21029e-27  7.43762e-16  2.05585e-26 -8.53206e-16 -4.20147e-26  8.19654e-16   7.8436e-26 -6.30443e-16 -1.33232e-25  3.50203e-16  2.04553e-25 -9.19982e-17 -2.80684e-25 -5.38911e-17  3.37259e-25  7.63249e-17 -3.39994e-25 -3.43498e-17  2.55556e-25 -4.16775e-18 -6.88004e-26  1.28478e-17 -2.01448e-25 -4.62351e-18  4.99151e-25 -1.72213e-18 -7.47339e-25  1.72866e-18   8.7927e-25 -4.47932e-20 -8.68111e-25 -3.69404e-19  7.37079e-25  6.71141e-20 -5.43919e-25  6.09559e-20  3.50721e-25 -1.56607e-20  -1.9849e-25 -8.82349e-21  9.92729e-26   2.1774e-21 -4.43875e-26   1.1518e-21  1.80197e-26 -1.79615e-22 -6.71704e-27 -1.24363e-22  2.28195e-27   4.0415e-24 -6.81677e-28  9.42163e-24  1.68428e-28  7.98852e-25 -3.15743e-29 -3.90975e-25  3.77405e-30 -8.01344e-26 -2.27612e-32  3.79657e-27 -1.37393e-31   2.5414e-27  4.78869e-32  1.92586e-28 -9.32836e-33 -1.79523e-29  7.96697e-34 -3.31599e-30  3.60059e-35 -1.13028e-31 -1.06126e-35  4.76487e-33  3.89415e-37  2.59506e-34  4.78506e-39
-3.25797e-36 -9.19763e-35   1.4644e-35 -3.86196e-34 -4.96801e-35  3.32953e-32  4.55123e-35 -1.03299e-30 -1.35076e-34  2.35922e-29  2.23691e-34 -4.24568e-28  2.31773e-35  6.24087e-27   -1.298e-34 -7.68249e-26  1.66852e-34  8.06475e-25  2.00191e-34 -7.31839e-24  -1.6694e-34  5.80111e-23  2.53206e-34 -4.04955e-22  1.54576e-34  2.50534e-21  1.17152e-34 -1.38054e-20 -1.63068e-33  6.80178e-20  1.18026e-32 -3.00486e-19   -7.493e-32   1.1927e-18  4.31338e-31  -4.2586e-18 -2.22992e-30  1.36848e-17    1.034e-29 -3.95659e-17 -4.31417e-29  1.02811e-16  1.62639e-28 -2.39621e-16 -5.56213e-28  4.99414e-16  1.73156e-27 -9.26717e-16  -4.9205e-27  1.52168e-15  1.27895e-26 -2.19197e-15 -3.04483e-26   2.7356e-15  6.64354e-26 -2.90176e-15 -1.32821e-25  2.53326e-15  2.43005e-25 -1.70744e-15 -4.05783e-25  7.43258e-16  6.15572e-25 -2.09753e-17 -8.41741e-25 -2.64811e-16   1.0237e-24  2.05294e-16  -1.0801e-24 -4.45463e-17    9.363e-25 -4.05165e-17 -5.63565e-25    3.355e-17  1.04997e-26 -2.68356e-18  5.96941e-25 -7.95368e-18 -1.09751e-24  3.00141e-18  1.36276e-24  1.11591e-18 -1.35318e-24  -8.4258e-19    1.128e-24 -1.03054e-19  -8.0419e-25   1.6013e-19  4.94512e-25  8.19566e-21 -2.63909e-25 -2.37123e-20  1.23408e-25 -1.37671e-21 -5.14705e-26  2.74058e-21  1.96504e-26  3.13166e-22 -7.00752e-27 -2.24631e-22  2.30841e-27 -4.62411e-23 -6.66281e-28  1.02194e-23   1.5586e-28  3.80059e-24   -2.713e-29 -3.14546e-26  3.16564e-30 -1.49048e-25 -1.40122e-31 -1.63414e-26 -7.10338e-32  1.66186e-27   3.4459e-32  4.47077e-28 -7.43235e-33  1.99683e-29  6.06622e-34 -1.95552e-30  2.69986e-35 -2.00042e-31 -6.06377e-36 -3.66516e-33  1.51298e-37  4.34338e-35
-9.91254e-36 -5.18257e-36  1.73963e-34  2.31498e-35 -1.56118e-32 -5.31501e-35  5.90663e-31  7.26842e-35 -1.55249e-29 -1.49893e-34  3.13498e-28  2.14495e-34 -5.08775e-27  8.90479e-35  6.83681e-26 -1.38665e-34 -7.76988e-25  2.00191e-34  7.58584e-24  2.25842e-34 -6.43852e-23 -1.63319e-34  4.79468e-22  2.22389e-34 -3.15537e-21  2.04286e-34  1.84547e-20 -2.65567e-34 -9.63456e-20  1.78806e-34  4.50481e-19  1.17131e-32 -1.89103e-18 -1.41357e-31  7.13833e-18  1.08188e-30 -2.42519e-17 -6.45835e-30  7.41638e-17  3.22648e-29 -2.04007e-16 -1.39601e-28  5.04027e-16  5.33526e-28  -1.1157e-15 -1.82369e-27  2.20468e-15  5.62257e-27 -3.86925e-15 -1.57277e-26  5.98779e-15  4.00823e-26 -8.08759e-15 -9.33355e-26  9.39083e-15  1.98947e-25 -9.15079e-15 -3.88484e-25  7.16617e-15  6.94765e-25 -4.09093e-15 -1.13617e-24  1.16526e-15  1.69338e-24  5.57838e-16 -2.28684e-24 -8.80627e-16  2.77086e-24  4.24851e-16 -2.96102e-24  3.09126e-17  2.69987e-24 -1.50278e-16 -1.94098e-24  6.03931e-17  8.06576e-25  1.78972e-17  4.28027e-25 -2.14807e-17 -1.43524e-24  1.45281e-18  1.97624e-24  4.47565e-18 -2.00067e-24 -1.02484e-18  1.64419e-24 -7.24799e-19 -1.13254e-24  2.30443e-19  6.62211e-25  1.04683e-19 -3.31273e-25 -3.28717e-20  1.43551e-25 -1.40294e-20 -5.53261e-26  2.97615e-21  1.97969e-26  1.59443e-21 -6.80352e-27 -1.14425e-22  2.19576e-27 -1.29387e-22 -6.11651e-28 -7.21117e-24  1.32636e-28  5.93675e-24  -2.0673e-29  1.01839e-24  2.42652e-30 -8.42618e-26  -2.6992e-31  -3.6959e-26  -1.0464e-32  -2.2206e-27   2.3523e-32  3.24711e-28 -5.74279e-33  4.84937e-29  4.27346e-34  1.27989e-30  1.82351e-35 -8.97504e-32 -2.90039e-36 -3.96769e-33   4.1757e-38
 1.47564e-37 -1.11125e-34   -4.432e-36  6.51748e-33  3.04325e-35 -2.99371e-31 -5.29589e-35  9.22536e-30  1.02606e-34 -2.11339e-28 -1.61458e-34  3.81457e-27  2.07157e-34 -5.62474e-26  1.56003e-34  6.94706e-25 -1.54747e-34 -7.31839e-24  2.25842e-34  6.66587e-23  2.35859e-34 -5.30471e-22 -1.24979e-34  3.71849e-21 -6.41711e-37 -2.31069e-20  1.73604e-33  1.27925e-19  -1.0468e-32 -6.33394e-19  5.32123e-32  2.81288e-18 -2.02091e-31 -1.12271e-17  4.82745e-31  4.03242e-17  2.84116e-31 -1.30394e-16  -1.1173e-29  3.79521e-16  7.79471e-29 -9.93206e-16 -3.84547e-28  2.33253e-15   1.5563e-27 -4.90125e-15 -5.43777e-27  9.17521e-15  1.68076e-26 -1.52106e-14 -4.65923e-26  2.21423e-14  1.16831e-25 -2.79601e-14 -2.66483e-25  3.00609e-14   5.5495e-25 -2.66749e-14  -1.0575e-24  1.83799e-14  1.84563e-24 -8.33369e-15 -2.94871e-24  5.39735e-16  4.30314e-24  2.75178e-15 -5.71036e-24 -2.28253e-15  6.83727e-24  5.70469e-16 -7.28957e-24   4.1312e-16  6.75847e-24 -3.83719e-16 -5.18943e-24  4.62991e-17  2.87757e-24  8.67215e-17 -4.04074e-25 -3.77381e-17  -1.5894e-24 -1.10806e-17  2.67751e-24  1.02517e-17 -2.81505e-24  7.53592e-19  2.29144e-24 -1.93807e-18 -1.52463e-24 -1.40014e-20  8.44582e-25  2.90753e-19 -3.93016e-25  4.76143e-21  1.55892e-25 -3.47423e-20 -5.47809e-26 -2.60833e-21  1.83294e-26  3.02203e-21 -6.17111e-27  4.97842e-22  1.98338e-27  -1.5491e-22 -5.29282e-28 -4.66455e-23  1.01685e-28  1.90308e-24 -1.30006e-29  2.04657e-24  1.67345e-30  1.80184e-25 -3.91165e-31 -2.84883e-26  3.47584e-32 -6.03949e-27  1.57105e-32 -1.95602e-28 -4.23384e-33  3.27165e-29  2.67966e-34  2.77206e-30  1.07214e-35  3.92325e-32 -1.07136e-36 -8.09552e-34
-3.20348e-36 -7.68159e-37 -2.29151e-33   2.2035e-37  1.33277e-31  3.33661e-35 -4.91765e-30 -5.10512e-35  1.29592e-28  1.31209e-34 -2.62468e-27 -1.72893e-34  4.27293e-26  2.01481e-34 -5.76096e-25  2.12241e-34  6.57024e-24  -1.6694e-34 -6.43852e-23  2.35859e-34  5.48628e-22  2.23043e-34 -4.10263e-21  8.84255e-35  2.71187e-20 -1.98622e-33  -1.5935e-19  1.70261e-32  8.36041e-19 -1.05269e-31  -3.9296e-18  5.33522e-31  1.65875e-17 -2.22635e-30 -6.29855e-17  7.54796e-30  2.15332e-16 -1.92948e-29 -6.62895e-16  2.52506e-29  1.83645e-15  8.11785e-29 -4.57167e-15 -7.94406e-28  1.02022e-14  3.87296e-27 -2.03369e-14 -1.45299e-26  3.60308e-14  4.60534e-26 -5.63378e-14 -1.27947e-25  7.69696e-14   3.1744e-25 -9.05358e-14 -7.11008e-25  8.95705e-14  1.44757e-24 -7.15012e-14 -2.69059e-24  4.20102e-14  4.57707e-24 -1.29585e-14 -7.13187e-24 -4.91384e-15  1.01678e-23  8.89119e-15 -1.32186e-23 -4.61549e-15  1.55693e-23 -1.08119e-16 -1.64317e-23  1.53402e-15  1.52486e-23 -6.91105e-16 -1.20092e-23 -1.54628e-16  7.38804e-24  2.33534e-16 -2.56093e-24 -2.63752e-17 -1.26788e-24 -4.71511e-17  3.37914e-24  1.34269e-17 -3.78379e-24  7.42644e-18  3.06558e-24  -2.9384e-18 -1.96894e-24 -1.06263e-18  1.02863e-24  4.29044e-19 -4.40807e-25  1.46418e-19  1.57217e-25 -4.18848e-20 -4.93261e-26 -1.76458e-20  1.54532e-26  2.11971e-21 -5.27792e-27  1.54422e-21   1.7293e-27  3.60557e-23 -4.33162e-28 -7.83472e-23  6.66014e-29   -1.097e-23 -5.07248e-30  1.45176e-24  1.01853e-30  4.67162e-25 -4.82466e-31  2.00302e-26  5.95693e-32 -4.99468e-27  1.06954e-32 -6.15254e-28 -2.89976e-33 -1.07869e-29  1.42326e-34   1.4341e-30  5.18779e-36  5.27678e-32 -2.55752e-37
 3.81184e-37  5.38124e-34 -3.10583e-36 -5.09343e-32   8.6611e-36   2.3309e-30  2.97921e-35 -7.19199e-29 -4.94945e-35  1.65248e-27  1.55101e-34   -2.992e-26 -1.85273e-34  4.42647e-25  1.96882e-34 -5.48632e-24  2.46766e-34  5.80111e-23 -1.63319e-34 -5.30471e-22  2.23043e-34  4.23914e-21  1.36199e-34 -2.98469e-20  1.68618e-33  1.86339e-19 -1.78521e-32 -1.03673e-18  1.32737e-31  5.16013e-18 -7.81207e-31 -2.30436e-17  3.82861e-30  9.25182e-17 -1.59018e-29  -3.3438e-16  5.61212e-29  1.08848e-15 -1.65521e-28 -3.19059e-15  3.85035e-28  8.41306e-15 -5.59831e-28 -1.99182e-14 -4.60206e-28   4.2218e-14  7.23406e-27 -7.97762e-14 -3.36049e-26  1.33606e-13  1.14481e-25 -1.96682e-13 -3.25075e-25  2.51485e-13  8.05107e-25 -2.74294e-13 -1.77754e-24  2.47661e-13   3.5421e-24  -1.7468e-13 -6.41971e-24  8.26107e-14  1.06331e-23 -8.45561e-15 -1.61349e-23 -2.49921e-14  2.24355e-23  2.23724e-14 -2.85194e-23 -6.39101e-15  3.29584e-23 -3.63271e-15 -3.42884e-23  3.86389e-15  3.15912e-23 -6.35656e-16 -2.50458e-23 -8.24023e-16  1.60984e-23  4.16773e-16 -7.01443e-24  9.16995e-17 -5.03715e-26 -1.09567e-16   3.9517e-24 -2.48951e-18 -4.87962e-24  2.05563e-17   3.9531e-24 -8.37141e-19 -2.44766e-24 -3.11922e-18  1.19919e-24  9.25219e-20  -4.6699e-25  3.85299e-19  1.45632e-25  1.26975e-20 -3.92773e-26 -3.55511e-20  1.16626e-26  -4.4078e-21 -4.34244e-27  2.02853e-21  1.49078e-27  4.93862e-22 -3.35658e-28 -4.06498e-23  3.10126e-29 -2.45433e-23  2.14172e-30 -1.60273e-24  5.44372e-31  4.14203e-25 -5.27307e-31  7.10007e-26   6.4363e-32  1.28834e-27  7.61657e-33 -4.70977e-28  -1.7819e-33  -3.3438e-29  5.91737e-35 -3.10319e-31  1.88447e-36  1.27154e-32
-9.30835e-35  8.52928e-37  1.60461e-32  -6.4477e-36   -9.693e-31  1.94616e-35  3.58791e-29  1.95879e-35  -9.4822e-28 -4.97683e-35  1.92648e-26  1.72082e-34 -3.14668e-25 -1.96047e-34   4.2574e-24  1.91974e-34 -4.87355e-23  2.53206e-34  4.79468e-22 -1.24979e-34 -4.10263e-21  1.36199e-34   3.0815e-20 -4.71582e-34 -2.04644e-19  1.34844e-32  1.20846e-18 -1.28059e-31 -6.37358e-18  8.85619e-31  3.01243e-17 -4.94571e-30 -1.27911e-16  2.32786e-29  4.88745e-16  -9.4148e-29 -1.68203e-15  3.29471e-28  5.21482e-15 -9.93715e-28  -1.4556e-14  2.53235e-27  3.65287e-14 -5.14567e-27 -8.22237e-14  6.69774e-27  1.65433e-13  3.71768e-27  -2.9606e-13 -6.09579e-26  4.68038e-13   2.5243e-25 -6.47274e-13 -7.60461e-25  7.71916e-13  1.90719e-24 -7.76122e-13 -4.17384e-24  6.32281e-13  8.15366e-24 -3.82891e-13 -1.44046e-23  1.27706e-13  2.32007e-23  3.66143e-14 -3.42324e-23 -7.92387e-14  4.63578e-23   4.4443e-14 -5.75456e-23  -1.1864e-15  6.51613e-23 -1.37704e-14 -6.66846e-23  6.99085e-15  6.07421e-23  1.07601e-15 -4.80143e-23  -2.2393e-15  3.13942e-23   3.6433e-16 -1.50266e-23  4.34467e-16  2.58164e-24 -1.53071e-16  4.24283e-24 -6.56481e-17 -6.06736e-24  3.28113e-17  4.93291e-24  9.19438e-18 -2.93846e-24 -4.89482e-18  1.34109e-24 -1.30543e-18 -4.66011e-25  5.09416e-19  1.21013e-25  1.68854e-19 -2.57099e-26 -3.08637e-20  7.60403e-27  -1.6102e-20  -3.5666e-27  2.27022e-22  1.30667e-27  9.05981e-22 -2.44897e-28  9.88596e-23 -1.86495e-30  -2.0723e-23  7.82312e-30 -5.15917e-24  2.85281e-31 -1.19777e-25 -5.18646e-31  6.64492e-26  5.42237e-32  6.79667e-27  5.57236e-33  4.63973e-29 -9.39433e-34 -1.98006e-29  1.59672e-35 -6.13489e-31  4.21145e-37
-1.74045e-38 -3.99693e-33  1.45818e-36  3.46652e-31 -9.55088e-36 -1.59396e-29  3.04739e-35  4.93301e-28  4.86085e-36 -1.13698e-26  -5.2374e-35  2.06544e-25  1.80539e-34 -3.06642e-24 -1.98339e-34  3.81477e-23  1.81311e-34 -4.04955e-22  2.22389e-34  3.71849e-21  8.84255e-35 -2.98469e-20 -4.71582e-34   2.1113e-19 -4.81572e-33 -1.32466e-18  9.22688e-32  7.40871e-18 -8.13368e-31  -3.7081e-17  5.29108e-30  1.66571e-16 -2.80805e-29  -6.7296e-16  1.26624e-28  2.44841e-15 -4.94642e-28 -8.02654e-15  1.68831e-27  2.37051e-14 -5.03794e-27 -6.30096e-14  1.30298e-26  1.50463e-13 -2.84877e-26  -3.2187e-13  4.91636e-26    6.143e-13 -5.08242e-26 -1.04001e-12  -5.0973e-26  1.54934e-12  4.67318e-25  -2.0076e-12 -1.62204e-24  2.22341e-12  4.21965e-24 -2.04489e-12 -9.22809e-24  1.47831e-12  1.77087e-23 -7.30097e-13 -3.04753e-23   1.0282e-13  4.76479e-23  1.99528e-13  -6.8229e-23 -1.94852e-13  8.98472e-23   6.3234e-14 -1.08812e-22  2.75034e-14  1.20668e-22 -3.45103e-14 -1.21396e-22  7.32125e-15  1.09124e-22  6.84947e-15 -8.55748e-23 -4.07461e-15  5.61447e-23 -6.09647e-16 -2.80281e-23  1.03565e-15  7.16804e-24 -3.21449e-17   4.1108e-24 -1.92192e-16 -7.31265e-24  1.81162e-17  5.97805e-24  2.94297e-17  -3.4165e-24 -2.41296e-18  1.44135e-24 -3.75813e-18 -4.35565e-25  5.16487e-20  8.50792e-26  3.68046e-19 -1.01944e-26  3.02459e-20  3.89728e-27 -2.32031e-20 -3.07791e-27 -4.49524e-21  1.18833e-27  6.25342e-22 -1.64322e-28  2.58318e-22 -2.94812e-29  1.04198e-23  1.14462e-29 -5.20457e-24  2.21461e-31 -7.27712e-25 -4.61184e-31 -5.33177e-28  3.67172e-32  5.91003e-27  3.96221e-33  3.51638e-28 -3.97364e-34   1.1489e-30  5.70899e-37  -1.7218e-31
