 1.59105e-11 -1.65835e-26 -3.15592e-10  5.83638e-25   2.3001e-09 -5.57593e-24 -9.38232e-09  2.67017e-23  2.41962e-08 -7.22569e-23  -4.0932e-08  9.44231e-23  4.43588e-08  6.18638e-23 -2.67794e-08 -5.66676e-22  2.90991e-09   1.3487e-21  6.70645e-09 -1.99119e-21 -2.32094e-09  2.07307e-21 -1.66383e-09 -1.63059e-21  5.92032e-10  1.10728e-21   5.0171e-10 -8.31837e-22  -5.6407e-11  7.33451e-22 -1.36516e-10 -5.93699e-22 -2.79082e-11  3.65972e-22  2.11667e-11 -1.56329e-22   1.4144e-11   3.6702e-23  1.46966e-12   1.0025e-23 -2.15169e-12 -2.19114e-23 -1.26786e-12  1.75221e-23 -2.19333e-13 -7.24956e-24  1.08189e-13   1.2139e-26  8.94394e-14  2.21097e-24  2.88462e-14 -2.14939e-24  1.89313e-15  1.52524e-24 -2.92298e-15 -7.21902e-25  -1.7328e-15  1.30365e-25 -5.33768e-16  5.47099e-26 -7.69128e-17 -3.04273e-26  1.67273e-17  2.48193e-27  1.54932e-17 -2.38845e-27  5.92614e-18  3.83982e-27  1.50426e-18 -1.73056e-27  2.39884e-19    1.134e-28  2.57243e-21    1.989e-28 -1.39551e-20 -5.05866e-29 -5.90361e-21  -1.2735e-29 -1.62042e-21  2.49938e-30  -3.4078e-22  6.98805e-31 -5.58871e-23 -1.10082e-31 -6.55175e-24  1.52125e-32 -2.81418e-25  2.00006e-32  1.08045e-25 -1.99106e-33  3.94492e-26  5.26831e-33  8.48882e-27  2.52625e-33  1.41962e-27 -3.08972e-34  1.97477e-28 -2.55524e-34  2.33792e-29  -9.5849e-36  2.36638e-30  7.24267e-36  2.03077e-31 -9.22089e-37  1.44178e-32 -5.65652e-37  7.97314e-34 -2.74186e-38  2.81181e-35  4.66803e-39 -1.74433e-37 -9.24448e-40 -1.17072e-37 -2.34687e-40 -1.02829e-38  2.99414e-42 -5.95514e-40  2.13691e-42 -2.55912e-41 -4.66408e-44 -7.57145e-43 -2.00825e-44 -1.28445e-44 -8.12078e-46 -7.44367e-47 -2.27935e-48
-1.65835e-26  4.63561e-10 -3.64761e-25 -5.18911e-09  8.88108e-24   2.8482e-08 -6.74155e-23 -9.47429e-08  2.69469e-22    2.055e-07 -6.13946e-22 -2.93869e-07  6.11745e-22   2.6208e-07   8.3901e-22  -1.1297e-07 -4.47354e-21 -1.97341e-08   9.1272e-21  3.98095e-08 -1.19479e-20 -1.32122e-09   1.1102e-20 -1.10644e-08 -7.85496e-21 -2.06376e-10  5.04052e-21  2.87574e-09 -3.91604e-21  6.46458e-10  3.52839e-21 -5.30213e-10 -2.72172e-21 -3.19452e-10  1.52841e-21  5.04956e-12 -5.75803e-22  7.09678e-11   1.0898e-22  2.89925e-11   5.2893e-23 -1.00087e-12 -9.38134e-23 -5.90465e-12  7.28402e-23 -2.67475e-12 -2.81603e-23 -3.27598e-13 -5.25423e-25  2.62091e-13  7.69271e-24   1.8301e-13  -7.1796e-24  5.66894e-14  5.28141e-24  4.73069e-15 -2.51515e-24 -4.65135e-15  3.67856e-25 -2.91365e-15  2.47382e-25 -9.58173e-16 -9.42512e-26 -1.80173e-16 -1.58111e-26  2.00503e-18 -6.55916e-28  1.65002e-17  1.34811e-26  7.49132e-18 -6.06441e-27  2.17454e-18  1.09175e-28  4.50811e-19   7.4652e-28   5.8216e-20 -1.17191e-28 -1.21058e-21 -5.71514e-29 -3.38885e-21  1.68751e-30 -1.21716e-21  1.90671e-30 -2.99023e-22  7.61948e-32 -5.80002e-23  2.66691e-31 -9.16161e-24  5.63462e-32 -1.15503e-24 -1.24617e-32 -1.03932e-25  2.32729e-32 -2.85957e-27  1.02156e-32  1.25589e-27  -9.5685e-34  3.43928e-28 -8.66344e-34  5.76855e-29 -3.37477e-35  7.55013e-30   2.0594e-35  8.20512e-31 -3.48085e-36  7.56526e-32 -1.71394e-36  5.95207e-33 -8.53321e-38   3.9821e-34  8.12777e-39  2.24323e-35 -2.83882e-39  1.05085e-36 -4.83528e-40  4.00739e-38  2.80562e-41  1.16354e-39  6.10963e-42  2.15405e-41 -7.02386e-44  1.83952e-43 -3.78731e-44  3.03949e-46 -1.23312e-45   9.4029e-48
-3.15592e-10 -3.64761e-25  6.61463e-09 -4.54952e-24 -5.11569e-08  8.39413e-23  2.22672e-07 -5.23801e-22 -6.17613e-07  1.77705e-21  1.13769e-06 -3.42717e-21 -1.37426e-06  2.44755e-21  9.85411e-07  6.06777e-21 -2.45288e-07 -2.32396e-20 -1.87864e-07   4.1225e-20  1.24771e-07 -4.79944e-20  3.76029e-08  3.97454e-20 -3.57072e-08 -2.52763e-20 -1.30323e-08  1.56278e-20  7.32781e-09 -1.28667e-20  4.96175e-09   1.1726e-20 -3.89478e-10 -8.50035e-21 -1.29356e-09  4.30078e-21 -3.91457e-10 -1.41394e-21  1.20523e-10  2.13962e-22  1.32673e-10  1.65359e-22  3.67899e-11 -2.73815e-22 -7.30442e-12  2.08198e-22 -1.00848e-11 -7.43658e-23 -3.81965e-12 -2.48165e-24 -3.43971e-13  1.72401e-23  3.93375e-13 -1.60043e-23  2.50912e-13   1.2764e-23  7.74977e-14 -6.18561e-24  8.86903e-15  6.65253e-25 -4.38036e-15  7.69843e-25 -3.14216e-15 -2.01145e-25 -1.11694e-15 -1.02389e-25 -2.52916e-16  1.49849e-26 -2.53881e-17  3.47139e-26  7.90443e-18  -1.4951e-26  5.33619e-18 -4.76692e-28  1.79795e-18  1.94015e-27  4.36757e-19 -1.33466e-28   7.9569e-20 -1.63102e-28  9.62726e-21 -1.67378e-29  9.98004e-23  1.57772e-30 -3.39354e-22   1.5736e-30 -1.17133e-22  1.30119e-30 -2.67428e-23  1.12296e-31 -4.83782e-24 -4.34978e-32  -7.2797e-25  6.98833e-32 -9.20863e-26   2.8689e-32 -9.65298e-27 -1.95809e-33  -7.9372e-28 -1.99556e-33  -4.1664e-29 -7.28354e-35  6.33933e-31  4.01335e-35  4.92001e-31  -8.7497e-36  7.39148e-32 -3.53088e-36  7.62149e-33 -1.81971e-37  6.14652e-34  3.31954e-39  4.01293e-35 -6.24099e-39  2.13809e-36 -6.21826e-40  9.20508e-38  8.98211e-41  3.04861e-39  1.21706e-41  7.08263e-41 -3.37018e-44  1.01923e-42 -4.46847e-44  7.36154e-45 -9.39467e-46
 5.83638e-25 -5.18911e-09 -4.54952e-24  6.16226e-08 -3.94176e-23 -3.60542e-07  5.80909e-22  1.28669e-06 -3.05207e-21 -3.02263e-06  8.89985e-21  4.75576e-06 -1.45633e-20 -4.82344e-06   6.5363e-21  2.65843e-06  3.06842e-20 -8.32531e-08 -9.22876e-20 -7.81802e-07  1.43773e-19   2.0381e-07 -1.49059e-19  2.07802e-07  1.09619e-19 -5.47932e-08 -6.25557e-20 -6.24477e-08  3.83147e-20  3.22635e-09 -3.41193e-20  1.66663e-08  3.09714e-20  4.17584e-09 -2.08171e-20 -2.47882e-09  9.37681e-21 -1.88665e-09  -2.6661e-21 -2.48641e-10  3.43742e-22  2.77486e-10  3.71376e-22  1.77126e-10 -6.34918e-22  3.36784e-11   4.7162e-22 -1.44997e-11 -1.52343e-22 -1.29235e-11 -6.34891e-24   -4.341e-12  2.72224e-23 -3.32048e-13 -2.71798e-23  4.29707e-13   2.5073e-23  2.64958e-13 -1.24822e-23  8.39093e-14  8.12441e-25  1.27342e-14  1.92603e-24 -2.40774e-15 -3.45277e-25 -2.41776e-15 -3.37366e-25 -9.48668e-16  5.74646e-26 -2.46737e-16  7.50956e-26 -4.11578e-17 -2.97341e-26  -1.2151e-18 -2.48951e-27  2.06672e-18    4.042e-27  9.22835e-19  5.36068e-29  2.59557e-19 -3.56194e-28  5.57772e-20 -8.28691e-29  9.42865e-21 -6.56964e-30  1.18211e-21  6.42606e-30  7.56569e-23  4.13214e-30 -1.11442e-23   1.9185e-31 -5.21101e-24 -1.08036e-31 -1.18103e-24  1.65588e-31 -2.01614e-25  6.39633e-32 -2.83378e-26 -3.00517e-33 -3.37873e-27 -3.58092e-33 -3.44789e-28 -1.02802e-34 -3.00249e-29  6.31875e-35 -2.19972e-30 -1.67054e-35 -1.31322e-31 -5.67197e-36 -5.92652e-33  -3.1862e-37 -1.55631e-34 -2.13286e-38  2.72173e-36  -1.1417e-38  6.02444e-37  -5.2381e-40  3.92081e-38  1.85996e-40  1.53542e-39   1.8856e-41  3.60678e-41   6.1283e-44   3.9467e-43 -3.54783e-44  7.06606e-46
  2.3001e-09  8.88108e-24 -5.11569e-08 -3.94176e-23  4.21593e-07 -2.59936e-22  -1.9661e-06  3.16706e-21  5.88689e-06 -1.42613e-20 -1.18424e-05  3.60946e-20  1.59483e-05 -5.00998e-20 -1.34017e-05  9.55778e-21  5.15506e-06  1.20438e-19  1.51938e-06 -2.98491e-19 -2.10696e-06  4.11285e-19 -6.62637e-08 -3.79533e-19  6.20701e-07   2.4623e-19  4.45655e-08 -1.25739e-19 -1.64573e-07  7.93836e-20 -4.46952e-08  -7.7416e-20    3.028e-08  6.87111e-20  2.04206e-08 -4.22594e-20  1.68017e-10  1.67068e-20 -4.52576e-09 -4.09863e-21 -1.95684e-09  5.71833e-22   4.5785e-11   6.4777e-22  4.02455e-10 -1.25162e-21  1.87751e-10  8.94095e-22  2.35831e-11 -2.51414e-22 -1.89729e-11 -1.02654e-23  -1.3452e-11  2.67758e-23 -4.20963e-12 -3.64818e-23 -3.45621e-13  4.28379e-23  3.59602e-13 -2.20819e-23  2.25879e-13  4.74125e-25  7.47789e-14  4.13613e-24  1.41627e-14 -5.13741e-25 -1.54392e-16 -8.21283e-25 -1.31159e-15  1.35116e-25 -5.99766e-16   1.4323e-25 -1.75551e-16 -5.02539e-26 -3.68688e-17 -6.94292e-27 -4.92833e-18  7.17545e-27  2.45836e-20  6.56915e-28  2.55009e-19 -6.48249e-28  9.43547e-20 -2.43733e-28  2.34698e-20 -3.37566e-29  4.59845e-21  1.77424e-29  7.36401e-22  1.01798e-29  9.53692e-23  3.22581e-31  9.24507e-24 -2.07129e-31  4.45397e-25  3.28885e-31 -5.87048e-26  1.19188e-31 -2.06021e-26 -3.61205e-33  -3.6187e-27 -5.27129e-33 -4.78344e-28 -7.02278e-35 -5.17584e-29  8.87139e-35 -4.71294e-30 -2.51358e-35 -3.64035e-31 -7.44601e-36 -2.38058e-32 -5.04091e-37  -1.3067e-33 -7.73753e-38 -5.91968e-35 -1.84347e-38 -2.13928e-36 -2.03362e-40 -5.85449e-38  2.88614e-40 -1.16099e-39   2.3355e-41 -1.74824e-41  1.48377e-43  -2.3042e-43 -1.72887e-44
-5.57593e-24   2.8482e-08  8.39413e-23 -3.60542e-07 -2.59936e-22  2.25909e-06 -1.37551e-21 -8.68788e-06  1.41974e-20  2.21908e-05 -5.55513e-20  -3.8513e-05  1.22983e-19  4.43161e-05 -1.44392e-19 -3.00881e-05 -9.97878e-21  6.11745e-06   3.8744e-19  6.77927e-06 -8.14977e-19 -3.86588e-06  9.97956e-19 -1.49149e-06 -8.17469e-19  1.18309e-06   4.6265e-19  5.05904e-07 -2.10536e-19 -2.50249e-07  1.44931e-19 -1.89217e-07 -1.54893e-19  1.14475e-08  1.31799e-19  5.01833e-08  -7.3155e-20  1.58388e-08  2.49053e-20 -4.87299e-09 -5.37286e-21 -5.51338e-09  1.17482e-21 -1.53381e-09  9.19109e-22  3.35339e-10 -2.18511e-21  4.47531e-10  1.45363e-21  1.68158e-10 -3.30545e-22  1.31828e-11 -7.24577e-24 -1.90536e-11 -2.55933e-24 -1.18471e-11 -3.79188e-23 -3.60276e-12  6.61978e-23 -3.75071e-13 -3.56494e-23  2.29926e-13 -6.59666e-25  1.57388e-13   7.9061e-24  5.52852e-14 -6.97106e-25  1.23734e-14 -1.65184e-24  1.17696e-15  2.42984e-25 -4.22053e-16  2.46335e-25 -2.73761e-16 -7.40231e-26 -9.15236e-17 -1.46111e-26 -2.21897e-17  1.12369e-26 -4.05331e-18  1.88812e-27 -4.98386e-19 -1.04132e-27 -9.23129e-21 -5.60393e-28  1.58867e-20 -9.43233e-29   5.5985e-21  3.93734e-29  1.28253e-21  2.09773e-29  2.31986e-22  5.93072e-31   3.4907e-23 -3.11209e-31  4.42943e-24  5.65593e-31  4.69945e-25  1.90436e-31  4.01263e-26  -3.5635e-33  2.43698e-27 -6.53132e-33  4.35322e-29    8.783e-35 -1.33396e-29  1.21212e-34  -2.3502e-30 -2.93427e-35 -2.47851e-31 -8.06755e-36 -1.97046e-32  -7.6116e-37 -1.24374e-33 -1.70123e-37 -6.27047e-35 -2.68781e-38 -2.47032e-36  1.79021e-40 -7.27142e-38  3.54781e-40 -1.51381e-39  2.31225e-41 -2.10759e-41  1.56966e-43 -1.57892e-43
-9.38232e-09 -6.74155e-23  2.22672e-07  5.80909e-22  -1.9661e-06 -1.37551e-21  9.87505e-06 -6.04708e-21 -3.20742e-05  5.38441e-20  7.07469e-05 -1.85083e-19 -0.000106404  3.60704e-19  0.000103943 -3.56349e-19 -5.43505e-05 -1.21315e-19 -1.19631e-06  1.05599e-18  1.80552e-05 -1.92269e-18 -4.03351e-06  2.09827e-18 -5.08138e-06 -1.51727e-18  1.19709e-06  7.34894e-19   1.5698e-06 -2.96246e-19 -6.32639e-08   2.4052e-19 -4.33899e-07 -2.77997e-19 -1.11126e-07  2.22407e-19  6.88101e-08 -1.09618e-19  5.24252e-08  3.12241e-20   6.3194e-09 -6.40061e-21 -8.42704e-09  2.69317e-21 -5.22501e-09  1.12215e-21 -9.10975e-10 -3.47623e-21  4.99292e-10    2.041e-21  4.12564e-10 -3.13258e-22   1.3294e-10   1.6906e-23  6.60637e-12 -8.26336e-23 -1.55267e-11 -2.59113e-23 -9.00737e-12  9.46108e-23 -2.75264e-12 -5.40361e-23 -3.75717e-13 -2.62821e-24  1.03804e-13  1.37646e-23  8.86293e-14  -8.9189e-25  3.36459e-14 -2.89649e-24  8.55459e-15  3.57711e-25  1.37374e-15  3.87117e-25  1.83664e-17 -9.62039e-26 -7.86616e-17 -2.56228e-26 -3.35914e-17  1.58965e-26 -9.28944e-18  3.88085e-27 -1.97605e-18 -1.55208e-27 -3.31893e-19 -1.10161e-27  -4.1599e-20 -2.01721e-28 -2.76135e-21  7.50316e-29  3.41989e-22   3.7679e-29  1.68063e-22  1.20239e-30  3.80397e-23 -3.42412e-31  6.43784e-24  8.59838e-31  8.94568e-25  2.64384e-31  1.05307e-25 -3.48702e-33  1.06078e-26 -6.93748e-33  9.13168e-28  4.01253e-34  6.64589e-29  1.71204e-34   3.9953e-30 -2.34225e-35  1.89129e-31 -7.01726e-36  6.22491e-33 -1.11437e-36  6.99297e-35 -2.92388e-37 -6.65339e-36  -3.5518e-38 -4.99145e-37  4.22089e-40 -1.76643e-38   3.5232e-40 -3.61204e-40  1.79203e-41 -4.45409e-42   8.8766e-44
 2.67017e-23 -9.47429e-08 -5.23801e-22  1.28669e-06  3.16706e-21 -8.68788e-06 -6.04708e-21  3.62171e-05 -2.26348e-20 -0.000101116  1.76332e-19   0.00019435 -5.37292e-19 -0.000253711  9.26788e-19  0.000207678 -7.64486e-19 -7.54668e-05 -4.84889e-19 -2.84445e-05  2.49384e-18  3.48303e-05 -3.98486e-18  1.95442e-06   3.8797e-18 -1.09135e-05 -2.45281e-18 -8.85872e-07  9.82389e-19  3.05192e-06 -3.47816e-19  8.30295e-07  3.71572e-19 -6.06773e-07 -4.52262e-19 -4.01259e-07  3.33867e-19  7.21739e-09 -1.42959e-19  9.74634e-08   3.2371e-20  3.99515e-08 -7.75084e-21 -2.73897e-09  5.82491e-21 -9.42401e-09  1.33595e-21 -4.12343e-09 -5.14717e-21  -3.7661e-10  2.44879e-21  5.12198e-10 -9.92466e-23  3.28756e-10  8.25865e-23  9.57935e-11 -2.30093e-22   4.0816e-12  2.98068e-24 -1.04655e-11  1.26173e-22 -5.94779e-12 -7.85438e-23 -1.87052e-12 -4.98402e-24 -3.22342e-13  2.21714e-23  2.09012e-14 -1.08646e-24  3.86798e-14 -4.56809e-24  1.65023e-14  4.40561e-25  4.66608e-15  5.61533e-25   9.4727e-16 -1.10755e-25  1.18056e-16 -3.93385e-26 -3.94693e-18  2.07174e-26 -7.38926e-18  6.63406e-27 -2.58451e-18 -2.24718e-27 -6.26492e-19 -1.93499e-27 -1.20571e-19 -3.64519e-28 -1.90319e-20  1.26617e-28 -2.43687e-21  6.04866e-29 -2.35238e-22  2.49677e-30  -1.1865e-23 -1.68119e-31  1.24846e-24  1.17403e-30  4.61179e-25  3.20581e-31  8.02314e-26 -5.09252e-33  1.03944e-26 -6.50037e-33  1.09617e-27  8.30392e-34  9.68271e-29  2.51369e-34  7.22124e-30 -2.81662e-36  4.53481e-31 -4.31713e-36  2.37137e-32 -1.56191e-36  1.01211e-33 -4.22159e-37  3.42655e-35 -4.23143e-38  8.92786e-37  4.18855e-40  1.73296e-38  2.81873e-40  2.28232e-40  1.03084e-41  1.09023e-42
 2.41962e-08  2.69469e-22 -6.17613e-07 -3.05207e-21  5.88689e-06  1.41974e-20 -3.20742e-05 -2.26348e-20  0.000113763 -7.34678e-20 -0.000276724    5.064e-19  0.000466498 -1.37822e-18 -0.000527794  2.11434e-18  0.000353503 -1.44134e-18 -6.60192e-05  -1.3898e-18 -8.79478e-05  5.18661e-18  4.92174e-05 -7.34692e-18  2.00983e-05  6.37616e-18 -1.63018e-05 -3.46846e-18 -6.93862e-06   1.0721e-18  3.78786e-06 -3.29115e-19  2.74417e-06  5.43244e-19 -2.74989e-07  -6.7163e-19 -7.98711e-07  4.49108e-19 -2.26341e-07 -1.61392e-19  9.68005e-08   2.5899e-20  9.32904e-08 -1.08116e-20  2.25215e-08  1.11424e-20 -8.01205e-09  1.90919e-21 -8.33449e-09 -7.20587e-21 -2.83036e-09  2.40292e-21 -5.95371e-11  4.05433e-22  4.20741e-10  2.10082e-22  2.31971e-10 -4.46177e-22  6.41884e-11  5.03968e-23  3.69964e-12  1.56614e-22 -5.79956e-12 -1.11089e-22 -3.39172e-12 -6.77364e-24 -1.11534e-12  3.33974e-23 -2.30142e-13 -1.23731e-24 -1.41995e-14 -6.60725e-24  1.15509e-14   4.5064e-25  6.24636e-15  7.58974e-25  1.97327e-15 -1.12655e-25  4.60412e-16 -5.46509e-26  8.06759e-17  2.53776e-26  9.14307e-18  1.00072e-26 -7.54361e-20 -3.26435e-27 -3.72068e-19 -3.11498e-27 -1.20333e-19 -5.85055e-28 -2.65365e-20  1.91758e-28  -4.6725e-21  8.81348e-29 -6.87181e-22  4.94482e-30 -8.53956e-23  3.83962e-31 -8.88971e-24  1.46162e-30 -7.48102e-25  3.38748e-31   -4.559e-26 -1.07014e-32 -1.04469e-27 -5.76848e-33  1.89772e-28  1.27232e-33  3.46095e-29  3.71115e-34  3.55545e-30  3.32058e-35  2.70342e-31 -5.57521e-37  1.60708e-32  -2.0498e-36  7.49737e-34 -5.27278e-37  2.69445e-35 -4.50567e-38  7.22645e-37  2.18259e-40  1.36849e-38  1.77169e-40  1.52591e-40  3.81026e-42
-7.22569e-23    2.055e-07  1.77705e-21 -3.02263e-06 -1.42613e-20  2.21908e-05  5.38441e-20 -0.000101116 -7.34678e-20  0.000310926 -2.09718e-19 -0.000665935  1.29079e-18    0.0009889 -3.15845e-18 -0.000964605  4.32929e-18  0.000505871 -2.40817e-18  1.76087e-05 -3.24582e-18 -0.000182102  9.61856e-18  4.31457e-05  -1.2171e-17  5.35969e-05  9.38788e-18 -1.45841e-05 -4.27711e-18 -1.74706e-05  8.56681e-19  1.49113e-06 -2.22735e-19  5.27872e-06  7.58202e-19  1.11953e-06  -9.1546e-19 -9.91768e-07  5.43697e-19 -6.56919e-07 -1.53726e-19 -3.98692e-08  1.14354e-20  1.30114e-07 -1.75191e-20  7.00832e-08   1.8763e-20  8.21899e-09  3.48243e-21 -9.21439e-09 -9.64497e-21 -6.27105e-09  1.63985e-21 -1.75228e-09  1.24782e-21  6.03063e-11  4.07747e-22  2.91301e-10 -7.09206e-22  1.46689e-10  1.18761e-22  4.02077e-11  1.78747e-22  3.61043e-12 -1.54045e-22 -2.54044e-12 -6.81509e-24 -1.64123e-12  4.73779e-23 -5.72021e-13 -1.25776e-24 -1.35052e-13 -8.87272e-24 -1.86489e-14  3.66018e-25  1.07002e-15  9.65144e-25   1.6402e-15  -1.0065e-25  6.19303e-16 -7.05743e-26  1.62007e-16  2.99366e-26    3.306e-17  1.37824e-26  5.31816e-18 -4.78884e-27  6.24126e-19 -4.66554e-27   3.2252e-20 -8.61715e-28 -7.62125e-21  2.61272e-28 -2.95946e-21   1.1759e-28 -6.28033e-22  9.00325e-30  -1.0203e-22  1.48303e-30 -1.37023e-23  1.68803e-30 -1.56211e-24  3.08101e-31  -1.5241e-25 -2.21362e-32 -1.26992e-26  -5.5782e-33 -8.93933e-28  1.62018e-33 -5.20048e-29  5.33097e-34 -2.39483e-30  8.05736e-35 -7.89543e-32  3.34867e-36 -1.24547e-33 -2.47022e-36  3.89015e-35 -5.76895e-37  3.50343e-36 -4.24455e-38  1.28687e-37 -2.63825e-41  2.86341e-39  8.22327e-41  2.81989e-41
 -4.0932e-08 -6.13946e-22  1.13769e-06  8.89985e-21 -1.18424e-05 -5.55513e-20  7.07469e-05  1.76332e-19 -0.000276724 -2.09718e-19  0.000748744 -5.32393e-19  -0.00142396  2.94834e-18   0.00186695 -6.52415e-18  -0.00155375  8.02776e-18  0.000582784 -3.59058e-18  0.000220871 -6.48956e-18 -0.000289902  1.60658e-17 -8.18139e-06 -1.82689e-17  9.64769e-05  1.24546e-17   3.4757e-06  -4.5292e-18 -2.93484e-05  2.36825e-19 -6.33017e-06  -4.4925e-20  6.78949e-06   1.0122e-18   3.8009e-06 -1.15122e-18 -4.27426e-07  5.93234e-19 -1.11664e-06 -1.13387e-19 -3.79099e-07 -8.95921e-21  7.76912e-08  -2.9727e-20  1.18526e-07  2.81719e-20  4.37749e-08  6.83689e-21  2.76504e-11 -1.24304e-20 -7.82001e-09  9.77107e-24 -4.17417e-09   2.3929e-21 -1.01297e-09  6.57839e-22  6.65307e-11 -9.73642e-22  1.73196e-10  2.14394e-22  8.32877e-11  1.83252e-22  2.33255e-11 -2.09599e-22  3.03439e-12 -4.20666e-24 -7.72649e-13  6.35531e-23 -6.50986e-13 -1.03984e-24 -2.45723e-13 -1.11419e-23 -6.43702e-14  2.05638e-25 -1.19339e-14  1.16596e-24 -1.16085e-15 -7.97157e-26  1.80652e-16 -8.67965e-26  1.27791e-16  3.50504e-26  3.96869e-17   1.7785e-26  9.06144e-18 -6.96896e-27  1.66747e-18  -6.5572e-27   2.5228e-19 -1.19302e-27  3.07453e-20  3.18001e-28  2.74284e-21  1.44121e-28  1.00951e-22   1.4873e-29 -2.22035e-23  3.22849e-30  -6.3584e-24  1.84729e-30 -1.02237e-24  2.33354e-31 -1.25418e-25 -3.95785e-32 -1.25955e-26 -6.56041e-33 -1.05942e-27  1.84113e-33 -7.49939e-29  7.32224e-34 -4.44397e-30   1.3142e-34 -2.17501e-31  6.54038e-36 -8.60625e-33 -2.69558e-36 -2.66648e-34  -5.5494e-37 -6.09639e-36 -3.49407e-38 -8.75984e-38 -1.73097e-40 -3.93194e-40  2.39493e-41
 9.44231e-23 -2.93869e-07 -3.42717e-21  4.75576e-06  3.60946e-20  -3.8513e-05 -1.85083e-19   0.00019435    5.064e-19 -0.000665935 -5.32393e-19    0.0016051 -1.21273e-18  -0.00272902  6.08156e-18   0.00315958  -1.2235e-17  -0.00220248  1.35846e-17  0.000463651 -4.81193e-18  0.000562764 -1.13992e-17 -0.000359576  2.43742e-17 -0.000124176 -2.50302e-17  0.000129072  1.49472e-17  4.46272e-05 -3.93831e-18 -3.46276e-05 -7.81542e-19 -2.03149e-05  1.55319e-19  4.54129e-06  1.28985e-18  7.04762e-06 -1.34337e-18  1.40798e-06  5.82032e-19 -1.18848e-06 -4.08115e-20 -8.61237e-07 -3.14939e-20 -1.36781e-07 -4.85036e-20  1.16527e-07   3.8325e-20  8.70412e-08  1.25905e-20  2.34887e-08 -1.54791e-20 -2.96745e-09  -2.4315e-21 -5.50787e-09  3.70929e-21 -2.51735e-09  9.06204e-22 -5.63407e-10 -1.17743e-21  3.51231e-11  3.48498e-22  8.84238e-11  1.61118e-22  4.21428e-11 -2.78647e-22   1.2285e-11  1.16009e-24  2.08765e-12  8.07525e-23 -6.33496e-14 -5.08241e-25 -1.96684e-13  -1.3124e-23 -8.50397e-14  4.19786e-26 -2.44456e-14  1.34943e-24 -5.28692e-15 -6.24936e-26 -8.39198e-16 -1.03917e-25 -7.30441e-17  4.20094e-26   8.5559e-18  2.20286e-26    5.688e-18 -9.78566e-27  1.58338e-18 -8.68304e-27  3.24926e-19 -1.57971e-27  5.43451e-20  3.38679e-28  7.64204e-21   1.6189e-28  9.08396e-22  2.22268e-29  9.00269e-23  5.57676e-30  7.11379e-24  1.96115e-30  3.88198e-25  1.32943e-31  3.78328e-27  -6.1178e-32 -2.25626e-27 -8.71464e-33 -3.39833e-28  2.01205e-33 -3.17553e-29   9.5457e-34 -2.22342e-30  1.76351e-34 -1.21321e-31  8.49159e-36 -5.14941e-33 -2.63728e-36 -1.65436e-34 -4.68298e-37 -3.75045e-36 -2.47121e-38 -4.92425e-38 -1.78392e-40    -1.67e-40
 4.43588e-08  6.11745e-22 -1.37426e-06 -1.45633e-20  1.59483e-05  1.22983e-19 -0.000106404 -5.37292e-19  0.000466498  1.29079e-18  -0.00142396 -1.21273e-18   0.00308986 -2.49663e-18  -0.00472247  1.13988e-17    0.0048172  -2.0955e-17  -0.00272261  2.11217e-17  2.67338e-05 -5.85451e-18   0.00100495 -1.78765e-17 -0.000317217  3.38411e-17 -0.000301657 -3.15174e-17  0.000120414  1.62612e-17  0.000106007 -2.40924e-18 -2.23845e-05 -2.06772e-18 -3.70163e-05  3.15427e-19 -4.03107e-06  1.56428e-18  8.89435e-06 -1.46529e-18  4.48179e-06  5.08902e-19 -3.42026e-07  5.68542e-20 -1.22556e-06 -5.19998e-20 -5.12879e-07 -7.36477e-20  3.70577e-09  4.79873e-20  1.05012e-07  2.08533e-20  5.50908e-08 -1.86297e-20  1.11491e-08 -5.38001e-21 -3.03123e-09   4.9838e-21 -3.36457e-09  1.06276e-21 -1.39393e-09 -1.25648e-21 -3.05961e-10  5.34112e-22  7.29999e-12  1.06924e-22  3.80798e-11 -3.59606e-22  1.86896e-11  8.34499e-24   5.7261e-12  9.72021e-23  1.16951e-12  3.26139e-25  1.02567e-13 -1.44839e-23 -3.58683e-14 -3.97865e-27 -2.20622e-14  1.50319e-24  -7.1361e-15 -6.91649e-26 -1.71289e-15 -1.23361e-25 -3.24636e-16  5.24865e-26 -4.77253e-17  2.68242e-26 -4.69398e-18 -1.29271e-26 -1.62072e-20 -1.08444e-26  1.22823e-19 -2.02167e-27  3.49428e-20  2.99461e-28  6.66135e-21  1.65069e-28  1.01145e-21  3.00532e-29  1.28615e-22     8.29e-30  1.39432e-23  2.05648e-30  1.29382e-24  2.93248e-32  1.02255e-25 -8.38041e-32  6.79063e-27   -1.135e-32   3.6929e-28  2.27361e-33  1.56424e-29  1.17458e-33   4.5694e-31  2.06823e-34   4.9925e-33  9.07252e-36 -3.07602e-34 -2.29619e-36 -2.00407e-35 -3.44182e-37 -5.52396e-37 -1.46194e-38 -5.69936e-39 -9.70513e-41
 6.18638e-23   2.6208e-07  2.44755e-21 -4.82344e-06 -5.00998e-20  4.43161e-05  3.60704e-19 -0.000253711 -1.37822e-18    0.0009889  2.94834e-18  -0.00272902 -2.49663e-18   0.00538188  -4.6718e-18  -0.00742691  1.95096e-17   0.00663882 -3.29367e-17  -0.00286178  3.03629e-17 -0.000792038  -6.5821e-18   0.00143772 -2.53081e-17 -9.41317e-05   4.3298e-17 -0.000502056  -3.6717e-17  3.97873e-05  1.60325e-17  0.000170166 -1.04524e-19   1.6014e-05 -3.39938e-18 -4.82122e-05  3.87919e-19  -1.9266e-05  1.80254e-18  6.63197e-06 -1.50879e-18  7.77339e-06  3.87199e-19  1.71885e-06  1.68277e-19 -1.05726e-06 -6.72451e-20 -9.10054e-07 -1.03558e-19 -2.41282e-07   5.6118e-20  5.49958e-08   3.0992e-20  7.49604e-08 -2.16119e-20  3.12487e-08 -8.31115e-21  4.88896e-09  5.96295e-21 -2.06571e-09  1.01723e-21 -1.81484e-09 -1.16226e-21 -7.10999e-10  7.79317e-22 -1.60797e-10  2.13646e-23 -5.76154e-12 -4.47745e-22  1.32102e-11  1.54809e-23  7.06896e-12   1.1072e-22  2.29473e-12  1.35966e-24  5.31743e-13 -1.48731e-23  8.14425e-14  2.12638e-25  2.39334e-15  1.60826e-24 -3.48054e-15 -1.25425e-25 -1.47831e-15 -1.47193e-25 -3.98451e-16  6.79638e-26 -8.35694e-17  3.27885e-26 -1.43267e-17 -1.57377e-26 -2.01084e-18 -1.27591e-26 -2.21056e-19 -2.50955e-27  -1.5803e-20  1.83957e-28  1.93719e-22  1.49326e-28  3.01187e-22  3.67489e-29  6.23396e-23   1.0935e-29  8.86509e-24  2.13103e-30  1.00193e-24 -6.37796e-32  9.38847e-26 -1.04579e-31  7.38983e-27 -1.34603e-32  4.88501e-28  2.72163e-33  2.68773e-29  1.35358e-33  1.20972e-30  2.16985e-34  4.32867e-32  8.43866e-36  1.17161e-33 -1.76869e-36  2.18754e-35 -2.17455e-37  2.42216e-37 -6.87299e-39  1.41872e-39
-2.67794e-08   8.3901e-22  9.85411e-07   6.5363e-21 -1.34017e-05 -1.44392e-19  0.000103943  9.26788e-19 -0.000527794 -3.15845e-18   0.00186695  6.08156e-18  -0.00472247  -4.6718e-18   0.00853976 -7.98143e-18   -0.0106775  3.06062e-17   0.00828277 -4.76962e-17   -0.0023802  4.05945e-17  -0.00194519 -7.06723e-18   0.00169828 -3.26139e-17   0.00033647   5.1398e-17 -0.000653296 -3.98428e-17 -0.000126146  1.42726e-17  0.000206742  2.58676e-18  8.02313e-05 -4.53577e-18 -4.30922e-05  3.63601e-19 -3.75475e-05  1.97567e-18 -1.81799e-06 -1.48639e-18  9.30061e-06  2.39374e-19  4.65477e-06  2.81172e-19  3.42628e-09 -7.56878e-20 -1.05247e-06 -1.35426e-19 -5.51247e-07  6.20764e-20 -8.57077e-08   4.1614e-20  5.61665e-08  -2.4028e-20  4.59308e-08 -1.05724e-20  1.63376e-08  6.41227e-21  2.12883e-09  6.69638e-22 -1.09968e-09 -8.76842e-22 -8.66864e-10  1.07924e-21 -3.31786e-10 -8.85596e-23 -7.94863e-11 -5.35696e-22 -7.78379e-12  2.01504e-23   3.2538e-12  1.19078e-22  2.17951e-12  2.46205e-24  7.63873e-13 -1.39575e-23  1.94076e-13  8.23113e-25  3.70723e-14  1.63308e-24  4.75416e-15  -2.5847e-25  9.06116e-17 -1.78093e-25 -1.64347e-16   8.8963e-26 -6.00164e-17  4.07115e-26 -1.42328e-17 -1.72954e-26 -2.66281e-18 -1.41001e-26 -4.14448e-19 -3.01516e-27 -5.45027e-20   -9.123e-30  -6.0296e-21  1.13265e-28 -5.46363e-22  4.04908e-29 -3.74913e-23  1.29455e-29 -1.39241e-24  2.12794e-30  8.06118e-26 -1.49798e-31  2.16962e-26 -1.22271e-31  2.48208e-27 -1.43077e-32  2.01452e-28  3.30809e-33  1.26041e-29  1.44552e-33  6.15933e-31   2.0497e-34  2.30671e-32  6.90242e-36  6.27653e-34 -1.19959e-36   1.1097e-35  -1.1541e-37  1.02255e-37 -2.24551e-39
-5.66676e-22  -1.1297e-07  6.06777e-21  2.65843e-06  9.55778e-21 -3.00881e-05 -3.56349e-19  0.000207678  2.11434e-18 -0.000964605 -6.52415e-18   0.00315958  1.13988e-17  -0.00742691 -7.98143e-18    0.0124233 -1.24891e-17   -0.0141105  4.41233e-17   0.00934437  -6.3833e-17  -0.00114574  5.07752e-17  -0.00325606 -7.64026e-18   0.00162112 -3.85117e-17  0.000931776   5.6997e-17 -0.000670059 -4.05535e-17 -0.000359121  1.13623e-17  0.000182198  5.16413e-18  0.000156636 -5.29783e-18 -1.30937e-05  2.77149e-19 -5.12568e-05  2.06868e-18 -1.62167e-05 -1.42515e-18   6.8357e-06  8.91164e-20  7.31765e-06  3.84788e-19  1.96578e-06 -7.74954e-20 -6.43835e-07 -1.65645e-19 -7.61503e-07  6.55237e-20 -2.87485e-07  5.07867e-20 -1.78062e-08 -2.53673e-20  3.97363e-08 -1.15165e-20  2.50467e-08  6.18093e-21  8.03212e-09 -3.04553e-23  9.97488e-10 -4.19081e-22 -4.67642e-10   1.4109e-21   -3.632e-10 -2.12147e-22 -1.39381e-10 -6.15343e-22 -3.56478e-11   1.9722e-23 -5.35378e-12  1.20409e-22  2.65852e-13  3.59017e-24   4.9931e-13 -1.14465e-23  2.00999e-13  1.90722e-24  5.55191e-14  1.53341e-24  1.19124e-14 -4.91347e-25  2.00918e-15  -2.1949e-25  2.46656e-16  1.14365e-25  1.32895e-17  5.12966e-26 -3.28994e-18 -1.66232e-26 -1.32935e-18 -1.45597e-26 -2.93481e-19 -3.48639e-27 -4.95645e-20 -2.62021e-28 -6.91529e-21  5.93435e-29 -8.18712e-22  3.97697e-29 -8.29485e-23  1.37379e-29  -7.1805e-24  1.93761e-30 -5.25881e-25 -2.48031e-31 -3.19372e-26 -1.37669e-31 -1.54839e-27 -1.38482e-32 -5.51445e-29   3.8279e-33 -1.08657e-30  1.41281e-33  1.53721e-32  1.73643e-34  2.07472e-33  4.87685e-36  7.40299e-35 -7.12826e-37  1.20155e-36 -4.90907e-38  6.68079e-39
 2.90991e-09 -4.47354e-21 -2.45288e-07  3.06842e-20  5.15506e-06 -9.97878e-21 -5.43505e-05 -7.64486e-19  0.000353503  4.32929e-18  -0.00155375  -1.2235e-17    0.0048172  1.95096e-17   -0.0106775 -1.24891e-17    0.0166721 -1.79334e-17    -0.017232  5.85338e-17   0.00947836 -7.91363e-17  0.000796882  5.97769e-17  -0.00445398 -8.80145e-18   0.00110048 -4.19092e-17   0.00157727  5.94589e-17 -0.000485741 -3.89915e-17  -0.00060661  7.91712e-18  7.43412e-05  7.16272e-18  0.000219608 -5.62083e-18  4.26668e-05  1.92466e-19 -5.10507e-05  2.08559e-18 -3.29907e-05 -1.35523e-18 -8.83031e-07  -4.5118e-20  8.03194e-06  4.71085e-19  4.28385e-06 -7.39276e-20  4.40702e-07 -1.90367e-19 -6.69701e-07  6.60673e-20 -4.58799e-07  5.64105e-20  -1.3397e-07 -2.50815e-20  2.99889e-09 -1.06429e-20  2.29101e-08  5.25689e-21  1.23663e-08 -1.04639e-21  3.74744e-09  1.62149e-22   5.0989e-10   1.7345e-21 -1.51083e-10 -3.39182e-22 -1.30432e-10 -6.80634e-22 -5.14407e-11  1.13942e-23 -1.39999e-11  1.13487e-22 -2.64619e-12  4.87801e-24 -2.34039e-13 -7.12875e-24  6.10765e-14  3.46692e-24  3.78813e-14   1.2612e-24  1.18529e-14 -8.36812e-25   2.7703e-15 -2.75604e-25  5.23121e-16  1.41154e-25  8.09792e-17  6.48495e-26  9.99864e-18 -1.29761e-26  8.73444e-19 -1.39238e-26  2.08771e-20 -3.85149e-27 -1.07459e-20 -5.39818e-28 -2.78774e-21 -6.17381e-30 -4.47025e-22  3.38674e-29 -5.56777e-23   1.2846e-29  -5.7118e-24  1.43268e-30 -4.92006e-25 -3.82716e-31 -3.57083e-26 -1.52666e-31 -2.17078e-27 -1.27282e-32 -1.09023e-28  4.01416e-33 -4.42102e-30    1.246e-33 -1.39717e-31  1.30309e-34 -3.26992e-33   2.8398e-36 -5.31394e-35 -3.67027e-37 -5.28258e-37 -1.46999e-38
  1.3487e-21 -1.97341e-08 -2.32396e-20 -8.32531e-08  1.20438e-19  6.11745e-06 -1.21315e-19 -7.54668e-05 -1.44134e-18  0.000505871  8.02776e-18  -0.00220248  -2.0955e-17   0.00663882  3.06062e-17   -0.0141105 -1.79334e-17    0.0207699  -2.3639e-17   -0.0195514  7.14424e-17   0.00851457 -9.10261e-17   0.00321894  6.66678e-17  -0.00525138 -1.10077e-17  0.000136595 -4.22583e-17   0.00211456  5.87564e-17 -8.19571e-05 -3.56501e-17 -0.000794036  4.59574e-18 -0.000114994  8.27297e-18   0.00023905 -5.56106e-18  0.000114228  1.75493e-19 -2.98265e-05  2.04653e-18 -4.57092e-05 -1.29873e-18 -1.30285e-05  -1.5286e-19  5.31803e-06  5.34988e-19  5.91802e-06 -6.62647e-20   1.9893e-06 -2.06105e-19 -1.50693e-07  6.28531e-20 -4.77127e-07  5.66118e-20 -2.43659e-07 -2.27398e-20 -5.79312e-08 -7.72395e-21  5.25163e-09  3.79583e-21  1.12869e-08 -2.23169e-21  5.55289e-09  8.07377e-22  1.65114e-09  2.00289e-21  2.63983e-10 -4.63275e-22 -2.90261e-11 -7.30156e-22 -3.83899e-11 -8.03983e-24 -1.61275e-11  9.77677e-23 -4.65357e-12  6.62899e-24 -1.00532e-12 -9.28043e-25 -1.53046e-13  5.41849e-24 -9.26663e-15  7.80396e-25  3.54245e-15 -1.29256e-24  1.66719e-15 -3.51054e-25  4.44366e-16  1.64802e-25  9.08874e-17  8.10229e-26   1.5319e-17 -6.10714e-27  2.17503e-18  -1.2132e-26  2.60044e-19 -4.03335e-27  2.56161e-20 -7.97981e-28  1.94653e-21 -7.43653e-29  8.84215e-23    2.306e-29 -2.79878e-24  1.00379e-29 -1.15232e-24   5.2395e-31 -1.50077e-25  -5.6792e-31 -1.35659e-26 -1.68586e-31 -9.45669e-28 -1.18615e-32 -5.19525e-29  3.68923e-33 -2.22747e-30  9.75076e-34  -7.2128e-32  8.47954e-35 -1.66387e-33   1.2267e-36 -2.46798e-35 -1.57883e-37 -1.64977e-37
 6.70645e-09   9.1272e-21 -1.87864e-07 -9.22876e-20  1.51938e-06   3.8744e-19 -1.19631e-06 -4.84889e-19 -6.60192e-05 -2.40817e-18  0.000582784  1.35846e-17  -0.00272261 -3.29367e-17   0.00828277  4.41233e-17    -0.017232  -2.3639e-17    0.0241798  -2.8556e-17    -0.020726  8.00459e-17   0.00651442 -9.72259e-17   0.00576838  7.09244e-17  -0.00543025 -1.44219e-17  -0.00115569 -3.97135e-17    0.0023882  5.53484e-17  0.000497983 -3.11609e-17  -0.00084766  1.93413e-18 -0.000355363  8.39638e-18  0.000191404 -5.25944e-18  0.000181921  2.67558e-19  1.33469e-05  1.97824e-18 -4.71693e-05 -1.26395e-18 -2.63223e-05 -2.30882e-19 -1.24035e-06  5.74476e-19   5.7139e-06 -5.45086e-20  3.43335e-06 -2.10268e-19  7.32076e-07  5.43814e-20 -2.54065e-07  5.00456e-20 -2.79095e-07   -1.825e-20  -1.1791e-07 -2.89983e-21 -2.42818e-08  2.10615e-21  2.99547e-09   -3.335e-21  4.80576e-09  1.47245e-21  2.25298e-09  2.17761e-21  6.74481e-10 -5.81999e-22   1.2659e-10 -7.68124e-22  3.45329e-12 -4.23702e-23 -8.37294e-12  7.32473e-23 -4.08472e-12  9.19159e-24 -1.26051e-12  7.02894e-24 -2.96444e-13  7.60372e-24 -5.46834e-14  8.30081e-26 -7.47396e-15 -1.83975e-24 -5.29565e-16 -4.49894e-25  7.74032e-17  1.80225e-25  4.00253e-17  9.87136e-26  9.75912e-18  3.58972e-27  1.78169e-18 -9.30274e-27  2.66954e-19 -3.96955e-27   3.3867e-20 -9.93204e-28  3.67619e-21  -1.3572e-28  3.41298e-22  8.46597e-30   2.6858e-23   5.3841e-30  1.75682e-24 -7.86656e-31  9.19198e-26 -7.96038e-31  3.52369e-27 -1.84722e-31  7.14912e-29 -1.18545e-32 -1.69068e-30  2.87625e-33 -2.16406e-31  6.62004e-34 -9.53225e-33  4.61959e-35 -2.42137e-34  2.69512e-37    -3.44e-36 -4.98528e-38
-1.99119e-21  3.98095e-08   4.1225e-20 -7.81802e-07 -2.98491e-19  6.77927e-06  1.05599e-18 -2.84445e-05  -1.3898e-18  1.76087e-05 -3.59058e-18  0.000463651  2.11217e-17  -0.00286178 -4.76962e-17   0.00934437  5.85338e-17   -0.0195514  -2.8556e-17    0.0264977 -3.14599e-17   -0.0206532  8.18763e-17    0.0037452 -9.64376e-17   0.00807076  7.24909e-17  -0.00490156 -1.87455e-17  -0.00257816 -3.50354e-17    0.0022918    4.993e-17   0.00115732 -2.61084e-17 -0.000718738   2.5462e-19   -0.0005937  7.63377e-18  6.95607e-05 -4.88182e-18  0.000221821  4.70875e-19  7.12397e-05  1.90189e-18  -3.2346e-05 -1.24705e-18 -3.57966e-05 -2.81016e-19 -1.04325e-05  5.90859e-19  2.96482e-06 -3.62017e-20  4.02875e-06 -2.01411e-19  1.69175e-06  3.87713e-20  1.98065e-07  3.60658e-20 -1.88787e-07 -1.20842e-20 -1.42301e-07  3.27068e-21  -5.3072e-08  5.79473e-22 -1.02501e-08 -4.04126e-21  1.04677e-09  2.14997e-21  1.75041e-09  2.24635e-21  8.12151e-10 -6.93173e-22  2.48451e-10 -8.02956e-22  5.29637e-11 -9.56181e-23  6.02206e-12  4.03228e-23  -9.0085e-13  1.27812e-23 -7.57844e-13  1.63619e-23 -2.63295e-13  9.81714e-24 -6.65244e-14 -8.02122e-25 -1.34559e-14 -2.44562e-24 -2.22206e-15 -5.74194e-25 -2.92173e-16  1.83031e-25 -2.71968e-17  1.16167e-25 -7.10963e-19  1.51147e-26  3.72232e-19  -5.7163e-27  1.03226e-19 -3.63103e-27  1.76565e-20 -1.09406e-27  2.34878e-21 -1.82549e-28  2.57977e-22 -8.36263e-30  2.38739e-23 -7.32001e-31  1.87018e-24 -2.38017e-30  1.23477e-25 -1.03573e-30  6.79274e-27 -1.97951e-31  3.05445e-28 -1.26392e-32  1.09037e-29  1.79865e-33   2.9537e-31  3.76303e-34  5.59207e-33  1.97543e-35  5.92088e-35 -8.65359e-38  9.76699e-38
-2.32094e-09 -1.19479e-20  1.24771e-07  1.43773e-19 -2.10696e-06 -8.14977e-19  1.80552e-05  2.49384e-18 -8.79478e-05 -3.24582e-18  0.000220871 -4.81193e-18  2.67338e-05  3.03629e-17   -0.0023802  -6.3833e-17   0.00947836  7.14424e-17    -0.020726 -3.14599e-17    0.0275581 -3.12776e-17    -0.019476  7.55828e-17   0.00058892 -8.87579e-17   0.00982656  7.16793e-17  -0.00371756 -2.32259e-17  -0.00390453 -2.93008e-17   0.00179585  4.31905e-17   0.00177142 -2.09378e-17 -0.000399568 -3.48439e-19 -0.000768562  6.22664e-18 -0.000112425 -4.56004e-18  0.000213534  7.51323e-19  0.000129512  1.82409e-18 -9.53794e-07 -1.23955e-18 -3.65027e-05 -3.08781e-19 -1.95158e-05  5.89001e-19 -2.10784e-06 -5.86518e-21  3.18469e-06 -1.79105e-19  2.30162e-06   1.4523e-20  7.40166e-07  1.48024e-20  2.64149e-08 -5.40455e-21 -1.05414e-07  9.81902e-21 -6.48345e-08 -4.27913e-22 -2.24127e-08  -4.0481e-21 -4.38962e-09  2.87478e-21  1.52441e-10  2.23471e-21  5.27211e-10 -7.89088e-22  2.53021e-10 -8.43735e-22  7.98453e-11 -1.70888e-22  1.86418e-11 -1.44759e-25  3.06913e-12  1.73638e-23  2.14421e-13   2.6447e-23 -7.27035e-14  1.18449e-23  -3.7718e-14 -1.81161e-24 -1.07264e-14 -3.06927e-24 -2.32519e-15 -7.22553e-25 -4.14006e-16  1.70647e-25 -6.19268e-17  1.31283e-25 -7.77104e-18  2.70724e-26 -7.97362e-19 -1.75818e-27 -6.17105e-20 -3.03245e-27  -2.4997e-21 -1.08829e-27  1.99209e-22 -2.10955e-28  5.77106e-23 -2.58786e-29  7.62316e-24 -7.65597e-30  7.28982e-25 -4.03493e-30  5.48018e-26 -1.24043e-30  3.29938e-27 -2.03712e-31  1.58006e-28  -1.3532e-32  5.86793e-30  7.67817e-34  1.60814e-31   1.6698e-34  2.93278e-33   5.6717e-36  2.66797e-35 -9.49772e-38
 2.07307e-21 -1.32122e-09 -4.79944e-20   2.0381e-07  4.11285e-19 -3.86588e-06 -1.92269e-18  3.48303e-05  5.18661e-18 -0.000182102 -6.48956e-18  0.000562764 -5.85451e-18 -0.000792038  4.05945e-17  -0.00114574 -7.91363e-17   0.00851457  8.00459e-17   -0.0206532 -3.12776e-17    0.0274507 -2.74357e-17   -0.0175091  6.14523e-17  -0.00256964 -7.56692e-17    0.0108694  6.89765e-17  -0.00204013 -2.68471e-17  -0.00493635 -2.35581e-17  0.000949968  3.56793e-17   0.00221977 -1.59542e-17  7.36356e-05  2.62309e-20 -0.000827098  4.48012e-18 -0.000321537  -4.3531e-18  0.000147339  1.05582e-18  0.000170576  1.73466e-18  4.15248e-05 -1.23769e-18 -2.55134e-05 -3.23746e-19 -2.50306e-05  5.76772e-19 -8.21856e-06  4.44247e-20  7.92039e-07 -1.43435e-19  2.17574e-06 -1.84109e-20  1.14624e-06 -1.27811e-20  2.99318e-07  2.28169e-23 -8.10268e-09   1.5458e-20  -4.8658e-08 -7.33614e-22 -2.65799e-08 -3.16301e-21 -8.83847e-09  3.70725e-21 -1.84413e-09  2.20572e-21 -8.61744e-11 -8.52424e-22  1.20906e-10 -8.96054e-22  6.52568e-11 -2.68653e-22  2.15473e-11 -4.65048e-23  5.36435e-12  2.26927e-23   1.0384e-12  3.65143e-23  1.46505e-13  1.35089e-23  9.69532e-15 -2.85928e-24 -2.17113e-15 -3.66818e-24  -1.0443e-15 -8.88944e-25 -2.61822e-16  1.43028e-25 -4.98408e-17  1.42064e-25 -7.82156e-18  3.79933e-26 -1.04115e-18  2.16049e-27 -1.18631e-19 -2.23063e-27 -1.15497e-20  -9.8479e-28 -9.49854e-22 -2.21625e-28 -6.43465e-23  -4.2787e-29 -3.39969e-24 -1.45483e-29 -1.19882e-25 -5.47849e-30   -6.605e-28  -1.3638e-30  2.61679e-28 -1.97944e-31  2.13082e-29 -1.36634e-32  9.70188e-31  3.17921e-35  2.80238e-32  4.71932e-35  4.59894e-34  4.42108e-37  2.40916e-36
-1.66383e-09   1.1102e-20  3.76029e-08 -1.49059e-19 -6.62637e-08  9.97956e-19 -4.03351e-06 -3.98486e-18  4.92174e-05  9.61856e-18 -0.000289902 -1.13992e-17   0.00100495  -6.5821e-18  -0.00194519  5.07752e-17  0.000796882 -9.10261e-17   0.00651442  8.18763e-17    -0.019476 -2.74357e-17    0.0264549 -2.00957e-17   -0.0151267   4.1444e-17  -0.00543103 -5.96101e-17    0.0111734   6.4862e-17 -8.57732e-05 -2.86307e-17  -0.00554076 -1.85679e-17 -0.000136334  2.77978e-17   0.00241302 -1.13675e-17  0.000630307  1.14017e-18 -0.000738887  2.69139e-18 -0.000513833 -4.23711e-18  2.81504e-05  1.33615e-18  0.000178897  1.61252e-18  8.48561e-05  -1.2492e-18  -3.3954e-06 -3.40872e-19 -2.40577e-05  5.63244e-19 -1.33441e-05   1.2308e-19 -2.61734e-06 -9.43938e-20  1.16657e-06 -5.76321e-20  1.19926e-06 -4.48028e-20  5.17363e-07  2.18011e-21  1.16808e-07  1.87704e-20 -6.54096e-09 -4.40115e-22 -1.89956e-08 -1.39303e-21 -9.74207e-09  4.69801e-21   -3.198e-09  2.24426e-21 -7.20364e-10 -8.57543e-22 -8.33335e-11 -9.59259e-22  1.56893e-11 -3.85207e-22   1.2879e-11 -9.59083e-23  4.64151e-12  2.84997e-23  1.22113e-12  4.58191e-23    2.565e-13  1.47068e-23  4.36424e-14 -3.85173e-24  5.79372e-15 -4.20291e-24  5.03342e-16 -1.06223e-24 -5.13983e-18  1.02853e-25 -1.31382e-17  1.47113e-25 -3.30607e-18  4.66732e-26 -5.69997e-19  5.68445e-27 -7.84296e-20 -1.31218e-27 -9.01324e-21  -8.1023e-28 -8.79084e-22 -2.19103e-28 -7.30072e-23 -5.80269e-29 -5.14023e-24 -2.05091e-29 -3.03543e-25 -6.46033e-30 -1.47718e-26 -1.37561e-30 -5.76752e-28  -1.7907e-31 -1.73326e-29  -1.2496e-32 -3.74034e-31 -3.23209e-34 -5.12724e-33 -1.23679e-36 -3.82082e-35 -4.08268e-37
-1.63059e-21 -1.10644e-08  3.97454e-20  2.07802e-07 -3.79533e-19 -1.49149e-06  2.09827e-18  1.95442e-06 -7.34692e-18  4.31457e-05  1.60658e-17 -0.000359576 -1.78765e-17   0.00143772 -7.06723e-18  -0.00325606  5.97769e-17   0.00321894 -9.72259e-17    0.0037452  7.55828e-17   -0.0175091 -2.00957e-17    0.0249288 -1.01734e-17   -0.0126617  1.87017e-17  -0.00782118 -4.33013e-17    0.0108208  5.97142e-17   0.00192904 -2.79274e-17  -0.00566327 -1.46988e-17  -0.00132363  1.98688e-17   0.00230815 -7.33757e-18   0.00118265   2.6691e-18 -0.000502889  1.09742e-18 -0.000645311 -4.12178e-18 -0.000124866  1.56996e-18  0.000145893  1.43691e-18  0.000116813 -1.29466e-18  2.54705e-05  -3.8105e-19 -1.54255e-05  5.55687e-19 -1.54197e-05  2.35941e-19 -5.98174e-06 -3.15374e-20 -5.20288e-07 -9.78392e-20   7.9945e-07 -7.83742e-20  5.72201e-07 -6.25211e-22  2.16536e-07  1.84853e-20  4.55929e-08  3.25247e-23 -1.72457e-09  1.00729e-21 -6.20737e-09  5.84747e-21 -3.13382e-09  2.42943e-21 -1.03313e-09  -7.7858e-22 -2.48831e-10 -1.02664e-21 -4.07569e-11 -5.12172e-22 -1.93147e-12 -1.44148e-22  1.55321e-12  3.47323e-23  7.28731e-13  5.38238e-23  2.08603e-13  1.54346e-23  4.63243e-14 -4.70199e-24  8.47774e-15  -4.6389e-24  1.29915e-15 -1.22657e-24  1.65173e-16   5.5239e-26  1.66677e-17  1.46058e-25  1.14118e-18  5.24351e-26  5.58667e-21  8.57559e-27 -1.33745e-20  -3.7535e-28  -2.5864e-21 -6.01667e-28 -3.25917e-22 -2.09767e-28 -3.18054e-23 -7.05949e-29 -2.51213e-24 -2.47355e-29 -1.62083e-25 -6.82116e-30 -8.47507e-27 -1.27198e-30 -3.51282e-28 -1.49033e-31 -1.10824e-29 -1.01102e-32 -2.47315e-31 -3.70202e-34 -3.38788e-33 -9.76623e-36 -1.96487e-35
