 2.26709e-34 -3.44808e-38  7.87117e-35 -4.69386e-37 -9.84148e-36  2.62566e-37 -3.34072e-34 -2.20728e-36  -2.6297e-34  -1.4327e-36 -4.23033e-35  1.21998e-36  3.74526e-35  2.40514e-36  3.63018e-35  1.08484e-36  3.17911e-35  5.42633e-37 -4.30918e-36  -1.0778e-36  2.88045e-36  4.54875e-38  4.92592e-36 -5.80953e-38 -6.20289e-36 -1.31149e-38  3.72548e-37  1.16664e-37  9.42565e-37  1.84812e-38 -1.69091e-37 -5.22995e-38 -5.58249e-37  4.49118e-38  4.49744e-37 -7.93745e-39 -1.62143e-37 -1.34071e-39  1.95091e-38 -1.45992e-39 -4.30946e-39  1.02623e-39  7.76639e-39 -9.68718e-41 -4.16898e-39  7.08227e-41  8.71491e-40 -1.41772e-41 -1.19849e-39 -1.10386e-40 -4.79724e-40 -1.05822e-41  8.45288e-40 -8.10119e-42 -3.89022e-40 -2.13846e-42  5.56656e-41 -1.88299e-42 -2.85866e-41  2.01927e-42   5.4351e-41  3.32576e-43 -1.35599e-40 -1.26755e-43  3.40767e-40 -1.17847e-44 -7.85061e-40 -6.72847e-44   1.6507e-39  2.25981e-43 -3.15864e-39 -5.03284e-43  5.47766e-39  1.14932e-42 -8.55102e-39 -2.42359e-42  1.19207e-38  4.73304e-42 -1.46879e-38 -8.53174e-42   1.5772e-38  1.41752e-41 -1.44617e-38 -2.16109e-41  1.09588e-38    3.006e-41 -6.45115e-39 -3.78376e-41  2.50742e-39  4.25638e-41 -1.66263e-40  -4.1899e-41 -5.60474e-40  3.46329e-41  3.96175e-40 -2.16052e-41 -8.79106e-41  5.81275e-42 -4.39127e-41  8.59977e-42  3.81837e-41  -1.8076e-41 -9.46841e-42  2.11483e-41 -2.12007e-43 -1.88104e-41  -2.0414e-43  1.36101e-41  6.86182e-43  -8.1642e-42 -3.22043e-43  4.06208e-42  7.24855e-44 -1.65902e-42 -1.38751e-44  5.45281e-43  3.69592e-45 -1.39824e-43 -7.51618e-46  2.66644e-44  8.93921e-47 -3.49458e-45 -8.20821e-48  2.70331e-46  5.44322e-49 -7.90035e-48
-3.44808e-38  5.59001e-34  6.14055e-38  2.94725e-34 -1.89501e-36 -7.21633e-35  1.46519e-36 -6.48439e-34 -6.54426e-36 -5.04249e-34 -5.71782e-36 -6.57744e-35  3.10183e-36  5.12415e-35  5.72043e-36  4.66757e-35  1.78771e-36  5.76684e-35  1.16262e-36 -1.00908e-35 -2.62171e-36    5.067e-36  5.51952e-37  1.71813e-35 -2.45057e-37  -1.8147e-35 -6.21012e-38  2.30099e-36  3.19788e-37  2.02272e-36  2.84647e-38 -6.17161e-37 -1.40664e-37 -1.31429e-36   1.0909e-37  1.12389e-36 -2.04426e-38 -5.02897e-37  9.09076e-40  1.03365e-37 -4.30831e-39 -3.01587e-38    1.987e-39  8.62333e-39 -1.39119e-40  1.12797e-39  2.76097e-40   8.7464e-40 -3.38988e-41 -4.86009e-39 -4.02653e-40 -1.71215e-39 -2.74566e-41  2.77767e-39 -1.29099e-41 -1.32408e-39 -1.32025e-41  3.08125e-40 -5.73814e-42  -6.3316e-40  6.51863e-42  1.61402e-39   1.4196e-42 -4.15587e-39 -3.19633e-43  1.00026e-38  6.45899e-43 -2.20101e-38 -2.39589e-42  4.41611e-38  6.09889e-42  -8.0457e-38 -1.40308e-41  1.32374e-37  3.04906e-41 -1.95276e-37 -6.17388e-41  2.55947e-37  1.16365e-40 -2.94473e-37 -2.03774e-40  2.92383e-37  3.30867e-40 -2.44137e-37 -4.96703e-40  1.63914e-37  6.87021e-40 -8.02123e-38 -8.71721e-40  1.97309e-38  1.00899e-39  7.60898e-39  -1.0575e-39 -1.03906e-38  9.93348e-40  4.35072e-39 -8.23615e-40   4.8222e-41   5.8778e-40   -9.072e-40 -3.43653e-40  3.68647e-40  1.44103e-40 -1.06233e-41 -1.73053e-41 -2.34367e-41 -3.87971e-41  -4.8472e-42  4.68007e-41  7.18099e-42 -3.35169e-41 -2.02905e-42  1.77663e-41  2.60206e-43 -7.27872e-42 -5.76243e-44  2.30019e-42  1.84955e-44 -5.45576e-43 -2.58159e-45  9.19574e-44  1.80087e-46 -9.93726e-45 -1.56276e-47    5.438e-46  7.26277e-49
 7.87117e-35  6.14055e-38  1.08968e-33  1.26032e-36  6.45298e-34 -5.10116e-36 -1.81871e-34  4.52237e-36 -8.56807e-34 -1.10047e-35 -6.69109e-34  -1.4298e-35 -1.01456e-34   5.7777e-36  5.24565e-35  9.68613e-36  5.34144e-35  2.00039e-36  6.34379e-35  1.72007e-36 -1.46625e-35 -4.56218e-36   5.2214e-36  1.71397e-36  3.69137e-35 -5.48632e-37 -3.75891e-35 -1.10896e-37  6.81691e-36  6.47733e-37  2.73886e-36  1.12978e-38 -1.60436e-36 -2.76421e-37 -2.04879e-36  1.87661e-37  2.02077e-36 -4.06268e-38 -1.13655e-36  1.20471e-38  3.14534e-37 -9.08248e-39 -9.96941e-38  1.46896e-39 -1.79182e-38  -3.1333e-40   3.4291e-38   7.1101e-40 -2.30242e-39 -9.71839e-41 -1.30596e-38 -1.02332e-39 -4.42037e-39 -7.06708e-41  6.54298e-39  5.06366e-42 -4.28243e-39 -4.59237e-41  4.63509e-39 -9.78202e-42 -1.31856e-38  1.46403e-41  3.51925e-38  5.21842e-42 -8.79775e-38 -4.35571e-42  2.02288e-37  1.37691e-41 -4.24965e-37 -3.75902e-41  8.12506e-37  9.01263e-41 -1.40672e-36 -2.01457e-40  2.19155e-36  4.21839e-40 -3.04755e-36 -8.24789e-40  3.74306e-36  1.50376e-39 -4.00246e-36 -2.55218e-39  3.64856e-36  4.02393e-39 -2.74048e-36 -5.87901e-39   1.5883e-36  7.93522e-39 -5.93526e-37 -9.85893e-39  1.50736e-38  1.12248e-38  1.53319e-37 -1.16467e-38 -1.02145e-37  1.09359e-38  2.15355e-38   -9.208e-39  1.09626e-38  6.86563e-39 -8.63194e-39 -4.45029e-39   1.4263e-39  2.43275e-39  5.85886e-40 -1.05579e-39 -1.71856e-40  3.05775e-40 -8.31382e-41 -3.90312e-42  4.48388e-41  -6.1786e-41 -5.85104e-42  4.50439e-41  2.62513e-43 -2.00175e-41 -2.55664e-43  6.24838e-42  6.57575e-44  -1.3753e-42 -3.87253e-45  2.01662e-43   9.0932e-47 -1.71106e-44  -1.9484e-47  5.41149e-46
-4.69386e-37  2.94725e-34  1.26032e-36  1.81886e-33  5.80372e-36  9.21925e-34 -1.10687e-35 -3.49989e-34  9.52404e-36 -8.34792e-34 -9.98367e-36 -7.12746e-34 -2.72447e-35 -1.88507e-34  9.09102e-36  5.44511e-35  1.35285e-35  8.07513e-35  1.83317e-36  3.58559e-35  1.87919e-36 -1.69274e-35 -6.57165e-36  8.35114e-36  3.44885e-36  5.71057e-35 -8.37744e-37 -6.32418e-35 -9.34465e-38  1.44838e-35  1.10243e-36  2.34112e-36 -4.51257e-38 -3.35453e-36 -4.70253e-37 -2.36608e-36  2.63342e-37  3.04869e-36 -7.18957e-38 -2.13138e-36  3.79552e-38  7.01014e-37 -1.49735e-38 -2.37093e-37 -3.32404e-39 -1.03944e-37 -1.17865e-39  1.20063e-37  1.38872e-39 -1.15917e-38 -3.45548e-40 -2.72164e-38 -2.08171e-39 -1.11997e-38 -1.83086e-40  1.89525e-38    7.829e-41 -3.25493e-38 -1.20359e-40   8.3828e-38 -6.03433e-42  -2.3695e-37  2.21748e-41  6.16979e-37  2.90486e-41  -1.4801e-36 -5.84399e-41  3.25225e-36  1.62107e-40  -6.5176e-36 -4.05379e-40   1.1858e-35  9.35629e-40 -1.94752e-35 -2.02199e-39  2.86667e-35  4.09032e-39 -3.74696e-35 -7.73306e-39  4.29553e-35  1.36442e-38 -4.24436e-35 -2.24291e-38  3.51917e-35  3.42814e-38 -2.33605e-35 -4.85997e-38  1.11698e-35  6.37209e-38 -2.49788e-36 -7.70016e-38 -1.29593e-36  8.54055e-38  1.55782e-36 -8.65078e-38 -6.19522e-37  7.95303e-38 -2.03445e-38 -6.58536e-38  1.30317e-37  4.86321e-38 -4.59838e-38 -3.16142e-38 -3.89768e-39  1.77602e-38  5.69591e-39 -8.37972e-39 -1.09435e-40  3.15352e-39 -7.06578e-40 -8.34743e-40  1.59157e-40  7.83889e-41  1.92682e-42  5.77367e-41  1.47069e-43 -3.77241e-41 -1.25483e-42  1.24096e-41  1.43064e-43 -2.55825e-42  2.82481e-45  3.18817e-43 -9.77855e-47 -1.94679e-44 -1.75459e-47
-9.84148e-36 -1.89501e-36  6.45298e-34  5.80372e-36  2.69181e-33  1.62016e-35  9.15313e-34 -2.09284e-35 -5.59552e-34  1.48207e-35 -5.28793e-34  2.20409e-36 -6.41264e-34 -4.30002e-35 -3.45029e-34  1.26039e-35  7.31805e-35  1.66455e-35  1.36931e-34  1.51678e-36 -2.30045e-35  1.22764e-36  -2.2753e-35 -8.21216e-36  2.86942e-35  5.40858e-36  6.51555e-35 -9.29054e-37 -9.21881e-35   4.4057e-38  2.52329e-35  1.66539e-36  7.00587e-38 -1.18046e-37 -5.76602e-36 -7.42409e-37 -1.98367e-36  3.15126e-37   4.0926e-36 -1.17068e-37 -3.47449e-36  8.15028e-38  1.27339e-36 -1.87485e-38 -4.67686e-37 -1.62085e-38   -2.791e-37 -3.69665e-39   2.7767e-37  2.21481e-39 -3.05202e-38 -1.11728e-39 -3.90426e-38 -3.59472e-39 -5.71978e-38 -4.24744e-40   1.5795e-37  2.45183e-40 -4.63096e-37 -2.68865e-40  1.34295e-36  3.19661e-41 -3.65492e-36 -2.09954e-41  9.14712e-36  2.20048e-40 -2.10026e-35 -5.52132e-40   4.4071e-35  1.42188e-39 -8.41524e-35 -3.39274e-39   1.4547e-34  7.56243e-39 -2.26195e-34 -1.57968e-38  3.13789e-34  3.08938e-38 -3.84216e-34 -5.64956e-38  4.09162e-34  9.64682e-38 -3.70849e-34 -1.53548e-37  2.76125e-34  2.27359e-37 -1.57552e-34 -3.12418e-37  5.65116e-35  3.97253e-37  1.01024e-36 -4.65812e-37 -1.65999e-35  5.01629e-37  1.04293e-35 -4.93672e-37 -1.98068e-36  4.41351e-37 -1.21021e-36 -3.55832e-37  8.52385e-37  2.56376e-37 -9.80771e-38 -1.63177e-37 -8.34159e-38   9.0359e-38  2.46323e-38 -4.26166e-38    6.109e-39   1.6573e-38 -3.40855e-39 -5.01604e-39  1.56558e-40   1.0282e-39  7.33763e-41 -6.37087e-41  1.05597e-41 -4.38832e-41  -4.3413e-42  1.85963e-41  6.19115e-44  -3.6712e-42  2.07872e-44  3.74284e-43  2.13355e-46 -1.34853e-44
 2.62566e-37 -7.21633e-35 -5.10116e-36  9.21925e-34  1.62016e-35  3.58443e-33  3.28695e-35  5.49495e-34 -3.54282e-35 -7.56712e-34  1.75534e-35 -3.03144e-35   2.6223e-35 -4.66461e-34 -5.89866e-35 -5.66072e-34   1.5556e-35  1.29407e-34  1.90436e-35  2.01754e-34  1.21487e-36 -9.93949e-35  -5.7458e-37 -4.54403e-35 -8.98132e-36  8.57419e-35  7.26705e-36  4.86171e-35 -7.11426e-37 -1.21817e-34   2.9984e-37  3.86171e-35  2.29911e-36 -4.97135e-36 -1.35185e-37 -8.15759e-36 -1.11177e-36 -8.44582e-37  3.20191e-37  4.95633e-36 -1.75088e-37 -5.04735e-36   1.3892e-37  2.01292e-36 -1.39542e-38    -8.22e-37 -4.12932e-38  -5.5062e-37 -9.00763e-39  5.15589e-37  3.08652e-39 -9.60788e-38 -3.02026e-39   1.0184e-37 -5.46468e-39 -6.77381e-37 -8.42503e-40  2.18621e-36  5.55205e-40 -6.67136e-36 -5.67786e-40  1.88878e-35  2.41924e-40 -4.93171e-35 -4.91873e-40  1.18247e-34  1.61029e-39 -2.59556e-34 -4.12215e-39  5.19556e-34  1.01275e-38  -9.4397e-34 -2.32678e-38  1.54773e-33  5.00999e-38 -2.27342e-33 -1.01129e-37  2.96363e-33  1.91187e-37 -3.38569e-33 -3.38122e-37  3.32947e-33  5.58617e-37 -2.74149e-33 -8.60696e-37   1.7992e-33  1.23424e-36 -8.40063e-34 -1.64325e-36  1.68409e-34  2.02532e-36  1.15487e-34 -2.30274e-36 -1.25056e-34  2.40509e-36   4.6846e-35 -2.29593e-36  3.23765e-36  1.99105e-36 -1.05416e-35 -1.55702e-36  3.31362e-36  1.08809e-36  5.41711e-37 -6.71891e-37 -5.20293e-37  3.61366e-37  2.24418e-38 -1.66081e-37  4.87232e-38  6.34962e-38 -8.45257e-39 -1.93696e-38 -1.37226e-39   4.3645e-39  1.77421e-40 -5.90524e-40  7.61993e-41 -3.68672e-42 -7.71169e-42  2.06204e-41 -5.68802e-43 -4.11411e-42  2.23779e-44  3.19066e-43  6.77452e-46
-3.34072e-34  1.46519e-36 -1.81871e-34 -1.10687e-35  9.15313e-34  3.28695e-35  4.37903e-33  5.25359e-35 -1.07184e-34 -5.40499e-35 -8.71269e-34  1.58276e-35  4.54237e-34  5.56489e-35 -1.74162e-34 -7.28682e-35 -8.56438e-34   1.7118e-35  2.59895e-34  2.15656e-35  2.36411e-34  1.18512e-36 -1.79451e-34 -3.60081e-36 -1.00076e-34 -8.50441e-36  1.94568e-34  9.00252e-36  2.00541e-36 -2.35818e-37 -1.51154e-34  5.98774e-37  5.40726e-35  2.93536e-36  -1.3902e-35  1.39804e-38  -9.3893e-36  -1.5748e-36  1.00408e-36  2.57847e-37   5.2901e-36 -2.38846e-37 -6.66761e-36  1.97031e-37  2.91193e-36  8.55683e-39 -1.33738e-36 -8.19349e-38 -9.11428e-37 -1.80237e-38   9.5181e-37  4.15255e-39 -7.84677e-37 -6.94007e-39  2.55051e-36 -7.52832e-39 -9.25272e-36 -1.43251e-39  2.94879e-35  1.13642e-39 -8.70265e-35 -1.33489e-39    2.368e-34  1.45841e-39 -5.92545e-34 -3.72038e-39  1.35944e-33  1.02987e-38 -2.84967e-33 -2.57423e-38  5.43474e-33  6.07979e-38 -9.38088e-33 -1.34668e-37  1.45598e-32  2.79847e-37 -2.01515e-32  -5.4536e-37  2.46009e-32  9.95806e-37 -2.60937e-32 -1.70188e-36  2.35172e-32  2.71875e-36 -1.73584e-32 -4.05313e-36  9.74844e-33   5.6276e-36 -3.34703e-33 -7.25937e-36 -2.19258e-34  8.67392e-36  1.11141e-33 -9.56504e-36  -6.5975e-34  9.69158e-36  1.09134e-34 -8.97476e-36  8.50076e-35   7.5471e-36 -5.39495e-35 -5.71867e-36  4.26078e-36  3.86787e-36  6.16838e-36  -2.3082e-36 -1.68497e-36  1.19781e-36  -3.7917e-37 -5.30467e-37   1.9239e-37  1.95466e-37  3.16011e-39 -5.77634e-38 -7.28211e-39  1.28916e-38 -4.39615e-40 -1.92071e-39  2.44676e-40  1.21116e-40   1.3631e-42  1.51453e-41 -1.45431e-42 -3.56401e-42 -2.19356e-44  1.75566e-43
-2.20728e-36 -6.48439e-34  4.52237e-36 -3.49989e-34 -2.09284e-35  5.49495e-34  5.25359e-35  5.03705e-33   6.9337e-35 -9.14554e-34 -7.47886e-35 -8.41938e-34  1.08601e-35  7.19915e-34  8.02573e-35  2.70101e-34 -8.36442e-35 -1.25526e-33  1.67833e-35  5.17668e-34  2.56174e-35   2.0678e-34  2.09285e-36 -2.58312e-34 -7.54437e-36 -1.94571e-34 -6.77962e-36  3.55978e-34  1.08805e-35 -6.96657e-35  2.93316e-37 -1.80383e-34  8.12873e-37  7.07603e-35  3.46197e-36 -2.77831e-35  4.39842e-37  -8.4272e-36 -2.09033e-36  3.67107e-36  1.18101e-37  4.60361e-36 -2.95625e-37  -8.1919e-36  2.32812e-37  4.00535e-36  5.84077e-38 -1.97156e-36 -1.39905e-37 -1.75893e-36 -3.10188e-38   3.5824e-36  6.17852e-39 -9.95287e-36 -1.39527e-38  3.53074e-35 -9.63686e-39 -1.17979e-34 -2.19094e-39  3.62418e-34  2.57279e-39 -1.02738e-33 -4.22266e-39  2.68105e-33  8.30147e-39 -6.42407e-33 -2.20811e-38  1.40886e-32  5.72831e-38 -2.81711e-32 -1.38251e-37   5.1117e-32  3.13982e-37 -8.36774e-32 -6.69366e-37  1.22666e-31  1.33934e-36 -1.59498e-31 -2.51418e-36  1.81598e-31  4.42474e-36 -1.77753e-31 -7.29438e-36  1.45359e-31  1.12514e-35 -9.43105e-32 -1.62147e-35  4.29611e-32  2.17904e-35  -7.5636e-33 -2.72403e-35 -6.86696e-33   3.1579e-35  6.80148e-33 -3.38173e-35  -2.3898e-33   3.3293e-35 -2.71049e-34 -2.99579e-35  5.86456e-34  2.44659e-35 -1.65965e-34 -1.79818e-35 -3.81604e-35  1.17737e-35  2.96882e-35 -6.78305e-36 -9.88997e-37  3.38632e-36 -2.59893e-36 -1.43677e-36  3.47957e-37  5.04951e-37  1.07991e-37 -1.41807e-37 -1.29216e-38  3.01118e-38 -3.91301e-39  -4.3753e-39  3.39591e-40  3.36201e-40  3.69463e-41  3.46879e-42 -8.21011e-43 -2.29264e-42 -5.13013e-44
 -2.6297e-34 -6.54426e-36 -8.56807e-34  9.52404e-36 -5.59552e-34 -3.54282e-35 -1.07184e-34   6.9337e-35  5.57953e-33  7.79892e-35 -1.74675e-33 -9.53379e-35 -6.34327e-34  6.96852e-36  6.68152e-34  9.21573e-35  8.96086e-34 -9.18049e-35 -1.82376e-33  1.45571e-35  9.48369e-34  3.24415e-35  1.05446e-34  5.13056e-36 -3.41811e-34 -1.17434e-35  -3.2213e-34 -4.27368e-36  5.52474e-34  1.31051e-35 -1.52681e-34  6.15702e-37 -2.08816e-34  8.14143e-37  8.69891e-35  3.73066e-36 -4.69895e-35   1.2022e-36 -5.03075e-36 -2.58257e-36  7.57032e-36 -8.85899e-38   2.4005e-36 -3.29159e-37 -9.57022e-36  2.16466e-37  5.11133e-36  1.42308e-37 -1.29592e-36 -2.15304e-37 -9.54082e-36 -4.74803e-38  3.46478e-35  1.08743e-38 -1.24834e-34 -2.51627e-38  4.31099e-34 -1.15701e-38 -1.37888e-33 -3.69147e-39  4.06977e-33  7.80811e-39 -1.10698e-32 -1.76026e-38  2.76821e-32   4.3529e-38 -6.34607e-32  -1.1358e-37  1.32903e-31  2.80895e-37 -2.53177e-31 -6.50578e-37  4.36399e-31  1.41559e-36  -6.7615e-31  -2.8913e-36  9.33766e-31  5.54312e-36 -1.13667e-30 -9.97386e-36  1.20097e-30  1.68391e-35  -1.0764e-30 -2.66659e-35  7.87644e-31  3.95818e-35 -4.35241e-31 -5.50159e-35  1.42553e-31  7.14881e-35  1.69511e-32 -8.66389e-35 -5.34007e-32  9.76129e-35  3.00136e-32 -1.01799e-34 -4.17962e-33  9.77335e-35 -4.29936e-33 -8.58001e-35  2.48192e-33  6.83237e-35 -1.18931e-34 -4.88805e-35 -3.12366e-34  3.10637e-35  7.69651e-35 -1.72995e-35  1.93867e-35  8.30428e-36 -8.50719e-36 -3.36555e-36 -5.15408e-37  1.12086e-36  3.95977e-37 -2.95521e-37   2.0018e-38  5.83371e-38 -1.08809e-38 -7.84056e-39 -2.43634e-40  5.82008e-40  6.86463e-41 -7.94634e-42  1.79566e-42 -9.67977e-43
 -1.4327e-36 -5.04249e-34 -1.10047e-35 -8.34792e-34  1.48207e-35 -7.56712e-34 -5.40499e-35 -9.14554e-34  7.79892e-35  6.05528e-33  7.66103e-35 -2.54729e-33  -1.1505e-34 -2.49921e-34  8.98214e-36  3.29521e-34  9.01746e-35  1.70906e-33 -9.85115e-35 -2.60386e-33  1.07788e-35  1.55498e-33  4.23415e-35 -3.90175e-35  1.17274e-35 -4.42519e-34 -1.52882e-35 -4.59076e-34 -1.78969e-36  7.52169e-34  1.54084e-35 -2.30452e-34  5.36852e-37 -2.32738e-34  5.37266e-37  9.97151e-35   3.5927e-36 -7.05616e-35  2.27171e-36 -7.66689e-38 -2.96291e-36   1.3288e-35 -3.28858e-37 -1.76367e-36 -3.20971e-37 -1.00991e-35  1.17992e-37  2.06706e-36  2.60617e-37  2.01225e-35  -3.0727e-37  -1.0524e-34 -6.64264e-38   4.0569e-34  2.10344e-38 -1.45303e-33 -4.16763e-38  4.83035e-33 -1.20261e-38 -1.48391e-32 -1.02732e-38  4.20471e-32  3.13745e-38 -1.09666e-31 -8.14565e-38  2.62593e-31  2.10582e-37 -5.75422e-31 -5.27781e-37  1.14946e-30  1.24281e-36 -2.08319e-30 -2.74119e-36  3.40502e-30  5.66873e-36 -4.98208e-30 -1.09901e-35  6.46219e-30  1.99824e-35 -7.33367e-30 -3.40937e-35  7.14587e-30  5.46261e-35 -5.80405e-30  -8.2259e-35  3.72262e-30  1.16499e-34 -1.65278e-30 -1.55208e-34   2.4814e-31  1.94395e-34   3.0315e-31 -2.28455e-34 -2.77753e-31  2.51031e-34  9.12455e-32 -2.56541e-34  1.49842e-32  2.42121e-34 -2.45798e-32  -2.0922e-34  6.27262e-33  1.63868e-34  1.86347e-33 -1.15002e-34 -1.23931e-33  7.13751e-35  1.61011e-35 -3.85848e-35  1.09751e-34   1.7842e-35 -1.14313e-35 -6.90051e-36 -5.27876e-36  2.16808e-36  5.51855e-37 -5.31636e-37  1.65387e-37   9.5846e-38 -1.14717e-38 -1.14944e-38 -1.77098e-39  7.45065e-40  2.12466e-41 -1.22514e-41  2.61297e-42
-4.23033e-35 -5.71782e-36 -6.69109e-34 -9.98367e-36 -5.28793e-34  1.75534e-35 -8.71269e-34 -7.47886e-35 -1.74675e-33  7.66103e-35  6.54706e-33  6.73935e-35 -3.34455e-33 -1.35966e-34  2.75136e-34  1.88963e-35 -1.85133e-34  7.99014e-35   2.6815e-33 -1.04479e-34 -3.57599e-33   5.7106e-36  2.27661e-33  5.42987e-35 -1.69696e-34  2.29014e-35 -5.74121e-34  -1.7136e-35 -5.69405e-34 -2.03944e-37  9.18174e-34  1.69155e-35 -2.90113e-34  2.86712e-39 -2.44625e-34  2.62825e-38   1.0471e-34  2.94308e-36 -9.59013e-35  3.52356e-36   4.7159e-36 -3.16041e-36   2.1516e-35 -5.58148e-37 -1.01326e-35 -2.49916e-37  1.54641e-36 -8.45692e-38 -5.89032e-35  4.04916e-37  2.94488e-34 -4.14878e-37 -1.21541e-33 -8.72427e-38  4.53839e-33  4.06905e-38 -1.56822e-32 -6.59321e-38  5.01176e-32 -2.90648e-39 -1.47869e-31 -4.67679e-38  4.02007e-31  1.45483e-37 -1.00471e-30 -3.85751e-37  2.30164e-30  9.75063e-37 -4.81608e-30 -2.32348e-36  9.16495e-30  5.17332e-36 -1.57771e-29 -1.07491e-35   2.4405e-29  2.08423e-35 -3.36331e-29 -3.77098e-35   4.0829e-29  6.37043e-35 -4.29772e-29 -1.00626e-34   3.8311e-29  1.48997e-34 -2.77928e-29 -2.07583e-34  1.51069e-29  2.73409e-34 -4.70127e-30 -3.42124e-34 -8.43794e-31  4.08196e-34  1.98645e-30  -4.6458e-34 -1.05913e-30  5.02327e-34  1.18612e-31 -5.11536e-34  1.67818e-31   4.8469e-34 -8.88002e-32  -4.2138e-34  1.60157e-33  3.31231e-34  1.20622e-32 -2.31922e-34 -2.64654e-33  1.42415e-34 -7.97625e-34 -7.54072e-35  3.02212e-34  3.37585e-35  2.86326e-35 -1.24732e-35 -1.54354e-35  3.68544e-36 -8.87055e-37 -8.33324e-37  3.91081e-37  1.34909e-37  1.51996e-38 -1.39589e-38 -2.59797e-39  7.27178e-40 -8.53253e-41 -8.30794e-42
 1.21998e-36 -6.57744e-35  -1.4298e-35 -7.12746e-34  2.20409e-36 -3.03144e-35  1.58276e-35 -8.41938e-34 -9.53379e-35 -2.54729e-33  6.73935e-35  7.19386e-33  5.52004e-35 -4.22704e-33 -1.61632e-34  8.78337e-34  3.42206e-35 -7.47446e-34  7.02109e-35  3.75017e-33  -1.0934e-34 -4.64237e-33 -8.21556e-37  2.99779e-33   6.6178e-35 -2.21907e-34  3.85824e-35 -7.46652e-34 -1.62277e-35 -6.14548e-34 -2.16832e-37  1.01888e-33  1.64307e-35 -3.26834e-34 -9.08469e-37 -2.34489e-34 -5.50663e-37  9.75506e-35  1.74411e-36 -1.18871e-34  4.76919e-36  6.81542e-36 -3.14828e-36  3.72971e-35 -7.45197e-37 -5.11429e-35 -9.13633e-38  1.64076e-34 -3.98157e-37  -7.9847e-34  5.57179e-37  3.39218e-33  -5.3724e-37 -1.31979e-32 -1.11378e-37  4.74192e-32  7.75848e-38 -1.57602e-31 -1.11971e-37  4.83967e-31  6.40002e-38 -1.37076e-30 -2.53824e-37  3.57338e-30  7.34178e-37 -8.55119e-30  -1.8988e-36  1.87245e-29  4.59846e-36 -3.73703e-29 -1.03739e-35  6.76516e-29  2.17188e-35 -1.10424e-28 -4.21006e-35  1.61281e-28  7.53905e-35  -2.0871e-28 -1.24402e-34  2.36118e-28  1.88713e-34 -2.29061e-28 -2.62744e-34   1.8481e-28  3.35867e-34 -1.17172e-28 -3.96043e-34  5.06506e-29  4.36476e-34 -6.20594e-30  -4.6151e-34 -1.05554e-29  4.86231e-34  9.02495e-30 -5.26906e-34 -2.76294e-30   5.8656e-34 -6.12839e-31 -6.46413e-34  8.19553e-31  6.72522e-34  -1.8795e-31 -6.36003e-34 -7.00031e-32  5.32988e-34  4.07836e-32  -3.8884e-34  4.60668e-34  2.43298e-34 -3.75212e-33 -1.28554e-34  3.00532e-34  5.63027e-35  1.93532e-34 -1.99499e-35 -1.69883e-35  5.53138e-36 -5.81239e-36 -1.14313e-36  3.07558e-37  1.63081e-37  6.64758e-38 -1.39931e-38 -3.86482e-40  5.25947e-40 -9.53893e-41
 3.74526e-35  3.10183e-36 -1.01456e-34 -2.72447e-35 -6.41264e-34   2.6223e-35  4.54237e-34  1.08601e-35 -6.34327e-34  -1.1505e-34 -3.34455e-33  5.52004e-35  8.17902e-33  4.52734e-35 -5.28247e-33 -1.94183e-34  1.47775e-33  4.91192e-35 -1.24609e-33  6.88609e-35  4.81594e-33 -1.11796e-34 -5.64528e-33 -9.48597e-36  3.58392e-33  7.53928e-35 -1.46491e-34  5.73413e-35   -9.633e-34 -1.16589e-35 -5.64795e-34 -2.19935e-36  1.03542e-33  1.30035e-35 -3.44461e-34 -2.07167e-36 -1.92883e-34 -9.22202e-37  7.47361e-35  1.46283e-38 -1.32707e-34  5.81443e-36 -6.63938e-36 -2.95837e-36  1.26039e-34 -8.98552e-37 -4.59117e-34  1.81364e-37  2.03075e-33 -8.11402e-37 -8.89408e-33  6.90385e-37  3.59059e-32 -6.71085e-37 -1.34099e-31 -1.49077e-37  4.63406e-31  1.63974e-37 -1.48053e-30 -2.75296e-37  4.36663e-30  4.88381e-37 -1.18663e-29 -1.47894e-36  2.96413e-29  4.02831e-36 -6.78615e-29 -1.00598e-35  1.41888e-28  2.33371e-35 -2.69755e-28 -5.00969e-35   4.6382e-28  9.91207e-35 -7.16384e-28 -1.79893e-34  9.85335e-28  2.97536e-34 -1.19304e-27 -4.44292e-34  1.25129e-27  5.90366e-34 -1.10955e-27 -6.80935e-34  7.98076e-28  6.47986e-34 -4.26587e-28 -4.40841e-34  1.25562e-28  6.60627e-35  3.12483e-29  3.87507e-34 -5.99125e-29 -7.65693e-34  3.03525e-29  9.14628e-34 -2.54075e-30 -7.65049e-34 -5.28905e-30  3.80216e-34  2.58027e-30   7.2624e-35  3.16519e-32  -4.1455e-34  -3.7561e-31  5.48947e-34  7.27136e-32 -4.94151e-34  2.66863e-32  3.42405e-34 -8.82025e-33 -1.88433e-34  -1.1054e-33  8.24673e-35  4.74011e-34 -2.82547e-35  3.37979e-35  7.34328e-36 -1.16878e-35 -1.37296e-36 -6.30053e-37  1.68562e-37   7.9774e-38 -1.13463e-38  3.03194e-39  2.48612e-40
 2.40514e-36  5.12415e-35   5.7777e-36 -1.88507e-34 -4.30002e-35 -4.66461e-34  5.56489e-35  7.19915e-34  6.96852e-36 -2.49921e-34 -1.35966e-34 -4.22704e-33  4.52734e-35  9.66194e-33  4.12266e-35 -6.52577e-33 -2.31732e-34  1.97622e-33  5.75089e-35 -1.59246e-33  7.95015e-35  5.75157e-33 -1.10322e-34 -6.41248e-33 -2.11333e-35  3.92347e-33  7.96649e-35  7.53836e-35  7.67895e-35 -1.21881e-33 -2.91205e-36 -4.08431e-34 -6.14527e-36   9.6478e-34  6.47436e-36  -3.5292e-34 -3.42779e-36 -1.13823e-34 -7.67584e-37  3.10728e-35 -2.20289e-36 -1.07151e-34   6.5199e-36 -1.80324e-34 -2.68136e-36  1.04351e-33 -1.08096e-36 -4.88511e-33  5.91831e-37     2.19e-32 -1.29513e-36 -9.17445e-32  7.68271e-37  3.55944e-31 -7.96945e-37 -1.27858e-30 -2.63391e-37  4.24858e-30  5.04854e-37 -1.30427e-29  -1.2012e-36  3.69284e-29  3.19323e-36 -9.62251e-29 -9.01443e-36  2.30147e-28  2.35663e-35 -5.03625e-28 -5.69748e-35  1.00432e-27   1.2758e-34 -1.81631e-27 -2.63628e-34  2.96087e-27  5.00385e-34  -4.3174e-27 -8.66864e-34  5.57492e-27  1.35789e-33 -6.28831e-27 -1.89479e-33  6.07454e-27  2.29286e-33 -4.86909e-27 -2.26909e-33  3.05159e-27  1.52297e-33 -1.28295e-27  1.09277e-34   1.1939e-28 -2.48749e-33  3.01406e-28  5.09979e-33 -2.42186e-28 -7.19093e-33  6.88357e-29  8.07618e-33   1.9782e-29 -7.48492e-33 -2.25449e-29  5.71408e-33  4.61514e-30 -3.47158e-33  2.13104e-30  1.50182e-33 -1.10441e-30 -2.40393e-34 -4.12733e-32 -2.93264e-34  1.06349e-31  3.52297e-34 -6.26045e-33 -2.29084e-34 -5.73122e-33  1.04993e-34  4.06033e-34  -3.5357e-35   1.7175e-34  8.61613e-36 -6.65512e-36  -1.4388e-36 -2.01896e-36  1.47108e-37  1.33168e-39 -7.08078e-39  2.78438e-39
 3.63018e-35  5.72043e-36  5.24565e-35  9.09102e-36 -3.45029e-34 -5.89866e-35 -1.74162e-34  8.02573e-35  6.68152e-34  8.98214e-36  2.75136e-34 -1.61632e-34 -5.28247e-33  4.12266e-35  1.16855e-32  4.39798e-35 -7.85738e-33 -2.68086e-34  2.27302e-33  5.62017e-35  -1.7196e-33  1.01047e-34  6.42242e-33 -1.03902e-34 -6.80891e-33 -3.62805e-35  3.95643e-33  7.74993e-35  4.31881e-34  9.45382e-35 -1.49965e-33  9.91858e-36 -1.55795e-34 -1.17152e-35  8.19113e-34 -2.27629e-36 -3.64784e-34 -5.06933e-36  9.72893e-36  2.01931e-37 -8.33815e-35 -4.86898e-36  2.60078e-34  6.83953e-36 -2.12863e-33  -2.4538e-36  1.08752e-32 -1.40204e-36 -5.08122e-32    1.152e-36  2.20722e-31 -1.80115e-36 -8.89489e-31  7.27078e-37  3.32034e-30 -7.91134e-37 -1.14717e-29 -8.71945e-37   3.6642e-29  2.46796e-36 -1.08039e-28 -7.10719e-36  2.93492e-28  2.03173e-35 -7.32803e-28 -5.53359e-35  1.67679e-27  1.40118e-34 -3.50355e-27 -3.29012e-34  6.65527e-27  7.15315e-34 -1.14309e-26 -1.43509e-33   1.7631e-26  2.64499e-33 -2.42062e-26 -4.45102e-33   2.9237e-26  6.77756e-33 -3.05593e-26 -9.20585e-33  2.69594e-26   1.0874e-32 -1.92285e-26 -1.05763e-32  1.01047e-26    7.162e-33 -2.79841e-27 -1.73795e-34 -9.21101e-28 -9.57229e-33  1.51137e-27   1.9891e-32 -7.28521e-28 -2.78861e-32  3.95906e-29  3.11782e-32    1.389e-28 -2.90477e-32 -6.27505e-29  2.27672e-32 -2.74089e-30 -1.48755e-32   9.7606e-30  7.86382e-33 -1.65195e-30 -3.12104e-33 -7.42132e-31  7.10421e-34  2.16017e-31  1.15177e-34   3.3708e-32 -2.08208e-34 -1.20416e-32  1.13587e-34 -1.06641e-33 -3.88727e-35  2.95768e-34  8.90388e-36  2.00746e-35 -1.30481e-36 -2.02372e-36  1.05652e-37 -8.85711e-38 -2.96725e-39
 1.08484e-36  4.66757e-35  9.68613e-36  5.44511e-35  1.26039e-35 -5.66072e-34 -7.28682e-35  2.70101e-34  9.21573e-35  3.29521e-34  1.88963e-35  8.78337e-34 -1.94183e-34 -6.52577e-33  4.39798e-35  1.41205e-32  5.18353e-35 -9.08109e-33 -2.95153e-34   2.2907e-33  4.63835e-35 -1.59047e-33  1.29078e-34  6.71718e-33  -9.2389e-35 -6.77286e-33 -5.47053e-35  3.67983e-33  6.82083e-35  8.92239e-34  1.09266e-34 -1.78587e-33  2.60206e-35  1.62388e-34 -1.83595e-35  6.23834e-34 -1.14902e-35 -4.03254e-34  -7.2502e-36  2.65788e-34  2.14539e-36 -8.46522e-34 -7.94503e-36  4.22694e-33  6.82344e-36 -2.27692e-32 -2.43482e-36  1.11044e-31   -1.988e-36  -5.0127e-31  1.84629e-36  2.09791e-30 -2.22723e-36  -8.1367e-30  3.22937e-37  2.92219e-29  1.52197e-37 -9.70824e-29 -4.70369e-36  2.97964e-28  1.47859e-35 -8.43393e-28  -4.4103e-35  2.19687e-27  1.24638e-34 -5.25205e-27 -3.29289e-34  1.14865e-26  8.09366e-34 -2.28903e-26 -1.84689e-33    4.136e-26  3.90446e-33 -6.73461e-26 -7.62447e-33  9.80532e-26  1.36995e-32 -1.26358e-25 -2.25306e-32  1.42129e-25  3.36685e-32 -1.36741e-25 -4.52102e-32  1.08909e-25   5.3558e-32 -6.74748e-26 -5.40358e-32  2.75595e-26  4.25903e-32 -1.69703e-27 -1.81205e-32 -7.25333e-27 -1.57812e-32  5.50898e-27  5.10758e-32 -1.44722e-27 -7.80371e-32 -5.25013e-28  8.94323e-32  5.25133e-28 -8.37966e-32 -9.50447e-29  6.57662e-32 -5.42831e-29 -4.32807e-32  2.53059e-29  2.35365e-32  1.63467e-30 -1.02142e-32 -2.55405e-30  3.26202e-33   9.9728e-32 -5.77028e-34   1.4254e-31 -7.89136e-35 -7.76913e-33  9.90228e-35 -4.32133e-33 -3.71586e-35  1.14278e-34  8.04909e-36  5.12685e-35 -1.00848e-36  2.23456e-37  5.92077e-38  -6.8496e-38
 3.17911e-35  1.78771e-36  5.34144e-35  1.35285e-35  7.31805e-35   1.5556e-35 -8.56438e-34 -8.36442e-35  8.96086e-34  9.01746e-35 -1.85133e-34  3.42206e-35  1.47775e-33 -2.31732e-34 -7.85738e-33  5.18353e-35  1.66866e-32  6.14979e-35 -9.97507e-33 -3.06512e-34  2.00887e-33  3.28077e-35  -1.2135e-33  1.58232e-34  6.57804e-33 -7.63025e-35  -6.3244e-33 -7.54156e-35  3.13483e-33  5.16321e-35  1.42202e-33  1.21357e-34 -2.05412e-33  4.39408e-35  4.99025e-34 -2.54984e-35  4.33105e-34 -1.90372e-35 -6.40412e-34 -1.03152e-35  1.70725e-33  5.00019e-36 -8.46542e-33 -1.13618e-35  4.52953e-32  6.58747e-36 -2.29517e-31 -2.77812e-36  1.07659e-30 -2.92599e-36 -4.68039e-30  2.56156e-36  1.88581e-29 -2.14956e-36 -7.03848e-29 -1.88936e-36  2.43141e-28  7.12991e-36 -7.76486e-28 -2.86315e-35  2.28896e-27  8.97647e-35  -6.2163e-27 -2.63498e-34  1.55156e-26  7.24182e-34 -3.54867e-26 -1.85549e-33  7.41053e-26  4.42423e-33 -1.40666e-25 -9.79968e-33  2.41376e-25  2.01232e-32 -3.71837e-25 -3.82079e-32  5.09664e-25  6.68559e-32 -6.14189e-25 -1.07345e-31  6.39887e-25  1.57234e-31 -5.61736e-25 -2.08366e-31   3.9735e-25  2.46656e-31 -2.05248e-25 -2.55192e-31  5.31622e-26  2.20806e-31  2.24902e-26 -1.41746e-31 -3.26105e-26  3.20691e-32  1.49732e-26   8.1127e-32 -3.56182e-28 -1.67843e-31 -3.11035e-27  2.07939e-31  1.30573e-27 -1.99312e-31  9.99596e-29  1.56736e-31 -2.16694e-28  -1.0255e-31  3.17047e-29  5.54962e-32  1.75265e-29 -2.42907e-32 -4.52335e-30   8.2026e-33 -8.54144e-31 -1.90951e-33  2.60562e-31  1.86397e-34  2.80971e-32  5.87678e-35  -6.4298e-33 -3.03196e-35 -5.25288e-34  6.29334e-36  4.34145e-35  -6.4612e-37  2.20238e-36  2.25373e-38
 5.42633e-37  5.76684e-35  2.00039e-36  8.07513e-35  1.66455e-35  1.29407e-34   1.7118e-35 -1.25526e-33 -9.18049e-35  1.70906e-33  7.99014e-35 -7.47446e-34  4.91192e-35  1.97622e-33 -2.68086e-34 -9.08109e-33  6.14979e-35  1.90416e-32  6.94756e-35 -1.03795e-32 -2.99988e-34  1.48427e-33  2.13379e-35 -6.51947e-34  1.84446e-34  6.01828e-33 -5.62815e-35 -5.54802e-33 -9.70119e-35  2.38733e-33  2.78778e-35  1.99265e-33  1.32771e-34 -2.27702e-33  6.18369e-35  7.66958e-34 -3.27143e-35  5.58837e-34 -2.30649e-35 -2.92564e-33 -1.45898e-35  1.55423e-32  8.42708e-36 -8.58355e-32 -1.49804e-35  4.49864e-31  6.26827e-36 -2.19143e-30 -3.62293e-36  9.89549e-30 -4.11904e-36 -4.14169e-29  2.64844e-36   1.6062e-28  8.85819e-37 -5.76788e-28 -1.47738e-35  1.91598e-27  5.06185e-35 -5.87954e-27 -1.70396e-34  1.66386e-26  5.20222e-34 -4.33284e-26 -1.48366e-33  1.03549e-25  3.95077e-33 -2.26366e-25 -9.80455e-33  4.50838e-25  2.26462e-32 -8.13988e-25 -4.86056e-32  1.32408e-24  9.67544e-32 -1.92521e-24  -1.7821e-31  2.47638e-24  3.02841e-31 -2.77823e-24  -4.7309e-31  2.66264e-24  6.76208e-31 -2.10766e-24 -8.78742e-31  1.29096e-24  1.02876e-30 -5.11703e-25 -1.06964e-30  1.42841e-26  9.63148e-31  1.50094e-25 -7.11987e-31  -1.0828e-25  3.67905e-31  2.61521e-26 -1.68297e-32   1.1781e-26 -2.54637e-31 -1.05597e-26  3.94386e-31   1.6685e-27 -4.02257e-31  1.18318e-27  3.21055e-31 -5.00473e-28 -2.08952e-31 -4.64895e-29  1.11433e-31  5.29324e-29 -4.79847e-32 -1.05933e-30  1.61155e-32 -3.04949e-30  -3.9276e-33  1.18989e-31  5.69404e-34   9.3888e-32  7.77805e-37 -1.44353e-33 -2.04044e-35 -1.11681e-33  4.17711e-36 -1.04248e-35 -3.24824e-37  1.45555e-36
-4.30918e-36  1.16262e-36  6.34379e-35  1.83317e-36  1.36931e-34  1.90436e-35  2.59895e-34  1.67833e-35 -1.82376e-33 -9.85115e-35   2.6815e-33  7.02109e-35 -1.24609e-33  5.75089e-35  2.27302e-33 -2.95153e-34 -9.97507e-33  6.94756e-35    2.089e-32  7.32188e-35 -1.02582e-32 -2.78007e-34  8.40906e-34  1.62347e-35 -1.57384e-35  2.06242e-34  5.12046e-33 -3.25521e-35 -4.56233e-33 -1.18192e-34  1.51275e-33 -2.66283e-36  2.57616e-33  1.46172e-34 -2.37567e-33  7.78271e-35  4.76973e-34 -3.98911e-35  4.08117e-33 -2.25485e-35 -2.65036e-32 -2.02942e-35  1.53881e-31  1.18219e-35 -8.37319e-31 -1.85773e-35  4.23491e-30  6.00778e-36 -1.98609e-29 -5.22456e-36  8.63431e-29 -4.58803e-36 -3.47882e-28 -1.76391e-36  1.29833e-27  2.14463e-35 -4.48468e-27 -8.99378e-35  1.43205e-26  3.01936e-34 -4.22082e-26 -9.60762e-34  1.14605e-25  2.84106e-33 -2.85975e-25 -7.84419e-33  6.53846e-25  2.02068e-32 -1.36478e-24 -4.85052e-32  2.58905e-24   1.0836e-31 -4.43912e-24 -2.24943e-31  6.83103e-24  4.33131e-31 -9.34919e-24 -7.71925e-31  1.12432e-23  1.27006e-30 -1.16782e-23 -1.92314e-30  1.02039e-23  2.66958e-30 -7.15978e-24 -3.38016e-30  3.63477e-24  3.87718e-30 -8.74437e-25 -3.98873e-30  -4.6711e-25  3.62192e-30  6.12079e-25 -2.81928e-30 -2.67963e-25  1.76164e-30 -2.16179e-27 -7.06327e-31  6.04345e-26 -1.12844e-31 -2.36411e-26  5.72089e-31 -2.62717e-27  -6.8658e-31  4.18209e-27  5.72812e-31 -5.21139e-28 -3.74272e-31 -3.57876e-28  1.96493e-31  8.22638e-29 -8.23966e-32  1.84917e-29  2.68511e-32 -4.89669e-30 -6.42676e-33 -6.30062e-31  9.93888e-34  1.21683e-31 -5.79619e-35  1.16956e-32 -1.04985e-35 -8.03251e-34  2.27929e-36 -4.74449e-35 -1.11344e-37
 -1.0778e-36 -1.00908e-35  1.72007e-36  3.58559e-35  1.51678e-36  2.01754e-34  2.15656e-35  5.17668e-34  1.45571e-35 -2.60386e-33 -1.04479e-34  3.75017e-33  6.88609e-35 -1.59246e-33  5.62017e-35   2.2907e-33 -3.06512e-34 -1.03795e-32  7.32188e-35  2.20651e-32  7.16274e-35 -9.70837e-33 -2.46002e-34   2.3127e-34  1.85184e-35  5.65552e-34  2.24794e-34  4.01671e-33 -4.77777e-36 -3.49172e-33 -1.38054e-34  5.95594e-34 -3.90009e-35  3.06618e-33  1.63657e-34 -1.66248e-33  9.03331e-35 -5.19087e-33 -4.72431e-35  4.24097e-32 -1.75445e-35 -2.61406e-31 -2.75319e-35  1.48091e-30  1.44129e-35 -7.78031e-30 -2.19036e-35   3.7897e-29   6.1377e-36 -1.71121e-28  -8.9104e-36  7.16208e-28  1.53584e-36  -2.7775e-27 -3.32372e-35   9.9736e-27  1.42163e-34 -3.31284e-26 -5.10625e-34  1.01651e-25  1.66828e-33 -2.87628e-25 -5.11191e-33  7.48872e-25  1.46171e-32 -1.78926e-24 -3.90137e-32  3.91013e-24  9.71134e-32 -7.78398e-24 -2.25194e-31  1.40452e-23  4.85839e-31 -2.28273e-23  -9.7372e-31   3.3152e-23  1.80978e-30 -4.25728e-23 -3.11307e-30  4.76485e-23  4.94434e-30 -4.55013e-23 -7.23086e-30   3.5805e-23  9.70521e-30  -2.1685e-23 -1.19064e-29  8.33256e-24  1.32807e-29  6.73497e-26 -1.33705e-29 -2.71222e-24  1.20168e-29  1.86635e-24 -9.46742e-30 -4.11834e-25  6.31418e-30 -2.28085e-25 -3.27691e-30  1.86076e-25  9.37479e-31 -2.52424e-26  4.43813e-31 -2.24408e-26  -9.5095e-31  8.67264e-27  8.87723e-31  1.06108e-27 -5.94434e-31 -9.60918e-28  3.08729e-31  1.44514e-30 -1.25536e-31  5.70638e-29  3.91586e-32 -1.39185e-30 -8.92691e-33 -1.78549e-30  1.34335e-33  9.16635e-33 -9.86861e-35  2.12594e-32 -3.20533e-36  3.02467e-34  9.61347e-37 -2.71176e-35
 2.88045e-36 -2.62171e-36 -1.46625e-35  1.87919e-36 -2.30045e-35  1.21487e-36  2.36411e-34  2.56174e-35  9.48369e-34  1.07788e-35 -3.57599e-33  -1.0934e-34  4.81594e-33  7.95015e-35  -1.7196e-33  4.63835e-35  2.00887e-33 -2.99988e-34 -1.02582e-32  7.16274e-35   2.2558e-32  6.49779e-35 -8.92235e-33 -2.10181e-34 -2.14146e-34  2.60065e-35  9.79546e-34  2.42995e-34  2.86019e-33  2.75909e-35 -2.45825e-33  -1.5599e-34 -1.75118e-34 -7.91518e-35  2.47149e-33  1.85599e-34  7.01827e-33  9.83175e-35   -6.497e-32 -5.52148e-35  4.22171e-31 -9.06728e-36 -2.49181e-30 -3.63595e-35  1.36051e-29  1.54692e-35 -6.88356e-29 -2.50137e-35  3.22833e-28  8.48832e-36  -1.4035e-27 -2.27376e-35  5.65487e-27  4.75683e-35 -2.11046e-26 -2.17284e-34  7.28979e-26  8.07497e-34 -2.32769e-25 -2.74759e-33  6.86018e-25  8.69396e-33  -1.8625e-24 -2.57258e-32  4.64676e-24   7.1072e-32 -1.06217e-23 -1.83207e-31  2.21635e-23   4.4024e-31 -4.20259e-23 -9.85009e-31  7.20098e-23  2.04935e-30  -1.1071e-22 -3.95875e-30  1.51326e-22  7.08785e-30 -1.81644e-22 -1.17392e-29  1.88146e-22  1.79468e-29 -1.63669e-22 -2.52631e-29  1.13947e-22  3.26522e-29 -5.68498e-23 -3.86212e-29  1.26014e-23  4.16339e-29  8.41103e-24 -4.06841e-29  -1.0126e-23  3.57585e-29  4.23065e-24 -2.79239e-29  1.74755e-25  1.89599e-29  -1.0329e-24 -1.07124e-29  3.77399e-25  4.48306e-30  5.56959e-26 -7.19745e-31 -7.11203e-26 -9.10116e-31  7.39632e-27  1.16937e-30  6.41035e-27 -8.37546e-31 -1.31624e-27  4.35307e-31 -3.48436e-28 -1.71488e-31  8.10616e-29  5.07154e-32  1.22448e-29 -1.07876e-32 -2.02894e-30  1.50728e-33 -2.26409e-31 -1.10158e-34  1.30049e-32  4.97716e-37  8.97351e-34  2.69007e-37
 4.54875e-38    5.067e-36 -4.56218e-36 -1.69274e-35  1.22764e-36 -9.93949e-35  1.18512e-36   2.0678e-34  3.24415e-35  1.55498e-33   5.7106e-36 -4.64237e-33 -1.11796e-34  5.75157e-33  1.01047e-34 -1.59047e-33  3.28077e-35  1.48427e-33 -2.78007e-34 -9.70837e-33  6.49779e-35  2.24968e-32  5.45865e-35 -8.12114e-33 -1.75861e-34 -4.27046e-34  3.47211e-35   1.1624e-33  2.64043e-34  1.80958e-33  6.46385e-35 -1.70393e-33 -1.71249e-34  5.78864e-34 -1.19936e-34 -9.39595e-33  2.10061e-34  9.56966e-32  1.01351e-34 -6.50268e-31 -6.42822e-35  3.99442e-30  1.35608e-36 -2.26693e-29 -4.69359e-35  1.19155e-28  1.48345e-35 -5.80445e-28 -3.00296e-35  2.62107e-27  2.40016e-35 -1.09707e-26 -9.29262e-35  4.25464e-26  3.15373e-34 -1.52782e-25  -1.2186e-33  5.07488e-25  4.29011e-33 -1.55716e-24 -1.40575e-32  4.40589e-24  4.30043e-32 -1.14703e-23 -1.22908e-31  2.74019e-23  3.27874e-31 -5.98695e-23 -8.15693e-31  1.19145e-22  1.89053e-30 -2.14881e-22 -4.07701e-30  3.49003e-22   8.1694e-30 -5.06358e-22 -1.51858e-29  6.49319e-22  2.61409e-29 -7.25178e-22  -4.1591e-29  6.90193e-22  6.10332e-29 -5.40067e-22 -8.24225e-29  3.23493e-22  1.02185e-28 -1.20383e-22 -1.15994e-28 -5.60441e-24  1.20191e-28  4.33222e-23 -1.13247e-28 -2.85417e-23  9.65099e-29  5.71201e-24 -7.37608e-29  3.86853e-24  4.98232e-29  -2.9077e-24 -2.89327e-29  3.31168e-25  1.36025e-29  3.75259e-25 -4.32011e-30 -1.33272e-25 -1.23245e-32 -2.04007e-26  1.22645e-30  1.54665e-26 -1.03934e-30  2.56542e-28  5.52466e-31 -9.45898e-28 -2.11203e-31  9.97158e-30  5.87175e-32  3.00776e-29  -1.1446e-32  1.35099e-31  1.43407e-33 -3.58501e-31 -9.40856e-35  -6.8177e-33  1.32169e-36  4.48054e-34
 4.92592e-36  5.51952e-37   5.2214e-36 -6.57165e-36  -2.2753e-35  -5.7458e-37 -1.79451e-34  2.09285e-36  1.05446e-34  4.23415e-35  2.27661e-33 -8.21556e-37 -5.64528e-33 -1.10322e-34  6.42242e-33  1.29078e-34  -1.2135e-33  2.13379e-35  8.40906e-34 -2.46002e-34 -8.92235e-33  5.45865e-35  2.20946e-32     4.25e-35  -7.4893e-33 -1.46849e-34   -4.151e-34  4.08009e-35  1.09805e-33  2.90104e-34  1.16954e-33  1.05329e-34 -3.00055e-33 -1.82467e-34  1.66495e-32 -1.57167e-34 -1.34091e-31   2.3304e-34  9.55587e-31  9.95142e-35 -6.10732e-30 -7.47426e-35   3.6028e-29  1.23266e-35  -1.9676e-28 -5.99852e-35  9.95634e-28  1.52052e-35  -4.6698e-27 -5.09596e-35  2.03032e-26  1.14565e-34 -8.18093e-26 -4.70567e-34  3.05341e-25   1.7556e-33 -1.05474e-24 -6.39574e-33  3.36802e-24   2.1674e-32 -9.92646e-24 -6.85869e-32  2.69495e-23  2.02732e-31  -6.7233e-23  -5.5952e-31  1.53667e-22  1.44061e-30 -3.20581e-22 -3.45693e-30  6.07687e-22   7.7221e-30 -1.04075e-21 -1.60359e-29  1.59892e-21    3.091e-29 -2.18318e-21 -5.52096e-29  2.61632e-21  9.12081e-29 -2.70317e-21 -1.39089e-28  2.34183e-21  1.95388e-28  -1.6182e-21 -2.52309e-28  7.93467e-22  2.98878e-28 -1.60539e-22 -3.24119e-28   -1.332e-22  3.21137e-28  1.49222e-22 -2.90045e-28 -5.95515e-23  2.38039e-28 -4.52445e-24 -1.76541e-28  1.56992e-23    1.171e-28 -5.36905e-24 -6.80957e-29 -9.98869e-25  3.33687e-29  1.07738e-24  -1.2574e-29 -9.08927e-26  2.57375e-30 -1.01911e-25  7.87574e-31  1.87267e-26 -1.11481e-30  5.79393e-27  6.31385e-31 -1.19534e-27 -2.35138e-31 -2.09323e-28   6.0887e-32   3.0122e-29 -1.06706e-32  3.86821e-30   1.1586e-33 -1.86223e-31 -6.29456e-35  -1.5072e-32  7.74504e-37
-5.80953e-38  1.71813e-35  1.71397e-36  8.35114e-36 -8.21216e-36 -4.54403e-35 -3.60081e-36 -2.58312e-34  5.13056e-36 -3.90175e-35  5.42987e-35  2.99779e-33 -9.48597e-36 -6.41248e-33 -1.03902e-34  6.71718e-33  1.58232e-34 -6.51947e-34  1.62347e-35   2.3127e-34 -2.10181e-34 -8.12114e-33     4.25e-35  2.15877e-32  3.13137e-35 -7.13355e-33 -1.25554e-34 -2.30798e-34  4.20135e-35   6.2038e-34  3.21486e-34    3.123e-33  1.47203e-34  -2.4123e-32 -1.87481e-34   1.8456e-31 -1.86243e-34 -1.33896e-30  2.49491e-34  8.91237e-30  9.32033e-35 -5.46622e-29 -8.66427e-35  3.10221e-28  2.35286e-35 -1.63077e-27 -7.92725e-35   7.9448e-27  3.42729e-35 -3.58792e-26  -1.6704e-34   1.5019e-25  6.12903e-34 -5.82523e-25 -2.45751e-33  2.09201e-24  9.12502e-33 -6.94955e-24 -3.19785e-32  2.13254e-23   1.0466e-31 -6.03423e-23 -3.20005e-31    1.571e-22   9.1372e-31 -3.75295e-22 -2.43471e-30  8.19902e-22  6.04847e-30 -1.63139e-21 -1.39932e-29  2.94136e-21  3.01087e-29 -4.77489e-21 -6.01603e-29   6.9224e-21  1.11438e-28 -8.86621e-21 -1.91007e-28  9.88352e-21   3.0233e-28 -9.37824e-21 -4.40966e-28  7.29972e-21  5.91417e-28 -4.32571e-21 -7.27871e-28  1.55761e-21  8.20545e-28  1.36457e-22  -8.4611e-28 -6.17713e-22  7.97337e-28  3.90964e-22 -6.86319e-28 -7.03544e-23  5.39186e-28 -5.81728e-23 -3.85594e-28  4.06848e-23  2.49183e-28  -3.7721e-24 -1.43174e-28 -5.59148e-24  7.08597e-29  1.83409e-24 -2.83703e-29  3.39561e-25  7.82802e-30 -2.22933e-25 -4.24506e-31 -7.64424e-27 -9.89163e-31  1.40317e-26  6.49036e-31  3.64969e-29 -2.36855e-31 -4.53402e-28  5.64447e-32 -6.16936e-30 -8.68817e-33  5.41302e-30  7.84863e-34  1.28309e-31 -3.19207e-35  -6.6304e-33
