  0.00289996 -5.70988e-17  -0.00796529  3.20519e-16   0.00312175 -3.71706e-16   0.00206649   1.3347e-16  0.000135602 -1.94941e-17 -0.000409998  3.68545e-18 -0.000297031  2.46121e-17 -0.000113971 -1.49813e-17 -1.72144e-05 -1.14404e-18  1.18438e-05  2.15001e-19  1.28695e-05  2.67089e-19  7.71395e-06  3.27618e-19  3.58048e-06 -2.92491e-20  1.38661e-06 -5.71025e-20  4.53479e-07  2.27648e-20  1.20443e-07  3.31036e-20  2.14883e-08  8.49572e-21  -9.8911e-10 -2.22402e-21 -3.27582e-09 -1.75744e-21 -2.00331e-09   6.7526e-23 -9.06612e-10  1.47664e-22 -3.51379e-10 -2.83696e-22 -1.22457e-10  -3.1699e-22   -3.923e-11 -1.35224e-22 -1.16852e-11 -1.47554e-23 -3.25612e-12  1.39616e-23  -8.5147e-13  8.65527e-24  -2.0919e-13  2.38449e-24 -4.82705e-14  3.15524e-25 -1.04451e-14  4.87042e-26  -2.1135e-15  5.29188e-26 -3.98136e-16  2.61643e-26 -6.93557e-17  -6.0007e-28 -1.10544e-17 -8.54208e-27 -1.58278e-18   -6.577e-27 -1.96268e-19 -3.34346e-27 -1.91847e-20 -1.37769e-27 -9.42879e-22 -5.00503e-28  1.58903e-22 -1.68501e-28  6.24579e-23 -5.42636e-29  1.32697e-23 -1.68122e-29  2.22979e-24 -4.87573e-30  3.22196e-25 -1.25765e-30   4.1307e-26  -2.6997e-31  4.76556e-27 -4.32792e-32  4.98055e-28 -3.61489e-33  4.72803e-29  4.16097e-34  4.07773e-30   1.8707e-34  3.19012e-31  1.07732e-35  2.25676e-32 -1.19545e-35  1.43683e-33  -5.7508e-36  8.17969e-35  -1.6249e-36  4.12746e-36 -3.44904e-37  1.82548e-37 -5.90388e-38  6.98697e-39 -8.37608e-39  2.29601e-40 -9.93413e-40  6.61514e-42 -9.81866e-41  1.85422e-43 -7.98484e-42  5.93278e-45 -5.22247e-43  2.05001e-46 -2.65001e-44  5.82175e-48  -9.8235e-46   1.0521e-49 -2.34849e-47  8.79508e-52 -2.39396e-49
-5.70988e-17    0.0142282 -2.31976e-16   -0.0201887  8.52757e-16   0.00172046 -6.86549e-16   0.00511741  1.39905e-16   0.00187237  -4.0399e-17 -0.000201264  2.16685e-17 -0.000605224  4.53945e-17 -0.000389831 -1.90235e-17 -0.000152891 -4.79653e-18 -3.06132e-05 -1.09175e-18  9.06834e-06  3.53671e-19  1.35795e-05   5.0528e-19  9.00261e-06 -8.41164e-20  4.56471e-06 -7.50199e-20  1.97048e-06  9.30587e-20  7.54365e-07  9.23533e-20  2.61091e-07  2.95597e-20  8.24579e-08  1.48816e-21  2.38421e-08  4.15985e-22  6.30366e-09  2.04205e-21  1.51543e-09  3.73403e-22  3.27797e-10 -1.11051e-21  6.28039e-11 -1.03474e-21   1.0495e-11 -4.29575e-22  1.57119e-12 -6.78169e-23    2.697e-13  2.31591e-23  8.21588e-14  1.74173e-23  3.50388e-14   5.0949e-24  1.41725e-14  9.78141e-25   4.9911e-15  3.65738e-25   1.5422e-15  2.21659e-25  4.25405e-16  6.29121e-26  1.06201e-16 -2.45412e-26  2.42243e-17 -3.84808e-26  5.08113e-18 -2.53895e-26  9.84246e-19  -1.2307e-26  1.76548e-19 -5.00065e-27  2.93723e-20 -1.81363e-27  4.53587e-21 -6.10453e-28  6.50221e-22  -1.9472e-28  8.64812e-23 -5.86541e-29  1.06608e-23 -1.62182e-29  1.21615e-24 -3.93655e-30  1.28114e-25 -7.90714e-31  1.24291e-26 -1.18973e-31   1.1067e-27 -9.89928e-33  9.00524e-29  5.46963e-34  6.65961e-30  2.00954e-34  4.44406e-31 -5.91341e-35  2.65005e-32 -4.81986e-35   1.3923e-33 -1.67663e-35  6.30114e-35 -4.09926e-36  2.35688e-36 -7.87036e-37  6.61979e-38 -1.23717e-37  9.55657e-40 -1.61833e-38 -2.38017e-41 -1.76584e-39 -1.95808e-42 -1.59484e-40  -4.2471e-44 -1.17178e-41  1.24074e-45 -6.80679e-43  1.20674e-46 -2.98583e-44  3.94689e-48 -9.09413e-46  6.08736e-50 -1.56196e-47  3.02101e-52
 -0.00796529 -2.31976e-16    0.0334795  -5.2253e-16   -0.0292392  1.36601e-15  -0.00554622 -7.35962e-16   0.00621714  3.83806e-17   0.00456096 -8.67873e-17   0.00110424  4.13499e-17 -0.000455212  6.00516e-17 -0.000629029 -1.29634e-17 -0.000379283 -8.12854e-18 -0.000154617 -3.46818e-18 -3.97495e-05 -2.01001e-19  6.82442e-07  1.92979e-19  8.48425e-06  -3.3041e-19  6.58873e-06 -9.11383e-20  3.63635e-06  2.04875e-19  1.68879e-06  1.83702e-19  6.99056e-07  7.23698e-20   2.6529e-07  2.18486e-20  9.38753e-08  1.37796e-20  3.13357e-08  8.68648e-21  9.95286e-09  1.12547e-21  3.02824e-09 -2.60419e-21  8.87118e-10 -2.27382e-21  2.51096e-10 -9.45575e-22  6.87947e-11  -1.9283e-22  1.82473e-11  9.86355e-24  4.67937e-12  1.89015e-23  1.15731e-12  6.06531e-24  2.75162e-13  1.72792e-24  6.26733e-14  9.67822e-25   1.3627e-14  4.64899e-25  2.81898e-15  4.32872e-26  5.53125e-16 -1.21682e-25  1.02654e-16 -1.17091e-25  1.79734e-17 -6.89284e-26  2.96154e-18 -3.19256e-26  4.58139e-19 -1.27065e-26  6.63749e-20 -4.55826e-27  8.98263e-21  -1.5179e-27  1.13223e-21  -4.7469e-28  1.32477e-22 -1.38082e-28  1.43309e-23 -3.63336e-29  1.42606e-24 -8.30981e-30  1.29675e-25 -1.56621e-30  1.06762e-26 -2.22622e-31   7.8483e-28 -1.91532e-32  5.03164e-29  -2.8212e-34  2.68315e-30 -2.01871e-34  1.04415e-31 -2.57068e-34  1.17591e-33 -1.12275e-34 -2.61717e-34 -3.20282e-35  -3.1667e-35 -6.94837e-36 -2.36637e-36 -1.21496e-36 -1.36933e-37 -1.75528e-37 -6.44142e-39 -2.11252e-38 -2.45526e-40 -2.11203e-39 -7.21661e-42 -1.73265e-40 -1.39593e-43 -1.14057e-41 -5.49105e-46 -5.81198e-43  6.34026e-47 -2.15736e-44  1.96858e-48 -5.14255e-46  2.18156e-50 -5.19872e-48
 3.20519e-16   -0.0201887  -5.2253e-16    0.0510294 -8.04824e-16   -0.0286159   1.5591e-15   -0.0150283  -4.8321e-16   0.00353772 -8.12789e-17   0.00642134 -1.45346e-16   0.00312514  4.73608e-17  0.000427615  6.63262e-17 -0.000530595 -1.27924e-18 -0.000542038 -9.20742e-18 -0.000315475 -5.81428e-18 -0.000135212 -1.61835e-18 -4.27886e-05 -9.81087e-19  -7.4148e-06 -9.96945e-19  2.12003e-06 -2.31627e-19  2.93224e-06  2.88129e-19  1.87297e-06  2.79453e-19  9.36216e-07  1.38072e-19  4.06783e-07  7.00448e-20  1.60102e-07  4.60554e-20  5.82914e-08  2.28224e-20  1.98744e-08  3.15343e-21  6.39381e-09  -4.4949e-21  1.95012e-09 -3.91149e-21  5.65493e-10 -1.66349e-21  1.56126e-10 -4.13691e-22  4.10559e-11 -4.84938e-23  1.02793e-11  2.65846e-24  2.44801e-12  2.23767e-24   5.5377e-13  1.86775e-24  1.18789e-13  1.54388e-24  2.41169e-14  5.34372e-25   4.6242e-15 -1.95307e-25  8.35424e-16 -3.75562e-25   1.4184e-16 -2.80506e-25  2.25644e-17 -1.50934e-25  3.35158e-18  -6.6901e-26  4.62799e-19 -2.59655e-26  5.90739e-20  -9.1507e-27  6.91582e-21 -2.99004e-27  7.33813e-22 -9.09635e-28  6.91743e-23 -2.54228e-28  5.56879e-24 -6.35449e-29  3.45444e-25 -1.36996e-29  9.71238e-27 -2.42828e-30 -1.36263e-27 -3.29036e-31  -3.0819e-28 -3.06351e-32 -3.93068e-29   -2.728e-33 -3.92754e-30 -1.16173e-33 -3.31436e-31 -5.72862e-34 -2.42653e-32 -1.90329e-34 -1.55745e-33 -4.69092e-35 -8.78827e-35 -9.16067e-36 -4.35113e-36 -1.46457e-36 -1.87752e-37 -1.94402e-37 -6.95764e-39 -2.14665e-38 -2.14467e-40 -1.95706e-39 -5.10141e-42 -1.44831e-40 -7.45408e-44 -8.45719e-42  1.72941e-46 -3.72113e-43  3.81755e-47 -1.13333e-44   7.8582e-49   -1.938e-46   4.7229e-51
  0.00312175  8.52757e-16   -0.0292392 -8.04824e-16    0.0580834 -9.42214e-16   -0.0199739  1.37969e-15   -0.0218207  -1.1456e-16  -0.00184245 -1.45957e-16   0.00622813  -1.8355e-16   0.00489844  3.94804e-17   0.00182191  6.68019e-17  4.08696e-05   1.0976e-17  -0.00046977 -7.42117e-18 -0.000409827 -7.10192e-18 -0.000235038 -3.79324e-18 -0.000106168 -3.17774e-18 -3.92581e-05 -2.28521e-18 -1.15327e-05 -6.86123e-19 -2.21618e-06  2.12917e-19   1.4554e-07   3.1935e-19  4.20949e-07  2.14612e-19  2.72198e-07  1.49745e-19  1.30627e-07  1.00227e-19  5.35728e-08  4.54942e-20  1.97043e-08  7.14127e-21  6.64579e-09 -6.19059e-21  2.07984e-09 -5.62262e-21  6.07972e-10 -2.48989e-21  1.66608e-10 -7.31453e-22  4.28772e-11 -1.65653e-22  1.03671e-11 -3.79766e-23  2.35349e-12 -8.49216e-24  5.00845e-13  4.38584e-25  9.96574e-14  1.37779e-24  1.84703e-14  -3.9395e-26  3.17076e-15 -8.91948e-25  4.99902e-16 -8.84984e-25  7.13825e-17 -5.62912e-25  8.99835e-18 -2.81277e-25  9.45861e-19 -1.19498e-25  6.89171e-20 -4.50909e-26  -5.2945e-22 -1.55279e-26 -1.42006e-21  -4.9461e-27 -3.42683e-22 -1.45497e-27 -5.89638e-23 -3.89152e-28 -8.45181e-24 -9.22411e-29 -1.05931e-24 -1.87471e-29  -1.1847e-25 -3.13386e-30 -1.19336e-26 -4.10424e-31 -1.08704e-27 -4.33419e-32 -8.96292e-29 -6.83361e-33 -6.68178e-30 -2.53426e-33 -4.49171e-31 -9.23737e-34 -2.71197e-32 -2.57449e-34 -1.46316e-33 -5.62785e-35 -7.00986e-35 -9.97686e-36 -2.95885e-36 -1.46124e-36 -1.08783e-37 -1.77969e-37 -3.40977e-39  -1.7967e-38   -8.665e-41 -1.48539e-39 -1.54161e-42 -9.83603e-41 -7.44789e-45 -5.03294e-42  5.76217e-46 -1.87176e-43  1.90007e-47 -4.45567e-45  2.25765e-49 -4.47915e-47
-3.71706e-16   0.00172046  1.36601e-15   -0.0286159 -9.42214e-16     0.054856 -9.07418e-16  -0.00934722  1.01365e-15    -0.024119  1.69095e-16  -0.00761828 -1.52497e-16   0.00406961  -1.8568e-16   0.00566811  2.92415e-17   0.00321933  6.66064e-17  0.000964743  2.23984e-17 -9.61026e-05 -2.32641e-18 -0.000343849  -6.5787e-18 -0.000275411 -6.30688e-18 -0.000157517 -6.22931e-18 -7.43289e-05 -4.25694e-18 -3.04022e-05 -1.62206e-18  -1.0998e-05 -1.61029e-19 -3.53634e-06  2.34347e-19 -1.00207e-06  2.80239e-19 -2.42654e-07  2.53463e-19 -4.57456e-08  1.71871e-19 -4.14521e-09  7.49622e-20  1.53782e-09  1.33003e-20  1.12088e-09 -7.02558e-21  4.52419e-10 -7.00888e-21  1.43637e-10  -3.2928e-21    3.852e-11  -1.1201e-21  8.82758e-12 -3.37612e-22  1.67937e-12 -1.01591e-22   2.3478e-13 -2.62025e-23  8.95306e-15 -3.60793e-24 -8.66565e-15 -5.42593e-25 -4.08337e-15 -1.83759e-24 -1.25607e-15 -2.28768e-24 -3.17021e-16 -1.72439e-24 -6.99854e-17 -9.78818e-25 -1.38807e-17  -4.5915e-25 -2.50696e-18 -1.87241e-25 -4.15349e-19  -6.8535e-26 -6.33874e-20 -2.29609e-26 -8.93017e-21  -7.0916e-27 -1.16242e-21 -2.00749e-27 -1.39793e-22 -5.12193e-28 -1.55185e-23 -1.14955e-28 -1.58782e-24 -2.20313e-29 -1.49413e-25 -3.48904e-30 -1.28936e-26 -4.50727e-31 -1.01669e-27 -5.60027e-32 -7.29289e-29 -1.18011e-32 -4.73311e-30 -3.93036e-33 -2.76096e-31 -1.19643e-33 -1.43612e-32 -2.91561e-34 -6.59846e-34  -5.7357e-35 -2.64829e-35  -9.2751e-36 -9.15592e-37 -1.24501e-36 -2.66671e-38 -1.38825e-37 -6.18015e-40 -1.27582e-38 -8.91985e-42 -9.50193e-40  8.51813e-44  -5.5754e-41  1.11212e-44 -2.46086e-42  3.82039e-46 -7.50088e-44  6.53156e-48 -1.27935e-45  3.90617e-50
  0.00206649 -6.86549e-16  -0.00554622   1.5591e-15   -0.0199739 -9.07418e-16     0.047306 -7.72552e-16 -0.000904779  6.66587e-16   -0.0230216  2.88282e-16   -0.0122126 -1.36383e-16  0.000790611 -1.62088e-16   0.00522807  2.56548e-17   0.00416133  6.95992e-17   0.00196661   3.4712e-17  0.000509166   6.8614e-18 -8.90443e-05  -3.6296e-18 -0.000208881 -8.44384e-18 -0.000161251 -9.62771e-18 -9.24503e-05 -6.76576e-18 -4.48254e-05 -3.09595e-18 -1.93179e-05 -9.11024e-19  -7.5954e-06 -1.43645e-20 -2.77018e-06  3.15837e-19 -9.48656e-07  3.65812e-19 -3.08072e-07  2.50688e-19 -9.56848e-08  1.07313e-19  -2.8633e-08  2.12873e-20 -8.30318e-09 -6.51934e-21 -2.34203e-09 -7.75393e-21 -6.43339e-10 -3.94913e-21 -1.71877e-10 -1.53161e-21 -4.45117e-11 -5.41209e-22 -1.11232e-11 -1.78616e-22 -2.66887e-12 -4.92274e-23 -6.11915e-13 -1.13073e-23 -1.33501e-13 -5.25444e-24 -2.76151e-14 -5.34436e-24 -5.39965e-15 -4.51508e-24 -9.95493e-16 -2.89716e-24 -1.72666e-16 -1.50692e-24  -2.8119e-17 -6.68628e-25 -4.29127e-18 -2.62035e-25  -6.1253e-19  -9.2858e-26 -8.16087e-20 -3.01517e-26 -1.01261e-20 -8.98948e-27 -1.16719e-21  -2.4393e-27 -1.24613e-22 -5.92106e-28 -1.22797e-23 -1.25674e-28  -1.1122e-24  -2.2735e-29 -9.20992e-26  -3.4369e-30 -6.92565e-27 -4.50215e-31 -4.68644e-28 -6.68289e-32 -2.81691e-29 -1.62778e-32 -1.47412e-30  -4.9151e-33 -6.48254e-32 -1.30764e-33 -2.21589e-33 -2.84544e-34 -4.46256e-35 -5.07973e-35  7.40821e-37 -7.51147e-36  1.24894e-37 -9.23346e-37  7.13223e-39 -9.39686e-38  2.87827e-40 -7.82021e-39   9.5568e-42 -5.20573e-40  2.83672e-43 -2.67409e-41  7.37421e-45 -9.96681e-43  1.42062e-46  -2.3719e-44  1.47272e-48 -2.37585e-46
  1.3347e-16   0.00511741 -7.35962e-16   -0.0150283  1.37969e-15  -0.00934722 -7.72552e-16    0.0403017 -6.15001e-16   0.00458268  4.25159e-16   -0.0202969  2.69091e-16   -0.0151902 -1.29405e-16  -0.00275814 -1.33875e-16   0.00378135    2.832e-17   0.00440655  7.63331e-17   0.00276393  4.99993e-17   0.00118668  2.06385e-17  0.000305822  2.17613e-18 -3.03793e-05 -9.33803e-18 -9.84612e-05 -1.26533e-17 -7.75423e-05 -9.48017e-18 -4.48736e-05 -5.00505e-18 -2.20101e-05 -1.99532e-18 -9.63798e-06 -4.05367e-19 -3.86713e-06  3.17688e-19 -1.44381e-06  4.71063e-19 -5.06604e-07  3.25052e-19 -1.68171e-07  1.38216e-19 -5.30481e-08  3.04342e-20 -1.59438e-08 -4.52488e-21 -4.57199e-09 -7.72455e-21 -1.25124e-09 -4.37794e-21 -3.26647e-10 -1.90699e-21 -8.12536e-11 -7.41118e-22 -1.92306e-11 -2.55513e-22 -4.32297e-12  -7.5467e-23 -9.21319e-13 -2.35612e-23   -1.858e-13 -1.34509e-23 -3.53866e-14 -1.07125e-23 -6.35218e-15 -7.49893e-24 -1.07249e-15 -4.30554e-24 -1.69938e-16 -2.08524e-24 -2.52094e-17 -8.79796e-25 -3.49158e-18 -3.31591e-25 -4.50066e-19 -1.13558e-25 -5.37811e-20 -3.56181e-26 -5.92837e-21 -1.02122e-26 -5.98857e-22 -2.64759e-27  -5.4918e-23 -6.10055e-28 -4.50603e-24 -1.22359e-28 -3.22504e-25 -2.09446e-29 -1.90845e-26 -3.05919e-30 -7.95267e-28 -4.19847e-31 -3.01994e-30 -7.36572e-32  3.64771e-30 -1.89848e-32  4.66932e-31 -5.22092e-33  3.97903e-32 -1.24047e-33  2.69148e-33 -2.43854e-34  1.51292e-34  -3.9692e-35  7.15396e-36 -5.37123e-36  2.84211e-37 -6.03533e-37  9.43355e-39 -5.58352e-38  2.61898e-40 -4.18129e-39  6.23396e-42  -2.4641e-40  1.33367e-43 -1.09094e-41  2.52435e-45 -3.32959e-43   3.4474e-47 -5.67181e-45  1.96037e-49
 0.000135602  1.39905e-16   0.00621714  -4.8321e-16   -0.0218207  1.01365e-15 -0.000904779 -6.15001e-16     0.035365  -4.6293e-16   0.00797527  2.77334e-16   -0.0171106   1.7334e-16   -0.0167521 -1.44429e-16  -0.00603349 -1.17519e-16   0.00168158  3.06835e-17     0.003923  8.47956e-17   0.00315572  6.87178e-17   0.00175574    3.847e-17  0.000738189  1.08655e-17  0.000219628  -8.2617e-18  2.21684e-05 -1.46188e-17 -2.71778e-05 -1.19909e-17 -2.64166e-05 -7.10123e-18 -1.60743e-05 -3.24728e-18 -7.99115e-06 -8.55561e-19 -3.49296e-06  3.01576e-19 -1.38582e-06  5.59659e-19 -5.07534e-07  3.86476e-19 -1.73281e-07  1.64548e-19 -5.54857e-08  4.00031e-20 -1.67245e-08 -1.25671e-21 -4.75534e-09 -6.98931e-21 -1.27676e-09 -4.55016e-21 -3.23765e-10 -2.19042e-21 -7.75147e-11  -9.0226e-22 -1.75068e-11 -3.20716e-22 -3.72526e-12 -1.03671e-22 -7.45646e-13 -4.08548e-23 -1.40106e-13 -2.51186e-23 -2.46515e-14 -1.75998e-23 -4.04872e-15  -1.0919e-23 -6.18152e-16 -5.75692e-24 -8.72478e-17 -2.62263e-24 -1.12927e-17 -1.05601e-24  -1.3236e-18 -3.82865e-25 -1.37424e-19 -1.26477e-25 -1.20728e-20 -3.82041e-26 -7.88112e-22 -1.04992e-26 -1.48515e-23 -2.59345e-27  6.06895e-24  -5.6624e-28  1.32448e-24 -1.07323e-28  1.85042e-25 -1.74652e-29  2.08441e-26 -2.50934e-30  2.01279e-27  -3.7236e-31  1.70541e-28  -7.4718e-32  1.27971e-29 -1.92854e-32  8.52513e-31 -4.84389e-33  5.03222e-32 -1.03987e-33  2.61773e-33 -1.85905e-34  1.18942e-34 -2.76554e-35  4.66187e-36 -3.42296e-36   1.5516e-37  -3.5059e-37  4.31723e-39 -2.93381e-38  9.99798e-41 -1.96189e-39  1.98534e-42 -1.01138e-40  3.59083e-44 -3.77833e-42  5.66195e-46 -8.99589e-44  5.60084e-48 -8.99218e-46
-1.94941e-17   0.00187237  3.83806e-17   0.00353772  -1.1456e-16    -0.024119  6.66587e-16   0.00458268  -4.6293e-16    0.0321329 -3.10452e-16    0.0101936  1.86131e-16   -0.0139671  5.44501e-17   -0.0172508 -1.79018e-16  -0.00877534 -1.19609e-16 -0.000729108   2.6515e-17   0.00281393  9.24547e-17   0.00304868  8.94987e-17   0.00206776  5.87352e-17   0.00108935  2.19339e-17  0.000470994 -4.91757e-18   0.00016699 -1.51196e-17  4.51514e-05 -1.39437e-17  6.05222e-06  -9.0584e-18 -2.68011e-06 -4.42434e-18 -2.83288e-06 -1.24889e-18 -1.61553e-06  2.95431e-19 -7.33591e-07  6.29933e-19 -2.89589e-07  4.31499e-19 -1.02871e-07  1.84925e-19 -3.34429e-08  4.92504e-20 -1.00402e-08  2.76532e-21 -2.79718e-09 -5.76985e-21 -7.24818e-10 -4.48122e-21  -1.7476e-10 -2.34366e-21 -3.91583e-11 -1.00203e-21 -8.12957e-12 -3.69001e-22 -1.55545e-12 -1.33747e-22 -2.71802e-13 -6.28108e-23 -4.26859e-14 -3.93186e-23 -5.83552e-15   -2.516e-23  -6.4159e-16 -1.42638e-23 -4.09096e-17 -7.00953e-24  4.05962e-18 -3.02369e-24   2.1591e-18 -1.16467e-24  5.16896e-19 -4.06117e-25  9.56153e-20 -1.29165e-25  1.51083e-20 -3.74689e-26  2.11419e-21 -9.84139e-27  2.66314e-22 -2.31066e-27  3.04384e-23 -4.77431e-28  3.16839e-24 -8.56196e-29  3.00718e-25 -1.33561e-29  2.60106e-26 -1.93342e-30  2.04636e-27 -3.16894e-31  1.45983e-28 -6.95427e-32  9.40167e-30 -1.73734e-32  5.43444e-31 -3.99325e-33  2.79775e-32 -7.79733e-34   1.2698e-33 -1.27244e-34  5.01189e-35 -1.73123e-35  1.68943e-36 -1.95664e-36  4.75486e-38 -1.81988e-37  1.09345e-39 -1.36913e-38  2.06318e-41  -8.0993e-40  3.48956e-43 -3.59623e-41  6.00728e-45 -1.09937e-42  8.78168e-47 -1.87221e-44  5.60685e-49
-0.000409998  -4.0399e-17   0.00456096 -8.12789e-17  -0.00184245  1.69095e-16   -0.0230216  4.25159e-16   0.00797527 -3.10452e-16    0.0299468 -1.51831e-16    0.0117862  1.28765e-16    -0.011018 -5.39525e-17   -0.0169853 -2.23427e-16    -0.010892 -1.38349e-16  -0.00317493  1.39327e-17   0.00125091  9.78655e-17   0.00244854  1.10106e-16   0.00203676  7.93024e-17   0.00126032  3.44173e-17  0.000649043  4.09919e-19  0.000290695 -1.41695e-17   0.00011567 -1.51315e-17   4.1321e-05 -1.05634e-17  1.33012e-05 -5.28744e-18  3.85089e-06 -1.47962e-18  9.94834e-07  3.25414e-19  2.25737e-07  6.85145e-19  4.37863e-08  4.60628e-19  6.98845e-09  1.99115e-19   9.3321e-10  5.73386e-20  1.75885e-10  6.83524e-21  8.45859e-11 -4.35695e-21  4.58772e-11 -4.21718e-21  2.03621e-11 -2.35643e-21  7.52757e-12  -1.0368e-21  2.40711e-12 -4.02127e-22  6.83219e-13 -1.65911e-22  1.74978e-13 -8.77912e-23  4.08668e-14 -5.42407e-23  8.76488e-15 -3.22163e-23  1.73427e-15 -1.69629e-23  3.17538e-16 -7.84124e-24  5.39025e-17 -3.21697e-24  8.49207e-18 -1.18705e-24  1.24216e-18 -3.97856e-25  1.68665e-19 -1.21589e-25  2.12457e-20 -3.37842e-26  2.47985e-21 -8.45897e-27  2.67796e-22 -1.88409e-27  2.67005e-23 -3.68213e-28  2.45166e-24  -6.2679e-29  2.06667e-25 -9.49498e-30  1.59332e-26 -1.42377e-30   1.1183e-27 -2.58707e-31  7.10537e-29 -5.93071e-32  4.05821e-30 -1.40473e-32  2.06484e-31 -2.95881e-33  9.24697e-33 -5.27514e-34  3.58326e-34 -7.87152e-35  1.17109e-35 -9.78961e-36  3.09685e-37 -1.00765e-36  6.15876e-39 -8.47016e-38  7.98765e-41 -5.68613e-39  5.44762e-43 -2.94065e-40  1.00035e-44 -1.10113e-41  5.23979e-46 -2.62433e-43  9.51914e-48 -2.62086e-45
 3.68545e-18 -0.000201264 -8.67873e-17   0.00642134 -1.45957e-16  -0.00761828  2.88282e-16   -0.0202969  2.77334e-16    0.0101936 -1.51831e-16    0.0283866  5.11243e-18    0.0130317  9.67662e-17  -0.00827847  -1.3568e-16   -0.0161654 -2.67157e-16   -0.0123701 -1.67017e-16  -0.00544609 -4.31216e-18 -0.000566956  1.01129e-16   0.00144039  1.28545e-16   0.00165099  9.82152e-17   0.00119779   4.7074e-17  0.000699325  6.89579e-18  0.000353705 -1.21685e-17  0.000160515 -1.55178e-17  6.67432e-05 -1.13955e-17  2.57992e-05 -5.67453e-18  9.37413e-06 -1.48866e-18  3.23062e-06  4.03625e-19   1.0638e-06   7.2874e-19  3.36603e-07  4.75824e-19  1.02729e-07  2.07092e-19  3.02912e-08  6.33003e-20  8.62675e-09  1.02302e-20  2.36823e-09 -3.02414e-21  6.24748e-10 -3.82122e-21  1.57809e-10 -2.24836e-21  3.80305e-11 -1.02027e-21  8.71452e-12 -4.25888e-22  1.89313e-12 -1.99315e-22  3.88899e-13 -1.12861e-22  7.53799e-14 -6.75738e-23  1.37595e-14 -3.75703e-23   2.3611e-15 -1.85493e-23  3.80256e-16 -8.11374e-24   5.7381e-17 -3.17514e-24  8.09929e-18 -1.12316e-24  1.06736e-18 -3.61488e-25  1.31062e-19  -1.0594e-25  1.49602e-20 -2.81262e-26  1.58322e-21 -6.69795e-27  1.54858e-22 -1.41315e-27   1.3948e-23 -2.61377e-28   1.1517e-24 -4.24912e-29  8.67029e-26  -6.3679e-30  5.90967e-27 -1.01494e-30  3.61358e-28 -2.01328e-31  1.95692e-29 -4.63553e-32  9.20374e-31 -1.02815e-32  3.63292e-32 -1.98637e-33  1.11676e-33 -3.24002e-34  2.06137e-35 -4.42236e-35 -2.50033e-37 -5.01929e-36 -4.12598e-38 -4.68807e-37 -2.00741e-39 -3.54033e-38 -6.18241e-41 -2.10123e-39 -1.23056e-42 -9.35495e-41 -1.29856e-44 -2.86504e-42 -8.20958e-48 -4.88135e-44  7.05621e-49
-0.000297031  2.16685e-17   0.00110424 -1.45346e-16   0.00622813 -1.52497e-16   -0.0122126  2.69091e-16   -0.0171106  1.86131e-16    0.0117862  5.11243e-18    0.0272424  1.45408e-16    0.0140802  8.51807e-17  -0.00571742 -1.87297e-16   -0.0149247 -3.02754e-16   -0.0132229 -1.97275e-16  -0.00738131 -2.29333e-17  -0.00243342  1.03424e-16  0.000167983  1.43653e-16  0.000970625  1.14056e-16  0.000906506  5.85528e-17  0.000604379  1.33744e-17  0.000336463 -9.73848e-18  0.000165434 -1.52012e-17  7.38895e-05 -1.14707e-17  3.04842e-05 -5.53986e-18  1.17447e-05 -1.27817e-18  4.25696e-06  5.23348e-19  1.45896e-06  7.60962e-19  4.74351e-07  4.78376e-19  1.46586e-07  2.08469e-19  4.30913e-08  6.61943e-20  1.20501e-08  1.23933e-20  3.20368e-09 -1.96483e-21   8.0897e-10  -3.3621e-21  1.93778e-10 -2.06105e-21  4.39707e-11  -9.7504e-22  9.43786e-12 -4.45643e-22   1.9133e-12 -2.31165e-22  3.65786e-13 -1.34298e-22  6.58444e-14 -7.70986e-23  1.11414e-14 -4.03338e-23  1.76899e-15 -1.87872e-23  2.63045e-16 -7.80717e-24  3.65522e-17 -2.91956e-24  4.73464e-18 -9.90149e-25  5.69988e-19 -3.05642e-25  6.35464e-20 -8.57221e-26  6.53145e-21  -2.1696e-26  6.15294e-22 -4.90446e-27  5.27035e-23 -9.79383e-28  4.05705e-24 -1.71834e-28  2.75455e-25 -2.69496e-29  1.59315e-26 -4.09038e-30  7.23107e-28 -7.04187e-31  1.85587e-29 -1.48137e-31 -7.00624e-31 -3.32503e-32  -1.4031e-31 -6.85492e-33 -1.20268e-32  -1.2153e-33 -7.57087e-34 -1.81492e-34 -3.83881e-35 -2.26416e-35 -1.60685e-36 -2.33907e-36 -5.54416e-38 -1.97322e-37 -1.54293e-39 -1.32894e-38 -3.29807e-41  -6.8922e-40 -4.90535e-43 -2.58668e-41 -4.04792e-45  -6.1735e-43 -6.68944e-48 -6.16537e-45
 2.46121e-17 -0.000605224  4.13499e-17   0.00312514  -1.8355e-16   0.00406961 -1.36383e-16   -0.0151902   1.7334e-16   -0.0139671  1.28765e-16    0.0130317  1.45408e-16    0.0264098  2.56647e-16    0.0150262  8.69634e-17  -0.00328682 -2.13629e-16   -0.0133402 -3.26855e-16   -0.0134651 -2.21737e-16  -0.00885106 -3.67216e-17  -0.00414601  1.06141e-16  -0.00118727  1.55047e-16  0.000114059  1.25892e-16  0.000446655  6.75156e-17  0.000387931  1.86251e-17  0.000245398 -7.50913e-18  0.000130709  -1.4353e-17  6.17362e-05 -1.08424e-17  2.65193e-05 -4.95017e-18  1.05111e-05 -9.02442e-19  3.87874e-06  6.62679e-19  1.34026e-06  7.78298e-19  4.35257e-07  4.68238e-19  1.33157e-07  2.02631e-19  3.84248e-08   6.5406e-20   1.0465e-08  1.30678e-20   2.6901e-09 -1.26646e-21  6.52445e-10 -2.90359e-21  1.49202e-10 -1.84331e-21  3.21402e-11 -9.22213e-22  6.51406e-12 -4.62902e-22  1.24038e-12 -2.56961e-22  2.21514e-13 -1.48544e-22  3.70231e-14 -8.12918e-23  5.77618e-15 -4.01584e-23  8.38437e-16 -1.77209e-23  1.12742e-16 -7.01492e-24   1.3961e-17 -2.50951e-24  1.57839e-18 -8.15671e-25   1.6072e-19 -2.41136e-25  1.43878e-20 -6.45905e-26  1.07557e-21 -1.55518e-26  5.75533e-23 -3.33203e-27  3.97134e-25  -6.2991e-28 -4.19799e-25 -1.05342e-28 -7.18261e-26 -1.61823e-29 -8.25136e-27 -2.55047e-30 -7.67154e-28 -4.74454e-31 -6.08324e-29 -1.02329e-31 -4.19481e-30 -2.19278e-32 -2.53217e-31 -4.18299e-33 -1.33817e-32 -6.80517e-34 -6.16473e-34 -9.30195e-35 -2.45564e-35 -1.05879e-35 -8.34877e-37 -9.92064e-37 -2.37271e-38  -7.5148e-38 -5.44164e-40 -4.47262e-39 -9.45322e-42  -1.9962e-40 -1.09963e-43 -6.12552e-42 -6.38872e-46 -1.04472e-43  -3.5221e-49
-0.000113971  4.53945e-17 -0.000455212  4.73608e-17   0.00489844  -1.8568e-16  0.000790611 -1.29405e-16   -0.0167521  5.44501e-17    -0.011018  9.67662e-17    0.0140802  2.56647e-16    0.0258338  3.32939e-16    0.0159392  9.30546e-17  -0.00093062 -2.23663e-16   -0.0114471 -3.39455e-16   -0.0131026 -2.35612e-16  -0.00974836  -4.2437e-17  -0.00551662  1.10083e-16   -0.0024304   1.6263e-16 -0.000766094  1.33009e-16 -8.28115e-05  7.27644e-17  0.000105864  2.16628e-17  0.000108923  -5.9379e-18  6.96836e-05 -1.31572e-17  3.61891e-05 -9.66704e-18  1.64087e-05 -4.04806e-18  6.70151e-06 -4.43964e-19  2.50595e-06  7.93178e-19   8.6615e-07  7.75353e-19  2.78321e-07  4.44756e-19  8.34385e-08  1.89326e-19  2.33855e-08  6.09133e-20  6.13355e-09   1.2333e-20  1.50564e-09  -9.2022e-22  3.45708e-10 -2.49479e-21  7.41467e-11 -1.63552e-21  1.48223e-11 -8.73794e-22  2.75259e-12  -4.7459e-22   4.7253e-13  -2.7185e-22    7.442e-14 -1.53229e-22  1.06202e-14  -7.9712e-23   1.3427e-15 -3.72861e-23  1.43275e-16 -1.56333e-23  1.11727e-17 -5.90565e-24  1.67343e-19 -2.02195e-24 -1.57311e-19 -6.29381e-25 -4.08456e-20  -1.7791e-25 -7.10058e-21 -4.54216e-26 -1.01197e-21 -1.03847e-26 -1.25245e-22 -2.10689e-27 -1.37776e-23 -3.77723e-28 -1.36142e-24 -6.07149e-29 -1.21398e-25 -9.32232e-30 -9.77965e-27 -1.55694e-30 -7.10961e-28 -3.08094e-31 -4.65074e-29 -6.60312e-32 -2.72534e-30 -1.33219e-32 -1.42212e-31 -2.34464e-33 -6.55743e-33 -3.49844e-34 -2.64598e-34  -4.3719e-35 -9.22587e-36 -4.52828e-36 -2.73164e-37 -3.83055e-37 -6.68878e-39 -2.58668e-38 -1.29562e-40 -1.34485e-39 -1.82917e-42 -5.05849e-41 -1.58762e-44 -1.20933e-42 -5.23319e-47 -1.20863e-44
-1.49813e-17 -0.000389831  6.00516e-17  0.000427615  3.94804e-17   0.00566811 -1.62088e-16  -0.00275814 -1.44429e-16   -0.0172508 -5.39525e-17  -0.00827847  8.51807e-17    0.0150262  3.32939e-16    0.0254879  3.73578e-16    0.0168779  9.41487e-17   0.00141173 -2.27235e-16  -0.00925241 -3.42669e-16   -0.0121346 -2.37411e-16  -0.00999032  -3.9588e-17  -0.00638708  1.14956e-16  -0.00338143  1.66063e-16  -0.00151472    1.347e-16 -0.000570834  7.34241e-17 -0.000172493  2.19644e-17 -3.40981e-05 -5.21287e-18  2.29874e-06 -1.17683e-17  6.73421e-06 -8.15094e-18  4.36992e-06 -3.00277e-18  2.07684e-06  1.31171e-20  8.30757e-07   8.8902e-19  2.92935e-07  7.47677e-19  9.28961e-08  4.07968e-19  2.67332e-08  1.69223e-19  6.99944e-09  5.33577e-20  1.66292e-09  1.05334e-20  3.55203e-10 -8.52601e-22   6.6809e-11 -2.16289e-21  1.05312e-11 -1.45958e-21   1.1891e-12 -8.30658e-22  1.19095e-14 -4.74959e-22 -4.33569e-14 -2.72364e-22 -1.63094e-14 -1.47841e-22 -4.24883e-15  -7.3036e-23 -9.20312e-16 -3.24198e-23  -1.7514e-16 -1.29426e-23  -2.9985e-17 -4.67092e-24 -4.67368e-18 -1.53045e-24 -6.67474e-19 -4.55747e-25 -8.76423e-20 -1.22972e-25 -1.05969e-20 -2.98675e-26 -1.18023e-21 -6.47442e-27 -1.21004e-22 -1.24385e-27 -1.14035e-23 -2.12325e-28 -9.85688e-25 -3.32316e-29 -7.79172e-26 -5.22011e-30 -5.61201e-27 -9.31817e-31 -3.66625e-28 -1.91055e-31  -2.1605e-29 -3.96859e-32 -1.14086e-30 -7.47027e-33 -5.35537e-32 -1.21046e-33 -2.21329e-33 -1.65478e-34 -7.95863e-35 -1.88687e-35  -2.4524e-36 -1.77205e-36 -6.34031e-38 -1.34555e-37 -1.33039e-39 -8.02728e-39 -2.13579e-41 -3.59083e-40 -2.33065e-43 -1.10413e-41 -1.29335e-45 -1.88595e-43 -6.81204e-49
-1.72144e-05 -1.90235e-17 -0.000629029  6.63262e-17   0.00182191  2.92415e-17   0.00522807 -1.33875e-16  -0.00603349 -1.79018e-16   -0.0169853  -1.3568e-16  -0.00571742  8.69634e-17    0.0159392  3.73578e-16    0.0253656  3.79927e-16    0.0178962  8.19913e-17   0.00380102 -2.32905e-16  -0.00674967 -3.39777e-16   -0.0105655 -2.28784e-16  -0.00953035 -3.02437e-17  -0.00665065  1.19271e-16   -0.0039064  1.64536e-16  -0.00200783  1.30335e-16 -0.000923503  6.91665e-17 -0.000385876  1.95766e-17 -0.000148205 -5.24957e-18 -5.28941e-05 -1.02928e-17 -1.77507e-05 -6.49975e-18 -5.68068e-06 -1.96757e-18 -1.76251e-06  4.02529e-19 -5.39207e-07  9.33339e-19 -1.64737e-07  6.94091e-19 -5.04411e-08   3.5961e-19 -1.53746e-08  1.44086e-19 -4.60302e-09  4.38769e-20 -1.33409e-09  8.14408e-21 -3.69796e-10 -9.61939e-22 -9.71918e-11  -1.9109e-21 -2.40862e-11 -1.31724e-21 -5.60929e-12 -7.85788e-22 -1.22513e-12 -4.58771e-22 -2.50649e-13 -2.57723e-22 -4.79979e-14 -1.33776e-22 -8.59769e-15 -6.27636e-23 -1.43974e-15 -2.64861e-23 -2.25232e-16  -1.0083e-23 -3.28897e-17 -3.47836e-24 -4.47849e-18  -1.0902e-24  -5.6794e-19 -3.10181e-25 -6.69753e-20 -7.97503e-26 -7.33132e-21 -1.83951e-26 -7.43311e-22 -3.77713e-27 -6.96267e-23 -6.88111e-28 -6.00756e-24 -1.12651e-28 -4.75782e-25 -1.74787e-29 -3.44434e-26 -2.86969e-30 -2.26811e-27 -5.43898e-31 -1.35072e-28 -1.12215e-31 -7.22468e-30 -2.21842e-32 -3.44235e-31 -3.87301e-33 -1.44678e-32  -5.7673e-34 -5.30054e-34 -7.21189e-35 -1.66835e-35 -7.48257e-36 -4.42718e-37 -6.34265e-37 -9.63805e-39 -4.29224e-38 -1.64226e-40 -2.23644e-39 -1.98535e-42 -8.43017e-41 -1.30736e-44 -2.01931e-42 -1.19252e-48 -2.02086e-44
-1.14404e-18 -0.000152891 -1.29634e-17 -0.000530595  6.68019e-17   0.00321933  2.56548e-17   0.00378135 -1.17519e-16  -0.00877534 -2.23427e-16   -0.0161654 -1.87297e-16  -0.00328682  9.30546e-17    0.0168779  3.79927e-16     0.025475  3.53046e-16     0.019044  5.00843e-17   0.00628946 -2.46973e-16   -0.0039392 -3.34619e-16  -0.00842566 -2.13679e-16  -0.00837779 -1.81935e-17   -0.0062747  1.20699e-16  -0.00394407  1.56984e-16   -0.0021796  1.19671e-16  -0.00108707  6.03867e-17  -0.00049782  1.50809e-17 -0.000211958 -5.76379e-18 -8.47132e-05 -8.79195e-18 -3.20192e-05 -4.88333e-18 -1.15097e-05 -1.05456e-18 -3.94995e-06  6.84835e-19 -1.29702e-06  9.20684e-19 -4.07773e-07  6.17666e-19 -1.22678e-07  3.03305e-19  -3.5266e-08  1.16469e-19 -9.66798e-09  3.37898e-20 -2.52208e-09  5.63047e-21 -6.24726e-10 -1.14761e-21  -1.4664e-10 -1.72166e-21 -3.25582e-11 -1.19616e-21 -6.82661e-12  -7.3015e-22 -1.34975e-12 -4.24002e-22 -2.51312e-13   -2.301e-22 -4.40076e-14 -1.13805e-22 -7.23835e-15 -5.07412e-23  -1.1168e-15 -2.03867e-23 -1.61406e-16 -7.40812e-24 -2.18177e-17 -2.44311e-24 -2.75361e-18 -7.31895e-25 -3.23864e-19 -1.98669e-25  -3.5419e-20 -4.85881e-26 -3.59279e-21 -1.06281e-26 -3.37041e-22 -2.06695e-27 -2.91418e-23 -3.58323e-28 -2.31316e-24 -5.69102e-29 -1.67765e-25 -8.94511e-30 -1.10549e-26 -1.55491e-30 -6.57341e-28 -3.06833e-31 -3.49744e-29 -6.20461e-32 -1.64756e-30 -1.15285e-32   -6.779e-32 -1.85913e-33 -2.39275e-33 -2.53943e-34 -7.06507e-35 -2.89817e-35  -1.6793e-36 -2.72613e-36 -2.99321e-38 -2.07382e-37 -3.28288e-40 -1.23965e-38  2.64488e-43 -5.55683e-40  9.29893e-44 -1.71226e-41  1.78943e-45 -2.93021e-43  1.15825e-47
 1.18438e-05 -4.79653e-18 -0.000379283 -1.27924e-18  4.08696e-05  6.66064e-17   0.00416133    2.832e-17   0.00168158 -1.19609e-16    -0.010892 -2.67157e-16   -0.0149247 -2.13629e-16  -0.00093062  9.41487e-17    0.0178962  3.53046e-16     0.025832  2.92974e-16    0.0203599 -5.70936e-18   0.00890534 -2.73153e-16 -0.000852213 -3.30952e-16  -0.00579496 -1.97011e-16  -0.00661673 -7.76063e-18  -0.00531615  1.16802e-16  -0.00351981  1.42677e-16  -0.00203469  1.03228e-16  -0.00105767  4.82244e-17 -0.000503291  9.42677e-18 -0.000221842 -6.38647e-18 -9.13238e-05 -7.29888e-18 -3.53137e-05  -3.4211e-18 -1.28779e-05 -3.27647e-19 -4.44039e-06  8.47262e-19 -1.44989e-06  8.56148e-19 -4.48648e-07  5.25223e-19 -1.31579e-07  2.43933e-19 -3.65637e-08  8.91192e-20 -9.62163e-09  2.42719e-20 -2.39581e-09  3.35007e-21 -5.64013e-10  -1.3277e-21 -1.25416e-10 -1.56709e-21 -2.63163e-11 -1.07944e-21 -5.20546e-12 -6.58024e-22 -9.69598e-13 -3.72881e-22 -1.69874e-13 -1.93878e-22 -2.79595e-14 -9.12291e-23 -4.31724e-15 -3.86897e-23 -6.24451e-16 -1.48169e-23 -8.44617e-17 -5.14221e-24 -1.06619e-17 -1.62073e-24 -1.25324e-18 -4.63586e-25 -1.36804e-19 -1.19869e-25 -1.38247e-20 -2.78417e-26 -1.28838e-21 -5.76998e-27 -1.10215e-22 -1.06411e-27 -8.60364e-24 -1.76687e-28 -6.08202e-25 -2.76723e-29 -3.85302e-26 -4.50169e-30 -2.15441e-27 -8.27913e-31  -1.0374e-28 -1.65696e-31 -4.10576e-30 -3.21664e-32 -1.18596e-31 -5.56995e-33 -1.28791e-33 -8.27144e-34  1.10063e-34 -1.03415e-34  9.28555e-36 -1.07401e-35  4.29816e-37 -9.11725e-37  1.41761e-38 -6.18042e-38   3.4713e-40 -3.22638e-39  6.21833e-42 -1.21871e-40  7.65969e-44  -2.9255e-42  5.37205e-46 -2.93319e-44
 2.15001e-19 -3.06132e-05 -8.12854e-18 -0.000542038   1.0976e-17  0.000964743  6.95992e-17   0.00440655  3.06835e-17 -0.000729108 -1.38349e-16   -0.0123701 -3.02754e-16   -0.0133402 -2.23663e-16   0.00141173  8.19913e-17     0.019044  2.92974e-16    0.0264494  1.99648e-16    0.0218566 -8.63853e-17    0.0116323 -3.12366e-16   0.00242497  -3.3158e-16  -0.00282182 -1.83174e-16  -0.00441404 -2.55791e-18  -0.00392036  1.05938e-16  -0.00273987  1.21852e-16  -0.00164157  8.24897e-17 -0.000875508  3.43742e-17 -0.000424332  3.68217e-18 -0.000189296 -6.78251e-18 -7.83833e-05 -5.84015e-18 -3.02998e-05 -2.18359e-18 -1.09774e-05  1.91788e-19 -3.73727e-06  8.98118e-19 -1.19775e-06  7.52417e-19 -3.61745e-07  4.25745e-19 -1.03018e-07  1.86556e-19 -2.76682e-08  6.43667e-20 -7.00775e-09  1.61384e-20  -1.6733e-09  1.51323e-21  -3.7649e-10  -1.4466e-21   -7.977e-11 -1.41922e-21 -1.59032e-11 -9.54259e-22 -2.98035e-12  -5.6965e-22 -5.24434e-13 -3.11123e-22  -8.6529e-14 -1.54302e-22 -1.33652e-14 -6.90564e-23 -1.92878e-15  -2.7883e-23 -2.59451e-16 -1.01868e-23 -3.24352e-17 -3.37699e-24 -3.75455e-18 -1.01659e-24 -4.00477e-19 -2.77289e-25 -3.91047e-20 -6.81909e-26 -3.46279e-21 -1.50216e-26 -2.74044e-22 -2.94909e-27  -1.8894e-23 -5.17396e-28 -1.07548e-24 -8.31538e-29 -4.30379e-26  -1.3106e-29 -1.57645e-28 -2.24022e-30  1.80638e-28 -4.29682e-31  2.20404e-29 -8.49642e-32  1.78408e-30 -1.55981e-32  1.14201e-31 -2.50259e-33  6.04973e-33 -3.41316e-34  2.68245e-34 -3.89611e-35  9.91577e-36 -3.66843e-36  3.01181e-37 -2.79447e-37  7.33231e-39 -1.67317e-38  1.37651e-40 -7.51458e-40  1.87036e-42 -2.32057e-41   1.6208e-44 -3.98003e-43  5.94603e-47
 1.28695e-05 -1.09175e-18 -0.000154617 -9.20742e-18  -0.00046977  2.23984e-17   0.00196661  7.63331e-17     0.003923   2.6515e-17  -0.00317493 -1.67017e-16   -0.0132229 -3.26855e-16   -0.0114471 -2.27235e-16   0.00380102  5.00843e-17    0.0203599  1.99648e-16    0.0273194  7.48498e-17    0.0235006 -1.88958e-16    0.0143895 -3.62463e-16   0.00573556 -3.37394e-16  0.000273988 -1.74785e-16  -0.00200736 -4.49255e-18  -0.00229846  8.79922e-17  -0.00176539  9.60588e-17  -0.00110911   5.9748e-17  -0.00060705   2.0719e-17 -0.000298095 -1.22491e-18 -0.000133509 -6.73937e-18 -5.50963e-05 -4.45183e-18 -2.10911e-05 -1.20192e-18  -7.5234e-06  5.13768e-19 -2.50851e-06  8.59309e-19 -7.83462e-07   6.2598e-19 -2.29519e-07  3.28367e-19 -6.31207e-08   1.3535e-19 -1.63022e-08    4.372e-20 -3.95409e-09  9.77744e-21 -9.00401e-10  1.93083e-22 -1.92371e-10 -1.47614e-21 -3.85244e-11 -1.25906e-21 -7.22168e-12 -8.16412e-22 -1.26491e-12 -4.70784e-22 -2.06512e-13 -2.46015e-22 -3.13236e-14 -1.16141e-22 -4.39412e-15 -4.94525e-23 -5.66378e-16 -1.90271e-23 -6.64092e-17 -6.63471e-24 -6.96561e-18 -2.10055e-24 -6.32929e-19 -6.03416e-25 -4.61168e-20 -1.56734e-25 -1.98352e-21 -3.66038e-26  1.08886e-22 -7.64071e-27  3.96498e-23  -1.4226e-27  6.04132e-24  -2.3887e-28  6.96042e-25 -3.77275e-29  6.71855e-26 -6.11151e-30  5.62396e-27 -1.10103e-30  4.13772e-28 -2.15199e-31   2.6867e-29  -4.1125e-32  1.53777e-30  -7.0655e-33  7.71886e-32 -1.04592e-33  3.36831e-33 -1.30666e-34  1.26167e-34 -1.35755e-35  3.98521e-36 -1.15354e-36  1.03567e-37 -7.83004e-38  2.13788e-39 -4.09438e-39  3.32283e-41 -1.54975e-40  3.54349e-43 -3.72885e-42  2.09024e-45 -3.74727e-44
 2.67089e-19  9.06834e-06 -3.46818e-18 -0.000315475 -7.42117e-18 -9.61026e-05   3.4712e-17   0.00276393  8.47956e-17   0.00281393  1.39327e-17  -0.00544609 -1.97275e-16   -0.0134651 -3.39455e-16  -0.00925241 -2.32905e-16   0.00628946 -5.70936e-18    0.0218566  7.48498e-17    0.0283916 -7.57593e-17    0.0251937 -3.05976e-16     0.017021 -4.18125e-16   0.00885575  -3.4681e-16   0.00322133 -1.72056e-16  0.000329252 -1.33017e-17 -0.000686244  6.46181e-17  -0.00077307  6.79936e-17 -0.000554868  3.76364e-17 -0.000322724  8.90602e-18 -0.000162973 -4.69734e-18 -7.36617e-05 -6.20452e-18 -3.02899e-05 -3.18308e-18 -1.14426e-05 -4.78006e-19 -3.99584e-06  6.68136e-19 -1.29507e-06  7.59106e-19 -3.90565e-07  4.93443e-19 -1.09761e-07  2.40589e-19 -2.87622e-08    9.293e-20 -7.02667e-09  2.77652e-20 -1.59885e-09  5.20754e-21 -3.38194e-10 -6.37601e-22 -6.62922e-11 -1.41257e-21  -1.1982e-11 -1.08067e-21 -1.98098e-12 -6.70223e-22 -2.95499e-13 -3.70169e-22 -3.87464e-14 -1.84355e-22 -4.20655e-15 -8.27893e-23   -3.089e-16 -3.35593e-23  5.70665e-18 -1.23123e-23  7.80226e-18 -4.09845e-24  1.91063e-18 -1.23859e-24   3.3964e-19 -3.39151e-25  5.05733e-20 -8.37677e-26  6.60518e-21  -1.8555e-26  7.71695e-22  -3.6697e-27  8.13989e-23 -6.49922e-28  7.78371e-24 -1.05482e-28  6.75508e-25 -1.66914e-29  5.31543e-26 -2.82435e-30  3.78262e-27 -5.30674e-31  2.42453e-28 -1.03047e-31  1.39188e-29 -1.87159e-32  7.10425e-31 -2.98747e-33  3.19319e-32  -4.0665e-34  1.24839e-33 -4.64032e-35  4.17672e-35 -4.37128e-36  1.17012e-36  -3.3331e-37   2.6633e-38  -1.9984e-38  4.71227e-40 -8.99148e-40  6.03622e-42  -2.7829e-41  4.87526e-44 -4.78504e-43  1.62542e-46
 7.71395e-06  3.53671e-19 -3.97495e-05 -5.81428e-18 -0.000409827 -2.32641e-18  0.000509166  4.99993e-17   0.00315572  9.24547e-17   0.00125091 -4.31216e-18  -0.00738131 -2.21737e-16   -0.0131026 -3.42669e-16  -0.00674967 -2.46973e-16   0.00890534 -8.63853e-17    0.0235006 -7.57593e-17    0.0295538 -2.41499e-16    0.0267649  -4.2589e-16    0.0193062 -4.71382e-16    0.0115228 -3.55991e-16   0.00574041 -1.72977e-16   0.00233534  -2.6763e-17  0.000704522  3.88567e-17  8.53081e-05  4.08752e-17  -7.5777e-05  1.85111e-17 -7.82248e-05  1.10678e-20  -4.7974e-05 -6.54431e-18 -2.35283e-05 -5.26871e-18  -9.9504e-06 -2.08721e-18 -3.74097e-06  7.68744e-21 -1.26863e-06  6.94802e-19 -3.90723e-07   6.2617e-19 -1.09498e-07  3.68647e-19  -2.7851e-08  1.67192e-19 -6.37629e-09  6.01938e-20 -1.28987e-09  1.63132e-20 -2.20879e-10  2.20162e-21 -2.81831e-11 -1.06382e-21 -1.03316e-12   -1.271e-21  8.53418e-13 -8.89866e-22  3.73223e-13 -5.25217e-22  1.06098e-13 -2.76499e-22  2.47359e-14 -1.31005e-22  5.04341e-15 -5.59685e-23  9.23656e-16 -2.16127e-23  1.53986e-16 -7.56433e-24  2.35392e-17 -2.40338e-24   3.3127e-18 -6.92764e-25  4.30077e-19 -1.80587e-25  5.15478e-20 -4.23551e-26  5.70267e-21 -8.89108e-27  5.81715e-22 -1.66785e-27  5.46211e-23 -2.82601e-28   4.7096e-24 -4.49771e-29  3.71731e-25 -7.27906e-30  2.67548e-26 -1.29361e-30  1.74751e-27 -2.48338e-31  1.02974e-28 -4.68365e-32  5.43481e-30 -7.98854e-33  2.54622e-31 -1.17859e-33  1.04705e-32 -1.47063e-34  3.72494e-34 -1.52778e-35  1.12491e-35 -1.29891e-36  2.81049e-37 -8.82579e-38  5.60055e-39 -4.62196e-39  8.41702e-41 -1.75299e-40  8.65294e-43 -4.22849e-42   4.8678e-45 -4.26084e-44
 3.27618e-19  1.35795e-05 -2.01001e-19 -0.000135212 -7.10192e-18 -0.000343849   6.8614e-18   0.00118668  6.87178e-17   0.00304868  9.78655e-17 -0.000566956 -2.29333e-17  -0.00885106 -2.35612e-16   -0.0121346 -3.39777e-16   -0.0039392 -2.73153e-16    0.0116323 -1.88958e-16    0.0251937 -2.41499e-16    0.0306235 -4.07092e-16    0.0279832 -5.34588e-16    0.0209941 -5.13028e-16    0.0134846 -3.59943e-16   0.00759754 -1.74212e-16   0.00381517 -4.14957e-17    0.0017274  1.42784e-17  0.000712123  1.76172e-17   0.00027001  3.93356e-18  9.53814e-05 -5.60555e-18  3.19733e-05 -6.93602e-18  1.04329e-05 -4.11055e-18  3.41192e-06 -1.20656e-18    1.143e-06  2.90224e-19  3.93015e-07   6.3606e-19  1.36207e-07  4.85181e-19  4.63565e-08  2.60975e-19  1.51524e-08  1.09998e-19  4.68785e-09  3.66084e-20  1.36172e-09   8.6799e-21  3.69958e-10  4.17741e-22  9.38674e-11 -1.19263e-21  2.22349e-11 -1.07799e-21  4.91806e-12 -6.99437e-22   1.0161e-12 -3.91816e-22  1.96151e-13 -1.96142e-22  3.53849e-14 -8.83636e-23  5.96489e-15 -3.59312e-23  9.39349e-16 -1.32256e-23  1.38125e-16 -4.41663e-24  1.89497e-17 -1.33882e-24  2.42312e-18 -3.67711e-25  2.88411e-19 -9.11302e-26  3.19009e-20 -2.02726e-26  3.27255e-21 -4.03261e-27  3.10621e-22 -7.19608e-28  2.72026e-23 -1.17767e-28  2.19066e-24 -1.87238e-29  1.61588e-25 -3.15131e-30  1.08661e-26 -5.83617e-31  6.62425e-28 -1.11719e-31  3.63636e-29 -2.01026e-32  1.78276e-30 -3.19305e-33  7.72675e-32 -4.33661e-34  2.92285e-33 -4.94484e-35  9.49138e-35 -4.65855e-36  2.58814e-36 -3.55443e-37  5.74781e-38 -2.13353e-38  9.93887e-40 -9.61594e-40  1.24392e-41 -2.98313e-41  9.77799e-44 -5.14371e-43  3.14174e-46
