    0.250693 -1.65686e-16    0.0778083 -1.11421e-17   -0.0195605 -2.28094e-17   -0.0161501 -1.64508e-17   -0.0023031  3.49898e-18   0.00141009   2.6594e-18  0.000815957  4.78647e-19  0.000174375  1.60192e-19  8.90323e-06  5.61834e-20 -2.63336e-06  3.66948e-21 -2.99321e-07
-1.65686e-16     0.158806 -4.66425e-17    0.0342113  5.83631e-18   -0.0201929 -5.69414e-17   -0.0165721  -2.0716e-17    -0.003303  2.58074e-18   0.00142627  1.70491e-18   0.00108399  5.24482e-19  0.000298433  3.73341e-19  3.75562e-05  1.10877e-19  1.30616e-06  4.57889e-21
   0.0778083 -4.66425e-17    0.0798731  7.60735e-17    0.0224708 -1.28086e-17   -0.0170172 -6.14591e-17   -0.0164747 -1.91875e-17  -0.00453804 -1.46503e-18  0.000867127 -6.63774e-19   0.00102744  2.91208e-19  0.000327619  4.94768e-19  4.83063e-05  1.10691e-19   2.4058e-06
-1.11421e-17    0.0342113  7.60735e-17    0.0565663  1.19031e-16       0.0194 -1.37854e-17   -0.0144015 -4.38132e-17   -0.0162271 -1.46665e-17  -0.00586072 -6.04907e-18 -0.000104297 -3.22561e-18  0.000663924 -3.91215e-20  0.000237328  4.55262e-19  3.17415e-05  5.67476e-20
  -0.0195605  5.83631e-18    0.0224708  1.19031e-16    0.0462604  1.06146e-16    0.0178947 -5.35942e-18   -0.0119958 -2.15461e-17   -0.0157373 -1.12567e-17  -0.00706803 -1.06176e-17  -0.00123216  -5.3435e-18  0.000147084 -2.95544e-19  9.32454e-05  2.80766e-19  9.28651e-06
-2.28094e-17   -0.0201929 -1.28086e-17       0.0194  1.06146e-16    0.0403369  7.28966e-17    0.0175363  3.72177e-18  -0.00945646 -5.27662e-18   -0.0147339 -1.17845e-17  -0.00775212 -1.51142e-17  -0.00209077 -6.40134e-18 -0.000256962 -3.76119e-19 -3.95676e-06  9.23114e-20
  -0.0161501 -5.69414e-17   -0.0170172 -1.37854e-17    0.0178947  7.28966e-17    0.0369615  4.19413e-17    0.0181342   1.2485e-17  -0.00637652  2.93859e-18   -0.0127276 -1.56984e-17   -0.0073725 -1.79372e-17  -0.00225923 -5.80457e-18  -0.00036217 -2.81419e-19 -2.08669e-05
-1.64508e-17   -0.0165721 -6.14591e-17   -0.0144015 -5.35942e-18    0.0175363  4.19413e-17    0.0353634  2.76971e-17    0.0197955  2.44301e-17  -0.00224383  6.94743e-18   -0.0092473 -1.89517e-17  -0.00564828 -1.67291e-17  -0.00168357 -3.79859e-18 -0.000229632 -1.29749e-19
  -0.0023031  -2.0716e-17   -0.0164747 -4.38132e-17   -0.0119958  3.72177e-18    0.0181342  2.76971e-17    0.0353223  3.70306e-17    0.0227817  4.36268e-17   0.00322285  1.19003e-17  -0.00442272 -1.70939e-17  -0.00304454 -1.14162e-17 -0.000807249 -1.63843e-18 -7.00795e-05
 3.49898e-18    -0.003303 -1.91875e-17   -0.0162271 -2.15461e-17  -0.00945646   1.2485e-17    0.0197955  3.70306e-17    0.0368834  6.96237e-17    0.0270481  6.93432e-17   0.00939118  1.96109e-17  0.000529994 -9.86712e-18 -0.000684538 -5.13428e-18  -0.00018142  -3.9606e-19
  0.00141009  2.58074e-18  -0.00453804 -1.46665e-17   -0.0157373 -5.27662e-18  -0.00637652  2.44301e-17    0.0227817  6.96237e-17    0.0398065  1.15767e-16    0.0314908  9.26997e-17     0.014346  2.66134e-17   0.00379579  -1.8936e-18  0.000519302 -1.17793e-18   2.3806e-05
  2.6594e-18   0.00142627 -1.46503e-18  -0.00586072 -1.12567e-17   -0.0147339  2.93859e-18  -0.00224383  4.36268e-17    0.0270481  1.15767e-16    0.0427737  1.55242e-16    0.0336953  1.00721e-16    0.0158431  2.75145e-17   0.00439794  2.20303e-18  0.000601887  9.71714e-21
 0.000815957  1.70491e-18  0.000867127 -6.04907e-18  -0.00706803 -1.17845e-17   -0.0127276  6.94743e-18   0.00322285  6.93432e-17    0.0314908  1.55242e-16    0.0431794  1.65906e-16    0.0312443  8.70137e-17    0.0132499  2.10401e-17   0.00305922  2.17323e-18  0.000258054
 4.78647e-19   0.00108399 -6.63774e-19 -0.000104297 -1.06176e-17  -0.00775212 -1.56984e-17   -0.0092473  1.19003e-17   0.00939118  9.26997e-17    0.0336953  1.65906e-16    0.0385646  1.40204e-16    0.0239771  5.85804e-17   0.00835929  1.15486e-17   0.00137568  8.07045e-19
 0.000174375  5.24482e-19   0.00102744 -3.22561e-18  -0.00123216 -1.51142e-17   -0.0073725 -1.89517e-17  -0.00442272  1.96109e-17     0.014346  1.00721e-16    0.0312443  1.40204e-16    0.0289801  9.25363e-17    0.0146658  2.99778e-17   0.00386641  4.28268e-18  0.000359909
 1.60192e-19  0.000298433  2.91208e-19  0.000663924  -5.3435e-18  -0.00209077 -1.79372e-17  -0.00564828 -1.70939e-17  0.000529994  2.66134e-17    0.0158431  8.70137e-17    0.0239771  9.25363e-17    0.0175893  4.68301e-17   0.00688706  1.12257e-17   0.00123318   9.1585e-19
 8.90323e-06  3.73341e-19  0.000327619 -3.91215e-20  0.000147084 -6.40134e-18  -0.00225923 -1.67291e-17  -0.00304454 -9.86712e-18   0.00379579  2.75145e-17    0.0132499  5.85804e-17    0.0146658  4.68301e-17   0.00829965  1.76781e-17   0.00236683  2.86787e-18  0.000233111
 5.61834e-20  3.75562e-05  4.94768e-19  0.000237328 -2.95544e-19 -0.000256962 -5.80457e-18  -0.00168357 -1.14162e-17 -0.000684538  -1.8936e-18   0.00439794  2.10401e-17   0.00835929  2.99778e-17   0.00688706  1.76781e-17   0.00291208  4.75868e-18  0.000550557  4.22029e-19
-2.63336e-06  1.10877e-19  4.83063e-05  4.55262e-19  9.32454e-05 -3.76119e-19  -0.00036217 -3.79859e-18 -0.000807249 -5.13428e-18  0.000519302  2.20303e-18   0.00305922  1.15486e-17   0.00386641  1.12257e-17   0.00236683  4.75868e-18  0.000712214  8.38472e-19   7.2883e-05
 3.66948e-21  1.30616e-06  1.10691e-19  3.17415e-05  2.80766e-19 -3.95676e-06 -2.81419e-19 -0.000229632 -1.63843e-18  -0.00018142 -1.17793e-18  0.000601887  2.17323e-18   0.00137568  4.28268e-18   0.00123318  2.86787e-18  0.000550557  8.38472e-19  0.000108126  7.85564e-20
-2.99321e-07  4.57889e-21   2.4058e-06  5.67476e-20  9.28651e-06  9.23114e-20 -2.08669e-05 -1.29749e-19 -7.00795e-05  -3.9606e-19   2.3806e-05  9.71714e-21  0.000258054  8.07045e-19  0.000359909   9.1585e-19  0.000233111  4.22029e-19   7.2883e-05  7.85564e-20  7.66419e-06
