 3.25556e-06  7.67842e-21 -3.53523e-05  -1.5267e-19  0.000131765  8.26339e-19 -0.000246276 -2.18544e-18  0.000236676  3.21719e-18 -8.17272e-05 -2.58903e-18 -3.95794e-05  8.72338e-19  3.38332e-05   1.3606e-19  1.13138e-06  -1.4342e-19 -3.81078e-06  1.04691e-20  7.27495e-08
 7.67842e-21  5.21371e-05  9.31903e-20 -0.000304279 -1.27704e-18  0.000800878  5.29655e-18  -0.00110767 -1.10901e-17  0.000734056  1.28483e-17 -4.31483e-05 -7.59586e-18 -0.000213077  1.13948e-18  6.73632e-05  8.73126e-19  2.27007e-05 -2.89131e-19 -6.98426e-06 -1.10909e-21
-3.53523e-05  9.31903e-20  0.000390773  6.47022e-19  -0.00149388 -6.49932e-18   0.00289783   2.1087e-17  -0.00295686 -3.51604e-17   0.00118614   3.1698e-17  0.000432955 -1.28283e-17 -0.000505442 -7.12467e-19  2.95754e-05  1.95281e-18  5.93002e-05 -2.67619e-19 -4.60412e-06
 -1.5267e-19 -0.000304279  6.47022e-19   0.00182136   3.0387e-18  -0.00497208 -2.32972e-17   0.00726781  6.01471e-17   -0.0053261 -8.00544e-17  0.000740335  5.49775e-17   0.00149518  -1.2869e-17 -0.000696247 -4.83083e-18 -0.000118741  2.46384e-18  7.81697e-05 -1.10875e-19
 0.000131765 -1.27704e-18  -0.00149388   3.0387e-18   0.00592197  1.04299e-17   -0.0121141 -6.28931e-17    0.0134564  1.30873e-16  -0.00657725 -1.38718e-16  -0.00130401   6.9817e-17   0.00274931 -4.57143e-18 -0.000537868 -8.65396e-18 -0.000301903  1.90413e-18  5.70293e-05
 8.26339e-19  0.000800878 -6.49932e-18  -0.00497208  1.04299e-17    0.0143041  2.74799e-17   -0.0226173 -1.33385e-16    0.0190134  2.25734e-16   -0.0049541 -1.89093e-16  -0.00460628  6.49038e-17   0.00348187  8.08469e-18  -3.7088e-05 -9.14475e-18 -0.000388936  8.29975e-19
-0.000246276  5.29655e-18   0.00289783 -2.32972e-17   -0.0121141  2.74799e-17    0.0267576  5.76013e-17   -0.0334681 -2.29228e-16    0.0208622  3.17422e-16 -0.000244433 -2.07344e-16  -0.00787513  4.17733e-17   0.00329566  1.65427e-17  0.000530797 -5.94922e-18 -0.000311041
-2.18544e-18  -0.00110767   2.1087e-17   0.00726781 -6.28931e-17   -0.0226173  5.76013e-17    0.0400771  9.88066e-17   -0.0405081 -3.27318e-16     0.017812  3.72353e-16   0.00591757 -1.85868e-16  -0.00993208  1.44651e-17   0.00239652  1.52202e-17  0.000857753 -1.61463e-18
 0.000236676 -1.10901e-17  -0.00295686  6.01471e-17    0.0134564 -1.33385e-16   -0.0334681  9.88066e-17    0.0496927  1.42021e-16   -0.0416154 -3.96777e-16    0.0114391  3.71324e-16    0.0114773 -1.37572e-16      -0.0105 -2.01293e-18   0.00130933  5.81815e-18  0.000766367
 3.21719e-18  0.000734056 -3.51604e-17   -0.0053261  1.30873e-16    0.0190134 -2.29228e-16   -0.0405081  1.42021e-16    0.0531049  1.74591e-16   -0.0381147 -4.15374e-16    0.0044635  3.17834e-16    0.0153914 -8.36675e-17   -0.0100369 -2.03463e-18  0.000498703 -3.80006e-18
-8.17272e-05  1.28483e-17   0.00118614 -8.00544e-17  -0.00657725  2.25734e-16    0.0208622 -3.27318e-16   -0.0416154  1.74591e-16    0.0515109  1.86518e-16   -0.0331088 -3.77836e-16  -0.00129402  2.28863e-16    0.0177692  -3.9246e-17  -0.00915073  8.19533e-18  0.000225274
-2.58903e-18 -4.31483e-05   3.1698e-17  0.000740335 -1.38718e-16   -0.0049541  3.17422e-16     0.017812 -3.96777e-16   -0.0381147  1.86518e-16    0.0481401  1.73923e-16   -0.0290217  -2.9086e-16  -0.00545006  1.20799e-16    0.0191818  -6.8536e-18  -0.00822624  1.26905e-17
-3.95794e-05 -7.59586e-18  0.000432955  5.49775e-17  -0.00130401 -1.89093e-16 -0.000244433  3.72353e-16    0.0114391 -4.15374e-16   -0.0331088  1.73923e-16    0.0456565  1.37588e-16   -0.0267468 -1.63357e-16  -0.00837389  2.12902e-18     0.020066  2.20914e-17  -0.00683769
 8.72338e-19 -0.000213077 -1.28283e-17   0.00149518   6.9817e-17  -0.00460628 -2.07344e-16   0.00591757  3.71324e-16    0.0044635 -3.77836e-16   -0.0290217  1.37588e-16    0.0451928  7.94672e-17   -0.0263014 -3.98317e-19   -0.0104291 -1.28286e-16    0.0199499  5.73894e-17
 3.38332e-05  1.13948e-18 -0.000505442  -1.2869e-17   0.00274931  6.49038e-17  -0.00787513 -1.85868e-16    0.0114773  3.17834e-16  -0.00129402  -2.9086e-16   -0.0267468  7.94672e-17    0.0469976  6.81071e-19   -0.0277189  1.95984e-16   -0.0110388 -2.58028e-16    0.0153283
  1.3606e-19  6.73632e-05 -7.12467e-19 -0.000696247 -4.57143e-18   0.00348187  4.17733e-17  -0.00993208 -1.37572e-16    0.0153914  2.28863e-16  -0.00545006 -1.63357e-16   -0.0263014  6.81071e-19    0.0513927 -1.00343e-16   -0.0321726  4.23463e-16  -0.00613683  -3.4748e-16
 1.13138e-06  8.73126e-19  2.95754e-05 -4.83083e-18 -0.000537868  8.08469e-18   0.00329566  1.44651e-17      -0.0105 -8.36675e-17    0.0177692  1.20799e-16  -0.00837389 -3.98317e-19   -0.0277189 -1.00343e-16    0.0600105 -2.13597e-16   -0.0450143  5.84157e-16   0.00894069
 -1.4342e-19  2.27007e-05  1.95281e-18 -0.000118741 -8.65396e-18  -3.7088e-05  1.65427e-17   0.00239652 -2.01293e-18   -0.0100369  -3.9246e-17    0.0191818  2.12902e-18   -0.0104291  1.95984e-16   -0.0321726 -2.13597e-16    0.0790881 -3.49554e-16   -0.0735303   6.7212e-16
-3.81078e-06 -2.89131e-19  5.93002e-05  2.46384e-18 -0.000301903 -9.14475e-18  0.000530797  1.52202e-17   0.00130933 -2.03463e-18  -0.00915073  -6.8536e-18     0.020066 -1.28286e-16   -0.0110388  4.23463e-16   -0.0450143 -3.49554e-16     0.117692  -2.9253e-16   -0.0937135
 1.04691e-20 -6.98426e-06 -2.67619e-19  7.81697e-05  1.90413e-18 -0.000388936 -5.94922e-18  0.000857753  5.81815e-18  0.000498703  8.19533e-18  -0.00822624  2.20914e-17    0.0199499 -2.58028e-16  -0.00613683  5.84157e-16   -0.0735303  -2.9253e-16     0.153415 -5.21334e-16
 7.27495e-08 -1.10909e-21 -4.60412e-06 -1.10875e-19  5.70293e-05  8.29975e-19 -0.000311041 -1.61463e-18  0.000766367 -3.80006e-18  0.000225274  1.26905e-17  -0.00683769  5.73894e-17    0.0153283  -3.4748e-16   0.00894069   6.7212e-16   -0.0937135 -5.21334e-16     0.108778
