 0.000716612 -5.89454e-22  -0.00341205 -5.17179e-20   0.00359161   1.3686e-19 -2.96504e-05  -2.6417e-19  -0.00062758  4.55124e-19 -0.000188596 -9.20487e-20 -6.96972e-06 -2.84485e-19   8.4513e-06  9.29419e-20  2.24351e-06  4.45532e-21   2.4129e-07  1.66609e-21  8.56473e-09
-5.89454e-22    0.0056808  5.75998e-20   -0.0138645 -4.52647e-19    0.0080121  5.34206e-19   0.00257342 -6.99925e-19 -0.000769549  1.34595e-18 -0.000573523  -3.1106e-19 -0.000132833 -5.61452e-19 -1.19413e-05  9.63231e-20  4.34407e-07  2.10835e-20  1.36556e-07  1.66475e-21
 -0.00341205  5.75998e-20    0.0207961    3.653e-19   -0.0314092 -1.45465e-18   0.00769097  9.00239e-19   0.00735021  -8.2613e-19   0.00083794  2.67257e-18  -0.00052774 -5.91827e-19 -0.000229381 -7.44296e-19 -4.03095e-05  5.83026e-20   -3.322e-06   2.9351e-20 -8.71893e-08
-5.17179e-20   -0.0138645    3.653e-19     0.047126  1.06814e-18    -0.047179 -2.64423e-18  -0.00189957  6.88868e-19    0.0100718  3.25822e-19   0.00363348  4.27521e-18  0.000304988 -6.48013e-19 -0.000105737 -7.16812e-19 -3.10463e-05  5.22356e-20 -2.82847e-06  2.17472e-20
  0.00359161 -4.52647e-19   -0.0314092  1.06814e-18    0.0752914  1.80199e-18   -0.0505531 -3.23421e-18   -0.0176368  8.41148e-20   0.00681025  3.58184e-18   0.00506502   6.0566e-18   0.00122027  -2.2227e-19  0.000124404 -4.20158e-19  1.36587e-06  8.06391e-20 -3.72087e-07
  1.3686e-19    0.0080121 -1.45465e-18    -0.047179  1.80199e-18    0.0926958  1.53026e-18   -0.0394783 -3.47919e-18   -0.0313129  2.18551e-19  -0.00163152   8.6676e-18   0.00345438  7.76677e-18   0.00128135  5.81644e-19  0.000201289  1.04075e-20  1.33828e-05   7.7692e-20
-2.96504e-05  5.34206e-19   0.00769097 -2.64423e-18   -0.0505531  1.53026e-18    0.0956143 -1.08246e-18   -0.0202919  -5.0494e-18    -0.036589  1.85562e-18   -0.0103691  1.37461e-17 -3.47848e-05    8.697e-18   0.00053869  1.30774e-18  0.000104891  2.84083e-19  5.61235e-06
 -2.6417e-19   0.00257342  9.00239e-19  -0.00189957 -3.23421e-18   -0.0394783 -1.08246e-18    0.0904893  -7.2909e-18  0.000328654 -9.33862e-18   -0.0318683  4.19348e-18    -0.014427  1.63141e-17  -0.00268483  8.14247e-18 -0.000170003  1.52577e-18  7.25099e-06  2.47434e-19
 -0.00062758 -6.99925e-19   0.00735021  6.88868e-19   -0.0176368 -3.47919e-18   -0.0202919  -7.2909e-18    0.0856832 -1.77766e-17    0.0197425 -1.57255e-17   -0.0192262  5.48245e-18   -0.0121596    1.508e-17  -0.00297604  6.23116e-18 -0.000338836  1.17162e-18 -1.27412e-05
 4.55124e-19 -0.000769549  -8.2613e-19    0.0100718  8.41148e-20   -0.0313129  -5.0494e-18  0.000328654 -1.77766e-17    0.0851636 -3.13315e-17    0.0371036 -2.16398e-17    -0.003325  4.80211e-18  -0.00604036  1.10489e-17  -0.00166462  3.86464e-18 -0.000173323  5.52787e-19
-0.000188596  1.34595e-18   0.00083794  3.25822e-19   0.00681025  2.18551e-19    -0.036589 -9.33862e-18    0.0197425 -3.13315e-17    0.0876797 -4.36834e-17    0.0498409 -2.40865e-17   0.00972704  2.91962e-18 -0.000393257  6.53034e-18 -0.000383683  1.88786e-18 -3.19344e-05
-9.20487e-20 -0.000573523  2.67257e-18   0.00363348  3.58184e-18  -0.00163152  1.85562e-18   -0.0318683 -1.57255e-17    0.0371036 -4.36834e-17    0.0883286 -4.89578e-17    0.0537655  -2.1562e-17    0.0153431  1.29421e-18   0.00212052   3.1824e-18  0.000109644  6.35583e-19
-6.96972e-06  -3.1106e-19  -0.00052774  4.27521e-18   0.00506502   8.6676e-18   -0.0103691  4.19348e-18   -0.0192262 -2.16398e-17    0.0498409 -4.89578e-17    0.0814623 -4.39479e-17    0.0469116 -1.52442e-17    0.0134892  5.71088e-19    0.0019244  1.27009e-18  9.44032e-05
-2.84485e-19 -0.000132833 -5.91827e-19  0.000304988   6.0566e-18   0.00345438  1.37461e-17    -0.014427  5.48245e-18    -0.003325 -2.40865e-17    0.0537655 -4.39479e-17    0.0650032 -3.12072e-17     0.032623 -8.23742e-18   0.00813207  3.79359e-19  0.000892789  3.61845e-19
  8.4513e-06 -5.61452e-19 -0.000229381 -6.48013e-19   0.00122027  7.76677e-18 -3.47848e-05  1.63141e-17   -0.0121596  4.80211e-18   0.00972704  -2.1562e-17    0.0469116 -3.12072e-17    0.0429564 -1.71749e-17    0.0176833 -3.22128e-18   0.00343621  2.42094e-19  0.000222112
 9.29419e-20 -1.19413e-05 -7.44296e-19 -0.000105737  -2.2227e-19   0.00128135    8.697e-18  -0.00268483    1.508e-17  -0.00604036  2.91962e-18    0.0153431 -1.52442e-17     0.032623 -1.71749e-17    0.0226728 -7.09604e-18   0.00724959 -8.20172e-19  0.000974746  8.90738e-20
 2.24351e-06  9.63231e-20 -4.03095e-05 -7.16812e-19  0.000124404  5.81644e-19   0.00053869  8.14247e-18  -0.00297604  1.10489e-17 -0.000393257  1.29421e-18    0.0134892 -8.23742e-18    0.0176833 -7.09604e-18   0.00922176 -2.08773e-18   0.00214966 -1.00313e-19  0.000160768
 4.45532e-21  4.34407e-07  5.83026e-20 -3.10463e-05 -4.20158e-19  0.000201289  1.30774e-18 -0.000170003  6.23116e-18  -0.00166462  6.53034e-18   0.00212052  5.71088e-19   0.00813207 -3.22128e-18   0.00724959 -2.08773e-18   0.00276666 -3.95557e-19  0.000426927  4.15412e-21
  2.4129e-07  2.10835e-20   -3.322e-06  5.22356e-20  1.36587e-06  1.04075e-20  0.000104891  1.52577e-18 -0.000338836  3.86464e-18 -0.000383683   3.1824e-18    0.0019244  3.79359e-19   0.00343621 -8.20172e-19   0.00214966 -3.95557e-19  0.000573852 -3.73325e-20  4.77571e-05
 1.66609e-21  1.36556e-07   2.9351e-20 -2.82847e-06  8.06391e-20  1.33828e-05  2.84083e-19  7.25099e-06  1.17162e-18 -0.000173323  1.88786e-18  0.000109644  1.27009e-18  0.000892789  2.42094e-19  0.000974746 -1.00313e-19  0.000426927 -3.73325e-20  7.32395e-05  1.95152e-23
 8.56473e-09  1.66475e-21 -8.71893e-08  2.17472e-20 -3.72087e-07   7.7692e-20  5.61235e-06  2.47434e-19 -1.27412e-05  5.52787e-19 -3.19344e-05  6.35583e-19  9.44032e-05  3.61845e-19  0.000222112  8.90738e-20  0.000160768  4.15412e-21  4.77571e-05  1.95152e-23   4.3228e-06
