  1.7943e-33  3.43477e-36  7.38561e-34  1.07852e-35   -7.722e-34  8.99441e-36 -1.13074e-33  -5.5536e-35  5.68633e-33 -4.46526e-35 -8.85352e-32 -2.08889e-35   9.7356e-31  1.89078e-35 -8.81024e-30  1.32248e-35  6.67274e-29 -1.35808e-36 -4.29287e-28  3.08555e-36  2.37181e-27    1.387e-36 -1.13455e-26 -1.38101e-36  4.72662e-26  2.17813e-37 -1.72206e-25 -1.00612e-36  5.50088e-25  2.09707e-36 -1.54235e-24  3.01835e-36   3.7945e-24 -5.15418e-35 -8.17554e-24  3.08562e-34  1.53685e-23 -1.35588e-33 -2.50502e-23  4.93402e-33   3.5066e-23 -1.55319e-32 -4.15257e-23  4.32046e-32  4.05798e-23 -1.07507e-31 -3.12501e-23  2.41208e-31  1.70283e-23 -4.90723e-31  -4.1467e-24  9.09196e-31 -2.67659e-24 -1.53963e-30   3.2996e-24  2.39039e-30  -1.1583e-24 -3.41212e-30 -4.05661e-25   4.4886e-30  5.20217e-25 -5.45135e-30 -8.21101e-26  6.11766e-30 -1.11359e-25 -6.34151e-30  4.77587e-26  6.05999e-30  1.69247e-26 -5.31828e-30 -1.28278e-26  4.26136e-30 -2.29053e-27 -3.09185e-30  2.57667e-27  2.00786e-30  3.76985e-28 -1.14647e-30 -4.18682e-28  5.57336e-31 -7.93859e-29 -2.13748e-31  5.27328e-29  4.78132e-32  1.56003e-29  1.30234e-32 -4.30522e-30 -2.40039e-32 -2.25818e-30  1.78595e-32  7.10146e-32 -9.64937e-33  2.05948e-31  4.09688e-33  2.95917e-32 -1.35651e-33 -8.71486e-33  3.25237e-34 -3.29658e-33 -4.22213e-35  -1.4022e-34 -4.37248e-36   1.1976e-34  3.63491e-36  2.55553e-35 -7.94773e-37  5.03287e-37  4.49235e-38 -5.61654e-37  1.63724e-38 -9.11772e-38 -3.71206e-39  -3.2337e-39  1.47253e-40  6.88596e-40  3.78154e-41  9.66169e-41 -3.71335e-42  4.46838e-42 -1.15983e-43 -6.09941e-44  2.03212e-44 -9.89949e-45 -2.79482e-46 -2.47718e-46 -5.07051e-48
 3.43477e-36  3.90104e-33   1.7308e-35  1.62224e-33  4.10221e-35  1.03652e-34  2.38432e-35 -2.05304e-32 -1.32615e-34  3.02196e-31 -9.55611e-35 -3.74463e-30  -3.2804e-35  3.74054e-29  3.63047e-35 -3.09882e-28   2.2181e-35  2.16612e-27 -5.67118e-36 -1.29397e-26  6.78084e-36  6.66831e-26  2.98987e-36 -2.98529e-25 -5.07649e-36  1.16683e-24  1.02748e-35 -3.99506e-24 -3.61902e-35  1.20045e-23  1.05481e-34 -3.16702e-23 -2.15468e-34  7.32791e-23  8.78953e-35   -1.483e-22  1.85465e-33  2.61242e-22 -1.16276e-32 -3.97532e-22  4.75482e-32  5.16418e-22  -1.5634e-31 -5.62012e-22  4.39602e-31  4.95992e-22 -1.08615e-30 -3.32357e-22  2.39298e-30  1.40234e-22 -4.74451e-30 -1.02058e-24  8.51968e-30 -4.81687e-23  -1.3925e-29  3.23706e-23  2.08034e-29 -3.28229e-24 -2.85154e-29 -8.17266e-24  3.59832e-29  4.32733e-24 -4.19188e-29  7.33475e-25  4.51644e-29 -1.31757e-24 -4.50209e-29  1.13066e-25  4.14552e-29  2.81641e-25 -3.51293e-29 -5.73985e-26  2.72339e-29 -5.21624e-26   -1.916e-29  1.24359e-26  1.21045e-29  9.08662e-27 -6.76789e-30 -1.67362e-27  3.27105e-30 -1.45308e-27 -1.30086e-30  9.76467e-29  3.65668e-31  1.91412e-28 -1.22183e-32  1.37754e-29  -7.3087e-32 -1.75585e-29  6.35349e-32  -4.0245e-30 -3.59892e-32  7.68687e-31  1.55399e-32  4.25059e-31 -5.14067e-33   2.6218e-32  1.20705e-33 -1.89151e-32 -1.44871e-34  -4.6006e-33 -2.00212e-35 -2.92398e-35  1.35394e-35  1.51567e-34 -2.67123e-36  2.50487e-35   9.9337e-38  3.26851e-37  5.97063e-38 -4.03251e-37  -1.0847e-38 -5.48202e-38  1.74352e-40 -1.96846e-39  1.18869e-40  1.96706e-40 -7.70068e-42  2.42315e-41 -3.94066e-43    7.843e-43  3.40316e-44  4.85818e-45 -2.37899e-46 -2.29667e-46
 7.38561e-34   1.7308e-35  6.48329e-33  4.78187e-35  1.07135e-33  9.74166e-35  3.70934e-32  4.96103e-35 -6.88377e-31 -2.06994e-34  9.56221e-30  -1.4456e-34 -1.06109e-28  -3.6592e-35  9.65617e-28  5.00311e-35 -7.35656e-27  2.85873e-35  4.76218e-26 -1.28517e-35 -2.64826e-25  9.00218e-36  1.27548e-24  1.20906e-35 -5.35216e-24 -4.63301e-35  1.96485e-23  1.78721e-34 -6.32707e-23 -6.49431e-34  1.78919e-22  2.03224e-33 -4.44192e-22 -5.24564e-33  9.66389e-22  1.00581e-32 -1.83574e-21 -7.70934e-33  3.02649e-21 -4.27289e-32 -4.29018e-21  2.72718e-31  5.15325e-21 -1.01837e-30 -5.12084e-21  2.99264e-30  4.02856e-21 -7.46143e-30 -2.26879e-21   1.6283e-29   6.1284e-22 -3.16134e-29  3.10845e-22  5.51559e-29  -4.3407e-22 -8.70923e-29     1.69e-22  1.25173e-28  4.47878e-23 -1.64578e-28 -7.05767e-23   1.9888e-28  1.44055e-23 -2.21793e-28   1.4262e-23  2.28968e-28 -7.23557e-24 -2.19097e-28 -1.95818e-24  1.94106e-28  1.89486e-24 -1.58601e-28  2.23397e-25  1.18754e-28 -3.81559e-25 -8.07939e-29  -3.4248e-26  4.94418e-29   6.3601e-26 -2.68834e-29  8.43603e-27  1.27686e-29 -8.46297e-27 -5.13239e-30 -1.95011e-27  1.60421e-30  7.77892e-28 -2.57659e-31  3.18088e-28 -1.18854e-31 -2.79978e-29  1.46589e-31 -3.23869e-29 -9.04907e-32 -3.32824e-30  4.04775e-32  1.64085e-30 -1.35312e-32  4.92194e-31  3.13836e-33  2.35902e-33  -3.5222e-34 -2.14886e-32 -5.90964e-35 -3.76695e-33  3.46219e-35  5.15316e-35 -6.17694e-36  1.04127e-34  1.10266e-37  1.40427e-35  1.47038e-37  2.07347e-37 -2.15257e-38 -1.42222e-37 -1.21915e-40 -1.62798e-38  2.34301e-40 -5.82472e-40 -9.10593e-42  1.94577e-41 -7.43524e-43  1.84235e-42  3.18969e-44  4.06011e-44 -9.51529e-47
 1.07852e-35  1.62224e-33  4.78187e-35  9.58299e-33  8.79232e-35 -5.15526e-32  1.70183e-34  1.17386e-30   8.9216e-35 -1.86605e-29 -2.45156e-34  2.31556e-28 -1.73116e-34 -2.32637e-27 -3.22857e-35  1.93865e-26  5.69483e-35 -1.36355e-25  3.23062e-35  8.19843e-25 -1.87747e-35 -4.25391e-24 -8.96034e-36  1.91814e-23  1.22701e-34 -7.55424e-23 -5.59051e-34  2.60727e-22  2.27826e-33 -7.90113e-22 -8.23496e-33  2.10334e-21  2.60509e-32 -4.91379e-21 -7.09192e-32  1.00476e-20  1.60298e-31 -1.78985e-20 -2.71823e-31  2.75716e-20  1.98673e-31 -3.63096e-20  8.04272e-31  4.01404e-20 -4.67886e-30 -3.61066e-20   1.5463e-29  2.48323e-20 -4.00001e-29 -1.10065e-20  8.75882e-29  5.60631e-22 -1.67622e-28  3.45883e-21   2.8509e-28 -2.52911e-21 -4.35468e-28  3.64805e-22  6.02056e-28   5.9263e-22 -7.58439e-28 -3.57123e-22  8.76028e-28 -3.76363e-23  -9.3314e-28  1.03994e-22  9.21005e-28 -1.44279e-23 -8.44493e-28  -2.1584e-23   7.1895e-28  5.80322e-24 -5.65886e-28  3.93359e-24  4.08731e-28 -1.24798e-24 -2.68316e-28 -6.92492e-25  1.58415e-28   1.8135e-25 -8.32271e-29  1.15404e-25  3.84631e-29 -1.50174e-26 -1.53643e-29 -1.62267e-26  5.07502e-30 -3.55089e-28 -1.16623e-30  1.63531e-27 -2.88381e-32  2.89236e-28  2.40394e-31 -8.82527e-29 -1.75135e-31 -3.66396e-29  8.34827e-32 -7.66719e-31 -2.86044e-32  1.93198e-30  6.61404e-33   3.8044e-31 -7.04141e-34 -1.35661e-32 -1.33707e-34 -1.54624e-32  7.04852e-35  -2.0989e-33 -1.13892e-35   3.9865e-35 -1.34071e-38  4.37236e-35  2.82851e-37  4.94017e-36 -3.33014e-38  1.01155e-37  -8.7403e-40  -2.5406e-38  3.37694e-40  -2.4251e-39 -5.43241e-42 -6.98548e-41  -9.4979e-43  1.19602e-43  1.69998e-44  2.89476e-44
  -7.722e-34  4.10221e-35  1.07135e-33  8.79232e-35  6.98385e-32  1.16076e-34 -1.59428e-30   2.3647e-34  2.93433e-29  1.35168e-34 -4.10921e-28 -2.33057e-34  4.58484e-27 -1.65332e-34 -4.19698e-26  -2.2493e-35  3.21729e-25  5.64141e-35 -2.09622e-24  2.90858e-35  1.17369e-23  1.23349e-35 -5.69355e-23 -2.40584e-34  2.40724e-22  1.30349e-33 -8.90807e-22 -5.84715e-33  2.89283e-21  2.33098e-32 -8.25401e-21 -8.24835e-32  2.06881e-20  2.57989e-31 -4.54709e-20 -7.07117e-31  8.73312e-20  1.66862e-30 -1.45712e-19 -3.25716e-30  2.09299e-19  4.68752e-30 -2.55185e-19 -2.39669e-30  2.58066e-19 -1.32598e-29 -2.07587e-19   6.2012e-29  1.20931e-19 -1.75701e-28 -3.59865e-20  3.93934e-28 -1.39582e-20  -7.4994e-28  2.27426e-20  1.24879e-27 -9.81261e-21 -1.84844e-27 -1.83011e-21  2.45838e-27  3.80676e-21 -2.96359e-27 -9.68765e-22  3.26483e-27 -7.16009e-22 -3.31303e-27  4.34212e-22  3.11853e-27  8.39924e-23 -2.73508e-27 -1.10905e-22  2.23546e-27 -6.34955e-24 -1.69436e-27  2.23442e-23  1.17988e-27  7.06634e-25 -7.46054e-28 -3.81324e-24  4.23321e-28 -2.86149e-25  -2.1344e-28  5.34162e-25  9.50237e-29  9.03012e-26 -3.72102e-29 -5.42931e-26   1.2654e-29 -1.73403e-26 -3.47683e-30  2.79603e-27  4.87201e-31    1.997e-27  2.51669e-31  1.17817e-28 -2.70972e-31 -1.18968e-28  1.44277e-31 -2.84357e-29 -5.15712e-32  1.21517e-30  1.20003e-32  1.50263e-30 -1.23199e-33  2.12103e-31 -2.49561e-34 -1.27079e-32  1.21542e-34 -7.49835e-33 -1.78119e-35 -8.29722e-34 -3.50136e-37  1.03036e-35  4.52206e-37  1.12412e-35 -4.23368e-38  1.06829e-36 -1.96997e-39  2.65199e-38  3.75173e-40 -2.03183e-39  2.26271e-42 -1.41331e-40 -8.70855e-43 -2.58534e-42  3.43684e-45
 8.99441e-36  1.03652e-34  9.74166e-35 -5.15526e-32  1.16076e-34  1.77504e-30  1.12536e-34 -3.81846e-29   2.7674e-34  6.09922e-28   1.6849e-34 -7.61201e-27 -1.81186e-34  7.69264e-26 -1.18087e-34 -6.45027e-25 -1.54422e-35   4.5663e-24  5.58112e-35 -2.76427e-23  -3.3804e-35   1.4446e-22  4.07503e-34  -6.5632e-22 -2.44371e-33  2.60543e-21   1.1982e-32 -9.06827e-21 -5.18847e-32  2.77264e-20  2.00303e-31 -7.45116e-20 -6.89389e-31   1.7584e-19  2.11077e-30 -3.63474e-19  -5.7192e-30  6.55128e-19  1.35689e-29 -1.02225e-18 -2.75882e-29  1.36565e-18  4.57494e-29 -1.53478e-18 -5.29922e-29  1.40832e-18    6.288e-30  -9.9503e-19  1.80975e-28    4.633e-19 -6.41311e-28  -4.3574e-20  1.52346e-27  -1.3181e-19 -2.92249e-27  1.05702e-19  4.79117e-27 -1.99415e-20 -6.88722e-27  -2.2683e-20  8.81275e-27  1.57176e-20 -1.01524e-26  6.71982e-22  1.06407e-26 -4.36267e-21 -1.02547e-26  8.58652e-22  9.17873e-27  8.71777e-22 -7.68524e-27 -3.02682e-22  6.02734e-27 -1.54781e-22 -4.40119e-27  6.48953e-23  2.95582e-27  2.74269e-23 -1.79824e-27 -9.98531e-24  9.76807e-28 -4.78439e-24 -4.69031e-28  9.99492e-25  1.98811e-28  7.22635e-25 -7.52704e-29  -2.5309e-26   2.5958e-29  -8.0065e-26 -8.03846e-30  -1.0078e-26   1.8711e-30  5.12395e-27  6.15437e-33  1.64495e-27 -3.30615e-31 -4.66325e-29  2.15004e-31 -1.02936e-28  -8.1958e-32 -1.60457e-29  1.93677e-32  1.52337e-30   -1.951e-33  8.24128e-31 -3.99914e-34   8.8981e-32  1.83746e-34  -5.8365e-33 -2.44638e-35 -2.46458e-33  -9.1624e-37 -2.29656e-34  6.23002e-37 -4.64878e-38 -4.53668e-38  1.65309e-36 -3.06435e-39  1.27777e-37  3.24573e-40  2.92894e-39  9.70234e-42 -4.12584e-41 -5.68376e-43 -1.68301e-42
-1.13074e-33  2.38432e-35  3.70934e-32  1.70183e-34 -1.59428e-30  1.12536e-34    4.165e-29  7.66938e-35 -7.68983e-28  2.88288e-34  1.08288e-26  1.71027e-34 -1.21536e-25 -1.14533e-34  1.11943e-24 -4.46717e-35 -8.63701e-24 -3.06725e-35  5.66586e-23  1.25776e-34 -3.19512e-22 -6.18952e-34  1.56165e-21  3.85068e-33 -6.65527e-21 -2.04421e-32  2.48351e-20  9.55984e-32 -8.13677e-20 -3.98749e-31  2.34356e-19  1.48759e-30 -5.93308e-19  -4.9654e-30   1.3181e-18  1.48097e-29 -2.56094e-18 -3.93265e-29  4.32694e-18  9.23083e-29   -6.302e-18 -1.88894e-28  7.80483e-18  3.27639e-28 -8.03915e-18 -4.49699e-28  6.61815e-18  3.76896e-28 -3.99122e-18  2.41825e-28  1.30074e-18 -1.91217e-27   3.6852e-19  5.13684e-27 -7.33825e-19 -1.01173e-26  3.50962e-19  1.64454e-26  3.97246e-20 -2.30176e-26 -1.26161e-19  2.83423e-26  3.91314e-20 -3.11537e-26  2.16383e-20  3.09733e-26 -1.59731e-20 -2.82411e-26 -1.92367e-21  2.39512e-26  3.97525e-21  -1.9105e-26 -1.97879e-23  1.43781e-26 -7.99161e-22 -1.01308e-26  2.40166e-23  6.57224e-27  1.39351e-22 -3.84597e-27  2.03457e-24  1.99225e-27 -2.05025e-23 -9.02614e-28 -2.23007e-24  3.58686e-28  2.27909e-24 -1.29009e-28  5.57177e-25  4.46898e-29 -1.47665e-25 -1.53393e-29 -7.43488e-26  4.60215e-30  -7.0398e-28 -7.24714e-31  5.17225e-27 -2.83386e-31  9.68798e-28  2.80218e-31 -1.05159e-28 -1.17162e-31 -6.33519e-29    2.836e-32 -6.86031e-30 -2.85228e-33  9.11273e-31 -5.63616e-34  3.24979e-31  2.49027e-34  2.84557e-32  -3.0189e-35 -1.51069e-33 -1.64599e-36 -5.30515e-34   7.5826e-37 -4.18137e-35 -4.14937e-38 -4.83427e-37  -3.7567e-39  1.18845e-37  2.12452e-40  6.55074e-39   1.2686e-41  9.50249e-41 -2.36828e-43
 -5.5536e-35 -2.05304e-32  4.96103e-35  1.17386e-30   2.3647e-34 -3.81846e-29  7.66938e-35  8.30078e-28  2.63287e-35 -1.33322e-26   2.8228e-34   1.6737e-25  1.39377e-34  -1.7019e-24 -5.94767e-35  1.43631e-23  3.96058e-35 -1.02373e-22 -1.54381e-34  6.24173e-22  8.28688e-34 -3.28651e-21 -5.23174e-33  1.50501e-20   2.9734e-32 -6.02458e-20 -1.49728e-31  2.11545e-19   6.7217e-31 -6.52876e-19 -2.70111e-30  1.77205e-18  9.73402e-30 -4.22644e-18 -3.14731e-29  8.83643e-18  9.12201e-29 -1.61244e-17  -2.3635e-28  2.55019e-17  5.44479e-28  -3.4585e-17  -1.1042e-27  3.95439e-17  1.93461e-27 -3.70481e-17 -2.81317e-27  2.69152e-17  3.03895e-27 -1.31644e-17 -1.27511e-27  1.79934e-18 -4.27514e-27  3.34531e-18  1.51547e-26 -2.97277e-18 -3.15277e-26   6.9874e-19  5.12624e-26  5.73582e-19 -7.00674e-26 -4.64057e-19  8.30401e-26  9.02343e-21 -8.69388e-26  1.22148e-19  8.17057e-26  -3.2016e-20 -7.01541e-26  -2.3211e-20  5.61201e-26  1.03498e-20  -4.2543e-26  3.94989e-21  3.07484e-26 -2.21675e-21 -2.09717e-26 -6.99621e-22  1.31843e-26  3.57065e-22 -7.42782e-27   1.2879e-22  3.65567e-27 -4.05709e-23 -1.54515e-27 -2.11362e-23  5.63055e-28  2.18786e-24  -1.8719e-28  2.58762e-24   6.4709e-29  1.89658e-25 -2.48869e-29 -1.92378e-25  8.98115e-30 -4.78287e-26 -2.14775e-30   4.4517e-27 -5.62873e-32  3.60185e-27  3.20289e-31  4.20186e-28 -1.52559e-31 -8.05562e-29  3.81465e-32  -2.8827e-29 -3.89686e-33 -2.30387e-30 -7.09155e-34  3.37243e-31   3.0746e-34  9.10246e-32 -3.40362e-35  6.76216e-33 -2.41116e-36 -2.01526e-34  8.30576e-37 -6.89947e-35 -3.25848e-38 -4.40191e-36 -3.80948e-39 -6.94621e-38  9.43494e-41   2.7595e-39  1.02802e-41  6.70577e-41
 5.68633e-33 -1.32615e-34 -6.88377e-31   8.9216e-35  2.93433e-29   2.7674e-34 -7.68983e-28  2.63287e-35  1.42812e-26 -1.79656e-35 -2.02294e-25  2.69486e-34  2.28447e-24  8.79723e-35 -2.11782e-23 -4.14665e-35  1.64515e-22  1.88772e-34 -1.08694e-21 -9.74383e-34  6.17569e-21  6.12114e-33 -3.04237e-20 -3.73844e-32  1.30739e-19  2.02315e-31 -4.92178e-19 -9.76284e-31   1.6276e-18  4.21589e-30 -4.73432e-18 -1.63358e-29  1.21123e-17  5.68875e-29 -2.72132e-17 -1.78131e-28  5.35176e-17  5.01177e-28 -9.16236e-17 -1.26415e-27  1.35402e-16  2.84608e-27 -1.70464e-16 -5.67481e-27  1.78984e-16  9.88171e-27 -1.50936e-16 -1.46222e-26  9.43016e-17  1.72437e-26 -3.34853e-17  -1.2922e-26 -6.37666e-18 -4.32818e-27   1.6838e-17  3.87933e-26  -8.9396e-18 -8.92616e-26  -3.9113e-19  1.46775e-25  2.96436e-18 -1.96544e-25 -1.10551e-18  2.24228e-25 -4.49135e-19 -2.23148e-25  4.16212e-19  1.97426e-25  2.06066e-20 -1.58694e-25 -1.00684e-19  1.19034e-25  7.12666e-21 -8.55032e-26  2.01198e-20  5.94614e-26 -1.97124e-21 -3.94658e-26 -3.57647e-21  2.41714e-26  1.84618e-22 -1.31416e-26  5.52031e-22   6.1255e-27  2.57065e-23 -2.38246e-27 -6.66924e-23  7.69656e-28 -1.18194e-23 -2.24571e-28  5.13062e-24  7.70563e-29  1.91647e-24 -3.47811e-29  -9.7109e-26    1.489e-29 -1.56208e-25 -4.34134e-30 -2.18272e-26  3.94681e-31  4.65811e-27  3.17061e-31  1.85627e-27 -1.82157e-31  1.37748e-28  4.75047e-32 -3.82395e-29 -5.01634e-33 -9.77504e-30  -8.0385e-34 -6.22254e-31    3.502e-34  7.91534e-32 -3.55234e-35  1.73433e-32  -3.0629e-36  1.10636e-33  8.30067e-37 -7.93511e-36 -2.20789e-38  -4.6135e-36 -3.25769e-39 -2.07108e-37  1.59892e-41 -2.32562e-39  5.08792e-42
-4.46526e-35  3.02196e-31 -2.06994e-34 -1.86605e-29  1.35168e-34  6.09922e-28  2.88288e-34 -1.33322e-26 -1.79656e-35  2.15399e-25 -4.58948e-35 -2.72082e-24    2.498e-34  2.78462e-23  4.45747e-35 -2.36608e-22 -1.31431e-34  1.69849e-21  9.25638e-34 -1.04336e-20 -6.35066e-33  5.53718e-20  4.07477e-32  -2.5568e-19 -2.37587e-31   1.0325e-18  1.23278e-30 -3.65919e-18 -5.71952e-30  1.14044e-17  2.38007e-29 -3.12786e-17   -8.904e-29  7.54368e-17  2.99894e-28 -1.59616e-16 -9.09773e-28  2.95054e-16  2.48427e-27 -4.73306e-16 -6.09402e-27  6.52082e-16  1.33782e-26 -7.59153e-16 -2.61121e-26  7.26821e-16  4.48072e-26 -5.43436e-16 -6.62123e-26  2.79185e-16  8.06529e-26   -4.995e-17 -7.16074e-26 -6.22455e-17  2.03769e-26  6.21625e-17  8.35861e-26 -1.76511e-17 -2.31161e-25 -1.05008e-17  3.89575e-25  1.01541e-17 -5.12737e-25 -8.36225e-19   5.6308e-25 -2.51528e-18 -5.31451e-25  8.49597e-19   4.4051e-25  4.45909e-19 -3.29041e-25 -2.57892e-19   2.2958e-25  -7.0619e-20 -1.55652e-25  5.52044e-20   1.0452e-25  1.23307e-20  -6.8071e-26 -9.23985e-21  4.09343e-26 -2.43617e-21 -2.15645e-26  1.15513e-21  9.49955e-27  4.43999e-22 -3.34632e-27 -8.54436e-23  9.06954e-28 -6.07653e-23 -2.04717e-28  -9.4385e-25  6.92491e-29  5.20159e-24 -4.18683e-29   9.7364e-25  2.16481e-29 -1.83791e-25 -7.16098e-30 -9.12702e-26  1.05578e-30  -6.9493e-27  2.59434e-31  2.76239e-27 -1.99676e-31  7.27962e-28  5.50474e-32  3.57746e-29 -6.12162e-33 -1.22399e-29 -8.24835e-34 -2.42767e-30  3.71829e-34 -1.32705e-31  -3.4681e-35  1.10926e-32 -3.47144e-36  2.06449e-33  7.63211e-37  1.08137e-34 -1.31093e-38  6.71507e-37 -2.35471e-39 -1.10121e-37 -1.22014e-41 -1.96647e-39
-8.85352e-32 -9.55611e-35  9.56221e-30 -2.45156e-34 -4.10921e-28   1.6849e-34  1.08288e-26   2.8228e-34 -2.02294e-25 -4.58948e-35  2.88322e-24 -5.93309e-35  -3.2771e-23  2.10955e-34  3.05873e-22  7.20371e-35 -2.39304e-21 -7.47374e-34  1.59295e-20  5.52458e-33 -9.12222e-20 -3.88219e-32  4.53132e-19  2.42629e-31 -1.96432e-18 -1.35689e-30  7.46335e-18  6.77402e-30 -2.49229e-17 -3.02973e-29  7.32499e-17  1.21745e-28 -1.89482e-16 -4.40471e-28  4.30775e-16  1.43669e-27 -8.58015e-16 -4.22618e-27  1.48942e-15  1.12046e-26 -2.23491e-15 -2.67239e-26   2.8624e-15  5.71442e-26  -3.0663e-15  -1.0892e-25   2.6512e-15  1.83292e-25 -1.71725e-15 -2.67778e-25  6.61421e-16  3.28561e-25  7.06556e-17 -3.12112e-25 -2.95301e-16  1.63888e-25  1.74565e-16  1.37746e-25 -4.01187e-18 -5.50369e-25 -5.30213e-17   9.6603e-25  2.36187e-17 -1.25335e-24  6.72433e-18  1.32455e-24 -8.26231e-18 -1.18265e-24    1.769e-19  9.13311e-25  1.93437e-18 -6.28003e-25 -2.76369e-19   4.0305e-25 -3.82094e-19 -2.56526e-25  6.73473e-20  1.67356e-25  6.90408e-20 -1.08298e-25 -8.84125e-21  6.46208e-26  -1.1181e-20  -3.3174e-26  2.38259e-22  1.38063e-26  1.46457e-21 -4.33142e-27  1.64839e-22  8.92618e-28  -1.2987e-22 -9.07211e-29 -3.63032e-23  2.93008e-29  4.75009e-24 -4.26482e-29  3.52358e-24  2.80672e-29  3.25122e-25 -1.02053e-29 -1.38836e-25   1.8438e-30 -4.04358e-26  1.46577e-31  -1.4447e-27 -1.99872e-31  1.11824e-27   5.9555e-32  2.18204e-28 -7.11423e-33  7.96466e-30 -7.67349e-34 -2.62999e-30  3.71063e-34 -4.21639e-31 -3.19041e-35 -2.04847e-32 -3.55255e-36  7.85079e-34  6.46649e-37  1.30797e-34 -7.17091e-39  4.84006e-36 -1.41689e-39  3.69108e-38 -9.75145e-42
-2.08889e-35 -3.74463e-30  -1.4456e-34  2.31556e-28 -2.33057e-34 -7.61201e-27  1.71027e-34   1.6737e-25  2.69486e-34 -2.72082e-24 -5.93309e-35  3.45913e-23 -6.66573e-35 -3.56433e-22  1.18027e-34  3.05024e-21  4.57659e-34 -2.20606e-20 -4.26364e-33  1.36585e-19  3.16412e-32 -7.30885e-19 -2.14833e-31  3.40441e-18  1.29683e-30 -1.38748e-17 -6.99067e-30  4.96526e-17  3.37003e-29 -1.56352e-16 -1.45741e-28  4.33543e-16   5.6694e-28  -1.0579e-15 -1.98782e-27  2.26666e-15  6.28951e-27 -4.24725e-15 -1.79631e-26  6.91509e-15  4.62787e-26 -9.68572e-15 -1.07359e-25  1.14908e-14  2.23541e-25 -1.12526e-14 -4.15574e-25  8.66655e-15  6.83917e-25 -4.67614e-15 -9.82087e-25  1.03272e-15  1.19774e-24  8.92358e-16 -1.16761e-24 -1.02173e-15  7.44334e-25  3.43409e-16  1.01908e-25  1.45018e-16 -1.20963e-24 -1.74034e-16   2.2533e-24  2.56389e-17 -2.88848e-24  4.01134e-17  2.93553e-24 -1.72085e-17 -2.47271e-24 -6.42554e-18  1.76797e-24  4.96854e-18 -1.10567e-24  8.89245e-19  6.42154e-25 -1.06213e-18 -3.80539e-25 -1.47707e-19  2.43837e-25  1.83743e-19 -1.59736e-25  3.27276e-20  9.58355e-26 -2.48359e-20 -4.82715e-26 -6.94819e-21  1.90171e-26  2.23056e-21  -5.2355e-27  1.08856e-21    6.655e-28 -5.76127e-23  1.38799e-28 -1.07401e-22 -4.86195e-29 -1.39777e-23 -3.47122e-29  5.03164e-24  3.27259e-29  1.76089e-24 -1.28722e-29  5.36767e-26  2.61965e-30 -6.90167e-26 -1.22093e-32 -1.39017e-26 -1.79901e-31 -1.65259e-28  6.03036e-32  3.20059e-28 -7.89259e-33  4.91018e-29 -6.46682e-34  1.57938e-30  3.49857e-34 -3.58421e-31 -2.77409e-35 -4.69441e-32 -3.28485e-36 -1.94517e-33  5.01581e-37  1.61467e-35 -3.99934e-39  3.10244e-36 -6.77912e-40  4.42337e-38
  9.7356e-31  -3.2804e-35 -1.06109e-28 -1.73116e-34  4.58484e-27 -1.81186e-34 -1.21536e-25  1.39377e-34  2.28447e-24    2.498e-34  -3.2771e-23 -6.66573e-35  3.75015e-22 -7.15594e-35 -3.52526e-21 -1.82961e-34  2.77874e-20  2.66421e-33 -1.86428e-19 -2.23232e-32  1.07646e-18  1.62128e-31 -5.39383e-18 -1.06344e-30  2.35975e-17  6.22292e-30   -9.053e-17 -3.25192e-29  3.05426e-16  1.52064e-28 -9.07483e-16 -6.38235e-28  2.37481e-15  2.41101e-27 -5.46635e-15 -8.21388e-27  1.10342e-14   2.5265e-26 -1.94343e-14 -7.01797e-26  2.96318e-14  1.75923e-25   -3.864e-14 -3.97271e-25  4.22673e-14  8.05685e-25 -3.75042e-14 -1.46018e-24  2.52019e-14  2.34643e-24 -1.04881e-14 -3.30032e-24 -3.21038e-16  3.96979e-24   4.1295e-15 -3.88837e-24 -2.73173e-15  2.69155e-24  2.40765e-16 -3.94191e-25  7.51962e-16 -2.46331e-24 -4.00058e-16  4.97445e-24 -7.17769e-17 -6.30751e-24  1.30445e-16  6.15716e-24 -1.23441e-17 -4.87844e-24 -2.93507e-17   3.2067e-24  6.61339e-18 -1.79552e-24  5.68212e-18  9.20061e-25 -1.54478e-18 -5.00747e-25 -1.03946e-18  3.21611e-25  2.31105e-19 -2.19344e-25  1.76953e-19  1.34368e-25 -1.77808e-20 -6.68764e-26 -2.51709e-20  2.50545e-26 -1.15099e-21 -6.00271e-27   2.5351e-21  2.17187e-28  5.14114e-22   4.7539e-28 -1.30204e-22 -1.59295e-28 -6.17625e-23 -1.81433e-29 -2.50699e-24  3.43799e-29  3.07999e-24 -1.44981e-29  6.76336e-25    3.225e-30 -8.44255e-27 -2.00262e-31 -2.46684e-26 -1.40408e-31 -3.72892e-27  5.72554e-32 -7.49756e-30 -8.35239e-33  6.37213e-29 -4.92693e-34  7.91613e-30  3.11899e-34  2.49274e-31 -2.27465e-35 -2.73873e-32 -2.72169e-36 -2.85466e-33  3.50646e-37 -8.59343e-35 -2.43034e-39 -2.50714e-37 -2.25368e-40
 1.89078e-35  3.74054e-29  -3.6592e-35 -2.32637e-27 -1.65332e-34  7.69264e-26 -1.14533e-34  -1.7019e-24  8.79723e-35  2.78462e-23  2.10955e-34 -3.56433e-22 -7.15594e-35  3.69898e-21 -3.73117e-35 -3.18922e-20   -1.414e-33  2.32475e-19  1.29886e-32 -1.45126e-18 -1.02427e-31   7.8336e-18  7.27096e-31 -3.68236e-17  -4.6627e-30  1.51531e-16  2.66967e-29 -5.47835e-16 -1.36296e-28  1.74384e-15  6.21972e-28 -4.89134e-15 -2.54603e-27  1.20828e-14  9.37779e-27  -2.6232e-14  -3.1147e-26  4.98585e-14  9.33942e-26 -8.24502e-14 -2.52879e-25    1.175e-13  6.17859e-25 -1.42174e-13 -1.35988e-24  1.42534e-13  2.68814e-24 -1.13179e-13 -4.74994e-24  6.41301e-14  7.44746e-24 -1.68414e-14 -1.02387e-23 -1.01033e-14  1.20884e-23  1.36693e-14 -1.17539e-23  -5.3655e-15  8.42348e-24 -1.51936e-15 -2.40471e-24  2.41837e-15 -4.66739e-24 -5.22491e-16  1.04512e-23 -5.09814e-16 -1.31023e-23  2.77822e-16   1.2263e-23  6.94623e-17  -9.1104e-24 -7.68007e-17  5.46235e-24   -6.979e-18 -2.68134e-24  1.63618e-17  1.16105e-24  9.39795e-19 -5.65044e-25 -2.91312e-18  3.79566e-25 -2.83305e-19 -2.81423e-25  4.21336e-19  1.78932e-25  8.05373e-20 -8.85533e-26 -4.36144e-20  3.17661e-26 -1.52086e-20 -6.64293e-27  2.16572e-21 -3.95171e-28  1.75216e-21  8.76219e-28  1.26457e-22 -2.84908e-28 -1.02746e-22   3.7867e-30 -2.64827e-23   3.2354e-29  7.07214e-25 -1.45399e-29  1.33243e-24  3.52935e-30   2.0406e-25 -3.97246e-31 -8.03384e-27 -8.59725e-32 -6.43411e-27    5.103e-32 -7.68775e-28 -8.39142e-33 -2.32291e-30 -3.39156e-34  8.33897e-30  2.61649e-34  8.36993e-31 -1.74414e-35  2.49264e-32 -1.98792e-36 -8.96134e-34  2.15276e-37 -6.70773e-35 -1.43822e-39 -7.81832e-37
-8.81024e-30  3.63047e-35  9.65617e-28 -3.22857e-35 -4.19698e-26 -1.18087e-34  1.11943e-24 -5.94767e-35 -2.11782e-23  4.45747e-35  3.05873e-22  1.18027e-34 -3.52526e-21 -3.73117e-35  3.33872e-20  2.42948e-34 -2.65243e-19 -6.21106e-33  1.79427e-18  5.13512e-32 -1.04505e-17 -3.90575e-31  5.28452e-17  2.77007e-30 -2.33429e-16 -1.77766e-29  9.04683e-16  1.01269e-28  -3.0852e-15 -5.11246e-28  9.27203e-15  2.29727e-27 -2.45611e-14 -9.23542e-27  5.72754e-14  3.33515e-26 -1.17246e-13 -1.08479e-25  2.09672e-13  3.18242e-25 -3.25093e-13 -8.42394e-25  4.31973e-13  2.01071e-24 -4.82942e-13 -4.32064e-24  4.40171e-13  8.33422e-24 -3.07061e-13 -1.43659e-23  1.37604e-13  2.19733e-23 -5.46479e-15 -2.94913e-23 -4.72797e-14   3.4072e-23  3.52751e-14 -3.26404e-23 -5.39118e-15  2.36198e-23 -8.66114e-15 -8.46879e-24  5.54212e-15 -8.27783e-24  4.67982e-16  2.09989e-23 -1.68312e-15  -2.5966e-23  2.91232e-16  2.32443e-23  3.59941e-16 -1.61364e-23 -1.16949e-16  8.74727e-24 -6.73491e-17 -3.65461e-24   2.6812e-17  1.22732e-24  1.23939e-17 -4.98367e-25 -4.33181e-18  3.91202e-25 -2.22862e-18 -3.38448e-25  4.48021e-19  2.26887e-25  3.46701e-19 -1.12195e-25 -1.00915e-20  3.88706e-26  -3.9483e-20 -7.21057e-27 -5.25803e-21 -1.06713e-27  2.56672e-21  1.27379e-27  8.57572e-22 -3.98105e-28 -1.86812e-23  2.50534e-29 -5.35228e-23   2.6757e-29 -8.73159e-24 -1.27397e-29  7.16179e-25  3.47036e-30  4.28506e-25 -5.82141e-31  4.88872e-26 -2.45903e-32 -2.39558e-27  4.26783e-32 -1.19804e-27 -7.93299e-33 -1.16457e-28  -2.1267e-34 -1.12533e-30  2.04296e-34  6.41813e-31 -1.23216e-35  4.94215e-32 -1.24753e-36  1.15422e-33  1.11499e-37 -5.22011e-36 -6.33292e-40
 1.32248e-35 -3.09882e-28  5.00311e-35  1.93865e-26  -2.2493e-35 -6.45027e-25 -4.46717e-35  1.43631e-23 -4.14665e-35 -2.36608e-22  7.20371e-35  3.05024e-21 -1.82961e-34 -3.18922e-20  2.42948e-34  2.77136e-19   1.4304e-33 -2.03687e-18 -1.92407e-32  1.28262e-17  1.39199e-31  -6.9867e-17 -1.08172e-30  3.31596e-16  8.29599e-30 -1.37844e-15 -5.64193e-29  5.03719e-15  3.31214e-28 -1.62172e-14 -1.69039e-27  4.60405e-14  7.59187e-27 -1.15206e-13 -3.02991e-26  2.53597e-13  1.08158e-25 -4.89261e-13 -3.46694e-25  8.22401e-13  1.00005e-24 -1.19343e-12 -2.59791e-24  1.47407e-12   6.0759e-24 -1.51433e-12 -1.27752e-23  1.24081e-12  2.40844e-23 -7.38265e-13 -4.05362e-23  2.24686e-13  6.05017e-23  9.06971e-14 -7.92258e-23 -1.52359e-13  8.93892e-23  6.92684e-14 -8.39517e-23  1.14917e-14   6.0434e-23  -2.7868e-14 -2.39516e-23  8.10573e-15 -1.38788e-23  5.22819e-15  4.05143e-23 -3.67891e-15 -4.91917e-23 -5.25961e-16  4.19845e-23  9.75721e-16 -2.71314e-23  4.37037e-18  1.31612e-23 -2.06414e-16  -4.4743e-24  5.48232e-18  9.24418e-25  3.76752e-17 -2.18122e-25  5.71341e-19  3.32489e-25 -5.79559e-18 -3.82501e-25 -6.31079e-19  2.74008e-25  6.73885e-19 -1.35899e-25  1.65311e-19  4.59228e-26 -4.57676e-20 -7.74863e-27 -2.29969e-20 -1.69371e-27 -1.62978e-22  1.59729e-27  1.65152e-21 -4.68909e-28  3.10392e-22  3.84491e-29  -3.3947e-23  1.84348e-29 -2.05385e-23 -9.21953e-30 -2.26045e-24  3.07244e-30   2.8192e-25 -7.35022e-31  1.02981e-25  3.39255e-32  9.24382e-27  3.33776e-32 -3.85445e-28 -6.96795e-33 -1.50462e-28 -1.25894e-34 -1.18518e-29  1.45957e-34 -1.84827e-31 -7.84311e-36  2.32929e-32 -6.46028e-37  1.15421e-33  4.55066e-38  1.08895e-35
 6.67274e-29   2.2181e-35 -7.35656e-27  5.69483e-35  3.21729e-25 -1.54422e-35 -8.63701e-24  3.96058e-35  1.64515e-22 -1.31431e-34 -2.39304e-21  4.57659e-34  2.77874e-20   -1.414e-33 -2.65243e-19   1.4304e-33  2.12465e-18  3.70146e-33 -1.44975e-17 -1.27343e-32  8.52117e-17 -1.09774e-32 -4.35042e-16 -7.45433e-31  1.94121e-15  1.39676e-29 -7.60417e-15 -1.30372e-28  2.62269e-14  8.75901e-28 -7.97715e-14 -4.75823e-27  2.14027e-13  2.20021e-26 -5.05967e-13 -8.88568e-26   1.0511e-12  3.17728e-25 -1.90994e-12 -1.01341e-24  3.01378e-12  2.89477e-24 -4.08417e-12 -7.41947e-24  4.67104e-12  1.70701e-23 -4.37721e-12 -3.52225e-23  3.17201e-12  6.50341e-23  -1.5262e-12 -1.07022e-22  1.60813e-13  1.55967e-22  4.50429e-13 -1.99235e-22 -3.83602e-13  2.19251e-22  8.37293e-14 -2.01177e-22  8.19876e-14  1.42666e-22  -6.4157e-14 -5.89459e-23  2.99338e-16 -2.23699e-23  1.80572e-14  7.52962e-23 -4.70708e-15 -8.91883e-23 -3.60416e-15  7.22925e-23  1.63735e-15 -4.32942e-23  6.35568e-16  1.85578e-23 -3.71683e-16 -4.74935e-24 -1.16243e-16    3.772e-26  6.34121e-17  3.35768e-25  2.23315e-17  1.92374e-25 -7.69898e-18 -4.06546e-25  -3.8642e-18  3.14475e-25  4.69559e-19 -1.57156e-25  5.00416e-19  5.23716e-26  3.15923e-20 -8.22366e-27 -3.94287e-20 -2.22544e-27  -9.4319e-21  1.79634e-27  1.01755e-21 -4.72978e-28  7.49282e-22  3.78386e-29  8.39642e-23  8.68933e-30 -1.74034e-23 -4.47614e-30 -5.99925e-24  2.43676e-30 -4.69796e-25 -8.38415e-31  6.83728e-26  8.03363e-32  1.80504e-26  2.41848e-32  1.32695e-27 -5.59345e-33 -3.12307e-29 -7.73235e-35 -1.14566e-29  9.31426e-35 -6.88049e-31 -4.35241e-36 -1.08465e-32 -2.56895e-37  2.24401e-34  1.25406e-38
-1.35808e-36  2.16612e-27  2.85873e-35 -1.36355e-25  5.64141e-35   4.5663e-24 -3.06725e-35 -1.02373e-22  1.88772e-34  1.69849e-21 -7.47374e-34 -2.20606e-20  2.66421e-33  2.32475e-19 -6.21106e-33 -2.03687e-18  3.70146e-33  1.51006e-17 -9.74101e-33  -9.5958e-17  3.84973e-31  5.27737e-16 -3.34976e-30  -2.5301e-15  1.59175e-29  1.06302e-14  -3.9247e-29 -3.92855e-14 -7.14394e-29  1.27998e-13  1.47134e-27 -3.68021e-13 -1.03481e-26  9.33437e-13  5.33178e-26 -2.08476e-12 -2.27095e-25  4.08566e-12  8.33885e-25 -6.98614e-12 -2.68966e-24   1.0332e-11  7.69238e-24  -1.3039e-11 -1.96026e-23  1.37392e-11  4.46085e-23 -1.16269e-11 -9.06782e-23  7.26363e-12  1.64415e-22 -2.51461e-12 -2.65009e-22 -6.28142e-13  3.77472e-22   1.4374e-12 -4.70474e-22 -7.54013e-13  5.04573e-22 -4.75416e-14 -4.51199e-22  2.70248e-13  3.13042e-22 -1.01388e-13 -1.30418e-22 -4.30462e-14 -3.55735e-23   4.0744e-14  1.35088e-22  1.81193e-15 -1.54828e-22 -1.03475e-14  1.18629e-22  8.82181e-16 -6.54776e-23  2.16081e-15  2.43888e-23 -2.57279e-16 -3.96901e-24 -4.02622e-16 -1.59528e-24  3.01723e-17  1.16227e-24  6.56824e-17 -1.86781e-26  1.65826e-18 -4.04638e-25 -8.47298e-18  3.41387e-25 -1.33467e-18 -1.73508e-25  7.09689e-19  5.77341e-26  2.43669e-19 -8.48282e-27 -1.83544e-20 -2.70554e-27 -2.14942e-20  1.85581e-27 -2.72238e-21  -3.9837e-28     7.06e-22  2.03651e-29  2.57001e-22  -1.1065e-30  1.69982e-23  7.23764e-31 -5.57713e-24  1.70653e-30 -1.33557e-24 -8.79441e-31 -7.98632e-26  1.08451e-31  1.06318e-26  1.59204e-32  2.18042e-27 -4.01499e-33  1.32005e-28 -5.62414e-35 -6.42549e-31  5.12414e-35 -4.30657e-31 -1.99672e-36  -1.6104e-32 -6.65178e-38 -1.16089e-34
-4.29287e-28 -5.67118e-36  4.76218e-26  3.23062e-35 -2.09622e-24  5.58112e-35  5.66586e-23 -1.54381e-34 -1.08694e-21  9.25638e-34  1.59295e-20 -4.26364e-33 -1.86428e-19  1.29886e-32  1.79427e-18 -1.92407e-32 -1.44975e-17 -9.74101e-33  9.98274e-17 -1.98778e-31   -5.924e-16  3.80026e-30  3.05509e-15 -2.84164e-29 -1.37779e-14  1.41826e-28  5.45803e-14 -5.27258e-28 -1.90498e-13  1.40225e-27  5.86765e-13 -1.53464e-27 -1.59556e-12 -1.04695e-26  3.82647e-12  9.29039e-26  -8.0728e-12 -4.74707e-25  1.49168e-11  1.89723e-24 -2.39749e-11 -6.38604e-24  3.31651e-11  1.86326e-23 -3.88397e-11 -4.77718e-23   3.7457e-11  1.08366e-22 -2.82155e-11 -2.18141e-22  1.45389e-11  3.89765e-22 -2.43327e-12 -6.16733e-22   -3.599e-12  8.59722e-22  3.56418e-12 -1.04601e-21 -1.01879e-12   1.0928e-21 -6.37598e-13 -9.50548e-22  6.30032e-13  6.41824e-22 -5.77357e-14 -2.63717e-22 -1.62624e-13 -5.76514e-23  5.92015e-14  2.34216e-22  2.93481e-14 -2.57326e-22 -1.88104e-14  1.85343e-22 -4.62256e-15 -9.36151e-23   4.2397e-15  2.95715e-23  8.15947e-16 -1.60251e-24 -7.54728e-16 -3.98647e-24 -1.72685e-16  2.16647e-24  1.02302e-16 -2.68005e-25  3.46142e-17 -3.70609e-25 -8.71123e-18  3.48087e-25 -5.20371e-18 -1.83616e-25  8.13414e-20  6.18198e-26  4.89698e-19 -8.25328e-27  7.96054e-20 -3.26455e-27 -2.01742e-20  1.79469e-27 -8.56234e-21 -2.48829e-28  -5.0677e-22 -1.21864e-29  2.87323e-22 -9.83337e-30  6.82785e-23  5.52275e-30  2.63453e-24  1.02073e-30 -1.22386e-24 -8.53121e-31 -2.21166e-25  1.16742e-31 -1.09207e-26  9.15203e-33  9.96145e-28 -2.49437e-33  1.63485e-28 -4.93473e-35  7.66966e-30  2.28384e-35  4.41286e-32 -6.82931e-37 -4.75645e-33 -5.37413e-39
 3.08555e-36 -1.29397e-26 -1.28517e-35  8.19843e-25  2.90858e-35 -2.76427e-23  1.25776e-34  6.24173e-22 -9.74383e-34 -1.04336e-20  5.52458e-33  1.36585e-19 -2.23232e-32 -1.45126e-18  5.13512e-32  1.28262e-17 -1.27343e-32  -9.5958e-17 -1.98778e-31  6.15637e-16 -1.58884e-30 -3.42008e-15  2.45377e-29  1.65716e-14 -1.67225e-28 -7.04097e-14  8.16876e-28  2.63308e-13 -3.22035e-27 -8.68721e-13  1.05697e-26  2.53127e-12 -2.78826e-26 -6.51214e-12  4.86823e-26  1.47677e-11  2.03663e-26 -2.94217e-11 -6.41749e-25  5.12194e-11   3.4582e-24 -7.72677e-11  -1.3132e-23  9.97252e-11  4.05606e-23 -1.07886e-10 -1.06745e-22  9.43775e-11  2.44226e-22 -6.19059e-11 -4.90385e-22  2.40397e-11  8.67394e-22  2.97801e-12 -1.35123e-21 -1.15982e-11  1.84654e-21  7.02344e-12 -2.19477e-21 -2.14218e-13  2.23318e-21 -2.22429e-12 -1.88665e-21  1.05523e-12  1.23444e-21  2.74172e-13 -4.91902e-22 -3.82366e-13 -9.77363e-23  1.96939e-14  3.92511e-22  9.23883e-14 -4.09271e-22 -1.70659e-14  2.75304e-22 -1.88579e-14 -1.26017e-22  4.32974e-15  3.24552e-23   3.5676e-15  2.72624e-24 -6.54672e-16 -6.90016e-24 -6.17327e-16  3.15146e-24  4.24238e-17 -5.11963e-25  8.80598e-17 -2.95852e-25  6.45949e-18  3.30274e-25 -8.71905e-18 -1.88315e-25 -2.04826e-18   6.4856e-26  4.06489e-19 -7.18776e-27  2.29473e-19 -4.06646e-27  1.48712e-20  1.65021e-27 -1.04214e-20 -4.31377e-29 -2.61663e-21 -5.34592e-29 -3.76471e-23 -1.67765e-29  8.15234e-23  9.18094e-30  1.40693e-23  4.74138e-31  3.46435e-25 -7.65544e-31 -1.82441e-25  1.08393e-31 -2.57651e-26   4.2002e-33 -1.09319e-27 -1.26144e-33  4.74433e-29 -4.58774e-35  6.23143e-30   7.0717e-36  1.82613e-31 -1.28411e-37  8.40852e-34
 2.37181e-27  6.78084e-36 -2.64826e-25 -1.87747e-35  1.17369e-23  -3.3804e-35 -3.19512e-22  8.28688e-34  6.17569e-21 -6.35066e-33 -9.12222e-20  3.16412e-32  1.07646e-18 -1.02427e-31 -1.04505e-17  1.39199e-31  8.52117e-17  3.84973e-31   -5.924e-16 -1.58884e-30  3.55102e-15 -9.48283e-30 -1.85084e-14  1.27606e-28  8.44074e-14 -8.03049e-28 -3.38346e-13  3.78047e-27  1.19575e-12 -1.49885e-26 -3.73224e-12  5.20422e-26   1.0293e-11  -1.5762e-25 -2.50598e-11  3.99161e-25  5.37335e-11 -7.47542e-25 -1.01048e-10  4.90045e-25  1.65569e-10  3.59509e-24 -2.34014e-10 -2.14531e-23  2.80898e-10  7.69864e-23 -2.79063e-10 -2.16176e-22  2.18658e-10  5.08522e-22 -1.20401e-10 -1.02927e-21  2.72766e-11  1.81335e-21  2.40908e-11 -2.79122e-21 -2.85865e-11  3.74715e-21  1.02133e-11 -4.35522e-21  3.99396e-12   4.3159e-21 -5.30271e-12 -3.53692e-21  9.55229e-13    2.234e-21  1.23196e-12 -8.50887e-22 -6.09552e-13 -1.73942e-22 -1.88754e-13  6.35462e-22   1.8105e-13 -6.22465e-22  2.27217e-14  3.87992e-22 -4.04867e-14  -1.5873e-22 -3.43443e-15  3.09732e-23  7.46177e-15  9.01147e-24  9.11536e-16 -9.79884e-24 -1.10295e-15  3.84983e-24 -2.39828e-16 -7.17722e-25  1.14308e-16  -1.6799e-25  4.41689e-17  2.88429e-25 -5.16831e-18 -1.91059e-25 -5.00268e-18  6.73775e-26 -4.52811e-19 -4.94768e-27  2.79706e-19 -5.22397e-27  7.97883e-20  1.45649e-27   -3.472e-22  1.88789e-28 -3.66931e-21 -9.41721e-29 -6.26349e-22 -2.15934e-29  8.46816e-24  1.12557e-29  1.66035e-23   9.8408e-32  2.20101e-24 -6.34467e-31  4.49077e-26  8.96999e-32 -1.73316e-26  1.11533e-33  -1.9032e-27 -4.36556e-34 -6.59839e-29 -3.99328e-35  7.14441e-31  5.25689e-37   7.3154e-32  1.07522e-38
   1.387e-36  6.66831e-26  9.00218e-36 -4.25391e-24  1.23349e-35   1.4446e-22 -6.18952e-34 -3.28651e-21  6.12114e-33  5.53718e-20 -3.88219e-32 -7.30885e-19  1.62128e-31   7.8336e-18 -3.90575e-31  -6.9867e-17 -1.09774e-32  5.27737e-16  3.80026e-30 -3.42008e-15 -9.48283e-30  1.92022e-14 -4.70857e-29 -9.40873e-14  5.64774e-28  4.04497e-13 -3.29191e-27 -1.53163e-12  1.48553e-26  5.12037e-12 -5.83919e-26 -1.51302e-11   2.0726e-25  3.95113e-11 -6.61387e-25  -9.1047e-11   1.8489e-24  1.84554e-10 -4.32818e-24 -3.27386e-10   7.6822e-24  5.04249e-10 -6.57343e-24 -6.66231e-10 -1.86478e-23  7.40739e-10   1.1781e-22 -6.70452e-10 -3.87498e-22  4.61759e-10   9.7062e-22 -1.98986e-10 -2.01281e-21 -3.40339e-12  3.56199e-21  8.05062e-11 -5.44284e-21 -5.65906e-11  7.19653e-21  6.71252e-12 -8.18918e-21  1.55768e-11  7.90477e-21 -9.31794e-12 -6.27681e-21 -1.16799e-12  3.81334e-21  3.06484e-12 -1.36867e-21 -4.62256e-13 -3.18303e-22  -6.9554e-13  9.92865e-22  2.11458e-13  -9.0449e-22  1.36386e-13  5.17397e-22 -5.13621e-14 -1.85261e-22 -2.59715e-14  2.30439e-23  8.60759e-15  1.66441e-23  4.78913e-15 -1.18725e-23 -8.99847e-16  3.99593e-24  -7.6015e-16 -8.87493e-25  1.37032e-17  2.74219e-26  8.76282e-17  2.29601e-25    1.276e-17 -1.97242e-25  -5.6237e-18  6.98651e-26 -2.00802e-18 -1.30816e-27  1.55311e-20 -6.71878e-27  1.20771e-19  1.22942e-27  2.12903e-20  4.11895e-28 -1.25361e-21 -1.24899e-28 -9.46947e-22 -2.41853e-29 -1.18136e-22  1.16955e-29  2.99792e-24 -1.30246e-31  2.37413e-24 -4.85589e-31  2.47826e-25  6.75768e-32  5.20764e-27 -3.42963e-34 -9.16239e-28 -6.68747e-36 -7.31298e-29 -3.03864e-35 -1.65133e-30  -9.4081e-37 -1.48067e-33
-1.13455e-26  2.98987e-36  1.27548e-24 -8.96034e-36 -5.69355e-23  4.07503e-34  1.56165e-21 -5.23174e-33 -3.04237e-20  4.07477e-32  4.53132e-19 -2.14833e-31 -5.39383e-18  7.27096e-31  5.28452e-17 -1.08172e-30 -4.35042e-16 -3.34976e-30  3.05509e-15  2.45377e-29 -1.85084e-14 -4.70857e-29  9.75509e-14 -2.01121e-28 -4.50149e-13  2.15907e-27  1.82698e-12 -1.16191e-26 -6.54218e-12  5.01517e-26  2.07065e-11 -1.95381e-25 -5.79594e-11  7.05504e-25  1.43365e-10 -2.32565e-24 -3.12685e-10  6.80999e-24  5.98966e-10 -1.71955e-23 -1.00144e-09  3.59294e-23  1.44761e-09 -5.65436e-23 -1.78284e-09   4.3079e-23  1.82642e-09   1.0407e-22  -1.4896e-09  -5.8114e-22  8.74895e-10  1.67305e-21  -2.4817e-10 -3.65266e-21 -1.33039e-10  6.57198e-21  1.99287e-10 -1.00293e-20 -8.66753e-11  1.31012e-20 -1.88095e-11 -1.46174e-20  3.84926e-11  1.37472e-20 -1.05638e-11 -1.05655e-20 -7.78562e-12  6.15148e-21  5.27325e-12 -2.04833e-21  8.64342e-13 -5.81265e-22 -1.47751e-12  1.49525e-21 -2.04832e-14 -1.25433e-21  3.26518e-13  6.50414e-22 -7.07318e-15 -1.96999e-22 -6.19168e-14  7.20634e-24 -1.14207e-15  2.42828e-23  9.86256e-15 -1.21736e-23    1.112e-15  3.42063e-24   -1.182e-15 -1.07265e-24 -2.97258e-16  3.01079e-25  8.16761e-17  1.67468e-25  4.21676e-17 -2.12358e-25  4.93545e-19  7.22888e-26 -3.03709e-18  3.73755e-27 -5.92507e-19 -8.36577e-27  5.74402e-20  9.65277e-28  3.78695e-20  5.92833e-28  4.44156e-21 -1.39016e-28  -4.4466e-22  -2.4583e-29 -1.80668e-22  1.08138e-29  -1.7333e-23 -2.63742e-31  3.90919e-25 -3.45132e-31  2.23343e-25  4.73063e-32  1.81044e-26 -6.55675e-34  3.79609e-28  1.36881e-34 -2.01108e-29 -1.92807e-35 -8.91125e-31 -5.72955e-37
-1.38101e-36 -2.98529e-25  1.20906e-35  1.91814e-23 -2.40584e-34  -6.5632e-22  3.85068e-33  1.50501e-20 -3.73844e-32  -2.5568e-19  2.42629e-31  3.40441e-18 -1.06344e-30 -3.68236e-17  2.77007e-30  3.31596e-16 -7.45433e-31  -2.5301e-15 -2.84164e-29  1.65716e-14  1.27606e-28 -9.40873e-14 -2.01121e-28  4.66467e-13 -7.42842e-28 -2.03046e-12  7.05865e-27  7.78989e-12 -3.46351e-26 -2.64064e-11  1.42836e-25   7.9188e-11 -5.58417e-25  -2.1007e-10  2.08044e-24  4.92289e-10 -7.11512e-24 -1.01615e-09  2.15793e-23  1.83852e-09 -5.66804e-23 -2.89401e-09  1.26072e-22  3.91832e-09 -2.28359e-22 -4.48204e-09  3.02446e-22   4.2013e-09 -1.55252e-22 -3.03846e-09 -6.02039e-22  1.44084e-09  2.52348e-21 -1.09833e-10 -6.10656e-21 -4.81189e-10  1.13765e-20  3.97493e-10 -1.74776e-20 -8.13032e-11  2.26418e-20 -9.23296e-11 -2.48115e-20  7.06791e-11  2.27425e-20   4.9978e-13 -1.68993e-20  -2.1045e-11  9.39249e-21  5.48818e-12 -2.84725e-21  4.37936e-12 -1.03336e-21 -2.02712e-12  2.16768e-21 -7.96908e-13 -1.65804e-21  4.82564e-13  7.66557e-22   1.5009e-13 -1.84547e-22 -8.61686e-14 -1.66411e-23 -2.99316e-14  2.99115e-23  1.09782e-14  -9.8435e-24  5.40631e-15  2.13441e-24 -7.17479e-16 -1.36669e-24 -7.29077e-16  6.51249e-25 -4.29557e-17  1.19978e-25  5.93366e-17 -2.39586e-25   1.4098e-17   7.3818e-26 -1.55865e-18   9.9054e-27 -1.13794e-18 -9.84345e-27 -1.29518e-19  6.52552e-28  2.54992e-20  7.06401e-28  8.96726e-21   -1.347e-28  7.36652e-22 -2.29189e-29 -8.92364e-23   9.1494e-30 -2.47974e-23 -3.50465e-31 -1.88801e-24 -2.31891e-31  1.99111e-26  3.14796e-32  1.21724e-26 -3.95435e-34  7.03027e-28   1.2961e-34  1.10752e-29 -9.58691e-36 -6.94781e-32
