 1.84264e-19 -6.17821e-33 -7.32121e-18  3.82907e-31  1.11872e-16 -7.16044e-30 -1.01367e-15  7.67116e-29  6.26744e-15 -5.67143e-28 -2.83032e-14  3.15229e-27  9.68954e-14 -1.38023e-26 -2.56549e-13  4.89631e-26  5.29369e-13 -1.43349e-25 -8.47847e-13  3.51223e-25  1.03377e-12 -7.30101e-25 -9.14379e-13   1.3122e-24  5.14518e-13 -2.10455e-24 -8.90155e-14  3.16549e-24 -1.11217e-13 -4.72058e-24  7.94805e-14  7.14939e-24  5.47691e-15 -1.06932e-23 -2.43132e-14  1.50191e-23  2.38564e-15  -1.9071e-23  6.30117e-15  2.15017e-23 -7.12461e-16 -2.14233e-23 -1.58139e-15  1.88698e-23  1.58187e-17 -1.46671e-23  3.57919e-16  9.95839e-24  6.19694e-17 -5.76705e-24 -5.95592e-17  2.72861e-24 -2.68428e-17 -9.77547e-25  3.55473e-18  2.25111e-25  5.73125e-18 -1.68144e-26  1.23814e-18 -3.66313e-27 -4.72921e-19 -1.19697e-27 -3.44165e-19  -4.0595e-28 -5.86795e-20  2.14149e-27   2.2362e-20 -1.34907e-27  1.52513e-20  1.97201e-28  3.23744e-21  1.39512e-28 -3.43165e-22 -4.91774e-29 -4.33266e-22 -1.67993e-29 -1.30965e-22  9.55801e-30 -1.35722e-23  1.60715e-30  4.60277e-24 -1.21644e-30  2.51598e-24  -2.8088e-31  5.89834e-25   1.5573e-31   6.1582e-26  5.35741e-32  -8.5074e-27 -2.73664e-32 -5.26345e-27  -2.0137e-33  -1.2359e-27  1.61035e-33 -1.73352e-28  1.10692e-34 -1.04614e-29  6.53534e-36  1.71019e-30 -2.43424e-35   6.2615e-31 -4.04252e-36  1.05794e-31  1.17268e-36  1.18316e-32  1.51999e-37  8.58635e-34  2.53909e-38  2.36264e-35  6.42532e-40 -3.35112e-36 -1.63188e-39 -5.83745e-37  -8.1515e-41    -5.02e-38  1.17126e-41 -2.84884e-39  1.31001e-42 -1.08756e-40  1.91561e-43 -2.58143e-42  5.52021e-45 -3.22233e-44 -3.02949e-46 -5.55846e-47   1.5031e-48
-6.17821e-33  1.05651e-17 -2.19391e-31 -2.38216e-16  9.46358e-30  2.76684e-15 -1.42183e-28 -2.07507e-14  1.29904e-27  1.10546e-13 -8.46182e-27 -4.39835e-13  4.22739e-26  1.34393e-12 -1.68494e-25  -3.1975e-12  5.48359e-25   5.9387e-12  -1.4784e-24 -8.52598e-12   3.3348e-24  9.19359e-12 -6.34958e-24 -6.93919e-12  1.03367e-23  2.92751e-12  -1.4765e-23  2.43354e-13  1.94962e-23 -1.06679e-12 -2.57191e-23   3.7459e-13  3.57684e-23  2.00836e-13 -5.10598e-23 -1.50731e-13  6.95446e-23 -3.55823e-14 -8.55163e-23  4.20583e-14  9.27777e-23  9.32207e-15 -8.85712e-23 -9.66346e-15  7.47701e-23 -3.26808e-15  -5.5911e-23  1.63601e-15  3.66258e-23  1.01371e-15 -2.03706e-23 -9.68687e-17  9.06478e-24 -2.19153e-16 -2.87658e-24 -4.48319e-17  4.61931e-25   2.3817e-17  5.06784e-26  1.49777e-17 -1.99222e-26  1.46942e-18 -1.54608e-26 -1.61913e-18   3.2105e-27 -7.81424e-19  7.31399e-27 -8.61441e-20  -4.9155e-27  5.84602e-20  4.86078e-28  3.11928e-20  6.96293e-28  5.89499e-21 -2.28019e-28 -6.55215e-22 -6.78255e-29 -7.38043e-22  3.97436e-29 -2.18736e-22  5.89857e-30  -2.6585e-23 -4.36712e-30  4.59305e-24 -1.23315e-30  3.08342e-24  5.62215e-31  7.78319e-25  2.27178e-31  1.05264e-25 -1.02644e-31  3.18345e-28 -8.37311e-33  -3.6859e-27  5.66345e-33 -1.02605e-27  3.98166e-34  -1.6664e-28  8.48421e-35 -1.66727e-29 -8.47913e-35  -4.7535e-31 -1.93896e-35  1.79493e-31  3.38786e-36  4.14099e-32  7.02823e-37  5.25616e-33  1.21062e-37  4.55911e-34  2.56337e-39  2.66389e-35 -4.64237e-39  8.01733e-37 -1.77732e-40 -2.07512e-38  3.23311e-41 -3.95596e-39  2.97142e-42 -2.31684e-40  4.21611e-43 -7.67346e-42   1.2004e-44 -1.34031e-43 -1.87718e-46 -9.68169e-46
-7.32121e-18 -2.19391e-31  2.97907e-16 -4.42263e-30 -4.66762e-15  1.45254e-28  4.34242e-14 -1.81492e-27 -2.76096e-13  1.44057e-26  1.28448e-12 -8.36577e-26 -4.54011e-12  3.78825e-25  1.24449e-11 -1.38352e-24 -2.66808e-11  4.15394e-24  4.46251e-11 -1.03673e-23 -5.72757e-11  2.16458e-23  5.41317e-11 -3.79697e-23 -3.38634e-11  5.63028e-23  8.84213e-12 -7.18036e-23  5.45283e-12  8.26417e-23 -5.52933e-12 -9.47699e-23  4.26169e-13  1.19831e-22  1.51837e-12 -1.64358e-22 -4.01116e-13  2.19315e-22 -3.74254e-13 -2.62468e-22  1.18433e-13   2.7387e-22  9.76849e-14 -2.49712e-22 -2.06181e-14  2.01597e-22 -2.52213e-14 -1.45292e-22  2.03732e-16  9.23569e-23  5.32916e-15 -4.96164e-23  1.24489e-15  2.07187e-23 -6.71347e-16 -5.59405e-24 -4.19471e-16   3.1127e-25 -1.84057e-17  3.78636e-25  6.05757e-17 -5.78524e-26  2.36631e-17 -6.33498e-26 -4.17382e-20  1.50649e-26  -3.1101e-18  1.99242e-26 -1.14887e-18 -1.35339e-26 -7.83322e-20  9.41495e-28  9.09975e-20  2.23871e-27  4.17531e-20 -7.22144e-28  7.47643e-21 -1.91716e-28 -6.47417e-22   1.1734e-28 -7.90945e-22  1.43895e-29 -2.37184e-22 -1.09935e-29 -3.37911e-23 -3.57605e-30  1.68806e-24  1.39487e-30   2.2112e-24  6.52574e-31  6.16306e-25 -2.67957e-31  9.84647e-26 -2.36368e-32  7.04615e-27   1.4065e-32 -1.01991e-27  1.06643e-33 -4.39125e-28  3.32785e-34  -8.1909e-29 -2.11299e-34 -9.93347e-30 -5.83798e-35 -7.52884e-31  6.44771e-36 -1.34164e-32  2.00626e-36  5.49472e-33  3.64456e-37  9.34019e-34  1.09737e-38  8.87142e-35 -8.31964e-39  5.72332e-36 -1.64967e-40   2.5193e-37  6.41792e-41  6.72233e-39  5.02702e-42  5.51151e-41  6.18987e-43 -2.39931e-42  1.60862e-44 -7.21149e-44  1.32328e-47
 3.82907e-31 -2.38216e-16 -4.42263e-30  5.50724e-15 -6.18822e-29 -6.56706e-14  1.63055e-27  5.06382e-13 -1.73631e-26  -2.7783e-12  1.21466e-25  1.14074e-11 -6.34947e-25 -3.60573e-11  2.62458e-24  8.90227e-11 -8.83219e-24 -1.72297e-10  2.45814e-23  2.59359e-10 -5.70458e-23 -2.96266e-10   1.1075e-22  2.42053e-10 -1.79878e-22 -1.19041e-10   2.4425e-22  6.22875e-12 -2.78987e-22  3.52245e-11  2.77921e-22  -1.7952e-11 -2.70593e-22 -4.63515e-12  3.06625e-22  6.39777e-12 -4.09837e-22  3.22251e-13  5.45106e-22 -1.76639e-12 -6.39155e-22 -6.34575e-14  6.39964e-22  4.38995e-13 -5.53718e-22  5.88416e-14   4.2556e-22 -9.17724e-14 -2.96364e-22 -2.98636e-14  1.84484e-22  1.24104e-14 -9.65754e-23  9.00228e-15  3.77287e-23  1.96908e-16 -8.03978e-24 -1.52639e-15 -1.03449e-24 -5.22875e-16  1.22728e-24  6.22119e-17 -1.23451e-25  9.84854e-17 -1.68588e-25  2.69818e-17  3.75846e-26 -2.67754e-18  4.65996e-26  -4.2155e-18 -3.13023e-26 -1.29016e-18  1.71925e-27 -5.55184e-20  5.65858e-27  1.00593e-19 -1.84944e-27  4.22412e-20 -4.38459e-28  7.56671e-21  2.84754e-28 -3.08875e-22  2.58327e-29 -6.01863e-22 -2.22227e-29 -1.88169e-22 -8.05366e-30 -3.07306e-23  2.77093e-30 -9.79858e-25  1.47307e-30  9.81768e-25 -5.68279e-31  3.23809e-25 -5.21483e-32  5.85662e-26   2.8932e-32  6.36346e-27  2.45151e-33  1.66013e-28  8.31759e-34 -9.16323e-29 -4.37151e-34 -2.23783e-29 -1.33686e-34 -3.07553e-30  8.85665e-36 -2.87506e-31  4.28896e-36 -1.74377e-32  8.36234e-37 -3.88287e-34  3.68301e-38  4.76796e-35  -1.0104e-38  6.55592e-36  1.65582e-40  4.37353e-37  1.08823e-40  1.82235e-38  7.43025e-42  4.69913e-40  6.92967e-43  6.40201e-42  1.45849e-44  2.51187e-44
 1.11872e-16  9.46358e-30 -4.66762e-15 -6.18822e-29  7.50796e-14 -6.57886e-28  -7.1808e-13  1.43924e-26  4.70113e-12  -1.3302e-25 -2.25619e-11  8.29635e-25  8.24479e-11 -3.93525e-24 -2.34296e-10  1.49383e-23  5.22615e-10 -4.65431e-23 -9.13974e-10  1.20568e-22  1.23598e-09 -2.61156e-22 -1.24782e-09  4.73255e-22  8.62178e-10 -7.14736e-22 -2.97412e-10  8.92909e-22  -8.7789e-11 -9.16383e-22  1.43701e-10  7.83915e-22 -3.14961e-11 -6.25579e-22 -3.40387e-11   6.2009e-22  1.63409e-11 -8.33248e-22  7.49996e-12  1.13794e-21  -4.8232e-12 -1.31851e-21 -1.99069e-12  1.25997e-21  1.06478e-12 -1.02216e-21   5.9593e-13  7.41265e-22 -1.45417e-13 -5.00849e-22 -1.57355e-13  3.09854e-22 -6.86562e-15  -1.6006e-22  2.87645e-14  5.81917e-23  9.54304e-15 -8.25963e-24 -2.03826e-15 -4.60228e-24 -2.22899e-15  2.86393e-24 -4.51579e-16 -2.34418e-25  1.60539e-16 -3.36861e-25  1.19295e-16   6.8318e-26   2.4165e-17   9.4303e-26  -4.8191e-18 -6.32426e-26 -4.42567e-18  3.18399e-27 -1.19072e-18  1.21957e-26 -4.18919e-20 -4.08635e-27  8.42278e-20 -8.62992e-28  3.39845e-20  5.99265e-28  6.32322e-21   3.3656e-29  7.59063e-23 -3.81061e-29 -3.31195e-22 -1.50391e-29 -1.12369e-22  4.75613e-30 -2.05401e-23   2.7697e-30 -1.73508e-24  -1.0502e-30  2.17351e-25 -9.49556e-32  1.11812e-25   5.3063e-32  2.29567e-26  5.07293e-33  2.99945e-27   1.5424e-33   2.3337e-28  -7.9906e-34  4.92465e-31  -2.5332e-34 -2.94431e-30  7.86706e-36 -5.04954e-31  7.44428e-36 -5.20628e-32  1.58053e-36 -3.70575e-33   9.4239e-38 -1.77685e-34 -6.70471e-39  -4.5712e-36  9.57884e-40  4.59168e-38  1.64281e-40   8.9448e-39   9.7204e-42  3.27031e-40  6.11082e-43  4.89513e-42  8.23761e-45
-7.16044e-30  2.76684e-15  1.45254e-28 -6.56706e-14 -6.57886e-28  8.05022e-13 -5.59878e-27 -6.39094e-12  1.04187e-25  3.61629e-11 -8.47706e-25 -1.53444e-10   4.7583e-24  5.02466e-10 -2.06202e-23 -1.28919e-09  7.22581e-23  2.60373e-09 -2.09316e-22 -4.11453e-09  5.06475e-22  4.98208e-09 -1.02725e-21 -4.39839e-09  1.74318e-21   2.4759e-09 -2.45664e-21 -4.15136e-10  2.83478e-21 -5.69921e-10   -2.621e-21  4.13069e-10   1.9055e-21  2.49088e-11 -1.17267e-21 -1.31403e-10  9.65307e-22  1.63619e-11  -1.4084e-21  3.50825e-11  2.07963e-21 -5.48776e-12 -2.40476e-21 -9.18836e-12  2.17044e-21  5.74835e-13 -1.61612e-21  2.23556e-12   1.0873e-21   2.6149e-13 -7.18021e-22 -4.21225e-13  4.52411e-22 -1.55777e-13 -2.34464e-22   3.8367e-14  7.84579e-23  3.96278e-14 -3.85886e-24  6.00994e-15 -1.12697e-23 -4.36632e-15  5.46234e-24 -2.42971e-15 -4.62952e-25 -2.57158e-16 -5.25321e-25  2.25721e-16   1.0027e-25  1.15979e-16  1.66274e-25   1.8097e-17 -1.14554e-25 -5.34421e-18  5.95094e-27 -3.77097e-18  2.33796e-26 -9.38161e-19 -8.01957e-27 -4.08234e-20 -1.51549e-27  5.44988e-20  1.12031e-27  2.21044e-20  2.48682e-29  4.35719e-21 -5.71755e-29  2.63469e-22 -2.40152e-29 -1.25292e-22  7.48362e-30 -5.01383e-23  4.46135e-30 -1.01228e-23 -1.76474e-30 -1.19443e-24 -1.46465e-31 -2.79798e-26  9.04654e-32  2.23535e-26  9.58837e-33  5.78372e-27  2.20926e-33  8.53222e-28 -1.33495e-33  8.45681e-29 -4.17478e-34  5.08439e-30  7.75594e-38  1.98989e-32  1.09573e-35 -3.47517e-32  2.56286e-36 -4.44162e-33   1.9201e-37 -3.29219e-34  3.73281e-39 -1.62733e-35  2.12139e-39 -5.26806e-37  2.17187e-40  -9.8638e-39  1.07564e-41 -7.35346e-41  4.12138e-43  3.04003e-43
-1.01367e-15 -1.42183e-28  4.34242e-14  1.63055e-27  -7.1808e-13 -5.59878e-27   7.0706e-12 -3.94628e-26 -4.77333e-11  6.36039e-25  2.36672e-10 -4.60771e-24 -8.95522e-10  2.34614e-23  2.64232e-09 -9.34316e-23 -6.14145e-09   3.0362e-22  1.12462e-08 -8.20733e-22 -1.60415e-08  1.86071e-21  1.73003e-08 -3.54366e-21 -1.31384e-08  5.64633e-21  5.60723e-09 -7.44688e-21  4.81173e-10  7.96259e-21  -2.1477e-09 -6.64422e-21  8.01898e-10  4.04264e-21  4.01142e-10 -1.68376e-21 -3.35953e-10  9.65046e-22 -6.51023e-11 -1.97363e-21  9.82806e-11  3.45101e-21  1.64308e-11 -4.01725e-21 -2.42731e-11  3.36548e-21 -6.47793e-12 -2.21708e-21  4.69652e-12  1.33752e-21  2.32136e-12 -8.76909e-22 -4.70753e-13  5.87042e-22 -5.84444e-13 -3.11131e-22 -7.56097e-14  9.35051e-23  8.14569e-14   7.3834e-24  3.91732e-14 -2.12696e-23  4.52857e-16  9.00352e-24 -5.65135e-15 -9.93798e-25 -2.12035e-15 -6.18232e-25 -5.78843e-17  1.26967e-25  2.32599e-16  2.58434e-25   9.4606e-17 -1.89972e-25  1.20614e-17  1.06504e-26 -4.35545e-18  4.08517e-26  -2.6688e-18  -1.4174e-26 -6.40754e-19 -2.42972e-27 -4.09367e-20  1.88243e-27  2.69048e-20 -1.82296e-29  1.15863e-20 -7.67291e-29  2.43928e-21 -3.31422e-29    2.424e-22  1.13729e-29 -2.54879e-23  6.23629e-30 -1.60636e-23 -2.77029e-30 -3.62467e-24 -1.93205e-31 -5.07422e-25   1.4635e-31 -3.97992e-26  1.65675e-32  8.78463e-28  2.33488e-33  8.26502e-28 -2.08154e-33  1.45103e-28 -6.19549e-34  1.60076e-29 -1.73617e-35  1.21907e-30  1.40416e-35  5.94909e-32  3.64994e-36  9.75921e-34  3.23283e-37 -1.10277e-34  1.96488e-38 -1.08984e-35  3.28489e-39 -4.97972e-37  2.43645e-40 -1.27179e-38  9.51599e-42 -1.53526e-40  1.85844e-43
 7.67116e-29 -2.07507e-14 -1.81492e-27  5.06382e-13  1.43924e-26 -6.39094e-12 -3.94628e-26  5.23162e-11 -2.35971e-25 -3.05783e-10  3.34041e-24  1.34299e-09 -2.17472e-23 -4.56333e-09  1.01123e-22  1.21869e-08 -3.71974e-22 -2.57251e-08  1.12549e-21  4.27347e-08 -2.84827e-21 -5.48964e-08   6.0668e-21  5.23096e-08 -1.08749e-20 -3.32747e-08  1.63074e-20  9.03201e-09 -2.01766e-20  5.42068e-09  2.00414e-20 -5.86146e-09  -1.5102e-20  6.33178e-10  7.50478e-21  1.62932e-09 -1.37038e-21 -5.25968e-10  -2.3826e-22 -4.02896e-10 -2.21594e-21  1.66389e-10  5.40421e-21  1.08573e-10 -6.34718e-21 -3.47652e-11  4.81431e-21 -3.03902e-11 -2.63479e-21  3.08738e-12   1.3184e-21  7.29763e-12 -8.94723e-22  1.07527e-12  6.88481e-22 -1.15746e-12 -3.79618e-22 -5.37937e-13  9.68515e-23  3.57001e-14  2.68926e-23  1.01086e-13 -3.36812e-23  2.94884e-14   1.3201e-23 -4.14712e-15 -2.16044e-24 -5.53572e-15 -4.29752e-25 -1.54975e-15  1.50124e-25  6.21576e-17  3.59769e-25  1.91583e-16  -2.9338e-25  6.65914e-17  1.72175e-26  7.59682e-18  6.60232e-26 -2.73511e-18 -2.27151e-26 -1.58063e-18 -3.60493e-27 -3.78617e-19   2.8591e-27 -3.41376e-20 -1.13897e-28  9.51483e-21 -9.39309e-29   4.8009e-21 -3.91822e-29   1.0864e-21  1.73038e-29  1.39382e-22  7.58024e-30  2.89534e-24 -4.12093e-30 -3.30654e-24 -2.15792e-31 -9.06476e-25  2.25857e-31 -1.42425e-25  2.60499e-32 -1.47206e-26  1.25072e-33 -8.22717e-28 -3.07213e-33  2.89699e-29 -8.50134e-34  1.26916e-29 -4.53401e-35  1.61595e-30  1.59209e-35  1.30815e-31  4.62927e-36   7.2815e-33  4.60869e-37  2.66957e-34  3.59952e-38  5.18784e-36  3.96338e-39 -1.48146e-38  2.24949e-40 -2.94827e-39  6.28328e-42  -3.7329e-41
 6.26744e-15  1.29904e-27 -2.76096e-13 -1.73631e-26  4.70113e-12  1.04187e-25 -4.77333e-11 -2.35971e-25  3.32844e-10 -1.21855e-24 -1.70785e-09  1.53202e-23  6.70267e-09  -9.0333e-23 -2.05696e-08  3.85832e-22  4.99019e-08 -1.31689e-21 -9.58362e-08  3.72336e-21  1.44375e-07 -8.84713e-21 -1.66386e-07  1.77468e-20  1.38386e-07 -3.00041e-20 -7.03519e-08  4.24262e-20  5.06681e-09 -4.93437e-20  2.10194e-08  4.56222e-20  -1.1837e-08 -3.10282e-20 -2.38357e-09  1.20873e-20  4.29489e-09  1.52991e-21  -5.5068e-11 -4.12135e-21 -1.22313e-09 -1.76371e-21  5.19728e-11  8.30551e-21  3.23319e-10 -9.73953e-21  1.46773e-11  6.49452e-21 -7.56621e-11 -2.64081e-21 -1.67216e-11   8.5125e-22  1.28769e-11 -7.06987e-22   6.6302e-12  7.41024e-22  -6.8967e-13 -4.27361e-22 -1.43025e-12   8.0005e-23 -3.38929e-13  5.47063e-23   1.1901e-13 -4.60632e-23  9.38221e-14  1.74748e-23  1.70858e-14 -4.41465e-24 -6.14913e-15  2.51811e-25  -4.4362e-15  1.84499e-25 -9.84684e-16  4.58881e-25  9.29394e-17 -4.27438e-25  1.30932e-16   2.3789e-26  4.10848e-17  9.95657e-26    4.662e-18 -3.31087e-26 -1.32014e-18 -4.97948e-27 -7.79435e-19   3.9321e-27  -1.9083e-19 -2.75857e-28 -2.22605e-20 -1.07366e-28  1.87856e-21 -3.80516e-29  1.51037e-21  2.65458e-29  3.74439e-22  7.93598e-30  5.59112e-23 -5.82761e-30  4.33309e-24 -1.92497e-31 -2.52923e-25  3.31514e-31 -1.43652e-25  3.70028e-32 -2.59621e-26 -1.73395e-33 -3.02335e-27 -4.33224e-33 -2.38914e-28  -1.1002e-33 -1.07374e-29 -8.18014e-35   1.3366e-31  1.61049e-35  6.88194e-32   5.2689e-36  6.27894e-33  5.64428e-37   3.3585e-34    4.661e-38  1.13332e-35  3.85271e-39   2.2395e-37  1.65182e-40  1.95292e-39  2.68173e-42
-5.67143e-28  1.10546e-13  1.44057e-26  -2.7783e-12  -1.3302e-25  3.61629e-11  6.36039e-25 -3.05783e-10 -1.21855e-24  1.84946e-09 -5.50931e-24 -8.42301e-09  6.20795e-23  2.97524e-08 -3.33721e-22 -8.28572e-08  1.31603e-21  1.83124e-07 -4.18484e-21 -3.20305e-07  1.10925e-20   4.3699e-07 -2.48115e-20 -4.49157e-07    4.697e-20  3.19942e-07 -7.50326e-20 -1.18017e-07  1.00213e-19  -2.9021e-08 -1.09751e-19  5.69014e-08  9.46067e-20 -1.55673e-08 -5.79743e-20 -1.30053e-08  1.64274e-20  7.86341e-09  1.00923e-20  2.66697e-09 -1.27202e-20 -2.43969e-09 -4.13912e-22 -7.06441e-10  1.28963e-20  6.01956e-10 -1.47407e-20   2.3831e-10  8.40804e-21 -1.07798e-10 -2.01198e-21 -7.45424e-11 -1.93376e-22  6.34501e-12 -2.98582e-22  1.68521e-11  7.44426e-22  3.57986e-12 -4.37988e-22 -1.96432e-12  3.23447e-23 -1.25819e-12  8.89045e-23 -1.17775e-13 -5.44452e-23  1.47166e-13  2.10001e-23  7.06934e-14 -8.20377e-24  7.32479e-15  1.58234e-24 -5.77188e-15  2.54833e-25  -3.0266e-15  5.55275e-25 -5.63401e-16   -5.929e-25  7.14192e-17  2.56885e-26  7.54207e-17  1.40837e-25  2.23095e-17 -4.38884e-26  2.73091e-18 -6.40801e-27 -4.61933e-19  4.88582e-27 -3.14454e-19 -5.08604e-28 -8.02406e-20 -1.18419e-28 -1.12208e-20 -2.61254e-29 -2.06779e-22  4.03381e-29  3.30025e-22  6.96444e-30  9.58511e-23  -7.7953e-30   1.5925e-23 -1.00901e-31  1.68616e-24  4.60531e-31  7.82224e-26   4.6979e-32 -9.86584e-27 -7.14411e-33 -2.78051e-27  -5.8666e-33 -3.60883e-28 -1.35984e-33 -3.12635e-29 -1.21711e-34 -1.86859e-30  1.45357e-35 -6.93723e-32   5.3979e-36 -7.15542e-34  5.98198e-37  7.92776e-35  4.76546e-38  4.79692e-36  3.03039e-39   1.1657e-37  9.12019e-41  9.23836e-40
-2.83032e-14 -8.46182e-27  1.28448e-12  1.21466e-25 -2.25619e-11 -8.47706e-25  2.36672e-10  3.34041e-24 -1.70785e-09 -5.50931e-24  9.08626e-09 -2.20466e-23 -3.70597e-08  2.24338e-22  1.18523e-07 -1.10582e-21 -3.00704e-07  4.04476e-21  6.06772e-07 -1.20277e-20 -9.66894e-07  2.99773e-20  1.19157e-06 -6.32664e-20 -1.08268e-06  1.13235e-19  6.40154e-07 -1.71172e-19 -1.30161e-07  2.16246e-19 -1.40082e-07 -2.23347e-19    1.179e-07  1.79758e-19 -1.40294e-09 -9.89836e-20 -3.71444e-08  1.73669e-20  8.11654e-09  2.86777e-20  9.94405e-09 -2.82488e-20 -2.82361e-09  1.55635e-21 -2.73191e-09  2.03671e-20  5.45873e-10 -2.20396e-20  7.42433e-10  1.05488e-20  -7.2483e-12 -5.65919e-22 -1.68309e-10 -1.84722e-21  -3.8537e-11  2.76529e-22   2.3639e-11  7.13672e-22  1.43105e-11 -3.90436e-22  2.85735e-13 -5.73924e-23 -2.32032e-12  1.25232e-22 -8.59195e-13 -5.38869e-23  3.11171e-14  2.28432e-23  1.29894e-13 -1.37742e-23  4.52116e-14  3.56896e-24  1.92783e-15  3.84717e-25  -4.1917e-15  6.70058e-25 -1.79876e-15 -7.87658e-25 -2.99252e-16  1.51766e-26  3.80312e-17  1.87482e-25  3.66764e-17 -5.26821e-26    1.059e-17 -7.66824e-27  1.44915e-18  5.43988e-27 -9.11555e-20 -8.03836e-28 -1.00313e-19 -1.31965e-28 -2.73501e-20 -2.08004e-30 -4.34073e-21  5.92327e-29 -3.24777e-22   4.8116e-30  3.65801e-23 -9.76202e-30  1.68983e-23  8.45324e-32  3.14697e-24  6.03608e-31  3.81337e-25   5.2361e-32  3.01056e-26 -1.51402e-32  9.91779e-28  -7.6314e-33 -1.11826e-28 -1.61269e-33 -2.21132e-29 -1.58107e-34 -2.04894e-30  1.15769e-35 -1.23736e-31  4.97389e-36 -5.00285e-33  5.49515e-37 -1.25795e-34  3.97038e-38 -1.53215e-36  1.89535e-39 -4.02904e-40  3.29399e-41
 3.15229e-27 -4.39835e-13 -8.36577e-26  1.14074e-11  8.29635e-25 -1.53444e-10 -4.60771e-24  1.34299e-09  1.53202e-23 -8.42301e-09 -2.20466e-23  3.98626e-08 -7.87742e-23 -1.46686e-07  7.28498e-22   4.2688e-07 -3.30949e-21 -9.89825e-07  1.12751e-20  1.82635e-06 -3.14623e-20    -2.65e-06  7.39336e-20  2.93784e-06 -1.47529e-19 -2.32832e-06  2.50025e-19   1.0793e-06 -3.58091e-19  2.44668e-08   4.2842e-19 -3.95989e-07  -4.1789e-19   1.8284e-07  3.14482e-19  6.31338e-08 -1.55085e-19 -7.50294e-08  9.78666e-21 -5.85227e-09  6.22379e-20  2.26418e-08  -5.2386e-20  9.48977e-10  3.12759e-21 -6.08399e-09  3.22372e-20 -7.68736e-10 -3.22709e-20  1.39429e-09  1.28229e-20  4.28621e-10  1.81872e-21 -2.17858e-10 -4.01785e-21 -1.44877e-10  8.95778e-22  3.13561e-12  6.73465e-22  2.82432e-11 -2.61508e-22  8.61668e-12 -1.97629e-22 -1.74718e-12  1.57317e-22 -1.96431e-12  -3.9653e-23 -4.69101e-13  2.21596e-23  8.87116e-14 -2.09706e-23  9.25597e-14  6.00567e-24  2.53509e-14  5.84062e-25 -7.88939e-17  8.49251e-25 -2.50117e-15 -1.00604e-24 -9.42163e-16 -1.75822e-26 -1.49794e-16  2.35517e-25  1.40993e-17 -5.65691e-26  1.48974e-17 -8.51982e-27  4.32359e-18  5.31807e-27   6.6135e-19 -1.13888e-27  1.10605e-20 -1.56324e-28 -2.36422e-20  3.13409e-29 -7.27363e-21  8.25306e-29 -1.26922e-21     2.26e-30 -1.34886e-22 -1.12786e-29 -3.92825e-24  3.96781e-31   1.6675e-24  7.46378e-31  4.01889e-25  4.94036e-32  5.34497e-26 -2.53312e-32  4.84339e-27  -9.4973e-33  2.93643e-28 -1.83036e-33  8.85478e-30 -1.83898e-34 -3.04632e-31  7.88836e-36  -5.3833e-32  4.10513e-36 -3.23094e-33  4.35971e-37 -1.08861e-34  2.70223e-38 -1.96457e-36  8.97406e-40 -1.25467e-38
 9.68954e-14  4.22739e-26 -4.54011e-12 -6.34947e-25  8.24479e-11   4.7583e-24 -8.95522e-10 -2.17472e-23  6.70267e-09  6.20795e-23 -3.70597e-08 -7.87742e-23  1.57447e-07  -2.5313e-22 -5.25963e-07  2.13917e-21  1.39867e-06 -8.99736e-21 -2.97171e-06  2.86646e-20  5.01838e-06 -7.53045e-20 -6.62052e-06  1.67269e-19  6.56169e-06 -3.16141e-19 -4.44169e-06  5.07942e-19  1.42403e-06 -6.89881e-19  6.05827e-07  7.82403e-19 -8.46992e-07 -7.21737e-19   1.6972e-07  5.08731e-19   2.2186e-07  -2.2391e-19 -1.06737e-07 -1.25517e-20 -5.13037e-08  1.14854e-19  3.52304e-08  -8.5416e-20  1.40459e-08  2.49626e-21 -8.76444e-09  5.00066e-20 -4.50608e-09 -4.57279e-20  1.46649e-09  1.49646e-20  1.32956e-09  5.19034e-21 -1.97545e-11 -6.49277e-21 -2.83083e-10  1.39123e-21 -7.77904e-11  6.50366e-22  2.83637e-11 -3.28577e-23  2.30309e-11 -3.89523e-22  3.39452e-12  1.77898e-22 -2.29416e-12 -8.74501e-24 -1.33871e-12   1.8395e-23 -2.05133e-13 -2.91326e-23  8.49588e-14  8.47231e-24  5.59758e-14  8.45369e-25  1.28114e-14  1.15558e-24 -3.90116e-16 -1.23911e-24 -1.25291e-15 -8.24229e-26 -4.35645e-16  2.80066e-25 -7.00132e-17 -5.27121e-26  2.83569e-18 -8.80813e-27  4.92987e-18  4.33317e-27  1.48176e-18 -1.47929e-27  2.49319e-19 -2.03013e-28  1.75088e-20  6.65067e-29 -3.41074e-21   1.0819e-28 -1.42243e-21  6.77602e-31 -2.72433e-22  -1.1761e-29 -3.37955e-23  8.76196e-31 -2.52176e-24  8.73219e-31 -1.25329e-26  3.58645e-32  2.67704e-26 -3.66537e-32  4.34598e-27 -1.12269e-32  4.17006e-28  -1.9732e-33  2.73827e-29 -1.93818e-34  1.21505e-30  4.23875e-36  3.14415e-32  3.01198e-36  1.41629e-34  2.95977e-37 -1.80219e-35  1.47411e-38 -4.54357e-37   2.8047e-40
-1.38023e-26  1.34393e-12  3.78825e-25 -3.60573e-11 -3.93525e-24  5.02466e-10  2.34614e-23 -4.56333e-09  -9.0333e-23  2.97524e-08  2.24338e-22 -1.46686e-07  -2.5313e-22  5.63723e-07 -7.35852e-22 -1.71859e-06  5.70966e-21  4.19095e-06 -2.23282e-20 -8.17554e-06  6.67752e-20  1.26388e-05 -1.65688e-19 -1.51204e-05  3.48707e-19  1.32741e-05 -6.25192e-19 -7.41007e-06  9.53099e-19  1.07459e-06 -1.22823e-18  1.98951e-06  1.32137e-18 -1.42788e-06 -1.15436e-18 -9.51594e-08  7.63904e-19  4.98084e-07 -2.99369e-19 -7.47721e-08  -5.4907e-20 -1.41893e-07  1.87823e-19  2.96502e-08 -1.25585e-19   3.9962e-08 -2.62419e-21 -5.21443e-09  7.46555e-20 -1.08148e-08  -6.2104e-20 -5.17486e-10  1.65128e-20  2.38983e-09   9.5076e-21  6.88474e-10 -8.97425e-21 -3.07599e-10  1.59105e-21  -2.2617e-10  6.65767e-22 -1.60926e-11  2.99464e-22  3.35143e-11 -6.23791e-22  1.45133e-11  1.81038e-22  2.98501e-13  3.87642e-23 -1.91694e-12  1.14222e-23 -7.73708e-13 -3.71739e-23 -7.01487e-14  1.04081e-23  5.79051e-14  1.15507e-24  2.94665e-14  1.65019e-24  5.96605e-15 -1.47635e-24 -2.09034e-16 -1.86553e-25 -5.28089e-16  3.16674e-25 -1.76412e-16 -3.90926e-26 -2.96558e-17 -8.56674e-27 -4.75004e-19  2.45532e-27  1.26571e-18 -1.78876e-27  4.12496e-19 -2.87015e-28  7.50998e-20  9.17386e-29  7.81103e-21  1.33391e-28 -1.71637e-24  1.74989e-30 -1.80543e-22 -1.06201e-29 -4.06468e-23  1.55991e-30 -5.51827e-24  9.71734e-31 -5.08269e-25  1.25231e-32 -2.85447e-26 -4.74159e-32 -1.62488e-28 -1.24986e-32  1.52818e-28 -2.00087e-33   1.7592e-29 -1.85949e-34  1.13414e-30  1.29365e-36  4.69117e-32  1.94259e-36  1.20032e-33  1.69056e-37  1.60258e-35  6.12866e-39  6.31758e-38
-2.56549e-13 -1.68494e-25  1.24449e-11  2.62458e-24 -2.34296e-10 -2.06202e-23  2.64232e-09  1.01123e-22 -2.05696e-08 -3.33721e-22  1.18523e-07  7.28498e-22 -5.25963e-07 -7.35852e-22   1.8403e-06 -1.94463e-21 -5.14331e-06  1.39117e-20  1.15361e-05 -5.07871e-20 -2.06925e-05  1.43128e-19  2.92696e-05 -3.36517e-19 -3.16244e-05  6.72545e-19    2.425e-05  -1.1452e-18 -1.04549e-05  1.65716e-18 -1.12446e-06 -2.02636e-18  4.51059e-06  2.06883e-18 -1.80545e-06 -1.71429e-18 -8.60989e-07  1.06867e-18  8.28031e-07 -3.73166e-19  1.19653e-07 -1.18619e-19 -2.63749e-07  2.78037e-19  -2.5901e-08 -1.69074e-19  7.26906e-08 -1.43701e-20  1.30907e-08  1.06162e-19 -1.66663e-08 -8.03918e-20 -6.14726e-09  1.68946e-20  2.47498e-09  1.46118e-20  1.95809e-09 -1.11375e-20  4.54884e-11  1.36853e-21 -3.63966e-10  7.31949e-22 -1.28131e-10  7.16931e-22  1.73381e-11 -8.80909e-22  2.66103e-11  1.64711e-22   7.3675e-12  9.92182e-23 -8.39482e-13  1.58641e-24  -1.2589e-12 -4.38619e-23 -3.92022e-13  1.12391e-23   -1.766e-14  1.51584e-24  3.15888e-14  2.37085e-24  1.36648e-14 -1.70808e-24  2.58796e-15 -3.32164e-25 -4.37482e-17  3.42775e-25  -1.8488e-16 -1.51154e-26 -6.15047e-17 -8.05129e-27  -1.0954e-17 -1.66582e-28 -6.96341e-19 -2.04789e-27  2.25009e-19 -4.27773e-28  8.90094e-20  9.39382e-29  1.74614e-20  1.55584e-28  2.17354e-21  7.05553e-30  1.38748e-22 -7.44054e-30 -8.58944e-24  2.46035e-30 -3.73316e-24  1.03575e-30 -5.68259e-25 -1.63061e-32 -5.62356e-26 -5.56026e-32 -3.84961e-27  -1.2992e-32  -1.6822e-28 -1.88937e-33 -2.62713e-30 -1.62337e-34  2.03906e-31  -5.6871e-37  1.66204e-32   1.0837e-36    5.512e-34  7.88587e-38  8.05563e-36   1.6914e-39
 4.89631e-26  -3.1975e-12 -1.38352e-24  8.90227e-11  1.49383e-23 -1.28919e-09 -9.34316e-23  1.21869e-08  3.85832e-22 -8.28572e-08 -1.10582e-21   4.2688e-07  2.13917e-21 -1.71859e-06 -1.94463e-21  5.50528e-06 -4.69015e-21 -1.41605e-05  3.10496e-20  2.92851e-05 -1.06247e-19 -4.83461e-05  2.83316e-19  6.24882e-05 -6.33322e-19 -6.06023e-05  1.20451e-18  3.97118e-05 -1.94952e-18 -1.13651e-05  2.67726e-18 -6.83664e-06 -3.10462e-18  8.09197e-06  3.00804e-18 -1.24108e-06 -2.36854e-18 -2.33209e-06  1.39799e-18  9.78248e-07 -4.38121e-19  5.80597e-07  -1.9849e-19 -3.43664e-07  3.77566e-19  -1.6391e-07 -2.10794e-19  8.75085e-08 -3.39361e-20  5.23531e-08  1.43218e-19 -1.41887e-08 -9.90036e-20 -1.52922e-08  1.56066e-20 -3.08391e-10  2.01975e-20  3.20575e-09 -1.26995e-20  1.00036e-09  6.84357e-22 -2.94561e-10  8.52236e-22 -2.78495e-10  1.17613e-21 -4.93911e-11 -1.13546e-21  2.53094e-11   1.3262e-22  1.67383e-11  1.66049e-22  3.04866e-12 -1.03199e-23 -8.88099e-13 -4.82138e-23 -6.95178e-13  1.05152e-23 -1.78699e-13  1.96513e-24 -3.00814e-15  3.31507e-24  1.42987e-14 -1.92768e-24  5.59094e-15 -5.14845e-25  1.03897e-15  3.58777e-25  1.73289e-17  1.81445e-26 -5.20977e-17  -7.6589e-27 -1.79904e-17 -3.24533e-27 -3.39504e-18 -2.27869e-27 -3.34086e-19 -6.49992e-28  1.66097e-20  6.23417e-29  1.37306e-20   1.7351e-28  2.99292e-21  1.75905e-29  4.10517e-22 -2.15405e-30  3.68798e-23  3.54077e-30   1.5448e-24  1.06544e-30 -1.27656e-25 -4.38186e-32 -3.20338e-26 -5.94282e-32 -3.41258e-27 -1.25099e-32 -2.36089e-28 -1.64569e-33 -1.10808e-29 -1.28429e-34 -3.32373e-31  -1.3408e-36 -5.09256e-33   5.1075e-37 -3.05398e-37  2.83729e-38  6.47275e-37
 5.29369e-13  5.48359e-25 -2.66808e-11 -8.83219e-24  5.22615e-10  7.22581e-23 -6.14145e-09 -3.71974e-22  4.99019e-08  1.31603e-21 -3.00704e-07 -3.30949e-21  1.39867e-06  5.70966e-21 -5.14331e-06 -4.69015e-21  1.51578e-05  -1.0355e-20 -3.60045e-05  6.36488e-20  6.87961e-05 -2.05015e-19 -0.000104569  5.19641e-19  0.000123209 -1.10846e-18 -0.000106289  2.01028e-18  5.73756e-05 -3.09374e-18 -5.96486e-06  4.02831e-18 -1.77076e-05 -4.42379e-18  1.16901e-05  4.06539e-18  1.38169e-06 -3.04876e-18 -4.41494e-06  1.71693e-18  5.08281e-07 -4.92131e-19   1.3233e-06 -2.81999e-19 -2.32765e-07  4.74992e-19 -3.84523e-07 -2.45827e-19  3.90049e-08 -6.09069e-20  1.06017e-07  1.83242e-19  7.77295e-09 -1.16077e-19 -2.36377e-08  1.24323e-20 -7.50895e-09   2.5803e-20  2.96862e-09 -1.34831e-20  2.40567e-09 -3.91864e-22  2.24557e-10  1.02517e-21 -3.47312e-10  1.61417e-21 -1.62537e-10 -1.36337e-21  -7.4313e-12  9.41825e-23  2.03015e-11  2.31489e-22  8.87791e-12 -2.31027e-23  1.02281e-12 -4.98505e-23 -5.85215e-13  8.01224e-24 -3.32847e-13  2.57241e-24  -7.4758e-14  4.43339e-24 -6.20102e-16 -2.13241e-24   5.4048e-15 -7.23042e-25  2.00185e-15   3.6838e-25  3.77186e-16  5.81844e-26   2.0648e-17 -7.74288e-27 -1.10445e-17 -6.44776e-27 -4.25648e-18 -2.56478e-27  -8.5019e-19 -9.82201e-28   -1.034e-19 -7.85498e-30 -4.40422e-21  1.87624e-28  1.22238e-21  3.33581e-29  3.49713e-22  4.85392e-30  5.19589e-23  4.70104e-30  5.21164e-24  1.06472e-30  3.49724e-25 -6.30903e-32  1.17063e-26 -5.79578e-32 -4.57393e-28  -1.1078e-32 -9.15479e-29 -1.31042e-33 -6.39238e-30 -9.13897e-35  -2.6076e-31 -1.31908e-36 -6.18579e-33  1.96018e-37 -6.91981e-35  6.82702e-39
-1.43349e-25   5.9387e-12  4.15394e-24 -1.72297e-10 -4.65431e-23  2.60373e-09   3.0362e-22 -2.57251e-08 -1.31689e-21  1.83124e-07  4.04476e-21 -9.89825e-07 -8.99736e-21  4.19095e-06  1.39117e-20 -1.41605e-05  -1.0355e-20  3.85596e-05 -2.09707e-20 -8.48333e-05  1.20046e-19  0.000150008 -3.65734e-19 -0.000209885  8.85886e-19  0.000224605 -1.81068e-18 -0.000170036  3.13746e-18  7.05653e-05 -4.59005e-18  1.17236e-05  5.65585e-18 -3.41856e-05 -5.86667e-18  1.27907e-05  5.10672e-18  7.18394e-06 -3.65836e-18 -6.39516e-06  1.98864e-18 -1.12993e-06 -5.40761e-19  2.14002e-06 -3.51351e-19  2.58499e-07  5.58277e-19 -6.11264e-07 -2.70947e-19 -1.22334e-07 -9.29887e-20  1.44002e-07  2.22694e-19  5.65002e-08 -1.29847e-19 -2.16131e-08  7.60107e-21 -1.81723e-08   3.0843e-20 -6.41341e-10  -1.3461e-20  3.40857e-09 -1.68964e-21  1.26098e-09  1.25139e-21 -1.48342e-10  1.96092e-21 -2.59377e-10 -1.54911e-21 -7.60246e-11  6.22227e-23  6.76896e-12   2.8868e-22  1.24529e-11 -3.51992e-23  4.11621e-12 -4.91366e-23   2.7469e-13   3.7708e-24 -2.98813e-13  3.40673e-24 -1.40115e-13  5.63302e-24 -2.89893e-14 -2.32318e-24 -5.53363e-16 -9.38602e-25  1.68346e-15  3.78028e-25  6.16357e-16  1.01787e-25  1.19763e-16 -8.39614e-27  1.06093e-17 -9.50563e-27  -1.4489e-18 -3.05344e-27 -7.70476e-19 -1.45091e-27  -1.6496e-19 -1.13319e-28 -2.24709e-20  1.99618e-28 -1.83398e-21  5.31394e-29 -1.09766e-23  1.27533e-29  2.29233e-23  5.78515e-30  4.07925e-24  1.03758e-30  4.29855e-25 -6.97335e-32  3.11231e-26  -5.1505e-32  1.52654e-27  -8.9607e-33  4.29201e-29 -9.45371e-34  4.35617e-32 -5.78676e-35 -4.67462e-32  -9.2022e-37 -1.58769e-33  5.73668e-38  -1.5511e-35
-8.47847e-13  -1.4784e-24  4.46251e-11  2.45814e-23 -9.13974e-10 -2.09316e-22  1.12462e-08  1.12549e-21 -9.58362e-08 -4.18484e-21  6.06772e-07  1.12751e-20 -2.97171e-06 -2.23282e-20  1.15361e-05  3.10496e-20 -3.60045e-05 -2.09707e-20  9.09398e-05 -3.89894e-20 -0.000185797  2.08461e-19  0.000304404 -6.04228e-19 -0.000391697  1.40797e-18  0.000378623 -2.77065e-18 -0.000246305  4.59544e-18  6.68714e-05 -6.38513e-18  4.79747e-05   7.4215e-18 -5.38371e-05  -7.2396e-18   7.3931e-06  5.95328e-18  1.64913e-05 -4.09093e-18 -6.73516e-06  2.18398e-18 -4.28989e-06 -5.96628e-19  2.50091e-06 -3.88192e-19  1.24865e-06  6.18095e-19  -6.6497e-07 -2.85555e-19 -4.10207e-07 -1.26285e-19  1.12109e-07  2.57571e-19  1.23685e-07 -1.38962e-19  2.55853e-09  1.81707e-21 -2.67811e-08  3.46921e-20 -8.49749e-09 -1.27689e-20  2.52182e-09 -2.97479e-21  2.43004e-09   1.5406e-21  4.43766e-10   2.1545e-21 -2.22168e-10 -1.68995e-21 -1.51254e-10  4.89122e-23  -2.8851e-11  3.33328e-22  7.63821e-12 -4.47155e-23  6.36584e-12  -4.7013e-23  1.71325e-12   -1.926e-24  6.10962e-14  4.48317e-24 -1.25014e-13  6.78757e-24 -5.19793e-14 -2.50398e-24 -1.03676e-14 -1.13843e-24 -4.53073e-16  3.95737e-25    4.165e-16  1.45989e-25  1.58806e-16 -9.30924e-27   3.2041e-17 -1.23002e-26  3.66166e-18 -3.92814e-27  9.95712e-21  -2.0697e-27 -9.57847e-20 -2.42658e-28 -2.34267e-20  2.11212e-28 -3.42638e-21  7.45407e-29 -3.37208e-22  2.04107e-29 -1.95982e-23  6.61341e-30  7.16093e-26  9.85529e-31  1.56462e-25 -6.35265e-32   1.8947e-26  -4.1573e-32  1.34973e-27 -6.57485e-33  6.34531e-29 -6.11864e-34  1.91107e-30 -3.21183e-35  3.20497e-32 -4.87667e-37  1.90726e-34  1.09683e-38
 3.51223e-25 -8.52598e-12 -1.03673e-23  2.59359e-10  1.20568e-22 -4.11453e-09 -8.20733e-22  4.27347e-08  3.72336e-21 -3.20305e-07 -1.20277e-20  1.82635e-06  2.86646e-20 -8.17554e-06 -5.07871e-20  2.92851e-05  6.36488e-20 -8.48333e-05 -3.89894e-20  0.000199452 -6.64996e-20 -0.000379293  3.33023e-19  0.000576233 -9.25411e-19 -0.000680723  2.09236e-18  0.000589612 -3.98666e-18 -0.000318323  6.34071e-18  2.87026e-05 -8.35245e-18  0.000106197  9.11216e-18 -6.98133e-05 -8.30088e-18 -9.03289e-06  6.41729e-18  2.77845e-05 -4.25547e-18 -3.26601e-06  2.28894e-18 -8.66725e-06 -6.75074e-19  1.60652e-06 -3.79385e-19  2.61565e-06   6.5026e-19 -2.97299e-07  -2.9156e-19 -7.51979e-07 -1.56066e-19 -4.75211e-08  2.83986e-19  1.75809e-07 -1.42655e-19  5.45036e-08 -3.86494e-21 -2.34892e-08  3.68043e-20  -1.8532e-08 -1.16833e-20 -1.59032e-09 -4.00551e-21  2.80686e-09  1.91492e-21  1.30297e-09  2.15546e-21  5.49749e-11 -1.79512e-21 -1.68098e-10  6.12822e-23 -7.39259e-11  3.64248e-22 -8.78635e-12 -4.95208e-23  4.81932e-12 -4.45602e-23  2.81193e-12 -8.61256e-24  6.53313e-13  5.71208e-24  1.54397e-14  7.74766e-24 -4.33838e-14 -2.68253e-24 -1.68594e-14 -1.29734e-24 -3.34977e-15  4.29615e-25 -2.45903e-16  1.88936e-25  7.50412e-17  -9.7919e-27  3.29053e-17 -1.48836e-26  6.94066e-18 -5.35055e-27  9.13781e-19 -2.82562e-27  5.77665e-20 -3.78719e-28 -5.59372e-21  2.22847e-28 -2.19873e-21  9.43745e-29 -3.50375e-22  2.66382e-29 -3.67942e-23  7.03042e-30 -2.66118e-24  9.07799e-31 -1.17851e-25  -4.8198e-32 -8.77167e-28 -3.03305e-32  3.00531e-28 -4.34263e-33  2.40055e-29 -3.51131e-34   9.4068e-31 -1.52933e-35  1.91671e-32 -1.92026e-37  1.37998e-34
 1.03377e-12   3.3348e-24 -5.72757e-11 -5.70458e-23  1.23598e-09  5.06475e-22 -1.60415e-08 -2.84827e-21  1.44375e-07  1.10925e-20 -9.66894e-07 -3.14623e-20  5.01838e-06  6.67752e-20 -2.06925e-05 -1.06247e-19  6.87961e-05  1.20046e-19 -0.000185797 -6.64996e-20  0.000407946 -1.03711e-19  -0.00072356  4.87947e-19   0.00101969 -1.31408e-18   -0.0011028  2.91625e-18  0.000845851 -5.41658e-18 -0.000355478  8.27512e-18 -6.29904e-05 -1.03064e-17  0.000182628  1.04773e-17 -7.05621e-05 -8.81348e-18 -3.94267e-05  6.34877e-18  3.69079e-05 -4.10057e-18   6.0237e-06  2.30675e-18 -1.28787e-05 -7.87529e-19 -1.31494e-06 -3.21555e-19  3.85307e-06  6.56204e-19  6.90366e-07 -2.92244e-19  -9.6088e-07 -1.77822e-19 -3.53637e-07  2.98723e-19  1.57206e-07 -1.40762e-19  1.22928e-07 -8.27866e-21  1.47692e-09  3.68365e-20 -2.47618e-08 -1.05672e-20 -8.74384e-09 -4.59007e-21   1.2878e-09   2.4054e-21  1.94171e-09  1.95601e-21  5.52306e-10 -1.88042e-21 -5.89338e-11  9.79316e-23 -9.60421e-11  3.82648e-22 -3.14802e-11 -4.74443e-23 -2.07739e-12 -4.24565e-23  2.31061e-12 -1.57098e-23  1.09081e-12  6.87813e-24  2.30746e-13  8.34985e-24  7.03559e-15 -2.87215e-24 -1.23396e-14  -1.3919e-24 -4.69665e-15  4.86302e-25 -9.47342e-16  2.30216e-25  -9.5368e-17 -8.98413e-27  7.21463e-18 -1.74244e-26  5.14483e-18 -7.38702e-27  1.16201e-18 -3.66844e-27  1.65777e-19 -5.02334e-28  1.50554e-20  2.32986e-28  4.88245e-22  1.09337e-28 -1.00111e-22  3.04826e-29  -2.1482e-23  6.95177e-30 -2.36167e-24  8.03997e-31 -1.74073e-25 -2.95496e-32 -8.79147e-27 -1.98657e-32 -2.80261e-28 -2.55823e-33 -3.90802e-30 -1.75957e-34  5.88121e-32 -6.04184e-36  2.60152e-33 -4.95067e-38
-7.30101e-25  9.19359e-12  2.16458e-23 -2.96266e-10 -2.61156e-22  4.98208e-09  1.86071e-21 -5.48964e-08 -8.84713e-21   4.3699e-07  2.99773e-20    -2.65e-06 -7.53045e-20  1.26388e-05  1.43128e-19 -4.83461e-05 -2.05015e-19  0.000150008  2.08461e-19 -0.000379293 -1.03711e-19  0.000780131 -1.46791e-19  -0.00129287  6.51209e-19   0.00168992 -1.72807e-18  -0.00166626   3.8241e-18   0.00111154 -6.98013e-18 -0.000315084  1.02599e-17 -0.000221489  -1.2038e-17  0.000262467  1.12876e-17 -4.18723e-05 -8.60812e-18 -8.22907e-05  5.67909e-18  3.72367e-05 -3.62878e-18  2.16739e-05  2.25399e-18 -1.44059e-05 -9.35369e-19 -6.48794e-06 -2.22466e-19  4.07871e-06  6.41451e-19  2.26582e-06 -2.90657e-19 -7.71186e-07  -1.8829e-19 -7.37752e-07  2.99697e-19  1.35385e-08 -1.33644e-19  1.73817e-07 -1.04203e-20  4.97762e-08  3.47351e-20  -1.8938e-08 -9.79688e-21 -1.61021e-08 -4.62902e-21 -2.58738e-09  3.04063e-21  1.65364e-09  1.58236e-21  1.04237e-09 -1.96047e-21  1.85298e-10  1.48137e-22 -5.90407e-11  3.90601e-22 -4.55772e-11 -3.65652e-23  -1.2016e-11 -4.05533e-23 -3.69067e-13 -2.25827e-23  9.02465e-13   7.6647e-24  3.72875e-13  8.42557e-24  7.52056e-14 -3.09343e-24  3.86317e-15 -1.40488e-24 -2.76773e-15  5.69367e-25 -1.09254e-15  2.70436e-25 -2.25895e-16 -6.20115e-27 -2.74618e-17 -2.01003e-26 -6.91215e-19 -9.94743e-27  5.30071e-19 -4.50941e-27  1.40841e-19 -5.96395e-28  2.12703e-20   2.3847e-28  2.17843e-21  1.16822e-28  1.42997e-22  3.14635e-29  3.08657e-24  6.39113e-30 -5.35147e-25  6.77559e-31  -7.6799e-26 -1.29783e-32 -5.52467e-27 -1.15721e-32 -2.50247e-28 -1.32834e-33 -7.02591e-30 -7.53522e-35 -1.05529e-31 -1.86497e-36  -5.1018e-34
-9.14379e-13 -6.34958e-24  5.41317e-11   1.1075e-22 -1.24782e-09 -1.02725e-21  1.73003e-08   6.0668e-21 -1.66386e-07 -2.48115e-20  1.19157e-06  7.39336e-20 -6.62052e-06 -1.65688e-19  2.92696e-05  2.83316e-19 -0.000104569 -3.65734e-19  0.000304404  3.33023e-19  -0.00072356 -1.46791e-19   0.00139823 -1.85567e-19  -0.00216852  7.80345e-19   0.00262728 -2.09801e-18  -0.00234743  4.73364e-18   0.00132331 -8.57148e-18 -0.000150472  1.21416e-17 -0.000445012 -1.33629e-17  0.000318771  1.13968e-17  2.83873e-05 -7.63647e-18 -0.000129282  4.44586e-18  2.13286e-05 -2.89639e-18  4.13797e-05  2.15271e-18 -1.01877e-05 -1.10718e-18 -1.30425e-05 -9.87148e-20  2.29602e-06  6.12983e-19  4.00871e-06 -2.88262e-19  4.46896e-08 -1.86191e-19 -1.02367e-06  2.86284e-19 -2.68044e-07 -1.22057e-19  1.57981e-07 -9.67058e-21  1.07379e-07  3.07545e-20  4.69495e-09 -9.68291e-21 -1.84581e-08 -4.13052e-21 -7.77367e-09  3.83048e-21 -4.58678e-11  1.09033e-21  1.14024e-09 -2.04194e-21  4.67017e-10  1.93679e-22  4.69036e-11  3.89468e-22 -3.43162e-11 -1.55192e-23 -1.86838e-11 -3.77409e-23 -4.20545e-12 -2.85834e-23 -6.42201e-14  7.71889e-24  2.91943e-13  7.81409e-24  1.11475e-13  -3.3734e-24   2.2175e-14 -1.32941e-24  1.72951e-15  6.77653e-25 -4.44793e-16  3.10095e-25 -2.03519e-16 -1.29047e-27 -4.35682e-17 -2.29843e-26 -5.90352e-18 -1.27666e-26 -4.28464e-19 -5.23393e-27  1.89196e-20 -6.49205e-28  1.09085e-20  2.35769e-28  1.81234e-21  1.15617e-28  1.93049e-22  2.96808e-29  1.42692e-23   5.4567e-30  6.90407e-25  5.37538e-31  1.48363e-26 -1.65495e-33 -6.04998e-28 -5.91648e-33 -6.35063e-29 -5.98245e-34 -2.31855e-30  -2.6664e-35 -3.64904e-32 -3.89049e-37
  1.3122e-24 -6.93919e-12 -3.79697e-23  2.42053e-10  4.73255e-22 -4.39839e-09 -3.54366e-21  5.23096e-08  1.77468e-20 -4.49157e-07 -6.32664e-20  2.93784e-06  1.67269e-19 -1.51204e-05 -3.36517e-19  6.24882e-05  5.19641e-19 -0.000209885 -6.04228e-19  0.000576233  4.87947e-19  -0.00129287 -1.85567e-19   0.00235409 -2.02088e-19  -0.00342143  8.13581e-19   0.00383708  -2.3364e-18  -0.00307949  5.55036e-18   0.00139524 -1.00767e-17  0.000174829    1.378e-17 -0.000708648 -1.41643e-17  0.000316164  1.07867e-17  0.000143796 -5.99485e-18 -0.000164777  2.78984e-18 -1.60176e-05 -1.99887e-18   5.9321e-05  2.02248e-18   2.1139e-06 -1.28086e-18 -1.87644e-05  2.92068e-20 -2.10607e-06  5.76832e-19   5.0976e-06  -2.8441e-19  1.50682e-06 -1.72509e-19 -9.67187e-07  2.59449e-19 -6.21199e-07 -1.07017e-19    3.482e-08 -5.90609e-21   1.4379e-07  2.54023e-20  4.34054e-08 -1.04043e-20 -1.06101e-08 -3.19783e-21 -1.15412e-08  4.75116e-21 -2.88617e-09  5.55751e-22  5.21501e-10 -2.12073e-21   5.9966e-10  2.12722e-22  1.81719e-10  3.79031e-22  7.40923e-12  1.62886e-23 -1.52939e-11 -3.21608e-23 -6.73488e-12 -3.30882e-23 -1.36814e-12  6.73471e-24 -2.79795e-14  6.38375e-24  7.74587e-14 -3.74037e-24  2.86288e-14 -1.17196e-24  5.72935e-15  8.03775e-25  5.89074e-16  3.48212e-25 -3.50783e-17  5.14344e-27 -2.83518e-17 -2.59756e-26 -6.46732e-18 -1.54463e-26 -9.31394e-19 -5.72689e-27 -8.78206e-20 -6.56414e-28 -3.84278e-21  2.22544e-28  3.39733e-22  1.06224e-28  8.89046e-23  2.57514e-29  9.93514e-24  4.31853e-30  7.22378e-25  3.97359e-31  3.57489e-26  3.92846e-33  1.14018e-27 -2.60365e-33  1.91991e-29 -2.28309e-34  3.70775e-32 -7.33735e-36 -2.13735e-33
