 1.55843e-26  2.06448e-41 -9.44023e-25 -1.85542e-39  2.23361e-23  5.15346e-38 -3.18997e-22 -8.39848e-37   3.1735e-21  9.65478e-36 -2.36263e-20 -8.52092e-35  1.37291e-19  6.05079e-34 -6.39546e-19 -3.55849e-33  2.43002e-18  1.76621e-32 -7.61372e-18 -7.49167e-32  1.97876e-17  2.73723e-31 -4.27172e-17   -8.649e-31  7.63396e-17  2.36308e-30 -1.11868e-16 -5.55096e-30  1.31892e-16  1.10397e-29 -1.20546e-16 -1.79048e-29  7.85665e-17  2.12157e-29 -2.74989e-17 -9.39607e-30 -6.13082e-18  -3.6012e-29  1.29073e-17  1.34988e-28 -4.75701e-18 -2.97343e-28  -1.9255e-18  5.09588e-28  2.03036e-18 -7.30079e-28  2.15624e-20  9.00224e-28 -5.47114e-19 -9.69243e-28  6.05971e-20  9.18396e-28  1.29348e-19 -7.68911e-28 -1.57182e-20  5.69102e-28  -2.8978e-20 -3.70774e-28  1.14586e-21  2.10028e-28  5.84217e-21 -1.00669e-28  6.17685e-22  3.84661e-29 -9.18365e-22 -9.91768e-30  -2.8118e-22  3.57716e-31  8.05102e-23   1.1541e-30  5.94098e-23 -5.60982e-31  4.10686e-24  3.11918e-32 -6.30512e-24  1.21905e-31 -2.19438e-24 -9.00523e-32  5.22523e-26  3.16882e-32  2.28241e-25  9.66909e-34  6.11686e-26 -9.38475e-33 -7.65684e-28  7.08077e-33 -4.69355e-27 -3.38024e-33  -1.2843e-27  1.23083e-33 -8.22141e-29 -3.52857e-34  4.48839e-29  5.79636e-35  1.56701e-29  7.88832e-36  2.17306e-30  -6.3086e-36 -2.18531e-32  1.20775e-36 -7.08042e-32 -4.66648e-37 -1.48966e-32   3.1906e-37  -1.5063e-33 -1.09976e-37  -1.8216e-35  2.50627e-38  1.86784e-35 -4.70649e-39  3.11076e-36   2.2364e-40  2.64165e-37  1.55508e-40  1.13044e-38 -3.24131e-41 -1.34128e-40  2.59875e-42 -4.30747e-41 -1.91459e-43 -2.81459e-42  6.41285e-45 -7.50373e-44  1.00735e-45  -4.9451e-46 -3.00268e-47
 2.06448e-41  1.35378e-24  1.03684e-39 -4.66296e-23 -6.48041e-38  8.40898e-22  1.44781e-36 -9.97673e-21 -2.01499e-35  8.59378e-20  2.04472e-34 -5.67398e-19  -1.6271e-33  2.96885e-18  1.05755e-32 -1.25791e-17 -5.75788e-32  4.37655e-17  2.66999e-31 -1.26088e-16 -1.06623e-30  3.01933e-16   3.6928e-30  -6.0053e-16 -1.11339e-29  9.86257e-16  2.92343e-29 -1.32009e-15 -6.65941e-29  1.40417e-15  1.30238e-28 -1.12757e-15 -2.13521e-28  5.99859e-16  2.76489e-28 -1.04564e-16 -2.28741e-28 -1.29671e-16 -6.41619e-29  1.09707e-16  7.30775e-28 -1.18585e-17  -1.8058e-27 -2.84474e-17    3.151e-27  1.19864e-17 -4.45382e-27  5.14992e-18  5.33792e-27 -3.98029e-18 -5.53788e-27 -9.08417e-19  5.02791e-27  9.94408e-19 -4.01827e-27  2.12885e-19  2.83116e-27 -2.04746e-19  -1.7504e-27 -6.17739e-20  9.34734e-28  3.20359e-20  -4.1514e-28  1.62163e-20  1.39734e-28 -2.56187e-21 -2.50746e-29 -3.13549e-21 -6.27458e-30 -3.19704e-22  6.73803e-30   3.6286e-22 -1.90816e-30  1.34784e-22 -6.41633e-31  -7.7632e-24  9.87249e-31 -1.71946e-23 -5.65335e-31 -4.07404e-24  1.69253e-31  4.45601e-25  2.05472e-32   4.7805e-25 -6.15272e-32  1.03513e-25  4.29688e-32 -3.86796e-27 -1.94455e-32 -7.61624e-27  6.65239e-33 -1.89221e-27 -1.73783e-33 -1.30677e-28   2.1104e-34  4.88291e-29  7.10514e-35  1.72165e-29 -3.22165e-35  2.49675e-30  2.61751e-36   7.7954e-32 -1.20774e-36 -4.30592e-32  1.37843e-36 -1.00343e-32 -4.87031e-37 -1.11902e-33  1.02413e-37 -5.31838e-35 -1.71349e-38  3.59378e-36  5.93021e-40  8.79156e-37  5.19622e-40  7.86226e-38 -9.42267e-41   3.7082e-39  6.74111e-42  8.42922e-41 -5.00667e-43 -1.69489e-42  1.97796e-44 -9.41734e-44  1.33153e-45 -9.07291e-46
-9.44023e-25  1.03684e-39  5.79312e-23  2.94989e-38 -1.38938e-21 -1.40436e-36  2.01259e-20  2.61065e-35 -2.03214e-19 -3.15725e-34  1.53665e-18  2.85752e-33   -9.077e-18  -2.0643e-32  4.30214e-17  1.23397e-31 -1.66489e-16 -6.24177e-31  5.31935e-16  2.71116e-30 -1.41176e-15 -1.02114e-29  3.11772e-15  3.35572e-29 -5.71258e-15 -9.65375e-29  8.60944e-15  2.43237e-28 -1.04879e-14 -5.35251e-28  9.98407e-15  1.02074e-27 -6.90069e-15 -1.65877e-27  2.75659e-15  2.21146e-27  2.54451e-16 -2.17323e-27 -1.08986e-15  8.52412e-28  5.06564e-16   2.3198e-27  1.14915e-16   -7.341e-27 -1.91031e-16  1.33348e-26    1.893e-17 -1.87088e-26  4.83483e-17  2.18217e-26 -1.14054e-17 -2.17941e-26 -1.11473e-17  1.89163e-26  2.95808e-18  -1.4384e-26  2.57311e-18  9.60675e-27 -4.61542e-19 -5.60166e-27 -5.65785e-19  2.78715e-27  1.07397e-20 -1.11396e-27  1.03063e-19  2.97816e-28  1.78973e-20 -3.13459e-30   -1.241e-20 -4.71168e-29 -5.51833e-21   2.4408e-29  3.27621e-22 -2.02496e-30  7.87118e-22 -5.71104e-30  1.75798e-22  4.97238e-30 -3.59905e-23 -2.38261e-30 -2.77527e-23   5.9104e-31 -4.74663e-24  1.55071e-31   9.1699e-25 -2.78514e-31  6.19618e-25  1.79298e-31  1.15314e-25 -7.61978e-32 -4.92767e-27  2.42549e-32 -7.52626e-27 -5.72463e-33 -1.77022e-27  4.33385e-34 -1.42568e-28  3.40057e-34  2.86228e-29 -1.04671e-34  1.10833e-29 -3.68936e-36   1.6863e-30 -8.47344e-37  1.02253e-31  4.16591e-36 -1.12503e-32 -1.48182e-36 -3.46775e-33  2.83923e-37 -4.12177e-34 -4.19246e-38 -2.61139e-35   1.0263e-39 -3.78711e-37  1.11792e-39  8.82875e-38 -1.77592e-40  8.43431e-39  1.14346e-41  3.83629e-40 -8.41544e-43   7.5239e-42  3.37491e-44  4.64167e-44  8.84415e-46
-1.85542e-39 -4.66296e-23  2.94989e-38  1.62801e-21  5.82394e-37 -2.97774e-20 -2.22505e-35  3.58562e-19  3.52371e-34 -3.13692e-18 -3.75199e-33   2.1052e-17  3.05398e-32 -1.12062e-16 -2.01441e-31  4.83518e-16  1.11224e-30 -1.71505e-15 -5.24472e-30    5.044e-15  2.13975e-29 -1.23498e-14 -7.61748e-29  2.51652e-14  2.37885e-28 -4.24532e-14 -6.53445e-28  5.85865e-14  1.57936e-27  -6.4631e-14 -3.35076e-27  5.44315e-14  6.20138e-27 -3.13016e-14 -9.88352e-27  7.50698e-15  1.32022e-26   5.3378e-15   -1.383e-26 -5.72747e-15  8.88072e-27  1.15543e-15  3.60296e-27  1.29009e-15 -2.28717e-26 -7.50699e-16  4.46992e-26 -1.82042e-16  -6.2669e-26  2.33622e-16  7.11792e-26  2.09732e-17 -6.82969e-26 -5.83706e-17   5.6457e-26 -4.61936e-18 -4.06286e-26  1.27179e-17  2.55302e-26  1.99308e-18 -1.38689e-26 -2.28449e-18   6.2618e-27 -7.10596e-19 -2.08049e-27  2.75625e-19  2.60793e-28  1.72271e-19  2.37023e-28 -4.23654e-21 -1.97442e-28 -2.57514e-20  6.25702e-29 -5.99107e-21  1.33722e-29  1.58677e-21 -2.86835e-29  1.12227e-21  1.91116e-29  1.51144e-22 -7.87734e-30 -6.44293e-23  1.53834e-30 -3.19271e-23  7.55031e-31 -4.13459e-24 -9.98021e-31  1.10091e-24  5.94102e-31  5.79317e-25 -2.35656e-31  9.81364e-26  6.90261e-32 -2.87138e-27 -1.44628e-32 -5.14721e-27  3.11589e-34 -1.18587e-27  1.15686e-33 -1.11611e-28  -2.4695e-34  8.77994e-30  -4.6392e-35  4.59502e-30  5.09859e-36  7.35215e-31  1.01862e-35  5.82023e-32 -3.56103e-36 -1.26759e-34  6.13125e-37 -6.26495e-34 -7.88682e-38 -8.11917e-35  1.34393e-39  -5.4991e-36  1.75618e-39 -1.85235e-37 -2.47486e-40  1.59497e-40  1.45943e-41  3.00225e-40 -1.02402e-42   9.0973e-42  3.61557e-44  8.61878e-44
 2.23361e-23 -6.48041e-38 -1.38938e-21  5.82394e-37  3.37969e-20  8.73804e-36  -4.9686e-19 -2.77073e-34   5.0952e-18  3.80232e-33 -3.91601e-17 -3.60077e-32  2.35307e-16   2.6536e-31 -1.13557e-15 -1.60607e-30  4.47933e-15  8.22385e-30 -1.46056e-14 -3.62752e-29   3.9618e-14  1.39428e-28 -8.95815e-14 -4.70369e-28  1.68443e-13  1.39874e-27 -2.61326e-13 -3.67373e-27  3.29207e-13   8.5217e-27 -3.26603e-13 -1.74177e-26   2.3918e-13  3.11994e-26 -1.07416e-13 -4.84599e-26  1.75469e-15  6.39089e-26  3.54993e-14  -6.8271e-26 -2.05516e-14  5.12915e-26 -1.75168e-15 -7.66717e-27  6.88374e-15 -5.72168e-26 -1.47092e-15   1.2648e-25 -1.60116e-15 -1.78348e-25  6.27949e-16  1.97099e-25  3.50684e-16 -1.81011e-25  -1.6379e-16  1.41634e-25 -8.26708e-17 -9.55882e-26  3.09522e-17  5.57184e-26  1.99666e-17 -2.74474e-26  -3.4293e-18  1.04717e-26 -4.20291e-18 -2.04342e-27 -1.94287e-19  -9.5573e-28  6.36238e-19  1.21386e-27  1.75288e-19 -6.16643e-28 -4.59587e-20  1.07121e-28 -3.47534e-20  9.84595e-29 -3.90095e-21 -1.08555e-28   2.7601e-21  6.06633e-29  1.18531e-21 -2.17171e-29  8.64001e-23  3.04655e-30 -7.50752e-23   2.7793e-30 -2.83707e-23 -2.99207e-30 -2.97649e-24  1.65842e-30  9.06892e-25  -6.1149e-31  4.13337e-25  1.62543e-31  6.69424e-26 -2.92652e-32 -1.92871e-28 -1.50165e-33 -2.50707e-27  3.10984e-33 -5.83588e-28 -4.28628e-34 -6.21713e-29 -1.91811e-34  2.45389e-31  2.49159e-35   1.2022e-30  2.13568e-35   2.0729e-31 -7.13425e-36  1.84476e-32  1.08688e-36  6.80512e-34 -1.19366e-37 -4.40688e-35  1.43192e-39 -7.89298e-36  2.06188e-39 -5.19109e-37 -2.65329e-40 -1.82033e-38  1.47999e-41 -2.66121e-40 -9.21197e-43  7.60302e-45  2.28046e-44
 5.15346e-38  8.40898e-22 -1.40436e-36 -2.97774e-20  8.73804e-36  5.52761e-19  1.04936e-34  -6.7598e-18   -2.826e-33  6.01057e-17  3.40301e-32 -4.10299e-16 -2.88842e-31  2.22359e-15  1.93775e-30 -9.77781e-15 -1.08086e-29  3.53868e-14  5.15264e-29 -1.06332e-13 -2.13392e-28  2.66431e-13   7.7541e-28 -5.56719e-13 -2.48678e-27  9.65627e-13  7.06059e-27 -1.37521e-12  -1.7767e-26  1.57466e-12  3.95991e-26 -1.39111e-12 -7.79779e-26   8.6182e-13  1.34985e-25 -2.60756e-13 -2.03512e-25 -1.06482e-13  2.62592e-25  1.55393e-13  -2.7952e-25 -4.63823e-14  2.22723e-25 -2.89439e-14 -8.19456e-26  2.36766e-14  -1.1668e-25  2.20284e-15   3.1482e-25 -6.92494e-15 -4.48273e-25  2.82256e-16  4.80471e-25  1.71384e-15 -4.19637e-25 -9.37782e-17  3.07673e-25 -3.90154e-16 -1.91592e-25 -8.08171e-18  1.00555e-25  7.80681e-17 -4.18149e-26  1.26261e-17  9.99002e-27 -1.18557e-17  3.40988e-27 -4.45361e-18 -6.07363e-27  8.96074e-19  4.12357e-27  8.66828e-19  -1.5636e-27  9.65457e-20   4.6621e-29 -8.41197e-20  4.09342e-28 -3.44571e-20 -3.39285e-28 -7.07345e-22  1.65394e-28  3.18802e-21 -5.14626e-29  9.89859e-22  4.24894e-30  2.85308e-23  8.30791e-30 -6.44749e-23 -7.74209e-30  -2.0307e-23  4.03147e-30 -1.90128e-24 -1.37759e-30  5.38409e-25  3.26125e-31  2.29406e-25 -4.73036e-32  3.68011e-26  -7.9859e-33  1.01305e-27  6.96191e-33 -8.51789e-28 -4.80448e-34 -2.08833e-28 -5.52221e-34 -2.42371e-29  6.83356e-35 -9.33048e-31  3.95341e-35  1.73356e-31 -1.22428e-35  3.59962e-32  1.62119e-36  3.35436e-33 -1.46809e-37  1.67481e-34  1.29285e-39  2.07832e-36  1.71262e-39  -2.8037e-37 -2.18741e-40 -1.87855e-38  1.22202e-41  -4.5854e-40 -5.92225e-43 -3.60574e-42
-3.18997e-22  1.44781e-36  2.01259e-20 -2.22505e-35  -4.9686e-19  1.04936e-34  7.41835e-18  1.04253e-33 -7.73154e-17 -2.42336e-32  6.04399e-16  2.58392e-31 -3.69718e-15 -1.97711e-30  1.81813e-14  1.21271e-29 -7.31615e-14 -6.25895e-29  2.43667e-13  2.78925e-28 -6.76127e-13  -1.0892e-27  1.56677e-12  3.75785e-27  -3.0262e-12 -1.15031e-26  4.83759e-12  3.12926e-26 -6.30786e-12 -7.56485e-26  6.52585e-12  1.62289e-25 -5.06023e-12 -3.08085e-25  2.52647e-12  5.14986e-25 -2.79354e-13 -7.51538e-25 -6.83521e-13  9.42819e-25  4.94786e-13   -9.858e-25 -1.84309e-14  7.96389e-25 -1.46066e-13  -3.6875e-25  5.01679e-14 -1.94381e-25  2.99494e-14  7.14443e-25 -1.85071e-14 -1.02472e-24 -5.87938e-15  1.05764e-24  4.84256e-15 -8.69423e-25  1.39279e-15  5.87314e-25  -1.0117e-15 -3.26903e-25 -3.81343e-16  1.43312e-25  1.54486e-16 -3.74821e-26  9.52035e-17  -1.1764e-26 -9.90881e-18  2.57553e-26 -1.77363e-17 -2.13218e-26 -2.48785e-18  1.12921e-26  1.93789e-18 -3.30996e-27  8.32265e-19 -5.03577e-28 -1.38056e-20  1.31732e-27  -9.8323e-20 -9.14265e-28 -2.66575e-20  3.96247e-28  1.63344e-21  -1.0658e-28  2.78375e-21   2.2812e-30  6.82335e-22  2.09761e-29  6.69703e-25 -1.76526e-29 -4.28387e-23  8.72389e-30 -1.19417e-23 -2.75558e-30 -1.10479e-24  5.65482e-31  2.29346e-25 -5.66336e-32  9.87303e-26 -2.42752e-32  1.60148e-26  1.33757e-32  8.75342e-28 -1.22218e-35 -1.85132e-28 -1.26733e-33 -5.24433e-29  1.40145e-34 -6.43799e-30  6.56442e-35 -3.88749e-31 -1.82678e-35  5.50955e-33  2.05724e-36  3.41503e-33 -1.43361e-37  3.28831e-34  9.31055e-40  1.65609e-35  7.13303e-40  4.15572e-37 -1.32536e-40  1.22317e-39  8.23495e-42 -1.29319e-40 -2.37993e-43
-8.39848e-37 -9.97673e-21  2.61065e-35  3.58562e-19 -2.77073e-34  -6.7598e-18  1.04253e-33  8.40153e-17  8.75885e-33 -7.59807e-16 -1.77684e-31  5.27982e-15  1.68771e-30 -2.91549e-14 -1.16862e-29  1.30765e-13  6.57578e-29 -4.83286e-13 -3.15235e-28  1.48507e-12  1.31945e-27 -3.81161e-12 -4.88472e-27  8.17514e-12   1.6092e-26 -1.45936e-11 -4.72683e-26  2.14693e-11  1.23768e-25 -2.55372e-11 -2.88459e-25  2.36722e-11   5.9704e-25  -1.5756e-11 -1.09377e-24  5.72799e-12  1.76472e-24  1.17127e-12 -2.48711e-24 -2.74717e-12   3.0184e-24  1.10929e-12 -3.06782e-24   3.8278e-13  2.44643e-24 -4.76666e-13 -1.21691e-24  1.93696e-14 -2.73081e-25  1.29996e-13  1.53374e-24 -2.32684e-14 -2.18407e-24 -3.13922e-14  2.14406e-24  6.52093e-15 -1.63262e-24  7.38961e-15  9.86785e-25 -9.62606e-16 -4.56909e-25   -1.628e-15  1.25744e-25 -3.20457e-17  3.84235e-26  2.93962e-16 -9.49425e-26  6.18443e-17  9.03688e-26 -3.41824e-17 -5.90528e-26 -1.73104e-17  2.65395e-26  4.49625e-19 -5.80449e-27  2.36436e-18 -2.52738e-27  5.95582e-19   3.5751e-27 -9.20455e-20  -2.1769e-27 -8.66012e-20  8.46612e-28 -1.67631e-20 -1.94693e-28  2.32706e-21 -8.61122e-30  1.93846e-21  4.58103e-29   3.9997e-22 -3.60152e-29 -3.88649e-24  1.70813e-29 -2.24003e-23 -4.97515e-30 -5.78539e-24  8.49234e-31 -5.66928e-25 -3.11694e-32  6.54499e-26 -5.75184e-32  3.22438e-26  2.24608e-32   5.3492e-27  1.59168e-33  4.00117e-28 -2.44858e-33 -1.81171e-29   2.3216e-34 -8.62927e-30  9.86642e-35 -1.11187e-30 -2.38995e-35 -7.70168e-32  2.22363e-36 -2.11287e-33 -1.00486e-37  1.20077e-34  2.50878e-40   1.4746e-35 -5.32505e-40  6.38166e-37 -4.97471e-41  1.22641e-38   4.3823e-42  6.53128e-41
  3.1735e-21 -2.01499e-35 -2.03214e-19  3.52371e-34   5.0952e-18   -2.826e-33 -7.73154e-17  8.75885e-33  8.19565e-16    6.313e-32 -6.52166e-15 -1.12501e-30  4.06457e-14  9.54574e-30 -2.03852e-13 -5.99098e-29  8.37554e-13  3.09952e-28 -2.85191e-12  -1.3858e-27   8.1029e-12  5.48166e-27 -1.92619e-11 -1.93861e-26   3.8255e-11  6.14685e-26 -6.30765e-11 -1.74529e-25  8.52126e-11   4.4251e-25  -9.1995e-11  -9.9873e-25  7.54953e-11        2e-24 -4.15497e-11 -3.54028e-24  8.11009e-12  5.51112e-24    8.838e-12 -7.48446e-24 -8.19148e-12  8.74602e-24  1.23736e-12 -8.56355e-24  2.08297e-12  6.60848e-24 -1.05371e-12 -3.26963e-24 -3.43441e-13 -4.12559e-25  3.54167e-13  3.23086e-24  4.98881e-14 -4.43371e-24 -9.24113e-14  4.06573e-24 -1.11746e-14 -2.80078e-24  2.06342e-14  1.43335e-24  4.02303e-15 -4.41668e-25 -3.74045e-15 -9.52308e-26 -1.32334e-15  3.04621e-25  4.41456e-16 -3.24274e-25  3.12448e-16  2.46872e-25 -7.50284e-20 -1.40762e-25 -4.59704e-17  5.49932e-26 -1.17876e-17  -7.9164e-27  2.63377e-18 -8.08313e-27  2.10592e-18  8.49898e-27  3.20546e-19 -4.65321e-27 -1.12439e-19  1.63006e-27 -6.13277e-20  -3.1503e-28 -8.90176e-21 -3.63815e-29  1.84786e-21  8.78128e-29  1.10353e-21 -6.65579e-29  2.02697e-22   3.0662e-29 -7.68129e-25 -8.21537e-30 -9.18831e-24  1.08981e-30 -2.28231e-24  7.13796e-32 -2.42639e-25 -1.15633e-31  9.24162e-27  3.33166e-32  7.65451e-27  5.02771e-33  1.31611e-27 -4.10015e-33  1.14907e-28  3.19255e-34  2.13082e-30  1.35035e-34 -8.00605e-31 -2.75232e-35 -1.15086e-31  2.02816e-36 -8.04612e-33 -2.64157e-38 -2.98354e-34 -8.15054e-40 -2.96369e-36 -1.46156e-39  1.85789e-37  -6.2531e-43  5.81391e-39  1.61797e-42
 9.65478e-36  8.59378e-20 -3.15725e-34 -3.13692e-18  3.80232e-33  6.01057e-17 -2.42336e-32 -7.59807e-16    6.313e-32  6.99455e-15  3.93487e-31 -4.95186e-14 -6.16964e-30  2.78853e-13  4.66909e-29 -1.27685e-12 -2.65111e-28  4.82362e-12  1.26196e-27 -1.51725e-11 -5.28915e-27  3.99299e-11  1.99593e-26 -8.79978e-11 -6.82369e-26  1.61842e-10   2.1075e-25 -2.46203e-10 -5.84399e-25  3.04495e-10   1.4461e-24 -2.96276e-10 -3.17774e-24  2.11403e-10   6.1765e-24  -8.9554e-11 -1.05769e-23 -4.64457e-12  1.58761e-23   3.4762e-11 -2.07228e-23 -1.82752e-11  2.31999e-23 -2.76848e-12 -2.16876e-23  6.77389e-12  1.59023e-23 -1.17282e-12 -7.37968e-24   -1.687e-12 -1.09305e-24  5.83227e-13  6.85766e-24  3.86675e-13  -8.7092e-24 -1.60795e-13  7.29578e-24 -9.30102e-14 -4.39349e-24  3.11302e-14  1.68363e-24  2.26247e-14  4.03242e-26 -3.33903e-15 -8.18108e-25 -4.79427e-15  9.97714e-25  -3.0365e-16 -8.60411e-25  7.29571e-16  5.82104e-25  2.15307e-16 -2.99134e-25 -5.13312e-17  1.01667e-25 -4.21211e-17 -6.19229e-27 -5.22661e-18 -2.08042e-26  3.28279e-18  1.80742e-26  1.48781e-18 -9.02984e-27  1.24905e-19  2.85029e-27 -9.06489e-20 -4.51501e-28 -3.61328e-20 -8.71117e-29 -4.17061e-21   1.4894e-28  1.04569e-21 -1.12579e-28  5.17771e-22  5.10281e-29  8.88335e-23 -1.25489e-29  1.28602e-24   1.1392e-30 -2.89116e-24  3.05235e-31 -7.15467e-25 -2.04832e-31 -8.18674e-26   4.3846e-32  -1.2406e-27  1.07746e-32  1.21632e-27 -6.05801e-33  2.25626e-28  3.64966e-34  2.10421e-29  1.69123e-34  9.30497e-31 -2.79096e-35 -2.19345e-32  1.51908e-36 -6.07132e-33  5.55499e-38 -4.03745e-34 -2.04618e-39 -1.32461e-35 -1.72245e-39  -1.8751e-37  1.28412e-41 -3.62584e-40
-2.36263e-20  2.04472e-34  1.53665e-18 -3.75199e-33 -3.91601e-17  3.40301e-32  6.04399e-16 -1.77684e-31 -6.52166e-15  3.93487e-31  5.28713e-14  2.12335e-30 -3.36024e-13 -2.91272e-29  1.72036e-12  1.94735e-28  -7.2239e-12 -9.91464e-28  2.51728e-11  4.33189e-27 -7.33092e-11 -1.71589e-26  1.78961e-10  6.28599e-26 -3.65862e-10  -2.1219e-25  6.22899e-10  6.50829e-25  -8.7274e-10 -1.78895e-24  9.83977e-10  4.36448e-24 -8.54364e-10 -9.39608e-24  5.14935e-10  1.77831e-23 -1.40789e-10 -2.94853e-23 -7.97482e-11  4.26252e-23  1.00328e-10 -5.33028e-23 -2.65022e-11  5.68373e-23 -2.09471e-11 -5.02129e-23  1.54877e-11  3.42727e-23  2.08346e-12 -1.39239e-23 -4.81236e-12 -4.12693e-24  6.85579e-14   1.4747e-23  1.23955e-12 -1.66875e-23 -4.29338e-14  1.24763e-23 -2.90455e-13 -6.24306e-24 -1.04632e-14  1.18065e-24  5.95353e-14  1.62023e-24  1.04201e-14 -2.60079e-24 -9.23756e-15  2.54597e-24 -3.62119e-15 -1.97942e-24  7.03205e-16  1.23203e-24  7.14195e-16 -5.76744e-25  8.33276e-17  1.68217e-25 -7.02528e-17  6.62652e-27 -2.94949e-17 -4.61299e-26 -7.29299e-19  3.48441e-26  2.74159e-18 -1.60419e-26  8.70893e-19  4.55266e-27  2.99426e-20 -5.70486e-28 -5.58064e-20 -1.56498e-28 -1.80458e-20  2.23953e-28 -1.80127e-21 -1.75919e-28  4.43223e-22  7.95052e-29    1.992e-22 -1.79143e-29  3.31054e-23  8.10069e-31   1.2571e-24  7.24015e-31 -6.64086e-25 -3.26357e-31 -1.71767e-25  5.10717e-32 -2.07088e-26  1.87439e-32 -9.77031e-28 -7.99574e-33  1.04687e-28  3.36991e-34  2.47597e-29  1.94829e-34  2.34988e-30 -2.48314e-35  1.21182e-31  8.68091e-37  2.32555e-33   1.1806e-37 -1.01642e-34 -2.91317e-39 -7.22991e-36 -1.37496e-39 -1.41798e-37  7.74723e-42
-8.52092e-35 -5.67398e-19  2.85752e-33   2.1052e-17 -3.60077e-32 -4.10299e-16  2.58392e-31  5.27982e-15 -1.12501e-30 -4.95186e-14  2.12335e-30  3.57491e-13  9.83075e-30 -2.05492e-12 -1.15615e-28  9.61547e-12  6.63015e-28 -3.71677e-11 -2.93837e-27  1.19798e-10  1.16438e-26 -3.23624e-10  -4.4437e-26  7.33646e-10  1.64873e-25 -1.39172e-09 -5.74691e-25   2.1917e-09  1.81164e-24 -2.82115e-09 -5.04606e-24  2.88275e-09  1.22922e-23 -2.20138e-09 -2.60975e-23  1.06441e-09   4.8227e-23  -7.5955e-11 -7.74348e-23 -3.29425e-10  1.07603e-22  2.23552e-10 -1.28377e-22 -5.64232e-13  1.29458e-22 -7.14555e-11 -1.06739e-22  2.28047e-11  6.59882e-23  1.55427e-11  -2.0744e-23 -9.08438e-12 -1.45691e-23 -3.17343e-12  3.16588e-23  2.49027e-12 -3.11829e-23  7.62958e-13  2.03788e-23 -5.40475e-13 -7.80794e-24 -2.11236e-13 -1.13962e-24  8.56666e-14  5.40571e-24  5.39067e-14 -6.39396e-24 -5.79092e-15    5.657e-24 -1.03513e-14 -4.11069e-24 -1.43622e-15  2.38549e-24  1.17342e-15  -1.0187e-24  5.02213e-16  2.47952e-25 -1.10097e-17  4.26159e-26 -6.13764e-17 -9.08441e-26 -1.65549e-17  6.14522e-26  1.09547e-18 -2.62596e-26  1.77656e-18  6.67026e-27  4.35177e-19 -6.28973e-28  3.81538e-22 -2.18036e-28 -2.74531e-20  2.96698e-28 -7.69083e-21 -2.56213e-28 -7.31081e-22  1.16964e-28  1.39303e-22 -2.41264e-29  6.17478e-23 -7.61378e-32  1.01717e-23  1.36137e-30  6.10361e-25 -4.73485e-31 -9.93738e-26  5.19839e-32 -2.99374e-26  2.80621e-32 -3.72872e-27 -9.51735e-33 -2.36881e-28  2.25409e-34 -8.77796e-32  2.07659e-34  1.47914e-30 -1.92058e-35  1.44076e-31  2.81972e-37   6.9895e-33  1.43383e-37  1.68635e-34 -2.95263e-39  1.05504e-36  -7.7419e-40 -1.51725e-38
 1.37291e-19  -1.6271e-33   -9.077e-18  3.05398e-32  2.35307e-16 -2.88842e-31 -3.69718e-15  1.68771e-30  4.06457e-14 -6.16964e-30 -3.36024e-13  9.83075e-30  2.17991e-12  3.78929e-29 -1.14043e-11 -3.59028e-28  4.89927e-11  1.58353e-27 -1.74904e-10 -5.28412e-27  5.22673e-10  1.75598e-26 -1.31181e-09 -7.12806e-26  2.76382e-09  3.19039e-25 -4.86452e-09 -1.30562e-24  7.07652e-09  4.53405e-24  -8.3394e-09 -1.32287e-23  7.66055e-09   3.2658e-23 -5.03079e-09 -6.87908e-23  1.74832e-09  1.24326e-22  4.79405e-10 -1.93136e-22 -9.46979e-10  2.57235e-22  3.64236e-10 -2.91305e-22   1.4632e-10  2.75395e-22 -1.69801e-10 -2.08462e-22  4.37156e-12  1.11855e-22  4.85281e-11 -1.86034e-23 -8.42202e-12   -4.401e-23 -1.21226e-11  6.63265e-23  2.54067e-12 -5.64831e-23  2.93979e-12  3.17433e-23 -4.04403e-13  -7.9304e-24 -6.69685e-13  -7.0577e-24 -7.31811e-15  1.31577e-23  1.26003e-13 -1.36781e-23  2.54115e-14  1.13941e-23 -1.55059e-14 -7.85381e-24 -7.59001e-15  4.27046e-24  3.16057e-16 -1.65785e-24  1.09507e-15  3.20468e-25  2.65145e-16  1.18134e-25 -4.75449e-17 -1.61569e-25 -4.11354e-17  9.98052e-26 -7.66634e-18 -3.98051e-26  1.21779e-18  8.98524e-27  9.40951e-19 -5.95238e-28   1.8985e-19 -2.12089e-28 -2.92754e-21   3.3906e-28 -1.09251e-20   -3.508e-28  -2.7824e-21  1.63624e-28 -2.71618e-22 -3.09134e-29  3.02297e-23 -1.62523e-30  1.49487e-23  2.21036e-30  2.47358e-24 -6.30264e-31  1.89372e-25  4.46687e-32 -6.14869e-27  3.71476e-32 -3.48099e-27  -1.0304e-32 -4.47298e-28  5.23519e-35 -3.08345e-29  2.06106e-34 -9.36199e-31 -1.26553e-35  2.75928e-32 -9.82643e-38  3.87581e-33  1.31058e-37  1.49751e-34 -2.19123e-39  2.22783e-36 -2.76177e-40
 6.05079e-34  2.96885e-18  -2.0643e-32 -1.12062e-16   2.6536e-31  2.22359e-15 -1.97711e-30 -2.91549e-14  9.54574e-30  2.78853e-13 -2.91272e-29 -2.05492e-12  3.78929e-29  1.20698e-11  1.10623e-28 -5.77767e-11 -6.33034e-28  2.28767e-10   3.3775e-28 -7.56437e-10  8.69721e-27  2.10005e-09 -4.48646e-26 -4.90314e-09  8.87067e-26  9.60539e-09  1.85697e-25 -1.56782e-08 -2.21599e-24  2.10265e-08  1.01286e-23 -2.25776e-08 -3.25698e-23  1.84285e-08  8.27648e-23 -1.00238e-08  -1.7368e-22  1.77152e-09  3.06954e-22  2.37422e-09 -4.60376e-22 -2.12088e-09  5.85508e-22  2.94485e-10 -6.25553e-22  5.71238e-10  5.48524e-22 -2.86501e-10 -3.72545e-22 -9.75732e-11  1.60133e-22  1.01177e-10  1.69653e-23    1.409e-11 -1.15213e-22 -2.74777e-11   1.3298e-22 -3.07346e-12 -9.83628e-23  6.39542e-12  4.69855e-23   1.1582e-12 -4.63424e-24  -1.2203e-12 -1.92054e-23 -4.07447e-13  2.74103e-23  1.56268e-13 -2.65472e-23  1.02594e-13  2.11953e-23 -2.50996e-15 -1.39482e-23  -1.6161e-14  7.11575e-24 -3.83192e-15 -2.49446e-24  1.05465e-15  3.48557e-25  7.54376e-16  2.50786e-25  1.02901e-16 -2.62221e-25 -4.48706e-17  1.50003e-25 -2.25604e-17 -5.60757e-26 -3.01306e-18   1.1125e-26  7.64377e-19 -4.77214e-28   4.1638e-19 -4.21507e-29  7.32995e-20  3.14414e-28 -1.01487e-21 -4.55354e-28 -3.49293e-21  2.18836e-28 -8.39892e-22 -3.79498e-29 -8.70966e-23 -3.81203e-30  3.41732e-24  3.21008e-30  2.68882e-24 -7.73274e-31  4.52902e-25  2.92659e-32  3.91179e-26   4.4118e-32  8.55077e-28 -1.02398e-32 -2.27148e-28 -1.34541e-34 -3.23132e-29  1.91654e-34 -2.16368e-30 -6.76725e-36 -7.67021e-32 -2.46812e-37 -9.06248e-34  9.52831e-38  2.31943e-35 -1.14182e-39  5.12098e-37
-6.39546e-19  1.05755e-32  4.30214e-17 -2.01441e-31 -1.13557e-15  1.93775e-30  1.81813e-14 -1.16862e-29 -2.03852e-13  4.66909e-29  1.72036e-12 -1.15615e-28 -1.14043e-11  1.10623e-28  6.10335e-11   1.4466e-28 -2.68558e-10  1.70699e-27  9.83394e-10   -2.457e-26 -3.01922e-09  1.44314e-25  7.80051e-09 -5.44467e-25 -1.69588e-08   1.4011e-24  3.08964e-08 -2.06864e-24 -4.67226e-08 -1.28372e-24  5.76076e-08  1.98833e-23  -5.5992e-08 -7.62956e-23    3.991e-08  2.02224e-22 -1.67323e-08 -4.23095e-22 -1.29357e-09  7.29641e-22  7.04044e-09 -1.05314e-21 -3.68612e-09  1.27337e-21 -5.97437e-10 -1.27472e-21  1.43617e-09  1.02314e-21 -2.59134e-10 -6.02222e-22 -3.68342e-10  1.69257e-22   1.3532e-10   1.3775e-22  8.61018e-11 -2.67089e-22 -3.92432e-11   2.5193e-22 -2.12525e-11 -1.63499e-22   8.1378e-12  6.59152e-23  5.40043e-12  4.82164e-24 -1.01602e-12 -4.09771e-23 -1.21453e-12   5.1431e-23 -3.96243e-14  -4.7654e-23  1.99559e-13  3.67746e-23  5.26348e-14 -2.31714e-23 -1.63893e-14  1.10883e-23 -1.15553e-14 -3.47669e-24 -1.13014e-15  2.80546e-25  1.01571e-15  4.53806e-25  4.16231e-16 -3.91043e-25  2.53261e-17  2.09373e-25 -2.86998e-17 -7.35686e-26 -1.04611e-17   1.2599e-26 -1.04745e-18 -3.46339e-28  3.49488e-19  4.15892e-28   1.5482e-19  1.85772e-28  2.50331e-20 -5.64859e-28  5.92683e-23   2.8078e-28 -8.75774e-22 -4.48636e-29 -2.05492e-22  -6.4513e-30 -2.26017e-23  4.24738e-30 -2.77402e-25 -8.76761e-31  3.29565e-25  8.29608e-33  5.85674e-26    4.739e-32  5.27039e-27 -9.44562e-33  2.29384e-28 -2.82663e-34 -3.72897e-30  1.67634e-34 -1.16281e-30 -2.50424e-36 -7.07866e-32 -2.30834e-37 -2.00593e-33  5.50497e-38 -2.19204e-35 -3.57861e-40
-3.55849e-33 -1.25791e-17  1.23397e-31  4.83518e-16 -1.60607e-30 -9.77781e-15  1.21271e-29  1.30765e-13 -5.99098e-29 -1.27685e-12  1.94735e-28  9.61547e-12 -3.59028e-28 -5.77767e-11   1.4466e-28   2.8327e-10 -9.51228e-28 -1.15032e-09  2.44454e-26  3.90703e-09 -1.88119e-25 -1.11618e-08  8.93548e-25  2.68753e-08  -3.0481e-24 -5.44445e-08  7.70038e-24  9.22269e-08 -1.34961e-23 -1.29024e-07  9.93639e-24  1.45694e-07  3.31677e-23 -1.27001e-07 -1.72735e-22  7.68961e-08  4.80567e-22 -2.08405e-08 -9.99035e-22 -1.27646e-08  1.67435e-21  1.60148e-08 -2.31656e-21 -4.34625e-09   2.6505e-21 -3.42868e-09 -2.46751e-21  2.65049e-09  1.78281e-21  3.11873e-10  -8.5715e-22  -8.5023e-10  4.05155e-23  3.41826e-11  4.37093e-22   2.2606e-10 -5.57518e-22 -1.55078e-11  4.47922e-22 -5.51974e-11 -2.58234e-22   8.7325e-14  8.78647e-23  1.19893e-11  2.33195e-23  1.63226e-12 -7.60539e-23  -2.0258e-12  8.89075e-23  -6.9062e-13 -7.99203e-23  1.88014e-13  5.98548e-23  1.52893e-13 -3.61596e-23   1.2099e-14  1.62193e-23 -1.71412e-14 -4.49161e-24 -6.31178e-15  5.99095e-26   1.0014e-16  7.29293e-25  6.76128e-16 -5.38422e-25  1.91633e-16  2.72042e-25  3.38116e-19 -8.98847e-26 -1.42893e-17  1.28644e-26 -4.17592e-18 -3.41884e-28  -3.4147e-19   1.2896e-27  1.22657e-19 -7.33046e-29  4.80342e-20 -6.74332e-28  7.42581e-21  3.46135e-28  1.92852e-22 -5.12175e-29 -1.64244e-22 -9.21316e-30 -3.91127e-23  5.17686e-30 -4.47254e-24 -9.19951e-31 -1.94401e-25 -1.38832e-32  2.24473e-26    4.622e-32  4.87313e-27  -8.2036e-33  4.34236e-28 -3.57479e-34  2.09828e-29  1.37892e-34  3.91717e-31 -4.95193e-38 -1.18249e-32 -1.47485e-37 -7.25996e-34  2.41856e-38 -8.65441e-36
 2.43002e-18 -5.75788e-32 -1.66489e-16  1.11224e-30  4.47933e-15 -1.08086e-29 -7.31615e-14  6.57578e-29  8.37554e-13 -2.65111e-28  -7.2239e-12  6.63015e-28  4.89927e-11 -6.33034e-28 -2.68558e-10 -9.51228e-28  1.21191e-09 -1.00444e-26 -4.55781e-09  1.56512e-25  1.43962e-08 -9.91417e-25  -3.8341e-08  4.19274e-24  8.61349e-08 -1.32316e-23 -1.62662e-07  3.19485e-23  2.56051e-07  -5.6694e-23 -3.30672e-07  5.80874e-23  3.40182e-07  4.31405e-23 -2.62407e-07 -3.84266e-22  1.28573e-07  1.11662e-21 -9.26961e-09 -2.28988e-21 -4.14783e-08  3.71035e-21  2.90772e-08 -4.90031e-21 -5.34081e-10  5.28091e-21 -9.49917e-09 -4.53512e-21  3.34693e-09  2.88475e-21  2.05742e-09 -1.00207e-21 -1.36458e-09 -4.17349e-22 -4.09056e-10  1.06096e-21  3.89705e-10 -1.06007e-21  9.89031e-11  7.45105e-22 -8.99333e-11 -3.87139e-22 -2.94414e-11  1.12853e-22  1.58102e-11  5.24084e-23  8.29174e-12 -1.27455e-22 -1.49009e-12  1.43292e-22 -1.76891e-12 -1.25954e-22 -1.59447e-13  9.17187e-23  2.30393e-13 -5.31757e-23  8.32075e-14  2.23431e-23  -6.9859e-15 -5.37548e-24 -1.19267e-14 -3.59034e-25 -2.72969e-15  1.06313e-24  3.71284e-16 -6.86892e-25  3.55296e-16  3.29393e-25  7.58003e-17 -1.01942e-25 -3.25662e-18  1.13965e-26 -5.78192e-18  -6.4553e-28 -1.44505e-18  2.67486e-27 -1.09323e-19 -4.68599e-28  3.29606e-20 -7.78888e-28  1.22012e-20  4.09874e-28  1.84902e-21 -5.64953e-29  9.08608e-23 -1.16825e-29 -2.09347e-23  5.85427e-30 -5.47249e-24 -8.93961e-31 -6.35441e-25 -3.23761e-32 -3.74225e-26  4.09523e-32  1.09052e-28 -6.82018e-33   2.2015e-28 -3.54901e-34  1.92953e-29  1.06031e-34  8.29744e-31  9.60875e-37  1.70135e-32 -6.88058e-38  8.65734e-35  7.03836e-39
 1.76621e-32  4.37655e-17 -6.24177e-31 -1.71505e-15  8.22385e-30  3.53868e-14 -6.25895e-29 -4.83286e-13  3.09952e-28  4.82362e-12 -9.91464e-28 -3.71677e-11  1.58353e-27  2.28767e-10  1.70699e-27 -1.15032e-09 -1.00444e-26  4.79752e-09  -6.0571e-26 -1.67612e-08  7.72647e-25  4.93463e-08 -4.33319e-24 -1.22713e-07  1.67602e-23  2.57451e-07 -4.93196e-23 -4.53265e-07  1.12951e-22  6.62345e-07 -1.95164e-22 -7.87265e-07  2.14162e-22  7.32535e-07  3.02958e-23 -4.89935e-07 -8.51175e-22  1.75669e-07  2.53932e-21  4.59467e-08  -5.0884e-21 -9.75596e-08  7.92806e-21  4.02788e-08 -9.95627e-21  1.43702e-08  1.00618e-20 -1.89715e-08 -7.90022e-21  1.24352e-09  4.28477e-21  5.48727e-09 -7.33043e-22 -1.25628e-09 -1.52264e-21 -1.39303e-09   2.2065e-21   3.9373e-10 -1.85027e-21  3.50548e-10  1.15848e-21 -7.51589e-11 -5.52495e-22 -8.53298e-11  1.44373e-22  4.79224e-12  8.99785e-23  1.76539e-11  -1.9623e-22  2.47714e-12  2.16835e-22  -2.5185e-12 -1.87192e-22 -9.95141e-13  1.32639e-22  1.21831e-13 -7.38833e-23  1.69839e-13  2.90782e-23  3.23408e-14 -5.94668e-24 -1.03062e-14 -9.94039e-25 -6.46111e-15  1.42481e-24   -9.437e-16 -8.14196e-25  2.75038e-16  3.71481e-25  1.54744e-16 -1.06376e-25  2.64326e-17  7.74697e-27 -1.83639e-18 -1.42741e-27 -1.92352e-18  4.59933e-27 -4.31324e-19 -9.79547e-28 -3.37841e-20 -8.73244e-28  6.48994e-21  4.65465e-28  2.45757e-21 -6.01306e-29  3.69258e-22 -1.34466e-29   2.4642e-23  6.17235e-30 -1.35691e-24 -8.05314e-31 -5.17126e-25 -4.33411e-32 -6.01981e-26  3.28737e-32 -3.79248e-27 -5.50962e-33 -1.01357e-28 -2.97166e-34  3.17497e-30  7.52805e-35  3.55645e-31  1.08018e-36  1.07662e-32 -2.25365e-38  9.46994e-35
-7.61372e-18  2.66999e-31  5.31935e-16 -5.24472e-30 -1.46056e-14  5.15264e-29  2.43667e-13 -3.15235e-28 -2.85191e-12  1.26196e-27  2.51728e-11 -2.93837e-27 -1.74904e-10   3.3775e-28  9.83394e-10  2.44454e-26 -4.55781e-09  -6.0571e-26  1.76313e-08 -2.91431e-25 -5.73802e-08  3.26488e-24  1.57776e-07 -1.66495e-23 -3.66844e-07  5.95989e-23  7.19217e-07 -1.64194e-22 -1.18024e-06  3.55629e-22  1.59851e-06 -5.89132e-22  -1.7416e-06  6.44449e-22  1.45077e-06 -4.13706e-23 -8.13695e-07 -1.88748e-21  1.58961e-07  5.63568e-21  1.90776e-07 -1.09287e-20  -1.8396e-07  1.62943e-20   3.2272e-08 -1.93928e-20  4.87512e-08  1.83033e-20 -2.82048e-08 -1.30055e-20 -7.49732e-09  5.71243e-21  1.00675e-08  5.07447e-22  7.40163e-10 -3.73618e-21 -2.82124e-09  4.09647e-21 -1.17994e-10 -2.97876e-21  6.94406e-10  1.68349e-21   7.4053e-11 -7.56111e-22 -1.45168e-10  1.93826e-22 -3.59866e-11  1.27618e-22  2.19924e-11 -2.80161e-22  1.09642e-11  3.09487e-22 -1.26348e-12  -2.6293e-22  -2.0352e-12  1.81332e-22 -3.48873e-13 -9.72121e-23  1.76969e-13  3.58697e-23  9.35434e-14 -6.05492e-24  7.55867e-15 -1.82316e-24 -7.30164e-15  1.77406e-24 -2.88997e-15 -8.99166e-25 -2.60201e-16  3.89142e-25  1.36986e-16 -1.00069e-25  5.70675e-17  1.58538e-27  8.29973e-18 -2.77802e-27 -6.02159e-19  6.99599e-27 -5.22735e-19  -1.5601e-27 -1.09069e-19 -9.51253e-28 -9.32617e-21  5.05632e-28   8.2354e-22 -6.15918e-29  3.73941e-22 -1.41873e-29  5.59913e-23  6.08638e-30  4.30424e-24 -6.74187e-31  4.77307e-26 -4.52416e-32 -2.82056e-26  2.37525e-32  -3.4084e-27  -4.3553e-33 -2.01476e-28 -2.17108e-34 -6.15483e-30  4.84423e-35 -5.66079e-32  7.95054e-37  1.21281e-33 -4.40609e-39
-7.49167e-32 -1.26088e-16  2.71116e-30    5.044e-15 -3.62752e-29 -1.06332e-13  2.78925e-28  1.48507e-12  -1.3858e-27 -1.51725e-11  4.33189e-27  1.19798e-10 -5.28412e-27 -7.56437e-10   -2.457e-26  3.90703e-09  1.56512e-25 -1.67612e-08 -2.91431e-25  6.03333e-08 -1.21414e-24 -1.83349e-07  1.22923e-23  4.71686e-07  -5.7758e-23 -1.02657e-06  1.92605e-22  1.88153e-06 -4.98058e-22 -2.87621e-06  1.01902e-21   3.6026e-06 -1.60624e-21 -3.57786e-06  1.69768e-21  2.62844e-06 -2.10731e-22 -1.16263e-06 -4.17268e-21  -4.6237e-08  1.21438e-20  4.80337e-07 -2.26028e-20 -2.79058e-07  3.21262e-20 -2.79259e-08 -3.61389e-20  1.07006e-07  3.17294e-20  -2.6411e-08 -2.01481e-20 -2.68175e-08  6.50248e-21  1.28391e-08  3.59749e-21  6.11837e-09 -7.63249e-21 -3.86275e-09  6.92055e-21 -1.54388e-09 -4.43366e-21   8.8288e-10  2.28755e-21  4.28417e-10 -1.00439e-21 -1.40292e-10   2.8553e-22 -1.09137e-10  1.48805e-22  6.67013e-12 -3.73047e-22  2.08878e-11  4.17955e-22  3.77131e-12  -3.4949e-22 -2.26228e-12  2.34636e-22 -1.14317e-12 -1.21384e-22 -2.55055e-14  4.20912e-23  1.29316e-13 -5.63249e-24  4.11515e-14 -2.78379e-24 -4.06472e-16  2.07327e-24  -3.7841e-15   -9.288e-25 -1.10209e-15  3.76242e-25 -5.76202e-17 -8.07526e-26  5.24117e-17 -7.26074e-27  1.79302e-17 -4.64935e-27  2.36381e-18  9.69724e-27 -1.24137e-19 -2.14596e-27 -1.13539e-19 -1.00619e-27  -2.2655e-20  5.23672e-28 -2.10852e-21 -6.05093e-29  3.37477e-23 -1.37526e-29  3.98117e-23  5.62132e-30  6.02296e-24 -5.27872e-31  4.80833e-25 -3.92244e-32   1.7308e-26  1.52677e-32 -5.24113e-28 -3.34902e-33 -9.45973e-29  -1.4185e-34 -4.69286e-30  2.75431e-35 -1.02327e-31  4.31086e-37 -6.45219e-34
 1.97876e-17 -1.06623e-30 -1.41176e-15  2.13975e-29   3.9618e-14 -2.13392e-28 -6.76127e-13  1.31945e-27   8.1029e-12 -5.28915e-27 -7.33092e-11  1.16438e-26  5.22673e-10  8.69721e-27 -3.01922e-09 -1.88119e-25  1.43962e-08  7.72647e-25 -5.73802e-08 -1.21414e-24  1.92745e-07 -4.53108e-24 -5.48141e-07  4.20812e-23   1.3214e-06 -1.83607e-22 -2.69436e-06  5.72788e-22  4.61719e-06  -1.3929e-21 -6.56813e-06  2.69109e-21  7.58514e-06 -4.01937e-21 -6.81383e-06   4.0347e-21   4.3133e-06 -4.57799e-22  -1.3096e-06 -9.09672e-21 -6.43177e-07  2.52603e-20  9.45839e-07 -4.48589e-20 -3.12315e-07  6.06197e-20  -1.8487e-07 -6.43168e-20  1.77883e-07  5.23192e-20   5.8103e-09 -2.92015e-20 -5.66873e-08  5.41878e-21  7.42767e-09  9.73794e-21  1.53014e-08 -1.38029e-20  -2.6487e-09  1.07442e-20 -3.92509e-09 -6.10078e-21  4.23446e-10  2.90803e-21  9.34308e-10 -1.31584e-21   3.4152e-11  4.59881e-22 -1.82036e-10  1.29426e-22 -4.20075e-11 -4.65116e-22  2.26094e-11  5.35273e-22  1.23054e-11 -4.39902e-22 -2.01354e-13  2.87605e-22 -1.76099e-12 -1.44136e-22 -4.78079e-13  4.71798e-23  6.37423e-14 -4.73039e-24  6.95252e-14 -3.78365e-24  1.49352e-14  2.30181e-24 -1.44151e-15 -9.03978e-25 -1.57364e-15  3.31416e-25 -3.65865e-16  -4.7607e-26  -1.1276e-17 -1.87516e-26   1.5925e-17 -6.82913e-27  4.76859e-18  1.24539e-26  6.00699e-19 -2.66595e-27 -1.12387e-20 -1.03201e-27 -1.89427e-20  5.14997e-28 -3.70144e-21 -5.67952e-29 -3.63142e-22 -1.21941e-29 -9.49315e-24  4.86039e-30  2.55658e-24 -3.92096e-31  4.18135e-25 -2.84643e-32  3.21654e-26  8.55735e-33  1.32285e-27 -2.46085e-33  1.73327e-29 -8.47415e-35 -7.62047e-31   1.3343e-35 -2.81071e-32  1.56436e-37
 2.73723e-31  3.01933e-16 -1.02114e-29 -1.23498e-14  1.39428e-28  2.66431e-13  -1.0892e-27 -3.81161e-12  5.48166e-27  3.99299e-11 -1.71589e-26 -3.23624e-10  1.75598e-26  2.10005e-09  1.44314e-25 -1.11618e-08 -9.91417e-25  4.93463e-08  3.26488e-24 -1.83349e-07 -4.53108e-24   5.7623e-07 -1.54208e-23 -1.53653e-06  1.32567e-22  3.47564e-06 -5.39866e-22 -6.64414e-06  1.58031e-21  1.06435e-05 -3.61948e-21 -1.40684e-05  6.60397e-21  1.49171e-05 -9.32413e-21 -1.19887e-05  8.79206e-21  6.28938e-06 -5.47182e-22  -7.8011e-07 -1.93087e-20 -1.88343e-06  5.04645e-20   1.5287e-06 -8.51944e-20 -1.44812e-07  1.09275e-19 -4.73279e-07 -1.09166e-19  2.19412e-07  8.19144e-20  9.16324e-08 -3.92518e-20  -8.6709e-08   5.4398e-22 -1.48747e-08  2.03369e-20   2.5494e-08 -2.26825e-20  3.34243e-09  1.54025e-20 -6.34576e-09 -7.73685e-21  -1.2433e-09  3.46035e-21  1.28779e-09   -1.728e-21  4.51111e-10  7.71522e-22 -1.74172e-10  4.17952e-23 -1.19152e-10 -5.44786e-22  2.50502e-12  6.51136e-22   1.9593e-11 -5.24358e-22   4.8657e-12  3.34121e-22 -1.28165e-12 -1.63091e-22 -9.74253e-13  5.07617e-23 -1.46004e-13 -3.52741e-24  5.52516e-14 -4.71976e-24  3.01943e-14   2.4662e-24  4.58639e-15 -8.41334e-25 -8.40008e-16  2.58816e-25 -5.42677e-16 -1.76617e-27 -1.06967e-16 -3.25672e-26  -2.6652e-18 -8.96405e-27  3.83437e-18  1.49765e-26  1.05336e-18 -3.05438e-27  1.30857e-19 -1.02523e-27  2.08631e-21  4.78438e-28 -2.26626e-21 -5.07129e-29  -4.4901e-22 -9.76027e-30 -4.45844e-23  3.92163e-30 -2.07439e-24 -2.83845e-31  5.75579e-26 -1.67936e-32  1.59824e-26  4.03381e-33  1.12269e-27 -1.68652e-33  3.91194e-29 -4.69352e-35  5.90925e-31  5.17992e-36  1.30022e-33
-4.27172e-17   3.6928e-30  3.11772e-15 -7.61748e-29 -8.95815e-14   7.7541e-28  1.56677e-12 -4.88472e-27 -1.92619e-11  1.99593e-26  1.78961e-10  -4.4437e-26 -1.31181e-09 -4.48646e-26  7.80051e-09  8.93548e-25  -3.8341e-08 -4.33319e-24  1.57776e-07  1.22923e-23 -5.48141e-07 -1.54208e-23  1.61558e-06 -4.83829e-23 -4.04642e-06  3.87332e-22   8.5985e-06 -1.47767e-21 -1.54174e-05  4.06797e-21  2.30761e-05 -8.78721e-21 -2.82802e-05  1.51477e-20  2.73764e-05 -2.01921e-20 -1.93687e-05  1.77472e-20  7.81449e-06  2.71707e-22  1.19421e-06 -3.94707e-20  -3.9549e-06  9.64526e-20  1.98999e-06 -1.54527e-19   4.2135e-07  1.87962e-19 -8.73991e-07 -1.76549e-19  1.49728e-07  1.21571e-19   2.4265e-07 -4.82383e-20 -9.05251e-08 -1.06659e-20 -6.01764e-08  3.67424e-20  2.87715e-08  -3.4325e-20  1.56816e-08  2.04125e-20 -6.52205e-09 -8.97217e-21 -4.24998e-09  3.85578e-21  9.16461e-10 -2.29881e-21   1.0295e-09  1.27997e-21  1.70429e-11 -1.37789e-22 -1.82911e-10 -6.01434e-22 -4.65949e-11  7.53097e-22  1.64484e-11 -5.91593e-22  1.11882e-11  3.67948e-22  1.03792e-12 -1.76182e-22 -1.03712e-12  5.27279e-23 -4.25666e-13 -2.30996e-24 -2.73846e-14 -5.49793e-24  2.93188e-14  2.60127e-24  1.10303e-14 -7.69941e-25  1.23249e-15  1.67655e-25 -3.20759e-16  5.34082e-26  -1.5661e-16 -4.80503e-26 -2.75155e-17 -1.06333e-26 -8.76104e-19  1.69897e-26  7.12075e-19 -3.26164e-27  1.87191e-19 -9.86337e-28  2.31342e-20  4.16867e-28  9.85808e-22 -4.28667e-29  -1.6862e-22 -6.84847e-30 -3.73087e-23  2.93128e-30 -3.60972e-24 -2.08353e-31 -1.88706e-25 -7.26785e-33 -3.15513e-27  1.48251e-33  2.29189e-28 -1.05013e-33  1.51801e-29 -2.38003e-35  3.04363e-31  1.39486e-36
  -8.649e-31  -6.0053e-16  3.35572e-29  2.51652e-14 -4.70369e-28 -5.56719e-13  3.75785e-27  8.17514e-12 -1.93861e-26 -8.79978e-11  6.28599e-26  7.33646e-10 -7.12806e-26 -4.90314e-09 -5.44467e-25  2.68753e-08  4.19274e-24 -1.22713e-07 -1.66495e-23  4.71686e-07  4.20812e-23 -1.53653e-06 -4.83829e-23  4.25629e-06 -1.40963e-22 -1.00291e-05  1.05543e-21    2.004e-05 -3.78242e-21 -3.37112e-05  9.81137e-21  4.71025e-05 -2.00135e-20 -5.33636e-05  3.26187e-20  4.67923e-05 -4.10355e-20 -2.84155e-05  3.34288e-20  7.34024e-06  3.72069e-21  5.58514e-06 -7.71049e-20 -6.76516e-06  1.75917e-19  1.83412e-06 -2.67387e-19  1.57487e-06  3.08329e-19 -1.25534e-06 -2.71912e-19  -1.4051e-07  1.70738e-19  4.33448e-07 -5.27577e-20 -2.72946e-08 -3.10718e-20 -1.23059e-07  5.98379e-20  1.25914e-08 -4.81854e-20    3.227e-08    2.495e-20 -1.24009e-09 -9.35392e-21 -7.63059e-09   4.0242e-21 -7.81276e-10 -3.09778e-21  1.42877e-09  2.03257e-21  4.36225e-10 -4.19572e-22 -1.55513e-10 -6.28283e-22 -1.10467e-10   8.2847e-22 -5.69227e-12 -6.30995e-22  1.38589e-11  3.83988e-22  4.76759e-12 -1.82006e-22 -1.87812e-13  5.32382e-23 -5.60303e-13 -1.42949e-24 -1.53704e-13 -6.04606e-24  7.25134e-16  2.75996e-24  1.18465e-14 -7.23345e-25  3.46163e-15  7.06713e-26   3.0499e-16  1.12457e-25 -9.09988e-17 -6.41979e-26 -3.75762e-17  -1.1457e-26 -6.12002e-18  1.82846e-26  -2.8154e-19 -3.26107e-27  9.61017e-20 -9.20041e-28  2.55435e-20  3.36888e-28  3.11746e-21 -3.41113e-29  1.82093e-22 -3.92045e-30 -4.39154e-24    2.001e-30 -1.86415e-24 -1.60798e-31 -1.72021e-25 -1.31095e-33 -8.26316e-27   3.3783e-34 -1.91673e-28 -5.77527e-34  -6.4101e-31 -1.03682e-35  2.92738e-32
