    0.173206  2.21801e-13    0.0958167  4.43865e-14  -0.00543704 -2.57331e-14   -0.0171581 -1.47656e-14  -0.00461038 -1.15073e-15  0.000801827  1.54288e-15  0.000868718  7.15674e-16  0.000252107  1.38575e-16  3.15207e-05  9.27813e-18   3.9122e-07 -5.50806e-19 -1.61359e-07
 2.21801e-13     0.164628  1.58041e-13     0.054071  1.19908e-14   -0.0155393 -3.08264e-14   -0.0189424 -1.65866e-14   -0.0055893 -1.86993e-15  0.000686549  1.71281e-15   0.00106314  9.48276e-16  0.000363535  2.22322e-16   5.9711e-05  2.46471e-17  4.13054e-06  8.45501e-19
   0.0958167  1.58041e-13     0.100074  9.35544e-14    0.0315491  3.03671e-15   -0.0151971 -2.88737e-14   -0.0185472 -1.74927e-14  -0.00668988  -3.2743e-15 -2.48666e-05  1.15763e-15   0.00087507  8.48092e-16  0.000341043  2.13875e-16  5.77422e-05  2.30226e-17  3.33183e-06
 4.43865e-14     0.054071  9.35544e-14    0.0657733  6.77529e-14    0.0247387  2.80288e-15   -0.0130563 -2.63009e-14   -0.0179404 -1.82388e-14  -0.00786252 -5.04181e-15  -0.00110359   9.5413e-17   0.00039153  4.68916e-16  0.000199776  1.22524e-16  3.00785e-05  9.30863e-18
 -0.00543704  1.19908e-14    0.0315491  6.77529e-14    0.0522969  5.70817e-14    0.0222599  4.17363e-15   -0.0107181 -2.35009e-14   -0.0170254 -1.85185e-14  -0.00879669 -6.68094e-15   -0.0021974  -1.0572e-15 -0.000156112   3.3255e-17  4.15505e-05  2.86674e-17  6.00677e-06
-2.57331e-14   -0.0155393  3.03671e-15    0.0247387  5.70817e-14    0.0454659  5.14092e-14    0.0214581  6.49615e-15  -0.00797196 -1.99973e-14   -0.0154165 -1.77162e-14  -0.00897913 -7.45369e-15  -0.00281135 -1.74004e-15 -0.000476557 -2.05491e-16 -3.51168e-05 -7.78549e-18
  -0.0171581 -3.08264e-14   -0.0151971  2.80288e-15    0.0222599  5.14092e-14    0.0416382  4.86948e-14    0.0219911  1.00409e-14  -0.00439208 -1.50732e-14   -0.0125541 -1.50414e-14  -0.00786354 -6.70471e-15  -0.00258723 -1.63278e-15 -0.000450823 -1.89834e-16 -2.87203e-05
-1.47656e-14   -0.0189424 -2.88737e-14   -0.0130563  4.17363e-15    0.0214581  4.86948e-14    0.0399311  4.84329e-14    0.0239277  1.53247e-14  0.000510979 -8.07521e-15   -0.0080719 -1.01859e-14  -0.00538223 -4.51532e-15  -0.00166923 -9.73788e-16 -0.000233615 -7.37404e-17
 -0.00461038 -1.65866e-14   -0.0185472 -2.63009e-14   -0.0107181  6.49615e-15    0.0219911  4.84329e-14     0.040102  5.06321e-14    0.0274454  2.26252e-14   0.00678219  6.88561e-16  -0.00248071 -4.14812e-15  -0.00234367 -1.92911e-15 -0.000659621 -3.29759e-16 -5.81047e-05
-1.15073e-15   -0.0055893 -1.74927e-14   -0.0179404 -2.35009e-14  -0.00797196  1.00409e-14    0.0239277  5.06321e-14    0.0421052  5.51002e-14    0.0321787  3.09245e-14    0.0132681  9.14022e-15   0.00256422  9.05185e-16 -2.52068e-05 -1.77093e-16 -7.61054e-05 -3.25634e-17
 0.000801827 -1.86993e-15  -0.00668988 -1.82388e-14   -0.0170254 -1.99973e-14  -0.00439208  1.53247e-14    0.0274454  5.51002e-14    0.0453586   6.0262e-14    0.0364278  3.72176e-14    0.0175898  1.41445e-14   0.00520947  3.20621e-15  0.000866268  3.61879e-16  5.47653e-05
 1.54288e-15  0.000686549  -3.2743e-15  -0.00786252 -1.85185e-14   -0.0154165 -1.50732e-14  0.000510979  2.26252e-14    0.0321787   6.0262e-14    0.0479306  6.25408e-14    0.0373384  3.77903e-14    0.0176541  1.39273e-14   0.00496368  2.86712e-15  0.000688298  2.20132e-16
 0.000868718  1.71281e-15 -2.48666e-05 -5.04181e-15  -0.00879669 -1.77162e-14   -0.0125541 -8.07521e-15   0.00678219  3.09245e-14    0.0364278  6.25408e-14     0.046795  5.79672e-14      0.03282  3.13113e-14    0.0136181  9.79858e-15   0.00308253   1.4776e-15  0.000254511
 7.15674e-16   0.00106314  1.15763e-15  -0.00110359 -6.68094e-15  -0.00897913 -1.50414e-14   -0.0080719  6.88561e-16    0.0132681  3.72176e-14    0.0373384  5.79672e-14    0.0398915  4.56214e-14     0.023731  2.05712e-14   0.00797577  4.95345e-15   0.00126808  4.27796e-16
 0.000252107  9.48276e-16   0.00087507   9.5413e-17   -0.0021974 -7.45369e-15  -0.00786354 -1.01859e-14  -0.00248071  9.14022e-15    0.0175898  3.77903e-14      0.03282  4.56214e-14    0.0283748   2.9298e-14     0.013636  1.03934e-14   0.00343717    1.718e-15  0.000306782
 1.38575e-16  0.000363535  8.48092e-16   0.00039153  -1.0572e-15  -0.00281135 -6.70471e-15  -0.00538223 -4.14812e-15   0.00256422  1.41445e-14    0.0176541  3.13113e-14     0.023731   2.9298e-14    0.0162271  1.48235e-14   0.00600905  3.87416e-15   0.00102409   3.5478e-16
 3.15207e-05  2.22322e-16  0.000341043  4.68916e-16 -0.000156112 -1.74004e-15  -0.00258723 -4.51532e-15  -0.00234367  9.05185e-16   0.00520947  1.39273e-14    0.0136181  2.05712e-14     0.013636  1.48235e-14   0.00719943  5.68595e-15   0.00193793  9.93325e-16  0.000181228
 9.27813e-18   5.9711e-05  2.13875e-16  0.000199776   3.3255e-17 -0.000476557 -1.63278e-15  -0.00166923 -1.92911e-15 -2.52068e-05  3.20621e-15   0.00496368  9.79858e-15   0.00797577  1.03934e-14   0.00600905  5.68595e-15   0.00237367  1.56836e-15  0.000423308  1.49215e-16
  3.9122e-07  2.46471e-17  5.77422e-05  1.22524e-16  4.15505e-05 -2.05491e-16 -0.000450823 -9.73788e-16 -0.000659621 -1.77093e-16  0.000866268  2.86712e-15   0.00308253  4.95345e-15   0.00343717  3.87416e-15   0.00193793  1.56836e-15   0.00054565  2.84525e-16  5.26754e-05
-5.50806e-19  4.13054e-06  2.30226e-17  3.00785e-05  2.86674e-17 -3.51168e-05 -1.89834e-16 -0.000233615 -3.29759e-16 -7.61054e-05  3.61879e-16  0.000688298   1.4776e-15   0.00126808    1.718e-15   0.00102409  9.93325e-16  0.000423308  2.84525e-16  7.79206e-05  2.78015e-17
-1.61359e-07  8.45501e-19  3.33183e-06  9.30863e-18  6.00677e-06 -7.78549e-18 -2.87203e-05 -7.37404e-17 -5.81047e-05 -3.25634e-17  5.47653e-05  2.20132e-16  0.000254511  4.27796e-16  0.000306782   3.5478e-16  0.000181228  1.49215e-16  5.26754e-05  2.78015e-17  5.20078e-06
