 1.51862e-21  6.17486e-38 -6.91829e-20 -4.39668e-36  1.21909e-18  1.00102e-34 -1.28235e-17  -1.3281e-33  9.27721e-17  1.23098e-32 -4.94884e-16 -8.82632e-32  2.02483e-15  5.24019e-31 -6.50314e-15 -2.68413e-30     1.66e-14  1.20662e-29 -3.38073e-14  -4.7658e-29  5.46596e-14  1.64593e-28  -6.8985e-14 -4.94878e-28  6.54082e-14  1.29276e-27 -4.24461e-14 -2.93346e-27  1.32548e-14  5.78457e-27  4.95716e-15 -9.91144e-27 -6.91507e-15    1.473e-26  1.43246e-15 -1.89008e-26  1.58047e-15  2.07575e-26 -7.77743e-16  -1.9229e-26  -3.1194e-16   1.4688e-26   2.3025e-16 -8.95488e-27   7.3344e-17  4.22511e-27 -5.28607e-17 -1.68946e-27 -2.11739e-17  1.02775e-27  8.89035e-18 -1.12717e-27  5.85816e-18  1.14969e-27 -5.97242e-19 -9.19891e-28 -1.23057e-18  5.94281e-28 -2.05035e-19  -2.9239e-28  1.48861e-19  5.18222e-29  7.57605e-20   9.5959e-29  1.45507e-21 -1.36293e-28 -9.97217e-21  1.04817e-28 -3.48807e-21 -5.76081e-29  1.34028e-23  2.55161e-29  3.92027e-22 -1.01748e-29  1.34361e-22  4.13996e-30  9.51476e-24 -2.13754e-30 -8.38408e-24  1.47961e-30  -3.6283e-24 -9.96843e-31 -6.19331e-25  5.29095e-31  3.25449e-26 -2.14114e-31  4.71335e-26  6.65424e-32  1.30894e-26 -1.46904e-32  1.74862e-27   1.3512e-33 -3.73909e-29  4.82311e-34 -7.49051e-29 -2.70289e-34 -1.87135e-29  7.60242e-35 -2.61839e-30  -1.3305e-35 -1.71737e-31   7.3259e-37  1.51623e-32  3.07635e-37  5.99823e-33 -3.53991e-38  9.09787e-34 -3.35988e-38   8.6518e-35  5.52157e-39   4.9924e-36  1.09027e-39  7.29989e-38 -2.83797e-41 -1.76982e-38 -1.53762e-41 -1.96953e-39 -1.77674e-42 -1.11385e-40  -4.8919e-43 -3.91848e-42  3.04138e-44 -6.47598e-44  1.62281e-45 -2.47004e-46 -1.50173e-47
 6.17486e-38  9.96062e-20  2.35638e-36 -2.57693e-18 -1.21144e-34  3.45506e-17  2.22187e-33 -3.01241e-16 -2.45796e-32  1.88143e-15  1.93306e-31 -8.86631e-15 -1.19435e-30  3.24991e-14  6.23822e-30 -9.42955e-14 -2.88633e-29  2.18377e-13  1.20236e-28 -4.03674e-13 -4.48125e-28  5.89973e-13  1.47446e-27   -6.655e-13 -4.23878e-27  5.48819e-13  1.05933e-26 -2.85388e-13 -2.29858e-26  3.48936e-14  4.33208e-26  7.14961e-14 -7.09326e-26 -4.66231e-14  1.00756e-25 -3.74732e-15 -1.23579e-25  1.47628e-14  1.29647e-25 -1.94482e-15 -1.14502e-25 -3.75139e-15   8.3159e-26  7.31004e-16 -4.83897e-26  9.32066e-16  2.29674e-26 -1.24951e-16 -1.16681e-26 -2.23566e-16  1.00646e-26 -4.45552e-18 -1.06201e-26  4.50484e-17  9.23007e-27  1.02871e-17 -6.24788e-27 -5.85165e-18  3.35233e-27 -3.31724e-18 -1.24942e-27  2.24704e-20 -1.18516e-28  5.17248e-19  8.07684e-28  1.59202e-19 -8.80973e-28 -1.79056e-20  6.09712e-28 -2.60059e-20 -3.11531e-28 -6.78124e-21   1.2895e-28  4.72004e-22 -4.75071e-29   8.4124e-22  1.78938e-29  2.48743e-22 -9.47786e-30  1.50726e-23    7.131e-30 -1.39522e-23 -4.87579e-30 -5.73721e-24  2.49168e-30 -1.00691e-24  -9.4944e-31  2.73295e-27  2.76364e-31  5.18942e-26 -5.63956e-32  1.54126e-26  3.83973e-33  2.36178e-27  2.32001e-33  1.09707e-28 -1.12057e-33 -4.30781e-29  2.81196e-34 -1.34185e-29 -3.76894e-35 -2.11979e-30  1.80589e-37 -2.00331e-31  1.19299e-36 -6.34962e-33 -1.65332e-37  1.41076e-33 -1.17397e-37  2.92642e-34  2.10835e-38  3.07747e-35  4.26569e-39  2.09039e-36 -2.04974e-40  8.69069e-38 -3.90306e-41  1.37965e-39 -6.09644e-42 -7.24933e-41 -1.13759e-42 -5.80714e-42  6.13555e-44 -1.27415e-43  2.09072e-45 -8.24634e-46
-6.91829e-20  2.35638e-36   3.2148e-18  5.49541e-35 -5.78371e-17 -2.22053e-33  6.21792e-16  3.37742e-32 -4.60294e-15 -3.16292e-31  2.51582e-14  2.12719e-30 -1.05633e-13 -1.13374e-29  3.48796e-13  5.18872e-29 -9.17469e-13 -2.15866e-28  1.93114e-12  8.31902e-28 -3.24016e-12 -2.92797e-27  4.27007e-12  9.18784e-27 -4.27388e-12 -2.52563e-26  3.00259e-12   6.0316e-26 -1.13861e-12 -1.24889e-25 -1.97145e-13  2.24395e-25  4.83306e-13 -3.50268e-25 -1.57751e-13  4.74681e-25 -9.11008e-14 -5.56033e-25  6.92499e-14  5.57319e-25  1.34122e-14  -4.6976e-25 -1.99523e-14  3.25241e-25 -2.70009e-15 -1.82582e-25  4.85474e-15  9.12398e-26   9.7457e-16 -6.03792e-26 -9.74687e-16  6.17611e-26 -3.58283e-16  -6.1869e-26  1.29171e-16  4.85492e-26  9.70964e-17 -2.92112e-26   5.6924e-19  1.33825e-26 -1.64405e-17  -3.5112e-27 -4.85039e-18 -1.92154e-27   9.9841e-19  4.09684e-27  1.00433e-18 -3.82459e-27  1.99696e-19  2.43111e-27 -5.58199e-20 -1.15832e-27 -4.19337e-20   4.4455e-28 -8.66927e-21 -1.47838e-28  1.05223e-21  4.99359e-29  1.13769e-21 -2.80596e-29  3.06161e-22  2.37151e-29  1.97142e-23 -1.64604e-29 -1.39866e-23  8.06305e-30 -5.75236e-24 -2.88139e-30 -1.06269e-24  7.85097e-31 -4.70559e-26 -1.48649e-31  3.17031e-26  6.88407e-33  1.07142e-26   7.2618e-33  1.83073e-27 -3.20924e-33  1.59312e-28  7.21197e-34 -6.69919e-30 -6.13071e-35 -4.78457e-30 -5.69765e-36 -8.68715e-31  2.71571e-36 -9.57532e-32  -4.9964e-37 -6.37097e-33  -2.7767e-37 -1.02089e-34  5.73826e-38  3.10653e-35  1.05799e-38   4.1685e-36 -6.27607e-40  2.91306e-37 -6.45497e-41  1.28985e-38 -1.33137e-41  3.36096e-40 -1.73028e-42  3.62426e-42  7.56122e-44  6.65855e-46   1.3357e-45
-4.39668e-36 -2.57693e-18  5.49541e-35  6.80657e-17  9.50863e-34 -9.32669e-16 -3.14985e-32  8.31994e-15  4.05493e-31 -5.32326e-14 -3.26373e-30  2.57364e-13  1.89984e-29 -9.69466e-13 -8.80039e-29  2.89673e-12  3.53511e-28  -6.9264e-12 -1.32011e-27  1.32651e-11  4.69994e-27 -2.01846e-11 -1.56132e-26  2.38918e-11   4.6677e-26 -2.09904e-11 -1.22404e-25  1.21343e-11  2.78341e-25 -2.56535e-12 -5.47536e-25 -2.36664e-12  9.33494e-25  2.07719e-12 -1.38313e-24 -1.21649e-13  1.78259e-24 -5.85354e-13  -1.9912e-24  1.66819e-13  1.90739e-24  1.37832e-13 -1.53756e-24 -5.50464e-14  1.02005e-24 -3.42134e-14 -5.62279e-25  1.20731e-14  3.11289e-25  8.99675e-15 -2.60238e-25 -1.49885e-15  2.84543e-25 -2.14325e-15 -2.69956e-25 -1.33114e-16  1.95997e-25  3.73867e-16 -1.07458e-25  1.19513e-16  4.27086e-26 -2.95904e-17 -6.68119e-27 -2.76457e-17 -1.04222e-26 -4.23959e-18  1.55585e-26  2.45159e-18 -1.30097e-26  1.36572e-18  7.68342e-27  1.71949e-19 -3.41526e-27 -9.21855e-20  1.20179e-27 -4.97303e-20 -3.47447e-28 -8.64802e-21  9.82855e-29  1.29302e-21  -6.3075e-29  1.12502e-21   6.2898e-29  2.87903e-22 -4.42834e-29   2.2646e-23  2.06796e-29 -9.41767e-24 -6.89994e-30   -4.124e-24   1.7621e-30 -8.10561e-25 -3.12357e-31 -6.68574e-26  8.81646e-33  1.04432e-26  1.73975e-32  4.81306e-27 -7.38545e-33  9.11512e-28  1.49184e-33  1.01591e-28 -4.03065e-35  4.40306e-30 -2.36872e-35 -7.42322e-31  3.94439e-36 -1.91444e-31 -1.18586e-36 -2.34921e-32 -5.05632e-37 -1.84777e-33  1.26004e-37 -8.88577e-35  1.95078e-38 -1.27758e-36 -1.26637e-39  1.58631e-37 -7.67793e-41  1.38452e-38 -2.14985e-41  5.33268e-40  -1.9477e-42   9.7243e-42  6.19297e-44  6.81097e-44
 1.21909e-18 -1.21144e-34 -5.78371e-17  9.50863e-34   1.0634e-15  1.31376e-32 -1.16962e-14 -3.65458e-31   8.8688e-14  4.04683e-30 -4.97206e-13 -2.84162e-29  2.14473e-12  1.45323e-28 -7.28926e-12 -5.93169e-28   1.9781e-11  2.11225e-27 -4.30828e-11 -7.11402e-27  7.51007e-11  2.34255e-26 -1.03445e-10 -7.33612e-26  1.09332e-10  2.08275e-25 -8.29396e-11 -5.18527e-25  3.69557e-11  1.11604e-24  8.15827e-13 -2.07174e-24 -1.27774e-11  3.32808e-24  5.91735e-12 -4.65041e-24  1.73359e-12  5.67233e-24 -2.24825e-12 -6.02856e-24 -5.69284e-14  5.52316e-24  6.25015e-13 -4.27418e-24 -1.90397e-14  2.74129e-24  -1.5765e-13 -1.52276e-24 -4.38871e-15   9.7365e-25  3.57364e-14 -9.66088e-25  6.12845e-15  1.06698e-24 -6.30469e-15 -9.58856e-25 -2.54808e-15  6.51422e-25  5.58442e-16 -3.29315e-25  5.95058e-16  1.14039e-25  7.78043e-17 -5.39632e-27 -6.86591e-17 -3.93653e-26  -3.3085e-17  4.81977e-26 -1.57881e-18 -3.69774e-26  3.63879e-18   2.0442e-26  1.43597e-18 -8.46682e-27  1.05736e-19  2.68839e-27 -1.06152e-19 -6.29518e-28 -4.66986e-20  1.20507e-28 -7.30202e-21 -1.10782e-28  1.05452e-21  1.41326e-28  8.57509e-22 -1.00694e-28  2.16157e-22  4.45171e-29  2.12967e-23 -1.37992e-29 -4.14449e-24  3.31843e-30 -2.16788e-24 -5.60067e-31 -4.56809e-25  8.91462e-33 -5.06444e-26  3.42237e-32  3.42814e-28 -1.45617e-32  1.34681e-27  2.66041e-33  2.95186e-28  1.02167e-34  3.75301e-29 -6.12024e-35  2.85339e-30  2.65762e-36  5.11434e-32 -2.39304e-36 -1.86794e-32 -7.35214e-37 -2.91517e-33  2.32824e-37  -2.4336e-34  2.84572e-38 -1.30102e-35 -1.90178e-39 -4.29258e-37 -6.33766e-41 -5.99386e-39 -2.70554e-41  8.58948e-41 -1.66617e-42  3.43955e-42  3.09376e-44
 1.00102e-34  3.45506e-17 -2.22053e-33 -9.32669e-16  1.31376e-32  1.30745e-14  1.49951e-31 -1.19459e-13 -3.56099e-30  7.83869e-13  3.43825e-29 -3.89248e-12  -2.1352e-28  1.50863e-11  9.73984e-28 -4.64771e-11 -3.56299e-27  1.14883e-10   1.1436e-26 -2.28224e-10 -3.51672e-26  3.61967e-10   1.0768e-25 -4.49946e-10 -3.17671e-25  4.20955e-10  8.52713e-25  -2.6856e-10 -2.00307e-24  7.90908e-11  4.05134e-24  3.69631e-11 -7.03959e-24 -4.68254e-11  1.05623e-23  8.92299e-12 -1.38004e-23  1.13665e-11  1.58254e-23 -5.46152e-12 -1.59556e-23 -2.31424e-12  1.40039e-23  1.71137e-12 -1.04695e-23  5.48485e-13  6.58087e-24 -4.13998e-13 -3.80474e-24  -1.6144e-13  2.85754e-24  7.47452e-14 -3.14654e-24  4.66853e-14  3.40761e-24 -6.27438e-15 -2.90263e-24 -1.04555e-14  1.85517e-24 -1.47121e-15 -8.69119e-25  1.40202e-15  2.60861e-25  6.49576e-16  1.92765e-26 -1.22865e-17 -1.18992e-25 -9.63397e-17  1.27317e-25 -3.04699e-17 -9.09991e-26  1.47646e-18  4.73578e-26  3.98744e-18 -1.82367e-26  1.23742e-18  5.10402e-27  4.71792e-20 -8.19147e-28 -9.32541e-20 -1.43172e-29 -3.60361e-20 -1.45882e-28 -5.42382e-21  2.78525e-28  5.79785e-22 -1.99872e-28  5.11968e-22  8.28835e-29  1.30748e-22 -2.37309e-29  1.56112e-23  5.43252e-30 -8.92799e-25 -8.96984e-31 -8.19969e-25  1.02496e-32 -1.88839e-25  5.75683e-32 -2.47537e-26 -2.54549e-32 -1.39403e-27  4.25453e-33   1.8184e-28  4.52167e-34  5.90598e-29 -1.22896e-34  8.37317e-30 -3.97614e-36  7.51239e-31 -4.25054e-36  4.04354e-32 -8.44438e-37    4.391e-34  3.69115e-37 -1.37331e-34  3.37447e-38 -1.37537e-35 -2.21967e-39 -7.01208e-37 -2.59712e-41 -2.03667e-38 -2.69508e-41 -3.03023e-40 -1.05487e-42 -1.53363e-42
-1.28235e-17  2.22187e-33  6.21792e-16 -3.14985e-32 -1.16962e-14  1.49951e-31  1.31759e-13  1.44189e-30 -1.02455e-12 -2.96187e-29  5.89856e-12  2.52259e-28 -2.61716e-11 -1.40176e-27  9.16687e-11  5.78072e-27  -2.5697e-10 -1.92696e-26  5.79867e-10  5.68179e-26 -1.05146e-09 -1.62223e-25  1.51538e-09  4.66019e-25 -1.69205e-09 -1.29624e-24  1.38328e-09  3.27794e-24  -7.0861e-10 -7.22632e-24  7.18009e-11   1.3647e-23  1.95014e-10 -2.20267e-23 -1.24057e-10  3.05859e-23 -1.17542e-11 -3.69973e-23  4.14729e-11  3.95555e-23 -5.60903e-12    -3.77e-23 -1.09012e-11  3.17959e-23  2.30907e-12 -2.31844e-23   2.7931e-12  1.45486e-23 -4.51555e-13 -9.03785e-24 -6.99425e-13  7.87837e-24  7.66991e-15 -9.11595e-24  1.50381e-13  9.53626e-24  2.93158e-14 -7.70447e-24 -2.18618e-14  4.64388e-24 -1.09675e-14 -2.01912e-24  6.21613e-16  5.18174e-25  1.93429e-15  1.13188e-25  5.17231e-16 -3.04516e-25  -9.9952e-17  2.94496e-25 -1.00755e-16 -1.98367e-25 -2.26478e-17  9.76958e-26  3.30928e-18 -3.48806e-26  3.47985e-18  8.30495e-27  9.08864e-19 -4.47175e-28  1.78295e-20 -5.76537e-28 -6.48738e-20   -1.105e-28 -2.32272e-20  4.93232e-28 -3.55531e-21 -3.53467e-28  1.81651e-22  1.35734e-28  2.37584e-22 -3.56525e-29  6.31213e-23  7.94051e-30  8.72875e-24 -1.33211e-30   2.0753e-25  2.04013e-32 -2.06875e-25  8.51152e-32 -5.55994e-26 -4.01791e-32 -8.13591e-27   6.2597e-33 -7.02605e-28  1.05429e-33 -1.41498e-29 -2.07527e-34  5.98314e-30 -1.78021e-35  1.06962e-30 -6.72255e-36  1.03443e-31 -6.96491e-37  6.46728e-33  5.07551e-37  2.45836e-34  3.27125e-38  3.15681e-36 -2.01991e-39 -1.92722e-37  1.82459e-41 -1.07026e-38 -2.10326e-41 -1.91687e-40 -4.37207e-43
 -1.3281e-33 -3.01241e-16  3.37742e-32  8.31994e-15 -3.65458e-31 -1.19459e-13  1.44189e-30  1.11926e-12  1.18497e-29 -7.54146e-12 -2.12928e-28  3.85124e-11  1.61541e-27 -1.53777e-10 -8.11022e-27  4.89106e-10  3.05751e-26 -1.25146e-09  -9.4205e-26   2.5823e-09  2.59669e-25 -4.27412e-09 -6.99839e-25  5.58474e-09  1.90478e-24  -5.5631e-09 -5.00785e-24   3.8952e-09  1.19144e-23 -1.45701e-09 -2.45813e-23 -2.97754e-10  4.31842e-23  6.70321e-10 -6.43983e-23 -2.20014e-10  8.21047e-23 -1.30467e-10 -9.10045e-23  1.02426e-10  8.98375e-23  1.85538e-11 -8.06313e-23 -3.08155e-11  6.56862e-23 -3.41852e-12 -4.73272e-23  7.87134e-12   3.0284e-23  1.31249e-12 -2.06718e-23 -1.69525e-12  2.02766e-23 -5.42228e-13 -2.37591e-23  2.56734e-13  2.38345e-23  1.63693e-13 -1.82717e-23  -8.3157e-15  1.03965e-23 -3.12924e-14 -4.19398e-24 -7.66852e-15  9.00053e-25  2.54418e-15  3.62536e-25  1.93858e-15 -6.79563e-25  2.97275e-16  6.06983e-25 -1.44311e-16 -3.89248e-25 -8.49426e-17  1.82472e-25 -1.41374e-17 -6.02415e-26  3.48474e-18  1.15299e-26   2.5109e-18  1.35357e-27  5.83694e-19 -1.99804e-27  1.08069e-20  8.45829e-29 -3.61295e-20  8.00252e-28 -1.25212e-20 -5.64797e-28 -2.01353e-21  1.97165e-28  -1.1376e-23 -4.71073e-29  8.28565e-23  1.06302e-29   2.3787e-23 -1.89176e-30  3.66841e-24  4.69548e-32  2.59751e-25  1.12943e-31 -2.60333e-26 -5.77182e-32 -1.09213e-26  8.61039e-33 -1.77631e-27  1.85589e-33 -1.79592e-28 -3.06778e-34 -1.05926e-29 -3.81859e-35 -4.36946e-32 -9.46749e-36  6.23416e-32  -2.0903e-37  7.06051e-33   6.0921e-37  4.40813e-34  2.54853e-38  1.70036e-35 -1.37385e-39  3.72804e-37  4.78214e-41  3.37025e-39 -1.23042e-41 -4.69521e-42
 9.27721e-17 -2.45796e-32 -4.60294e-15  4.05493e-31   8.8688e-14 -3.56099e-30 -1.02455e-12  1.18497e-29  8.18033e-12  8.42394e-29  -4.8428e-11 -1.33707e-27  2.21316e-10  9.11095e-27  -7.9999e-10  -4.1656e-26  2.31981e-09  1.44859e-25 -5.43123e-09 -4.17303e-25  1.02584e-08  1.09051e-24 -1.54878e-08 -2.81146e-24  1.82818e-08  7.31035e-24 -1.60834e-08 -1.82271e-23  9.33028e-09  4.08356e-23 -1.94557e-09 -7.88569e-23 -1.93166e-09  1.28799e-22  1.71664e-09 -1.77074e-22 -1.17362e-10  2.06174e-22  -4.9884e-10  -2.0742e-22  1.56729e-10  1.87061e-22  1.18808e-10 -1.57505e-22  -5.4506e-11  1.24937e-22 -2.99888e-11 -9.03808e-23  1.30296e-11  6.01559e-23  8.27696e-12 -4.54622e-23 -1.99461e-12  4.84464e-23 -2.13732e-12 -5.62356e-23 -6.11497e-15  5.39163e-23  4.18882e-13  -3.9226e-23   1.0764e-13  2.10754e-23  -4.3337e-14 -7.88092e-24 -3.05209e-14  1.36844e-24 -2.90011e-15  8.96407e-25  3.43006e-15 -1.34602e-24  1.54189e-15  1.12832e-24  1.06274e-16 -6.96029e-25 -1.39316e-16  3.12782e-25 -6.02422e-17 -9.53206e-26 -7.75844e-18  1.32827e-26  2.60116e-18  5.82884e-27  1.52571e-18 -4.82873e-27  3.31528e-19  5.36304e-28  1.07716e-20  1.21035e-27 -1.59547e-20 -8.23755e-28  -5.5849e-21  2.54211e-28 -9.55057e-22 -5.46051e-29 -5.03301e-23  1.34079e-29  1.99101e-23 -2.62091e-30  6.74469e-24   8.8208e-32  1.13586e-24    1.368e-31  1.10967e-25  -7.5498e-32  2.52431e-27   1.1166e-32 -1.19792e-27  2.68532e-33 -2.42296e-28 -4.06736e-34 -2.66034e-29 -6.18386e-35 -1.88721e-30  -1.1811e-35 -7.86188e-32  5.83112e-37 -4.75302e-34  6.40477e-37  1.68844e-34  1.49858e-38  1.12496e-35 -5.87127e-40  3.42519e-37  5.20159e-41  4.59853e-39 -4.72414e-42
 1.23098e-32  1.88143e-15 -3.16292e-31 -5.32326e-14  4.04683e-30  7.83869e-13 -2.96187e-29 -7.54146e-12  8.42394e-29  5.22486e-11  5.23506e-28 -2.74785e-10 -7.40135e-27  1.13199e-09  4.56145e-26 -3.72263e-09  -1.9118e-25  9.87433e-09  6.17804e-25  -2.1194e-08 -1.67933e-24  3.66594e-08  4.20485e-24 -5.04054e-08 -1.04676e-23  5.34662e-08  2.61561e-23 -4.09159e-08 -6.20496e-23  1.84934e-08  1.31203e-22  3.94924e-10 -2.37627e-22 -6.67476e-09  3.61484e-22  3.25228e-09 -4.58433e-22   8.6685e-10  4.86212e-22 -1.27404e-09 -4.40448e-22  1.38216e-11  3.58805e-22  3.64442e-10 -2.82471e-22 -2.92562e-11  2.20715e-22 -9.58153e-11 -1.63074e-22  3.01163e-12  1.14485e-22  2.32741e-11 -9.53061e-23  2.49886e-12  1.07208e-22 -4.60575e-12  -1.2183e-22  -1.4738e-12  1.11457e-22  5.42457e-13 -7.69483e-23  4.12438e-13  3.90445e-23  2.44779e-14 -1.35239e-23 -5.90438e-14  1.80954e-24 -2.25341e-14   1.8642e-24  8.27052e-16 -2.39264e-24  3.22317e-15  1.90796e-24  1.01992e-15 -1.14542e-24  -8.5037e-19  4.97938e-25 -1.04842e-16 -1.40139e-25 -3.69132e-17  1.15461e-26 -3.96234e-18  1.43923e-26  1.49464e-18 -9.60856e-27  7.84778e-19  1.30204e-27  1.65929e-19  1.73406e-27   9.2777e-21 -1.10493e-27 -5.39233e-21  2.88112e-28 -2.01668e-21 -5.46022e-29 -3.67169e-22  1.64363e-29 -3.19852e-23 -3.56194e-30  2.37827e-24  1.24603e-31  1.34877e-24  1.53322e-31  2.50526e-25 -8.94798e-32  2.82732e-26  1.36827e-32  1.79623e-27   3.2962e-33 -1.17444e-29 -4.91423e-34 -1.73018e-29 -8.42352e-35 -2.17734e-30  -1.2943e-35 -1.59379e-31  1.51151e-36 -7.46086e-33  5.90193e-37 -2.04424e-34  5.17522e-39 -1.94817e-36  8.58303e-42  4.43718e-38  3.64711e-41  8.81163e-40
-4.94884e-16  1.93306e-31  2.51582e-14 -3.26373e-30 -4.97206e-13  3.43825e-29  5.89856e-12 -2.12928e-28  -4.8428e-11  5.23506e-28  2.95241e-10  2.87007e-27 -1.39182e-09 -3.64019e-26      5.2e-09  2.04108e-25 -1.56227e-08 -7.88624e-25  3.80085e-08  2.38315e-24 -7.48928e-08 -6.15879e-24  1.18608e-07  1.48939e-23 -1.48134e-07 -3.60227e-23  1.40111e-07  8.68267e-23 -9.10632e-08 -1.96509e-22  2.78816e-08   3.9319e-22  1.25061e-08 -6.69748e-22 -1.69805e-08  9.51592e-22  3.76203e-09 -1.11566e-21  4.10244e-09  1.07738e-21 -2.27397e-09 -8.73112e-22 -7.94992e-10  6.34746e-22   7.4004e-10 -4.66014e-22  1.81789e-10  3.64362e-22 -1.91591e-10 -2.79185e-22 -5.74085e-11  2.07891e-22  3.92337e-11 -1.88662e-22  1.88905e-11  2.19849e-22 -4.85602e-12 -2.43158e-22 -4.89633e-12   2.1206e-22 -2.86362e-13 -1.38884e-22  8.03742e-13  6.65799e-23  2.84168e-13 -2.13656e-23 -3.89764e-14  2.04085e-24 -5.46717e-14  3.37954e-24 -1.30164e-14 -3.84166e-24  2.49111e-15  2.95209e-24  2.40773e-15 -1.74934e-24  5.80646e-16  7.44274e-25 -3.40559e-17 -1.94216e-25 -6.48465e-17  4.36277e-27 -1.98518e-17  2.82368e-26 -1.97885e-18  -1.6676e-26   6.7102e-19  2.34219e-27  3.39694e-19  2.38702e-27  7.19611e-20 -1.37063e-27  5.90257e-21  2.78403e-28 -1.27015e-21 -4.47605e-29 -5.69262e-22  2.01281e-29 -1.10585e-22 -4.71439e-30 -1.21907e-23  1.18702e-31 -3.15419e-25  1.60503e-31  1.63301e-25 -9.51456e-32  3.70128e-26  1.58074e-32  4.54325e-27  3.47283e-33   3.5695e-28 -5.46946e-34  1.54318e-29 -1.01603e-34 -1.55977e-31 -1.22957e-35 -7.82019e-32  2.32413e-36 -6.03294e-33  4.75597e-37  -2.5216e-34 -1.14975e-39 -5.86578e-36  2.60203e-40 -6.08095e-38  1.58707e-41
-8.82632e-32 -8.86631e-15  2.12719e-30  2.57364e-13 -2.84162e-29 -3.89248e-12  2.52259e-28  3.85124e-11 -1.33707e-27 -2.74785e-10  2.87007e-27  1.49066e-09  1.39896e-26 -6.34591e-09 -1.60133e-25  2.16129e-08     8.21e-25 -5.95297e-08 -2.93882e-24  1.33128e-07  8.35203e-24 -2.41016e-07 -2.06562e-23  3.49162e-07  4.85461e-23 -3.94543e-07 -1.14533e-22  3.28993e-07  2.66908e-22 -1.74313e-07 -5.77517e-22   2.1268e-08  1.09605e-21  4.79345e-08 -1.76056e-21  -3.3394e-08  2.34304e-21 -1.57327e-09 -2.54623e-21  1.12222e-08  2.24025e-21 -2.22147e-09 -1.61499e-21 -2.96215e-09  1.03341e-21    8.994e-10 -7.06481e-22  7.79579e-10  5.63906e-22 -2.10554e-10 -4.52602e-22  -2.0956e-10  3.56829e-22  2.34064e-11 -3.50222e-22  5.06731e-11   4.1877e-22  5.18041e-12 -4.49538e-22 -8.94031e-12  3.73335e-22 -3.28335e-12 -2.31835e-22  6.62341e-13  1.05112e-22  7.45298e-13 -3.13079e-23  1.33422e-13  1.86137e-24 -6.39326e-14  5.43944e-24 -3.97429e-14 -5.58447e-24 -5.86353e-15  4.19345e-24  2.50133e-15 -2.49779e-24  1.50802e-15  1.05514e-24  2.93627e-16 -2.57505e-25 -2.92723e-17 -9.40554e-27  -3.3673e-17  4.78903e-26 -9.41924e-18 -2.59767e-26 -9.70231e-19  3.47901e-27  2.29145e-19  3.19153e-27  1.21684e-19 -1.57836e-27  2.63492e-20   2.0894e-28  2.78338e-21 -2.49866e-29 -1.41566e-22  2.49492e-29 -1.18441e-22  -5.9944e-30 -2.50619e-23  2.80545e-32  -3.1339e-24   1.5737e-31 -2.11239e-25 -8.93046e-32  4.67426e-27  1.71216e-32   3.1906e-27  3.14459e-33  4.40112e-28 -5.64852e-34  3.65864e-29 -1.12037e-34    1.963e-30 -9.88563e-36  5.90416e-32  2.78601e-36  1.01926e-34  3.33045e-37 -6.61429e-35 -3.47016e-39 -2.29422e-36   2.3631e-40 -2.25267e-38
 2.02483e-15 -1.19435e-30 -1.05633e-13  1.89984e-29  2.14473e-12  -2.1352e-28 -2.61716e-11  1.61541e-27  2.21316e-10 -7.40135e-27 -1.39182e-09  1.39896e-26  6.77994e-09  6.10196e-26 -2.62275e-08 -6.33487e-25   8.1783e-08  2.98259e-24 -2.07125e-07 -9.93584e-24  4.26494e-07  2.66995e-23 -7.09627e-07 -6.35807e-23  9.38757e-07  1.45967e-22 -9.54199e-07 -3.36852e-22  6.89456e-07  7.60078e-22 -2.74806e-07 -1.57478e-21  -4.3453e-08  2.84032e-21  1.25038e-07 -4.31152e-21 -4.80555e-08  5.38719e-21 -2.24345e-08 -5.43872e-21  2.20475e-08  4.36272e-21  2.16908e-09 -2.78122e-21 -6.78552e-09  1.53949e-21 -1.44665e-10  -9.7982e-22  1.83031e-09  8.17874e-22  1.23351e-10  -6.8864e-22 -4.36794e-10  5.71861e-22 -8.96007e-11 -6.07388e-22  8.06015e-11  7.43389e-22  3.58172e-11 -7.73264e-22 -7.26145e-12  6.10596e-22 -8.60141e-12 -3.59309e-22 -1.22236e-12  1.54406e-22  1.02964e-12 -4.28625e-23  5.19561e-13  1.12601e-24  2.81325e-14  7.84997e-24 -5.87322e-14 -7.32884e-24 -2.40575e-14  5.47172e-24 -1.96287e-15 -3.35662e-24  1.77204e-15  1.43173e-24  8.14248e-16 -3.31178e-25  1.35891e-16 -2.95026e-26 -1.56081e-17  7.29067e-26 -1.47457e-17 -3.69576e-26  -3.9206e-18  4.39877e-27 -4.44898e-19  4.16969e-27   5.3771e-20 -1.69056e-27  3.50252e-20  7.38944e-29  7.88734e-21  2.16774e-30  9.79996e-22  3.11003e-29  2.90445e-23 -7.21815e-30 -1.59966e-23 -1.72647e-31  -4.0332e-24  1.43405e-31 -5.46605e-25 -7.19981e-32 -4.65933e-26   1.7242e-32 -1.95786e-27  2.43735e-33  8.60619e-29 -5.43849e-34  2.19249e-29 -1.15192e-34  1.90452e-30 -6.37463e-36  9.85087e-32  2.78163e-36  3.09661e-33  2.00171e-37  5.09889e-35 -3.07187e-39  2.32488e-37  1.09922e-40
 5.24019e-31  3.24991e-14 -1.13374e-29 -9.69466e-13  1.45323e-28  1.50863e-11 -1.40176e-27 -1.53777e-10  9.11095e-27  1.13199e-09 -3.64019e-26 -6.34591e-09  6.10196e-26  2.79696e-08  2.39412e-25 -9.88406e-08 -2.26327e-24  2.83233e-07  9.82161e-24 -6.61185e-07 -3.05789e-23  1.25509e-06  7.81148e-23 -1.91867e-06 -1.80187e-22  2.31128e-06  4.05963e-22 -2.09563e-06 -9.18362e-22  1.27618e-06  2.00859e-21 -3.11467e-07 -3.98971e-21 -2.45799e-07  6.84845e-21  2.54002e-07 -9.83928e-21 -3.42128e-08  1.15609e-20 -7.14726e-08 -1.08586e-20  3.01666e-08  7.94111e-21  1.61548e-08 -4.44359e-21 -1.06647e-08  2.07653e-21 -4.01717e-09 -1.23215e-21  2.80868e-09  1.10519e-21  1.20612e-09 -9.66425e-22 -5.47916e-10  8.43183e-22 -3.62386e-10 -9.83021e-22  5.07102e-11  1.23441e-21  8.62227e-11 -1.24213e-21  1.18381e-11  9.30436e-22  -1.2527e-11 -5.18557e-22  -5.7619e-12  2.12015e-22  1.97202e-13 -5.52201e-23  9.27789e-13 -2.13102e-25  2.88507e-13  1.02036e-23 -1.88462e-14 -8.58496e-24   -4.094e-14  6.53561e-24 -1.25657e-14  -4.2713e-24 -4.06992e-16  1.87359e-24  9.97666e-16 -4.17601e-25  3.84476e-16 -5.42272e-26  5.87583e-17  1.01862e-25 -5.79352e-18 -4.86085e-26 -5.40045e-18  4.70992e-27 -1.40873e-18  5.32721e-27 -1.78815e-19 -1.68301e-27  5.09719e-21 -1.18534e-28  7.70396e-21  3.18885e-29  1.85619e-21  3.82368e-29  2.55721e-22 -8.12653e-30  1.80375e-23  -4.7093e-31 -7.93383e-25  1.18395e-31  -4.1356e-25 -4.73945e-32 -6.18368e-26  1.59546e-32 -5.69191e-27  1.62016e-33 -3.34369e-28 -4.89694e-34 -9.60619e-30 -1.11313e-34  2.47321e-31 -2.77866e-36  3.92894e-32  2.36223e-36  1.81301e-33  1.00922e-37  3.96574e-35  -1.7215e-39  2.90284e-37
-6.50314e-15  6.23822e-30  3.48796e-13 -8.80039e-29 -7.28926e-12  9.73984e-28  9.16687e-11 -8.11022e-27  -7.9999e-10  4.56145e-26      5.2e-09 -1.60133e-25 -2.62275e-08  2.39412e-25  1.05264e-07  8.48292e-25  -3.4137e-07 -7.32451e-24   9.0182e-07  2.93879e-23 -1.94437e-06 -8.58668e-23  3.40509e-06  2.09692e-22 -4.77787e-06 -4.71438e-22  5.21928e-06  1.04709e-21 -4.16952e-06 -2.32664e-21  2.03795e-06  4.93744e-21 -7.82867e-08 -9.41179e-21  -6.9499e-07   1.5391e-20  4.05291e-07 -2.09483e-20  6.28167e-08  2.31648e-20 -1.54177e-07 -2.02524e-20  1.74538e-08  1.34857e-20  4.39929e-08  -6.5555e-21 -9.09384e-09  2.48978e-21 -1.19997e-08 -1.38231e-21  2.05945e-09  1.36996e-21  3.20617e-09 -1.21136e-21 -9.00499e-11   1.1211e-21 -7.47641e-10 -1.48589e-21 -1.32318e-10  1.92468e-21  1.21636e-10 -1.86881e-21  5.72996e-11  1.32359e-21 -5.61003e-12 -6.98413e-22 -1.14016e-11  2.73366e-22 -2.78361e-12 -6.73922e-23  7.41827e-13 -2.17004e-24  6.35128e-13  1.19444e-23  1.30512e-13 -8.71058e-24 -2.69579e-14  7.07264e-24 -2.35269e-14 -5.17532e-24 -5.81966e-15  2.37769e-24  1.37013e-18 -5.19225e-25  4.63639e-16 -8.09928e-26  1.59346e-16  1.32699e-25  2.37358e-17 -5.96603e-26 -1.35789e-18  4.04429e-27 -1.61912e-18   6.6339e-27 -4.26127e-19   -1.549e-27  -5.9682e-20 -3.46352e-28 -2.03965e-21  5.81113e-29  1.16887e-21  4.53847e-29  3.25986e-22 -8.45186e-30  4.82737e-23 -8.09616e-31  4.38048e-24  8.29077e-32  1.62167e-25   -2.284e-32 -1.91336e-26  1.33273e-32 -4.04619e-27   9.7189e-34 -3.88147e-28 -4.13456e-34 -2.33908e-29  -1.0077e-34 -8.82053e-31 -7.36188e-40   -1.699e-32  1.71047e-36  2.05662e-35  4.08767e-38  5.99882e-36 -6.02475e-40
-2.68413e-30 -9.42955e-14  5.18872e-29  2.89673e-12 -5.93169e-28 -4.64771e-11  5.78072e-27  4.89106e-10  -4.1656e-26 -3.72263e-09  2.04108e-25  2.16129e-08 -6.33487e-25 -9.88406e-08  8.48292e-25  3.63225e-07  2.72157e-24 -1.08525e-06  -2.1507e-23   2.6503e-06  7.99868e-23 -5.28599e-06 -2.20231e-22  8.54248e-06  5.17254e-22 -1.09824e-05 -1.14105e-21  1.08142e-05  2.51036e-21 -7.46941e-06 -5.49124e-21   2.6485e-06  1.13198e-20  8.04848e-07 -2.07259e-20 -1.47467e-06    3.231e-20  4.60796e-07 -4.16771e-20  3.19444e-07  4.33767e-20 -2.47476e-07 -3.52801e-20 -4.73515e-08    2.133e-20  8.13999e-08 -8.87398e-21  8.04085e-09  2.56325e-21 -2.25919e-08 -1.34119e-21 -3.19781e-09  1.50132e-21  5.36768e-09 -1.26223e-21  1.52185e-09  1.29816e-21  -9.3985e-10 -2.10256e-21 -5.27691e-10  2.82844e-21  6.01111e-11 -2.63962e-21  1.16431e-10  1.75967e-21  2.35403e-11 -8.79258e-22 -1.19995e-11  3.32617e-22 -7.58747e-12 -7.83063e-23 -8.55777e-13 -4.92796e-24   7.1169e-13  1.25251e-23  3.58354e-13 -7.01922e-24  4.84825e-14  6.76422e-24 -1.95034e-14  -5.9999e-24 -1.15526e-14  2.93558e-24 -2.44275e-15 -6.36909e-25  3.31822e-17 -1.07229e-25  1.79464e-16  1.63306e-25  5.75934e-17 -6.88781e-26  8.74329e-18  2.16698e-27 -5.59938e-20  8.01064e-27 -3.81878e-19 -1.29819e-27 -1.04931e-19 -5.78186e-28 -1.58584e-20  7.48447e-29 -1.15544e-21   5.1114e-29  8.53666e-23 -8.00921e-30   3.9224e-23 -1.10001e-30  6.29631e-24  3.90158e-32  6.27959e-25 -6.16519e-33  3.85923e-26  9.74379e-33   7.9842e-28     6.47e-34 -1.04767e-28 -3.28576e-34 -1.27204e-29 -8.44882e-35 -7.14988e-31  1.52576e-36 -2.29088e-32   1.0452e-36 -3.78447e-34  1.21585e-38 -1.97599e-36
    1.66e-14 -2.88633e-29 -9.17469e-13  3.53511e-28   1.9781e-11 -3.56299e-27  -2.5697e-10  3.05751e-26  2.31981e-09  -1.9118e-25 -1.56227e-08     8.21e-25   8.1783e-08 -2.26327e-24  -3.4137e-07  2.72157e-24  1.15413e-06  7.91568e-24 -3.18798e-06 -5.73002e-23   7.2138e-06  1.97907e-22 -1.33255e-05 -5.15626e-22   1.9867e-05  1.17267e-21 -2.33373e-05  -2.5576e-21  2.05355e-05  5.60426e-21 -1.18931e-05 -1.21019e-20    2.282e-06  2.42686e-20  2.86452e-06 -4.27164e-20 -2.51507e-06  6.35053e-20  1.70365e-07 -7.76249e-20   7.9309e-07    7.599e-20 -2.72442e-07 -5.74051e-20 -1.97326e-07  3.13631e-20  1.04878e-07 -1.09282e-20  5.17286e-08  2.09622e-21 -2.82882e-08 -1.04945e-21 -1.53988e-08   1.3115e-21  5.31905e-09 -8.45412e-22  4.47205e-09   1.2044e-21   -3.266e-10 -2.79577e-21 -1.02022e-09  3.93182e-21 -1.96038e-10 -3.50627e-21  1.35797e-10  2.18676e-21  7.54047e-11 -1.03597e-21   1.9322e-12  3.84125e-22 -1.08244e-11 -8.67523e-23 -4.01345e-12 -9.12915e-24 -9.59247e-15  1.16111e-23  4.77548e-13 -2.93433e-24  1.73655e-13    5.355e-24  1.49163e-14 -6.68177e-24 -1.04447e-14   3.5299e-24 -4.92781e-15 -7.68703e-25 -9.41481e-16 -1.31138e-25  6.28295e-18  1.92094e-25  5.73457e-17 -7.53477e-26  1.78608e-17 -9.46416e-28  2.82357e-18  9.33156e-27   1.1192e-19 -9.51441e-28  -6.5474e-20 -7.80533e-28 -2.01123e-20  7.74793e-29 -3.22536e-21  5.39045e-29 -3.05759e-22  -6.7804e-30 -8.17893e-24 -1.25181e-30  2.62287e-24 -9.40944e-33  5.20252e-25 -2.40974e-33  5.41633e-26  5.82371e-33  3.63435e-27  6.20617e-34  1.49677e-28  -2.4741e-34  2.33954e-30 -6.45731e-35 -1.07347e-31   1.8996e-36 -6.89039e-33  5.25472e-37  -1.3279e-34  2.09574e-39
 1.20662e-29  2.18377e-13 -2.15866e-28  -6.9264e-12  2.11225e-27  1.14883e-10 -1.92696e-26 -1.25146e-09  1.44859e-25  9.87433e-09 -7.88624e-25 -5.95297e-08  2.98259e-24  2.83233e-07 -7.32451e-24 -1.08525e-06  7.91568e-24  3.38982e-06  2.08596e-23 -8.68271e-06 -1.38224e-22  1.82406e-05  4.43779e-22 -3.12317e-05 -1.09883e-21  4.29194e-05  2.43923e-21 -4.58786e-05 -5.30827e-21  3.56198e-05   1.1664e-20 -1.63691e-05 -2.49568e-20   -5.601e-07  4.87776e-20  6.57607e-06  -8.2609e-20 -3.40198e-06  1.17134e-19 -8.35098e-07   -1.356e-19  1.43561e-06  1.24685e-19 -8.10774e-08 -8.72374e-20 -4.36116e-07  4.27702e-20  6.51839e-08 -1.20979e-20  1.23189e-07  1.04825e-21 -1.42235e-08 -5.25106e-22 -3.32562e-08  5.20714e-22 -7.37171e-10  4.24276e-22  7.67829e-09  6.27626e-22  1.74621e-09 -3.51262e-21 -1.19034e-09  5.18766e-21 -6.60514e-10 -4.38494e-21  2.79109e-11    2.538e-21  1.22586e-10 -1.14374e-21  3.56165e-11  4.24068e-22 -6.16918e-12 -9.11805e-23 -7.07998e-12 -1.61037e-23 -1.74632e-12  9.25956e-24  1.95459e-13  3.84438e-24  2.57504e-13  2.71941e-24  7.42744e-14 -7.16657e-24  3.98565e-15    4.132e-24 -4.48343e-15  -9.1004e-25  -1.8334e-15 -1.51879e-25 -3.32651e-16  2.18322e-25 -5.37844e-18 -7.86547e-26   1.4724e-17 -5.09326e-27  4.63128e-18   1.0444e-26  7.65474e-19 -5.34518e-28  5.68868e-20 -9.25418e-28 -6.49611e-21  6.38327e-29 -2.80502e-21  5.25561e-29 -4.79147e-22 -4.95429e-30 -5.07357e-23 -1.20769e-30 -3.08709e-24 -5.72159e-32 -8.16783e-28 -1.16238e-32   2.2013e-26  2.24832e-33  2.55885e-27  7.38032e-34   1.6621e-28 -1.78314e-34  6.69568e-30  -4.4195e-35  1.54477e-31  1.55149e-36  1.45246e-33  2.05948e-37 -2.28639e-36
-3.38073e-14  1.20236e-28  1.93114e-12 -1.32011e-27 -4.30828e-11   1.1436e-26  5.79867e-10  -9.4205e-26 -5.43123e-09  6.17804e-25  3.80085e-08 -2.93882e-24 -2.07125e-07  9.82161e-24   9.0182e-07  -2.1507e-23 -3.18798e-06  2.08596e-23   9.2342e-06  4.96548e-23 -2.19916e-05  -3.0027e-22  4.29627e-05  8.95598e-22 -6.82105e-05 -2.11698e-21  8.62639e-05  4.63335e-21 -8.34234e-05 -1.01829e-20  5.60448e-05  2.26428e-20 -1.81541e-05 -4.82466e-20 -7.96238e-06  9.21302e-20  1.19266e-05 -1.50269e-19 -3.20237e-06  2.03198e-19 -2.90792e-06  -2.2255e-19  1.97963e-06  1.91794e-19  5.10391e-07 -1.23761e-19 -6.90929e-07  5.39161e-20 -1.02485e-07 -1.18456e-20  1.98226e-07 -2.72553e-22  3.72271e-08  9.82996e-23 -4.76801e-08 -1.23821e-21 -1.59616e-08  2.99661e-21  8.16877e-09   -6.351e-22  5.29113e-09 -4.20201e-21 -3.69668e-10   6.5166e-21 -1.13003e-09 -5.16524e-21 -2.70883e-10  2.74502e-21  1.05569e-10 -1.18534e-21  7.80146e-11  4.51632e-22  1.15566e-11 -8.95142e-23 -6.43531e-12 -2.78487e-23  -3.7598e-12  5.99614e-24 -6.37236e-13  1.32048e-23  1.57728e-13 -1.09278e-24  1.17226e-13 -7.40824e-24  2.85916e-14  4.70258e-24  1.10161e-15 -1.05547e-24 -1.57373e-15  -1.6912e-25  -5.9108e-16  2.42069e-25  -1.0575e-16 -7.88973e-26 -4.88502e-18 -9.89076e-27  2.87036e-18     1.12e-26   9.6815e-19 -7.36805e-29  1.66816e-19  -9.9598e-28  1.61932e-20   3.4734e-29  1.44447e-22   4.6501e-29 -2.48856e-22 -2.89757e-30 -4.85081e-23 -9.67736e-31 -5.38967e-24 -9.91216e-32 -3.86425e-25 -2.89303e-32 -1.55506e-26  -4.4177e-34  4.39325e-29   8.2495e-34  4.92778e-29 -1.24379e-34  3.15685e-30 -2.65571e-35  9.76627e-32  9.59142e-37   1.3435e-33  5.46845e-38
 -4.7658e-29 -4.03674e-13  8.31902e-28  1.32651e-11 -7.11402e-27 -2.28224e-10  5.68179e-26   2.5823e-09 -4.17303e-25  -2.1194e-08  2.38315e-24  1.33128e-07 -9.93584e-24 -6.61185e-07  2.93879e-23   2.6503e-06 -5.73002e-23 -8.68271e-06  4.96548e-23   2.3401e-05   1.0604e-22 -5.19398e-05 -5.80916e-22  9.44844e-05  1.60365e-21 -0.000139091 -3.63547e-21  0.000161481  7.95699e-21 -0.000140102 -1.79752e-20  7.89013e-05  4.09828e-20  -1.2332e-05  -8.7573e-20 -2.19926e-05  1.63892e-19  1.77827e-05 -2.57705e-19 -4.68829e-07  3.32209e-19 -6.08879e-06 -3.43702e-19  1.86432e-06  2.76746e-19  1.61437e-06 -1.63701e-19   -7.745e-07  6.25161e-20 -4.40692e-07 -1.00879e-20  2.16034e-07 -1.04555e-21  1.33224e-07  5.68309e-22 -4.04395e-08 -4.38139e-21 -3.88593e-08  7.28399e-21  1.69271e-09 -2.70213e-21  8.84116e-09 -4.83463e-21  1.95702e-09   7.8142e-21 -1.13519e-09 -5.72858e-21 -7.00346e-10  2.75535e-21 -3.87703e-11 -1.15751e-21  9.53516e-11  4.69337e-22  3.90813e-11 -7.92358e-23   1.4549e-12 -4.66342e-23  -4.2066e-12  2.75125e-24 -1.70277e-12  2.45561e-23 -1.99379e-13 -5.84582e-24  8.28856e-14 -7.36637e-24  4.60024e-14  5.19572e-24  1.00108e-14 -1.20107e-24  3.99448e-16  -1.8227e-25 -4.48165e-16  2.63881e-25 -1.62381e-16 -7.65419e-26 -2.92947e-17  -1.4865e-26 -2.19265e-18  1.14879e-26  3.68699e-19  4.05361e-28  1.54778e-19 -9.88514e-28   2.7898e-20 -6.00338e-30  3.07134e-21    3.595e-29  1.70231e-22  -1.0548e-30 -8.05403e-24 -5.92333e-31 -2.92894e-24 -1.30912e-31  -3.4472e-25 -4.68275e-32 -2.48832e-26 -1.99318e-33 -1.14796e-27  7.82851e-34 -2.95097e-29 -8.43143e-35 -1.30805e-31 -1.36723e-35  1.30192e-32  4.48203e-37  2.05511e-34
 5.46596e-14 -4.48125e-28 -3.24016e-12  4.69994e-27  7.51007e-11 -3.51672e-26 -1.05146e-09  2.59669e-25  1.02584e-08 -1.67933e-24 -7.48928e-08  8.35203e-24  4.26494e-07 -3.05789e-23 -1.94437e-06  7.99868e-23   7.2138e-06 -1.38224e-22 -2.19916e-05   1.0604e-22   5.5317e-05  2.00351e-22 -0.000114669  -9.7824e-22  0.000194436  2.47096e-21 -0.000265252 -5.39587e-21  0.000281674  1.20954e-20 -0.000216577 -2.89407e-20   9.6562e-05  6.90577e-20  7.93369e-06 -1.49442e-19  -4.3429e-05  2.75177e-19  2.13049e-05  -4.1758e-19  6.38364e-06  5.12866e-19 -9.70876e-06 -5.00146e-19  3.04726e-07  3.74611e-19  3.09963e-06 -2.01365e-19 -3.99329e-07  6.61584e-20 -9.07716e-07 -7.60068e-21  8.78543e-08  1.06402e-22  2.51651e-07  5.64846e-22  1.00515e-08 -9.29487e-21 -5.91895e-08  1.35173e-20 -1.46992e-08 -5.52977e-21  9.17584e-09 -5.41559e-21  5.46068e-09  8.96235e-21 -1.20544e-10 -5.97207e-21 -1.00221e-09  2.54844e-21 -3.14365e-10 -1.07399e-21  4.34131e-11  4.82396e-22  5.96178e-11 -5.79419e-23  1.60739e-11 -7.42686e-23 -1.13704e-12  6.69146e-25 -2.14932e-12  3.68586e-23 -6.77253e-13 -1.11469e-23 -5.62008e-14 -7.00455e-24  3.35597e-14  5.56518e-24  1.56474e-14 -1.34614e-24  3.18104e-15 -1.89965e-25  1.71902e-16  2.84301e-25 -1.00082e-16 -7.21837e-26 -3.69885e-17 -1.95485e-26 -6.79911e-18  1.12529e-26 -6.60499e-19  8.75767e-28  1.33426e-20  -9.1098e-28  1.72899e-20 -5.22927e-29  3.37744e-21  2.18805e-29  3.93529e-22  1.90795e-31  2.87899e-23 -1.81607e-31  9.09507e-25 -1.50145e-31 -6.63129e-26  -5.8503e-32 -1.12437e-26  -2.4739e-33 -7.80894e-28  6.17218e-34 -3.15088e-29 -5.48434e-35 -7.11676e-31 -5.81792e-36 -6.89376e-33  1.40765e-37
 1.64593e-28  5.89973e-13 -2.92797e-27 -2.01846e-11  2.34255e-26  3.61967e-10 -1.62223e-25 -4.27412e-09  1.09051e-24  3.66594e-08 -6.15879e-24 -2.41016e-07  2.66995e-23  1.25509e-06 -8.58668e-23 -5.28599e-06  1.97907e-22  1.82406e-05  -3.0027e-22 -5.19398e-05  2.00351e-22  0.000122277  3.25282e-22 -0.000237175 -1.35935e-21  0.000375131  3.02775e-21 -0.000473709 -6.38119e-21  0.000457737  1.54768e-20 -0.000306172 -4.17507e-20  9.55135e-05  1.07996e-19   4.9809e-05 -2.40026e-19 -6.99818e-05  4.36977e-19  1.78486e-05 -6.40679e-19  1.82279e-05  7.49003e-19 -1.20784e-05 -6.86476e-19 -3.40577e-06  4.75339e-19  4.42517e-06 -2.29196e-19  7.15215e-07  6.30974e-20 -1.31931e-06 -6.28521e-21 -2.62082e-07  4.95566e-21  3.27966e-07 -1.90914e-22   1.1399e-07 -1.62237e-20  -5.7611e-08  2.15974e-20 -3.86427e-08  -8.8638e-21  2.44587e-09 -5.98112e-21  8.40795e-09  9.84198e-21  2.11086e-09 -5.83098e-21 -7.75826e-10  2.14454e-21 -6.04783e-10 -9.63644e-22 -9.76849e-11  4.97345e-22  4.77342e-11 -2.43459e-23  2.98419e-11  -1.1124e-22  5.55343e-12  8.49151e-25 -1.06521e-12  4.87565e-23 -9.16369e-13 -1.65079e-23 -2.41223e-13  -6.2924e-24 -1.58099e-14   5.7711e-24  1.08801e-14 -1.49318e-24  4.58428e-15 -1.90213e-25  9.01889e-16  3.03506e-25  6.71111e-17 -6.63066e-26  -1.6122e-17 -2.35559e-26  -6.7101e-18   1.0501e-26 -1.26545e-18  1.30756e-27 -1.41446e-19 -7.79333e-28 -6.03881e-21 -9.70585e-29  1.06705e-21  5.90393e-30  2.70089e-22  6.42007e-31   3.2629e-23  1.60525e-31  2.52472e-24 -1.56241e-31  1.22238e-25 -6.04643e-32  2.52308e-27 -2.19201e-33 -9.68883e-29  4.00039e-34 -8.85463e-30 -3.30753e-35 -2.55341e-31   -1.919e-36 -2.32543e-33
 -6.8985e-14  1.47446e-27  4.27007e-12 -1.56132e-26 -1.03445e-10   1.0768e-25  1.51538e-09 -6.99839e-25 -1.54878e-08  4.20485e-24  1.18608e-07 -2.06562e-23 -7.09627e-07  7.81148e-23  3.40509e-06 -2.20231e-22 -1.33255e-05  4.43779e-22  4.29627e-05 -5.80916e-22 -0.000114669  3.25282e-22  0.000253323  4.22075e-22 -0.000460534 -1.31239e-21  0.000679722  2.11351e-21 -0.000793058 -4.19897e-21  0.000692184  1.41606e-20  -0.00039093 -5.18839e-20  5.70706e-05  1.55851e-19   0.00011761 -3.63191e-19 -9.46403e-05   6.5763e-19  1.83868e-06 -9.32671e-19  3.40478e-05  1.03657e-18 -1.05533e-05 -8.89331e-19 -9.36914e-06  5.64209e-19  4.60816e-06 -2.39079e-19  2.64169e-06  5.30754e-20 -1.34369e-06 -9.10952e-21 -8.27582e-07   1.5277e-20   2.6389e-07 -1.79171e-21  2.51134e-07  -2.5156e-20 -1.27565e-08  3.09965e-20 -5.93968e-08  -1.2247e-20 -1.31066e-08 -6.57759e-21   7.8877e-09   1.0345e-20  4.89406e-09 -5.29305e-21  2.80364e-10  1.60244e-21 -6.77905e-10  -8.6366e-22 -2.84119e-10  5.20404e-22 -1.30605e-11  2.05848e-23  3.00594e-11  -1.5606e-22  1.26566e-11  4.09495e-24  1.65001e-12  5.87909e-23  -5.5129e-13 -2.14229e-23 -3.34524e-13 -5.21174e-24 -7.77186e-14  5.78541e-24 -4.92785e-15 -1.64625e-24  2.81078e-15 -1.81268e-25  1.13694e-15    3.212e-25   2.2149e-16 -5.91288e-26  2.09292e-17 -2.66233e-26 -1.40552e-18  9.28992e-27 -9.10461e-19  1.66785e-27 -1.79482e-19 -6.13423e-28 -2.14938e-20  -1.3377e-28 -1.50346e-21 -9.96442e-30 -1.08944e-23  3.45128e-31  1.15914e-23  3.62436e-31  1.57868e-24 -1.50189e-31  1.18854e-25 -5.33156e-32  5.64505e-27 -1.54635e-33  1.59478e-28  2.08295e-34   1.9958e-30 -1.75077e-35 -5.71618e-33  -4.2027e-37
-4.94878e-28   -6.655e-13  9.18784e-27  2.38918e-11 -7.33612e-26 -4.49946e-10  4.66019e-25  5.58474e-09 -2.81146e-24 -5.04054e-08  1.48939e-23  3.49162e-07 -6.35807e-23 -1.91867e-06  2.09692e-22  8.54248e-06 -5.15626e-22 -3.12317e-05  8.95598e-22  9.44844e-05  -9.7824e-22 -0.000237175  4.22075e-22  0.000492903   3.3059e-22  -0.00084112  1.16257e-23   0.00115852 -2.41372e-21  -0.00124545  5.57457e-21  0.000971475  4.85406e-22 -0.000439521 -4.96388e-20  -3.8941e-05  2.05402e-19  0.000208534  -5.1812e-19 -0.000105178  9.39907e-19 -3.11511e-05 -1.29098e-18  4.99059e-05  1.36169e-18 -2.22771e-06 -1.08771e-18  -1.6507e-05  6.23733e-19  2.45457e-06 -2.24106e-19  5.01806e-06  3.78456e-20 -5.96306e-07 -1.96293e-20 -1.45358e-06  3.22906e-20 -3.11805e-08 -4.00708e-21  3.59462e-07 -3.57424e-20  8.41482e-08  4.07588e-20 -5.91439e-08 -1.50922e-20 -3.39566e-08 -7.23075e-21  1.24679e-09   1.0385e-20  6.56322e-09 -4.39981e-21   2.0279e-09  1.00592e-21 -3.01902e-10 -8.09565e-22 -4.00179e-10  5.55985e-22 -1.08761e-10  7.28482e-23  7.21171e-12   -2.051e-22  1.45234e-11  1.07338e-23  4.69565e-12  6.56496e-23  4.41326e-13 -2.54413e-23 -2.12005e-13 -3.76528e-24 -1.05317e-13  5.59524e-24 -2.25976e-14 -1.80836e-24 -1.64907e-15 -1.62808e-25  5.55305e-16  3.36754e-25   2.3187e-16 -5.05866e-26  4.53473e-17 -2.86113e-26  4.99444e-18  7.71295e-27  9.03266e-20  1.92457e-27 -8.17174e-20 -4.33756e-28 -1.81137e-20 -1.57773e-28   -2.239e-21 -2.36351e-29 -1.78217e-22 -4.44048e-31 -7.94993e-24  4.05844e-31  3.80779e-26 -1.34208e-31  3.42671e-26 -4.06233e-32  2.58334e-27 -8.79003e-34  1.00071e-28   8.2377e-35  1.98628e-30 -7.49848e-36  1.32969e-32
