 0.000962714  1.41768e-18  -0.00453654 -7.45441e-18   0.00635769  8.13062e-18  -0.00222429 -3.35608e-18  -0.00239026 -9.76314e-19   0.00135171  1.39412e-18   0.00121235 -6.46874e-19 -0.000519742 -4.52533e-20 -0.000671288  6.56839e-19  8.53921e-05 -1.39603e-19  0.000325818 -6.49068e-19  6.31152e-05  1.20806e-19 -0.000115707  1.94094e-19 -6.74513e-05  1.42936e-19  1.88269e-05 -7.23222e-20  3.25217e-05 -7.85057e-20  7.15035e-06  6.27128e-21 -7.61681e-06  1.20795e-20 -5.66711e-06  6.04074e-21 -4.44244e-07   2.5295e-21    1.289e-06 -3.38676e-21   7.2863e-07 -3.99707e-22  7.82792e-08 -1.71081e-22 -9.75821e-08  2.15276e-22 -5.83075e-08  2.26649e-23 -1.40026e-08   1.7753e-23 -2.86991e-10   6.8704e-24   7.9428e-10 -2.30961e-24  2.31621e-10 -1.16417e-24  2.88316e-11 -1.22138e-25  1.20907e-12
 1.41768e-18   0.00683602  4.94229e-18   -0.0167193 -1.19319e-17    0.0142258  8.25877e-18  0.000888067 -4.29819e-18  -0.00724008  2.36225e-18  1.54649e-05  7.10604e-19   0.00358529 -3.88208e-18  0.000436718  6.74347e-19  -0.00162723  2.78251e-18 -0.000577888 -1.35584e-19  0.000576798  -1.8853e-18  0.000426216 -1.43512e-19 -0.000101364  3.83473e-19 -0.000208356  4.13208e-19 -3.97208e-05 -2.55977e-20  6.10508e-05 -1.46868e-19  3.94699e-05  -2.8351e-20 -2.96115e-06 -2.29084e-21  -1.3538e-05  1.73833e-20 -5.45055e-06  1.05197e-20  9.55138e-07 -2.55713e-21  1.75228e-06  -2.6037e-21  6.55046e-07 -9.46403e-22   2.9369e-09  2.05991e-22 -9.54157e-08  8.62472e-23 -4.25058e-08  5.19741e-23 -8.91587e-09  1.31563e-23 -6.82311e-10 -4.61632e-24  8.38518e-11 -1.73347e-24  1.81625e-11 -1.15253e-25
 -0.00453654  4.94229e-18    0.0223043   5.0304e-18   -0.0337528  3.49956e-20    0.0153805 -2.00851e-18    0.0106805  -6.8054e-18  -0.00958852  1.08191e-17  -0.00500565  1.70354e-18   0.00450117 -9.02923e-18   0.00301158 -3.23379e-19  -0.00161119  5.67219e-18  -0.00176592  1.34843e-18  0.000266237 -2.63195e-18  0.000852949 -1.03603e-18  0.000163607  1.47437e-19 -0.000290061  6.79567e-19 -0.000172351  1.99464e-19   3.9599e-05 -1.14686e-19  7.73125e-05 -8.43936e-20  2.05686e-05 -5.14008e-20 -1.46488e-05  2.37819e-20 -1.27642e-05  2.29434e-20 -2.32359e-06  3.12045e-21  1.84208e-06  -4.5764e-21  1.38175e-06 -1.93138e-21  3.55925e-07  -3.4892e-23  -2.4394e-08  5.56018e-23 -4.73644e-08  4.91429e-23 -1.59295e-08  7.36334e-24 -2.70284e-09 -6.68957e-24 -2.22249e-10 -1.50795e-24 -5.26524e-12
-7.45441e-18   -0.0167193   5.0304e-18     0.043959 -4.15857e-18   -0.0433934  2.11342e-17   0.00479171 -1.15644e-17    0.0204302 -1.35654e-17  -0.00544331  1.72325e-17   -0.0102721  6.76429e-18   0.00218975 -1.22228e-17   0.00535756 -4.32852e-18 -0.000140588  6.79438e-18  -0.00256671  4.01275e-18 -0.000588463 -1.68898e-18  0.000974981 -1.97764e-18  0.000564264  -6.5566e-19 -0.000208103  6.72003e-19  -0.00030143  4.87152e-19 -4.11577e-05  5.37048e-20  9.05069e-05 -1.21519e-19  5.37801e-05 -1.16075e-19 -3.50614e-06   1.4084e-20 -1.71236e-05  3.43963e-20 -7.49961e-06  1.10297e-20  1.93566e-07 -4.07066e-21  1.58149e-06 -1.93276e-21  7.44026e-07 -2.00507e-22   1.4428e-07 -9.94319e-23 -7.41862e-09 -2.00066e-23 -1.07627e-08  -1.2964e-23 -2.45171e-09  -7.6197e-24 -2.24926e-10 -7.90571e-25
  0.00635769 -1.19319e-17   -0.0337528 -4.15857e-18    0.0581942 -1.47189e-17   -0.0373723  3.23006e-17   -0.0103587 -1.24719e-17    0.0225771 -2.18119e-17   0.00233901  1.62207e-17   -0.0119589  1.31186e-17  -0.00177436  -1.1387e-17   0.00591038 -9.78364e-18   0.00185877  4.62834e-18  -0.00249003  6.10124e-18  -0.00150384  7.10322e-19  0.000710976 -2.28569e-18  0.000892163 -1.68019e-18  1.01125e-05  3.00038e-19 -0.000358288  6.56145e-19 -0.000148893  2.88829e-19  6.64303e-05 -1.16169e-19    8.075e-05 -1.66906e-19  1.72796e-05 -1.49155e-20 -1.47462e-05   3.6136e-20 -1.18971e-05  1.64125e-20 -2.76506e-06 -4.11776e-22   8.5516e-07  6.05277e-23   8.4319e-07  1.26281e-22  2.86264e-07 -2.32389e-22   4.7935e-08 -9.95446e-23  2.04517e-09 -2.86478e-23 -5.34731e-10 -5.82879e-24 -5.34683e-11
 8.13062e-18    0.0142258  3.49956e-20   -0.0433934 -1.47189e-17    0.0553117 -1.79295e-17   -0.0222744  3.27436e-17   -0.0194524 -7.44309e-18     0.017968 -2.72054e-17   0.00829697  1.03768e-17      -0.0103  1.82514e-17   -0.0049673 -7.19656e-18   0.00497464 -1.42152e-17   0.00341254  1.05592e-19  -0.00179905  6.64482e-18  -0.00213704  3.44107e-18  0.000226613  -1.7957e-18   0.00104931  -2.4317e-18   0.00027916 -2.96864e-19 -0.000327466  6.26357e-19  -0.00024689  4.98518e-19  1.14146e-05 -5.47373e-20  9.03707e-05 -1.84312e-19  4.06675e-05  -5.7567e-20 -5.26256e-06  2.05027e-20 -1.30769e-05  1.52031e-20  -5.7147e-06  5.06584e-21 -5.97347e-07  3.86544e-21  5.04445e-07  1.08663e-21   2.8011e-07 -1.52261e-22  6.98173e-08 -1.05412e-22  9.22896e-09 -2.37972e-23  5.36537e-10 -2.36281e-24
 -0.00222429  8.25877e-18    0.0153805  2.11342e-17   -0.0373723 -1.79295e-17    0.0415486 -1.72626e-17   -0.0106283  3.22742e-17   -0.0206316 -1.60971e-19    0.0124136 -2.92589e-17    0.0108916  4.18064e-18    -0.007747  2.28696e-17  -0.00675414 -9.32057e-19   0.00355624 -1.61217e-17    0.0043322 -4.85594e-18 -0.000897162  5.87798e-18  -0.00245165    5.626e-18 -0.000317379 -6.73194e-19   0.00104155 -2.58961e-18  0.000534726 -9.30122e-19 -0.000224435  4.21675e-19 -0.000312118  6.36666e-19 -6.05547e-05  7.79883e-20  7.86766e-05 -1.60134e-19  5.92711e-05 -1.02732e-19  8.88661e-06 -1.29924e-20 -9.94045e-06  5.94936e-21  -7.2014e-06  9.75721e-21 -2.08614e-06  7.98903e-21 -1.10604e-07  2.34985e-21  1.25832e-07  1.48163e-22  4.51787e-08 -3.50963e-23  6.69691e-09 -8.12765e-24  3.36948e-10
-3.35608e-18  0.000888067 -2.00851e-18   0.00479171  3.23006e-17   -0.0222744 -1.72626e-17    0.0299227 -1.77095e-17  -0.00628144  3.33574e-17   -0.0190656  7.24142e-18   0.00882746 -3.08103e-17    0.0117872 -1.21269e-18  -0.00554895  2.70051e-17  -0.00768988  6.00976e-18   0.00213587 -1.53143e-17   0.00480167  -9.0352e-18  2.65498e-05  4.14086e-18  -0.00251349  6.82838e-18 -0.000839371  8.44094e-19  0.000901654 -2.13388e-18  0.000741154 -1.50541e-18 -7.20429e-05  8.59626e-20 -0.000333483  7.05392e-19 -0.000134472  2.79482e-19  4.72742e-05 -9.48959e-20  6.73942e-05 -1.37481e-19  2.36572e-05 -5.55684e-20  -3.0631e-06  -9.7043e-21 -6.33966e-06  1.11417e-20 -2.82176e-06  1.04839e-20 -6.29673e-07  3.24152e-21  -5.2692e-08  4.38404e-22  6.70517e-09  3.17889e-23  1.60693e-09  6.07663e-25
 -0.00239026 -4.29819e-18    0.0106805 -1.15644e-17   -0.0103587  3.27436e-17   -0.0106283 -1.77095e-17    0.0251309 -2.17074e-17  -0.00511448  3.49105e-17   -0.0180809  1.23711e-17   0.00644872 -3.35509e-17    0.0122379 -7.05457e-18  -0.00366023   2.8641e-17  -0.00817187  1.22429e-17  0.000784721 -1.23907e-17   0.00494944 -1.20911e-17   0.00090438  1.47624e-18  -0.00237636  6.88839e-18   -0.0012964  2.51754e-18  0.000662545 -1.30499e-18  0.000878585  -2.0218e-18  0.000106151 -3.52964e-19 -0.000308144  7.24728e-19 -0.000196688  5.11108e-19  1.78744e-06  2.01263e-21   6.2009e-05 -1.49839e-19  3.46241e-05 -9.32212e-20  5.49361e-06  -2.7498e-20 -3.27406e-06  8.30265e-21 -2.39464e-06  1.01811e-20 -7.48632e-07  3.20996e-21 -1.29857e-07  4.91303e-22 -1.14664e-08  4.21748e-23  -3.1871e-10
-9.76314e-19  -0.00724008  -6.8054e-18    0.0204302 -1.24719e-17   -0.0194524  3.22742e-17  -0.00628144 -2.17074e-17    0.0233778 -2.64175e-17  -0.00381509  3.58323e-17    -0.017514  1.49686e-17   0.00440929 -3.65859e-17    0.0123759 -1.38933e-17  -0.00195466  2.63569e-17  -0.00830726  1.71903e-17 -0.000463075 -8.06345e-18   0.00484509 -1.40839e-17   0.00169358 -1.97241e-18  -0.00208573  5.99416e-18  -0.00166243  4.15385e-18  0.000356274 -4.24717e-19  0.000937622  -2.4892e-18  0.000287702 -8.58522e-19 -0.000239578   7.0088e-19 -0.000236224  7.09977e-19 -4.94903e-05  1.13275e-19  4.32425e-05 -1.31833e-19  3.81831e-05 -1.12921e-19  1.28165e-05 -4.13755e-20  7.65609e-07  2.82669e-21 -1.08194e-06  7.50923e-21 -4.76289e-07    2.325e-21 -9.44165e-08  3.26659e-22 -8.50513e-09  1.89913e-23
  0.00135171  2.36225e-18  -0.00958852 -1.35654e-17    0.0225771 -7.44309e-18   -0.0206316  3.33574e-17  -0.00511448 -2.64175e-17    0.0215574 -2.88314e-17  -0.00248438  3.61827e-17   -0.0167615  1.71743e-17   0.00268461 -3.75946e-17    0.0122226 -2.09837e-17 -0.000465602  2.07709e-17  -0.00818617  2.12854e-17  -0.00157388 -2.87258e-18    0.0045534 -1.51217e-17   0.00237087  -5.6732e-18  -0.00168316  4.67345e-18  -0.00192447  5.60755e-18  1.23184e-05  3.04753e-19  0.000916638 -2.86948e-18  0.000452528 -1.36132e-18 -0.000136091  6.15944e-19 -0.000245645  8.18491e-19 -9.69422e-05  2.17982e-19  1.44387e-05 -8.22515e-20  3.26505e-05 -1.06479e-19   1.6163e-05 -4.50373e-20  3.96267e-06 -1.83678e-21  2.94872e-07  4.21302e-21  -1.0154e-07  1.22466e-21 -2.84851e-08  1.34131e-22 -1.95023e-09
 1.39412e-18  1.54649e-05  1.08191e-17  -0.00544331 -2.18119e-17     0.017968 -1.60971e-19   -0.0190656  3.49105e-17  -0.00381509 -2.88314e-17    0.0197091 -2.87266e-17  -0.00160046  3.66666e-17   -0.0159752   2.1654e-17   0.00131387 -3.50372e-17    0.0119187 -2.76912e-17  0.000814235  1.37675e-17   -0.0078966  2.51631e-17  -0.00254588  2.64377e-18   0.00412572 -1.52358e-17   0.00292869 -8.90136e-18  -0.00120261  3.48584e-18  -0.00207759  6.74546e-18 -0.000343265  8.77969e-19  0.000819499 -3.08338e-18  0.000583432  -1.7745e-18 -9.68293e-06  4.44685e-19 -0.000221703  8.05457e-19 -0.000131042  2.98146e-19 -1.82493e-05 -6.91103e-21   1.9084e-05  -7.2281e-20  1.41925e-05 -3.50188e-20  4.90985e-06 -2.73896e-21  9.73928e-07  1.96493e-21   1.0222e-07  4.80863e-22  3.72606e-09  3.16202e-23
  0.00121235  7.10604e-19  -0.00500565  1.72325e-17   0.00233901 -2.72054e-17    0.0124136  7.24142e-18   -0.0180809  3.58323e-17  -0.00248438 -2.87266e-17    0.0183711 -2.81951e-17 -0.000992792  3.74518e-17   -0.0152939  2.92096e-17  0.000180374 -2.96027e-17    0.0115409 -3.39603e-17    0.0019275  7.19564e-18  -0.00748934  2.87322e-17  -0.00338798  7.74399e-18   0.00359731 -1.44805e-17   0.00336535 -1.11519e-17 -0.000671649   2.6879e-18  -0.00212137  7.46154e-18 -0.000687235  1.40747e-18  0.000654327 -3.05135e-18  0.000666407 -2.03408e-18  0.000124861  1.77089e-19  -0.00016587  6.70804e-19 -0.000143936  3.44139e-19 -4.68678e-05  8.21086e-20   1.5069e-06 -1.75687e-20  7.92745e-06 -1.42021e-20   3.5657e-06  6.32501e-23  8.33221e-07  1.10741e-21  1.03887e-07  1.64836e-22  4.76215e-09
-6.46874e-19   0.00358529  1.70354e-18   -0.0102721  1.62207e-17   0.00829697 -2.92589e-17   0.00882746  1.23711e-17    -0.017514  3.61827e-17  -0.00160046 -2.81951e-17    0.0173477 -3.01173e-17 -0.000467635  3.80936e-17   -0.0146814  3.81904e-17 -0.000789114 -2.35493e-17    0.0111122 -3.96783e-17   0.00290133  1.94961e-18  -0.00699544  3.10647e-17  -0.00410844  1.16679e-17   0.00299435 -1.30811e-17   0.00368161 -1.23545e-17  -0.00011365  2.15518e-18  -0.00205834   7.7328e-18  -0.00099859  1.99467e-18  0.000432967 -2.73016e-18  0.000691095 -2.12804e-18  0.000250889 -1.72864e-19 -8.47347e-05  4.41106e-19 -0.000131206  3.53944e-19 -6.34379e-05  1.65413e-19 -1.39746e-05  4.01425e-20  5.96363e-07  7.93815e-21   1.2853e-06  3.55189e-21  3.50412e-07  8.68916e-22   3.8533e-08  5.62098e-23
-0.000519742 -3.88208e-18   0.00450117  6.76429e-18   -0.0119589  1.03768e-17    0.0108916 -3.08103e-17   0.00644872  1.49686e-17   -0.0167615  3.66666e-17 -0.000992792 -3.01173e-17    0.0164622 -3.55588e-17 -3.01133e-05  3.82145e-17   -0.0141167  4.60177e-17  -0.00162285 -1.87992e-17    0.0106529 -4.42756e-17   0.00375649 -2.12122e-18   -0.0064377  3.11866e-17  -0.00471594  1.40611e-17    0.0023367 -1.14162e-17   0.00387931 -1.27901e-17  0.000450965  1.55808e-18  -0.00189333  7.63895e-18  -0.00125816   2.6685e-18  0.000170801 -2.13749e-18  0.000651487 -2.09302e-18  0.000351054 -5.68648e-19  9.93195e-06  1.60665e-19 -9.36892e-05  3.25928e-19 -6.25909e-05  2.17241e-19  -2.1607e-05  7.85297e-20 -4.18463e-06  2.09533e-20 -3.35883e-07  4.77868e-21  2.01681e-08  5.76674e-22  3.58063e-09
-4.52533e-20  0.000436718 -9.02923e-18   0.00218975  1.31186e-17      -0.0103  4.18064e-18    0.0117872 -3.35509e-17   0.00440929  1.71743e-17   -0.0159752  3.74518e-17 -0.000467635 -3.55588e-17    0.0157112 -4.26051e-17  0.000327966  3.76699e-17   -0.0136069  5.10094e-17  -0.00235151 -1.57306e-17    0.0101777 -4.69379e-17   0.00451267  -5.5301e-18  -0.00583084  2.89839e-17  -0.00521825  1.51642e-17   0.00163948 -9.84379e-18   0.00396031 -1.28946e-17   0.00100349  6.25663e-19  -0.00163319  7.31992e-18   -0.0014484  3.39498e-18 -0.000113227 -1.36079e-18  0.000546923 -1.98114e-18  0.000408996 -9.53251e-19  0.000101804 -1.21154e-19 -3.89589e-05   2.5563e-19 -4.46567e-05  2.16349e-19 -1.93412e-05  8.39253e-20 -4.89116e-06  2.11385e-20 -7.27776e-07  3.51208e-21 -5.29901e-08  2.22474e-22
-0.000671288  6.74347e-19   0.00301158 -1.22228e-17  -0.00177436  1.82514e-17    -0.007747 -1.21269e-18    0.0122379 -3.65859e-17   0.00268461   2.1654e-17   -0.0152939  3.80936e-17 -3.01133e-05 -4.26051e-17    0.0150859 -4.80958e-17  0.000636467  3.64157e-17   -0.0131474  5.30944e-17  -0.00300081  -1.3405e-17   0.00969259 -4.70754e-17   0.00518555 -8.51237e-18  -0.00518387  2.54158e-17  -0.00562113  1.56039e-17  0.000914793 -8.54773e-18   0.00392599 -1.30776e-17   0.00152587 -6.67226e-19  -0.00128711   6.9013e-18  -0.00155357  4.09015e-18 -0.000396586 -5.34098e-19  0.000383389  -1.8198e-18   0.00041176 -1.25509e-18  0.000171801 -3.60621e-19   1.8501e-05  1.46496e-19  -1.7366e-05  1.63587e-19 -1.05626e-05  6.17135e-20 -2.91111e-06  1.34383e-20 -4.17324e-07  1.56808e-21 -2.18501e-08
 6.56839e-19  -0.00162723 -3.23379e-19   0.00535756  -1.1387e-17   -0.0049673  2.28696e-17  -0.00554895 -7.05457e-18    0.0123759 -3.75946e-17   0.00131387  2.92096e-17   -0.0146814  3.82145e-17  0.000327966 -4.80958e-17    0.0145541 -5.02095e-17  0.000908585   3.4589e-17   -0.0127308  5.33262e-17  -0.00358856 -1.06378e-17   0.00920049 -4.47756e-17   0.00578729 -1.09756e-17  -0.00450234  2.19659e-17  -0.00592832      1.6e-17  0.000173124 -7.53548e-18   0.00377725 -1.35468e-17   0.00199984 -2.09069e-18 -0.000867226  6.42963e-18  -0.00156029  4.62551e-18 -0.000653348  2.18101e-19  0.000174982 -1.59506e-18  0.000353064 -1.40481e-18  0.000201837 -5.21547e-19  6.04759e-05   2.4451e-20  6.81456e-06  8.72614e-20 -1.72658e-06  3.12604e-20 -7.70207e-07  5.53935e-21 -1.00402e-07  3.79454e-22
 8.53921e-05  2.78251e-18  -0.00161119 -4.32852e-18   0.00591038 -7.19656e-18  -0.00675414  2.70051e-17  -0.00366023 -1.38933e-17    0.0122226 -3.50372e-17  0.000180374  3.81904e-17   -0.0141167  3.76699e-17  0.000636467 -5.02095e-17    0.0140999 -4.93897e-17   0.00115207  3.24971e-17    -0.012353  5.28494e-17  -0.00412912 -6.99878e-18   0.00870214 -4.09706e-17   0.00632747 -1.27304e-17  -0.00378923  1.98179e-17  -0.00614139   1.6649e-17 -0.000575667 -6.74282e-18   0.00351469 -1.41799e-17   0.00240629 -3.31691e-18 -0.000389535  5.85784e-18  -0.00145876  4.86944e-18 -0.000854955   8.3175e-19 -5.49028e-05 -1.27323e-18  0.000237427 -1.35992e-18  0.000181592 -5.75288e-19   7.3112e-05 -6.78763e-20  1.80922e-05   2.4361e-20   2.6465e-06  9.51819e-21    1.862e-07  1.31335e-21  2.60394e-09
-1.39603e-19 -0.000577888  5.67219e-18 -0.000140588 -9.78364e-18   0.00497464 -9.32057e-19  -0.00768988   2.8641e-17  -0.00195466 -2.09837e-17    0.0119187 -2.96027e-17 -0.000789114  4.60177e-17   -0.0136069  3.64157e-17  0.000908585 -4.93897e-17    0.0137139 -4.74635e-17   0.00137501  3.03389e-17   -0.0120097  5.21095e-17  -0.00463428 -3.10851e-18   0.00819635 -3.70446e-17    0.0068132 -1.35948e-17  -0.00304579  1.92735e-17   -0.0062597  1.74368e-17  -0.00132135 -6.09936e-18   0.00313903  -1.4574e-17   0.00272478 -4.11638e-18  0.000124924  5.09757e-18  -0.00124465  4.75696e-18 -0.000972113  1.30075e-18 -0.000273225 -8.46808e-19  8.48913e-05 -1.12804e-18   0.00011728 -5.13807e-19  5.63837e-05 -1.01082e-19  1.58923e-05 -6.14764e-21   2.6783e-06  5.57656e-22  2.25965e-07  1.00809e-22
 0.000325818 -1.35584e-19  -0.00176592  6.79438e-18   0.00185877 -1.42152e-17   0.00355624  6.00976e-18  -0.00817187  2.63569e-17 -0.000465602 -2.76912e-17    0.0115409 -2.35493e-17  -0.00162285  5.10094e-17   -0.0131474   3.4589e-17   0.00115207 -4.74635e-17    0.0133864 -4.61505e-17   0.00158348  2.80737e-17   -0.0116964  5.07452e-17  -0.00511353 -1.31795e-19   0.00768066 -3.40556e-17   0.00724937 -1.34552e-17  -0.00227218  1.97164e-17  -0.00628044  1.79938e-17  -0.00205242 -5.50351e-18   0.00265188 -1.42936e-17   0.00293343 -4.45462e-18   0.00064876   4.0953e-18 -0.000922029  4.31128e-18 -0.000978318  1.61872e-18 -0.000438684 -3.73195e-19   -6.673e-05 -7.78875e-19  3.52875e-05 -3.69197e-19  2.56642e-05 -8.24171e-20  7.68821e-06  -1.0661e-20  1.17753e-06 -8.48035e-22  6.53511e-08
-6.49068e-19  0.000576798  1.34843e-18  -0.00256671  4.62834e-18   0.00341254 -1.61217e-17   0.00213587  1.22429e-17  -0.00830726  2.07709e-17  0.000814235 -3.39603e-17    0.0111122 -1.87992e-17  -0.00235151  5.30944e-17   -0.0127308  3.24971e-17   0.00137501 -4.61505e-17    0.0131103 -4.58945e-17   0.00178215  2.56145e-17   -0.0114096  4.80776e-17  -0.00557471   1.0569e-18   0.00715162 -3.21942e-17   0.00763881 -1.24378e-17  -0.00146799  2.01125e-17  -0.00619857   1.7969e-17  -0.00275513 -4.79434e-18   0.00205677 -1.31316e-17   0.00300925 -4.45736e-18   0.00114679  2.85844e-18 -0.000507221  3.58174e-18 -0.000855402  1.72406e-18 -0.000508207  2.58251e-20 -0.000170235 -4.27977e-19 -2.87576e-05 -2.08039e-19  6.45811e-07 -4.50754e-20   1.2883e-06 -5.72092e-21  1.98683e-07 -3.23625e-22
 6.31152e-05  -1.8853e-18  0.000266237  4.01275e-18  -0.00249003  1.05592e-19    0.0043322 -1.53143e-17  0.000784721  1.71903e-17  -0.00818617  1.37675e-17    0.0019275 -3.96783e-17    0.0106529 -1.57306e-17  -0.00300081  5.33262e-17    -0.012353  3.03389e-17   0.00158348 -4.58945e-17    0.0128803 -4.56309e-17   0.00197507  2.30002e-17   -0.0111457  4.37789e-17  -0.00602446  4.03645e-19   0.00660485 -3.09096e-17   0.00798231 -1.10146e-17 -0.000632673  1.96582e-17  -0.00600691  1.72353e-17  -0.00341252 -3.78951e-18   0.00136072 -1.11798e-17     0.002929 -4.31512e-18   0.00157512  1.42245e-18 -3.29044e-05  2.57912e-18 -0.000603269  1.52136e-18 -0.000454683  2.23678e-19  -0.00019289 -1.81568e-19 -5.25474e-05 -9.06122e-20 -9.04993e-06 -1.70708e-20 -8.73403e-07 -1.71074e-21 -3.08222e-08
 1.20806e-19  0.000426216 -2.63195e-18 -0.000588463  6.10124e-18  -0.00179905 -4.85594e-18   0.00480167 -1.23907e-17 -0.000463075  2.12854e-17   -0.0078966  7.19564e-18   0.00290133 -4.42756e-17    0.0101777  -1.3405e-17  -0.00358856  5.28494e-17   -0.0120097  2.80737e-17   0.00178215 -4.56309e-17     0.012692 -4.36983e-17   0.00216575   2.0359e-17   -0.0109013  3.82608e-17  -0.00646843 -1.36394e-18   0.00603513 -2.95066e-17   0.00827859 -9.83966e-18  0.000233881  1.80912e-17  -0.00569618  1.59204e-17  -0.00400324 -2.35047e-18   0.00057622 -8.70263e-18    0.0026715  -4.1891e-18   0.00188198 -1.54428e-19  0.000446596  1.32169e-18 -0.000256572  9.90014e-19   -0.0002932  1.83437e-19 -0.000141461 -7.37711e-20 -4.12732e-05 -3.36103e-20 -7.29973e-06 -4.82263e-21 -6.51336e-07 -2.93182e-22
-0.000115707 -1.43512e-19  0.000852949 -1.68898e-18  -0.00150384  6.64482e-18 -0.000897162  -9.0352e-18   0.00494944 -8.06345e-18  -0.00157388  2.51631e-17  -0.00748934  1.94961e-18   0.00375649 -4.69379e-17   0.00969259 -1.06378e-17  -0.00412912  5.21095e-17   -0.0116964  2.56145e-17   0.00197507 -4.36983e-17    0.0125424 -3.92183e-17   0.00235734  1.78645e-17   -0.0106733  3.25611e-17  -0.00691152 -3.14458e-18   0.00543637 -2.76698e-17   0.00852407 -9.43817e-18   0.00113082  1.55416e-17   -0.0052552  1.42965e-17  -0.00450055 -4.22934e-19 -0.000275764 -5.96897e-18   0.00222212 -4.11562e-18    0.0020097 -1.70515e-18   0.00084876 -2.59062e-20  0.000101449  2.85338e-19 -9.13348e-05  3.17271e-21 -6.07887e-05 -5.70654e-20 -1.81772e-05 -1.53495e-20 -2.82254e-06 -1.43513e-21  -1.5953e-07
 1.94094e-19 -0.000101364 -1.03603e-18  0.000974981  7.10322e-19  -0.00213704  5.87798e-18  2.65498e-05 -1.20911e-17   0.00484509 -2.87258e-18  -0.00254588  2.87322e-17  -0.00699544 -2.12122e-18   0.00451267 -4.70754e-17   0.00920049 -6.99878e-18  -0.00463428  5.07452e-17   -0.0114096  2.30002e-17   0.00216575 -3.92183e-17    0.0124289 -3.28158e-17   0.00255283  1.57612e-17   -0.0104585  2.78651e-17    -0.007358 -3.91755e-18   0.00480157 -2.55497e-17   0.00871264 -1.00203e-17   0.00205556  1.22366e-17  -0.00467151  1.26311e-17  -0.00487097  1.94289e-18  -0.00116123 -3.15243e-18   0.00157869 -3.91786e-18   0.00189851 -2.86823e-18   0.00106835 -1.10223e-18  0.000356565 -3.02446e-19  6.27267e-05 -1.54253e-19 -6.12714e-08  -5.9406e-20 -2.41567e-06 -9.33426e-21 -3.89604e-07 -4.94901e-22
-6.74513e-05  3.83473e-19  0.000163607 -1.97764e-18  0.000710976  3.44107e-18  -0.00245165  4.14086e-18   0.00090438 -1.40839e-17    0.0045534  2.64377e-18  -0.00338798  3.10647e-17   -0.0064377  -5.5301e-18   0.00518555 -4.47756e-17   0.00870214 -3.10851e-18  -0.00511353  4.80776e-17   -0.0111457   2.0359e-17   0.00235734 -3.28158e-17    0.0123499 -2.62134e-17   0.00275513  1.42706e-17   -0.0102537  2.50176e-17  -0.00781164 -3.08277e-18   0.00412268 -2.34697e-17   0.00883522 -1.14803e-17   0.00300257  8.38378e-18  -0.00393205  1.10872e-17  -0.00507254  4.58821e-18  -0.00202906 -3.04864e-19   0.00075825 -3.23076e-18   0.00150527 -3.19258e-18   0.00102046 -1.53552e-18  0.000426323 -5.43338e-19  0.000118585 -1.90847e-19   2.1464e-05  -4.5357e-20  2.25386e-06 -4.63784e-21  9.09755e-08
 1.42936e-19 -0.000208356  1.47437e-19  0.000564264 -2.28569e-18  0.000226613    5.626e-18  -0.00251349  1.47624e-18   0.00169358 -1.51217e-17   0.00412572  7.74399e-18  -0.00410844  3.11866e-17  -0.00583084 -8.51237e-18   0.00578729 -4.09706e-17   0.00819635 -1.31795e-19  -0.00557471  4.37789e-17   -0.0109013  1.78645e-17   0.00255283 -2.62134e-17    0.0123043 -2.12135e-17   0.00296723   1.3369e-17   -0.0100554  2.42815e-17  -0.00827569 -6.39553e-19   0.00339057 -2.15865e-17   0.00887898 -1.34757e-17    0.0039621   4.2224e-18  -0.00302397  9.70285e-18  -0.00505532  7.26575e-18  -0.00280883  2.57992e-18 -0.000183912 -1.75652e-18  0.000854722 -2.47295e-18  0.000714662 -1.24885e-18   0.00032356 -4.39772e-19   9.3152e-05 -1.29212e-19  1.65861e-05 -2.21632e-20  1.50476e-06 -1.30484e-21
 1.88269e-05  4.13208e-19 -0.000290061  -6.5566e-19  0.000892163  -1.7957e-18 -0.000317379  6.82838e-18  -0.00237636 -1.97241e-18   0.00237087 -1.52358e-17   0.00359731  1.16679e-17  -0.00471594  2.89839e-17  -0.00518387 -1.09756e-17   0.00632747 -3.70446e-17   0.00768066   1.0569e-18  -0.00602446  3.82608e-17   -0.0106733  1.57612e-17   0.00275513 -2.12135e-17    0.0122919 -1.88533e-17   0.00319228  1.27442e-17  -0.00985986   2.5343e-17  -0.00875285  2.86996e-18   0.00259463 -1.97759e-17   0.00882666 -1.55469e-17   0.00491892  3.33709e-20  -0.00193848  8.40278e-18  -0.00476594  9.63005e-18  -0.00340053  5.35434e-18  -0.00111365  3.50151e-19  9.63499e-05 -1.04114e-18  0.000289733 -5.64025e-19  0.000149999 -1.93141e-19   4.1863e-05 -5.05858e-20  6.33466e-06 -6.17134e-21   3.5489e-07
-7.23222e-20 -3.97208e-05  6.79567e-19 -0.000208103 -1.68019e-18   0.00104931 -6.73194e-19 -0.000839371  6.88839e-18  -0.00208573  -5.6732e-18   0.00292869 -1.44805e-17   0.00299435  1.40611e-17  -0.00521825  2.54158e-17  -0.00450234 -1.27304e-17    0.0068132 -3.40556e-17   0.00715162  4.03645e-19  -0.00646843  3.25611e-17   -0.0104585  1.42706e-17   0.00296723 -1.88533e-17    0.0123127 -1.91309e-17   0.00343377  1.20624e-17  -0.00966281  2.74709e-17  -0.00924538  6.68044e-18   0.00172286  -1.7761e-17   0.00865635 -1.72987e-17   0.00584815 -3.97328e-18 -0.000679016  6.96348e-18  -0.00414623  1.11463e-17  -0.00365273  7.47652e-18  -0.00179791  2.35096e-18 -0.000518395   3.5452e-19 -5.80179e-05  4.36283e-20  1.55128e-05 -7.86216e-21  7.05844e-06 -6.56387e-21  9.47718e-07 -6.21535e-22
 3.25217e-05 -2.55977e-20 -0.000172351  6.72003e-19  1.01125e-05  -2.4317e-18   0.00104155  8.44094e-19   -0.0012964  5.99416e-18  -0.00168316 -8.90136e-18   0.00336535 -1.30811e-17    0.0023367  1.51642e-17  -0.00562113  2.19659e-17  -0.00378923 -1.35948e-17   0.00724937 -3.21942e-17   0.00660485 -1.36394e-18  -0.00691152  2.78651e-17   -0.0102537   1.3369e-17   0.00319228 -1.91309e-17    0.0123676 -2.12669e-17    0.0036957  1.12379e-17  -0.00945937  2.97691e-17  -0.00975469  1.02041e-17  0.000762557 -1.53201e-17   0.00833872 -1.85707e-17    0.0067077 -7.77485e-18   0.00073709  4.95184e-18  -0.00312532  1.10749e-17  -0.00337891  8.11547e-18   -0.0019896  3.34538e-18 -0.000778427  1.07151e-18 -0.000208389  3.02015e-19 -3.68005e-05  5.18504e-20 -3.80543e-06  3.89658e-21  -1.5273e-07
-7.85057e-20  6.10508e-05  1.99464e-19  -0.00030143  3.00038e-19   0.00027916 -2.58961e-18  0.000901654  2.51754e-18  -0.00166243  4.67345e-18  -0.00120261 -1.11519e-17   0.00368161 -1.14162e-17   0.00163948  1.56039e-17  -0.00592832  1.98179e-17  -0.00304579 -1.34552e-17   0.00763881 -3.09096e-17   0.00603513 -3.14458e-18    -0.007358  2.50176e-17   -0.0100554  1.27442e-17   0.00343377 -2.12669e-17    0.0124583 -2.42159e-17   0.00398253  1.03732e-17  -0.00924355  3.14467e-17   -0.0102802  1.32146e-17 -0.000301127 -1.24309e-17   0.00783192 -1.94671e-17   0.00743918 -1.15183e-17   0.00228312  1.84582e-18  -0.00165649   8.8294e-18  -0.00248272  6.77522e-18  -0.00161264  2.97437e-18 -0.000667101  1.01287e-18 -0.000184268  2.61354e-19 -3.22008e-05  3.74552e-20 -2.90445e-06  1.98166e-21
 7.15035e-06 -1.46868e-19   3.9599e-05  4.87152e-19 -0.000358288 -2.96864e-19  0.000534726 -2.13388e-18  0.000662545  4.15385e-18  -0.00192447  3.48584e-18 -0.000671649 -1.23545e-17   0.00387931 -9.84379e-18  0.000914793      1.6e-17  -0.00614139  1.92735e-17  -0.00227218 -1.24378e-17   0.00798231 -2.95066e-17   0.00543637 -3.91755e-18  -0.00781164  2.42815e-17  -0.00985986  1.20624e-17    0.0036957 -2.42159e-17    0.0125869 -2.70839e-17   0.00429968  9.48225e-18  -0.00900705  3.19913e-17   -0.0108202  1.57266e-17  -0.00148844 -9.30608e-18   0.00708695 -2.02089e-17   0.00797653 -1.53012e-17   0.00388317 -2.48481e-18  0.000149369  4.64885e-18  -0.00113764  3.92988e-18 -0.000878092    1.715e-18 -0.000365884  5.62398e-19 -9.34661e-05  1.23984e-19 -1.35348e-05   1.3063e-20 -7.41381e-07
 6.27128e-21  3.94699e-05 -1.14686e-19 -4.11577e-05  6.56145e-19 -0.000327466 -9.30122e-19  0.000741154 -1.30499e-18  0.000356274  5.60755e-18  -0.00207759   2.6879e-18  -0.00011365 -1.27901e-17   0.00396031 -8.54773e-18  0.000173124   1.6649e-17   -0.0062597  1.97164e-17  -0.00146799 -1.10146e-17   0.00827859 -2.76698e-17   0.00480157 -3.08277e-18  -0.00827569   2.5343e-17  -0.00966281  1.12379e-17   0.00398253 -2.70839e-17    0.0127566 -2.92693e-17   0.00465464  8.36738e-18   -0.0087402  3.12317e-17   -0.0113748   1.7792e-17   -0.0028166 -6.29934e-18   0.00606159 -2.08431e-17   0.00821275 -1.87696e-17   0.00529484 -7.21609e-18    0.0018927 -9.14299e-20  0.000192049  9.00111e-19 -0.000168427   4.4575e-19 -9.68398e-05  1.56963e-19 -2.39498e-05  3.01238e-20 -2.66997e-06  2.03707e-21
-7.61681e-06  -2.8351e-20  7.73125e-05  5.37048e-20 -0.000148893  6.26357e-19 -0.000224435 -1.50541e-18  0.000878585 -4.24717e-19  1.23184e-05  6.74546e-18  -0.00212137  2.15518e-18  0.000450965 -1.28946e-17   0.00392599 -7.53548e-18 -0.000575667  1.74368e-17  -0.00628044  2.01125e-17 -0.000632673 -9.83966e-18   0.00852407 -2.55497e-17   0.00412268 -6.39553e-19  -0.00875285  2.74709e-17  -0.00945937  1.03732e-17   0.00429968 -2.92693e-17    0.0129727  -3.0421e-17   0.00505583   6.8147e-18  -0.00843453   2.9381e-17   -0.0119356   1.9464e-17   -0.0042829 -3.63037e-18   0.00469376 -2.08887e-17   0.00790607 -2.08263e-17   0.00604534 -1.06422e-17   0.00298652 -3.53695e-18   0.00101136 -1.05609e-18  0.000230985 -2.51169e-19   3.2933e-05 -2.66493e-20   2.4232e-06 -4.86268e-22  4.96558e-08
 1.20795e-20 -2.96115e-06 -8.43936e-20  9.05069e-05  2.88829e-19  -0.00024689  4.21675e-19 -7.20429e-05  -2.0218e-18  0.000937622  3.04753e-19 -0.000343265  7.46154e-18  -0.00205834  1.55808e-18   0.00100349 -1.30776e-17   0.00377725 -6.74282e-18  -0.00132135  1.79938e-17  -0.00619857  1.96582e-17  0.000233881 -9.43817e-18   0.00871264 -2.34697e-17   0.00339057  2.86996e-18  -0.00924538  2.97691e-17  -0.00924355  9.48225e-18   0.00465464  -3.0421e-17    0.0132413 -3.03828e-17   0.00550983  4.89829e-18  -0.00807313  2.70625e-17   -0.0124694   2.0945e-17  -0.00588909 -9.98593e-19   0.00282579 -1.92274e-17   0.00667623 -2.00034e-17   0.00564288 -1.12117e-17    0.0030378 -4.59659e-18   0.00113718 -1.56698e-18  0.000295076 -3.70181e-19  4.94924e-05 -4.85032e-20  4.35081e-06 -2.24202e-21
-5.66711e-06 -2.29084e-21  2.05686e-05 -1.21519e-19  6.64303e-05  4.98518e-19 -0.000312118  8.59626e-20  0.000106151  -2.4892e-18  0.000916638  8.77969e-19 -0.000687235   7.7328e-18  -0.00189333  6.25663e-19   0.00152587 -1.35468e-17   0.00351469 -6.09936e-18  -0.00205242   1.7969e-17  -0.00600691  1.80912e-17   0.00113082 -1.00203e-17   0.00883522 -2.15865e-17   0.00259463  6.68044e-18  -0.00975469  3.14467e-17  -0.00900705  8.36738e-18   0.00505583 -3.03828e-17    0.0135664 -2.91754e-17   0.00603082  3.07091e-18  -0.00761416  2.51887e-17   -0.0129428  2.27174e-17  -0.00770793  2.48227e-18  0.000240569 -1.47105e-17   0.00428785   -1.562e-17   0.00401823 -8.77073e-18   0.00218387 -3.61812e-18  0.000786861 -1.14102e-18  0.000186014 -2.25958e-19  2.57623e-05 -2.22087e-20   1.3763e-06
 6.04074e-21  -1.3538e-05 -5.14008e-20  5.37801e-05 -1.16169e-19  1.14146e-05  6.36666e-19 -0.000333483 -3.52964e-19  0.000287702 -2.86948e-18  0.000819499  1.40747e-18  -0.00099859  7.63895e-18  -0.00163319 -6.67226e-19   0.00199984 -1.41799e-17   0.00313903 -5.50351e-18  -0.00275513  1.72353e-17  -0.00569618  1.55416e-17   0.00205556 -1.14803e-17   0.00887898 -1.97759e-17   0.00172286  1.02041e-17   -0.0102802  3.19913e-17   -0.0087402   6.8147e-18   0.00550983 -2.91754e-17    0.0139593 -2.70156e-17   0.00665631  1.91642e-18  -0.00701825  2.45801e-17   -0.0133866  2.52993e-17  -0.00982667  7.51806e-18  -0.00302438 -7.39972e-18   0.00108297 -8.79402e-18   0.00176293 -4.79024e-18   0.00101218 -1.88219e-18  0.000342833 -5.21928e-19  6.94511e-05 -8.16742e-20  7.00181e-06 -4.59862e-21
-4.44244e-07  1.73833e-20 -1.46488e-05 -1.16075e-19    8.075e-05 -5.47373e-20 -6.05547e-05  7.05392e-19 -0.000308144 -8.58522e-19  0.000452528 -3.08338e-18  0.000654327  1.99467e-18  -0.00125816  7.31992e-18  -0.00128711 -2.09069e-18   0.00240629  -1.4574e-17   0.00265188 -4.79434e-18  -0.00341252  1.59204e-17   -0.0052552  1.22366e-17   0.00300257 -1.34757e-17   0.00882666  -1.7761e-17  0.000762557  1.32146e-17   -0.0108202  3.12317e-17  -0.00843453  4.89829e-18   0.00603082 -2.70156e-17     0.014454 -2.43941e-17   0.00741826  1.67289e-18  -0.00631219  2.52928e-17     -0.01383  2.83959e-17   -0.0120303   1.3356e-17  -0.00630277  6.72178e-19  -0.00194532 -2.10151e-18 -0.000185935 -1.28123e-18  0.000118493 -5.25389e-19  5.77027e-05 -1.31965e-19  1.08875e-05 -1.58048e-20  6.88112e-07
  2.5295e-21 -5.45055e-06  2.37819e-20 -3.50614e-06 -1.66906e-19  9.03707e-05  7.79883e-20 -0.000134472  7.24728e-19 -0.000239578 -1.36132e-18  0.000583432 -3.05135e-18  0.000432967   2.6685e-18   -0.0014484   6.9013e-18 -0.000867226 -3.31691e-18   0.00272478 -1.42936e-17   0.00205677 -3.78951e-18  -0.00400324  1.42965e-17  -0.00467151  8.38378e-18    0.0039621 -1.55469e-17   0.00865635 -1.53201e-17 -0.000301127  1.57266e-17   -0.0113748   2.9381e-17  -0.00807313  3.07091e-18   0.00665631 -2.43941e-17    0.0150776 -2.21956e-17   0.00827919   1.6535e-18   -0.0055198  2.58236e-17   -0.0139938   3.0018e-17   -0.0135043  1.74032e-17  -0.00841058  6.39731e-18  -0.00371372  2.08396e-18   -0.0011818  5.79049e-19 -0.000264627  7.91316e-20 -3.87169e-05  1.46519e-21 -3.01745e-06 -4.94046e-22
   1.289e-06  1.05197e-20 -1.27642e-05   1.4084e-20  1.72796e-05 -1.84312e-19  7.86766e-05  2.79482e-19 -0.000196688   7.0088e-19 -0.000136091  -1.7745e-18  0.000666407 -2.73016e-18  0.000170801  3.39498e-18  -0.00155357  6.42963e-18 -0.000389535 -4.11638e-18   0.00293343 -1.31316e-17   0.00136072 -2.35047e-18  -0.00450055  1.26311e-17  -0.00393205   4.2224e-18   0.00491892 -1.72987e-17   0.00833872 -1.24309e-17  -0.00148844   1.7792e-17   -0.0119356  2.70625e-17  -0.00761416  1.91642e-18   0.00741826 -2.21956e-17    0.0157869 -2.18422e-17   0.00920322 -2.28644e-19  -0.00436448  2.29504e-17   -0.0130617  2.69604e-17   -0.0131086   1.6795e-17  -0.00840904    7.754e-18  -0.00380814  3.10468e-18  -0.00122874   9.1079e-19 -0.000270269  1.61882e-19 -3.57139e-05  1.33456e-20 -1.85523e-06
-3.38676e-21  9.55138e-07  2.29434e-20 -1.71236e-05 -1.49155e-20  4.06675e-05 -1.60134e-19  4.72742e-05  5.11108e-19 -0.000236224  6.15944e-19 -9.68293e-06 -2.03408e-18  0.000691095 -2.13749e-18 -0.000113227  4.09015e-18  -0.00156029  5.85784e-18  0.000124924 -4.45462e-18   0.00300925 -1.11798e-17   0.00057622 -4.22934e-19  -0.00487097  1.10872e-17  -0.00302397  3.33709e-20   0.00584815 -1.85707e-17   0.00783192 -9.30608e-18   -0.0028166   1.9464e-17   -0.0124694  2.51887e-17  -0.00701825  1.67289e-18   0.00827919 -2.18422e-17    0.0165395 -2.53906e-17    0.0104472 -7.14652e-18  -0.00209157  1.32591e-17   -0.0100759  1.72012e-17   -0.0102712  1.08978e-17  -0.00638547  5.28352e-18  -0.00271464   2.0687e-18 -0.000789873  5.36179e-19 -0.000146559  7.72856e-20 -1.40282e-05  3.64313e-21
  7.2863e-07 -2.55713e-21 -2.32359e-06  3.43963e-20 -1.47462e-05  -5.7567e-20  5.92711e-05 -9.48959e-20  1.78744e-06  7.09977e-19 -0.000245645  4.44685e-19  0.000124861 -2.12804e-18  0.000651487 -1.36079e-18 -0.000396586  4.62551e-18  -0.00145876  5.09757e-18   0.00064876 -4.45736e-18     0.002929 -8.70263e-18 -0.000275764  1.94289e-18  -0.00507254  9.70285e-18  -0.00193848 -3.97328e-18    0.0067077 -1.94671e-17   0.00708695 -6.29934e-18   -0.0042829   2.0945e-17   -0.0129428  2.45801e-17  -0.00631219   1.6535e-18   0.00920322 -2.53906e-17    0.0175831  -3.5116e-17    0.0127093 -2.14802e-17   0.00206086 -3.88601e-18  -0.00489126  2.40145e-18  -0.00569781  2.28159e-18  -0.00345004  1.45494e-18  -0.00134279  6.29851e-19 -0.000337116  1.48631e-19 -4.89556e-05  1.45496e-20 -2.71245e-06
-3.99707e-22  1.75228e-06  3.12045e-21 -7.49961e-06   3.6136e-20 -5.26256e-06 -1.02732e-19  6.73942e-05  2.01263e-21 -4.94903e-05  8.18491e-19 -0.000221703  1.77089e-19  0.000250889 -2.09302e-18  0.000546923 -5.34098e-19 -0.000653348  4.86944e-18  -0.00124465   4.0953e-18   0.00114679 -4.31512e-18    0.0026715 -5.96897e-18  -0.00116123  4.58821e-18  -0.00505532  8.40278e-18 -0.000679016 -7.77485e-18   0.00743918 -2.02089e-17   0.00606159 -3.63037e-18  -0.00588909  2.27174e-17   -0.0133866  2.52928e-17   -0.0055198 -2.28644e-19    0.0104472  -3.5116e-17    0.0195948 -5.19309e-17    0.0166187 -4.20408e-17   0.00789138 -2.43792e-17   0.00123683  -1.2275e-17  -0.00107952 -5.02395e-18  -0.00093107 -1.34553e-18 -0.000363681 -2.14926e-19 -7.94894e-05 -2.00262e-20 -8.39225e-06 -1.65257e-21
 7.82792e-08  -2.6037e-21  1.84208e-06  1.10297e-20 -1.18971e-05  2.05027e-20  8.88661e-06 -1.37481e-19   6.2009e-05  1.13275e-19 -9.69422e-05  8.05457e-19  -0.00016587 -1.72864e-19  0.000351054 -1.98114e-18  0.000383389  2.18101e-19 -0.000854955  4.75696e-18 -0.000922029  2.85844e-18   0.00157512  -4.1891e-18   0.00222212 -3.15243e-18  -0.00202906  7.26575e-18  -0.00476594  6.96348e-18   0.00073709 -1.15183e-17   0.00797653 -2.08431e-17   0.00469376 -9.98593e-19  -0.00770793  2.52993e-17     -0.01383  2.58236e-17  -0.00436448 -7.14652e-18    0.0127093 -5.19309e-17    0.0231588 -7.31985e-17    0.0217675 -6.29636e-17     0.013773 -4.09618e-17   0.00622853 -2.14099e-17   0.00202135  -8.3794e-18  0.000456765 -2.25532e-18  6.70217e-05 -3.89262e-19  5.52578e-06 -3.72422e-20  1.68412e-07
-1.71081e-22  6.55046e-07  -4.5764e-21  1.93566e-07  1.64125e-20 -1.30769e-05 -1.29924e-20  2.36572e-05 -1.49839e-19  4.32425e-05  2.17982e-19 -0.000131042  6.70804e-19 -8.47347e-05 -5.68648e-19  0.000408996  -1.8198e-18  0.000174982   8.3175e-19 -0.000972113  4.31128e-18 -0.000507221  1.42245e-18   0.00188198 -4.11562e-18   0.00157869 -3.04864e-19  -0.00280883  9.63005e-18  -0.00414623  4.95184e-18   0.00228312 -1.53012e-17   0.00821275 -2.08887e-17   0.00282579  2.48227e-18  -0.00982667  2.83959e-17   -0.0139938  2.29504e-17  -0.00209157 -2.14802e-17    0.0166187 -7.31985e-17     0.027801 -9.22596e-17     0.026339 -7.62873e-17    0.0174559 -4.77129e-17   0.00853526  -2.2836e-17    0.0030907 -7.87849e-18    0.0008028 -1.82678e-18  0.000137575  -2.5278e-19  1.25066e-05 -1.46626e-20
-9.75821e-08 -9.46403e-22  1.38175e-06 -4.07066e-21 -2.76506e-06  1.52031e-20 -9.94045e-06 -5.55684e-20  3.46241e-05 -1.31833e-19  1.44387e-05  2.98146e-19 -0.000143936  4.41106e-19  9.93195e-06 -9.53251e-19   0.00041176 -1.59506e-18 -5.49028e-05  1.30075e-18 -0.000978318  3.58174e-18 -3.29044e-05 -1.54428e-19    0.0020097 -3.91786e-18   0.00075825  2.57992e-18  -0.00340053  1.11463e-17  -0.00312532  1.84582e-18   0.00388317 -1.87696e-17   0.00790607 -1.92274e-17  0.000240569  7.51806e-18   -0.0120303   3.0018e-17   -0.0130617  1.32591e-17   0.00206086 -4.20408e-17    0.0217675 -9.22596e-17    0.0316497 -1.01363e-16    0.0280514 -7.68079e-17    0.0175801 -4.36916e-17   0.00806016 -1.84003e-17   0.00267231 -5.41142e-18  0.000607201 -1.01797e-18  8.28958e-05 -1.00617e-19  4.43598e-06
 2.15276e-22   2.9369e-09 -1.93138e-21  1.58149e-06 -4.11776e-22  -5.7147e-06  5.94936e-21  -3.0631e-06 -9.32212e-20  3.81831e-05 -8.22515e-20 -1.82493e-05  3.44139e-19 -0.000131206  1.60665e-19  0.000101804 -1.25509e-18  0.000353064 -1.27323e-18 -0.000273225  1.61872e-18 -0.000855402  2.57912e-18  0.000446596 -1.70515e-18   0.00189851 -3.23076e-18 -0.000183912  5.35434e-18  -0.00365273  1.10749e-17  -0.00165649 -2.48481e-18   0.00529484 -2.08263e-17   0.00667623 -1.47105e-17  -0.00302438   1.3356e-17   -0.0135043  2.69604e-17   -0.0100759 -3.88601e-18   0.00789138 -6.29636e-17     0.026339 -1.01363e-16    0.0324276 -9.63296e-17    0.0257538 -6.52233e-17    0.0145413 -3.27858e-17   0.00592795 -1.18557e-17   0.00169602 -2.88293e-18  0.000313529 -4.14306e-19  3.01217e-05 -2.38326e-20
-5.83075e-08  2.05991e-22  3.55925e-07 -1.93276e-21   8.5516e-07  5.06584e-21  -7.2014e-06  -9.7043e-21  5.49361e-06 -1.12921e-19  3.26505e-05 -6.91103e-21 -4.68678e-05  3.53944e-19 -9.36892e-05 -1.21154e-19  0.000171801 -1.40481e-18  0.000237427 -8.46808e-19 -0.000438684  1.72406e-18 -0.000603269  1.32169e-18   0.00084876 -2.86823e-18   0.00150527 -1.75652e-18  -0.00111365  7.47652e-18  -0.00337891   8.8294e-18  0.000149369 -7.21609e-18   0.00604534 -2.00034e-17   0.00428785 -7.39972e-18  -0.00630277  1.74032e-17   -0.0131086  1.72012e-17  -0.00489126 -2.43792e-17     0.013773 -7.62873e-17    0.0280514 -9.63296e-17    0.0290717 -7.90866e-17    0.0202293 -4.70929e-17    0.0100225 -2.04996e-17    0.0035248 -6.22608e-18  0.000837316 -1.20581e-18  0.000118063 -1.21057e-19  6.45702e-06
 2.26649e-23 -9.54157e-08  -3.4892e-23  7.44026e-07  6.05277e-23 -5.97347e-07  9.75721e-21 -6.33966e-06  -2.7498e-20  1.28165e-05 -1.06479e-19   1.9084e-05  8.21086e-20 -6.34379e-05  3.25928e-19 -3.89589e-05 -3.60621e-19  0.000201837 -1.35992e-18  8.48913e-05 -3.73195e-19 -0.000508207  1.52136e-18 -0.000256572 -2.59062e-20   0.00106835 -3.19258e-18  0.000854722  3.50151e-19  -0.00179791  8.11547e-18  -0.00248272  4.64885e-18    0.0018927 -1.06422e-17   0.00564288   -1.562e-17   0.00108297  6.72178e-19  -0.00841058   1.6795e-17   -0.0102712  2.40145e-18   0.00123683 -4.09618e-17    0.0174559 -7.68079e-17    0.0257538 -7.90866e-17    0.0225103 -5.60869e-17    0.0135529 -2.90005e-17   0.00578733 -1.07368e-17   0.00171331 -2.66957e-18  0.000324689  -3.9064e-19  3.17391e-05 -2.25116e-20
