 0.000304824 -2.03409e-21  -0.00168482    2.858e-20   0.00278248 -6.69841e-20  -0.00159241  5.92788e-20 -0.000278632 -2.28662e-20  0.000476794  1.37493e-20  4.54811e-05   8.2079e-22 -7.83417e-05 -2.49628e-20 -1.17728e-05  1.06144e-20  3.96427e-06  9.80293e-22  4.74702e-07
-2.03409e-21    0.0025827 -2.25634e-20  -0.00753067  1.50195e-19   0.00821514 -2.50014e-19  -0.00229616  1.84921e-19    -0.001893 -1.08203e-19  0.000848244  1.24856e-19  0.000382169 -2.28298e-20  -0.00011336 -6.82958e-20 -4.68406e-05   1.7707e-20  1.50822e-06  1.84827e-21
 -0.00168482 -2.25634e-20    0.0101642 -8.62169e-20   -0.0190537  3.72237e-19     0.013835 -4.55696e-19  3.48675e-05  2.44762e-19  -0.00434647 -2.58027e-19  0.000454461  3.92648e-19  0.000866445 -4.92244e-20 -2.08758e-05 -1.20921e-19 -7.11361e-05   1.5818e-20  -3.5802e-06
   2.858e-20  -0.00753067 -8.62169e-20    0.0248165 -1.86416e-19   -0.0326276  5.72911e-19    0.0149109 -4.41858e-19   0.00562139  2.16775e-20  -0.00595944 -5.00668e-19 -0.000867666  8.04647e-19   0.00113768  -4.1411e-20  0.000168429 -1.44126e-19 -5.52566e-05  7.16455e-21
  0.00278248  1.50195e-19   -0.0190537 -1.86416e-19    0.0425639 -2.72661e-19    -0.041286   6.2213e-19    0.0095296   4.1915e-20    0.0119239 -6.44636e-19  -0.00554094 -8.57259e-19  -0.00252651  1.19546e-18   0.00097881  9.07335e-21  0.000323509 -1.10663e-19 -1.48738e-05
-6.69841e-20   0.00821514  3.72237e-19   -0.0326276 -2.72661e-19    0.0555281 -3.35877e-19   -0.0412159  5.98174e-19  0.000366844  1.09902e-18    0.0162209 -1.66266e-18  -0.00332582 -1.26072e-18  -0.00378871  1.31631e-18  0.000468739   5.9233e-20  0.000335001 -4.66962e-20
 -0.00159241 -2.50014e-19     0.013835  5.72911e-19    -0.041286 -3.35877e-19    0.0590651 -5.24107e-19    -0.034679  7.92036e-19  -0.00852612  2.55262e-18    0.0176855 -2.59096e-18 -0.000315384 -1.53233e-18  -0.00427663  1.04325e-18 -0.000141924  5.40023e-20  0.000196367
 5.92788e-20  -0.00229616 -4.55696e-19    0.0149109   6.2213e-19   -0.0412159 -5.24107e-19    0.0551795 -1.09266e-18   -0.0265084  1.37867e-18   -0.0150605  3.90654e-18    0.0170262 -2.85119e-18   0.00265218 -1.47778e-18  -0.00396053  5.25087e-19 -0.000574604  2.18801e-22
-0.000278632  1.84921e-19  3.48675e-05 -4.41858e-19    0.0095296  5.98174e-19    -0.034679 -1.09266e-18    0.0489597 -2.10925e-18    -0.019815  2.07417e-18   -0.0193518  4.54426e-18       0.0152 -2.15328e-18   0.00516689 -9.95982e-19  -0.00296243  1.06019e-19 -0.000590754
-2.28662e-20    -0.001893  2.44762e-19   0.00562139   4.1915e-20  0.000366844  7.92036e-19   -0.0265084 -2.10925e-18    0.0439365 -3.18072e-18   -0.0151643  2.23834e-18   -0.0223202   4.0779e-18    0.0127447 -7.32849e-19   0.00703994 -1.12518e-19   -0.0014997  1.93182e-20
 0.000476794 -1.08203e-19  -0.00434647  2.16775e-20    0.0119239  1.09902e-18  -0.00852612  1.37867e-18    -0.019815 -3.18072e-18    0.0410319 -3.59781e-18   -0.0119405  1.37768e-18   -0.0247392  2.45549e-18   0.00975567  7.34604e-19   0.00800116   8.4845e-19 -0.000100311
 1.37493e-20  0.000848244 -2.58027e-19  -0.00595944 -6.44636e-19    0.0162209  2.55262e-18   -0.0150605  2.07417e-18   -0.0151643 -3.59781e-18     0.039903 -2.82372e-18  -0.00945185  -5.4628e-19   -0.0270629 -3.73631e-19    0.0060086  1.23452e-18   0.00741592  1.00021e-18
 4.54811e-05  1.24856e-19  0.000454461 -5.00668e-19  -0.00554094 -1.66266e-18    0.0176855  3.90654e-18   -0.0193518  2.23834e-18   -0.0119405 -2.82372e-18    0.0401297 -7.12397e-19  -0.00719481 -3.28755e-18    -0.029518 -4.80551e-18   0.00108789 -2.04238e-19   0.00452501
  8.2079e-22  0.000382169  3.92648e-19 -0.000867666 -8.57259e-19  -0.00332582 -2.59096e-18    0.0170262  4.54426e-18   -0.0223202  1.37768e-18  -0.00945185 -7.12397e-19    0.0415875  2.88306e-18  -0.00471362 -6.39906e-18   -0.0320097 -1.06491e-17  -0.00475386 -2.40717e-18
-7.83417e-05 -2.28298e-20  0.000866445  8.04647e-19  -0.00252651 -1.26072e-18 -0.000315384 -2.85119e-18       0.0152   4.0779e-18   -0.0247392  -5.4628e-19  -0.00719481  2.88306e-18    0.0444788  8.86209e-18  -0.00124714 -8.05461e-18   -0.0330809 -1.36331e-17  -0.00796526
-2.49628e-20  -0.00011336 -4.92244e-20   0.00113768  1.19546e-18  -0.00378871 -1.53233e-18   0.00265218 -2.15328e-18    0.0127447  2.45549e-18   -0.0270629 -3.28755e-18  -0.00471362  8.86209e-18      0.04951  2.01815e-17   0.00536804 -2.15793e-18   -0.0277099 -6.57288e-18
-1.17728e-05 -6.82958e-20 -2.08758e-05  -4.1411e-20   0.00097881  1.31631e-18  -0.00427663 -1.47778e-18   0.00516689 -7.32849e-19   0.00975567 -3.73631e-19    -0.029518 -6.39906e-18  -0.00124714  2.01815e-17    0.0588198  4.31848e-17    0.0201185  1.80857e-17   -0.0114386
 1.06144e-20 -4.68406e-05 -1.20921e-19  0.000168429  9.07335e-21  0.000468739  1.04325e-18  -0.00396053 -9.95982e-19   0.00703994  7.34604e-19    0.0060086 -4.80551e-18   -0.0320097 -8.05461e-18   0.00536804  4.31848e-17     0.076934  7.98393e-17    0.0437635  3.62182e-17
 3.96427e-06   1.7707e-20 -7.11361e-05 -1.44126e-19  0.000323509   5.9233e-20 -0.000141924  5.25087e-19  -0.00296243 -1.12518e-19   0.00800116  1.23452e-18   0.00108789 -1.06491e-17   -0.0330809 -2.15793e-18    0.0201185  7.98393e-17     0.102505  1.04254e-16    0.0516841
 9.80293e-22  1.50822e-06   1.5818e-20 -5.52566e-05 -1.10663e-19  0.000335001  5.40023e-20 -0.000574604  1.06019e-19   -0.0014997   8.4845e-19   0.00741592 -2.04238e-19  -0.00475386 -1.36331e-17   -0.0277099  1.80857e-17    0.0437635  1.04254e-16     0.106418  7.32394e-17
 4.74702e-07  1.84827e-21  -3.5802e-06  7.16455e-21 -1.48738e-05 -4.66962e-20  0.000196367  2.18801e-22 -0.000590754  1.93182e-20 -0.000100311  1.00021e-18   0.00452501 -2.40717e-18  -0.00796526 -6.57288e-18   -0.0114386  3.62182e-17    0.0516841  7.32394e-17    0.0555817
