  2.6964e-07 -2.91454e-22 -2.86403e-06  5.39219e-21  1.02688e-05 -2.24674e-20 -1.80072e-05  2.44979e-20  1.53587e-05  7.23539e-20 -3.35216e-06 -2.87881e-19 -3.36242e-06  4.40309e-19  9.60832e-07 -3.20828e-19  1.01416e-06  1.46319e-20  3.13052e-09  1.81848e-19 -2.54115e-07 -1.56733e-19 -1.03748e-07  5.72142e-20  1.23475e-08 -1.07425e-20  2.98799e-08  4.19375e-21  1.33585e-08  3.16266e-22  1.24945e-09 -2.87937e-21 -1.96192e-09  3.14289e-22 -1.41875e-09  9.79642e-22 -5.07535e-10  5.80796e-22 -6.65509e-11 -1.30123e-21  4.23967e-11  4.39117e-22  3.66882e-11  1.44914e-22  1.64364e-11 -6.36145e-23  4.99824e-12 -3.27276e-23  8.94464e-13  5.98117e-24 -7.27016e-14  9.32624e-24 -1.43327e-13 -4.23132e-25 -7.41322e-14 -1.87947e-24 -2.72841e-14  -3.9216e-25 -8.08273e-15  2.83753e-25 -1.97374e-15  1.31734e-25 -3.83976e-16 -1.08085e-26 -4.96614e-17 -2.34893e-26  1.22487e-18  -1.9774e-27  3.46787e-18  3.46265e-27   1.4433e-18  8.26103e-28  4.32856e-19 -3.06994e-28  1.08804e-19 -1.30184e-28  2.40981e-20  1.25389e-29  4.81107e-21  9.89692e-30  8.76321e-22 -1.47651e-30  1.46638e-22 -1.07026e-30  2.26331e-23  1.34917e-32  3.22957e-24  5.39527e-32  4.26508e-25   -2.497e-33  5.21451e-26 -2.91482e-33  5.90017e-27  2.29664e-34  6.17366e-28  1.62074e-34  5.96704e-29 -1.23703e-35  5.31977e-30 -4.74175e-36  4.36707e-31  4.79744e-36  3.29383e-32  2.45157e-36  2.27615e-33  4.43545e-37  1.43596e-34  3.04397e-39  8.23558e-36 -1.37027e-38  4.26994e-37 -2.75412e-39    1.973e-38 -3.22561e-40  7.86287e-40 -4.90796e-41   2.6768e-41 -9.48204e-42  9.21091e-43 -1.21457e-42  3.32653e-44 -8.06198e-44  3.11937e-46 -1.92952e-45    -3.22e-47  1.27227e-47
-2.91454e-22   4.3338e-06 -3.74455e-21 -2.57156e-05  4.76169e-20  6.78459e-05 -1.53875e-19 -9.20185e-05  1.16323e-19  5.65126e-05  4.62105e-19  1.54052e-06 -1.45936e-18 -1.58481e-05  1.90215e-18 -8.71915e-07 -1.11713e-18  4.10962e-06 -1.66937e-19  1.35354e-06  7.44859e-19 -5.66147e-07 -4.91488e-19 -5.73655e-07  1.29199e-19  -1.3654e-07 -2.21271e-20   6.1745e-08  1.75292e-20  6.40461e-08  3.61965e-21  2.36408e-08 -1.14291e-20  1.03977e-09 -1.15854e-21  -3.9359e-09  5.45698e-21 -2.61932e-09  1.39509e-21 -9.45348e-10 -4.10278e-21 -1.59144e-10  1.05571e-21  4.76195e-11  6.17261e-22  5.27779e-11 -1.51006e-22  2.58512e-11 -1.34723e-22  8.86815e-12   1.2973e-23  2.17709e-12  3.39664e-23  2.79655e-13  1.12462e-24 -6.61014e-14 -7.04097e-24 -6.33605e-14  -1.9869e-24 -2.82235e-14  8.55563e-25 -9.54288e-15  5.50603e-25 -2.69339e-15  2.90651e-27 -6.53591e-16 -7.70033e-26 -1.36631e-16 -8.88879e-27 -2.39777e-17  1.04652e-26 -3.21821e-18   2.5895e-27  -1.9605e-19 -8.85163e-28  5.94752e-20 -3.49382e-28  2.95884e-20  5.06692e-29  8.42042e-21  2.76038e-29  1.91471e-21 -5.66261e-30  3.76762e-22 -3.29962e-30  6.62118e-23 -9.53792e-32  1.05525e-23   7.8787e-32   1.5376e-24 -1.78128e-32  2.05701e-25  -5.5004e-33  2.53136e-26  1.72493e-33  2.86613e-27  5.88743e-34  2.98257e-28  1.97117e-35  2.84615e-29  3.00329e-35  2.48205e-30  3.12082e-35  1.96885e-31  1.10522e-35  1.41195e-32  1.85592e-36  9.08498e-34  7.97536e-38  5.19642e-35  -2.7494e-38  2.61177e-36 -6.35324e-39  1.13437e-37 -9.60477e-40  4.15752e-39 -1.79238e-40  1.27487e-40 -2.98135e-41  3.49469e-42 -3.02425e-42  8.17359e-44 -1.52381e-43  3.33432e-46 -2.29035e-45 -3.06983e-47
-2.86403e-06 -3.74455e-21  3.39097e-05 -2.73311e-20 -0.000137503  2.61878e-19  0.000279899 -6.80302e-19 -0.000295329  3.48057e-19  0.000118479  1.86589e-18  4.46778e-05 -4.86314e-18 -3.80489e-05  5.44546e-18 -1.51491e-05 -2.50651e-18  7.40951e-06 -9.82458e-19  6.24761e-06  1.96557e-18  4.28827e-07 -9.81969e-19 -1.37829e-06  1.57339e-19 -7.75708e-07 -4.33331e-20 -8.82004e-08  5.24732e-20  1.23901e-07  1.79436e-20  9.10272e-08 -3.18557e-20   2.9456e-08 -7.53902e-21   4.3624e-10  1.72348e-20  -5.1512e-09  2.60218e-21 -3.30913e-09 -9.29105e-21 -1.23341e-09   1.6225e-21  -2.6067e-10  1.66145e-21  1.71778e-11 -2.15368e-22  4.60424e-11 -3.54882e-22  2.56859e-11   1.5641e-23  9.80622e-12  8.75957e-23  2.87313e-12  8.16373e-24  6.29148e-13 -1.83401e-23  7.63332e-14 -6.50176e-24 -1.37394e-14  1.71245e-24 -1.31774e-14  1.50983e-24 -5.56847e-15  1.02996e-25 -1.79458e-15 -1.66131e-25 -4.89132e-16 -2.22314e-26 -1.17064e-16  2.21505e-26 -2.49993e-17  5.38105e-27  -4.7902e-18 -1.80138e-27 -8.21755e-19 -5.98454e-28 -1.24772e-19  1.49452e-28 -1.62945e-20  5.61154e-29 -1.69585e-21 -1.37301e-29 -1.02153e-22 -7.14617e-30  9.06292e-24 -6.11737e-31  4.51941e-24 -5.00081e-32  9.92491e-25 -6.87027e-32  1.66807e-25 -7.74423e-33  2.37288e-26  5.01833e-33  2.95955e-27  1.43929e-33  3.28478e-28  2.70165e-34  3.26367e-29   2.1523e-34  2.90598e-30  1.18379e-34  2.31365e-31  3.46163e-35  1.63914e-32  5.68729e-36  1.02599e-33  4.43681e-37  5.62212e-35 -1.16887e-38  2.66495e-36 -8.14166e-39  1.07356e-37 -1.91474e-39  3.60548e-39 -4.04557e-40  1.04068e-40 -5.80626e-41  2.91415e-42 -4.68402e-42   6.1271e-44 -1.71246e-43 -2.19513e-46 -1.26741e-45
 5.39219e-21 -2.57156e-05 -2.73311e-20  0.000172216 -1.38842e-19 -0.000522066  1.05753e-18  0.000842829 -2.26878e-18 -0.000684675   7.5825e-19  0.000131309  5.59036e-18  0.000167248   -1.237e-17 -4.64552e-05  1.19766e-17 -5.27782e-05 -4.11062e-18   1.0139e-06 -3.03521e-18  1.46601e-05   3.8957e-18   5.5156e-06 -1.39867e-18 -1.22517e-06  5.84119e-20 -1.96497e-06 -1.09709e-19 -7.71066e-07   1.2144e-19  4.05942e-09  5.73073e-20  1.68363e-07 -7.15589e-20  1.01748e-07 -2.22732e-20  3.04352e-08  4.00913e-20  3.70842e-10  4.67344e-21 -5.07133e-09 -1.74011e-20 -3.27076e-09  1.64541e-21 -1.27788e-09  3.40251e-21  -3.2478e-10 -1.87436e-22 -2.74475e-11 -7.23134e-22  2.42495e-11  1.23498e-23   1.7595e-11  1.87238e-22  7.56624e-12  2.62872e-23  2.50617e-12  -3.8729e-23  6.74264e-13 -1.63606e-23  1.44954e-13  2.48854e-24   2.1801e-14  3.17637e-24  4.48198e-16  3.71468e-25 -1.20257e-15  -2.6968e-25 -5.74255e-16 -3.63439e-26 -1.85985e-16  3.84754e-26 -4.96446e-17  8.55107e-27 -1.15844e-17 -2.96684e-27 -2.42486e-18 -6.89976e-28 -4.61436e-19  3.60583e-28 -8.04287e-20  1.01546e-28 -1.28957e-20 -2.35468e-29 -1.90639e-21 -1.23935e-29 -2.60095e-22 -2.00237e-30 -3.27497e-23 -5.52439e-31   -3.803e-24 -1.98676e-31 -4.06759e-25  -1.6318e-32 -4.00056e-26  8.38417e-33 -3.61129e-27  2.74835e-33 -2.98633e-28  1.15976e-33 -2.25856e-29  7.78116e-34 -1.56054e-30  3.33578e-34 -9.84848e-32  8.69385e-35 -5.67835e-33   1.4331e-35 -2.98565e-34  1.49349e-36 -1.41745e-35  8.82953e-38 -5.94312e-37 -3.51666e-39 -2.11862e-38 -2.92266e-39  -5.4733e-40 -6.66872e-40  1.39171e-42  -8.1647e-41  9.71192e-43 -5.12449e-42  2.35754e-44 -1.23887e-43 -3.22895e-46
 1.02688e-05  4.76169e-20 -0.000137503 -1.38842e-19  0.000638746 -5.37745e-19  -0.00152348  3.37316e-18   0.00198013 -6.10935e-18  -0.00119695  1.28139e-18 -5.41785e-05  1.33235e-17  0.000373777 -2.56064e-17  1.43635e-05  2.15578e-17 -0.000107404 -5.00735e-18 -3.12538e-05 -6.74617e-18  1.90535e-05  6.17373e-18  1.62303e-05 -1.37457e-18  2.69968e-06 -1.96237e-19 -2.63888e-06 -2.80911e-19 -2.09757e-06  2.28685e-19 -6.15796e-07  1.35606e-19  8.46012e-08 -1.37815e-19  1.79328e-07 -4.68716e-20  9.62325e-08   7.6372e-20   2.7986e-08  8.59654e-21   1.0766e-09 -2.84361e-20 -3.90186e-09  6.17704e-22  -2.6356e-09  5.72552e-21 -1.08995e-09 -6.57441e-23 -3.19494e-10 -1.24927e-21 -5.77809e-11  1.68116e-23  2.65003e-12  3.55528e-22  7.69735e-12  6.35131e-23  4.06167e-12 -7.01824e-23  1.51453e-12 -3.40566e-23  4.60059e-13  2.38084e-24  1.18555e-13  5.44521e-24  2.60383e-14   8.5098e-25  4.73615e-15 -3.41907e-25  6.37595e-16 -3.62805e-26  2.84574e-17  5.86112e-26 -1.81652e-17  1.08458e-26 -8.28577e-18 -4.15903e-27 -2.38499e-18 -3.66308e-28 -5.58095e-19  7.46923e-28 -1.13678e-19  1.81705e-28 -2.07356e-20 -2.71013e-29 -3.43544e-21 -1.79046e-29 -5.20972e-22 -4.79954e-30 -7.26151e-23 -1.70555e-30 -9.32147e-24 -4.83915e-31 -1.10252e-24 -5.45854e-32 -1.20063e-25  5.62224e-33 -1.20158e-26  4.46544e-33 -1.10194e-27  3.45939e-33 -9.22315e-29    2.069e-33 -7.00861e-30  7.66822e-34  -4.8028e-31   1.8525e-34 -2.94262e-32  3.07759e-35 -1.59382e-33  3.69189e-36 -7.51432e-35   3.2199e-37  -3.0184e-36  1.05511e-38 -9.98783e-38 -3.59696e-39 -2.49404e-39 -8.57384e-40 -3.18926e-41 -8.75414e-41  3.81653e-43 -4.07134e-42  7.96003e-45 -5.26127e-44
-2.24674e-20  6.78459e-05  2.61878e-19 -0.000522066 -5.37745e-19   0.00184616 -1.67297e-18  -0.00357943  8.86324e-18    0.0037642  -1.3816e-17  -0.00155906  1.78282e-18 -0.000597647  2.62828e-17  0.000573822 -4.47844e-17  0.000203679  3.29674e-17  -0.00013741 -4.08567e-18 -9.75836e-05 -1.19772e-17  3.43161e-06  8.06432e-18  2.80882e-05 -5.98555e-19  1.27319e-05 -5.34018e-19 -3.36295e-07 -6.05991e-19 -3.25819e-06  3.68893e-19 -1.84911e-06  2.55353e-19 -4.18434e-07 -2.36839e-19  1.21697e-07 -7.96245e-20  1.59692e-07  1.26154e-19  7.99756e-08  1.56838e-20  2.36187e-08 -4.15451e-20  2.06868e-09  -1.6538e-21  -2.2968e-09  8.24576e-21 -1.73793e-09 -1.29613e-23 -7.68994e-10  -1.9501e-21 -2.51684e-10   5.8748e-23 -6.12693e-11  6.20486e-22 -8.83532e-12  1.31056e-22  9.83768e-13 -1.11567e-22  1.31559e-12 -6.08528e-23  6.07202e-13  2.99906e-25  2.07944e-13  7.80943e-24  5.95432e-14   1.4768e-24  1.48534e-14 -3.33578e-25   3.2814e-15 -4.19384e-27   6.4452e-16  8.00077e-26  1.11801e-16  1.05206e-26  1.67441e-17 -5.17338e-27  2.03573e-18  5.74633e-28  1.59516e-19  1.36458e-27 -6.55717e-21  3.29274e-28 -6.04247e-21 -1.03665e-29   -1.587e-21  -2.1703e-29 -3.08263e-22  -9.4712e-30 -5.02945e-23 -3.82027e-30 -7.19123e-24 -1.05453e-30 -9.17583e-25 -1.72489e-31 -1.05339e-25 -1.49531e-32 -1.09127e-26  6.74346e-33 -1.01997e-27  8.29994e-33 -8.57867e-29  4.50591e-33 -6.46277e-30  1.50832e-33 -4.33206e-31  3.44648e-34  -2.5606e-32  5.72609e-35 -1.31839e-33  7.26275e-36 -5.81208e-35  6.89098e-37 -2.13881e-36  3.21105e-38 -6.25279e-38 -3.66432e-39 -1.22593e-39 -8.85929e-40 -2.98688e-42 -7.27619e-41  4.93819e-43 -2.28491e-42  2.91393e-45
-1.80072e-05 -1.53875e-19  0.000279899  1.05753e-18  -0.00152348 -1.67297e-18   0.00433435 -4.32274e-18  -0.00698442  1.97109e-17   0.00591082 -2.69226e-17  -0.00133011  2.30474e-18  -0.00152601   4.4031e-17  0.000576714 -6.79211e-17  0.000524145  4.39936e-17 -7.29704e-05 -6.49748e-19 -0.000178626 -1.79285e-17 -4.74189e-05  8.77259e-18  2.83737e-05  9.81281e-19  2.68936e-05 -8.14475e-19  7.37116e-06 -1.07723e-18 -2.31142e-06  5.38108e-19 -3.10781e-06  3.99371e-19 -1.42426e-06 -3.73662e-19 -2.56446e-07 -1.16557e-19  1.15662e-07  1.86943e-19  1.22661e-07  2.70765e-20  5.94449e-08 -5.47827e-20  1.83751e-08 -4.69495e-21  2.69992e-09  1.04248e-20  -9.0018e-10 -4.00898e-22 -9.11335e-10 -2.89463e-21 -4.41961e-10  1.64994e-22 -1.58482e-10  1.00817e-21  -4.5235e-11   2.4289e-22 -1.01146e-11 -1.56227e-22 -1.50666e-12 -9.51238e-23  2.15068e-14 -4.62128e-24  1.19472e-13   9.4435e-24   5.5673e-14  2.05779e-24  1.83676e-14 -2.22746e-25  5.03734e-15   6.6603e-26  1.20985e-15  9.60008e-26  2.60503e-16  5.03198e-27  5.08994e-17 -6.23265e-27  9.08416e-18  2.09127e-27  1.48586e-18  2.22763e-27  2.22987e-19  5.81894e-28  3.06855e-20  4.18532e-29  3.86349e-21 -2.20423e-29  4.43312e-22 -1.65206e-29  4.60751e-23 -7.30271e-30  4.29763e-24 -2.12993e-30  3.54564e-25 -4.52034e-31  2.52416e-26 -6.89545e-32  1.47568e-27  1.04245e-32  6.18819e-29   1.6998e-32  7.04189e-31  8.44655e-33 -1.76615e-31  2.61001e-33 -2.15166e-32  5.69026e-34 -1.57882e-33  9.32651e-35 -8.61522e-35  1.18615e-35 -3.58543e-36  1.11241e-36 -1.03679e-37  5.38879e-38 -3.43047e-40 -3.13474e-39   2.3491e-40 -7.43518e-40  1.63169e-41 -4.64071e-41  3.61069e-43 -7.98077e-43
 2.44979e-20 -9.20185e-05 -6.80302e-19  0.000842829  3.37316e-18  -0.00357943 -4.32274e-18   0.00851199 -9.48769e-18   -0.0115771  3.77819e-17    0.0077335  -4.6024e-17 -0.000119118  3.43908e-18  -0.00261894  6.37661e-17   0.00017878 -9.11828e-17  0.000874521  5.23752e-17  0.000142532  5.15699e-18 -0.000221543 -2.34256e-17 -0.000131664  7.84614e-18  1.29229e-06  3.08744e-18  3.64624e-05 -9.27516e-19  2.00501e-05 -1.60778e-18  2.82717e-06  7.49144e-19 -2.97337e-06  5.33492e-19 -2.51305e-06 -5.51466e-19 -9.97367e-07 -1.54209e-19 -1.53507e-07  2.53332e-19   8.4799e-08  4.30384e-20  8.22123e-08 -6.51169e-20  3.96377e-08 -7.11183e-21  1.30152e-08  1.18118e-20  2.65767e-09 -1.75249e-21 -4.54793e-11 -4.23511e-21 -3.46053e-10  3.25163e-22 -1.98493e-10  1.52561e-21 -7.81988e-11  4.11907e-22 -2.47523e-11 -1.90953e-22 -6.55743e-12 -1.31117e-22 -1.45065e-12 -1.22604e-23 -2.53975e-13  9.57042e-24 -2.75005e-14  2.35918e-24  2.21161e-15   -2.916e-26  2.37925e-15   1.5978e-25  8.71722e-16  9.38304e-26  2.39803e-16 -9.61086e-27  5.59022e-17 -8.52337e-27  1.15283e-17  3.71885e-27  2.14582e-18  3.25887e-27  3.64416e-19  9.56679e-28  5.68111e-20   1.3593e-28  8.15824e-21 -1.97519e-29  1.08101e-21 -2.70482e-29  1.32232e-22 -1.28482e-29  1.49234e-23 -4.05891e-30  1.55164e-24 -1.00191e-30  1.48275e-25 -1.71206e-31  1.29788e-26  1.74545e-32  1.03594e-27  3.06713e-32  7.49579e-29   1.4015e-32  4.87919e-30  4.04215e-33  2.82857e-31  8.41868e-34  1.44138e-32  1.33995e-34  6.34814e-34  1.64871e-35  2.36668e-35  1.45898e-36  7.33785e-37   6.7108e-38  1.95386e-38 -2.26625e-39  5.20332e-40 -5.04447e-40  1.28732e-41 -2.17036e-41  1.23648e-43
 1.53587e-05  1.16323e-19 -0.000295329 -2.26878e-18   0.00198013  8.86324e-18  -0.00698442 -9.48769e-18    0.0143004 -1.79599e-17   -0.0165909  6.31838e-17   0.00837832 -6.99303e-17   0.00214021  6.52217e-18  -0.00344023  8.08366e-17 -0.000698338 -1.10339e-16   0.00106659  5.67676e-17  0.000500341  1.23974e-17 -0.000160627 -2.74007e-17 -0.000219711    5.411e-18 -6.04411e-05  5.21503e-18  2.84539e-05 -8.84173e-19  3.23163e-05 -2.05213e-18  1.24274e-05  1.03667e-18  1.27493e-07  6.20776e-19  -2.7088e-06 -7.68849e-19 -1.80287e-06 -1.92344e-19 -6.54025e-07   3.1636e-19 -9.78826e-08  6.21808e-20  4.90197e-08 -6.88193e-20  4.78704e-08 -6.58123e-21  2.34962e-08  1.23202e-20  8.21762e-09 -4.57464e-21  2.07237e-09 -6.19193e-21   2.7961e-10  4.59258e-22 -6.08989e-11   2.1384e-21 -6.23434e-11   6.4183e-22 -2.86522e-11  -1.9824e-22 -9.97643e-12 -1.59168e-22 -2.90942e-12 -2.08497e-23 -7.35717e-13  8.00574e-24 -1.63123e-13   2.2837e-24 -3.15749e-14  2.10631e-25  -5.2054e-15  2.39551e-25 -6.77685e-16  5.65746e-26  -4.9769e-17 -3.88671e-26  6.26289e-18 -1.44116e-26  3.71865e-18  4.53021e-27   1.0194e-18  4.25334e-27  2.15857e-19  1.41964e-27  3.89722e-20   2.5796e-28  6.21982e-21 -2.13019e-29  8.91976e-22 -4.37106e-29  1.15858e-22 -2.16982e-29  1.36775e-23  -7.3267e-30  1.46857e-24  -1.9341e-30  1.43225e-25 -3.28484e-31  1.26492e-26  3.09155e-32  1.00697e-27  4.97303e-32  7.17975e-29  2.09448e-32  4.54625e-30  5.66396e-33  2.52809e-31  1.12272e-33  1.21654e-32  1.70771e-34    4.969e-34  1.98014e-35  1.68237e-35  1.60539e-36  4.65213e-37  6.68411e-38  1.11723e-38 -1.38167e-39  2.73117e-40 -2.70536e-40  5.11763e-42 -6.49425e-42
 7.23539e-20  5.65126e-05  3.48057e-19 -0.000684675 -6.10935e-18    0.0037642  1.97109e-17   -0.0115771 -1.79599e-17    0.0209379 -2.96055e-17   -0.0208592  9.28704e-17   0.00723979 -9.53898e-17   0.00506239  1.33438e-17  -0.00352747  9.04813e-17  -0.00191782  -1.2246e-16  0.000910673  5.71154e-17  0.000903909  1.97617e-17  4.38616e-05 -2.92539e-17 -0.000260579  2.11965e-18 -0.000145166  6.82605e-18 -6.92549e-06 -8.33461e-19  3.48527e-05 -2.25831e-18  2.33864e-05  1.44427e-18  6.63399e-06  6.39641e-19 -9.39087e-07 -1.01523e-18 -2.03617e-06 -2.34764e-19 -1.17671e-06  3.63106e-19 -4.08918e-07  8.08768e-20 -6.81852e-08 -6.22476e-20  2.09162e-08  -1.8054e-22  2.36768e-08  1.24197e-20  1.21309e-08   -9.131e-21  4.50855e-09 -8.98186e-21  1.30343e-09  4.08253e-22  2.80652e-10  2.75386e-21  3.15568e-11  9.16905e-22 -7.71684e-12 -1.62501e-22 -6.58281e-12 -1.68076e-22 -2.74125e-12 -2.69351e-23 -8.82296e-13  5.59742e-24 -2.41514e-13  2.06834e-24 -5.83138e-14   5.0527e-25 -1.26345e-14    2.751e-25 -2.47727e-15 -2.87933e-26 -4.41044e-16 -8.78512e-26  -7.1268e-17 -2.68149e-26 -1.04071e-17  3.37149e-27  -1.3601e-18  4.89937e-27 -1.56034e-19   1.8709e-27 -1.50695e-20  3.67414e-28 -1.08994e-21 -4.10484e-29 -2.85555e-23 -7.15512e-29  7.99453e-24 -3.57397e-29  1.93469e-24 -1.24726e-29  2.83699e-25 -3.31956e-30  3.28058e-26 -5.31754e-31  3.19095e-27  5.44849e-32  2.66901e-28   7.3421e-32  1.93164e-29  2.85103e-32  1.20673e-30  7.22919e-33  6.44938e-32  1.35432e-33  2.90351e-33  1.93821e-34  1.07726e-34  2.07358e-35  3.23903e-36  1.50477e-36   8.5023e-38     5.47e-38  2.65877e-39 -7.00239e-40  8.96327e-41 -1.08706e-40  1.23421e-42
-3.35216e-06  4.62105e-19  0.000118479   7.5825e-19  -0.00119695  -1.3816e-17   0.00591082  3.77819e-17   -0.0165909 -2.96055e-17    0.0271643 -4.26874e-17   -0.0233078  1.20316e-16   0.00428585 -1.17776e-16   0.00794141  2.53536e-17  -0.00262226  8.98867e-17  -0.00315764 -1.26823e-16  0.000317711  5.43118e-17   0.00119801  2.60305e-17  0.000373723 -2.89184e-17 -0.000204806 -1.12267e-18 -0.000221453  7.51877e-18 -6.81266e-05  -9.9562e-19  1.88922e-05 -2.12303e-18  2.95758e-05  2.00007e-18  1.48041e-05  5.96453e-19  3.15233e-06 -1.26677e-18 -1.03219e-06 -2.87831e-19 -1.32902e-06  3.77369e-19 -7.06796e-07  9.32182e-20 -2.44434e-07 -4.28343e-20 -4.86902e-08  1.49594e-20  4.43866e-09  1.31439e-20  9.42217e-09 -1.52391e-20    5.268e-09   -1.271e-20   2.0842e-09 -3.96319e-23  6.60447e-10  3.22172e-21  1.71872e-10  1.19401e-21  3.55917e-11 -7.87883e-23  4.95076e-12 -1.49382e-22 -7.05884e-14 -2.62892e-23 -3.50941e-13  4.24128e-24 -1.54768e-13  2.36816e-24 -4.84846e-14  9.73179e-25 -1.26562e-14  2.75963e-25 -2.89967e-15 -1.59253e-25 -5.96987e-16 -1.57484e-25 -1.11837e-16 -4.75962e-26 -1.92022e-17 -6.04133e-28  -3.0347e-18   4.8865e-27  -4.4254e-19   2.1636e-27 -5.96211e-20  4.01521e-28 -7.42341e-21 -1.00818e-28 -8.53864e-22 -1.17883e-28 -9.06348e-23 -5.71765e-29 -8.86294e-24 -1.98836e-29 -7.96478e-25 -5.13144e-30 -6.55595e-26 -7.51346e-31 -4.92061e-27  9.12915e-32 -3.34757e-28   9.9608e-32 -2.04802e-29   3.5603e-32 -1.11518e-30  8.43721e-33 -5.33275e-32  1.48036e-33 -2.20015e-33  1.96354e-34  -7.6222e-35  1.90225e-35 -2.08219e-36  1.20879e-36 -3.45726e-38  3.70421e-38  2.77517e-40 -2.84584e-40  2.66697e-41 -2.83736e-41
-2.87881e-19  1.54052e-06  1.86589e-18  0.000131309  1.28139e-18  -0.00155906 -2.69226e-17    0.0077335  6.31838e-17   -0.0208592 -4.26874e-17    0.0317343  -5.3747e-17   -0.0234298  1.37006e-16  7.36824e-05 -1.32607e-16     0.010057  4.27217e-17 -0.000791965  7.93691e-17   -0.0040427  -1.2459e-16 -0.000647342  4.95308e-17   0.00123382  3.03354e-17  0.000749301 -2.66872e-17 -3.09614e-05 -3.49012e-18 -0.000249192  7.10371e-18 -0.000138961 -1.55802e-18 -1.81376e-05  -1.6259e-18  2.44426e-05  2.69606e-18  2.08212e-05  5.27614e-19   8.5648e-06 -1.48571e-18  1.41319e-06 -3.57755e-19 -7.39362e-07  3.41961e-19 -7.66503e-07  9.17883e-20 -3.90427e-07 -9.96959e-21 -1.37834e-07  4.08401e-20 -3.27166e-08   1.5897e-20 -2.30727e-09 -2.21732e-20  2.58716e-09 -1.72669e-20  1.80394e-09 -1.08943e-21  7.77024e-10  3.35874e-21  2.64598e-10  1.40227e-21  7.59477e-11  3.94323e-23  1.87372e-11 -1.02172e-22  3.95416e-12  -1.5668e-23  6.87732e-13   6.3154e-24  8.61072e-14  4.12838e-24  2.13011e-15  1.86038e-24 -2.98599e-15   3.1664e-25 -1.22016e-15 -3.05782e-25 -3.32866e-16 -2.40114e-25  -7.4567e-17 -7.55371e-26 -1.45673e-17 -7.27656e-27 -2.54593e-18  4.07717e-27 -4.03136e-19  2.15557e-27 -5.82205e-20  2.90779e-28 -7.69362e-21 -2.25805e-28 -9.31278e-22 -1.90594e-28 -1.03201e-22 -8.76608e-29 -1.04503e-23 -2.95036e-29 -9.63896e-25 -7.19997e-30 -8.06218e-26 -9.39068e-31 -6.07872e-27   1.4231e-31 -4.09987e-28   1.2493e-31 -2.44934e-29  4.09621e-32 -1.27993e-30  9.02059e-33 -5.75604e-32  1.46693e-33 -2.17957e-33  1.77676e-34  -6.7166e-35  1.53053e-35 -1.55821e-36  8.31773e-37 -1.98772e-38  2.06264e-38  1.80023e-40 -8.55849e-41  7.35629e-42
-3.36242e-06 -1.45936e-18  4.46778e-05  5.59036e-18 -5.41785e-05  1.78282e-18  -0.00133011  -4.6024e-17   0.00837832  9.28704e-17   -0.0233078  -5.3747e-17     0.033946 -5.84217e-17   -0.0214451  1.35517e-16  -0.00453099 -1.37184e-16    0.0109568  6.37757e-17     0.001618  6.20493e-17  -0.00429393 -1.17715e-16  -0.00178844  4.37112e-17  0.000931459  3.22165e-17   0.00105655 -2.29745e-17  0.000239583 -4.48418e-18 -0.000197047   5.5899e-18 -0.000192856 -2.59635e-18 -6.92132e-05 -8.35476e-19  4.64329e-06  3.48307e-18  2.02971e-05  4.92247e-19  1.29984e-05 -1.62471e-18  4.69046e-06 -4.48136e-19  6.66118e-07  2.42329e-19 -4.06844e-07  6.92191e-20 -3.89692e-07  3.45344e-20 -1.95897e-07  7.78847e-20 -7.14768e-08  2.21279e-20 -1.94899e-08 -2.87136e-20 -3.37943e-09 -2.22709e-20  1.28688e-10 -2.86278e-21  4.10814e-10  2.99395e-21  2.14842e-10  1.45328e-21  7.99875e-11  1.57469e-22  2.46047e-11 -3.63103e-23  6.56691e-12  5.22489e-24  1.55265e-12  1.36813e-23  3.27946e-13   8.2505e-24  6.18994e-14  3.48042e-24  1.03577e-14  5.30613e-25  1.50384e-15 -4.12559e-25  1.79415e-16 -3.17185e-25  1.46191e-17 -1.04951e-25 -1.46644e-19 -1.50984e-26 -3.75616e-19  2.65984e-27 -9.86939e-20  1.76989e-27 -1.83883e-20 -2.03282e-29 -2.83265e-21  -4.3735e-28 -3.78359e-22 -2.94968e-28  -4.4673e-23 -1.27099e-28 -4.69987e-24 -4.05841e-29 -4.41542e-25 -9.21015e-30 -3.69861e-26 -1.03961e-30 -2.75013e-27  2.04721e-31 -1.80214e-28  1.45367e-31 -1.03017e-29  4.35085e-32 -5.06632e-31  8.83715e-33 -2.10363e-32  1.31686e-33 -7.17516e-34  1.43463e-34 -1.90748e-35   1.0778e-35 -3.31426e-37  4.86967e-37 -9.00521e-41  9.24235e-39  1.52992e-40 -1.54869e-41
 4.40309e-19 -1.58481e-05 -4.86314e-18  0.000167248  1.33235e-17 -0.000597647  2.30474e-18 -0.000119118 -6.99303e-17   0.00723979  1.20316e-16   -0.0234298 -5.84217e-17    0.0338575 -5.30685e-17   -0.0180905  1.12815e-16  -0.00872485 -1.31478e-16    0.0105658  8.51743e-17   0.00414492  4.23362e-17   -0.0038139 -1.07904e-16  -0.00285477  3.73964e-17  0.000308488  3.16153e-17   0.00118858 -1.81426e-17  0.000546856 -4.02907e-18 -5.71261e-05  3.12728e-18 -0.000202821 -4.05894e-18 -0.000118748  1.06161e-19 -2.73021e-05  4.28299e-18  1.05073e-05  5.59584e-19  1.37416e-05 -1.63579e-18  7.44643e-06 -5.58787e-19  2.49667e-06  7.04672e-20  3.67046e-07  2.01051e-20  -1.7087e-07   8.6558e-20 -1.71036e-07  1.24588e-19 -8.71799e-08  3.29933e-20 -3.30047e-08 -3.33321e-20 -9.92595e-09 -2.70783e-20 -2.32648e-09 -5.32707e-21 -3.57692e-10  2.02259e-21  9.52795e-12  1.26108e-21  3.34306e-11  2.24265e-22  1.60285e-11  2.77563e-23  5.48714e-12  3.24988e-23  1.56326e-12   2.6678e-23  3.89964e-13  1.51804e-23  8.71789e-14  6.08988e-24  1.76826e-14  1.07027e-24  3.27697e-15 -4.08148e-25   5.5708e-16 -3.61004e-25  8.70527e-17 -1.25909e-25  1.25136e-17 -2.11467e-26  1.65423e-18  1.18281e-27  2.00885e-19  1.02957e-27  2.23704e-20 -5.56304e-28  2.27918e-21 -7.44591e-28  2.11882e-22 -4.29986e-28  1.79219e-23 -1.72671e-28  1.37564e-24 -5.16421e-29  9.56434e-26 -1.07631e-29  6.02237e-27 -1.00934e-30  3.44333e-28  2.71028e-31  1.79851e-29  1.57147e-31  8.64921e-31  4.26787e-32  3.84365e-32  7.92527e-33  1.56546e-33  1.06898e-33  5.78179e-35  1.03073e-34  2.04669e-36  6.60508e-36  8.13521e-38  2.39056e-37  3.10573e-39  3.17047e-39  5.26357e-41
 9.60832e-07  1.90215e-18 -3.80489e-05   -1.237e-17  0.000373777  2.62828e-17  -0.00152601  3.43908e-18   0.00214021 -9.53898e-17   0.00428585  1.37006e-16   -0.0214451 -5.30685e-17    0.0321127  -3.6497e-17    -0.014231  7.20434e-17   -0.0120134 -1.17795e-16   0.00911195  1.02817e-16   0.00637548  2.41568e-17  -0.00268391 -9.62074e-17  -0.00362372  3.08261e-17 -0.000532287  2.88851e-17   0.00108082 -1.24345e-17  0.000811699 -2.41453e-18  0.000149849 -5.02082e-20 -0.000152281 -5.81069e-18 -0.000147767  1.01025e-18 -6.28613e-05  5.01108e-18 -7.81168e-06  7.94797e-19  9.00415e-06 -1.48152e-18  8.12374e-06 -6.86042e-19  3.98086e-06 -1.72187e-19  1.30435e-06 -5.74167e-20  2.29534e-07  1.40313e-19 -4.56618e-08  1.77659e-19 -6.17434e-08  4.91194e-20 -3.31492e-08 -3.44568e-20 -1.30719e-08  -3.0856e-20 -4.20209e-09 -8.25245e-21 -1.13105e-09  4.52187e-22 -2.51735e-10  7.67433e-22 -4.28898e-11  1.84848e-22 -3.69885e-12  6.33358e-23  9.30186e-13  5.83435e-23  6.20807e-13  4.36151e-23  2.16476e-13  2.46137e-23  5.92471e-14  9.75617e-24  1.39172e-14  2.04981e-24  2.90533e-15 -2.24989e-25  5.48283e-16 -3.40686e-25   9.4412e-17 -1.26348e-25   1.4913e-17 -2.18001e-26  2.16707e-18  4.11381e-28  2.90073e-19  4.40726e-29   3.5768e-20 -1.30352e-27  4.05895e-21 -1.13766e-27  4.23082e-22 -5.85748e-28  4.03889e-23 -2.18671e-28  3.51716e-24 -6.07271e-29  2.77935e-25 -1.14918e-29  1.97974e-26 -8.35308e-31  1.26038e-27   3.2985e-31  7.09551e-29  1.57792e-31  3.48467e-30  3.86247e-32  1.46724e-31  6.49329e-33  5.18137e-33  7.82291e-34  1.49869e-34  6.55649e-35  3.55132e-36  3.48659e-36   7.5042e-38   9.5745e-38  1.37332e-39  7.27269e-40
-3.20828e-19 -8.71915e-07  5.44546e-18 -4.64552e-05 -2.56064e-17  0.000573822   4.4031e-17  -0.00261894  6.52217e-18   0.00506239 -1.17776e-16  7.36824e-05  1.35517e-16   -0.0180905  -3.6497e-17    0.0295556 -1.08962e-17   -0.0105399  2.17419e-17   -0.0142537 -9.95166e-17   0.00696442  1.13135e-16   0.00804238  9.82473e-18  -0.00110093 -8.32801e-17  -0.00395454  2.40724e-17   -0.0014409  2.47796e-17  0.000727074 -5.98807e-18  0.000960278 -1.32398e-19  0.000380072 -3.66135e-18 -4.20895e-05 -7.70378e-18 -0.000140892  1.67383e-18 -9.00602e-05  5.59873e-18 -3.00807e-05  1.24564e-18 -9.86204e-07 -1.14541e-18  5.72913e-06 -8.24138e-19  4.29672e-06 -4.74003e-19  1.98968e-06 -1.61088e-19  6.60235e-07  1.89263e-19  1.42942e-07  2.32598e-19  2.47181e-09  7.05025e-20 -1.62298e-08   -3.075e-20 -1.01097e-08 -3.26983e-20 -4.23129e-09  -1.1213e-20 -1.43168e-09 -1.57469e-21 -4.13761e-10 -3.51509e-23 -1.04215e-10  -2.9305e-24 -2.29433e-11  4.49947e-23 -4.35558e-12  7.30049e-23 -6.81993e-13  6.10805e-23 -7.56258e-14  3.54777e-23 -8.23243e-16  1.42878e-23  2.52602e-15  3.49944e-24  9.06265e-16  1.80996e-25  2.22781e-16 -2.30341e-25  4.51407e-17 -9.54811e-26   7.9684e-18 -1.38712e-26  1.25435e-18  1.03918e-27  1.78058e-19 -1.04702e-27  2.29142e-20 -2.21313e-27  2.67841e-21 -1.58478e-27  2.84256e-22 -7.43496e-28  2.73304e-23 -2.57522e-28  2.37154e-24 -6.59551e-29  1.84712e-25 -1.11894e-29  1.28203e-26 -5.45079e-31  7.85596e-28  3.68761e-31  4.20014e-29  1.46944e-31  1.93009e-30  3.21844e-32  7.47987e-32  4.84565e-33  2.38914e-33  5.13774e-34  6.16872e-35  3.66355e-35  1.31503e-36  1.55827e-36   2.5005e-38  2.96266e-38  2.99389e-40
 1.01416e-06 -1.11713e-18 -1.51491e-05  1.19766e-17  1.43635e-05 -4.47844e-17  0.000576714  6.37661e-17  -0.00344023  1.33438e-17   0.00794141 -1.32607e-16  -0.00453099  1.12815e-16    -0.014231 -1.08962e-17    0.0268901  1.86053e-17  -0.00737414 -2.71526e-17   -0.0155519 -7.97031e-17   0.00448619  1.14243e-16   0.00903846 -1.12662e-19  0.000699362 -6.98901e-17   -0.0038025  1.71164e-17  -0.00226295  2.03398e-17  0.000175497  1.10495e-18  0.000944005  2.32195e-18  0.000579397 -7.39957e-18    0.0001087 -9.63615e-18 -9.22155e-05  1.91575e-18 -9.76901e-05  6.00961e-18 -4.91852e-05  1.93177e-18 -1.37093e-05 -6.38463e-19  4.35289e-07 -9.67039e-19  2.99041e-06 -8.14999e-19  2.03692e-06 -2.85277e-19  9.18347e-07  2.27023e-19  3.13783e-07  2.84479e-19  8.00884e-08  9.65194e-20  1.19148e-08  -2.1346e-20 -1.64017e-09 -3.17656e-20 -2.12891e-09 -1.36395e-20 -1.02945e-09  -3.7911e-21 -3.72102e-10 -1.09041e-21 -1.12921e-10 -3.52924e-22 -3.00056e-11 -4.31797e-23 -7.11851e-12  6.79007e-23 -1.52232e-12  7.50083e-23 -2.94646e-13  4.62253e-23 -5.16086e-14  1.92691e-23 -8.14507e-15  5.35287e-24 -1.14657e-15  8.18458e-25 -1.40983e-16 -1.66359e-26 -1.44484e-17 -2.73364e-26 -1.07316e-18  4.19278e-27 -1.72702e-20  3.36772e-27   1.2342e-20 -2.14062e-27  2.92867e-21 -3.20928e-27  4.52766e-22 -2.03485e-27  5.61131e-23 -8.78926e-28  5.89521e-24 -2.81756e-28  5.35583e-25 -6.61167e-29  4.23317e-26  -9.8917e-30  2.90725e-27 -2.00633e-31  1.72447e-28  3.78394e-31  8.74896e-30  1.26608e-31  3.74941e-31   2.4619e-32  1.34013e-32  3.28012e-33   3.9838e-34  3.00887e-34  1.02801e-35  1.77683e-35  2.57618e-37  5.72571e-37  5.51374e-39  6.15983e-39
 1.46319e-20  4.10962e-06 -2.50651e-18 -5.27782e-05  2.15578e-17  0.000203679 -6.79211e-17   0.00017878  8.08366e-17  -0.00352747  2.53536e-17     0.010057 -1.37184e-16  -0.00872485  7.20434e-17   -0.0105399  1.86053e-17    0.0245284  4.55918e-17  -0.00481934 -6.50312e-17   -0.0161231 -6.02827e-17   0.00195434  1.06509e-16   0.00937853  -6.3048e-18   0.00250092 -5.72332e-17  -0.00320371  9.88358e-18  -0.00287197  1.66583e-17  -0.00048856  8.72938e-18  0.000749678  4.60879e-18  0.000697954 -1.09569e-17  0.000267873 -1.15743e-17 -7.93112e-06  1.61415e-18 -7.94444e-05  6.24711e-18 -5.79568e-05  2.83899e-18 -2.50906e-05  3.41424e-22 -6.31056e-06 -1.11001e-18   2.6109e-07 -1.17088e-18  1.29548e-06 -4.22836e-19  8.52274e-07  2.47991e-19  3.81891e-07  3.28669e-19  1.34599e-07  1.25978e-19  3.83224e-08 -6.02004e-21  8.45537e-09 -2.74293e-20   1.1378e-09 -1.49204e-20 -1.11106e-10 -5.85094e-21 -1.46226e-10 -2.28137e-21 -6.47124e-11 -8.42235e-22 -2.13647e-11 -2.01514e-22 -5.94668e-12  3.87306e-23 -1.45803e-12  8.20885e-23 -3.21532e-13  5.53287e-23 -6.45069e-14  2.41879e-23 -1.18532e-14  7.47163e-24 -2.00299e-15  1.65937e-24 -3.12017e-16  2.96522e-25 -4.48627e-17  7.67304e-26 -5.95642e-18  3.14835e-26 -7.30094e-19  7.10118e-27 -8.25506e-20 -3.20761e-27 -8.59869e-21 -4.19782e-27 -8.23548e-22 -2.42569e-27 -7.23386e-23 -9.68107e-28 -5.80729e-24  -2.8628e-28 -4.24106e-25 -6.10996e-29 -2.79964e-26 -7.87314e-30 -1.65571e-27  1.22279e-31 -8.66092e-29  3.56025e-31 -3.93125e-30  1.00618e-31 -1.50211e-31  1.72219e-32 -4.57531e-33  2.00316e-33 -9.74546e-35  1.55725e-34 -7.12716e-37  7.34281e-36  3.67994e-38  1.63504e-37  9.48957e-40
 3.13052e-09 -1.66937e-19  7.40951e-06 -4.11062e-18 -0.000107404  3.29674e-17  0.000524145 -9.11828e-17 -0.000698338  9.04813e-17  -0.00262226  4.27217e-17    0.0109568 -1.31478e-16   -0.0120134  2.17419e-17  -0.00737414  4.55918e-17    0.0226141  6.44573e-17  -0.00280536  -8.6394e-17    -0.016186 -4.20347e-17 -0.000456428  9.23686e-17   0.00914687 -9.83804e-18    0.0041368 -4.68514e-17  -0.00224738  2.29891e-18  -0.00318595  1.45973e-17  -0.00116407  1.66946e-17  0.000399515  6.61243e-18  0.000702109 -1.40614e-17  0.000398629 -1.35382e-17  9.49275e-05  7.39065e-19 -3.64416e-05  6.35346e-18 -5.18282e-05  3.92043e-18  -3.0967e-05  7.10493e-19 -1.22584e-05 -1.25037e-18 -3.04862e-06 -1.51807e-18 -4.57803e-08 -5.67395e-19  4.46777e-07  2.47666e-19  3.04272e-07  3.61272e-19   1.3809e-07  1.57158e-19  5.00107e-08  1.47207e-20  1.51962e-08 -1.94086e-20  3.91362e-09  -1.4534e-20  8.36254e-10 -7.40022e-21  1.35629e-10 -3.45095e-21  1.01118e-11 -1.41342e-21 -3.42187e-12 -4.13191e-22 -2.03431e-12 -1.26508e-23  -6.7995e-13  8.09361e-23 -1.80337e-13  6.17645e-23 -4.11774e-14  2.85966e-23 -8.36129e-15  9.68966e-24   -1.534e-15  2.64593e-24 -2.56463e-16  6.87073e-25 -3.92557e-17  2.07328e-25 -5.51378e-18  6.45064e-26 -7.11119e-19  1.13658e-26 -8.41578e-20 -4.27883e-27 -9.12284e-21 -5.07437e-27 -9.03229e-22 -2.69679e-27 -8.13488e-23 -9.94099e-28  -6.6296e-24 -2.70009e-28 -4.85563e-25 -5.19356e-29 -3.16837e-26 -5.55451e-30 -1.82121e-27  3.60275e-31 -9.08446e-29  3.06764e-31 -3.85092e-30  7.34858e-32 -1.34412e-31  1.09649e-32 -3.65743e-33  1.09578e-33 -6.85252e-35   7.0313e-35 -5.18645e-37  2.50779e-36  9.90476e-39  3.15065e-38
 1.81848e-19  1.35354e-06 -9.82458e-19   1.0139e-06 -5.00735e-18  -0.00013741  4.39936e-17  0.000874521 -1.10339e-16  -0.00191782  8.98867e-17 -0.000791965  6.37757e-17    0.0105658 -1.17795e-16   -0.0142537 -2.71526e-17  -0.00481934  6.44573e-17    0.0211264  7.20286e-17  -0.00120991 -9.07246e-17   -0.0159148 -2.50571e-17  -0.00265461  7.55141e-17   0.00845415 -1.17158e-17   0.00549528 -4.02397e-17  -0.00104832 -5.62818e-18  -0.00317052  1.45766e-17  -0.00175368  2.47216e-17 -5.62135e-05   8.4072e-18  0.000581272 -1.65251e-17  0.000468847 -1.55629e-17  0.000192957 -6.28689e-19  2.26843e-05  6.40244e-18  -3.0641e-05  5.10552e-18 -2.86767e-05  1.42204e-18 -1.52149e-05 -1.38727e-18 -5.76827e-06 -1.83818e-18 -1.51863e-06 -7.15168e-19 -1.59107e-07  2.22733e-19  1.04929e-07  3.79289e-19  8.67856e-08  1.87856e-19  4.12777e-08  3.96285e-20  1.53861e-08 -7.88179e-21  4.85491e-09 -1.21831e-20  1.33567e-09 -8.15791e-21  3.23989e-10 -4.43582e-21  6.92604e-11 -1.98725e-21  1.28757e-11 -6.47883e-22  2.00314e-12 -7.83652e-23  2.31498e-13  7.25494e-23  8.70118e-15  6.52941e-23 -4.96502e-15  3.22322e-23 -1.93167e-15  1.18535e-23 -4.73402e-16   3.7003e-24 -9.36904e-17  1.11737e-24 -1.59959e-17  3.48333e-25 -2.41885e-18  9.78582e-26 -3.27899e-19   1.4969e-26 -4.00626e-20 -5.38873e-27 -4.41868e-21 -5.73465e-27  -4.3951e-22 -2.80352e-27 -3.93047e-23 -9.51897e-28 -3.14468e-24  -2.3619e-28 -2.23541e-25  -4.0454e-29  -1.3988e-26 -3.36456e-30 -7.60994e-28  4.81875e-31 -3.53839e-29  2.41659e-31 -1.37137e-30  4.91134e-32 -4.25269e-32  6.31615e-33 -9.72817e-34  5.31762e-34 -1.28986e-35  2.71681e-35  3.01192e-38  6.68474e-37   3.0119e-39
-2.54115e-07  7.44859e-19  6.24761e-06 -3.03521e-18 -3.12538e-05 -4.08567e-18 -7.29704e-05  5.23752e-17   0.00106659  -1.2246e-16  -0.00315764  7.93691e-17     0.001618  8.51743e-17   0.00911195 -9.95166e-17   -0.0155519 -6.50312e-17  -0.00280536  7.20286e-17    0.0199805  6.81295e-17  8.23603e-05  -8.1535e-17   -0.0154304 -9.23843e-18  -0.00460355  5.98102e-17   0.00741102 -1.27049e-17   0.00651299 -3.83822e-17  0.000273846  -1.3729e-17  -0.00283341   1.6515e-17  -0.00217764  3.24722e-17 -0.000550442  1.01495e-17  0.000349073 -1.82864e-17  0.000458616 -1.76568e-17  0.000262522 -2.30044e-18  8.40633e-05  6.48747e-18  1.05124e-06  6.31482e-18 -1.81322e-05  2.07029e-18 -1.39191e-05 -1.52039e-18 -6.87921e-06 -2.12061e-18 -2.57357e-06 -8.65583e-19 -7.32757e-07  1.71143e-19 -1.35738e-07  3.80587e-19  3.06823e-09  2.15478e-19   1.6642e-08  6.67974e-20  9.31757e-09  6.45485e-21  3.67688e-09  -7.8976e-21  1.19841e-09 -7.98507e-21  3.39904e-10 -5.10465e-21  8.59024e-11 -2.48211e-21  1.95834e-11 -8.69372e-22  4.05349e-12 -1.46603e-22  7.64053e-13  5.99116e-23  1.31191e-13  6.64386e-23  2.04753e-14  3.50453e-23  2.88999e-15  1.38403e-23  3.65472e-16  4.73318e-24  4.07173e-17   1.5395e-24  3.86499e-18  4.79937e-25  2.87938e-19  1.25542e-25  1.19901e-20  1.68059e-26  -8.2107e-22 -6.51225e-27 -2.65862e-22 -6.09012e-27 -3.83371e-23 -2.72861e-27 -4.11595e-24  -8.4981e-28  -3.6072e-25 -1.91325e-28 -2.65267e-26  -2.8698e-29 -1.64595e-27 -1.61571e-30 -8.55714e-29  4.92338e-31 -3.65322e-30  1.73678e-31 -1.22425e-31  2.98874e-32 -2.84793e-33  3.26683e-33 -2.25893e-35  2.25876e-34  1.43459e-36  8.70731e-36  5.96919e-38  1.20643e-37
-1.56733e-19 -5.66147e-07  1.96557e-18  1.46601e-05 -6.74617e-18 -9.75836e-05 -6.49748e-19  0.000142532  5.67676e-17  0.000910673 -1.26823e-16   -0.0040427  6.20493e-17   0.00414492  1.02817e-16   0.00696442 -7.97031e-17   -0.0161231  -8.6394e-17  -0.00120991  6.81295e-17    0.0190878  5.50483e-17   0.00115944 -6.43846e-17   -0.0148105  5.55253e-18  -0.00629757  4.83203e-17   0.00611569 -1.34157e-17   0.00716358 -4.14413e-17   0.00160781 -2.16575e-17  -0.00221503  1.99351e-17  -0.00238192  3.96037e-17  -0.00101138  1.19477e-17  3.97484e-05 -1.94281e-17  0.000364543 -1.97711e-17  0.000285791 -4.00643e-18  0.000132443  6.70699e-18   3.5267e-05  7.47689e-18  -1.9553e-06  2.60907e-18 -8.56035e-06 -1.64837e-18 -5.93741e-06 -2.36259e-18 -2.81839e-06 -1.02049e-18  -1.0549e-06  9.23105e-20 -3.20629e-07  3.63883e-19 -7.67294e-08  2.37252e-19 -1.21166e-08  9.38434e-20  3.22774e-10  2.24102e-20  1.19496e-09  -2.0704e-21  5.91305e-10 -6.92287e-21  2.08902e-10 -5.38899e-21  6.14376e-11 -2.83362e-21  1.58283e-11 -1.04455e-21  3.65702e-12 -2.04873e-22  7.67381e-13  4.69482e-23  1.47337e-13  6.61879e-23  2.60014e-14  3.71353e-23  4.22904e-15  1.55509e-23  6.34878e-16   5.6507e-24  8.80204e-17  1.90256e-24  1.12678e-17   5.8275e-25  1.33068e-18  1.42529e-25  1.44751e-19  1.62499e-26  1.44708e-20 -7.53509e-27  1.32534e-21 -6.08747e-27  1.10739e-22  -2.4869e-27  8.39489e-24 -7.06799e-28  5.73198e-25 -1.43156e-28  3.49165e-26 -1.83513e-29  1.87422e-27 -4.41622e-31  8.72639e-29  4.23896e-31  3.45784e-30  1.13553e-31  1.14285e-31  1.64599e-32  3.11048e-33  1.50207e-33  7.05614e-35  8.23381e-35  1.34483e-36  2.18475e-36  1.50407e-38
-1.03748e-07 -4.91488e-19  4.28827e-07   3.8957e-18  1.90535e-05 -1.19772e-17 -0.000178626  5.15699e-18  0.000500341  5.71154e-17  0.000317711  -1.2459e-16  -0.00429393  4.23362e-17   0.00637548  1.13135e-16   0.00448619 -6.02827e-17    -0.016186 -9.07246e-17  8.23603e-05  5.50483e-17    0.0183793  3.63226e-17   0.00208253 -4.48391e-17   -0.0141037  1.95289e-17  -0.00774631  4.27075e-17   0.00465026 -1.44045e-17    0.0074466 -4.87047e-17   0.00285732 -2.89355e-17  -0.00137852  2.41749e-17  -0.00234137  4.58191e-17  -0.00137342  1.37611e-17 -0.000298753 -2.01573e-17  0.000200293 -2.17907e-17  0.000255167 -5.44103e-18  0.000155419  7.14957e-18  6.30069e-05  8.54219e-18  1.53671e-05   3.0187e-18  -7.2482e-07 -1.76756e-18 -3.25018e-06 -2.56708e-18 -2.18146e-06 -1.18231e-18 -1.01679e-06  -1.2519e-20 -3.82062e-07  3.28844e-19  -1.2098e-07  2.50561e-19 -3.25838e-08  1.18176e-19   -7.325e-09  3.84199e-20 -1.27245e-09   4.5876e-21 -1.16398e-10 -5.18766e-21  2.56408e-11 -5.29749e-21  1.82036e-11 -3.00832e-21  6.48477e-12 -1.15083e-21  1.80095e-12 -2.43223e-22  4.27811e-13  3.72822e-23  9.00653e-14  6.55815e-23  1.70934e-14   3.8635e-23  2.95132e-15  1.68917e-23  4.65869e-16  6.36203e-24  6.73939e-17  2.16122e-24   8.9411e-18  6.42002e-25  1.08716e-18  1.46078e-25  1.20935e-19  1.33649e-26  1.22714e-20 -8.27816e-27  1.13125e-21  -5.7255e-27  9.42353e-23 -2.12144e-27   7.0448e-24 -5.46889e-28  4.68499e-25 -9.85545e-29  2.74073e-26 -1.03867e-29  1.39028e-27  1.91312e-31  6.00374e-29  3.18466e-31  2.15637e-30  6.72879e-32  6.26736e-32  8.14163e-33  1.43674e-33   6.0562e-34  2.57193e-35  2.49571e-35  3.38804e-37  3.72078e-37
 5.72142e-20 -5.73655e-07 -9.81969e-19   5.5156e-06  6.17373e-18  3.43161e-06 -1.79285e-17 -0.000221543  1.23974e-17  0.000903909  5.43118e-17 -0.000647342 -1.17715e-16   -0.0038139  2.41568e-17   0.00804238  1.14243e-16   0.00195434 -4.20347e-17   -0.0159148  -8.1535e-17   0.00115944  3.63226e-17    0.0178078  1.54242e-17   0.00289321 -2.70467e-17   -0.0133401  3.30753e-17  -0.00896563  4.30904e-17   0.00308131 -1.61733e-17   0.00737868 -5.87702e-17   0.00394381 -3.50282e-17 -0.000400644  2.86168e-17  -0.00205917  5.08916e-17  -0.00158573  1.53639e-17 -0.000613383  -2.0748e-17 -6.37949e-06 -2.35429e-17  0.000175118  -6.3151e-18  0.000146821  7.88121e-18  7.69733e-05  9.49011e-18   2.8977e-05  3.30661e-18  7.19281e-06 -1.87174e-18  2.62739e-07 -2.73952e-18 -9.26827e-07 -1.35191e-18 -6.59976e-07 -1.39885e-19 -3.09799e-07  2.76315e-19 -1.17102e-07  2.53355e-19 -3.78331e-08  1.37329e-19 -1.07038e-08  5.27587e-20 -2.67635e-09  1.11703e-20 -5.90777e-10 -3.12309e-21 -1.13647e-10 -4.90893e-21  -1.8377e-11 -3.00761e-21 -2.24122e-12 -1.17993e-21 -1.07003e-13 -2.56389e-22  4.32062e-14  3.32395e-23  1.83232e-14  6.53342e-23  4.68063e-15  3.96025e-23  9.56602e-16  1.77634e-23  1.67998e-16  6.78998e-24  2.60711e-17  2.28401e-24  3.62091e-18  6.50756e-25  4.52637e-19  1.36372e-25  5.10163e-20  8.85878e-27  5.17964e-21 -8.56481e-27  4.72295e-22 -5.06063e-27  3.84863e-23 -1.69186e-27  2.78322e-24 -3.92807e-28  1.76961e-25 -6.20554e-29  9.77112e-27  -5.0151e-30  4.61045e-28   4.2101e-31  1.82047e-29   2.1189e-31  5.86081e-31  3.59571e-32  1.49632e-32  3.58109e-33  2.98484e-34  2.09884e-34  4.67657e-36  5.93456e-36  4.41963e-38
