  0.00106651  1.95678e-20  -0.00457262 -1.26162e-19   0.00535046  1.93251e-19  -0.00128917  -5.6456e-20  -0.00126511 -1.07613e-19  0.000345092  7.36066e-20  0.000272908   9.3988e-21 -1.92193e-05 -1.28244e-20 -3.04082e-05  2.34321e-21 -2.84422e-06 -3.87373e-22  3.10304e-07
 1.95678e-20   0.00716136  8.05591e-20   -0.0160569 -3.74173e-19    0.0116552  4.14992e-19  0.000668746  6.76219e-20  -0.00341733 -3.69208e-19 -0.000129053  1.45171e-19  0.000641817  2.75861e-20  9.34936e-05 -1.20237e-20 -4.36635e-05  2.96085e-21 -8.44511e-06 -5.76568e-22
 -0.00457262  8.05591e-20    0.0223315  2.11039e-19    -0.031886 -8.14761e-19    0.0135088  6.68419e-19   0.00632577  3.73267e-19  -0.00465881 -6.75218e-19  -0.00150717  1.53042e-19  0.000743862  2.79122e-20  0.000279493  5.30423e-21 -1.79468e-05  3.83094e-21 -7.54371e-06
-1.26162e-19   -0.0160569  2.11039e-19    0.0433879  4.64994e-19   -0.0430174 -1.55635e-18    0.0077145  9.67261e-19    0.0127485  7.44474e-19  -0.00363251 -8.14922e-19  -0.00306688  5.53413e-20  0.000393844 -8.62102e-21  0.000394767  2.49753e-20  2.41529e-05  3.82656e-21
  0.00535046 -3.74173e-19    -0.031886  4.64994e-19    0.0599876  9.14893e-19   -0.0434497 -2.59137e-18  -0.00264565  1.21794e-18    0.0166197  1.05519e-18 -0.000768655 -6.33543e-19  -0.00399651 -1.21871e-19 -0.000244809 -6.53391e-20  0.000348685  2.93274e-20  3.73551e-05
 1.93251e-19    0.0116552 -8.14761e-19   -0.0430174  9.14893e-19    0.0648788  1.54432e-18   -0.0356397 -3.62543e-18   -0.0124165  1.16882e-18    0.0171085  1.27626e-18    0.0026429 -1.68826e-19  -0.00398927 -2.90817e-19 -0.000858074 -1.04935e-19  0.000174842  1.77533e-20
 -0.00128917  4.14992e-19    0.0135088 -1.55635e-18   -0.0434497  1.54432e-18    0.0601255  2.18761e-18     -0.02587 -4.24739e-18   -0.0190894  6.00315e-19    0.0152799    1.457e-18   0.00564756  3.62802e-19  -0.00315963 -3.57542e-19    -0.001173 -1.00449e-19  6.79926e-06
 -5.6456e-20  0.000668746  6.68419e-19    0.0077145 -2.59137e-18   -0.0356397  2.18761e-18    0.0523798  2.66977e-18    -0.018068 -4.30783e-18   -0.0230058 -4.22357e-19    0.0123504  1.62117e-18   0.00785995  7.48908e-19  -0.00177612 -2.86395e-19  -0.00103987 -4.93671e-20
 -0.00126511  6.76219e-20   0.00632577  9.67261e-19  -0.00264565 -3.62543e-18     -0.02587  2.66977e-18    0.0461551  2.99143e-18   -0.0127736 -4.04455e-18   -0.0253716 -1.54765e-18   0.00893375  1.69254e-18   0.00914526  9.26818e-19 -0.000186588 -1.21167e-19 -0.000531717
-1.07613e-19  -0.00341733  3.73267e-19    0.0127485  1.21794e-18   -0.0124165 -4.24739e-18    -0.018068  2.99143e-18    0.0424521  3.30132e-18  -0.00911865 -3.82014e-18   -0.0270713 -2.45083e-18     0.005138  1.53063e-18   0.00930595    9.212e-19   0.00106697  4.04686e-20
 0.000345092 -3.69208e-19  -0.00465881  7.44474e-19    0.0166197  1.16882e-18   -0.0190894 -4.30783e-18   -0.0127736  3.30132e-18    0.0407151  3.71134e-18   -0.0062524 -3.78989e-18   -0.0285354 -3.11519e-18  0.000815203  1.07416e-18   0.00795352  7.41079e-19   0.00127175
 7.36066e-20 -0.000129053 -6.75218e-19  -0.00363251  1.05519e-18    0.0171085  6.00315e-19   -0.0230058 -4.04455e-18  -0.00911865  3.71134e-18    0.0403635   4.2293e-18  -0.00360424 -3.83821e-18    -0.029878 -3.69081e-18  -0.00417524  4.58631e-19   0.00486327   4.4014e-19
 0.000272908  1.45171e-19  -0.00150717 -8.14922e-19 -0.000768655  1.27626e-18    0.0152799 -4.22357e-19   -0.0253716 -3.82014e-18   -0.0062524   4.2293e-18    0.0411728  4.87032e-18 -0.000688733 -3.80684e-18   -0.0308062 -4.08325e-18  -0.00926389 -1.31023e-19   0.00117879
  9.3988e-21  0.000641817  1.53042e-19  -0.00306688 -6.33543e-19    0.0026429    1.457e-18    0.0123504 -1.54765e-18   -0.0270713 -3.78989e-18  -0.00360424  4.87032e-18    0.0432449  5.61239e-18   0.00323961 -3.82193e-18   -0.0299562 -4.14368e-18   -0.0119192 -5.91079e-19
-1.92193e-05  2.75861e-20  0.000743862  5.53413e-20  -0.00399651 -1.68826e-19   0.00564756  1.62117e-18   0.00893375 -2.45083e-18   -0.0285354 -3.83821e-18 -0.000688733  5.61239e-18    0.0471158  5.70106e-18    0.0098578 -4.68429e-18   -0.0240901 -4.50857e-18  -0.00862652
-1.28244e-20  9.34936e-05  2.79122e-20  0.000393844 -1.21871e-19  -0.00398927  3.62802e-19   0.00785995  1.69254e-18     0.005138 -3.11519e-18    -0.029878 -3.80684e-18   0.00323961  5.70106e-18    0.0542507  2.69865e-18     0.022073 -7.89179e-18   -0.0108253 -4.98949e-18
-3.04082e-05 -1.20237e-20  0.000279493 -8.62102e-21 -0.000244809 -2.90817e-19  -0.00315963  7.48908e-19   0.00914526  1.53063e-18  0.000815203 -3.69081e-18   -0.0308062 -3.82193e-18    0.0098578  2.69865e-18    0.0670488  -6.1499e-18    0.0399206 -1.30044e-17    0.0028897
 2.34321e-21 -4.36635e-05  5.30423e-21  0.000394767 -6.53391e-20 -0.000858074 -3.57542e-19  -0.00177612  9.26818e-19   0.00930595  1.07416e-18  -0.00417524 -4.08325e-18   -0.0299562 -4.68429e-18     0.022073  -6.1499e-18    0.0841936  -1.8531e-17    0.0511651 -1.33361e-17
-2.84422e-06  2.96085e-21 -1.79468e-05  2.49753e-20  0.000348685 -1.04935e-19    -0.001173 -2.86395e-19 -0.000186588    9.212e-19   0.00795352  4.58631e-19  -0.00926389 -4.14368e-18   -0.0240901 -7.89179e-18    0.0399206  -1.8531e-17    0.0910279 -2.42576e-17    0.0371173
-3.87373e-22 -8.44511e-06  3.83094e-21  2.41529e-05  2.93274e-20  0.000174842 -1.00449e-19  -0.00103987 -1.21167e-19   0.00106697  7.41079e-19   0.00486327 -1.31023e-19   -0.0119192 -4.50857e-18   -0.0108253 -1.30044e-17    0.0511651 -2.42576e-17    0.0672286  -1.5481e-17
 3.10304e-07 -5.76568e-22 -7.54371e-06  3.82656e-21  3.73551e-05  1.77533e-20  6.79926e-06 -4.93671e-20 -0.000531717  4.04686e-20   0.00127175   4.4014e-19   0.00117879 -5.91079e-19  -0.00862652 -4.98949e-18    0.0028897 -1.33361e-17    0.0371173  -1.5481e-17     0.023712
