 1.32545e-06  4.72735e-20 -1.21992e-05 -6.98747e-19  3.67779e-05  2.92024e-18 -5.11108e-05 -6.39359e-18  2.88567e-05  8.37673e-18  3.69253e-06 -6.27535e-18 -7.85623e-06  1.34944e-18 -1.85608e-06  2.24075e-18  1.57164e-06 -2.27945e-18  1.01062e-06   4.8806e-19  3.86094e-08  5.60192e-19 -2.22607e-07 -4.46716e-19 -1.25921e-07  1.28215e-19 -2.12294e-08 -3.56889e-20  1.43837e-08  9.59617e-21  1.31179e-08  1.51768e-20   5.3885e-09 -6.97583e-21   9.8007e-10   -5.106e-21 -3.25245e-10  1.93103e-21  -3.7368e-10  1.65681e-21 -1.88504e-10 -2.48673e-22 -6.45224e-11 -4.81766e-22 -1.43029e-11 -8.62414e-23 -4.20706e-13  7.04523e-23  1.50111e-12  5.49654e-23  9.47853e-13  1.00529e-23   3.9474e-13 -6.53979e-24  1.31288e-13 -5.01953e-24  3.65884e-14 -1.60353e-24  8.55097e-15 -5.65093e-26  1.59373e-15  2.43746e-25  1.87924e-16  1.49252e-25 -1.34265e-17  5.31463e-26  -1.7367e-17  1.41475e-26 -6.95562e-18  3.17132e-27 -2.08931e-18  5.84243e-28 -5.34256e-19  9.03294e-29 -1.21611e-19  3.10773e-29 -2.51668e-20  2.02506e-29 -4.78995e-21  1.13017e-29 -8.44248e-22  5.66606e-30 -1.38386e-22  2.52699e-30 -2.11509e-23  9.36122e-31 -3.01867e-24  2.85193e-31 -4.02542e-25  7.38988e-32 -5.01474e-26  1.68115e-32 -5.83127e-27  3.38212e-33 -6.31954e-28  5.98275e-34 -6.36825e-29  9.30294e-35 -5.94852e-30  1.27827e-35 -5.12959e-31  1.55404e-36 -4.06259e-32  1.66493e-37 -2.93615e-33  1.56519e-38 -1.92108e-34  1.28503e-39 -1.12672e-35  9.13322e-41 -5.85186e-37  5.55356e-42 -2.65033e-38  2.85036e-43 -1.02603e-39  1.21087e-44 -3.30493e-41  4.12873e-46 -8.52634e-43  1.08056e-47 -1.66251e-44  2.02063e-49 -2.21257e-46  2.33674e-51 -1.59342e-48  1.07804e-53
 4.72735e-20  1.86387e-05  4.16898e-19 -9.54958e-05 -4.22481e-18  0.000209704  1.39923e-17 -0.000218393 -2.57085e-17  7.30842e-05  2.90918e-17   4.1386e-05  -1.8999e-17 -2.03231e-05  3.05935e-18 -1.42151e-05  6.42948e-18  1.45701e-06 -5.71843e-18  4.19217e-06  1.07459e-18  1.47333e-06  1.07805e-18 -2.86807e-07 -5.81396e-19 -4.98577e-07   3.6517e-20 -2.20831e-07 -7.62078e-20   -2.466e-08  6.49936e-20  3.03053e-08  2.98385e-20  2.40146e-08 -2.27971e-20  9.73555e-09  -1.1019e-20  2.03215e-09  6.22071e-21 -3.17845e-10  4.17454e-21 -5.26974e-10 -1.00075e-21 -2.90351e-10 -1.42562e-21 -1.10276e-10 -2.52215e-22 -3.08316e-11  2.26318e-22 -5.42673e-12  1.73811e-22  2.46796e-13  3.34383e-23  7.14291e-13 -1.89445e-23  3.81115e-13 -1.58826e-23  1.45533e-13 -5.57479e-24  4.59647e-14 -4.71956e-25  1.25724e-14  6.89852e-25  3.02701e-15  4.90111e-25  6.41511e-16  2.01733e-25  1.17561e-16  6.49968e-26  1.76228e-17  1.81689e-26  1.75499e-18  4.47884e-27 -5.93522e-20  1.07468e-27 -9.01775e-20  3.30262e-28 -3.02544e-20   1.2995e-28 -7.47259e-21  5.34371e-29 -1.56112e-21   2.1796e-29 -2.88923e-22  8.32896e-30 -4.83592e-23  2.76034e-30 -7.39722e-24  7.74296e-31 -1.03969e-24  1.87431e-31 -1.34609e-25  4.00615e-32 -1.60636e-26  7.59748e-33 -1.76542e-27  1.27173e-33 -1.78325e-28  1.87678e-34 -1.65037e-29  2.44888e-35 -1.39355e-30  2.82446e-36  -1.0678e-31  2.86756e-37 -7.37467e-33  2.55042e-38 -4.55217e-34  1.97462e-39 -2.48516e-35  1.31729e-40 -1.18413e-36  7.47261e-42 -4.84141e-38  3.54674e-43 -1.66044e-39  1.37522e-44  -4.6288e-41  4.19856e-46 -1.00123e-42  9.54054e-48 -1.55833e-44  1.46185e-49 -1.50682e-46  1.20034e-51 -5.83316e-49
-1.21992e-05  4.16898e-19  0.000127379  2.05187e-18 -0.000444241 -1.56162e-17  0.000742898  4.23425e-17 -0.000573163   -6.624e-17  6.15969e-05  6.51959e-17  0.000150616 -3.72431e-17 -1.16078e-05  4.18215e-18 -4.36508e-05  1.20064e-17 -9.99591e-06 -9.20865e-18   7.5802e-06  1.02784e-18   5.9963e-06  1.81238e-18  1.18614e-06 -4.25134e-19 -7.67622e-07 -2.79531e-19 -7.17631e-07 -1.29921e-19  -2.6925e-07  1.66902e-19 -1.94699e-08  4.07623e-20  4.08744e-08  -4.8639e-20    3.015e-08 -1.50708e-20  1.23834e-08  1.46792e-20  3.01227e-09  7.46438e-21 -2.28426e-12 -2.85533e-21  -4.4839e-10 -3.13789e-21 -2.84266e-10 -5.21898e-22 -1.19262e-10  5.27386e-22 -3.86205e-11  3.90902e-22 -9.70579e-12  7.68731e-23 -1.64015e-12 -3.99696e-23  2.63943e-15 -3.59037e-23  1.45866e-13 -1.35409e-23  7.67966e-14 -1.62652e-24  2.82729e-14   1.4209e-24  8.63792e-15  1.16407e-24   2.3127e-15  5.36316e-25  5.55895e-16  1.94209e-25  1.21434e-16  6.05387e-26  2.42579e-17   1.6824e-26  4.44183e-18  4.57301e-27  7.45026e-19  1.38879e-27  1.14023e-19   4.6807e-28  1.57915e-20  1.62169e-28  1.94781e-21  5.64038e-29  2.07097e-22  1.88061e-29   1.7485e-23  5.60808e-30  8.28704e-25  1.44994e-30 -7.01475e-26  3.27758e-31 -2.65248e-26   6.5778e-32 -4.64228e-27  1.17499e-32 -6.20203e-28  1.85863e-33  -6.9463e-29  2.59814e-34 -6.72903e-30  3.21177e-35 -5.70034e-31  3.50497e-36 -4.22933e-32  3.36125e-37 -2.73618e-33  2.81684e-38 -1.52886e-34  2.04659e-39 -7.26673e-36  1.27399e-40 -2.87145e-37  6.69297e-42 -9.10162e-39  2.91017e-43 -2.17341e-40  1.01721e-44 -3.40395e-42  2.73186e-46 -1.91986e-44  5.23826e-48  4.19126e-46  6.21105e-50  8.16534e-48  2.94247e-52
-6.98747e-19 -9.54958e-05  2.05187e-18  0.000564146  6.91312e-18  -0.00146435 -4.16459e-17   0.00190862   9.4454e-17    -0.001042 -1.26919e-16 -0.000168159  1.09022e-16  0.000321524 -5.45498e-17  7.41396e-05  3.55807e-18 -7.46372e-05  1.73099e-17 -4.47215e-05 -1.15236e-17  1.77039e-06  2.46786e-20  1.24331e-05  2.84554e-18  6.06392e-06 -6.66444e-20  4.26977e-07 -7.49009e-19 -1.14391e-06 -1.81245e-19 -8.01523e-07  2.83543e-19 -2.69498e-07  3.47286e-20 -1.46928e-08 -8.02974e-20  4.13022e-08 -1.09412e-20  2.97879e-08  2.93228e-20  1.26245e-08  1.09148e-20  3.53875e-09 -6.48975e-21  4.19233e-10 -5.84534e-21 -2.21553e-10 -8.95545e-22  -1.9215e-10  1.00437e-21 -9.09019e-11  7.14432e-22 -3.28984e-11  1.39248e-22 -9.77003e-12 -7.23324e-23 -2.39173e-12  -6.7488e-23 -4.54584e-13 -2.67254e-23 -4.87881e-14 -3.81907e-24  8.28595e-15  2.52238e-24  7.22635e-15  2.32037e-24  2.85487e-15  1.15956e-24  8.73489e-16  4.51745e-25  2.29447e-16  1.50052e-25  5.38022e-17  4.46028e-26  1.14793e-17  1.28543e-26  2.25269e-18  3.86452e-27  4.09271e-19  1.19851e-27  6.91287e-20  3.70722e-28  1.08846e-20  1.13817e-28   1.6003e-21  3.36855e-29  2.19899e-22  9.09286e-30  2.82491e-23  2.16881e-30   3.3917e-24  4.57454e-31  3.80261e-25  8.61013e-32  3.97491e-26  1.44675e-32  3.86499e-27   2.1589e-33  3.48455e-28  2.85221e-34  2.90033e-29  3.33181e-35  2.21626e-30  3.43061e-36  1.54375e-31  3.09732e-37  9.71489e-33  2.43583e-38  5.46222e-34  1.65272e-39  2.70587e-35  9.54368e-41  1.16013e-36  4.60899e-42  4.20557e-38  1.81809e-43   1.2485e-39  5.65204e-45  2.89679e-41  1.30807e-46  4.86946e-43  2.03932e-48  5.11904e-45  1.70335e-50  2.17041e-47
 3.67779e-05 -4.22481e-18 -0.000444241  6.91312e-18   0.00182226  1.75052e-17  -0.00370263 -8.63786e-17   0.00379201  1.66161e-16  -0.00129388  -1.9246e-16 -0.000773183  1.44273e-16  0.000433034 -6.34101e-17  0.000280794  1.44661e-18 -5.61179e-05  2.06879e-17 -9.89459e-05 -1.25615e-17 -2.69008e-05  -1.5073e-18  1.30125e-05  4.07275e-18  1.38537e-05  3.52259e-19  4.81229e-06 -1.21259e-18  -3.1796e-07  -2.0485e-19 -1.27252e-06  3.56878e-19 -7.53814e-07 -9.42853e-21 -2.38899e-07 -1.11092e-19 -1.50108e-08  9.24695e-21   3.2782e-08  5.21708e-20  2.42103e-08  1.39845e-20   1.0725e-08 -1.22923e-20  3.38886e-09 -9.59739e-21  6.90498e-10 -1.35697e-21  1.28031e-14  1.63199e-21 -8.13571e-11   1.1106e-21 -4.82886e-11  2.03229e-22  -1.9659e-11 -1.22582e-22 -6.51236e-12 -1.12994e-22 -1.84573e-12 -4.57771e-23 -4.54281e-13 -7.05181e-24 -9.64252e-14   4.1597e-24 -1.69836e-14  4.11268e-24 -2.16308e-15  2.16516e-24 -5.14094e-17  8.81482e-25  8.13443e-17   3.0417e-25  3.44382e-17  9.40624e-26  9.83856e-18  2.78675e-26  2.32623e-18   8.2506e-27  4.83289e-19  2.41253e-27  9.05158e-20   6.8601e-28  1.54826e-20  1.90485e-28  2.43569e-21  5.08156e-29  3.53754e-22  1.24975e-29  4.75143e-23  2.75386e-30  5.90335e-24  5.41621e-31  6.77844e-25  9.54827e-32  7.17932e-26  1.50676e-32  6.99371e-27  2.11684e-33    6.242e-28  2.63661e-34  5.07912e-29  2.90249e-35   3.7448e-30  2.81131e-36  2.48278e-31  2.38129e-37   1.4663e-32  1.75006e-38  7.62389e-34  1.10331e-39  3.43796e-35  5.87381e-41  1.31862e-36  2.58702e-42  4.18959e-38  9.15893e-44  1.06197e-39   2.4929e-45  2.02645e-41  4.84373e-47  2.62853e-43  5.81426e-49  1.83812e-45  2.78806e-51
 2.92024e-18  0.000209704 -1.56162e-17  -0.00146435  1.75052e-17   0.00458255    3.523e-17  -0.00752418 -1.45837e-16   0.00601457  2.39802e-16 -0.000814755 -2.38907e-16  -0.00172298  1.55505e-16  0.000270391 -6.06251e-17  0.000570122  -6.4249e-20  7.63465e-05  2.12577e-17 -0.000137073 -1.31658e-17 -8.26809e-05 -2.89703e-18 -4.85674e-06  5.24444e-18    1.876e-05  7.67685e-19  1.22893e-05 -1.46072e-18  3.16328e-06 -1.80142e-19 -7.45758e-07   3.2153e-19 -1.16538e-06 -1.15826e-19 -6.23742e-07 -1.35657e-19 -1.95176e-07  5.13896e-20 -1.88693e-08   8.4231e-20  2.02205e-08  1.66479e-20  1.63007e-08  -1.9889e-20  7.64097e-09 -1.40683e-20  2.66215e-09 -1.84865e-21  7.00079e-10  2.31339e-21  1.16407e-10  1.48964e-21 -6.19368e-12  2.26125e-22 -1.50188e-11  -2.0525e-22  -7.7598e-12 -1.75802e-22 -2.90327e-12 -7.08474e-23 -9.06487e-13 -1.10058e-23 -2.47764e-13  6.54871e-24 -6.05438e-14  6.64834e-24 -1.33547e-14  3.59857e-24 -2.66657e-15   1.5001e-24 -4.80534e-16  5.28676e-25 -7.73367e-17  1.66964e-25 -1.08478e-17  4.99052e-26 -1.24816e-18  1.44746e-26  -9.4994e-20  4.03165e-27  2.69706e-21  1.07121e-27  2.93445e-21  2.73633e-28   7.4473e-22  6.66636e-29   1.3836e-22    1.504e-29  2.15292e-23  3.06836e-30  2.93087e-24  5.62621e-31  3.55458e-25  9.27969e-32  3.87064e-26  1.37308e-32  3.79359e-27  1.81226e-33  3.34367e-28  2.12257e-34  2.64153e-29   2.1956e-35  1.86017e-30  1.99415e-36  1.15863e-31  1.57887e-37  6.31759e-33  1.07955e-38  2.97502e-34  6.29012e-40  1.18847e-35  3.06672e-41  3.93125e-37  1.22095e-42  1.04075e-38  3.83134e-44  2.09631e-40  8.95454e-46  2.95757e-42   1.4094e-47  2.49084e-44  1.18755e-49  7.86693e-47
-5.11108e-05  1.39923e-17  0.000742898 -4.16459e-17  -0.00370263    3.523e-17   0.00935819   5.8592e-17   -0.0126797 -2.07013e-16   0.00770161  2.91685e-16  0.000784856 -2.47553e-16  -0.00268771  1.37746e-16 -0.000343459 -4.89219e-17  0.000790239  1.60034e-18  0.000345049  1.92342e-17  -9.9619e-05 -1.42405e-17 -0.000145745 -3.91605e-18  -4.8952e-05  6.03828e-18  1.06523e-05  1.25442e-18  1.88163e-05 -1.28033e-18  9.33865e-06 -9.53607e-20  1.79595e-06  1.28791e-19 -8.21168e-07 -3.01938e-19 -9.19003e-07 -1.53061e-19 -4.64725e-07   1.1521e-19 -1.49034e-07   1.2421e-19 -2.20127e-08  1.95556e-20   8.7115e-09 -2.78591e-20  8.87984e-09 -1.84157e-20  4.50145e-09 -2.22915e-21  1.70352e-09  2.89633e-21  5.17998e-10  1.70937e-21  1.25505e-10  1.37696e-22  2.14405e-11 -3.44694e-22  6.91106e-13 -2.61148e-22 -1.36422e-12  -1.0201e-22 -7.44295e-13  -1.5295e-23 -2.71645e-13  9.80144e-24 -8.16144e-14   9.8989e-24 -2.14721e-14  5.41082e-24 -5.08322e-15  2.27632e-24 -1.09858e-15  8.09208e-25 -2.18601e-16   2.5747e-25 -4.02647e-17  7.66656e-26 -6.88907e-18  2.16921e-26  -1.0974e-18  5.78337e-27  -1.6301e-19  1.44993e-27 -2.26025e-20  3.44837e-28 -2.92748e-21  7.75563e-29  -3.5434e-22  1.61604e-29 -4.00897e-23   3.0613e-30 -4.23947e-24  5.23603e-31 -4.18844e-25  8.07489e-32  -3.8615e-26  1.11881e-32 -3.31487e-27  1.38446e-33 -2.63991e-28  1.52083e-34 -1.93953e-29  1.47384e-35 -1.30426e-30  1.25103e-36  -7.9437e-32  9.22241e-38 -4.32313e-33   5.8391e-39 -2.06666e-34  3.12607e-40 -8.49177e-36  1.38535e-41 -2.91496e-37  4.93504e-43 -8.03638e-39  1.35203e-44 -1.67663e-40  2.64533e-46 -2.38778e-42  3.19654e-48 -1.84014e-44  1.54212e-50
-6.39359e-18 -0.000218393  4.23425e-17   0.00190862 -8.63786e-17  -0.00752418   5.8592e-17     0.015997  8.29897e-17   -0.0181342 -2.53419e-16   0.00784846  3.05384e-16   0.00343281 -2.16328e-16  -0.00313996  9.82622e-17  -0.00138826 -3.39731e-17  0.000733707  7.74705e-18  0.000683988  1.58656e-17  6.05423e-05 -1.60968e-17 -0.000172289 -5.02182e-18 -0.000110769  6.11333e-18 -1.85329e-05  1.97299e-18  1.69676e-05 -5.14811e-19  1.54907e-05  5.79679e-20  6.37543e-06 -2.30315e-19  9.36965e-07 -5.67816e-19  -6.6697e-07  -1.6774e-19 -6.36611e-07  1.91854e-19 -3.14244e-07  1.67756e-19 -1.05691e-07  2.38134e-20 -2.15014e-08 -3.38443e-20  1.17929e-09 -2.13181e-20  3.61885e-09 -2.25313e-21  2.10997e-09  3.21347e-21  8.68387e-10  1.60058e-21  2.90524e-10 -1.48934e-22  8.22178e-11  -5.7131e-22   1.9729e-11 -3.75531e-22  3.87199e-12 -1.39666e-22  5.36452e-13 -1.98692e-23  7.35281e-15  1.37089e-23 -2.80165e-14  1.36071e-23 -1.26568e-14  7.42545e-24 -3.94369e-15  3.12095e-24 -1.02151e-15  1.10863e-24   -2.329e-16   3.5176e-25 -4.79316e-17  1.03427e-25  -9.0222e-18   2.8457e-26 -1.56492e-18  7.28057e-27 -2.51216e-19  1.73287e-27 -3.74128e-20  3.86997e-28 -5.17436e-21  8.10551e-29 -6.64567e-22  1.56982e-29 -7.91878e-23  2.77055e-30 -8.73848e-24  4.42577e-31 -8.90694e-25  6.38163e-32 -8.35615e-26  8.27194e-33 -7.18315e-27   9.5803e-34  -5.6262e-28  9.84649e-35 -3.98745e-29  8.91351e-36 -2.53539e-30  7.04677e-37 -1.43106e-31  4.81682e-38 -7.07544e-33  2.80967e-39 -3.01239e-34  1.37327e-40 -1.07972e-35  5.48483e-42 -3.15767e-37  1.72716e-43 -7.19499e-39  4.05313e-45 -1.18462e-40  6.40833e-47 -1.21715e-42  5.42272e-49 -5.03476e-45
 2.88567e-05 -2.57085e-17 -0.000573163   9.4454e-17   0.00379201 -1.45837e-16   -0.0126797  8.29897e-17    0.0234464  1.02581e-16   -0.0224196 -2.73179e-16   0.00588435  2.80677e-16   0.00651724 -1.60016e-16  -0.00263287  5.02312e-17   -0.0025938 -2.04806e-17  0.000257995  1.78776e-17  0.000947117  1.30821e-17  0.000337287 -1.84033e-17 -0.000115062 -7.06194e-18 -0.000162475  5.18188e-18 -6.66423e-05  3.04334e-18  3.62631e-08  8.70253e-19  1.65273e-05  2.88452e-19   1.1188e-05 -7.12527e-19  4.06029e-06 -8.89593e-19  5.04836e-07 -1.87717e-19 -4.32954e-07  2.65106e-19 -3.88465e-07  2.08004e-19 -1.91864e-07  3.06029e-20 -6.82624e-08  -3.5051e-20 -1.73132e-08 -2.12434e-20 -2.08183e-09  -1.6157e-21  8.00978e-10  3.12476e-21   7.1394e-10   1.0094e-21  3.34774e-10 -7.12782e-22  1.21977e-10 -9.11359e-22  3.76892e-11 -5.24138e-22  1.02029e-11 -1.84466e-22  2.45072e-12 -2.52706e-23   5.2276e-13  1.76076e-23  9.79079e-14  1.72558e-23  1.55684e-14  9.34502e-24  1.90089e-15  3.89758e-24  1.01848e-16  1.37374e-24 -3.17829e-17  4.31366e-25 -1.42974e-17  1.24463e-25 -3.75413e-18  3.32228e-26 -7.90014e-19  8.16789e-27 -1.43839e-19    1.853e-27 -2.33462e-20  3.90962e-28 -3.42546e-21  7.67823e-29 -4.57446e-22  1.39003e-29 -5.57634e-23  2.29371e-30 -6.20801e-24  3.42814e-31 -6.30348e-25  4.62445e-32 -5.82131e-26  5.60557e-33 -4.86923e-27  6.06814e-34 -3.66831e-28  5.82268e-35  -2.4712e-29  4.90989e-36 -1.47509e-30  3.60273e-37 -7.71199e-32  2.27363e-38  -3.4793e-33  1.21514e-39 -1.32835e-34  5.38342e-41 -4.17931e-36  1.91872e-42 -1.04324e-37  5.26238e-44 -1.94842e-39  1.03156e-45 -2.45641e-41   1.2495e-47 -1.65586e-43  6.04159e-50
 8.37673e-18  7.30842e-05   -6.624e-17    -0.001042  1.66161e-16   0.00601457 -2.07013e-16   -0.0181342  1.02581e-16    0.0300865  1.12707e-16    -0.024341 -2.63488e-16   0.00201758  2.32118e-16   0.00915543 -1.00483e-16  -0.00105493  4.59844e-18  -0.00354703 -1.07107e-17 -0.000617784  3.04862e-17  0.000973327  1.29398e-17  0.000657341 -2.05108e-17  4.73296e-05 -1.07276e-17 -0.000167226  3.11446e-18 -0.000117745  4.43383e-18 -3.25445e-05  2.74395e-18   7.5664e-06   5.9881e-19   1.2915e-05 -1.22956e-18  7.35148e-06 -1.22234e-18  2.48469e-06 -2.21198e-19   3.2005e-07  3.16181e-19 -2.23489e-07  2.37594e-19  -2.0601e-07  4.09801e-20 -1.03993e-07 -2.89439e-20 -3.91049e-08 -1.68803e-20 -1.14734e-08 -6.33572e-23 -2.45701e-09  2.54442e-21 -2.24428e-10 -1.55733e-22  1.14293e-10 -1.59391e-21  8.40167e-11 -1.37348e-21  3.55738e-11 -7.06925e-22  1.19846e-11 -2.36551e-22  3.48039e-12 -3.24956e-23  9.00293e-13  2.04645e-23  2.10896e-13  2.01513e-23   4.5151e-14  1.08126e-23  8.88071e-15  4.45627e-24  1.60915e-15  1.55051e-24  2.68868e-16  4.79146e-25  4.14076e-17  1.35074e-25  5.86746e-18  3.49213e-26   7.6257e-19  8.25685e-27  9.04658e-20  1.79018e-27  9.72829e-21  3.58396e-28  9.38691e-22  6.63507e-29  8.00316e-23   1.1282e-29  5.87955e-24  1.74654e-30  3.55163e-25  2.44731e-31  1.57727e-26  3.09165e-32   3.1038e-28   3.5048e-33 -2.13523e-29  3.54298e-34 -2.21056e-30  3.16821e-35 -2.70757e-32  2.48206e-36  1.34857e-32  1.68461e-37  1.81647e-33  9.77124e-39   1.4278e-34  4.75645e-40  8.02403e-36  1.89462e-41  3.35257e-37  5.95545e-43  1.02717e-38   1.3962e-44  2.17929e-40  2.20747e-46  2.79676e-42  1.86899e-48  1.41144e-44
 3.69253e-06  2.90918e-17  6.15969e-05 -1.26919e-16  -0.00129388  2.39802e-16   0.00770161 -2.53419e-16   -0.0224196  1.12707e-16    0.0344816  1.11003e-16    -0.023545 -2.29171e-16   -0.0028851  1.80025e-16    0.0106135 -5.51009e-17   0.00131484 -3.41063e-17  -0.00388287 -5.46503e-18  -0.00170645  4.40833e-17  0.000665831  1.69486e-17  0.000905083  -2.1794e-17  0.000291814  -1.6105e-17 -9.77116e-05  3.46172e-20 -0.000146776  5.93578e-18 -7.22425e-05  4.82172e-18 -1.26279e-05  9.74411e-19  8.34383e-06 -1.67573e-18  8.74399e-06 -1.51329e-18  4.48471e-06 -2.73599e-19  1.48374e-06  3.30059e-19  2.35624e-07  2.51492e-19 -8.29153e-08  5.59833e-20 -9.16398e-08 -1.38774e-20 -4.85794e-08 -7.57202e-21 -1.92597e-08  2.47738e-21 -6.21499e-09  1.45124e-21 -1.65263e-09 -1.88648e-21 -3.46001e-10 -2.76744e-21 -4.52479e-11 -1.93765e-21  3.71576e-12 -9.15101e-22  5.15557e-12 -2.94395e-22  2.25131e-12 -4.24538e-23  7.34818e-13  2.12012e-23  2.03366e-13  2.16204e-23    4.991e-14  1.15155e-23   1.1096e-14  4.67984e-24  2.26115e-15  1.60181e-24  4.25362e-16  4.85227e-25   7.4197e-17  1.33247e-25  1.20343e-17  3.33281e-26  1.81793e-18  7.58242e-27  2.55966e-19  1.57394e-27  3.35925e-20   2.9992e-28  4.10648e-21  5.25508e-29  4.66948e-22  8.42529e-30  4.92863e-23  1.22737e-30  4.81465e-24  1.61575e-31  4.33608e-25  1.91386e-32   3.5823e-26  2.02984e-33  2.69797e-27   1.9151e-34  1.83794e-28  1.59353e-35  1.12159e-29  1.15707e-36  6.05736e-31  7.23905e-38  2.85117e-32  3.84099e-39  1.14662e-33  1.69186e-40   3.8359e-35  6.00274e-42  1.02777e-36  1.64041e-43  2.08064e-38  3.20712e-45  2.87348e-40  3.87853e-47  2.14747e-42  1.87352e-49
-6.27535e-18   4.1386e-05  6.51959e-17 -0.000168159  -1.9246e-16 -0.000814755  2.91685e-16   0.00784846 -2.73179e-16    -0.024341  1.11003e-16     0.036031  9.69095e-17   -0.0205735 -1.78258e-16  -0.00775606  1.41162e-16    0.0105906 -3.05415e-17   0.00395983 -6.68908e-17  -0.00343219 -5.35205e-18  -0.00273209  5.75616e-17  3.73233e-05  2.54631e-17  0.000970219 -2.18437e-17  0.000554534 -2.25397e-17  4.80511e-05 -3.66036e-18 -0.000130407  7.23512e-18 -0.000103331  6.73936e-18 -3.95643e-05  1.37612e-18 -3.53851e-06 -1.96563e-18  6.31445e-06 -1.72098e-18  5.28465e-06 -3.46663e-19    2.557e-06   3.0055e-19  8.60059e-07  2.49296e-19  1.75214e-07  7.68211e-20 -1.11494e-08  1.04897e-20 -3.14531e-08  6.40819e-21 -1.86112e-08  5.82338e-21 -7.83703e-09 -1.08043e-22 -2.70273e-09 -4.05752e-21 -7.97521e-10 -4.13378e-21 -2.03877e-10 -2.55202e-21   -4.475e-11 -1.12996e-21  -8.0824e-12 -3.53907e-22 -1.02846e-12 -5.52853e-23   -8.356e-15  1.91277e-23  4.86207e-14  2.12444e-23  2.02285e-14  1.12908e-23  5.84731e-15  4.52317e-24  1.40591e-15  1.51982e-24  2.97155e-16  4.50126e-25  5.65589e-17  1.20172e-25  9.81387e-18  2.90596e-26  1.56271e-18  6.36372e-27  2.29152e-19  1.26624e-27  3.09887e-20  2.30163e-28  3.86468e-21  3.82811e-29  4.43963e-22  5.80454e-30  4.68752e-23  7.97712e-31  4.53429e-24  9.88403e-32  4.00131e-25  1.09907e-32  3.20391e-26   1.0911e-33   2.3122e-27  9.60394e-35  1.49148e-28  7.42624e-36  8.51025e-30  4.98607e-37  4.23945e-31  2.86542e-38  1.81294e-32  1.38373e-39  6.50757e-34  5.47476e-41   1.9006e-35  1.71113e-42  4.31311e-37  3.99222e-44   7.0538e-39  6.28782e-46  7.17995e-41  5.30909e-48  2.93427e-43
-7.85623e-06  -1.8999e-17  0.000150616  1.09022e-16 -0.000773183 -2.38907e-16  0.000784856  3.05384e-16   0.00588435 -2.63488e-16    -0.023545  9.69095e-17    0.0350986  7.07839e-17   -0.0164544 -1.18551e-16   -0.0117801  1.24138e-16   0.00923448 -2.35759e-17   0.00635529 -9.68272e-17  -0.00225459 -1.09048e-17  -0.00343725  6.99462e-17 -0.000797993  3.74025e-17  0.000790773 -2.05281e-17  0.000753547 -2.88406e-17  0.000242262 -7.38225e-18 -5.82713e-05  8.03779e-18 -0.000109007  8.16197e-18 -6.37905e-05  1.74337e-18 -2.02549e-05 -2.06611e-18 -4.97633e-07 -1.83198e-18  3.85291e-06 -4.39832e-19   2.8717e-06  2.31923e-19  1.35328e-06  2.35767e-19  4.72136e-07  1.04721e-19  1.17868e-07  4.30134e-20  1.32256e-08  2.38274e-20 -6.18137e-09  9.55238e-21 -5.26794e-09 -2.01624e-21 -2.46976e-09 -6.43723e-21 -9.08279e-10 -5.53109e-21 -2.85011e-10 -3.14035e-21 -7.88879e-11 -1.32523e-21 -1.95596e-11 -4.08477e-22 -4.37295e-12 -6.99234e-23 -8.81983e-13  1.42769e-23 -1.59553e-13  1.90242e-23 -2.54944e-14  1.01836e-23 -3.47137e-15  4.02753e-24 -3.64394e-16  1.32744e-24 -1.73031e-17  3.83804e-25  4.22175e-18  9.95042e-26   1.6416e-18  2.32541e-26  3.64895e-19  4.90307e-27  6.43868e-20  9.35975e-28  9.73935e-21  1.62534e-28  1.29991e-21  2.57148e-29  1.55019e-22  3.69587e-30  1.66015e-23  4.80084e-31  1.59798e-24  5.60703e-32  1.37976e-25  5.85875e-33  1.06412e-26  5.44609e-34  7.28343e-28  4.47035e-35  4.38549e-29  3.20795e-36  2.29613e-30  1.98681e-37  1.02953e-31  1.04484e-38   3.8734e-33  4.56616e-40  1.18906e-34  1.60892e-41  2.86055e-36  4.36987e-43  5.06606e-38   8.4972e-45  5.91936e-40  1.02305e-46  3.57099e-42   4.9249e-49
 1.34944e-18 -2.03231e-05 -3.72431e-17  0.000321524  1.44273e-16  -0.00172298 -2.47553e-16   0.00343281  2.80677e-16   0.00201758 -2.29171e-16   -0.0205735  7.07839e-17    0.0326357  3.36483e-17   -0.0121787 -5.65502e-17   -0.0145961  1.29673e-16   0.00695928 -2.59999e-17   0.00813506 -1.25868e-16 -0.000572134 -2.18057e-17  -0.00365981  8.00887e-17  -0.00167028  5.04916e-17  0.000372284 -1.79793e-17  0.000817594 -3.36987e-17  0.000435548 -1.05083e-17  6.10078e-05  8.18433e-18 -7.86956e-05   8.8802e-18 -7.43374e-05    2.005e-18 -3.62214e-05 -2.01011e-18 -1.01912e-05 -1.86815e-18  1.10781e-08  -5.5276e-19  1.95441e-06  1.36515e-19  1.38942e-06  2.18966e-19  6.51949e-07  1.40159e-19  2.36886e-07  8.10483e-20  6.80123e-08   4.2686e-20  1.42404e-08  1.31013e-20  1.18129e-09 -4.09111e-21 -7.27259e-10 -8.72745e-21 -5.12854e-10 -6.76814e-21 -2.15203e-10 -3.61855e-21  -7.2342e-11 -1.47264e-21 -2.10333e-11 -4.50187e-22 -5.46142e-12 -8.41792e-23 -1.28761e-12  7.46285e-24 -2.78315e-13  1.53933e-23 -5.54855e-14  8.43116e-24 -1.02428e-14  3.30377e-24 -1.75543e-15  1.06862e-24 -2.79792e-16  3.01479e-25 -4.15231e-17  7.58666e-26 -5.74259e-18  1.71339e-26  -7.4055e-19  3.47929e-27 -8.90918e-20  6.37577e-28 -1.00027e-20  1.05883e-28 -1.04824e-21  1.59583e-29 -1.02512e-22  2.17743e-30 -9.34599e-24  2.67703e-31 -7.92594e-25  2.95007e-32 -6.22737e-26  2.89831e-33 -4.50437e-27  2.52285e-34  -2.9723e-28  1.92989e-35 -1.76768e-29  1.28323e-36 -9.32831e-31  7.31112e-38 -4.28303e-32  3.50322e-39 -1.66847e-33  1.37634e-40 -5.33244e-35  4.27433e-42 -1.33265e-36  9.91352e-44  -2.4119e-38  1.55302e-45 -2.72759e-40  1.30536e-47 -1.24272e-42
-1.85608e-06  3.05935e-18 -1.16078e-05 -5.45498e-17  0.000433034  1.55505e-16  -0.00268771 -2.16328e-16   0.00651724  2.32118e-16   -0.0028851 -1.78258e-16   -0.0164544  3.36483e-17     0.029645 -1.24996e-17  -0.00837965  2.37522e-18   -0.0162358  1.53166e-16   0.00422861 -2.97869e-17   0.00914116 -1.53423e-16   0.00133269 -3.62949e-17  -0.00335657  8.66983e-17  -0.00240845  6.19681e-17 -0.000219122 -1.45344e-17  0.000708104  -3.6117e-17  0.000572869 -1.25419e-17  0.000201336  7.70436e-18 -1.31233e-05  8.85369e-18 -6.32465e-05  2.09045e-18 -4.47502e-05 -1.88915e-18 -1.94942e-05  -1.8819e-18 -5.25888e-06 -6.87671e-19   -1.509e-07   2.9249e-20  8.03287e-07  2.06491e-19  5.82486e-07  1.81613e-19  2.77174e-07  1.20551e-19  1.04461e-07  6.05399e-20  3.27286e-08  1.58892e-20  8.53944e-09 -6.11234e-21  1.76741e-09 -1.06261e-20  2.31719e-10 -7.66875e-21  -1.6563e-11 -3.91514e-21 -2.46803e-11 -1.54904e-21 -1.07533e-11 -4.71884e-22 -3.48435e-12 -9.53577e-23 -9.55592e-13  2.79026e-26 -2.32114e-13  1.10726e-23 -5.10134e-14  6.37994e-24 -1.02631e-14  2.49344e-24 -1.90313e-15  7.93083e-25 -3.26621e-16  2.18428e-25  -5.2005e-17  5.33634e-26 -7.69072e-18  1.16495e-26 -1.05653e-18  2.27903e-27 -1.34742e-19  4.01078e-28 -1.59291e-20  6.37437e-29 -1.74168e-21  9.16069e-30 -1.75591e-22   1.1878e-30 -1.62574e-23  1.38329e-31 -1.37544e-24  1.43907e-32 -1.05673e-25  1.32953e-33 -7.31613e-27  1.08331e-34 -4.52143e-28  7.71463e-36 -2.46494e-29   4.7435e-37 -1.16776e-30  2.47798e-38 -4.71444e-32   1.0763e-39 -1.57972e-33  3.77096e-41 -4.23133e-35  1.01874e-42 -8.54942e-37  1.97075e-44 -1.17682e-38  2.36134e-46 -8.75558e-41  1.13206e-48
 2.24075e-18 -1.42151e-05  4.18215e-18  7.41396e-05 -6.34101e-17  0.000270391  1.37746e-16  -0.00313996 -1.60016e-16   0.00915543  1.80025e-16  -0.00775606 -1.18551e-16   -0.0121787 -1.24996e-17    0.0268229 -6.44703e-17  -0.00529353  5.38918e-17   -0.0169401  1.87244e-16   0.00141421 -3.00802e-17    0.0093846 -1.76717e-16   0.00319995 -5.14314e-17    -0.002584  8.86891e-17  -0.00288061  6.94523e-17 -0.000880125 -1.06411e-17  0.000428062 -3.56749e-17  0.000610052 -1.32104e-17  0.000326869  6.79667e-18  7.48628e-05  8.18978e-18 -2.91492e-05  1.93579e-18 -4.07849e-05 -1.82931e-18 -2.45816e-05 -1.94218e-18 -1.00826e-05 -8.50891e-19 -2.80098e-06  -7.8976e-20 -2.82866e-07  2.01167e-19  2.38819e-07  2.24376e-19  2.00507e-07   1.5634e-19  9.94511e-08  7.48501e-20  3.88018e-08  1.74094e-20  1.28125e-08 -7.87446e-21  3.67815e-09 -1.18974e-20  9.24571e-10 -8.11434e-21   2.0173e-10 -3.98916e-21  3.69129e-11  -1.5425e-21  5.06601e-12 -4.69309e-22   2.5089e-13 -1.01141e-22 -1.39394e-13 -6.60436e-24 -6.62835e-14  6.83509e-24 -1.95732e-14  4.37699e-24 -4.68466e-15  1.72603e-24 -9.74506e-16  5.42041e-25 -1.81268e-16  1.45985e-25 -3.05695e-17  3.46557e-26 -4.70753e-18  7.31757e-27 -6.64312e-19  1.37979e-27 -8.60142e-20  2.33291e-28 -1.02148e-20  3.54996e-29 -1.11078e-21  4.86739e-30 -1.10292e-22   6.0007e-31  -9.9599e-24  6.62195e-32 -8.13799e-25  6.50382e-33 -5.97708e-26   5.6486e-34 -3.91394e-27  4.30457e-35  -2.2617e-28  2.84919e-36 -1.13841e-29  1.61577e-37 -4.90793e-31  7.70754e-39 -1.77219e-32  3.01533e-40 -5.19533e-34   9.3268e-42 -1.18081e-35  2.15462e-43 -1.92965e-37  3.36173e-45 -1.95777e-39  2.81466e-47 -7.95295e-42
 1.57164e-06  6.42948e-18 -4.36508e-05  3.55807e-18  0.000280794 -6.06251e-17 -0.000343459  9.82622e-17  -0.00263287 -1.00483e-16    0.0106135  1.41162e-16   -0.0117801 -5.65502e-17  -0.00837965 -6.44703e-17    0.0244838 -1.18077e-16  -0.00288973  9.49605e-17   -0.0169916   2.2357e-16  -0.00124755 -2.56564e-17   0.00897407 -1.92196e-16   0.00483489 -6.40618e-17  -0.00146046  8.55765e-17  -0.00301263  7.16084e-17   -0.0014977 -6.74692e-18  1.82507e-05 -3.25482e-17  0.000525486 -1.24732e-17  0.000402528  5.75395e-18  0.000163772  7.07582e-18   2.1567e-05  1.48504e-18 -2.31518e-05 -1.96027e-18 -2.26786e-05 -2.11742e-18 -1.24441e-05 -1.05344e-18 -4.98407e-06 -1.86712e-19 -1.48006e-06  1.98016e-19 -2.66803e-07  2.60196e-19  2.57741e-08  1.82605e-19  4.99123e-08  8.33093e-20  2.79518e-08  1.72708e-20  1.14775e-08  -9.2496e-21  3.93811e-09 -1.24286e-20  1.18238e-09 -8.07101e-21  3.17363e-10 -3.83946e-21  7.69911e-11 -1.45541e-21  1.69709e-11 -4.42435e-22  3.40342e-12 -1.00347e-22  6.19511e-13 -1.13667e-23  1.01644e-13  3.28665e-24  1.48149e-14  2.67981e-24  1.86025e-15  1.08912e-24  1.86263e-16   3.4017e-25  1.08435e-17  8.98873e-26  -8.8526e-19  2.07723e-26 -4.26987e-19   4.2471e-27 -8.89054e-20  7.72408e-28 -1.40489e-20  1.25524e-28 -1.86297e-21  1.82946e-29 -2.14507e-22  2.39395e-30  -2.1734e-23  2.80672e-31 -1.94577e-24  2.93479e-32 -1.53743e-25  2.72026e-33 -1.06681e-26  2.21917e-34  -6.4458e-28  1.57946e-35 -3.34973e-29   9.6955e-37 -1.47169e-30  5.05399e-38 -5.33604e-32  2.19013e-39 -1.54181e-33  7.65604e-41 -3.36343e-35  2.06364e-42 -5.04726e-37  3.98229e-44 -4.28224e-39  4.75846e-46 -1.01903e-41  2.27495e-48
-2.27945e-18  1.45701e-06  1.20064e-17 -7.46372e-05  1.44661e-18  0.000570122 -4.89219e-17  -0.00138826  5.02312e-17  -0.00105493 -5.51009e-17    0.0105906  1.24138e-16   -0.0145961  2.37522e-18  -0.00529353 -1.18077e-16    0.0226673 -1.68581e-16  -0.00102652  1.24027e-16   -0.0166252  2.54209e-16  -0.00363659 -1.77635e-17   0.00805386 -1.97107e-16   0.00611611 -7.18811e-17 -0.000129225  7.76752e-17  -0.00278855  6.83736e-17  -0.00197194 -3.19019e-18 -0.000454706 -2.73208e-17  0.000324652 -1.04567e-17  0.000403697  4.86913e-18  0.000229732   5.7014e-18  7.63828e-05   6.9229e-19  4.62336e-06  -2.3862e-18 -1.33239e-05 -2.46069e-18 -1.10702e-05 -1.31043e-18 -5.76072e-06 -3.04098e-19 -2.30004e-06  1.84016e-19 -7.30879e-07  2.78275e-19 -1.76524e-07  1.93753e-19 -2.39785e-08  8.41502e-20  4.64296e-09  1.52152e-20   5.0762e-09 -1.02284e-20   2.4227e-09 -1.22512e-20  8.85348e-10 -7.59242e-21  2.75474e-10 -3.50271e-21  7.59821e-11 -1.30339e-21  1.89528e-11 -3.95478e-22  4.32426e-12 -9.32499e-23  9.08865e-13 -1.38014e-23  1.76787e-13  7.42775e-25  3.19238e-14  1.41481e-24  5.36311e-15  6.18973e-25  8.39399e-16  1.94863e-25  1.22505e-16  5.08214e-26  1.66786e-17  1.14697e-26  2.11835e-18  2.27511e-27  2.50887e-19  3.99529e-28  2.76804e-20  6.24452e-29  2.84014e-21  8.72016e-30  2.70296e-22  1.08922e-30    2.377e-23  1.21439e-31  1.92152e-24  1.20277e-32  1.41803e-25  1.05134e-33  9.46833e-27  8.04611e-35  5.65589e-28  5.33818e-36   2.9797e-29   3.0302e-37  1.35959e-30  1.44571e-38  5.24704e-32  5.65463e-40  1.65836e-33  1.74839e-41  4.09528e-35  4.03673e-43  7.32359e-37  6.29228e-45  8.18723e-39  5.26088e-47  3.69027e-41
 1.01062e-06 -5.71843e-18 -9.99591e-06  1.73099e-17 -5.61179e-05  -6.4249e-20  0.000790239 -3.39731e-17   -0.0025938  4.59844e-18   0.00131484 -3.05415e-17   0.00923448  1.29673e-16   -0.0162358  5.38918e-17  -0.00288973 -1.68581e-16    0.0212859 -2.11205e-16  0.000446649  1.40892e-16   -0.0160041  2.72932e-16   -0.0057098 -8.52391e-18   0.00676571 -1.90572e-16   0.00698454 -7.40471e-17   0.00126816  6.60184e-17  -0.00224025  6.07647e-17  -0.00223062 -1.11622e-19 -0.000913421 -2.06992e-17  3.78262e-05 -7.36019e-18  0.000322526  4.35981e-18  0.000253358  4.20443e-18  0.000120389 -4.69821e-19  3.52562e-05 -3.16401e-18  1.26683e-06 -3.00019e-18 -6.03193e-06 -1.63856e-18 -4.69643e-06 -4.50415e-19 -2.38377e-06  1.41254e-19 -9.56653e-07  2.67697e-19 -3.19501e-07   1.8554e-19 -8.93693e-08  7.64501e-20 -2.02068e-08  1.11527e-20 -3.16451e-09 -1.09121e-20 -1.75333e-11 -1.15189e-20  2.32183e-10 -6.79824e-21  1.16408e-10 -3.04129e-21  4.06375e-11 -1.11067e-21  1.17883e-11 -3.35641e-22  3.00384e-12 -8.13755e-23  6.89281e-13 -1.40628e-23  1.44323e-13 -7.74172e-25  2.77844e-14   5.8647e-25  4.94042e-15  3.09042e-25  8.13496e-16  1.00714e-25  1.24199e-16  2.62108e-26  1.75851e-17  5.80979e-27  2.30752e-18  1.12165e-27  2.80202e-19  1.90548e-28  3.14151e-20  2.86735e-29  3.24188e-21   3.8386e-30  3.06697e-22  4.57768e-31  2.64667e-23  4.85269e-32  2.07051e-24  4.54995e-33  1.45724e-25  3.74664e-34  9.14064e-27  2.68551e-35  5.05028e-28  1.65671e-36  2.42146e-29  8.66499e-38  9.88167e-31  3.76358e-39  3.34325e-32  1.31788e-40  9.03277e-34  3.55718e-42   1.8393e-35  6.87153e-44  2.54952e-37   8.2147e-46  1.90882e-39  3.92684e-48
  4.8806e-19  4.19217e-06 -9.20865e-18 -4.47215e-05  2.06879e-17  7.63465e-05  1.60034e-18  0.000733707 -2.04806e-17  -0.00354703 -3.41063e-17   0.00395983 -2.35759e-17   0.00695928  1.53166e-16   -0.0169401  9.49605e-17  -0.00102652 -2.11205e-16    0.0202273 -2.41748e-16   0.00164803  1.46387e-16   -0.0152316  2.76321e-16  -0.00746626  2.61149e-19   0.00523186 -1.73862e-16   0.00742651  -7.1176e-17   0.00260716  5.20659e-17  -0.00143331  5.04436e-17  -0.00223571  2.60128e-18   -0.0012841 -1.32558e-17 -0.000287156 -3.37719e-18  0.000169731  4.33272e-18  0.000225175  2.65864e-18   0.00014082 -1.99481e-18  6.00285e-05 -4.29175e-18  1.68972e-05 -3.73468e-18   1.2185e-06 -2.05108e-18 -2.07209e-06  -6.4722e-19 -1.67108e-06  5.27989e-20 -8.49722e-07  2.20693e-19 -3.43968e-07  1.56264e-19 -1.18309e-07  6.04085e-20 -3.54495e-08  5.22781e-21 -9.31968e-09 -1.14519e-20 -2.13471e-09 -1.04503e-20 -4.13879e-10 -5.83699e-21 -6.21222e-11 -2.52594e-21  -4.5797e-12 -9.03687e-22  1.20964e-12 -2.71119e-22  7.05422e-13 -6.69204e-23  2.23714e-13 -1.27228e-23  5.61475e-14 -1.44843e-24  1.21365e-14   1.1871e-25  2.33437e-15  1.27505e-25  4.05786e-16  4.58469e-26  6.42585e-17  1.21719e-26  9.30661e-18  2.67774e-27  1.23463e-18  5.06051e-28  1.49996e-19  8.34386e-29  1.66626e-20   1.2111e-29  1.68789e-21  1.55589e-30  1.55306e-22   1.7722e-31  1.29139e-23  1.78606e-32   9.6413e-25  1.58433e-33  6.41039e-26  1.22747e-34  3.75722e-27  8.22352e-36  1.91623e-28  4.70303e-37   8.3626e-30  2.25641e-38  3.05375e-31  8.86349e-40  9.04507e-33   2.7502e-41  2.07518e-34  6.36906e-43  3.41998e-36  9.95286e-45  3.49589e-38  8.33643e-47  1.42929e-40
 3.86094e-08  1.07459e-18   7.5802e-06 -1.15236e-17 -9.89459e-05  2.12577e-17  0.000345049  7.74705e-18  0.000257995 -1.07107e-17  -0.00388287 -6.68908e-17   0.00635529 -2.59999e-17   0.00422861  1.87244e-16   -0.0169916  1.24027e-16  0.000446649 -2.41748e-16    0.0193995 -2.57355e-16   0.00265939  1.42089e-16   -0.0143694  2.64275e-16  -0.00892445  7.59632e-18   0.00355093 -1.49963e-16   0.00745807 -6.48986e-17   0.00378678    3.734e-17 -0.000453403  3.92529e-17  -0.00198372  5.31751e-18  -0.00150798 -5.29094e-18 -0.000594772  1.34063e-18 -2.79946e-05     4.79e-18  0.000148238  1.09711e-18  0.000130904 -3.82606e-18  7.16324e-05 -5.70712e-18  2.88566e-05 -4.63252e-18  8.38763e-06 -2.55046e-18  1.22658e-06 -9.08936e-19 -4.26068e-07 -9.06096e-20 -4.59875e-07  1.35701e-19 -2.46137e-07  1.07636e-19 -1.01586e-07  3.75044e-20 -3.55564e-08 -2.11016e-21 -1.09549e-08 -1.19648e-20 -3.02568e-09 -9.25902e-21 -7.56371e-10 -4.84705e-21 -1.71948e-10 -2.01922e-21 -3.55906e-11 -7.05238e-22 -6.69345e-12 -2.09164e-22 -1.13682e-12 -5.20809e-23 -1.72189e-13 -1.05013e-23 -2.26706e-14 -1.55277e-24 -2.44239e-15 -9.63282e-26 -1.74976e-16   3.4785e-26  3.65965e-18  1.73318e-26  4.28278e-18   4.9515e-27   9.9076e-19  1.10499e-27  1.64735e-19  2.06684e-28  2.26035e-20  3.32786e-29  2.67182e-21  4.67573e-30   2.7658e-22  5.77596e-31  2.52102e-23  6.29009e-32  2.02215e-24  6.02815e-33  1.42046e-25  5.05628e-34  8.66287e-27  3.68085e-35  4.52829e-28  2.29967e-36  1.99216e-29  1.21492e-37  7.18609e-31  5.31855e-39  2.04399e-32  1.87411e-40  4.30224e-34  5.08544e-42  5.93758e-36   9.8695e-44  3.86288e-38  1.18454e-45 -7.14687e-41  5.67984e-48
 5.60192e-19  1.47333e-06  1.02784e-18  1.77039e-06 -1.25615e-17 -0.000137073  1.92342e-17  0.000683988  1.78776e-17 -0.000617784 -5.46503e-18  -0.00343219 -9.68272e-17   0.00813506 -2.97869e-17   0.00141421   2.2357e-16   -0.0166252  1.40892e-16   0.00164803 -2.57355e-16    0.0187395 -2.57234e-16   0.00353509  1.30128e-16    -0.013454  2.39622e-16   -0.0101096  1.31761e-17   0.00179995 -1.22762e-16   0.00711314 -5.72857e-17   0.00473079  2.31142e-17  0.000605017  2.88579e-17  -0.00150205  8.59215e-18  -0.00154897  3.15375e-18 -0.000832199  6.67241e-18 -0.000233949  5.66148e-18  3.74198e-05 -4.49592e-19  9.18855e-05 -5.84914e-18  6.65288e-05 -7.29566e-18  3.35717e-05 -5.63326e-18   1.3216e-05 -3.12101e-18  4.08037e-06 -1.23418e-18  8.88405e-07 -2.85462e-19  4.95887e-08  1.90204e-20  -7.5049e-08  4.49389e-20 -5.13216e-08  1.04123e-20 -2.26993e-08 -1.00961e-20 -8.16428e-09 -1.24668e-20 -2.55127e-09  -8.0991e-21 -7.13085e-10 -3.92888e-21 -1.81059e-10 -1.56476e-21 -4.21536e-11 -5.30798e-22 -9.05293e-12 -1.54806e-22 -1.80064e-12  -3.8545e-23 -3.32618e-13 -8.03959e-24 -5.71702e-14 -1.34935e-24 -9.15491e-15 -1.60662e-25 -1.36692e-15  -4.4247e-27 -1.90368e-16  4.41251e-27 -2.47284e-17  1.64525e-27 -2.99452e-18   3.9398e-28 -3.37691e-19  7.47481e-29 -3.53987e-20  1.19033e-29 -3.43985e-21  1.63058e-30 -3.08656e-22    1.945e-31 -2.54378e-23  2.02996e-32  -1.9121e-24  1.85196e-33  -1.2992e-25  1.46883e-34 -7.88964e-27  1.00358e-35 -4.22162e-28  5.83311e-37 -1.95474e-29  2.83533e-38 -7.64968e-31  1.12541e-39 -2.45001e-32  3.52172e-41 -6.12765e-34  8.21509e-43 -1.10933e-35  1.29196e-44 -1.25501e-37  1.08804e-46 -5.72307e-40
-2.22607e-07  1.07805e-18   5.9963e-06  2.46786e-20 -2.69008e-05 -1.31658e-17  -9.9619e-05  1.58656e-17  0.000947117  3.04862e-17  -0.00170645 -5.35205e-18  -0.00225459 -1.25868e-16   0.00914116 -3.00802e-17  -0.00124755  2.54209e-16   -0.0160041  1.46387e-16   0.00265939 -2.57234e-16    0.0182065 -2.42944e-16   0.00431187  1.13012e-16   -0.0125068  2.06973e-16   -0.0110475  1.69664e-17  3.83605e-05 -9.62415e-17   0.00643543  -5.0384e-17   0.00538628  1.02289e-17   0.00164742  2.05295e-17 -0.000843173  1.30156e-17  -0.00139753  1.21586e-17 -0.000958535  1.24822e-17 -0.000409285  6.83982e-18  -8.4277e-05 -1.92565e-18  3.26629e-05 -7.89996e-18  4.60249e-05 -8.90707e-18  2.98062e-05 -6.65205e-18  1.43095e-05 -3.72449e-18  5.58838e-06 -1.60126e-18  1.81704e-06 -5.14065e-19  4.83456e-07 -1.15692e-19  9.57586e-08 -2.37439e-20  7.69366e-09 -1.73939e-20  -4.4389e-09 -1.77427e-20 -3.04697e-09 -1.28599e-20 -1.24401e-09 -7.04334e-21 -4.07639e-10 -3.13503e-21 -1.15713e-10 -1.18422e-21 -2.93675e-11  -3.8766e-22 -6.77256e-12 -1.10484e-22 -1.43238e-12 -2.72743e-23 -2.79389e-13 -5.77682e-24 -5.04286e-14 -1.03438e-24 -8.43886e-15 -1.51046e-25 -1.31032e-15 -1.58449e-26 -1.88765e-16 -3.89575e-28 -2.52075e-17  3.37775e-28 -3.11527e-18  1.09899e-28 -3.55452e-19  2.27159e-29 -3.73254e-20  3.69263e-30 -3.59254e-21   5.0143e-31 -3.15339e-22  5.83106e-32  -2.5086e-23  5.86583e-33 -1.79492e-24  5.11093e-34 -1.14428e-25  3.83822e-35 -6.42384e-27  2.46059e-36 -3.12877e-28  1.32772e-37 -1.29672e-29  5.91256e-39 -4.45471e-31  2.11226e-40 -1.22192e-32  5.79674e-42 -2.52579e-34  1.13591e-43 -3.55392e-36  1.37487e-45   -2.701e-38  6.64015e-48
-4.46716e-19 -2.86807e-07  1.81238e-18  1.24331e-05  -1.5073e-18 -8.26809e-05 -1.42405e-17  6.05423e-05  1.30821e-17  0.000973327  4.40833e-17  -0.00273209 -1.09048e-17 -0.000572134 -1.53423e-16    0.0093846 -2.56564e-17  -0.00363659  2.72932e-16   -0.0152316  1.42089e-16   0.00353509 -2.42944e-16    0.0177746 -2.17979e-16   0.00501579  9.34039e-17   -0.0115398  1.71286e-16   -0.0117615  1.87833e-17  -0.00168786 -7.38992e-17   0.00547356 -4.59383e-17   0.00572113 -9.51657e-19   0.00258558  1.50353e-17 -7.75622e-05  1.90087e-17  -0.00107095  2.17327e-17 -0.000951623  1.85618e-17 -0.000521111  8.20051e-18 -0.000191367 -3.24785e-18 -3.27672e-05  -9.7899e-18  1.57529e-05 -1.03775e-17  1.89805e-05 -7.58816e-18  1.15911e-05 -4.30204e-18  5.39607e-06  -1.9702e-18  2.09552e-06 -7.47606e-19   7.0132e-07 -2.50163e-19   2.0436e-07 -8.91275e-20  5.15368e-08 -4.23002e-20  1.09155e-08 -2.40373e-20  1.76159e-09 -1.29766e-20  1.25044e-10 -6.09545e-21 -4.96531e-11 -2.47666e-21 -2.91574e-11 -8.80857e-22 -9.92347e-12 -2.76352e-22 -2.70006e-12 -7.64449e-23 -6.35032e-13 -1.85539e-23 -1.33181e-13 -3.93267e-24 -2.52862e-14 -7.25244e-25 -4.38125e-15 -1.15343e-25  -6.9569e-16 -1.53537e-26 -1.01427e-16 -1.55245e-27 -1.35807e-17  -7.2286e-29  -1.6684e-18  1.40157e-29 -1.87667e-19  4.87274e-30 -1.92684e-20  9.07379e-31  -1.7984e-21  1.28326e-31 -1.51783e-22  1.49298e-32 -1.15078e-23  1.46961e-33 -7.77381e-25  1.23412e-34 -4.63132e-26   8.8214e-36 -2.40201e-27  5.31748e-37 -1.06654e-28  2.66185e-38 -3.96487e-30  1.08174e-39 -1.19637e-31  3.44965e-41 -2.79854e-33  8.17277e-43 -4.70734e-35  1.30236e-44 -4.91764e-37  1.10936e-46 -2.05825e-39
