    0.020419 -2.26356e-17   -0.0343658  5.74468e-17   0.00441974 -3.23387e-17   0.00816605  2.21581e-18  0.000613934  6.77702e-19  -0.00136192  5.60908e-19 -0.000462221  2.98209e-19  2.79367e-05 -3.63029e-20  4.14972e-05 -3.03886e-20  6.91853e-06 -2.95148e-21  1.94265e-07
-2.26356e-17    0.0613458 -3.62784e-17   -0.0506386  6.28912e-17  -0.00793936 -2.02937e-17    0.0123581  -5.6346e-18   0.00412009 -1.29667e-18  -0.00141091  1.28801e-18  -0.00101552  6.97791e-19 -0.000121775  6.73056e-21   3.7018e-05 -3.64139e-20  9.12414e-06  -4.5439e-21
  -0.0343658 -3.62784e-17    0.0876161 -3.54758e-17   -0.0422607   5.0144e-17   -0.0217608 -1.33044e-18      0.01061 -1.06446e-17   0.00748243 -4.11569e-18 -0.000324441  1.23769e-18   -0.0012538  9.70452e-19 -0.000310255  9.46298e-20 -2.99519e-06 -2.79751e-20  4.02955e-06
 5.74468e-17   -0.0506386 -3.54758e-17    0.0843703 -3.28691e-17   -0.0249552  4.08951e-17   -0.0288462  1.16551e-17   0.00584765 -1.10677e-17   0.00924978 -6.30036e-18   0.00125096  5.98763e-19  -0.00103771  9.94972e-19 -0.000393699   1.3073e-19 -3.55628e-05 -1.73104e-20
  0.00441974  6.28912e-17   -0.0422607 -3.28691e-17    0.0683928 -3.44443e-17    -0.012009  3.55963e-17   -0.0305126  1.82924e-17  0.000819789 -8.89934e-18    0.0094595 -7.36372e-18   0.00274029  -1.4724e-19 -0.000472019  7.50174e-19  -0.00031202  7.18024e-20 -3.00174e-05
-3.23387e-17  -0.00793936   5.0144e-17   -0.0249552 -3.44443e-17    0.0552325  -3.5915e-17  -0.00474563  3.03085e-17    -0.029988  2.13097e-17  -0.00364562 -6.18526e-18    0.0084747 -7.22552e-18   0.00376037 -7.35673e-19  0.000193229  3.04507e-19 -0.000132265 -1.59086e-20
  0.00816605 -2.02937e-17   -0.0217608  4.08951e-17    -0.012009  -3.5915e-17    0.0476409  -3.5062e-17 -0.000492923  2.50866e-17   -0.0288724   2.2107e-17  -0.00760317 -3.50858e-18   0.00650276 -5.92629e-18   0.00400863 -1.08435e-18  0.000634677 -1.20084e-19  -9.0067e-08
 2.21581e-18    0.0123581 -1.33044e-18   -0.0288462  3.55963e-17  -0.00474563  -3.5062e-17    0.0435328 -3.31321e-17   0.00256766  2.07026e-17   -0.0275892  2.13213e-17    -0.011208 -2.82879e-19   0.00365513 -3.64087e-18   0.00330182 -1.11525e-18  0.000631943 -2.48041e-19
 0.000613934  -5.6346e-18      0.01061  1.16551e-17   -0.0305126  3.03085e-17 -0.000492923 -3.31321e-17    0.0413353 -3.08477e-17   0.00526684  1.67483e-17   -0.0260912  2.01852e-17   -0.0144098   4.0703e-18  0.000235712 -9.14272e-19   0.00183821 -7.98724e-19  0.000301643
 6.77702e-19   0.00412009 -1.06446e-17   0.00584765  1.82924e-17    -0.029988  2.50866e-17   0.00256766 -3.08477e-17      0.04043 -2.84376e-17    0.0081052  1.25256e-17   -0.0240143  1.99897e-17   -0.0166889  8.78323e-18  -0.00289425  1.23485e-18   0.00037308  -3.3016e-19
 -0.00136192 -1.29667e-18   0.00748243 -1.10677e-17  0.000819789  2.13097e-17   -0.0288724  2.07026e-17   0.00526684 -2.84376e-17    0.0406724  -2.7481e-17    0.0116296  7.67711e-18   -0.0205412  2.03614e-17   -0.0168683  1.15311e-17  -0.00439194  1.88324e-18 -0.000266983
 5.60908e-19  -0.00141091 -4.11569e-18   0.00924978 -8.89934e-18  -0.00364562   2.2107e-17   -0.0275892  1.67483e-17    0.0081052  -2.7481e-17    0.0422436 -3.02114e-17    0.0166664   1.9843e-18   -0.0144215  1.88902e-17   -0.0136778  1.03336e-17  -0.00353938  1.13593e-18
-0.000462221  1.28801e-18 -0.000324441 -6.30036e-18    0.0094595 -6.18526e-18  -0.00760317  2.13213e-17   -0.0260912  1.25256e-17    0.0116296 -3.02114e-17    0.0456966 -3.69445e-17    0.0241923 -4.72849e-18  -0.00497227  1.35375e-17   -0.0074988  6.00424e-18  -0.00144238
 2.98209e-19  -0.00101552  1.23769e-18   0.00125096 -7.36372e-18    0.0084747 -3.50858e-18    -0.011208  2.01852e-17   -0.0240143  7.67711e-18    0.0166664 -3.69445e-17    0.0517049 -4.50027e-17    0.0340792 -1.18394e-17   0.00581557   5.7533e-18  -0.00144747  1.81649e-18
 2.79367e-05  6.97791e-19   -0.0012538  5.98763e-19   0.00274029 -7.22552e-18   0.00650276 -2.82879e-19   -0.0144098  1.99897e-17   -0.0205412   1.9843e-18    0.0241923 -4.50027e-17    0.0596896 -5.01302e-17    0.0428971 -1.68429e-17    0.0127909 -1.03438e-19   0.00108869
-3.63029e-20 -0.000121775  9.70452e-19  -0.00103771  -1.4724e-19   0.00376037 -5.92629e-18   0.00365513   4.0703e-18   -0.0166889  2.03614e-17   -0.0144215 -4.72849e-18    0.0340792 -5.01302e-17    0.0656066 -4.84592e-17    0.0441355 -1.64933e-17    0.0119923  -1.4939e-18
 4.14972e-05  6.73056e-21 -0.000310255  9.94972e-19 -0.000472019 -7.35673e-19   0.00400863 -3.64087e-18  0.000235712  8.78323e-18   -0.0168683  1.88902e-17  -0.00497227 -1.18394e-17    0.0428971 -4.84592e-17    0.0624703 -3.84354e-17    0.0341038 -1.07456e-17   0.00583911
-3.03886e-20   3.7018e-05  9.46298e-20 -0.000393699  7.50174e-19  0.000193229 -1.08435e-18   0.00330182 -9.14272e-19  -0.00289425  1.15311e-17   -0.0136778  1.35375e-17   0.00581557 -1.68429e-17    0.0441355 -3.84354e-17    0.0468456 -2.31289e-17     0.017921 -3.99836e-18
 6.91853e-06 -3.64139e-20 -2.99519e-06   1.3073e-19  -0.00031202  3.04507e-19  0.000634677 -1.11525e-18   0.00183821  1.23485e-18  -0.00439194  1.03336e-17   -0.0074988   5.7533e-18    0.0127909 -1.64933e-17    0.0341038 -2.31289e-17    0.0250797  -9.4187e-18    0.0053251
-2.95148e-21  9.12414e-06 -2.79751e-20 -3.55628e-05  7.18024e-20 -0.000132265 -1.20084e-19  0.000631943 -7.98724e-19   0.00037308  1.88324e-18  -0.00353938  6.00424e-18  -0.00144747 -1.03438e-19    0.0119923 -1.07456e-17     0.017921  -9.4187e-18   0.00837585 -2.08765e-18
 1.94265e-07  -4.5439e-21  4.02955e-06 -1.73104e-20 -3.00174e-05 -1.59086e-20  -9.0067e-08 -2.48041e-19  0.000301643  -3.3016e-19 -0.000266983  1.13593e-18  -0.00144238  1.81649e-18   0.00108869  -1.4939e-18   0.00583911 -3.99836e-18    0.0053251 -2.08765e-18   0.00129924
