 3.22302e-36  4.72484e-53  -6.1515e-36  1.61711e-52  1.46112e-36 -9.33811e-52  7.62104e-37  4.77646e-52  3.21485e-36 -6.63697e-52 -3.72005e-36  2.11485e-51  7.72862e-38  4.22333e-52  1.63973e-36 -1.97721e-51 -1.45416e-36 -1.44281e-51  8.31491e-37   1.0683e-51 -2.66878e-37  8.55534e-52  1.55295e-37 -4.39613e-52 -8.98137e-38 -3.12706e-51 -2.49075e-38 -8.24099e-51  2.65933e-38 -1.72386e-50 -2.24874e-39  -1.6687e-50  7.50877e-39    6.041e-50 -6.04776e-39 -4.65609e-50  4.95091e-39 -4.32186e-49 -3.81304e-39  2.18677e-48   1.2567e-39  8.65457e-48 -8.16078e-41  8.57383e-48  2.11765e-41    7.247e-48 -5.54138e-41 -5.70996e-48 -4.58383e-41  2.59136e-49  8.71135e-41 -5.12413e-48 -2.51516e-41 -3.78221e-47  4.86832e-42 -1.53578e-47 -1.07245e-41  3.09916e-48  4.81016e-42  2.72917e-47  6.39244e-43  6.19348e-47 -1.41428e-42 -4.30924e-47  5.46884e-43  4.10745e-47   1.3703e-43  2.67974e-47 -1.23243e-43 -1.31806e-47   2.5679e-44 -4.79312e-48 -1.40464e-44  -2.8075e-49  1.43367e-45 -8.59177e-48  3.94812e-46   1.9278e-49 -1.49256e-46 -1.45977e-49 -1.56522e-46   1.6392e-48  1.11128e-46 -3.17204e-49 -5.17657e-47 -3.20914e-49  1.42602e-47  9.14257e-50 -3.87203e-48   1.4665e-50  5.59185e-49  1.33154e-51  1.91805e-49 -1.79024e-51 -1.27663e-50 -8.99884e-52 -1.11582e-50 -5.06905e-52  3.17601e-51    7.176e-54  6.07905e-52  3.97342e-53  4.05841e-52  6.46862e-54 -1.41531e-52 -2.47212e-54  2.24163e-53 -3.05743e-55 -1.37187e-53 -4.15921e-56  1.64089e-53  1.56043e-55 -1.52267e-53 -1.04281e-55  1.27943e-53  6.10021e-56 -9.11911e-54 -2.60391e-56  5.28965e-54  6.15184e-57 -2.35833e-54  4.28282e-58  7.30184e-55 -7.55614e-58 -1.24633e-55  1.36972e-58
 4.72484e-53  1.32813e-35  5.87613e-53 -2.02465e-35  9.60453e-52  8.10137e-36 -3.23745e-51 -3.24633e-36  8.10327e-52  8.98985e-36 -1.24851e-51  -5.8806e-36  5.27949e-51 -1.11388e-36  1.26825e-51  2.43808e-36 -5.83499e-51 -2.40194e-36 -3.61791e-51  1.57458e-36  3.20062e-51 -3.53426e-37  2.93424e-51  2.88086e-37 -5.72689e-51 -1.12671e-37 -4.27338e-50 -1.78701e-37 -1.12176e-49  8.79794e-38 -2.13626e-49  8.53134e-39 -1.99321e-49  9.36765e-39  7.10821e-49 -8.78832e-39 -1.37412e-49  1.03433e-38 -4.75814e-48 -8.01018e-39  2.23943e-47  2.12224e-39  8.58645e-47  6.47197e-40  7.64725e-47 -1.70513e-40  7.55848e-47  -3.7838e-40 -3.07764e-47 -1.13309e-40  4.47131e-47  3.62121e-40  1.00553e-47 -9.55625e-41 -2.58772e-46  2.13074e-41  -1.2625e-46 -4.27499e-41  6.18745e-47  1.63451e-41   2.5432e-46  5.29342e-42  4.65252e-46 -6.32546e-42  -3.5963e-46  1.98542e-42  2.58932e-46  4.07011e-43  1.79245e-46 -3.26211e-43 -8.17887e-47  8.26762e-44   -2.062e-47 -4.99121e-44 -1.56701e-48  9.07148e-46 -5.03721e-47  1.38384e-45  4.92539e-48  8.56503e-47  2.07627e-48 -7.30289e-46   7.4767e-48  4.02154e-46 -1.71918e-48 -1.71591e-46 -1.69103e-48  4.37659e-47  4.67719e-49  -1.2269e-47  3.98228e-50  1.57098e-48  8.71487e-51  7.94545e-49 -9.00189e-51 -2.89335e-51 -2.23077e-51 -5.87636e-50 -1.82888e-51  1.33635e-50  5.22055e-53  2.01129e-51  1.70909e-52   1.7089e-51  1.98156e-53 -6.07825e-52 -9.87059e-54  2.21056e-52 -1.23586e-55 -2.04561e-52  -1.1561e-54  2.19253e-52  1.22634e-54 -1.98335e-52 -6.51878e-55   1.5489e-52  2.21176e-55  -1.0046e-52  1.43302e-56  5.16558e-53 -6.96113e-56 -1.95431e-53  4.05172e-56  4.70169e-54 -9.98554e-57 -4.64392e-55
 -6.1515e-36  5.87613e-53  3.59167e-35  1.58081e-53 -4.45876e-35  2.13312e-51  2.01614e-35 -9.30572e-51 -1.07733e-35  1.00136e-51  1.44524e-35   8.2581e-52 -4.55901e-36  1.02787e-50 -2.83599e-36  2.50081e-51   1.3625e-36 -1.21194e-50 -2.73348e-36  -5.4384e-51  2.10838e-36  1.11164e-50 -2.26627e-37  1.13643e-50  4.78219e-37 -6.03219e-50  7.44435e-40 -4.14499e-49  -5.5193e-37 -1.04499e-48    1.918e-37 -1.77301e-48  5.22205e-38 -1.58104e-48  -1.8996e-38  6.02542e-48  1.07329e-38  1.80636e-48    6.957e-39 -3.61832e-47 -8.79311e-39  1.58575e-46  1.52265e-39  5.87363e-46  3.20233e-39  4.72142e-46 -5.91668e-40  5.36514e-46 -1.54738e-39 -9.16319e-47 -1.28577e-40  5.08941e-46  1.01106e-39  3.59306e-46 -2.45084e-40 -1.17156e-45   6.1882e-41 -6.92354e-46 -1.14744e-40  5.44656e-46  3.65661e-41  1.54252e-45  2.14571e-41  2.43923e-45 -1.89095e-41 -1.97431e-45  4.88716e-42  1.16788e-45  8.17296e-43  8.27952e-46 -5.04092e-43 -3.57238e-46  1.81134e-43 -4.45712e-47   -1.211e-43 -4.83145e-48  -9.0567e-45 -2.03252e-46  3.27985e-45  3.13785e-47  1.96415e-45  1.83671e-47 -2.39522e-45  2.30185e-47  1.07551e-45 -5.98423e-48 -4.16166e-46 -6.18614e-48  9.90421e-47  1.59808e-48 -2.82649e-47    2.761e-50  3.35381e-48  3.87952e-50  1.99805e-48 -2.95244e-50  1.54958e-49 -2.30687e-51 -1.85212e-49 -4.29811e-51  3.30411e-50  1.42388e-52  5.10639e-51  5.24929e-52  5.50562e-51  4.56373e-53  -2.6876e-51 -3.25935e-53  2.02088e-51  5.95718e-54 -2.10732e-51 -6.63073e-54  2.08789e-51  3.52909e-54 -1.77176e-51  2.55502e-55  1.26942e-51 -2.00623e-54 -7.38896e-52   1.9495e-54  3.29876e-52 -1.06836e-54 -1.02084e-52  3.31343e-55  1.73855e-53 -3.94534e-56
 1.61711e-52 -2.02465e-35  1.58081e-53  7.04805e-35  1.21814e-51 -7.28237e-35  1.61299e-51  3.15941e-35 -2.34491e-50 -1.78426e-35  -5.1276e-52  1.73587e-35  8.74459e-51  2.07359e-37  1.83795e-50 -3.58482e-36  4.23819e-51 -2.02681e-36 -1.93485e-50  -2.4992e-36  3.32579e-51  2.26966e-36  6.21177e-50  -4.5994e-38  5.76441e-50  8.88006e-37 -5.07821e-49  2.96719e-37 -3.17599e-48  -1.1872e-36 -7.72332e-48   3.2985e-37 -1.14065e-47  1.51679e-37 -9.48659e-48 -1.19425e-37  4.22074e-47  8.61844e-38  2.92231e-47 -2.42328e-38 -2.17837e-46  7.38021e-40  8.94257e-46 -1.82177e-39  3.19707e-45  8.44736e-39   2.3286e-45 -7.45891e-40  3.00996e-45 -4.59956e-39 -9.44094e-47  1.41241e-40  3.54555e-45  2.20692e-39  3.02638e-45 -4.87333e-40 -3.93648e-45  1.35343e-40 -2.91157e-45 -2.38796e-40  3.28717e-45  6.08461e-41  7.13802e-45  6.13198e-41   1.0264e-44 -4.43262e-41 -8.37747e-45  9.26456e-42  4.33354e-45  1.29734e-42  3.04019e-45 -3.23403e-43 -1.26987e-45  3.07066e-43  1.40046e-47 -2.30848e-43 -6.28586e-48 -4.49004e-44  -6.4725e-46  7.15072e-45  1.27222e-46  7.81761e-45  8.64239e-47 -6.35782e-45  5.47477e-47  2.45177e-45 -1.54247e-47 -8.61134e-46 -1.81356e-47  1.96995e-46  4.23948e-48 -5.55504e-47 -2.12944e-49  6.76544e-48  1.31664e-49  3.51942e-48 -7.32918e-50   7.3537e-49  3.53064e-51 -4.25817e-49 -7.16726e-51  5.45085e-50  1.70809e-52  8.08479e-51  1.30554e-51  1.97323e-50  1.03412e-52 -1.60596e-50 -9.29287e-53  1.66056e-50   1.6871e-53 -1.71729e-50  5.58363e-54  1.58073e-50 -2.83298e-53 -1.23913e-50  3.84235e-53  8.04707e-51 -3.22511e-53   -4.136e-51  1.85338e-53  1.56156e-51 -6.91396e-54 -3.74355e-52  1.35891e-54  3.67963e-53
 1.46112e-36  9.60453e-52 -4.45876e-35  1.21814e-51  1.07967e-34  7.75244e-51 -9.50884e-35 -3.47455e-51  3.58235e-35 -4.97334e-50 -2.30219e-35 -7.16108e-51  1.90406e-35  2.35832e-50   5.9935e-36  3.04793e-50 -2.26439e-36  7.26808e-51 -6.99499e-36 -2.02691e-50 -1.95669e-36  9.28398e-50  2.00665e-36  4.05521e-49 -1.53545e-37  2.70567e-49  1.71488e-36 -3.60051e-48  7.38038e-37 -2.03316e-47 -2.02256e-36 -4.81707e-47  4.74482e-37 -6.03748e-47  3.25807e-37 -4.49362e-47 -3.41007e-37  2.56224e-46  2.57504e-37  2.51997e-46 -1.07364e-37 -1.09528e-45  2.80456e-38  4.24866e-45  -8.7388e-39  1.46752e-44  1.60711e-38  9.72002e-45  7.92109e-40  1.42062e-44 -1.09892e-38  5.46535e-46  1.19003e-39  1.87651e-44  3.99157e-39  1.70628e-44 -7.84619e-40 -9.73499e-45  2.29953e-40 -9.86525e-45 -4.05879e-40  1.55498e-44  7.64585e-41  2.69506e-44  1.39322e-40   3.6663e-44 -8.71031e-41 -2.94237e-44  1.38623e-41  1.39412e-44  1.79539e-42  9.39148e-45  7.84658e-43  -3.9016e-45  4.12649e-43  5.69632e-46 -3.62746e-43  1.93785e-47 -1.35505e-43  -1.7143e-45  1.69527e-44  3.90977e-46  2.07267e-44  2.98983e-46 -1.45437e-44  1.05054e-46  5.05334e-45 -3.04971e-47 -1.63303e-45 -4.51826e-47  3.74574e-46  9.28892e-48 -9.98483e-47 -1.13868e-48  1.40001e-47  3.61486e-49  4.28661e-48 -1.45828e-49  2.12302e-48  2.25098e-50 -7.69477e-49 -7.41834e-51   6.7534e-50 -1.86115e-52 -2.37808e-50  2.79344e-51  1.00093e-49  1.44037e-52  -1.0944e-49 -3.20066e-53  1.18993e-49 -2.67577e-52 -1.16838e-49   4.1819e-52  9.95277e-50 -4.63497e-52 -7.12876e-50  3.86099e-52  4.14131e-50 -2.38596e-52 -1.84268e-50  1.03852e-52  5.67604e-51 -2.78408e-53 -9.61119e-52  2.98937e-54
-9.33811e-52  8.10137e-36  2.13312e-51 -7.28237e-35  7.75244e-51  1.38289e-34  2.54503e-50 -1.05222e-34 -1.41698e-50  3.13055e-35  -8.8132e-50 -2.87715e-35  -2.1543e-50  2.25507e-35  4.34329e-50  1.01503e-35  4.89663e-50     1.05e-36   1.8646e-50 -1.21112e-35    1.962e-50 -1.38355e-36  6.85891e-49  1.40094e-36  2.44795e-48 -9.26322e-37  7.69611e-49  3.09709e-36 -2.23089e-47  1.18099e-36  -1.1265e-46 -2.85826e-36 -2.62616e-46  5.76268e-37 -2.71491e-46  5.85404e-37 -1.68858e-46 -7.26924e-37  1.37539e-45  5.57213e-37  1.63189e-45 -2.62186e-37 -4.73005e-45  7.84213e-38  1.75131e-44 -1.92679e-38  5.86146e-44   2.3496e-38  3.54063e-44  6.49406e-39   5.8389e-44 -2.23407e-38  3.26249e-45  3.86653e-39  8.19359e-44  6.13137e-39  7.56681e-44 -1.01896e-39 -1.43643e-44  2.91492e-40 -2.73094e-44 -5.74446e-40  6.13856e-44  6.74019e-41  8.61075e-44   2.6642e-40  1.14604e-43 -1.48635e-40 -8.88503e-44  1.54544e-41  3.98758e-44   2.4399e-42  2.51689e-44    3.534e-42 -1.07123e-44  4.12519e-43  2.89652e-45  -4.7464e-43  1.51293e-46 -3.24827e-43 -3.87322e-45  4.19901e-44  9.74996e-46  4.38834e-44  8.42443e-46  -2.9758e-44  1.62945e-46  9.71364e-45 -4.42886e-47 -2.96164e-45 -9.88051e-47  7.02458e-46  1.73583e-47 -1.69224e-46 -3.56421e-48  2.89665e-47  8.35852e-49  2.58435e-48 -2.38095e-49  4.65839e-48  6.11679e-50  -1.1839e-48  1.42543e-51  1.99631e-49  -1.9291e-51 -3.67704e-49  6.23637e-51   6.1521e-49 -1.57408e-51 -7.10026e-49  2.73317e-51  7.43252e-49  -3.9592e-51  -6.8156e-49  4.25655e-51  5.33542e-49 -3.64345e-51 -3.45382e-49  2.43429e-51  1.76732e-49 -1.20954e-51 -6.63587e-50  4.06824e-52  1.58055e-50 -7.38773e-53 -1.54222e-51
 7.62104e-37 -3.23745e-51  2.01614e-35  1.61299e-51 -9.50884e-35  2.54503e-50  1.57076e-34  5.79373e-50 -1.03348e-34 -2.84729e-50  2.10701e-35 -1.32706e-49 -3.75639e-35 -4.14094e-50  2.93398e-35   6.8523e-50  1.11113e-35  1.02737e-49  5.72181e-36  1.00076e-49 -1.60668e-35  2.74897e-49 -1.06028e-36  4.03108e-48  6.84604e-37  1.30072e-47 -2.65177e-36 -1.81448e-48  5.05636e-36  -1.2366e-46  1.37484e-36 -5.53475e-46 -3.36668e-36 -1.28092e-45  5.75652e-37 -1.05796e-45  9.28907e-37 -4.83339e-46 -1.30069e-36  6.59448e-45     9.95e-37  8.70939e-45 -4.93212e-37 -1.78421e-44  1.52882e-37  6.37043e-44 -3.22333e-38  2.07686e-43  2.52237e-38  1.14602e-43  1.94692e-38  2.13633e-43 -4.00022e-38  6.92143e-45  9.37123e-39  3.08021e-43  8.02407e-39  2.81407e-43  -9.8478e-40  1.22439e-44   2.0686e-40 -6.05864e-44 -6.74273e-40  2.09579e-43  2.77434e-41  2.37915e-43  4.42322e-40  3.19577e-43 -2.24562e-40 -2.36263e-43  8.60382e-42  1.02831e-43  3.69772e-42  5.96746e-44  8.59184e-42 -2.68371e-44  1.94128e-43   1.0083e-44 -5.04874e-43  5.51061e-46 -6.70094e-43 -7.55047e-45  9.70813e-44  2.03288e-45  8.00959e-44  2.03179e-45 -5.57564e-44  1.93896e-46  1.76765e-44 -3.42255e-47 -5.24658e-45 -1.93659e-46  1.28912e-45  2.81464e-47 -2.72112e-46   -8.629e-48  5.66755e-47  1.67659e-48 -3.17451e-48 -3.18209e-49  8.66652e-48   1.1769e-49 -2.19495e-48  3.26833e-50  1.65695e-48 -1.30531e-50 -2.78772e-48  2.40513e-50  3.72271e-48 -2.23708e-50 -4.14733e-48  2.89484e-50  4.07665e-48 -3.17821e-50 -3.45856e-48  2.84584e-50  2.46689e-48 -2.05144e-50  -1.4255e-48  1.14467e-50  6.30327e-49 -4.60666e-51 -1.92795e-49  1.15946e-51  3.23932e-50 -1.18124e-52
 4.77646e-52 -3.24633e-36 -9.30572e-51  3.15941e-35 -3.47455e-51 -1.05222e-34  5.79373e-50  1.66179e-34  1.03146e-49 -9.35393e-35 -4.29249e-50  8.83055e-36 -1.73121e-49 -4.86319e-35 -5.41918e-50   3.8555e-35  1.32547e-49  7.85456e-36  4.06158e-49  1.17274e-35  7.04116e-49 -1.82122e-35  1.57975e-48  -1.3192e-36  2.07602e-47   1.7891e-37  6.06115e-47 -5.44805e-36 -4.48558e-47  7.49577e-36 -6.22534e-46  9.86366e-37 -2.45482e-45 -3.16017e-36 -5.68384e-45   4.3422e-37 -3.62232e-45  1.33324e-36 -8.72784e-46 -2.05118e-36  2.84216e-44  1.54521e-36  3.99262e-44 -7.83334e-37 -5.94093e-44  2.47521e-37  2.06467e-43 -4.46107e-38   6.6125e-43  1.31331e-38  3.33224e-43   4.2549e-38  7.06528e-43 -6.44666e-38 -1.66805e-44  1.90631e-38  1.02294e-42  8.72874e-39  9.07765e-43 -4.15228e-40  1.82689e-43 -1.93992e-40 -9.77798e-44 -6.30882e-40  6.33076e-43  -2.0428e-41  5.75742e-43  6.48561e-40  8.05658e-43  -3.0299e-40   -5.623e-43 -1.37216e-41  2.41213e-43  6.43102e-42  1.26928e-43  1.63415e-41 -6.21949e-44 -3.51202e-43  2.83784e-44 -3.98469e-43  1.42175e-45 -1.23051e-42 -1.27015e-44  1.97393e-43  3.56758e-45   1.3187e-43  4.31815e-45 -9.70288e-44  1.36447e-46  3.05678e-44  4.61473e-47 -9.10292e-45 -3.45405e-46  2.26428e-45  3.98911e-47 -4.13284e-46  -1.7581e-47  1.02015e-46   2.9829e-48 -1.42795e-47 -3.24851e-49  1.65416e-47  1.55903e-49 -8.66653e-48  1.39261e-49  1.20013e-47 -1.02452e-49 -1.70944e-47  1.53062e-49   2.0621e-47 -1.80248e-49 -2.16334e-47  2.00913e-49  1.97699e-47 -1.89434e-49 -1.53928e-47  1.46966e-49  9.90459e-48 -9.08975e-50 -5.03373e-48  4.24488e-50   1.8759e-48 -1.35567e-50 -4.43201e-49   2.3552e-51  4.28756e-50
 3.21485e-36  8.10327e-52 -1.07733e-35 -2.34491e-50  3.58235e-35 -1.41698e-50 -1.03348e-34  1.03146e-49  1.70212e-34  1.53485e-49 -8.07877e-35 -5.50944e-50 -3.23326e-36 -1.95108e-49 -5.88756e-35 -6.01039e-51  4.88436e-35  4.81582e-49 -1.08375e-36  2.24877e-48  2.01556e-35  4.68843e-48 -1.85829e-35  7.56276e-48  -2.4561e-36  9.58799e-47  8.59414e-38   2.4776e-46 -9.19561e-36 -3.90367e-46  1.02332e-35 -2.87435e-45  -3.3541e-37 -9.96359e-45 -1.91292e-36 -2.32326e-44  1.75743e-37 -1.10262e-44  1.73915e-36  3.38713e-46 -2.91551e-36  1.10656e-43  2.14155e-36  1.60856e-43 -1.09575e-36 -1.75745e-43  3.54183e-37  5.98617e-43 -5.10227e-38  1.90865e-42  -2.2133e-38  8.75495e-43   7.7224e-38  2.13614e-42 -9.47846e-38 -2.25683e-43  3.40413e-38  3.05281e-42   7.1452e-39  2.59243e-42  9.60256e-40  8.18151e-43  -1.1107e-39  -5.9993e-44 -4.02356e-40  1.71868e-42 -1.44037e-41  1.22724e-42  8.46162e-40   1.8544e-42 -3.64616e-40 -1.21173e-42 -5.85251e-41  5.18056e-43  1.18105e-41   2.4485e-43  2.66741e-41 -1.34542e-43 -1.27192e-42  6.86271e-44  -1.5466e-43  2.78369e-45 -2.04267e-42 -1.81627e-44  3.46964e-43  5.16154e-45  2.01984e-43  8.24196e-45 -1.58011e-43 -8.49759e-47  5.00883e-44  2.70104e-46 -1.53381e-44 -5.67384e-46  3.74122e-45  4.93489e-47 -5.92326e-46 -3.14025e-47  1.72142e-46  4.75861e-48 -3.89889e-47 -9.52266e-50  4.65283e-47  -5.5368e-50 -5.01382e-47  6.56586e-49  7.16864e-47 -7.39314e-49 -9.20414e-47  9.80471e-49  1.03129e-46 -1.10927e-48 -1.00971e-46  1.09808e-48  8.51767e-47 -9.13569e-49 -6.03496e-47  6.20057e-49  3.46204e-47 -3.28855e-49 -1.51886e-47  1.26722e-49  4.60704e-48 -3.07127e-50 -7.67328e-49  3.02718e-51
-6.63697e-52  8.98985e-36  1.00136e-51 -1.78426e-35 -4.97334e-50  3.13055e-35 -2.84729e-50 -9.35393e-35  1.53485e-49  1.73774e-34  1.99201e-49  -6.9825e-35 -6.57069e-50 -1.36213e-35 -1.62396e-49 -6.59762e-35  3.96647e-49  6.00337e-35  2.54004e-48 -1.76081e-35  1.24994e-47   3.2631e-35  2.79202e-47 -1.76328e-35  3.25315e-47 -4.40491e-36  4.00816e-46  1.76798e-37  8.83612e-46 -1.34737e-35 -2.49799e-45  1.30321e-35 -1.22502e-44 -2.83689e-36 -3.74037e-44   4.8972e-37  -8.8307e-44 -8.87723e-38  -3.0271e-44  2.03973e-36  1.05462e-44  -3.7634e-36  3.90819e-43  2.68188e-36  5.77725e-43 -1.38335e-36 -4.63363e-43  4.61686e-37   1.5497e-42 -4.41097e-38   5.0252e-42 -8.90492e-38  2.08133e-42  1.22961e-37  5.95658e-42 -1.28111e-37 -1.24045e-42  5.45775e-38   8.2862e-42  2.29809e-39  6.64251e-42  3.34526e-39  2.68029e-42 -2.72519e-39  3.07426e-43 -7.37621e-42  4.24158e-42   1.4413e-40  2.30007e-42  9.81321e-40  3.92679e-42 -3.85657e-40 -2.38438e-42 -1.30427e-40  1.02422e-42  2.11405e-41  4.32399e-43  3.88611e-41 -2.73265e-43 -2.47936e-42  1.47164e-43  1.14544e-43  3.96235e-45 -3.08497e-42 -2.10231e-44  5.24154e-43  5.63554e-45  2.93756e-43  1.43142e-44 -2.41498e-43 -5.25735e-46  7.73582e-44  7.29825e-46 -2.48294e-44 -8.67234e-46  5.77794e-45  5.26886e-47 -8.20088e-46 -5.02778e-47  3.03208e-46  6.55837e-48 -1.39701e-46  1.23771e-48  2.04663e-46  -1.9347e-48 -2.79174e-46  3.60135e-48   3.7443e-46 -4.52756e-48 -4.45493e-46  5.43753e-48  4.65617e-46 -5.63845e-48 -4.22865e-46  5.00678e-48  3.26937e-46 -3.69838e-48 -2.08767e-46  2.19277e-48  1.05242e-46 -9.86897e-49 -3.88864e-47  3.05145e-49  9.10616e-48  -5.1532e-50 -8.72989e-49
-3.72005e-36 -1.24851e-51  1.44524e-35  -5.1276e-52 -2.30219e-35  -8.8132e-50  2.10701e-35 -4.29249e-50 -8.07877e-35  1.99201e-49  1.80866e-34  2.31045e-49 -6.55478e-35 -8.74439e-50 -1.96943e-35  9.71451e-50 -7.02049e-35  2.75256e-48  7.30346e-35  1.36632e-47 -4.29048e-35  6.41759e-47   5.0133e-35  1.48883e-46 -1.60365e-35  1.27468e-46 -6.29524e-36   1.5242e-45 -4.35616e-37  2.69868e-45 -1.75559e-35 -1.32945e-44  1.56072e-35 -4.83981e-44 -6.48607e-36 -1.30958e-43   3.8212e-36 -3.14359e-43 -1.81447e-37 -7.68121e-44  2.08651e-36  5.04884e-44 -4.39317e-36  1.25656e-42  3.04293e-36  1.86748e-42 -1.59983e-36 -1.08914e-42   5.5686e-37  3.54447e-42  -1.6562e-38   1.2117e-41  -1.9295e-37  4.45968e-42  1.77279e-37  1.54288e-41 -1.59508e-37 -5.03637e-42    7.959e-38  2.06381e-41 -6.37828e-39  1.54078e-41  6.82183e-39   7.3232e-42  -5.1534e-39  1.62148e-42  4.79335e-40  9.59918e-42  5.58557e-40   3.7401e-42  1.00077e-39   7.6967e-42 -3.43755e-40 -4.31085e-42 -2.29299e-40  1.87306e-42   3.5723e-41  7.05219e-43  5.15084e-41 -5.23037e-43 -3.67182e-42  2.85364e-43  1.37998e-43  2.80882e-45 -4.24232e-42 -1.64659e-44  6.71629e-43  2.77093e-45   4.0978e-43  2.28326e-44 -3.46367e-43 -1.17138e-45  1.12057e-43  1.51485e-45 -3.83258e-44 -1.24462e-45  8.39515e-45  4.69947e-47 -1.21352e-45 -7.21474e-47  7.09433e-46  5.28599e-48 -6.69326e-46  8.85026e-48  1.02096e-45 -1.33173e-47 -1.40288e-45  1.93738e-47   1.7594e-45 -2.36929e-47 -1.95457e-45  2.59601e-47  1.90123e-45 -2.45034e-47 -1.59202e-45  1.95609e-47  1.11911e-45 -1.28093e-47 -6.36661e-46  6.58289e-48  2.76892e-46 -2.46749e-48 -8.32339e-47  5.83894e-49  1.37363e-47 -5.64064e-50
 2.11485e-51  -5.8806e-36   8.2581e-52  1.73587e-35 -7.16108e-51 -2.87715e-35 -1.32706e-49  8.83055e-36 -5.50944e-50  -6.9825e-35  2.31045e-49  1.95759e-34  2.31688e-49 -7.40189e-35 -1.99972e-49 -1.71724e-35  1.46554e-48 -7.35672e-35  1.50264e-47  8.81671e-35  6.83403e-47 -7.58262e-35  3.01277e-46  7.19405e-35  7.16681e-46 -1.47396e-35  4.54781e-46 -6.20449e-36  5.28398e-45 -3.21129e-36  6.69227e-45 -2.05363e-35 -6.17037e-44  1.76217e-35 -1.77787e-43 -1.07975e-35 -4.30386e-43  7.45987e-36 -1.05359e-42  6.46466e-38 -1.88514e-43  1.72172e-36  1.52409e-43   -4.549e-36  3.68792e-42   3.1007e-36  5.46862e-42 -1.70572e-36 -2.27598e-42  6.25455e-37  6.96202e-42  3.48675e-38  2.68173e-41 -3.34062e-37  8.50831e-42  2.36553e-37  3.73439e-41 -1.82069e-37 -1.70052e-41  1.06394e-37  4.74862e-41 -1.88705e-38  3.25429e-41  1.13416e-38  1.75172e-41 -8.42114e-39  5.10616e-42  9.75253e-40  2.00599e-41  1.28389e-39  5.07575e-42  8.74897e-40  1.40346e-41 -2.25884e-40 -7.19243e-42 -3.48805e-40  3.18289e-42  5.68749e-41  1.07166e-42  6.25674e-41 -9.45653e-43  -4.2967e-42  5.07157e-43 -5.19337e-43  -5.0903e-45 -5.29139e-42  1.43567e-45  6.99966e-43 -6.70339e-45  5.48302e-43  3.36693e-44 -4.65229e-43  -1.8935e-45  1.51776e-43   2.6791e-45 -5.63191e-44  -1.6895e-45  1.18324e-44  2.91821e-47 -2.44441e-45  -8.5464e-47  2.49834e-45 -1.67454e-47 -3.33761e-45  5.00881e-47  4.88049e-45 -7.21124e-47 -6.39981e-45  9.43537e-47  7.52234e-45 -1.07906e-46 -7.80076e-45  1.08186e-46  7.03052e-45 -9.27941e-47 -5.39159e-45  6.64785e-47  3.41354e-45 -3.83709e-47 -1.70552e-45   1.6872e-47  6.24383e-46 -5.11536e-48 -1.44834e-46  8.50464e-49  1.37542e-47
 7.72862e-38  5.27949e-51 -4.55901e-36  8.74459e-51  1.90406e-35  -2.1543e-50 -3.75639e-35 -1.73121e-49 -3.23326e-36 -6.57069e-50 -6.55478e-35  2.31688e-49  2.24575e-34  1.01902e-49 -1.03167e-34 -8.30252e-49 -1.49144e-36  8.18643e-48 -7.72855e-35  7.32128e-47  1.03093e-34  3.14149e-46 -1.11706e-34  1.29526e-45  9.52428e-35  3.13809e-45 -1.51341e-35   1.4654e-45 -1.42732e-36  1.66827e-44 -9.70044e-36  1.10653e-44 -2.15997e-35 -2.55994e-43  1.87224e-35 -6.08594e-43 -1.47432e-35 -1.33412e-42  1.04564e-35 -3.33724e-42  6.92621e-37 -4.79374e-43  8.29424e-37  2.78103e-43 -3.96238e-36  9.89735e-42  2.74956e-36  1.45705e-41 -1.66496e-36 -4.20443e-42  6.53562e-37  1.08366e-41  1.03898e-37  5.44986e-41 -5.05952e-37  1.40315e-41  2.97104e-37  8.48933e-41 -1.87393e-37 -5.01064e-41  1.30911e-37  1.01462e-40 -3.46051e-38  6.27847e-41  1.67787e-38  3.76001e-41  -1.2481e-38  1.27958e-41   1.4698e-39  3.89317e-41  2.26558e-39  5.06913e-42  6.22373e-40  2.39115e-41 -3.59186e-41 -1.11051e-41 -4.76586e-40  5.04785e-42  8.61098e-41  1.53131e-42    6.939e-41 -1.61764e-42 -3.58994e-42  8.34343e-43 -2.39666e-42 -2.67255e-44 -5.92698e-42  3.77534e-44  5.10439e-43 -2.66678e-44   6.9775e-43  4.60944e-44  -5.8326e-43 -2.43905e-45  1.92293e-43  4.20131e-45 -7.94848e-44 -2.17277e-45   1.7789e-44 -2.29788e-47 -7.76866e-45  -3.2851e-47  1.08096e-44 -1.47723e-46 -1.56216e-44  2.51344e-46  2.15756e-44 -3.39776e-46  -2.6704e-44  4.10102e-46  2.93965e-44 -4.34236e-46 -2.83632e-44  3.98581e-46  2.35524e-44 -3.10034e-46 -1.64111e-44   1.9849e-46  9.25036e-45  -1.0008e-46 -3.98423e-45  3.69446e-47  1.18557e-45 -8.64701e-48 -1.93641e-46  8.30333e-49
 4.22333e-52 -1.11388e-36  1.02787e-50  2.07359e-37  2.35832e-50  2.25507e-35 -4.14094e-50 -4.86319e-35 -1.95108e-49 -1.36213e-35 -8.74439e-50 -7.40189e-35  1.01902e-49  2.76901e-34 -7.77029e-49 -1.62412e-34 -3.98972e-48  2.99096e-35  3.92483e-47 -7.94678e-35  3.25519e-46  1.11679e-34  1.32906e-45 -1.42375e-34  5.11382e-45  1.15634e-34   1.2579e-44 -1.90484e-35  4.18671e-45  1.06517e-35  4.76962e-44 -2.08424e-35 -4.71256e-45 -2.03518e-35 -9.63898e-43  1.86503e-35 -1.94487e-42 -1.68321e-35 -3.91473e-42  1.17294e-35 -1.00171e-41  1.52878e-36 -1.33999e-42 -6.16358e-37 -8.85069e-44  -2.4106e-36  2.42967e-41  1.91482e-36  3.54101e-41 -1.43435e-36 -6.82012e-42  6.30173e-37  9.25165e-42  1.69274e-37  1.01519e-40 -6.94399e-37  1.84583e-41  3.55931e-37   1.8206e-40 -1.66383e-37 -1.32194e-40  1.48374e-37  2.02125e-40 -5.26469e-38  1.10683e-40   2.3033e-38   7.3527e-41 -1.72662e-38  2.74917e-41  2.10194e-39  7.05205e-41  3.29445e-39   1.3731e-42  3.26319e-40  3.82126e-41  2.01081e-40  -1.5886e-41 -5.96219e-40  7.50361e-42  1.25368e-40  2.07657e-42  6.88667e-41 -2.62141e-42 -7.12793e-43  1.28031e-42 -6.00995e-42 -7.09799e-44  -5.8396e-42  9.39197e-44  3.40269e-44 -6.06359e-44  8.31977e-43  5.87007e-44  -6.7999e-43 -2.46569e-45  2.30104e-43  5.93101e-45 -1.11647e-43 -2.59038e-45  3.48422e-44 -2.52794e-46 -3.16638e-44  3.50863e-46  4.74861e-44  -7.7722e-46 -6.74773e-44  1.13095e-45  8.79017e-44 -1.42796e-45 -1.02303e-43  1.59804e-45  1.05173e-43 -1.56235e-45 -9.39654e-44   1.3118e-45  7.14005e-44 -9.22627e-46 -4.47629e-44  5.24704e-46   2.2129e-44 -2.28257e-46 -8.00872e-45  6.87908e-47  1.83503e-45 -1.14309e-47 -1.72112e-46
 1.63973e-36  1.26825e-51 -2.83599e-36  1.83795e-50   5.9935e-36  4.34329e-50  2.93398e-35 -5.41918e-50 -5.88756e-35 -1.62396e-49 -1.96943e-35 -1.99972e-49 -1.03167e-34 -7.77029e-49  3.66102e-34 -5.80998e-48 -2.60719e-34 -1.80772e-47  7.56933e-35  1.73983e-46 -7.44763e-35  1.33049e-45  1.04843e-34  5.18917e-45 -1.57835e-34  1.85852e-44  1.28369e-34  4.64078e-44 -2.83138e-35   1.0193e-44  3.13845e-35  1.21737e-43 -3.64335e-35 -1.40632e-43 -1.70564e-35 -3.32845e-42  1.74086e-35 -5.81054e-42 -1.53839e-35 -1.09022e-41  1.03411e-35 -2.85472e-41  2.17137e-36 -4.10043e-42   -2.532e-36 -3.34127e-42  2.22342e-37   5.4469e-41  5.58471e-37  7.85443e-41 -9.52864e-37 -9.74936e-42  5.50728e-37 -1.71621e-41  1.91546e-37  1.72538e-40 -8.76987e-37  1.35693e-41  4.10562e-37  3.69766e-40 -1.10345e-37  -3.1729e-40  1.54376e-37  3.76591e-40 -7.19882e-38  1.77685e-40  3.01427e-38  1.32397e-40  -2.2755e-38  5.21873e-41  3.19535e-39  1.19759e-40  4.00099e-39 -9.62812e-42  1.32077e-40  5.74868e-41  4.40304e-40 -2.10402e-41 -6.90463e-40  1.04984e-41  1.77109e-40  2.69468e-42  5.77265e-41 -4.02892e-42   5.0319e-42  1.84358e-42 -1.16813e-41 -1.46734e-43 -4.83155e-42  1.65074e-43 -7.26516e-43 -1.10361e-43  9.10949e-43  6.94598e-44 -7.37119e-43 -1.57092e-45  2.71587e-43  7.43805e-45 -1.73194e-43 -2.49771e-45  1.00813e-43 -1.36434e-45 -1.33892e-43  2.18344e-45  1.98056e-43 -3.44939e-45 -2.69178e-43   4.5985e-45  3.30332e-43 -5.41954e-45 -3.60291e-43  5.63014e-45  3.44415e-43 -5.07703e-45 -2.83173e-43  3.89379e-45  1.95166e-43 -2.46721e-45 -1.08661e-43   1.2367e-45  4.61457e-44 -4.56223e-46 -1.35114e-44  1.07345e-46  2.16804e-45 -1.04309e-47
-1.97721e-51  2.43808e-36  2.50081e-51 -3.58482e-36  3.04793e-50  1.01503e-35   6.8523e-50   3.8555e-35 -6.01039e-51 -6.59762e-35  9.71451e-50 -1.71724e-35 -8.30252e-49 -1.62412e-34 -5.80998e-48  5.07078e-34 -3.16502e-47 -4.03248e-34 -7.40376e-47   1.3007e-34  7.23286e-46 -5.46399e-35  5.02209e-45  7.36707e-35   1.8741e-44 -1.49368e-34  6.22827e-44  1.29917e-34  1.58299e-43 -4.39654e-35  1.90237e-44  5.99808e-35  2.68206e-43 -5.51386e-35 -7.70617e-43 -1.26498e-35 -1.06216e-41  1.54089e-35 -1.62481e-41 -8.93723e-36 -2.88719e-41  5.76231e-36 -7.73489e-41  2.09305e-36 -1.29554e-41 -4.74585e-36 -1.76467e-41  3.89769e-36  1.10973e-40 -1.31698e-36  1.58772e-40 -1.39924e-37 -1.30739e-41  4.20588e-37 -1.18416e-40  1.14447e-37  2.65064e-40 -1.02403e-36 -1.97119e-41  4.57912e-37  7.13679e-40 -1.23709e-38  -7.0043e-40  1.45977e-37  6.57753e-40 -9.18029e-38  2.57235e-40  3.83472e-38  2.21419e-40 -2.90062e-38  8.87013e-41  5.22519e-39  1.91477e-40  3.90224e-39 -3.25937e-41  2.21237e-40  8.17009e-41  6.24962e-40 -2.57202e-41 -7.44766e-40  1.38784e-41  2.44127e-40  3.36518e-42  3.30373e-41 -5.87958e-42  1.39625e-41  2.50334e-42 -1.93742e-41 -2.60109e-43 -2.93355e-42  2.38757e-43 -1.67264e-42 -1.74309e-43  8.95114e-43  7.58095e-44 -7.61865e-43  9.37484e-46   3.6641e-43   7.3866e-45 -3.55558e-43 -9.35002e-48  3.68826e-43 -6.31317e-45 -5.43203e-43  9.75755e-45  7.71229e-43 -1.37194e-44 -9.93217e-43  1.70472e-44   1.1451e-42 -1.87648e-44 -1.16527e-42  1.81073e-44  1.02946e-42 -1.50542e-44 -7.72169e-43  1.05293e-44  4.76649e-43 -5.98406e-45 -2.31196e-43  2.61612e-45  8.17202e-44 -7.97345e-46 -1.81975e-44  1.34895e-46   1.6543e-45
-1.45416e-36 -5.83499e-51   1.3625e-36  4.23819e-51 -2.26439e-36  4.89663e-50  1.11113e-35  1.32547e-49  4.88436e-35  3.96647e-49 -7.02049e-35  1.46554e-48 -1.49144e-36 -3.98972e-48 -2.60719e-34 -3.16502e-47  7.11253e-34 -1.51491e-46 -5.87617e-34 -2.70228e-46  1.83898e-34  2.83526e-45 -1.38552e-35  1.75722e-44  1.38394e-35  6.27079e-44 -1.13021e-34  1.92638e-43  1.19163e-34  5.01241e-43 -6.54595e-35  1.55946e-44  9.34833e-35  4.64165e-43  -7.5156e-35 -3.09091e-42 -8.49807e-36 -3.15099e-41  1.34937e-35 -4.25567e-41  3.33342e-36 -7.28187e-41 -1.96705e-36 -1.99468e-40   8.3374e-37 -3.99214e-41 -7.05308e-36 -6.61795e-41  8.39758e-36  2.03278e-40 -3.66003e-36  2.91163e-40  1.09186e-36 -2.07166e-41  2.56806e-37  -4.0558e-40 -1.27277e-37  3.61521e-40 -1.10156e-36 -1.17901e-40  4.92638e-37  1.31301e-39  1.31055e-37 -1.43358e-39  1.22557e-37  1.07876e-39 -1.11568e-37   3.2819e-40  4.80584e-38  3.46624e-40  -3.6142e-38  1.35459e-40  8.71944e-39  2.89444e-40  2.49661e-39 -7.25007e-41  7.65449e-40  1.10091e-40  6.98689e-40 -2.88266e-41 -7.50095e-40  1.73892e-41  3.29113e-40  4.04921e-42   -7.164e-42   -8.157e-42   2.5844e-41  3.21893e-42 -2.85992e-41 -4.11726e-43 -4.65289e-43   2.9579e-43   -2.631e-42 -2.46247e-43  7.95069e-43  7.42645e-44 -8.63636e-43  7.44963e-45  7.33358e-43  9.85427e-46 -1.02609e-42  1.23335e-44  1.41322e-42 -2.62545e-44 -2.06909e-42  3.82092e-44  2.79114e-42  -4.9949e-44 -3.38752e-42  5.81883e-44   3.6521e-42 -5.99037e-44 -3.44394e-42  5.37461e-44  2.78474e-42 -4.11992e-44 -1.87876e-42  2.62316e-44  1.01689e-42 -1.32912e-44 -4.15721e-43  4.98808e-45  1.15688e-43 -1.20172e-45 -1.74136e-44   1.2029e-46
-1.44281e-51 -2.40194e-36 -1.21194e-50 -2.02681e-36  7.26808e-51     1.05e-36  1.02737e-49  7.85456e-36  4.81582e-49  6.00337e-35  2.75256e-48 -7.35672e-35  8.18643e-48  2.99096e-35 -1.80772e-47 -4.03248e-34 -1.51491e-46  9.80217e-34 -6.56048e-46  -8.0143e-34 -8.58929e-46  2.27092e-34  1.05227e-44  4.84236e-35  5.71821e-44 -7.06421e-35  1.94549e-43 -5.18647e-35  5.49872e-43  9.77169e-35  1.47879e-42 -9.03849e-35 -7.02525e-44  1.27761e-34  3.89793e-43 -9.52768e-35 -1.05104e-41 -5.99147e-36 -8.73129e-41  1.27714e-35 -1.04423e-40  2.13269e-35 -1.75133e-40  -1.2235e-35 -4.89993e-40 -1.79242e-36 -1.16268e-40 -9.27661e-36 -2.06167e-40  1.33281e-35  3.27074e-40 -6.35467e-36  4.79904e-40  2.81007e-36 -4.95321e-41  8.65305e-38 -1.09802e-39 -5.93189e-37  4.21545e-40 -1.07684e-36 -3.40602e-40  5.05948e-37  2.30888e-39  3.18378e-37 -2.73742e-39  8.61871e-38   1.6632e-39 -1.31038e-37  3.47804e-40  5.97439e-38   5.1204e-40 -4.42828e-38  1.84736e-40  1.41272e-38  4.15465e-40 -6.15639e-40 -1.33505e-40  1.87311e-39  1.41183e-40  6.18947e-40 -2.92559e-41 -7.04524e-40   2.0685e-41  4.34152e-40  4.67312e-42 -6.33155e-41 -1.07717e-41  3.98522e-41  3.93491e-42 -3.84469e-41 -5.94822e-43  2.02439e-42  3.12956e-43  -3.4675e-42 -3.13436e-43  8.35148e-43   5.7643e-44 -1.52826e-42  2.78534e-44   2.2187e-42 -2.95053e-44 -3.53981e-42   6.1906e-44   5.2256e-42 -9.99979e-44 -7.34358e-42  1.37149e-43  9.34996e-42 -1.68753e-43 -1.06248e-41  1.84968e-43  1.06207e-41 -1.78469e-43 -9.16553e-42  1.49109e-43    6.657e-42 -1.05395e-43 -3.92478e-42  6.08993e-44   1.7795e-42 -2.72361e-44  -5.6872e-43  8.54127e-45  1.09068e-43  -1.4941e-45 -8.06914e-45
 8.31491e-37 -3.61791e-51 -2.73348e-36 -1.93485e-50 -6.99499e-36   1.8646e-50  5.72181e-36  4.06158e-49 -1.08375e-36  2.54004e-48  7.30346e-35  1.50264e-47 -7.72855e-35  3.92483e-47  7.56933e-35 -7.40376e-47 -5.87617e-34 -6.56048e-46  1.30073e-33 -2.59038e-45 -1.02261e-33 -2.23738e-45  2.51467e-34  3.71154e-44  1.24792e-34  1.73588e-43 -1.66492e-34  5.59543e-43  2.42371e-35  1.44659e-42  6.91908e-35  4.08015e-42  -1.1493e-34  -4.5758e-43  1.59152e-34 -1.35124e-42 -1.15829e-34 -3.18478e-41 -6.13509e-36 -2.26869e-40  1.42883e-35 -2.39893e-40  4.39343e-35 -4.02114e-40 -2.40008e-35 -1.14743e-39 -5.57352e-36 -3.16308e-40 -1.13001e-35 -5.63211e-40  1.81473e-35  4.36367e-40 -9.20321e-36  6.98012e-40   5.0293e-36 -1.48339e-40  -5.9122e-38 -2.58707e-39 -1.31737e-36   3.8082e-40 -9.25749e-37 -7.70668e-40  4.86004e-37  3.89007e-39  5.41576e-37 -4.90163e-39  4.14675e-38  2.41223e-39 -1.50151e-37  2.46476e-40  7.37876e-38  7.20173e-40 -5.34719e-38  2.20128e-40  2.17013e-38  5.68887e-40 -5.62032e-39 -2.17726e-40  3.54779e-39  1.73008e-40  3.67388e-40 -2.62751e-41 -6.13733e-40  2.33324e-41   5.6042e-40  5.11802e-42 -1.34105e-40 -1.35572e-41   5.4722e-41  4.59125e-42 -4.78063e-41 -7.94024e-43  4.03096e-42  2.64726e-43 -4.44496e-42 -3.51099e-43  2.02002e-42  3.22469e-45   -4.587e-42  1.00591e-43  7.85016e-42  -1.4756e-43 -1.24953e-41  2.42833e-43  1.81264e-41 -3.54348e-43 -2.40946e-41  4.60295e-43  2.86943e-41 -5.36139e-43 -3.01523e-41  5.54858e-43  2.74286e-41 -5.03082e-43 -2.10316e-41  3.91937e-43  1.30696e-41 -2.55102e-43 -6.18364e-42  1.32865e-43  1.99166e-42 -5.14965e-44 -3.38297e-43  1.28558e-44  6.85672e-45 -1.33555e-45
  1.0683e-51  1.57458e-36  -5.4384e-51  -2.4992e-36 -2.02691e-50 -1.21112e-35  1.00076e-49  1.17274e-35  2.24877e-48 -1.76081e-35  1.36632e-47  8.81671e-35  7.32128e-47 -7.94678e-35  1.73983e-46   1.3007e-34 -2.70228e-46  -8.0143e-34 -2.59038e-45  1.64388e-33 -9.34537e-45 -1.22322e-33 -3.79241e-45  2.52903e-34  1.24845e-43  2.00573e-34  4.93134e-43 -2.53932e-34  1.48978e-42  1.01466e-34  3.49659e-42  3.78409e-35  1.05718e-41 -1.34981e-34 -1.64038e-42  1.86039e-34 -9.34075e-42 -1.39017e-34 -8.79977e-41 -9.28589e-36  -5.5457e-40  1.86519e-35  -5.1503e-40  6.91708e-35  -8.8236e-40 -3.60189e-35 -2.56311e-39 -9.93404e-36 -8.02247e-40 -1.30475e-35 -1.38482e-39  2.22139e-35  3.93913e-40 -1.19192e-35  8.61769e-40  7.68254e-36 -4.31069e-40 -1.56033e-37 -5.50766e-39 -2.28783e-36  1.65992e-40 -6.40939e-37  -1.5027e-39  4.20563e-37  6.29338e-39  7.85541e-37 -8.26624e-39   -5.034e-39  3.29243e-39 -1.68983e-37 -7.29337e-41  9.04214e-38  9.74318e-40 -6.36415e-38  2.15325e-40  3.14344e-38  7.46783e-40 -1.24202e-38 -3.24468e-40  5.67577e-39   2.0342e-40  -4.5742e-41 -1.99476e-41 -4.91023e-40  2.48046e-41  7.08283e-40  5.23165e-42 -2.16757e-40 -1.62838e-41  6.91093e-41  5.13518e-42 -5.58783e-41  -9.8119e-43   5.8462e-42  1.15489e-43 -7.36344e-42 -3.00097e-43  8.07134e-42 -1.70766e-43 -1.64037e-41   3.6454e-43  2.75948e-41 -5.70016e-43  -4.2023e-41  8.63177e-43   5.7904e-41  -1.1861e-42 -7.16987e-41  1.46712e-42  7.82768e-41   -1.625e-42 -7.36541e-41  1.59331e-42  5.76976e-41 -1.36016e-42 -3.54227e-41   9.8743e-43  1.49082e-41 -5.88631e-43 -2.40323e-42  2.72478e-43 -1.53788e-42 -8.85872e-44  1.04503e-42  1.60619e-44 -1.68798e-43
-2.66878e-37  3.20062e-51  2.10838e-36  3.32579e-51 -1.95669e-36    1.962e-50 -1.60668e-35  7.04116e-49  2.01556e-35  1.24994e-47 -4.29048e-35  6.83403e-47  1.03093e-34  3.25519e-46 -7.44763e-35  7.23286e-46  1.83898e-34 -8.58929e-46 -1.02261e-33 -9.34537e-45     1.97e-33 -3.07629e-44 -1.37585e-33  3.49586e-45  2.31944e-34  4.01711e-43   2.5765e-34  1.31572e-42 -3.12282e-34  3.66064e-42  1.66319e-34  7.72063e-42  7.20861e-36  2.58519e-41 -1.47407e-34 -4.23723e-42  2.09689e-34 -3.63722e-41 -1.68449e-34 -2.24414e-40 -1.50995e-35 -1.27884e-39  2.57612e-35 -1.02942e-39  9.44549e-35  -1.8522e-39 -4.70567e-35 -5.46471e-39 -1.41421e-35 -1.90085e-39 -1.44071e-35 -3.11035e-39  2.48508e-35  -1.0232e-40 -1.41434e-35  8.15334e-40  1.06087e-35 -1.12577e-39 -2.01647e-37 -1.07983e-38 -3.43139e-36 -2.64568e-40 -2.38475e-37 -2.61473e-39  3.01554e-37  9.79558e-39   1.0288e-36 -1.31801e-38 -4.55359e-38  4.23075e-39 -1.87852e-37 -7.28541e-40  1.09794e-37  1.28229e-39 -7.46476e-38   1.3525e-40  4.30639e-38  9.44761e-40 -2.06319e-38 -4.50339e-40  8.05026e-39  2.30398e-40 -5.83585e-40 -1.14771e-41 -3.57532e-40  2.44796e-41  8.77797e-40  4.87458e-42 -3.07882e-40 -1.86875e-41  8.23233e-41    5.525e-42 -6.34284e-41 -1.09465e-42  1.07227e-41 -2.24123e-43   -1.923e-41  1.74122e-44  3.15343e-41 -7.55249e-43 -5.71268e-41  1.29666e-42  9.05943e-41 -2.01182e-42 -1.29154e-40  2.90139e-42  1.64174e-40 -3.80885e-42 -1.82499e-40  4.50844e-42  1.71243e-40  -4.7656e-42 -1.26767e-40  4.43518e-42  6.12362e-41 -3.56157e-42  1.07843e-43  2.39677e-42 -3.35835e-41 -1.29273e-42   3.4126e-41   5.1883e-43 -1.77431e-41 -1.33885e-43  4.35115e-42  1.43311e-44
 8.55534e-52 -3.53426e-37  1.11164e-50  2.26966e-36  9.28398e-50 -1.38355e-36  2.74897e-49 -1.82122e-35  4.68843e-48   3.2631e-35  6.41759e-47 -7.58262e-35  3.14149e-46  1.11679e-34  1.33049e-45 -5.46399e-35  2.83526e-45  2.27092e-34 -2.23738e-45 -1.22322e-33 -3.07629e-44  2.23822e-33 -9.18541e-44 -1.46056e-33  7.08188e-44  1.92611e-34  1.23964e-42  2.80001e-34  3.31276e-42 -3.26048e-34    8.255e-42  2.09471e-34  1.54164e-41 -2.06478e-35  6.00505e-41 -1.51074e-34 -7.21298e-42  2.34059e-34 -1.14174e-40 -2.08026e-34  -5.3155e-40 -2.26551e-35 -2.78854e-39  3.47736e-35   -1.902e-39  1.16939e-34  -3.7227e-39 -5.60335e-35 -1.11263e-38 -1.76335e-35 -4.22176e-39 -1.51259e-35 -6.43984e-39  2.54226e-35 -1.60896e-39 -1.54907e-35  3.56976e-40  1.35634e-35 -2.63572e-39 -2.29636e-37 -1.97175e-38 -4.61098e-36 -8.50233e-40  2.39426e-37 -4.12335e-39  1.30096e-37  1.46943e-38  1.24586e-36 -1.99389e-38 -7.17924e-38  5.12325e-39 -2.07555e-37  -1.8438e-39  1.32161e-37  1.65993e-39 -8.63594e-38  -5.9787e-41  5.61293e-38  1.15804e-39 -2.96513e-38 -5.90446e-40  1.04261e-38  2.52205e-40 -1.18896e-39 -3.31555e-42 -2.42853e-40  2.16762e-41   1.0695e-39   3.9948e-42 -4.05004e-40 -2.04986e-41  9.61778e-41  5.69859e-42 -7.63581e-41 -9.54961e-43  3.13379e-41 -1.06418e-42 -6.30507e-41   1.1973e-42  1.09934e-40 -2.75557e-42 -1.80947e-40   4.4906e-42  2.63377e-40 -6.78827e-42 -3.36466e-40  9.42859e-42  3.64468e-40  -1.1907e-41 -3.08307e-40  1.35314e-41  1.50694e-40 -1.36648e-41  7.61933e-41  1.20491e-41 -2.86998e-40 -9.04879e-42  3.84757e-40  5.57993e-42 -3.32327e-40 -2.66766e-42  1.89894e-40   8.9312e-43 -6.35905e-41 -1.66098e-43  7.99999e-42
 1.55295e-37  2.93424e-51 -2.26627e-37  6.21177e-50  2.00665e-36  6.85891e-49 -1.06028e-36  1.57975e-48 -1.85829e-35  2.79202e-47   5.0133e-35  3.01277e-46 -1.11706e-34  1.32906e-45  1.04843e-34  5.02209e-45 -1.38552e-35  1.05227e-44  2.51467e-34 -3.79241e-45 -1.37585e-33 -9.18541e-44  2.41767e-33 -2.45346e-43 -1.46975e-33  4.21039e-43  1.40016e-34  3.67632e-42  2.58647e-34  7.92557e-42 -2.89046e-34  1.69217e-41  2.27704e-34   2.7341e-41 -4.50999e-35  1.33633e-40 -1.47309e-34 -1.53485e-43  2.64722e-34 -3.14036e-40 -2.60627e-34  -1.1722e-39 -3.06687e-35 -5.76111e-39  4.43516e-35   -3.205e-39  1.33802e-34 -7.16905e-39 -6.20486e-35 -2.16428e-38 -2.03443e-35 -8.82054e-39 -1.47218e-35 -1.23613e-38  2.34226e-35 -5.02029e-39 -1.56217e-35 -6.48407e-40  1.62525e-35 -5.60111e-39 -3.18776e-37   -3.378e-38    -5.64e-36 -1.33749e-39  7.27519e-37 -5.93263e-39 -8.01533e-38  2.12759e-38  1.41102e-36 -2.87137e-38 -7.57731e-38   5.8621e-39 -2.29619e-37 -3.52261e-39  1.58086e-37  2.13186e-39 -9.87487e-38 -4.07111e-40  7.00514e-38  1.38215e-39 -3.87691e-38 -7.40366e-40  1.25852e-38  2.67341e-40 -1.79143e-39  1.09768e-42 -1.85587e-40  1.57713e-41  1.28565e-39  2.69171e-42  -5.0969e-40 -2.14181e-41  1.20447e-40  5.42142e-42 -1.15922e-40  4.55205e-44  1.06731e-40 -3.52667e-42  -2.0141e-40  5.29048e-42   3.2887e-40 -9.59226e-42  -4.7611e-40  1.52247e-41  5.78701e-40 -2.23688e-41 -5.31128e-40   3.0066e-41  2.06202e-40 -3.66254e-41  4.70045e-40  3.99538e-41 -1.41148e-39 -3.84247e-41  2.31275e-39  3.18844e-41 -2.74897e-39 -2.21392e-41  2.45565e-39  1.22874e-41 -1.59393e-39 -5.05602e-42  6.81767e-40  1.33202e-42 -1.50861e-40 -1.44926e-43
-4.39613e-52  2.88086e-37  1.13643e-50  -4.5994e-38  4.05521e-49  1.40094e-36  4.03108e-48  -1.3192e-36  7.56276e-48 -1.76328e-35  1.48883e-46  7.19405e-35  1.29526e-45 -1.42375e-34  5.18917e-45  7.36707e-35  1.75722e-44  4.84236e-35  3.71154e-44  2.52903e-34  3.49586e-45 -1.46056e-33 -2.45346e-43  2.49604e-33 -5.67766e-43 -1.40927e-33  1.88843e-42  7.79533e-35  1.04941e-41  1.94087e-34  1.82011e-41 -2.05122e-34  3.10091e-41  2.23407e-34  4.16068e-41 -6.62226e-35  2.87988e-40 -1.39819e-34  6.18365e-41  3.07362e-34 -7.82695e-40 -3.27077e-34 -2.40449e-39 -3.77096e-35 -1.12963e-38  5.31284e-35 -4.79155e-39  1.42459e-34 -1.32343e-38  -6.4315e-35  -4.0235e-38 -2.29251e-35 -1.73942e-38 -1.24678e-35  -2.2068e-38  1.85634e-35 -1.16052e-38 -1.43227e-35 -2.02775e-39  1.83821e-35 -1.09415e-38 -5.89131e-37 -5.45775e-38 -6.31411e-36 -1.19786e-39  1.14726e-36 -7.79902e-39 -3.03189e-37    2.977e-38   1.5029e-36 -3.94864e-38 -5.03457e-38  6.37876e-39  -2.5639e-37 -5.81719e-39  1.88466e-37   2.7269e-39 -1.11912e-37  -9.3299e-40  8.41977e-38  1.61262e-39  -4.7303e-38 -8.98222e-40  1.43888e-38  2.74397e-40 -2.31191e-39 -2.00531e-42 -2.33255e-40  6.43927e-42  1.53348e-39  1.16738e-42 -6.35417e-40 -2.08889e-41  1.87106e-40  3.71655e-42 -2.40179e-40  4.05867e-42  3.23481e-40 -1.16249e-41 -5.26275e-40  1.94004e-41  6.97158e-40 -3.28805e-41 -6.50384e-40  5.09965e-41  3.05696e-41 -7.28466e-41  1.62382e-39   9.4809e-41 -4.66186e-39 -1.11219e-40  8.91523e-39  1.15932e-40 -1.33214e-38 -1.05366e-40  1.60336e-38  8.13528e-41 -1.53865e-38    -5.14e-41  1.13251e-38  2.50786e-41 -5.92115e-39 -8.53352e-42  1.87983e-39  1.60649e-42 -2.28551e-40
