  1.9064e-34  2.08157e-38 -6.65529e-35  2.23465e-37 -1.78331e-34 -3.58297e-37  2.02362e-34 -9.69693e-37  1.26088e-35 -7.57726e-37 -9.73407e-36 -3.20533e-36 -1.10925e-34  5.37225e-37 -1.79247e-35  -5.6211e-38   3.1286e-35 -6.43479e-38  1.26972e-35  5.78539e-37 -1.35496e-35  2.58265e-37 -7.39739e-38  2.60749e-37   3.7137e-36  -1.0926e-38    4.323e-38  5.09512e-38 -1.13595e-36  6.73253e-38 -3.88658e-38 -3.65043e-39  3.19152e-37 -1.08102e-38 -2.79824e-37 -3.64575e-39  7.41515e-38  3.34912e-39  2.77465e-38  6.28634e-40 -2.28875e-38 -8.79009e-40  2.74212e-39   2.9196e-40 -1.11716e-39 -1.18502e-40   1.4904e-39   2.1036e-41 -4.42598e-40 -2.33326e-41  1.36452e-40  1.60936e-41  2.39116e-41 -9.16654e-42  1.26213e-42 -4.89485e-42   1.7477e-41  2.13267e-42  -1.2149e-41 -8.46676e-43  6.78497e-42  3.04309e-43 -3.47479e-42  6.73846e-44   1.3745e-42  5.08874e-44  4.87193e-43  1.90238e-44  -2.4439e-43 -1.83649e-44 -1.55133e-43  4.13457e-45  3.22262e-44  1.09736e-45  5.55181e-45   1.8612e-46  2.20205e-45 -1.51171e-46 -3.60181e-45 -1.86707e-48  5.13015e-46   5.3347e-47 -1.40386e-47 -2.94005e-47 -8.58116e-47   2.0042e-47 -4.98779e-48 -2.51444e-47  2.71243e-47  4.93856e-47 -3.62528e-47 -8.03196e-47  5.42682e-47  1.21427e-46 -7.70399e-47 -1.70336e-46  9.83629e-47  2.20093e-46 -1.12207e-46 -2.60744e-46  1.13823e-46  2.81436e-46 -1.01904e-46  -2.7467e-46  8.04208e-47  2.40154e-46 -5.63118e-47 -1.85972e-46  3.56113e-47  1.25726e-46 -2.08407e-47 -7.28333e-47  1.14072e-47  3.52588e-47 -5.69199e-48 -1.37651e-47   2.4434e-48  4.10213e-48  -8.4293e-49 -8.46406e-49  2.17703e-49  9.58865e-50 -3.81461e-50  -7.7705e-52  3.62859e-51 -6.21113e-52
 2.08157e-38  5.46923e-34  1.21489e-37 -1.37012e-34  8.69546e-37 -3.33351e-34 -1.26341e-36  3.11113e-34 -3.46368e-36  8.71307e-35 -2.91918e-36  7.07112e-35 -8.95731e-36 -2.48772e-34  1.64646e-36 -3.56035e-35  4.17808e-37  6.50604e-35  -3.2771e-37  3.87134e-35  1.39415e-36 -3.40392e-35   6.8924e-37   4.2957e-37  5.27578e-37  9.17053e-36 -5.84557e-38  8.70398e-38  8.15376e-38 -2.89667e-36  1.79871e-37  1.46943e-37 -1.76307e-38  7.96667e-37 -3.23743e-38 -7.69719e-37  -1.0133e-38  2.11518e-37  8.55162e-39  7.22424e-38  1.61472e-39 -6.63709e-38 -3.13305e-39  1.42288e-38  1.03266e-39 -6.24533e-39 -3.06413e-40  3.27569e-39  1.43776e-41 -1.06651e-39 -6.03816e-41  6.99772e-40  7.16739e-41 -1.41601e-40 -3.12107e-41   5.7972e-41 -1.63319e-41  3.96534e-41  7.74669e-42 -2.37012e-41 -2.50411e-42   2.0053e-41  8.06593e-43 -1.20091e-41   2.2599e-43  4.07865e-42  1.34636e-43  1.76879e-42  8.19414e-44 -8.36251e-43 -6.90173e-44 -5.53377e-43  1.56978e-44  1.21596e-43  2.28238e-45  1.25022e-44   3.8612e-46  1.15059e-44 -1.71185e-46  -1.2528e-44 -9.45645e-47  1.29769e-45  2.09064e-46 -2.30351e-46  -1.8846e-46 -1.19474e-46  2.25789e-46 -2.83851e-46  -3.7682e-46  5.16093e-46  6.69411e-46 -7.98649e-46 -1.07005e-45  1.17301e-45  1.58733e-45 -1.56008e-45 -2.17881e-45  1.84521e-45   2.7505e-45 -1.92038e-45 -3.17514e-45  1.73874e-45  3.32817e-45 -1.35236e-45 -3.14103e-45  8.95309e-46  2.64184e-45 -5.06075e-46 -1.95526e-45  2.52985e-46  1.25316e-45  -1.2145e-46  -6.8113e-46  6.00343e-47  3.05136e-46 -2.89327e-47 -1.08104e-46  1.18731e-47   2.8355e-47 -3.72026e-48 -4.86392e-48   8.2167e-49  3.89357e-49 -1.13072e-49  9.63359e-51  6.36459e-51
-6.65529e-35  1.21489e-37  1.03631e-33  3.27437e-37 -1.36348e-34   2.2052e-36 -3.72589e-34 -2.99943e-36  3.43102e-34 -8.44916e-36    2.648e-34 -6.54993e-36   1.8554e-34 -1.68878e-35 -3.89462e-34  3.11937e-36 -4.67473e-35  1.91218e-36  9.28202e-35 -1.00142e-36   7.7052e-35  2.40148e-36 -6.16176e-35  1.28499e-36  2.93995e-37  8.13504e-37  1.72069e-35 -1.48962e-37  3.28209e-38  2.53904e-38 -4.87839e-36  3.43753e-37  4.37366e-37 -3.67472e-38  1.38242e-36 -6.64732e-38 -1.43259e-36 -1.92267e-38  4.01128e-37  1.70328e-38  1.28406e-37  2.60607e-39 -1.34364e-37 -7.71684e-39  4.10049e-38  2.52645e-39 -1.79669e-38 -5.08605e-40  4.73153e-39 -1.13974e-41  -2.2096e-39 -1.30298e-40  2.22324e-39  2.12273e-40 -7.71106e-40 -7.69258e-41  2.31084e-40 -3.60673e-41  4.86715e-41  2.01281e-41 -1.35407e-41 -5.36524e-42  4.35238e-41  1.49807e-42 -2.89847e-41  5.33162e-43  8.28687e-42  2.35154e-43  4.21989e-42  2.36322e-43 -1.90402e-42 -1.93943e-43 -1.41975e-42  3.94001e-44  3.29877e-43  3.23362e-45  2.26429e-44  2.35899e-48  3.69265e-44  4.74209e-46 -3.23459e-44 -5.45303e-46  2.94325e-45  9.07743e-46 -2.07358e-45 -1.39176e-45   2.1748e-45  2.31188e-45 -5.23176e-45 -4.11677e-45  8.86645e-45  7.04056e-45 -1.36476e-44  -1.1095e-44   1.9033e-44  1.61964e-44 -2.36499e-44 -2.18087e-44  2.58314e-44  2.69289e-44 -2.44304e-44 -3.02979e-44  1.96257e-44  3.08264e-44  -1.3054e-44  -2.8108e-44  6.95043e-45  2.27194e-44 -2.84234e-45 -1.60613e-44  8.77726e-46    9.763e-45  -2.5384e-46 -4.99028e-45  1.22121e-46  2.08062e-45 -7.29071e-47 -6.77076e-46  3.18236e-47  1.60398e-46 -9.12987e-48 -2.43667e-47  1.68345e-48  1.75033e-48 -1.71407e-49 -5.11936e-51
 2.23465e-37 -1.37012e-34  3.27437e-37  1.58641e-33  2.74677e-37 -4.04928e-35  4.55498e-36 -3.62039e-34 -5.40055e-36  3.33601e-34 -1.63264e-35  5.56864e-34 -1.03298e-35  2.63045e-34 -2.46257e-35  -5.0346e-34  4.28434e-36 -4.42149e-35  4.53344e-36  9.86768e-35 -2.23117e-36  1.23573e-34  3.36818e-36 -9.20849e-35  1.92353e-36 -1.69644e-36  1.11665e-36  2.72507e-35 -2.27087e-37 -7.24971e-37 -2.04349e-37 -5.83053e-36   5.4032e-37  4.94842e-37  -4.3559e-38  1.86271e-36 -1.11135e-37 -2.06489e-36 -2.95257e-38  5.87058e-37  3.11661e-38  1.86097e-37  2.35607e-39 -2.22511e-37 -1.51796e-38  8.59307e-38   5.0595e-39 -3.68371e-38 -6.19721e-40  4.89011e-39  2.69778e-41 -4.59343e-39 -2.62432e-40  5.39182e-39  4.90125e-40 -2.13592e-39 -1.57709e-40  5.43018e-40 -6.01426e-41  1.03653e-41  4.31035e-41  6.16773e-41 -9.32726e-42  7.90338e-41  2.23888e-42  -5.5084e-41  1.04226e-42  1.35229e-41  2.85459e-43  7.54027e-42  5.25183e-43 -3.33985e-42 -4.66133e-43 -3.00253e-42  7.07341e-44  7.44638e-43  5.36156e-45  5.18915e-44 -2.98848e-45  9.20871e-44  3.36569e-45 -7.54891e-44 -3.23178e-45  1.50792e-44  6.20348e-45  -2.5146e-44 -1.20142e-44  4.42035e-44  2.21773e-44 -8.19126e-44 -3.96186e-44  1.33365e-43  6.62667e-44 -1.95982e-43 -1.02572e-43  2.57378e-43  1.46623e-43 -2.98249e-43 -1.92616e-43  3.00366e-43  2.31175e-43 -2.57691e-43 -2.51786e-43  1.83012e-43  2.46908e-43 -1.02775e-43 -2.15953e-43  4.17429e-44  1.66549e-43 -9.36037e-45 -1.11667e-43 -9.79119e-46  6.39251e-44  1.52892e-45 -3.05119e-44  -4.2705e-46  1.17531e-44 -1.00222e-47 -3.48412e-45  3.54245e-47  7.37265e-46 -1.00349e-47 -9.71811e-47  1.58602e-48  5.80571e-48 -1.16043e-49
-1.78331e-34  8.69546e-37 -1.36348e-34  2.74677e-37  2.19082e-33 -1.26982e-36  1.31154e-34  8.66805e-36 -4.65619e-34 -7.47462e-36  3.27027e-34 -2.66396e-35  9.27449e-34  -1.2134e-35  2.45639e-34 -2.91471e-35 -5.70842e-34  4.40677e-36 -2.57624e-35  7.88654e-36  7.03263e-35 -3.95097e-36  1.74455e-34   4.0236e-36 -1.19475e-34   2.4496e-36 -5.32917e-36  1.43037e-36  3.74658e-35 -1.80224e-37 -3.15974e-36 -6.74121e-37 -4.24625e-36  7.39486e-37 -9.31213e-38 -1.29635e-38  1.96826e-36 -1.65436e-37 -2.41918e-36 -3.95773e-38  7.05344e-37  5.44629e-38  2.40962e-37 -1.07164e-39 -3.20525e-37 -2.53981e-38  1.45002e-37  8.96247e-39 -6.00456e-38 -5.59041e-40  3.17571e-39  3.05805e-40  -9.2811e-39 -4.75899e-40  1.08637e-38  9.44569e-40 -4.26519e-39 -2.84891e-40  9.09715e-40 -7.70904e-41 -1.18502e-40  8.01423e-41  2.60522e-40 -1.34451e-41  1.25244e-40  2.86664e-42 -8.54629e-41   1.8262e-42   1.9774e-41  1.61428e-43   1.0299e-41  9.30762e-43 -4.83965e-42 -1.00026e-42 -5.51248e-42   8.1283e-44  1.48863e-42  1.52438e-44  1.42662e-43  -1.5356e-44  2.16466e-43  1.69629e-44 -2.17958e-43 -2.52795e-44  1.78523e-43  5.32142e-44 -3.52616e-43 -1.06688e-43  6.53847e-43   1.9943e-43 -1.12698e-42 -3.50126e-43   1.7468e-42  5.71149e-43 -2.42731e-42 -8.60967e-43  2.99123e-42  1.19457e-42 -3.22437e-42 -1.51775e-42  2.98575e-42   1.7553e-42 -2.31508e-42 -1.83505e-42  1.44386e-42  1.71996e-42 -6.71225e-43 -1.43111e-42  1.87737e-43  1.04438e-42  7.01901e-45 -6.58409e-43  -3.5989e-44  3.51664e-43  1.78624e-44 -1.55055e-43 -4.60622e-45  5.44325e-44  7.22877e-46 -1.44174e-44 -1.06922e-46  2.63845e-45  1.75261e-47 -2.81451e-46 -1.05475e-48  1.07259e-47
-3.58297e-37 -3.33351e-34   2.2052e-36 -4.04928e-35 -1.26982e-36  2.89007e-33 -6.36552e-36  2.92669e-34  1.57977e-35 -8.12573e-34 -7.62157e-36  3.47728e-34 -3.80723e-35  1.30265e-33 -1.06504e-35  1.15512e-34 -2.82989e-35 -5.78768e-34  3.11917e-36  6.00558e-36  1.13747e-35  3.67877e-36 -5.79985e-36  2.25498e-34  4.13076e-36  -1.3711e-34  2.75933e-36 -9.02229e-36  1.72694e-36    4.547e-35  1.04466e-37 -8.20942e-36 -1.40213e-36  9.66787e-37   9.1065e-37 -1.57666e-36  7.95593e-38  1.49574e-36 -2.32701e-37 -2.34453e-36 -4.80438e-38  7.23867e-37  8.99741e-38  2.92802e-37 -9.57495e-39  -4.1055e-37 -3.75336e-38  2.06543e-37  1.46575e-38 -8.12867e-38 -2.87503e-40 -1.89172e-40   1.0344e-39 -1.72038e-38 -7.31505e-40  1.90201e-38   1.5779e-39 -6.71953e-39 -4.68194e-40  1.12124e-39 -6.87201e-41 -3.89623e-40   1.3236e-40  6.41037e-40 -1.57658e-41  1.75512e-40  3.29342e-42 -1.08226e-40  3.04224e-42  2.95344e-41 -3.18713e-43  9.86433e-42  1.27028e-42 -6.23047e-42 -1.95078e-42 -9.05269e-42   1.1285e-45  2.77672e-42   5.3728e-44  2.48069e-43 -7.21904e-44  8.05993e-43  1.09447e-43 -1.36498e-42 -2.17055e-43  2.38622e-42  4.57541e-43 -4.66835e-42 -9.01508e-43  8.38367e-42  1.65283e-42 -1.36938e-41 -2.82021e-42  2.01089e-41  4.45493e-42 -2.63191e-41 -6.48693e-42  3.03321e-41  8.66825e-42 -3.02981e-41 -1.05735e-41  2.56676e-41  1.17008e-41 -1.78543e-41 -1.16619e-41   9.6438e-42  1.03779e-41 -3.56245e-42 -8.15967e-42  4.87604e-43  5.59498e-42  3.58738e-43 -3.29102e-42 -2.79083e-43  1.62528e-42  9.68015e-44 -6.54537e-43 -2.01831e-44   2.0619e-43  3.53644e-45 -4.76499e-44 -7.47341e-46   7.2232e-45  1.07753e-46  -5.5999e-46 -4.48489e-48
 2.02362e-34 -1.26341e-36 -3.72589e-34  4.55498e-36  1.31154e-34 -6.36552e-36  3.70341e-33 -1.68036e-35  3.25857e-34  2.68637e-35  -1.4022e-33   -4.824e-36  4.03744e-34 -4.86227e-35  1.59623e-33 -6.88895e-36  -9.8263e-35 -2.17306e-35 -5.26365e-34  5.31281e-37  4.86349e-35  1.45076e-35 -9.76301e-35 -7.16675e-36  2.70219e-34  3.51844e-36 -1.38991e-34  2.85447e-36  -1.1006e-35   1.9796e-36  4.97237e-35  6.73513e-37  -1.6441e-35 -2.34756e-36  1.00155e-35  1.03307e-36 -3.90073e-36  2.49825e-37  4.21249e-37 -3.20443e-37 -1.87762e-36   -5.327e-38  6.64188e-37  1.38094e-37  3.35991e-37 -2.40703e-38 -4.66594e-37 -5.03049e-38  2.53034e-37  2.26266e-38 -9.19664e-38  2.73707e-40 -3.94006e-39  2.32442e-39 -2.84947e-38 -8.87619e-40   2.9746e-38    2.337e-39 -8.51319e-39 -7.12605e-40  9.11605e-40 -1.40143e-41 -8.70877e-40  1.96009e-40  1.23832e-39 -1.39057e-41  2.16536e-40  3.53683e-42 -1.06407e-40  5.09418e-42  5.01007e-41 -1.37844e-42  3.02199e-42  1.06108e-42 -8.01878e-42 -3.48957e-42 -1.38541e-41 -3.13144e-43  5.63769e-42  2.27522e-43 -1.58893e-42 -4.24587e-43  6.96749e-42  8.36512e-43 -1.48422e-41 -1.78166e-42  2.96769e-41  3.65554e-42 -5.58429e-41 -6.98629e-42  9.57178e-41  1.24086e-41 -1.48257e-40  -2.0435e-41  2.05603e-40  3.10778e-41 -2.52596e-40 -4.34647e-41  2.71144e-40  5.56392e-41 -2.49651e-40 -6.48306e-41  1.92045e-40  6.83152e-41 -1.18388e-40 -6.46018e-41  5.39811e-41  5.43162e-41 -1.44071e-41  -4.0145e-41 -1.02321e-42  2.57141e-41  2.99782e-42 -1.40159e-41 -1.40165e-42  6.34544e-42  3.43902e-43 -2.30732e-42 -5.58535e-44  6.41261e-43  1.14406e-44 -1.25685e-43 -2.54746e-45  1.48811e-44  2.46802e-46 -6.77189e-46
-9.69693e-37  3.11113e-34 -2.99943e-36 -3.62039e-34  8.66805e-36  2.92669e-34 -1.68036e-35  4.60024e-33 -3.24719e-35  1.50146e-34  4.10485e-35 -2.08684e-33  4.44319e-38  4.91883e-34 -5.57712e-35  1.74028e-33 -4.22298e-36 -3.37686e-34 -1.08059e-35 -4.29159e-34 -3.01968e-36  1.06357e-34  1.69503e-35 -2.25193e-34 -7.35983e-36  2.99604e-34  2.10062e-36 -1.21831e-34   2.8162e-36  -1.0363e-35   2.2027e-36  5.05024e-35  1.47705e-36 -2.78881e-35 -3.41791e-36  2.21422e-35  1.10007e-36  -6.7373e-36  4.99053e-37 -1.05939e-36  -4.3778e-37 -1.22744e-36 -5.28975e-38  5.94033e-37  1.95083e-37  3.51277e-37 -4.39688e-38 -4.60158e-37  -6.2441e-38  2.65299e-37  3.32671e-38 -8.36674e-38  1.40813e-39 -5.49401e-39  4.03097e-39 -4.19419e-38 -7.00163e-40  4.23522e-38  3.10798e-39 -8.28712e-39 -1.01135e-39  1.05603e-40  1.06479e-40  -1.6555e-39  2.60627e-40  2.04124e-39 -6.69125e-42  2.27958e-40   3.6754e-42 -6.37408e-41  8.94397e-42  9.47834e-41 -3.24718e-42 -1.30665e-41 -6.06197e-43 -1.09094e-41 -5.70177e-42 -2.38163e-41 -1.29443e-42   2.1027e-41  1.31189e-42 -3.18045e-41 -2.94116e-42  8.01626e-41  6.34201e-42 -1.71189e-40 -1.33799e-41  3.36017e-40  2.65176e-41 -6.03959e-40 -4.88917e-41  9.84302e-40  8.36497e-41 -1.44283e-39   -1.324e-40  1.88376e-39  1.93128e-40 -2.16407e-39 -2.58497e-40  2.15292e-39  3.15904e-40 -1.81465e-39 -3.50435e-40  1.25433e-39  3.50436e-40 -6.72483e-40 -3.13304e-40   2.4687e-40  2.47922e-40 -3.51016e-41 -1.71495e-40 -2.17638e-41  1.02078e-40  1.63659e-41 -5.12215e-41 -5.02238e-42  2.10736e-41  7.91372e-43 -6.83256e-42 -1.06142e-43   1.6424e-42  3.23811e-44 -2.63125e-43 -6.04368e-45  2.21285e-44  2.91244e-46
 1.26088e-35 -3.46368e-36  3.43102e-34 -5.40055e-36 -4.65619e-34  1.57977e-35  3.25857e-34 -3.24719e-35  5.51311e-33 -5.06064e-35 -2.39616e-34  5.52017e-35 -2.64326e-33  4.20507e-36  5.93349e-34 -5.68617e-35  1.71087e-33  -6.6943e-36 -5.49204e-34  2.11515e-36  -3.1473e-34  -7.2624e-36  1.90864e-34  1.84135e-35 -3.67243e-34 -5.83739e-36  3.04543e-34  -8.4561e-38 -8.69661e-35  2.71426e-36 -7.27383e-36  2.46893e-36   4.9686e-35  2.38584e-36 -4.19628e-35 -4.48593e-36  3.58648e-35   1.1154e-36  -9.6401e-36  8.11704e-37 -2.59752e-36 -5.92932e-37 -6.70484e-37 -4.41224e-38  6.00744e-37   2.5318e-37  3.06711e-37 -6.75038e-38 -3.73687e-37 -7.31313e-38  2.28402e-37    4.666e-38 -5.14766e-38  3.78048e-39 -5.15338e-40  5.62477e-39 -5.48509e-38  1.13048e-40  5.57172e-38  3.72712e-39  -4.7103e-39 -1.33487e-39 -1.23058e-39   3.1055e-40 -2.85748e-39  3.09392e-40  2.97357e-39  3.21158e-42  1.81651e-40  3.83584e-42  2.71201e-41  1.65568e-41  1.83099e-40 -6.05725e-42 -4.42456e-41 -5.27165e-42 -1.16387e-42 -7.91279e-42 -8.84604e-41  -5.3298e-42  1.76946e-40  8.89248e-42 -3.96322e-40 -2.05581e-41  8.97515e-40  4.44479e-41 -1.84568e-39  -9.0906e-41  3.47275e-39  1.73505e-40 -5.94494e-39 -3.07703e-40  9.18944e-39  5.05613e-40 -1.27139e-38 -7.67205e-40  1.55734e-38  1.07077e-39 -1.66547e-38 -1.36835e-39  1.52633e-38  1.59263e-39 -1.16736e-38 -1.67779e-39  7.14578e-39  1.58798e-39 -3.23362e-39 -1.33826e-39  8.63637e-40  9.93249e-40  4.23072e-41 -6.40372e-40 -1.53645e-40  3.52375e-40  6.52964e-41 -1.61666e-40 -1.21286e-41  5.98664e-41  8.15246e-43 -1.70559e-41 -1.79737e-43  3.45787e-42  8.52663e-44 -4.29047e-43 -9.80602e-45   2.0881e-44
-7.57726e-37  8.71307e-35 -8.44916e-36  3.33601e-34 -7.47462e-36 -8.12573e-34  2.68637e-35  1.50146e-34 -5.06064e-35   6.3643e-33 -6.68827e-35 -7.80971e-34   6.5061e-35 -2.88866e-33   4.5607e-36  6.81369e-34 -4.99122e-35   1.5347e-33 -1.67213e-35 -7.08148e-34  1.44252e-35 -2.12649e-34 -1.20708e-35  3.13954e-34  1.86255e-35 -5.08234e-34  -2.4162e-36    2.795e-34 -2.83164e-36 -4.07683e-35  2.52429e-36 -2.64886e-36  2.88357e-36  4.95276e-35  3.23224e-36 -5.73686e-35 -5.40732e-36  4.93287e-35   1.0853e-36 -1.21962e-35  1.15757e-36 -3.83897e-36 -7.92436e-37 -4.24662e-37 -2.46269e-38  7.64643e-37  3.02201e-37  1.68229e-37 -9.28549e-38 -2.17066e-37 -8.23135e-38  1.37992e-37  6.22965e-38  2.65272e-39  8.53918e-39  1.75181e-38  6.14304e-39 -6.34743e-38  1.76249e-39  6.86461e-38  4.00831e-39  3.05433e-39 -1.62036e-39 -2.72683e-39  6.22772e-40 -4.57885e-39  3.22924e-40  3.88291e-39  6.26396e-42  3.99428e-41  4.34871e-42  1.51632e-40  3.12281e-41  3.56505e-40 -9.24121e-42  -1.5941e-40  -1.6538e-41  2.26092e-40 -4.18942e-42  -7.7386e-40 -2.79047e-41  1.88162e-39  5.95507e-41 -4.33536e-39 -1.34481e-40  9.32174e-39  2.83153e-40 -1.83473e-38 -5.58098e-40   3.2937e-38  1.02405e-39 -5.35808e-38 -1.74372e-39  7.83573e-38  2.74691e-39 -1.02009e-37   -3.989e-39  1.16764e-37  5.31776e-39 -1.15633e-37 -6.47649e-39  9.68963e-38  7.16537e-39 -6.64716e-38 -7.15339e-39  3.52837e-38  6.39251e-39 -1.27855e-38 -5.06382e-39  1.80413e-39  3.51306e-39  1.03767e-39 -2.10207e-39 -7.30479e-40   1.0634e-39  1.86118e-40 -4.42691e-40 -1.26956e-41  1.45908e-40 -1.45397e-42   -3.587e-41 -5.26747e-43  5.92491e-42  1.85801e-43 -5.19567e-43 -9.06991e-45
-9.73407e-36 -2.91918e-36    2.648e-34 -1.63264e-35  3.27027e-34 -7.62157e-36  -1.4022e-33  4.10485e-35 -2.39616e-34 -6.68827e-35  7.07631e-33 -7.76696e-35 -1.37592e-33  6.76494e-35 -2.76991e-33 -3.87674e-37  7.44379e-34 -3.44769e-35  1.27188e-33 -3.37493e-35 -8.18642e-34  2.38108e-35 -1.46823e-34  -1.7371e-35  4.77827e-34  1.74611e-35 -6.29503e-34  2.62149e-36  2.25121e-34 -5.76961e-36  7.01738e-36  2.12109e-36  2.40229e-36  3.53467e-36  5.12031e-35   3.8456e-36 -7.20581e-35 -6.03921e-36   6.0598e-35  1.01255e-36 -1.40821e-35  1.49671e-36 -4.57337e-36 -1.04153e-36 -5.70649e-37  6.38359e-39  1.14435e-36  3.31732e-37 -8.60031e-38 -1.19573e-37  -3.7922e-38 -9.06968e-38  5.14783e-39  7.87945e-38  6.75996e-38  1.72854e-38  5.73417e-38  4.23971e-39 -6.39967e-38  4.27767e-39  8.03435e-38  3.78427e-39  1.50457e-38 -1.77025e-39 -3.78168e-39   1.0916e-39 -6.84532e-39  2.86513e-40  4.53706e-39 -1.63734e-41 -2.29742e-40  6.30282e-42  1.96221e-40   5.6572e-41  9.06434e-40 -7.56787e-42 -1.18559e-39 -5.03684e-41  2.99148e-39  4.43303e-41  -8.0974e-39 -1.63884e-40  1.95308e-38   3.6966e-40 -4.36088e-38 -8.05526e-40  8.96641e-38  1.63708e-39 -1.68558e-37 -3.10308e-39  2.88055e-37  5.46741e-39 -4.44282e-37  -8.9276e-39  6.12982e-37  1.34654e-38 -7.48244e-37 -1.86889e-38  7.96677e-37  2.37629e-38 -7.25969e-37 -2.75376e-38  5.51044e-37  2.89083e-38 -3.33786e-37 -2.72925e-38  1.48665e-37  2.29718e-38 -3.85032e-38 -1.70543e-38 -2.32818e-39  1.10191e-38  6.67007e-39 -6.09074e-39 -2.52042e-39  2.81507e-39   3.0803e-40 -1.05397e-39  3.78878e-41  3.04988e-40 -6.26936e-42 -6.31704e-41 -1.94128e-42  8.06904e-42  2.79286e-43  -4.0847e-43
-3.20533e-36  7.07112e-35 -6.54993e-36  5.56864e-34 -2.66396e-35  3.47728e-34   -4.824e-36 -2.08684e-33  5.52017e-35 -7.80971e-34 -7.76696e-35  7.57328e-33 -8.16444e-35 -1.92542e-33  6.29673e-35   -2.379e-33 -9.82868e-36   8.0102e-34 -1.18856e-35  9.86744e-34 -5.45337e-35 -8.94794e-34  2.86724e-35 -1.33659e-34 -2.30451e-35  6.70819e-34  1.50863e-35 -7.13163e-34   8.5759e-36  1.48554e-34 -8.43949e-36  4.61325e-35  1.35343e-36  7.02241e-36  4.45863e-36  5.39248e-35  4.07004e-36 -8.33435e-35 -6.26678e-36  6.78373e-35  8.97097e-37 -1.50284e-35  1.78467e-36 -4.80176e-36 -1.34401e-36 -1.05171e-36  4.77868e-38   1.7743e-36  3.32827e-37  -4.5554e-37 -1.49633e-37  8.25946e-38 -9.94679e-38 -1.42227e-37  9.36421e-38  1.22841e-37  3.18873e-38  1.29096e-37   -1.671e-39 -5.38824e-38  7.43665e-39  9.08328e-38  2.95246e-39   3.0522e-38  -1.6661e-39 -3.73682e-39  1.80886e-39 -9.50898e-39  1.99063e-40  4.57362e-39 -9.38992e-41 -4.08483e-40  1.42641e-41 -8.86016e-40  8.78551e-41  4.93568e-39   3.2819e-41 -1.20613e-38  -1.9719e-40  3.22978e-38  3.63877e-40 -8.17447e-38  -9.4283e-40  1.90169e-37  2.09896e-39 -4.07653e-37 -4.40259e-39  8.01393e-37  8.61077e-39 -1.43638e-36  -1.5679e-38  2.33185e-36  2.65019e-38 -3.40132e-36 -4.14549e-38  4.41358e-36  5.97983e-38 -5.03113e-36 -7.92227e-38  4.95573e-36  9.59405e-38 -4.12319e-36 -1.05618e-37  2.80049e-36  1.05005e-37 -1.46419e-36 -9.35432e-38  5.15906e-37  7.39609e-38 -6.46005e-38 -5.12935e-38  -4.4928e-38  3.07404e-38  2.83054e-38 -1.56131e-38 -5.93417e-39  6.54514e-39 -1.71587e-40  -2.1805e-39  2.16631e-40  5.44396e-40 -1.43771e-42 -9.18664e-41 -4.97799e-42  8.29286e-42  2.22537e-43
-1.10925e-34 -8.95731e-36   1.8554e-34 -1.03298e-35  9.27449e-34 -3.80723e-35  4.03744e-34  4.44319e-38 -2.64326e-33   6.5061e-35 -1.37592e-33 -8.16444e-35  7.80048e-33 -7.95711e-35 -2.35618e-33  5.36409e-35 -1.89599e-33 -2.14952e-35  8.89357e-34  1.52918e-35  7.25029e-34  -7.4577e-35 -9.41058e-34   2.8469e-35 -1.83134e-34 -2.88773e-35  8.71226e-34  1.19578e-35 -7.48157e-34   1.4532e-35  6.18221e-35 -1.04262e-35  6.83247e-35   1.4324e-37  1.09747e-35   5.6458e-36  5.49657e-35  3.77176e-36 -8.82471e-35 -6.04163e-36  6.94466e-35  7.44209e-37 -1.47706e-35  1.97623e-36 -4.68562e-36 -1.70052e-36 -1.73954e-36  9.72833e-38  2.66847e-36  2.98594e-37  -9.1731e-37 -1.87553e-37  5.03797e-38 -1.09719e-37 -2.62585e-37  1.03065e-37  1.40923e-37  5.41458e-38   2.4246e-37 -1.31974e-38 -3.32214e-38  1.07367e-38  1.01169e-37  1.50888e-39  4.83056e-38 -1.19803e-39 -2.10278e-39  2.91989e-39 -1.19587e-38  8.12692e-41  2.72454e-39 -2.68159e-40  2.77434e-39  5.27045e-41 -1.39735e-38  6.22514e-41  4.47519e-38  3.06145e-40 -1.22644e-37 -9.53106e-40  3.20092e-37  2.15126e-39 -7.75557e-37 -5.05591e-39  1.73257e-36   1.0901e-38 -3.55695e-36 -2.19919e-38  6.67656e-36  4.13408e-38 -1.13882e-35 -7.22498e-38  1.75228e-35  1.17052e-37  -2.4104e-35  -1.7522e-37  2.93109e-35  2.41447e-37 -3.10549e-35 -3.04931e-37  2.81147e-35  3.51171e-37 -2.11488e-35  -3.6659e-37  1.26401e-35  3.44434e-37 -5.50146e-36 -2.88795e-37  1.34182e-36  2.13843e-37  1.37704e-37 -1.38023e-37 -2.54757e-37  7.63636e-38  8.56611e-38  -3.5418e-38  -6.0008e-39  1.33502e-38  -2.9774e-39 -3.90523e-39  4.76775e-40  8.21884e-40  4.39759e-41 -1.07357e-40 -7.44341e-42  5.60194e-42
 5.37225e-37 -2.48772e-34 -1.68878e-35  2.63045e-34  -1.2134e-35  1.30265e-33 -4.86227e-35  4.91883e-34  4.20507e-36 -2.88866e-33  6.76494e-35 -1.92542e-33 -7.95711e-35   7.7603e-33 -7.27501e-35 -2.63723e-33  4.29506e-35 -1.49834e-33 -3.31765e-35  1.03876e-33  4.40002e-35  5.07114e-34 -8.97084e-35 -9.45621e-34  2.38235e-35 -2.98445e-34 -3.44684e-35  1.05573e-33  8.64599e-36 -7.35167e-34  1.96434e-35 -2.07915e-35 -1.14832e-35  6.85495e-35 -1.46366e-36  1.49062e-35  7.07516e-36  5.05013e-35  2.84791e-36 -8.40984e-35 -5.42477e-36  6.42268e-35   5.7703e-37 -1.30689e-35   2.0285e-36 -4.40716e-36 -2.10599e-36 -2.52834e-36  1.53306e-37    3.825e-36  2.23661e-37 -1.43499e-36 -2.39329e-37 -2.11456e-37 -1.21745e-37 -3.08238e-37  1.02186e-37  9.28321e-38   8.5339e-38  4.03841e-37 -3.17012e-38 -5.58497e-39  1.33776e-38  1.13376e-37 -4.51214e-40  6.74201e-38 -3.00522e-40  6.96638e-40  4.61004e-39 -1.05869e-38 -1.42767e-41 -1.19675e-38 -6.17894e-40  4.47701e-38  2.57937e-40 -1.49089e-37 -3.98661e-40  4.37087e-37  1.82851e-39 -1.18105e-36 -4.81943e-39  2.97062e-36  1.11923e-38 -6.90989e-36  -2.4992e-38  1.47991e-35  5.19242e-38 -2.90514e-35 -1.00697e-37  5.19798e-35  1.81778e-37 -8.42016e-35 -3.04662e-37  1.22484e-34   4.7264e-37 -1.58385e-34 -6.76333e-37  1.79743e-34  8.89118e-37 -1.76015e-34  -1.0688e-36   1.4528e-34  1.16841e-36 -9.75414e-35 -1.15414e-36  5.00535e-35  1.02222e-36 -1.69603e-35 -8.04277e-37  1.67344e-36  5.55717e-37  1.72078e-36  -3.3234e-37 -9.59732e-37  1.68797e-37  1.67374e-37 -7.09618e-38  2.03283e-38  2.37952e-38 -1.00011e-38 -6.00795e-39  2.96494e-40  1.03137e-39  1.39574e-40 -9.54046e-41 -5.08255e-42
-1.79247e-35  1.64646e-36 -3.89462e-34 -2.46257e-35  2.45639e-34 -1.06504e-35  1.59623e-33 -5.57712e-35  5.93349e-34   4.5607e-36 -2.76991e-33  6.29673e-35 -2.35618e-33 -7.27501e-35  7.53147e-33 -6.17181e-35 -2.78388e-33  3.28938e-35 -1.28747e-33 -4.36968e-35  1.24679e-33  7.10678e-35  3.34231e-34 -9.70657e-35 -8.88549e-34  1.61994e-35 -4.73075e-34 -3.90956e-35  1.20691e-33  5.60292e-36 -6.87302e-34  2.33758e-35  -8.5655e-35 -1.15898e-35  4.49647e-35 -3.32865e-36  2.03493e-35  8.74281e-36  3.69187e-35   1.2398e-36 -6.92651e-35 -4.61671e-36  5.15862e-35  4.48559e-37 -9.81316e-36  1.90561e-36  -4.0173e-36 -2.54794e-36 -3.41716e-36  2.17703e-37  5.23025e-36  1.03104e-37 -1.97257e-36 -3.10352e-37 -7.35542e-37 -1.34466e-37 -2.35729e-37  8.56698e-38 -4.40932e-38  1.25696e-37  6.13052e-37 -5.80009e-38  2.21764e-38  1.42355e-38  1.29843e-37 -2.77736e-39  8.93449e-38   1.0203e-39 -3.94246e-39  7.04932e-39  2.76547e-38  4.23799e-41 -1.50101e-37 -1.41222e-39  4.78979e-37  1.34112e-39 -1.46075e-36 -3.21791e-39  4.10908e-36  9.48025e-39 -1.07279e-35 -2.33583e-38  2.59502e-35  5.31392e-38 -5.79208e-35 -1.13856e-37  1.18765e-34   2.2758e-37 -2.22574e-34 -4.24007e-37  3.78895e-34  7.34444e-37 -5.81551e-34 -1.17942e-36  7.97465e-34  1.75019e-36 -9.65849e-34   -2.391e-36  1.01798e-33  2.99413e-36 -9.15148e-34 -3.41951e-36  6.81617e-34  3.54073e-36 -4.01224e-34 -3.30082e-36  1.69817e-34  2.74735e-36 -3.80781e-35 -2.02087e-36  -6.5185e-36  1.29715e-36  8.46265e-36 -7.14855e-37 -2.55039e-36  3.31025e-37  7.03135e-38 -1.24983e-37  1.22568e-37   3.6784e-38 -1.75048e-38 -7.83408e-39 -1.26136e-39  1.04309e-39  1.99112e-40 -5.59687e-41
 -5.6211e-38 -3.56035e-35  3.11937e-36  -5.0346e-34 -2.91471e-35  1.15512e-34 -6.88895e-36  1.74028e-33 -5.68617e-35  6.81369e-34 -3.87674e-37   -2.379e-33  5.36409e-35 -2.63723e-33 -6.17181e-35  7.24585e-33 -4.62944e-35 -2.84627e-33  2.36087e-35 -1.26447e-33 -5.28362e-35  1.47619e-33  9.31506e-35  1.99087e-34  -9.5337e-35  -7.5694e-34  7.21239e-36 -6.87794e-34 -4.16236e-35  1.31635e-33  3.01733e-36 -6.25745e-34  2.56034e-35 -1.22571e-34 -1.09223e-35 -1.51181e-36 -5.30713e-36  2.93073e-35  1.06537e-35   1.2147e-35 -1.05887e-36 -4.37958e-35  -3.9564e-36  3.17096e-35  4.47761e-37 -5.15454e-36  1.58685e-36   -3.351e-36  -3.0072e-36  -4.5535e-36  2.98417e-37   6.8616e-36 -6.83836e-38 -2.50382e-36 -4.02883e-37 -1.49851e-36 -1.45253e-37 -1.70622e-38   4.8899e-38 -2.76745e-37  1.73897e-37  8.60106e-37 -9.20867e-38  4.24472e-38  1.18523e-38  1.48196e-37 -5.34555e-39    1.382e-37  2.69493e-39 -1.07988e-37  1.02414e-38  4.29165e-37  7.13004e-40 -1.48824e-36 -3.88389e-39  4.62972e-36   6.7175e-39 -1.35113e-35 -1.72737e-38  3.66199e-35  4.48671e-38 -9.20503e-35 -1.05767e-37  2.13897e-34  2.32692e-37   -4.576e-34 -4.79363e-37  8.97016e-34  9.21119e-37 -1.60211e-33 -1.64767e-36  2.58942e-33   2.7363e-36 -3.75606e-33 -4.20597e-36  4.83957e-33  5.96276e-36 -5.46669e-33 -7.76502e-36  5.32036e-33  9.24501e-36  -4.3541e-33 -1.00083e-35  2.88681e-33  9.78843e-36 -1.45045e-33 -8.58324e-36  4.68644e-34  6.68652e-36 -2.99832e-35  -4.5761e-36 -5.68878e-35  2.71293e-36  2.82769e-35 -1.36811e-36 -4.09808e-36  5.72555e-37  -8.9474e-37 -1.91893e-37  3.27448e-37  4.87029e-38 -7.94402e-39 -8.46868e-39 -4.02527e-39  8.01071e-40  1.11484e-40
  3.1286e-35  4.17808e-37 -4.67473e-35  4.28434e-36 -5.70842e-34 -2.82989e-35  -9.8263e-35 -4.22298e-36  1.71087e-33 -4.99122e-35  7.44379e-34 -9.82868e-36 -1.89599e-33  4.29506e-35 -2.78388e-33 -4.62944e-35  7.03389e-33 -2.67088e-35 -2.88549e-33  1.41863e-35  -1.3542e-33 -6.05336e-35  1.67033e-33  1.06714e-34  9.42579e-35 -8.45379e-35 -5.56892e-34 -2.06968e-36 -9.11237e-34 -4.06148e-35  1.38336e-33  8.21951e-37 -5.72152e-34  2.65241e-35 -1.26938e-34 -9.76474e-36  -6.7435e-35 -7.32902e-36  4.34867e-35  1.27753e-35 -2.34283e-35 -4.00944e-36 -9.71177e-36  -3.8801e-36  5.58478e-36  6.96136e-37  4.30747e-37  1.07649e-36 -2.05198e-36 -3.46137e-36 -6.22821e-36   4.1112e-37   8.6862e-36 -2.96454e-37 -3.01087e-36 -5.13901e-37  -2.4296e-36 -1.50302e-37  3.50332e-37 -1.04983e-38 -5.86966e-37  2.26765e-37  1.12083e-36 -1.32911e-37  6.20419e-38  4.52158e-39  1.08852e-37 -8.16435e-39   4.6368e-37  4.72185e-39 -1.22281e-36  1.35291e-38  4.30944e-36  4.02027e-39 -1.39752e-35 -1.36889e-38  4.21353e-35  3.15438e-38 -1.18447e-34 -8.04382e-38  3.09195e-34  1.96573e-37 -7.47335e-34 -4.45796e-37  1.66633e-33  9.45327e-37 -3.41239e-33 -1.87297e-36  6.38477e-33  3.45809e-36  -1.0847e-32 -5.93524e-36  1.66064e-32  9.44219e-36 -2.26986e-32 -1.38767e-35  2.73777e-32  1.87676e-35 -2.86992e-32 -2.32543e-35   2.5611e-32   2.6262e-35 -1.88759e-32 -2.68702e-35  1.09287e-32  2.47321e-35 -4.48124e-33 -2.03077e-35  9.01397e-34  1.47263e-35   2.4324e-34 -9.31521e-36  -2.4364e-34   5.0604e-36  6.60174e-35 -2.31302e-36  7.90249e-37   8.6461e-37 -3.85668e-36 -2.53255e-37  4.74734e-37  5.41127e-38  4.04954e-38 -7.30789e-39 -5.11329e-39  4.03088e-40
-6.43479e-38  6.50604e-35  1.91218e-36 -4.42149e-35  4.40677e-36 -5.78768e-34 -2.17306e-35 -3.37686e-34  -6.6943e-36   1.5347e-33 -3.44769e-35   8.0102e-34 -2.14952e-35 -1.49834e-33  3.28938e-35 -2.84627e-33 -2.67088e-35  6.97253e-33 -4.66779e-36 -2.94768e-33  3.89965e-36 -1.45294e-33 -6.61409e-35  1.77552e-33  1.08475e-34  1.62812e-35 -6.56773e-35 -3.15775e-34 -1.14332e-35 -1.10568e-33 -3.46684e-35  1.41145e-33 -1.18896e-36 -5.41166e-34  2.64474e-35 -1.00644e-34 -8.40946e-36 -1.46768e-34 -9.42039e-36  6.34948e-35  1.49822e-35   -6.679e-35 -7.55273e-36  2.92376e-35 -4.84533e-36 -2.51618e-35  1.33344e-36  6.21542e-36  4.10542e-37  3.04767e-37 -3.88931e-36 -8.82507e-36  5.78653e-37   1.0651e-35  -5.8608e-37 -3.47047e-36 -6.34048e-37 -3.43447e-36 -1.45488e-37  8.36017e-37 -9.12265e-38 -9.19899e-37  2.79321e-37  1.32732e-36 -1.78341e-37  2.36041e-37 -9.40849e-39 -6.26995e-37 -1.15771e-38  3.49451e-36  7.79856e-39 -1.19247e-35  1.36591e-38  3.99949e-35  1.88741e-38 -1.24956e-34 -5.51745e-38  3.63879e-34  1.38458e-37 -9.85723e-34  -3.4332e-37   2.4762e-33  8.03419e-37 -5.74875e-33 -1.75545e-36  1.22844e-32  3.58537e-36 -2.40457e-32  -6.8324e-36  4.28685e-32  1.21175e-35 -6.91284e-32 -1.99458e-35  9.99841e-32  3.03734e-35 -1.28352e-31 -4.26313e-35  1.44291e-31  5.49159e-35 -1.39534e-31 -6.46021e-35   1.1318e-31  6.90038e-35 -7.40441e-32 -6.64745e-35  3.63563e-32  5.73007e-35 -1.11122e-32 -4.37845e-35  2.38299e-34  2.93259e-35  1.62187e-33 -1.69814e-35 -7.24936e-34  8.35478e-36  8.51055e-35   -3.413e-36  2.91648e-35   1.1203e-36 -8.71841e-36 -2.80556e-37  8.89472e-38  4.87398e-38  1.09402e-37 -4.68696e-39 -2.23413e-39
 1.26972e-35  -3.2771e-37  9.28202e-35  4.53344e-36 -2.57624e-35  3.11917e-36 -5.26365e-34 -1.08059e-35 -5.49204e-34 -1.67213e-35  1.27188e-33 -1.18856e-35  8.89357e-34 -3.31765e-35 -1.28747e-33  2.36087e-35 -2.88549e-33 -4.66779e-36  7.06312e-33  1.65753e-35 -3.04835e-33 -7.12887e-36 -1.47188e-33 -6.83111e-35  1.75794e-33   9.6299e-35 -3.39544e-35 -4.05103e-35 -7.43614e-35 -2.12664e-35 -1.23637e-33 -2.28624e-35  1.40481e-33 -3.22657e-36 -5.36122e-34  2.55654e-35 -5.12959e-35 -7.08957e-36 -2.30895e-34  -1.1658e-35  8.84092e-35  1.70308e-35 -1.12946e-34  -1.1639e-35  6.83524e-35 -7.23785e-36 -5.85618e-35  2.49376e-36  1.14276e-35   -3.454e-37  4.04704e-36  -4.2744e-36  -1.2736e-35  8.27541e-37  1.26616e-35 -9.40073e-37 -3.83422e-36 -7.48029e-37  -4.4197e-36  -1.2731e-37   1.3612e-36 -1.87582e-37 -1.11526e-36  3.25375e-37  1.06153e-36 -2.25384e-37  2.15138e-36 -3.08299e-38 -8.22506e-36 -1.70489e-38  3.17432e-35  1.60245e-38 -1.09078e-34 -3.06366e-39  3.52708e-34  8.25504e-38 -1.06396e-33 -2.26721e-37  2.98871e-33  5.71122e-37 -7.79705e-33 -1.37062e-36  1.88307e-32  3.08909e-36 -4.19437e-32 -6.50888e-36  8.57826e-32  1.28083e-35 -1.60242e-31 -2.34852e-35  2.71674e-31  4.00161e-35 -4.14845e-31 -6.31624e-35   5.6517e-31  9.20233e-35 -6.78792e-31 -1.23235e-34  7.07592e-31   1.5096e-34 -6.26657e-31 -1.68197e-34  4.56801e-31  1.69333e-34 -2.59851e-31  -1.5285e-34  1.02864e-31  1.22583e-34 -1.79907e-32 -8.64031e-35 -7.42982e-33  5.28362e-35  6.11598e-33 -2.75921e-35 -1.48607e-33   1.2065e-35 -8.05848e-35 -4.30419e-36  1.01489e-34  1.20671e-36 -1.04502e-35 -2.49617e-37 -1.20857e-36  3.33709e-38  1.19407e-37 -1.88106e-39
 5.78539e-37  3.87134e-35 -1.00142e-36  9.86768e-35  7.88654e-36  6.00558e-36  5.31281e-37 -4.29159e-34  2.11515e-36 -7.08148e-34 -3.37493e-35  9.86744e-34  1.52918e-35  1.03876e-33 -4.36968e-35 -1.26447e-33  1.41863e-35 -2.94768e-33  1.65753e-35  7.24412e-33  3.32212e-35 -3.17242e-33 -1.81119e-35 -1.36082e-33 -6.55843e-35  1.60986e-33  7.01072e-35 -5.32555e-35 -1.13822e-35   1.2658e-34 -3.19349e-35 -1.28053e-33 -5.08998e-36  1.36633e-33 -5.43904e-36 -5.49245e-34  2.38083e-35  9.97937e-36 -5.95563e-36 -3.09183e-34 -1.40938e-35  1.15961e-34  1.85882e-35 -1.56226e-34 -1.62468e-35   1.0308e-34 -1.12845e-35 -9.25978e-35  4.27555e-36  1.55115e-35 -1.11015e-36  9.26229e-36 -4.60449e-36 -1.82559e-35  1.18169e-36  1.45544e-35 -1.35817e-36 -4.01826e-36 -8.36288e-37  -5.2785e-36 -9.35184e-38  1.65002e-36 -2.89841e-37 -2.11295e-37  3.58694e-37 -3.44037e-36 -2.70891e-37  2.07998e-35 -5.81657e-38 -7.91153e-35 -3.06844e-38  2.84321e-34  4.79489e-38 -9.49644e-34 -9.18736e-38  2.96574e-33  3.43447e-37 -8.63415e-33 -9.07108e-37  2.33757e-32  2.23628e-36 -5.86799e-32 -5.19409e-36  1.36107e-31  1.13076e-35 -2.90505e-31 -2.30092e-35  5.67805e-31  4.36781e-35 -1.01041e-30 -7.71473e-35  1.62557e-30  1.26401e-34 -2.34424e-30 -1.91431e-34  2.99805e-30   2.6688e-34 -3.35386e-30 -3.40856e-34  3.22201e-30  3.96579e-34 -2.58942e-30 -4.17558e-34  1.67042e-30  3.94762e-34 -8.00046e-31 -3.32013e-34   2.2928e-31  2.45672e-34  6.95501e-33 -1.57814e-34 -4.02523e-32  8.65976e-35  1.62837e-32 -3.98011e-35 -1.45747e-33  1.49554e-35 -7.87366e-34 -4.45584e-36  1.98069e-34  1.00913e-36  1.60026e-36 -1.61375e-37 -2.66677e-36   1.5002e-38  3.80999e-38
-1.35496e-35  1.39415e-36   7.7052e-35 -2.23117e-36  7.03263e-35  1.13747e-35  4.86349e-35 -3.01968e-36  -3.1473e-34  1.44252e-35 -8.18642e-34 -5.45337e-35  7.25029e-34  4.40002e-35  1.24679e-33 -5.28362e-35  -1.3542e-33  3.89965e-36 -3.04835e-33  3.32212e-35  7.42521e-33  4.23548e-35 -3.28691e-33 -2.82332e-35 -1.11146e-33 -5.72809e-35  1.34624e-33  3.23129e-35 -3.93203e-35  1.89495e-35  2.58807e-34 -4.31766e-35 -1.23265e-33  1.78625e-35  1.29726e-33  -7.9326e-36 -5.65501e-34   2.0837e-35  7.12985e-35  -5.0859e-36 -3.70309e-34 -1.67029e-35  1.43291e-34  1.93107e-35 -1.91792e-34 -2.13804e-35  1.30076e-34 -1.69932e-35 -1.25362e-34  6.71127e-36  1.83285e-35 -1.80991e-36  1.57247e-35 -4.86828e-36 -2.54745e-35  1.65441e-36   1.6087e-35 -1.83765e-36 -3.96835e-36 -8.77426e-37 -5.56332e-36 -4.31049e-38 -2.93434e-37 -3.85919e-37  1.02763e-35  3.74812e-37 -4.69975e-35  -3.1355e-37  1.91505e-34 -8.20262e-38 -7.06426e-34 -7.81138e-38  2.44328e-33  1.80606e-37 -7.89392e-33 -4.70527e-37  2.38048e-32  1.37449e-36 -6.68386e-32 -3.51698e-36  1.74261e-31  8.43758e-36 -4.20518e-31 -1.90049e-35  9.35688e-31  4.00794e-35 -1.91114e-30 -7.89467e-35  3.56408e-30  1.44892e-34 -6.02996e-30 -2.47041e-34  9.18353e-30  3.89941e-34 -1.24695e-29 -5.67515e-34  1.49116e-29  7.57952e-34 -1.54556e-29 -9.23771e-34  1.35806e-29  1.02064e-33 -9.78657e-30 -1.01422e-33  5.46372e-30   8.9787e-34 -2.08017e-30 -6.99979e-34  3.01975e-31   4.7372e-34  1.91947e-31 -2.73342e-34 -1.35114e-31  1.31411e-34   2.9203e-32 -5.10792e-35  3.03132e-33  1.54264e-35 -2.31243e-33 -3.43452e-36  1.91899e-34  5.27648e-37  3.15171e-35 -5.17481e-38 -2.46974e-36  2.52504e-39
 2.58265e-37 -3.40392e-35  2.40148e-36  1.23573e-34 -3.95097e-36  3.67877e-36  1.45076e-35  1.06357e-34  -7.2624e-36 -2.12649e-34  2.38108e-35 -8.94794e-34  -7.4577e-35  5.07114e-34  7.10678e-35  1.47619e-33 -6.05336e-35 -1.45294e-33 -7.12887e-36 -3.17242e-33  4.23548e-35  7.52418e-33  4.30167e-35 -3.35788e-33 -3.71303e-35 -7.47614e-34 -4.41805e-35  9.96056e-34 -1.24937e-35  6.37207e-36  4.76205e-35   3.1337e-34 -5.38606e-35 -1.10461e-33  4.45145e-35  1.19783e-33   -1.085e-35 -5.67864e-34  1.61561e-35  1.22289e-34 -4.51272e-36 -4.04262e-34 -1.93925e-35   1.6798e-34  1.89408e-35 -2.16874e-34 -2.70487e-35  1.47879e-34 -2.41316e-35 -1.55036e-34  9.74396e-36  2.02054e-35 -2.40211e-36  2.29071e-35 -5.04996e-36 -3.42039e-35  2.24092e-36  1.70703e-35 -2.37568e-36 -4.34732e-36 -8.50826e-37 -1.26631e-36  2.42645e-38 -2.26577e-35 -4.64211e-37  1.07821e-34  3.74198e-37 -4.40281e-34 -3.60712e-37  1.68353e-33 -6.47983e-38 -6.01166e-33 -2.65737e-37  2.00932e-32  7.25212e-37 -6.27282e-32 -1.99298e-36  1.82549e-31  5.37562e-36 -4.93957e-31  -1.3385e-35  1.23908e-30  3.12796e-35 -2.87136e-30  -6.8537e-35  6.12138e-30  1.40481e-34 -1.19467e-29 -2.68684e-34  2.12195e-29  4.78159e-34 -3.40581e-29 -7.89145e-34  4.89687e-29  1.20308e-33 -6.23865e-29 -1.68653e-33  6.94415e-29  2.16223e-33 -6.62623e-29 -2.51901e-33  5.27457e-29  2.64625e-33  -3.3528e-29 -2.48335e-33  1.56332e-29  2.05794e-33 -4.15518e-30 -1.48411e-33 -3.92149e-31  9.13864e-34  8.79447e-31 -4.68246e-34 -3.23106e-31  1.92349e-34  1.93325e-32 -5.97138e-35  1.83116e-32  1.25259e-35 -3.92193e-33 -1.28626e-36 -1.16512e-34 -6.79442e-38  5.75476e-35  2.61234e-38 -5.00136e-37
-7.39739e-38   6.8924e-37 -6.16176e-35  3.36818e-36  1.74455e-34 -5.79985e-36 -9.76301e-35  1.69503e-35  1.90864e-34 -1.20708e-35 -1.46823e-34  2.86724e-35 -9.41058e-34 -8.97084e-35  3.34231e-34  9.31506e-35  1.67033e-33 -6.61409e-35 -1.47188e-33 -1.81119e-35 -3.28691e-33  4.30167e-35  7.49292e-33  3.64564e-35 -3.36375e-33 -4.48836e-35 -3.11159e-34 -2.86501e-35  5.93127e-34  -5.8496e-35  7.73826e-35  7.21108e-35  3.00205e-34 -6.22116e-35 -9.21729e-34  7.30503e-35  1.06835e-33 -1.44441e-35 -5.41727e-34  9.28455e-36  1.55139e-34 -4.25862e-36 -4.04566e-34 -2.20664e-35  1.88978e-34  1.73845e-35 -2.31342e-34 -3.32419e-35  1.56989e-34  -3.2249e-35 -1.79763e-34   1.3218e-35  2.17951e-35 -2.88984e-36  3.00923e-35 -5.12542e-36  -4.4164e-35  2.91355e-36   1.8704e-35 -2.97242e-36 -1.29943e-35 -7.39278e-37  4.50951e-35  1.09284e-37 -2.30635e-34 -5.18284e-37  9.76333e-34  3.71179e-37 -3.84061e-33 -4.55783e-37  1.41736e-32  1.44393e-37 -4.89697e-32 -1.03561e-36  1.58198e-31  2.94577e-36 -4.76894e-31 -8.05795e-36  1.33838e-30   2.0943e-35 -3.48722e-30 -5.09359e-35  8.40825e-30  1.16255e-34 -1.86894e-29 -2.48556e-34  3.81221e-29  4.96621e-34 -7.09748e-29 -9.24745e-34  1.19827e-28  1.59969e-33 -1.82008e-28 -2.56131e-33  2.46292e-28  3.77936e-33 -2.93232e-28 -5.11329e-33  3.02153e-28  6.30522e-33 -2.63356e-28 -7.03563e-33  1.87528e-28  7.04258e-33 -1.02633e-28 -6.25651e-33  3.74182e-29  4.86656e-33 -4.16374e-30 -3.25629e-33 -4.29403e-30  1.82955e-33  2.65129e-30 -8.33121e-34 -5.02703e-31  2.90084e-34 -8.34018e-32 -6.85476e-35  4.64171e-32  7.17526e-36 -2.92669e-33  1.25833e-36 -7.15749e-34 -5.05408e-37   4.4866e-35  4.10348e-38
 2.60749e-37   4.2957e-37  1.28499e-36 -9.20849e-35   4.0236e-36  2.25498e-34 -7.16675e-36 -2.25193e-34  1.84135e-35  3.13954e-34  -1.7371e-35 -1.33659e-34   2.8469e-35 -9.45621e-34 -9.70657e-35  1.99087e-34  1.06714e-34  1.77552e-33 -6.83111e-35 -1.36082e-33 -2.82332e-35 -3.35788e-33  3.64564e-35  7.32704e-33  2.55886e-35 -3.30061e-33 -5.16034e-35  1.50377e-34 -1.42055e-35  1.69063e-34 -9.98624e-35  1.63535e-34  9.07467e-35  2.42342e-34 -6.63532e-35 -7.16967e-34   1.0167e-34  9.10189e-34 -1.90905e-35 -4.77144e-34 -8.57272e-38  1.64332e-34 -4.38701e-36 -3.70142e-34 -2.47088e-35  2.07088e-34  1.47399e-35 -2.37488e-34 -3.99194e-35  1.59379e-34 -4.07327e-35 -1.97552e-34  1.68889e-35  2.37311e-35 -3.31991e-36  3.69117e-35 -5.06364e-36 -5.73932e-35  3.62158e-36  3.59924e-35 -3.63283e-36 -1.04205e-34 -5.32052e-37  4.71774e-34  2.15676e-37 -2.06919e-33 -5.58869e-37  8.41091e-33  4.29973e-37 -3.20421e-32 -7.97181e-37  1.14416e-31  1.17952e-36   -3.823e-31 -4.25753e-36  1.19318e-30  1.20927e-35 -3.47092e-30 -3.25414e-35  9.38675e-30  8.25561e-35 -2.35294e-29 -1.96568e-34  5.44741e-29   4.3889e-34 -1.15994e-28 -9.16927e-34  2.26038e-28  1.78784e-33 -4.00724e-28 -3.24373e-33  6.41644e-28  5.45739e-33 -9.19766e-28 -8.48049e-33  1.16723e-27  1.21153e-32  -1.2926e-27 -1.58254e-32   1.2249e-27  1.87793e-32 -9.65433e-28 -2.00883e-32  6.04261e-28  1.91886e-32 -2.73695e-28  -1.6176e-32  6.65168e-29  1.18545e-32  1.17007e-29  -7.4027e-33 -1.70885e-29   3.8299e-33  5.70576e-30 -1.57262e-33 -1.55351e-31  4.74927e-34 -3.74165e-31 -8.77942e-35  6.84038e-32  2.44199e-36  3.78187e-33  3.07134e-36 -1.10112e-33 -5.91137e-37  3.54745e-36
