 0.000309078   1.3232e-17   0.00180229  2.73492e-17   0.00429799  4.01359e-17   0.00631446  4.57993e-17   0.00644064  3.69406e-17   0.00477442  2.09165e-17   0.00259802  8.75314e-18    0.0010189  2.88808e-18  0.000272585  7.50591e-19  4.36467e-05  1.42022e-19  2.73372e-06
  1.3232e-17    0.0025476  3.71548e-17   0.00867479  5.17096e-17    0.0159611  6.63138e-17    0.0194707  6.47581e-17    0.0169614  4.22825e-17    0.0108281  1.94013e-17   0.00504535  7.40079e-18   0.00165783  2.59898e-18  0.000353154  7.74772e-19  3.92452e-05  1.24103e-19
  0.00180229  3.71548e-17    0.0106575  4.36185e-17     0.025722  4.59257e-17    0.0381969  5.75286e-17    0.0393447  4.64706e-17    0.0294349  2.23738e-17    0.0161571  8.86647e-18   0.00638978  4.60949e-18   0.00172341  2.26153e-18  0.000278171  7.15078e-19  1.75615e-05
 2.73492e-17   0.00867479  4.36185e-17    0.0298914  1.34859e-17    0.0555769  1.75456e-17    0.0684441  2.88309e-17     0.060151  1.50596e-17    0.0387207  3.48342e-18     0.018186  4.19623e-18   0.00602189  4.45146e-18    0.0012925  2.33314e-18  0.000144708  4.71024e-19
  0.00429799  5.17096e-17     0.025722  1.34859e-17     0.062728 -1.89744e-17    0.0940218  5.96701e-18    0.0976807  1.18201e-17    0.0736675 -4.77116e-19    0.0407474  1.49046e-18     0.016234  6.89871e-18   0.00441013  5.42664e-18  0.000716887  1.98762e-18  4.55787e-05
 4.01359e-17    0.0159611  4.59257e-17    0.0555769 -1.89744e-17     0.104294 -6.82837e-18     0.129529  2.48367e-17     0.114732  1.34581e-17    0.0744066  3.73115e-18    0.0351967  9.85531e-18    0.0117355  1.02039e-17   0.00253599  5.27687e-18  0.000285846  1.05625e-18
  0.00631446  6.63138e-17    0.0381969  1.75456e-17    0.0940218 -6.82837e-18     0.142115  4.23346e-17     0.148794  4.74668e-17     0.113035  2.01276e-17    0.0629587  1.47383e-17     0.025252  1.61838e-17    0.0069051  1.03811e-17   0.00112974   3.6023e-18  7.22927e-05
 4.57993e-17    0.0194707  5.75286e-17    0.0684441  5.96701e-18     0.129529  4.23346e-17     0.162114  7.80737e-17     0.144632   4.8649e-17    0.0944399  2.29295e-17     0.044967  2.12012e-17    0.0150891   1.6281e-17   0.00328119  7.87055e-18  0.000372151  1.54782e-18
  0.00644064  6.47581e-17    0.0393447  2.88309e-17    0.0976807  2.48367e-17     0.148794  7.80737e-17     0.156907   7.1893e-17     0.120007  3.32435e-17    0.0672743  2.23578e-17    0.0271519  2.04963e-17   0.00747012  1.26295e-17   0.00122959  4.36036e-18  7.91579e-05
 3.69406e-17    0.0169614  4.64706e-17     0.060151  1.18201e-17     0.114732  4.74668e-17     0.144632   7.1893e-17     0.129906  4.08843e-17    0.0853685  1.94058e-17    0.0408986  1.98588e-17    0.0138063  1.58465e-17      0.00302  7.91836e-18  0.000344541  1.58152e-18
  0.00477442  4.22825e-17    0.0294349  1.50596e-17    0.0736675  1.34581e-17     0.113035   4.8649e-17     0.120007  4.08843e-17    0.0923708  1.59529e-17    0.0520988   1.4129e-17    0.0211517  1.58282e-17   0.00585309  1.05442e-17  0.000968959  3.74802e-18  6.27376e-05
 2.09165e-17    0.0108281  2.23738e-17    0.0387207 -4.77116e-19    0.0744066  2.01276e-17    0.0944399  3.32435e-17    0.0853685  1.59529e-17    0.0564425  8.31585e-18    0.0271996  1.26732e-17    0.0092345  1.11837e-17   0.00203136     5.82e-18  0.000233052  1.18064e-18
  0.00259802  1.94013e-17    0.0161571  3.48342e-18    0.0407474  3.73115e-18    0.0629587  2.29295e-17    0.0672743  1.94058e-17    0.0520988  8.31585e-18    0.0295569  9.32822e-18    0.0120681  1.02947e-17   0.00335809  6.80941e-18  0.000558991  2.39988e-18  3.63934e-05
 8.75314e-18   0.00504535  8.86647e-18     0.018186  1.49046e-18    0.0351967  1.47383e-17     0.044967  2.23578e-17    0.0408986   1.4129e-17    0.0271996  9.32822e-18    0.0131817  9.25452e-18   0.00450009  6.78149e-18  0.000995308  3.29227e-18   0.00011481  6.53876e-19
   0.0010189  7.40079e-18   0.00638978  4.19623e-18     0.016234  9.85531e-18     0.025252  2.12012e-17    0.0271519  1.98588e-17    0.0211517  1.26732e-17    0.0120681  9.25452e-18   0.00495459  6.51588e-18   0.00138615  3.54991e-18  0.000231979  1.14915e-18  1.51845e-05
 2.88808e-18   0.00165783  4.60949e-18   0.00602189  6.89871e-18    0.0117355  1.61838e-17    0.0150891  2.04963e-17    0.0138063  1.58282e-17    0.0092345  1.02947e-17   0.00450009  6.51588e-18   0.00154458  3.47112e-18  0.000343445  1.41371e-18  3.98278e-05  2.62369e-19
 0.000272585  2.59898e-18   0.00172341  4.45146e-18   0.00441013  1.02039e-17    0.0069051   1.6281e-17   0.00747012  1.58465e-17   0.00585309  1.11837e-17   0.00335809  6.78149e-18   0.00138615  3.47112e-18  0.000389867   1.4562e-18  6.55913e-05  4.01273e-19  4.31613e-06
 7.50591e-19  0.000353154  2.26153e-18    0.0012925  5.42664e-18   0.00253599  1.03811e-17   0.00328119  1.26295e-17      0.00302  1.05442e-17   0.00203136  6.80941e-18  0.000995308  3.54991e-18  0.000343445   1.4562e-18  7.67697e-05   4.5949e-19  8.94952e-06  7.33953e-20
 4.36467e-05  7.74772e-19  0.000278171  2.33314e-18  0.000716887  5.27687e-18   0.00112974  7.87055e-18   0.00122959  7.91836e-18  0.000968959     5.82e-18  0.000558991  3.29227e-18  0.000231979  1.41371e-18  6.55913e-05   4.5949e-19  1.10931e-05  9.85548e-20  7.33813e-07
 1.42022e-19  3.92452e-05  7.15078e-19  0.000144708  1.98762e-18  0.000285846   3.6023e-18  0.000372151  4.36036e-18  0.000344541  3.74802e-18  0.000233052  2.39988e-18   0.00011481  1.14915e-18  3.98278e-05  4.01273e-19  8.94952e-06  9.85548e-20  1.04879e-06  1.24057e-20
 2.73372e-06  1.24103e-19  1.75615e-05  4.71024e-19  4.55787e-05  1.05625e-18  7.22927e-05  1.54782e-18  7.91579e-05  1.58152e-18  6.27376e-05  1.18064e-18  3.63934e-05  6.53876e-19  1.51845e-05  2.62369e-19  4.31613e-06  7.33953e-20  7.33813e-07  1.24057e-20  4.87997e-08
