 1.90342e-35 -2.49723e-51 -3.13533e-35  1.20052e-50 -9.54592e-36 -9.58881e-51  4.18821e-35  3.86839e-51 -2.76686e-35  6.36324e-51 -2.42335e-36  -1.1336e-50  1.13628e-35   3.4902e-51  -3.8865e-36 -2.69736e-51  -3.0125e-36  3.01921e-51  3.93026e-36  1.47349e-51  -1.6452e-36 -7.95975e-52 -9.67907e-38  6.72484e-54  5.87689e-37 -1.02538e-51 -2.65625e-37  1.20419e-51   1.6813e-38  2.30936e-50  3.21826e-38  6.21315e-50 -3.78799e-38  4.22671e-49  1.94766e-38  1.02086e-48 -1.30394e-38  2.16884e-48   5.5325e-39  3.79524e-48  3.66511e-40   1.7878e-48 -1.63682e-39  4.93847e-49  6.40124e-40 -5.94096e-48  5.31872e-41 -2.81543e-47 -1.99222e-40 -2.84482e-47   1.2271e-40 -2.37267e-47 -3.02084e-41 -7.75875e-47 -1.05364e-41 -1.69748e-47   2.8138e-42  9.34061e-47  1.35196e-42 -2.12176e-47   2.1304e-43 -2.11897e-47 -1.43492e-43  2.85129e-47 -2.46823e-43 -5.08048e-47  1.42501e-43  -4.7345e-47 -2.04471e-44 -4.85666e-47  2.79876e-45 -2.95571e-47   4.9995e-45 -4.35972e-47 -2.22401e-45  1.79179e-48  1.99406e-46   2.2803e-48  2.97169e-47  3.53929e-49  6.04947e-48   6.9505e-49 -7.55009e-48  1.90268e-48 -9.98723e-49 -1.83322e-50  1.17536e-48  2.46285e-49 -3.73341e-49 -4.88081e-51  5.65704e-50   6.1884e-51 -6.72151e-50   4.6996e-51 -1.34377e-50  -1.5202e-51  2.26411e-50  6.87292e-52  4.13118e-51  8.25201e-53 -5.17626e-52 -3.08016e-54 -2.29341e-53 -4.74726e-54  2.54565e-53  3.01322e-54 -9.12419e-54 -1.11269e-55  1.30604e-54  1.10328e-55 -5.41844e-55 -5.01148e-56  2.90657e-55  1.89169e-56 -2.13285e-55 -1.67435e-56  1.68411e-55  1.20489e-56 -1.03261e-55 -6.81764e-57  4.83966e-56   2.8032e-57 -1.56045e-56 -7.28784e-58  2.73962e-57  7.73363e-59
-2.49723e-51  6.99559e-35 -9.84931e-51  -7.3804e-35  2.46514e-50 -2.41072e-35 -2.14183e-50   8.0103e-35  3.08199e-50 -4.26868e-35 -1.40649e-51 -1.21559e-35 -2.61549e-50  2.33728e-35  8.17436e-52 -7.46727e-36 -5.77748e-51 -6.93386e-36  8.41473e-51  9.35038e-36  1.69205e-51 -4.48811e-36 -3.39331e-51  2.31693e-37 -6.00515e-51  1.33368e-36 -1.12676e-50 -6.53808e-37  4.95079e-51  1.18149e-37  2.95053e-49  1.79352e-38  8.04499e-49 -9.01085e-38  4.49444e-48  6.08813e-38  1.00807e-47 -4.19678e-38  2.12771e-47  1.72432e-38  3.53061e-47  8.74064e-40  1.34867e-47 -4.50713e-39  1.53105e-48  1.62818e-39 -5.61056e-47  2.41735e-40 -2.35029e-46 -6.55996e-40 -1.78153e-46  3.50829e-40 -1.23684e-46 -8.36623e-41  -6.0091e-46 -3.06162e-41 -8.07611e-47  4.33524e-42  7.19789e-46  6.04026e-42 -1.86325e-46  1.14249e-42 -2.19916e-46 -7.85016e-43  2.06819e-46 -8.86697e-43 -3.44643e-46  4.66581e-43 -3.06095e-46 -4.69089e-44 -2.59288e-46 -5.91172e-45 -1.47847e-46  1.54645e-44 -2.39068e-46  -3.9528e-45  1.42017e-47  1.37941e-45  1.27641e-47 -4.34584e-46  2.83128e-48  1.71628e-46  2.70432e-48  2.46262e-47  8.15651e-48 -2.30969e-47 -1.43054e-49  8.44069e-49  1.03176e-48  1.53178e-49 -2.73983e-50  4.29214e-49  2.77676e-50 -4.19092e-49  1.62716e-50 -5.17972e-50 -5.63483e-51  8.39383e-50  2.99252e-51  1.48502e-50  2.65201e-52 -2.33402e-51  3.89029e-53  2.01344e-53 -2.41537e-53  6.64748e-53  1.18316e-53 -2.11166e-53 -1.95474e-55  6.26397e-54  5.98375e-55  -4.6327e-54 -4.01833e-55  3.53758e-54  2.77086e-55 -2.75921e-54 -2.15971e-55  1.89625e-54  1.36229e-55 -1.01255e-54 -6.56425e-56  3.93859e-55  2.17623e-56 -9.61465e-56  -3.9446e-57   9.4757e-57
-3.13533e-35 -9.84931e-51  1.43439e-34 -1.62385e-50 -1.13974e-34   8.1309e-51  -4.1492e-35 -3.75734e-50  1.09027e-34  8.04706e-50 -4.84731e-35  -1.3481e-50 -2.39545e-35 -4.00244e-50  3.63996e-35 -1.77465e-50  -1.2456e-35 -1.05727e-50 -1.17137e-35  1.49688e-50   1.6848e-35 -5.82163e-51 -9.00509e-36 -2.27218e-50  1.10114e-36 -6.20605e-50  2.26893e-36 -9.84413e-50 -1.12134e-36 -2.01088e-50  3.29616e-37  2.58669e-48 -8.78755e-38  7.21299e-48 -1.49243e-37   3.3057e-47  1.27451e-37  6.84509e-47 -8.61139e-38  1.45163e-46  3.48329e-38   2.2822e-46  1.77144e-39  6.74048e-47 -8.58269e-39 -4.07786e-48  2.82189e-39 -3.65027e-46  7.40837e-40  -1.3879e-45 -1.56516e-39 -6.95018e-46  7.15517e-40 -3.18159e-46 -1.64068e-40 -3.29116e-45 -6.13501e-41 -1.56489e-46 -6.67286e-43  3.85869e-45  1.71715e-41 -1.11613e-45  3.94251e-42 -1.40873e-45 -2.51238e-42  1.04348e-45  -2.2891e-42 -1.61654e-45  1.02824e-42 -1.34933e-45 -4.01292e-44 -9.43163e-46 -5.71738e-44 -5.00614e-46  2.73443e-44 -9.03775e-46  2.11382e-45  6.69636e-47  5.30049e-45  5.00653e-47  -2.6049e-45  1.46447e-47  8.13023e-46  6.74683e-48   2.4483e-46  2.37532e-47 -1.23473e-46 -5.10449e-49 -1.02793e-47  2.97251e-48  5.37315e-48 -1.06451e-49  1.72145e-48   8.9704e-50 -1.48473e-48  3.67643e-50 -1.73183e-49 -1.46671e-50  2.17829e-49  9.03111e-51  3.96571e-50   5.2688e-52   -7.398e-51  2.55678e-52  4.80265e-52 -8.15264e-53  5.82995e-53  3.47215e-53  -4.3063e-53  -1.7009e-54  4.12038e-53  3.78049e-54 -3.79816e-53 -3.28792e-54  3.12883e-53  2.57885e-54 -2.28895e-53 -1.79529e-54  1.37266e-53  9.85176e-55 -6.22053e-54 -3.95119e-55   1.9264e-54  9.98788e-56 -3.22212e-55 -1.02642e-56
 1.20052e-50  -7.3804e-35 -1.62385e-50  2.11628e-34 -5.08538e-52 -1.37349e-34 -6.60413e-50 -6.03709e-35 -6.26198e-50  1.29248e-34  1.21659e-49 -5.39826e-35 -1.82969e-50 -3.15755e-35 -4.88277e-50  4.97085e-35 -5.16233e-50 -1.88837e-35 -1.74383e-50 -1.74083e-35  1.71133e-50  2.60571e-35 -6.22801e-50 -1.48764e-35 -1.59959e-49  2.40523e-36 -4.46366e-49   3.2974e-36 -6.65402e-49 -1.52001e-36 -5.13173e-49  6.44725e-37  1.79972e-47 -3.35318e-37  5.17147e-47 -1.90243e-37  1.94734e-46  2.10116e-37   3.7017e-46 -1.33565e-37  7.98684e-46  5.36043e-38  1.18664e-45  4.00528e-39  2.51609e-46 -1.32355e-38 -6.33729e-47  3.83563e-39 -1.89297e-45   1.8036e-39 -6.72325e-45 -3.07418e-39 -1.71631e-45  1.18698e-39  2.04389e-46  -2.6128e-40 -1.47773e-44 -9.38711e-41  5.19721e-46 -1.92985e-41  1.65953e-44  3.68033e-41 -5.28619e-45  1.03289e-41 -6.74354e-45 -5.94374e-42  4.20817e-45  -4.8396e-42 -6.06723e-45  1.65828e-42 -4.67952e-45  1.19686e-43 -2.69368e-45 -2.07246e-43 -1.31393e-45  1.90599e-44 -2.71811e-45  3.30593e-44   2.3085e-46  1.51646e-44   1.5901e-46 -9.04665e-45  5.74951e-47  2.46784e-45  1.14391e-47  9.91683e-46  5.40142e-47 -4.21474e-46 -1.18235e-48  -5.6053e-47  6.81405e-48  2.30631e-47 -3.22242e-49  4.97511e-48  2.37685e-49 -3.84349e-48  5.97806e-50 -5.01302e-49 -3.08351e-50  4.50905e-49  2.17676e-50  8.84047e-50  5.85459e-52 -1.84644e-50  9.23775e-52  2.16808e-51 -2.24136e-52 -1.03492e-52  9.55104e-53 -2.23812e-52  -2.0812e-53  2.96353e-52  2.71568e-53 -2.72321e-52 -2.41298e-53  2.13868e-52  1.80617e-53 -1.40345e-52 -1.11027e-53  7.23626e-53  5.19732e-54 -2.69407e-53 -1.67234e-54  6.23368e-54  2.93007e-55 -5.73763e-55
-9.54592e-36  2.46514e-50 -1.13974e-34 -5.08538e-52  2.55537e-34  5.88144e-50 -1.43646e-34 -1.78319e-49  -7.6553e-35 -9.64587e-50  1.47089e-34  1.16574e-49 -6.94214e-35 -1.63222e-50 -3.13834e-35 -5.80566e-50  6.23248e-35 -9.18401e-50 -2.52563e-35 -3.85486e-50 -2.43729e-35  1.24727e-51  3.58973e-35 -3.98327e-49  -2.1069e-35 -9.99134e-49  3.85592e-36 -2.66574e-48  4.25587e-36 -3.61612e-48 -1.66867e-36 -5.10007e-48  1.00646e-36  1.05837e-46  -7.4784e-37  3.14545e-46 -1.87057e-37  9.77363e-46  2.95773e-37  1.69792e-45 -1.67491e-37  3.77587e-45  6.61894e-38  5.27802e-45  9.83114e-39  7.01547e-46 -1.77834e-38 -3.41565e-46  4.24285e-39 -8.30421e-45  3.73626e-39 -2.84226e-44 -5.16752e-39 -1.11913e-45  1.65454e-39  6.73606e-45 -3.53105e-40 -5.77931e-44 -1.05122e-40  6.20206e-45  -5.4115e-41   6.0659e-44   6.2965e-41 -2.10479e-44  2.20186e-41 -2.61475e-44 -1.14327e-41  1.43164e-44 -8.73724e-42 -1.93672e-44  1.73157e-42 -1.35195e-44  6.82304e-43 -6.39509e-45 -5.28433e-43 -2.79043e-45 -5.90397e-44 -6.89034e-45   1.1675e-43  6.32286e-46  3.58568e-44   4.3433e-46 -2.43893e-44  1.84087e-46  5.85132e-45  9.38803e-48  2.82533e-45  1.01023e-46 -1.10168e-45 -2.00116e-48 -1.80187e-46  1.32173e-47  6.33183e-47  -7.9794e-49  1.15832e-47  5.37642e-49 -8.01662e-48  6.44111e-50 -1.20434e-48 -5.55208e-50    7.785e-49  4.43848e-50  1.69205e-49 -3.82505e-52 -3.79303e-50  2.52587e-51  5.84877e-51 -5.89352e-52  1.85527e-52  3.12587e-52 -1.70834e-51 -1.74001e-52    1.906e-51  1.80093e-52 -1.62805e-51   -1.485e-52  1.16049e-51  1.00449e-52 -6.65534e-52 -5.35898e-53  2.87465e-52  2.08099e-53 -8.37808e-53 -5.07324e-54  1.29372e-53  4.99607e-55
-9.58881e-51 -2.41072e-35   8.1309e-51 -1.37349e-34  5.88144e-50  2.76736e-34  1.57461e-49 -1.46437e-34 -2.57957e-49 -8.42068e-35 -1.31197e-49  1.69539e-34  5.73113e-50  -1.0006e-34  -2.1002e-50 -2.33478e-35 -7.67778e-50  7.30435e-35 -1.47224e-49 -2.94438e-35 -1.66959e-49 -3.24778e-35 -8.22287e-50   4.4332e-35 -2.13091e-48 -2.60142e-35 -5.51273e-48  5.15451e-36 -1.38453e-47  4.93121e-36 -1.60492e-47 -1.41296e-36 -3.70012e-47  1.30546e-36  5.46123e-46 -1.30026e-36  1.67691e-45 -1.32487e-37  4.32938e-45  3.79998e-37  6.85907e-45 -1.75691e-37  1.59092e-44  6.48002e-38  2.07907e-44  2.27684e-38   1.2163e-45 -2.17482e-38 -1.15159e-45  3.62176e-39 -3.18006e-44  6.81929e-39 -1.08396e-43 -7.49977e-39  1.43565e-44   1.8942e-39   4.1357e-44 -4.03138e-40 -2.03146e-43 -5.58593e-41  3.33753e-44 -9.39827e-41   1.9439e-43  8.64331e-41 -7.28791e-44  3.95971e-41  -8.5804e-44 -1.88794e-41  4.22238e-44 -1.36479e-41 -5.43992e-44  -7.0543e-44 -3.35093e-44  2.07283e-42 -1.30223e-44  -1.0809e-42 -4.78295e-45 -2.90646e-43 -1.51792e-44  2.89588e-43  1.43459e-45  7.38521e-44  1.05506e-45 -5.60792e-44  5.00992e-46  1.17116e-44  -1.9099e-47  6.43407e-45   1.5869e-46 -2.37465e-45 -2.85735e-48 -4.43864e-46  2.24759e-47  1.32654e-46 -1.65529e-48  2.30681e-47  1.04798e-48 -1.42369e-47  1.26549e-50 -2.36643e-48 -8.94454e-50  1.13962e-48  7.90971e-50  2.77838e-49 -4.23296e-51 -6.37283e-50  6.01647e-51  8.10537e-51 -1.82524e-51  6.70813e-51  1.36841e-51 -1.08985e-50 -1.12978e-51  1.03973e-50  1.02239e-51 -8.02537e-51 -7.59652e-52  5.04644e-51   4.5301e-52 -2.45936e-51 -2.05066e-52   8.5335e-52  6.34479e-53 -1.79244e-52 -1.06095e-53  1.42547e-53
 4.18821e-35 -2.14183e-50  -4.1492e-35 -6.60413e-50 -1.43646e-34  1.57461e-49  2.92951e-34  2.62583e-49 -1.64736e-34 -2.36102e-49 -8.02047e-35 -1.59524e-49  2.00406e-34 -3.01175e-50 -1.44219e-34 -4.76723e-50 -1.05173e-35 -1.03395e-49  8.11626e-35 -3.35789e-49 -3.01359e-35  -8.7597e-49 -4.02191e-35 -4.30956e-49  4.84999e-35 -9.84422e-48 -2.80735e-35 -2.73492e-47  6.14636e-36 -6.38761e-47  5.14121e-36  -5.6765e-47 -6.99327e-37  -2.2095e-46   1.4076e-36  2.53781e-45 -1.91353e-36  8.00212e-45 -5.24617e-38  1.73254e-44  4.76326e-37  2.50678e-44 -1.57962e-37  6.11731e-44  4.31453e-38  7.41574e-44   4.6402e-38 -8.50262e-46 -2.47084e-38 -2.32144e-45  1.47943e-39 -1.08248e-43  1.11791e-38 -3.80032e-43 -9.28512e-39  9.61906e-44  1.55522e-39  1.76454e-43 -3.51854e-40  -6.5288e-43  1.01992e-40  1.33433e-43 -1.04673e-40  5.56774e-43  8.88875e-41 -2.24183e-43  6.11972e-41 -2.44875e-43 -2.77792e-41  1.09615e-43 -1.84277e-41  -1.3739e-43  -5.8428e-42 -7.23882e-44  4.90296e-42 -2.32469e-44 -1.86226e-42 -6.13251e-45 -7.89915e-43 -2.95811e-44  5.91099e-43  2.75462e-45  1.36926e-43  2.32797e-45 -1.14682e-43  1.19042e-45  2.05544e-44 -1.14482e-46  1.23586e-44  2.09393e-46 -4.38729e-45 -5.01303e-48 -9.10182e-46  3.42992e-47  2.24757e-46 -2.88827e-48  4.10509e-47  1.74263e-48 -2.24954e-47 -1.44971e-49 -3.75482e-48 -1.36379e-49  1.41973e-48  1.26601e-49  3.75844e-49  -1.5461e-50 -7.15993e-50  1.46555e-50 -1.92787e-50 -7.40052e-51  5.07823e-50   6.8327e-51 -5.65872e-50 -6.07551e-51  4.74114e-50   4.9092e-51 -3.23288e-50 -3.23493e-51  1.74022e-50  1.66437e-51 -6.90066e-51 -6.19407e-52  1.77933e-51  1.43329e-52 -2.24715e-52 -1.31974e-53
 3.86839e-51   8.0103e-35 -3.75734e-50 -6.03709e-35 -1.78319e-49 -1.46437e-34  2.62583e-49  3.28754e-34  3.41131e-49 -2.13603e-34 -9.98511e-50 -6.45991e-35 -1.82631e-49  2.37573e-34 -1.15816e-49 -1.93879e-34 -9.83747e-50  1.89239e-36 -9.59595e-50  8.70333e-35  -1.2252e-48 -2.79031e-35 -4.18434e-48 -4.45369e-35  -1.8247e-48  4.55588e-35  -3.9132e-47  -2.6193e-35 -1.24497e-46  6.90758e-36 -2.65454e-46  4.84344e-36 -1.40296e-46  3.61679e-37 -1.13781e-45  1.20374e-36  1.08307e-44 -2.47228e-36  3.46892e-44 -2.61837e-39  6.36902e-44  6.14538e-37  8.46549e-44 -1.26822e-37  2.18075e-43  -2.4372e-39  2.43097e-43  8.20522e-38 -1.90236e-44    -2.58e-38 -4.64031e-47 -2.84985e-39  -3.3091e-43  1.66639e-38 -1.23771e-42 -9.34089e-39  4.01304e-43  1.88294e-40  6.11575e-43 -9.57539e-41 -1.93635e-42  4.02564e-40  4.42577e-43 -2.24636e-41  1.44385e-42  4.32427e-41 -6.21703e-43  8.16014e-41 -6.19024e-43 -3.72581e-41    2.525e-43 -2.12672e-41 -3.16614e-43 -1.82407e-41 -1.37188e-43  9.91639e-42 -3.71591e-44 -2.73754e-42 -3.60173e-45 -1.68725e-42 -5.15115e-44   1.0566e-42   4.5079e-45  2.34068e-43  4.73211e-45 -2.12925e-43  2.51633e-45  3.22245e-44  -3.4826e-46  2.05535e-44  2.25866e-46 -7.10181e-45 -1.37649e-47 -1.61656e-45   4.7695e-47  3.12044e-46  -4.1288e-48  6.79567e-47  2.37588e-48 -3.31364e-47 -4.52616e-49 -4.60277e-48 -2.14717e-49  1.53248e-48  1.91081e-49  3.21586e-49 -4.93086e-50     6.51e-50  4.39493e-50 -2.14412e-49 -3.42677e-50  2.63735e-49  3.26841e-50 -2.42457e-49 -2.76715e-50  1.77742e-49  1.98979e-50 -1.03724e-49 -1.14258e-50  4.54319e-50   4.9328e-51 -1.33595e-50 -1.43804e-51  2.06211e-51  2.22064e-52 -6.37403e-53
-2.76686e-35  3.08199e-50  1.09027e-34 -6.26198e-50  -7.6553e-35 -2.57957e-49 -1.64736e-34  3.41131e-49   4.0537e-34  3.87775e-49 -2.98638e-34  1.03089e-49 -3.89643e-35 -2.11143e-49  2.73133e-34 -2.02768e-49 -2.37213e-34 -1.00806e-49  8.25053e-36  2.45499e-49  9.17249e-35 -4.94031e-48 -2.51825e-35  -1.7609e-47  -4.1883e-35 -7.74855e-48   3.4053e-35 -1.31434e-46 -2.04588e-35 -5.31305e-46  7.73265e-36 -1.00476e-45  4.20667e-36 -5.47455e-47  1.48255e-36 -5.16959e-45  6.56106e-37  4.30904e-44 -2.86028e-36  1.38134e-43     -4.7e-38  2.17745e-43  8.28154e-37  2.68665e-43 -1.01447e-37  7.28068e-43 -7.24234e-38  7.39615e-43  1.26116e-37 -1.06643e-43 -2.32338e-38  2.17277e-44 -1.01993e-38 -9.12771e-43   2.2812e-38  -3.7646e-42 -6.32407e-39  1.33302e-42 -2.67148e-39  1.82451e-42   5.4036e-40 -5.32604e-42  8.27919e-40  1.27596e-42  2.47145e-40  3.42121e-42 -8.48196e-41 -1.57108e-42  9.22126e-41 -1.40436e-42 -4.54307e-41  5.17211e-43 -2.05849e-41 -6.72605e-43 -3.99181e-41  -2.2753e-43  1.78458e-41 -5.47307e-44 -3.35794e-42   9.5633e-45 -3.10685e-42 -8.04734e-44   1.7088e-42  6.22938e-45  3.75851e-43  8.95007e-45 -3.62702e-43  4.79871e-45  4.53839e-44 -8.34452e-46  2.99228e-44   1.8088e-46 -1.01864e-44 -4.15879e-47 -2.54646e-45  6.08398e-47  3.43687e-46 -4.31207e-48  1.08789e-46  2.31319e-48  -4.7874e-47 -9.14731e-49 -3.68957e-48 -3.90509e-49  1.72387e-48  3.11902e-49 -4.09708e-49 -1.70941e-49   8.8658e-49  1.65385e-49 -1.10761e-48 -1.53968e-49  1.07825e-48  1.39063e-49 -8.46217e-49   -1.071e-49  5.25463e-49  6.75539e-50  -2.4544e-49 -3.29481e-50   7.6173e-50  1.14321e-50 -1.09833e-50 -2.39872e-51 -7.10864e-52  1.89615e-52
 6.36324e-51 -4.26868e-35  8.04706e-50  1.29248e-34 -9.64587e-50 -8.42068e-35 -2.36102e-49 -2.13603e-34  3.87775e-49   5.3228e-34  4.23102e-49 -4.13695e-34  2.99511e-49 -6.12954e-36 -2.80501e-49  2.96543e-34 -3.85327e-49 -2.63055e-34  5.39098e-49  5.25039e-36  2.97359e-48  9.60651e-35 -1.76372e-47 -2.51715e-35 -6.56261e-47 -3.01349e-35    -3.73e-47  1.50059e-35 -3.55358e-46 -1.22126e-35 -2.17138e-45  9.00649e-36 -3.49921e-45  3.59515e-36  1.96963e-45  2.26003e-36 -2.09773e-44 -1.79918e-37  1.61566e-43 -3.00159e-36  5.09677e-43 -2.31066e-37  6.98624e-43  1.13842e-36  8.11446e-43    -9.83e-38  2.29003e-42 -1.63802e-37  2.10114e-42  1.68369e-37 -4.46282e-43 -1.43017e-38  1.03507e-43 -2.13944e-38 -2.27171e-42  2.89697e-38 -1.07201e-41  9.00632e-40  3.79547e-42 -7.37007e-39  4.82705e-42  1.81411e-39 -1.36234e-41  1.26647e-39  3.27887e-42  8.25148e-40  7.45729e-42 -3.36599e-40 -3.64781e-42  8.18814e-41 -2.88742e-42 -4.74508e-41  9.37565e-43 -1.67145e-41  -1.3267e-42 -7.27143e-41 -3.24992e-43  2.91832e-41 -7.75965e-44 -3.08238e-42  4.52437e-44  -5.1393e-42 -1.12494e-43   2.5483e-42  6.97236e-45  5.74727e-43  1.58691e-44 -5.69891e-43  8.34982e-45  5.70309e-44 -1.74044e-45  3.80696e-44   6.4523e-47 -1.29674e-44  -1.0946e-46 -3.61821e-45  7.07879e-47  2.53883e-46 -1.30331e-48  1.73347e-46  3.76728e-49 -7.03139e-47 -1.40404e-48 -3.06086e-49 -8.94904e-49  3.59148e-48  7.07219e-49 -3.73109e-48 -6.56989e-49  4.27646e-48   6.6553e-49 -4.26575e-48 -6.21289e-49  3.48965e-48  5.11273e-49  -2.2594e-48 -3.48549e-49  1.07245e-48  1.87865e-49 -3.05793e-49 -7.44689e-50  4.90821e-51  1.91284e-50  3.01767e-50 -2.37905e-51 -6.58968e-51
-2.42335e-36 -1.40649e-51 -4.84731e-35  1.21659e-49  1.47089e-34 -1.31197e-49 -8.02047e-35 -9.98511e-50 -2.98638e-34  4.23102e-49  7.02069e-34  4.64643e-49 -5.41267e-34  4.08561e-49   2.9339e-35  -5.8261e-49  2.99108e-34 -1.10517e-48 -2.66021e-34  5.70198e-48 -5.84962e-36  2.04238e-47  9.99831e-35 -4.93605e-47 -3.03287e-35 -2.17695e-46 -1.01386e-35 -2.05944e-46 -8.05814e-36 -6.58741e-46 -3.61036e-36 -8.64853e-45  1.09981e-35 -1.13362e-44  3.45848e-36    1.531e-44  2.29632e-36 -7.65118e-44 -1.16167e-36  5.74891e-43 -2.89369e-36  1.75474e-42 -5.64182e-37  2.11714e-42  1.54333e-36  2.35091e-42 -1.23332e-37  6.80695e-42 -2.69738e-37  5.59149e-42  1.92364e-37 -1.60172e-42  3.82573e-39  2.95173e-43 -3.69512e-38 -5.07264e-42   3.4511e-38 -2.86119e-41  1.29085e-38  9.59334e-42 -1.39694e-38  1.15348e-41  4.02077e-39 -3.24631e-41  1.49126e-39  7.62546e-42  1.84966e-39    1.503e-41  -7.6376e-40 -7.83364e-42  3.82304e-41 -5.42138e-42 -3.23603e-41  1.47896e-42 -1.39292e-41 -2.44193e-42 -1.16813e-40 -3.81433e-43  4.39025e-41 -1.11928e-43 -9.23218e-43  1.21801e-43 -7.80977e-42 -1.38931e-43  3.54274e-42  5.39809e-45  8.43643e-43  2.65478e-44 -8.28035e-43  1.33894e-44  6.23138e-44 -3.29227e-45  4.15113e-44   -9.426e-47 -1.44761e-44 -2.43449e-46 -4.70447e-45  7.30619e-47 -2.04306e-47  8.43126e-48  2.76424e-46 -5.32922e-48 -1.03851e-46 -1.31453e-48  2.48302e-48  -2.5847e-48  1.31074e-47  2.32255e-48 -1.55431e-47 -2.54791e-48  1.50619e-47  2.50941e-48 -1.24987e-47 -2.17327e-48  8.08011e-48  1.58404e-48  -3.5437e-48 -9.24013e-49  5.03008e-49  4.03875e-49   5.8836e-49 -1.17587e-49 -4.72856e-49  1.74286e-50  1.37343e-49 -3.58051e-52
 -1.1336e-50 -1.21559e-35  -1.3481e-50 -5.39826e-35  1.16574e-49  1.69539e-34 -1.59524e-49 -6.45991e-35  1.03089e-49 -4.13695e-34  4.64643e-49  8.90627e-34   4.7572e-49 -6.57127e-34  2.22266e-49  6.18894e-35 -2.19872e-48  2.77597e-34 -4.29669e-48 -2.49452e-34  3.71036e-47 -1.93483e-35  1.18065e-46  1.02767e-34 -7.46597e-47 -4.13624e-35 -6.47153e-46  1.41954e-35 -1.19025e-45 -3.02931e-35 -8.15089e-47  3.16045e-36 -3.38939e-44   1.3673e-35 -3.46195e-44  4.16411e-36  8.01221e-44   1.3351e-36 -2.51428e-43 -2.08358e-36  1.94801e-42 -2.62186e-36  5.66911e-42 -1.01881e-36  6.08558e-42  2.01592e-36  6.55588e-42 -1.69938e-37  1.91472e-41 -3.78833e-37  1.39549e-41  1.78357e-37 -5.16346e-42  3.25731e-38  4.90236e-43 -5.67478e-38 -1.00146e-41  3.89885e-38 -7.16219e-41  2.95488e-38  2.19854e-41 -2.20864e-38  2.52096e-41   7.3614e-39 -7.21628e-41  1.18319e-39  1.62046e-41   3.4619e-39  2.81236e-41 -1.43559e-39 -1.56467e-41 -5.08177e-41 -9.35356e-42  1.99771e-41    1.939e-42 -2.18697e-41 -4.20811e-42 -1.70142e-40 -3.12691e-43  6.12137e-41 -1.70635e-43  4.45157e-42  2.64515e-43 -1.10388e-41 -1.46428e-43  4.61609e-42  1.01095e-46  1.19111e-42   4.2168e-44 -1.11309e-42  1.99822e-44  5.49057e-44  -5.7651e-45  3.64731e-44 -2.07601e-46 -1.35957e-44 -4.64889e-46 -5.68047e-45  6.13846e-47 -5.16346e-46  3.02562e-47  4.30734e-46 -1.81141e-47 -1.42991e-46  1.79128e-48 -1.02811e-47 -8.59103e-48  4.65274e-47  8.56451e-48 -4.78977e-47 -9.12189e-48  3.81341e-47  8.28191e-48 -2.26783e-47 -6.36026e-48  6.32458e-48  3.93376e-48  4.55341e-48 -1.82416e-48 -7.45806e-48  5.51552e-49  5.01585e-48 -6.86442e-50 -1.79921e-48 -1.00463e-50   2.4284e-49
 1.13628e-35 -2.61549e-50 -2.39545e-35 -1.82969e-50 -6.94214e-35  5.73113e-50  2.00406e-34 -1.82631e-49 -3.89643e-35  2.99511e-49 -5.41267e-34   4.7572e-49  1.06468e-33  1.83981e-49 -7.38785e-34 -1.35236e-48  8.69362e-35 -1.06863e-47  2.35427e-34 -1.77745e-47 -2.24021e-34  2.02156e-46 -2.78297e-35  6.08689e-46  1.03946e-34  2.37886e-46 -5.71333e-35 -1.76269e-45  3.73527e-35 -6.61459e-45 -4.72724e-35  5.77616e-45  6.61741e-36 -1.30682e-43  1.66292e-35 -1.01337e-43  5.83781e-36  3.45175e-43 -6.37858e-37  -7.4324e-43 -2.71133e-36  6.29062e-42 -2.35047e-36  1.72662e-41 -1.54178e-36   1.6633e-41  2.51039e-36  1.75972e-41 -2.24588e-37  5.09982e-41 -4.73795e-37   3.2653e-41  1.08254e-37 -1.52386e-41  7.02005e-38 -2.30279e-43 -7.97534e-38 -1.68848e-41  4.19895e-38 -1.68255e-40  5.00807e-38   4.6378e-41 -3.07799e-38  5.08583e-41  1.17295e-38 -1.49831e-40  1.03408e-41  3.16508e-41  5.78781e-39  4.90163e-41 -2.44733e-39 -2.92117e-41 -1.95292e-40 -1.49079e-41   1.3969e-40  1.80898e-42 -5.52964e-41 -6.80251e-42 -2.28227e-40 -5.88894e-45  7.94473e-41 -2.71709e-43  1.46149e-41  5.04425e-43 -1.45929e-41 -1.18668e-43  5.64225e-42 -9.90464e-45  1.61234e-42  6.40216e-44 -1.38194e-42  2.80512e-44  2.80507e-44 -9.44625e-45  2.01095e-44 -1.17732e-46 -9.28037e-45 -7.75332e-46 -6.48392e-45  2.73228e-47 -1.21724e-45  7.31608e-47  6.24601e-46 -4.58979e-47 -1.54986e-46  1.67468e-47 -7.44297e-47 -2.91303e-47  1.24688e-46  2.93898e-47 -9.48692e-47 -2.82887e-47  3.84268e-47  2.25453e-47  1.96881e-47  -1.4392e-47 -5.69475e-47  6.69566e-48  6.12539e-47 -1.75578e-48 -4.13468e-47 -1.22565e-49  1.75857e-47  2.62109e-49 -3.88975e-48 -5.41743e-50
  3.4902e-51  2.33728e-35 -4.00244e-50 -3.15755e-35 -1.63222e-50  -1.0006e-34 -3.01175e-50  2.37573e-34 -2.11143e-49 -6.12954e-36  4.08561e-49 -6.57127e-34  1.83981e-49  1.19454e-33 -1.90861e-48 -7.73609e-34 -1.01648e-47  1.02351e-34 -5.19882e-47   1.8112e-34 -6.95064e-47  -2.0263e-34  9.80917e-46 -2.57831e-35  2.85561e-45  1.03971e-34  2.81059e-45 -7.52568e-35 -4.70664e-45  5.43682e-35 -3.39878e-44 -5.63922e-35  2.95037e-44  6.36936e-36 -4.92009e-43   1.9195e-35  -2.8988e-43  8.27715e-36  1.30149e-42 -3.35872e-36 -1.96276e-42 -2.82377e-36  1.93418e-41 -2.29423e-36  4.97569e-41 -2.06642e-36  4.32744e-41  2.97134e-36  4.53801e-41 -2.78653e-37  1.28666e-40 -5.30056e-37  7.15385e-41 -2.86987e-38 -4.15108e-41  1.10628e-37 -5.47522e-42 -1.03841e-37 -2.20432e-41  4.25403e-38 -3.71225e-40   7.3613e-38  9.11613e-41 -3.85338e-38  9.53897e-41  1.64779e-38 -2.90916e-40 -2.25225e-39  5.69828e-41  8.91698e-39  7.97947e-41 -3.92438e-39 -5.12078e-41  -4.0109e-40 -2.20551e-41  3.63473e-40  1.25332e-43 -1.31487e-40 -1.03211e-41 -2.84537e-40  6.54024e-43  9.61532e-41 -4.29684e-43  3.11285e-41  8.75373e-43 -1.80288e-41 -4.01058e-44  6.44799e-42 -2.47104e-44  2.07921e-42  9.35718e-44 -1.57658e-42  3.74953e-44 -2.39187e-44 -1.45604e-44  -8.2654e-45  3.95103e-46  -8.0155e-46 -1.13963e-45 -7.16831e-45 -4.31457e-47 -2.01676e-45  1.57445e-46  7.90112e-46 -1.12076e-46 -8.40936e-47  7.06759e-47 -1.86761e-46 -9.09353e-47  1.45086e-46  8.53306e-47  5.49415e-47 -6.99025e-47 -2.69187e-46  4.40689e-47  4.01158e-46 -1.81616e-47 -3.97417e-46  1.06493e-48  2.81617e-46  4.67394e-48 -1.38177e-46 -3.38176e-48  4.13797e-47  9.78148e-49 -4.93518e-48
 -3.8865e-36  8.17436e-52  3.63996e-35 -4.88277e-50 -3.13834e-35  -2.1002e-50 -1.44219e-34 -1.15816e-49  2.73133e-34 -2.80501e-49   2.9339e-35  2.22266e-49 -7.38785e-34 -1.90861e-48  1.26529e-33 -1.36771e-47 -7.62001e-34 -5.50525e-47  1.08307e-34 -2.36365e-46  1.25119e-34  -2.4409e-46 -1.94623e-34  4.34073e-45 -1.19312e-35  1.23267e-44  1.04087e-34  1.61372e-44 -9.29055e-35 -1.41166e-44  6.25222e-35 -1.59738e-43 -5.73643e-35  8.88443e-44  3.08142e-36 -1.79045e-42  2.06352e-35 -8.25273e-43  1.09737e-35  4.41508e-42 -6.31434e-36 -4.55298e-42 -2.26225e-36   5.6532e-41 -2.67819e-36  1.36059e-40 -2.51651e-36  1.07184e-40  3.34145e-36  1.12178e-40 -3.41388e-37  3.07638e-40 -5.15995e-37   1.4642e-40 -2.31174e-37 -1.04729e-40  1.43707e-37 -2.59036e-41 -1.25674e-37 -1.32067e-41   3.8118e-38 -7.69904e-40  9.97222e-38  1.68786e-40 -4.33849e-38  1.67291e-40  2.02744e-38 -5.28796e-40 -5.60652e-39  9.45543e-41  1.28823e-38  1.21631e-40 -6.01718e-39 -8.46564e-41 -6.67876e-40 -3.04235e-41  7.26339e-40 -4.63231e-42 -2.65512e-40 -1.46822e-41 -3.31209e-40  1.74111e-42  1.08438e-40 -6.40254e-43   5.5122e-41  1.41016e-42 -2.06522e-41  9.88488e-44  6.82851e-42 -4.32195e-44  2.53469e-42  1.32573e-43 -1.63395e-42  4.83784e-44 -1.04109e-43 -2.11547e-44 -4.64561e-44  1.57255e-45  1.20323e-44  -1.4673e-45 -7.92492e-45 -1.86032e-46 -2.72677e-45  3.38203e-46  9.08595e-46 -2.80088e-46 -1.54196e-46  2.25067e-46  2.42079e-46 -2.35251e-46 -8.88384e-46  1.83114e-46   1.6907e-45 -1.04002e-46 -2.20478e-45  2.02861e-47  2.17677e-45  3.44637e-47 -1.64112e-45 -4.70894e-47  9.10448e-46  3.11342e-47 -3.39554e-46 -1.13457e-47  6.79987e-47  1.58221e-48
-2.69736e-51 -7.46727e-36 -1.77465e-50  4.97085e-35 -5.80566e-50 -2.33478e-35 -4.76723e-50 -1.93879e-34 -2.02768e-49  2.96543e-34  -5.8261e-49  6.18894e-35 -1.35236e-48 -7.73609e-34 -1.36771e-47  1.28037e-33 -7.38546e-47 -7.14517e-34 -2.67075e-46  1.05889e-34 -9.90715e-46  7.65518e-35 -7.32528e-46 -2.02419e-34  1.77485e-44  1.07577e-35  4.93234e-44  1.05522e-34   7.1822e-44 -1.07453e-34 -5.27187e-44  6.18806e-35 -6.87156e-43 -5.18016e-35  1.33194e-43 -1.85393e-36 -6.24028e-42  2.03533e-35 -2.36372e-42  1.32346e-35  1.36797e-41 -8.81552e-36  -8.9055e-42 -9.80698e-37  1.56806e-40 -3.69671e-36  3.53798e-40 -2.80177e-36  2.52594e-40  3.56581e-36  2.65337e-40 -4.47025e-37  6.97576e-40 -3.96772e-37  2.79039e-40 -4.83668e-37 -2.45015e-40  1.57469e-37 -8.77639e-41 -1.40663e-37  3.94949e-41   2.3604e-38 -1.50239e-39  1.29035e-37  2.97353e-40 -4.32221e-38   2.7559e-40  2.11569e-38 -9.00664e-40  -9.7765e-39  1.44073e-40  1.76466e-38  1.74005e-40 -8.88366e-39 -1.32558e-40  -9.8793e-40 -3.92976e-41  1.25009e-39 -1.45244e-41 -4.64665e-40 -1.95144e-41 -3.59928e-40  3.24287e-42  1.13479e-40 -8.63764e-43  8.67498e-41  2.13819e-42 -2.15205e-41  2.96414e-43  6.57344e-42  -6.3105e-44  2.89786e-42   1.8311e-43 -1.49926e-42  6.10861e-44 -2.12238e-43  -2.8954e-44 -8.95068e-44  3.58747e-45  2.86485e-44 -1.58102e-45 -8.84343e-45  -5.0372e-46 -3.64866e-45   7.4383e-46  2.20404e-45 -6.60074e-46 -2.89668e-45  5.21259e-46   5.2227e-45 -3.87116e-46 -8.14969e-45  1.23281e-46   1.0276e-44  1.47426e-46 -1.04033e-44 -3.20915e-46   8.3688e-45   3.3523e-46 -5.16908e-45 -2.28411e-46  2.28912e-45  9.98178e-47 -6.30165e-46  -2.2985e-47    6.968e-47
 -3.0125e-36 -5.77748e-51  -1.2456e-35 -5.16233e-50  6.23248e-35 -7.67778e-50 -1.05173e-35 -9.83747e-50 -2.37213e-34 -3.85327e-49  2.99108e-34 -2.19872e-48  8.69362e-35 -1.01648e-47 -7.62001e-34 -7.38546e-47  1.25634e-33 -3.59107e-46  -6.4576e-34  -1.1975e-45  9.57911e-35 -3.81928e-45  4.11907e-35 -1.67007e-45 -2.21782e-34  6.76333e-44  3.68549e-35  1.83934e-43  1.08572e-34  2.72398e-43 -1.16904e-34 -2.27393e-43  5.46939e-35 -2.71734e-42 -4.23007e-35 -3.54199e-43  -6.7414e-36 -2.06965e-41  1.79894e-35 -6.80364e-42  1.43563e-35  3.90703e-41 -1.00917e-35 -1.29674e-41  9.18692e-37  4.12229e-40 -5.47923e-36  8.76248e-40 -2.81268e-36  5.65811e-40  3.59332e-36  5.99989e-40     -6.5e-37  1.50144e-39 -1.42663e-37  4.92697e-40 -7.58352e-37 -5.31619e-40  1.42214e-37 -2.47144e-40 -1.43014e-37  1.96323e-40 -9.26591e-39 -2.76121e-39  1.63542e-37  5.03162e-40 -3.62499e-38  4.27963e-40  1.68483e-38  -1.4384e-39   -1.426e-38  1.99694e-40  2.31009e-38  2.34179e-40 -1.26599e-38 -1.97457e-40  -1.3471e-39 -4.77057e-41  1.93185e-39 -3.19547e-41 -7.24011e-40 -2.40517e-41 -3.62763e-40  5.03532e-42  1.09065e-40 -1.01896e-42  1.24665e-40  3.08768e-42 -1.95235e-41  5.35425e-43  5.49587e-42 -8.09722e-44    3.082e-42  2.47324e-43 -1.13901e-42  7.63036e-44 -3.44916e-43 -3.72005e-44 -1.30336e-43  6.38635e-45  4.67323e-44 -1.16864e-45 -7.78328e-45 -1.18987e-45 -9.63234e-45  1.48102e-45  1.38658e-44 -1.10767e-45  -2.2631e-44  4.19296e-46  3.34872e-44  4.29975e-46 -4.21527e-44 -1.36468e-45  4.42439e-44  1.95309e-45 -3.79375e-44 -1.94317e-45  2.57665e-44  1.40833e-45 -1.31319e-44 -7.15791e-46   4.5424e-45  2.24654e-46 -8.45213e-46 -2.84288e-47
 3.01921e-51 -6.93386e-36 -1.05727e-50 -1.88837e-35 -9.18401e-50  7.30435e-35 -1.03395e-49  1.89239e-36 -1.00806e-49 -2.63055e-34 -1.10517e-48  2.77597e-34 -1.06863e-47  1.02351e-34 -5.50525e-47 -7.14517e-34 -3.59107e-46  1.21342e-33 -1.61688e-45 -5.68974e-34 -4.99854e-45  7.80477e-35 -1.35304e-44  2.09241e-35 -1.39495e-45 -2.44727e-34  2.41655e-43  6.07551e-35  6.41947e-43   1.1221e-34  9.11496e-43 -1.20191e-34 -9.87117e-43  4.41722e-35 -9.92847e-42 -3.14995e-35 -3.89969e-42 -9.94294e-36 -6.50777e-41  1.33794e-35  -1.9459e-41  1.37869e-35  1.03474e-40  -9.3911e-36 -5.57525e-42   3.1818e-36  1.02629e-39 -8.06573e-36   2.0693e-39 -2.42446e-36  1.20307e-39  3.37626e-36  1.29692e-39 -1.00684e-36  3.07076e-39  2.59662e-37  7.99614e-40 -1.02129e-36 -1.06906e-39   9.5528e-38 -6.10023e-40 -1.25893e-37  5.62821e-40   -7.139e-38 -4.78395e-39  2.06483e-37  8.24678e-40 -2.15422e-38  6.27896e-40  5.29076e-39 -2.15459e-39 -1.84938e-38  2.46637e-40  2.90767e-38  2.97227e-40 -1.74239e-38 -2.81041e-40 -1.72816e-39 -5.45376e-41   2.7365e-39  -5.9273e-41 -1.02489e-39  -2.7065e-41 -3.32925e-40  6.90072e-42  9.40113e-41 -9.99944e-43   1.6572e-40  4.29465e-42   -1.355e-41  7.82347e-43  3.45599e-42  -9.2657e-44  3.02152e-42  3.26589e-43 -5.50015e-43   9.4707e-44 -4.97827e-43 -4.45202e-44 -1.58224e-43  9.55138e-45  5.58837e-44  5.18996e-47  1.18781e-44 -1.98927e-45 -5.03285e-44  1.41541e-45  8.21203e-44  8.63541e-46 -1.21211e-43 -4.09823e-45  1.55418e-43  7.38117e-45 -1.69688e-43 -9.62467e-45  1.54641e-43  9.68255e-45 -1.14296e-43 -7.53146e-45  6.55342e-44  4.35799e-45 -2.70173e-44  -1.7145e-45  6.88785e-45  3.66844e-46 -6.93492e-46
 3.93026e-36  8.41473e-51 -1.17137e-35 -1.74383e-50 -2.52563e-35 -1.47224e-49  8.11626e-35 -9.59595e-50  8.25053e-36  5.39098e-49 -2.66021e-34 -4.29669e-48  2.35427e-34 -5.19882e-47  1.08307e-34 -2.67075e-46  -6.4576e-34 -1.61688e-45  1.16746e-33 -6.78598e-45 -4.93457e-34  -1.9486e-44  5.26973e-35 -4.39671e-44  1.43846e-35  1.29574e-44 -2.63055e-34  8.13196e-43  7.83719e-35  2.10401e-42  1.14402e-34  2.73067e-42 -1.17369e-34  -4.0086e-42  3.32352e-35 -3.36804e-41 -2.14171e-35 -1.99849e-41 -1.00941e-35 -1.93698e-40   6.4248e-36 -5.44598e-41  1.12253e-35  2.55108e-40 -6.07746e-36  4.99821e-41  5.44046e-36  2.41885e-39 -1.13913e-35  4.66306e-39 -1.51559e-36   2.4242e-39  2.86855e-36  2.68126e-39 -1.54935e-36  5.97415e-39  7.96874e-37  1.17616e-39 -1.24207e-36 -1.98923e-39  2.67057e-38  -1.3551e-39 -8.17023e-38  1.30248e-39 -1.74425e-37 -7.81967e-39   2.6179e-37  1.31804e-39  4.48912e-40  8.70912e-40 -1.47416e-38  -3.0264e-39 -2.20874e-38  2.58344e-40  3.53656e-38  3.56764e-40 -2.31596e-38 -3.83865e-40 -2.11523e-39 -5.85953e-41  3.59623e-39  -9.8221e-41 -1.33727e-39 -2.68664e-41 -2.65549e-40   8.5955e-42  6.83056e-41 -7.23419e-43  2.05104e-40  5.81726e-42 -2.71618e-42  9.90443e-43  3.74986e-43 -9.36889e-44  2.69738e-42  4.20078e-43  2.40331e-43  1.16476e-43 -6.75197e-43 -4.91675e-44 -1.42588e-43    1.304e-44  4.44828e-45  2.32342e-46  1.37268e-43  1.97537e-45 -2.62413e-43 -8.79112e-45  3.94661e-43  1.98532e-44 -5.20562e-43 -3.20361e-44  5.92589e-43  4.09941e-44 -5.71654e-43 -4.26802e-44  4.55562e-43  3.56714e-44  -2.8863e-43 -2.31304e-44  1.36711e-43   1.0879e-44 -4.33183e-44 -3.22497e-45  7.13127e-45  3.90654e-46
 1.47349e-51  9.35038e-36  1.49688e-50 -1.74083e-35 -3.85486e-50 -2.94438e-35 -3.35789e-49  8.70333e-35  2.45499e-49  5.25039e-36  5.70198e-48 -2.49452e-34 -1.77745e-47   1.8112e-34 -2.36365e-46  1.05889e-34  -1.1975e-45 -5.68974e-34 -6.78598e-45  1.12644e-33 -2.66218e-44 -4.24479e-34 -7.10977e-44  2.06473e-35 -1.30475e-43  1.81261e-35   1.0533e-43 -2.70886e-34  2.58578e-42  8.78079e-35  6.49478e-42  1.12941e-34  7.35535e-42 -1.09587e-34 -1.49127e-41  2.36313e-35 -1.06544e-40 -1.31582e-35 -7.87815e-41 -6.17118e-36 -5.45649e-40  -3.0328e-36 -1.47107e-40  6.63422e-36  5.86873e-40  2.84604e-37  2.50625e-40  7.28622e-36  5.39736e-39 -1.52779e-35   1.0032e-38  1.89528e-39  4.61981e-39  2.02247e-36  5.30624e-39 -2.25885e-36  1.10677e-38   1.4244e-36  1.52432e-39 -1.40433e-36 -3.41405e-39 -4.10913e-38   -2.752e-39 -2.38359e-39  2.64079e-39 -3.27743e-37 -1.20662e-38  3.33233e-37  2.06353e-39   2.7608e-38  1.13981e-39 -4.31576e-38 -3.98246e-39 -2.50402e-38  1.95647e-40  4.17347e-38  4.06177e-40 -2.97312e-38 -5.05169e-40 -2.49645e-39 -5.85161e-41  4.41809e-39 -1.49325e-40 -1.62544e-39 -2.14147e-41 -1.58613e-40  9.95186e-42  3.30128e-41 -1.99698e-43  2.36994e-40  7.74938e-42  1.34064e-41  1.10724e-42 -3.75548e-42 -7.99668e-44  2.14318e-42  5.22696e-43  1.19703e-42  1.41804e-43 -9.34601e-43 -5.20904e-44  5.02927e-44  2.37806e-44 -3.43425e-43 -1.73618e-44  7.41582e-43   4.1413e-44 -1.17218e-42 -7.71197e-44  1.59722e-42  1.19921e-43 -1.89591e-42 -1.55867e-43  1.92845e-42  1.69393e-43 -1.64241e-42 -1.51893e-43  1.13177e-42  1.09027e-43 -5.97845e-43 -5.94611e-44  2.20482e-43  2.23555e-44 -4.68576e-44 -4.61482e-45   3.2072e-45
 -1.6452e-36  1.69205e-51   1.6848e-35  1.71133e-50 -2.43729e-35 -1.66959e-49 -3.01359e-35  -1.2252e-48  9.17249e-35  2.97359e-48 -5.84962e-36  3.71036e-47 -2.24021e-34 -6.95064e-47  1.25119e-34 -9.90715e-46  9.57911e-35 -4.99854e-45 -4.93457e-34 -2.66218e-44  1.09132e-33 -9.78018e-44 -3.64287e-34 -2.43171e-43 -1.59421e-35 -3.50363e-43  2.79056e-35  5.36649e-43 -2.65567e-34  7.78854e-42  8.91156e-35  1.89293e-41  1.06395e-34  1.77356e-41 -9.87465e-35 -5.07894e-41  1.55402e-35 -3.15503e-40 -6.92276e-36 -2.64913e-40  2.54706e-36 -1.45586e-39  -1.5244e-35 -3.79806e-40  1.79869e-37  1.26101e-39  9.86742e-36  8.17004e-40  8.35937e-36   1.1406e-38 -1.94326e-35  2.06121e-38  2.14973e-36  8.30465e-39  7.84268e-37  1.00609e-38 -3.05248e-36  1.95431e-38  2.07041e-36  1.62304e-39 -1.51336e-36 -5.37249e-39 -7.22643e-38 -5.16347e-39  1.20304e-37   4.8545e-39 -5.34992e-37 -1.75827e-38  4.23537e-37  3.17133e-39  5.62547e-38  1.39896e-39  -7.8384e-38  -4.8995e-39 -2.78452e-38  9.38875e-42   4.7926e-38  4.39885e-40 -3.68729e-38 -6.42654e-40  -2.8622e-39  -5.2607e-41  5.09832e-39 -2.11378e-40 -1.85518e-39 -8.54024e-42 -1.39906e-41  1.09738e-41 -9.93661e-42  3.94261e-43  2.55633e-40  1.02233e-41  3.46304e-41  1.08486e-42 -8.84713e-42 -4.77452e-44  1.39274e-42  6.20348e-43  2.38672e-42  1.78999e-43 -1.58382e-42 -7.57009e-44  9.98241e-43  9.12152e-44 -1.93301e-42 -1.44083e-43  3.19371e-42  2.61032e-43 -4.51769e-42  -4.0306e-43  5.58249e-42  5.37786e-43 -5.95903e-42 -6.13061e-43  5.37526e-42  5.88055e-43 -3.96454e-42 -4.62722e-43   2.2678e-42  2.86441e-43 -9.14709e-43 -1.29864e-43  2.09961e-43  3.73634e-44  -1.0577e-44 -4.41394e-45
-7.95975e-52 -4.48811e-36 -5.82163e-51  2.60571e-35  1.24727e-51 -3.24778e-35  -8.7597e-49 -2.79031e-35 -4.94031e-48  9.60651e-35  2.04238e-47 -1.93483e-35  2.02156e-46  -2.0263e-34  -2.4409e-46  7.65518e-35 -3.81928e-45  7.80477e-35  -1.9486e-44 -4.24479e-34 -9.78018e-44  1.05911e-33 -3.36897e-43 -3.13219e-34 -7.80377e-43 -5.39589e-35 -8.35069e-43  3.98405e-35  2.24346e-42 -2.47267e-34  2.22636e-41  8.34894e-35  5.22063e-41  9.48076e-35  3.76488e-41  -8.6847e-35  -1.5916e-40  7.59926e-36 -8.77572e-40 -2.21075e-36 -7.91579e-40  1.65521e-35 -3.68365e-39 -3.04588e-35 -9.31851e-40 -7.86539e-36  2.52954e-39  2.25541e-35  2.19421e-39  8.42494e-36  2.28405e-38 -2.34533e-35  4.04557e-38   4.8585e-36  1.40315e-38 -9.08436e-37  1.82889e-38 -3.78959e-36   3.2917e-38  2.64787e-36  1.07977e-39 -1.59693e-36 -7.66472e-39 -2.42582e-38 -9.01963e-39  2.94575e-37  8.24291e-39 -7.91405e-37 -2.41955e-38  5.33768e-37  4.78395e-39  8.17008e-38  1.58803e-39 -1.17625e-37 -5.61398e-39 -3.14101e-38 -3.52647e-40  5.36314e-38  4.54073e-40 -4.42019e-38 -7.91991e-40 -3.19812e-39 -3.87533e-41  5.54007e-39 -2.81137e-40 -2.00022e-39  1.37203e-41  1.61629e-40  1.18806e-41 -5.78524e-41  6.71173e-43  2.56543e-40  1.33922e-41  6.00837e-41  8.88136e-43 -1.46024e-41  1.38269e-44  2.35961e-43  6.68158e-43   4.4184e-42   2.9162e-43 -3.93863e-42 -2.55309e-43  4.91787e-42  4.64183e-43 -8.07239e-42 -7.84661e-43  1.18236e-41  1.23865e-42 -1.51703e-41 -1.70589e-42  1.68909e-41  2.04113e-42 -1.59639e-41 -2.08851e-42  1.23605e-41   1.7871e-42 -7.36945e-42 -1.23602e-42  2.96003e-42  6.54005e-43 -4.80822e-43 -2.39735e-43 -1.75372e-43  4.84149e-44  6.96522e-44
-9.67907e-38 -3.39331e-51 -9.00509e-36 -6.22801e-50  3.58973e-35 -8.22287e-50 -4.02191e-35 -4.18434e-48 -2.51825e-35 -1.76372e-47  9.99831e-35  1.18065e-46 -2.78297e-35  9.80917e-46 -1.94623e-34 -7.32528e-46  4.11907e-35 -1.35304e-44  5.26973e-35 -7.10977e-44 -3.64287e-34 -3.36897e-43   1.0261e-33 -1.08895e-42 -2.70652e-34 -2.35044e-42 -9.01146e-35 -1.68871e-42  5.13119e-35  8.27415e-42 -2.17931e-34  6.04824e-41  7.22542e-35  1.36518e-40  7.99399e-35  6.73183e-41 -7.52501e-35 -4.61623e-40 -2.76798e-36 -2.29968e-39  1.87976e-36 -2.14608e-39  3.61401e-35 -8.85166e-39 -4.87412e-35 -2.16654e-39 -1.72112e-35  4.72589e-39  3.79562e-35  5.18578e-39  7.41104e-36  4.33693e-38  -2.6845e-35  7.58655e-38  7.95635e-36  2.21651e-38 -3.12196e-36  3.18859e-38 -4.29969e-36  5.29141e-38  3.07059e-36 -7.01894e-40 -1.69703e-36 -9.68757e-39  1.43539e-37 -1.47571e-38    5.284e-37  1.30841e-38 -1.08298e-36 -3.14274e-38  6.63186e-37  7.07164e-39  9.91986e-38  1.61607e-39 -1.57508e-37 -5.94964e-39 -3.67937e-38 -9.34926e-40   5.8456e-38  4.46599e-40  -5.1251e-38 -9.45932e-40   -3.475e-39  -1.4611e-41  5.67005e-39 -3.53351e-40 -2.04598e-39  4.67192e-41  3.56328e-40  1.30643e-41 -1.07139e-40  4.49207e-44  2.37567e-40  1.73947e-41   8.8117e-41   4.8197e-43 -2.00614e-41  1.72262e-43  -2.6951e-42   4.8141e-43  1.00314e-41  8.17137e-43 -1.28502e-41 -1.22468e-42  1.92303e-41  2.19842e-42 -2.87205e-41 -3.50451e-42  3.80648e-41  5.01693e-42 -4.38287e-41 -6.29834e-42  4.27442e-41  6.85241e-42 -3.37268e-41 -6.33425e-42  1.95322e-41   4.8354e-42 -5.92313e-42 -2.91831e-42 -1.93456e-42  1.29445e-42  3.19754e-42 -3.65198e-43 -1.34485e-42  4.23525e-44
 6.72484e-54  2.31693e-37 -2.27218e-50 -1.48764e-35 -3.98327e-49   4.4332e-35 -4.30956e-49 -4.45369e-35  -1.7609e-47 -2.51715e-35 -4.93605e-47  1.02767e-34  6.08689e-46 -2.57831e-35  4.34073e-45 -2.02419e-34 -1.67007e-45  2.09241e-35 -4.39671e-44  2.06473e-35 -2.43171e-43 -3.13219e-34 -1.08895e-42  9.90404e-34 -3.30313e-42 -2.35885e-34 -6.64063e-42 -1.21815e-34 -2.52009e-42  6.14837e-35  2.77802e-41 -1.80196e-34  1.56328e-40  5.59688e-35   3.3909e-40  6.50201e-35  8.79708e-41 -6.41343e-35 -1.24577e-39 -1.88312e-35 -5.69267e-39  6.34316e-36 -5.34355e-39  6.13564e-35 -2.02316e-38 -6.97655e-35 -4.76941e-39 -2.75923e-35  8.18074e-39  5.54711e-35  1.10892e-38  5.39811e-36  7.81431e-38 -2.90488e-35  1.35956e-37  1.11707e-35  3.24612e-38 -5.90879e-36  5.33176e-38 -4.42603e-36   8.1202e-38  3.26802e-36  -4.5234e-39 -1.85329e-36 -1.02663e-38  4.59182e-37 -2.27262e-38  8.29149e-37  1.95847e-38 -1.38814e-36 -3.84837e-38  8.09586e-37  1.02175e-38  1.05062e-37    1.358e-39 -1.94936e-37 -5.75534e-39 -4.48208e-38 -1.76142e-39  6.18877e-38  4.16352e-40 -5.75176e-38 -1.09315e-39 -3.64077e-39  2.17944e-41  5.44981e-39 -4.21132e-40 -1.98989e-39  9.07925e-41  5.53413e-40  1.49637e-41 -1.53002e-40 -2.20492e-42  1.99659e-40  2.23367e-41  1.15682e-40 -2.77452e-43 -2.19299e-41  7.95819e-43  -1.3014e-41 -7.51472e-43   2.9073e-41  3.25923e-42 -4.37526e-41 -5.57228e-42  6.49226e-41  9.27671e-42 -8.79206e-41 -1.37477e-41  1.03277e-40   1.8116e-41 -1.01241e-40 -2.08934e-41   7.6612e-41  2.07454e-41 -3.46867e-41 -1.73104e-41 -8.02138e-42  1.17156e-41  3.25768e-41  -6.0804e-42 -3.16808e-41  2.18915e-42  1.59741e-41 -4.34351e-43 -3.04418e-42
