   0.0628689  4.33401e-17   -0.0678555 -8.22364e-17   -0.0119324 -5.16551e-17    0.0191006  5.98531e-17     0.011613  3.09821e-17  -0.00369193 -1.37559e-17  -0.00636734 -1.15772e-17  -0.00103625   5.0278e-18   0.00216917  6.01163e-18   0.00135152  1.31548e-18 -0.000243945 -3.03999e-18 -0.000625766 -2.17219e-18 -0.000204738 -6.25787e-20   0.00012521  6.03906e-19  0.000132823  4.02152e-19  2.56824e-05  1.00813e-20 -2.89024e-05 -1.25138e-19 -2.30258e-05 -5.43549e-20 -4.18328e-06  4.89095e-21  3.81661e-06  1.76251e-20  3.13426e-06  7.22096e-21  8.99892e-07 -9.25216e-22 -1.15993e-07 -1.58519e-21 -2.15028e-07 -6.28778e-22 -9.61909e-08 -9.35195e-23 -2.33108e-08  2.93171e-23 -2.47627e-09  1.67661e-23  3.00875e-10  3.69516e-24  1.48128e-10   5.0009e-25  2.08167e-11  1.53034e-26  9.46833e-13
 4.33401e-17     0.103586  1.51253e-16   -0.0333515 -8.13777e-17   -0.0431442 -7.15029e-17   0.00801434   4.4728e-17    0.0199057  3.74524e-17   0.00254054 -9.08817e-18  -0.00762135 -1.39262e-17   -0.0039368  3.43202e-18   0.00167205  1.06174e-17   0.00235636  5.58522e-18  0.000339885 -2.57742e-18 -0.000796688 -3.67799e-18  -0.00050788  -1.1177e-18  5.59529e-05  6.38092e-19  0.000213858  7.62124e-19  9.07161e-05  1.25704e-19 -2.33046e-05 -1.67029e-19 -4.13214e-05  -1.0651e-19 -1.60878e-05 -6.92036e-21   2.2191e-06  2.80695e-20  5.30462e-06  1.39678e-20  2.55985e-06  1.13461e-21  4.24446e-07 -1.24118e-21 -1.85852e-07 -6.63026e-22 -1.53586e-07 -1.00728e-22 -5.47234e-08  3.51389e-23 -1.18883e-08  1.79265e-23 -1.57919e-09  4.38025e-24 -1.09339e-10   5.9265e-25 -1.89834e-12  1.34788e-26
  -0.0678555  1.51253e-16    0.0967451  3.64434e-17  -0.00912762 -4.41176e-17   -0.0352415 -6.70277e-17  -0.00331213  1.09552e-17    0.0160331  2.67392e-17   0.00655761 -9.16443e-18  -0.00561797 -1.90583e-17  -0.00522756 -2.06212e-18  0.000581496  1.34399e-17   0.00264369  9.83058e-18  0.000909766 -8.93233e-19 -0.000721677 -4.19377e-18 -0.000729174 -2.00643e-18 -7.58866e-05  4.86449e-19  0.000241861  9.42354e-19  0.000157872  2.42303e-19   2.9933e-06 -1.44106e-19 -5.00778e-05  -1.3785e-19 -3.00123e-05 -2.65864e-20  -3.6889e-06  2.47771e-20   5.4144e-06  1.58725e-20  4.06448e-06  4.78766e-21  1.35092e-06  1.11516e-21  1.23608e-07   3.3889e-22 -9.86759e-08  2.26566e-22 -5.54584e-08  1.05386e-22 -1.51955e-08  2.63332e-23  -2.5022e-09  5.16325e-24 -2.32579e-10  4.58052e-25 -8.20523e-12
-8.22364e-17   -0.0333515  3.64434e-17    0.0394989  5.32389e-17   0.00668063  -4.5844e-17   -0.0257844 -6.60757e-17  -0.00685348  1.03259e-17    0.0131671  2.86355e-17   0.00767101 -1.18701e-17  -0.00433519 -2.78923e-17  -0.00565521 -8.92007e-18 -0.000195488  1.33768e-17   0.00267256  1.20606e-17   0.00134627  9.75234e-19 -0.000559735 -3.86535e-18 -0.000876357 -2.51631e-18 -0.000227125  1.72722e-19  0.000228196  8.88085e-19  0.000215206  3.53352e-19  4.26326e-05 -5.64128e-20 -4.70594e-05 -1.41854e-19 -4.18571e-05 -5.59859e-20 -1.24789e-05  1.54737e-22  2.85846e-06  7.55076e-21  4.51366e-06  6.42145e-21  2.18111e-06  3.97423e-21  5.73406e-07  1.92889e-21  5.71671e-08   7.8117e-22 -1.64251e-08  2.16516e-22 -7.77098e-09  3.92594e-23 -1.40577e-09   5.3587e-24 -1.13297e-10  2.28915e-25
  -0.0119324 -8.13777e-17  -0.00912762  5.32389e-17    0.0364104  7.10937e-17  0.000611203  -4.5526e-17   -0.0230665 -5.44113e-17  -0.00649159  2.29678e-17    0.0116362  3.40585e-17      0.00812 -1.14914e-17  -0.00330215 -3.38927e-17    -0.005868  -1.4556e-17 -0.000901169  1.04873e-17   0.00257727  1.20532e-17   0.00171753  2.81711e-18 -0.000339923 -2.89554e-18 -0.000962863 -2.72552e-18 -0.000384544 -3.47265e-19  0.000178528   6.2879e-19  0.000255732  4.68782e-19  8.94836e-05  8.51597e-20 -3.17665e-05 -1.12502e-19 -4.82131e-05 -9.21231e-20  -2.1945e-05 -4.49429e-20 -2.06549e-06 -1.37317e-20   3.3609e-06  2.19792e-21  2.38709e-06  4.79609e-21  8.82387e-07   2.8996e-21   2.0571e-07  1.11469e-21  2.91908e-08  2.56959e-22  1.90389e-09  3.85193e-23 -4.81728e-11  3.56638e-24 -9.07031e-12
-5.16551e-17   -0.0431442 -4.41176e-17   0.00668063  7.10937e-17    0.0301641  7.81777e-17   0.00194861  -3.8819e-17   -0.0200677 -4.25283e-17  -0.00774965  3.07595e-17    0.0100176  3.83493e-17   0.00864789 -6.19991e-18  -0.00229739  -3.3524e-17  -0.00594543 -1.80363e-17  -0.00153665  5.40644e-18   0.00238523  1.04407e-17    0.0020141  4.61467e-18 -8.23324e-05  -1.4819e-18 -0.000988257 -2.71999e-18 -0.000535088 -1.03513e-18  9.81465e-05  2.58847e-19  0.000273832  6.00112e-19  0.000136915  2.77495e-19 -5.50404e-06 -3.68738e-20 -4.65515e-05 -1.20988e-19 -2.94096e-05 -9.84885e-20 -8.14493e-06 -4.45971e-20  6.96094e-07 -8.89986e-21  1.69687e-06  1.93177e-21  8.22749e-07   2.3205e-21  2.36984e-07  9.13545e-22  4.44869e-08  1.80477e-22  5.21308e-09  2.26638e-23  3.12882e-10  1.21994e-24
   0.0191006 -7.15029e-17   -0.0352415  -4.5844e-17  0.000611203  7.81777e-17    0.0262796  6.77908e-17   0.00367337 -3.68057e-17    -0.017988 -3.20438e-17  -0.00823512  3.28062e-17   0.00879192  4.15468e-17    0.0088078  2.90885e-18  -0.00146397 -2.76224e-17  -0.00586796 -2.00186e-17  -0.00208182 -6.84527e-19   0.00211852  8.37643e-18   0.00223828  6.39819e-18  0.000197854  1.52615e-19 -0.000956498  -2.6115e-18 -0.000668606 -1.80954e-18 -6.12056e-06 -1.20137e-19  0.000266023  7.54592e-19  0.000178069  5.25615e-19  2.85883e-05  9.62464e-20  -3.5709e-05 -1.21513e-19  -3.2273e-05 -1.40948e-19 -1.34709e-05 -7.54606e-20  -2.6375e-06 -2.37319e-20  3.34344e-07 -3.76888e-21  4.16249e-07  4.85344e-22  1.44869e-07  3.54038e-22  2.83505e-08  6.20792e-23  3.06797e-09  7.06372e-24  1.24627e-10
 5.98531e-17   0.00801434 -6.70277e-17   -0.0257844  -4.5526e-17   0.00194861  6.77908e-17    0.0230872  4.37886e-17   0.00324365 -3.58583e-17   -0.0162715 -2.55363e-17  -0.00827522  2.73885e-17   0.00771842  4.34492e-17   0.00884746   1.3707e-17 -0.000699492 -1.90222e-17  -0.00571477  -2.1204e-17  -0.00256864 -6.48126e-18    0.0018007  6.62241e-18   0.00239707  8.09998e-18  0.000488247   1.8201e-18 -0.000871442 -2.52562e-18 -0.000776106 -2.60286e-18 -0.000126571 -4.61406e-19  0.000230716  9.11597e-19  0.000206276  8.14048e-19  6.57035e-05  2.81863e-19 -1.63273e-05 -7.65581e-20 -2.87174e-05 -1.53602e-19 -1.59639e-05 -9.43249e-20   -5.265e-06 -3.59082e-20 -1.01918e-06 -9.09945e-21 -6.04617e-08 -1.29185e-21   2.3698e-08 -1.17267e-22  6.72128e-09 -8.19634e-24  6.47689e-10  6.08649e-25
    0.011613   4.4728e-17  -0.00331213 -6.60757e-17   -0.0230665  -3.8819e-17   0.00367337  4.37886e-17    0.0207613  2.49471e-17   0.00333597 -3.18053e-17     -0.01485 -2.77033e-17  -0.00844261  1.55968e-17   0.00677511  4.35628e-17   0.00885937  2.41887e-17 -5.90324e-06 -9.99527e-18  -0.00550551 -2.21351e-17  -0.00299516 -1.13586e-17   0.00144209  5.37769e-18      0.00249  9.66944e-18   0.00077882  3.35194e-18 -0.000736568 -2.58854e-18 -0.000849607 -3.38188e-18 -0.000254368 -8.01005e-19   0.00016856   1.0073e-18  0.000215581  1.08877e-18  9.96635e-05  4.92203e-19  8.82525e-06  1.47924e-20  -1.8489e-05 -1.27484e-19 -1.42177e-05 -9.23311e-20 -5.93832e-06 -3.90905e-20 -1.65368e-06 -1.08671e-20 -3.14399e-07  -1.9297e-21 -3.89697e-08 -2.60238e-22 -2.75392e-09 -1.84144e-23 -7.18364e-11
 3.09821e-17    0.0199057  1.09552e-17  -0.00685348 -5.44113e-17   -0.0200677 -3.68057e-17   0.00324365  2.49471e-17    0.0189697  1.86939e-17   0.00356342 -2.79202e-17   -0.0137273 -3.77549e-17  -0.00852276  1.10332e-18   0.00596682  4.19272e-17   0.00880537   3.3273e-17  0.000624997 -2.24816e-18  -0.00524229 -2.34546e-17   -0.0033671 -1.51648e-17   0.00104939  4.63394e-18   0.00251844  1.10752e-17   0.00106024  4.57854e-18 -0.000556579  -2.8518e-18    -0.000882 -4.12976e-18 -0.000379371 -1.22263e-18  8.27967e-05  9.59124e-19  0.000201508  1.27157e-18  0.000123553  6.79461e-19   3.4839e-05  1.31616e-19 -3.56559e-06  -6.8437e-20 -8.45612e-06 -6.88873e-20 -4.39054e-06 -3.15045e-20 -1.37557e-06 -8.55733e-21 -2.84313e-07  -1.4704e-21 -3.70677e-08 -1.76486e-22 -2.49394e-09 -7.20164e-24
 -0.00369193  3.74524e-17    0.0160331  1.03259e-17  -0.00649159 -4.25283e-17    -0.017988 -3.58583e-17   0.00333597  1.86939e-17    0.0175933  2.10107e-17   0.00353624 -2.55733e-17    -0.012782 -5.12016e-17  -0.00853781 -1.29463e-17   0.00523321  3.95616e-17   0.00871686  4.05176e-17   0.00121581  2.97867e-18  -0.00493741 -2.53402e-17  -0.00368954 -1.78448e-17   0.00062987   4.2592e-18   0.00248244  1.22463e-17   0.00132277    5.415e-18 -0.000337137 -3.21804e-18 -0.000867176 -4.80688e-18 -0.000490279  -1.7719e-18 -2.03133e-05  7.13633e-19  0.000162075  1.29126e-18  0.000130806  7.88005e-19  5.52221e-05  2.37778e-19  1.17394e-05  3.60924e-21 -9.55808e-07 -3.37385e-20 -1.67317e-06 -1.77922e-20 -6.25469e-07 -4.46777e-21 -1.29026e-07 -6.93506e-22 -1.46102e-08 -6.53404e-23 -6.17403e-10
-1.37559e-17   0.00254054  2.67392e-17    0.0131671  2.29678e-17  -0.00774965 -3.20438e-17   -0.0162715 -3.18053e-17   0.00356342  2.10107e-17    0.0164012  2.96065e-17   0.00355203  -2.3763e-17   -0.0119548 -6.42451e-17  -0.00856605 -2.46185e-17   0.00456119  3.75638e-17   0.00861047  4.57222e-17   0.00177073  5.47951e-18  -0.00459504 -2.72557e-17  -0.00396222 -1.94488e-17  0.000188734  4.06552e-18   0.00238093  1.31374e-17   0.00155642  5.93652e-18 -8.55187e-05 -3.45744e-18 -0.000800563 -5.31544e-18 -0.000574882 -2.39731e-18 -0.000131129  2.76016e-19  9.89945e-05  1.11296e-18  0.000116841  7.75822e-19  6.34117e-05  2.96675e-19  2.19675e-05  6.15748e-20  4.90333e-06  -2.4857e-21  5.77578e-07 -5.44244e-21 -1.40833e-08 -1.26867e-21 -1.53225e-08 -1.89572e-22 -1.76436e-09 -1.22468e-23
 -0.00636734 -9.08817e-18   0.00655761  2.86355e-17    0.0116362  3.07595e-17  -0.00823512 -2.55363e-17     -0.01485 -2.79202e-17   0.00353624  2.96065e-17     0.015433  4.36264e-17   0.00359547 -2.24682e-17   -0.0112561 -7.46994e-17  -0.00858908 -3.28704e-17   0.00394421  3.64224e-17   0.00848317   4.8875e-17   0.00229622  6.00402e-18  -0.00421537 -2.84562e-17  -0.00418501 -2.01313e-17 -0.000268995  3.98287e-18   0.00221295  1.37792e-17   0.00175035  6.35039e-18  0.000188749 -3.30271e-18 -0.000679814 -5.50936e-18 -0.000620691 -2.96918e-18 -0.000236557 -2.87858e-19  1.88615e-05  7.56752e-19  8.12705e-05  6.34738e-19  5.55652e-05  2.86472e-19  2.32941e-05  8.44522e-20  6.80624e-06   1.3458e-20  1.40662e-06  1.03259e-21  1.97384e-07  9.69767e-23  1.66622e-08 -1.79132e-23  5.58408e-10
-1.15772e-17  -0.00762135 -9.16443e-18   0.00767101  3.40585e-17    0.0100176  3.28062e-17  -0.00827522 -2.77033e-17   -0.0137273 -2.55733e-17   0.00355203  4.36264e-17     0.014644  5.94012e-17   0.00361051 -2.19058e-17   -0.0106472 -8.11389e-17  -0.00860846 -3.73937e-17   0.00336236   3.6015e-17   0.00833867  5.00315e-17    0.0027993  5.54571e-18  -0.00379924 -2.85126e-17  -0.00435601  -2.0049e-17 -0.000737443  4.05441e-18   0.00197743  1.42096e-17   0.00189276  6.89033e-18  0.000473352 -2.56601e-18 -0.000505867 -5.25374e-18 -0.000616122 -3.33904e-18 -0.000320602  -8.6367e-19 -6.59799e-05  2.97947e-19  3.03683e-05  3.98559e-19  3.38469e-05  2.12169e-19   1.6353e-05  7.04455e-20  5.09944e-06  1.39687e-20  1.07305e-06  2.24771e-21  1.43856e-07  2.63406e-22  9.99134e-09  3.80825e-24
 -0.00103625 -1.39262e-17  -0.00561797 -1.18701e-17      0.00812  3.83493e-17   0.00879192  2.73885e-17  -0.00844261 -3.77549e-17    -0.012782  -2.3763e-17   0.00359547  5.94012e-17    0.0139644  7.21271e-17   0.00363331 -2.14171e-17   -0.0101054 -8.29081e-17  -0.00863696 -3.85571e-17   0.00280682  3.58468e-17   0.00817885   4.9254e-17   0.00328279  4.83526e-18  -0.00334588 -2.74776e-17  -0.00447131 -1.94037e-17  -0.00120988  4.20239e-18   0.00167387  1.43775e-17   0.00197099  7.68999e-18  0.000752555 -1.22154e-18 -0.000284348 -4.48559e-18  -0.00055243 -3.38442e-18 -0.000365894 -1.31355e-18  -0.00013761  -1.5098e-19 -2.19749e-05  1.37118e-19  7.28812e-06  1.07671e-19  6.19374e-06  3.75478e-20  2.13147e-06  7.37156e-21  4.29538e-07  1.29245e-21  4.83748e-08  1.09836e-22  2.04747e-09
  5.0278e-18   -0.0039368 -1.90583e-17  -0.00433519 -1.14914e-17   0.00864789  4.15468e-17   0.00771842  1.55968e-17  -0.00852276 -5.12016e-17   -0.0119548 -2.24682e-17   0.00361051  7.21271e-17    0.0133895  7.91008e-17   0.00366738 -2.02503e-17  -0.00962559 -8.06055e-17  -0.00867384 -3.71684e-17   0.00227059  3.53415e-17   0.00800157  4.67717e-17   0.00374903  4.25549e-18  -0.00285353 -2.58203e-17  -0.00452567 -1.85893e-17  -0.00167796  4.06487e-18   0.00130311  1.41257e-17   0.00197182  8.69091e-18   0.00100672  5.79666e-19  -2.7297e-05 -3.24166e-18 -0.000426469  -3.0343e-18 -0.000356749 -1.51343e-18 -0.000175781 -4.70633e-19 -5.81624e-05 -6.70047e-20 -1.25797e-05  1.85658e-20 -1.41191e-06  8.56532e-21   5.4644e-08  1.69047e-21  4.18027e-08  3.91162e-22   4.6815e-09    1.847e-23
  0.00216917  3.43202e-18  -0.00522756 -2.78923e-17  -0.00330215 -6.19991e-18    0.0088078  4.34492e-17   0.00677511  1.10332e-18  -0.00853781 -6.42451e-17   -0.0112561 -2.19058e-17   0.00363331  7.91008e-17     0.012906  8.01762e-17   0.00370473 -1.85426e-17  -0.00919452 -7.57469e-17  -0.00871941 -3.41697e-17   0.00174493  3.40551e-17   0.00780484  4.31444e-17   0.00419931  3.91985e-18  -0.00232045 -2.42132e-17   -0.0045122 -1.81566e-17  -0.00213101  3.12739e-18  0.000868175   1.3247e-17   0.00188223  9.63372e-18    0.0012121  2.55053e-18  0.000245133 -1.65907e-18  -0.00024426  -2.2918e-18 -0.000285286  -1.3953e-18 -0.000166663 -5.78049e-19 -6.64124e-05 -1.58719e-19 -1.91819e-05 -2.66349e-20 -4.00909e-06 -5.14575e-21 -5.78816e-07 -4.90021e-22 -5.09934e-08  5.07536e-23 -1.80286e-09
 6.01163e-18   0.00167205 -2.06212e-18  -0.00565521 -3.38927e-17  -0.00229739  2.90885e-18   0.00884746  4.35628e-17   0.00596682 -1.29463e-17  -0.00856605 -7.46994e-17   -0.0106472 -2.14171e-17   0.00366738  8.01762e-17     0.012492  7.65196e-17   0.00375045 -1.69604e-17  -0.00880218 -6.98388e-17  -0.00877597 -3.05352e-17    0.0012235   3.1822e-17   0.00758568  3.92069e-17   0.00463313  3.77976e-18  -0.00174473 -2.31539e-17   -0.0044224 -1.85235e-17  -0.00255549  1.03474e-18  0.000375532  1.15607e-17   0.00169059  1.01458e-17   0.00134146    4.336e-18  0.000503491  4.28295e-20 -2.61086e-05 -1.25727e-18 -0.000161145 -9.87993e-19 -0.000114194 -4.73639e-19 -4.92596e-05 -1.42615e-19 -1.47038e-05 -3.10884e-20 -3.04386e-06 -6.40406e-21 -4.06957e-07 -5.32146e-22 -2.83975e-08 -2.01022e-24
  0.00135152  1.06174e-17  0.000581496 -8.92007e-18    -0.005868  -3.3524e-17  -0.00146397   1.3707e-17   0.00885937  4.19272e-17   0.00523321 -2.46185e-17  -0.00858908 -8.11389e-17   -0.0101054 -2.02503e-17   0.00370473  7.65196e-17    0.0121403  6.99405e-17   0.00380639 -1.58311e-17  -0.00844283  -6.3912e-17   -0.0088436 -2.71904e-17  0.000700516  2.88685e-17    0.0073397  3.58068e-17   0.00504867  3.82166e-18   -0.0011248 -2.25995e-17  -0.00424625 -1.96942e-17  -0.00293417 -2.18636e-18 -0.000163324  8.99137e-18   0.00138909  9.89358e-18   0.00136621  5.59863e-18  0.000708033  1.59438e-18  0.000187964 -1.39986e-19 -1.81378e-05 -4.34263e-19 -4.31318e-05 -2.50853e-19 -2.19213e-05 -7.38006e-20 -6.58417e-06 -1.73508e-20 -1.25026e-06 -3.28887e-21 -1.36642e-07 -1.69835e-22 -5.69505e-09
 1.31548e-18   0.00235636  1.34399e-17 -0.000195488  -1.4556e-17  -0.00594543 -2.76224e-17 -0.000699492  2.41887e-17   0.00880537  3.95616e-17   0.00456119 -3.28704e-17  -0.00860846 -8.29081e-17  -0.00962559 -1.85426e-17   0.00375045  6.99405e-17    0.0118441   6.2618e-17   0.00387199 -1.50148e-17  -0.00810985 -5.85258e-17  -0.00892226 -2.47357e-17  0.000170161  2.57834e-17   0.00706165  3.35549e-17   0.00544236  4.28023e-18 -0.000459877 -2.19521e-17  -0.00397238 -2.12394e-17  -0.00324557 -6.11575e-18 -0.000729595  5.65854e-18   0.00097743  8.73266e-18    0.0012593  6.10095e-18  0.000810051  2.71259e-18  0.000341595  7.76722e-19  9.49748e-05  5.84525e-20  1.41862e-05 -3.98051e-20 -6.71235e-07 -1.22685e-20 -8.55338e-07 -4.86298e-21 -1.84804e-07 -8.95923e-22 -1.64455e-08 -1.40613e-23
-0.000243945  5.58522e-18   0.00264369  1.33768e-17 -0.000901169 -1.80363e-17  -0.00586796 -1.90222e-17 -5.90324e-06   3.3273e-17   0.00871686  3.75638e-17   0.00394421 -3.73937e-17  -0.00863696 -8.06055e-17  -0.00919452 -1.69604e-17   0.00380639   6.2618e-17    0.0115955  5.62989e-17   0.00394876 -1.42376e-17  -0.00779761 -5.37948e-17  -0.00901209 -2.32164e-17 -0.000372876  2.33034e-17   0.00674511  3.27224e-17   0.00580853  5.60657e-18  0.000249354 -2.04586e-17  -0.00358865 -2.24973e-17  -0.00346298 -1.00599e-17  -0.00129429  1.93815e-18  0.000466632  6.77009e-18   0.00100106  5.75108e-18  0.000765114  3.16463e-18  0.000385369     1.25e-18  0.000141509  3.31016e-19  3.87135e-05  7.56532e-20  7.78066e-06  1.53077e-20  1.09224e-06  3.37527e-22  9.45795e-08 -6.57044e-23  3.32752e-09
-3.03999e-18  0.000339885  9.83058e-18   0.00267256  1.04873e-17  -0.00153665 -2.00186e-17  -0.00571477 -9.99527e-18  0.000624997  4.05176e-17   0.00861047  3.64224e-17   0.00336236 -3.85571e-17  -0.00867384 -7.57469e-17  -0.00880218 -1.58311e-17   0.00387199  5.62989e-17    0.0113903  5.15761e-17   0.00403794 -1.32407e-17  -0.00750144 -4.95259e-17  -0.00911264 -2.22086e-17  -0.00093378  2.19878e-17   0.00638233  3.32027e-17     0.006139  8.13981e-18   0.00099978  -1.7647e-17  -0.00308261 -2.27724e-17  -0.00355389 -1.31975e-17   -0.0018168 -1.58871e-18   -0.0001155  4.31402e-18  0.000596637  4.62897e-18  0.000564553  2.88389e-18  0.000311646  1.22136e-18  0.000121042  3.62492e-19  3.41942e-05  9.38283e-20   6.8658e-06  1.62581e-20  9.03438e-07   9.1163e-22   6.2651e-08  3.14805e-23
-0.000625766 -2.57742e-18  0.000909766  1.20606e-17   0.00257727  5.40644e-18  -0.00208182  -2.1204e-17  -0.00550551 -2.24816e-18   0.00121581  4.57222e-17   0.00848317   3.6015e-17   0.00280682 -3.71684e-17  -0.00871941 -6.98388e-17  -0.00844283 -1.50148e-17   0.00394876  5.15761e-17     0.011225  4.80497e-17   0.00414053 -1.18782e-17  -0.00721667 -4.55707e-17  -0.00922325 -2.11887e-17  -0.00151767   2.1854e-17    0.0059641  3.44759e-17   0.00642227  1.18009e-17   0.00178494 -1.34235e-17  -0.00244256 -2.14325e-17  -0.00348189 -1.47422e-17  -0.00224347 -4.30341e-18 -0.000709839  1.79848e-18  0.000105166  3.02741e-18  0.000265033  2.06781e-18  0.000168561  8.58785e-19  6.66211e-05  2.53288e-19  1.79354e-05  6.31378e-20  3.21355e-06  8.51814e-21  3.39945e-07  3.66932e-22  1.39211e-08
-2.17219e-18 -0.000796688 -8.93233e-19   0.00134627  1.20532e-17   0.00238523 -6.84527e-19  -0.00256864 -2.21351e-17  -0.00524229  2.97867e-18   0.00177073   4.8875e-17   0.00833867  3.58468e-17   0.00227059 -3.41697e-17  -0.00877597  -6.3912e-17  -0.00810985 -1.42376e-17   0.00403794  4.80497e-17    0.0110966  4.49737e-17   0.00425805 -1.03416e-17  -0.00693882  -4.2108e-17   -0.0093429 -1.99861e-17  -0.00212959   2.2153e-17   0.00547936  3.56785e-17   0.00664311  1.61082e-17   0.00259359 -7.87736e-18  -0.00166188 -1.79947e-17  -0.00320978 -1.41279e-17  -0.00249954 -5.70249e-18  -0.00120743  -2.5199e-19 -0.000349228   1.4346e-18 -2.31457e-05  1.11717e-18   3.1522e-05  4.34662e-19   1.7208e-05  1.26288e-19  4.73189e-06  2.91014e-20  7.50347e-07  2.73022e-21  5.83934e-08  5.99861e-23
-0.000204738 -3.67799e-18 -0.000721677  9.75234e-19   0.00171753  1.04407e-17   0.00211852 -6.48126e-18  -0.00299516 -2.34546e-17  -0.00493741  5.47951e-18   0.00229622  5.00315e-17   0.00817885  3.53415e-17   0.00174493 -3.05352e-17   -0.0088436 -5.85258e-17  -0.00779761 -1.32407e-17   0.00414053  4.49737e-17    0.0110033  4.17177e-17   0.00439222 -9.20423e-18  -0.00666337 -3.95726e-17  -0.00947007 -1.90549e-17  -0.00277465  2.15207e-17    0.0049154  3.58282e-17   0.00678183  2.04359e-17   0.00340524  -1.1436e-18 -0.000743968 -1.22738e-17  -0.00269645 -1.11556e-17  -0.00248312 -5.46827e-18  -0.00146319 -1.32527e-18  -0.00062343  3.42279e-19 -0.000197658  4.06059e-19 -4.63183e-05  1.44178e-19 -7.76551e-06   4.6235e-20 -8.73213e-07  9.59114e-21 -5.79443e-08  4.88868e-22 -1.53808e-09
-6.25787e-20  -0.00050788 -4.19377e-18 -0.000559735  2.81711e-18    0.0020141  8.37643e-18    0.0018007 -1.13586e-17   -0.0033671 -2.53402e-17  -0.00459504  6.00402e-18    0.0027993   4.9254e-17   0.00800157  3.40551e-17    0.0012235 -2.71904e-17  -0.00892226 -5.37948e-17  -0.00750144 -1.18782e-17   0.00425805  4.17177e-17    0.0109439  3.79859e-17   0.00454508 -9.01988e-18  -0.00638553 -3.82875e-17  -0.00960277 -1.93561e-17  -0.00345746  1.84918e-17   0.00425794  3.40909e-17   0.00681073  2.42239e-17   0.00418586  6.50757e-18  0.000299769 -4.53814e-18  -0.00189905 -6.08878e-18  -0.00209958 -3.58724e-18   -0.0013719 -1.19397e-18 -0.000643888 -4.20332e-20 -0.000227326  7.32042e-20 -6.03296e-05   2.3244e-20 -1.16184e-05  1.38475e-20 -1.48914e-06  2.32221e-21 -1.01869e-07  2.30325e-23
  0.00012521  -1.1177e-18 -0.000729174 -3.86535e-18 -0.000339923  4.61467e-18   0.00223828  6.62241e-18   0.00144209 -1.51648e-17  -0.00368954 -2.72557e-17  -0.00421537  5.54571e-18   0.00328279  4.67717e-17   0.00780484   3.1822e-17  0.000700516 -2.47357e-17  -0.00901209 -4.95259e-17  -0.00721667 -1.03416e-17   0.00439222  3.79859e-17     0.010918  3.39996e-17   0.00471914 -9.70052e-18  -0.00610025 -3.81443e-17  -0.00973779 -2.19183e-17  -0.00418159  1.20806e-17   0.00348853  2.99856e-17    0.0066919  2.70212e-17   0.00489239  1.44954e-17   0.00144617  4.36517e-18 -0.000817613  2.24654e-19  -0.00135225 -5.68367e-19 -0.000963521 -1.64486e-19 -0.000461033  9.21425e-20 -0.000159514  1.62089e-20 -3.98445e-05  3.50374e-21 -6.82782e-06  5.18607e-21 -7.03869e-07  4.69049e-22 -2.84561e-08
 6.03906e-19  5.59529e-05 -2.00643e-18 -0.000876357 -2.89554e-18 -8.23324e-05  6.39819e-18   0.00239707  5.37769e-18   0.00104939 -1.78448e-17  -0.00396222 -2.84562e-17  -0.00379924  4.83526e-18   0.00374903  4.31444e-17   0.00758568  2.88685e-17  0.000170161 -2.32164e-17  -0.00911264 -4.55707e-17  -0.00693882 -9.20423e-18   0.00454508  3.39996e-17    0.0109259  3.06234e-17   0.00491729 -1.02542e-17  -0.00580139 -3.86807e-17  -0.00987003 -2.73552e-17  -0.00495177  2.17002e-18   0.00258416  2.35323e-17    0.0063853  2.84362e-17    0.0054717  2.17973e-17   0.00261523  1.29108e-17  0.000417314  6.30178e-18 -0.000418482  2.52479e-18 -0.000419082  1.03248e-18 -0.000211676  3.53948e-19 -7.05986e-05  5.32751e-20 -1.59416e-05  1.05641e-20  -2.2839e-06  2.85516e-21 -1.68142e-07  9.40523e-23
 0.000132823  6.38092e-19 -7.58866e-05 -2.51631e-18 -0.000962863  -1.4819e-18  0.000197854  8.09998e-18      0.00249  4.63394e-18   0.00062987 -1.94488e-17  -0.00418501 -2.85126e-17  -0.00334588  4.25549e-18   0.00419931  3.92069e-17    0.0073397  2.57834e-17 -0.000372876 -2.22086e-17  -0.00922325  -4.2108e-17  -0.00666337 -9.01988e-18   0.00471914  3.06234e-17    0.0109683  2.91918e-17   0.00514348 -9.29799e-18  -0.00548114 -3.95029e-17  -0.00999467 -3.55325e-17  -0.00577339 -1.03587e-17   0.00152798  1.52565e-17   0.00585105  2.79759e-17   0.00582002  2.68734e-17   0.00359791  1.90248e-17   0.00150822  1.03842e-17  0.000397295  4.51903e-18  3.29027e-05  1.71375e-18 -2.21979e-05  4.60837e-19 -1.12094e-05  7.15112e-20 -2.58665e-06  1.19901e-20 -3.11783e-07  1.35949e-21 -1.36611e-08
 4.02152e-19  0.000213858  4.86449e-19 -0.000227125 -2.72552e-18 -0.000988257  1.52615e-19  0.000488247  9.66944e-18   0.00251844   4.2592e-18  0.000188734 -2.01313e-17  -0.00435601 -2.74776e-17  -0.00285353  3.91985e-18   0.00463313  3.58068e-17   0.00706165  2.33034e-17  -0.00093378 -2.11887e-17   -0.0093429 -3.95726e-17  -0.00638553 -9.70052e-18   0.00491729  2.91918e-17    0.0110473  3.08913e-17   0.00540328 -6.03815e-18  -0.00513229 -4.05312e-17   -0.0101065 -4.54196e-17  -0.00664047  -2.3862e-17   0.00031345  5.79379e-18   0.00501329  2.47865e-17   0.00572922  2.78724e-17   0.00406621  2.07953e-17   0.00210842  1.12901e-17   0.00083679  4.82054e-18  0.000256882  1.66382e-18   6.0328e-05  3.75703e-19  1.04612e-05  5.42455e-20  1.23459e-06  7.23152e-21  8.00441e-08  3.92104e-22
 2.56824e-05  7.62124e-19  0.000241861  1.72722e-19 -0.000384544 -2.71999e-18 -0.000956498   1.8201e-18   0.00077882  1.10752e-17   0.00248244  4.06552e-18 -0.000268995  -2.0049e-17  -0.00447131 -2.58203e-17  -0.00232045  3.77976e-18   0.00504867  3.35549e-17   0.00674511  2.19878e-17  -0.00151767 -1.99861e-17  -0.00947007 -3.82875e-17  -0.00610025 -1.02542e-17   0.00514348  3.08913e-17    0.0111666  3.60274e-17   0.00570129 -7.82921e-19  -0.00474764 -4.16826e-17   -0.0101873 -5.52874e-17  -0.00753148 -3.67202e-17  -0.00109017 -4.79411e-18   0.00372114  1.77372e-17   0.00493767  2.34851e-17   0.00375106  1.76275e-17   0.00204611  9.18051e-18  0.000846355  3.73491e-18  0.000267138  1.14299e-18  6.28164e-05  2.13535e-19  1.03556e-05  2.71378e-20  1.04418e-06  2.69054e-21  4.18476e-08
 1.00813e-20  9.07161e-05  9.42354e-19  0.000228196 -3.47265e-19 -0.000535088  -2.6115e-18 -0.000871442  3.35194e-18   0.00106024  1.22463e-17   0.00238093  3.98287e-18 -0.000737443 -1.94037e-17  -0.00452567 -2.42132e-17  -0.00174473  3.82166e-18   0.00544236  3.27224e-17   0.00638233   2.1854e-17  -0.00212959 -1.90549e-17  -0.00960277 -3.81443e-17  -0.00580139 -9.29799e-18   0.00540328  3.60274e-17    0.0113289  4.38531e-17   0.00604179  5.59203e-18  -0.00430747 -4.24015e-17    -0.010203 -6.34924e-17  -0.00844469 -4.83425e-17  -0.00276805 -1.71205e-17   0.00182793  6.36556e-18   0.00334558  1.41853e-17   0.00268258  1.09414e-17   0.00145837  5.49288e-18  0.000581044  2.13133e-18  0.000170795  5.61777e-19  3.58097e-05  8.35882e-20  4.91087e-06  9.12954e-21  3.53188e-07  5.85723e-22
-2.89024e-05  1.25704e-19  0.000157872  8.88085e-19  0.000178528 -1.03513e-18 -0.000668606 -2.52562e-18 -0.000736568  4.57854e-18   0.00132277  1.31374e-17   0.00221295  4.05441e-18  -0.00120988 -1.85893e-17   -0.0045122 -2.31539e-17   -0.0011248  4.28023e-18   0.00580853  3.32027e-17    0.0059641   2.2153e-17  -0.00277465 -1.93561e-17  -0.00973779 -3.86807e-17  -0.00548114 -6.03815e-18   0.00570129  4.38531e-17    0.0115365  5.32373e-17   0.00644103  1.25732e-17  -0.00377737  -4.1906e-17   -0.0101405 -6.94999e-17  -0.00942416 -5.92748e-17  -0.00476435 -3.12738e-17 -0.000579695 -7.78351e-18    0.0012347  2.72118e-18   0.00125426   3.5769e-18  0.000699529  2.00834e-18  0.000266029  8.03058e-19  7.09437e-05   1.7406e-19  1.27362e-05  1.88838e-20  1.35605e-06  1.91845e-21  5.59683e-08
-1.25138e-19 -2.33046e-05  2.42303e-19  0.000215206   6.2879e-19  9.81465e-05 -1.80954e-18 -0.000776106 -2.58854e-18 -0.000556579    5.415e-18   0.00155642  1.37792e-17   0.00197743  4.20239e-18  -0.00167796 -1.81566e-17   -0.0044224 -2.25995e-17 -0.000459877  5.60657e-18     0.006139  3.44759e-17   0.00547936  2.15207e-17  -0.00345746 -2.19183e-17  -0.00987003 -3.95029e-17  -0.00513229 -7.82921e-19   0.00604179  5.32373e-17    0.0118035  6.34559e-17   0.00692886  2.00686e-17  -0.00314696 -4.01126e-17   -0.0100316 -7.39559e-17   -0.0104562 -6.96969e-17  -0.00685615  -4.5172e-17  -0.00300921 -2.09263e-17 -0.000769692 -7.02223e-18  7.19146e-06 -1.81133e-18  0.000105109  -1.6647e-19  5.06866e-05  7.38213e-20  1.34036e-05  7.65585e-21   2.0824e-06 -4.60107e-22  1.59629e-07  1.91079e-22
-2.30258e-05 -1.67029e-19   2.9933e-06  3.53352e-19  0.000255732  2.58847e-19 -6.12056e-06 -2.60286e-18 -0.000849607  -2.8518e-18 -0.000337137  5.93652e-18   0.00175035  1.42096e-17   0.00167387  4.06487e-18  -0.00213101 -1.85235e-17  -0.00424625 -2.19521e-17  0.000249354  8.13981e-18   0.00642227  3.56785e-17    0.0049154  1.84918e-17  -0.00418159 -2.73552e-17  -0.00999467 -4.05312e-17  -0.00474764  5.59203e-18   0.00644103  6.34559e-17    0.0121573  7.40505e-17   0.00750887  2.75011e-17  -0.00245305 -3.78498e-17  -0.00984591  -7.7111e-17    -0.011254 -7.75237e-17  -0.00843858 -5.45239e-17   -0.0047124 -2.87949e-17  -0.00204142 -1.21689e-17 -0.000694058 -4.11593e-18 -0.000184208 -9.39273e-19 -3.72968e-05 -1.56959e-19 -5.46081e-06 -2.70648e-20 -5.09013e-07 -2.08354e-21 -1.97479e-08
-5.43549e-20 -4.13214e-05 -1.44106e-19  4.26326e-05  4.68782e-19  0.000273832 -1.20137e-19 -0.000126571 -3.38188e-18    -0.000882 -3.21804e-18 -8.55187e-05  6.35039e-18   0.00189276  1.43775e-17   0.00130311  3.12739e-18  -0.00255549 -1.96942e-17  -0.00397238 -2.04586e-17   0.00099978  1.18009e-17   0.00664311  3.58282e-17   0.00425794  1.20806e-17  -0.00495177 -3.55325e-17   -0.0101065 -4.16826e-17  -0.00430747  1.25732e-17   0.00692886  7.40505e-17    0.0125982  8.38887e-17   0.00813594  3.35457e-17  -0.00166952   -3.538e-17  -0.00928656 -7.69583e-17   -0.0111973 -7.85335e-17   -0.0087766 -5.52514e-17  -0.00513259  -2.9242e-17  -0.00233027 -1.23124e-17 -0.000825613 -3.92001e-18 -0.000224201 -8.51499e-19 -4.46225e-05 -1.42327e-19  -5.9337e-06 -1.78243e-20  -4.2108e-07 -7.04971e-22
-4.18328e-06  -1.0651e-19 -5.00778e-05 -5.64128e-20  8.94836e-05  6.00112e-19  0.000266023 -4.61406e-19 -0.000254368 -4.12976e-18 -0.000867176 -3.45744e-18  0.000188749  6.89033e-18   0.00197099  1.41257e-17  0.000868175  1.03474e-18  -0.00293417 -2.12394e-17  -0.00358865  -1.7647e-17   0.00178494  1.61082e-17   0.00678183  3.40909e-17   0.00348853  2.17002e-18  -0.00577339 -4.54196e-17   -0.0101873 -4.24015e-17  -0.00377737  2.00686e-17   0.00750887  8.38887e-17    0.0130777  9.10681e-17   0.00882779  3.76799e-17 -0.000512198 -3.06361e-17  -0.00777326 -6.96064e-17  -0.00966306  -6.9285e-17  -0.00752014 -4.65606e-17  -0.00428386  -2.3492e-17  -0.00185854 -9.22581e-18 -0.000614269 -2.59496e-18 -0.000150532 -4.99195e-19 -2.56948e-05 -7.35507e-20 -2.66319e-06 -6.44382e-21 -1.08914e-07
 4.89095e-21 -1.60878e-05  -1.3785e-19 -4.70594e-05  8.51597e-20  0.000136915  7.54592e-19  0.000230716 -8.01005e-19 -0.000379371 -4.80688e-18 -0.000800563 -3.30271e-18  0.000473352  7.68999e-18   0.00197182   1.3247e-17  0.000375532 -2.18636e-18  -0.00324557 -2.24973e-17  -0.00308261 -1.34235e-17   0.00259359  2.04359e-17   0.00681073  2.99856e-17   0.00258416 -1.03587e-17  -0.00664047 -5.52874e-17    -0.010203  -4.1906e-17  -0.00314696  2.75011e-17   0.00813594  9.10681e-17    0.0136096  9.46983e-17    0.0098549  4.20269e-17   0.00154801 -1.98444e-17  -0.00482707 -5.24627e-17   -0.0065712 -5.04625e-17  -0.00503724 -3.18505e-17  -0.00272755 -1.50537e-17  -0.00109576 -5.33722e-18 -0.000326009 -1.28336e-18 -6.92126e-05 -2.14111e-19 -9.60134e-06  -2.6646e-20 -6.97395e-07 -1.37664e-21
 3.81661e-06 -6.92036e-21 -3.00123e-05 -1.41854e-19 -3.17665e-05  2.77495e-19  0.000178069  9.11597e-19   0.00016856 -1.22263e-18 -0.000490279 -5.31544e-18 -0.000679814 -2.56601e-18  0.000752555  8.69091e-18   0.00188223  1.15607e-17 -0.000163324 -6.11575e-18  -0.00346298 -2.27724e-17  -0.00244256 -7.87736e-18   0.00340524  2.42239e-17    0.0066919  2.35323e-17   0.00152798  -2.3862e-17  -0.00753148 -6.34924e-17   -0.0101405 -4.01126e-17  -0.00245305  3.35457e-17   0.00882779  9.46983e-17    0.0144594  9.68834e-17    0.0117101  5.05888e-17   0.00486792 -9.55712e-19 -0.000619778   -2.751e-17  -0.00264005 -2.74001e-17  -0.00223748 -1.66131e-17  -0.00118685 -7.41659e-18 -0.000442817 -2.31937e-18 -0.000117206 -4.65355e-19 -2.09917e-05 -6.84385e-20 -2.23516e-06 -6.97876e-21 -9.23604e-08
 1.76251e-20   2.2191e-06 -2.65864e-20 -4.18571e-05 -1.12502e-19 -5.50404e-06  5.25615e-19  0.000206276   1.0073e-18  8.27967e-05  -1.7719e-18 -0.000574882 -5.50936e-18 -0.000505867 -1.22154e-18   0.00100672  9.63372e-18   0.00169059  8.99137e-18 -0.000729595 -1.00599e-17  -0.00355389 -2.14325e-17  -0.00166188  -1.1436e-18   0.00418586  2.70212e-17    0.0063853  1.52565e-17   0.00031345 -3.67202e-17  -0.00844469 -6.94999e-17   -0.0100316 -3.78498e-17  -0.00166952  3.76799e-17    0.0098549  9.68834e-17    0.0161072  1.01904e-16    0.0146747  6.54924e-17     0.009092  2.31999e-17   0.00385793 -1.31583e-18  0.000949238 -7.10656e-18 -2.81653e-05   -5.214e-18 -0.000140009 -2.40545e-18 -6.57086e-05 -6.51558e-19 -1.71406e-05  -1.0867e-19 -2.63202e-06 -1.61834e-20 -1.99143e-07 -1.23213e-21
 3.13426e-06  2.80695e-20  -3.6889e-06 -5.59859e-20 -4.82131e-05 -3.68738e-20  2.85883e-05  8.14048e-19  0.000215581  9.59124e-19 -2.03133e-05 -2.39731e-18 -0.000620691 -5.25374e-18 -0.000284348  5.79666e-19    0.0012121  1.01458e-17   0.00138909  5.65854e-18  -0.00129429 -1.31975e-17  -0.00348189 -1.79947e-17 -0.000743968  6.50757e-18   0.00489239  2.84362e-17   0.00585105  5.79379e-18  -0.00109017 -4.83425e-17  -0.00942416 -7.39559e-17  -0.00984591   -3.538e-17 -0.000512198  4.20269e-17    0.0117101  1.01904e-16    0.0188094   1.1222e-16    0.0182888  8.36917e-17      0.01306  4.54558e-17   0.00727199  1.85741e-17   0.00322969  5.68736e-18   0.00114937  9.11664e-19  0.000324489 -4.15493e-20  7.06135e-05 -1.57655e-20  1.11361e-05   -6.153e-21  1.10949e-06 -2.89445e-21  4.52707e-08
 7.22096e-21  5.30462e-06  2.47771e-20 -1.24789e-05 -9.21231e-20 -4.65515e-05  9.62464e-20  6.57035e-05  1.08877e-18  0.000201508  7.13633e-19 -0.000131129 -2.96918e-18 -0.000616122 -4.48559e-18  -2.7297e-05  2.55053e-18   0.00134146  9.89358e-18   0.00097743  1.93815e-18   -0.0018168 -1.47422e-17  -0.00320978 -1.22738e-17  0.000299769  1.44954e-17    0.0054717  2.79759e-17   0.00501329 -4.79411e-18  -0.00276805 -5.92748e-17   -0.0104562  -7.7111e-17  -0.00928656 -3.06361e-17   0.00154801  5.05888e-17    0.0146747   1.1222e-16    0.0220733  1.24926e-16    0.0213093  9.78127e-17    0.0153879  5.84747e-17   0.00871733   2.7886e-17   0.00392646  1.04066e-17   0.00139769  2.82779e-18  0.000383933  6.03134e-19   7.7557e-05  1.03541e-19  1.04816e-05  6.36766e-21  7.56134e-07 -4.31193e-22
 8.99892e-07  1.39678e-20   5.4144e-06  1.54737e-22  -2.1945e-05 -1.20988e-19  -3.5709e-05  2.81863e-19  9.96635e-05  1.27157e-18  0.000162075  2.76016e-19 -0.000236557 -3.33904e-18  -0.00055243 -3.24166e-18  0.000245133    4.336e-18   0.00136621  8.73266e-18  0.000466632 -1.58871e-18  -0.00224347 -1.41279e-17  -0.00269645 -4.53814e-18   0.00144617  2.17973e-17   0.00582002  2.47865e-17   0.00372114 -1.71205e-17  -0.00476435 -6.96969e-17    -0.011254 -7.69583e-17  -0.00777326 -1.98444e-17   0.00486792  6.54924e-17    0.0182888  1.24926e-16    0.0246322  1.32621e-16    0.0223546  1.00855e-16    0.0152978  5.90804e-17   0.00817449  2.73011e-17   0.00343043  9.60802e-18   0.00111554  2.51006e-18  0.000271791  5.06375e-19  4.64445e-05  6.65228e-20  4.84301e-06  2.53987e-21   2.0002e-07
-9.25216e-22  2.55985e-06  1.58725e-20  2.85846e-06 -4.49429e-20 -2.94096e-05 -1.21513e-19 -1.63273e-05  4.92203e-19  0.000123553  1.29126e-18  9.89945e-05 -2.87858e-19 -0.000320602 -3.38442e-18 -0.000426469 -1.65907e-18  0.000503491  5.59863e-18    0.0012593  6.77009e-18   -0.0001155 -4.30341e-18  -0.00249954 -1.11556e-17  -0.00189905  4.36517e-18   0.00261523  2.68734e-17   0.00572922  1.77372e-17   0.00182793 -3.12738e-17  -0.00685615 -7.75237e-17   -0.0111973 -6.96064e-17  -0.00482707 -9.55712e-19     0.009092  8.36917e-17    0.0213093  1.32621e-16    0.0251117  1.28457e-16    0.0207635  9.07438e-17     0.013036  4.94938e-17   0.00636195  2.09011e-17   0.00240942  6.59815e-18  0.000693169  1.55311e-18  0.000144628  2.65857e-19  1.99429e-05  2.43925e-20  1.45229e-06  3.73261e-22
-1.15993e-07  1.13461e-21  4.06448e-06  7.55076e-21 -2.06549e-06 -9.84885e-20  -3.2273e-05 -7.65581e-20  8.82525e-06  6.79461e-19  0.000130806  1.11296e-18  1.88615e-05  -8.6367e-19 -0.000365894  -3.0343e-18  -0.00024426  4.28295e-20  0.000708033  6.10095e-18   0.00100106  4.31402e-18 -0.000709839 -5.70249e-18  -0.00248312 -6.08878e-18 -0.000817613  1.29108e-17   0.00359791  2.78724e-17   0.00493767  6.36556e-18 -0.000579695  -4.5172e-17  -0.00843858 -7.85335e-17  -0.00966306 -5.24627e-17 -0.000619778  2.31999e-17      0.01306  9.78127e-17    0.0223546  1.28457e-16    0.0228966  1.10964e-16    0.0169781  7.11633e-17   0.00961386  3.51671e-17   0.00421099  1.32019e-17     0.001413  3.66779e-18  0.000351991  7.51578e-19  6.10365e-05  1.01402e-19  6.41792e-06  5.64352e-21  2.65878e-07
-1.58519e-21  4.24446e-07  4.78766e-21  4.51366e-06 -1.37317e-20 -8.14493e-06 -1.40948e-19 -2.87174e-05  1.47924e-20   3.4839e-05  7.88005e-19  0.000116841  7.56752e-19 -6.59799e-05 -1.31355e-18 -0.000356749  -2.2918e-18 -2.61086e-05  1.59438e-18  0.000810051  5.75108e-18  0.000596637  1.79848e-18  -0.00120743 -5.46827e-18  -0.00209958  2.24654e-19  0.000417314  1.90248e-17   0.00406621  2.34851e-17   0.00334558 -7.78351e-18  -0.00300921 -5.45239e-17   -0.0087766  -6.9285e-17   -0.0065712   -2.751e-17   0.00385793  4.54558e-17    0.0153879  1.00855e-16    0.0207635  1.10964e-16    0.0185006  8.47245e-17    0.0122072  4.87073e-17   0.00617105  2.14191e-17   0.00239718  7.03732e-18  0.000702216  1.69969e-18  0.000148335  2.91737e-19  2.06127e-05  2.83505e-20  1.50702e-06  7.15468e-22
-2.15028e-07 -1.24118e-21  1.35092e-06  6.42145e-21   3.3609e-06 -4.45971e-20 -1.34709e-05 -1.53602e-19  -1.8489e-05  1.31616e-19  5.52221e-05  7.75822e-19  8.12705e-05  2.97947e-19  -0.00013761 -1.51343e-18 -0.000285286 -1.25727e-18  0.000187964  2.71259e-18  0.000765114  4.62897e-18  0.000105166  -2.5199e-19  -0.00146319 -3.58724e-18  -0.00135225  6.30178e-18   0.00150822  2.07953e-17   0.00375106  1.41853e-17    0.0012347 -2.09263e-17   -0.0047124 -5.52514e-17  -0.00752014 -5.04625e-17  -0.00264005 -1.31583e-18   0.00727199  5.84747e-17    0.0152978  9.07438e-17    0.0169781  8.47245e-17    0.0132013  5.70281e-17   0.00771769  2.91198e-17    0.0034573  1.12399e-17   0.00117876  3.20068e-18  0.000296923  6.61576e-19  5.18673e-05  9.00293e-20  5.47746e-06   5.4864e-21   2.2734e-07
-6.28778e-22 -1.85852e-07  1.11516e-21  2.18111e-06  2.19792e-21  6.96094e-07 -7.54606e-20 -1.59639e-05 -1.27484e-19 -3.56559e-06  2.37778e-19  6.34117e-05  6.34738e-19  3.03683e-05  -1.5098e-19 -0.000175781  -1.3953e-18 -0.000161145 -1.39986e-19  0.000341595  3.16463e-18  0.000564553  3.02741e-18 -0.000349228 -1.32527e-18   -0.0013719 -5.68367e-19 -0.000418482  1.03842e-17   0.00210842  1.76275e-17   0.00268258  2.72118e-18 -0.000769692 -2.87949e-17  -0.00513259 -4.65606e-17  -0.00503724 -2.74001e-17  0.000949238  1.85741e-17   0.00871733  5.90804e-17     0.013036  7.11633e-17    0.0122072  5.70281e-17   0.00830785  3.38038e-17   0.00428937  1.51962e-17   0.00169111  5.09367e-18  0.000500566  1.24691e-18  0.000106492  2.14598e-19  1.48651e-05   2.1313e-20  1.08945e-06  6.18231e-22
-9.61909e-08 -6.63026e-22  1.23608e-07  3.97423e-21  2.38709e-06 -8.89986e-21  -2.6375e-06 -9.43249e-20 -1.42177e-05  -6.8437e-20  1.17394e-05  2.96675e-19  5.55652e-05  3.98559e-19 -2.19749e-05 -4.70633e-19 -0.000166663 -9.87993e-19 -1.81378e-05  7.76722e-19  0.000385369  2.88389e-18  0.000265033   1.4346e-18  -0.00062343 -1.19397e-18 -0.000963521  2.52479e-18  0.000397295  1.12901e-17   0.00204611  1.09414e-17   0.00125426 -7.02223e-18  -0.00204142  -2.9242e-17  -0.00428386 -3.18505e-17  -0.00223748 -7.10656e-18   0.00322969   2.7886e-17   0.00817449  4.94938e-17   0.00961386  4.87073e-17   0.00771769  3.38038e-17   0.00460612  1.76086e-17     0.002093  6.90601e-18  0.000720769  1.99388e-18  0.000182819  4.14523e-19  3.20827e-05  5.66506e-20  3.39752e-06  3.59016e-21  1.41196e-07
-9.35195e-23 -1.53586e-07   3.3889e-22  5.73406e-07  4.79609e-21  1.69687e-06 -2.37319e-20   -5.265e-06 -9.23311e-20 -8.45612e-06  3.60924e-21  2.19675e-05  2.86472e-19  3.38469e-05  1.37118e-19 -5.81624e-05 -5.78049e-19 -0.000114194 -4.34263e-19  9.49748e-05     1.25e-18  0.000311646  2.06781e-18 -2.31457e-05  3.42279e-19 -0.000643888 -1.64486e-19 -0.000419082  4.51903e-18   0.00083679  9.18051e-18   0.00145837   3.5769e-18  7.19146e-06 -1.21689e-17  -0.00233027  -2.3492e-17  -0.00272755 -1.66131e-17 -2.81653e-05  5.68736e-18   0.00392646  2.73011e-17   0.00636195  3.51671e-17   0.00617105  2.91198e-17   0.00428937  1.76086e-17   0.00224597  8.02615e-18  0.000894177  2.72283e-18  0.000266485  6.72123e-19  5.69571e-05  1.15921e-19  7.97442e-06  1.16369e-20  5.85416e-07  3.59709e-22
