 0.000489114  4.61568e-21  -0.00232056 -2.49808e-19     0.003284  9.15754e-19   -0.0015196 -1.25179e-18 -0.000469202  4.74905e-19  0.000515754  5.34419e-19  4.87536e-05 -6.20197e-19 -9.29586e-05  2.14934e-19 -4.30903e-06 -1.36672e-20  6.73146e-06 -4.76918e-21  1.45338e-07
 4.61568e-21   0.00355178   1.8133e-19  -0.00889702 -1.61783e-18   0.00825802  3.84184e-18  -0.00154841 -4.02066e-18  -0.00211759  1.24863e-18  0.000834639  1.10509e-18   0.00036459 -1.07903e-18  -0.00015955  3.10637e-19 -3.45706e-05 -9.10291e-21  8.94811e-06   -5.185e-21
 -0.00232056   1.8133e-19     0.012005  8.33669e-19   -0.0193667 -4.77282e-18    0.0117826  8.75153e-18   0.00121097 -7.55091e-18  -0.00413974   2.1159e-18   0.00049897  1.33417e-18  0.000805824 -1.24336e-18 -0.000136711  3.29655e-19 -6.79301e-05 -2.28839e-21  5.42081e-06
-2.49808e-19  -0.00889702  8.33669e-19    0.0252747  2.15926e-18   -0.0287162 -9.20315e-18    0.0105775  1.37416e-17   0.00586901 -1.04045e-17  -0.00523266  3.19149e-18 -0.000460785  9.28144e-19   0.00112474 -1.17338e-18 -3.40137e-05  2.97106e-19 -7.82973e-05  3.56577e-21
    0.003284 -1.61783e-18   -0.0193667  2.15926e-18    0.0376878   3.8354e-18   -0.0318975  -1.2579e-17   0.00512732  1.58206e-17     0.010118 -1.16139e-17  -0.00493406  4.62412e-18   -0.0015877  1.82122e-19    0.0012018 -1.04335e-18  8.19881e-05  2.13394e-19 -5.75713e-05
 9.15754e-19   0.00825802 -4.77282e-18   -0.0287162   3.8354e-18    0.0434372  4.77689e-18   -0.0287193 -1.16322e-17   -0.0014037  1.30601e-17     0.012576  -1.1371e-17  -0.00371987  6.15621e-18  -0.00249018 -3.17345e-19   0.00107583 -8.96082e-19  0.000150751  9.76351e-20
  -0.0015196  3.84184e-18    0.0117826 -9.20315e-18   -0.0318975  4.77689e-18    0.0419959  3.55257e-18   -0.0228297 -4.60718e-18  -0.00655432  6.37541e-18    0.0133834 -1.07284e-17  -0.00225156  7.16982e-18  -0.00303458 -3.01187e-19   0.00084128 -6.65902e-19  0.000140917
-1.25179e-18  -0.00154841  8.75153e-18    0.0105775  -1.2579e-17   -0.0287193  3.55257e-18    0.0371529 -4.95743e-19   -0.0175468  6.90783e-18  -0.00984818 -9.83067e-19    0.0132915 -1.05563e-17 -0.000912713  7.14258e-18   -0.0032441  2.97793e-20  0.000575522 -3.50275e-19
-0.000469202 -4.02066e-18   0.00121097  1.37416e-17   0.00512732 -1.16322e-17   -0.0228297 -4.95743e-19     0.032553 -6.51665e-18   -0.0139709   1.8971e-17   -0.0118822 -5.89683e-18    0.0128901 -1.07068e-17   0.00017504    5.938e-18  -0.00316805  3.47683e-19  0.000322325
 4.74905e-19  -0.00211759 -7.55091e-18   0.00586901  1.58206e-17   -0.0014037 -4.60718e-18   -0.0175468 -6.51665e-18    0.0295661 -1.27404e-17   -0.0118052  2.79939e-17   -0.0133067 -7.37022e-18    0.0124675 -1.02104e-17  0.000999107  3.81479e-18  -0.00281614  3.47859e-19
 0.000515754  1.24863e-18  -0.00413974 -1.04045e-17     0.010118  1.30601e-17  -0.00655432  6.90783e-18   -0.0139709 -1.27404e-17    0.0280574 -1.76396e-17   -0.0105215  3.22462e-17   -0.0145204  -6.2717e-18    0.0121346 -8.37412e-18   0.00155556  1.62904e-18  -0.00210745
 5.34419e-19  0.000834639   2.1159e-18  -0.00523266 -1.16139e-17     0.012576  6.37541e-18  -0.00984818   1.8971e-17   -0.0118052 -1.76396e-17    0.0276003 -2.03297e-17  -0.00979124  3.12808e-17   -0.0157453 -3.64241e-18    0.0119309 -5.59042e-18   0.00179629  8.29097e-19
 4.87536e-05  1.10509e-18   0.00049897  3.19149e-18  -0.00493406  -1.1371e-17    0.0133834 -9.83067e-19   -0.0118822  2.79939e-17   -0.0105215 -2.03297e-17    0.0279579 -2.02039e-17  -0.00947292  2.50446e-17   -0.0171336 -4.68208e-19    0.0118616 -2.94259e-18   0.00147473
-6.20197e-19   0.00036459  1.33417e-18 -0.000460785  4.62412e-18  -0.00371987 -1.07284e-17    0.0132915 -5.89683e-18   -0.0133067  3.22462e-17  -0.00979124 -2.02039e-17    0.0291058 -1.68445e-17  -0.00954092  1.51922e-17   -0.0188235  4.63296e-20    0.0119394 -2.85479e-18
-9.29586e-05 -1.07903e-18  0.000805824  9.28144e-19   -0.0015877  6.15621e-18  -0.00225156 -1.05563e-17    0.0128901 -7.37022e-18   -0.0145204  3.12808e-17  -0.00947292 -1.68445e-17    0.0311973 -1.10411e-17   -0.0100788  8.78667e-18   -0.0209923 -3.83887e-18    0.0120991
 2.14934e-19  -0.00015955 -1.24336e-18   0.00112474  1.82122e-19  -0.00249018  7.16982e-18 -0.000912713 -1.07068e-17    0.0124675  -6.2717e-18   -0.0157453  2.50446e-17  -0.00954092 -1.10411e-17    0.0346194 -6.71844e-18   -0.0113179  1.45162e-17   -0.0240946  2.38772e-18
-4.30903e-06  3.10637e-19 -0.000136711 -1.17338e-18    0.0012018 -3.17345e-19  -0.00303458  7.14258e-18   0.00017504 -1.02104e-17    0.0121346 -3.64241e-18   -0.0171336  1.51922e-17   -0.0100788 -6.71844e-18    0.0402008 -9.25146e-18   -0.0137675  1.70588e-17   -0.0237031
-1.36672e-20 -3.45706e-05  3.29655e-19 -3.40137e-05 -1.04335e-18   0.00107583 -3.01187e-19   -0.0032441    5.938e-18  0.000999107 -8.37412e-18    0.0119309 -4.68208e-19   -0.0188235  8.78667e-18   -0.0113179 -9.25146e-18    0.0494734 -1.41224e-17   -0.0218014 -1.40975e-17
 6.73146e-06 -9.10291e-21 -6.79301e-05  2.97106e-19  8.19881e-05 -8.96082e-19   0.00084128  2.97793e-20  -0.00316805  3.81479e-18   0.00155556 -5.59042e-18    0.0118616  4.63296e-20   -0.0209923  1.45162e-17   -0.0137675 -1.41224e-17    0.0708987  3.48572e-18   -0.0668116
-4.76918e-21  8.94811e-06 -2.28839e-21 -7.82973e-05  2.13394e-19  0.000150751 -6.65902e-19  0.000575522  3.47683e-19  -0.00281614  1.62904e-18   0.00179629 -2.94259e-18    0.0119394 -3.83887e-18   -0.0240946  1.70588e-17   -0.0218014  3.48572e-18     0.135259  9.55328e-18
 1.45338e-07   -5.185e-21  5.42081e-06  3.56577e-21 -5.75713e-05  9.76351e-20  0.000140917 -3.50275e-19  0.000322325  3.47859e-19  -0.00210745  8.29097e-19   0.00147473 -2.85479e-18    0.0120991  2.38772e-18   -0.0237031 -1.40975e-17   -0.0668116  9.55328e-18     0.261916
