 8.46851e-07  3.75247e-21  -9.9361e-06 -8.98035e-20  4.27663e-05  3.30564e-19 -0.000100353 -6.79311e-19  0.000137233  8.75795e-19 -9.45627e-05 -5.53064e-19 -5.50145e-06 -3.27795e-19  5.88898e-05  1.16733e-18 -2.14279e-05 -1.23561e-18 -2.69772e-05  5.52865e-19  1.67847e-05  1.36521e-19  1.25713e-05 -2.86809e-19 -8.99026e-06   7.7065e-20 -6.43886e-06  6.36877e-20  3.71442e-06 -3.38623e-20  3.36938e-06 -1.88401e-20 -1.01772e-06  1.96598e-20 -1.56917e-06 -4.76999e-21  1.04272e-08  1.87641e-21  5.56539e-07 -3.02334e-21  1.60999e-07  1.64635e-21 -1.13992e-07 -3.95921e-22  -8.1456e-08  1.66596e-22 -1.93117e-09 -4.99497e-23  1.57185e-08  -3.5507e-23  6.01263e-09  2.26264e-23  6.18909e-11   5.5676e-25 -5.46088e-10 -1.09472e-24 -1.54172e-10 -1.23333e-25 -1.45202e-11  -3.4248e-26 -8.73576e-14
 3.75247e-21  1.43998e-05  8.24339e-20 -9.31918e-05 -6.26565e-19  0.000292017  1.80684e-18 -0.000528553 -3.49403e-18  0.000542628  4.88047e-18   -0.0002062 -4.68557e-18 -0.000178644  2.49031e-18  0.000211294  1.85047e-19   2.5722e-05 -1.34097e-18 -0.000124154  7.31507e-19  5.39676e-06  1.95182e-19  6.44756e-05 -3.57111e-19 -3.56361e-06  4.98804e-20 -3.13441e-05   8.6996e-20 -1.25744e-06 -6.06849e-21  1.36502e-05 -5.33305e-20  2.92448e-06  3.58089e-20 -4.76378e-06 -1.40176e-20 -2.23632e-06  1.14276e-20  1.02578e-06  -8.6173e-21  1.00928e-06  2.89698e-21  2.89441e-08 -7.23005e-22 -2.47618e-07  5.08788e-22 -9.33412e-08 -1.30045e-22  1.31982e-08 -1.18362e-22  1.89117e-08  6.12993e-23  4.89953e-09  6.43187e-24 -3.91433e-14 -2.59168e-24 -2.21027e-10  -3.3722e-25 -3.31953e-11 -2.76911e-26
 -9.9361e-06  8.24339e-20  0.000117411  2.53653e-19 -0.000510483 -1.20121e-18    0.0012157  2.71075e-18  -0.00170236  -4.7934e-18   0.00123526  6.63232e-18 -1.06568e-05 -6.27468e-18 -0.000724676  3.14316e-18  0.000328297  3.30447e-19  0.000306885 -1.49853e-18 -0.000246452  5.20545e-19  -0.00013188   4.3753e-19  0.000134748 -3.52392e-19  6.56926e-05 -3.42732e-20 -6.05208e-05  6.97814e-20 -3.60082e-05  6.68844e-20  2.10358e-05 -1.01671e-19  1.85424e-05   5.5677e-20 -4.13205e-06 -2.93863e-20  -7.6874e-06  2.61572e-20 -7.21443e-07 -1.53659e-20   2.1301e-06  3.75433e-21  8.78908e-07 -7.56081e-22 -2.22833e-07  8.39985e-22 -2.62578e-07 -2.81781e-22 -5.40113e-08 -2.30206e-22  1.74299e-08  1.00057e-22  1.10905e-08  1.45031e-23  1.99327e-09 -2.71135e-24  5.50278e-11 -3.69949e-25 -1.17543e-11
-8.98035e-20 -9.31918e-05  2.53653e-19  0.000609238  3.24248e-19  -0.00193694 -7.27941e-19   0.00358353  1.15206e-18  -0.00382441 -3.00411e-18   0.00165492  5.65301e-18   0.00107599 -5.66227e-18  -0.00155298  2.33867e-18 -8.67473e-06  9.75762e-19  0.000873375 -1.41865e-18 -0.000157754    2.628e-20  -0.00044302   6.3042e-19  9.94043e-05 -2.15701e-19  0.000217911 -1.09078e-19 -3.28466e-05 -5.56992e-21  -0.00010099  1.66669e-19 -8.88716e-07  -1.5895e-19  4.04126e-05  7.57643e-20  9.07066e-06 -4.13672e-20 -1.19761e-05  3.85383e-20 -6.22177e-06 -2.13457e-20  1.68521e-06  4.36432e-21   2.1886e-06 -1.87526e-22  3.44944e-07  1.12112e-21 -3.13538e-07 -4.72648e-22 -1.65568e-07 -3.48601e-22 -1.75595e-08  1.05191e-22  8.61064e-09  1.73895e-23  2.99657e-09  -1.6742e-24  2.97428e-10 -2.34498e-25
 4.27663e-05 -6.26565e-19 -0.000510483  3.24248e-19   0.00225174 -3.78867e-20  -0.00547638   1.5616e-18   0.00792929 -2.60393e-18  -0.00617141 -3.79681e-19  0.000614637  4.76242e-18     0.003273 -4.94302e-18  -0.00193334  1.31814e-18  -0.00118613  1.42412e-18   0.00136898 -8.75975e-19   0.00041328  -5.7316e-19 -0.000751578  6.38644e-19 -0.000183162 -2.99672e-20  0.000358917 -1.33503e-19  0.000109129   -6.956e-20 -0.000146192  2.49144e-19 -6.74877e-05   -2.183e-19   4.5322e-05  8.69996e-20  3.48397e-05 -3.76518e-20 -7.00115e-06  4.06735e-20 -1.29564e-05 -2.47966e-20 -1.86835e-06  4.56205e-21  2.71376e-06   6.8081e-22  1.33088e-06  1.60864e-21 -4.22221e-08 -5.15019e-22 -2.11233e-07 -4.25883e-22 -6.49629e-08  6.72849e-23 -4.06081e-09  1.10603e-23  1.36665e-09 -1.20684e-24  1.67861e-10
 3.30564e-19  0.000292017 -1.20121e-18  -0.00193694 -3.78867e-20   0.00628722 -1.09227e-18   -0.0119987  5.23681e-18     0.013509 -6.11075e-18  -0.00684468  2.21259e-19  -0.00280523  4.92724e-18   0.00568481 -3.93004e-18 -0.000851124 -4.37854e-20  -0.00294409  1.52251e-18   0.00113727 -7.17484e-20   0.00140113 -8.97686e-19 -0.000703083  4.73873e-19 -0.000678889  9.90378e-21  0.000318879 -1.23868e-19  0.000333178 -2.24104e-20 -0.000101777  2.69385e-19 -0.000153128 -2.56766e-19  1.13619e-05  7.75627e-20  5.83793e-05  -1.6002e-20  1.06505e-05  3.15384e-20  -1.5153e-05 -2.46157e-20 -7.55069e-06  3.31491e-21  1.29469e-06  8.60787e-22  2.03606e-06  2.40993e-21  4.83899e-07 -2.43184e-22 -1.05518e-07 -3.88385e-22 -7.77811e-08  1.89183e-23 -1.44348e-08  7.64289e-25 -6.92405e-10 -1.11412e-24
-0.000100353  1.80684e-18    0.0012157 -7.27941e-19  -0.00547638 -1.09227e-18    0.0137293 -2.59159e-18    -0.020839   8.3002e-18    0.0177975 -6.19859e-18  -0.00389955 -1.94387e-18  -0.00793647  5.13404e-18   0.00652458 -2.22902e-18    0.0019555 -1.06168e-18  -0.00425471  8.44503e-19 -0.000167815  5.07666e-19   0.00228115 -5.39967e-19 -8.96222e-05  2.60515e-19  -0.00112653   -1.878e-19  1.21772e-05 -1.59892e-19    0.0005135  1.58701e-19  5.24944e-05  2.17528e-19 -0.000203128 -2.43866e-19 -5.81348e-05  4.29836e-20  6.06066e-05  1.32556e-20  3.46269e-05  1.81686e-20 -8.72973e-06 -2.02994e-20 -1.21052e-05 -2.65628e-22 -1.90318e-06 -6.12871e-22  1.76971e-06  3.06739e-21  9.22288e-07  2.49402e-22  1.02171e-07 -2.21157e-22  -3.8967e-08 -5.21305e-24 -1.23079e-08 -5.01032e-24 -8.45485e-10
-6.79311e-19 -0.000528553  2.71075e-18   0.00358353   1.5616e-18   -0.0119987 -2.59159e-18    0.0239631 -3.83855e-18   -0.0290737  8.45174e-18    0.0177678 -2.30082e-18   0.00269268 -4.26567e-18   -0.0123939  3.62237e-18   0.00456905 -1.41117e-19   0.00541377 -6.75972e-19  -0.00410402  -6.4889e-19  -0.00212778  3.91367e-19   0.00246442  4.60732e-19  0.000908943  1.68708e-19  -0.00123914 -4.67181e-19 -0.000466599  -3.1373e-19  0.000530469  3.79183e-19  0.000262501  1.28931e-19 -0.000177629 -1.72143e-19 -0.000134797 -6.39727e-21  3.35414e-05  3.61449e-20  5.31068e-05  9.72688e-21  5.22437e-06 -1.11799e-20 -1.24379e-05 -5.30955e-21 -5.37491e-06 -3.75273e-21  4.60757e-07  2.90717e-21  9.41809e-07  6.49599e-22  2.60967e-07  -2.4716e-23  1.57414e-08  -6.1563e-24 -3.27748e-09 -4.13549e-24
 0.000137233 -3.49403e-18  -0.00170236  1.15206e-18   0.00792929  5.23681e-18    -0.020839 -3.83855e-18    0.0339336 -4.01307e-18   -0.0328673  4.53807e-18    0.0124344  2.89408e-18     0.010383 -3.87574e-18   -0.0138195 -8.92514e-20  0.000392464  1.56638e-18   0.00787769    1.215e-18   -0.0023941 -2.29732e-18  -0.00386652 -4.15903e-19   0.00179323  1.51777e-18   0.00187003  2.81313e-19 -0.000932322 -5.64276e-19 -0.000923406  -5.5858e-19  0.000358544  4.98389e-19  0.000444218  5.80901e-20 -7.76886e-05 -7.29108e-20 -0.000186374 -5.17312e-20 -1.54328e-05   4.3002e-20  5.67925e-05  1.03902e-20  2.14203e-05  3.44302e-21 -7.65453e-06 -9.13787e-21 -7.31275e-06 -7.26727e-21 -1.26853e-06  1.80002e-21  4.99437e-07  7.06946e-22   2.5848e-07   7.2947e-23  3.89984e-08 -3.96205e-24  1.33519e-09
 8.75795e-19  0.000542628  -4.7934e-18  -0.00382441 -2.60393e-18     0.013509   8.3002e-18   -0.0290737 -4.01307e-18    0.0395086 -2.32241e-18   -0.0304151 -2.51845e-18   0.00409131  6.46245e-18    0.0158829  -8.1843e-19    -0.011835 -4.66516e-18  -0.00411769  2.37777e-18    0.0084712  3.52939e-18  7.07605e-05 -3.24984e-18  -0.00476743 -1.45876e-18  0.000582581  1.95424e-18   0.00246684  5.65463e-19 -0.000335733 -3.81768e-19  -0.00120939 -7.68047e-19   5.8497e-05  4.35007e-19  0.000538592   4.0789e-20  6.51591e-05  7.54364e-21 -0.000194378 -8.05896e-20 -7.04598e-05  2.90465e-20  4.31547e-05  1.67722e-20  3.36607e-05  2.22167e-20  6.68758e-07 -9.16037e-21 -6.67698e-06 -9.19658e-21 -2.52028e-06  3.89572e-22 -1.24268e-07  4.48638e-22  1.23232e-07  5.15919e-23  2.47497e-08 -4.25146e-24
-9.45627e-05  4.88047e-18   0.00123526 -3.00411e-18  -0.00617141 -6.11075e-18    0.0177975  8.45174e-18   -0.0328673 -2.32241e-18    0.0385634  1.28198e-18   -0.0236257 -9.70736e-18  -0.00345682  7.75987e-18    0.0177533  2.72459e-18  -0.00804974 -8.18027e-18  -0.00740317  2.24002e-18   0.00752635  5.12017e-18   0.00238441 -3.10268e-18   -0.0047924 -2.25274e-18 -0.000735155  1.50169e-18    0.0026222  9.37011e-19  0.000358043 -5.04182e-20  -0.00127835 -8.14072e-19 -0.000283975  2.13594e-19  0.000528146  7.70142e-20  0.000212403  4.69636e-20 -0.000157095 -9.29094e-20 -0.000115654 -6.56458e-21  1.59237e-05  2.05347e-20  3.75555e-05  3.99758e-20  9.48304e-06 -4.87957e-21 -3.67929e-06 -8.22395e-21 -2.67189e-06 -4.66926e-22 -5.38406e-07  1.29492e-22 -1.27468e-08 -7.51753e-25  4.69443e-09
-5.53064e-19   -0.0002062  6.63232e-18   0.00165492 -3.79681e-19  -0.00684468 -6.19859e-18    0.0177678  4.53807e-18   -0.0304151  1.28198e-18    0.0328291  5.23919e-18   -0.0164722 -1.39605e-17  -0.00794063  7.67608e-18    0.0169919  5.12547e-18  -0.00432928 -9.59868e-18   -0.0091657  1.31074e-18   0.00588389  5.69254e-18   0.00413166 -2.02819e-18     -0.00423 -2.55788e-18  -0.00189356  3.85574e-19   0.00241834  1.29242e-18   0.00100855  2.55259e-19  -0.00115343 -6.70209e-19 -0.000600134 -6.20755e-20  0.000424321  1.41373e-19  0.000332864  6.07471e-20 -8.44045e-05 -9.13572e-20 -0.000139796 -5.83874e-20 -1.74483e-05  1.36021e-20  3.17492e-05  4.94721e-20  1.56223e-05  1.72967e-21  3.76805e-07  -4.6827e-21 -1.74202e-06 -4.16387e-22 -5.42231e-07 -2.05619e-23 -5.43536e-08  -1.3867e-23
-5.50145e-06 -4.68557e-18 -1.06568e-05  5.65301e-18  0.000614637  2.21259e-19  -0.00389955 -2.30082e-18    0.0124344 -2.51845e-18   -0.0236257  5.23919e-18    0.0263012  7.44722e-18   -0.0116909 -1.46555e-17  -0.00973155   6.8809e-18    0.0153942  6.35678e-18  -0.00145224 -9.19173e-18  -0.00991243 -1.88934e-19   0.00412018  5.56837e-18   0.00532145 -4.64217e-19  -0.00335382 -2.38569e-18  -0.00280231 -9.24079e-19   0.00196668  1.49786e-18   0.00154097  4.75968e-19 -0.000881811 -4.28719e-19 -0.000846097 -2.77155e-19   0.00025212  2.00854e-19  0.000406526  8.34005e-20  7.97309e-06  -7.0012e-20 -0.000137793 -1.12951e-19 -4.84087e-05 -6.83476e-21  1.79682e-05   4.5988e-20  1.69826e-05  7.49394e-21  3.72241e-06 -3.73227e-22 -3.77965e-07  1.84146e-22 -2.70725e-07   1.1211e-24 -2.62546e-08
-3.27795e-19 -0.000178644 -6.27468e-18   0.00107599  4.76242e-18  -0.00280523 -1.94387e-18   0.00269268  2.89408e-18   0.00409131 -9.70736e-18   -0.0164722  7.44722e-18    0.0218574   7.4785e-18  -0.00932895 -1.34856e-17    -0.010379  5.59256e-18    0.0139396  7.09417e-18  0.000731212 -7.85892e-18   -0.0101288 -1.97939e-18    0.0024226  4.99977e-18   0.00607045  1.20964e-18  -0.00232356  -1.9233e-18  -0.00344751 -1.98371e-18   0.00135939  1.41876e-18   0.00192059  6.44279e-19 -0.000514058 -2.22169e-19 -0.000998074 -3.76448e-19  4.11724e-05  2.22872e-19  0.000424108  1.41411e-19  0.000102657   -1.711e-20 -0.000110496 -1.52587e-19 -6.94391e-05 -3.60286e-20  3.07043e-07  3.07641e-20  1.32765e-05  9.89778e-21  4.98062e-06  2.67795e-21  5.81473e-07  6.67534e-22 -2.70685e-08  3.87375e-23
 5.88898e-05  2.49031e-18 -0.000724676 -5.66227e-18     0.003273  4.92724e-18  -0.00793647 -4.26567e-18     0.010383  6.46245e-18  -0.00345682 -1.39605e-17   -0.0116909   7.4785e-18    0.0196858  6.66054e-18  -0.00805278  -1.2279e-17   -0.0108593   4.0626e-18    0.0126887  7.75612e-18   0.00251455 -6.30768e-18    -0.010015 -3.74657e-18  0.000830876  3.97563e-18   0.00646111  2.76263e-18  -0.00123562 -1.40624e-18   -0.0038383 -2.53229e-18  0.000670505  1.01145e-18   0.00213613  7.84613e-19 -9.76675e-05 -1.25416e-19  -0.00104756  -3.9478e-19  -0.00017912  1.77661e-19  0.000385523  2.37211e-19  0.000183505  7.04523e-20 -6.37335e-05 -1.63336e-19 -7.56336e-05  -6.3705e-20 -1.59808e-05  1.03526e-20  6.20646e-06  8.42187e-21  3.93037e-06  3.49344e-21  7.33139e-07  6.56892e-22  3.70622e-08
 1.16733e-18  0.000211294  3.14316e-18  -0.00155298 -4.94302e-18   0.00568481  5.13404e-18   -0.0123939 -3.87574e-18    0.0158829  7.75987e-18  -0.00794063 -1.46555e-17  -0.00932895  6.66054e-18    0.0185331  6.21597e-18  -0.00695058 -1.16956e-17   -0.0112907   2.5685e-18    0.0114872  8.41907e-18   0.00399972 -4.76718e-18  -0.00964945 -5.18815e-18 -0.000621972  2.49713e-18   0.00655663  4.02998e-18 -0.000159489 -9.41013e-19  -0.00399729 -2.55661e-18 -4.08989e-05  3.96413e-19   0.00219196  8.86272e-19  0.000325975 -1.19111e-19 -0.000997372 -4.23305e-19 -0.000382414  4.64096e-20  0.000298005  3.47627e-19  0.000237569  1.76934e-19 -6.93638e-06  -1.4142e-19 -6.57245e-05 -7.93518e-20 -2.60061e-05 -7.20557e-21 -1.09623e-06  4.64564e-21  1.69006e-06  2.55105e-21  3.74284e-07  3.17843e-22
-2.14279e-05  1.85047e-19  0.000328297  2.33867e-18  -0.00193334 -3.93004e-18   0.00652458  3.62237e-18   -0.0138195  -8.1843e-19    0.0177533  7.67608e-18  -0.00973155 -1.34856e-17  -0.00805278  6.21597e-18    0.0175184  6.34324e-18  -0.00591783 -1.15196e-17   -0.0115627  1.22921e-18    0.0103237  9.03963e-18   0.00520889  -3.1397e-18  -0.00911006 -6.10227e-18  -0.00191405   7.8709e-19   0.00641877  4.84163e-18  0.000858593  -4.4224e-19  -0.00395471 -2.26315e-18 -0.000730298 -1.78193e-19   0.00210185  9.53789e-19  0.000722759 -1.23479e-19 -0.000858273 -5.36885e-19 -0.000546876 -1.65457e-19  0.000174293   4.3391e-19  0.000256413  2.72519e-19  4.84963e-05 -9.44632e-20 -4.25298e-05  -7.7332e-20 -2.69012e-05 -1.63885e-20 -5.47436e-06  1.05805e-21 -8.97031e-08  1.14766e-21  6.15908e-08
-1.23561e-18   2.5722e-05  3.30447e-19 -8.67473e-06  1.31814e-18 -0.000851124 -2.22902e-18   0.00456905 -8.92514e-20    -0.011835  2.72459e-18    0.0169919   6.8809e-18    -0.010379  -1.2279e-17  -0.00695058  6.34324e-18    0.0165501  6.71088e-18  -0.00507442 -1.13721e-17   -0.0116963   7.6912e-21   0.00924394   9.4667e-18   0.00618816 -1.25939e-18  -0.00846364 -6.51149e-18  -0.00304613 -7.88049e-19   0.00610034  5.06817e-18   0.00179149  2.04142e-19  -0.00374149  -1.9401e-18  -0.00136512  -4.7933e-19   0.00188451  1.04057e-18   0.00106549 -5.27779e-20 -0.000646478 -7.39079e-19 -0.000655878 -4.22099e-19  3.10234e-05  4.59075e-19  0.000237025  3.28458e-19  9.10794e-05 -3.75077e-20 -1.26974e-05 -5.90838e-20 -1.92817e-05 -1.62302e-20 -5.62516e-06 -6.61538e-22 -5.84006e-07  2.72244e-22
-2.69772e-05 -1.34097e-18  0.000306885  9.75762e-19  -0.00118613 -4.37854e-20    0.0019555 -1.41117e-19  0.000392464 -4.66516e-18  -0.00804974  5.12547e-18    0.0153942  5.59256e-18   -0.0108593 -1.16956e-17  -0.00591783  6.71088e-18    0.0157584  7.00375e-18  -0.00440688 -1.10782e-17   -0.0117669  -1.2301e-18   0.00825246  9.46906e-18   0.00699003  8.90617e-19  -0.00774995 -6.65103e-18  -0.00402858 -1.93179e-18   0.00564166  4.73118e-18   0.00262348  9.14348e-19  -0.00338635 -1.78985e-18  -0.00192153  -4.3482e-19    0.0015612   1.2154e-18   0.00133307  1.49505e-19 -0.000382049 -9.60979e-19 -0.000698409 -6.67401e-19 -0.000112757  4.04342e-19   0.00018246  3.30068e-19  0.000111431  1.32329e-20  1.45461e-05 -3.22454e-20 -7.64593e-06 -1.00471e-20 -3.05378e-06  -6.3486e-22  -2.8287e-07
 5.52865e-19 -0.000124154 -1.49853e-18  0.000873375  1.42412e-18  -0.00294409 -1.06168e-18   0.00541377  1.56638e-18  -0.00411769 -8.18027e-18  -0.00432928  6.35678e-18    0.0139396   4.0626e-18   -0.0112907 -1.15196e-17  -0.00507442  7.00375e-18    0.0151381  7.11286e-18  -0.00384233 -1.06692e-17   -0.0118059  -2.6268e-18   0.00733327  8.97264e-18   0.00765017  3.05445e-18  -0.00699281 -6.72985e-18  -0.00487252 -2.55663e-18   0.00507388  4.04491e-18   0.00334545  1.38259e-18  -0.00291528 -1.86145e-18    -0.002382 -1.77297e-19   0.00115444  1.49986e-18   0.00150981  4.97276e-19 -8.78601e-05 -1.10351e-18 -0.000669504 -8.46719e-19 -0.000237137  2.76967e-19  0.000102153  2.80042e-19  0.000104782  4.53823e-20  3.01827e-05 -7.52766e-21  1.65432e-06 -3.20304e-21 -6.22141e-07 -1.31357e-22
 1.67847e-05  7.31507e-19 -0.000246452 -1.41865e-18   0.00136898  1.52251e-18  -0.00425471 -6.75972e-19   0.00787769  2.37777e-18  -0.00740317 -9.59868e-18  -0.00145224  7.09417e-18    0.0126887   2.5685e-18   -0.0115627 -1.13721e-17  -0.00440688  7.11286e-18    0.0146222  7.17393e-18  -0.00334834 -1.02188e-17   -0.0118202 -4.18925e-18   0.00647667  8.22433e-18   0.00819396  4.75421e-18  -0.00620884 -6.69196e-18  -0.00558921 -2.74475e-18   0.00442124  3.32809e-18   0.00395241  1.31225e-18  -0.00235156 -2.11067e-18   -0.0027335  2.86659e-20  0.000687617   1.8371e-18   0.00158483  9.58381e-19  0.000211099 -1.08781e-18 -0.000570833 -9.25438e-19 -0.000323228  1.08133e-19  1.16386e-05  1.94178e-19  7.36764e-05  5.31616e-20  2.99073e-05  6.40725e-21  4.74631e-06  4.15192e-22  1.94956e-07
 1.36521e-19  5.39676e-06  5.20545e-19 -0.000157754 -8.75975e-19   0.00113727  8.44503e-19  -0.00410402    1.215e-18    0.0084712  2.24002e-18   -0.0091657 -9.19173e-18  0.000731212  7.75612e-18    0.0114872  1.22921e-18   -0.0116963 -1.10782e-17  -0.00384233  7.17393e-18    0.0141823  7.40287e-18  -0.00291653 -9.70403e-18   -0.0118189 -5.70955e-18   0.00567582  7.61291e-18   0.00864276  5.53907e-18  -0.00540867 -6.28409e-18  -0.00618931 -2.58615e-18   0.00370232    2.859e-18    0.0044415  6.93491e-19  -0.00171611 -2.48617e-18  -0.00296615 -8.35624e-20  0.000184957  2.11094e-18   0.00155202  1.45672e-18  0.000488301 -8.88331e-19 -0.000411509  -8.9487e-19 -0.000355688 -5.76177e-20 -6.88123e-05  9.51669e-20  2.98601e-05  3.93102e-20   1.7912e-05  8.13325e-21  3.04983e-06  7.41726e-22
 1.25713e-05  1.95182e-19  -0.00013188    2.628e-20   0.00041328 -7.17484e-20 -0.000167815  -6.4889e-19   -0.0023941  3.52939e-18   0.00752635  1.31074e-18  -0.00991243 -7.85892e-18   0.00251455  8.41907e-18    0.0103237   7.6912e-21   -0.0117669 -1.06692e-17  -0.00334834  7.40287e-18    0.0138131  7.80492e-18   -0.0025353 -9.02779e-18   -0.0118114 -6.83752e-18   0.00492225  7.31139e-18   0.00901358  5.28144e-18  -0.00459819 -5.39494e-18  -0.00668191 -2.07926e-18   0.00293134  2.78675e-18    0.0048106 -1.15913e-19  -0.00102825 -2.94351e-18  -0.00307232 -6.57849e-19  -0.00032811  2.19744e-18   0.00141029  1.88587e-18  0.000716432  -5.4333e-19 -0.000209032 -7.70214e-19 -0.000326111 -1.79865e-19 -0.000117793   6.9826e-21 -8.10497e-06  1.53983e-20  4.72747e-06  3.72293e-21  7.57286e-07
-2.86809e-19  6.44756e-05   4.3753e-19  -0.00044302  -5.7316e-19   0.00140113  5.07666e-19  -0.00212778 -2.29732e-18  7.07605e-05  5.12017e-18   0.00588389 -1.88934e-19   -0.0101288 -6.30768e-18   0.00399972  9.03963e-18   0.00924394  -1.2301e-18   -0.0118059 -1.02188e-17  -0.00291653  7.80492e-18    0.0135056  8.10564e-18  -0.00219279 -8.18837e-18   -0.0118031 -7.24852e-18   0.00420755  7.12214e-18   0.00931932  4.27558e-18  -0.00378028 -4.29113e-18  -0.00707412 -1.21838e-18   0.00211942  3.12652e-18   0.00505744 -5.72652e-19 -0.000306486 -3.40227e-18  -0.00304622 -1.63643e-18 -0.000824443  2.02459e-18   0.00116447  2.14205e-18  0.000868659 -1.42988e-19  1.00543e-05 -5.87201e-19 -0.000237566 -2.38137e-19 -0.000120935 -5.05921e-20 -2.48578e-05 -3.51247e-21 -1.57745e-06  3.03029e-22
-8.99026e-06 -3.57111e-19  0.000134748   6.3042e-19 -0.000751578 -8.97686e-19   0.00228115  3.91367e-19  -0.00386652 -3.24984e-18   0.00238441  5.69254e-18   0.00412018 -1.97939e-18    -0.010015 -4.76718e-18   0.00520889   9.4667e-18   0.00825246  -2.6268e-18   -0.0118202 -9.70403e-18   -0.0025353  8.10564e-18    0.0132501  8.01857e-18  -0.00188098 -7.39224e-18   -0.0117974 -6.82514e-18   0.00352413  6.68198e-18   0.00956983  3.03087e-18  -0.00295564 -3.47833e-18  -0.00737094 -1.60797e-19    0.0012755  3.78839e-18   0.00517902 -2.60584e-19  0.000430439 -3.73542e-18  -0.00288388 -2.76743e-18  -0.00127466  1.61247e-18  0.000826812  2.16752e-18  0.000921023  2.04744e-19  0.000210364 -3.92657e-19 -0.000110526 -2.34323e-19 -8.27367e-05 -6.84897e-20 -2.01075e-05 -9.18815e-21 -1.52981e-06
  7.7065e-20 -3.56361e-06 -3.52392e-19  9.94043e-05  6.38644e-19 -0.000703083 -5.39967e-19   0.00246442 -4.15903e-19  -0.00476743 -3.10268e-18   0.00413166  5.56837e-18    0.0024226 -3.74657e-18  -0.00964945  -3.1397e-18   0.00618816  9.46906e-18   0.00733327 -4.18925e-18   -0.0118189 -9.02779e-18  -0.00219279  8.01857e-18    0.0130406  7.54013e-18  -0.00159371  -6.9076e-18   -0.0117973 -5.76952e-18   0.00286475   5.8164e-18   0.00977247  1.91424e-18  -0.00212349 -3.33503e-18  -0.00757518  7.47025e-19   0.00040731  4.61065e-18    0.0051712  8.77276e-19   0.00116252  -3.8278e-18  -0.00258374 -3.71533e-18   -0.0016468  1.06541e-18  0.000419217   1.9729e-18  0.000856461  4.19445e-19  0.000349658 -2.25768e-19  1.43426e-05 -1.84754e-19 -3.02535e-05 -5.40131e-20 -7.81262e-06 -5.33053e-21
-6.43886e-06  4.98804e-20  6.56926e-05 -2.15701e-19 -0.000183162  4.73873e-19 -8.96222e-05  4.60732e-19   0.00179323 -1.45876e-18   -0.0047924 -2.02819e-18   0.00532145  4.99977e-18  0.000830876 -5.18815e-18  -0.00911006 -1.25939e-18   0.00699003  8.97264e-18   0.00647667 -5.70955e-18   -0.0118114 -8.18837e-18  -0.00188098  7.54013e-18    0.0128728  6.93412e-18   -0.0013255 -6.74094e-18   -0.0118049 -4.51443e-18   0.00222244   4.7089e-18    0.0099324  9.37164e-19  -0.00128195 -3.89075e-18  -0.00768726  1.13383e-18  -0.00047779  5.40817e-18   0.00502858   2.5279e-18   0.00186725 -3.63804e-18   -0.0021478 -4.21456e-18  -0.00190636  5.19763e-19 -2.39992e-05   1.6223e-18  0.000670733  4.80681e-19  0.000387607 -1.03894e-19  8.94665e-05 -1.14449e-19  4.60468e-06 -2.76067e-20 -7.31818e-07
 6.36877e-20 -3.13441e-05 -3.42732e-20  0.000217911 -2.99672e-20 -0.000678889  2.60515e-19  0.000908943  1.51777e-18  0.000582581 -2.25274e-18     -0.00423 -4.64217e-19   0.00607045  3.97563e-18 -0.000621972 -6.10227e-18  -0.00846364  8.90617e-19   0.00765017  8.22433e-18   0.00567582 -6.83752e-18   -0.0118031 -7.39224e-18  -0.00159371  6.93412e-18    0.0127433   6.4283e-18  -0.00107172 -6.50493e-18   -0.0118217 -3.39455e-18   0.00159043  3.77015e-18    0.0100528 -1.30218e-19 -0.000428457 -4.91142e-18  -0.00770516  7.86056e-19   -0.0013719  6.01584e-18   0.00474453  4.19135e-18   0.00251824 -3.19033e-18  -0.00158355 -4.15995e-18  -0.00201742  9.42192e-20 -0.000453924  1.20788e-18  0.000383119  4.28755e-19  0.000309859  -2.5747e-20  9.32443e-05 -5.13464e-20  1.15843e-05 -8.08263e-21
 3.71442e-06   8.6996e-20 -6.05208e-05 -1.09078e-19  0.000358917  9.90378e-21  -0.00112653  1.68708e-19   0.00187003  1.95424e-18 -0.000735155 -2.55788e-18  -0.00335382  1.20964e-18   0.00646111  2.49713e-18  -0.00191405 -6.51149e-18  -0.00774995  3.05445e-18   0.00819396  7.61291e-18   0.00492225 -7.24852e-18   -0.0117974  -6.9076e-18   -0.0013255   6.4283e-18    0.0126493  5.95065e-18 -0.000828326 -5.71932e-18   -0.0118489 -2.33197e-18  0.000962073  3.37447e-18    0.0101351 -1.40944e-18  0.000439953 -6.10474e-18  -0.00762418  -2.9933e-19  -0.00226558  6.28307e-18   0.00431153  5.40105e-18   0.00308385 -2.52642e-18 -0.000907202 -3.59134e-18  -0.00194639 -1.22414e-19 -0.000804623  8.35902e-19  5.40161e-05  3.34088e-19   0.00015709  1.67537e-20  5.14637e-05  -1.3466e-20  4.94881e-06
-3.38623e-20 -1.25744e-06  6.97814e-20 -3.28466e-05 -1.33503e-19  0.000318879   -1.878e-19  -0.00123914  2.81313e-19   0.00246684  1.50169e-18  -0.00189356 -2.38569e-18  -0.00232356  2.76263e-18   0.00655663   7.8709e-19  -0.00304613 -6.65103e-18  -0.00699281  4.75421e-18   0.00864276  7.31139e-18   0.00420755 -6.82514e-18   -0.0117973 -6.74094e-18  -0.00107172  5.95065e-18    0.0125891  5.17586e-18 -0.000591652   -4.296e-18   -0.0118873 -9.09443e-19  0.000330642  3.66935e-18    0.0101789 -2.62954e-18   0.00132634 -7.19438e-18  -0.00743676 -1.94583e-18   -0.0031466  6.04457e-18   0.00372209   5.8485e-18   0.00352571 -1.70535e-18  -0.00014893 -2.63116e-18  -0.00166772 -7.46838e-20 -0.000992187  5.98705e-19 -0.000211005  2.52962e-19  1.60169e-05  3.18988e-20  1.20603e-05 -2.28524e-22
 3.36938e-06 -6.06849e-21 -3.60082e-05 -5.56992e-21  0.000109129 -1.23868e-19  1.21772e-05 -4.67181e-19 -0.000932322  5.65463e-19    0.0026222  3.85574e-19  -0.00280231  -1.9233e-18  -0.00123562  4.02998e-18   0.00641877 -7.88049e-19  -0.00402858 -6.72985e-18  -0.00620884  5.53907e-18   0.00901358  7.12214e-18   0.00352413 -5.76952e-18   -0.0118049 -6.50493e-18 -0.000828326  5.17586e-18    0.0125615  3.82224e-18 -0.000358249 -2.68347e-18   -0.0119376  1.14389e-18 -0.000310761  4.51284e-18    0.0101817 -3.17421e-18   0.00223353 -7.86095e-18   -0.0071322 -3.81317e-18  -0.00399831  5.14862e-18   0.00297017  5.41003e-18   0.00379688  -8.4876e-19  0.000641479 -1.45021e-18  -0.00117298  2.20119e-19 -0.000937406   5.1658e-19 -0.000311238  1.98144e-19 -4.62342e-05  2.78356e-20 -1.80884e-06
-1.88401e-20  1.36502e-05  6.68844e-20  -0.00010099   -6.956e-20  0.000333178 -1.59892e-19 -0.000466599 -5.64276e-19 -0.000335733  9.37011e-19   0.00241834 -9.24079e-19  -0.00344751 -1.40624e-18 -0.000159489  4.84163e-18   0.00610034 -1.93179e-18  -0.00487252 -6.69196e-18  -0.00540867  5.28144e-18   0.00931932  6.68198e-18   0.00286475 -4.51443e-18   -0.0118217 -5.71932e-18 -0.000591652  3.82224e-18     0.012566  1.90039e-18 -0.000124767 -1.48729e-18   -0.0120001  3.50458e-18 -0.000969368  5.51634e-18    0.0101392 -2.45201e-18   0.00316365  -7.7437e-18  -0.00669625 -5.43569e-18  -0.00479762  3.55074e-18   0.00205329  4.14324e-18   0.00384262 -1.40717e-19   0.00138941 -2.74033e-19 -0.000500901  6.21946e-19 -0.000636992  5.07459e-19 -0.000239151  1.48584e-19 -3.72736e-05  1.42362e-20
-1.01772e-06 -5.33305e-20  2.10358e-05  1.66669e-19 -0.000146192 -2.24104e-20    0.0005135  -3.1373e-19 -0.000923406 -3.81768e-19  0.000358043  1.29242e-18   0.00196668 -1.98371e-18   -0.0038383 -9.41013e-19  0.000858593  5.06817e-18   0.00564166 -2.55663e-18  -0.00558921 -6.28409e-18  -0.00459819  4.27558e-18   0.00956983   5.8164e-18   0.00222244 -3.39455e-18   -0.0118489   -4.296e-18 -0.000358249  1.90039e-18    0.0126026  -2.8739e-19  0.000112183 -9.70017e-19   -0.0120749   5.2902e-18  -0.00165292  6.19969e-18    0.0100444 -2.94904e-19   0.00411758 -6.58752e-18  -0.00611091 -6.38003e-18  -0.00551297  1.38257e-18  0.000978069  2.26581e-18   0.00360552  2.29581e-19   0.00197857  6.11327e-19  0.000206269  8.93772e-19 -0.000228916  4.50546e-19 -9.97891e-05   8.9041e-20  -1.1161e-05
 1.96598e-20  2.92448e-06 -1.01671e-19 -8.88716e-07  2.49144e-19 -0.000101777  1.58701e-19  0.000530469  -5.5858e-19  -0.00120939 -5.04182e-20   0.00100855  1.49786e-18   0.00135939 -2.53229e-18  -0.00399729  -4.4224e-19   0.00179149  4.73118e-18   0.00507388 -2.74475e-18  -0.00618931 -5.39494e-18  -0.00378028  3.03087e-18   0.00977247   4.7089e-18   0.00159043 -2.33197e-18   -0.0118873 -2.68347e-18 -0.000124767  -2.8739e-19    0.0126719 -2.31108e-18  0.000356159 -9.52288e-19   -0.0121618  5.52768e-18  -0.00236987  6.22231e-18   0.00988736  2.93483e-18   0.00509407 -4.39001e-18   -0.0053549 -6.45406e-18  -0.00609971 -1.07396e-18 -0.000229488  6.11768e-20   0.00302521  9.37719e-20   0.00223041  9.22531e-19   0.00070042  8.46535e-19  7.13453e-05  3.01447e-19 -8.68249e-06  3.33153e-20
-1.56917e-06  3.58089e-20  1.85424e-05  -1.5895e-19 -6.74877e-05  2.69385e-19  5.24944e-05  3.79183e-19  0.000358544 -7.68047e-19  -0.00127835  2.55259e-19   0.00154097  1.41876e-18  0.000670505 -2.55661e-18  -0.00395471  2.04142e-19   0.00262348  4.04491e-18   0.00442124 -2.58615e-18  -0.00668191 -4.29113e-18  -0.00295564  1.91424e-18    0.0099324  3.77015e-18  0.000962073 -9.09443e-19   -0.0119376 -1.48729e-18  0.000112183 -2.31108e-18    0.0127749  -3.7276e-18  0.000611032 -1.16342e-18   -0.0122605  3.62889e-18  -0.00312947  5.54152e-18   0.00965451  6.58399e-18   0.00608761 -1.36676e-18  -0.00440295 -5.75316e-18  -0.00649318 -3.49422e-18  -0.00151963 -2.26725e-18   0.00204467 -6.67908e-19   0.00196553  5.63993e-19  0.000782905   5.0885e-19  0.000152026  1.29074e-19  1.01505e-05
-4.76999e-21 -4.76378e-06   5.5677e-20  4.04126e-05   -2.183e-19 -0.000153128  2.17528e-19  0.000262501  4.98389e-19   5.8497e-05 -8.14072e-19  -0.00115343  4.75968e-19   0.00192059  1.01145e-18 -4.08989e-05 -2.26315e-18  -0.00374149  9.14348e-19   0.00334545  3.32809e-18   0.00370232 -2.07926e-18  -0.00707412 -3.47833e-18  -0.00212349  9.37164e-19    0.0100528  3.37447e-18  0.000330642  1.14389e-18   -0.0120001 -9.70017e-19  0.000356159  -3.7276e-18    0.0129137 -4.07715e-18  0.000881128 -1.61985e-18   -0.0123698 -4.33196e-19  -0.00394202  4.35356e-18   0.00932677  1.00726e-17   0.00708741  2.24432e-18  -0.00322453 -4.48045e-18  -0.00661153 -5.60938e-18  -0.00280979 -4.58062e-18  0.000698814 -1.92974e-18   0.00120324 -1.80195e-19   0.00051067  1.26176e-19  8.90245e-05  2.43206e-20
 1.04272e-08 -1.40176e-20 -4.13205e-06  7.57643e-20   4.5322e-05 -2.56766e-19 -0.000203128  1.28931e-19  0.000444218  4.35007e-19 -0.000283975 -6.70209e-19 -0.000881811  6.44279e-19   0.00213613  3.96413e-19 -0.000730298  -1.9401e-18  -0.00338635  1.38259e-18   0.00395241    2.859e-18   0.00293134 -1.21838e-18  -0.00737094 -3.33503e-18  -0.00128195 -1.30218e-19    0.0101351  3.66935e-18 -0.000310761  3.50458e-18   -0.0120749 -9.52288e-19  0.000611032 -4.07715e-18    0.0130905 -2.87877e-18   0.00117156 -2.64562e-18   -0.0124879 -6.21946e-18  -0.00481973  2.85679e-18   0.00887928  1.31107e-17   0.00807633  6.30347e-18  -0.00179527 -2.74254e-18  -0.00635949 -7.13216e-18  -0.00390965 -6.49071e-18 -0.000713526 -3.09543e-18  0.000297903 -7.54521e-19  0.000168937 -6.89958e-20  2.08869e-05
 1.87641e-21 -2.23632e-06 -2.93863e-20  9.07066e-06  8.69996e-20  1.13619e-05 -2.43866e-19 -0.000177629  5.80901e-20  0.000538592  2.13594e-19 -0.000600134 -4.28719e-19 -0.000514058  7.84613e-19   0.00219196 -1.78193e-19  -0.00136512 -1.78985e-18  -0.00291528  1.31225e-18    0.0044415  2.78675e-18   0.00211942 -1.60797e-19  -0.00757518 -3.89075e-18 -0.000428457 -1.40944e-18    0.0101789  4.51284e-18 -0.000969368   5.2902e-18   -0.0121618 -1.16342e-18  0.000881128 -2.87877e-18     0.013309  2.52491e-19   0.00148846 -4.55185e-18   -0.0126127 -1.30097e-17  -0.00577577  1.05091e-18   0.00828162  1.56126e-17   0.00901725  1.06304e-17 -0.000111376 -4.82526e-19   -0.0055822 -7.51299e-18   -0.0044218  -7.1764e-18  -0.00163721 -3.36982e-18 -0.000279704  -7.9858e-19 -1.02693e-05 -6.62456e-20
 5.56539e-07  1.14276e-20  -7.6874e-06 -4.13672e-20  3.48397e-05  7.75627e-20 -5.81348e-05 -1.72143e-19 -7.76886e-05   4.0789e-20  0.000528146 -6.20755e-20 -0.000846097 -2.22169e-19 -9.76675e-05  8.86272e-19   0.00210185  -4.7933e-19  -0.00192153 -1.86145e-18  -0.00235156  6.93491e-19    0.0048106  3.12652e-18    0.0012755  7.47025e-19  -0.00768726 -4.91142e-18  0.000439953 -2.62954e-18    0.0101817  5.51634e-18  -0.00165292  5.52768e-18   -0.0122605 -1.61985e-18   0.00117156  2.52491e-19    0.0135738   5.3772e-18   0.00183869 -7.28322e-18   -0.0127398 -1.99558e-17  -0.00682211 -1.26575e-18    0.0074868  1.73674e-17   0.00983817  1.47878e-17   0.00183927  2.47084e-18  -0.00403332 -6.03372e-18  -0.00389695 -5.97871e-18  -0.00167224 -2.52832e-18 -0.000363124 -4.61138e-19 -2.82863e-05
-3.02334e-21  1.02578e-06  2.61572e-20 -1.19761e-05 -3.76518e-20  5.83793e-05  4.29836e-20 -0.000134797 -7.29108e-20  6.51591e-05  7.70142e-20  0.000424321 -2.77155e-19 -0.000998074 -1.25416e-19  0.000325975  9.53789e-19   0.00188451  -4.3482e-19    -0.002382 -2.11067e-18  -0.00171611 -1.15913e-19   0.00505744  3.78839e-18   0.00040731  1.13383e-18  -0.00770516 -6.10474e-18   0.00132634 -3.17421e-18    0.0101392  6.19969e-18  -0.00236987  3.62889e-18   -0.0123698 -2.64562e-18   0.00148846   5.3772e-18      0.01389  1.20224e-17   0.00223159 -1.02902e-17   -0.0128599 -2.62038e-17  -0.00797775 -4.33982e-18   0.00642195  1.78494e-17    0.0104617  1.81367e-17   0.00407721  6.12039e-18  -0.00161733 -2.66312e-18  -0.00234637 -3.36262e-18  -0.00101558 -1.22716e-18 -0.000184585 -1.36085e-19
 1.60999e-07  -8.6173e-21 -7.21443e-07  3.85383e-20 -7.00115e-06  -1.6002e-20  6.06066e-05 -6.39727e-21 -0.000186374  7.54364e-21  0.000212403  1.41373e-19   0.00025212 -3.76448e-19  -0.00104756 -1.19111e-19  0.000722759  1.04057e-18    0.0015612 -1.77297e-19   -0.0027335 -2.48617e-18  -0.00102825 -5.72652e-19   0.00517902  4.61065e-18  -0.00047779  7.86056e-19  -0.00762418 -7.19438e-18   0.00223353 -2.45201e-18    0.0100444  6.22231e-18  -0.00312947 -4.33196e-19   -0.0124879 -4.55185e-18   0.00183869  1.20224e-17    0.0142656  1.91727e-17   0.00268184 -1.27018e-17   -0.0129658 -3.10445e-17  -0.00927308 -8.22309e-18   0.00502622  1.65437e-17    0.0108049  2.00375e-17   0.00637682  9.71253e-18   0.00112782  1.18977e-18 -0.000531056 -8.34062e-19  -0.00029977 -3.06986e-19 -3.77737e-05
 1.64635e-21  1.00928e-06 -1.53659e-20 -6.22177e-06  4.06735e-20  1.06505e-05  1.32556e-20  3.35414e-05 -5.17312e-20 -0.000194378  4.69636e-20  0.000332864  2.00854e-19  4.11724e-05  -3.9478e-19 -0.000997372 -1.23479e-19   0.00106549   1.2154e-18   0.00115444  2.86659e-20  -0.00296615 -2.94351e-18 -0.000306486 -2.60584e-19    0.0051712  5.40817e-18   -0.0013719  -2.9933e-19  -0.00743676 -7.86095e-18   0.00316365 -2.94904e-19   0.00988736  5.54152e-18  -0.00394202 -6.21946e-18   -0.0126127 -7.28322e-18   0.00223159  1.91727e-17    0.0147131   2.5558e-17   0.00320223 -1.37406e-17   -0.0130548 -3.40236e-17   -0.0107059 -1.25198e-17   0.00326047  1.34063e-17    0.0105553  1.97706e-17   0.00790577  1.15888e-17   0.00302779  3.47098e-18  0.000586114  4.19802e-19  3.97357e-05  3.47446e-21
-1.13992e-07  2.89698e-21   2.1301e-06 -2.13457e-20 -1.29564e-05  3.15384e-20  3.46269e-05  3.61449e-20 -1.54328e-05 -8.05896e-20 -0.000157095  6.07471e-20  0.000406526  2.22872e-19  -0.00017912 -4.23305e-19 -0.000858273 -5.27779e-20   0.00133307  1.49986e-18  0.000687617 -8.35624e-20  -0.00307232 -3.40227e-18  0.000430439  8.77276e-19   0.00502858  6.01584e-18  -0.00226558 -1.94583e-18   -0.0071322  -7.7437e-18   0.00411758  2.93483e-18   0.00965451  4.35356e-18  -0.00481973 -1.30097e-17   -0.0127398 -1.02902e-17   0.00268184   2.5558e-17    0.0152431  3.01216e-17   0.00380103 -1.31089e-17   -0.0130837 -3.49068e-17    -0.012227 -1.64857e-17  0.000916914  8.67561e-18   0.00894971  1.65432e-17   0.00753208   1.0372e-17   0.00320734  3.35163e-18  0.000719164  4.86637e-19  5.91438e-05
-3.95921e-22  2.89441e-08  3.75433e-21  1.68521e-06 -2.47966e-20  -1.5153e-05  1.81686e-20  5.31068e-05   4.3002e-20 -7.04598e-05 -9.29094e-20 -8.44045e-05  8.34005e-20  0.000424108  1.77661e-19 -0.000382414 -5.36885e-19 -0.000646478  1.49505e-19   0.00150981   1.8371e-18  0.000184957 -6.57849e-19  -0.00304622 -3.73542e-18   0.00116252   2.5279e-18   0.00474453  6.28307e-18   -0.0031466 -3.81317e-18  -0.00669625 -6.58752e-18   0.00509407  6.58399e-18   0.00932677  2.85679e-18  -0.00577577 -1.99558e-17   -0.0128599 -1.27018e-17   0.00320223  3.01216e-17    0.0158606  3.24564e-17   0.00452641 -1.09865e-17   -0.0129551 -3.37384e-17   -0.0139123 -1.97224e-17  -0.00250067  2.44818e-18   0.00531257  1.03908e-17   0.00500737  6.57949e-18   0.00201588  1.86793e-18  0.000361369  1.78718e-19
 -8.1456e-08 -7.23005e-22  8.78908e-07  4.36432e-21 -1.86835e-06 -2.46157e-20 -8.72973e-06  9.72688e-21  5.67925e-05  2.90465e-20 -0.000115654 -9.13572e-20  7.97309e-06  1.41411e-19  0.000385523  4.64096e-20 -0.000546876 -7.39079e-19 -0.000382049  4.97276e-19   0.00158483  2.11094e-18  -0.00032811 -1.63643e-18  -0.00288388  -3.8278e-18   0.00186725  4.19135e-18   0.00431153  6.04457e-18  -0.00399831 -5.43569e-18  -0.00611091 -4.39001e-18   0.00608761  1.00726e-17   0.00887928  1.05091e-18  -0.00682211 -2.62038e-17   -0.0129658 -1.37406e-17   0.00380103  3.24564e-17    0.0166094  3.30002e-17   0.00547685 -7.82092e-18   -0.0126865 -3.12166e-17   -0.0160307 -2.25636e-17  -0.00712158 -4.71845e-18  0.000285138  3.21073e-18   0.00166481  2.48649e-18  0.000663097  5.64844e-19  7.66421e-05
 1.66596e-22 -2.47618e-07 -7.56081e-22   2.1886e-06  4.56205e-21 -7.55069e-06 -2.02994e-20  5.22437e-06  1.03902e-20  4.31547e-05 -6.56458e-21 -0.000139796  -7.0012e-20  0.000102657  2.37211e-19  0.000298005 -1.65457e-19 -0.000655878 -9.60979e-19 -8.78601e-05  9.58381e-19   0.00155202  2.19744e-18 -0.000824443 -2.76743e-18  -0.00258374 -3.63804e-18   0.00251824  5.40105e-18   0.00372209  5.14862e-18  -0.00479762 -6.38003e-18   -0.0053549 -1.36676e-18   0.00708741  1.31107e-17   0.00828162 -1.26575e-18  -0.00797775 -3.10445e-17   -0.0130548 -1.31089e-17   0.00452641  3.30002e-17     0.017581  3.26584e-17   0.00663125 -4.43645e-18   -0.0124564 -2.86161e-17   -0.0183581 -2.50457e-17   -0.0115935 -1.07795e-17  -0.00392339 -2.02614e-18 -0.000623185  7.14305e-20 -1.54933e-05  4.31388e-20
-1.93117e-09  5.08788e-22 -2.22833e-07 -1.87526e-22  2.71376e-06  3.31491e-21 -1.21052e-05 -1.11799e-20  2.14203e-05  1.67722e-20  1.59237e-05 -5.83874e-20 -0.000137793   -1.711e-20  0.000183505  3.47627e-19  0.000174293 -4.22099e-19 -0.000698409 -1.10351e-18  0.000211099  1.45672e-18   0.00141029  2.02459e-18  -0.00127466 -3.71533e-18   -0.0021478 -3.19033e-18   0.00308385   5.8485e-18   0.00297017  3.55074e-18  -0.00551297 -6.45406e-18  -0.00440295  2.24432e-18   0.00807633  1.56126e-17    0.0074868 -4.33982e-18  -0.00927308 -3.40236e-17   -0.0130837 -1.09865e-17   0.00547685  3.26584e-17    0.0187436  3.18526e-17    0.0078093 -1.98104e-18   -0.0119283 -2.64074e-17   -0.0192415 -2.56246e-17   -0.0133508 -1.30464e-17  -0.00529259 -3.68747e-18  -0.00115264  -4.9389e-19 -9.41713e-05
-4.99497e-23 -9.33412e-08  8.39985e-22  3.44944e-07   6.8081e-22  1.29469e-06 -2.65628e-22 -1.24379e-05  3.44302e-21  3.36607e-05  2.05347e-20 -1.74483e-05 -1.12951e-19 -0.000110496  7.04523e-20  0.000237569   4.3391e-19  3.10234e-05 -6.67401e-19 -0.000669504 -1.08781e-18  0.000488301  1.88587e-18   0.00116447  1.61247e-18   -0.0016468 -4.21456e-18  -0.00158355 -2.52642e-18   0.00352571  5.41003e-18   0.00205329  1.38257e-18  -0.00609971 -5.75316e-18  -0.00322453  6.30347e-18   0.00901725  1.73674e-17   0.00642195 -8.22309e-18   -0.0107059 -3.49068e-17   -0.0129551 -7.82092e-18   0.00663125  3.18526e-17    0.0199048  3.01615e-17   0.00933443 -7.05896e-19   -0.0094715 -2.30113e-17   -0.0163148 -2.21573e-17   -0.0109374 -1.07621e-17  -0.00392967 -2.69337e-18 -0.000670674 -2.46816e-19
 1.57185e-08 -1.30045e-22 -2.62578e-07  1.12112e-21  1.33088e-06  8.60787e-22 -1.90318e-06 -5.30955e-21 -7.65453e-06  2.22167e-20  3.75555e-05  1.36021e-20 -4.84087e-05 -1.52587e-19 -6.37335e-05  1.76934e-19  0.000256413  4.59075e-19 -0.000112757 -8.46719e-19 -0.000570833 -8.88331e-19  0.000716432  2.14205e-18  0.000826812  1.06541e-18  -0.00190636 -4.15995e-18 -0.000907202 -1.70535e-18   0.00379688  4.14324e-18  0.000978069 -1.07396e-18  -0.00649318 -4.48045e-18  -0.00179527  1.06304e-17   0.00983817  1.78494e-17   0.00502622 -1.25198e-17    -0.012227 -3.37384e-17   -0.0126865 -4.43645e-18    0.0078093  3.01615e-17    0.0213687  2.76058e-17     0.012715  1.20639e-18  -0.00318189  -1.6258e-17  -0.00914976 -1.47006e-17  -0.00584458 -6.11965e-18  -0.00173204 -1.12963e-18 -0.000177787
 -3.5507e-23  1.31982e-08 -2.81781e-22 -3.13538e-07  1.60864e-21  2.03606e-06 -6.12871e-22 -5.37491e-06 -9.13787e-21  6.68758e-07  3.99758e-20  3.17492e-05 -6.83476e-21 -6.94391e-05 -1.63336e-19 -6.93638e-06  2.72519e-19  0.000237025  4.04342e-19 -0.000237137 -9.25438e-19 -0.000411509  -5.4333e-19  0.000868659  2.16752e-18  0.000419217  5.19763e-19  -0.00201742 -3.59134e-18  -0.00014893  -8.4876e-19   0.00384262  2.26581e-18 -0.000229488 -3.49422e-18  -0.00661153 -2.74254e-18 -0.000111376  1.47878e-17    0.0104617  1.65437e-17   0.00326047 -1.64857e-17   -0.0139123 -3.12166e-17   -0.0124564 -1.98104e-18   0.00933443  2.76058e-17    0.0245855  2.59542e-17    0.0194614  6.04796e-18   0.00634822 -6.62531e-18 -0.000725267 -6.38091e-18  -0.00126381 -2.17905e-18 -0.000332141 -2.39944e-19
