 3.86493e-33 -3.48277e-36  2.79246e-34 -1.39939e-35  9.85762e-35   2.0391e-36  3.36266e-34 -1.88981e-35 -3.35682e-35  1.85949e-37 -4.26682e-34  1.40462e-35  5.48603e-33  2.01365e-36 -5.63128e-32 -2.50538e-37  4.73279e-31 -3.14739e-36 -3.39541e-30  1.63559e-36  2.09896e-29   9.6941e-38 -1.12754e-28 -8.29746e-37   5.2969e-28  2.83872e-37 -2.18624e-27 -2.39885e-37  7.95338e-27  1.59722e-36  -2.5552e-26 -7.90698e-36  7.25485e-26  3.21538e-35 -1.81947e-25 -1.19332e-34   4.0232e-25  4.05622e-34 -7.81687e-25 -1.26589e-33  1.32733e-24  3.63361e-33 -1.95374e-24 -9.60604e-33  2.46219e-24  2.34135e-32 -2.60535e-24 -5.26526e-32  2.23816e-24  1.09291e-31 -1.45758e-24  -2.0941e-31  5.89212e-25  3.70304e-31  1.55386e-26 -6.03978e-31 -2.16589e-25  9.07804e-31  1.40251e-25 -1.25584e-30 -1.34533e-26  1.59651e-30 -3.51857e-26 -1.86177e-30  1.87432e-26  1.98773e-30  2.75872e-27 -1.93949e-30 -5.53022e-27  1.72741e-30  6.32476e-28 -1.40477e-30  1.11636e-27  1.04639e-30 -2.76912e-28 -7.19786e-31 -1.92418e-28  4.64119e-31  5.85933e-29 -2.86422e-31  3.14457e-29   1.7242e-31 -8.27004e-30 -1.01681e-31 -4.84206e-30  5.77399e-32  6.94039e-31 -3.05897e-32  6.30583e-31  1.46252e-32  3.42482e-34 -6.13831e-33 -5.96107e-32  2.21466e-33 -8.40095e-33 -6.76417e-34  3.11682e-33  1.73113e-34  1.04268e-33 -3.68852e-35 -1.05356e-35  6.44706e-36 -5.16335e-35 -8.52942e-37 -7.75078e-36  5.18624e-38  5.53066e-37  1.10614e-38  2.97553e-37 -3.82435e-39  2.86818e-38  5.75983e-40 -1.49172e-39 -8.75715e-41 -5.39852e-40  2.02263e-41 -3.94635e-41 -2.94987e-42  -3.3483e-44  9.40887e-44  1.52085e-43   1.7704e-44   7.3906e-45 -1.20734e-45  7.77441e-47   6.4346e-48
-3.48277e-36  5.14064e-33  -1.9117e-35  1.85074e-34  -4.7207e-35  7.77472e-34  1.46234e-35  2.14108e-34 -3.36319e-35  1.74535e-33  2.39547e-36 -2.13934e-32  5.06639e-35   2.3593e-31  8.02033e-36 -2.17117e-30 -6.73285e-36  1.68865e-29 -7.45276e-36 -1.12599e-28  4.22851e-36  6.49958e-28  3.03595e-37 -3.27177e-27 -1.76722e-36  1.44412e-26  2.03564e-36 -5.61104e-26 -6.34809e-36  1.92408e-25  2.94684e-35 -5.83075e-25  -1.2734e-34  1.56173e-24  4.95121e-34 -3.69297e-24 -1.76006e-33  7.69006e-24  5.73775e-33 -1.40412e-23 -1.71882e-32  2.23324e-23  4.73908e-32 -3.06351e-23  -1.2042e-31  3.56974e-23  2.82272e-31 -3.44648e-23 -6.10785e-31  2.63354e-23  1.22042e-30 -1.43176e-23 -2.25181e-30  3.53223e-24  3.83535e-30  2.20843e-24 -6.02577e-30 -2.80378e-24  8.72301e-30  1.04975e-24 -1.16172e-29  2.94311e-25  1.42059e-29 -4.44421e-25 -1.59129e-29  9.29467e-26   1.6285e-29  8.59878e-26 -1.51835e-29 -4.56282e-26  1.28651e-29 -1.03988e-26 -9.89279e-30  1.15127e-26   6.9139e-30  8.38812e-28 -4.42332e-30 -2.22188e-27  2.63466e-30 -8.20726e-29 -1.50302e-30  3.57221e-28  8.47496e-31  2.50085e-29  -4.7839e-31 -4.67932e-29  2.64592e-31 -7.11613e-30 -1.37207e-31  4.46215e-30  6.38246e-32   1.2647e-30 -2.57511e-32 -2.28906e-31  8.80346e-33 -1.33829e-31 -2.51194e-33 -4.74183e-33  5.94809e-34  7.44137e-33 -1.17587e-34  1.43754e-33  1.94655e-35 -1.02252e-34 -2.47708e-36 -6.99787e-35  1.26641e-37 -7.42514e-36  3.49797e-38  6.95784e-37 -8.12692e-39  2.39052e-37  3.84381e-40  1.84258e-38 -5.31387e-41 -6.77194e-40  4.84346e-41  -2.0276e-40 -8.80814e-42 -1.21261e-41  3.49287e-43  -9.3331e-44  2.89511e-44  1.26772e-44 -1.51858e-45  2.11389e-46
 2.79246e-34  -1.9117e-35  4.25478e-33 -5.84021e-35  1.46582e-34 -9.30325e-35  1.37596e-33  4.40644e-35 -3.34065e-33 -4.24812e-35  5.46461e-32  5.66827e-37 -6.64351e-31  9.81524e-35  6.69314e-30  1.20746e-35 -5.66264e-29  -1.7788e-35  4.08246e-28 -1.18933e-35 -2.53666e-27  7.43281e-36  1.37002e-26  8.27838e-37 -6.47261e-26 -4.92656e-36   2.6875e-25  1.74235e-35 -9.83874e-25 -7.74679e-35  3.18204e-24  3.44759e-34  -9.0986e-24 -1.40809e-33  2.29905e-23  5.24207e-33 -5.12453e-23 -1.78673e-32  1.00426e-22  5.58918e-32 -1.72118e-22 -1.60764e-31  2.55933e-22  4.25849e-31 -3.26207e-22 -1.04015e-30  3.49677e-22  2.34486e-30 -3.05147e-22 -4.88203e-30  2.03023e-22  9.39026e-30 -8.55224e-23 -1.66852e-29  8.63754e-25  2.73762e-29  2.94129e-23 -4.14415e-29 -2.03193e-23  5.78026e-29  2.62925e-24 -7.41523e-29    4.817e-24  8.72873e-29 -2.83645e-24   -9.401e-29 -2.79238e-25  9.23233e-29  8.08537e-25  -8.2356e-29 -1.25766e-25  6.64662e-29 -1.59182e-25 -4.83686e-29  4.80294e-26  3.17041e-29  2.69601e-26 -1.88083e-29 -1.01015e-26  1.02739e-29 -4.42385e-27 -5.36005e-30  1.48444e-27  2.80793e-30  7.03856e-28 -1.51919e-30  -1.4126e-28  8.25558e-31 -9.68166e-29 -4.22612e-31  3.99789e-30  1.92051e-31  9.79645e-30 -7.44161e-32  1.04456e-30  2.39676e-32 -5.79397e-31 -6.32514e-33 -1.60141e-31  1.37052e-33  7.55329e-33 -2.51204e-34  9.04127e-33  4.02762e-35  1.12526e-33 -5.00656e-36 -1.37712e-34  1.45591e-37 -5.21281e-35  9.75574e-38 -4.11997e-36  -1.1839e-38   3.8493e-37 -2.06046e-39  9.84194e-38  3.09319e-40  6.22981e-39  7.77817e-41 -9.52662e-41 -1.69698e-41 -3.09725e-41  6.57056e-43 -1.24532e-42  3.06372e-44 -9.10546e-45 -9.35713e-46
-1.39939e-35  1.85074e-34 -5.84021e-35  4.03897e-33 -1.21914e-34  1.70302e-34 -1.22318e-34  7.30899e-33  8.74501e-35 -1.05089e-31 -5.37134e-35  1.44005e-30 -1.24988e-35  -1.5983e-29   1.3815e-34    1.476e-28  1.03243e-35 -1.15369e-27 -2.92966e-35  7.73235e-27 -1.52215e-35 -4.48745e-26  9.64848e-36  2.27173e-25  5.25066e-36 -1.00871e-24  -3.2308e-35  3.94403e-24  1.59437e-34 -1.36147e-23 -7.38698e-34  4.15493e-23  3.16155e-33 -1.12121e-22 -1.23519e-32  2.67246e-22  4.40936e-32 -5.61256e-22 -1.44216e-31  1.03423e-21  4.33108e-31 -1.66141e-21 -1.19651e-30  2.30426e-21  3.04535e-30  -2.7185e-21 -7.14993e-30  2.66303e-21  1.54999e-29 -2.07267e-21 -3.10458e-29  1.15902e-21  5.74731e-29  -3.1186e-22 -9.83321e-29 -1.59287e-22  1.55415e-28  2.24754e-22   -2.267e-28 -9.13978e-23  3.04743e-28 -1.97606e-23 -3.76744e-28  3.64971e-23  4.27184e-28 -9.05971e-24 -4.42747e-28 -6.66796e-24  4.17695e-28   4.0697e-24 -3.56933e-28  6.94502e-25  2.74742e-28 -1.00709e-24 -1.89406e-28 -2.72684e-26  1.16433e-28  1.94272e-25 -6.38651e-29 -1.48581e-27  3.17212e-29 -3.17664e-26 -1.49109e-29 -8.38424e-28  7.16851e-30    4.319e-27 -3.73056e-30   4.7043e-28  2.02162e-30 -4.40455e-28 -1.03435e-30 -1.01754e-28  4.61434e-31   2.6374e-29 -1.71349e-31    1.209e-29  5.15493e-32  -1.0416e-32  -1.2396e-32 -7.52064e-31  2.41992e-33 -1.20391e-31 -4.15042e-34  1.48688e-32  6.79474e-35   6.9384e-33 -8.41824e-36  5.85086e-34 -1.16362e-37 -9.27419e-35  2.59781e-37 -2.41539e-35  -1.5944e-38 -1.52401e-36 -8.16372e-39  1.08359e-37  1.13504e-39  2.19371e-38  9.96719e-41  1.11882e-39 -2.44747e-41 -6.87808e-43  8.04518e-43 -1.48251e-42  2.29846e-44 -2.22672e-44
 9.85762e-35  -4.7207e-35  1.46582e-34 -1.21914e-34  4.71959e-33 -1.91441e-34 -7.49131e-33 -1.04968e-34  1.65845e-31  1.34573e-34 -2.54006e-30 -7.89561e-35  3.12715e-29  -3.8614e-35 -3.16607e-28  1.60595e-34  2.69152e-27  4.27333e-36 -1.95041e-26 -3.62815e-35  1.21844e-25  -1.6281e-35 -6.61802e-25  4.36386e-36  3.14535e-24   4.6465e-35 -1.31422e-23  -2.6435e-34  4.84327e-23  1.31242e-33 -1.57743e-22 -5.91882e-33  4.54411e-22  2.43305e-32 -1.15733e-21  -9.1217e-32  2.60152e-21  3.12649e-31 -5.14464e-21 -9.82092e-31  8.90419e-21  2.83317e-30  -1.3383e-20 -7.51974e-30  1.72626e-20  1.83913e-29 -1.87598e-20 -4.15011e-29  1.66441e-20  8.64946e-29 -1.13253e-20 -1.66616e-28  4.97588e-21  2.96768e-28 -2.34033e-22 -4.88757e-28 -1.58868e-21  7.43967e-28  1.17777e-21 -1.04563e-27 -1.93912e-22   1.3548e-27 -2.61294e-22 -1.61459e-27  1.71523e-22  1.76444e-27  8.45217e-24 -1.76118e-27 -4.70768e-23  1.59776e-27  9.47007e-24 -1.30951e-27  8.97638e-24   9.6263e-28 -3.28655e-24 -6.29435e-28 -1.48035e-24  3.62964e-28  6.88529e-25 -1.83556e-28   2.4275e-25  8.20414e-29 -1.04776e-25 -3.39907e-29 -4.00674e-26  1.46899e-29  1.09866e-26 -7.41484e-30  5.85635e-27  4.11341e-30 -5.29483e-28  -2.1412e-30 -6.38631e-28  9.42604e-31  -4.4284e-29 -3.34087e-31  4.22507e-29  9.26832e-32  9.60946e-30 -1.98334e-32 -9.15413e-31  3.40475e-33 -6.26158e-31  -5.6628e-34 -6.13787e-32  1.04704e-34  1.24311e-32 -1.31154e-35  3.60673e-33 -1.03324e-36  2.18569e-34  6.16904e-37 -3.60171e-35 -2.49916e-38 -7.10099e-36 -1.80036e-38 -3.71348e-37  2.29131e-39  1.42468e-38  1.13678e-40  2.43159e-39  -2.7905e-41  8.40408e-41  6.85903e-43  3.82096e-43  1.11029e-44
  2.0391e-36  7.77472e-34 -9.30325e-35  1.70302e-34 -1.91441e-34  1.41062e-32  -2.4079e-34 -2.13169e-31 -3.49234e-35  3.75603e-30  1.77572e-34 -5.16239e-29 -1.21374e-34  5.75963e-28 -7.23124e-35 -5.34503e-27  1.66316e-34  4.19929e-26 -1.24012e-36 -2.82966e-25 -3.61661e-35   1.6515e-24 -9.16479e-36 -8.41055e-24 -5.04913e-35  3.75803e-23  3.66537e-34 -1.47914e-22 -1.96758e-33  5.14178e-22  9.44523e-33 -1.58084e-21 -4.10776e-32  4.29958e-21  1.62446e-31 -1.03345e-20 -5.85697e-31  2.18996e-20  1.93039e-30 -4.07465e-20 -5.82984e-30   6.6148e-20  1.61664e-29 -9.28129e-20 -4.12394e-29  1.10939e-19  9.69265e-29 -1.10353e-19 -2.10185e-28  8.75681e-20  4.21002e-28 -5.04214e-20 -7.79586e-28  1.47498e-20  1.33529e-27  6.00937e-21 -2.11583e-27 -9.64586e-21  3.10047e-27    4.267e-21 -4.19764e-27  6.58476e-22  5.24203e-27 -1.60255e-21 -6.02339e-27  4.67101e-22  6.34683e-27  2.72391e-22 -6.10536e-27 -1.94102e-22   5.3313e-27 -2.21591e-23 -4.19576e-27  4.70351e-23  2.94951e-27 -1.00191e-24 -1.83152e-27 -9.04808e-24  9.91152e-28   5.0941e-25   -4.608e-28  1.50279e-24  1.82904e-28 -3.18016e-26 -6.44678e-29 -2.12034e-25  2.40453e-29 -1.34986e-26 -1.20172e-29  2.30585e-26  7.17063e-30  4.19066e-27 -3.89312e-30  -1.5733e-27  1.69907e-30 -5.74911e-28 -5.70826e-31  2.52685e-29  1.43203e-31  4.03045e-29 -2.61591e-32  5.13292e-30  3.77017e-33 -1.03888e-30  -6.7562e-34 -3.63688e-31  1.61845e-34 -2.21868e-32  -2.0293e-35  6.21711e-33 -3.02325e-36  1.29127e-33  1.25369e-36   6.1573e-35 -4.33915e-38 -8.15428e-36 -2.97918e-38 -1.25148e-36   3.3691e-39 -5.34366e-38  1.24379e-40  6.57991e-40 -2.56023e-41  9.42529e-41  4.02527e-43  1.22793e-42
 3.36266e-34  1.46234e-35  1.37596e-33 -1.22318e-34 -7.49131e-33  -2.4079e-34  2.39192e-31  -2.5613e-34 -4.72308e-30  6.73741e-35  7.31441e-29   2.1534e-34 -9.04667e-28 -1.75282e-34  9.20443e-27  -1.0408e-34   -7.865e-26  1.61264e-34  5.73013e-25 -1.50694e-36 -3.59998e-24 -3.46871e-35  1.96702e-23  4.76118e-35 -9.40746e-23 -4.24579e-34  3.95677e-22  2.49431e-33  -1.4684e-21 -1.28864e-32  4.81795e-21  5.98485e-32 -1.39882e-20 -2.51492e-31  3.59241e-20  9.59699e-31 -8.14741e-20 -3.33602e-30  1.62665e-19  1.05927e-29 -2.84462e-19 -3.07976e-29  4.32412e-19  8.21666e-29  -5.6484e-19 -2.01543e-28  6.22757e-19  4.55271e-28 -5.62238e-19 -9.48552e-28  3.91666e-19  1.82519e-27 -1.79618e-19 -3.24694e-27  1.51459e-20  5.34432e-27  5.27476e-20 -8.14177e-27 -4.22607e-20  1.14784e-26  8.52929e-21  -1.4963e-26  8.66583e-21  1.80058e-26 -6.41148e-21 -1.99496e-26  4.23351e-24  2.02755e-26  1.68696e-21 -1.88087e-26 -4.25811e-22  1.58229e-26 -3.08546e-22 -1.19711e-26  1.37577e-22  8.05813e-27  4.88572e-23 -4.75805e-27 -2.87435e-23  2.41778e-27 -7.94301e-24 -1.03023e-27  4.51155e-24  3.56838e-28  1.36863e-24 -1.00304e-28 -5.11911e-25  2.90571e-29 -2.14901e-25 -1.53193e-29  3.24723e-26  1.09221e-29  2.54524e-26  -6.3949e-30  7.17548e-28    2.774e-30 -1.87677e-27 -8.74067e-31 -3.43896e-28  1.92369e-31  5.57641e-29 -2.75199e-32  2.64641e-29  2.92421e-33  1.84935e-30 -7.63598e-34 -6.56086e-31  2.60406e-34  -1.5197e-31 -3.15841e-35 -6.05901e-33 -6.33509e-36  1.96734e-33  2.17154e-36  3.12054e-34 -6.96979e-38  1.25277e-35 -4.03862e-38 -9.72598e-37  3.90103e-39 -1.15857e-37  1.31462e-40 -3.47561e-39 -1.87301e-41 -3.90214e-42  1.44104e-43
-1.88981e-35  2.14108e-34  4.40644e-35  7.30899e-33 -1.04968e-34 -2.13169e-31  -2.5613e-34  5.10252e-30 -2.44423e-34 -8.98359e-29  1.72417e-34  1.24067e-27  2.47997e-34 -1.39097e-26 -2.32336e-34  1.29748e-25  -1.2465e-34 -1.02486e-24   1.5084e-34  6.94508e-24  8.44269e-36 -4.07762e-23 -6.70376e-35  2.08964e-22  3.87393e-34 -9.39885e-22 -2.60372e-33  3.72519e-21  1.47499e-32 -1.30452e-20  -7.4387e-32  4.04214e-20   3.3655e-31 -1.10853e-19  -1.3737e-30   2.6881e-19  5.07996e-30 -5.75039e-19 -1.70805e-29  1.08088e-18  5.23765e-29 -1.77426e-18 -1.46861e-28  2.52011e-18  3.77409e-28  -3.0541e-18 -8.90728e-28   3.0874e-18  1.93426e-27  -2.5002e-18 -3.87135e-27  1.48391e-18  7.15249e-27 -4.70484e-19 -1.22148e-26 -1.47541e-19  1.93029e-26  2.78801e-19 -2.82464e-26 -1.34424e-19  3.82797e-26 -1.26794e-20 -4.80144e-26  4.73016e-20  5.56537e-26 -1.60745e-20 -5.94518e-26 -7.32316e-21   5.8296e-26  6.22658e-21 -5.21813e-26    3.591e-22  4.23277e-26 -1.47402e-21 -3.08198e-26  1.08055e-22  1.98908e-26  2.81881e-22 -1.11829e-26 -3.11895e-23  5.33916e-27 -4.74754e-23 -2.07817e-27  3.53579e-24  6.12843e-28  6.95183e-24 -1.18776e-28   1.0327e-25    1.576e-29 -8.05364e-25 -1.29403e-29 -1.07447e-25  1.47679e-29   6.1619e-26 -9.72055e-30   1.7989e-26   4.1853e-30 -1.76992e-27 -1.21876e-30 -1.43785e-27  2.24104e-31 -1.34823e-28 -1.96291e-32  4.59813e-29  4.69506e-34  1.26357e-29 -9.05378e-34  4.37682e-31  4.22139e-34 -2.69713e-31 -4.79164e-35 -4.57144e-32 -1.08259e-35 -1.36541e-33    3.239e-36  3.85428e-34 -9.48298e-38  4.72867e-35  -4.6588e-38  1.61285e-36  3.65494e-39 -4.88138e-38  1.26702e-40 -4.00758e-39 -1.04462e-41 -4.65201e-41
-3.35682e-35 -3.36319e-35 -3.34065e-33  8.74501e-35  1.65845e-31 -3.49234e-35 -4.72308e-30 -2.44423e-34  9.61634e-29 -2.23151e-34 -1.49582e-27  2.58038e-34  1.85911e-26  2.69672e-34 -1.90124e-25 -2.84991e-34  1.63334e-24 -1.27948e-34 -1.19674e-23  1.37856e-34  7.56339e-23  3.78498e-35 -4.15856e-22 -2.55093e-34  2.00203e-21  1.98847e-33 -8.47929e-21 -1.32248e-32  3.16994e-20  7.53591e-32  -1.0482e-19  -3.7781e-31  3.06848e-19  1.68466e-30  -7.9498e-19  -6.7346e-30  1.81995e-18  2.42801e-29 -3.67033e-18 -7.93142e-29  6.48883e-18  2.35635e-28 -9.98205e-18 -6.38651e-28  1.32134e-17  1.58332e-27 -1.47916e-17 -3.59885e-27  1.36011e-17   7.5156e-27    -9.71e-18 -1.44484e-26  4.65098e-18  2.56175e-26 -5.66933e-19 -4.19622e-26 -1.24211e-18  6.35974e-26  1.08488e-18 -8.92855e-26  -2.6166e-19  1.16182e-25 -2.02246e-19 -1.40089e-25  1.71167e-19  1.56313e-25 -8.87141e-21 -1.60961e-25 -4.29259e-20  1.52306e-25  1.33535e-20 -1.31622e-25  7.42731e-21  1.03039e-25 -4.07762e-21 -7.22858e-26 -1.10304e-21  4.47883e-26  8.49906e-22 -2.40074e-26  1.75129e-22  1.07767e-26 -1.37162e-22   -3.817e-27 -3.18769e-23  9.23546e-28  1.66437e-23 -7.17277e-29  5.48161e-24 -3.89346e-29 -1.26493e-24  1.27246e-30 -7.13757e-25  1.80392e-29  1.35862e-26 -1.39625e-29  5.87205e-26  5.92727e-30  8.28558e-27 -1.56641e-30 -2.20407e-27  2.21064e-31 -7.85908e-28  8.08146e-34 -3.02037e-29  -3.6413e-33   2.3832e-29 -1.18804e-33  4.47885e-30  6.53789e-34   6.7804e-32 -6.82548e-35 -7.37734e-32 -1.58775e-35 -9.60716e-33  4.21339e-36 -2.52096e-34 -1.06954e-37   4.2323e-35 -4.65191e-38  3.90434e-36   2.7756e-39  9.75451e-38  1.02975e-40  -4.5009e-40 -3.87553e-42
 1.85949e-37  1.74535e-33 -4.24812e-35 -1.05089e-31  1.34573e-34  3.75603e-30  6.73741e-35 -8.98359e-29 -2.23151e-34  1.59142e-27 -2.04222e-34 -2.20854e-26  3.14066e-34   2.4888e-25  2.68561e-34 -2.33404e-24 -3.25906e-34  1.85407e-23 -1.15714e-34 -1.26393e-22  1.41748e-34  7.46739e-22  1.17472e-35 -3.85207e-21 -5.48632e-34  1.74466e-20  6.78464e-33 -6.96576e-20 -5.27487e-32   2.4583e-19  3.22822e-31 -7.67998e-19 -1.66625e-30  2.12463e-18  7.47638e-30 -5.20017e-18 -2.96633e-29  1.12355e-17  1.05196e-28 -2.13469e-17 -3.35917e-28  3.54526e-17  9.71074e-28  -5.1009e-17 -2.55178e-27  6.27215e-17  6.11559e-27 -6.44905e-17 -1.34043e-26  5.33478e-17  2.69361e-26   -3.267e-17 -4.97402e-26   1.1194e-17  8.45914e-26  2.55079e-18 -1.32779e-25 -5.99568e-18  1.92754e-25  3.15886e-18 -2.59251e-25  1.13048e-19  3.23453e-25 -1.03617e-18 -3.74468e-25  4.08964e-19  4.01889e-25  1.41476e-19 -3.98781e-25 -1.48411e-19  3.64174e-25 -4.13749e-23 -3.04022e-25  3.42039e-20  2.29903e-25 -4.46126e-21 -1.55578e-25   -6.474e-21  9.26666e-26  1.12127e-21 -4.74206e-26  1.10315e-21  2.00278e-26 -1.50441e-22  -6.4263e-27 -1.67742e-22  1.20034e-27  6.66225e-24  1.17708e-28   2.0713e-23   -1.649e-28  1.74095e-24   3.3645e-29 -1.75977e-24  2.04277e-29 -4.04475e-25 -1.92634e-29  6.98535e-26  7.96946e-30  3.76233e-26 -1.87466e-30  2.16808e-27  1.70724e-31 -1.45511e-27  3.46967e-32  -3.1956e-28 -9.10584e-33 -9.17571e-31   -1.642e-33  8.45664e-30  9.34497e-34  1.17522e-30  -8.9205e-35  9.39617e-33 -2.05317e-35 -1.29676e-32  4.83315e-36   -1.306e-33 -9.93585e-38 -3.19262e-35 -4.03955e-38  2.12942e-36  1.67227e-39  1.24759e-37  6.47468e-41  1.22657e-39
-4.26682e-34  2.39547e-36  5.46461e-32 -5.37134e-35 -2.54006e-30  1.77572e-34  7.31441e-29  1.72417e-34 -1.49582e-27 -2.04222e-34  2.33835e-26 -1.86883e-34 -2.92119e-25  3.39462e-34  3.00351e-24  2.33893e-34 -2.59491e-23  -3.4236e-34  1.91261e-22 -1.39577e-34 -1.21635e-21  4.60029e-34  6.73199e-21 -1.56744e-33 -3.26349e-20  4.85091e-33  1.39235e-19 -9.62495e-35  -5.2456e-19 -1.22142e-31   1.7488e-18  1.05101e-30   -5.164e-18 -6.13719e-30  1.35029e-17  2.89547e-29 -3.12187e-17 -1.16767e-28  6.36304e-17  4.13144e-28 -1.13792e-16 -1.30131e-27  1.77263e-16  3.68233e-27 -2.37952e-16 -9.41951e-27  2.70669e-16  2.18816e-26 -2.53714e-16 -4.63268e-26  1.85814e-16  8.96599e-26 -9.30095e-17 -1.59063e-25  1.48546e-17  2.59359e-25   2.2268e-17 -3.89724e-25 -2.14409e-17  5.41135e-25  6.06944e-18 -6.96075e-25  3.55118e-18   8.3122e-25 -3.51099e-18 -9.22534e-25  3.68117e-19  9.51246e-25  8.32686e-19 -9.09066e-25  -3.1635e-19   8.0129e-25 -1.33442e-19 -6.46605e-25  9.21679e-20  4.72803e-25  1.77803e-20 -3.09012e-25 -1.91573e-20   1.7718e-25 -2.66377e-21 -8.66806e-26  3.17032e-21  3.44692e-26  5.26443e-22 -9.96724e-27 -4.08168e-22  1.27973e-27 -1.03031e-22  5.46688e-28  3.55032e-23 -3.91629e-28  1.50634e-23  8.81836e-29 -1.14812e-24  2.23144e-29 -1.39107e-24 -2.57585e-29 -1.37361e-25  1.02448e-29  6.32726e-26 -2.10983e-30  1.75407e-26  7.14572e-32  1.87235e-29  7.97523e-32 -6.46845e-28 -1.54052e-32 -9.83722e-29 -2.19431e-33  1.63677e-30  1.21609e-33  2.06411e-30 -1.05966e-34  2.21208e-31 -2.37964e-35  1.98628e-33  4.92919e-36 -1.32931e-33 -7.48657e-38 -9.92121e-35 -3.03497e-38 -1.93108e-36  7.54387e-40  2.72617e-38  2.69794e-41
 1.40462e-35 -2.13934e-32  5.66827e-37  1.44005e-30 -7.89561e-35 -5.16239e-29   2.1534e-34  1.24067e-27  2.58038e-34 -2.20854e-26 -1.86883e-34  3.08072e-25 -1.62607e-34 -3.49039e-24  3.38922e-34   3.2919e-23  1.58322e-34 -2.63055e-22 -2.62014e-34   1.8045e-21 -7.07935e-34 -1.07315e-20  4.13929e-33  5.57432e-20 -2.02063e-32  -2.5432e-19  8.18551e-32  1.02326e-18 -2.47687e-31 -3.64076e-18  3.78421e-31  1.14728e-17  1.47472e-30 -3.20314e-17 -1.66348e-29  7.91701e-17   9.3737e-29 -1.72858e-16 -4.04259e-28  3.32155e-16  1.46335e-27 -5.58466e-16 -4.61079e-27   8.1449e-16  1.28804e-26 -1.01693e-15 -3.22477e-26  1.06441e-15  7.28666e-26 -9.00301e-16 -1.49344e-25  5.69423e-16  2.78718e-25 -2.10274e-16 -4.75245e-25 -3.13348e-17  7.42726e-25    1.014e-16 -1.06736e-24 -5.85774e-17  1.41532e-24  1.27576e-18 -1.73772e-24   1.7788e-17  1.98192e-24 -8.14906e-18 -2.10462e-24 -2.02985e-18  2.08201e-24   2.7779e-18 -1.91494e-24 -1.64281e-19  1.62928e-24 -6.20154e-19 -1.27175e-24  1.20876e-19  9.00197e-25  1.15452e-19 -5.69013e-25 -2.86339e-20  3.14532e-25 -1.98369e-20 -1.47319e-25  4.19694e-21  5.52025e-26  3.13645e-21  -1.4297e-26 -3.24837e-22  9.36822e-28  -4.1385e-22  1.30904e-27  -1.2943e-23 -7.37193e-28  3.88536e-23  1.64177e-28  6.75665e-24  2.46823e-29 -1.93451e-24 -3.33955e-29 -7.59983e-25  1.26287e-29 -1.24653e-26 -2.25843e-30  3.51815e-26 -6.40708e-32  6.15355e-27  1.30702e-31 -2.37655e-28 -2.19696e-32 -2.03704e-28 -2.68188e-33 -2.29033e-29  1.43819e-33  4.89285e-31 -1.14215e-34  3.32628e-31 -2.49716e-35  2.76489e-32  4.49172e-36  3.49614e-34 -4.36128e-38 -6.53689e-35 -1.94248e-38 -2.98785e-36  2.19024e-40 -2.42446e-38
 5.48603e-33  5.06639e-35 -6.64351e-31 -1.24988e-35  3.12715e-29 -1.21374e-34 -9.04667e-28  2.47997e-34  1.85911e-26  3.14066e-34 -2.92119e-25 -1.62607e-34  3.66899e-24 -1.24879e-34 -3.79376e-23  3.24856e-34  3.29719e-22 -1.49728e-35 -2.44546e-21  5.29398e-34  1.56548e-20 -6.13282e-33 -8.72444e-20  3.63187e-32  4.26033e-19 -1.80802e-31 -1.83168e-18  7.62467e-31  6.95708e-18  -2.6722e-30 -2.33942e-17  7.34713e-30  6.97139e-17  -1.2551e-29  -1.8407e-16 -1.21215e-29  4.30011e-16  2.20552e-28  -8.8629e-16 -1.18165e-27  1.60424e-15    4.611e-27 -2.53233e-15 -1.48859e-26  3.44971e-15  4.15794e-26 -3.99055e-15 -1.02644e-25  3.81668e-15  2.26632e-25  -2.8704e-15 -4.50931e-25  1.50214e-15  8.12846e-25 -2.97059e-16 -1.33304e-24 -3.16406e-16  1.99652e-24  3.40914e-16 -2.74148e-24 -1.11812e-16  3.46583e-24 -4.84872e-17 -4.05267e-24  5.78015e-17  4.40353e-24  -9.2797e-18 -4.46344e-24 -1.28237e-17  4.22856e-24  5.94181e-18  -3.7397e-24  1.83776e-18  3.07147e-24 -1.66107e-18   -2.321e-24 -1.98255e-19   1.5925e-24  3.43863e-19 -9.75044e-25  2.50478e-20  5.20427e-25  -5.8207e-20 -2.33722e-25 -5.89711e-21  8.26008e-26  7.90863e-21 -1.90243e-26  1.44773e-21 -6.40575e-29 -7.67613e-22  2.45923e-27 -2.47531e-22 -1.19668e-27   3.7286e-23  2.55128e-28  2.60033e-23  2.84831e-29  1.39446e-24 -4.16874e-29  -1.4035e-24   1.4924e-29 -3.04318e-25 -2.33288e-30  1.43004e-26 -2.10499e-31  1.37635e-26  1.80508e-31  1.65278e-27 -2.82738e-32 -1.02419e-28 -2.92272e-33 -4.52316e-29  1.55059e-33  -3.9223e-30 -1.11907e-34  5.73847e-32  -2.3857e-35  3.21511e-32  3.66199e-36  1.97407e-33  -1.6624e-38   2.5729e-35 -1.02718e-38 -9.07446e-37  2.09036e-41
 2.01365e-36   2.3593e-31  9.81524e-35  -1.5983e-29  -3.8614e-35  5.75963e-28 -1.75282e-34 -1.39097e-26  2.69672e-34   2.4888e-25  3.39462e-34 -3.49039e-24 -1.24879e-34  3.97696e-23 -7.72109e-35 -3.77314e-22  3.56655e-34  3.03399e-21 -8.55184e-34 -2.09497e-20  6.88944e-33  1.25453e-19 -4.86139e-32 -6.56416e-19  2.76317e-31  3.01789e-18  -1.3422e-30 -1.22414e-17  5.62038e-30    4.393e-17 -2.02158e-29 -1.39696e-16  6.12858e-29  3.93811e-16 -1.48215e-28 -9.83435e-16  2.33999e-28  2.17104e-15  9.73014e-29 -4.22169e-15 -2.56917e-27   7.1906e-15  1.25102e-26 -1.06378e-14 -4.33689e-26  1.34968e-14  1.23631e-25 -1.43936e-14  -3.0412e-25  1.24603e-14  6.60052e-25 -8.14677e-15 -1.27949e-24  3.23405e-15  2.23227e-24  2.45666e-16 -3.52448e-24 -1.39605e-15  5.05917e-24  8.88409e-16 -6.63235e-24 -7.01166e-17  7.98074e-24 -2.47396e-16 -8.86589e-24  1.31942e-16  9.15079e-24  2.12723e-17 -8.82766e-24 -4.22663e-17   7.9909e-24  5.15823e-18 -6.78755e-24  9.07317e-18  5.38175e-24  -2.4522e-18 -3.94119e-24 -1.64561e-18  2.62537e-24  5.63196e-19 -1.55976e-24  2.83632e-19  8.05264e-25 -8.75537e-20  -3.4732e-25 -4.67547e-20  1.15893e-25  8.54679e-21 -2.35419e-26  6.62832e-21 -1.88716e-27 -1.87438e-22  3.97436e-27 -6.87417e-22 -1.73475e-27 -8.26085e-23  3.49757e-28  4.09821e-23  3.36812e-29  1.21793e-23 -4.95405e-29 -4.16564e-25  1.68685e-29 -6.76552e-25  -2.3671e-30 -9.15781e-26 -3.36804e-31  9.09813e-27  2.22178e-31   3.9115e-27 -3.38332e-32  3.41857e-28 -2.80336e-33 -2.26343e-29  1.53115e-33 -6.77585e-30 -1.00037e-34 -4.58302e-31 -2.07796e-35  1.47347e-33  2.66363e-36  1.53744e-33 -1.88696e-40  5.70935e-35 -4.22358e-39  3.57347e-37
-5.63128e-32  8.02033e-36  6.69314e-30   1.3815e-34 -3.16607e-28 -7.23124e-35  9.20443e-27 -2.32336e-34 -1.90124e-25  2.68561e-34  3.00351e-24  3.38922e-34 -3.79376e-23 -7.72109e-35  3.94615e-22 -4.80351e-35 -3.45112e-21  8.67089e-34  2.57648e-20 -6.81889e-33  -1.6608e-19  5.32542e-32  9.32321e-19 -3.43322e-31 -4.58777e-18   1.8642e-30  1.98849e-17 -8.74002e-30 -7.61754e-17  3.57201e-29  2.58481e-16 -1.27398e-28 -7.77701e-16  3.93431e-28  2.07452e-15  -1.0285e-27 -4.89961e-15  2.14382e-27  1.02178e-14  -2.8623e-27 -1.87316e-14 -1.56916e-27  2.99827e-14  2.66825e-26 -4.14812e-14 -1.11607e-25  4.88392e-14  3.36799e-25 -4.77058e-14 -8.38592e-25   3.6879e-14   1.8033e-24 -2.01851e-14 -3.42058e-24  4.76474e-15  5.79041e-24  3.64562e-15 -8.81304e-24   -4.489e-15  1.21282e-23  1.69041e-15 -1.51699e-23  5.19089e-16  1.73461e-23 -7.85773e-16 -1.82595e-23  1.72912e-16   1.7842e-23  1.60534e-16 -1.63238e-23  -9.1347e-17   1.4079e-23 -1.92648e-17 -1.14694e-23  2.45699e-17  8.78043e-24  1.15847e-18 -6.23986e-24 -5.05407e-18  4.04325e-24  -2.4354e-20 -2.33561e-24  8.72844e-19  1.16856e-24  3.06921e-20 -4.84896e-25 -1.24714e-19  1.52947e-25 -1.45636e-20 -2.71462e-26  1.33104e-20 -4.53694e-27  3.20171e-21  5.72939e-27 -8.25766e-22 -2.28616e-27 -3.92822e-22  4.34846e-28 -8.66531e-25  3.85026e-29  2.49767e-23 -5.53091e-29  4.14472e-24  1.81758e-29 -4.80992e-25 -2.40153e-30  -2.3647e-25 -4.16533e-31 -2.10652e-26  2.50454e-31  2.90743e-27  -3.8151e-32    7.997e-28 -2.33103e-33  5.35195e-29   1.3913e-33 -2.77748e-30 -8.20407e-35 -6.22379e-31 -1.64623e-35 -3.13207e-32  1.71499e-36 -1.50614e-34  5.67652e-39  2.19543e-35 -1.16131e-39
-2.50538e-37 -2.17117e-30  1.20746e-35    1.476e-28  1.60595e-34 -5.34503e-27  -1.0408e-34  1.29748e-25 -2.84991e-34 -2.33404e-24  2.33893e-34   3.2919e-23  3.24856e-34 -3.77314e-22 -4.80351e-35   3.6022e-21  -2.0457e-34 -2.91561e-20  5.01281e-33  2.02718e-19 -4.85916e-32  -1.2228e-18  3.60737e-31  6.44732e-18 -2.19441e-30 -2.98822e-17  1.13688e-29  1.22249e-16 -5.12278e-29 -4.42685e-16  2.02763e-28  1.42126e-15 -7.07001e-28 -4.04753e-15  2.16431e-27  1.02178e-14 -5.74883e-27 -2.28204e-14  1.28838e-26  4.49347e-14 -2.26406e-26 -7.75847e-14  2.31351e-26  1.16515e-13  2.84901e-26 -1.50344e-13 -2.40932e-25  1.63506e-13  8.31353e-25 -1.45009e-13 -2.14817e-24  9.80947e-14   4.6264e-24 -4.17641e-14 -8.63379e-24 -3.23991e-16  1.42228e-23  1.60064e-14 -2.08996e-23 -1.12928e-14   2.7588e-23  1.53889e-15 -3.29088e-23  2.84575e-15  3.57032e-23 -1.78005e-15 -3.55155e-23  -1.4125e-16  3.27302e-23  5.34743e-16 -2.82811e-23 -1.01841e-16  2.31592e-23 -1.09174e-16 -1.80624e-23  3.95687e-17  1.33547e-23  1.89962e-17  -9.2259e-24  -8.9225e-18  5.82884e-24 -3.25517e-18 -3.28149e-24  1.45011e-18  1.59441e-24  5.62356e-19 -6.37673e-25 -1.62713e-19  1.90387e-25 -8.65716e-20 -2.92064e-26  8.66861e-21 -7.80224e-27  9.96711e-21  7.49964e-27  6.47569e-22 -2.76554e-27  -6.9517e-22  4.98748e-28 -1.56317e-22  3.94273e-29  1.60597e-23 -5.71483e-29  1.06103e-23  1.86018e-29  1.03181e-24 -2.46257e-30 -2.12457e-25 -4.36918e-31 -6.12245e-26  2.62738e-31  -3.7757e-27 -4.07146e-32   5.7081e-28 -1.62457e-33  1.12402e-28  1.16847e-33  5.92102e-30 -6.22447e-35 -1.64937e-31 -1.17938e-35 -2.89676e-32  9.62858e-37 -8.84589e-34  4.97899e-39 -3.57637e-36
 4.73279e-31 -6.73285e-36 -5.66264e-29  1.03243e-35  2.69152e-27  1.66316e-34   -7.865e-26  -1.2465e-34  1.63334e-24 -3.25906e-34 -2.59491e-23  1.58322e-34  3.29719e-22  3.56655e-34 -3.45112e-21  -2.0457e-34  3.03806e-20 -1.69051e-33 -2.28383e-19  3.39887e-32  1.48289e-18 -3.18203e-31 -8.38847e-18  2.22768e-30  4.16124e-17 -1.28401e-29 -1.81904e-16  6.34507e-29  7.03141e-16 -2.74263e-28 -2.40876e-15  1.04725e-27    7.321e-15 -3.54532e-27 -1.97401e-14  1.06267e-26  4.71619e-14 -2.80046e-26 -9.95768e-14  6.38411e-26  1.85005e-13 -1.21359e-25 -3.00494e-13  1.73699e-25  4.22549e-13 -1.07529e-25 -5.06799e-13 -3.68076e-25   5.0606e-13    1.817e-24 -4.02519e-13 -5.09157e-24  2.30498e-13  1.11498e-23 -6.33037e-14 -2.06089e-23 -3.43856e-14  3.31494e-23   4.9939e-14 -4.71109e-23 -2.14637e-14  5.96919e-23 -4.24679e-15 -6.78889e-23  8.99256e-15  6.97861e-23 -2.56263e-15 -6.54194e-23 -1.65199e-15  5.66243e-23  1.17513e-15 -4.59787e-23  1.42468e-16   3.5593e-23 -3.04138e-16 -2.65186e-23  8.04991e-18  1.89456e-23  6.19347e-17 -1.27531e-23 -4.22811e-18  7.87906e-24 -1.08806e-17 -4.33473e-24  3.92053e-19  2.05007e-24  1.63145e-18 -7.91765e-25  8.07148e-20  2.24048e-25 -1.89918e-19 -2.93141e-26 -3.20164e-20 -1.12681e-26  1.40791e-20  8.99617e-27   4.8481e-21 -3.08414e-27 -2.98328e-22  5.34169e-28 -3.65059e-22  3.21337e-29 -4.33981e-23 -5.35888e-29   1.0159e-23  1.80138e-29  3.33776e-24 -2.54551e-30  1.87892e-25 -4.02594e-31 -5.84051e-26  2.59038e-31 -1.16047e-26 -4.10934e-32 -5.33048e-28 -8.57196e-34  6.78887e-29  9.11099e-34  9.87587e-30  -4.4205e-35  3.94927e-31  -7.5702e-36 -2.88538e-33  4.58756e-37 -4.16835e-34  2.26081e-39
-3.14739e-36  1.68865e-29  -1.7788e-35 -1.15369e-27  4.27333e-36  4.19929e-26  1.61264e-34 -1.02486e-24 -1.27948e-34  1.85407e-23  -3.4236e-34 -2.63055e-22 -1.49728e-35  3.03399e-21  8.67089e-34 -2.91561e-20 -1.69051e-33  2.37625e-19 -1.20696e-32 -1.66422e-18  2.18279e-31  1.01157e-17 -1.91942e-30 -5.37674e-17  1.26743e-29   2.5133e-16 -6.93202e-29 -1.03747e-15  3.26796e-28  3.79272e-15 -1.35392e-27 -1.22999e-14  4.97725e-27  3.54051e-14  -1.6299e-26 -9.04044e-14  4.75289e-26  2.04393e-13 -1.22848e-25 -4.07799e-13   2.7844e-25  7.14273e-13 -5.41123e-25 -1.08974e-12  8.55704e-25  1.43124e-12 -9.30234e-25  -1.5888e-12  7.57339e-27  1.44498e-12  3.32887e-24 -1.01223e-12 -1.10818e-23  4.61221e-13  2.52359e-23 -2.60233e-14  -4.6585e-23 -1.55129e-13  7.34405e-23  1.22429e-13  -1.0113e-22 -2.38191e-14  1.23092e-22 -2.73885e-14 -1.33462e-22   2.0371e-14  1.29831e-22  1.92316e-17 -1.14384e-22 -5.70995e-15  9.25681e-23  1.52651e-15 -7.02213e-23  1.08986e-15  5.11082e-23   -5.257e-16 -3.62777e-23    -1.77e-16  2.50655e-23   1.1707e-16 -1.64922e-23  2.96257e-17  9.99986e-24 -1.97242e-17 -5.39333e-24 -5.42472e-18  2.48914e-24  2.44455e-18 -9.30156e-25  9.26435e-19  2.49682e-25 -1.80527e-19 -2.73421e-26 -1.19944e-19 -1.44066e-26 -4.54505e-22  9.92723e-27  9.69959e-21 -3.16925e-27  1.58673e-21   5.3939e-28 -3.33295e-22  1.31124e-29 -1.37662e-22 -4.41299e-29 -7.85352e-24  1.64373e-29  3.72274e-24 -2.61044e-30  7.89913e-25 -3.32175e-31  2.57293e-26  2.41264e-31 -1.05564e-26 -3.91131e-32 -1.53946e-27 -1.88037e-34 -5.65378e-29  6.63139e-34  4.34375e-30 -2.97485e-35  4.48636e-31 -4.29381e-36  1.11208e-32  1.75791e-37   1.1745e-35
-3.39541e-30 -7.45276e-36  4.08246e-28 -2.92966e-35 -1.95041e-26 -1.24012e-36  5.73013e-25   1.5084e-34 -1.19674e-23 -1.15714e-34  1.91261e-22 -2.62014e-34 -2.44546e-21 -8.55184e-34  2.57648e-20  5.01281e-33 -2.28383e-19 -1.20696e-32  1.72936e-18 -7.75461e-32 -1.13149e-17  1.29795e-30  6.45243e-17 -1.07133e-29 -3.22813e-16   6.6836e-29  1.42384e-15 -3.47284e-28 -5.55619e-15  1.56261e-27  1.92258e-14 -6.20358e-27 -5.90589e-14  2.19331e-26   1.6106e-13 -6.93307e-26 -3.89482e-13  1.95971e-25  8.33113e-13 -4.93694e-25  -1.5698e-12  1.09984e-24  2.58927e-12 -2.13331e-24 -3.70369e-12  3.48681e-24  4.52922e-12 -4.41429e-24 -4.62778e-12   2.9852e-24  3.79104e-12  4.25656e-24 -2.27195e-12 -2.18359e-23  7.12443e-13  5.35888e-23  2.63908e-13 -9.98344e-23 -4.76034e-13   1.5489e-22  2.32801e-13  -2.0705e-22  2.34639e-14  2.42284e-22 -8.77772e-14 -2.50431e-22  3.13936e-14  2.30308e-22  1.39484e-14 -1.90196e-22 -1.28491e-14  1.43218e-22 -4.64077e-16   -1.008e-22  3.19133e-15  6.85032e-23 -3.34506e-16 -4.61693e-23 -6.39603e-16  3.08961e-23  9.66279e-17 -1.99549e-23  1.13866e-16  1.19283e-23 -1.33824e-17 -6.33053e-24 -1.79039e-17  2.85951e-24  4.23245e-19 -1.03591e-24  2.26611e-18  2.63713e-25  2.26299e-19  -2.3381e-26 -1.94408e-19 -1.67227e-26 -4.87234e-20   1.0068e-26  7.31088e-21 -2.98123e-27  4.44198e-21  5.17982e-28  3.15607e-22 -1.87048e-29 -1.62823e-22 -2.96092e-29 -3.89702e-23  1.40584e-29 -6.99389e-25 -2.59476e-30  9.20361e-25 -2.49547e-31  1.39082e-25  2.12435e-31   2.9456e-27 -3.49983e-32 -1.20726e-27  2.83669e-34 -1.30071e-28  4.53665e-34 -3.80589e-30  -1.9051e-35  1.11626e-31 -2.10313e-36  6.46141e-33  4.71734e-38
 1.63559e-36 -1.12599e-28 -1.18933e-35  7.73235e-27 -3.62815e-35 -2.82966e-25 -1.50694e-36  6.94508e-24  1.37856e-34 -1.26393e-22 -1.39577e-34   1.8045e-21  5.29398e-34 -2.09497e-20 -6.81889e-33  2.02718e-19  3.39887e-32 -1.66422e-18 -7.75461e-32  1.17449e-17 -4.58514e-31 -7.19665e-17  7.15788e-30  3.85779e-16 -5.55763e-29  -1.8195e-15   3.2814e-28  7.58206e-15  -1.6217e-27 -2.79966e-14   6.9686e-27  9.17613e-14 -2.65123e-26 -2.67127e-13  9.01052e-26  6.90332e-13 -2.74605e-25 -1.58097e-12  7.50757e-25  3.19835e-12 -1.83656e-24 -5.68707e-12  3.99547e-24  8.82156e-12 -7.63988e-24 -1.18034e-11   1.2547e-23  1.33869e-11 -1.67979e-23  -1.2498e-11  1.55508e-23  9.07362e-12 -6.09915e-25 -4.41625e-12 -3.78385e-23  5.18067e-13  1.06572e-22  1.28219e-12 -2.03065e-22 -1.14656e-12  3.11412e-22  2.91986e-13  -4.0481e-22  2.21206e-13  4.55716e-22 -2.00314e-13 -4.49038e-22  1.52927e-14  3.90033e-22   5.1916e-14  -3.0117e-22 -1.85575e-14  2.09935e-22 -9.00259e-15 -1.35978e-22  5.87754e-15   8.5531e-23  1.28883e-15 -5.44973e-23 -1.29538e-15   3.5406e-23 -2.01487e-16 -2.25779e-23  2.24949e-16  1.33804e-23  4.03175e-17 -7.01942e-24 -3.01688e-17  3.11429e-24 -8.02781e-18 -1.09585e-24  2.70401e-18   2.6384e-25  1.20211e-18 -1.75913e-26 -8.47647e-20 -1.78995e-26 -1.13083e-19  9.31671e-27 -1.19816e-20  -2.5244e-27  5.10635e-21  4.77692e-28  1.48445e-21 -6.09767e-29  1.49159e-23 -1.21732e-29 -5.23586e-23   1.1181e-29 -8.39531e-24 -2.43851e-30  3.71464e-26 -1.74375e-31  1.55433e-25  1.76192e-31  1.74615e-26 -2.93775e-32  3.08372e-28  5.30081e-34 -7.78321e-29  2.93865e-34 -5.79062e-30 -1.14276e-35 -1.10857e-31 -8.48301e-37  4.11735e-34
 2.09896e-29  4.22851e-36 -2.53666e-27 -1.52215e-35  1.21844e-25 -3.61661e-35 -3.59998e-24  8.44269e-36  7.56339e-23  1.41748e-34 -1.21635e-21 -7.07935e-34  1.56548e-20  6.88944e-33  -1.6608e-19 -4.85916e-32  1.48289e-18  2.18279e-31 -1.13149e-17 -4.58514e-31    7.463e-17 -2.51423e-30 -4.29208e-16  3.67442e-29   2.1666e-15 -2.68959e-28 -9.64693e-15  1.50534e-27  3.80221e-14 -7.08375e-27 -1.32963e-13  2.90897e-26  4.13047e-13 -1.06088e-25 -1.13994e-12  3.46528e-25  2.79204e-12 -1.01751e-24 -6.05459e-12  2.68702e-24  1.15786e-11 -6.36806e-24 -1.94095e-11  1.34754e-23  2.82656e-11 -2.52205e-23  -3.5276e-11  4.10168e-23  3.69183e-11 -5.58729e-23 -3.11784e-11  5.78562e-23  1.95605e-11 -2.81199e-23 -6.90428e-12 -5.36552e-23 -1.59066e-12  1.97903e-22  3.92641e-12 -3.92471e-22 -2.18438e-12  5.97643e-22  -2.6349e-14 -7.56602e-22  7.36853e-13  8.19784e-22 -3.25497e-13 -7.69932e-22 -9.43817e-14  6.31064e-22  1.20717e-13  -4.5451e-22 -5.81709e-15  2.91705e-22 -2.85981e-14 -1.72211e-22  5.50568e-15  9.91055e-23  5.58796e-15 -5.93542e-23 -1.40454e-15  3.75814e-23 -1.00243e-15 -2.38492e-23  2.18873e-16  1.41122e-23  1.65459e-16 -7.36087e-24 -1.81505e-17  3.22305e-24 -2.28097e-17  -1.1037e-24 -6.45618e-19  2.49384e-25  2.23155e-18 -1.00623e-26  3.87826e-19 -1.78808e-26  -1.1485e-19  7.71877e-27  -4.5206e-20  -1.8498e-27 -7.74371e-22  4.29044e-28  2.10809e-21 -1.08035e-28  3.74172e-22  5.18018e-30  -1.2337e-23  8.15091e-30 -1.18674e-23 -2.11165e-30 -1.36654e-24 -1.16346e-31  1.66979e-26  1.36602e-31  1.70907e-26 -2.31173e-32  1.42499e-27  5.80656e-34   2.3775e-29  1.80762e-34  -2.1815e-30 -6.14303e-36 -8.34216e-32 -2.46645e-37
  9.6941e-38  6.49958e-28  7.43281e-36 -4.48745e-26  -1.6281e-35   1.6515e-24 -3.46871e-35 -4.07762e-23  3.78498e-35  7.46739e-22  4.60029e-34 -1.07315e-20 -6.13282e-33  1.25453e-19  5.32542e-32  -1.2228e-18 -3.18203e-31  1.01157e-17  1.29795e-30 -7.19665e-17 -2.51423e-30  4.44728e-16 -1.28405e-29 -2.40538e-15  1.76168e-28  1.14522e-14 -1.21807e-27 -4.82003e-14  6.47195e-27  1.79863e-13 -2.90294e-26 -5.96136e-13  1.14005e-25  1.75613e-12 -3.98687e-25 -4.59612e-12  1.25167e-24  1.06694e-11 -3.53979e-24 -2.19018e-11  9.02173e-24  3.95664e-11 -2.06826e-23 -6.24521e-11  4.24615e-23  8.52058e-11 -7.74406e-23 -9.88295e-11  1.23667e-22  9.48098e-11 -1.68113e-22 -7.13968e-11  1.82033e-22  3.70556e-11  -1.2362e-22  -6.5052e-12  -4.6892e-23 -9.06564e-12  3.41593e-22  9.36235e-12 -7.21731e-22 -2.97468e-12  1.09628e-21 -1.48642e-12 -1.35309e-21  1.70801e-12   1.4112e-21 -2.64661e-13 -1.26282e-21 -4.03184e-13  9.75723e-22  1.89091e-13  -6.5386e-22  6.02165e-14  3.84148e-22 -5.60916e-14 -2.04319e-22 -6.48336e-15  1.05898e-22  1.22271e-14  -5.9128e-23   7.8038e-16  3.67105e-23 -2.17837e-15 -2.34355e-23 -1.96839e-16  1.39735e-23  3.12524e-16 -7.30636e-24  5.37213e-17  3.17995e-24 -3.22355e-17  -1.0618e-24 -9.94498e-18  2.21306e-25  1.71414e-18  -7.7405e-28  1.10933e-18 -1.68511e-26  5.06497e-20  5.45457e-27 -6.27086e-20 -1.04933e-27 -1.31989e-20  3.83718e-28  6.93744e-22 -1.51989e-28  6.09191e-22  1.93643e-29  7.21029e-23    5.276e-30 -4.30257e-24  -1.6314e-30 -1.88665e-24 -7.52053e-32 -1.62099e-25   9.7901e-32  1.41669e-27 -1.70639e-32  1.09087e-27   4.9787e-34  6.25077e-29  1.04459e-34  8.04517e-31 -2.73155e-36 -1.13172e-32
-1.12754e-28  3.03595e-37  1.37002e-26  9.64848e-36 -6.61802e-25 -9.16479e-36  1.96702e-23 -6.70376e-35 -4.15856e-22  1.17472e-35  6.73199e-21  4.13929e-33 -8.72444e-20 -4.86139e-32  9.32321e-19  3.60737e-31 -8.38847e-18 -1.91942e-30  6.45243e-17  7.15788e-30 -4.29208e-16 -1.28405e-29  2.49059e-15 -6.12799e-29 -1.26913e-14  7.91121e-28  5.70733e-14 -5.17608e-27 -2.27324e-13  2.61433e-26  8.03847e-13 -1.11886e-25  -2.5268e-12  4.20507e-25  7.06176e-12 -1.41077e-24   -1.753e-11  4.25762e-24  3.85661e-11 -1.15951e-23 -7.49107e-11  2.85066e-23  1.27729e-10 -6.31546e-23 -1.89543e-10  1.25576e-22  2.41644e-10 -2.22515e-22 -2.59296e-10  3.47055e-22  2.25976e-10 -4.65614e-22 -1.48456e-10  5.11037e-22  5.83306e-11  -3.9453e-22  6.59007e-12  4.36971e-23 -2.81988e-11   5.4406e-22  1.79006e-11 -1.26488e-21 -1.27634e-12  1.92473e-21 -5.33995e-12 -2.31731e-21  2.90119e-12  2.32555e-21   4.7121e-13 -1.98136e-21 -9.81312e-13  1.44131e-21  1.33081e-13 -8.96276e-22  2.19302e-13  4.78956e-22 -6.51407e-14 -2.26239e-22 -4.11111e-14  1.03245e-22  1.57906e-14 -5.30676e-23  7.36115e-15  3.26221e-23  -2.6277e-15 -2.12615e-23 -1.28045e-15  1.29353e-23  2.84273e-16 -6.86871e-24  1.93908e-16  3.00635e-24 -1.04437e-17 -9.80821e-25 -2.15801e-17   1.8196e-25 -2.21493e-18  1.02874e-26  1.39275e-18 -1.51194e-26  3.82321e-19  2.79692e-27 -1.98233e-20 -2.41831e-28 -2.26645e-20  3.52395e-28 -2.86943e-21 -1.84527e-28  3.27569e-22  2.80321e-29  1.27673e-22  2.77044e-30  1.06433e-23 -1.06158e-30  -7.1371e-25 -4.52905e-32 -1.99665e-25  6.39315e-32 -1.28247e-26 -1.18233e-32  6.16525e-30  3.53179e-34  3.14872e-29  5.47532e-35  9.04311e-31 -8.52219e-37
-8.29746e-37 -3.27177e-27  8.27838e-37  2.27173e-25  4.36386e-36 -8.41055e-24  4.76118e-35  2.08964e-22 -2.55093e-34 -3.85207e-21 -1.56744e-33  5.57432e-20  3.63187e-32 -6.56416e-19 -3.43322e-31  6.44732e-18  2.22768e-30 -5.37674e-17 -1.07133e-29  3.85779e-16  3.67442e-29 -2.40538e-15 -6.12799e-29   1.3133e-14 -2.74037e-28 -6.31516e-14  3.33587e-27  2.68598e-13 -2.06855e-26 -1.01348e-12  9.94398e-26  3.39883e-12 -4.06441e-25 -1.01384e-11  1.46291e-24  2.68901e-11 -4.71059e-24 -6.33195e-11   1.3669e-23  1.31993e-10 -3.58477e-23 -2.42458e-10  8.49879e-23  3.89766e-10 -1.81832e-22  -5.4275e-10  3.49752e-22  6.44464e-10 -6.00908e-22 -6.35952e-10  9.12107e-22  4.97153e-10 -1.19926e-21 -2.74738e-10  1.31161e-21  6.36674e-11 -1.07017e-21  5.45961e-11   3.5563e-22 -6.70987e-11  7.89847e-22  2.58508e-11 -2.11704e-21  8.05154e-12  3.23904e-21 -1.27045e-11 -3.80335e-21  3.02074e-12  3.66948e-21  2.66371e-12 -2.97311e-21 -1.64591e-12  2.03271e-21 -3.03691e-13 -1.16924e-21   4.6097e-13  5.64122e-22  7.93293e-15 -2.32316e-22  -9.9059e-14  9.01452e-23  2.90027e-15 -4.17031e-23  1.80239e-14  2.57752e-23  6.20735e-18 -1.75059e-23 -2.74837e-15  1.10817e-23  -2.3121e-16 -6.11794e-24  3.18229e-16  2.74707e-24  6.56872e-17 -8.77417e-25 -2.23277e-17  1.34627e-25 -9.13564e-18   2.2899e-26  2.32761e-19 -1.29587e-26  6.38098e-19  5.52382e-29  9.37025e-20  4.47512e-28 -1.43646e-20  3.42027e-28 -5.94064e-21 -1.98916e-28 -4.68632e-22  3.02016e-29  7.83239e-23   7.4087e-31   1.9164e-23 -4.93753e-31  1.17899e-24 -2.11008e-32 -6.40472e-26  3.73643e-32 -1.25456e-26 -7.67639e-33 -5.58951e-28  2.07335e-34 -2.65896e-30  2.41975e-35  1.81563e-31
