    0.013823  4.79678e-18   -0.0269634 -2.10035e-17  0.000119348  2.07716e-17   0.00406324 -1.17476e-17   0.00181285  6.84648e-18    0.0004485 -2.81458e-19   6.9628e-05  -9.9792e-20  6.31112e-06  3.84468e-20  2.10408e-07  3.92624e-21 -1.22832e-08  1.58673e-22 -8.01142e-10
 4.79678e-18    0.0537937  1.05735e-17   -0.0485061  -3.1259e-17   -0.0145532  4.01814e-18   0.00193858  5.89661e-19   0.00263213  6.08325e-18  0.000976598  4.43274e-19  0.000218524  1.94005e-19   3.2195e-05  5.77341e-20  2.99863e-06  5.02141e-21  1.44848e-07  2.25721e-22
  -0.0269634  1.05735e-17    0.0982856   2.6218e-17   -0.0448054 -4.42562e-17   -0.0312741 -1.17874e-17  -0.00673298  6.73697e-18  0.000326281  5.48686e-18  0.000594421  1.25859e-18  0.000175153  3.65175e-19  2.74601e-05   5.9811e-20  2.30934e-06  4.14702e-21  7.10361e-08
-2.10035e-17   -0.0485061   2.6218e-17     0.117538  4.54144e-17   -0.0200053 -4.74303e-17   -0.0360963 -1.71176e-17   -0.0147762  6.45366e-18  -0.00328177  4.84589e-18 -0.000401513   1.4867e-18 -1.57134e-05  3.39497e-19  2.21033e-06    4.011e-20  2.54501e-07  1.63121e-21
 0.000119348  -3.1259e-17   -0.0448054  4.54144e-17     0.112297  5.23635e-17   0.00867679 -3.55966e-17   -0.0268055 -1.31287e-17    -0.015835  5.20928e-18  -0.00485819  3.83705e-18 -0.000948071  1.17052e-18 -0.000119525  2.09873e-19 -8.83517e-06  1.68635e-20 -2.54756e-07
 2.07716e-17   -0.0145532 -4.42562e-17   -0.0200053  5.23635e-17     0.101597  4.50224e-17     0.032488 -1.76714e-17  -0.00939974 -4.64796e-18  -0.00991489  4.73648e-18  -0.00355489  2.69357e-18    -0.000728  6.92755e-19 -8.72461e-05  9.12873e-20  -5.1164e-06  4.03805e-21
  0.00406324  4.01814e-18   -0.0312741 -4.74303e-17   0.00867679  4.50224e-17    0.0964611  3.31961e-17    0.0501749 -1.97713e-18   0.00828367  2.83012e-18  -0.00175195   4.2787e-18  -0.00115736  1.65568e-18 -0.000251143  3.20038e-19 -2.60236e-05  2.76645e-20 -9.29472e-07
-1.17476e-17   0.00193858 -1.17874e-17   -0.0360963 -3.55966e-17     0.032488  3.31961e-17    0.0955822  2.50297e-17    0.0600657  8.05892e-18     0.019637  6.32235e-18   0.00379778  3.27265e-18    0.0004243  8.60281e-19   2.3038e-05  1.14666e-19  2.79748e-07  5.23033e-21
  0.00181285  5.89661e-19  -0.00673298 -1.71176e-17   -0.0268055 -1.76714e-17    0.0501749  2.50297e-17    0.0924011  2.13617e-17    0.0594509  1.17534e-17     0.021856  6.07951e-18   0.00512455  1.99243e-18  0.000766864  3.61416e-19  6.61241e-05  3.02837e-20  2.17721e-06
 6.84648e-18   0.00263213  6.73697e-18   -0.0147762 -1.31287e-17  -0.00939974 -1.97713e-18    0.0600657  2.13617e-17    0.0814156  1.86446e-17    0.0486474  1.04349e-17    0.0170853  4.05028e-18   0.00374463  9.45232e-19   0.00049062  1.16875e-19  3.15312e-05   5.0946e-21
   0.0004485  6.08325e-18  0.000326281  6.45366e-18    -0.015835 -4.64796e-18   0.00828367  8.05892e-18    0.0594509  1.86446e-17     0.062276  1.43401e-17    0.0325895  6.83245e-18    0.0100995  2.02919e-18   0.00188359  3.43409e-19  0.000191802  2.71565e-20  7.08898e-06
-2.81458e-19  0.000976598  5.48686e-18  -0.00328177  5.20928e-18  -0.00991489  2.83012e-18     0.019637  1.17534e-17    0.0486474  1.43401e-17     0.040063  9.01004e-18    0.0176872  3.44182e-18   0.00459856  7.77827e-19  0.000684001  9.28355e-20  4.81701e-05  3.90318e-21
  6.9628e-05  4.43274e-19  0.000594421  4.84589e-18  -0.00485819  4.73648e-18  -0.00175195  6.32235e-18     0.021856  1.04349e-17    0.0325895  9.01004e-18    0.0212194  4.50242e-18   0.00769171  1.34539e-18   0.00161021  2.26371e-19  0.000178466  1.76392e-20  7.00965e-06
 -9.9792e-20  0.000218524  1.25859e-18 -0.000401513  3.83705e-18  -0.00355489   4.2787e-18   0.00379778  6.07951e-18    0.0170853  6.83245e-18    0.0176872  4.50242e-18   0.00910214  1.76947e-18   0.00264504  4.05605e-19  0.000427077  4.86641e-20  3.19419e-05  2.03963e-21
 6.31112e-06  1.94005e-19  0.000175153   1.4867e-18 -0.000948071  2.69357e-18  -0.00115736  3.27265e-18   0.00512455  4.05028e-18    0.0100995  3.44182e-18   0.00769171  1.76947e-18   0.00311271  5.41206e-19  0.000706546  9.26093e-20  8.31446e-05  7.28655e-21   3.4127e-06
 3.84468e-20   3.2195e-05  3.65175e-19 -1.57134e-05  1.17052e-18    -0.000728  1.65568e-18    0.0004243  1.99243e-18   0.00374463  2.02919e-18   0.00459856  1.34539e-18   0.00264504  5.41206e-19  0.000833143  1.26756e-19  0.000142814  1.54691e-20   1.1167e-05   6.5557e-22
 2.10408e-07  5.77341e-20  2.74601e-05  3.39497e-19 -0.000119525  6.92755e-19 -0.000251143  8.60281e-19  0.000766864  9.45232e-19   0.00188359  7.77827e-19   0.00161021  4.05605e-19  0.000706546  1.26756e-19  0.000170257   2.2128e-20  2.09514e-05    1.769e-21  8.89109e-07
 3.92624e-21  2.99863e-06   5.9811e-20  2.21033e-06  2.09873e-19 -8.72461e-05  3.20038e-19   2.3038e-05  3.61416e-19   0.00049062  3.43409e-19  0.000684001  2.26371e-19  0.000427077  9.26093e-20  0.000142814   2.2128e-20  2.56015e-05  2.74963e-21  2.07038e-06  1.18197e-22
-1.22832e-08  5.02141e-21  2.30934e-06    4.011e-20 -8.83517e-06  9.12873e-20 -2.60236e-05  1.14666e-19  6.61241e-05  1.16875e-19  0.000191802  9.28355e-20  0.000178466  4.86641e-20  8.31446e-05  1.54691e-20  2.09514e-05  2.74963e-21  2.66674e-06  2.23312e-22  1.16084e-07
 1.58673e-22  1.44848e-07  4.14702e-21  2.54501e-07  1.68635e-20  -5.1164e-06  2.76645e-20  2.79748e-07  3.02837e-20  3.15312e-05  2.71565e-20  4.81701e-05  1.76392e-20  3.19419e-05  7.28655e-21   1.1167e-05    1.769e-21  2.07038e-06  2.23312e-22  1.71762e-07  9.72871e-24
-8.01142e-10  2.25721e-22  7.10361e-08  1.63121e-21 -2.54756e-07  4.03805e-21 -9.29472e-07  5.23033e-21  2.17721e-06   5.0946e-21  7.08898e-06  3.90318e-21  7.00965e-06  2.03963e-21   3.4127e-06   6.5557e-22  8.89109e-07  1.18197e-22  1.16084e-07  9.72871e-24  5.15189e-09
