   0.0565416 -1.03036e-17   -0.0465183  1.35802e-17   -0.0211849   1.3301e-17  -0.00527748  1.16987e-17 -0.000761311  6.39053e-18 -2.36471e-05 -1.44494e-18  1.56134e-05  2.37217e-19  3.60889e-06  1.78271e-19  3.66876e-07  3.80215e-20  1.62557e-08 -1.28799e-21  1.39506e-10
-1.03036e-17     0.129051 -3.03228e-17    -0.032023  9.70574e-18   -0.0336875  3.26372e-17   -0.0140224  3.38677e-17  -0.00400145  9.18911e-18 -0.000866224  1.83268e-20 -0.000144766  4.35622e-19 -1.80201e-05   2.2967e-19 -1.51014e-06  2.33403e-20 -6.69382e-08 -2.57833e-21
  -0.0465183 -3.03228e-17     0.147793 -6.90167e-17   0.00893528 -1.06177e-17   -0.0235417  4.92196e-17   -0.0141388  4.26732e-17  -0.00478775  9.54914e-18  -0.00111057  1.05892e-18 -0.000180324  5.72848e-19 -1.95329e-05  1.69314e-19  -1.2338e-06  3.74061e-22  -2.9489e-08
 1.35802e-17    -0.032023 -6.90167e-17     0.130999 -1.24843e-16    0.0431519 -3.41527e-17  -0.00131904  4.79508e-17  -0.00579083  3.35035e-17  -0.00239054  6.70062e-18 -0.000553803  1.15119e-18  -8.0161e-05  4.83231e-19 -6.91652e-06   6.4534e-20 -2.88945e-07  -4.9111e-21
  -0.0211849  9.70574e-18   0.00893528 -1.24843e-16     0.116698 -1.70811e-16    0.0638872 -4.76325e-17    0.0185699  2.99204e-17    0.0033581  1.74349e-17  0.000387742   3.1477e-18  3.21478e-05  8.34057e-19  3.17318e-06   2.5498e-19  3.47526e-07  4.45633e-21  1.52993e-08
  1.3301e-17   -0.0336875 -1.06177e-17    0.0431519 -1.70811e-16      0.11043 -1.77275e-16    0.0714942 -4.75384e-17    0.0278753  9.93933e-18   0.00767699  5.45685e-18   0.00155163  1.08412e-18  0.000224256  4.71107e-19  2.11268e-05   7.3762e-20  1.02853e-06  -5.3333e-21
 -0.00527748  3.26372e-17   -0.0235417 -3.41527e-17    0.0638872 -1.77275e-16     0.102033 -1.43043e-16    0.0654013 -3.76438e-17    0.0259004 -1.26193e-18     0.007008   4.3457e-19   0.00130867  3.91932e-19  0.000160848   1.9061e-19  1.14143e-05  3.71738e-21  3.04749e-07
 1.16987e-17   -0.0140224  4.92196e-17  -0.00131904 -4.76325e-17    0.0714942 -1.43043e-16     0.084619 -9.21655e-17    0.0489671 -2.42511e-17    0.0177257  -3.7197e-18   0.00427266 -4.14776e-19  0.000679665  1.86956e-19  6.62841e-05  4.34475e-20  3.20264e-06 -4.11932e-21
-0.000761311  3.38677e-17   -0.0141388  4.79508e-17    0.0185699 -4.75384e-17    0.0654013 -9.21655e-17    0.0599289 -4.85355e-17    0.0298275 -1.27281e-17    0.0093652  -2.3936e-18   0.00191755 -1.59028e-19  0.000248042  7.35361e-20  1.79937e-05  3.94566e-22  4.81365e-07
 6.39053e-18  -0.00400145  4.26732e-17  -0.00579083  2.99204e-17    0.0278753 -3.76438e-17    0.0489671 -4.85355e-17     0.035305 -2.12848e-17    0.0147189  -5.3971e-18   0.00388572 -8.99799e-19   0.00065381  2.45137e-21    6.581e-05  1.44507e-20  3.22569e-06 -2.30182e-21
-2.36471e-05  9.18911e-18  -0.00478775  3.35035e-17    0.0033581  9.93933e-18    0.0259004 -2.42511e-17    0.0298275 -2.12848e-17     0.017066 -7.87066e-18   0.00586571 -1.80941e-18   0.00127304 -2.03188e-19  0.000170689    1.528e-20  1.26345e-05 -7.85805e-22   3.4108e-07
-1.44494e-18 -0.000866224  9.54914e-18  -0.00239054  1.74349e-17   0.00767699 -1.26193e-18    0.0177257 -1.27281e-17    0.0147189 -7.87066e-18   0.00671642 -2.45276e-18   0.00188109 -4.57481e-19  0.000328773 -1.99905e-20  3.38718e-05  2.98519e-21  1.68168e-06 -9.00769e-22
 1.56134e-05  1.83268e-20  -0.00111057  6.70062e-18  0.000387742  5.45685e-18     0.007008  -3.7197e-18    0.0093652  -5.3971e-18   0.00586571 -2.45276e-18    0.0021394 -6.26981e-19  0.000482787 -7.86436e-20  6.63676e-05  1.84416e-21  4.98703e-06 -4.69723e-22  1.35712e-07
 2.37217e-19 -0.000144766  1.05892e-18 -0.000553803   3.1477e-18   0.00155163   4.3457e-19   0.00427266  -2.3936e-18   0.00388572 -1.80941e-18   0.00188109 -6.26981e-19  0.000547965 -1.22163e-19  9.82755e-05 -6.68756e-21  1.02915e-05   4.2448e-22  5.15892e-07 -2.41136e-22
 3.60889e-06  4.35622e-19 -0.000180324  1.15119e-18  3.21478e-05  1.08412e-18   0.00130867 -4.14776e-19   0.00191755 -8.99799e-19   0.00127304 -4.57481e-19  0.000482787 -1.22163e-19  0.000111825 -1.52316e-20   1.5636e-05  3.09596e-22  1.18743e-06 -1.25625e-22  3.25082e-08
 1.78271e-19 -1.80201e-05  5.72848e-19  -8.0161e-05  8.34057e-19  0.000224256  3.91932e-19  0.000679665 -1.59028e-19   0.00065381 -2.03188e-19  0.000328773 -7.86436e-20  9.82755e-05 -1.52316e-20  1.79315e-05 -4.92092e-22   1.8988e-06  8.34973e-23   9.5828e-08 -4.17551e-23
 3.66876e-07   2.2967e-19 -1.95329e-05  4.83231e-19  3.17318e-06  4.71107e-19  0.000160848  1.86956e-19  0.000248042  2.45137e-21  0.000170689 -1.99905e-20  6.63676e-05 -6.68756e-21   1.5636e-05 -4.92092e-22  2.21113e-06  1.70272e-22  1.69126e-07 -1.45725e-23   4.6497e-09
 3.80215e-20 -1.51014e-06  1.69314e-19 -6.91652e-06   2.5498e-19  2.11268e-05   1.9061e-19  6.62841e-05  7.35361e-20    6.581e-05    1.528e-20  3.38718e-05  1.84416e-21  1.02915e-05  3.09596e-22   1.8988e-06  1.70272e-22  2.02542e-07  1.96545e-23  1.02683e-08 -4.26797e-24
 1.62557e-08  2.33403e-20  -1.2338e-06   6.4534e-20  3.47526e-07   7.3762e-20  1.14143e-05  4.34475e-20  1.79937e-05  1.44507e-20  1.26345e-05  2.98519e-21  4.98703e-06   4.2448e-22  1.18743e-06  8.34973e-23  1.69126e-07  1.96545e-23  1.29965e-08 -1.31018e-24  3.58309e-10
-1.28799e-21 -6.69382e-08  3.74061e-22 -2.88945e-07  4.45633e-21  1.02853e-06  3.71738e-21  3.20264e-06  3.94566e-22  3.22569e-06 -7.85805e-22  1.68168e-06 -4.69723e-22  5.15892e-07 -1.25625e-22   9.5828e-08 -1.45725e-23  1.02683e-08 -1.31018e-24  5.22079e-10 -3.06388e-25
 1.39506e-10 -2.57833e-21  -2.9489e-08  -4.9111e-21  1.52993e-08  -5.3333e-21  3.04749e-07 -4.11932e-21  4.81365e-07 -2.30182e-21   3.4108e-07 -9.00769e-22  1.35712e-07 -2.41136e-22  3.25082e-08 -4.17551e-23   4.6497e-09 -4.26797e-24  3.58309e-10 -3.06388e-25  9.89577e-12
