  3.2562e-06  1.34227e-22 -3.53592e-05 -2.57085e-21   0.00013179  1.12656e-20 -0.000246322 -2.40257e-20  0.000236718  2.98237e-20 -8.17402e-05 -2.13048e-20 -3.95873e-05  7.36532e-21  3.38389e-05  -3.9813e-22  1.13186e-06 -3.24793e-22 -3.81144e-06  4.66032e-23  7.27482e-08
 1.34227e-22  5.21473e-05   1.7016e-21 -0.000304338 -1.85049e-20  0.000801028   5.9424e-20  -0.00110787 -1.01882e-19  0.000734182  1.03461e-19 -4.31496e-05 -5.88533e-20 -0.000213115  1.59402e-20  6.73733e-05 -1.77456e-21  2.27051e-05  5.36742e-22 -6.98534e-06 -1.51688e-22
-3.53592e-05   1.7016e-21  0.000390848  9.49121e-21  -0.00149416 -7.07291e-20   0.00289837  1.78919e-19  -0.00295738 -2.52101e-19   0.00118633  2.03878e-19  0.000433043 -8.44561e-20 -0.000505528  1.48208e-20  2.95765e-05 -3.02935e-21  5.93107e-05  1.76398e-21 -4.60468e-06
-2.57085e-21 -0.000304338  9.49121e-21    0.0018217  3.22012e-20    -0.004973 -1.82165e-19   0.00726911  3.81707e-19  -0.00532701 -4.40588e-19  0.000740423   2.6432e-19   0.00149545 -6.12135e-20 -0.000696357 -1.18004e-22 -0.000118766 -2.98451e-21  7.81826e-05  2.17637e-21
  0.00013179 -1.85049e-20  -0.00149416  3.22012e-20   0.00592306  7.76262e-20   -0.0121163 -3.63215e-19    0.0134587  6.50025e-19  -0.00657832 -5.92595e-19   -0.0013043  2.22731e-19   0.00274979  1.19687e-20 -0.000537941 -2.10544e-20 -0.000301959 -1.39596e-21  5.70379e-05
 1.12656e-20  0.000801028 -7.07291e-20    -0.004973  7.76262e-20    0.0143067  1.50883e-19   -0.0226213 -6.27097e-19    0.0190167  9.54456e-19  -0.00495483  -6.4288e-19  -0.00460713   8.7526e-20   0.00348245  9.26798e-20 -3.70688e-05 -3.81538e-20 -0.000389004 -1.67983e-21
-0.000246322   5.9424e-20   0.00289837 -1.82165e-19   -0.0121163  1.50883e-19    0.0267623  2.64906e-19   -0.0334739 -9.96863e-19    0.0208656  1.24431e-18 -0.000244318 -5.78366e-19  -0.00787651 -5.94028e-20   0.00329618  1.38688e-19  0.000530912 -4.81198e-20 -0.000311093
-2.40257e-20  -0.00110787  1.78919e-19   0.00726911 -3.63215e-19   -0.0226213  2.64906e-19    0.0400841  4.39884e-19    -0.040515 -1.43795e-18    0.0178149  1.42496e-18   0.00591873 -4.46624e-19  -0.00993377  -1.3264e-19   0.00239686  1.61266e-19  0.000857918 -4.84763e-20
 0.000236718 -1.01882e-19  -0.00295738  3.81707e-19    0.0134587 -6.27097e-19   -0.0334739  4.39884e-19    0.0497012  6.62215e-19   -0.0416223 -1.79327e-18    0.0114409  1.41095e-18    0.0114794 -3.30618e-19   -0.0105018 -1.25487e-19   0.00130948   2.2909e-19   0.00076651
 2.98237e-20  0.000734182 -2.52101e-19  -0.00532701  6.50025e-19    0.0190167 -9.96863e-19    -0.040515  6.62215e-19    0.0531139   8.4976e-19    -0.038121 -1.88021e-18   0.00446404  1.21977e-18    0.0153941 -3.19257e-19   -0.0100385 -1.56351e-19  0.000498715  3.52021e-19
-8.17402e-05  1.03461e-19   0.00118633 -4.40588e-19  -0.00657832  9.54456e-19    0.0208656 -1.43795e-18   -0.0416223   8.4976e-19    0.0515195  9.04985e-19   -0.0331142 -1.66043e-18  -0.00129443  9.83964e-19    0.0177722 -4.61991e-19   -0.0091522 -5.76794e-19   0.00022526
-2.13048e-20 -4.31496e-05  2.03878e-19  0.000740423 -5.92595e-19  -0.00495483  1.24431e-18    0.0178149 -1.79327e-18    -0.038121  9.04985e-19    0.0481481  8.03343e-19   -0.0290265 -1.22221e-18  -0.00545116  1.00391e-18    0.0191851 -6.58506e-19  -0.00822748   -1.077e-18
-3.95873e-05 -5.88533e-20  0.000433043   2.6432e-19   -0.0013043  -6.4288e-19 -0.000244318  1.42496e-18    0.0114409 -1.88021e-18   -0.0331142  8.03343e-19    0.0456641  5.63533e-19   -0.0267511 -7.46178e-19   -0.0083755  1.75154e-18    0.0200695   4.2176e-19  -0.00683904
 7.36532e-21 -0.000213115 -8.44561e-20   0.00149545  2.22731e-19  -0.00460713 -5.78366e-19   0.00591873  1.41095e-18   0.00446404 -1.66043e-18   -0.0290265  5.63533e-19    0.0452004  2.42928e-19   -0.0263057 -1.43109e-18    -0.010431  5.10226e-18    0.0199529 -2.96721e-18
 3.38389e-05  1.59402e-20 -0.000505528 -6.12135e-20   0.00274979   8.7526e-20  -0.00787651 -4.46624e-19    0.0114794  1.21977e-18  -0.00129443 -1.22221e-18   -0.0267511  2.42928e-19    0.0470055  1.52397e-19   -0.0277233 -5.49651e-18   -0.0110414  7.55081e-18    0.0153342
 -3.9813e-22  6.73733e-05  1.48208e-20 -0.000696357  1.19687e-20   0.00348245 -5.94028e-20  -0.00993377 -3.30618e-19    0.0153941  9.83964e-19  -0.00545116 -7.46178e-19   -0.0263057  1.52397e-19    0.0514014  3.50403e-18   -0.0321784 -2.54635e-17  -0.00613644  4.66913e-17
 1.13186e-06 -1.77456e-21  2.95765e-05 -1.18004e-22 -0.000537941  9.26798e-20   0.00329618  -1.3264e-19   -0.0105018 -3.19257e-19    0.0177722  1.00391e-18   -0.0083755 -1.43109e-18   -0.0277233  3.50403e-18      0.06002  7.22117e-18   -0.0450182 -3.36707e-17   0.00892191
-3.24793e-22  2.27051e-05 -3.02935e-21 -0.000118766 -2.10544e-20 -3.70688e-05  1.38688e-19   0.00239686 -1.25487e-19   -0.0100385 -4.61991e-19    0.0191851  1.75154e-18    -0.010431 -5.49651e-18   -0.0321784  7.22117e-18    0.0791036   5.0256e-17   -0.0735471 -1.84103e-16
-3.81144e-06  5.36742e-22  5.93107e-05 -2.98451e-21 -0.000301959 -3.81538e-20  0.000530912  1.61266e-19   0.00130948 -1.56351e-19   -0.0091522 -6.58506e-19    0.0200695  5.10226e-18   -0.0110414 -2.54635e-17   -0.0450182   5.0256e-17     0.117694 -1.79135e-17   -0.0936552
 4.66032e-23 -6.98534e-06  1.76398e-21  7.81826e-05 -1.39596e-21 -0.000389004 -4.81198e-20  0.000857918   2.2909e-19  0.000498715 -5.76794e-19  -0.00822748   4.2176e-19    0.0199529  7.55081e-18  -0.00613644 -3.36707e-17   -0.0735471 -1.79135e-17     0.153451  3.28711e-16
 7.27482e-08 -1.51688e-22 -4.60468e-06  2.17637e-21  5.70379e-05 -1.67983e-21 -0.000311093 -4.84763e-20   0.00076651  3.52021e-19   0.00022526   -1.077e-18  -0.00683904 -2.96721e-18    0.0153342  4.66913e-17   0.00892191 -1.84103e-16   -0.0936552  3.28711e-16     0.108634
