 8.43446e-34 -1.58307e-36 -9.21074e-34 -4.28993e-36 -1.07243e-34  1.07846e-35  8.47413e-34  4.14032e-36 -1.04219e-33  1.35852e-35 -1.28615e-34 -1.85888e-36  2.92277e-34  2.61162e-36 -1.11901e-34 -1.70257e-36  1.13033e-34  -1.1614e-36  6.10634e-35  -2.6829e-36 -2.07243e-35  1.80592e-37 -5.70305e-36  9.11479e-38  1.33566e-36  2.39747e-37 -3.58085e-35 -4.38219e-38  1.99599e-34   2.9193e-38 -9.80657e-34  5.83595e-39  4.40679e-33  1.88001e-38 -1.78299e-32  -1.0782e-39  6.50357e-32  7.62845e-39 -2.13974e-31  1.79831e-39  6.34836e-31 -4.12861e-39 -1.69683e-30  1.63958e-38  4.07883e-30 -6.13954e-38 -8.79435e-30  2.04592e-37   1.6944e-29 -6.36228e-37 -2.90222e-29  1.84408e-36  4.38795e-29 -4.98033e-36 -5.79816e-29  1.25274e-35  6.59972e-29 -2.93308e-35 -6.32648e-29  6.38688e-35  4.90993e-29 -1.29215e-34 -2.83461e-29  2.42597e-34  9.12305e-30 -4.22094e-34  2.20442e-30  6.79534e-34 -4.78491e-30  -1.0105e-33  2.54678e-30  1.38529e-33 -7.56256e-32 -1.74697e-33 -6.79483e-31  2.02181e-33  3.20512e-31 -2.14178e-33  4.71607e-32  2.07092e-33 -8.79745e-32 -1.82216e-33  1.23795e-32  1.45428e-33  1.46842e-32  -1.0493e-33 -4.49943e-33  6.82119e-34 -1.87708e-33 -3.98123e-34  7.85668e-34   2.0785e-34  2.28932e-34 -9.66093e-35  -9.8673e-35  3.96718e-35  -2.4662e-35 -1.41707e-35  7.53207e-36  4.24979e-36  2.63191e-36 -9.74393e-37 -3.58439e-37  1.13974e-37 -1.82969e-37   3.0259e-38  5.85972e-40  -2.3559e-38  7.13283e-39   7.9937e-39  7.94867e-40 -1.70894e-39  -1.1696e-40  2.15348e-40 -2.54314e-41 -6.02602e-42 -4.14702e-43 -3.14277e-42  1.82945e-43  6.06033e-43  1.43091e-44 -5.03178e-44  1.48715e-46  1.80436e-45  -1.8108e-47 -1.35607e-47
-1.58307e-36  2.64014e-33 -9.76243e-36 -1.94341e-33 -1.29753e-35 -4.49606e-34  2.57055e-35  1.60049e-33  1.77596e-35 -2.05262e-33  3.63678e-35 -5.26854e-34 -6.57933e-36  4.24245e-34  1.52005e-35 -1.29937e-34 -2.35078e-36  2.68114e-34 -3.08864e-36  1.11368e-34 -5.96708e-36  -3.5646e-35  6.75219e-37 -4.77034e-35  5.10736e-38  2.09508e-34  4.80305e-37 -1.27979e-33 -1.15045e-37  6.76007e-33  9.01552e-38 -3.20165e-32  8.02642e-39  1.36636e-31  2.26416e-38 -5.25507e-31  4.05794e-40  1.82288e-30  1.78712e-38 -5.70364e-30  1.63259e-38  1.60881e-29  -5.4269e-38 -4.08544e-29  2.03549e-37  9.31988e-29 -7.22104e-37 -1.90391e-28  2.36412e-36  3.46769e-28 -7.22719e-36 -5.59715e-28  2.06164e-35   7.9395e-28 -5.48318e-35 -9.78023e-28  1.35843e-34  1.02772e-27 -3.13166e-34 -8.94703e-28  6.71009e-34   6.1035e-28 -1.33453e-33 -2.83002e-28  2.46009e-33  3.61457e-29 -4.19663e-33  6.92724e-29  6.61338e-33 -6.22975e-29 -9.60913e-33  1.81908e-29  1.28459e-32  8.12865e-30 -1.57633e-32 -8.89897e-30  1.77104e-32  1.56082e-30 -1.81671e-32  1.58716e-30  1.69629e-32 -7.96539e-31 -1.43702e-32 -1.42386e-31  1.10078e-32  1.75379e-31 -7.59829e-33  1.02767e-33   4.7106e-33 -2.73771e-32 -2.61509e-33  1.24557e-33  1.29667e-33  3.49704e-33 -5.72764e-34 -1.37207e-34  2.24366e-34 -3.44703e-34 -7.70437e-35 -9.45782e-36  2.24862e-35  2.63167e-35 -5.12743e-36  2.63029e-36  6.58298e-37 -1.17667e-36  1.05591e-37 -2.32389e-37 -9.61608e-38  1.81223e-38  3.22175e-38  8.96715e-39 -6.63679e-39  4.11531e-40  8.13276e-40 -1.09989e-40 -3.24492e-41  -1.2936e-41 -6.80481e-42 -1.28322e-43  1.25986e-42  5.15647e-44 -8.67652e-44  2.15064e-45  2.17831e-45  6.99046e-49
-9.21074e-34 -9.76243e-36  4.85643e-33 -3.31596e-35 -2.50027e-33   -2.376e-35  -1.0496e-33  3.73674e-35  1.97174e-33  4.16282e-35 -3.13848e-33  6.07789e-35 -1.03613e-33 -1.46954e-35  3.54473e-34  3.33384e-35  -7.0936e-35  1.92407e-36  4.45868e-34 -5.41658e-36  1.33676e-34 -8.91622e-36  6.68797e-35  1.31983e-36 -9.42013e-34 -5.54928e-38  5.68285e-33  8.15975e-37 -3.17837e-32 -1.88506e-37  1.59191e-31  1.81229e-37 -7.16756e-31  2.79397e-39  2.90706e-30   -1.058e-38 -1.06318e-29  1.06714e-38  3.50769e-29  1.35921e-38 -1.04375e-28  1.12961e-37  2.79846e-28 -4.13119e-37   -6.749e-28  1.51919e-36   1.4602e-27 -5.27735e-36 -2.82371e-27  1.71258e-35  4.85541e-27 -5.20192e-35 -7.37149e-27  1.47639e-34  9.78372e-27 -3.90806e-34 -1.11893e-26  9.63129e-34  1.07816e-26 -2.20615e-33 -8.41589e-27  4.68913e-33  4.89229e-27 -9.23298e-33 -1.59225e-27  1.68134e-32 -3.75032e-28 -2.82664e-32  8.35704e-28  4.37907e-32 -4.50943e-28 -6.23892e-32  1.61355e-29  8.15632e-32   1.2031e-28 -9.76056e-32 -5.80153e-29   1.0663e-31 -8.02121e-30 -1.06027e-31  1.59585e-29  9.56486e-32 -2.39105e-30 -7.80091e-32 -2.66263e-30  5.73107e-32  8.49918e-31   -3.779e-32  3.43306e-31  2.22917e-32 -1.51661e-31 -1.17344e-32  -4.1018e-32  5.50584e-33  1.88053e-32 -2.30321e-33  4.67883e-33  8.58912e-34  -1.5353e-33 -2.83763e-34 -4.91158e-34  8.09356e-35  7.37156e-35 -1.84634e-35  3.54663e-35  2.58163e-36 -2.46855e-37  2.05755e-37 -1.47547e-36 -2.59889e-37 -1.46463e-37  8.62835e-38  2.46485e-38  -1.6931e-38  5.04446e-39  1.95843e-39  8.46544e-41 -8.45903e-41 -3.99396e-41 -9.79101e-42 -3.05329e-42  1.68972e-42 -8.51067e-45 -9.19341e-44  3.37122e-45  1.33819e-45
-4.28993e-36 -1.94341e-33 -3.31596e-35  7.05214e-33 -7.53258e-35    -2.25e-33 -3.43204e-35 -1.53988e-33  3.75812e-35  1.73769e-33  6.81189e-35 -4.05926e-33  7.57019e-35 -1.48818e-33 -2.46543e-35  1.22352e-34  5.00094e-35  1.16343e-35  1.13042e-35  6.34811e-34 -7.23793e-36 -2.22657e-34 -1.03678e-35  2.93227e-33  1.93485e-36 -2.00282e-32 -4.32732e-39  1.18079e-31  1.34933e-36 -6.25038e-31 -1.96658e-37  2.97109e-30  2.94347e-37 -1.27109e-29 -2.57766e-38  4.90159e-29 -1.05381e-37 -1.70504e-28  4.98388e-38  5.35075e-28 -7.02338e-38 -1.51401e-27  5.27217e-37  3.85744e-27 -1.94505e-36 -8.83065e-27   7.0994e-36  1.81069e-26  -2.4779e-35 -3.31091e-26    8.175e-35  5.36655e-26 -2.53608e-34 -7.64657e-26  7.35634e-34  9.46479e-26  -1.9863e-33 -9.99782e-26  4.97567e-33   8.7542e-26 -1.15342e-32 -6.01211e-26  2.46936e-32  2.81293e-26 -4.87441e-32 -3.72401e-27  8.85795e-32 -6.86584e-27 -1.47962e-31  6.27327e-27  2.26806e-31 -1.87375e-27 -3.18463e-31 -8.07741e-28  4.08752e-31   9.1217e-28 -4.78445e-31 -1.67719e-28  5.09336e-31 -1.62108e-28 -4.91644e-31  8.42254e-29  4.28834e-31  1.40345e-29 -3.36738e-31 -1.85832e-29  2.37105e-31  6.62714e-32 -1.49116e-31   2.9347e-30  8.34773e-32 -1.70119e-31 -4.15126e-32 -3.75271e-31  1.83475e-32  1.77346e-32 -7.23602e-33  3.82874e-32  2.56244e-33  5.60727e-34 -8.15648e-34 -2.93885e-33  2.28537e-34 -2.73112e-34 -5.24155e-35  1.36192e-34  7.85934e-36  2.60959e-35  1.76786e-37 -2.39925e-36 -5.40605e-37  -1.0254e-36  1.78297e-37 -4.26735e-38 -3.29074e-38  1.31239e-38  3.50501e-39    1.548e-39 -1.47486e-40  8.04908e-42 -1.06033e-41 -6.51073e-42  1.64142e-42 -2.38965e-43  -6.5218e-44 -1.90756e-46
-1.07243e-34 -1.29753e-35 -2.50027e-33 -7.53258e-35  9.16624e-33 -1.24091e-34 -1.42325e-33 -4.93246e-35 -1.72862e-33  2.69303e-35  9.80433e-34  8.67322e-35 -4.50911e-33  7.44294e-35 -1.73588e-33 -3.24645e-35 -1.35177e-34  6.12372e-35 -5.49877e-35  2.22137e-35  1.70142e-33 -7.86515e-36 -8.10852e-33 -9.71794e-36  5.85311e-32  2.29524e-36 -3.67224e-31  4.69116e-37  2.05531e-30  2.10308e-36 -1.03188e-29 -6.85993e-38  4.65827e-29  4.24342e-37 -1.89438e-28   -1.061e-37  6.94775e-28 -2.80616e-37 -2.29909e-27  1.43548e-37  6.86282e-27 -2.04871e-37  -1.8462e-26  8.54638e-37  4.46823e-26 -2.68345e-36 -9.70372e-26  1.03158e-35  1.88397e-25 -4.31774e-35 -3.25328e-25  1.75368e-34  4.96153e-25 -6.54098e-34 -6.61719e-25  2.19973e-33  7.60773e-25 -6.65264e-33 -7.37307e-25  1.81352e-32  5.79324e-25 -4.47049e-32 -3.39531e-25  9.99359e-32  1.12117e-25 -2.03019e-31  2.52926e-26  3.75303e-31 -5.85675e-26 -6.31717e-31  3.21533e-26  9.68143e-31  -1.4176e-27 -1.35005e-30  -8.5426e-27  1.71086e-30   4.2345e-27 -1.96678e-30  5.35204e-28  2.04623e-30 -1.16334e-27 -1.92109e-30   1.8737e-28  1.62193e-30  1.93784e-28 -1.22656e-30 -6.51447e-29  8.27245e-31 -2.49578e-29 -4.95397e-31  1.17431e-29  2.62424e-31  2.96268e-30 -1.22739e-31 -1.46594e-30  5.08043e-32 -3.48207e-31 -1.87798e-32  1.24587e-31  6.29606e-33  3.69926e-32  -1.9362e-33 -6.17658e-33  5.36826e-34 -2.78212e-33  -1.2436e-34  4.36139e-35  1.96429e-35  1.20862e-34 -3.10211e-37  1.09181e-35 -9.25206e-37 -2.10491e-36  3.02637e-37 -4.09754e-37   -5.169e-38 -5.50249e-39  4.94455e-39  3.51036e-39 -1.91388e-40  2.48696e-40 -8.75694e-42 -2.42407e-44  1.17179e-42  -2.8313e-43 -2.85319e-44
 1.07846e-35 -4.49606e-34   -2.376e-35    -2.25e-33 -1.24091e-34  1.14695e-32 -1.54299e-34 -4.23533e-34  -7.5537e-35 -1.71628e-33  1.53332e-35 -9.91669e-35  9.26782e-35 -4.29954e-33  5.60453e-35 -1.69516e-33 -3.35949e-35 -8.27504e-35   6.7945e-35   -2.315e-33  3.04663e-35  2.04567e-32   -7.102e-36 -1.48143e-31  -6.9413e-36  9.85953e-31  2.01243e-36 -5.84284e-30  1.42455e-36  3.10014e-29  2.93827e-36  -1.4774e-28  2.15327e-37  6.33767e-28  5.60903e-37  -2.4509e-27 -2.32754e-37  8.55125e-27 -6.01396e-37 -2.69211e-26  1.81127e-37  7.64312e-26   1.5539e-36  -1.9543e-25 -1.02558e-35  4.49086e-25  4.62934e-35 -9.24538e-25 -1.63179e-34   1.6978e-24  4.72328e-34  -2.7645e-24 -1.11407e-33  3.95835e-24   1.9793e-33 -4.92555e-24 -1.71239e-33  5.23314e-24 -4.82058e-33 -4.61204e-24  3.14933e-32   3.1919e-24 -1.08316e-31 -1.50977e-24   2.8869e-31  2.09569e-25 -6.49968e-31  3.65279e-25  1.27801e-30 -3.40569e-25 -2.22967e-30  1.04612e-25  3.47998e-30   4.2901e-26 -4.87927e-30 -5.04245e-26  6.15647e-30  9.81037e-27 -6.99097e-30  8.88858e-27   7.1359e-30 -4.81674e-27 -6.53254e-30 -7.31642e-28  5.34617e-30  1.06392e-27 -3.89556e-30 -1.69958e-29  2.51535e-30 -1.69232e-28 -1.43193e-30  1.21351e-29  7.15422e-31  2.18167e-29  -3.1304e-31 -1.30036e-30  1.20451e-31 -2.27868e-30 -4.14049e-32   -4.053e-33  1.30942e-32  1.78157e-31 -3.91079e-33  1.49111e-32  1.08428e-33 -8.59947e-33  -2.5484e-34 -1.55377e-33  4.16125e-35  1.67293e-34 -1.64355e-36  6.37159e-35 -1.36088e-36  2.31724e-36  4.36723e-37 -8.67134e-37 -6.74923e-38 -9.78713e-38   5.6352e-39 -2.21587e-41 -1.94074e-40  4.33037e-40 -5.10882e-42  1.51011e-41  5.88813e-43  7.12906e-45
 8.47413e-34  2.57055e-35  -1.0496e-33 -3.43204e-35 -1.42325e-33 -1.54299e-34  1.40623e-32 -1.47458e-34  4.68415e-34 -1.08183e-34 -1.69877e-33  1.49283e-35 -1.29299e-33  8.89694e-35 -3.44956e-33  2.45795e-35 -1.72181e-33 -2.60191e-35   4.2203e-33  7.32622e-35 -4.15539e-32  3.38209e-35  3.31193e-31  -5.2789e-36 -2.33271e-30 -2.39874e-36  1.46475e-29  5.25405e-37 -8.21975e-29  2.55749e-36  4.13735e-28  3.58228e-36 -1.87281e-27  6.33281e-37  7.63801e-27  5.14096e-37 -2.80979e-26  2.39251e-37  9.32779e-26 -2.68554e-36 -2.79383e-25  2.20464e-36  7.54288e-25  1.30308e-35 -1.83253e-24 -1.06304e-34  3.99589e-24  5.06083e-34 -7.79152e-24  -1.8866e-33  1.35165e-23  5.92211e-33 -2.07157e-23 -1.60404e-32  2.77757e-23  3.76601e-32 -3.21189e-23 -7.57962e-32  3.13289e-23  1.26023e-31 -2.47995e-23 -1.54092e-31  1.46729e-23  6.34623e-32 -4.93234e-24  3.38111e-31 -1.04466e-24 -1.34406e-30  2.54993e-24  3.28699e-30 -1.42956e-24 -6.38705e-30  7.81696e-26   1.0546e-29  3.76533e-25 -1.51964e-29 -1.92957e-25  1.93459e-29 -2.15356e-26 -2.18807e-29  5.27717e-26  2.20274e-29 -9.22303e-27 -1.97267e-29 -8.75146e-27  1.56784e-29  3.12831e-27 -1.10159e-29  1.11911e-27  6.80731e-30 -5.67363e-28  -3.6776e-30  -1.3223e-28  1.72673e-30  7.17523e-29 -7.02318e-31   1.5873e-29  2.48763e-31 -6.29112e-30  -7.8644e-32 -1.73197e-30  2.33575e-32  3.26424e-31 -6.84211e-33  1.35733e-31  1.92611e-33 -3.69635e-33 -4.61027e-34  -6.1461e-33   7.6274e-35  -5.0304e-34 -3.95901e-36   1.1343e-34 -1.78572e-36  2.07742e-35  5.46984e-37  1.63067e-37 -7.40715e-38 -1.90429e-37   5.2096e-39 -1.26175e-38 -1.58402e-40  3.48254e-41 -1.43968e-42  1.54953e-41  1.80591e-43
 4.14032e-36  1.60049e-33  3.73674e-35 -1.53988e-33 -4.93246e-35 -4.23533e-34 -1.47458e-34  1.65874e-32 -1.08905e-34  1.13439e-33 -1.28047e-34 -1.83496e-33  3.22736e-35 -2.42278e-33  8.10723e-35 -1.61681e-33 -1.22943e-35  -8.5753e-33 -1.16794e-35  7.69631e-32  7.88395e-35 -6.57089e-31  3.24931e-35   4.9294e-30 -3.19761e-36 -3.28234e-29  3.31121e-36  1.94975e-28 -2.72167e-36  -1.0372e-27  3.24925e-36  4.95633e-27  3.63419e-36 -2.13228e-26  1.68322e-36  8.27112e-26 -2.24303e-36 -2.89514e-25  1.01251e-35  9.14573e-25 -3.22527e-35 -2.60596e-24  6.59918e-35  6.68896e-24 -4.82202e-35 -1.54336e-23  -4.0967e-34  3.19115e-23  2.83567e-33 -5.88734e-23 -1.19961e-32  9.63386e-23  4.02979e-32  -1.3868e-22 -1.14899e-31  1.73568e-22   2.8488e-31 -1.85587e-22 -6.18808e-31  1.64748e-22  1.17342e-30  -1.1502e-22 -1.91023e-30  5.51048e-23  2.55486e-30 -8.10209e-24   -2.447e-30 -1.31306e-23   5.0397e-31  1.25515e-23  4.54204e-30 -3.98576e-24   -1.356e-29 -1.53139e-24  2.62562e-29  1.89273e-24 -4.06732e-29 -3.92895e-25  5.34461e-29 -3.29265e-25 -6.09664e-29  1.87605e-25  6.09704e-29    2.521e-26 -5.36405e-29 -4.14054e-26  4.14986e-29  1.28601e-27 -2.81429e-29  6.61922e-27  1.66401e-29 -5.81321e-28  -8.5168e-30 -8.61825e-28  3.74308e-30  6.49076e-29 -1.40418e-30  9.18603e-29  4.51772e-31 -1.16222e-30  -1.2918e-31 -7.36417e-30  3.58308e-32 -5.31222e-31 -1.04877e-32  3.70693e-31  3.06354e-33  6.21752e-32 -7.48199e-34 -7.89895e-33  1.22635e-34 -2.69998e-33 -6.78463e-36   -7.969e-35 -2.16609e-36  3.92755e-35  6.01471e-37  4.16151e-36  -6.8099e-38 -2.11335e-38  3.84619e-39 -1.97164e-38 -1.07413e-40 -6.54806e-40  6.57121e-43  2.61348e-43
-1.04219e-33  1.77596e-35  1.97174e-33  3.75812e-35 -1.72862e-33  -7.5537e-35  4.68415e-34 -1.08905e-34  1.84785e-32 -6.31604e-35  1.57234e-33 -1.16083e-34 -2.13017e-33  6.54454e-35 -4.13093e-33  7.15166e-35  1.11992e-32  -4.5815e-35 -1.28951e-31  4.67696e-36  1.17444e-30  8.34208e-35 -9.38748e-30  2.83399e-35  6.63884e-29 -1.86302e-36 -4.17826e-28  9.39791e-36  2.35079e-27 -8.04987e-36 -1.18649e-26   3.0248e-36  5.38637e-26  1.45254e-36  -2.2035e-25  9.87262e-36  8.13237e-25 -3.39645e-35 -2.70904e-24  1.21931e-34  8.14364e-24 -3.76458e-34 -2.20716e-23  9.62089e-34  5.38432e-23 -1.87448e-33  -1.1792e-22  1.63432e-33  2.31004e-22  7.18054e-33 -4.02739e-22    -4.99e-32  6.20556e-22  1.95507e-31 -8.36875e-22 -6.00001e-31  9.73893e-22  1.55668e-30  -9.5671e-22 -3.50928e-30  7.63632e-22  6.93964e-30 -4.56732e-22  -1.2026e-29   1.5681e-22  1.80516e-29  3.04601e-23 -2.27711e-29 -7.97633e-23  2.22413e-29  4.58413e-23 -1.17227e-29 -3.09903e-24 -1.21452e-29 -1.19118e-23  4.86395e-29  6.34828e-24 -9.13898e-29  5.96482e-25  1.29586e-28  -1.7226e-24  -1.5212e-28  3.29404e-25  1.52671e-28  2.83362e-25 -1.32666e-28 -1.08727e-25  1.00188e-28 -3.57692e-26 -6.56593e-29  1.98038e-26  3.71432e-29   4.1929e-27 -1.79808e-29  -2.5419e-27  7.36506e-30 -5.13058e-28 -2.52401e-30  2.29406e-28  7.23676e-31  5.80419e-29 -1.82051e-31 -1.25319e-29  4.67911e-32 -4.75437e-30 -1.41957e-32  1.96784e-31  4.43406e-33  2.25265e-31 -1.10283e-33  1.63442e-32  1.74477e-34 -4.44553e-33 -8.94762e-36 -7.56472e-34 -2.50246e-36 -6.18203e-37  5.82463e-37  7.44348e-36 -5.12712e-38  4.61248e-37  2.16509e-39 -2.85616e-39 -6.35138e-41 -6.18413e-40  8.68781e-43
 1.35852e-35 -2.05262e-33  4.16282e-35  1.73769e-33  2.69303e-35 -1.71628e-33 -1.08183e-34  1.13439e-33 -6.31604e-35  1.93397e-32 -3.31373e-35   1.7569e-33 -6.98489e-35 -1.40745e-33  1.06319e-34 -2.07064e-32  5.95792e-35  1.94891e-31 -6.92544e-35 -1.90189e-30  1.81488e-35  1.62292e-29  8.41619e-35 -1.22063e-28  2.38166e-35  8.14851e-28 -2.01216e-36 -4.85284e-27  1.49877e-35  2.58864e-26 -1.57686e-35 -1.24061e-25  4.13675e-36  5.35374e-25 -1.65129e-35  -2.0835e-24  8.36396e-35  7.31814e-24 -3.22466e-34 -2.32028e-23  1.13625e-33  6.63709e-23 -3.56135e-33 -1.71065e-22  9.77823e-33  3.96437e-22 -2.28075e-32 -8.23541e-22  4.14909e-32  1.52696e-21   -4.017e-32  -2.5121e-21 -8.87712e-32  3.63719e-21  6.61105e-31 -4.58103e-21 -2.41581e-30  4.93268e-21  6.77182e-30 -4.41402e-21 -1.59314e-29  3.11211e-21  3.24511e-29 -1.51307e-21 -5.78632e-29  2.37687e-22  9.03105e-29  3.52593e-22 -1.22092e-28 -3.47351e-22  1.39093e-28  1.14612e-22 -1.24233e-28  4.05587e-23  6.52975e-29 -5.33537e-23  3.59876e-29  1.19036e-23 -1.59515e-28  9.10685e-24  2.71895e-28 -5.50354e-24 -3.40344e-28 -6.27844e-25  3.47929e-28  1.21105e-24 -3.00704e-28 -5.91746e-26  2.22417e-28 -1.94233e-25 -1.41058e-28  2.07625e-26  7.63458e-29  2.55418e-26 -3.49011e-29 -2.40968e-27  1.32616e-29 -2.77715e-27 -4.10237e-30  8.18244e-29  1.01814e-30  2.29134e-28 -2.13651e-31  1.33782e-29  5.02191e-32 -1.20478e-29 -1.70805e-32  -1.8487e-30  5.93384e-33  2.80865e-31 -1.49072e-33  8.60255e-32  2.20671e-34  1.81065e-33 -8.97342e-36 -1.34278e-33 -2.79251e-36  -1.3219e-34  4.93277e-37  1.50727e-36 -2.96362e-38    6.802e-37  8.19016e-40  2.12344e-38  -3.4024e-41 -3.43902e-41
-1.28615e-34  3.63678e-35 -3.13848e-33  6.81189e-35  9.80433e-34  1.53332e-35 -1.69877e-33 -1.28047e-34  1.57234e-33 -3.31373e-35  1.91805e-32 -2.49541e-35  4.21134e-34 -5.63813e-36  1.87729e-32  1.44987e-34 -2.71129e-31  4.40734e-35  2.80776e-30 -7.97181e-35 -2.56019e-29  2.59745e-35  2.05125e-28  7.89719e-35 -1.45427e-27  2.12775e-35  9.17657e-27 -3.79301e-36 -5.17722e-26  1.99058e-35   2.6207e-25 -2.96187e-35 -1.19342e-24  2.94771e-35  4.89815e-24 -1.56279e-34 -1.81403e-23  6.69011e-34  6.06514e-23 -2.57146e-33 -1.83038e-22  8.96546e-33  4.98146e-22 -2.81715e-32 -1.22058e-21  7.91441e-32  2.68575e-21 -1.95846e-31 -5.28777e-21  4.13846e-31  9.26855e-21 -6.91114e-31 -1.43643e-20  6.64211e-31  1.94938e-20  8.99973e-31  -2.2843e-20 -7.03922e-30  2.26158e-20  2.37035e-29 -1.82187e-20 -6.02111e-29  1.10306e-20  1.27547e-28 -3.88049e-21 -2.32996e-28 -6.71733e-22  3.71272e-28  1.93041e-21 -5.15869e-28 -1.14188e-21  6.17849e-28  9.46493e-23 -6.18919e-28  2.91178e-22  4.78347e-28 -1.62391e-22 -2.01564e-28 -1.19354e-23 -1.48988e-28  4.35667e-23  4.73726e-28 -9.17959e-24  -6.7992e-28 -7.07726e-24  7.24395e-28  2.94349e-24 -6.28339e-28   8.7559e-25   4.5695e-28 -5.37803e-25 -2.80872e-28 -1.01155e-25   1.4546e-28    7.009e-26 -6.27017e-29  1.26236e-26   2.1993e-29  -6.5103e-27 -6.04836e-30 -1.49372e-27   1.2375e-30  3.75244e-28 -1.89826e-31  1.28624e-28   3.9462e-32 -7.53694e-30 -1.84292e-32  -6.4115e-30  7.45996e-33 -3.97251e-31  -1.8615e-33   1.3599e-31  2.48191e-34  2.12775e-32 -5.87617e-36 -1.64841e-34 -2.98721e-36 -2.26509e-34  3.57226e-37 -1.30227e-35 -1.04457e-38  1.38585e-37  1.10148e-40  1.92775e-38 -1.48517e-41
-1.85888e-36 -5.26854e-34  6.07789e-35 -4.05926e-33  8.67322e-35 -9.91669e-35  1.49283e-35 -1.83496e-33 -1.16083e-34   1.7569e-33 -2.49541e-35  1.95776e-32 -2.96205e-35 -2.34601e-32  5.26319e-35   3.3182e-31  1.73433e-34 -3.78903e-30  2.50083e-35  3.70068e-29 -7.79835e-35 -3.16369e-28  2.82868e-35  2.38541e-27  6.80246e-35 -1.59659e-26  2.27255e-35  9.53487e-26 -7.47843e-36 -5.10111e-25  2.95687e-35  2.45231e-24 -8.15302e-35 -1.06176e-23  2.42773e-34  4.14647e-23 -1.14953e-33 -1.46181e-22  4.76264e-33  4.65301e-22 -1.79767e-32 -1.33653e-21  6.17545e-32  3.46007e-21 -1.92504e-31 -8.05648e-21  5.41887e-31  1.68206e-20 -1.36579e-30 -3.13561e-20  3.03498e-30  5.18856e-20  -5.7645e-30 -7.55959e-20   8.6677e-30  9.58688e-20  -7.5711e-30 -1.04021e-19  -8.6904e-30  9.39073e-20  6.25426e-29  -6.6937e-20  -1.8922e-28  3.30902e-20  4.30031e-28  -5.5923e-21 -8.12486e-28 -7.48237e-21  1.31927e-27  7.64072e-21 -1.86058e-27 -2.63242e-21  2.27442e-27 -8.41315e-22  -2.3744e-27  1.19542e-21  2.03733e-27 -2.88483e-22 -1.28666e-27 -1.98837e-22    3.129e-28  1.28691e-22  5.98248e-28  1.17166e-23 -1.19699e-27 -2.81673e-23  1.38047e-27  1.95947e-24 -1.21611e-27  4.52382e-24  8.73336e-28 -5.85462e-25 -5.21069e-28 -6.00438e-25  2.58248e-28  7.03002e-26 -1.04829e-28  6.66273e-26  3.37685e-29 -3.28146e-27 -8.09383e-30 -5.67293e-27  1.24169e-30  -2.4061e-28 -7.48451e-32  3.12278e-28   1.0071e-32  4.30752e-29 -1.81401e-32 -7.96164e-30  8.94066e-33  -2.1767e-30 -2.15838e-33 -2.36487e-32  2.46984e-34  3.66481e-32  1.17182e-37  3.31726e-33 -2.99202e-36 -6.41073e-35  2.09604e-37 -1.87587e-35  1.46856e-39 -5.42787e-37 -7.77218e-41  1.70056e-39
 2.92277e-34 -6.57933e-36 -1.03613e-33  7.57019e-35 -4.50911e-33  9.26782e-35 -1.29299e-33  3.22736e-35 -2.13017e-33 -6.98489e-35  4.21134e-34 -2.96205e-35  4.29288e-32 -3.42786e-35 -3.81641e-31  8.60161e-35  4.67662e-30  1.87302e-34 -4.91493e-29  2.93626e-36  4.49262e-28 -6.71798e-35 -3.60822e-27  2.73218e-35  2.56482e-26  5.37041e-35 -1.62293e-25  3.04263e-35  9.18319e-25 -1.90676e-35 -4.66303e-24  8.50453e-35  2.13048e-23 -3.85803e-34 -8.77481e-23  1.67576e-33  3.26183e-22 -7.49392e-33 -1.09488e-21  3.03145e-32  3.31805e-21 -1.12041e-31 -9.07044e-21  3.77981e-31  2.23302e-20 -1.16179e-30 -4.93833e-20  3.24303e-30  9.77531e-20 -8.17656e-30 -1.72339e-19  1.84496e-29  2.68766e-19 -3.66473e-29 -3.67236e-19  6.19928e-29  4.33585e-19 -8.21575e-29 -4.32951e-19  5.95651e-29  3.52336e-19  8.37263e-29 -2.16251e-19 -4.70207e-28  7.81919e-20  1.24111e-27  1.16194e-20 -2.48678e-27 -3.78046e-20   4.1455e-27  2.31129e-20 -5.92336e-27 -2.32421e-21  7.31286e-27 -5.74972e-21 -7.75829e-27  3.37798e-21  6.92304e-27  1.69852e-22  -4.9129e-27 -8.92666e-22  2.29214e-27  2.08484e-22  1.56415e-28  1.42434e-22 -1.79739e-27 -6.48845e-23  2.40768e-27 -1.71051e-23 -2.18856e-27    1.188e-23  1.55944e-27  1.92681e-24 -9.04425e-28 -1.57204e-24  4.29016e-28 -2.45652e-25 -1.63813e-28  1.50343e-25  4.82158e-29  3.07462e-26  -9.8055e-30 -9.14818e-27  8.82696e-31 -2.80686e-27   1.5468e-31  2.23601e-28 -3.74548e-32  1.48108e-28 -1.69034e-32  7.37672e-30  1.03281e-32 -3.38929e-30 -2.33052e-33 -4.82801e-31  2.14484e-34  8.82937e-33  7.43197e-36  5.61343e-33 -2.72713e-36  2.95523e-34  8.52721e-38 -4.85593e-36  5.51708e-39 -4.89149e-37 -4.44946e-41
 2.61162e-36  4.24245e-34 -1.46954e-35 -1.48818e-33  7.44294e-35 -4.29954e-33  8.89694e-35 -2.42278e-33  6.54454e-35 -1.40745e-33 -5.63813e-36 -2.34601e-32 -3.42786e-35  4.15385e-31 -3.06733e-35 -5.30967e-30   8.6583e-35  6.00998e-29  1.85979e-34 -5.88797e-28 -2.22478e-35  5.04617e-27 -5.12533e-35 -3.81477e-26  2.60253e-35   2.5604e-25  3.88579e-35 -1.53359e-24  5.18211e-35  8.23033e-24 -8.17233e-35 -3.96979e-23  4.32992e-34  1.72482e-22 -2.19354e-33 -6.76104e-22  1.01566e-32  2.39299e-21 -4.39845e-32 -7.64901e-21  1.73891e-31  2.20692e-20 -6.29009e-31 -5.74051e-20  2.08069e-30   1.3434e-19 -6.28614e-30 -2.81999e-19  1.73062e-29  5.28743e-19 -4.32531e-29   -8.804e-19  9.75325e-29  1.29144e-18 -1.96393e-28    -1.65e-18   3.4666e-28  1.80527e-18 -5.16387e-28 -1.64556e-18  5.86981e-28  1.18719e-18 -3.03399e-28  -5.9789e-19 -7.33731e-28  1.09276e-19  2.97346e-27  1.30036e-19 -6.68396e-27 -1.38554e-19  1.16442e-26  5.00736e-20 -1.69353e-26  1.41168e-20  2.10575e-26  -2.2075e-20  -2.2466e-26  5.79398e-21  2.03327e-26  3.54856e-21 -1.50875e-26 -2.48685e-21  8.33163e-27 -1.62409e-22 -2.09824e-27  5.40025e-22 -2.09829e-27 -5.04625e-23   3.8335e-27 -8.66594e-23 -3.67443e-27  1.35182e-23  2.61078e-27  1.15969e-23 -1.47357e-27 -1.67269e-24  6.69058e-28 -1.31421e-24 -2.40133e-28  9.54876e-26  6.42713e-29  1.15764e-25 -1.06773e-29  2.77831e-27  5.77263e-32  -6.6894e-27  4.96641e-31 -8.10495e-28 -9.66235e-32  1.86393e-28 -1.59474e-32  4.52761e-29  1.15575e-32 -6.12408e-32 -2.34514e-33 -8.27501e-31  1.57392e-34 -6.79854e-32  1.37805e-35  2.00478e-33 -2.20113e-36  4.28215e-34  6.15709e-39  1.13153e-35   4.4759e-39  -5.7883e-38
-1.11901e-34  1.52005e-35  3.54473e-34 -2.46543e-35 -1.73588e-33  5.60453e-35 -3.44956e-33  8.10723e-35 -4.13093e-33  1.06319e-34  1.87729e-32  5.26319e-35 -3.81641e-31 -3.06733e-35  5.55231e-30 -1.63579e-35 -6.77773e-29  5.69224e-35  7.13431e-28  1.71708e-34 -6.53778e-27 -5.13238e-35  5.26461e-26 -3.37171e-35 -3.75268e-25  2.74665e-35   2.3816e-24   2.1325e-35 -1.35183e-23  1.26113e-34  6.88718e-23 -4.33685e-34 -3.15776e-22   2.3747e-33  1.30546e-21 -1.19814e-32   -4.872e-21  5.51899e-32  1.64225e-20 -2.33513e-31 -4.99915e-20  9.03878e-31  1.37311e-19 -3.20292e-30 -3.39759e-19  1.03878e-29  7.55452e-19   -3.081e-29 -1.50408e-18  8.34336e-29  2.66828e-18 -2.05717e-28 -4.18937e-18  4.59783e-28  5.76658e-18 -9.24877e-28 -6.86427e-18  1.65447e-27  6.91823e-18 -2.57477e-27  -5.6931e-18  3.32576e-27  3.54724e-18 -3.10835e-27 -1.32216e-18  6.84437e-28 -1.60008e-19  5.29199e-27  6.17249e-19 -1.55522e-26 -3.91766e-19  2.93339e-26  4.72599e-20 -4.39046e-26  9.44484e-20  5.50798e-26 -5.88742e-20 -5.88473e-26 -1.43448e-21  5.33871e-26  1.52628e-20 -4.02378e-26 -3.97183e-21  2.37086e-26 -2.37606e-21 -8.77957e-27  1.19936e-21 -1.18873e-27  2.73178e-22   5.5386e-27 -2.19843e-22 -5.77203e-27  -2.9472e-23  4.11007e-27  2.95312e-23 -2.25927e-27  3.84978e-24  9.81916e-28 -2.90916e-24 -3.31208e-28  -5.1849e-25  8.02924e-29  1.86862e-25 -1.02907e-29  5.07918e-26 -1.23895e-30 -5.37523e-27  9.17984e-31 -2.85794e-27 -1.56501e-31 -1.02412e-28 -1.64392e-32  7.08252e-29  1.25084e-32  9.08296e-30 -2.19634e-33 -2.86161e-31  8.95818e-35 -1.16621e-31  1.72289e-35 -5.52681e-33 -1.53201e-36  1.33334e-34 -2.55942e-38  1.04158e-35  1.95498e-39
-1.70257e-36 -1.29937e-34  3.33384e-35  1.22352e-34 -3.24645e-35 -1.69516e-33  2.45795e-35 -1.61681e-33  7.15166e-35 -2.07064e-32  1.44987e-34   3.3182e-31  8.60161e-35 -5.30967e-30 -1.63579e-35  7.05547e-29  8.19994e-36 -8.00175e-28  6.73561e-36  7.85837e-27  1.48413e-34 -6.75264e-26 -8.45144e-35   5.1191e-25 -1.70792e-35 -3.44604e-24  3.70849e-35  2.07055e-23 -2.49725e-35 -1.11491e-22  4.38236e-34  5.39665e-22  -2.1812e-33 -2.35357e-21  1.18978e-32  9.26237e-21 -5.93074e-32 -3.29216e-20  2.69835e-31  1.05704e-19 -1.12251e-30 -3.06438e-19  4.26936e-30  8.01141e-19 -1.48562e-29 -1.88502e-18  4.73038e-29  3.97991e-18 -1.37775e-28  -7.5088e-18  3.66654e-28   1.2587e-17 -8.89777e-28 -1.85989e-17  1.96247e-27  2.39546e-17 -3.91319e-27 -2.64465e-17  6.99459e-27  2.43618e-17 -1.10453e-26 -1.78101e-17  1.49885e-26  9.15507e-18 -1.63992e-26 -1.81615e-18  1.15991e-26 -1.89596e-18  3.23954e-27  2.12403e-18 -2.99491e-26  -8.0877e-19  6.60301e-26 -1.95229e-19 -1.03744e-25  3.44463e-19  1.32042e-25 -9.88047e-20 -1.41164e-25 -5.29639e-20  1.27609e-25  4.07132e-20 -9.62809e-26  1.50103e-21  5.81204e-26 -8.74654e-21 -2.45972e-26  1.05734e-21  2.61943e-27  1.39862e-21  7.17428e-27 -2.62164e-22 -8.50604e-27 -1.88418e-22  6.09796e-27   3.3326e-23 -3.26516e-27  2.18229e-23  1.35852e-27 -2.19442e-24 -4.30963e-28 -1.99408e-24  9.44207e-29 -5.46091e-27 -8.48962e-30  1.21322e-25 -2.89067e-30  1.24971e-26  1.36089e-30 -3.69183e-27 -2.05323e-31 -7.92121e-28 -1.88663e-32  1.28041e-29  1.30053e-32  1.58364e-29   -1.908e-33  1.16102e-30  2.70101e-35 -4.98387e-32  1.70639e-35 -8.28601e-33 -8.91608e-37 -1.96068e-34 -2.47115e-38  1.52963e-36
 1.13033e-34 -2.35078e-36  -7.0936e-35  5.00094e-35 -1.35177e-34 -3.35949e-35 -1.72181e-33 -1.22943e-35  1.11992e-32  5.95792e-35 -2.71129e-31  1.73433e-34  4.67662e-30   8.6583e-35 -6.77773e-29  8.19994e-36  8.31321e-28  4.23041e-35 -8.77212e-27 -5.07831e-35  8.05985e-26  1.20586e-34 -6.50846e-25 -1.20066e-34   4.6531e-24 -3.34666e-36 -2.96235e-23  6.90926e-35   1.6871e-22 -1.96747e-34 -8.62571e-22  1.65087e-33  3.96975e-21  -9.4497e-33 -1.64769e-20  5.20578e-32  6.17528e-20 -2.60143e-31 -2.09093e-19  1.18027e-30  6.39542e-19 -4.87126e-30 -1.76557e-18  1.83206e-29  4.39241e-18 -6.28816e-29 -9.82325e-18  1.97154e-28  1.96797e-17 -5.64822e-28 -3.51466e-17  1.47793e-27  5.55839e-17 -3.52744e-27   -7.712e-17  7.66074e-27  9.26141e-17 -1.50782e-26 -9.42882e-17  2.67251e-26  7.85386e-17 -4.22091e-26   -4.975e-17  5.83098e-26  1.91674e-17  -6.7864e-26  1.73814e-18  6.03773e-26 -8.58152e-18 -2.55192e-26  5.68106e-18 -4.08564e-26 -8.13154e-19  1.30947e-25 -1.31723e-18 -2.23834e-25  8.78128e-19   2.9184e-25 -3.70794e-21 -3.12687e-25 -2.22324e-19  2.80804e-25  6.47743e-20 -2.10333e-25  3.34777e-20  1.27441e-25 -1.89792e-20 -5.69383e-26 -3.60824e-21  1.19124e-26  3.47918e-21   8.1299e-27   3.6065e-22 -1.17887e-26 -4.74248e-22  8.53975e-27 -4.85276e-23  -4.4521e-27  4.81417e-23  1.77388e-27  7.24828e-24  -5.3036e-28 -3.26323e-24  1.05117e-28 -7.75823e-25 -5.49307e-30  1.07897e-25 -4.67608e-30  4.69831e-26   1.7587e-30  9.23454e-28 -2.34417e-31 -1.26619e-27 -2.27512e-32 -1.44133e-28  1.28711e-32  6.99544e-30 -1.52908e-33  2.07215e-30 -1.79843e-35  8.63472e-32  1.39747e-35  -3.0034e-33  -4.1495e-37 -1.89833e-34 -1.17575e-38
 -1.1614e-36  2.68114e-34  1.92407e-36  1.16343e-35  6.12372e-35 -8.27504e-35 -2.60191e-35  -8.5753e-33  -4.5815e-35  1.94891e-31  4.40734e-35 -3.78903e-30  1.87302e-34  6.00998e-29  5.69224e-35 -8.00175e-28  4.23041e-35  9.09916e-27  8.58384e-35 -8.95972e-26 -1.01952e-34  7.72061e-25  9.24544e-35 -5.87032e-24 -1.54459e-34  3.96422e-23  1.08981e-35 -2.38988e-22  1.16058e-34  1.29142e-21 -5.46436e-34 -6.27461e-21  4.80129e-33  2.74741e-20 -3.18151e-32 -1.08582e-19  1.87973e-31  3.87677e-19 -9.78825e-31 -1.25071e-18  4.53971e-30  3.64433e-18 -1.89051e-29 -9.57944e-18  7.11114e-29  2.26706e-17 -2.42622e-28  -4.8163e-17   7.5295e-28  9.14761e-17 -2.12892e-27 -1.54451e-16   5.4874e-27  2.30021e-16 -1.28886e-26 -2.98837e-16  2.75423e-26  3.33161e-16  -5.3392e-26 -3.10422e-16  9.34328e-26  2.30237e-16 -1.46418e-25 -1.21027e-16  2.02705e-25  2.61174e-17  -2.4174e-25  2.35851e-17  2.34834e-25  -2.8035e-17 -1.55645e-25  1.12941e-17 -3.90239e-27  2.24197e-18  2.20566e-25 -4.62443e-18 -4.40279e-25  1.45586e-18  5.97134e-25  6.71106e-19 -6.43424e-25 -5.74875e-19  5.73254e-25 -3.25947e-21 -4.24044e-25   1.2179e-19   2.5476e-25 -1.85656e-20 -1.15841e-25 -1.93393e-20  2.99692e-26  4.35084e-21  7.61021e-27  2.61709e-21 -1.54013e-26 -5.66896e-22  1.12959e-26 -3.10038e-22 -5.72722e-27    4.162e-23   2.1873e-27  2.94801e-23 -6.18998e-28 -6.48884e-25  1.11676e-28 -1.89499e-24 -1.87807e-30 -1.57809e-25  -6.3268e-30   6.2947e-26  2.05441e-30  1.18348e-26 -2.40594e-31 -4.08086e-28  -2.6844e-32 -2.61282e-28  1.20083e-32 -1.66939e-29 -1.12166e-33  1.02678e-30 -4.04222e-35  1.38204e-31  9.52436e-36  2.84904e-33 -1.42551e-37 -3.31177e-35
 6.10634e-35 -3.08864e-36  4.45868e-34  1.13042e-35 -5.49877e-35   6.7945e-35   4.2203e-33 -1.16794e-35 -1.28951e-31 -6.92544e-35  2.80776e-30  2.50083e-35 -4.91493e-29  1.85979e-34  7.13431e-28  6.73561e-36 -8.77212e-27  8.58384e-35  9.28097e-26  1.38715e-34  -8.5513e-25 -1.35187e-34  6.92588e-24  6.86744e-35 -4.96717e-23 -1.96473e-34   3.1729e-22  1.30969e-34 -1.81344e-21  -4.2037e-34  9.30667e-21  1.64927e-33  -4.3003e-20  5.63706e-34  1.79248e-19 -5.13853e-32 -6.74827e-19  4.64261e-31  2.29591e-18 -2.89585e-30 -7.05825e-18  1.47007e-29  1.95917e-17 -6.41509e-29 -4.90235e-17  2.46823e-28  1.10318e-16 -8.48918e-28 -2.22484e-16  2.63115e-27  4.00201e-16 -7.38429e-27 -6.37863e-16   1.8815e-26  8.92596e-16 -4.35696e-26 -1.08218e-15  9.16597e-26  1.11382e-15 -1.74859e-25 -9.40076e-16  3.01387e-25  6.06277e-16 -4.66438e-25 -2.42054e-16  6.41457e-25   -1.402e-17 -7.69497e-25  1.03175e-16   7.7579e-25 -7.16051e-17 -5.97366e-25  1.20368e-17   2.2249e-25   1.5825e-17   2.8278e-25 -1.13848e-17 -7.84781e-25  4.04055e-19  1.13428e-24  2.80059e-18 -1.23576e-24 -9.17933e-19  1.09198e-24 -4.03223e-19 -7.94745e-25  2.61033e-19  4.69547e-25  3.93487e-20 -2.12795e-25 -4.77989e-20  6.00449e-26 -3.38586e-21  4.86089e-27  6.60806e-21 -1.90059e-26  4.75309e-22  1.41057e-26 -6.91431e-22 -6.94358e-27 -8.39062e-23  2.54729e-27  4.94453e-23  -6.8747e-28  1.01076e-23  1.14477e-28 -1.84729e-24  1.58218e-30 -6.67065e-25 -7.60201e-30 -4.42093e-28  2.21381e-30  1.96505e-26 -2.26149e-31  1.94728e-27 -2.96638e-32 -1.38951e-28  1.04633e-32 -3.19405e-29 -7.45128e-34 -1.13018e-30 -4.30258e-35  5.71494e-32  5.30796e-36  3.00364e-33 -2.98641e-38
 -2.6829e-36  1.11368e-34 -5.41658e-36  6.34811e-34  2.22137e-35   -2.315e-33  7.32622e-35  7.69631e-32  4.67696e-36 -1.90189e-30 -7.97181e-35  3.70068e-29  2.93626e-36 -5.88797e-28  1.71708e-34  7.85837e-27 -5.07831e-35 -8.95972e-26  1.38715e-34  8.84718e-25  2.00008e-34 -7.64636e-24 -1.44378e-34  5.83225e-23  6.96935e-35 -3.95173e-22 -4.05085e-34  2.39083e-21  1.48463e-33 -1.29682e-20 -7.90189e-33  6.32612e-20  3.66667e-32 -2.78176e-19 -1.33195e-31  1.10437e-18   3.4174e-31 -3.96195e-18 -1.87592e-31  1.28473e-17  -4.4243e-30 -3.76383e-17  3.49215e-29  9.95104e-17 -1.79644e-28 -2.36963e-16  7.45918e-28  5.06772e-16 -2.66018e-27 -9.69412e-16   8.3684e-27  1.64948e-15 -2.35379e-26 -2.47737e-15  5.96326e-26  3.24869e-15 -1.36606e-25 -3.66017e-15  2.83383e-25   3.4527e-15  -5.3213e-25  -2.6012e-15  9.02366e-25  1.40084e-15  -1.3754e-24 -3.29196e-16  1.86892e-24 -2.53252e-16  -2.2318e-24  3.22993e-16  2.27939e-24 -1.38221e-16 -1.87205e-24 -2.12461e-17  1.00608e-24  5.41301e-17  1.39907e-25 -1.87794e-17 -1.25025e-24 -7.28238e-18  2.00408e-24  7.09465e-18 -2.22402e-24 -2.01731e-19  1.94986e-24 -1.47659e-18 -1.39219e-24   2.7891e-19  8.03732e-25  2.31792e-19 -3.57969e-25 -6.26725e-20  1.04094e-25 -3.14106e-20 -4.80175e-28  8.35543e-21 -2.21863e-26  3.80923e-21  1.65945e-26 -6.69471e-22 -7.91505e-27 -3.78388e-22  2.80127e-27  1.93915e-23 -7.29724e-28  2.58052e-23  1.14796e-28  1.59016e-24  4.17219e-30 -9.35889e-25 -8.34822e-30 -1.52394e-25  2.22886e-30  8.81247e-27 -1.97014e-31  3.76207e-27 -3.01009e-32  2.02166e-28  8.43758e-33  -1.7996e-29 -4.41679e-34 -2.01081e-30 -3.34642e-35 -3.46144e-32  2.29895e-36  6.06517e-34
-2.07243e-35 -5.96708e-36  1.33676e-34 -7.23793e-36  1.70142e-33  3.04663e-35 -4.15539e-32  7.88395e-35  1.17444e-30  1.81488e-35 -2.56019e-29 -7.79835e-35  4.49262e-28 -2.22478e-35 -6.53778e-27  1.48413e-34  8.05985e-26 -1.01952e-34  -8.5513e-25  2.00008e-34  7.90248e-24  2.67778e-34 -6.42064e-23 -1.42953e-34  4.62029e-22  2.69008e-34 -2.96185e-21 -2.17401e-33  1.69922e-20   1.3082e-32  -8.7555e-20 -7.12493e-32  4.06288e-19  3.33655e-31 -1.70118e-18 -1.33235e-30  6.43539e-18  4.47856e-30 -2.20067e-17 -1.19628e-29  6.80231e-17  2.02543e-29 -1.89909e-16  1.72236e-29  4.78152e-16 -3.37173e-28 -1.08314e-15  1.82985e-27  2.20002e-15 -7.25632e-27 -3.98788e-15  2.39338e-26  6.40941e-15 -6.86318e-26 -9.05168e-15  1.74553e-25  1.10872e-14  -3.9773e-25 -1.15463e-14  8.15979e-25  9.88492e-15 -1.51002e-24     -6.5e-15  2.51886e-24  2.69535e-15 -3.77533e-24  6.21869e-17  5.05202e-24 -1.08518e-15 -5.96728e-24  7.93983e-16  6.09172e-24 -1.55294e-16 -5.14237e-24 -1.65445e-16  3.17569e-24   1.2982e-16 -6.49573e-25 -9.02389e-18 -1.72585e-24 -3.08425e-17  3.29745e-24  1.14327e-17 -3.76424e-24  4.17777e-18  3.27664e-24 -3.15583e-18 -2.28904e-24 -3.45833e-19  1.28412e-24  5.76429e-19 -5.55926e-25  2.03329e-20  1.61149e-25 -8.07606e-20 -8.01214e-27 -3.13109e-21 -2.45025e-26   8.7125e-21  1.83099e-26  7.86509e-22 -8.44793e-27 -6.57239e-22    2.908e-27   -1.127e-22 -7.44457e-28  2.74002e-23  1.14194e-28  8.25403e-24   5.4741e-30 -1.82526e-25 -8.52188e-30 -2.67566e-25  2.11298e-30 -2.24297e-26 -1.60334e-31  2.32801e-27 -2.78124e-32   4.3142e-28  6.23691e-33  1.22388e-29 -2.28611e-34 -9.36969e-31 -2.02317e-35  -4.1683e-32  6.72141e-37
 1.80592e-37  -3.5646e-35 -8.91622e-36 -2.22657e-34 -7.86515e-36  2.04567e-32  3.38209e-35 -6.57089e-31  8.34208e-35  1.62292e-29  2.59745e-35 -3.16369e-28 -6.71798e-35  5.04617e-27 -5.13238e-35 -6.75264e-26  1.20586e-34  7.72061e-25 -1.35187e-34 -7.64636e-24  2.67778e-34  6.62944e-23  3.43437e-34 -5.07359e-22 -2.65495e-34  3.44995e-21    2.002e-33 -2.09516e-20 -1.55096e-32  1.14101e-19  9.59194e-32 -5.58982e-19 -5.07777e-31  2.46913e-18  2.33419e-30 -9.84975e-18 -9.38125e-30  3.55173e-17  3.29307e-29 -1.15799e-16  -9.9494e-29  3.41223e-16  2.48341e-28 -9.07738e-16 -4.49899e-28  2.17592e-15  2.10723e-28 -4.68658e-15  2.74677e-27  9.03378e-15 -1.59832e-26  -1.5499e-14  5.99291e-26  2.34896e-14 -1.81199e-25  -3.1113e-14  4.70307e-25  3.54531e-14 -1.07519e-24 -3.38913e-14  2.19165e-24  2.59676e-14 -4.00601e-24 -1.43524e-14  6.57755e-24  3.67329e-15 -9.68784e-24  2.36492e-15  1.27403e-23 -3.28242e-15 -1.48233e-23  1.49799e-15   1.5002e-23  1.60808e-16 -1.27649e-23 -5.57996e-16  8.39528e-24  2.14205e-16 -3.00128e-24   6.7843e-17 -1.90011e-24 -7.72953e-17  5.05563e-24  5.07915e-18 -6.01285e-24  1.57312e-17  5.20058e-24 -3.64002e-18 -3.54497e-24 -2.42642e-18  1.92181e-24   7.9223e-19 -8.00708e-25  3.27739e-19  2.25865e-25  -1.0792e-19 -1.63528e-26  -4.0724e-20 -2.55398e-26  9.30333e-21  1.87913e-26  4.24823e-21 -8.38498e-27 -3.67759e-22  2.84904e-27  -3.0903e-22 -7.34861e-28 -1.15829e-23  1.13717e-28  1.22513e-23  5.48526e-30  1.69723e-24  -8.1731e-30 -1.50915e-25  1.89313e-30 -4.76823e-26 -1.22538e-31 -2.03123e-27 -2.32829e-32  2.73191e-28  4.17983e-33  2.57316e-29 -9.97632e-35  3.43258e-31 -9.29284e-36 -9.59333e-33
-5.70305e-36  6.75219e-37  6.68797e-35 -1.03678e-35 -8.10852e-33   -7.102e-36  3.31193e-31  3.24931e-35 -9.38748e-30  8.41619e-35  2.05125e-28  2.82868e-35 -3.60822e-27 -5.12533e-35  5.26461e-26 -8.45144e-35 -6.50846e-25  9.24544e-35  6.92588e-24 -1.44378e-34 -6.42064e-23  3.43437e-34   5.2342e-22  4.68708e-34 -3.77997e-21  -1.4787e-33  2.43234e-20   1.4317e-32 -1.40106e-19 -1.03909e-31  7.25001e-19  6.17108e-31 -3.37954e-18 -3.14533e-30  1.42189e-17  1.40473e-29  -5.4064e-17 -5.55085e-29  1.85888e-16  1.94571e-28  -5.7792e-16 -6.02123e-28  1.62345e-15  1.62058e-27 -4.11458e-15 -3.65712e-27  9.38678e-15  6.23091e-27 -1.92115e-14 -4.42292e-27  3.51112e-14 -2.07229e-26 -5.69382e-14  1.22678e-25  8.12056e-14 -4.23875e-25 -1.00566e-13  1.15792e-24  1.06064e-13 -2.69393e-24  -9.2204e-14  5.49458e-24  6.19088e-14 -9.95456e-24  -2.6718e-14  1.61107e-23  3.61993e-16 -2.33175e-23  1.00717e-14  3.00975e-23 -7.81794e-15 -3.43996e-23  1.76453e-15  3.43307e-23  1.51518e-15 -2.91049e-23 -1.31379e-15  1.96769e-23  1.39841e-16 -8.57054e-24  2.99258e-16 -1.14802e-24 -1.26251e-16  7.22419e-24 -3.72308e-17 -9.09814e-24   3.3825e-17  7.82307e-24  2.24627e-18 -5.18683e-24 -6.15181e-18  2.70113e-24  2.18883e-20 -1.07191e-24  8.72558e-19  2.87954e-25  1.91252e-21 -2.32443e-26 -9.70749e-20 -2.49407e-26 -5.51222e-21  1.76651e-26  7.72662e-21  -7.6517e-27  1.06942e-21  2.63498e-27 -3.56239e-22 -7.06699e-28 -8.94582e-23  1.13293e-28  4.49863e-24  4.56134e-30  3.22096e-24 -7.40834e-30  2.18081e-25   1.6033e-30 -3.36482e-26 -8.83055e-32 -5.14056e-27 -1.75726e-32 -1.04638e-28  2.50497e-33   1.3425e-29 -3.43279e-35  5.10796e-31 -2.85746e-36
 9.11479e-38 -4.77034e-35  1.31983e-36  2.93227e-33 -9.71794e-36 -1.48143e-31  -5.2789e-36   4.9294e-30  2.83399e-35 -1.22063e-28  7.89719e-35  2.38541e-27  2.73218e-35 -3.81477e-26 -3.37171e-35   5.1191e-25 -1.20066e-34 -5.87032e-24  6.86744e-35  5.83225e-23 -1.42953e-34 -5.07359e-22  4.68708e-34  3.89674e-21  9.82205e-34 -2.65976e-20 -1.00801e-32  1.62178e-19  9.25471e-32  -8.8699e-19 -6.33255e-31  4.36509e-18  3.58778e-30 -1.93745e-17 -1.75649e-29  7.76842e-17  7.58562e-29  -2.8165e-16 -2.91941e-28   9.2361e-16  1.00524e-27 -2.73845e-15   -3.093e-27  7.33315e-15  8.44442e-27 -1.77026e-14  -2.0123e-26  3.84183e-14  4.03202e-26 -7.46617e-14 -6.12004e-26  1.29234e-13  3.94527e-26 -1.97768e-13  1.56992e-25   2.6478e-13 -8.34242e-25 -3.05404e-13  2.56679e-24  2.96153e-13 -6.22977e-24 -2.31062e-13  1.28534e-23  1.31294e-13 -2.31987e-23 -3.65738e-14  3.70903e-23 -1.92717e-14 -5.27794e-23  2.96633e-14  6.68219e-23  -1.4494e-14 -7.48835e-23 -8.64879e-16  7.34277e-23  5.10355e-15 -6.15661e-23 -2.17749e-15  4.19609e-23 -5.39439e-16 -2.00104e-23  7.49058e-16  1.55807e-24 -7.98478e-17  9.62046e-24 -1.48203e-16 -1.30941e-23   4.1747e-17  1.11925e-23  2.22684e-17  -7.1902e-24 -8.86363e-18  3.57183e-24 -2.97642e-18 -1.33372e-24   1.2323e-18  3.33138e-25  3.79369e-19 -2.60606e-26 -1.13174e-19 -2.24259e-26 -4.18744e-20  1.47521e-26  5.47034e-21 -6.29046e-27  3.27306e-21  2.30363e-27  3.25988e-23  -6.6554e-28 -1.42215e-22  1.11682e-28  -1.6291e-23  3.22119e-30  2.16868e-24 -6.35569e-30  5.35014e-25  1.28036e-30  1.60896e-26  -6.0252e-32 -3.63832e-27 -1.18862e-32 -2.91056e-28  1.31703e-33 -2.56043e-30 -7.88272e-36  1.32948e-31
