 3.11383e-06  -8.9104e-21  -2.6324e-05  1.36819e-19  7.14089e-05 -5.05097e-19 -8.53671e-05  7.17443e-19  3.44314e-05 -6.08198e-20   1.4096e-05  -1.0349e-18 -8.76559e-06  1.06503e-18 -5.25506e-06  1.79138e-19  6.33681e-07 -1.12335e-18  1.56223e-06  8.58105e-19  5.72885e-07 -1.39417e-19 -7.07265e-08 -1.96785e-19  -1.6991e-07  1.64417e-19 -8.50421e-08 -5.95183e-20 -1.66367e-08  4.58996e-21  6.57681e-09  3.30617e-21   7.4384e-09  2.83652e-21  3.65324e-09  -3.1973e-21  1.10695e-09  6.69294e-22  1.26632e-10 -2.84809e-22 -8.86911e-11  4.21152e-22 -7.57341e-11  -8.1447e-25 -3.61614e-11 -1.42682e-22 -1.29839e-11  6.07909e-24 -3.66181e-12  2.92528e-23 -7.56364e-13  1.51378e-24 -6.50681e-14 -5.33307e-24  3.50957e-14 -1.15561e-24  2.50154e-14  1.12751e-24  1.04562e-14  3.58053e-25  3.50158e-15 -2.27486e-25  1.01602e-15 -1.08856e-25  2.63752e-16  1.93719e-26  6.22424e-17  1.94813e-26  1.34682e-17  2.13245e-27  2.68421e-18 -9.11596e-28  4.93578e-19 -1.32351e-28  8.36946e-20  1.00031e-29  1.30499e-20 -3.95863e-29  1.86035e-21 -2.12183e-29  2.39999e-22 -2.00487e-30  2.75018e-23  1.12517e-30  2.69512e-24  3.65144e-31  2.04648e-25  9.62344e-33  7.39219e-27 -3.15198e-32 -1.08753e-27 -1.55725e-32 -3.07814e-28 -2.78418e-33 -4.75048e-29  8.72698e-34 -5.66981e-30  6.86903e-34 -5.62955e-31   1.9603e-34 -4.74067e-32   2.8029e-35 -3.37282e-33  1.09363e-36 -1.97626e-34 -2.27432e-37 -8.87304e-36 -1.65894e-38 -2.26428e-37  3.11151e-39  6.92511e-39 -1.70393e-40  1.35517e-39 -2.24319e-40  9.25243e-41 -3.06183e-41  2.37932e-42  7.09543e-43 -1.92775e-43  6.60459e-43 -2.44879e-44  8.10355e-44 -1.19429e-45   4.2742e-45 -2.52912e-47  7.13925e-47
 -8.9104e-21   4.0476e-05 -9.20161e-20 -0.000190027  9.66418e-19  0.000372644 -2.75967e-18 -0.000324703   2.9855e-18  5.48739e-05  6.81473e-19  7.90307e-05 -4.80159e-18 -9.53467e-06   3.7266e-18 -2.31031e-05  1.30411e-18 -5.15879e-06   -3.979e-18  3.73604e-06  2.46153e-18  3.07507e-06 -1.69362e-19  7.43151e-07 -6.09549e-19 -2.84566e-07  4.12941e-19 -3.36095e-07 -1.26652e-19 -1.49498e-07 -5.23246e-21 -2.76269e-08  1.38879e-20  1.08878e-08  7.66412e-21  1.22445e-08   -7.222e-21  6.19992e-09 -7.58524e-23  2.07983e-09 -3.85265e-22   4.0463e-10  1.40418e-21 -3.95168e-11 -2.03149e-23 -8.01815e-11 -4.37045e-22 -4.52441e-11  2.96655e-24 -1.82827e-11   8.9702e-23 -5.97929e-12  7.36115e-24 -1.62432e-12 -1.73149e-23 -3.56701e-13 -2.99609e-24 -5.46787e-14  3.96105e-24 -5.59408e-16  9.95338e-25  3.68615e-15 -8.23087e-25  1.83613e-15 -3.69994e-25  6.36541e-16   4.8443e-26  1.84255e-16  5.80006e-26  4.71394e-17  9.58594e-27  1.09355e-17 -5.16601e-28  2.33225e-18  1.41133e-28  4.61097e-19 -6.48439e-30  8.49551e-20 -1.66014e-28  1.46381e-20 -7.42589e-29   2.3642e-21 -8.29247e-30  3.58444e-22  2.66199e-30  5.10544e-23  9.62135e-31  6.83269e-24  -3.9823e-32  8.58835e-25 -1.49779e-31  1.01281e-25 -6.50556e-32  1.11865e-26 -8.84927e-33  1.15428e-27   4.2105e-33  1.10901e-28  2.66408e-33   9.8785e-30  7.19564e-34  8.11437e-31  1.11862e-34  6.10617e-32  1.04215e-35  4.17622e-33  8.89761e-37  2.57197e-34  1.74257e-37  1.41213e-35  2.72888e-38  6.84487e-37  6.03116e-40  2.89186e-38 -3.95802e-40  1.02116e-39 -2.93904e-41  2.49599e-41  7.90116e-42 -2.83945e-44  1.80534e-42 -3.82522e-44  1.53497e-43 -1.63504e-45  5.32418e-45 -2.09505e-47
 -2.6324e-05 -9.20161e-20  0.000255429 -5.36974e-19 -0.000814074  4.22537e-18   0.00120348 -9.64398e-18 -0.000740478  7.90863e-18 -6.49729e-05  4.48072e-18  0.000212059 -1.42048e-17  4.14289e-05  8.50531e-18 -4.75851e-05  4.55785e-18 -2.79744e-05 -9.25262e-18  1.96292e-07  4.64901e-18  7.14962e-06  9.36829e-20  3.85746e-06 -1.20873e-18  5.77484e-07  6.97266e-19 -5.12978e-07 -1.84909e-19 -4.49452e-07 -3.83991e-20 -1.86842e-07  3.28677e-20 -3.56934e-08  1.68356e-20  1.07562e-08 -1.16147e-20   1.3391e-08 -3.91804e-21  7.12239e-09 -7.17264e-23  2.62259e-09  3.33047e-21  6.75599e-10  -6.4725e-23  7.80532e-11 -9.54122e-22 -3.59956e-11 -1.85566e-23 -3.11495e-11  1.93117e-22 -1.46831e-11  1.55342e-23 -5.39264e-12 -3.89506e-23 -1.67409e-12 -3.68636e-24 -4.51445e-13  1.00624e-23  -1.0614e-13  1.89183e-24 -2.13558e-14  -2.1188e-24 -3.44331e-15 -9.23632e-25 -3.35865e-16  5.73704e-26  3.52339e-17  1.14772e-25  3.10506e-17  2.74226e-26  1.09281e-17  4.76714e-27  2.95274e-18  1.96454e-27  6.84677e-19  7.95058e-29  1.41847e-19 -4.07738e-28  2.67577e-20 -1.73816e-28  4.64226e-21 -2.21889e-29  7.44882e-22  4.16919e-30   1.1087e-22  1.54415e-30  1.53269e-23 -4.40825e-31  1.96796e-24 -5.11703e-31  2.34463e-25   -1.867e-31  2.58711e-26 -1.77922e-32  2.63673e-27  1.34172e-32  2.47338e-28  7.21191e-33    2.126e-29  1.88446e-33  1.66539e-30  3.19847e-34  1.18102e-31  4.21918e-35    7.521e-33  5.82836e-36  4.26033e-34  8.93154e-37  2.12492e-35  1.04047e-37   9.2438e-37  5.63206e-39   3.4601e-38 -4.09837e-41  1.05001e-39  5.58118e-41    1.819e-41  2.27734e-41 -4.82635e-43  2.98664e-42 -4.93641e-44  1.74142e-43 -1.37015e-45  3.26774e-45
 1.36819e-19 -0.000190027 -5.36974e-19   0.00104362 -2.16969e-18  -0.00246786  1.34848e-17   0.00280353 -2.51847e-17   -0.0011054  1.54325e-17 -0.000509187  1.49182e-17  0.000334163 -3.14949e-17  0.000195824  1.47397e-17   -3.926e-05   1.0809e-17 -6.85268e-05 -1.64149e-17 -2.06924e-05  6.66522e-18  6.99566e-06  7.07644e-19  9.04972e-06 -1.78411e-18   3.7327e-06   9.3303e-19  2.66886e-07 -2.22654e-19 -6.39795e-07 -9.80038e-20 -4.76493e-07  5.72916e-20 -1.92416e-07  3.34607e-20  -4.0796e-08 -1.61564e-20  6.25553e-09 -1.23407e-20  1.08851e-08  9.51369e-22  6.23669e-09  6.43264e-21  2.50066e-09 -1.34188e-22  7.65312e-10 -1.70412e-21  1.68146e-10 -5.68303e-23  1.44697e-11  3.31573e-22 -9.32398e-12  1.37792e-23 -6.79404e-12 -7.01233e-23 -2.94452e-12  1.91993e-24 -1.02084e-12  2.15119e-23 -3.05461e-13  2.96887e-24 -8.13592e-14 -4.42911e-24 -1.95746e-14 -1.95351e-24 -4.28282e-15 -4.62771e-26 -8.53389e-16  1.63578e-25 -1.54322e-16  5.85372e-26 -2.50719e-17   2.0105e-26 -3.57849e-18  7.24331e-27 -4.25405e-19  6.84539e-28 -3.53723e-20  -6.8115e-28  1.10669e-22 -3.01722e-28  8.56911e-22 -4.02041e-29  2.35029e-22  5.85684e-30  4.54976e-23  1.33613e-30   7.3167e-24 -1.86374e-30  1.02719e-24 -1.37581e-30  1.28459e-25 -4.21589e-31   1.4435e-26  -2.3581e-32  1.46176e-27  3.34652e-32  1.33315e-28  1.58474e-32  1.09149e-29  4.06886e-33  7.97751e-31  7.44537e-34  5.16246e-32  1.15953e-34  2.92519e-33  1.76325e-35  1.43224e-34  2.47438e-36   6.0037e-36  2.64537e-37   2.1753e-37  1.87599e-38  6.86733e-39  1.30716e-39   1.3122e-40  2.38649e-40 -7.49653e-42  3.95636e-41 -9.75698e-43  3.43801e-42  -4.4288e-44  1.28818e-43 -6.55871e-46
 7.14089e-05  9.66418e-19 -0.000814074 -2.16969e-18   0.00310757 -6.65107e-18  -0.00573144  3.38056e-17   0.00500924 -5.26368e-17 -0.000915705  2.35685e-17  -0.00133468  3.48584e-17  0.000247558 -5.62416e-17  0.000441316   2.0769e-17  6.35612e-05  1.96567e-17 -9.88171e-05 -2.36741e-17 -6.41044e-05  7.64772e-18 -8.03171e-06  1.44767e-18  1.15793e-05  -2.0738e-18  9.00499e-06   1.0865e-18  3.04861e-06 -2.47772e-19  1.40789e-08 -1.80376e-19 -6.27604e-07  8.30578e-20 -4.26674e-07  6.01297e-20 -1.72404e-07 -2.22327e-20 -4.19402e-08 -2.57783e-20  1.32913e-10  2.98801e-21  6.53001e-09   1.0699e-20  4.25106e-09 -2.32278e-22  1.85653e-09 -2.61628e-21  6.38591e-10 -9.02412e-23  1.77895e-10  4.67281e-22  3.82557e-11  -2.4089e-23  4.75251e-12 -1.06888e-22 -7.56089e-13  2.23858e-23 -7.87895e-13  4.12019e-23 -3.47902e-13  4.53575e-24  -1.1802e-13 -7.87641e-24 -3.42865e-14 -3.68171e-24 -8.88513e-15 -4.31409e-25 -2.09547e-15  1.44908e-25 -4.54915e-16   9.7859e-26 -9.15587e-17  4.92987e-26 -1.71648e-17  1.79703e-26 -3.00723e-18   2.5308e-27 -4.93521e-19 -7.31791e-28 -7.59973e-20 -3.79105e-28  -1.0995e-20 -4.19206e-29 -1.49582e-21  1.05864e-29 -1.91462e-22 -9.53695e-31 -2.30588e-23 -5.34797e-30 -2.61179e-24 -3.03995e-30 -2.77881e-25 -7.88127e-31  -2.7711e-26 -1.13404e-32 -2.58152e-27  7.04895e-32 -2.23616e-28  3.01355e-32 -1.79015e-29  7.66245e-33 -1.31442e-30  1.47819e-33 -8.77124e-32  2.47909e-34 -5.26022e-33  3.80454e-35  -2.7929e-34  5.00922e-36 -1.28309e-35  5.11787e-37 -4.92362e-37  4.05954e-38 -1.53278e-38  3.54194e-39 -4.39916e-40  4.51298e-40 -1.84117e-41  4.85592e-41  -9.2226e-43  2.85314e-42 -2.60097e-44  5.70769e-44
-5.05097e-19  0.000372644  4.22537e-18  -0.00246786 -6.65107e-18   0.00720131 -1.63018e-17   -0.0106857  6.94691e-17   0.00704578 -9.17106e-17  0.000345658  2.92658e-17  -0.00229085  6.34881e-17 -0.000254995 -8.44769e-17   0.00064838  2.48632e-17  0.000292038  2.92064e-17 -6.43947e-05 -2.87362e-17 -0.000113389  7.13638e-18 -4.47985e-05  1.89678e-18  2.77294e-06 -1.92926e-18   1.2769e-05  1.19274e-18  7.62967e-06 -2.75098e-19  2.23595e-06 -2.77287e-19 -9.47955e-08  1.09767e-19 -5.10059e-07  9.66267e-20 -3.31831e-07  -3.2849e-20 -1.36993e-07 -4.34152e-20 -3.82139e-08  6.29905e-21  -4.5402e-09  1.58033e-20  2.45863e-09 -3.59148e-22   2.1754e-09 -3.51502e-21  1.06101e-09 -8.84383e-23  4.00691e-10  5.21538e-22  1.26517e-10 -1.37732e-22  3.41016e-11 -1.42217e-22  7.76233e-12  6.82581e-23  1.40313e-12  7.30018e-23  1.52438e-13  7.88443e-24 -1.77377e-14 -1.21349e-23 -1.72655e-14 -6.30392e-24 -6.69646e-15 -1.32164e-24 -1.99068e-15 -3.18727e-26  -5.0737e-16  1.26543e-25 -1.15505e-16  9.08505e-26 -2.39511e-17  3.49846e-26 -4.57237e-18  6.40087e-27 -8.08645e-19 -1.56184e-28 -1.32974e-19 -2.54712e-28  -2.0372e-20  1.55503e-29 -2.91005e-21   2.4348e-29 -3.87521e-22  -7.0743e-30 -4.80609e-23 -1.20358e-29 -5.54153e-24 -5.69083e-30 -5.92551e-25  -1.2476e-30  -5.8568e-26  4.44458e-32 -5.32914e-27  1.30883e-31 -4.44157e-28  5.13314e-32 -3.37028e-29  1.29259e-32 -2.31147e-30  2.56233e-33 -1.42033e-31  4.38758e-34 -7.73428e-33  6.56429e-35 -3.67657e-34  8.15094e-36 -1.49013e-35  8.01127e-37 -4.96385e-37  6.59949e-38 -1.32488e-38  5.83361e-39 -3.39707e-40  5.83439e-40  -1.3645e-41  4.43774e-41 -5.63163e-43  1.67121e-42  -9.2419e-45
-8.53671e-05 -2.75967e-18   0.00120348  1.34848e-17  -0.00573144 -1.63018e-17    0.0135541  -3.3038e-17   -0.0165072  1.20285e-16    0.0077767 -1.37026e-16   0.00278717  3.08792e-17  -0.00284991  9.49435e-17    -0.001206 -1.10091e-16  0.000609644  2.61408e-17  0.000591636  3.69365e-17  8.15371e-05 -2.99236e-17 -0.000128077  5.28826e-18 -9.49499e-05  1.69325e-18 -2.39314e-05 -1.39727e-18  8.54154e-06  1.31181e-18  1.13575e-05 -3.13105e-19   5.7719e-06 -3.75265e-19  1.55091e-06  1.43883e-19 -8.29544e-08  1.38764e-19  -3.4907e-07  -5.1507e-20 -2.25735e-07 -6.34095e-20 -9.64758e-08  1.09504e-20 -3.02681e-08  2.11299e-20 -6.26365e-09 -4.52611e-22 -6.89923e-11 -4.12058e-21  7.10202e-10 -4.56087e-23  4.37813e-10  3.70549e-22  1.84549e-10 -3.76549e-22  6.37414e-11 -1.69625e-22  1.90703e-11  1.49059e-22  5.05562e-12  1.21661e-22  1.19754e-12  1.57464e-23  2.53038e-13 -1.62188e-23  4.70513e-14 -9.87172e-24  7.41797e-15 -2.92631e-24  8.85968e-16 -4.69514e-25  3.91943e-17  1.10319e-25 -1.83964e-17  1.34947e-25 -7.77126e-18  5.66486e-26 -2.03656e-18   1.2687e-26 -4.33443e-19  1.47774e-27 -8.03278e-20  2.68732e-28 -1.33294e-20  1.88688e-28  -2.0068e-21  5.32734e-29 -2.75911e-22 -1.91924e-29 -3.47413e-23 -2.26964e-29 -4.00841e-24 -9.22687e-30 -4.23313e-25 -1.68129e-30 -4.08168e-26  1.77636e-31 -3.58005e-27  2.19771e-31 -2.84219e-28  7.98347e-32 -2.02947e-29  1.97869e-32 -1.29323e-30  3.93286e-33 -7.28309e-32  6.65111e-34 -3.57873e-33  9.52599e-35 -1.50362e-34  1.11454e-35 -5.19647e-36  1.04951e-36 -1.37631e-37  8.57787e-38 -2.81147e-39  7.12336e-39 -1.02049e-40  5.67682e-40 -7.01556e-42  3.04221e-41 -2.49153e-43   6.1291e-43
 7.17443e-19 -0.000324703 -9.64398e-18   0.00280353  3.38056e-17   -0.0106857  -3.3038e-17    0.0213777 -5.66054e-17   -0.0216317   1.7872e-16   0.00634241 -1.79422e-16   0.00589061  3.02043e-17  -0.00248565  1.20338e-16   -0.0023646 -1.27614e-16  0.000164939  2.46972e-17  0.000820573  4.10153e-17  0.000334082 -2.68792e-17 -6.37908e-05   2.7048e-18 -0.000131634  7.37448e-19 -6.50694e-05  -6.7206e-19 -8.94042e-06  1.46812e-18  9.70597e-06 -3.63883e-19  8.74282e-06 -4.53523e-19  4.02071e-06  1.97508e-19  1.05727e-06   1.7935e-19 -1.84081e-08 -8.03587e-20 -1.98643e-07 -8.32935e-20 -1.33011e-07  1.66313e-20 -5.93772e-08  2.59361e-20   -2.045e-08  -2.6901e-22 -5.45378e-09 -4.08389e-21 -9.71987e-10 -2.13036e-23  6.71629e-12 -1.46787e-22  1.00593e-10 -7.95115e-22  5.58407e-11 -1.89421e-22  2.18018e-11  2.69462e-22  7.08291e-12  1.92172e-22  2.02199e-12  3.22165e-23  5.20009e-13 -1.84569e-23  1.22107e-13 -1.41628e-23  2.63884e-14 -5.34394e-24  5.27417e-15 -1.25073e-24  9.77863e-16  4.74768e-27  1.68493e-16  1.63343e-25  2.70098e-17  7.81731e-26  4.03036e-18  2.09607e-26  5.60048e-19  4.45259e-27  7.25121e-20  1.36463e-27  8.75804e-21  5.20801e-28  9.89063e-22  9.72941e-29  1.04866e-22 -3.98212e-29  1.05042e-23 -3.72307e-29  1.00219e-24 -1.31541e-29  9.18291e-26 -1.89945e-30  8.12104e-27  4.22147e-31  6.91814e-28  3.38635e-31  5.61787e-29  1.14488e-31  4.27397e-30  2.76549e-32  2.98303e-31  5.39557e-33  1.86918e-32  8.81609e-34  1.03178e-33  1.19475e-34  4.96723e-35  1.31231e-35  2.09243e-36   1.1738e-36  7.55655e-38  9.19946e-38  1.84884e-39  6.85796e-39 -1.49436e-41  4.27792e-40 -3.33488e-42  1.51195e-41 -7.45242e-44
 3.44314e-05   2.9855e-18 -0.000740478 -2.51847e-17   0.00500924  6.94691e-17   -0.0165072 -5.66054e-17    0.0289814 -8.31328e-17   -0.0245082  2.30424e-16   0.00270856 -2.09662e-16   0.00871793  3.19324e-17 -0.000996708  1.32233e-16   -0.0033033 -1.34425e-16 -0.000681069  2.10547e-17  0.000815039  4.10855e-17  0.000619256 -2.05164e-17  9.72545e-05   7.9426e-20 -0.000120288 -7.71666e-19   -0.0001041  2.18279e-20  -3.8546e-05  1.62026e-18 -1.04705e-06 -4.32031e-19  8.17346e-06 -4.85515e-19  6.02578e-06  2.82725e-19  2.62447e-06  2.10719e-19  7.16745e-07 -1.18521e-19  4.04646e-08 -1.00423e-19 -8.87342e-08  2.25962e-20 -6.59347e-08  2.96889e-20 -3.11211e-08  7.60051e-22 -1.15352e-08 -3.04862e-21 -3.52895e-09  -1.6219e-22 -8.86347e-10 -1.20648e-21 -1.69024e-10 -1.44949e-21  -1.5432e-11 -2.15425e-22   5.3803e-12  4.25906e-22  3.87795e-12  2.88439e-22  1.53929e-12  6.19016e-23  4.86181e-13  -1.6755e-23  1.33106e-13 -1.86161e-23  3.26942e-14  -8.4842e-24  7.33154e-15  -2.4062e-24  1.51613e-15 -2.33785e-25  2.90938e-16  1.52711e-25  5.20134e-17  9.20979e-26  8.68513e-18  2.98145e-26  1.35651e-18   8.7336e-27  1.98308e-19  3.08506e-27  2.71324e-20  1.00566e-27  3.47174e-21  1.43676e-28  4.14851e-22 -7.14456e-29  4.61952e-23 -5.43843e-29  4.77975e-24 -1.66338e-29  4.57828e-25 -1.68943e-30  4.04089e-26  7.98216e-31  3.26792e-27  4.82415e-31  2.40496e-28  1.52007e-31  1.59723e-29  3.53872e-32  9.47603e-31  6.66046e-33  4.95989e-32  1.03542e-33  2.25775e-33  1.31606e-34  8.81665e-35  1.34977e-35  2.92333e-36  1.13391e-36   7.9639e-38  8.27101e-38  1.39159e-39  5.32108e-39 -1.33892e-41  2.48522e-40 -1.43802e-42    4.798e-42
-6.08198e-20  5.48739e-05  7.90863e-18   -0.0011054 -5.26368e-17   0.00704578  1.20285e-16   -0.0216317 -8.31328e-17    0.0345545 -1.05285e-16   -0.0244075  2.58915e-16  -0.00230746 -2.22275e-16    0.0103907  4.05419e-17   0.00137221  1.28427e-16   -0.0036188 -1.31131e-16  -0.00173805   1.5664e-17  0.000477162  3.81041e-17  0.000819689 -1.24449e-17  0.000327032 -2.07852e-18 -3.79674e-05 -2.45108e-18 -0.000116977  5.25204e-19 -7.04691e-05  1.67406e-18 -2.05952e-05 -5.29695e-19   1.7121e-06 -4.46655e-19  5.73062e-06  4.04095e-19  3.77419e-06  2.27203e-19  1.61076e-06 -1.61584e-19  4.73682e-07 -1.12563e-19  6.71084e-08  2.78447e-20 -2.51796e-08  3.25274e-20 -2.57597e-08   3.6223e-21 -1.33016e-08 -7.16702e-22 -5.26939e-09  -6.8176e-22 -1.75154e-09 -2.96458e-21 -5.03648e-10  -2.3937e-21  -1.2608e-10 -2.78506e-22  -2.7088e-11  6.04978e-22 -4.73561e-12  4.11396e-22 -5.48194e-13  1.08397e-22  2.12459e-14  -9.1453e-24  3.76207e-14 -2.24062e-23  1.45845e-14  -1.2058e-23  4.15932e-15 -3.89981e-24  1.00343e-15 -6.36429e-25  2.14614e-16  8.01374e-26  4.15693e-17   8.9879e-26  7.37274e-18  3.70713e-26  1.20463e-18  1.38637e-26  1.81898e-19  5.27095e-27  2.54173e-20  1.55995e-27  3.28669e-21  1.65344e-28  3.92875e-22 -1.15568e-28  4.33257e-23 -7.18076e-29  4.39525e-24 -1.86871e-29  4.08629e-25 -8.90184e-31  3.46517e-26  1.29729e-30  2.66465e-27  6.37389e-31  1.84494e-28  1.87031e-31  1.14006e-29  4.15108e-32  6.21902e-31  7.43338e-33  2.95447e-32  1.08687e-33  1.20385e-33  1.28586e-34  4.15444e-35  1.22294e-35  1.20488e-36  9.51684e-37  2.75733e-38  6.27039e-38  2.58378e-40   3.3312e-39 -1.41767e-41   1.0681e-40 -4.27669e-43
  1.4096e-05  6.81473e-19 -6.49729e-05  1.54325e-17 -0.000915705 -9.17106e-17    0.0077767   1.7872e-16   -0.0245082 -1.05285e-16    0.0370698 -1.14538e-16   -0.0216942  2.52426e-16  -0.00750919 -2.17276e-16    0.0104831  5.69627e-17   0.00407238  1.12523e-16  -0.00311468 -1.20432e-16  -0.00271338  8.91896e-18 -0.000172961  3.36004e-17  0.000826762  -4.3072e-18  0.000557153 -3.52901e-18  0.000111081 -3.89472e-18 -8.37732e-05  7.72867e-19 -8.91016e-05  1.52182e-18 -4.31393e-05  -6.7174e-19 -1.04577e-05 -3.25528e-19  1.82559e-06  5.52945e-19  3.46159e-06  2.26127e-19  2.14865e-06 -2.03019e-19    9.196e-07 -1.18718e-19  2.93574e-07    3.152e-20  6.32479e-08  3.56756e-20  1.98022e-09  9.69166e-21  -6.5401e-09  3.10912e-21 -4.24558e-09 -1.79543e-21  -1.8455e-09 -5.51747e-21 -6.55611e-10 -3.67349e-21 -2.02183e-10 -4.23517e-22 -5.55593e-11  7.84481e-22 -1.37792e-11  5.57168e-22   -3.102e-12  1.72573e-22 -6.34383e-13  5.51359e-24  -1.1737e-13 -2.46763e-23 -1.94291e-14 -1.56585e-23 -2.80822e-15 -5.64226e-24  -3.3396e-16 -1.21548e-24 -2.65802e-17 -7.14669e-26  6.23462e-19  6.39997e-26  8.22542e-19  4.02507e-26  2.16857e-19  1.89459e-26  4.15367e-20  7.51405e-27  6.64497e-21  2.02428e-27  9.28315e-22  1.27434e-28  1.15342e-22 -1.71245e-28  1.28444e-23 -8.64673e-29  1.28485e-24  -1.8488e-29  1.15311e-25  5.34608e-31  9.24908e-27  1.87248e-30   6.5885e-28  7.81696e-31  4.13036e-29  2.13163e-31  2.24989e-30  4.46685e-32  1.04582e-31  7.52593e-33  4.04831e-33  1.02545e-33  1.27738e-34    1.121e-34  3.39997e-36  9.80226e-36  8.71074e-38  6.94811e-37  1.26237e-39  3.99815e-38 -1.12364e-40  1.65273e-39 -7.34622e-42  2.97747e-41
 -1.0349e-18  7.90307e-05  4.48072e-18 -0.000509187  2.35685e-17  0.000345658 -1.37026e-16   0.00634241  2.30424e-16   -0.0244075 -1.14538e-16    0.0366575 -1.04747e-16   -0.0174543  2.09327e-16   -0.0118971 -1.99143e-16   0.00910048   7.7562e-17   0.00651715  9.12507e-17  -0.00185276 -1.05633e-16  -0.00333443  1.46594e-18   -0.0010065  2.89592e-17  0.000586981  2.67946e-18  0.000704905 -4.22989e-18  0.000292846  -4.7901e-18  3.43742e-07  7.69435e-19  -7.9859e-05  1.08547e-18 -5.89688e-05 -8.65228e-19 -2.48169e-05 -1.32628e-19 -5.41252e-06  7.06416e-19  1.07727e-06  2.06859e-19  1.80092e-06 -2.37347e-19  1.09681e-06 -1.20096e-19  4.77285e-07  3.33698e-20  1.63657e-07  4.15595e-20  4.40218e-08   2.0524e-20  8.10955e-09  8.51611e-21  1.09243e-10 -3.63437e-21  -7.4662e-10 -8.86819e-21 -4.30716e-10 -5.31495e-21 -1.71183e-10 -6.98508e-22 -5.63614e-11  9.37308e-22 -1.62893e-11  7.16099e-22 -4.24262e-12  2.51353e-22 -1.01018e-12  2.69175e-23 -2.21811e-13 -2.48699e-23 -4.51706e-14 -1.89111e-23 -8.56482e-15 -7.52995e-24  -1.5163e-15 -1.96573e-24  -2.5116e-16  -3.0985e-25 -3.89845e-17   9.8374e-27   -5.677e-18   3.7068e-26 -7.76249e-19   2.2727e-26 -9.97129e-20  9.20779e-27 -1.20333e-20  2.20229e-27  -1.3635e-21  1.18879e-30  -1.4486e-22 -2.33714e-28 -1.43943e-23 -9.53028e-29 -1.33278e-24 -1.56379e-29 -1.14392e-25  2.45546e-30 -9.03988e-27  2.44139e-30 -6.52248e-28  8.89663e-31 -4.25351e-29  2.24833e-31 -2.47717e-30  4.41084e-32 -1.26982e-31  6.92823e-33 -5.61929e-33  8.72616e-34 -2.08044e-34  8.74696e-35 -6.09347e-36  6.95704e-36 -1.31948e-37  4.39796e-37 -2.59096e-39  2.11885e-38 -9.05271e-41  6.18916e-40 -2.03678e-42
-8.76559e-06 -4.80159e-18  0.000212059  1.49182e-17  -0.00133468  2.92658e-17   0.00278717 -1.79422e-16   0.00270856  2.58915e-16   -0.0216942 -1.04747e-16    0.0342883 -7.51877e-17   -0.0128593   1.3919e-16   -0.0149806 -1.74102e-16   0.00669002  9.60733e-17   0.00829119  7.07433e-17 -8.10965e-05 -8.96912e-17  -0.00343738 -5.69518e-18  -0.00183921  2.50518e-17  0.000120342  7.90161e-18  0.000704453 -4.20659e-18  0.000454576 -4.96072e-18  0.000120634  5.53742e-19 -3.63506e-05  3.49665e-19 -5.84809e-05 -1.10063e-18 -3.55002e-05  9.89371e-20 -1.37841e-05  8.32204e-19 -3.02482e-06  1.68565e-19  3.67871e-07  -2.6397e-19  7.82538e-07 -1.20733e-19  4.87839e-07  3.40697e-20  2.17934e-07  5.34642e-20  7.89468e-08  3.75084e-20  2.39667e-08  1.54945e-20  6.04998e-09 -6.17644e-21  1.18756e-09 -1.29084e-20  1.29211e-10 -7.30789e-21 -2.55404e-11 -1.13852e-21 -2.22231e-11  1.03736e-21 -9.10639e-12  8.73413e-22 -2.90405e-12  3.37565e-22 -7.96383e-13  5.30207e-23 -1.95094e-13 -2.30341e-23    -4.35e-14  -2.1632e-23 -8.92084e-15 -9.49121e-24 -1.69321e-15 -2.87087e-24  -2.9858e-16 -6.32143e-25  -4.9024e-17 -7.32617e-26 -7.50257e-18  2.58133e-26 -1.07033e-18  2.38017e-26 -1.42246e-19  9.69617e-27 -1.75862e-20  1.92899e-27  -2.0183e-21 -2.20411e-28 -2.14409e-22  -2.9407e-28 -2.10069e-23 -9.59766e-29 -1.88969e-24 -1.03278e-29  -1.5522e-25  4.58852e-30 -1.15654e-26   2.9037e-30 -7.75469e-28  9.39117e-31 -4.63403e-29  2.19252e-31 -2.43903e-30  3.99739e-32 -1.11395e-31  5.80706e-33 -4.32383e-33  6.70907e-34 -1.37871e-34  6.11325e-35  -3.4061e-36  4.36244e-36 -6.19467e-38  2.39274e-37 -1.13403e-39  9.09584e-39 -3.19403e-41  1.52652e-40
 1.06503e-18 -9.53467e-06 -1.42048e-17  0.000334163  3.48584e-17  -0.00229085  3.08792e-17   0.00589061 -2.09662e-16  -0.00230746  2.52426e-16   -0.0174543 -7.51877e-17    0.0311316 -3.14101e-17  -0.00871136   5.9014e-17   -0.0167505 -1.47381e-16   0.00377831  1.06936e-16   0.00921943  5.41221e-17   0.00188571 -7.49036e-17  -0.00299258 -1.15249e-17  -0.00249324  2.21744e-17 -0.000491088  1.13009e-17  0.000528658 -3.45504e-18  0.000542902 -4.35573e-18   0.00024657  1.82209e-19  3.56671e-05 -6.20819e-19 -3.66464e-05 -1.34849e-18 -3.67025e-05  3.22986e-19 -1.98651e-05  8.97689e-19 -7.46974e-06  1.07873e-19 -1.80596e-06 -2.89882e-19 -2.81046e-08 -1.27213e-19  2.60066e-07  3.52825e-20  1.79585e-07  7.47685e-20  8.37475e-08   6.1471e-20  3.16843e-08  2.39493e-20  1.02809e-08 -9.22581e-21  2.92265e-09 -1.74198e-20  7.31353e-10 -9.58813e-21  1.59493e-10 -1.74901e-21  2.92614e-11  1.06614e-21  4.03423e-12  1.01171e-21  1.98441e-13  4.21066e-22 -1.14795e-13  8.02155e-23 -5.51404e-14 -1.99573e-23  -1.6544e-14 -2.39226e-23 -4.03579e-15 -1.15151e-23  -8.5799e-16 -3.90842e-24 -1.63529e-16 -1.02505e-24 -2.83313e-17 -1.81807e-25 -4.49391e-18  5.61073e-27 -6.55006e-19  2.09429e-26 -8.78492e-20  8.48706e-27 -1.08402e-20  1.14198e-27 -1.22896e-21 -5.13173e-28   -1.277e-22 -3.40717e-28 -1.21195e-23 -8.75425e-29 -1.04586e-24 -3.33223e-30 -8.16006e-26  6.56129e-30 -5.71628e-27  3.16928e-30 -3.56449e-28  9.18851e-31  -1.9577e-29  1.97506e-31 -9.34658e-31  3.32435e-32 -3.81277e-32  4.43369e-33 -1.29448e-33  4.66157e-34 -3.48232e-35  3.82134e-35 -6.79181e-37  2.40284e-36 -9.96008e-39  1.10105e-37 -2.73988e-40  2.99729e-39 -6.94766e-42
-5.25506e-06   3.7266e-18  4.14289e-05 -3.14949e-17  0.000247558  6.34881e-17  -0.00284991  3.02043e-17   0.00871793 -2.22275e-16  -0.00750919  2.09327e-16   -0.0128593 -3.14101e-17     0.028058  1.66128e-17  -0.00533888 -1.32977e-17   -0.0174684 -1.21698e-16  0.000791524  1.07844e-16   0.00932344  4.13522e-17   0.00376411 -6.28791e-17  -0.00207915 -1.54416e-17  -0.00284081  2.01293e-17  -0.00113188  1.31852e-17  0.000195206 -1.92926e-18  0.000520864 -3.02412e-18   0.00034155 -2.66493e-19  0.000119196 -1.68305e-18  4.20228e-06 -1.56102e-18 -2.53503e-05  4.97513e-19 -2.04577e-05  8.80246e-19 -1.03716e-05  1.76255e-20 -3.90472e-06 -3.29647e-19 -1.07019e-06 -1.47132e-19 -1.50918e-07  3.94557e-20  4.63875e-08  1.08013e-19   4.8968e-08  9.23643e-20  2.52279e-08   3.3695e-20  1.00399e-08 -1.24489e-20  3.40058e-09 -2.20927e-20  1.01805e-09 -1.20252e-20  2.74445e-10 -2.49466e-21  6.72925e-11  1.01822e-21  1.50879e-11  1.11478e-21  3.10033e-12  4.90841e-22  5.83644e-13  1.03977e-22  1.00353e-13 -1.70598e-23  1.56566e-14 -2.61508e-23  2.18928e-15 -1.36446e-23  2.67909e-16 -5.04841e-24  2.72002e-17 -1.46554e-24  1.93836e-18 -3.08652e-25  4.31065e-21 -2.33425e-26 -2.98648e-20   1.3509e-26 -6.75722e-21  5.45507e-27 -1.04744e-21 -7.66634e-29 -1.31694e-22 -8.24296e-28 -1.40792e-23 -3.62533e-28 -1.29925e-24 -7.08441e-29 -1.03559e-25  4.16517e-30 -7.05935e-27  8.01342e-30 -4.02264e-28  3.18628e-30 -1.82599e-29  8.32772e-31 -5.81966e-31  1.64206e-31 -6.16727e-33  2.53571e-32  6.74406e-34  3.08229e-33  5.79171e-35  2.92339e-34  2.87342e-36   2.1281e-35  9.61164e-38  1.15046e-36  1.00851e-39  4.16351e-38 -6.04984e-41  6.59261e-40
 1.79138e-19 -2.31031e-05  8.50531e-18  0.000195824 -5.62416e-17 -0.000254995  9.49435e-17  -0.00248565  3.19324e-17    0.0103907 -2.17276e-16   -0.0118971   1.3919e-16  -0.00871136  1.66128e-17     0.025488  5.80582e-17  -0.00273289 -6.49457e-17   -0.0174593 -9.72903e-17  -0.00200308  1.00252e-16   0.00873576  3.07235e-17   0.00534979 -5.45011e-17 -0.000839045 -1.76227e-17  -0.00282145  1.83569e-17  -0.00168437  1.39921e-17 -0.000241041  3.88065e-19  0.000378193 -1.09858e-18  0.000374293 -6.84023e-19   0.00019112 -2.63942e-18  5.44642e-05  -1.6766e-18 -2.77877e-06  6.02914e-19 -1.40965e-05  7.74604e-19 -1.01808e-05 -1.12666e-19 -4.99033e-06 -4.02031e-19 -1.91063e-06 -1.86579e-19 -5.82229e-07  4.94604e-20 -1.31486e-07  1.54142e-19 -1.34445e-08  1.29145e-19  6.20949e-09   4.4434e-20  5.00072e-09 -1.54477e-20  2.26227e-09 -2.65553e-20  8.13027e-10 -1.44218e-20  2.52359e-10 -3.29789e-21  7.00143e-11  9.04225e-22  1.76731e-11  1.17151e-21  4.10146e-12  5.37394e-22  8.80997e-13  1.19799e-22  1.75947e-13 -1.60517e-23  3.27741e-14  -2.8816e-23  5.70659e-15 -1.59324e-23  9.30207e-16  -6.2454e-24  1.42086e-16 -1.92191e-24   2.0346e-17 -4.43811e-25  2.73097e-18 -5.95113e-26  3.43376e-19  1.79665e-27  4.03874e-20   9.4589e-28   4.4342e-21 -1.51056e-27  4.53061e-22 -1.08745e-27  4.29051e-23 -3.52677e-28  3.74646e-24 -4.84676e-29   2.9971e-25  1.08719e-29  2.17946e-26  8.69823e-30  1.42707e-27  2.95741e-30  8.31718e-29  6.98667e-31  4.25327e-30  1.25878e-31  1.87454e-31  1.77235e-32  6.96726e-33  1.94848e-33  2.13351e-34  1.64992e-34  5.24109e-36  1.04853e-35  9.38136e-38  4.70523e-37  5.91618e-40  1.22315e-38 -1.42052e-41
 6.33681e-07  1.30411e-18 -4.75851e-05  1.47397e-17  0.000441316 -8.44769e-17    -0.001206  1.20338e-16 -0.000996708  4.05419e-17    0.0104831 -1.99143e-16   -0.0149806   5.9014e-17  -0.00533888  5.80582e-17    0.0234975  8.47804e-17 -0.000737137 -9.11904e-17   -0.0169946 -7.30095e-17  -0.00447552  8.80665e-17   0.00762557  2.06326e-17   0.00652416 -4.98621e-17  0.000565778 -1.89127e-17  -0.00243835  1.61195e-17   -0.0020525  1.40875e-17 -0.000703543  3.37966e-18  0.000133154  1.20915e-18  0.000327979  -9.4223e-19  0.000229384 -3.27982e-18  0.000100137 -1.62693e-18  2.53415e-05  6.52739e-19 -1.88474e-06  5.93782e-19 -6.44639e-06 -2.94828e-19 -4.45255e-06 -5.24195e-19 -2.15524e-06 -2.47476e-19 -8.41002e-07  6.81788e-20 -2.75169e-07  2.12176e-19 -7.55123e-08  1.69873e-19 -1.66247e-08   5.5737e-20 -2.41945e-09 -1.78374e-20  9.29257e-11  -3.0407e-20  2.36624e-10 -1.65304e-20  1.12396e-10 -4.04854e-21  3.88782e-11  7.49908e-22  1.13279e-11  1.17851e-21  2.91998e-12  5.54677e-22  6.81157e-13  1.24154e-22   1.4557e-13 -1.84605e-23  2.87058e-14  -3.2345e-23  5.24575e-15 -1.83789e-23  8.90571e-16 -7.42972e-24  1.40629e-16 -2.35583e-24  2.06595e-17  -5.7543e-25  2.82187e-18  -9.9843e-26  3.57878e-19 -1.28266e-26  4.20539e-20 -4.27707e-27  4.56589e-21 -2.87107e-27  4.56391e-22  -1.2445e-27  4.18136e-23 -3.11369e-28  3.49242e-24 -2.41774e-29  2.64205e-25  1.57208e-29  1.79615e-26  8.54793e-30  1.08684e-27  2.53748e-30  5.78408e-29  5.42168e-31  2.66686e-30  8.88699e-32  1.04489e-31  1.13348e-32  3.39678e-33  1.11731e-33  8.91537e-35  8.33905e-35  1.81375e-36  4.51946e-36  2.39576e-38  1.59536e-37  7.17508e-42  2.42305e-39
-1.12335e-18 -5.15879e-06  4.55785e-18   -3.926e-05   2.0769e-17   0.00064838 -1.10091e-16   -0.0023646  1.32233e-16   0.00137221  5.69627e-17   0.00910048 -1.74102e-16   -0.0167505 -1.32977e-17  -0.00273289  8.47804e-17    0.0219952  9.32803e-17  0.000821529  -9.4697e-17   -0.0162616 -4.76708e-17  -0.00658497  7.56613e-17   0.00615439  1.06522e-17   0.00723866 -4.83024e-17   0.00198253 -2.04246e-17   -0.0017438  1.27335e-17  -0.00217527  1.36533e-17  -0.00111138  6.71928e-18  -0.00017278   3.6147e-18  0.000204811 -9.25769e-19  0.000219733   -3.432e-18  0.000127302 -1.34743e-18  5.07994e-05  6.90656e-19  1.27393e-05  3.62441e-19 -1.10356e-07 -5.39235e-19  -2.3236e-06 -7.05508e-19 -1.64799e-06 -3.25863e-19 -8.03356e-07  9.80852e-20 -3.18759e-07  2.79344e-19 -1.08583e-07   2.1197e-19 -3.24356e-08  6.70457e-20 -8.54636e-09 -1.93029e-20 -1.97238e-09  -3.3256e-20 -3.88026e-10 -1.80847e-20 -5.99903e-11 -4.62296e-21 -4.98302e-12  5.91225e-22  9.66878e-13  1.14041e-21  6.36367e-13  5.40965e-22  2.09804e-13  1.15201e-22  5.42038e-14 -2.51774e-23  1.20393e-14 -3.68941e-23  2.38063e-15 -2.08811e-23  4.26022e-16 -8.50554e-24  6.95806e-17 -2.72618e-24  1.04166e-17 -6.90932e-25  1.43196e-18 -1.39899e-25  1.80777e-19 -2.81319e-26  2.09335e-20 -9.23811e-27  2.21831e-21  -3.8872e-27  2.14403e-22  -1.2647e-27   1.8817e-23 -2.46263e-28  1.49129e-24 -1.95478e-30   1.0599e-25  1.81323e-29  6.69829e-27  7.67912e-30  3.72437e-28  2.01368e-30  1.79773e-29  3.88763e-31  7.40485e-31  5.76952e-32  2.54679e-32  6.61807e-33  7.13812e-34  5.78969e-34  1.59539e-35  3.74544e-35   2.6829e-37  1.67369e-36  1.96311e-39  4.23581e-38 -3.22368e-41
 1.56223e-06   -3.979e-18 -2.79744e-05   1.0809e-17  6.35612e-05  2.48632e-17  0.000609644 -1.27614e-16   -0.0033033  1.28427e-16   0.00407238   7.7562e-17   0.00669002 -1.47381e-16   -0.0174684 -6.49457e-17 -0.000737137  9.32803e-17    0.0208537   8.4647e-17   0.00207937 -8.25185e-17   -0.0153758 -2.09985e-17  -0.00833779  6.63278e-17    0.0044577  1.61661e-18   0.00749354 -4.86334e-17    0.0032828 -2.30659e-17 -0.000821714  7.79772e-18  -0.00203082   1.2675e-17   -0.0013943  9.87809e-18 -0.000484733  5.78379e-18  2.54129e-05  -5.7475e-19  0.000159978 -3.00425e-18  0.000126619 -7.91165e-19  6.56405e-05   7.7273e-19  2.52114e-05  1.04801e-19  6.81376e-06 -8.52127e-19  7.06436e-07 -9.43332e-19 -5.53559e-07 -4.11926e-19 -4.77651e-07  1.40802e-19 -2.43666e-07  3.51544e-19 -9.88171e-08  2.52562e-19  -3.4415e-08  7.77136e-20 -1.06318e-08 -1.96226e-20 -2.96217e-09  -3.4759e-20 -7.51227e-10 -1.88433e-20 -1.74302e-10  -4.9085e-21  -3.7086e-11  4.66001e-22 -7.23632e-12  1.06769e-21 -1.29204e-12  4.98591e-22 -2.10059e-13  9.31122e-23 -3.08151e-14 -3.61603e-23 -4.01203e-15 -4.22321e-23 -4.48519e-16 -2.32194e-23 -3.96736e-17 -9.36105e-24 -1.97659e-18 -2.99468e-24  1.64758e-19 -7.78447e-25  6.50107e-20 -1.74474e-25  1.15703e-20 -4.15609e-26  1.55031e-21 -1.30329e-26    1.714e-22 -4.38698e-27  1.60524e-23 -1.15315e-27  1.27625e-24 -1.70106e-28  8.48442e-26  1.50437e-29  4.52821e-27  1.81143e-29  1.73476e-28  6.34003e-30  2.60358e-30  1.47796e-30 -2.40781e-31  2.57257e-31 -2.54985e-32  3.43746e-32 -1.38288e-33   3.5168e-33 -4.82955e-35  2.69589e-34 -1.02139e-36  1.47745e-35 -1.41803e-38   5.1662e-37 -4.35967e-40  7.63808e-39
 8.58105e-19  3.73604e-06 -9.25262e-18 -6.85268e-05  1.96567e-17  0.000292038  2.61408e-17  0.000164939 -1.34425e-16   -0.0036188  1.12523e-16   0.00651715  9.60733e-17   0.00377831 -1.21698e-16   -0.0174593 -9.11904e-17  0.000821529   8.4647e-17    0.0199676  6.30468e-17   0.00312963 -6.26596e-17   -0.0144048  6.11922e-18   -0.0097605  6.16618e-17   0.00264186 -4.96871e-18   0.00731918 -4.94871e-17    0.0043678    -2.72e-17  0.000228048  1.33636e-18  -0.00163408  1.10039e-17  -0.00150342  1.22193e-17 -0.000745903  7.37555e-18 -0.000176158  8.50893e-20  6.07688e-05 -2.00605e-18  9.63247e-05  5.56882e-20     6.49e-05  9.40819e-19  3.15169e-05 -1.67984e-19  1.20296e-05 -1.23363e-18  3.57919e-06 -1.22226e-18  7.18527e-07 -4.91898e-19  2.10544e-09  1.96626e-19 -8.60436e-08  4.23915e-19 -5.34493e-08  2.88809e-19 -2.30835e-08  8.70821e-20 -8.26151e-09 -1.86686e-20 -2.59254e-09 -3.46645e-20 -7.32124e-10 -1.86353e-20 -1.88742e-10 -4.82806e-21 -4.48142e-11  4.04197e-22  -9.8573e-12   9.7297e-22 -2.01672e-12  4.32812e-22 -3.84872e-13  5.99753e-23 -6.86513e-14 -5.03747e-23 -1.14616e-14   -4.775e-23 -1.79257e-15 -2.50936e-23  -2.6272e-16 -9.88947e-24 -3.60758e-17 -3.13239e-24 -4.63784e-18 -8.28506e-25 -5.57395e-19  -1.9866e-25 -6.24876e-20 -5.09095e-26  -6.5141e-21  -1.5081e-26 -6.28867e-22 -4.33883e-27  -5.5929e-23 -9.46003e-28 -4.55285e-24  -9.6692e-29 -3.36574e-25  2.52232e-29 -2.23815e-26   1.6177e-29 -1.32332e-27  4.82442e-30 -6.85785e-29  1.00271e-30 -3.05897e-30  1.56839e-31 -1.14624e-31  1.87458e-32  -3.4805e-33  1.69345e-33 -8.06433e-35   1.1188e-34 -1.29394e-36  5.02531e-36 -1.38888e-38  1.25509e-37 -1.35251e-40
 5.72885e-07  2.46153e-18  1.96292e-07 -1.64149e-17 -9.88171e-05  2.92064e-17  0.000591636  2.46972e-17 -0.000681069 -1.31131e-16  -0.00311468  9.12507e-17   0.00829119  1.06936e-16  0.000791524 -9.72903e-17   -0.0169946  -9.4697e-17   0.00207937  6.30468e-17    0.0192652  3.37972e-17   0.00403342 -4.16744e-17   -0.0133874   3.1969e-17   -0.0108855  6.17593e-17  0.000787709 -7.69375e-18   0.00676264 -4.96507e-17   0.00516791 -3.25369e-17   0.00130189 -6.19693e-18  -0.00103065  8.45592e-18  -0.00141734  1.31481e-17 -0.000908388  8.10034e-18 -0.000360231   9.4346e-19 -5.71139e-05 -5.40374e-19  4.28558e-05  1.16059e-18  4.82805e-05  1.19753e-18  2.96457e-05  -4.6526e-19  1.38551e-05 -1.67654e-18  5.31565e-06 -1.51681e-18  1.70304e-06 -5.51193e-19   4.4519e-07  2.64108e-19  8.48682e-08  4.91366e-19  4.94225e-09   3.1819e-19  -5.1064e-09  9.45801e-20 -3.22375e-09 -1.63986e-20 -1.29975e-09 -3.28549e-20 -4.27258e-10 -1.73984e-20 -1.22564e-10 -4.35878e-21 -3.15869e-11  4.19509e-22 -7.42534e-12  8.67093e-22 -1.60624e-12  3.50405e-22 -3.21456e-13   1.9383e-23 -5.97129e-14 -6.59838e-23 -1.03147e-14 -5.25963e-23 -1.65818e-15 -2.61962e-23 -2.48068e-16 -1.00143e-23 -3.45086e-17 -3.12522e-24 -4.45709e-18 -8.35751e-25  -5.3333e-19 -2.09044e-25 -5.89537e-20 -5.49104e-26  -5.9982e-21 -1.52548e-26 -5.59228e-22 -3.84147e-27 -4.75191e-23 -6.95489e-28 -3.65612e-24 -3.68587e-29 -2.52701e-25  2.87255e-29 -1.55389e-26  1.31084e-29 -8.39888e-28  3.38814e-30 -3.92973e-29  6.28169e-31  -1.5599e-30  8.79019e-32 -5.10722e-32  9.32428e-33 -1.32029e-33  7.34472e-34 -2.50133e-35  4.08824e-35 -3.09868e-37  1.42953e-36 -2.55289e-39  2.08087e-38
-1.39417e-19  3.07507e-06  4.64901e-18 -2.06924e-05 -2.36741e-17 -6.43947e-05  3.69365e-17  0.000820573  2.10547e-17  -0.00173805 -1.20432e-16  -0.00185276  7.07433e-17   0.00921943  1.07844e-16  -0.00200308 -7.30095e-17   -0.0162616 -8.25185e-17   0.00312963  3.37972e-17    0.0187007  1.85341e-18   0.00483153 -2.37345e-17   -0.0123451  5.46431e-17   -0.0117443  6.57956e-17  -0.00104402 -5.80589e-18   0.00587901 -4.82635e-17   0.00563971 -3.82373e-17   0.00230135  -1.4045e-17 -0.000288788  4.91086e-18  -0.00114378  1.22635e-17 -0.000941714  7.77976e-18 -0.000490278  1.84251e-18 -0.000168086  1.22766e-18 -2.10263e-05  2.43857e-18  2.02117e-05  1.49356e-18    2.026e-05  -8.1516e-19  1.18381e-05 -2.16556e-18  5.40643e-06 -1.79645e-18  2.08079e-06 -5.77711e-19  6.94355e-07   3.3985e-19  2.02666e-07  5.49049e-19  5.14163e-08  3.38754e-19  1.10139e-08  9.98214e-20  1.81699e-09 -1.28519e-20  1.41684e-10 -2.93789e-20 -4.68507e-11    -1.52e-20 -2.93265e-11 -3.54041e-21 -1.02668e-11  5.05032e-22 -2.86165e-12  7.56661e-22 -6.89455e-13  2.58494e-22 -1.48299e-13 -2.41656e-23 -2.89272e-14 -8.07324e-23 -5.15967e-15 -5.58931e-23 -8.45294e-16  -2.6297e-23 -1.27459e-16 -9.70962e-24 -1.76983e-17 -2.97682e-24 -2.26141e-18 -8.00166e-25 -2.65441e-19 -2.04611e-25 -2.85461e-20 -5.35015e-26 -2.80264e-21 -1.38499e-26 -2.50067e-22 -3.07338e-27 -2.01631e-23 -4.52275e-28 -1.45897e-24  3.92177e-30 -9.39256e-26  2.70373e-29 -5.32228e-27  9.71274e-30 -2.61847e-28  2.19671e-30 -1.09866e-29  3.62819e-31 -3.83601e-31  4.51624e-32 -1.07424e-32  4.21058e-33 -2.26487e-34  2.84476e-34 -3.19264e-36  1.29114e-35 -2.62128e-38  3.21111e-37 -2.04729e-40
-7.07265e-08 -1.69362e-19  7.14962e-06  6.66522e-18 -6.41044e-05 -2.87362e-17  8.15371e-05  4.10153e-17  0.000815039   1.5664e-17  -0.00271338 -1.05633e-16 -8.10965e-05  5.41221e-17   0.00932344  1.00252e-16  -0.00447552 -4.76708e-17   -0.0153758 -6.26596e-17   0.00403342  1.85341e-18    0.0182453 -2.89905e-17   0.00555266 -1.08059e-17   -0.0112895  7.26481e-17   -0.0123646  7.25908e-17  -0.00280745   5.9177e-19    0.0047265  -4.4841e-17   0.00576248  -4.3152e-17   0.00313932 -2.13436e-17  0.000509188  3.89846e-19 -0.000717401  9.46626e-18 -0.000837972  6.39687e-18 -0.000540754  2.63742e-18 -0.000248213  3.11266e-18 -7.99532e-05  3.75722e-18 -1.16682e-05  1.73394e-18  6.35594e-06 -1.25344e-18  6.84877e-06 -2.67686e-18  3.97336e-06 -2.03087e-18  1.79541e-06  -5.6427e-19  6.89542e-07  4.18695e-19  2.33196e-07  5.92805e-19  7.06808e-08  3.49323e-19  1.93806e-08  1.02673e-19  4.82911e-09 -8.15709e-21  1.09433e-09  -2.4465e-20  2.24884e-10 -1.22352e-20  4.15799e-11 -2.47064e-21  6.80376e-12  6.34699e-22  9.50357e-13  6.43747e-22  1.02792e-13  1.63892e-22  5.24596e-15 -6.59354e-23 -1.14958e-15 -9.24224e-23 -4.68301e-16 -5.69615e-23 -1.06048e-16 -2.53084e-23 -1.89125e-17  -9.0077e-24 -2.87416e-18 -2.70799e-24 -3.83133e-19  -7.2733e-25 -4.53376e-20 -1.86966e-25 -4.78221e-21  -4.7704e-26 -4.49426e-22  -1.1431e-26 -3.74859e-23 -2.22765e-27 -2.75552e-24   -2.521e-28 -1.76607e-25  2.57182e-29 -9.71379e-27  2.22716e-29 -4.47414e-28  6.60783e-30 -1.65481e-29   1.3142e-30 -4.49442e-31  1.92791e-31 -6.49995e-33  2.11928e-32  1.07826e-34  1.71527e-33  1.00199e-35  9.71862e-35  2.94284e-37  3.41781e-36  2.90265e-39  4.93832e-38
-1.96785e-19  7.43151e-07  9.36829e-20  6.99566e-06  7.64772e-18 -0.000113389 -2.99236e-17  0.000334082  4.10855e-17  0.000477162  8.91896e-18  -0.00333443 -8.96912e-17   0.00188571  4.13522e-17   0.00873576  8.80665e-17  -0.00658497 -2.09985e-17   -0.0144048 -4.16744e-17   0.00483153 -2.89905e-17    0.0178803 -5.63095e-17   0.00621819 -3.30476e-18   -0.0102258  8.52738e-17   -0.0127698  8.09665e-17  -0.00446708  1.06733e-17   0.00336404 -3.91787e-17   0.00553515 -4.61093e-17   0.00374459 -2.73116e-17   0.00127581 -4.90282e-18 -0.000194496  4.99768e-18 -0.000612968    4.126e-18 -0.000502417   3.2568e-18 -0.000281095  4.94661e-18 -0.000120315  4.95424e-18 -3.90148e-05  1.80259e-18 -7.89262e-06 -1.80643e-18  6.52664e-07 -3.17793e-18  1.65421e-06 -2.19445e-18  1.04107e-06  -5.0962e-19   4.7779e-07  4.94381e-19  1.83565e-07  6.19619e-19  6.19861e-08  3.49646e-19  1.88348e-08  1.03266e-19  5.21914e-09 -2.54456e-21  1.33005e-09 -1.85083e-20  3.13499e-10 -8.80154e-21  6.86199e-11 -1.28771e-21  1.39892e-11  7.70345e-22  2.66217e-12   5.2766e-22  4.73741e-13  7.28701e-23  7.89414e-14 -1.01616e-22  1.23308e-14 -9.93622e-23  1.80686e-15 -5.54887e-23  2.48467e-16   -2.331e-23  3.20601e-17 -7.99245e-24  3.87846e-18 -2.35256e-24  4.39151e-19 -6.27454e-25  4.64107e-20 -1.59826e-25  4.55951e-21 -3.92002e-26  4.14156e-22 -8.62919e-27  3.45444e-23 -1.45829e-27  2.62375e-24 -1.10581e-28  1.79659e-25  3.25269e-29  1.09595e-26  1.64474e-29  5.87159e-28  4.13583e-30  2.71506e-29   7.2461e-31  1.06014e-30  9.39795e-32  3.39842e-32  9.03915e-33  8.61413e-34  6.24854e-34  1.62736e-35  2.87404e-35  1.97094e-37  7.15952e-37  7.84232e-40
