    0.083091  8.66186e-18   -0.0544997  1.34038e-17   -0.0208703  3.50562e-17   0.00473259 -9.19963e-18   0.00537258 -5.88635e-18   0.00107228  8.55865e-19 -0.000344918  5.77354e-19 -0.000220374 -1.29982e-19 -4.10474e-05 -6.49694e-20 -1.54299e-06 -6.47378e-21  2.02561e-07
 8.66186e-18     0.125474 -5.60908e-17   -0.0324239  5.40694e-17   -0.0333823   3.8799e-17 -0.000929175 -8.30582e-18    0.0069077 -4.48627e-18   0.00259651  2.40221e-18  -5.1049e-05  7.96811e-19 -0.000272511 -2.27793e-19 -7.18193e-05 -9.81103e-20 -6.24063e-06 -9.45637e-21
  -0.0544997 -5.60908e-17     0.100929 -8.82032e-17  -0.00869902  4.90535e-17    -0.033607  2.71852e-17  -0.00645805 -8.40538e-18   0.00627563 -5.93055e-19   0.00369784  4.45845e-18  0.000497453  1.05652e-18 -0.000166242 -2.43793e-19 -6.22619e-05 -1.00765e-19 -4.98504e-06
 1.34038e-17   -0.0324239 -8.82032e-17    0.0710693 -7.32476e-17   0.00154849  2.93767e-17   -0.0303852  6.64155e-18   -0.0103167 -1.19737e-17    0.0045884  3.00789e-18   0.00413764  6.00318e-18   0.00102364  1.23917e-18  2.02039e-05 -2.12716e-19 -2.46096e-05 -6.81663e-20
  -0.0208703  5.40694e-17  -0.00869902 -7.32476e-17    0.0554033 -4.06312e-17   0.00565803  1.33071e-17   -0.0272168 -1.55134e-17   -0.0131047 -1.63384e-17   0.00230939  5.32345e-18   0.00383679  6.60923e-18   0.00127911  1.20758e-18  0.000155145 -1.60017e-19  2.10755e-06
 3.50562e-17   -0.0333823  4.90535e-17   0.00154849 -4.06312e-17    0.0476323 -6.07814e-18   0.00806772  2.69403e-18   -0.0244347 -3.28024e-17   -0.0152595 -1.78694e-17 -0.000371804  7.10913e-18   0.00279227  6.50743e-18   0.00111929  9.84192e-19  0.000156171 -7.96718e-20
  0.00473259   3.8799e-17    -0.033607  2.93767e-17   0.00565803 -6.07814e-18    0.0431849  2.51863e-17    0.0100346 -4.00787e-18    -0.021812   -4.051e-17   -0.0168667 -1.40399e-17  -0.00319439  9.36674e-18   0.00122341  5.92854e-18  0.000637174  6.75369e-19  6.95381e-05
-9.19963e-18 -0.000929175  2.71852e-17   -0.0303852  1.33071e-17   0.00806772  2.51863e-17    0.0406146  4.75786e-17    0.0120604 -8.20024e-18   -0.0189789  -3.7312e-17   -0.0176417 -4.90763e-18  -0.00557849  1.16215e-17 -0.000303469  4.79516e-18  0.000157667  3.45952e-19
  0.00537258 -8.30582e-18  -0.00645805  6.64155e-18   -0.0272168  2.69403e-18    0.0100346  4.75786e-17    0.0394281  5.49249e-17    0.0145611 -1.15671e-17   -0.0153455 -2.57705e-17   -0.0168791  5.98252e-18  -0.00662993   1.2076e-17  -0.00110273  3.10755e-18 -4.59356e-05
-5.88635e-18    0.0069077 -8.40538e-18   -0.0103167 -1.55134e-17   -0.0244347 -4.00787e-18    0.0120604  5.49249e-17    0.0395241  4.40759e-17    0.0180734 -1.52718e-17   -0.0100882  -1.1311e-17   -0.0137441  1.33802e-17  -0.00571795  9.68687e-18 -0.000960185  1.33972e-18
  0.00107228 -4.48627e-18   0.00627563 -1.19737e-17   -0.0131047 -3.28024e-17    -0.021812 -8.20024e-18    0.0145611  4.40759e-17    0.0411216   1.8611e-17    0.0232376 -1.85193e-17  -0.00262631  2.48363e-19  -0.00822256  1.42441e-17  -0.00333056  5.57378e-18 -0.000388353
 8.55865e-19   0.00259651 -5.93055e-19    0.0045884 -1.63384e-17   -0.0152595   -4.051e-17   -0.0189789 -1.15671e-17    0.0180734   1.8611e-17    0.0446081 -1.06128e-17    0.0302004 -1.93056e-17    0.0062229  5.58075e-18  -0.00204648  9.98165e-18  -0.00101218  1.98306e-18
-0.000344918  2.40221e-18   0.00369784  3.00789e-18   0.00230939 -1.78694e-17   -0.0168667  -3.7312e-17   -0.0153455 -1.52718e-17    0.0232376 -1.06128e-17    0.0498501 -3.10641e-17    0.0373755 -1.68704e-17    0.0134982  5.29234e-18   0.00204366  4.65351e-18  4.53897e-05
 5.77354e-19  -5.1049e-05  4.45845e-18   0.00413764  5.32345e-18 -0.000371804 -1.40399e-17   -0.0176417 -2.57705e-17   -0.0100882 -1.85193e-17    0.0302004 -3.10641e-17    0.0549103 -3.66665e-17    0.0409376 -1.24976e-17    0.0156966  2.66523e-18   0.00273965  1.26436e-18
-0.000220374  7.96811e-19  0.000497453  6.00318e-18   0.00383679  7.10913e-18  -0.00319439 -4.90763e-18   -0.0168791  -1.1311e-17  -0.00262631 -1.93056e-17    0.0373755 -3.66665e-17    0.0556385 -3.04123e-17    0.0371319 -7.94953e-18    0.0121836  6.50938e-19   0.00138668
-1.29982e-19 -0.000272511  1.05652e-18   0.00102364  6.60923e-18   0.00279227  9.36674e-18  -0.00557849  5.98252e-18   -0.0137441  2.48363e-19    0.0062229 -1.68704e-17    0.0409376 -3.04123e-17    0.0482445 -1.96053e-17    0.0263256 -4.21006e-18   0.00625776 -5.00335e-21
-4.10474e-05 -2.27793e-19 -0.000166242  1.23917e-18   0.00127911  6.50743e-18   0.00122341  1.16215e-17  -0.00662993  1.33802e-17  -0.00822256  5.58075e-18    0.0134982 -1.24976e-17    0.0371319 -1.96053e-17    0.0335634  -1.0008e-17    0.0137387 -1.67709e-18   0.00185966
-6.49694e-20 -7.18193e-05 -2.43793e-19  2.02039e-05  1.20758e-18   0.00111929  5.92854e-18 -0.000303469   1.2076e-17  -0.00571795  1.42441e-17  -0.00204648  5.29234e-18    0.0156966 -7.94953e-18    0.0263256  -1.0008e-17    0.0176133 -3.90138e-18   0.00484857 -4.08463e-19
-1.54299e-06 -9.81103e-20 -6.22619e-05 -2.12716e-19  0.000155145  9.84192e-19  0.000637174  4.79516e-18  -0.00110273  9.68687e-18  -0.00333056  9.98165e-18   0.00204366  2.66523e-18    0.0121836 -4.21006e-18    0.0137387 -3.90138e-18   0.00647043 -1.05132e-18  0.000969334
-6.47378e-21 -6.24063e-06 -1.00765e-19 -2.46096e-05 -1.60017e-19  0.000156171  6.75369e-19  0.000157667  3.10755e-18 -0.000960185  5.57378e-18  -0.00101218  4.65351e-18   0.00273965  6.50938e-19   0.00625776 -1.67709e-18   0.00484857 -1.05132e-18   0.00147342 -1.56847e-19
 2.02561e-07 -9.45637e-21 -4.98504e-06 -6.81663e-20  2.10755e-06 -7.96718e-20  6.95381e-05  3.45952e-19 -4.59356e-05  1.33972e-18 -0.000388353  1.98306e-18  4.53897e-05  1.26436e-18   0.00138668 -5.00335e-21   0.00185966 -4.08463e-19  0.000969334 -1.56847e-19  0.000155938
