    0.113807  5.05453e-13    0.0801423  1.20503e-13  -0.00528843  -7.3853e-14   -0.0157752 -3.52235e-14  -0.00215049  5.02603e-15   0.00203887  6.50811e-15  0.000818728  1.10138e-15 -1.31743e-06 -3.04113e-16 -6.09496e-05 -1.32907e-16    -1.22e-05 -1.35495e-17 -5.23862e-07
 5.05453e-13     0.142823  4.48156e-13    0.0533636  2.93764e-14   -0.0181247 -9.84846e-14   -0.0179305 -3.66143e-14  -0.00162513  8.61714e-15   0.00290298   9.2278e-15   0.00121332  1.86116e-15  5.80567e-05  -2.7423e-16 -6.63513e-05 -1.49619e-16  -1.3323e-05 -1.28362e-17
   0.0801423  4.48156e-13     0.100471  2.83734e-13    0.0291822 -1.19821e-14   -0.0202974 -9.68709e-14   -0.0174342 -3.60405e-14  -0.00158802  9.28538e-15   0.00320338  1.06261e-14   0.00149523  2.65261e-15  0.000169338 -3.13697e-17 -3.69812e-05   -9.057e-17 -6.84385e-06
 1.20503e-13    0.0533636  2.83734e-13    0.0664224  1.96334e-13    0.0200074 -1.93879e-14   -0.0191678 -9.15432e-14   -0.0169758 -3.70453e-14  -0.00206235  7.82253e-15   0.00308406  1.08827e-14   0.00163713   3.2493e-15  0.000279368  2.58868e-16  1.21439e-06 -1.82746e-17
 -0.00528843  2.93764e-14    0.0291822  1.96334e-13    0.0509824  1.59175e-13    0.0166326 -1.87116e-14   -0.0177373 -8.69371e-14   -0.0167826 -3.93914e-14  -0.00293468    4.555e-15   0.00255899  9.80769e-15   0.00155801  3.28619e-15  0.000312962  3.75221e-16  1.63205e-05
 -7.3853e-14   -0.0181247 -1.19821e-14    0.0200074  1.59175e-13    0.0434339  1.39696e-13    0.0150919 -1.59384e-14   -0.0163366 -8.30126e-14   -0.0167792 -4.27618e-14  -0.00414307 -3.88193e-16   0.00161944  7.22262e-15   0.00119876  2.53488e-15  0.000231895  2.40236e-16
  -0.0157752 -9.84846e-14   -0.0202974 -1.93879e-14    0.0166326  1.39696e-13    0.0389836  1.28368e-13    0.0145286 -1.18242e-14   -0.0149048 -7.92728e-14   -0.0168416 -4.66461e-14  -0.00556641 -6.53813e-15  0.000365589   3.4872e-15  0.000636224  1.27915e-15  9.40347e-05
-3.52235e-14   -0.0179305 -9.68709e-14   -0.0191678 -1.87116e-14    0.0150919  1.28368e-13    0.0363198  1.22384e-13    0.0146998 -6.24888e-15   -0.0132758 -7.47734e-14   -0.0167059 -4.97972e-14  -0.00686819 -1.24133e-14  -0.00084984 -8.25687e-17   0.00012736  2.71643e-16
 -0.00215049 -3.66143e-14   -0.0174342 -9.15432e-14   -0.0177373 -1.59384e-14    0.0145286  1.22384e-13    0.0349292  1.20617e-13    0.0155911  1.58382e-15   -0.0111119 -6.76637e-14   -0.0158324 -4.96618e-14  -0.00739371 -1.53929e-14  -0.00148393 -1.82048e-15 -8.13671e-05
 5.02603e-15  -0.00162513 -3.60405e-14   -0.0169758 -8.69371e-14   -0.0163366 -1.18242e-14    0.0146998  1.20617e-13    0.0346272  1.23046e-13    0.0174164  1.34303e-14  -0.00781095 -5.48909e-14   -0.0134111  -4.2924e-14  -0.00644924 -1.33825e-14  -0.00125353 -1.36403e-15
  0.00203887  8.61714e-15  -0.00158802 -3.70453e-14   -0.0167826 -8.30126e-14   -0.0149048 -6.24888e-15    0.0155911  1.23046e-13    0.0355075   1.3078e-13    0.0206488  3.19718e-14  -0.00263786 -3.35609e-14  -0.00891431 -2.85224e-14  -0.00407708 -7.53826e-15 -0.000544724
 6.50811e-15   0.00290298  9.28538e-15  -0.00206235 -3.93914e-14   -0.0167792 -7.92728e-14   -0.0132758  1.58382e-15    0.0174164   1.3078e-13    0.0379348  1.45742e-13    0.0257803  5.87506e-14   0.00447957 -5.17205e-15  -0.00315452 -1.11395e-14  -0.00148152 -2.11003e-15
 0.000818728   9.2278e-15   0.00320338  7.82253e-15  -0.00293468 -4.27618e-14   -0.0168416 -7.47734e-14   -0.0111119  1.34303e-14    0.0206488  1.45742e-13    0.0422584  1.68181e-13    0.0323666  8.91421e-14    0.0117374  2.08113e-14   0.00149485  8.05546e-16 -5.71515e-05
 1.10138e-15   0.00121332  1.06261e-14   0.00308406    4.555e-15  -0.00414307 -4.66461e-14   -0.0167059 -6.76637e-14  -0.00781095  3.19718e-14    0.0257803  1.68181e-13    0.0477996  1.91275e-13    0.0377678  1.09263e-13    0.0156251  3.18644e-14   0.00298176  3.30983e-15
-1.31743e-06  1.86116e-15   0.00149523  1.08827e-14   0.00255899 -3.88193e-16  -0.00556641 -4.97972e-14   -0.0158324 -5.48909e-14  -0.00263786  5.87506e-14    0.0323666  1.91275e-13    0.0515897  1.98526e-13     0.037706  1.03935e-13    0.0138256  2.49012e-14   0.00179101
-3.04113e-16  5.80567e-05  2.65261e-15   0.00163713  9.80769e-15   0.00161944 -6.53813e-15  -0.00686819 -4.96618e-14   -0.0134111 -3.35609e-14   0.00447957  8.91421e-14    0.0377678  1.98526e-13    0.0490876  1.73697e-13    0.0299662  7.29738e-14   0.00809652  1.05369e-14
-6.09496e-05  -2.7423e-16  0.000169338   3.2493e-15   0.00155801  7.22262e-15  0.000365589 -1.24133e-14  -0.00739371  -4.2924e-14  -0.00891431 -5.17205e-15    0.0117374  1.09263e-13     0.037706  1.73697e-13    0.0381844   1.1927e-13    0.0176959   3.5069e-14   0.00274507
-1.32907e-16 -6.63513e-05 -3.13697e-17  0.000279368  3.28619e-15   0.00119876   3.4872e-15  -0.00084984 -1.53929e-14  -0.00644924 -2.85224e-14  -0.00315452  2.08113e-14    0.0156251  1.03935e-13    0.0299662   1.1927e-13    0.0226403  5.97552e-14   0.00710073   9.7973e-15
   -1.22e-05 -1.49619e-16 -3.69812e-05  2.58868e-16  0.000312962  2.53488e-15  0.000636224 -8.25687e-17  -0.00148393 -1.33825e-14  -0.00407708 -1.11395e-14   0.00149485  3.18644e-14    0.0138256  7.29738e-14    0.0176959  5.97552e-14   0.00944925  1.97585e-14   0.00161836
-1.35495e-17  -1.3323e-05   -9.057e-17  1.21439e-06  3.75221e-16  0.000231895  1.27915e-15   0.00012736 -1.82048e-15  -0.00125353 -7.53826e-15  -0.00148152  8.05546e-16   0.00298176  2.49012e-14   0.00809652   3.5069e-14   0.00710073  1.97585e-14   0.00245218  3.51042e-15
-5.23862e-07 -1.28362e-17 -6.84385e-06 -1.82746e-17  1.63205e-05  2.40236e-16  9.40347e-05  2.71643e-16 -8.13671e-05 -1.36403e-15 -0.000544724 -2.11003e-15 -5.71515e-05  3.30983e-15   0.00179101  1.05369e-14   0.00274507   9.7973e-15   0.00161836  3.51042e-15  0.000296349
