 5.51649e-05  5.56102e-22 -0.000423369 -7.95747e-21  0.000899309  4.79647e-20 -0.000599271 -1.55845e-19 -8.09972e-05  2.40137e-19    9.541e-05 -1.59547e-19  3.19038e-05  2.22817e-20  9.04255e-07  1.86656e-20 -1.16987e-06 -1.37052e-21 -2.06672e-07 -6.97329e-22 -9.13442e-09
 5.56102e-22  0.000667973  2.83551e-21  -0.00268054 -2.81049e-20   0.00369334  1.94587e-19  -0.00119705 -6.03665e-19 -0.000714717  7.80267e-19  7.38976e-05 -4.06656e-19   9.6275e-05  1.89062e-20  2.01954e-05  5.43242e-20  1.11111e-06 -1.35674e-21 -8.79453e-08 -3.36999e-22
-0.000423369  2.83551e-21    0.0037352 -7.45232e-22  -0.00952921 -5.61656e-21    0.0085416  4.44444e-19 -0.000228537  -1.4326e-18  -0.00175933  1.54708e-18  -0.00034552 -6.48067e-19  7.00692e-05  -4.4115e-21  3.45359e-05   8.4161e-20  4.42594e-06  1.48245e-21  1.51266e-07
-7.95747e-21  -0.00268054 -7.45232e-22    0.0128582 -6.55103e-20   -0.0226357   2.9235e-19    0.0123722  6.31861e-19   0.00376725 -2.42194e-18  -0.00194445  2.14681e-18  -0.00098465 -7.67259e-19 -0.000117746 -2.24106e-20  1.07894e-05  7.88754e-20  2.88237e-06  3.09605e-21
 0.000899309 -2.81049e-20  -0.00952921 -6.55103e-20    0.0307169 -3.50403e-19   -0.0388401  1.26862e-18    0.0101263  5.14616e-19   0.00946392  -3.1089e-18 -4.22294e-05  2.18001e-18  -0.00109141 -7.51615e-19  -0.00028201 -4.55774e-20  -2.4451e-05  3.81629e-20  -2.9133e-07
 4.79647e-20   0.00369334 -5.61656e-21   -0.0226357 -3.50403e-19    0.0546373 -1.09168e-18    -0.050385  3.13214e-18 -0.000437959  5.33359e-20    0.0127423 -3.11453e-18   0.00322279  1.64245e-18 -0.000287391 -6.65734e-19 -0.000213168 -1.04874e-19 -2.53956e-05 -4.18648e-21
-0.000599271  1.94587e-19    0.0085416   2.9235e-19   -0.0388401 -1.09168e-18    0.0763395  -2.3746e-18   -0.0508382  5.37801e-18   -0.0158778 -4.96587e-19    0.0101885 -2.36249e-18   0.00533785  9.89902e-19  0.000747919 -5.47275e-19 -1.17387e-05 -1.62951e-19 -6.02986e-06
-1.55845e-19  -0.00119705  4.44444e-19    0.0123722  1.26862e-18    -0.050385  -2.3746e-18     0.088252 -3.79056e-18    -0.040175  6.84105e-18   -0.0296099 -7.52216e-19   0.00228623 -9.21159e-19   0.00447742  7.95815e-19   0.00105589 -3.74324e-19  8.14927e-05 -1.39468e-19
-8.09972e-05 -6.03665e-19 -0.000228537  6.31861e-19    0.0101263  3.13214e-18   -0.0508382 -3.79056e-18    0.0896569 -4.39705e-18   -0.0231944  6.69897e-18    -0.036281 -1.87937e-19   -0.0067616  1.27213e-18   0.00144735  1.25603e-18  0.000583626  -1.5744e-19  4.27654e-05
 2.40137e-19 -0.000714717  -1.4326e-18   0.00376725  5.14616e-19 -0.000437959  5.37801e-18    -0.040175 -4.39705e-18    0.0859515 -3.31252e-18   -0.0042989  5.59195e-18   -0.0336233  1.98654e-18   -0.0119495  4.16407e-18   -0.0011845  1.89761e-18  5.90126e-05 -1.06093e-20
   9.541e-05  7.80267e-19  -0.00175933 -2.42194e-18   0.00946392  5.33359e-20   -0.0158778  6.84105e-18   -0.0231944 -3.31252e-18    0.0833336  -4.6507e-19    0.0148764  5.50458e-18   -0.0224429  6.18707e-18    -0.010961  6.81994e-18  -0.00178137  1.91992e-18 -7.91234e-05
-1.59547e-19  7.38976e-05  1.54708e-18  -0.00194445  -3.1089e-18    0.0127423 -4.96587e-19   -0.0296099  6.69897e-18   -0.0042989  -4.6507e-19      0.08483  3.50801e-18    0.0333104  8.10586e-18  -0.00688383  1.11133e-17  -0.00584577  7.52532e-18 -0.000961549  1.10114e-18
 3.19038e-05 -4.06656e-19  -0.00034552  2.14681e-18 -4.22294e-05 -3.11453e-18    0.0101885 -7.52216e-19    -0.036281  5.59195e-18    0.0148764  3.50801e-18    0.0890758  8.07874e-18     0.047452  1.27735e-17   0.00631962  1.37215e-17  -0.00100656  5.54878e-18 -0.000192293
 2.22817e-20   9.6275e-05 -6.48067e-19  -0.00098465  2.18001e-18   0.00322279 -2.36249e-18   0.00228623 -1.87937e-19   -0.0336233  5.50458e-18    0.0333104  8.07874e-18     0.090637  1.27913e-17    0.0517344  1.63065e-17    0.0117617  1.18609e-17  0.000919356  2.39273e-18
 9.04255e-07  1.89062e-20  7.00692e-05 -7.67259e-19  -0.00109141  1.64245e-18   0.00533785 -9.21159e-19   -0.0067616  1.98654e-18   -0.0224429  8.10586e-18     0.047452  1.27913e-17    0.0828469  1.61419e-17    0.0436553  1.54928e-17   0.00960876  6.88094e-18  0.000659424
 1.86656e-20  2.01954e-05  -4.4115e-21 -0.000117746 -7.51615e-19 -0.000287391  9.89902e-19   0.00447742  1.27213e-18   -0.0119495  6.18707e-18  -0.00688383  1.27735e-17    0.0517344  1.61419e-17    0.0635555   1.5868e-17    0.0278144  1.04836e-17   0.00469138  2.32459e-18
-1.16987e-06  5.43242e-20  3.45359e-05 -2.24106e-20  -0.00028201 -6.65734e-19  0.000747919  7.95815e-19   0.00144735  4.16407e-18    -0.010961  1.11133e-17   0.00631962  1.63065e-17    0.0436553   1.5868e-17    0.0386075  1.15592e-17    0.0127915  4.72629e-18   0.00126843
-1.37052e-21  1.11111e-06   8.4161e-20  1.07894e-05 -4.55774e-20 -0.000213168 -5.47275e-19   0.00105589  1.25603e-18   -0.0011845  6.81994e-18  -0.00584577  1.37215e-17    0.0117617  1.54928e-17    0.0278144  1.15592e-17    0.0175339  5.87606e-18   0.00392748  1.21107e-18
-2.06672e-07 -1.35674e-21  4.42594e-06  7.88754e-20  -2.4451e-05 -1.04874e-19 -1.17387e-05 -3.74324e-19  0.000583626  1.89761e-18  -0.00178137  7.52532e-18  -0.00100656  1.18609e-17   0.00960876  1.04836e-17    0.0127915  5.87606e-18     0.005536  1.90175e-18  0.000676407
-6.97329e-22 -8.79453e-08  1.48245e-21  2.88237e-06  3.81629e-20 -2.53956e-05 -1.62951e-19  8.14927e-05  -1.5744e-19  5.90126e-05  1.91992e-18 -0.000961549  5.54878e-18  0.000919356  6.88094e-18   0.00469138  4.72629e-18   0.00392748  1.90175e-18   0.00107658  3.20659e-19
-9.13442e-09 -3.36999e-22  1.51266e-07  3.09605e-21  -2.9133e-07 -4.18648e-21 -6.02986e-06 -1.39468e-19  4.27654e-05 -1.06093e-20 -7.91234e-05  1.10114e-18 -0.000192293  2.39273e-18  0.000659424  2.32459e-18   0.00126843  1.21107e-18  0.000676407  3.20659e-19  9.66641e-05
