 0.000478178 -2.02179e-19  -0.00214378  1.54315e-18     0.002814 -2.94732e-18  -0.00110057  2.52707e-18 -0.000499744 -1.02728e-18  0.000384224  1.71639e-19  7.61703e-05 -8.24402e-20 -6.82378e-05  9.86077e-20 -8.89056e-06 -4.02256e-20  4.70532e-06   5.6014e-21  2.71059e-07
-2.02179e-19   0.00329571 -9.84685e-19  -0.00778677  4.95236e-18    0.0066205 -7.03588e-18 -0.000761906  4.45054e-18  -0.00183356 -9.45372e-19   0.00051462 -2.67519e-19  0.000341332  3.90299e-20 -9.81349e-05   1.0552e-19 -3.44411e-05 -4.27346e-20  5.15435e-06  4.72817e-21
 -0.00214378 -9.84685e-19    0.0105723  -2.6119e-18   -0.0160577   9.4137e-18    0.0087318 -1.02151e-17   0.00173526  4.43212e-18  -0.00322578   4.1171e-19  0.000112689 -1.13672e-18   0.00065254  3.10927e-19 -5.55685e-05  1.88629e-20 -5.68443e-05 -2.21195e-20  2.09263e-06
 1.54315e-18  -0.00778677  -2.6119e-18    0.0211477  -4.5788e-18   -0.0225873  1.26967e-17   0.00698572 -1.08426e-17   0.00533022   2.7576e-18  -0.00374144  2.00982e-18 -0.000690947 -1.77229e-18  0.000830957  5.68141e-19  3.58061e-05 -9.12965e-20 -5.91231e-05 -4.37807e-21
    0.002814  4.95236e-18   -0.0160577  -4.5788e-18    0.0300573 -6.01025e-18   -0.0239002   1.3893e-17    0.0023801 -1.00092e-17   0.00824338  1.45905e-18  -0.00322561  2.26397e-18   -0.0015219 -1.59414e-18  0.000821901  6.65466e-19  0.000121366 -1.22194e-19 -3.99097e-05
-2.94732e-18    0.0066205   9.4137e-18   -0.0225873 -6.01025e-18    0.0332531 -6.65565e-18   -0.0206806  1.39783e-17  -0.00250572  -9.3931e-18   0.00969052  1.85003e-18  -0.00214464  5.82898e-19  -0.00212664  -7.7381e-19  0.000678526  5.65507e-19  0.000160189 -5.91058e-20
 -0.00110057 -7.03588e-18    0.0087318  1.26967e-17   -0.0239002 -6.65565e-18    0.0312408  -6.8265e-18    -0.016027  1.33357e-17  -0.00608603 -8.49115e-18   0.00998149  3.51782e-18  -0.00097777 -2.03927e-18   -0.0024499 -3.44956e-20    0.0004777  3.15164e-19  0.000134372
 2.52707e-18 -0.000761906 -1.02151e-17   0.00698572   1.3893e-17   -0.0206806  -6.8265e-18     0.027291 -6.39842e-18   -0.0121993  1.01986e-17   -0.0082844  -5.6173e-18   0.00971363   5.3126e-18  4.29896e-05 -3.75813e-18  -0.00253031  1.61671e-19  0.000277038  5.52985e-20
-0.000499744  4.45054e-18   0.00173526 -1.08426e-17    0.0023801  1.39783e-17    -0.016027 -6.39842e-18    0.0239295 -4.42723e-18  -0.00970665  2.66143e-18  -0.00964075 -9.26194e-19   0.00928309  6.15768e-18  0.000864275 -3.32754e-18  -0.00241002  2.20836e-20  0.000113027
-1.02728e-18  -0.00183356  4.43212e-18   0.00533022 -1.00092e-17  -0.00250572  1.33357e-17   -0.0121993 -4.42723e-18    0.0218608 -1.00555e-19  -0.00819835 -7.92799e-18   -0.0106237  3.06153e-18   0.00886125  5.20925e-18   0.00149382 -1.21352e-18  -0.00209707 -2.87399e-21
 0.000384224 -9.45372e-19  -0.00322578   2.7576e-18   0.00824338  -9.3931e-18  -0.00608603  1.01986e-17  -0.00970665 -1.00555e-19    0.0208472  5.79795e-18  -0.00727833 -1.63887e-17   -0.0115012  3.95102e-18   0.00850337  2.39716e-18   0.00193592   6.4155e-19  -0.00154115
 1.71639e-19   0.00051462   4.1171e-19  -0.00374144  1.45905e-18   0.00969052 -8.49115e-18   -0.0082844  2.66143e-18  -0.00819835  5.79795e-18    0.0205655   1.0522e-17  -0.00672207 -1.71813e-17   -0.0124252  1.79213e-18   0.00821765 -9.50574e-19   0.00215645  7.89128e-19
 7.61703e-05 -2.67519e-19  0.000112689  2.00982e-18  -0.00322561  1.85003e-18   0.00998149  -5.6173e-18  -0.00964075 -7.92799e-18  -0.00727833   1.0522e-17     0.020862   1.0932e-17  -0.00643041 -9.06551e-18   -0.0135109  -8.1771e-19   0.00798757 -2.63767e-18   0.00201959
-8.24402e-20  0.000341332 -1.13672e-18 -0.000690947  2.26397e-18  -0.00214464  3.51782e-18   0.00971363 -9.26194e-19   -0.0106237 -1.63887e-17  -0.00672207   1.0932e-17    0.0217317  6.01518e-18  -0.00637351  2.76016e-18   -0.0148837 -1.08282e-18   0.00771629  -1.8225e-18
-6.82378e-05  3.90299e-20   0.00065254 -1.77229e-18   -0.0015219  5.82898e-19  -0.00097777   5.3126e-18   0.00928309  3.06153e-18   -0.0115012 -1.71813e-17  -0.00643041  6.01518e-18    0.0232923 -1.59365e-18  -0.00657137  9.58938e-18   -0.0167058 -2.03311e-19   0.00753268
 9.86077e-20 -9.81349e-05  3.10927e-19  0.000830957 -1.59414e-18  -0.00212664 -2.03927e-18  4.29896e-05  6.15768e-18   0.00886125  3.95102e-18   -0.0124252 -9.06551e-18  -0.00637351 -1.59365e-18    0.0258213 -6.74872e-18  -0.00713854  8.36562e-18   -0.0192698 -1.01451e-19
-8.89056e-06   1.0552e-19 -5.55685e-05  5.68141e-19  0.000821901  -7.7381e-19   -0.0024499 -3.75813e-18  0.000864275  5.20925e-18   0.00850337  1.79213e-18   -0.0135109  2.76016e-18  -0.00657137 -6.74872e-18    0.0299298 -6.61917e-18  -0.00840516    6.458e-18   -0.0244519
-4.02256e-20 -3.44411e-05  1.88629e-20  3.58061e-05  6.65466e-19  0.000678526 -3.44956e-20  -0.00253031 -3.32754e-18   0.00149382  2.39716e-18   0.00821765  -8.1771e-19   -0.0148837  9.58938e-18  -0.00713854 -6.61917e-18    0.0369424 -4.93037e-18  -0.00884597  9.39918e-19
 4.70532e-06 -4.27346e-20 -5.68443e-05 -9.12965e-20  0.000121366  5.65507e-19    0.0004777  1.61671e-19  -0.00241002 -1.21352e-18   0.00193592 -9.50574e-19   0.00798757 -1.08282e-18   -0.0167058  8.36562e-18  -0.00840516 -4.93037e-18    0.0504621 -3.76861e-18   -0.0379759
  5.6014e-21  5.15435e-06 -2.21195e-20 -5.91231e-05 -1.22194e-19  0.000160189  3.15164e-19  0.000277038  2.20836e-20  -0.00209707   6.4155e-19   0.00215645 -2.63767e-18   0.00771629 -2.03311e-19   -0.0192698    6.458e-18  -0.00884597 -3.76861e-18    0.0784488  6.47712e-18
 2.71059e-07  4.72817e-21  2.09263e-06 -4.37807e-21 -3.99097e-05 -5.91058e-20  0.000134372  5.52985e-20  0.000113027 -2.87399e-21  -0.00154115  7.89128e-19   0.00201959  -1.8225e-18   0.00753268 -1.01451e-19   -0.0244519  9.39918e-19   -0.0379759  6.47712e-18     0.467971
