  1.0507e-15  3.00141e-30 -3.13912e-14 -1.69247e-28  3.55385e-13  2.37045e-27 -2.34359e-12 -1.55494e-26   1.0317e-11  4.95544e-26 -3.22615e-11  1.54389e-27  7.37177e-11 -8.19142e-25 -1.23742e-10  4.66866e-24  1.49635e-10 -1.68322e-23  -1.2214e-10  4.70755e-23  5.38873e-11 -1.10526e-22  4.31693e-12  2.25296e-22 -1.84849e-11 -4.00675e-22  4.74808e-12  6.14236e-22  4.31706e-12 -7.96707e-22 -1.78992e-12  8.57685e-22 -1.11289e-12 -7.53073e-22   4.0699e-13   5.3324e-22  3.21726e-13 -3.08819e-22 -4.31426e-14  1.60703e-22 -8.26424e-14 -9.07322e-23 -1.16825e-14  5.59738e-23  1.38266e-14 -2.74981e-23  6.75554e-15  5.39558e-24 -2.71215e-16  3.93526e-24 -1.31153e-15 -3.56778e-24 -4.60465e-16  9.83944e-25   2.6083e-17  1.74478e-25  8.05172e-17 -2.16149e-25  3.01899e-17  6.81649e-26  2.12407e-18 -1.53035e-27 -2.86651e-18 -1.09236e-26 -1.48745e-18  4.17239e-27 -3.29774e-19  1.60326e-27  8.91256e-21   -1.198e-27  3.46352e-20 -1.86979e-28  1.37249e-20   1.8777e-28  2.89173e-21  4.56812e-29  1.64786e-22 -2.55843e-29 -1.27287e-22 -1.06252e-29 -5.83716e-23  3.43711e-30  -1.4541e-23  1.40133e-30   -2.289e-24 -1.70693e-31 -1.38643e-25   -1.775e-31  4.48968e-26 -1.50407e-32  1.87952e-26  1.72514e-32  4.16035e-27  2.61152e-33   6.5224e-28 -1.42362e-34  7.33385e-29  -2.3752e-34  4.79273e-30 -7.48353e-35 -1.72473e-31 -3.12433e-36 -1.06007e-31  1.32919e-36 -1.83566e-32  5.69909e-37 -2.16255e-33  1.00514e-37 -1.93534e-34  -3.8962e-39 -1.34181e-35  -3.0637e-39  -7.0321e-37 -3.81336e-40 -2.51395e-38 -3.35621e-41 -4.13897e-40 -4.95333e-42  1.03253e-41 -5.07662e-43  9.24489e-43 -2.57675e-44  2.92069e-44 -7.92901e-46  3.22824e-46 -1.04187e-47
 3.00141e-30  4.55677e-14   1.1449e-28 -7.71175e-13 -4.29413e-27  6.61783e-12  4.81799e-26 -3.59748e-11  -2.7973e-25  1.35641e-10  9.16618e-25 -3.70418e-10 -1.23806e-24  7.45342e-10 -3.64554e-24 -1.10009e-09  2.78586e-23  1.15155e-09 -9.86236e-23 -7.72468e-10  2.58125e-22  2.12317e-10 -5.67463e-22  1.22179e-10  1.10318e-21 -1.15341e-10 -1.90494e-21 -3.52112e-12  2.85603e-21  3.36494e-11 -3.60716e-21 -1.68201e-12  3.72995e-21 -8.97807e-12 -3.07435e-21 -2.09181e-13  1.97036e-21  2.18708e-12 -9.80549e-22  4.51424e-13  4.33381e-22 -3.92174e-13 -2.48666e-22 -2.02873e-13  1.78638e-22  1.98357e-14  -9.4786e-23  4.64737e-14    1.754e-23  1.27861e-14   1.4393e-23  -3.4417e-15 -1.15417e-23 -3.49671e-15   2.6085e-24 -8.74383e-16   6.4143e-25  1.57756e-16 -5.59418e-25  1.89657e-16  1.87916e-25  6.07551e-17 -2.69956e-26  2.96158e-18 -3.16565e-26 -5.68164e-18  1.70527e-26  -2.7688e-18  5.73291e-27 -6.25152e-19 -4.71574e-27 -1.20344e-20 -7.86299e-28  4.75075e-20  7.45195e-28  2.03337e-20  1.80324e-28  4.76405e-21 -9.86173e-29  5.44355e-22 -3.84509e-29 -7.24547e-23  1.22763e-29  -5.4957e-23  4.98254e-30 -1.58033e-23 -5.45925e-31 -2.97796e-24 -6.50892e-31 -3.59732e-25 -5.60932e-32 -1.05888e-26  5.98858e-32  7.44847e-27  1.08751e-32   2.2935e-27  -2.8213e-34  4.20251e-28 -9.24047e-34  5.65171e-29 -2.80244e-34  5.70577e-30  -2.0395e-35  3.96073e-31  2.43625e-36   9.7725e-33  1.60555e-36 -1.95324e-33  3.04632e-37 -3.62784e-34 -7.56307e-39 -3.69168e-35  -8.6906e-39 -2.68274e-36 -1.13871e-39 -1.45316e-37 -1.07511e-40 -5.86642e-39 -1.36051e-41 -1.74239e-40 -1.14125e-42 -3.37167e-42 -4.64794e-44 -4.01613e-44 -9.71544e-46 -2.88787e-46
-3.13912e-14   1.1449e-28  9.70476e-13  2.29263e-27 -1.13916e-11 -6.38829e-26   7.8073e-11  5.92546e-25 -3.58218e-10  -3.0244e-24  1.17176e-09  9.34247e-24 -2.81456e-09  -1.5494e-23  5.00194e-09 -4.42974e-24 -6.47997e-09  1.11769e-22  5.80651e-09 -3.94452e-22 -3.05241e-09  9.50863e-22  2.11224e-10 -1.92411e-21  8.51957e-10  3.55469e-21 -3.75865e-10 -6.02414e-21 -1.60313e-10  8.97227e-21   1.2978e-10 -1.11815e-20  3.76467e-11  1.11991e-20 -3.35005e-11 -8.68064e-21 -1.27153e-11  4.97176e-21  6.31531e-12 -2.00566e-21  4.25158e-12  6.65093e-22 -3.88794e-13 -4.31444e-22 -1.02278e-12  4.06753e-22 -2.39759e-13 -2.31799e-22  1.17923e-13    3.693e-23  8.71863e-14  3.81429e-23  1.26627e-14  -2.5549e-23 -9.41007e-15  4.04651e-24 -5.84761e-15  1.55989e-24  -1.0758e-15 -8.47352e-25  3.47311e-16  3.84721e-25  2.89109e-16 -1.41483e-25  8.36052e-17 -6.79284e-26  3.81355e-18  5.20748e-26 -7.06738e-18  1.48373e-26 -3.39086e-18 -1.33521e-26  -8.0242e-19  -2.1827e-27 -5.55902e-20  2.04297e-27  3.74915e-20  4.75551e-28  1.86314e-20 -2.59577e-28  4.83641e-21 -9.46747e-29   7.5363e-22  3.03884e-29  2.58473e-23  1.23528e-29 -2.52439e-23 -1.30221e-30 -9.36712e-24   -1.699e-30 -2.03856e-24 -1.39344e-31 -3.12036e-25  1.51315e-31 -3.15537e-26   3.1234e-32 -8.65732e-28 -5.63593e-34  4.37731e-28  -2.5545e-33  1.15984e-28 -7.37625e-34  1.81393e-29 -7.44687e-35  2.09692e-30  -7.0445e-37  1.86799e-31  2.66448e-36  1.25579e-32  5.87214e-37  5.68854e-34 -1.49421e-38  7.99213e-36 -1.76922e-38  -1.2611e-36   -2.353e-39 -1.32609e-37 -2.21465e-40 -7.28115e-39 -2.36216e-41 -2.61884e-40 -1.60615e-42 -6.05248e-42 -5.03119e-44 -7.36348e-44 -5.93725e-46
-1.69247e-28 -7.71175e-13  2.29263e-27   1.3531e-11  3.06194e-26 -1.20647e-10 -6.73635e-25  6.83208e-10   5.2851e-24 -2.69211e-09 -2.37925e-23  7.71527e-09  6.75034e-23 -1.63861e-08 -1.13155e-22  2.57527e-08  4.22548e-23 -2.91562e-08  3.61287e-22  2.19535e-08 -1.27895e-21 -8.18432e-09  2.75088e-21 -2.03868e-09 -4.93282e-21  3.50561e-09  8.54139e-21 -5.06001e-10 -1.44407e-20 -9.29912e-10  2.18962e-20  2.45167e-10 -2.74273e-20  2.49793e-10  2.68915e-20 -5.26779e-11 -1.96541e-20 -6.94683e-11   9.8975e-21  1.25185e-12 -2.87958e-21  1.65131e-11  3.97208e-22  3.94953e-12 -5.13809e-22 -2.37038e-12  7.77554e-22 -1.56707e-12 -4.61714e-22  -8.8643e-14  5.19943e-23  2.54213e-13  8.47813e-23  1.14289e-13 -4.40552e-23  4.55485e-15  2.66596e-24 -1.57326e-14  2.81847e-24 -7.33934e-15 -5.21893e-25 -1.02369e-15  7.03058e-25  4.87285e-16 -4.70468e-25   3.3333e-16 -1.28657e-25  9.12574e-17  1.31069e-25  5.42669e-18  3.15355e-26 -6.27042e-18 -3.05688e-26  -3.1061e-18  -4.6848e-27 -7.82848e-19  4.43237e-27 -8.99976e-20  9.69133e-28  1.64222e-20 -5.40819e-28  1.16375e-20  -1.8159e-28   3.3893e-21  6.09893e-29  6.33759e-22  2.45847e-29  6.78219e-23 -2.81325e-30 -2.48802e-24 -3.64193e-30 -3.07826e-24 -2.63877e-31 -8.22926e-25  3.21144e-31 -1.45756e-25  7.16159e-32 -1.89749e-26 -1.69356e-33 -1.73854e-27 -5.80598e-33 -7.56628e-29 -1.59602e-33  8.41041e-30 -2.02905e-34   2.4321e-30 -1.69641e-35  3.33224e-31  2.27043e-36  3.24109e-32   7.6757e-37  2.40548e-33 -4.08214e-38  1.36966e-34 -2.99979e-38  5.79862e-36 -3.85525e-39  1.68798e-37 -3.41743e-40  2.53804e-39 -3.00969e-41  -2.2511e-41 -1.61322e-42 -1.67824e-42 -3.56413e-44 -1.99652e-44
 3.55385e-13 -4.29413e-27 -1.13916e-11  3.06194e-26  1.38924e-10   3.0367e-25 -9.91548e-10 -5.48121e-24  4.75154e-09  3.70174e-23  -1.6292e-08 -1.47893e-22  4.12176e-08  3.82306e-22 -7.76848e-08 -6.10281e-22  1.07917e-07  3.45173e-22 -1.05947e-07  1.06466e-21  6.49341e-08 -3.71273e-21 -1.28149e-08  6.79788e-21 -1.38623e-08 -1.00064e-20  9.69452e-09   1.5586e-20   1.4979e-09 -2.71125e-20 -3.11559e-09  4.37149e-20 -1.78455e-10 -5.65286e-20  8.54143e-10  5.49638e-20  1.07305e-10 -3.80052e-20 -2.02372e-10   1.6483e-20 -6.32177e-11 -2.50959e-21  3.25609e-11 -1.06229e-21  2.27959e-11 -3.66184e-22  1.27201e-14  1.34453e-21 -4.58947e-12 -7.87767e-22 -1.64244e-12  3.02105e-23  2.10792e-13   1.6676e-22  3.64897e-13 -6.09177e-23  1.15341e-13 -6.06894e-24 -7.02152e-15  3.79624e-24 -1.94678e-14  1.35097e-24 -7.49959e-15  1.23846e-24 -8.44125e-16 -1.18844e-24  5.01455e-16 -2.28003e-25  3.08934e-16  2.80079e-25  8.33106e-17  5.73654e-26  7.12454e-18 -5.91086e-26 -4.03945e-18 -8.21793e-27 -2.20557e-18  8.03329e-27 -5.97857e-19  1.59516e-27 -9.14356e-20 -9.47524e-28  1.37961e-22 -2.82341e-28   4.8045e-21  1.06647e-28  1.66796e-21  4.14409e-29  3.56774e-22 -5.89339e-30  5.20237e-23 -6.78781e-30  4.13054e-24 -3.98045e-31 -2.97304e-25  6.03533e-31 -1.81132e-25   1.3893e-31 -3.90371e-26 -5.49146e-33 -5.81269e-27 -1.15425e-32 -6.54713e-28  -3.0387e-33 -5.52736e-29 -4.57448e-34  -3.0858e-30 -5.90367e-35  -3.3769e-32 -1.85304e-36  1.55524e-32  5.33894e-37  2.11619e-33 -1.08375e-37  1.68217e-34 -4.45626e-38   9.4084e-36 -5.26206e-39   3.7949e-37 -4.19426e-40  1.06278e-38 -2.97057e-41  1.83544e-40  -1.1937e-42  1.42406e-42 -1.52043e-44
 2.37045e-27  6.61783e-12 -6.38829e-26 -1.20647e-10   3.0367e-25  1.12017e-09  2.37598e-24  -6.6227e-09 -3.61258e-23  2.73329e-08  2.12965e-22 -8.23843e-08 -7.60423e-22  1.85057e-07  1.78959e-21 -3.10184e-07 -2.65776e-21  3.79915e-07  1.57532e-21 -3.19279e-07  3.15381e-21  1.50042e-07 -1.03475e-20  5.37787e-09  1.54452e-20 -5.13778e-08 -1.62222e-20  1.70059e-08  1.98652e-20  1.15037e-08  -3.8671e-20  -6.6271e-09  7.28163e-20 -2.92014e-09 -1.01247e-19   1.7415e-09  9.91144e-20  9.26263e-10 -6.50747e-20 -3.01635e-10  2.36672e-20 -2.84082e-10  5.96641e-22  6.79923e-13 -4.38169e-21  6.28879e-11  2.40018e-23  1.95956e-11  2.18442e-21  -5.8682e-12 -1.17726e-21 -5.86072e-12 -8.54579e-23 -1.20663e-12  2.97274e-22  5.08111e-13  -6.4927e-23  4.03288e-13 -2.80023e-23  9.50487e-14  3.27409e-24 -1.56396e-14  5.92654e-24 -1.92985e-14  2.12211e-24 -6.53724e-15 -2.46723e-24 -6.66679e-16 -3.78528e-25  3.98128e-16  5.17836e-25  2.36238e-16  9.05968e-26  6.46745e-17 -9.88706e-26  7.58161e-18 -1.19424e-26 -1.75339e-18   1.2495e-26 -1.21168e-18  2.10784e-27  -3.5798e-19 -1.43955e-27 -6.56555e-20 -3.52552e-28 -5.61111e-21  1.69639e-28  1.00444e-21  6.05957e-29  5.51474e-22 -1.18946e-29  1.36633e-22 -1.13333e-29   2.3357e-23 -4.79494e-31  2.83471e-24  1.02677e-30  1.98387e-25  2.34371e-31 -7.95291e-27 -1.54037e-32  -5.1186e-27 -2.07874e-32 -9.47463e-28 -5.28014e-33 -1.19465e-28  -8.9549e-34 -1.14474e-29 -1.39316e-34 -8.47501e-31 -1.18474e-35  -4.6928e-32 -4.08113e-37 -1.71774e-33   -2.319e-37 -1.88564e-35 -5.87964e-38  2.26317e-36 -6.11077e-39  1.70551e-37 -4.20732e-40  6.01418e-39   -2.312e-41  1.12081e-40 -6.35978e-43  7.45014e-43
-2.34359e-12  4.81799e-26   7.8073e-11 -6.73635e-25 -9.91548e-10  2.37598e-24   7.3878e-09  1.52401e-23 -3.70641e-08 -1.98986e-22  1.33529e-07  1.03576e-21 -3.56628e-07 -3.32883e-21  7.14301e-07  7.15112e-21 -1.06545e-06 -9.79507e-21  1.14474e-06  5.43153e-21 -8.06173e-07  9.64397e-21  2.53742e-07 -2.84948e-20  1.13841e-07   3.4496e-20 -1.34315e-07 -2.06006e-20  7.50795e-09  8.59895e-21  3.93364e-08  -3.4124e-20  -6.5847e-09  1.00798e-19 -1.09777e-08 -1.61152e-19  1.28607e-09  1.61492e-19  3.02009e-09    -1.01e-19  1.77792e-10  2.97373e-20 -6.88836e-10  7.83238e-21 -2.17557e-10 -9.84932e-21  8.73434e-11  4.63588e-22  7.37363e-11  3.38125e-21  8.58032e-12 -1.55677e-21 -1.06411e-11 -3.67828e-22  -5.7007e-12  4.86543e-22 -5.43104e-13  -4.1482e-23  6.69918e-13 -6.89027e-23  3.67478e-13  -3.4333e-25  6.71668e-14  1.42501e-23 -1.79671e-14  3.45142e-24 -1.59569e-14 -4.39609e-24 -4.99344e-15 -5.77274e-25 -5.30221e-16  8.41891e-25  2.45507e-16  1.24375e-25  1.49979e-16 -1.45195e-25  4.25969e-17 -1.40471e-26  6.34227e-18  1.68527e-26 -3.12299e-19  2.05279e-27 -4.96324e-19 -1.92192e-27  -1.6548e-19 -3.21438e-28 -3.45733e-20  2.51787e-28 -4.60436e-21  7.74033e-29 -1.74002e-22 -2.24286e-29  1.00037e-22 -1.72574e-29  3.38805e-23 -4.40314e-31   6.6519e-24  1.59367e-30  9.49019e-25  3.47306e-31  1.00348e-25 -3.68604e-32  7.01882e-27 -3.46489e-32  9.69694e-29 -8.53532e-33 -5.69974e-29 -1.56041e-33 -1.00948e-29 -2.63214e-34  -1.0733e-30  -2.8321e-35 -8.33026e-32 -2.11386e-36 -4.89921e-33 -3.96734e-37  -2.1652e-34 -6.87631e-38 -6.89736e-36  -6.0839e-39  -1.4415e-37 -3.48164e-40 -1.52712e-39 -1.40763e-41 -1.70547e-42 -2.16246e-43
-1.55494e-26 -3.59748e-11  5.92546e-25  6.83208e-10 -5.48121e-24  -6.6227e-09  1.52401e-23  4.09866e-08  8.22681e-23 -1.77638e-07 -9.36071e-22  5.64552e-07  4.34398e-21 -1.34445e-06  -1.2653e-20  2.40817e-06  2.49211e-20 -3.19345e-06 -3.14408e-20  2.98391e-06  1.55001e-20 -1.69716e-06  2.91101e-20  2.18685e-07 -7.65127e-20  4.46749e-07  7.84123e-20 -2.54522e-07 -1.91105e-20 -6.83393e-08 -4.12467e-20  8.95952e-08  1.36599e-20  1.26143e-08  1.11198e-19 -2.54076e-08 -2.31829e-19 -5.15323e-09  2.41805e-19   5.9794e-09 -1.44326e-19  2.38132e-09  3.27673e-20 -8.87993e-10  1.98553e-20 -7.84016e-10 -1.71158e-20 -4.50972e-11   5.8409e-22  1.47381e-10  4.98824e-21  6.19398e-11 -1.82962e-21 -3.78087e-12  -8.8427e-22 -1.23906e-11  7.37957e-22 -4.49981e-12  2.36996e-23  1.48281e-14 -1.32571e-22  6.61627e-13 -8.52425e-24  2.87723e-13  2.68281e-23  4.29208e-14  5.19959e-24 -1.49393e-14 -6.91098e-24 -1.12309e-14 -7.93892e-25  -3.3809e-15  1.22061e-24 -4.11722e-16  1.47228e-25  1.12906e-16 -1.88591e-25  7.83294e-17 -1.20293e-26  2.34957e-17  1.95452e-26  4.16412e-18  8.38139e-28  2.19485e-19 -2.24628e-27  -1.3472e-19 -1.07151e-28 -5.68671e-20  3.52352e-28 -1.33672e-20  8.55789e-29 -2.16933e-21 -3.86588e-29 -2.25905e-22  -2.4257e-29  -3.9661e-24 -2.57615e-31  4.31016e-24  2.25619e-30  1.13912e-24  4.49685e-31  1.85074e-25 -7.71619e-32  2.23357e-26 -5.41143e-32  2.06507e-27 -1.29371e-32  1.40684e-28 -2.45266e-33  5.80592e-30 -4.22613e-34 -5.33092e-32 -4.92641e-35 -3.25437e-32 -4.26117e-36 -3.07314e-33 -5.55788e-37 -1.78426e-34 -7.07747e-38 -7.04143e-36 -5.18936e-39 -1.83641e-37 -2.36515e-40 -2.78365e-39 -6.42613e-42 -1.61782e-41
  1.0317e-11  -2.7973e-25 -3.58218e-10   5.2851e-24  4.75154e-09 -3.61258e-23 -3.70641e-08  8.22681e-23  1.95235e-07  3.80886e-22 -7.41127e-07 -3.82091e-21  2.09534e-06  1.59402e-20 -4.47105e-06 -4.23566e-20  7.17384e-06  7.68899e-20 -8.43318e-06 -8.95986e-20  6.75765e-06  3.83602e-20 -2.89049e-06  8.21428e-20  -3.9123e-07 -1.94456e-19  1.17057e-06  1.79033e-19 -3.03829e-07 -1.05965e-20 -2.93613e-07 -1.61396e-19  1.35537e-07  1.41639e-19  7.85407e-08  8.21083e-20 -3.67662e-08 -3.05768e-19 -2.45796e-08  3.36732e-19  5.98683e-09 -1.91778e-19   7.3245e-09   3.1236e-20   3.5027e-10  3.60652e-20 -1.56856e-09 -2.52085e-20 -5.70824e-10  9.60552e-24  1.26136e-10  6.99186e-21  1.57812e-10 -1.91467e-21  3.81929e-11 -1.67138e-21 -1.19169e-11  1.04532e-21 -1.12393e-11  1.40104e-22 -2.99882e-12 -2.18866e-22   3.0302e-13 -2.20333e-23  5.34717e-13  4.32541e-23  1.98949e-13  7.16532e-24  2.62628e-14 -9.77845e-24 -9.66515e-15 -9.74195e-25 -6.77383e-15  1.59748e-24 -2.02594e-15  1.47667e-25 -2.91619e-16  -2.1618e-25  3.25211e-17 -3.60283e-27  3.27641e-17  1.85953e-26  1.06289e-17 -2.07992e-27  2.14276e-18 -2.22494e-27  2.40522e-19  3.54442e-28 -1.19386e-20  4.63799e-28 -1.32356e-20   7.8817e-29 -3.68009e-21 -6.04456e-29 -6.78277e-22 -3.17903e-29 -9.06716e-23 -1.90699e-32 -8.14109e-24  2.89318e-30 -2.20916e-25  4.94302e-31  8.12487e-26 -1.44355e-31  1.92775e-26 -7.96212e-32  2.64089e-27 -1.84039e-32  2.65401e-28 -3.50212e-33  2.05325e-29 -5.93388e-34  1.21719e-30 -7.01233e-35  5.27109e-32 -6.22891e-36  1.43576e-33 -6.50935e-37  7.96424e-36 -6.35767e-38 -1.17591e-36 -3.76362e-39 -4.97506e-38 -1.29082e-40 -7.78092e-40 -1.92746e-42
 4.95544e-26  1.35641e-10  -3.0244e-24 -2.69211e-09  3.70174e-23  2.73329e-08 -1.98986e-22 -1.77638e-07  3.80886e-22  8.11051e-07  1.53416e-21 -2.72626e-06 -1.36976e-20  6.90328e-06   5.1745e-20 -1.32471e-05 -1.26214e-19  1.90469e-05   2.1237e-19 -1.97429e-05 -2.29761e-19  1.32593e-05  8.49228e-20 -3.58964e-06  2.10301e-19  -2.3893e-06 -4.57011e-19  2.31457e-06  3.95383e-19  1.77883e-08 -2.86005e-21 -7.35248e-07   -3.855e-19  8.11524e-08  3.87725e-19  2.13513e-07 -6.72209e-21 -1.40037e-08  -3.7471e-19 -5.94777e-08  4.39495e-19 -6.08865e-09 -2.38261e-19  1.35115e-08  2.47108e-20  4.91331e-09   5.4411e-20  -1.6158e-09   -3.286e-20 -1.58553e-09 -1.41719e-21 -2.31302e-10  9.30927e-21  2.19245e-10 -1.78715e-21  1.29218e-10 -2.71797e-21  1.56188e-11  1.39091e-21  -1.4225e-11  3.08909e-22 -8.53393e-12 -3.22174e-22 -1.74693e-12 -4.05156e-23  3.47292e-13  6.20863e-23  3.67525e-13  9.00946e-24  1.23547e-13 -1.26609e-23  1.59892e-14 -1.06805e-24 -4.89094e-15  1.90723e-24 -3.48472e-15  1.22479e-25 -1.06187e-15 -2.14185e-25 -1.78364e-16   1.2027e-26 -5.70868e-19  1.19439e-26  1.03354e-17 -6.94392e-27  3.82243e-18 -1.66173e-27  8.55812e-19   1.0752e-27  1.27082e-19  5.67293e-28  8.91967e-21  5.28554e-29  -1.4232e-21 -8.58966e-29 -6.56617e-22  -3.9276e-29 -1.40536e-22  1.55955e-32 -2.12726e-23  3.30486e-30 -2.42157e-24  4.20708e-31 -1.99119e-25 -2.44639e-31 -8.99791e-27 -1.10434e-31  3.96537e-28 -2.45086e-32  1.32612e-28 -4.55952e-33  1.57982e-29 -7.39974e-34  1.26834e-30 -8.53182e-35   7.4924e-32 -7.38014e-36  3.27428e-33 -6.45982e-37  1.02087e-34 -4.93825e-38  2.08765e-36 -2.28502e-39  2.31652e-38   -5.377e-41  7.89104e-41
-3.22615e-11  9.16618e-25  1.17176e-09 -2.37925e-23  -1.6292e-08  2.12965e-22  1.33529e-07 -9.36071e-22 -7.41127e-07  1.53416e-21  2.97481e-06  5.43585e-21 -8.93307e-06 -4.35375e-20    2.037e-05   1.4989e-19 -3.52445e-05 -3.37577e-19  4.53627e-05   5.2957e-19 -4.10976e-05 -5.35379e-19  2.22269e-05  1.72173e-19 -1.69571e-06  4.84146e-19 -6.79608e-06  -9.8216e-19  3.42386e-06  8.18012e-19  1.22226e-06 -1.71446e-20 -1.31033e-06 -7.38574e-19 -2.54288e-07  7.76629e-19  3.87721e-07 -1.64116e-19  9.61958e-08 -4.32214e-19 -9.31324e-08  5.39509e-19 -4.17673e-08 -2.77284e-19  1.36019e-08  1.44799e-20  1.35617e-08  7.16471e-20  1.08269e-09 -3.90268e-20 -2.53847e-09 -3.49115e-21  -1.1425e-09  1.18305e-20  4.58956e-11 -1.49226e-21  2.25069e-10 -3.96441e-21  8.64657e-11  1.74333e-21  1.31672e-12  5.21455e-22 -1.23106e-11 -4.31041e-22 -5.64274e-12 -6.23442e-23 -9.26519e-13  8.11509e-23   2.6209e-13  1.03847e-23  2.18647e-13 -1.52508e-23  6.93447e-14 -1.07766e-24  9.60605e-15  2.09588e-24 -1.83215e-15   8.5125e-26   -1.504e-15 -1.70503e-25 -4.77466e-16  3.31838e-26  -9.1056e-17 -2.04965e-27 -7.10472e-18 -1.34692e-26  2.06389e-18 -4.01129e-28  1.03613e-18  1.98726e-27  2.59205e-19  6.31164e-28  4.46772e-20  7.03076e-30  5.24584e-21 -1.11833e-28    2.687e-22 -4.64389e-29 -5.00272e-23 -6.15273e-31 -1.72649e-23  3.23676e-30  -3.0201e-24  1.70793e-31 -3.80463e-25 -3.78532e-31 -3.67647e-26 -1.44064e-31 -2.70678e-27  -3.0437e-32 -1.40439e-28 -5.42187e-33 -3.50241e-30 -8.26689e-34  1.74077e-31 -9.05618e-35  2.59505e-32 -7.37832e-36  1.59576e-33 -5.46885e-37   6.0173e-35 -3.27743e-38  1.37596e-36 -1.12884e-39  1.57282e-38 -1.48881e-41
 1.54389e-27 -3.70418e-10  9.34247e-24  7.71527e-09 -1.47893e-22 -8.23843e-08  1.03576e-21  5.64552e-07 -3.82091e-21 -2.72626e-06  5.43585e-21  9.73007e-06  1.70929e-20 -2.62932e-05  -1.2363e-19  5.42301e-05  3.90157e-19 -8.47337e-05 -8.15906e-19  9.73572e-05   1.2003e-18 -7.60205e-05 -1.14193e-18   3.0616e-05  3.25548e-19  6.53133e-06  1.00383e-18 -1.41309e-05 -1.92546e-18  3.14678e-06   1.5591e-18   3.8291e-06 -8.55684e-20 -1.59575e-06 -1.22676e-18 -1.06748e-06  1.30494e-18  4.55496e-07 -3.78844e-19  3.39526e-07 -4.74937e-19 -7.49059e-08  6.22296e-19 -1.02764e-07 -3.02011e-19   -6.358e-09  3.93173e-21  2.24552e-08  8.40559e-20  8.55823e-09 -4.33703e-20 -1.80519e-09 -5.70125e-21  -2.3968e-09  1.44813e-20 -6.01299e-10  -1.1117e-21  1.81639e-10 -5.31572e-21  1.78246e-10  2.05546e-21  4.90153e-11  7.59391e-22 -4.49103e-12 -5.29816e-22 -8.70635e-12 -8.47164e-23 -3.33344e-12  9.83106e-23 -4.70193e-13  1.11272e-23  1.51445e-13 -1.74165e-23  1.13099e-13 -1.10622e-24  3.50354e-14  2.13347e-24  5.43526e-15  6.84549e-26 -3.94712e-16 -7.68113e-26 -5.26847e-16  5.57506e-26 -1.79399e-16 -2.39475e-26 -3.78821e-17 -2.07427e-26 -4.75709e-18  1.61289e-27  1.81961e-20  2.93635e-27  1.87076e-19  6.14936e-28  5.66797e-20 -5.56914e-29  1.09242e-20 -1.35277e-28  1.53528e-21  -5.3689e-29  1.53183e-22 -2.53803e-30   7.9681e-24  2.43958e-30 -6.05781e-25 -2.88243e-31 -2.17526e-25 -5.37186e-31 -3.22638e-26 -1.76146e-31 -3.33663e-27 -3.51147e-32 -2.61802e-28 -5.89178e-33  -1.5764e-29 -8.31253e-34  -7.1029e-31 -8.47216e-35 -2.22839e-32  -6.3332e-36 -3.95454e-34 -3.95261e-37 -3.22279e-38 -1.82616e-38  1.47372e-37 -4.29209e-40  1.77753e-39
 7.37177e-11 -1.23806e-24 -2.81456e-09  6.75034e-23  4.12176e-08 -7.60423e-22 -3.56628e-07  4.34398e-21  2.09534e-06 -1.36976e-20 -8.93307e-06  1.70929e-20  2.86148e-05  4.80407e-20 -7.00075e-05 -3.15581e-19  0.000131057  9.17803e-19 -0.000185015 -1.79196e-18   0.00018883  2.48662e-18 -0.000124219  -2.2423e-18  3.06334e-05  5.81626e-19  2.58064e-05  1.88525e-18 -2.30923e-05 -3.45137e-18 -8.92748e-07  2.72287e-18  7.82665e-06 -2.38032e-19 -7.19508e-07  -1.8322e-18 -2.37133e-06  1.93143e-18  1.29187e-07 -6.16239e-19  6.84253e-07  -5.0176e-19  7.47252e-08  6.70188e-19 -1.61458e-07 -3.06959e-19 -5.98794e-08 -1.61134e-21  2.02845e-08   8.8538e-20  2.00495e-08 -4.64659e-20  2.88197e-09 -7.50534e-21 -2.90804e-09  1.72574e-20 -1.71275e-09 -6.91608e-22 -2.01391e-10 -6.65715e-21   1.9766e-10  2.26632e-21  1.18303e-10  9.95558e-22  2.42308e-11 -6.02801e-22 -4.99923e-12 -1.04019e-22 -5.26665e-12  1.12492e-22 -1.78798e-12  1.14566e-23 -2.38274e-13 -1.92802e-23  6.86252e-14   -1.376e-24  5.05468e-14  2.01205e-24  1.57198e-14     1.17e-25   2.7479e-15  6.96166e-26  5.72259e-17  7.44755e-26 -1.39816e-16 -5.25357e-26 -5.43097e-17 -2.73015e-26 -1.25397e-17  4.29122e-27 -1.95439e-18  3.70479e-27  -1.6599e-19  4.78915e-28  1.19806e-20 -1.30686e-28  7.90074e-21 -1.55435e-28  1.79424e-21 -6.23196e-29  2.80234e-22 -6.40713e-30  3.30031e-23  7.56884e-31  2.90252e-24 -9.41235e-31   1.6736e-25 -7.01048e-31  1.58177e-27 -2.01125e-31 -9.67812e-28 -3.75062e-32  -1.3479e-28 -5.84892e-33 -1.10974e-29 -7.53785e-34 -6.44571e-31  -7.0166e-35 -2.69689e-32 -4.69755e-36 -7.84182e-34 -2.42526e-37 -1.44219e-35 -8.29656e-39 -1.32836e-37 -1.09088e-40
-8.19142e-25  7.45342e-10  -1.5494e-23 -1.63861e-08  3.82306e-22  1.85057e-07 -3.32883e-21 -1.34445e-06  1.59402e-20  6.90328e-06 -4.35375e-20 -2.62932e-05  4.80407e-20  7.61889e-05  1.21384e-19  -0.00016963 -7.27795e-19  0.000288995  1.96045e-18 -0.000368365 -3.59319e-18  0.000331293  4.73092e-18 -0.000176546 -4.07226e-18  8.88816e-06  9.89443e-19  5.94452e-05  3.22922e-18 -2.90741e-05 -5.68227e-18 -1.14385e-05  4.36064e-18  1.19092e-05 -4.80887e-19  2.44103e-06 -2.51586e-18 -3.70783e-06  2.57717e-18 -9.27967e-07 -8.22374e-19  9.38692e-07 -5.11134e-19  4.17899e-07  6.64414e-19 -1.48122e-07 -2.90006e-19 -1.43102e-07  4.13876e-21 -9.34863e-09  8.38209e-20  2.86366e-08 -4.96062e-20  1.25053e-08 -8.71252e-21 -7.93232e-10  2.01874e-20  -2.6618e-09 -1.71615e-22 -9.93134e-10 -7.86095e-21  2.84123e-12  2.31191e-21  1.53324e-10  1.19541e-21  6.86489e-11 -6.40344e-22  1.08297e-11 -1.16595e-22 -3.47797e-12   1.2451e-22  -2.7798e-12  1.21095e-23 -8.76518e-13 -2.11589e-23 -1.21185e-13 -2.18877e-24  2.33434e-14  1.73095e-24  1.91786e-14  2.69054e-25  6.13258e-15  2.64062e-25  1.19095e-15   8.5088e-26  1.02457e-16 -8.43726e-26 -2.29121e-17 -3.13812e-26 -1.24789e-17  7.39345e-27 -3.19569e-18  4.06226e-27 -5.63773e-19  1.96172e-28 -6.95364e-20 -2.15057e-28 -4.56111e-21 -1.75157e-28  3.61375e-22 -7.42907e-29  1.69752e-22 -1.26674e-29  3.12142e-23 -1.78559e-30   4.0053e-24 -1.71376e-30  3.92224e-25 -8.42692e-31  2.95866e-26 -2.13732e-31  1.64942e-27 -3.69802e-32    5.809e-29 -5.29908e-33  2.21284e-31 -6.16415e-34 -1.20664e-31 -5.14722e-35 -8.31377e-33 -3.00896e-36 -2.95433e-34  -1.2461e-37 -5.67291e-36 -2.90636e-39 -4.03697e-38
-1.23742e-10 -3.64554e-24  5.00194e-09 -1.13155e-22 -7.76848e-08  1.78959e-21  7.14301e-07  -1.2653e-20 -4.47105e-06   5.1745e-20    2.037e-05  -1.2363e-19 -7.00075e-05  1.21384e-19  0.000184755  2.77009e-19 -0.000375974 -1.52259e-18  0.000584029   3.8173e-18 -0.000670769 -6.60482e-18  0.000524942   8.3008e-18 -0.000210085 -6.86768e-18 -5.14403e-05  1.60756e-18  0.000105313   5.0804e-18 -2.36019e-05 -8.63974e-18 -2.98591e-05  6.42634e-18  1.29438e-05 -7.76048e-19  8.58925e-06 -3.22705e-18 -3.95883e-06  3.13666e-18 -2.84455e-06 -9.35245e-19  7.28979e-07 -4.98071e-19  9.12621e-07  5.88782e-19  3.22656e-08 -2.54104e-19  -2.1548e-07  2.66781e-20 -7.65841e-08   7.1402e-20  2.07679e-08 -5.42241e-20  2.38687e-08 -9.77704e-21  5.45885e-09  2.32201e-20 -2.13727e-09  6.33983e-22 -1.87076e-09 -8.78261e-21 -4.81849e-10  2.14717e-21  6.55607e-11  1.32026e-21  9.72819e-11 -6.44749e-22  3.57924e-11  -1.2001e-22  4.61667e-12  1.37123e-22 -1.85369e-12  1.43172e-23 -1.28734e-12 -2.33671e-23 -3.91252e-13 -3.82405e-24 -5.94732e-14   1.2803e-24  4.82586e-15  5.35422e-25   5.9757e-15  4.92835e-25  2.02242e-15  8.62384e-26  4.28608e-16 -1.13923e-25  5.52176e-17 -3.12739e-26  5.08017e-19  1.05736e-26 -1.89561e-18  3.83032e-27 -5.91853e-19 -2.38153e-28 -1.15434e-19 -3.10792e-28 -1.64711e-20 -2.00788e-28 -1.70908e-21 -9.14972e-29 -1.06473e-22 -2.12724e-29  2.14912e-24 -4.92819e-30  1.64679e-24 -2.48133e-30  2.59765e-25 -9.33902e-31  2.70517e-26 -2.10769e-31  2.10037e-27  -3.3569e-32   1.2426e-28 -4.37409e-33  5.50637e-30 -4.53774e-34  1.73315e-31 -3.33509e-35  3.43313e-33 -1.65259e-36  2.94417e-35  -5.2189e-38 -1.46285e-37 -6.81817e-40
 4.66866e-24 -1.10009e-09 -4.42974e-24  2.57527e-08 -6.10281e-22 -3.10184e-07  7.15112e-21  2.40817e-06 -4.23566e-20 -1.32471e-05   1.4989e-19  5.42301e-05 -3.15581e-19  -0.00016963  2.77009e-19  0.000410151  5.73061e-19 -0.000765736 -2.89869e-18   0.00108574  6.79734e-18  -0.00111935 -1.11687e-17  0.000747138  1.34828e-17 -0.000186824 -1.07947e-17 -0.000164072  2.49462e-18  0.000151515  7.39134e-18  3.97942e-06 -1.22036e-17 -5.36785e-05  8.75473e-18  6.34692e-06 -1.03175e-18  1.69837e-05 -3.91574e-18 -1.52732e-06  3.49699e-18 -5.19179e-06 -8.99867e-19 -3.77792e-07 -4.52445e-19  1.32971e-06  4.34444e-19  4.39153e-07  -2.0801e-19  -1.9608e-07  6.85744e-20 -1.67569e-07  5.57968e-20 -1.75866e-08 -6.11288e-20  2.80083e-08 -1.18185e-20  1.48968e-08  2.60842e-20  1.20638e-09  1.97184e-21 -2.02652e-09 -9.25742e-21 -1.10159e-09  1.77373e-21 -1.99284e-10  1.33425e-21  6.05864e-11 -6.32864e-22  5.30798e-11 -1.14543e-22   1.7076e-11  1.54023e-22  1.99736e-12  1.95487e-23 -7.87472e-13 -2.59585e-23 -5.20218e-13 -6.40593e-24 -1.56858e-13  6.35906e-25 -2.66388e-14  8.85882e-25 -3.31823e-16  7.33366e-25  1.43147e-15  8.03384e-26  5.42824e-16 -1.34446e-25  1.24323e-16 -2.57061e-26  1.94235e-17  1.34644e-26  1.72034e-18  2.93736e-27 -8.59339e-20  -8.0438e-28 -6.92625e-20 -4.25566e-28 -1.59585e-20 -2.39939e-28 -2.49724e-21 -1.14695e-28 -2.95065e-22 -3.14802e-29 -2.64105e-23 -8.19926e-30 -1.64687e-24 -3.10008e-30 -4.33487e-26 -9.54645e-31   4.5994e-27  -1.9237e-31  7.78512e-28 -2.79822e-32  6.45607e-29 -3.28144e-33  3.59904e-30 -2.99645e-34  1.39752e-31 -1.89657e-35  3.61654e-33  -7.6654e-37  5.45506e-35 -1.68715e-38  3.08664e-37
 1.49635e-10  2.78586e-23 -6.47997e-09  4.22548e-23  1.07917e-07 -2.65776e-21 -1.06545e-06  2.49211e-20  7.17384e-06 -1.26214e-19 -3.52445e-05  3.90157e-19  0.000131057 -7.27795e-19 -0.000375974  5.73061e-19  0.000837372  1.07756e-18  -0.00143885 -5.03326e-18   0.00186274  1.10967e-17  -0.00171326 -1.74281e-17  0.000943212  2.03449e-17 -5.96828e-05 -1.58705e-17 -0.000329461  3.69482e-18  0.000174576  1.00099e-17   6.1915e-05 -1.61135e-17 -7.46146e-05  1.10781e-17 -1.21453e-05 -1.11234e-18  2.45744e-05 -4.54227e-18  4.93417e-06  3.55967e-18  -6.7616e-06 -6.83042e-19 -2.58182e-06 -3.59603e-19  1.25345e-06  2.04478e-19  1.00775e-06 -1.65533e-19  5.92655e-09  1.27678e-19 -2.32057e-07  4.38171e-20 -8.80772e-08 -6.98474e-20  1.28791e-08 -1.62941e-20  2.24728e-08  2.82027e-20  7.40452e-09  4.01511e-21 -5.13189e-10 -9.11392e-21  -1.4017e-09  1.26044e-21 -5.67985e-10  1.21518e-21 -7.19735e-11 -6.32726e-22  3.77292e-11 -1.04222e-22  2.54589e-11   1.7796e-22  7.52126e-12  2.90233e-23  9.00692e-13 -2.85467e-23 -2.61226e-13 -9.79816e-24 -1.80461e-13 -2.27655e-25 -5.52566e-14  1.25263e-24 -1.03796e-14  9.57403e-25 -8.21525e-16  7.30074e-26  2.19702e-16 -1.39476e-25  1.11716e-16 -1.41472e-26  2.80172e-17  1.57645e-26  4.88898e-18  1.44251e-27  6.03284e-19 -1.46331e-27  4.17465e-20 -5.69753e-28 -2.21838e-21 -2.97745e-28 -1.24795e-21  -1.4254e-28 -2.31135e-22 -4.18601e-29 -2.93825e-23 -1.10213e-29 -2.83966e-24 -3.44965e-30 -2.12028e-25 -9.00101e-31  -1.1897e-26 -1.62096e-31 -4.54548e-28 -2.13591e-32 -7.45522e-30 -2.22964e-33  3.37019e-31 -1.76498e-34  2.84657e-32 -9.36324e-36  9.19425e-34 -2.91952e-37  1.32825e-35 -3.65916e-39
-1.68322e-23  1.15155e-09  1.11769e-22 -2.91562e-08  3.45173e-22  3.79915e-07 -9.79507e-21 -3.19345e-06  7.68899e-20  1.90469e-05 -3.37577e-19 -8.47337e-05  9.17803e-19  0.000288995 -1.52259e-18 -0.000765736  1.07756e-18    0.0015787  1.84468e-18  -0.00250352 -7.98149e-18    0.0029573  1.66382e-17  -0.00240356 -2.51625e-17   0.00102636  2.86141e-17  0.000212505 -2.19053e-17 -0.000524645  5.22467e-18  0.000142995  1.27008e-17  0.000149525 -2.00212e-17 -7.88355e-05  1.30818e-17 -4.35538e-05  -8.6619e-19  2.60606e-05 -5.08079e-18  1.53882e-05   3.2593e-18 -5.74735e-06 -2.83957e-19 -5.49541e-06  -2.0329e-19  2.33565e-07 -8.33657e-20  1.48733e-06 -1.43209e-19  4.25454e-07  1.96432e-19 -1.92444e-07  4.29232e-20 -1.67005e-07  -7.8357e-20 -2.86415e-08 -2.44126e-20  1.99211e-08  2.87354e-20   1.3942e-08  6.71652e-21  2.96235e-09 -8.21437e-21 -8.10023e-10  7.42484e-22 -8.01788e-10  9.66368e-22 -2.64204e-10  -6.7403e-22 -2.40711e-11 -9.64945e-23  1.85474e-11  2.08816e-22  1.08099e-11  4.31294e-23  3.05177e-12 -3.03286e-23  4.06874e-13 -1.35887e-23 -6.06879e-14 -1.31077e-24 -5.21462e-14  1.55222e-24 -1.66162e-14  1.13762e-24 -3.39036e-15  7.15715e-26 -4.16277e-16 -1.24398e-25  9.16318e-19  3.02528e-27  1.54708e-17  1.72936e-26  4.62343e-18 -4.80913e-28  8.81013e-19 -2.16532e-27  1.23733e-19 -7.50014e-28  1.27667e-20 -3.73162e-28  8.24923e-22 -1.71297e-28 -3.87793e-24 -5.05819e-29 -9.65728e-24 -1.28733e-29 -1.54272e-24 -3.47088e-30 -1.57116e-25 -7.82439e-31 -1.17713e-26 -1.25776e-31 -6.65552e-28 -1.48806e-32  -2.7941e-29 -1.36569e-33 -8.27505e-31 -9.19621e-35 -1.55122e-32 -3.94245e-36 -1.41626e-34 -8.63715e-38 -1.80042e-37
 -1.2214e-10 -9.86236e-23  5.80651e-09  3.61287e-22 -1.05947e-07  1.57532e-21  1.14474e-06 -3.14408e-20 -8.43318e-06   2.1237e-19  4.53627e-05 -8.15906e-19 -0.000185015  1.96045e-18  0.000584029 -2.89869e-18  -0.00143885  1.84468e-18   0.00275878  2.87606e-18  -0.00404706 -1.15597e-17    0.0043544  2.29354e-17  -0.00308154 -3.36876e-17   0.00089209  3.76269e-17  0.000643957 -2.84982e-17 -0.000698862  7.06991e-18   2.7234e-05  1.51989e-17  0.000251595 -2.35809e-17  -5.0623e-05  1.44792e-17 -8.27817e-05 -1.63078e-19  1.54223e-05 -5.51576e-18  2.74044e-05  2.57526e-18 -4.67253e-07  2.61952e-19 -7.94955e-06  2.99954e-20 -1.92364e-06 -3.97127e-19   1.4761e-06 -1.56795e-19  9.69544e-07  2.62709e-19  1.75504e-08   5.9075e-20 -2.03744e-07 -8.33684e-20 -8.87423e-08 -3.65123e-20  2.40456e-10  2.67767e-20  1.59043e-08  9.72447e-21  7.24839e-09 -6.51539e-21  9.25504e-10  3.91049e-22 -5.94592e-10  6.23674e-22 -3.98034e-10 -7.75457e-22 -1.13379e-10 -1.00113e-22 -8.43839e-12  2.42659e-22  7.46998e-12  6.10049e-23  4.04618e-12 -3.03426e-23   1.1253e-12 -1.71886e-23  1.71289e-13 -2.56323e-24 -4.98129e-15  1.71788e-24 -1.18775e-14  1.25598e-24 -4.10835e-15  8.34284e-26 -8.98533e-16 -8.75788e-26 -1.34787e-16  2.45386e-26 -1.11339e-17  1.79966e-26  7.46677e-19 -2.59357e-27   4.8792e-19 -2.85817e-27  1.07747e-19 -9.61949e-28  1.63733e-20 -4.57239e-28  1.88792e-21 -1.95549e-28  1.65944e-22 -5.59264e-29   1.0372e-23 -1.34475e-29  3.23058e-25 -3.18255e-30 -1.75156e-26 -6.26479e-31 -3.42414e-27 -8.96108e-32 -2.75328e-28 -9.42394e-33 -1.42766e-29 -7.49219e-34  -4.9678e-31 -4.18649e-35 -1.08643e-32 -1.37388e-36 -1.20317e-34 -1.72364e-38
 4.70755e-23 -7.72468e-10 -3.94452e-22  2.19535e-08  1.06466e-21 -3.19279e-07  5.43153e-21  2.98391e-06 -8.95986e-20 -1.97429e-05   5.2957e-19  9.73572e-05 -1.79196e-18 -0.000368365   3.8173e-18   0.00108574 -5.03326e-18  -0.00250352  2.87606e-18   0.00448435  4.07872e-18  -0.00609747 -1.52683e-17   0.00595669  2.90647e-17  -0.00358549  -4.1887e-17  0.000447236  4.63933e-17   0.00120264  -3.5103e-17 -0.000779964  9.19789e-18 -0.000186168  1.72765e-17  0.000337276  -2.6542e-17   2.0961e-05   1.5078e-17 -0.000117558  1.07122e-18 -1.12367e-05 -5.83388e-18  3.60074e-05   1.5347e-18   9.5436e-06  8.86881e-19 -8.19506e-06  3.46518e-19 -4.85072e-06 -6.94863e-19  5.87334e-07 -2.17391e-19  1.39139e-06  3.12089e-19  3.96286e-07   9.4754e-20 -1.39447e-07  -8.1129e-20 -1.39925e-07 -5.16633e-20 -3.57619e-08  2.16632e-20  8.32061e-09  1.24179e-20  9.70483e-09 -4.12478e-21    3.296e-09  3.59474e-22  2.00558e-10   2.5223e-22 -3.26986e-10 -9.34287e-22 -1.75386e-10 -1.21725e-22 -4.55036e-11  2.72477e-22 -3.48197e-12  8.05295e-23  2.44945e-12 -2.78665e-23  1.31573e-12 -2.00134e-23  3.68506e-13 -3.87308e-24  6.31825e-14   1.7284e-24  3.41696e-15  1.31065e-24 -1.87223e-15  1.14888e-25 -7.90531e-16 -3.07051e-26 -1.86179e-16  4.84081e-26 -3.10926e-17  1.79094e-26 -3.67279e-18 -4.64797e-27 -2.35429e-19 -3.49004e-27  1.58864e-20 -1.18565e-27  7.51816e-21 -5.34582e-28  1.32517e-21 -2.09779e-28  1.61847e-22 -5.68249e-29  1.50496e-23 -1.27366e-29  1.08149e-24 -2.67023e-30  5.86033e-26 -4.61321e-31  2.20783e-27 -5.84225e-32  4.28476e-29 -5.39721e-33 -6.56561e-31 -3.64844e-34 -7.15528e-32 -1.63407e-35 -1.94783e-33 -3.74319e-37 -1.69953e-35
 5.38873e-11  2.58125e-22 -3.05241e-09 -1.27895e-21  6.49341e-08  3.15381e-21 -8.06173e-07  1.55001e-20  6.75765e-06 -2.29761e-19 -4.10976e-05   1.2003e-18   0.00018883 -3.59319e-18 -0.000670769  6.79734e-18   0.00186274 -7.98149e-18  -0.00404706  4.07872e-18   0.00680311  5.24225e-18    -0.008588  -1.8322e-17   0.00757915  3.38067e-17  -0.00373028 -4.83995e-17 -0.000354147  5.37702e-17   0.00180247 -4.11531e-17 -0.000692683  1.15805e-17 -0.000481866  1.88016e-17  0.000365911 -2.88071e-17  0.000134748  1.48145e-17 -0.000130589  2.83283e-18 -5.25866e-05 -6.01599e-18  3.48838e-05  2.07745e-19  2.25743e-05  1.50171e-18 -4.57081e-06  7.41977e-19 -7.49999e-06 -9.31942e-19 -1.29763e-06 -3.28243e-19  1.35524e-06  3.30991e-19  8.32051e-07   1.4782e-19  5.66755e-08 -6.85226e-20 -1.42464e-07 -6.76781e-20  -7.5096e-08  1.32883e-20 -1.00101e-08  1.40651e-20  7.38664e-09 -1.32375e-21  4.98657e-09  7.24297e-22  1.35456e-09 -6.91868e-23  1.45713e-11 -1.12357e-21 -1.47768e-10 -1.62585e-22 -6.91564e-11  2.90473e-22 -1.70951e-11  9.88184e-23 -1.59935e-12 -2.27704e-23  6.22726e-13 -2.16656e-23  3.62068e-13 -5.07539e-24   1.0401e-13  1.62113e-24  1.95615e-14  1.31845e-24  2.07835e-15  1.70557e-25 -1.01866e-16  4.16477e-26 -1.06319e-16   7.2244e-26 -2.85337e-17  1.71147e-26 -5.13727e-18 -6.43314e-27 -6.89457e-19 -4.00878e-27  -6.7992e-20 -1.38741e-27 -4.13501e-21 -5.87847e-28  4.03024e-23 -2.10216e-28   4.8661e-23 -5.32009e-29   7.2836e-24 -1.10156e-29  6.99881e-25 -2.05368e-30  4.92525e-26 -3.11747e-31  2.59148e-27 -3.47075e-32  9.97942e-29 -2.77624e-33  2.65079e-30 -1.55693e-34  4.28987e-32  -5.3023e-36  3.12342e-34 -6.91685e-38
-1.10526e-22  2.12317e-10  9.50863e-22 -8.18432e-09 -3.71273e-21  1.50042e-07  9.64397e-21 -1.69716e-06  3.83602e-20  1.32593e-05 -5.35379e-19 -7.60205e-05  2.48662e-18  0.000331293 -6.60482e-18  -0.00111935  1.10967e-17    0.0029573 -1.15597e-17  -0.00609747  5.24225e-18   0.00966452   6.0614e-18   -0.0113413 -1.98272e-17   0.00897279  3.59479e-17   -0.0033548 -5.19121e-17  -0.00148147  5.86963e-17   0.00231403 -4.62034e-17 -0.000383967  1.42133e-17 -0.000810776  1.97679e-17  0.000299209 -3.04336e-17  0.000272926  1.37478e-17 -0.000104965  5.03481e-18 -0.000100286 -6.03362e-18  1.88152e-05 -1.30358e-18  3.45272e-05   2.0122e-18  3.55931e-06   1.2003e-18 -8.37027e-06 -1.06964e-18 -3.81371e-06 -4.83139e-19  5.92562e-07  3.09774e-19  1.11247e-06   2.1159e-19  3.51129e-07 -4.41375e-20 -6.47488e-08 -8.15574e-20  -9.4963e-08  2.30234e-21 -3.35482e-08  1.40581e-20 -9.01027e-10  1.46754e-21  4.46797e-09  1.44548e-21  2.25182e-09 -2.72221e-22  5.18579e-10 -1.29921e-21  -8.7931e-12 -2.17085e-22 -5.63249e-11  2.90988e-22 -2.43273e-11  1.13052e-22 -5.92937e-12 -1.56549e-23 -7.01302e-13 -2.20337e-23   1.0414e-13 -5.97611e-24  8.07061e-14  1.48408e-24  2.43892e-14   1.3112e-24  4.91538e-15  2.52894e-25  6.73925e-16  1.22906e-25  4.38641e-17  9.36149e-26 -6.70281e-18  1.57173e-26 -2.88243e-18 -7.79529e-27 -5.79837e-19 -4.36222e-27 -8.30467e-20 -1.52815e-27 -9.10199e-21 -6.03498e-28 -7.61132e-22 -1.96138e-28 -4.50866e-23 -4.59639e-29 -1.30941e-24  -8.7311e-30  7.04339e-26 -1.44816e-30  1.25423e-26 -1.92763e-31  9.20605e-28 -1.86876e-32  4.26519e-29 -1.27073e-33  1.27416e-30  -5.7113e-35  2.19861e-32 -1.35022e-36  1.43816e-34
 4.31693e-12 -5.67463e-22  2.11224e-10  2.75088e-21 -1.28149e-08 -1.03475e-20  2.53742e-07  2.91101e-20 -2.89049e-06  8.49228e-20  2.22269e-05 -1.14193e-18 -0.000124219  4.73092e-18  0.000524942 -1.11687e-17  -0.00171326  1.66382e-17    0.0043544 -1.52683e-17    -0.008588   6.0614e-18    0.0128997  6.21749e-18   -0.0140854 -1.90811e-17   0.00987556  3.46505e-17  -0.00237195 -5.14594e-17  -0.00281836  6.04127e-17    0.0025932 -5.00383e-17  0.000153812  1.71143e-17  -0.00109695   2.0286e-17  0.000115865   -3.158e-17  0.000402163  1.20242e-17 -3.11449e-05  7.51912e-18  -0.00013982 -5.85326e-18 -1.35189e-05 -2.88042e-18  3.98345e-05  2.33673e-18   1.5029e-05  1.69494e-18 -6.08263e-06 -1.08271e-18 -6.08167e-06 -6.66884e-19 -9.11073e-07  2.45007e-19  1.00191e-06  2.76123e-19  6.35034e-07 -8.97303e-21  9.22104e-08 -9.02391e-20 -7.32075e-08 -9.89408e-21 -5.05776e-08  1.21362e-20 -1.29173e-08  3.78125e-21  1.02293e-09  2.36454e-21  2.18436e-09  -3.2274e-22  9.14019e-10 -1.41496e-21  1.89579e-10 -2.74149e-22 -3.04903e-12   2.7266e-22 -1.80716e-11  1.21278e-22 -7.53289e-12 -7.70506e-24 -1.85032e-12 -2.12651e-23 -2.65145e-13 -6.38161e-24  1.42174e-15  1.43096e-24  1.33857e-14  1.32714e-24  4.52437e-15  3.61514e-25  9.68076e-16  2.05499e-25  1.49704e-16  1.10405e-25   1.6071e-17   1.3846e-26  7.80209e-19 -8.63881e-27 -1.19494e-19 -4.50435e-27 -3.85955e-20 -1.57582e-27 -6.14834e-21 -5.76412e-28 -7.00349e-22 -1.70084e-28 -6.11391e-23 -3.66695e-29 -4.12033e-24 -6.35141e-30 -2.08322e-25 -9.35277e-31 -7.27189e-27 -1.08634e-31 -1.31522e-28 -9.05541e-33   1.4345e-30 -5.10807e-34  1.44775e-31 -1.74565e-35  2.85959e-33 -2.33952e-37
 2.25296e-22  1.22179e-10 -1.92411e-21 -2.03868e-09  6.79788e-21  5.37787e-09 -2.84948e-20  2.18685e-07  8.21428e-20 -3.58964e-06  1.72173e-19   3.0616e-05  -2.2423e-18 -0.000176546   8.3008e-18  0.000747138 -1.74281e-17  -0.00240356  2.29354e-17   0.00595669  -1.8322e-17   -0.0113413  6.21749e-18    0.0162342  5.50588e-18   -0.0165037 -1.58975e-17    0.0100763   2.9745e-17 -0.000802782 -4.66233e-17  -0.00418008  5.86054e-17   0.00251937 -5.27024e-17  0.000871395  2.02947e-17   -0.0012554  2.05394e-17  -0.00017705 -3.24229e-17  0.000481062  9.83389e-18  8.72447e-05  1.00821e-17 -0.000154217 -5.44735e-18 -5.76272e-05 -4.40402e-18  3.33722e-05  2.42143e-18  2.67125e-05  2.19244e-18 -1.05266e-07 -9.63963e-19 -6.94608e-06 -8.57694e-19  -2.7998e-06  1.40387e-19   3.6432e-07    3.303e-19   7.5531e-07  3.34315e-20  2.81182e-07 -9.14162e-20  -2.6919e-09 -2.13878e-20 -4.83081e-08  8.51772e-21 -2.30951e-08  5.22516e-21 -4.42915e-09  3.24509e-21  8.26837e-10 -2.34483e-22  9.09163e-10 -1.43931e-21  3.36707e-10 -3.21234e-22  6.67663e-11  2.38794e-22  7.70079e-13   1.2282e-22 -4.75887e-12 -3.30982e-25 -2.00534e-12 -1.96352e-23 -5.02662e-13 -6.12714e-24 -8.24277e-14  1.56853e-24 -6.07408e-15  1.39984e-24  1.27225e-15  4.92198e-25  6.11648e-16   2.8177e-25  1.42388e-16   1.2111e-25  2.35452e-17   1.1668e-26   2.9308e-18 -8.92107e-27  2.64045e-19 -4.40743e-27   1.3269e-20 -1.51652e-27 -5.63602e-22  -5.1138e-28  -2.1831e-22  -1.3691e-28 -2.84787e-23 -2.70107e-29 -2.49127e-24 -4.24036e-30 -1.60252e-25 -5.51994e-31 -7.63853e-27 -5.55091e-32 -2.61222e-28 -3.91163e-33 -5.93687e-30 -1.76849e-34 -7.59599e-32 -4.19561e-36  -3.3199e-34
