 1.60716e-32  4.94358e-36 -1.02709e-30 -1.03407e-35    3.277e-29  1.46205e-36  -6.3634e-28  2.76805e-35  8.68954e-27   1.5732e-35 -8.97482e-26   1.9713e-35  7.32253e-25  2.91803e-36 -4.85547e-24  1.50689e-36  2.66804e-23 -1.51799e-35  -1.2316e-22  7.78531e-35  4.82171e-22 -3.71747e-34 -1.61114e-21  1.52948e-33   4.6118e-21 -5.58166e-33 -1.13224e-20  1.83554e-32   2.3811e-20 -5.53662e-32  -4.2712e-20  1.56679e-31  6.48255e-20 -4.25784e-31 -8.20982e-20  1.12924e-30   8.4697e-20 -2.92719e-30 -6.80049e-20  7.32288e-30  3.81682e-20 -1.73486e-29 -9.49812e-21  3.82552e-29 -5.95611e-21 -7.75528e-29  7.11906e-21  1.43447e-28 -2.09783e-21 -2.41048e-28 -1.19062e-21  3.67098e-28  1.07882e-21 -5.05837e-28 -8.47167e-24  6.29616e-28 -2.84542e-22 -7.06328e-28  5.52907e-23  7.11735e-28  6.08643e-23  -6.4078e-28 -1.74195e-23  5.11174e-28 -1.24072e-23 -3.56507e-28  3.42732e-24  2.12351e-28  2.49537e-24 -1.03059e-28 -4.16379e-25  3.58981e-29  -4.5695e-25 -3.97716e-30  4.04014e-27 -5.87767e-30  6.59473e-26  5.77074e-30  1.08903e-26 -3.19859e-30 -5.96487e-27  1.21452e-30  -2.4254e-27 -2.84887e-31  9.04685e-29  3.98679e-33  2.44601e-28  3.12081e-32  4.78914e-29 -1.58702e-32 -7.37908e-30  4.56202e-33 -4.91357e-30 -8.01155e-34 -6.87246e-31  6.21008e-35  1.01693e-31   1.0728e-35  5.36998e-32 -7.90618e-36  7.44716e-33  3.58316e-36 -2.79115e-34  -9.2483e-37 -2.64251e-34  4.90871e-39 -4.14786e-35  6.40113e-38 -1.95482e-36 -1.23716e-38  3.29215e-37 -9.11912e-40  6.83993e-38  4.66409e-40  5.38216e-39 -1.49711e-41  1.21476e-40  -5.2348e-42 -1.12381e-41  2.00958e-43 -1.11864e-42  1.98676e-44 -3.68835e-44 -1.30267e-46 -4.44723e-46 -1.23388e-47
 4.94358e-36  1.47542e-30  1.98896e-35 -6.77503e-29  -2.7151e-35   1.6494e-27   2.1212e-35 -2.66532e-26  6.29804e-35  3.15804e-25  3.57391e-35 -2.90016e-24  4.81078e-35  2.13747e-23 -1.89592e-36 -1.29428e-22  4.97752e-35  6.54462e-22 -3.09605e-34 -2.79541e-21  1.54216e-33  1.01656e-20 -6.72027e-33 -3.16313e-20  2.55957e-32  8.44276e-20 -8.59205e-32 -1.93315e-19  2.56624e-31  3.78737e-19 -6.91495e-31 -6.31204e-19  1.71865e-30  8.85634e-19 -4.06965e-30  -1.0278e-18  9.52244e-30  9.55957e-19 -2.25212e-29  -6.6807e-19  5.34723e-29  2.92416e-19 -1.23752e-28  -6.7351e-21  2.70335e-28 -9.56673e-20 -5.44778e-28   6.1437e-20  9.99795e-28 -1.95303e-21  -1.6607e-27 -1.76973e-20  2.49012e-27  6.90399e-21 -3.36657e-27  2.88012e-21  4.09996e-27 -2.44236e-21 -4.49073e-27 -3.16499e-22  4.41129e-27  6.08269e-22 -3.86743e-27   3.3329e-23  3.00223e-27 -1.27916e-22 -2.03692e-27 -9.44885e-24  1.18077e-27  2.30871e-23 -5.58999e-28  3.69732e-24  1.91944e-28 -3.28816e-24 -2.40936e-29 -1.01985e-24 -2.58991e-29   2.9045e-25  2.56025e-29  1.83161e-25 -1.37948e-29  1.65797e-27   5.0455e-30 -1.93922e-26 -1.13253e-30 -4.37871e-27  1.43702e-32  7.42531e-28  1.11557e-31  5.20622e-28 -5.24987e-32  6.68158e-29  1.35858e-32 -1.78255e-29 -2.07296e-33 -7.83008e-30  1.74275e-34 -8.72917e-31 -1.47282e-35  1.44998e-31 -7.62994e-36  6.23968e-32  1.08042e-35  7.95459e-33 -4.08585e-36 -1.21996e-34  2.99199e-37 -1.91241e-34   1.9509e-37 -2.88693e-35 -4.31905e-38 -1.64656e-36 -2.62548e-39  8.36194e-38  1.38491e-39  2.17863e-38 -3.10402e-41  1.62417e-39 -1.35489e-41  5.15867e-41  3.01935e-43 -2.81342e-43  3.73949e-44 -5.36191e-44  1.67907e-46 -7.99721e-46
-1.02709e-30  1.98896e-35  8.39074e-29  4.26268e-35 -2.69788e-27 -3.83147e-35  5.28331e-26  7.16816e-35 -7.27871e-25  1.08894e-34  7.58758e-24  7.15824e-35   -6.251e-23  1.00238e-34  4.18732e-22 -1.17662e-34 -2.32561e-21  8.03626e-34  1.08567e-20 -4.41929e-33 -4.30114e-20  2.07426e-32  1.45538e-19 -8.46909e-32 -4.22196e-19  3.02075e-31  1.05145e-18  -9.4488e-31 -2.24549e-18  2.60245e-30  4.09602e-18 -6.35191e-30 -6.33296e-18  1.39242e-29  8.19066e-18 -2.82132e-29 -8.66247e-18  5.56643e-29  7.18042e-18 -1.14027e-28 -4.23456e-18  2.49771e-28  1.22719e-18 -5.64965e-28  5.27784e-19  1.24036e-27 -7.74738e-19 -2.52455e-27  2.75924e-19  4.65582e-27  1.07031e-19 -7.71329e-27  -1.2524e-19  1.14552e-26  1.06719e-20 -1.52534e-26  3.10708e-20  1.82191e-26 -8.84841e-21 -1.95126e-26 -6.32788e-21  1.87023e-26  2.59862e-21 -1.59749e-26  1.26809e-21  1.20698e-26 -5.32412e-22 -7.96482e-27 -2.64383e-22  4.49001e-27  7.71015e-23 -2.06975e-27  5.24027e-23  6.97041e-28 -5.38627e-24 -9.37071e-29 -8.44787e-24 -7.90019e-29  -7.1933e-25  7.81522e-29   9.1309e-25 -4.07772e-29  2.65956e-25  1.42936e-29  -3.8324e-26 -3.02781e-30 -3.35757e-26  6.52126e-33  -4.3447e-27   2.8262e-31  1.57312e-27 -1.19939e-31  6.60748e-28    2.676e-32  5.65963e-29 -3.12318e-33 -2.23771e-29  3.12992e-34 -7.58217e-30 -1.79904e-34 -7.28577e-31  3.88112e-35  1.09315e-31  2.04071e-35   4.2265e-32 -1.19379e-35  5.12756e-33  1.39617e-36  4.98044e-35  4.13365e-37 -7.14982e-35 -1.03309e-37 -1.05356e-35 -5.79064e-39  -6.4795e-37  2.86928e-39 -1.60968e-40 -3.38337e-41  2.73122e-39 -2.37906e-41  1.88501e-40   2.2824e-43  4.87884e-42  4.14467e-44  2.54224e-44  3.50767e-46
-1.03407e-35 -6.77503e-29  4.26268e-35  3.15065e-27  6.04371e-35 -7.73542e-26 -2.56713e-35  1.26109e-24  1.46666e-34  -1.5081e-23  1.64233e-34  1.39842e-22   9.6736e-35 -1.04117e-21  3.56823e-34  6.37196e-21  -1.6294e-33 -3.25832e-20  9.74741e-33  1.40825e-19 -4.98786e-32 -5.18541e-19  2.20726e-31  1.63499e-18  -8.5087e-31 -4.42596e-18  2.86619e-30  1.02886e-17 -8.44781e-30 -2.04899e-17  2.17817e-29  3.47667e-17 -4.90828e-29 -4.97682e-17  9.67343e-29  5.91064e-17 -1.68393e-28 -5.65429e-17  2.69097e-28  4.10651e-17 -4.35715e-28 -1.93164e-17  8.16625e-28   1.6807e-18 -1.79708e-27  5.49938e-18  4.09934e-27 -4.05648e-18 -8.71464e-27  4.19805e-19  1.65363e-26  1.05574e-18 -2.77316e-26 -5.14725e-19   4.1156e-26  -1.4123e-19 -5.42592e-26  1.69596e-19  6.37582e-26  6.38347e-21 -6.68906e-26 -4.12944e-20  6.26251e-26  1.38673e-21 -5.21511e-26  8.76982e-21  3.83612e-26 -1.33809e-22  -2.4619e-26 -1.65755e-21  1.34875e-26 -1.17065e-22 -6.04362e-27  2.59008e-22  1.98727e-27  5.37419e-23 -2.75726e-28 -2.80423e-23 -1.93294e-28 -1.20325e-23  1.89783e-28  1.02892e-24 -9.55413e-29  1.53516e-24  3.19522e-29  2.29919e-25 -6.29894e-30 -8.77107e-26 -1.10644e-31 -3.88601e-26   5.8897e-31 -2.56349e-27 -2.20515e-31  1.93668e-27   3.9568e-32  5.90834e-28 -1.96266e-33   3.5437e-29  2.60492e-34 -1.80156e-29  -6.3661e-34 -5.12188e-30  2.04209e-34 -4.58623e-31   2.4736e-35  4.86133e-32 -2.72011e-35  1.85861e-32  4.02272e-36  2.17895e-33  7.06826e-37  6.60052e-35 -1.96227e-37 -1.42195e-35 -1.11632e-38 -2.12612e-36  4.75207e-39 -1.27452e-37  -5.8262e-42 -2.46433e-39 -3.21012e-41  1.08151e-40  1.24387e-44  5.81836e-42  2.88145e-44  6.63911e-44
   3.277e-29  -2.7151e-35 -2.69788e-27  6.04371e-35    8.749e-26  6.67305e-35 -1.72854e-24  1.83791e-35  2.40347e-23  2.16884e-34  -2.5298e-22  2.48981e-34  2.10537e-21 -1.75841e-34 -1.42537e-20  2.83181e-33  8.00523e-20 -1.74669e-32 -3.78127e-19  9.74079e-32  1.51672e-18 -4.69017e-31 -5.19989e-18  1.96338e-30  1.52964e-17 -7.17887e-30 -3.86668e-17  2.29725e-29  8.39136e-17 -6.43157e-29 -1.55763e-16  1.57074e-28  2.45519e-16 -3.32576e-28 -3.24538e-16  6.04312e-28  3.52151e-16 -9.29073e-28 -3.01562e-16  1.19489e-27  1.86803e-16 -1.33463e-27 -6.17772e-17  1.67078e-27 -1.71314e-17 -3.45406e-27  3.32317e-17  9.25399e-27 -1.40718e-17 -2.26068e-26 -3.46584e-18  4.65078e-26  5.70163e-18 -8.11205e-26 -9.39875e-19  1.22016e-25 -1.31286e-18 -1.60458e-25  5.17387e-19  1.86235e-25  2.48121e-19 -1.91819e-25 -1.45441e-19  1.75651e-25 -4.77863e-20 -1.42721e-25  3.06783e-20  1.02254e-25  1.03579e-20 -6.38211e-26 -4.95074e-21  3.39585e-26 -2.26138e-21 -1.47674e-26  5.10644e-22  4.72161e-27  4.11567e-22 -6.58057e-28 -7.32787e-25 -4.03432e-28 -5.22201e-23  3.89275e-28 -1.03766e-23 -1.88487e-28  3.33733e-24  5.99341e-29  1.73562e-24 -1.08443e-29  1.03121e-25 -5.12217e-31 -1.11937e-25  1.07682e-30 -3.31365e-26 -3.53863e-31 -7.25857e-28   4.6463e-32  1.63598e-27  4.23674e-33  3.98508e-28 -6.07802e-34  1.90644e-29  -1.4826e-33 -9.94121e-30  5.81386e-34 -2.51032e-30  8.96252e-36 -2.21093e-31 -5.19446e-35  1.18455e-32  8.87328e-36   5.3306e-33  1.04189e-36  6.03435e-34 -3.14266e-37  2.57291e-35 -1.92996e-38 -1.23409e-36  6.60751e-39 -2.17539e-37  5.58216e-41 -1.13192e-38 -3.45171e-41 -2.31681e-40 -1.92385e-43  -3.8646e-43  1.10501e-44
 1.46205e-36   1.6494e-27 -3.83147e-35 -7.73542e-26  6.67305e-35  1.91604e-24  7.36353e-35 -3.15267e-23  8.57106e-35  3.80676e-22  2.22036e-34 -3.56577e-21  6.63828e-34  2.68311e-20 -3.42203e-33 -1.66043e-19  2.61821e-32  8.59056e-19 -1.58742e-31 -3.75891e-18  8.32277e-31  1.40224e-17  -3.7862e-30 -4.48284e-17  1.50359e-29  1.23152e-16 -5.23121e-29 -2.90834e-16  1.59643e-28  5.89166e-16 -4.26786e-28 -1.01853e-15  9.95065e-28  1.48869e-15  -2.0051e-27  -1.8108e-15  3.43351e-27   1.7831e-15 -4.83734e-27  -1.3464e-15  5.22589e-27  6.78629e-16 -3.51774e-27 -9.98849e-17 -8.05914e-30 -1.64891e-16  1.56264e-27  1.41612e-16  7.48422e-27 -2.47267e-17 -3.89255e-26 -3.26904e-17  1.02062e-25  1.99429e-17 -1.96245e-25  3.09031e-18  3.06508e-25 -6.14664e-18 -4.06506e-25  3.29473e-19  4.68477e-25  1.45434e-18 -4.75007e-25   -1.876e-19  4.26105e-25 -3.10004e-19 -3.38166e-25  3.52659e-20  2.36131e-25  6.11239e-20 -1.43351e-25 -1.44508e-21  7.40377e-26 -1.03967e-20 -3.11944e-26 -1.17864e-21  9.65995e-27  1.31523e-21  -1.3234e-27  3.89333e-22 -7.43028e-28 -8.61049e-23  6.97099e-28 -6.13865e-23 -3.23932e-28 -4.47824e-24  9.77636e-29  4.67985e-24 -1.60448e-29  1.44517e-24 -1.40043e-30 -1.48272e-26  1.78998e-30 -9.94432e-26 -5.32532e-31 -2.20007e-26  4.93575e-32  1.32743e-28  1.75119e-32  1.00818e-27 -3.49377e-33  2.08706e-28 -2.60791e-33  9.64098e-30  1.24902e-33 -3.79465e-30 -4.61651e-35 -8.90971e-31 -8.65946e-35 -7.86275e-32   1.6255e-35  7.97017e-34  1.37927e-36  9.47324e-34 -4.37669e-37  1.02523e-34 -2.98129e-38   4.7325e-36  7.87565e-39  8.18131e-39  1.30688e-40 -8.79341e-39 -2.97029e-41 -3.28953e-40 -2.51507e-43 -3.15227e-42
 -6.3634e-28   2.1212e-35  5.28331e-26 -2.56713e-35 -1.72854e-24  7.36353e-35  3.44674e-23  1.00465e-34 -4.83906e-22  1.75893e-34   5.1451e-21 -1.51393e-34 -4.32744e-20  4.31614e-33  2.96244e-19 -3.25152e-32 -1.68328e-18  2.19674e-31  8.04914e-18 -1.25615e-30 -3.27069e-17  6.21058e-30  1.13679e-16 -2.67618e-29 -3.39314e-16  1.01043e-28  8.71176e-16 -3.35258e-28 -1.92251e-15  9.78193e-28  3.63415e-15 -2.50525e-27 -5.84432e-15  5.60297e-27  7.90202e-15 -1.08303e-26 -8.80449e-15  1.77379e-26  7.79473e-15 -2.36173e-26 -5.07035e-15  2.29428e-26  1.88487e-15 -9.38965e-27  2.88841e-16 -1.83016e-26 -8.67314e-16  4.84724e-26  4.32857e-16 -5.28329e-26  5.54326e-17 -6.01049e-27  -1.5714e-16  1.54882e-25  3.92954e-17 -3.88183e-25  3.28551e-17  6.59782e-25 -1.76232e-17 -8.97662e-25 -5.48386e-18  1.03448e-24  4.79387e-18 -1.03599e-24  9.62195e-19  9.12147e-25  -1.0334e-18 -7.07998e-25 -2.19032e-19  4.82247e-25  1.80371e-19 -2.84827e-25  5.50951e-20  1.42697e-25 -2.28017e-20 -5.81448e-26 -1.16561e-20  1.73695e-26  1.26062e-21 -2.29501e-27   1.7376e-21 -1.23308e-27  1.96294e-22  1.11313e-27 -1.46635e-22 -4.96006e-28 -5.15877e-23  1.42198e-28  1.33378e-24 -2.10635e-29  4.42614e-24 -2.84731e-30  9.33445e-25  2.75646e-30 -6.32004e-26 -8.03805e-31 -6.62605e-26  6.98052e-32 -1.17728e-26  3.63811e-32  2.09777e-28 -1.01095e-32  4.62224e-28  -3.5706e-33  8.51043e-29  2.22975e-33  4.34507e-30 -1.57893e-34 -9.67833e-31  -1.2924e-34 -2.22102e-31  2.57517e-35  -1.9383e-32  1.68767e-36 -3.44785e-34 -5.38902e-37  9.22033e-35 -4.08182e-38  9.55739e-36  8.10903e-39  3.96608e-37  1.84222e-40   5.3562e-39 -2.00803e-41 -6.41158e-41 -1.60534e-43
 2.76805e-35 -2.66532e-26  7.16816e-35  1.26109e-24  1.83791e-35 -3.15267e-23  1.00465e-34  5.23771e-22  1.46717e-34 -6.38855e-21  4.77421e-34  6.04768e-20  -3.5443e-33 -4.60135e-19  3.50411e-32  2.88082e-18 -2.60146e-31 -1.50878e-17  1.63343e-30  6.68743e-17 -8.78901e-30 -2.52889e-16   4.1073e-29  8.20215e-16  -1.6798e-28 -2.28817e-15  6.04051e-28  5.49345e-15 -1.91451e-27 -1.13283e-14  5.34983e-27  1.99687e-14 -1.31521e-26 -2.98248e-14  2.82921e-26  3.71872e-14 -5.26897e-26 -3.77235e-14  8.32272e-26  2.96288e-14 -1.06745e-25 -1.59623e-14  9.86443e-26  3.26367e-15 -3.18984e-26  3.21342e-15 -1.00762e-25 -3.28639e-15  2.61054e-25  8.11695e-16 -3.58024e-25  6.53224e-16  2.79269e-25 -5.06943e-16  4.56468e-26 -2.46952e-17 -5.88185e-25  1.45942e-16  1.21507e-24 -2.18101e-17 -1.74473e-24 -3.32099e-17  2.03011e-24  7.96506e-18 -2.01625e-24  7.04169e-18  1.74653e-24 -1.63953e-18 -1.32822e-24 -1.44479e-18  8.83589e-25  1.92411e-19 -5.07891e-25  2.67134e-19  2.46612e-25   4.4865e-21 -9.69621e-26 -3.86726e-20  2.78209e-26 -7.34946e-21 -3.47961e-27  3.43461e-21 -1.86986e-27  1.54473e-21  1.60923e-27  -2.5376e-23 -6.88148e-28 -1.51733e-22  1.88087e-28 -3.26054e-23 -2.53998e-29  4.00883e-24 -4.58669e-30  3.14517e-24  3.95499e-30   4.8637e-25 -1.26247e-30 -5.43875e-26    1.586e-31 -3.41318e-26  5.31296e-32 -5.16529e-27 -2.22759e-32  7.38488e-29 -3.59446e-33  1.56635e-28  3.46109e-33  2.64955e-29  -3.3386e-34  1.53416e-30 -1.75397e-34 -1.48947e-31  3.60816e-35 -3.66221e-32  1.94395e-36  -3.0542e-33 -5.91515e-37 -9.45262e-35 -4.91949e-38  3.48916e-36   7.2116e-39  3.92054e-37  1.90192e-40  1.13089e-38 -1.01381e-41  8.13155e-41
 8.68954e-27  6.29804e-35 -7.27871e-25  1.46666e-34  2.40347e-23  8.57106e-35 -4.83906e-22  1.46717e-34  6.86271e-21  1.23038e-34 -7.37418e-20   2.8146e-33  6.27127e-19 -3.07397e-32 -4.34322e-18  2.65039e-31  2.49811e-17 -1.84309e-30 -1.20997e-16  1.08405e-29  4.98357e-16 -5.49936e-29 -1.75712e-15  2.43408e-28  5.32509e-15 -9.46425e-28 -1.38959e-14  3.24601e-27  3.12056e-14 -9.84014e-27 -6.01173e-14  2.63659e-26  9.87174e-14 -6.22969e-26 -1.36644e-13  1.29087e-25   1.5647e-13 -2.32123e-25 -1.43315e-13  3.55026e-25  9.78744e-14 -4.42737e-25 -4.04322e-14  4.01295e-25  -1.9657e-15 -1.35623e-25  1.58645e-14 -3.73459e-25 -9.31153e-15  9.94388e-25 -2.26803e-16  -1.4444e-24  3.01896e-15  1.40715e-24 -1.04306e-15 -7.20346e-25 -5.51828e-16 -4.95879e-25  4.09734e-16  1.87663e-24  7.22197e-17 -2.99662e-24 -1.08206e-16  3.56859e-24 -9.45653e-18 -3.53265e-24  2.36908e-17  3.01974e-24   2.3785e-18 -2.25558e-24 -4.40173e-18  1.46799e-24 -8.11201e-19 -8.21509e-25  6.39246e-19  3.86088e-25  2.16011e-19 -1.46032e-25 -5.62501e-20  4.00388e-26 -3.87349e-20 -4.63942e-27 -8.37222e-22 -2.62074e-27  4.10716e-21   2.1341e-27  9.86419e-22 -8.77355e-28 -1.49348e-22  2.29737e-28 -1.14981e-22 -2.92052e-29 -1.59177e-23  -5.8921e-30  3.71548e-24  5.26426e-30  1.75663e-24 -2.03812e-30  2.11839e-25  3.94801e-31 -2.85846e-26  5.28988e-32 -1.36828e-26 -4.12981e-32 -1.85203e-27 -1.73613e-33 -3.55572e-31  4.79643e-33  3.80554e-29 -5.66777e-34  6.04691e-30 -2.18363e-34  3.80095e-31  4.52933e-35  -9.6372e-33  2.12111e-36 -3.60616e-33 -5.80514e-37 -2.73872e-34 -5.18435e-38 -8.73383e-36  5.50484e-39 -2.37834e-38  1.48997e-40  3.99957e-39 -3.32817e-42
  1.5732e-35  3.15804e-25  1.08894e-34  -1.5081e-23  2.16884e-34  3.80676e-22  1.75893e-34 -6.38855e-21  1.23038e-34  7.87495e-20 -6.52321e-34 -7.53762e-19  2.13017e-32  5.80178e-18 -2.27066e-31 -3.67683e-17  1.80383e-30  1.95044e-16 -1.17182e-29 -8.76225e-16  6.47763e-29  3.36097e-15 -3.10489e-28 -1.10665e-14   1.3039e-27  3.13721e-14 -4.82701e-27 -7.66243e-14  1.58096e-26   1.6097e-13 -4.58878e-26 -2.89551e-13  1.18005e-25  4.42302e-13 -2.68199e-25 -5.65803e-13  5.35762e-25  5.91779e-13 -9.31073e-25 -4.83703e-13  1.38089e-24  2.77947e-13 -1.67986e-24 -7.21501e-14  1.50992e-24 -4.42153e-14 -5.84096e-25   5.5964e-14 -1.11079e-24  -1.8062e-14  3.12678e-24 -9.10524e-15 -4.62947e-24  9.35573e-15  4.79683e-24 -4.80573e-16 -3.32298e-24 -2.49689e-15  6.48966e-25    6.412e-16  2.27947e-24  5.36826e-16 -4.53934e-24 -2.04605e-16  5.64283e-24  -1.1153e-16 -5.60289e-24  4.40318e-17  4.74571e-24  2.37863e-17 -3.49418e-24 -6.59296e-18  2.23015e-24 -4.81183e-18 -1.21535e-24  4.58077e-19  5.51599e-25  7.93708e-19 -1.99821e-25  7.26165e-20  5.20053e-26 -8.77494e-20 -5.41331e-27 -2.63486e-20 -3.44122e-27  3.69882e-21  2.63516e-27  3.37295e-21  -1.0421e-27  4.51155e-22   2.6146e-28 -1.58135e-22 -3.28073e-29  -6.8213e-23 -5.70869e-30   -6.146e-24  6.42372e-30  2.25071e-24 -3.25132e-30  7.86383e-25  8.69051e-31  7.93691e-26  1.61517e-32 -1.02212e-26 -6.73954e-32 -4.21894e-27   2.8046e-33 -5.28602e-28  6.04111e-33 -9.80928e-30  -8.3367e-34  6.23757e-30 -2.50346e-34  9.49546e-31   5.1318e-35  6.02473e-32  2.17961e-36  5.57444e-34 -5.09271e-37  -1.7447e-34  -4.7353e-38  -1.1315e-35  3.55915e-39 -2.58315e-37  8.61678e-41 -1.27091e-39
-8.97482e-26  3.57391e-35  7.58758e-24  1.64233e-34  -2.5298e-22  2.22036e-34   5.1451e-21  4.77421e-34 -7.37418e-20 -6.52321e-34  8.01182e-19 -7.18702e-33 -6.89286e-18  1.52415e-31    4.832e-17 -1.50199e-30 -2.81491e-16  1.10801e-29  1.38183e-15 -6.74137e-29 -5.77251e-15  3.51133e-28  2.06598e-14 -1.59334e-27 -6.36145e-14  6.35848e-27  1.68843e-13 -2.24397e-26  -3.8614e-13  7.02592e-26  7.58741e-13 -1.95435e-25 -1.27326e-12  4.82732e-25  1.80589e-12 -1.05602e-24 -2.12711e-12  2.03467e-24  2.01715e-12 -3.41838e-24 -1.44612e-12  4.91703e-24  6.57948e-13 -5.83601e-24 -2.79251e-14  5.20529e-24 -2.17764e-13   -2.272e-24  1.51017e-13 -2.80895e-24 -1.06808e-14  8.59077e-24 -4.32516e-14 -1.27691e-23  1.98316e-14  1.33977e-23  6.42086e-15 -1.00996e-23 -7.04083e-15  4.30929e-24  -4.0487e-16  1.67025e-24  1.80155e-15  -6.0033e-24 -4.10795e-17  8.02923e-24 -3.97971e-16 -8.06208e-24  3.91652e-18  6.80734e-24  7.79668e-17 -4.96795e-24  5.69627e-18  3.11992e-24  -1.2641e-17 -1.65532e-24 -2.64271e-18  7.22635e-25  1.42645e-18 -2.49021e-25  6.12729e-19  6.09427e-26 -5.66187e-20 -5.37687e-27 -8.11085e-20 -4.32584e-27 -1.19569e-20  3.09651e-27  4.82279e-21 -1.17143e-27  2.11358e-21  2.76668e-28  1.34786e-22 -3.53265e-29 -1.07954e-22 -3.13063e-30 -3.27565e-23  7.05036e-30 -1.96475e-24  -4.9503e-30  9.94521e-25  1.65293e-30  2.82868e-25 -7.52263e-32  2.57351e-26 -9.94597e-32 -2.45659e-27  1.03234e-32 -9.71073e-28  7.01046e-33 -1.14434e-28 -1.09957e-33 -3.90551e-30 -2.64392e-34  6.12157e-31  5.26955e-35  9.31944e-32  2.07801e-36  5.45729e-33 -3.98541e-37  1.13589e-34 -3.69925e-38 -2.50788e-36   1.9018e-39 -1.28179e-37  3.24359e-41
  1.9713e-35 -2.90016e-24  7.15824e-35  1.39842e-22  2.48981e-34 -3.56577e-21 -1.51393e-34  6.04768e-20   2.8146e-33 -7.53762e-19 -7.18702e-33  7.29871e-18 -5.31881e-32 -5.68643e-17   9.8788e-31  3.64987e-16 -8.98912e-30 -1.96222e-15  6.18246e-29  8.94025e-15 -3.53292e-28 -3.48066e-14  1.73771e-27  1.16427e-13 -7.47728e-27 -3.35641e-13  2.83926e-26   8.3463e-13 -9.56259e-26 -1.78764e-12  2.86492e-25  3.28417e-12 -7.64352e-25 -5.13533e-12   1.8147e-24  6.74588e-12 -3.82314e-24 -7.28089e-12  7.10735e-24  6.19646e-12 -1.15446e-23 -3.79105e-12  1.60989e-23  1.18731e-12   -1.862e-23  4.38486e-13  1.64199e-23 -7.38141e-13 -7.79527e-24   2.9866e-13 -6.21034e-24   8.9178e-14  2.12568e-23 -1.32507e-13 -3.14388e-23  2.00231e-14   3.2622e-23   3.2274e-14 -2.49967e-23 -1.24853e-14   1.2736e-23  -6.3441e-15 -1.06142e-24  3.71946e-15 -6.75238e-24  1.25241e-15  1.02247e-23 -8.23886e-16 -1.05018e-23 -2.78016e-16  8.92764e-24  1.39955e-16 -6.51581e-24  6.28852e-17  4.04487e-24 -1.55009e-17 -2.08625e-24 -1.19709e-17  8.69738e-25  1.80979e-19 -2.81994e-25  1.59942e-18  6.39433e-26  3.01411e-19  -4.1043e-27 -1.10021e-19 -5.39069e-27 -5.43469e-20  3.58253e-27 -2.66239e-21 -1.27264e-27   3.7162e-21  2.66545e-28  1.05964e-21 -3.30083e-29  1.42856e-23  1.86368e-30 -5.47819e-23  6.73805e-30 -1.29517e-23  -7.0534e-30 -5.72741e-25  2.76396e-30  3.28007e-25 -2.29808e-31  8.06736e-26 -1.35228e-31  7.00259e-27  2.03278e-32 -3.53064e-28  7.58394e-33 -1.58444e-28 -1.32403e-33 -1.75373e-29 -2.56653e-34 -7.53827e-31  4.91412e-35  2.62704e-32  1.80222e-36  4.87166e-33 -2.77348e-37  2.31423e-34 -2.42067e-38  4.04965e-36  7.99177e-40  6.52589e-39
 7.32253e-25  4.81078e-35   -6.251e-23   9.6736e-35  2.10537e-21  6.63828e-34 -4.32744e-20  -3.5443e-33  6.27127e-19  2.13017e-32 -6.89286e-18 -5.31881e-32   6.0025e-17 -3.43282e-31 -4.26168e-16  5.80854e-30  2.51603e-15 -4.90011e-29 -1.25258e-14  3.15289e-28  5.31066e-14  -1.6965e-27 -1.93069e-13  7.89433e-27  6.04452e-13 -3.22556e-26   -1.633e-12  1.16668e-25   3.8064e-12 -3.75342e-25 -7.63508e-12   1.0769e-24  1.31055e-11 -2.75785e-24 -1.90635e-11  6.29773e-24  2.31184e-11 -1.27848e-23 -2.27161e-11    2.294e-23  1.70949e-11 -3.60256e-23 -8.50588e-12  4.86774e-23  1.05366e-12 -5.47705e-23  2.32553e-12  4.75174e-23 -1.93118e-12 -2.37204e-23  3.12141e-13 -1.22294e-23  4.78145e-13  4.83241e-23 -2.88079e-13 -7.05899e-23 -4.81363e-14  7.13358e-23  9.35985e-14 -5.36971e-23 -5.28148e-15  2.86226e-23 -2.30349e-14 -7.04223e-24  3.23956e-15 -6.02233e-24  5.08959e-15   1.1451e-23 -6.70195e-16 -1.22615e-23 -1.04501e-15  1.06899e-23   4.5339e-17 -7.92117e-24  1.86855e-16  4.88982e-24  1.76581e-17 -2.44119e-24 -2.52063e-17  9.59147e-25 -6.90314e-18 -2.87154e-25  1.85408e-18  5.87567e-26  1.18406e-18 -1.19289e-27  6.37715e-20 -6.95756e-27 -9.81114e-20   4.2662e-27 -2.81815e-20 -1.37613e-27  8.72549e-22  2.20851e-28  2.10733e-21 -1.84266e-29  4.37709e-22   7.7111e-30 -9.16982e-24  5.21445e-30 -2.15258e-23 -9.32574e-30 -4.23098e-24  4.14064e-30 -1.69105e-25 -4.39577e-31  7.96304e-26 -1.71717e-31  1.76999e-26  3.14598e-32  1.50027e-27   7.7295e-33 -1.59478e-29 -1.46891e-33 -1.68475e-29 -2.28042e-34 -1.72775e-30  4.16533e-35 -7.56647e-32  1.39152e-36 -3.04518e-34 -1.70853e-37  9.78443e-35 -1.28184e-38  2.79998e-36  2.31436e-40
 2.91803e-36  2.13747e-23  1.00238e-34 -1.04117e-21 -1.75841e-34  2.68311e-20  4.31614e-33 -4.60135e-19 -3.07397e-32  5.80178e-18  1.52415e-31 -5.68643e-17 -3.43282e-31  4.48696e-16  -2.0018e-30 -2.91864e-15  3.11642e-29  1.59124e-14  -2.4475e-28  -7.3578e-14  1.47783e-27  2.90955e-13 -7.50366e-27 -9.89432e-13  3.30822e-26  2.90285e-12 -1.28487e-25 -7.35517e-12   4.4304e-25  1.60752e-11 -1.36251e-24 -3.01893e-11  3.74636e-24   4.8367e-11  -9.2156e-24 -6.53064e-11  2.02552e-23  7.28018e-11 -3.96455e-23 -6.45483e-11  6.86885e-23  4.19852e-11 -1.04299e-22 -1.53596e-11   1.3648e-22 -2.95832e-12 -1.49136e-22  7.78902e-12  1.26661e-22 -3.86741e-12 -6.47169e-23 -5.48273e-13 -2.18652e-23  1.48855e-12  1.02461e-22 -3.81983e-13 -1.46641e-22 -3.21337e-13  1.42547e-22  1.80514e-13 -1.02983e-22  5.37934e-14  5.40419e-23 -5.13192e-14 -1.66704e-23 -9.26865e-15 -3.20761e-24  1.15948e-14   1.0721e-23  2.16238e-15 -1.24828e-23 -2.14451e-15  1.16155e-23 -5.86308e-16 -8.97381e-24  2.94936e-16  5.54733e-24  1.34844e-16 -2.65324e-24 -2.05378e-17  9.58257e-25 -2.18516e-17 -2.55551e-25 -1.86259e-18  4.44509e-26  2.04464e-18  3.76178e-27  6.43942e-19 -9.57976e-27 -3.88035e-20  5.41681e-27 -6.16872e-20 -1.53666e-27 -1.16874e-20  1.33105e-28   1.2175e-21  1.84506e-29   9.3687e-22  1.10056e-29  1.52145e-22  2.47725e-30 -5.85885e-24 -1.14097e-29 -6.58883e-24  5.64037e-30   -1.128e-24 -6.77249e-31 -4.89428e-26  -2.0566e-31  1.35894e-26  4.17112e-32  2.84322e-27  7.48841e-33  2.32729e-28 -1.50682e-33  3.61862e-30 -1.84352e-34 -1.00584e-30  3.20926e-35 -9.42415e-32  9.34877e-37 -3.44436e-33 -9.23379e-38 -3.89699e-35   -5.153e-39  2.43375e-37
-4.85547e-24 -1.89592e-36  4.18732e-22  3.56823e-34 -1.42537e-20 -3.42203e-33  2.96244e-19  3.50411e-32 -4.34322e-18 -2.27066e-31    4.832e-17   9.8788e-31 -4.26168e-16  -2.0018e-30  3.06632e-15 -1.06544e-29 -1.83582e-14  1.53474e-28  9.27497e-14 -1.12645e-27 -3.99388e-13  6.40008e-27  1.47598e-12 -3.07182e-26 -4.70206e-12  1.28448e-25   1.2941e-11 -4.74516e-25 -3.07703e-11   1.5606e-24  6.30623e-11 -4.59014e-24 -1.10824e-10  1.21023e-23  1.65492e-10 -2.86147e-23 -2.06827e-10  6.05765e-23  2.10747e-10 -1.14392e-22 -1.66488e-10  1.91466e-22  9.00858e-11 -2.81159e-22 -1.78766e-11  3.56158e-22  -1.9617e-11 -3.77391e-22  2.00411e-11  3.12356e-22 -5.05511e-12 -1.59947e-22 -4.12382e-12 -3.65668e-23  3.32353e-12  2.05071e-22  1.14999e-13 -2.84839e-22 -9.88505e-13  2.63264e-22  1.73599e-13 -1.78879e-22  2.30522e-13  8.85247e-23 -6.47998e-14 -2.85594e-23 -5.02447e-14   1.8286e-24  1.43418e-14  6.90743e-24  1.07701e-14 -1.02103e-23 -1.98626e-15  1.12862e-23 -2.12215e-15  -9.5464e-24  5.43779e-17  5.94549e-24  3.33795e-16 -2.66403e-24   5.0561e-17  8.40037e-25 -3.36068e-17  -1.8289e-25 -1.29342e-17  2.16604e-26  8.03107e-19  1.12159e-26  1.44152e-18 -1.39425e-26  2.64263e-19  7.32841e-27 -5.04274e-20 -1.83097e-27 -3.01556e-20  9.81226e-30 -3.97903e-21   8.7245e-29  6.83289e-22  7.02163e-30   3.3377e-22 -1.17751e-30  4.50201e-23 -1.29127e-29 -1.71447e-24  7.06472e-30 -1.54635e-24 -9.00007e-31 -2.38051e-25 -2.33741e-31 -1.18344e-26  4.89261e-32   1.4789e-27  6.93543e-33  3.10155e-28 -1.42891e-33   2.3573e-29 -1.34536e-34  6.44515e-31  2.24606e-35 -2.37422e-32  5.33014e-37 -2.14293e-33 -4.28253e-38 -4.47744e-35 -1.34798e-39
 1.50689e-36 -1.29428e-22 -1.17662e-34  6.37196e-21  2.83181e-33 -1.66043e-19 -3.25152e-32  2.88082e-18  2.65039e-31 -3.67683e-17 -1.50199e-30  3.64987e-16  5.80854e-30 -2.91864e-15 -1.06544e-29  1.92524e-14 -5.20948e-29 -1.06518e-13  6.97766e-28  5.00214e-13 -4.80352e-27  -2.0106e-12  2.57406e-26  6.95651e-12 -1.16932e-25 -2.07878e-11  4.63997e-25  5.37154e-11 -1.63073e-24 -1.19903e-10  5.11605e-24  2.30404e-10 -1.43948e-23 -3.78587e-10  3.64083e-23  5.25945e-10  -8.2792e-23 -6.06144e-10  1.68934e-22   5.6023e-10 -3.08008e-22 -3.86952e-10  4.98353e-22  1.61757e-10  -7.0796e-22  8.83799e-12  8.68006e-22 -6.70357e-11 -8.90763e-22  4.05394e-11  7.15661e-22  4.68852e-13 -3.61147e-22 -1.35164e-11 -6.01684e-23  5.08281e-12  3.91155e-22  2.44222e-12 -5.21519e-22 -2.04372e-12  4.52902e-22 -2.81389e-13  -2.8333e-22  5.57696e-13   1.2649e-22  2.49208e-14 -3.85326e-23 -1.27501e-13  8.66528e-24 -6.79903e-15 -1.27717e-24  2.51814e-14 -4.51109e-24  3.37045e-15   9.4828e-24 -4.00008e-15 -9.65746e-24 -1.10383e-15  6.05878e-24  4.16811e-16  -2.4252e-24  2.27529e-16  5.85729e-25  -7.1408e-18 -7.04802e-26 -2.75723e-17 -7.77759e-27 -5.38765e-18  2.17069e-26  1.34222e-18 -2.06045e-26  7.65612e-19  1.01943e-26  8.07875e-20  -2.3513e-27 -3.12861e-20 -1.20329e-28 -1.19164e-20  1.93277e-28 -1.14922e-21 -8.91289e-30  2.55954e-22 -5.26728e-30  9.53565e-23 -1.35318e-29  1.12774e-23  8.20511e-30 -2.57107e-25 -1.05945e-30 -2.68276e-25 -2.52695e-31 -3.78005e-26  5.14602e-32  -2.0609e-27  6.14392e-33  7.95302e-29 -1.24953e-33  2.04145e-29  -8.7792e-35  1.34634e-30  1.42506e-35  3.61693e-32  2.50871e-37  4.83864e-35 -1.61034e-38 -8.36499e-36
 2.66804e-23  4.97752e-35 -2.32561e-21  -1.6294e-33  8.00523e-20  2.61821e-32 -1.68328e-18 -2.60146e-31  2.49811e-17  1.80383e-30 -2.81491e-16 -8.98912e-30  2.51603e-15  3.11642e-29 -1.83582e-14 -5.20948e-29  1.11538e-13   -2.354e-28 -5.72288e-13   2.9459e-27  2.50476e-12 -1.90855e-26 -9.41719e-12  9.66417e-26  3.05525e-11 -4.15802e-25 -8.57349e-11  1.56566e-24  2.08139e-10 -5.23301e-24 -4.36261e-10  1.56555e-23  7.85715e-10 -4.21334e-23 -1.20572e-09  1.02251e-22  1.55449e-09 -2.23744e-22 -1.64398e-09  4.40373e-22  1.36354e-09 -7.75863e-22 -7.98746e-10  1.21443e-21  2.14189e-10 -1.66987e-21  1.29819e-10  1.98167e-21 -1.71994e-10 -1.96765e-21    5.961e-11   1.5294e-21  2.72622e-11 -7.50078e-22 -3.11974e-11 -1.04188e-22  2.74015e-12  7.16033e-22  8.39978e-12 -9.05536e-22 -2.62894e-12  7.29679e-22  -1.8027e-12 -4.09599e-22  8.54438e-13    1.547e-22  3.77271e-13 -3.92645e-23 -1.95664e-13  1.67229e-23 -8.42707e-14 -1.54416e-23  3.29778e-14  5.40557e-24  1.85622e-14  6.30472e-24 -3.28341e-15 -9.49378e-24 -3.41043e-15  5.89445e-24   -1.094e-16 -1.89433e-24   4.3306e-16  1.86916e-25  1.02139e-16  7.49605e-26 -2.56768e-17 -4.18257e-26 -1.60114e-17  3.58182e-26 -1.41726e-18 -2.96213e-26  9.47762e-19  1.39654e-26  3.24806e-19 -3.19468e-27  1.72647e-20 -2.03713e-28 -1.36318e-20  3.34547e-28 -3.86883e-21 -3.95161e-29 -2.93908e-22 -9.31696e-30  6.89158e-23 -1.31755e-29  2.14924e-23   8.8926e-30  2.31977e-24 -1.11517e-30 -1.74676e-27 -2.59501e-31 -3.22984e-26  4.87551e-32 -4.19194e-27  5.17792e-33 -2.29765e-28 -1.00393e-33 -4.40419e-31 -5.07243e-35  6.55402e-31  8.15341e-36  3.31556e-32   9.5016e-38  5.31861e-34 -4.18713e-39
-1.51799e-35  6.54462e-22  8.03626e-34 -3.25832e-20 -1.74669e-32  8.59056e-19  2.19674e-31 -1.50878e-17 -1.84309e-30  1.95044e-16  1.10801e-29 -1.96222e-15 -4.90011e-29  1.59124e-14  1.53474e-28 -1.06518e-13   -2.354e-28  5.98505e-13 -9.89013e-28 -2.85664e-12  1.16202e-26  1.16806e-11 -7.10714e-26 -4.11535e-11   3.4053e-25  1.25368e-10 -1.38772e-24 -3.30673e-10  4.95473e-24  7.54606e-10 -1.57331e-23 -1.48517e-09  4.48425e-23  2.50544e-09 -1.15373e-22 -3.58496e-09  2.68639e-22  4.27563e-09 -5.65901e-22 -4.12222e-09  1.07522e-21  3.02065e-09 -1.83231e-21 -1.42041e-09   2.7772e-21  8.42053e-11 -3.69885e-21  4.74831e-10  4.24971e-21 -3.51608e-10 -4.08013e-21  3.67227e-11   3.0595e-21  9.99314e-11 -1.44084e-21 -5.22795e-11 -1.98368e-22 -1.32323e-11  1.26334e-21   1.8642e-11 -1.49764e-21 -4.95652e-14  1.10473e-21 -4.86335e-12 -5.37215e-22  4.41444e-13  1.50825e-22  1.11419e-12 -2.11925e-23 -9.34115e-14  2.62748e-23 -2.32451e-13 -3.77692e-23  1.10641e-17  2.00564e-23  4.14832e-14  2.24263e-24  5.62276e-15 -9.37705e-24 -5.45001e-15  5.45906e-24 -1.77217e-15 -1.03208e-24  3.53523e-16 -3.50966e-25  2.82851e-16  2.42377e-25  2.50913e-17 -7.96694e-26 -2.13873e-17  5.40541e-26 -7.17753e-18 -4.01758e-26 -6.72986e-20   1.8255e-26  4.67896e-19 -4.44791e-27  1.13456e-19 -1.71075e-28  2.07797e-21  5.01055e-28 -4.50298e-21 -8.37921e-29 -1.03275e-21 -1.30157e-29  -6.8599e-23 -1.20281e-29  1.32455e-23  9.03433e-30  3.69345e-24 -1.04764e-30  3.70237e-25 -2.51943e-31  7.08203e-27   4.1569e-32 -2.41961e-27  4.10824e-33 -2.90689e-28 -7.38175e-34 -1.42653e-29 -2.58117e-35 -2.16281e-31  4.15298e-36  6.10013e-33  2.88641e-38  1.53184e-34
 -1.2316e-22 -3.09605e-34  1.08567e-20  9.74741e-33 -3.78127e-19 -1.58742e-31  8.04914e-18  1.63343e-30 -1.20997e-16 -1.17182e-29  1.38183e-15  6.18246e-29 -1.25258e-14  -2.4475e-28  9.27497e-14  6.97766e-28 -5.72288e-13 -9.89013e-28  2.98439e-12 -3.88853e-27 -1.32872e-11  4.31064e-26  5.08666e-11 -2.49596e-25 -1.68215e-10  1.13251e-24  4.81744e-10 -4.36838e-24 -1.19528e-09  1.47664e-23  2.56484e-09 -4.44649e-23 -4.73908e-09  1.20544e-22  7.48141e-09 -2.96167e-22 -9.96095e-09  6.61403e-22  1.09437e-08 -1.34173e-21 -9.53231e-09  2.46306e-21  6.02341e-09 -4.06442e-21 -2.01521e-09  5.97197e-21 -6.40932e-10  -7.7113e-21    1.235e-09  8.58184e-21 -5.55457e-10 -7.96434e-21 -1.26479e-10  5.74808e-21  2.41699e-10  -2.5713e-21 -5.09951e-11 -4.06955e-22 -5.73305e-11  2.15202e-21  2.81933e-11 -2.36603e-21  1.06164e-11  1.57415e-21 -8.52667e-12 -6.27951e-22 -1.98597e-12  8.43415e-23  1.99528e-12  2.49585e-23  4.63423e-13  3.98935e-23 -3.74765e-13 -7.11821e-23 -1.20553e-13   3.9508e-23  5.08543e-14 -1.81463e-24  2.68706e-14 -9.67733e-24 -3.03759e-15  4.72052e-24 -4.24115e-15  1.91312e-25 -4.84649e-16 -1.00226e-24   3.7634e-16  4.17872e-25  1.34783e-16 -1.23069e-25 -3.29464e-18  7.66178e-26 -1.18585e-17 -5.03916e-26 -2.58059e-18  2.23544e-26  1.48127e-19 -6.16896e-27  1.78076e-19  4.08015e-29  3.32241e-20  6.76779e-28 -2.15436e-23 -1.36199e-28 -1.14398e-21 -1.62349e-29 -2.23293e-22 -1.05152e-29 -1.42611e-23  8.62636e-30  1.71046e-24 -8.65795e-31   4.5774e-25 -2.29505e-31  4.22651e-26  3.17258e-32  1.32067e-27  3.02796e-33  -9.0074e-29 -4.94751e-34 -1.04909e-29 -1.17166e-35 -3.82851e-31  1.83008e-36 -4.44663e-33  7.18361e-39
 7.78531e-35 -2.79541e-21 -4.41929e-33  1.40825e-19  9.74079e-32 -3.75891e-18 -1.25615e-30  6.68743e-17  1.08405e-29 -8.76225e-16 -6.74137e-29  8.94025e-15  3.15289e-28  -7.3578e-14 -1.12645e-27  5.00214e-13   2.9459e-27 -2.85664e-12 -3.88853e-27  1.38696e-11  -1.4407e-26 -5.77431e-11  1.51434e-25  2.07353e-10 -8.32095e-25 -6.44564e-10  3.57593e-24  1.73715e-09 -1.30369e-23 -4.05693e-09  4.16236e-23  8.18696e-09 -1.18535e-22 -1.41953e-08  3.04888e-22  2.09438e-08 -7.14059e-22 -2.58768e-08   1.5282e-21  2.60439e-08 -2.98599e-21  -2.0233e-08  5.30086e-21  1.05798e-08  -8.4811e-21 -1.66793e-09  1.20967e-20  -2.7626e-09 -1.51611e-20  2.56005e-09  1.63557e-20 -5.49428e-10 -1.46719e-20  -5.9762e-10  1.01733e-20  4.34251e-10 -4.27896e-21  3.53154e-11 -8.47761e-22 -1.38952e-10  3.53771e-21  1.96896e-11 -3.57623e-21  3.41581e-11  2.11017e-21 -8.41206e-12 -6.24739e-22 -7.72226e-12  -7.9373e-23  1.93847e-12   1.0429e-22  1.69071e-12  6.38042e-23 -2.62796e-13 -1.19162e-22 -3.36629e-13  6.31344e-23   6.0439e-16 -4.64871e-24  5.29846e-14 -1.06935e-23  9.30014e-15  3.58464e-24 -5.20298e-15  1.77643e-24 -2.21456e-15 -1.71283e-24  7.91161e-17   5.8622e-25  2.36562e-16 -1.76993e-25  4.86994e-17  1.03115e-25 -6.96959e-18 -5.74773e-26 -5.03095e-18  2.53837e-26 -7.63697e-19 -8.36623e-27  8.74726e-20  4.61301e-28  5.38382e-20  8.43354e-28  8.21468e-21 -1.87315e-28 -3.64958e-23 -1.89011e-29 -2.20101e-22 -9.16493e-30 -3.78272e-23  7.74358e-30 -2.42452e-24 -6.05923e-31  1.26207e-25 -1.94183e-31    3.751e-26   2.1465e-32  3.08325e-27  2.04478e-33  1.04242e-28 -3.00866e-34 -6.40395e-31 -5.00936e-36  -1.3321e-31  6.56096e-37 -1.98327e-33
 4.82171e-22  1.54216e-33 -4.30114e-20 -4.98786e-32  1.51672e-18  8.32277e-31 -3.27069e-17 -8.78901e-30  4.98357e-16  6.47763e-29 -5.77251e-15 -3.53292e-28  5.31066e-14  1.47783e-27 -3.99388e-13 -4.80352e-27  2.50476e-12  1.16202e-26 -1.32872e-11  -1.4407e-26  6.02326e-11 -5.06713e-26 -2.35006e-10  5.07411e-25  7.92949e-10 -2.65066e-24 -2.31994e-09  1.07837e-23  5.88911e-09 -3.70814e-23 -1.29514e-08  1.11473e-22  2.45787e-08 -2.99127e-22 -3.99633e-08   7.2743e-22  5.50112e-08 -1.61968e-21 -6.28496e-08  3.31746e-21  5.75118e-08 -6.24335e-21 -3.90907e-08   1.0729e-20  1.55927e-08  -1.6669e-20  1.88409e-09  2.31165e-20 -7.45913e-09 -2.81612e-20  4.24799e-09  2.94788e-20   2.3902e-10 -2.55694e-20 -1.55465e-09  1.70107e-20  5.38759e-10 -6.66221e-21   3.0637e-10 -1.70601e-21 -2.35778e-10  5.60224e-21 -4.03363e-11 -5.17419e-21  6.75639e-11  2.65358e-21  4.55787e-12   -4.554e-22 -1.60025e-11 -3.71687e-22 -1.15715e-12  2.13442e-22  3.24474e-12  1.08412e-22  4.93256e-13 -1.85037e-22 -5.24311e-13  8.93377e-23 -1.56012e-13 -4.85649e-24  5.43916e-14 -1.25311e-23  3.19867e-14  1.89853e-24 -5.13994e-16  3.66654e-24  -3.8414e-15 -2.39391e-24 -8.13597e-16  7.32207e-25  1.74016e-16 -2.48993e-25  1.10065e-16  1.32237e-25   1.3301e-17 -5.82449e-26  -4.0645e-18  2.65487e-26 -1.71307e-18 -1.09791e-26 -1.91206e-19  1.06361e-27  2.96778e-20  9.83783e-28  1.29595e-20 -2.26047e-28  1.69941e-21 -2.08231e-29  6.35828e-24 -8.41052e-30 -3.07902e-23  6.51602e-30 -4.75443e-24 -3.21471e-31 -3.00949e-25 -1.50623e-31  2.28279e-27  1.26822e-32   1.7603e-27  1.24998e-33  1.20512e-28 -1.64736e-34  3.25697e-30 -2.19554e-36  1.89693e-32  1.64192e-37
-3.71747e-34  1.01656e-20  2.07426e-32 -5.18541e-19 -4.69017e-31  1.40224e-17  6.21058e-30 -2.52889e-16 -5.49936e-29  3.36097e-15  3.51133e-28 -3.48066e-14  -1.6965e-27  2.90955e-13  6.40008e-27  -2.0106e-12 -1.90855e-26  1.16806e-11  4.31064e-26 -5.77431e-11 -5.06713e-26  2.45007e-10  -1.7044e-25 -8.97629e-10   1.6327e-24  2.85024e-09 -8.11761e-24 -7.85745e-09   3.1233e-23  1.88006e-08 -1.01046e-22 -3.89467e-08  2.84952e-22  6.94906e-08 -7.17247e-22 -1.05846e-07  1.64148e-21  1.35632e-07 -3.46171e-21 -1.42622e-07  6.77164e-21   1.1742e-07 -1.22717e-20 -6.76882e-08  2.04374e-20  1.66367e-08  -3.0889e-20  1.29409e-08  4.17295e-20 -1.57859e-08 -4.94961e-20  5.14611e-09  5.03403e-20  2.79791e-09 -4.22497e-20 -2.97721e-09  2.69487e-20  2.00898e-10 -9.73647e-21  8.48049e-10 -3.23034e-21 -2.53032e-10  8.52542e-21 -1.90134e-10 -7.16392e-21  8.72913e-11  3.11073e-21  4.11119e-11 -4.23653e-23 -2.08044e-11  -8.1125e-22 -9.40982e-12  3.37404e-22  3.61514e-12  1.87351e-22  2.11947e-12  -2.7074e-22  -3.6497e-13  1.15324e-22 -3.97822e-13 -1.05719e-24 -1.50386e-14 -1.50129e-23  5.12879e-14 -5.19198e-25  1.25669e-14  5.72402e-24 -2.99683e-15 -2.92347e-24 -1.96372e-15  8.41964e-25 -1.91484e-16 -3.47196e-25  1.12654e-16  1.61528e-25  4.06238e-17 -4.99007e-26  2.63683e-18  2.54146e-26 -1.57413e-18 -1.38649e-26 -4.76779e-19  1.75944e-27 -4.18108e-20  1.08486e-27  6.91293e-21 -2.42775e-28  2.44081e-21 -2.16174e-29  2.84934e-22 -8.42034e-30   4.9924e-24  5.10191e-30   -2.909e-24 -6.70344e-32 -4.08319e-25 -1.05217e-31 -2.39903e-26  6.40097e-33 -3.28361e-28  6.86352e-34  3.55683e-29 -7.99173e-35  1.75798e-30 -9.71208e-37   1.9165e-32
-1.61114e-21 -6.72027e-33  1.45538e-19  2.20726e-31 -5.19989e-18  -3.7862e-30  1.13679e-16   4.1073e-29 -1.75712e-15 -3.10489e-28  2.06598e-14  1.73771e-27 -1.93069e-13 -7.50366e-27  1.47598e-12  2.57406e-26 -9.41719e-12 -7.10714e-26  5.08666e-11  1.51434e-25 -2.35006e-10  -1.7044e-25   9.3546e-10 -5.52001e-25 -3.22397e-09  5.07381e-24  9.64695e-09 -2.40185e-23 -2.50832e-08  8.72895e-23  5.66039e-08 -2.65031e-22 -1.10468e-07  6.98408e-22  1.85224e-07  -1.6405e-21 -2.63933e-07  3.51288e-21  3.13908e-07 -6.98131e-21 -3.01925e-07  1.30033e-20  2.20259e-07 -2.26789e-20  -1.0179e-07  3.66513e-20  2.92426e-09 -5.40068e-20  3.78216e-08  7.12371e-20 -2.72184e-08  -8.2433e-20   2.3681e-09  8.15891e-20  8.27115e-09 -6.63319e-20 -4.24114e-09   4.0564e-20 -1.16972e-09 -1.34048e-20  1.59426e-09 -5.69758e-21  4.55629e-12  1.24372e-20 -4.32323e-10  -9.4843e-21  3.94736e-11  3.35865e-21  1.02426e-10   6.8192e-22 -8.95997e-12 -1.39469e-21 -2.20801e-11  4.49005e-22  8.84648e-14  3.14838e-22  4.07433e-12 -3.75347e-22  5.42913e-13   1.3707e-22 -5.53255e-13  7.87269e-24 -1.79566e-13  -1.7649e-23   3.7065e-14 -3.83389e-24  2.95115e-14  7.72726e-24  2.64052e-15 -3.15985e-24 -2.25868e-15  9.04634e-25 -7.68193e-16 -4.77387e-25 -1.09294e-17  1.87365e-25  4.92819e-17 -3.08799e-26  1.22903e-17  2.20875e-26  3.39529e-19 -1.67991e-26 -4.53649e-19  2.41641e-27 -1.08517e-19  1.13792e-27 -8.14596e-21 -2.32367e-28  1.11529e-21 -2.08158e-29  3.46559e-22 -9.03513e-30  3.65381e-23  3.66329e-30  1.09114e-24  1.17456e-31 -1.61998e-25 -6.43646e-32 -2.10864e-26  2.68022e-33 -1.02961e-27  3.38772e-34 -1.78987e-29 -3.31702e-35  1.23701e-31 -3.40519e-37
 1.52948e-33 -3.16313e-20 -8.46909e-32  1.63499e-18  1.96338e-30 -4.48284e-17 -2.67618e-29  8.20215e-16  2.43408e-28 -1.10665e-14 -1.59334e-27  1.16427e-13  7.89433e-27 -9.89432e-13 -3.07182e-26  6.95651e-12  9.66417e-26 -4.11535e-11 -2.49596e-25  2.07353e-10  5.07411e-25 -8.97629e-10 -5.52001e-25  3.35896e-09 -1.73045e-24 -1.09074e-08  1.52865e-23  3.07941e-08 -6.88792e-23 -7.55829e-08  2.36177e-22  1.60935e-07 -6.71606e-22 -2.95874e-07  1.64805e-21  4.65861e-07 -3.59311e-21  -6.1989e-07  7.15016e-21   6.8168e-07 -1.33027e-20 -5.94645e-07  2.34917e-20  3.75451e-07 -3.93932e-20 -1.22859e-07   6.1877e-20 -4.57085e-08  -8.9132e-20  8.27368e-08  1.15104e-19 -3.69314e-08 -1.30249e-19 -9.15189e-09  1.25702e-19  1.70096e-08 -9.91556e-20 -3.62093e-09  5.81874e-20 -4.17948e-09 -1.74665e-20  2.11049e-09  -9.3389e-21   7.8899e-10  1.73565e-20 -6.63915e-10  -1.1993e-20 -1.48799e-10  3.26112e-21  1.61459e-10  1.75617e-21  3.56195e-11 -2.09046e-21 -3.16282e-11  5.12124e-22  -9.7337e-12  5.01796e-22  4.51718e-12 -4.93921e-22  2.28572e-12  1.49606e-22 -3.00683e-13  2.25903e-23 -3.78048e-13 -1.96868e-23 -3.99245e-14 -8.15296e-24  3.50217e-14  9.39781e-24  1.22295e-14 -2.96821e-24 -3.77841e-16  9.14658e-25  -1.1068e-15 -6.40164e-25 -2.39353e-16  2.05302e-25  1.35626e-17 -1.45574e-27  1.64433e-17  1.72228e-26  3.10416e-18 -1.94946e-26   1.9997e-20  2.89435e-27 -9.94664e-20  1.13869e-27 -1.98701e-20 -1.95921e-28 -1.38179e-21 -1.81181e-29  1.16237e-22 -9.84562e-30  3.48775e-23  2.34516e-30  3.28635e-24  2.16271e-31  1.18213e-25 -3.26513e-32 -3.81941e-27  9.13168e-34 -5.21539e-28  1.52506e-34 -1.67805e-29 -1.09224e-35 -1.34177e-31
