 1.16687e-10  -5.7057e-24 -2.08568e-09  1.64499e-22  1.35577e-08 -1.37029e-21 -4.86263e-08  6.23528e-21  1.07927e-07 -1.86654e-20 -1.51512e-07  4.02966e-20  1.26002e-07 -6.70198e-20 -4.33301e-08  9.22036e-20 -1.73525e-08 -1.14079e-19  1.67647e-08  1.33763e-19  3.11944e-09 -1.43234e-19 -4.49404e-09  1.25823e-19  -1.3416e-09 -7.82322e-20  8.82996e-10  2.37153e-20   5.6218e-10  8.56912e-21 -3.09773e-11 -1.24433e-20 -1.39632e-10  4.01971e-21 -4.93722e-11  1.37036e-21  7.88842e-12 -1.37314e-21  1.35399e-11  6.29285e-23  5.00707e-12  3.40246e-22  2.62481e-14 -1.46968e-22 -8.53631e-13  -3.1941e-23 -4.48704e-13  5.30016e-23 -1.03939e-13 -7.82917e-24  1.05729e-14 -1.19414e-23  1.99388e-14  2.75654e-24  9.19418e-15   2.7747e-24  2.42151e-15 -4.50553e-25  2.20139e-16 -5.22307e-25 -1.42243e-16 -2.21988e-26 -9.32764e-17  7.39837e-26 -3.31666e-17   1.9008e-26 -8.18073e-18 -4.78846e-27 -1.28208e-18  -2.2082e-27 -4.81163e-21 -2.18401e-28  8.10345e-20 -2.75514e-30  3.48164e-20 -3.28347e-29  9.92453e-21  2.18362e-30  2.21241e-21  1.13903e-29  3.97825e-22  3.46091e-30  5.57573e-23 -9.44371e-32  5.02966e-24 -3.53435e-31 -1.22633e-25 -1.83126e-31 -1.78487e-25   -6.841e-32 -4.87961e-26  -1.5666e-32  -9.4501e-27 -3.19476e-33 -1.49332e-27  -9.3484e-34 -2.01355e-28  -2.3867e-34 -2.35735e-29 -4.42286e-35 -2.40975e-30 -6.73922e-36 -2.14759e-31 -7.23966e-37 -1.65596e-32  2.59018e-38  -1.0883e-33  3.48248e-38 -5.93266e-35  9.13196e-39 -2.54058e-36  1.50988e-39   -7.397e-38  1.81378e-40 -5.49124e-40  1.68614e-41  8.39202e-41  1.20986e-42  5.75682e-42  6.27564e-44  2.07873e-43  2.19154e-45   4.1727e-45  4.62581e-47  3.13791e-47  3.83922e-49
 -5.7057e-24  3.07529e-09 -9.73212e-23 -3.09825e-08  1.94176e-21  1.51312e-07 -1.28552e-20 -4.40615e-07  4.90153e-20  8.15625e-07 -1.25869e-19 -9.50253e-07   2.3467e-19  6.15088e-07 -3.35416e-19 -8.72846e-08   3.9456e-19 -1.47972e-07 -4.27035e-19  5.49325e-08  4.66443e-19  3.81043e-08 -4.89809e-19 -1.30937e-08  4.24236e-19 -1.19305e-08 -2.53266e-19   7.5828e-10  6.62318e-20  3.15746e-09   3.4857e-20  8.70363e-10 -3.96831e-20 -3.93421e-10   1.0346e-20 -3.53226e-10  4.98527e-21  -7.4183e-11 -3.86094e-21  3.59763e-11  1.12035e-22  3.17254e-11  8.56521e-22  9.46876e-12 -4.08015e-22 -5.73591e-13 -5.10176e-23 -1.84395e-12  1.57417e-22 -8.89411e-13 -3.51283e-23 -2.06591e-13 -3.75164e-23  1.10793e-14  1.01455e-23  3.22631e-14  9.07341e-24  1.56567e-14 -1.31763e-24  4.54921e-15 -1.68399e-24  7.08003e-16 -1.54911e-25 -8.11015e-17  2.03996e-25 -1.02717e-16  6.95293e-26  -4.2587e-17   -4.467e-27 -1.21146e-17 -5.26551e-27 -2.53618e-18 -1.52284e-27 -3.44569e-19 -5.27261e-28  3.63572e-22 -1.93818e-28  1.80779e-20  2.13771e-29   7.0006e-21  4.41716e-29  1.83247e-21  1.14692e-29  3.82444e-22 -7.37564e-31  6.64721e-23 -1.41228e-30  9.65754e-24 -7.62958e-31  1.13587e-24  -2.9061e-31   9.5618e-26  -7.4281e-32  2.16443e-27 -1.71011e-32 -1.15934e-27 -4.45299e-33 -3.00255e-28 -1.01646e-33 -4.89035e-29 -1.78773e-34 -6.28331e-30 -2.52815e-35 -6.76134e-31 -2.51945e-36 -6.22585e-32  2.81648e-38  -4.9381e-33  8.27309e-38 -3.36994e-34  2.07291e-38 -1.96484e-35  3.16663e-39 -9.66258e-37  3.46581e-40 -3.94027e-38  2.90243e-41 -1.29448e-39  1.83991e-42  -3.2592e-41  8.18172e-44  -5.7524e-43  2.32005e-45 -6.69529e-45  3.44668e-47 -3.66912e-47
-2.08568e-09 -9.73212e-23   3.9661e-08 -9.42727e-22   -2.757e-07  1.42478e-20  1.06492e-06 -7.76133e-20 -2.57237e-06  2.52745e-19  4.00169e-06 -5.63631e-19 -3.83928e-06  9.14011e-19  1.81009e-06 -1.12182e-18  2.17732e-07   1.1115e-18  -6.0661e-07 -1.03048e-18  3.09348e-08  1.05737e-18  1.70639e-07 -1.12169e-18    4.966e-09  9.77073e-19 -4.45218e-08  -5.6395e-19 -1.18286e-08  1.24469e-19  7.50707e-09  9.15968e-20  5.42191e-09 -8.53678e-20  3.92851e-10  1.73613e-20 -1.02093e-09  1.11054e-20 -5.44525e-10 -6.66347e-21 -5.54825e-11  8.36435e-23  7.60557e-11  1.26648e-21  4.88193e-11 -7.91287e-22  1.24287e-11  3.05281e-23 -1.32489e-12  3.32082e-22 -2.60295e-12 -1.05726e-22 -1.20312e-12 -8.58458e-23 -2.92576e-13  2.59858e-23 -3.87057e-15  2.15299e-23  3.23813e-14 -2.46318e-24  1.72411e-14 -3.86155e-24  5.51205e-15 -5.94114e-25  1.13578e-15  3.67611e-25  7.64214e-17  1.76941e-25  -5.4401e-17  1.67582e-26 -3.07478e-17 -6.34946e-27 -1.01111e-17 -4.85427e-27 -2.48862e-18 -2.37286e-27  -4.7356e-19 -7.20083e-28 -6.39905e-20  4.14323e-29 -2.99293e-21  1.05997e-28  1.51353e-21  2.39356e-29  6.34673e-22 -3.66949e-30  1.60088e-22 -4.38501e-30  3.16715e-23 -2.33214e-30  5.25456e-24 -8.78681e-31  7.48069e-25 -2.37161e-31  9.17884e-26 -5.71202e-32   9.6119e-27 -1.38756e-32  8.33007e-28 -2.93221e-33  5.48319e-29 -4.91702e-34  1.85944e-30 -6.59066e-35 -1.43694e-31 -6.39432e-36 -3.50775e-32 -1.08508e-37 -4.06043e-33  1.23019e-37 -3.43832e-34  3.07508e-38 -2.30506e-35  4.37924e-39 -1.24567e-36  4.36985e-40 -5.39159e-38  3.27838e-41 -1.82103e-39  1.81356e-42 -4.52974e-41  6.75353e-44 -7.48908e-43  1.47519e-45 -6.91789e-45  1.25861e-47
 1.64499e-22 -3.09825e-08 -9.42727e-22  3.33669e-07 -6.33989e-21 -1.75228e-06   7.6454e-20  5.53255e-06 -3.51241e-19 -1.12493e-05  9.91718e-19  1.47476e-05 -1.94065e-18 -1.14456e-05  2.75514e-18  3.33706e-06 -2.89894e-18  2.00502e-06  2.36472e-18  -1.5283e-06 -1.80389e-18 -4.13466e-07  1.76705e-18  4.32243e-07    -1.99e-18  1.59855e-07  1.78514e-18 -8.54612e-08 -1.00097e-18  -6.3069e-08  1.79695e-19   1.4825e-09  1.83977e-19   1.5585e-08 -1.42177e-19  5.90936e-09  2.02677e-20 -8.47023e-10  1.78984e-20 -1.62739e-09 -7.28754e-21 -6.19398e-10 -4.20049e-23 -2.66638e-12  8.71243e-22  1.09973e-10 -1.23992e-21  5.83153e-11  3.71031e-22  1.34156e-11   5.8013e-22  -1.6195e-12 -2.49311e-22 -2.77623e-12 -1.65921e-22 -1.27272e-12   5.2998e-23  -3.3221e-13  4.28346e-23 -2.74091e-14 -2.96427e-24  2.15483e-14 -7.25303e-24  1.37047e-14 -1.66247e-24  4.84196e-15  4.63138e-25   1.1896e-15  3.60301e-25  1.84673e-16  8.37671e-26 -2.99885e-19  1.48353e-27 -1.21641e-17 -1.04655e-26 -5.17718e-18 -6.49697e-27 -1.47213e-18 -1.99562e-27 -3.28226e-19 -2.41514e-29 -5.92314e-20  1.72717e-28 -8.40377e-21  2.88974e-29 -7.97427e-22 -1.47108e-29  2.82956e-24 -1.20008e-29  2.26649e-23 -5.96947e-30  6.42897e-24 -2.17328e-30  1.25234e-24 -5.96517e-31  1.97309e-25 -1.44655e-31  2.64196e-26 -3.32714e-32  3.06493e-27 -6.61082e-33  3.10143e-28 -1.06012e-33  2.73662e-29 -1.36333e-34  2.09349e-30 -1.31562e-35  1.37267e-31 -5.25984e-37  7.56763e-33  1.24613e-37  3.39527e-34   3.3926e-38   1.1634e-35  4.56992e-39  2.56102e-37  4.16346e-40   5.4494e-40  2.78001e-41 -2.08976e-40   1.3212e-42 -8.09399e-42  3.98638e-44 -1.38711e-43  6.12552e-46 -9.78395e-46
 1.35577e-08  1.94176e-21   -2.757e-07 -6.33989e-21  2.05982e-06  -3.2371e-20 -8.60944e-06  3.22233e-19  2.27278e-05 -1.27181e-18 -3.92776e-05  3.15165e-18  4.32949e-05 -5.46049e-18 -2.62391e-05  6.82702e-18  2.26879e-06 -6.14218e-18  7.26419e-06  3.97926e-18 -2.24827e-06 -2.28247e-18  -1.9757e-06  2.22163e-18   5.7139e-07 -2.91127e-18  6.23824e-07  2.76205e-18 -2.33935e-08 -1.50617e-18 -1.67962e-07  2.04727e-19 -4.93123e-08  3.04917e-19  2.17321e-08 -1.92625e-19  2.02711e-08  1.24095e-20  4.25064e-09  2.19249e-20 -2.23558e-09 -2.26289e-21 -1.94613e-09  -2.5321e-22 -5.68429e-10  -1.2339e-21  5.16001e-11 -1.66138e-21  1.23527e-10  1.15924e-21  5.80992e-11  8.97572e-22  1.28476e-11 -4.93789e-22 -1.22897e-12  -2.8792e-22 -2.34914e-12  9.09059e-23 -1.10102e-12  7.57049e-23 -3.11436e-13 -9.29045e-25 -4.47649e-14 -1.17893e-23  7.74384e-15 -3.75405e-24  7.87693e-15  3.20713e-25  3.16217e-15  6.19519e-25  8.84392e-16  2.21415e-25  1.82006e-16  2.83183e-26  2.38597e-17 -1.70599e-26 -3.76683e-19 -1.35787e-26 -1.39065e-18 -4.49918e-27 -5.21435e-19 -3.79603e-28 -1.34551e-19  1.54565e-28 -2.78142e-20  -1.0748e-29 -4.80072e-21 -4.81282e-29 -6.94821e-22 -2.96069e-29 -8.19936e-23    -1.34e-29 -7.10608e-24 -4.63886e-30 -2.35542e-25 -1.26101e-30  6.39578e-26 -3.00903e-31  1.78641e-26 -6.57932e-32  2.92133e-27 -1.23732e-32   3.7076e-28 -1.89941e-33   3.9093e-29 -2.35571e-34  3.50611e-30 -2.26722e-35  2.69343e-31 -1.26091e-36  1.76906e-32  7.44784e-38  9.85343e-34  2.87454e-38  4.58719e-35  3.76541e-39  1.74391e-36  3.14409e-40  5.21868e-38   1.8546e-41  1.16431e-39  7.41746e-43  1.77259e-41  1.72406e-44  1.48243e-43  1.52312e-46
-1.37029e-21  1.51312e-07  1.42478e-20 -1.75228e-06  -3.2371e-20  9.95133e-06 -1.32085e-19 -3.42461e-05  1.11163e-18  7.68122e-05 -3.82391e-18 -0.000113464  8.40093e-18  0.000104264 -1.29867e-17 -4.58891e-05  1.43746e-17 -8.93886e-06 -1.10153e-17  1.73974e-05  5.32857e-18  -2.4419e-07 -1.72069e-18 -5.18013e-06  1.95012e-18 -2.68274e-07 -3.65092e-18  1.40895e-06  3.76353e-18  3.94308e-07 -1.98837e-18 -2.52158e-07  1.73115e-19 -1.85203e-07  4.37755e-19   -1.121e-08 -2.15657e-19  3.77799e-08 -1.29768e-20  1.96409e-08   2.0129e-20  1.53252e-09  1.15351e-20 -3.13415e-09 -6.80942e-22 -1.90562e-09 -5.82435e-21 -4.47407e-10 -1.94052e-21  8.04918e-11  2.55846e-21  1.14308e-10  1.28007e-21  5.00982e-11 -8.57185e-22  1.12674e-11 -4.63313e-22 -4.30132e-13  1.35084e-22 -1.59055e-12  1.22378e-22 -7.88037e-13   6.2865e-24 -2.41869e-13 -1.70346e-23 -4.67664e-14 -7.18965e-24 -1.73859e-15  -2.5127e-25  2.94976e-15  9.25056e-25  1.50074e-15  4.42821e-25  4.75839e-16  8.43913e-26  1.14254e-16 -2.16953e-26  2.11863e-17 -2.37001e-26   2.7375e-18 -8.73947e-27  9.10234e-20 -1.38914e-27  -7.7166e-20 -1.37212e-28 -2.99115e-20 -1.70667e-28 -7.32383e-21  -1.3054e-28 -1.41999e-21 -6.57258e-29 -2.31647e-22 -2.68986e-29 -3.24794e-23 -8.77242e-30 -3.93079e-24 -2.31881e-30 -4.07118e-25 -5.36402e-31 -3.51424e-26 -1.11489e-31 -2.35789e-27 -1.98886e-32 -9.43326e-29 -2.92069e-33  2.95905e-30 -3.49465e-34  1.04228e-30 -3.33189e-35  1.22779e-31 -2.15911e-36  1.01306e-32 -1.03766e-38  6.48483e-34  1.82109e-38  3.28935e-35  2.47399e-39  1.30757e-36  1.91276e-40  3.93385e-38  9.88786e-42  8.38179e-40  3.23346e-43  1.11383e-41  5.30268e-45  5.96087e-44
-4.86263e-08 -1.28552e-20  1.06492e-06   7.6454e-20 -8.60944e-06 -1.32085e-19  3.91891e-05 -4.45258e-19  -0.00011371  3.22518e-18   0.00021921 -9.78131e-18 -0.000277304  1.92119e-17   0.00020869 -2.66743e-17 -5.55979e-05  2.62582e-17 -4.18965e-05 -1.70392e-17  2.95612e-05  5.43596e-18  9.08492e-06  5.67622e-19       -9e-06  6.62319e-19   -3.478e-06 -4.04883e-18  1.92665e-06  4.63951e-18  1.42321e-06 -2.35638e-18 -6.71453e-08  6.93821e-20 -3.81806e-07  5.65749e-19 -1.36607e-07 -1.97052e-19  2.83854e-08 -6.07801e-20  4.31883e-08  1.22662e-20   1.5186e-08  3.55172e-20 -8.47827e-10 -1.82188e-21 -3.29408e-09 -1.32426e-20 -1.60745e-09 -1.94496e-21 -3.19196e-10  4.66452e-21  7.83484e-11  1.73031e-21   8.9699e-11 -1.34348e-21  3.80401e-11 -7.04194e-22  9.05455e-12   1.7671e-22  3.05404e-13  1.83728e-22 -8.37776e-13  2.13295e-23 -4.62681e-13 -2.21713e-23 -1.54359e-13  -1.2019e-23 -3.58471e-14 -1.38134e-24 -4.89816e-15   1.2229e-24  3.21903e-16  7.41299e-25  4.63998e-16  1.75972e-25  1.79638e-16 -2.08705e-26  4.89576e-17 -3.64676e-26  1.05861e-17  -1.5291e-26  1.85437e-18 -3.61816e-27  2.53081e-19 -1.00823e-27   2.2028e-20 -5.69653e-28 -6.31536e-22 -3.00691e-28 -7.78131e-22 -1.31029e-28 -2.05358e-22 -4.87369e-29 -3.85326e-23 -1.49109e-29 -5.89576e-24 -3.78595e-30 -7.68497e-25 -8.40553e-31 -8.68142e-26 -1.65808e-31 -8.54857e-27  -2.8054e-32 -7.33161e-28 -3.93343e-33 -5.44438e-29 -4.52854e-34 -3.46207e-30 -4.23288e-35 -1.85198e-31 -2.92811e-36 -8.09887e-33 -9.40692e-38 -2.75284e-34  7.27911e-39 -6.52527e-36  1.26714e-39 -7.24935e-38  9.33145e-41   1.2709e-39  4.19802e-42  6.66348e-41  1.07453e-43  1.01597e-42  1.02035e-45
 6.23528e-21 -4.40615e-07 -7.76133e-20  5.53255e-06  3.22233e-19 -3.42461e-05 -4.45258e-19  0.000129392 -1.26933e-18 -0.000322138  8.02321e-18  0.000538098  -2.1656e-17 -0.000581708  3.82983e-17  0.000346623 -4.80283e-17 -2.22678e-05  4.22036e-17 -0.000105591 -2.29854e-17  3.23444e-05  3.39218e-18  3.00529e-05  4.74476e-18 -9.26971e-06 -1.52105e-18 -9.94213e-06 -4.08671e-18   6.7543e-07  5.27692e-18  2.90572e-06 -2.55565e-18  7.61856e-07 -1.02612e-19 -4.50824e-07  6.81538e-19 -3.70359e-07 -1.37751e-19 -6.14967e-08  -1.3216e-19   5.2195e-08  2.17891e-21  3.88339e-08  6.86182e-20  9.70527e-09 -4.63533e-21  -2.1264e-09 -2.32909e-20 -2.85968e-09 -1.53305e-21 -1.20769e-09  7.49809e-21 -2.17587e-10  2.26408e-21  5.64053e-11 -1.94191e-21  6.03409e-11 -1.02086e-21  2.55201e-11  2.04242e-22  6.55438e-12  2.57996e-22  6.74495e-13  4.57231e-23 -3.07915e-13 -2.61207e-23 -2.16216e-13 -1.78522e-23 -7.95024e-14 -3.03608e-24 -2.09638e-14  1.46173e-24 -4.01532e-15  1.09274e-24 -4.36813e-16  3.02378e-25  4.57668e-17 -1.24977e-26  4.11491e-17 -5.17043e-26  1.38054e-17 -2.49967e-26  3.38199e-18 -7.86382e-27  6.73885e-19 -2.86582e-27   1.1259e-19  -1.3557e-27  1.57516e-20 -6.01714e-28  1.78131e-21 -2.35055e-28  1.43179e-22  -8.0151e-29  2.78973e-24 -2.29807e-29 -1.68022e-24 -5.56118e-30 -4.09164e-25 -1.17698e-30 -6.30881e-26 -2.19885e-31 -7.65129e-27 -3.52371e-32 -7.72934e-28 -4.70361e-33 -6.63313e-29 -5.18758e-34 -4.85866e-30 -4.70036e-35 -3.02627e-31 -3.29834e-36 -1.58604e-32 -1.45223e-37 -6.86975e-34 -3.62103e-40 -2.39226e-35  4.60018e-40 -6.42064e-37  3.53939e-41 -1.23775e-38  1.38598e-42  -1.4809e-40  2.57534e-44  -6.9856e-43
 1.07927e-07  4.90153e-20 -2.57237e-06 -3.51241e-19  2.27278e-05  1.11163e-18  -0.00011371 -1.26933e-18  0.000365671 -3.11367e-18 -0.000791597  1.73644e-17   0.00115176 -4.20417e-17  -0.00105647  6.73477e-17  0.000466007 -7.66451e-17  0.000100621  6.02776e-17 -0.000193272 -2.71728e-17  5.20348e-06 -1.09321e-18  6.12231e-05  1.01679e-17  1.28394e-06 -4.07224e-18 -1.80711e-05 -3.84679e-18 -4.30641e-06  5.61794e-18  3.77438e-06 -2.59178e-18  2.42367e-06 -3.16729e-19 -2.30223e-08  7.89285e-19 -5.98376e-07 -5.53979e-20 -2.69002e-07 -2.23002e-19   1.1704e-09 -2.88702e-21  5.67759e-08  1.07418e-19  2.95179e-08 -1.04263e-20  5.24982e-09  -3.5362e-20 -2.31943e-09 -5.77173e-22 -2.14217e-09  1.10236e-20 -8.25659e-10  2.91311e-21 -1.46817e-10  -2.6255e-21  3.02613e-11  -1.4168e-21  3.46657e-11  2.05596e-22  1.50137e-11  3.39463e-22  4.17665e-12  7.87075e-23  6.69822e-13 -2.78192e-23 -4.05475e-14 -2.38126e-23  -7.4555e-14 -4.94517e-24  -3.1912e-14  1.63762e-24 -9.37121e-15  1.47034e-24 -2.11619e-15  4.56097e-25 -3.63639e-16  2.12856e-27 -3.96924e-17 -7.04784e-26  1.11849e-18 -3.92508e-26  1.98499e-18 -1.51279e-26  6.41776e-19 -6.15225e-27  1.46167e-19 -2.66803e-27  2.70335e-20 -1.06539e-27  4.24331e-21 -3.81207e-28   5.7403e-22 -1.20159e-28  6.69951e-23  -3.2305e-29  6.66905e-24 -7.41502e-30  5.48932e-25 -1.48905e-30  3.43935e-26 -2.62882e-31  1.15222e-27 -3.98171e-32 -6.82427e-29 -5.04249e-33  -1.6496e-29 -5.29869e-34 -1.76016e-30 -4.60286e-35 -1.34353e-31  -3.1693e-36 -7.94584e-33 -1.53301e-37 -3.68438e-34 -3.75009e-39 -1.31515e-35  6.80098e-41 -3.45434e-37  9.50498e-42 -6.08442e-39  3.35967e-43 -5.71719e-41  3.82153e-45
-1.86654e-20  8.15625e-07  2.52745e-19 -1.12493e-05 -1.27181e-18  7.68122e-05  3.22518e-18 -0.000322138 -3.11367e-18  0.000898708 -6.66069e-18   -0.0017093  3.30701e-17   0.00217195 -7.22981e-17   -0.0016664  1.05451e-16  0.000463533 -1.09327e-16  0.000350837  7.70453e-17 -0.000269512 -2.81055e-17 -7.36488e-05 -7.34496e-18  8.95032e-05  1.55214e-17  2.95794e-05  -6.3128e-18 -2.21856e-05 -3.40874e-18  -1.3863e-05  5.65873e-18   2.0112e-06 -2.52585e-18  4.42116e-06 -5.29779e-19  1.25642e-06  8.97087e-19 -5.27801e-07  2.13774e-20 -5.39885e-07  -3.2307e-19 -1.51246e-07  5.56523e-21  3.46803e-08  1.47033e-19  4.82923e-08  -2.0565e-20  1.98047e-08 -4.87192e-20  2.48303e-09  9.89316e-22  -1.8617e-09   1.5166e-20 -1.41506e-09  3.72279e-21 -5.19007e-10 -3.34541e-21 -9.79681e-11 -1.88126e-21  1.04578e-11   1.7064e-22  1.66645e-11  4.17777e-22  7.61516e-12  1.16489e-22    2.288e-12 -2.65984e-23  4.67759e-13 -2.86586e-23  4.20933e-14 -6.58578e-24 -1.44211e-14  1.83898e-24 -9.22456e-15  1.86612e-24 -3.10779e-15  6.26146e-25 -7.85787e-16  1.73139e-26 -1.59794e-16 -9.59109e-26 -2.61376e-17 -6.01066e-26 -3.19733e-18 -2.64561e-26  -1.9336e-19 -1.12171e-26  3.36472e-20 -4.57919e-27  1.50512e-20 -1.69261e-27  3.43611e-21 -5.62001e-28  5.99037e-22 -1.64844e-28  8.69151e-23 -4.16047e-29  1.08238e-23 -9.03133e-30  1.17101e-24 -1.71521e-30  1.10407e-25 -2.85529e-31  9.04804e-27 -4.07732e-32  6.39759e-28 -4.87976e-33  3.85359e-29 -4.85637e-34  1.93852e-30 -4.00225e-35  7.89073e-32 -2.64024e-36  2.45942e-33 -1.28417e-37  5.21452e-35  -4.0105e-39  4.74172e-37 -5.27684e-41 -9.66382e-39  1.17354e-42 -3.60138e-40  5.17908e-44 -2.96469e-42
-1.51512e-07 -1.25869e-19  4.00169e-06  9.91718e-19 -3.92776e-05 -3.82391e-18   0.00021921  8.02321e-18 -0.000791597 -6.66069e-18   0.00194545 -1.25589e-17  -0.00327766   5.5932e-17   0.00363675 -1.11048e-16  -0.00227359  1.48137e-16  0.000205389 -1.40327e-16  0.000722549  8.85462e-17 -0.000269363 -2.51415e-17 -0.000210961 -1.38357e-17  8.91992e-05  1.93255e-17  7.56288e-05 -7.75123e-18 -1.32887e-05 -2.78176e-18 -2.56225e-05  5.43908e-18 -4.42727e-06 -2.43908e-18  5.26486e-06 -6.93795e-19  3.32379e-06  1.00394e-18  2.09525e-07  6.23487e-20  -6.7368e-07 -4.16554e-19  -3.8733e-07  3.49192e-20 -6.28659e-08  1.82442e-19  4.23178e-08 -3.61449e-20  3.49412e-08 -6.27789e-20  1.21164e-08  3.10147e-21  1.11211e-09   1.9797e-20 -1.21175e-09  4.74247e-21 -8.31039e-10 -4.02316e-21 -2.99744e-10 -2.38147e-21 -6.25183e-11  9.40592e-23 -4.49072e-15  4.78783e-22  6.37927e-12  1.52347e-22  3.23768e-12 -2.25065e-23  1.05064e-12 -3.10377e-23  2.49399e-13 -7.24054e-24  4.06629e-14  2.26862e-24  2.09409e-15  2.30772e-24 -1.44705e-15  8.02502e-25 -6.95032e-16   2.3392e-26 -2.02064e-16 -1.33124e-25 -4.57259e-17 -8.99196e-26 -8.56623e-18 -4.25957e-26  -1.3482e-18 -1.81452e-26 -1.75765e-19 -7.03478e-27 -1.78454e-20 -2.43853e-27 -1.08878e-21 -7.57225e-28  5.31825e-23 -2.07685e-28  2.94979e-23  -4.9263e-29  5.63724e-24 -1.00947e-29  7.81795e-25 -1.80873e-30  8.80736e-26 -2.83303e-31  8.35169e-27  -3.8035e-32  6.74454e-28 -4.28374e-33  4.64065e-29 -4.01219e-34  2.70153e-30 -3.10566e-35  1.31227e-31 -1.92633e-36  5.20325e-33 -8.97149e-38  1.62796e-34 -2.87361e-39  3.80404e-36 -5.47783e-41  6.00331e-38 -3.65042e-43  5.07555e-40   2.8326e-45
 4.02966e-20 -9.50253e-07 -5.63631e-19  1.47476e-05  3.15165e-18 -0.000113464 -9.78131e-18  0.000538098  1.73644e-17   -0.0017093 -1.25589e-17   0.00374859 -2.10549e-17  -0.00563093  8.46491e-17    0.0054375 -1.53405e-16  -0.00263786  1.87922e-16 -0.000417415 -1.62976e-16   0.00113758  9.17141e-17 -0.000118544 -1.88096e-17 -0.000381614 -1.87388e-17  3.04295e-05  2.05394e-17  0.000126489 -8.28285e-18  1.66419e-05 -1.93069e-18 -3.29742e-05  5.02796e-18  -1.5828e-05 -2.38207e-18  2.84201e-06 -7.69807e-19   5.3234e-06  1.08941e-18  1.77298e-06  4.39421e-20  -3.6982e-07 -4.84599e-19 -5.83515e-07  8.99027e-20 -2.34961e-07  2.09873e-19 -1.41881e-08 -5.76318e-20  3.54213e-08 -7.72606e-20  2.23865e-08  5.48153e-21  6.93649e-09  2.46864e-20   5.5295e-10  6.00617e-21 -6.54925e-10 -4.54856e-21  -4.3267e-10 -2.85877e-21 -1.57321e-10  -2.1559e-23 -3.65355e-11  5.07327e-22 -3.25223e-12  1.77898e-22  1.69306e-12 -1.63336e-23  1.09887e-12 -2.97551e-23  3.91619e-13 -6.11087e-24  1.03197e-13  3.22623e-24  2.09716e-14  2.85926e-24  3.05859e-15  9.78578e-25  1.81242e-16  8.56026e-27 -6.64501e-17 -1.87938e-25 -3.10859e-17 -1.30411e-25 -8.29326e-18 -6.35209e-26 -1.71613e-18 -2.65958e-26 -2.96514e-19 -9.81795e-27 -4.38987e-20 -3.21116e-27  -5.6088e-21 -9.36901e-28 -6.15188e-22 -2.41076e-28 -5.67696e-23 -5.37876e-29 -4.18774e-24 -1.03908e-29 -2.09979e-25 -1.75298e-30 -7.23563e-28 -2.57787e-31  1.31384e-27 -3.24413e-32  1.82736e-28 -3.42299e-33  1.63158e-29 -2.99744e-34  1.10333e-30 -2.15801e-35  5.84892e-32 -1.23828e-36  2.41829e-33 -5.33947e-38  7.55717e-35  -1.6024e-39  1.67074e-36 -2.97437e-41   2.2683e-38 -2.53386e-43  1.22431e-40
 1.26002e-07   2.3467e-19 -3.83928e-06 -1.94065e-18  4.32949e-05  8.40093e-18 -0.000277304  -2.1656e-17   0.00115176  3.30701e-17  -0.00327766 -2.10549e-17   0.00648768 -3.16113e-17  -0.00873355  1.15361e-16    0.0072844 -1.91739e-16   -0.0024761  2.16538e-16  -0.00141903 -1.72064e-16   0.00144632  8.55242e-17  0.000228938 -1.05934e-17  -0.00052363 -2.06328e-17 -0.000104316  1.89426e-17   0.00015587 -8.15332e-18  6.81975e-05 -8.70865e-19    -2.67e-05  4.50597e-18 -2.90711e-05 -2.33572e-18 -4.39258e-06 -7.36742e-19  5.64039e-06   1.1129e-18  3.78562e-06  -4.6716e-20  5.90783e-07 -5.09693e-19 -5.27309e-07  1.72077e-19 -4.10484e-07   2.2791e-19 -1.25151e-07 -8.44997e-20  4.69712e-09  -9.2136e-20  2.41238e-08  7.58299e-21  1.29798e-08  2.94423e-20  3.77903e-09  7.50381e-21  3.40448e-10 -4.79277e-21 -2.89845e-10 -3.23299e-21 -1.96983e-10  -1.6347e-22 -7.36115e-11  4.91663e-22 -1.88283e-11  1.85505e-22 -2.89777e-12 -9.14534e-24  1.16015e-13 -2.39077e-23  2.66693e-13 -2.44303e-24  1.12401e-13  5.04991e-24  3.26313e-14  3.60228e-24  7.45883e-15  1.15018e-24   1.3756e-15 -3.81959e-26  1.97257e-16 -2.64438e-25  1.80829e-17  -1.8138e-25  -4.9328e-19 -8.80046e-26 -6.79448e-19  -3.5733e-26 -1.87445e-19 -1.25641e-26 -3.66128e-20 -3.88837e-27 -5.82038e-21 -1.06881e-27 -7.87221e-22 -2.58555e-28 -9.21855e-23 -5.42864e-29 -9.40305e-24 -9.87577e-30 -8.34993e-25  -1.5659e-30 -6.41944e-26 -2.15709e-31 -4.22798e-27 -2.53639e-32 -2.34559e-28  -2.4953e-33  -1.0672e-29 -2.02893e-34 -3.80554e-31 -1.34528e-35 -9.70357e-33 -7.03255e-37 -1.32907e-34 -2.73051e-38  1.02773e-36 -7.24107e-40  8.48816e-38 -1.13067e-41  1.33309e-39 -6.58169e-44
-6.70198e-20  6.15088e-07  9.14011e-19 -1.14456e-05 -5.46049e-18  0.000104264  1.92119e-17 -0.000581708 -4.20417e-17   0.00217195   5.5932e-17  -0.00563093 -3.16113e-17    0.0101666 -4.27543e-17   -0.0123132   1.4231e-16    0.0087498 -2.17996e-16  -0.00156803  2.27952e-16  -0.00267235   -1.658e-16    0.0014693  7.12804e-17  0.000753661 -2.32575e-18 -0.000553379 -1.89978e-17 -0.000303466  1.51481e-17  0.000132325 -7.75668e-18  0.000129645  2.47638e-19  5.95311e-07   3.9481e-18  -3.7492e-05 -2.20642e-18 -1.58976e-05 -5.92608e-19  2.56289e-06   1.0241e-18  5.22313e-06 -2.12044e-19  2.10269e-06 -4.80806e-19 -2.64684e-08  2.79891e-19 -4.53271e-07  2.38006e-19 -2.50936e-07 -1.14884e-19 -6.06411e-08 -1.07392e-19  7.87319e-09  8.61443e-21  1.40984e-08   3.3486e-20  6.87689e-09  9.14898e-21  1.96518e-09 -4.64025e-21  2.32547e-10 -3.41806e-21 -9.82637e-11 -3.09146e-22 -7.63127e-11  4.28072e-22 -2.99068e-11  1.71309e-22 -8.29673e-12 -1.33755e-24 -1.64461e-12 -1.28008e-23 -1.73082e-13  4.37465e-24  2.82081e-14  8.03261e-24  2.19465e-14  4.60287e-24  7.46454e-15  1.31225e-24  1.87963e-15 -1.23496e-25  3.85658e-16 -3.62141e-25  6.61979e-17 -2.39615e-25  9.45635e-18 -1.13482e-25  1.07556e-18 -4.43179e-26  8.22272e-20 -1.48348e-26 -2.21385e-22 -4.34936e-27 -1.50529e-21 -1.12796e-27 -3.40347e-22 -2.56836e-28 -5.23468e-23 -5.07492e-29 -6.43597e-24 -8.68428e-30 -6.62957e-25 -1.29183e-30 -5.81564e-26 -1.66296e-31 -4.35909e-27 -1.82066e-32 -2.77934e-28 -1.66158e-33 -1.49107e-29 -1.24535e-34 -6.61089e-31 -7.52633e-36 -2.35643e-32 -3.52861e-37 -6.46716e-34 -1.20058e-38 -1.27044e-35  -2.6675e-40 -1.54655e-37 -3.07725e-42 -7.55912e-40
-4.33301e-08 -3.35416e-19  1.81009e-06  2.75514e-18 -2.62391e-05 -1.29867e-17   0.00020869  3.82983e-17  -0.00105647 -7.22981e-17   0.00363675  8.46491e-17  -0.00873355 -4.27543e-17    0.0145336 -5.23308e-17   -0.0158813  1.59558e-16   0.00938987 -2.26591e-16  0.000138237  2.20648e-16  -0.00391951 -1.46331e-16   0.00106619  5.19584e-17    0.0013566  4.45132e-18 -0.000397742 -1.42961e-17 -0.000520006  1.03148e-17  3.37414e-05 -7.42393e-18  0.000177467  1.13376e-18  4.91543e-05  3.41306e-18 -3.30317e-05 -1.85858e-18 -2.81662e-05 -3.49791e-19 -4.61464e-06  7.80093e-19  4.72436e-06 -4.46662e-19  3.59791e-06  -3.9762e-19  9.28926e-07  4.08721e-19 -2.25675e-07  2.44248e-19 -3.10313e-07 -1.45383e-19 -1.38518e-07  -1.2269e-19 -2.79338e-08  7.69083e-21  5.52687e-09  3.61032e-20  7.19812e-09  1.07577e-20   3.3266e-09 -4.03313e-21  9.63305e-10 -3.34674e-21  1.49535e-10 -4.30608e-22 -1.95129e-11  3.23949e-22 -2.38879e-11  1.37931e-22 -1.01795e-11  8.47483e-24 -3.03549e-12  4.29491e-24 -6.91994e-13  1.47555e-23 -1.16481e-13  1.23385e-23 -1.06082e-14  5.87961e-24  1.50558e-15  1.45677e-24  1.03574e-15 -2.45927e-25   3.1351e-16 -4.73941e-25  7.08651e-17 -2.98651e-25  1.32051e-17 -1.36385e-25  2.09701e-18 -5.09709e-26  2.86754e-19  -1.6231e-26  3.36563e-20 -4.50974e-27  3.32972e-21 -1.10421e-27  2.64798e-22 -2.36777e-28   1.4598e-23 -4.40157e-29  1.27568e-25 -7.07601e-30 -9.30045e-26  -9.8558e-31 -1.44635e-26 -1.18246e-31 -1.41873e-27 -1.20084e-32  -1.0566e-28 -1.01103e-33 -6.22449e-30 -6.92982e-35 -2.90292e-31 -3.77438e-36 -1.04784e-32 -1.55969e-37 -2.78829e-34 -4.51069e-39 -4.97093e-36 -7.87624e-41 -4.73417e-38 -5.37432e-43
 9.22036e-20 -8.72846e-08 -1.12182e-18  3.33706e-06  6.82702e-18 -4.58891e-05 -2.66743e-17  0.000346623  6.73477e-17   -0.0016664 -1.11048e-16    0.0054375  1.15361e-16   -0.0123132 -5.23308e-17    0.0190909 -5.81354e-17   -0.0188541  1.63014e-16   0.00889771 -2.16428e-16   0.00247691  1.98021e-16  -0.00484358 -1.18642e-16  0.000199622  3.10388e-17   0.00187993  8.84264e-18 -2.87641e-05 -7.66898e-18 -0.000681477  5.74464e-18 -0.000138727 -7.32046e-18  0.000183576  1.43695e-18  0.000108876  2.94278e-18 -1.00894e-05 -1.16729e-18 -3.53236e-05 -2.82958e-20 -1.46338e-05  3.61837e-19  1.28591e-06 -7.40383e-19    4.167e-06  -2.7239e-19  2.05281e-06  5.50704e-19  3.11251e-07  2.52341e-19 -2.17117e-07 -1.71199e-19 -1.83176e-07 -1.37066e-19 -7.08438e-08  4.11411e-21 -1.28738e-08  3.65902e-20  2.69126e-09  1.20568e-20   3.2065e-09  -3.0104e-21  1.45349e-09 -2.99693e-21  4.34388e-10 -5.02025e-22  8.32391e-11  1.98041e-22  3.02392e-12  9.57788e-23 -5.33435e-12  2.41955e-23 -2.74371e-12  2.83546e-23 -8.88839e-13  2.88745e-23 -2.21781e-13   1.7942e-23 -4.43688e-14  7.38641e-24 -6.93622e-15  1.57439e-24 -7.22877e-16  -3.9355e-25  2.04837e-18    -5.86e-25  2.41047e-17 -3.49761e-25  7.42854e-18 -1.52946e-25  1.56528e-18 -5.45334e-26   2.6602e-19 -1.65076e-26  3.83375e-20  -4.3462e-27  4.77812e-21 -1.00485e-27  5.18696e-22 -2.02914e-28  4.90516e-23 -3.54632e-29  4.02029e-24 -5.34802e-30  2.82623e-25 -6.95968e-31  1.67487e-26 -7.75916e-32  8.13041e-28 -7.27835e-33   3.0676e-29 -5.61874e-34  7.95849e-31 -3.49107e-35  7.99304e-33 -1.69165e-36 -3.60332e-34 -6.03554e-38 -1.90918e-35 -1.42728e-39 -3.88497e-37 -1.77503e-41 -2.71783e-39
-1.73525e-08   3.9456e-19  2.17732e-07 -2.89894e-18  2.26879e-06  1.43746e-17 -5.55979e-05 -4.80283e-17  0.000466007  1.05451e-16  -0.00227359 -1.53405e-16    0.0072844   1.4231e-16   -0.0158813 -5.81354e-17    0.0232138 -5.86295e-17   -0.0207315  1.51777e-16   0.00721521 -1.91066e-16   0.00510083  1.66777e-16   -0.0051708 -8.85096e-17  -0.00103815  1.14404e-17   0.00215583   1.0587e-17  0.000516551 -4.51005e-19 -0.000713495  2.52754e-18 -0.000354813 -7.47056e-18  0.000126625  8.71371e-19  0.000160583   2.5696e-18  3.07216e-05 -6.55541e-20 -3.12875e-05  3.50531e-19 -2.41207e-05 -2.16333e-19 -4.98097e-06 -1.08038e-18  2.95755e-06 -1.28776e-19  2.80076e-06  6.94581e-19  1.02076e-06   2.6797e-19  6.15131e-08 -1.86794e-19 -1.46281e-07 -1.48784e-19 -9.64704e-08 -2.28503e-21 -3.40966e-08  3.44704e-20 -6.13563e-09  1.27348e-20  9.08892e-10 -1.72096e-21  1.22368e-09 -2.40785e-21   5.6205e-10 -5.07236e-22  1.74786e-10  7.78269e-23  3.88176e-11   6.2229e-23    5.001e-12  5.20839e-23 -4.38676e-13  6.05519e-23 -5.17047e-13  4.66063e-23 -1.95681e-13  2.46039e-23 -5.31406e-14  9.01727e-24 -1.16329e-14  1.65956e-24 -2.11822e-15 -5.44106e-25 -3.19541e-16  -6.8019e-25 -3.81372e-17  -3.8404e-25 -2.99508e-18 -1.60209e-25  3.61295e-20 -5.43971e-26  6.88789e-20 -1.56421e-26  1.60804e-20 -3.90108e-27  2.60176e-21  -8.5146e-28   3.3864e-22 -1.61851e-28  3.70865e-23 -2.65668e-29  3.47327e-24 -3.75175e-30  2.79268e-25 -4.55044e-31  1.92147e-26 -4.69842e-32  1.12107e-27 -4.05161e-33  5.46325e-29 -2.84817e-34  2.17334e-30 -1.58803e-35  6.81628e-32 -6.74163e-37  1.59423e-33 -2.02301e-38  2.51698e-35  -3.6998e-40  2.13305e-37 -2.66281e-42
-1.14079e-19 -1.47972e-07   1.1115e-18  2.00502e-06 -6.14218e-18 -8.93886e-06  2.62582e-17 -2.22678e-05 -7.66451e-17  0.000463533  1.48137e-16  -0.00263786 -1.91739e-16    0.0087498  1.59558e-16   -0.0188541 -5.86295e-17    0.0263361 -5.34048e-17   -0.0212516   1.2818e-16   0.00455079 -1.57099e-16   0.00758699  1.34293e-16  -0.00475667 -6.05706e-17  -0.00244816 -5.04384e-18   0.00206136  9.82651e-18   0.00114112   6.2683e-18 -0.000566625  1.31839e-18 -0.000560995 -7.84949e-18  2.32145e-06 -6.81595e-19  0.000181839  2.32316e-18  8.09485e-05  1.43315e-18 -1.26511e-05  7.69408e-19 -2.85455e-05 -9.06529e-19 -1.24763e-05 -1.45226e-18 -3.15528e-07  2.11988e-21  2.58664e-06  8.25983e-19  1.59942e-06  2.94898e-19  4.59783e-07 -1.87031e-19  -8.8171e-09 -1.55486e-19 -8.04674e-08 -1.08727e-20 -4.59796e-08  2.97127e-20 -1.54957e-08   1.2534e-20 -2.98045e-09 -3.95511e-22  1.34241e-10 -1.67508e-21  3.83331e-10 -4.42477e-22   1.8645e-10 -4.75044e-24  6.06773e-11  5.86754e-23  1.48882e-11  9.94688e-23  2.68462e-12  1.01836e-22  2.64776e-13   6.7426e-23 -3.65656e-14  3.18854e-23 -2.75622e-14  1.06294e-23 -8.84446e-15  1.71535e-24 -2.10837e-15 -6.69009e-25 -4.13177e-16 -7.38646e-25 -6.88321e-17 -3.94916e-25 -9.84295e-18 -1.56889e-25 -1.20186e-18 -5.06722e-26  -1.2239e-19  -1.3833e-26 -9.73879e-21 -3.26618e-27  -4.7407e-22 -6.72639e-28  1.39964e-23 -1.20265e-28   6.7221e-24 -1.85159e-29  9.62894e-25 -2.44362e-30  9.67112e-26 -2.75456e-31  7.62295e-27 -2.62394e-32  4.84944e-28 -2.06885e-33  2.48839e-29 -1.31385e-34  1.01103e-30 -6.49563e-36  3.13189e-32 -2.37008e-37  6.90112e-34 -5.77104e-39  9.38601e-36 -7.43501e-41  5.10299e-38
 1.67647e-08 -4.27035e-19  -6.0661e-07  2.36472e-18  7.26419e-06 -1.10153e-17 -4.18965e-05  4.22036e-17  0.000100621 -1.09327e-16  0.000205389  1.87922e-16   -0.0024761 -2.17996e-16   0.00938987  1.63014e-16   -0.0207315 -5.34048e-17    0.0281196 -4.31961e-17   -0.0204527  9.66864e-17   0.00129958 -1.21727e-16   0.00956097  1.06275e-16  -0.00362022 -3.73049e-17   -0.0037842  -1.7771e-17   0.00155594  6.88655e-18   0.00171454  1.18934e-17 -0.000235059  2.25642e-18 -0.000695883 -8.46689e-18  -0.00017197 -3.13813e-18  0.000155073  2.22908e-18  0.000125901  3.24108e-18  1.90563e-05  1.21995e-18 -2.40129e-05 -1.63508e-18 -1.84247e-05 -1.84025e-18 -5.02142e-06  8.75773e-20  1.09503e-06  9.28442e-19  1.69298e-06  3.33263e-19  8.16235e-07 -1.68583e-19  1.95528e-07 -1.54627e-19 -1.47838e-08 -2.01462e-20 -3.76983e-08  2.28678e-20 -1.98466e-08  1.13571e-20 -6.58275e-09  7.21999e-22 -1.39893e-09 -9.20467e-22 -7.72895e-11 -3.11097e-22  8.88003e-11 -1.74933e-23  5.05194e-11  1.06162e-22  1.74734e-11   1.7259e-22  4.60222e-12   1.5223e-22  9.62934e-13  9.03073e-23  1.55036e-13  3.91975e-23  1.57227e-14  1.20733e-23 -5.72858e-16  1.75393e-24 -7.70057e-16 -7.40731e-25 -2.34464e-16 -7.48944e-25 -5.07886e-17 -3.80108e-25 -8.96473e-18  -1.4373e-25 -1.34715e-18 -4.41315e-26  -1.7537e-19 -1.14307e-26 -1.98939e-20 -2.55359e-27 -1.96465e-21 -4.95825e-28 -1.67778e-22 -8.32969e-29 -1.22255e-23 -1.20089e-29 -7.42298e-25 -1.47759e-30 -3.58984e-26 -1.54298e-31 -1.24158e-27 -1.35002e-32 -1.88624e-29 -9.67103e-34  9.62028e-31 -5.49663e-35   8.7096e-32 -2.37469e-36  3.47681e-33 -7.26233e-38  7.98665e-35 -1.35991e-39  9.12244e-37 -1.00612e-41
 1.33763e-19  5.49325e-08 -1.03048e-18  -1.5283e-06  3.97926e-18  1.73974e-05 -1.70392e-17 -0.000105591  6.02776e-17  0.000350837 -1.40327e-16 -0.000417415  2.16538e-16  -0.00156803 -2.26591e-16   0.00889771  1.51777e-16   -0.0212516 -4.31961e-17    0.0285324 -2.95051e-17   -0.0186236  6.23076e-17  -0.00208861 -9.06809e-17    0.0107871  8.55957e-17  -0.00192039 -1.90954e-17   -0.0048207 -2.69494e-17  0.000688901  2.20451e-18   0.00210955  1.63561e-17  0.000239741  5.00982e-18 -0.000708811 -9.39583e-18 -0.000360337 -6.25129e-18  7.46653e-05  2.29741e-18  0.000149059  5.22211e-18  5.68781e-05   1.7061e-18 -9.12752e-06 -2.31482e-18 -1.98438e-05 -2.22658e-18 -9.65586e-06  9.96745e-20 -1.47045e-06  9.85155e-19  1.07551e-06  3.78534e-19  9.36385e-07  -1.3123e-19  3.83796e-07 -1.44164e-19  8.20967e-08 -2.79713e-20 -7.25465e-09  1.50449e-20 -1.51166e-08  9.35011e-21 -7.67335e-09  1.46362e-21 -2.55765e-09 -2.43888e-22 -5.98549e-10  -1.1134e-22 -7.81162e-11  6.88463e-23  9.59862e-12  2.20699e-22  1.01381e-11  2.74223e-22    3.945e-12  2.10134e-22  1.11054e-12  1.13692e-22   2.5167e-13  4.58764e-23  4.71488e-14  1.32184e-23   7.2139e-15  1.79096e-24  8.39154e-16  -7.4126e-25  5.22195e-17 -7.07944e-25 -6.17056e-18 -3.42295e-25  -2.8784e-18 -1.23236e-25 -6.22701e-19 -3.59622e-26 -1.01152e-19 -8.83324e-27 -1.35469e-20 -1.86565e-27 -1.54471e-21 -3.41213e-28 -1.51783e-22 -5.37885e-29 -1.28849e-23 -7.24745e-30 -9.41778e-25 -8.29082e-31 -5.87803e-26 -7.99027e-32 -3.09114e-27 -6.38815e-33 -1.34279e-28 -4.12691e-34    -4.68e-30 -2.07551e-35 -1.25171e-31 -7.69155e-37 -2.38572e-33 -1.90371e-38 -2.80086e-35 -2.50078e-40 -1.30688e-37
 3.11944e-09  4.66443e-19  3.09348e-08 -1.80389e-18 -2.24827e-06  5.32857e-18  2.95612e-05 -2.29854e-17 -0.000193272  7.70453e-17  0.000722549 -1.62976e-16  -0.00141903  2.27952e-16  0.000138237 -2.16428e-16   0.00721521   1.2818e-16   -0.0204527 -2.95051e-17    0.0278117 -1.40726e-17     -0.01618  2.92876e-17  -0.00523221 -6.72031e-17    0.0111971  7.24512e-17  0.000105284 -5.03838e-18   -0.0054028 -3.32685e-17 -0.000420498 -3.61535e-18   0.00223373  1.99907e-17  0.000780105  8.91805e-18 -0.000574634 -1.07439e-17 -0.000517727 -9.69812e-18 -4.97855e-05  2.50558e-18  0.000137625    7.223e-18  9.00731e-05  2.24403e-18  1.39151e-05 -2.85856e-18 -1.47944e-05 -2.59062e-18  -1.2322e-05  2.09385e-20 -4.35231e-06  9.81216e-19   -1.988e-07  4.21486e-19  6.90193e-07 -7.86533e-20  4.58077e-07 -1.23336e-19  1.69246e-07 -3.21141e-20  3.50575e-08  7.70035e-21 -1.67272e-09  6.91931e-21 -5.08024e-09  1.81432e-21 -2.59863e-09  3.25243e-22 -8.82263e-10  1.76621e-22 -2.22958e-10  2.77949e-22 -4.00788e-11    4.093e-22 -3.19229e-12  4.01892e-22  1.05871e-12  2.71982e-22  6.20909e-13  1.35594e-22  1.96528e-13   5.1273e-23  4.75986e-14   1.3967e-23  9.54503e-15  1.83638e-24  1.62655e-15 -6.68252e-25  2.36497e-16 -6.22767e-25  2.89305e-17 -2.88231e-25  2.84557e-18  -9.8904e-26  1.93649e-19 -2.74306e-26  1.67118e-21 -6.38631e-27 -2.06495e-21  -1.2742e-27 -4.07746e-22 -2.19258e-28 -5.21887e-23 -3.23806e-29 -5.20351e-24 -4.06825e-30 -4.23759e-25 -4.31317e-31 -2.85209e-26 -3.81962e-32 -1.57909e-27 -2.77345e-33 -7.07106e-29 -1.60139e-34 -2.48271e-30 -7.02651e-36 -6.48161e-32 -2.17925e-37 -1.14078e-33 -4.13982e-39 -1.07733e-35 -3.11334e-41
-1.43234e-19  3.81043e-08  1.05737e-18 -4.13466e-07 -2.28247e-18  -2.4419e-07  5.43596e-18  3.23444e-05 -2.71728e-17 -0.000269512  8.85462e-17   0.00113758 -1.72064e-16  -0.00267235  2.20648e-16   0.00247691 -1.91066e-16   0.00455079  9.66864e-17   -0.0186236 -1.40726e-17    0.0263459  1.55488e-18   -0.0135297  4.42929e-19   -0.0078882 -5.20801e-17    0.0108625  6.53275e-17   0.00220852  6.04404e-18  -0.00546625 -3.76084e-17    -0.001618 -9.74254e-18   0.00204726  2.33348e-17   0.00129209  1.31944e-17 -0.000300317 -1.25916e-17 -0.000602007 -1.31729e-17 -0.000195065  2.78611e-18  8.71217e-05  9.09904e-18  0.000107343  2.85734e-18  3.95442e-05 -3.19105e-18 -3.37327e-06 -2.90814e-18 -1.14779e-05 -1.51966e-19 -6.47077e-06  9.05881e-19 -1.75969e-06  4.49318e-19  9.41258e-08 -1.84561e-20  3.55615e-07  -9.3349e-20   2.0184e-07 -3.09505e-20  7.02841e-08  2.27235e-21  1.50819e-08  4.65976e-21  3.97929e-10  1.94219e-21 -1.34867e-09  8.54265e-22 -7.43254e-10  5.95539e-22 -2.60662e-10   6.2449e-22  -6.9736e-11  6.67426e-22 -1.46092e-11   5.4728e-22  -2.2437e-12  3.32467e-22 -1.62451e-13   1.5386e-22  4.01839e-14  5.48454e-23  2.14228e-14  1.42586e-23  6.00136e-15   1.8869e-24  1.28758e-15 -5.36138e-25  2.30022e-16 -5.08554e-25  3.52724e-17 -2.26739e-25  4.69759e-18 -7.42809e-26  5.44561e-19 -1.95854e-26  5.46783e-20 -4.32023e-27  4.69448e-21 -8.13548e-28  3.35836e-22 -1.31539e-28  1.89309e-23 -1.81651e-29  7.13576e-25 -2.12243e-30  2.49111e-27 -2.07776e-31 -2.18212e-27 -1.68213e-32 -2.03464e-28 -1.10126e-33 -1.13067e-29 -5.62105e-35  -4.3112e-31 -2.11312e-36 -1.10837e-32 -5.29823e-38 -1.70341e-34 -7.05019e-40 -1.02427e-36
-4.49404e-09 -4.89809e-19  1.70639e-07  1.76705e-18  -1.9757e-06 -1.72069e-18  9.08492e-06  3.39218e-18  5.20348e-06 -2.81055e-17 -0.000269363  9.17141e-17   0.00144632   -1.658e-16  -0.00391951  1.98021e-16   0.00510083 -1.57099e-16   0.00129958  6.23076e-17     -0.01618  1.55488e-18    0.0245378  1.62394e-17   -0.0109808 -2.28595e-17  -0.00996074 -4.42734e-17   0.00993785  6.21256e-17   0.00418093  1.48404e-17  -0.00502953 -4.08556e-17  -0.00274976 -1.51712e-17    0.0015647  2.69292e-17   0.00168671  1.71353e-17  7.74552e-05 -1.49316e-17 -0.000584686 -1.64511e-17  -0.00033001  3.02857e-18  3.49318e-06  1.07298e-17  0.000100485  3.56814e-18  6.03274e-05 -3.25799e-18  1.20003e-05  -3.1516e-18 -6.63535e-06 -4.07262e-19 -6.84265e-06  7.54408e-19 -3.03634e-06  4.47705e-19 -6.70137e-07  3.86469e-20   8.7787e-08 -5.77473e-20  1.54951e-07 -2.41476e-20  8.02392e-08 -2.40716e-22  2.71982e-08  3.20311e-21  6.24666e-09  2.16123e-21  6.33309e-10  1.49439e-21 -2.35909e-10  1.20108e-21 -1.68487e-10  1.10886e-21 -6.29862e-11  9.78179e-22 -1.76749e-11  6.97065e-22 -4.00902e-12  3.85335e-22 -7.42701e-13   1.6653e-22 -1.08069e-13  5.62366e-23 -1.03293e-14  1.40694e-23  1.38004e-16  1.92478e-24  3.44431e-16 -3.71588e-25  9.79068e-17 -3.83973e-25  1.93262e-17 -1.66379e-25  3.08414e-18  -5.2171e-26  4.17065e-19 -1.30853e-26  4.86828e-20 -2.73386e-27  4.93787e-21 -4.85439e-28  4.35282e-22 -7.36395e-29  3.32009e-23 -9.48881e-30  2.17258e-24 -1.02791e-30  1.20395e-25 -9.25176e-32  5.54566e-27 -6.80636e-33  2.06737e-28 -3.98251e-34  5.99656e-30 -1.77228e-35  1.27199e-31 -5.57122e-37  1.76829e-33 -1.07127e-38  1.25924e-35 -8.15209e-41
 1.25823e-19 -1.30937e-08 -1.12169e-18  4.32243e-07  2.22163e-18 -5.18013e-06  5.67622e-19  3.00529e-05 -1.09321e-18 -7.36488e-05 -2.51415e-17 -0.000118544  8.55242e-17    0.0014693 -1.46331e-16  -0.00484358  1.66777e-16   0.00758699 -1.21727e-16  -0.00208861  2.92876e-17   -0.0135297  1.62394e-17    0.0227066  2.92477e-17  -0.00870952 -4.03456e-17   -0.0114668 -4.16634e-17   0.00860331  6.09683e-17   0.00587795  2.12519e-17  -0.00416986  -4.3791e-17  -0.00368831 -1.89071e-17  0.000844515  3.11615e-17   0.00189662  2.02773e-17  0.000501377 -1.76373e-17 -0.000457456 -1.94091e-17 -0.000423215  3.09918e-18 -9.78971e-05  1.20268e-17  6.72109e-05  4.38788e-18  6.92623e-05  -3.0307e-18  2.71643e-05 -3.29168e-18  1.29755e-06 -7.19865e-19 -5.01052e-06  5.29157e-19  -3.4838e-06  4.03397e-19 -1.31795e-06  8.03237e-20 -2.55327e-07 -2.23274e-20  3.91424e-08 -1.30858e-20  5.75232e-08  3.71346e-22  2.84483e-08  3.02519e-21  9.58482e-09  2.83035e-21  2.35822e-09  2.42648e-21  3.74319e-10  2.03699e-21  2.94887e-14  1.71079e-21 -2.59457e-11  1.31342e-21 -1.15465e-11  8.34986e-22 -3.45846e-12   4.2454e-22 -8.25358e-13  1.72197e-22 -1.64659e-13  5.53253e-23 -2.78071e-14  1.34109e-23 -3.93606e-15  1.92403e-24 -4.47244e-16 -2.05256e-25 -3.50781e-17 -2.66288e-25 -2.98931e-19 -1.13604e-25  5.21208e-19 -3.42235e-26   1.2017e-19 -8.17407e-27  1.82029e-20 -1.61723e-27  2.17452e-21 -2.70516e-28  2.15348e-22 -3.84377e-29  1.79639e-23  -4.6101e-30  1.26408e-24 -4.61388e-31  7.44603e-26 -3.79903e-32  3.61318e-27 -2.52154e-33  1.40683e-28  -1.3044e-34  4.21363e-30 -4.97132e-36  9.03372e-32 -1.26265e-37   1.2008e-33  -1.6998e-39  6.40106e-36
