  6.4799e-07 -5.66147e-22 -9.00633e-06  1.49683e-20  3.98194e-05 -8.02879e-20  -7.8945e-05  1.52121e-19  6.57942e-05  -4.8379e-20 -6.97697e-06 -1.77806e-19 -1.18513e-05  1.93599e-19 -2.53118e-07 -4.29281e-20  8.14136e-07 -1.41005e-20  1.25388e-07  3.51083e-21  2.48285e-09
-5.66147e-22   1.3622e-05 -1.08335e-20  -0.00010034  1.71341e-19  0.000305705 -6.61703e-19 -0.000426812  9.70994e-19  0.000209737 -2.63991e-19  4.81947e-05 -6.56114e-19 -3.43436e-05  5.41149e-19 -9.71749e-06 -7.84713e-20  2.55616e-07 -2.52781e-20  2.16751e-07  3.29026e-21
-9.00633e-06 -1.08335e-20  0.000132619 -9.92526e-20  -0.00063081  1.06428e-18   0.00137636 -3.08297e-18  -0.00132237  3.49466e-18  0.000254422 -6.51871e-19  0.000252691 -1.50246e-18  -1.6115e-05  8.65729e-19 -2.33968e-05 -8.60766e-20 -2.92325e-06 -2.15241e-20 -1.13304e-08
 1.49683e-20  -0.00010034 -9.92526e-20   0.00079497 -5.57417e-19  -0.00265962  4.33498e-18   0.00421819 -9.63424e-18  -0.00259739   8.3087e-18 -0.000303196 -7.40792e-19  0.000506532 -2.34484e-18  0.000102468  8.57733e-19 -1.40243e-05 -8.60632e-20  -3.9697e-06 -8.46562e-21
 3.98194e-05  1.71341e-19  -0.00063081 -5.57417e-19   0.00329274 -2.14881e-18  -0.00811517   1.2639e-17   0.00930819 -2.17512e-17  -0.00298039  1.37313e-17  -0.00178556  1.84291e-19   0.00040137 -2.43054e-18  0.000237631  4.75436e-19  2.04925e-05 -9.68566e-20  -7.8039e-07
-8.02879e-20  0.000305705  1.06428e-18  -0.00265962 -2.14881e-18    0.0100351 -6.08373e-18   -0.0187192  2.78496e-17    0.0150464   -3.692e-17   -0.0005284  1.55588e-17  -0.00343752   1.9136e-18 -0.000331312  -1.4291e-18  0.000194442  2.95738e-20  3.40122e-05 -8.26448e-20
 -7.8945e-05 -6.61703e-19   0.00137636  4.33498e-18  -0.00811517 -6.08373e-18    0.0234349 -1.32878e-17    -0.033598  4.83352e-17    0.0173829 -4.79605e-17   0.00533265  1.02745e-17  -0.00352025  2.64869e-18  -0.00120191 -2.03157e-19  -2.3456e-05 -2.18825e-19  1.23089e-05
 1.52121e-19 -0.000426812 -3.08297e-18   0.00421819   1.2639e-17   -0.0187192 -1.32878e-17    0.0432341 -2.33989e-17   -0.0479333  6.86623e-17    0.0123267 -4.70327e-17    0.0121044 -8.02962e-19   -0.0010529  5.30173e-19  -0.00130184 -4.30203e-20 -0.000153888 -2.49711e-19
 6.57942e-05  9.70994e-19  -0.00132237 -9.63424e-18   0.00930819  2.78496e-17    -0.033598 -2.33989e-17    0.0647669 -3.48775e-17   -0.0553006  8.32015e-17 -0.000463867 -3.10154e-17    0.0153375   -1.126e-17   0.00258085 -3.75373e-18 -0.000503388 -8.45704e-19 -8.52946e-05
 -4.8379e-20  0.000209737  3.49466e-18  -0.00259739 -2.17512e-17    0.0150464  4.83352e-17   -0.0479333 -3.48775e-17    0.0812132 -4.67089e-17   -0.0522471  8.98803e-17    -0.016833 -3.43988e-18    0.0120637 -1.43694e-17   0.00451806 -6.78231e-18  0.000260672 -1.10563e-18
-6.97697e-06 -2.63991e-19  0.000254422   8.3087e-18  -0.00298039   -3.692e-17    0.0173829  6.86623e-17   -0.0553006 -4.67089e-17    0.0886515 -5.99791e-17   -0.0402388   8.9484e-17   -0.0306544  2.68038e-17   0.00351902 -8.92993e-18   0.00338446 -5.96588e-18  0.000306213
-1.77806e-19  4.81947e-05 -6.51871e-19 -0.000303196  1.37313e-17   -0.0005284 -4.79605e-17    0.0123267  8.32015e-17   -0.0522471 -5.99791e-17    0.0888381  -7.7236e-17   -0.0229896  8.14323e-17   -0.0366267  4.77222e-17  -0.00511422 -6.33305e-19   0.00089942 -2.69557e-18
-1.18513e-05 -6.56114e-19  0.000252691 -7.40792e-19  -0.00178556  1.55588e-17   0.00533265 -4.70327e-17 -0.000463867  8.98803e-17   -0.0402388  -7.7236e-17    0.0872307 -9.98856e-17  -0.00277035  6.19261e-17   -0.0317948  4.93377e-17  -0.00840474   3.4708e-18 -0.000352705
 1.93599e-19 -3.43436e-05 -1.50246e-18  0.000506532  1.84291e-19  -0.00343752  1.02745e-17    0.0121044 -3.10154e-17    -0.016833   8.9484e-17   -0.0229896 -9.98856e-17    0.0889118 -1.25752e-16    0.0195596  2.92096e-17   -0.0176137  3.24351e-17  -0.00565581  2.27875e-18
-2.53118e-07  5.41149e-19  -1.6115e-05 -2.34484e-18   0.00040137   1.9136e-18  -0.00352025 -8.02962e-19    0.0153375 -3.43988e-18   -0.0306544  8.14323e-17  -0.00277035 -1.25752e-16    0.0951609 -1.47658e-16    0.0403522 -7.64673e-18  -0.00170361  1.11077e-17  -0.00150262
-4.29281e-20 -9.71749e-06  8.65729e-19  0.000102468 -2.43054e-18 -0.000331312  2.64869e-18   -0.0010529   -1.126e-17    0.0120637  2.68038e-17   -0.0366267  6.19261e-17    0.0195596 -1.47658e-16     0.100885 -1.53259e-16    0.0508421 -3.01095e-17   0.00648999 -7.55916e-20
 8.14136e-07 -7.84713e-20 -2.33968e-05  8.57733e-19  0.000237631  -1.4291e-18  -0.00120191  5.30173e-19   0.00258085 -1.43694e-17   0.00351902  4.77222e-17   -0.0317948  2.92096e-17    0.0403522 -1.53259e-16    0.0955839 -1.31054e-16     0.043976 -2.80243e-17   0.00503203
-1.41005e-20  2.55616e-07 -8.60766e-20 -1.40243e-05  4.75436e-19  0.000194442 -2.03157e-19  -0.00130184 -3.75373e-18   0.00451806 -8.92993e-18  -0.00511422  4.93377e-17   -0.0176137 -7.64673e-18    0.0508421 -1.31054e-16    0.0725818 -8.45264e-17    0.0248757 -1.24222e-17
 1.25388e-07 -2.52781e-20 -2.92325e-06 -8.60632e-20  2.04925e-05  2.95738e-20  -2.3456e-05 -4.30203e-20 -0.000503388 -6.78231e-18   0.00338446 -6.33305e-19  -0.00840474  3.24351e-17  -0.00170361 -3.01095e-17     0.043976 -8.45264e-17      0.03962 -3.65283e-17   0.00778293
 3.51083e-21  2.16751e-07 -2.15241e-20  -3.9697e-06 -9.68566e-20  3.40122e-05 -2.18825e-19 -0.000153888 -8.45704e-19  0.000260672 -5.96588e-18   0.00089942   3.4708e-18  -0.00565581  1.11077e-17   0.00648999 -2.80243e-17    0.0248757 -3.65283e-17    0.0134922 -8.49194e-18
 2.48285e-09  3.29026e-21 -1.13304e-08 -8.46562e-21  -7.8039e-07 -8.26448e-20  1.23089e-05 -2.49711e-19 -8.52946e-05 -1.10563e-18  0.000306213 -2.69557e-18 -0.000352705  2.27875e-18  -0.00150262 -7.55916e-20   0.00503203 -1.24222e-17   0.00778293 -8.49194e-18   0.00212532
