  0.00253804  1.31685e-20   -0.0084351 -6.04447e-20   0.00721378  1.73831e-19 -0.000282852 -2.75425e-19  -0.00192951  1.65182e-19  0.000162313  3.20369e-20   0.00037874 -5.89185e-20 -7.85936e-06  4.29919e-22  -4.0768e-05  6.72295e-21 -1.93176e-06  2.08163e-23  7.81993e-07
 1.31685e-20    0.0133242  1.22064e-20    -0.023076 -5.05007e-20    0.0114388  3.23372e-19   0.00357057 -5.80605e-19  -0.00373857   3.0026e-19 -0.000633747  1.36903e-19  0.000721748 -1.21608e-19    0.0001123 -1.39823e-20 -6.36322e-05  1.16477e-20 -8.12147e-06  4.37507e-22
  -0.0084351  1.22064e-20     0.032608 -4.40033e-20   -0.0358907  9.42274e-20   0.00851302  4.22508e-19   0.00931072 -9.79744e-19  -0.00391054  4.24768e-19   -0.0019669  3.14385e-19  0.000782635 -1.76881e-19  0.000282444 -3.45087e-20 -5.39296e-05  1.14431e-20 -9.75865e-06
-6.04447e-20    -0.023076 -4.40033e-20    0.0502663 -1.90263e-19   -0.0385348  4.99676e-19  0.000227051  4.52174e-19    0.0134586 -1.55545e-18  -0.00235704  5.35358e-19  -0.00313411   5.2615e-19   0.00053842 -2.00219e-19  0.000404965 -5.08541e-20 -2.21903e-05  6.52952e-21
  0.00721378 -5.05007e-20   -0.0358907 -1.90263e-19    0.0565457  -5.1245e-19   -0.0321504  1.37666e-18  -0.00811453  4.74618e-19    0.0147797 -2.32439e-18 -9.82394e-05  6.04186e-19  -0.00377493  7.09176e-19  0.000139112 -1.75163e-19  0.000429073 -5.42401e-20  5.92539e-06
 1.73831e-19    0.0114388  9.42274e-20   -0.0385348  -5.1245e-19    0.0522189 -1.16694e-18   -0.0233588  2.81789e-18   -0.0136378  5.87507e-19    0.0141727 -3.13853e-18   0.00203347  5.77151e-19  -0.00390725  8.15465e-19 -0.000264282 -1.12223e-19  0.000352778 -3.92371e-20
-0.000282852  3.23372e-19   0.00851302  4.99676e-19   -0.0321504 -1.16694e-18    0.0443808 -2.24094e-18   -0.0165412  4.60712e-18   -0.0166022  8.18777e-19    0.0128136 -3.76662e-18   0.00375423   4.0897e-19  -0.00366945  8.28875e-19  -0.00057312 -4.66419e-20  0.000202386
-2.75425e-19   0.00357057  4.22508e-19  0.000227051  1.37666e-18   -0.0233588 -2.24094e-18     0.038037 -3.60011e-18   -0.0122848  6.30313e-18   -0.0182035   1.1446e-18    0.0113231 -4.06262e-18   0.00507593  1.27444e-19  -0.00317116  7.48977e-19  -0.00071851 -8.83175e-21
 -0.00192951 -5.80605e-19   0.00931072  4.52174e-19  -0.00811453  2.81789e-18   -0.0165412 -3.60011e-18    0.0341848 -4.92952e-18  -0.00969005  7.50603e-18   -0.0192835   1.5585e-18   0.00988494 -4.03014e-18   0.00607097 -1.50924e-19  -0.00246826  5.77157e-19 -0.000621841
 1.65182e-19  -0.00373857 -9.79744e-19    0.0134586  4.74618e-19   -0.0136378  4.60712e-18   -0.0122848 -4.92952e-18    0.0321317  -5.9472e-18   -0.0079763  8.05221e-18   -0.0202544  2.02706e-18   0.00849343  -3.7611e-18   0.00677745 -3.08485e-19  -0.00158254  3.25689e-19
 0.000162313   3.0026e-19  -0.00391054 -1.55545e-18    0.0147797  5.87507e-19   -0.0166022  6.30313e-18  -0.00969005  -5.9472e-18    0.0312138 -6.55836e-18  -0.00673064  8.02183e-18   -0.0213232  2.42525e-18   0.00706374  -3.3354e-18   0.00715408 -3.12136e-19 -0.000576547
 3.20369e-20 -0.000633747  4.24768e-19  -0.00235704 -2.32439e-18    0.0141727  8.18777e-19   -0.0182035  7.50603e-18   -0.0079763 -6.55836e-18    0.0311213 -6.81561e-18   -0.0057398  7.63389e-18   -0.0226306  2.62329e-18   0.00544228 -2.74795e-18    0.0069754 -1.84899e-19
  0.00037874  1.36903e-19   -0.0019669  5.35358e-19 -9.82394e-05 -3.13853e-18    0.0128136   1.1446e-18   -0.0192835  8.05221e-18  -0.00673064 -6.81561e-18    0.0317747 -6.81059e-18  -0.00486069  7.11716e-18   -0.0243105  2.60452e-18   0.00334309 -1.96951e-18   0.00545928
-5.89185e-20  0.000721748  3.14385e-19  -0.00313411  6.04186e-19   0.00203347 -3.76662e-18    0.0113231   1.5585e-18   -0.0202544  8.02183e-18   -0.0057398 -6.81059e-18    0.0332396 -6.64943e-18  -0.00394782  6.55163e-18   -0.0265193  2.24005e-18  0.000178834 -1.06547e-18
-7.85936e-06 -1.21608e-19  0.000782635   5.2615e-19  -0.00377493  5.77151e-19   0.00375423 -4.06262e-18   0.00988494  2.02706e-18   -0.0213232  7.63389e-18  -0.00486069 -6.64943e-18    0.0357323 -6.43775e-18  -0.00277792  5.70693e-18   -0.0294199  9.44055e-19  -0.00410786
 4.29919e-22    0.0001123 -1.76881e-19   0.00053842  7.09176e-19  -0.00390725   4.0897e-19   0.00507593 -4.03014e-18   0.00849343  2.42525e-18   -0.0226306  7.11716e-18  -0.00394782 -6.43775e-18    0.0397101 -6.01549e-18 -0.000868182  4.27026e-18    -0.031903 -7.90912e-19
 -4.0768e-05 -1.39823e-20  0.000282444 -2.00219e-19  0.000139112  8.15465e-19  -0.00366945  1.27444e-19   0.00607097  -3.7611e-18   0.00706374  2.62329e-18   -0.0243105  6.55163e-18  -0.00277792 -6.01549e-18     0.046128 -3.80786e-18   0.00398586   3.1115e-18   -0.0257495
 6.72295e-21 -6.36322e-05 -3.45087e-20  0.000404965 -1.75163e-19 -0.000264282  8.28875e-19  -0.00317116 -1.50924e-19   0.00677745  -3.3354e-18   0.00544228  2.60452e-18   -0.0265193  5.70693e-18 -0.000868182 -3.80786e-18    0.0580247  5.52364e-18    0.0208407  3.09458e-18
-1.93176e-06  1.16477e-20 -5.39296e-05 -5.08541e-20  0.000429073 -1.12223e-19  -0.00057312  7.48977e-19  -0.00246826 -3.08485e-19   0.00715408 -2.74795e-18   0.00334309  2.24005e-18   -0.0294199  4.27026e-18   0.00398586  5.52364e-18    0.0854408  2.18013e-17    0.0525746
 2.08163e-23 -8.12147e-06  1.14431e-20 -2.21903e-05 -5.42401e-20  0.000352778 -4.66419e-20  -0.00071851  5.77157e-19  -0.00158254 -3.12136e-19    0.0069754 -1.96951e-18  0.000178834  9.44055e-19    -0.031903   3.1115e-18    0.0208407  2.18013e-17     0.131089  1.47279e-17
 7.81993e-07  4.37507e-22 -9.75865e-06  6.52952e-21  5.92539e-06 -3.92371e-20  0.000202386 -8.83175e-21 -0.000621841  3.25689e-19 -0.000576547 -1.84899e-19   0.00545928 -1.06547e-18  -0.00410786 -7.90912e-19   -0.0257495  3.09458e-18    0.0525746  1.47279e-17      0.12029
