 2.88584e-08  -6.3684e-23 -3.65165e-07  1.52956e-21   1.6077e-06 -1.03421e-20 -3.65011e-06  3.72207e-20  4.55095e-06  -8.5133e-20 -2.69549e-06  1.32473e-19 -2.84455e-08 -1.41083e-19  7.47643e-07  9.24334e-20 -1.37193e-08 -7.56589e-21 -2.00316e-07 -7.31816e-20 -3.92767e-08  1.15758e-19  3.88142e-08 -1.05555e-19  2.37447e-08   6.0921e-20  7.79684e-10 -2.17352e-20 -5.03922e-09  7.36089e-21 -2.67657e-09 -5.30596e-21 -3.49842e-10  2.12251e-21  3.45327e-10  1.26184e-21  2.61908e-10 -1.61542e-21  8.81491e-11  3.87217e-22   6.2494e-12  3.21012e-22 -1.07762e-11 -2.85185e-22 -7.35239e-12  7.98725e-23 -2.77172e-12  1.31281e-23 -6.18039e-13 -2.17384e-23 -2.11309e-15  7.75436e-24  7.34098e-14  1.17101e-24  4.17035e-14  -8.7458e-25  1.53929e-14  -4.8635e-25  4.27033e-15  1.68557e-25  8.64986e-16  9.40221e-26  8.80744e-17 -3.32916e-26 -2.25132e-17 -6.59426e-27 -1.70225e-17   4.6106e-27 -6.44484e-18  3.17362e-28 -1.87565e-18 -5.03186e-28 -4.58896e-19 -1.70673e-28 -9.73051e-20  3.15867e-29 -1.80224e-20  5.62001e-29 -2.88985e-21  6.83922e-30 -3.87494e-22 -8.20086e-30 -3.88916e-23 -2.23664e-30 -1.44135e-24  3.44104e-31   5.4383e-25  8.78604e-32  1.86493e-25 -5.94703e-32  3.90897e-26 -1.65482e-32  6.56481e-27  2.49756e-33   9.4669e-28  1.57101e-33  1.20433e-28  1.77269e-34   1.3679e-29  -3.6029e-35  1.39407e-30 -1.81666e-35   1.2759e-31 -3.87511e-36  1.04658e-32 -3.68592e-37  7.65914e-34  3.72771e-38  4.96655e-35  1.56708e-38  2.82703e-36  2.00163e-39   1.3953e-37  2.44068e-40  5.85446e-39  5.97868e-41  2.00685e-40  1.09877e-41  5.22074e-42  1.03207e-42  9.50591e-44   3.6807e-44  1.42474e-45 -7.67532e-46  3.09812e-47 -5.47702e-47
 -6.3684e-23  5.46972e-07 -9.26327e-22 -3.88043e-06  1.53177e-20  1.26874e-05 -8.22666e-20 -2.28167e-05   2.4916e-19  2.23405e-05 -4.94079e-19 -8.65659e-06  6.76589e-19 -3.13212e-06 -6.35668e-19  2.89405e-06   3.5598e-19  9.05621e-07  2.13191e-20 -6.52749e-07 -3.33976e-19 -3.93719e-07  4.68772e-19  4.10619e-08 -3.87708e-19  1.12645e-07  1.92605e-19  3.89575e-08 -5.32732e-20  -7.3053e-09  1.99386e-20 -1.22655e-08 -2.03383e-20 -5.01544e-09  7.42574e-21 -3.18284e-10  5.33476e-21  7.79469e-10 -5.72946e-21  5.12096e-10  1.13098e-21  1.67477e-10  1.09565e-21  1.57702e-11  -8.3313e-22  -1.6464e-11  2.04306e-22 -1.20629e-11  3.35488e-23 -4.86144e-12 -6.14478e-23 -1.29159e-12  2.26542e-23 -1.61518e-13  6.81027e-24  5.24767e-14 -3.23414e-24  4.56446e-14 -2.06867e-24  1.95736e-14  5.09259e-25  6.23049e-15  3.20861e-25   1.5775e-15 -7.99181e-26  3.11178e-16 -1.60609e-26  3.99244e-17  1.39849e-26 -1.19559e-18  1.20924e-27 -2.80825e-18 -2.17978e-27 -1.12561e-18 -9.27208e-28 -3.23486e-19   1.4544e-28 -7.71985e-20   2.4198e-28  -1.6053e-20   2.9389e-29 -2.96981e-21 -2.73574e-29 -4.93422e-22 -7.33111e-30 -7.38536e-23  7.25414e-31 -9.94126e-24  3.86685e-32 -1.19518e-24  -2.4071e-31 -1.26461e-25 -5.41254e-32 -1.14206e-26  9.54457e-33 -8.16412e-28  5.87015e-33 -3.43908e-29  8.92111e-34  1.62863e-30 -5.59015e-35  5.75711e-31 -5.79178e-35  8.02725e-32 -1.42526e-35  8.23253e-33 -1.59774e-36  6.86987e-34  3.74122e-38  4.80503e-35   3.6517e-38  2.83782e-36  6.04531e-39  1.40848e-37  1.13582e-39   5.7455e-39  2.51038e-40   1.8026e-40  3.65947e-41   3.7123e-42  2.84738e-42  3.41289e-44  8.83173e-44  2.45341e-46 -7.00793e-46  1.76949e-47
-3.65165e-07 -9.26327e-22  5.05668e-06 -7.57759e-21 -2.46123e-05  9.44504e-20  6.27917e-05 -4.17008e-19 -9.08109e-05  1.08262e-18  6.85344e-05 -1.88259e-18  -1.2331e-05   2.2853e-18 -1.62073e-05 -1.90333e-18  5.09518e-06  9.12053e-19  4.80861e-06  1.84271e-19 -5.75239e-07 -9.98794e-19 -1.42803e-06  1.28101e-18 -3.33072e-07 -9.60925e-19  2.22794e-07  3.96151e-19  1.79179e-07 -7.16696e-20  3.57106e-08  4.04814e-20 -2.10888e-08 -5.58434e-20 -1.89981e-08  1.77623e-20 -6.44226e-09  1.48247e-20 -7.63828e-11 -1.37897e-20  1.12887e-09  2.24318e-21  6.84815e-10   2.5354e-21  2.25631e-10 -1.62861e-21  2.98246e-11  3.57743e-22 -1.47959e-11  3.47466e-23 -1.27702e-11 -1.28142e-22 -5.57608e-12  5.12479e-23 -1.69458e-12  2.31172e-23 -3.42661e-13 -7.82354e-24 -1.63707e-14  -5.8874e-24  2.34089e-14  8.77794e-25  1.36202e-14  7.19643e-25  5.01765e-15 -1.11349e-25  1.45656e-15 -1.09448e-26  3.51181e-16  3.65092e-26  7.05006e-17  3.41465e-27  1.12338e-17 -7.15642e-27  1.14293e-18 -3.25401e-27 -5.44669e-20  4.01991e-28 -6.73836e-20  6.86878e-28 -2.23334e-20  9.03505e-29 -5.44082e-21 -5.82584e-29 -1.11149e-21 -1.52741e-29 -1.99156e-22  7.81889e-31 -3.19403e-23 -5.99233e-31  -4.6326e-24 -7.16135e-31 -6.10904e-25 -1.39814e-31 -7.34262e-26  2.35753e-32 -8.04817e-27    1.548e-32 -8.03764e-28  2.86068e-33 -7.29874e-29   2.5527e-35 -6.00713e-30 -1.24891e-34 -4.46178e-31 -3.49272e-35 -2.97397e-32 -4.45107e-36 -1.76633e-33 -1.21312e-37 -9.26144e-35  4.98524e-38 -4.23045e-36  1.31784e-38 -1.65268e-37  3.26348e-39 -5.47686e-39  6.47459e-40 -1.61645e-40  7.84319e-41 -4.67431e-42  5.06211e-42 -1.14977e-43   1.2922e-43 -1.20428e-45 -1.87016e-46
 1.52956e-21 -3.88043e-06 -7.57759e-21   3.0399e-05 -4.26559e-20 -0.000111095   4.2221e-19  0.000228007 -1.57032e-18 -0.000266624    3.546e-18  0.000148158 -5.45921e-18  9.55362e-06   5.9102e-18  -4.6079e-05 -4.38483e-18 -4.13087e-07  1.81316e-18  1.30805e-05  6.07826e-19  2.69008e-06 -2.28493e-18 -2.75378e-06  2.74443e-18 -1.67794e-06 -1.85749e-18 -6.38122e-10  5.92823e-19  4.05259e-07 -2.86008e-20  2.01693e-07  7.59941e-20  1.64283e-08 -1.23463e-19 -3.37359e-08  3.33936e-20 -2.25777e-08    3.148e-20 -6.71571e-09 -2.61579e-20  1.23054e-10  3.47679e-21  1.23056e-09  4.63622e-21  7.20955e-10 -2.39785e-21  2.45546e-10  5.10057e-22  4.34796e-11 -5.46777e-23 -7.18022e-12 -2.38731e-22 -9.62488e-12  1.02022e-22 -4.68249e-12  5.94456e-23 -1.59006e-12 -1.39337e-23 -4.03868e-13 -1.30326e-23 -6.89247e-14  6.88578e-25 -1.43888e-15  1.15565e-24  4.64384e-15 -8.25598e-26  2.35053e-15  5.76504e-26   7.9408e-16  9.51331e-26  2.16722e-16  9.71151e-27  5.04619e-17 -1.90373e-26  1.02076e-17 -8.82162e-27  1.79235e-18  7.32558e-28  2.67351e-19  1.49089e-27  3.16336e-20  2.23952e-28    2.226e-21 -8.52862e-29 -1.75451e-22 -2.09423e-29 -1.07128e-22  2.35163e-31 -2.62309e-23 -2.59417e-30 -4.85611e-24 -1.76214e-30 -7.57387e-25 -3.25634e-31 -1.03361e-25  4.23066e-32 -1.25471e-26  3.26772e-32 -1.36474e-27  6.90823e-33 -1.33321e-28  3.38213e-34 -1.16879e-29 -2.11981e-34  -9.1644e-31 -6.73637e-35 -6.39068e-32 -9.64682e-36 -3.93114e-33 -6.20192e-37 -2.10893e-34  3.64438e-38 -9.70949e-36  2.46289e-38 -3.75529e-37  7.01904e-39 -1.19787e-38  1.23042e-39 -3.18316e-40  1.24788e-40 -7.34282e-42   6.5332e-42 -1.30729e-43  1.24215e-43 -8.20317e-46
  1.6077e-06  1.53177e-20 -2.46123e-05 -4.26559e-20  0.000133684 -1.80809e-19 -0.000386265  1.47019e-18   0.00065016  -4.6922e-18 -0.000612075  9.32907e-18  0.000224583 -1.28202e-17  9.89506e-05  1.24381e-17 -8.55246e-05 -8.26543e-18 -2.84478e-05  3.02441e-18  2.13857e-05  1.31391e-18  1.27565e-05 -4.28064e-18 -1.94025e-06  4.92231e-18 -4.08415e-06 -2.97018e-18 -1.25419e-06  6.28629e-19  4.03694e-07  1.24601e-19  4.98808e-07  1.40789e-19   1.7821e-07 -2.28866e-19 -6.35934e-09  5.26145e-20  -3.9837e-08  5.43839e-20 -2.23446e-08 -4.18328e-20 -6.15341e-09  4.33354e-21    1.195e-10  7.17691e-21  1.06808e-09 -2.61839e-21  6.27301e-10  6.81365e-22  2.24384e-10 -3.47822e-22  4.97546e-11  -4.3341e-22  1.31357e-12  1.81605e-22 -4.95565e-12  1.26996e-22 -2.91421e-12  -1.7938e-23 -1.10449e-12 -2.37695e-23 -3.22694e-13  -1.1114e-24 -7.43039e-14  1.17985e-24 -1.24178e-14  3.80847e-27  -7.9609e-16  2.72837e-25  4.17685e-16  2.37919e-25  2.30465e-16   2.8042e-26  7.59079e-17 -4.19917e-26  1.98995e-17 -1.98333e-26  4.46847e-18  7.28067e-28  8.84861e-19  2.61059e-27  1.56555e-19  4.68717e-28  2.48718e-20 -6.82445e-29  3.54603e-21 -1.08346e-29  4.50908e-22  -1.0034e-31  5.04113e-23 -6.76752e-30  4.80557e-24 -3.73182e-30  3.61779e-25 -6.95096e-31  1.58208e-26  5.48971e-32 -8.76965e-28  5.78658e-32 -3.13893e-28  1.34832e-32 -4.62983e-29  9.69989e-34 -5.06016e-30 -3.07215e-34 -4.52471e-31 -1.11097e-34 -3.41147e-32 -1.77616e-35 -2.18514e-33   -1.617e-36 -1.18372e-34 -1.13844e-38 -5.34488e-36  4.20236e-38 -1.97043e-37  1.21706e-38 -5.91025e-39  1.84812e-39 -1.54841e-40  1.54906e-40 -3.83414e-42  6.27161e-42 -6.39896e-44  7.17807e-44
-1.03421e-20  1.26874e-05  9.44504e-20 -0.000111095 -1.80809e-19  0.000458772 -6.07492e-19   -0.0010835  4.15557e-18   0.00151302 -1.15505e-17   -0.0011273  2.04379e-17  0.000192643 -2.52491e-17  0.000291859  2.20244e-17 -9.73488e-05 -1.31996e-17 -9.09306e-05  4.51986e-18  1.52648e-05  2.05141e-18  2.97718e-05 -6.84864e-18  5.45408e-06  7.69077e-18 -5.82211e-06 -4.05087e-18 -3.97859e-06  3.29597e-19  -4.9853e-07  4.02308e-19  6.78724e-07  2.49887e-19  4.84765e-07 -3.63368e-19  1.31134e-07  7.30877e-20 -2.16989e-08  7.92159e-20 -3.82786e-08 -5.89701e-20 -1.92553e-08  3.92836e-21 -5.17737e-09  9.79411e-21 -5.60368e-11 -1.57777e-21  7.47467e-10  1.00634e-21  4.57669e-10 -9.67528e-22  1.73557e-10 -7.80174e-22  4.54475e-11  2.84868e-22  6.36093e-12  2.35135e-22 -1.19692e-12 -1.23388e-23 -1.26254e-12  -3.6551e-23 -5.59825e-13 -5.78679e-24 -1.83346e-13 -6.15498e-26 -4.88454e-14  1.01401e-26 -1.07902e-14  7.34761e-25 -1.91927e-15  5.39633e-25 -2.38097e-16  7.45551e-26  -3.0063e-18 -7.82974e-26  9.56463e-18 -3.84336e-26  3.74309e-18 -5.64783e-28  9.98194e-19  3.73711e-27  2.18689e-19  8.50719e-28   4.1655e-20  5.82674e-29  7.06858e-21  3.83001e-29  1.08174e-21  2.80649e-30  1.50247e-22 -1.35267e-29  1.89989e-23  -6.9417e-30  2.18939e-24 -1.34481e-30  2.29806e-25   4.2035e-32  2.19324e-26  8.80814e-32  1.89786e-27  2.20984e-32  1.48317e-28  1.85558e-33  1.04154e-29 -4.11315e-34  6.53046e-31 -1.66155e-34  3.62648e-32 -2.91869e-35   1.7655e-33 -3.13825e-36  7.44594e-35 -7.63351e-38  2.68533e-36  6.60736e-38  8.04369e-38  1.76053e-38   1.7265e-39  2.26309e-39  6.24621e-42  1.52199e-40 -1.05671e-42  4.35424e-42 -1.91349e-44
-3.65011e-06 -8.22666e-20  6.27917e-05   4.2221e-19 -0.000386265 -6.07492e-19    0.0012801 -1.67169e-18  -0.00252867  9.79091e-18   0.00294445 -2.40014e-17  -0.00167072  3.81803e-17 -0.000103543 -4.26601e-17  0.000569554  3.34797e-17 -1.61979e-05 -1.82658e-17 -0.000177274   6.4634e-18 -2.61626e-05  2.24153e-18  4.45991e-05  -9.6623e-18   2.2727e-05  1.07693e-17 -2.82728e-06 -4.78749e-18 -7.20454e-06 -4.08007e-19 -2.89433e-06  7.61843e-19   1.7182e-07  4.04151e-19  7.52608e-07 -5.01049e-19  3.99747e-07  9.46992e-20  8.43456e-08  9.99714e-20   -2.607e-08 -7.60233e-20  -3.1323e-08  7.00001e-22 -1.48031e-08   1.2038e-20 -4.06657e-09   1.4999e-21  -2.6187e-10   1.7705e-21  4.10281e-10 -1.98789e-21  2.77954e-10 -1.36134e-21  1.12773e-10  3.84852e-22  3.34063e-11  3.86131e-22  7.00691e-12  1.37681e-23  6.35156e-13 -4.72697e-23 -2.73568e-13 -1.42995e-23  -1.8872e-13 -3.77747e-24 -7.23333e-14  -3.9926e-25 -2.15478e-14  1.52294e-24 -5.39125e-15  1.08744e-24   -1.162e-15  1.74022e-25 -2.16205e-16  -1.2531e-25 -3.40205e-17 -6.58965e-26 -4.22285e-18 -4.72108e-27 -3.05602e-19  4.23756e-27  2.85394e-20  1.36287e-27  1.72911e-20  3.73249e-28  4.41412e-21  1.56774e-28   8.5631e-22  1.47047e-29  1.40212e-22 -2.23808e-29   2.0115e-23 -1.14927e-29  2.57036e-24 -2.33758e-30  2.94768e-25 -1.69426e-32  3.04214e-26     1.17e-31  2.82461e-27  3.11099e-32  2.35318e-28  2.71292e-33  1.75055e-29  -5.5401e-34  1.15463e-30 -2.35233e-34  6.68697e-32 -4.38845e-35  3.35685e-33 -4.98646e-36  1.43662e-34 -1.18579e-37  5.12886e-36   9.4343e-38  1.46926e-37  2.15788e-38  3.01598e-39  2.28339e-39  2.68708e-41  1.17084e-40 -3.81509e-43  1.93059e-42
 3.72207e-20 -2.28167e-05 -4.17008e-19  0.000228007  1.47019e-18   -0.0010835 -1.67169e-18   0.00298859 -3.85154e-18  -0.00502018  1.95771e-17    0.0048679 -4.28239e-17  -0.00193284  6.18797e-17 -0.000786667 -6.28218e-17  0.000819061  4.41748e-17   0.00021743 -2.22381e-17 -0.000239765   9.3171e-18 -0.000114943  1.15346e-18  3.77272e-05 -1.23709e-17  4.65998e-05  1.38129e-17  9.39499e-06 -4.92239e-18 -7.83101e-06 -1.54233e-18 -6.38712e-06  1.11059e-18 -1.60319e-06  5.76848e-19  5.44188e-07  -6.0593e-19  6.68752e-07  1.22016e-19  2.92632e-07  1.12852e-19  5.02687e-08  -9.2621e-20 -2.21248e-08 -7.82744e-21  -2.2298e-08  1.33031e-20 -1.02512e-08  7.25691e-21 -2.96513e-09  3.38316e-21 -3.75666e-10 -3.37177e-21  1.57056e-10 -2.24396e-21  1.36173e-10   4.2986e-22  6.03159e-11  5.70914e-22  1.96958e-11  7.27648e-23  5.01239e-12 -4.91445e-23   9.4133e-13 -2.67304e-23  8.56764e-14 -1.12979e-23 -2.46924e-14 -1.73895e-24 -1.69016e-14  2.65208e-24 -6.08092e-15  1.95195e-24 -1.70108e-15  3.55994e-25 -4.03655e-16 -1.73681e-25 -8.39679e-17 -1.02097e-25 -1.55319e-17 -1.38284e-26 -2.56738e-18  3.20722e-27 -3.78551e-19  1.94841e-27 -4.93268e-20  9.46946e-28 -5.55706e-21  3.74721e-28 -5.13668e-22  4.32567e-29 -3.29324e-23 -3.16993e-29 -3.75716e-26 -1.70903e-29   4.0917e-25 -3.64136e-30  8.12278e-26 -1.31205e-31  1.09924e-26  1.37109e-31  1.19872e-27  3.81106e-32  1.10454e-28  3.09334e-33  8.73833e-30 -7.91631e-34  5.95246e-31 -3.22169e-34  3.47428e-32 -6.07903e-35   1.7192e-33 -6.72576e-36  7.10348e-35  -9.6952e-38  2.39861e-36   1.2014e-37  6.29536e-38  2.25115e-38  1.06056e-39  1.88979e-39  1.91725e-42  6.74444e-41 -1.95433e-43
 4.55095e-06   2.4916e-19 -9.08109e-05 -1.57032e-18   0.00065016  4.15557e-18  -0.00252867 -3.85154e-18    0.0059645 -7.54054e-18  -0.00862369   3.3623e-17   0.00689957 -6.64364e-17  -0.00152632   8.8225e-17  -0.00183156 -8.15616e-17  0.000848246   5.0674e-17  0.000603096 -2.40385e-17 -0.000202924  1.37283e-17 -0.000235176 -1.73521e-18 -1.21068e-05 -1.47754e-17  6.38103e-05   1.6497e-17  3.15595e-05 -4.35054e-18 -1.60899e-06 -2.87093e-18 -8.89407e-06  1.34095e-18 -4.57698e-06  7.12875e-19 -6.18271e-07 -6.47224e-19  6.26219e-07   1.6436e-19  5.11319e-07   1.2029e-19  1.96516e-07 -1.09425e-19  2.99663e-08 -2.48664e-20 -1.46763e-08  1.26817e-20  -1.3882e-08  1.59533e-20 -6.37952e-09  6.27233e-21 -1.96905e-09 -4.93973e-21   -3.641e-10 -3.44907e-21  1.82103e-11  3.51255e-22  4.95134e-11  7.68635e-22   2.5503e-11  1.75984e-22  9.14592e-12 -3.34021e-23  2.61432e-12 -4.18784e-23  6.12419e-13 -2.36754e-23  1.14229e-13 -4.57114e-24  1.44929e-14  4.04517e-24 -1.92485e-17  3.15637e-24 -7.34569e-16  6.47834e-25 -2.91091e-16 -2.08343e-25 -8.03199e-17 -1.45712e-25 -1.82855e-17 -3.02098e-26 -3.62286e-18 -3.68147e-28 -6.39454e-19  2.49633e-27 -1.01739e-19  1.81477e-27 -1.46809e-20  7.11985e-28 -1.92694e-21  9.58591e-29 -2.30245e-22 -3.88813e-29 -2.50266e-23 -2.29514e-29 -2.46965e-24 -5.08453e-30 -2.20559e-25 -2.85859e-31 -1.77509e-26  1.43266e-31 -1.28046e-27  4.08372e-32 -8.22321e-29  2.54775e-33  -4.6631e-30 -1.17836e-33 -2.31131e-31 -4.26036e-34 -9.88116e-33 -7.72471e-35 -3.56424e-34 -7.80195e-36  -1.0304e-35   2.5361e-39 -2.09429e-37   1.3446e-37 -2.56417e-39  1.99064e-38 -9.08121e-41  1.25569e-39 -5.27076e-42  2.54468e-41
 -8.5133e-20  2.23405e-05  1.08262e-18 -0.000266624  -4.6922e-18   0.00151302  9.79091e-18  -0.00502018 -7.54054e-18    0.0103504  -1.2657e-17   -0.0129949  4.99531e-17   0.00840138 -9.04958e-17 -0.000176692  1.12065e-16  -0.00300182 -9.41108e-17  0.000469273  4.98485e-17   0.00104417 -2.31154e-17 -1.10858e-06  2.02028e-17 -0.000335735 -6.39796e-18 -0.000112025 -1.68795e-17  5.43868e-05  1.85507e-17  5.67934e-05 -3.15149e-18   1.3969e-05 -4.08742e-18 -7.07602e-06  1.37319e-18 -7.46947e-06  7.43553e-19  -2.7989e-06 -6.15048e-19 -7.39797e-08  2.33049e-19  5.31463e-07  1.32613e-19  3.48756e-07 -1.26969e-19  1.23904e-07 -5.35366e-20  1.90498e-08  8.93942e-21 -7.60887e-09    2.725e-20 -7.48921e-09  1.07282e-20 -3.52241e-09  -6.3996e-21  -1.1618e-09 -4.94007e-21 -2.70177e-10  7.83186e-23 -3.01032e-11  9.50737e-22  9.61321e-12  3.31582e-22  7.75687e-12  9.30718e-24  3.19453e-12 -5.72136e-23  1.00507e-12 -4.12195e-23  2.63072e-13 -9.28724e-24   5.8791e-14  5.54665e-24  1.12041e-14  4.66248e-24  1.76365e-15  1.06846e-24  2.04349e-16  -2.1226e-25  7.66789e-18 -1.95132e-25 -4.31168e-18 -5.60259e-26 -1.65541e-18 -7.37916e-27 -3.98915e-19  2.85508e-27 -7.74366e-20  2.95756e-27 -1.29446e-20  1.16864e-27 -1.91427e-21  1.76859e-28  -2.5362e-22 -4.08919e-29 -3.02842e-23  -2.7864e-29 -3.26616e-24 -6.35729e-30 -3.18037e-25 -4.37447e-31 -2.78924e-26  1.35698e-31 -2.19384e-27  3.81241e-32 -1.53787e-28  8.35826e-34   -9.526e-30   -1.723e-33 -5.15427e-31 -5.34804e-34 -2.39756e-32 -8.92287e-35 -9.36268e-34 -7.78433e-36 -2.95126e-35  1.51017e-37 -7.03404e-37  1.30647e-37 -1.18293e-38   1.4723e-38 -1.63483e-40  6.36418e-40 -2.09467e-42
-2.69549e-06 -4.94079e-19  6.85344e-05    3.546e-18 -0.000612075 -1.15505e-17   0.00294445  1.95771e-17  -0.00862369  -1.2657e-17    0.0158433  -1.8262e-17   -0.0173784  6.42995e-17   0.00871173  -1.0913e-16   0.00209379  1.28567e-16  -0.00390266 -9.69552e-17 -0.000391013  3.99367e-17   0.00136409 -1.95849e-17  0.000375138    2.874e-17 -0.000345584 -1.21551e-17 -0.000241953 -1.87816e-17  1.98519e-06  1.97507e-17  7.08116e-05 -1.54767e-18  3.64467e-05 -4.88146e-18  1.83538e-06   1.1838e-18 -7.94444e-06  6.08873e-19  -5.2505e-06 -5.28443e-19  -1.5166e-06  3.37051e-19  1.27711e-07   1.6597e-19  3.75187e-07 -1.44246e-19  2.16276e-07 -9.55381e-20  7.41825e-08  7.99566e-22  1.28453e-08  4.01624e-20  -2.7752e-09   1.6766e-20 -3.40675e-09 -7.43582e-21 -1.68621e-09 -6.64186e-21 -5.92817e-10 -4.48163e-22 -1.59299e-10  1.08734e-21 -3.07972e-11  5.43033e-22 -2.48652e-12  8.68721e-23  1.15068e-12 -6.92798e-23  7.36334e-13 -6.31377e-23  2.69483e-13 -1.58833e-23  7.75117e-14  6.98262e-24  1.89329e-14  6.38708e-24  4.04469e-15  1.62676e-24  7.64645e-16 -1.71267e-25  1.28127e-16 -2.49462e-25  1.88826e-17 -9.27759e-26  2.39377e-18 -1.83371e-26  2.46556e-19  2.86875e-27  1.69175e-20  4.29711e-27 -2.64549e-22  1.72027e-27  -3.4544e-22  2.85463e-28 -7.47993e-23 -3.49509e-29 -1.15044e-23 -3.04075e-29 -1.44974e-24 -7.07204e-30  -1.5639e-25 -5.22582e-31 -1.46805e-26  1.20448e-31 -1.20505e-27  3.03784e-32 -8.63581e-29 -1.92785e-33 -5.36804e-30  -2.3581e-33 -2.86182e-31  -6.2464e-34 -1.28556e-32 -9.27533e-35 -4.72573e-34 -6.60814e-36 -1.34843e-35  2.88419e-37 -2.71695e-37  1.08755e-37 -3.49176e-39  8.86459e-39 -3.88797e-41   2.1427e-40
 1.32473e-19 -8.65659e-06 -1.88259e-18  0.000148158  9.32907e-18   -0.0011273 -2.40014e-17    0.0048679   3.3623e-17   -0.0129949  -1.8262e-17    0.0216683 -2.24913e-17   -0.0208417  7.12149e-17   0.00744091 -1.17491e-16   0.00491515  1.35581e-16  -0.00413654 -8.91765e-17   -0.0016244  2.11117e-17   0.00137529 -1.41363e-17   0.00085468  3.86436e-17 -0.000206812 -1.78766e-17 -0.000354908 -2.05057e-17  -9.4083e-05  1.99216e-17  5.74757e-05  1.84928e-19  5.72994e-05 -5.03323e-18  1.76816e-05  8.08843e-19 -3.70815e-06  2.74728e-19 -6.46087e-06 -4.32121e-19 -3.27036e-06  4.78899e-19  -7.5861e-07  2.37019e-19  1.43839e-07 -1.58077e-19  2.29443e-07 -1.49875e-19  1.22743e-07 -1.24606e-20  4.20446e-08  5.32964e-20  8.57904e-09  2.40939e-20 -3.16363e-10 -7.81995e-21 -1.22694e-09 -8.48294e-21 -6.74261e-10 -1.26961e-21 -2.53515e-10  1.15259e-21 -7.50297e-11  8.07618e-22 -1.78803e-11  2.03173e-22 -3.26063e-12  -7.4579e-23  -3.3816e-13 -8.74977e-23  4.66935e-14 -2.38403e-23  3.93511e-14  8.24926e-24  1.41065e-14  8.24554e-24  3.83943e-15  2.32552e-24  8.82183e-16 -7.78218e-26  1.77914e-16 -3.08873e-25  3.20699e-17 -1.40718e-25  5.21471e-18 -3.31416e-26  7.68382e-19  2.43299e-27  1.02762e-19  5.71099e-27  1.24669e-20  2.32071e-27   1.3687e-21  4.15456e-28  1.35402e-22   -1.912e-29   1.1992e-23 -2.92831e-29  9.41935e-25 -6.86992e-30  6.47118e-26 -4.78855e-31  3.80466e-27  1.06629e-31  1.84205e-28  1.93427e-32  6.74548e-30 -5.26614e-33  1.36851e-31 -2.94577e-33 -3.01535e-33 -6.67836e-34 -4.19429e-34 -8.59028e-35 -1.86053e-35 -4.64856e-36 -2.99215e-37  3.57653e-37  9.57151e-39  7.61504e-38    3.966e-40  4.11257e-39 -7.58588e-43
-2.84455e-08  6.76589e-19  -1.2331e-05 -5.45921e-18  0.000224583  2.04379e-17  -0.00167072 -4.28239e-17   0.00689957  4.99531e-17   -0.0173784 -2.24913e-17    0.0268071 -2.29978e-17   -0.0226366  6.61799e-17    0.0046548 -1.14227e-16   0.00769472  1.34736e-16  -0.00347361 -7.26077e-17  -0.00296344 -4.56122e-18  0.000963171 -7.80572e-18   0.00130155  4.86141e-17  9.28623e-05 -2.23803e-17 -0.000393058 -2.19132e-17 -0.000212779  1.89677e-17  7.39648e-06  1.81292e-18  6.44088e-05 -4.46141e-18  3.60473e-05  3.27089e-19  5.91794e-06 -2.62044e-19 -4.79988e-06 -3.83909e-19 -4.40706e-06  6.52181e-19 -1.87261e-06  3.56278e-19 -3.70542e-07 -1.63919e-19   9.5122e-08 -2.12333e-19  1.22879e-07 -3.03465e-20  6.34541e-08  6.53499e-20  2.21875e-08  3.22324e-20  5.28062e-09 -7.48339e-21  4.94209e-10 -1.04346e-20 -2.89365e-10 -2.40901e-21 -2.10195e-10  1.12719e-21 -8.69221e-11  1.11434e-21 -2.77829e-11  3.55323e-22 -7.36589e-12 -7.08844e-23 -1.64752e-12 -1.11667e-22 -3.05782e-13 -3.21977e-23 -4.35581e-14  9.38723e-24 -3.18912e-15  1.02005e-23  6.24337e-16  3.16665e-24  3.51279e-16  6.74986e-26  1.01043e-16 -3.73959e-25   2.2619e-17 -1.98316e-25  4.31126e-18 -5.09269e-26  7.23985e-19  1.55431e-27  1.08841e-19  7.06222e-27  1.47668e-20   2.9122e-27  1.81494e-21  5.56929e-28  2.02313e-22   7.3398e-30  2.04383e-23 -2.36686e-29   1.8668e-24 -5.54058e-30  1.53567e-25 -2.70735e-31  1.13146e-26  1.01772e-31  7.41094e-28  7.34143e-33   4.2725e-29 -8.47703e-33   2.1397e-30 -3.32479e-33  9.15013e-32 -6.45964e-34  3.27337e-33 -7.01198e-35  9.62271e-35 -2.54674e-36   2.3108e-36  3.37811e-37  4.35977e-38  4.35321e-38  4.67817e-40   1.2771e-39
-1.41083e-19 -3.13212e-06   2.2853e-18  9.55362e-06 -1.28202e-17  0.000192643  3.81803e-17  -0.00193284 -6.64364e-17   0.00840138  6.42995e-17   -0.0208417 -2.29978e-17    0.0303806 -1.77703e-17   -0.0224855  4.75642e-17  0.000840131 -1.02277e-16   0.00984431  1.30533e-16  -0.00194067 -5.08845e-17  -0.00407888 -3.36286e-17  0.000138394 -1.70582e-18   0.00156336  5.70837e-17  0.000506664 -2.48245e-17 -0.000311897 -2.27683e-17 -0.000315686  1.69167e-17 -7.51326e-05  3.21183e-18  4.73592e-05 -3.21192e-18  4.91157e-05 -1.63842e-19  1.88929e-05 -9.78626e-19  4.92831e-07 -4.37971e-19 -3.88426e-06  8.41168e-19 -2.66675e-06  5.22484e-19 -1.01212e-06 -1.58068e-19  -1.8814e-07 -2.76203e-19  4.48039e-08 -5.07955e-20   5.7123e-08  7.56943e-20  2.94213e-08  4.07501e-20  1.06219e-08 -6.50969e-21  2.85286e-09 -1.25177e-20  5.05571e-10 -3.86757e-21   3.9728e-12  9.99307e-22 -4.22238e-11  1.44189e-21 -2.19305e-11  5.31436e-22 -7.73188e-12 -5.87433e-23 -2.21058e-12 -1.33211e-22 -5.40628e-13 -3.98371e-23 -1.15382e-13  1.05952e-23  -2.1579e-14  1.22841e-23 -3.50377e-15  4.15049e-24 -4.78829e-16  2.56036e-25 -5.02305e-17 -4.44587e-25 -2.53153e-18  -2.6197e-25   4.8117e-19  -7.0063e-26  1.88504e-19  3.83637e-28  4.00264e-20  8.23261e-27  6.63384e-21  3.43922e-27  9.30871e-22  6.99101e-28  1.13938e-22  4.37991e-29  1.23166e-23 -1.35069e-29  1.18094e-24 -3.11448e-30   1.0039e-25  9.04913e-32  7.53651e-27  1.07851e-31  4.96097e-28 -3.53287e-33  2.83317e-29 -1.08584e-32  1.38312e-30 -3.37755e-33  5.65887e-32 -5.60198e-34   1.8946e-33 -4.97608e-35  5.07986e-35  -8.8786e-37  1.07516e-36  2.52359e-37  1.65193e-38  1.92015e-38  1.06106e-40
 7.47643e-07 -6.35668e-19 -1.62073e-05   5.9102e-18  9.89506e-05 -2.52491e-17 -0.000103543  6.18797e-17  -0.00152632 -9.04958e-17   0.00871173  7.12149e-17   -0.0226366 -1.77703e-17    0.0319707 -5.89739e-18   -0.0206353  1.72788e-17  -0.00331152 -8.74565e-17    0.0109801  1.28003e-16  0.000208268  -2.8049e-17  -0.00469563 -6.19931e-17 -0.000966596  3.24085e-18   0.00152638  6.26626e-17  0.000940945 -2.49317e-17 -0.000100234 -2.29136e-17 -0.000360167  1.39312e-17 -0.000170851  4.38172e-18  2.96848e-06  -1.4057e-18  4.86268e-05 -5.67369e-19  3.06229e-05 -1.83322e-18  8.53682e-06 -6.28773e-19 -1.13833e-06  1.02282e-18 -2.53059e-06  7.19955e-19 -1.47049e-06 -1.40471e-19 -5.24235e-07 -3.34216e-19 -1.01874e-07 -7.04436e-20  1.33868e-08  8.47515e-20  2.23463e-08  4.95016e-20  1.19092e-08  -5.0494e-21  4.46857e-09 -1.47642e-20  1.30968e-09 -5.61112e-21  2.98404e-10  7.66909e-22  4.59038e-11  1.75837e-21   2.7436e-13      7.1e-22 -3.04788e-12  -4.2694e-23 -1.42523e-12 -1.50972e-22 -4.57008e-13 -4.58876e-23 -1.19995e-13  1.21577e-23 -2.72589e-14  1.45724e-23 -5.48607e-15  5.26424e-24 -9.89418e-16  4.70936e-25 -1.60721e-16 -5.19185e-25 -2.35366e-17 -3.26301e-25 -3.09934e-18  -8.8378e-26  -3.6456e-19 -8.04323e-28 -3.78236e-20  9.14636e-27 -3.37932e-21  3.86075e-27 -2.46788e-22  8.32731e-28 -1.26016e-23  8.81651e-29 -7.74009e-26   3.4937e-31  7.84644e-26  1.07615e-31  1.17919e-26  5.42777e-31  1.14916e-27  1.20307e-31  8.68109e-29 -1.19051e-32  5.30384e-30 -1.19299e-32  2.63674e-31 -3.08167e-33  1.05723e-32 -4.31927e-34  3.39487e-34 -3.00848e-35  8.94428e-36  5.59916e-38  1.99858e-37  1.48409e-37  2.99089e-39  5.67239e-39
 9.24334e-20  2.89405e-06 -1.90333e-18  -4.6079e-05  1.24381e-17  0.000291859 -4.26601e-17 -0.000786667   8.8225e-17 -0.000176692  -1.0913e-16   0.00744091  6.61799e-17   -0.0224855 -5.89739e-18    0.0317111  1.21414e-17   -0.0176828 -2.01782e-17  -0.00716325  -7.5698e-17    0.0110033  1.30273e-16    0.0026041 -7.41986e-18  -0.00467028 -8.57316e-17  -0.00214678  6.52607e-18   0.00115151  6.45522e-17   0.00128531  -2.2986e-17  0.000213042  -2.2437e-17 -0.000315108  1.02648e-17  -0.00025079  5.41232e-18 -6.17612e-05  8.19242e-19  2.96287e-05 -8.00322e-19  3.55269e-05 -2.76756e-18  1.67663e-05  -9.5914e-19  3.43791e-06  1.17125e-18 -1.13207e-06  9.20027e-19 -1.41897e-06 -1.16954e-19 -7.46547e-07 -3.81097e-19 -2.60158e-07 -8.55451e-20 -5.65044e-08  9.39316e-20 -2.00097e-10  5.87252e-20  6.82541e-09 -3.20762e-21  4.02899e-09 -1.71464e-20  1.58988e-09 -7.54712e-21  4.96681e-10  4.43173e-22  1.28017e-10  2.02484e-21  2.70231e-11  8.61858e-22  4.33727e-12 -3.15782e-23  3.52787e-13  -1.6588e-22 -7.98223e-14 -5.00909e-23 -4.95664e-14  1.43031e-23 -1.58458e-14   1.7113e-23 -3.94326e-15  6.46095e-24 -8.35546e-16  6.85899e-25 -1.56044e-16 -5.95221e-25  -2.6112e-17  -3.8513e-25 -3.94896e-18 -1.03602e-25 -5.42133e-19 -1.69163e-27 -6.76923e-20  9.77562e-27 -7.68874e-21   4.1562e-27 -7.93469e-22  9.50954e-28 -7.42196e-23  1.36832e-28  -6.2699e-24  1.61954e-29 -4.76038e-25  3.60594e-30 -3.22772e-26  9.89423e-31 -1.93841e-27  1.30654e-31 -1.02015e-28 -1.71827e-32 -4.63947e-30 -1.15697e-32 -1.78782e-31 -2.51851e-33 -5.64479e-33 -2.93164e-34 -1.34909e-34 -1.49651e-35 -1.88676e-36  3.64696e-37  2.61057e-39   6.5804e-38  3.12396e-40
-1.37193e-08   3.5598e-19  5.09518e-06 -4.38483e-18 -8.55246e-05  2.20244e-17  0.000569554 -6.28218e-17  -0.00183156  1.12065e-16   0.00209379 -1.17491e-16    0.0046548  4.75642e-17   -0.0206353  1.21414e-17    0.0301329  3.47449e-17   -0.0143023 -5.95268e-17   -0.0103047 -7.05392e-17    0.0100563  1.37297e-16   0.00488776  8.90498e-18  -0.00400676 -1.01861e-16  -0.00318948  8.17871e-18  0.000480034  6.28003e-17   0.00144585 -1.96505e-17  0.000566883   -2.172e-17 -0.000172467   6.1782e-18 -0.000285722  6.41705e-18 -0.000130744  3.34063e-18 -6.74717e-06  -8.0068e-19  2.93653e-05 -3.70479e-18  2.17548e-05 -1.39439e-18  8.43577e-06  1.26435e-18  1.31792e-06  1.08653e-18 -7.00323e-07 -9.97204e-20  -6.9859e-07 -4.15744e-19 -3.47812e-07 -9.32523e-20 -1.21679e-07  1.05082e-19  -2.9873e-08   6.8917e-20 -3.41643e-09 -9.70973e-22  1.26526e-09 -1.95096e-20  1.04849e-09 -9.50372e-21   4.5318e-10  6.37119e-23  1.50137e-10  2.20288e-21  4.14865e-11  9.54992e-22  9.83354e-12 -3.74452e-23  2.00785e-12 -1.81027e-22  3.47108e-13 -5.29537e-23  4.78278e-14  1.70492e-23  4.11809e-15  1.98362e-23 -2.34295e-16  7.63892e-24 -2.08067e-16  8.63875e-25  -5.9156e-17 -6.70704e-25 -1.24504e-17 -4.32905e-25 -2.19122e-18 -1.13917e-25 -3.36154e-19 -2.02844e-27 -4.57702e-20  1.01293e-26 -5.57716e-21  4.32377e-27 -6.10105e-22  1.04844e-27 -5.99134e-23  1.84814e-28 -5.26829e-24  3.17577e-29 -4.12839e-25  6.76696e-30 -2.86289e-26  1.33031e-30    -1.74e-27  1.31087e-31 -9.14951e-29 -1.93731e-32 -4.09064e-30 -1.00223e-32 -1.51718e-31 -1.83543e-33 -4.48403e-33 -1.72786e-34 -9.71541e-35 -5.69242e-36 -1.23299e-36  3.11859e-37 -2.80261e-39  1.92434e-38
-7.56589e-21  9.05621e-07  9.12053e-19 -4.13087e-07 -8.26543e-18 -9.73488e-05  3.34797e-17  0.000819061 -8.15616e-17  -0.00300182  1.28567e-16   0.00491515 -1.14227e-16  0.000840131  1.72788e-17   -0.0176828  3.47449e-17    0.0278933  5.97288e-17   -0.0110263 -9.62126e-17   -0.0125884 -7.20813e-17   0.00841112  1.46175e-16   0.00679418  1.99649e-17  -0.00282225  -1.0892e-16  -0.00392646   8.7331e-18 -0.000385901  5.83239e-17   0.00136891 -1.57027e-17  0.000885634 -2.13389e-17  4.93533e-05  1.86265e-18 -0.000255867  7.46554e-18 -0.000183506  6.04831e-18 -5.27704e-05 -5.34634e-19  1.12847e-05 -4.54772e-18  2.05945e-05 -1.86372e-18  1.18855e-05  1.29105e-18  4.04497e-06  1.18407e-18  5.45678e-07 -1.05498e-19 -3.26582e-07 -4.42067e-19 -3.00765e-07 -9.27473e-20 -1.46403e-07  1.19639e-19 -5.21308e-08  8.05064e-20 -1.41585e-08  1.78392e-21 -2.66706e-09 -2.15445e-20 -1.27389e-10 -1.12262e-20  1.62495e-10 -3.08684e-22  9.28861e-11  2.26453e-21  3.39391e-11  9.61266e-22  9.95375e-12 -7.29577e-23  2.49833e-12 -2.00805e-22   5.5081e-13 -5.55932e-23  1.07876e-13  2.01066e-23  1.88238e-14  2.24944e-23  2.91514e-15  8.63556e-24  3.95585e-16  9.58518e-25  4.56598e-17 -7.45681e-25  4.14996e-18 -4.66049e-25  2.15983e-19 -1.18409e-25 -1.59603e-20 -1.72268e-27 -6.68598e-21  1.02346e-26 -1.20257e-21  4.37331e-27 -1.61985e-22  1.11987e-27  -1.8031e-23  2.26256e-28 -1.71252e-24  4.46682e-29 -1.40259e-25  9.04705e-30 -9.91118e-27   1.4956e-30  -6.0064e-28  1.18368e-31 -3.08584e-29 -1.88831e-32 -1.32031e-30 -7.78186e-33 -4.57568e-32 -1.18432e-33 -1.21923e-33 -8.66061e-35 -2.19796e-35 -1.31692e-36 -1.72748e-37  1.60423e-37  6.80961e-40
-2.00316e-07  2.13191e-20  4.80861e-06  1.81316e-18 -2.84478e-05 -1.31996e-17 -1.61979e-05  4.41748e-17  0.000848246 -9.41108e-17  -0.00390266  1.35581e-16   0.00769472 -1.02277e-16  -0.00331152 -2.01782e-17   -0.0143023  5.97288e-17    0.0255442   8.4745e-17  -0.00815552  -1.2695e-16   -0.0140653 -7.75808e-17   0.00636006  1.52662e-16   0.00817907  2.55564e-17  -0.00129278 -1.07226e-16  -0.00425977  9.04168e-18  -0.00131453  5.26797e-17   0.00104976 -1.17966e-17   0.00109869 -2.18684e-17  0.000310345 -2.58763e-18  -0.00015738  8.54049e-18 -0.000201586  8.81568e-18 -9.61018e-05  -3.9155e-21 -1.53394e-05 -5.18386e-18  1.22211e-05 -2.26925e-18  1.20522e-05  1.25725e-18  5.97923e-06  1.18683e-18  1.89578e-06 -1.51571e-19  2.71169e-07 -4.67974e-19   -1.131e-07 -8.57288e-20 -1.10447e-07  1.37822e-19 -5.41758e-08  9.34748e-20  -1.9754e-08  5.20899e-21 -5.76308e-09 -2.28194e-20 -1.34081e-09 -1.24012e-20 -2.25695e-10 -5.86094e-22 -1.31538e-11  2.20124e-21  8.83153e-12  8.63416e-22  4.81513e-12  -1.4777e-22  1.61156e-12 -2.29276e-22  4.31632e-13 -5.93073e-23  9.92858e-14  2.28938e-23  2.01949e-14  2.46658e-23  3.68509e-15  9.24621e-24  6.07878e-16  9.21041e-25  9.09965e-17 -8.22442e-25  1.23798e-17 -4.83618e-25  1.53027e-18 -1.17228e-25  1.71578e-19 -8.62689e-28  1.73983e-20   1.0121e-26  1.58874e-21  4.31795e-27  1.29911e-22  1.15904e-27  9.44335e-24  2.55435e-28  6.04608e-25  5.30189e-29  3.36947e-26  1.01196e-29  1.60942e-27  1.46727e-30  6.44651e-29  9.49209e-32  2.08851e-30 -1.63965e-32   5.0729e-32 -5.40604e-33  7.63416e-34 -6.69236e-34  6.45394e-36 -3.56413e-35  5.25812e-37  8.76795e-38  2.86633e-38  4.99923e-38
-7.31816e-20 -6.52749e-07  1.84271e-19  1.30805e-05  3.02441e-18 -9.09306e-05 -1.82658e-17   0.00021743   5.0674e-17  0.000469273 -9.69552e-17  -0.00413654  1.34736e-16   0.00984431 -8.74565e-17  -0.00716325 -5.95268e-17   -0.0110263   8.4745e-17    0.0234238  1.07414e-16  -0.00578302 -1.49475e-16   -0.0148868 -8.29848e-17   0.00414646  1.52983e-16   0.00900295  2.58513e-17  0.000396163  -9.8716e-17  -0.00416289  9.99884e-18  -0.00217465   4.7648e-17  0.000527975  -8.3254e-18   0.00115613 -2.36822e-17  0.000559195 -7.14363e-18 -3.87545e-06  9.53067e-18 -0.000174327  1.14695e-17 -0.000123521  7.49327e-19  -4.3644e-05 -5.49939e-18 -1.90658e-06 -2.50162e-18  8.22016e-06  1.18777e-18  6.20379e-06  1.08552e-18  2.80687e-06 -2.50736e-19   8.7219e-07 -5.02731e-19  1.51474e-07 -7.60138e-20 -2.25473e-08   1.5822e-19 -3.26705e-08  1.07102e-19 -1.69011e-08  9.38258e-21 -6.35858e-09   -2.286e-20 -1.94692e-09 -1.27058e-20 -5.00906e-10 -6.66094e-22 -1.08019e-10  2.02851e-21 -1.86856e-11  6.60387e-22 -2.16589e-12 -2.64841e-22  3.44383e-14 -2.68323e-22  1.11571e-13  -6.5029e-23  4.07462e-14  2.46695e-23  1.05542e-14  2.58364e-23  2.26327e-15  9.26865e-24   4.2234e-16  7.12596e-25   7.0097e-17 -9.03835e-25  1.04607e-17 -4.86979e-25  1.41124e-18 -1.11387e-25  1.72503e-19  3.36274e-28  1.91064e-20  9.81412e-27  1.91443e-21  4.16842e-27  1.72982e-22  1.15955e-27  1.40281e-23  2.68048e-28  1.01436e-24  5.58282e-29  6.48321e-26   9.9519e-30  3.62001e-27   1.2797e-30  1.73784e-28  6.69277e-32  7.01169e-30 -1.27756e-32  2.29933e-31  -3.3399e-33  5.83942e-33 -3.25647e-34  1.08621e-34 -1.12382e-35    1.446e-36  2.33895e-37   1.1525e-38
-3.92767e-08 -3.33976e-19 -5.75239e-07  6.07826e-19  2.13857e-05  4.51986e-18 -0.000177274 -2.22381e-17  0.000603096  4.98485e-17 -0.000391013 -8.91765e-17  -0.00347361  1.30533e-16    0.0109801  -7.5698e-17   -0.0103047 -9.62126e-17  -0.00815552  1.07414e-16    0.0216673  1.25317e-16  -0.00387251 -1.62145e-16   -0.0152239 -8.44984e-17   0.00194071   1.4521e-16   0.00929687  2.11786e-17    0.0020816 -8.63825e-17   -0.0036666  1.22824e-17  -0.00285715  4.47597e-17 -0.000125583 -5.41144e-18   0.00103718 -2.68324e-17  0.000745295 -1.17767e-17  0.000176853  1.02542e-17  -0.00010228  1.37794e-17 -0.000125049  1.64372e-18  -6.5344e-05 -5.39985e-18 -1.80885e-05 -2.45971e-18  1.10454e-06  1.12288e-18  4.37623e-06  8.90208e-19   2.8561e-06 -4.06755e-19  1.22616e-06 -5.53582e-19  3.85777e-07 -6.83866e-20  8.18811e-08  1.77953e-19  3.75401e-09  1.19982e-19 -6.67025e-09  1.42492e-20 -4.13358e-09 -2.12489e-20 -1.64865e-09 -1.18686e-20 -5.25505e-10  -4.4918e-22  -1.4231e-10  1.78458e-21 -3.35058e-11  3.69563e-22 -6.90139e-12 -4.17859e-22 -1.23497e-12 -3.16265e-22 -1.86972e-13 -7.28813e-23 -2.21705e-14  2.47398e-23   -1.465e-15  2.55358e-23  1.67897e-16  8.56134e-24  8.76289e-17  3.18861e-25  2.09934e-17 -9.90273e-25  3.83722e-18 -4.78686e-25  5.89565e-19 -1.02307e-25  7.88016e-20   1.6284e-27  9.29577e-21  9.33571e-27  9.73212e-22  3.93172e-27  9.04821e-23   1.1169e-27  7.44899e-24  2.62384e-28  5.39812e-25  5.32538e-29   3.4124e-26  8.78464e-30  1.85746e-27  1.00078e-30  8.54693e-29  4.09776e-32  3.23573e-30 -8.91013e-33  9.67309e-32 -1.81606e-33  2.14731e-33 -1.32834e-34   3.2717e-35 -2.25435e-36  3.14611e-37   9.6723e-38
 1.15758e-19 -3.93719e-07 -9.98794e-19  2.69008e-06  1.31391e-18  1.52648e-05   6.4634e-18 -0.000239765 -2.40385e-17   0.00104417  3.99367e-17   -0.0016244 -7.26077e-17  -0.00194067  1.28003e-16    0.0110033 -7.05392e-17   -0.0125884  -1.2695e-16  -0.00578302  1.25317e-16    0.0202752  1.36106e-16  -0.00233466 -1.63915e-16   -0.0152234 -7.95961e-17 -0.000153874  1.29742e-16   0.00912883  1.19939e-17   0.00363713  -7.3468e-17  -0.00283957  1.62066e-17  -0.00328628  4.49224e-17 -0.000824421 -2.99399e-18  0.000751603 -3.10416e-17  0.000829274 -1.64028e-17  0.000349439  1.04956e-17  2.59945e-06   1.5474e-17  -9.7119e-05  2.56734e-18 -7.33709e-05 -4.83137e-18 -3.15369e-05 -2.07054e-18 -7.30265e-06  1.10954e-18  9.23275e-07  6.28286e-19  1.94055e-06 -6.11852e-19  1.17164e-06 -6.22867e-19  4.89987e-07 -6.71538e-20  1.58023e-07  1.93339e-19  3.88815e-08  1.30323e-19  6.08654e-09  1.96361e-20 -2.66558e-10 -1.77096e-20 -6.55357e-10 -9.72376e-21 -3.12297e-10  1.41291e-22 -1.06485e-10  1.52336e-21 -3.00077e-11  2.52425e-23 -7.33424e-12 -5.90794e-22 -1.58846e-12 -3.67559e-22 -3.08046e-13   -8.202e-23 -5.37278e-14  2.26643e-23 -8.43057e-15  2.34828e-23 -1.18591e-15  7.09533e-24 -1.48306e-16 -2.38952e-25 -1.62228e-17 -1.07699e-24 -1.50174e-18 -4.61146e-25 -1.08413e-19 -9.13247e-26 -4.35727e-21  2.82288e-27   2.8032e-22  8.70703e-27  8.65162e-23  3.61372e-27    1.172e-23  1.03103e-27  1.16923e-24  2.39887e-28  9.40327e-26  4.64717e-29  6.24785e-27  7.02678e-30   3.4321e-28  7.04201e-31  1.53566e-29   2.1344e-32  5.41763e-31 -5.51882e-33  1.42096e-32 -8.55275e-34  2.52533e-34 -4.33488e-35  2.81163e-36  -4.1164e-38  2.01332e-38
 3.88142e-08  4.68772e-19 -1.42803e-06 -2.28493e-18  1.27565e-05  2.05141e-18 -2.61626e-05   9.3171e-18 -0.000202924 -2.31154e-17   0.00136409  2.11117e-17  -0.00296344 -5.08845e-17  0.000208268  1.30273e-16    0.0100563 -7.20813e-17   -0.0140653 -1.49475e-16  -0.00387251  1.36106e-16    0.0191877  1.37875e-16  -0.00107627 -1.54681e-16   -0.0149942 -6.73604e-17  -0.00208329  1.08903e-16   0.00857953 -1.04678e-18    0.0049744 -6.26404e-17  -0.00177037  2.17266e-17  -0.00342232  4.82578e-17  -0.00148092  -9.4939e-19  0.000335332 -3.57875e-17  0.000790095 -2.08683e-17  0.000478867  1.00413e-17  0.000119751  1.62795e-17 -4.38472e-05  3.39224e-18 -6.41784e-05 -3.79642e-18 -3.79745e-05 -1.30568e-18  -1.4405e-05  1.18919e-18 -3.08734e-06  3.38023e-19  3.37821e-07 -8.47239e-19  7.13273e-07 -7.06775e-19  4.19739e-07 -7.49846e-20  1.74101e-07  2.00829e-19  5.74846e-08  1.36433e-19  1.54988e-08  2.53329e-20  3.31554e-09 -1.21551e-20  4.82114e-10 -6.24694e-21  6.58165e-13  1.14134e-21 -3.07015e-11  1.30387e-21  -1.3788e-11  -3.2645e-22 -4.28312e-12  -7.6006e-22 -1.09386e-12 -4.13795e-22 -2.42484e-13 -9.08383e-23 -4.77891e-14  1.83875e-23 -8.47676e-15   1.9687e-23  -1.3623e-15  4.97984e-24  -1.9905e-16 -9.02097e-25 -2.64798e-17 -1.15323e-24 -3.20706e-18  -4.3574e-25 -3.53187e-19 -7.93871e-26 -3.52873e-20  3.81892e-27 -3.18799e-21  7.95055e-27 -2.59296e-22  3.22351e-27 -1.88801e-23  9.07884e-28 -1.22186e-24  2.04837e-28 -6.96421e-26  3.72699e-29 -3.45548e-27  5.11454e-30 -1.47124e-28  4.45968e-31 -5.28791e-30  9.09313e-33 -1.57804e-31 -2.99918e-33 -3.81943e-33  -3.4029e-34 -6.88176e-35  -1.0278e-35 -6.57855e-37  1.25971e-37
-1.05555e-19  4.10619e-08  1.28101e-18 -2.75378e-06 -4.28064e-18  2.97718e-05  2.24153e-18 -0.000114943  1.37283e-17 -1.10858e-06 -1.95849e-17   0.00137529 -4.56122e-18  -0.00407888  -2.8049e-17    0.0026041  1.37297e-16   0.00841112 -7.75808e-17   -0.0148868 -1.62145e-16  -0.00233466  1.37875e-16    0.0183334  1.29662e-16 -2.12691e-05 -1.35646e-16   -0.0146107 -4.83416e-17   -0.0038249  8.59463e-17    0.0077282 -1.70155e-17    0.0060382 -5.53978e-17 -0.000553697  2.85655e-17  -0.00325883  5.41853e-17  -0.00201762  8.27017e-19 -0.000157153 -4.04312e-17  0.000628032 -2.49803e-17  0.000537825  8.70462e-18  0.000224877  1.59657e-17  2.38699e-05  3.99102e-18 -3.89563e-05 -2.35997e-18 -3.50902e-05 -1.91046e-19 -1.79255e-05  1.38523e-18 -6.34574e-06  5.95056e-20 -1.40249e-06 -1.08678e-18  2.06194e-08 -7.96251e-19  2.06054e-07 -9.24783e-20  1.26359e-07  1.97842e-19    5.294e-08  1.37198e-19  1.78148e-08  3.11861e-20  5.04849e-09 -4.70069e-21  1.21916e-09 -1.56648e-21  2.47571e-10  2.53441e-21  3.99137e-11  1.17844e-21  4.02826e-12 -6.35341e-22 -2.51721e-13 -8.99026e-22 -2.68294e-13 -4.45765e-22 -8.87049e-14  -9.7464e-23 -2.16671e-14  1.22572e-23 -4.42708e-15   1.4473e-23  -7.8965e-16  2.45034e-24  -1.2532e-16 -1.58364e-24 -1.78613e-17 -1.20413e-24 -2.29601e-18 -4.02786e-25 -2.66527e-19 -6.70288e-26 -2.79126e-20  4.58616e-27 -2.62991e-21  7.09052e-27 -2.21914e-22  2.77714e-27  -1.6662e-23  7.59241e-28 -1.10355e-24  1.63218e-28 -6.37372e-26  2.75165e-29 -3.16208e-27  3.39116e-30 -1.32118e-28  2.53708e-31 -4.53114e-30  2.88481e-33  -1.2325e-31 -1.40529e-33 -2.51585e-33 -1.09747e-34 -3.37261e-35 -1.32073e-36 -1.81108e-37
