 7.19865e-23 -2.08096e-36 -3.55565e-21  6.45783e-35  6.81391e-20 -2.25304e-33 -7.82212e-19  3.04615e-32  6.20095e-18 -2.93664e-31 -3.64205e-17   2.1712e-30  1.65019e-16 -1.28868e-29  -5.9107e-16  6.30322e-29  1.69779e-15  -2.5849e-28 -3.93699e-15  8.99638e-28  7.36753e-15 -2.68028e-27 -1.10318e-14  6.87401e-27  1.29458e-14   -1.521e-26  -1.1386e-14  2.89612e-26  6.71529e-15  -4.6921e-26 -1.62144e-15  6.26946e-26 -1.12612e-15  -6.2897e-26  1.13123e-15  2.85988e-26 -1.43679e-16  5.83863e-26 -2.86756e-16  -2.0547e-25  1.11625e-16  4.00119e-25  5.93919e-17 -6.07806e-25 -3.51658e-17  7.80635e-25 -1.34878e-17 -8.73975e-25  8.20068e-18  8.63273e-25  3.59745e-18 -7.53318e-25 -1.39516e-18   5.7646e-25 -9.43556e-19 -3.80571e-25  1.04249e-19  2.10944e-25  1.96105e-19 -9.39043e-26  2.76125e-20  3.09284e-26 -2.51678e-20 -6.10396e-27 -1.11731e-20  3.35701e-29  3.96567e-22  2.82513e-28  1.63043e-21 -6.04861e-30  4.61183e-22 -1.78191e-29 -4.25511e-23 -1.08122e-29 -6.38164e-23   9.4428e-30 -1.67814e-23 -2.71255e-30  3.09728e-25  1.19549e-30  1.51152e-24 -8.11858e-31  4.69934e-25   2.3483e-31  4.63346e-26  3.65519e-33 -1.48312e-26 -6.46879e-33 -7.17569e-27  -1.5441e-33 -1.39909e-27 -1.65501e-33 -8.36875e-29  1.17783e-33  3.17553e-29 -6.82205e-35  1.12581e-29 -3.95712e-35  1.87601e-30 -1.17584e-35  1.55614e-31   4.6394e-36 -6.24765e-33  9.58511e-37 -4.09778e-33 -4.86887e-37 -6.77139e-34  3.90907e-38 -6.61595e-35  6.94422e-39  -3.6608e-36 -2.22167e-40 -3.26323e-39 -2.32012e-40  1.95709e-38 -1.36531e-41  1.98019e-39  4.26526e-42  1.06338e-40  2.65233e-43  3.21084e-42 -2.00716e-44  4.50919e-44 -7.45759e-46  7.31235e-47 -2.53342e-48
-2.08096e-36  5.11295e-21 -6.20506e-35 -1.43474e-19  2.65173e-33  2.09314e-18 -5.13649e-32  -1.9931e-17  5.95678e-31  1.36535e-16 -5.07208e-30  -7.0935e-16  3.38922e-29  2.88434e-15 -1.84339e-28 -9.35565e-15  8.34085e-28  2.44626e-14 -3.18594e-27 -5.17408e-14  1.03828e-26   8.8194e-14 -2.90982e-26 -1.19579e-13  7.05239e-26  1.25326e-13 -1.48283e-25 -9.52856e-14  2.70419e-25   4.3715e-14 -4.25181e-25 -8.97148e-16  5.66192e-25 -1.37776e-14 -6.08331e-25  7.17614e-15  4.45815e-25  1.37465e-15   5.2382e-27 -2.51637e-15 -7.54102e-25  1.57079e-16  1.70177e-24  6.57572e-16 -2.65443e-24  -9.0961e-17  3.38725e-24 -1.61051e-16 -3.72679e-24  1.59657e-17  3.60845e-24  3.75202e-17 -3.08818e-24  1.15342e-18  2.31727e-24 -7.43678e-18 -1.49417e-24 -1.63691e-18  7.99867e-25  9.94497e-19  -3.3537e-25  5.21985e-19  9.77071e-26 -2.27341e-20 -1.28598e-26   -8.537e-20 -2.81798e-27 -2.20603e-20  1.18072e-27  4.48173e-21  1.66045e-28  4.13256e-21 -7.20015e-29  8.28493e-22 -7.32167e-29 -1.62947e-22  4.03017e-29 -1.34187e-22 -7.19399e-30 -2.99042e-23  4.66051e-30  1.05667e-24  -3.8753e-30  2.55145e-24  1.04843e-30  7.45881e-25  1.39218e-32  8.00581e-26  6.81056e-34 -1.57692e-26 -1.53534e-32 -8.48554e-27 -8.73445e-33 -1.74106e-27  5.92177e-33 -1.57846e-28 -3.82506e-34  1.54698e-29 -1.65278e-34  8.17874e-30   -3.397e-35  1.50851e-30  1.42408e-35  1.58445e-31  2.69035e-36  6.13845e-33 -1.45784e-36 -1.05036e-33  1.58846e-37 -2.38187e-34  1.81442e-38 -2.56119e-35 -1.84158e-39 -1.69963e-36 -5.76364e-40  -6.3963e-38 -2.56566e-41 -7.61121e-41   9.7995e-42   1.2964e-40  4.81325e-43  6.63896e-42 -3.51737e-44  1.40989e-43 -8.59769e-46  1.08013e-45
-3.55565e-21 -6.20506e-35  1.78757e-19 -1.29171e-33 -3.48957e-18   4.8496e-32  4.08435e-17 -7.50972e-31 -3.30456e-16  7.59764e-30   1.9831e-15 -5.79268e-29  -9.1925e-15  3.52787e-28  3.37359e-14   -1.769e-27 -9.94651e-14  7.43657e-27  2.37278e-13 -2.65342e-26 -4.58133e-13  8.11042e-26  7.10664e-13   -2.139e-25 -8.69439e-13  4.89441e-25  8.06464e-13 -9.75269e-25  -5.1628e-13  1.69454e-24   1.5998e-13 -2.56043e-24  6.14164e-14  3.32915e-24  -8.7263e-14 -3.61982e-24  2.06834e-14  3.02836e-24  1.89985e-14 -1.31319e-24 -1.10846e-14 -1.42787e-24 -3.22165e-15   4.7029e-24  3.34066e-15 -7.76809e-24  6.44688e-16  9.91706e-24 -8.15382e-16 -1.07431e-23 -1.92956e-16  1.02201e-23  1.62373e-16 -8.61797e-24  6.28061e-17  6.38341e-24 -2.17461e-17 -4.04777e-24 -1.62721e-17  2.10178e-24  1.71608e-19 -8.26858e-25  2.78234e-18  2.05002e-25  7.27414e-19 -7.74576e-27 -2.02997e-19 -1.36488e-26 -1.61945e-19  2.60484e-27 -2.44016e-20   9.8686e-28  1.15806e-20 -6.40339e-29  6.48877e-21 -3.40289e-28   9.5719e-22  1.26014e-28 -2.92772e-22 -1.25537e-29 -1.79216e-22  1.52233e-29 -3.58648e-23  -1.3106e-29  1.13263e-24   3.0226e-30  2.66218e-24  1.38385e-31  7.60368e-25  6.23528e-32  9.20176e-26 -6.60028e-32 -7.92716e-27  -2.9456e-32 -5.90712e-27  1.87319e-32 -1.29537e-27 -1.20893e-33 -1.47808e-28 -4.16374e-34 -1.43325e-30 -7.12827e-35  2.94713e-30  2.74539e-35  6.35111e-31  4.86022e-36  7.55736e-32 -2.90889e-36  5.19326e-33  4.28504e-37  6.38387e-35  3.19459e-38  -3.0536e-35  -5.8659e-39 -3.95537e-36 -9.92631e-40 -2.73271e-37 -3.04581e-41 -1.13533e-38  1.49941e-41 -2.53344e-40  5.45827e-43 -1.61064e-42  -3.9136e-44   3.8126e-44 -4.88524e-46
 6.45783e-35 -1.43474e-19 -1.29171e-33  4.10113e-18 -2.01252e-32 -6.10007e-17  6.24417e-31  5.92774e-16 -8.20845e-30 -4.14853e-15  7.34782e-29   2.2046e-14 -5.06988e-28  -9.1821e-14  2.83586e-27  3.05573e-13 -1.31851e-26 -8.21415e-13  5.17138e-26  1.79068e-12  -1.7287e-25 -3.15669e-12  4.96487e-25  4.44843e-12 -1.23313e-24 -4.88525e-12   2.6628e-24  3.95663e-12 -5.01971e-24 -2.03663e-12  8.28095e-24  2.45054e-13   -1.195e-23  5.22283e-13  1.49953e-23 -3.54624e-13 -1.60681e-23 -1.43473e-14  1.39904e-23  1.10899e-13  -8.3466e-24 -2.20732e-14 -1.02075e-25 -2.71034e-14   9.4917e-24  8.35197e-15 -1.75491e-23  6.59105e-15  2.25808e-23 -1.87644e-15 -2.40781e-23 -1.64827e-15  2.25339e-23  2.26421e-16  -1.8833e-23  3.76718e-16   1.3903e-23  2.43639e-17 -8.75607e-24 -6.49932e-17  4.43704e-24 -1.97333e-17 -1.62898e-24   5.6164e-18  3.19585e-25  4.62347e-18  3.81216e-26  5.43676e-19 -3.89714e-26 -4.59447e-19  2.75977e-27 -2.13895e-19  3.25535e-27  -1.5604e-20  4.88017e-28  1.79556e-20 -1.16606e-27  7.50241e-21  3.16412e-28  8.54695e-22 -1.58548e-29  -3.4181e-22  4.53685e-29 -1.76483e-22  -3.6018e-29 -3.34345e-23  6.70217e-30  3.32728e-25  6.69737e-31  1.94562e-24  2.61624e-31  5.61959e-25  -1.9093e-31   7.6527e-26 -7.73641e-32 -3.87077e-28  4.45906e-32 -2.63084e-27  -2.6726e-33 -6.37657e-28 -7.20708e-34 -8.36924e-29  -1.2877e-34 -4.99375e-30  3.52929e-35  4.29096e-31  5.94091e-36  1.47546e-31 -4.43578e-36  1.94858e-32  8.95661e-37  1.56678e-33  4.44915e-38  7.17224e-35 -1.21954e-38  3.15117e-37 -1.37083e-39 -2.12572e-37 -2.58202e-41 -1.57902e-38  1.74449e-41 -5.54862e-40  4.16334e-43  -1.0029e-41 -3.01689e-44  -6.1385e-44
 6.81391e-20  2.65173e-33 -3.48957e-18 -2.01252e-32  6.94516e-17 -2.42249e-31 -8.29542e-16  6.26714e-30  6.85618e-15 -7.15604e-29 -4.20794e-14  5.73777e-28   1.9975e-13 -3.61664e-27 -7.51865e-13   1.8715e-26  2.27777e-12 -8.11302e-26 -5.59591e-12  2.98112e-25  1.11596e-11 -9.36393e-25 -1.79525e-11  2.53178e-24  2.29174e-11 -5.92738e-24 -2.24226e-11  1.20782e-23  1.55284e-11  -2.1515e-23 -5.84546e-12  3.36152e-23 -1.04094e-12 -4.61323e-23  2.57118e-12  5.54604e-23 -9.12241e-13 -5.77232e-23 -4.47066e-13  5.03049e-23  4.00248e-13 -3.32429e-23  4.46605e-14  9.85983e-24 -1.15526e-13  1.40294e-23 -3.65958e-15 -3.25203e-23  2.89636e-14  4.24194e-23  2.02912e-15 -4.42622e-23 -6.41278e-15   4.0679e-23 -1.25101e-15 -3.39625e-23  1.11096e-15  2.53551e-23  4.59061e-16 -1.60914e-23  -1.0137e-16  8.02535e-24 -1.04257e-16 -2.72765e-24 -1.14525e-17  3.59023e-25  1.25828e-17  1.69194e-25  5.39651e-18 -8.31842e-26  1.42686e-20 -3.14633e-27 -6.58799e-19  7.75362e-27 -2.16828e-19   2.8223e-27 -2.57007e-21 -3.16655e-27  2.00536e-20  6.58622e-28  6.88916e-21 -1.24991e-29  6.60739e-22  1.20264e-28 -2.87039e-22 -8.44038e-29 -1.35301e-22  1.22723e-29  -2.5323e-23  2.09036e-30 -5.56436e-25  7.35211e-31  1.01951e-24 -4.25118e-31  3.09855e-25 -1.71283e-31  4.66681e-26  8.58109e-32  2.26756e-27 -4.37718e-33 -6.98693e-28 -8.02322e-34 -2.08225e-28 -2.16012e-34 -3.01995e-29  2.21197e-35 -2.54148e-30  3.43223e-36 -6.17197e-32 -5.44403e-36  1.57483e-32  1.54288e-36  2.64594e-33  5.39845e-38   2.2538e-34 -1.89605e-38  1.18917e-35 -1.60674e-39  3.52033e-37 -1.63147e-41  2.25589e-39  1.61259e-41 -1.94384e-40  1.91163e-43 -5.28541e-42  -1.4799e-44
-2.25304e-33  2.09314e-18   4.8496e-32 -6.10007e-17 -2.42249e-31  9.25902e-16 -2.33227e-30 -9.19074e-15   5.1239e-29  6.57762e-14 -5.15871e-28 -3.57898e-13  3.74561e-27  1.52845e-12   -2.176e-26 -5.22437e-12  1.04911e-25  1.44537e-11 -4.26374e-25 -3.25123e-11  1.47386e-24  5.93408e-11 -4.36307e-24 -8.70026e-11  1.11276e-23  1.00184e-10 -2.45823e-23 -8.63737e-11  4.72726e-23  4.93937e-11 -7.94986e-23 -1.03678e-11  1.17407e-22  -9.8149e-12 -1.52743e-22  8.88692e-12  1.75068e-22 -8.24927e-13 -1.75477e-22 -2.43949e-12  1.50065e-22   8.7193e-13 -1.02119e-22  5.33329e-13  4.24622e-23 -2.94905e-13  1.33726e-23 -1.24201e-13  -5.1824e-23  7.20363e-14  6.83342e-23  3.34477e-14  -6.8425e-23 -1.27804e-14  6.11481e-23 -8.93045e-15 -5.15735e-23  1.01636e-15  3.98765e-23  1.91529e-15 -2.60566e-23  2.62004e-16  1.29347e-23  -2.5785e-16 -4.02151e-24  -1.1261e-16  1.90765e-25  5.58028e-18  4.39881e-25  1.73525e-17 -1.44264e-25  4.75519e-18 -2.34249e-26 -5.41316e-19   1.4481e-26 -7.04911e-19   9.2529e-27 -1.79064e-19 -7.18562e-27  6.23103e-21  1.15776e-27  1.73568e-20  4.79883e-30  5.22796e-21  2.78561e-28  4.76301e-22 -1.72822e-28 -1.78974e-22  1.92231e-29 -8.22822e-23  4.90457e-30 -1.56645e-23  1.68225e-30 -8.69847e-25 -7.74493e-31  3.69119e-25 -3.33054e-31  1.26582e-25  1.38175e-31  2.07444e-26 -5.07919e-33  1.70231e-27 -1.71978e-34 -6.35421e-29 -3.44647e-34 -4.23636e-29 -2.77253e-35 -6.88391e-30 -5.22101e-36  -6.6104e-31 -5.53242e-36 -3.64924e-32  2.25836e-36 -2.61631e-34   6.2497e-38  1.50468e-34 -2.32336e-38  1.46802e-35 -1.64173e-39  7.32221e-37 -8.24445e-42  2.04997e-38  1.19767e-41  2.85723e-40  1.81199e-44  9.56227e-43
-7.82212e-19 -5.13649e-32  4.08435e-17  6.24417e-31 -8.29542e-16 -2.33227e-30  1.01209e-14 -1.84699e-29  -8.5536e-14  3.50031e-28  5.37454e-13 -3.14465e-27 -2.61547e-12  2.08879e-26  1.01083e-11 -1.12836e-25 -3.15013e-11  5.10538e-25  7.97936e-11 -1.95617e-24 -1.64551e-10  6.38781e-24  2.74832e-10 -1.78753e-23 -3.66427e-10  4.30898e-23  3.78281e-10 -8.99201e-23 -2.82649e-10  1.63216e-22  1.24991e-10 -2.58928e-22   3.0512e-12   3.6082e-22  -4.4447e-11 -4.43831e-22  2.18177e-11  4.83294e-22  5.17818e-12 -4.64147e-22 -8.25451e-12  3.85432e-22   3.7153e-13 -2.61237e-22  2.25659e-12  1.19983e-22 -2.95033e-13  1.93424e-24  -5.7107e-13 -7.60668e-23  5.70752e-14  9.85359e-23  1.37414e-13 -8.99784e-23  3.35924e-15   7.5662e-23 -2.83854e-14 -6.56596e-23 -5.98631e-15  5.49056e-23   4.0424e-15 -3.81577e-23  2.03822e-15  1.91202e-23 -1.35847e-16 -5.34288e-24 -3.56452e-16 -3.55707e-25 -8.62332e-17  9.05232e-25  2.17178e-17  -2.1057e-25  1.78279e-17 -6.89965e-26   3.2874e-18  2.17296e-26 -8.31897e-19   2.3187e-26 -6.03014e-19 -1.41335e-26 -1.25887e-19  1.73357e-27  7.99426e-21  5.04288e-29  1.20402e-20   5.6458e-28  3.33989e-21 -3.14341e-28  3.22455e-22   2.6161e-29 -8.17411e-23   9.3334e-30  -3.9602e-23  3.36383e-30 -7.80581e-24 -1.19139e-30 -6.61127e-25 -5.83003e-31  7.82235e-26  1.88824e-31  3.70019e-26 -2.74072e-33  6.58872e-27  1.73213e-33  6.71877e-28 -5.17098e-34  2.50788e-29 -1.19728e-34 -4.24558e-30 -2.11914e-35 -9.25526e-31 -4.81451e-36 -9.55201e-32  2.85292e-36 -6.09767e-33  7.37841e-38 -2.21326e-34 -2.28185e-38 -1.23099e-36 -1.48227e-39  2.94698e-37 -4.34566e-42  1.38763e-38  7.05635e-42  2.39728e-40 -3.41987e-44
 3.04615e-32  -1.9931e-17 -7.50972e-31  5.92774e-16  6.26714e-30 -9.19074e-15 -1.84699e-29  9.32855e-14 -1.22693e-28 -6.83449e-13  2.02942e-27  3.81179e-12 -1.64371e-26 -1.67106e-11  1.00913e-25  5.87345e-11 -5.11695e-25  -1.6744e-10  2.18958e-24  3.89105e-10 -7.95588e-24 -7.36184e-10  2.46477e-23  1.12422e-09 -6.53982e-23 -1.35846e-09  1.49308e-22  1.24618e-09 -2.94649e-22 -7.85872e-10  5.04899e-22  2.30262e-10 -7.54976e-22  1.09747e-10  9.90956e-22 -1.42357e-10 -1.14963e-21  3.15431e-11  1.18611e-21  3.29834e-11 -1.08839e-21 -1.87871e-11  8.73367e-22 -5.79363e-12 -5.79928e-22  5.96346e-12   2.6977e-22  1.15651e-12 -1.92201e-23 -1.52225e-12 -1.15368e-22 -3.47648e-13  1.36331e-22  3.19434e-13 -1.01323e-22   1.1791e-13  7.19352e-23  -4.6576e-14 -6.68551e-23 -3.23918e-14  6.64112e-23  1.27917e-15 -5.16109e-23  5.96298e-15  2.65279e-23  1.40954e-15 -6.49752e-24 -5.05319e-16 -1.46669e-24 -3.54512e-16  1.60962e-24 -4.44209e-17 -2.60276e-25  2.93037e-17 -1.51035e-25  1.47119e-17  2.55861e-26  1.83259e-18  4.86021e-26 -7.99753e-19 -2.47186e-26 -4.27706e-19  2.19664e-27 -7.78879e-20   1.5529e-28   5.3956e-21  1.01151e-27  6.77543e-21 -5.14746e-28  1.80041e-21  3.08198e-29  1.95054e-22  1.50502e-29 -2.51112e-23   6.0843e-30 -1.47884e-23 -1.56928e-30 -3.05927e-24 -9.33986e-31 -3.27467e-25  2.18072e-31  5.21252e-28  4.83269e-33  7.12612e-27  5.27673e-33  1.43781e-27 -7.11786e-34  1.63477e-28 -2.41761e-34  1.07035e-29  -4.3072e-35  1.13385e-31 -3.90624e-36 -5.88694e-32  3.13007e-36 -7.13961e-33  8.88825e-38 -4.55112e-34 -1.77688e-38 -1.73326e-35 -1.19217e-39  -3.5488e-37 -3.33938e-42 -2.06489e-39  3.14689e-42  2.59549e-41
 6.20095e-18  5.95678e-31 -3.30456e-16 -8.20845e-30  6.85618e-15   5.1239e-29  -8.5536e-14 -1.22693e-28   7.4002e-13 -6.91956e-28 -4.76576e-12  1.00695e-26  2.38035e-11   -7.423e-26 -9.45727e-11  4.26034e-25  3.03556e-10 -2.04989e-24 -7.93787e-10  8.36748e-24  1.69488e-09 -2.90138e-23 -2.94258e-09  8.56574e-23  4.10191e-09 -2.16164e-22 -4.47014e-09  4.68358e-22  3.59642e-09 -8.75018e-22 -1.82739e-09  1.41569e-21    1.833e-10 -1.99347e-21  5.13805e-10  2.45969e-21 -3.41295e-10 -2.68416e-21 -1.80319e-11  2.61759e-21  1.12487e-10 -2.29248e-21 -2.28464e-11  1.77656e-21 -2.83585e-11 -1.14801e-21  9.26357e-12  5.17366e-22  7.06685e-12 -3.09704e-23 -2.24209e-12 -2.02067e-22 -1.83008e-12  2.00179e-22  3.17297e-13 -9.98396e-23  4.41327e-13  3.66662e-23  1.42415e-14 -4.39234e-23 -8.23031e-14  6.96525e-23 -2.20514e-14 -6.56559e-23  8.36926e-15   3.5185e-23  5.87276e-15 -7.30247e-24  4.78883e-16 -3.31215e-24   -6.729e-16  2.57377e-24 -2.76841e-16  -2.6408e-25 -9.63921e-18 -2.77787e-25  2.74682e-17  2.04841e-26  1.01775e-17  8.89105e-26  8.55745e-19 -3.91477e-26 -5.77349e-19  2.26151e-27 -2.56369e-19  3.80048e-28 -4.32118e-20  1.62168e-27  2.22148e-21 -7.68009e-28  3.08108e-21  3.02114e-29  8.10221e-22  2.11769e-29  9.92519e-23  1.01437e-29 -3.35317e-24 -1.76507e-30 -4.10771e-24 -1.38532e-30 -9.12858e-25  2.05427e-31 -1.12097e-25  1.88982e-32 -5.78858e-27  1.03611e-32   6.9384e-28 -8.78512e-34   1.9947e-28 -3.65367e-34  2.45556e-29 -6.67468e-35  1.85365e-30 -3.55722e-36  7.89422e-32  2.97798e-36  2.11625e-34   1.0366e-37 -2.06299e-34 -1.03832e-38 -1.34393e-35 -8.58853e-40 -4.06055e-37 -2.92448e-42  -5.2987e-39  9.24448e-43
-2.93664e-31  1.36535e-16  7.59764e-30 -4.14853e-15 -7.15604e-29  6.57762e-14  3.50031e-28 -6.83449e-13 -6.91956e-28  5.13197e-12  -3.3289e-27 -2.93742e-11  4.27918e-26  1.32355e-10 -2.89946e-25 -4.78982e-10  1.57814e-24  1.40887e-09  -7.3037e-24 -3.38687e-09  2.87302e-23  6.65122e-09  -9.5728e-23 -1.05921e-08  2.70575e-22  1.34433e-08 -6.51462e-22 -1.31193e-08  1.34227e-21  9.07247e-09 -2.37663e-21  -3.3771e-09  3.63077e-21 -7.01596e-10  -4.8093e-21  1.60585e-09  5.56531e-21 -5.74146e-10 -5.69461e-21 -2.87855e-10  5.23586e-21  2.65799e-10 -4.37764e-21  2.63474e-11  3.28688e-21 -7.96915e-11 -2.06875e-21 -6.33895e-13    8.807e-22  2.07951e-11  1.39913e-23  7.89861e-13 -4.03422e-22  -4.8623e-12  3.34727e-22 -7.62788e-13 -9.53288e-23  9.16443e-13 -4.01052e-23  3.29121e-13  1.39454e-23   -1.019e-13  6.01273e-23 -8.40114e-14 -7.97614e-23 -5.34349e-15  4.51943e-23  1.16972e-14 -7.61408e-24  4.30992e-15 -5.99984e-24 -2.46982e-16   3.7804e-24 -6.25977e-16 -1.91191e-25 -1.77606e-16 -4.51435e-25  8.09626e-18  1.05553e-27  2.02637e-17  1.45434e-25  6.07332e-18 -5.69099e-26  3.64322e-19  1.59884e-27 -3.29935e-19  8.27093e-28 -1.30696e-19  2.35406e-27 -2.14742e-20 -1.05599e-27   3.6393e-22  2.08316e-29  1.10994e-21  2.66235e-29  2.97979e-22  1.57557e-29  4.05373e-23 -1.64078e-30  1.17822e-24 -1.91783e-30 -7.75096e-25  1.37635e-31 -1.98049e-25  3.87296e-32 -2.65402e-26  1.62966e-32 -2.03806e-27 -9.55767e-34 -2.99979e-29 -4.56733e-34  1.43869e-29 -8.66489e-35  2.10839e-30 -4.18294e-36  1.63864e-31   2.4293e-36  7.81429e-33   1.1079e-37  2.04502e-34 -3.68434e-39    1.037e-36 -5.54049e-40  -8.5015e-38 -2.05671e-42 -1.34039e-39
-3.64205e-17 -5.07208e-30   1.9831e-15  7.34782e-29 -4.20794e-14 -5.15871e-28  5.37454e-13  2.02942e-27 -4.76576e-12  -3.3289e-27  3.14968e-11 -1.35991e-26 -1.61674e-10  1.54172e-25  6.61212e-10 -9.71896e-25 -2.18891e-09  5.12315e-24  5.91726e-09 -2.32366e-23 -1.30998e-08  8.92027e-23  2.36734e-08 -2.87846e-22 -3.45435e-08  7.82727e-22  3.97635e-08 -1.80364e-21 -3.43967e-08  3.54092e-21  1.97769e-08 -5.94798e-21 -4.11423e-09   8.5803e-21 -4.15715e-09 -1.06778e-20  3.81972e-09  1.15559e-20 -3.95255e-10 -1.10429e-20 -1.07759e-09  9.54276e-21  4.18689e-10 -7.62688e-21  2.35948e-10   5.5875e-21 -1.47806e-10  -3.4515e-21 -5.48539e-11  1.37232e-21  3.83625e-11  1.91942e-22  1.53404e-11  -8.2654e-22 -7.54452e-12  6.16918e-22 -4.42426e-12 -1.15421e-22  8.32561e-13 -1.60967e-22  1.04858e-12  1.14831e-22  8.57371e-14  3.43064e-23 -1.62917e-13 -9.35615e-23 -5.90411e-14  5.66104e-23  7.86337e-15 -7.35556e-24  1.09088e-14 -9.51471e-24  2.42258e-15  5.16074e-24 -5.57074e-16 -1.81946e-26 -4.61588e-16 -6.65764e-25 -9.67855e-17 -3.51607e-26  1.15921e-17  2.16023e-25  1.23346e-17  -7.6764e-26  3.18523e-18 -8.44189e-29  1.63437e-19  1.64306e-27 -1.51187e-19  3.12771e-27 -5.64035e-20  -1.3534e-27 -9.36858e-21 -1.03342e-30 -2.12811e-22  3.06047e-29  3.03397e-22    2.294e-29  8.68123e-23 -1.10524e-30  1.28128e-23 -2.49126e-30  8.64959e-25  1.51855e-32 -7.34933e-26   6.1265e-32 -2.89276e-26  2.19316e-32 -4.20299e-27 -9.07006e-34 -3.68639e-28  -4.9195e-34 -1.79334e-29 -9.79227e-35  4.37773e-32 -5.62305e-36  8.22685e-32  1.64952e-36  6.76639e-33  1.04676e-37  2.89195e-34  3.76601e-40  6.66133e-36 -3.14717e-40  6.35748e-38 -9.53206e-43
  2.1712e-30  -7.0935e-16 -5.79268e-29   2.2046e-14  5.73777e-28 -3.57898e-13 -3.14465e-27  3.81179e-12  1.00695e-26 -2.93742e-11 -1.35991e-26  1.72781e-10 -4.61739e-26 -8.01289e-10  4.55488e-25  2.98994e-09  -2.7253e-24 -9.08726e-09  1.44442e-23  2.26315e-08  -6.6086e-23 -4.61987e-08   2.5172e-22  7.68283e-08 -7.93731e-22 -1.02525e-07    2.087e-21  1.06452e-07 -4.61668e-21 -8.03852e-08  8.65218e-21  3.61376e-08 -1.38018e-20  7.97668e-10  1.88003e-20 -1.33657e-08 -2.19501e-20  6.89873e-09  2.21421e-20  1.45801e-09 -1.96574e-20 -2.67871e-09  1.58949e-20  2.16753e-10 -1.21697e-20  7.47829e-10  8.79547e-21 -1.36854e-10 -5.40617e-21 -1.95053e-10  2.01272e-21  3.20419e-11  5.93838e-22  4.95942e-11 -1.60835e-21 -2.01792e-12  1.15125e-21 -1.11871e-11 -2.05436e-22 -1.62851e-12 -3.19085e-22  1.84501e-12  2.62451e-22  7.44038e-13 -1.00472e-23 -1.23632e-13 -1.06533e-22 -1.55656e-13   6.9245e-23 -2.78793e-14 -6.55607e-24  1.32038e-14 -1.36546e-23  7.90204e-15  6.58793e-24  1.01813e-15  2.60463e-25 -5.35597e-16 -9.05144e-25 -2.84391e-16 -8.52124e-26  -4.6339e-17  2.94484e-25  8.42112e-18 -9.70047e-26  6.32163e-18  -2.9542e-27  1.48019e-18  3.00448e-27  8.30279e-20  3.84193e-27 -5.49088e-20 -1.63598e-27  -2.0298e-20 -3.87402e-29 -3.47499e-21  3.29975e-29 -2.02435e-22  3.14198e-29  5.70667e-23 -1.38486e-31  1.91633e-23 -3.04534e-30   3.0228e-24 -1.45726e-31    2.701e-25  8.18342e-32  5.28593e-27  2.59928e-32 -2.37694e-27 -7.54571e-34 -4.12479e-28 -4.67942e-34 -3.78971e-29 -9.83993e-35 -2.15628e-30 -7.26471e-36 -6.62577e-32  8.59986e-37  4.46474e-35  8.54221e-38  8.88233e-35  1.67363e-39  3.03484e-36 -1.49098e-40  2.90814e-38
 1.65019e-16  3.38922e-29  -9.1925e-15 -5.06988e-28   1.9975e-13  3.74561e-27 -2.61547e-12 -1.64371e-26  2.38035e-11  4.27918e-26 -1.61674e-10 -4.61739e-26  8.54109e-10 -1.21921e-25 -3.60113e-09  9.91196e-25  1.23141e-08 -5.92879e-24 -3.44662e-08  3.45011e-23  7.92346e-08 -1.67618e-22  -1.4927e-07  6.48256e-22    2.283e-07 -2.01836e-21 -2.77825e-07  5.15821e-21  2.58148e-07 -1.09856e-20 -1.66138e-07  1.96877e-20  5.07843e-08  -2.9851e-20  2.30161e-08   3.8396e-20 -3.21006e-08 -4.19977e-20  8.12706e-09   3.9335e-20  7.34381e-09 -3.22193e-20 -4.78969e-09  2.42146e-20 -1.17487e-09 -1.78066e-20  1.56477e-09  1.28918e-20  2.02219e-10 -8.03354e-21 -4.20073e-10  2.84731e-21 -6.51676e-11  1.29781e-21  9.60191e-11 -2.88846e-21  2.67793e-11  2.05147e-21 -1.65001e-11 -4.20997e-22 -8.70414e-12 -4.98928e-22  1.23535e-12  4.55415e-22  1.88957e-12 -7.38692e-23  3.03128e-13 -1.17595e-22 -2.12786e-13  8.24927e-23 -1.09964e-13 -5.39469e-24   -5.625e-15 -1.79883e-23  1.21777e-14  7.88378e-24  4.72239e-15  6.23029e-25  2.79325e-16  -1.1451e-24  -3.7135e-16 -1.39654e-25  -1.5064e-16  3.71261e-25 -2.02572e-17 -1.15976e-25  4.36257e-18 -6.96538e-27   2.7416e-18  5.08415e-27  6.06913e-19  4.40551e-27  4.26057e-20 -1.88801e-27 -1.51743e-20 -9.43556e-29 -5.93652e-21  3.42602e-29 -1.05587e-21  4.05682e-29  -9.0062e-23  1.20506e-30  5.13076e-24 -3.50673e-30  2.98335e-24 -3.16773e-31  5.08244e-25  9.57759e-32  5.11167e-26  2.75016e-32  2.78303e-27  -5.8429e-34 -2.86744e-29 -4.02696e-34 -2.09051e-29  -8.9323e-35 -2.05892e-30 -8.40418e-36  -1.1274e-31  2.42503e-37 -3.61929e-33  5.89344e-38 -5.75059e-35  1.33291e-39 -1.63523e-37 -5.06512e-41
-1.28868e-29  2.88434e-15  3.52787e-28  -9.1821e-14 -3.61664e-27  1.52845e-12  2.08879e-26 -1.67106e-11   -7.423e-26  1.32355e-10  1.54172e-25 -8.01289e-10 -1.21921e-25  3.83076e-09 -1.88389e-25 -1.47622e-08  8.00581e-25  4.64354e-08 -7.12612e-24 -1.20004e-07  6.51801e-23  2.55054e-07 -3.76224e-22 -4.43606e-07    1.529e-21   6.2322e-07 -4.75805e-21 -6.88725e-07  1.18797e-20  5.66154e-07 -2.44207e-20 -2.98098e-07  4.19116e-20   3.6503e-08 -6.04499e-20   8.3345e-08  7.34265e-20 -6.05811e-08 -7.51418e-20 -3.66745e-10   6.5064e-20  1.99423e-08 -4.87271e-20 -5.33937e-09  3.36795e-20 -4.97687e-09 -2.38467e-20  2.15304e-09  1.76478e-20  1.24805e-09 -1.13954e-20 -5.68987e-10  3.94972e-21 -3.41995e-10  2.33873e-21  1.02784e-10 -4.76986e-21  9.15595e-11  3.41131e-21 -6.06808e-12  -8.1451e-22 -1.97643e-11 -6.79442e-22 -3.48083e-12  6.87153e-22  2.63107e-12  -1.5677e-22  1.31844e-12 -1.24902e-22 -1.90728e-14  9.52567e-23 -1.97464e-13 -4.21672e-24 -6.11208e-14 -2.18682e-23  4.34181e-15  8.84225e-24  8.45529e-15  1.01589e-24  2.41393e-15 -1.35463e-24  1.15989e-17 -1.83647e-25 -2.05756e-16  4.35339e-25 -6.96847e-17 -1.32674e-25 -8.37315e-18 -1.18052e-26   1.7055e-18  8.00383e-27  9.99253e-19  4.76258e-27   2.1597e-19  -2.1049e-27  1.90581e-20 -1.67535e-28 -2.86195e-21  3.49175e-29 -1.35669e-21   4.9446e-29 -2.52377e-22  2.80661e-30 -2.60942e-23 -3.80234e-30 -6.57469e-25 -4.65312e-31   2.7996e-25  1.00199e-31  5.66563e-26  2.60893e-32  6.01561e-27 -5.09139e-34  3.94372e-28 -3.24951e-34   1.3226e-29 -7.44567e-35 -1.94855e-31 -8.59134e-36 -4.57667e-32  -1.2126e-37 -2.25861e-33  3.33767e-38 -5.08037e-35  6.07186e-40 -3.73664e-37
 -5.9107e-16 -1.84339e-28  3.37359e-14  2.83586e-27 -7.51865e-13   -2.176e-26  1.01083e-11  1.00913e-25 -9.45727e-11 -2.89946e-25  6.61212e-10  4.55488e-25 -3.60113e-09 -1.88389e-25  1.56794e-08  3.18213e-25  -5.5478e-08 -6.09116e-24  1.61054e-07  1.49903e-23 -3.85149e-07  7.34649e-23  7.57672e-07  -7.3405e-22  -1.2165e-06   3.3143e-21   1.5667e-06 -1.04539e-20 -1.56296e-06    2.562e-20  1.11715e-06 -5.09372e-20 -4.44236e-07  8.38062e-20 -7.03238e-08 -1.15057e-19  2.07582e-07  1.32004e-19 -8.60532e-08 -1.26261e-19 -3.34886e-08  1.00629e-19  3.90989e-08    -6.81e-20  8.47451e-10  4.25441e-20 -1.18598e-08 -2.90366e-20  9.47919e-10  2.25599e-20  3.21376e-09 -1.54488e-20 -1.92721e-10  5.39417e-21 -8.12237e-10  3.68851e-21 -4.51198e-11 -7.27875e-21  1.74945e-10  5.27185e-21  4.21759e-11 -1.41913e-21  -2.5717e-11  -8.3858e-22 -1.41964e-11  9.46162e-22  7.20614e-13 -2.56707e-22   2.5403e-12  -1.2601e-22  6.61362e-13  1.06005e-22 -1.51628e-13 -3.48162e-24 -1.36621e-13  -2.4519e-23   -2.729e-14  9.26626e-24  5.96461e-15  1.35758e-24  4.81172e-15 -1.49995e-24  1.08596e-15 -2.00083e-25 -3.67758e-17  4.76721e-25 -9.43298e-17 -1.47187e-25 -2.82963e-17 -1.68892e-26  -3.3061e-18  1.17855e-26   4.9214e-19  4.90524e-27  3.00535e-19 -2.28953e-27   6.4939e-20 -2.54678e-28  6.85136e-21  3.49249e-29 -2.22126e-22  5.69404e-29 -2.27269e-22  4.49658e-30 -4.52432e-23 -3.87774e-30 -5.16597e-24  -5.6364e-31 -3.09607e-25   9.4987e-32  6.64355e-27  2.20887e-32  3.62027e-27  -6.0856e-34  4.12426e-28 -2.59677e-34  2.72229e-29 -5.81497e-35  1.08851e-30 -7.77506e-36  2.15294e-32 -2.52093e-37 -5.57522e-35  1.47532e-38 -8.89344e-36   1.4916e-40
 6.30322e-29 -9.35565e-15   -1.769e-27  3.05573e-13   1.8715e-26 -5.22437e-12 -1.12836e-25  5.87345e-11  4.26034e-25 -4.78982e-10 -9.71896e-25  2.98994e-09  9.91196e-25 -1.47622e-08  3.18213e-25  5.88589e-08  4.17173e-24 -1.91976e-07  -4.3897e-23  5.15795e-07   1.4152e-22  -1.1435e-06 -8.71302e-23   2.0837e-06 -1.19346e-21 -3.08646e-06  6.62874e-21   3.6329e-06 -2.15279e-20   -3.244e-06  5.19865e-20  1.96112e-06 -1.00085e-19 -4.80076e-07  1.57945e-19 -3.80914e-07 -2.06494e-19  4.07133e-07  2.23849e-19 -6.89467e-08 -2.00043e-19 -1.09979e-07  1.46173e-19  5.55628e-08 -8.80725e-20  2.19775e-08  4.82739e-20 -1.97507e-08 -3.16565e-20 -4.70135e-09  2.68084e-20  5.46165e-09 -1.99478e-20  1.40844e-09   7.1964e-21  -1.2288e-09   5.2557e-21 -4.84323e-10 -1.03364e-20  1.92162e-10  7.59573e-21  1.39311e-10 -2.23486e-21 -5.99541e-12 -9.57918e-22  -2.7252e-11   1.2164e-21 -6.49128e-12 -3.69308e-22  2.48363e-12 -1.18447e-22   1.7446e-12  1.12944e-22  2.16631e-13 -3.62496e-24 -1.52381e-13 -2.51954e-23  -7.7051e-14  9.00737e-24 -9.79091e-15  1.55298e-24  4.25725e-15 -1.54931e-24  2.32862e-15 -1.73743e-25  4.40818e-16    4.886e-25 -2.31088e-17 -1.60748e-25 -3.61061e-17 -2.14337e-26 -1.00308e-17  1.63165e-26 -1.21357e-18  4.87058e-27  9.18719e-20  -2.4442e-27  7.22378e-20 -3.48865e-28  1.59349e-20   3.3358e-29  1.89951e-21  6.19828e-29  6.01488e-23  6.07024e-30   -2.441e-23  -3.7148e-30 -5.69504e-24 -5.96633e-31 -6.86735e-25  8.25356e-32 -5.04963e-26   1.6383e-32 -1.72094e-27 -8.79795e-34   7.5672e-29 -2.17736e-34  1.37601e-29  -4.3527e-35  8.62791e-31 -6.23622e-36  2.92174e-32 -2.31676e-37  4.92671e-34  4.59685e-39   2.4897e-36
 1.69779e-15  8.34085e-28 -9.94651e-14 -1.31851e-26  2.27777e-12  1.04911e-25 -3.15013e-11 -5.11695e-25  3.03556e-10  1.57814e-24 -2.18891e-09  -2.7253e-24  1.23141e-08  8.00581e-25  -5.5478e-08  4.17173e-24  2.03521e-07  2.16938e-23 -6.14039e-07  -1.9138e-22   1.5306e-06  6.17366e-22 -3.15034e-06  -8.6221e-22  5.31942e-06 -1.42431e-21 -7.26002e-06  1.23021e-20  7.77627e-06 -4.18145e-20 -6.13871e-06  9.97149e-20  2.98996e-06 -1.85906e-19 -1.19559e-07  2.81361e-19 -1.03744e-06 -3.50346e-19  6.37021e-07  3.59076e-19  6.75602e-08 -2.99974e-19 -2.38292e-07  2.00448e-19  4.35891e-08 -1.05626e-19  6.52115e-08  4.81025e-20  -2.0924e-08 -2.98129e-20 -1.72355e-08  2.92697e-20  5.65396e-09  -2.4351e-20  4.72307e-09  9.24822e-21 -9.14346e-10  6.90298e-21 -1.22106e-09 -1.37539e-20 -1.66946e-11  1.02575e-20  2.48318e-10 -3.22098e-21  6.25176e-11 -1.02639e-21 -2.86856e-11  1.47793e-21  -1.8786e-11  -4.8718e-22 -1.12992e-12 -1.00514e-22  2.40525e-12   1.1427e-22  9.40851e-13  -4.8643e-24  1.39233e-14  -2.3372e-23 -1.03531e-13  7.99477e-24   -3.699e-14  1.51552e-24 -2.78954e-15 -1.47766e-24  2.25259e-15 -9.50582e-26  9.75222e-16  4.68458e-25  1.64331e-16 -1.75323e-25  -7.7979e-18 -2.46135e-26  -1.1456e-17   2.1341e-26 -3.05466e-18  4.72674e-27 -3.93519e-19 -2.56227e-27  3.71696e-21 -4.40739e-28  1.31426e-20  2.87004e-29  3.05562e-21  6.37907e-29  3.93116e-22  7.31241e-30  2.55823e-23 -3.34134e-30 -9.35529e-25 -5.65329e-31 -4.48057e-25    6.645e-32 -5.76398e-26  1.01019e-32 -4.40303e-27  -1.2327e-33 -2.04165e-28 -1.94714e-34 -4.12171e-30 -3.17598e-35  1.07883e-31 -4.41029e-36  8.87955e-33 -1.50412e-37  1.82641e-34  7.66774e-40
 -2.5849e-28  2.44626e-14  7.43657e-27 -8.21415e-13 -8.11302e-26  1.44537e-11  5.10538e-25  -1.6744e-10 -2.04989e-24  1.40887e-09  5.12315e-24 -9.08726e-09 -5.92879e-24  4.64354e-08 -6.09116e-24 -1.91976e-07  2.16938e-23  6.50686e-07  8.49763e-23  -1.8215e-06 -6.67145e-22  4.22126e-06  2.07014e-21 -8.07552e-06 -3.34857e-21  1.26344e-05  -4.8684e-22 -1.58564e-05  2.13792e-20  1.53609e-05 -7.71446e-20 -1.05202e-05  1.81615e-19  3.73498e-06 -3.27463e-19  1.12992e-06  4.74845e-19 -2.13681e-06 -5.63037e-19  7.35935e-07  5.46084e-19  4.27331e-07 -4.27277e-19 -3.88589e-07   2.6113e-19 -4.09354e-08 -1.18022e-19  1.26576e-07  3.99513e-20 -7.39873e-10 -2.18908e-20 -3.55664e-08  2.86193e-20 -4.37307e-10 -2.78042e-20   9.0357e-09  1.12894e-20  1.13388e-09  8.47291e-21   -1.894e-09 -1.72549e-20  -6.0496e-10  1.30552e-20  2.51621e-10 -4.29717e-21  1.78282e-10 -1.04241e-21  3.53971e-12  1.70825e-21 -2.87444e-11 -5.99743e-22 -9.42707e-12 -7.20473e-23  1.10349e-12  1.08488e-22  1.61958e-12 -7.02173e-24  4.14146e-13 -1.89085e-23 -3.91755e-14  6.24319e-24  -5.5775e-14  1.19174e-24 -1.55496e-14 -1.27034e-24 -6.33395e-16  3.76745e-26  9.54602e-16  4.17905e-25  3.55197e-16 -1.92869e-25  5.63794e-17 -2.57793e-26 -1.25093e-18  2.64818e-26 -2.94674e-18  4.55594e-27 -7.78554e-19  -2.6241e-27 -1.06795e-19  -5.2003e-28 -4.17214e-21  1.96638e-29  1.62052e-21  6.20695e-29  4.32101e-22  8.03673e-30  5.83612e-23 -2.82665e-30  4.70679e-24 -4.85385e-31  1.48859e-25  4.99948e-32 -1.56726e-26  4.29841e-33 -2.67588e-27 -1.53224e-33 -1.99968e-28 -1.77894e-34 -8.77686e-30 -2.25529e-35 -2.15096e-31 -2.70925e-36 -2.10537e-33 -7.18653e-38  3.74287e-36
-3.93699e-15 -3.18594e-27  2.37278e-13  5.17138e-26 -5.59591e-12 -4.26374e-25  7.97936e-11  2.18958e-24 -7.93787e-10  -7.3037e-24  5.91726e-09  1.44442e-23 -3.44662e-08 -7.12612e-24  1.61054e-07  -4.3897e-23 -6.14039e-07  8.49763e-23  1.92998e-06    2.806e-22 -5.02636e-06 -2.00253e-21   1.0849e-05  5.90198e-21 -1.93064e-05 -9.83896e-21  2.79718e-05  3.55538e-21 -3.21857e-05  3.53202e-20  2.79553e-05 -1.36232e-19 -1.61118e-05  3.15447e-19  3.12466e-06 -5.48442e-19  3.91083e-06  7.60546e-19 -3.57216e-06 -8.58264e-19   3.7812e-07  7.88724e-19  1.08847e-06 -5.80081e-19 -4.58345e-07    3.257e-19 -2.46236e-07 -1.24183e-19  1.76722e-07  2.34321e-20  5.79764e-08 -7.04879e-21 -5.05009e-08  2.35544e-20 -1.72188e-08 -2.92612e-20  1.13109e-08  1.29547e-20  5.57988e-09  9.81087e-21 -1.62751e-09 -2.05231e-20 -1.52136e-09  1.57413e-20 -2.66962e-11 -5.35345e-21  2.79734e-10 -1.01391e-21  8.33756e-11  1.88449e-21 -2.08795e-11  -6.9414e-22  -1.9286e-11 -3.48589e-23   -3.374e-12  9.47632e-23  1.36855e-12 -9.44534e-24  8.70464e-13 -1.21351e-23  1.51881e-13  3.83815e-24 -3.35626e-14  5.80292e-25 -2.51473e-14  -9.2502e-25 -5.84319e-15  2.18138e-25 -1.35496e-16  3.41616e-25  3.30691e-16 -2.14549e-25  1.11847e-16 -2.46763e-26  1.74771e-17  3.12896e-26  2.30044e-19  4.44017e-27 -5.88656e-19 -2.59926e-27 -1.60204e-19 -5.77092e-28 -2.30918e-20  6.15274e-30  -1.6128e-21  5.71202e-29  9.10657e-23  8.13427e-30  4.10613e-23 -2.26251e-30  5.85772e-24 -3.81043e-31   5.0217e-25  3.51424e-32  2.54844e-26 -2.78377e-34  3.81243e-28 -1.66313e-33 -4.67759e-29 -1.55811e-34 -3.85078e-30 -1.51911e-35 -1.31427e-31 -1.40311e-36  -1.9115e-33 -2.27146e-38
 8.99638e-28 -5.17408e-14 -2.65342e-26  1.79068e-12  2.98112e-25 -3.25123e-11 -1.95617e-24  3.89105e-10  8.36748e-24 -3.38687e-09 -2.32366e-23  2.26315e-08  3.45011e-23 -1.20004e-07  1.49903e-23  5.15795e-07  -1.9138e-22  -1.8215e-06    2.806e-22  5.32662e-06  8.14939e-22  -1.2937e-05 -5.34293e-21  2.60467e-05   1.4876e-20 -4.31365e-05  -2.4468e-20  5.78122e-05  1.38058e-20 -6.07333e-05  5.67806e-20  4.66965e-05  -2.3209e-19 -2.14462e-05  5.24526e-19 -6.65121e-07 -8.75243e-19  8.76028e-06  1.15744e-18 -4.81223e-06 -1.24192e-18 -9.03188e-07  1.08323e-18  1.99724e-06 -7.53103e-19 -2.55818e-07  3.92606e-19 -5.85855e-07 -1.25861e-19  1.51374e-07  5.09803e-22  1.61664e-07  1.43984e-20 -4.21372e-08  1.31305e-20 -4.49307e-08 -2.77626e-20  6.06056e-09  1.38995e-20  1.15336e-08   1.0781e-20  7.25913e-10  -2.3264e-20 -2.27992e-09  1.80655e-20 -6.98619e-10 -6.26744e-21   2.3569e-10 -9.55892e-22  1.89314e-10  1.98657e-21  2.02434e-11 -7.57416e-22 -2.17453e-11  7.25863e-24 -1.00242e-11   7.3286e-23 -6.59522e-13 -1.10801e-23  9.34462e-13 -3.83009e-24  3.94484e-13   9.0668e-25  4.73782e-14 -2.61636e-25 -1.77972e-14 -4.51832e-25 -9.70595e-15  4.33661e-25 -1.98688e-15  2.46048e-25 -4.52936e-17 -2.40221e-25   9.3117e-17 -2.15846e-26  2.99509e-17  3.53079e-26  4.72643e-18  4.45131e-27  2.24558e-19 -2.45447e-27 -8.37113e-20 -6.03913e-28  -2.5343e-20 -1.01117e-29 -3.79061e-21  4.98172e-29 -3.28642e-22  7.61351e-30 -8.25516e-24 -1.73589e-30  2.10763e-24 -2.76889e-31  3.59077e-25  2.25668e-32  3.07004e-26 -3.27228e-33  1.60756e-27 -1.57965e-33  4.77387e-29 -1.24494e-34  4.30556e-31 -9.29302e-36 -1.52124e-32 -5.77701e-37 -2.91994e-34
 7.36753e-15  1.03828e-26 -4.58133e-13  -1.7287e-25  1.11596e-11  1.47386e-24 -1.64551e-10 -7.95588e-24  1.69488e-09  2.87302e-23 -1.30998e-08  -6.6086e-23  7.92346e-08  6.51801e-23 -3.85149e-07   1.4152e-22   1.5306e-06 -6.67145e-22 -5.02636e-06  8.14939e-22  1.37162e-05  2.12671e-21  -3.1133e-05 -1.28917e-20  5.85415e-05  3.38127e-20 -9.02371e-05 -5.36567e-20   0.00011167  3.39514e-20 -0.000106472  9.15275e-20  7.10801e-05 -3.84174e-19 -2.31524e-05  8.37657e-19 -1.00423e-05 -1.33302e-18  1.55993e-05  1.67469e-18 -4.71601e-06 -1.70636e-18 -3.54983e-06  1.41585e-18  2.83317e-06 -9.37981e-19  4.61205e-07  4.62131e-19 -9.80289e-07 -1.27897e-19 -3.84561e-08 -2.45552e-20  2.85729e-07  4.08473e-20  1.56412e-08 -2.86047e-21 -7.38868e-08 -2.28043e-20 -1.24342e-08  1.39643e-20  1.54281e-08  1.12783e-20  5.74545e-09 -2.52645e-20  -1.9213e-09  1.98168e-20 -1.61157e-09  -6.9255e-21 -9.64929e-11 -8.85547e-22  2.45703e-10  2.00101e-21  9.25657e-11 -7.79618e-22 -5.57399e-12  4.89722e-23 -1.43454e-11  4.55544e-23 -4.25252e-12  -1.0682e-23  1.36801e-13  4.90871e-24  4.83606e-13 -2.41225e-24  1.55479e-13 -1.22802e-24  1.31297e-14  1.27869e-25 -7.16001e-15  6.67952e-25 -3.22751e-15  1.38481e-25 -6.10966e-16 -2.68382e-25 -2.21925e-17 -1.73193e-26  2.07245e-17  3.81413e-26  6.63803e-18  4.64403e-27  1.06756e-18 -2.16388e-27  7.92143e-20 -5.94498e-28 -6.50884e-21 -2.56522e-29 -2.86277e-21  4.14475e-29  -4.4633e-22  6.61026e-30 -4.18525e-23 -1.30445e-30 -2.19148e-24 -1.90565e-31  6.79414e-28  1.22805e-32  1.06759e-26 -4.69232e-33  9.43089e-28 -1.31647e-33  4.29837e-29 -8.77785e-35  1.05659e-30 -4.88767e-36  1.09719e-32 -1.63594e-37
-2.68028e-27   8.8194e-14  8.11042e-26 -3.15669e-12 -9.36393e-25  5.93408e-11  6.38781e-24 -7.36184e-10 -2.90138e-23  6.65122e-09  8.92027e-23 -4.61987e-08 -1.67618e-22  2.55054e-07  7.34649e-23  -1.1435e-06  6.17366e-22  4.22126e-06 -2.00253e-21  -1.2937e-05  2.12671e-21  3.30335e-05  5.05163e-21 -7.02062e-05  -2.8439e-20  0.000123416   7.0141e-20 -0.000177007 -1.05818e-19  0.000201734  6.62237e-20 -0.000173107  1.51972e-19  9.72457e-05  -6.2106e-19 -1.55471e-05  1.28772e-18 -2.72628e-05 -1.93933e-18  2.30394e-05  2.30386e-18 -1.56077e-06 -2.22572e-18 -7.63711e-06  1.76236e-18  2.92137e-06 -1.12424e-18  1.86085e-06  5.36321e-19 -1.20728e-06 -1.37153e-19 -4.63084e-07 -4.61141e-20  3.57922e-07  6.95987e-20  1.39755e-07 -2.35995e-20 -8.13046e-08 -1.46641e-20 -4.51072e-08  1.33013e-20  1.12438e-08   1.1244e-20  1.22184e-08 -2.64305e-20  5.81857e-10  2.08522e-20 -2.20354e-09 -7.24412e-21 -7.37203e-10 -8.15893e-22  1.43126e-10  1.92446e-21   1.6032e-10 -7.56924e-22  3.30062e-11  8.41665e-23 -9.77811e-12  1.44544e-23  -7.3729e-12 -7.11779e-24 -1.51421e-12  1.28642e-23  2.01193e-13 -5.98449e-24  2.05585e-13 -2.18785e-24   5.4364e-14  7.83464e-25  3.54469e-15  9.03959e-25 -2.28741e-15  2.65271e-26 -9.19289e-16 -2.96545e-25 -1.67133e-16 -1.30691e-26  -9.5497e-18  3.95158e-26  3.42262e-18   5.0499e-27  1.17072e-18 -1.71789e-27  1.92066e-19 -5.44972e-28  1.75584e-20 -3.60298e-29  2.28436e-22  3.34319e-29 -1.99697e-22  5.35594e-30 -3.47477e-23 -9.84915e-31 -3.29793e-24 -1.29162e-31 -1.94038e-25  4.27675e-33 -6.04006e-27 -4.81995e-33  2.35723e-29 -9.61395e-34  1.01043e-29 -5.31384e-35   3.5075e-31 -2.05053e-36  3.50361e-33
-1.10318e-14 -2.90982e-26  7.10664e-13  4.96487e-25 -1.79525e-11 -4.36307e-24  2.74832e-10  2.46477e-23 -2.94258e-09  -9.5728e-23  2.36734e-08   2.5172e-22  -1.4927e-07 -3.76224e-22  7.57672e-07 -8.71302e-23 -3.15034e-06  2.07014e-21   1.0849e-05 -5.34293e-21  -3.1133e-05  5.05163e-21  7.45717e-05  1.10192e-20 -0.000148652 -5.78127e-20  0.000244476  1.33891e-19 -0.000326007 -1.89713e-19    0.0003409  1.07389e-19  -0.00026008  2.62245e-19  0.000116221 -9.82804e-19  8.91132e-06  1.90792e-18 -5.30157e-05 -2.69573e-18  2.77825e-05  3.01181e-18  6.51856e-06 -2.75457e-18 -1.24251e-05  2.09043e-18  1.30644e-06 -1.30061e-18  3.83627e-06  6.17641e-19 -9.09876e-07 -1.60231e-19 -1.09977e-06 -5.86461e-20  2.63488e-07  9.73608e-20  3.14073e-07 -4.71848e-20   -3.628e-08 -4.53666e-21 -8.21499e-08  1.23933e-20 -6.76759e-09   1.0688e-20  1.63546e-08 -2.67883e-20  5.44186e-09   2.1106e-20 -1.61837e-09 -7.18754e-21   -1.443e-09 -7.49764e-22 -1.86967e-10  1.76605e-21  1.57905e-10 -6.93664e-22  7.97061e-11  1.06886e-22  7.38111e-12 -1.59794e-23 -6.73828e-12  3.33311e-25 -3.16197e-12  1.89249e-23 -4.64336e-13 -9.67955e-24  1.11557e-13 -3.01589e-24  7.39835e-14  1.47723e-24  1.70386e-14  1.12608e-24  1.03719e-15  -8.2131e-26 -5.79488e-16 -3.21862e-25 -2.20459e-16 -1.01095e-26 -3.94493e-17  3.93231e-26 -3.08154e-18  5.67264e-27  3.54245e-19 -1.12767e-27  1.55084e-19 -4.53927e-28  2.60987e-20 -3.71364e-29  2.61441e-21  2.69883e-29  1.30871e-22  4.11121e-30 -4.72966e-24 -7.58465e-31 -1.53897e-24  -9.0249e-32 -1.47032e-25 -1.27679e-33 -8.11205e-27 -4.09129e-33 -2.62436e-28 -6.10759e-34 -4.05407e-30 -2.67025e-35   -5.013e-33 -5.88669e-37
 6.87401e-27 -1.19579e-13   -2.139e-25  4.44843e-12  2.53178e-24 -8.70026e-11 -1.78753e-23  1.12422e-09  8.56574e-23 -1.05921e-08 -2.87846e-22  7.68283e-08  6.48256e-22 -4.43606e-07  -7.3405e-22   2.0837e-06  -8.6221e-22 -8.07552e-06  5.90198e-21  2.60467e-05 -1.28917e-20 -7.02062e-05  1.10192e-20  0.000158117  2.22264e-20 -0.000296084 -1.09013e-19  0.000455778  2.36743e-19  -0.00056435 -3.11156e-19  0.000538619  1.42981e-19 -0.000358704  4.63682e-19  0.000113033 -1.52114e-18  5.77736e-05  2.72453e-18 -8.45565e-05 -3.57823e-18  2.45743e-05  3.73724e-18  2.05905e-05 -3.23209e-18 -1.60098e-05  2.36514e-18 -2.91596e-06 -1.45629e-18  5.80543e-06   7.0663e-19  2.90509e-07 -2.00797e-19 -1.75702e-06 -5.83614e-20 -1.11864e-07  1.20968e-19  4.69199e-07  -7.0892e-20  8.38235e-08  5.61245e-21  -1.0051e-07  1.19278e-20 -3.90369e-08  9.71328e-21  1.25688e-08 -2.64468e-20  1.11071e-08  2.05788e-20  7.99935e-10 -6.77769e-21  -1.6916e-09 -6.76712e-22 -6.72944e-10  1.54749e-21  2.65663e-11 -6.02314e-22  1.01148e-10  1.12352e-22  3.21587e-11 -4.11576e-23 -1.23051e-13  1.17523e-23 -3.35837e-12  2.22838e-23 -1.17161e-12 -1.33568e-23 -1.27657e-13 -3.62058e-24  4.33751e-14  2.16659e-24  2.27371e-14  1.32118e-24   4.7781e-15 -1.80167e-25  3.25516e-16 -3.41764e-25 -1.12272e-16 -9.46991e-27 -4.32399e-17  3.76454e-26 -7.71638e-18  6.48642e-27 -7.29059e-19 -4.24635e-28  5.14832e-21 -3.23329e-28  1.39689e-20 -2.65687e-29  2.50307e-21  2.28275e-29  2.57116e-22   3.0887e-30   1.6093e-23  -5.8904e-31  4.22052e-25 -6.62476e-32 -2.38048e-26 -4.28259e-33 -2.99983e-27  -2.9747e-33 -1.38987e-28 -3.32305e-34 -3.08436e-30  -1.0507e-35 -2.25135e-32
