 4.95859e-09  2.10977e-22 -7.08573e-08 -4.92355e-21  3.58558e-07  3.17319e-20 -9.62425e-07 -1.05743e-19  1.49711e-06  2.10352e-19 -1.28568e-06 -2.41235e-19  3.99516e-07  8.16569e-20  2.16972e-07  2.23479e-19 -1.45429e-07 -4.46309e-19 -5.83074e-08   4.1843e-19  3.19183e-08 -2.28005e-19  2.17705e-08  8.16079e-20 -1.74233e-09 -4.89672e-20 -5.87883e-09  5.38266e-20 -1.94615e-09 -3.81013e-20   4.6103e-10  1.41094e-20  6.39134e-10 -1.20703e-21   2.2623e-10 -1.92026e-21 -7.52486e-12  1.11639e-21 -4.66951e-11   1.3974e-22 -2.45381e-11 -2.93156e-22 -5.87564e-12  -1.2039e-23  6.12503e-13  4.29596e-23  1.24444e-12  2.16315e-23  6.22659e-13 -1.18686e-23  1.85968e-13 -5.20635e-24  2.60014e-14  9.72939e-25 -7.53312e-15  1.69303e-24 -6.99516e-15  2.97869e-25 -2.98561e-15 -3.22589e-25  -9.0304e-16 -1.49306e-25 -1.99821e-16 -1.30994e-27  -2.6193e-17  2.27719e-26  2.28709e-18  6.68378e-27  2.87061e-18 -4.62072e-28  1.15362e-18 -4.29856e-28  3.37407e-19  1.00857e-28  8.08731e-20  7.58602e-29  1.64423e-20  5.12739e-30  2.84162e-21 -8.26538e-30  4.05414e-22 -3.85734e-30  4.28485e-23  2.46521e-32  1.64303e-24   8.5589e-31 -6.58231e-25   4.6991e-31 -2.32662e-25  1.42653e-31 -5.01487e-26  2.74517e-32 -8.62635e-27  2.45235e-33 -1.26911e-27 -4.70066e-34 -1.64085e-28 -2.65977e-34 -1.88727e-29 -6.82289e-35 -1.94102e-30 -1.17755e-35 -1.78702e-31 -1.34194e-36 -1.47016e-32 -7.16043e-38 -1.07627e-33  7.60825e-39  -6.9664e-35  2.69674e-39 -3.95203e-36  4.32142e-40 -1.93954e-37  4.74789e-41 -8.08183e-39  3.83554e-42 -2.79591e-40  2.34206e-43 -7.78707e-42   1.0637e-44  -1.6466e-43  3.33787e-46 -2.33528e-45  6.27072e-48 -1.78265e-47  4.61712e-50
 2.10977e-22  1.05486e-07  3.03658e-21 -8.46904e-07 -4.87838e-20   3.1982e-06  2.50921e-19  -6.8754e-06 -7.09786e-19  8.65428e-06  1.24125e-18 -5.63853e-06 -1.28768e-18  5.30691e-07    4.451e-19  1.45843e-06  8.51074e-19 -3.07116e-07 -1.58009e-18 -4.11596e-07  1.27227e-18  2.28292e-08 -5.05693e-19  1.12508e-07  6.43476e-20  2.86988e-08 -4.98942e-20 -1.69098e-08  1.09668e-19 -1.37281e-08 -7.79702e-20 -2.40997e-09  2.66301e-20  1.79869e-09 -3.56784e-21  1.41891e-09 -3.69305e-21  3.99754e-10  2.89021e-21   -4.793e-11  5.39411e-22 -9.83164e-11  -8.6505e-22 -4.76921e-11 -1.11609e-22 -1.15356e-11  1.39603e-22  5.91191e-13  7.48723e-23  1.98031e-12  -4.0383e-23  1.04867e-12  -1.8382e-23  3.43545e-13  4.94008e-24  6.86034e-14  6.14225e-24  1.53341e-16  7.94326e-25 -6.84395e-15 -1.08174e-24 -3.59568e-15 -4.98579e-25 -1.24183e-15 -2.97556e-26 -3.28921e-16  5.47901e-26 -6.70812e-17  1.88495e-26 -9.09438e-18   1.1525e-27  3.35441e-20  3.73946e-28  5.20116e-19  7.21545e-28  2.12685e-19  2.36792e-28   6.0146e-20 -3.00608e-30  1.38943e-20 -2.41006e-29  2.75865e-21 -6.27119e-30  4.80004e-22  3.29644e-30  7.35783e-23  3.69014e-30  9.88176e-24  1.67586e-30  1.14011e-24  4.75462e-31  1.07362e-25  8.96997e-32   6.9684e-27  9.07468e-33  1.08981e-30 -7.55181e-34  -9.0347e-29 -5.83243e-34 -1.80424e-29 -1.51883e-34 -2.46052e-30 -2.56775e-35 -2.70398e-31 -2.84638e-36  -2.5106e-32 -1.56278e-37 -2.00156e-33  1.15721e-38 -1.37457e-34  4.38881e-39 -8.09443e-36  6.69833e-40 -4.04124e-37  6.82268e-41 -1.67765e-38   5.0146e-42 -5.63858e-40   2.7252e-43 -1.47448e-41   1.0642e-44 -2.77716e-43  2.70266e-46 -3.21227e-45  3.55763e-48 -1.49898e-47
-7.08573e-08  3.03658e-21   1.0959e-06  2.44578e-20  -6.0502e-06 -2.96437e-19  1.79312e-05  1.25901e-18 -3.14471e-05 -3.07328e-18   3.1933e-05    4.758e-18 -1.46875e-05 -4.44741e-18 -2.78749e-06  1.43774e-18  4.91483e-06  2.30987e-18   4.8454e-07 -3.88392e-18 -1.33592e-06  2.65127e-18 -3.60637e-07 -6.68778e-19   2.5865e-07 -1.62689e-19  1.75504e-07 -1.87179e-21  3.41038e-09  1.73388e-19 -3.99331e-08 -1.04664e-19  -1.9324e-08  3.25857e-20 -9.10632e-10 -1.09258e-20  3.53228e-09 -5.03052e-21  2.08597e-09  6.23828e-21  4.92391e-10   1.4219e-21 -9.38938e-11 -1.83133e-21 -1.36892e-10 -3.67561e-22 -6.38753e-11  3.21582e-22 -1.62798e-11  1.57432e-22 -3.45743e-13 -1.03055e-22    1.955e-12 -4.23315e-23  1.14536e-12  1.65241e-23  4.11233e-13   1.5768e-23  1.01711e-13   1.7288e-24  1.34893e-14 -2.47979e-24  -2.3034e-15 -1.21486e-24 -2.30717e-15 -1.70483e-25 -9.54817e-16  6.67858e-26 -2.89667e-16  3.36256e-26  -7.0765e-17   8.6895e-27 -1.40776e-17  5.11416e-27 -2.15876e-18  2.71906e-27 -1.90461e-19  6.34233e-28  2.10511e-20  8.81357e-30   1.5318e-20 -2.46149e-29  4.63981e-21  7.43014e-30   1.0626e-21  1.65416e-29  2.04688e-22  1.07844e-29  3.44584e-23  4.21647e-30  5.15724e-24  1.12457e-30  6.91704e-25  2.09377e-31  8.33873e-26  2.38826e-32  9.03227e-27 -5.60163e-35  8.76289e-28 -7.86427e-34  7.56923e-29 -2.19549e-34  5.76578e-30 -3.68078e-35  3.81593e-31 -3.96435e-36  2.14148e-32 -2.17683e-37   9.7386e-34  1.19975e-38  3.21385e-35  4.80538e-39  4.50903e-37  6.92691e-40 -2.75659e-38  6.48976e-41 -2.51109e-39  4.29773e-42  -1.1215e-40  2.04933e-43 -3.24547e-42  6.71638e-45 -5.82234e-44  1.31025e-46 -5.13764e-46  9.87263e-49
-4.92355e-21 -8.46904e-07  2.44578e-20  7.41237e-06  1.35167e-19 -3.08022e-05 -1.30332e-18  7.39528e-05  4.68164e-18 -0.000106906 -9.98536e-18  8.63082e-05  1.37623e-17  -2.3177e-05  -1.1563e-17 -1.72001e-05  3.30631e-18  9.90345e-06  5.11814e-18  4.74767e-06 -7.61833e-18 -2.32282e-06   4.3339e-18 -1.75697e-06 -4.39584e-19  1.30328e-07  -6.3439e-19   4.9451e-07  1.80732e-20  1.63329e-07  2.53892e-19 -4.55183e-08 -8.90599e-20 -5.88068e-08  2.89509e-20 -1.97978e-08 -2.94246e-20  1.74979e-09 -6.95005e-21  4.87328e-09  1.19223e-20  2.40459e-09  3.17321e-21  5.04628e-10 -3.06638e-21 -1.13529e-10 -7.47026e-22 -1.45847e-10   5.9628e-22 -6.75886e-11  2.16797e-22 -1.85824e-11 -2.28289e-22 -1.77982e-12 -7.73489e-23    1.263e-12  4.22611e-23  9.02918e-13  3.38328e-23  3.58239e-13  4.03648e-24  1.02499e-13  -4.4149e-24  2.08948e-14 -2.49363e-24  2.03915e-15 -6.05144e-25 -5.90772e-16 -2.28012e-26 -4.19714e-16  3.47036e-26 -1.53129e-16  2.56906e-26 -4.26698e-17  1.73572e-26 -9.86881e-18  7.31558e-27  -1.9398e-18  1.61888e-27  -3.2228e-19  1.95888e-28 -4.33574e-20  7.04852e-29  -4.0097e-21  7.18422e-29  2.56307e-25  5.12152e-29  1.07187e-22  2.50036e-29  3.10402e-23  8.64377e-30  6.22184e-24  2.17802e-30  1.02212e-24  4.01522e-31  1.44913e-25  5.05797e-32  1.81148e-26  2.63976e-33  2.01578e-27 -6.39977e-34  2.00413e-28 -2.27203e-34  1.78027e-29 -3.89288e-35  1.40909e-30  -4.0782e-36   9.8874e-32 -2.15855e-37  6.10365e-33  1.06444e-38   3.2792e-34  4.12901e-39   1.5108e-35   5.5291e-40  5.85214e-37  4.71097e-41  1.85169e-38  2.77519e-42  4.57802e-40  1.13941e-43  8.18535e-42  3.02736e-45  9.23917e-44  4.14221e-47  4.30696e-46
 3.58558e-07 -4.87838e-20  -6.0502e-06  1.35167e-19  3.67167e-05  5.62031e-19 -0.000120958 -4.46429e-18  0.000240236  1.38046e-17 -0.000287268   -2.597e-17  0.000178358  3.19955e-17 -9.60192e-06 -2.41222e-17 -5.16652e-05  5.81711e-18  9.61718e-06  9.69756e-18   1.5295e-05 -1.26006e-17 -7.96565e-07  5.81888e-18 -4.41188e-06  4.24825e-19 -1.09225e-06 -1.23189e-18  7.48744e-07 -1.35756e-19    5.784e-07  3.48478e-19  8.27494e-08  9.93242e-22 -9.19651e-08  2.29254e-20 -6.54325e-08 -6.42455e-20 -1.60071e-08 -1.30376e-20  4.07674e-09  1.93529e-20  5.31892e-09  6.11063e-21  2.34068e-09 -3.99001e-21  4.69345e-10 -9.47714e-22 -9.54289e-11  9.54462e-22 -1.25041e-10   1.4082e-22 -5.91161e-11 -4.63817e-22  -1.7667e-11 -1.27298e-22 -2.85005e-12  8.80502e-23  3.95677e-13  6.48889e-23  5.09655e-13  1.01213e-23  2.31967e-13 -6.24122e-24   7.4611e-14 -4.53166e-24  1.85332e-14 -1.61703e-24   3.4388e-15 -3.55676e-25  3.52413e-16  -1.6038e-26 -5.31002e-17  4.95101e-26 -4.25086e-17  3.90883e-26 -1.48548e-17  1.56527e-26 -3.92061e-18   3.8126e-27 -8.65387e-19  9.00763e-28 -1.65529e-19  4.14879e-28 -2.78042e-20  2.40681e-28 -4.10605e-21  1.21506e-28 -5.27757e-22  4.90411e-29  -5.7379e-23   1.5289e-29 -4.88233e-24  3.65426e-30 -2.33737e-25  6.66852e-31  1.75092e-26  9.02929e-32  6.60032e-27  7.80963e-33  1.09847e-27 -2.97961e-35  1.37042e-28 -1.56312e-34  1.41061e-29 -3.01785e-35  1.23569e-30 -3.10133e-36  9.30283e-32 -1.47095e-37  6.01579e-33  9.70918e-39  3.31548e-34  3.01002e-39  1.53498e-35  3.63295e-40  5.83981e-37  2.76752e-41  1.76398e-38  1.42511e-42  3.99821e-40  4.90822e-44  6.14963e-42   1.0022e-45   5.1275e-44  7.85106e-48
 3.17319e-20   3.1982e-06 -2.96437e-19 -3.08022e-05  5.62031e-19  0.000142072  1.85526e-18 -0.000383714 -1.24446e-17   0.00063923  3.35712e-17 -0.000629992 -5.60853e-17  0.000279946  6.19306e-17   6.6714e-05 -4.18475e-17 -0.000104754   8.0944e-18 -1.11769e-05  1.60313e-17   3.0723e-05 -1.81366e-17  7.97338e-06  6.49744e-18 -6.68421e-06  2.02652e-18 -4.26333e-06 -1.72119e-18  1.47283e-07 -5.99774e-19  1.13151e-06  4.18473e-19  4.90395e-07  1.87001e-19 -1.59579e-08    3.461e-20 -1.15953e-07 -1.13708e-19 -5.99869e-08 -2.86877e-20   -1.075e-08  2.49932e-20  5.08577e-09  9.86078e-21  4.86424e-09 -3.50219e-21  2.00154e-09 -2.70936e-22  4.12044e-10  1.43015e-21 -5.29892e-11 -2.11779e-22 -8.72868e-11 -8.79817e-22  -4.3262e-11  -2.0991e-22 -1.40391e-11  1.54457e-22 -3.00612e-12   1.1432e-22  -1.9803e-13  2.41236e-23  1.77291e-13 -6.62704e-24  1.07777e-13 -7.44118e-24  3.94461e-14 -3.54469e-24  1.11253e-14 -1.12477e-24  2.54462e-15 -1.85733e-25  4.65331e-16  6.38793e-26  6.05235e-17  6.74889e-26  1.95301e-18  2.80461e-26 -1.88992e-18  8.00249e-27 -7.72886e-19  2.61619e-27  -2.0413e-19  1.20713e-27 -4.35129e-20  5.71661e-28 -7.97018e-21  2.39024e-28 -1.28714e-21  8.40983e-29 -1.85477e-22  2.40127e-29 -2.39742e-23   5.4611e-30 -2.78297e-24  9.83397e-31 -2.89593e-25  1.39327e-31 -2.68881e-26  1.48645e-32 -2.20998e-27  9.40442e-34 -1.58804e-28 -2.66215e-35 -9.77863e-30 -1.40668e-35 -4.97969e-31 -1.49214e-36 -1.94154e-32  -4.4799e-38 -4.45501e-34  9.70607e-39  6.56264e-36  1.97612e-39   1.2816e-36   2.0505e-40  7.21501e-38  1.36168e-41  2.53544e-39  5.98035e-43  5.79835e-41  1.66354e-44  7.79902e-43  2.37862e-46  4.13852e-45
-9.62425e-07  2.50921e-19  1.79312e-05 -1.30332e-18 -0.000120958  1.85526e-18  0.000447359  5.03879e-18  -0.00101398 -2.90797e-17   0.00142895  6.91221e-17  -0.00114589 -1.02982e-16  0.000303289  1.02025e-16  0.000248484 -6.17952e-17 -0.000148685  9.05844e-18 -6.99952e-05  2.34021e-17  3.97238e-05 -2.32888e-17  2.76952e-05  5.92613e-18  -3.9921e-06  4.29951e-18 -8.92032e-06 -1.85514e-18  -2.4315e-06  -1.4244e-18  1.19167e-06  3.86631e-19  1.15782e-06  4.62174e-19  3.14029e-07  9.35067e-20 -8.71382e-08 -1.63859e-19  -1.1411e-07 -5.85077e-20 -4.77698e-08   2.1792e-20 -6.34658e-09   1.2637e-20  4.71598e-09 -3.21896e-22  3.84022e-09  2.33474e-21  1.53295e-09  2.19967e-21  3.41184e-10 -9.38123e-22 -9.67262e-12 -1.55723e-21   -4.863e-11 -3.63488e-22 -2.62884e-11  2.32208e-22 -9.24975e-12  1.86499e-22  -2.3599e-12  5.10502e-23 -3.88153e-13 -3.77449e-24  1.19236e-15 -1.11807e-23  3.04326e-14 -6.70263e-24  1.43475e-14 -2.54784e-24  4.60661e-15 -5.71607e-25  1.18843e-15  3.37956e-26  2.57798e-16  9.25432e-26  4.73595e-17  4.32178e-26  7.19099e-18   1.4802e-26  8.20895e-19  5.80113e-27  4.07424e-20  2.60717e-27 -1.11326e-20  1.09757e-27 -4.45457e-21  4.05323e-28 -1.01862e-21  1.28457e-28 -1.83474e-22  3.40091e-29 -2.81078e-23  7.37663e-30 -3.77188e-24  1.30447e-30 -4.49237e-25  1.88904e-31 -4.77564e-26  2.21931e-32 -4.53752e-27   1.9871e-33 -3.84727e-28  1.15854e-34 -2.89929e-29  3.02767e-36 -1.92953e-30  8.38751e-38 -1.12374e-31  4.62954e-38 -5.65594e-33  9.70878e-39 -2.41863e-34  1.22339e-39 -8.57851e-36  1.02994e-40  -2.4349e-37  5.75503e-42 -5.23105e-39   2.0816e-43 -7.70637e-41  4.41012e-45 -6.18209e-43   3.5928e-47
-1.05743e-19  -6.8754e-06  1.25901e-18  7.39528e-05 -4.46429e-18 -0.000383714  5.03879e-18   0.00117934  1.15579e-17  -0.00228178 -5.82345e-17   0.00273068  1.22821e-16  -0.00173351 -1.63379e-16  0.000107058  1.45095e-16  0.000540706 -7.90555e-17 -0.000123941  8.36222e-18  -0.00016997  3.05091e-17  2.04064e-05 -2.73784e-17  5.49093e-05  4.01664e-18  9.71572e-06  7.06455e-18  -1.1832e-05 -1.45821e-18 -7.40108e-06 -2.54482e-18 -3.26048e-07  1.57342e-19  1.64739e-06   7.7985e-19  9.33932e-07   2.2949e-19  1.44522e-07 -1.87302e-19 -1.14573e-07  -1.0302e-19  -9.4947e-08  6.17823e-22 -3.43316e-08  1.09313e-20 -3.62995e-09  6.30905e-21   3.5176e-09   7.9883e-21  2.65142e-09  3.64218e-21  1.05638e-09  -2.0074e-21  2.60025e-10 -2.55579e-21  1.76997e-11 -6.39986e-22 -2.00049e-11  3.01732e-22 -1.28985e-11  2.82069e-22 -4.96269e-12  9.46914e-23 -1.42817e-12  3.86843e-24 -3.13176e-13 -1.56163e-23 -4.56411e-14 -1.13285e-23  -8.6481e-17 -4.83807e-24  2.77995e-15 -1.29322e-24  1.20539e-15 -9.31576e-26  3.57641e-16  9.71523e-26  8.62528e-17   5.7865e-26  1.78092e-17  2.41575e-26  3.21029e-18  1.05967e-26  5.07548e-19  4.62654e-27   6.9876e-20  1.79567e-27   8.1774e-21  6.05847e-28  7.61855e-22  1.76733e-28  4.39956e-23  4.38046e-29 -1.74808e-24  9.07636e-30 -1.00314e-24   1.5678e-30 -1.86081e-25  2.27681e-31 -2.51743e-26  2.78105e-32 -2.79185e-27   2.7886e-33 -2.63325e-28  2.24556e-34 -2.13906e-29  1.55427e-35 -1.49883e-30  1.13697e-36 -9.00912e-32  9.75076e-38 -4.59195e-33  8.79463e-39 -1.94856e-34  7.28736e-40 -6.69321e-36  4.73969e-41 -1.78173e-37  2.13337e-42 -3.41647e-39  6.04813e-44 -4.08661e-41  8.82628e-46 -1.96782e-43
 1.49711e-06 -7.09786e-19 -3.14471e-05  4.68164e-18  0.000240236 -1.24446e-17  -0.00101398  1.15579e-17   0.00265822  2.28598e-17   -0.0044464 -1.01752e-16   0.00451463  1.91141e-16    -0.002146 -2.26355e-16 -0.000445124  1.79599e-16  0.000869237  -8.9103e-17  4.03105e-05  7.13563e-18 -0.000281438  3.60475e-17 -4.98147e-05 -3.03807e-17  7.42212e-05  1.00345e-18  3.71706e-05  1.01091e-17 -7.16856e-06 -4.45077e-19 -1.30598e-05  -3.8011e-18 -4.24887e-06 -3.55317e-19  1.07756e-06  1.05616e-18  1.56976e-06  4.61804e-19  6.32798e-07 -1.48481e-19  3.23324e-08  -1.5634e-19  -1.0686e-07 -4.64769e-20 -6.96001e-08  4.09162e-23 -2.29159e-08  1.59111e-20 -2.29584e-09  1.74129e-20   2.1481e-09  6.27426e-21  1.60059e-09 -3.21897e-21  6.50444e-10 -3.87002e-21  1.77029e-10 -1.08081e-21  2.58207e-11  3.39679e-22 -4.30705e-12  3.96053e-22 -4.77437e-12  1.55136e-22 -2.09427e-12   1.6557e-23 -6.66166e-13 -2.07838e-23 -1.68937e-13 -1.76132e-23 -3.43602e-14 -8.18766e-24 -5.18933e-15 -2.47594e-24  -3.5619e-16 -3.77465e-25  1.06875e-16  6.03294e-26  5.67889e-17  6.68341e-26  1.67008e-17   3.4927e-26  3.84676e-18  1.65809e-26  7.52729e-19  7.05147e-27  1.29124e-19  2.57372e-27  1.96983e-20  8.09517e-28  2.68956e-21  2.20572e-28  3.29257e-22   5.1558e-29  3.60794e-23  1.02156e-29  3.52141e-24  1.71477e-30  3.03436e-25  2.46058e-31  2.27469e-26   3.0229e-32  1.44599e-27  3.13527e-33  7.40539e-29  2.73788e-34  2.65872e-30  2.10774e-35  2.43509e-32  1.53035e-36 -5.28737e-33  1.06022e-37  -5.0204e-34  6.90557e-39 -2.74479e-35  4.12993e-40 -1.04567e-36   2.0305e-41 -2.79436e-38  7.03607e-43  -4.8684e-40  1.45837e-44 -4.45584e-42  1.18227e-46
 2.10352e-19  8.65428e-06 -3.07328e-18 -0.000106906  1.38046e-17   0.00063923 -2.90797e-17  -0.00228178  2.28598e-17   0.00520782  3.96929e-17  -0.00760378 -1.57602e-16   0.00650674  2.63674e-16  -0.00204143 -2.75438e-16  -0.00138972  1.93902e-16   0.00107406  -9.0429e-17  0.000381366  7.79207e-18 -0.000338314  3.94387e-17 -0.000175809 -3.29065e-17  6.08633e-05 -2.77432e-18  7.20593e-05  1.32279e-17  1.05226e-05  1.21285e-18 -1.50692e-05 -4.98252e-18 -1.00065e-05 -1.20445e-18 -1.42744e-06  1.18827e-18  1.58373e-06  7.90271e-19  1.21657e-06 -1.44376e-20  3.74892e-07 -2.06179e-19 -1.91467e-08 -1.22529e-19 -8.15979e-08 -2.45421e-20  -4.6003e-08  2.64962e-20 -1.44595e-08  3.04797e-20 -1.67918e-09  1.05356e-20  1.04798e-09 -4.24138e-21  8.33708e-10 -5.39441e-21  3.52097e-10 -1.68327e-21  1.04779e-10  3.31532e-22  2.12682e-11  5.18495e-22  1.47237e-12  2.27218e-22 -1.06409e-12  3.23009e-23 -6.42957e-13 -2.72811e-23 -2.31846e-13 -2.58089e-23 -6.51304e-14 -1.27654e-23 -1.51931e-14 -4.22733e-24 -2.98352e-15 -8.72245e-25 -4.83296e-16 -3.73826e-26 -5.91306e-17  6.39914e-26 -3.34591e-18  4.48127e-26   8.0662e-19   2.2724e-26  3.55588e-19  9.45498e-27  8.65154e-20   3.2859e-27  1.64826e-20  9.76029e-28  2.66582e-21  2.50924e-28  3.77483e-22  5.56113e-29  4.74527e-23  1.05426e-29  5.32868e-24  1.71184e-30  5.35554e-25  2.39982e-31  4.81266e-26  2.90443e-32  3.85417e-27  3.00111e-33   2.7356e-28    2.647e-34  1.70736e-29  2.04539e-35  9.26975e-31    1.416e-36  4.31443e-32  8.67833e-38  1.68696e-33  4.65175e-39  5.38323e-35  2.16217e-40   1.3418e-36  8.06157e-42  2.42865e-38  2.06398e-43  2.76124e-40  2.81817e-45  1.27436e-42
-1.28568e-06  1.24125e-18   3.1933e-05 -9.98536e-18 -0.000287268  3.35712e-17   0.00142895 -5.82345e-17   -0.0044464  3.96929e-17   0.00898861   6.1543e-17   -0.0115385 -2.19704e-16   0.00819926  3.25661e-16   -0.0011211 -2.94221e-16  -0.00258814  1.81373e-16  0.000959917 -8.56125e-17  0.000858322   1.2821e-17 -0.000260213  4.11988e-17 -0.000329072  -3.5766e-17 -7.36475e-06 -7.09701e-18    9.706e-05  1.62111e-17  4.15017e-05  3.52192e-18 -7.95144e-06 -5.87491e-18 -1.49006e-05 -2.39536e-18 -5.91357e-06  1.08286e-18   2.4531e-07  1.19179e-18  1.47009e-06  2.32967e-19  8.19626e-07 -2.36563e-19  2.01656e-07 -2.23256e-19 -3.01451e-08 -6.53247e-20 -5.35685e-08  3.49885e-20 -2.77182e-08  4.59697e-20 -8.65321e-09  1.65009e-20 -1.28227e-09 -4.72865e-21  3.66873e-10 -6.91976e-21  3.63368e-10 -2.37453e-21  1.63397e-10  2.84945e-22  5.25663e-11  6.37933e-22  1.27836e-11  3.00868e-22  2.13461e-12  4.65308e-23  8.00163e-14 -3.65682e-23 -1.08867e-13 -3.63301e-23 -5.42815e-14 -1.87072e-23 -1.74238e-14 -6.60833e-24 -4.47305e-15 -1.60604e-24 -9.75382e-16  -2.0795e-25 -1.84649e-16  4.37083e-26 -3.04904e-17  5.08241e-26 -4.35149e-18  2.76229e-26 -5.20473e-19   1.1312e-26 -4.76614e-20  3.77654e-27  -2.1353e-21  1.06873e-27  3.20563e-22  2.61065e-28  1.09182e-22  5.50705e-29  1.95993e-23  9.99081e-30  2.70892e-24  1.56313e-30  3.12769e-25  2.12259e-31  3.10317e-26    2.496e-32  2.67226e-27  2.51558e-33  1.99941e-28  2.17033e-34  1.29353e-29  1.62356e-35  7.16441e-31  1.05536e-36  3.34434e-32  5.83423e-38  1.28541e-33  2.68999e-39  3.92767e-35  1.01427e-40  9.02295e-37  2.89517e-42  1.40988e-38  5.24673e-44  1.19021e-40   3.8407e-46
-2.41235e-19 -5.63853e-06    4.758e-18  8.63082e-05   -2.597e-17 -0.000629992  6.91221e-17   0.00273068 -1.01752e-16  -0.00760378   6.1543e-17    0.0138279  8.67014e-17   -0.0156874 -2.80007e-16   0.00900059  3.63207e-16   0.00070806 -2.72807e-16  -0.00373146  1.43409e-16  0.000387846 -7.99905e-17   0.00134051  2.33264e-17  6.38562e-06  4.26503e-17 -0.000448023 -3.94353e-17 -0.000134044 -1.19325e-17  8.90444e-05  1.88237e-17  7.72664e-05  6.46332e-18  1.15723e-05 -6.30448e-18 -1.46783e-05 -3.87786e-18 -1.09265e-05  6.85502e-19 -2.71742e-06  1.62359e-18  8.64486e-07   5.8846e-19  1.09781e-06 -2.32406e-19  4.99311e-07 -3.37121e-19  1.03223e-07  -1.2131e-19 -2.30154e-08  3.82015e-20 -3.07597e-08  6.16792e-20 -1.52277e-08  2.36589e-20 -4.85528e-09 -4.46424e-21 -9.09036e-10 -8.16957e-21  4.71859e-11 -3.00939e-21  1.23908e-10  2.36226e-22  6.25358e-11  7.45928e-22  2.17192e-11  3.63318e-22  5.90678e-12  5.26752e-23  1.27517e-12 -5.09114e-23  2.02252e-13 -4.97238e-23  1.38824e-14  -2.6072e-23 -4.97946e-15  -9.6015e-24 -2.69271e-15 -2.56842e-24 -8.24307e-16  -4.5097e-25  -1.9811e-16  2.69778e-27 -4.04411e-17   5.0209e-26 -7.22974e-18  2.99555e-26 -1.14763e-18  1.21758e-26 -1.62697e-19  3.93363e-27 -2.06164e-20  1.06744e-27 -2.32744e-21  2.48997e-28 -2.32255e-22    5.013e-29 -2.01891e-23  8.70252e-30 -1.48705e-24  1.30766e-30   -8.734e-26  1.70869e-31 -3.37387e-27  1.93341e-32  1.64063e-29  1.87505e-33  1.71261e-29  1.55386e-34  1.81724e-30  1.10437e-35  1.26563e-31   6.6707e-37  6.61099e-33  3.33233e-38  2.64188e-34  1.33815e-39  7.89697e-36  4.15904e-41  1.65904e-37  9.06238e-43  2.13239e-39  1.08187e-44  1.08691e-41
 3.99516e-07 -1.28768e-18 -1.46875e-05  1.37623e-17  0.000178358 -5.60853e-17  -0.00114589  1.22821e-16   0.00451463 -1.57602e-16   -0.0115385  8.67014e-17    0.0191623  1.13056e-16   -0.0192767 -3.31707e-16   0.00846688  3.68431e-16   0.00324482 -2.11793e-16  -0.00443947  8.87061e-17 -0.000642623 -7.87677e-17   0.00164455  3.83144e-17  0.000450611  4.51584e-17 -0.000458684 -4.37916e-17 -0.000293922 -1.73289e-17  3.02435e-05  2.08257e-17  0.000101374  9.95501e-18  4.11755e-05 -6.17709e-18 -5.56503e-06 -5.54758e-18 -1.36261e-05  4.44542e-22 -6.60781e-06   2.0324e-18 -8.82651e-07  1.02203e-18  8.63641e-07 -1.84178e-19  7.11013e-07 -4.47782e-19  2.82686e-07 -1.87432e-19  5.31271e-08   3.3943e-20  -1.2421e-08  7.48529e-20 -1.54271e-08   3.0887e-20 -7.55191e-09 -3.46266e-21 -2.49751e-09 -8.86555e-21 -5.61471e-10 -3.39818e-21 -4.98761e-11  2.44505e-22  2.69302e-11  8.39764e-22  1.83678e-11  4.02079e-22  7.08114e-12  4.35593e-23  2.09713e-12 -7.28358e-23  5.10995e-13 -6.64427e-23    1.037e-13 -3.47533e-23  1.70227e-14 -1.30821e-23  1.98737e-15 -3.70216e-24  4.97927e-17 -7.51042e-25 -5.48705e-17 -5.82786e-26 -2.01234e-17  4.15209e-26  -4.8277e-18  2.89616e-26 -9.36434e-19  1.18365e-26 -1.56011e-19  3.72765e-27 -2.28866e-20  9.75131e-28  -2.9909e-21  2.18039e-28  -3.5003e-22  4.19789e-29 -3.67429e-23  6.97176e-30 -3.45603e-24  1.00337e-30 -2.90399e-25  1.25513e-31 -2.16901e-26  1.35673e-32 -1.42993e-27  1.25407e-33 -8.24175e-29  9.86164e-35 -4.10072e-30  6.57602e-36 -1.73129e-31  3.65703e-37 -6.05555e-33  1.64202e-38 -1.69441e-34  5.72654e-40 -3.58886e-36  1.46007e-41 -5.21171e-38  2.35854e-43 -4.13128e-40  1.54522e-45
 8.16569e-20  5.30691e-07 -4.44741e-18  -2.3177e-05  3.19955e-17  0.000279946 -1.02982e-16  -0.00173351  1.91141e-16   0.00650674 -2.19704e-16   -0.0156874  1.13056e-16    0.0241664  1.39081e-16   -0.0215889 -3.71536e-16   0.00649191  3.41887e-16   0.00603904 -1.21981e-16  -0.00440642  2.94371e-17  -0.00197013 -8.43874e-17    0.0016044  5.51798e-17  0.000986459  4.93958e-17 -0.000306777 -4.82461e-17 -0.000436204 -2.32373e-17 -8.03033e-05  2.20405e-17   9.5382e-05   1.3812e-17  7.17715e-05 -5.50579e-18  1.31609e-05 -7.25994e-18 -1.09173e-05 -9.07059e-19 -9.70482e-06  2.36654e-18 -3.46306e-06  1.48525e-18 -9.27313e-08  -9.0798e-20  6.29135e-07 -5.37823e-19  4.13277e-07 -2.55203e-19  1.51363e-07  2.17742e-20  2.85146e-08  8.28096e-20 -4.66536e-09  3.66727e-20 -6.63093e-09 -1.97525e-21 -3.31391e-09 -8.79652e-21 -1.14461e-09 -3.35693e-21 -2.93264e-10  3.73609e-22 -5.00278e-11  9.21287e-22 -9.52373e-13   4.0738e-22  3.36725e-12  1.32257e-23  1.66877e-12 -1.04186e-22  5.49866e-13 -8.64707e-23  1.45523e-13 -4.43747e-23   3.2656e-14 -1.68024e-23  6.32811e-15 -4.90454e-24  1.05865e-15 -1.07818e-24  1.49915e-16 -1.33504e-25  1.69014e-17  2.53552e-26  1.19495e-18  2.47366e-26 -5.04368e-20  1.03908e-26 -3.78704e-20   3.2182e-27 -8.60426e-21  8.15763e-28 -1.42749e-21  1.75412e-28 -1.95458e-22  3.23468e-29 -2.29885e-23  5.13794e-30  -2.3592e-24  7.06598e-31 -2.12377e-25  8.42668e-32 -1.67589e-26  8.65242e-33 -1.15345e-27  7.56639e-34 -6.86162e-29  5.59373e-35 -3.47999e-30  3.46475e-36 -1.47522e-31  1.75734e-37 -5.07832e-33  7.02391e-39 -1.35838e-34  2.10062e-40 -2.62331e-36  4.29155e-42  -3.1642e-38  4.76439e-44 -1.54058e-40
 2.16972e-07    4.451e-19 -2.78749e-06  -1.1563e-17 -9.60192e-06  6.19306e-17  0.000303289 -1.63379e-16    -0.002146  2.63674e-16   0.00819926 -2.80007e-16   -0.0192767  1.39081e-16    0.0280282  1.64252e-16   -0.0222222  -3.9967e-16   0.00334975  2.91461e-16   0.00854936 -2.04564e-17  -0.00351591 -2.34588e-17  -0.00332063 -9.56197e-17   0.00113786  7.09921e-17    0.0014763  5.50551e-17  1.53315e-05  -5.2115e-17 -0.000501198 -2.93901e-17 -0.000221566   2.2429e-17  4.74065e-05  1.77408e-17  8.98653e-05 -4.41421e-18  3.75544e-05 -8.85682e-18 -1.16145e-06  -1.9277e-18 -9.86037e-06  2.58607e-18 -5.89378e-06  1.92236e-18 -1.63366e-06  4.02503e-20  1.26306e-07 -5.92368e-19  3.80382e-07 -3.14373e-19   2.1891e-07   3.1545e-21  7.70467e-08  8.35822e-20  1.57317e-08   3.9527e-20 -7.35457e-10 -3.90528e-22  -2.3332e-09 -7.86445e-21 -1.24633e-09 -2.76174e-21 -4.52325e-10  6.67809e-22 -1.26954e-10  9.92191e-22 -2.76653e-11  3.73385e-22 -4.13781e-12 -4.13375e-23 -9.18413e-14 -1.45113e-22   2.0753e-13 -1.08963e-22  9.36319e-14 -5.42283e-23  2.80568e-14 -2.04038e-23  6.80066e-15 -6.03955e-24  1.41313e-15  -1.3918e-24   2.5779e-16 -2.12811e-25  4.17118e-17  4.37706e-27   6.0033e-18  1.82011e-26  7.66289e-19  8.19432e-27  8.59355e-20   2.5279e-27    8.299e-21  6.24716e-28  6.60481e-22  1.29613e-28  3.82772e-23  2.29271e-29  7.14235e-25  3.48234e-30 -1.86403e-25  4.56757e-31 -3.30152e-26  5.17519e-32  -3.5015e-27  5.02369e-33 -2.82964e-28   4.1303e-34 -1.83883e-29  2.84792e-35 -9.70434e-31  1.62353e-36 -4.11451e-32  7.43311e-38 -1.36261e-33  2.60916e-39 -3.34698e-35   6.5482e-41 -5.53135e-37   1.0232e-42 -4.89615e-39  6.43538e-45
 2.23479e-19  1.45843e-06  1.43774e-18 -1.72001e-05 -2.41222e-17   6.6714e-05  1.02025e-16  0.000107058 -2.26355e-16  -0.00204143  3.25661e-16   0.00900059 -3.31707e-16   -0.0215889  1.64252e-16    0.0302326  1.88471e-16   -0.0212089 -4.17615e-16  -0.00042437  2.28964e-16    0.0103266  7.48055e-17  -0.00187052 -6.35838e-17  -0.00440036 -1.08576e-16  0.000277496  8.37224e-17   0.00177648   6.1076e-17  0.000460228 -5.49492e-17 -0.000442598 -3.52913e-17 -0.000354841  2.21245e-17 -4.09395e-05  2.13832e-17  8.26981e-05 -3.10725e-18  5.94901e-05 -1.01982e-17  1.44338e-05 -2.93856e-18 -5.55115e-06  2.66719e-18 -6.83101e-06  2.28155e-18 -3.21367e-06  1.95126e-19 -7.25799e-07 -6.01721e-19  1.19842e-07 -3.55173e-19  1.98403e-07 -1.90217e-20  1.05874e-07  7.64028e-20  3.69472e-08  3.84536e-20  8.44037e-09  9.31924e-22  5.53248e-10 -6.09343e-21 -5.96974e-10 -1.58802e-21  -3.8098e-10  1.13108e-21  -1.4802e-10  1.04856e-21 -4.45061e-11  2.98407e-22 -1.09368e-11 -1.18992e-22   -2.193e-12 -1.93398e-22 -3.35945e-13 -1.32098e-22 -2.78228e-14 -6.33121e-23  4.35835e-15 -2.34631e-23  2.77668e-15 -6.96041e-24  8.30555e-16 -1.64806e-24  1.90005e-16 -2.83691e-25  3.66283e-17  -1.7425e-26  6.16746e-18  1.07708e-26  9.22065e-19  5.72718e-27  1.23374e-19  1.79784e-27  1.48236e-20  4.36904e-28   1.6002e-21  8.78285e-29  1.54942e-22  1.49305e-29  1.34104e-23  2.16867e-30  1.03213e-24  2.70872e-31  7.01383e-26  2.90725e-32  4.16927e-27  2.65691e-33  2.14181e-28  2.04212e-34  9.35875e-30  1.30354e-35  3.40502e-31  6.77622e-37   1.0014e-32  2.76703e-38  2.27821e-34  8.37793e-40  3.73086e-36  1.70697e-41  3.81752e-38  1.86869e-43  1.58536e-40
-1.45429e-07  8.51074e-19  4.91483e-06  3.30631e-18 -5.16652e-05 -4.18475e-17  0.000248484  1.45095e-16 -0.000445124 -2.75438e-16   -0.0011211  3.63207e-16   0.00846688 -3.71536e-16   -0.0222222  1.88471e-16    0.0307081  2.10907e-16    -0.018945 -4.25805e-16   -0.0042377  1.66437e-16     0.011134  1.49583e-16  0.000264684 -8.98954e-17  -0.00498505 -1.18743e-16 -0.000843771   9.2739e-17   0.00178299   6.6126e-17  0.000938307 -5.66523e-17 -0.000245219 -4.03048e-17 -0.000435782   2.1406e-17 -0.000152683  2.43973e-17  4.38938e-05  -1.8125e-18  6.93033e-05 -1.11862e-17  3.15782e-05 -3.83526e-18  3.13256e-06  2.60037e-18 -5.18778e-06  2.52284e-18 -4.05196e-06  3.56724e-19  -1.6275e-06 -5.62887e-19 -3.22221e-07 -3.70577e-19  6.44786e-08 -4.12817e-20  8.97842e-08  6.19118e-20  4.62921e-08  3.33082e-20  1.63382e-08  1.82223e-21   4.1489e-09 -3.60657e-21  6.18125e-10  7.76019e-23 -5.95501e-11  1.71862e-21 -8.43444e-11  1.07826e-21 -3.76544e-11  1.84922e-22 -1.21728e-11 -2.14046e-22 -3.21604e-12 -2.44431e-22 -7.20778e-13 -1.53263e-22 -1.38068e-13 -7.04862e-23 -2.22468e-14  -2.5571e-23 -2.83998e-15 -7.53889e-24 -2.25182e-16 -1.80935e-24  1.17549e-17 -3.34462e-25  9.48621e-18 -3.59673e-26  2.43719e-18  3.88383e-27  4.60178e-19  3.43758e-27  7.20757e-20   1.1452e-27  9.75254e-21  2.77561e-28  1.15951e-21  5.43997e-29  1.21972e-22  8.91207e-30   1.1369e-23  1.23869e-30  9.36904e-25  1.47166e-31  6.78999e-26  1.49247e-32  4.29116e-27  1.27915e-33  2.33634e-28  9.14116e-35  1.07735e-29  5.36148e-36  4.10716e-31  2.51587e-37  1.24922e-32  9.03101e-39  2.86582e-34  2.30189e-40  4.48584e-36  3.61472e-42  3.80676e-38  2.26812e-44
-4.46309e-19 -3.07116e-07  2.30987e-18  9.90345e-06  5.81711e-18 -0.000104754 -6.17952e-17  0.000540706  1.79599e-16  -0.00138972 -2.94221e-16   0.00070806  3.68431e-16   0.00649191  -3.9967e-16   -0.0212089  2.10907e-16    0.0297778   2.2911e-16   -0.0159965   -4.226e-16  -0.00762018   1.1356e-16    0.0109663     1.96e-16   0.00256243 -1.05305e-16  -0.00496946 -1.22806e-16  -0.00203828  9.84851e-17   0.00145881  6.90181e-17    0.0013443  -5.7403e-17  6.86806e-05 -4.38011e-17 -0.000428883  2.06213e-17 -0.000259577  2.65464e-17 -2.29388e-05 -7.09491e-19   5.9527e-05 -1.17721e-17  4.40966e-05 -4.55318e-18  1.41075e-05  2.38575e-18 -7.61551e-07  2.62158e-18 -3.48529e-06  5.07224e-19  -2.1526e-06 -4.80254e-19 -7.82928e-07 -3.58124e-19  -1.5045e-07 -6.05422e-20  2.27283e-08  4.20331e-20  3.46421e-08  2.49108e-20  1.79127e-08   2.3818e-21  6.46722e-09 -5.89925e-22  1.78457e-09  2.05396e-21   3.6276e-10  2.34451e-21  3.86997e-11  1.06345e-21 -8.05155e-12  3.98527e-23 -6.40966e-12 -3.16786e-22 -2.40252e-12 -2.91922e-22 -6.84556e-13 -1.69561e-22 -1.63245e-13 -7.47175e-23  -3.3736e-14 -2.64227e-23 -6.12801e-15 -7.69394e-24 -9.81829e-16 -1.85315e-24 -1.38053e-16 -3.57423e-25 -1.67585e-17 -4.82705e-26 -1.68797e-18  -1.4125e-27 -1.25828e-19  1.62649e-27  -3.4381e-21  6.38535e-28  9.13459e-22  1.58517e-28  2.19999e-22  3.06116e-29  3.14554e-23  4.85565e-30  3.48934e-24   6.4686e-31  3.20062e-25  7.30686e-32  2.47628e-26  6.98703e-33  1.62052e-27   5.5956e-34  8.90498e-29  3.69744e-35  4.04365e-30  1.97675e-36  1.47757e-31  8.27684e-38  4.16361e-33  2.56443e-39   8.4154e-35  5.31655e-41  1.05618e-36  5.87657e-43  5.32094e-39
-5.83074e-08 -1.58009e-18   4.8454e-07  5.11814e-18  9.61718e-06   8.0944e-18 -0.000148685 -7.90555e-17  0.000869237  1.93902e-16  -0.00258814 -2.72807e-16   0.00324482  3.41887e-16   0.00334975 -4.17615e-16    -0.018945   2.2911e-16    0.0279736  2.39117e-16   -0.0128952  -4.0519e-16   -0.0103121  7.64148e-17   0.00998739  2.12881e-16   0.00472623 -1.14203e-16  -0.00436905  -1.1947e-16  -0.00311639  1.01744e-16  0.000836931  6.89078e-17   0.00158568 -5.75098e-17  0.000445428   -4.532e-17  -0.00031878  2.00875e-17 -0.000330368   2.7759e-17 -0.000104176  1.28816e-19  2.81416e-05 -1.19429e-17  4.61364e-05  -5.0696e-18  2.37978e-05   2.0308e-18   5.4625e-06  2.56881e-18 -1.33346e-06  6.29654e-19 -1.94508e-06  -3.6549e-19 -1.04488e-06 -3.20845e-19 -3.60813e-07 -7.49145e-20 -7.37707e-08  1.95333e-20  3.10081e-09  1.48554e-20  1.08575e-08  2.94265e-21   5.9247e-09  2.73543e-21  2.21102e-09  4.10241e-21   6.4827e-10    2.903e-21  1.53018e-10  9.87403e-22   2.7839e-11 -1.25083e-22  3.05841e-12 -4.14943e-22 -2.53182e-13 -3.29213e-22 -2.63401e-13  -1.7849e-22 -9.31755e-14 -7.53327e-23  -2.4369e-14 -2.58917e-23 -5.31161e-15 -7.41078e-24 -1.00617e-15 -1.77743e-24 -1.68792e-16 -3.50766e-25 -2.53052e-17  -5.3167e-26 -3.40382e-18 -4.66799e-27 -4.11074e-19   4.0734e-28 -4.44924e-20  2.94984e-28 -4.29823e-21  7.97114e-29 -3.68199e-22  1.54767e-29 -2.76996e-23  2.39748e-30 -1.80444e-24  3.07223e-31 -9.96291e-26  3.30163e-32 -4.49874e-27  2.97236e-33 -1.54703e-28  2.21664e-34 -3.28474e-30  1.34657e-35  1.02222e-32  6.50399e-37  4.08528e-33  2.39637e-38  1.72021e-34  6.25548e-40  3.77995e-36  1.00097e-41  4.00495e-38   6.3613e-44
  4.1843e-19 -4.11596e-07 -3.88392e-18  4.74767e-06  9.69756e-18 -1.11769e-05  9.05844e-18 -0.000123941  -8.9103e-17   0.00107406  1.81373e-16  -0.00373146 -2.11793e-16   0.00603904  2.91461e-16  -0.00042437 -4.25805e-16   -0.0159965  2.39117e-16    0.0258277  2.36642e-16   -0.0100118 -3.71582e-16   -0.0122544  5.72212e-17   0.00843811  2.04394e-16   0.00654485 -1.20158e-16  -0.00328803 -1.09225e-16   -0.0039268  1.03026e-16  4.13646e-06  6.53182e-17   0.00160338  -5.7309e-17  0.000814334 -4.47176e-17 -0.000114896  1.99944e-17 -0.000340025  2.81359e-17 -0.000179671  7.58894e-19 -1.99927e-05 -1.16988e-17  3.44896e-05 -5.38768e-18  2.83671e-05   1.5539e-18  1.15252e-05  2.37122e-18  1.91687e-06  7.09177e-19 -9.14241e-07 -2.36266e-19 -9.41186e-07  -2.6693e-19  -4.6519e-07 -8.41132e-20 -1.57927e-07 -2.61321e-21 -3.58461e-08   5.0722e-21 -2.50196e-09  3.91558e-21  2.42294e-09  6.12415e-21  1.57915e-09  5.97217e-21  6.23935e-10  3.29575e-21   1.9209e-10  8.42736e-22  4.90319e-11 -2.93793e-22  1.05227e-11 -4.95886e-22   1.8639e-12 -3.50774e-22  2.51218e-13  -1.7857e-22   1.6862e-14 -7.21944e-23  -3.4201e-15 -2.40633e-23 -1.74331e-15 -6.74382e-24 -4.62486e-16 -1.60042e-24  -9.5071e-17 -3.18599e-25 -1.65153e-17 -5.13154e-26 -2.50473e-18 -5.99839e-27  -3.3654e-19 -2.65068e-28 -4.03269e-20   9.3876e-29 -4.31897e-21  3.36703e-29 -4.13095e-22  6.88036e-30 -3.51746e-23  1.05913e-30 -2.65199e-24  1.31544e-31 -1.75662e-25  1.34858e-32 -1.01126e-26  1.14254e-33 -4.98593e-28  7.90975e-35 -2.06296e-29  4.39071e-36 -6.95765e-31  1.89643e-37 -1.83031e-32  6.04214e-39 -3.49012e-34  1.28458e-40 -4.17409e-36  1.44901e-42 -2.02341e-38
 3.19183e-08  1.27227e-18 -1.33592e-06 -7.61833e-18   1.5295e-05  1.60313e-17 -6.99952e-05  8.36222e-18  4.03105e-05  -9.0429e-17  0.000959917  1.43409e-16  -0.00443947 -1.21981e-16   0.00854936  2.28964e-16   -0.0042377   -4.226e-16   -0.0128952  2.36642e-16    0.0237327  2.18763e-16  -0.00752761 -3.22356e-16    -0.013523  5.45866e-17   0.00655791  1.77802e-16   0.00790457 -1.24633e-16    -0.001876 -9.35092e-17  -0.00437619  1.02403e-16 -0.000924229  5.81281e-17   0.00138066 -5.71325e-17   0.00110464 -4.22564e-17  0.000151029  2.03327e-17 -0.000276883  2.78955e-17  -0.00022842  1.34206e-18  -7.4058e-05 -1.10333e-17  1.00926e-05 -5.51119e-18  2.51939e-05   9.9241e-19  1.51723e-05  2.05205e-18   5.2239e-06  7.35198e-19  6.77626e-07 -1.13288e-19 -4.48678e-07 -2.07923e-19 -3.98075e-07  -8.9309e-20 -1.88112e-07 -2.18565e-20 -6.41106e-08  -2.7075e-21 -1.60933e-08  5.59252e-21 -2.45758e-09  9.30794e-21  1.70492e-10  7.44343e-21  2.96427e-10  3.45619e-21  1.35101e-10  6.36763e-22  4.42516e-11 -4.47684e-22  1.18818e-11 -5.49103e-22  2.72989e-12 -3.53475e-22  5.45064e-13 -1.69709e-22  9.46559e-14 -6.57398e-23  1.41016e-14 -2.12127e-23  1.73011e-15 -5.80194e-24  1.53622e-16 -1.35511e-24  3.58305e-18 -2.69199e-25  -2.1864e-18 -4.46409e-26 -6.12507e-19 -5.88808e-27 -1.09189e-19 -5.27614e-28 -1.54871e-20  -3.6388e-30 -1.85505e-21  1.03468e-29 -1.91784e-22  2.56278e-30 -1.72411e-23  4.08397e-31 -1.34752e-24  4.99903e-32 -9.10622e-26  4.92371e-33 -5.26598e-27  3.93248e-34 -2.56472e-28  2.52166e-35 -1.02761e-29  1.27099e-36 -3.27021e-31  4.84983e-38 -7.81602e-33  1.30586e-39 -1.26934e-34  2.14756e-41 -1.11297e-36  1.39556e-43
-2.28005e-19  2.28292e-08  2.65127e-18 -2.32282e-06 -1.26006e-17   3.0723e-05  2.34021e-17  -0.00016997  7.13563e-18  0.000381366 -8.56125e-17  0.000387846  8.87061e-17  -0.00440642 -2.04564e-17    0.0103266  1.66437e-16  -0.00762018  -4.0519e-16   -0.0100118  2.18763e-16    0.0219022  1.85333e-16   -0.0054763 -2.61268e-16   -0.0142527  6.41104e-17   0.00454044  1.41117e-16   0.00877309 -1.26944e-16 -0.000290374 -7.38584e-17  -0.00443049  9.97542e-17  -0.00182884  4.76109e-17  0.000941174 -5.72976e-17      0.00126 -3.86015e-17  0.000432697  2.08638e-17 -0.000145851  2.72767e-17 -0.000234465  2.07719e-18 -0.000120196 -9.93001e-18 -2.18805e-05 -5.42364e-18  1.39912e-05  4.09811e-19  1.47277e-05  1.65219e-18  7.36961e-06  7.04641e-19  2.29065e-06 -1.56293e-20  2.83108e-07 -1.55667e-19 -1.67488e-07 -9.24116e-20 -1.45141e-07 -3.64898e-20 -6.75994e-08 -7.38813e-21 -2.33554e-08  7.99489e-21 -6.32624e-09  1.20062e-20 -1.29503e-09  8.36157e-21  -1.5369e-10   3.3637e-21  1.84997e-11  3.91646e-22  1.85986e-11 -5.68943e-22  7.18622e-12 -5.68353e-22  2.06923e-12 -3.37242e-22   4.9682e-13   -1.532e-22  1.03531e-13 -5.68706e-23  1.90616e-14 -1.77386e-23  3.12569e-15 -4.72147e-24  4.57554e-16  -1.0803e-24  5.96711e-17 -2.12343e-25  6.88694e-18 -3.55255e-26  6.94214e-19 -4.94402e-27  5.95772e-20 -5.39658e-28  4.11512e-21 -3.76852e-29  1.92287e-22  5.80049e-31   2.9194e-26  6.89924e-31 -1.19397e-24  1.29845e-31 -1.56874e-25  1.63481e-32 -1.34523e-26  1.57466e-33 -8.78559e-28  1.19365e-34 -4.51101e-29  7.08944e-36 -1.80914e-30  3.22447e-37 -5.48571e-32  1.07117e-38  -1.1763e-33  2.36096e-40 -1.54936e-35  2.74712e-42 -8.12026e-38
 2.17705e-08 -5.05693e-19 -3.60637e-07   4.3339e-18 -7.96565e-07 -1.81366e-17  3.97238e-05  3.05091e-17 -0.000281438  7.79207e-18  0.000858322 -7.99905e-17 -0.000642623  2.94371e-17  -0.00351591  7.48055e-17     0.011134   1.1356e-16   -0.0103121 -3.71582e-16  -0.00752761  1.85333e-16    0.0204023  1.39509e-16  -0.00380832 -1.94548e-16   -0.0145826  7.93647e-17   0.00252107  1.01264e-16   0.00917268 -1.25164e-16   0.00132789 -5.14245e-17   -0.0041046  9.51904e-17  -0.00260484  3.45103e-17  0.000339745 -5.80688e-17   0.00124778 -3.47061e-17  0.000679454  2.11443e-17  3.26954e-05  2.64317e-17  -0.00019131  3.11231e-18 -0.000145422  -8.3798e-18 -5.33715e-05  -5.0834e-18 -2.87805e-06 -1.05247e-19  9.79695e-06  1.22898e-18  7.44761e-06  6.25418e-19  3.31967e-06  4.46338e-20  9.86859e-07 -1.18758e-19  1.43445e-07 -9.49917e-20 -4.34881e-08 -4.57329e-20 -4.39236e-08  -8.6981e-21 -2.08657e-08  1.08408e-20 -7.35124e-09  1.39599e-20 -2.09426e-09  8.65883e-21 -4.90128e-10  3.04494e-21 -9.11491e-11  1.39203e-22 -1.14858e-11 -6.44303e-22  1.22558e-14 -5.52847e-22  5.62696e-13 -3.04931e-22  2.17376e-13 -1.31372e-22  5.80176e-14 -4.67365e-23  1.26731e-14 -1.40719e-23  2.38849e-15 -3.63553e-24  3.97342e-16 -8.11615e-25  5.89932e-17 -1.56764e-25  7.85832e-18  -2.6092e-26  9.40962e-19 -3.69993e-27  1.01239e-19  -4.3523e-28   9.7649e-21 -3.98287e-29  8.41067e-22 -2.30434e-30  6.43259e-23  2.93236e-32  4.33563e-24  2.81864e-32  2.54991e-25  4.26526e-33  1.29169e-26  4.22971e-34  5.53875e-28  3.10618e-35  1.96285e-29  1.71912e-36  5.55232e-31  7.02407e-38  1.18682e-32  1.99542e-39  1.73772e-34  3.43127e-41  1.38852e-36  2.31428e-43
 8.16079e-20  1.12508e-07 -6.68778e-19 -1.75697e-06  5.81888e-18  7.97338e-06 -2.32888e-17  2.04064e-05  3.60475e-17 -0.000338314   1.2821e-17   0.00134051 -7.87677e-17  -0.00197013 -2.34588e-17  -0.00187052  1.49583e-16    0.0109663  7.64148e-17   -0.0122544 -3.22356e-16   -0.0054763  1.39509e-16    0.0192112  8.72635e-17  -0.00244515  -1.2938e-16   -0.0146289   9.3227e-17  0.000583667  6.30225e-17   0.00915509 -1.17397e-16   0.00286551 -2.69286e-17  -0.00344786   8.9365e-17  -0.00317261  2.00719e-17 -0.000349849  -5.9573e-17   0.00106252 -3.16023e-17  0.000846266   2.0606e-17  0.000227511  2.53497e-17 -0.000103765  4.46583e-18 -0.000141311 -6.41131e-18 -7.57744e-05 -4.43914e-18 -2.10249e-05 -4.52191e-19  1.50677e-06   8.5028e-19  5.24723e-06  5.18023e-19  3.34796e-06   6.6611e-20  1.39186e-06 -9.96914e-20  4.13018e-07 -9.72638e-20  7.51607e-08 -4.95112e-20 -3.65733e-09 -7.08666e-21 -1.01083e-08  1.36469e-20 -5.24582e-09  1.49867e-20  -1.9112e-09   8.3612e-21  -5.6359e-10  2.56357e-21 -1.40463e-10 -8.73594e-23 -2.99233e-11 -6.67934e-22 -5.39095e-12 -5.07124e-22 -7.84352e-13 -2.61516e-22 -7.78293e-14  -1.0703e-22  2.28839e-16 -3.64866e-23  2.48151e-15 -1.05905e-23  7.62032e-16 -2.64949e-24  1.62014e-16 -5.75045e-25  2.81207e-17 -1.08524e-25  4.19091e-18 -1.77868e-26  5.47475e-19 -2.51683e-27  6.32463e-20  -3.0315e-28  6.47929e-21 -3.02227e-29   5.8798e-22 -2.35762e-30  4.70686e-23 -1.23139e-31   3.3003e-24 -8.67484e-34  2.00598e-25  6.57477e-34  1.04169e-26  8.50703e-35  4.52853e-28  6.50404e-36  1.60061e-29  3.44293e-37  4.40025e-31  1.26733e-38  8.74083e-33  3.01416e-40  1.08522e-34  3.72462e-42  5.44053e-37
