 3.37154e-08  2.52596e-22 -5.82482e-07 -8.40196e-21  3.79074e-06  6.29283e-20 -1.42123e-05 -2.21521e-19   3.4945e-05  4.55663e-19 -5.94154e-05 -6.05432e-19   7.0937e-05  5.48514e-19 -5.86298e-05 -3.43276e-19  3.18499e-05  1.37994e-19 -1.00014e-05 -2.70769e-20   1.1885e-06
 2.52596e-22  8.40093e-07  5.26103e-21 -8.07574e-06 -9.68813e-20  3.89972e-05  5.04234e-19 -0.000117465 -1.33859e-18  0.000239707  2.15501e-18 -0.000342172 -2.29193e-18  0.000341856  1.69091e-18 -0.000231773 -8.55018e-19  9.82952e-05  2.51871e-19 -2.10252e-05 -2.40671e-20
-5.82482e-07  5.26103e-21  1.01006e-05   4.8831e-20 -6.59807e-05  -5.9046e-19  0.000248314  2.25339e-18 -0.000612896 -4.58306e-18   0.00104614  5.78081e-18  -0.00125396 -4.93063e-18    0.0010406  2.98598e-18 -0.000567632 -1.19551e-18  0.000179003   2.2097e-19 -2.13643e-05
-8.40196e-21 -8.07574e-06   4.8831e-20  7.79226e-05  2.69364e-19 -0.000377708 -2.29496e-18   0.00114207  6.53098e-18  -0.00233965 -1.01032e-17   0.00335296  9.86216e-18  -0.00336335 -6.79903e-18   0.00228968  3.44271e-18 -0.000975145 -1.01031e-18  0.000209485   6.5787e-20
 3.79074e-06 -9.68813e-20 -6.59807e-05  2.69364e-19   0.00043264  9.86477e-19  -0.00163445 -6.06089e-18   0.00404984  1.26584e-17  -0.00693986 -1.43051e-17   0.00835185  1.05171e-17  -0.00695915 -6.15731e-18     0.003812  2.66659e-18  -0.00120728 -4.01398e-19  0.000144728
 6.29283e-20  3.89972e-05  -5.9046e-19 -0.000377708  9.86477e-19   0.00183785  2.49629e-18  -0.00557862 -1.08237e-17    0.0114733  1.52922e-17   -0.0165081 -1.08842e-17    0.0166268   5.8006e-18   -0.0113662 -3.73801e-18   0.00486139  1.21438e-18  -0.00104893  1.23473e-19
-1.42123e-05  5.04234e-19  0.000248314 -2.29496e-18  -0.00163445  2.49629e-18   0.00619863  4.28095e-18   -0.0154193 -1.15409e-17    0.0265281  6.86181e-18   -0.0320553  1.17085e-18    0.0268207  7.48456e-20   -0.0147539 -1.76709e-18   0.00469301 -1.80179e-19 -0.000565118
-2.21521e-19 -0.000117465  2.25339e-18   0.00114207 -6.06089e-18  -0.00557862  4.28095e-18    0.0169999   4.2501e-18   -0.0351021 -1.87518e-18    0.0507108 -1.19888e-17   -0.0512865  1.14456e-17    0.0352081 -4.51955e-19    -0.015124 -5.25807e-19   0.00327779 -8.61291e-19
  3.4945e-05 -1.33859e-18 -0.000612896  6.53098e-18   0.00404984 -1.08237e-17   -0.0154193   4.2501e-18    0.0385088 -8.26175e-20   -0.0665207  1.65893e-17    0.0807118 -2.56254e-17   -0.0678163  7.63755e-18    0.0374663   2.9356e-18   -0.0119703  1.07336e-18   0.00144801
 4.55663e-19  0.000239707 -4.58306e-18  -0.00233965  1.26584e-17    0.0114733 -1.15409e-17   -0.0351021 -8.26175e-20    0.0727737  -7.8873e-18    -0.105567  2.89124e-17     0.107214 -1.67597e-17   -0.0739185 -6.81704e-18    0.0318924  3.04822e-18  -0.00694334  2.00669e-18
-5.94154e-05  2.15501e-18   0.00104614 -1.01032e-17  -0.00693986  1.52922e-17    0.0265281 -1.87518e-18   -0.0665207  -7.8873e-18     0.115382 -1.29232e-17    -0.140584   1.8984e-17     0.118629  9.84947e-18   -0.0658267 -1.44735e-17    0.0211262 -1.29744e-18  -0.00256747
-6.05432e-19 -0.000342172  5.78081e-18   0.00335296 -1.43051e-17   -0.0165081  6.86181e-18    0.0507108  1.65893e-17    -0.105567 -1.29232e-17     0.153779 -8.51871e-18    -0.156847 -9.07424e-18     0.108612  2.80552e-17   -0.0470718 -7.28577e-18    0.0102955 -3.55045e-18
  7.0937e-05 -2.29193e-18  -0.00125396  9.86216e-18   0.00835185 -1.08842e-17   -0.0320553 -1.19888e-17    0.0807118  2.89124e-17    -0.140584 -8.51871e-18     0.172024  3.70762e-18    -0.145794 -3.04237e-17    0.0812634   2.1535e-17   -0.0262008  3.40276e-18   0.00319934
 5.48514e-19  0.000341856 -4.93063e-18  -0.00336335  1.05171e-17    0.0166268  1.17085e-18   -0.0512865 -2.56254e-17     0.107214   1.8984e-17    -0.156847  3.70762e-18     0.160676  1.34245e-17    -0.111762 -2.71938e-17    0.0486596  2.68438e-18   -0.0106933  5.39206e-18
-5.86298e-05  1.69091e-18    0.0010406 -6.79903e-18  -0.00695915   5.8006e-18    0.0268207  1.14456e-17   -0.0678163 -1.67597e-17     0.118629 -9.07424e-18    -0.145794  1.34245e-17     0.124117  1.27346e-17   -0.0694986 -8.31957e-18    0.0225135 -7.55955e-18  -0.00276249
-3.43276e-19 -0.000231773  2.98598e-18   0.00228968 -6.15731e-18   -0.0113662  7.48456e-20    0.0352081  7.63755e-18   -0.0739185  9.84947e-18     0.108612 -3.04237e-17    -0.111762  1.27346e-17    0.0780951  4.76808e-18    -0.034162  5.48646e-18   0.00754383 -5.46676e-18
 3.18499e-05 -8.55018e-19 -0.000567632  3.44271e-18     0.003812 -3.73801e-18   -0.0147539 -4.51955e-19    0.0374663 -6.81704e-18   -0.0658267  2.80552e-17    0.0812634 -2.71938e-17   -0.0694986  4.76808e-18    0.0390987 -1.77033e-18   -0.0127271  6.80224e-18    0.0015695
 1.37994e-19  9.82952e-05 -1.19551e-18 -0.000975145  2.66659e-18   0.00486139 -1.76709e-18    -0.015124   2.9356e-18    0.0318924 -1.44735e-17   -0.0470718   2.1535e-17    0.0486596 -8.31957e-18    -0.034162 -1.77033e-18    0.0150163 -3.05693e-18  -0.00333258  2.74879e-18
-1.00014e-05  2.51871e-19  0.000179003 -1.01031e-18  -0.00120728  1.21438e-18   0.00469301 -5.25807e-19   -0.0119703  3.04822e-18    0.0211262 -7.28577e-18   -0.0262008  2.68438e-18    0.0225135  5.48646e-18   -0.0127271 -3.05693e-18   0.00416358 -1.57068e-18 -0.000516105
-2.70769e-20 -2.10252e-05   2.2097e-19  0.000209485 -4.01398e-19  -0.00104893 -1.80179e-19   0.00327779  1.07336e-18  -0.00694334 -1.29744e-18    0.0102955  3.40276e-18   -0.0106933 -7.55955e-18   0.00754383  6.80224e-18  -0.00333258 -1.57068e-18  0.000743423 -3.57742e-19
  1.1885e-06 -2.40671e-20 -2.13643e-05   6.5787e-20  0.000144728  1.23473e-19 -0.000565118 -8.61291e-19   0.00144801  2.00669e-18  -0.00256747 -3.55045e-18   0.00319934  5.39206e-18  -0.00276249 -5.46676e-18    0.0015695  2.74879e-18 -0.000516105 -3.57742e-19  6.43174e-05
