 6.05258e-09  1.24829e-25 -8.53601e-08 -6.79849e-24  4.25541e-07  1.19539e-22 -1.12216e-06 -9.68667e-22  1.70631e-06  4.39465e-21 -1.41488e-06 -1.25653e-20  3.94594e-07  2.43466e-20   2.6101e-07 -3.35883e-20 -1.46905e-07  3.41332e-20 -7.19961e-08 -2.51299e-20  2.98202e-08  9.49855e-21  2.51121e-08  7.68977e-21 -1.43984e-11 -1.78501e-20  -6.0669e-09  1.48961e-20   -2.468e-09 -4.22846e-21  2.52839e-10 -3.00879e-21  6.52446e-10  3.32134e-21  2.79474e-10 -1.13188e-21  1.95153e-11 -4.90545e-23 -4.18086e-11  2.51095e-22  -2.6815e-11 -2.22461e-22  -8.1035e-12  1.44747e-22  -3.2822e-13 -5.08609e-23  1.04012e-12  1.05783e-24  6.42898e-13  4.40057e-24  2.26804e-13  -1.3179e-24  4.71702e-14  1.51683e-24 -3.93275e-16 -9.55341e-25 -5.39281e-15  5.71201e-27   -2.861e-15  1.09686e-25 -9.94264e-16  1.61158e-27 -2.59285e-16 -1.59884e-26 -4.89376e-17  5.73433e-28 -4.38494e-18  3.79271e-27  1.28772e-18  -3.8281e-28  8.55064e-19 -3.20198e-28  2.98272e-19 -6.94217e-29  8.02088e-20 -5.22725e-29  1.80718e-20  2.18659e-29  3.50545e-21  1.21305e-29  5.87544e-22 -2.69095e-30    8.364e-23 -8.77207e-31  9.54078e-24  2.73047e-31  6.95715e-25  1.47322e-32 -2.48258e-26 -1.45741e-32 -2.14473e-26  3.96529e-33 -5.05864e-27 -7.47809e-34 -8.71067e-28 -8.97415e-34  -1.2449e-28  7.94068e-35 -1.54022e-29   7.9019e-35 -1.67859e-30 -2.11357e-36 -1.62288e-31 -5.07721e-36 -1.39391e-32 -5.88054e-37 -1.06123e-33  5.89699e-38 -7.12173e-35  1.52983e-38 -4.17877e-36  1.22437e-39 -2.11912e-37   2.4543e-40 -9.13182e-39  4.14506e-41 -3.25237e-40 -1.01673e-43 -9.20446e-42 -6.79265e-43 -2.01695e-43 -6.33472e-44 -3.61891e-45 -1.76201e-45 -5.02371e-47 -2.13988e-48
 1.24829e-25  1.27157e-07  1.30685e-24 -1.00733e-06 -6.28541e-23  3.74582e-06  1.03394e-21   -7.903e-06 -7.51046e-21  9.69879e-06  3.03177e-20 -6.04105e-06  -7.7242e-20  3.35521e-07  1.33802e-19  1.63201e-06 -1.66103e-19 -2.47899e-07  1.54083e-19 -4.59368e-07  -1.0509e-19 -5.07523e-09  3.31546e-20  1.18071e-07  4.14066e-20  3.84456e-08 -7.91789e-20 -1.43312e-08   5.7837e-20 -1.50217e-08 -1.06081e-20 -3.68066e-09 -1.45636e-20    1.431e-09  1.17338e-20  1.49854e-09 -3.00759e-21  5.22466e-10 -3.32578e-22  7.42376e-12  6.61705e-22 -8.89045e-11 -6.42686e-22 -5.20058e-11  4.52208e-22 -1.57137e-11 -1.43498e-22 -1.22546e-12  -1.2652e-23  1.52144e-12   1.1701e-23  1.03174e-12  1.64778e-24  3.93704e-13  4.32755e-24  9.95144e-14 -3.46535e-24  1.19093e-14 -2.83556e-25 -3.60371e-15  4.57918e-25 -2.99371e-15  5.88436e-26   -1.217e-15 -6.41172e-26 -3.65932e-16 -3.61691e-27 -8.71513e-17  1.11977e-26 -1.60577e-17  3.10847e-28 -1.88195e-18 -5.74562e-28  7.87903e-20 -4.89428e-28  1.26642e-19 -2.27755e-28  4.62732e-20   7.7937e-29  1.22115e-20  3.56177e-29  2.67054e-21 -8.13752e-30   5.0641e-22 -1.86695e-30  8.48558e-23  7.61632e-31  1.26566e-23  1.61575e-32   1.6806e-24 -1.61148e-32  1.97354e-25  8.71801e-33  2.01659e-26 -7.26426e-33  1.72959e-27 -2.91659e-33  1.13154e-28    5.012e-34  3.54777e-30  2.62644e-34  -3.9678e-31 -1.01863e-35 -9.30633e-32 -1.49089e-35 -1.14636e-32 -1.67748e-36 -1.06738e-33  1.19285e-37  -8.0958e-35  3.87788e-38 -5.10977e-36  5.94291e-39 -2.68832e-37  1.23347e-39 -1.16408e-38  1.42952e-40 -4.02812e-40 -8.39434e-43 -1.06719e-41 -1.59348e-42 -2.16389e-43 -1.19323e-43 -3.78424e-45  -2.5072e-45 -3.86883e-47
-8.53601e-08  1.30685e-24  1.30443e-06  1.94986e-24 -7.10419e-06  -2.9713e-22  2.07211e-05  5.53243e-21 -3.56175e-05 -3.75819e-20  3.51308e-05  1.37202e-19 -1.51323e-05 -3.13889e-19 -3.77728e-06  4.87912e-19  5.20593e-06 -5.46924e-19  8.15121e-07  4.67768e-19   -1.382e-06  -3.0194e-19 -4.71893e-07  8.01642e-20  2.37091e-07  1.43357e-19  1.98451e-07 -2.38315e-19  1.90557e-08  1.51664e-19 -3.84167e-08 -1.19648e-20 -2.23838e-08  -4.4507e-20 -2.90221e-09  2.70577e-20  3.10223e-09 -4.81351e-21  2.25942e-09 -8.45338e-22  6.80314e-10  9.95283e-22 -1.47965e-11 -1.27203e-21 -1.22972e-10  1.00474e-21 -6.88073e-11 -2.78156e-22 -2.14514e-11 -7.08382e-23 -2.70804e-12  1.83869e-23  1.27304e-12  1.85655e-23  1.05247e-12  9.98522e-24  4.39942e-13 -9.15009e-24  1.28243e-13 -1.47473e-24   2.5114e-14  1.25989e-24  1.39363e-15  2.72524e-25 -1.40364e-15 -1.60169e-25 -7.97147e-16 -2.52932e-26 -2.79474e-16  2.14213e-26 -7.65867e-17  4.77133e-27 -1.73293e-17 -1.66012e-28 -3.24327e-18 -1.66839e-27 -4.76463e-19   -6.477e-28 -4.29677e-20  1.72659e-28   2.8351e-21  6.77294e-29  2.50291e-21 -1.64378e-29  7.42968e-22 -2.20928e-30  1.63783e-22  1.47717e-30  3.02319e-23  6.90414e-32  4.87136e-24  3.62546e-32   6.9803e-25  1.54238e-33  8.97462e-26 -2.78635e-32  1.03943e-26  -6.4454e-33  1.08546e-27  1.62304e-33  1.02076e-28  5.98594e-34  8.61773e-30 -2.87601e-35  6.50063e-31 -3.08967e-35    4.353e-32 -3.58798e-36  2.56617e-33  1.12034e-37  1.31759e-34  7.37229e-38  5.80575e-36  1.78678e-38  2.15134e-37  3.45821e-39  6.53377e-39  3.21706e-40  1.59479e-40 -1.06079e-42  2.92007e-42 -2.33093e-42  1.39995e-44 -1.36564e-43 -1.22792e-45 -1.78247e-45
-6.79849e-24 -1.00733e-06  1.94986e-24  8.71081e-06 -7.47533e-23 -3.57001e-05 -5.47851e-22  8.42969e-05  2.11572e-20 -0.000119231 -1.41099e-19  9.29557e-05  4.72642e-19 -2.19761e-05 -9.76602e-19 -1.99653e-05  1.36476e-18  9.74101e-06 -1.38507e-18  5.66306e-06  1.10736e-18 -2.11809e-06 -6.97071e-19 -1.98529e-06   1.6088e-19  -6.0197e-09  3.79128e-19   5.0523e-07 -5.64693e-19  2.04896e-07  3.09583e-19 -2.81442e-08  1.05289e-20 -6.00435e-08 -1.01593e-19 -2.45443e-08   4.6473e-20 -6.58395e-10 -4.65434e-21  4.47658e-09 -1.06574e-21  2.65145e-09  6.91488e-22  7.28036e-10 -2.00051e-21 -2.23256e-11  1.85355e-21 -1.28007e-10 -4.24812e-22 -7.11482e-11 -2.24026e-22 -2.33433e-11  1.29915e-23 -4.11537e-12   6.4171e-23  5.06672e-13  2.18217e-23  7.46188e-13 -1.98061e-23  3.53367e-13  -4.5597e-24  1.15737e-13  2.67734e-24  2.84022e-14  7.97341e-25  4.78225e-15 -2.96077e-25  1.90263e-16 -8.73073e-26 -2.39936e-16  2.94231e-26 -1.20732e-16  1.71377e-26 -3.89007e-17  1.89849e-27 -1.00002e-17 -3.97603e-27 -2.17606e-18 -1.42164e-27 -4.08406e-19  2.65558e-28 -6.59693e-20  9.04336e-29 -8.93581e-21 -2.63158e-29 -9.32978e-22 -1.06412e-30 -4.97329e-23  2.46612e-30  7.39514e-24  4.44193e-31   3.0165e-24  2.06017e-31  6.31165e-25 -4.67819e-32  1.02139e-25 -7.24547e-32  1.39442e-26 -1.12229e-32  1.65746e-27  3.72453e-33   1.7381e-28  1.07632e-33   1.6158e-29 -6.28631e-35  1.33158e-30 -5.32443e-35  9.69332e-32  -6.7779e-36  6.19194e-33 -6.79269e-38  3.43658e-34  1.26534e-37  1.63302e-35  4.01919e-38  6.50821e-37  6.99223e-39  2.11526e-38  5.52094e-40  5.39301e-40  8.12228e-43  9.86674e-42 -2.40689e-42  8.74052e-44 -1.03046e-43 -3.60615e-46
 4.25541e-07 -6.28541e-23 -7.10419e-06 -7.47533e-23  4.25956e-05 -9.01769e-22 -0.000138358  2.71271e-21  0.000270037  6.06235e-20 -0.000315198 -4.23905e-19  0.000187093  1.32026e-18 -2.54406e-06 -2.47343e-18 -5.65101e-05  3.10631e-18  7.35862e-06 -2.85919e-18  1.67494e-05  2.17955e-18  2.17152e-07 -1.39114e-18 -4.58118e-06   2.9669e-19 -1.45367e-06  8.26866e-19   6.4915e-07 -1.12146e-18  6.31332e-07  5.19244e-19  1.34907e-07  8.42752e-20 -7.75277e-08 -1.85532e-19 -6.97261e-08  6.13983e-20 -2.16994e-08  -8.7646e-22  1.63462e-09  5.38003e-23  4.99482e-09 -8.81413e-22  2.60549e-09 -2.64861e-21  6.88417e-10  3.05589e-21 -6.01697e-12 -5.30733e-22 -1.04984e-10 -5.39985e-22 -6.00911e-11 -2.58188e-23 -2.09716e-11  1.53477e-22 -4.65791e-12  4.54998e-23 -2.53375e-13 -3.67018e-23  3.41778e-13  -1.0683e-23  2.05086e-13  4.71969e-24  7.57435e-14   1.8178e-24  2.13695e-14 -4.30751e-25  4.75749e-15 -2.18934e-25  7.83858e-16  2.72246e-26  6.11676e-17   4.1413e-26 -1.70475e-17  6.57325e-27 -1.00753e-17 -7.45657e-27 -3.19182e-18 -2.59551e-27 -7.87267e-19  2.57957e-28 -1.64484e-19  7.03234e-29 -3.00472e-20 -3.86079e-29 -4.86372e-21  1.16084e-30 -7.00529e-22  4.22583e-30 -8.95475e-23  1.73445e-30 -1.00564e-23  5.59281e-31 -9.69782e-25  -1.7437e-31 -7.61272e-26 -1.47125e-31 -4.10588e-27 -1.62442e-32 -3.37352e-30  6.79875e-33  3.50729e-29  1.61261e-33  5.64544e-30 -1.20725e-34  6.09371e-31 -8.31267e-35  5.19469e-32 -1.19649e-35   3.6515e-33 -4.89272e-37  2.13775e-34  2.09299e-37  1.03619e-35  7.29628e-38  4.08491e-37  1.12092e-38  1.27393e-38  7.67693e-40  3.00449e-40  4.89472e-42  4.63189e-42 -1.79143e-42  1.88371e-44 -4.69304e-44
 1.19539e-22  3.74582e-06  -2.9713e-22 -3.57001e-05 -9.01769e-22   0.00016269  -6.0715e-21 -0.000433111  2.86042e-20  0.000708311  1.29554e-19 -0.000679145 -1.05757e-18  0.000282605  3.10092e-18  8.55653e-05 -5.27678e-18 -0.000109094  5.93451e-18 -1.79386e-05 -4.95517e-18  3.14561e-05  3.70804e-18  1.03633e-05 -2.51056e-18 -6.19999e-06  5.31696e-19 -4.80627e-06  1.55594e-18 -2.22495e-07 -1.93326e-18  1.10695e-06  7.31577e-19  5.74839e-07  2.33749e-19  3.56669e-08 -2.80318e-19 -1.06875e-07  6.03218e-20 -6.62916e-08   6.3306e-21 -1.64373e-08  3.41621e-21  2.90208e-09 -4.14268e-21   4.6009e-09 -3.01748e-21   2.2267e-09  4.72847e-21  5.93861e-10 -5.20888e-22  2.29312e-11 -1.09029e-21 -6.77648e-11 -1.29217e-22 -4.18533e-11  2.94628e-22 -1.56481e-11  8.74089e-23 -4.08829e-12 -5.97955e-23 -6.30752e-13 -2.07169e-23  4.82176e-14  7.22953e-24  7.86188e-14  3.51826e-24  3.51802e-14 -4.96723e-25  1.12094e-14 -4.45681e-25  2.87411e-15  7.30441e-27  6.09522e-16  7.91898e-26  1.04763e-16  1.43279e-26  1.30583e-17 -1.15934e-26  5.03244e-19 -4.11668e-27 -3.22238e-19  9.65358e-30 -1.29764e-19 -3.84958e-29 -3.28673e-20 -6.26613e-29 -6.68936e-21  1.77763e-30 -1.16901e-21  8.12018e-30 -1.80207e-22  4.81526e-30 -2.48185e-23  1.14443e-30 -3.07221e-24 -4.06244e-31 -3.42585e-25 -2.47505e-31 -3.44035e-26 -1.96915e-32 -3.10436e-27  1.05035e-32 -2.50696e-28  2.06733e-33 -1.80154e-29 -2.17915e-34 -1.14329e-30 -1.24135e-34 -6.34392e-32 -1.98476e-35 -3.03752e-33 -1.11156e-36 -1.23313e-34  3.32184e-37 -4.14408e-36  1.11137e-37 -1.10998e-37  1.49012e-38  -2.1711e-39  8.88614e-40 -2.48106e-41  9.00156e-42 -2.75705e-43 -9.22848e-43 -1.04203e-44
-1.12216e-06  1.03394e-21  2.07211e-05 -5.47851e-22 -0.000138358  -6.0715e-21  0.000505613 -2.94248e-20  -0.00112925  1.44227e-19   0.00156023  1.86845e-19  -0.00121107 -2.24656e-18  0.000282543  6.27518e-18  0.000282378 -9.69266e-18  -0.00014515  9.67968e-18 -8.24521e-05 -7.31206e-18  3.67368e-05  5.61049e-18  3.11636e-05 -4.21398e-18  -1.9305e-06  9.31135e-19 -9.18825e-06  2.60501e-18 -3.15047e-06 -2.95796e-18  9.18414e-07  8.65104e-19  1.20584e-06  4.64282e-19  4.09078e-07 -3.55127e-19  -4.4107e-08   3.5408e-20 -1.10104e-07  1.45133e-20 -5.45081e-08  8.73399e-21 -1.12788e-08 -9.29666e-21   2.9392e-09 -2.96312e-21  3.61154e-09  7.09455e-21  1.68517e-09  -2.8723e-22  4.69573e-10 -1.92282e-21  4.61898e-11  -3.3225e-22  -3.2426e-11  4.82218e-22 -2.36924e-11  1.50941e-22 -9.60537e-12 -8.77335e-23  -2.8282e-12 -3.48958e-23 -6.06833e-13  9.99134e-24 -7.20791e-14  6.05568e-24  1.09275e-14 -4.18973e-25  1.01934e-14 -7.74242e-25  3.95324e-15 -3.33287e-26  1.14388e-15  1.27898e-25  2.73889e-16   2.5059e-26   5.6077e-17 -1.52505e-26  9.87662e-18 -5.82044e-27  1.47271e-18 -6.12344e-28  1.75578e-19 -2.92716e-28   1.3384e-20  -1.2309e-28 -4.80218e-22 -4.23095e-30 -4.40487e-22  1.63595e-29 -1.07868e-22  1.05628e-29 -1.92329e-23  1.97741e-30 -2.84139e-24 -7.26712e-31 -3.62894e-25 -3.54312e-31 -4.07761e-26  -1.8868e-32 -4.05983e-27  1.43529e-32 -3.58727e-28  2.29064e-33 -2.80687e-29 -3.78524e-34 -1.93456e-30 -1.81321e-34 -1.16453e-31 -3.04635e-35 -6.04729e-33   -1.757e-36 -2.66224e-34  4.91122e-37 -9.68953e-36   1.4522e-37 -2.80285e-37   1.6802e-38 -5.99847e-39  8.63641e-40 -8.40542e-41   1.0298e-41 -7.38304e-43 -2.82239e-43
-9.68667e-22   -7.903e-06  5.53243e-21  8.42969e-05  2.71271e-21 -0.000433111 -2.94248e-20   0.00131546 -1.12091e-19  -0.00250695  5.25013e-19   0.00293638  7.56419e-20   -0.0017892 -4.14216e-18  4.06342e-05  1.11451e-17  0.000583162 -1.55663e-17 -0.000101537  1.35724e-17 -0.000184916 -9.18963e-18  9.90522e-06  7.72857e-18  5.72899e-05 -6.67523e-18  1.39375e-05  1.55319e-18 -1.08771e-05  3.96914e-18 -8.21525e-06 -4.07704e-18  -9.9935e-07  8.28492e-19  1.50623e-06  7.49951e-19  1.02526e-06 -3.75212e-19  2.31619e-07 -1.08642e-20 -8.29843e-08  2.06971e-20  -9.4193e-08  1.39704e-20 -4.01993e-08 -1.67198e-20 -7.42933e-09 -2.53048e-21  2.18077e-09  1.04615e-20  2.44541e-09  3.23453e-22  1.13387e-09 -3.02335e-21  3.36192e-10 -6.58336e-22   5.2904e-11  6.95552e-22 -8.69692e-12  2.32369e-22 -1.03879e-11 -1.19017e-22 -4.73029e-12 -5.28121e-23 -1.53859e-12  1.28717e-23 -3.90317e-13  9.52423e-24 -7.56256e-14  -1.3514e-25 -9.05681e-15 -1.17908e-24  5.59289e-16 -9.09078e-26   7.4286e-16  1.80952e-25  2.78055e-16     3.86e-26   7.5856e-17 -1.67877e-26  1.71576e-17 -7.40135e-27  3.35985e-18 -1.67375e-27  5.79896e-19 -7.62791e-28  8.87811e-20 -2.62022e-28  1.20412e-20 -2.31962e-29  1.43339e-21  3.11319e-29  1.46472e-22  1.93642e-29  1.21857e-23  3.03129e-30  6.96778e-25 -1.06404e-30  5.08388e-28 -4.34541e-31 -6.74801e-27 -1.02673e-32 -1.15818e-27  1.80184e-32 -1.33807e-28  2.17048e-33 -1.22631e-29 -6.28897e-34 -9.31717e-31 -2.57193e-34 -5.93674e-32 -4.25459e-35 -3.16083e-33   -2.163e-36 -1.38571e-34  6.60198e-37 -4.86568e-36  1.64842e-37 -1.29957e-37   1.6224e-38  -2.3768e-39  7.00673e-40 -2.47801e-41  7.92798e-42 -1.45844e-43
 1.70631e-06 -7.51046e-21 -3.56175e-05  2.11572e-20  0.000270037  2.86042e-20  -0.00112925 -1.12091e-19    0.0029261 -3.51415e-19  -0.00481901  1.52903e-18   0.00477767 -5.40582e-19  -0.00214503 -6.73981e-18  -0.00057184  1.76446e-17  0.000899219 -2.21125e-17  9.03218e-05  1.62848e-17 -0.000289223 -9.62215e-18 -6.96101e-05  9.88818e-18  7.13842e-05 -1.00254e-17  4.27206e-05  2.39967e-18 -3.95485e-06  5.59832e-18 -1.32149e-05 -5.11202e-18 -5.24263e-06  5.54499e-19  5.77431e-07  1.03348e-18  1.53715e-06 -3.18671e-19  7.34081e-07 -6.36455e-20   1.0147e-07  2.46068e-20 -8.56333e-08  1.59951e-20  -7.0164e-08 -2.74238e-20 -2.72543e-08 -2.13729e-21 -4.92225e-09  1.50806e-20  1.21662e-09   1.4926e-21   1.4234e-09 -4.28232e-21  6.73329e-10 -1.09577e-21  2.13584e-10   9.0542e-22  4.43766e-11  3.19275e-22  2.21525e-12 -1.53729e-22 -3.04302e-12 -7.38216e-23 -1.76856e-12  1.58424e-23 -6.42961e-13  1.38904e-23 -1.82114e-13  3.87352e-25 -4.22191e-14 -1.60097e-24 -7.95278e-15 -1.56447e-25 -1.12045e-15  2.30172e-25 -7.17657e-17   5.5667e-26  2.05695e-17 -1.41992e-26   1.0286e-17 -8.33095e-27  2.86104e-18  -3.1309e-27  6.24742e-19 -1.53538e-27  1.16118e-19 -5.32463e-28   1.8957e-20 -6.13882e-29  2.75839e-21   5.2946e-29  3.60253e-22  3.06105e-29  4.23498e-23   4.2236e-30  4.48144e-24 -1.30234e-30  4.26023e-25 -4.49531e-31  3.62427e-26  9.84016e-33  2.74345e-27  2.14717e-32  1.83352e-28  1.64969e-33  1.07077e-29  -9.8326e-34  5.39015e-31 -3.46712e-34  2.29682e-32 -5.34513e-35   8.0869e-34 -2.10482e-36  2.28145e-35  7.96393e-37  5.04239e-37  1.63504e-37  9.61468e-39  1.34108e-38  2.12565e-40  4.63865e-40  3.34583e-42  3.76132e-42
 4.39465e-21  9.69879e-06 -3.75819e-20 -0.000119231  6.06235e-20  0.000708311  1.44227e-19  -0.00250695 -3.51415e-19   0.00565742 -9.33284e-19  -0.00812884  3.73264e-18   0.00676922 -2.16448e-18  -0.00192858 -9.83539e-18  -0.00156797  2.52649e-17   0.00105925 -2.80603e-17  0.000456962  1.63011e-17 -0.000324719 -7.71199e-18 -0.000201283  1.19463e-17  4.83644e-05 -1.42684e-17  7.59801e-05  3.37199e-18  1.62348e-05  7.40236e-18 -1.34913e-05 -5.86303e-18 -1.08231e-05  3.18793e-20 -2.31397e-06  1.23993e-18  1.27569e-06 -1.90612e-19  1.24556e-06 -1.00307e-19  4.63185e-07  3.12972e-20  3.01482e-08   1.2358e-20 -6.80571e-08 -4.30728e-20 -4.66313e-08 -2.69394e-21  -1.7217e-08    2.091e-20 -3.30727e-09  3.35538e-21  4.53372e-10  -5.4923e-21  6.97335e-10 -1.57656e-21  3.46692e-10  1.08873e-21  1.17613e-10  3.93848e-22  2.90987e-11 -1.94366e-22  4.50123e-12 -9.75029e-23 -1.61175e-13  1.88359e-23 -4.28504e-13  1.89046e-23  -1.9319e-13  1.13269e-24 -6.12296e-14 -1.96608e-24 -1.57569e-14  -2.2144e-25 -3.43515e-15  2.69272e-25 -6.40347e-16  7.87391e-26 -1.00518e-16  -5.1056e-27  -1.2515e-17 -7.73714e-27  -9.6677e-19 -4.82352e-27  5.10361e-20 -2.70186e-27  3.97153e-20 -9.81843e-28  1.00319e-20 -1.24065e-28  1.86955e-21  7.89242e-29  2.89937e-22  4.24525e-29  3.89708e-23  5.40428e-30  4.61856e-24 -1.31998e-30  4.86146e-25 -3.67601e-31  4.55381e-26  4.40295e-32  3.79011e-27  2.47993e-32  2.79039e-28  7.12726e-34  1.80407e-29 -1.42635e-33  1.01353e-30  -4.3505e-34    4.876e-32 -5.99719e-35  1.96849e-33  -1.5249e-36  6.48407e-35   8.5637e-37  1.67886e-36  1.41703e-37  3.27238e-38  9.38805e-39  4.45844e-40  2.37732e-40  2.67822e-42
-1.41488e-06  3.03177e-20  3.51308e-05 -1.41099e-19 -0.000315198  1.29554e-19   0.00156023  5.25013e-19  -0.00481901 -9.33284e-19   0.00963728 -2.14257e-18   -0.0121674  7.84858e-18   0.00837067 -5.31273e-18 -0.000858996 -1.30915e-17  -0.00277764  3.32131e-17  0.000869607 -3.21438e-17   0.00094106  1.24936e-17 -0.000212883 -2.92877e-18 -0.000349793  1.38022e-17 -3.12418e-05 -1.92136e-17  9.48009e-05  4.26316e-18  4.82693e-05  9.25571e-18 -3.86053e-06  -6.1566e-18 -1.46643e-05 -6.78366e-19 -6.90635e-06  1.29872e-18 -4.09113e-07 -2.70571e-20  1.30961e-06 -9.96582e-20  8.68733e-07  5.11835e-20  2.67395e-07  3.22547e-21  2.15994e-09 -6.52688e-20 -4.51295e-08 -5.49301e-21 -2.79388e-08  2.73916e-20  -1.0147e-08  5.87538e-21 -2.17715e-09 -6.39584e-21  2.59163e-11 -1.97371e-21  2.72794e-10  1.24443e-21  1.50137e-10  4.40628e-22  5.46335e-11 -2.44466e-22  1.51798e-11  -1.2363e-22  3.21255e-12  2.15694e-23   4.3521e-13  2.40467e-23 -1.36942e-14  2.01385e-24 -3.29991e-14 -2.22408e-24 -1.35051e-14 -2.86286e-25 -3.92356e-15  2.96175e-25 -9.36627e-16  1.12363e-25 -1.92572e-16  1.34212e-26 -3.47497e-17 -4.33163e-27 -5.53711e-18 -6.49454e-27 -7.76839e-19 -4.32119e-27 -9.46861e-20 -1.62984e-27 -9.70082e-21 -2.15008e-28 -7.63592e-22  1.02194e-28 -3.02367e-23  5.20561e-29  3.45941e-24  6.36454e-30   1.0262e-24 -1.03618e-30  1.55026e-25 -1.76206e-31   1.7781e-26  9.18329e-32  1.67995e-27   2.7802e-32  1.34158e-28 -6.25045e-34  9.11054e-30 -1.90266e-33  5.23746e-31 -5.00795e-34   2.5166e-32 -5.97443e-35  9.89225e-34 -5.85936e-37  3.08058e-35  8.16743e-37  7.28143e-37  1.06617e-37  1.24166e-38  5.42555e-39   1.3255e-40  8.20069e-41
-1.25653e-20 -6.04105e-06  1.37202e-19  9.29557e-05 -4.23905e-19 -0.000679145  1.86845e-19   0.00293638  1.52903e-18  -0.00812884 -2.14257e-18    0.0146352 -4.31643e-18   -0.0163181  1.44772e-17   0.00898778 -1.02542e-17   0.00111431 -1.61699e-17  -0.00386801  4.07507e-17  0.000209838 -3.37364e-17   0.00139784  4.62643e-18  8.98134e-05  4.71847e-18 -0.000449204  1.53916e-17 -0.000165518 -2.44688e-17  7.64482e-05  4.79852e-18  8.17929e-05  1.10006e-17  1.78736e-05 -5.88645e-18 -1.25103e-05 -1.45003e-18  -1.1411e-05  1.16486e-18 -3.58161e-06  1.13711e-19  4.41236e-07 -5.10986e-20  1.02612e-06  9.69136e-20  5.43953e-07 -7.69295e-21  1.46514e-07 -9.43197e-20 -3.31386e-09  -1.1783e-20 -2.55722e-08  3.33927e-20 -1.50755e-08  8.72376e-21 -5.52091e-09 -6.77909e-21  -1.3352e-09 -2.12863e-21 -1.23924e-10  1.40072e-21  7.31673e-11    4.551e-22  5.17501e-11  -3.0513e-22  2.06382e-11 -1.51392e-22  6.25955e-12  2.35739e-23  1.53457e-12  2.85873e-23  3.02085e-13  2.85585e-24  4.34288e-14 -2.39039e-24  2.33888e-15 -3.68576e-25 -1.13074e-15  3.12491e-25 -5.34902e-16  1.62676e-25 -1.51974e-16  4.49828e-26 -3.43237e-17  3.50241e-27  -6.6232e-18 -7.81187e-27 -1.12392e-18 -6.36077e-27 -1.70016e-19 -2.44872e-27 -2.30737e-20 -3.35799e-28 -2.81591e-21  1.13244e-28 -3.08877e-22  5.63921e-29 -3.03672e-23  6.89077e-30 -2.66249e-24 -4.40706e-31 -2.06607e-25  1.11492e-31 -1.40359e-26  1.48275e-31 -8.21675e-28  2.97274e-32 -4.04644e-29 -2.29446e-33 -1.60991e-30  -2.3218e-33  -4.7673e-32 -5.24013e-34 -8.13338e-34 -5.24636e-35  6.44994e-36   3.9589e-37  9.61659e-37  6.86255e-37  3.74735e-38  6.86157e-38  1.02784e-39  2.45169e-39  1.28701e-41
 3.94594e-07  -7.7242e-20 -1.51323e-05  4.72642e-19  0.000187093 -1.05757e-18  -0.00121107  7.56419e-20   0.00477767  3.73264e-18   -0.0121674 -4.31643e-18     0.020027 -7.71965e-18    -0.019783  2.37402e-17   0.00821237 -1.67882e-17   0.00373985 -1.87984e-17  -0.00445702   4.7522e-17 -0.000890911 -3.32871e-17   0.00164059 -6.48017e-18  0.000557465  1.46849e-17 -0.000427072  1.66923e-17 -0.000323183 -2.95026e-17   6.1674e-06  4.71146e-18  9.94772e-05  1.24536e-17  4.78425e-05 -5.03524e-18 -1.17276e-06 -2.12062e-18 -1.28615e-05  8.31153e-19 -7.29222e-06  1.68448e-19 -1.50967e-06  4.05799e-20  6.14249e-07  1.78281e-19  6.82499e-07 -1.38515e-20  3.13792e-07 -1.28113e-19  7.86967e-08 -2.21229e-20 -1.22417e-09  3.74105e-20 -1.23305e-08  1.12443e-20  -7.2402e-09 -6.57562e-21 -2.71825e-09 -1.90581e-21 -7.30202e-10  1.60588e-21 -1.22552e-10  4.48082e-22  3.46519e-12  -3.7126e-22  1.24117e-11 -1.78202e-22  5.94637e-12  2.45496e-23  1.97962e-12  3.17976e-23  5.31472e-13  3.40324e-24  1.20008e-13 -2.57136e-24  2.29252e-14 -5.08004e-25  3.61187e-15  3.20314e-25  4.25531e-16  2.36267e-25  2.08931e-17  9.35636e-26  -6.5868e-18  1.74042e-26 -2.66976e-18 -8.37411e-27 -6.29139e-19 -8.63984e-27 -1.17067e-19 -3.35524e-27 -1.85361e-20 -4.84152e-28 -2.57075e-21  1.03153e-28  -3.1637e-22  5.33328e-29 -3.47419e-23  6.86388e-30 -3.40898e-24  4.07335e-31 -2.98422e-25  4.58096e-31  -2.3213e-26  2.03952e-31 -1.59419e-27  2.94424e-32 -9.57873e-29 -4.12586e-33 -4.97326e-30 -2.58317e-33 -2.19394e-31 -4.95185e-34 -8.03416e-33 -4.01379e-35 -2.35965e-34  1.10461e-36 -5.23148e-36  5.02537e-37 -7.58442e-38  3.67143e-38   -4.506e-40   7.5236e-40
 2.43466e-20  3.35521e-07 -3.13889e-19 -2.19761e-05  1.32026e-18  0.000282605 -2.24656e-18   -0.0017892 -5.40582e-19   0.00676922  7.84858e-18   -0.0163181 -7.71965e-18     0.024954 -1.23635e-17   -0.0218653  3.49556e-17   0.00599928 -2.42514e-17   0.00653264 -2.06633e-17  -0.00426248  5.36703e-17  -0.00224326 -3.22853e-17    0.0015141 -1.92148e-17   0.00109047  2.60254e-17 -0.000237225  1.77519e-17 -0.000449952 -3.37502e-17 -0.000112173  3.82299e-18  8.38432e-05  1.34246e-17  7.57069e-05 -3.67192e-18  1.89998e-05 -2.53246e-18 -8.43137e-06  3.28055e-19 -9.67537e-06  8.75931e-20 -4.06231e-06  1.56303e-19 -4.95323e-07  2.97323e-19  4.90703e-07 -7.97012e-21   4.0167e-07 -1.61742e-19  1.69181e-07 -3.57814e-20  4.20562e-08  3.80177e-20  1.20646e-09  1.25633e-20 -4.89435e-09 -5.92819e-21 -3.02214e-09 -1.25459e-21 -1.17855e-09  1.90396e-21 -3.44268e-10  4.42482e-22 -7.48868e-11 -4.30104e-22 -9.64535e-12  -1.9894e-22  9.22204e-13  2.49006e-23  1.10119e-12  3.32377e-23  4.43403e-13  3.35921e-24   1.3111e-13 -2.95871e-24  3.20768e-14 -7.65863e-25  6.75926e-15  3.18157e-25   1.2454e-15  3.38542e-25  2.01035e-16  1.62549e-25  2.81466e-17   3.8558e-26  3.31809e-18 -7.71219e-27  3.03034e-19 -1.08128e-26  1.46984e-20 -4.22056e-27 -1.57569e-21 -6.51603e-28 -5.80405e-22  6.74774e-29 -1.03411e-22  4.26196e-29  -1.3985e-23  6.36138e-30 -1.56898e-24  1.40535e-30 -1.50439e-25  8.10439e-31 -1.24513e-26  2.47199e-31 -8.89857e-28   2.6034e-32 -5.45802e-29 -5.82969e-33 -2.83954e-30 -2.61249e-33 -1.23044e-31 -4.20025e-34   -4.323e-33 -2.61968e-35 -1.18051e-34   1.3726e-36 -2.31296e-36  3.15063e-37 -2.65931e-38  1.54373e-38 -8.59871e-41
  2.6101e-07  1.33802e-19 -3.77728e-06 -9.76602e-19 -2.54406e-06  3.10092e-18  0.000282543 -4.14216e-18  -0.00214503 -2.16448e-18   0.00837067  1.44772e-17    -0.019783 -1.23635e-17    0.0286178 -1.78361e-17   -0.0222219  4.65423e-17   0.00268223 -3.18273e-17   0.00894689 -2.11666e-17  -0.00320718  5.96791e-17  -0.00355879 -3.27233e-17  0.000957608 -3.17315e-17   0.00154522  3.75784e-17  0.000115977  1.87047e-17 -0.000487344 -3.67207e-17 -0.000252843  2.09407e-18  2.58522e-05  1.37493e-17  8.77872e-05 -1.92808e-18  4.29443e-05 -2.57161e-18  2.85701e-06 -2.86569e-19 -8.68602e-06 -1.51426e-19 -6.11759e-06  2.68282e-19 -2.05624e-06  4.45512e-19 -1.09881e-07  1.53317e-20  3.05965e-07 -1.88208e-19  2.12687e-07 -5.04841e-20  8.54629e-08   3.4397e-20  2.20772e-08  1.18397e-20  2.04945e-09 -5.16704e-21 -1.45235e-09 -2.48926e-22 -1.05151e-09   2.3056e-21 -4.34465e-10  4.63129e-22 -1.35788e-10 -4.63772e-22 -3.38635e-11 -2.06394e-22 -6.58067e-12  2.60851e-23 -8.37881e-13  3.29635e-23  1.70891e-14  2.43829e-24  5.19741e-14 -3.79726e-24  2.02328e-14 -1.21917e-24  5.56445e-15  2.98121e-25  1.25969e-15  4.71642e-25  2.46637e-16  2.53114e-25  4.26672e-17  6.71832e-26  6.58778e-18 -5.32787e-27  9.11561e-19 -1.24208e-26  1.13068e-19 -4.89771e-27  1.25342e-20 -8.22088e-28  1.23378e-21  9.00577e-30  1.06636e-22  2.62537e-29  7.93894e-24  5.69121e-30  4.91159e-25  2.43771e-30  2.32342e-26   1.1118e-30  6.09484e-28  2.67792e-31 -2.07188e-29  1.94741e-32 -3.96601e-30 -7.05297e-33 -2.98667e-31 -2.39345e-33 -1.53322e-32 -3.17363e-34 -5.77091e-34 -1.39803e-35 -1.56784e-35  1.23558e-36 -2.73505e-37  1.64053e-37 -1.91799e-39  4.42375e-39
-3.35883e-20  1.63201e-06  4.87912e-19 -1.99653e-05 -2.47343e-18  8.55653e-05  6.27518e-18  4.06342e-05 -6.73981e-18  -0.00192858 -5.31273e-18   0.00898778  2.37402e-17   -0.0218653 -1.78361e-17     0.030559 -2.32252e-17   -0.0209541  5.62404e-17  -0.00116957 -3.90136e-17    0.0105585 -1.92531e-17  -0.00143211  6.60494e-17  -0.00454791 -3.62904e-17  2.72427e-05  -4.2528e-17   0.00178231  4.81412e-17  0.000573785  1.97457e-17 -0.000395034 -3.80809e-17 -0.000374664 -3.67406e-19 -6.90754e-05  1.33317e-17  7.25704e-05  3.79245e-20  6.19351e-05 -2.19195e-18   1.8976e-05    -9.42e-19 -3.18079e-06 -5.39467e-19 -6.36481e-06  3.47132e-19 -3.44592e-06   6.0397e-19 -9.83847e-07  5.73483e-20 -8.91493e-09 -2.00071e-19  1.59125e-07 -6.27014e-20  1.01451e-07    2.675e-20  4.00597e-08  8.57726e-21  1.09967e-08 -4.70013e-21  1.71326e-09  9.17588e-22 -2.07425e-10  2.76975e-21 -2.80126e-10  5.24413e-22 -1.29399e-10  -4.5511e-22 -4.32437e-11 -1.93045e-22 -1.17086e-11  3.04553e-23 -2.64554e-12  3.15105e-23 -4.94447e-13  3.98094e-25 -7.17064e-14 -5.34306e-24 -5.96471e-15 -1.95093e-24   6.5418e-16  2.45277e-25  4.44493e-16  6.31991e-25  1.27676e-16  3.62471e-25  2.77276e-17  1.02162e-25  5.05648e-18 -8.07351e-28   8.0409e-19 -1.30116e-26  1.13407e-19 -5.25961e-27  1.42999e-20 -9.73077e-28  1.61742e-21 -6.20468e-29  1.64149e-22  8.06383e-30   1.4919e-23  5.30583e-30  1.20959e-24  3.39349e-30  8.69732e-26  1.31443e-30  5.50139e-27  2.60671e-31  3.02813e-28  1.08858e-32  1.42921e-29 -7.50626e-33   5.6658e-31 -1.97732e-33  1.82929e-32 -2.11288e-34  4.57843e-34 -5.47536e-36  8.20491e-36  8.72789e-37  9.49556e-38   6.6976e-38  5.95362e-40
-1.46905e-07 -1.66103e-19  5.20593e-06  1.36476e-18 -5.65101e-05 -5.27678e-18  0.000282378  1.11451e-17  -0.00057184 -9.83539e-18 -0.000858996 -1.02542e-17   0.00821237  3.49556e-17   -0.0222219 -2.32252e-17    0.0307766 -2.71818e-17   -0.0185089  6.15738e-17  -0.00496364 -4.59614e-17     0.011171 -1.35376e-17  0.000773368  7.30079e-17  -0.00500536 -4.36613e-17  -0.00112658  -5.0793e-17   0.00171028  5.66262e-17   0.00103998  2.10537e-17 -0.000166637 -3.77106e-17 -0.000434241 -3.34548e-18 -0.000180635   1.2177e-17  2.60832e-05  2.07654e-18  6.66282e-05 -1.41779e-18  3.50251e-05 -1.56708e-18  6.21331e-06 -1.03887e-18 -3.92854e-06  3.68044e-19 -3.89467e-06  7.46547e-19 -1.78766e-06  1.14249e-19 -4.62335e-07 -1.91524e-19 -9.92499e-10 -6.84603e-20   6.9597e-08  1.64005e-20  4.30834e-08  2.87843e-21  1.70707e-08 -4.85356e-21  4.98624e-09  1.98554e-21   1.0254e-09  3.20735e-21  8.51625e-11  6.22185e-22 -4.31559e-11 -3.94178e-22  -2.8156e-11  -1.5347e-22 -1.04914e-11  4.05538e-23 -3.04502e-12  2.96252e-23 -7.41995e-13 -2.97112e-24 -1.55835e-13 -7.82794e-24 -2.83751e-14 -3.03776e-24 -4.43343e-15  1.39059e-25 -5.73029e-16  8.08051e-25 -5.45377e-17  4.82783e-25 -1.74359e-18  1.40945e-25  7.31081e-19  5.99583e-27  2.26717e-19 -1.22892e-26  4.32632e-20 -5.23458e-27  6.54787e-21 -1.07981e-27  8.39057e-22 -1.30673e-28  9.32804e-23 -7.44758e-30  9.08172e-24  5.61081e-30  7.75767e-25  4.17002e-30  5.79653e-26  1.38978e-30  3.76189e-27  2.27917e-31  2.09672e-28  2.18928e-33  9.87134e-30 -7.09435e-33  3.83143e-31 -1.46379e-33  1.18125e-32 -1.21877e-34  2.72281e-34 -9.21754e-37  4.23398e-36   4.8692e-37  3.68129e-38  1.85829e-38
 3.41332e-20 -2.47899e-07 -5.46924e-19  9.74101e-06  3.10631e-18 -0.000109094 -9.69266e-18  0.000583162  1.76446e-17  -0.00156797 -1.30915e-17   0.00111431 -1.67882e-17   0.00599928  4.65423e-17   -0.0209541 -2.71818e-17    0.0296496 -2.81162e-17   -0.0154699  6.03801e-17  -0.00825617 -5.34464e-17    0.0108178 -2.79911e-18   0.00307647  8.03849e-17  -0.00485117 -5.41823e-17  -0.00230925 -5.64195e-17    0.0013084  6.22133e-17   0.00140929  2.27037e-17  0.000166879  -3.5731e-17  -0.00040031 -6.58575e-18 -0.000279023  1.03997e-17  -4.5304e-05   4.0707e-18  5.08282e-05 -3.27501e-19  4.47547e-05 -2.09686e-18  1.69451e-05 -1.59163e-18  1.06685e-06  3.14928e-19 -2.85755e-06  8.44906e-19 -2.10271e-06  1.77455e-19 -8.70403e-07  -1.6023e-19 -2.18401e-07 -6.44455e-20  -8.0414e-09  5.53035e-21  2.48211e-08 -4.46776e-21  1.58792e-08 -5.72704e-21  6.42255e-09  2.71384e-21  1.97911e-09  3.50848e-21  4.75482e-10  7.34525e-22   8.1787e-11 -2.81864e-22   5.0554e-12 -8.61285e-23 -3.06844e-12  5.82014e-23 -1.67997e-12  2.78785e-23 -5.53991e-13 -7.88136e-24 -1.44764e-13  -1.1431e-23 -3.21935e-14 -4.53462e-24 -6.26818e-15 -4.37086e-26 -1.08211e-15  9.79562e-25 -1.66414e-16  6.01502e-25 -2.27787e-17  1.79806e-25  -2.7578e-18  1.47782e-26 -2.91228e-19  -1.0232e-26 -2.60634e-20 -4.82633e-27 -1.84602e-21 -1.12136e-27 -8.08952e-23 -1.81549e-28  2.13648e-24  -1.6559e-29  9.44099e-25  6.75585e-30  1.24247e-25  4.67469e-30  1.15169e-26  1.33448e-30   8.4127e-28   1.7801e-31  4.97775e-29 -4.68918e-33  2.38261e-30 -5.96783e-33   9.0416e-32 -9.62537e-34  2.60728e-33 -5.92289e-35  5.28064e-35  7.00527e-37  6.52347e-37  2.06215e-37  3.57318e-39
-7.19961e-08  1.54083e-19  8.15121e-07 -1.38507e-18  7.35862e-06  5.93451e-18  -0.00014515 -1.55663e-17  0.000899219  2.52649e-17  -0.00277764 -1.61699e-17   0.00373985 -2.42514e-17   0.00268223  5.62404e-17   -0.0185089 -2.81162e-17    0.0277334 -2.44807e-17   -0.0123566  5.12586e-17    -0.010823 -6.24555e-17   0.00968809  1.33443e-17   0.00519032  8.76639e-17  -0.00412377 -6.60662e-17  -0.00333455 -5.97485e-17  0.000624702  6.45004e-17   0.00159521  2.46241e-17  0.000545792 -3.24997e-17 -0.000263739 -9.87025e-18 -0.000333841  8.19567e-18 -0.000125821   5.9402e-18  1.43695e-05  9.72369e-19  4.28984e-05 -2.47403e-18  2.52676e-05 -2.12942e-18  7.32836e-06  1.82643e-19 -3.43438e-07    8.744e-19 -1.64039e-06  2.35303e-19 -1.02374e-06 -1.08316e-19 -3.99702e-07  -4.9035e-20 -1.02852e-07 -3.37036e-21 -9.98756e-09 -1.21131e-20  6.50475e-09 -7.12553e-21  4.85154e-09  2.96188e-21  2.05237e-09  3.58233e-21  6.62398e-10  8.31857e-22  1.73942e-10 -1.28455e-22   3.7295e-11  6.50448e-24  6.16862e-12  8.38884e-23   5.9071e-13  2.63827e-23 -6.63667e-14 -1.45518e-23 -5.29208e-14 -1.62434e-23 -1.71433e-14 -6.45541e-24 -4.17915e-15 -3.23778e-25 -8.54422e-16   1.1198e-24 -1.52334e-16  7.03476e-25 -2.41094e-17  2.14435e-25 -3.41693e-18  2.47088e-26   -4.354e-19 -7.12422e-27 -4.99357e-20 -4.11039e-27 -5.14945e-21 -1.08615e-27 -4.76148e-22 -2.03627e-28 -3.93055e-23 -1.75228e-29 -2.87913e-24  8.52401e-30 -1.85648e-25  4.83751e-30 -1.04286e-26   1.1704e-30 -5.03441e-28  1.22661e-31   -2.051e-29 -8.58898e-33 -6.87961e-31 -4.45985e-33 -1.83854e-32 -5.55157e-34 -3.75873e-34 -2.29945e-35 -5.52877e-36  7.90775e-37  -4.5419e-38  5.80567e-38
-2.51299e-20 -4.59368e-07  4.67768e-19  5.66306e-06 -2.85919e-18 -1.79386e-05  9.67968e-18 -0.000101537 -2.21125e-17   0.00105925  3.32131e-17  -0.00386801 -1.87984e-17   0.00653264 -3.18273e-17  -0.00116957  6.15738e-17   -0.0154699 -2.44807e-17    0.0255526 -1.50969e-17  -0.00951134  3.38861e-17   -0.0126359 -7.35999e-17   0.00803237  3.39263e-17   0.00692092  9.41109e-17  -0.00294311 -7.69967e-17  -0.00406168 -6.12213e-17 -0.000243677  6.36196e-17   0.00154848  2.66331e-17   0.00089744 -2.85589e-17 -4.03729e-05 -1.30692e-17 -0.000323131  5.78665e-18 -0.000194555  7.62781e-18 -3.60651e-05   2.3713e-18  2.73541e-05 -2.64903e-18  2.75915e-05  -2.5837e-18  1.27531e-05 -2.23095e-20  2.98029e-06   8.1941e-19 -4.14084e-07  2.75533e-19 -7.93945e-07 -4.22314e-20 -4.50964e-07 -2.29207e-20 -1.71441e-07 -8.15588e-21 -4.65103e-08 -1.84617e-20 -7.38457e-09 -8.59755e-21  7.34441e-10   2.7374e-21  1.11563e-09   3.3939e-21  5.25825e-10  8.92392e-22  1.79005e-10  5.25242e-23  4.97217e-11  1.19686e-22  1.16999e-11   1.1684e-22  2.34962e-12  2.47963e-23  3.96059e-13 -2.31292e-23  5.26254e-14 -2.22132e-23  4.23667e-15 -8.75075e-24 -2.92412e-16 -7.11815e-25 -2.16687e-16  1.20148e-24 -5.76728e-17  7.74416e-25 -1.13996e-17  2.40761e-25 -1.87665e-18  3.45364e-26 -2.67632e-19 -3.48226e-27 -3.36218e-20 -3.20883e-27 -3.74732e-21 -9.75006e-28 -3.71243e-22 -1.93203e-28 -3.26388e-23 -1.10375e-29 -2.53519e-24  1.03909e-29 -1.72712e-25  4.63402e-30 -1.02117e-26  9.38138e-31 -5.16348e-28  7.27463e-32  -2.1873e-29 -9.45518e-33 -7.53732e-31 -2.94521e-33 -2.02321e-32 -2.75607e-34 -3.94858e-34 -6.25612e-36 -4.88315e-36  4.28369e-37 -2.40051e-38
 2.98202e-08  -1.0509e-19   -1.382e-06  1.10736e-18  1.67494e-05 -4.95517e-18 -8.24521e-05  1.35724e-17  9.03218e-05 -2.80603e-17  0.000869607  4.07507e-17  -0.00445702 -2.06633e-17   0.00894689 -3.90136e-17  -0.00496364  6.03801e-17   -0.0123566 -1.50969e-17    0.0234753  5.11232e-19    -0.007087  9.20576e-18   -0.0137891 -8.66441e-17   0.00608778  5.65957e-17   0.00817242  9.88837e-17  -0.00146619 -8.48961e-17  -0.00441077 -6.11232e-17  -0.00117684  6.02646e-17   0.00126322  2.85402e-17   0.00115324 -2.45291e-17   0.00023309 -1.61499e-17  -0.00023967  3.35837e-18 -0.000231419  9.07615e-18  -8.8489e-05   3.7696e-18  3.30797e-07 -2.58282e-18  2.19164e-05 -2.89516e-18  1.51941e-05 -2.82572e-19  5.98502e-06  6.76895e-19  1.21895e-06  2.87935e-19 -2.11429e-07   2.8492e-20 -3.27688e-07  1.08825e-20 -1.77752e-07 -7.57436e-21 -6.71675e-08 -2.20728e-20 -1.92548e-08 -9.56909e-21 -3.98564e-09  2.19166e-21 -3.79287e-10  2.98215e-21  1.35339e-10  9.16377e-22  9.58102e-11  2.52443e-22  3.64036e-11  2.49261e-22   1.0703e-11  1.55729e-22  2.64762e-12  2.26431e-23  5.68612e-13 -3.35166e-23  1.07358e-13 -2.90776e-23  1.78604e-14 -1.12885e-23  2.60031e-15 -1.19885e-24  3.24749e-16  1.20503e-24  3.30936e-17  8.04658e-25  2.34336e-18  2.55805e-25  1.09203e-20  4.28747e-26 -3.20145e-20  9.78732e-29 -6.89006e-21 -2.25408e-27 -9.94584e-22 -8.00921e-28 -1.14662e-22 -1.54553e-28 -1.10825e-23  1.57932e-31 -9.12429e-25  1.17333e-29 -6.41252e-26  4.10409e-30 -3.82266e-27  6.85352e-31 -1.90648e-28   3.5145e-32 -7.77876e-30 -8.13161e-33 -2.50855e-31   -1.703e-33 -6.05754e-33 -1.14271e-34 -9.96758e-35 -5.95053e-37 -8.91185e-37  1.34966e-37
 9.49855e-21 -5.07523e-09  -3.0194e-19 -2.11809e-06  2.17955e-18  3.14561e-05 -7.31206e-18 -0.000184916  1.62848e-17  0.000456962 -3.21438e-17  0.000209838   4.7522e-17  -0.00426248 -2.11666e-17    0.0105585 -4.59614e-17  -0.00825617  5.12586e-17  -0.00951134  5.11232e-19    0.0216877  2.18272e-17  -0.00509697 -2.05362e-17   -0.0144246 -1.00354e-16   0.00403972  7.81357e-17   0.00892686  1.01096e-16  0.000148904 -8.85801e-17  -0.00436078 -5.95221e-17   -0.0020562  5.55842e-17  0.000772697  3.02578e-17   0.00126225 -2.09667e-17  0.000507916 -1.91389e-17 -9.30154e-05   1.0183e-18 -0.000222836    1.021e-17  -0.00012894   5.0828e-18 -3.19893e-05 -2.25396e-18  8.75282e-06 -3.02228e-18  1.33185e-05 -5.72431e-19  7.51011e-06  4.57223e-19  2.67912e-06  2.66438e-19  5.30648e-07  9.31621e-20 -6.28365e-08  4.76227e-20 -1.12981e-07 -1.56971e-21 -6.11701e-08 -2.20367e-20 -2.32935e-08 -9.52904e-21  -6.9822e-09  1.56378e-21  -1.6679e-09  2.45264e-21 -2.96202e-10   9.3289e-22 -2.52831e-11   4.7379e-22  7.19872e-12  3.94165e-22  4.62337e-12  1.99625e-22  1.57126e-12  1.97922e-23   4.1459e-13 -4.51747e-23  9.25857e-14 -3.63137e-23  1.80924e-14 -1.38471e-23  3.14235e-15 -1.74807e-24  4.88778e-16  1.12626e-24  6.83004e-17  7.91839e-25  8.57489e-18  2.58315e-25  9.64922e-19  4.85681e-26  9.68533e-20   3.1079e-27  8.60455e-21 -1.35655e-27  6.68645e-22 -5.86315e-28  4.46142e-23   -9.815e-29  2.47635e-24  1.23605e-29  1.07199e-25   1.2083e-29   2.9895e-27   3.3504e-30 -5.06478e-30  4.53867e-31 -6.28355e-30  1.16794e-32 -4.05082e-31 -5.81624e-33  -1.5302e-32 -8.49737e-34 -3.72187e-34 -3.74757e-35 -5.40151e-36  4.15935e-37 -2.98077e-38
 2.51121e-08  3.31546e-20 -4.71893e-07 -6.97071e-19  2.17152e-07  3.70804e-18  3.67368e-05 -9.18963e-18 -0.000289223  1.63011e-17   0.00094106 -3.37364e-17 -0.000890911  5.36703e-17  -0.00320718 -1.92531e-17     0.011171 -5.34464e-17    -0.010823  3.38861e-17    -0.007087  2.18272e-17     0.020236  4.71825e-17  -0.00348151 -5.19873e-17   -0.0146813 -1.12688e-16   0.00201408   9.5356e-17    0.0092162  9.98746e-17   0.00176475 -8.80927e-17  -0.00393731 -5.63864e-17  -0.00278151  5.09413e-17  0.000138773  3.18616e-17   0.00119907 -1.82277e-17  0.000733886 -2.20573e-17  9.27126e-05 -1.21022e-18 -0.000165545  1.09359e-17 -0.000145477  6.24051e-18 -6.11572e-05 -1.66735e-18 -8.83894e-06 -2.94789e-18   7.1971e-06 -8.61988e-19     6.84e-06  1.82024e-19      3.4e-06  2.10079e-19  1.15324e-06  1.41976e-19  2.43976e-07  8.17763e-20 -1.55298e-09  8.70716e-21 -3.05138e-08 -1.82278e-20 -1.76307e-08 -8.20802e-21 -6.87436e-09  1.09401e-21 -2.13137e-09  1.94758e-21 -5.49071e-10   9.9582e-22 -1.17844e-10  7.31318e-22 -2.02722e-11  5.57168e-22  -2.3795e-12  2.48583e-22 -1.86349e-16  1.68433e-23  1.00599e-13  -5.7007e-23  3.64756e-14 -4.31499e-23  9.13154e-15 -1.61322e-23  1.87114e-15 -2.29302e-24  3.30797e-16  9.79858e-25  5.16006e-17  7.41433e-25  7.17842e-18  2.48972e-25  8.94975e-19  5.09916e-26  1.00145e-19  5.24538e-27  1.00474e-20 -5.87356e-28  9.01156e-22 -3.58772e-28  7.19022e-23  -3.7255e-29  5.06822e-24  2.21899e-29   3.1263e-25  1.13007e-29  1.66631e-26  2.51166e-30  7.54376e-28  2.70266e-31  2.83305e-29  1.40055e-34  8.52874e-31 -3.52431e-33  1.94908e-32 -3.57478e-34  3.05726e-34 -8.60473e-36  2.60892e-36  2.20082e-37
 7.68977e-21  1.18071e-07  8.01642e-20 -1.98529e-06 -1.39114e-18  1.03633e-05  5.61049e-18  9.90522e-06 -9.62215e-18 -0.000324719  1.24936e-17   0.00139784 -3.32871e-17  -0.00224326  5.96791e-17  -0.00143211 -1.35376e-17    0.0108178 -6.24555e-17   -0.0126359  9.20576e-18  -0.00509697  4.71825e-17    0.0190878  7.38308e-17  -0.00215933 -8.11849e-17   -0.0146713 -1.21229e-16  8.66545e-05  1.06012e-16   0.00909764  9.44731e-17   0.00327356 -8.46396e-17  -0.00319737 -5.17833e-17  -0.00327998  4.75899e-17 -0.000560939  3.35626e-17  0.000965856 -1.63871e-17  0.000868976 -2.48585e-17   0.00028423 -3.35824e-18 -6.76331e-05  1.11628e-17 -0.000131602  7.18582e-18 -7.89506e-05 -8.59803e-19 -2.61229e-05 -2.68194e-18  -1.6251e-06 -1.12222e-18  4.01901e-06  -1.2031e-19  3.07007e-06   1.2271e-19  1.41293e-06  1.67663e-19  4.71427e-07  1.08085e-19  1.10441e-07  2.11294e-20  1.11032e-08 -1.13808e-20 -5.23125e-09 -5.69845e-21 -3.93819e-09  9.36367e-22 -1.63505e-09  1.60439e-21 -5.24578e-10  1.16983e-21 -1.40773e-10  1.04709e-21 -3.24963e-11  7.43233e-22  -6.5004e-12  3.03494e-22 -1.11752e-12  1.51916e-23 -1.59928e-13 -6.74306e-23 -1.72614e-14 -4.86645e-23  -8.1457e-16 -1.78199e-23  2.06213e-16 -2.74623e-24  7.76514e-17  7.96396e-25  1.65655e-17  6.64904e-25  2.76206e-18  2.30094e-25  3.88171e-19   5.0169e-26  4.72754e-20   6.4455e-27  5.04535e-21  2.15064e-29  4.73311e-22 -1.46168e-28  3.89593e-23  1.58964e-29   2.7977e-24  2.75778e-29  1.73611e-25  9.59462e-30  9.18047e-27  1.72172e-30  4.05547e-28  1.43047e-31  1.45449e-29 -3.57479e-33  4.05638e-31 -1.80859e-33  8.18376e-33 -1.21929e-34  1.03368e-34 -8.51984e-37  5.31036e-37
