 0.000296296  1.28769e-19  -0.00161808 -1.40356e-18   0.00274461  3.46869e-18  -0.00179072 -3.35429e-18   -5.713e-05  8.49245e-19  0.000544633  6.82809e-19 -8.13575e-05 -3.32317e-19 -9.40187e-05 -1.07011e-19  1.63184e-05   6.1622e-20  6.84266e-06  1.30737e-21 -5.23796e-07
 1.28769e-19   0.00245175  9.43021e-19  -0.00709951 -6.46737e-18   0.00809517  1.16574e-17   -0.0029813 -8.08992e-18  -0.00148125  2.54854e-19   0.00125333  2.24179e-18   0.00012733 -4.77775e-19 -0.000231858 -3.47029e-19  1.21549e-06  8.73774e-20  1.33208e-05  7.98923e-21
 -0.00161808  9.43021e-19   0.00944762  3.55869e-18   -0.0176929 -1.73342e-17    0.0138234  2.37397e-17  -0.00149468 -1.12593e-17   -0.0040764 -3.04085e-18   0.00148372  4.20313e-18   0.00063611 -1.51999e-19 -0.000312915 -6.36032e-19 -3.69737e-05  6.83806e-20  1.21982e-05
-1.40356e-18  -0.00709951  3.55869e-18    0.0226365  8.83113e-18   -0.0299613 -3.28811e-17    0.0156227  3.51878e-17   0.00315391 -9.85078e-18   -0.0064482 -8.57128e-18  0.000849743  5.53001e-18   0.00119856  6.70151e-19  -0.00027933 -8.23235e-19 -6.63394e-05  2.77198e-20
  0.00274461 -6.46737e-18   -0.0176929  8.83113e-18    0.0381781  1.62761e-17      -0.0377 -4.90801e-17    0.0117357  4.19931e-17   0.00891278 -3.78837e-18  -0.00739256 -1.45292e-17 -0.000365483  5.65792e-18   0.00155776  1.63863e-18 -0.000169319 -8.00016e-19 -6.09392e-05
 3.46869e-18   0.00809517 -1.73342e-17   -0.0299613  1.62761e-17    0.0490796   2.4287e-17   -0.0377619 -6.26121e-17   0.00447904  4.36656e-17    0.0134089  4.79123e-18  -0.00686716 -1.94293e-17  -0.00161914  4.81165e-18   0.00163687  2.31009e-18 -5.80549e-05 -5.53513e-19
 -0.00179072  1.16574e-17    0.0138234 -3.28811e-17      -0.0377   2.4287e-17    0.0515815  3.16182e-17   -0.0323615  -7.3162e-17  -0.00263728  4.21327e-17    0.0158299   1.3726e-17   -0.0055656 -2.27821e-17  -0.00255854  3.53717e-18     0.001495   2.3959e-18  1.31174e-06
-3.35429e-18   -0.0029813  2.37397e-17    0.0156227 -4.90801e-17   -0.0377619  3.16182e-17     0.047792  3.82223e-17   -0.0257764 -8.20773e-17  -0.00780958  3.93253e-17    0.0167033  2.18161e-17  -0.00414249 -2.46476e-17  -0.00308353  2.27744e-18   0.00121314  1.76719e-18
  -5.713e-05 -8.08992e-18  -0.00149468  3.51878e-17    0.0117357 -6.26121e-17   -0.0323615  3.82223e-17    0.0422517  4.45907e-17   -0.0206456 -9.03655e-17     -0.01111  3.63978e-17     0.016839  2.86086e-17   -0.0029343 -2.51102e-17  -0.00320284  1.35649e-18  0.000818606
 8.49245e-19  -0.00148125 -1.12593e-17   0.00315391  4.19931e-17   0.00447904  -7.3162e-17   -0.0257764  4.45907e-17    0.0379289  5.09629e-17   -0.0174137 -9.86076e-17   -0.0132736  3.39565e-17    0.0167766  3.38803e-17  -0.00206212 -2.41194e-17  -0.00290248  9.39459e-19
 0.000544633  2.54854e-19   -0.0040764 -9.85078e-18   0.00891278  4.36656e-17  -0.00263728 -8.20773e-17   -0.0206456  5.09629e-17    0.0355019  5.74727e-17   -0.0155887 -1.07482e-16   -0.0149024  3.21882e-17      0.01678  3.71638e-17  -0.00158786 -2.14618e-17  -0.00203852
 6.82809e-19   0.00125333 -3.04085e-18   -0.0064482 -3.78837e-18    0.0134089  4.21327e-17  -0.00780958 -9.03655e-17   -0.0174137  5.74727e-17    0.0346217  6.44853e-17   -0.0146975 -1.17339e-16   -0.0163339  3.12243e-17    0.0169732  3.73608e-17  -0.00162503 -1.55482e-17
-8.13575e-05  2.24179e-18   0.00148372 -8.57128e-18  -0.00739256  4.79123e-18    0.0158299  3.93253e-17     -0.01111 -9.86076e-17   -0.0155887  6.44853e-17    0.0349237  7.22585e-17   -0.0145263 -1.27625e-16   -0.0177344  3.12891e-17    0.0174315  3.37871e-17  -0.00215004
-3.32317e-19   0.00012733  4.20313e-18  0.000849743 -1.45292e-17  -0.00686716   1.3726e-17    0.0167033  3.63978e-17   -0.0132736 -1.07482e-16   -0.0146975  7.22585e-17    0.0363141   8.0504e-17   -0.0150896 -1.38057e-16   -0.0191647  3.55287e-17    0.0179282  1.61413e-17
-9.40187e-05 -4.77775e-19   0.00063611  5.53001e-18 -0.000365483 -1.94293e-17   -0.0055656  2.18161e-17     0.016839  3.39565e-17   -0.0149024 -1.17339e-16   -0.0145263   8.0504e-17    0.0389775  8.83325e-17   -0.0166303 -1.47656e-16   -0.0202934  3.78954e-17    0.0157699
-1.07011e-19 -0.000231858 -1.51999e-19   0.00119856  5.65792e-18  -0.00161914 -2.27821e-17  -0.00414249  2.86086e-17    0.0167766  3.21882e-17   -0.0163339 -1.27625e-16   -0.0150896  8.83325e-17    0.0434269  9.88034e-17   -0.0200036 -1.72636e-16   -0.0181246  9.18363e-17
 1.63184e-05 -3.47029e-19 -0.000312915  6.70151e-19   0.00155776  4.81165e-18  -0.00255854 -2.46476e-17   -0.0029343  3.38803e-17      0.01678  3.12243e-17   -0.0177344 -1.38057e-16   -0.0166303  9.88034e-17    0.0509751  1.00081e-16   -0.0291817 -1.54974e-16  -0.00526802
  6.1622e-20  1.21549e-06 -6.36032e-19  -0.00027933  1.63863e-18   0.00163687  3.53717e-18  -0.00308353 -2.51102e-17  -0.00206212  3.71638e-17    0.0169732  3.12891e-17   -0.0191647 -1.47656e-16   -0.0200036  1.00081e-16    0.0664081  1.60349e-16   -0.0533448  -3.4517e-16
 6.84266e-06  8.73774e-20 -3.69737e-05 -8.23235e-19 -0.000169319  2.31009e-18     0.001495  2.27744e-18  -0.00320284 -2.41194e-17  -0.00158786  3.73608e-17    0.0174315  3.55287e-17   -0.0202934 -1.72636e-16   -0.0291817  1.60349e-16     0.100475  1.07701e-17   -0.0802053
 1.30737e-21  1.33208e-05  6.83806e-20 -6.63394e-05 -8.00016e-19 -5.80549e-05   2.3959e-18   0.00121314  1.35649e-18  -0.00290248 -2.14618e-17  -0.00162503  3.37871e-17    0.0179282  3.78954e-17   -0.0181246 -1.54974e-16   -0.0533448  1.07701e-17     0.142776  5.28651e-16
-5.23796e-07  7.98923e-21  1.21982e-05  2.77198e-20 -6.09392e-05 -5.53513e-19  1.31174e-06  1.76719e-18  0.000818606  9.39459e-19  -0.00203852 -1.55482e-17  -0.00215004  1.61413e-17    0.0157699  9.18363e-17  -0.00526802  -3.4517e-16   -0.0802053  5.28651e-16     0.113956
