 1.13126e-08  6.55687e-23 -2.18192e-07 -1.11309e-21  1.55888e-06  4.34226e-21 -6.27061e-06 -6.08267e-21  1.60005e-05 -2.44214e-21 -2.67981e-05  2.01573e-20   2.8738e-05 -2.80457e-20  -1.7387e-05  1.46935e-20  2.85228e-06  1.43538e-21  2.70354e-06 -3.24205e-21 -1.02963e-06
 6.55687e-23  3.15631e-07   6.2526e-22 -3.35647e-06 -4.49702e-21  1.75812e-05 -1.77338e-21 -5.58786e-05  6.26338e-20  0.000115433 -1.94853e-19 -0.000155747  3.03369e-19  0.000128716 -2.60419e-19 -4.99128e-05  1.06021e-19 -7.28317e-06 -6.52532e-21  1.18017e-05 -3.64095e-21
-2.18192e-07   6.2526e-22  4.21281e-06  1.72804e-21 -3.01252e-05  1.37557e-20   0.00012126 -1.72617e-19 -0.000309527  6.24039e-19  0.000518339 -1.19739e-18 -0.000555258  1.35447e-18  0.000334636 -8.63748e-19 -5.31127e-05   2.4798e-19  -5.3498e-05 -8.91529e-21   2.0147e-05
-1.11309e-21 -3.35647e-06  1.72804e-21  3.57265e-05 -8.86152e-21 -0.000187294   2.1997e-19  0.000595749 -1.11527e-18  -0.00123166   2.7746e-18   0.00166344 -4.05592e-18  -0.00137727  3.53658e-18  0.000537793 -1.65825e-18  7.32773e-05  3.03834e-19 -0.000123947 -2.69173e-21
 1.55888e-06 -4.49702e-21 -3.01252e-05 -8.86152e-21  0.000215617 -1.03859e-19 -0.000868788  1.17658e-18   0.00222065 -4.20474e-18   -0.0037268  8.12237e-18   0.00400982 -9.39604e-18  -0.00244707  6.28734e-18  0.000430842 -2.06054e-18  0.000353653  2.06068e-19 -0.000137681
 4.34226e-21  1.75812e-05  1.37557e-20 -0.000187294 -1.03859e-19  0.000982957   -5.141e-19  -0.00313177  4.06117e-18   0.00649309 -1.13092e-17  -0.00881928  1.75702e-17   0.00740382 -1.61045e-17  -0.00304872  7.99791e-18  -0.00020524 -1.66168e-18  0.000579319  6.21246e-20
-6.27061e-06 -1.77338e-21   0.00012126   2.1997e-19 -0.000868788   -5.141e-19   0.00350673 -1.70593e-18  -0.00899201  1.04088e-17    0.0151868 -2.34848e-17   -0.0165727  2.95804e-17    0.0105285 -2.10113e-17  -0.00242242  7.20292e-18  -0.00102417 -7.33813e-19  0.000466963
-6.08267e-21 -5.58786e-05 -1.72617e-19  0.000595749  1.17658e-18  -0.00313177 -1.70593e-18    0.0100111 -4.27757e-18   -0.0208948  2.11178e-17    0.0287849 -3.92125e-17   -0.0250087  3.95226e-17     0.011593 -2.05409e-17 -0.000850505  3.98997e-18   -0.0012505  5.06417e-20
 1.60005e-05  6.26338e-20 -0.000309527 -1.11527e-18   0.00222065  4.06117e-18  -0.00899201 -4.27757e-18     0.023214 -8.58489e-18   -0.0397637   3.5135e-17    0.0447699 -5.34378e-17   -0.0308812  4.11251e-17    0.0103177 -1.32994e-17  0.000201789  1.07524e-19 -0.000666211
-2.44214e-21  0.000115433  6.24039e-19  -0.00123166 -4.20474e-18   0.00649309  1.04088e-17   -0.0208948 -8.58489e-18    0.0442297 -1.42687e-17   -0.0627687  4.85704e-17    0.0583479 -5.82146e-17   -0.0327132  2.97612e-17   0.00873114 -1.78173e-18   -0.0001626 -2.00624e-18
-2.67981e-05 -1.94853e-19  0.000518339   2.7746e-18   -0.0037268 -1.13092e-17    0.0151868  2.11178e-17   -0.0397637 -1.42687e-17    0.0701328 -1.98683e-17   -0.0839364  5.45335e-17    0.0664608 -4.55125e-17   -0.0325933  6.74175e-18   0.00861962  7.88675e-18 -0.000835844
 2.01573e-20 -0.000155747 -1.19739e-18   0.00166344  8.12237e-18  -0.00881928 -2.34848e-17    0.0287849   3.5135e-17   -0.0627687 -1.98683e-17    0.0945107 -2.26519e-17   -0.0988405  4.47806e-17    0.0706858 -1.35475e-17   -0.0329729 -1.77579e-17   0.00857201  9.33169e-18
  2.8738e-05  3.03369e-19 -0.000555258 -4.05592e-18   0.00400982  1.75702e-17   -0.0165727 -3.92125e-17    0.0447699  4.85704e-17   -0.0839364 -2.26519e-17     0.112395 -1.90433e-17    -0.108361  1.54527e-17    0.0736175  2.60986e-17   -0.0319001 -2.90918e-17   0.00583601
-2.80457e-20  0.000128716  1.35447e-18  -0.00137727 -9.39604e-18   0.00740382  2.95804e-17   -0.0250087 -5.34378e-17    0.0583479  5.45335e-17   -0.0988405 -1.90433e-17     0.124347 -7.02515e-18    -0.114869 -2.45466e-17    0.0723831  5.13628e-17   -0.0248897 -2.09963e-17
 -1.7387e-05 -2.60419e-19  0.000334636  3.53658e-18  -0.00244707 -1.61045e-17    0.0105285  3.95226e-17   -0.0308812 -5.82146e-17    0.0664608  4.47806e-17    -0.108361 -7.02515e-18     0.132583  1.01596e-17    -0.114507 -5.41508e-17    0.0603421   4.8127e-17   -0.0124875
 1.46935e-20 -4.99128e-05 -8.63748e-19  0.000537793  6.28734e-18  -0.00304872 -2.10113e-17     0.011593  4.11251e-17   -0.0327132 -4.55125e-17    0.0706858  1.54527e-17    -0.114869  1.01596e-17     0.132812  2.36788e-17   -0.0986985 -5.68155e-17    0.0375412  2.48552e-17
 2.85228e-06  1.06021e-19 -5.31127e-05 -1.65825e-18  0.000430842  7.99791e-18  -0.00242242 -2.05409e-17    0.0103177  2.97612e-17   -0.0325933 -1.35475e-17    0.0736175 -2.45466e-17    -0.114507  2.36788e-17     0.115666  2.61209e-17   -0.0667694 -3.71871e-17     0.014471
 1.43538e-21 -7.28317e-06   2.4798e-19  7.32773e-05 -2.06054e-18  -0.00020524  7.20292e-18 -0.000850505 -1.32994e-17   0.00873114  6.74175e-18   -0.0329729  2.60986e-17    0.0723831 -5.41508e-17   -0.0986985  2.61209e-17      0.08012  1.83957e-17   -0.0318701 -1.40064e-17
 2.70354e-06 -6.52503e-21  -5.3498e-05  3.03834e-19  0.000353653 -1.66167e-18  -0.00102417  3.98997e-18  0.000201789 -1.78175e-18   0.00861962 -1.77581e-17   -0.0319001  5.13627e-17    0.0603421 -5.68156e-17   -0.0667694  1.83955e-17    0.0402895  8.57187e-18  -0.00891725
-3.24205e-21  1.18017e-05 -8.91618e-21 -0.000123947  2.06063e-19  0.000579319  -7.3378e-19   -0.0012505  1.07511e-19   -0.0001626  7.88679e-18   0.00857201 -2.90919e-17   -0.0248897   4.8126e-17    0.0375412 -3.71866e-17   -0.0318701  8.57187e-18    0.0129493  2.06426e-18
-1.02963e-06 -3.64095e-21   2.0147e-05 -2.69191e-21 -0.000137681   6.2126e-20  0.000466963  5.06429e-20 -0.000666211 -2.00624e-18 -0.000835844  9.33169e-18   0.00583601 -2.09964e-17   -0.0124875  2.48552e-17     0.014471 -1.40064e-17  -0.00891725  2.06427e-18   0.00199421
