    0.169802 -2.00085e-15    0.0213566  1.97859e-15  -0.00600641 -2.55716e-16  -0.00844666 -4.77675e-16  -0.00579676  -8.6576e-17  -0.00312789  4.23956e-17  -0.00142388  3.29042e-17 -0.000547631   1.4212e-17 -0.000173666  8.90527e-18 -4.22353e-05  7.47185e-18 -5.63298e-06  4.84601e-18   1.3172e-06  2.18544e-18  1.38018e-06   6.5347e-19  6.73207e-07  6.14929e-20  2.54832e-07 -7.89683e-20   8.2998e-08 -7.05786e-20  2.42275e-08 -3.83444e-20  6.47346e-09 -1.63531e-20  1.60343e-09 -5.84828e-21   3.7125e-10 -1.75867e-21  8.08216e-11 -4.10654e-22  1.66143e-11 -4.75547e-23  3.23537e-12  1.77854e-23  5.98283e-13  1.50431e-23  1.05256e-13  6.25308e-24  1.76428e-14  1.74081e-24   2.8206e-15  2.65509e-25  4.30444e-16 -4.07484e-26  6.27391e-17 -5.02678e-26  8.73699e-18 -2.42086e-26  1.16269e-18 -8.98177e-27  1.47857e-19 -2.95217e-27  1.79656e-20  -9.1456e-28  2.08513e-21 -2.73509e-28  2.31065e-22 -7.88347e-29  2.44341e-23 -2.16321e-29  2.46386e-24 -5.58925e-30  2.36717e-25 -1.35255e-30  2.16475e-26 -3.06152e-31  1.88215e-27 -6.47542e-32  1.55383e-28 -1.27382e-32  1.21622e-29 -2.30346e-33  9.01047e-31 -3.74457e-34  6.30651e-32 -5.25068e-35  4.16107e-33 -5.78388e-36  2.58192e-34 -3.42346e-37  1.50248e-35  4.23771e-38  8.17429e-37  1.87814e-38  4.14302e-38  3.91287e-39   1.9482e-39  6.05618e-40  8.45948e-41   7.6099e-41  3.37326e-42  8.00987e-42  1.22723e-43  7.16617e-43  4.04201e-45  5.50022e-44  1.19393e-46  3.64978e-45  3.12623e-48  2.10642e-46  7.15065e-50  1.05711e-47  1.40166e-51  4.54933e-49  2.29433e-53    1.622e-50  3.02188e-55  4.51439e-52  3.02377e-57  8.93374e-54   2.0771e-59  1.06538e-55  7.77517e-62   4.8425e-58
-2.00085e-15     0.143618 -1.26485e-16    0.0555917  1.12771e-15    0.0150644 -2.28512e-16   0.00155862 -1.42363e-16  -0.00114864  1.48123e-16  -0.00080831  1.73138e-16 -0.000191264  1.05855e-16  8.82894e-05  5.91598e-17  0.000125004  3.69823e-17  8.31221e-05  2.22337e-17  4.15376e-05  1.08459e-17  1.73816e-05  3.98284e-18  6.38077e-06  9.22286e-19  2.10827e-06 -5.70614e-20  6.37181e-07 -2.10297e-19  1.78104e-07 -1.44053e-19  4.64099e-08 -6.94783e-20   1.1341e-08 -2.72211e-20  2.61081e-09  -8.9455e-21  5.68228e-10 -2.37315e-21  1.17249e-10 -4.10704e-22  2.29881e-11  2.57418e-23  4.29016e-12  5.96167e-23   7.6318e-13  2.98435e-23  1.29551e-13  9.60485e-24  2.10029e-14  1.91546e-24  3.25397e-15 -5.64881e-27   4.8198e-16 -2.10832e-25  6.82713e-17 -1.19377e-25  9.24879e-18 -4.77098e-26  1.19826e-18 -1.63829e-26  1.48443e-19 -5.22354e-27  1.75784e-20 -1.59972e-27  1.98894e-21 -4.72859e-28  2.14904e-22 -1.33538e-28  2.21589e-23 -3.56084e-29  2.17861e-24 -8.90438e-30  2.04045e-25 -2.08375e-30  1.81848e-26 -4.56002e-31  1.54023e-27 -9.30098e-32  1.23807e-28 -1.75169e-32  9.42943e-30 -2.98962e-33  6.79246e-31 -4.46795e-34  4.61833e-32 -5.44379e-35  2.95709e-33  -4.3021e-36  1.77844e-34  1.34703e-37  1.00169e-35  1.37132e-37  5.26614e-37  3.30297e-38   2.5743e-38  5.59462e-39  1.16498e-39   7.5809e-40  4.85568e-41  8.56137e-41   1.8529e-42  8.20393e-42  6.42743e-44  6.74099e-43  2.00956e-45  4.78983e-44  5.60412e-47  2.96476e-45  1.37595e-48  1.60336e-46  2.92503e-50  7.51524e-48  5.26594e-52   2.9739e-49  7.78536e-54  9.46426e-51  9.03086e-56  2.24661e-52  7.62725e-58  3.52541e-54  4.05332e-60  2.84591e-56  8.74848e-63
   0.0213566 -1.26485e-16    0.0971384  1.85038e-15    0.0603865  1.07092e-15    0.0291755  3.57789e-16    0.0133471  4.94368e-16   0.00661883   5.2617e-16   0.00369428  3.69572e-16    0.0021049  2.14499e-16   0.00111489  1.22457e-16  0.000529861  6.95074e-17   0.00022536  3.51311e-17  8.64764e-05  1.44587e-17  3.02403e-05  4.39673e-18  9.72628e-06  6.16087e-19  2.89974e-06 -3.39146e-19  8.06486e-07 -3.55034e-19  2.10337e-07 -1.99609e-19  5.16594e-08  -8.6305e-20  1.19892e-08 -3.08887e-20  2.63664e-09 -9.08967e-21  5.50718e-10 -1.95813e-21  1.09454e-10 -1.22931e-22  2.07304e-11  1.48761e-22  3.74621e-12  9.60313e-23  6.46542e-13  3.57549e-23  1.06646e-13  8.67113e-24  1.68218e-14  7.37892e-25  2.53831e-15 -5.58974e-25  3.66488e-16 -4.01867e-25  5.06351e-17 -1.75752e-25   6.6942e-18 -6.34828e-26  8.46688e-19 -2.08996e-26  1.02423e-19 -6.55882e-27   1.1845e-20 -1.98666e-27  1.30891e-21 -5.76816e-28  1.38112e-22 -1.58627e-28  1.39048e-23 -4.09767e-29  1.33447e-24 -9.91147e-30   1.2196e-25 -2.24317e-30  1.06014e-26 -4.73967e-31  8.75327e-28 -9.28155e-32  6.85442e-29 -1.65843e-32  5.08186e-30 -2.62741e-33  3.56032e-31 -3.48894e-34  2.35194e-32 -3.33593e-35  1.46141e-33 -6.05441e-37  8.51777e-35  6.51256e-37   4.6422e-36  1.89687e-37  2.35728e-37  3.54708e-38  1.11072e-38   5.1962e-39  4.83326e-40  6.29972e-40   1.9316e-41  6.46375e-41  7.04379e-43  5.68128e-42  2.32556e-44  4.31702e-43  6.88637e-46  2.85946e-44  1.80777e-47  1.66002e-45  4.14578e-49   8.4197e-47  8.14825e-51  3.66082e-48  1.33739e-52   1.3117e-49  1.76636e-54  3.63973e-51  1.77237e-56  7.12004e-53  1.22078e-58  8.32139e-55  4.58199e-61  3.66896e-57
 1.97859e-15    0.0555917  1.85038e-15    0.0824158  2.48952e-15    0.0626303  1.50877e-15    0.0396746  1.20616e-15    0.0237618  1.14978e-15     0.013875  8.79995e-16   0.00768341  5.47552e-16   0.00391007  3.10574e-16   0.00180366    1.714e-16  0.000753901  8.82275e-17  0.000287149  3.91279e-17  0.000100392  1.38361e-17  3.24473e-05  3.23839e-18  9.75629e-06 -9.62509e-20  2.74379e-06 -6.38688e-19  7.24995e-07 -4.45168e-19  1.80659e-07 -2.15393e-19  4.25866e-08 -8.40604e-20  9.52114e-09 -2.71081e-20  2.02314e-09 -6.78765e-21    4.093e-10 -9.23235e-22  7.89504e-11  2.38707e-22  1.45366e-11  2.38156e-22  2.55722e-12   1.0397e-22   4.3011e-13  2.96759e-23  6.92036e-14  4.39197e-24  1.06556e-14 -9.57555e-25  1.57045e-15 -1.05474e-24  2.21568e-16 -5.16575e-25  2.99232e-17 -1.97984e-25  3.86777e-18 -6.75859e-26  4.78347e-19 -2.17638e-26  5.65832e-20 -6.75186e-27  6.39843e-21 -2.01334e-27  6.91244e-22 -5.70551e-28   7.1292e-23 -1.52189e-28  7.01337e-24 -3.80411e-29  6.57445e-25 -8.90087e-30  5.86606e-26 -1.94677e-30  4.97544e-27  -3.9583e-31  4.00579e-28  -7.3866e-32   3.0564e-29 -1.23505e-32  2.20599e-30 -1.76838e-33  1.50307e-31 -1.94697e-34  9.64569e-33 -9.85573e-36  5.81477e-34  2.20083e-36  3.28319e-35  8.50314e-37  1.73048e-36  1.77912e-37  8.48166e-38  2.82817e-38  3.84874e-39  3.68475e-39  1.60863e-40   4.0481e-40  6.15585e-42  3.80397e-41  2.14154e-43  3.08808e-42  6.71522e-45  2.18521e-43  1.87826e-46  1.35768e-44  4.62543e-48  7.41253e-46   9.8627e-50   3.5117e-47  1.78101e-51  1.39899e-48  2.64123e-53  4.44941e-50  3.07324e-55  1.04676e-51  2.60333e-57  1.61436e-53  1.38708e-59  1.26891e-55  3.00107e-62
 -0.00600641  1.12771e-15    0.0603865  2.48952e-15     0.077823  2.55924e-15    0.0660695   2.1208e-15    0.0474204  1.96104e-15    0.0307079  1.61665e-15    0.0179827  1.09249e-15   0.00945723  6.42581e-16   0.00446622  3.54601e-16   0.00190487   1.8508e-16  0.000739637  8.65913e-17  0.000263592  3.39382e-17  8.68584e-05  9.99498e-18  2.66329e-05  1.32055e-18  7.63971e-06 -7.99458e-19  2.05934e-06 -8.06679e-19  5.23581e-07 -4.47839e-19  1.25945e-07 -1.91653e-19  2.87359e-08 -6.73616e-20  6.23209e-09 -1.89696e-20  1.28696e-09 -3.55889e-21  2.53418e-10  1.11992e-22  4.76383e-11  4.73002e-22  8.55711e-12  2.50224e-22  1.46983e-12   8.2948e-23  2.41556e-13  1.65398e-23  3.79968e-14 -5.00733e-25  5.72222e-15 -2.24627e-24  8.25126e-16 -1.27867e-24  1.13922e-16 -5.25905e-25  1.50583e-17 -1.87161e-25  1.90508e-18 -6.19745e-26  2.30605e-19 -1.96904e-26  2.66955e-20 -6.02402e-27  2.95373e-21 -1.75749e-27  3.12152e-22 -4.83827e-28  3.14826e-23 -1.24947e-28  3.02745e-24 -3.02167e-29  2.77281e-25 -6.83688e-30  2.41588e-26 -1.44159e-30  1.99961e-27  -2.8036e-31  1.56987e-28 -4.92879e-32  1.16703e-29 -7.54809e-33  8.19884e-31 -9.29552e-34  5.43164e-32 -6.94305e-35  3.38493e-33  4.71393e-36   1.9788e-34  3.12226e-36  1.08174e-35  7.46857e-37  5.51004e-37  1.29538e-37  2.60441e-38  1.81674e-38   1.1369e-39  2.13773e-39  4.55817e-41    2.147e-40  1.66755e-42  1.86077e-41  5.52345e-44  1.40495e-42  1.64093e-45  9.32032e-44  4.32182e-47  5.45453e-45  9.94389e-49  2.79623e-46  1.96085e-50  1.22571e-47  3.22902e-52  4.39902e-49   4.2789e-54  1.21281e-50   4.3075e-56  2.33802e-52  2.97522e-58  2.66954e-54  1.11811e-60  1.13652e-56
-2.55716e-16    0.0150644  1.07092e-15    0.0626303  2.55924e-15    0.0772016  2.77991e-15    0.0684656  2.73312e-15    0.0506012  2.43996e-15    0.0322966  1.80397e-15    0.0180369  1.12753e-15   0.00891636  6.37085e-16   0.00394854   3.3813e-16   0.00158423  1.64802e-16  0.000581623  6.97842e-17  0.000197039  2.37362e-17  6.20257e-05  5.21122e-18   1.8247e-05 -3.88056e-19  5.04038e-06 -1.19251e-18  1.31243e-06 -7.96734e-19  3.23163e-07 -3.78046e-19  7.54491e-08 -1.44709e-19  1.67389e-08 -4.50388e-20  3.53528e-09 -1.02907e-20  7.11858e-10 -8.03897e-22  1.36824e-10  7.41876e-22  2.51278e-11   5.1225e-22  4.41275e-12  1.97217e-22   7.4145e-13  4.85008e-23  1.19251e-13  3.52727e-24  1.83641e-14 -3.85946e-24  2.70817e-15 -2.73378e-24  3.82465e-16 -1.22532e-24   5.1722e-17 -4.57724e-25  6.69638e-18 -1.56332e-25  8.29751e-19 -5.08906e-26  9.83593e-20 -1.59598e-26  1.11483e-20  -4.7887e-27   1.2074e-21  -1.3597e-27  1.24856e-22 -3.62678e-28  1.23169e-23 -9.06348e-29  1.15795e-24 -2.12045e-29  1.03627e-25 -4.63188e-30   8.8164e-27 -9.37053e-31  7.12055e-28 -1.72659e-31   5.4504e-29 -2.81014e-32  3.94675e-30 -3.79879e-33  2.69806e-31 -3.57157e-34  1.73724e-32 -3.53364e-37  1.05081e-33  9.51132e-36  5.95345e-35  2.69977e-36  3.14869e-36  5.15053e-37   1.5486e-37   7.7952e-38  7.05145e-39  9.83116e-39  2.95748e-40  1.05524e-39   1.1357e-41  9.75939e-41  3.96472e-43  7.85534e-42  1.24755e-44  5.55459e-43  3.50159e-46  3.47294e-44  8.65307e-48  1.91559e-45  1.85148e-49  9.15892e-47  3.35498e-51  3.66231e-48  4.99251e-53  1.16016e-49  5.82945e-55   2.6967e-51  4.95433e-57  4.07551e-53  2.64347e-59  3.10726e-55  5.69329e-62
 -0.00844666 -2.28512e-16    0.0291755  1.50877e-15    0.0660695  2.77991e-15    0.0769159  3.20334e-15    0.0669293  3.14514e-15    0.0476158    2.556e-15    0.0287437  1.72261e-15    0.0150842  1.01569e-15   0.00701336  5.52101e-16   0.00293343  2.78358e-16   0.00111734  1.25284e-16  0.000391398  4.73064e-17  0.000127084  1.32119e-17  3.84912e-05  1.32387e-18  1.09311e-05 -1.36826e-18  2.92296e-06 -1.22468e-18  7.38467e-07 -6.57032e-19  1.76774e-07 -2.74826e-19  4.01883e-08  -9.3679e-20  8.69378e-09 -2.46997e-20   1.7924e-09 -3.64143e-21  3.52646e-10  8.15535e-22  6.62794e-11  9.00779e-22  1.19101e-11  4.08319e-22  2.04754e-12  1.19148e-22  3.36931e-13  1.71037e-23  5.30865e-14 -4.94197e-24  8.01031e-15 -5.09806e-24  1.15762e-15 -2.54631e-24  1.60221e-16 -1.00711e-24   2.1234e-17 -3.56252e-25  2.69396e-18 -1.18959e-25  3.27062e-19 -3.82183e-26  3.79786e-20 -1.17809e-26  4.21557e-21 -3.44743e-27  4.46969e-22 -9.49431e-28  4.52314e-23 -2.45135e-28   4.3645e-24 -5.92794e-29  4.01134e-25 -1.34032e-29  3.50732e-26 -2.81617e-30  2.91337e-27 -5.42367e-31  2.29549e-28 -9.33348e-32  1.71264e-29 -1.36696e-32  1.20758e-30 -1.50931e-33   8.0294e-32 -6.35174e-35  5.02219e-33  2.35335e-35  2.94673e-34  8.52675e-36   1.6168e-35   1.8113e-36  8.26578e-37  2.96908e-37  3.92132e-38  4.01809e-38  1.71806e-39  4.61022e-39  6.91344e-41  4.54877e-40  2.53844e-42  3.90077e-41  8.43876e-44  2.93639e-42  2.51613e-45  1.95648e-43  6.65087e-47  1.15574e-44  1.53577e-48  5.98332e-46  3.03924e-50  2.63736e-47   5.0225e-52  9.45031e-49  6.67838e-54   2.5808e-50  6.74779e-56  4.88911e-52  4.67459e-58  5.43586e-54  1.74971e-60  2.22203e-56
-4.77675e-16   0.00155862  3.57789e-16    0.0396746   2.1208e-15    0.0684656  3.20334e-15    0.0732591  3.54876e-15    0.0595036  3.18341e-15    0.0394546  2.33375e-15    0.0222397  1.45721e-15    0.0109539  8.19007e-16   0.00480971  4.26071e-16   0.00191133  2.01555e-16  0.000695421  8.25723e-17  0.000233766  2.68855e-17  7.31199e-05   5.2478e-18  2.14037e-05 -9.42169e-19  5.89037e-06 -1.61568e-18  1.52975e-06 -1.01555e-18   3.7606e-07 -4.67977e-19  8.77293e-08 -1.74069e-19  1.94618e-08 -5.15121e-20  4.11258e-09  -1.0224e-20  8.28983e-10  1.83587e-22  1.59577e-10   1.3503e-21  2.93621e-11  7.45915e-22   5.1678e-12  2.54191e-22  8.70491e-13  5.08377e-23  1.40389e-13 -2.87976e-24  2.16829e-14 -8.26034e-24  3.20756e-15  -4.7627e-24  4.54469e-16 -2.01713e-24  6.16676e-17 -7.42979e-25  8.01188e-18 -2.54993e-25  9.96309e-19 -8.39059e-26  1.18534e-19 -2.65434e-26  1.34849e-20 -7.99787e-27  1.46595e-21 -2.27315e-27  1.52169e-22  -6.0625e-28  1.50688e-23 -1.51495e-28  1.42212e-24 -3.54313e-29  1.27761e-25  -7.7213e-30   1.0912e-26 -1.55063e-30  8.84733e-28 -2.80947e-31  6.79854e-29  -4.4153e-32  4.94214e-30 -5.51363e-33  3.39167e-31 -3.90462e-34  2.19232e-32  4.26432e-35  1.33122e-33  2.36337e-35  7.57124e-35  5.69969e-36  4.01971e-36  1.01724e-36  1.98457e-37  1.47979e-37  9.07109e-39  1.81582e-38    3.819e-40   1.9113e-39  1.47207e-41  1.74558e-40   5.1583e-43   1.3977e-41  1.62919e-44  9.90541e-43  4.58976e-46  6.24354e-44   1.1384e-47  3.47849e-45  2.44469e-49    1.675e-46  4.44585e-51  6.70221e-48  6.63877e-53  2.10828e-49  7.77577e-55  4.82858e-51  6.63519e-57  7.13009e-53  3.54749e-59  5.24946e-55  7.46493e-62
 -0.00579676 -1.42363e-16    0.0133471  1.20616e-15    0.0474204  2.73312e-15    0.0669293  3.54876e-15    0.0639951   3.5392e-15    0.0474396  2.83892e-15    0.0290616  1.89848e-15    0.0152918  1.11497e-15   0.00709368  5.99398e-16   0.00295558  2.95809e-16   0.00112138  1.29497e-16   0.00039151  4.71606e-17  0.000126805  1.22493e-17  3.83445e-05  5.85176e-19  1.08809e-05 -1.76544e-18   2.9094e-06 -1.39847e-18  7.35493e-07 -7.20602e-19  1.76271e-07 -2.92711e-19  4.01409e-08 -9.57649e-20  8.70172e-09 -2.29899e-20  1.79843e-09 -2.02317e-21  3.54805e-10  1.65861e-21  6.68857e-11  1.20867e-21  1.20578e-11  4.80557e-22  2.07998e-12  1.20267e-22  3.43484e-13  7.50001e-24  5.43182e-14  -1.1342e-23  8.22717e-15 -8.04493e-24  1.19356e-15 -3.70479e-24  1.65846e-16 -1.43067e-24  2.20673e-17 -5.06164e-25  2.81099e-18 -1.70643e-25  3.42661e-19 -5.53483e-26   3.9953e-20 -1.71546e-26  4.45299e-21 -5.02878e-27  4.74089e-22 -1.38504e-27  4.81742e-23 -3.57574e-28  4.66766e-24 -8.64594e-29  4.30768e-25   -1.952e-29  3.78195e-26 -4.07937e-30  3.15439e-27 -7.75405e-31  2.49558e-28 -1.29806e-31  1.86951e-29 -1.79129e-32  1.32355e-30 -1.66602e-33  8.83599e-32  2.68549e-35   5.5489e-33   5.7089e-35  3.26878e-34  1.61555e-35  1.80062e-35  3.16362e-36  9.24186e-37  4.95952e-37  4.40156e-38  6.51398e-38  1.93597e-39  7.31578e-39  7.82045e-41  7.11471e-40   2.8825e-42  6.05634e-41  9.61905e-44  4.55925e-42   2.8789e-45  3.05762e-43  7.63835e-47  1.82394e-44  1.77034e-48  9.52124e-46  3.51602e-50  4.20849e-47  5.83066e-52  1.50108e-48  7.77696e-54  4.04944e-50  7.87081e-56  7.51833e-52   5.4814e-58  8.11006e-54  2.05545e-60  3.15984e-56
 -8.6576e-17  -0.00114864  4.94368e-16    0.0237618  1.96104e-15    0.0506012  3.14514e-15    0.0595036   3.5392e-15    0.0504003  3.12522e-15    0.0339997  2.25868e-15    0.0192825  1.40102e-15   0.00951085  7.82131e-16    0.0041749  4.01143e-16   0.00165803  1.85645e-16  0.000603047  7.38263e-17  0.000202745  2.28424e-17  6.34624e-05  3.70113e-18  1.86005e-05  -1.4046e-18  5.12804e-06 -1.70231e-18  1.33475e-06 -1.00738e-18  3.28982e-07 -4.49244e-19  7.69734e-08 -1.61248e-19   1.7131e-08 -4.45937e-20  3.63261e-09 -7.01137e-21  7.34921e-10  1.43853e-21  1.42013e-10  1.73151e-21  2.62338e-11  8.14453e-22  4.63604e-12  2.43808e-22  7.84168e-13  3.44297e-23  1.27002e-13 -1.21659e-23  1.96995e-14 -1.22391e-23  2.92676e-15 -6.26503e-24  4.16491e-16 -2.55881e-24  5.67615e-17 -9.37053e-25  7.40685e-18 -3.24004e-25  9.25116e-19 -1.07676e-25  1.10548e-19 -3.42914e-26  1.26314e-20 -1.03603e-26  1.37918e-21 -2.94585e-27  1.43785e-22 -7.85589e-28  1.43004e-23 -1.96305e-28  1.35543e-24 -4.58731e-29  1.22293e-25 -9.95896e-30  1.04895e-26 -1.97994e-30  8.54085e-28 -3.51013e-31  6.59069e-29 -5.27041e-32  4.81109e-30 -5.86742e-33  3.31545e-31 -2.01944e-34  2.15188e-32  1.16905e-34  1.31201e-33  4.13409e-35  7.49228e-35  8.98617e-36  3.99381e-36  1.52365e-36  1.97965e-37  2.14478e-37  9.08445e-39  2.57114e-38  3.83964e-40  2.66267e-39  1.48579e-41  2.40897e-40  5.22649e-43  1.92469e-41  1.65705e-44  1.37042e-42  4.68594e-46   8.7168e-44  1.16663e-47  4.90068e-45  2.51447e-49  2.37086e-46   4.5876e-51  9.46522e-48  6.87081e-53   2.9485e-49  8.06167e-55  6.63676e-51  6.85257e-57  9.54589e-53  3.70558e-59  6.74928e-55  7.97614e-62
 -0.00312789  1.48123e-16   0.00661883  1.14978e-15    0.0307079  2.43996e-15    0.0476158  3.18341e-15    0.0474396  3.12522e-15    0.0358052  2.46186e-15    0.0221076  1.62971e-15    0.0116746  9.51894e-16   0.00542645  5.07262e-16   0.00226447  2.46354e-16  0.000860602  1.05307e-16  0.000301063  3.69186e-17  9.77421e-05  8.72021e-18  2.96379e-05 -2.58007e-19  8.43643e-06 -1.78518e-18  2.26351e-06 -1.27754e-18  5.74323e-07 -6.32473e-19  1.38182e-07 -2.48474e-19   3.1596e-08 -7.71636e-20   6.8784e-09 -1.61479e-20  1.42779e-09  1.15057e-22   2.8294e-10  2.15603e-21  5.35796e-11  1.24427e-21  9.70333e-12  4.37406e-22  1.68158e-12  8.86527e-23  2.78986e-13 -6.84182e-24  4.43244e-14  -1.6578e-23  6.74489e-15 -9.76561e-24  9.83096e-16 -4.26692e-24  1.37239e-16 -1.62613e-24  1.83458e-17 -5.77783e-25  2.34777e-18 -1.96679e-25  2.87514e-19 -6.42911e-26  3.36768e-20 -2.00016e-26  3.77058e-21 -5.86884e-27  4.03254e-22 -1.61637e-27  4.11605e-23 -4.17294e-28  4.00588e-24 -1.00859e-28   3.7133e-25 -2.27128e-29  3.27441e-26 -4.71076e-30  2.74295e-27 -8.80263e-31  2.17943e-28 -1.42226e-31  1.63965e-29 -1.80879e-32  1.16573e-30 -1.22826e-33  7.81511e-32  1.85971e-34  4.92821e-33  9.52261e-35   2.9151e-34  2.34003e-35  1.61235e-35  4.31365e-36  8.30902e-37  6.51985e-37  3.97313e-38  8.34834e-38  1.75447e-39  9.20807e-39  7.11511e-41  8.85349e-40  2.63273e-42  7.50364e-41  8.81945e-44  5.66393e-42  2.64966e-45  3.82892e-43   7.0567e-47  2.30565e-44  1.64166e-48  1.21116e-45  3.27147e-50  5.35344e-47  5.43498e-52  1.89549e-48  7.25684e-54  5.03867e-50  7.32643e-56  9.14351e-52  4.98234e-58  9.52815e-54  1.95785e-60  3.50324e-56
 4.23956e-17  -0.00080831   5.2617e-16     0.013875  1.61665e-15    0.0322966    2.556e-15    0.0394546  2.83892e-15    0.0339997  2.46186e-15    0.0231295  1.75729e-15    0.0131801  1.08383e-15   0.00652291  6.02007e-16   0.00287193   3.0552e-16   0.00114407  1.38841e-16  0.000417486  5.36314e-17  0.000140862  1.56386e-17  4.42619e-05  1.87284e-18  1.30261e-05 -1.49498e-18  3.60669e-06 -1.45883e-18  9.42977e-07  -8.1838e-19  2.33496e-07 -3.52764e-19  5.48911e-08 -1.21335e-19  1.22754e-08 -3.06144e-20  2.61571e-09 -3.00297e-21  5.31802e-10   2.2202e-21  1.03273e-10  1.71318e-21  1.91725e-11  7.06075e-22  3.40503e-12  1.81247e-22  5.78815e-13  1.02145e-23  9.42089e-14 -1.94111e-23  1.46851e-14 -1.40015e-23  2.19251e-15  -6.6468e-24  3.13528e-16 -2.65454e-24  4.29368e-17 -9.72079e-25  5.62985e-18 -3.39032e-25   7.0653e-19 -1.13643e-25  8.48277e-20 -3.63703e-26  9.73815e-21 -1.10063e-26  1.06822e-21 -3.12996e-27   1.1188e-22 -8.34674e-28   1.1178e-23 -2.08539e-28  1.06427e-24 -4.86539e-29  9.64528e-26 -1.05041e-29  8.30975e-27 -2.06078e-30  6.79573e-28 -3.55342e-31  5.26679e-29 -5.02286e-32  3.86118e-30 -4.66576e-33  2.67215e-31   1.4637e-34  1.74165e-32  1.95259e-34  1.06631e-33  5.59416e-35  6.11428e-35  1.12969e-35  3.27254e-36  1.83816e-36  1.62868e-37   2.5165e-37  7.50372e-39  2.95738e-38  3.18407e-40  3.02226e-39  1.23693e-41   2.7166e-40  4.36793e-43  2.17169e-41  1.39015e-44  1.55645e-42  3.94602e-46  9.99264e-44  9.86084e-48  5.66053e-45   2.1332e-49  2.74422e-46  3.90081e-51  1.09015e-47   5.8192e-53  3.35462e-49    6.787e-55  7.40268e-51  5.68998e-57  1.03353e-52  2.80575e-59  6.96735e-55  7.79238e-62
 -0.00142388  1.73138e-16   0.00369428  8.79995e-16    0.0179827  1.80397e-15    0.0287437  2.33375e-15    0.0290616  2.25868e-15    0.0221076  1.75729e-15    0.0137201   1.1562e-15   0.00727537  6.73383e-16   0.00339496  3.56724e-16   0.00142243  1.71014e-16  0.000542871  7.14963e-17  0.000190757  2.40636e-17  6.22191e-05  5.03092e-18  1.89577e-05 -7.10638e-19  5.42319e-06 -1.47055e-18  1.46247e-06 -9.71679e-19  3.72995e-07 -4.63234e-19  9.02128e-08 -1.75338e-19  2.07364e-08 -5.09522e-20  4.53821e-09 -8.56771e-21  9.47022e-10  1.58322e-21  1.88662e-10   2.1092e-21  3.59151e-11  1.03427e-21  6.53847e-12  3.19707e-22  1.13903e-12  4.55082e-23  1.89955e-13 -1.80974e-23  3.03349e-14 -1.83426e-23  4.63965e-15 -9.67409e-24   6.7967e-16 -4.08517e-24  9.53563e-17 -1.54817e-24  1.28103e-17 -5.53791e-25  1.64742e-18 -1.90215e-25  2.02727e-19 -6.25566e-26  2.38597e-20 -1.95102e-26  2.68411e-21 -5.72722e-27  2.88407e-22 -1.57734e-27  2.95746e-23 -4.07211e-28  2.89152e-24 -9.83309e-29  2.69249e-25 -2.20567e-29  2.38491e-26 -4.52834e-30  2.00669e-27 -8.27954e-31  1.60142e-28 -1.27787e-31  1.21002e-29 -1.44452e-32  8.63967e-31 -4.11604e-34   5.8166e-32  3.46391e-34  3.68332e-33  1.22604e-34  2.18776e-34  2.74328e-35  1.21502e-35  4.82313e-36  6.28676e-37   7.0698e-37   3.0182e-38  8.85753e-38  1.33807e-39  9.62339e-39   5.4477e-41  9.17415e-40  2.02357e-42  7.76294e-41  6.80481e-44  5.88802e-42  2.05213e-45  4.01541e-43   5.4854e-47  2.43841e-44  1.28071e-48  1.28603e-45  2.56123e-50  5.66927e-47  4.24565e-52  1.98773e-48  5.51579e-54  5.19446e-50  5.38991e-56  9.18644e-52  3.54905e-58  9.19845e-54  1.01633e-60  3.14615e-56
 3.29042e-17 -0.000191264  3.69572e-16   0.00768341  1.09249e-15    0.0180369  1.72261e-15    0.0222397  1.89848e-15    0.0192825  1.62971e-15    0.0131801   1.1562e-15   0.00754349  7.11759e-16   0.00374991  3.94308e-16   0.00165869  1.98434e-16  0.000663979  8.86773e-17  0.000243526  3.32505e-17  8.25984e-05  9.05764e-18  2.60942e-05  6.15645e-19  7.72161e-06 -1.24356e-18  2.14987e-06 -1.05167e-18  5.65238e-07 -5.63407e-19  1.40749e-07 -2.34497e-19  3.32741e-08 -7.66246e-20  7.48292e-09 -1.69789e-20  1.60342e-09 -1.08182e-22  3.27805e-10  2.27115e-21  6.40093e-11  1.37871e-21  1.19483e-11  5.02985e-22  2.13352e-12  1.04789e-22  3.64619e-13 -9.22604e-24  5.96612e-14 -2.16372e-23  9.34871e-15 -1.31317e-23  1.40302e-15 -5.93245e-24  2.01661e-16 -2.33954e-24  2.77568e-17 -8.59968e-25  3.65767e-18 -3.02582e-25  4.61296e-19 -1.02148e-25  5.56547e-20  -3.2805e-26  6.41992e-21 -9.93637e-27   7.0758e-22 -2.82583e-27  7.44567e-23 -7.53589e-28  7.47354e-24 -1.88195e-28  7.14827e-25 -4.37909e-29  6.50767e-26 -9.38214e-30  5.63166e-27 -1.80962e-30  4.62592e-28 -3.01208e-31  3.60079e-29 -3.92135e-32  2.65118e-30 -2.60434e-33  1.84257e-31   4.9098e-34    1.206e-32   2.4499e-34  7.41432e-34  6.18301e-35  4.26887e-35   1.1808e-35   2.2941e-36  1.85685e-36  1.14631e-37  2.48221e-37  5.30226e-39  2.86828e-38  2.25874e-40  2.90061e-39  8.80862e-42  2.59748e-40  3.12247e-43  2.08251e-41  9.97524e-45   1.5042e-42  2.84197e-46  9.74322e-44  7.12587e-48  5.55047e-45  1.54639e-49  2.68966e-46  2.83603e-51  1.06055e-47  4.14458e-53   3.2166e-49  4.24576e-55  6.94122e-51  3.05565e-57  9.36832e-53  1.61513e-59  5.96309e-55  2.30332e-62
-0.000547631  1.05855e-16    0.0021049  5.47552e-16   0.00945723  1.12753e-15    0.0150842  1.45721e-15    0.0152918  1.40102e-15    0.0116746  1.08383e-15   0.00727537  7.11759e-16    0.0038757  4.14167e-16   0.00181757  2.18298e-16   0.00076556  1.03347e-16  0.000293792  4.22365e-17  0.000103822  1.35984e-17  3.40602e-05  2.42949e-18  1.04389e-05 -7.42044e-19  3.00393e-06 -1.02162e-18  8.14874e-07 -6.33787e-19  2.09061e-07 -2.91461e-19  5.08622e-08 -1.05763e-19  1.17598e-08  -2.8171e-20  2.58864e-09 -3.12122e-21  5.43305e-10  2.01485e-21  1.08852e-10  1.66791e-21  2.08389e-11  7.17051e-22  3.81493e-12  1.90675e-22  6.68239e-13  1.07283e-23  1.12047e-13 -2.22482e-23  1.79893e-14 -1.65502e-23  2.76598e-15 -8.12739e-24  4.07308e-16 -3.35927e-24  5.74386e-17  -1.2727e-24  7.75558e-18 -4.58847e-25  1.00237e-18 -1.58852e-25  1.23958e-19   -5.248e-26  1.46602e-20 -1.63927e-26  1.65713e-21 -4.81302e-27  1.78903e-22  -1.3256e-27  1.84314e-23 -3.42163e-28  1.81035e-24 -8.24845e-29  1.69342e-25 -1.83988e-29  1.50671e-26 -3.72787e-30  1.27338e-27 -6.63128e-31  1.02066e-28 -9.63784e-32  7.74534e-30 -9.05272e-33  5.55385e-31  3.88066e-34  3.75484e-32  4.40628e-34  2.38762e-33  1.29253e-34  1.42399e-34  2.70174e-35  7.94048e-36  4.57044e-36  4.12506e-37  6.52641e-37  1.98823e-38  8.02551e-38  8.84902e-40  8.61234e-39  3.61665e-41  8.16239e-40  1.34855e-42  6.91275e-41  4.55195e-44  5.27709e-42  1.37781e-45   3.6308e-43  3.69558e-47  2.22024e-44  8.64855e-49  1.17289e-45  1.73185e-50  5.14407e-47  2.87101e-52  1.78199e-48  3.37034e-54  4.56759e-50  1.43028e-56  7.84658e-52 -1.75795e-59  7.49748e-54  9.72842e-61  2.33411e-56
  1.4212e-17  8.82894e-05  2.14499e-16   0.00391007  6.42581e-16   0.00891636  1.01569e-15    0.0109539  1.11497e-15   0.00951085  9.51894e-16   0.00652291  6.73383e-16   0.00374991  4.14167e-16   0.00187362  2.28699e-16   0.00083334   1.1399e-16   0.00033553  5.00212e-17    0.0001238  1.81589e-17  4.22471e-05  4.56947e-18   1.3429e-05  1.97537e-20  3.99845e-06 -8.59424e-19  1.12015e-06 -6.56103e-19  2.96322e-07 -3.37315e-19  7.42384e-08 -1.35242e-19  1.76569e-08 -4.14786e-20  3.99462e-09 -7.53267e-21  8.61032e-10  1.17711e-21   1.7706e-10  1.81126e-21  3.47734e-11  9.33025e-22  6.52792e-12    3.002e-22  1.17219e-12  4.43491e-23  2.01435e-13 -1.82831e-23  3.31396e-14 -1.91983e-23  5.22075e-15 -1.04873e-23  7.87655e-16 -4.58537e-24  1.13802e-16 -1.79817e-24  1.57442e-17 -6.64982e-25   2.0852e-18 -2.35918e-25  2.64291e-19 -8.00922e-26  3.20428e-20 -2.57819e-26  3.71411e-21 -7.81283e-27  4.11308e-22 -2.22199e-27  4.34842e-23 -5.92549e-28  4.38493e-24 -1.47834e-28  4.21324e-25 -3.42633e-29  3.85295e-26 -7.26722e-30  3.34911e-27 -1.37196e-30  2.76306e-28 -2.18273e-31  2.16006e-29 -2.52564e-32  1.59719e-30 -6.33353e-34  1.11472e-31  6.92757e-34  7.32641e-33   2.4984e-34  4.52266e-34  5.78171e-35  2.61452e-35  1.05619e-35  1.41067e-36  1.61358e-36  7.07665e-38  2.11316e-37   3.2861e-39  2.40751e-38  1.40526e-40  2.41555e-39  5.50111e-42  2.16042e-40   1.9573e-43  1.74046e-41  6.27595e-45  1.26774e-42  1.79433e-46  8.27663e-44  4.51093e-48  4.73168e-45  9.77523e-50  2.28633e-46  1.78144e-51  8.92829e-48  2.56667e-53  2.66324e-49  1.40115e-55  5.60485e-51 -4.16209e-57  7.27562e-53   -3.813e-59  4.31237e-55  2.16813e-61
-0.000173666  5.91598e-17   0.00111489  3.10574e-16   0.00446622  6.37085e-16   0.00701336  8.19007e-16   0.00709368  7.82131e-16   0.00542645  6.02007e-16   0.00339496  3.94308e-16   0.00181757  2.28699e-16  0.000857161  1.19568e-16  0.000363198  5.57344e-17  0.000140247  2.21939e-17  4.98756e-05  6.78916e-18  1.64671e-05  9.71775e-19  5.07927e-06 -5.66435e-19  1.47096e-06 -6.18276e-19   4.0156e-07 -3.63445e-19  1.03671e-07 -1.61144e-19  2.53787e-08  -5.5646e-20  5.90384e-09 -1.31543e-20  1.30745e-09  -3.3354e-22  2.76046e-10  1.71753e-21  5.56316e-11  1.10957e-21  1.07118e-11  4.23223e-22  1.97216e-12   9.2048e-23  3.47389e-13 -8.02944e-24  5.85695e-14 -2.01542e-23  9.45448e-15 -1.27034e-23  1.46146e-15 -5.94754e-24   2.1634e-16   -2.428e-24  3.06661e-17 -9.22853e-25  4.16174e-18 -3.35417e-25  5.40581e-19 -1.16889e-25   6.7181e-20 -3.87431e-26  7.98392e-21 -1.21128e-26  9.06792e-22 -3.55675e-27   9.8358e-23 -9.79644e-28  1.01803e-23 -2.52741e-28  1.00451e-24 -6.07649e-29  9.43862e-26  -1.3452e-29  8.43529e-27 -2.68046e-30  7.16026e-28 -4.60591e-31    5.764e-29  -6.1721e-32   4.3927e-30  -4.1169e-33  3.16307e-31  8.80826e-34  2.14736e-32  4.43478e-34  1.37105e-33  1.15678e-34  8.21004e-35  2.29434e-35  4.59638e-36  3.75802e-36  2.39721e-37  5.24659e-37  1.15993e-38   6.3498e-38  5.18232e-40  6.74761e-39   2.1261e-41  6.37366e-40  7.95721e-43  5.41394e-41  2.69549e-44   4.1641e-42  8.18771e-46  2.88916e-43  2.20288e-47   1.7759e-44  5.15457e-49   9.3751e-46  1.01631e-50  4.08152e-47  1.61955e-52  1.39409e-48  1.71229e-54  3.49667e-50 -3.04525e-56  5.81231e-52 -1.43287e-57  5.25049e-54 -6.06063e-60  1.43526e-56
 8.90527e-18  0.000125004  1.22457e-16   0.00180366  3.54601e-16   0.00394854  5.52101e-16   0.00480971  5.99398e-16    0.0041749  5.07262e-16   0.00287193  3.56724e-16   0.00165869  2.18298e-16   0.00083334  1.19568e-16   0.00037289  5.87518e-17  0.000151089  2.52027e-17  5.61089e-05  8.80019e-18  1.92728e-05  1.99615e-18  6.16648e-06 -1.71437e-19  1.84807e-06   -5.187e-19  5.21091e-07  -3.6375e-19  1.38734e-07 -1.79561e-19  3.49777e-08 -6.90138e-20  8.37111e-09 -1.95211e-20  1.90551e-09 -2.49565e-21  4.13217e-10  1.31878e-21  8.54791e-11  1.20007e-21  1.68859e-11  5.42595e-22  3.18821e-12  1.51055e-22  5.75734e-13   9.4792e-24  9.94883e-14 -1.84713e-23  1.64572e-14 -1.43596e-23  2.60658e-15 -7.31997e-24  3.95335e-16 -3.13408e-24   5.7416e-17 -1.22818e-24    7.984e-18 -4.57461e-25  1.06274e-18 -1.63489e-25  1.35365e-19 -5.57413e-26  1.64917e-20 -1.79702e-26  1.92074e-21 -5.44694e-27  2.13711e-22 -1.54922e-27   2.2699e-23 -4.13061e-28  2.29943e-24 -1.02879e-28  2.21937e-25 -2.37128e-29   2.0386e-26 -4.96505e-30  1.77978e-27 -9.12564e-31  1.47468e-28 -1.36901e-31  1.15776e-29 -1.31843e-32  8.59659e-31   6.4687e-34  6.02464e-32  7.12729e-34   3.9758e-33  2.15985e-34  2.46419e-34  4.68765e-35  1.43019e-35  8.25596e-36  7.74692e-37  1.23034e-36  3.90131e-38    1.583e-37  1.81853e-39   1.7826e-38  7.80616e-41   1.7789e-39  3.06728e-42  1.59258e-40   1.0953e-43  1.29106e-41  3.52306e-45  9.48367e-43  1.01055e-46  6.23193e-44   2.5455e-48  3.56759e-45  5.46195e-50  1.71506e-46  9.28044e-52  6.61935e-48  1.08035e-53  1.93785e-49 -2.69847e-56  3.96511e-51 -1.25048e-56   4.9181e-53 -2.96297e-58  2.65823e-55 -4.26502e-61
-4.22353e-05  3.69823e-17  0.000529861    1.714e-16   0.00190487   3.3813e-16   0.00293343  4.26071e-16   0.00295558  4.01143e-16   0.00226447   3.0552e-16   0.00142243  1.98434e-16   0.00076556   1.1399e-16  0.000363198  5.87518e-17  0.000154876  2.68077e-17  6.01978e-05  1.03249e-17  2.15506e-05  2.94754e-18   7.1628e-06  2.72044e-19  2.22408e-06 -3.68451e-19  6.48351e-07 -3.36595e-19   1.7815e-07 -1.87552e-19  4.62891e-08 -7.98541e-20  1.14035e-08 -2.59583e-20  2.66933e-09 -5.15942e-21  5.94771e-10   5.9229e-22  1.26332e-10  1.16317e-21  2.56104e-11  6.36567e-22  4.95994e-12  2.15071e-22  9.18391e-13  3.39186e-23  1.62678e-13 -1.34192e-23  2.75784e-14 -1.49914e-23  4.47588e-15 -8.52564e-24  6.95552e-16 -3.86567e-24  1.03501e-16 -1.56883e-24  1.47465e-17 -5.99517e-25  2.01136e-18 -2.19576e-25  2.62558e-19 -7.69266e-26  3.27888e-20  -2.5555e-26  3.91539e-21 -7.99374e-27  4.46799e-22 -2.34742e-27  4.86888e-23 -6.46543e-28  5.06249e-24 -1.66639e-28  5.01772e-25 -3.99082e-29  4.73571e-26 -8.74838e-30   4.2508e-27 -1.70731e-30  3.62382e-28 -2.80777e-31  2.92955e-29 -3.35344e-32  2.24193e-30 -8.27908e-34  1.62101e-31  1.00569e-33  1.10496e-32  3.74795e-34  7.08325e-34  9.00646e-35  4.25835e-35  1.71245e-35  2.39334e-36  2.72874e-36  1.25304e-37  3.73586e-37  6.08612e-39  4.46106e-38  2.72938e-40  4.70557e-39  1.12392e-41  4.44005e-40  4.22212e-43  3.78925e-41  1.43515e-44  2.93798e-42  4.36744e-46  2.05369e-43  1.17865e-47  1.26643e-44  2.75895e-49  6.66621e-46  5.20251e-51  2.87498e-47  5.97489e-53  9.66319e-49 -2.73395e-55  2.36574e-50 -4.74273e-56  3.78693e-52 -3.02452e-57  3.19184e-54 -4.49108e-59  7.16458e-57
 7.47185e-18  8.31221e-05  6.95074e-17  0.000753901   1.8508e-16   0.00158423  2.78358e-16   0.00191133  2.95809e-16   0.00165803  2.46354e-16   0.00114407  1.71014e-16  0.000663979  1.03347e-16   0.00033553  5.57344e-17  0.000151089  2.68077e-17  6.16227e-05  1.11465e-17  2.30385e-05  3.68082e-18  7.96703e-06  6.94939e-19   2.5663e-06  -1.9045e-19  7.74256e-07 -2.85885e-19  2.19756e-07 -1.83996e-19  5.88885e-08 -8.67787e-20  1.49422e-08 -3.17173e-20  3.59861e-09 -8.06605e-21  8.24219e-10 -4.27029e-22  1.79821e-10   9.7392e-22  3.74201e-11  6.83135e-22  7.43541e-12  2.74894e-22  1.41194e-12  6.33492e-23  2.56408e-13 -4.74388e-24   4.4553e-14 -1.41804e-23  7.40989e-15 -9.35584e-24  1.17988e-15 -4.55036e-24  1.79887e-16 -1.92396e-24  2.62601e-17 -7.55935e-25  3.67005e-18 -2.83671e-25  4.90942e-19 -1.02011e-25  6.28383e-20 -3.48899e-26  7.69244e-21 -1.12585e-26  9.00142e-22 -3.41302e-27  1.00619e-22 -9.70785e-28   1.0736e-23 -2.58708e-28  1.09246e-24  -6.4266e-29  1.05909e-25 -1.47044e-29  9.77065e-27 -3.02955e-30   8.5668e-28 -5.38514e-31  7.12827e-29 -7.46832e-32  5.61966e-30 -5.15159e-33  4.18987e-31   1.1491e-33  2.94822e-32  5.99655e-34  1.95338e-33  1.62532e-34  1.21546e-34  3.35516e-35  7.08187e-36  5.72975e-36  3.85074e-37  8.35669e-37  1.94655e-38    1.059e-37  9.10751e-40  1.18148e-38  3.92388e-41  1.17534e-39  1.54746e-42  1.05531e-40  5.54746e-44  8.61691e-42  1.78976e-45  6.38034e-43  5.12236e-47  4.21305e-44  1.29814e-48  2.40997e-45  2.80648e-50  1.15027e-46  3.97538e-52  4.37948e-48  -2.5147e-54  1.25559e-49 -3.47876e-55  2.48881e-51 -1.40323e-56  2.92393e-53  -5.6574e-58   1.3929e-55  -4.5309e-60
-5.63298e-06  2.22337e-17   0.00022536  8.82275e-17  0.000739637  1.64802e-16   0.00111734  2.01555e-16   0.00112138  1.85645e-16  0.000860602  1.38841e-16  0.000542871  8.86773e-17  0.000293792  5.00212e-17  0.000140247  2.52027e-17  6.01978e-05  1.11465e-17  2.35559e-05  4.07972e-18  8.49038e-06  1.02631e-18  2.84115e-06 -1.54917e-20  8.88148e-07 -2.20828e-19  2.60635e-07 -1.70082e-19  7.20866e-08 -8.91071e-20  1.88516e-08 -3.61482e-20  4.67365e-09    -1.09e-20  1.10083e-09 -1.64924e-21  2.46784e-10  6.31725e-22  5.27326e-11  6.65242e-22   1.0753e-11   3.2003e-22  2.09454e-12   9.4281e-23  3.90023e-13  7.13126e-24  6.94697e-14  -1.1668e-23  1.18412e-14 -9.60501e-24  1.93205e-15 -5.10047e-24  3.01815e-16 -2.26446e-24  4.51424e-17 -9.17832e-25  6.46429e-18 -3.53036e-25  8.86083e-19 -1.30195e-25  1.16231e-19 -4.58002e-26  1.45848e-20 -1.52377e-26  1.74982e-21  -4.7678e-27  2.00604e-22 -1.40021e-27    2.196e-23 -3.85585e-28  2.29357e-24 -9.92154e-29  2.28332e-25 -2.36342e-29  2.16436e-26 -5.11696e-30  1.95106e-27 -9.73203e-31  1.67029e-28  -1.5126e-31   1.3559e-29 -1.51433e-32  1.04189e-30  7.44485e-34  7.56368e-32  8.70945e-34  5.17626e-33   2.7477e-34  3.33121e-34  6.20887e-35  2.01042e-35  1.13987e-35  1.13424e-36  1.77361e-36  5.96066e-38  2.38741e-37  2.90587e-39   2.8193e-38  1.30799e-40  2.95856e-39  5.40555e-42  2.79435e-40  2.03799e-43  2.39911e-41  6.96219e-45  1.87516e-42  2.12388e-46  1.31887e-43  5.64789e-48  8.14298e-45   1.3706e-49  4.26505e-46  2.85258e-51  1.81875e-47  1.06582e-53  6.00387e-49 -2.21314e-54  1.43062e-50 -1.04973e-55   2.1919e-52 -2.99896e-57  1.69037e-54 -8.09797e-59  2.66922e-57
 4.84601e-18  4.15376e-05  3.51311e-17  0.000287149  8.65913e-17  0.000581623  1.25284e-16  0.000695421  1.29497e-16  0.000603047  1.05307e-16  0.000417486  7.14963e-17  0.000243526  4.22365e-17    0.0001238  2.21939e-17  5.61089e-05  1.03249e-17  2.30385e-05  4.07972e-18  8.67204e-06  1.20824e-18  3.01942e-06   1.2407e-19  9.79211e-07 -1.54283e-19  2.97413e-07 -1.49246e-19  8.49734e-08 -8.70844e-20  2.29187e-08 -3.88594e-20  5.85252e-09 -1.33602e-20  1.41833e-09 -2.94732e-21   3.2685e-10  1.62383e-22  7.17392e-11  5.75275e-22  1.50169e-11  3.40937e-22  3.00114e-12   1.2219e-22  5.73132e-13  2.10472e-23   1.0466e-13 -7.45662e-24  1.82847e-14 -9.11594e-24  3.05732e-15 -5.42518e-24  4.89373e-16 -2.55517e-24  7.49953e-17 -1.07344e-24  1.10032e-17 -4.23756e-25  1.54542e-18  -1.6016e-25  2.07739e-19 -5.78883e-26  2.67169e-20 -1.98432e-26  3.28598e-21 -6.40665e-27  3.86293e-22  -1.9424e-27  4.33768e-23 -5.52479e-28  4.64896e-24 -1.47091e-28  4.75145e-25  -3.6402e-29  4.62626e-26 -8.25079e-30  4.28618e-27 -1.66633e-30  3.77385e-28 -2.84016e-31  3.15314e-29 -3.52912e-32  2.49594e-30  -9.7159e-34  1.86837e-31  1.11062e-33  1.31989e-32  4.33009e-34  8.77918e-34  1.08435e-34  5.48375e-35  2.14923e-35  3.20721e-36  3.57444e-36  1.75044e-37  5.11626e-37    8.881e-39  6.40052e-38  4.17028e-40  7.09028e-39  1.80348e-41  7.04623e-40  7.13702e-43  6.35504e-41  2.56776e-44  5.22901e-42  8.37285e-46  3.89938e-43  2.40496e-47  2.58271e-44  5.79982e-49  1.47323e-45  1.57129e-50  6.96833e-47  4.11139e-52  2.61243e-48 -4.46115e-54  7.31773e-50 -6.31794e-55  1.39896e-51 -2.38447e-56  1.53787e-53 -4.90342e-58  6.06805e-56 -7.72576e-60
  1.3172e-06  1.08459e-17  8.64764e-05  3.91279e-17  0.000263592  6.97842e-17  0.000391398  8.25723e-17   0.00039151  7.38263e-17  0.000301063  5.36314e-17  0.000190757  3.32505e-17  0.000103822  1.81589e-17  4.98756e-05  8.80019e-18  2.15506e-05  3.68082e-18  8.49038e-06  1.20824e-18   3.0812e-06  2.01429e-19   1.0381e-06  -1.0003e-19  3.26701e-07  -1.2651e-19  9.65113e-08 -8.18717e-20  2.68678e-08 -3.98163e-20  7.07141e-09 -1.52301e-20  1.76418e-09 -4.18565e-21  4.18101e-10 -3.86916e-22  9.42966e-11  4.17378e-22  2.02687e-11  3.31284e-22  4.15709e-12  1.42402e-22  8.14351e-13  3.52402e-23  1.52485e-13 -1.86545e-24  2.73085e-14 -7.82482e-24  4.67968e-15 -5.44718e-24  7.67564e-16 -2.75902e-24  1.20522e-16 -1.20902e-24  1.81176e-17 -4.90983e-25  2.60726e-18 -1.90155e-25  3.59125e-19 -7.05427e-26  4.73333e-20 -2.48923e-26  5.96731e-21 -8.28966e-27  7.19234e-22 -2.59426e-27   8.2829e-23 -7.61934e-28  9.10767e-24 -2.09718e-28  9.55406e-25  -5.3827e-29  9.55242e-26 -1.27325e-29  9.09319e-27  -2.7145e-30   8.2313e-28 -5.00075e-31  7.07579e-29 -7.21345e-32  5.76721e-30 -5.28749e-33   4.4493e-31  1.13744e-33  3.24272e-32  6.30371e-34  2.22779e-33  1.78408e-34  1.43919e-34  3.84063e-35  8.71839e-36  6.84422e-36  4.93705e-37  1.04306e-36  2.60406e-38  1.38366e-37  1.27402e-39  1.61938e-38  5.75478e-41  1.69421e-39  2.38842e-42  1.60458e-40  9.03132e-44   1.3871e-41  3.09727e-45  1.09246e-42  9.80891e-47  7.71941e-44  2.66728e-48  4.76262e-45  5.72922e-50  2.47747e-46  2.95144e-51  1.04278e-47  1.21994e-52  3.37404e-49 -1.27081e-54  7.79895e-51 -1.38075e-55   1.1345e-52 -4.40972e-57   7.7589e-55 -5.60441e-59  4.64281e-58
 2.18544e-18  1.73816e-05  1.44587e-17  0.000100392  3.39382e-17  0.000197039  4.73064e-17  0.000233766  4.71606e-17  0.000202745  3.69186e-17  0.000140862  2.40636e-17  8.25984e-05  1.35984e-17  4.22471e-05  6.78916e-18  1.92728e-05  2.94754e-18  7.96703e-06  1.02631e-18  3.01942e-06  2.01429e-19  1.05848e-06 -6.96189e-20  3.45591e-07 -1.07368e-19  1.05666e-07 -7.52944e-20   3.0388e-08 -3.93494e-20  8.24899e-09 -1.64252e-20  2.11978e-09 -5.25044e-21  5.16901e-10 -9.58143e-22  1.19841e-10  2.06792e-22  2.64598e-11  2.89527e-22  5.57093e-12  1.51115e-22   1.1197e-12  4.76539e-23  2.15023e-13  4.48682e-24  3.94801e-14 -5.79306e-24  6.93437e-15 -5.12058e-24  1.16556e-15 -2.84278e-24  1.87526e-16 -1.31026e-24  2.88829e-17 -5.49352e-25  4.25865e-18  -2.1814e-25  6.01042e-19 -8.29859e-26  8.11786e-20 -3.01147e-26  1.04892e-20 -1.03386e-26  1.29602e-21  -3.3391e-27  1.53047e-22 -1.01246e-27   1.7262e-23 -2.87926e-28  1.85816e-24 -7.65357e-29  1.90729e-25 -1.88449e-29   1.8649e-26 -4.22116e-30    1.735e-27 -8.31883e-31  1.53387e-28 -1.34404e-31  1.28675e-29 -1.41613e-32  1.02261e-30  6.12537e-34  7.68484e-32  8.33174e-34  5.44982e-33  2.75626e-34  3.63869e-34  6.50086e-35  2.28136e-35  1.24547e-35  1.33921e-36  2.02424e-36  7.33596e-38  2.85036e-37  3.73542e-39  3.52768e-38  1.75987e-40  3.88829e-39  7.63669e-42  3.86746e-40  3.04263e-43  3.50797e-41  1.09515e-44  2.90866e-42  3.59261e-46  2.18192e-43  1.20493e-47  1.44694e-44  3.32846e-49  8.21482e-46  7.71601e-51  3.84391e-47  1.02938e-51  1.41646e-48  4.80013e-53  3.86634e-50 -2.01436e-55  7.08896e-52 -2.51241e-56  7.16288e-54 -6.44888e-58  2.03966e-56 -3.26652e-60
