 2.53155e-10  1.93484e-22  3.79497e-09   1.0611e-21  2.36686e-08   4.0572e-21  9.46274e-08   1.0819e-20  2.79332e-07  2.17008e-20  6.53352e-07  3.47689e-20   1.2626e-06  4.62365e-20  2.07155e-06   5.1787e-20  2.94026e-06  4.88784e-20  3.65888e-06  3.83464e-20  4.03098e-06  2.39212e-20  3.95965e-06  1.01419e-20  3.48579e-06  2.21964e-22  2.75977e-06 -4.89261e-21  1.96932e-06 -6.11452e-21  1.26787e-06   -5.133e-21  7.36404e-07 -3.45421e-21  3.85427e-07 -1.96454e-21  1.81376e-07 -9.64523e-22  7.64778e-08  -4.1232e-22  2.87548e-08  -1.5376e-22  9.57837e-09 -4.98859e-23  2.80257e-09 -1.39883e-23  7.12182e-10 -3.35363e-24   1.5482e-10 -6.76548e-25  2.82022e-11 -1.12202e-25  4.18015e-12  -1.4774e-26  4.82287e-13 -1.46115e-27  4.02439e-14 -9.82508e-29  2.10133e-15 -3.57139e-30  4.43724e-17
 1.93484e-22  5.34555e-09 -1.76935e-22  4.68711e-08 -1.20492e-21  2.28706e-07 -4.06146e-21  7.78493e-07   -1.231e-20  2.03694e-06 -3.19337e-20  4.32224e-06 -6.64546e-20  7.69093e-06 -1.13738e-19  1.17369e-05 -1.65706e-19  1.56061e-05 -2.09771e-19  1.82877e-05 -2.33532e-19  1.90441e-05 -2.30465e-19  1.77307e-05 -2.02788e-19  1.48222e-05 -1.59774e-19   1.1157e-05 -1.13046e-19  7.57391e-06 -7.19428e-20   4.6391e-06 -4.11996e-20  2.56228e-06 -2.12155e-20    1.274e-06 -9.80487e-21  5.68637e-07 -4.05395e-21  2.26903e-07 -1.49267e-21  8.04919e-08 -4.86364e-22  2.51959e-08 -1.39065e-22   6.8913e-09 -3.45038e-23  1.62554e-09 -7.31798e-24  3.24915e-10  -1.2997e-24  5.36994e-11 -1.87712e-25  7.08056e-12 -2.10919e-26  7.04124e-13 -1.71322e-27  4.77766e-14 -8.70409e-29  1.75784e-15 -1.78769e-30
 3.79497e-09 -1.76935e-22  5.72171e-08 -4.01807e-21  3.58749e-07 -1.52264e-20  1.44138e-06 -4.32527e-20  4.27459e-06  -1.0474e-19  1.00421e-05 -2.12617e-19  1.94873e-05 -3.61287e-19  3.21005e-05 -5.26525e-19  4.57363e-05 -6.71147e-19  5.71244e-05 -7.56986e-19   6.3158e-05 -7.60887e-19  6.22544e-05 -6.84906e-19  5.49881e-05 -5.54066e-19  4.36773e-05 -4.03809e-19  3.12667e-05 -2.65512e-19  2.01926e-05 -1.57562e-19  1.17641e-05 -8.43328e-20   6.1757e-06  -4.0643e-20  2.91477e-06  -1.7587e-20   1.2326e-06 -6.80505e-21  4.64773e-07 -2.34139e-21  1.55257e-07 -7.11022e-22   4.5555e-08 -1.88708e-22  1.16086e-08 -4.32047e-23  2.53055e-09 -8.38413e-24  4.62234e-10 -1.34565e-24  6.87001e-11 -1.72354e-25  7.94794e-12 -1.66541e-26  6.65014e-13 -1.09833e-27  3.48181e-14 -3.92895e-29  7.37237e-16
  1.0611e-21  4.68711e-08 -4.01807e-21  4.13156e-07 -2.05656e-20  2.02588e-06 -6.28847e-20  6.92764e-06 -1.60124e-19  1.82049e-05 -3.48953e-19  3.87885e-05 -6.35041e-19  6.92904e-05 -9.80631e-19  0.000106139 -1.31654e-18   0.00014164 -1.56032e-18  0.000166556 -1.64662e-18  0.000174031  -1.5556e-18   0.00016256 -1.32059e-18  0.000136327 -1.01016e-18  0.000102935 -6.97467e-19  7.00899e-05 -4.35005e-19  4.30586e-05 -2.45022e-19  2.38517e-05 -1.24485e-19  1.18935e-05 -5.69152e-20  5.32354e-06 -2.33358e-20  2.13018e-06 -8.53862e-21  7.57745e-07 -2.77012e-21  2.37839e-07 -7.89994e-22  6.52269e-08 -1.95813e-22  1.54272e-08 -4.15506e-23  3.09181e-09 -7.39335e-24  5.12346e-10 -1.07119e-24  6.77341e-11 -1.20891e-25  6.75356e-12 -9.87412e-27  4.59454e-13 -5.05002e-28  1.69492e-14  -1.0452e-29
 2.36686e-08 -1.20492e-21  3.58749e-07 -2.05656e-20  2.26038e-06 -7.17955e-20  9.12325e-06 -1.90861e-19  2.71725e-05 -4.45183e-19  6.40948e-05 -8.79788e-19  0.000124861 -1.45851e-18   0.00020644  -2.0817e-18  0.000295178 -2.61236e-18  0.000369938 -2.91525e-18  0.000410366 -2.91081e-18  0.000405794 -2.61071e-18  0.000359549 -2.10943e-18   0.00028646 -1.53854e-18  0.000205674 -1.01408e-18  0.000133214 -6.04124e-19  7.78309e-05  -3.2503e-19  4.09727e-05 -1.57641e-19  1.93914e-05 -6.87218e-20  8.22249e-06 -2.68147e-20  3.10876e-06 -9.31192e-21  1.04124e-06 -2.85645e-21  3.06318e-07 -7.66367e-22  7.82611e-08 -1.77492e-22  1.71043e-08 -3.48643e-23  3.13234e-09 -5.66733e-24  4.66741e-10 -7.35565e-25  5.41356e-11 -7.20571e-26  4.54116e-12  -4.8198e-27  2.38369e-13 -1.74935e-28  5.06013e-15
  4.0572e-21  2.28706e-07 -1.52264e-20  2.02588e-06 -7.17955e-20  9.97913e-06 -2.01524e-19  3.42702e-05 -4.91233e-19  9.04212e-05 -1.05592e-18  0.000193395 -1.90088e-18  0.000346738 -2.90679e-18  0.000532997 -3.88207e-18  0.000713667 -4.60132e-18  0.000841946 -4.87748e-18  0.000882507 -4.64272e-18  0.000826862 -3.97958e-18  0.000695497  -3.0783e-18  0.000526672 -2.15169e-18  0.000359638 -1.35977e-18  0.000221554 -7.76581e-19  0.000123063 -4.00263e-19  6.15295e-05 -1.85733e-19  2.76138e-05 -7.73143e-20  1.10784e-05 -2.87283e-20  3.95099e-06  -9.4663e-21   1.2433e-06 -2.74229e-21  3.41839e-07 -6.90492e-22   8.1054e-08  -1.4884e-22   1.6285e-08 -2.69022e-23  2.70532e-09 -3.95888e-24  3.58543e-10 -4.53735e-25   3.5838e-11 -3.76299e-26  2.44415e-12 -1.95372e-27  9.03886e-14 -4.10395e-29
 9.46274e-08 -4.06146e-21  1.44138e-06 -6.28847e-20  9.12325e-06 -2.01524e-19  3.69802e-05 -5.04041e-19  0.000110583 -1.15912e-18  0.000261838 -2.28687e-18  0.000511929 -3.78261e-18  0.000849332 -5.40327e-18   0.00121846  -6.8219e-18   0.00153197 -7.69471e-18   0.00170467  -7.7896e-18   0.00169076 -7.09606e-18   0.00150247 -5.82895e-18   0.00120047 -4.32408e-18  0.000864324  -2.8992e-18   0.00056135 -1.75683e-18  0.000328851 -9.61265e-19  0.000173574 -4.74008e-19  8.23616e-05 -2.10016e-19   3.5013e-05 -8.32535e-20  1.32712e-05 -2.93595e-20  4.45612e-06 -9.14142e-21  1.31418e-06 -2.48823e-21  3.36584e-07 -5.84364e-22  7.37413e-08 -1.16336e-22  1.35372e-08 -1.91566e-23  2.02203e-09 -2.51737e-24  2.35093e-10 -2.49555e-25  1.97684e-11 -1.68835e-26  1.04016e-12 -6.19495e-28  2.21341e-14
  1.0819e-20  7.78493e-07 -4.32527e-20  6.92764e-06 -1.90861e-19  3.42702e-05 -5.04041e-19  0.000118163 -1.20402e-18  0.000312951 -2.59785e-18  0.000671757 -4.69473e-18   0.00120853 -7.21193e-18   0.00186385 -9.71225e-18   0.00250357 -1.16526e-17   0.00296263  -1.2534e-17   0.00311459 -1.21199e-17   0.00292663  -1.0556e-17   0.00246859 -8.29463e-18    0.0018745 -5.88676e-18   0.00128344 -3.77484e-18   0.00079274 -2.18604e-18  0.000441469 -1.14169e-18  0.000221289 -5.36427e-19   9.9561e-05 -2.25942e-19  4.00418e-05 -8.48919e-20  1.43154e-05 -2.82666e-20   4.5157e-06 -8.26932e-21  1.24455e-06 -2.10146e-21    2.958e-07 -4.56925e-22  5.95717e-08 -8.32615e-23  9.91964e-09 -1.23465e-23  1.31777e-09 -1.42522e-24  1.32026e-10 -1.18997e-25  9.02538e-12 -6.21742e-27  3.34558e-13  -1.3138e-28
 2.79332e-07   -1.231e-20  4.27459e-06 -1.60124e-19  2.71725e-05 -4.91233e-19  0.000110583 -1.20402e-18  0.000331934  -2.7821e-18  0.000788768  -5.5235e-18   0.00154742 -9.18127e-18   0.00257569 -1.32027e-17   0.00370675 -1.68212e-17   0.00467463 -1.91764e-17   0.00521687  -1.9631e-17   0.00518904  -1.8081e-17   0.00462394 -1.50091e-17    0.0037045 -1.12444e-17   0.00267425 -7.60847e-18   0.00174134 -4.64977e-18    0.0010227 -2.56416e-18  0.000541152 -1.27357e-18   0.00025741 -5.68048e-19  0.000109694 -2.26571e-19  4.16776e-05 -8.03558e-20  1.40275e-05 -2.51516e-20  4.14664e-06 -6.87953e-21   1.0645e-06   -1.623e-21   2.3376e-07 -3.24477e-22  4.30119e-08 -5.36419e-23  6.43937e-09 -7.07524e-24    7.504e-10 -7.03848e-25  6.32438e-11 -4.77764e-26  3.33537e-12 -1.75856e-27  7.11381e-14
 2.17008e-20  2.03694e-06  -1.0474e-19  1.82049e-05 -4.45183e-19  9.04212e-05 -1.15912e-18  0.000312951  -2.7821e-18  0.000831811 -6.03663e-18   0.00179158 -1.09339e-17   0.00323366 -1.68403e-17   0.00500267 -2.27706e-17   0.00673991 -2.74595e-17   0.00799895 -2.96994e-17   0.00843291 -2.88744e-17   0.00794569 -2.52779e-17   0.00672002 -1.99577e-17   0.00511607 -1.42264e-17   0.00351182 -9.15947e-18   0.00217457 -5.32406e-18   0.00121397  -2.7901e-18  0.000609979 -1.31512e-18  0.000275093 -5.55567e-19  0.000110898 -2.09321e-19  3.97395e-05 -6.98811e-20  1.25645e-05 -2.04947e-20  3.47073e-06 -5.22073e-21  8.26785e-07 -1.13778e-21  1.66884e-07 -2.07793e-22  2.78513e-08 -3.08805e-23  3.70818e-09 -3.57247e-24  3.72353e-10 -2.98921e-25  2.55112e-11  -1.5652e-26  9.47788e-13 -3.31461e-28
 6.53352e-07 -3.19337e-20  1.00421e-05 -3.48953e-19  6.40948e-05 -1.05592e-18  0.000261838 -2.59785e-18  0.000788768 -6.03663e-18   0.00188071 -1.19795e-17   0.00370157 -1.98854e-17   0.00618045 -2.85889e-17   0.00892102 -3.64569e-17    0.0112829 -4.16269e-17    0.0126268 -4.26931e-17    0.0125934 -3.93993e-17    0.0112516 -3.27697e-17   0.00903748 -2.45976e-17    0.0065405 -1.66755e-17   0.00426934   -1.021e-17   0.00251349 -5.64078e-18   0.00133315 -2.80682e-18  0.000635626  -1.2542e-18  0.000271495 -5.01169e-19  0.000103389 -1.78074e-19  3.48763e-05 -5.58424e-20  1.03329e-05 -1.53034e-20   2.6585e-06 -3.61737e-21  5.85085e-07 -7.24644e-22  1.07893e-07 -1.20042e-22  1.61883e-08 -1.58666e-23   1.8906e-09 -1.58184e-24  1.59689e-10 -1.07614e-25   8.4402e-12 -3.97026e-27  1.80412e-13
 3.47689e-20  4.32224e-06 -2.12617e-19  3.87885e-05 -8.79788e-19  0.000193395 -2.28687e-18  0.000671757  -5.5235e-18   0.00179158 -1.19795e-17   0.00387128 -2.16192e-17   0.00700899  -3.3205e-17    0.0108756 -4.48367e-17    0.0146942 -5.40564e-17    0.0174875 -5.84936e-17    0.0184857 -5.69205e-17    0.0174632 -4.98898e-17    0.0148069  -3.9444e-17    0.0113008 -2.81599e-17   0.00777609 -1.81603e-17   0.00482655 -1.05744e-17   0.00270078 -5.55183e-18   0.00136019 -2.62192e-18  0.000614822 -1.10986e-18   0.00024841 -4.19038e-19  8.92141e-05 -1.40198e-19   2.8269e-05 -4.12094e-20  7.82592e-06 -1.05219e-20  1.86831e-06 -2.29856e-21  3.77926e-07 -4.20824e-22  6.32079e-08 -6.26985e-23  8.43371e-09 -7.27236e-24  8.48677e-10 -6.10144e-25  5.82706e-11 -3.20366e-26  2.16951e-12 -6.80371e-28
  1.2626e-06 -6.64546e-20  1.94873e-05 -6.35041e-19  0.000124861 -1.90088e-18  0.000511929 -4.69473e-18   0.00154742 -1.09339e-17   0.00370157 -2.16192e-17    0.0073079  -3.5747e-17    0.0122381 -5.12721e-17    0.0177151 -6.53289e-17    0.0224669 -7.46143e-17      0.02521 -7.66007e-17    0.0252085 -7.07921e-17    0.0225793 -5.89825e-17    0.0181807 -4.43602e-17    0.0131892 -3.01372e-17    0.0086296  -1.8494e-17   0.00509227 -1.02418e-17   0.00270708 -5.10883e-18   0.00129359 -2.28868e-18  0.000553757 -9.16942e-19  0.000211339 -3.26686e-19  7.14459e-05 -1.02729e-19  2.12129e-05  -2.8232e-20  5.46941e-06 -6.69269e-21  1.20627e-06 -1.34465e-21  2.22912e-07 -2.23419e-22  3.35162e-08 -2.96209e-23  3.92253e-09  -2.9623e-24  3.32012e-10 -2.02167e-25   1.7585e-11 -7.48273e-27  3.76679e-13
 4.62365e-20  7.69093e-06 -3.61287e-19  6.92904e-05 -1.45851e-18  0.000346738 -3.78261e-18   0.00120853 -9.18127e-18   0.00323366 -1.98854e-17   0.00700899  -3.5747e-17    0.0127274 -5.47555e-17    0.0198048 -7.38653e-17    0.0268321 -8.90942e-17    0.0320173 -9.65395e-17     0.033932 -9.41248e-17    0.0321352 -8.26876e-17    0.0273138 -6.55398e-17    0.0208958 -4.69162e-17     0.014412 -3.03414e-17   0.00896588 -1.77187e-17   0.00502829 -9.33046e-18   0.00253799 -4.41982e-18   0.00114971 -1.87668e-18  0.000465528 -7.10779e-19  0.000167547  -2.3856e-19  5.32022e-05 -7.03462e-20  1.47593e-05 -1.80194e-20  3.53088e-06  -3.9493e-21  7.15718e-07 -7.25426e-22  1.19951e-07  -1.0844e-22  1.60379e-08 -1.26201e-23   1.6172e-09  -1.0624e-24  1.11267e-10 -5.59738e-26  4.15122e-12 -1.19284e-27
 2.07155e-06 -1.13738e-19  3.21005e-05 -9.80631e-19   0.00020644 -2.90679e-18  0.000849332 -7.21193e-18   0.00257569 -1.68403e-17   0.00618045  -3.3205e-17    0.0122381 -5.47555e-17    0.0205525 -7.84582e-17     0.029832 -1.00029e-16    0.0379338  -1.1444e-16    0.0426743 -1.17762e-16    0.0427779 -1.09128e-16     0.038409 -9.11917e-17    0.0309998  -6.8797e-17    0.0225408 -4.68882e-17    0.0147817  -2.8867e-17   0.00874199  -1.6039e-17   0.00465746 -8.02724e-18    0.0022304 -3.60811e-18  0.000956813 -1.45042e-18  0.000365933 -5.18492e-19  0.000123966 -1.63594e-19  3.68826e-05  -4.5111e-20  9.52915e-06 -1.07302e-20  2.10592e-06 -2.16316e-21  3.89955e-07 -3.60638e-22  5.87509e-08 -4.79761e-23  6.88978e-09 -4.81431e-24  5.84347e-10 -3.29685e-25  3.10127e-11 -1.22444e-26  6.65656e-13
  5.1787e-20  1.17369e-05 -5.26525e-19  0.000106139  -2.0817e-18  0.000532997 -5.40327e-18   0.00186385 -1.32027e-17   0.00500267 -2.85889e-17    0.0108756 -5.12721e-17    0.0198048 -7.84582e-17    0.0309019 -1.05912e-16    0.0419771 -1.27988e-16    0.0502168 -1.39042e-16    0.0533515 -1.35966e-16     0.050648 -1.19825e-16      0.04315 -9.52887e-17    0.0330867 -6.84414e-17    0.0228713 -4.44125e-17    0.0142599 -2.60244e-17   0.00801463  -1.3751e-17   0.00405396 -6.53602e-18   0.00184031 -2.78466e-18  0.000746706 -1.05824e-18  0.000269297 -3.56375e-19  8.56861e-05  -1.0544e-19   2.3819e-05  -2.7099e-20  5.70971e-06 -5.95904e-21  1.15969e-06 -1.09821e-21  1.94746e-07 -1.64709e-22    2.609e-08 -1.92319e-23  2.63606e-09 -1.62433e-24  1.81727e-10 -8.58614e-26  6.79353e-12 -1.83578e-27
 2.94026e-06 -1.65706e-19  4.57363e-05 -1.31654e-18  0.000295178 -3.88207e-18   0.00121846 -9.71225e-18   0.00370675 -2.27706e-17   0.00892102 -4.48367e-17    0.0177151 -7.38653e-17     0.029832 -1.05912e-16    0.0434152 -1.35294e-16    0.0553464 -1.55203e-16    0.0624164 -1.60198e-16    0.0627177 -1.48935e-16    0.0564437 -1.24871e-16    0.0456593 -9.45233e-17    0.0332741 -6.46397e-17     0.021868 -3.99302e-17    0.0129607 -2.22603e-17   0.00691962  -1.1178e-17   0.00332061 -5.04093e-18   0.00142743 -2.03303e-18   0.00054703 -7.29121e-19  0.000185689 -2.30792e-19  5.53568e-05 -6.38438e-20  1.43306e-05 -1.52341e-20  3.17327e-06 -3.08077e-21   5.8875e-07 -5.15226e-22  8.88753e-08 -6.87541e-23  1.04429e-08 -6.92069e-24  8.87431e-10 -4.75392e-25  4.71905e-11 -1.77102e-26  1.01489e-12
 4.88784e-20  1.56061e-05 -6.71147e-19   0.00014164 -2.61236e-18  0.000713667  -6.8219e-18   0.00250357 -1.68212e-17   0.00673991 -3.64569e-17    0.0146942 -6.53289e-17    0.0268321 -1.00029e-16    0.0419771 -1.35294e-16    0.0571666 -1.63941e-16     0.068556 -1.78649e-16    0.0730093  -1.7526e-16    0.0694707 -1.54959e-16    0.0593202 -1.23633e-16    0.0455865 -8.90898e-17    0.0315802 -5.79989e-17    0.0197317 -3.40947e-17    0.0111132 -1.80723e-17   0.00563286 -8.61692e-18   0.00256226 -3.68259e-18   0.00104173 -1.40375e-18  0.000376443  -4.7416e-19  0.000120014 -1.40708e-19  3.34269e-05 -3.62703e-20  8.02841e-06 -7.99919e-21  1.63379e-06 -1.47849e-21  2.74891e-07 -2.22383e-22  3.68979e-08 -2.60406e-23  3.73524e-09 -2.20568e-24  2.58001e-10 -1.16923e-25  9.66349e-12 -2.50699e-27
 3.65888e-06 -2.09771e-19  5.71244e-05 -1.56032e-18  0.000369938 -4.60132e-18   0.00153197 -1.16526e-17   0.00467463 -2.74595e-17    0.0112829 -5.40564e-17    0.0224669 -8.90942e-17    0.0379338 -1.27988e-16    0.0553464 -1.63941e-16      0.07073 -1.88644e-16    0.0799551  -1.9533e-16    0.0805271 -1.82172e-16     0.072635 -1.53218e-16    0.0588865 -1.16341e-16    0.0430059  -7.9804e-17    0.0283236 -4.94467e-17    0.0168216 -2.76478e-17    0.0089993 -1.39241e-17   0.00432732 -6.29748e-18   0.00186388 -2.54705e-18  0.000715697 -9.16041e-19  0.000243416 -2.90765e-19  7.27065e-05 -8.06553e-20  1.88581e-05  -1.9298e-20   4.1838e-06 -3.91313e-21  7.77716e-07  -6.5618e-22  1.17624e-07 -8.77963e-23   1.3847e-08 -8.86079e-24  1.17895e-09 -6.10261e-25  6.28114e-11 -2.27942e-26  1.35341e-12
 3.83464e-20  1.82877e-05 -7.56986e-19  0.000166556 -2.91525e-18  0.000841946 -7.69471e-18   0.00296263 -1.91764e-17   0.00799895 -4.16269e-17    0.0174875 -7.46143e-17    0.0320173  -1.1444e-16    0.0502168 -1.55203e-16     0.068556 -1.88644e-16    0.0824103 -2.06209e-16    0.0879664 -2.02917e-16    0.0838911 -1.79951e-16    0.0717907 -1.43996e-16    0.0552882 -1.04063e-16    0.0383816 -6.79395e-17    0.0240307 -4.00498e-17     0.013562 -2.12872e-17   0.00688779 -1.01772e-17   0.00313928   -4.361e-18   0.00127881 -1.66671e-18  0.000463007 -5.64441e-19  0.000147894 -1.67929e-19  4.12703e-05 -4.33965e-20  9.93094e-06 -9.59484e-21  2.02475e-06 -1.77783e-21   3.4131e-07 -2.68068e-22  4.58988e-08 -3.14672e-23   4.6551e-09 -2.67184e-24  3.22139e-10 -1.41979e-25  1.20884e-11 -3.05164e-27
 4.03098e-06 -2.33532e-19   6.3158e-05 -1.64662e-18  0.000410366 -4.87748e-18   0.00170467  -1.2534e-17   0.00521687 -2.96994e-17    0.0126268 -5.84936e-17      0.02521 -9.65395e-17    0.0426743 -1.39042e-16    0.0624164 -1.78649e-16    0.0799551 -2.06209e-16     0.090592  -2.1416e-16     0.091445 -2.00312e-16    0.0826633 -1.68948e-16    0.0671598 -1.28638e-16    0.0491507 -8.84754e-17    0.0324369 -5.49638e-17    0.0193033  -3.0812e-17    0.0103475  -1.5557e-17   0.00498533 -7.05361e-18   0.00215146  -2.8599e-18  0.000827698 -1.03106e-18  0.000282042 -3.28058e-19  8.44019e-05 -9.12161e-20  2.19324e-05 -2.18762e-20  4.87489e-06 -4.44626e-21  9.07857e-07 -7.47306e-22   1.3756e-07 -1.00219e-22  1.62238e-08 -1.01378e-23  1.38386e-09 -6.99804e-25  7.38648e-11 -2.61985e-26  1.59453e-12
 2.39212e-20  1.90441e-05 -7.60887e-19  0.000174031 -2.91081e-18  0.000882507  -7.7896e-18   0.00311459  -1.9631e-17   0.00843291 -4.26931e-17    0.0184857 -7.66007e-17     0.033932 -1.17762e-16    0.0533515 -1.60198e-16    0.0730093  -1.9533e-16    0.0879664  -2.1416e-16    0.0941078  -2.1134e-16    0.0899439  -1.8793e-16    0.0771346 -1.50776e-16    0.0595274 -1.09242e-16    0.0414089 -7.14987e-17    0.0259781 -4.22513e-17    0.0146899 -2.25114e-17   0.00747512  -1.0788e-17    0.0034135 -4.63349e-18   0.00139315 -1.77493e-18  0.000505352 -6.02455e-19   0.00016172 -1.79641e-19  4.52118e-05 -4.65265e-20  1.08994e-05 -1.03096e-20  2.22626e-06 -1.91445e-21  3.75962e-07 -2.89298e-22  5.06508e-08 -3.40331e-23  5.14639e-09 -2.89597e-24  3.56785e-10 -1.54222e-25   1.3413e-11 -3.32196e-27
 3.95965e-06 -2.30465e-19  6.22544e-05  -1.5556e-18  0.000405794 -4.64272e-18   0.00169076 -1.21199e-17   0.00518904 -2.88744e-17    0.0125934 -5.69205e-17    0.0252085 -9.41248e-17    0.0427779 -1.35966e-16    0.0627177  -1.7526e-16    0.0805271 -2.02917e-16     0.091445  -2.1134e-16    0.0925075 -1.98202e-16    0.0838017 -1.67596e-16    0.0682262 -1.27923e-16    0.0500327 -8.81953e-17    0.0330849 -5.49186e-17    0.0197276 -3.08576e-17    0.0105953 -1.56154e-17   0.00511446 -7.09584e-18   0.00221133 -2.88334e-18  0.000852315 -1.04177e-18  0.000290966 -3.32177e-19  8.72316e-05 -9.25579e-20   2.2709e-05 -2.22448e-20  5.05662e-06 -4.53065e-21  9.43396e-07 -7.63076e-22  1.43202e-07 -1.02546e-22  1.69196e-08 -1.03946e-23   1.4458e-09  -7.1902e-25  7.73098e-11 -2.69735e-26  1.67191e-12
 1.01419e-20  1.77307e-05 -6.84906e-19   0.00016256 -2.61071e-18  0.000826862 -7.09606e-18   0.00292663  -1.8081e-17   0.00794569 -3.93993e-17    0.0174632 -7.07921e-17    0.0321352 -1.09128e-16     0.050648 -1.48935e-16    0.0694707 -1.82172e-16    0.0838911 -2.00312e-16    0.0899439 -1.98202e-16    0.0861471 -1.76691e-16    0.0740318 -1.42101e-16    0.0572488 -1.03197e-16    0.0399031 -6.76964e-17    0.0250823 -4.00935e-17    0.0142106 -2.14084e-17   0.00724491 -1.02815e-17   0.00331456 -4.42531e-18   0.00135527 -1.69873e-18   0.00049251 -5.77784e-19  0.000157896 -1.72637e-19  4.42222e-05 -4.48035e-20  1.06799e-05 -9.94782e-21  2.18532e-06 -1.85098e-21  3.69704e-07 -2.80265e-22  4.98961e-08 -3.30362e-23  5.07871e-09 -2.81672e-24  3.52719e-10   -1.503e-25  1.32838e-11 -3.24394e-27
 3.48579e-06 -2.02788e-19  5.49881e-05 -1.32059e-18  0.000359549 -3.97958e-18   0.00150247  -1.0556e-17   0.00462394 -2.52779e-17    0.0112516 -4.98898e-17    0.0225793 -8.26876e-17     0.038409 -1.19825e-16    0.0564437 -1.54959e-16     0.072635 -1.79951e-16    0.0826633  -1.8793e-16    0.0838017 -1.76691e-16    0.0760726 -1.49763e-16    0.0620591 -1.14573e-16    0.0456004 -7.91676e-17    0.0302127 -4.94042e-17    0.0180494 -2.78183e-17   0.00971229 -1.41068e-17   0.00469692 -6.42352e-18   0.00203453 -2.61545e-18  0.000785593 -9.46873e-19  0.000268671  -3.0252e-19  8.06913e-05 -8.44602e-20  2.10436e-05 -2.03383e-20  4.69406e-06 -4.15042e-21  8.77297e-07 -7.00389e-22  1.33402e-07 -9.43038e-23  1.57894e-08 -9.57755e-24  1.35159e-09 -6.63777e-25  7.23995e-11 -2.49491e-26  1.56849e-12
 2.21964e-22  1.48222e-05 -5.54066e-19  0.000136327 -2.10943e-18  0.000695497 -5.82895e-18   0.00246859 -1.50091e-17   0.00672002 -3.27697e-17    0.0148069 -5.89825e-17    0.0273138 -9.11917e-17      0.04315 -1.24871e-16    0.0593202 -1.53218e-16    0.0717907 -1.68948e-16    0.0771346 -1.67596e-16    0.0740318 -1.49763e-16    0.0637491 -1.20718e-16    0.0493949 -8.78608e-17    0.0344956 -5.77588e-17    0.0217246 -3.42793e-17    0.0123314 -1.83414e-17   0.00629847 -8.82624e-18   0.00288682 -3.80649e-18    0.0011825 -1.46405e-18  0.000430494 -4.98929e-19  0.000138259 -1.49363e-19  3.87904e-05  -3.8837e-20  9.38448e-06 -8.63942e-21   1.9236e-06 -1.61056e-21  3.25993e-07 -2.44321e-22  4.40731e-08 -2.88533e-23   4.4938e-09  -2.4647e-24   3.1264e-10 -1.31763e-25  1.17949e-11  -2.8492e-27
 2.75977e-06 -1.59774e-19  4.36773e-05 -1.01016e-18   0.00028646  -3.0783e-18   0.00120047 -8.29463e-18    0.0037045 -1.99577e-17   0.00903748  -3.9444e-17    0.0181807 -6.55398e-17    0.0309998 -9.52887e-17    0.0456593 -1.23633e-16    0.0588865 -1.43996e-16    0.0671598 -1.50776e-16    0.0682262 -1.42101e-16    0.0620591 -1.20718e-16    0.0507274 -9.25543e-17    0.0373462 -6.40879e-17    0.0247909 -4.00761e-17    0.0148381 -2.26113e-17     0.007999  -1.1489e-17   0.00387539 -5.24171e-18   0.00168169 -2.13837e-18  0.000650504 -7.75624e-19  0.000222862 -2.48274e-19  6.70503e-05 -6.94447e-20  1.75165e-05 -1.67536e-20  3.91404e-06 -3.42519e-21  7.32774e-07 -5.79069e-22  1.11617e-07 -7.81118e-23  1.32336e-08 -7.94762e-24  1.13476e-09 -5.51824e-25  6.08897e-11 -2.07793e-26  1.32141e-12
-4.89261e-21   1.1157e-05 -4.03809e-19  0.000102935 -1.53854e-18  0.000526672 -4.32408e-18    0.0018745 -1.12444e-17   0.00511607 -2.45976e-17    0.0113008 -4.43602e-17    0.0208958  -6.8797e-17    0.0330867 -9.45233e-17    0.0455865 -1.16341e-16    0.0552882 -1.28638e-16    0.0595274 -1.27923e-16    0.0572488 -1.14573e-16    0.0493949 -9.25543e-17     0.038347 -6.75043e-17     0.026831 -4.44672e-17    0.0169292 -2.64434e-17     0.009627 -1.41764e-17   0.00492606 -6.83508e-18   0.00226183 -2.95335e-18   0.00092813 -1.13804e-18   0.00033848 -3.88547e-19  0.000108896 -1.16532e-19  3.06049e-05 -3.03556e-20  7.41688e-06 -6.76494e-21  1.52288e-06 -1.26339e-21  2.58522e-07 -1.92001e-22  3.50108e-08 -2.27153e-23  3.57586e-09 -1.94387e-24  2.49201e-10 -1.04107e-25  9.41762e-12 -2.25523e-27
 1.96932e-06 -1.13046e-19  3.12667e-05 -6.97467e-19  0.000205674 -2.15169e-18  0.000864324 -5.88676e-18   0.00267425 -1.42264e-17    0.0065405 -2.81599e-17    0.0131892 -4.69162e-17    0.0225408 -6.84414e-17    0.0332741 -8.90898e-17    0.0430059 -1.04063e-16    0.0491507 -1.09242e-16    0.0500327 -1.03197e-16    0.0456004 -8.78608e-17    0.0373462 -6.75043e-17    0.0275471 -4.68373e-17    0.0183202 -2.93467e-17    0.0109853 -1.65898e-17   0.00593268 -8.44544e-18   0.00287941 -3.86034e-18   0.00125169 -1.57774e-18  0.000485016 -5.73322e-19  0.000166453  -1.8385e-19  5.01647e-05 -5.15171e-20  1.31275e-05 -1.24507e-20  2.93831e-06 -2.55001e-21  5.51029e-07 -4.31872e-22  8.40751e-08  -5.8359e-23  9.98495e-09 -5.94833e-24  8.57637e-10 -4.13738e-25  4.60973e-11 -1.56072e-26  1.00209e-12
-6.11452e-21  7.57391e-06 -2.65512e-19  7.00899e-05 -1.01408e-18  0.000359638  -2.8992e-18   0.00128344 -7.60847e-18   0.00351182 -1.66755e-17   0.00777609 -3.01372e-17     0.014412 -4.68882e-17    0.0228713 -6.46397e-17    0.0315802  -7.9804e-17    0.0383816 -8.84754e-17    0.0414089 -8.81953e-17    0.0399031 -7.91676e-17    0.0344956 -6.40879e-17     0.026831 -4.68373e-17    0.0188084  -3.0914e-17     0.011889 -1.84191e-17     0.006773 -9.89318e-18   0.00347185 -4.77881e-18   0.00159691 -2.06864e-18   0.00065642 -7.98569e-19  0.000239801 -2.73133e-19  7.72803e-05 -8.20624e-20  2.17562e-05 -2.14143e-20  5.28131e-06 -4.78067e-21  1.08621e-06 -8.94378e-22  1.84702e-07 -1.36157e-22  2.50553e-08 -1.61365e-23  2.56332e-09 -1.38329e-24  1.78936e-10 -7.42133e-26  6.77356e-12 -1.61047e-27
 1.26787e-06 -7.19428e-20  2.01926e-05 -4.35005e-19  0.000133214 -1.35977e-18   0.00056135 -3.77484e-18   0.00174134 -9.15947e-18   0.00426934 -1.81603e-17    0.0086296 -3.03414e-17    0.0147817 -4.44125e-17     0.021868 -5.79989e-17    0.0283236 -6.79395e-17    0.0324369 -7.14987e-17    0.0330849 -6.76964e-17    0.0302127 -5.77588e-17    0.0247909 -4.44672e-17    0.0183202  -3.0914e-17    0.0122062 -1.94069e-17   0.00733229 -1.09914e-17   0.00396688 -5.60576e-18   0.00192868   -2.567e-18  0.000839849 -1.05103e-18  0.000325989 -3.82601e-19  0.000112066 -1.22906e-19  3.38307e-05 -3.44998e-20   8.8679e-06 -8.35239e-21  1.98818e-06 -1.71359e-21  3.73468e-07 -2.90714e-22  5.70776e-08 -3.93516e-23  6.78988e-09 -4.01785e-24  5.84169e-10 -2.79943e-25  3.14508e-11 -1.05783e-26  6.84837e-13
  -5.133e-21   4.6391e-06 -1.57562e-19  4.30586e-05 -6.04124e-19  0.000221554 -1.75683e-18   0.00079274 -4.64977e-18   0.00217457   -1.021e-17   0.00482655  -1.8494e-17   0.00896588  -2.8867e-17    0.0142599 -3.99302e-17    0.0197317 -4.94467e-17    0.0240307 -5.49638e-17    0.0259781 -5.49186e-17    0.0250823 -4.94042e-17    0.0217246 -4.00761e-17    0.0169292 -2.93467e-17     0.011889 -1.94069e-17   0.00752864 -1.15847e-17   0.00429656 -6.23372e-18   0.00220626 -3.01658e-18   0.00101654 -1.30813e-18  0.000418567 -5.05875e-19  0.000153167 -1.73325e-19  4.94436e-05 -5.21651e-20  1.39427e-05 -1.36359e-20  3.39018e-06 -3.04936e-21  6.98408e-07  -5.7145e-22  1.18954e-07 -8.71433e-23   1.6163e-08 -1.03452e-23  1.65629e-09 -8.88337e-25   1.1581e-10   -4.774e-26  4.39119e-12 -1.03775e-27
 7.36404e-07 -4.11996e-20  1.17641e-05 -2.45022e-19  7.78309e-05 -7.76581e-19  0.000328851 -2.18604e-18    0.0010227 -5.32406e-18   0.00251349 -1.05744e-17   0.00509227 -1.77187e-17   0.00874199 -2.60244e-17    0.0129607 -3.40947e-17    0.0168216 -4.00498e-17    0.0193033 -4.22513e-17    0.0197276 -4.00935e-17    0.0180494 -3.42793e-17    0.0148381 -2.64434e-17    0.0109853 -1.84191e-17   0.00733229 -1.15847e-17   0.00441233 -6.57317e-18   0.00239129 -3.35844e-18   0.00116463 -1.54063e-18  0.000508006 -6.31895e-19  0.000197515 -2.30424e-19  6.80133e-05 -7.41476e-20   2.0566e-05 -2.08487e-20  5.39975e-06   -5.056e-21  1.21261e-06 -1.03904e-21  2.28153e-07 -1.76571e-22  3.49257e-08 -2.39411e-23  4.16149e-09 -2.44851e-24  3.58619e-10 -1.70886e-25  1.93391e-11  -6.4682e-27  4.21797e-13
-3.45421e-21  2.56228e-06 -8.43328e-20  2.38517e-05  -3.2503e-19  0.000123063 -9.61265e-19  0.000441469 -2.56416e-18   0.00121397 -5.64078e-18   0.00270078 -1.02418e-17   0.00502829  -1.6039e-17   0.00801463 -2.22603e-17    0.0111132 -2.76478e-17     0.013562  -3.0812e-17    0.0146899 -3.08576e-17    0.0142106 -2.78183e-17    0.0123314 -2.26113e-17     0.009627 -1.65898e-17     0.006773 -1.09914e-17   0.00429656 -6.57317e-18    0.0024563 -3.54338e-18   0.00126346 -1.71772e-18  0.000583131 -7.46182e-19  0.000240511 -2.89057e-19  8.81569e-05 -9.92065e-20  2.85046e-05 -2.99083e-20  8.05121e-06 -7.83111e-21  1.96085e-06 -1.75417e-21   4.0461e-07 -3.29279e-22  6.90255e-08 -5.02967e-23  9.39405e-09 -5.98085e-24  9.64208e-10 -5.14425e-25   6.7528e-11 -2.76916e-26  2.56464e-12 -6.02954e-28
 3.85427e-07 -2.12155e-20   6.1757e-06 -1.24485e-19  4.09727e-05 -4.00263e-19  0.000173574 -1.14169e-18  0.000541152  -2.7901e-18   0.00133315 -5.55183e-18   0.00270708 -9.33046e-18   0.00465746  -1.3751e-17   0.00691962 -1.80723e-17    0.0089993 -2.12872e-17    0.0103475 -2.25114e-17    0.0105953 -2.14084e-17   0.00971229 -1.83414e-17     0.007999 -1.41764e-17   0.00593268 -9.89318e-18   0.00396688 -6.23372e-18   0.00239129 -3.54338e-18    0.0012982 -1.81362e-18  0.000633336 -8.33413e-19  0.000276719 -3.42414e-19  0.000107768 -1.25074e-19  3.71703e-05  -4.0315e-20   1.1258e-05 -1.13546e-20  2.96066e-06 -2.75816e-21   6.6594e-07 -5.67756e-22  1.25499e-07 -9.66412e-23  1.92422e-08  -1.3125e-23  2.29645e-09 -1.34453e-24  1.98216e-10 -9.39915e-26  1.07064e-11 -3.56354e-27  2.33891e-13
-1.96454e-21    1.274e-06  -4.0643e-20  1.18935e-05 -1.57641e-19  6.15295e-05 -4.74008e-19  0.000221289 -1.27357e-18  0.000609979 -2.80682e-18   0.00136019 -5.10883e-18   0.00253799 -8.02724e-18   0.00405396  -1.1178e-17   0.00563286 -1.39241e-17   0.00688779  -1.5557e-17   0.00747512 -1.56154e-17   0.00724491 -1.41068e-17   0.00629847  -1.1489e-17   0.00492606 -8.44544e-18   0.00347185 -5.60576e-18   0.00220626 -3.35844e-18   0.00126346 -1.81362e-18  0.000650996 -8.80709e-19  0.000300959 -3.83237e-19  0.000124335 -1.48709e-19  4.56485e-05 -5.11235e-20   1.4784e-05  -1.5438e-20  4.18252e-06 -4.04891e-21  1.02028e-06 -9.08445e-22  2.10866e-07 -1.70804e-22  3.60307e-08 -2.61325e-23  4.91144e-09 -3.11252e-24  5.04917e-10  -2.6815e-25  3.54183e-11 -1.44582e-26  1.34731e-12 -3.15327e-28
 1.81376e-07 -9.80487e-21  2.91477e-06 -5.69152e-20  1.93914e-05 -1.85733e-19  8.23616e-05 -5.36427e-19   0.00025741 -1.31512e-18  0.000635626 -2.62192e-18   0.00129359 -4.41982e-18    0.0022304 -6.53602e-18   0.00332061 -8.61692e-18   0.00432732 -1.01772e-17   0.00498533  -1.0788e-17   0.00511446 -1.02815e-17   0.00469692 -8.82624e-18   0.00387539 -6.83508e-18   0.00287941 -4.77881e-18   0.00192868 -3.01658e-18   0.00116463 -1.71772e-18  0.000633336 -8.80709e-19  0.000309493 -4.05403e-19  0.000135448 -1.66843e-19  5.28365e-05  -6.1045e-20  1.82534e-05  -1.9709e-20   5.5374e-06 -5.56009e-21  1.45858e-06 -1.35281e-21    3.286e-07 -2.78922e-22  6.20243e-08 -4.75538e-23  9.52505e-09  -6.4688e-24  1.13856e-09 -6.63737e-25  9.84305e-11 -4.64747e-26  5.32506e-12 -1.76488e-27  1.16517e-13
-9.64523e-22  5.68637e-07  -1.7587e-20  5.32354e-06 -6.87218e-20  2.76138e-05 -2.10016e-19   9.9561e-05 -5.68048e-19  0.000275093  -1.2542e-18  0.000614822 -2.28868e-18   0.00114971 -3.60811e-18   0.00184031 -5.04093e-18   0.00256226 -6.29748e-18   0.00313928 -7.05361e-18    0.0034135 -7.09584e-18   0.00331456 -6.42352e-18   0.00288682 -5.24171e-18   0.00226183 -3.86034e-18   0.00159691   -2.567e-18   0.00101654 -1.54063e-18  0.000583131 -8.33413e-19  0.000300959 -4.05403e-19  0.000139365 -1.76707e-19  5.76698e-05 -6.86823e-20  2.12072e-05 -2.36506e-20  6.87933e-06 -7.15355e-21  1.94933e-06  -1.8792e-21  4.76273e-07 -4.22312e-22  9.85891e-08 -7.95299e-23  1.68726e-08 -1.21874e-23  2.30357e-09 -1.45391e-24  2.37191e-10 -1.25458e-25  1.66645e-11 -6.77539e-27  6.34923e-13 -1.48007e-28
 7.64778e-08 -4.05395e-21   1.2326e-06 -2.33358e-20  8.22249e-06 -7.73143e-20   3.5013e-05 -2.25942e-19  0.000109694 -5.55567e-19  0.000271495 -1.10986e-18  0.000553757 -1.87668e-18  0.000956813 -2.78466e-18   0.00142743 -3.68259e-18   0.00186388   -4.361e-18   0.00215146 -4.63349e-18   0.00221133 -4.42531e-18   0.00203453 -3.80649e-18   0.00168169 -2.95335e-18   0.00125169 -2.06864e-18  0.000839849 -1.30813e-18  0.000508006 -7.46182e-19  0.000276719 -3.83237e-19  0.000135448 -1.76707e-19  5.93752e-05 -7.28443e-20  2.31989e-05 -2.66962e-20  8.02736e-06 -8.63319e-21  2.43908e-06 -2.43943e-21  6.43481e-07 -5.94484e-22  1.45197e-07 -1.22767e-22  2.74496e-08 -2.09641e-23  4.22204e-09 -2.85632e-24  5.05468e-10 -2.93543e-25  4.37672e-11 -2.05866e-26  2.37152e-12  -7.8303e-28  5.19733e-14
 -4.1232e-22  2.26903e-07 -6.80505e-21  2.13018e-06 -2.68147e-20  1.10784e-05 -8.32535e-20  4.00418e-05 -2.26571e-19  0.000110898 -5.01169e-19   0.00024841 -9.16942e-19  0.000465528 -1.45042e-18  0.000746706 -2.03303e-18   0.00104173 -2.54705e-18   0.00127881  -2.8599e-18   0.00139315 -2.88334e-18   0.00135527 -2.61545e-18    0.0011825 -2.13837e-18   0.00092813 -1.57774e-18   0.00065642 -1.05103e-18  0.000418567 -6.31895e-19  0.000240511 -3.42414e-19  0.000124335 -1.66843e-19  5.76698e-05 -7.28443e-20  2.39026e-05 -2.83596e-20  8.80392e-06 -9.78144e-21  2.86041e-06 -2.96334e-21  8.11806e-07 -7.79699e-22  1.98658e-07 -1.75501e-22  4.11868e-08 -3.31029e-23  7.05974e-09 -5.08081e-24  9.65355e-10 -6.07082e-25  9.95548e-11 -5.24685e-26  7.00546e-12 -2.83807e-27   2.6733e-13 -6.20962e-29
 2.87548e-08 -1.49267e-21  4.64773e-07 -8.53862e-21  3.10876e-06 -2.87283e-20  1.32712e-05 -8.48919e-20  4.16776e-05 -2.09321e-19  0.000103389 -4.19038e-19  0.000211339 -7.10779e-19  0.000365933 -1.05824e-18   0.00054703 -1.40375e-18  0.000715697 -1.66671e-18  0.000827698 -1.77493e-18  0.000852315 -1.69873e-18  0.000785593 -1.46405e-18  0.000650504 -1.13804e-18  0.000485016 -7.98569e-19  0.000325989 -5.05875e-19  0.000197515 -2.89057e-19  0.000107768 -1.48709e-19  5.28365e-05 -6.86823e-20  2.31989e-05 -2.83596e-20  9.07872e-06 -1.04102e-20  3.14644e-06 -3.37193e-21   9.5754e-07  -9.5431e-22  2.53016e-07 -2.32932e-22  5.71805e-08 -4.81789e-23  1.08268e-08 -8.24019e-24  1.66787e-09 -1.12448e-24   1.9999e-10 -1.15744e-25  1.73436e-11 -8.13015e-27  9.41232e-13 -3.09727e-28    2.066e-14
 -1.5376e-22  8.04919e-08 -2.34139e-21  7.57745e-07 -9.31192e-21  3.95099e-06 -2.93595e-20  1.43154e-05 -8.03558e-20  3.97395e-05 -1.78074e-19  8.92141e-05 -3.26686e-19  0.000167547 -5.18492e-19  0.000269297 -7.29121e-19  0.000376443 -9.16041e-19  0.000463007 -1.03106e-18  0.000505352 -1.04177e-18   0.00049251 -9.46873e-19  0.000430494 -7.75624e-19   0.00033848 -5.73322e-19  0.000239801 -3.82601e-19  0.000153167 -2.30424e-19  8.81569e-05 -1.25074e-19  4.56485e-05  -6.1045e-20  2.12072e-05 -2.66962e-20  8.80392e-06 -1.04102e-20  3.24785e-06 -3.59632e-21  1.05689e-06 -1.09126e-21  3.00424e-07 -2.87582e-22  7.36315e-08 -6.48333e-23  1.52894e-08  -1.2248e-23  2.62478e-09 -1.88284e-24  3.59471e-10 -2.25325e-25  3.71289e-11 -1.95048e-26  2.61674e-12 -1.05669e-27  1.00011e-13 -2.31567e-29
 9.57837e-09 -4.86364e-22  1.55257e-07 -2.77012e-21  1.04124e-06  -9.4663e-21  4.45612e-06 -2.82666e-20  1.40275e-05 -6.98811e-20  3.48763e-05 -1.40198e-19  7.14459e-05  -2.3856e-19  0.000123966 -3.56375e-19  0.000185689  -4.7416e-19  0.000243416 -5.64441e-19  0.000282042 -6.02455e-19  0.000290966 -5.77784e-19  0.000268671 -4.98929e-19  0.000222862 -3.88547e-19  0.000166453 -2.73133e-19  0.000112066 -1.73325e-19  6.80133e-05 -9.92065e-20  3.71703e-05 -5.11235e-20  1.82534e-05 -2.36506e-20  8.02736e-06 -9.78144e-21  3.14644e-06 -3.59632e-21  1.09219e-06 -1.16673e-21    3.329e-07 -3.30725e-22  8.81006e-08 -8.08518e-23  1.99412e-08 -1.67493e-23  3.78159e-09 -2.86916e-24  5.83454e-10 -3.92144e-25  7.00685e-11  -4.0427e-26   6.0859e-12 -2.84413e-27  3.30792e-13 -1.08521e-28  7.27218e-15
-4.98859e-23  2.51959e-08 -7.11022e-22  2.37839e-07 -2.85645e-21   1.2433e-06 -9.14142e-21   4.5157e-06 -2.51516e-20  1.25645e-05 -5.58424e-20   2.8269e-05 -1.02729e-19  5.32022e-05 -1.63594e-19  8.56861e-05 -2.30792e-19  0.000120014 -2.90765e-19  0.000147894 -3.28058e-19   0.00016172 -3.32177e-19  0.000157896  -3.0252e-19  0.000138259 -2.48274e-19  0.000108896  -1.8385e-19  7.72803e-05 -1.22906e-19  4.94436e-05 -7.41476e-20  2.85046e-05  -4.0315e-20   1.4784e-05  -1.9709e-20  6.87933e-06 -8.63319e-21  2.86041e-06 -3.37193e-21  1.05689e-06 -1.16673e-21  3.44465e-07  -3.5459e-22   9.8067e-08 -9.35923e-23  2.40726e-08 -2.11327e-23  5.00632e-09 -3.99851e-24  8.60775e-10 -6.15632e-25  1.18067e-10 -7.37888e-26  1.22136e-11 -6.39733e-27  8.62109e-13 -3.47123e-28  3.30006e-14 -7.61888e-30
 2.80257e-09 -1.39065e-22   4.5555e-08 -7.89994e-22  3.06318e-07 -2.74229e-21  1.31418e-06 -8.26932e-21  4.14664e-06 -2.04947e-20  1.03329e-05 -4.12094e-20  2.12129e-05 -7.03462e-20  3.68826e-05  -1.0544e-19  5.53568e-05 -1.40708e-19  7.27065e-05 -1.67929e-19  8.44019e-05 -1.79641e-19  8.72316e-05 -1.72637e-19  8.06913e-05 -1.49363e-19  6.70503e-05 -1.16532e-19  5.01647e-05 -8.20624e-20  3.38307e-05 -5.21651e-20   2.0566e-05 -2.99083e-20   1.1258e-05  -1.5438e-20   5.5374e-06 -7.15355e-21  2.43908e-06 -2.96334e-21   9.5754e-07 -1.09126e-21    3.329e-07  -3.5459e-22  1.01626e-07 -1.00671e-22  2.69364e-08 -2.46493e-23  6.10634e-09 -5.11429e-24  1.15976e-09 -8.77436e-25  1.79212e-10  -1.2011e-25   2.1555e-11 -1.24016e-26  1.87507e-12 -8.73834e-28  1.02074e-13 -3.33939e-29  2.24749e-15
-1.39883e-23   6.8913e-09 -1.88708e-22  6.52269e-08 -7.66367e-22  3.41839e-07 -2.48823e-21  1.24455e-06 -6.87953e-21  3.47073e-06 -1.53034e-20  7.82592e-06  -2.8232e-20  1.47593e-05  -4.5111e-20   2.3819e-05 -6.38438e-20  3.34269e-05 -8.06553e-20  4.12703e-05 -9.12161e-20  4.52118e-05 -9.25579e-20  4.42222e-05 -8.44602e-20  3.87904e-05 -6.94447e-20  3.06049e-05 -5.15171e-20  2.17562e-05 -3.44998e-20  1.39427e-05 -2.08487e-20  8.05121e-06 -1.13546e-20  4.18252e-06 -5.56009e-21  1.94933e-06 -2.43943e-21  8.11806e-07  -9.5431e-22  3.00424e-07 -3.30725e-22   9.8067e-08 -1.00671e-22  2.79622e-08 -2.66131e-23  6.87446e-09 -6.01842e-24  1.43186e-09 -1.14051e-24  2.46567e-10 -1.75869e-25  3.38716e-11  -2.1112e-26  3.50926e-12 -1.83319e-27  2.48085e-13 -9.96244e-29  9.51106e-15 -2.19003e-30
 7.12182e-10 -3.45038e-23  1.16086e-08 -1.95813e-22  7.82611e-08 -6.90492e-22  3.36584e-07 -2.10146e-21   1.0645e-06 -5.22073e-21   2.6585e-06 -1.05219e-20  5.46941e-06 -1.80194e-20  9.52915e-06  -2.7099e-20  1.43306e-05 -3.62703e-20  1.88581e-05 -4.33965e-20  2.19324e-05 -4.65265e-20   2.2709e-05 -4.48035e-20  2.10436e-05  -3.8837e-20  1.75165e-05 -3.03556e-20  1.31275e-05 -2.14143e-20   8.8679e-06 -1.36359e-20  5.39975e-06 -7.83111e-21  2.96066e-06 -4.04891e-21  1.45858e-06  -1.8792e-21  6.43481e-07 -7.79699e-22  2.53016e-07 -2.87582e-22  8.81006e-08 -9.35923e-23  2.69364e-08 -2.66131e-23   7.1506e-09  -6.5263e-24  1.62348e-09 -1.35618e-24  3.08816e-10 -2.33033e-25  4.77924e-11 -3.19484e-26  5.75709e-12 -3.30381e-27  5.01574e-13 -2.33151e-28  2.73463e-14 -8.92376e-30  6.03046e-16
-3.35363e-24  1.62554e-09 -4.32047e-23  1.54272e-08 -1.77492e-22   8.1054e-08 -5.84364e-22    2.958e-07   -1.623e-21  8.26785e-07 -3.61737e-21  1.86831e-06 -6.69269e-21  3.53088e-06 -1.07302e-20  5.70971e-06 -1.52341e-20  8.02841e-06  -1.9298e-20  9.93094e-06 -2.18762e-20  1.08994e-05 -2.22448e-20  1.06799e-05 -2.03383e-20  9.38448e-06 -1.67536e-20  7.41688e-06 -1.24507e-20  5.28131e-06 -8.35239e-21  3.39018e-06   -5.056e-21  1.96085e-06 -2.75816e-21  1.02028e-06 -1.35281e-21  4.76273e-07 -5.94484e-22  1.98658e-07 -2.32932e-22  7.36315e-08 -8.08518e-23  2.40726e-08 -2.46493e-23  6.87446e-09  -6.5263e-24  1.69266e-09 -1.47817e-24  3.53096e-10 -2.80548e-25   6.0896e-11 -4.33278e-26  8.37821e-12 -5.20921e-27  8.69347e-13 -4.53021e-28  6.15518e-14 -2.46573e-29  2.36339e-15 -5.42876e-31
  1.5482e-10 -7.31798e-24  2.53055e-09 -4.15506e-23  1.71043e-08  -1.4884e-22  7.37413e-08 -4.56925e-22   2.3376e-07 -1.13778e-21  5.85085e-07 -2.29856e-21  1.20627e-06  -3.9493e-21  2.10592e-06 -5.95904e-21  3.17327e-06 -7.99919e-21   4.1838e-06 -9.59484e-21  4.87489e-06 -1.03096e-20  5.05662e-06 -9.94782e-21  4.69406e-06 -8.63942e-21  3.91404e-06 -6.76494e-21  2.93831e-06 -4.78067e-21  1.98818e-06 -3.04936e-21  1.21261e-06 -1.75417e-21   6.6594e-07 -9.08445e-22    3.286e-07 -4.22312e-22  1.45197e-07 -1.75501e-22  5.71805e-08 -6.48333e-23  1.99412e-08 -2.11327e-23  6.10634e-09 -6.01842e-24  1.62348e-09 -1.47817e-24  3.69161e-10  -3.0764e-25  7.03279e-11 -5.29429e-26  1.09005e-11 -7.26948e-27  1.31507e-12 -7.52897e-28  1.14748e-13 -5.32138e-29  6.26572e-15 -2.03988e-30  1.38385e-16
-6.76548e-25  3.24915e-10 -8.38413e-24  3.09181e-09 -3.48643e-23   1.6285e-08 -1.16336e-22  5.95717e-08 -3.24477e-22  1.66884e-07 -7.24644e-22  3.77926e-07 -1.34465e-21  7.15718e-07 -2.16316e-21  1.15969e-06 -3.08077e-21  1.63379e-06 -3.91313e-21  2.02475e-06 -4.44626e-21  2.22626e-06 -4.53065e-21  2.18532e-06 -4.15042e-21   1.9236e-06 -3.42519e-21  1.52288e-06 -2.55001e-21  1.08621e-06 -1.71359e-21  6.98408e-07 -1.03904e-21   4.0461e-07 -5.67756e-22  2.10866e-07 -2.78922e-22  9.85891e-08 -1.22767e-22  4.11868e-08 -4.81789e-23  1.52894e-08 -1.67493e-23  5.00632e-09 -5.11429e-24  1.43186e-09 -1.35618e-24  3.53096e-10  -3.0764e-25  7.37694e-11 -5.84778e-26  1.27418e-11 -9.04511e-27  1.75571e-12 -1.08914e-27  1.82454e-13 -9.48625e-29  1.29379e-14 -5.17117e-30  4.97532e-16 -1.14029e-31
