 4.28074e-07 -6.82165e-24  -6.2335e-06  1.22036e-22   2.9094e-05 -6.09605e-22 -6.17586e-05  1.49544e-21  5.72227e-05 -1.86807e-21 -1.05413e-05  7.72923e-22 -9.97327e-06  6.63915e-22  6.38031e-07 -1.53885e-22  8.46721e-07 -1.17324e-21  9.73407e-08   5.8081e-22 -1.35435e-10
-6.82165e-24  9.40457e-06  -6.7551e-23 -7.26395e-05  7.68223e-22  0.000234234 -2.69822e-21  -0.00035305  4.31769e-21  0.000201777 -1.65653e-21  2.63426e-05 -5.23039e-21 -3.52978e-05  8.98596e-21 -7.13913e-06 -2.74917e-21  8.59903e-07 -3.05966e-21   2.4247e-07  6.59096e-22
 -6.2335e-06  -6.7551e-23  9.57202e-05 -3.48357e-22  -0.00047784  2.68081e-21   0.00110734 -6.26196e-21  -0.00116483  3.41719e-21  0.000311443   1.1877e-20  0.000208728 -3.06079e-20 -3.42554e-05  3.35076e-20 -2.30446e-05 -8.21265e-21 -2.05788e-06 -5.31723e-21  6.11603e-08
 1.22036e-22 -7.26395e-05 -3.48357e-22  0.000599989 -1.12054e-21  -0.00210871  5.94642e-21   0.00357012 -6.75145e-21  -0.00247666 -1.50973e-20 -7.85837e-05  5.19742e-20  0.000496986 -8.41671e-20  6.59967e-05  7.68711e-20 -2.13939e-05 -1.27476e-20  -4.0996e-06 -6.41792e-21
  2.9094e-05  7.68223e-22  -0.00047784 -1.12054e-21   0.00259868 -2.51052e-21  -0.00673552  9.72991e-21   0.00831379  3.95221e-21  -0.00325356 -6.18764e-20  -0.00141717  1.07861e-19   0.00052254 -1.57694e-19  0.000220381  1.26472e-19  1.06201e-05 -1.09946e-20 -1.50492e-06
-6.09605e-22  0.000234234  2.68081e-21  -0.00210871 -2.51052e-21   0.00827932 -5.28474e-21   -0.0162635  1.97591e-20    0.0142737  2.31909e-20  -0.00154705 -1.12877e-19  -0.00322561  1.20091e-19 -8.77845e-05 -2.32646e-19  0.000232054   1.5674e-19   3.2279e-05 -5.64419e-21
-6.17586e-05 -2.69822e-21   0.00110734  5.94642e-21  -0.00673552 -5.28474e-21    0.0201966 -1.60888e-20   -0.0305458  6.19176e-20    0.0178095  1.74221e-20   0.00373125 -9.84598e-20  -0.00385138 -8.10219e-21  -0.00102378    -3.07e-19  3.76793e-05  1.48579e-19  1.60156e-05
 1.49544e-21  -0.00035305 -6.26196e-21   0.00357012  9.72991e-21   -0.0162635 -1.60888e-20    0.0388602 -5.29605e-20   -0.0455719  1.63066e-19    0.0145879 -8.11978e-20    0.0107722  1.19545e-20  -0.00193367 -3.69113e-19  -0.00136131 -3.79055e-19 -0.000128749  1.03148e-19
 5.72227e-05  4.31769e-21  -0.00116483 -6.75145e-21   0.00831379  1.97591e-20   -0.0305458 -5.29605e-20    0.0605408 -1.19094e-19   -0.0549334  2.60511e-19   0.00323791 -3.63158e-19    0.0152644   4.6614e-20   0.00169029 -9.75736e-19  -0.00071799 -3.56893e-19 -9.36117e-05
-1.86807e-21  0.000201777  3.41719e-21  -0.00247666  3.95221e-21    0.0142737  6.19176e-20   -0.0455719 -1.19094e-19    0.0785553 -1.02308e-19   -0.0542269  1.38337e-19   -0.0129647  -9.2432e-19    0.0135445 -3.63806e-19   0.00422329 -1.56512e-18  0.000117316  -1.3248e-19
-1.05413e-05 -1.65653e-21  0.000311443 -1.50973e-20  -0.00325356  2.31909e-20    0.0178095  1.63066e-19   -0.0549334 -1.02308e-19    0.0880204  3.35038e-19   -0.0439034 -4.27098e-19   -0.0280278  -1.8197e-18   0.00580346 -1.37015e-18   0.00371118 -1.51777e-18  0.000292831
 7.72923e-22  2.63426e-05   1.1877e-20 -7.85837e-05 -6.18764e-20  -0.00154705  1.74221e-20    0.0145879  2.60511e-19   -0.0542269  3.35038e-19    0.0894901  1.55534e-18   -0.0274726 -1.52808e-18    -0.036196 -3.07999e-18  -0.00334216 -2.41049e-18   0.00132209 -6.14157e-19
-9.97327e-06 -5.23039e-21  0.000208728  5.19742e-20  -0.00141717 -1.12877e-19   0.00373125 -8.11978e-20   0.00323791  1.38337e-19   -0.0439034  1.55534e-18    0.0879614  3.00757e-18  -0.00759726 -3.61886e-18   -0.0337086 -4.83317e-18  -0.00795041 -2.45906e-18 -0.000203373
 6.63915e-22 -3.52978e-05 -3.06079e-20  0.000496986  1.07861e-19  -0.00322561 -9.84598e-20    0.0107722 -3.63158e-19   -0.0129647 -4.27098e-19   -0.0274726  3.00757e-18    0.0889597   1.9524e-18    0.0148421 -8.03482e-18   -0.0208495 -6.79996e-18  -0.00610701 -1.25215e-18
 6.38031e-07  8.98596e-21 -3.42554e-05 -8.41671e-20   0.00052254  1.20091e-19  -0.00385138  1.19545e-20    0.0152644  -9.2432e-19   -0.0280278 -1.52808e-18  -0.00759726   1.9524e-18    0.0948042 -5.71961e-18    0.0369279 -1.50496e-17  -0.00437754 -7.23915e-18  -0.00189963
-1.53885e-22 -7.13913e-06  3.35076e-20  6.59967e-05 -1.57694e-19 -8.77845e-05 -8.10219e-21  -0.00193367   4.6614e-20    0.0135445  -1.8197e-18    -0.036196 -3.61886e-18    0.0148421 -5.71961e-18     0.101561 -2.02048e-17    0.0501878  -2.0362e-17     0.005539 -4.51619e-18
 8.46721e-07 -2.74917e-21 -2.30446e-05  7.68711e-20  0.000220381 -2.32646e-19  -0.00102378 -3.69113e-19   0.00169029 -3.63806e-19   0.00580346 -3.07999e-18   -0.0337086 -8.03482e-18    0.0369279 -2.02048e-17     0.098802 -3.27884e-17    0.0460095 -1.77571e-17   0.00517625
-1.17324e-21  8.59903e-07 -8.21265e-21 -2.13939e-05  1.26472e-19  0.000232054    -3.07e-19  -0.00136131 -9.75736e-19   0.00422329 -1.37015e-18  -0.00334216 -4.83317e-18   -0.0208495 -1.50496e-17    0.0501878 -3.27884e-17    0.0778755 -3.21157e-17    0.0274427 -8.41307e-18
 9.73407e-08 -3.05966e-21 -2.05788e-06 -1.27476e-20  1.06201e-05   1.5674e-19  3.76793e-05 -3.79055e-19  -0.00071799 -1.56512e-18   0.00371118 -2.41049e-18  -0.00795041 -6.79996e-18  -0.00437754  -2.0362e-17    0.0460095 -3.21157e-17    0.0443728 -1.87457e-17   0.00903124
  5.8081e-22   2.4247e-07 -5.31723e-21  -4.0996e-06 -1.09946e-20   3.2279e-05  1.48579e-19 -0.000128749 -3.56893e-19  0.000117316 -1.51777e-18   0.00132209 -2.45906e-18  -0.00610701 -7.23915e-18     0.005539 -1.77571e-17    0.0274427 -1.87457e-17    0.0158096 -5.48088e-18
-1.35435e-10  6.59096e-22  6.11603e-08 -6.41792e-21 -1.50492e-06 -5.64419e-21  1.60156e-05  1.03148e-19 -9.36117e-05  -1.3248e-19  0.000292831 -6.14157e-19 -0.000203373 -1.25215e-18  -0.00189963 -4.51619e-18   0.00517625 -8.41307e-18   0.00903124 -5.48088e-18   0.00260711
