 3.37144e-35  1.87419e-50 -2.60011e-35 -4.80653e-49  5.73984e-36 -1.43144e-48 -1.94813e-36  7.31311e-48 -3.00681e-36  1.63711e-47  1.05592e-36  1.11852e-45  9.50756e-37 -1.83266e-45 -2.23842e-36  4.92465e-46 -1.60452e-36 -5.82847e-45  3.46006e-36 -3.63357e-44 -1.62775e-36  1.84122e-43 -8.74414e-37  1.29574e-44  1.03236e-35  2.20196e-43 -6.48312e-35 -4.48698e-43   3.5578e-34  1.98556e-43 -1.75445e-33  8.13078e-43  7.77857e-33  5.40268e-43 -3.10466e-32  1.29492e-42  1.11668e-31 -1.18372e-41 -3.62081e-31  5.30593e-41  1.05805e-30 -2.07127e-40 -2.78339e-30  7.44937e-40   6.5797e-30  -2.4908e-39 -1.39376e-29   7.7138e-39  2.63513e-29 -2.21455e-38 -4.42268e-29  5.89618e-38  6.53985e-29 -1.45622e-37  -8.4303e-29  3.33516e-37  9.32662e-29 -7.08007e-37  -8.6387e-29   1.3921e-36  6.40681e-29 -2.53267e-36 -3.43753e-29  4.25785e-36  8.87287e-30 -6.60382e-36  4.63398e-30   9.4301e-36 -6.46112e-30 -1.23678e-35  2.81494e-30  1.48541e-35  2.94286e-31 -1.62797e-35 -9.33504e-31  1.62135e-35  3.22781e-31 -1.46008e-35   1.1139e-31  1.18199e-35 -1.07514e-31 -8.54514e-36  3.99885e-33  5.47879e-36  1.88826e-32 -3.09802e-36 -2.49868e-33  1.54587e-36 -3.51482e-33 -6.93564e-37  1.08301e-33  2.96311e-37  1.34472e-34  -1.3255e-37  2.86646e-35  6.51173e-38 -8.51669e-35 -3.27201e-38  2.18456e-35  1.51569e-38 -1.45025e-36 -6.16363e-39  1.16095e-36   2.2423e-39 -4.69656e-37 -7.82308e-40  2.40687e-38  2.74849e-40  2.06816e-39 -9.21865e-41  1.63994e-39  2.63034e-41 -7.22732e-41  -5.7577e-42  -2.3864e-41  8.82698e-43 -3.71474e-42 -8.31006e-44   6.6371e-43  3.22322e-45 -6.15379e-44  1.34777e-46  6.41466e-45 -1.49925e-47 -1.86064e-46  2.39241e-49
 1.87419e-50  7.51998e-35  4.26873e-49 -3.65115e-35 -8.00834e-48  4.95244e-36 -4.40623e-47  -2.2157e-36  1.31549e-46  9.81687e-37  8.51676e-47  7.96254e-37  1.09527e-44  3.12299e-36 -1.43237e-44 -5.88451e-36 -2.19467e-45 -3.89776e-36 -5.62491e-44  7.31805e-36 -2.15497e-43  3.43836e-36   1.2243e-42 -5.87972e-35  3.81678e-43  3.97508e-34  1.13232e-42 -2.32078e-33 -3.14544e-42  1.21022e-32  8.56384e-43 -5.66555e-32  8.54716e-42   2.3859e-31 -4.82121e-42 -9.05104e-31  4.09543e-41  3.09523e-30  -2.1991e-40 -9.54228e-30   9.1684e-40  2.65024e-29 -3.45521e-39 -6.62167e-29  1.20477e-38  1.48492e-28 -3.89827e-38 -2.97882e-28  1.16924e-37  5.32082e-28 -3.25267e-37 -8.40879e-28  8.39443e-37  1.16533e-27 -2.00976e-36 -1.39826e-27  4.46222e-36  1.42467e-27 -9.18244e-36 -1.19321e-27  1.74986e-35  7.70234e-28  -3.0846e-35 -3.20109e-28  5.02247e-35  7.66147e-30 -7.54021e-35   1.0476e-28  1.04145e-34 -7.68266e-29 -1.31987e-34   1.5469e-29  1.52984e-34  1.39181e-29 -1.61543e-34 -1.06941e-29  1.54667e-34  7.04202e-31 -1.33494e-34  2.29853e-30  1.03141e-34 -7.88626e-31 -7.07297e-35 -2.85056e-31  4.26206e-35  1.87449e-31 -2.23277e-35  3.15834e-32   1.0095e-35 -3.63875e-32 -3.98056e-36  4.32675e-34  1.46221e-36  2.74767e-33  -5.8281e-37  9.02147e-34  2.76687e-37 -6.37293e-34 -1.36576e-37   3.5104e-35  5.87648e-38  2.74926e-36 -2.04006e-38  1.05892e-35  5.88564e-39 -1.86582e-36 -1.71821e-39 -1.92936e-37  6.32823e-40 -1.32077e-38 -2.47168e-40  9.61388e-39   7.7623e-41  1.05694e-39 -1.72474e-41 -9.54843e-41  2.50496e-42 -1.51065e-41  -2.0773e-43   1.0436e-43   5.8853e-45 -9.40928e-44  3.32322e-46  1.11779e-44 -1.99613e-47 -1.27721e-46
-2.60011e-35  4.26873e-49  9.09389e-35  5.82173e-48 -4.00696e-35 -8.33864e-47 -1.23833e-36 -6.14591e-46  2.57266e-36  1.24329e-45  9.36064e-37  5.52275e-46  5.27555e-36  7.27808e-44   5.7002e-36  -7.7901e-44 -1.11489e-35 -4.23773e-44 -4.00838e-36 -3.43433e-43 -1.60109e-35 -8.49705e-43  2.31548e-34  5.64724e-42  -1.6702e-33  3.36515e-42  1.03441e-32  3.51341e-42 -5.70826e-32  -1.4745e-41  2.82316e-31  2.59668e-43 -1.25483e-30  6.45789e-41  5.02146e-30 -1.15636e-40 -1.81107e-29  5.91869e-40  5.88937e-29 -2.70566e-39 -1.72622e-28  1.07647e-38  4.55585e-28 -3.92828e-38 -1.08065e-27  1.32802e-37  2.29741e-27 -4.16458e-37 -4.36034e-27  1.21123e-36  7.34807e-27 -3.26834e-36  -1.0913e-26  8.18315e-36  1.41331e-26 -1.90079e-35 -1.57145e-26  4.09435e-35  1.46359e-26 -8.17299e-35 -1.09227e-26  1.51048e-34  5.90655e-27  -2.5814e-34 -1.54902e-27  4.07306e-34 -7.89485e-28 -5.92209e-34  1.12351e-27   7.9157e-34  -4.9764e-28 -9.69862e-34 -4.79442e-29  1.08545e-33  1.64899e-28 -1.10491e-33  -5.8704e-29  1.01755e-33 -1.91995e-29  -8.4227e-34  1.93006e-29   6.2147e-34 -7.21868e-31 -4.04482e-34  -3.5955e-30  2.29117e-34  6.24171e-31 -1.11078e-34  5.51587e-31   4.5269e-35 -1.50026e-31 -1.54333e-35 -5.52669e-32  4.72828e-36  1.03428e-32 -1.69329e-36  9.78987e-33  8.41825e-37 -2.01904e-33 -4.30824e-37 -3.91411e-34   1.7204e-37 -4.91979e-35 -4.66002e-38  5.74524e-35   7.1108e-39  5.01806e-37 -5.57686e-40 -1.12337e-36  4.63892e-40 -2.62967e-37 -3.83222e-40  1.11563e-38  1.52669e-40  6.34023e-39 -3.52494e-41  2.09511e-40  4.80167e-42 -1.73631e-41     -3.4e-43 -3.38571e-42  5.97848e-45 -2.18068e-43  4.84015e-46  1.01386e-44 -1.28252e-47
-4.80653e-49 -3.65115e-35  5.82173e-48  9.78605e-35  5.69065e-47 -4.85535e-35 -6.33575e-46 -1.29125e-35 -5.66214e-45   1.4861e-35  7.78281e-45 -9.69654e-36  6.27186e-45  1.93177e-35  3.81393e-43  7.39859e-36 -3.44693e-43 -2.46083e-35 -2.91435e-43  7.73548e-35 -1.51177e-42 -7.28883e-34  -2.5767e-42  5.53505e-33  2.10971e-41 -3.63683e-32  1.93994e-41  2.12493e-31  5.79513e-42 -1.11095e-30 -5.08074e-41  5.21398e-30 -3.44832e-41  -2.2015e-29  4.47193e-40   8.3746e-29 -1.32297e-39 -2.87228e-28  6.07824e-39   8.8823e-28 -2.57917e-38   -2.475e-27  9.89769e-38  6.20521e-27  -3.5045e-37 -1.39663e-26  1.15009e-36  2.81258e-26 -3.50099e-36 -5.04462e-26  9.88701e-36  8.00738e-26 -2.59092e-35 -1.11493e-25  6.30013e-35  1.34458e-25 -1.42116e-34 -1.37758e-25  2.97243e-34  1.16095e-25 -5.76012e-34 -7.54969e-26  1.03314e-33  3.17203e-26 -1.71282e-33 -9.54699e-28  2.62043e-33 -1.03422e-26 -3.69185e-33  7.71096e-27   4.7778e-33 -1.60902e-27 -5.66218e-33 -1.38508e-27  6.12161e-33  1.09482e-27 -6.00959e-33 -8.27787e-29  5.32587e-33 -2.34132e-28 -4.22956e-33  8.31192e-29  2.98133e-33  2.94715e-29 -1.84176e-33 -2.06018e-29  9.80021e-34 -2.60115e-30 -4.38389e-34   3.5566e-30  1.59383e-34  1.19623e-31 -4.54291e-35 -4.07114e-31   1.0746e-35 -4.39384e-32 -3.55991e-36  5.08586e-32  2.20357e-36  2.17845e-33 -1.24954e-36 -2.18873e-33  4.71152e-37 -7.46571e-34 -9.39151e-38   1.4142e-34 -4.76244e-39  3.17502e-35  8.44193e-39  2.97542e-37 -1.71927e-39 -1.11497e-36  -2.7993e-40 -1.03737e-37  2.30793e-40  9.87097e-39 -5.68812e-41  1.59961e-39  7.13567e-42  9.26472e-41 -4.12146e-43 -5.23691e-42  2.74784e-45 -4.09571e-43  4.54544e-46  2.54224e-45
 5.73984e-36 -8.00834e-48 -4.00696e-35  5.69065e-47  1.16782e-34   4.3119e-46 -6.60343e-35 -3.75189e-45 -2.81321e-35 -3.92875e-44  3.23895e-35   3.4115e-44 -3.38347e-35  6.14538e-44  4.46821e-35  1.68244e-42  2.40477e-35 -1.32483e-42 -2.34028e-34 -1.31496e-42  1.93223e-33 -4.85376e-42 -1.53291e-32 -6.34336e-42  1.06891e-31     6.84e-41 -6.61841e-31  8.71058e-41  3.66041e-30 -1.03657e-41 -1.81489e-29  -1.1016e-40  8.08809e-29 -4.13725e-40 -3.24563e-28  3.02022e-39  1.17404e-27 -1.13689e-38 -3.82972e-27  4.98344e-38  1.12622e-26 -2.02281e-37 -2.98269e-26   7.5314e-37  7.10113e-26 -2.59343e-36 -1.51558e-25   8.2784e-36  2.88846e-25 -2.45106e-35 -4.88926e-25  6.73275e-35  7.29577e-25   -1.716e-34 -9.49691e-25   4.0578e-34  1.06183e-24 -8.89949e-34 -9.95063e-25  1.80924e-33  7.47926e-25 -3.40666e-33 -4.08217e-25  5.93451e-33  1.09277e-25 -9.55114e-33  5.36248e-26  1.41767e-32 -7.84369e-26 -1.93643e-32  3.54602e-26  2.42758e-32   3.0221e-27 -2.78397e-32 -1.16862e-26  2.90882e-32   4.3023e-27 -2.75511e-32  1.32611e-27  2.35052e-32 -1.40562e-27  -1.7915e-32  6.67213e-29  1.20657e-32  2.64852e-28 -7.07323e-33 -5.14451e-29  3.53073e-33 -3.87532e-29 -1.44998e-33  1.06532e-29  4.61824e-34   4.6705e-30 -1.02108e-34 -1.16156e-30  1.38259e-35  -6.0154e-31 -4.76756e-36  1.12685e-31  5.42361e-36  4.53924e-32 -3.53081e-36 -7.66485e-34  1.28823e-36 -3.70828e-33 -2.03066e-37 -1.44727e-34 -4.53426e-38  1.09385e-34  3.42832e-38  1.95603e-35 -8.02301e-39 -1.16379e-36  3.34559e-40 -4.74389e-37  2.84396e-40 -2.36565e-38 -7.68296e-41  2.13646e-39  8.62013e-42  3.53122e-40 -3.78643e-43  4.43901e-42 -1.62749e-45 -2.79299e-43  2.50884e-46
-1.43144e-48  4.95244e-36 -8.33864e-47 -4.85535e-35   4.3119e-46  1.55518e-34  2.64418e-45 -9.58881e-35 -1.79005e-44 -4.11256e-35 -2.19623e-43  5.13939e-35  9.65705e-44  -6.9157e-35  4.49907e-43  4.52415e-35  6.49261e-42   4.4707e-34 -4.54743e-42  -4.3707e-33 -4.28319e-42  3.65872e-32 -9.85974e-42  -2.7105e-31 -1.26117e-41  1.78031e-30  2.00148e-40 -1.04245e-29  3.30166e-40  5.46376e-29 -1.48243e-40 -2.57108e-28  9.08458e-41  1.08863e-27 -3.31373e-39 -4.15349e-27  1.92069e-38  1.42901e-26 -7.99957e-38 -4.43378e-26   3.4058e-37  1.23979e-25  -1.3413e-36 -3.11992e-25  4.87013e-36  7.04985e-25  -1.6365e-35 -1.42569e-24  5.09617e-35  2.56855e-24 -1.47148e-34 -4.09659e-24   3.9405e-34  5.73337e-24 -9.78753e-34 -6.95289e-24  2.25454e-33  7.16736e-24 -4.81448e-33 -6.08246e-24  9.52542e-33  3.98917e-24 -1.74458e-32 -1.69822e-24  2.95444e-32  6.53378e-26 -4.61956e-32  5.48635e-25  6.65695e-32 -4.17476e-25 -8.82092e-32  9.09561e-26  1.07177e-31  7.38932e-26 -1.18997e-31 -6.04785e-26  1.20212e-31  5.27552e-27 -1.09899e-31  1.28594e-26  9.02937e-32 -4.78522e-27 -6.60676e-32  -1.5949e-27    4.252e-32  1.19212e-27 -2.36445e-32  1.25772e-28  1.10509e-32 -2.01347e-28 -4.13679e-33 -7.12125e-30  1.11931e-33  2.55212e-29 -1.55885e-34  1.45386e-30 -1.51413e-35 -2.71531e-30  7.96128e-37 -2.11038e-31  1.29247e-35  1.68678e-31 -9.51786e-36  3.57456e-32  3.40082e-36 -7.63875e-33 -4.89489e-37 -2.11559e-33 -1.27863e-37  2.38008e-35  8.66539e-38   6.9502e-35 -2.02869e-38  5.93917e-36  1.61671e-39 -5.93386e-37  2.94486e-40 -1.18019e-37    -8.91e-41 -4.22449e-39  8.56796e-42  3.85383e-40 -2.54084e-43  1.73039e-41 -3.87493e-45  8.24203e-44
-1.94813e-36 -4.40623e-47 -1.23833e-36 -6.33575e-46 -6.60343e-35  2.64418e-45  2.21235e-34  1.34478e-44 -1.44142e-34  -6.9669e-44 -4.52425e-35 -1.03161e-42  6.54916e-35  6.00958e-44 -5.24068e-35  2.58475e-42 -6.94652e-34  2.25012e-41  8.51544e-33 -1.39801e-41 -7.66731e-32 -9.49255e-42  6.04701e-31  1.54311e-42 -4.21854e-30 -1.70707e-41  2.61769e-29  5.41023e-40 -1.45138e-28  1.10472e-39  7.21536e-28 -8.71797e-40 -3.22461e-27   2.5301e-39  1.29785e-26  -2.0526e-38 -4.70952e-26  1.08158e-37  1.54138e-25 -4.69134e-37 -4.54884e-25  1.96401e-36  1.20924e-24 -7.58977e-36 -2.89038e-24  2.70607e-35  6.19498e-24 -8.92171e-35 -1.18599e-23  2.72287e-34  2.01717e-23 -7.69722e-34 -3.02558e-23   2.0161e-33  3.96043e-23 -4.89349e-33 -4.45522e-23  1.10056e-32  4.20372e-23  -2.2927e-32 -3.18518e-23  4.42157e-32  1.75727e-23 -7.88734e-32 -4.82348e-24  1.29992e-31 -2.24632e-24  -1.9765e-31   3.4039e-24  2.76732e-31 -1.57689e-24 -3.55954e-31 -1.12447e-25  4.19415e-31  5.14625e-25 -4.51068e-31  -1.9707e-25  4.40776e-31 -5.63727e-26 -3.89106e-31  6.38682e-26  3.07994e-31 -3.92933e-27 -2.16416e-31 -1.20278e-26  1.33113e-31  2.55934e-27 -7.01861e-32  1.74199e-27  3.06461e-32 -5.12477e-28 -1.03585e-32  -2.1975e-28  2.25588e-33  6.23305e-29 -4.08135e-35  2.62171e-29 -1.65885e-34 -5.13672e-30  3.01402e-35 -2.37944e-30  2.94377e-35  1.30125e-31 -2.35811e-35  1.70305e-31  8.23828e-36  7.51647e-33 -1.17181e-36 -5.93018e-33 -2.55169e-37  -9.2108e-34  1.71788e-37  6.69474e-35  -3.8946e-38  2.42225e-35  3.47269e-39  1.20615e-36  2.56617e-40 -1.44497e-37 -8.89001e-41 -1.65159e-38  6.90533e-42  -2.0527e-40 -1.06828e-43  1.03758e-41  -2.8294e-45
 7.31311e-48  -2.2157e-36 -6.14591e-46 -1.29125e-35 -3.75189e-45 -9.58881e-35  1.34478e-44  3.21566e-34  5.73418e-44 -2.16632e-34 -2.18802e-43  -3.0089e-35 -4.19438e-42 -1.57102e-35 -1.21807e-42  1.16178e-33  1.22469e-41 -1.46666e-32  7.14068e-41  1.42842e-31 -3.78883e-41 -1.20267e-30 -6.86583e-42  8.92398e-30  1.27322e-40 -5.87471e-29  4.07766e-42  3.44856e-28   1.3874e-39 -1.81232e-27  3.25318e-39  8.55243e-27 -3.50109e-39 -3.63208e-26  1.44821e-38  1.39016e-25 -9.61706e-38 -4.79894e-25  5.00217e-37  1.49426e-24 -2.24437e-36 -4.19407e-24  9.43037e-36  1.05967e-23 -3.63625e-35 -2.40463e-23  1.28889e-34  4.88493e-23 -4.20973e-34 -8.84336e-23  1.26896e-33  1.41775e-22 -3.53391e-33 -1.99532e-22  9.09891e-33  2.43451e-22 -2.16687e-32 -2.52661e-22  4.77356e-32  2.16085e-22 -9.72652e-32  -1.4309e-22  1.83227e-31  6.18588e-23 -3.18877e-31 -3.03676e-24  5.12155e-31 -1.96871e-23 -7.58069e-31  1.53522e-23  1.03216e-30 -3.51626e-24 -1.28973e-30 -2.65951e-24  1.47464e-30  2.27046e-24 -1.53704e-30 -2.29772e-25  1.45357e-30 -4.78249e-25 -1.23964e-30  1.88134e-25  9.45722e-31  5.77049e-26  -6.3839e-31 -4.66933e-26  3.75349e-31 -4.07334e-27 -1.87594e-31  7.89061e-27  7.63473e-32  1.78552e-28   -2.302e-32 -1.03289e-27   3.6297e-33 -3.40117e-29  7.43584e-34  1.06977e-28 -6.50546e-34  8.35239e-30  1.20416e-34 -7.49288e-30  6.24776e-35 -1.29006e-30 -5.25392e-35   3.1977e-31  1.78172e-35  8.90562e-32 -2.52959e-36 -2.32555e-33 -4.20491e-37 -2.97113e-33  2.89316e-37 -2.37552e-34 -6.24399e-38  2.83157e-35  5.58426e-39  5.23042e-36  1.72509e-40  1.37054e-37 -7.44801e-41 -1.60545e-38  4.28719e-42 -7.85133e-40 -8.78092e-45 -5.22284e-42
-3.00681e-36  1.31549e-46  2.57266e-36 -5.66214e-45 -2.81321e-35 -1.79005e-44 -1.44142e-34  5.73418e-44  4.61338e-34  2.04217e-43 -3.22107e-34  -5.2192e-43  1.24007e-34 -1.51011e-41 -1.82433e-33 -9.22808e-42  2.28984e-32  4.95856e-41 -2.38902e-31  2.10664e-40  2.15233e-30 -8.71772e-41 -1.70147e-29  5.85401e-41  1.18977e-28  7.45065e-40 -7.40147e-28   8.6974e-41  4.11478e-27  3.74204e-39 -2.05145e-26  6.89205e-39  9.19574e-26 -3.87817e-39 -3.71294e-25  2.77518e-38  1.35187e-24 -2.57833e-37 -4.44039e-24  1.58015e-36   1.3154e-23  -7.9165e-36 -3.51086e-23  3.54189e-35  8.42774e-23 -1.41875e-34 -1.81455e-22  5.14121e-34  3.49072e-22 -1.69732e-33 -5.96805e-22  5.12852e-33  9.00177e-22 -1.42265e-32 -1.18549e-21  3.63088e-32  1.34254e-21 -8.53791e-32 -1.27635e-21  1.85137e-31  9.75829e-22  -3.7035e-31 -5.45015e-22  6.83443e-31  1.54065e-22 -1.16301e-30  6.70302e-23  1.82348e-30 -1.06194e-22   -2.631e-30  5.06152e-23  3.48732e-30  2.76521e-24 -4.23673e-30 -1.62847e-23  4.70386e-30  6.52576e-24  -4.7546e-30  1.69884e-24  4.35389e-30 -2.09087e-24 -3.58888e-30  1.63858e-25  2.64016e-30  3.91864e-25 -1.71286e-30 -9.16115e-26  9.63001e-31    -5.65e-26  -4.5614e-31    1.819e-26  1.72644e-31  7.21195e-27 -4.57354e-32 -2.29522e-27  3.97718e-33 -8.55439e-28  3.32914e-33  1.87464e-28 -1.87782e-33  8.35175e-29   3.3836e-34 -6.55882e-30   1.2122e-34 -5.91704e-30 -1.04559e-34 -2.18811e-31   3.4137e-35  2.24639e-31 -4.74857e-36  3.15196e-32 -6.23958e-37 -2.81951e-33  4.32785e-37 -9.04221e-34 -8.77689e-38 -3.89151e-35  7.59987e-39  5.98202e-36  4.10256e-41  5.94423e-37  -4.8815e-41  7.95767e-39  1.77727e-42 -4.52177e-40  1.72479e-44
 1.63711e-47  9.81687e-37  1.24329e-45   1.4861e-35 -3.92875e-44 -4.11256e-35  -6.9669e-44 -2.16632e-34  2.04217e-43  6.45736e-34  5.89591e-43 -5.92951e-34 -7.10255e-43   2.5166e-33 -4.90273e-41 -3.23426e-32 -4.42474e-41  3.61469e-31  1.75941e-40 -3.48976e-30  5.84677e-40  2.94444e-29  -1.5411e-40 -2.19007e-28  3.70859e-40  1.44541e-27  3.13434e-39 -8.50772e-27 -4.06429e-40  4.48385e-26  1.42712e-38 -2.12236e-25 -1.05544e-38  9.04223e-25  1.06633e-37 -3.47262e-24  -3.7083e-37  1.20309e-23  8.51858e-37 -3.76038e-23 -3.26347e-37  1.05973e-22 -1.04185e-35   -2.689e-22  7.82271e-35  6.12991e-22 -3.90239e-34 -1.25134e-21  1.58751e-33  2.27718e-21 -5.59501e-33 -3.67123e-21  1.75385e-32  5.19823e-21 -4.95762e-32 -6.38462e-21  1.27389e-31  6.67538e-21 -2.99033e-31 -5.75817e-21   6.4327e-31  3.85443e-21 -1.27052e-30 -1.69595e-21  2.30639e-30  1.05061e-22 -3.84936e-30  5.28413e-22  5.90514e-30 -4.24161e-22 -8.31941e-30  1.02759e-22  1.07486e-29  7.13557e-23 -1.27088e-29 -6.40686e-23  1.37122e-29    7.539e-24 -1.34497e-29  1.33093e-23  1.19328e-29   -5.578e-24 -9.51226e-30 -1.54468e-24  6.75133e-30  1.37511e-24 -4.21186e-30  9.25005e-26  2.26533e-30 -2.33311e-25 -1.01702e-30 -1.04472e-27   3.5728e-31  3.10325e-26 -8.15935e-32  4.06658e-28   7.0581e-35 -3.24761e-27  9.78028e-33 -2.12536e-28 -4.49928e-33  2.40777e-28  7.83424e-34  3.59299e-29   2.1263e-34 -1.05445e-29 -1.85925e-34 -2.74874e-30  5.79637e-35  1.13784e-31 -7.67308e-36  9.63846e-32 -9.02138e-37  6.94245e-33   5.9452e-37 -1.02737e-33 -1.11986e-37 -1.69302e-34  9.33108e-39 -3.60897e-36 -1.34012e-40  5.54109e-37 -1.98739e-41  2.73128e-38   2.2813e-43  1.43204e-40
 1.05592e-36  8.51676e-47  9.36064e-37  7.78281e-45  3.23895e-35 -2.19623e-43 -4.52425e-35 -2.18802e-43 -3.22107e-34  5.89591e-43  1.00627e-33  1.23797e-42 -3.45558e-33  1.09769e-42  4.13051e-32 -1.45639e-40 -4.96865e-31 -1.69034e-40  5.15252e-30  5.57502e-40  -4.6491e-29  1.53928e-39  3.68407e-28 -1.14133e-40  -2.5827e-27  1.28335e-39  1.61104e-26   1.1934e-38 -8.98215e-26 -1.06247e-38  4.49171e-25  8.93654e-38 -2.01992e-24 -3.02581e-37   8.1836e-24  1.45194e-36 -2.99039e-23 -5.60379e-36  9.85994e-23  1.89248e-35 -2.93273e-22 -5.50267e-35  7.86139e-22  1.29848e-34 -1.89578e-21   -1.981e-34  4.10173e-21 -1.33273e-34 -7.93194e-21  2.57791e-33  1.36374e-20 -1.28642e-32 -2.06944e-20  4.70305e-32  2.74337e-20 -1.43865e-31 -3.12955e-20  3.85285e-31  3.00001e-20  -9.2234e-31  -2.3166e-20   1.9957e-30  1.31185e-20 -3.92791e-30 -3.83472e-21  7.05845e-30 -1.53172e-21 -1.16048e-29  2.56492e-21  1.74717e-29 -1.26296e-21 -2.40871e-29 -4.45124e-23  3.03817e-29  3.98679e-22 -3.50009e-29 -1.68202e-22  3.67325e-29 -3.89117e-23 -3.49882e-29  5.30914e-23  3.00948e-29 -5.19984e-24 -2.32143e-29 -9.87054e-24  1.59057e-29  2.55344e-24 -9.54753e-30  1.41362e-24  4.91539e-30  -5.0475e-25 -2.09237e-30 -1.80847e-25  6.81256e-31  6.50523e-26 -1.30977e-31  2.17434e-26 -1.41414e-32 -5.47945e-27  2.31811e-32 -2.22063e-27 -9.36452e-33   2.2659e-28  1.57723e-33  1.61881e-28  3.34233e-34  3.94124e-30 -2.95836e-34 -6.56051e-30  8.72907e-35 -8.31528e-31 -1.05571e-35   9.3081e-32 -1.35732e-36  2.60589e-32  7.72164e-37  9.26637e-34 -1.33526e-37 -1.88202e-34  1.07562e-38 -1.72443e-35 -3.22148e-40 -1.93839e-37  2.30411e-42  1.54341e-38   -2.142e-43
 1.11852e-45  7.96254e-37  5.52275e-46 -9.69654e-36   3.4115e-44  5.13939e-35 -1.03161e-42  -3.0089e-35  -5.2192e-43 -5.92951e-34  1.23797e-42  4.08263e-33  8.95308e-43  -4.8208e-32  1.20558e-41   6.2232e-31 -4.00254e-40  -6.9529e-30 -5.53546e-40  6.72417e-29  1.60225e-39 -5.68688e-28  3.84928e-39  4.24074e-27   7.1899e-40 -2.80643e-26  1.96137e-39  1.65663e-25  4.89023e-38 -8.75764e-25 -1.13682e-37  4.15869e-24  6.74023e-37 -1.77786e-23 -2.92565e-36  6.85253e-23  1.28414e-35 -2.38319e-22 -4.99231e-35  7.47932e-22  1.75248e-34 -2.11691e-21 -5.52702e-34   5.3963e-21  1.54884e-33 -1.23619e-20 -3.76512e-33  2.53677e-20  7.52281e-33 -4.64234e-20 -1.03353e-32  7.52962e-20 -9.83067e-34 -1.07316e-19  6.95211e-32  1.32762e-19 -3.06252e-31 -1.39934e-19  9.50476e-31  1.21849e-19 -2.44166e-30 -8.25487e-20  5.46392e-30  3.70508e-20  -1.0894e-29 -2.85345e-21  1.95779e-29 -1.12253e-20 -3.19166e-29  9.32015e-21  4.73631e-29 -2.40132e-21 -6.40815e-29 -1.50867e-21  7.90649e-29  1.43825e-21 -8.88728e-29 -1.96678e-22  9.08142e-29  -2.9316e-22 -8.40706e-29  1.31947e-22  7.01556e-29  3.22563e-23 -5.24004e-29 -3.22444e-23   3.4682e-29 -1.44226e-24 -2.00442e-29  5.48862e-24  9.88497e-30 -9.34088e-26 -3.99231e-30 -7.39082e-25  1.20382e-30  5.87897e-27 -1.89117e-31  7.89279e-26  -4.7572e-32  3.74794e-27  4.72222e-32 -6.09822e-27 -1.73329e-32 -7.88907e-28  2.83858e-33  2.81039e-28  4.63594e-34    6.667e-29 -4.20462e-34 -3.97389e-30  1.16062e-34 -2.49401e-30 -1.19375e-35 -1.55632e-31 -2.16689e-36  2.94716e-32  9.71335e-37  4.36017e-33 -1.52089e-37  7.07007e-35  1.18028e-38 -1.58963e-35 -4.59006e-40 -7.29089e-37  1.12771e-41 -2.82422e-39
 9.50756e-37  1.09527e-44  5.27555e-36  6.27186e-45 -3.38347e-35  9.65705e-44  6.54916e-35 -4.19438e-42  1.24007e-34 -7.10255e-43 -3.45558e-33  8.95308e-43  5.10427e-32 -7.59619e-42 -7.12134e-31  5.23531e-41  8.59743e-30 -1.02516e-39  -8.9349e-29 -1.61386e-39   8.0812e-28  4.24534e-39 -6.42021e-27  8.98171e-39  4.51314e-26  6.11611e-39 -2.82334e-25 -1.31913e-38  1.57893e-24  2.42575e-37 -7.92139e-24  -9.3143e-37  3.57448e-23  4.89071e-36 -1.45345e-22 -2.19961e-35  5.33161e-22  9.28138e-35 -1.76514e-21 -3.55161e-34  5.27304e-21  1.23879e-33 -1.42001e-20 -3.92973e-33  3.44122e-20  1.12907e-32 -7.48459e-20 -2.91507e-32  1.45552e-19  6.66833e-32 -2.51761e-19 -1.31341e-31  3.84543e-19  2.07667e-31 -5.13423e-19 -2.01514e-31  5.90353e-19 -1.71581e-31 -5.71063e-19  1.55917e-30  4.45835e-19 -5.16178e-30 -2.56382e-19  1.28149e-29  7.77897e-20 -2.67677e-29  2.79636e-20  4.89877e-29 -5.01646e-20 -8.00206e-29  2.56248e-20  1.17787e-28  3.38733e-22 -1.57016e-28 -7.89579e-21  1.89983e-28  3.52873e-21 -2.08712e-28  7.03737e-22  2.07905e-28 -1.09341e-21 -1.87229e-28  1.31684e-22  1.51699e-28  2.00929e-22 -1.09794e-28 -5.79517e-23  7.02482e-29 -2.84496e-23 -3.91193e-29  1.14059e-23   1.8495e-29  3.63032e-24 -7.09386e-30  -1.4969e-24  1.98133e-30 -4.44782e-25 -2.44918e-31  1.31148e-25 -1.10365e-31  4.73316e-26  8.51132e-32 -6.12369e-27 -2.89586e-32 -3.60414e-27  4.65837e-33 -2.98351e-29  5.44906e-34  1.55418e-28  -5.2822e-34   1.7507e-29  1.33757e-34 -2.48871e-30  -9.7293e-36 -6.07413e-31 -3.55103e-36 -1.66612e-32  1.19875e-36  4.84166e-33 -1.66829e-37  4.06888e-34  1.21354e-38  3.08659e-36 -4.77958e-40 -4.12275e-37  8.46043e-42
-1.83266e-45  3.12299e-36  7.27808e-44  1.93177e-35  6.14538e-44  -6.9157e-35  6.00958e-44 -1.57102e-35 -1.51011e-41   2.5166e-33  1.09769e-42  -4.8208e-32 -7.59619e-42  7.45087e-31 -5.15146e-41 -9.75913e-30  1.65974e-40  1.09307e-28 -2.45459e-39 -1.05968e-27 -4.30804e-39  8.98516e-27  1.06548e-38  -6.7186e-26  1.79523e-38   4.4591e-25  3.92937e-38 -2.64028e-24 -1.73202e-37   1.4003e-23  1.40132e-36 -6.67241e-23 -6.55975e-36   2.8629e-22  3.23843e-35 -1.10774e-21 -1.43393e-34  3.86835e-21  5.85491e-34 -1.21932e-20 -2.18522e-33  3.46712e-20  7.46686e-33 -8.88177e-20 -2.33348e-32  2.04536e-19  6.65597e-32 -4.22087e-19 -1.72635e-31  7.77097e-19  4.04588e-31 -1.26863e-18   -8.474e-31  1.82096e-18  1.55374e-30 -2.27037e-18 -2.38419e-30  2.41413e-18  2.68363e-30  -2.1239e-18 -7.96923e-31  1.45804e-18 -6.41609e-30 -6.69022e-19  2.36858e-29  6.30486e-20 -5.65438e-29   1.9564e-19  1.09311e-28 -1.68917e-19 -1.82181e-28  4.65036e-20  2.68604e-28  2.60198e-20 -3.54756e-28 -2.66336e-20  4.22338e-28  4.22316e-21 -4.54403e-28  5.29552e-21   4.4187e-28 -2.58143e-21 -3.87507e-28 -5.41144e-22  3.05117e-28  6.24091e-22 -2.14164e-28  1.21146e-23  1.32566e-28 -1.06402e-22 -7.11888e-29  4.43596e-24   3.2296e-29  1.44899e-23 -1.17784e-29 -4.61432e-25  3.05117e-30 -1.58336e-24 -2.82864e-31 -4.14655e-26 -2.10227e-31  1.27146e-25  1.38004e-31  1.38684e-26 -4.41816e-32 -6.21515e-27  7.10522e-33 -1.31946e-27  4.73147e-34  1.08559e-28 -5.67979e-34   5.3216e-29  1.26217e-34  2.74057e-30 -1.60866e-36 -6.96838e-31 -5.68092e-36 -9.25878e-32  1.44527e-36 -9.06282e-34  -1.7432e-37  3.78552e-34  1.12531e-38  1.58073e-35 -3.64805e-40  4.17424e-38
-2.23842e-36 -1.43237e-44   5.7002e-36  3.81393e-43  4.46821e-35  4.49907e-43 -5.24068e-35 -1.21807e-42 -1.82433e-33 -4.90273e-41  4.13051e-32  1.20558e-41 -7.12134e-31 -5.15146e-41  1.01795e-29 -2.14367e-40 -1.23294e-28  4.19963e-40  1.28448e-27 -5.47833e-39 -1.16475e-26 -1.08772e-38  9.27885e-26  2.69625e-38 -6.54157e-25  1.76551e-38  4.10487e-24  2.47862e-37 -2.30311e-23  -1.3449e-36  1.15944e-22  8.41519e-36 -5.25106e-22 -4.13728e-35  2.14347e-21  1.95353e-34 -7.89514e-21  -8.3993e-34  2.62528e-20  3.31923e-33   -7.879e-20 -1.20322e-32  2.13228e-19  4.00372e-32 -5.19455e-19 -1.22231e-31  1.13617e-18  3.41967e-31 -2.22283e-18 -8.74819e-31  3.86984e-18  2.03896e-30 -5.95254e-18 -4.30424e-30  8.00899e-18  8.14865e-30 -9.28839e-18 -1.35904e-29  9.07381e-18  1.92463e-29 -7.16955e-18 -2.09922e-29  4.19337e-18  1.07728e-29 -1.32514e-18  2.33342e-29  -4.1867e-19 -9.45526e-29  8.18597e-19   2.1191e-28 -4.35646e-19 -3.73245e-28  4.94878e-21  5.60185e-28  1.30298e-19 -7.39066e-28 -6.20726e-20  8.69576e-28 -1.02368e-20 -9.18667e-28  1.88148e-20  8.73508e-28  -2.7494e-21 -7.46891e-28 -3.40245e-21  5.72097e-28  1.10248e-21 -3.89804e-28  4.73269e-22  2.33646e-28 -2.15991e-22 -1.21099e-28 -5.99177e-23  5.27684e-29  2.88473e-23 -1.83253e-29  7.49548e-24  4.41462e-30 -2.63133e-24 -2.88883e-31 -8.34326e-25 -3.47549e-31  1.36043e-25    2.036e-31  6.69607e-26 -6.22635e-32 -7.37906e-28  1.02975e-32  -3.0792e-27  7.71887e-35 -3.00377e-28 -4.71358e-34  5.54021e-29  7.78679e-35  1.18054e-29  1.42731e-35  2.12507e-31 -8.53069e-36 -1.04693e-31  1.66829e-36 -7.97207e-33 -1.68798e-37 -2.49532e-35  8.93408e-39  9.13725e-36 -1.81724e-40
 4.92465e-46 -5.88451e-36  -7.7901e-44  7.39859e-36  1.68244e-42  4.52415e-35  2.58475e-42  1.16178e-33 -9.22808e-42 -3.23426e-32 -1.45639e-40   6.2232e-31  5.23531e-41 -9.75913e-30 -2.14367e-40  1.28331e-28 -7.12747e-40 -1.44098e-27  8.34815e-40  1.40058e-26  -1.1218e-38 -1.19083e-25 -2.75143e-38   8.9302e-25  7.82238e-38 -5.94518e-24 -1.15428e-37   3.5317e-23  1.53166e-36 -1.87955e-22 -8.71219e-36  8.98893e-22  4.88323e-35 -3.87185e-21 -2.38073e-34  1.50432e-20  1.08094e-33 -5.27627e-20 -4.49513e-33  1.67085e-19   1.7184e-32 -4.77456e-19 -6.03821e-32  1.22956e-18  1.95105e-31 -2.84748e-18 -5.79559e-31  5.91161e-18  1.58143e-30 -1.09543e-17 -3.95793e-30  1.80087e-17  9.06348e-30  -2.6047e-17 -1.89178e-29  3.27499e-17  3.57762e-29 -3.51567e-17 -6.07036e-29  3.12791e-17  9.08245e-29 -2.17859e-17 -1.15694e-28  1.02414e-17  1.14592e-28 -1.16293e-18 -5.77492e-29 -2.86686e-18 -8.57592e-29  2.58955e-18  3.33702e-28 -7.64854e-19  -6.7507e-28 -3.74397e-19   1.0621e-27  4.17131e-19 -1.41768e-27 -7.64601e-20  1.65872e-27  -8.0341e-20 -1.72628e-27   4.2815e-20  1.60817e-27  7.39136e-21 -1.34262e-27 -1.02186e-20  1.00168e-27  9.04379e-23 -6.63283e-28  1.74153e-21  3.85383e-28 -1.21735e-22 -1.92972e-28 -2.39646e-22  8.08467e-29  1.42277e-23 -2.67792e-29  2.68233e-23  6.02454e-30  4.62767e-26 -2.58674e-31 -2.24044e-24 -5.11639e-31 -1.95471e-25  2.76061e-31  1.16508e-25 -8.22096e-32  2.17891e-26  1.45557e-32 -2.42501e-27 -8.93025e-34 -9.58732e-28 -1.60243e-34 -3.75344e-29 -2.44358e-35  1.39457e-29  3.82605e-35  1.65474e-30 -1.17272e-35  3.05917e-33  1.79123e-36 -7.62589e-33 -1.45817e-37 -2.88236e-34  5.64848e-39  -3.5279e-37
-1.60452e-36 -2.19467e-45 -1.11489e-35 -3.44693e-43  2.40477e-35  6.49261e-42 -6.94652e-34  1.22469e-41  2.28984e-32 -4.42474e-41 -4.96865e-31 -4.00254e-40  8.59743e-30  1.65974e-40 -1.23294e-28 -7.12747e-40  1.49716e-27 -2.02987e-39  -1.5638e-26  1.04745e-39  1.42193e-25 -1.98245e-38 -1.13605e-24 -7.75336e-38  8.03387e-24  2.96158e-37 -5.05779e-23 -1.18828e-36   2.8476e-22  8.99929e-36 -1.43882e-21 -5.05806e-35  6.54179e-21  2.66205e-34 -2.68139e-20  -1.2621e-33  9.91985e-20   5.5218e-33 -3.31392e-19 -2.21893e-32   9.9951e-19  8.20453e-32 -2.71924e-18 -2.79237e-31  6.66183e-18  8.75015e-31 -1.46588e-17 -2.52407e-30  2.88645e-17  6.69815e-30 -5.06025e-17 -1.63329e-29  7.84266e-17  3.65274e-29   -1.064e-16  -7.4713e-29  1.24546e-16  1.39177e-28 -1.22974e-16 -2.34605e-28   9.8444e-17  3.54138e-28 -5.86545e-17 -4.69978e-28  1.93627e-17   5.2809e-28  5.21978e-18 -4.54708e-28 -1.13841e-17  1.79509e-28  6.33976e-18  3.28923e-28 -2.43491e-19 -1.03115e-27 -1.82913e-18  1.80925e-27  9.34984e-19 -2.49547e-27  1.19728e-19  2.92915e-27 -2.76205e-19 -3.01572e-27  4.84476e-20  2.75906e-27  4.88863e-20 -2.25301e-27 -1.79424e-20  1.63973e-27 -6.62251e-21 -1.05674e-27  3.49845e-21  5.95937e-28  8.25239e-22 -2.88593e-28 -4.75342e-22  1.16368e-28 -1.05566e-22 -3.68312e-29  4.51103e-23  7.78335e-30  1.23897e-23 -2.03987e-31 -2.55233e-24 -6.81416e-31 -1.05718e-24  3.48159e-31  3.60567e-26 -1.03759e-31  5.20776e-26  2.05969e-32  4.23071e-27 -2.76247e-33 -1.04919e-27  4.38194e-34  -1.9505e-28 -1.85805e-34 -1.31759e-30  6.80924e-35  1.93687e-30 -1.45125e-35  1.32221e-31   1.7337e-36 -3.06181e-34 -1.07195e-37 -1.73465e-34  2.44871e-39
-5.82847e-45 -3.89776e-36 -4.23773e-44 -2.46083e-35 -1.32483e-42   4.4707e-34  2.25012e-41 -1.46666e-32  4.95856e-41  3.61469e-31 -1.69034e-40  -6.9529e-30 -1.02516e-39  1.09307e-28  4.19963e-40 -1.44098e-27 -2.02987e-39  1.62223e-26 -5.07579e-39 -1.58107e-25 -1.09315e-39   1.3482e-24 -2.15831e-38 -1.01416e-23 -2.73174e-37  6.77377e-23  1.40755e-36  -4.0379e-22 -7.75568e-36  2.15687e-21  4.94463e-35 -1.03555e-20 -2.69192e-34  4.47895e-20  1.35204e-33 -1.74785e-19 -6.19749e-33  6.15908e-19  2.61623e-32 -1.96011e-18 -1.01621e-31  5.63075e-18  3.63564e-31 -1.45822e-17 -1.19849e-30  3.39737e-17  3.64081e-30  -7.0988e-17 -1.01902e-29  1.32457e-16  2.62618e-29 -2.19396e-16 -6.22552e-29  3.19935e-16  1.35534e-28 -4.05933e-16 -2.70364e-28  4.40268e-16  4.92544e-28 -3.96499e-16 -8.15555e-28  2.80546e-16  1.21847e-27 -1.35392e-16 -1.62338e-27   1.8259e-17  1.88839e-27  3.59423e-17 -1.83399e-27 -3.41993e-17  1.30779e-27  1.08747e-17 -2.67237e-28  4.55939e-18 -1.16335e-27 -5.62596e-18  2.70378e-27  1.18817e-18 -4.00575e-27  1.04074e-18  4.77928e-27 -6.12815e-19 -4.89435e-27 -8.18857e-20   4.4104e-27  1.44051e-19 -3.53028e-27   -5.809e-21  2.51153e-27 -2.44839e-20 -1.57834e-27   2.5043e-21  8.65364e-28  3.40051e-21 -4.05804e-28 -3.10703e-22  1.57653e-28 -3.90136e-22 -4.77721e-29  1.02963e-23   9.5527e-30  3.39569e-23 -1.49996e-31   2.1505e-24 -8.33534e-31 -1.88176e-24  4.15978e-31 -3.04077e-25   -1.287e-31  4.55651e-26  2.96694e-32  1.48261e-26  -5.8884e-33  3.69852e-28  1.36613e-33 -2.40374e-28 -3.96623e-34 -2.52461e-29  9.83443e-35   2.0229e-31 -1.59375e-35    1.324e-31  1.46343e-36  4.49035e-33 -6.26118e-38 -2.57418e-36
 3.46006e-36 -5.62491e-44 -4.00838e-36 -2.91435e-43 -2.34028e-34 -4.54743e-42  8.51544e-33  7.14068e-41 -2.38902e-31  1.75941e-40  5.15252e-30 -5.53546e-40  -8.9349e-29 -2.45459e-39  1.28448e-27  8.34815e-40  -1.5638e-26 -5.07579e-39  1.63789e-25 -1.11188e-38 -1.49363e-24 -1.58941e-38  1.19703e-23  5.36855e-38 -8.49284e-23 -1.19627e-36  5.36533e-22  7.23642e-36 -3.03189e-21 -4.30401e-35  1.53794e-20  2.52339e-34 -7.02145e-20 -1.32328e-33  2.89068e-19  6.38354e-33 -1.07442e-18 -2.82643e-32  3.60715e-18  1.15292e-31 -1.09371e-17   -4.333e-31   2.9923e-17  1.50129e-30 -7.37494e-17 -4.79644e-30  1.63326e-16    1.413e-29 -3.23831e-16 -3.83707e-29  5.71958e-16  9.59876e-29 -8.93669e-16  -2.2098e-28  1.22328e-15  4.67499e-28 -1.44627e-15 -9.07027e-28  1.44458e-15  1.60937e-27 -1.17291e-15 -2.60129e-27   7.1301e-16  3.80865e-27  -2.4652e-16 -5.00833e-27 -5.45025e-17  5.83244e-27   1.3704e-16 -5.86001e-27 -8.02286e-17  4.78736e-27  5.44368e-18 -2.60552e-27  2.21721e-17 -3.22149e-28 -1.22476e-17  3.35272e-27 -1.09038e-18  -5.7979e-27   3.5121e-18  7.17808e-27 -7.33237e-19 -7.36482e-27 -6.04182e-19  6.56045e-27  2.53567e-19 -5.16234e-27  7.87253e-20  3.60042e-27 -4.91981e-20 -2.21257e-27 -9.52942e-21  1.18214e-27  6.79752e-21 -5.37672e-28  1.24903e-21  2.01478e-28 -6.70517e-22 -5.85652e-29 -1.56579e-22  1.11689e-29    4.117e-23 -1.16883e-31  1.43633e-23 -9.58589e-31 -8.92563e-25  4.85008e-31 -7.62786e-25 -1.61914e-31 -4.83597e-26  4.34699e-32  1.71727e-26 -1.05552e-32  2.77398e-27  2.59982e-33 -1.92716e-29 -6.27485e-34 -3.10925e-29  1.21254e-34 -1.87876e-30 -1.52894e-35  1.73947e-32   1.0348e-36  2.86348e-33 -2.50478e-38
-3.63357e-44  7.31805e-36 -3.43433e-43  7.73548e-35 -1.31496e-42  -4.3707e-33 -1.39801e-41  1.42842e-31  2.10664e-40 -3.48976e-30  5.57502e-40  6.72417e-29 -1.61386e-39 -1.05968e-27 -5.47833e-39  1.40058e-26  1.04745e-39 -1.58107e-25 -1.11188e-38  1.54544e-24 -2.01456e-38  -1.3219e-23    -9.32e-38  9.97637e-23  6.00125e-37 -6.68661e-22 -5.76821e-36  4.00066e-21  3.63677e-35 -2.14535e-20   -2.149e-34   1.0343e-19  1.19135e-33 -4.49329e-19 -6.01535e-33  1.76166e-18   2.7971e-32 -6.23866e-18 -1.19771e-31  1.99595e-17  4.72996e-31 -5.76606e-17 -1.72296e-30  1.50226e-16  5.79019e-30 -3.52249e-16 -1.79513e-29  7.41106e-16  5.13319e-29 -1.39313e-15 -1.35323e-28  2.32614e-15  3.28654e-28 -3.42205e-15 -7.34578e-28  4.38444e-15  1.50889e-27 -4.80824e-15 -2.84295e-27  4.38744e-15  4.90089e-27 -3.15771e-15 -7.70345e-27  1.56756e-15  1.09886e-26 -2.47781e-16 -1.41281e-26 -3.90384e-16  1.62015e-26  3.94473e-16 -1.62789e-26 -1.35444e-16  1.38375e-26 -4.73506e-17 -9.09837e-27  6.62254e-17  3.05646e-27 -1.60649e-17  2.87199e-27 -1.16402e-17 -7.40774e-27  7.67006e-18  9.85794e-27  7.10487e-19 -1.02334e-26 -1.77103e-18  9.05332e-27  1.33621e-19  -7.0323e-27  2.99327e-19  4.82961e-27  -4.1841e-20 -2.91485e-27 -4.18903e-20  1.52293e-27  5.40607e-21 -6.73324e-28  4.92944e-21  2.43665e-28 -2.91297e-22 -6.80535e-29 -4.48145e-22  1.24478e-29  -1.6476e-23 -8.22574e-32  2.65108e-23 -1.08197e-30  3.60137e-24  5.75058e-31 -7.34492e-25 -2.11298e-31 -1.99016e-25  6.37014e-32 -1.64605e-27 -1.68002e-32  3.61352e-27   4.0146e-33  3.31685e-28 -8.30521e-34 -6.84905e-30  1.29338e-34 -2.00733e-30 -1.25464e-35 -6.02087e-32  5.75303e-37  1.76152e-34
-1.62775e-36 -2.15497e-43 -1.60109e-35 -1.51177e-42  1.93223e-33 -4.28319e-42 -7.66731e-32 -3.78883e-41  2.15233e-30  5.84677e-40  -4.6491e-29  1.60225e-39   8.0812e-28 -4.30804e-39 -1.16475e-26  -1.1218e-38  1.42193e-25 -1.09315e-39 -1.49363e-24 -2.01456e-38  1.36629e-23  -2.0939e-38 -1.09858e-22 -4.76608e-37  7.82146e-22  3.58736e-36 -4.95945e-21 -2.75549e-35  2.81352e-20  1.70883e-34 -1.43311e-19 -9.76905e-34  6.57175e-19  5.17509e-33 -2.71824e-18 -2.52031e-32  1.01536e-17   1.1334e-31 -3.42694e-17 -4.70601e-31  1.04493e-16  1.80449e-30 -2.87605e-16 -6.38795e-30  7.13399e-16  2.08717e-29 -1.59078e-15 -6.29202e-29  3.17745e-15  1.74929e-28 -5.65703e-15 -4.48235e-28  8.91609e-15  1.05771e-27  -1.2322e-14 -2.29598e-27  1.47253e-14  4.57825e-27 -1.48919e-14 -8.37059e-27  1.22772e-14  1.39988e-26 -7.62646e-15 -2.13465e-26  2.76774e-15  2.95538e-26  4.73559e-16 -3.69311e-26 -1.44478e-15  4.12988e-26  8.93545e-16 -4.07731e-26 -8.90437e-17  3.46926e-26 -2.34603e-16 -2.41446e-26   1.4116e-16  1.16729e-26  6.76687e-18 -2.36496e-28 -3.91166e-17  -7.9825e-27  9.66058e-18  1.22296e-26  6.48091e-18 -1.30242e-26 -3.14707e-18  1.15177e-26   -7.969e-19 -8.89007e-27  6.07426e-19  6.05725e-27  9.14949e-20 -3.61608e-27 -8.52919e-20  1.85773e-27 -1.23288e-20 -8.01049e-28   8.7372e-21  2.80324e-28  1.68828e-21 -7.52354e-29 -5.78488e-22  1.31536e-29 -1.69247e-22  7.07333e-32  1.64395e-23 -1.28099e-30  9.77444e-24  7.20418e-31  4.25691e-25 -2.85869e-31 -2.45794e-25  9.12369e-32 -3.42104e-26  -2.4211e-32  8.26689e-28  5.37312e-33  4.37783e-28 -9.51235e-34  2.29835e-29  1.18994e-34 -4.26656e-31  -8.5247e-36 -4.15072e-32  2.17318e-37
 1.84122e-43  3.43836e-36 -8.49705e-43 -7.28883e-34 -4.85376e-42  3.65872e-32 -9.49255e-42 -1.20267e-30 -8.71772e-41  2.94444e-29  1.53928e-39 -5.68688e-28  4.24534e-39  8.98516e-27 -1.08772e-38 -1.19083e-25 -1.98245e-38   1.3482e-24 -1.58941e-38  -1.3219e-23  -2.0939e-38   1.1344e-22  5.89382e-38 -8.59118e-22 -2.30854e-36  5.77949e-21  1.78525e-35 -3.47149e-20 -1.23103e-34  1.86934e-19  7.32929e-34 -9.05216e-19 -4.02013e-33  3.95098e-18  2.04611e-32 -1.55677e-17 -9.64542e-32   5.5423e-17  4.21456e-31 -1.78317e-16 -1.70475e-30  5.18234e-16  6.37617e-30 -1.35885e-15 -2.20286e-29  3.20812e-15  7.02386e-29 -6.79944e-15  -2.0654e-28  1.28833e-14  5.59715e-28 -2.16973e-14 -1.39678e-27  3.22216e-14    3.207e-27 -4.17176e-14 -6.76691e-27  4.62977e-14  1.31035e-26 -4.28469e-14 -2.32433e-26  3.14081e-14  3.76792e-26 -1.60682e-14 -5.56507e-26  2.94163e-15  7.45845e-26  3.70589e-15  -9.0213e-26   -4.016e-15  9.77295e-26  1.49293e-15  -9.3759e-26  4.19495e-16  7.82007e-26 -6.87315e-16 -5.47292e-26  1.91019e-16  2.93825e-26  1.13162e-16 -7.93126e-27 -8.47896e-17 -6.37237e-27 -4.20299e-18  1.33714e-26  1.91709e-17 -1.49269e-26  -2.2024e-18  1.33329e-26 -3.20978e-18 -1.03521e-26  5.90049e-19  7.09467e-27  4.51542e-19 -4.24155e-27 -7.87037e-20  2.16183e-27 -5.45364e-20 -9.13571e-28  5.33806e-21   3.0944e-28  5.19405e-21 -7.94657e-29  3.50334e-23  1.29136e-29 -3.28768e-22  6.01602e-31 -3.59632e-23 -1.68632e-30  1.03036e-23  9.62252e-31  2.33503e-24 -3.91931e-31 -2.76858e-26  1.25075e-31 -4.78211e-26 -3.17936e-32 -3.76273e-27  6.36356e-33  1.41685e-28 -9.49685e-34  2.68183e-29  9.30222e-35   6.9589e-31 -4.52012e-36 -4.28339e-33
-8.74414e-37   1.2243e-42  2.31548e-34  -2.5767e-42 -1.53291e-32 -9.85974e-42  6.04701e-31 -6.86583e-42 -1.70147e-29  -1.5411e-40  3.68407e-28  3.84928e-39 -6.42021e-27  1.06548e-38  9.27885e-26 -2.75143e-38 -1.13605e-24 -2.15831e-38  1.19703e-23    -9.32e-38 -1.09858e-22  5.89382e-38  8.86395e-22  5.78889e-37 -6.33416e-21 -1.04751e-35  4.03215e-20  7.80328e-35   -2.297e-19 -4.94579e-34  1.17519e-18  2.79009e-33 -5.41433e-18 -1.46397e-32  2.25067e-17  7.19571e-32 -8.45167e-17 -3.30598e-31  2.86863e-16  1.41538e-30 -8.79953e-16   -5.625e-30   2.4375e-15  2.06878e-29 -6.08764e-15 -7.02511e-29  1.36744e-14  2.19913e-28 -2.75296e-14 -6.33895e-28  4.94326e-14  1.68099e-27 -7.86387e-14 -4.09773e-27  1.09798e-13   9.1742e-27 -1.32732e-13 -1.88444e-26  1.36035e-13  3.54653e-26 -1.14006e-13 -6.10475e-26   7.2478e-14  9.58908e-26 -2.76591e-14  -1.3703e-25 -3.32355e-15  1.77438e-25   1.3459e-14 -2.07082e-25 -8.84045e-15   2.1624e-25   1.1829e-15 -1.99961e-25  2.18344e-15  1.61198e-25 -1.44439e-15 -1.10277e-25 -6.89353e-18  6.04298e-26  3.84742e-16 -2.19334e-26 -1.11976e-16 -1.49039e-27 -6.06275e-17  1.21162e-26  3.45991e-17 -1.47859e-26   6.8143e-18  1.36341e-26 -6.63946e-18 -1.09416e-26 -7.05686e-19  7.75522e-27  9.46712e-19 -4.74634e-27  9.84632e-20  2.43363e-27 -1.00636e-19 -1.01438e-27 -1.54129e-20  3.32168e-28  7.15101e-21  -8.0389e-29  1.73482e-21  1.10876e-29 -2.47436e-22  1.92374e-30 -1.10316e-22 -2.45597e-30 -2.31064e-24  1.33274e-30  3.10357e-24 -5.28235e-31   3.6667e-25  1.61534e-31 -1.71636e-26 -3.80501e-32 -5.44832e-27  6.69736e-33 -2.41374e-28 -8.21667e-34  7.69684e-30  5.99721e-35  5.32342e-31 -1.61846e-36
 1.29574e-44 -5.87972e-35  5.64724e-42  5.53505e-33 -6.34336e-42  -2.7105e-31  1.54311e-42  8.92398e-30  5.85401e-41 -2.19007e-28 -1.14133e-40  4.24074e-27  8.98171e-39  -6.7186e-26  2.69625e-38   8.9302e-25 -7.75336e-38 -1.01416e-23  5.36855e-38  9.97637e-23 -4.76608e-37 -8.59118e-22  5.78889e-37  6.53045e-21  3.07049e-36 -4.41045e-20 -4.29127e-35  2.66021e-19  2.93471e-34 -1.43882e-18 -1.68756e-33  7.00016e-18  8.86687e-33 -3.07061e-17 -4.43813e-32   1.2163e-16  2.12759e-31 -4.35465e-16 -9.68634e-31  1.40948e-15  4.14188e-30 -4.12255e-15  -1.6474e-29  1.08836e-14  6.05461e-29 -2.58837e-14 -2.04788e-28  5.52912e-14  6.36035e-28 -1.05654e-13 -1.81177e-27   1.7958e-13  4.73025e-27 -2.69386e-13  -1.1314e-26  3.52706e-13  2.47786e-26 -3.96455e-13 -4.96525e-26  3.72508e-13   9.0938e-26 -2.78476e-13 -1.51989e-25  1.47079e-13  2.31308e-25 -3.08527e-14 -3.19575e-25 -3.09215e-14   3.9919e-25  3.63818e-14 -4.48342e-25 -1.46798e-14  4.49364e-25 -3.13717e-15 -3.97782e-25  6.33735e-15  3.06405e-25 -2.01446e-15 -2.00713e-25 -9.58364e-16  1.07289e-25  8.34174e-16 -4.22799e-26  3.48995e-18  7.07489e-27 -1.83962e-16  7.17282e-27  2.93683e-17 -1.10967e-26   3.0357e-17  1.13531e-26  -7.1841e-18  -1.0175e-26 -4.27752e-18  7.93654e-27  9.84591e-19 -5.16538e-27  5.30648e-19  2.71536e-27 -7.70548e-20  -1.1228e-27 -5.31555e-20    3.529e-28  1.48816e-21 -7.74827e-29  3.61239e-21  6.66667e-30  2.94828e-22  4.53733e-30 -1.27118e-22  -3.7183e-30 -2.40144e-23  1.83479e-30  8.91292e-25 -6.82102e-31  5.60898e-25  1.94287e-31  3.66675e-26 -4.13519e-32 -2.28303e-27  6.23625e-33 -3.17715e-28 -6.05985e-34 -6.88385e-30  3.00728e-35  7.53637e-32
