  1.0028e-05  -9.7626e-09  8.09948e-05  -4.5588e-08  0.000266072 -1.14614e-07  0.000535479 -1.89362e-07  0.000735474 -2.16634e-07  0.000693636 -1.63454e-07  0.000388832 -5.42837e-08 -2.68641e-06  4.47286e-08 -0.000249789  8.08864e-08 -0.000253838  5.37395e-08 -9.93939e-05   4.0127e-09  5.39109e-05 -2.74241e-08   0.00010816 -2.81708e-08  7.18487e-05 -1.14663e-08  9.28273e-06  4.11913e-09 -2.85692e-05  9.73362e-09 -3.17312e-05  7.26147e-09 -1.67458e-05  2.45737e-09 -1.81955e-06 -8.08504e-10  5.37631e-06 -1.81115e-09  6.03755e-06 -1.48608e-09  4.02789e-06 -8.44446e-10  1.99702e-06  -3.7028e-10  7.80397e-07 -1.29463e-10  2.44447e-07 -3.63013e-11  6.11937e-08 -8.07644e-12  1.20203e-08 -1.38808e-12  1.78565e-09 -1.75306e-13  1.87379e-10 -1.47857e-14  1.20645e-11 -6.64113e-16  3.08952e-13
 -9.7626e-09   0.00011437 -7.89599e-08  0.000534623 -2.59564e-07   0.00134453 -5.22325e-07      0.00222 -7.16461e-07   0.00253384 -6.73052e-07   0.00189864 -3.72129e-07  0.000606632  1.21915e-08 -0.000558008  2.52409e-07 -0.000973153  2.52352e-07 -0.000637971  9.67519e-08 -3.95681e-05 -5.60539e-08  0.000335684 -1.09458e-07  0.000342035 -7.25234e-08  0.000139438  -9.5412e-09 -4.92439e-05  2.86517e-08 -0.000117847  3.20897e-08  -8.8878e-05  1.72496e-08 -3.13399e-05  2.31374e-09  8.17867e-06 -4.99685e-09  2.07112e-05 -5.79985e-09   1.7261e-05 -3.90417e-09   9.8645e-06 -1.94316e-09  4.33711e-06 -7.60796e-10  1.51846e-06  -2.3853e-10  4.26037e-07 -5.97345e-11  9.48016e-08 -1.17336e-11  1.62909e-08 -1.74258e-12  2.05665e-09  -1.8277e-13  1.73361e-10 -1.17599e-14  7.78084e-12 -3.00903e-16
 8.09948e-05 -7.89599e-08  0.000655796 -3.69404e-07   0.00215706 -9.29337e-07   0.00434097 -1.53404e-06   0.00595008 -1.74848e-06   0.00557587  -1.3043e-06   0.00305441 -4.05443e-07 -0.000156307  4.02345e-07  -0.00215335  6.86592e-07  -0.00213453   4.4774e-07 -0.000813294  2.62043e-08  0.000480343 -2.38205e-07  0.000934343 -2.43429e-07  0.000624067  -1.0114e-07  9.02021e-05  3.24974e-08 -0.000237677  8.24292e-08 -0.000272706  6.35858e-08 -0.000151309   2.3874e-08 -2.61272e-05  -3.9645e-09  3.68006e-05 -1.32626e-08  4.55014e-05  -1.1377e-08   3.1137e-05  -6.5701e-09  1.56072e-05 -2.90301e-09  6.13228e-06 -1.01896e-09   1.9261e-06 -2.86243e-10  4.82728e-07 -6.37217e-11  9.48335e-08 -1.09486e-11  1.40789e-08 -1.38145e-12  1.47559e-09 -1.16343e-13  9.48456e-11 -5.21568e-15  2.42369e-12
 -4.5588e-08  0.000534623 -3.69404e-07   0.00250277 -1.21569e-06   0.00629895 -2.44719e-06    0.0103991 -3.35421e-06    0.0118492 -3.14087e-06   0.00882424  -1.7137e-06    0.0027069   1.0387e-07  -0.00279334  1.23515e-06  -0.00472989  1.22397e-06  -0.00309615  4.71528e-07 -0.000203414  -2.6931e-07   0.00162893 -5.35393e-07   0.00169081 -3.64903e-07  0.000729857 -6.18757e-08 -0.000191521  1.28914e-07 -0.000552372  1.54749e-07 -0.000442225  8.99932e-08  -0.00018062   2.0239e-08  9.07936e-06 -1.62872e-08  7.72395e-05 -2.28147e-08  6.98483e-05 -1.60737e-08  4.10784e-05 -8.15593e-09  1.83063e-05  -3.2242e-09   6.4538e-06 -1.01588e-09  1.81694e-06 -2.54967e-10  4.04807e-07 -5.01048e-11  6.95455e-08 -7.43493e-12  8.76797e-09   -7.784e-13  7.37433e-10 -4.99536e-14  3.29994e-11 -1.27395e-15
 0.000266072 -2.59564e-07   0.00215706 -1.21569e-06   0.00710212 -3.06117e-06    0.0143048  -5.0571e-06    0.0196223 -5.76796e-06    0.0183969 -4.30241e-06    0.0100605 -1.32523e-06 -0.000596869  1.36408e-06  -0.00727827  2.32659e-06  -0.00727748  1.54477e-06  -0.00289073  1.31604e-07   0.00149672 -7.82509e-07   0.00314386 -8.37929e-07    0.0022181 -3.83672e-07  0.000461668   6.8049e-08 -0.000688833  2.57514e-07 -0.000892843  2.18187e-07 -0.000554248  9.89736e-08 -0.000161395  7.82833e-09  5.68629e-05  -2.8233e-08  0.000107731 -2.83999e-08  8.01923e-05 -1.72671e-08  4.15901e-05 -7.81211e-09  1.66186e-05 -2.77538e-09  5.26503e-06 -7.84362e-10   1.3248e-06 -1.75016e-10  2.60513e-07 -3.00658e-11  3.86307e-08 -3.78593e-12  4.03755e-09 -3.17736e-13  2.58451e-10  -1.4177e-14  6.56965e-12
-1.14614e-07   0.00134453 -9.29337e-07   0.00629895 -3.06117e-06    0.0158714 -6.17141e-06     0.026254  -8.4808e-06    0.0300202 -7.98018e-06    0.0225174 -4.40663e-06   0.00710752  2.00075e-07  -0.00694803  3.13192e-06   -0.0121551  3.19531e-06  -0.00828708  1.33707e-06 -0.000984106 -5.75102e-07   0.00390521 -1.34284e-06   0.00440462  -9.9811e-07   0.00218712 -2.61358e-07 -0.000151208  2.50174e-07  -0.00122626  3.70098e-07  -0.00113177  2.50981e-07 -0.000582045  9.33931e-08 -0.000125246 -1.89791e-09  7.91311e-05 -3.08692e-08   0.00010625 -2.60699e-08  6.93325e-05 -1.41363e-08  3.23211e-05 -5.76778e-09  1.16541e-05 -1.84668e-09  3.31794e-06 -4.66954e-10  7.42548e-07  -9.1952e-11   1.2757e-07 -1.36208e-11  1.60308e-08 -1.41941e-12  1.34035e-09 -9.04507e-14   5.9494e-11 -2.28571e-15
 0.000535479 -5.22325e-07   0.00434097 -2.44719e-06    0.0143048 -6.17141e-06    0.0288791 -1.02301e-05    0.0398083 -1.17499e-05    0.0377064 -8.90502e-06    0.0212109 -2.94669e-06 -0.000356563  2.57602e-06   -0.0144239  4.73715e-06    -0.015231  3.36567e-06  -0.00686995   5.6617e-07   0.00213627 -1.40642e-06   0.00609911 -1.72283e-06    0.0048853 -9.49979e-07   0.00162516 -5.51099e-08 -0.000835726  4.07652e-07  -0.00159687  4.30514e-07  -0.00122212  2.56747e-07 -0.000573352   9.0693e-08 -0.000129094  3.84649e-09  4.68883e-05 -1.98354e-08  6.79969e-05 -1.62773e-08  4.18689e-05 -8.21555e-09  1.80117e-05 -3.07237e-09  5.91548e-06 -8.90244e-10  1.51349e-06 -2.00677e-10  2.99097e-07 -3.44948e-11  4.42142e-08 -4.31602e-12  4.57833e-09 -3.57909e-13   2.8885e-10  -1.5702e-14   7.2026e-12
-1.89362e-07      0.00222 -1.53404e-06    0.0103991  -5.0571e-06     0.026254 -1.02301e-05    0.0436586 -1.41686e-05    0.0504945 -1.35603e-05    0.0388979 -7.85301e-06    0.0138257 -2.24232e-07  -0.00998809  4.93591e-06   -0.0200534  5.50144e-06   -0.0151237  2.74026e-06  -0.00356399  -4.5369e-07    0.0051986 -2.03486e-06    0.0072843 -1.81303e-06   0.00458085 -7.67751e-07  0.000915324   1.2342e-07  -0.00128371  4.85249e-07  -0.00172454  4.42484e-07   -0.0012294   2.5963e-07 -0.000604849  1.06965e-07  -0.00020407   2.7803e-08 -3.41281e-05  8.03644e-10  9.76622e-06 -3.56199e-09  1.05946e-05 -2.19802e-09  4.88329e-06 -8.23458e-10   1.5413e-06 -2.22611e-10  3.59228e-07 -4.47427e-11  6.19763e-08 -6.56475e-12   7.6208e-09 -6.61945e-13  6.09953e-10  -3.9951e-14  2.53632e-11 -9.34907e-16
 0.000735474 -7.16461e-07   0.00595008 -3.35421e-06    0.0196223  -8.4808e-06    0.0398083 -1.41686e-05     0.055521 -1.65568e-05    0.0539584 -1.30633e-05    0.0325816  -5.1138e-06   0.00302595  2.71367e-06   -0.0180246  6.37596e-06   -0.0218432  5.22985e-06   -0.0123303  1.69292e-06  3.85675e-06 -1.28256e-06   0.00708028 -2.29087e-06   0.00738189 -1.69889e-06   0.00398294 -6.00813e-07  0.000480701  1.96784e-07  -0.00138496  4.86998e-07  -0.00169663  4.38088e-07  -0.00125194  2.78462e-07 -0.000703911  1.40772e-07 -0.000323486  5.92786e-08 -0.000125585  2.13213e-08 -4.20174e-05  6.65682e-09 -1.22698e-05  1.82024e-09 -3.14054e-06  4.35154e-10 -6.98159e-07  8.93354e-11 -1.31086e-07  1.51464e-11 -1.97448e-08  1.98523e-12 -2.19192e-09  1.79885e-13 -1.53458e-10  8.86654e-15 -4.34175e-12
-2.16634e-07   0.00253384 -1.74848e-06    0.0118492 -5.76796e-06    0.0300202 -1.17499e-05    0.0504945 -1.65568e-05    0.0599025 -1.64528e-05    0.0489029 -1.05226e-05    0.0216241 -1.87901e-06  -0.00671229  4.73975e-06   -0.0218011  6.57467e-06   -0.0201428  4.33221e-06  -0.00879226  7.76496e-07   0.00235057 -1.67772e-06   0.00758597 -2.26246e-06   0.00697743 -1.56677e-06     0.003633  -5.4982e-07  0.000465352  1.70683e-07  -0.00125624  4.55155e-07  -0.00163842  4.39291e-07  -0.00131045  3.05809e-07 -0.000814717  1.72344e-07 -0.000419971  8.16977e-08 -0.000183616  3.29826e-08 -6.84344e-05  1.13328e-08 -2.16255e-05   3.2823e-09 -5.71497e-06  7.87046e-10 -1.23479e-06  1.51914e-10 -2.10643e-07  2.25937e-11 -2.68319e-08  2.40648e-12  -2.3095e-09  1.58856e-13 -1.06774e-10  4.20133e-15
 0.000693636 -6.73052e-07   0.00557587 -3.14087e-06    0.0183969 -7.98018e-06    0.0377064 -1.35603e-05    0.0539584 -1.64528e-05     0.055398 -1.41002e-05    0.0382949 -7.22753e-06     0.011058  5.29627e-07   -0.0120755  5.39223e-06   -0.0214295  5.94931e-06   -0.0171297  3.46178e-06  -0.00634611  3.12519e-07    0.0031325 -1.72067e-06   0.00737167 -2.16904e-06   0.00672413  -1.5395e-06   0.00370455 -6.05424e-07  0.000714027  1.00321e-07  -0.00105812  4.16438e-07  -0.00156662  4.32731e-07  -0.00131899  3.12547e-07 -0.000840841  1.78664e-07 -0.000435014  8.41079e-08 -0.000186881  3.30097e-08 -6.69872e-05  1.07909e-08 -1.99201e-05   2.9084e-09 -4.84256e-06   6.3374e-10 -9.38316e-07  1.08092e-10 -1.39041e-07  1.36769e-11 -1.46723e-08  1.16372e-12 -9.55627e-10  5.29983e-14 -2.48628e-11
-1.63454e-07   0.00189864  -1.3043e-06   0.00882424 -4.30241e-06    0.0225174 -8.90502e-06    0.0388979 -1.30633e-05    0.0489029 -1.41002e-05     0.045003 -1.08367e-05     0.027517 -4.64239e-06   0.00473533   1.5175e-06   -0.0128918  5.07026e-06   -0.0192259  5.23086e-06   -0.0149475  3.01508e-06  -0.00549512  2.32885e-07   0.00305001 -1.65762e-06   0.00718703 -2.15268e-06   0.00681791  -1.6023e-06   0.00399762 -6.97605e-07   0.00102453  1.89064e-08 -0.000809162  3.53399e-07  -0.00137277  3.82652e-07  -0.00116349   2.7298e-07  -0.00072308  1.50574e-07 -0.000357831  6.72721e-08 -0.000144819  2.46961e-08  -4.8212e-05  7.44365e-09 -1.31181e-05  1.82055e-09 -2.86736e-06  3.52959e-10 -4.88254e-07  5.21143e-11 -6.14519e-08  5.46194e-12 -5.18612e-09  3.52417e-13 -2.33722e-10  9.06413e-15
 0.000388832 -3.72129e-07   0.00305441  -1.7137e-06    0.0100605 -4.40663e-06    0.0212109 -7.85301e-06    0.0325816 -1.05226e-05    0.0382949 -1.08367e-05    0.0342187 -8.20134e-06    0.0207755 -3.46523e-06   0.00309642   1.4505e-06   -0.0115264  4.55543e-06   -0.0175662  4.87802e-06   -0.0142453  2.94005e-06  -0.00551637  2.71851e-07   0.00292713 -1.64519e-06   0.00724025 -2.19177e-06   0.00701277 -1.67059e-06   0.00426981 -7.86779e-07   0.00137415 -9.32516e-08 -0.000389854  2.28453e-07 -0.000946381  2.67706e-07 -0.000809764  1.87003e-07 -0.000484235  9.80841e-08 -0.000225809  4.09787e-08  -8.4869e-05  1.38773e-08 -2.58874e-05  3.80514e-09 -6.35806e-06  8.32719e-10 -1.23093e-06  1.41273e-10 -1.80709e-07  1.76465e-11 -1.87648e-08  1.47317e-12 -1.19589e-09   6.5483e-14 -3.02952e-11
-5.42837e-08  0.000606632 -4.05443e-07    0.0027069 -1.32523e-06   0.00710752 -2.94669e-06    0.0138257  -5.1138e-06    0.0216241 -7.22753e-06     0.027517 -8.20134e-06    0.0273752 -6.94891e-06    0.0187024 -3.36423e-06    0.0037862  1.13603e-06    -0.010503  4.35015e-06   -0.0172094  4.85227e-06   -0.0142886  2.95777e-06  -0.00553627  2.64461e-07   0.00296933 -1.65293e-06   0.00724025 -2.18923e-06   0.00703703 -1.70166e-06   0.00450248 -8.95491e-07   0.00188751 -2.71342e-07  0.000284235  3.27505e-08  -0.00030958  1.05916e-07 -0.000343375  8.11256e-08 -0.000209893  4.18772e-08  -9.4041e-05  1.65237e-08 -3.29292e-05   5.1523e-09 -9.14774e-06  1.27274e-09 -2.00115e-06  2.45003e-10 -3.35961e-07  3.54371e-11 -4.11745e-08  3.59594e-12 -3.34562e-09  2.22153e-13 -1.43555e-10  5.40847e-15
-2.68641e-06  1.21915e-08 -0.000156307   1.0387e-07 -0.000596869  2.00075e-07 -0.000356563 -2.24232e-07   0.00302595 -1.87901e-06     0.011058 -4.64239e-06    0.0207755 -6.94891e-06    0.0251736 -6.76875e-06    0.0189719 -3.52315e-06   0.00420644   1.1011e-06   -0.0106438  4.42259e-06   -0.0174071   4.8651e-06   -0.0141752   2.9014e-06  -0.00537084  2.53295e-07    0.0028384  -1.5734e-06   0.00690107 -2.10479e-06   0.00689532 -1.72519e-06   0.00483235 -1.05576e-06   0.00261066 -5.05892e-07   0.00110953 -1.89832e-07   0.00036389 -5.34054e-08   8.4801e-05 -9.58133e-09  9.55893e-06 -1.08012e-10 -2.15881e-06  6.18177e-10 -1.46301e-06   2.3832e-10 -4.05818e-07  5.06188e-11 -6.64941e-08  6.20198e-12  -5.5496e-09  2.58511e-13  7.77364e-11 -3.76822e-14  5.93366e-11 -4.99339e-15  3.19696e-12
 4.47286e-08 -0.000558008  4.02345e-07  -0.00279334  1.36408e-06  -0.00694803  2.57602e-06  -0.00998809  2.71367e-06  -0.00671229  5.29627e-07   0.00473533 -3.46523e-06    0.0187024 -6.76875e-06    0.0253025 -6.84339e-06    0.0189585 -3.40496e-06   0.00351321  1.31283e-06   -0.0111746  4.47502e-06   -0.0172386  4.75232e-06   -0.0137592  2.82968e-06  -0.00541305   3.5588e-07   0.00224424 -1.37394e-06   0.00627316 -1.98189e-06   0.00675581 -1.77369e-06     0.005272 -1.23915e-06   0.00335124 -7.24402e-07   0.00181493 -3.65251e-07  0.000854752 -1.60967e-07  0.000352706 -6.21608e-08  0.000127269 -2.09053e-08   3.9753e-05 -6.03762e-09  1.05575e-05 -1.46479e-09   2.3215e-06 -2.89179e-10  4.06756e-07 -4.43275e-11  5.35538e-08 -4.89123e-12  4.78414e-09 -3.35593e-13  2.30148e-10 -9.24325e-15
-0.000249789  2.52409e-07  -0.00215335  1.23515e-06  -0.00727827  3.13192e-06   -0.0144239  4.93591e-06   -0.0180246  4.73975e-06   -0.0120755   1.5175e-06   0.00309642 -3.36423e-06    0.0189719 -6.84339e-06    0.0251308 -6.63334e-06    0.0178194 -3.04826e-06   0.00251639   1.4629e-06   -0.0111558  4.34691e-06   -0.0166033   4.5915e-06   -0.0134976  2.87198e-06  -0.00595738  5.95207e-07   0.00129744 -1.11737e-06   0.00557794 -1.85971e-06   0.00661679 -1.80451e-06   0.00555486 -1.34859e-06   0.00375611 -8.33174e-07   0.00213293 -4.36403e-07   0.00103237   -1.953e-07  0.000426987 -7.45559e-08  0.000150139 -2.40783e-08   4.4373e-05 -6.48273e-09  1.08226e-05 -1.42258e-09  2.11874e-06 -2.45841e-10  3.18888e-07  -3.1663e-11  3.43178e-08  -2.7521e-12  2.28668e-09 -1.28395e-13  6.10169e-11
 8.08864e-08 -0.000973153  6.86592e-07  -0.00472989  2.32659e-06   -0.0121551  4.73715e-06   -0.0200534  6.37596e-06   -0.0218011  5.39223e-06   -0.0128918   1.4505e-06    0.0037862 -3.52315e-06    0.0189585 -6.63334e-06     0.023819 -6.18216e-06    0.0163968  -2.7719e-06   0.00217838  1.39253e-06   -0.0105263  4.13404e-06   -0.0160252  4.52582e-06   -0.0136972  3.04321e-06  -0.00683368  8.87434e-07  0.000284552 -8.54502e-07   0.00482098 -1.68868e-06   0.00616653 -1.70563e-06   0.00528334  -1.2828e-06   0.00355446 -7.80649e-07   0.00196993 -3.95623e-07   0.00091493 -1.68538e-07  0.000357412 -6.03002e-08  0.000116874 -1.79673e-08  3.16056e-05 -4.38731e-09  6.92394e-06 -8.55353e-10  1.18906e-06 -1.27693e-10  1.51655e-07 -1.35892e-11  1.30191e-08  -8.9336e-13  5.98694e-10 -2.34774e-14
-0.000253838  2.52352e-07  -0.00213453  1.22397e-06  -0.00727748  3.19531e-06    -0.015231  5.50144e-06   -0.0218432  6.57467e-06   -0.0214295  5.07026e-06   -0.0115264  1.13603e-06   0.00420644 -3.40496e-06    0.0178194 -6.18216e-06    0.0222226 -5.81552e-06     0.015674 -2.73537e-06   0.00253541  1.21164e-06  -0.00986834  3.99329e-06   -0.0158303  4.56554e-06    -0.014141   3.2414e-06  -0.00769482  1.16936e-06 -0.000770946 -5.34425e-07    0.0036738 -1.35267e-06   0.00500952 -1.38373e-06    0.0042429 -1.01368e-06   0.00275119 -5.89612e-07   0.00144706 -2.81787e-07  0.000630044 -1.11888e-07  0.000228087 -3.68795e-08  6.82833e-05  -9.9926e-09  1.66661e-05 -2.18353e-09  3.23495e-06 -3.72718e-10  4.79315e-07 -4.71181e-11  5.04973e-08 -3.99984e-12  3.27925e-09 -1.81513e-13  8.49626e-11
 5.37395e-08 -0.000637971   4.4774e-07  -0.00309615  1.54477e-06  -0.00828708  3.36567e-06   -0.0151237  5.22985e-06   -0.0201428  5.94931e-06   -0.0192259  4.55543e-06    -0.010503   1.1011e-06   0.00351321 -3.04826e-06    0.0163968 -5.81552e-06    0.0213333 -5.69424e-06    0.0156763 -2.82016e-06   0.00296416  1.08796e-06  -0.00952755  3.93299e-06   -0.0157709  4.59589e-06   -0.0144385  3.39467e-06  -0.00850514  1.49228e-06   -0.0022002 -4.42852e-08   0.00178018   -7.801e-07   0.00304314 -8.51598e-07   0.00259812 -6.11263e-07   0.00162261 -3.38414e-07  0.000805003 -1.51403e-07  0.000325896 -5.55407e-08  0.000108306 -1.66953e-08  2.93615e-05  -4.0645e-09  6.38222e-06 -7.82869e-10  1.07861e-06 -1.14604e-10  1.34451e-07 -1.18824e-11  1.12112e-08 -7.56529e-13  4.97858e-10 -1.91434e-14
-9.93939e-05  9.67519e-08 -0.000813294  4.71528e-07  -0.00289073  1.33707e-06  -0.00686995  2.74026e-06   -0.0123303  4.33221e-06   -0.0171297  5.23086e-06   -0.0175662  4.35015e-06   -0.0106438  1.31283e-06   0.00251639  -2.7719e-06     0.015674 -5.69424e-06    0.0211738 -5.69613e-06    0.0157583 -2.85193e-06   0.00310603  1.02874e-06  -0.00923623  3.83038e-06   -0.0154324  4.54185e-06   -0.0145585    3.558e-06  -0.00960274  1.96439e-06  -0.00430532  6.58643e-07 -0.000817538 -3.57536e-08  0.000632413 -2.37846e-07  0.000815335 -2.01527e-07  0.000543362 -1.12816e-07   0.00026358 -4.82063e-08  0.000100092 -1.63396e-08  3.03228e-05  -4.4199e-09  7.30182e-06 -9.42757e-10  1.36976e-06  -1.5404e-10  1.92433e-07 -1.82855e-11  1.88441e-08 -1.42713e-12  1.11163e-09 -5.80391e-14   2.5411e-11
  4.0127e-09 -3.95681e-05  2.62043e-08 -0.000203414  1.31604e-07 -0.000984106   5.6617e-07  -0.00356399  1.69292e-06  -0.00879226  3.46178e-06   -0.0149475  4.87802e-06   -0.0172094  4.42259e-06   -0.0111746   1.4629e-06   0.00217838 -2.73537e-06    0.0156763 -5.69613e-06    0.0210923 -5.64405e-06    0.0155558 -2.82477e-06   0.00324324  9.06079e-07   -0.0085691  3.61168e-06   -0.0148044  4.46687e-06   -0.0148614  3.83854e-06   -0.0112439  2.60048e-06  -0.00689741   1.4561e-06  -0.00354755  6.91693e-07  -0.00156464  2.84807e-07 -0.000605107  1.04151e-07 -0.000210742  3.47863e-08 -6.78888e-05  1.08424e-08 -2.04609e-05  3.14416e-09 -5.65696e-06  8.18481e-10 -1.36611e-06  1.80384e-10 -2.69962e-07   3.1352e-11 -4.03647e-08   3.9244e-12 -4.07871e-09  3.03344e-13 -2.20032e-10  9.32357e-15
 5.39109e-05 -5.60539e-08  0.000480343  -2.6931e-07   0.00149672 -5.75102e-07   0.00213627  -4.5369e-07  3.85675e-06  7.76496e-07  -0.00634611  3.01508e-06   -0.0142453  4.85227e-06   -0.0174071  4.47502e-06   -0.0111558  1.39253e-06   0.00253541 -2.82016e-06    0.0157583 -5.64405e-06    0.0207234 -5.53319e-06    0.0153618 -2.87019e-06   0.00380673  6.48999e-07  -0.00754326   3.3516e-06   -0.0142832  4.48216e-06   -0.0155788  4.22993e-06   -0.0131182  3.23651e-06  -0.00922684  2.10867e-06  -0.00559672  1.19462e-06  -0.00296669  5.92891e-07  -0.00137819  2.57531e-07 -0.000558719  9.72006e-08 -0.000195717  3.14813e-08 -5.83452e-05   8.5924e-09 -1.44886e-05  1.92688e-09 -2.90785e-06  3.42299e-10 -4.50923e-07   4.5511e-11 -5.01776e-08  4.09599e-12 -3.46608e-09  1.98299e-13 -9.60578e-11
-2.74241e-08  0.000335684 -2.38205e-07   0.00162893 -7.82509e-07   0.00390521 -1.40642e-06    0.0051986 -1.28256e-06   0.00235057  3.12519e-07  -0.00549512  2.94005e-06   -0.0142886   4.8651e-06   -0.0172386  4.34691e-06   -0.0105263  1.21164e-06   0.00296416 -2.85193e-06    0.0155558 -5.53319e-06     0.020364 -5.49716e-06     0.015611 -3.05697e-06   0.00475532  3.43044e-07  -0.00659491   3.1688e-06   -0.0140961  4.56856e-06   -0.0163155  4.53507e-06   -0.0143496  3.59916e-06   -0.0103905  2.39435e-06  -0.00637814  1.35969e-06  -0.00335521  6.62828e-07  -0.00151509  2.76948e-07 -0.000584741   9.8498e-08 -0.000191066  2.94582e-08 -5.20626e-05  7.27244e-09 -1.15652e-05  1.44144e-09 -2.02383e-06  2.19727e-10 -2.64057e-07  2.39609e-11 -2.32637e-08  1.61883e-12 -1.10085e-09  4.38306e-14
  0.00010816 -1.09458e-07  0.000934343 -5.35393e-07   0.00314386 -1.34284e-06   0.00609911 -2.03486e-06   0.00708028 -1.67772e-06    0.0031325  2.32885e-07  -0.00551637  2.95777e-06   -0.0141752  4.75232e-06   -0.0166033  4.13404e-06  -0.00986834  1.08796e-06   0.00310603 -2.82477e-06    0.0153618 -5.49716e-06    0.0204507 -5.60375e-06    0.0162475 -3.29175e-06   0.00561998  1.14435e-07  -0.00595755  3.03762e-06   -0.0137967  4.50862e-06   -0.0161231  4.46522e-06   -0.0140181  3.47546e-06  -0.00988326  2.23602e-06  -0.00582968  1.21266e-06  -0.00291136  5.57959e-07  -0.00123374   2.1753e-07 -0.000441711  7.13377e-08 -0.000132241  1.94147e-08 -3.25429e-05  4.29175e-09 -6.40921e-06  7.45294e-10 -9.68452e-07  9.62975e-11 -1.04494e-07  8.38814e-12 -6.97551e-09  3.91968e-13 -1.86408e-10
-2.81708e-08  0.000342035 -2.43429e-07   0.00169081 -8.37929e-07   0.00440462 -1.72283e-06    0.0072843 -2.29087e-06   0.00758597 -1.72067e-06   0.00305001  2.71851e-07  -0.00553627   2.9014e-06   -0.0137592   4.5915e-06   -0.0160252  3.99329e-06  -0.00952755  1.02874e-06   0.00324324 -2.87019e-06     0.015611 -5.60375e-06    0.0209226 -5.75568e-06    0.0167821 -3.44284e-06   0.00615965 -6.56679e-08  -0.00515524  2.72945e-06   -0.0124054   4.0127e-06   -0.0141247  3.83604e-06   -0.0117754  2.84753e-06  -0.00788059  1.73155e-06  -0.00437558  8.80461e-07  -0.00204072  3.76808e-07 -0.000801014  1.35468e-07  -0.00026319   4.0556e-08 -7.15053e-05  9.94853e-09 -1.57358e-05  1.94827e-09 -2.71438e-06  2.92147e-10 -3.47747e-07  3.12304e-11 -2.99885e-08  2.06253e-12 -1.38546e-09   5.4459e-14
 7.18487e-05 -7.25234e-08  0.000624067 -3.64903e-07    0.0022181  -9.9811e-07    0.0048853 -1.81303e-06   0.00738189 -2.26246e-06   0.00737167 -1.65762e-06   0.00292713  2.64461e-07  -0.00537084  2.82968e-06   -0.0134976  4.52582e-06   -0.0158303  3.93299e-06  -0.00923623  9.06079e-07   0.00380673 -3.05697e-06    0.0162475 -5.75568e-06     0.021284 -5.81865e-06    0.0169694 -3.54102e-06   0.00686842 -4.32024e-07  -0.00320001  1.96163e-06  -0.00912033  2.93605e-06   -0.0101719  2.70269e-06  -0.00808507  1.89986e-06  -0.00509719  1.08347e-06  -0.00264348  5.12586e-07  -0.00114261  2.02485e-07 -0.000412189  6.65893e-08 -0.000123238  1.80331e-08 -3.00819e-05  3.94279e-09 -5.84463e-06  6.73862e-10 -8.67265e-07  8.53263e-11 -9.15251e-08  7.25586e-12  -5.9536e-09  3.29794e-13 -1.54473e-10
-1.14663e-08  0.000139438  -1.0114e-07  0.000729857 -3.83672e-07   0.00218712 -9.49979e-07   0.00458085 -1.69889e-06   0.00697743 -2.16904e-06   0.00718703 -1.64519e-06   0.00296933  2.53295e-07  -0.00541305  2.87198e-06   -0.0136972  4.56554e-06   -0.0157709  3.83038e-06   -0.0085691  6.48999e-07   0.00475532 -3.29175e-06    0.0167821 -5.81865e-06    0.0212883 -5.82455e-06    0.0173146 -3.82479e-06   0.00873513 -1.25866e-06  0.000630884  6.30039e-07   -0.0039981  1.40871e-06  -0.00502461  1.33879e-06   -0.0039599   9.1198e-07  -0.00238339  4.91182e-07  -0.00115737  2.15986e-07 -0.000461846  7.82558e-08 -0.000151805  2.32865e-08 -4.07611e-05  5.61623e-09 -8.77685e-06  1.07125e-09 -1.46809e-06  1.55087e-10 -1.80788e-07  1.58644e-11 -1.48493e-08  9.93002e-13 -6.46773e-10  2.45773e-14
 9.28273e-06  -9.5412e-09  9.02021e-05 -6.18757e-08  0.000461668 -2.61358e-07   0.00162516 -7.67751e-07   0.00398294 -1.56677e-06   0.00672413 -2.15268e-06   0.00724025 -1.65293e-06    0.0028384   3.5588e-07  -0.00595738  3.04321e-06    -0.014141  4.59589e-06   -0.0154324  3.61168e-06  -0.00754326  3.43044e-07   0.00561998 -3.44284e-06    0.0169694 -5.82455e-06    0.0214448 -6.01382e-06    0.0188067 -4.56157e-06    0.0124189 -2.61565e-06   0.00610372 -1.06913e-06   0.00193662 -2.15779e-07  3.95183e-05  9.08349e-08 -0.000435923  1.21941e-07 -0.000347885    7.406e-08 -0.000174169  3.16524e-08 -6.46259e-05  1.02748e-08 -1.83882e-05  2.55652e-09 -3.97595e-06  4.75323e-10 -6.25467e-07  6.17339e-11 -6.45013e-08  4.71861e-12 -3.14575e-09   8.3689e-14  7.90699e-11 -1.32486e-14  1.06994e-11
 4.11913e-09 -4.92439e-05  3.24974e-08 -0.000191521   6.8049e-08 -0.000151208 -5.51099e-08  0.000915324 -6.00813e-07     0.003633  -1.5395e-06   0.00681791 -2.19177e-06   0.00724025  -1.5734e-06   0.00224424  5.95207e-07  -0.00683368   3.2414e-06   -0.0144385  4.54185e-06   -0.0148044   3.3516e-06  -0.00659491  1.14435e-07   0.00615965 -3.54102e-06    0.0173146 -6.01382e-06    0.0227424 -6.65059e-06    0.0220656 -5.79803e-06    0.0175556   -4.256e-06    0.0119861 -2.71954e-06    0.0072022 -1.54209e-06   0.00386331 -7.83558e-07   0.00186003 -3.57203e-07  0.000801507 -1.45114e-07  0.000305921 -5.18193e-08  0.000101703 -1.59484e-08  2.87934e-05 -4.12348e-09  6.74246e-06 -8.66048e-10  1.25541e-06 -1.40915e-10   1.7526e-07  -1.6471e-11   1.6571e-08 -1.19528e-12  8.42714e-10 -3.47896e-14
-2.85692e-05  2.86517e-08 -0.000237677  1.28914e-07 -0.000688833  2.50174e-07 -0.000835726   1.2342e-07  0.000480701  -5.4982e-07   0.00370455  -1.6023e-06   0.00701277 -2.18923e-06   0.00690107 -1.37394e-06   0.00129744  8.87434e-07  -0.00769482  3.39467e-06   -0.0145585  4.46687e-06   -0.0142832   3.1688e-06  -0.00595755 -6.56679e-08   0.00686842 -3.82479e-06    0.0188067 -6.65059e-06    0.0257882 -7.76987e-06    0.0266498 -7.25402e-06     0.022771 -5.72018e-06    0.0166616 -3.89734e-06    0.0105929 -2.31459e-06    0.0058782 -1.19965e-06    0.0028429 -5.40592e-07   0.00119132 -2.10151e-07  0.000428356 -6.96458e-08    0.0001303 -1.93492e-08  3.28681e-05 -4.40019e-09   6.6804e-06 -7.90778e-10  1.04722e-06 -1.06233e-10  1.17713e-07  -9.6572e-12  8.21389e-09 -4.72411e-13    2.301e-10
 9.73362e-09 -0.000117847  8.24292e-08 -0.000552372  2.57514e-07  -0.00122626  4.07652e-07  -0.00128371  1.96784e-07  0.000465352 -6.05424e-07   0.00399762 -1.67059e-06   0.00703703 -2.10479e-06   0.00627316 -1.11737e-06  0.000284552  1.16936e-06  -0.00850514    3.558e-06   -0.0148614  4.48216e-06   -0.0140961  3.03762e-06  -0.00515524 -4.32024e-07   0.00873513 -4.56157e-06    0.0220656 -7.76987e-06    0.0301151 -9.07545e-06    0.0311047 -8.44446e-06    0.0263732 -6.57265e-06    0.0189349 -4.36655e-06    0.0116627 -2.49611e-06   0.00618936 -1.22941e-06   0.00282678 -5.19941e-07   0.00110492 -1.87371e-07  0.000365975 -5.68269e-08  0.000101167  -1.4238e-08   2.2818e-05 -2.86665e-09  4.05808e-06  -4.4434e-10  5.38692e-07 -4.93274e-11  4.83442e-08 -3.39697e-12  2.33344e-09 -9.38814e-14
-3.17312e-05  3.20897e-08 -0.000272706  1.54749e-07 -0.000892843  3.70098e-07  -0.00159687  4.85249e-07  -0.00138496  1.70683e-07  0.000714027 -6.97605e-07   0.00426981 -1.70166e-06   0.00689532 -1.98189e-06   0.00557794 -8.54502e-07 -0.000770946  1.49228e-06  -0.00960274  3.83854e-06   -0.0155788  4.56856e-06   -0.0137967  2.72945e-06  -0.00320001 -1.25866e-06    0.0124189 -5.79803e-06    0.0266498 -9.07545e-06    0.0342432 -1.00708e-05    0.0337047 -8.93214e-06     0.027208 -6.60588e-06    0.0185157 -4.14848e-06    0.0107492 -2.22837e-06   0.00534335 -1.02463e-06   0.00227032 -4.01634e-07  0.000819172 -1.33016e-07  0.000248126 -3.66861e-08  6.19737e-05 -8.24253e-09  1.24217e-05 -1.45855e-09  1.91489e-06 -1.92486e-10  2.11269e-07 -1.71635e-11  1.44527e-08 -8.22791e-13  3.96648e-10
 7.26147e-09  -8.8878e-05  6.35858e-08 -0.000442225  2.18187e-07  -0.00113177  4.30514e-07  -0.00172454  4.86998e-07  -0.00125624  1.00321e-07   0.00102453 -7.86779e-07   0.00450248 -1.72519e-06   0.00675581 -1.85971e-06   0.00482098 -5.34425e-07   -0.0022002  1.96439e-06   -0.0112439  4.22993e-06   -0.0163155  4.50862e-06   -0.0124054  1.96163e-06  0.000630884 -2.61565e-06    0.0175556 -7.25402e-06    0.0311047 -1.00708e-05    0.0364375   -1.032e-05     0.033336  -8.5362e-06     0.025135  -5.8991e-06    0.0159786 -3.45778e-06    0.0086473 -1.72862e-06   0.00399271 -7.36578e-07   0.00156783 -2.65991e-07  0.000519254 -8.05143e-08   0.00014303 -2.00739e-08  3.20641e-05 -4.01304e-09  5.65722e-06 -6.16644e-10  7.44001e-07 -6.77843e-11  6.60853e-08 -4.61849e-12  3.15493e-09 -1.26215e-13
-1.67458e-05  1.72496e-08 -0.000151309  8.99932e-08 -0.000554248  2.50981e-07  -0.00122212  4.42484e-07  -0.00169663  4.55155e-07  -0.00105812  1.89064e-08   0.00137415 -8.95491e-07   0.00483235 -1.77369e-06   0.00661679 -1.68868e-06    0.0036738 -4.42852e-08  -0.00430532  2.60048e-06   -0.0131182  4.53507e-06   -0.0161231   4.0127e-06  -0.00912033  6.30039e-07   0.00610372   -4.256e-06     0.022771 -8.44446e-06    0.0337047   -1.032e-05    0.0356007 -9.65805e-06    0.0299648 -7.38176e-06    0.0209302 -4.73229e-06    0.0123493  -2.5741e-06   0.00619759 -1.19191e-06   0.00264603 -4.68605e-07  0.000956105 -1.55209e-07  0.000289295 -4.27191e-08  7.20457e-05 -9.56294e-09  1.43786e-05 -1.68401e-09  2.20476e-06 -2.20967e-10  2.41772e-07 -1.95773e-11  1.64294e-08 -9.32059e-13  4.47714e-10
 2.45737e-09 -3.13399e-05   2.3874e-08  -0.00018062  9.89736e-08 -0.000582045  2.56747e-07   -0.0012294  4.38088e-07  -0.00163842  4.16438e-07 -0.000809162 -9.32516e-08   0.00188751 -1.05576e-06     0.005272 -1.80451e-06   0.00616653 -1.35267e-06   0.00178018  6.58643e-07  -0.00689741  3.23651e-06   -0.0143496  4.46522e-06   -0.0141247  2.93605e-06   -0.0039981 -1.06913e-06    0.0119861 -5.72018e-06    0.0263732 -8.93214e-06     0.033336 -9.65805e-06    0.0317375 -8.23534e-06    0.0245017 -5.79745e-06    0.0158037 -3.43695e-06   0.00862797 -1.72966e-06   0.00400325 -7.39525e-07   0.00157533  -2.6734e-07  0.000521815 -8.08708e-08  0.000143546 -2.01245e-08  3.21023e-05 -4.01169e-09  5.64568e-06 -6.14242e-10  7.39624e-07 -6.72433e-11  6.54127e-08 -4.56095e-12  3.10822e-09 -1.24041e-13
-1.81955e-06  2.31374e-09 -2.61272e-05   2.0239e-08 -0.000161395  9.33931e-08 -0.000573352   2.5963e-07  -0.00125194  4.39291e-07  -0.00156662  3.53399e-07 -0.000389854 -2.71342e-07   0.00261066 -1.23915e-06   0.00555486 -1.70563e-06   0.00500952   -7.801e-07 -0.000817538   1.4561e-06  -0.00922684  3.59916e-06   -0.0140181  3.83604e-06   -0.0101719  1.40871e-06   0.00193662 -2.71954e-06    0.0166616 -6.57265e-06     0.027208  -8.5362e-06    0.0299648 -8.23534e-06    0.0258055 -6.40623e-06    0.0182736 -4.15103e-06    0.0108719 -2.27246e-06   0.00548273 -1.05601e-06   0.00234669 -4.15836e-07  0.000848637 -1.37754e-07  0.000256674  -3.7881e-08  6.38382e-05  -8.4657e-09  1.27151e-05 -1.48741e-09   1.9448e-06 -1.94638e-10  2.12644e-07 -1.71916e-11  1.44036e-08 -8.15743e-13  3.91155e-10
-8.08504e-10  8.17867e-06  -3.9645e-09  9.07936e-06  7.82833e-09 -0.000125246   9.0693e-08 -0.000604849  2.78462e-07  -0.00131045  4.32731e-07  -0.00137277  2.28453e-07  0.000284235 -5.05892e-07   0.00335124 -1.34859e-06   0.00528334 -1.38373e-06   0.00304314 -3.57536e-08  -0.00354755  2.10867e-06   -0.0103905  3.47546e-06   -0.0117754  2.70269e-06  -0.00502461 -2.15779e-07    0.0072022 -3.89734e-06    0.0189349 -6.60588e-06     0.025135 -7.38176e-06    0.0245017 -6.40623e-06    0.0191716 -4.55695e-06    0.0124662 -2.71856e-06   0.00683887 -1.37315e-06   0.00318172 -5.88213e-07   0.00125358 -2.12778e-07  0.000415304 -6.43492e-08  0.000114175 -1.59982e-08  2.55031e-05 -3.18453e-09   4.4777e-06 -4.86701e-10  5.85443e-07 -5.31675e-11  5.16603e-08 -3.59771e-12  2.44872e-09 -9.75965e-14
 5.37631e-06 -4.99685e-09  3.68006e-05 -1.62872e-08  5.68629e-05 -1.89791e-09 -0.000129094  1.06965e-07 -0.000703911  3.05809e-07  -0.00131899  3.82652e-07 -0.000946381  3.27505e-08   0.00110953 -7.24402e-07   0.00375611  -1.2828e-06    0.0042429 -8.51598e-07  0.000632413  6.91693e-07  -0.00559672  2.39435e-06  -0.00988326  2.84753e-06  -0.00808507  1.33879e-06  3.95183e-05 -1.54209e-06    0.0105929 -4.36655e-06    0.0185157  -5.8991e-06    0.0209302 -5.79745e-06    0.0182736 -4.55695e-06    0.0130441 -2.97116e-06   0.00779814  -1.6326e-06   0.00394371 -7.60244e-07   0.00169044 -2.99656e-07  0.000611636 -9.92819e-08  0.000184961 -2.72895e-08   4.5971e-05 -6.09331e-09  9.14665e-06 -1.06928e-09   1.3971e-06 -1.39716e-10  1.52516e-07 -1.23198e-11  1.03126e-08 -5.83505e-13  2.79526e-10
-1.81115e-09  2.07112e-05 -1.32626e-08  7.72395e-05  -2.8233e-08  7.91311e-05  3.84649e-09  -0.00020407  1.40772e-07 -0.000814717  3.12547e-07  -0.00116349  2.67706e-07  -0.00030958 -1.89832e-07   0.00181493 -8.33174e-07   0.00355446 -1.01368e-06   0.00259812 -2.37846e-07  -0.00156464  1.19462e-06  -0.00637814  2.23602e-06  -0.00788059  1.89986e-06   -0.0039599  9.08349e-08   0.00386331 -2.31459e-06    0.0116627 -4.14848e-06    0.0159786 -4.73229e-06    0.0158037 -4.15103e-06    0.0124662 -2.97116e-06   0.00814516 -1.77914e-06   0.00448124 -9.00616e-07   0.00208823 -3.86237e-07  0.000823368 -1.39775e-07  0.000272816 -4.22667e-08  7.49788e-05 -1.05029e-08  1.67369e-05 -2.08902e-09  2.93591e-06 -3.18947e-10  3.83435e-07 -3.48006e-11  3.37922e-08 -2.35176e-12  1.59956e-09  -6.3706e-14
 6.03755e-06 -5.79985e-09  4.55014e-05 -2.28147e-08  0.000107731 -3.08692e-08  4.68883e-05   2.7803e-08 -0.000323486  1.72344e-07 -0.000840841   2.7298e-07 -0.000809764  1.05916e-07   0.00036389 -3.65251e-07   0.00213293 -7.80649e-07   0.00275119 -6.11263e-07  0.000815335  2.84807e-07  -0.00296669  1.35969e-06  -0.00582968  1.73155e-06  -0.00509719   9.1198e-07 -0.000435923 -7.83558e-07    0.0058782 -2.49611e-06    0.0107492 -3.45778e-06    0.0123493 -3.43695e-06    0.0108719 -2.71856e-06   0.00779814 -1.77914e-06   0.00467545  -9.7979e-07    0.0023685 -4.56828e-07   0.00101615  -1.8017e-07  0.000367791 -5.97012e-08  0.000111215 -1.64064e-08  2.76318e-05 -3.66152e-09  5.49456e-06 -6.42103e-10  8.38627e-07 -8.38302e-11  9.14686e-08 -7.38502e-12  6.17867e-09 -3.49416e-13  1.67295e-10
-1.48608e-09   1.7261e-05  -1.1377e-08  6.98483e-05 -2.83999e-08   0.00010625 -1.98354e-08 -3.41281e-05  5.92786e-08 -0.000419971  1.78664e-07  -0.00072308  1.87003e-07 -0.000343375 -5.34054e-08  0.000854752 -4.36403e-07   0.00196993 -5.89612e-07   0.00162261 -2.01527e-07 -0.000605107  5.92891e-07  -0.00335521  1.21266e-06  -0.00437558  1.08347e-06  -0.00238339  1.21941e-07   0.00186003 -1.19965e-06   0.00618936 -2.22837e-06    0.0086473  -2.5741e-06   0.00862797 -2.27246e-06   0.00683887  -1.6326e-06   0.00448124  -9.7979e-07   0.00246971 -4.96628e-07     0.001152 -2.13133e-07  0.000454434 -7.71519e-08   0.00015059 -2.33294e-08  4.13808e-05 -5.79569e-09  9.23389e-06 -1.15226e-09  1.61896e-06 -1.75827e-10  2.11311e-07 -1.91721e-11    1.861e-08 -1.29467e-12  8.80232e-10 -3.50432e-14
 4.02789e-06 -3.90417e-09   3.1137e-05 -1.60737e-08  8.01923e-05 -2.60699e-08  6.79969e-05  8.03644e-10 -0.000125585  8.16977e-08 -0.000435014  1.50574e-07 -0.000484235  8.11256e-08   8.4801e-05 -1.60967e-07   0.00103237 -3.95623e-07   0.00144706 -3.38414e-07  0.000543362  1.04151e-07  -0.00137819  6.62828e-07  -0.00291136  8.80461e-07  -0.00264348  4.91182e-07 -0.000347885 -3.57203e-07    0.0028429 -1.22941e-06   0.00534335 -1.72862e-06   0.00619759 -1.72966e-06   0.00548273 -1.37315e-06   0.00394371 -9.00616e-07    0.0023685 -4.96628e-07   0.00120105 -2.31728e-07  0.000515565 -9.14261e-08  0.000186648 -3.02981e-08  5.64393e-05 -8.32536e-09  1.40202e-05 -1.85758e-09  2.78706e-06  -3.2564e-10  4.25217e-07 -4.24956e-11  4.63565e-08 -3.74178e-12  3.12972e-09 -1.76943e-13  8.46932e-11
-8.44446e-10   9.8645e-06  -6.5701e-09  4.10784e-05 -1.72671e-08  6.93325e-05 -1.62773e-08  9.76622e-06  2.13213e-08 -0.000183616  8.41079e-08 -0.000357831  9.80841e-08 -0.000209893 -9.58133e-09  0.000352706   -1.953e-07   0.00091493 -2.81787e-07  0.000805003 -1.12816e-07 -0.000210742  2.57531e-07  -0.00151509  5.57959e-07  -0.00204072  5.12586e-07  -0.00115737    7.406e-08  0.000801507 -5.40592e-07   0.00282678 -1.02463e-06   0.00399271 -1.19191e-06   0.00400325 -1.05601e-06   0.00318172 -7.60244e-07   0.00208823 -4.56828e-07     0.001152 -2.31728e-07  0.000537655 -9.94901e-08  0.000212154 -3.60209e-08  7.03095e-05 -1.08923e-08  1.93195e-05 -2.70566e-09  4.31036e-06 -5.37816e-10  7.55552e-07  -8.2045e-11  9.85873e-08  -8.9433e-12  8.67956e-09 -6.03715e-13  4.10382e-10 -1.63346e-14
 1.99702e-06 -1.94316e-09  1.56072e-05 -8.15593e-09  4.15901e-05 -1.41363e-08  4.18689e-05 -3.56199e-09 -4.20174e-05  3.29826e-08 -0.000186881  6.72721e-08 -0.000225809  4.18772e-08  9.55893e-06 -6.21608e-08  0.000426987 -1.68538e-07  0.000630044 -1.51403e-07   0.00026358  3.47863e-08 -0.000558719  2.76948e-07  -0.00123374  3.76808e-07  -0.00114261  2.15986e-07 -0.000174169 -1.45114e-07   0.00119132 -5.19941e-07   0.00227032 -7.36578e-07   0.00264603 -7.39525e-07   0.00234669 -5.88213e-07   0.00169044 -3.86237e-07   0.00101615 -2.13133e-07  0.000515565 -9.94901e-08  0.000221382 -3.92616e-08  8.01577e-05 -1.30122e-08  2.42392e-05 -3.57546e-09  6.02096e-06 -7.97696e-10  1.19677e-06 -1.39819e-10  1.82559e-07  -1.8243e-11  1.98985e-08 -1.60599e-12  1.34314e-09 -7.59273e-14  3.63381e-11
 -3.7028e-10  4.33711e-06 -2.90301e-09  1.83063e-05 -7.81211e-09  3.23211e-05 -8.21555e-09  1.05946e-05  6.65682e-09 -6.84344e-05  3.30097e-08 -0.000144819  4.09787e-08  -9.4041e-05 -1.08012e-10  0.000127269 -7.45559e-08  0.000357412 -1.11888e-07  0.000325896 -4.82063e-08 -6.78888e-05  9.72006e-08 -0.000584741   2.1753e-07 -0.000801014  2.02485e-07 -0.000461846  3.16524e-08  0.000305921 -2.10151e-07   0.00110492 -4.01634e-07   0.00156783 -4.68605e-07   0.00157533 -4.15836e-07   0.00125358 -2.99656e-07  0.000823368  -1.8017e-07  0.000454434 -9.14261e-08  0.000212154 -3.92616e-08  8.37276e-05 -1.42166e-08  2.77502e-05  -4.2991e-09  7.62528e-06  -1.0679e-09  1.70122e-06 -2.12261e-10  2.98185e-07 -3.23786e-11  3.89053e-08 -3.52911e-12  3.42486e-09 -2.38207e-13  1.61916e-10 -6.44447e-15
 7.80397e-07 -7.60796e-10  6.13228e-06  -3.2242e-09  1.66186e-05 -5.76778e-09  1.80117e-05 -2.19802e-09 -1.22698e-05  1.13328e-08 -6.69872e-05  2.46961e-08  -8.4869e-05  1.65237e-08 -2.15881e-06 -2.09053e-08  0.000150139 -6.03002e-08  0.000228087 -5.55407e-08  0.000100092  1.08424e-08 -0.000195717   9.8498e-08 -0.000441711  1.35468e-07 -0.000412189  7.82558e-08 -6.46259e-05 -5.18193e-08  0.000428356 -1.87371e-07  0.000819172 -2.65991e-07  0.000956105  -2.6734e-07  0.000848637 -2.12778e-07  0.000611636 -1.39775e-07  0.000367791 -7.71519e-08  0.000186648 -3.60209e-08  8.01577e-05 -1.42166e-08  2.90262e-05 -4.71203e-09  8.77783e-06 -1.29482e-09  2.18046e-06 -2.88885e-10  4.33411e-07 -5.06359e-11  6.61143e-08 -6.60677e-12  7.20629e-09 -5.81612e-13  4.86421e-10 -2.74973e-14    1.316e-11
-1.29463e-10  1.51846e-06 -1.01896e-09   6.4538e-06 -2.77538e-09  1.16541e-05 -3.07237e-09  4.88329e-06  1.82024e-09 -2.16255e-05  1.07909e-08  -4.8212e-05  1.38773e-08 -3.29292e-05  6.18177e-10   3.9753e-05 -2.40783e-08  0.000116874 -3.68795e-08  0.000108306 -1.63396e-08 -2.04609e-05  3.14813e-08 -0.000191066  7.13377e-08  -0.00026319  6.65893e-08 -0.000151805  1.02748e-08  0.000101703 -6.96458e-08  0.000365975 -1.33016e-07  0.000519254 -1.55209e-07  0.000521815 -1.37754e-07  0.000415304 -9.92819e-08  0.000272816 -5.97012e-08   0.00015059 -3.02981e-08  7.03095e-05 -1.30122e-08  2.77502e-05 -4.71203e-09  9.19803e-06 -1.42502e-09  2.52762e-06 -3.53998e-10  5.63959e-07 -7.03672e-11  9.88557e-08 -1.07347e-11   1.2899e-08 -1.17012e-12   1.1356e-09 -7.89871e-14  5.36921e-11 -2.13712e-15
 2.44447e-07  -2.3853e-10   1.9261e-06 -1.01588e-09  5.26503e-06 -1.84668e-09  5.91548e-06 -8.23458e-10 -3.14054e-06   3.2823e-09 -1.99201e-05  7.44365e-09 -2.58874e-05   5.1523e-09 -1.46301e-06 -6.03762e-09   4.4373e-05 -1.79673e-08  6.82833e-05 -1.66953e-08  3.03228e-05  3.14416e-09 -5.83452e-05  2.94582e-08 -0.000132241   4.0556e-08 -0.000123238  2.32865e-08 -1.83882e-05 -1.59484e-08    0.0001303 -5.68269e-08  0.000248126 -8.05143e-08  0.000289295 -8.08708e-08  0.000256674 -6.43492e-08  0.000184961 -4.22667e-08  0.000111215 -2.33294e-08  5.64393e-05 -1.08923e-08  2.42392e-05  -4.2991e-09  8.77783e-06 -1.42502e-09  2.65471e-06 -3.91615e-10  6.59509e-07 -8.73816e-11  1.31105e-07 -1.53181e-11  2.00019e-08 -1.99892e-12  2.18047e-09 -1.75997e-13  1.47204e-10 -8.32211e-15  3.98325e-12
-3.63013e-11  4.26037e-07 -2.86243e-10  1.81694e-06 -7.84362e-10  3.31794e-06 -8.90244e-10   1.5413e-06  4.35154e-10 -5.71497e-06   2.9084e-09 -1.31181e-05  3.80514e-09 -9.14774e-06   2.3832e-10  1.05575e-05 -6.48273e-09  3.16056e-05  -9.9926e-09  2.93615e-05  -4.4199e-09 -5.65696e-06   8.5924e-09 -5.20626e-05  1.94147e-08 -7.15053e-05  1.80331e-08 -4.07611e-05  2.55652e-09  2.87934e-05 -1.93492e-08  0.000101167 -3.66861e-08   0.00014303 -4.27191e-08  0.000143546  -3.7881e-08  0.000114175 -2.72895e-08  7.49788e-05 -1.64064e-08  4.13808e-05 -8.32536e-09  1.93195e-05 -3.57546e-09  7.62528e-06 -1.29482e-09  2.52762e-06 -3.91615e-10  6.94665e-07 -9.72952e-11  1.55014e-07 -1.93431e-11  2.71766e-08 -2.95136e-12  3.54676e-09 -3.21773e-13  3.12316e-10 -2.17257e-14    1.477e-11 -5.87969e-16
