    0.218847  2.46986e-15     0.131208  6.14002e-16  -0.00433334 -5.27759e-16   -0.0336213 -3.34351e-16  -0.00741663  3.69205e-17   0.00661085  9.47191e-17   0.00417355  2.73217e-17  0.000376497 -5.51651e-18 -0.000441039 -5.45731e-18 -0.000177681 -1.20358e-18 -1.93609e-05
 2.46986e-15     0.143489  1.69021e-15    0.0400209 -6.93966e-17   -0.0336766 -5.77743e-16   -0.0281468 -2.23056e-16  -0.00221529  7.87488e-17     0.007416  1.05214e-16   0.00456141  3.74513e-17  0.000887693  6.54414e-19 -0.000169307 -3.09195e-18 -8.86693e-05 -5.18885e-19
    0.131208  1.69021e-15    0.0969693  8.01952e-16    0.0185986    -1.58e-16   -0.0248809 -4.28002e-16   -0.0223196 -1.84116e-16  -0.00318682  6.56158e-17   0.00646941  1.05557e-16   0.00503772  4.81399e-17   0.00162588  9.13125e-18  0.000225816  3.53554e-19  7.38039e-06
 6.14002e-16    0.0400209  8.01952e-16    0.0449148   5.6709e-16    0.0148871 -6.40924e-17   -0.0193137 -3.74509e-16   -0.0215562 -1.93109e-16  -0.00472273     4.07e-17   0.00540775    9.364e-17   0.00501089  4.94891e-17   0.00193199  1.24665e-17  0.000345673  1.16042e-18
 -0.00433334 -6.93966e-17    0.0185986   5.6709e-16    0.0433733  5.46536e-16    0.0164512 -6.06854e-17   -0.0179437 -3.59319e-16   -0.0212236 -2.08129e-16  -0.00637239 -9.46445e-19   0.00345077  6.27673e-17   0.00385681  3.55179e-17   0.00139492  7.72503e-18  0.000164138
-5.27759e-16   -0.0336766    -1.58e-16    0.0148871  5.46536e-16    0.0392066  4.61405e-16      0.01424  -6.8228e-17   -0.0161463 -3.34272e-16   -0.0207772 -2.35692e-16  -0.00873558 -5.95368e-17  0.000271446  1.43225e-17   0.00157784  1.15755e-17  0.000469448  1.63571e-18
  -0.0336213 -5.77743e-16   -0.0248809 -6.40924e-17    0.0164512  4.61405e-16    0.0346786  3.97447e-16     0.013923 -3.90797e-17    -0.014094 -3.11199e-16   -0.0208291  -2.7347e-16   -0.0117597 -1.24146e-16  -0.00340163 -3.18585e-17 -0.000467162 -4.31896e-18 -2.12553e-05
-3.34351e-16   -0.0281468 -4.28002e-16   -0.0193137 -6.06854e-17      0.01424  3.97447e-16    0.0324446  3.94382e-16    0.0145675  4.88972e-18   -0.0122422  -2.9517e-16   -0.0209366 -3.04583e-16   -0.0140085 -1.60711e-16  -0.00526436 -4.62884e-17 -0.000993627 -5.06685e-18
 -0.00741663 -2.23056e-16   -0.0223196 -3.74509e-16   -0.0179437  -6.8228e-17     0.013923  3.94382e-16    0.0316266  4.20074e-16    0.0154565  4.56761e-17    -0.010077 -2.71711e-16   -0.0192371 -2.84875e-16   -0.0126343 -1.35344e-16  -0.00409469 -2.91076e-17 -0.000472436
 3.69205e-17  -0.00221529 -1.84116e-16   -0.0215562 -3.59319e-16   -0.0161463 -3.90797e-17    0.0145675  4.20074e-16    0.0313522  4.48541e-16    0.0170031  8.99109e-17  -0.00563508 -1.91243e-16   -0.0128778 -1.83898e-16  -0.00726894 -6.80663e-17  -0.00166828 -8.27159e-18
  0.00661085  7.87488e-17  -0.00318682 -1.93109e-16   -0.0212236 -3.34272e-16    -0.014094  4.88972e-18    0.0154565  4.48541e-16    0.0319093  4.81012e-16    0.0210222  1.86317e-16   0.00356293 -3.01207e-17  -0.00290838 -5.02645e-17  -0.00165476  -1.3899e-17 -0.000220399
 9.47191e-17     0.007416  6.56158e-17  -0.00472273 -2.08129e-16   -0.0207772 -3.11199e-16   -0.0122422  4.56761e-17    0.0170031  4.81012e-16    0.0350201  5.61753e-16    0.0295553  3.49576e-16    0.0149962  1.34738e-16   0.00485402  3.22566e-17  0.000877049  3.38441e-18
  0.00417355  1.05214e-16   0.00646941     4.07e-17  -0.00637239 -2.35692e-16   -0.0208291  -2.9517e-16    -0.010077  8.99109e-17    0.0210222  5.61753e-16    0.0425311  6.96884e-16    0.0390128  4.81803e-16    0.0212304  1.98351e-16   0.00651095  4.10897e-17  0.000756515
 2.73217e-17   0.00456141  1.05557e-16   0.00540775 -9.46445e-19  -0.00873558  -2.7347e-16   -0.0209366 -2.71711e-16  -0.00563508  1.86317e-16    0.0295553  6.96884e-16    0.0504652  7.77701e-16    0.0410284  4.69062e-16    0.0184973  1.51576e-16   0.00399195  1.79545e-17
 0.000376497  3.74513e-17   0.00503772    9.364e-17   0.00345077 -5.95368e-17   -0.0117597 -3.04583e-16   -0.0192371 -1.91243e-16   0.00356293  3.49576e-16    0.0390128  7.77701e-16    0.0501643  6.89698e-16     0.032298    3.233e-16    0.0107651  7.09569e-17   0.00128906
-5.51651e-18  0.000887693  4.81399e-17   0.00501089  6.27673e-17  0.000271446 -1.24146e-16   -0.0140085 -2.84875e-16   -0.0128778 -3.01207e-17    0.0149962  4.81803e-16    0.0410284  6.89698e-16    0.0385651  4.61141e-16     0.018572  1.56167e-16   0.00412306  1.88122e-17
-0.000441039  6.54414e-19   0.00162588  4.94891e-17   0.00385681  1.43225e-17  -0.00340163 -1.60711e-16   -0.0126343 -1.83898e-16  -0.00290838  1.34738e-16    0.0212304  4.69062e-16     0.032298  4.61141e-16     0.022125  2.25779e-16   0.00757814  5.04618e-17  0.000916614
-5.45731e-18 -0.000169307  9.13125e-18   0.00193199  3.55179e-17   0.00157784 -3.18585e-17  -0.00526436 -1.35344e-16  -0.00726894 -5.02645e-17   0.00485402  1.98351e-16    0.0184973    3.233e-16     0.018572  2.25779e-16   0.00918797  7.78966e-17   0.00206303  9.44858e-18
-0.000177681 -3.09195e-18  0.000225816  1.24665e-17   0.00139492  1.15755e-17 -0.000467162 -4.62884e-17  -0.00409469 -6.80663e-17  -0.00165476  3.22566e-17   0.00651095  1.51576e-16    0.0107651  1.56167e-16   0.00757814  7.78966e-17   0.00262613  1.75461e-17  0.000319077
-1.20358e-18 -8.86693e-05  3.53554e-19  0.000345673  7.72503e-18  0.000469448 -4.31896e-18 -0.000993627 -2.91076e-17  -0.00166828  -1.3899e-17  0.000877049  4.10897e-17   0.00399195  7.09569e-17   0.00412306  5.04618e-17   0.00206303  1.75461e-17  0.000465502  2.13484e-18
-1.93609e-05 -5.18885e-19  7.38039e-06  1.16042e-18  0.000164138  1.63571e-18 -2.12553e-05 -5.06685e-18 -0.000472436 -8.27159e-18 -0.000220399  3.38441e-18  0.000756515  1.79545e-17   0.00128906  1.88122e-17  0.000916614  9.44858e-18  0.000319077  2.13484e-18  3.88434e-05
