 4.34444e-06    1.952e-22 -4.37189e-05 -3.75229e-21  0.000158043  1.09263e-20  -0.00029939  7.70297e-22   0.00030009 -3.72568e-20 -9.08906e-05  4.94942e-20 -0.000117414 -1.60785e-20  9.95565e-05 -2.09687e-20  3.85342e-05  2.77016e-20 -5.99387e-05 -3.10997e-20 -1.60673e-05  5.99786e-20  3.04186e-05 -6.04716e-20   9.8019e-06  5.11093e-21 -1.31915e-05  3.35097e-20 -6.53806e-06 -2.27715e-20  4.35925e-06  4.15335e-21  3.69498e-06  2.25787e-21   -6.901e-07 -4.02506e-21 -1.53798e-06   2.8634e-21 -2.61716e-07  1.03537e-22   3.8618e-07 -7.28657e-22  2.13425e-07   -9.786e-24   -1.708e-08  3.10763e-23 -5.39159e-08  6.58407e-23 -1.78461e-08 -5.72306e-24  1.49246e-09  3.24372e-24   2.7079e-09 -5.74107e-24  7.80518e-10  2.29364e-25  7.30584e-11  2.37832e-25 -5.95568e-12  -6.3851e-26 -1.02112e-12
   1.952e-22  6.36514e-05  2.69485e-21 -0.000350783 -2.49537e-20  0.000910892   3.2153e-20   -0.0012912  6.23744e-20  0.000871488 -1.68015e-19  9.88005e-05  1.14885e-19 -0.000549403  2.66795e-20  0.000135829 -8.59037e-20  0.000271884  6.91968e-20 -0.000106918 -1.48138e-19 -0.000136191    2.678e-19  5.08929e-05 -1.59949e-19  6.96746e-05 -6.90428e-20  -1.4896e-05  1.21909e-19 -3.33893e-05 -4.50273e-20  -5.6405e-07  1.34492e-21  1.32241e-05   7.9964e-21  3.77582e-06 -1.34215e-20 -3.54305e-06  6.78266e-21 -2.37361e-06  2.40067e-21  2.50365e-07 -1.66334e-21  7.36024e-07 -4.81204e-22  2.15702e-07 -3.43488e-23 -7.19513e-08  1.44499e-22 -6.60471e-08  2.02655e-23 -1.47733e-08  1.56465e-23  1.79215e-09 -1.14314e-23  1.62475e-09  3.51813e-25  3.25384e-10  3.63985e-25  2.24271e-11 -7.32764e-26
-4.37189e-05  2.69485e-21  0.000444574  1.47068e-20  -0.00163167  -6.5407e-20   0.00316329 -4.44109e-20   -0.0033066  3.58901e-19   0.00118505 -4.03901e-19   0.00115494  5.13971e-20  -0.00118598  2.18543e-19  -0.00029025 -1.49181e-19  0.000701371  1.31241e-19  8.31077e-05 -5.26438e-19 -0.000362134   7.0074e-19  -5.3123e-05 -1.70123e-19  0.000168055 -3.06926e-19  4.63303e-05  2.32522e-19 -6.54352e-05 -4.03006e-20 -3.28443e-05 -4.59067e-21  1.78233e-05  1.78469e-20  1.69571e-05 -3.01364e-20 -1.11654e-06  8.06616e-21 -5.77255e-06  7.52751e-21 -1.65121e-06 -1.37234e-21  9.22345e-07 -1.27218e-21  7.28791e-07 -3.32163e-22    9.492e-08  1.05484e-22 -8.39356e-08  6.34558e-23 -4.33534e-08  3.69486e-23  -7.0037e-09 -1.43792e-23  4.95629e-10  1.78801e-24  2.97127e-10  4.82305e-25  2.31329e-11
-3.75229e-21 -0.000350783  1.47068e-20   0.00196255  3.62249e-20  -0.00521073  8.04778e-21   0.00765599 -5.69856e-19  -0.00559415  1.06096e-18 -6.53104e-05 -5.23984e-19    0.0032569 -3.91819e-19  -0.00122167  5.24552e-19  -0.00148713 -4.56372e-20   0.00090119  3.32333e-19   0.00070604 -1.37944e-18 -0.000468105  1.21616e-18  -0.00036533  1.26901e-19  0.000187224 -6.69141e-19  0.000190154   2.7036e-19 -4.77244e-05 -6.17795e-21 -8.78627e-05  6.58789e-22 -2.65937e-06   3.5813e-20  3.12359e-05 -5.03404e-20  1.01724e-05  1.39183e-21 -6.49071e-06  1.26941e-20 -5.11808e-06  1.27832e-21 -1.96234e-07 -1.52401e-21   1.0658e-06  -6.8702e-22  4.43974e-07 -1.35051e-22  5.63822e-09  6.90385e-23 -4.90727e-08  4.38675e-23 -1.62039e-08 -1.66168e-23 -1.95261e-09  3.94143e-24 -2.33148e-11  4.67457e-25
 0.000158043 -2.49537e-20  -0.00163167  3.62249e-20    0.0061214   3.6139e-21   -0.0122681  6.06758e-19    0.0135988 -1.97205e-18  -0.00595093  1.98282e-18  -0.00383072 -7.63681e-20    0.0052857  -1.3092e-18  0.000342079  6.24163e-19  -0.00299067   3.7932e-19  0.000243816   9.5053e-19   0.00153917 -2.68704e-18 -0.000133539  1.43042e-18  -0.00075377  7.77652e-19 -8.20819e-06 -9.45518e-19  0.000336262  1.81707e-19    6.187e-05  1.14503e-20 -0.000123529  2.36212e-20 -5.33846e-05    6.827e-20  2.99518e-05  -6.3259e-20  2.67232e-05 -1.40019e-20 -5.67659e-07  1.30725e-20 -7.61615e-06   5.0602e-21 -2.62762e-06 -4.95761e-22  6.33756e-07 -6.20422e-22  7.08323e-07 -4.38955e-22  1.77269e-07  1.75039e-23 -9.26056e-09  1.34007e-23 -1.38531e-08 -2.20782e-23 -2.64129e-09  4.22468e-24 -1.37718e-10
 1.09263e-20  0.000910892  -6.5407e-20  -0.00521073   3.6139e-21    0.0142911 -2.72576e-19   -0.0221003  2.25434e-18    0.0179466 -4.19625e-18  -0.00219105  2.47647e-18   -0.0090921  1.24745e-18   0.00525906   -2.368e-18   0.00346166  1.61525e-20  -0.00361991  1.02909e-18  -0.00137608  2.20015e-18   0.00196083 -4.01083e-18  0.000683918  1.04205e-18 -0.000915842  1.49347e-18 -0.000404258 -9.30271e-19  0.000353755   3.0392e-20  0.000233181  -4.1359e-20 -9.43125e-05   4.6844e-20 -0.000111485  1.14444e-19  3.35042e-06 -5.69636e-20  3.77993e-05 -3.14731e-20  1.13098e-05  6.23174e-21  -6.3172e-06  6.79406e-21 -5.02674e-06    1.516e-21 -6.28431e-07  1.72276e-22   5.9084e-07 -5.37749e-22  2.97328e-07 -2.24384e-23  4.87631e-08 -3.96838e-23 -1.28517e-09 -2.72458e-23 -1.10018e-09  2.19017e-24
 -0.00029939   3.2153e-20   0.00316329  8.04778e-21   -0.0122681 -2.72576e-19    0.0258263 -1.03626e-18   -0.0310954  5.00505e-18    0.0171259 -6.42571e-18   0.00536028  1.94816e-18    -0.012952  3.20316e-18   0.00220149  -2.8655e-18   0.00663863  -1.6101e-18  -0.00254068  1.52539e-18  -0.00323478   3.9171e-18   0.00151002 -4.75156e-18   0.00162268  1.74524e-19  -0.00065496   1.8588e-18 -0.000818432 -6.17977e-19  0.000182467 -5.74029e-20   0.00038049 -1.70699e-19  5.96931e-06  3.82753e-20 -0.000143248  1.59762e-19 -4.15627e-05 -2.68015e-20  3.42134e-05 -4.08884e-20  2.37567e-05  -5.6479e-21 -6.15545e-07  3.92332e-21 -5.71211e-06  3.31639e-21 -2.08857e-06  1.41851e-21  6.67173e-08 -2.87789e-22  2.53384e-07  4.49744e-23  7.37179e-08 -6.98087e-23  7.91539e-09 -2.40867e-23  1.46847e-10
 7.70297e-22   -0.0012912 -4.44109e-20   0.00765599  6.06758e-19   -0.0221003 -1.03626e-18    0.0369213  -2.3295e-18   -0.0345979  8.05631e-18     0.010364 -7.66888e-18    0.0133514  4.39109e-19   -0.0130426  5.07841e-18  -0.00267262 -2.12479e-18   0.00815637 -4.07327e-18 -0.000111311  1.50166e-18  -0.00439308  5.58637e-18  0.000315619 -4.62614e-18   0.00223164 -7.12349e-19 -4.76614e-05  1.68768e-18  -0.00105652 -1.79743e-19  -0.00012295 -4.67177e-22  0.000432035 -3.25467e-19  0.000142461 -2.40554e-20 -0.000129154  1.82098e-19 -8.70469e-05  2.14658e-20  1.46302e-05 -3.49423e-20  3.05697e-05 -1.75176e-20  7.43642e-06  -3.4439e-21  -3.9074e-06  3.67417e-21 -2.87947e-06  2.33712e-21 -5.68171e-07  1.83181e-22  6.95551e-08  2.20894e-22  4.84956e-08   -5.359e-23  6.70775e-09 -1.27683e-23
  0.00030009  6.23744e-20   -0.0033066 -5.69856e-19    0.0135988  2.25434e-18   -0.0310954  -2.3295e-18    0.0425143 -3.79541e-18   -0.0308323  1.02355e-17  0.000916764 -7.58192e-18    0.0181211 -1.50108e-18  -0.00965206  6.21912e-18  -0.00706602  7.95913e-20   0.00755997  -6.7629e-18   0.00254194  8.79426e-19  -0.00447751  6.70147e-18  -0.00110565 -3.80628e-18   0.00231924 -1.23662e-18  0.000670937  1.10272e-18   -0.0010445  2.11115e-19 -0.000456002  2.00953e-19  0.000369585 -4.35265e-19  0.000269175 -1.36954e-19 -7.14261e-05   1.6534e-19 -0.000116325  7.45864e-20 -1.50411e-05 -1.24383e-20  2.82041e-05  -2.4342e-20  1.45134e-05 -1.25833e-20 -1.89533e-07  2.04314e-21 -2.49394e-06  2.10751e-21 -9.20319e-07  5.47931e-22 -1.12778e-07   3.7546e-22  6.60883e-09 -1.73197e-23  1.68999e-09
-3.72568e-20  0.000871488  3.58901e-19  -0.00559415 -1.97205e-18    0.0179466  5.00505e-18   -0.0345979 -3.79541e-18    0.0404267 -4.87216e-18   -0.0227043  1.09628e-17  -0.00672007 -6.54517e-18    0.0187387 -3.46042e-18  -0.00506077  6.43287e-18  -0.00962605  3.34407e-18    0.0056713 -8.97787e-18   0.00456632 -1.60355e-19  -0.00374853  7.01434e-18  -0.00232335 -2.63651e-18   0.00197102 -1.34296e-18   0.00130312  3.20007e-19 -0.000819529  4.77784e-19 -0.000731047  4.99115e-19  0.000216392  -4.5249e-19  0.000352712 -2.75862e-19  1.38325e-05  1.06752e-19 -0.000120093  1.16569e-19 -4.56782e-05  2.21735e-20  1.68554e-05 -2.27953e-20  1.77128e-05 -1.96267e-20  3.88679e-06 -1.11821e-21 -1.09956e-06  4.69383e-22 -7.94592e-07  5.28409e-22 -1.68789e-07  3.74985e-22 -1.26122e-08  2.51095e-24
-9.08906e-05 -1.68015e-19   0.00118505  1.06096e-18  -0.00595093 -4.19625e-18    0.0171259  8.05631e-18   -0.0308323 -4.87216e-18    0.0333828 -5.26867e-18   -0.0150669  1.05876e-17   -0.0105602 -5.08763e-18    0.0169692  -5.5195e-18   -0.0011933  5.97038e-18   -0.0105397  6.84133e-18   0.00348777 -1.02302e-17    0.0057955 -1.35281e-18  -0.00263189  6.52657e-18  -0.00318254 -1.34625e-18   0.00136007 -1.20144e-18    0.0017571  -5.3336e-19 -0.000457194  6.06625e-19 -0.000903923  8.35111e-19  1.06209e-05  -3.6551e-19  0.000377398 -4.07224e-19  0.000106273  1.37226e-20  -9.7184e-05  1.33159e-19 -6.85615e-05  6.07934e-20 -1.87972e-07 -1.20291e-20  1.56948e-05 -2.11598e-20  6.57746e-06 -4.39315e-21  5.59697e-07 -1.90837e-21 -3.39724e-07  1.60632e-22  -1.0354e-07  2.35799e-22 -7.68494e-09
 4.94942e-20  9.88005e-05 -4.03901e-19 -6.53104e-05  1.98282e-18  -0.00219105 -6.42571e-18     0.010364  1.02355e-17   -0.0227043 -5.26867e-18    0.0263156 -5.16629e-18   -0.0105451  9.87326e-18   -0.0117119 -3.40204e-18     0.014853 -8.00374e-18   0.00153622  5.27235e-18   -0.0105801    9.801e-18   0.00147155 -1.03694e-17   0.00641706 -2.46062e-18  -0.00139745  5.43299e-18  -0.00369184 -4.91286e-21  0.000623642 -9.85161e-19   0.00201067 -1.40721e-18 -2.81329e-05  5.86928e-19 -0.000960771  1.15237e-18 -0.000209841 -1.84757e-19  0.000341691 -4.97265e-19  0.000187025  -1.0211e-19 -5.28198e-05  1.16121e-19 -7.75903e-05  9.35459e-20 -1.79096e-05  5.64975e-21  9.10343e-06 -1.55333e-20   6.7733e-06 -6.01313e-21  1.60963e-06 -3.71632e-21  8.36579e-08 -2.15521e-22 -2.08882e-08   8.8245e-23
-0.000117414  1.14885e-19   0.00115494 -5.23984e-19  -0.00383072  2.47647e-18   0.00536028 -7.66888e-18  0.000916764  1.09628e-17   -0.0150669 -5.16629e-18    0.0220526 -4.95877e-18  -0.00851241  9.44235e-18   -0.0120469 -1.35114e-18    0.0131316 -1.10617e-17   0.00354066   4.7106e-18   -0.0102261  1.18656e-17 -0.000315123 -9.56347e-18   0.00660813 -3.36054e-18 -0.000169165  4.06556e-18   -0.0038961  1.39375e-18 -0.000146258 -7.47136e-19   0.00207139 -2.24415e-18  0.000410549  3.95888e-19 -0.000905915  1.40059e-18 -0.000412702  7.27197e-20  0.000253898  -5.1682e-19  0.000241503 -2.25283e-19  3.59757e-06  6.66623e-20 -7.03862e-05  1.10627e-19 -3.11201e-05  2.46183e-20  3.20314e-07 -3.98103e-21  4.56366e-06 -5.01842e-21  1.61422e-06 -3.98009e-21  2.24224e-07 -3.17149e-22  8.33762e-09
-1.60785e-20 -0.000549403  5.13971e-20    0.0032569 -7.63681e-20   -0.0090921  1.94816e-18    0.0133514 -7.58192e-18  -0.00672007  1.05876e-17   -0.0105451 -4.95877e-18    0.0201363 -5.00507e-18  -0.00730038    9.688e-18   -0.0123749   1.1093e-18    0.0116503 -1.45163e-17   0.00513872  4.41921e-18  -0.00962143  1.30526e-17   -0.0018808 -8.15004e-18   0.00647214 -4.12483e-18  0.000983068  2.72439e-18  -0.00384279   2.8549e-18 -0.000884885 -4.20039e-19   0.00196124 -2.95593e-18  0.000814821  1.77457e-20 -0.000754827  1.53642e-18 -0.000573117  3.81733e-19  0.000128676  -4.4877e-19  0.000260712 -3.33897e-19  6.06757e-05 -3.51837e-21  -4.8578e-05  1.05057e-19 -3.59493e-05  3.75612e-20  -7.3732e-06  9.16466e-21   1.2609e-06 -2.14913e-21  8.75402e-07 -2.88567e-21  1.35721e-07 -1.88717e-22
 9.95565e-05  2.66795e-20  -0.00118598 -3.91819e-19    0.0052857  1.24745e-18    -0.012952  4.39109e-19    0.0181211 -6.54517e-18   -0.0105602  9.87326e-18  -0.00851241 -5.00507e-18    0.0189807 -5.64344e-18  -0.00614154  1.09084e-17   -0.0126327  3.57856e-18    0.0102436 -1.79644e-17    0.0064041  4.27493e-18  -0.00883858  1.35227e-17  -0.00321707 -6.41437e-18   0.00609071 -4.98177e-18   0.00201451  1.48625e-18  -0.00358172  4.31955e-18  -0.00154806  1.09758e-19   0.00170965 -3.45162e-18   0.00115291 -5.29036e-19 -0.000529326  1.52256e-18 -0.000674129     6.98e-19 -1.57887e-05 -2.98623e-19  0.000241678 -4.02127e-19   0.00010707 -7.47026e-20 -1.74196e-05  7.61046e-20 -3.10784e-05  3.90531e-20 -1.11026e-05  1.83301e-20 -1.31248e-06   6.3189e-22  1.27888e-07 -1.46657e-21  2.82358e-08
-2.09687e-20  0.000135829  2.18543e-19  -0.00122167  -1.3092e-18   0.00525906  3.20316e-18   -0.0130426 -1.50108e-18    0.0187387 -5.08763e-18   -0.0117119  9.44235e-18  -0.00730038 -5.64344e-18    0.0178464 -7.14847e-18  -0.00510369  1.33222e-17   -0.0127149  5.43407e-18   0.00893592 -2.09231e-17   0.00737553  3.99419e-18  -0.00795837  1.34787e-17  -0.00433119 -4.45494e-18   0.00553514 -6.13296e-18   0.00290371  2.08888e-19  -0.00315987  5.62446e-18  -0.00210814  9.00684e-19   0.00134823 -3.66139e-18    0.0014035 -1.17037e-18 -0.000254278  1.33573e-18 -0.000706297  9.58813e-19 -0.000159973 -9.92589e-20  0.000187376 -4.09807e-19  0.000133374 -1.25345e-19  1.52234e-05  3.13697e-20 -1.84655e-05  2.90715e-20 -9.85442e-06   2.0183e-20 -2.04533e-06  1.84047e-21  -1.5752e-07 -5.03697e-22
 3.85342e-05 -8.59037e-20  -0.00029025  5.24552e-19  0.000342079   -2.368e-18   0.00220149  5.07841e-18  -0.00965206 -3.46042e-18    0.0169692 -3.40204e-18   -0.0120469    9.688e-18  -0.00614154 -7.14847e-18    0.0168143 -9.53647e-18  -0.00429769  1.68877e-17   -0.0126916  6.42235e-18   0.00775956 -2.29534e-17   0.00812199  3.25043e-18  -0.00703559  1.31895e-17  -0.00524688  -2.2272e-18   0.00485833 -7.56226e-18     0.003644 -1.26197e-18  -0.00261745  6.53637e-18  -0.00254877  1.88749e-18  0.000907918 -3.54531e-18   0.00155355 -1.77854e-18  4.43357e-05  9.87163e-19 -0.000667169   1.1037e-18  -0.00028478   9.8601e-20  0.000106335 -3.51714e-19  0.000133886 -1.39938e-19  4.05638e-05 -1.45834e-20 -3.14706e-06  1.35584e-20 -5.27093e-06  1.59248e-20 -1.30949e-06  1.58698e-21  -9.5454e-08
 2.77016e-20  0.000271884 -1.49181e-19  -0.00148713  6.24163e-19   0.00346166  -2.8655e-18  -0.00267262  6.21912e-18  -0.00506077  -5.5195e-18     0.014853 -1.35114e-18   -0.0123749  1.09084e-17  -0.00510369 -9.53647e-18    0.0160062 -1.25196e-17  -0.00365648  2.10836e-17   -0.0126349   6.8881e-18   0.00669547 -2.37524e-17       0.0087  1.79988e-18  -0.00609672  1.29351e-17  -0.00598773  3.00438e-19   0.00409781 -8.97903e-18   0.00423535 -2.89555e-18  -0.00198827  6.85729e-18  -0.00286091  2.89087e-18  0.000418239 -3.10399e-18   0.00159673 -2.21141e-18   0.00034055  5.36125e-19 -0.000560847  1.10106e-18 -0.000373148  2.47047e-19  1.18915e-05 -2.38712e-19  0.000108208 -1.14476e-19  5.13379e-05 -4.55936e-20  8.50843e-06  8.22747e-22 -6.98879e-07   9.7894e-21 -3.60108e-07  8.33486e-22
-5.99387e-05  6.91968e-20  0.000701371 -4.56372e-20  -0.00299067  1.61525e-20   0.00663863 -2.12479e-18  -0.00706602  6.43287e-18   -0.0011933 -8.00374e-18    0.0131316   1.1093e-18   -0.0126327  1.33222e-17  -0.00429769 -1.25196e-17    0.0153635 -1.56591e-17  -0.00310554  2.49247e-17   -0.0125596  7.38101e-18   0.00572092 -2.32111e-17   0.00914423 -3.76753e-19  -0.00515727  1.28414e-17  -0.00657369  2.99948e-18   0.00328136 -9.94325e-18   0.00468103 -4.45913e-18  -0.00130092  6.52287e-18  -0.00304041  3.69402e-18  -9.2876e-05 -2.39046e-18    0.0015323 -2.37402e-18  0.000609157  7.32249e-20  -0.00039774  9.58527e-19 -0.000411729  3.19298e-19 -7.90868e-05 -9.17869e-20  6.24298e-05 -5.72489e-20  4.49048e-05   -5.203e-20  1.21966e-05 -4.27849e-21  1.37821e-06  5.04778e-21  2.84707e-08
-3.10997e-20 -0.000106918  1.31241e-19   0.00090119   3.7932e-19  -0.00361991  -1.6101e-18   0.00815637  7.95913e-20  -0.00962605  5.97038e-18   0.00153622 -1.10617e-17    0.0116503  3.57856e-18   -0.0127149  1.68877e-17  -0.00365648 -1.56591e-17     0.014817 -1.84699e-17  -0.00262607  2.73082e-17   -0.0124696   8.1359e-18   0.00482409 -2.14626e-17   0.00948104 -3.01526e-18  -0.00422715  1.27885e-17  -0.00702234  5.54565e-18   0.00242957 -1.01002e-17   0.00498575 -5.66473e-18 -0.000579854  5.62382e-18  -0.00308639  4.13742e-18 -0.000598793 -1.50615e-18   0.00136459 -2.26171e-18  0.000826369 -3.22253e-19 -0.000194423  7.08654e-19 -0.000392843  3.13964e-19 -0.000148346  6.23907e-20  9.33443e-06  1.29102e-20  2.58497e-05 -3.76085e-20  8.71699e-06 -3.48341e-21  1.13281e-06  2.10111e-21
-1.60673e-05 -1.48138e-19  8.31077e-05  3.32333e-19  0.000243816  1.02909e-18  -0.00254068 -4.07327e-18   0.00755997  3.34407e-18   -0.0105397  5.27235e-18   0.00354066 -1.45163e-17    0.0102436  5.43407e-18   -0.0126916  2.10836e-17  -0.00310554 -1.84699e-17    0.0143516 -2.04205e-17  -0.00220936  2.74794e-17   -0.0123753  8.96299e-18   0.00399382 -1.88886e-17   0.00973194 -5.67586e-18  -0.00331096  1.25027e-17  -0.00734835  7.53981e-18   0.00155756 -9.36801e-18   0.00515424 -6.34582e-18  0.000153416  4.34756e-18  -0.00300032  4.18646e-18  -0.00107372 -5.71225e-19   0.00110293 -1.95223e-18  0.000970665 -6.17347e-19  2.65474e-05   3.8458e-19 -0.000316753  2.44957e-19 -0.000179663  1.90269e-19 -3.38703e-05  7.00367e-20   5.0467e-06 -1.76278e-20  3.13686e-06 -1.74592e-21  3.26405e-07
 5.99786e-20 -0.000136191 -5.26438e-19   0.00070604   9.5053e-19  -0.00137608  1.52539e-18 -0.000111311  -6.7629e-18    0.0056713  6.84133e-18   -0.0105801   4.7106e-18   0.00513872 -1.79644e-17   0.00893592  6.42235e-18   -0.0126349  2.49247e-17  -0.00262607 -2.04205e-17    0.0139613 -2.10064e-17  -0.00184073   2.5329e-17   -0.0122835  9.53694e-18   0.00321829 -1.60163e-17   0.00991282 -7.94185e-18  -0.00240995  1.17569e-17  -0.00756312  8.72549e-18  0.000676825 -7.95468e-18   0.00519049 -6.54409e-18  0.000879131  2.89023e-18  -0.00278557  3.94295e-18  -0.00149228  3.17622e-19  0.000762093 -1.55042e-18   0.00102409  -8.2133e-19  0.000237227  1.08295e-20 -0.000194064  1.28189e-19 -0.000164238  2.54963e-19 -5.23823e-05  9.15459e-20 -6.97369e-06 -6.08982e-21 -6.36182e-08 -1.13259e-21
 3.04186e-05    2.678e-19 -0.000362134 -1.37944e-18   0.00153917  2.20015e-18  -0.00323478  1.50166e-18   0.00254194 -8.97787e-18   0.00348777    9.801e-18   -0.0102261  4.41921e-18    0.0064041 -2.09231e-17   0.00775956   6.8881e-18   -0.0125596  2.73082e-17  -0.00220936 -2.10064e-17    0.0136337 -1.99604e-17  -0.00150875  2.14182e-17   -0.0121975  9.72118e-18   0.00248718 -1.33415e-17    0.0100353 -9.57261e-18  -0.00152351  1.05303e-17  -0.00767506  9.15743e-18 -0.000203451 -6.21262e-18   0.00509743 -6.47081e-18   0.00157817  1.39605e-18   -0.0024476  3.58985e-18   -0.0018292  1.11193e-18   0.00036308 -1.12177e-18  0.000974312 -9.46431e-19  0.000405911 -3.80567e-19 -4.78816e-05 -1.94405e-20  -0.00010799  2.37581e-19 -4.36435e-05  7.51804e-20 -7.85733e-06  -3.9346e-21 -4.70839e-07
-6.04716e-20  5.08929e-05   7.0074e-19 -0.000468105 -2.68704e-18   0.00196083   3.9171e-18  -0.00439308  8.79426e-19   0.00456632 -1.02302e-17   0.00147155  1.18656e-17  -0.00962143  4.27493e-18   0.00737553 -2.29534e-17   0.00669547  7.38101e-18   -0.0124696  2.74794e-17  -0.00184073 -1.99604e-17    0.0133591 -1.74646e-17  -0.00120601  1.67813e-17   -0.0121196  9.67978e-18   0.00179141 -1.12003e-17    0.0101079 -1.05664e-17 -0.000649795  9.03266e-18   -0.0076898  9.19447e-18  -0.00107531  -4.4496e-18   0.00487688 -6.38567e-18   0.00223098 -5.04804e-20  -0.00199445  3.28802e-18  -0.00205939  1.79787e-18 -6.57925e-05 -6.57701e-19  0.000817797 -9.72136e-19  0.000500425 -7.25325e-19  8.58864e-05 -1.64933e-19 -3.55936e-05   1.6214e-19 -2.09086e-05  4.29414e-20 -3.59071e-06 -3.30292e-21
  9.8019e-06 -1.59949e-19  -5.3123e-05  1.21616e-18 -0.000133539 -4.01083e-18   0.00151002  5.58637e-18  -0.00447751 -1.60355e-19    0.0057955 -1.03694e-17 -0.000315123  1.30526e-17  -0.00883858  3.99419e-18   0.00812199 -2.37524e-17   0.00572092   8.1359e-18   -0.0123753   2.5329e-17  -0.00150875 -1.74646e-17     0.013132  -1.4198e-17 -0.000926176   1.2587e-17   -0.0120515  9.77158e-18   0.00112259 -9.75136e-18    0.0101364 -1.11488e-17  0.000213705  7.58185e-18  -0.00761026  9.30507e-18  -0.00193107  -2.8147e-18   0.00452959 -6.46612e-18   0.00281663 -1.39793e-18  -0.00143791  3.07784e-18  -0.00215854  2.35649e-18 -0.000487728  -9.8612e-20  0.000564007 -8.49437e-19    0.0004945  -9.2679e-19  0.000166104 -2.53521e-19  1.90319e-05  8.48416e-20 -2.62487e-06  1.91587e-20 -5.61042e-07
 5.11093e-21  6.96746e-05 -1.70123e-19  -0.00036533  1.43042e-18  0.000683918 -4.75156e-18  0.000315619  6.70147e-18  -0.00374853 -1.35281e-18   0.00641706 -9.56347e-18   -0.0018808  1.35227e-17  -0.00795837  3.25043e-18       0.0087 -2.32111e-17   0.00482409  8.96299e-18   -0.0122835  2.14182e-17  -0.00120601  -1.4198e-17    0.0129475 -1.11514e-17 -0.000663758  9.75948e-18   -0.0119944  1.03338e-17  0.000472953  -9.0199e-18    0.0101244 -1.16783e-17   0.00106979  6.41363e-18  -0.00743686  9.80387e-18  -0.00276241  -1.3024e-18   0.00405571 -6.72807e-18   0.00331182  -2.6044e-18 -0.000795096  2.84649e-18  -0.00210465  2.73499e-18 -0.000857072  5.93002e-19  0.000240659 -5.46984e-19  0.000381127 -9.06044e-19  0.000167978 -2.44193e-19  3.59725e-05  4.39646e-20  3.26135e-06  8.21287e-21
-1.31915e-05 -6.90428e-20  0.000168055  1.26901e-19  -0.00075377  1.04205e-18   0.00162268 -4.62614e-18  -0.00110565  7.01434e-18  -0.00263189 -2.46062e-18   0.00660813 -8.15004e-18  -0.00321707  1.34787e-17  -0.00703559  1.79988e-18   0.00914423 -2.14626e-17   0.00399382  9.53694e-18   -0.0121975  1.67813e-17 -0.000926176 -1.11514e-17    0.0128019 -9.26688e-18 -0.000414182  8.70466e-18   -0.0119487  1.14898e-17 -0.000164769 -8.92761e-18    0.0100736 -1.24758e-17    0.0019212  5.54081e-18  -0.00716752  1.06912e-17  -0.00355945  1.63952e-19    0.0034553 -7.02869e-18   0.00369012 -3.63433e-18 -9.06999e-05  2.38379e-18  -0.00188126  2.85422e-18  -0.00112061  1.35162e-18 -9.88408e-05 -1.12209e-19  0.000192238 -6.81937e-19  0.000106906 -1.59441e-19  2.40921e-05  3.05264e-20  1.82063e-06
 3.35097e-20  -1.4896e-05 -3.06926e-19  0.000187224  7.77652e-19 -0.000915842  1.74524e-19   0.00223164 -3.80628e-18  -0.00232335  6.52657e-18  -0.00139745 -3.36054e-18   0.00647214 -6.41437e-18  -0.00433119  1.31895e-17  -0.00609672 -3.76753e-19   0.00948104 -1.88886e-17   0.00321829  9.72118e-18   -0.0121196   1.2587e-17 -0.000663758 -9.26688e-18    0.0126925  -9.0578e-18 -0.000173435  9.25442e-18   -0.0119148  1.30963e-17 -0.000797534 -9.28031e-18   0.00998372  -1.3656e-17   0.00277035  4.74536e-18  -0.00679774  1.16967e-17   -0.0043098  1.64149e-18   0.00272942 -7.14034e-18   0.00392152 -4.46212e-18  0.000639755  1.49417e-18  -0.00148309  2.63843e-18  -0.00122055  1.97711e-18 -0.000371432  3.00137e-19  3.47356e-06 -3.94221e-19  3.34725e-05 -7.24873e-20  7.53363e-06  1.82203e-20
-6.53806e-06  1.21909e-19  4.63303e-05 -6.69141e-19 -8.20819e-06  1.49347e-18  -0.00065496 -7.12349e-19   0.00231924 -2.63651e-18  -0.00318254  5.43299e-18 -0.000169165 -4.12483e-18   0.00609071 -4.45494e-18  -0.00524688  1.29351e-17  -0.00515727 -3.01526e-18   0.00973194 -1.60163e-17   0.00248718  9.67978e-18   -0.0120515  9.75948e-18 -0.000414182  -9.0578e-18    0.0126173 -1.04062e-17  6.21478e-05  1.08218e-17   -0.0118926  1.48531e-17  -0.00143214  -9.7551e-18    0.0098527 -1.50749e-17   0.00361894  3.71202e-18  -0.00632063  1.24775e-17   -0.0049973  3.12547e-18   0.00188173 -6.84068e-18   0.00397218 -5.06838e-18   0.00134599  1.03088e-19 -0.000923006  2.03927e-18  -0.00110547  2.20363e-18 -0.000487028  4.95791e-19 -0.000104372 -2.00809e-19 -7.90165e-06 -3.01984e-20    2.418e-07
-2.27715e-20 -3.33893e-05  2.32522e-19  0.000190154 -9.45518e-19 -0.000404258   1.8588e-18 -4.76614e-05 -1.23662e-18   0.00197102 -1.34625e-18  -0.00369184  4.06556e-18  0.000983068 -4.98177e-18   0.00553514  -2.2272e-18  -0.00598773  1.28414e-17  -0.00422715 -5.67586e-18   0.00991282 -1.33415e-17   0.00179141  9.77158e-18   -0.0119944  8.70466e-18 -0.000173435 -1.04062e-17    0.0125749 -1.26609e-17  0.000296008  1.26689e-17    -0.011882  1.64814e-17  -0.00207535 -9.95135e-18   0.00967653 -1.64318e-17   0.00446758   2.2242e-18  -0.00572697  1.28117e-17  -0.00560059   4.5708e-18  0.000920619 -5.96095e-18   0.00380528 -5.43668e-18   0.00196074 -1.68329e-18 -0.000244534  1.07142e-18   -0.0007671  1.88317e-18 -0.000411076  4.01907e-19  -0.00010781 -1.37415e-19 -1.28866e-05 -1.72478e-20
 4.35925e-06 -4.50273e-20 -6.54352e-05   2.7036e-19  0.000336262 -9.30271e-19 -0.000818432  1.68768e-18  0.000670937 -1.34296e-18   0.00136007 -4.91286e-21   -0.0038961  2.72439e-18   0.00201451 -6.13296e-18   0.00485833  3.00438e-19  -0.00657369  1.27885e-17  -0.00331096 -7.94185e-18    0.0100353 -1.12003e-17   0.00112259  1.03338e-17   -0.0119487  9.25442e-18  6.21478e-05 -1.26609e-17    0.0125646  -1.4992e-17  0.000531502  1.41704e-17   -0.0118823  1.78444e-17  -0.00273406 -9.51758e-18   0.00944909 -1.74579e-17   0.00531526  2.92636e-19   -0.0050052   1.2665e-17  -0.00609167  5.94929e-18 -0.000137367 -4.39577e-18   0.00338585 -5.55365e-18    0.0023971 -3.55553e-18  0.000449899 -9.43018e-20 -0.000295962  1.17466e-18 -0.000215536  1.59707e-19 -5.57235e-05 -1.17813e-19 -4.72208e-06
 4.15335e-21  -5.6405e-07 -4.03006e-20 -4.77244e-05  1.81707e-19  0.000353755 -6.17977e-19  -0.00105652  1.10272e-18   0.00130312 -1.20144e-18  0.000623642  1.39375e-18  -0.00384279  1.48625e-18   0.00290371 -7.56226e-18   0.00409781  2.99948e-18  -0.00702234  1.25027e-17  -0.00240995 -9.57261e-18    0.0101079 -9.75136e-18  0.000472953  1.14898e-17   -0.0119148  1.08218e-17  0.000296008  -1.4992e-17    0.0125864 -1.67903e-17  0.000772035  1.49791e-17    -0.011893  1.89532e-17  -0.00341541 -8.29454e-18   0.00916178 -1.80632e-17   0.00615862 -1.86644e-18   -0.0041421  1.21209e-17  -0.00643404  7.28234e-18  -0.00126044 -2.13097e-18   0.00268753  -5.3729e-18      0.00254  -5.0043e-18  0.000977503 -1.06142e-18  0.000118241  5.01583e-19  -3.6544e-05 -1.01196e-20 -1.21075e-05 -6.95437e-20
 3.69498e-06  1.34492e-21 -3.28443e-05 -6.17795e-21    6.187e-05   3.0392e-20  0.000182467 -1.79743e-19   -0.0010445  3.20007e-19    0.0017571 -9.85161e-19 -0.000146258   2.8549e-18  -0.00358172  2.08888e-19     0.003644 -8.97903e-18   0.00328136  5.54565e-18  -0.00734835  1.17569e-17  -0.00152351 -1.05664e-17    0.0101364  -9.0199e-18 -0.000164769  1.30963e-17   -0.0118926  1.26689e-17  0.000531502 -1.67903e-17    0.0126406 -1.78788e-17   0.00102119  1.50443e-17   -0.0119128  1.98901e-17  -0.00412693 -6.39732e-18   0.00880319 -1.83487e-17    0.0069906   -3.969e-18  -0.00312365  1.12456e-17  -0.00657873  8.61067e-18  -0.00239401  7.07238e-19   0.00169655 -4.73864e-18   0.00226029 -5.44699e-18   0.00113852 -1.38107e-18  0.000304728  2.02348e-19  4.01138e-05  -3.3247e-20  1.58064e-06
 2.25787e-21  1.32241e-05 -4.59067e-21 -8.78627e-05  1.14503e-20  0.000233181 -5.74029e-20  -0.00012295  2.11115e-19 -0.000819529  -5.3336e-19   0.00201067 -7.47136e-19 -0.000884885  4.31955e-18  -0.00315987 -1.26197e-18   0.00423535 -9.94325e-18   0.00242957  7.53981e-18  -0.00756312  1.05303e-17 -0.000649795 -1.11488e-17    0.0101244 -8.92761e-18 -0.000797534  1.48531e-17    -0.011882  1.41704e-17  0.000772035 -1.78788e-17    0.0127282 -1.84477e-17   0.00128287  1.45083e-17   -0.0119402  2.07247e-17  -0.00487654 -4.19102e-18   0.00835807 -1.84867e-17   0.00779861 -5.82173e-18  -0.00193483  9.97406e-18  -0.00646267  9.93626e-18  -0.00345891  3.84063e-18  0.000439751 -3.43594e-18    0.0015165 -4.60234e-18  0.000882725 -9.59992e-19  0.000254888  2.25738e-19   3.4121e-05  1.57377e-21
  -6.901e-07   7.9964e-21  1.78233e-05  6.58789e-22 -0.000123529  -4.1359e-20   0.00038049 -4.67177e-22 -0.000456002  4.77784e-19 -0.000457194 -1.40721e-18   0.00207139 -4.20039e-19  -0.00154806  5.62446e-18  -0.00261745 -2.89555e-18   0.00468103 -1.01002e-17   0.00155756  8.72549e-18  -0.00767506  9.03266e-18  0.000213705 -1.16783e-17    0.0100736 -9.28031e-18  -0.00143214  1.64814e-17   -0.0118823  1.49791e-17   0.00102119 -1.84477e-17    0.0128508 -1.88074e-17   0.00156146  1.35838e-17    -0.011973  2.14655e-17  -0.00567293 -2.15477e-18   0.00780636 -1.85704e-17   0.00856396 -7.43963e-18 -0.000563222  8.11045e-18  -0.00601659  1.11673e-17  -0.00433195   6.8204e-18 -0.000918138 -1.53667e-18   0.00050772 -2.89698e-18  0.000410696 -2.38935e-19  0.000113009  2.71085e-19  1.01162e-05
-4.02506e-21  3.77582e-06  1.78469e-20 -2.65937e-06  2.36212e-20 -9.43125e-05 -1.70699e-19  0.000432035  2.00953e-19 -0.000731047  6.06625e-19 -2.81329e-05 -2.24415e-18   0.00196124  1.09758e-19  -0.00210814  6.53637e-18  -0.00198827 -4.45913e-18   0.00498575 -9.36801e-18  0.000676825  9.15743e-18   -0.0076898  7.58185e-18   0.00106979 -1.24758e-17   0.00998372  -9.7551e-18  -0.00207535  1.78444e-17    -0.011893  1.50443e-17   0.00128287 -1.88074e-17    0.0130109 -1.91471e-17   0.00186215  1.24968e-17   -0.0120081  2.20593e-17  -0.00652578 -6.66438e-19   0.00712374 -1.85359e-17    0.0092574 -9.08331e-18    0.0009865  5.46293e-18  -0.00516081  1.19911e-17  -0.00478058  8.91747e-18  -0.00198976  2.58831e-19 -0.000340718  -1.3229e-18  3.06906e-05  2.13787e-19  1.76762e-05  1.76576e-19
-1.53798e-06 -1.34215e-20  1.69571e-05   3.5813e-20 -5.33846e-05   4.6844e-20  5.96931e-06 -3.25467e-19  0.000369585  4.99115e-19 -0.000903923  5.86928e-19  0.000410549 -2.95593e-18   0.00170965  9.00684e-19  -0.00254877  6.85729e-18  -0.00130092 -5.66473e-18   0.00515424 -7.95468e-18 -0.000203451  9.19447e-18  -0.00761026  6.41363e-18    0.0019212  -1.3656e-17    0.0098527 -9.95135e-18  -0.00273406  1.89532e-17   -0.0119128  1.45083e-17   0.00156146 -1.91471e-17    0.0132117 -1.94532e-17   0.00219094  1.14825e-17   -0.0120417  2.24386e-17  -0.00744383  2.20093e-19   0.00627923 -1.81751e-17   0.00982505 -1.11638e-17   0.00268981  1.96021e-18  -0.00376993  1.17214e-17  -0.00445863  9.19072e-18  -0.00232048  9.53136e-19 -0.000678202 -6.09301e-19 -0.000104992  2.46516e-19 -5.76911e-06
  2.8634e-21 -3.54305e-06 -3.01364e-20  3.12359e-05    6.827e-20 -0.000111485  3.82753e-20  0.000142461 -4.35265e-19  0.000216392  8.35111e-19 -0.000960771  3.95888e-19  0.000814821 -3.45162e-18   0.00134823  1.88749e-18  -0.00286091  6.52287e-18 -0.000579854 -6.34582e-18   0.00519049 -6.21262e-18  -0.00107531  9.30507e-18  -0.00743686  5.54081e-18   0.00277035 -1.50749e-17   0.00967653 -9.51758e-18  -0.00341541  1.98901e-17   -0.0119402  1.35838e-17   0.00186215 -1.94532e-17    0.0134573 -1.96138e-17   0.00255481  1.07549e-17   -0.0120667   2.2599e-17  -0.00843567  9.10446e-19   0.00522452 -1.72139e-17    0.0101886 -1.40135e-17   0.00452628 -2.33118e-18    -0.001721  9.57379e-18  -0.00316319  7.16298e-18   -0.0017927  2.47655e-19 -0.000530588  -5.8893e-19 -7.41947e-05  9.20775e-20
-2.61716e-07  6.78266e-21 -1.11654e-06 -5.03404e-20  2.99518e-05  1.14444e-19 -0.000143248 -2.40554e-20  0.000269175  -4.5249e-19  1.06209e-05  1.15237e-18 -0.000905915  1.77457e-20   0.00115291 -3.66139e-18  0.000907918  2.89087e-18  -0.00304041  5.62382e-18  0.000153416 -6.54409e-18   0.00509743  -4.4496e-18  -0.00193107  9.80387e-18  -0.00716752  4.74536e-18   0.00361894 -1.64318e-17   0.00944909 -8.29454e-18  -0.00412693  2.07247e-17    -0.011973  1.24968e-17   0.00219094 -1.96138e-17     0.013753 -1.95859e-17   0.00296414  1.04127e-17   -0.0120726  2.26409e-17  -0.00951771  2.20776e-18   0.00390067 -1.54679e-17    0.0102734 -1.75486e-17   0.00641786  -6.9974e-18   0.00082122  5.63271e-18  -0.00123194  3.68449e-18 -0.000834545 -9.77404e-19 -0.000224319 -6.04884e-19 -2.01747e-05
 1.03537e-22 -2.37361e-06  8.06616e-21  1.01724e-05  -6.3259e-20  3.35042e-06  1.59762e-19 -0.000129154 -1.36954e-19  0.000352712  -3.6551e-19 -0.000209841  1.40059e-18 -0.000754827 -5.29036e-19    0.0014035 -3.54531e-18  0.000418239  3.69402e-18  -0.00308639  4.34756e-18  0.000879131 -6.47081e-18   0.00487688  -2.8147e-18  -0.00276241  1.06912e-17  -0.00679774  3.71202e-18   0.00446758 -1.74579e-17   0.00916178 -6.39732e-18  -0.00487654  2.14655e-17   -0.0120081  1.14825e-17   0.00255481 -1.95859e-17    0.0141069 -1.94568e-17    0.0034323  1.03327e-17   -0.0120533  2.27191e-17   -0.0107034  4.97099e-18   0.00227399 -1.29449e-17   0.00995625 -2.08243e-17   0.00797389 -1.07715e-17   0.00311681  1.58309e-18  0.000472218  6.89718e-19 -7.59832e-05 -1.55473e-18   -3.295e-05 -3.83809e-19
  3.8618e-07  2.40067e-21 -5.77255e-06  1.39183e-21  2.67232e-05 -5.69636e-20 -4.15627e-05  1.82098e-19 -7.14261e-05 -2.75862e-19  0.000377398 -1.84757e-19 -0.000412702  1.53642e-18 -0.000529326 -1.17037e-18   0.00155355 -3.10399e-18  -9.2876e-05  4.13742e-18  -0.00300032  2.89023e-18   0.00157817 -6.38567e-18   0.00452959  -1.3024e-18  -0.00355945  1.16967e-17  -0.00632063   2.2242e-18   0.00531526 -1.80632e-17   0.00880319 -4.19102e-18  -0.00567293  2.20593e-17   -0.0120417  1.07549e-17   0.00296414 -1.94568e-17    0.0145303 -1.93687e-17   0.00396824  1.01147e-17   -0.0119948  2.29493e-17   -0.0119635   9.6629e-18  0.000294557 -9.56411e-18   0.00885935 -2.18327e-17   0.00835695 -1.15907e-17   0.00414731 -2.31972e-19   0.00121439 -4.54643e-19  0.000194523  -1.2233e-18  1.14674e-05
-7.28657e-22  2.50365e-07  7.52751e-21 -6.49071e-06 -1.40019e-20  3.77993e-05 -2.68015e-20 -8.70469e-05   1.6534e-19  1.38325e-05 -4.07224e-19  0.000341691  7.27197e-20 -0.000573117  1.52256e-18 -0.000254278 -1.77854e-18   0.00159673 -2.39046e-18 -0.000598793  4.18646e-18  -0.00278557  1.39605e-18   0.00223098 -6.46612e-18   0.00405571  1.63952e-19   -0.0043098  1.24775e-17  -0.00572697  2.92636e-19   0.00615862 -1.83487e-17   0.00835807 -2.15477e-18  -0.00652578  2.24386e-17   -0.0120667  1.04127e-17    0.0034323 -1.93687e-17    0.0150293 -1.94583e-17   0.00458818  9.12888e-18   -0.0118358  2.34992e-17   -0.0132641  1.62574e-17  -0.00227177 -4.68739e-18   0.00634909 -1.83932e-17   0.00681963 -8.06706e-18    0.0035015  9.23757e-19   0.00100868 -1.69635e-19  0.000141064 -5.48863e-19
 2.13425e-07 -1.66334e-21 -1.65121e-06  1.26941e-20 -5.67659e-07 -3.14731e-20  3.42134e-05  2.14658e-20 -0.000116325  1.06752e-19  0.000106273 -4.97265e-19  0.000253898  3.81733e-19 -0.000674129  1.33573e-18  4.43357e-05 -2.21141e-18    0.0015323 -1.50615e-18  -0.00107372  3.94295e-18   -0.0024476 -5.04804e-20   0.00281663 -6.72807e-18    0.0034553  1.64149e-18   -0.0049973  1.28117e-17   -0.0050052 -1.86644e-18    0.0069906 -1.84867e-17   0.00780636 -6.66438e-19  -0.00744383   2.2599e-17   -0.0120726  1.03327e-17   0.00396824 -1.94583e-17    0.0156163 -1.99592e-17   0.00535373  6.85522e-18   -0.0115074  2.50098e-17   -0.0147161  2.45196e-17  -0.00576301  2.45134e-18   0.00221152 -1.02201e-17   0.00366014 -1.37913e-18   0.00186897  3.19295e-18  0.000460886  2.32519e-19  4.00618e-05
  -9.786e-24  7.36024e-07 -1.37234e-21 -5.11808e-06  1.30725e-20  1.13098e-05 -4.08884e-20  1.46302e-05  7.45864e-20 -0.000120093  1.37226e-20  0.000187025  -5.1682e-19  0.000128676     6.98e-19 -0.000706297  9.87163e-19   0.00034055 -2.37402e-18   0.00136459 -5.71225e-19  -0.00149228  3.58985e-18  -0.00199445 -1.39793e-18   0.00331182 -7.02869e-18   0.00272942  3.12547e-18  -0.00560059   1.2665e-17   -0.0041421   -3.969e-18   0.00779861 -1.85704e-17   0.00712374  2.20093e-19  -0.00843567  2.26409e-17   -0.0120533  1.01147e-17   0.00458818 -1.99592e-17    0.0163482 -2.13231e-17   0.00632942  3.62514e-18   -0.0110775  2.86547e-17   -0.0164583  3.36642e-17  -0.00990632  1.10138e-17  -0.00248773 -3.46206e-19  0.000379074   4.8097e-18  0.000423229  4.06283e-18  9.29775e-05  3.11871e-19
  -1.708e-08 -4.81204e-22  9.22345e-07  1.27832e-21 -7.61615e-06  6.23174e-21  2.37567e-05 -3.49423e-20 -1.50411e-05  1.16569e-19  -9.7184e-05  -1.0211e-19  0.000241503  -4.4877e-19 -1.57887e-05  9.58813e-19 -0.000667169  5.36125e-19  0.000609157 -2.26171e-18   0.00110293  3.17622e-19   -0.0018292  3.28802e-18  -0.00143791  -2.6044e-18   0.00369012 -7.14034e-18   0.00188173   4.5708e-18  -0.00609167  1.21209e-17  -0.00312365 -5.82173e-18   0.00856396 -1.85359e-17   0.00627923  9.10446e-19  -0.00951771  2.27191e-17   -0.0119948  9.12888e-18   0.00535373 -2.13231e-17     0.017282 -2.40508e-17   0.00743886  8.42306e-19   -0.0106209  3.45073e-17   -0.0179614  4.09416e-17   -0.0131503   1.7301e-17  -0.00570159  6.26314e-18   -0.0014893  7.23932e-18 -0.000209494  2.98935e-18 -1.03317e-05
 3.10763e-23  2.15702e-07 -1.27218e-21 -1.96234e-07   5.0602e-21  -6.3172e-06  -5.6479e-21  3.05697e-05 -1.24383e-20 -4.56782e-05  1.33159e-19 -5.28198e-05 -2.25283e-19  0.000260712 -2.98623e-19 -0.000159973   1.1037e-18 -0.000560847  7.32249e-20  0.000826369 -1.95223e-18  0.000762093  1.11193e-18  -0.00205939  3.07784e-18 -0.000795096 -3.63433e-18   0.00392152 -6.84068e-18  0.000920619  5.94929e-18  -0.00643404  1.12456e-17  -0.00193483 -7.43963e-18    0.0092574 -1.81751e-17   0.00522452  2.20776e-18   -0.0107034  2.29493e-17   -0.0118358  6.85522e-18   0.00632942 -2.40508e-17    0.0183312 -2.85468e-17   0.00859888 -8.90387e-19  -0.00955683    3.886e-17   -0.0175624  4.11658e-17    -0.013408  1.64731e-17   -0.0060635   6.6741e-18  -0.00163896  5.92074e-18 -0.000221642  1.57116e-18
-5.39159e-08 -3.43488e-23  7.28791e-07 -1.52401e-21 -2.62762e-06  6.79406e-21 -6.15545e-07 -1.75176e-20  2.82041e-05  2.21735e-20 -6.85615e-05  1.16121e-19  3.59757e-06 -3.33897e-19  0.000241678 -9.92589e-20  -0.00028478  1.10106e-18  -0.00039774 -3.22253e-19  0.000970665 -1.55042e-18   0.00036308  1.79787e-18  -0.00215854  2.84649e-18 -9.06999e-05 -4.46212e-18   0.00397218 -5.96095e-18 -0.000137367  7.28234e-18  -0.00657873  9.97406e-18 -0.000563222 -9.08331e-18   0.00982505 -1.72139e-17   0.00390067  4.97099e-18   -0.0119635  2.34992e-17   -0.0115074  3.62514e-18   0.00743886 -2.85468e-17    0.0194012 -3.58475e-17     0.010358 -4.55761e-18  -0.00633942  3.45853e-17   -0.0135496  2.97091e-17   -0.0100373  7.11635e-18  -0.00413726  2.92624e-18 -0.000925958  3.36105e-18 -7.66018e-05
 6.58407e-23 -7.19513e-08 -3.32163e-22   1.0658e-06 -4.95761e-22 -5.02674e-06  3.92332e-21  7.43642e-06  -2.4342e-20  1.68554e-05  6.07934e-20 -7.75903e-05  6.66623e-20  6.06757e-05 -4.02127e-19  0.000187376   9.8601e-20 -0.000373148  9.58527e-19 -0.000194423 -6.17347e-19   0.00102409 -1.12177e-18 -6.57925e-05  2.35649e-18  -0.00210465  2.38379e-18  0.000639755 -5.06838e-18   0.00380528 -4.39577e-18  -0.00126044  8.61067e-18  -0.00646267  8.11045e-18    0.0009865 -1.11638e-17    0.0101886 -1.54679e-17   0.00227399   9.6629e-18   -0.0132641  2.50098e-17   -0.0110775  8.42306e-19   0.00859888 -3.58475e-17    0.0210192  -4.8304e-17    0.0141141  -1.5553e-17  0.000246505  1.69867e-17  -0.00626303  7.65192e-18  -0.00482069 -5.56716e-18  -0.00174754 -1.64138e-19 -0.000288113  1.78248e-18
-1.78461e-08  1.44499e-22    9.492e-08  -6.8702e-22  6.33756e-07    1.516e-21 -5.71211e-06  -3.4439e-21  1.45134e-05 -2.27953e-20 -1.87972e-07  9.35459e-20 -7.03862e-05 -3.51837e-21   0.00010707 -4.09807e-19  0.000106335  2.47047e-19 -0.000411729  7.08654e-19  2.65474e-05  -8.2133e-19  0.000974312 -6.57701e-19 -0.000487728  2.73499e-18  -0.00188126  1.49417e-18   0.00134599 -5.43668e-18   0.00338585 -2.13097e-18  -0.00239401  9.93626e-18  -0.00601659  5.46293e-18   0.00268981 -1.40135e-17    0.0102734 -1.29449e-17  0.000294557  1.62574e-17   -0.0147161  2.86547e-17   -0.0106209 -8.90387e-19     0.010358  -4.8304e-17    0.0245229 -6.72431e-17    0.0207156 -3.51702e-17   0.00899998 -1.00951e-17   0.00135683 -1.62251e-17 -0.000529808 -1.29996e-17 -0.000272275 -4.65906e-19 -3.11218e-05
-5.72306e-24 -6.60471e-08  1.05484e-22  4.43974e-07 -6.20422e-22 -6.28431e-07  3.31639e-21  -3.9074e-06 -1.25833e-20  1.77128e-05 -1.20291e-20 -1.79096e-05  1.10627e-19  -4.8578e-05 -7.47026e-20  0.000133374 -3.51714e-19  1.18915e-05  3.19298e-19 -0.000392843   3.8458e-19  0.000237227 -9.46431e-19  0.000817797  -9.8612e-20 -0.000857072  2.85422e-18  -0.00148309  1.03088e-19   0.00196074 -5.55365e-18   0.00268753  7.07238e-19  -0.00345891  1.11673e-17  -0.00516081  1.96021e-18   0.00452628 -1.75486e-17   0.00995625 -9.56411e-18  -0.00227177  2.45196e-17   -0.0164583  3.45073e-17  -0.00955683 -4.55761e-18    0.0141141 -6.72431e-17    0.0306321 -8.83097e-17    0.0284344 -5.63773e-17    0.0161983 -3.54857e-17   0.00596694 -3.03323e-17   0.00135788 -1.14279e-17  0.000157743  6.09388e-19
