    0.279566 -1.87962e-16    0.0297231 -3.88517e-18   -0.0316457   1.1518e-18  -0.00927562  1.67704e-18   0.00278602  -2.0721e-18   0.00198296 -2.58756e-19  0.000120509  2.89762e-19 -0.000179282  1.33723e-19 -5.08725e-05  3.80932e-21 -2.30335e-06 -4.88442e-21  3.82151e-07
-1.87962e-16     0.132474 -1.34811e-20    0.0132915 -1.54392e-17   -0.0253989   5.1983e-18  -0.00979076 -1.99696e-18   0.00295522 -3.81957e-18   0.00271277 -9.58736e-19  0.000327746  3.66404e-19 -0.000216547  2.28045e-19 -7.64581e-05  4.81777e-21 -6.33416e-06 -4.89434e-21
   0.0297231 -1.34811e-20    0.0632303  6.30967e-18    0.0102248  3.31995e-18   -0.0218714  1.15935e-17   -0.0101788 -1.21977e-18   0.00266365 -4.77742e-18   0.00312986  -1.7167e-18   0.00058797  4.16008e-19 -0.000169014   2.5538e-19 -7.46443e-05  -3.2344e-21 -6.00058e-06
-3.88517e-18    0.0132915  6.30967e-18    0.0480309 -8.41912e-18   0.00901648  1.18173e-17   -0.0194813  1.61952e-17    -0.010521  1.19209e-18   0.00208629 -5.34353e-18   0.00329948 -2.05135e-18  0.000853083  4.75547e-19 -5.87279e-05  2.12113e-19 -4.62514e-05  -1.1415e-20
  -0.0316457 -1.54392e-17    0.0102248 -8.41912e-18    0.0388516 -1.85557e-17   0.00834405  1.20241e-17   -0.0176802  1.87633e-17     -0.01092  2.78637e-18   0.00126763 -5.61485e-18   0.00321098 -1.81537e-18   0.00104847  5.55887e-19  6.22608e-05  1.33616e-19 -1.26715e-05
  1.1518e-18   -0.0253989  3.31995e-18   0.00901648 -1.85557e-17    0.0335289 -2.34147e-17   0.00812489  1.03327e-17   -0.0162623  2.00199e-17   -0.0114073   2.9626e-18  0.000201002 -5.28744e-18   0.00280898 -9.98966e-19   0.00107348  6.61319e-19   0.00012243  6.11527e-20
 -0.00927562   5.1983e-18   -0.0218714  1.18173e-17   0.00834405 -2.34147e-17    0.0302469 -2.53854e-17   0.00822071  9.36487e-18   -0.0150613  1.97512e-17   -0.0119762  2.01195e-18   -0.0011265 -4.17898e-18   0.00203966   2.2689e-19  0.000854753  6.82311e-19  8.79094e-05
 1.67704e-18  -0.00979076  1.15935e-17   -0.0194813  1.20241e-17   0.00812489 -2.53854e-17    0.0282202 -2.59794e-17   0.00861038  9.05876e-18   -0.0139279  1.70742e-17   -0.0125604  1.17666e-19  -0.00265253 -2.56656e-18  0.000966138  1.29916e-18  0.000456078  4.44378e-19
  0.00278602 -1.99696e-18   -0.0101788  1.61952e-17   -0.0176802  1.03327e-17   0.00822071 -2.59794e-17    0.0270881 -2.49594e-17   0.00933527  8.31205e-18   -0.0126671  1.13591e-17   -0.0129461 -2.76039e-18  -0.00408703 -1.17831e-18 -9.14045e-05  1.45691e-18  0.000107097
 -2.0721e-18   0.00295522 -1.21977e-18    -0.010521  1.87633e-17   -0.0162623  9.36487e-18   0.00861038 -2.49594e-17    0.0266973 -2.12589e-17    0.0105231  6.31048e-18   -0.0109372  2.74787e-18   -0.0126287 -6.49454e-18  -0.00481322 -8.19689e-19 -0.000642685  6.21159e-19
  0.00198296 -3.81957e-18   0.00266365  1.19209e-18     -0.01092  2.00199e-17   -0.0150613  9.05876e-18   0.00933527 -2.12589e-17    0.0270519 -1.45009e-17    0.0124611  2.59302e-18  -0.00813456  -7.8953e-18    -0.010829 -1.03874e-17  -0.00420659 -1.56076e-18 -0.000496853
-2.58756e-19   0.00271277 -4.77742e-18   0.00208629  2.78637e-18   -0.0114073  1.97512e-17   -0.0139279  8.31205e-18    0.0105231 -1.45009e-17    0.0283467  -6.1213e-18    0.0156622  -3.6834e-18  -0.00354347 -1.89644e-17  -0.00710675 -1.30491e-17  -0.00242885 -2.07834e-18
 0.000120509 -9.58736e-19   0.00312986 -5.34353e-18   0.00126763   2.9626e-18   -0.0119762  1.70742e-17   -0.0126671  6.31048e-18    0.0124611  -6.1213e-18    0.0310002   5.3834e-20    0.0206033 -1.38306e-17   0.00279056 -2.77591e-17  -0.00242632 -1.27316e-17 -0.000680185
 2.89762e-19  0.000327746  -1.7167e-18   0.00329948 -5.61485e-18  0.000201002  2.01195e-18   -0.0125604  1.13591e-17   -0.0109372  2.59302e-18    0.0156622   5.3834e-20    0.0353447  -1.7368e-18    0.0266848 -2.74485e-17   0.00886675 -3.06584e-17  0.000900266 -8.40562e-18
-0.000179282  3.66404e-19   0.00058797 -2.05135e-18   0.00321098 -5.28744e-18   -0.0011265  1.17666e-19   -0.0129461  2.74787e-18  -0.00813456  -3.6834e-18    0.0206033  -1.7368e-18     0.040528 -1.51657e-17    0.0310258  -3.9211e-17    0.0113054 -2.51487e-17   0.00141754
 1.33723e-19 -0.000216547  4.16008e-19  0.000853083 -1.81537e-18   0.00280898 -4.17898e-18  -0.00265253 -2.76039e-18   -0.0126287  -7.8953e-18  -0.00354347 -1.38306e-17    0.0266848 -1.51657e-17    0.0433207 -3.47161e-17    0.0295422  -4.0543e-17   0.00868173 -1.32433e-17
-5.08725e-05  2.28045e-19 -0.000169014  4.75547e-19   0.00104847 -9.98966e-19   0.00203966 -2.56656e-18  -0.00408703 -6.49454e-18    -0.010829 -1.89644e-17   0.00279056 -2.74485e-17    0.0310258 -3.47161e-17     0.039402 -4.56782e-17    0.0211749 -2.86323e-17   0.00372929
 3.80932e-21 -7.64581e-05   2.5538e-19 -5.87279e-05  5.55887e-19   0.00107348   2.2689e-19  0.000966138 -1.17831e-18  -0.00481322 -1.03874e-17  -0.00710675 -2.77591e-17   0.00886675  -3.9211e-17    0.0295422 -4.56782e-17    0.0279286 -3.82887e-17    0.0103553 -1.18649e-17
-2.30335e-06  4.81777e-21 -7.46443e-05  2.12113e-19  6.22608e-05  6.61319e-19  0.000854753  1.29916e-18 -9.14045e-05 -8.19689e-19  -0.00420659 -1.30491e-17  -0.00242632 -3.06584e-17    0.0113054  -4.0543e-17    0.0211749 -3.82887e-17    0.0140738  -1.9869e-17   0.00287508
-4.88442e-21 -6.33416e-06  -3.2344e-21 -4.62514e-05  1.33616e-19   0.00012243  6.82311e-19  0.000456078  1.45691e-18 -0.000642685 -1.56076e-18  -0.00242885 -1.27316e-17  0.000900266 -2.51487e-17   0.00868173 -2.86323e-17    0.0103553  -1.9869e-17    0.0044231 -5.40818e-18
 3.82151e-07 -4.89434e-21 -6.00058e-06  -1.1415e-20 -1.26715e-05  6.11527e-20  8.79094e-05  4.44378e-19  0.000107097  6.21159e-19 -0.000496853 -2.07834e-18 -0.000680185 -8.40562e-18   0.00141754 -1.32433e-17   0.00372929 -1.18649e-17   0.00287508 -5.40818e-18  0.000647001
