 7.63661e-05  2.36638e-20  -0.00043624 -3.03341e-19  0.000700479   1.3902e-18 -0.000323454 -4.05544e-18 -0.000127754   7.8031e-18  6.10324e-05 -9.02975e-18  5.14376e-05  4.42378e-18  7.35782e-06  2.51057e-18 -8.70106e-06 -4.95142e-18  -6.8005e-06  2.72582e-18 -2.24337e-06  -6.0326e-19  4.01751e-08  1.97473e-19  5.07984e-07 -1.99746e-19  3.45291e-07  6.04294e-20  1.44005e-07  1.99034e-20  3.78165e-08 -1.87881e-20  1.38417e-09  1.81409e-21 -5.32867e-09  3.44909e-21 -3.92984e-09 -2.14711e-22  -1.9123e-09 -6.47912e-22 -7.46437e-10   6.2479e-23 -2.45868e-10  1.65244e-22 -6.86625e-11 -8.82038e-23 -1.56147e-11  -8.5564e-23 -2.41852e-12  4.97051e-24  5.60537e-14  2.66496e-23  2.39584e-13  1.13263e-23  1.24752e-13 -2.27413e-25  4.72817e-14 -2.02971e-24  1.52368e-14 -7.81594e-25  4.39509e-15 -4.07037e-26  1.16198e-15  5.77858e-26  2.85215e-16  1.25306e-26   6.5496e-17  -2.1097e-27  1.41379e-17  3.85688e-28  2.87702e-18  1.25315e-27  5.52853e-19    3.694e-28  1.00391e-19 -1.27141e-28  1.72264e-20 -1.38301e-28  2.79143e-21 -5.33786e-29  4.26665e-22 -1.02236e-29  6.14136e-23  5.37004e-31  8.30734e-24  1.27607e-30  1.05341e-24  6.13656e-31  1.24859e-25  2.06767e-31  1.37874e-26  5.50201e-32  1.41301e-27   1.1989e-32  1.33824e-28  2.32592e-33  1.16548e-29  4.90789e-34  9.28026e-31  1.25341e-34  6.71093e-32   3.1973e-35  4.37232e-33  6.68809e-36  2.54271e-34  1.04357e-36  1.30659e-35   1.1005e-37  5.88036e-37  5.04197e-39  2.30629e-38 -7.08636e-40  7.75266e-40 -2.06156e-40  1.91846e-41 -3.01322e-41 -3.58439e-44  -3.2997e-42 -3.92403e-44 -2.87281e-43 -2.08406e-45 -1.85117e-44 -4.04222e-47 -7.31761e-46  7.39553e-50 -1.09254e-47
 2.36638e-20  0.000695816  1.42652e-19  -0.00217495 -1.22815e-18     0.002374  4.71416e-18 -0.000471893 -1.27412e-17 -0.000589215  2.33988e-17  5.83579e-06 -2.57392e-17   0.00015537  1.14589e-17  7.00939e-05  7.11743e-18 -1.27712e-06 -1.17147e-17  -1.7892e-05  5.10257e-18 -1.11232e-05  -5.0692e-19 -3.37128e-06  2.92384e-19  9.98133e-08 -4.50883e-19  7.74235e-07  1.16102e-19  5.32834e-07  4.07394e-20  2.35977e-07 -3.99064e-20  7.38479e-08  4.00546e-21  1.28255e-08  8.95654e-21  -2.6335e-09  -3.5023e-22 -3.69948e-09 -1.50071e-21 -2.13263e-09  4.72795e-22 -9.31215e-10  3.65819e-22 -3.43865e-10 -3.80268e-22 -1.11715e-10 -2.90038e-22 -3.24571e-11  1.18569e-23 -8.46702e-12  8.79293e-23 -1.96962e-12  4.00774e-23 -3.98884e-13  1.81772e-24 -6.57256e-14 -5.49714e-24 -6.70666e-15  -2.3518e-24  6.62636e-16 -2.37686e-25  6.42022e-16  9.17763e-26  2.39166e-16  1.33059e-26  6.84807e-17 -4.39606e-27  1.68797e-17  5.18036e-27  3.72816e-18  4.88272e-27  7.51423e-19  9.32918e-28  1.39487e-19 -6.52586e-28  2.39578e-20 -5.48112e-28  3.81466e-21 -2.07181e-28  5.63084e-22 -4.36716e-29   7.6942e-23 -6.34567e-31  9.70466e-24  4.00498e-30  1.12484e-24  2.15602e-30  1.19033e-25  7.61806e-31  1.13901e-26  2.10302e-31  9.70761e-28  4.87286e-32  7.17782e-29  1.04639e-32  4.35689e-30  2.35701e-33  1.83952e-31  5.63936e-34  4.79475e-34  1.26512e-34 -8.88894e-34  2.36063e-35 -1.11475e-34  3.40096e-36 -9.17851e-36  3.47628e-37 -5.82436e-37  1.87561e-38  -2.9443e-38 -1.11608e-39 -1.21401e-39 -4.26384e-40 -4.58277e-41 -6.30111e-41 -1.98476e-42 -6.59395e-42 -9.03987e-44 -5.13758e-43 -2.81321e-45 -2.70052e-44 -3.48157e-47 -7.35951e-46   9.5873e-50
 -0.00043624  1.42652e-19   0.00306201  4.30593e-19  -0.00638487 -2.67546e-18   0.00478003  9.18171e-18   0.00028153 -2.46317e-17  -0.00128934  4.55705e-17 -0.000387813 -4.94644e-17  0.000201693  2.07947e-17  0.000200922  1.31044e-17  5.96743e-05 -1.87061e-17 -1.40228e-05  6.05338e-18 -2.36481e-05  4.86629e-19 -1.28725e-05  3.30088e-19 -3.77702e-06 -7.02626e-19  2.96297e-08  1.47576e-19   7.8293e-07  4.31551e-20  5.61652e-07 -6.35011e-20  2.64658e-07  7.97991e-21  9.44366e-08  1.61512e-20  2.47701e-08 -5.93209e-22  3.23326e-09 -1.70049e-21 -1.19933e-09  1.75193e-21  -1.1972e-09   5.0934e-22 -6.23729e-10 -1.11314e-21 -2.56346e-10 -7.33962e-22 -9.11578e-11  1.08527e-23 -2.91127e-11  2.03369e-22 -8.51256e-12  9.86665e-23 -2.30534e-12  1.00143e-23 -5.82697e-13 -9.66302e-24 -1.38235e-13  -4.6634e-24 -3.09182e-14 -6.99217e-25 -6.54588e-15  1.15404e-26 -1.31692e-15 -2.51601e-26 -2.52765e-16 -3.00707e-27 -4.64784e-17  2.05429e-26 -8.22203e-18  1.26088e-26 -1.40457e-18  1.23861e-27 -2.32347e-19 -2.21152e-27 -3.72569e-20  -1.5648e-27 -5.78425e-21 -5.82383e-28 -8.66557e-22 -1.31664e-28 -1.24628e-22  -8.1207e-30 -1.70997e-23  8.73508e-30 -2.22335e-24  5.28844e-30 -2.72141e-25  1.94204e-30 -3.11595e-26  5.52861e-31 -3.31722e-27  1.34455e-31 -3.26448e-28   3.0684e-32 -2.95249e-29   7.0493e-33 -2.43947e-30   1.5971e-33 -1.82951e-31  3.26973e-34  -1.2363e-32  5.58398e-35 -7.45992e-34  7.50414e-36 -3.96996e-35  7.38058e-37 -1.82996e-36  4.24893e-38 -7.13765e-38 -1.01918e-39 -2.33234e-39 -6.14798e-40 -6.92418e-41 -9.03428e-41 -2.33135e-42 -8.76508e-42 -8.39207e-44 -5.87133e-43 -1.97897e-45 -2.36499e-44 -1.45885e-47 -3.61127e-46
-3.03341e-19  -0.00217495  4.30593e-19   0.00868966  7.19661e-19   -0.0131623 -3.16553e-18   0.00643612   1.0667e-17   0.00248224 -3.25569e-17  -0.00163812  6.64186e-17  -0.00117225 -7.45381e-17 -1.67408e-05  3.08124e-17  0.000316464  1.84705e-17  0.000187287 -2.36819e-17   3.5835e-05  5.02971e-18 -2.27789e-05  2.10169e-18 -2.44372e-05  4.02893e-19 -1.23083e-05 -8.39959e-19 -3.67084e-06  1.40814e-19 -1.72891e-07  4.09321e-21    5.808e-07 -9.15151e-20  4.54232e-07  1.25757e-20  2.28552e-07  2.19351e-20  9.00484e-08 -9.02004e-22  2.88757e-08  6.25896e-22  7.28172e-09  4.69042e-21  1.16049e-09  4.33095e-22 -1.02545e-10 -2.58951e-21 -1.86061e-10 -1.56373e-21 -1.00213e-10 -2.88186e-23 -4.05322e-11   3.7686e-22 -1.40258e-11  1.94352e-22  -4.3505e-12  2.94515e-23 -1.23718e-12 -1.18315e-23 -3.26735e-13 -6.89395e-24 -8.07876e-14 -1.43542e-24 -1.88027e-14 -2.82235e-25 -4.13444e-15 -1.18955e-25 -8.61007e-16  1.76049e-26 -1.70082e-16  5.56157e-26 -3.18936e-17  2.53583e-26 -5.67784e-18 -1.18745e-28 -9.59112e-19 -5.90051e-27 -1.53567e-19 -3.69399e-27  -2.3269e-20 -1.35423e-27 -3.32988e-21 -3.20356e-28 -4.48933e-22 -2.99855e-29 -5.68594e-23  1.52418e-29 -6.74373e-24  1.04767e-29 -7.46324e-25   3.9767e-30 -7.67663e-26   1.1625e-30 -7.30691e-27  2.93291e-31 -6.40489e-28  6.92098e-32 -5.14217e-29  1.58319e-32 -3.75819e-30  3.40583e-33 -2.48289e-31  6.46594e-34 -1.47047e-32  1.02324e-34 -7.72342e-34  1.28734e-35 -3.54165e-35   1.2069e-36 -1.38307e-36  6.97622e-38 -4.44321e-38 -5.81218e-40 -1.16946e-39 -7.21127e-40 -3.15265e-41  -1.0187e-40 -1.25513e-42 -8.82638e-42 -4.73907e-44 -4.84103e-43 -8.86995e-46 -1.35291e-44 -2.95445e-48
 0.000700479 -1.22815e-18  -0.00638487  7.19661e-19     0.017941  4.81332e-19   -0.0206389 -5.55946e-19   0.00552209  3.83734e-18   0.00568138 -2.73993e-17 -0.000914782    7.616e-17  -0.00201571 -9.39292e-17 -0.000613333   3.9713e-17  0.000256776  2.14694e-17  0.000324938 -2.58132e-17  0.000142082  2.65563e-18   1.4031e-05   3.7083e-18 -2.48092e-05  6.12311e-19 -2.13725e-05 -7.53766e-19 -1.03504e-05  1.10767e-19 -3.26075e-06  -8.2912e-20  -4.0221e-07 -1.28232e-19  2.98345e-07  1.09699e-20  2.84469e-07  2.03244e-20  1.55165e-07 -6.43254e-22  6.62063e-08  8.09613e-21  2.38216e-08   1.0249e-20  7.39636e-09 -1.47469e-23  1.97316e-09 -5.09852e-21  4.34134e-10 -2.92461e-21    6.716e-11 -1.62746e-22  1.96061e-13  5.87421e-22 -5.19082e-12  3.23868e-22 -2.69227e-12  6.44266e-23 -9.89255e-13 -8.08744e-24  -3.0644e-13 -7.62897e-24 -8.45254e-14 -2.26898e-24 -2.12729e-14  -7.8432e-25 -4.94807e-15 -2.21241e-25 -1.07152e-15  9.58747e-26 -2.16961e-16  1.22512e-25 -4.11741e-17  4.25165e-26 -7.33188e-18 -5.73559e-27 -1.22528e-18 -1.33087e-26 -1.92063e-19 -7.59628e-27 -2.82049e-20 -2.73601e-27 -3.87373e-21 -6.63094e-28 -4.96452e-22 -7.58224e-29 -5.92056e-23  2.26039e-29 -6.54841e-24   1.7843e-29 -6.69072e-25  6.97081e-30 -6.28524e-26  2.08305e-30  -5.3979e-27  5.38784e-31 -4.20909e-28  1.28783e-31 -2.95456e-29  2.88879e-32 -1.84657e-30  5.89895e-33 -1.01241e-31  1.04581e-33 -4.76191e-33  1.54183e-34 -1.84419e-34  1.81529e-35 -5.28666e-36  1.60552e-36 -6.46751e-38  8.92241e-38   3.5755e-39  -2.7339e-40  2.32992e-40 -7.31234e-40  1.48483e-42 -9.46785e-41 -4.43787e-43 -7.01175e-42 -2.07194e-44   -2.951e-43  -2.7819e-46 -4.64042e-45
  1.3902e-18     0.002374 -2.67546e-18   -0.0131623  4.81332e-19    0.0288869 -5.44617e-19    -0.025819  4.98797e-18   0.00137983 -1.29185e-17   0.00851474 -4.93148e-18   0.00110559  6.93006e-17  -0.00235416 -1.02463e-16  -0.00144892  4.61055e-17 -9.63014e-05  2.14469e-17  0.000360233 -2.57734e-17  0.000268145 -3.46019e-20    9.378e-05  4.74251e-18  1.03971e-06  1.01254e-18 -2.15104e-05 -3.82171e-19 -1.64224e-05  1.01162e-19  -7.8641e-06  -1.9601e-19 -2.67222e-06 -1.75761e-19 -5.41819e-07 -1.00511e-20  5.92684e-08  3.58604e-21  1.27589e-07   1.6919e-21  8.01475e-08    2.356e-20  3.70854e-08  1.93469e-20   1.4415e-08 -8.95805e-22    4.931e-09 -8.78852e-21  1.51665e-09 -4.90399e-21  4.23887e-10 -4.62812e-22  1.08109e-10  7.85947e-22  2.51388e-11  4.70633e-22  5.29405e-12  1.16325e-22  9.93457e-13  5.22865e-24  1.60036e-13 -5.36857e-24  1.99293e-14 -2.79526e-24  1.06984e-15 -1.27187e-24 -3.69475e-16 -1.74708e-25 -1.70718e-16  3.00846e-25 -4.66308e-17  2.35383e-25 -1.02231e-17   6.1296e-26 -1.93422e-18 -1.93743e-26 -3.24065e-19  -2.6351e-26  -4.8482e-20 -1.39657e-26 -6.46399e-21 -4.92149e-27 -7.58571e-22 -1.20123e-27 -7.59946e-23  -1.5244e-28  -5.9965e-24  2.97217e-29 -2.64547e-25  2.71167e-29   2.0145e-26  1.08467e-29    7.003e-27  3.29295e-30  1.11004e-27  8.62482e-31  1.33141e-28  2.05402e-31  1.32758e-29  4.46874e-32  1.13519e-30  8.64664e-33  8.41415e-32  1.43501e-33  5.41634e-33  1.97361e-34   3.0221e-34  2.16808e-35  1.45765e-35  1.78897e-36  6.04779e-37  9.21742e-38   2.1009e-38 -3.84958e-40  5.43193e-40 -6.54863e-40  5.94921e-42 -7.36462e-41 -2.03631e-43 -4.42708e-42 -8.17366e-45 -1.29227e-43 -5.80382e-47
-0.000323454  4.71416e-18   0.00478003 -3.16553e-18   -0.0206389 -5.44617e-19    0.0380938 -1.12053e-18   -0.0266322  8.65676e-18  -0.00489566 -3.44391e-17   0.00962566   2.9799e-17   0.00391245  4.77774e-17  -0.00177605 -9.84351e-17  -0.00217501  4.94972e-17  -0.00071151   1.8788e-17  0.000195319 -2.48116e-17  0.000339624 -2.43784e-18  0.000193193  4.91682e-18  5.69399e-05  1.58647e-18 -3.55153e-06  2.68486e-19 -1.56751e-05  1.71643e-19 -1.12379e-05 -2.87786e-19 -5.42368e-06 -2.33242e-19 -1.99206e-06 -6.74435e-20 -5.39347e-07 -3.50466e-20 -7.39302e-08  8.53236e-21  2.62788e-08  4.93931e-20  2.74977e-08  3.25821e-20  1.47334e-08 -2.10881e-21  6.20798e-09 -1.35492e-20  2.26086e-09 -7.47602e-21  7.39311e-10 -9.96743e-22   2.2143e-10  9.04909e-22  6.14798e-11  6.07767e-22  1.59527e-11   1.8216e-22  3.89152e-12  2.96823e-23  8.96586e-13  8.22308e-25  1.95837e-13 -2.39431e-24  4.06812e-14 -1.24442e-24  8.05795e-15  2.99226e-25  1.52498e-15  7.25431e-25  2.76115e-16  4.06288e-25  4.78549e-17   7.6013e-26  7.93586e-18  -4.5611e-26  1.25746e-18 -4.68747e-26  1.89948e-19 -2.33084e-26  2.72697e-20 -7.99764e-27  3.70702e-21 -1.93886e-27  4.75195e-22 -2.58453e-28  5.71858e-23    3.621e-29  6.43049e-24  3.77422e-29  6.72392e-25  1.53337e-29   6.5043e-26   4.6899e-30   5.7891e-27  1.22826e-30  4.71279e-28  2.87506e-31  3.48591e-29  6.01513e-32  2.32494e-30  1.10001e-32  1.38575e-31  1.70877e-33   7.3059e-33  2.18975e-34  3.36958e-34  2.23372e-35  1.34513e-35  1.69866e-36  4.58728e-37  7.82679e-38  1.28238e-38 -7.83964e-40  2.45659e-40 -5.17198e-40  4.53923e-43 -4.78832e-41 -1.33495e-43 -2.18639e-42 -2.72015e-45 -3.58639e-44
-4.05544e-18 -0.000471893  9.18171e-18   0.00643612 -5.55946e-19    -0.025819 -1.12053e-18    0.0428715  1.76996e-18   -0.0232164  3.27247e-18   -0.0112928 -5.12847e-17   0.00850978  6.44018e-17   0.00659906  1.90876e-17   -0.0002798 -8.33681e-17   -0.0024351  5.04484e-17   -0.0014063  1.45005e-17 -0.000185298 -2.38744e-17  0.000284649 -4.62159e-18  0.000264648  4.18427e-18  0.000127772  2.23766e-18  3.38287e-05  1.12516e-18 -3.12309e-06  3.78517e-19  -9.6893e-06 -3.03989e-19 -6.81143e-06 -3.02472e-19 -3.35239e-06 -1.77853e-19 -1.31654e-06 -9.86581e-20 -4.22647e-07   2.2781e-20 -1.06246e-07  8.66753e-20 -1.63317e-08  4.99362e-20  2.05276e-09 -3.37831e-21  3.04678e-09 -1.89753e-20  1.61845e-09 -1.04832e-20  6.53835e-10 -1.80648e-21  2.26605e-10  8.77284e-22  7.04126e-11  7.05038e-22  2.00431e-11  2.53886e-22  5.29095e-12  6.32684e-23  1.30516e-12  1.08408e-23  3.02342e-13 -2.93111e-25  6.59853e-14  2.82036e-26  1.35952e-14  1.54755e-24  2.64726e-15  1.45795e-24  4.87341e-16  6.36476e-25  8.47967e-17  7.70767e-26   1.3934e-17  -8.9174e-26  2.15952e-18  -7.6079e-26  3.15106e-19 -3.56724e-26  4.31956e-20  -1.1857e-26   5.5488e-21 -2.82242e-27  6.65987e-22 -3.80567e-28  7.44394e-23  4.30862e-29  7.71959e-24   4.9029e-29  7.39644e-25  1.99954e-29  6.51679e-26   6.0973e-30  5.25149e-27  1.57699e-30   3.8464e-28  3.58714e-31  2.54175e-29  7.16667e-32  1.50183e-30  1.23489e-32  7.84716e-32  1.79241e-33  3.57759e-33  2.13394e-34  1.40222e-34  2.00852e-35  4.65779e-36  1.38821e-36  1.28273e-37  5.48225e-38   2.6112e-39 -1.11739e-39  1.10036e-41 -3.55473e-40 -1.88406e-42 -2.56733e-41 -6.75284e-44 -8.04766e-43 -5.95107e-46
-0.000127754 -1.27412e-17   0.00028153   1.0667e-17   0.00552209  4.98797e-18   -0.0266322  1.76996e-18    0.0428443  1.09206e-17    -0.017404 -1.44201e-17   -0.0161831 -5.58626e-17   0.00560802  8.57958e-17   0.00839546 -8.33237e-18   0.00177191  -6.0765e-17   -0.0020471  5.02158e-17  -0.00193962  9.88821e-18 -0.000699257 -2.33123e-17  7.49784e-05  -7.0096e-18  0.000259144   2.6248e-18  0.000183492  2.80377e-18  8.03917e-05  2.07081e-18   2.0867e-05  7.56082e-19 -9.88715e-07 -2.11442e-19 -4.93581e-06 -3.96892e-19 -3.56543e-06 -3.54532e-19 -1.80601e-06 -1.85717e-19 -7.47023e-07  4.66109e-20 -2.64533e-07  1.34332e-19 -8.13195e-08  7.04979e-20 -2.15117e-08 -4.36745e-21 -4.68182e-09 -2.44684e-20 -7.06448e-10 -1.36829e-20  6.51103e-12 -2.90058e-21  5.86707e-11  6.53473e-22  2.95967e-11  7.34531e-22  1.07006e-11  3.17962e-22  3.26551e-12  9.98086e-23  8.86394e-13  2.34425e-23   2.1909e-13  4.30597e-24  4.99198e-14   3.3266e-24  1.05582e-14  3.86765e-24  2.08111e-15  2.53536e-24  3.83093e-16  9.04984e-25  6.59149e-17  5.03306e-26  1.05996e-17 -1.53914e-25  1.59169e-18 -1.13864e-25  2.22859e-19 -5.04205e-26  2.90327e-20 -1.61512e-26   3.5095e-21 -3.73711e-27  3.92313e-22 -4.94318e-28  4.03873e-23  5.26251e-29   3.8095e-24  6.02069e-29  3.27153e-25  2.42807e-29  2.53737e-26   7.2955e-30  1.75828e-27  1.84179e-30  1.07203e-28  4.03245e-31  5.61311e-30  7.64704e-32  2.41256e-31  1.23729e-32  7.61937e-33  1.67324e-33  1.03094e-34   1.8428e-34 -6.32087e-36  1.58779e-35 -5.76017e-37  9.80957e-37 -2.72399e-38  3.12947e-38 -1.05057e-39 -1.15143e-39 -4.08677e-41 -2.08674e-40 -1.32393e-42 -1.10383e-41 -2.18782e-44  -1.9262e-43
  7.8031e-18 -0.000589215 -2.46317e-17   0.00248224  3.83734e-18   0.00137983  8.65676e-18   -0.0232164  1.09206e-17     0.039611  2.57897e-17   -0.0112632  -3.9313e-17   -0.0189732 -4.69614e-17   0.00181325  8.66274e-17   0.00896532 -2.88528e-17   0.00388354 -3.47524e-17   -0.0010536  5.01373e-17  -0.00211982  6.30092e-18  -0.00120384 -2.30282e-17 -0.000257862 -9.93235e-18  0.000150826  3.82762e-19  0.000192455  3.10817e-18  0.000117329  2.98662e-18  4.91483e-05  1.30515e-18  1.36144e-05 -2.18307e-20  8.17545e-07 -5.47101e-19 -1.87056e-06 -6.05772e-19 -1.52504e-06 -2.91395e-19  -8.0993e-07  7.97187e-20 -3.49474e-07  1.88474e-19 -1.30825e-07  9.22661e-20 -4.37328e-08  -4.9221e-21 -1.32505e-08 -2.94715e-20 -3.66785e-09  -1.6853e-20 -9.30886e-10 -4.26943e-21 -2.16644e-10  2.05059e-22 -4.60742e-11  6.70698e-22 -8.87989e-12  3.54951e-22 -1.52493e-12  1.29487e-22  -2.2509e-13  3.65171e-23 -2.59744e-14  1.20176e-23 -1.48301e-15   9.2027e-24  2.98228e-16  7.35706e-24  1.33266e-16  3.89499e-24  3.17671e-17  1.16061e-24  5.81742e-18 -2.17364e-26  8.71777e-19 -2.41343e-25  1.05614e-19 -1.58289e-25  9.24942e-21 -6.61556e-26  2.37305e-22 -2.03183e-26 -1.17866e-22 -4.52685e-27 -3.30318e-23 -5.70279e-28 -5.84397e-24  6.71991e-29  -8.2661e-25  7.03622e-29  -9.9559e-26  2.75988e-29 -1.04611e-26  8.07364e-30 -9.68591e-28  1.96868e-30 -7.92769e-29  4.11531e-31 -5.73108e-30  7.36807e-32 -3.64587e-31  1.11525e-32 -2.02774e-32   1.3999e-33 -9.75809e-34   1.4184e-34 -3.99869e-35  1.10793e-35 -1.36757e-36  5.99194e-37 -3.88292e-38  1.39728e-38 -9.74912e-40 -9.09897e-40 -2.40956e-41 -1.02208e-40 -4.91665e-43 -3.59975e-42  -4.1236e-45
 6.10324e-05  2.33988e-17  -0.00128934 -3.25569e-17   0.00568138 -1.29185e-17  -0.00489566  3.27247e-18    -0.017404  2.57897e-17    0.0352715  4.14196e-17  -0.00606212 -6.01985e-17   -0.0199202 -2.97051e-17  -0.00205817  6.75932e-17   0.00837659 -4.07163e-17    0.0056393 -9.02271e-18  0.000343268  5.11896e-17  -0.00186502   4.8417e-18  -0.00155341 -2.27268e-17 -0.000635208 -1.33645e-17 -5.03345e-05  -2.3288e-18  0.000136026  3.04585e-18  0.000125273  3.80509e-18  7.01805e-05   1.9934e-18  2.92018e-05  2.02261e-19  9.00288e-06 -7.96534e-19  1.58541e-06 -9.33333e-19 -3.14686e-07 -4.09851e-19 -4.64536e-07   1.1799e-19 -2.77688e-07  2.42381e-19 -1.26539e-07  1.12177e-19  -4.9245e-08 -5.34694e-21 -1.70929e-08 -3.37438e-20 -5.40952e-09 -1.99125e-20 -1.58163e-09 -5.91658e-21 -4.30977e-10 -4.86404e-22 -1.10141e-10  4.85569e-22 -2.65265e-11  3.40195e-22 -6.04391e-12  1.40656e-22 -1.30679e-12  4.76449e-23 -2.68791e-13  2.30216e-23 -5.26906e-14  1.76904e-23 -9.85476e-15   1.1791e-23 -1.75916e-15  5.35005e-24 -2.99572e-16  1.32486e-24 -4.86032e-17 -1.55566e-25 -7.49692e-18 -3.48914e-25 -1.09636e-18 -2.05369e-25 -1.51505e-19 -8.08731e-26 -1.97097e-20 -2.36933e-26 -2.40404e-21 -5.03443e-27 -2.73733e-22 -5.83938e-28 -2.89629e-23  8.76225e-29 -2.83378e-24   7.8377e-29 -2.55047e-25  2.94277e-29 -2.09954e-26  8.28789e-30 -1.57085e-27  1.93411e-30 -1.06068e-28  3.83361e-31  -6.4126e-30  6.44826e-32 -3.44001e-31  9.09365e-33 -1.62013e-32  1.05463e-33 -6.60977e-34   9.7639e-35 -2.29539e-35  6.83158e-36  -6.6649e-37  3.14535e-37 -1.63202e-38  4.27478e-39 -3.67948e-40 -5.67873e-40 -8.04381e-42 -4.04109e-41 -1.18895e-43 -7.73272e-43
-9.02975e-18  5.83579e-06  4.55705e-17  -0.00163812 -2.73993e-17   0.00851474 -3.44391e-17   -0.0112928 -1.44201e-17   -0.0112632  4.14196e-17    0.0312691   5.1127e-17  -0.00214332 -6.70842e-17   -0.0196151 -1.21663e-17  -0.00550757  3.52907e-17   0.00691263 -4.50504e-17   0.00679612  1.37982e-17   0.00188342  5.38723e-17  -0.00120523  6.08819e-18  -0.00164493  -2.2076e-17 -0.000959966 -1.69184e-17 -0.000301476  -5.1985e-18  1.73018e-05    2.673e-18  9.29966e-05  4.55466e-18  7.29937e-05  2.76832e-18  3.90843e-05  3.65584e-19  1.64846e-05 -1.18535e-18  5.62061e-06 -1.32899e-18  1.47652e-06 -5.35335e-19  2.22955e-07  1.53836e-19 -4.47171e-08  2.87586e-19  -5.6353e-08  1.26539e-19 -3.05309e-08 -6.53102e-21 -1.27684e-08 -3.75286e-20 -4.59438e-09 -2.29873e-20 -1.48231e-09 -7.88482e-21 -4.37736e-10 -1.44528e-21 -1.19731e-10  1.45292e-22 -3.05608e-11  2.47451e-22 -7.31486e-12  1.22837e-22 -1.64713e-12  5.48002e-23 -3.49635e-13  3.68554e-23 -7.00424e-14  2.81249e-23 -1.32477e-14  1.65907e-23 -2.36514e-15  6.61019e-24 -3.98281e-16  1.31014e-24 -6.31833e-17 -3.59229e-25 -9.42704e-18 -4.68691e-25 -1.32013e-18 -2.49425e-25  -1.7309e-19 -9.23446e-26 -2.11896e-20 -2.56731e-26 -2.41429e-21  -5.1483e-27   -2.551e-22 -5.25168e-28  -2.4896e-23  1.11978e-28 -2.23388e-24  8.30338e-29 -1.83332e-25  2.94424e-29 -1.36797e-26  7.90484e-30 -9.21708e-28  1.75167e-30 -5.56382e-29  3.27248e-31 -2.98214e-30  5.14701e-32 -1.40507e-31  6.73283e-33 -5.75443e-33  7.17503e-34 -2.02224e-34  6.01944e-35 -6.01894e-36  3.71573e-36 -1.52434e-37  1.39941e-37 -3.57429e-39  3.15745e-40 -8.94168e-41  -2.8182e-40 -1.96575e-42   -1.217e-41 -1.83454e-44
 5.14376e-05 -2.57392e-17 -0.000387813  6.64186e-17 -0.000914782 -4.93148e-18   0.00962566 -5.12847e-17   -0.0161831  -3.9313e-17  -0.00606212   5.1127e-17    0.0281445  5.11252e-17  0.000683808  -5.7332e-17   -0.0186002 -1.62337e-18  -0.00833544 -2.05117e-18   0.00489872 -4.43765e-17   0.00727433  3.23173e-17   0.00332743  5.82424e-17 -0.000249745  9.96348e-18  -0.00143853 -2.07851e-17   -0.0011461 -2.00013e-17 -0.000541063 -7.80022e-18 -0.000138986  2.25851e-18  2.27543e-05  5.37426e-18  5.22055e-05  3.57849e-18  3.78228e-05  3.77961e-19  1.98172e-05 -1.72688e-18  8.50528e-06 -1.76908e-18  3.11119e-06 -6.60741e-19  9.77842e-07   1.7885e-19  2.58977e-07  3.16127e-19  5.34109e-08  1.31923e-19  5.73962e-09  -9.7651e-21  -1.6846e-09 -4.14929e-20 -1.43586e-09 -2.63724e-20 -6.37323e-10 -1.02538e-20 -2.24267e-10 -2.70646e-21 -6.85269e-11  -3.8471e-22 -1.88382e-11  5.64738e-23 -4.74094e-12  7.03843e-23 -1.10288e-12  5.70132e-23  -2.3849e-13   5.2349e-23 -4.80959e-14  3.91645e-23 -9.06142e-15  2.09165e-23 -1.59594e-15  7.35092e-24  -2.6272e-16  1.04957e-24 -4.03887e-17  -6.2496e-25 -5.79021e-18 -5.87324e-25 -7.72567e-19 -2.84074e-25 -9.56946e-20 -9.86464e-26 -1.09698e-20 -2.58834e-26 -1.15942e-21 -4.83831e-27 -1.12471e-22 -4.02899e-28 -9.95885e-24  1.35739e-28 -7.99466e-25  8.33338e-29 -5.76892e-26  2.76197e-29  -3.7004e-27  7.01135e-30 -2.07821e-28  1.46554e-30 -9.99983e-30  2.56689e-31 -3.98571e-31  3.75764e-32 -1.23897e-32  4.53706e-33 -2.60388e-34  4.41421e-34 -1.73344e-36  3.32164e-35  8.30788e-38   1.7736e-36  -2.2232e-41  5.12876e-38 -3.20191e-40 -6.11911e-40 -1.82767e-41 -1.09632e-40 -3.94192e-43  -2.4219e-42
 4.42378e-18   0.00015537 -4.94644e-17  -0.00117225    7.616e-17   0.00110559   2.9799e-17   0.00850978 -5.58626e-17   -0.0189732 -6.01985e-17  -0.00214332  5.11252e-17    0.0258654  4.33754e-17   0.00274678 -3.61758e-17   -0.0172372 -2.31801e-18   -0.0105247 -3.81412e-17   0.00261044 -4.15546e-17   0.00710528  4.61134e-17   0.00449488  6.38944e-17  0.000853522  1.57857e-17 -0.000956325 -1.86777e-17  -0.00113938 -2.20212e-17 -0.000707179 -9.61159e-18 -0.000294103  2.26332e-18 -6.96966e-05  6.48475e-18  1.07716e-05  4.39501e-18  2.38434e-05  1.96949e-19  1.69063e-05 -2.38619e-18  8.80629e-06 -2.20955e-18  3.82821e-06 -7.74106e-19  1.45473e-06  1.88105e-19  4.93878e-07  3.23355e-19  1.51444e-07  1.26329e-19  4.21342e-08 -1.62443e-20  1.06275e-08 -4.64312e-20  2.41329e-09  -3.0392e-20  4.84918e-10 -1.30999e-20  8.27684e-11 -4.29855e-21  1.06422e-11 -1.12368e-21  4.58604e-13 -2.37068e-22 -2.86344e-13 -1.44207e-23 -1.27945e-13  5.47433e-23  -3.6144e-14   6.7747e-23 -8.28682e-15  4.90392e-23 -1.64493e-15  2.38724e-23 -2.89527e-16   7.3125e-24 -4.55624e-17  5.27177e-25 -6.40491e-18 -9.25575e-25 -7.96575e-19 -6.88024e-25  -8.5614e-20 -3.03681e-25  -7.5106e-21  -9.8669e-26 -4.44041e-22  -2.4287e-26  4.19554e-24 -4.16567e-27  6.14612e-24 -2.42642e-28  1.13592e-24  1.53272e-28  1.47331e-25  7.88957e-29  1.55399e-26  2.42668e-29  1.39253e-27  5.78582e-30  1.07636e-28  1.13432e-30  7.19605e-30  1.85355e-31  4.14053e-31  2.51355e-32  2.02662e-32  2.78593e-33  8.27703e-34  2.45555e-34  2.73357e-35  1.63633e-35  6.85559e-37   7.3581e-37  1.07644e-38  1.45176e-38 -2.30017e-42 -4.79278e-40 -4.48367e-42  -3.1914e-41 -6.03396e-44
 7.35782e-06  1.14589e-17  0.000201693 -7.45381e-17  -0.00201571  6.93006e-17   0.00391245  6.44018e-17   0.00560802 -4.69614e-17   -0.0199202 -6.70842e-17  0.000683808  4.33754e-17    0.0242112  3.45922e-17   0.00431581 -1.23936e-17   -0.0157282 -1.48789e-17   -0.0121379 -6.99841e-17  0.000249478 -3.91999e-17   0.00637901  5.52374e-17   0.00527197  6.98847e-17   0.00195125  2.24134e-17  -0.00026862 -1.57982e-17  -0.00092672  -2.2559e-17  -0.00075381 -1.00785e-17 -0.000406958  3.23713e-18 -0.000159986  8.12106e-18 -4.06355e-05  5.22364e-18  3.95003e-07 -1.42605e-19  8.08102e-06 -3.07114e-18  6.11811e-06 -2.58532e-18  3.23974e-06 -8.55347e-19  1.42348e-06  1.84182e-19  5.49352e-07  3.10196e-19   1.9133e-07  1.10175e-19  6.10837e-08 -2.64454e-20  1.80589e-08  -5.2859e-20  4.97997e-09 -3.52184e-20   1.2881e-09 -1.64325e-20  3.13933e-10 -6.20952e-21  7.23738e-11 -2.05429e-21  1.58368e-11 -6.13582e-22  3.29897e-12 -1.20337e-22  6.55804e-13  4.97311e-23  1.24625e-13  8.09912e-23   2.2659e-14  5.59625e-23  3.94096e-15  2.47563e-23  6.54828e-16   6.3914e-24  1.03707e-16 -2.05688e-25  1.56043e-17 -1.21784e-24   2.2221e-18 -7.54356e-25  2.98191e-19 -3.04838e-25  3.75363e-20 -9.24269e-26  4.41141e-21 -2.11927e-26  4.81676e-22 -3.26328e-27  4.86172e-23 -7.78905e-29  4.51201e-24  1.59993e-28  3.82825e-25  7.02062e-29  2.95065e-26  1.99465e-29  2.05096e-27  4.44285e-30  1.27457e-28  8.12942e-31  7.00628e-30  1.23356e-31  3.35971e-31  1.54187e-32  1.37929e-32  1.55889e-33  4.71926e-34  1.23321e-34  1.28857e-35  7.15984e-36  2.56072e-37  2.60919e-37  2.64786e-39  2.58597e-39 -2.68939e-41 -2.14822e-40 -1.18292e-42 -6.07487e-42
 2.51057e-18  7.00939e-05  2.07947e-17 -1.67408e-05 -9.39292e-17  -0.00235416  4.77774e-17   0.00659906  8.57958e-17   0.00181325 -2.97051e-17   -0.0196151  -5.7332e-17   0.00274678  3.45922e-17    0.0229782  3.24745e-17   0.00556769  6.84822e-18   -0.0141745 -3.68627e-17    -0.013258 -9.72013e-17  -0.00204796 -3.92851e-17   0.00520816  5.97535e-17   0.00560363  7.47402e-17   0.00290636  2.84018e-17   0.00052439 -1.25159e-17 -0.000535615 -2.14726e-17 -0.000661542 -8.72539e-18 -0.000445822  5.65386e-18 -0.000222881  1.04451e-17 -8.72444e-05  6.10165e-18 -2.55555e-05 -5.25404e-19 -3.95171e-06 -3.64258e-18  1.28592e-06 -2.81703e-18  1.53086e-06 -8.75975e-19  8.89318e-07  1.78748e-19  4.03114e-07  2.83726e-19  1.57359e-07  8.66272e-20  5.50131e-08 -3.96851e-20  1.75756e-08 -6.06924e-20  5.19308e-09 -4.07354e-20  1.43015e-09 -2.01344e-20  3.69042e-10 -8.35187e-21  8.95571e-11 -3.10761e-21  2.04899e-11 -1.02829e-21  4.42685e-12 -2.29206e-22  9.03934e-13  4.42957e-23  1.74486e-13  9.00941e-23  3.18285e-14  5.85816e-23  5.48184e-15  2.32708e-23  8.90261e-16  4.68679e-24  1.36092e-16 -1.03705e-24  1.95412e-17 -1.45281e-24    2.629e-18 -7.74691e-25  3.30465e-19  -2.8734e-25  3.86876e-20 -8.10528e-26  4.20326e-21  -1.7161e-26  4.22129e-22 -2.29475e-27  3.90132e-23  6.07353e-29   3.3014e-24  1.54082e-28  2.54331e-25    5.856e-29  1.77176e-26  1.53233e-29  1.10727e-27   3.1746e-30  6.14736e-29  5.39727e-31  2.99394e-30  7.56982e-32  1.25743e-31  8.67389e-33  4.44218e-33  7.94081e-34  1.26799e-34  5.57364e-35  2.69705e-36  2.75945e-36  3.27661e-38  7.67506e-38 -2.16385e-40 -7.83765e-41 -1.77897e-41 -6.51764e-41 -2.12363e-43
-8.70106e-06  7.11743e-18  0.000200922  3.08124e-17 -0.000613333 -1.02463e-16  -0.00177605  1.90876e-17   0.00839546  8.66274e-17  -0.00205817 -1.21663e-17   -0.0186002 -3.61758e-17   0.00431581  3.24745e-17    0.0220311  4.19303e-17   0.00661005  1.86897e-17   -0.0126236 -6.38969e-17   -0.0139633 -1.20461e-16  -0.00419378  -4.2836e-17   0.00370785  5.95297e-17   0.00548084  7.66501e-17   0.00360985  3.21477e-17   0.00131066 -9.55212e-18  -2.6438e-05 -1.89218e-17 -0.000441318 -5.29193e-18 -0.000396931  9.73663e-18 -0.000240157  1.34701e-17 -0.000115294  7.08009e-18 -4.59566e-05 -7.81419e-19 -1.52222e-05 -3.94243e-18 -3.97869e-06 -2.82508e-18 -6.40057e-07 -8.03367e-19  8.08739e-08  1.90384e-19  1.27372e-07  2.55563e-19  7.03708e-08   6.1004e-20  2.94395e-08 -5.41138e-20  1.05242e-08 -6.91768e-20   3.3588e-09 -4.65095e-20  9.77386e-10   -2.394e-20  2.62382e-10 -1.05482e-20  6.54428e-11 -4.16493e-21  1.52321e-11 -1.41921e-21  3.31744e-12 -3.20783e-22  6.77106e-13  4.03351e-23  1.29601e-13  9.35242e-23  2.32621e-14  5.63273e-23  3.91314e-15  1.96171e-23  6.16271e-16  2.48137e-24   9.0726e-17 -1.82346e-24  1.24614e-17  -1.5895e-24  1.59314e-18 -7.45595e-25  1.89057e-19 -2.54265e-25  2.07572e-20 -6.64744e-26  2.10059e-21 -1.28463e-26  1.95078e-22  -1.4086e-27  1.65399e-23  1.54006e-28  1.27258e-24  1.36984e-28   8.8207e-26  4.56995e-29  5.45893e-27   1.0993e-29  2.98227e-28  2.11046e-30  1.41612e-29  3.31979e-31  5.71082e-31  4.28286e-32   1.8789e-32  4.47141e-33  4.61591e-34  3.67422e-34  6.06405e-36   2.2553e-35 -1.08477e-37  9.24529e-37 -9.61999e-39  1.76241e-38 -3.14224e-40 -2.56176e-40 -5.15132e-42  -1.2375e-41
-4.95142e-18 -1.27712e-06  1.31044e-17  0.000316464   3.9713e-17  -0.00144892 -9.84351e-17   -0.0002798 -8.33237e-18   0.00896532  6.75932e-17  -0.00550757 -1.62337e-18   -0.0172372 -1.23936e-17   0.00556769  4.19303e-17      0.02129  6.33849e-17   0.00751008  2.42242e-17   -0.0110954 -9.10262e-17   -0.0143194 -1.40155e-16  -0.00613197 -4.98315e-17   0.00198678  5.43005e-17   0.00492907  7.37983e-17   0.00398635  3.20561e-17   0.00198212 -7.87515e-18  0.000519679 -1.53251e-17 -0.000131441  1.44756e-19 -0.000267989  1.53359e-17 -0.000206079  1.70253e-17 -0.000116672  8.19961e-18 -5.46689e-05 -7.31193e-19 -2.21194e-05 -3.83132e-18 -7.86487e-06 -2.54766e-18 -2.46678e-06 -6.09014e-19 -6.75834e-07  2.39073e-19 -1.56346e-07  2.38472e-19 -2.74255e-08  3.93457e-20 -1.86824e-09 -6.72039e-20  1.14964e-09 -7.70983e-20  7.19781e-10 -5.18815e-20  2.76358e-10 -2.74625e-20  8.62001e-11 -1.25497e-20  2.34813e-11 -5.07967e-21  5.75289e-12 -1.72255e-21  1.28612e-12 -3.78666e-22  2.64406e-13  3.85059e-23  5.01937e-14  9.05353e-23  8.81558e-15  4.95577e-23  1.43301e-15  1.44399e-23  2.15423e-16  1.62864e-25  2.98925e-17 -2.43058e-24  3.81735e-18 -1.60658e-24  4.46723e-19 -6.72789e-25  4.76215e-20 -2.11108e-25  4.58547e-21 -5.08978e-26  3.93832e-22 -8.83145e-27  2.95592e-23 -7.04429e-28  1.86559e-24  1.97302e-28  9.01804e-26  1.12598e-28  2.20768e-27  3.33252e-29 -1.41352e-28  7.35966e-30 -2.50427e-29   1.3049e-30 -2.16961e-30  1.89117e-31 -1.38452e-31  2.23253e-32 -7.04515e-33  2.10875e-33 -2.92457e-34  1.53875e-34 -9.94586e-36  8.10663e-36 -2.76278e-37   2.6365e-37  -6.1754e-39  2.67295e-39 -1.01317e-40 -1.00423e-40  -7.7891e-43
 -6.8005e-06 -1.17147e-17  5.96743e-05  1.84705e-17  0.000256776  4.61055e-17  -0.00217501 -8.33681e-17   0.00177191 -2.88528e-17   0.00837659  3.52907e-17  -0.00833544 -2.31801e-18   -0.0157282  6.84822e-18   0.00661005  6.33849e-17    0.0207074  9.34566e-17   0.00831287  2.64941e-17  -0.00959502 -1.13881e-16   -0.0143775 -1.55866e-16  -0.00782629 -5.93941e-17  0.000144806  4.38701e-17   0.00399964  6.47116e-17   0.00399617  2.67557e-17   0.00244788 -8.47058e-18   0.00101527 -1.12698e-17   0.00021104  7.11203e-18 -8.59574e-05   2.1912e-17 -0.000128881  2.07783e-17 -9.14269e-05  9.47098e-18 -4.95869e-05 -2.34178e-19  -2.2763e-05 -3.22348e-18 -9.21333e-06 -1.95733e-18 -3.35843e-06 -2.78174e-19 -1.11653e-06  3.39234e-19 -3.41336e-07   2.4236e-19 -9.65033e-08  2.66299e-20 -2.53387e-08 -7.65497e-20 -6.20025e-09 -8.31751e-20 -1.41853e-09  -5.6134e-20 -3.04562e-10 -3.02669e-20 -6.16603e-11 -1.40868e-20 -1.18498e-11 -5.71315e-21 -2.18133e-12 -1.89013e-21 -3.88967e-13 -3.95006e-22 -6.79809e-14  3.80061e-23 -1.17483e-14  8.13703e-23 -2.01191e-15  3.94555e-23 -3.39397e-16  8.64673e-24 -5.57283e-17 -1.88386e-24 -8.78188e-18 -2.76959e-24 -1.31084e-18 -1.50758e-24 -1.83359e-19 -5.69329e-25 -2.38341e-20  -1.6431e-25 -2.85998e-21 -3.62826e-26 -3.15046e-22 -5.51205e-27 -3.16962e-23 -2.20469e-28 -2.89749e-24  1.98359e-28 -2.39332e-25  8.57227e-29 -1.77502e-26  2.26902e-29  -1.1734e-27  4.59514e-30 -6.85463e-29  7.50002e-31 -3.50293e-30  9.97059e-32 -1.54762e-31  1.07077e-32 -5.83129e-33  9.07426e-34 -1.84513e-34  5.80205e-35 -4.82285e-36  2.55864e-36 -1.02404e-37  6.17071e-38 -1.70544e-39  5.53679e-41 -1.86997e-41 -2.04972e-41
 2.72582e-18  -1.7892e-05 -1.87061e-17  0.000187287  2.14694e-17 -9.63014e-05  4.94972e-17   -0.0024351  -6.0765e-17   0.00388354 -4.07163e-17   0.00691263 -2.05117e-18   -0.0105247 -1.48789e-17   -0.0141745  1.86897e-17   0.00751008  9.34566e-17    0.0202546  1.26946e-16   0.00905122  2.85268e-17  -0.00811929 -1.29379e-16   -0.0141755  -1.6655e-16  -0.00925125 -7.01953e-17  -0.00172595  2.82922e-17   0.00276411  4.85178e-17   0.00363591  1.53573e-17   0.00264489 -1.20603e-17    0.0013814 -7.40206e-18  0.000522663  1.47854e-17  0.000110096  2.86375e-17 -2.79696e-05  2.43113e-17 -4.73585e-05  1.08692e-17 -3.31023e-05  7.76018e-19 -1.75541e-05 -2.10842e-18 -7.90421e-06 -1.07111e-18 -3.15702e-06  1.82463e-19 -1.14394e-06  4.93857e-19  -3.8118e-07  2.71057e-19 -1.17871e-07  2.52618e-20 -3.40461e-08 -8.06441e-20 -9.23085e-09  -8.6449e-20 -2.35819e-09 -5.86653e-20 -5.69314e-10 -3.19642e-20 -1.30174e-10 -1.49334e-20 -2.82333e-11 -5.97132e-21 -5.81355e-12 -1.90212e-21 -1.13673e-12 -3.72133e-22 -2.10966e-13  3.70721e-23 -3.71234e-14  6.72704e-23 -6.18366e-15  2.77161e-23 -9.72913e-16  3.16554e-24 -1.44215e-16  -3.3745e-24 -2.00804e-17  -2.8164e-24 -2.61784e-18 -1.31792e-24 -3.18402e-19  -4.5182e-25  -3.5991e-20 -1.19722e-25 -3.76513e-21  -2.3976e-26 -3.62867e-22  -3.0561e-27 -3.20547e-23  5.82065e-29 -2.58071e-24  1.71685e-28 -1.88137e-25  6.05459e-29 -1.23265e-26  1.44169e-29 -7.19497e-28  2.67394e-30 -3.70321e-29  4.00398e-31 -1.66055e-30  4.85923e-32 -6.39706e-32  4.71553e-33 -2.08405e-33  3.54927e-34 -5.64592e-35   1.9549e-35 -1.25202e-36   6.9677e-37 -2.23469e-38  1.10192e-38 -3.00053e-40 -1.00493e-40 -2.01818e-42
-2.24337e-06  5.10257e-18 -1.40228e-05 -2.36819e-17  0.000324938  2.14469e-17  -0.00071151  5.04484e-17   -0.0020471 -3.47524e-17    0.0056393 -4.50504e-17   0.00489872 -3.81412e-17   -0.0121379 -3.68627e-17   -0.0126236  2.42242e-17   0.00831287  1.26946e-16    0.0199134  1.58857e-16   0.00975096  3.23107e-17  -0.00665918 -1.35878e-16   -0.0137389  -1.7107e-16   -0.0103856 -8.09024e-17  -0.00353846  7.93622e-18   0.00131109  2.50864e-17    0.0029381 -2.29602e-18   0.00254579 -1.88677e-17   0.00156117 -4.31557e-18  0.000747116  2.21392e-17  0.000279098  3.45944e-17  7.21138e-05  2.72275e-17  2.96117e-06  1.23424e-17 -1.08722e-05  2.27845e-18 -8.76139e-06 -5.54474e-19 -4.75523e-06  4.85408e-20 -2.12874e-06  7.41841e-19 -8.36486e-07  6.91863e-19 -2.96817e-07  3.20982e-19 -9.66064e-08  3.43857e-20 -2.91209e-08 -7.93103e-20  -8.1817e-09 -8.65179e-20 -2.15178e-09 -5.91122e-20 -5.31302e-10 -3.22978e-20 -1.23397e-10 -1.49649e-20 -2.69885e-11 -5.82873e-21 -5.56116e-12 -1.77059e-21 -1.07953e-12 -3.20699e-22 -1.97307e-13  3.39177e-23 -3.39206e-14  5.02534e-23 -5.47776e-15  1.61288e-23 -8.29489e-16 -1.27486e-24 -1.17541e-16 -4.18121e-24 -1.55487e-17 -2.60888e-24 -1.91484e-18 -1.07592e-24 -2.18853e-19  -3.3617e-25 -2.31323e-20 -8.14967e-26 -2.25216e-21 -1.45856e-26 -2.01053e-22 -1.43431e-27 -1.63713e-23  1.78953e-28 -1.20862e-24  1.32578e-28 -8.03245e-26  3.97277e-29 -4.76572e-27  8.54428e-30 -2.49936e-28  1.44905e-30 -1.14518e-29  1.98335e-31 -4.52274e-31   2.1854e-32 -1.51718e-32  1.90121e-33 -4.26381e-34  1.25511e-34 -9.96282e-36  5.82252e-36 -1.94538e-37  1.59204e-37 -3.15541e-39    1.224e-39 -3.57006e-41 -2.70579e-41
 -6.0326e-19 -1.11232e-05  6.05338e-18   3.5835e-05 -2.58132e-17  0.000360233   1.8788e-17   -0.0014063  5.02158e-17   -0.0010536 -9.02271e-18   0.00679612 -4.43765e-17   0.00261044 -6.99841e-17    -0.013258 -6.38969e-17   -0.0110954  2.64941e-17   0.00905122  1.58857e-16    0.0196729  1.85678e-16    0.0104343  3.87301e-17  -0.00520122 -1.32948e-16   -0.0130816 -1.68685e-16    -0.011208 -9.05199e-17  -0.00520785 -1.65499e-17 -0.000255948  -4.9173e-18   0.00196949 -2.54602e-17   0.00216324  -2.8507e-17   0.00152969 -2.45216e-18  0.000847142  2.81718e-17  0.000388257  3.90019e-17  0.000148895  2.92535e-17  4.64974e-05  1.38296e-17  1.04499e-05  4.17308e-18  5.55655e-07  1.30412e-18 -1.05385e-06  1.30191e-18 -7.75169e-07  1.34756e-18 -3.76741e-07  9.09554e-19 -1.50778e-07  3.82066e-19 -5.29821e-08  5.02539e-20 -1.68108e-08  -7.3633e-20 -4.88838e-09 -8.35459e-20 -1.31413e-09 -5.73954e-20 -3.28361e-10  -3.1198e-20 -7.65186e-11 -1.41879e-20 -1.66635e-11  -5.3319e-21 -3.39478e-12 -1.53319e-21 -6.47215e-13 -2.55385e-22 -1.15443e-13  2.76233e-23 -1.92502e-14  3.26886e-23  -2.9973e-15   6.1776e-24 -4.35055e-16 -4.27854e-24 -5.87477e-17  -4.3348e-24 -7.36206e-18 -2.22652e-24 -8.53686e-19 -8.21569e-25 -9.12836e-20  -2.3433e-25 -8.96454e-21 -5.16668e-26 -8.04709e-22 -8.07324e-27 -6.56557e-23 -4.92052e-28 -4.83598e-24   1.9888e-28 -3.18925e-25  9.29558e-29 -1.86392e-26  2.42425e-29 -9.52938e-28  4.72098e-30 -4.19119e-29  7.30613e-31 -1.55196e-30  9.10246e-32 -4.71192e-32  9.04903e-33 -1.14509e-33  6.98961e-34 -2.27719e-35  3.98313e-35   -4.534e-37  1.50905e-36 -1.16649e-38  2.90613e-38 -2.74395e-40 -2.66543e-42 -2.77101e-42
 4.01751e-08  -5.0692e-19 -2.36481e-05  5.02971e-18  0.000142082 -2.57734e-17  0.000195319  1.45005e-17  -0.00193962  5.01373e-17  0.000343268  1.37982e-17   0.00727433 -4.15546e-17  0.000249478 -9.72013e-17   -0.0139633 -9.10262e-17  -0.00959502  2.85268e-17   0.00975096  1.85678e-16    0.0195282  2.05816e-16     0.011122  4.80262e-17  -0.00372765  -1.2097e-16   -0.0122071 -1.59326e-16   -0.0116934 -9.85589e-17  -0.00664954  -4.4298e-17  -0.00182133 -4.00271e-17  0.000827099  -5.2472e-17    0.0015494 -4.00242e-17   0.00129863  -2.0204e-18  0.000812035  3.21411e-17  0.000420713  4.14062e-17     0.000188  3.03016e-17  7.37457e-05  1.52754e-17  2.55228e-05  6.30262e-18  7.74235e-06  3.29067e-18  2.00669e-06  2.56694e-18  4.11788e-07  1.93423e-18   4.7556e-08  1.11569e-18 -9.84644e-09  4.40573e-19 -9.23978e-09   6.7493e-20  -4.0735e-09 -6.54566e-20 -1.39902e-09  -7.8095e-20 -4.13191e-10 -5.36976e-20 -1.08888e-10 -2.87937e-20 -2.60558e-11 -1.27354e-20 -5.71411e-12 -4.58246e-21 -1.15424e-12 -1.24045e-21 -2.15299e-13 -1.90134e-22 -3.71158e-14  1.85491e-23 -5.91093e-15  1.67831e-23 -8.68269e-16 -1.22494e-24 -1.17323e-16 -5.80313e-24 -1.45247e-17 -3.98264e-24 -1.63813e-18 -1.76274e-24 -1.66929e-19 -5.87317e-25 -1.51795e-20 -1.52825e-25 -1.20679e-21 -3.03597e-26 -8.06649e-23 -3.97755e-27 -4.11612e-24 -2.81699e-29 -1.02696e-25  1.68021e-28  8.06071e-27  5.97611e-29  1.46575e-27  1.37672e-29  1.35062e-28   2.4304e-30  9.18954e-30  3.42327e-31  4.94924e-31  3.86318e-32  2.13104e-32  3.43896e-33   7.1964e-34  2.33051e-34  1.81099e-35  1.12275e-35  3.01489e-37  3.32275e-37  2.22118e-39  3.82161e-39 -1.38134e-41 -2.63529e-41
 1.97473e-19 -3.37128e-06  4.86629e-19 -2.27789e-05  2.65563e-18  0.000268145 -2.48116e-17 -0.000185298  9.88821e-18  -0.00211982  5.11896e-17   0.00188342  3.23173e-17   0.00710528 -3.91999e-17  -0.00204796 -1.20461e-16   -0.0143194 -1.13881e-16  -0.00811929  3.23107e-17    0.0104343  2.05816e-16    0.0194792  2.19452e-16    0.0118353  6.03356e-17   -0.0022165 -1.00778e-16   -0.0111091 -1.43643e-16   -0.0118133 -1.05031e-16  -0.00777961  -7.4224e-17  -0.00326218 -7.80207e-17 -0.000369713 -8.09141e-17  0.000789607 -5.20645e-17  0.000913832 -2.94338e-18   0.00065882  3.37385e-17  0.000378461  4.17703e-17  0.000186193  3.04739e-17  8.10541e-05  1.66346e-17  3.17925e-05  8.47855e-18  1.13633e-05  5.21313e-18  3.72909e-06  3.71756e-18  1.12965e-06  2.43506e-18  3.17164e-07  1.27859e-18  8.28084e-08   4.8284e-19  2.01695e-08   8.0794e-20  4.59949e-09 -5.66987e-20  9.86655e-10 -7.08902e-20  2.00419e-10 -4.84013e-20  3.89068e-11 -2.53802e-20   7.3036e-12 -1.08301e-20   1.3428e-12 -3.70769e-21  2.44268e-13 -9.41575e-22  4.41109e-14 -1.34684e-22  7.86489e-15  8.13664e-24  1.36776e-15  4.13512e-24  2.28624e-16 -5.81531e-24   3.6233e-17 -6.08408e-24   5.3848e-18 -3.32531e-24  7.44142e-19 -1.30014e-24  9.50057e-20 -3.93155e-25  1.11469e-20 -9.30477e-26  1.19619e-21 -1.64069e-26  1.16856e-22 -1.66206e-27  1.03397e-23  1.44755e-28  8.23925e-25  1.21286e-28  5.87287e-26  3.54379e-29  3.71388e-27  7.27863e-30  2.06229e-28  1.16481e-30  9.92309e-30  1.48827e-31  4.06395e-31  1.51246e-32  1.38121e-32  1.19459e-33  3.74887e-34    6.996e-35    7.616e-36  2.77001e-36  1.01655e-37  5.97621e-38  6.12531e-40  2.58364e-40   -9.781e-43
