 2.97057e-33  1.32991e-36  6.85671e-34  2.26629e-36 -1.54926e-33 -1.50817e-37 -7.38323e-34 -4.04687e-36  7.63701e-34   9.7286e-36 -1.10341e-32   5.2443e-36  1.29137e-31  2.90798e-36 -1.21771e-30 -1.93502e-36  9.62303e-30  2.72761e-36 -6.46719e-29 -4.39443e-37  3.73766e-28 -2.43045e-36 -1.87307e-27  4.95708e-37    8.189e-27  1.54551e-37 -3.13703e-26 -2.15513e-36  1.05597e-25  1.04572e-35 -3.12801e-25 -4.30714e-35  8.15506e-25   1.6426e-34 -1.86884e-24 -5.73026e-34  3.75358e-24  1.83432e-33 -6.57539e-24 -5.39961e-33  9.96999e-24   1.4639e-32 -1.29328e-23 -3.65936e-32  1.40897e-23  8.44054e-32 -1.24907e-23 -1.79704e-31  8.45941e-24  3.53149e-31 -3.67495e-24  -6.4032e-31  1.46769e-25  1.07039e-30  1.16749e-24 -1.64779e-30  -8.3438e-25  2.33263e-30  1.16015e-25 -3.03123e-30  1.93358e-25  3.60912e-30  -1.1484e-25 -3.92993e-30 -1.18395e-26  3.90797e-30   3.2745e-26 -3.54789e-30 -4.64354e-27   2.9466e-30 -6.59457e-27 -2.25255e-30  1.81301e-27  1.60471e-30  1.15903e-27 -1.08585e-30 -3.81271e-28  7.12853e-31 -1.96721e-28  -4.5954e-31  5.47158e-29  2.88736e-31  3.17745e-29 -1.72441e-31 -4.68746e-30  9.49231e-32 -4.35267e-30 -4.69024e-32  -1.7452e-32  2.04108e-32  4.31214e-31  -7.7255e-33  6.62862e-32  2.52116e-33 -2.36473e-32 -7.02167e-34 -8.56286e-33  1.62856e-34 -7.11637e-36 -2.92519e-35  4.53406e-34  3.14572e-36  7.73529e-35  1.19119e-37  -4.6424e-36 -9.83797e-38 -3.19768e-36   1.9856e-39 -3.65483e-37  5.66541e-39  1.45777e-38 -1.24508e-39  7.87845e-39  6.13205e-41  7.31881e-40  6.76172e-42  4.84742e-42   3.9044e-43 -3.83847e-42 -1.79382e-43  -2.7085e-43  4.11272e-47 -5.43255e-45  8.91082e-46  5.90268e-47 -1.02087e-47
 1.32991e-36   5.3909e-33  5.37154e-36  1.22179e-33  9.22576e-36 -1.06703e-33 -2.04927e-37 -3.11435e-33  2.69346e-36  3.83079e-32  1.62203e-35  -4.9445e-31  2.85107e-36  5.14853e-30  5.73052e-36 -4.44651e-29 -4.10774e-36  3.24396e-28  9.13756e-36 -2.02508e-27 -7.96962e-37  1.09215e-26 -5.60682e-36 -5.12492e-26 -1.84581e-37  2.10339e-25  7.46927e-36 -7.57773e-25 -3.87272e-35  2.40151e-24  1.69433e-34 -6.70058e-24 -6.70605e-34  1.64511e-23  2.43336e-33 -3.54697e-23 -8.09655e-33  6.69049e-23  2.47634e-32  -1.0974e-22 -6.97522e-32  1.55074e-22  1.81204e-31 -1.86094e-22 -4.34594e-31  1.85249e-22  9.62906e-31 -1.46589e-22 -1.97135e-30   8.3767e-23  3.72855e-30 -2.39972e-23 -6.51106e-30  -1.0141e-23  1.04869e-29   1.5593e-23 -1.55555e-29 -6.53523e-24  2.12099e-29 -1.29148e-24 -2.65222e-29  2.53008e-24  3.03357e-29 -6.26797e-25 -3.16478e-29 -4.67458e-25  3.00336e-29  2.78627e-25 -2.58769e-29  5.29841e-26  2.02451e-29  -6.9559e-26 -1.44479e-29 -3.62117e-27  9.52371e-30  1.36243e-26 -5.93835e-30  3.25184e-28  3.61696e-30 -2.25626e-27 -2.20422e-30 -1.44185e-28  1.33698e-30  3.07256e-28  -7.7977e-31   4.7021e-29  4.19052e-31 -3.05963e-29 -2.00605e-31 -8.96252e-30  8.37372e-32    1.619e-30 -3.01395e-32  1.01196e-30  9.31229e-33  4.31915e-32 -2.45905e-33 -5.96303e-32  5.41865e-34 -1.26886e-32 -9.01979e-35  7.90822e-34   7.0288e-36  6.68947e-34  1.44522e-36  8.11886e-35 -5.11536e-37 -6.76045e-36  1.72477e-38 -2.91377e-36  1.91539e-38 -2.72678e-37 -3.42751e-39   7.9144e-39 -2.60518e-41  3.69444e-39  4.03827e-41  2.85788e-40  1.58432e-42  4.43829e-42 -5.53797e-43 -5.14401e-43 -6.16325e-46 -2.51946e-44  1.44379e-45  -1.9191e-46
 6.85671e-34  5.37154e-36  5.90858e-33   1.0503e-35  6.43594e-34   2.3639e-35  4.19138e-33 -6.11668e-37 -8.77475e-32  1.93171e-35  1.26009e-30  1.86635e-35 -1.45529e-29  -9.2445e-37  1.37957e-28  5.45804e-36   -1.096e-27 -8.75328e-36  7.40733e-27  1.92774e-35 -4.30645e-26 -9.05806e-37  2.17161e-25 -6.20882e-36 -9.55669e-25 -1.84264e-35  3.68638e-24  1.01194e-34 -1.24999e-23 -4.63382e-34  3.73154e-23  1.91341e-33 -9.80889e-23 -7.20958e-33  2.26765e-22  2.48987e-32 -4.59766e-22 -7.89888e-32  8.13641e-22    2.307e-31 -1.24749e-21 -6.21446e-31  1.63838e-21  1.54608e-30  -1.8104e-21 -3.55595e-30  1.63263e-21   7.5653e-30 -1.13148e-21 -1.48902e-29  5.12703e-22  2.71046e-29 -3.91097e-23 -4.55944e-29 -1.50408e-22  7.07855e-29  1.15981e-22 -1.01241e-28 -2.03888e-23  1.33087e-28 -2.50444e-23 -1.60335e-28  1.67005e-23  1.76425e-28  8.55891e-25  -1.7663e-28 -4.58037e-24  1.60243e-28  8.68989e-25 -1.31238e-28  8.94354e-25  9.68056e-29 -3.04092e-25 -6.44261e-29 -1.53758e-25  3.91094e-29  6.38067e-26 -2.22581e-29  2.62288e-26  1.24392e-29 -9.58853e-27 -7.13247e-30 -4.40394e-27  4.19646e-30   9.4676e-28 -2.41021e-30  6.41731e-28  1.27168e-30 -2.82726e-29 -5.90374e-31 -6.88497e-29  2.35665e-31 -7.74041e-30 -8.02466e-32  4.32247e-30   2.3398e-32  1.26929e-30  -5.8892e-33 -5.33841e-32  1.25642e-33  -7.7704e-32 -1.98973e-34 -1.07559e-32  9.76931e-36   1.2428e-33  5.65108e-36  5.48522e-34 -1.55558e-36  5.08861e-35  3.57075e-38 -4.36638e-36  5.06861e-38 -1.41044e-36 -6.80261e-39 -1.10493e-37 -4.91786e-40  1.22664e-39  1.15952e-40  7.65492e-40  4.22354e-42  4.65154e-41 -1.01841e-42  7.08971e-43 -4.77989e-45 -1.55732e-44  1.16521e-45
 2.26629e-36  1.22179e-33   1.0503e-35  5.44452e-33  9.68886e-36 -6.60142e-33  4.32707e-35  1.49007e-31  1.04022e-36 -2.45454e-30  3.45297e-35  3.16677e-29  1.81941e-35 -3.31153e-28   -9.638e-37  2.87533e-27  7.04701e-37 -2.10956e-26 -1.78267e-35  1.32474e-25  3.19326e-35 -7.18907e-25 -5.53233e-36  3.39567e-24  2.77563e-35 -1.40332e-23 -2.15655e-34  5.09263e-23  1.02811e-33 -1.62643e-22 -4.41926e-33  4.57527e-22  1.72975e-32 -1.13313e-21 -6.19335e-32  2.46598e-21  2.03501e-31 -4.69834e-21 -6.15157e-31  7.79085e-21  1.71443e-30 -1.11423e-20 -4.41296e-30  1.35532e-20  1.05056e-29 -1.37068e-20 -2.31536e-29  1.10643e-20  4.72681e-29 -6.51342e-21  -8.9396e-29  2.02109e-21  1.56567e-28  6.66216e-22 -2.53693e-28 -1.19362e-21  3.79742e-28   5.4587e-22 -5.23976e-28  7.38064e-23  6.64614e-28 -1.98457e-22 -7.72253e-28  5.82391e-23  8.18598e-28   3.4049e-23 -7.87748e-28  -2.3894e-23  6.84413e-28 -3.09069e-24 -5.33734e-28  5.84168e-24   3.7163e-28  3.19534e-27 -2.30508e-28 -1.14305e-24  1.28234e-28  3.11003e-26 -6.58253e-29  1.92881e-25  3.32221e-29  2.67133e-27 -1.78092e-29 -2.73839e-26  1.02608e-29 -2.83665e-27 -5.88277e-30  2.93893e-27  3.07069e-30  6.84759e-28 -1.38282e-30 -1.86078e-28  5.24911e-31 -8.79288e-29 -1.67609e-31  -9.0429e-32  4.58664e-32  5.90154e-30 -1.11161e-32  1.01642e-30  2.37253e-33 -1.23657e-31 -3.73337e-34 -6.45257e-32  8.92041e-36 -6.15211e-33  1.50241e-35  9.45718e-34 -3.57228e-36  2.88013e-34  1.33515e-38  2.16694e-35  1.14315e-37 -1.47047e-36 -1.10694e-38 -3.91281e-37 -1.54899e-39 -2.58615e-38  2.27289e-40 -9.32076e-41  8.17297e-42   6.4732e-41  -1.2907e-42  2.46803e-42 -9.71047e-45  1.65556e-44
-1.54926e-33  9.22576e-36  6.43594e-34  9.68886e-36  1.23568e-32 -3.78079e-36  -2.0284e-31  5.73466e-35  3.85445e-30  1.22124e-35 -5.60729e-29   3.5999e-35  6.50699e-28  1.87711e-35 -6.20133e-27  2.18874e-36  4.95449e-26 -5.69276e-36 -3.36838e-25 -3.31994e-35  1.97052e-24  5.30808e-35 -1.00019e-23 -6.73623e-35  4.43205e-23  3.81929e-34 -1.72208e-22 -1.96927e-33  5.88435e-22  8.80366e-33 -1.77098e-21 -3.57866e-32  4.69572e-21  1.32818e-31 -1.09563e-20  -4.5164e-31  2.24351e-20  1.41122e-30 -4.01305e-20 -4.06194e-30  6.22539e-20  1.07928e-29 -8.28325e-20 -2.65198e-29  9.29044e-20   6.0348e-29 -8.52983e-20 -1.27313e-28  6.05524e-20   2.4916e-28 -2.86367e-20  -4.5243e-28  3.23273e-21  7.61938e-28  7.67786e-21  -1.1889e-27 -6.43871e-21  1.71587e-27  1.38101e-21 -2.28497e-27   1.2781e-21  2.79852e-27 -9.68248e-22 -3.13948e-27   1.0242e-24  3.21007e-27  2.54338e-22  -2.9738e-27 -6.18854e-23  2.47864e-27 -4.77025e-23 -1.84383e-27  2.00392e-23  1.21354e-27  7.92449e-24 -7.01325e-28 -4.20143e-24  3.55703e-28 -1.35095e-24 -1.62149e-28  6.56441e-25  7.21003e-29  2.37217e-25 -3.57917e-29 -7.20048e-26  2.05875e-29 -3.70949e-26 -1.20492e-29  3.76374e-27  6.28448e-30  4.33266e-27 -2.74175e-30  2.98828e-28  9.80206e-31 -3.08242e-28  -2.8908e-31 -7.28799e-29  7.35154e-32   7.1337e-30 -1.74966e-32  5.23069e-30  3.93829e-33  5.58085e-31 -6.50607e-34 -1.14395e-31  3.76796e-36 -3.69293e-32  3.22888e-35 -2.58565e-33 -6.87028e-36   4.2525e-34 -1.24804e-37   9.9267e-35  2.22429e-37  6.33204e-36 -1.52734e-38 -2.45038e-37 -3.19627e-39 -5.93646e-38   3.3952e-40  -3.0604e-39  1.19595e-41 -3.13793e-41 -1.15975e-42  1.38567e-42 -9.12631e-45
-1.50817e-37 -1.06703e-33   2.3639e-35 -6.60142e-33 -3.78079e-36  2.28852e-31 -2.83396e-35 -5.01195e-30  4.97127e-35  8.30969e-29  4.12957e-35 -1.07783e-27  2.05074e-35  1.13315e-26  2.42592e-35 -9.89446e-26  1.65423e-36  7.30241e-25  -7.2603e-36 -4.61428e-24 -6.59825e-35  2.52049e-23  1.61262e-34 -1.19874e-22 -6.40012e-34  4.99009e-22  3.34136e-33 -1.82482e-21 -1.56541e-32  5.87532e-21  6.61219e-32 -1.66704e-20 -2.54474e-31  4.16666e-20   8.9557e-31 -9.15692e-20 -2.89139e-30  1.76314e-19  8.58748e-30 -2.95738e-19 -2.35192e-29  4.28336e-19  5.95238e-29 -5.28482e-19 -1.39465e-28  5.43427e-19  3.02978e-28  -4.4789e-19 -6.11024e-28  2.71884e-19  1.14488e-27 -9.11147e-20 -1.99367e-27 -2.22979e-20  3.22561e-27  4.88076e-20 -4.84396e-27 -2.44037e-20  6.73936e-27 -1.82756e-21 -8.66325e-27  8.29913e-21  1.02513e-26 -2.85982e-21 -1.11139e-26 -1.29328e-21  1.09752e-26  1.09257e-21 -9.80277e-27  7.56903e-23  7.85161e-27 -2.61039e-22 -5.58132e-27  1.41358e-23  3.47745e-27  5.08785e-23 -1.87225e-27 -4.24201e-24  8.60734e-28 -8.73362e-24 -3.41013e-28  3.58266e-25  1.27912e-28  1.29219e-24 -5.77993e-29  6.70587e-26  3.46342e-29 -1.48928e-25 -2.14843e-29 -2.63943e-26  1.13334e-29  1.08948e-26 -4.77198e-30  4.00125e-27  1.58185e-30 -1.97168e-28 -4.19418e-31 -3.07365e-28  9.71799e-32 -4.10043e-29 -2.36254e-32  8.73789e-30  6.06001e-33  3.27512e-30 -1.10224e-33  2.20892e-31 -3.96255e-36 -6.39819e-32  6.03786e-35 -1.49464e-32 -1.16578e-35 -8.34525e-34 -4.54616e-37    1.154e-34   3.7545e-37  2.17733e-35 -1.78297e-38  1.18711e-36 -5.10191e-39 -1.44965e-38  4.04152e-40 -4.06856e-39  1.34619e-41   -1.349e-40 -7.09669e-43  -8.1016e-43
-7.38323e-34 -2.04927e-37  4.19138e-33  4.32707e-35  -2.0284e-31 -2.83396e-35  5.46845e-30 -5.44174e-35 -1.04669e-28  9.36092e-36   1.5308e-27  8.98306e-35 -1.78599e-26 -6.82533e-36  1.71171e-25  3.56261e-35 -1.37566e-24 -1.25209e-35  9.41094e-24  1.59884e-35 -5.54151e-23 -2.24095e-34  2.83215e-22  1.01428e-33  -1.2641e-21 -5.19263e-33  4.94933e-21  2.53205e-32 -1.70489e-20 -1.11432e-31  5.17519e-20  4.45195e-31 -1.38472e-19  -1.6229e-30  3.26243e-19  5.41668e-30 -6.75036e-19 -1.66026e-29  1.22114e-18  4.68548e-29 -1.91781e-18 -1.22031e-28  2.58697e-18  2.93918e-28 -2.94732e-18 -6.55905e-28  2.75739e-18  1.35845e-27 -2.00697e-18 -2.61489e-27   9.9112e-19  4.68331e-27 -1.48388e-19  -7.8092e-27 -2.39737e-19  1.21227e-26  2.20849e-19 -1.75046e-26 -5.64089e-20  2.34666e-26 -3.95674e-20 -2.91202e-26  3.46155e-20  3.33095e-26 -1.88328e-21 -3.49312e-26 -8.65804e-21  3.33577e-26  2.63662e-21 -2.87689e-26  1.53888e-21  2.21805e-26 -8.04935e-22 -1.50931e-26 -2.42056e-22  8.91513e-27  1.68706e-22 -4.47121e-27  4.08175e-23   1.8505e-27 -2.72678e-23 -6.16877e-28 -7.57713e-24  1.77977e-28  3.25263e-24 -7.01292e-29  1.29134e-24  4.89534e-29 -2.24693e-25 -3.43232e-29 -1.65727e-25  1.85517e-29  -3.5007e-27 -7.48368e-30   1.3301e-26   2.2451e-30  2.46842e-27 -5.08349e-31   -4.379e-28  1.02245e-31 -2.13581e-28 -2.77192e-32  -1.5662e-29  8.97295e-33  6.00716e-30 -1.83256e-33  1.50323e-30 -1.09752e-35  6.71838e-32   1.0173e-34 -2.32883e-32 -1.79211e-35 -4.23085e-33 -1.00869e-36  -2.0376e-34  5.53413e-37   1.7761e-35 -1.70774e-38  2.78524e-36 -6.67601e-39  1.21005e-37  3.89259e-40  3.60629e-40  1.16011e-41 -7.92116e-41 -2.51496e-43
-4.04687e-36 -3.11435e-33 -6.11668e-37  1.49007e-31  5.73466e-35 -5.01195e-30 -5.44174e-35  1.12952e-28 -7.23864e-35 -1.88282e-27 -6.03111e-35  2.45536e-26  1.49317e-34 -2.59595e-25 -4.02537e-35  2.28018e-24  5.19901e-35 -1.69332e-23 -6.31435e-35  1.07699e-22  2.04981e-34 -5.92343e-22 -1.38297e-33  2.83761e-21  7.47995e-33 -1.19026e-20 -3.77994e-32  4.38781e-20  1.73473e-31 -1.42481e-19 -7.20859e-31  4.07942e-19  2.72577e-30 -1.02948e-18 -9.41649e-30  2.28588e-18  2.98163e-29 -4.45049e-18 -8.67731e-29  7.55553e-18  2.32667e-28 -1.10895e-17  -5.7603e-28  1.38883e-17  1.31943e-27 -1.45321e-17 -2.80145e-27  1.22405e-17  5.52368e-27 -7.66902e-18 -1.01313e-26  2.76814e-18  1.73118e-26  4.61301e-19 -2.75887e-26  -1.3405e-18  4.10219e-26  7.34811e-19 -5.68802e-26  1.18398e-20  7.34181e-26 -2.32486e-19 -8.79348e-26  9.36282e-20  9.72741e-26  3.18014e-20 -9.87657e-26  -3.3499e-20  9.13256e-26 -2.95456e-22 -7.61698e-26  7.79623e-21  5.66238e-26 -8.85946e-22 -3.69464e-26 -1.50746e-21  2.07186e-26  2.21773e-22 -9.67718e-27  2.62687e-22  3.57468e-27 -2.71683e-23 -9.49885e-28 -4.05121e-23  1.58631e-28  1.72512e-25 -4.34648e-29  5.00728e-24  5.68515e-29  6.14821e-25 -5.05178e-29 -4.14747e-25  2.82693e-29 -1.18828e-25 -1.08046e-29  1.35823e-26  2.83074e-30  1.05843e-26  -4.8873e-31   9.9571e-28  7.16783e-32  -3.8201e-28 -2.81339e-32 -1.09467e-28  1.30209e-32 -3.91953e-30 -2.95294e-33  2.74477e-30  -1.3645e-35  5.09826e-31  1.56853e-34  1.71633e-32 -2.52533e-35 -5.47145e-33 -1.74198e-36 -7.98494e-34  7.16873e-37 -3.41144e-35 -1.22618e-38  1.29722e-36  -7.3366e-39  1.70922e-37  3.01966e-40    4.802e-39  7.36879e-42  1.87613e-41
 7.63701e-34  2.69346e-36 -8.77475e-32  1.04022e-36  3.85445e-30  4.97127e-35 -1.04669e-28 -7.23864e-35   2.0162e-27 -7.87509e-35 -2.96466e-26 -1.42733e-34  3.47843e-25  2.06039e-34 -3.35353e-24 -7.97156e-35  2.71194e-23  8.87621e-35 -1.86738e-22 -3.09592e-34  1.10715e-21  1.64232e-33 -5.69936e-21 -9.88328e-33  2.56325e-20  5.24901e-32 -1.01168e-19 -2.51552e-31   3.5146e-19  1.08938e-30 -1.07649e-18 -4.28054e-30    2.908e-18  1.53292e-29 -6.92154e-18 -5.02138e-29  1.44791e-17  1.50907e-28 -2.65048e-17 -4.17132e-28  4.21685e-17  1.06282e-27 -5.77064e-17 -2.50106e-27  6.68343e-17  5.44581e-27 -6.37699e-17 -1.09921e-26  4.76347e-17  2.06069e-26 -2.45747e-17 -3.59516e-26   4.5896e-18  5.84871e-26  5.27379e-18  -8.8878e-26 -5.40795e-18  1.26305e-25  1.61705e-18 -1.67872e-25  8.51948e-19  2.08382e-25 -8.81495e-19 -2.40803e-25  9.65521e-20  2.57703e-25  2.08259e-19 -2.53583e-25 -7.83723e-20  2.27364e-25 -3.43593e-20 -1.83693e-25  2.28141e-20  1.31896e-25  4.92753e-21  -8.2661e-26 -4.77821e-21  4.40652e-26  -8.0393e-22  -1.9158e-26  7.95829e-22  6.24519e-27  1.61515e-22 -1.19036e-27 -1.01877e-22 -5.25433e-29 -3.09041e-23  6.82249e-29  8.43722e-24  4.99276e-29  4.43006e-24 -7.05068e-29 -1.52851e-25  4.09553e-29 -4.01601e-25 -1.46393e-29 -5.52168e-26  3.18881e-30  1.69943e-26 -2.96031e-31  6.08543e-27  -9.4254e-33  2.18622e-28 -2.36519e-32  -2.1394e-28  1.85032e-32 -4.24545e-29 -4.53599e-33 -6.10642e-31 -8.53596e-36  8.60394e-31  2.22615e-34  1.25404e-31 -3.27413e-35  3.77611e-33 -2.52853e-36 -7.77559e-34  8.20044e-37 -9.11721e-35 -4.33985e-39 -3.23359e-36 -6.82139e-39  2.54404e-38  1.83924e-40    3.115e-39  3.03679e-42
  9.7286e-36  3.83079e-32  1.93171e-35 -2.45454e-30  1.22124e-35  8.30969e-29  9.36092e-36 -1.88282e-27 -7.87509e-35  3.15566e-26 -7.57065e-35 -4.13849e-25 -2.19185e-34   4.4014e-24  2.50327e-34 -3.89008e-23 -1.44494e-34  2.90776e-22  3.12545e-34 -1.86211e-21 -1.98083e-33  1.03157e-20  1.20184e-32 -4.97933e-20 -6.78664e-32  2.10541e-19  3.41466e-31  -7.8273e-19 -1.54483e-30  2.56453e-18  6.32053e-30 -7.41262e-18 -2.35026e-29  1.88966e-17  7.97615e-29 -4.24151e-17 -2.47889e-28  8.35486e-17  7.07469e-28 -1.43648e-16 -1.85833e-27    2.138e-16  4.50115e-27 -2.71994e-16 -1.00701e-26  2.89847e-16   2.0842e-26 -2.49739e-16  -3.9973e-26  1.61633e-16  7.11762e-26 -6.26797e-17 -1.17924e-25 -5.91325e-18  1.82241e-25  2.73049e-17 -2.63383e-25 -1.64723e-17  3.56762e-25  6.86856e-19 -4.53442e-25   4.8125e-18  5.40422e-25 -2.26306e-18 -6.02123e-25 -5.45233e-19   6.2358e-25  7.60591e-19  -5.9533e-25 -4.05705e-20   5.1841e-25 -1.71586e-19 -4.06462e-25  3.09299e-20  2.82411e-25  3.27212e-20 -1.70284e-25 -7.27747e-21  8.63955e-26  -5.7718e-21 -3.49316e-26  1.02596e-21  9.89401e-27  9.28863e-22  -1.0239e-27 -6.33367e-23 -6.40574e-28 -1.23243e-22  3.20964e-28 -8.23735e-24  2.14407e-29  1.14278e-23 -9.57978e-29  2.50241e-24  5.72364e-29 -5.17774e-25 -1.89428e-29 -2.65428e-25   3.2276e-30 -1.36991e-26  1.06211e-31  1.17848e-26 -1.49621e-31  2.64033e-27 -1.33704e-32 -7.55803e-30  2.54423e-32 -8.40241e-29 -6.56545e-33 -1.25158e-29  7.47041e-36 -7.65373e-32  2.91336e-34  1.81277e-31 -3.90562e-35   2.1226e-32  -3.1959e-36  6.23515e-34   8.3082e-37 -5.79532e-35  4.11613e-39 -5.17691e-36 -5.33661e-39 -1.20813e-37  8.27973e-41 -1.77105e-40
-1.10341e-32  1.62203e-35  1.26009e-30  3.45297e-35 -5.60729e-29  4.12957e-35   1.5308e-27 -6.03111e-35 -2.96466e-26 -7.57065e-35  4.38396e-25 -6.70908e-35 -5.17418e-24 -2.80672e-34  5.01943e-23  2.94215e-34 -4.08565e-22 -3.94392e-34  2.83261e-21  2.01388e-33 -1.69155e-20 -1.37363e-32  8.77398e-20  8.18005e-32 -3.97767e-19 -4.34668e-31  1.58321e-18  2.06249e-30 -5.54935e-18 -8.80884e-30  1.71584e-17  3.40746e-29 -4.68192e-17 -1.19976e-28  1.12639e-16   3.8606e-28 -2.38355e-16 -1.13898e-27  4.41783e-16  3.08872e-27 -7.12495e-16 -7.71454e-27  9.89877e-16  1.77741e-26 -1.16638e-15 -3.78244e-26  1.13603e-15  7.44359e-26 -8.71709e-16 -1.35642e-25  4.69974e-16   2.2926e-25 -1.05289e-16 -3.60218e-25 -8.74893e-17  5.27681e-25  1.01706e-16 -7.23219e-25 -3.51745e-17  9.30719e-25 -1.35403e-17 -1.12776e-24  1.71954e-17  1.28758e-24 -2.87852e-18 -1.38172e-24 -3.79404e-18   1.3851e-24  1.75869e-18  -1.2846e-24  5.61298e-19  1.08847e-24 -4.91386e-19 -8.29953e-25 -6.74255e-20  5.59126e-25  1.02717e-19 -3.24911e-25  9.97887e-21  1.57059e-25 -1.75722e-20 -5.89716e-26 -2.32382e-21  1.41944e-26  2.39364e-21  5.05125e-29  5.34615e-22 -1.82928e-27 -2.26977e-22  7.64814e-28 -8.83047e-23 -3.00159e-29  9.16686e-24  -1.2859e-28  9.11762e-24  7.75786e-29  8.11051e-25 -2.37707e-29 -4.73022e-25  2.98675e-30 -1.29148e-25   7.0449e-31  1.20755e-27 -3.48682e-31  5.63411e-27  3.57015e-33  8.83706e-28  3.33972e-32 -2.25274e-29 -8.90107e-33 -2.34397e-29  3.64141e-35  -2.7521e-30  3.51678e-34 -2.03163e-32 -4.28085e-35  2.40357e-32 -3.58419e-36  2.23324e-33  7.46178e-37  5.96971e-35  1.01182e-38  -1.6247e-36 -3.43877e-39 -8.94303e-38  2.35437e-41
  5.2443e-36  -4.9445e-31  1.86635e-35  3.16677e-29   3.5999e-35 -1.07783e-27  8.98306e-35  2.45536e-26 -1.42733e-34 -4.13849e-25 -6.70908e-35   5.4596e-24 -5.50546e-35 -5.84256e-23 -3.39338e-34  5.19756e-22  4.75254e-34 -3.91175e-21 -2.04542e-33  2.52314e-20  1.41938e-32 -1.40837e-19  -9.1957e-32  6.85258e-19  5.18805e-31 -2.92193e-18 -2.59567e-30  1.09598e-17  1.16158e-29 -3.62476e-17 -4.68588e-29  1.05822e-16  1.71458e-28  -2.7265e-16 -5.71859e-28  6.18986e-16  1.74542e-27  -1.2343e-15 -4.89034e-27  2.15062e-15  1.26079e-26 -3.24815e-15 -2.99615e-26  4.20084e-15  6.57106e-26 -4.56294e-15 -1.33116e-25  4.02542e-15  2.49254e-25 -2.69357e-15 -4.31732e-25  1.11959e-15   6.9258e-25  3.00957e-17 -1.03106e-24 -4.35652e-16  1.42893e-24  2.90791e-16 -1.85167e-24 -2.88384e-17  2.25543e-24 -7.76352e-17 -2.59538e-24  4.27692e-17  2.82987e-24  6.48919e-18 -2.92035e-24 -1.35093e-17  2.83422e-24  1.60571e-18 -2.55752e-24  2.93288e-18  2.11356e-24 -7.55743e-19 -1.57115e-24 -5.46731e-19  1.02859e-24  1.72843e-19 -5.77056e-25  9.72036e-20  2.66002e-25  -2.6424e-20 -9.25559e-26 -1.63655e-20  1.83109e-26  2.37945e-21  2.67036e-27  2.34038e-21 -3.82134e-27  1.38906e-23  1.42144e-27 -2.41792e-22 -9.90666e-29 -3.81801e-23 -1.69769e-28  1.37541e-23  1.01597e-28  5.09382e-24 -2.92847e-29  1.13599e-26  2.68403e-30 -2.75147e-25  1.42711e-30 -4.78764e-26 -5.97248e-31  2.63963e-27  2.79292e-32  1.95693e-27  4.14398e-32  2.29803e-28 -1.12744e-32 -7.39148e-30  7.79315e-35 -4.52276e-30  3.91495e-34 -4.27969e-31 -4.30517e-35 -5.47795e-33 -3.60333e-36  1.75773e-33  5.93233e-37  1.19757e-34  1.18929e-38  2.24355e-36 -1.73416e-39 -4.73965e-39
 1.29137e-31  2.85107e-36 -1.45529e-29  1.81941e-35  6.50699e-28  2.05074e-35 -1.78599e-26  1.49317e-34  3.47843e-25 -2.19185e-34 -5.17418e-24 -5.50546e-35  6.14483e-23 -3.66328e-35 -5.99999e-22 -4.92392e-34   4.9173e-21  1.81171e-33 -3.43379e-20 -1.35695e-32  2.06612e-19  9.51288e-32 -1.08025e-18 -5.78715e-31  4.93852e-18  3.07591e-30 -1.98313e-17 -1.45013e-29   7.0165e-17  6.12385e-29 -2.19111e-16 -2.33442e-28  6.04219e-16  8.08221e-28 -1.47011e-15 -2.55398e-27  3.14874e-15  7.39529e-27 -5.91289e-15 -1.96825e-26  9.67334e-15  4.82596e-26 -1.36541e-14 -1.09179e-25  1.63819e-14  2.28108e-25 -1.63017e-14 -4.40301e-25  1.28617e-14  7.85225e-25 -7.24896e-15  -1.2939e-24  1.89608e-15  1.97095e-24  1.13384e-15 -2.77925e-24 -1.53462e-15  3.63863e-24  6.08817e-16 -4.44503e-24  1.61558e-16  5.10284e-24 -2.68287e-16 -5.54956e-24  6.15206e-17  5.75484e-24  5.43729e-17 -5.69839e-24 -3.12449e-17  5.35477e-24 -6.75789e-18 -4.71089e-24  8.40613e-18  3.80822e-24  5.13033e-19 -2.76824e-24 -1.74983e-18  1.76563e-24  -4.4587e-20  -9.5803e-25  3.06558e-19  4.21402e-25  1.89933e-20 -1.35471e-25 -4.41911e-20  2.08664e-26 -6.63492e-21  7.46152e-27  4.68131e-21 -6.70683e-27  1.35135e-21   2.2621e-27 -2.68514e-22 -1.76383e-28 -1.62038e-22 -2.15506e-28  -5.8824e-24  1.27257e-28  1.00863e-23  -3.5718e-29  2.10254e-24  2.70361e-30 -1.47078e-25  2.15599e-30  -1.1529e-25 -8.77625e-31 -1.38148e-26  5.96752e-32  1.18059e-27  4.83226e-32  4.95343e-28 -1.33265e-32  4.57917e-29  1.28776e-34 -1.14445e-30  4.01694e-34 -5.64726e-31 -3.96784e-35 -4.23863e-32 -3.26265e-36 -6.95117e-34  4.15466e-37  5.33888e-35  9.79783e-39  2.00263e-36 -5.95452e-40
 2.90798e-36  5.14853e-30  -9.2445e-37 -3.31153e-28  1.87711e-35  1.13315e-26 -6.82533e-36 -2.59595e-25  2.06039e-34   4.4014e-24 -2.80672e-34 -5.84256e-23 -3.66328e-35  6.29322e-22  1.93536e-35 -5.63688e-21 -1.41687e-33  4.27297e-20  1.13125e-32 -2.77703e-19 -8.97272e-32  1.56246e-18  5.97389e-31  -7.6662e-18 -3.41635e-30  3.29785e-17  1.71059e-29 -1.24857e-16 -7.60544e-29  4.17043e-16  3.03252e-28 -1.23036e-15 -1.09273e-27  3.20561e-15  3.58022e-27 -7.36509e-15 -1.07191e-26  1.48768e-14  2.94446e-26 -2.62859e-14 -7.44427e-26   4.0316e-14  1.73622e-25 -5.30481e-14 -3.74091e-25  5.87839e-14  7.45095e-25 -5.31473e-14 -1.37171e-24   3.6798e-14  2.33271e-24 -1.63595e-14  -3.6614e-24   5.9782e-16  5.30129e-24  5.62975e-15 -7.08322e-24 -4.18906e-15  8.75299e-24  6.57748e-16 -1.00543e-23  1.00697e-15  1.08288e-23 -6.55452e-16 -1.10644e-23 -4.50548e-17  1.08513e-23  1.94148e-16 -1.02765e-23 -3.68845e-17  9.35089e-24 -4.01202e-17 -8.04206e-24  1.41248e-17  6.38391e-24  7.20698e-18 -4.55478e-24 -3.18221e-18   2.8386e-24 -1.28229e-18 -1.49236e-24  5.14792e-19  6.26578e-25  2.27059e-19 -1.85291e-25 -5.59102e-20  2.00959e-26 -3.53118e-20  1.48029e-26   2.2977e-21 -1.03619e-26  4.07071e-21  3.19488e-27  3.99901e-22 -2.55692e-28 -2.78022e-22 -2.53939e-28 -7.66076e-23  1.50478e-28  4.66034e-24 -4.33122e-29  5.06686e-24  3.50498e-30  6.55966e-25    2.757e-30 -8.99213e-26  -1.1646e-30 -3.60035e-26  9.69333e-32 -3.15132e-27   5.2763e-32  2.99447e-28 -1.46865e-32  8.87077e-29  1.84029e-34  6.64765e-30  3.79511e-34 -6.96706e-32 -3.34776e-35 -4.01618e-32 -2.66103e-36 -2.18722e-33  2.53438e-37 -3.00834e-35  5.84925e-39  2.68845e-37
-1.21771e-30  5.73052e-36  1.37957e-28   -9.638e-37 -6.20133e-27  2.42592e-35  1.71171e-25 -4.02537e-35 -3.35353e-24  2.50327e-34  5.01943e-23 -3.39338e-34 -5.99999e-22  1.93536e-35  5.89874e-21  3.47031e-34 -4.86917e-20 -7.74623e-33  3.42594e-19   7.4152e-32 -2.07783e-18 -5.61503e-31  1.09549e-17   3.5209e-30 -5.05253e-17 -1.89587e-29  2.04787e-16  8.95039e-29 -7.31719e-16 -3.75582e-28  2.30897e-15  1.41471e-27 -6.43817e-15  -4.8199e-27  1.58511e-14  1.49447e-26 -3.43845e-14 -4.23861e-26  6.54621e-14  1.10426e-25 -1.08713e-13 -2.65143e-25  1.56024e-13  5.88176e-25 -1.90765e-13 -1.20721e-24  1.94129e-13  2.29349e-24 -1.57631e-13 -4.03095e-24     9.29e-14  6.54528e-24 -2.78164e-14 -9.80071e-24 -1.16313e-14  1.35084e-23  1.91143e-14 -1.71202e-23 -8.65446e-15  1.99678e-23  -1.3959e-15  -2.1524e-23  3.44219e-15  2.16476e-23 -1.02262e-15 -2.06331e-23 -6.24607e-16  1.89943e-23  4.53396e-16 -1.71224e-23  5.59436e-17  1.50865e-23 -1.17492e-16 -1.27322e-23  1.85701e-18  9.97656e-24  2.42671e-17 -7.01942e-24 -1.22191e-18  4.28887e-24 -4.34032e-18 -2.18868e-24  5.19922e-20  8.76896e-25  6.59939e-19 -2.36979e-25  5.17294e-20  1.41805e-26 -7.70499e-20  2.45652e-26  -1.5866e-20 -1.43735e-26  5.52646e-21  4.06826e-27    2.303e-21 -3.42065e-28 -5.96005e-23 -2.64202e-28 -1.71233e-22  1.65618e-28 -2.62491e-23 -5.22237e-29  4.30095e-24  5.45923e-30  1.88777e-24  3.11893e-30  1.57429e-25 -1.42612e-30 -3.11385e-26   1.3537e-31 -8.36497e-27  5.37385e-32 -5.68728e-28 -1.50765e-32  4.58777e-29  2.38728e-34  1.05126e-29  3.29683e-34  6.31534e-31 -2.58116e-35  1.62109e-33 -1.94524e-36 -1.24831e-33  1.31402e-37 -3.59126e-35  2.27574e-39
-1.93502e-36 -4.44651e-29  5.45804e-36  2.87533e-27  2.18874e-36 -9.89446e-26  3.56261e-35  2.28018e-24 -7.97156e-35 -3.89008e-23  2.94215e-34  5.19756e-22 -4.92392e-34 -5.63688e-21  3.47031e-34  5.08537e-20  2.56663e-33 -3.88411e-19 -4.93405e-32  2.54441e-18  4.63257e-31 -1.44358e-17 -3.30641e-30  7.14552e-17  1.95292e-29 -3.10252e-16 -9.91474e-29  1.18619e-15  4.41766e-28 -4.00341e-15 -1.75093e-27  1.19417e-14  6.23347e-27 -3.14807e-14 -2.00839e-26  7.32431e-14  5.89274e-26 -1.49958e-13 -1.58274e-25  2.68882e-13  3.90894e-25 -4.19107e-13 -8.90946e-25  5.61525e-13   1.8792e-24 -6.35367e-13 -3.67389e-24  5.89274e-13  6.65999e-24 -4.22504e-13 -1.11844e-23  2.00521e-13  1.73632e-23 -1.93789e-14 -2.48453e-23 -6.01752e-14  3.26601e-23  5.04516e-14 -3.93284e-23    -1.09e-14  4.33288e-23 -1.06843e-14 -4.37794e-23  8.34933e-15  4.09347e-23 -9.00918e-17 -3.60926e-23 -2.30667e-15  3.08677e-23  6.22789e-16 -2.62981e-23  4.45941e-16  2.24342e-23 -2.11736e-16 -1.86835e-23 -7.52487e-17  1.45556e-23  4.72613e-17 -1.01603e-23  1.32157e-17  6.11008e-24 -7.98743e-18 -3.03163e-24 -2.48963e-18  1.15769e-24  9.79892e-19 -2.82965e-25  4.28923e-19  1.65806e-27 -6.66557e-20  3.59272e-26 -5.56916e-20 -1.80306e-26 -1.94716e-21  4.69382e-27  4.47556e-21 -4.56883e-28  9.04017e-22 -2.19697e-28 -1.37898e-22  1.67004e-28 -7.54176e-23 -6.23907e-29 -6.45072e-24    8.658e-30  1.95516e-24  3.18545e-30  5.34453e-25 -1.62513e-30  2.99484e-26  1.68799e-31 -7.03895e-27  5.07201e-32 -1.40244e-27 -1.44058e-32 -7.79954e-29  2.87738e-34  3.90517e-30  2.62874e-34   7.2707e-31 -1.81103e-35  3.19505e-32 -1.25849e-36  2.41885e-34  5.48382e-38 -7.29729e-36
 9.62303e-30 -4.10774e-36   -1.096e-27  7.04701e-37  4.95449e-26  1.65423e-36 -1.37566e-24  5.19901e-35  2.71194e-23 -1.44494e-34 -4.08565e-22  4.75254e-34   4.9173e-21 -1.41687e-33 -4.86917e-20  2.56663e-33  4.04974e-19  1.71299e-32 -2.87208e-18 -3.06647e-31  1.75651e-17  2.72736e-30 -9.34251e-17 -1.83421e-29  4.34898e-16  1.02174e-28 -1.78003e-15 -4.89681e-28  6.42627e-15  2.06127e-27 -2.05018e-14 -7.72263e-27  5.78362e-14  2.59981e-26 -1.44178e-13 -7.92323e-26  3.16956e-13  2.19961e-25 -6.12195e-13 -5.59266e-25   1.0328e-12  1.30857e-24 -1.50835e-12 -2.82917e-24  1.88103e-12  5.67016e-24 -1.95938e-12 -1.05554e-23  1.63893e-12  1.82602e-23 -1.01029e-12 -2.93202e-23  3.41156e-13  4.35748e-23  9.32699e-14 -5.96908e-23  -2.0036e-13  7.49958e-23  1.03316e-13 -8.59912e-23  7.02374e-15   8.9635e-23 -3.69877e-14 -8.48842e-23  1.38122e-14   7.3507e-23  5.75939e-15 -5.93837e-23 -5.48956e-15  4.65176e-23 -1.95738e-16 -3.70383e-23  1.36663e-15  3.05823e-23 -1.32534e-16 -2.53532e-23 -2.78484e-16  1.98435e-23  3.76636e-17   -1.385e-23  5.06625e-17  8.23478e-24 -4.81179e-18 -3.97818e-24 -8.11376e-18  1.44409e-24 -2.20356e-20 -3.13727e-25   1.0374e-18 -1.82681e-26  1.35572e-19  4.73763e-26 -8.81625e-20 -2.04077e-26 -2.63217e-20  4.88504e-27  2.83666e-21 -6.35693e-28  2.36779e-21 -9.59185e-29  2.38553e-22  1.51122e-28 -8.36719e-23 -7.33682e-29 -2.51166e-23  1.27724e-29 -1.09243e-24  2.96638e-30  5.88151e-25 -1.72446e-30  1.14615e-25  1.91084e-31  4.71973e-27  4.38299e-32 -1.03302e-27   -1.281e-32 -1.58745e-28  3.23916e-34 -7.27216e-30  1.91999e-34  1.41887e-31 -1.14553e-35  2.27065e-32 -7.01792e-37  5.22899e-34  1.59407e-38
 2.72761e-36  3.24396e-28 -8.75328e-36 -2.10956e-26 -5.69276e-36  7.30241e-25 -1.25209e-35 -1.69332e-23  8.87621e-35  2.90776e-22 -3.94392e-34 -3.91175e-21  1.81171e-33  4.27297e-20 -7.74623e-33 -3.88411e-19  1.71299e-32  2.99023e-18  1.07206e-31 -1.97525e-17 -1.80403e-30  1.13055e-16  1.51355e-29 -5.64803e-16 -9.60281e-29  2.47636e-15  5.05142e-28 -9.56602e-15  -2.2881e-27  3.26397e-14  9.10849e-27 -9.84948e-14 -3.22834e-26  2.62875e-13  1.02829e-25 -6.19733e-13 -2.96502e-25    1.287e-12  7.78761e-25  -2.3435e-12 -1.87355e-24  3.71519e-12  4.14995e-24 -5.07281e-12 -8.50284e-24  5.86641e-12  1.61776e-23 -5.58666e-12 -2.86571e-23  4.15123e-12  4.73016e-23 -2.09962e-12 -7.26564e-23   3.2345e-13  1.03491e-22  5.38513e-13 -1.35961e-22 -5.16759e-13  1.63639e-22  1.43283e-13 -1.79113e-22  9.32271e-14  1.77055e-22 -8.99445e-14 -1.57305e-22  8.04148e-15  1.25811e-22  2.29518e-14 -9.21473e-23 -8.35782e-15  6.48109e-23 -4.03172e-15 -4.73357e-23   2.6204e-15  3.78045e-23  6.06087e-16 -3.16561e-23  -5.8057e-16  2.52837e-23 -1.01612e-16 -1.78291e-23  1.01699e-16  1.05361e-23  2.09847e-17 -4.96075e-24 -1.36725e-17  1.70333e-24 -4.17786e-18 -3.18727e-25  1.19142e-18 -4.56829e-26  6.25146e-19  5.69507e-26 -2.42361e-20 -2.05424e-26 -5.88759e-20  4.50499e-27  -8.0822e-21 -9.18271e-28  2.55882e-21  1.19132e-28  9.18272e-22  1.18654e-28   3.4155e-23 -8.41819e-29 -3.21321e-23  1.70422e-29 -6.45014e-24   2.5239e-30 -1.20476e-25 -1.69551e-30  1.22341e-25  1.98506e-31  1.80784e-26  3.39106e-32  6.18278e-28 -1.06109e-32 -9.09996e-29  3.37598e-34 -1.07093e-29   1.2811e-34 -3.70068e-31 -6.41101e-36   5.1276e-34 -3.19047e-37  1.41051e-34
-6.46719e-29  9.13756e-36  7.40733e-27 -1.78267e-35 -3.36838e-25  -7.2603e-36  9.41094e-24 -6.31435e-35 -1.86738e-22  3.12545e-34  2.83261e-21 -2.04542e-33 -3.43379e-20  1.13125e-32  3.42594e-19 -4.93405e-32 -2.87208e-18  1.07206e-31  2.05394e-17  6.31475e-31 -1.26722e-16 -1.00134e-29  6.80262e-16   7.9287e-29 -3.19764e-15  -4.7518e-28  1.32231e-14   2.3634e-27 -4.82601e-14 -1.01294e-26   1.5575e-13  3.81726e-26 -4.44791e-13 -1.28103e-25   1.1234e-12    3.863e-25 -2.50454e-12 -1.05422e-24  4.91131e-12  2.61954e-24 -8.42363e-12 -5.96046e-24  1.25292e-11   1.2488e-23 -1.59514e-11 -2.42203e-23  1.70243e-11  4.36939e-23 -1.46827e-11 -7.35785e-23  9.46929e-12  1.15828e-22 -3.56462e-12 -1.70243e-22 -5.44712e-13  2.32659e-22  1.79085e-12 -2.93658e-22 -1.05274e-12  3.39368e-22  1.90472e-14 -3.55564e-22  3.36715e-13  3.34248e-22 -1.55764e-13 -2.79169e-22 -4.15436e-14  2.05928e-22   5.6275e-14 -1.35232e-22 -2.87397e-15  8.29872e-23 -1.33759e-14 -5.37314e-23  2.50769e-15   4.1436e-23  2.66475e-15  -3.6012e-23  -6.3183e-16    3.009e-23 -4.90588e-16 -2.17394e-23  9.61045e-17  1.28476e-23  8.28188e-17  -5.8981e-24 -6.96059e-18  1.89937e-24 -1.15913e-17 -2.87533e-25 -6.42181e-19  -8.0213e-26  1.13859e-18  6.26867e-26  2.38051e-19 -1.76725e-26 -5.56731e-20  3.51296e-27 -2.69689e-20 -1.33411e-27 -1.20706e-21  4.15678e-28  1.24898e-21  7.53992e-29  2.72059e-22 -9.32894e-29 -1.65426e-24  2.04354e-29  -8.7132e-24  1.94174e-30 -1.27561e-24 -1.52869e-30 -9.70494e-27  1.91248e-31  1.71677e-26  2.24546e-32  1.96445e-27 -8.20776e-33  5.95851e-29   3.2027e-34 -4.03012e-30  7.77107e-35 -3.34118e-31  -3.0676e-36 -6.17119e-33 -1.02414e-37
-4.39443e-37 -2.02508e-27  1.92774e-35  1.32474e-25 -3.31994e-35 -4.61428e-24  1.59884e-35  1.07699e-22 -3.09592e-34 -1.86211e-21  2.01388e-33  2.52314e-20 -1.35695e-32 -2.77703e-19   7.4152e-32  2.54441e-18 -3.06647e-31 -1.97525e-17  6.31475e-31  1.31628e-16  3.50634e-30 -7.60372e-16 -5.24739e-29  3.83582e-15  3.92572e-28 -1.69915e-14 -2.22517e-27  6.63525e-14  1.04767e-26 -2.29011e-13 -4.25349e-26  6.99545e-13  1.51899e-25 -1.89141e-12 -4.83082e-25  4.52135e-12  1.38013e-24 -9.53067e-12 -3.56614e-24  1.76377e-11  8.38365e-24 -2.84624e-11 -1.80346e-23  3.96413e-11  3.57086e-23 -4.68979e-11 -6.54742e-23  4.59035e-11  1.11831e-22 -3.53768e-11 -1.78787e-22  1.90396e-11   2.6822e-22 -3.98572e-12 -3.77263e-22 -4.05091e-12   4.9516e-22    4.557e-12 -6.01502e-22 -1.55836e-12  6.69017e-22 -6.62073e-13 -6.72812e-22  8.29392e-13   6.0332e-22   -1.408e-13 -4.75053e-22 -1.92319e-13  3.23277e-22  9.26332e-14  -1.8827e-22  2.90464e-14  9.65732e-23 -2.72751e-14 -5.15378e-23 -3.36067e-15  3.81809e-23  5.99338e-15 -3.65793e-23  4.70961e-16  3.33804e-23  -1.0819e-15 -2.51929e-23  -1.2071e-16  1.49991e-23  1.56872e-16 -6.71241e-24  3.15235e-17  1.99923e-24 -1.61154e-17 -2.11003e-25 -5.73993e-18 -1.21441e-25  7.78012e-19  6.31317e-26  6.41481e-19 -1.14695e-26  4.69243e-20  1.99905e-27 -3.60181e-20 -1.88893e-27 -9.13727e-21  7.58162e-28  2.13467e-22  3.14345e-29  4.23218e-22 -9.87392e-29  6.27042e-23   2.1951e-29 -2.06292e-24  1.29392e-30 -1.69034e-24 -1.24135e-30 -1.89409e-25  1.73097e-31 -1.28248e-27  1.13225e-32  1.50308e-27 -5.95166e-33  1.29839e-28  2.70975e-34  3.23594e-30  4.23827e-35 -5.79177e-32 -1.17766e-36 -2.14417e-33
 3.73766e-28 -7.96962e-37 -4.30645e-26  3.19326e-35  1.97052e-24 -6.59825e-35 -5.54151e-23  2.04981e-34  1.10715e-21 -1.98083e-33 -1.69155e-20  1.41938e-32  2.06612e-19 -8.97272e-32 -2.07783e-18  4.63257e-31  1.75651e-17 -1.80403e-30 -1.26722e-16  3.50634e-30  7.89083e-16  1.83784e-29  -4.2773e-15 -2.59893e-28  2.03129e-14  1.83917e-27 -8.49134e-14 -9.87091e-27  3.13472e-13  4.40442e-26 -1.02401e-12 -1.69575e-25  2.96231e-12  5.74457e-25 -7.58543e-12 -1.73294e-24  1.71623e-11  4.69395e-24 -3.41946e-11 -1.14897e-23  5.96749e-11  2.55593e-23 -9.04762e-11 -5.19642e-23  1.17706e-10  9.71503e-23 -1.28839e-10 -1.68168e-22  1.14681e-10  2.71477e-22 -7.74013e-11  -4.1138e-22  3.21847e-11  5.87535e-22  1.58911e-12 -7.90758e-22 -1.37634e-11  9.97708e-22  9.26633e-12 -1.16852e-21 -9.24311e-13  1.25377e-21 -2.61163e-12 -1.21358e-21  1.49336e-12   1.0413e-21  2.11487e-13 -7.75584e-22 -4.93116e-13  4.87841e-22   6.9587e-14  -2.4951e-22  1.10644e-13  9.99252e-23 -3.26704e-14 -3.56582e-23 -2.12179e-14   2.4786e-23  7.87344e-15 -3.16475e-23  3.92062e-15   3.4362e-23 -1.30329e-15 -2.78562e-23 -7.00518e-16  1.68581e-23   1.3624e-16 -7.34851e-24  1.08057e-16  1.97956e-24 -3.03878e-18 -8.24906e-26 -1.21681e-17 -1.69196e-25 -1.59245e-18  5.77287e-26  7.76836e-19 -2.19745e-27  2.52865e-19  1.95636e-28 -5.83746e-21 -2.55745e-27 -1.50573e-20  1.08921e-27 -2.35634e-21 -1.49955e-30  1.86205e-22 -9.85624e-29  1.05084e-22  2.09609e-29  1.12977e-23  6.29156e-31  -4.8217e-25 -8.78065e-31 -2.27141e-25  1.49513e-31 -1.98354e-26  2.26489e-33 -2.13888e-28 -4.06082e-33  6.99913e-29  1.99991e-34  4.05128e-30  2.02597e-35  5.76287e-32 -3.12853e-37
-2.43045e-36  1.09215e-26 -9.05806e-37 -7.18907e-25  5.30808e-35  2.52049e-23 -2.24095e-34 -5.92343e-22  1.64232e-33  1.03157e-20 -1.37363e-32 -1.40837e-19  9.51288e-32  1.56246e-18 -5.61503e-31 -1.44358e-17  2.72736e-30  1.13055e-16 -1.00134e-29 -7.60372e-16  1.83784e-29  4.43529e-15  9.10364e-29 -2.26048e-14 -1.21779e-27   1.0122e-13  8.16051e-27 -3.99804e-13 -4.15157e-26  1.39667e-12  1.75746e-25 -4.32135e-12 -6.42345e-25  1.18445e-11  2.06628e-24 -2.87301e-11   -5.918e-24  6.15186e-11    1.521e-23   -1.158e-10 -3.52891e-23  1.90383e-10  7.43007e-23 -2.70718e-10 -1.42736e-22   3.2797e-10  2.51761e-22 -3.30275e-10 -4.10812e-22  2.64203e-10  6.25578e-22 -1.51106e-10 -8.96732e-22   3.9743e-11  1.21758e-21  2.54479e-11  -1.5677e-21 -3.48972e-11  1.90328e-21  1.43737e-11  -2.1532e-21  3.66527e-12  2.23392e-21 -6.59914e-12  -2.0866e-21  1.68311e-12  1.71824e-21  1.35277e-12 -1.21489e-21 -8.66928e-13  7.08749e-22 -1.54537e-13 -3.16071e-22  2.41576e-13  8.75411e-23  5.20097e-15 -1.98763e-24 -5.24674e-14 -1.03182e-24   9.4199e-16 -2.00746e-23  9.71106e-15  3.24993e-23  1.72379e-16  -2.9521e-23 -1.50547e-15  1.83656e-23  -1.6127e-16 -7.78997e-24  1.75899e-16  1.83188e-24  4.20549e-17  1.00976e-25 -1.20375e-17 -2.23449e-25 -5.80409e-18   4.6907e-26 -6.03644e-21  9.26444e-27  4.08489e-19  -1.5435e-27  7.27102e-20  -3.2848e-27 -8.27382e-21  1.34166e-27 -4.58184e-21 -1.36441e-29 -4.70091e-22 -9.13361e-29  5.75113e-23  1.74594e-29  1.91282e-23 -2.37749e-32   1.5678e-24  -5.0108e-31 -5.66145e-26  1.25231e-31 -1.95509e-26 -3.60009e-33  -1.2929e-27 -2.60766e-33 -1.72907e-29  1.25451e-34  1.20275e-30  8.01077e-36  2.66287e-32
-1.87307e-27 -5.60682e-36  2.17161e-25 -5.53233e-36 -1.00019e-23  1.61262e-34  2.83215e-22 -1.38297e-33 -5.69936e-21  1.20184e-32  8.77398e-20  -9.1957e-32 -1.08025e-18  5.97389e-31  1.09549e-17 -3.30641e-30 -9.34251e-17  1.51355e-29  6.80262e-16 -5.24739e-29  -4.2773e-15  9.10364e-29   2.3424e-14  4.26587e-28 -1.12448e-13 -5.40329e-27  4.75446e-13  3.43209e-26 -1.77646e-12 -1.65676e-25  5.87767e-12  6.66072e-25 -1.72354e-11  -2.3134e-24  4.47771e-11  7.07323e-24 -1.02893e-10 -1.92512e-23  2.08464e-10   4.6985e-23 -3.70485e-10 -1.03392e-22  5.73105e-10  2.06108e-22 -7.62631e-10 -3.74084e-22  8.57009e-10  6.22022e-22 -7.88049e-10 -9.55323e-22  5.56782e-10  1.36924e-21 -2.53863e-10 -1.85229e-21  1.05754e-11  2.38702e-21  9.13085e-11  -2.9392e-21 -7.10819e-11  3.43742e-21  1.27551e-11 -3.76409e-21  1.72445e-11  3.78517e-21 -1.23225e-11 -3.42006e-21 -3.79713e-13  2.70987e-21   3.7119e-12 -1.82505e-21 -8.90732e-13   9.9202e-22 -7.70613e-13 -3.84633e-22  3.35509e-13  5.60361e-23  1.38123e-13  5.08538e-23 -7.90706e-14 -3.96573e-23  -2.5202e-14 -1.61185e-24   1.3838e-14  2.75956e-23  4.82093e-15 -3.01327e-23 -1.72183e-15  1.95535e-23 -8.35909e-16 -8.06674e-24  1.11176e-16  1.56488e-24  1.08599e-16  3.37666e-25  5.72875e-18 -2.83705e-25 -8.56507e-18  3.18264e-26 -1.91538e-18   2.1554e-26  2.30488e-19 -2.80044e-27  1.49795e-19 -3.99565e-27  1.52686e-20  1.45565e-27 -3.36246e-21 -6.12499e-31 -1.04717e-21  -7.6759e-29 -7.38182e-23  1.21061e-29  1.06254e-23 -6.37309e-31  2.46427e-24 -1.73102e-31  1.58637e-25  1.02758e-31 -3.10152e-27 -6.10579e-33 -9.24198e-28 -1.56286e-33 -4.06081e-29  6.45186e-35 -3.88824e-31  2.25403e-36
 4.95708e-37 -5.12492e-26 -6.20882e-36  3.39567e-24 -6.73623e-35 -1.19874e-22  1.01428e-33  2.83761e-21 -9.88328e-33 -4.97933e-20  8.18005e-32  6.85258e-19 -5.78715e-31  -7.6662e-18   3.5209e-30  7.14552e-17 -1.83421e-29 -5.64803e-16   7.9287e-29  3.83582e-15 -2.59893e-28 -2.26048e-14  4.26587e-28  1.16457e-13  1.89263e-27 -5.27438e-13 -2.27199e-26   2.1085e-12  1.36922e-25 -7.46011e-12 -6.27776e-25  2.33956e-11  2.39925e-24 -6.50538e-11  -7.9262e-24  1.60236e-10  2.30555e-23 -3.48815e-10 -5.96822e-23  6.68428e-10  1.38432e-22 -1.12063e-09 -2.89108e-22  1.62851e-09  5.45886e-22 -2.02238e-09 -9.36046e-22   2.0975e-09  1.46627e-21 -1.74301e-09 -2.11622e-21  1.05818e-09   2.8479e-21 -3.33914e-10 -3.62575e-21  -1.3004e-10   4.4255e-21  2.33368e-10 -5.20938e-21 -1.14241e-10  5.87714e-21  -1.3447e-11 -6.24435e-21  4.55027e-11   6.1016e-21 -1.59099e-11 -5.34465e-21  -7.8482e-12  4.08336e-21   6.9435e-12 -2.62714e-21  4.16434e-13  1.33753e-21 -1.83181e-12 -4.52458e-22  1.49956e-13  6.39247e-24  3.90546e-13  1.19917e-22 -4.82476e-14 -8.89693e-23 -7.37103e-14  2.30282e-23  6.27139e-15  1.97482e-23  1.21682e-14 -2.97694e-23  1.49782e-16  2.05391e-23 -1.59187e-15 -8.25081e-24 -2.26019e-16  1.20243e-24  1.36236e-16  6.20546e-25  4.31092e-17  -3.4809e-25 -4.02878e-18  1.38764e-26 -3.82367e-18  3.30889e-26 -4.29099e-19  -3.1816e-27   1.2635e-19 -4.60776e-27  4.10818e-20  1.39569e-27  2.29868e-21   3.4822e-29 -8.44725e-22  -5.6015e-29 -1.78989e-22  6.03285e-30 -9.26217e-24 -1.16935e-30  1.21306e-24  6.09074e-32  2.07833e-25  8.24263e-32  1.03182e-26 -5.97684e-33 -3.65855e-29 -8.54974e-34 -1.69674e-29   2.5572e-35 -2.73913e-31
