 2.41651e-35 -1.26712e-51 -2.32094e-35  6.90625e-51 -1.70159e-36 -8.73503e-51  2.27405e-36  2.27458e-50 -2.45224e-36 -2.26397e-49  1.16021e-36  1.86432e-48  1.88713e-36  3.80571e-50 -1.50655e-36 -2.20853e-47  8.51383e-37  1.03838e-46 -3.15671e-37  6.20967e-47 -6.56552e-37  6.07621e-47  6.97393e-37  3.89151e-45  8.25852e-39 -6.84404e-46 -3.02384e-37 -3.53896e-45  7.06986e-38 -1.31377e-44  5.29314e-38  9.44956e-45 -2.47029e-38  2.02126e-44  1.83773e-38 -4.52117e-44 -2.96069e-39  1.04191e-43 -7.62646e-39 -1.74862e-44  3.21771e-39  -1.8328e-45  3.76067e-40  7.37475e-45 -7.35522e-40  1.43796e-43   4.9403e-40 -9.14008e-45 -1.91091e-40 -6.07579e-44   6.2883e-41 -4.77184e-44    7.224e-42 -4.37243e-44 -6.64735e-41   2.9372e-44  2.53499e-40  1.39191e-44 -7.42956e-40  1.99077e-44  1.98158e-39 -3.37341e-44 -4.88948e-39 -9.34416e-45    1.106e-38  1.11997e-44 -2.28306e-38 -3.57431e-44  4.28092e-38  9.77097e-44  -7.2529e-38 -2.27424e-43  1.10304e-37  4.98439e-43 -1.49329e-37 -1.02851e-42  1.77982e-37  1.99222e-42 -1.83961e-37 -3.61751e-42  1.61286e-37  6.14416e-42 -1.15786e-37 -9.73649e-42  6.37717e-38   1.4356e-41  -2.3089e-38 -1.96353e-41  2.72551e-39    2.483e-41  6.37305e-40 -2.89245e-41  3.09479e-39  3.09134e-41 -6.00097e-39 -3.01755e-41   5.9129e-39  2.67654e-41 -4.27224e-39 -2.14477e-41  2.65904e-39   1.5423e-41 -1.54483e-39 -9.87529e-42  8.27294e-40  5.57855e-42 -3.86156e-40 -2.74968e-42  1.51487e-40  1.16673e-42 -4.94847e-41 -4.19051e-43  1.33219e-41  1.24679e-43 -2.83728e-42 -2.98603e-44  4.38954e-43  5.53114e-45 -4.13519e-44 -7.46601e-46  8.44205e-46  6.65439e-47  2.93392e-46 -3.22156e-48  -2.8433e-47  4.73182e-50
-1.26712e-51  5.92336e-35 -3.88883e-51 -4.55378e-35  2.49945e-50  1.28161e-35 -1.20584e-49 -7.45036e-36  4.23041e-49  2.92076e-36 -4.24841e-48 -1.97759e-36  2.09584e-47  3.62168e-36  1.80064e-47 -2.10441e-36 -1.89958e-46  1.36874e-36  1.02731e-45 -7.39183e-38   4.1038e-46 -1.94347e-36  1.52969e-45  1.87238e-36  3.45019e-44  1.40255e-39 -6.98533e-45 -8.25961e-37 -1.28535e-44  2.35041e-37 -1.07202e-43  9.16562e-38  8.94436e-44 -6.10207e-38  1.85857e-43  7.27154e-38  -3.1986e-43 -1.17867e-38  7.05278e-43 -2.50341e-38 -2.19309e-43  1.01749e-38  2.47609e-44 -3.67908e-40 -2.77517e-44  -1.4833e-39  7.60596e-43  1.26981e-39  -4.0879e-44  -5.3541e-40 -3.30218e-43 -5.05421e-42  -2.7775e-43  8.12706e-40 -2.41784e-43 -2.65656e-39  1.71019e-43  8.15419e-39  7.58685e-44 -2.28542e-38  9.31088e-44  5.88872e-38 -1.55832e-43 -1.39255e-37 -5.29446e-44  3.00976e-37  8.65544e-44 -5.92149e-37 -2.61922e-43  1.05541e-36  6.99217e-43 -1.69408e-36 -1.66691e-42  2.43063e-36  3.75339e-42 -3.08711e-36 -7.94941e-42  3.42551e-36  1.57761e-41 -3.25897e-36 -2.92522e-41  2.58188e-36  5.05212e-41 -1.61705e-36 -8.10266e-41  7.11569e-37  1.20309e-40 -1.34639e-37 -1.64864e-40 -6.64096e-38  2.07808e-40  3.68568e-38 -2.40071e-40  4.06405e-38  2.53177e-40 -7.24435e-38  -2.4264e-40  6.07548e-38  2.10249e-40  -3.8342e-38 -1.63747e-40   2.2221e-38  1.13838e-40 -1.25978e-38 -7.00732e-41  6.51008e-39  3.78217e-41 -2.84133e-39   -1.769e-41  1.02783e-39  7.06617e-42 -3.11138e-40 -2.36649e-42  7.78134e-41  6.48772e-43 -1.51753e-41 -1.40965e-43  2.10717e-42  2.31858e-44  -1.7837e-43 -2.69029e-45   4.4962e-45   1.9479e-46   6.2012e-46 -6.70213e-48 -3.72525e-47
-2.32094e-35 -3.88883e-51  8.83845e-35  1.43662e-51 -6.45797e-35  1.04705e-49   2.5519e-35 -1.35411e-48 -1.68554e-35  5.01143e-48   1.2876e-35 -5.01938e-47 -5.15164e-36  1.60719e-46  1.70456e-36  2.65263e-46 -8.05348e-37 -1.15053e-45  1.13186e-36    7.115e-45  7.21381e-37  2.09526e-45 -3.56433e-36  1.54339e-44  3.40298e-36  2.13009e-43  2.34306e-38 -4.84665e-44 -1.59158e-36  1.13145e-44  5.33523e-37 -5.85182e-43  6.63668e-38  5.26428e-43  -1.2528e-37  1.10638e-42  1.97229e-37 -1.54551e-42 -3.09532e-38  3.31374e-42 -5.61458e-38 -1.44426e-42  2.18813e-38  2.60084e-43 -4.15315e-39 -4.02684e-43 -1.27766e-39  2.73019e-42  1.72665e-39 -1.49035e-43   2.3377e-40 -1.22277e-42 -5.18525e-39 -1.15271e-42  1.97034e-38 -9.18712e-43 -6.21417e-38  6.64463e-43  1.81783e-37  2.65525e-43 -4.89161e-37  3.51107e-43  1.20838e-36 -6.55447e-43  -2.7324e-36  2.08891e-43  5.63491e-36 -6.12032e-43 -1.05525e-35  1.10568e-42  1.78498e-35 -1.64606e-42 -2.70904e-35   1.5878e-42  3.65737e-35  1.24252e-42 -4.34242e-35 -1.15789e-41  4.46263e-35  3.80654e-41 -3.87592e-35 -9.36969e-41  2.73297e-35  1.93921e-40 -1.44067e-35   -3.512e-40  4.38443e-36  5.66416e-40  5.73022e-37 -8.20342e-40 -1.33421e-36  1.07089e-39  3.47448e-37 -1.26125e-39   4.6789e-37  1.33894e-39 -6.05254e-37 -1.27816e-39  4.08239e-37  1.09312e-39 -2.23242e-37 -8.33361e-40  1.25219e-37  5.62744e-40 -7.10223e-38 -3.33909e-40  3.49754e-38  1.72373e-40 -1.39935e-38 -7.64605e-41  4.64025e-39  2.86888e-41 -1.30766e-39 -8.92281e-42  3.02545e-40  2.23945e-42 -5.30191e-41 -4.37054e-43  6.45971e-42  6.28224e-44   -4.776e-43 -6.09587e-45  1.14417e-44  3.38491e-46  8.05265e-46 -6.70759e-48
 6.90625e-51 -4.55378e-35  1.43662e-51  1.06467e-34  6.19374e-50 -7.38341e-35  9.63823e-49  2.37642e-35 -1.21127e-47 -2.13809e-35  4.32398e-47  2.78066e-35 -4.36204e-46 -5.81646e-36  9.64846e-46 -6.23731e-36  2.34252e-45  3.57098e-36 -5.65292e-45 -9.55058e-37  3.92125e-44  1.69328e-36  1.15828e-44 -4.62905e-36  1.05328e-43  4.86527e-36  1.05208e-42  9.15028e-38 -2.58153e-43 -2.47485e-36  4.01213e-43  9.68667e-37 -2.47679e-42 -8.50006e-38  2.29892e-42 -2.45806e-37  5.03481e-42  4.20856e-37 -5.89836e-42 -6.54821e-38  1.24692e-41 -9.70578e-38 -6.73574e-42  3.61798e-38  1.40553e-42 -1.35296e-38 -2.19502e-42  2.90964e-39  7.62289e-42 -5.93653e-39 -5.66805e-43  2.96146e-38 -3.50959e-42 -1.13478e-37 -3.89127e-42  3.78707e-37 -2.77782e-42 -1.15311e-36  2.10231e-42  3.23638e-36   3.7797e-43 -8.34695e-36  2.10054e-42  1.97309e-35 -5.03471e-42 -4.26117e-35  9.02677e-42  8.37481e-35 -2.16853e-41 -1.49072e-34  4.71203e-41  2.38885e-34 -9.45009e-41 -3.42012e-34  1.73714e-40  4.33134e-34 -2.89435e-40 -4.78668e-34  4.30804e-40  4.52614e-34 -5.57418e-40 -3.54881e-34  5.89564e-40  2.17614e-34 -4.14449e-40 -9.00406e-35 -8.08811e-41  9.73522e-36  9.51212e-40  1.73871e-35 -2.13181e-39 -1.23355e-35  3.41337e-39  8.10032e-37 -4.48691e-39  4.38814e-36  5.05635e-39 -3.82003e-36  -4.9678e-39  1.98282e-36  4.28113e-39 -9.63526e-37 -3.23733e-39  5.65193e-37  2.14089e-39 -3.23178e-37 -1.23032e-39  1.46738e-37  6.08719e-40 -5.27226e-38 -2.56047e-40  1.61277e-38  9.00459e-41 -4.26977e-39 -2.58919e-41  9.01477e-40  5.90459e-42 -1.38505e-40 -1.02257e-42  1.45924e-41  1.25874e-43 -9.23361e-43 -9.83126e-45  1.76224e-44  3.79978e-46  6.64789e-46
-1.70159e-36  2.49945e-50 -6.45797e-35  6.19374e-50  1.17463e-34   4.5836e-49 -7.25075e-35  9.90366e-48  4.25953e-36 -8.85147e-47 -2.19906e-35  2.95447e-46  5.09501e-35 -3.00769e-45 -5.26426e-36  4.76103e-45 -1.89314e-35  1.54776e-44  1.20753e-35 -2.35793e-44 -6.50447e-36  1.80059e-43  2.19955e-36  7.27519e-44 -4.22105e-36  5.58412e-43  5.90195e-36  4.39417e-42  1.66833e-37 -1.11416e-42 -3.28922e-36  2.76556e-42  1.49914e-36 -8.62114e-42 -4.00562e-37  8.01154e-42 -4.52862e-37  1.87769e-41  7.48238e-37 -1.88995e-41 -1.22969e-37  3.98667e-41 -1.31555e-37 -2.48406e-41  4.78617e-38  5.50938e-42 -3.66712e-38 -8.15805e-42  4.37594e-38  1.73184e-41 -1.50789e-37 -2.21435e-42  5.62439e-37  -8.1306e-42 -1.94665e-36 -1.11248e-41  6.18615e-36 -7.42656e-42 -1.80947e-35  6.96829e-42   4.8691e-35 -4.67345e-42 -1.20239e-34   2.0876e-41    2.717e-34 -5.45276e-41 -5.59825e-34  1.27537e-40  1.04724e-33 -2.96461e-40 -1.76901e-33  6.38525e-40  2.68012e-33 -1.27619e-39 -3.61005e-33  2.35931e-39  4.27298e-33 -4.01828e-39 -4.37188e-33  6.27358e-39  3.77115e-33 -8.91543e-39 -2.62696e-33  1.14115e-38  1.34701e-33 -1.29316e-38 -3.65314e-34   1.2564e-38 -1.10482e-34  -9.7072e-39  1.73757e-34   4.4791e-39 -6.97377e-35  2.10955e-39 -1.40704e-35 -8.41082e-39  3.15118e-35  1.27791e-38 -1.81233e-35 -1.42754e-38  6.89943e-36  1.30272e-38 -3.33936e-36 -1.00377e-38  2.26632e-36  6.59952e-39 -1.25349e-36 -3.70337e-39  4.99281e-37  1.76276e-39 -1.59855e-37 -7.03523e-40   4.6299e-38  2.31389e-40 -1.15392e-38 -6.11984e-41  2.15679e-39  1.25682e-41 -2.84085e-40 -1.90264e-42  2.59127e-41  1.95247e-43 -1.35652e-42 -1.15907e-44  1.61141e-44  2.52674e-46
-8.73503e-51  1.28161e-35  1.04705e-49 -7.38341e-35   4.5836e-49  1.30457e-34   3.4198e-48 -6.70681e-35  8.24858e-47 -3.14589e-35 -5.38917e-46 -2.00439e-35  1.66231e-45  8.40758e-35 -1.71909e-44 -9.03972e-36  1.96717e-44 -3.08984e-35  8.31238e-44  2.49606e-35 -8.40628e-44 -1.66809e-35  7.03755e-43  1.72976e-36  4.41183e-43 -2.12679e-36  2.44339e-42  6.54133e-36  1.59908e-41   1.5983e-37 -4.02749e-42  -3.8568e-36  1.30236e-41  2.02352e-36 -2.54094e-41 -8.78549e-37  2.31045e-41 -7.47327e-37  5.95704e-41  1.14095e-36 -5.26628e-41 -2.16334e-37  1.11994e-40 -1.33277e-37 -7.66175e-41  7.27022e-38  1.73781e-41 -1.96955e-37 -2.34671e-41  6.44556e-37  3.21143e-41 -2.45025e-36 -7.95804e-42  8.76062e-36 -1.54526e-41 -2.89713e-35    -2.65e-41  8.83073e-35 -2.19903e-41 -2.47785e-34  3.46206e-41  6.38798e-34  -6.9116e-41 -1.50915e-33  2.06863e-40   3.2568e-33 -5.34666e-40 -6.39495e-33  1.27818e-39    1.137e-32 -2.88589e-39 -1.81938e-32   6.0645e-39  2.59993e-32 -1.18492e-38 -3.28448e-32  2.14769e-38  3.61736e-32 -3.60129e-38 -3.40339e-32  5.56795e-38  2.64708e-32 -7.90329e-38 -1.59837e-32  1.02406e-37    6.337e-33 -1.20184e-37 -3.54835e-34  1.26291e-37 -1.57952e-33 -1.16642e-37  1.11484e-33   9.1486e-38 -2.09171e-34 -5.61929e-38 -1.95159e-34   1.9603e-38  1.69353e-34  9.50681e-39 -6.01596e-35 -2.59692e-38  1.54567e-35   2.9782e-38 -1.07334e-35 -2.49714e-38  8.57013e-36  1.68219e-38 -4.15103e-36 -9.35296e-39   1.3803e-36  4.31095e-39  -4.0539e-37 -1.63502e-39  1.15794e-37  5.01845e-40 -2.64388e-38 -1.21368e-40  4.18515e-39  2.22044e-41  -4.7223e-40 -2.88243e-42   3.7765e-41   2.3751e-43 -1.49412e-42  -9.7234e-45  6.76057e-45
 2.27405e-36 -1.20584e-49   2.5519e-35  9.63823e-49 -7.25075e-35   3.4198e-48  1.59492e-34   2.6562e-47 -6.74752e-35  5.52764e-46 -8.18073e-35 -2.76426e-45 -1.30977e-35  7.84995e-45  1.24041e-34 -8.37542e-44 -2.48208e-35   6.8028e-44 -3.44769e-35  3.78567e-43  4.06339e-35 -2.50223e-43 -3.09272e-35  2.36321e-42  2.05314e-37  2.33794e-42  7.91567e-37  9.11581e-42  7.32838e-36  5.16559e-41 -4.91408e-38 -1.24727e-41 -4.03758e-36  4.92109e-41   2.3703e-36 -6.42785e-41  -1.4859e-36  5.60461e-41 -1.06539e-36  1.64349e-40  1.50747e-36 -1.30738e-40 -3.52286e-37   2.8276e-40 -1.50211e-37 -2.04392e-40  5.35981e-37   4.6251e-41 -2.40321e-36 -5.45738e-41  9.46017e-36  4.58918e-41 -3.51747e-35 -2.43747e-41  1.20964e-34 -2.62745e-41 -3.83956e-34 -4.26403e-41  1.12293e-33 -9.99476e-41  -3.0205e-33  2.45664e-40  7.45514e-33 -6.47052e-40 -1.68356e-32  1.76545e-39  3.46621e-32 -4.43415e-39 -6.47782e-32  1.03798e-38  1.09291e-31 -2.27362e-38 -1.65323e-31  4.64114e-38  2.22233e-31 -8.81623e-38 -2.62321e-31   1.5554e-37  2.67354e-31  -2.5427e-37 -2.29267e-31  3.84076e-37  1.58113e-31 -5.34207e-37 -7.93308e-32  6.81243e-37  1.96214e-32 -7.92139e-37  8.63548e-33  8.33742e-37 -1.16925e-32 -7.86227e-37  4.89321e-33  6.54075e-37  3.31717e-34 -4.67577e-37 -1.40062e-33  2.72176e-37  6.51237e-34 -1.10364e-37 -9.98599e-35  5.91315e-39  1.40837e-35  4.11598e-38 -3.95681e-35 -4.77888e-38  3.01191e-35  3.54174e-38 -1.12958e-35 -2.00585e-38  3.07336e-36  9.05314e-39 -9.14215e-37 -3.27306e-39  2.61035e-37  9.35515e-40 -5.07683e-38 -2.05448e-40  6.56971e-39  3.30373e-41 -6.65541e-40 -3.58508e-42  4.57026e-41  2.24207e-43 -1.12247e-42 -5.12588e-45
 2.27458e-50 -7.45036e-36 -1.35411e-48  2.37642e-35  9.90366e-48 -6.70681e-35   2.6562e-47  2.20168e-34   1.9354e-46 -8.15228e-35  3.04927e-45 -1.45104e-34 -1.19578e-44  5.56281e-36  3.13333e-44  1.62573e-34   -3.545e-43 -5.76547e-35   1.9192e-43 -2.37733e-35  1.49953e-42  5.54104e-35 -5.73505e-43 -4.65999e-35  6.81262e-42 -2.02609e-36  1.06275e-41  2.89695e-36  2.95662e-41  9.17642e-36  1.49999e-40 -5.91308e-37 -3.36347e-41  -3.7118e-36   1.5881e-40  2.33135e-36  -1.3966e-40 -2.19234e-36  1.14169e-40 -1.25096e-36   3.9942e-40  1.66579e-36 -2.94685e-40 -2.82405e-37   6.5268e-40 -1.53842e-36 -4.82164e-40  7.76011e-36  1.06326e-40  -3.2992e-35 -1.02489e-40  1.27587e-34  3.53972e-41 -4.56599e-34 -5.77057e-41  1.50868e-33 -6.72349e-41 -4.59686e-33  5.81091e-41  1.28943e-32 -6.46569e-40 -3.32279e-32  1.82845e-39  7.84588e-32 -4.99438e-39 -1.69207e-31  1.30365e-38   3.3198e-31 -3.17233e-38 -5.89647e-31  7.20932e-38  9.42301e-31 -1.53034e-37  -1.3443e-30  3.02853e-37  1.69443e-30 -5.57917e-37 -1.86038e-30  9.54995e-37  1.74245e-30 -1.51558e-36 -1.34555e-30  2.22422e-36  8.01664e-31 -3.00916e-36 -3.06461e-31  3.73895e-36  4.23231e-33   -4.247e-36  8.86975e-32  4.38439e-36 -6.03544e-32 -4.08249e-36  1.23082e-32  3.39316e-36  8.30081e-33 -2.47901e-36 -6.76185e-33   1.5524e-36  1.48031e-33 -7.93223e-37  2.34311e-34  2.89806e-37 -2.45817e-36 -3.08263e-38 -1.68107e-34 -5.74425e-38  9.07835e-35  5.96953e-38  -2.3364e-35 -3.65495e-38  5.65297e-36  1.64745e-38 -2.00251e-36 -5.70831e-39  5.23822e-37  1.51611e-39 -7.81783e-38 -2.99799e-40  8.52573e-39  4.16512e-41 -8.42315e-40 -3.64653e-42   4.3275e-41  1.57315e-43 -4.57393e-43
-2.45224e-36  4.23041e-49 -1.68554e-35 -1.21127e-47  4.25953e-36  8.24858e-47 -6.74752e-35   1.9354e-46  3.21973e-34  1.25761e-45 -1.13324e-34   1.4028e-44 -2.17472e-34 -4.29838e-44  4.41658e-35   1.0511e-43   1.8877e-34 -1.32126e-42 -1.05249e-34  4.01784e-43  1.96411e-36  5.25323e-42  6.47195e-35 -6.89459e-43 -6.00169e-35   1.6595e-41 -4.42581e-36  4.18415e-41   2.5447e-36  8.43566e-41  1.30257e-35  3.95032e-40 -1.60687e-36  -7.9949e-41 -2.76093e-36  4.52779e-40  1.76962e-36  -2.5603e-40  -3.0363e-36  1.89293e-40 -9.35361e-37  8.60229e-40  6.64544e-37 -6.12939e-40  4.04946e-36  1.39647e-39 -2.34665e-35 -1.02147e-39  1.04678e-34  2.12466e-40 -4.22799e-34 -1.42961e-40  1.57404e-33 -6.97067e-41 -5.41311e-33  -5.7128e-41  1.71768e-32 -3.96372e-40 -5.02209e-32  1.17732e-39  1.35039e-31 -4.41917e-39 -3.33156e-31  1.25812e-38  7.51945e-31  -3.3738e-38  -1.5471e-30   8.5037e-38  2.88884e-30 -2.00349e-37 -4.86864e-30  4.41053e-37  7.35438e-30 -9.06548e-37 -9.86771e-30  1.73723e-36  1.16184e-29 -3.09903e-36  -1.1799e-29  5.13695e-36  1.00634e-29 -7.89531e-36 -6.87651e-30  1.12235e-35  3.38228e-30 -1.47127e-35 -7.65542e-31   1.7723e-35 -4.41706e-31 -1.95353e-35  5.39495e-31  1.96013e-35 -2.20467e-31 -1.77872e-35 -1.24284e-32   1.4475e-35  5.61788e-32 -1.04429e-35 -2.18845e-32  6.56726e-36 -7.34185e-34  -3.5019e-36  2.25691e-33  1.49967e-36  3.30685e-34  -4.4399e-37 -6.57416e-34  2.48444e-38  2.07191e-34  7.14708e-38 -3.11346e-35 -5.57891e-38  1.02828e-35  2.60633e-38  -4.4119e-36 -8.73349e-39  8.66343e-37  2.15072e-39 -9.07488e-38 -3.78906e-40   1.0199e-38  4.44493e-41 -9.54032e-40 -2.97632e-42  2.71484e-41  7.19579e-44
-2.26397e-49  2.92076e-36  5.01143e-48 -2.13809e-35 -8.85147e-47 -3.14589e-35  5.52764e-46 -8.15228e-35  1.25761e-45  4.64633e-34  7.20593e-45  -1.6466e-34  5.36814e-44 -2.92596e-34 -1.21802e-43  1.07762e-34  2.87816e-43  1.93118e-34 -4.37853e-42  -1.5718e-34  3.51605e-43   3.7894e-35  1.64692e-41  6.51402e-35  1.95672e-42 -6.82444e-35  3.24319e-41 -6.46651e-36  1.44815e-40 -1.20782e-36  2.13052e-40  1.95057e-35  9.49548e-40 -3.27443e-36 -1.69151e-40 -1.09951e-36  1.16589e-39  8.27236e-37 -3.71728e-40 -4.48218e-36   2.2569e-40  2.24101e-36  1.63996e-39   -1.267e-35  -1.1938e-39  6.62671e-35  2.80103e-39 -3.06715e-34 -1.96416e-39  1.28952e-33  3.60952e-40 -4.99564e-33 -6.78356e-41   1.7876e-32  -5.1926e-40 -5.90559e-32  4.88275e-40  1.79898e-31 -2.83307e-39 -5.04476e-31  9.09772e-39  1.29955e-30 -2.82877e-38 -3.06718e-30  7.85399e-38  6.61113e-30 -2.04423e-37 -1.29618e-29  4.98428e-37  2.30014e-29 -1.13653e-36 -3.67154e-29  2.42157e-36  5.22985e-29 -4.81622e-36 -6.57841e-29   8.9292e-36  7.20194e-29 -1.54076e-35 -6.71697e-29   2.4699e-35    5.152e-29 -3.67041e-35 -3.03076e-29  5.04382e-35  1.11849e-29 -6.39069e-35  2.98436e-31   7.4403e-35 -3.63965e-30 -7.92719e-35   2.3709e-30  7.69146e-35 -4.58912e-31 -6.75545e-35 -3.21877e-31  5.33066e-35  2.40373e-31 -3.74218e-35 -3.38183e-32  2.30584e-35 -2.36672e-32 -1.22238e-35   7.0439e-33  5.39101e-36  3.27496e-33 -1.84536e-36 -1.97137e-33   3.9395e-37  2.67696e-34  2.35792e-38 -1.44558e-35 -6.81886e-38  2.50483e-35  3.57517e-38 -8.82912e-36 -1.17627e-38  1.00804e-36  2.67939e-39 -8.00819e-38 -4.14765e-40  1.30915e-38  3.97772e-41 -8.35538e-40  -1.8594e-42  7.79866e-42
 1.16021e-36 -4.24841e-48   1.2876e-35  4.32398e-47 -2.19906e-35 -5.38917e-46 -8.18073e-35  3.04927e-45 -1.13324e-34  7.20593e-45  6.39743e-34   3.6544e-44 -2.34926e-34  1.65774e-43 -3.63353e-34 -2.20459e-43  1.93604e-34   5.8188e-43  1.71489e-34 -1.29889e-41 -1.99259e-34 -1.92835e-42  7.62506e-35  4.66118e-41  5.59177e-35  1.80277e-41 -7.04383e-35  4.16614e-41 -7.60888e-36  4.46741e-40  -8.3609e-36  4.76724e-40  2.87613e-35  2.09267e-39 -5.85464e-36 -3.21297e-40  1.13334e-36  2.75511e-39  8.01998e-37 -3.23341e-40  -1.1768e-35  6.42945e-41  3.60862e-35  2.73576e-39 -1.77498e-34 -2.20606e-39  8.34727e-34  5.31289e-39 -3.64497e-33 -3.44598e-39  1.46869e-32   4.5372e-40 -5.46757e-32  5.51928e-40     1.88e-31 -2.47796e-39  -5.9646e-31  4.98014e-39  1.74352e-30 -1.84396e-38 -4.68687e-30  5.72211e-38   1.1559e-29  -1.6622e-37 -2.60774e-29  4.47232e-37  5.36229e-29 -1.12709e-36 -1.00054e-28  2.65882e-36  1.68464e-28 -5.86549e-36 -2.54156e-28  1.20888e-35  3.40438e-28 -2.32504e-35 -3.99905e-28  4.16718e-35  4.04763e-28 -6.94893e-35 -3.43455e-28  1.07608e-34   2.3262e-28 -1.54412e-34 -1.12215e-28  2.04803e-34  2.31001e-29 -2.50345e-34   1.6949e-29  2.81065e-34 -1.90371e-29 -2.88667e-34  7.45568e-30   2.6992e-34  5.87346e-31  -2.2846e-34 -1.93127e-30  1.73793e-34  6.65454e-31 -1.17758e-34  9.84608e-32  7.02288e-35 -1.12704e-31 -3.62573e-35   2.7697e-33   1.5798e-35  1.57876e-32 -5.55432e-36 -3.76594e-33   1.4208e-36 -1.88913e-34 -1.68564e-37 -5.36251e-36   -5.709e-38  7.08612e-35  4.20586e-38 -1.30791e-35 -1.39502e-38  5.07725e-37  2.93089e-39 -8.76104e-38 -3.91101e-40  1.63346e-38  2.91817e-41 -4.07827e-40 -7.78313e-43
 1.86432e-48 -1.97759e-36 -5.01938e-47  2.78066e-35  2.95447e-46 -2.00439e-35 -2.76426e-45 -1.45104e-34   1.4028e-44  -1.6466e-34   3.6544e-44  8.33426e-34  1.65433e-43 -3.19172e-34  3.68142e-43 -4.23299e-34  1.54148e-43  2.89215e-34  4.67035e-43  1.27333e-34 -3.46339e-41 -2.20359e-34 -1.40007e-41  1.10219e-34  1.19902e-40  3.90164e-35  8.27512e-41 -6.80233e-35 -1.53997e-41 -7.08055e-36  1.24273e-39 -1.82412e-35  9.38972e-40   4.0438e-35  4.24103e-39 -9.49196e-36 -5.52595e-40  1.89511e-36  6.04861e-39  1.38261e-35  3.05641e-40 -8.92141e-35 -6.37369e-40    4.366e-34  3.86225e-39 -2.12099e-33 -3.90938e-39  9.59636e-33  9.57728e-39 -4.02016e-32 -5.47265e-39  1.55671e-31 -5.54588e-41 -5.56983e-31  3.68053e-39  1.83984e-30 -1.21321e-38  -5.6037e-30  3.30694e-38  1.57109e-29 -1.08235e-37 -4.04608e-29  3.22759e-37  9.54623e-29 -8.99588e-37 -2.05671e-28  2.34261e-36  4.03002e-28 -5.71245e-36 -7.14601e-28  1.30351e-35   1.1395e-27 -2.78091e-35 -1.62092e-27  5.54106e-35  2.03505e-27 -1.02992e-34   -2.222e-27  1.78318e-34  2.06412e-27 -2.87106e-34 -1.57297e-27  4.29055e-34  9.13906e-28   -5.938e-34 -3.25384e-28  7.59126e-34 -2.23805e-29 -8.93815e-34  1.17714e-28  9.65929e-34 -7.33727e-29 -9.54236e-34  1.28491e-29  8.57647e-34  1.06166e-29 -6.97309e-34 -7.29073e-30  5.09314e-34  7.06573e-31 -3.31307e-34  9.26217e-31  1.89813e-34 -2.83316e-31 -9.43564e-35  -7.6921e-32    3.983e-35  4.65456e-32 -1.37912e-35 -1.28981e-33  3.66239e-36 -1.74102e-33 -6.16249e-37 -2.65218e-34 -3.25659e-39  1.58957e-34  4.13053e-38 -8.65873e-36 -1.45191e-38 -4.23717e-37  2.80303e-39 -1.77024e-37 -3.13539e-40  1.40107e-38  1.66898e-41 -1.28323e-41
 1.88713e-36  2.09584e-47 -5.15164e-36 -4.36204e-46  5.09501e-35  1.66231e-45 -1.30977e-35 -1.19578e-44 -2.17472e-34  5.36814e-44 -2.34926e-34  1.65433e-43  1.02799e-33   6.7497e-43 -4.06823e-34  2.42807e-43 -4.66985e-34  3.68747e-42  3.74847e-34 -2.79159e-42  7.08745e-35 -8.31056e-41 -2.17389e-34 -5.98113e-41   1.3667e-34  2.81848e-40  1.78634e-35  2.95551e-40 -6.38902e-35  -3.2438e-40 -3.65906e-36  3.14719e-39 -2.99598e-35  1.59539e-39  5.33336e-35   7.9157e-39 -1.10022e-35 -8.68038e-40 -2.28753e-35  1.24549e-38  1.80199e-34  2.38249e-39 -9.95714e-34 -2.50057e-39  5.02453e-33  4.16421e-39 -2.36284e-32 -6.67978e-39  1.02878e-31  1.63712e-38 -4.14303e-31 -7.39491e-39  1.54217e-30 -4.00145e-39 -5.30231e-30  1.92856e-38  1.68206e-29 -6.23414e-38 -4.91618e-29  1.88734e-37  1.32129e-28 -5.83359e-37  -3.2578e-28  1.67748e-36  7.34719e-28  -4.5145e-36 -1.51011e-27  1.13737e-35    2.816e-27 -2.68261e-35 -4.73751e-27  5.91901e-35  7.13947e-27 -1.22061e-34 -9.54877e-27  2.34996e-34  1.11928e-26 -4.21837e-34 -1.12934e-26  7.04983e-34  9.53609e-27   -1.095e-33 -6.40345e-27  1.57757e-33  3.02954e-27 -2.10335e-33   -5.607e-28  2.58849e-33 -5.19603e-28 -2.93142e-33  5.43224e-28  3.04429e-33 -2.02658e-28 -2.88728e-33 -2.29832e-29  2.48884e-33  5.57423e-29 -1.93871e-33 -1.75059e-29  1.35524e-33  -3.8773e-30 -8.42934e-34  3.55441e-30  4.61465e-34 -1.53835e-31 -2.19223e-34 -4.02329e-31  8.86137e-35  7.33561e-32 -2.95881e-35   1.8567e-32  7.75059e-36 -2.98381e-33 -1.41586e-36 -1.34224e-33  1.05121e-37  2.10892e-34  3.15793e-38  1.30297e-35 -1.31503e-38 -1.30998e-37  2.32101e-39 -2.93763e-37  -2.0815e-40  4.19465e-39  6.49378e-42
 3.80571e-50  3.62168e-36  1.60719e-46 -5.81646e-36 -3.00769e-45  8.40758e-35  7.84995e-45  5.56281e-36 -4.29838e-44 -2.92596e-34  1.65774e-43 -3.19172e-34   6.7497e-43  1.20344e-33  2.50546e-42 -4.83253e-34 -2.92848e-42 -4.89698e-34  2.10918e-41  4.29649e-34 -1.89982e-41  1.56026e-35 -1.78952e-40 -1.95727e-34 -2.06092e-40  1.56548e-34  6.08182e-40 -4.18127e-36  9.04333e-40 -6.13176e-35 -1.35408e-39  4.23756e-36  7.31308e-39 -4.20105e-35  2.21134e-39  5.95748e-35  1.36057e-38  3.53935e-35 -1.25281e-39 -3.57568e-34  2.42249e-38  2.10924e-33  7.48739e-39 -1.11531e-32 -6.51393e-39  5.45528e-32  1.85874e-39 -2.46981e-31 -1.09215e-38  1.03427e-30  2.59503e-38  -4.0046e-30 -5.28305e-39  1.43277e-29 -2.60798e-38 -4.73252e-29   9.8347e-38  1.44129e-28 -3.19584e-37 -4.04039e-28  9.84497e-37  1.04036e-27 -2.92429e-36 -2.45399e-27   8.1253e-36  5.28527e-27 -2.11435e-35 -1.03514e-26  5.15193e-35  1.83436e-26 -1.17488e-34 -2.92253e-26   2.5055e-34  4.15226e-26 -4.99158e-34 -5.20432e-26   9.2795e-34  5.66847e-26 -1.60755e-33 -5.24601e-26  2.59108e-33  3.97294e-26 -3.87879e-33 -2.28023e-26  5.38169e-33  7.82198e-27 -6.90448e-33  8.90755e-28  8.16888e-33 -3.13127e-27  -8.8852e-33  1.87053e-27  8.85293e-33 -2.88342e-28 -8.04644e-33 -2.93663e-28  6.63864e-33  1.87025e-28 -4.94276e-33 -1.24824e-29  3.29767e-33 -2.65925e-29 -1.95452e-33   7.6861e-30  1.01804e-33  1.97984e-30 -4.59537e-34 -1.10005e-30  1.76421e-34 -4.00534e-32  -5.6064e-35  6.55132e-32  1.41156e-35  3.44592e-33   -2.581e-36 -3.27895e-33  2.60878e-37  9.04298e-36   1.4345e-38  3.80433e-35  -1.0196e-38  2.82147e-36  1.63394e-39  -2.4812e-37 -1.08377e-40 -2.86243e-39
-1.50655e-36  1.80064e-47  1.70456e-36  9.64846e-46 -5.26426e-36 -1.71909e-44  1.24041e-34  3.13333e-44  4.41658e-35 -1.21802e-43 -3.63353e-34  3.68142e-43 -4.06823e-34  2.50546e-42  1.34023e-33   8.5349e-42 -5.34326e-34 -2.07214e-41 -4.87645e-34  8.79198e-41  4.38639e-34 -7.67546e-41 -2.61695e-35 -3.42461e-40 -1.65571e-34 -6.21572e-40  1.73202e-34  1.20954e-39  -2.4585e-35  2.46588e-39 -6.30762e-35 -4.12758e-39  1.68612e-35  1.56939e-38 -4.19766e-35  2.03431e-39 -2.70377e-35  2.14897e-38  6.73459e-34 -1.64641e-39 -4.21131e-33  4.47197e-38   2.3275e-32  1.82161e-38 -1.18473e-31  -1.4063e-38   5.5779e-31 -6.19101e-39   -2.429e-30 -1.62764e-38  9.78154e-30  3.44457e-38 -3.64102e-29  2.14232e-38  1.25185e-28 -1.40464e-37 -3.97115e-28  4.91803e-37  1.16058e-27  -1.5806e-36 -3.11893e-27   4.7929e-36  7.68887e-27 -1.37476e-35 -1.73364e-26  3.69354e-35  3.56207e-26 -9.29432e-35 -6.63928e-26  2.18957e-34  1.11623e-25 -4.82572e-34  -1.6806e-25  9.94124e-34  2.24476e-25 -1.91221e-33  -2.6262e-25  3.43015e-33  2.64217e-25 -5.73003e-33 -2.22073e-25  8.89933e-33  1.47883e-25 -1.28265e-32 -6.86116e-26  1.71195e-32  1.12351e-26 -2.11082e-32  1.32041e-26  2.39767e-32 -1.29672e-26 -2.50105e-32  4.59856e-27  2.38698e-32  7.07403e-28  -2.0754e-32 -1.36032e-27  1.63561e-32  3.93991e-28 -1.16136e-32  1.10763e-28  7.37581e-33 -8.85257e-29 -4.15287e-33  2.95458e-30  2.05017e-33  9.67317e-30  -8.7503e-34 -1.43222e-30  3.16944e-34 -5.83372e-31 -9.49307e-35  9.25441e-32  2.25969e-35  2.92778e-32 -3.97897e-36 -3.78082e-33  4.32514e-37 -5.72468e-34 -5.54356e-39  2.13243e-35 -6.55773e-39  6.04612e-36  9.46309e-40 -2.29578e-38 -3.84449e-41
-2.20853e-47 -2.10441e-36  2.65263e-46 -6.23731e-36  4.76103e-45 -9.03972e-36 -8.37542e-44  1.62573e-34   1.0511e-43  1.07762e-34 -2.20459e-43 -4.23299e-34  2.42807e-43 -4.83253e-34   8.5349e-42  1.42397e-33  2.68893e-41 -5.52079e-34 -9.29174e-41 -4.58779e-34  3.06973e-40  3.96992e-34  -2.4791e-40  -4.6561e-35 -5.68414e-40 -1.36773e-34 -1.69932e-39  1.89847e-34  2.22523e-39 -4.15176e-35  6.12218e-39 -6.89682e-35 -1.06289e-38  1.53166e-35  3.12733e-38   1.1767e-34 -6.14935e-40 -1.19094e-33  3.10246e-38  7.94083e-33 -1.84428e-39 -4.57899e-32  7.85611e-38  2.42634e-31  3.84474e-38 -1.18806e-30 -2.67156e-38  5.37998e-30 -2.54764e-38 -2.25311e-29 -1.71573e-38  8.72421e-29  1.58625e-38 -3.12147e-28  1.75114e-37  1.03106e-27 -7.05424e-37  -3.1401e-27  2.37406e-36   8.8024e-27 -7.45212e-36 -2.26635e-26  2.19875e-35  5.34515e-26 -6.09772e-35 -1.15096e-25   1.5842e-34  2.25347e-25 -3.85406e-34  -3.9914e-25  8.77464e-34  6.35473e-25 -1.86807e-33 -9.01951e-25  3.71529e-33  1.12881e-24 -6.89505e-33 -1.22675e-24  1.19251e-32  1.13138e-24 -1.91917e-32 -8.51744e-25  2.86919e-32  4.83002e-25 -3.97704e-32 -1.59395e-25  5.09991e-32 -2.59298e-26 -6.03514e-32  7.04333e-26  6.57199e-32 -4.04104e-26 -6.56405e-32   5.3504e-27  5.99055e-32  6.88568e-27 -4.97344e-32   -4.098e-27  3.73652e-32  1.68886e-28 -2.52453e-32  6.26821e-28  1.52236e-32 -1.67771e-28 -8.11815e-33 -4.77953e-29  3.78465e-33  2.38371e-29  -1.5203e-33  1.75107e-30  5.16408e-34 -1.63794e-30 -1.44575e-34 -7.19093e-32  3.21284e-35  6.93478e-32 -5.31985e-36  1.87134e-33  5.71718e-37 -1.06972e-33 -2.18177e-38 -5.81091e-35 -3.27487e-39  4.74378e-36  4.23172e-40  1.00329e-37
 8.51383e-37 -1.89958e-46 -8.05348e-37  2.34252e-45 -1.89314e-35  1.96717e-44 -2.48208e-35   -3.545e-43   1.8877e-34  2.87816e-43  1.93604e-34  1.54148e-43 -4.66985e-34 -2.92848e-42 -5.34326e-34  2.68893e-41  1.45086e-33  7.88776e-41 -5.38949e-34 -3.36949e-40  -4.0356e-34  9.43053e-40  3.09789e-34 -6.91884e-40 -4.31551e-35 -7.66162e-40 -1.14845e-34 -4.28823e-39  2.07693e-34  3.79971e-39 -5.61521e-35  1.40379e-38  -4.8787e-35 -2.43304e-38 -2.41686e-34  5.81343e-38  2.11613e-33 -8.78965e-39 -1.41704e-32   4.0494e-38  8.51405e-32 -1.21513e-39 -4.69558e-31  1.31474e-37   2.3916e-30  7.33176e-38 -1.12624e-29 -4.48937e-38  4.90496e-29 -6.88014e-38 -1.97539e-28  1.97641e-38  7.35363e-28 -1.63739e-37 -2.52848e-27  9.42988e-37  8.02134e-27 -3.36998e-36 -2.34434e-26  1.09705e-35   6.3001e-26 -3.34366e-35 -1.55304e-25  9.56144e-35  3.50132e-25 -2.56425e-34 -7.19265e-25   6.4409e-34  1.34019e-24 -1.51438e-33 -2.25207e-24  3.33053e-33   3.3882e-24 -6.84535e-33 -4.52054e-24   1.3135e-32  5.27978e-24 -2.35012e-32 -5.29795e-24  3.91539e-32  4.43364e-24 -6.06465e-32  -2.9288e-24  8.71788e-32  1.33249e-24  -1.1607e-31 -1.88979e-25  1.42808e-31 -2.85122e-25 -1.61956e-31  2.64997e-25  1.68805e-31 -8.92652e-26 -1.61162e-31 -1.76841e-26  1.40391e-31  2.84892e-26 -1.11078e-31 -7.63953e-27  7.93899e-32 -2.59126e-27 -5.09232e-32  1.85793e-27  2.90821e-32 -2.96235e-29 -1.46439e-32 -2.07054e-28  6.42316e-33  2.58116e-29 -2.41713e-33  1.37326e-29  7.65318e-34 -1.98368e-30 -1.98666e-34 -6.30941e-31  4.07571e-35  6.81991e-32 -6.23273e-36  1.45883e-32  6.33211e-37 -5.01977e-34 -2.97812e-38 -1.27396e-34 -1.05702e-39 -3.06571e-37  1.25173e-40
 1.03838e-46  1.36874e-36 -1.15053e-45  3.57098e-36  1.54776e-44 -3.08984e-35   6.8028e-44 -5.76547e-35 -1.32126e-42  1.93118e-34   5.8188e-43  2.89215e-34  3.68747e-42 -4.89698e-34 -2.07214e-41 -5.52079e-34  7.88776e-41  1.43178e-33  2.16666e-40 -5.08569e-34 -1.05884e-39 -3.24745e-34  2.61126e-39  1.88034e-34 -1.72513e-39 -1.82642e-35 -6.45713e-40 -9.99005e-35 -1.00872e-38  2.29492e-34  6.03561e-39 -1.11951e-34  3.00511e-38   3.7102e-34 -5.07773e-38 -3.46891e-33  1.01216e-37  2.40317e-32 -2.72107e-38 -1.49908e-31  4.67101e-38   8.6032e-31  1.90005e-39 -4.55839e-30  2.09722e-37  2.23249e-29  1.27836e-37 -1.01109e-28 -6.11967e-38  4.23489e-28 -1.82388e-37 -1.63997e-27  2.62623e-37  5.86836e-27 -1.13861e-36 -1.93859e-26  4.53936e-36  5.90449e-26 -1.53762e-35 -1.65527e-25  4.84512e-35  4.26195e-25 -1.43048e-34 -1.00516e-24  3.95897e-34   2.1642e-24 -1.02662e-33 -4.23653e-24  2.49239e-33  7.50143e-24 -5.66124e-33 -1.19369e-23   1.2021e-32  1.69287e-23 -2.38385e-32   -2.116e-23     4.41e-32   2.2951e-23 -7.60069e-32 -2.10993e-23  1.21867e-31  1.57955e-23 -1.81477e-31 -8.85245e-24  2.50525e-31  2.80614e-24 -3.19946e-31  6.05097e-25  3.77126e-31 -1.36645e-24 -4.09205e-31  7.54695e-25  4.07519e-31 -8.33658e-26 -3.71209e-31 -1.39003e-25  3.08052e-31  7.77976e-26 -2.31802e-31 -1.34071e-27  1.57268e-31 -1.26361e-26 -9.55451e-32  3.11489e-27  5.15404e-32  1.01853e-27 -2.44296e-32 -4.58376e-28  1.00429e-32 -4.58203e-29  -3.5229e-33  3.34728e-29  1.03299e-33  1.74395e-30 -2.46513e-34 -1.36234e-30  4.61598e-35 -6.05228e-32 -6.41474e-36  2.26995e-32  5.96989e-37  1.26269e-33 -2.85016e-38 -8.87101e-35 -3.25691e-41 -2.39021e-36
-3.15671e-37  1.02731e-45  1.13186e-36 -5.65292e-45  1.20753e-35  8.31238e-44 -3.44769e-35   1.9192e-43 -1.05249e-34 -4.37853e-42  1.71489e-34  4.67035e-43  3.74847e-34  2.10918e-41 -4.87645e-34 -9.29174e-41 -5.38949e-34  2.16666e-40  1.39262e-33  5.59913e-40  -4.8271e-34 -2.97255e-39 -2.26081e-34  6.60872e-39  4.36881e-35 -3.91267e-39  2.28069e-35  4.63104e-40 -9.37187e-35 -2.22276e-38  3.15905e-34  8.90594e-39 -7.53807e-34  6.06142e-38  5.34662e-33  -9.8134e-38 -3.85251e-32  1.65652e-37  2.50265e-31 -6.21095e-38 -1.49469e-30  4.51432e-38  8.23952e-30  1.10596e-38 -4.19716e-29  3.19918e-37  1.97682e-28  1.99279e-37 -8.61059e-28 -2.82887e-38  3.46828e-27 -5.72792e-37  -1.2913e-26  1.50093e-36  4.44068e-26 -5.76389e-36 -1.40896e-25  2.05945e-35  4.11837e-25 -6.71536e-35 -1.10687e-24  2.04792e-34  2.72875e-24 -5.85169e-34 -6.15205e-24  1.56652e-33  1.26372e-23 -3.92701e-33 -2.35429e-23    9.212e-33  3.95491e-23 -2.02059e-32 -5.94683e-23  4.14035e-32  7.92719e-23 -7.91709e-32 -9.24533e-23    1.411e-31  9.25551e-23 -2.34056e-31 -7.71466e-23  3.60795e-31  5.05718e-23 -5.15931e-31 -2.25632e-23  6.83078e-31  2.69269e-24 -8.35532e-31  5.32744e-24  9.41955e-31 -4.71586e-24 -9.76137e-31  1.50855e-24  9.27026e-31  3.70663e-25 -8.04021e-31  -5.1965e-25  6.34276e-31  1.29151e-25 -4.52922e-31   5.1723e-26  2.91035e-31 -3.38159e-26 -1.67064e-31  -1.1476e-28   8.4895e-32  3.90141e-27 -3.77561e-32 -4.13514e-28  1.44873e-32 -2.71852e-28 -4.71117e-33  3.50116e-29  1.26983e-33  1.23675e-29 -2.75842e-34 -1.13843e-30  4.65458e-35 -3.00243e-31  -5.7805e-36  8.34964e-33  4.79122e-37  2.48516e-33 -2.08498e-38  1.52316e-35  1.59547e-40
 6.20967e-47 -7.39183e-38    7.115e-45 -9.55058e-37 -2.35793e-44  2.49606e-35  3.78567e-43 -2.37733e-35  4.01784e-43  -1.5718e-34 -1.29889e-41  1.27333e-34 -2.79159e-42  4.29649e-34  8.79198e-41 -4.58779e-34 -3.36949e-40 -5.08569e-34  5.59913e-40  1.36974e-33  1.36641e-39   -4.855e-34 -7.58025e-39 -1.10673e-34  1.54256e-38 -1.13964e-34 -8.16051e-39  8.02733e-35   3.8445e-39 -1.76523e-34 -4.59599e-38   1.2246e-33  1.20582e-38 -8.01649e-33  1.16166e-37  5.86004e-32 -1.77638e-37 -3.96459e-31  2.55745e-37  2.46553e-30 -1.20297e-37 -1.41435e-29  3.08726e-38  7.49454e-29  3.18043e-38 -3.67107e-28  4.74341e-37  1.66291e-27   2.4088e-37 -6.96623e-27  2.90272e-37  2.69818e-26 -2.18571e-36 -9.65681e-26   7.2662e-36  3.19069e-25 -2.63568e-35 -9.71984e-25  8.92749e-35  2.72533e-24 -2.81323e-34 -7.01815e-24   8.3019e-34  1.65537e-23   -2.295e-33 -3.56438e-23  5.94122e-33  6.97728e-23 -1.43948e-32 -1.23526e-22  3.26178e-32  1.96501e-22 -6.90619e-32 -2.78511e-22  1.36494e-31  3.47775e-22 -2.51518e-31  -3.7658e-22  4.31536e-31   3.4521e-22  -6.8834e-31 -2.57083e-22  1.01906e-30  1.42446e-22 -1.39764e-30   -4.331e-23  1.77219e-30 -1.18277e-23 -2.07286e-30    2.321e-23  2.23105e-30 -1.23684e-23 -2.20369e-30  1.09554e-24  1.99147e-30  2.45059e-24 -1.64085e-30 -1.29689e-24  1.22765e-30 -7.95031e-27 -8.29947e-31  2.22472e-25  5.03899e-31 -5.04666e-26 -2.72639e-31 -1.90095e-26  1.30158e-31  7.80017e-27 -5.41343e-32  9.59202e-28  1.93017e-32 -5.91219e-28 -5.78234e-33 -3.82202e-29  1.41993e-33   2.4029e-29 -2.77362e-34  1.37649e-30  4.15211e-35 -4.09458e-31 -4.51962e-36 -2.52007e-32  3.23356e-37  1.51639e-33 -1.14846e-38  4.72827e-35
-6.56552e-37   4.1038e-46  7.21381e-37  3.92125e-44 -6.50447e-36 -8.40628e-44  4.06339e-35  1.49953e-42  1.96411e-36  3.51605e-43 -1.99259e-34 -3.46339e-41  7.08745e-35 -1.89982e-41  4.38639e-34  3.06973e-40  -4.0356e-34 -1.05884e-39  -4.8271e-34  1.36641e-39  1.40164e-33  3.15864e-39 -5.37029e-34 -1.77403e-38  2.05096e-35  3.34099e-38 -2.87451e-34 -1.57591e-38  2.53994e-34  1.16044e-38  -1.3506e-33 -8.91151e-38  1.12827e-32  1.43198e-38  -8.4842e-32  2.13187e-37  5.96815e-31 -3.04069e-37 -3.86564e-30   3.7387e-37  2.30829e-29 -2.07351e-37  -1.2726e-28  1.42244e-39  6.48366e-28  6.53924e-38 -3.05432e-27   7.2619e-37  1.33067e-26 -4.71245e-39 -5.36101e-26  1.98764e-36  1.99645e-25 -9.22055e-36 -6.86719e-25  3.27065e-35  2.17936e-24 -1.13962e-34 -6.37171e-24  3.71499e-34  1.71286e-23 -1.13255e-33 -4.22352e-23  3.23399e-33  9.52355e-23 -8.64801e-33 -1.95648e-22  2.16463e-32   3.6449e-22  -5.0681e-32  -6.1222e-22  1.10902e-31  9.20265e-22 -2.26589e-31 -1.22593e-21   4.3176e-31  1.42813e-21  -7.6627e-31 -1.42683e-21  1.26478e-30    1.185e-21 -1.93833e-30 -7.71184e-22  2.75314e-30  3.37484e-22 -3.61705e-30 -3.25301e-23  4.38599e-30 -8.73447e-23 -4.89727e-30  7.40487e-23  5.02246e-30 -2.24959e-23 -4.71809e-30 -6.66999e-24  4.04756e-30  8.36026e-24 -3.16022e-30 -1.92623e-24  2.23667e-30 -8.99462e-25 -1.42795e-30  5.42783e-25  8.17184e-31  1.24395e-26 -4.15742e-31 -6.50305e-26  1.85972e-31  5.83655e-27 -7.20942e-32  4.69548e-27  2.37716e-32 -5.35216e-28 -6.51226e-33 -2.16127e-28  1.44073e-33  1.70619e-29 -2.49042e-34  5.34583e-30  3.23979e-35 -1.11976e-31 -3.01589e-36 -4.34786e-32  1.78499e-37 -3.90087e-34 -4.21534e-39
 6.07621e-47 -1.94347e-36  2.09526e-45  1.69328e-36  1.80059e-43 -1.66809e-35 -2.50223e-43  5.54104e-35  5.25323e-42   3.7894e-35 -1.92835e-42 -2.20359e-34 -8.31056e-41  1.56026e-35 -7.67546e-41  3.96992e-34  9.43053e-40 -3.24745e-34 -2.97255e-39   -4.855e-34  3.15864e-39  1.51948e-33  6.93415e-39 -6.49291e-34 -3.83668e-38  1.78596e-34  6.74231e-38 -6.00955e-34 -2.82908e-38  1.79788e-33  2.66431e-38 -1.45402e-32   -1.616e-37  1.16667e-31  1.24969e-38 -8.54637e-31  3.77307e-37  5.76676e-30 -4.96614e-37  -3.5855e-29  5.20015e-37  2.05712e-28 -3.25869e-37 -1.09026e-27 -3.35819e-38  5.34162e-27  7.08233e-38 -2.42019e-26  1.34392e-36  1.01411e-25 -1.74389e-36  -3.9289e-25  9.88642e-36  1.40654e-24 -3.95964e-35 -4.64861e-24  1.40246e-34  1.41652e-23 -4.71924e-34 -3.97286e-23  1.48695e-33  1.02335e-22 -4.38712e-33 -2.41439e-22  1.21222e-32   5.1998e-22 -3.13559e-32 -1.01801e-21  7.58809e-32  1.80237e-21 -1.71664e-31 -2.86683e-21  3.62698e-31   4.0619e-21 -7.14904e-31 -5.06837e-21  1.31289e-30  5.48071e-21 -2.24311e-30 -5.01167e-21  3.55964e-30  3.71442e-21 -5.23729e-30 -2.03571e-21  7.13001e-30  5.92919e-22  -8.9623e-30  1.98807e-22  1.03774e-29 -3.49244e-22 -1.10415e-29  1.79992e-22  1.07673e-29 -1.20418e-23 -9.59674e-30 -3.81837e-23  7.79473e-30  1.92026e-23 -5.75078e-30  5.58278e-25  3.83932e-30  -3.4679e-24 -2.30845e-30  7.24613e-25  1.24212e-30  3.12869e-25 -5.92845e-31 -1.18241e-25  2.47899e-31 -1.71259e-26 -8.92885e-32  9.23754e-27  2.70866e-32  7.22558e-28 -6.72633e-33 -3.79239e-28  1.32123e-33 -2.59673e-29  -1.9764e-34  6.51179e-30  2.16919e-35  4.47033e-31 -1.66941e-36 -2.32675e-32  7.61208e-38 -8.18841e-34
 6.97393e-37  1.52969e-45 -3.56433e-36  1.15828e-44  2.19955e-36  7.03755e-43 -3.09272e-35 -5.73505e-43  6.47195e-35  1.64692e-41  7.62506e-35 -1.40007e-41 -2.17389e-34 -1.78952e-40 -2.61695e-35  -2.4791e-40  3.09789e-34  2.61126e-39 -2.26081e-34 -7.58025e-39 -5.37029e-34  6.93415e-39  1.74052e-33  1.44903e-38 -8.35937e-34  -7.7047e-38  5.12828e-34  1.27107e-37 -2.55327e-33 -4.72812e-38   1.8332e-32  5.19679e-38 -1.52038e-31 -2.72679e-37  1.16484e-30 -1.20297e-39 -8.19238e-30  6.47824e-37  5.30547e-29 -7.80874e-37 -3.16853e-28  6.93463e-37  1.74723e-27 -4.79051e-37 -8.90394e-27 -1.21461e-38  4.19554e-26 -2.16348e-37 -1.82836e-25  3.59278e-36  7.36823e-25 -1.02837e-35 -2.74479e-24  4.44013e-35   9.4443e-24 -1.66716e-34 -2.99822e-23  5.77034e-34  8.76877e-23 -1.87865e-33 -2.35805e-22  5.72887e-33  5.81633e-22 -1.63616e-32 -1.31192e-21   4.3751e-32  2.69587e-21 -1.09474e-31 -5.02339e-21  2.56142e-31  8.43829e-21  -5.5989e-31 -1.26829e-20  1.14211e-30  1.68891e-20 -2.17145e-30 -1.96581e-20   3.8424e-30  1.96079e-20 -6.31769e-30 -1.62326e-20  9.63441e-30   1.0493e-20 -1.35997e-29 -4.50566e-21  1.77303e-29  3.29438e-22  -2.1299e-29  1.27056e-21  2.35157e-29 -1.03674e-21 -2.37994e-29  2.99247e-22  2.20191e-29  1.04844e-22 -1.85717e-29 -1.19884e-22  1.42394e-29  2.56139e-23 -9.89528e-30  1.38161e-23  6.21157e-30 -7.77459e-24 -3.50701e-30 -3.26684e-25  1.76988e-30  9.67028e-25 -7.90931e-31 -7.26887e-26   3.0858e-31 -7.19994e-26 -1.02982e-31  7.24394e-27   2.8588e-32  3.37246e-27 -6.36693e-33 -2.28683e-28   1.0886e-33 -8.43666e-29 -1.36272e-34  1.22884e-30  1.20417e-35  6.81497e-31 -7.28201e-37  7.82631e-33  2.17014e-38
 3.89151e-45  1.87238e-36  1.54339e-44 -4.62905e-36  7.27519e-44  1.72976e-36  2.36321e-42 -4.65999e-35 -6.89459e-43  6.51402e-35  4.66118e-41  1.10219e-34 -5.98113e-41 -1.95727e-34 -3.42461e-40  -4.6561e-35 -6.91884e-40  1.88034e-34  6.60872e-39 -1.10673e-34 -1.77403e-38 -6.49291e-34  1.44903e-38  2.07707e-33  2.88913e-38 -1.25198e-33 -1.44157e-37  2.73118e-33  2.24104e-37 -2.23122e-32 -7.34614e-38  1.89185e-31   8.8619e-38 -1.51159e-30 -4.24412e-37  1.10908e-29  -4.3956e-38 -7.48423e-29  1.08373e-36  4.65413e-28 -1.19334e-36 -2.67084e-27  9.01569e-37  1.41589e-26 -7.03514e-37 -6.93889e-26  3.58422e-37  3.14481e-25 -2.08184e-36 -1.31817e-24  1.30503e-35  5.10862e-24 -4.79264e-35 -1.82953e-23  1.88449e-34   6.0489e-23 -6.79018e-34 -1.84393e-22  2.28219e-33  5.17372e-22 -7.19444e-33 -1.33322e-21  2.12441e-32   3.1467e-21 -5.87438e-32  -6.7795e-21  1.52038e-31  1.32772e-20 -3.68061e-31 -2.35129e-20  8.32708e-31  3.74041e-20 -1.75883e-30 -5.29917e-20  3.46402e-30  6.60939e-20 -6.35259e-30 -7.13986e-20  1.08301e-29  6.51532e-20 -1.71329e-29 -4.80816e-20  2.50994e-29  2.60801e-20 -3.39745e-29 -7.26954e-21  4.23868e-29 -2.92498e-21 -4.86124e-29  4.69983e-21  5.11077e-29 -2.34829e-21 -4.91121e-29  1.07112e-22  4.30117e-29  5.31029e-22 -3.42329e-29 -2.54991e-22  2.46943e-29 -1.31354e-23 -1.61044e-29  4.83544e-23  9.46999e-30 -9.32486e-24  -5.0041e-30 -4.58315e-24  2.36289e-30  1.61017e-24 -9.87262e-31  2.67572e-25  3.59032e-31 -1.29384e-25 -1.10801e-31 -1.18712e-26  2.79941e-32  5.38529e-27 -5.51861e-33  4.24678e-28  7.98416e-34 -9.28248e-29 -7.91197e-35 -7.05839e-30  5.15978e-36  3.21252e-31 -2.25084e-37  1.26583e-32
