 8.93623e-34  6.18265e-37 -1.04867e-33 -7.17836e-36  2.01588e-34  8.20316e-36  1.70096e-34  1.94549e-35 -1.20016e-34  1.38113e-35  1.03352e-34  1.09087e-37 -6.82188e-35 -6.05894e-36 -8.82939e-35  2.95497e-36  1.14955e-34  7.41646e-37  3.49652e-35 -5.46394e-37 -2.68342e-35 -2.58761e-37 -5.76199e-36  2.60158e-37  1.79734e-35 -1.04524e-37 -1.18867e-34 -2.66353e-38  6.41873e-34  1.45598e-38 -3.12123e-33 -5.43156e-38  1.36559e-32   1.2545e-38 -5.37718e-32 -1.55678e-38  1.90706e-31  1.25572e-39 -6.09387e-31  1.00031e-38  1.75376e-30 -3.03766e-38 -4.54051e-30  1.09376e-37  1.05544e-29 -3.55957e-37 -2.19624e-29  1.06609e-36  4.07412e-29 -2.95665e-36 -6.69878e-29  7.59149e-36  9.68506e-29 -1.80486e-35 -1.21739e-28   3.9724e-35  1.30811e-28 -8.09022e-35 -1.16918e-28  1.52361e-34  8.26168e-29 -2.65096e-34  -4.0791e-29  4.25664e-34  7.52322e-30 -6.29927e-34   8.0628e-30  8.57862e-34 -8.42359e-30 -1.07331e-33  2.91537e-30  1.23159e-33  8.41369e-31   -1.294e-33 -1.21572e-30  1.24333e-33   2.8715e-31 -1.09214e-33  1.92926e-31  8.78251e-34 -1.20131e-31 -6.49361e-34 -1.19116e-32  4.45265e-34  2.50581e-32 -2.86929e-34  -1.2856e-33   1.7645e-34 -3.90735e-33 -1.04648e-34   4.2913e-34  5.97133e-35   4.8485e-34 -3.22236e-35 -3.90676e-35  1.60289e-35 -5.53366e-35 -7.16685e-36  2.39421e-36  2.82775e-36  3.88389e-36 -9.77385e-37   3.7468e-37  2.98695e-37 -2.45921e-37 -8.32466e-38  -3.0521e-38  2.20861e-38  4.50045e-39 -5.66534e-39  1.67185e-39  1.34287e-39   5.1026e-41 -2.69866e-40 -3.07486e-41  4.18064e-41 -2.19967e-42 -4.46931e-42 -3.78987e-44  2.72524e-43  2.18641e-44   -4.444e-45  6.28852e-46 -3.16978e-46 -4.50869e-48  8.18492e-48
 6.18265e-37  2.46648e-33  4.22164e-36 -2.10285e-33 -2.68073e-35 -2.92368e-34  2.64095e-35  5.94382e-34  4.90029e-35 -2.09368e-34  3.44845e-35  2.28157e-34  6.43882e-37 -1.62114e-34 -7.44964e-36 -1.95988e-34  3.23407e-36  1.88239e-34   1.4671e-36  1.26412e-34  2.11748e-37 -4.71033e-35 -3.82312e-37 -1.17929e-34  5.95115e-37  7.19988e-34 -3.84368e-37  -4.1912e-33 -1.80273e-37  2.15791e-32  7.14172e-38 -9.97188e-32  -9.0148e-38  4.14398e-31  3.73061e-38 -1.55057e-30 -3.40299e-38  5.22743e-30 -2.53392e-38 -1.58779e-29  1.57398e-37  4.34191e-29 -5.51212e-37 -1.06729e-28  1.86862e-36  2.35257e-28 -5.84718e-36 -4.63376e-28  1.69236e-35  8.11585e-28 -4.53537e-35 -1.25549e-27  1.12547e-34  1.69929e-27 -2.58587e-34 -1.98493e-27  5.49892e-34  1.95911e-27 -1.08165e-33 -1.57558e-27  1.96642e-33  9.57617e-28  -3.3005e-33  -3.4803e-28  5.10771e-33  -3.9244e-29 -7.27667e-33  1.50281e-28  9.52598e-33 -9.13119e-29 -1.14358e-32  9.41464e-30  1.25612e-32  2.12821e-29 -1.25954e-32 -1.21608e-29  1.15052e-32 -6.85242e-31 -9.56061e-33  3.06559e-30  7.22929e-33 -6.55178e-31 -4.99184e-33 -4.76934e-31  3.17632e-33  1.96538e-31 -1.89354e-33  5.77749e-32  1.08142e-33 -3.46334e-32 -6.02664e-34 -6.46895e-33  3.27765e-34  4.27395e-33 -1.69971e-34  8.39779e-34  8.10695e-35 -4.03595e-34 -3.43465e-35 -8.77288e-35  1.25938e-35  1.98804e-35 -3.94403e-36  8.29547e-36  1.06352e-36 -4.89816e-37 -2.58744e-37 -3.67768e-37  6.19825e-38 -2.86208e-38 -1.53803e-38   8.3262e-39   3.6737e-39  1.41431e-39 -7.37436e-40 -1.56965e-41   1.1008e-40 -1.44052e-41   -1.075e-41 -1.20517e-42  5.45354e-43  1.88472e-44 -4.33198e-45   2.3832e-45 -4.26545e-46  2.63847e-47
-1.04867e-33  4.22164e-36  4.43308e-33  1.68375e-35 -2.57511e-33 -6.35129e-35 -1.12355e-33  5.65396e-35  1.01829e-33  8.74756e-35 -2.76797e-34   4.6733e-35  3.54945e-34  3.07379e-36 -2.29666e-34 -6.30478e-36 -3.53402e-34   1.8782e-36  2.43399e-34  1.48818e-36  2.13059e-34  2.26957e-36  3.31127e-34 -2.95831e-37 -3.06418e-33  9.94416e-37  1.86911e-32 -8.63683e-37 -1.01989e-31 -5.07194e-37  4.98077e-31  1.87249e-37 -2.18519e-30 -8.90371e-38  8.62759e-30  6.10637e-38 -3.06858e-29  3.06184e-38  9.83502e-29 -4.61343e-37 -2.83947e-28  1.90478e-36   7.3762e-28 -6.67787e-36 -1.72072e-27  2.18217e-35  3.59416e-27  -6.5981e-35 -6.69407e-27  1.84683e-34  1.10536e-26 -4.78683e-34 -1.60542e-26  1.14886e-33  2.02788e-26 -2.55257e-33  -2.1906e-26  5.24767e-33  1.96949e-26 -9.97509e-33 -1.40122e-26  1.75148e-32  6.98123e-27 -2.83725e-32 -1.32193e-27  4.23388e-32 -1.37077e-27 -5.80957e-32  1.45901e-27  7.31473e-32 -5.15769e-28 -8.43035e-32 -1.42134e-28  8.86947e-32  2.14151e-28 -8.49302e-32 -5.26076e-29  7.37951e-32 -3.37024e-29 -5.80305e-32  2.17887e-29  4.12483e-32  1.92216e-30 -2.65568e-32 -4.56691e-30   1.5623e-32  2.90044e-31 -8.56573e-33  7.11301e-31   4.5171e-33 -8.46961e-32 -2.36284e-33 -9.13024e-32  1.23181e-33  9.22767e-33 -6.19529e-34  1.00177e-32  2.85612e-34 -4.06381e-34  -1.1515e-34 -8.00938e-34  3.91897e-35 -4.96561e-35 -1.09975e-35  4.52574e-35  2.53532e-36  6.30966e-36 -5.06525e-37 -1.03006e-36   1.0399e-37 -3.30261e-37 -2.55677e-38 -5.60688e-39  6.50632e-39  5.64104e-39 -1.34856e-39  5.48155e-40  1.95537e-40  -6.4053e-42 -1.71581e-41 -3.99014e-42  6.71565e-43 -1.30261e-43  2.01529e-45  6.58193e-46 -3.23676e-46
-7.17836e-36 -2.10285e-33  1.68375e-35  6.01976e-33  4.75474e-35 -2.38963e-33 -1.12503e-34 -1.84209e-33  9.36256e-35  1.40286e-33  1.27597e-34 -3.37607e-34   3.3634e-35  4.67991e-34  8.71749e-36 -2.64353e-34 -5.84134e-36 -5.55038e-34  1.04854e-36  4.49114e-34 -1.18728e-37 -9.63178e-34  5.27086e-36  9.98676e-33 -4.03198e-37 -6.58829e-32   1.5509e-36   3.8035e-31 -1.46056e-36 -1.96426e-30 -1.00524e-36  9.10186e-30  3.41692e-37 -3.79276e-29 -7.88377e-39  1.42324e-28 -1.22283e-37 -4.81275e-28   1.0973e-36  1.46654e-27 -4.98212e-36 -4.02398e-27  1.86907e-35  9.92703e-27 -6.37849e-35 -2.19651e-26  2.01639e-34  4.34392e-26 -5.90035e-34 -7.64103e-26  1.59864e-33  1.18748e-25 -4.01084e-33 -1.61518e-25  9.31699e-33  1.89679e-25 -2.00313e-32 -1.88315e-25  3.98354e-32  1.52464e-25 -7.32131e-32 -9.34304e-26  1.24218e-31  3.44239e-26 -1.94292e-31  3.57405e-27  2.79684e-31 -1.47786e-26 -3.69784e-31  9.14217e-27  4.47981e-31 -1.01971e-27 -4.95894e-31 -2.11646e-27  4.99959e-31  1.24474e-27 -4.57407e-31  5.59411e-29  3.78227e-31 -3.13061e-28 -2.81535e-31  7.08293e-29  1.88046e-31  4.85104e-29  -1.1268e-31 -2.10845e-29  6.10107e-32 -5.79027e-30 -3.05223e-32  3.72225e-30  1.47369e-32  6.54073e-31 -7.22441e-33 -4.73263e-31  3.64278e-33 -8.27478e-32 -1.80036e-33  4.39669e-32  8.10534e-34  9.64515e-33 -3.12685e-34 -2.47041e-33  9.88191e-35 -8.67664e-34 -2.46168e-35  5.56774e-35  4.65854e-36  4.30998e-35 -6.71519e-37  2.77188e-36  9.86891e-38 -9.90888e-37 -2.64305e-38 -1.55924e-37  8.38082e-39  1.68799e-39 -1.91144e-39  1.89806e-39    2.728e-40  1.22828e-40 -2.10576e-41 -2.08131e-42  5.62063e-43 -2.86137e-43  9.03446e-45 -3.46467e-45
 2.01588e-34 -2.68073e-35 -2.57511e-33  4.75474e-35   6.8426e-33  1.02861e-34 -2.13003e-33 -1.58429e-34 -2.38933e-33  1.27637e-34  1.69547e-33  1.57718e-34  -3.4652e-34 -7.27226e-36  5.57258e-34  1.91426e-35 -2.69703e-34 -7.21039e-36 -1.09977e-33  2.54615e-36  3.95796e-33 -3.82192e-36 -2.76219e-32  8.43509e-36  1.93727e-31 -1.23678e-36 -1.18683e-30  2.43184e-36  6.48481e-30 -2.04247e-36 -3.17531e-29 -1.59946e-36  1.39693e-28  4.17146e-37 -5.53136e-28  5.34564e-37  1.97337e-27 -2.35168e-36 -6.34529e-27  1.08285e-35  1.83823e-26 -4.29404e-35 -4.79259e-26  1.54166e-34  1.12232e-25 -5.10192e-34 -2.35382e-25  1.56266e-33  4.40303e-25 -4.43077e-33 -7.30425e-25  1.16323e-32  1.06614e-24 -2.82761e-32 -1.35394e-24  6.36255e-32  1.47118e-24 -1.32462e-31 -1.33142e-24  2.54971e-31  9.54638e-25 -4.53322e-31 -4.80747e-25  7.43542e-31  9.41333e-26 -1.12337e-30  9.31385e-26  1.56049e-30 -1.01511e-25 -1.98863e-30  3.68206e-26  2.31876e-30  9.52475e-27 -2.46609e-30 -1.51546e-26  2.38343e-30  3.90003e-27 -2.08421e-30  2.35275e-27  1.64073e-30 -1.59263e-27 -1.15624e-30 -1.18464e-28   7.2539e-31  3.34232e-28 -4.03709e-31 -2.58124e-29  2.00058e-31 -5.22309e-29   -9.032e-32  6.97957e-30  3.93992e-32  6.80416e-30 -1.80562e-32 -8.05249e-31  8.93582e-33 -7.49674e-31 -4.42088e-33  3.78798e-32  1.96696e-33  6.31196e-32 -7.30104e-34  2.83354e-33  2.14579e-34 -3.54671e-33 -4.71772e-35 -4.85998e-34  6.97974e-36  9.09477e-35 -4.91562e-37  2.59128e-35 -1.85395e-38  2.65539e-37  -6.7836e-39 -4.68015e-37  7.75275e-39 -4.47944e-38 -2.23824e-39  9.85991e-40  3.20431e-40  3.22264e-40  -2.1145e-41  1.08688e-41  3.05669e-43 -6.58791e-44  9.02892e-45
 8.20316e-36 -2.92368e-34 -6.35129e-35 -2.38963e-33  1.02861e-34  7.41925e-33  1.77626e-34 -2.13905e-33 -1.80435e-34 -2.93951e-33   1.4886e-34  1.71941e-33  1.65471e-34 -2.53266e-34 -6.30038e-35  5.38726e-34   3.5202e-35  4.55397e-34 -7.90303e-36 -8.86089e-33  6.30226e-36  6.76889e-32 -9.12275e-36 -4.91929e-31  1.07061e-35  3.19743e-30 -2.87507e-36  -1.8502e-29  3.77126e-36  9.57904e-29 -2.52912e-36 -4.45093e-28 -2.02561e-36  1.86012e-27 -2.73905e-37 -7.00167e-27   4.6084e-36  2.37537e-26 -2.01621e-35 -7.26321e-26  8.35785e-35  2.00022e-25 -3.15719e-34  -4.9536e-25  1.09729e-33  1.10057e-24 -3.52457e-33 -2.18607e-24  1.04762e-32   3.8633e-24 -2.88236e-32 -6.03392e-24  7.34155e-32  8.25148e-24  -1.7309e-31 -9.74706e-24  3.77618e-31  9.74009e-24 -7.61871e-31 -7.94501e-24  1.42038e-30  4.91491e-24 -2.44429e-30  -1.8409e-24  3.87747e-30 -1.69257e-25 -5.66073e-30   7.8154e-25   7.5903e-30 -4.94042e-25 -9.32544e-30  6.02971e-26  1.04678e-29  1.13049e-25 -1.06986e-29 -6.88313e-26  9.91449e-30 -2.13343e-27 -8.28893e-30  1.72182e-26  6.21373e-30 -4.15964e-27 -4.14615e-30 -2.64514e-27  2.44194e-30  1.22339e-27 -1.25925e-30  3.10003e-28  5.67105e-31 -2.17079e-28 -2.27367e-31 -3.46306e-29  8.76082e-32  2.80863e-29 -3.73722e-32  4.42018e-30  1.86276e-32 -2.64928e-30  -9.4711e-33 -5.47445e-31  4.21677e-33   1.5856e-31 -1.51186e-33  5.02686e-32  4.13739e-34 -3.87172e-33 -8.02097e-35 -2.66503e-33  8.81998e-36 -1.42776e-34  2.53974e-37  6.37175e-35 -2.85991e-37   9.4924e-36  3.89276e-38 -1.73248e-37  3.92677e-39 -1.24625e-37 -2.25208e-39 -7.27697e-39  3.30423e-40  1.49634e-40 -1.78922e-41  1.91707e-41   7.5587e-44  2.22824e-43
 1.70096e-34  2.64095e-35 -1.12355e-33 -1.12503e-34 -2.13003e-33  1.77626e-34  8.34992e-33  2.50845e-34 -2.27273e-33 -1.63197e-34 -3.53541e-33   1.5394e-34  1.31467e-33  1.45561e-34  4.89774e-35 -1.15131e-34 -9.61861e-34  5.52398e-35   1.5352e-32 -4.00573e-36 -1.41797e-31    1.066e-35  1.10073e-30 -1.44982e-35 -7.58754e-30  1.10131e-35  4.65371e-29 -4.77165e-36 -2.54935e-28   5.6668e-36  1.25175e-27  -3.0664e-36 -5.52305e-27 -1.18608e-36  2.19372e-26 -6.12304e-36 -7.85202e-26  3.24049e-35  2.53356e-25 -1.39237e-34 -7.36672e-25  5.53863e-34  1.92813e-24 -2.02815e-33 -4.53396e-24  6.85465e-33  9.55087e-24 -2.14172e-32 -1.79496e-23  6.19032e-32  2.99266e-23 -1.65559e-31 -4.39177e-23  4.09733e-31  5.61001e-23  -9.3816e-31 -6.13525e-23  1.98655e-30  5.59301e-23 -3.88766e-30 -4.04548e-23   7.0251e-30   2.0627e-23 -1.17082e-29 -4.20453e-24  1.79713e-29 -3.91389e-24 -2.53604e-29  4.39259e-24  3.28322e-29 -1.64228e-24 -3.88958e-29 -3.90977e-25  4.20369e-29  6.67006e-25 -4.12918e-29  -1.8107e-25  3.66954e-29 -1.01508e-25 -2.93356e-29  7.26095e-26  2.09451e-29  4.20359e-27 -1.32334e-29 -1.52196e-26  7.31258e-30  1.42173e-27 -3.48456e-30  2.38529e-27  1.41327e-30 -3.62244e-28 -4.90899e-31 -3.13888e-28  1.60033e-31  4.31754e-29 -6.30045e-32  3.51194e-29  3.33116e-32 -2.31833e-30 -1.80843e-32 -3.05747e-30  8.14814e-33 -9.31961e-32 -2.82288e-33  1.76585e-31  7.18809e-34  2.24784e-32 -1.23377e-34  -4.9155e-33  9.77177e-36 -1.27241e-33  1.51932e-36 -2.35169e-36 -6.75068e-37  2.45849e-35  1.06248e-37  2.19709e-36 -2.53256e-39 -6.71293e-38 -2.00548e-39 -1.68835e-38  3.05681e-40 -5.51644e-40 -1.27555e-41   4.6799e-42 -2.28298e-44
 1.94549e-35  5.94382e-34  5.65396e-35 -1.84209e-33 -1.58429e-34 -2.13905e-33  2.50845e-34   9.6929e-33  2.93688e-34  -2.2575e-33 -1.07483e-34 -4.05126e-33    1.472e-34  3.54255e-34  1.04461e-34  2.64263e-33 -1.49699e-34 -2.71869e-32   7.4545e-35  2.62466e-31  6.65237e-36 -2.19128e-30  1.36936e-35  1.60735e-29 -1.79861e-35 -1.04596e-28  8.63805e-36  6.06778e-28 -6.14893e-36 -3.15021e-27  8.34262e-36  1.46807e-26 -4.66745e-36 -6.15446e-26  6.24649e-36  2.32424e-25 -4.20573e-35 -7.91271e-25  1.96852e-34  2.42844e-24  -8.2895e-34 -6.71391e-24  3.21637e-33  1.66965e-23 -1.15021e-32 -3.72599e-23  3.79622e-32  7.43587e-23 -1.15749e-31 -1.32072e-22  3.26219e-31  2.07396e-22 -8.50058e-31 -2.85281e-22  2.04808e-30  3.39152e-22 -4.56156e-30 -3.41342e-22  9.38758e-30  2.80761e-22 -1.78389e-29  -1.7555e-22  3.12714e-29  6.70274e-23  -5.0508e-29  5.17105e-24  7.50504e-29 -2.79813e-23 -1.02406e-28  1.81451e-23  1.28031e-28 -2.44401e-24  -1.4627e-28 -4.08189e-24  1.52208e-28  2.58901e-24 -1.43693e-28  3.74636e-26  1.22459e-28 -6.41959e-25 -9.36155e-29   1.6689e-25  6.36648e-29  9.72937e-26 -3.80866e-29 -4.83653e-26  1.97332e-29 -1.11033e-26 -8.66205e-30  8.62372e-27  3.12637e-30  1.21077e-27 -9.02758e-31 -1.13252e-27  2.25054e-31 -1.57509e-28 -7.99741e-32  1.09332e-28  5.10115e-32  2.06499e-29 -3.13098e-32 -6.86523e-30  1.43815e-32 -1.98507e-30  -4.7905e-33  1.88358e-31  1.12993e-33  1.11125e-31 -1.73136e-34  4.76847e-33  1.03126e-35 -2.81047e-33  2.83634e-36 -3.90219e-34  -1.0849e-36  1.10164e-35  1.82307e-37  5.50547e-36 -1.00591e-38  2.97298e-37 -1.62008e-39 -7.90635e-39   2.5319e-40 -8.73462e-40 -7.32789e-42 -9.44125e-42
-1.20016e-34  4.90029e-35  1.01829e-33  9.36256e-35 -2.38933e-33 -1.80435e-34 -2.27273e-33  2.93688e-34  1.11324e-32  2.85915e-34 -2.01469e-33 -3.11079e-35 -4.14879e-33  1.36062e-34 -3.99075e-33    5.713e-35  4.33681e-32 -1.61164e-34 -4.40537e-31  8.68042e-35  3.92351e-30  2.31095e-35 -3.06807e-29  1.42616e-35  2.12116e-28 -1.82116e-35  -1.3043e-27  3.58712e-36  7.16504e-27 -6.62469e-36  -3.5285e-26  1.25682e-35  1.56174e-25 -1.16999e-35 -6.22371e-25  4.39146e-35  2.23548e-24 -2.24841e-34 -7.23991e-24  1.02812e-33  2.11342e-23   -4.286e-33 -5.55471e-23  1.64042e-32  1.31199e-22 -5.77432e-32 -2.77683e-22  1.87215e-31  5.24512e-22 -5.59707e-31 -8.79244e-22  1.54413e-30  1.29787e-21 -3.93276e-30 -1.66847e-21  9.24832e-30  1.83759e-21 -2.00782e-29  -1.6887e-21  4.02262e-29  1.23344e-21 -7.43231e-29  -6.3785e-22   1.2652e-28  1.36168e-22 -1.98187e-28   1.1756e-22  2.85235e-28 -1.36722e-22  -3.7646e-28  5.29242e-23  4.54597e-28   1.1324e-23 -5.00866e-28 -2.11144e-23  5.01805e-28   6.0856e-24 -4.55249e-28  3.12616e-24  3.72016e-28 -2.38739e-24 -2.71935e-28 -9.25696e-26  1.76147e-28  4.98633e-25 -9.97693e-29 -5.60756e-26  4.84326e-29 -7.82402e-26 -1.95134e-29   1.3599e-26  6.16614e-30  1.03833e-26 -1.36802e-30 -1.66509e-27  1.78557e-31 -1.18335e-27 -5.02683e-32  1.01053e-28  6.59215e-32  1.06246e-28 -4.99847e-32  1.59179e-30  2.33958e-32 -6.37534e-30 -7.40306e-33 -7.29915e-31  1.60084e-33  1.90982e-31 -2.21674e-34  4.49942e-32  1.21771e-35 -3.96934e-34  3.38231e-36 -9.32433e-34 -1.38531e-36  -7.6711e-35   2.5148e-37  3.12752e-36  -1.6656e-38   6.4641e-37 -1.21072e-39  1.96586e-38    1.821e-40 -2.33267e-40 -2.93694e-42
 1.38113e-35 -2.09368e-34  8.74756e-35  1.40286e-33  1.27637e-34 -2.93951e-33 -1.63197e-34  -2.2575e-33  2.85915e-34  1.24366e-32  2.27939e-34 -1.93265e-33  4.12678e-35  1.74785e-34   1.2533e-34 -6.16102e-32  1.86674e-35  6.67475e-31 -1.51262e-34 -6.36833e-30  8.65991e-35  5.31442e-29  4.19786e-35 -3.90909e-28  1.22651e-35  2.55062e-27 -1.52988e-35  -1.4838e-26  -3.2669e-36  7.72632e-26 -6.36524e-36 -3.61197e-25  1.94786e-35  1.51925e-24 -3.48427e-35 -5.75771e-24   1.8348e-34   1.9675e-23 -9.55166e-34 -6.06223e-23  4.47349e-33  1.68307e-22 -1.89098e-32 -4.20424e-22  7.26888e-32  9.42683e-22 -2.55199e-31 -1.89084e-21  8.20879e-31  3.37669e-21 -2.42461e-30 -5.33356e-21  6.58623e-30  7.38315e-21 -1.64705e-29 -8.83874e-21  3.79393e-29  8.96576e-21 -8.05114e-29 -7.44264e-21  1.57372e-28  4.70966e-21 -2.83181e-28 -1.83802e-21  4.68703e-28 -1.09413e-22 -7.12705e-28  7.50036e-22  9.94111e-28 -5.00992e-22 -1.26954e-27  7.49119e-23  1.48093e-27  1.10133e-22  -1.5735e-27 -7.32585e-23  1.51755e-27  3.40646e-25 -1.32274e-27  1.79389e-23   1.0362e-27 -5.05474e-24 -7.24129e-28 -2.66641e-24  4.46731e-28  1.44052e-24 -2.39534e-28  2.92697e-25  1.08866e-28 -2.57862e-25 -4.00886e-29 -3.06311e-26  1.08339e-29  3.43543e-26 -1.52394e-30  4.08252e-27 -2.04266e-31 -3.40205e-27  9.35657e-32 -5.73612e-28  6.94007e-32   2.2355e-28 -7.49795e-32  5.86041e-29  3.52938e-32 -6.89372e-30 -1.03848e-32 -3.47166e-30  2.01936e-33  -1.0744e-31 -2.57523e-34   9.3649e-32  1.81391e-35  1.19441e-32  2.32049e-36 -4.85699e-34  -1.4847e-36 -1.83108e-34  3.00361e-37 -9.04393e-36 -2.04894e-38  3.17734e-37  -8.4263e-40  2.98243e-38  1.06232e-40  2.95983e-40
 1.03352e-34  3.44845e-35 -2.76797e-34  1.27597e-34  1.69547e-33   1.4886e-34 -3.53541e-33 -1.07483e-34 -2.01469e-33  2.27939e-34  1.39009e-32  1.39467e-34 -6.82564e-33   9.0919e-35  7.25106e-32  1.15446e-34 -9.18512e-31  -2.6119e-36  9.40865e-30 -1.25969e-34  -8.3983e-29  7.14705e-35  6.58239e-28  5.91064e-35 -4.56303e-27  8.38402e-36  2.81372e-26 -1.09539e-35 -1.55029e-25 -1.13347e-35  7.65869e-25   -1.255e-36 -3.40112e-24  1.15333e-35  1.36018e-23 -2.64112e-35 -4.90395e-23  3.72541e-34  1.59452e-22 -2.66594e-33 -4.67426e-22  1.45775e-32  1.23405e-21 -6.70774e-32 -2.92866e-21   2.7041e-31  6.23006e-21 -9.73791e-31  -1.1832e-20  3.16712e-30  1.99502e-20 -9.36568e-30 -2.96353e-20  2.52903e-29  3.83617e-20 -6.25335e-29 -4.25757e-20  1.41829e-28  3.94724e-20  -2.9534e-28 -2.91443e-20  5.64851e-28  1.53124e-20  -9.9204e-28  -3.4416e-21  1.59897e-27 -2.71564e-21 -2.36278e-27  3.29653e-21  3.19632e-27   -1.327e-21 -3.95114e-27 -2.47663e-22  4.45282e-27  5.17618e-22 -4.56207e-27 -1.59355e-22  4.23429e-27 -7.38745e-23 -3.54466e-27  6.09535e-23  2.66099e-27  1.03594e-24  -1.7773e-27 -1.26528e-23  1.04411e-27  1.70436e-24 -5.29933e-28  1.98317e-24  2.25321e-28 -3.96676e-25 -7.54521e-29  -2.6507e-25  1.68207e-29  4.97938e-26 -5.52305e-31  3.08091e-26 -1.30148e-30 -3.35277e-27  4.41725e-31 -2.85664e-27  5.51437e-32  8.03489e-30 -1.07969e-31  1.78989e-28  4.95558e-32  1.78577e-29 -1.31022e-32 -5.76565e-30  2.21048e-33 -1.22911e-30 -2.69087e-34   2.6999e-32  3.10264e-35  2.74788e-32 -7.12242e-37  2.05132e-33 -1.37765e-36  -1.1115e-34  3.19615e-37 -1.92697e-35 -2.04955e-38 -5.31949e-37 -5.33732e-40  8.65332e-39  4.29737e-41
 1.09087e-37  2.28157e-34   4.6733e-35 -3.37607e-34  1.57718e-34  1.71941e-33   1.5394e-34 -4.05126e-33 -3.11079e-35 -1.93265e-33  1.39467e-34  2.05047e-32  4.73805e-35 -9.00605e-32  1.11301e-34  1.14453e-30  1.04763e-34 -1.27032e-29 -6.85973e-36  1.21549e-28 -9.27801e-35 -1.01695e-27  4.25458e-35  7.50018e-27  7.10862e-35 -4.90758e-26  3.42302e-36  2.86347e-25 -5.84195e-36 -1.49577e-24 -3.16767e-35  7.01601e-24  6.91207e-35 -2.96153e-23 -2.66452e-34   1.1266e-22  9.48976e-34 -3.86511e-22 -2.34406e-33  1.19596e-21  2.25659e-33 -3.33531e-21  1.79722e-32  8.37132e-21 -1.50825e-31 -1.88661e-20  7.58083e-31  3.80482e-20 -3.03847e-30 -6.83444e-20   1.0451e-29  1.08634e-19   -3.179e-29 -1.51414e-19  8.68249e-29   1.8264e-19 -2.14743e-28 -1.86854e-19  4.83397e-28  1.56685e-19  -9.9332e-28 -1.00475e-19   1.8663e-27   4.0185e-20 -3.20828e-27  1.57548e-21  5.04581e-27 -1.59288e-20 -7.25552e-27  1.10073e-20  9.52715e-27  -1.8339e-21 -1.14045e-26 -2.34846e-21  1.24179e-26  1.65042e-21 -1.22653e-26 -4.35451e-23  1.09514e-26 -3.97493e-22 -8.80041e-27  1.22224e-22  6.32774e-27  5.75179e-23 -4.03778e-27 -3.41979e-23  2.25846e-27  -5.9641e-24   -1.085e-27  6.13916e-24  4.31286e-28   5.8169e-25 -1.30537e-28 -8.29539e-25   2.2574e-29 -7.99472e-26  2.97176e-30  8.43468e-26 -3.62772e-30   1.2351e-26  1.07948e-30 -5.80088e-27  2.88166e-32 -1.36305e-27 -1.52488e-31  1.99643e-28  6.48619e-32  8.60322e-29 -1.45812e-32  1.46773e-30  1.97742e-33 -2.48911e-30 -2.50516e-34 -2.87501e-31  5.21189e-35  1.62518e-32 -5.24122e-36  4.85363e-33 -1.13889e-36  2.14392e-34  3.04519e-37 -1.00783e-35  -1.6907e-38 -8.08619e-37 -2.85523e-40  -7.2701e-39
-6.82188e-35  6.43882e-37  3.54945e-34   3.3634e-35  -3.4652e-34  1.65471e-34  1.31467e-33    1.472e-34 -4.14879e-33  4.12678e-35 -6.82564e-33  4.73805e-35  1.08995e-31 -2.71979e-35 -1.31521e-30  1.06345e-34   1.5708e-29  9.23089e-35 -1.61596e-28  3.15235e-37  1.44612e-27   -5.886e-35 -1.13648e-26  3.55531e-36  7.90055e-26  7.65745e-35 -4.88636e-25 -5.11658e-36  2.70082e-24  1.94509e-35 -1.33874e-23 -1.79417e-34  5.96634e-23  7.47504e-34 -2.39508e-22 -3.09216e-33   8.6697e-22  1.14827e-32 -2.83094e-21 -3.69803e-32  8.33618e-21  1.00599e-31 -2.21138e-20 -2.10385e-31  5.27492e-20  2.11132e-31 -1.12825e-19   8.1063e-31  2.15527e-19 -6.35835e-30 -3.65695e-19  2.71934e-29  5.46941e-19 -9.13265e-29 -7.13298e-19  2.61783e-28   7.9828e-19 -6.61644e-28 -7.47244e-19  1.49794e-27  5.58322e-19 -3.06362e-27 -2.98549e-19  5.68715e-27  7.09617e-20 -9.60642e-27  5.03984e-20  1.47809e-26 -6.44005e-20 -2.07171e-26  2.70751e-20  2.64319e-26  4.23351e-21  -3.0654e-26 -1.02763e-20  3.22503e-26   3.3985e-21 -3.06999e-26  1.39744e-21  2.63544e-26  -1.2636e-21 -2.03156e-26  9.48638e-24  1.39817e-26  2.59946e-22 -8.51972e-27 -4.17395e-23  4.53648e-27 -4.05831e-23 -2.06322e-27  9.39024e-24  7.66359e-28  5.45404e-24 -2.08094e-28 -1.20679e-24   2.4678e-29 -6.47071e-25  1.10903e-29  8.87374e-26 -7.74291e-30  6.21198e-26  2.03946e-30 -1.46555e-27  1.92092e-32 -4.07975e-27 -2.14519e-31 -3.39901e-28   7.9073e-32  1.41459e-28 -1.37012e-32  2.70495e-29  1.17951e-33 -1.03324e-30 -2.06806e-34 -6.57874e-31  7.95606e-35 -4.36574e-32 -9.98517e-36   3.1656e-33  -8.7017e-37  4.66425e-34  2.56838e-37  1.13809e-35 -1.12882e-38 -2.54853e-37 -1.07901e-40
-6.05894e-36 -1.62114e-34  3.07379e-36  4.67991e-34 -7.27226e-36 -2.53266e-34  1.45561e-34  3.54255e-34  1.36062e-34  1.74785e-34   9.0919e-35 -9.00605e-32 -2.71979e-35  1.39057e-30 -7.49622e-35 -1.78396e-29  8.53092e-35  1.97761e-28  7.85367e-35  -1.8973e-27  1.25156e-35  1.59165e-26 -2.98148e-35  -1.1772e-25 -4.15532e-35   7.7259e-25  8.05775e-35 -4.52225e-24 -4.78858e-35  2.37022e-23  2.39453e-34 -1.11574e-22 -1.33598e-33   4.7275e-22  6.02759e-33 -1.80561e-21 -2.48668e-32  6.22105e-21  9.26869e-32 -1.93365e-20 -3.09833e-31  5.41852e-20  9.20915e-31 -1.36696e-19  -2.3867e-30   3.0975e-19  5.16157e-30 -6.28342e-19   -8.174e-30  1.13576e-18  3.44245e-30 -1.81757e-18  3.82661e-29  2.55212e-18 -1.98191e-28 -3.10374e-18  6.62803e-28  3.20493e-18 -1.79424e-27 -2.71726e-18  4.18678e-27  1.76809e-18  -8.6434e-27 -7.26525e-19  1.59896e-26 -1.18746e-20 -2.66829e-26  2.77872e-19  4.03042e-26 -1.99588e-19 -5.51834e-26  3.71215e-20  6.84929e-26  4.10023e-20 -7.69983e-26 -3.06958e-20  7.82706e-26  1.55833e-21 -7.17762e-26  7.23824e-21  5.91969e-26 -2.44481e-21 -4.37341e-26 -1.00992e-21  2.87849e-26  6.70726e-22 -1.67402e-26  9.61284e-23  8.48541e-27 -1.20611e-22 -3.65539e-27 -8.22651e-24   1.2687e-27  1.65235e-23 -3.06225e-28  1.18192e-24  1.75707e-29 -1.72615e-24  2.62508e-29 -2.11303e-25 -1.40929e-29  1.24327e-25  3.24889e-30  2.57885e-26  8.46574e-32 -4.73898e-27 -3.01632e-31 -1.75161e-27  8.94462e-32 -1.27132e-30 -9.56304e-33  5.46498e-29  -1.8079e-34  5.61827e-30 -1.54024e-34 -4.35066e-31  1.07796e-34 -1.06152e-31 -1.33617e-35 -4.06492e-33 -6.41039e-37  2.60941e-34  1.87091e-37  1.80911e-35 -5.78596e-39   1.4447e-37
-8.82939e-35 -7.44964e-36 -2.29666e-34  8.71749e-36  5.57258e-34 -6.30038e-35  4.89774e-35  1.04461e-34 -3.99075e-33   1.2533e-34  7.25106e-32  1.11301e-34 -1.31521e-30 -7.49622e-35  1.86239e-29 -9.68582e-35 -2.23122e-28   5.8418e-35  2.30068e-27  6.44493e-35 -2.06441e-26  2.59124e-35  1.62699e-25 -8.33864e-36 -1.13446e-24 -9.48669e-35  7.03883e-24  1.23723e-34  -3.9037e-23 -3.54689e-34  1.94191e-22  1.87758e-33 -8.68735e-22 -9.38877e-33  3.50142e-21  4.16613e-32 -1.27285e-20 -1.68174e-31  4.17512e-20  6.17028e-31 -1.23536e-19  -2.0532e-30  3.29391e-19   6.1724e-30 -7.90008e-19 -1.66345e-29  1.69962e-18  3.96032e-29 -3.26713e-18 -8.08159e-29  5.58101e-18  1.31033e-28 -8.40847e-18 -1.24016e-28  1.10547e-17 -1.54638e-28 -1.24838e-17  1.22135e-27  1.18084e-17  -4.0848e-27  -8.9383e-18   1.0367e-26  4.87278e-18 -2.21603e-26 -1.22926e-18  4.14134e-26 -7.72958e-19  -6.8814e-26  1.05039e-18   1.0252e-25 -4.63163e-19 -1.37498e-25 -5.71743e-20  1.66275e-25  1.70199e-19 -1.81303e-25 -6.07913e-20  1.78057e-25 -2.17209e-20   -1.572e-25  2.19099e-20  1.24434e-25 -7.63467e-22 -8.80022e-26 -4.45211e-21  5.53325e-26  8.48763e-22 -3.06935e-26  6.89851e-22  1.48144e-26 -1.85705e-22  -6.0518e-27 -9.30017e-23  1.96425e-27  2.44052e-23 -4.16633e-28  1.12721e-23 -6.08024e-30 -1.93593e-24  5.08798e-29 -1.12413e-24 -2.28316e-29  5.40864e-26  4.49782e-30  7.76868e-26  3.07592e-31  5.04801e-27  -4.2003e-31 -2.90396e-27  9.31181e-32  -4.9249e-28  -1.9282e-33  2.88761e-29 -1.90731e-33  1.31703e-29 -1.12787e-34  7.54145e-31  1.28888e-34 -7.45493e-32 -1.42406e-35 -9.43208e-33 -4.65823e-37 -1.96155e-34  1.13125e-37  6.19695e-36 -1.97821e-39
 2.95497e-36 -1.95988e-34 -6.30478e-36 -2.64353e-34  1.91426e-35  5.38726e-34 -1.15131e-34  2.64263e-33    5.713e-35 -6.16102e-32  1.15446e-34  1.14453e-30  1.06345e-34 -1.78396e-29 -9.68582e-35   2.3227e-28 -9.89634e-35  -2.5816e-27  3.44862e-35  2.48337e-26  5.06253e-35 -2.08924e-25  3.95072e-35  1.54988e-24  1.06864e-35 -1.02043e-23 -1.97153e-34  5.99318e-23   4.7737e-34 -3.15245e-22 -2.43687e-33  1.48961e-21   1.2623e-32 -6.33706e-21 -5.98687e-32  2.43072e-20  2.57299e-31 -8.41284e-20 -1.00858e-30  2.62753e-19  3.60821e-30 -7.40073e-19 -1.17735e-29  1.87725e-18  3.49705e-29 -4.27866e-18 -9.41789e-29  8.73381e-18  2.28321e-28 -1.58933e-17 -4.91838e-28  2.56199e-17  9.17632e-28 -3.62612e-17 -1.39677e-27  4.44895e-17  1.41375e-27 -4.64035e-17  3.87843e-28  3.98171e-17 -6.70322e-27 -2.63251e-17  2.17935e-26  1.11401e-17 -5.09009e-26 -9.88194e-20  9.83859e-26 -4.08143e-18 -1.64733e-25  3.06278e-18  2.43637e-25 -6.36292e-19 -3.21235e-25 -6.00188e-19  3.79189e-25  4.83225e-19 -4.01308e-25 -3.76245e-20   3.8071e-25 -1.10982e-19 -3.23326e-25  4.14519e-20  2.45314e-25  1.47391e-20 -1.65821e-25 -1.11382e-20  9.94678e-26 -1.22507e-21 -5.25963e-26  2.00361e-21  2.41899e-26  7.80891e-23 -9.39144e-27  -2.7816e-22  2.85689e-27 -1.22534e-23 -5.25004e-28  2.98705e-23 -5.42499e-29  2.87997e-24  8.68623e-29 -2.25469e-24 -3.36982e-29 -4.04534e-25  5.45393e-30  9.45468e-26  7.73341e-31  2.99832e-26  -5.6996e-31 -5.62476e-28  8.78066e-32 -1.01507e-27  8.46235e-33 -9.07141e-29 -3.63732e-33  9.63776e-30 -9.77586e-35  1.96097e-30  1.35627e-34  6.20826e-32 -1.25071e-35 -5.66751e-33 -3.25083e-37 -3.42225e-34  5.30499e-38 -2.34039e-36
 1.14955e-34  3.23407e-36 -3.53402e-34 -5.84134e-36 -2.69703e-34   3.5202e-35 -9.61861e-34 -1.49699e-34  4.33681e-32  1.86674e-35 -9.18512e-31  1.04763e-34   1.5708e-29  8.53092e-35 -2.23122e-28 -9.89634e-35  2.68247e-27 -8.80317e-35 -2.77344e-26   1.9957e-35  2.49571e-25  3.72359e-35 -1.97284e-24  4.96123e-35  1.38001e-23  7.10705e-35 -8.59143e-23 -6.32158e-34   4.7819e-22  2.84103e-33 -2.38784e-21  -1.5409e-32  1.07254e-20  7.68576e-32  -4.3414e-20 -3.49494e-31  1.58539e-19  1.44914e-30 -5.22541e-19 -5.49464e-30  1.55407e-18  1.90701e-29 -4.16641e-18 -6.05829e-29  1.00511e-17   1.7599e-28 -2.17591e-17 -4.66379e-28   4.2108e-17  1.12267e-27 -7.24523e-17 -2.43691e-27  1.10021e-16  4.70839e-27 -1.45904e-16  -7.8983e-27  1.66378e-16  1.08672e-26 -1.59168e-16   -1.017e-26  1.22193e-16 -1.20769e-27 -6.80302e-17   3.4171e-26  1.82659e-17 -1.01481e-25  9.98244e-18  2.12455e-25 -1.46106e-17 -3.65398e-25  6.78525e-18   5.4148e-25  5.98157e-19 -7.05187e-25 -2.40129e-18  8.14392e-25  9.31206e-19 -8.37218e-25  2.81704e-19  7.66993e-25 -3.24457e-19 -6.25896e-25  2.11552e-20  4.54389e-25  6.48709e-20  -2.9298e-25  -1.4644e-20  1.67378e-25 -9.92947e-21 -8.43231e-26  3.13185e-21  3.70107e-26  1.33836e-21  -1.3709e-26 -4.20445e-22  3.92591e-27 -1.65864e-22 -6.14404e-28   3.5644e-23 -1.33942e-28  1.72553e-23  1.35105e-28 -1.33672e-24 -4.60069e-29 -1.26055e-24  5.73302e-30 -5.59991e-26  1.53635e-30  5.09009e-26  -7.4124e-31  7.54056e-27  7.25838e-32 -6.42234e-28  1.98857e-32 -2.24875e-28 -4.95287e-33 -1.06091e-29 -1.09542e-34  1.48548e-30   1.2503e-34  1.62511e-31 -9.07321e-36  2.70907e-33 -2.02445e-37 -1.27518e-34  1.65211e-38
 7.41646e-37  1.88239e-34   1.8782e-36 -5.55038e-34 -7.21039e-36  4.55397e-34  5.52398e-35 -2.71869e-32 -1.61164e-34  6.67475e-31  -2.6119e-36 -1.27032e-29  9.23089e-35  1.97761e-28   5.8418e-35  -2.5816e-27 -8.80317e-35  2.87729e-26 -6.94323e-35  -2.7757e-25  1.85303e-35  2.34223e-24  2.73045e-35 -1.74313e-23  2.01167e-35  1.15156e-22  4.50291e-34  -6.7877e-22 -3.14813e-33    3.584e-21  1.71596e-32 -1.70038e-20 -9.02805e-32  7.26479e-20  4.32167e-31 -2.79927e-19 -1.88719e-30  9.73531e-19  7.53547e-30 -3.05621e-18 -2.75724e-29  8.65534e-18  9.25551e-29 -2.20831e-17 -2.85121e-28  5.06468e-17  8.05632e-28 -1.04076e-16 -2.08478e-27  1.90758e-16  4.92669e-27  -3.0991e-16 -1.05809e-26  4.42395e-16  2.04862e-26 -5.47962e-16 -3.52593e-26  5.77761e-16  5.25103e-26 -5.02229e-16 -6.35672e-26  3.37846e-16   5.0397e-26 -1.47566e-16  1.44357e-26  5.34751e-18 -1.61318e-25  5.13783e-17  4.09284e-25 -4.05104e-17 -7.47931e-25  9.39739e-18  1.12586e-24  7.48626e-18 -1.45739e-24 -6.55592e-18   1.6513e-24  7.06594e-19  -1.6504e-24  1.45753e-18  1.45941e-24 -6.06297e-19 -1.14262e-24 -1.80911e-19  7.91921e-25  1.59384e-19 -4.85779e-25  1.18479e-20  2.63744e-25 -2.86368e-20 -1.26548e-25  -1.9279e-22  5.31586e-26  4.02588e-21  -1.8906e-26  5.45021e-23    5.136e-27 -4.44606e-22 -6.71048e-28 -3.02954e-23 -2.49645e-28   3.5197e-23  1.95292e-28  5.30673e-24 -5.87479e-29 -1.61486e-24  5.00972e-30 -4.38137e-25  2.58485e-30  1.86167e-26  -9.1152e-31  1.62208e-26  4.84746e-32  1.21673e-27  3.00425e-32 -1.80875e-28 -5.53553e-33 -3.10984e-29 -1.34559e-34 -7.48452e-31  1.00106e-34  1.05306e-31 -5.33098e-36  5.56145e-33 -1.01475e-37  3.06421e-35
 3.49652e-35   1.4671e-36  2.43399e-34  1.04854e-36 -1.09977e-33 -7.90303e-36   1.5352e-32   7.4545e-35 -4.40537e-31 -1.51262e-34  9.40865e-30 -6.85973e-36 -1.61596e-28  7.85367e-35  2.30068e-27  3.44862e-35 -2.77344e-26 -6.94323e-35  2.87569e-25 -4.69038e-35 -2.59554e-24  2.95692e-35  2.05834e-23  4.83781e-35 -1.44472e-22 -2.89677e-34  9.02667e-22  2.80946e-33 -5.04335e-21   -1.779e-32   2.5286e-20  9.78979e-32 -1.14066e-19 -4.93811e-31  4.63817e-19  2.26628e-30 -1.70197e-18 -9.50079e-30  5.63856e-18  3.64861e-29 -1.68614e-17 -1.28621e-28  4.54688e-17  4.16729e-28 -1.10374e-16 -1.24158e-27   2.4054e-16  3.40087e-27 -4.68838e-16 -8.55542e-27  8.12968e-16  1.97254e-26 -1.24498e-15 -4.15349e-26  1.66647e-15  7.94195e-26 -1.92033e-15 -1.36615e-25  1.85967e-15  2.07983e-25 -1.44962e-15 -2.71383e-25  8.25605e-16  2.80634e-25 -2.36417e-16 -1.67671e-25 -1.09862e-16 -1.38311e-25  1.76051e-16  6.74084e-25 -8.64705e-17 -1.40155e-24 -4.38743e-18  2.18929e-24  2.93016e-17 -2.84076e-24 -1.24031e-17  3.16888e-24 -3.06658e-18   -3.082e-24  4.16659e-18  2.62877e-24 -4.11916e-19 -1.97075e-24 -8.15802e-19  1.30004e-24  2.17859e-19 -7.56023e-25  1.22572e-19  3.89004e-25 -4.57289e-20 -1.77776e-25 -1.64357e-20  7.18261e-26  6.26517e-21 -2.47723e-26  2.08492e-21  6.45887e-27 -5.63597e-22 -6.90019e-28 -2.27537e-22 -4.02357e-28  2.57939e-23  2.65778e-28  1.76725e-23 -7.07439e-29  3.72601e-25  3.13221e-30 -7.72994e-25  3.81979e-30  -9.7873e-26 -1.04947e-30   1.1868e-26  1.86005e-32  3.32018e-27  3.67705e-32  1.18992e-28 -5.29109e-33 -2.54771e-29 -1.53322e-34  -2.4177e-30  6.85963e-35 -2.86305e-32 -2.41617e-36   2.2595e-33 -3.43687e-38
-5.46394e-37  1.26412e-34  1.48818e-36  4.49114e-34  2.54615e-36 -8.86089e-33 -4.00573e-36  2.62466e-31  8.68042e-35 -6.36833e-30 -1.25969e-34  1.21549e-28  3.15235e-37  -1.8973e-27  6.44493e-35  2.48337e-26   1.9957e-35  -2.7757e-25 -4.69038e-35   2.6858e-24 -2.23908e-35 -2.27364e-23  3.52378e-35  1.69784e-22  2.84738e-34 -1.12569e-21 -2.31729e-33  6.66059e-21  1.65528e-32 -3.53115e-20 -9.88067e-32  1.68252e-19  5.25473e-31 -7.22134e-19 -2.53683e-30  2.79602e-18  1.11552e-29 -9.77415e-18 -4.48665e-29  3.08523e-17  1.65544e-28 -8.78856e-17 -5.61506e-28  2.25629e-16  1.75316e-27 -5.20921e-16 -5.04198e-27  1.07812e-15  1.33565e-26 -1.99134e-15 -3.25674e-26  3.26231e-15  7.29752e-26 -4.69978e-15 -1.49857e-25  5.88095e-15  2.80788e-25 -6.27348e-15 -4.76702e-25  5.53016e-15  7.24948e-25  -3.7902e-15  -9.6761e-25  1.71229e-15  1.08696e-24 -1.12246e-16 -9.17129e-25 -5.61532e-16  2.97738e-25  4.68216e-16  8.36097e-25 -1.21169e-16 -2.36727e-24 -8.04288e-17  3.97642e-24  7.76896e-17 -5.23215e-24 -1.09313e-17  5.77017e-24 -1.65955e-17 -5.46634e-24  7.75083e-18  4.49277e-24   1.8729e-18 -3.21677e-24   -1.991e-18  2.01167e-24  -7.1983e-20  -1.1038e-24  3.56613e-19  5.36271e-25 -1.03538e-20 -2.33608e-25 -5.07156e-20  9.15349e-26  1.04719e-21 -3.10656e-26  5.76246e-21  7.89716e-27  2.13685e-22 -6.77623e-28 -4.78887e-22 -5.89265e-28 -5.80198e-23  3.43451e-28  2.39407e-23 -8.07924e-29  5.51684e-24  1.99525e-31 -3.98732e-25  5.06164e-30 -2.25688e-25 -1.12312e-30 -1.34138e-26 -1.23303e-32   2.9255e-27  3.87827e-32  4.28062e-28 -4.37928e-33  6.50091e-30 -1.51657e-34 -1.69813e-30  3.92628e-35 -7.84746e-32 -7.55349e-37 -3.09675e-34
-2.68342e-35  2.11748e-37  2.13059e-34 -1.18728e-37  3.95796e-33  6.30226e-36 -1.41797e-31  6.65237e-36  3.92351e-30  8.65991e-35  -8.3983e-29 -9.27801e-35  1.44612e-27  1.25156e-35 -2.06441e-26  5.06253e-35  2.49571e-25  1.85303e-35 -2.59554e-24 -2.23908e-35   2.3502e-23  8.14596e-36 -1.87012e-22 -8.19477e-35  1.31735e-21  1.83923e-33 -8.26239e-21 -1.41404e-32  4.63509e-20  9.20169e-32 -2.33393e-19  -5.2289e-31  1.05765e-18  2.66338e-30 -4.32154e-18 -1.23005e-29  1.59396e-17  5.17978e-29  -5.3097e-17 -1.99735e-28  1.59707e-16  7.07393e-28 -4.33353e-16   -2.306e-27  1.05895e-15  6.92884e-27 -2.32427e-15 -1.92045e-26  4.56505e-15  4.91091e-26 -7.98165e-15 -1.15804e-25   1.2334e-14  2.51505e-25 -1.66754e-14 -5.01939e-25   1.9433e-14  9.17225e-25 -1.90679e-14 -1.52611e-24  1.51098e-14  2.29155e-24 -8.81757e-15 -3.05971e-24  2.69667e-15  3.53461e-24  1.03655e-15 -3.32282e-24 -1.85948e-15  2.07546e-24  9.70082e-16  3.03105e-25  1.10419e-17 -3.48554e-24 -3.12727e-16  6.72858e-24  1.45316e-16 -9.12348e-24  2.78583e-17   9.9972e-24 -4.69273e-17 -9.23364e-24  6.39435e-18  7.30268e-24  8.94455e-18  -4.9768e-24 -2.82956e-18  2.93487e-24 -1.30741e-18 -1.50943e-24  5.84759e-19  6.88933e-25  1.73058e-19 -2.86675e-25  -8.1688e-20  1.10416e-25 -2.24997e-20 -3.76215e-26  7.75464e-21  9.49434e-27  2.59685e-21 -6.48145e-28  -4.1195e-22 -8.03627e-28 -2.16108e-22  4.23472e-28  1.28553e-24 -8.77733e-29  1.02792e-23 -3.42903e-30  1.07571e-24  6.08959e-30 -1.87017e-25 -1.11079e-30 -4.27881e-26 -3.91538e-32 -9.75577e-28  3.60946e-32  3.80937e-28 -3.13282e-33   3.1321e-29  -1.2757e-34  1.89203e-31  1.80055e-35 -3.49151e-32 -1.15801e-37
-2.58761e-37 -4.71033e-35  2.26957e-36 -9.63178e-34 -3.82192e-36  6.76889e-32    1.066e-35 -2.19128e-30  2.31095e-35  5.31442e-29  7.14705e-35 -1.01695e-27   -5.886e-35  1.59165e-26  2.59124e-35 -2.08924e-25  3.72359e-35  2.34223e-24  2.95692e-35 -2.27364e-23  8.14596e-36  1.93128e-22  8.28182e-35 -1.44739e-21 -1.01673e-33  9.63318e-21  1.08959e-32 -5.72302e-20 -7.87931e-32  3.04718e-19  4.84699e-31 -1.45856e-18 -2.62834e-30  6.29054e-18  1.27985e-29  -2.4482e-17  -5.6527e-29  8.60521e-17  2.27841e-28 -2.73212e-16 -8.41718e-28  7.83113e-16  2.85889e-27 -2.02385e-15   -8.947e-27  4.70582e-15   2.5838e-26 -9.81385e-15  -6.8918e-26  1.82762e-14  1.69842e-25 -3.02097e-14 -3.86612e-25  4.39499e-14  8.12083e-25 -5.56002e-14 -1.57111e-24  6.00581e-14  2.79102e-24 -5.37439e-14 -4.53112e-24  3.75798e-14  6.67326e-24 -1.75933e-14 -8.81154e-24  1.69978e-15   1.0222e-23  5.37901e-15 -1.00068e-23  -4.7789e-15  7.44787e-24  1.37804e-15 -2.46323e-24  7.48773e-16 -4.09225e-24 -8.12375e-16  1.05576e-23  1.43725e-16  -1.5095e-23   1.6518e-16  1.65308e-23 -8.74697e-17 -1.48979e-23 -1.62013e-17  1.13166e-23  2.19218e-17 -7.30917e-24  -1.0834e-19  4.03563e-24 -3.90472e-18 -1.92722e-24   2.6991e-19  8.20278e-25   5.6094e-19 -3.27563e-25 -3.33756e-20  1.26705e-25 -6.56014e-20 -4.44372e-26  -1.6009e-22  1.13161e-26  5.73058e-21  -6.1584e-28  5.16031e-22 -1.03428e-27 -3.11297e-22  4.99055e-28 -6.00872e-23  -9.0761e-29  6.68869e-24 -7.20091e-30  2.75673e-24  6.70331e-30  1.16236e-25  -1.0099e-30 -4.13012e-26 -5.76653e-32 -5.14843e-27  2.99339e-32 -2.30607e-29 -1.91078e-33  2.40235e-29   -9.009e-35  9.67837e-31  6.11086e-36  1.98123e-33
-5.76199e-36 -3.82312e-37  3.31127e-34  5.27086e-36 -2.76219e-32 -9.12275e-36  1.10073e-30  1.36936e-35 -3.06807e-29  4.19786e-35  6.58239e-28  4.25458e-35 -1.13648e-26 -2.98148e-35  1.62699e-25  3.95072e-35 -1.97284e-24  2.73045e-35  2.05834e-23  3.52378e-35 -1.87012e-22  8.28182e-35  1.49349e-21   4.3638e-34 -1.05607e-20 -6.64939e-33   6.6506e-20  6.03486e-32   -3.747e-19 -4.14364e-31  1.89538e-18   2.4286e-30 -8.63096e-18 -1.25754e-29   3.5448e-17  5.85156e-29 -1.31465e-16 -2.47089e-28  4.40483e-16  9.52808e-28 -1.33314e-15 -3.37002e-27  3.64139e-15  1.09673e-26 -8.96135e-15 -3.29148e-26  1.98189e-14  9.12437e-26  -3.9245e-14 -2.33878e-25  6.92269e-14  5.54589e-25 -1.08015e-13 -1.21655e-24  1.47603e-13  2.46691e-24 -1.74098e-13 -4.61712e-24  1.73249e-13  7.95476e-24 -1.39726e-13 -1.25633e-23  8.36833e-14  1.80722e-23  -2.7356e-14 -2.34424e-23 -8.37815e-15  2.69744e-23  1.73715e-14 -2.67187e-23 -9.66916e-15  2.13018e-23  2.88069e-16 -1.08582e-23  2.94316e-15 -2.50703e-24 -1.51096e-15  1.52329e-23 -2.05427e-16 -2.37588e-23  4.67469e-16  2.61752e-23 -8.32332e-17   -2.303e-23 -8.60672e-17  1.67617e-23  3.23943e-17 -1.02043e-23  1.20773e-17  5.22442e-24 -6.60644e-18 -2.28431e-24 -1.55772e-18  8.96263e-25  9.40135e-19 -3.46761e-25  2.07956e-19  1.39292e-25 -9.37832e-20 -5.16615e-26 -2.57104e-20   1.3401e-26  5.61377e-21 -5.86327e-28  2.31839e-21 -1.26473e-27 -8.84364e-23  5.61746e-28 -1.20609e-22 -8.91915e-29 -9.85694e-24 -1.04987e-29  2.55672e-24  6.78505e-30  4.84006e-25 -8.39276e-31   3.5502e-27 -6.57749e-32 -5.01363e-27  2.21886e-32 -3.54786e-28 -9.64584e-34  4.26152e-31 -5.22439e-35  4.75156e-31  1.26599e-36
 2.60158e-37 -1.17929e-34 -2.95831e-37  9.98676e-33  8.43509e-36 -4.91929e-31 -1.44982e-35  1.60735e-29  1.42616e-35 -3.90909e-28  5.91064e-35  7.50018e-27  3.55531e-36  -1.1772e-25 -8.33864e-36  1.54988e-24  4.96123e-35 -1.74313e-23  4.83781e-35  1.69784e-22 -8.19477e-35 -1.44739e-21   4.3638e-34   1.0889e-20  2.38803e-33 -7.27671e-20 -3.76031e-32  4.34172e-19  3.16952e-31 -2.32231e-18  -2.0752e-30    1.117e-17  1.16113e-29 -4.84234e-17 -5.74285e-29  1.89492e-16  2.55327e-28 -6.69939e-16 -1.03052e-27  2.14025e-15  3.80007e-27 -6.17531e-15 -1.28596e-26  1.60723e-14  4.00637e-26 -3.76546e-14 -1.15182e-25  7.91682e-14  3.06105e-25 -1.48733e-13 -7.52898e-25  2.48206e-13  1.71513e-24 -3.64903e-13  -3.6195e-24  4.67063e-13  7.07307e-24 -5.11319e-13 -1.27833e-23  4.64987e-13  2.13185e-23  -3.3217e-13 -3.26822e-23  1.61431e-13  4.57907e-23 -2.08632e-14 -5.81118e-23 -4.54623e-14  6.58582e-23  4.34265e-14 -6.50414e-23 -1.39368e-14  5.32716e-23 -6.04677e-15 -3.15277e-23  7.55397e-15  4.70355e-24  -1.6381e-15  1.98958e-23 -1.44425e-15 -3.56869e-23  8.78072e-16   3.9833e-23  1.13131e-16 -3.42195e-23 -2.14265e-16  2.37923e-23  1.06246e-17 -1.35604e-23  3.78309e-17  6.35309e-24 -4.34216e-18 -2.48755e-24 -5.47852e-18  8.81753e-25  5.72921e-19 -3.37207e-25  6.59755e-19  1.48074e-25 -2.44452e-20 -5.94592e-26  -6.0694e-20  1.56984e-26 -3.43924e-21 -5.52945e-28  3.57791e-21  -1.4728e-27  5.64492e-22  6.02631e-28 -9.36139e-23 -8.30712e-29 -2.97129e-23 -1.27946e-29 -6.66687e-25  6.33648e-30  5.13757e-25 -6.33149e-31  5.42371e-26 -6.39269e-32 -4.87664e-28   1.4683e-32 -3.00579e-28 -3.78767e-34 -1.04562e-29 -2.36863e-35  3.80981e-33
