 8.49384e-14 -2.83266e-26 -4.01952e-12  1.07787e-24  7.03165e-11 -1.30553e-23 -6.89379e-10   9.2121e-23  4.25246e-09 -4.32949e-22   -1.701e-08  1.40867e-21  4.30436e-08 -3.17514e-21 -6.28163e-08  4.79711e-21  4.15416e-08 -4.45834e-21  -3.9854e-09  2.04003e-21 -1.62301e-09
-2.83266e-26  5.81558e-12 -5.41294e-25 -1.51598e-10  1.33982e-23  1.94022e-09  -1.2335e-22 -1.49726e-08  7.00136e-22  7.43281e-08  -2.7004e-21 -2.37769e-07  7.23238e-21  4.63659e-07 -1.32615e-20 -4.73707e-07   1.5734e-20  1.59909e-07 -1.05028e-20  2.19259e-08  2.51718e-21
-4.01952e-12 -5.41294e-25  1.90355e-10  -5.3667e-24 -3.33183e-09  9.45102e-23  3.26735e-08 -6.84155e-22 -2.01505e-07  3.16242e-21  8.05161e-07  -1.0037e-20 -2.03128e-06  2.20873e-20  2.93937e-06 -3.26654e-20 -1.88592e-06    2.959e-20  1.18196e-07 -1.28394e-20  8.45829e-08
 1.07787e-24 -1.51598e-10  -5.3667e-24  3.95414e-09 -3.37204e-23 -5.06307e-08  4.49058e-22  3.90822e-07 -2.62274e-21 -1.94001e-06  9.94938e-21  6.20034e-06  -2.6141e-20 -1.20507e-05  4.77634e-20  1.21592e-05 -5.75235e-20 -3.81551e-06  3.92268e-20 -7.38382e-07 -9.37707e-21
 7.03165e-11  1.33982e-23 -3.33183e-09 -3.37204e-23  5.83493e-08 -1.49556e-22 -5.72518e-07  1.58623e-21  3.53289e-06 -7.55811e-21 -1.41235e-05  2.35795e-20  3.56255e-05 -5.24303e-20  -5.1373e-05  8.31933e-20   3.2229e-05 -8.55561e-20 -9.55542e-07  4.38443e-20 -1.65338e-06
-1.30553e-23  1.94022e-09  9.45102e-23 -5.06307e-08 -1.49556e-22  6.48718e-07 -5.13038e-22 -5.01222e-06  4.40394e-21  2.49146e-05 -1.64854e-20 -7.97743e-05  4.18205e-20  0.000155289 -8.36926e-20 -0.000156074  1.26249e-19  4.60363e-05 -1.15272e-19  1.18464e-05  3.70163e-20
-6.89379e-10  -1.2335e-22  3.26735e-08  4.49058e-22 -5.72518e-07 -5.13038e-22  5.62345e-06 -1.40965e-21 -3.47659e-05  8.57881e-21   0.00013941 -1.98956e-20 -0.000353252   3.8154e-20  0.000511899 -8.98065e-20 -0.000318783   1.5483e-19 -1.27667e-07 -1.21703e-19     1.88e-05
  9.2121e-23 -1.49726e-08 -6.84155e-22  3.90822e-07  1.58623e-21 -5.01222e-06 -1.40965e-21  3.88045e-05   -2.454e-21 -0.000193607  1.04262e-21  0.000623812  3.58425e-20  -0.00122599 -7.35611e-20   0.00124535 -9.00436e-22 -0.000355816  1.24821e-19 -0.000115013 -8.69822e-20
 4.25246e-09  7.00136e-22 -2.01505e-07 -2.62274e-21  3.53289e-06  4.40394e-21 -3.47659e-05   -2.454e-21   0.00021578  2.63514e-21 -0.000871506 -7.61646e-20   0.00223522  2.80565e-19  -0.00329979 -4.02859e-19   0.00209538  2.16019e-19  4.61248e-05  4.64547e-20  -0.00014426
-4.32949e-22  7.43281e-08  3.16242e-21 -1.94001e-06 -7.55811e-21  2.49146e-05  8.57881e-21 -0.000193607  2.63514e-21  0.000973201  3.91588e-20  -0.00317796 -3.41216e-19   0.00638742  8.10082e-19   -0.0067167 -8.79211e-19   0.00197803  4.60863e-19  0.000744465 -2.76658e-20
  -1.701e-08  -2.7004e-21  8.05161e-07  9.94938e-21 -1.41235e-05 -1.64854e-20   0.00013941  1.04262e-21 -0.000871506  3.91588e-20   0.00356871  1.54551e-19  -0.00937758 -8.37164e-19    0.0144177   1.3564e-18  -0.00976501  -1.1449e-18 -0.000241796   6.2811e-19  0.000807777
 1.40867e-21 -2.37769e-07  -1.0037e-20  6.20034e-06  2.35795e-20 -7.97743e-05 -1.98956e-20  0.000623812 -7.61646e-20  -0.00317796  1.54551e-19    0.0106379  3.55937e-19   -0.0223234 -1.19001e-18    0.0252579  1.14479e-18  -0.00852903 -9.05013e-19  -0.00333463   6.0861e-19
 4.30436e-08  7.23238e-21 -2.03128e-06  -2.6141e-20  3.56255e-05  4.18205e-20 -0.000353252  3.58425e-20   0.00223522 -3.41216e-19  -0.00937758  3.55937e-19    0.0257453  4.59806e-19   -0.0427129  -4.6132e-19    0.0331508 -4.46434e-19 -0.000366619 -2.97904e-19   -0.0034554
-3.17514e-21  4.63659e-07  2.20873e-20 -1.20507e-05 -5.24303e-20  0.000155289   3.8154e-20  -0.00122599  2.80565e-19   0.00638742 -8.37164e-19   -0.0223234  4.59806e-19    0.0505853  2.77917e-20   -0.0655312  2.06117e-18    0.0295692 -2.73419e-18    0.0101069  1.72496e-19
-6.28163e-08 -1.32615e-20  2.93937e-06  4.77634e-20  -5.1373e-05 -8.36926e-20  0.000511899 -7.35611e-20  -0.00329979  8.10082e-19    0.0144177 -1.19001e-18   -0.0427129  2.77917e-20    0.0811025 -1.25696e-18   -0.0806842  5.36634e-18    0.0103078 -3.70786e-18    0.0114668
 4.79711e-21 -4.73707e-07 -3.26654e-20  1.21592e-05  8.31933e-20 -0.000156074 -8.98065e-20   0.00124535 -4.02859e-19   -0.0067167   1.3564e-18    0.0252579  -4.6132e-19   -0.0655312 -1.25696e-18     0.107966  -2.8847e-18    -0.079611  6.82307e-18   -0.0168423 -2.32242e-18
 4.15416e-08   1.5734e-20 -1.88592e-06 -5.75235e-20   3.2229e-05  1.26249e-19 -0.000318783 -9.00436e-22   0.00209538 -8.79211e-19  -0.00976501  1.14479e-18    0.0331508  2.06117e-18   -0.0806842  -2.8847e-18     0.124758 -3.63664e-18   -0.0584422  5.12665e-18   -0.0282102
-4.45834e-21  1.59909e-07    2.959e-20 -3.81551e-06 -8.55561e-20  4.60363e-05   1.5483e-19 -0.000355816  2.16019e-19   0.00197803  -1.1449e-18  -0.00852903 -4.46434e-19    0.0295692  5.36634e-18    -0.079611 -3.63664e-18     0.137841 -2.97996e-18   -0.0132051  2.08777e-18
 -3.9854e-09 -1.05028e-20  1.18196e-07  3.92268e-20 -9.55542e-07 -1.15272e-19 -1.27667e-07  1.24821e-19  4.61248e-05  4.60863e-19 -0.000241796 -9.05013e-19 -0.000366619 -2.73419e-18    0.0103078  6.82307e-18   -0.0584422 -2.97996e-18     0.162639 -1.70553e-18     0.037211
 2.04003e-21  2.19259e-08 -1.28394e-20 -7.38382e-07  4.38443e-20  1.18464e-05 -1.21703e-19 -0.000115013  4.64547e-20  0.000744465   6.2811e-19  -0.00333463 -2.97904e-19    0.0101069 -3.70786e-18   -0.0168423  5.12665e-18   -0.0132051 -1.70553e-18     0.180505 -6.93523e-19
-1.62301e-09  2.51718e-21  8.45829e-08 -9.37707e-21 -1.65338e-06  3.70163e-20     1.88e-05 -8.69822e-20  -0.00014426 -2.76658e-20  0.000807777   6.0861e-19   -0.0034554  1.72496e-19    0.0114668 -2.32242e-18   -0.0282102  2.08777e-18     0.037211 -6.93523e-19     0.113417
