   0.0555817   1.1063e-19   -0.0516841 -2.02134e-18   -0.0114386  1.11236e-17   0.00796526 -7.03709e-18   0.00452501 -1.66507e-18  0.000100311  9.00124e-19 -0.000590754   2.9858e-19 -0.000196367  4.93413e-20 -1.48738e-05 -3.63125e-20   3.5802e-06 -7.51533e-21  4.74702e-07
  1.1063e-19     0.106418 -4.97905e-18   -0.0437635  6.67655e-18   -0.0277099  1.37752e-17   0.00475386 -8.90913e-18   0.00741592 -3.16945e-18    0.0014997  6.11307e-19 -0.000574604  6.53215e-19 -0.000335001  1.19634e-19 -5.52566e-05 -7.08817e-20 -1.50822e-06 -7.90707e-21
  -0.0516841 -4.97905e-18     0.102505 -1.45382e-17   -0.0201185  1.78944e-17   -0.0330809  1.50992e-17  -0.00108789 -8.08573e-18   0.00800116 -4.37675e-18   0.00296243   9.6369e-20 -0.000141924  1.03827e-18 -0.000323509  1.11412e-19 -7.11361e-05  -8.4675e-20 -3.96427e-06
-2.02134e-18   -0.0437635 -1.45382e-17     0.076934 -2.36934e-17  -0.00536804  2.37342e-17   -0.0320097  1.61998e-17   -0.0060086 -5.72337e-18   0.00703994  -5.2667e-18   0.00396053  1.21991e-19  0.000468739  1.34403e-18 -0.000168429  4.60855e-20 -4.68406e-05 -6.11232e-20
  -0.0114386  6.67655e-18   -0.0201185 -2.36934e-17    0.0588198 -2.88247e-17   0.00124714  2.26539e-17    -0.029518   1.5975e-17  -0.00975567 -3.91682e-18   0.00516689 -5.71572e-18   0.00427663  9.26418e-19   0.00097881  1.49455e-18  2.08758e-05  4.28963e-21 -1.17728e-05
 1.11236e-17   -0.0277099  1.78944e-17  -0.00536804 -2.88247e-17      0.04951 -2.86758e-17   0.00471362  1.78108e-17   -0.0270629  1.44998e-17   -0.0127447 -4.18161e-18   0.00265218 -5.36973e-18   0.00378871  2.18451e-18   0.00113768  1.46739e-18   0.00011336  8.45618e-21
  0.00796526  1.37752e-17   -0.0330809  2.37342e-17   0.00124714 -2.86758e-17    0.0444788 -2.45014e-17   0.00719481  1.33033e-17   -0.0247392   1.1885e-17      -0.0152 -6.73367e-18 -0.000315384 -4.21152e-18   0.00252651  3.23572e-18  0.000866445   1.2092e-18  7.83417e-05
-7.03709e-18   0.00475386  1.50992e-17   -0.0320097  2.26539e-17   0.00471362 -2.45014e-17    0.0415875 -1.91896e-17   0.00945185  1.10374e-17   -0.0223202  6.54477e-18   -0.0170262 -1.11991e-17  -0.00332582  -2.9252e-18  0.000867666  3.43006e-18  0.000382169  6.96029e-19
  0.00452501 -8.90913e-18  -0.00108789  1.61998e-17    -0.029518  1.78108e-17   0.00719481 -1.91896e-17    0.0401297  -1.3903e-17    0.0119405  1.00477e-17   -0.0193518 -3.30255e-18   -0.0176855 -1.66769e-17  -0.00554094 -2.14821e-18 -0.000454461  2.61629e-18  4.54811e-05
-1.66507e-18   0.00741592 -8.08573e-18   -0.0060086   1.5975e-17   -0.0270629  1.33033e-17   0.00945185  -1.3903e-17     0.039903  -5.9203e-18    0.0151643  8.67886e-18   -0.0150605 -1.64693e-17   -0.0162209 -2.08932e-17  -0.00595944 -1.66969e-18 -0.000848244  1.29802e-18
 0.000100311 -3.16945e-18   0.00800116 -5.72337e-18  -0.00975567  1.44998e-17   -0.0247392  1.10374e-17    0.0119405  -5.9203e-18    0.0410319  8.65002e-18     0.019815  6.45155e-18  -0.00852612 -2.81612e-17   -0.0119239  -2.0928e-17  -0.00434647 -9.80717e-19 -0.000476794
 9.00124e-19    0.0014997 -4.37675e-18   0.00703994 -3.91682e-18   -0.0127447   1.1885e-17   -0.0223202  1.00477e-17    0.0151643  8.65002e-18    0.0439365  2.88773e-17    0.0265084  3.07757e-18  0.000366844 -3.33239e-17  -0.00562139 -1.59989e-17    -0.001893 -2.59494e-19
-0.000590754  6.11307e-19   0.00296243  -5.2667e-18   0.00516689 -4.18161e-18      -0.0152  6.54477e-18   -0.0193518  8.67886e-18     0.019815  2.88773e-17    0.0489597  4.55875e-17     0.034679 -2.84419e-18    0.0095296 -3.04747e-17 -3.48675e-05 -8.76986e-18 -0.000278632
  2.9858e-19 -0.000574604   9.6369e-20   0.00396053 -5.71572e-18   0.00265218 -6.73367e-18   -0.0170262 -3.30255e-18   -0.0150605  6.45155e-18    0.0265084  4.55875e-17    0.0551795  4.61882e-17    0.0412159 -1.14672e-17    0.0149109 -2.20191e-17   0.00229616 -2.98725e-18
-0.000196367  6.53215e-19 -0.000141924  1.21991e-19   0.00427663 -5.36973e-18 -0.000315384 -1.11991e-17   -0.0176855 -1.64693e-17  -0.00852612  3.07757e-18     0.034679  4.61882e-17    0.0590651  2.68642e-17     0.041286 -1.83988e-17     0.013835 -1.20018e-17   0.00159241
 4.93413e-20 -0.000335001  1.03827e-18  0.000468739  9.26418e-19   0.00378871 -4.21152e-18  -0.00332582 -1.66769e-17   -0.0162209 -2.81612e-17  0.000366844 -2.84419e-18    0.0412159  2.68642e-17    0.0555281  2.74336e-20    0.0326276 -1.79664e-17   0.00821514 -4.18612e-18
-1.48738e-05  1.19634e-19 -0.000323509  1.34403e-18   0.00097881  2.18451e-18   0.00252651  -2.9252e-18  -0.00554094 -2.08932e-17   -0.0119239 -3.33239e-17    0.0095296 -1.14672e-17     0.041286  2.74336e-20    0.0425639 -1.58175e-17    0.0190537 -1.08055e-17   0.00278248
-3.63125e-20 -5.52566e-05  1.11412e-19 -0.000168429  1.49455e-18   0.00113768  3.23572e-18  0.000867666 -2.14821e-18  -0.00595944  -2.0928e-17  -0.00562139 -3.04747e-17    0.0149109 -1.83988e-17    0.0326276 -1.58175e-17    0.0248165 -1.48755e-17   0.00753067 -3.51323e-18
  3.5802e-06 -7.08817e-20 -7.11361e-05  4.60855e-20  2.08758e-05  1.46739e-18  0.000866445  3.43006e-18 -0.000454461 -1.66969e-18  -0.00434647 -1.59989e-17 -3.48675e-05 -2.20191e-17     0.013835 -1.79664e-17    0.0190537 -1.48755e-17    0.0101642 -6.77894e-18   0.00168482
-7.51533e-21 -1.50822e-06  -8.4675e-20 -4.68406e-05  4.28963e-21   0.00011336   1.2092e-18  0.000382169  2.61629e-18 -0.000848244 -9.80717e-19    -0.001893 -8.76986e-18   0.00229616 -1.20018e-17   0.00821514 -1.08055e-17   0.00753067 -6.77894e-18    0.0025827 -1.44682e-18
 4.74702e-07 -7.90707e-21 -3.96427e-06 -6.11232e-20 -1.17728e-05  8.45618e-21  7.83417e-05  6.96029e-19  4.54811e-05  1.29802e-18 -0.000476794 -2.59494e-19 -0.000278632 -2.98725e-18   0.00159241 -4.18612e-18   0.00278248 -3.51323e-18   0.00168482 -1.44682e-18  0.000304824
