 1.55376e-29 -5.84727e-37  -1.0931e-27 -1.01954e-35  3.01689e-26 -6.61831e-36 -5.04948e-25 -2.55536e-35  5.91808e-24  2.31076e-35 -5.22134e-23 -1.18835e-35  3.61986e-22 -7.29142e-35 -2.02743e-21   3.8686e-34   9.3462e-21 -1.98898e-33 -3.59118e-20  8.37073e-33   1.1596e-19 -2.78804e-32  -3.1611e-19  6.54384e-32  7.28447e-19 -4.73624e-32 -1.41602e-18 -5.07429e-31  2.30744e-18   3.5222e-30 -3.11398e-18 -1.48884e-29  3.40491e-18  4.92673e-29 -2.89277e-18 -1.36797e-28   1.7344e-18  3.28323e-28 -5.08926e-19 -6.91781e-28  -2.1115e-19  1.29115e-27  3.05188e-19 -2.14649e-27 -9.78654e-20  3.18986e-27  -4.9474e-20 -4.24846e-27  4.65976e-20  5.08367e-27  4.70687e-22 -5.48319e-27 -1.25394e-20  5.35875e-27  1.83329e-21 -4.78408e-27  2.84896e-21  3.94409e-27 -5.59656e-22 -3.03391e-27 -6.17252e-22  2.18297e-27  9.15174e-23 -1.44776e-27  1.26307e-22  8.50445e-28  -3.1102e-24 -4.08458e-28 -2.19903e-23   1.2975e-28 -3.05602e-24  5.04013e-30   2.7142e-24  -4.2386e-29  9.72653e-25  3.44755e-29 -1.35749e-25 -1.75566e-29 -1.46568e-25  6.29341e-30 -2.06579e-26 -1.58036e-30   9.4509e-27  2.67347e-31  4.28516e-27  -3.6555e-32  3.26959e-28  1.00878e-32 -2.33707e-28 -3.31751e-33 -8.19655e-29    3.561e-34 -6.97827e-30  9.40351e-35   2.5634e-30  9.11872e-36  9.43024e-31 -2.64658e-35  1.18006e-31  5.83437e-36 -6.10984e-33  1.18168e-36 -4.76901e-33 -6.57958e-37   -8.036e-34  5.31394e-38   -5.216e-35  1.70912e-38  4.40781e-36 -3.92194e-39  1.37298e-36  2.21675e-40  1.46101e-37  2.06836e-41  7.30649e-39  2.20121e-42 -5.78335e-41  -2.4788e-42 -3.23181e-41  2.37234e-43 -1.93953e-42  1.05192e-44 -4.68476e-44 -6.30657e-46 -4.18381e-46 -1.10871e-47
-5.84727e-37  1.56489e-27 -4.58583e-36 -6.26472e-26 -3.67742e-35  1.31882e-24  5.75611e-36 -1.83546e-23 -8.23526e-35  1.86477e-22  4.06402e-35 -1.46118e-21  1.61916e-34  9.13804e-21 -1.40411e-33 -4.66583e-20  8.21477e-33  1.97522e-19 -4.09961e-32 -7.00468e-19  1.71314e-31   2.0942e-18 -5.92698e-31 -5.29443e-18  1.63733e-30   1.1316e-17 -3.20636e-30 -2.03683e-17  1.85128e-30  3.06109e-17  1.85457e-29 -3.78101e-17 -1.08818e-28  3.72947e-17  3.93849e-28 -2.77084e-17 -1.12138e-27  1.32567e-17  2.68663e-27 -1.24636e-18 -5.57265e-27 -3.63788e-18  1.01529e-26  2.59543e-18 -1.63784e-26 -1.56517e-19  2.35017e-26 -7.18492e-19 -3.00811e-26  2.83048e-19  3.44196e-26  1.25062e-19 -3.53106e-26 -9.84173e-20  3.26537e-26 -1.82828e-20 -2.74926e-26  2.48293e-20  2.14096e-26  3.38571e-21 -1.57095e-26 -5.24743e-21  1.09761e-26 -9.62103e-22  -7.2123e-27  9.09702e-22  4.26693e-27  2.80246e-22 -2.09682e-27  -1.1051e-22  7.17664e-28 -6.25961e-23 -4.28903e-29  4.01556e-24 -1.53587e-28  9.27184e-24  1.30317e-28  1.58082e-24 -6.34284e-29 -6.90179e-25  2.05571e-29 -3.35981e-25 -4.25932e-30   -1.844e-26  4.72972e-31  2.46398e-26 -4.30101e-32  7.83703e-27  3.09309e-32  2.75919e-28 -1.13052e-32 -4.27361e-28  1.17675e-34 -1.23537e-28  7.98953e-34 -9.22967e-30  -1.8709e-35   3.1606e-30 -1.08865e-34  1.07433e-30   2.5119e-35  1.33821e-31  4.10958e-36  -1.5402e-33 -2.36185e-36 -3.34234e-33  2.08864e-37 -5.71978e-34  4.30259e-38 -4.38415e-35 -1.21072e-38  2.57402e-37  1.52613e-39  4.27985e-37  -4.8436e-41  4.67159e-38 -6.22865e-43  2.39101e-39 -5.64671e-42  4.24637e-41  6.21419e-43 -1.24019e-42  1.92433e-44 -6.89036e-44 -9.16268e-46 -9.19739e-46
 -1.0931e-27 -4.58583e-36  7.76931e-26 -1.73971e-35   -2.167e-24 -8.35809e-35  3.66712e-23  5.70257e-35 -4.34767e-22 -1.33892e-34  3.88233e-21 -2.69076e-34  -2.7258e-20  2.96909e-33  1.54711e-19 -2.02039e-32 -7.23258e-19  1.13778e-31  2.82051e-18 -5.43782e-31  -9.2518e-18  2.20825e-30  2.56476e-17 -7.59198e-30 -6.01794e-17  2.17613e-29  1.19299e-16 -4.98252e-29 -1.98655e-16  7.90907e-29  2.74727e-16 -2.05002e-29 -3.09147e-16 -4.25577e-28  2.72375e-16  1.99283e-27 -1.72473e-16 -6.08963e-27  5.84402e-17  1.48382e-26   1.4789e-17 -3.05877e-26  -2.9556e-17  5.47071e-26    1.173e-17 -8.59576e-26  3.74745e-18  1.19417e-25 -4.90955e-18 -1.47163e-25  4.08985e-19  1.61165e-25  1.23981e-18 -1.57171e-25 -3.13054e-19  1.37139e-25 -2.70946e-19 -1.08251e-25   8.8886e-20  7.89624e-26  5.89898e-20  -5.4857e-26 -1.67925e-20  3.71545e-26 -1.27886e-20 -2.42986e-26  1.81505e-21  1.45522e-26    2.466e-21 -7.29979e-27   9.3114e-23  2.61025e-27 -3.57949e-22 -2.91632e-28 -8.47303e-23 -3.97943e-28  2.85177e-23  3.49708e-28  1.67999e-23 -1.60471e-28  8.78699e-25  4.57083e-29 -1.49013e-24 -7.00929e-30 -4.61326e-25  1.12633e-31  6.12553e-27  1.97711e-32  3.65733e-26  9.00326e-32  9.03601e-27 -3.09788e-32  9.29285e-29 -2.04153e-33  -4.6087e-28  3.05534e-33 -1.16763e-28  -1.5444e-34 -8.65486e-30 -3.07128e-34  2.15983e-30   6.9532e-35  7.22338e-31  1.10607e-35  9.12333e-32 -5.89913e-36  2.06953e-33  5.46775e-37  -1.1878e-33  6.10906e-38 -2.14317e-34 -2.52082e-38 -1.76419e-35  5.26853e-39 -4.86172e-37 -3.32653e-40  4.78493e-38 -1.76205e-41  5.84183e-39 -8.33232e-42  2.75497e-40  1.06789e-42  5.66386e-42  2.24815e-44  2.70305e-44  -6.8232e-46
-1.01954e-35 -6.26472e-26 -1.73971e-35  2.53451e-24 -4.07757e-35 -5.39452e-23 -1.41278e-34  7.59458e-22  1.16357e-34 -7.80927e-21  2.58653e-34  6.19673e-20  -4.6241e-33   -3.927e-19  3.56958e-32  2.03323e-18 -2.24842e-31 -8.73492e-18  1.19834e-30  3.14625e-17 -5.46006e-30 -9.56357e-17  2.13543e-29  2.46109e-16 -7.16519e-29 -5.36195e-16  2.04759e-28  9.85564e-16  -4.8827e-28 -1.51613e-15  9.20177e-28  1.92346e-15 -1.12878e-27 -1.95948e-15 -2.89423e-28  1.52017e-15  6.78915e-27 -7.84636e-16 -2.47944e-26  1.25025e-16  6.34262e-26   1.8078e-16 -1.31712e-25  -1.5386e-16  2.32919e-25  2.19844e-17 -3.58062e-25  3.78273e-17  4.83142e-25 -1.95455e-17 -5.74612e-25 -5.31217e-18   6.0319e-25  6.31896e-18 -5.59233e-25   4.4845e-19  4.59252e-25 -1.57056e-18 -3.37606e-25 -4.24491e-20   2.2812e-25  3.41248e-19 -1.48428e-25  2.45709e-20  9.72852e-26 -6.39684e-20 -6.38781e-26 -1.17887e-20  3.91057e-26  9.20648e-21 -2.00597e-26  3.41794e-21  7.36341e-27 -7.17393e-22  -1.0206e-27 -6.18715e-22 -8.65153e-28  -4.6591e-23  7.71619e-28  6.15321e-23 -3.27698e-28   2.0086e-23  7.85463e-29 -9.76865e-25 -6.45096e-30 -2.04456e-24  -1.6346e-30 -4.51488e-25  1.35004e-31  3.12803e-26  2.43808e-31  3.73699e-26 -7.38554e-32  7.68428e-27 -7.67188e-33  9.28722e-30  8.10435e-33  -3.3864e-28 -4.78052e-34 -7.87715e-29 -6.95498e-34 -6.26726e-30  1.44376e-34   8.8164e-31   2.6766e-35  3.17873e-31 -1.18335e-35  4.08164e-32  1.09138e-36  1.89602e-33  3.34706e-38 -2.08086e-34 -4.05019e-38  -4.4759e-35  1.25338e-38 -3.68988e-36 -9.09701e-40 -1.42192e-37  -5.6182e-41  7.37092e-41 -8.86679e-42  2.36534e-40  1.36364e-42  8.76722e-42  1.81934e-44  8.80683e-44
 3.01689e-26 -3.67742e-35   -2.167e-24 -4.07757e-35  6.11096e-23 -6.50382e-35 -1.04608e-21 -1.69821e-34   1.2552e-20 -2.54534e-34 -1.13504e-19  5.49196e-33  8.07502e-19 -4.92352e-32  -4.6472e-18  3.45414e-31   2.2045e-17 -2.03755e-30 -8.73076e-17  1.02636e-29  2.91118e-16 -4.45163e-29 -8.21266e-16  1.66975e-28  1.96357e-15 -5.42111e-28 -3.97277e-15  1.51799e-27  6.76562e-15  -3.6252e-27   -9.596e-15  7.18308e-27   1.1122e-14 -1.09554e-26 -1.01683e-14  9.33261e-27  6.79528e-15   1.1622e-26  -2.6104e-15 -7.69663e-26 -3.24055e-16  2.20081e-25  1.11855e-15 -4.69992e-25 -5.39761e-16  8.29555e-25 -9.41561e-17 -1.25446e-24  2.00756e-16  1.65015e-24 -3.59913e-17 -1.89946e-24  -4.6799e-17   1.9153e-24  1.78829e-17 -1.68957e-24  9.58855e-18  1.30337e-24  -4.9119e-18   -8.857e-25 -2.06681e-18  5.46035e-25  1.00115e-18 -3.27112e-25  4.77778e-19  2.07054e-25 -1.43803e-19 -1.38674e-25 -1.03135e-19  8.81587e-26  8.08783e-21 -4.64603e-26  1.74352e-20  1.73064e-26  2.27203e-21 -2.59359e-27 -1.84409e-21  -1.6968e-27 -7.02005e-22  1.48507e-27  4.08493e-23 -5.70077e-28  8.31213e-23  1.06826e-28  1.73184e-23  2.72083e-30 -2.66049e-24 -5.49355e-30 -2.03382e-24  1.79857e-31 -3.42782e-25  5.65453e-31  3.78806e-26 -1.56308e-31  2.83015e-26  -1.6831e-32  5.12454e-27  1.70579e-32  3.30959e-29 -9.70687e-34 -1.76741e-28 -1.36298e-33 -3.91705e-29  2.34897e-34 -3.41562e-30  6.06217e-35  1.86922e-31 -2.02723e-35  9.16119e-32  1.73755e-36  1.19219e-32 -7.70294e-38   7.0939e-34 -5.25106e-38 -7.10011e-36  2.28941e-38  -4.7508e-36 -1.70423e-39 -3.81044e-37  -1.1163e-40 -1.43562e-38 -6.64491e-42 -1.99426e-40  1.32802e-42  1.29814e-42  9.34605e-45
-6.61831e-36  1.31882e-24 -8.35809e-35 -5.39452e-23 -6.50382e-35  1.16144e-21 -7.97794e-35 -1.65486e-20  1.45256e-34  1.72315e-19 -5.18611e-33 -1.38545e-18  5.46324e-32  8.90206e-18 -4.30957e-31  -4.6766e-17  2.81114e-30  2.04016e-16 -1.55802e-29  -7.4688e-16  7.42616e-29  2.30982e-15 -3.06582e-28 -6.05498e-15   1.1008e-27  1.34576e-14 -3.44284e-27 -2.52803e-14  9.36399e-27  3.98414e-14 -2.20025e-26 -5.19598e-14  4.39489e-26  5.47117e-14 -7.17815e-26 -4.43335e-14  8.53947e-26  2.46027e-14 -3.46376e-26 -5.43815e-15 -1.67157e-25  -4.5857e-15  6.27585e-25  4.78574e-15 -1.42685e-24 -1.07972e-15  2.54637e-24 -1.01546e-15 -3.81284e-24  6.90577e-16  4.91045e-24  9.29738e-17 -5.48891e-24 -2.08699e-16  5.33101e-24  8.23777e-18 -4.48217e-24  5.07492e-17  3.24452e-24 -4.37516e-18 -2.02184e-24 -1.12495e-17  1.11333e-24  4.78281e-19 -5.96246e-25  2.25714e-18  3.63337e-25   1.5707e-19 -2.55675e-25 -3.70727e-19  1.72923e-25 -8.61947e-20 -9.42433e-26  4.00731e-20  3.52992e-26  2.03206e-20 -5.30119e-27 -7.18073e-22 -3.11516e-27 -2.60118e-21   2.5652e-27 -5.56604e-22  -8.6372e-28   1.2085e-22  1.08513e-28  8.18764e-23  2.58584e-29  1.13082e-23 -1.15787e-29 -3.13231e-24 -2.84393e-33  -1.5609e-24  1.10405e-30  -2.1382e-25 -3.00858e-31  2.76094e-26 -2.62778e-32  1.63766e-26  3.04817e-32   2.7357e-27 -1.29585e-33  5.89792e-29 -2.42731e-33 -6.52731e-29  2.92219e-34 -1.42689e-29  1.27811e-34  -1.3386e-30 -3.07674e-35 -7.97248e-34  2.22107e-36  1.62792e-32 -2.71303e-37  2.17142e-33 -5.50941e-38  1.38217e-34  3.36987e-38  2.99985e-36 -2.49061e-39 -1.89493e-37 -1.63735e-40 -1.59067e-38 -2.73772e-42 -4.26465e-40  9.59328e-43 -3.08799e-42
-5.04948e-25  5.75611e-36  3.66712e-23 -1.41278e-34 -1.04608e-21 -7.97794e-35  1.81229e-20 -1.81271e-34 -2.20205e-19  3.68597e-33  2.01759e-18 -4.90248e-32 -1.45528e-17   4.4494e-31  8.49736e-17 -3.23143e-30 -4.09286e-16  1.97086e-29  1.64728e-15 -1.02949e-28 -5.58737e-15    4.652e-28  1.60523e-14 -1.82938e-27  -3.9138e-14  6.28395e-27  8.08831e-14 -1.88893e-26 -1.40992e-13  4.96628e-26  2.05276e-13 -1.13744e-25 -2.45264e-13  2.24624e-25  2.32826e-13 -3.73643e-25 -1.64117e-13  4.93548e-25   7.0513e-14 -4.18984e-25  1.17064e-15 -1.21772e-25 -2.54798e-14  1.44003e-24  1.48551e-14 -3.72726e-24  7.85316e-16   6.8531e-24 -4.91186e-15 -1.02444e-23   1.3934e-15   1.2981e-23  1.02658e-15 -1.41444e-23 -5.72179e-16  1.32762e-23 -1.87096e-16 -1.06667e-23  1.53781e-16  7.24624e-24   3.8599e-17 -4.10672e-24 -3.29471e-17  1.95822e-24 -9.72504e-18 -8.84731e-25  5.50231e-18  5.15792e-25  2.43304e-18 -4.05546e-25 -5.72569e-19  3.02778e-25 -4.85061e-19 -1.71871e-25 -9.81666e-21   6.4152e-26  6.42147e-20 -9.11473e-27  1.58154e-20 -5.42319e-27 -3.67307e-21  4.02433e-27 -2.59244e-21 -1.14054e-27 -3.04956e-22  5.58475e-29  1.48712e-22  6.50039e-29   6.2947e-23 -1.90705e-29  5.82994e-24 -3.88481e-31 -2.47866e-24  1.84273e-30 -9.53997e-25 -5.40581e-31 -1.13882e-25 -2.97906e-32  1.35245e-26  4.82454e-32  7.27916e-27 -4.77364e-34   1.1609e-27 -4.05097e-33  4.66813e-29  2.29146e-34 -1.63063e-29  2.46415e-34 -3.68871e-30 -4.24556e-35 -3.59957e-31  2.19467e-36 -1.12898e-32  -4.8717e-37  1.50731e-33 -4.42948e-38  2.24593e-34  4.08451e-38  1.36393e-35 -3.01015e-39  3.83549e-37 -1.86938e-40   9.9565e-40   7.5121e-43 -1.50867e-40  4.53865e-43
-2.55536e-35 -1.83546e-23  5.70257e-35  7.59458e-22 -1.69821e-34 -1.65486e-20 -1.81271e-34  2.38766e-19 -1.40435e-33 -2.51903e-18   3.3596e-32   2.0534e-17 -3.78706e-31 -1.33858e-16  3.12936e-30  7.13964e-16 -2.11228e-29 -3.16493e-15  1.21001e-28  1.17845e-14 -5.97732e-28 -3.71077e-14  2.56663e-27  9.91661e-14  -9.6264e-27 -2.25026e-13  3.16402e-26  4.32387e-13  -9.1312e-26 -6.98728e-13  2.31427e-25  9.37595e-13 -5.13858e-25 -1.02125e-12  9.92765e-25  8.64618e-13 -1.64342e-24 -5.14428e-13  2.24981e-24  1.44113e-13 -2.30417e-24  7.28309e-14  1.02471e-24  -9.8122e-14  2.40376e-24  3.05759e-14 -8.36744e-24  1.70822e-14  1.63276e-23 -1.57996e-14 -2.46258e-23 -2.19681e-16  3.08778e-23  4.44943e-15 -3.29386e-23 -6.89284e-16  2.99957e-23 -1.04582e-15 -2.31112e-23  2.26036e-16   1.4757e-23  2.34356e-16 -7.54579e-24 -4.11224e-17  2.97126e-24 -5.01021e-17 -9.81567e-25  2.64096e-18  5.37186e-25  9.25402e-18 -5.53716e-25  1.03696e-18  4.83155e-25  -1.2425e-18 -2.87351e-25 -4.00273e-19  1.05796e-25  7.74918e-20 -1.34468e-26  6.70505e-20 -8.92485e-27   7.6189e-21  5.73294e-27  -4.9673e-21 -1.27769e-27 -1.98953e-21 -7.49516e-29 -9.88515e-23  1.15072e-28  1.25227e-22 -2.64033e-29   3.9262e-23  -4.9729e-31  2.52987e-24   2.6982e-30 -1.44739e-24 -9.23218e-31 -4.70128e-25 -2.25498e-32 -5.23948e-26  6.94852e-32  4.38016e-27  3.38201e-33  2.44981e-27 -6.41163e-33  3.81208e-28 -6.33687e-35  2.16479e-29  4.28516e-34 -2.42739e-30 -5.43403e-35 -6.38979e-31  1.40207e-36 -6.26547e-32 -6.10198e-37 -2.81484e-33 -2.06376e-38  2.93548e-35    4.095e-38  1.09737e-35 -3.10664e-39  5.73549e-37 -1.68515e-40  1.19296e-38  2.19909e-42  6.05122e-41
 5.91808e-24 -8.23526e-35 -4.34767e-22  1.16357e-34   1.2552e-20  1.45256e-34 -2.20205e-19 -1.40435e-33  2.71096e-18 -1.18884e-32 -2.51822e-17  2.50025e-31  1.84274e-16 -2.53362e-30 -1.09238e-15  1.92931e-29  5.34609e-15 -1.21761e-28 -2.18819e-14  6.58252e-28  7.55569e-14 -3.08677e-27 -2.21239e-13  1.26294e-26  5.50523e-13 -4.52545e-26 -1.16311e-12  1.42428e-25  2.07715e-12 -3.94502e-25 -3.10721e-12  9.62331e-25  3.83046e-12  -2.0646e-24 -3.77815e-12  3.87763e-24  2.80787e-12 -6.30791e-24 -1.33548e-12  8.68161e-24  1.02204e-13 -9.53627e-24  4.00921e-13  6.79873e-24 -2.83615e-13  1.46012e-24  1.57412e-14 -1.58406e-23    8.257e-14  3.45705e-23 -3.34517e-14 -5.33658e-23 -1.46299e-14  6.66659e-23  1.21996e-14 -6.99601e-23  2.05613e-15   6.2089e-23 -3.21331e-15 -4.60798e-23 -3.57353e-16  2.77425e-23    7.134e-16  -1.2711e-23  1.08277e-16  3.81868e-24 -1.32112e-16 -4.87103e-25 -3.53588e-17  2.09222e-25  1.78627e-17 -6.40145e-25  8.76041e-18  7.15999e-25 -1.02021e-18 -4.47187e-25 -1.43905e-18  1.60404e-25 -1.92431e-19 -1.70586e-26  1.25136e-19 -1.37294e-26  5.19197e-20  7.32243e-27  8.25279e-22 -1.09941e-27 -4.45295e-21 -2.89648e-28 -1.23166e-21  1.61259e-28  1.60171e-24 -3.20773e-29  8.01332e-23  7.66542e-31  2.03256e-23  3.58258e-30  1.02857e-24 -1.50577e-30  -6.3969e-25 -8.52437e-33 -1.86178e-25  9.20722e-32 -2.03931e-26  1.30407e-32  7.82755e-28 -9.57994e-33  6.03194e-28  -6.7487e-34   9.2835e-29  6.67672e-34  6.31462e-30 -6.55284e-35 -1.19199e-31  -1.3798e-37 -6.71207e-32 -5.29972e-37 -6.46745e-33  1.00632e-38 -3.00654e-34  3.35256e-38 -4.74696e-36 -2.78168e-39  1.52422e-37 -1.18614e-40  6.10287e-39  1.59809e-42
 2.31076e-35  1.86477e-22 -1.33892e-34 -7.80927e-21 -2.54534e-34  1.72315e-19  3.68597e-33 -2.51903e-18 -1.18884e-32  2.69438e-17 -8.67029e-32 -2.22816e-16  1.61336e-30  1.47459e-15 -1.48742e-29 -7.99094e-15  1.05087e-28  3.60208e-14 -6.23877e-28 -1.36518e-13   3.2001e-27  4.38034e-13 -1.43067e-26 -1.19435e-12  5.59518e-26  2.76944e-12 -1.91949e-25 -5.44813e-12  5.79125e-25  9.03591e-12 -1.53987e-24  -1.2487e-11  3.61238e-24  1.40813e-11 -7.47249e-24 -1.24607e-11  1.35874e-23  7.93026e-12 -2.15532e-23 -2.67643e-12  2.93388e-23 -7.54902e-13 -3.29957e-23  1.46169e-12  2.74682e-23 -5.91665e-13 -8.68331e-24 -1.88847e-13 -2.37843e-23  2.59131e-13  6.49116e-23 -2.61947e-14 -1.04702e-22  -6.7185e-14  1.31398e-22   1.9298e-14 -1.36406e-22   1.4935e-14   1.1858e-22 -5.75479e-15 -8.52171e-23 -3.33609e-15   4.8607e-23  1.18455e-15 -1.98591e-23  7.60791e-16  3.90064e-24 -1.56314e-16  1.18624e-24 -1.58228e-16 -7.59306e-25   2.0515e-18 -5.92784e-25  2.54195e-17  1.00349e-24  4.76655e-18 -6.55599e-25 -2.42481e-18   2.2571e-25  -1.1582e-18 -1.82427e-26 -2.02072e-21 -1.94562e-26  1.21261e-19   8.1058e-27  3.14165e-20  -3.9939e-28 -2.28104e-21 -5.61252e-28  -3.0403e-21  1.79325e-28   -6.356e-22 -3.58925e-29  2.34496e-23  5.01877e-30  4.04283e-23  4.49789e-30  8.81572e-24 -2.33069e-30  4.28476e-25 -5.86154e-33 -2.12473e-25  1.11124e-31 -5.81869e-26  3.14088e-32 -6.41929e-27  -1.3324e-32 -1.43002e-29 -1.61975e-33  1.02058e-28  9.30285e-34  1.58167e-29 -7.52484e-35  1.15167e-30  -2.0566e-36  2.24512e-32 -2.13601e-37 -3.46208e-33  3.81307e-38 -3.40038e-34  2.14701e-38 -1.33401e-35 -2.16082e-39 -2.10396e-37 -6.23479e-41 -4.09974e-40
-5.22134e-23  4.06402e-35  3.88233e-21  2.58653e-34 -1.13504e-19 -5.18611e-33  2.01759e-18   3.3596e-32 -2.51822e-17 -8.67029e-32  2.37306e-16 -5.48999e-31  -1.7629e-15  9.12216e-30  1.06172e-14 -7.69537e-29 -5.28336e-14  5.07705e-28   2.2009e-13 -2.85532e-27 -7.74255e-13  1.39852e-26  2.31254e-12 -5.99133e-26 -5.87811e-12   2.2481e-25  1.27075e-11 -7.40256e-25 -2.32718e-11   2.1443e-24  3.58022e-11 -5.47673e-24 -4.55805e-11   1.2352e-23  4.67468e-11 -2.46025e-23 -3.66184e-11  4.31885e-23  1.91272e-11 -6.64566e-23  -3.0558e-12  8.85775e-23 -4.63419e-12 -9.96121e-23  4.04813e-12   8.8316e-23 -6.38018e-13 -4.72567e-23 -1.01455e-12 -2.20437e-23  5.67208e-13  1.06918e-22  1.33949e-13 -1.86179e-22 -1.88669e-13   2.3724e-22 -5.90083e-15 -2.45227e-22  4.84785e-14  2.10028e-22 -1.01223e-15 -1.47041e-22 -1.10345e-14  7.99645e-23 -2.03722e-16 -2.90805e-23  2.21747e-15  2.39674e-24  2.81058e-16   4.7402e-24 -3.55424e-16 -2.67596e-24 -1.05354e-16  -3.5357e-25  3.51247e-17  1.35373e-24  2.23638e-17 -9.14008e-25  3.50454e-19  2.96841e-25 -2.63764e-18 -1.53231e-26 -6.90684e-19 -2.49335e-26  9.18939e-20  7.06943e-27   8.7468e-20  1.01271e-27  1.53159e-20 -8.19651e-28 -2.48937e-21  1.39526e-28 -1.66366e-21 -4.01342e-29 -2.80628e-22  1.40248e-29  1.52715e-23  5.59173e-30  1.62329e-23 -3.38436e-30  3.18747e-24 -4.40738e-32  1.74421e-25  1.17096e-31 -5.11118e-26  6.01617e-32 -1.38862e-26   -1.696e-32 -1.54372e-27 -2.79424e-33 -4.78832e-29  1.15939e-33  1.04889e-29 -8.26026e-35  1.73402e-30 -3.73898e-36  1.23968e-31  2.54998e-37  3.96572e-33  5.39322e-38 -3.31582e-35  9.39069e-39 -6.58853e-36 -1.42646e-39 -1.56048e-37 -2.14184e-41
-1.18835e-35 -1.46118e-21 -2.69076e-34  6.19673e-20  5.49196e-33 -1.38545e-18 -4.90248e-32   2.0534e-17  2.50025e-31 -2.22816e-16 -5.48999e-31  1.87059e-15  -3.0394e-30 -1.25767e-14  4.52145e-29  6.92962e-14 -3.50441e-28 -3.17885e-13  2.17533e-27  1.22728e-12  -1.1694e-26 -4.01603e-12  5.51405e-26  1.11822e-11 -2.27796e-25 -2.65203e-11  8.23784e-25  5.34644e-11 -2.61152e-24 -9.10969e-11  7.27684e-24  1.29776e-10 -1.78702e-23 -1.51648e-10  3.87528e-23  1.40325e-10 -7.42594e-23 -9.53477e-11  1.25598e-22  3.75496e-11 -1.86773e-22  4.43188e-12  2.42089e-22 -1.66578e-11 -2.68416e-22  8.50862e-12  2.43298e-22  1.23004e-12 -1.55941e-22 -3.21648e-12  1.52025e-23  7.05982e-13  1.50106e-22  7.48477e-13 -2.99222e-22 -3.42305e-13  3.92841e-22 -1.50544e-13 -4.07584e-22   9.7808e-14  3.46243e-22  3.25569e-14 -2.37777e-22 -2.14699e-14  1.24231e-22 -8.01808e-15 -4.02953e-23  3.54423e-15 -1.59194e-24  1.92353e-15    1.085e-23 -3.28275e-16 -5.78189e-24 -3.69379e-16  9.16772e-26 -2.30482e-17  1.78545e-24  4.65483e-17 -1.22077e-24  1.36481e-17  3.66913e-25 -2.19046e-18 -7.37607e-27 -2.02049e-18 -2.80436e-26 -3.05974e-19  2.98331e-27  9.89391e-20  3.24588e-27  5.04152e-20 -9.50393e-28  6.18993e-21  1.35753e-29 -1.57744e-21 -5.01647e-29 -7.45453e-22  2.91783e-29 -1.07835e-22  7.10935e-30  5.57063e-24 -4.55279e-30  5.14303e-24 -1.50686e-31  9.41486e-25  9.51771e-32  6.05408e-26  9.81476e-32 -8.14508e-27 -1.94147e-32 -2.40552e-27 -3.97816e-33 -2.65867e-28  1.29341e-33 -1.25174e-29 -8.62501e-35  4.47348e-31 -4.57869e-36  1.06807e-31  7.06655e-37  6.95045e-33  5.28666e-38  2.08104e-34  9.91914e-40  1.91718e-36 -7.57962e-40 -1.46388e-38
 3.61986e-22  1.61916e-34  -2.7258e-20  -4.6241e-33  8.07502e-19  5.46324e-32 -1.45528e-17 -3.78706e-31  1.84274e-16  1.61336e-30  -1.7629e-15  -3.0394e-30  1.33047e-14 -1.46825e-29 -8.14688e-14  1.94953e-28  4.12545e-13 -1.39235e-27 -1.75048e-12  8.21593e-27  6.27926e-12 -4.27701e-26 -1.91478e-11  1.96362e-25   4.9763e-11 -7.88756e-25 -1.10187e-10  2.76449e-24  2.07136e-10 -8.46858e-24  -3.2806e-10  2.27522e-23  4.31756e-10  -5.3795e-23 -4.60778e-10  1.12221e-22  3.80388e-10 -2.06797e-22 -2.16856e-10   3.3649e-22  5.12145e-11 -4.82174e-22  4.02309e-11  6.04665e-22 -4.51294e-11   -6.547e-22  1.16933e-11  5.93195e-22  9.31677e-12 -4.11369e-22 -7.26059e-12  1.38646e-22 -5.68544e-13  1.65649e-22  2.21645e-12 -4.30855e-22 -2.27558e-13  5.95678e-22 -5.49335e-13  -6.2689e-22  8.99436e-14   5.3253e-22  1.26777e-13 -3.61517e-22 -1.60895e-14  1.83039e-22 -2.73673e-14 -5.32747e-23  3.22653e-16 -8.84296e-24  5.03162e-15  1.99969e-23  7.52765e-16 -1.01713e-23 -6.58138e-16  6.92494e-25 -2.45001e-16  2.32886e-24  3.50057e-17 -1.57144e-24  3.87982e-17  4.28474e-25  5.56065e-18  5.08353e-27  -2.6237e-18 -2.58709e-26 -1.20758e-18 -5.35905e-27 -9.44089e-20  6.25977e-27  6.72492e-20 -8.05385e-28  2.40303e-20 -2.17236e-28  2.16198e-21 -7.40274e-29 -7.20328e-22  5.10028e-29 -2.74781e-22  9.23866e-30 -3.60826e-23  -5.5992e-30  1.14306e-24 -3.32191e-31  1.25367e-24  2.80201e-32   2.1935e-25  1.40453e-31  1.60268e-26  -1.9581e-32 -6.47681e-28 -4.89662e-33 -2.79887e-28  1.29218e-33 -3.02786e-29 -8.44341e-35 -1.58093e-30 -4.26131e-36 -1.66555e-32    9.764e-37  2.79548e-33  3.81966e-38  1.54951e-34 -2.59858e-39   2.7366e-36 -2.80839e-40
-7.29142e-35  9.13804e-21  2.96909e-33   -3.927e-19 -4.92352e-32  8.90206e-18   4.4494e-31 -1.33858e-16 -2.53362e-30  1.47459e-15  9.12216e-30 -1.25767e-14 -1.46825e-29  8.59713e-14 -6.10924e-29 -4.82016e-13  7.14886e-28  2.25211e-12 -4.71088e-27 -8.86504e-12  2.68923e-26  2.96115e-11 -1.38573e-25  -8.4277e-11  6.30315e-25  2.04634e-10 -2.49034e-24 -4.23192e-10  8.52074e-24  7.41559e-10 -2.53371e-23 -1.09017e-09  6.58226e-23   1.3213e-09 -1.50097e-22 -1.27918e-09  3.01445e-22  9.26587e-10 -5.34155e-22 -4.16719e-10  8.35264e-22  4.94888e-12 -1.15063e-21  1.49378e-10  1.39023e-21 -9.54695e-11 -1.45939e-21 -2.57066e-13  1.30274e-21  3.11236e-11 -9.33642e-22 -1.09622e-11  4.29607e-22 -6.17208e-12  9.91779e-23  4.41212e-12 -5.44405e-22  1.00072e-12   8.2256e-22 -1.22312e-12 -8.91256e-22 -1.90141e-13  7.64975e-22  2.79859e-13 -5.17974e-22  5.36307e-14  2.56523e-22 -5.25305e-14  -6.7637e-23 -1.62887e-14 -1.98288e-23   7.0155e-15  3.23331e-23   3.9058e-15 -1.57455e-23 -3.30365e-16  1.33369e-24 -6.28522e-16  3.02116e-24 -9.96715e-17 -1.95982e-24  5.20517e-17   4.7557e-25  2.40645e-17  1.97927e-26  9.72464e-19 -1.52252e-26 -1.93197e-18 -1.88151e-26 -5.89973e-19  9.81777e-27 -1.46202e-20  -2.2523e-28   3.4384e-20    -5.55e-28  9.64246e-21 -1.20962e-28  6.93248e-22  7.87933e-29 -2.48003e-22  1.19217e-29 -8.25559e-23 -6.18554e-30 -1.02849e-23 -5.59576e-31  3.48093e-26 -9.75986e-32  2.24615e-25  1.78927e-31  3.83534e-26 -1.68593e-32  2.99785e-27 -5.32303e-33  2.56854e-29  1.15602e-33 -1.91034e-29 -7.56867e-35 -2.03341e-30 -2.92655e-36 -9.86869e-32   9.9172e-37 -1.99456e-33  1.90278e-38  9.13116e-36  -2.6387e-39  5.67968e-37
-2.02743e-21 -1.40411e-33  1.54711e-19  3.56958e-32  -4.6472e-18 -4.30957e-31  8.49736e-17  3.12936e-30 -1.09238e-15 -1.48742e-29  1.06172e-14  4.52145e-29 -8.14688e-14 -6.10924e-29  5.07618e-13 -2.11221e-28 -2.61798e-12  2.09385e-27  1.13249e-11 -1.26959e-26 -4.14625e-11  7.30332e-26  1.29208e-10  -3.8987e-25 -3.43677e-10  1.81133e-24  7.80237e-10 -7.16263e-24  -1.5072e-09  2.41596e-23  2.46014e-09 -7.01365e-23 -3.35053e-09  1.76803e-22  3.72404e-09  -3.8967e-22 -3.23994e-09  7.54292e-22  2.00612e-09 -1.28556e-21 -6.17789e-10  1.93042e-21  -2.5732e-10 -2.55143e-21   4.0366e-10  2.95943e-21 -1.47646e-10  -2.9938e-21 -6.27163e-11  2.60503e-21  7.28848e-11 -1.88037e-21 -4.48918e-12  9.94568e-22 -2.02458e-11 -1.29992e-22  5.06513e-12 -5.72999e-22  4.73151e-12  1.02115e-21 -1.62847e-12 -1.16638e-21 -1.08933e-12  1.02599e-21  3.45985e-13 -7.00326e-22  2.52077e-13  3.42593e-22 -4.49897e-14 -8.27741e-23 -5.28636e-14 -3.46183e-23 -3.69813e-16  4.76264e-23  8.52259e-15 -2.22241e-23   1.7715e-15  1.86055e-24 -7.97827e-16  3.89718e-24  -4.1345e-16 -2.37984e-24 -8.01987e-18  5.05722e-25  4.21454e-17  3.30998e-26  1.17593e-17  6.53342e-27  -5.7791e-19 -3.75777e-26 -1.07392e-18  1.34839e-26 -2.42686e-19  9.30072e-28  3.10678e-21 -9.81097e-28  1.38935e-20 -1.99044e-28  3.27474e-21  1.10423e-28  2.14292e-22  1.47423e-29 -6.40126e-23 -5.94601e-30 -1.97577e-23 -7.67967e-31 -2.39276e-24 -2.82153e-31 -5.59973e-26  2.04341e-31  2.72921e-26 -1.15993e-32  4.70164e-27 -5.17366e-33  3.68419e-28  9.25987e-34  1.10808e-29 -6.00176e-35  -5.4543e-31 -1.11114e-36 -6.60073e-32  7.99648e-37 -2.46379e-33  4.40534e-39 -3.31825e-35 -1.29176e-39
  3.8686e-34 -4.66583e-20 -2.02039e-32  2.03323e-18  3.45414e-31  -4.6766e-17 -3.23143e-30  7.13964e-16  1.92931e-29 -7.99094e-15 -7.69537e-29  6.92962e-14  1.94953e-28 -4.82016e-13 -2.11221e-28  2.75241e-12 -5.42867e-28   -1.311e-11  3.83096e-27   5.2665e-11 -2.08118e-26 -1.79745e-10  1.43131e-25   5.2344e-10 -9.05722e-25 -1.30261e-09  4.58576e-24  2.76644e-09 -1.86881e-23 -4.99097e-09  6.30221e-23  7.58009e-09 -1.79957e-22 -9.53873e-09  4.42117e-22  9.66761e-09  -9.4431e-22  -7.4569e-09  1.76455e-21  3.77186e-09 -2.89421e-21  -4.5575e-10  4.17154e-21 -1.06605e-09 -5.28101e-21  8.61553e-10  5.86111e-21 -1.06075e-10  -5.6824e-21 -2.37551e-10  4.77693e-21  1.22874e-10 -3.41416e-21  3.55132e-11  1.94044e-21 -4.37536e-11 -6.17446e-22 -2.56765e-12 -4.20666e-22  1.17502e-11  1.10656e-21 -9.20172e-15 -1.39185e-21 -2.76257e-12  1.28179e-21 -9.56692e-14 -8.93881e-22  5.69465e-13  4.36384e-22  8.04968e-14 -9.77178e-23  -9.3101e-14 -5.28854e-23 -2.91966e-14  6.52979e-23  9.24186e-15 -2.92116e-23  6.22143e-15  2.12476e-24  1.55052e-16  4.97719e-24 -7.35923e-16 -2.82746e-24 -2.01744e-16  5.20977e-25  2.39182e-17  4.10556e-26  2.51184e-17  4.05971e-26  4.65831e-18 -6.09825e-26 -6.46657e-19  1.66754e-26 -4.79538e-19  2.74777e-27 -8.59521e-20 -1.45607e-27  2.87094e-21 -3.12433e-28  4.48849e-21  1.42327e-28  9.33966e-22  1.69669e-29   6.2579e-23 -4.59863e-30 -1.18461e-23  -8.7309e-31 -3.62611e-24 -5.06989e-31 -4.28969e-25  2.09492e-31  -1.8272e-26 -5.14238e-33  1.89176e-27 -4.54139e-33  3.65974e-28  6.64842e-34  2.69348e-29 -3.97775e-35  9.34016e-31  5.09593e-37  4.10454e-33  5.20429e-37 -6.51265e-34 -1.92254e-39 -1.09688e-35
  9.3462e-21  8.21477e-33 -7.23258e-19 -2.24842e-31   2.2045e-17  2.81114e-30 -4.09286e-16 -2.11228e-29  5.34609e-15  1.05087e-28 -5.28336e-14 -3.50441e-28  4.12545e-13  7.14886e-28 -2.61798e-12 -5.42867e-28  1.37642e-11 -5.03911e-28 -6.07608e-11 -4.79547e-27  2.27274e-10   3.1585e-26 -7.24544e-10  5.35343e-26  1.97455e-09 -1.46709e-24 -4.60133e-09  9.84871e-24  9.14429e-09 -4.38038e-23 -1.54003e-08  1.50959e-22  2.17291e-08 -4.28338e-22 -2.51763e-08  1.03131e-21  2.30872e-08  -2.1418e-21 -1.54671e-08  3.87111e-21  5.82757e-09 -6.11611e-21  1.06868e-09  8.46026e-21 -2.94221e-09  -1.0244e-20  1.42733e-09  1.08448e-20  2.72571e-10 -1.00224e-20 -5.86202e-10  8.07169e-21  1.17225e-10 -5.63714e-21  1.44281e-10  3.32783e-21 -6.31391e-11 -1.44744e-21 -3.02645e-11  2.53461e-23   1.8981e-11  9.66791e-22  6.71601e-12 -1.48354e-21 -4.33131e-12  1.48336e-21 -1.68384e-12  -1.0762e-21  7.39807e-13  5.30097e-22   4.1278e-13 -1.11024e-22 -7.06423e-14 -7.39841e-23 -8.13274e-14  8.45212e-23 -5.17268e-15 -3.62978e-23  1.05091e-14  2.03937e-24   3.1231e-15  6.25427e-24 -5.01533e-16  -3.3013e-24 -4.70574e-16   5.2734e-25 -7.28865e-17  4.09608e-26  2.29356e-17  8.60555e-26  1.19702e-17 -8.75243e-26  1.53165e-18  1.87648e-26  -3.5637e-19  5.23352e-27  -1.7615e-19 -1.92375e-27 -2.65947e-20 -4.58881e-28   9.3848e-22  1.69737e-28  1.14857e-21  1.77322e-29  2.18736e-22 -2.06164e-30  1.58198e-23   -7.987e-31 -1.39865e-24 -7.34581e-31 -4.81925e-25  1.91908e-31 -5.52355e-26  6.43607e-34 -2.89012e-27 -3.64776e-33  3.23325e-29   4.3003e-34  1.53025e-29 -1.92935e-35  9.88428e-31  1.44369e-36  2.75844e-32  2.69789e-37  2.47656e-34 -2.06854e-39
-1.98898e-33  1.97522e-19  1.13778e-31 -8.73492e-18 -2.03755e-30  2.04016e-16  1.97086e-29 -3.16493e-15 -1.21761e-28  3.60208e-14  5.07705e-28 -3.17885e-13 -1.39235e-27  2.25211e-12  2.09385e-27   -1.311e-11 -5.03911e-28  6.37218e-11  5.04026e-27 -2.61509e-10 -8.99833e-26  9.12939e-10  4.77445e-25 -2.72331e-09 -1.24384e-24  6.95379e-09  3.64392e-26 -1.51843e-08  1.60667e-23  2.82382e-08 -9.03091e-23 -4.43595e-08  3.30394e-22  5.80216e-08 -9.45383e-22 -6.16074e-08  2.24701e-21  5.05596e-08 -4.55647e-21 -2.84459e-08  7.98562e-21  6.15767e-09 -1.21689e-20  6.00851e-09  1.61573e-20 -6.37398e-09 -1.86901e-20  1.55353e-09  1.88173e-20  1.41787e-09 -1.64859e-20 -1.06943e-09   1.2609e-20 -1.00874e-10 -8.50092e-21  3.42801e-10   5.1107e-21 -3.37518e-11 -2.65594e-21 -8.80993e-11  8.71197e-22  1.46182e-11  4.78442e-22  2.09851e-11 -1.34379e-21 -2.79853e-12  1.57175e-21 -4.68133e-12 -1.21908e-21  8.96509e-14   6.1344e-22  8.93014e-13 -1.20795e-22  1.28054e-13 -9.70081e-23 -1.21891e-13   1.0433e-22 -4.44914e-14 -4.31586e-23  6.99922e-15  1.62735e-24  7.35365e-15  7.68349e-24  1.01954e-15 -3.80113e-24 -5.17257e-16  5.32592e-25 -2.34218e-16  3.28086e-26 -1.78141e-17  1.39759e-25  1.32858e-17 -1.15103e-25  4.73238e-18    1.921e-26  4.32926e-19  8.29448e-27 -1.38278e-19 -2.31939e-27 -5.34788e-20  -6.2829e-28 -7.18901e-21  1.87321e-28  1.48807e-22  1.63017e-29  2.26487e-22  1.46936e-30  4.05148e-23 -5.04102e-31  3.13507e-24 -9.17321e-31 -6.52878e-26  1.54937e-31 -4.24371e-26  4.14435e-33  -4.6638e-27 -2.74028e-33 -2.47641e-28  2.53941e-34 -4.11611e-30  -3.1436e-36  2.34037e-31  1.58457e-36  1.25324e-32  1.06149e-37  1.43566e-34
-3.59118e-20 -4.09961e-32  2.82051e-18  1.19834e-30 -8.73076e-17 -1.55802e-29  1.64728e-15  1.21001e-28 -2.18819e-14 -6.23877e-28   2.2009e-13  2.17533e-27 -1.75048e-12 -4.71088e-27  1.13249e-11  3.83096e-27 -6.07608e-11  5.04026e-27  2.74009e-10  4.38784e-26 -1.04829e-09 -5.52386e-25  3.42272e-09  2.70205e-24  -9.5683e-09 -7.99801e-24  2.29149e-08   1.2899e-23 -4.69083e-08  1.00863e-23  8.16154e-08 -1.55633e-22 -1.19445e-07  6.53846e-22  1.44416e-07 -1.93062e-21 -1.39633e-07  4.57529e-21  1.00917e-07 -9.10748e-21 -4.48013e-08   1.5526e-20 -6.70205e-10 -2.28579e-20  1.75762e-08  2.91448e-20  -1.1064e-08 -3.21787e-20 -1.75743e-10  3.07249e-20  3.81029e-09 -2.53719e-20 -1.34607e-09  1.82476e-20 -7.81402e-10 -1.17211e-20  5.69759e-10   7.0843e-21  1.27658e-10 -4.19503e-21 -1.64334e-10  2.18738e-21 -2.39782e-11 -4.69312e-22  3.91237e-11 -8.78266e-22    6.974e-12  1.48742e-21 -7.68772e-12 -1.29233e-21   -2.253e-12  6.74728e-22  1.09219e-12 -1.24931e-22  5.73972e-13  -1.2077e-22 -6.22601e-14  1.23684e-22 -9.77989e-14 -4.96208e-23 -1.41429e-14  1.04991e-24  8.67374e-15  9.17527e-24  3.80336e-15 -4.32416e-24  1.05996e-16  5.43338e-25 -3.23043e-16  2.00033e-26 -9.52461e-17  1.96808e-25 -1.64007e-18 -1.41442e-25  5.76071e-18  1.76778e-26  1.58117e-18  1.17402e-26  1.11512e-19 -2.58088e-27 -4.02936e-20 -8.03043e-28  -1.3285e-20  1.90259e-28 -1.66179e-21  1.22911e-29 -4.61362e-24  5.52239e-30  3.27526e-23 -1.51557e-33  5.62399e-24 -1.01252e-30  4.46231e-25  1.06668e-31  7.24952e-27  4.68732e-33 -2.10805e-27 -1.99295e-33  -2.2553e-28  1.40348e-34 -1.03849e-29  5.96463e-36 -2.01859e-31   1.1827e-36 -1.91277e-34  2.75795e-38
 8.37073e-33 -7.00468e-19 -5.43782e-31  3.14625e-17  1.02636e-29  -7.4688e-16 -1.02949e-28  1.17845e-14  6.58252e-28 -1.36518e-13 -2.85532e-27  1.22728e-12  8.21593e-27 -8.86504e-12 -1.26959e-26   5.2665e-11 -4.79547e-27 -2.61509e-10  4.38784e-26  1.09764e-09  2.35331e-25 -3.92423e-09 -2.53452e-24  1.20057e-08   1.1573e-23 -3.14949e-08 -3.45012e-23  7.08011e-08  6.85923e-23 -1.35905e-07 -5.92954e-23  2.21112e-07 -1.89562e-22 -3.00972e-07  1.14457e-21  3.35085e-07 -3.63041e-21 -2.92442e-07  8.70275e-21  1.81511e-07 -1.71254e-20 -5.51074e-08  2.85082e-20 -2.55677e-08 -4.06338e-20    3.908e-08  4.97898e-20 -1.44031e-08 -5.24383e-20 -6.29722e-09  4.73631e-20  7.46466e-09 -3.66436e-20 -5.27496e-10  2.44924e-20 -2.13687e-09 -1.47413e-20  5.79554e-10  8.87084e-21  5.10487e-10 -5.91562e-21 -1.93951e-10  3.98357e-21 -1.20538e-10 -1.94812e-21  4.36818e-11 -1.66635e-23  2.90214e-11   1.1822e-21 -6.33619e-12  -1.2689e-21 -6.42155e-12   7.0254e-22  1.44835e-13 -1.21596e-22  1.10429e-12 -1.43695e-22  2.01991e-13  1.41468e-22 -1.13434e-13 -5.56714e-23 -5.34762e-14  6.04601e-25  3.03594e-16  1.05953e-23  5.92115e-15 -4.86103e-24  1.53593e-15  5.62541e-25 -1.14248e-16  8.99508e-27 -1.52386e-16  2.51549e-25 -3.26015e-17 -1.64559e-25  8.62253e-19   1.4131e-26  1.97737e-18  1.53038e-26  4.49075e-19 -2.66103e-27  2.78002e-20 -9.60494e-28 -8.81502e-21  1.75588e-28 -2.63506e-21  5.79554e-30 -3.14538e-22  9.44413e-30 -8.15452e-24  6.42305e-31  3.18316e-24 -9.97633e-31  5.42909e-25  5.71831e-32  4.16985e-26  2.76475e-33  1.32253e-27 -1.46102e-33 -3.74062e-29  7.46805e-35 -4.88045e-30  8.28596e-36 -1.54136e-31  6.29135e-37  -1.3219e-33
  1.1596e-19  1.71314e-31  -9.2518e-18 -5.46006e-30  2.91118e-16  7.42616e-29 -5.58737e-15 -5.97732e-28  7.55569e-14   3.2001e-27 -7.74255e-13  -1.1694e-26  6.27926e-12  2.68923e-26 -4.14625e-11 -2.08118e-26  2.27274e-10 -8.99833e-26 -1.04829e-09  2.35331e-25  4.10694e-09  1.01846e-24 -1.37512e-08 -9.83456e-24  3.94852e-08  4.21135e-23 -9.73136e-08 -1.22681e-22  2.05478e-07  2.57656e-22 -3.69853e-07 -3.45566e-22  5.62203e-07  8.22832e-27 -7.10127e-07  1.68142e-21  7.24305e-07 -6.22618e-21 -5.63466e-07  1.54391e-20  2.87688e-07 -3.03207e-20 -3.40724e-08  4.95255e-20 -8.55173e-08 -6.85105e-20  7.04476e-08  8.07544e-20 -9.37722e-09 -8.11048e-20 -1.99011e-08  6.91474e-20  1.09023e-08 -4.98163e-20  2.88185e-09  3.04981e-20 -3.99023e-09 -1.67892e-20 -1.22227e-10  9.96686e-21  1.10391e-09 -7.58276e-21 -3.82812e-11  6.19771e-21 -2.69504e-10 -3.96847e-21  6.33188e-13  1.26716e-21  5.84887e-11  6.31659e-22   6.0974e-12 -1.13037e-21 -1.02652e-11  6.87624e-22 -2.78676e-12 -1.09751e-22  1.15236e-12 -1.63702e-22  6.66332e-13   1.5645e-22 -8.09647e-15 -6.14069e-23 -8.70831e-14   6.9015e-25 -2.11871e-14  1.17735e-23  3.63799e-15 -5.39377e-24  2.98655e-15  5.88665e-25  4.94174e-16  7.93912e-27 -9.34932e-17  2.98759e-25 -5.79276e-17 -1.83167e-25 -9.61893e-18  8.85388e-27  5.10415e-19  1.86795e-26  5.44509e-19 -2.53784e-27  1.07587e-19 -1.07739e-27  6.67811e-21  1.43349e-28  -1.3897e-21 -2.59446e-30 -4.00775e-22  1.25681e-29 -4.58708e-23   1.3203e-30 -1.94698e-24 -8.78874e-31  1.71963e-25  1.53602e-32  3.26212e-26 -3.11867e-34  2.26491e-27  -1.1026e-33  7.38057e-29  3.83281e-35  4.99119e-31  6.38407e-36 -2.46737e-32  2.14288e-37
-2.78804e-32   2.0942e-18  2.20825e-30 -9.56357e-17 -4.45163e-29  2.30982e-15    4.652e-28 -3.71077e-14 -3.08677e-27  4.38034e-13  1.39852e-26 -4.01603e-12 -4.27701e-26  2.96115e-11  7.30332e-26 -1.79745e-10   3.1585e-26  9.12939e-10 -5.52386e-25 -3.92423e-09  1.01846e-24  1.43867e-08  3.82146e-24 -4.52032e-08 -3.37234e-23     1.22e-07  1.35787e-22 -2.82756e-07 -3.82151e-22  5.61034e-07   8.0963e-22 -9.46716e-07 -1.24057e-21  1.34285e-06   9.4877e-22 -1.56921e-06  1.73956e-21  1.45612e-06 -9.55184e-21 -9.90939e-07  2.54601e-20  3.81997e-07 -5.05728e-20  6.82842e-08  8.15396e-20   -1.992e-07 -1.09779e-19  1.01413e-07  1.24615e-19  1.68415e-08 -1.19352e-19 -4.23329e-08   9.5904e-20  9.86549e-09 -6.39632e-20  1.04361e-08  3.52129e-20 -5.23011e-09 -1.70385e-20 -2.15459e-09  9.85435e-21  1.62113e-09 -8.92768e-21   4.7736e-10  8.70612e-21 -3.89651e-10 -6.46852e-21 -1.26282e-10  2.93998e-21  7.23972e-11 -1.54496e-22  3.38397e-11 -8.71826e-22 -8.40516e-12  6.24603e-22 -7.34212e-12  -8.9527e-23 -1.21382e-13 -1.78192e-22  1.05814e-12  1.67228e-22  2.66013e-13  -6.6935e-23 -6.49404e-14  1.74245e-24 -4.67523e-14  1.25243e-23 -5.79336e-15   -5.898e-24  2.71673e-15  6.16622e-25  1.20722e-15  2.49141e-26  1.27877e-16   3.3466e-25  -4.2943e-17 -1.96879e-25 -1.81901e-17  2.40951e-27 -2.49203e-18  2.15696e-26   1.4649e-19 -2.21968e-27  1.19202e-19 -1.13522e-27  2.12427e-20  9.70249e-29  1.41463e-21 -1.18727e-29  -1.4213e-22  1.43999e-29 -4.39751e-23  1.91105e-30 -4.77277e-24 -6.88859e-31 -2.38702e-25  -1.3486e-32  1.85114e-27 -3.09788e-33  1.00692e-27 -8.39418e-34  5.78127e-29  1.78688e-35  1.32418e-30  3.32618e-36  7.69126e-33
 -3.1611e-19 -5.92698e-31  2.56476e-17  2.13543e-29 -8.21266e-16 -3.06582e-28  1.60523e-14  2.56663e-27 -2.21239e-13 -1.43067e-26  2.31254e-12  5.51405e-26 -1.91478e-11 -1.38573e-25  1.29208e-10  1.43131e-25 -7.24544e-10  4.77445e-25  3.42272e-09 -2.53452e-24 -1.37512e-08  3.82146e-24  4.72844e-08  1.28128e-23 -1.39663e-07 -1.04347e-22  3.54756e-07  3.95775e-22 -7.73837e-07 -1.07079e-21  1.44318e-06  2.24581e-21  -2.2819e-06 -3.62847e-21   3.0151e-06  3.91309e-21 -3.24646e-06 -1.02335e-22  2.71423e-06 -1.25434e-20  -1.5678e-06  3.87874e-20  3.62986e-07 -7.94816e-20  3.29434e-07  1.27442e-19 -3.73015e-07 -1.67488e-19  1.02322e-07  1.83296e-19  8.09347e-08 -1.67464e-19 -6.86167e-08  1.26748e-19 -3.24346e-09 -7.78764e-20  2.21723e-08  3.76498e-20 -3.38275e-09 -1.48408e-20 -5.77914e-09  8.14798e-21  1.35375e-09 -9.72578e-21  1.41979e-09  1.13537e-20 -2.94706e-10 -9.31626e-21 -3.35351e-10  4.90203e-21  2.87961e-11 -1.12635e-21  6.94855e-11 -5.05004e-22  5.94356e-12  5.13023e-22 -1.06507e-11  -6.2223e-23 -3.15294e-12 -1.84225e-22  8.16301e-13  1.72214e-22  6.13267e-13 -7.22605e-23  5.77449e-14  4.15357e-24 -5.15885e-14   1.2676e-23 -1.95007e-14 -6.34936e-24 -7.51986e-16  6.39812e-25  1.31953e-15  6.63701e-26  4.05814e-16  3.57466e-25  2.71655e-17 -2.06169e-25 -1.42941e-17 -4.46513e-27 -4.74315e-18  2.37288e-26 -5.69727e-19  -1.7435e-27  2.50213e-20 -1.12485e-27  2.01792e-20  4.29728e-29  3.32114e-21 -2.07732e-29  2.36113e-22    1.475e-29  -6.5424e-24  2.30945e-30 -3.16843e-24 -4.74358e-31  -3.1996e-25 -2.83421e-32 -1.56111e-26 -4.64333e-33 -2.44074e-28 -6.12677e-34  1.00853e-29  6.55384e-36  4.09461e-31  1.08241e-36
 6.54384e-32 -5.29443e-18 -7.59198e-30  2.46109e-16  1.66975e-28 -6.05498e-15 -1.82938e-27  9.91661e-14  1.26294e-26 -1.19435e-12 -5.99133e-26  1.11822e-11  1.96362e-25  -8.4277e-11  -3.8987e-25   5.2344e-10  5.35343e-26 -2.72331e-09  2.70205e-24  1.20057e-08 -9.83456e-24 -4.52032e-08  1.28128e-23  1.46091e-07   3.8987e-23 -4.06294e-07 -2.94647e-22  9.72405e-07   1.0541e-21 -1.99764e-06 -2.73628e-21  3.50188e-06  5.63447e-21 -5.18396e-06 -9.30371e-21  6.36586e-06  1.14936e-20 -6.28154e-06 -6.97774e-21  4.66594e-06  -1.2346e-20 -2.16733e-06  5.39816e-20  3.23375e-08 -1.17706e-19  8.38684e-07  1.89425e-19 -5.74463e-07 -2.43732e-19  1.73883e-08  2.57374e-19  1.94577e-07 -2.24428e-19 -8.15773e-08  1.60101e-19 -3.74583e-08 -9.03596e-20  3.40765e-08  3.72026e-20  5.04609e-09 -9.94105e-21 -1.00501e-08  4.72665e-21 -7.30488e-10 -9.87769e-21  2.50688e-09  1.39956e-20  2.58803e-10 -1.23236e-20 -5.32073e-10  6.98986e-21 -1.12706e-10 -2.19404e-21  8.60589e-11 -5.86802e-23  3.49364e-11  3.57462e-22 -7.37656e-12 -2.98423e-23 -6.93186e-12 -1.78932e-22 -5.91977e-13  1.69703e-22  7.39862e-13 -7.71936e-23  2.60344e-13  8.19011e-24  -8.4141e-15  1.21067e-23 -2.68485e-14 -6.73213e-24 -6.60062e-15  6.51955e-25  2.13895e-16  1.36228e-25  4.90009e-16  3.67364e-25  1.15762e-16 -2.12091e-25  5.11087e-18 -1.10012e-26 -3.63139e-18  2.49957e-26 -1.01673e-18 -1.16678e-27 -1.12701e-19 -1.04899e-27  1.87027e-21 -1.10076e-29  2.51483e-21 -2.79925e-29  3.87964e-22  1.37614e-29   2.8077e-23  2.45354e-30  3.22473e-25 -2.79764e-31 -1.26876e-25 -3.16609e-32 -1.18239e-26 -4.75415e-33 -4.68742e-28 -4.05256e-34 -7.34446e-30  1.30029e-36 -7.20369e-33
