  0.00585053  9.84293e-20   -0.0187768 -1.30149e-18    0.0142221  2.32833e-18   0.00335399 -8.05823e-19  -0.00584534 -1.12533e-19  -0.00175689 -3.76085e-19   0.00158838  2.20495e-19  0.000842924  1.25111e-19 -0.000100888 -3.09941e-20 -0.000134143 -4.69361e-22 -1.79562e-05
 9.84293e-20     0.029096  8.46176e-19    -0.045687 -4.99571e-18    0.0142131  4.61689e-18    0.0162254 -5.67909e-20  -0.00594287 -4.36566e-19  -0.00643875 -9.75451e-19  0.000777535  2.37297e-19   0.00181882   1.9106e-19  0.000321623  1.54874e-21   -9.831e-05  1.99502e-21
  -0.0187768  8.46176e-19    0.0642102  3.01393e-18   -0.0573711 -9.57501e-18  -0.00347742  4.82751e-18    0.0250764  1.71375e-18   0.00101746 -2.90149e-19  -0.00900327 -1.39843e-18  -0.00174427  5.40062e-20   0.00183553  1.10482e-19  0.000747533  3.23239e-20  3.34642e-05
-1.30149e-18    -0.045687  3.01393e-18    0.0829457  5.70912e-18   -0.0433106 -1.13013e-17   -0.0219021  2.68076e-18    0.0230398  3.09454e-18   0.00846598   4.3279e-19  -0.00806616 -1.31734e-18  -0.00397352  -1.5069e-19  0.000996819 -1.51198e-20  0.000759555  3.27239e-20
   0.0142221 -4.99571e-18   -0.0573711  5.70912e-18     0.072657   6.7097e-18   -0.0225479 -9.38726e-18   -0.0287738 -3.38692e-19    0.0166174  3.31785e-18    0.0126378  1.10478e-18  -0.00563133 -8.35822e-19  -0.00518563 -2.41186e-19 -0.000172763 -4.48811e-20  0.000340948
 2.32833e-18    0.0142131 -9.57501e-18   -0.0433106   6.7097e-18    0.0530186  5.75868e-18   -0.0116916 -6.21255e-18   -0.0288645 -2.57919e-18    0.0114423  2.78377e-18    0.0146898  1.20424e-18  -0.00289765 -3.07683e-19  -0.00545093 -2.05155e-19    -0.001149  1.96037e-20
  0.00335399  4.61689e-18  -0.00347742 -1.13013e-17   -0.0225479  5.75868e-18    0.0422449  4.47834e-18  -0.00812083 -3.98527e-18   -0.0285403 -3.34641e-18   0.00749507  2.19093e-18    0.0158304  8.84083e-19 -1.15398e-05  2.24892e-20  -0.00462697 -1.37898e-19  -0.00115917
-8.05823e-19    0.0162254  4.82751e-18   -0.0219021 -9.38726e-18   -0.0116916  4.47834e-18    0.0387305  3.85415e-18  -0.00576169 -3.25433e-18   -0.0286341 -2.99675e-18   0.00388563  1.64039e-18    0.0162798  5.57436e-19   0.00308806   7.8404e-20  -0.00241162 -2.14118e-19
 -0.00584534 -5.67909e-20    0.0250764  2.68076e-18   -0.0287738 -6.21255e-18  -0.00812083  3.85415e-18    0.0367039  3.81026e-18   -0.0036122 -3.35424e-18   -0.0288032 -2.16921e-18  0.000312128  8.90747e-19    0.0160595  2.61517e-19   0.00624876 -2.65019e-19  9.29894e-05
-1.12533e-19  -0.00594287  1.71375e-18    0.0230398 -3.38692e-19   -0.0288645 -3.98527e-18  -0.00576169  3.81026e-18    0.0352927  3.82797e-18  -0.00185968 -3.28687e-18   -0.0291879 -1.30311e-18  -0.00346056 -1.44934e-20    0.0148233 -2.11719e-19    0.0075678 -6.25048e-19
 -0.00175689 -4.36566e-19   0.00101746  3.09454e-18    0.0166174 -2.57919e-18   -0.0285403 -3.25433e-18   -0.0036122  3.82797e-18     0.034795  3.45965e-18  -0.00023916 -2.32274e-18   -0.0297854 -4.78024e-19  -0.00785791 -5.13318e-19    0.0105726 -4.11602e-20   0.00455632
-3.76085e-19  -0.00643875 -2.90149e-19   0.00846598  3.31785e-18    0.0114423 -3.34641e-18   -0.0286341 -3.35424e-18  -0.00185968  3.45965e-18    0.0350639  2.44834e-18      0.00157 -5.48945e-19   -0.0305476  6.03141e-19   -0.0143929  7.28072e-19   0.00212197  1.29773e-18
  0.00158838 -9.75451e-19  -0.00900327   4.3279e-19    0.0126378  2.78377e-18   0.00749507 -2.99675e-18   -0.0288032 -3.28687e-18  -0.00023916  2.44834e-18    0.0361674  7.15227e-19   0.00383494  1.11951e-18   -0.0322578  2.69236e-18   -0.0225342  3.96924e-18  -0.00410323
 2.20495e-19  0.000777535 -1.39843e-18  -0.00806616  1.10478e-18    0.0146898  2.19093e-18   0.00388563 -2.16921e-18   -0.0291879 -2.32274e-18      0.00157  7.15227e-19    0.0383141  -1.4101e-18   0.00613036  2.17894e-18   -0.0330012  4.86719e-18   -0.0232916  4.88835e-18
 0.000842924  2.37297e-19  -0.00174427 -1.31734e-18  -0.00563133  1.20424e-18    0.0158304  1.64039e-18  0.000312128 -1.30311e-18   -0.0297854 -5.48945e-19   0.00383494  -1.4101e-18    0.0409623 -2.86286e-18    0.0106211  1.94207e-18   -0.0230496  2.34381e-18   -0.0111397
 1.25111e-19   0.00181882  5.40062e-20  -0.00397352 -8.35822e-19  -0.00289765  8.84083e-19    0.0162798  8.90747e-19  -0.00346056 -4.78024e-19   -0.0305476  1.11951e-18   0.00613036 -2.86286e-18    0.0462726 -4.20575e-18    0.0265913 -5.05373e-18 -5.04142e-05 -3.38735e-18
-0.000100888   1.9106e-19   0.00183553  -1.5069e-19  -0.00518563 -3.07683e-19 -1.15398e-05  5.57436e-19    0.0160595 -1.44934e-20  -0.00785791  6.03141e-19   -0.0322578  2.17894e-18    0.0106211 -4.20575e-18    0.0628145 -1.15724e-17    0.0524124 -1.97161e-17    0.0136567
-3.09941e-20  0.000321623  1.10482e-19  0.000996819 -2.41186e-19  -0.00545093  2.24892e-20   0.00308806  2.61517e-19    0.0148233 -5.13318e-19   -0.0143929  2.69236e-18   -0.0330012  1.94207e-18    0.0265913 -1.15724e-17    0.0875395 -2.91779e-17    0.0598326 -2.16473e-17
-0.000134143  1.54874e-21  0.000747533 -1.51198e-20 -0.000172763 -2.05155e-19  -0.00462697   7.8404e-20   0.00624876 -2.11719e-19    0.0105726  7.28072e-19   -0.0225342  4.86719e-18   -0.0230496 -5.05373e-18    0.0524124 -2.91779e-17    0.0894966  -4.0638e-17    0.0336261
-4.69361e-22   -9.831e-05  3.23239e-20  0.000759555 -4.48811e-20    -0.001149 -1.37898e-19  -0.00241162 -2.65019e-19    0.0075678 -4.11602e-20   0.00212197  3.96924e-18   -0.0232916  2.34381e-18 -5.04142e-05 -1.97161e-17    0.0598326  -4.0638e-17    0.0537262 -2.43611e-17
-1.79562e-05  1.99502e-21  3.34642e-05  3.27239e-20  0.000340948  1.96037e-20  -0.00115917 -2.14118e-19  9.29894e-05 -6.25048e-19   0.00455632  1.29773e-18  -0.00410323  4.88835e-18   -0.0111397 -3.38735e-18    0.0136567 -2.16473e-17    0.0336261 -2.43611e-17    0.0140977
