  7.2608e-26  -3.7372e-41 -4.24564e-24  3.21572e-39  9.68645e-23 -8.54384e-38 -1.33234e-21  1.33103e-36  1.27483e-20 -1.46385e-35 -9.11418e-20   1.2385e-34  5.07687e-19 -8.45351e-34 -2.26228e-18  4.79183e-33  8.20211e-18 -2.29887e-32 -2.44479e-17  9.45628e-32  6.02184e-17 -3.36528e-31 -1.22608e-16  1.04206e-30  2.05301e-16 -2.81393e-30 -2.79218e-16   6.6107e-30  3.00932e-16 -1.33786e-29 -2.44364e-16  2.27477e-29  1.31511e-16 -3.04223e-29 -2.39261e-17  2.48639e-29 -2.75065e-17  1.42948e-29  2.34926e-17 -1.12136e-28 -2.43697e-18  2.85974e-28 -6.10062e-18 -5.27752e-28   2.4608e-18  7.92536e-28  1.14656e-18 -1.00651e-27 -8.12756e-19  1.09756e-27 -2.17293e-19 -1.03311e-27  2.00682e-19   8.3929e-28   5.2742e-20 -5.86197e-28 -4.00342e-20  3.49722e-28  -1.4741e-20  -1.7702e-28  5.75495e-21  7.62287e-29  3.62775e-21 -2.92853e-29 -2.94103e-22  1.18051e-29 -6.46288e-22 -6.00513e-30 -1.06788e-22  3.41424e-30   6.4064e-23 -1.68089e-30  3.09093e-23  6.45599e-31  7.50004e-25 -2.36287e-31 -3.25265e-24  1.40451e-31 -1.02231e-24 -1.05203e-31  7.16272e-27  6.14645e-32  9.05709e-26 -2.58649e-32  2.62199e-26  8.67925e-33  1.24793e-27 -3.05743e-33 -1.31801e-27  1.31771e-33 -4.45141e-28 -5.51399e-34 -5.57823e-29  2.06876e-34  5.09964e-30 -8.85676e-35  3.50547e-30  4.33227e-35  6.86046e-31  -1.7643e-35  5.67617e-32  5.27535e-36 -4.69631e-33 -1.20534e-36 -2.14681e-33  2.03512e-37 -3.24132e-34  -1.4763e-38 -2.57091e-35 -2.30294e-39 -3.95706e-37  5.53792e-40  1.67473e-37 -3.96153e-41  2.24441e-38  2.38224e-42  1.53886e-39   -1.216e-42  5.54516e-41  3.23776e-43  7.20254e-43 -2.36964e-44 -2.13415e-44  2.07816e-46 -9.37479e-46  1.09173e-47
 -3.7372e-41  6.09114e-24  -1.7927e-39 -2.02494e-22  1.06907e-37  3.52054e-21 -2.27403e-36 -4.02182e-20  3.01088e-35  3.33096e-19 -2.91038e-34 -2.11112e-18  2.21212e-33  1.05835e-17 -1.37751e-32 -4.28685e-17  7.20538e-32  1.42201e-16 -3.21829e-31 -3.89313e-16  1.24172e-30  8.82237e-16 -4.17352e-30 -1.65152e-15   1.2292e-29   2.5335e-15 -3.18251e-29 -3.13165e-15   7.2416e-29  3.01752e-15  -1.4402e-28 -2.10824e-15  2.46662e-28  8.54745e-16 -3.51218e-28  6.71547e-17   3.7702e-28 -3.26983e-16  -1.8474e-28  1.51706e-16 -3.88928e-28  3.54513e-17  1.44211e-27 -5.67864e-17 -2.89518e-27   4.6499e-18  4.43501e-27  1.45101e-17 -5.59549e-27 -2.97049e-18  5.97037e-27 -3.39228e-18 -5.43643e-27  7.38309e-19  4.22592e-27  7.83591e-19 -2.78815e-27 -9.66379e-20  1.54357e-27 -1.68171e-19 -7.05446e-28 -6.28445e-21  2.63821e-28  2.89286e-20 -8.75135e-29  6.85535e-21  3.78549e-29 -3.02742e-21 -2.68712e-29 -1.73848e-21  1.95766e-29 -3.13557e-23 -1.11117e-29  2.13044e-22  4.81364e-30  6.33239e-23 -1.89613e-30 -4.98655e-24  9.81985e-31 -7.79621e-24 -6.25497e-31 -1.84887e-24  3.40422e-31  1.02449e-25 -1.40412e-31  1.70226e-25  4.67082e-32  4.27542e-26 -1.56042e-32  1.85489e-27  6.20485e-33 -1.81547e-27  -2.4895e-33 -5.84871e-28  9.27453e-34 -7.66621e-29 -4.03365e-34  2.36021e-30  1.97383e-34   3.0234e-30  -7.7904e-35  6.21378e-31  2.21196e-35  6.21619e-32  -4.7465e-36  3.12568e-34  7.20109e-37 -9.24508e-34 -3.06387e-38 -1.56142e-34 -1.10652e-38 -1.38589e-35  1.53532e-39 -6.10883e-37 -1.79296e-41  7.81825e-39 -5.95849e-42  3.13425e-39 -2.51783e-42  2.02561e-40  8.08793e-43  6.97757e-42 -4.91617e-44  1.04511e-43  2.59558e-46   1.0078e-46
-4.24564e-24  -1.7927e-39  2.51687e-22 -4.85593e-38 -5.82515e-21  2.19366e-36  8.13338e-20 -3.85758e-35 -7.90552e-19  4.41116e-34  5.74598e-18 -3.78402e-33  -3.2568e-17  2.60084e-32  1.47816e-16  -1.4846e-31 -5.46476e-16  7.19077e-31  1.66316e-15 -2.99749e-30 -4.18953e-15  1.08645e-29   8.7411e-15  -3.4512e-29 -1.50381e-14  9.66634e-29  2.10918e-14 -2.39672e-28 -2.35809e-14  5.26703e-28  2.00849e-14 -1.02302e-27 -1.16797e-14  1.73989e-27  2.88233e-15 -2.53582e-27  1.91821e-15  3.01048e-27 -2.09199e-15 -2.48665e-27  4.14697e-16  2.04098e-28  4.73614e-16  4.23841e-27 -2.66181e-16 -1.03787e-26 -7.13299e-17  1.67188e-26  8.26372e-17 -2.12077e-26  1.00732e-17  2.22522e-26 -2.05504e-17 -1.96199e-26 -2.47576e-18  1.45547e-26  4.39306e-18 -9.00226e-27  9.17792e-19  4.54516e-27   -7.497e-19 -1.79963e-27 -2.89364e-19  5.26277e-28  7.75067e-20  -1.2893e-28  6.38306e-20  8.30448e-29  2.78426e-21 -9.85596e-29 -8.48114e-21  8.50355e-29 -2.60016e-21 -5.12519e-29  3.38422e-22  2.30848e-29  3.94191e-22 -9.19336e-30   7.8712e-23  4.39933e-30 -1.49956e-23 -2.53918e-30 -1.14149e-23   1.3148e-30 -2.18063e-24 -5.32886e-31  1.88086e-25  1.73327e-31  1.97474e-25 -5.36528e-32  4.52928e-26  1.95113e-32  2.30702e-27  -7.5661e-33 -1.45944e-27  2.80446e-33   -4.705e-28  -1.2421e-33 -6.54221e-29  6.13667e-34 -1.23928e-30 -2.35835e-34  1.39316e-30  6.35824e-35   3.1338e-31 -1.27964e-35  3.50827e-32   1.7136e-36  1.61583e-33 -9.95474e-39 -1.44834e-34 -3.34009e-38 -3.43914e-35  2.43855e-39 -3.20082e-36  2.13874e-40 -1.67234e-37  -3.7621e-41 -3.80405e-39 -3.19815e-42  6.46172e-41  1.31257e-42  6.79805e-42   -6.234e-44  1.39192e-43  1.66976e-46
 3.21572e-39 -2.02494e-22 -4.85593e-38  6.82887e-21 -9.07338e-37 -1.20517e-19  3.26182e-35  1.39853e-18 -4.84224e-34  -1.1775e-17  4.83598e-33  7.59299e-17 -3.70806e-32 -3.87659e-16  2.31703e-31  1.60083e-15 -1.21761e-30 -5.42044e-15  5.48034e-30  1.51703e-14 -2.13803e-29 -3.52066e-14  7.29531e-29  6.76489e-14 -2.19356e-28 -1.06852e-13   5.8487e-28  1.36617e-13 -1.38941e-27 -1.37212e-13    2.948e-27  1.01574e-13 -5.58114e-27  -4.6227e-14  9.36989e-27  1.25998e-15 -1.37468e-26  1.47999e-14  1.70822e-26 -8.58615e-15 -1.66647e-26  -7.7787e-16  9.55229e-27  2.86265e-15   5.6468e-27 -5.64683e-16 -2.69204e-26 -6.76953e-16  4.84994e-26  2.41089e-16  -6.3038e-26  1.52197e-16  6.54636e-26 -6.13824e-17 -5.58896e-26 -3.62593e-17  3.93315e-26  1.08408e-17 -2.24587e-26  8.58155e-18  9.96412e-27 -9.01013e-19 -3.05787e-27 -1.71958e-18  4.03623e-28 -1.82186e-19  4.70826e-29  2.36913e-19  1.74169e-28  8.38389e-20 -3.42298e-28 -1.18892e-20  3.12244e-28 -1.41167e-20 -1.88729e-28 -2.50217e-21  8.47792e-29  8.54097e-22 -3.33207e-29  5.06302e-22   1.5118e-29   6.9938e-23 -8.17547e-30 -2.24383e-23   4.0792e-30 -1.20704e-23 -1.62366e-30 -1.97709e-24  5.09399e-31  1.85211e-25 -1.42606e-31  1.62825e-25  4.68487e-32  3.55417e-26 -1.77552e-32   2.3387e-27  6.54614e-33 -7.53073e-28 -2.96797e-33 -2.58846e-28  1.50237e-33 -3.81446e-29 -5.65493e-34 -2.06553e-30   1.4476e-34  3.38353e-31 -2.73029e-35  9.51972e-32  3.14555e-36  1.14457e-32  1.32114e-37  7.38441e-34 -7.56462e-38  8.33063e-36  1.91082e-39 -3.19618e-36   7.9845e-40 -3.31658e-37 -9.67681e-41 -1.64002e-38 -2.56578e-42 -4.31437e-40  1.55891e-42 -4.02355e-42 -5.24014e-44  1.60251e-44
 9.68645e-23  1.06907e-37 -5.82515e-21 -9.07338e-37  1.36853e-19 -1.27555e-35 -1.94097e-18  3.75712e-34  1.91779e-17 -4.76936e-33 -1.41813e-16  4.18839e-32  8.18497e-16 -2.88408e-31 -3.78673e-15  1.64522e-30   1.4287e-14 -7.99176e-30 -4.44345e-14   3.3554e-29  1.14572e-13  -1.2294e-28 -2.45182e-13  3.96139e-28  4.33785e-13  -1.1306e-27 -6.28011e-13  2.87719e-27  7.28919e-13 -6.56516e-27 -6.51351e-13  1.34799e-26  4.07934e-13 -2.49129e-26 -1.26078e-13  4.12608e-26 -4.80415e-14 -6.05531e-26  7.21165e-14  7.70101e-26 -2.13414e-14  -8.1091e-26  -1.3566e-14  6.26888e-26  1.07665e-14 -1.74192e-26  1.21834e-15 -4.73919e-26 -3.15407e-15  1.12475e-25  3.64539e-17 -1.54871e-25  7.82387e-16  1.60559e-25 -1.17817e-17 -1.32409e-25 -1.76405e-16  8.72157e-26 -1.21223e-17 -4.44144e-26  3.41157e-17  1.56312e-26  7.49078e-18 -1.99746e-27 -4.75854e-18 -1.57709e-27 -2.23766e-18  8.60626e-28  2.41468e-19  5.05809e-28  3.88318e-19 -1.13149e-27  6.81884e-20  1.00026e-27 -3.06833e-20 -5.85486e-28 -1.66875e-20   2.5622e-28 -1.52498e-21  -9.8339e-29  1.20518e-21  4.29907e-29   4.9661e-22 -2.22266e-29  4.86341e-23  1.07651e-29 -2.25907e-23 -4.19866e-30 -9.86315e-24  1.25388e-30 -1.47589e-24 -3.08097e-31  1.12292e-25  8.95242e-32  9.97529e-26 -3.37564e-32  2.13988e-26  1.23142e-32  1.77601e-27 -5.77735e-33 -2.35582e-28   3.0696e-33 -9.86759e-29 -1.14037e-33 -1.53639e-29  2.77188e-34 -1.17311e-30 -4.89872e-35  1.85953e-32  4.67265e-36  1.65292e-32  5.09275e-37  2.15411e-33 -1.38578e-37  1.52322e-34 -1.48495e-39  5.47762e-36  1.70356e-39 -2.66381e-38 -1.68679e-40 -1.22398e-38 -7.61538e-43 -5.29267e-40   1.3883e-42 -8.09583e-42 -2.67167e-44
-8.54384e-38  3.52054e-21  2.19366e-36 -1.20517e-19 -1.27555e-35  2.16046e-18 -1.41209e-34 -2.54849e-17  3.46192e-33  2.18288e-16 -3.77686e-32 -1.43325e-15   2.9205e-31  7.45802e-15 -1.80823e-30 -3.14242e-14  9.44145e-30  1.08706e-13 -4.25639e-29 -3.11289e-13  1.67511e-28  7.40526e-13  -5.7936e-28 -1.46194e-12  1.77193e-27  2.37987e-12 -4.82507e-27  -3.1502e-12  1.17827e-26  3.29999e-12 -2.59725e-26 -2.58669e-12  5.19145e-26  1.30731e-12 -9.41904e-26 -1.56357e-13  1.54507e-25 -3.42501e-13 -2.26815e-25   2.4952e-13  2.92524e-25 -8.20633e-15 -3.20882e-25 -7.35522e-14  2.79907e-25  2.40482e-14 -1.56784e-25  1.54985e-14   -2.453e-26 -8.82662e-15  2.05567e-25 -3.19814e-15 -3.21123e-25  2.27805e-15  3.36394e-25  7.78463e-16 -2.65775e-25 -4.59176e-16  1.58711e-25 -2.08096e-16  -6.5436e-26  6.33973e-17  1.05753e-26  4.92551e-17  8.92222e-27 -1.73502e-18 -8.74524e-27 -8.48744e-18  2.77397e-27  -1.7269e-18  1.89093e-27  7.83676e-19 -3.46266e-27  4.39334e-19  2.83605e-27  2.51939e-20 -1.57496e-27 -4.28995e-20  6.61853e-28 -1.52071e-20 -2.47121e-28 -3.95101e-22  1.05477e-28  1.21212e-21 -5.28191e-29  3.92257e-22  2.49236e-29  2.90724e-23 -9.49846e-30  -1.6718e-23  2.66558e-30 -6.41817e-24 -5.51014e-31  -9.2827e-25  1.35808e-31  3.76589e-26  -5.2735e-32  4.56439e-26  1.86843e-32  9.87957e-27 -9.28507e-33  9.74307e-28  5.40033e-33 -2.76484e-29 -2.00076e-33 -2.51163e-29  4.61859e-34 -4.18466e-30 -7.65295e-35 -3.70527e-31  5.68925e-36 -1.23903e-32  1.20912e-36  1.27415e-33 -2.13878e-37  2.15026e-34 -7.95084e-39  1.51717e-35   2.6467e-39  5.82568e-37 -2.24378e-40  9.97384e-39  1.21166e-42 -3.87333e-41  9.02871e-43 -2.12476e-42
-1.33234e-21 -2.27403e-36  8.13338e-20  3.26182e-35 -1.94097e-18 -1.41209e-34  2.79828e-17 -1.25916e-33 -2.81269e-16  2.57633e-32  2.11763e-15 -2.40032e-31 -1.24559e-14  1.61999e-30  5.87901e-14 -8.96432e-30 -2.26561e-13  4.28171e-29  7.20735e-13 -1.79965e-28 -1.90401e-12   6.6912e-28  4.18324e-12  -2.2053e-27 -7.61888e-12  6.46747e-27  1.13967e-11 -1.69851e-26 -1.37442e-11  4.02612e-26  1.28886e-11 -8.67886e-26 -8.67048e-12  1.71002e-25  3.20606e-12 -3.08153e-25  5.97136e-13  5.05275e-25 -1.48368e-12 -7.45447e-25  5.97116e-13  9.72355e-25  2.10377e-13 -1.09236e-24 -2.54216e-13  1.01044e-24  5.92355e-15 -6.92545e-25  6.97961e-14  2.12913e-25 -1.04479e-14  2.62254e-25 -1.70325e-14 -5.60845e-25  2.79826e-15  6.04701e-25  4.00586e-15 -4.47214e-25 -3.14468e-16  2.21237e-25 -8.61718e-16 -4.49967e-26 -6.38831e-17  -3.7379e-26  1.46879e-16  4.74157e-26   4.0496e-17 -2.70663e-26 -1.46542e-17  5.41599e-27 -9.65406e-18   6.8057e-27 -4.41345e-19 -9.63394e-27  1.13619e-18  7.18675e-27  3.73719e-19 -3.73913e-27 -1.75041e-20  1.49436e-27 -4.31457e-20 -5.43234e-28 -1.12408e-20  2.29289e-28  2.80362e-22 -1.12127e-28  9.41011e-22  5.16023e-29  2.57421e-22 -1.91673e-29  1.65804e-23  4.99237e-30  -9.3613e-24 -8.10986e-31 -3.35314e-24  1.53039e-31 -4.87684e-25 -6.67993e-32  -2.3576e-28  2.15889e-32  1.52248e-26 -1.20785e-32  3.42653e-27    8.338e-33  3.79039e-28 -3.12439e-33  1.04043e-29  6.85168e-34 -3.81166e-30 -1.06601e-34 -7.31643e-31  5.57128e-36 -6.88474e-32  2.21926e-36 -3.49267e-33 -2.84974e-37 -2.96441e-35   -1.563e-38  8.82539e-36  3.22387e-39  6.30743e-37 -2.38371e-40  1.94484e-38  2.22008e-42  2.36929e-40  3.80212e-43
 1.33103e-36 -4.02182e-20 -3.85758e-35  1.39853e-18  3.75712e-34 -2.54849e-17 -1.25916e-33  3.05816e-16 -9.06742e-33 -2.66691e-15   1.5204e-31  1.78442e-14 -1.16979e-30  -9.4718e-14   6.6199e-30  4.07571e-13 -3.16994e-29 -1.44175e-12   1.3677e-28  4.22833e-12  -5.4018e-28  -1.0321e-11  1.93759e-27   2.0956e-11 -6.25003e-27 -3.51947e-11  1.80852e-26   4.8277e-11  -4.7162e-26 -5.27841e-11  1.11746e-25  4.37905e-11 -2.42452e-25 -2.43766e-11  4.83619e-25  4.94714e-12 -8.85112e-25  5.00757e-12  1.47409e-24  -4.6978e-12 -2.20436e-24  6.93122e-13   2.9091e-24  1.19722e-12 -3.31366e-24 -5.84397e-13  3.15204e-24 -2.07137e-13 -2.34758e-24  1.95816e-13  1.12577e-24  3.41259e-14  6.34139e-26 -5.07971e-14 -7.94336e-25 -8.28411e-15  9.11778e-25   1.1117e-14 -5.87548e-25  2.76639e-15  1.54815e-25 -1.91046e-15    1.295e-25 -8.29826e-16 -2.03912e-25  1.89921e-16  1.48827e-25  1.80028e-16 -6.50048e-26  1.16884e-17  5.29908e-27 -2.35898e-17  2.13283e-26 -7.84159e-18 -2.42481e-26  8.19741e-19   1.6404e-26  1.15171e-18 -7.92513e-27  2.49268e-19  2.99039e-27 -3.92191e-20 -1.06371e-27 -3.40839e-20  4.49956e-28 -7.00512e-21  -2.1577e-28  4.19932e-22  9.67695e-29  5.83374e-22  -3.4983e-29   1.4248e-22  8.35874e-30   9.4423e-24 -9.38122e-31 -3.94904e-24  8.91139e-32 -1.39513e-24 -6.44679e-32 -2.08225e-25  1.39814e-32  -7.6709e-27 -1.15185e-32  3.46302e-27  1.14362e-32  8.59749e-28 -4.41782e-33  1.02144e-28  9.20644e-34  5.71301e-30 -1.34802e-34 -2.11333e-31  4.01973e-36 -7.38511e-32   3.3794e-36 -7.19579e-33 -3.32755e-37 -3.83978e-34 -2.12852e-38 -1.02357e-35  3.17258e-39 -1.07648e-39 -2.05293e-40   6.7595e-39  1.90502e-42  9.59475e-41
 1.27483e-20  3.01088e-35 -7.90552e-19 -4.84224e-34  1.91779e-17  3.46192e-33 -2.81269e-16 -9.06742e-33  2.87838e-15 -5.12354e-32 -2.20828e-14  6.51401e-31   1.3249e-13 -3.53819e-30 -6.38536e-13   1.2813e-29   2.5158e-12  -3.7205e-29 -8.19412e-12  1.14628e-28  2.22009e-11 -4.61678e-28   -5.013e-11  2.04558e-27  9.40863e-11 -8.19897e-27 -1.45565e-10  2.83068e-26  1.82567e-10 -8.49772e-26 -1.79731e-10   2.2596e-25  1.29602e-10 -5.39486e-25 -5.56908e-11  1.16277e-24 -2.15683e-12 -2.25715e-24  2.09192e-11  3.91495e-24 -1.10073e-11 -5.99942e-24 -1.72643e-12  8.01479e-24  4.05495e-12 -9.18133e-24 -6.37069e-13  8.80562e-24 -1.02365e-12 -6.76902e-24  3.20073e-13  3.74736e-24  2.39939e-13 -9.04568e-25 -8.61476e-14   -7.774e-25 -5.82665e-14  1.04664e-24   1.5513e-14 -4.07558e-25  1.39189e-14 -3.51986e-25 -1.17642e-15  7.15381e-25 -2.81523e-15 -6.43107e-25 -3.43316e-16  3.74685e-25  3.90438e-16 -1.30865e-25  1.46487e-16 -8.63235e-27 -1.86135e-17   5.8035e-26 -2.45798e-17 -5.53289e-26 -4.61896e-18  3.39436e-26  1.45485e-18 -1.51085e-26  9.11441e-19  5.34895e-27  1.33998e-19 -1.88027e-27 -3.86483e-20  8.08458e-28 -2.20353e-20 -3.80234e-28 -3.79791e-21  1.65834e-28  2.81955e-22 -5.83716e-29  2.92151e-22   1.2664e-29  6.65175e-23  -7.0318e-31    5.047e-24 -1.08556e-31 -1.20508e-24 -3.66966e-32 -4.51974e-25 -1.30606e-32 -6.96823e-26 -4.06448e-33 -4.44451e-27   1.4038e-32  4.41238e-28 -5.73543e-33  1.46649e-28   1.1358e-33  1.83127e-29 -1.56959e-34  1.25213e-30  1.30227e-36  2.83616e-32   4.4038e-36 -3.21342e-33 -3.43524e-37 -3.68223e-34 -2.22616e-38 -1.76759e-35  2.55084e-39 -4.19798e-37 -1.42194e-40 -3.63796e-39  8.95946e-43
-1.46385e-35  3.33096e-19  4.41116e-34  -1.1775e-17 -4.76936e-33  2.18288e-16  2.57633e-32 -2.66691e-15 -5.12354e-32  2.36989e-14 -2.00607e-31 -1.61733e-13  1.17544e-30  8.76539e-13    4.671e-30 -3.85556e-12 -8.40722e-29  1.39606e-11  5.47374e-28 -4.19759e-11 -2.38698e-27  1.05243e-10  7.91458e-27 -2.20011e-10 -2.08436e-26  3.81622e-10  4.35147e-26 -5.43029e-10 -6.65502e-26  6.20167e-10  4.39963e-26 -5.44402e-10   1.5151e-25  3.31688e-10 -7.85984e-25 -9.29783e-11  2.29124e-24 -4.92476e-11 -5.16925e-24  6.33119e-11  9.67816e-24  -1.6559e-11 -1.53549e-23 -1.33109e-11  2.07219e-23  9.55896e-12 -2.36577e-23  1.48442e-12  2.25194e-23  -2.9728e-12 -1.73394e-23 -4.37881e-14  1.00869e-23   7.6703e-13 -3.61727e-24  3.27881e-15  1.36342e-26 -1.78062e-13  4.81725e-25 -1.48494e-14  7.59997e-25  3.53181e-14 -1.98049e-24  8.22253e-15  2.22789e-24 -5.04243e-15  -1.6333e-24 -2.46039e-15  8.18393e-25  2.56498e-16 -2.25454e-25  4.35023e-16 -6.18598e-26  7.82293e-17  1.39305e-25 -3.50313e-17 -1.14997e-25 -1.93948e-17  6.40057e-26 -1.81762e-18 -2.60201e-26  1.41696e-18  8.58931e-27   5.9268e-19 -3.03306e-27  5.98927e-20  1.34493e-27 -2.66968e-20 -6.17944e-28 -1.18982e-20   2.6132e-28 -1.82876e-21 -8.98299e-29  1.18959e-22  1.75625e-29  1.17674e-22  1.32708e-31   2.5838e-23 -4.56614e-31  2.29233e-24  1.35339e-32 -2.34887e-25 -6.76413e-32 -1.09644e-25  1.37859e-32 -1.75231e-26  1.54747e-32 -1.41689e-27 -6.91574e-33 -1.07385e-30  1.30031e-33  1.50911e-29 -1.70053e-34  2.03648e-30 -1.78021e-36  1.44775e-31  4.98363e-36  5.46823e-33 -3.14982e-37   3.3072e-35 -1.82574e-38  -6.3303e-36  1.67702e-39  -2.4594e-37 -7.60626e-41 -2.46638e-39
-9.11418e-20 -2.91038e-34  5.74598e-18  4.83598e-33 -1.41813e-16 -3.77686e-32  2.11763e-15   1.5204e-31 -2.20828e-14 -2.00607e-31  1.72797e-13 -1.69571e-31 -1.05847e-12 -1.15955e-29  5.21413e-12  1.67423e-28 -2.10246e-11 -1.20945e-27  7.01851e-11  6.05832e-27 -1.95236e-10 -2.34808e-26  4.53583e-10  7.42022e-26  -8.7827e-10 -1.96449e-25  1.40697e-09  4.40365e-25 -1.83696e-09 -8.30418e-25  1.89948e-09  1.26998e-24 -1.46576e-09 -1.37862e-24  7.17636e-10  3.11695e-25 -5.84367e-11  3.27267e-24 -2.15098e-10 -1.08169e-23  1.46721e-10  2.28465e-23  2.56613e-13 -3.76841e-23 -4.67735e-11  5.10126e-23  1.41854e-11 -5.74032e-23  1.04238e-11  5.34596e-23 -5.63055e-12 -4.03646e-23 -2.22775e-12  2.35701e-23  1.52376e-12 -9.63291e-24  5.50556e-13  2.51593e-24 -3.19603e-13 -1.88889e-24 -1.49436e-13  4.29653e-24  4.60053e-14 -6.05329e-24   3.6288e-14  5.59078e-24 -1.43259e-15 -3.62301e-24 -6.46975e-15  1.60079e-24 -1.29935e-15 -3.28454e-25  6.25658e-16 -2.02381e-25  3.46103e-16   2.9957e-25  1.77896e-17  -2.1886e-25 -3.52359e-17  1.10433e-25 -1.23296e-17 -4.05403e-26 -2.52532e-19  1.23854e-26  1.01893e-18 -4.50835e-27  3.26463e-19  2.09019e-27   2.3595e-20  -9.3048e-28 -1.41582e-20   3.8025e-28 -5.40097e-21 -1.28454e-28 -7.83902e-22  2.25614e-29   2.8862e-23  1.70009e-30  3.73928e-23 -8.95109e-31  8.14025e-24  6.24204e-32  8.21734e-25 -1.53513e-31 -1.42892e-26  4.41573e-32 -1.86379e-26  1.53053e-32 -3.14363e-27 -7.81544e-33 -2.81807e-28  1.39177e-33 -1.07741e-29 -1.72455e-34  6.46806e-31 -4.21919e-36  1.22997e-31  4.92554e-36  8.43198e-33 -2.56993e-37   3.0644e-34 -1.14578e-38  5.11559e-36  8.95919e-40  8.46836e-39 -2.76171e-41
  1.2385e-34 -2.11112e-18 -3.78402e-33  7.59299e-17  4.18839e-32 -1.43325e-15 -2.40032e-31  1.78442e-14  6.51401e-31 -1.61733e-13 -1.69571e-31  1.12687e-12  5.75853e-30 -6.24196e-12 -1.62863e-28  2.80956e-11   1.5396e-27 -1.04245e-10 -9.22215e-27    3.217e-10  4.12376e-26 -8.29434e-10 -1.47885e-25  1.78736e-09  4.41877e-25 -3.20574e-09  -1.1234e-24  4.73726e-09  2.45295e-24 -5.65603e-09 -4.59358e-24  5.25328e-09  7.25412e-24 -3.48607e-09 -9.16328e-24   1.2337e-09  7.62012e-24  3.11934e-10  1.32854e-24 -6.43789e-10 -2.13666e-23  2.46695e-10  5.28866e-23  1.00908e-10 -8.99934e-23   -1.139e-10  1.20677e-22   9.7169e-13 -1.32152e-22  3.27569e-11  1.18796e-22  -4.7464e-12 -8.64781e-23 -8.26975e-12  4.92648e-23  1.38095e-12 -2.10273e-23   2.0061e-12  8.22245e-24 -1.73234e-13 -8.15597e-24 -4.47224e-13  1.27791e-23 -2.89698e-14 -1.48893e-23  7.97582e-14  1.22955e-23   2.1139e-14 -7.25352e-24 -8.54307e-15  2.84682e-24 -5.36328e-15 -3.79453e-25 -1.64504e-16 -5.06729e-25  6.71661e-16  5.84265e-25  2.11705e-16 -3.83298e-25 -1.40969e-17   1.7485e-25 -2.61674e-17 -5.70189e-26 -6.55334e-18  1.59562e-26  2.62806e-19 -6.23394e-27  5.84956e-19  3.05616e-27   1.5522e-19 -1.30175e-27  9.05875e-21  5.12205e-28 -5.90105e-21 -1.71725e-28 -2.05013e-21  2.71887e-29 -2.93395e-22  3.90649e-30   9.8905e-26 -1.26626e-30  9.02277e-24  6.35383e-32  2.00614e-24 -2.67161e-31  2.21158e-25  8.65268e-32   6.8317e-27  1.34915e-32  -1.9324e-27 -8.32759e-33 -3.73789e-28  1.39779e-33 -3.46044e-29 -1.63721e-34 -1.75391e-30 -5.25026e-36 -2.40662e-32  4.24839e-36   2.8755e-33 -1.86734e-37  1.98623e-34 -4.96647e-39  5.10402e-36   3.8218e-40  3.96622e-38
 5.07687e-19  2.21212e-33  -3.2568e-17 -3.70806e-32  8.18497e-16   2.9205e-31 -1.24559e-14 -1.16979e-30   1.3249e-13  1.17544e-30 -1.05847e-12  5.75853e-30  6.62648e-12  6.71694e-29 -3.34007e-11 -1.29658e-27  1.37987e-10  1.02485e-26 -4.72659e-10 -5.46776e-26  1.35153e-09  2.24501e-25 -3.23458e-09 -7.52559e-25  6.46942e-09  2.12602e-24 -1.07441e-08  -5.1502e-24  1.46185e-08  1.07814e-23 -1.58869e-08 -1.94904e-23  1.31034e-08  3.00601e-23 -7.20828e-09 -3.81354e-23  1.33276e-09  3.54611e-23  1.65039e-09 -1.13477e-23  -1.4902e-09 -4.22106e-23  2.01811e-10  1.22535e-22  4.01948e-10 -2.10595e-22 -1.94729e-10  2.75306e-22 -7.18901e-11 -2.89611e-22  6.86046e-11  2.48172e-22  1.18112e-11 -1.71644e-22 -1.85483e-11  9.33925e-23 -2.84034e-12 -3.99483e-23  4.24259e-12  1.93287e-23  9.89568e-13 -2.19714e-23  -7.7202e-13  3.05926e-23 -3.15825e-13 -3.21757e-23  8.55378e-14  2.45043e-23  7.30928e-14 -1.33247e-23  3.03439e-15  4.63824e-24 -1.03345e-14 -2.59266e-25 -3.18477e-15 -1.07875e-24  4.56142e-16  1.04331e-24  5.13959e-16 -6.20458e-25  1.02061e-16  2.54491e-25 -2.09432e-17  -7.1848e-26 -1.56524e-17  1.81077e-26 -3.00204e-18 -8.09881e-27  2.61483e-19  4.22633e-27  2.76063e-19 -1.69423e-27  6.42259e-20  6.39168e-28  3.67359e-21 -2.15546e-28 -1.91835e-21  3.11045e-29 -6.39943e-22  6.39472e-30 -9.25011e-23  -1.3347e-30 -3.12211e-24 -4.24401e-32  1.53646e-24 -3.96987e-31  3.68337e-25  1.37064e-31  4.27252e-26   1.0433e-32  2.37945e-27 -8.38641e-33 -6.85549e-29  1.31655e-33  -2.5937e-29 -1.44505e-34 -2.42649e-30 -4.68165e-36  -1.2229e-31  3.17667e-36 -3.11171e-33 -1.21028e-37 -1.18851e-35  -8.7135e-40  9.46659e-37  1.20038e-40
-8.45351e-34  1.05835e-17  2.60084e-32 -3.87659e-16 -2.88408e-31  7.45802e-15  1.61999e-30  -9.4718e-14 -3.53819e-30  8.76539e-13 -1.15955e-29 -6.24196e-12  6.71694e-29  3.53773e-11  5.07115e-28 -1.63133e-10 -8.09814e-27   6.2098e-10  5.66289e-26 -1.96927e-09 -2.75678e-25   5.2278e-09  1.05146e-24 -1.16274e-08 -3.31169e-24  2.15914e-08  8.85557e-24 -3.31753e-08 -2.04023e-23  4.14499e-08  4.07524e-23 -4.07391e-08 -7.05043e-23  2.93346e-08  1.04516e-22 -1.24767e-08 -1.28632e-22 -7.89434e-10   1.1955e-22  5.07934e-09 -5.13282e-23 -2.66122e-09 -8.96198e-23 -4.45198e-10  2.85982e-22  1.03053e-09 -4.82353e-22 -1.69733e-10  6.05021e-22 -2.67999e-10 -6.04287e-22   8.9625e-11  4.88091e-22  6.41775e-11 -3.16429e-22 -2.54858e-11  1.61388e-22 -1.60391e-11 -6.75957e-23  4.98234e-12  3.88818e-23  4.01224e-12 -4.92476e-23 -4.91241e-13  6.45401e-23 -8.63999e-13 -6.32068e-23 -7.85754e-14   4.5001e-23  1.30641e-13 -2.26744e-23  4.39599e-14  6.94783e-24 -8.03929e-15  2.17805e-25 -8.23647e-15 -2.03611e-24 -1.32208e-15  1.71841e-24  5.72879e-16 -9.31863e-25  3.12385e-16  3.40604e-25  3.88243e-17 -7.96697e-26 -1.57286e-17  1.74825e-26 -7.83411e-18 -9.98801e-27 -1.22064e-18  5.54817e-27  1.38494e-19 -2.05191e-27   1.0794e-19  7.37895e-28  2.30346e-20   -2.544e-28  1.50217e-21  3.40391e-29 -4.68781e-22  8.61977e-30 -1.59655e-22 -8.54644e-31 -2.34979e-23 -3.07255e-31 -1.39916e-24 -5.25248e-31  1.53544e-25  1.88962e-31  4.69541e-26  6.85532e-33  5.60503e-27 -7.97132e-33   3.6818e-28  1.15748e-33   8.4613e-30 -1.16791e-34   -7.548e-31 -2.92864e-36 -8.16981e-32  2.03137e-36 -3.47163e-33 -7.01756e-38 -6.73886e-35  6.02892e-40 -3.69876e-37
-2.26228e-18 -1.37751e-32  1.47816e-16  2.31703e-31 -3.78673e-15 -1.80823e-30  5.87901e-14   6.6199e-30 -6.38536e-13    4.671e-30  5.21413e-12 -1.62863e-28 -3.34007e-11  5.07115e-28  1.72471e-10  3.08352e-27 -7.30925e-10 -4.30793e-26  2.57232e-09  2.72855e-25 -7.57062e-09 -1.22673e-24  1.86895e-08  4.37529e-24 -3.86637e-08 -1.29933e-23  6.66545e-08   3.2934e-23  -9.4623e-08 -7.21511e-23   1.0816e-07   1.3729e-22 -9.52729e-08 -2.26532e-22  5.82942e-08  3.20658e-22  -1.6205e-08 -3.77603e-22 -9.28823e-09  3.37653e-22  1.18938e-08 -1.45481e-22 -3.19793e-09 -2.11513e-22 -2.56378e-09  6.66393e-22  1.92773e-09 -1.07402e-21  2.65518e-10  1.27598e-21 -6.19577e-10 -1.19852e-21  7.32854e-12    9.033e-22  1.65347e-10 -5.41474e-22 -4.95525e-12  2.53735e-22 -4.01234e-11  -1.0254e-22 -1.81536e-12  7.09004e-23  8.47644e-12 -9.87863e-23  1.61933e-12  1.24174e-22 -1.33601e-12 -1.14768e-22 -5.64795e-13  7.68896e-23  9.51982e-14 -3.59644e-23  1.11893e-13  9.57652e-24  1.58334e-14  1.28847e-24 -1.05949e-14 -3.48285e-24 -5.01596e-15  2.62634e-24 -2.87956e-16 -1.30276e-24  4.31669e-16   4.1853e-25  1.58271e-16 -7.44602e-26  1.14784e-17  1.29818e-26 -8.60881e-18 -1.18095e-26 -3.34155e-18  6.93099e-27 -4.51611e-19 -2.31276e-27  5.03074e-20   7.8472e-28  3.47291e-20 -2.81517e-28  7.03934e-21  3.55607e-29  5.46432e-22  1.00298e-29 -7.83915e-23  3.34714e-31 -3.05038e-23 -7.50883e-31 -4.57613e-24 -6.32314e-31 -3.46286e-25  2.33821e-31  1.53308e-27  3.59898e-33  3.67396e-27 -7.11724e-33  4.59548e-28  9.41832e-34  3.04292e-29 -8.41466e-35  1.06605e-30 -7.64966e-37  7.18319e-33  1.08455e-36 -8.39008e-34 -3.63549e-38  -2.4449e-35  5.22127e-40
 4.79183e-33 -4.28685e-17  -1.4846e-31  1.60083e-15  1.64522e-30 -3.14242e-14 -8.96432e-30  4.07571e-13   1.2813e-29 -3.85556e-12  1.67423e-28  2.80956e-11 -1.29658e-27 -1.63133e-10  3.08352e-27  7.71646e-10  1.61263e-26 -3.01748e-09 -2.02164e-25  9.84676e-09  1.17479e-24 -2.69522e-08 -4.91441e-24  6.19582e-08  1.64657e-23 -1.19286e-07 -4.62323e-23  1.90828e-07  1.11242e-22  -2.4978e-07 -2.31853e-22  2.59878e-07  4.20104e-22 -2.02476e-07 -6.60166e-22  1.00416e-07  8.89456e-22 -8.25308e-09 -9.95031e-22 -3.13846e-08  8.39312e-22  2.21161e-08 -3.21948e-22 -3.14817e-10  -5.3436e-22 -7.20992e-09  1.52431e-21  2.42682e-09 -2.30484e-21  1.60395e-09  2.57077e-21 -9.86915e-10 -2.25422e-21 -3.37046e-10  1.57032e-21  2.79239e-10 -8.56913e-22  8.46589e-11  3.59247e-22 -6.27594e-11 -1.38536e-22  -2.4672e-11  1.20347e-22  1.02702e-11 -1.82442e-22  6.58977e-12   2.2143e-22 -6.88826e-13 -1.94422e-22 -1.30959e-12  1.22992e-22 -1.97041e-13 -5.34144e-23  1.49821e-13  1.21273e-23  6.85407e-14  3.19461e-24 -1.36258e-16 -5.47282e-24 -8.27094e-15  3.74328e-24 -2.46436e-15 -1.69985e-24  7.90609e-17  4.70137e-25  2.47543e-16 -5.13848e-26  6.88429e-17   4.2198e-27  2.60238e-18 -1.34876e-26 -3.71582e-18   8.2543e-27  -1.2213e-18 -2.43009e-27 -1.53285e-19  7.61744e-28   1.2523e-20 -2.89176e-28  9.01115e-21  3.48432e-29  1.78027e-21  1.02774e-29  1.60066e-22  2.22377e-30 -6.32661e-24 -1.34444e-30 -4.17895e-24 -7.01782e-31 -6.44416e-25  2.63762e-31  -5.3625e-26   1.3847e-33 -1.81207e-27 -5.92431e-33  1.25417e-28  7.00616e-34  2.03423e-29  -5.1413e-35  1.24017e-30  1.04442e-36  3.89455e-32  4.62927e-37  5.23734e-34 -1.63495e-38  6.82467e-37
 8.20211e-18  7.20538e-32 -5.46476e-16 -1.21761e-30   1.4287e-14  9.44145e-30 -2.26561e-13 -3.16994e-29   2.5158e-12 -8.40722e-29 -2.10246e-11   1.5396e-27  1.37987e-10 -8.09814e-27 -7.30925e-10  1.61263e-26  3.18202e-09  7.47532e-26 -1.15216e-08 -8.53054e-25  3.49525e-08  4.58574e-24 -8.91375e-08 -1.79434e-23  1.91017e-07   5.6676e-23 -3.42334e-07  -1.5081e-22  5.07728e-07   3.4497e-22 -6.11006e-07 -6.84537e-22  5.74528e-07  1.18128e-21   -3.881e-07 -1.76694e-21  1.41578e-07  2.26211e-21  3.41132e-08 -2.39347e-21 -7.58334e-08  1.87852e-21  3.12138e-08 -5.74693e-22  1.13497e-08 -1.35327e-21 -1.45774e-08  3.36647e-21  7.13345e-10 -4.73074e-21  4.25108e-09  4.92825e-21 -8.49766e-10 -4.01129e-21 -1.09471e-09  2.55745e-21  2.59751e-10 -1.24464e-21  2.76773e-10   4.4656e-22 -4.40785e-11 -1.62303e-22 -6.62061e-11  1.92701e-22  5.02065e-14 -3.14266e-22  1.30824e-11  3.69149e-22  2.60175e-12 -3.09061e-22 -1.67947e-12  1.85004e-22 -8.30847e-13 -7.45678e-23  3.26842e-14  1.40489e-23  1.23891e-13  6.11264e-24  3.15942e-14 -7.97565e-24 -5.07458e-15  4.99658e-24 -4.90089e-15 -2.07437e-24 -1.00648e-15  4.78431e-25  1.20459e-16  -8.8961e-27  1.15668e-16 -8.18997e-27  2.62368e-17 -1.49132e-26  5.08932e-19  9.39008e-27 -1.29161e-18 -2.39756e-27  -3.8015e-19   6.6261e-28 -4.68406e-20 -2.69524e-28  1.73877e-21  3.06817e-29  1.81903e-21  9.36469e-30  3.58028e-22   4.5974e-30  3.54686e-23 -2.00925e-30  6.29041e-25 -7.24764e-31 -3.63631e-25  2.73621e-31 -6.06755e-26  6.22016e-34 -5.10846e-27 -4.55082e-33 -2.32792e-28  4.68245e-34 -2.39409e-30 -2.35508e-35  3.43002e-31  2.03504e-36   1.8893e-32  1.44311e-37  3.46603e-34 -5.60188e-39
-2.29887e-32  1.42201e-16  7.19077e-31 -5.42044e-15 -7.99176e-30  1.08706e-13  4.28171e-29 -1.44175e-12  -3.7205e-29  1.39606e-11 -1.20945e-27 -1.04245e-10  1.02485e-26   6.2098e-10 -4.30793e-26 -3.01748e-09  7.47532e-26  1.21397e-08  3.12401e-25 -4.08265e-08 -3.27546e-24    1.154e-07  1.63848e-23 -2.74622e-07 -6.02132e-23  5.49034e-07  1.79819e-22 -9.15841e-07 -4.54398e-22  1.25747e-06  9.89519e-22 -1.38576e-06 -1.87108e-21  1.16585e-06  3.07642e-21 -6.60907e-07  -4.3797e-21  1.34288e-07  5.32291e-21  1.49787e-07 -5.31009e-21 -1.46108e-07  3.83208e-21  2.51526e-08  -7.7895e-22  3.88269e-08 -3.27992e-21 -2.17744e-08  7.09361e-21 -6.33333e-09 -9.23666e-21  7.76867e-09  8.96345e-21  8.07917e-10 -6.73962e-21 -2.17538e-09  3.88778e-21 -1.75863e-10 -1.63541e-21   5.2932e-10  4.56209e-22  8.18692e-11  -1.5203e-22 -1.06788e-10  2.92771e-22 -3.31417e-11 -5.08116e-22  1.46907e-11  5.78245e-22  9.10733e-12 -4.62806e-22 -3.68276e-13    2.626e-22 -1.52944e-12 -9.82055e-23 -3.58545e-13  1.47617e-23  1.04713e-13  1.00789e-23  7.51098e-14 -1.08595e-23  1.07084e-14  6.26904e-24  -4.4814e-15 -2.37058e-24 -2.37647e-15  4.33052e-25 -3.50949e-16  4.97257e-26  7.26527e-17 -2.26819e-26  4.52213e-17 -1.58687e-26  8.86251e-18  1.02369e-26  1.50278e-19 -2.26773e-27 -3.59682e-19  4.95906e-28 -9.90067e-20 -2.16283e-28  -1.2353e-20  2.19015e-29 -8.04936e-23  7.65693e-30  2.68751e-22  7.07336e-30  5.43808e-23 -2.63448e-30   5.6508e-24 -7.01887e-31  2.61135e-25  2.62447e-31 -1.38561e-26    1.309e-33  -3.3654e-27 -3.18182e-33 -2.73974e-28  2.73552e-34 -1.20307e-29 -4.06162e-36 -2.54263e-31  2.14829e-36 -5.00503e-34   2.5035e-38  3.98141e-35
-2.44479e-17 -3.21829e-31  1.66316e-15  5.48034e-30 -4.44345e-14 -4.25639e-29  7.20735e-13   1.3677e-28 -8.19412e-12  5.47374e-28  7.01851e-11 -9.22215e-27 -4.72659e-10  5.66289e-26  2.57232e-09 -2.02164e-25 -1.15216e-08  3.12401e-25  4.29918e-08  1.18991e-24 -1.34655e-07 -1.15386e-23  3.55339e-07  5.39538e-23 -7.90103e-07 -1.86844e-22  1.47444e-06  5.28907e-22 -2.28813e-06 -1.27166e-21  2.90225e-06   2.6399e-21 -2.91298e-06 -4.76114e-21  2.16063e-06  7.46288e-21 -9.68367e-07 -1.01138e-20 -2.61801e-08  1.16628e-20  3.87603e-07 -1.09422e-20 -2.25531e-07  7.17302e-21 -2.36887e-08 -5.35444e-22  8.61006e-08 -7.44766e-21 -1.99119e-08  1.41629e-20 -2.19704e-08 -1.71002e-20  9.70931e-09  1.54403e-20  5.18466e-09 -1.06746e-20 -2.88345e-09  5.48825e-21 -1.33696e-09 -1.88738e-21  6.34895e-10  2.97159e-22  3.65837e-10 -7.74096e-23 -8.99967e-11  4.22481e-22 -8.93092e-11 -7.73582e-22 -1.04219e-13  8.53769e-22   1.5922e-11  -6.5468e-22  3.86829e-12  3.52795e-22 -1.44886e-12 -1.22492e-22 -9.51857e-13  1.38394e-23 -8.40722e-14  1.49418e-23  8.96324e-14 -1.39014e-23  3.64641e-14  7.41634e-24  2.25696e-15 -2.53754e-24 -2.59186e-15  3.34695e-25 -9.77171e-16  1.16139e-25 -1.08393e-16 -3.71589e-26  3.04643e-17 -1.59692e-26  1.48993e-17   1.0755e-26  2.65029e-18 -2.15302e-27  7.29198e-20  2.84776e-28 -7.81541e-20 -1.27253e-28 -2.09496e-20  8.04626e-30 -2.66548e-21  5.75992e-30 -1.06011e-22   9.2074e-30  2.57135e-23 -3.10749e-30  5.81665e-24 -6.42402e-31   6.0991e-25  2.33693e-31  3.48535e-26  3.04796e-33  5.01906e-28 -1.98286e-33 -8.26886e-29  1.32399e-34 -6.82311e-30  6.14921e-36 -2.30821e-31  1.65109e-36 -3.14317e-33 -1.27033e-39
 9.45628e-32 -3.89313e-16 -2.99749e-30  1.51703e-14   3.3554e-29 -3.11289e-13 -1.79965e-28  4.22833e-12  1.14628e-28 -4.19759e-11  6.05832e-27    3.217e-10 -5.46776e-26 -1.96927e-09  2.72855e-25  9.84676e-09 -8.53054e-25 -4.08265e-08  1.18991e-24  1.41748e-07  4.16235e-24 -4.14486e-07 -3.75163e-23  1.02292e-06  1.64579e-22  -2.1274e-06 -5.38628e-22  3.70663e-06  1.44857e-21 -5.34646e-06 -3.31964e-21  6.24618e-06  6.57828e-21 -5.66678e-06 -1.13268e-20  3.62239e-06  1.69369e-20 -1.12342e-06 -2.18574e-20 -5.16921e-07  2.39087e-20  7.78876e-07 -2.10501e-20 -2.55417e-07  1.23613e-20  -1.5375e-07  1.06182e-21  1.44083e-07 -1.57402e-20  7.33371e-09  2.67085e-20 -4.61439e-08 -2.99747e-20  4.75309e-09  2.51709e-20  1.25657e-08 -1.59167e-20 -1.66734e-09  7.13801e-21 -3.22298e-09 -1.77708e-21   1.9022e-10   -1.479e-22  7.51723e-10  9.81712e-23  6.70332e-11   5.7776e-22 -1.39058e-10 -1.11081e-21 -4.10088e-11  1.19067e-21  1.49733e-11 -8.76703e-22  1.04285e-11  4.49856e-22  5.33718e-13 -1.45365e-22 -1.30152e-12  1.11847e-23 -4.50029e-13  2.03654e-23  1.66589e-14 -1.68253e-23  5.30393e-14  8.29331e-24  1.47829e-14  -2.5406e-24 -4.13823e-17  1.96621e-25 -1.16215e-15  1.78344e-25  -3.4733e-16 -4.96621e-26 -3.12376e-17 -1.46658e-26   9.6795e-18  1.09855e-26  4.11013e-18 -2.20185e-27  6.89753e-19  6.24962e-29  3.10947e-20 -6.83133e-30 -1.25294e-20 -1.00108e-29 -3.45225e-21  4.31541e-30 -4.44469e-22  1.06287e-29 -2.68484e-23 -3.34519e-30   1.0334e-24 -5.60703e-31  3.92427e-25  1.93992e-31  4.08884e-26  5.17589e-33  2.33024e-27 -1.06021e-33  6.66555e-29  4.55969e-35  5.18521e-32  8.77279e-36 -4.81894e-32  9.44152e-37 -7.42501e-34
 6.02184e-17  1.24172e-30 -4.18953e-15 -2.13803e-29  1.14572e-13  1.67511e-28 -1.90401e-12  -5.4018e-28  2.22009e-11 -2.38698e-27 -1.95236e-10  4.12376e-26  1.35153e-09 -2.75678e-25 -7.57062e-09  1.17479e-24  3.49525e-08 -3.27546e-24 -1.34655e-07  4.16235e-24  4.36269e-07  1.34467e-23 -1.19356e-06 -1.13095e-22  2.75897e-06  4.66903e-22 -5.37121e-06  -1.4478e-21   8.7369e-06  3.70707e-21 -1.16966e-05 -8.11117e-21  1.25355e-05   1.5363e-20 -1.01697e-05 -2.52796e-20  5.39333e-06  3.60863e-20 -7.16623e-07 -4.43674e-20 -1.56581e-06  4.60318e-20  1.27947e-06 -3.79547e-20 -1.16134e-07  1.96247e-20  -3.9628e-07  5.69968e-21  1.77165e-07 -3.09636e-20  7.97493e-08   4.7533e-20 -6.99355e-08 -4.97361e-20 -1.43841e-08  3.88313e-20  2.04868e-08 -2.23157e-20  3.53961e-09  8.43981e-21 -5.01916e-09 -1.01522e-21 -1.24548e-09  -1.0057e-21  9.74373e-10  4.13111e-22  4.14383e-10  7.45391e-22 -1.14837e-10 -1.50568e-21 -1.01154e-10  1.57057e-21 -4.36138e-12 -1.11321e-21  1.50142e-11  5.45957e-22  4.76933e-12 -1.65061e-22 -6.65511e-13  7.12118e-24 -7.92039e-13  2.58922e-23  -1.6597e-13 -1.93552e-23  3.03656e-14  8.78143e-24  2.48777e-14 -2.36907e-24  5.15457e-15   4.2452e-26 -2.79889e-16  2.23433e-25 -4.24464e-16 -5.90401e-26 -1.07549e-16 -1.13409e-26 -8.78349e-18   1.1039e-26   2.3425e-18 -2.55236e-27  9.31408e-19 -1.34896e-28  1.51243e-19  1.32784e-28  9.53079e-21 -2.99388e-29 -1.30348e-21  3.79544e-30 -4.17119e-22  1.11534e-29 -5.37788e-23 -3.31492e-30 -3.75845e-24   -4.716e-31 -7.15384e-26  1.50985e-31  1.31675e-26  6.97473e-33  1.46815e-27 -4.44805e-34  7.25793e-29   2.5938e-36  1.78208e-30  6.97569e-36  1.56727e-32  3.59343e-37
-3.36528e-31  8.82237e-16  1.08645e-29 -3.52066e-14  -1.2294e-28  7.40526e-13   6.6912e-28  -1.0321e-11 -4.61678e-28  1.05243e-10 -2.34808e-26 -8.29434e-10  2.24501e-25   5.2278e-09 -1.22673e-24 -2.69522e-08  4.58574e-24    1.154e-07 -1.15386e-23 -4.14486e-07  1.34467e-23  1.25641e-06  4.02909e-23 -3.22229e-06 -3.17228e-22  6.98559e-06  1.23578e-21 -1.27379e-05 -3.63928e-21  1.93359e-05  8.88975e-21 -2.39764e-05 -1.86019e-20  2.34414e-05  3.37196e-20 -1.67378e-05 -5.30786e-20  6.84988e-06  7.23911e-20  9.38352e-07  -8.4842e-20 -3.35604e-06  8.34987e-20  1.68646e-06 -6.43515e-20   3.6735e-07  2.86421e-20 -7.36498e-07  1.60683e-20  1.14433e-07 -5.68381e-20  2.07253e-07   7.9875e-20 -7.05912e-08 -7.81615e-20 -5.26636e-08   5.6717e-20  2.20971e-08   -2.938e-20  1.39213e-08   8.8419e-21 -4.76441e-09   7.0473e-22 -3.72329e-09 -2.38467e-21  5.54139e-10  9.00961e-22  8.66414e-10  9.01446e-22  6.43084e-11  -1.9272e-21 -1.42682e-10  1.96096e-21 -4.61167e-11 -1.34197e-21  1.00148e-11  6.32495e-22  9.46299e-12   -1.806e-22  1.45171e-12    2.343e-24 -7.06312e-13  3.10442e-23 -3.77576e-13 -2.12668e-23   -4.709e-14  8.80984e-24  1.92177e-14 -2.03803e-24  9.72356e-15 -9.91185e-26  1.58919e-15  2.40848e-25 -1.39711e-16 -6.53469e-26 -1.28046e-16 -5.48676e-27 -2.88879e-17  1.10491e-26 -2.38832e-18 -3.27753e-27  4.12947e-19 -2.76718e-28  1.67843e-19  2.72848e-28  2.67259e-20 -4.84955e-29  2.04812e-21  4.36835e-30 -5.00957e-23  1.08305e-29 -3.36034e-23  -3.0385e-30 -4.36054e-24 -3.86194e-31 -3.08181e-25  1.11121e-31 -1.10291e-26  7.89513e-33  3.07246e-29 -1.02357e-34  2.05163e-29 -1.18744e-35  7.48549e-31  3.86472e-36  7.52587e-33
-1.22608e-16 -4.17352e-30   8.7411e-15  7.29531e-29 -2.45182e-13  -5.7936e-28  4.18324e-12  1.93759e-27   -5.013e-11  7.91458e-27  4.53583e-10 -1.47885e-25 -3.23458e-09  1.05146e-24  1.86895e-08 -4.91441e-24 -8.91375e-08  1.63848e-23  3.55339e-07 -3.75163e-23 -1.19356e-06  4.02909e-23    3.393e-06  1.12347e-22 -8.17188e-06 -8.30265e-22  1.66334e-05  3.05925e-21  -2.8418e-05 -8.57521e-21  4.02247e-05  2.00228e-20 -4.60671e-05 -4.01347e-20  4.07711e-05  6.97188e-20 -2.49955e-05 -1.05097e-19  6.62566e-06  1.37065e-19  4.73933e-06 -1.53234e-19 -5.83086e-06  1.43092e-19  1.56313e-06 -1.02892e-19  1.36699e-06  3.82113e-20 -1.06013e-06  3.58819e-20 -1.40157e-07 -9.76712e-20  3.67261e-07  1.26889e-19 -1.27419e-08 -1.16459e-19  -1.0487e-07   7.8499e-20  6.66515e-09 -3.62635e-20  2.74148e-08   7.7295e-21  2.28762e-10  3.62798e-21 -6.33477e-09 -4.34163e-21 -9.83668e-10  1.58222e-21  1.11854e-09  1.01319e-21  4.22394e-10 -2.32911e-21 -1.00156e-10  2.31785e-21  -9.5435e-11 -1.53716e-21 -1.08009e-11  7.01787e-22  1.03133e-11 -1.92015e-22  4.47197e-12 -2.27951e-24  1.57836e-13  3.54248e-23 -4.27929e-13 -2.24173e-23 -1.49129e-13  8.36484e-24 -9.58005e-15 -1.58459e-24   8.5304e-15 -2.00856e-25  3.23912e-15  2.25118e-25  4.44557e-16  -6.9791e-26 -4.25578e-17  3.07428e-27 -3.17331e-17  1.11064e-26 -6.61397e-18 -4.34324e-27 -5.86222e-19 -3.44015e-28  4.59521e-20   3.9202e-28  2.28811e-20 -6.25661e-29  3.60237e-21  5.87519e-30  3.02436e-22  9.90177e-30   7.3023e-24 -2.58043e-30 -1.48117e-24 -3.09988e-31 -2.10257e-25  7.82547e-32 -1.36989e-26  7.71494e-33 -4.79125e-28  4.03959e-35  -6.9784e-30  -1.1855e-35  2.56092e-32  1.39307e-36
 1.04206e-30 -1.65152e-15  -3.4512e-29  6.76489e-14  3.96139e-28 -1.46194e-12  -2.2053e-27   2.0956e-11  2.04558e-27 -2.20011e-10  7.42022e-26  1.78736e-09 -7.52559e-25 -1.16274e-08  4.37529e-24  6.19582e-08 -1.79434e-23 -2.74622e-07  5.39538e-23  1.02292e-06 -1.13095e-22 -3.22229e-06  1.12347e-22  8.60934e-06  2.92296e-22 -1.95028e-05 -2.03208e-21  3.73058e-05  7.09771e-21 -5.97234e-05 -1.89775e-20  7.87281e-05  4.24403e-20 -8.29481e-05 -8.16239e-20  6.57295e-05  1.36062e-19 -3.31731e-05 -1.96638e-19  2.44629e-06  2.45469e-19  1.15071e-05 -2.61989e-19 -8.41826e-06  2.32242e-19  2.40052e-07 -1.55566e-19  2.92184e-06  4.60562e-20 -1.11174e-06  6.95282e-20 -6.64188e-07 -1.57624e-19  4.81476e-07  1.90854e-19  1.37796e-07 -1.64736e-19 -1.47267e-07  1.03071e-19 -3.56959e-08 -4.18719e-20  3.65712e-08   4.5825e-21  1.17427e-08  7.84663e-21 -6.92398e-09 -6.85175e-21 -3.63847e-09   2.4553e-21  6.95821e-10  1.04565e-21  8.37357e-10  -2.6561e-21  8.26724e-11  2.59177e-21 -1.13742e-10 -1.67387e-21 -4.42704e-11  7.48642e-22  2.59681e-12 -2.00208e-22   6.3387e-12 -5.97948e-24  1.66918e-12  3.87828e-23 -1.30663e-13 -2.27503e-23 -1.96077e-13  7.48712e-24 -5.04097e-14 -1.06042e-24 -1.05829e-15 -2.42592e-25  2.96242e-15  1.77209e-25  9.26405e-16 -7.42232e-26  1.14347e-16  1.39986e-26 -8.61575e-18  1.11991e-26 -6.32645e-18 -5.59915e-27 -1.25151e-18 -3.32371e-28 -1.19248e-19  4.71916e-28  1.23709e-21 -7.02199e-29  2.17759e-21  7.91292e-30  3.45524e-22  8.69499e-30  2.93668e-23  -2.0271e-30  1.25033e-24 -2.43689e-31 -1.18309e-26  5.34491e-32 -4.80502e-27  6.57405e-33 -2.68409e-28  6.63139e-35 -6.44797e-30 -7.09392e-36 -4.70418e-32
