    0.468147  4.11507e-16     0.160515 -7.81824e-17    0.0566998 -1.86065e-17    0.0134642  -1.0113e-18    0.0023218  8.84368e-20  0.000301874  2.75438e-20  2.96762e-05  3.34642e-21  2.15077e-06  2.47045e-22  1.08064e-07  1.11148e-23  3.28298e-09  2.52199e-25   3.9192e-11
 4.11507e-16      0.27564  1.40394e-16     0.132773  4.34326e-17    0.0363639   1.0037e-17   0.00707712  1.85253e-18   0.00104048  2.51515e-19  0.000117017  2.52769e-20   9.9165e-06   1.8516e-21  6.06314e-07   9.3483e-23  2.44026e-08  2.84431e-24  5.16808e-10  3.39434e-26
    0.160515  1.40394e-16     0.162922  1.04968e-16    0.0570758  2.40554e-17      0.01319  4.46026e-18    0.0022528  6.47119e-19  0.000293516   7.1942e-20  2.91078e-05  6.02973e-21  2.13597e-06  3.65275e-22  1.08884e-07   1.4595e-23  3.35957e-09  3.07403e-25  4.07518e-11
-7.81824e-17     0.132773  1.04968e-16    0.0656852  3.15353e-17     0.018543  6.45324e-18   0.00371657  1.07583e-18    0.0005618  1.38666e-19  6.48503e-05  1.36423e-20  5.63151e-06  9.95933e-22  3.52307e-07  5.06416e-23  1.44888e-08  1.56174e-24  3.13166e-10  1.89626e-26
   0.0566998  4.34326e-17    0.0570758  3.15353e-17    0.0206799  7.48484e-18   0.00494076  1.44133e-18  0.000870136  2.17304e-19  0.000116594  2.51153e-20  1.18641e-05  2.18677e-21  8.91535e-07  1.37375e-22    4.646e-08  5.67921e-24   1.4633e-09  1.23469e-25  1.80957e-11
-1.86065e-17    0.0363639  2.40554e-17     0.018543  7.48484e-18   0.00541965  1.64675e-18   0.00112149  2.90838e-19  0.000174475  3.93585e-20  2.06722e-05  4.04093e-21  1.83837e-06  3.06305e-22  1.17553e-07  1.61009e-23  4.93343e-09  5.11407e-25  1.08667e-10  6.37586e-27
   0.0134642   1.0037e-17      0.01319  6.45324e-18   0.00494076  1.64675e-18     0.001219  3.37167e-19  0.000220982   5.3151e-20  3.03903e-05  6.37292e-21  3.16606e-06  5.72665e-22  2.43093e-07  3.69768e-23   1.2922e-08  1.56614e-24  4.14554e-10  3.47951e-26  5.21541e-12
 -1.0113e-18   0.00707712  4.46026e-18   0.00371657  1.44133e-18   0.00112149  3.37167e-19  0.000238873  6.17842e-20  3.81362e-05  8.60915e-21  4.62495e-06  9.06727e-22  4.20102e-07   7.0306e-23  2.73903e-08  3.77157e-24  1.17035e-09  1.22032e-25  2.62138e-11  1.54749e-27
   0.0023218  1.85253e-18    0.0022528  1.07583e-18  0.000870136  2.90838e-19  0.000220982  6.17842e-20  4.11083e-05  9.99455e-21  5.78573e-06  1.22571e-21  6.15506e-07  1.12416e-22  4.81711e-08  7.39507e-24  2.60609e-09  3.18613e-25  8.49836e-11  7.19159e-27  1.08559e-12
 8.84368e-20   0.00104048  6.47119e-19    0.0005618  2.17304e-19  0.000174475   5.3151e-20  3.81362e-05  9.99455e-21  6.23059e-06    1.423e-21  7.71468e-07  1.52841e-22  7.14108e-08  1.20659e-23  4.73726e-09  6.58063e-25  2.05686e-10  2.16209e-26   4.6762e-12  2.78131e-28
 0.000301874  2.51515e-19  0.000293516  1.38666e-19  0.000116594  3.93585e-20  3.03903e-05  8.60915e-21  5.78573e-06    1.423e-21   8.3135e-07  1.77917e-22  9.01149e-08  1.66097e-23   7.1744e-09   1.1106e-24  3.94311e-10  4.85768e-26   1.3048e-11  1.11199e-27  1.68972e-13
 2.75438e-20  0.000117017   7.1942e-20  6.48503e-05  2.51153e-20  2.06722e-05  6.37292e-21  4.62495e-06  1.22571e-21  7.71468e-07  1.77917e-22  9.73249e-08  1.94503e-23  9.16331e-09   1.5606e-24  6.17437e-10   8.6397e-26  2.71982e-11  2.87834e-27  6.26717e-13  3.75112e-29
 2.96762e-05  2.52769e-20  2.91078e-05  1.36423e-20  1.18641e-05  4.04093e-21  3.16606e-06  9.06727e-22  6.15506e-07  1.52841e-22  9.01149e-08  1.94503e-23  9.93516e-09  1.84546e-24  8.03335e-10  1.25246e-25  4.47878e-11  5.55417e-27  1.50187e-12  1.28785e-28  1.96922e-14
 3.34642e-21   9.9165e-06  6.02973e-21  5.63151e-06  2.18677e-21  1.83837e-06  5.72665e-22  4.20102e-07  1.12416e-22  7.14108e-08  1.66097e-23  9.16331e-09  1.84546e-24  8.76192e-10  1.50287e-25  5.98841e-11  8.43473e-27  2.67285e-12  2.84601e-28  6.23497e-14  3.75335e-30
 2.15077e-06   1.8516e-21  2.13597e-06  9.95933e-22  8.91535e-07  3.06305e-22  2.43093e-07   7.0306e-23  4.81711e-08  1.20659e-23   7.1744e-09   1.5606e-24  8.03335e-10  1.50287e-25  6.58838e-11  1.03396e-26  3.72157e-12  4.64347e-28  1.26323e-13  1.08944e-29  1.67529e-15
 2.47045e-22  6.06314e-07  3.65275e-22  3.52307e-07  1.37375e-22  1.17553e-07  3.69768e-23  2.73903e-08  7.39507e-24  4.73726e-09   1.1106e-24  6.17437e-10  1.25246e-25  5.98841e-11  1.03396e-26  4.14665e-12  5.87648e-28  1.87335e-13  2.00614e-29  4.41962e-15  2.67483e-31
 1.08064e-07   9.3483e-23  1.08884e-07  5.06416e-23    4.646e-08  1.61009e-23   1.2922e-08  3.77157e-24  2.60609e-09  6.58063e-25  3.94311e-10   8.6397e-26  4.47878e-11  8.43473e-27  3.72157e-12  5.87648e-28  2.12776e-13  2.67004e-29  7.30405e-15  6.33287e-31  9.78909e-17
 1.11148e-23  2.44026e-08   1.4595e-23  1.44888e-08  5.67921e-24  4.93343e-09  1.56614e-24  1.17035e-09  3.18613e-25  2.05686e-10  4.85768e-26  2.71982e-11  5.55417e-27  2.67285e-12  4.64347e-28  1.87335e-13  2.67004e-29  8.55886e-15  9.21446e-31  2.04049e-16  1.24112e-32
 3.28298e-09  2.84431e-24  3.35957e-09  1.56174e-24   1.4633e-09  5.11407e-25  4.14554e-10  1.22032e-25  8.49836e-11  2.16209e-26   1.3048e-11  2.87834e-27  1.50187e-12  2.84601e-28  1.26323e-13  2.00614e-29  7.30405e-15  9.21446e-31  2.53368e-16  2.20775e-32  3.42917e-18
 2.52199e-25  5.16808e-10  3.07403e-25  3.13166e-10  1.23469e-25  1.08667e-10  3.47951e-26  2.62138e-11  7.19159e-27   4.6762e-12  1.11199e-27  6.26717e-13  1.28785e-28  6.23497e-14  1.08944e-29  4.41962e-15  6.33287e-31  2.04049e-16  2.20775e-32  4.91255e-18  3.00202e-34
  3.9192e-11  3.39434e-26  4.07518e-11  1.89626e-26  1.80957e-11  6.37586e-27  5.21541e-12  1.54749e-27  1.08559e-12  2.78131e-28  1.68972e-13  3.75112e-29  1.96922e-14  3.75335e-30  1.67529e-15  2.67483e-31  9.78909e-17  1.24112e-32  3.42917e-18  3.00202e-34    4.684e-20
