  0.00563868  1.72395e-19   -0.0155472 -5.39207e-19   0.00884354  3.61882e-18   0.00260688 -4.32036e-18  -0.00204267  2.39041e-19 -0.000824388  1.08152e-18  0.000190679 -9.35591e-20  0.000145564 -1.41313e-19  1.36894e-05  2.24873e-20 -4.32557e-06  3.48043e-21 -5.57782e-07
 1.72395e-19    0.0255973 -8.97865e-19   -0.0361148  9.65455e-19   0.00894997  6.42243e-18   0.00913191 -6.03395e-18  -0.00180684 -1.32155e-18  -0.00218483    1.946e-18 -0.000104304 -1.42057e-19  0.000242787  -1.8437e-19  5.52067e-05   3.0987e-20 -4.47608e-21  2.83507e-21
  -0.0155472 -8.97865e-19    0.0542162 -2.55111e-18   -0.0474617  1.32423e-18  -0.00073211  1.01503e-17    0.0144173 -6.53711e-18  0.000953481 -2.09148e-18  -0.00300359  2.03338e-18 -0.000727721 -2.37365e-19  0.000186291 -1.55017e-19  7.75333e-05  3.50615e-20  4.32557e-06
-5.39207e-19   -0.0361148 -2.55111e-18    0.0730257 -4.11714e-18   -0.0430245  6.88439e-19    -0.013225  1.16007e-17    0.0152894 -5.56015e-18   0.00462949 -1.47441e-18  -0.00273586  1.70602e-18  -0.00130107 -3.56107e-19   3.1495e-19 -6.53123e-20  5.52067e-05  3.07541e-20
  0.00884354  9.65455e-19   -0.0474617 -4.11714e-18    0.0735948 -5.11458e-18   -0.0304625 -8.54694e-20   -0.0220962  9.47103e-18    0.0126505  -4.3055e-18   0.00764852 -1.17842e-19  -0.00158379  1.17543e-18   -0.0015253 -3.89959e-19 -0.000186291  4.30101e-20  1.36894e-05
 3.61882e-18   0.00894997  1.32423e-18   -0.0430245 -5.11458e-18     0.063665 -4.76899e-18   -0.0188806 -4.36886e-19   -0.0264562  5.24913e-18   0.00857801 -3.61761e-18   0.00944638  7.49803e-19 -2.87542e-18  3.24589e-19  -0.00130107 -3.22332e-19 -0.000242787  8.80454e-20
  0.00260688  6.42243e-18  -0.00073211  6.88439e-19   -0.0304625 -4.76899e-18    0.0533971 -3.17471e-18   -0.0111772  1.87763e-19   -0.0281339  1.45704e-18   0.00426075 -2.96071e-18    0.0100272  3.97065e-19   0.00158379 -7.28332e-19 -0.000727721 -2.05457e-19 -0.000145564
-4.32036e-18   0.00913191  1.01503e-17    -0.013225 -8.54694e-20   -0.0188806 -3.17471e-18    0.0466353 -1.40134e-18  -0.00633232  1.71376e-18   -0.0286852   4.1737e-19  7.84455e-18 -1.43229e-18   0.00944638 -7.91079e-19   0.00273586 -1.43049e-18 -0.000104304 -8.03885e-20
 -0.00204267 -6.03395e-18    0.0144173  1.16007e-17   -0.0220962 -4.36886e-19   -0.0111772 -1.40134e-18    0.0429056 -7.48708e-19  -0.00289881   3.4679e-18   -0.0288105  2.96633e-18  -0.00426075  9.24036e-19   0.00764852 -1.73835e-18   0.00300359  -1.3326e-18  0.000190679
 2.39041e-19  -0.00180684 -6.53711e-18    0.0152894  9.47103e-18   -0.0264562  1.87763e-19  -0.00633232 -7.48708e-19    0.0410686 -2.41615e-18 -6.17858e-18  4.78536e-18   -0.0286852  7.49423e-18  -0.00857801    3.066e-18   0.00462949  -1.6739e-18   0.00218483 -6.49455e-19
-0.000824388 -1.32155e-18  0.000953481 -5.56015e-18    0.0126505  5.24913e-18   -0.0281339  1.71376e-18  -0.00289881 -2.41615e-18    0.0405113 -6.71596e-18   0.00289881  5.26077e-18   -0.0281339  1.09105e-17   -0.0126505  4.16238e-18  0.000953481 -7.66846e-19  0.000824388
 1.08152e-18  -0.00218483 -2.09148e-18   0.00462949  -4.3055e-18   0.00857801  1.45704e-18   -0.0286852   3.4679e-18 -6.17858e-18 -6.71596e-18    0.0410686 -1.20244e-17   0.00633232   4.7209e-18   -0.0264562  1.13448e-17   -0.0152894  4.32484e-18  -0.00180684  7.03952e-20
 0.000190679    1.946e-18  -0.00300359 -1.47441e-18   0.00764852 -3.61761e-18   0.00426075   4.1737e-19   -0.0288105  4.78536e-18   0.00289881 -1.20244e-17    0.0429056 -1.54801e-17    0.0111772  3.25032e-18   -0.0220962  9.58041e-18   -0.0144173  3.78239e-18  -0.00204267
-9.35591e-20 -0.000104304  2.03338e-18  -0.00273586 -1.17842e-19   0.00944638 -2.96071e-18  7.84455e-18  2.96633e-18   -0.0286852  5.26077e-18   0.00633232 -1.54801e-17    0.0466353 -1.57657e-17    0.0188806  1.19697e-18    -0.013225  7.20177e-18  -0.00913191  2.30764e-18
 0.000145564 -1.42057e-19 -0.000727721  1.70602e-18  -0.00158379  7.49803e-19    0.0100272 -1.43229e-18  -0.00426075  7.49423e-18   -0.0281339   4.7209e-18    0.0111772 -1.57657e-17    0.0533971 -1.47542e-17    0.0304625 -1.05135e-18  -0.00073211  4.49993e-18  -0.00260688
-1.41313e-19  0.000242787 -2.37365e-19  -0.00130107  1.17543e-18 -2.87542e-18  3.97065e-19   0.00944638  9.24036e-19  -0.00857801  1.09105e-17   -0.0264562  3.25032e-18    0.0188806 -1.47542e-17     0.063665 -1.50482e-17    0.0430245 -3.04176e-18   0.00894997  1.68873e-18
 1.36894e-05  -1.8437e-19  0.000186291 -3.56107e-19   -0.0015253  3.24589e-19   0.00158379 -7.91079e-19   0.00764852    3.066e-18   -0.0126505  1.13448e-17   -0.0220962  1.19697e-18    0.0304625 -1.50482e-17    0.0735948 -1.60179e-17    0.0474617 -3.75981e-18   0.00884354
 2.24873e-20  5.52067e-05 -1.55017e-19   3.1495e-19 -3.89959e-19  -0.00130107 -7.28332e-19   0.00273586 -1.73835e-18   0.00462949  4.16238e-18   -0.0152894  9.58041e-18    -0.013225 -1.05135e-18    0.0430245 -1.60179e-17    0.0730257 -1.42452e-17    0.0361148 -2.43503e-18
-4.32557e-06   3.0987e-20  7.75333e-05 -6.53123e-20 -0.000186291 -3.22332e-19 -0.000727721 -1.43049e-18   0.00300359  -1.6739e-18  0.000953481  4.32484e-18   -0.0144173  7.20177e-18  -0.00073211 -3.04176e-18    0.0474617 -1.42452e-17    0.0542162 -8.66767e-18    0.0155472
 3.48043e-21 -4.47608e-21  3.50615e-20  5.52067e-05  4.30101e-20 -0.000242787 -2.05457e-19 -0.000104304  -1.3326e-18   0.00218483 -7.66846e-19  -0.00180684  3.78239e-18  -0.00913191  4.49993e-18   0.00894997 -3.75981e-18    0.0361148 -8.66767e-18    0.0255973 -2.84138e-18
-5.57782e-07  2.83507e-21  4.32557e-06  3.07541e-20  1.36894e-05  8.80454e-20 -0.000145564 -8.03885e-20  0.000190679 -6.49455e-19  0.000824388  7.03952e-20  -0.00204267  2.30764e-18  -0.00260688  1.68873e-18   0.00884354 -2.43503e-18    0.0155472 -2.84138e-18   0.00563868
