    0.263574  5.19206e-17  -0.00748107 -2.08009e-17   -0.0344045 -1.35866e-17  -0.00608754  1.35434e-18   0.00385301 -2.66127e-18   0.00180638 -4.14881e-19 -6.72686e-05  4.21108e-19 -0.000207877  1.55635e-19 -4.24487e-05 -3.45831e-21  7.21348e-07 -2.17637e-21  5.78684e-07
 5.19206e-17     0.129869  4.62103e-17   0.00713459 -1.98524e-17   -0.0273752  3.48182e-18  -0.00798046 -1.71925e-18   0.00404363 -5.57178e-18   0.00260961  -1.3266e-18  9.48689e-05  5.66666e-19 -0.000272645  2.05165e-19 -7.19812e-05   -4.802e-21 -3.50699e-06 -4.73883e-22
 -0.00748107  4.62103e-17    0.0644216  2.98337e-17   0.00762793  1.01354e-18   -0.0234557  1.78722e-17  -0.00885753 -1.17863e-18   0.00374085  -7.3223e-18    0.0031168  -2.0592e-18  0.000349888   5.2695e-19 -0.000247727  1.32349e-19 -7.85544e-05 -1.14274e-20 -4.96617e-06
-2.08009e-17   0.00713459  2.98337e-17    0.0487168 -6.57209e-18    0.0072006   1.5834e-17   -0.0208246  2.60617e-17  -0.00951511  1.29338e-18   0.00314932 -7.72326e-18   0.00339052 -2.01036e-18  0.000643515  3.64226e-19 -0.000146188  1.03689e-21 -5.61384e-05 -1.57377e-20
  -0.0344045 -1.98524e-17   0.00762793 -6.57209e-18    0.0394538  -2.9849e-17   0.00709701  1.88886e-17   -0.0188918  2.93573e-17   -0.0101367   2.8947e-18   0.00232268 -6.65871e-18   0.00342016 -1.17809e-18  0.000902355  1.89561e-19  -1.1497e-05 -9.18993e-20  -2.0715e-05
-1.35866e-17   -0.0273752  1.01354e-18    0.0072006  -2.9849e-17    0.0340923 -3.86736e-17   0.00715538  1.70486e-17   -0.0174054  2.89263e-17   -0.0107995  2.77736e-18   0.00125084  -4.2615e-18    0.0031472  4.38198e-20   0.00102127  8.22105e-20  8.24901e-05 -9.24428e-20
 -0.00608754  3.48182e-18   -0.0234557   1.5834e-17   0.00709701 -3.86736e-17    0.0307632 -4.02333e-17   0.00740994  1.47554e-17   -0.0161838  2.42087e-17     -0.01153  1.27077e-18 -9.60592e-05 -1.34589e-18   0.00249536  1.06142e-18  0.000898617  2.74094e-20   8.0451e-05
 1.35434e-18  -0.00798046  1.78722e-17   -0.0208246  1.88886e-17   0.00715538 -4.02333e-17     0.028695 -3.81367e-17   0.00788682  1.20083e-17   -0.0150769  1.49326e-17   -0.0122983 -1.14335e-18      -0.0017  8.92513e-19   0.00146981  1.39477e-18  0.000546253 -7.96077e-21
  0.00385301 -1.71925e-18  -0.00885753  2.60617e-17   -0.0188918  1.70486e-17   0.00740994 -3.81367e-17    0.0275225 -3.15012e-17   0.00864502  7.91999e-18   -0.0139051  3.01585e-18   -0.0129477 -3.77288e-18  -0.00334784  1.76993e-18  0.000322509  1.05183e-18  0.000168698
-2.66127e-18   0.00404363 -1.17863e-18  -0.00951511  2.93573e-17   -0.0174054  1.47554e-17   0.00788682 -3.15012e-17    0.0270847 -1.93261e-17   0.00980835  3.05169e-18   -0.0123647 -7.88732e-18   -0.0130444 -5.56579e-18  -0.00447059  1.56306e-18 -0.000438625  4.68708e-19
  0.00180638 -5.57178e-18   0.00374085  1.29338e-18   -0.0101367  2.89263e-17   -0.0161838  1.20083e-17   0.00864502 -1.93261e-17    0.0273686 -3.59901e-18    0.0116385   -1.275e-18  -0.00988843 -1.47086e-17    -0.011797 -5.74195e-18  -0.00432514  9.53476e-19  -0.00047337
-4.14881e-19   0.00260961  -7.3223e-18   0.00314932   2.8947e-18   -0.0107995  2.42087e-17   -0.0150769  7.91999e-18   0.00980835 -3.59901e-18    0.0285381  1.06693e-17    0.0146349 -5.13757e-18  -0.00567368 -1.70725e-17  -0.00851453 -4.62392e-18  -0.00278708  3.50635e-19
-6.72686e-05  -1.3266e-18    0.0031168 -7.72326e-18   0.00232268  2.77736e-18     -0.01153  1.49326e-17   -0.0139051  3.05169e-18    0.0116385  1.06693e-17    0.0309996  1.69413e-17    0.0194067 -1.09129e-17  0.000596792 -1.69639e-17  -0.00376104 -3.22606e-18   -0.0009256
 4.21108e-19  9.48689e-05  -2.0592e-18   0.00339052 -6.65871e-18   0.00125084  1.27077e-18   -0.0122983  3.01585e-18   -0.0123647   -1.275e-18    0.0146349  1.69413e-17    0.0352272  9.47321e-18      0.02577 -2.04743e-17   0.00736232 -1.57549e-17  0.000188309 -1.88373e-18
-0.000207877  5.66666e-19  0.000349888 -2.01036e-18   0.00342016  -4.2615e-18 -9.60592e-05 -1.14335e-18   -0.0129477 -7.88732e-18  -0.00988843 -5.13757e-18    0.0194067  9.47321e-18    0.0407936 -1.19284e-17    0.0312567 -3.02687e-17    0.0110793 -1.24333e-17   0.00131407
 1.55635e-19 -0.000272645   5.2695e-19  0.000643515 -1.17809e-18    0.0031472 -1.34589e-18      -0.0017 -3.77288e-18   -0.0130444 -1.47086e-17  -0.00567368 -1.09129e-17      0.02577 -1.19284e-17    0.0448577 -3.67698e-17    0.0314023 -3.20108e-17   0.00937441 -6.49993e-18
-4.24487e-05  2.05165e-19 -0.000247727  3.64226e-19  0.000902355  4.38198e-20   0.00249536  8.92513e-19  -0.00334784 -5.56579e-18    -0.011797 -1.70725e-17  0.000596792 -2.04743e-17    0.0312567 -3.67698e-17    0.0426234 -4.80083e-17    0.0238796 -2.23491e-17   0.00435392
-3.45831e-21 -7.19812e-05  1.32349e-19 -0.000146188  1.89561e-19   0.00102127  1.06142e-18   0.00146981  1.76993e-18  -0.00447059 -5.74195e-18  -0.00851453 -1.69639e-17   0.00736232 -3.02687e-17    0.0314023 -4.80083e-17    0.0318546 -3.81912e-17    0.0124131 -8.80765e-18
 7.21348e-07   -4.802e-21 -7.85544e-05  1.03689e-21  -1.1497e-05  8.22105e-20  0.000898617  1.39477e-18  0.000322509  1.56306e-18  -0.00432514 -4.62392e-18  -0.00376104 -1.57549e-17    0.0110793 -3.20108e-17    0.0238796 -3.81912e-17     0.016999 -1.84314e-17    0.0036637
-2.17637e-21 -3.50699e-06 -1.14274e-20 -5.61384e-05 -9.18993e-20  8.24901e-05  2.74094e-20  0.000546253  1.05183e-18 -0.000438625  9.53476e-19  -0.00278708 -3.22606e-18  0.000188309 -1.24333e-17   0.00937441 -2.23491e-17    0.0124131 -1.84314e-17   0.00566631 -4.55834e-18
 5.78684e-07 -4.73883e-22 -4.96617e-06 -1.57377e-20  -2.0715e-05 -9.24428e-20   8.0451e-05 -7.96077e-21  0.000168698  4.68708e-19  -0.00047337  3.50635e-19   -0.0009256 -1.88373e-18   0.00131407 -6.49993e-18   0.00435392 -8.80765e-18    0.0036637 -4.55834e-18  0.000879177
