  4.6575e-36 -3.29643e-52 -9.37696e-36  3.64963e-52   8.1607e-37  8.98536e-52  4.87456e-36  9.76045e-52 -1.43288e-36  -1.2737e-51 -9.19318e-37  5.34151e-51 -1.65423e-37 -2.56235e-51 -5.94798e-37 -2.78374e-51  1.52365e-36  2.52148e-51 -6.33813e-37  1.47836e-51  1.20596e-37  2.09648e-52 -1.66638e-37 -5.73297e-52 -7.78214e-38  1.16889e-52  1.26075e-37  2.28175e-51 -4.56518e-39  2.60849e-52 -1.00757e-38  4.04913e-51  -1.6676e-38  1.67347e-50  1.15142e-38  1.20404e-49 -7.13146e-40  3.35631e-49  2.27616e-39  8.24042e-49 -2.44079e-39  1.44734e-48  5.45165e-40   2.7035e-48  -2.5561e-40  4.10325e-48   1.8513e-40  1.14684e-47  2.29858e-41  6.76446e-48 -1.09979e-41  1.11224e-47 -1.66088e-41  2.83528e-47  5.53241e-42   3.4134e-47 -2.05474e-42   3.0735e-47  6.24994e-43  3.49612e-47 -3.07044e-43   3.0859e-47  2.32982e-43  2.38947e-47 -1.17977e-43  2.57029e-47  1.52338e-43   1.0831e-47 -3.61593e-44  1.03512e-47 -3.78333e-46  3.16786e-48 -5.04626e-45  6.95079e-48  2.01308e-45  3.07021e-48  -8.7519e-46   -5.691e-49  3.76773e-47 -3.58789e-49  4.76865e-47 -1.60417e-49  3.08481e-47  -2.9705e-50  -1.7796e-47  3.77684e-51  3.62149e-48  6.15727e-51  2.14821e-49 -1.77667e-50  2.18963e-50 -1.66591e-51  -1.0788e-49 -4.68362e-52  3.57662e-50  9.59165e-52 -1.41136e-50   3.4677e-52 -1.61106e-51 -3.23298e-53  1.34521e-51  1.26287e-52 -1.15857e-51 -1.06483e-52  1.97779e-51  1.46833e-52 -2.56927e-51 -1.68808e-52  2.84092e-51  1.79781e-52 -2.78341e-51 -1.68528e-52  2.40448e-51  1.37254e-52 -1.79734e-51 -9.48658e-53  1.13142e-51   5.3938e-53 -5.77169e-52 -2.40933e-53  2.24958e-52  7.84359e-54 -6.04469e-53 -1.60777e-54  8.87571e-54  1.33915e-55
-3.29643e-52  1.91112e-35 -2.11568e-51 -2.29732e-35  1.83462e-51  2.54821e-36  3.75894e-51  4.03904e-36   2.4151e-51  4.51434e-36 -2.36046e-51  -4.1207e-36   1.1166e-50 -4.35911e-37  -6.3399e-51 -3.14006e-36 -6.89165e-51  4.92473e-36  5.78845e-51 -1.35087e-36  4.77645e-51  1.24546e-37   2.0001e-51 -2.78523e-37  1.22639e-51 -4.16038e-37  9.78605e-51  3.99383e-37  2.92995e-50 -2.73816e-38  1.14892e-50 -2.67059e-38  7.44714e-50 -4.38136e-38  1.90452e-49  3.23183e-38  1.31922e-48 -1.35236e-39  3.69307e-48  5.48066e-39  8.69901e-48 -6.25497e-39  1.51721e-47  1.50741e-39  2.88633e-47 -7.85444e-40  4.18028e-47  4.96338e-40  1.11928e-46  7.53503e-41  7.43094e-47 -1.17319e-41  1.16297e-46  -5.8074e-41  2.50982e-46   2.1669e-41  2.84571e-46 -1.10657e-41  2.48493e-46  3.17109e-42  2.52019e-46 -9.39875e-43  2.05777e-46  2.87067e-43  1.53048e-46 -2.71057e-43  1.64388e-46  5.33486e-43  5.48845e-47 -9.33632e-44  5.95598e-47 -1.35374e-44  1.11748e-47 -1.63369e-44  3.62446e-47  7.43079e-45  1.65079e-47   -3.534e-45 -3.65755e-48   1.4815e-46  -1.4522e-48  9.32188e-47 -4.85982e-49  1.42159e-46  4.46206e-50 -7.18447e-47  5.51345e-50  1.51944e-47  6.05305e-50 -1.85664e-49 -7.26723e-50  4.07753e-49 -3.28357e-51 -3.35446e-49  -2.0224e-51  8.42159e-50  5.11786e-51 -3.56912e-50  1.85047e-51 -1.45687e-50 -7.35111e-52  1.75137e-50  1.48079e-51  -2.2841e-50 -1.74558e-51  3.12236e-50  2.22043e-51 -3.72343e-50 -2.48607e-51  3.94235e-50   2.4926e-51 -3.69695e-50 -2.18465e-51  3.02369e-50  1.64324e-51 -2.10788e-50 -1.03311e-51  1.21311e-50  5.23014e-52 -5.50047e-51 -2.01256e-52  1.82135e-51  5.31816e-53 -3.80198e-52 -7.65939e-54  3.22621e-53
-9.37696e-36 -2.11568e-51  4.05801e-35 -7.72698e-51 -3.57845e-35  5.83137e-51   4.3334e-36  9.10355e-51  -3.2361e-36  3.02217e-51  1.76932e-35 -2.38248e-52 -8.03371e-36   1.8467e-50 -1.39576e-36 -1.33007e-50  -7.8289e-36 -1.32852e-50  9.76797e-36  9.41755e-51 -1.60318e-36  1.11502e-50  -7.3446e-38  1.31717e-50 -1.78655e-37  3.04176e-50 -1.15035e-36   1.1144e-49  8.47701e-37  2.75256e-49 -7.12315e-38    2.048e-49 -5.90489e-38  8.88044e-49 -8.34332e-38  1.68993e-48  6.53773e-38  1.04681e-47   -6.779e-40  2.91599e-47  8.14081e-39  6.51624e-47 -1.12906e-38   1.1179e-46  3.49424e-39  2.12285e-46  -1.7942e-39  2.88619e-46  8.79412e-40  7.43952e-46  1.68231e-40  5.32393e-46  3.57376e-41  7.97837e-46 -1.43824e-40  1.51497e-45  6.05938e-41  1.62772e-45 -3.74122e-41  1.37477e-45  1.00113e-41  1.25916e-45 -1.82799e-42  9.51002e-46  -7.6223e-43  6.69958e-46 -2.64778e-43  7.27037e-46  1.28342e-42  1.79209e-46 -1.35472e-43    2.354e-46 -5.61505e-44    1.133e-47 -4.06456e-44  1.26918e-46  2.00773e-44  6.03337e-47 -9.95122e-45 -1.64657e-47  3.86134e-46 -3.78508e-48  7.57699e-47 -3.52952e-49  4.32554e-46   8.5694e-49 -2.02808e-46  3.12742e-49  4.59925e-47  3.31816e-49 -4.72321e-48  -1.9647e-49  2.18561e-48  6.05222e-51 -5.61518e-49 -4.75998e-51 -8.51255e-51  1.64102e-50  1.63142e-50   1.0211e-50 -1.41821e-49 -9.83562e-51   1.9703e-49  1.55263e-50 -2.68653e-49 -1.97039e-50  3.41395e-49  2.35814e-50 -3.87759e-49 -2.50619e-50  3.91828e-49    2.351e-50 -3.47637e-49 -1.90996e-50  2.65554e-49  1.31449e-50 -1.70036e-49 -7.43057e-51  8.78621e-50  3.29589e-51 -3.45629e-50 -1.06445e-51  9.34526e-51  2.16302e-52 -1.37754e-51 -1.78524e-53
 3.64963e-52 -2.29732e-35 -7.72698e-51  6.01798e-35 -1.96145e-50 -4.42319e-35  1.32447e-50  4.37057e-36   1.4503e-50 -1.52209e-35  9.26749e-52  3.53735e-35  9.67023e-51 -1.05982e-35  2.86422e-50 -3.27051e-36 -2.46003e-50 -1.41185e-35 -2.19302e-50  1.48734e-35  1.22327e-50 -1.01324e-36   2.8332e-50 -3.91031e-37  8.97053e-50  2.37335e-37  2.75915e-49  -2.2762e-36  9.01019e-49  1.43356e-36  2.13255e-48 -1.19993e-37  2.31294e-48 -1.18318e-37  8.08188e-48 -1.39016e-37  1.33064e-47  1.12083e-37   6.9306e-47  2.62162e-39  1.90078e-46  6.63163e-39  3.99677e-46 -1.63045e-38  6.67456e-46  7.42122e-39   1.2438e-45 -3.41141e-39  1.56663e-45  1.12269e-39  3.89823e-45  2.83727e-40  2.93197e-45  2.06779e-40  4.21556e-45 -2.87452e-40  7.20931e-45  1.37443e-40  7.37607e-45  -9.6647e-41   6.0014e-45  2.40769e-41  5.03332e-45 -2.37292e-42  3.51853e-45 -4.74245e-42  2.30612e-45  3.48811e-43  2.56827e-45  2.45391e-42   4.0772e-46 -5.63783e-44  7.38324e-46  -1.4189e-43 -8.51023e-47 -9.04822e-44  3.41629e-46  4.57663e-44  1.72637e-46 -2.25175e-44 -5.90068e-47  7.52088e-46 -6.78763e-48 -1.15287e-46  3.73129e-48  1.03336e-45  4.48293e-48 -4.60233e-46  1.23214e-48  1.15066e-46   1.3105e-48 -2.25524e-47 -3.90888e-49   7.3605e-48  6.07994e-50  3.85052e-50  5.37846e-51 -9.80385e-49  1.88765e-50  8.14271e-49  7.41372e-50 -1.32696e-48 -9.94674e-50   1.8927e-48  1.41286e-49 -2.52005e-48 -1.75713e-49  3.04922e-48  1.98093e-49 -3.29747e-48 -1.97696e-49  3.14996e-48  1.72402e-49 -2.61345e-48 -1.28811e-49  1.84095e-48  8.03496e-50 -1.06699e-48 -4.03202e-50  4.85849e-49  1.53679e-50 -1.61198e-49 -4.02022e-51  3.36583e-50  5.73007e-52 -2.85343e-51
  8.1607e-37  1.83462e-51 -3.57845e-35 -1.96145e-50  7.54603e-35 -3.74651e-50 -5.10578e-35  2.21205e-50  9.72733e-37  1.34395e-50 -2.85129e-35 -3.09676e-51  5.31549e-35  3.09334e-50 -1.03632e-35  4.21525e-50 -5.54951e-36 -3.93653e-50 -2.12214e-35 -3.09292e-50   1.9139e-35  1.50265e-50  2.42826e-37   1.1128e-49 -5.47114e-37  5.85097e-49  8.94788e-37  1.94713e-48 -3.64875e-36  6.03844e-48   2.0879e-36  1.42881e-47 -1.32431e-37   1.9688e-47 -2.10186e-37  6.01755e-47 -2.21934e-37  9.43927e-47  1.74893e-37  4.03029e-46  8.45678e-39  1.07738e-45 -4.32608e-39  2.12258e-45 -1.93086e-38  3.41762e-45  1.42228e-38  6.16327e-45 -5.55508e-39  7.11365e-45  8.94545e-40  1.71107e-44  3.38235e-40  1.33152e-44  6.21471e-40  1.83683e-44 -4.89264e-40  2.87146e-44  2.68666e-40  2.80915e-44 -2.07229e-40  2.18933e-44  4.79255e-41  1.70693e-44 -1.39596e-42  1.10568e-44 -1.40187e-41  6.58373e-45  2.16484e-42  7.68667e-45  3.96988e-42  5.39406e-46  3.24879e-43  1.94955e-45 -2.66498e-43 -5.96604e-46 -1.88893e-43  7.38466e-46  9.27358e-44   4.0844e-46 -4.33384e-44  -1.7679e-46  1.14037e-45 -6.46235e-48 -6.41516e-46  2.33409e-47  2.09251e-45  1.60471e-47 -8.88475e-46  3.91895e-48  2.51529e-46  4.11149e-48 -6.99461e-47 -5.32473e-49  1.79586e-47  1.88074e-49  4.85917e-48  1.73276e-49 -6.70232e-48 -2.18313e-49  7.61491e-48  5.86431e-49 -1.13326e-47 -8.29298e-49  1.58551e-47  1.10058e-48 -2.02726e-47  -1.3036e-48  2.33262e-47  1.37975e-48 -2.38395e-47 -1.28439e-48  2.13255e-47  1.03463e-48 -1.63751e-47 -7.05363e-49  1.05127e-47  3.94686e-49  -5.4351e-48  -1.7319e-49  2.13565e-48  5.53108e-50  -5.7608e-49 -1.11112e-50  8.46444e-50  9.06486e-52
 8.98536e-52  2.54821e-36  5.83137e-51 -4.42319e-35 -3.74651e-50  9.41466e-35 -5.54463e-50 -6.08063e-35  2.63639e-50 -6.39593e-36 -2.16942e-51 -4.02956e-35 -3.93305e-51  6.65318e-35  6.28968e-50 -6.72925e-36  5.62885e-50 -7.21399e-36 -5.47639e-50 -2.84343e-35  -3.4199e-50  2.20179e-35  3.26221e-50  1.50102e-36  5.68476e-49 -1.78603e-37  3.46424e-48  1.56894e-36  1.18152e-47 -5.08362e-36  3.51957e-47  2.74634e-36  8.48266e-47  -5.3105e-38  1.36729e-46  -3.2499e-37  3.80951e-46 -3.48637e-37  5.98013e-46  2.57341e-37  2.10431e-45  1.49671e-38  5.43899e-45 -3.12283e-38  1.00342e-44 -1.77818e-38  1.54599e-44  2.41676e-38  2.66873e-44   -7.772e-39   2.7973e-44 -1.79859e-40  6.50626e-44  1.33146e-40  5.18659e-44  1.44864e-39  6.85737e-44 -7.33568e-40  9.89325e-44  4.71841e-40  9.28908e-44 -3.85843e-40  6.88109e-44  8.26963e-41  5.07114e-44  2.48393e-42  3.04862e-44 -3.04903e-41  1.59566e-44  5.63318e-42    2.013e-44  5.65378e-42 -3.95381e-46  1.25125e-42  4.47554e-45 -3.96086e-43 -2.36459e-45 -3.73523e-43  1.28601e-45  1.70736e-43  8.19488e-46 -7.29547e-44 -4.54339e-46  1.31625e-45  8.36833e-48 -1.76093e-45  8.81103e-47  3.75711e-45  4.59027e-47 -1.50705e-45  1.07653e-47  4.94594e-46  1.07069e-47  -1.6539e-46 -2.59359e-50  2.88147e-47 -5.82972e-50  3.12671e-47  1.64644e-48 -4.29644e-47 -2.53575e-48  5.98562e-47   4.3096e-48 -8.72577e-47 -5.91785e-48  1.17487e-46    7.396e-48 -1.43052e-46 -8.25924e-48  1.55597e-46  8.17195e-48  -1.4916e-46 -7.05532e-48  1.23916e-46  5.21541e-48 -8.72375e-47 -3.21673e-48  5.04548e-47  1.59528e-48 -2.28979e-47 -6.00683e-49  7.56489e-48  1.55197e-49 -1.57183e-48 -2.18442e-50  1.32561e-49
 4.87456e-36  3.75894e-51   4.3334e-36  1.32447e-50 -5.10578e-35 -5.54463e-50  1.25038e-34  -6.3062e-50 -7.53947e-35  1.80952e-50 -1.59895e-35 -3.53396e-50 -4.92627e-35   5.1107e-51  7.20148e-35  9.85274e-50  1.33679e-37  6.24053e-50 -7.28701e-36 -6.90425e-50 -3.51452e-35 -7.90465e-51    2.363e-35  1.54591e-49  1.89694e-36  2.83862e-48  1.01906e-36  1.85228e-47  2.01589e-36  6.37109e-47 -6.47481e-36  1.82729e-46  3.37542e-36  4.52847e-46  1.63178e-37  8.09182e-46 -4.36032e-37  2.10135e-45 -5.30723e-37  3.36754e-45   3.6265e-37  9.96466e-45  2.01241e-38  2.47658e-44 -8.12793e-38  4.28748e-44 -8.98751e-39  6.28868e-44  3.60923e-38   1.0307e-43 -9.18258e-39  9.74004e-44 -2.37975e-39  2.18946e-43 -6.84389e-40  1.77707e-43  2.89818e-39  2.24774e-43 -9.96972e-40  3.01054e-43  7.67908e-40   2.7231e-43 -6.41406e-40  1.89739e-43  1.27755e-40  1.34706e-43  9.82402e-42   7.5296e-44 -5.41431e-41  3.30016e-44  1.06322e-41   4.7074e-44  7.32773e-42 -5.21836e-45  2.99814e-42  9.11565e-45 -4.64116e-43 -7.17353e-45 -6.99658e-43  1.72189e-45  2.87936e-43  1.40711e-45 -1.08608e-43 -1.01615e-45   8.9175e-46  6.03555e-47 -3.91489e-45  2.61039e-46  6.17265e-45  1.11623e-46 -2.29754e-45   2.6717e-47  8.81546e-46  2.31465e-47 -2.98148e-46  4.17514e-48 -1.97161e-47 -5.04644e-48  1.90873e-46  1.22903e-47 -2.88964e-46 -1.90238e-47  4.28719e-46  2.82072e-47 -6.04447e-46 -3.68399e-47   7.7582e-46  4.33458e-47 -8.94046e-46 -4.53885e-47   9.1385e-46  4.17906e-47 -8.16302e-46  -3.3272e-47  6.25058e-46  2.24077e-47 -3.99711e-46 -1.23802e-47  2.05651e-46  5.36208e-48 -8.03556e-47 -1.68975e-48  2.15421e-47  3.34882e-49 -3.14474e-48 -2.69511e-50
 9.76045e-52  4.03904e-36  9.10355e-51  4.37057e-36  2.21205e-50 -6.08063e-35  -6.3062e-50  1.70326e-34 -5.14067e-50 -9.42092e-35 -7.11884e-51 -2.44817e-35 -7.82188e-50 -5.52092e-35  2.76249e-50  6.82509e-35  1.25094e-49  9.06079e-36  3.58301e-50 -5.27198e-36 -8.82685e-50 -4.07498e-35  1.66339e-49   2.4575e-35  7.97175e-49  6.85174e-37  1.25692e-47  3.19505e-36  9.01885e-47  2.10875e-36  3.10865e-46 -7.84579e-36  8.58275e-46  3.97287e-36  2.19592e-45  5.29792e-37  4.19265e-45 -5.10206e-37  1.02733e-44 -7.64035e-37  1.68915e-44  4.91961e-37  4.30276e-44  2.47471e-38  1.02498e-43 -1.61438e-37  1.67107e-43  9.68541e-39  2.32684e-43  4.67957e-38  3.60025e-43 -8.59148e-39   3.0502e-43 -5.68968e-39  6.61745e-43 -2.62042e-39  5.45032e-43  5.19856e-39  6.57995e-43 -1.26548e-39  8.20738e-43  1.18253e-39  7.18118e-43 -9.69139e-40  4.64032e-43  1.81647e-40  3.24544e-43  1.87251e-41  1.69011e-43 -8.17176e-41  5.73795e-44  1.60743e-41  9.96935e-44  8.92541e-42 -2.02492e-44  5.83595e-42  1.67129e-44  -3.7731e-43 -1.81484e-44 -1.24233e-42  1.42312e-45  4.45345e-43   2.0571e-45 -1.42327e-43 -1.99082e-45  -7.5277e-46  1.86702e-46  -7.8353e-45  6.57079e-46  9.50454e-45  2.37601e-46 -3.18265e-45  6.34454e-47  1.35724e-45  3.66551e-47 -2.45651e-46  2.99315e-47 -5.56158e-46 -4.42747e-47  1.22101e-45  7.97775e-47 -1.90843e-45 -1.19126e-46  2.79921e-45  1.63949e-46 -3.77271e-45 -2.02321e-46  4.58973e-45  2.23533e-46 -4.98125e-45  -2.1851e-46  4.75976e-45    1.863e-46 -3.93764e-45 -1.35927e-46  2.75816e-45  8.27084e-47 -1.58596e-45 -4.04492e-47  7.15078e-46  1.50141e-47 -2.34559e-46 -3.82286e-48  4.83666e-47  5.30155e-49 -4.04755e-48
-1.43288e-36   2.4151e-51  -3.2361e-36   1.4503e-50  9.72733e-37  2.63639e-50 -7.53947e-35 -5.14067e-50  2.25811e-34 -2.11748e-50 -1.15258e-34 -4.62582e-50 -2.94003e-35 -1.13608e-49  -5.8367e-35  6.55156e-50  5.68101e-35  1.30818e-49  1.77048e-35 -9.57338e-50  -1.2702e-36 -1.34814e-49 -4.46626e-35  1.07177e-48   2.5528e-35  3.48807e-48  -2.5055e-36  4.81128e-47  6.29838e-36  4.03877e-46  1.89958e-36   1.3904e-45 -9.31208e-36   3.6891e-45  4.54257e-36  9.74618e-45  1.02595e-36  1.93678e-44 -5.26796e-37  4.50774e-44 -1.02325e-36  7.59156e-44  6.42751e-37  1.70075e-43  3.51808e-38  3.87725e-43 -2.76493e-37   5.9772e-43  4.04533e-38   7.8935e-43  5.08093e-38  1.14869e-42 -4.76748e-39   8.6914e-43 -9.57277e-39  1.81573e-42 -6.26679e-39  1.51577e-42  8.56626e-39  1.74191e-42 -1.55036e-39  2.02508e-42  1.74122e-39  1.72239e-42 -1.34594e-39  1.01223e-42   2.4426e-40  7.16875e-43  2.29657e-41  3.48513e-43 -1.06123e-40  7.91844e-44  1.97419e-41  1.93241e-43  1.05011e-41 -5.70303e-44  9.99375e-42  2.79256e-44 -2.76093e-44 -3.97829e-44 -2.09713e-42 -5.46973e-46  6.29973e-43  2.49581e-45 -1.59559e-43  -3.4099e-45 -4.53719e-45  4.38321e-46 -1.46324e-44  1.46154e-45  1.38937e-44   4.4379e-46 -3.78993e-45  1.60996e-46  1.17823e-45  -1.6489e-48  1.55428e-45   1.8102e-46 -4.34638e-45 -2.87727e-46  7.67986e-45  4.61553e-46 -1.17875e-44  -6.5665e-46  1.66296e-44    8.499e-46 -2.12909e-44 -9.87275e-46  2.44503e-44  1.02078e-45 -2.48863e-44 -9.27336e-46  2.21211e-44  7.28097e-46 -1.68444e-44 -4.83315e-46  1.07043e-44  2.63067e-46  -5.4687e-45 -1.12192e-46  2.12003e-45  3.47972e-47 -5.63424e-46 -6.78486e-48  8.14949e-47  5.37079e-49
 -1.2737e-51  4.51434e-36  3.02217e-51 -1.52209e-35  1.34395e-50 -6.39593e-36  1.80952e-50 -9.42092e-35 -2.11748e-50  2.84226e-34  1.48494e-50 -1.35366e-34 -8.89862e-50 -3.07326e-35 -1.22871e-49 -5.91282e-35  1.50547e-49   4.1901e-35  1.57832e-49  2.29524e-35 -4.77341e-49  4.24463e-36 -2.07422e-49 -4.64022e-35  5.39597e-48  2.67718e-35  1.24504e-47 -7.53273e-36  1.56033e-46  1.00818e-35  1.67875e-45  1.59138e-36  5.75909e-45 -1.09979e-35  1.46414e-44     5.06e-36  3.98333e-44  1.61594e-36  8.08075e-44  -4.9427e-37  1.79243e-43 -1.26408e-36  3.07881e-43  8.07269e-37   6.1752e-43  6.39124e-38  1.34671e-42  -4.2614e-37  1.97081e-42  8.49038e-38   2.4694e-42  4.08205e-38  3.37226e-42  3.14033e-39  2.27401e-42 -1.27916e-38  4.55951e-42 -1.21612e-38  3.86031e-42  1.31809e-38  4.21058e-42 -1.88986e-39    4.556e-42  2.45526e-39   3.7901e-42 -1.72772e-39  1.97061e-42  3.19174e-40  1.46441e-42  1.05645e-41  6.65795e-43 -1.16952e-40  6.84794e-44  1.84941e-41  3.45817e-43  1.20529e-41 -1.32795e-43  1.56345e-41  4.31078e-44  6.90658e-43 -7.70796e-44 -3.37666e-42  -4.9815e-45  8.09663e-43  2.33724e-45 -1.39684e-43 -5.02458e-45 -1.15563e-44  8.66324e-46 -2.56005e-44  2.95872e-45  1.86873e-44  6.80506e-46 -1.65019e-45  5.08355e-46 -4.77046e-45  -4.1396e-46  1.47159e-44  1.01391e-45 -2.78001e-44 -1.60635e-45  4.54015e-44  2.40125e-45 -6.70185e-44 -3.23806e-45  9.00814e-44  3.94607e-45 -1.09154e-43 -4.29998e-45  1.17937e-43  4.14402e-45  -1.1214e-43 -3.48098e-45   9.2265e-44  2.50068e-45 -6.42301e-44 -1.49722e-45  3.66706e-44  7.19999e-46 -1.63966e-44 -2.62611e-46  5.32634e-45  6.56614e-47 -1.08632e-45 -8.93684e-48  8.98685e-47
-9.19318e-37 -2.36046e-51  1.76932e-35  9.26749e-52 -2.85129e-35 -2.16942e-51 -1.59895e-35 -7.11884e-51 -1.15258e-34  1.48494e-50  3.37829e-34  3.86978e-50 -1.50932e-34  -1.1769e-49 -3.01727e-35  -7.8645e-50 -5.81107e-35  5.33406e-49  2.89203e-35  7.11924e-49  2.19265e-35 -8.41067e-49  1.08149e-35  2.80217e-49 -4.56191e-35  2.50406e-47  2.79028e-35  3.52548e-47 -1.37745e-35  4.10319e-46  1.41629e-35  6.53038e-45  1.45383e-36   2.2275e-44 -1.29663e-35  5.40457e-44  5.44846e-36  1.50673e-43  2.27497e-36  3.07463e-43 -4.54695e-37  6.50856e-43 -1.43074e-36  1.13462e-42  9.70805e-37  2.06658e-42   1.2747e-37  4.31252e-42 -6.01884e-37  6.01159e-42  1.43583e-37  7.15604e-42   9.0545e-39   9.1596e-42  1.51079e-38  5.50353e-42 -1.33739e-38  1.05431e-41 -2.05985e-38  9.07292e-42  1.91757e-38  9.36501e-42 -2.32809e-39  9.39629e-42  3.30115e-39  7.70729e-42 -2.04896e-39  3.40315e-42  4.14465e-40  2.78708e-42  -3.6487e-41  1.18631e-42 -1.02001e-40 -3.59073e-44  8.85341e-42  5.75874e-43  1.31829e-41 -2.67447e-43  2.28531e-41  6.26386e-44  1.85529e-42 -1.33284e-43 -5.19612e-42 -1.14715e-44   9.3293e-43  1.28908e-45 -5.96093e-44 -6.04486e-45 -2.31908e-44  1.44574e-45 -3.99125e-44   5.6732e-45  1.70151e-44  4.88577e-46  1.89639e-44  2.06601e-45 -4.71804e-44 -2.86881e-45  9.39693e-44   5.2338e-45 -1.60515e-43 -8.00673e-45  2.48711e-43  1.12818e-44 -3.50444e-43 -1.43702e-44  4.47107e-43  1.64532e-44 -5.11456e-43 -1.67534e-44  5.18417e-43  1.49784e-44 -4.58703e-43 -1.15643e-44  3.47424e-43  7.54184e-45 -2.19338e-43 -4.02918e-45  1.11127e-43  1.68489e-45  -4.2626e-44 -5.11863e-46  1.11816e-44  9.76551e-47 -1.59346e-45 -7.55674e-48
 5.34151e-51  -4.1207e-36 -2.38248e-52  3.53735e-35 -3.09676e-51 -4.02956e-35 -3.53396e-50 -2.44817e-35 -4.62582e-50 -1.35366e-34  3.86978e-50  3.80549e-34   4.2005e-50 -1.60001e-34  -7.7749e-50 -2.90882e-35  1.87879e-49 -5.62587e-35  2.70496e-48  2.25077e-35  5.32133e-48   1.3054e-35  4.00689e-48  1.82281e-35  6.93329e-48 -4.20189e-35  1.12682e-46  2.79173e-35  7.62551e-47 -2.03552e-35  7.65585e-46  1.81397e-35   2.3947e-44  1.72492e-36  8.09908e-44 -1.51916e-35  1.86654e-43  5.58084e-36  5.29711e-43  2.99946e-36  1.07481e-42 -4.70778e-37   2.1716e-42 -1.46474e-36  3.82371e-42  1.11067e-36  6.39569e-42  2.42162e-37  1.27787e-41 -7.85101e-37   1.7016e-41  2.15138e-37  1.92782e-41 -5.02813e-38  2.31151e-41  2.97588e-38  1.23973e-41 -8.79461e-39  2.25556e-41 -3.14405e-38  1.98007e-41  2.66371e-38  1.92871e-41 -2.87246e-39  1.78298e-41  4.20218e-39  1.45759e-41 -2.22422e-39  5.12043e-42  5.40319e-40  4.97556e-42 -1.40741e-40  1.98209e-42 -4.93251e-41 -3.29941e-43 -1.21598e-41   8.9947e-43  1.27507e-41 -4.74568e-43  3.17028e-41  8.80527e-44  3.47938e-42 -2.06003e-43 -7.63965e-42 -1.67629e-44  9.35046e-43 -5.05693e-46  1.00888e-43 -4.76354e-45 -4.62199e-44  1.66612e-45 -3.95218e-44  1.11731e-44 -3.61382e-44 -2.64942e-45  1.49522e-43  9.47373e-45 -2.95681e-43 -1.51196e-44  5.28598e-43  2.47224e-44 -8.55041e-43 -3.60622e-44  1.26305e-42  4.79618e-44 -1.69436e-42 -5.75109e-44  2.04838e-42  6.16462e-44 -2.20802e-42 -5.83836e-44  2.09394e-42  4.81438e-44 -1.71693e-42 -3.39106e-44  1.18931e-42  1.98795e-44 -6.73966e-43 -9.34598e-45  2.98065e-43  3.32692e-45 -9.53592e-44 -8.10379e-46  1.90757e-44  1.07255e-46 -1.54444e-45
-1.65423e-37   1.1166e-50 -8.03371e-36  9.67023e-51  5.31549e-35 -3.93305e-51 -4.92627e-35 -7.82188e-50 -2.94003e-35 -8.89862e-50 -1.50932e-34   4.2005e-50  4.10018e-34  6.13865e-50 -1.63983e-34  3.39066e-49 -2.73136e-35  1.82799e-48 -5.47127e-35  1.44541e-47  2.49967e-35  3.40335e-47 -3.32481e-36  5.13782e-47  2.63816e-35  5.87832e-47 -3.52762e-35  5.05546e-46  2.56735e-35  1.42511e-46 -2.64745e-35  3.63617e-46   2.1726e-35  8.32881e-44  2.52707e-36  2.78272e-43 -1.75683e-35  6.06106e-43  5.30974e-36  1.73716e-42  3.78795e-36  3.47234e-42 -5.98703e-37  6.69188e-42 -1.31217e-36  1.18496e-41   1.1977e-36  1.83633e-41  4.18846e-37  3.51559e-41  -9.4741e-37  4.48133e-41  2.94959e-37  4.84237e-41 -1.37864e-37  5.43716e-41  4.40451e-38  2.61311e-41  3.61159e-39  4.48034e-41 -4.39777e-38  4.03229e-41  3.55939e-38   3.6978e-41 -3.44213e-39  3.11923e-41  5.02253e-39  2.57854e-41 -2.15169e-39  6.40274e-42  7.02787e-40  8.38723e-42 -3.25802e-40  3.11814e-42   5.0686e-41  -9.2649e-43 -4.61816e-41   1.3293e-42  8.75213e-42  -7.4535e-43  4.22391e-41     1.24e-43  5.46625e-42  -2.8221e-43 -1.07031e-41 -1.28361e-44  7.44504e-43 -2.34785e-45  3.65343e-43  2.41408e-45  -1.3049e-43   -1.495e-45  9.64367e-44  2.60054e-44 -3.96976e-43 -2.06235e-44  8.82885e-43  4.32899e-44 -1.62544e-42 -6.97421e-44  2.74828e-42  1.06524e-43  -4.2487e-42 -1.47262e-43  5.99145e-42  1.84477e-43 -7.64899e-42  -2.0741e-43  8.75796e-42  2.07158e-43 -8.88489e-42   -1.814e-43  7.86232e-42  1.36936e-43 -5.94461e-42 -8.71422e-44  3.73403e-42  4.53203e-44 -1.87273e-42 -1.83986e-44  7.06255e-43  5.40941e-45 -1.80748e-43 -9.95337e-46  2.49703e-44   7.4014e-47
-2.56235e-51 -4.35911e-37   1.8467e-50 -1.05982e-35  3.09334e-50  6.65318e-35   5.1107e-51 -5.52092e-35 -1.13608e-49 -3.07326e-35  -1.1769e-49 -1.60001e-34  6.13865e-50  4.28307e-34  3.55225e-49 -1.67136e-34  2.88004e-48 -2.37686e-35  1.13584e-47 -5.43959e-35  7.27751e-47  3.58792e-35  1.86095e-46 -2.50363e-35  3.45022e-46  3.49029e-35   3.8613e-46  -2.5072e-35  2.27547e-45  2.04867e-35  5.89511e-46 -3.16681e-35 -4.34676e-45  2.48478e-35  2.76062e-43  3.81639e-36  9.06961e-43 -1.99314e-35  1.85803e-42  4.51715e-36  5.33101e-42  4.59882e-36   1.0417e-41 -8.57104e-37  1.91274e-41 -9.28438e-37  3.39302e-41  1.20184e-36  4.90625e-41  6.57931e-37  9.00686e-41 -1.05361e-36  1.10067e-40  3.73566e-37  1.13692e-40 -2.46316e-37  1.19495e-40  5.32544e-38  5.17786e-41   2.6062e-38  8.28362e-41 -5.68764e-38  7.69191e-41  4.59682e-38  6.63114e-41 -3.82837e-39  5.03301e-41  5.58212e-39   4.2909e-41 -1.71977e-39  5.68446e-42  8.94609e-40  1.34434e-41   -6.109e-40  4.63218e-42  2.03485e-40 -1.90066e-42 -9.28837e-41  1.87774e-42 -1.39793e-42 -1.02779e-42  5.45578e-41    1.804e-43  7.56622e-42 -3.33697e-43 -1.42131e-41  1.50419e-44  2.58686e-43 -4.60304e-45  8.47037e-43   2.5163e-44 -5.83742e-43 -2.26763e-44  1.04473e-42  7.86618e-44 -2.41851e-42 -1.04059e-43  4.72076e-42  1.86215e-43  -8.3096e-42 -2.90194e-43  1.34605e-41  4.17692e-43 -1.99561e-41 -5.44734e-43  2.69177e-41  6.40212e-43 -3.27446e-41 -6.71361e-43  3.55287e-41  6.20768e-43 -3.38939e-41 -4.98512e-43  2.78984e-41  3.40914e-43 -1.93191e-41 -1.93317e-43  1.08702e-41  8.75137e-44 -4.72656e-42 -2.98316e-44  1.46821e-42    6.912e-45 -2.81421e-43 -8.63338e-46  2.16436e-44
-5.94798e-37  -6.3399e-51 -1.39576e-36  2.86422e-50 -1.03632e-35  6.28968e-50  7.20148e-35  2.76249e-50  -5.8367e-35 -1.22871e-49 -3.01727e-35  -7.7749e-50 -1.63983e-34  3.55225e-49  4.40513e-34   2.3709e-48 -1.73973e-34  1.64088e-47 -1.81635e-35  6.08922e-47 -5.55425e-35  3.39264e-46  5.24001e-35  9.02699e-46 -4.87706e-35   1.8372e-45  4.28762e-35  2.18812e-45 -1.12833e-35   1.0136e-44  1.25289e-35  4.93365e-45 -3.58629e-35 -2.15851e-44  2.76557e-35  8.74875e-43   5.3819e-36  2.81143e-42 -2.20722e-35  5.39499e-42  3.16484e-36  1.53521e-41  5.30892e-36  2.91343e-41 -1.20592e-36  5.08963e-41 -2.80512e-37  9.01413e-41  1.10195e-36  1.22319e-40  9.45597e-37  2.15475e-40 -1.06642e-36   2.5264e-40  4.35272e-37  2.50038e-40 -3.58587e-37  2.45795e-40  5.14741e-38  9.68446e-41  5.96484e-38  1.42767e-40 -6.82151e-38  1.37852e-40  5.74826e-38  1.11714e-40 -3.69051e-39  7.47801e-41  5.69436e-39  6.75457e-41 -8.18061e-40   3.3554e-43  1.08567e-39   2.0648e-41 -1.00389e-39  6.50975e-42  4.08731e-40 -3.19024e-42 -1.49711e-40  2.56498e-42 -2.01769e-41 -1.20855e-42  6.88078e-41  2.73608e-43  9.33434e-42 -3.16219e-43 -1.76889e-41  9.18614e-44 -8.64118e-43  -1.7956e-44  2.26253e-42  9.78223e-44 -3.10085e-42 -1.25139e-43   6.3404e-42  2.84867e-43 -1.29237e-41 -4.47941e-43  2.38779e-41  7.38038e-43 -4.05423e-41 -1.09514e-42  6.33192e-41  1.48426e-42 -9.03923e-41  -1.8164e-42  1.17035e-40  1.99071e-42 -1.36016e-40 -1.93219e-42  1.40009e-40    1.638e-42 -1.25428e-40 -1.19135e-42  9.55405e-41  7.25985e-43 -5.99571e-41 -3.58692e-43  2.96643e-41  1.36902e-43 -1.08434e-41 -3.73192e-44  2.63147e-42  6.24818e-45 -3.37261e-43 -4.12044e-46
-2.78374e-51 -3.14006e-36 -1.33007e-50 -3.27051e-36  4.21525e-50 -6.72925e-36  9.85274e-50  6.82509e-35  6.55156e-50 -5.91282e-35  -7.8645e-50 -2.90882e-35  3.39066e-49 -1.67136e-34   2.3709e-48  4.52068e-34  1.34605e-47 -1.86517e-34  8.14361e-47 -1.22984e-35  2.92534e-46 -5.75114e-35  1.46799e-45  7.08978e-35  3.97715e-45 -7.11162e-35   8.5088e-45  4.89481e-35  1.10679e-44  5.77755e-36  4.37307e-44  2.83179e-36  3.51035e-44 -3.92235e-35 -5.29772e-44  3.04437e-35  2.65572e-42  6.90252e-36  8.30191e-42 -2.37464e-35  1.48775e-41  1.32423e-36  4.15912e-41   5.7026e-36  7.62194e-41  -1.5466e-36  1.26474e-40  6.52913e-37  2.22967e-40   8.9729e-37  2.85295e-40   1.2521e-36  4.82528e-40 -9.51646e-37  5.42875e-40  4.57639e-37  5.16015e-40 -4.48554e-37  4.73686e-40  3.25547e-38  1.71583e-40  1.03673e-37  2.29459e-40 -7.55934e-38  2.32619e-40  6.95465e-38  1.77587e-40 -2.60652e-39  1.01871e-40  5.22075e-39  1.01171e-40  6.45951e-40 -1.32641e-41  1.21656e-39  3.06588e-41 -1.49346e-39  8.66182e-42  6.58615e-40  -4.4614e-42 -2.11939e-40  3.43132e-42 -4.91106e-41 -1.10943e-42  8.52213e-41  4.26504e-43  9.98458e-42 -1.79458e-43 -1.98569e-41  2.67769e-43 -4.38406e-42 -1.02109e-43   8.6465e-42   3.5315e-43 -1.65521e-41 -5.55868e-43  3.39387e-41  1.07076e-42 -6.57418e-41 -1.72618e-42   1.1752e-40   2.6655e-42 -1.93878e-40 -3.73281e-42  2.93877e-40  4.73873e-42 -4.06211e-40 -5.39897e-42  5.07077e-40  5.46358e-42 -5.64441e-40 -4.84575e-42  5.51051e-40  3.70295e-42 -4.61654e-40 -2.38365e-42   3.2236e-40  1.25312e-42 -1.80282e-40 -5.14433e-43  7.62966e-41  1.53734e-43 -2.24023e-41 -2.95326e-44  3.90991e-42  2.75635e-45 -2.63925e-43
 1.52365e-36 -6.89165e-51  -7.8289e-36 -2.46003e-50 -5.54951e-36  5.62885e-50  1.33679e-37  1.25094e-49  5.68101e-35  1.50547e-49 -5.81107e-35  1.87879e-49 -2.73136e-35  2.88004e-48 -1.73973e-34  1.34605e-47  4.66587e-34  6.74712e-47 -2.03225e-34  3.67067e-46 -9.99408e-36  1.28096e-45 -5.90555e-35  5.92843e-45  8.82084e-35  1.61581e-44 -8.95542e-35  3.55747e-44  5.17936e-35  5.07526e-44  2.52277e-35  1.79412e-43 -7.06631e-36  1.97245e-43 -4.19102e-35 -5.18763e-45  3.35084e-35  7.72568e-42  8.04647e-36  2.33718e-41 -2.46792e-35  3.90476e-41 -8.30453e-37  1.06243e-40  5.50959e-36  1.87053e-40 -1.74765e-36  2.94294e-40  1.88196e-36  5.15033e-40  6.17088e-37  6.23938e-40  1.53304e-36  1.01364e-39 -6.82533e-37  1.09365e-39  4.12134e-37   1.0008e-39 -4.84172e-37  8.55559e-40 -8.52555e-39  2.88843e-40  1.55104e-37   3.4362e-40 -7.63021e-38   3.7016e-40  8.11779e-38  2.67682e-40 -1.81755e-40  1.26184e-40  4.12728e-39  1.45077e-40  2.72581e-39  -3.9173e-41  1.19855e-39  4.44417e-41 -2.04185e-39  1.09172e-41  9.36047e-40 -4.97612e-42 -2.72835e-40  4.55078e-42 -8.82543e-41 -5.12821e-43  1.04449e-40  6.74292e-43  7.45677e-42  9.20141e-44 -1.60815e-41  6.82756e-43  -1.9816e-41 -5.07581e-43  4.16313e-41  1.27995e-42 -8.71379e-41 -2.18043e-42  1.75945e-40  3.83399e-42 -3.32149e-40 -5.98836e-42  5.81345e-40  8.66553e-42 -9.39184e-40 -1.13439e-41   1.3908e-39  1.33485e-41 -1.87016e-39 -1.39596e-41   2.2558e-39  1.27971e-41 -2.40261e-39 -1.00986e-41  2.21377e-39  6.69144e-42 -1.71768e-39 -3.59106e-42  1.08231e-39  1.47382e-42 -5.26425e-40 -4.15528e-43  1.83389e-40  6.03913e-44 -4.05006e-41  1.97702e-45  4.42462e-42  -1.2629e-45
 2.52148e-51  4.92473e-36 -1.32852e-50 -1.41185e-35 -3.93653e-50 -7.21399e-36  6.24053e-50  9.06079e-36  1.30818e-49   4.1901e-35  5.33406e-49 -5.62587e-35  1.82799e-48 -2.37686e-35  1.64088e-47 -1.86517e-34  6.74712e-47  4.85348e-34  3.06633e-46 -2.19946e-34  1.52545e-45 -1.57359e-35  5.17682e-45 -5.88991e-35  2.24725e-44  1.02507e-34  6.11805e-44 -1.03072e-34  1.36879e-43  5.06745e-35  2.12958e-43  4.56803e-35  6.92073e-43 -1.56063e-35  9.22791e-43 -4.38947e-35  7.01818e-43  3.70039e-35  2.15291e-41  8.57288e-36  6.27469e-41 -2.45705e-35  9.77014e-41 -3.07028e-36  2.56435e-40  4.49018e-36  4.31701e-40 -1.68909e-36  6.42788e-40  3.40483e-36  1.11379e-39  3.24245e-37  1.28211e-39  1.73426e-36  2.00125e-39 -2.42607e-37  2.06779e-39  2.66265e-37  1.82633e-39 -4.32782e-37  1.44755e-39 -7.41384e-38  4.63138e-40  2.08297e-37  4.78254e-40 -6.75679e-38  5.56013e-40  9.10243e-38  3.84856e-40   3.8045e-39  1.40013e-40  2.52206e-39  2.00449e-40  5.41521e-39 -8.07965e-41  9.21983e-40  6.35184e-41  -2.5802e-39   1.3048e-41  1.21298e-39  -3.5219e-42 -3.23532e-40    6.046e-42 -1.36879e-40  7.66581e-43   1.2972e-40  1.10685e-42 -7.23542e-42  3.43191e-43  1.61661e-41  1.80465e-42 -9.94287e-41 -2.13414e-42  2.19157e-40  4.49721e-42 -4.64896e-40 -7.66339e-42  9.28817e-40  1.25276e-41 -1.73109e-39 -1.84675e-41  2.99059e-39  2.47901e-41  -4.7556e-39 -2.98313e-41   6.8971e-39  3.18084e-41 -9.01625e-39 -2.95438e-41  1.04665e-38  2.33278e-41  -1.0586e-38 -1.50622e-41  9.10147e-39  7.38642e-42 -6.43795e-39 -2.24531e-42  3.58173e-39 -3.16364e-44 -1.46822e-39  4.41864e-43  4.00236e-40 -2.24278e-43 -6.03052e-41  4.67552e-44  3.09604e-42
-6.33813e-37  5.78845e-51  9.76797e-36 -2.19302e-50 -2.12214e-35 -5.47639e-50 -7.28701e-36  3.58301e-50  1.77048e-35  1.57832e-49  2.89203e-35  2.70496e-48 -5.47127e-35  1.13584e-47 -1.81635e-35  8.14361e-47 -2.03225e-34  3.06633e-46  5.08056e-34   1.2822e-45 -2.31938e-34  5.90397e-45 -3.28076e-35  1.95084e-44 -5.62764e-35  8.03891e-44  1.13344e-34   2.1763e-43 -1.12228e-34  4.90292e-43  4.57814e-35  8.23218e-43  6.54972e-35  2.49705e-42 -2.15821e-35  3.74271e-42 -4.49118e-35  4.49364e-42  4.08547e-35  5.74149e-41  8.38578e-36  1.60648e-40 -2.30987e-35  2.33337e-40 -5.19248e-36  5.85961e-40  2.54627e-36  9.38987e-40 -1.31049e-36  1.32062e-39  5.20417e-36  2.25972e-39  1.11101e-37   2.4798e-39  1.80056e-36  3.71948e-39  3.72533e-37  3.67191e-39 -1.25993e-38  3.13839e-39 -2.67589e-37  2.29051e-39 -1.62687e-37  7.08664e-40  2.55137e-37  6.15648e-40 -4.69014e-38  7.88888e-40   9.7519e-38  5.31844e-40  9.26068e-39  1.35472e-40  6.54623e-40  2.68557e-40   8.6344e-39 -1.39413e-40  2.72784e-40  9.02751e-41 -3.00893e-39  1.48455e-41  1.44929e-39    1.525e-42 -3.51479e-40  8.11873e-42 -1.98604e-40  2.72687e-42  1.79646e-40  2.04742e-42 -8.39649e-41 -1.63982e-43  2.03675e-40    5.159e-42 -5.45849e-40 -7.77454e-42  1.22526e-39  1.46065e-41 -2.60199e-39 -2.38196e-41  5.17336e-39  3.59862e-41 -9.56654e-39 -4.88203e-41  1.63312e-38  5.91401e-41 -2.55057e-38 -6.26785e-41   3.6036e-38  5.64977e-41 -4.54227e-38 -4.10469e-41  5.01988e-38   2.0955e-41 -4.75747e-38 -3.10654e-42  3.75599e-38 -7.19576e-42 -2.37484e-38  9.19701e-42   1.1368e-38 -6.28351e-42 -3.77961e-39  2.71476e-42  7.52991e-40 -6.84348e-43 -6.56513e-41  6.67268e-44
 1.47836e-51 -1.35087e-36  9.41755e-51  1.48734e-35 -3.09292e-50 -2.84343e-35 -6.90425e-50 -5.27198e-36 -9.57338e-50  2.29524e-35  7.11924e-49  2.25077e-35  1.44541e-47 -5.43959e-35  6.08922e-47 -1.22984e-35  3.67067e-46 -2.19946e-34   1.2822e-45  5.33812e-34  4.98642e-45 -2.35712e-34  2.14669e-44 -6.17816e-35  6.91668e-44 -5.11504e-35  2.72739e-43  1.21109e-34  7.31856e-43 -1.18721e-34  1.64732e-42  3.81989e-35  2.94776e-42  8.31329e-35  8.41632e-42 -2.42761e-35  1.35085e-41 -4.45261e-35   1.9647e-41  4.47643e-35  1.46359e-40   7.5064e-36  3.92174e-40  -1.9916e-35  5.32383e-40 -7.11568e-36  1.26989e-39 -1.75625e-37   1.9285e-39 -6.44056e-37  2.55698e-39  7.24111e-36   4.3085e-39  8.71309e-38  4.52141e-39  1.68751e-36  6.51676e-39  1.15365e-36  6.12521e-39 -4.51672e-37  5.08053e-39  2.59817e-38  3.37845e-39 -2.67888e-37  1.03617e-39  2.85749e-37  7.26759e-40 -1.25461e-38  1.05783e-39  9.91538e-38  7.13598e-40  1.57092e-38  1.08629e-40 -1.12905e-39  3.50894e-40  1.22299e-38 -2.12723e-40 -8.45698e-40  1.28231e-40 -3.20461e-39  1.62608e-41  1.59123e-39  1.19372e-41 -3.30913e-40  1.11549e-41  -3.1081e-40   4.8318e-42  3.68804e-40  4.61891e-42 -5.30532e-40 -3.82975e-42  1.33257e-39  1.50535e-41 -3.25195e-39 -2.44926e-41  7.34701e-39    4.165e-41 -1.55777e-38 -6.25687e-41  3.07693e-38  8.44779e-41 -5.62039e-38  -9.9354e-41  9.41152e-38  9.81312e-41 -1.42972e-37  -7.4077e-41  1.94547e-37  2.89114e-41 -2.33444e-37  2.47266e-41  2.42203e-37 -6.75918e-41 -2.11814e-37  8.44037e-41  1.50897e-37 -7.35045e-41 -8.34727e-38  4.71973e-41  3.33758e-38 -2.18493e-41 -8.57347e-39  6.70038e-42   1.1254e-39 -1.08998e-42 -3.91105e-41
 1.20596e-37  4.77645e-51 -1.60318e-36  1.22327e-50   1.9139e-35  -3.4199e-50 -3.51452e-35 -8.82685e-50  -1.2702e-36 -4.77341e-49  2.19265e-35  5.32133e-48  2.49967e-35  7.27751e-47 -5.55425e-35  2.92534e-46 -9.99408e-36  1.52545e-45 -2.31938e-34  4.98642e-45  5.61507e-34   1.8206e-44 -2.30017e-34  7.39276e-44 -9.99363e-35  2.32579e-43 -4.40729e-35  8.81574e-43   1.2641e-34  2.33814e-42 -1.24691e-34  5.21914e-42  2.95245e-35  9.82267e-42  9.74684e-35  2.65232e-41 -2.33955e-35  4.41491e-41 -4.22461e-35  7.06722e-41  4.83299e-35  3.56215e-40  5.96431e-36   9.1272e-40 -1.46331e-35  1.16111e-39 -8.96448e-36  2.61455e-39 -3.22545e-36   3.7461e-39  1.81086e-37  4.67353e-39  9.45074e-36  7.72985e-39  3.60066e-37  7.78062e-39  1.37445e-36  1.07757e-38  2.07592e-36  9.59433e-39 -1.06579e-36   7.7465e-39  4.45369e-37  4.61686e-39  -3.7898e-37  1.44895e-39  2.89824e-37  7.75042e-40  3.60494e-38  1.34166e-39  9.47914e-38  9.41405e-40  2.23173e-38  6.53972e-41 -2.46052e-39  4.49029e-40  1.59888e-38 -2.93977e-40 -2.49149e-39  1.82096e-40 -3.02984e-39   1.7621e-41  1.55555e-39  2.91119e-41 -1.59171e-40  1.60577e-41 -7.38538e-40  5.23554e-42  1.46009e-39  1.20432e-41 -3.41092e-39 -1.66058e-41  8.68215e-39  4.04415e-41 -2.09081e-38 -6.34203e-41  4.71046e-38  9.42346e-41 -9.89352e-38 -1.19385e-40  1.92338e-37  1.22652e-40 -3.43317e-37 -8.19155e-41  5.57308e-37 -1.72253e-41 -8.13401e-37  1.67876e-40  1.05262e-36  -3.3275e-40 -1.18698e-36  4.53811e-40  1.14062e-36 -4.81642e-40 -9.06878e-37  4.07748e-40   5.7276e-37  -2.7277e-40 -2.70779e-37  1.39337e-40  8.72343e-38 -5.07656e-41 -1.61636e-38  1.14433e-41  1.15386e-39 -1.03229e-42
 2.09648e-52  1.24546e-37  1.11502e-50 -1.01324e-36  1.50265e-50  2.20179e-35 -7.90465e-51 -4.07498e-35 -1.34814e-49  4.24463e-36 -8.41067e-49   1.3054e-35  3.40335e-47  3.58792e-35  3.39264e-46 -5.75114e-35  1.28096e-45 -1.57359e-35  5.90397e-45 -2.35712e-34   1.8206e-44  5.89686e-34  6.29652e-44 -2.15926e-34  2.42961e-43 -1.41767e-34  7.47002e-43 -3.58809e-35   2.7253e-42  1.29769e-34  7.12326e-42 -1.31986e-34  1.56525e-41   2.1293e-35  3.05814e-41  1.08085e-34  7.83044e-41 -1.89445e-35  1.32255e-40 -3.76248e-35   2.2238e-40  5.12336e-35  8.26929e-40  3.64489e-36  2.02491e-39 -6.80375e-36  2.42148e-39 -1.11158e-35  5.12216e-39 -5.86307e-36  6.89211e-39  9.66173e-37  8.07577e-39  1.17445e-35  1.30603e-38  1.01284e-36  1.26472e-38  8.75758e-37  1.68309e-38  3.09676e-36  1.40937e-38 -1.85012e-36   1.1114e-38  9.68466e-37  5.78029e-39 -4.81949e-37  1.93899e-39  2.58344e-37  7.26205e-40  9.79009e-38  1.61214e-39  8.39139e-38  1.23815e-39  2.80266e-38  2.80029e-41 -3.01812e-39  5.63889e-40  1.96645e-38  -3.7217e-40 -4.67835e-39  2.57407e-40 -2.31149e-39  1.99546e-41  1.09032e-39  5.32188e-41  8.09428e-40  2.49738e-41 -3.38768e-39  -3.3729e-43  8.90585e-39  3.05327e-41 -2.34373e-38 -4.62486e-41  5.95538e-38  8.44542e-41 -1.41902e-37 -1.07937e-40  3.15108e-37  1.04895e-40 -6.48163e-37 -2.61236e-41  1.22594e-36 -1.81258e-40 -2.11397e-36   5.5453e-40  3.28956e-36 -1.07242e-39 -4.56264e-36  1.62691e-39  5.55472e-36 -2.03915e-39 -5.82093e-36  2.13793e-39  5.11795e-36 -1.86542e-39 -3.64655e-36  1.33065e-39   2.0038e-36 -7.51487e-40  -7.8749e-37  3.18233e-40  1.94755e-37 -9.14799e-41 -2.32687e-38  1.41831e-41  5.38905e-40
-1.66638e-37   2.0001e-51  -7.3446e-38   2.8332e-50  2.42826e-37  3.26221e-50    2.363e-35  1.66339e-49 -4.46626e-35 -2.07422e-49  1.08149e-35  4.00689e-48 -3.32481e-36  1.86095e-46  5.24001e-35  1.46799e-45 -5.90555e-35  5.17682e-45 -3.28076e-35  2.14669e-44 -2.30017e-34  6.29652e-44  6.16376e-34  2.07998e-43 -1.96344e-34  7.67084e-43 -1.80373e-34  2.30522e-42 -2.74809e-35  8.08273e-42  1.31728e-34  2.07503e-41 -1.41573e-34  4.45632e-41  1.43723e-35  8.92656e-41  1.15488e-34  2.17087e-40 -1.11756e-35  3.66402e-40 -3.03306e-35  6.30215e-40   5.3451e-35  1.82954e-39  1.56645e-37   4.2822e-39  4.06942e-36  4.82955e-39 -1.41808e-35  9.56257e-39  -7.1563e-36  1.20237e-38  1.49162e-36  1.32105e-38   1.4023e-35  2.07878e-38   2.0798e-36  1.94251e-38  2.46264e-37  2.48477e-38  4.15502e-36  1.93678e-38 -2.77439e-36  1.49705e-38  1.55434e-36  6.48426e-39 -5.61597e-37  2.48507e-39  1.85337e-37  5.63666e-40  1.70501e-37  1.84126e-39  6.67248e-38  1.64318e-39  3.17288e-38  3.99455e-41 -2.55939e-39  6.94355e-40   2.3023e-38 -4.33507e-40 -7.46407e-39  3.59548e-40 -5.25805e-40  2.54084e-41 -1.34895e-39  8.23232e-41  7.35829e-39  4.12373e-41 -2.25864e-38 -1.56625e-41  6.32698e-38  5.68064e-41 -1.68433e-37   -6.412e-41  4.21816e-37  4.84191e-41  -9.8495e-37  9.51711e-41  2.13216e-36 -4.70434e-40  -4.2512e-36  1.23038e-39  7.74751e-36 -2.48312e-39 -1.27886e-35  4.19048e-39  1.89109e-35  -6.0653e-39 -2.47123e-35  7.57881e-39  2.80521e-35 -8.14796e-39 -2.70511e-35  7.45675e-39  2.15088e-35 -5.70409e-39 -1.35268e-35  3.54596e-39  6.32769e-36 -1.71446e-39 -1.99458e-36  5.98902e-40  3.52258e-37 -1.30683e-40 -2.16494e-38  1.14975e-41
-5.73297e-52 -2.78523e-37  1.31717e-50 -3.91031e-37   1.1128e-49  1.50102e-36  1.54591e-49   2.4575e-35  1.07177e-48 -4.64022e-35  2.80217e-49  1.82281e-35  5.13782e-47 -2.50363e-35  9.02699e-46  7.08978e-35  5.92843e-45 -5.88991e-35  1.95084e-44 -6.17816e-35  7.39276e-44 -2.15926e-34  2.07998e-43  6.39377e-34  6.61033e-43 -1.75248e-34  2.33869e-42 -2.09193e-34  6.86484e-42 -1.98534e-35  2.30489e-41  1.33115e-34  5.78992e-41  -1.5315e-34  1.20705e-40  8.44501e-36   2.4504e-40  1.21313e-34  5.66551e-40 -6.72008e-37  9.45233e-40 -2.02026e-35  1.63554e-39  5.54037e-35  3.85536e-39 -5.21295e-36  8.63248e-39  1.84795e-35  9.21197e-39 -1.89077e-35  1.70357e-38 -6.15293e-36  1.99072e-38  1.56934e-36  2.04813e-38  1.61977e-35  3.11599e-38  3.52703e-36  2.81833e-38 -4.22835e-37   3.4684e-38  5.17327e-36  2.47909e-38 -3.78081e-36  1.88527e-38  2.14724e-36   6.1905e-39  -6.0398e-37  3.05499e-39   6.9107e-38  3.07055e-40  2.50302e-37  2.01085e-39  4.40787e-38  2.21427e-39   3.2414e-38  1.66819e-40 -9.44516e-40  8.35361e-40  2.60663e-38 -4.63914e-40 -1.17368e-38  4.92341e-40  5.90955e-39  3.67295e-41 -1.76158e-38  1.15211e-40  5.66096e-38  5.72958e-41 -1.67997e-37 -6.28164e-42  4.68715e-37 -2.31889e-41 -1.22714e-36  2.36141e-40  2.99892e-36 -7.82786e-40 -6.80233e-36  2.02301e-39  1.42377e-35 -4.35563e-39 -2.73112e-35  8.14115e-39  4.76236e-35 -1.33855e-38 -7.47496e-35  1.94272e-38  1.04337e-34 -2.48261e-38 -1.27556e-34  2.77367e-38  1.33941e-34 -2.67808e-38 -1.17727e-34  2.19714e-38   8.3609e-35 -1.49474e-38 -4.56065e-35  8.13363e-39  1.76709e-35 -3.34444e-39 -4.24884e-36  9.39211e-40  4.73502e-37 -1.42971e-40  -7.0507e-39
