 6.61463e-34 -9.68593e-38 -2.61185e-34 -6.43899e-36  8.34855e-35 -1.34646e-35 -1.58193e-34 -1.69288e-35  1.15395e-34  6.38751e-36  6.00607e-34 -4.19778e-36 -1.30607e-34 -7.99252e-36  -2.3772e-35 -4.77198e-36  2.63993e-35  7.97742e-37 -7.82725e-35  3.10962e-36  5.05962e-34  1.40623e-36 -3.42372e-33  5.41808e-38  2.04365e-32 -5.69613e-37  -1.0774e-31  8.59605e-38  5.04779e-31  1.95579e-37 -2.10889e-30  3.51593e-38   7.8725e-30 -9.95586e-39  -2.6289e-29  9.74947e-40  7.85532e-29  2.33861e-39  -2.0991e-28  2.94033e-38  5.00858e-28 -1.84697e-37 -1.06433e-27  8.40289e-37  2.00639e-27 -3.21082e-36 -3.33634e-27  1.07562e-35  4.85456e-27 -3.21678e-35 -6.10905e-27  8.67361e-35   6.5316e-27   -2.121e-34 -5.76118e-27  4.71988e-34  3.96187e-27 -9.57538e-34 -1.83546e-27  1.77197e-33  2.16376e-28 -2.98955e-33  4.68528e-28  4.59089e-33 -4.06664e-28 -6.39849e-33  1.06552e-28  8.05662e-33  6.32714e-29 -9.09935e-33 -5.94243e-29  9.11173e-33  6.85708e-30 -7.92484e-33   1.2411e-29  5.73804e-33 -4.95006e-30 -3.07903e-33 -1.59402e-30   6.0127e-34  1.25089e-30  1.17747e-33  1.42298e-31 -2.05248e-33 -2.22818e-31  2.14114e-33  -1.2602e-32 -1.74945e-33  3.14612e-32  1.19828e-33  2.25966e-33 -7.05959e-34  -3.5106e-33  3.61474e-34 -4.63878e-34 -1.61241e-34  2.77869e-34  6.24102e-35   6.4398e-35 -2.07163e-35 -1.17845e-35  5.74774e-36  -5.3619e-36 -1.25714e-36 -1.69521e-38  1.81834e-37   2.0668e-37 -1.28622e-39  3.01813e-38 -8.41036e-39 -2.83546e-39  2.71486e-39 -8.53585e-40 -4.76814e-40 -5.50879e-41  4.75402e-41  5.28767e-42  -1.8553e-42  9.06749e-43 -9.11132e-44  2.23659e-44  1.07514e-44 -8.22092e-46 -3.48531e-46 -4.45661e-47  6.77688e-48
-9.68593e-38  1.60351e-33 -9.32353e-37 -4.78917e-34 -2.74836e-35  2.84296e-34 -5.09354e-35 -1.30105e-34 -3.93059e-35  2.15808e-34  1.69669e-35  9.67563e-34 -5.11514e-36  -2.1906e-34 -1.23771e-35 -9.47586e-35 -9.21453e-36  3.76341e-34  1.06997e-36 -2.68173e-33  5.96013e-36  1.91338e-32  3.53814e-36 -1.21414e-31 -1.02478e-37  6.80849e-31 -1.27577e-36 -3.38752e-30  1.53422e-37  1.50096e-29   4.4596e-37 -5.93762e-29  8.62815e-38  2.10039e-28  2.58865e-38 -6.64892e-28 -7.19232e-38  1.88325e-27  1.98306e-37 -4.76784e-27 -2.93335e-37  1.07674e-26 -4.22048e-37 -2.16213e-26  5.58827e-36  3.84225e-26 -2.81356e-35 -6.00225e-26  1.06346e-34  8.16374e-26 -3.37662e-34 -9.53086e-26  9.37703e-34  9.33917e-26 -2.32098e-33 -7.38389e-26   5.1718e-33  4.32601e-26 -1.04321e-32 -1.40301e-26  1.91027e-32 -3.51826e-27 -3.17879e-32  7.51518e-27  4.80499e-32 -3.90517e-27  -6.5857e-32 -2.73684e-29  8.15702e-32  1.15012e-27 -9.08075e-32 -4.90962e-28   9.0077e-32 -1.16096e-28 -7.84752e-32  1.53194e-28  5.84548e-32 -1.15615e-29  -3.5047e-32 -2.96813e-29  1.38312e-32  6.51817e-30  1.24238e-33  4.61576e-30 -9.00672e-33 -1.34561e-30  1.07684e-32 -6.51299e-31 -9.02341e-33  1.78053e-31  6.11744e-33  8.52717e-32 -3.51063e-33 -1.46866e-32  1.73663e-33 -9.37517e-33 -7.45493e-34  3.81491e-34  2.77541e-34  7.41233e-34 -8.88517e-35  6.17279e-35  2.39287e-35 -3.38218e-35 -5.14217e-36 -6.91481e-36  7.56579e-37  3.78389e-37 -2.26715e-38  2.73639e-37 -2.53838e-38  2.05509e-38  8.17512e-39 -2.57749e-39 -1.31832e-39 -5.73248e-40  1.10546e-40 -2.33623e-41 -2.46823e-42  2.06784e-42  -2.4862e-43  1.76358e-43  1.22651e-44  3.61863e-45 -1.68683e-46 -2.07513e-47
-2.61185e-34 -9.32353e-37  3.23442e-33 -4.38135e-36 -7.15074e-34 -7.29329e-35  4.71195e-34 -1.17093e-34  2.48548e-35 -5.82511e-35  2.86865e-34   3.5684e-35  1.07498e-33 -4.01699e-37 -1.92858e-34 -1.03403e-35 -1.11652e-33 -1.49603e-35  9.46799e-33  1.34923e-37 -7.24695e-32  7.82444e-36  4.90865e-31  6.15407e-36 -2.93093e-30 -5.02063e-37  1.54986e-29 -2.01376e-36 -7.28732e-29  1.96352e-37  3.05596e-28  7.50898e-37  -1.1453e-27  4.86438e-38  3.84055e-27  5.78555e-37 -1.15266e-26  -1.7727e-36  3.09456e-26  5.25994e-36 -7.42054e-26 -1.31045e-35  1.58522e-25  2.51482e-35 -3.00521e-25 -2.41688e-35  5.02758e-25 -7.28324e-35 -7.36344e-25  5.39758e-34  9.33293e-25 -2.10438e-33 -1.00587e-24  6.39564e-33  8.95514e-25 -1.65213e-32 -6.23088e-25  3.74977e-32    2.941e-25 -7.59619e-32 -3.87085e-26  1.38462e-31 -7.27163e-26  -2.2802e-31  6.54919e-26   3.3976e-31 -1.81821e-26  -4.5788e-31 -9.76125e-27    5.569e-31  9.77668e-27 -6.08795e-31 -1.31818e-27  5.94169e-31 -2.00369e-27 -5.12057e-31   8.6066e-28   3.8226e-31  2.46348e-28 -2.37861e-31 -2.15541e-28  1.11607e-31 -1.92652e-29 -2.37894e-32  3.85293e-29 -2.22083e-32  1.31357e-30  3.59114e-32 -5.51658e-30 -3.15906e-32 -2.73734e-31  2.12949e-32  6.29649e-31  -1.1897e-32  6.99509e-32  5.67161e-33 -5.18557e-32 -2.33572e-33 -1.08356e-32  8.34075e-34  2.43621e-33 -2.57213e-34  9.44537e-34  6.73156e-35 -8.32397e-36 -1.42499e-35 -4.08903e-35  2.12368e-36  -4.9213e-36 -9.67824e-38  5.73987e-37 -5.30654e-38  1.68224e-37  1.70594e-38  8.88292e-39 -2.48015e-39 -1.21377e-39  1.64213e-40 -1.65078e-40 -1.70231e-43 -4.32792e-42 -3.96417e-43  1.92348e-43  2.44425e-45  9.77786e-45  9.98413e-47
-6.43899e-36 -4.78917e-34 -4.38135e-36  5.43674e-33  -1.3101e-35 -9.35925e-34  -1.4303e-34  5.69504e-34  -1.9447e-34  2.66613e-34  -6.0324e-35  3.17079e-34  6.41793e-35   7.5913e-34   9.2212e-36  2.29216e-33 -3.73084e-36 -2.58065e-32 -2.18549e-35  2.14986e-31 -1.26816e-36 -1.55756e-30  7.91789e-36  9.91789e-30  8.91589e-36 -5.57927e-29 -9.35065e-37  2.78579e-28 -2.55771e-36 -1.23899e-27  1.32038e-37  4.92073e-27   1.4423e-36 -1.74797e-26  -1.7228e-36  5.55785e-26  7.80701e-36  -1.5816e-25 -2.59908e-35  4.02411e-25  7.89551e-35 -9.13594e-25 -2.12276e-34  1.84488e-24  4.93884e-34 -3.29833e-24 -9.44368e-34  5.18618e-24  1.25298e-33 -7.10395e-24 -1.61407e-36  8.35887e-24 -6.97937e-33 -8.26412e-24   2.9343e-32  6.60432e-24 -8.55441e-32  -3.9267e-24  2.04821e-31  1.31519e-24 -4.24331e-31  2.89398e-25  7.77752e-31 -6.81165e-25 -1.27481e-30  3.67279e-25   1.8782e-30 -5.18318e-27 -2.49176e-30 -1.05542e-25  2.97486e-30  4.77813e-26 -3.18722e-30  9.75709e-27  3.04832e-30   -1.464e-26 -2.57991e-30  1.43885e-27  1.90369e-30  2.80791e-27 -1.19125e-30 -6.96571e-28   5.9369e-31 -4.33496e-28 -1.90302e-31  1.42834e-28 -2.00438e-32  6.13805e-29  9.05718e-32  -1.9348e-29 -8.67603e-32 -8.19496e-30  5.84555e-32  1.69156e-30 -3.17523e-32  9.34491e-31  1.45355e-32 -6.03311e-32  -5.7171e-33 -7.73994e-32  1.95058e-33  -4.9703e-33 -5.78709e-34  3.72937e-33  1.47653e-34  7.00375e-34 -3.09911e-35 -5.64423e-35  4.68524e-36 -2.92692e-35 -2.64118e-37 -2.00832e-36 -8.98787e-38  3.32297e-37  2.86926e-38  6.24534e-38 -3.66317e-39  2.07049e-39   1.6984e-40 -2.44525e-40  5.39494e-42 -2.06583e-41 -4.26891e-43 -3.72503e-43 -9.39528e-45   3.5396e-45
 8.34855e-35 -2.74836e-35 -7.15074e-34  -1.3101e-35  7.64902e-33 -2.82628e-35 -1.09303e-33 -2.24454e-34  4.32796e-34   -2.524e-34  5.21163e-34   -3.963e-35  7.66311e-34   1.0003e-34 -4.75848e-33   1.8107e-35  5.84178e-32  1.17339e-36 -5.28679e-31 -2.72611e-35  4.11144e-30 -1.18133e-36 -2.79597e-29  5.91427e-36  1.67519e-28  1.19456e-35 -8.88981e-28 -1.09372e-36  4.19568e-27  -2.5632e-36 -1.76647e-26 -1.02997e-36  6.64817e-26  6.84106e-36 -2.23924e-25 -2.29236e-35  6.75222e-25  8.62884e-35 -1.82182e-24 -2.87546e-34  4.39174e-24    8.695e-34 -9.43488e-24 -2.36657e-33  1.79943e-23  5.74218e-33 -3.02992e-23 -1.21961e-32   4.4689e-23  2.17921e-32   -5.708e-23 -2.93196e-32  6.20527e-23  1.53964e-32 -5.58038e-23  6.79678e-32  3.93267e-23 -3.13766e-31 -1.89454e-23  8.67159e-31  2.78553e-24 -1.90529e-30  4.50355e-24  3.57392e-30 -4.23258e-24 -5.88522e-30  1.24993e-24  8.61672e-30  5.97503e-25 -1.12815e-29 -6.45586e-25  1.32303e-29    1.012e-25 -1.38812e-29  1.29164e-25  1.29792e-29 -6.02021e-26 -1.07385e-29 -1.49673e-26  7.76725e-30  1.49174e-26 -4.80649e-30  9.34881e-28  2.43286e-30 -2.67323e-27 -8.88175e-31 -2.37121e-29  9.84536e-32  3.87752e-28  1.79294e-31  9.72424e-30 -1.98714e-31 -4.53426e-29  1.34566e-31 -3.98783e-30 -7.09009e-32  3.89474e-30  3.10048e-32  7.14317e-31 -1.15692e-32 -1.98394e-31  3.74843e-33 -6.73416e-32 -1.06828e-33  1.91845e-33  2.67434e-34  3.15471e-33  -5.6324e-35   3.2823e-34  8.69164e-36 -5.00079e-35  -5.5313e-37 -1.29615e-35 -1.33257e-37 -5.43975e-37  4.15824e-38  1.05241e-37 -4.49874e-39   1.2696e-38  1.08929e-40  2.97231e-40  1.19587e-41 -1.85963e-41 -3.15147e-43 -8.00326e-43 -1.10482e-44
-1.34646e-35  2.84296e-34 -7.29329e-35 -9.35925e-34 -2.82628e-35  9.24622e-33 -4.76074e-35  -1.0992e-33 -2.95309e-34   2.2639e-35 -2.68359e-34  3.80265e-35 -1.71864e-36  1.05731e-32  1.37219e-34 -1.14207e-31  1.88427e-35  1.11422e-30 -4.76848e-37 -9.31294e-30 -2.70772e-35  6.77654e-29  1.91582e-36 -4.32988e-28  1.92929e-36   2.4445e-27  1.57988e-35 -1.22517e-26 -1.14572e-36  5.47073e-26  3.34616e-38  -2.1819e-25 -1.28808e-35  7.78519e-25  5.76409e-35 -2.48704e-24 -2.22118e-34  7.11273e-24  7.97996e-34  -1.8193e-23 -2.60461e-33  4.15367e-23   7.7392e-33 -8.43832e-23 -2.08671e-32  1.51838e-22  5.07905e-32 -2.40413e-22 -1.10581e-31  3.31826e-22   2.1171e-31 -3.93747e-22 -3.43977e-31  3.93048e-22  4.31871e-31 -3.17778e-22 -2.65821e-31  1.91995e-22 -5.70061e-31 -6.65824e-23  2.71687e-30  -1.2436e-23 -6.92495e-30  3.31578e-23  1.37481e-29 -1.86247e-23  -2.3099e-29  6.96606e-25  3.38733e-29  5.19544e-24 -4.39414e-29 -2.50886e-24  5.07059e-29 -4.26031e-25 -5.21022e-29  7.52608e-25  4.75609e-29 -9.33073e-26 -3.83508e-29 -1.42376e-25  2.70415e-29   4.0081e-26 -1.63782e-29   2.1727e-26  8.22709e-30 -8.17068e-27 -3.14039e-30 -3.07746e-27  6.19327e-31  1.13127e-27  2.75018e-31  4.19855e-28 -3.93785e-31 -1.04521e-28  2.69409e-31 -4.98201e-29 -1.37173e-31  4.64249e-30  5.68807e-32  4.33336e-30 -1.99276e-32  1.90696e-31  6.06817e-33 -2.23163e-31 -1.65708e-33 -3.72296e-32  4.11974e-34   4.1261e-33 -8.88064e-35   1.7079e-33  1.41249e-35  9.78943e-35  -9.5974e-37 -2.23391e-35 -1.82158e-37 -3.65425e-36  5.39295e-38 -9.53935e-38 -4.72902e-39  1.65192e-38  1.13556e-42  1.27174e-39  1.59083e-41   1.8971e-41 -1.46317e-43 -2.69408e-43
-1.58193e-34 -5.09354e-35  4.71195e-34  -1.4303e-34 -1.09303e-33 -4.76074e-35  9.84888e-33 -6.61168e-35 -9.89116e-34 -3.35994e-34  2.92923e-34  -2.4183e-34 -1.48581e-32  4.32993e-35  1.96431e-31  1.68803e-34 -2.05105e-30  7.10701e-36  1.84587e-29 -7.94978e-36 -1.43979e-28 -1.86565e-35  9.82558e-28  7.78038e-36 -5.90809e-27 -3.42387e-36  3.14715e-26  2.14773e-35 -1.49129e-25 -4.75245e-36  6.30514e-25   2.2849e-35 -2.38354e-24 -1.15201e-34  8.06616e-24  4.80866e-34 -2.44443e-23 -1.82544e-33  6.63031e-23  6.34442e-33 -1.60734e-22 -2.01466e-32  3.47386e-22  5.84339e-32 -6.66806e-22 -1.54533e-31  1.13057e-21  3.71424e-31 -1.68008e-21 -8.06884e-31  2.16372e-21  1.56928e-30 -2.37418e-21 -2.68522e-30  2.15843e-21  3.90003e-30 -1.54231e-21 -4.37633e-30  7.59647e-22  2.40565e-30 -1.24646e-22  4.60829e-30 -1.72154e-22 -1.95715e-29  1.69921e-22  4.43812e-29 -5.35606e-23 -7.82058e-29 -2.23982e-23  1.16283e-28  2.64805e-23 -1.50348e-28 -4.80207e-24   1.7118e-28 -5.14035e-24 -1.72399e-28  2.62123e-24  1.53535e-28  5.48955e-25 -1.20401e-28 -6.41579e-25  8.24298e-29   -2.149e-26 -4.85199e-29    1.151e-25  2.38498e-29 -2.22284e-27 -9.15104e-30 -1.69018e-26  2.15043e-30  3.88771e-29  2.93705e-31  2.02712e-27 -6.94329e-31  1.26375e-28  4.81623e-31 -1.81672e-28 -2.35781e-31 -2.84973e-29  9.17804e-32  9.99579e-30 -2.96903e-32  2.96475e-30  8.33394e-33 -1.57275e-31 -2.16962e-33 -1.50393e-31  5.48314e-34 -1.32673e-32 -1.24847e-34  2.72484e-33  2.06932e-35  6.13133e-34 -1.43774e-36  1.90479e-35 -2.36861e-37 -5.66077e-36  6.38579e-38 -6.11339e-37 -4.31398e-39 -1.12001e-38 -1.04638e-40  1.07957e-39   1.4999e-41  3.98516e-41 -2.94118e-44
-1.69288e-35 -1.30105e-34 -1.17093e-34  5.69504e-34 -2.24454e-34  -1.0992e-33 -6.61168e-35  9.69446e-33 -7.76493e-35 -1.95642e-33 -3.38889e-34  1.96926e-32 -1.91114e-34 -2.91551e-31  9.06891e-35  3.33937e-30  1.89218e-34 -3.24243e-29 -1.57738e-35  2.71693e-28 -1.55727e-35 -1.98364e-27 -3.17071e-36  1.27202e-26  1.45794e-35 -7.20862e-26 -9.82882e-36  3.62741e-25  3.42181e-35 -1.62659e-24 -4.09728e-35  6.51631e-24  2.01488e-34 -2.33606e-23  -8.9458e-34  7.50008e-23  3.59032e-33 -2.15634e-22  -1.3185e-32  5.54661e-22  4.43369e-32 -1.27396e-21 -1.36565e-31  2.60471e-21  3.85188e-31 -4.71921e-21 -9.93769e-31  7.52795e-21  2.34004e-30 -1.04751e-20 -5.01021e-30  1.25428e-20  9.69369e-30 -1.26507e-20 -1.67709e-29  1.03572e-20  2.54529e-29 -6.36719e-21 -3.25575e-29   2.2916e-21  3.14703e-29  3.46854e-22 -1.23547e-29 -1.09099e-21  -3.5258e-29  6.41038e-22  1.17304e-28 -4.02664e-23 -2.29177e-28 -1.72595e-22  3.52499e-28  8.94425e-23  -4.5824e-28    1.194e-23  5.16809e-28 -2.61879e-23 -5.10892e-28  4.00322e-24  4.43806e-28  4.86497e-24 -3.37932e-28 -1.56209e-24  2.23932e-28 -7.29554e-25 -1.27414e-28  3.16784e-25  6.06968e-29  1.02938e-25 -2.28924e-29 -4.47874e-26  5.71454e-30 -1.43774e-26  8.91997e-32  4.35774e-27 -1.11667e-30  1.78375e-27  7.85899e-31 -2.28001e-28 -3.67918e-31 -1.63807e-28   1.3274e-31 -3.46497e-30 -3.85697e-32  9.04919e-30  9.58497e-33  1.31182e-30 -2.34974e-33 -1.97778e-31  6.34162e-34 -6.74735e-32 -1.60128e-34 -2.95514e-33  2.78935e-35  1.00519e-33 -1.90571e-36  1.44656e-34 -2.95075e-37  2.54655e-36  6.94039e-38 -7.61065e-37 -3.42219e-39   -5.224e-38 -1.61084e-40 -6.20443e-40  1.01012e-41  1.34799e-41
 1.15395e-34 -3.93059e-35  2.48548e-35  -1.9447e-34  4.32796e-34 -2.95309e-34 -9.89116e-34 -7.76493e-35  1.06842e-32 -7.46176e-35 -2.61044e-32   -3.114e-34   3.8483e-31 -1.40533e-34  -4.8363e-30  1.43942e-34  5.09264e-29  1.95024e-34  -4.5953e-28 -4.39527e-35  3.59635e-27 -1.64793e-35  -2.4631e-26  1.44195e-35  1.48668e-25   2.1053e-35 -7.95111e-25 -2.34429e-35  3.78361e-24  9.43682e-35 -1.60687e-23 -3.15788e-34   6.1032e-23  1.46804e-33 -2.07573e-22 -6.21445e-33  6.32385e-22  2.40316e-32 -1.72496e-21 -8.51701e-32  4.20677e-21  2.76834e-31 -9.15008e-21 -8.25667e-31  1.76841e-20  2.25943e-30 -3.02054e-20 -5.66848e-30  4.52481e-20   1.3017e-29 -5.87913e-20 -2.72859e-29   6.5156e-20  5.19763e-29 -5.99318e-20 -8.93261e-29  4.34686e-20   1.3682e-28 -2.19264e-20 -1.82603e-28  4.00666e-21  2.02179e-28  4.69136e-21 -1.60343e-28 -4.89962e-21  2.17832e-29  1.65349e-21  2.30344e-28  5.91983e-22 -5.75423e-28 -7.79933e-22  9.48568e-28  1.62861e-22 -1.25604e-27  1.45798e-22   1.4109e-27 -8.21028e-23 -1.37191e-27 -1.38597e-23  1.16267e-27  1.98152e-23 -8.58516e-28  3.28308e-26  5.49154e-28 -3.55272e-24 -3.00681e-28  1.80725e-25  1.37787e-28  5.27747e-25  -5.0344e-29 -1.74734e-26  1.26775e-29 -6.49624e-26 -5.11979e-31 -2.20799e-27 -1.67467e-30  6.07949e-27  1.19352e-30  7.85225e-28 -5.32647e-31 -3.60579e-28  1.75658e-31 -9.27212e-29 -4.37563e-32  7.74431e-30  8.72307e-33   5.1349e-30 -1.93738e-33  3.65507e-31  6.34011e-34 -1.05968e-31 -1.91221e-34 -2.06782e-32  3.50464e-35  -3.8757e-34 -2.26822e-36  2.18739e-34 -3.47537e-37  2.10053e-35  6.88012e-38  2.52363e-37 -2.33764e-39 -4.40724e-38 -1.52267e-40 -1.42797e-39  4.34263e-42
 6.38751e-36  2.15808e-34 -5.82511e-35  2.66613e-34   -2.524e-34   2.2639e-35 -3.35994e-34 -1.95642e-33 -7.46176e-35  3.69852e-32 -4.71695e-35 -4.58692e-31 -2.71376e-34  6.27752e-30 -1.08951e-34 -7.19427e-29  2.09172e-34  7.01217e-28  1.84842e-34 -5.89545e-27 -7.01807e-35  4.31979e-26 -6.14801e-36 -2.78063e-25  2.67724e-35  1.58213e-24   3.4757e-35 -7.99512e-24 -9.68128e-35   3.6012e-23  4.80362e-34 -1.44952e-22 -2.16185e-33   5.2225e-22  9.61473e-33 -1.68562e-21 -3.91034e-32  4.87362e-21  1.45671e-31 -1.26112e-20 -4.97955e-31  2.91506e-20   1.5633e-30 -6.00081e-20  -4.5098e-30  1.09522e-19  1.19547e-29 -1.76098e-19 -2.91037e-29  2.47177e-19  6.49901e-29 -2.98844e-19 -1.32832e-28  3.04782e-19   2.4764e-28 -2.52913e-19 -4.18846e-28  1.58412e-19  6.37116e-28 -5.92935e-20 -8.58665e-28 -6.76951e-21  9.96436e-28  2.68235e-20 -9.31319e-28 -1.65591e-20    5.521e-28  1.49559e-21   1.8313e-28  4.27517e-21  -1.1928e-27 -2.39331e-21  2.26427e-27 -2.28312e-22  -3.1162e-27  6.81648e-22  3.51252e-27 -1.26357e-22 -3.36883e-27 -1.23668e-22  2.78656e-27  4.55702e-23 -1.99304e-27  1.80767e-23  1.22743e-27  -9.1979e-24  -6.4402e-28 -2.52473e-24  2.82094e-28  1.32679e-24 -9.88065e-29  3.61815e-25  2.44149e-29 -1.35494e-25 -1.65165e-30 -4.72715e-26 -2.37729e-30  8.07437e-27  1.71501e-30  4.61425e-27 -7.32495e-31 -2.38496e-29  2.18529e-31   -2.744e-28 -4.31371e-32 -3.35839e-29  4.90008e-33   6.9576e-30 -7.68604e-34  1.98681e-30  5.34642e-34  5.60596e-32 -2.16214e-34 -3.36882e-32  4.12699e-35  -4.2601e-33 -2.44454e-36 -3.06243e-35  -3.7834e-37  2.61588e-35  6.13422e-38  1.59289e-36 -1.34103e-39  1.34965e-38 -9.96715e-41 -4.99926e-40
 6.00607e-34  1.69669e-35  2.86865e-34  -6.0324e-35  5.21163e-34 -2.68359e-34  2.92923e-34 -3.38889e-34 -2.61044e-32 -4.71695e-35  4.95947e-31  1.38703e-35  -7.3385e-30 -2.38581e-34  9.18221e-29 -1.04108e-34  -9.6991e-28  2.87427e-34   8.7824e-27  1.59598e-34 -6.89802e-26 -8.86879e-35  4.74237e-25  1.69317e-35 -2.87393e-24   1.9544e-35  1.54357e-23  1.18017e-34 -7.37815e-23 -5.75064e-34  3.14829e-22  2.91865e-33 -1.20178e-21 -1.34585e-32  4.10904e-21  5.74763e-32  -1.2589e-20 -2.24827e-31  3.45444e-20  8.06737e-31 -8.47828e-20 -2.65924e-30  1.85665e-19  8.05958e-30 -3.61452e-19 -2.24709e-29  6.22249e-19  5.76391e-29 -9.40148e-19 -1.35964e-28  1.23314e-18  2.94654e-28  -1.3813e-18  -5.8563e-28  1.28658e-18  1.06451e-27 -9.48235e-19 -1.76211e-27   4.9064e-19  2.63847e-27 -9.95605e-20 -3.53477e-27 -9.79776e-20  4.15593e-27   1.0925e-19 -4.12307e-27 -3.95824e-20  3.11207e-27 -1.17972e-20 -1.03976e-27  1.77541e-20 -1.79856e-27 -4.25167e-21  4.75021e-27 -3.16618e-21 -7.02498e-27   1.9909e-21  8.02782e-27  2.52456e-22 -7.62114e-27 -4.72839e-22   6.1564e-27  1.56811e-23 -4.25998e-27  8.45457e-23  2.51903e-27 -7.30898e-24 -1.26108e-27 -1.26912e-23  5.24799e-28  8.64914e-25 -1.74774e-28  1.60429e-24  4.17593e-29  3.72905e-27 -3.43251e-30 -1.56972e-25 -3.19481e-30 -1.56813e-26  2.35973e-30  1.00213e-26 -9.80472e-31  2.20641e-27  2.64975e-31 -2.70379e-28  -3.6468e-32 -1.35004e-28 -2.12268e-33 -7.06631e-30  1.14234e-33  3.16302e-30  3.52176e-34  5.34403e-31 -2.33971e-34  2.15584e-33   4.5498e-35 -6.51671e-33 -2.39589e-36 -5.52094e-34 -3.72151e-37 -2.40878e-36  4.82686e-38  1.37892e-36 -6.14286e-40  3.94844e-38 -4.15252e-41
-4.19778e-36  9.67563e-34   3.5684e-35  3.17079e-34   -3.963e-35  3.80265e-35  -2.4183e-34  1.96926e-32   -3.114e-34 -4.58692e-31  1.38703e-35  7.74099e-30  1.10227e-34 -1.06195e-28 -2.27201e-34  1.22013e-27 -1.22054e-34 -1.19331e-26  3.71131e-34   1.0069e-25  1.23224e-34 -7.40605e-25 -9.75658e-35  4.78644e-24  5.90844e-35 -2.73498e-23 -7.48847e-35   1.3883e-22  6.60167e-34  -6.2829e-22 -3.50383e-33  2.54163e-21  1.71997e-32 -9.20592e-21 -7.69835e-32  2.98805e-20  3.16003e-31 -8.69097e-20  -1.1894e-30  2.26321e-19  4.11121e-30  -5.2669e-19 -1.30665e-29   1.0921e-18  3.82186e-29 -2.00881e-18 -1.02928e-28  3.25732e-18  2.55264e-28 -4.61466e-18 -5.82787e-28  5.63723e-18  1.22389e-27 -5.81794e-18 -2.36082e-27  4.89808e-18  4.17313e-27 -3.12983e-18 -6.73601e-27  1.22057e-18   9.8747e-27  9.22258e-20 -1.30346e-26 -5.21287e-19  1.52714e-26  3.39717e-19 -1.54617e-26 -4.07348e-20  1.27429e-26 -8.34594e-20 -7.02863e-27  5.08496e-20 -6.90693e-28  2.82623e-21  8.53153e-27 -1.40347e-20 -1.44111e-26  3.11698e-21  1.69367e-26  2.46909e-21 -1.59842e-26  -1.0525e-21  1.26186e-26 -3.47659e-22  -8.4355e-27  2.11497e-22  4.77419e-27  4.75738e-23 -2.26915e-27 -3.11007e-23   8.9131e-28 -7.01821e-24 -2.80315e-28  3.32383e-24  6.44908e-29  9.76283e-25 -6.07538e-30 -2.20713e-25 -3.97252e-30  -1.0222e-25  3.12756e-30  3.69131e-27 -1.30397e-30  6.57457e-27  3.25599e-31  6.49273e-28 -2.57628e-32 -1.90992e-28 -1.18012e-32  -4.5996e-29  3.57213e-33 -4.56041e-31  1.27279e-34  8.90576e-31 -2.42835e-34   9.8205e-32  4.66906e-35 -5.68638e-34 -2.14053e-36 -7.08823e-34 -3.24286e-37 -3.81066e-35  3.27323e-38 -1.69184e-37 -2.01325e-40  1.45935e-38
-1.30607e-34 -5.11514e-36  1.07498e-33  6.41793e-35  7.66311e-34 -1.71864e-36 -1.48581e-32 -1.91114e-34   3.8483e-31 -2.71376e-34  -7.3385e-30  1.10227e-34  1.11465e-28  2.31218e-34  -1.3991e-27 -2.41889e-34  1.48282e-26 -1.50291e-34 -1.34753e-25  4.46086e-34  1.06244e-24   8.3621e-35 -7.33367e-24 -1.05834e-34  4.46319e-23  1.79323e-34 -2.40792e-22 -6.54738e-34  1.15644e-21   3.8804e-33 -4.95936e-21 -2.00444e-32  1.90317e-20  9.44911e-32 -6.54381e-20 -4.07059e-31  2.01682e-19  1.60704e-30 -5.56935e-19 -5.82294e-30  1.37614e-18  1.93924e-29 -3.03541e-18 -5.94284e-29  5.95522e-18  1.67719e-28 -1.03382e-17 -4.36125e-28  1.57628e-17  1.04506e-27 -2.08847e-17  -2.3072e-27  2.36619e-17  4.68974e-27 -2.23369e-17 -8.76621e-27  1.67473e-17  1.50393e-26 -8.90274e-18 -2.36099e-26  1.99947e-18  3.37625e-26  1.63627e-18 -4.36697e-26 -1.96967e-18  5.05085e-26  7.68128e-19 -5.12013e-26  1.83267e-19  4.36912e-26 -3.26493e-19 -2.82303e-26  8.93771e-20   7.9039e-27  5.48713e-20   1.2178e-26 -3.90624e-20 -2.68646e-26 -3.25523e-21  3.31428e-26  9.10776e-21 -3.12573e-26 -6.50838e-22  2.41301e-26 -1.61968e-21  -1.5556e-26  2.05741e-22  8.39351e-27  2.45327e-22 -3.76418e-27 -2.66455e-23  1.38454e-27 -3.18656e-23 -4.08744e-28  1.06977e-24  9.12828e-29  3.26531e-24 -1.03037e-29  2.23703e-25 -4.30766e-30 -2.24219e-25  3.99473e-30 -4.14472e-26 -1.74105e-30  7.25299e-27  4.15077e-31  2.85122e-27 -1.45244e-32   8.8459e-29 -2.28773e-32 -7.57914e-29  6.12086e-33 -1.10168e-29 -8.91677e-35  1.56645e-31 -2.40156e-34  1.56271e-31  4.42444e-35  1.15495e-32 -1.74709e-36 -6.10191e-35 -2.45832e-37 -3.46634e-35  1.85037e-38 -8.76679e-37 -3.39966e-41
-7.99252e-36  -2.1906e-34 -4.01699e-37   7.5913e-34   1.0003e-34  1.05731e-32  4.32993e-35 -2.91551e-31 -1.40533e-34  6.27752e-30 -2.38581e-34 -1.06195e-28  2.31218e-34  1.46422e-27  3.55773e-34 -1.68808e-26 -2.77169e-34  1.65693e-25 -1.73318e-34 -1.40344e-24  4.96257e-34  1.03643e-23   5.7232e-35 -6.72686e-23 -1.73815e-34  3.86103e-22   7.4964e-34  -1.9692e-21 -3.92419e-33  8.95663e-21  2.14667e-32 -3.64249e-20 -1.06505e-31  1.32676e-19  4.82317e-31 -4.33209e-19 -1.99867e-30  1.26801e-18  7.59475e-30 -3.32431e-18 -2.65064e-29  7.79201e-18  8.50819e-29 -1.62816e-17 -2.51438e-28  3.01976e-17  6.84631e-28 -4.94084e-17 -1.71838e-27  7.06913e-17  3.97643e-27 -8.73131e-17 -8.48239e-27   9.1262e-17  1.66712e-26 -7.80275e-17 -3.01586e-26  5.09309e-17  5.01351e-26  -2.0727e-17 -7.63935e-26 -7.42881e-19  1.06284e-25  8.29784e-18 -1.34205e-25 -5.73851e-18  1.52344e-25  8.70051e-19 -1.52985e-25  1.32919e-18  1.31864e-25 -8.89114e-19 -9.10359e-26 -1.24656e-20   3.9417e-26  2.36757e-19  9.98964e-27 -6.24765e-20  -4.5256e-26 -4.00087e-20  6.04199e-26  1.99443e-20 -5.72939e-26  5.32851e-21  4.32726e-26 -3.99006e-21 -2.68388e-26 -7.01438e-22   1.3736e-26  5.97581e-22 -5.76433e-27  1.07126e-22  1.96409e-27 -6.66765e-23 -5.41208e-28 -1.61608e-23  1.20433e-28  4.86048e-24 -1.78529e-29  1.83945e-24 -3.46279e-30 -1.35285e-25  4.90471e-30 -1.28813e-25 -2.32714e-30 -9.46682e-27  5.44851e-31  4.25309e-27 -6.12978e-33  8.64304e-28 -3.36343e-32 -1.06394e-29  8.30157e-33 -1.92413e-29 -2.53678e-34 -1.82447e-30  -2.2342e-34  4.13276e-32  3.83922e-35  1.57013e-32 -1.30642e-36  7.37563e-34 -1.58953e-37 -4.81942e-37  8.23369e-39 -3.47778e-37
 -2.3772e-35 -1.23771e-35 -1.92858e-34   9.2212e-36 -4.75848e-33  1.37219e-34  1.96431e-31  9.06891e-35  -4.8363e-30 -1.08951e-34  9.18221e-29 -2.27201e-34  -1.3991e-27  3.55773e-34  1.76243e-26    4.606e-34 -1.87465e-25 -3.19588e-34  1.71012e-24 -1.78318e-34 -1.35376e-23  5.04908e-34  9.38438e-23  9.96699e-35 -5.73693e-22 -6.32237e-34  3.10983e-21  3.77978e-33 -1.50105e-20 -2.11133e-32  6.47143e-20  1.10388e-31 -2.49742e-19 -5.26205e-31  8.63826e-19  2.29226e-30 -2.67919e-18 -9.14561e-30  7.44829e-18  3.34807e-29 -1.85363e-17 -1.12634e-28  4.12002e-17  3.48633e-28 -8.14988e-17 -9.93822e-28  1.42744e-16  2.61088e-27 -2.19766e-16   -6.324e-27  2.94317e-16  1.41257e-26  -3.3753e-16 -2.90946e-26  3.23219e-16  5.52377e-26 -2.46802e-16 -9.65929e-26   1.3499e-16  1.55371e-25 -3.34355e-17 -2.29397e-25 -2.24383e-17  3.09858e-25  2.95763e-17 -3.80934e-25 -1.24461e-17  4.22753e-25 -2.23825e-18 -4.17821e-25  4.99415e-18  3.58935e-25 -1.55927e-18 -2.54743e-25 -7.77989e-19  1.29085e-25  6.38503e-19 -1.29101e-26  2.43774e-20 -6.80006e-26 -1.45721e-19  1.03058e-25  1.66085e-20 -9.89541e-26  2.56823e-20  7.31321e-26 -4.47046e-21 -4.35029e-26 -3.91683e-21  2.09777e-26  6.12347e-22 -8.14145e-27  5.23119e-22   2.5277e-27 -3.93111e-23 -6.46214e-28 -5.62677e-23  1.51314e-28 -1.92153e-24  -3.1792e-29  4.15689e-24 -4.27298e-31  6.24827e-25  5.77785e-30 -1.56674e-25 -3.07443e-30 -4.96642e-26  7.13991e-31 -3.06362e-28 -2.24719e-33  1.50166e-27 -4.22407e-32   1.8529e-28  9.66735e-33 -7.03786e-30 -3.43855e-34 -3.10372e-30 -1.92408e-34 -1.96505e-31  3.02761e-35  3.57163e-33 -8.96523e-37  7.21805e-34 -8.53365e-38  1.60003e-35  2.50666e-39
-4.77198e-36 -9.47586e-35 -1.03403e-35  2.29216e-33   1.8107e-35 -1.14207e-31  1.68803e-34  3.33937e-30  1.43942e-34 -7.19427e-29 -1.04108e-34  1.22013e-27 -2.41889e-34 -1.68808e-26    4.606e-34  1.95323e-25  5.29027e-34 -1.92452e-24 -3.52481e-34  1.63667e-23 -1.56464e-34 -1.21382e-22  4.33558e-34  7.91367e-22  4.73841e-34 -4.56383e-21 -3.16292e-33  2.33935e-20   1.9138e-32 -1.06968e-19 -1.05008e-31  4.37465e-19  5.27816e-31 -1.60295e-18 -2.42218e-30  5.26699e-18  1.01671e-29 -1.55202e-17 -3.91101e-29  4.09802e-17    1.381e-28   -9.679e-17 -4.48241e-28  2.03904e-16  1.33883e-27 -3.81524e-16   -3.683e-27  6.30235e-16  9.33695e-27 -9.11229e-16 -2.18228e-26  1.13877e-15  4.70334e-26 -1.20647e-15 -9.34761e-26   1.0486e-15  1.71276e-25 -7.00061e-16  -2.8918e-25  2.97711e-16  4.49456e-25 -1.40531e-18 -6.41988e-25 -1.10829e-16  8.40413e-25  8.18209e-17 -1.00381e-24 -1.51797e-17  1.08612e-24 -1.76643e-17 -1.05206e-24  1.31116e-17  8.93677e-25 -3.85711e-19 -6.39328e-25 -3.35033e-18  3.47868e-25   1.0453e-18 -8.80051e-26  5.36693e-19  -8.8446e-26 -3.17744e-19  1.65225e-25 -6.55681e-20 -1.61897e-25  6.32627e-20  1.17047e-25  7.99716e-21 -6.65107e-26 -9.63978e-21  2.99496e-26 -1.27956e-21 -1.05618e-26  1.12074e-21  2.90433e-27  2.16826e-22 -6.83656e-28 -8.87599e-23  1.85954e-28 -2.74122e-23 -5.62418e-29  3.30806e-24  5.79165e-30  2.11068e-24  6.54353e-30  9.65696e-26  -3.9506e-30 -7.88842e-26  9.02808e-31  -1.3428e-26 -2.21411e-33  5.44718e-28 -4.71148e-32  3.47909e-28  9.94396e-33  2.76952e-29 -3.62674e-34 -1.27497e-30 -1.50774e-34 -2.91253e-31  2.15633e-35 -1.17321e-32 -5.61387e-37  8.82742e-35  -3.6269e-38  6.92966e-36
 2.63993e-35 -9.21453e-36 -1.11652e-33 -3.73084e-36  5.84178e-32  1.88427e-35 -2.05105e-30  1.89218e-34  5.09264e-29  2.09172e-34  -9.6991e-28 -1.22054e-34  1.48282e-26 -2.77169e-34 -1.87465e-25  5.29027e-34  2.00165e-24  5.55694e-34 -1.83334e-23 -3.63507e-34  1.45749e-22 -8.77919e-35  -1.0149e-21  1.02322e-34  6.23387e-21  2.44743e-33  -3.3962e-20 -1.56362e-32  1.64799e-19  9.12665e-32 -7.14492e-19 -4.84454e-31  2.77376e-18  2.34839e-30 -9.65472e-18 -1.04008e-29  3.01455e-17  4.21549e-29 -8.44042e-17 -1.56621e-28  2.11653e-16  5.34226e-28 -4.74272e-16 -1.67502e-27  9.46389e-16  4.83234e-27 -1.67331e-15 -1.28367e-26   2.6029e-15  3.14149e-26 -3.52589e-15 -7.08521e-26  4.09617e-15  1.47299e-25 -3.98266e-15 -2.82305e-25  3.10057e-15  4.98755e-25 -1.74736e-15 -8.12081e-25   4.7557e-16  1.21787e-24  2.56736e-16 -1.68028e-24 -3.77672e-16   2.1282e-24  1.71942e-16 -2.46531e-24  2.09453e-17  2.59542e-24 -6.48439e-17 -2.45708e-24   2.3066e-17  2.05387e-24  9.14448e-18 -1.46476e-24 -8.87387e-18  8.23727e-25  8.02341e-20 -2.72708e-25  1.97485e-18 -9.18258e-26 -3.19584e-19  2.50256e-25 -3.43271e-19 -2.52296e-25  7.89106e-20   1.7828e-25  5.25512e-20 -9.62945e-26 -1.12621e-20   4.0009e-26 -7.22274e-21 -1.24662e-26  9.00953e-22  2.86772e-27  8.18153e-22 -6.13553e-28 -3.64976e-24  2.29787e-28 -6.51309e-23 -9.52283e-29 -7.52796e-24   1.5679e-29  2.80928e-24  7.18099e-30  7.25072e-25 -4.86622e-30 -1.74016e-26  1.07368e-30 -2.51061e-26 -3.74452e-33 -2.56578e-27 -4.72772e-32  1.82545e-28  9.12267e-33  5.20617e-29 -3.32008e-34  2.73608e-30 -1.05593e-34  -1.0091e-31   1.3796e-35 -1.26974e-32 -3.12905e-37 -2.42943e-34 -1.07668e-38
 7.97742e-37  3.76341e-34 -1.49603e-35 -2.58065e-32  1.17339e-36  1.11422e-30  7.10701e-36 -3.24243e-29  1.95024e-34  7.01217e-28  2.87427e-34 -1.19331e-26 -1.50291e-34  1.65693e-25 -3.19588e-34 -1.92452e-24  5.55694e-34  1.90389e-23   5.4639e-34 -1.62603e-22  -3.5831e-34  1.21137e-21  1.36163e-34 -7.93524e-21 -1.33915e-33  4.59929e-20  1.16359e-32 -2.37006e-19 -7.15731e-32  1.08982e-18  4.03095e-31 -4.48358e-18 -2.07123e-30  1.65323e-17  9.71827e-30 -5.46862e-17 -4.16689e-29  1.62291e-16  1.63503e-28 -4.31773e-16 -5.88053e-28  1.02806e-15  1.94132e-27 -2.18462e-15 -5.88928e-27  4.12602e-15  1.64315e-26 -6.88526e-15 -4.21895e-26  1.00668e-14  9.97282e-26 -1.27385e-14  -2.1709e-25   1.3691e-14  4.35274e-25 -1.21089e-14 -8.04004e-25  8.27895e-15  1.36832e-24 -3.68329e-15 -2.14579e-24  1.69099e-16   3.1003e-24   1.2632e-15 -4.12479e-24 -1.00252e-15  5.04625e-24  2.22333e-16 -5.66012e-24  1.98761e-16  5.78873e-24 -1.65966e-16 -5.34621e-24  1.24465e-17   4.3847e-24   4.0419e-17 -3.09724e-24 -1.48861e-17  1.76473e-24 -6.01975e-18 -6.59471e-25  4.33079e-18 -5.27541e-26  6.36259e-19  3.60209e-25 -8.57376e-19 -3.76596e-25 -6.51037e-20  2.59715e-25  1.32758e-19 -1.32562e-25  1.12969e-20  5.00109e-26 -1.60581e-20 -1.31162e-26 -2.33847e-21  2.17524e-27  1.37179e-21 -4.07949e-28  3.41419e-22  2.90829e-28 -6.26324e-23 -1.50825e-28 -2.93492e-23  2.86995e-29 -4.17394e-25  7.74191e-30   1.2414e-24 -5.67987e-30  1.73799e-25  1.18077e-30 -1.37095e-26 -4.50647e-33 -5.35082e-27 -4.26417e-32 -3.42734e-28  7.46874e-33  2.80577e-29 -2.79247e-34  4.59777e-30 -6.48028e-35  1.53623e-31  7.87403e-36 -2.70336e-33 -1.45806e-37 -1.17443e-34
-7.82725e-35  1.06997e-36  9.46799e-33 -2.18549e-35 -5.28679e-31 -4.76848e-37  1.84587e-29 -1.57738e-35  -4.5953e-28  1.84842e-34   8.7824e-27  3.71131e-34 -1.34753e-25 -1.73318e-34  1.71012e-24 -3.52481e-34 -1.83334e-23   5.4639e-34  1.68635e-22  5.16845e-34 -1.34667e-21 -4.01441e-34  9.42195e-21   1.0209e-33 -5.81642e-20  -7.4146e-33  3.18563e-19  5.01471e-32 -1.55451e-18 -2.98928e-31  6.77977e-18  1.63562e-30 -2.64861e-17 -8.17795e-30   9.2808e-17  3.73234e-29  -2.9184e-16 -1.55564e-28  8.23302e-16  5.92998e-28 -2.08119e-15 -2.07066e-27  4.70386e-15  6.63259e-27 -9.47364e-15 -1.95089e-26   1.6919e-14  5.27317e-26 -2.66079e-14 -1.31038e-25  3.64828e-14  2.99454e-25 -4.29695e-14  -6.2944e-25  4.24592e-14  1.21715e-24 -3.37405e-14 -2.16572e-24  1.96183e-14  3.54712e-24 -5.84573e-15 -5.35006e-24 -2.46891e-15  7.43447e-24  4.16378e-15  -9.5203e-24 -2.05673e-15  1.12293e-23 -1.32536e-16 -1.21762e-23   7.2505e-16  1.20816e-23 -2.93955e-16 -1.08728e-23 -8.92814e-17  8.73539e-24  1.06412e-16 -6.08947e-24 -6.26946e-18  3.47643e-24 -2.29769e-17 -1.38113e-24  4.97953e-18  6.54688e-26  3.91214e-18  4.95983e-25 -1.16667e-18 -5.41376e-25 -5.98366e-19  3.63642e-25  1.72113e-19 -1.74271e-25  8.47316e-20   5.8429e-26 -1.57861e-20 -1.17194e-26 -1.01571e-20  6.27863e-28   5.0139e-22 -6.28725e-29  8.74264e-22  3.77182e-28  6.94931e-23 -2.21239e-28 -4.26877e-23   4.3031e-29  -8.9422e-24  8.33223e-30  5.60365e-25  -6.2251e-30  3.59199e-25  1.18597e-30  2.90631e-26 -3.55695e-33 -3.56223e-27  -3.4139e-32 -7.47233e-28  5.42857e-33 -3.07625e-29 -2.24624e-34  2.08173e-30 -3.40442e-35  1.91332e-31  3.94558e-36  3.07159e-33 -4.85503e-38
 3.10962e-36 -2.68173e-33  1.34923e-37  2.14986e-31 -2.72611e-35 -9.31294e-30 -7.94978e-36  2.71693e-28 -4.39527e-35 -5.89545e-27  1.59598e-34   1.0069e-25  4.46086e-34 -1.40344e-24 -1.78318e-34  1.63667e-23 -3.63507e-34 -1.62603e-22  5.16845e-34  1.39499e-21  5.00081e-34 -1.04419e-20 -7.60731e-34  6.87454e-20  4.46924e-33 -4.00569e-19 -3.03563e-32  2.07579e-18  1.92211e-31 -9.60188e-18 -1.12229e-30  3.97518e-17  6.03236e-30 -1.47557e-16 -2.96103e-29  4.91556e-16  1.32392e-28 -1.46979e-15 -5.39495e-28   3.9418e-15  2.00728e-27 -9.46623e-15 -6.83197e-27  2.03013e-14  2.13042e-26 -3.87242e-14 -6.09281e-26  6.53206e-14   1.5991e-25 -9.66416e-14 -3.85284e-25  1.23921e-13  8.52305e-25 -1.35232e-13 -1.73121e-24  1.21837e-13  3.22921e-24 -8.54145e-14 -5.53291e-24  3.97936e-14   8.7127e-24 -3.48443e-15 -1.26201e-23 -1.24326e-14  1.68337e-23  1.06972e-14 -2.07031e-23  -2.7877e-15  2.34941e-23 -1.90916e-15 -2.45846e-23  1.82668e-15  2.36398e-23 -2.24923e-16 -2.07184e-23 -4.20251e-16   1.6297e-23  1.83088e-16 -1.11927e-23  5.64334e-17  6.36265e-24 -5.11473e-17 -2.60829e-24 -4.48872e-18  3.08746e-25   1.0053e-17  6.57945e-25  2.33549e-19  -7.5317e-25 -1.57943e-18  4.91633e-25 -5.53548e-20 -2.19795e-25  1.98529e-19  6.36308e-26  1.93311e-20 -7.61558e-27 -1.82068e-20 -1.86197e-27 -3.54771e-21  3.93423e-28  9.72791e-22  4.93709e-28  3.49258e-22 -2.99759e-28 -8.12349e-24  5.57676e-29 -1.67924e-23  9.05232e-30 -1.86436e-24 -6.35504e-30   2.5363e-25  1.07446e-30  7.07529e-26 -1.73183e-33  3.35635e-27 -2.35549e-32 -4.92098e-28  3.46888e-33 -6.24219e-29 -1.75995e-34  -1.6252e-30 -1.48572e-35  5.60964e-32  1.65984e-36  1.71419e-33
 5.05962e-34  5.96013e-36 -7.24695e-32 -1.26816e-36  4.11144e-30 -2.70772e-35 -1.43979e-28 -1.55727e-35  3.59635e-27 -7.01807e-35 -6.89802e-26  1.23224e-34  1.06244e-24  4.96257e-34 -1.35376e-23 -1.56464e-34  1.45749e-22  -3.5831e-34 -1.34667e-21  5.00081e-34  1.08054e-20  5.84803e-34 -7.59799e-20 -2.29131e-33   4.7154e-19  1.57374e-32 -2.59714e-18 -1.01208e-31  1.27488e-17  6.27668e-31 -5.59525e-17 -3.67549e-30  2.20046e-16  1.98154e-29  -7.7651e-16 -9.69908e-29  2.46016e-15  4.29768e-28 -6.99593e-15 -1.72722e-27  1.78361e-14  6.31578e-27 -4.06821e-14 -2.10702e-26  8.27427e-14  6.42587e-26  -1.4935e-13 -1.79365e-25   2.3762e-13  4.58521e-25 -3.30025e-13 -1.07374e-24  3.94408e-13  2.30343e-24 -3.96454e-13  -4.5265e-24  3.21942e-13  8.14856e-24  -1.9338e-13 -1.34416e-23  6.28638e-14  2.03317e-23   1.9898e-14 -2.82357e-23 -4.00799e-14  3.60717e-23  2.15519e-14 -4.24958e-23  1.61694e-16  4.62789e-23 -7.05341e-15 -4.66416e-23  3.26649e-15   4.3417e-23  7.13651e-16 -3.70536e-23 -1.11283e-15  2.85475e-23   1.2499e-16  -1.9313e-23  2.31539e-16  1.08983e-23 -6.51393e-17  -4.5355e-24 -3.82268e-17  7.27226e-25  1.47421e-17  8.46442e-25  5.79757e-18 -1.01787e-24 -2.23712e-18  6.44363e-25 -8.47345e-19 -2.67232e-25  2.26351e-19  6.42451e-26  1.08329e-19 -4.75948e-28 -1.12665e-20 -5.21593e-27 -1.01439e-20  8.99237e-28 -4.10353e-22   6.3924e-28  5.57673e-22 -3.75326e-28  9.30497e-23   6.3633e-29 -1.08107e-23  9.92243e-30 -4.43848e-24 -5.99102e-30 -2.59676e-25  8.62531e-31  5.65633e-26 -8.06821e-34  9.24937e-27 -1.30522e-32  2.63615e-28  1.92155e-33 -3.45978e-29 -1.32401e-34 -2.49175e-30 -5.16881e-36 -3.18306e-32  5.10632e-37
 1.40623e-36  1.91338e-32  7.82444e-36 -1.55756e-30 -1.18133e-36  6.77654e-29 -1.86565e-35 -1.98364e-27 -1.64793e-35  4.31979e-26 -8.86879e-35 -7.40605e-25   8.3621e-35  1.03643e-23  5.04908e-34 -1.21382e-22 -8.77919e-35  1.21137e-21 -4.01441e-34 -1.04419e-20  5.84803e-34   7.8554e-20  1.00388e-33  -5.1992e-19 -6.49107e-33  3.04654e-18  3.89153e-32 -1.58815e-17 -2.36295e-31  7.39247e-17  1.54168e-30 -3.08091e-16 -9.73096e-30  1.15171e-15  5.54039e-29 -3.86553e-15 -2.79524e-28  1.16506e-14  1.25421e-27 -3.15118e-14 -5.04582e-27  7.63652e-14   1.8332e-26 -1.65375e-13 -6.04516e-26  3.18781e-13  1.81509e-25 -5.43903e-13  -4.9712e-25  8.14874e-13  1.24301e-24 -1.05967e-12 -2.83843e-24  1.17523e-12  5.91933e-24 -1.07971e-12 -1.12723e-23  7.77097e-13   1.9601e-23 -3.79422e-13   -3.113e-23  4.91599e-14  4.51917e-23  1.06497e-13 -6.00674e-23  -1.0041e-13  7.33053e-23  3.03583e-14 -8.24663e-23  1.56799e-14  8.59134e-23 -1.76505e-14 -8.31933e-23  3.07936e-15  7.48898e-23  3.79007e-15 -6.22632e-23 -1.96635e-15  4.70478e-23 -4.34899e-16 -3.13886e-23  5.28296e-16  1.75667e-23  1.45839e-17  -7.3556e-24 -1.02842e-16  1.36872e-24  3.41987e-18  1.06113e-24  1.63612e-17 -1.33923e-24 -3.14029e-19  8.21233e-25 -2.13545e-18 -3.14727e-25 -1.00208e-19    5.951e-26   2.0967e-19  9.54961e-27  3.01571e-20 -9.16987e-27 -1.27742e-20  1.36694e-27 -3.56532e-21  8.05519e-28  2.51502e-22  -4.3484e-28  1.96952e-22  6.39998e-29  1.61113e-23  1.08347e-29 -3.79596e-24 -5.15642e-30 -8.09091e-25  5.93421e-31 -2.32311e-26 -2.08024e-33  7.20275e-27  -4.5189e-33  7.33006e-28  9.06614e-34  1.29488e-29 -9.15942e-35 -9.20251e-31 -1.34879e-36 -2.17259e-32
-3.42372e-33  3.53814e-36  4.90865e-31  7.91789e-36 -2.79597e-29  1.91582e-36  9.82558e-28 -3.17071e-36  -2.4631e-26 -6.14801e-36  4.74237e-25 -9.75658e-35 -7.33367e-24   5.7232e-35  9.38438e-23  4.33558e-34  -1.0149e-21  1.36163e-34  9.42195e-21 -7.60731e-34 -7.59799e-20  1.00388e-33  5.37109e-19  1.94972e-33 -3.35211e-18 -7.36617e-33  1.85725e-17  -5.0331e-34 -9.17428e-17  1.24773e-32   4.0533e-16  1.18484e-30 -1.60532e-15 -1.52502e-29  5.70743e-15  1.15177e-28 -1.82266e-14 -6.62002e-28   5.2271e-14  3.16655e-27 -1.34473e-13 -1.31436e-26  3.09698e-13  4.83923e-26 -6.36476e-13 -1.59946e-25  1.16185e-12  4.77695e-25 -1.87144e-12 -1.29369e-24  2.63489e-12  3.18265e-24 -3.19789e-12  -7.1184e-24  3.27324e-12  1.44784e-23 -2.71936e-12  -2.6779e-23  1.68945e-12  4.50383e-23 -5.97157e-13 -6.88914e-23 -1.31723e-13  9.59188e-23  3.39631e-13   -1.218e-22 -1.99622e-13  1.41577e-22   9.8436e-15  -1.5151e-22  6.01087e-14    1.504e-22 -3.19444e-14 -1.39503e-22 -4.43084e-15  1.21303e-22  1.02267e-14 -9.83474e-23 -1.74387e-15   7.3059e-23 -2.03041e-15 -4.81823e-23  7.31121e-16  2.67638e-23  3.19891e-16  -1.1225e-23 -1.61447e-16  2.27261e-24 -4.74731e-17   1.2982e-24  2.51165e-17 -1.71631e-24  7.18384e-18  1.01969e-24 -2.74536e-18  -3.6067e-25 -9.92668e-19  4.94726e-26  1.73439e-19  2.17983e-26  1.02213e-19 -1.33016e-26 -3.95447e-22   1.6987e-27 -6.32527e-21  9.78268e-28 -8.04497e-22 -4.66576e-28  1.60412e-22  5.58349e-29  4.75962e-23  1.15645e-29  1.59795e-24 -3.98009e-30 -7.57601e-25  3.22572e-31 -9.90176e-26 -5.38938e-33 -1.33723e-27  9.86649e-34  4.83064e-28  3.58348e-34  2.81665e-29 -5.48739e-35  2.55455e-31 -2.34954e-37
 5.41808e-38 -1.21414e-31  6.15407e-36  9.91789e-30  5.91427e-36 -4.32988e-28  7.78038e-36  1.27202e-26  1.44195e-35 -2.78063e-25  1.69317e-35  4.78644e-24 -1.05834e-34 -6.72686e-23  9.96699e-35  7.91367e-22  1.02322e-34 -7.93524e-21   1.0209e-33  6.87454e-20 -2.29131e-33  -5.1992e-19  1.94972e-33  3.46052e-18  -1.1678e-34 -2.03981e-17  7.91811e-32  1.07003e-16  -7.9887e-31 -5.01397e-16   4.4474e-30   2.1044e-15 -1.63357e-29 -7.92562e-15  3.30349e-29  2.68127e-14  5.84318e-29 -8.14972e-14 -9.95658e-28  2.22418e-13  6.21915e-27 -5.44209e-13 -2.89461e-26  1.19075e-12  1.12849e-25 -2.32102e-12 -3.83929e-25  4.00836e-12  1.16067e-24 -6.08579e-12 -3.14589e-24  8.03267e-12  7.67991e-24  -9.0622e-12 -1.69276e-23  8.49909e-12  3.37265e-23 -6.28756e-12 -6.07692e-23  3.21946e-12  9.90355e-23  -5.5327e-13 -1.46008e-22 -7.97328e-13  1.94882e-22  8.35472e-13 -2.35987e-22 -2.90326e-13    2.604e-22 -1.09301e-13 -2.63869e-22  1.50787e-13  2.48315e-22 -3.46675e-14 -2.19742e-22 -2.97068e-14  1.84329e-22  1.85949e-14 -1.45995e-22  2.60616e-15  1.07009e-22 -4.80361e-15 -7.00123e-23  1.68925e-16  3.86799e-23  9.22695e-16  -1.6225e-23  -8.8394e-17  3.46631e-24 -1.48233e-16  1.54533e-24  1.19052e-17 -2.14019e-24  2.00816e-17  1.23446e-24  -1.6298e-19 -4.03686e-25  -2.1094e-18  3.49544e-26 -1.96524e-19  3.51975e-26  1.44381e-19 -1.71043e-26  3.10479e-20  1.80758e-27 -4.20184e-21  1.13981e-27 -2.01241e-21 -4.63509e-28 -1.01822e-22   4.0181e-29  4.78519e-23  1.18444e-29   8.0078e-24 -2.66448e-30  4.92294e-26  9.89343e-32 -9.01415e-26 -9.20675e-33 -7.44759e-27  3.44001e-33 -5.57279e-29  1.19169e-34  1.26057e-29 -2.62846e-35  2.40023e-31
