 6.75603e-36  1.17837e-51 -1.33095e-35 -4.60369e-51  6.97291e-36  9.09229e-53  2.15752e-36 -2.66357e-51 -6.18169e-36 -8.62198e-52  4.12052e-36  9.32411e-51  2.11472e-37 -1.92166e-51 -2.12351e-36 -3.85629e-51  1.24384e-36  2.92236e-52 -5.61181e-37  1.08098e-51  2.43952e-37  6.29872e-52  1.65133e-37   3.5624e-52 -1.31007e-37  1.05654e-51  8.56595e-39  1.67914e-52 -9.37484e-39 -6.34195e-51 -1.75445e-38 -6.99737e-50  3.05814e-38 -2.66062e-49 -1.46863e-38  -4.3106e-49   2.1829e-39 -7.53816e-49 -8.33384e-40 -3.45893e-50  1.47388e-39  1.79061e-48 -2.84505e-40  6.08551e-48 -1.29461e-40  1.39897e-47 -1.27638e-40  1.88376e-47   6.8675e-41  3.55379e-47  3.86148e-42   3.6861e-47 -3.25447e-41   3.2418e-47  2.05182e-41  3.77042e-47 -6.51828e-42  3.32709e-47  5.07122e-42  8.49402e-48 -5.18503e-43 -1.88597e-47 -7.81941e-43 -8.98259e-47   1.3545e-43  -1.1602e-46  4.96471e-44 -7.34415e-47 -1.08646e-44 -3.27004e-47   6.7097e-45 -1.69533e-48 -9.18109e-45  7.06592e-48  3.06869e-46  1.35387e-48  1.49778e-45   2.8358e-48 -5.14517e-46  1.71067e-48  1.42556e-46 -7.54961e-50 -1.59793e-47  1.37084e-49 -2.72095e-47  -3.3376e-50  9.21865e-48  1.38853e-50 -1.84427e-48    2.651e-50  6.67044e-49  3.03678e-50 -1.00271e-48 -5.18235e-50  1.88403e-48  8.51101e-50 -3.02604e-48 -1.31567e-49  4.29595e-48  1.85079e-49 -5.58345e-48 -2.39068e-49  6.63104e-48   2.8124e-49 -7.14322e-48 -2.99205e-49  6.92623e-48  2.85329e-49 -5.98805e-48 -2.41277e-49  4.56188e-48  1.78491e-49 -3.01684e-48 -1.13535e-49  1.69819e-48  6.06901e-50 -7.92338e-49 -2.64133e-50  2.95064e-49  8.93223e-51 -8.27513e-50  -2.1752e-51  1.57869e-50  3.29128e-52 -1.62614e-51 -1.99375e-53
 1.17837e-51  2.17526e-35  6.81315e-51 -2.47655e-35 -1.73989e-50  6.36583e-36 -5.04161e-52  9.92101e-36 -7.59744e-51 -1.42114e-35 -3.82046e-51  9.55025e-36  2.13119e-50 -8.91354e-37 -3.86704e-51 -3.91987e-36 -6.30342e-51   2.6447e-36  1.45794e-51 -1.30862e-36  2.60123e-51  4.63047e-37  2.68321e-51  4.67221e-37  9.45669e-51 -2.60021e-37  2.24685e-50  1.73437e-38  5.05988e-51 -4.11143e-38 -1.08249e-49 -3.88966e-38 -8.58448e-49  6.44624e-38 -2.85986e-48 -3.06373e-38 -4.62699e-48  6.94474e-39 -8.49975e-48 -4.06125e-39 -2.07557e-48  4.62383e-39    1.288e-47 -1.28576e-39  4.92888e-47  2.84065e-40  1.17251e-46 -6.87593e-40   1.6224e-46  2.36764e-40   2.9865e-46 -3.50369e-42  3.10972e-46 -1.23337e-40  2.61637e-46  6.95119e-41  2.91539e-46 -1.68028e-41  3.16051e-46  1.65829e-41  1.23678e-46 -1.46286e-42 -6.34315e-47  -2.6269e-42 -5.70367e-46   2.3299e-43  -7.5645e-46  2.65813e-43 -4.60233e-46 -8.30138e-44  -1.8428e-46  3.59223e-44 -1.16767e-47 -3.28644e-44  3.58742e-47 -6.28283e-47  3.30818e-48  6.37692e-45  1.17309e-47  -2.1453e-45  8.65146e-48  5.20603e-46 -5.65566e-49 -4.61265e-47  5.12551e-49 -1.13986e-46 -1.55687e-49  4.08827e-47  1.66326e-49 -1.09344e-47 -7.98843e-50  9.87975e-48  4.87487e-49 -1.62468e-47 -8.29936e-49   2.6421e-47  1.32364e-48 -3.93662e-47 -1.95807e-48  5.33417e-47  2.65341e-48 -6.61359e-47 -3.28652e-48  7.46787e-47  3.69463e-48 -7.62423e-47 -3.73981e-48  6.97811e-47   3.3754e-48  -5.6651e-47 -2.68383e-48  4.02477e-47  1.85144e-48 -2.45888e-47 -1.08636e-48  1.26212e-47  5.27863e-49  -5.2711e-48 -2.04451e-49   1.7091e-48  5.95227e-50 -3.98827e-49 -1.17525e-50  5.78468e-50  1.24699e-51 -3.36582e-51
-1.33095e-35  6.81315e-51     3.71e-35  2.20116e-50 -3.19213e-35 -3.95264e-50  4.29861e-37 -2.35453e-51  2.03863e-35 -1.94791e-50 -2.25854e-35 -7.42551e-51  1.73897e-35  3.16397e-50 -4.32884e-36 -5.42841e-51 -5.36344e-36 -5.40945e-51  4.22956e-36  3.64412e-51 -2.10272e-36  4.73459e-51  4.81089e-37  1.98379e-50  9.22524e-37  9.85939e-50 -3.41123e-37  2.50258e-49  6.13849e-38   6.4789e-50 -1.00273e-37 -1.05064e-48 -7.62869e-38 -7.06601e-48  9.42643e-38 -2.10778e-47 -4.18266e-38 -3.37292e-47  1.61069e-38 -6.40243e-47 -1.20336e-38 -2.38871e-47  1.05113e-38  6.11322e-47 -3.70821e-39  2.71632e-46  2.04355e-39  6.80341e-46 -2.12461e-39  9.64522e-46  5.84627e-40  1.72788e-45 -3.56498e-41  1.79463e-45 -3.37596e-40  1.44013e-45  1.63726e-40  1.53114e-45 -2.96862e-41  1.95426e-45  3.99761e-41  9.27451e-46 -3.70294e-42  1.89055e-47 -5.71458e-42 -2.48361e-45  1.27942e-45 -3.39248e-45  8.78205e-43 -1.97898e-45 -3.44762e-43 -7.00984e-46  1.25941e-43  -5.2325e-47 -8.43822e-44  1.26384e-46 -3.04815e-45 -2.83776e-48  1.91729e-44  3.24613e-47 -6.21384e-45  3.02165e-47  1.29785e-45 -2.43933e-48 -8.51801e-47  1.25892e-48 -3.45903e-46 -9.77869e-49  1.41281e-46  1.74397e-48   -6.902e-47 -2.59253e-48  9.86254e-47  5.62202e-48 -1.60571e-46 -9.34408e-48  2.45795e-46  1.44052e-47 -3.47399e-46 -2.04812e-47  4.49547e-46  2.66624e-47  -5.3158e-46 -3.16113e-47  5.71058e-46  3.38827e-47 -5.53057e-46 -3.25436e-47  4.78281e-46  2.77072e-47 -3.64835e-46 -2.06288e-47  2.41603e-46  1.32001e-47 -1.36021e-46 -7.09483e-48  6.32937e-47  3.10309e-48 -2.33999e-47 -1.05397e-48  6.47551e-48  2.57625e-49 -1.21014e-48 -3.90982e-50  1.21113e-49  2.37354e-51
-4.60369e-51 -2.47655e-35  2.20116e-50  5.09279e-35  4.91212e-50 -4.09159e-35 -6.34551e-50 -6.11746e-36 -5.43186e-51  2.90453e-35 -4.02416e-50 -2.83333e-35 -1.26355e-50  2.68496e-35  3.41016e-50 -9.36635e-36 -5.61582e-51 -6.56142e-36  1.67309e-51  5.60658e-36  2.21596e-51 -2.60424e-36  1.06541e-50  1.62485e-37  1.52606e-49  1.32082e-36  7.79376e-49 -2.49265e-37  2.03898e-48  1.97002e-37  5.79341e-49 -1.76093e-37 -7.40243e-48 -1.57367e-37 -4.53399e-47  1.14158e-37   -1.229e-46 -3.87859e-38 -1.93182e-46  3.02349e-38 -3.75994e-46 -2.68629e-38 -1.73734e-46  2.01697e-38    2.173e-46  -8.4612e-39  1.16862e-45  6.11363e-39  3.15661e-45 -4.82986e-39   4.5694e-45   1.1691e-39  7.95636e-45  -9.7578e-41   8.1854e-45 -7.58392e-40   6.2336e-45  3.14511e-40   6.2804e-45 -4.66583e-41  9.26043e-45  8.25442e-41  4.90409e-45 -9.49693e-42   1.2961e-45 -8.94707e-42 -8.55929e-45 -1.07375e-42 -1.20897e-44  2.23528e-42 -6.74372e-45 -1.05036e-42 -2.06692e-45  3.45338e-43  -1.8206e-46 -1.77976e-43  3.57168e-46  -1.3142e-44 -5.40458e-47  4.69444e-44  6.92708e-47 -1.42985e-44  8.42158e-47  2.48052e-45 -8.31609e-48 -6.94353e-47  3.84935e-48 -9.23392e-46 -8.44077e-48  5.12449e-46   1.6644e-47 -4.75939e-46 -2.92672e-47  7.69783e-46  5.30256e-47  -1.2118e-45 -8.53646e-47  1.77189e-45  1.26924e-46 -2.39116e-45 -1.73429e-46  2.95932e-45  2.16433e-46 -3.34468e-45 -2.45083e-46   3.4301e-45  2.49799e-46 -3.16486e-45 -2.26937e-46  2.59798e-45  1.81551e-46 -1.86946e-45 -1.25962e-46  1.15638e-45  7.43029e-47 -5.99153e-46 -3.62794e-47  2.51118e-46  1.41137e-47 -8.10313e-47 -4.12516e-48  1.86274e-47  8.17298e-49 -2.63144e-48 -8.69712e-50  1.47237e-49
 6.97291e-36 -1.73989e-50 -3.19213e-35  4.91212e-50  7.22175e-35  8.38982e-50  -5.8288e-35  -7.6812e-50 -1.11439e-35 -7.65816e-51  3.22869e-35 -6.43233e-50 -2.93481e-35 -2.30375e-50  3.59955e-35  2.68994e-50 -1.41854e-35 -4.17829e-52 -7.43429e-36  2.84642e-50   6.2648e-36 -3.09601e-50 -2.46187e-36  4.50587e-50 -5.00653e-37  1.01754e-48  1.23812e-36  5.17726e-48  1.82216e-37  1.33848e-47  4.95217e-37  4.09148e-48 -2.52448e-37 -4.15716e-47 -3.18892e-37 -2.41389e-46   1.2873e-37 -6.01119e-46 -1.27153e-38 -9.23148e-46  4.69777e-38 -1.83588e-45 -4.89832e-38 -9.65313e-46  3.44291e-38  5.97706e-46 -1.63414e-38  4.12028e-45  1.30662e-38  1.24339e-44 -8.85268e-39  1.82987e-44  1.98825e-39   3.0971e-44 -1.66815e-40  3.13149e-44  -1.4703e-39  2.24779e-44  5.32057e-40  2.12242e-44  -8.3981e-41  3.60617e-44  1.54503e-40  2.04592e-44 -2.31055e-41  8.07813e-45 -9.48509e-42 -2.47511e-44  -3.5442e-42 -3.63281e-44  4.80908e-42  -1.9322e-44 -2.61293e-42 -4.96504e-45  7.97318e-43 -5.33757e-46 -3.23967e-43  8.59738e-46 -3.85821e-44 -2.50737e-46  9.88859e-44  1.21254e-46  -2.7399e-44  2.00769e-46  3.57033e-45 -3.05352e-47  3.56274e-46  2.87493e-47 -2.57407e-45 -7.33153e-47  2.25616e-45  1.42454e-46 -3.04184e-45 -2.54215e-46  4.90692e-45  4.31176e-46 -7.41334e-45  -6.7012e-46  1.03799e-44  9.59093e-46 -1.34233e-44 -1.25754e-45  1.59607e-44  1.50105e-45 -1.73675e-44 -1.61922e-45  1.71717e-44   1.5646e-45 -1.52682e-44 -1.33959e-45  1.20332e-44   1.0026e-45  -8.2443e-45 -6.44677e-46  4.78741e-45  3.48064e-46 -2.28049e-45 -1.52866e-46  8.53364e-46   5.2119e-47 -2.35761e-46  -1.2784e-47  4.33468e-47  1.94631e-48 -4.20501e-48 -1.18494e-49
 9.09229e-53  6.36583e-36 -3.95264e-50 -4.09159e-35  8.38982e-50  1.08703e-34  1.16736e-49 -8.25443e-35 -7.11488e-50 -1.57031e-35 -3.58821e-51  2.89739e-35   -8.117e-50 -2.59497e-35 -4.02476e-50  4.32209e-35  2.31688e-50 -1.79089e-35  3.46133e-50 -7.20661e-36  1.48664e-49  5.81896e-36 -2.47665e-49 -1.29471e-36   2.1877e-49 -1.47577e-36  5.85378e-48  1.79715e-37  2.98753e-47  1.09838e-36  7.42729e-47  1.03478e-36  2.42862e-47 -3.29341e-37 -1.94603e-46 -5.84014e-37  -1.1031e-45  1.47202e-37 -2.54698e-45  4.45961e-38 -3.80374e-45  5.95449e-38 -7.71671e-45 -7.59587e-38 -4.41976e-45   5.3115e-38  1.26702e-45 -2.72704e-38  1.20669e-44  2.24527e-38  4.30118e-44 -1.36675e-38  6.39905e-44   2.9661e-39  1.05426e-43 -1.80416e-40  1.03843e-43 -2.53045e-39  6.96502e-44  8.34382e-40  6.05459e-44 -1.84099e-40  1.20019e-43  2.68022e-40  7.12348e-44 -5.00469e-41  3.34939e-44 -3.07987e-42 -6.19993e-44 -7.72238e-42 -9.50966e-44  9.18761e-42 -4.80944e-44  -5.5991e-42 -9.87012e-45  1.61272e-42 -1.38677e-45 -5.20596e-43  1.82142e-45 -9.12624e-44 -7.97454e-46  1.84143e-43  1.76687e-46 -4.42304e-44  4.46138e-46  2.67634e-45 -1.58856e-46  2.97803e-45  2.60604e-46 -8.53185e-45 -5.81951e-46  1.06967e-44  1.09617e-45 -1.62217e-44 -1.91307e-45  2.50939e-44  3.10987e-45 -3.61647e-44 -4.65588e-45  4.85209e-44  6.40138e-45 -6.05787e-44  -8.0372e-45  7.02175e-44  9.15285e-45 -7.51684e-44 -9.37854e-45  7.35497e-44  8.56231e-45 -6.47119e-44 -6.88138e-45  5.00725e-44  4.79471e-45 -3.31478e-44 -2.83949e-45  1.81654e-44  1.39152e-45  -7.9183e-45   -5.432e-46  2.60663e-45   1.5928e-46  -5.9983e-46 -3.16546e-47  8.34493e-47  3.37847e-48 -4.53381e-48
 2.15752e-36 -5.04161e-52  4.29861e-37 -6.34551e-50  -5.8288e-35  1.16736e-49  1.57689e-34  1.37092e-49 -1.05686e-34 -4.66504e-50 -2.12795e-35  1.34825e-50    2.078e-35 -8.33235e-50 -2.07938e-35 -5.65245e-50   4.8672e-35  9.24755e-50 -2.21062e-35  2.31526e-49 -4.61374e-36  6.90609e-49   4.2062e-36 -1.44283e-48  1.36165e-36  8.04909e-49 -2.83255e-36  2.94588e-47 -2.18307e-36  1.52535e-46  2.53469e-36  3.59011e-46  1.89301e-36  1.26439e-46 -4.35438e-37 -7.75075e-46 -9.40666e-37 -4.41699e-45  1.71815e-37 -9.54091e-45  1.41745e-37 -1.37967e-44  5.66553e-38 -2.85157e-44 -1.02583e-37 -1.73548e-44  7.39603e-38  2.09802e-45 -3.93207e-38  2.87752e-44  3.24018e-38  1.33632e-43 -1.81638e-38  1.99478e-43  3.97886e-39  3.20846e-43 -3.60159e-41  3.04799e-43 -3.94087e-39  1.88987e-43   1.2566e-39  1.46845e-43 -4.17834e-40  3.50107e-43  4.33286e-40  2.14011e-43 -9.41433e-41  1.10201e-43  1.44353e-41 -1.37254e-43 -1.34247e-41 -2.21381e-43  1.60437e-41 -1.06212e-43 -1.06703e-41 -1.60145e-44  2.92858e-42 -3.30201e-45 -7.47323e-43  3.45815e-45 -1.83275e-43 -1.99525e-45    3.074e-43   1.4516e-46 -5.83693e-44  1.13251e-45 -5.83515e-45 -1.05721e-45   1.4449e-44  2.06796e-45 -2.93215e-44 -4.20138e-45  4.10483e-44  7.65514e-45 -6.01229e-44 -1.29358e-44  8.56679e-44  2.02341e-44 -1.15401e-43 -2.91225e-44  1.49073e-43  3.83817e-44 -1.86483e-43 -4.60358e-44  2.25139e-43  4.98828e-44 -2.57068e-43 -4.84001e-44  2.68776e-43  4.15983e-44 -2.48208e-43 -3.12442e-44  1.95479e-43  2.01563e-44 -1.26892e-43  -1.0916e-44  6.54891e-44  4.80813e-45 -2.57476e-44 -1.64389e-45  7.27464e-45  4.04325e-46 -1.34058e-45 -6.17259e-47  1.28891e-46   3.7686e-48
-2.66357e-51  9.92101e-36 -2.35453e-51 -6.11746e-36  -7.6812e-50 -8.25443e-35  1.37092e-49  2.07685e-34  1.37096e-49  -1.1974e-34 -9.86382e-51 -2.74379e-35  4.54407e-50  1.07067e-35 -7.16777e-50 -1.69837e-35 -3.33414e-50  5.46397e-35  5.53881e-49 -3.05979e-35  1.22766e-48  1.31616e-36  2.88556e-48  1.78439e-36 -7.55924e-48  5.97345e-36  1.44131e-48 -4.82411e-36  1.31217e-46 -5.80283e-36  6.98671e-46  4.35649e-36  1.54435e-45  3.12351e-36  5.96901e-46 -6.15715e-37 -2.63116e-45 -1.33541e-36 -1.56973e-44  1.90765e-37 -3.20419e-44  2.86651e-37 -4.46827e-44  2.45839e-38 -9.38762e-44 -1.22686e-37 -5.98996e-44  9.17437e-38  3.91565e-45 -4.80511e-38  5.05128e-44  3.97508e-38  3.79026e-43 -2.08994e-38  5.62212e-43  4.90533e-39   8.8686e-43  3.87731e-40  8.03446e-43 -5.63628e-39  4.54444e-43  1.85049e-39  2.99532e-43 -8.70502e-40  9.11146e-43  6.51176e-40    5.671e-43 -1.52289e-40  3.06872e-43  4.48039e-41 -2.72297e-43 -1.98915e-41 -4.64811e-43  2.60711e-41 -2.11281e-43 -1.84723e-41 -1.96665e-44  4.85448e-42 -7.33948e-45 -9.66803e-43   5.8711e-45 -3.18516e-43 -3.93561e-45  4.62992e-43 -7.68134e-46 -5.69744e-44   4.3415e-45 -2.71427e-44 -7.25298e-45  2.95169e-44  1.45008e-44 -3.63449e-44 -2.78045e-44  1.40307e-44  4.89417e-44  3.34443e-44 -7.97864e-44 -1.07261e-43  1.20016e-43  1.84097e-43 -1.65721e-43 -2.05437e-43  2.08889e-43   1.0153e-43 -2.38748e-43  1.56364e-43  2.45446e-43 -5.04719e-43 -2.24765e-43  7.94955e-43  1.81145e-43 -8.83394e-43 -1.26543e-43  7.40649e-43  7.51223e-44 -4.72562e-43 -3.68995e-44  2.25726e-43  1.44367e-44 -7.78865e-44 -4.24277e-45  1.82284e-44  8.45151e-46 -2.54255e-45 -9.04266e-47  1.38785e-46
-6.18169e-36 -7.59744e-51  2.03863e-35 -5.43186e-51 -1.11439e-35 -7.11488e-50 -1.05686e-34  1.37096e-49  2.45955e-34  1.14735e-49 -1.22395e-34  3.01471e-50 -3.14338e-35  8.54795e-50  8.93119e-37 -5.49283e-50 -1.60659e-35  1.97875e-49  6.47394e-35  2.78747e-48 -4.77088e-35  5.79499e-48  1.04471e-35  1.05686e-47 -6.43291e-37 -3.68053e-47  1.27693e-35 -6.36965e-48 -7.84439e-36  5.21915e-46 -1.01866e-35   2.9045e-45  6.27174e-36  6.01309e-45  4.72093e-36  2.62283e-45 -8.98016e-37 -7.42789e-45 -1.68612e-36 -4.98763e-44  1.84206e-37  -9.7447e-44  4.81418e-37  -1.3059e-43 -4.90097e-38 -2.77534e-43 -1.31992e-37 -1.84854e-43   9.8167e-38  1.74826e-44 -4.66518e-38  3.18357e-44  4.07776e-38  9.93757e-43 -2.04906e-38  1.44715e-42  5.67052e-39  2.25302e-42  1.19155e-39  1.92218e-42 -7.49678e-39   9.7543e-43  2.66765e-39  4.90443e-43 -1.61268e-39  2.14384e-42  9.03815e-40  1.34629e-42 -2.08378e-40  7.47588e-43  8.50907e-41 -4.89164e-43 -2.59869e-41 -8.88981e-43  3.99038e-41 -3.83127e-43 -2.94915e-41 -1.21739e-44  7.43605e-42 -1.51856e-44  -1.1404e-42  8.22877e-45 -4.88236e-43 -4.47214e-45  6.56578e-43 -8.45837e-45 -9.90919e-44  2.36917e-44  1.37619e-43 -4.71817e-44 -4.40472e-43  9.24315e-44  1.02074e-42 -1.69799e-43 -2.08161e-42  2.88294e-43  3.68906e-42 -4.52424e-43 -5.70169e-42  6.53371e-43  7.61169e-42 -8.63748e-43 -8.58559e-42  1.03887e-42  7.83996e-42  -1.1285e-42 -5.22989e-42  1.09744e-42  1.60715e-42 -9.45162e-43  1.53052e-42  7.11254e-43 -3.01258e-42 -4.59662e-43  2.77763e-42  2.49362e-43 -1.70445e-42 -1.10021e-43  7.28634e-43  3.76808e-44 -2.12498e-43 -9.28474e-45  3.93612e-44   1.4203e-45 -3.79891e-45 -8.69135e-47
-8.62198e-52 -1.42114e-35 -1.94791e-50  2.90453e-35 -7.65816e-51 -1.57031e-35 -4.66504e-50  -1.1974e-34  1.14735e-49  2.66195e-34  7.73895e-50 -1.18567e-34  5.97519e-50 -2.98115e-35  1.20141e-49 -8.45776e-36 -6.90575e-50 -1.72745e-35  1.33482e-48  8.22958e-35   1.2261e-47 -7.60495e-35  2.47838e-47  2.11651e-35  3.28691e-47 -1.91312e-36 -1.66818e-46   2.1494e-35 -8.01068e-47 -1.22873e-35  1.86556e-45 -1.45084e-35  1.10717e-44  7.91897e-36  2.15046e-44   6.5908e-36   1.0923e-44 -1.26033e-36 -1.58464e-44 -1.90525e-36 -1.42032e-43  1.43345e-37 -2.70354e-43  7.14304e-37 -3.47463e-43 -1.70732e-37 -7.39489e-43 -1.30608e-37 -5.16854e-43   8.2685e-38  1.02486e-43 -2.70706e-38 -2.19973e-43  3.23189e-38  2.43182e-42 -1.59385e-38  3.42711e-42  6.26724e-39  5.30844e-42  2.40634e-39  4.20663e-42 -9.38436e-39  1.87452e-42  3.72933e-39  5.37745e-43 -2.66534e-39    4.609e-42  1.14635e-39   2.8972e-42 -2.29359e-40  1.62587e-42  1.26672e-40 -8.02547e-43 -3.06767e-41 -1.55963e-42  5.80703e-41  -6.3987e-43 -4.39042e-41  2.07759e-44  1.06143e-41 -2.77696e-44  -1.2044e-42  3.73013e-45 -8.37471e-43  1.30105e-44  1.40394e-42 -6.10297e-44 -1.58969e-42  1.41762e-43  3.84086e-42 -2.86396e-43 -8.60349e-42   5.4378e-43  1.71954e-41 -9.61261e-43  -3.0978e-41  1.57173e-42  4.98967e-41 -2.36996e-42 -7.11933e-41  3.27981e-42  8.87494e-41 -4.14233e-42  -9.4694e-41   4.7427e-42  8.36649e-41 -4.88332e-42 -5.74571e-41  4.47808e-42  2.57956e-41 -3.61357e-42 -9.28404e-43   2.5273e-42 -1.03939e-41 -1.50203e-42  1.03255e-41  7.38627e-43 -5.81556e-42 -2.89329e-43  2.12902e-42  8.51419e-44 -5.02048e-43 -1.69856e-44  6.94181e-44  1.82059e-45  -3.8246e-45
 4.12052e-36 -3.82046e-51 -2.25854e-35 -4.02416e-50  3.22869e-35 -3.58821e-51 -2.12795e-35 -9.86382e-51 -1.22395e-34  7.73895e-50  2.72236e-34  4.06076e-50 -1.17544e-34  3.62148e-50 -2.07853e-35  1.02195e-49 -1.85361e-35 -3.91754e-49 -1.79936e-35  5.91559e-48  1.08715e-34  4.85895e-47 -1.14984e-34  9.63763e-47  3.06602e-35   8.0555e-47 -7.65332e-37 -7.02285e-46  3.13314e-35 -4.96868e-46 -1.83851e-35  6.01557e-45  -1.7859e-35   3.9058e-44  8.98332e-36  7.16069e-44  8.54781e-36  4.35037e-44 -1.62313e-36 -1.42445e-44 -1.92142e-36 -3.61254e-43  9.26831e-38 -6.87925e-43  9.53251e-37 -8.48915e-43 -3.38272e-37 -1.77364e-42 -1.23821e-37 -1.32446e-42  3.40876e-38  4.96176e-43  1.81172e-38  -1.3207e-42  1.29238e-38  5.59486e-42 -6.76048e-39  7.50695e-42  6.75757e-39  1.16802e-41  3.95697e-39   8.4703e-42 -1.11915e-38  3.21919e-42    4.998e-39 -8.70007e-44 -3.97431e-39   9.1343e-42  1.30465e-39  5.70447e-42 -1.66832e-40  3.20033e-42  1.56215e-40 -1.21199e-42 -3.36604e-41 -2.52166e-42  8.10115e-41 -9.93042e-43 -6.13769e-41  9.41572e-44  1.39367e-41  -3.3694e-44 -2.24114e-43  -5.0606e-44 -4.14596e-42  1.50264e-43   1.0157e-41 -3.82555e-43 -2.25409e-41  8.23476e-43  5.08632e-41 -1.62175e-42  -1.0472e-40  2.97392e-42  1.95707e-40 -5.06101e-42 -3.30445e-40  7.95624e-42  4.99737e-40 -1.15069e-41 -6.69465e-40  1.52311e-41  7.82725e-40 -1.83387e-41 -7.82205e-40  1.99391e-41  6.47116e-40 -1.94055e-41 -4.18595e-40  1.67244e-41  1.84312e-40 -1.25934e-41  -2.4185e-41  8.14379e-42  -3.8713e-41 -4.42077e-42  3.73963e-41  1.95188e-42 -1.81835e-41 -6.69054e-43  5.42667e-42  1.65027e-43 -9.83757e-43 -2.52766e-44  9.31439e-44  1.54926e-45
 9.32411e-51  9.55025e-36 -7.42551e-51 -2.83333e-35 -6.43233e-50  2.89739e-35  1.34825e-50 -2.74379e-35  3.01471e-50 -1.18567e-34  4.06076e-50  2.76046e-34  1.01083e-50 -1.28089e-34 -2.36173e-49 -5.84112e-36 -3.31116e-49 -3.07181e-35 -2.88447e-48 -1.47249e-35  2.16863e-47  1.42614e-34  1.75155e-46 -1.60421e-34  3.40934e-46  3.57776e-35  1.12888e-46  3.74818e-36 -2.74504e-45  4.10546e-35 -2.34201e-45 -2.60898e-35  1.75058e-44  -1.9528e-35  1.28574e-43  9.27622e-36  2.24901e-43  1.03535e-35  1.65847e-43 -1.87803e-36  8.43957e-44 -1.69037e-36  -8.1028e-43  1.00966e-37 -1.61151e-42  1.14615e-36 -1.92414e-42 -5.39768e-37 -3.79722e-42 -1.20795e-37 -3.14582e-42 -5.76669e-38   1.9667e-42  9.36049e-38 -4.94605e-42 -1.62562e-38  1.21653e-41  7.05136e-39  1.52687e-41  7.24782e-39  2.41218e-41  5.67134e-39  1.57552e-41 -1.28846e-38  4.89253e-42  6.36999e-39 -2.53377e-42 -5.40718e-39   1.6818e-41  1.28323e-39  1.03563e-41  3.38677e-41  5.75863e-42  1.58466e-40  -1.6982e-42 -3.58463e-41  -3.7683e-42  1.08853e-40 -1.43766e-42    -7.98e-41  1.92588e-43  1.28101e-41  6.15226e-44  1.43874e-41 -4.04988e-43 -4.44852e-41  9.80046e-43   1.1154e-40 -2.19551e-42  -2.5624e-40  4.50986e-42  5.46392e-40 -8.58426e-42 -1.06462e-39  1.51758e-41   1.8846e-39 -2.48411e-41 -3.00883e-39  3.74879e-41  4.29121e-39 -5.19127e-41 -5.40115e-39  6.55963e-41  5.90405e-39 -7.51306e-41 -5.48147e-39  7.73787e-41  4.17924e-39 -7.09716e-41 -2.46599e-39    5.728e-41   9.7751e-40  -4.0068e-41 -1.13521e-40  2.38185e-41 -1.57324e-40 -1.17163e-41  1.27797e-40  4.59135e-42 -5.03342e-41 -1.35193e-42  1.16108e-41  2.69933e-43 -1.52361e-42 -2.89654e-44  8.25584e-44
 2.11472e-37  2.13119e-50  1.73897e-35 -1.26355e-50 -2.93481e-35   -8.117e-50    2.078e-35  4.54407e-50 -3.14338e-35  5.97519e-50 -1.17544e-34  1.01083e-50  2.91915e-34 -8.80052e-50 -1.54561e-34 -1.65509e-48   1.0226e-35 -3.47393e-48 -4.57885e-35 -1.77523e-47 -4.05767e-36  6.67968e-47  1.80043e-34  5.74642e-46 -2.05882e-34  1.09433e-45  3.41049e-35 -2.42252e-46  1.19005e-35 -9.98248e-45   4.9327e-35 -9.23507e-45 -3.50127e-35  4.57257e-44  -1.9209e-35  3.97841e-43  8.74077e-36  6.74259e-43  1.17843e-35    6.027e-43 -1.94439e-36   6.5034e-43 -1.19422e-36 -1.55079e-42  2.71161e-37 -3.48398e-42   1.2301e-36 -4.10458e-42 -7.56278e-37 -7.09386e-42 -1.31893e-37 -7.01048e-42 -1.99885e-37  6.65432e-42  1.99575e-37 -1.51544e-41 -5.10013e-38  2.50875e-41   2.5112e-38  2.89191e-41   7.8099e-39  4.69157e-41  7.35908e-39  2.71312e-41  -1.4527e-38  6.40798e-42  7.70176e-39 -8.86415e-42  -6.7769e-39   2.8974e-41   9.8434e-40  1.74528e-41  4.18386e-40  9.54295e-42  1.19429e-40 -2.22339e-42 -3.82561e-41 -5.22314e-42   1.3696e-40 -1.89892e-42 -8.08042e-41    1.065e-43 -4.41771e-41  8.26587e-43  1.83637e-40 -2.42607e-42 -4.83211e-40   5.5241e-42  1.16094e-39 -1.17332e-41 -2.56741e-39  2.31838e-41  5.21654e-39 -4.25546e-41 -9.67235e-39  7.24254e-41  1.62555e-38 -1.13889e-40 -2.45553e-38  1.64732e-40  3.29919e-38 -2.18045e-40 -3.89025e-38  2.62505e-40  3.95538e-38 -2.85365e-40 -3.38346e-38   2.7767e-40  2.34547e-38 -2.39255e-40 -1.23219e-38  1.80123e-40  4.14923e-39 -1.16464e-40 -2.27501e-40  6.32179e-41  -6.4853e-40 -2.79146e-41  3.95862e-40  9.57088e-42 -1.18768e-40 -2.36185e-42  1.99472e-41  3.62027e-43 -1.74859e-42 -2.22134e-44
-1.92166e-51 -8.91354e-37  3.16397e-50  2.68496e-35 -2.30375e-50 -2.59497e-35 -8.33235e-50  1.07067e-35  8.54795e-50 -2.98115e-35  3.62148e-50 -1.28089e-34 -8.80052e-50  3.30638e-34  -6.7706e-49 -1.95571e-34 -8.01204e-48  2.05937e-35 -2.09905e-47 -6.38569e-35 -9.30742e-47   1.6462e-35  1.62066e-46  2.15585e-34  1.70605e-45  -2.4428e-34  3.16057e-45  2.48234e-35 -2.79499e-45  2.31833e-35 -3.39103e-44  5.50075e-35 -3.16832e-44 -4.44052e-35  1.05288e-43 -1.70592e-35  1.16417e-42  7.39281e-36  1.94872e-42  1.27054e-35  2.07618e-42 -1.83028e-36  2.98258e-42 -4.34326e-37  -2.3023e-42  7.11601e-37 -6.96118e-42  1.14764e-36 -8.41562e-42 -9.67078e-37 -1.08776e-41 -1.65947e-37  -1.4861e-41 -3.96085e-37   1.9845e-41  3.30701e-37 -4.08704e-41 -8.40535e-38  4.91724e-41  4.66343e-38  5.11221e-41  8.33063e-39  8.61033e-41  8.95167e-39  4.32574e-41 -1.62734e-38  6.70122e-42   8.8658e-39 -2.22118e-41 -7.88445e-39  4.70245e-41  3.34041e-40  2.74734e-41  1.00752e-39  1.46365e-41  2.46276e-41 -2.70736e-42 -2.58282e-41 -6.82759e-42  1.04288e-40 -1.91492e-42  1.26604e-40 -1.41859e-42 -6.96909e-40  5.32639e-42  1.93579e-39 -1.31337e-41 -4.82586e-39   2.8761e-41  1.11037e-38 -5.87865e-41 -2.35112e-38  1.11932e-40   4.5598e-38 -1.97886e-40 -8.04844e-38  3.23817e-40  1.28318e-37 -4.88515e-40  -1.8308e-37  6.76205e-40  2.31063e-37  -8.5403e-40 -2.54152e-37  9.77646e-40  2.38857e-37 -1.00635e-39 -1.86523e-37  9.22535e-40  1.15871e-37 -7.44195e-40 -5.27835e-38  5.20352e-40  1.40371e-38 -3.09223e-40  7.17866e-40  1.52077e-40 -2.46924e-39 -5.95949e-41  1.06396e-39  1.75513e-41 -2.28057e-40 -3.50597e-42  2.59641e-41  3.76497e-43 -1.30931e-42
-2.12351e-36 -3.86704e-51 -4.32884e-36  3.41016e-50  3.59955e-35 -4.02476e-50 -2.07938e-35 -7.16777e-50  8.93119e-37  1.20141e-49 -2.07853e-35 -2.36173e-49 -1.54561e-34  -6.7706e-49  3.96365e-34 -3.54702e-48 -2.44833e-34 -3.39178e-47  1.82888e-35 -1.03736e-46 -8.45491e-35 -4.29896e-46  4.75731e-35  2.22828e-46  2.43752e-34  4.51706e-45 -2.69714e-34   8.0456e-45  8.94333e-36 -1.44883e-44  3.65329e-35  -1.0818e-43  5.73335e-35 -9.65712e-44 -5.31698e-35  2.02767e-43 -1.36105e-35  3.23653e-42  5.24443e-36  5.46526e-42  1.31273e-35  6.74689e-42 -1.66845e-36  1.10797e-41  5.73987e-37 -1.60544e-42  1.50169e-36 -1.28656e-41  8.64457e-37 -1.70567e-41 -1.15674e-36 -1.08395e-41 -2.28691e-37 -3.04204e-41 -6.45288e-37  5.33186e-41  4.76186e-37 -1.00085e-40 -1.05695e-37  9.17213e-41  7.02866e-38  8.45527e-41  8.32934e-39  1.49205e-40  1.06493e-38  6.36714e-41 -1.83339e-38  3.95388e-42  9.81459e-39 -4.66175e-41  -8.5625e-39  7.23718e-41 -6.96556e-40  4.06585e-41  1.79927e-39  2.07828e-41 -1.91273e-40 -2.81694e-42  2.05364e-40 -9.17834e-42 -6.43796e-40  1.06683e-42  2.47143e-39 -1.09344e-41  -7.2249e-39  2.89518e-41   1.8703e-38 -6.64658e-41  -4.4707e-38  1.40502e-40  9.86068e-38 -2.77017e-40 -1.99759e-37  5.08189e-40  3.69593e-37 -8.64418e-40 -6.20246e-37  1.35833e-39  9.36262e-37 -1.96325e-39 -1.25821e-36  2.59656e-39  1.48598e-36 -3.12348e-39  -1.5167e-36  3.39274e-39  1.30796e-36 -3.29868e-39 -9.22406e-37  2.84024e-39   5.0456e-37 -2.13688e-39 -1.92333e-37  1.38091e-39  3.50956e-38 -7.49277e-40  8.96503e-39  3.30777e-40  -8.1127e-39  -1.1341e-40  2.36241e-39  2.79935e-41 -3.33403e-40 -4.29317e-42  2.35751e-41  2.63652e-43
-3.85629e-51 -3.91987e-36 -5.42841e-51 -9.36635e-36  2.68994e-50  4.32209e-35 -5.65245e-50 -1.69837e-35 -5.49283e-50 -8.45776e-36  1.02195e-49 -5.84112e-36 -1.65509e-48 -1.95571e-34 -3.54702e-48  4.86429e-34 -1.52713e-47 -2.93257e-34 -1.30826e-46 -1.94193e-36 -4.49056e-46 -1.07039e-34 -1.78879e-45  8.77688e-35 -5.18001e-46  2.60189e-34  1.03099e-44  -2.7869e-34   1.7136e-44 -1.11613e-35 -5.82384e-44  5.07814e-35  -3.2603e-43  5.59265e-35  -2.6514e-43 -5.99189e-35  2.67586e-43 -9.58782e-36  8.57423e-42  2.25895e-36  1.49109e-41  1.32217e-35  2.06183e-41  -1.7041e-36  3.60367e-41  1.79903e-36  5.05615e-42  2.66903e-36 -2.20288e-41  3.83458e-37 -3.51853e-41 -1.32236e-36  6.22141e-42 -3.22749e-37 -6.10141e-41 -9.41224e-37  1.31029e-40  6.20873e-37 -2.26169e-40 -1.04915e-37  1.62958e-40  9.39909e-38  1.31308e-40  6.85722e-39  2.43979e-40  1.29864e-38  8.58602e-41  -2.0917e-38 -4.49821e-42  1.06209e-38 -8.63747e-41 -8.69173e-39  1.06267e-40 -2.12047e-39  5.70561e-41  2.92336e-39  2.68882e-41  -1.1841e-39 -7.56837e-43  2.78598e-39 -1.68598e-41 -8.58749e-39  2.01253e-41  2.53195e-38 -6.04463e-41  -6.8054e-38  1.44411e-40  1.68915e-37 -3.16981e-40 -3.87671e-37  6.46934e-40  8.19345e-37 -1.23002e-39 -1.58638e-36  2.17246e-39  2.79611e-36 -3.55156e-39 -4.45264e-36  5.35248e-39  6.34716e-36 -7.40127e-39 -8.00672e-36  9.33794e-39  8.80875e-36 -1.06787e-38 -8.29186e-36  1.09815e-38  6.50457e-36 -1.00577e-38 -4.08806e-36  8.10665e-39  1.92358e-36 -5.66427e-39 -5.79392e-37  3.36414e-39  4.44209e-38 -1.65387e-39  4.73287e-38  6.47996e-40 -2.19209e-38 -1.90858e-40  4.05343e-39  3.81397e-41 -3.29667e-40  -4.0987e-42  1.31476e-41
 1.24384e-36 -6.30342e-51 -5.36344e-36 -5.61582e-51 -1.41854e-35  2.31688e-50   4.8672e-35 -3.33414e-50 -1.60659e-35 -6.90575e-50 -1.85361e-35 -3.31116e-49   1.0226e-35 -8.01204e-48 -2.44833e-34 -1.52713e-47  5.93148e-34 -5.70696e-47 -3.31528e-34 -4.64611e-46 -4.20762e-35 -1.75349e-45 -1.29892e-34 -6.80506e-45  1.33175e-34 -5.84556e-45   2.6242e-34  1.84784e-44 -2.70605e-34  2.56345e-44 -3.26618e-35 -2.01248e-43  6.51197e-35 -9.33624e-43  5.06532e-35 -6.63407e-43  -6.3112e-35 -1.05163e-43 -5.71074e-36  2.16736e-41 -1.63921e-36  3.95272e-41  1.32909e-35  5.91663e-41 -2.22882e-36  1.05998e-40  3.18204e-36   2.8785e-41  4.18832e-36 -3.51273e-41 -2.48542e-37 -7.51362e-41 -1.47871e-36  7.26718e-41 -4.48719e-37 -1.21237e-40 -1.27112e-36  2.97725e-40  7.47155e-37  -4.7606e-40 -7.11121e-38  2.75996e-40  1.14805e-37  1.92704e-40  2.60309e-39  3.75796e-40  1.67356e-38  1.04302e-40 -2.41562e-38 -2.21556e-41  1.14458e-38 -1.44837e-40 -8.07906e-39  1.49557e-40  -4.3913e-39  7.72652e-41  6.25107e-39  2.88283e-41  -9.5205e-39  1.28144e-41  2.83263e-38 -5.44323e-41 -8.41375e-38  1.18063e-40  2.33684e-37 -2.97636e-40 -6.01948e-37  6.75726e-40  1.43626e-36 -1.42834e-39 -3.16321e-36  2.81283e-39  6.39957e-36 -5.15316e-39 -1.18249e-35  8.75469e-39   1.9818e-35 -1.37402e-38 -2.98748e-35  1.98349e-38  4.00919e-35 -2.62016e-38 -4.72842e-35  3.14814e-38  4.82034e-35 -3.41566e-38 -4.15438e-35  3.31743e-38  2.93314e-35 -2.85363e-38 -1.61484e-35  2.14515e-38  6.31528e-36 -1.38529e-38 -1.33773e-36  7.51273e-39 -1.18759e-37 -3.31563e-39  1.72645e-37  1.13677e-39 -4.62963e-38 -2.80672e-40  4.73163e-39  4.30719e-41 -1.62588e-40 -2.64785e-42
 2.92236e-52   2.6447e-36 -5.40945e-51 -6.56142e-36 -4.17829e-52 -1.79089e-35  9.24755e-50  5.46397e-35  1.97875e-49 -1.72745e-35 -3.91754e-49 -3.07181e-35 -3.47393e-48  2.05937e-35 -3.39178e-47 -2.93257e-34 -5.70696e-47  7.06463e-34 -1.88487e-46 -3.52677e-34 -1.52489e-45 -9.97648e-35 -6.28597e-45 -1.50987e-34 -2.39108e-44  1.77938e-34 -3.06035e-44  2.50205e-34  1.63747e-44 -2.47589e-34  -1.8868e-45 -5.31847e-35  -6.2056e-43  7.93785e-35  -2.5525e-42  4.14395e-35 -1.53309e-42 -6.12922e-35 -2.47728e-42 -2.53746e-36  5.22644e-41 -6.51024e-36  1.01432e-40  1.36873e-35  1.59401e-40 -3.47718e-36  2.86754e-40  4.62415e-36  9.27523e-41  6.00033e-36 -5.30103e-41 -9.42587e-37  -1.6523e-40 -1.65895e-36  2.57521e-40 -6.06305e-37 -2.39751e-40 -1.61423e-36  6.30449e-40  8.37259e-37 -9.38818e-40  3.91357e-39  4.46128e-40  1.29057e-37  2.70473e-40 -5.76073e-39  5.43519e-40  2.26171e-38  1.09837e-40 -2.79727e-38 -5.33183e-41  1.21671e-38 -2.22683e-40 -5.19172e-39  2.01506e-40 -1.29414e-38   1.0625e-40  3.08952e-38  8.91608e-42 -8.74272e-38  8.33982e-41  2.65412e-37 -2.38927e-40 -7.60618e-37  5.79269e-40  2.03107e-36 -1.36706e-39  -5.0341e-36  2.98676e-39   1.1541e-35  -6.0896e-39 -2.43655e-35  1.15627e-38  4.71204e-35 -2.03928e-38 -8.29458e-35  3.32918e-38  1.31891e-34 -5.01044e-38 -1.87685e-34  6.91892e-38  2.36281e-34 -8.71788e-38 -2.59336e-34  9.95704e-38   2.4346e-34 -1.02273e-37 -1.90431e-34  9.35676e-38  1.19396e-34  -7.5345e-38 -5.62236e-35  5.26027e-38  1.72441e-35 -3.12228e-38 -1.76339e-36  1.53436e-38 -1.01889e-36   -6.011e-39  4.68083e-37   1.7708e-39 -6.98279e-38 -3.54061e-40  2.34852e-39  3.80867e-41   1.1205e-41
-5.61181e-37  1.45794e-51  4.22956e-36  1.67309e-51 -7.43429e-36  3.46133e-50 -2.21062e-35  5.53881e-49  6.47394e-35  1.33482e-48 -1.79936e-35 -2.88447e-48 -4.57885e-35 -2.09905e-47  1.82888e-35 -1.30826e-46 -3.31528e-34 -1.88487e-46  8.16518e-34 -5.50738e-46   -3.541e-34 -4.63188e-45 -1.68031e-34 -2.09435e-44 -1.67798e-34 -7.81574e-44  2.15034e-34 -1.25186e-43  2.25631e-34 -5.37144e-44 -2.13957e-34 -2.08655e-43 -7.13403e-35 -1.73413e-42  9.40301e-35 -6.68253e-42  2.81594e-35 -3.33471e-42 -5.33998e-35 -1.19466e-41 -3.71863e-37  1.20063e-40 -1.23307e-35  2.50797e-40  1.47003e-35  4.03458e-40 -5.52267e-36  7.20724e-40  5.98074e-36  2.38674e-40   8.0387e-36 -7.88032e-41 -1.57774e-36 -3.65917e-40 -1.90949e-36  6.92878e-40 -7.94429e-37 -4.70644e-40 -1.94101e-36  1.25144e-39  8.75417e-37 -1.74115e-39  1.24121e-37  6.89406e-40   1.3284e-37   3.7064e-40 -1.90881e-38  7.34423e-40  3.07241e-38   8.9893e-41  -3.1226e-38 -1.03406e-40   9.0631e-39 -3.14874e-40  1.50217e-38  2.53877e-40 -8.11465e-38  1.71129e-40  2.55662e-37 -1.12777e-40 -7.95141e-37  4.20011e-40  2.35356e-36 -1.09127e-39 -6.50926e-36  2.62197e-39  1.67448e-35 -5.93099e-39 -3.99212e-35  1.25041e-38  8.78461e-35 -2.45897e-38 -1.77547e-34   4.4981e-38  3.27675e-34 -7.63007e-38 -5.48382e-34  1.19571e-37  8.25204e-34 -1.72355e-37   -1.105e-33  2.27352e-37  1.29968e-33 -2.72791e-37 -1.32041e-33  2.95589e-37  1.13308e-33 -2.86747e-37 -7.95675e-34  2.46395e-37  4.35177e-34 -1.85053e-37 -1.69032e-34  1.19418e-37  3.59595e-35 -6.47307e-38  2.40037e-36  2.85616e-38 -3.91224e-36 -9.79332e-39  9.27996e-37  2.41917e-39 -5.67305e-38  -3.7159e-40 -2.49094e-39  2.28764e-41
 1.08098e-51 -1.30862e-36  3.64412e-51  5.60658e-36  2.84642e-50 -7.20661e-36  2.31526e-49 -3.05979e-35  2.78747e-48  8.22958e-35  5.91559e-48 -1.47249e-35 -1.77523e-47 -6.38569e-35 -1.03736e-46 -1.94193e-36 -4.64611e-46 -3.52677e-34 -5.50738e-46  9.15599e-34 -1.40622e-45 -3.38505e-34 -1.30171e-44 -2.35992e-34 -6.54666e-44  -1.7803e-34 -2.38873e-43  2.37306e-34 -4.42678e-43  1.92967e-34 -3.82832e-43 -1.75453e-34 -1.05093e-42 -8.67324e-35  -4.4099e-42  1.09922e-34 -1.67648e-41  1.06737e-35  -7.0175e-42 -3.90942e-35  -4.3475e-41  7.74244e-37  2.62151e-40  -1.8942e-35  5.94897e-40  1.64379e-35  9.60547e-40 -8.21519e-36  1.69417e-39  7.07091e-36  5.30464e-40  1.02499e-35  -1.2428e-40 -2.01888e-36 -7.95576e-40 -2.27933e-36  1.60911e-39 -1.00977e-36 -9.10321e-40 -2.21403e-36   2.3388e-39  8.49618e-37 -3.04472e-39  2.88052e-37  1.02081e-39  1.22846e-37  5.11061e-40 -3.70083e-38  9.19541e-40  3.82132e-38  3.05155e-41  -2.3659e-38 -1.81455e-40 -3.64586e-38 -4.01027e-40  1.94845e-37  2.63028e-40 -6.99629e-37  4.00891e-40  2.26807e-36 -6.91564e-40 -6.93769e-36  1.93252e-39  1.98641e-35 -4.80341e-39 -5.29933e-35  1.11899e-38  1.31265e-34 -2.44013e-38 -3.00732e-34  4.96509e-38  6.34383e-34 -9.41236e-38 -1.22556e-33  1.65733e-37  2.15451e-33 -2.70126e-37 -3.42013e-33  4.05897e-37  4.85659e-33 -5.59641e-37 -6.09736e-33  7.04108e-37  6.66869e-33 -8.03065e-37 -6.23154e-33  8.23789e-37  4.84427e-33 -7.52783e-37 -3.01165e-33  6.05555e-37  1.40095e-33 -4.22419e-37 -4.21214e-34  2.50577e-37  4.05202e-35 -1.23097e-37  2.43513e-35  4.82237e-38 -1.02091e-35 -1.42116e-38  1.19717e-36   2.8439e-39   2.6492e-38 -3.06343e-40 -4.40314e-39
 2.43952e-37  2.60123e-51 -2.10272e-36  2.21596e-51   6.2648e-36  1.48664e-49 -4.61374e-36  1.22766e-48 -4.77088e-35   1.2261e-47  1.08715e-34  2.16863e-47 -4.05767e-36 -9.30742e-47 -8.45491e-35 -4.49056e-46 -4.20762e-35 -1.52489e-45   -3.541e-34 -1.40622e-45  9.99181e-34 -3.03332e-45 -3.13455e-34 -3.37635e-44 -2.90718e-34 -1.93453e-43 -1.80345e-34 -6.85006e-43  2.38457e-34 -1.40553e-42  1.58152e-34 -1.49339e-42 -1.38344e-34 -3.76511e-42 -9.95864e-35 -1.01531e-41  1.27849e-34  -4.0229e-41 -1.09907e-35 -1.47753e-41 -1.89791e-35 -1.37442e-40  1.17692e-36  5.42473e-40 -2.60344e-35   1.3491e-39  1.87408e-35  2.15428e-39 -1.11891e-35  3.74211e-39   7.7032e-36  1.04645e-39  1.25967e-35  -2.2435e-40 -2.14036e-36 -1.66585e-39 -2.80702e-36  3.37436e-39 -1.24394e-36 -1.71949e-39 -2.39191e-36  4.12858e-39  7.52841e-37 -5.02931e-39  4.88849e-37  1.45247e-39  9.66139e-38  7.32352e-40 -5.34733e-38  1.05107e-39  1.99588e-38 -7.70868e-41  9.06897e-38 -3.13155e-40 -4.85958e-37 -4.03804e-40  1.82131e-36  2.60838e-41 -6.16776e-36  1.36781e-39  1.95201e-35 -3.24256e-39 -5.78401e-35  8.38104e-39  1.59913e-34 -2.01222e-38 -4.11192e-34  4.53042e-38  9.79824e-34 -9.53504e-38 -2.15465e-33  1.87158e-37  4.35094e-33 -3.41768e-37 -8.02063e-33   5.7874e-37  1.34026e-32 -9.05409e-37 -2.01284e-32  1.30294e-36   2.6884e-32 -1.71596e-36  -3.1514e-32  2.05579e-36  3.18742e-32 -2.22443e-36 -2.71879e-32  2.15508e-36  1.89318e-32 -1.84966e-36 -1.02255e-32  1.38782e-36  3.88873e-33   -8.949e-37 -7.84899e-34  4.84843e-37 -7.29808e-35 -2.13894e-37  8.92131e-35  7.33571e-38 -1.85254e-35 -1.81333e-38  4.84219e-37  2.78879e-39  1.33901e-37 -1.72017e-40
 6.29872e-52  4.63047e-37  4.73459e-51 -2.60424e-36 -3.09601e-50  5.81896e-36  6.90609e-49  1.31616e-36  5.79499e-48 -7.60495e-35  4.85895e-47  1.42614e-34  6.67968e-47   1.6462e-35 -4.29896e-46 -1.07039e-34 -1.75349e-45 -9.97648e-35 -4.63188e-45 -3.38505e-34 -3.03332e-45  1.06621e-33 -5.02923e-45 -2.89579e-34 -8.03681e-44  -3.1994e-34 -5.43772e-43 -1.74807e-34  -1.8471e-42  2.13865e-34 -4.08031e-42  1.27842e-34 -4.60316e-42 -1.08368e-34 -1.12623e-41  -1.1029e-34 -2.07875e-41  1.48101e-34 -9.19437e-41 -3.64125e-35 -3.19571e-41  5.37119e-36 -3.94983e-40   1.3568e-36  1.06028e-39 -3.31692e-35  2.91823e-39  2.11635e-35  4.55895e-39 -1.39428e-35  7.79451e-39  7.71026e-36  1.84543e-39  1.50452e-35 -4.64189e-40 -1.85232e-36 -3.32149e-39 -3.50954e-36  6.52827e-39 -1.48035e-36 -3.14744e-39 -2.43608e-36  6.90036e-39  5.83544e-37 -7.85781e-39  7.17269e-37  1.99214e-39  4.38003e-38  1.11035e-39 -1.34097e-38  1.06104e-39 -2.51754e-37 -2.14122e-40  1.19265e-36 -6.01219e-40 -4.57179e-36 -6.40821e-42  1.60407e-35 -1.34107e-39 -5.25201e-35   5.4788e-39  1.60983e-34 -1.39215e-38 -4.60966e-34  3.45284e-38  1.22947e-33 -8.01782e-38 -3.04431e-33  1.74377e-37  6.97097e-33 -3.54176e-37 -1.46942e-32  6.70142e-37   2.8359e-32 -1.17783e-36 -4.97876e-32  1.91625e-36  7.88939e-32 -2.87428e-36 -1.11767e-31  3.95616e-36  1.39889e-31 -4.96918e-36  -1.5237e-31  5.65867e-36  1.41593e-31 -5.79624e-36 -1.09223e-31  5.28965e-36  6.71346e-32 -4.25022e-36 -3.06557e-32  2.96206e-36  8.86763e-33 -1.75588e-36 -6.68506e-34  8.62269e-37 -5.81942e-34   -3.378e-37  2.15477e-34  9.95977e-38 -1.98177e-35 -1.99513e-38 -1.61624e-36  2.15284e-39  1.34626e-37
 1.65133e-37  2.68321e-51  4.81089e-37  1.06541e-50 -2.46187e-36 -2.47665e-49   4.2062e-36  2.88556e-48  1.04471e-35  2.47838e-47 -1.14984e-34  1.75155e-46  1.80043e-34  1.62066e-46  4.75731e-35 -1.78879e-45 -1.29892e-34 -6.28597e-45 -1.68031e-34 -1.30171e-44 -3.13455e-34 -5.02923e-45  1.11887e-33 -4.06748e-45 -2.77909e-34 -1.73583e-43 -3.14969e-34 -1.46145e-42 -1.62811e-34 -4.68857e-42  1.61148e-34 -1.09355e-41  1.08101e-34 -1.21127e-41 -8.96176e-35 -2.94687e-41 -1.19113e-34 -3.61447e-41  1.70156e-34  -1.9884e-40 -6.46279e-35 -7.10882e-41  3.16369e-35 -1.05212e-39  1.99061e-36  1.94963e-39 -3.98347e-35  6.01302e-39  2.30419e-35  9.11905e-39 -1.59601e-35  1.53533e-38  6.97978e-36  2.88693e-39  1.75456e-35 -1.02231e-39 -1.12442e-36   -6.273e-39 -4.37752e-36   1.1794e-38 -1.69231e-36 -5.55299e-39 -2.31866e-36  1.09383e-38   3.4182e-37 -1.16243e-38    9.846e-37  2.64055e-39 -1.49045e-37  1.76917e-39  5.94428e-37  8.47733e-40 -2.83557e-36 -2.46497e-40  1.10674e-35  -1.4862e-39 -3.99966e-35   2.1087e-39   1.3535e-34 -7.49667e-39 -4.28961e-34  2.23639e-38  1.27137e-33 -5.65249e-38 -3.51479e-33  1.35457e-37  9.03561e-33 -3.04125e-37 -2.15223e-32  6.38678e-37  4.72997e-32 -1.25118e-36 -9.54319e-32  2.28026e-36  1.75716e-31 -3.85381e-36 -2.93162e-31  6.01753e-36  4.39357e-31 -8.64336e-36  -5.8519e-31  1.13625e-35  6.83442e-31 -1.35891e-35 -6.87814e-31  1.46797e-35  5.82657e-31 -1.42005e-35 -4.01702e-31  1.21715e-35  2.13614e-31 -9.12183e-36 -7.89227e-32  5.87663e-36   1.4587e-32 -3.18192e-36  2.18091e-33  1.40339e-36 -1.92482e-33 -4.81403e-37  3.50946e-34  1.19088e-37  1.12783e-36 -1.83412e-38 -3.62597e-36  1.13387e-39
  3.5624e-52  4.67221e-37  1.98379e-50  1.62485e-37  4.50587e-50 -1.29471e-36 -1.44283e-48  1.78439e-36  1.05686e-47  2.11651e-35  9.63763e-47 -1.60421e-34  5.74642e-46  2.15585e-34  2.22828e-46  8.77688e-35 -6.80506e-45 -1.50987e-34 -2.09435e-44 -2.35992e-34 -3.37635e-44 -2.89579e-34 -4.06748e-45  1.16212e-33  1.08229e-44 -2.87018e-34 -3.32622e-43 -2.72963e-34 -3.77181e-42 -1.46564e-34  -1.1206e-41  8.05547e-35 -2.71977e-41  1.03075e-34 -2.77979e-41 -8.35478e-35 -6.84504e-41 -1.26223e-34 -4.60999e-41  1.92623e-34 -4.03182e-40 -9.41505e-35 -1.58363e-40  5.71969e-35 -2.62292e-39  3.77878e-36  3.35604e-39  -4.5526e-35  1.17958e-38  2.36379e-35  1.72711e-38 -1.68287e-35   2.8667e-38  5.47017e-36  3.88684e-39  2.00199e-35 -2.22829e-39 -1.28324e-39 -1.12056e-38 -5.37825e-36  2.00505e-38 -1.84512e-36 -9.41439e-39  -2.0218e-36   1.6464e-38 -1.41158e-38 -1.62932e-38   1.5272e-36  3.38136e-39 -1.58418e-36  2.90774e-39  6.38186e-36  1.83696e-40 -2.57375e-35  4.33086e-40  9.58039e-35 -4.81366e-39 -3.34577e-34  1.12707e-38  1.09583e-33 -3.28531e-38 -3.35985e-33  8.86979e-38  9.62105e-33 -2.18556e-37 -2.56579e-32  5.06484e-37  6.35137e-32 -1.09882e-36 -1.45367e-31  2.22696e-36  3.06202e-31  -4.2048e-36  -5.9036e-31  7.37465e-36  1.03502e-30  -1.1973e-35 -1.63707e-30  1.79221e-35  2.31348e-30 -2.46183e-35 -2.88607e-30   3.0862e-35  3.12969e-30  -3.5079e-35 -2.89076e-30  3.58692e-35  2.21078e-30  -3.2682e-35 -1.34131e-30  2.62228e-35  5.99027e-31 -1.82535e-35 -1.64676e-31  1.08108e-35   7.4176e-33 -5.30593e-36   1.2925e-32  2.07835e-36 -4.22382e-33 -6.13021e-37   2.9888e-34  1.22927e-37  4.57325e-35  -1.3289e-38 -2.93732e-36
