 9.58694e-35  2.84343e-50 -1.25063e-34  -4.8566e-49  3.78089e-35  2.06126e-48 -5.96272e-35 -3.63197e-47  4.94531e-35  1.91723e-47  2.32878e-36   1.1179e-45 -9.97236e-36 -4.07653e-45  8.18197e-36  9.12195e-45 -7.57041e-36  1.75703e-44  3.86228e-36 -7.67437e-44 -1.58904e-36  9.87421e-44   8.4854e-38   1.2124e-43   9.4226e-37 -4.37593e-43 -5.53723e-36  1.98768e-43  3.20371e-35  6.46216e-44 -1.66099e-34 -4.62681e-43   7.7576e-34  1.69554e-42 -3.26831e-33 -7.30568e-43  1.24319e-32  1.64199e-42 -4.27216e-32 -6.83833e-42  1.32626e-31  3.60463e-41 -3.71684e-31 -1.18809e-40  9.38993e-31  3.89756e-40 -2.13366e-30 -1.20723e-39   4.3468e-30  3.44219e-39  -7.9047e-30 -9.06827e-39  1.27545e-29  2.20694e-38   -1.811e-29  -4.9604e-38  2.23651e-29  1.02841e-37 -2.36084e-29 -1.96379e-37  2.07082e-29  3.44708e-37 -1.43149e-29 -5.54872e-37  6.83699e-30   8.1673e-37 -1.08565e-30  -1.0957e-36 -1.48247e-30  1.33519e-36  1.44176e-30  -1.4735e-36 -4.69022e-31  1.47141e-36 -1.55199e-31 -1.33611e-36  2.01948e-31  1.12329e-36 -4.32546e-32  -9.1061e-37 -3.34805e-32  7.55771e-37  1.99158e-32 -6.67543e-37   1.4112e-33  6.10447e-37 -3.39446e-33 -5.38271e-37 -1.61253e-34  4.29117e-37   7.8652e-34 -2.96132e-37  -1.7525e-34  1.71076e-37 -8.04615e-36 -7.94494e-38  -2.3942e-35  2.73982e-38  2.00531e-35 -5.35455e-39 -5.33955e-36 -7.09026e-40  1.29314e-36  1.05786e-39 -5.70824e-37 -4.40528e-40  1.57883e-37  9.55951e-41  -2.2789e-38 -3.47336e-42  3.16208e-39 -4.78666e-42 -3.68581e-40  1.61733e-42 -3.28085e-41  -2.4074e-43  1.17439e-41  9.15651e-45 -1.09277e-42  2.59798e-45  7.37967e-44 -4.25992e-46 -1.79799e-45  2.36679e-47 -6.69701e-47 -3.46003e-49
 2.84343e-50  2.84563e-34  1.21898e-49 -2.46303e-34 -6.13378e-48  7.22907e-35  2.38602e-47 -9.49577e-35 -4.52052e-46  4.71711e-35  2.68871e-46  3.21917e-35  1.07052e-44 -3.40431e-35 -3.54876e-44  2.68422e-35  7.23868e-44 -1.97454e-35  1.24029e-43  9.42327e-36 -5.33576e-43 -2.98633e-36   7.0187e-43 -4.13146e-36  9.19404e-43   3.3366e-35 -3.26196e-42 -2.06716e-34  1.40645e-42  1.13533e-33  2.48328e-43 -5.59472e-33 -1.84554e-42  2.48415e-32  1.18647e-41 -9.95428e-32 -1.26853e-41    3.603e-31  4.07272e-41 -1.17832e-30  -1.5945e-40  3.48054e-30  6.49632e-40 -9.27592e-30 -2.20427e-39  2.22641e-29  7.07104e-39 -4.79982e-29  -2.1092e-38  9.25939e-29  5.81327e-38 -1.59018e-28 -1.48152e-37  2.41417e-28  3.48948e-37 -3.20852e-28 -7.58958e-37  3.68059e-28  1.52221e-36 -3.56545e-28 -2.81027e-36  2.80872e-28  4.76455e-36 -1.66195e-28 -7.39633e-36  5.71326e-29  1.04746e-35  9.55128e-30 -1.34722e-35 -2.68948e-29  1.56519e-35  1.54689e-29  -1.6325e-35 -1.22636e-30  1.51931e-35 -3.72653e-30 -1.25779e-35  1.99463e-30  9.34604e-36   1.6361e-31 -6.50665e-36 -5.15534e-31  4.70603e-36  1.06677e-31 -3.95006e-36  7.25952e-32  3.73806e-36 -2.66316e-32 -3.48208e-36 -1.12741e-32  2.88376e-36  6.36754e-33 -2.02106e-36   2.9901e-34  1.16367e-36 -2.65009e-34 -5.30768e-37 -2.68516e-34  1.77411e-37  1.16043e-34 -3.28339e-38 -1.29951e-35 -4.76652e-39  5.71068e-36  6.29375e-39 -3.23527e-36 -2.46755e-39  5.93442e-37  5.05593e-40 -6.41757e-38 -1.84651e-41  1.51417e-38 -2.15769e-41 -1.30375e-39  6.84561e-42  -2.0937e-40  -9.7069e-43   2.9892e-41  4.74413e-44 -2.32177e-42  4.88461e-45  1.89111e-43 -7.73762e-46 -2.11017e-45   3.0846e-47 -7.04984e-47
-1.25063e-34  1.21898e-49  4.68654e-34 -1.93595e-48 -3.01656e-34 -4.39137e-47  9.23579e-35  1.49799e-46  -1.0054e-34 -3.68887e-45  8.32523e-36  2.72819e-45  7.71997e-35  6.79111e-44 -6.83353e-35 -2.07281e-43  5.12277e-35  3.82522e-43 -3.49021e-35  6.01733e-43  1.52605e-35 -2.54182e-42  1.32738e-35  3.43906e-42 -1.39292e-34  5.05726e-42  9.14511e-34 -1.71795e-41 -5.30952e-33  6.96522e-42  2.76226e-32  9.61649e-43 -1.29319e-31 -7.15592e-42  5.46005e-31  7.28068e-41  -2.0817e-30 -1.58258e-40  7.17114e-30  5.88437e-40 -2.23197e-29 -2.26663e-39  6.27213e-29  8.42579e-39  -1.5891e-28 -2.81536e-38  3.62185e-28  8.75978e-38 -7.40231e-28 -2.52585e-37  1.35068e-27   6.7385e-37 -2.18718e-27 -1.66303e-36  3.11734e-27  3.79412e-36 -3.86531e-27 -7.99323e-36   4.0977e-27  1.55259e-35 -3.61087e-27 -2.77474e-35  2.50863e-27  4.55056e-35 -1.20512e-27 -6.82503e-35  1.93545e-28  9.32082e-35  2.63036e-28 -1.15262e-34 -2.58078e-28  1.28135e-34  8.48885e-29 -1.26856e-34  2.78401e-29  1.10491e-34 -3.69166e-29 -8.34201e-35     8.21e-30  5.38886e-35   5.9761e-30 -3.02208e-35 -3.59832e-30  1.68893e-35  -3.3464e-31 -1.29658e-35  7.06507e-31  1.38356e-35 -2.09549e-32 -1.46695e-35 -1.19632e-31  1.30776e-35  1.70481e-32 -9.44089e-36  1.07069e-32  5.44462e-36   2.7435e-35 -2.44211e-36 -1.90084e-33  7.91416e-37  2.61361e-34 -1.39129e-37  2.11595e-35 -2.12086e-38  3.11545e-35  2.53801e-38  -1.1775e-35 -9.38352e-39  8.68821e-37  1.82593e-39 -1.66889e-37 -7.59787e-41  5.79623e-38 -6.14248e-41 -6.80779e-40  1.83171e-41  -6.3293e-40 -2.39112e-42  2.55978e-41  1.16399e-43 -4.51261e-42   6.1501e-45  2.95438e-43 -8.64256e-46  1.03209e-45  1.96862e-47
 -4.8566e-49 -2.46303e-34 -1.93595e-48  5.44131e-34 -4.54694e-47 -3.02301e-34 -1.74051e-46  1.10669e-34   4.6857e-46 -7.99155e-35 -2.29766e-44  -4.2815e-35  2.12887e-44  1.20222e-34  3.30758e-43 -1.02593e-34 -9.32497e-43  7.23552e-35  1.54229e-42 -4.33148e-35  2.36529e-42 -3.27477e-35 -9.63458e-42  4.57316e-34  1.34132e-41 -3.19674e-33    2.324e-41  1.96159e-32 -7.34045e-41 -1.07775e-31  2.74553e-41  5.32251e-31  1.06903e-41 -2.36857e-30 -6.30197e-41  9.51332e-30  5.09414e-40  -3.4519e-29  -1.6862e-39  1.13185e-28   6.5697e-39 -3.35251e-28 -2.47467e-38  8.96073e-28  8.75497e-38 -2.15738e-27 -2.84426e-37  4.66615e-27  8.57105e-37 -9.03254e-27 -2.39265e-36  1.55688e-26  6.18386e-36 -2.37276e-26 -1.47905e-35  3.16647e-26    3.271e-35 -3.64832e-26 -6.68047e-35  3.55092e-26  1.25783e-34 -2.81175e-26 -2.17842e-34   1.6736e-26  3.46022e-34 -5.80103e-27  -5.0219e-34 -9.53057e-28  6.62684e-34   2.7446e-27 -7.89958e-34  -1.5955e-27  8.43233e-34  1.32878e-28 -7.96109e-34  3.86218e-28  6.52738e-34 -2.10773e-28 -4.51514e-34 -1.52121e-29   2.5063e-34  5.38911e-29 -1.01619e-34 -1.11842e-29  2.65536e-35 -8.07511e-30 -1.31283e-35  3.19931e-30  2.92129e-35  1.02362e-30 -4.47829e-35 -5.98921e-31  4.59702e-35 -8.62024e-32 -3.48549e-35  5.95901e-32  2.02391e-35  1.57586e-32 -8.93417e-36 -7.31944e-33  2.80716e-36  -7.0973e-34 -4.70994e-37  9.66831e-35 -7.16822e-38  1.62076e-34  7.95102e-38 -2.13906e-35 -2.76882e-38 -9.31117e-37  5.09836e-39 -8.03251e-37 -2.33719e-40  1.33549e-37 -1.31371e-40  9.83572e-39  3.64828e-41 -5.52468e-40 -4.26152e-42 -1.27502e-41  1.84355e-43 -1.00385e-41  6.30705e-45  1.84954e-43 -6.49059e-46  2.44231e-45
 3.78089e-35 -6.13378e-48 -3.01656e-34 -4.54694e-47  5.43092e-34 -5.26371e-46 -3.23607e-34  1.30178e-47  1.46205e-34 -1.09025e-45 -5.66768e-35 -1.16797e-43 -7.61638e-35  1.33216e-43  1.46828e-34   1.3142e-42 -1.25187e-34 -3.38464e-42  6.69905e-35  4.94378e-42  9.51058e-35  8.25864e-42 -1.24511e-33 -3.09627e-41  9.33967e-33  4.41336e-41 -6.06811e-32  9.36931e-41  3.52332e-31 -2.67476e-40 -1.83647e-30  8.32094e-41   8.6169e-30  1.34937e-40  -3.6468e-29 -7.02769e-40  1.39385e-28  4.04834e-39 -4.81425e-28  -1.5751e-38  1.50258e-27  6.12799e-38  -4.2349e-27 -2.24329e-37  1.07629e-26  7.64265e-37 -2.46116e-26 -2.40648e-36  5.04768e-26  7.02429e-36 -9.24449e-26 -1.89995e-35  1.50286e-25  4.76035e-35 -2.15097e-25 -1.10417e-34  2.67901e-25   2.3687e-34 -2.85378e-25 -4.69317e-34  2.52799e-25  8.57244e-34 -1.76678e-25 -1.44004e-33  8.55119e-26  2.21776e-33 -1.40195e-26 -3.11865e-33 -1.86822e-26  3.98303e-33  1.85729e-26 -4.58708e-33 -6.21092e-27  4.71612e-33 -1.98297e-27 -4.26516e-33  2.70603e-27  3.31346e-33 -6.23768e-28  -2.1173e-33 -4.33539e-28  1.00693e-33  2.68181e-28 -2.38844e-34  2.47933e-29 -1.08281e-34 -5.48004e-29  1.32297e-34  2.96585e-30 -1.39678e-35  8.56678e-30 -9.52206e-35 -1.07755e-30  1.31766e-34 -9.83749e-31 -1.07851e-34  8.45992e-32  6.33841e-35  1.14406e-31  -2.7533e-35  -7.5425e-33  8.37871e-36 -6.82849e-33 -1.34556e-36 -8.12727e-34 -1.96504e-37  5.20233e-34  2.04851e-37   2.2521e-35 -6.69471e-38 -2.25945e-36  1.15716e-38 -3.19857e-36 -5.49764e-40  4.94529e-38 -2.27351e-40  2.96848e-38  5.78159e-41  1.88406e-39 -5.86204e-42  5.44127e-41  2.03641e-43 -1.44411e-41  5.93477e-45 -1.22843e-43 -3.05804e-46
 2.06126e-48  7.22907e-35 -4.39137e-47 -3.02301e-34 -5.26371e-46  5.69572e-34 -4.28525e-45  -4.0768e-34  5.93053e-45  2.05291e-34 -2.55321e-44 -5.55855e-35 -5.04436e-43 -7.24615e-35  6.94059e-43  1.48893e-34  4.39446e-42 -9.96304e-35 -9.96624e-42 -2.69211e-34  1.24636e-41  2.97915e-33  2.75233e-41 -2.35312e-32 -8.73405e-41  1.62206e-31   1.2661e-40 -9.96263e-31  3.36556e-40  5.48425e-30 -8.41168e-40 -2.71446e-29  1.06782e-40  1.21084e-28  1.35924e-39 -4.87554e-28  -6.6714e-39  1.77379e-27  3.22603e-38 -5.83251e-27 -1.29669e-37  1.73271e-26  4.93712e-37 -4.64587e-26 -1.75151e-36  1.12227e-25  5.76749e-36 -2.43592e-25 -1.75935e-35  4.73304e-25  4.97657e-35 -8.19055e-25 -1.30509e-34  1.25358e-24  3.17186e-34 -1.68052e-24 -7.13905e-34  1.94572e-24  1.48648e-33 -1.90388e-24 -2.85908e-33  1.51657e-24  5.06979e-33 -9.09141e-25 -8.26686e-33  3.18694e-25  1.23551e-32  5.03829e-26  -1.6852e-32 -1.50765e-25  2.08588e-32  8.89024e-26 -2.32501e-32 -7.96495e-27  2.30833e-32 -2.15001e-26 -2.00761e-32  1.20139e-26  1.48717e-32  7.47577e-28 -8.87009e-33 -3.06134e-27  3.64466e-33  6.59833e-28 -2.57347e-34   4.6596e-28  -1.1193e-33 -1.94666e-28  1.07091e-33 -5.53897e-29 -4.53254e-34  3.43787e-29 -8.82524e-35  5.58571e-30  3.13793e-34 -4.01856e-30 -2.88847e-34 -7.36719e-31  1.72649e-34  3.78139e-31 -7.37033e-35  6.96133e-32   2.1669e-35 -1.69323e-32 -3.32831e-36 -6.85058e-33 -4.55893e-37  5.91314e-34  4.48392e-37  2.22767e-34 -1.36744e-37  2.48379e-35   2.1967e-38 -6.49296e-36 -1.02445e-39 -6.18027e-37 -3.31163e-40  6.87628e-39  7.53731e-41  5.41017e-39 -6.38673e-42   3.7086e-40  1.52664e-43 -5.81699e-42  5.16379e-45 -1.71799e-43
-5.96272e-35  2.38602e-47  9.23579e-35 -1.74051e-46 -3.23607e-34 -4.28525e-45  6.76469e-34 -2.70923e-44  -5.4339e-34  5.29283e-44  2.81239e-34 -2.01163e-43 -8.85777e-35 -1.90412e-42 -2.72409e-35  3.10608e-42  7.56222e-35  1.25374e-41  5.52786e-34 -2.27094e-41 -6.29215e-33  2.20483e-41  5.22782e-32  9.16791e-41 -3.82147e-31 -2.20591e-40   2.4855e-30  3.26215e-40 -1.44611e-29  1.06983e-39  7.55452e-29 -2.19571e-39 -3.55315e-28 -1.11052e-39  1.50756e-27  1.14424e-38 -5.77752e-27   -5.381e-38  2.00118e-26   2.3878e-37 -6.26469e-26 -9.46987e-37  1.77127e-25   3.5021e-36 -4.51683e-25   -1.203e-35  1.03656e-24  3.83421e-35 -2.13397e-24 -1.13342e-34  3.92399e-24  3.10852e-34  -6.4066e-24 -7.90832e-34  9.21159e-24  1.86541e-33 -1.15297e-23 -4.07643e-33   1.2348e-23  8.24317e-33 -1.10037e-23 -1.54004e-32  7.74366e-24  2.65274e-32 -3.78273e-24 -4.20167e-32  6.38974e-25  6.09848e-32  8.22145e-25 -8.07527e-32 -8.31984e-25  9.69757e-32  2.84305e-25 -1.04769e-31   8.6926e-26  1.00653e-31 -1.23384e-25 -8.44569e-32  2.96353e-26  5.99889e-32   1.9569e-26  -3.3757e-32 -1.25599e-26  1.22179e-32 -1.04959e-27  9.15044e-34   2.6003e-27 -5.72901e-33 -1.80305e-28  5.08984e-33 -3.99297e-28  -2.4999e-33  5.24839e-29  3.42066e-34  4.88769e-29  6.18282e-34 -5.48404e-30 -6.83599e-34 -5.22794e-30  4.17283e-34  2.87164e-31 -1.74613e-34  3.92796e-31  4.93992e-35  1.94987e-32 -7.22316e-36 -2.14734e-32 -9.23567e-37 -2.28459e-33  8.51664e-37  3.87117e-34 -2.40584e-37  1.30375e-34  3.55463e-38 -5.98074e-37 -1.56068e-39  -1.5601e-36 -4.14058e-40 -1.31639e-37  8.21143e-41  1.58633e-39 -5.51118e-42  5.89237e-40  6.00398e-44  9.34793e-42  3.45073e-45
-3.63197e-47 -9.49577e-35  1.49799e-46  1.10669e-34  1.30178e-47  -4.0768e-34 -2.70923e-44  8.51932e-34 -1.39832e-43  -6.9531e-34  3.10683e-43  3.60433e-34 -1.13256e-42 -1.55034e-34 -6.41929e-42   1.2854e-34  1.22476e-41 -1.05821e-33  3.03844e-41  1.16861e-32 -3.13045e-41 -1.03625e-31  8.72063e-42  8.04374e-31  3.07335e-40 -5.54546e-30 -5.05478e-40   3.4131e-29  7.96893e-40 -1.88312e-28  2.87884e-39  9.34307e-28 -3.73544e-39  -4.1783e-27  -1.3865e-38  1.68697e-26  8.40789e-38 -6.15503e-26 -3.80563e-37     2.03e-25  1.60303e-36 -6.05006e-25 -6.18393e-36   1.6277e-24  2.21559e-35 -3.94612e-24 -7.36916e-35  8.59796e-24  2.27509e-34  -1.6774e-23  -6.5202e-34  2.91536e-23  1.73477e-33 -4.48276e-23 -4.28381e-33  6.03946e-23  9.81253e-33 -7.03044e-23 -2.08309e-32  6.92034e-23  4.09321e-32    -5.55e-23 -7.43233e-32   3.3551e-23  1.24436e-31 -1.19309e-23 -1.91567e-31 -1.77149e-24  2.70213e-31  5.61275e-24 -3.47614e-31 -3.36965e-24   4.0537e-31  3.30647e-25 -4.24958e-31  8.10003e-25  3.95685e-31 -4.65925e-25 -3.21127e-31 -2.34608e-26  2.19699e-31  1.18309e-25 -1.17774e-31 -2.69236e-26  3.85472e-32 -1.80126e-26  7.03217e-33  7.95292e-27 -2.21615e-32  2.07848e-27  1.88092e-32 -1.38899e-27 -9.60814e-33 -2.17235e-28  2.31915e-33  1.70342e-28   9.6889e-34  2.67979e-29 -1.45137e-33 -1.54142e-29  9.07347e-34 -2.98383e-30 -3.70691e-34  8.33344e-31  1.00365e-34  2.56894e-31  -1.3854e-35 -2.00928e-32 -1.67326e-36 -1.13858e-32  1.42408e-36 -6.66639e-34 -3.69403e-37  2.50661e-34  4.97207e-38  2.91123e-35 -2.00706e-39 -3.95002e-37 -4.45206e-40 -2.80563e-37  7.48389e-41 -1.32191e-38    -3.64e-42  1.87022e-40 -1.64981e-44  8.81546e-42
 4.94531e-35 -4.52052e-46  -1.0054e-34   4.6857e-46  1.46205e-34  5.93053e-45  -5.4339e-34 -1.39832e-43  1.05656e-33 -6.08429e-43 -8.28235e-34  1.44305e-42  4.33674e-34 -5.19844e-42 -3.55008e-34 -1.96602e-41  1.90206e-33  4.34533e-41  -1.9574e-32  6.01287e-41  1.84737e-31  3.43833e-41 -1.52697e-30 -1.35358e-40  1.11725e-29  1.01504e-39 -7.28132e-29 -1.07797e-39  4.24609e-28  2.10203e-39 -2.22355e-27  5.40832e-39   1.0485e-26  5.75072e-39 -4.46076e-26 -1.08082e-37  1.71446e-25  5.51638e-37 -5.95655e-25 -2.40661e-36  1.87073e-24  9.73597e-36  -5.3074e-24 -3.63791e-35  1.35834e-23  1.26187e-34 -3.12927e-23 -4.06488e-34  6.46873e-23  1.21631e-33 -1.19469e-22 -3.38117e-33  1.95968e-22  8.73165e-33 -2.83185e-22 -2.09402e-32   3.5638e-22  4.66054e-32  -3.8395e-22  -9.6169e-32  3.44443e-22  1.83734e-31 -2.44325e-22 -3.24438e-31  1.20678e-22   5.2829e-31 -2.11894e-23 -7.90969e-31 -2.59181e-23  1.08492e-30  2.68313e-23 -1.35686e-30 -9.41596e-24  1.53766e-30 -2.70963e-24 -1.56555e-30  4.04957e-24  1.41449e-30 -1.02054e-24 -1.11239e-30 -6.33241e-25  7.35545e-31  4.25559e-25 -3.78593e-31  2.99338e-26  1.15167e-31 -8.84571e-26   2.8221e-32  7.44533e-27 -7.15357e-32  1.35498e-26  5.85654e-32 -1.96556e-27 -3.00396e-32 -1.69858e-27  8.54789e-33   2.2235e-28  1.03319e-33  1.80734e-28 -2.79861e-33 -1.16136e-29  1.79315e-33 -1.44598e-29 -7.11339e-34 -4.31326e-31  1.83059e-34  7.61384e-31  -2.3575e-35  8.83415e-32 -2.75875e-36 -1.77905e-32  2.11676e-36 -4.42468e-33 -4.99492e-37  9.25431e-36  6.08612e-38  6.32161e-35 -2.28249e-39  4.95041e-36 -4.02105e-40 -1.10125e-37  5.59236e-41 -2.14668e-38 -1.62545e-42 -3.91799e-40 -3.71916e-44
 1.91723e-47  4.71711e-35 -3.68887e-45 -7.99155e-35 -1.09025e-45  2.05291e-34  5.29283e-44  -6.9531e-34 -6.08429e-43  1.24884e-33 -2.28593e-42 -9.27587e-34   5.6743e-42  6.41344e-34 -2.05226e-41 -2.79499e-33 -5.54245e-41  2.97703e-32  1.41164e-40 -2.98641e-31  8.23377e-41  2.63226e-30   4.5111e-40  -2.0472e-29 -7.60311e-40  1.41433e-28  3.22959e-39 -8.72481e-28 -2.35974e-39   4.8255e-27  7.27634e-39 -2.40035e-26 -3.12016e-39  1.07639e-25  1.07433e-37 -4.35851e-25 -6.97868e-37  1.59512e-24   3.2712e-36 -5.27802e-24 -1.37618e-35  1.57845e-23  5.36754e-35 -4.26222e-23 -1.94036e-34  1.03733e-22  6.51543e-34 -2.26954e-22 -2.03335e-33  4.44726e-22  5.89955e-33 -7.76587e-22  -1.5915e-32  1.20015e-21  3.99127e-32 -1.62575e-21 -9.30114e-32   1.9038e-21  2.01259e-31 -1.88642e-21 -4.03919e-31  1.52448e-21  7.50795e-31 -9.30562e-22 -1.29009e-30  3.36733e-22  2.04435e-30  4.56061e-23 -2.97871e-30 -1.56629e-22  3.97552e-30  9.61032e-23 -4.83667e-30  -1.0466e-23  5.32995e-30 -2.28429e-23 -5.27421e-30   1.3606e-23  4.62828e-30   4.8985e-25 -3.53172e-30 -3.43441e-24  2.26255e-30  8.34168e-25 -1.12467e-30  5.18951e-25  3.25572e-31 -2.44121e-25  8.69778e-32 -5.83679e-26  -2.0103e-31  4.26626e-26  1.59411e-31  6.06612e-27 -8.07609e-32 -5.35558e-27  2.44178e-32 -7.45394e-28  4.17561e-35  4.89602e-28 -4.95613e-33  8.92744e-29  3.24625e-33 -2.82206e-29 -1.24168e-33 -7.80991e-30  3.01203e-34  6.96468e-31 -3.56386e-35  3.80917e-31  -4.1837e-36  1.58627e-32  2.81358e-36 -8.13882e-33 -5.98579e-37 -9.74048e-34  6.61497e-38   2.1437e-35  -2.4803e-39  9.74297e-36 -2.81115e-40  4.09835e-37  3.19403e-41 -6.68405e-39 -2.28472e-43 -3.22619e-40
 2.32878e-36  2.68871e-46  8.32523e-36 -2.29766e-44 -5.66768e-35 -2.55321e-44  2.81239e-34  3.10683e-43 -8.28235e-34 -2.28593e-42  1.40748e-33 -7.56877e-42 -1.16886e-33  1.95855e-41  3.67073e-33 -7.17395e-41    -4.09e-32  -1.4516e-40  4.39961e-31  4.26067e-40 -4.14274e-30  -6.3699e-42  3.43014e-29  2.09028e-39 -2.51528e-28  -2.8447e-39  1.64303e-27  9.84604e-39 -9.60475e-27 -6.79528e-39  5.04278e-26   3.3978e-38 -2.38443e-25 -1.09198e-37   1.0174e-24  7.71129e-37 -3.92236e-24 -3.98679e-36  1.36722e-23    1.767e-35 -4.30883e-23 -7.16799e-35  1.22696e-22  2.69829e-34 -3.15251e-22 -9.43275e-34  7.29282e-22  3.06611e-33 -1.51425e-21 -9.27227e-33  2.80989e-21  2.60946e-32 -4.63255e-21  -6.8342e-32  6.73103e-21  1.66528e-31  -8.5213e-21 -3.77316e-31  9.24094e-21  7.94264e-31 -8.35203e-21 -1.55146e-30  5.97778e-21  2.80767e-30 -2.99093e-21 -4.69799e-30  5.50341e-22  7.25021e-30  6.30116e-22 -1.02875e-29 -6.70967e-22  1.33687e-29  2.42997e-22 -1.58319e-29  6.45441e-23  1.69758e-29 -1.03051e-22 -1.63367e-29  2.74425e-23  1.39335e-29  1.57913e-23 -1.03264e-29 -1.12192e-23  6.41991e-30 -6.04601e-25 -3.09407e-30  2.33103e-24  8.67233e-31 -2.35255e-25  2.25433e-31 -3.57285e-25  -5.0347e-31   5.8351e-26  3.87366e-31  4.53844e-26 -1.91965e-31 -6.85536e-27  5.89579e-32 -4.88964e-27 -3.29209e-33  3.91592e-28  -8.1497e-33  4.05071e-28  5.41744e-33  6.41101e-30  -1.9806e-33 -2.19053e-29  4.48375e-34 -2.37444e-30 -4.77815e-35  5.64485e-31 -5.86021e-36   1.2355e-31  3.35325e-36 -9.12135e-34 -6.39142e-37 -1.95513e-33  6.53243e-38 -1.39594e-34 -2.82652e-39  4.16873e-36 -1.05838e-40  6.51957e-37  1.05843e-41   1.1601e-38  2.64058e-43
  1.1179e-45  3.21917e-35  2.72819e-45  -4.2815e-35 -1.16797e-43 -5.55855e-35 -2.01163e-43  3.60433e-34  1.44305e-42 -9.27587e-34 -7.56877e-42  1.71338e-33 -2.25263e-41  -4.6658e-33   6.0749e-41  5.12112e-32 -2.26139e-40 -5.92494e-31 -3.55066e-40    5.976e-30  1.20889e-39 -5.27725e-29 -5.63965e-40  4.11324e-28  7.33684e-39 -2.84827e-27 -8.94732e-39  1.76138e-26  2.93306e-38 -9.76721e-26 -2.98183e-38  4.87194e-25  1.79856e-37 -2.19114e-24 -8.03777e-37  8.89989e-24   4.4066e-36 -3.26789e-23 -2.06647e-35  1.08508e-22  8.74921e-35  -3.2571e-22  -3.4202e-34  8.82964e-22  1.24239e-33 -2.15795e-21 -4.19784e-33  4.74238e-21  1.32056e-32 -9.33721e-21 -3.86972e-32  1.63881e-20  1.05651e-31 -2.54656e-20 -2.68722e-31   3.4702e-20  6.36509e-31 -4.09028e-20 -1.40307e-30  4.08264e-20   2.8753e-30 -3.32758e-20 -5.47055e-30  2.05377e-20  9.64651e-30 -7.58578e-21 -1.57313e-29 -9.02863e-22  2.36628e-29  3.46786e-21  -3.2723e-29 -2.18336e-21  4.14356e-29   2.6631e-22 -4.77983e-29   5.1028e-22  4.99005e-29 -3.16741e-22 -4.67297e-29 -6.01649e-24  3.87586e-29  7.92135e-23 -2.79166e-29 -2.07147e-23    1.686e-29 -1.18046e-23  -7.8973e-30  5.97676e-24  2.16679e-30  1.28568e-24  5.10301e-31 -1.04788e-24  -1.1406e-30 -1.29894e-25  8.51823e-31  1.33807e-25 -4.10123e-31  1.61797e-26  1.24788e-31 -1.24946e-26 -1.05535e-32 -2.07083e-27 -1.25829e-32  7.53813e-28  8.37611e-33  1.90781e-28 -2.89611e-33 -2.05388e-29  6.04441e-34 -9.86485e-30 -5.64585e-35  -3.0036e-31   -7.575e-36  2.19832e-31  3.58325e-36  2.50793e-32 -6.12513e-37 -7.97928e-34  6.09463e-38 -2.66874e-34  -3.4766e-39 -1.03573e-35  7.24399e-41  2.15711e-37 -2.32747e-42   9.1361e-39
-9.97236e-36  1.07052e-44  7.71997e-35  2.12887e-44 -7.61638e-35 -5.04436e-43 -8.85777e-35 -1.13256e-42  4.33674e-34   5.6743e-42 -1.16886e-33 -2.25263e-41  5.43087e-33 -6.15603e-41 -5.89854e-32  1.72218e-40   7.3162e-31 -6.50888e-40 -7.92435e-30  -8.1211e-40  7.47869e-29  3.25391e-39 -6.20581e-28 -2.62584e-39  4.56124e-27  2.21427e-38 -2.98685e-26 -2.60488e-38  1.75061e-25   8.9617e-38 -9.21674e-25 -1.60482e-37  4.37088e-24  9.49306e-37  -1.8708e-23 -4.55299e-36  7.23637e-23  2.23433e-35 -2.53124e-22 -9.85384e-35  8.00705e-22  3.99606e-34 -2.28908e-21 -1.50314e-33  5.90626e-21  5.26273e-33 -1.37245e-20 -1.71687e-32  2.86334e-20  5.22309e-32 -5.34055e-20 -1.48245e-31  8.85328e-20  3.92595e-31 -1.29403e-19 -9.69914e-31  1.64887e-19  2.23415e-30 -1.80104e-19 -4.79413e-30  1.64125e-19  9.57198e-30 -1.18657e-19 -1.77548e-29  6.02534e-20  3.05362e-29 -1.17017e-20 -4.85824e-29 -1.23506e-20  7.12974e-29  1.36101e-20  -9.6185e-29 -5.11116e-21  1.18782e-28 -1.22459e-21 -1.33577e-28   2.1268e-21   1.3587e-28  -6.0253e-22 -1.23887e-28 -3.16921e-22  9.99774e-29  2.40599e-22 -7.00179e-29  8.30927e-24   4.1103e-29 -4.98097e-23 -1.87353e-29   5.9996e-24  5.06081e-30  7.63465e-24  1.02933e-30 -1.41856e-24 -2.36185e-30 -9.78873e-25  1.71126e-30  1.71235e-25 -7.96105e-31  1.07308e-25  2.36001e-31 -1.07354e-26 -2.29449e-32 -9.17785e-27  -1.8444e-32 -5.68444e-30  1.20467e-32  5.16472e-28 -3.88931e-33  4.97571e-29  7.36854e-34 -1.42884e-29 -5.78821e-35 -2.84065e-30  -9.0095e-36  4.80235e-32  3.42839e-36  4.86882e-32 -5.35199e-37  3.16877e-33  5.67399e-38 -1.23643e-34 -4.29725e-39 -1.63351e-35  1.90327e-40  -2.6872e-37 -5.14594e-42
-4.07653e-45 -3.40431e-35  6.79111e-44  1.20222e-34  1.33216e-43 -7.24615e-35 -1.90412e-42 -1.55034e-34 -5.19844e-42  6.41344e-34  1.95855e-41  -4.6658e-33 -6.15603e-41  6.22589e-32  -1.5817e-40  -8.3029e-31  4.52146e-40  9.68024e-30 -1.72643e-39 -9.78596e-29 -1.73224e-39  8.66078e-28  8.36786e-39 -6.76621e-27 -8.93059e-39  4.69697e-26  6.08417e-38 -2.91225e-25 -7.69504e-38   1.6194e-24  3.00692e-37 -8.10153e-24  -8.7233e-37  3.65506e-23  4.80614e-36 -1.48953e-22 -2.28561e-35  5.48862e-22  1.04426e-34 -1.82929e-21 -4.37278e-34  5.51285e-21  1.69643e-33  -1.5008e-20 -6.12328e-33  3.68447e-20  2.06124e-32 -8.13604e-20 -6.47867e-32  1.61013e-19  1.90287e-31  -2.8416e-19 -5.22501e-31  4.44189e-19  1.34133e-30 -6.09221e-19 -3.21809e-30   7.2321e-19  7.21044e-30 -7.27673e-19 -1.50712e-29  5.98731e-19  2.93437e-29 -3.74157e-19 -5.31216e-29  1.41488e-19  8.92192e-29  1.40569e-20 -1.38656e-28 -6.31724e-20  1.98779e-28  4.09846e-20 -2.61918e-28 -5.63056e-21  3.15797e-28 -9.35983e-21 -3.46534e-28  6.09638e-21  3.43709e-28 -4.46229e-24 -3.05347e-28 -1.50478e-21  2.39881e-28  4.26961e-22 -1.63409e-28  2.19671e-22   9.3269e-29 -1.21107e-22 -4.13897e-29  -2.2864e-23  1.10304e-29  2.13024e-23   1.8723e-30  2.18929e-24 -4.50435e-30 -2.76154e-24  3.16239e-30 -2.78651e-25 -1.41458e-30  2.64256e-25  4.03312e-31  3.87424e-26 -4.01879e-32 -1.66601e-26 -2.59204e-32 -3.82331e-27  1.61662e-32  5.03545e-28 -4.79949e-33  2.09664e-28  8.08259e-34  3.96618e-30 -4.95006e-35 -4.97375e-30  -9.8567e-36 -5.23482e-31  2.94165e-36  2.29112e-32 -4.42304e-37  6.05263e-33  5.49931e-38  2.13668e-34 -4.84109e-39 -5.81225e-36  2.05165e-40 -2.11981e-37
 8.18197e-36 -3.54876e-44 -6.83353e-35  3.30758e-43  1.46828e-34  6.94059e-43 -2.72409e-35 -6.41929e-42 -3.55008e-34 -2.05226e-41  3.67073e-33   6.0749e-41 -5.89854e-32  -1.5817e-40  8.66449e-31 -3.91473e-40   -1.091e-29  1.11178e-39  1.18441e-28 -4.25108e-39 -1.12026e-27 -3.42693e-39  9.31765e-27  2.07116e-38 -6.86543e-26   -2.675e-38  4.50754e-25  1.60426e-37 -2.64928e-24 -2.56627e-37  1.39895e-23  1.16436e-36 -6.65514e-23 -4.56649e-36  2.85801e-22  2.33792e-35 -1.10941e-21 -1.07057e-34  3.89526e-21  4.60374e-34 -1.23711e-20 -1.82999e-33  3.55172e-20  6.76417e-33 -9.20557e-20  -2.3319e-32  2.14944e-19  7.51426e-32  -4.5075e-19 -2.26662e-31  8.45363e-19   6.4066e-31 -1.40974e-18 -1.69769e-30  2.07385e-18  4.21771e-30 -2.66123e-18 -9.81884e-30  2.92977e-18   2.1398e-29 -2.69414e-18 -4.35896e-29  1.96967e-18  8.28466e-29 -1.01702e-18 -1.46577e-28   2.0973e-19  2.40779e-28  2.00965e-19 -3.66123e-28 -2.30785e-19  5.13569e-28  9.02929e-20 -6.61935e-28  1.89646e-20  7.80283e-28 -3.66811e-20 -8.36499e-28  1.11255e-20  8.09837e-28   5.2646e-21 -7.01522e-28 -4.32397e-21  5.36798e-28 -5.33725e-23 -3.55806e-28  8.89281e-22  1.97483e-28 -1.27414e-22 -8.53178e-29 -1.36026e-22  2.24301e-29  2.89728e-23  3.09178e-30  1.75623e-23  -7.9563e-30 -3.58028e-24  5.40317e-30 -1.96285e-24 -2.31288e-30  2.44183e-25  6.27019e-31  1.73597e-25 -5.94039e-32 -2.98621e-27 -3.51735e-32 -1.02124e-26  2.02869e-32 -8.41192e-28 -5.43638e-33  3.02818e-28  7.88608e-34  5.45769e-29 -3.11396e-35 -1.60985e-30 -1.00132e-35 -1.01334e-30  2.30367e-36 -5.94115e-32  -3.7008e-37  3.04075e-33  5.48126e-38  3.43669e-34 -4.60478e-39  5.10562e-36  1.27575e-40
 9.12195e-45  2.68422e-35 -2.07281e-43 -1.02593e-34   1.3142e-42  1.48893e-34  3.10608e-42   1.2854e-34 -1.96602e-41 -2.79499e-33 -7.17395e-41  5.12112e-32  1.72218e-40  -8.3029e-31 -3.91473e-40  1.13532e-29 -9.52198e-40 -1.32753e-28  2.58768e-39  1.34499e-27 -9.77847e-39 -1.19313e-26 -6.27917e-39  9.34445e-26  5.00508e-38 -6.50385e-25 -7.85306e-38  4.04387e-24  4.40544e-37 -2.25534e-23  -1.0372e-36  1.13186e-22  5.17747e-36 -5.12358e-22 -2.32259e-35  2.09542e-21  1.11009e-34 -7.75034e-21 -4.82967e-34  2.59345e-20  1.95602e-33 -7.84911e-20  -7.3477e-33  2.14652e-19  2.57107e-32 -5.29522e-19 -8.40608e-32  1.17533e-18  2.57479e-31 -2.33888e-18 -7.40437e-31  4.15228e-18  2.00229e-30 -6.53251e-18 -5.09639e-30  9.02251e-18  1.22116e-29 -1.07939e-17 -2.75293e-29  1.09563e-17  5.83093e-29 -9.10927e-18 -1.15805e-28  5.77187e-18  2.15112e-28 -2.24113e-18 -3.72616e-28  -1.7168e-19  5.99912e-28  9.70843e-19 -8.94497e-28 -6.51951e-19  1.23034e-27  1.01172e-19  -1.5543e-27  1.44465e-19  1.79448e-27 -9.94851e-20  -1.8823e-27  2.30894e-21  1.78094e-27  2.41323e-20 -1.50574e-27 -7.48289e-21    1.123e-27 -3.42284e-21 -7.24554e-28  2.08253e-21  3.91087e-28  3.33292e-22 -1.64445e-28   -3.672e-22  4.26002e-29 -2.89692e-23  4.64051e-30  4.82859e-23 -1.30673e-29  3.79851e-24  8.56547e-30 -4.74213e-24 -3.49173e-30  -5.9476e-25  8.90026e-31  3.12615e-25 -7.46714e-32  6.41288e-26 -4.62186e-32 -1.04292e-26  2.38391e-32 -3.76183e-27 -5.63416e-33 -2.07012e-29  6.66968e-34  9.57809e-29 -5.12141e-36  9.11099e-30 -9.73003e-36 -5.38866e-31  1.75496e-36 -1.16486e-31 -3.36403e-37 -3.64977e-33  5.26035e-38  1.31803e-34 -3.43033e-39  4.17729e-36
-7.57041e-36  7.23868e-44  5.12277e-35 -9.32497e-43 -1.25187e-34  4.39446e-42  7.56222e-35  1.22476e-41  1.90206e-33 -5.54245e-41    -4.09e-32 -2.26139e-40   7.3162e-31  4.52146e-40   -1.091e-29 -9.52198e-40  1.37888e-28 -2.29871e-39 -1.50033e-27  5.76306e-39   1.4224e-26 -2.11031e-38 -1.18601e-25 -1.11239e-38  8.76186e-25  1.22718e-37 -5.76881e-24 -2.56188e-37   3.4007e-23   1.4226e-36 -1.80142e-22 -4.97364e-36  8.59858e-22   2.5337e-35 -3.70578e-21 -1.16943e-34  1.44395e-20  5.23957e-34 -5.09024e-20 -2.15187e-33  1.62355e-19  8.18924e-33 -4.68239e-19 -2.89088e-32   1.2195e-18  9.50358e-32 -2.86221e-18 -2.92018e-31  6.03548e-18  8.41757e-31 -1.13867e-17  -2.2841e-30  1.91107e-17   5.8517e-30 -2.83096e-17 -1.41846e-29  3.66067e-17   3.2565e-29 -4.06472e-17 -7.07821e-29  3.77504e-17   1.4541e-28 -2.79417e-17 -2.81531e-28  1.46978e-17   5.1183e-28  -3.2343e-18 -8.70117e-28 -2.77031e-18  1.37707e-27  3.34233e-18 -2.01965e-27 -1.36853e-18  2.73209e-27 -2.42648e-19 -3.39214e-27  5.40019e-19  3.84478e-27  -1.7639e-19 -3.95384e-27 -7.37478e-20  3.66179e-27    6.651e-20 -3.02536e-27 -8.46435e-22  2.20107e-27 -1.35456e-20 -1.38301e-27  2.30184e-21  7.26054e-28  2.06144e-21 -2.97056e-28 -5.06781e-22  7.57388e-29 -2.67394e-22  6.27531e-30  6.40037e-23  -1.9996e-29  3.05057e-23  1.26242e-29  -4.7043e-24 -4.87625e-30 -2.79764e-24  1.15455e-30  1.07184e-25  -7.7973e-32  1.72716e-25 -5.87027e-32  1.15161e-26  2.62496e-32 -5.50136e-27 -5.30921e-33 -8.89828e-28  4.57439e-34  4.04559e-29  2.46971e-35  1.80414e-29 -9.56489e-36  9.31837e-31  1.48087e-36 -6.34632e-32 -3.30588e-37 -6.19114e-33  4.47396e-38 -8.09237e-35 -1.72661e-39
 1.75703e-44 -1.97454e-35  3.82522e-43  7.23552e-35 -3.38464e-42 -9.96304e-35  1.25374e-41 -1.05821e-33  4.34533e-41  2.97703e-32  -1.4516e-40 -5.92494e-31 -6.50888e-40  9.68024e-30  1.11178e-39 -1.32753e-28 -2.29871e-39  1.55591e-27 -5.49572e-39 -1.58007e-26   1.2399e-38  1.40517e-25 -4.25635e-38 -1.10343e-24 -2.42106e-38  7.70159e-24  3.35008e-37 -4.80289e-23 -1.03994e-36  2.68716e-22  5.86958e-36 -1.35312e-21 -2.62973e-35  6.14703e-21  1.30637e-34 -2.52354e-20 -5.89874e-34  9.37148e-20   2.4886e-33 -3.14938e-19 -9.63502e-33  9.57517e-19  3.44298e-32 -2.63128e-18 -1.13826e-31  6.52477e-18  3.49436e-31 -1.45628e-17 -1.00021e-30   2.9152e-17  2.68205e-30 -5.20864e-17 -6.77299e-30  8.25132e-17  1.61955e-29 -1.14831e-16 -3.68505e-29  1.38534e-16  8.00651e-29 -1.41968e-16 -1.66306e-28   1.1939e-16   3.2975e-28 -7.68133e-17 -6.21662e-28  3.07096e-17  1.10806e-27  1.56626e-18 -1.85529e-27 -1.28171e-17  2.89913e-27  8.95182e-18 -4.20159e-27 -1.57041e-18  5.61417e-27 -1.90906e-18 -6.87689e-27  1.40178e-18  7.67685e-27 -6.79465e-20 -7.76004e-27 -3.32548e-19  7.04933e-27  1.13475e-19 -5.70016e-27  4.53447e-20  4.04988e-27 -3.09393e-20 -2.47983e-27 -3.98778e-21   1.2666e-27  5.46208e-21 -5.04235e-28  2.85635e-22  1.26503e-28  -7.2814e-22  7.39086e-30 -3.92596e-23 -2.84991e-29  7.34587e-23  1.73025e-29  7.50658e-24  -6.2995e-30 -5.06817e-24  1.36614e-30 -9.12444e-25 -6.17921e-32  1.85652e-25 -7.16573e-32  5.79645e-26  2.70891e-32 -6.09455e-28 -4.49801e-33 -1.59416e-27   1.9601e-34 -1.34167e-28  5.43118e-35  1.07084e-29  -1.0074e-35  1.93466e-30  1.50702e-36  5.19305e-32 -3.20467e-37 -2.56584e-33  3.07643e-38  -7.1204e-35
 3.86228e-36  1.24029e-43 -3.49021e-35  1.54229e-42  6.69905e-35 -9.96624e-42  5.52786e-34  3.03844e-41  -1.9574e-32  1.41164e-40  4.39961e-31 -3.55066e-40 -7.92435e-30 -1.72643e-39  1.18441e-28  2.58768e-39 -1.50033e-27 -5.49572e-39  1.63634e-26 -1.28749e-38  -1.5552e-25  2.57766e-38  1.30018e-24 -7.69325e-38 -9.63242e-24 -9.69113e-38  6.36097e-23  1.16616e-36 -3.76169e-22 -5.21332e-36  1.99937e-21  2.94125e-35 -9.57765e-21 -1.44062e-34  4.14345e-20  6.86764e-34 -1.62102e-19 -2.98005e-33  5.73904e-19  1.19035e-32 -1.83886e-18 -4.35747e-32  5.32921e-18  1.46642e-31 -1.39518e-17 -4.54608e-31  3.29271e-17  1.30183e-30 -6.98459e-17 -3.45564e-30  1.32616e-16  8.54297e-30 -2.24114e-16 -1.97953e-29  3.34493e-16  4.33453e-29 -4.36118e-16 -9.05496e-29  4.88773e-16  1.82153e-28 -4.58871e-16 -3.55173e-28  3.44265e-16  6.72219e-28  -1.8483e-16 -1.22937e-27  4.35642e-17  2.15295e-27   3.2818e-17 -3.57101e-27 -4.20026e-17  5.54998e-27  1.80786e-17 -8.00686e-27  2.56299e-18  1.06382e-26 -6.89269e-18 -1.29281e-26  2.43816e-18  1.42786e-26  8.81461e-19 -1.42378e-26 -8.89288e-19  1.27208e-26  3.62732e-20 -1.00874e-26  1.78706e-19  7.00897e-27 -3.59357e-20 -4.18639e-27 -2.69492e-20  2.08165e-27  7.70289e-21 -8.06851e-28  3.50167e-21  1.99548e-28 -9.93232e-22  6.70299e-30 -4.08175e-22 -3.76768e-29   7.8038e-23   2.2003e-29  3.89591e-23  -7.5116e-30 -2.47631e-24  1.46653e-30 -2.53521e-24 -2.27886e-32 -1.24242e-25 -8.33884e-32  8.69723e-26  2.62089e-32  1.24513e-26 -3.35687e-33 -8.21635e-28 -7.05001e-35 -2.79049e-28  8.04766e-35 -1.22624e-29 -1.13805e-35  1.14337e-30  1.67537e-36  9.69229e-32  -2.7505e-37  1.06751e-33  1.45652e-38
-7.67437e-44  9.42327e-36  6.01733e-43 -4.33148e-35  4.94378e-42 -2.69211e-34 -2.27094e-41  1.16861e-32  6.01287e-41 -2.98641e-31  4.26067e-40    5.976e-30  -8.1211e-40 -9.78596e-29 -4.25108e-39  1.34499e-27  5.76306e-39 -1.58007e-26 -1.28749e-38  1.60862e-25 -2.91283e-38 -1.43435e-24  4.98527e-38  1.12952e-23 -9.50693e-38 -7.90734e-23 -5.96031e-37  4.94689e-22  5.36531e-36 -2.77709e-21  -2.9068e-35  1.40342e-20  1.60093e-34 -6.39989e-20 -7.87304e-34    2.638e-19  3.59272e-33 -9.83878e-19 -1.49298e-32  3.32158e-18  5.67831e-32  -1.0148e-17 -1.97566e-31  2.80322e-17  6.29793e-31 -6.98976e-17 -1.84124e-30  1.56935e-16  4.94261e-30 -3.16161e-16 -1.22026e-29  5.68783e-16  2.77837e-29 -9.07784e-16 -5.86205e-29  1.27369e-15  1.15553e-28 -1.55063e-15 -2.15578e-28  1.60562e-15  3.87524e-28 -1.36718e-15 -6.84583e-28  8.94449e-16  1.20517e-27 -3.69159e-16 -2.11518e-27 -8.41548e-18  3.65002e-27  1.47332e-16 -6.06367e-27 -1.07582e-16  9.50234e-27  2.13212e-17 -1.38259e-26   2.1868e-17  1.84676e-26 -1.72888e-17   -2.246e-26  1.32407e-18  2.47055e-26   3.9889e-18 -2.44215e-26 -1.50847e-18  2.15382e-26 -5.15388e-19 -1.67939e-26  4.02421e-19  1.14332e-26  3.83625e-20  -6.6706e-27 -7.10292e-20  3.23297e-27 -1.61794e-21 -1.22219e-27  9.59287e-21  2.99568e-28  2.52445e-22  1.66645e-30  -9.9482e-22 -4.57178e-29 -7.63411e-23  2.58023e-29  7.19021e-23 -8.22203e-30  1.10825e-23   1.4134e-30 -2.87914e-24  3.48837e-32 -7.75762e-25 -9.16853e-32  2.32331e-26  2.38184e-32   2.3213e-26 -2.11973e-33  1.67999e-27 -2.98431e-34 -1.83361e-28  1.00684e-34 -2.80681e-29 -1.29231e-35 -6.09317e-31  1.73591e-36  4.35244e-32 -1.88845e-37  1.06128e-33
-1.58904e-36 -5.33576e-43  1.52605e-35  2.36529e-42  9.51058e-35  1.24636e-41 -6.29215e-33 -3.13045e-41  1.84737e-31  8.23377e-41 -4.14274e-30  1.20889e-39  7.47869e-29 -1.73224e-39 -1.12026e-27 -9.77847e-39   1.4224e-26   1.2399e-38  -1.5552e-25 -2.91283e-38  1.48202e-24 -6.23093e-38  -1.2425e-23  7.20403e-38  9.23264e-23  1.77708e-37  -6.1164e-22 -3.89158e-36  3.62931e-21  2.89704e-35 -1.93595e-20  -1.6514e-34  9.30929e-20  8.77637e-34 -4.04371e-19 -4.20033e-33  1.58883e-18  1.83738e-32 -5.65092e-18 -7.32005e-32  1.81948e-17  2.66317e-31 -5.30053e-17 -8.85177e-31  1.39539e-16  2.68933e-30  -3.3128e-16  -7.4683e-30  7.07205e-16  1.89491e-29 -1.35199e-15 -4.39002e-29  2.30177e-15  9.28158e-29  -3.4633e-15 -1.79129e-28  4.55598e-15  3.16401e-28  -5.1576e-15 -5.15671e-28  4.89917e-15  7.90512e-28 -3.73009e-15 -1.18199e-27  2.04779e-15  1.81158e-27  -5.1838e-16 -2.94798e-27  -3.3739e-16  5.03646e-27  4.63586e-16 -8.61227e-27 -2.10662e-16  1.40461e-26 -2.18593e-17 -2.11758e-26  7.71712e-17  2.90203e-26  -2.9723e-17 -3.58382e-26 -9.04024e-18  3.96625e-26  1.04572e-17 -3.91438e-26 -7.53411e-19  3.42475e-26 -2.06462e-18 -2.63497e-26  4.90725e-19  1.76218e-26  3.06862e-19 -1.00633e-26 -1.02883e-19  4.76392e-27 -3.97753e-20 -1.76274e-27  1.35334e-20  4.32667e-28  4.74164e-21 -1.24521e-29 -1.12914e-21 -4.97173e-29  -4.7331e-22  2.75396e-29  4.46141e-23 -8.17305e-30  3.26388e-23  1.20089e-30  9.44086e-25   9.8492e-32 -1.20958e-24 -9.44342e-32 -1.50441e-25  2.04702e-32  1.40359e-26 -1.02805e-33  3.79015e-27 -4.58179e-34  1.33799e-28  1.12614e-34  -1.8015e-29 -1.36515e-35 -1.33154e-30  1.51088e-36 -1.14661e-32 -8.82809e-38
 9.87421e-44 -2.98633e-36 -2.54182e-42 -3.27477e-35  8.25864e-42  2.97915e-33  2.20483e-41 -1.03625e-31  3.43833e-41  2.63226e-30  -6.3699e-42 -5.27725e-29  3.25391e-39  8.66078e-28 -3.42693e-39 -1.19313e-26 -2.11031e-38  1.40517e-25  2.57766e-38 -1.43435e-24 -6.23093e-38  1.28257e-23 -1.19528e-37 -1.01303e-22 -7.07836e-38  7.11443e-22  2.60252e-36 -4.46593e-21 -2.42354e-35  2.51612e-20  1.62596e-34 -1.27641e-19 -9.16294e-34  5.84436e-19  4.68282e-33 -2.41943e-18 -2.16132e-32  9.06512e-18  9.07794e-32 -3.07538e-17 -3.47283e-31  9.44486e-17  1.21223e-30 -2.62351e-16 -3.86278e-30  6.58056e-16  1.12365e-29 -1.48689e-15 -2.98161e-29  3.01601e-15  7.20617e-29 -5.46602e-15 -1.58247e-28  8.79398e-15  3.14629e-28 -1.24475e-14  -5.6357e-28  1.53032e-14  9.03615e-28 -1.60246e-14 -1.28731e-27  1.38303e-14  1.62146e-27 -9.21428e-15 -1.82745e-27  3.93543e-15  1.98524e-27 -3.04862e-17 -2.52458e-27 -1.48965e-15  4.33487e-27  1.14381e-15 -8.60908e-27 -2.55688e-16  1.63139e-26 -2.19007e-16 -2.74203e-26  1.88602e-16  4.03213e-26 -2.03062e-17 -5.19517e-26 -4.20418e-17  5.88227e-26  1.77541e-17 -5.85787e-26  5.04141e-18  5.11985e-26 -4.62843e-18 -3.90551e-26  -2.7423e-19  2.57469e-26  8.15341e-19 -1.44348e-26 -8.18092e-21  6.69796e-27 -1.11463e-19  -2.4409e-27  5.17237e-22  6.09883e-28  1.18887e-20 -4.37442e-29  5.79161e-22 -4.57034e-29 -9.01156e-22  2.60274e-29 -1.14662e-22 -7.23007e-30  3.93055e-23  8.72203e-31  9.08171e-24  1.49334e-31 -4.91154e-25 -9.05182e-32 -2.98424e-25  1.69371e-32  -1.7781e-26 -2.58828e-34   2.7435e-27 -5.38177e-34   3.5872e-28     1.14e-34  5.64576e-30 -1.26483e-35 -6.50045e-31  1.01985e-36   -1.394e-32
  8.4854e-38   7.0187e-43  1.32738e-35 -9.63458e-42 -1.24511e-33  2.75233e-41  5.22782e-32  8.72063e-42 -1.52697e-30   4.5111e-40  3.43014e-29 -5.63965e-40 -6.20581e-28  8.36786e-39  9.31765e-27 -6.27917e-39 -1.18601e-25 -4.25635e-38  1.30018e-24  4.98527e-38  -1.2425e-23 -1.19528e-37  1.04481e-22 -1.62367e-37 -7.78848e-22 -1.55081e-36  5.17719e-21  1.84499e-35 -3.08308e-20 -1.42374e-34  1.65088e-19   8.9515e-34 -7.97086e-19 -4.88645e-33  3.47733e-18  2.40039e-32 -1.37258e-17 -1.06608e-31  4.90575e-17   4.3038e-31  -1.5878e-16 -1.58249e-30  4.65135e-16  5.30736e-30 -1.23177e-15 -1.62428e-29  2.94298e-15  4.53498e-29 -6.32549e-15 -1.15387e-28  1.21817e-14  2.66995e-28  -2.0905e-14  -5.5992e-28  3.17285e-14  1.05847e-27 -4.21416e-14 -1.78831e-27  4.82262e-14  2.66249e-27 -4.63942e-14  -3.4061e-27  3.58915e-14  3.55442e-27 -2.01849e-14 -2.62301e-27  5.49755e-15  4.96355e-28  3.02819e-15  2.07765e-27  -4.5359e-15 -3.20563e-27  2.18554e-15  1.82453e-28  1.38965e-16  9.37511e-27 -7.64609e-16 -2.59427e-26  3.22424e-16  4.69461e-26  7.94459e-17   -6.703e-26 -1.09106e-16  8.00254e-26  1.16551e-17 -8.17619e-26  2.10537e-17  7.21002e-26  -5.9179e-18 -5.48834e-26 -3.06129e-18  3.58364e-26  1.21806e-18 -1.98102e-26   3.9336e-19  9.05946e-27 -1.63335e-19 -3.28292e-27 -4.80055e-20  8.52921e-28  1.43947e-20 -1.04611e-28  5.04534e-21 -2.90662e-29 -6.68645e-22  2.03816e-29 -3.71242e-22 -5.46223e-30 -2.13649e-24  5.15763e-31   1.4919e-23  1.69109e-31  1.56899e-24 -8.06291e-32 -2.06608e-25  1.39969e-32 -4.55381e-26  1.21709e-34 -1.15815e-27 -5.42325e-34   2.5069e-28  1.03563e-34  1.61582e-29 -9.79238e-36    9.307e-32  4.61689e-37
  1.2124e-43 -4.13146e-36  3.43906e-42  4.57316e-34 -3.09627e-41 -2.35312e-32  9.16791e-41  8.04374e-31 -1.35358e-40  -2.0472e-29  2.09028e-39  4.11324e-28 -2.62584e-39 -6.76621e-27  2.07116e-38  9.34445e-26 -1.11239e-38 -1.10343e-24 -7.69325e-38  1.12952e-23  7.20403e-38 -1.01303e-22 -1.62367e-37  8.02685e-22  1.88173e-37 -5.65635e-21 -1.15637e-35  3.56347e-20  1.11411e-34 -2.01537e-19 -7.92019e-34  1.02655e-18  4.74031e-33 -4.72071e-18  -2.4927e-32  1.96328e-17  1.17735e-31 -7.39211e-17 -5.02953e-31  2.52091e-16  1.95219e-30 -7.78516e-16 -6.90037e-30  2.17535e-15  2.22408e-29 -5.49115e-15  -6.5395e-29   1.2492e-14  1.75356e-28 -2.55246e-14 -4.28328e-28   4.6626e-14  9.50917e-28 -7.56615e-14 -1.91157e-27  1.08112e-13  3.45841e-27 -1.34324e-13 -5.57438e-27  1.42368e-13  7.86225e-27 -1.24678e-13 -9.36019e-27  8.47137e-14  8.58868e-27 -3.75253e-14 -4.04471e-27  1.51444e-15 -4.81746e-27  1.33491e-14  1.64592e-26  -1.0849e-14 -2.67161e-26  2.72976e-15  2.96248e-26  1.92778e-15 -1.98275e-26  -1.8345e-15 -4.30341e-27  2.60342e-16  3.85874e-26  3.91922e-16 -7.36855e-26 -1.86434e-16  9.87569e-26 -4.22432e-17 -1.06404e-25  4.74291e-17   9.6035e-26  9.67106e-19 -7.35833e-26 -8.32057e-18  4.78892e-26  3.89044e-19 -2.62596e-26  1.14999e-18  1.19283e-26 -4.56839e-20 -4.35335e-27 -1.26222e-19   1.2007e-27 -2.21046e-21 -2.11572e-28  1.00474e-20  4.41183e-30  9.94583e-22  1.04283e-29 -4.76148e-22 -3.17841e-30 -9.32804e-23  2.41039e-31  7.93893e-24  1.48084e-31  3.40899e-24 -6.74762e-32  1.55025e-25    1.218e-32 -3.62427e-26  1.62611e-34  -4.0598e-27 -4.84665e-34 -3.50769e-29  8.26005e-35  8.61784e-30 -5.94814e-36   1.6229e-31
