    0.208038 -4.20609e-18    -0.032299   8.8465e-18   -0.0339521  2.76959e-17  -0.00274718 -7.59931e-18   0.00481217 -4.97495e-18    0.0015561  -2.9199e-19 -0.000267521   4.3906e-19 -0.000230013  1.03519e-19 -3.09814e-05  8.62812e-22  4.02015e-06 -1.35347e-21  7.50969e-07
-4.20609e-18      0.13461 -4.32077e-17 -0.000566616  3.81797e-17    -0.030287  2.87181e-17  -0.00599801 -5.13209e-18   0.00525002 -6.51085e-18   0.00247243 -8.74307e-19 -0.000164056  4.25358e-19 -0.000326589  1.28742e-19 -6.37349e-05   6.3999e-21 -6.15061e-08  1.32284e-22
   -0.032299 -4.32077e-17    0.0716562  -6.1874e-17   0.00476522  3.74692e-17    -0.025961  2.91785e-17  -0.00756096 -2.07442e-18   0.00498808 -6.29082e-18     0.003108 -1.16926e-18   8.1076e-05  2.56304e-19 -0.000329846  9.03704e-20 -7.95926e-05   5.6143e-21 -3.42138e-06
  8.8465e-18 -0.000566616  -6.1874e-17    0.0516146 -5.61162e-17   0.00550859  2.74385e-17   -0.0230555  2.71762e-17  -0.00863431 -1.19963e-19   0.00439685 -4.98407e-18   0.00351545 -1.15386e-18  0.000403651  6.35917e-20 -0.000242266  1.45911e-20 -6.51504e-05  1.86978e-22
  -0.0339521  3.81797e-17   0.00476522 -5.61162e-17    0.0419663  -4.6852e-17   0.00598172  1.97822e-17   -0.0209498  2.28563e-17  -0.00955008  1.02012e-18   0.00355519 -3.29598e-18   0.00368442 -8.85712e-19  0.000729807 -1.10079e-19 -9.71588e-05 -5.00672e-20 -2.94277e-05
 2.76959e-17    -0.030287  3.74692e-17   0.00550859  -4.6852e-17    0.0362632 -3.86904e-17   0.00636006  1.43208e-17   -0.0193487  1.72378e-17   -0.0104459  1.63616e-18   0.00245769 -1.67436e-18   0.00355437 -4.96625e-19  0.000950322 -2.27697e-19  3.17648e-05 -6.44046e-20
 -0.00274718  2.87181e-17    -0.025961  2.74385e-17   0.00598172 -3.86904e-17    0.0327098 -3.06647e-17   0.00680666  9.53393e-18   -0.0180647  1.15889e-17   -0.0113872  1.86912e-18   0.00106265 -1.75528e-19   0.00302969 -1.04021e-19  0.000936847 -2.18211e-19  6.79506e-05
-7.59931e-18  -0.00599801  2.91785e-17   -0.0230555  1.97822e-17   0.00636006 -3.06647e-17    0.0304948 -2.23564e-17   0.00740532   5.4122e-18   -0.0169439  7.02406e-18   -0.0123808  2.22422e-18 -0.000650293  1.30507e-18    0.0020601  3.22925e-19  0.000645375  -9.3699e-20
  0.00481217 -5.13209e-18  -0.00756096  2.71762e-17   -0.0209498  1.43208e-17   0.00680666 -2.23564e-17    0.0292217 -1.47215e-17   0.00823925  2.39228e-18   -0.0158152  4.02638e-18   -0.0133222  3.28997e-18  -0.00254155  2.80414e-18  0.000821963  8.00522e-19  0.000243122
-4.97495e-18   0.00525002 -2.07442e-18  -0.00863431  2.28563e-17   -0.0193487  9.53393e-18   0.00740532 -1.47215e-17    0.0287131 -9.13428e-18   0.00943659  1.69354e-19   -0.0144021  2.58519e-18   -0.0138454  5.19108e-18  -0.00409992  4.23858e-18 -0.000174691  9.62625e-19
   0.0015561 -6.51085e-18   0.00498808 -1.19963e-19  -0.00955008  1.72378e-17   -0.0180647   5.4122e-18   0.00823925 -9.13428e-18    0.0289388  -6.3765e-18    0.0112443 -2.10087e-18    -0.012168  2.49377e-18   -0.0131588  7.51769e-18  -0.00447761   5.1202e-18 -0.000432044
 -2.9199e-19   0.00247243 -6.29082e-18   0.00439685  1.02012e-18   -0.0104459  1.15889e-17   -0.0169439  2.39228e-18   0.00943659  -6.3765e-18    0.0300364 -6.87451e-18     0.014152 -5.16822e-18  -0.00823565  3.23506e-18   -0.0103303  9.55702e-18  -0.00323554  4.23852e-18
-0.000267521 -8.74307e-19     0.003108 -4.98407e-18   0.00355519  1.63616e-18   -0.0113872  7.02406e-18   -0.0158152  1.69354e-19    0.0112443 -6.87451e-18    0.0323989 -1.14255e-17    0.0188832 -9.43186e-18  -0.00193236  4.26196e-18  -0.00547505  1.01138e-17  -0.00124933
  4.3906e-19 -0.000164056 -1.16926e-18   0.00351545 -3.29598e-18   0.00245769  1.86912e-18   -0.0123808  4.02638e-18   -0.0144021 -2.10087e-18     0.014152 -1.14255e-17    0.0366193 -2.04787e-17    0.0256567 -1.40858e-17   0.00567879    5.699e-18 -0.000760647  7.39484e-18
-0.000230013  4.25358e-19   8.1076e-05 -1.15386e-18   0.00368442 -1.67436e-18   0.00106265  2.22422e-18   -0.0133222  2.58519e-18    -0.012168 -5.16822e-18    0.0188832 -2.04787e-17     0.042677 -3.16929e-17    0.0324689 -1.58422e-17    0.0109461  7.06396e-18   0.00115953
 1.03519e-19 -0.000326589  2.56304e-19  0.000403651 -8.85712e-19   0.00355437 -1.75528e-19 -0.000650293  3.28997e-18   -0.0138454  2.49377e-18  -0.00823565 -9.43186e-18    0.0256567 -3.16929e-17    0.0481647  -3.8415e-17    0.0345024 -1.12922e-17    0.0103994  5.73527e-18
-3.09814e-05  1.28742e-19 -0.000329846  6.35917e-20  0.000729807 -4.96625e-19   0.00302969  1.30507e-18  -0.00254155  5.19108e-18   -0.0131588  3.23506e-18  -0.00193236 -1.40858e-17    0.0324689  -3.8415e-17    0.0478233  -3.3548e-17    0.0279409  -3.0604e-18   0.00527154
 8.62812e-22 -6.37349e-05  9.03704e-20 -0.000242266 -1.10079e-19  0.000950322 -1.04021e-19    0.0020601  2.80414e-18  -0.00409992  7.51769e-18   -0.0103303  4.26196e-18   0.00567879 -1.58422e-17    0.0345024  -3.3548e-17    0.0377727 -1.84688e-17    0.0155055  1.39184e-18
 4.02015e-06   6.3999e-21 -7.95926e-05  1.45911e-20 -9.71588e-05 -2.27697e-19  0.000936847  3.22925e-19  0.000821963  4.23858e-18  -0.00447761  9.55702e-18  -0.00547505    5.699e-18    0.0109461 -1.12922e-17    0.0279409 -1.84688e-17    0.0214212 -4.53172e-18   0.00488671
-1.35347e-21 -6.15061e-08   5.6143e-21 -6.51504e-05 -5.00672e-20  3.17648e-05 -2.18211e-19  0.000645375  8.00522e-19 -0.000174691   5.1202e-18  -0.00323554  1.01138e-17 -0.000760647  7.06396e-18    0.0103994  -3.0604e-18    0.0155055 -4.53172e-18   0.00760359  3.88778e-19
 7.50969e-07  1.32284e-22 -3.42138e-06  1.86978e-22 -2.94277e-05 -6.44046e-20  6.79506e-05  -9.3699e-20  0.000243122  9.62625e-19 -0.000432044  4.23852e-18  -0.00124933  7.39484e-18   0.00115953  5.73527e-18   0.00527154  1.39184e-18   0.00488671  3.88778e-19   0.00125661
