 1.48335e-05 -7.29555e-20 -0.000140322  7.17701e-19  0.000478668   -2.326e-18 -0.000852321   3.7992e-18  0.000784667 -3.47411e-18 -0.000174238  1.53907e-18  -0.00032853  9.59053e-20  0.000223503 -3.93086e-19  7.42402e-05  5.69498e-20 -7.73138e-05  7.57809e-20 -9.21407e-06
-7.29555e-20  0.000203549 -3.65566e-19  -0.00105159  2.94579e-18   0.00255449  -7.4656e-18  -0.00333434  9.44581e-18   0.00192659 -6.39628e-18  0.000532119  1.30301e-18  -0.00129971  1.25242e-18  0.000218933 -8.91367e-19  0.000419198 -4.56463e-20 -9.44299e-05  1.34047e-19
-0.000140322 -3.65566e-19   0.00132828 -1.39594e-18  -0.00453631   8.6177e-18   0.00809543 -1.65292e-17  -0.00748909  1.66279e-17   0.00170107 -8.54314e-18   0.00316201  3.20683e-19  -0.00227328  2.37733e-18 -0.000606874 -1.00896e-18  0.000798069 -3.04368e-19  1.39761e-05
 7.17701e-19  -0.00105159 -1.39594e-18   0.00544071 -3.98974e-18   -0.0132628  1.76552e-17    0.0174544 -2.65608e-17   -0.0103516  2.21945e-17  -0.00248811 -9.18755e-18   0.00695805 -7.03472e-19  -0.00164296  2.97162e-18  -0.00205186  -4.9835e-19   0.00076173 -5.14146e-19
 0.000478668  2.94579e-18  -0.00453631 -3.98974e-18    0.0155524 -7.78324e-18   -0.0280186  2.53968e-17    0.0265755 -3.22677e-17  -0.00710904  2.32475e-17   -0.0104183 -7.89888e-18   0.00884238   -2.372e-18  0.000994906  3.11659e-18  -0.00297992  3.30326e-19  0.000470585
  -2.326e-18   0.00255449   8.6177e-18   -0.0132628 -7.78324e-18    0.0326493 -1.03827e-17   -0.0440204  2.81375e-17    0.0282306 -3.23595e-17    0.0034204   2.0547e-17   -0.0174968 -4.40596e-18   0.00691097 -5.17555e-18   0.00383234  2.82502e-18  -0.00300381  7.07387e-19
-0.000852321  -7.4656e-18   0.00809543  1.76552e-17   -0.0280186 -1.03827e-17    0.0517007 -1.09025e-17    -0.052172  2.85838e-17    0.0192833 -3.02191e-17    0.0156428  1.66191e-17   -0.0195694  7.09837e-19   0.00309482 -7.48081e-18    0.0054314  1.59551e-18  -0.00248178
  3.7992e-18  -0.00333434 -1.65292e-17    0.0174544  2.53968e-17   -0.0440204 -1.09025e-17    0.0629097 -1.14817e-17   -0.0476214  2.92444e-17   0.00560421 -2.77248e-17    0.0229897  1.20026e-17   -0.0178545  5.91227e-18 -1.98809e-05 -8.11062e-18   0.00590414  1.43514e-18
 0.000784667  9.44581e-18  -0.00748909 -2.65608e-17    0.0265755  2.81375e-17    -0.052172 -1.14817e-17    0.0607439 -1.25317e-17   -0.0360767  2.76288e-17  -0.00427765 -2.35792e-17    0.0253456  6.30879e-18   -0.0157191  9.20248e-18  -0.00201266 -5.62641e-18    0.0042912
-3.47411e-18   0.00192659  1.66279e-17   -0.0103516 -3.22677e-17    0.0282306  2.85838e-17   -0.0476214 -1.25317e-17    0.0507825 -1.17203e-17    -0.027261  2.23032e-17  -0.00880161 -1.77202e-17    0.0263035  6.18293e-19   -0.0140509  1.06809e-17  -0.00161324 -7.75533e-18
-0.000174238 -6.39628e-18   0.00170107  2.21945e-17  -0.00710904 -3.23595e-17    0.0192833  2.92444e-17   -0.0360767 -1.17203e-17    0.0431394 -8.68173e-18    -0.023805  1.62758e-17   -0.0113725 -1.21623e-17    0.0269318 -4.87597e-18   -0.0143549  1.16373e-17   0.00199765
 1.53907e-18  0.000532119 -8.54314e-18  -0.00248811  2.32475e-17    0.0034204 -3.02191e-17   0.00560421  2.76288e-17    -0.027261 -8.68173e-18    0.0408337 -6.51675e-18   -0.0226008  1.64162e-17   -0.0129635 -1.63204e-17    0.0287466  1.77921e-18   -0.0183012  8.50576e-18
 -0.00032853  1.30301e-18   0.00316201 -9.18755e-18   -0.0104183   2.0547e-17    0.0156428 -2.77248e-17  -0.00427765  2.23032e-17    -0.023805 -6.51675e-18    0.0409059 -4.54077e-18   -0.0229526  1.50152e-17    -0.014712   -4.413e-18    0.0338928 -2.26693e-17   -0.0178785
 9.59053e-20  -0.00129971  3.20683e-19   0.00695805 -7.89888e-18   -0.0174968  1.66191e-17    0.0229897 -2.35792e-17  -0.00880161  1.62758e-17   -0.0226008 -4.54077e-18    0.0427402  -1.6983e-17   -0.0239498  5.29625e-17    -0.019445 -6.52206e-17    0.0342585  5.17734e-17
 0.000223503  1.25242e-18  -0.00227328 -7.03472e-19   0.00884238 -4.40596e-18   -0.0195694  1.20026e-17    0.0253456 -1.77202e-17   -0.0113725  1.64162e-17   -0.0229526  -1.6983e-17    0.0457814  6.33531e-18   -0.0232371 -7.58735e-18   -0.0174927  5.40657e-17    0.0164435
-3.93086e-19  0.000218933  2.37733e-18  -0.00164296   -2.372e-18   0.00691097  7.09837e-19   -0.0178545  6.30879e-18    0.0263035 -1.21623e-17   -0.0129635  1.50152e-17   -0.0239498  6.33531e-18    0.0470624 -9.44838e-17   -0.0292148  2.01976e-16   0.00413774 -2.53009e-16
 7.42402e-05 -8.91367e-19 -0.000606874  2.97162e-18  0.000994906 -5.17555e-18   0.00309482  5.91227e-18   -0.0157191  6.18293e-19    0.0269318 -1.63204e-17    -0.014712  5.29625e-17   -0.0232371 -9.44838e-17    0.0570119  1.27775e-16   -0.0604548 -1.81222e-16    0.0319655
 5.69498e-20  0.000419198 -1.00896e-18  -0.00205186  3.11659e-18   0.00383234 -7.48081e-18 -1.98809e-05  9.20248e-18   -0.0140509 -4.87597e-18    0.0287466   -4.413e-18    -0.019445 -7.58735e-18   -0.0292148  1.27775e-16    0.0899103 -3.58924e-16    -0.093782  5.49931e-16
-7.73138e-05 -4.56463e-20  0.000798069  -4.9835e-19  -0.00297992  2.82502e-18    0.0054314 -8.11062e-18  -0.00201266  1.06809e-17   -0.0143549  1.77921e-18    0.0338928 -6.52206e-17   -0.0174927  2.01976e-16   -0.0604548 -3.58924e-16     0.132471   4.4196e-16   -0.0858615
 7.57809e-20 -9.44299e-05 -3.04368e-19   0.00076173  3.30326e-19  -0.00300381  1.59551e-18   0.00590414 -5.62641e-18  -0.00161324  1.16373e-17   -0.0183012 -2.26693e-17    0.0342585  5.40657e-17   0.00413774 -1.81222e-16    -0.093782   4.4196e-16     0.120215 -6.74386e-16
-9.21407e-06  1.34047e-19  1.39761e-05 -5.14146e-19  0.000470585  7.07387e-19  -0.00248178  1.43514e-18    0.0042912 -7.75533e-18   0.00199765  8.50576e-18   -0.0178785  5.17734e-17    0.0164435 -2.53009e-16    0.0319655  5.49931e-16   -0.0858615 -6.74386e-16    0.0586026
