   0.0163543  2.39275e-18   -0.0295743 -6.67332e-18  -0.00149026 -2.95558e-18   0.00377638   6.0181e-18   0.00191303 -1.93798e-18  0.000531795 -1.12395e-19  9.83589e-05  5.24711e-19   1.2457e-05  1.28516e-19  1.04932e-06 -1.37863e-20  5.35011e-08 -7.01324e-21  1.14802e-09
 2.39275e-18    0.0603105  8.67756e-18   -0.0495639   -1.525e-17   -0.0176907 -3.60311e-18  0.000318212   8.4779e-18   0.00218761 -2.73954e-18   0.00091214 -1.19454e-19  0.000217518  8.87098e-19  3.36195e-05  2.18692e-19  3.24891e-06 -1.68637e-20  1.60751e-07 -5.04054e-21
  -0.0295743  8.67756e-18     0.104771  1.55669e-17   -0.0416393 -2.05068e-17   -0.0332576  1.25878e-18  -0.00890211  7.92815e-18  -0.00064617 -3.04223e-18  0.000319902  2.53415e-19  0.000122236  1.08806e-18  2.05879e-05  2.04666e-19  1.77198e-06 -1.64374e-20  5.44526e-08
-6.67332e-18   -0.0495639  1.55669e-17     0.120304  1.35733e-17   -0.0141721 -1.94253e-17   -0.0350483  8.28173e-18   -0.0157805  5.15927e-18  -0.00402101 -2.79745e-18  -0.00065226  8.95035e-19 -6.67011e-05    1.025e-18 -3.94695e-06   1.1328e-19 -1.10218e-07 -9.56529e-21
 -0.00149026   -1.525e-17   -0.0416393  1.35733e-17     0.112501 -3.20981e-18    0.0147928 -1.57869e-17   -0.0230584  1.01663e-17   -0.0149194  1.07142e-18  -0.00482967 -1.90311e-18 -0.000989618  1.38021e-18 -0.000130627  7.13585e-19 -1.00374e-05   3.2123e-20 -2.96827e-07
-2.95558e-18   -0.0176907 -2.05068e-17   -0.0141721 -3.20981e-18     0.101844 -2.80095e-17    0.0378765 -1.47487e-17  -0.00454628  4.87119e-18  -0.00779709  -2.3429e-18  -0.00297988 -5.54604e-19 -0.000624803   1.3685e-18 -7.54405e-05   3.4781e-19 -4.40858e-06  6.77333e-22
  0.00377638 -3.60311e-18   -0.0332576 -1.94253e-17    0.0147928 -2.80095e-17    0.0974875 -4.61955e-17    0.0542038 -1.61893e-17    0.0123604  -2.2485e-18  0.000218693 -3.12712e-18 -0.000592281  6.15193e-19 -0.000152117  9.35866e-19 -1.63822e-05  1.08086e-19 -5.83647e-07
  6.0181e-18  0.000318212  1.25878e-18   -0.0350483 -1.57869e-17    0.0378765 -4.61955e-17    0.0963579 -4.84644e-17    0.0617801 -1.60025e-17    0.0216131 -5.34904e-18   0.00476993 -1.63633e-18  0.000684264  1.03479e-18  6.15173e-05  4.39419e-19  2.93108e-06  1.65901e-20
  0.00191303   8.4779e-18  -0.00890211  8.28173e-18   -0.0230584 -1.47487e-17    0.0542038 -4.84644e-17    0.0914302 -3.71028e-17    0.0583395 -1.20348e-17    0.0216643 -3.89743e-18    0.0051683   7.6563e-20   0.00078761  7.81834e-19  6.88423e-05  1.33241e-19  2.27725e-06
-1.93798e-18   0.00218761  7.92815e-18   -0.0157805  1.01663e-17  -0.00454628 -1.61893e-17    0.0617801 -3.71028e-17    0.0780367 -2.11915e-17    0.0454593  -6.2245e-18    0.0157361 -1.14289e-18   0.00340818  7.25524e-19  0.000440845  3.60626e-19  2.78962e-05  2.17172e-20
 0.000531795 -2.73954e-18  -0.00064617  5.15927e-18   -0.0149194  4.87119e-18    0.0123604 -1.60025e-17    0.0583395 -2.11915e-17    0.0573147 -8.51614e-18     0.028945 -1.67501e-18   0.00872873  4.09297e-19   0.00158813  5.46898e-19  0.000157795  1.02612e-19  5.68633e-06
-1.12395e-19   0.00091214 -3.04223e-18  -0.00402101  1.07142e-18  -0.00779709  -2.2485e-18    0.0216131 -1.20348e-17    0.0454593 -8.51614e-18    0.0352128 -1.69151e-18    0.0149123  3.81756e-19   0.00374522  6.10266e-19  0.000539662  2.24225e-19  3.68587e-05   1.5669e-20
 9.83589e-05 -1.19454e-19  0.000319902 -2.79745e-18  -0.00482967  -2.3429e-18  0.000218693 -5.34904e-18    0.0216643  -6.2245e-18     0.028945 -1.69151e-18    0.0177558  6.21737e-19   0.00615187  6.80005e-19   0.00123858   3.2526e-19  0.000132432  5.49864e-20  5.02654e-06
 5.24711e-19  0.000217518  2.53415e-19  -0.00065226 -1.90311e-18  -0.00297988 -3.12712e-18   0.00476993 -3.89743e-18    0.0157361 -1.67501e-18    0.0149123  6.21737e-19    0.0072386  7.91241e-19   0.00200644  3.89491e-19  0.000310735  1.03028e-19  2.23627e-05  7.21764e-21
  1.2457e-05  8.87098e-19  0.000122236  8.95035e-19 -0.000989618 -5.54604e-19 -0.000592281 -1.63633e-18    0.0051683 -1.14289e-18   0.00872873  3.81756e-19   0.00615187  7.91241e-19   0.00235069  4.28383e-19  0.000508392  1.37789e-19  5.72917e-05  2.01085e-20   2.2592e-06
 1.28516e-19  3.36195e-05  1.08806e-18 -6.67011e-05  1.38021e-18 -0.000624803  6.15193e-19  0.000684264   7.6563e-20   0.00340818  4.09297e-19   0.00374522  6.80005e-19   0.00200644  4.28383e-19   0.00059733  1.53688e-19  9.75129e-05  3.22449e-20   7.2955e-06  2.13335e-21
 1.04932e-06  2.18692e-19  2.05879e-05    1.025e-18 -0.000130627   1.3685e-18 -0.000152117  1.03479e-18   0.00078761  7.25524e-19   0.00158813  6.10266e-19   0.00123858  3.89491e-19  0.000508392  1.53688e-19  0.000115905  3.84551e-20   1.3583e-05  4.80648e-21  5.51327e-07
-1.37863e-20  3.24891e-06  2.04666e-19 -3.94695e-06  7.13585e-19 -7.54405e-05  9.35866e-19  6.15173e-05  7.81834e-19  0.000440845  5.46898e-19  0.000539662   3.2526e-19  0.000310735  1.37789e-19  9.75129e-05  3.84551e-20   1.6556e-05  6.52381e-21  1.27542e-06  3.90161e-22
 5.35011e-08 -1.68637e-20  1.77198e-06   1.1328e-19 -1.00374e-05   3.4781e-19 -1.63822e-05  4.39419e-19  6.88423e-05  3.60626e-19  0.000157795  2.24225e-19  0.000132432  1.03028e-19  5.72917e-05  3.22449e-20   1.3583e-05  6.52381e-21  1.63924e-06  6.87962e-22  6.80099e-08
-7.01324e-21  1.60751e-07 -1.64374e-20 -1.10218e-07   3.2123e-20 -4.40858e-06  1.08086e-19  2.93108e-06  1.33241e-19  2.78962e-05  1.02612e-19  3.68587e-05  5.49864e-20  2.23627e-05  2.01085e-20   7.2955e-06  4.80648e-21  1.27542e-06  6.87962e-22  1.00441e-07  3.65409e-23
 1.14802e-09 -5.04054e-21  5.44526e-08 -9.56529e-21 -2.96827e-07  6.77333e-22 -5.83647e-07  1.65901e-20  2.27725e-06  2.17172e-20  5.68633e-06   1.5669e-20  5.02654e-06  7.21764e-21   2.2592e-06  2.13335e-21  5.51327e-07  3.90161e-22  6.80099e-08  3.65409e-23  2.86861e-09
