    0.183867 -4.44137e-17   -0.0363827   4.5955e-17   -0.0353324  1.10712e-17  -0.00627417 -1.42946e-18   0.00355708  -6.4046e-18   0.00226679 -3.91212e-18  0.000399671 -3.05743e-19 -7.14417e-05  2.96197e-19 -4.52925e-05  8.30029e-20 -7.62163e-06  8.71876e-21 -3.77923e-07
-4.44137e-17     0.145523 -4.89909e-17   0.00088671  3.36653e-17   -0.0328819  3.29772e-17   -0.0114063   9.9041e-18    0.0026047 -1.03143e-17   0.00310785 -7.01247e-18   0.00089454 -9.17789e-19  3.77422e-05  2.53221e-19 -3.49385e-05   9.2693e-20 -6.68006e-06  9.72515e-21
  -0.0363827 -4.89909e-17    0.0842972 -4.01161e-17   0.00976676  2.64881e-17   -0.0273049  5.93821e-17   -0.0138339  2.03758e-17  0.000923418 -1.13879e-17   0.00319783 -8.30191e-18   0.00125786 -1.56607e-18  0.000190842  5.76271e-20  -7.1394e-08  6.30048e-20 -1.79602e-06
  4.5955e-17   0.00088671 -4.01161e-17    0.0599025  -6.3944e-17    0.0114071  2.54539e-17   -0.0232525  7.55701e-17   -0.0152428  2.57332e-17  -0.00105212 -9.40952e-18   0.00264202 -7.93773e-18   0.00132533 -1.89389e-18  0.000273432 -8.01046e-20  2.16788e-05  2.68787e-20
  -0.0353324  3.36653e-17   0.00976676  -6.3944e-17    0.0492044 -9.80882e-17    0.0122827  2.47181e-17   -0.0200561  7.75521e-17   -0.0161616  2.79194e-17   -0.0031914  -5.5238e-18   0.00152843 -6.34292e-18    0.0010308  -1.6113e-18   0.00022793 -7.68933e-20  1.58787e-05
 1.10712e-17   -0.0328819  2.64881e-17    0.0114071 -9.80882e-17    0.0430136 -1.14189e-16    0.0131509  2.14322e-17   -0.0172303  7.03322e-17   -0.0166479  2.82952e-17  -0.00527565 -1.34604e-18  0.000100544 -3.91323e-18  0.000497991 -8.76223e-19  0.000107425 -1.96009e-20
 -0.00627417  3.29772e-17   -0.0273049  2.54539e-17    0.0122827 -1.14189e-16    0.0393365 -1.11923e-16    0.0142965   1.5201e-17   -0.0143482  5.86412e-17    -0.016445  2.63742e-17  -0.00683309  1.95614e-18   -0.0011528 -1.41909e-18  2.02125e-05 -2.22328e-19  1.78454e-05
-1.42946e-18   -0.0114063  5.93821e-17   -0.0232525  2.47181e-17    0.0131509 -1.11923e-16    0.0373317  -1.0129e-16    0.0159922  6.62911e-18   -0.0108765  4.38313e-17   -0.0149873  2.13046e-17  -0.00718001  3.50056e-18  -0.00168991  1.14977e-19 -0.000168768  1.93485e-20
  0.00355708   9.9041e-18   -0.0138339  7.55701e-17   -0.0200561  2.14322e-17    0.0142965  -1.0129e-16     0.036699 -9.00894e-17    0.0186191 -5.58254e-18   -0.0061536  2.49165e-17   -0.0116585  1.28459e-17  -0.00588261  2.79615e-18  -0.00137049   3.7351e-19 -0.000109528
 -6.4046e-18    0.0026047  2.03758e-17   -0.0152428  7.75521e-17   -0.0172303   1.5201e-17    0.0159922 -9.00894e-17    0.0374951 -8.48683e-17    0.0226376 -2.50338e-17   0.00024186  1.69918e-18  -0.00651637  2.45252e-18  -0.00339514  7.02927e-19 -0.000652958  8.20748e-20
  0.00226679 -1.03143e-17  0.000923418  2.57332e-17   -0.0161616  7.03322e-17   -0.0143482  6.62911e-18    0.0186191 -8.48683e-17    0.0399479 -9.23468e-17    0.0281137  -5.2686e-17   0.00763482 -2.15907e-17 -0.000962833 -6.11136e-18  -0.00101049 -8.36657e-19 -0.000139634
-3.91212e-18   0.00310785 -1.13879e-17  -0.00105212  2.79194e-17   -0.0166479  5.86412e-17   -0.0108765 -5.58254e-18    0.0226376 -9.23468e-17    0.0438942 -1.13908e-16    0.0337948  -8.0781e-17    0.0137232 -3.64695e-17   0.00280147 -9.12343e-18  0.000202188 -8.45636e-19
 0.000399671 -7.01247e-18   0.00319783 -9.40952e-18   -0.0031914  2.82952e-17    -0.016445  4.38313e-17   -0.0061536 -2.50338e-17    0.0281137 -1.13908e-16    0.0478152  -1.3864e-16     0.036742 -9.46747e-17    0.0157355 -3.67689e-17   0.00359008 -6.70416e-18  0.000298174
-3.05743e-19   0.00089454 -8.30191e-18   0.00264202  -5.5238e-18  -0.00527565  2.63742e-17   -0.0149873  2.49165e-17   0.00024186  -5.2686e-17    0.0337948  -1.3864e-16    0.0485288 -1.46895e-16    0.0339703 -8.48871e-17    0.0129317 -2.53347e-17   0.00230537 -2.66747e-18
-7.14417e-05 -9.17789e-19   0.00125786 -7.93773e-18   0.00152843 -1.34604e-18  -0.00683309  2.13046e-17   -0.0116585  1.69918e-18   0.00763482  -8.0781e-17     0.036742 -1.46895e-16    0.0430055 -1.26365e-16    0.0253967 -5.72782e-17   0.00762043 -1.17261e-17  0.000800599
 2.96197e-19  3.77422e-05 -1.56607e-18   0.00132533 -6.34292e-18  0.000100544  1.95614e-18  -0.00718001  1.28459e-17  -0.00651637 -2.15907e-17    0.0137232 -9.46747e-17    0.0339703 -1.26365e-16    0.0314642 -8.46616e-17    0.0146686 -2.81137e-17   0.00305787 -3.19677e-18
-4.52925e-05  2.53221e-19  0.000190842 -1.89389e-18    0.0010308 -3.91323e-18   -0.0011528  3.50056e-18  -0.00588261  2.45252e-18 -0.000962833 -3.64695e-17    0.0157355 -8.48871e-17    0.0253967 -8.46616e-17    0.0180978 -4.25297e-17   0.00620945 -9.39923e-18  0.000720873
 8.30029e-20 -3.49385e-05  5.76271e-20  0.000273432  -1.6113e-18  0.000497991 -1.41909e-18  -0.00168991  2.79615e-18  -0.00339514 -6.11136e-18   0.00280147 -3.67689e-17    0.0129317 -5.72782e-17    0.0146686 -4.25297e-17   0.00777591 -1.52224e-17   0.00177707 -1.82891e-18
-7.62163e-06   9.2693e-20  -7.1394e-08 -8.01046e-20   0.00022793 -8.76223e-19  2.02125e-05  1.14977e-19  -0.00137049  7.02927e-19  -0.00101049 -9.12343e-18   0.00359008 -2.53347e-17   0.00762043 -2.81137e-17   0.00620945 -1.52224e-17   0.00233049 -3.55741e-18  0.000288653
 8.71876e-21 -6.68006e-06  6.30048e-20  2.16788e-05 -7.68933e-20  0.000107425 -2.22328e-19 -0.000168768   3.7351e-19 -0.000652958 -8.36657e-19  0.000202188 -6.70416e-18   0.00230537 -1.17261e-17   0.00305787 -9.39923e-18   0.00177707 -3.55741e-18  0.000432918 -4.45522e-19
-3.77923e-07  9.72515e-21 -1.79602e-06  2.68787e-20  1.58787e-05 -1.96009e-20  1.78454e-05  1.93485e-20 -0.000109528  8.20748e-20 -0.000139634 -8.45636e-19  0.000298174 -2.66747e-18  0.000800599 -3.19677e-18  0.000720873 -1.82891e-18  0.000288653 -4.45522e-19  3.74439e-05
