     0.240705  -2.47357e-15     0.0655888  -2.99296e-15     0.0227171  -1.37693e-15    0.00882648  -6.99935e-16    0.00513494  -3.86861e-16     0.0031522  -2.05674e-16    0.00166423  -9.68281e-17   0.000747694  -3.98916e-17   0.000293391  -1.46342e-17   0.000103011  -4.87057e-18   3.29519e-05   -1.4913e-18   9.73048e-06  -4.24378e-19   2.67798e-06  -1.13096e-19   6.91828e-07  -2.83891e-20   1.68677e-07   -6.7424e-21   3.89748e-08  -1.52039e-21    8.5623e-09  -3.26418e-22   1.79301e-09  -6.68696e-23   3.58617e-10  -1.30943e-23   6.86167e-11  -2.45434e-24   1.25754e-11   -4.4083e-25   2.20972e-12  -7.59384e-26   3.72562e-13  -1.25542e-26   6.03045e-14  -1.99279e-27   9.37474e-15  -3.03821e-28   1.40002e-15  -4.44978e-29   2.00874e-16  -6.26107e-30   2.76901e-17  -8.46298e-31   3.66679e-18  -1.09873e-31    4.6635e-19  -1.36974e-32   5.69458e-20   -1.6391e-33   6.67351e-21  -1.88188e-34   7.50178e-22  -2.07182e-35   8.08398e-23  -2.18576e-36     8.345e-24  -2.20804e-37   8.24539e-25  -2.13399e-38   7.79072e-26   -1.9712e-39   7.03188e-27  -1.73836e-40   6.05599e-28   -1.4618e-41   4.96995e-29  -1.17052e-42   3.88097e-30  -8.91132e-44   2.87904e-31  -6.43932e-45   2.02531e-32  -4.40805e-46   1.34834e-33   -2.8526e-47   8.47608e-35  -1.74096e-48   5.01863e-36  -9.99384e-50   2.79088e-37   -5.3798e-51   1.45302e-38  -2.70651e-52   7.05661e-40  -1.26758e-53   3.18354e-41  -5.50204e-55   1.32779e-42  -2.20198e-56   5.09132e-44  -8.07641e-58   1.78305e-45  -2.69547e-59   5.65894e-47   -8.1159e-61   1.61226e-48  -2.18159e-62   4.07565e-50  -5.16736e-64   9.00792e-52  -1.06062e-65   1.70762e-53  -1.84505e-67   2.70534e-55  -2.63782e-69   3.45142e-57  -2.96108e-71   3.34772e-59  -2.42191e-73   2.23073e-61   -1.2473e-75   8.10587e-64   -2.6111e-78
 -2.47357e-15      0.155704  -4.89558e-15     0.0879965  -4.22337e-15     0.0457771  -2.85207e-15     0.0268607  -1.69581e-15      0.015129  -8.89585e-16    0.00751432  -4.11501e-16     0.0032737  -1.68921e-16    0.00127052  -6.23671e-17   0.000446545  -2.10095e-17   0.000144059  -6.53351e-18   4.31034e-05  -1.89251e-18   1.20568e-05  -5.14123e-19   3.17214e-06  -1.31685e-19   7.88745e-07  -3.19338e-20   1.86038e-07  -7.35608e-21   4.17476e-08  -1.61387e-21   8.93402e-09  -3.37933e-22    1.8267e-09   -6.7651e-23    3.5739e-10  -1.29654e-23    6.6988e-11  -2.38144e-24   1.20404e-11  -4.19565e-25   2.07677e-12  -7.09498e-26   3.43939e-13  -1.15213e-26   5.47128e-14   -1.7972e-27   8.36221e-15  -2.69352e-28   1.22809e-15  -3.87888e-29    1.7331e-16  -5.36708e-30   2.34994e-17  -7.13435e-31   3.06087e-18  -9.10862e-32   3.82878e-19  -1.11657e-32   4.59762e-20   -1.3136e-33   5.29729e-21  -1.48238e-34    5.8529e-22  -1.60363e-35   6.19714e-23  -1.66181e-36   6.28317e-24   -1.6483e-37   6.09468e-25  -1.56337e-38   5.65037e-26  -1.41645e-39   5.00121e-27  -1.22447e-40   4.22091e-28  -1.00864e-41   3.39212e-29  -7.90547e-43   2.59181e-30  -5.88606e-44   1.87958e-31  -4.15567e-45   1.29126e-32  -2.77655e-46   8.38573e-34  -1.75163e-47   5.13582e-35  -1.04077e-48   2.95843e-36  -5.80787e-50   1.59804e-37  -3.03415e-51   8.06695e-39  -1.47855e-52   3.79085e-40  -6.69275e-54   1.65095e-41  -2.80068e-55   6.62909e-43  -1.07743e-56   2.43936e-44  -3.78553e-58   8.16755e-46  -1.20528e-59   2.46705e-47  -3.44478e-61   6.65246e-49  -8.73536e-63   1.58064e-50  -1.93664e-64   3.25431e-52  -3.68249e-66   5.67847e-54  -5.85173e-68   8.14282e-56  -7.48784e-70   9.16795e-58   -7.2843e-72    7.5207e-60  -4.86801e-74    3.8845e-62  -1.77401e-76   8.15523e-65
    0.0655888  -4.89558e-15      0.115606  -6.50553e-15     0.0867337  -5.77211e-15     0.0608365  -3.93523e-15     0.0370249  -2.21098e-15     0.0192025  -1.06628e-15    0.00864635  -4.52732e-16    0.00345687  -1.72433e-16    0.00125008  -5.98275e-17   0.000414663  -1.91405e-17    0.00012751  -5.69883e-18   3.66403e-05  -1.59019e-18   9.89919e-06  -4.18123e-19   2.52661e-06   -1.0404e-19    6.1151e-07  -2.45809e-20   1.40764e-07  -5.52932e-21   3.08911e-08  -1.18676e-21   6.47538e-09   -2.4346e-22   1.29853e-09  -4.78053e-23   2.49421e-10  -8.99486e-24   4.59338e-11  -1.62318e-24   8.11672e-12  -2.81121e-25     1.377e-12  -4.67516e-26   2.24376e-13  -7.46853e-27   3.51262e-14  -1.14633e-27   5.28408e-15  -1.69069e-28   7.63853e-16  -2.39608e-29   1.06102e-16  -3.26267e-30   1.41595e-17  -4.26767e-31   1.81493e-18  -5.36071e-32   2.23365e-19  -6.46395e-33   2.63827e-20  -7.47835e-34   2.98908e-21  -8.29644e-35   3.24636e-22   -8.8199e-36   3.37738e-23  -8.97806e-37   3.36301e-24  -8.74312e-38    3.2021e-25  -8.13737e-39   2.91233e-26  -7.23025e-40   2.52719e-27  -6.12541e-41   2.08957e-28  -4.94118e-42   1.64386e-29  -3.78941e-43   1.22845e-30  -2.75814e-44   8.70469e-32  -1.90168e-45   5.83683e-33  -1.23941e-46   3.69533e-34  -7.61747e-48   2.20337e-35  -4.40321e-49   1.23382e-36  -2.38663e-50   6.46776e-38  -1.20886e-51    3.1624e-39   -5.6997e-53   1.43625e-40  -2.49046e-54   6.02999e-42  -1.00326e-55   2.32729e-43  -3.70363e-57   8.20314e-45    -1.244e-58   2.62007e-46  -3.76935e-60   7.51177e-48  -1.01956e-61   1.91073e-49  -2.42989e-63   4.24904e-51  -5.01791e-65   8.10379e-53  -8.78187e-67   1.29157e-54  -1.26301e-68   1.65754e-56  -1.42615e-70   1.61716e-58  -1.17327e-72   1.08382e-60  -6.07722e-75   3.96087e-63  -1.27945e-77
 -2.99296e-15     0.0879965  -6.50553e-15      0.104693  -7.92759e-15     0.0924496  -6.42596e-15     0.0637691   -4.0042e-15     0.0358305  -2.06845e-15     0.0171207  -9.25677e-16    0.00718589   -3.6862e-16     0.0027107  -1.33056e-16   0.000934094  -4.41321e-17   0.000297528  -1.35879e-17    8.8367e-05  -3.91343e-18   2.46351e-05   -1.0605e-18   6.47942e-06  -2.71643e-19   1.61427e-06   -6.6005e-20   3.82161e-07  -1.52579e-20   8.61885e-08  -3.36317e-21   1.85554e-08  -7.08185e-22   3.81961e-09  -1.42671e-22   7.52785e-10   -2.7532e-23   1.42195e-10  -5.09407e-24   2.57642e-11  -9.04365e-25   4.48078e-12  -1.54142e-25   7.48343e-13  -2.52333e-26   1.20062e-13  -3.96849e-27   1.85078e-14   -5.9971e-28   2.74152e-15   -8.7084e-29   3.90219e-16  -1.21504e-29   5.33644e-17  -1.62863e-30   7.01018e-18  -2.09663e-31   8.84316e-19  -2.59143e-32   1.07081e-19  -3.07383e-33   1.24402e-20  -3.49711e-34   1.38581e-21  -3.81377e-35   1.47926e-22   -3.9838e-36   1.51185e-23  -3.98273e-37   1.47814e-24  -3.80711e-38   1.38112e-25  -3.47605e-39   1.23191e-26   -3.0279e-40   1.04764e-27  -2.51302e-41   8.48275e-29  -1.98434e-42   6.52955e-30  -1.48832e-43   4.76992e-31  -1.05842e-44    3.3006e-32  -7.12232e-46   2.15877e-33  -4.52498e-47   1.33143e-34  -2.70738e-48   7.72273e-36  -1.52121e-49   4.20008e-37  -8.00106e-51   2.13452e-38  -3.92505e-52   1.00974e-39  -1.78844e-53   4.42635e-41  -7.53279e-55   1.78884e-42  -2.91652e-56   6.62458e-44  -1.03122e-57   2.23206e-45  -3.30389e-59   6.78398e-47  -9.50114e-61   1.84055e-48  -2.42403e-62   4.39969e-50  -5.40649e-64   9.11256e-52  -1.03415e-65   1.59945e-53  -1.65298e-67   2.30696e-55  -2.12741e-69   2.61235e-57  -2.08143e-71   2.15516e-59  -1.39886e-73   1.11941e-61  -5.12624e-76   2.36317e-64
    0.0227171  -4.22337e-15     0.0867337  -7.92759e-15      0.105382  -8.07861e-15     0.0859713  -5.76536e-15     0.0537199  -3.25857e-15      0.027721  -1.55892e-15     0.0123663  -6.55489e-16    0.00491037  -2.47958e-16    0.00176982   -8.5748e-17   0.000586995  -2.74245e-17   0.000180942  -8.18188e-18   5.22228e-05  -2.29188e-18   1.41921e-05    -6.058e-19   3.64761e-06  -1.51696e-19   8.89707e-07  -3.60974e-20   2.06519e-07  -8.18321e-21   4.57206e-08  -1.77087e-21   9.67112e-09  -3.66411e-22    1.9574e-09  -7.25831e-23   3.79512e-10  -1.37798e-23   7.05524e-11  -2.50926e-24    1.2585e-11  -4.38555e-25    2.1552e-12  -7.36011e-26   3.54478e-13  -1.18651e-26   5.60108e-14  -1.83769e-27   8.50351e-15  -2.73481e-28   1.24046e-15  -3.91047e-29   1.73859e-16  -5.37189e-30    2.3408e-17  -7.08806e-31   3.02673e-18  -8.98041e-32   3.75724e-19  -1.09209e-32   4.47568e-20  -1.27411e-33   5.11339e-21  -1.42521e-34   5.59945e-22  -1.52752e-35   5.87288e-23  -1.56744e-36   5.89478e-24  -1.53854e-37   5.65703e-25  -1.44314e-38   5.18509e-26  -1.29213e-39   4.53381e-27  -1.10299e-40   3.77695e-28  -8.96389e-42   2.99336e-29  -6.92501e-43   2.25326e-30  -5.07692e-44   1.60812e-31  -3.52541e-45   1.08594e-32   -2.3138e-46   6.92311e-34  -1.43192e-47   4.15633e-35  -8.33356e-49   2.34317e-36  -4.54731e-50    1.2365e-37  -2.31852e-51   6.08556e-39  -1.10031e-52   2.78176e-40  -4.83868e-54   1.17536e-41  -1.96158e-55   4.56486e-43  -7.28668e-57     1.619e-44   -2.4626e-58   5.20271e-46  -7.50709e-60   1.50063e-47  -2.04275e-61   3.83981e-49  -4.89726e-63   8.58904e-51  -1.01723e-64    1.6476e-52  -1.79051e-66   2.64096e-54  -2.58977e-68   3.40842e-56   -2.9407e-70   3.34393e-58  -2.43266e-72   2.25344e-60  -1.26695e-74   8.28006e-63  -2.68175e-77
 -1.37693e-15     0.0457771  -5.77211e-15     0.0924496  -8.07861e-15      0.094597  -6.86301e-15     0.0675936  -4.33878e-15     0.0382898  -2.24945e-15     0.0183508  -1.00775e-15     0.0077283  -4.02092e-16    0.00292972  -1.45688e-16    0.00101611  -4.85863e-17   0.000326159  -1.50614e-17   9.77122e-05   -4.3718e-18   2.74956e-05   -1.1949e-18   7.30294e-06  -3.08867e-19    1.8379e-06  -7.57654e-20     4.396e-07  -1.76856e-20   1.00177e-07  -3.93709e-21   2.17923e-08  -8.37354e-22   4.53267e-09   -1.7039e-22   9.02566e-10   -3.3211e-23   1.72235e-10  -6.20614e-24   3.15237e-11  -1.11269e-24   5.53728e-12  -1.91505e-25   9.33909e-13  -3.16529e-26   1.51288e-13  -5.02558e-27   2.35441e-14  -7.66593e-28    3.5203e-15  -1.12347e-28   5.05693e-16  -1.58179e-29   6.97834e-17  -2.13922e-30   9.24877e-18  -2.77821e-31   1.17692e-18  -3.46359e-32   1.43738e-19  -4.14331e-33   1.68401e-20  -4.75329e-34   1.89152e-21   -5.2263e-35   2.03553e-22  -5.50343e-36   2.09705e-23  -5.54564e-37   2.06644e-24  -5.34249e-38   1.94575e-25  -4.91535e-39   1.74874e-26  -4.31396e-40   1.49829e-27  -3.60695e-41   1.22209e-28  -2.86891e-42   9.47501e-30  -2.16723e-43   6.97086e-31   -1.5521e-44   4.85733e-32   -1.0517e-45   3.19884e-33  -6.72739e-47   1.98627e-34  -4.05221e-48   1.15979e-35  -2.29193e-49   6.34911e-37  -1.21334e-50   3.24755e-38   -5.9905e-52   1.54605e-39  -2.74684e-53   6.81995e-41  -1.16417e-54   2.77322e-42  -4.53508e-56   1.03327e-43  -1.61323e-57   3.50237e-45  -5.19941e-59    1.0708e-46  -1.50402e-60   2.92215e-48  -3.85949e-62   7.02542e-50  -8.65738e-64   1.46336e-51  -1.66533e-65   2.58292e-53   -2.6767e-67   3.74609e-55  -3.46389e-69   4.26515e-57  -3.40742e-71   3.53768e-59  -2.30228e-73   1.84729e-61  -8.48154e-76   3.92026e-64
   0.00882648  -2.85207e-15     0.0608365  -6.42596e-15     0.0859713  -6.86301e-15     0.0728304   -4.9843e-15     0.0461374   -2.8436e-15     0.0240237  -1.37026e-15     0.0108113  -5.80416e-16    0.00433372   -2.2138e-16      0.001578  -7.72628e-17    0.00052904  -2.49565e-17   0.000164907  -7.52342e-18   4.81397e-05  -2.13017e-18   1.32336e-05  -5.69243e-19   3.44059e-06  -1.44121e-19   8.48868e-07  -3.46753e-20   1.99286e-07   -7.9476e-21    4.4616e-08  -1.73871e-21   9.54214e-09  -3.63651e-22   1.95237e-09  -7.28054e-23   3.82592e-10  -1.39673e-23   7.18731e-11  -2.56968e-24   1.29528e-11  -4.53674e-25   2.24062e-12  -7.68971e-26   3.72179e-13  -1.25176e-26   5.93788e-14  -1.95734e-27    9.1006e-15  -2.94025e-28   1.33994e-15  -4.24299e-29   1.89517e-16  -5.88135e-30   2.57446e-17  -7.82903e-31   3.35806e-18  -1.00054e-31   4.20441e-19   -1.2271e-32   5.05059e-20  -1.44358e-33   5.81795e-21  -1.62802e-34   6.42267e-22  -1.75892e-35   6.78995e-23  -1.81913e-36   6.86852e-24  -1.79942e-37   6.64206e-25  -1.70068e-38   6.13381e-26   -1.5341e-39   5.40304e-27  -1.31914e-40   4.53379e-28  -1.07979e-41   3.61884e-29  -8.40095e-43   2.74322e-30  -6.20187e-44   1.97131e-31  -4.33606e-45   1.34023e-32  -2.86502e-46   8.60131e-34   -1.7848e-47   5.19776e-35   -1.0455e-48   2.94922e-36  -5.74148e-50   1.56622e-37  -2.94588e-51    7.7566e-39  -1.40673e-52   3.56748e-40  -6.22406e-54    1.5165e-41  -2.53843e-55   5.92504e-43  -9.48554e-57    2.1138e-44  -3.22449e-58   6.83225e-46  -9.88644e-60   1.98193e-47  -2.70551e-61   5.10002e-49  -6.52254e-63   1.14715e-50  -1.36232e-64   2.21262e-52  -2.41103e-66   3.56587e-54  -3.50605e-68   4.62671e-56   -4.0023e-70   4.56312e-58  -3.32823e-72   3.09107e-60  -1.74234e-74   1.14163e-62  -3.70686e-77
 -6.99935e-16     0.0268607  -3.93523e-15     0.0637691  -5.76536e-15     0.0675936   -4.9843e-15     0.0490398  -3.18828e-15     0.0281105  -1.67076e-15     0.0136305  -7.56595e-16    0.00581008  -3.05281e-16    0.00223008  -1.11907e-16   0.000783289    -3.777e-17   0.000254638  -1.18513e-17   7.72572e-05  -3.48219e-18   2.20139e-05  -9.63367e-19   5.91974e-06  -2.52028e-19   1.50802e-06  -6.25601e-20   3.65024e-07  -1.47744e-20   8.41592e-08   -3.3269e-21   1.85182e-08  -7.15563e-22   3.89495e-09  -1.47216e-22   7.84094e-10  -2.90045e-23   1.51232e-10  -5.47737e-24   2.79695e-11  -9.92185e-25   4.96325e-12  -1.72491e-25   8.45462e-13  -2.87917e-26   1.38298e-13  -4.61547e-27   2.17281e-14  -7.10684e-28    3.2791e-15  -1.05116e-28   4.75346e-16  -1.49335e-29   6.61816e-17  -2.03747e-30   8.84807e-18  -2.66896e-31   1.13557e-18  -3.35559e-32    1.3985e-19  -4.04742e-33    1.6519e-20  -4.68104e-34   1.87037e-21  -5.18788e-35   2.02864e-22  -5.50565e-36    2.1061e-23  -5.59038e-37   2.09109e-24  -5.42606e-38   1.98362e-25  -5.02905e-39   1.79578e-26  -4.44569e-40   1.54962e-27  -3.74351e-41   1.27286e-28  -2.99831e-42   9.93686e-30  -2.28051e-43   7.36033e-31  -1.64424e-44   5.16296e-32  -1.12151e-45   3.42244e-33  -7.22069e-47   2.13884e-34  -4.37722e-48   1.25681e-35  -2.49135e-49    6.9232e-37   -1.3271e-50   3.56298e-38  -6.59213e-52   1.70649e-39  -3.04088e-53   7.57254e-41  -1.29641e-54   3.09733e-42  -5.07968e-56    1.1607e-43  -1.81733e-57   3.95675e-45  -5.89039e-59   1.21652e-46   -1.7134e-60   3.33818e-48  -4.42096e-62   8.06945e-50  -9.97063e-64   1.68988e-51   -1.9282e-65   2.99857e-53  -3.11556e-67    4.3717e-55   -4.0528e-69   5.00318e-57   -4.0072e-71     4.171e-59  -2.72126e-73   2.18895e-61  -1.00752e-75   4.66843e-64
   0.00513494  -1.69581e-15     0.0370249   -4.0042e-15     0.0537199  -4.33878e-15     0.0461374  -3.18828e-15     0.0296008  -1.84146e-15      0.015617  -8.98802e-16    0.00712412  -3.85744e-16    0.00289532  -1.49099e-16    0.00106888  -5.27362e-17   0.000363289   -1.7262e-17   0.000114776  -5.27263e-18   3.39509e-05  -1.51228e-18   9.45445e-06  -4.09273e-19   2.48923e-06   -1.0491e-19   6.21738e-07  -2.55479e-20   1.47721e-07    -5.925e-21   3.34594e-08   -1.3112e-21   7.23774e-09  -2.77324e-22   1.49734e-09  -5.61311e-23   2.96599e-10  -1.08835e-23   5.63061e-11  -2.02319e-24   1.02516e-11  -3.60818e-25   1.79113e-12  -6.17635e-26   3.00422e-13  -1.01512e-26   4.83873e-14  -1.60228e-27   7.48502e-15  -2.42905e-28   1.11208e-15  -3.53679e-29   1.58685e-16  -4.94553e-30   2.17434e-17  -6.63983e-31   2.86022e-18  -8.55686e-32   3.61081e-19  -1.05808e-32   4.37276e-20  -1.25474e-33    5.0772e-21   -1.4262e-34   5.64858e-22  -1.55276e-35   6.01717e-23  -1.61806e-36   6.13233e-24  -1.61239e-37   5.97364e-25  -1.53499e-38   5.55623e-26  -1.39451e-39   4.92883e-27  -1.20751e-40   4.16453e-28  -9.95197e-42   3.34672e-29  -7.79506e-43    2.5539e-30  -5.79271e-44   1.84731e-31  -4.07638e-45   1.26404e-32  -2.71068e-46   8.16378e-34  -1.69927e-47   4.96414e-35  -1.00156e-48   2.83396e-36  -5.53368e-50   1.51409e-37  -2.85627e-51   7.54301e-39  -1.37198e-52   3.48954e-40  -6.10558e-54   1.49191e-41  -2.50435e-55   5.86206e-43  -9.41089e-57   2.10302e-44  -3.21687e-58   6.83485e-46    -9.917e-60   1.99344e-47   -2.7285e-61    5.1571e-49  -6.61292e-63   1.16611e-50  -1.38843e-64    2.2609e-52  -2.46994e-66   3.66236e-54  -3.61004e-68   4.77597e-56  -4.14174e-70   4.73387e-58  -3.46128e-72   3.22255e-60  -1.82087e-74   1.19598e-62  -3.89267e-77
 -3.86861e-16      0.015129  -2.21098e-15     0.0358305  -3.25857e-15     0.0382898   -2.8436e-15     0.0281105  -1.84146e-15     0.0163338  -9.78385e-16    0.00803458  -4.49437e-16    0.00347511  -1.83971e-16    0.00135336  -6.84071e-17     0.0004822  -2.34147e-17   0.000158967  -7.44869e-18    4.8893e-05  -2.21814e-18   1.41178e-05  -6.21722e-19   3.84564e-06  -1.64727e-19   9.91984e-07  -4.13965e-20   2.43048e-07  -9.89409e-21    5.6701e-08  -2.25399e-21     1.262e-08  -4.90301e-22   2.68404e-09  -1.01985e-22   5.46193e-10  -2.03084e-23   1.06459e-10  -3.87513e-24   1.98912e-11  -7.09071e-25   3.56501e-12  -1.24489e-25   6.13191e-13  -2.09792e-26   1.01255e-13   -3.3946e-27   1.60554e-14  -5.27474e-28   2.44485e-15  -7.87132e-29   3.57531e-16  -1.12799e-29   5.02063e-17  -1.55207e-30   6.76863e-18  -2.05001e-31   8.75822e-19  -2.59834e-32   1.08727e-19  -3.15895e-33   1.29436e-20  -3.68188e-34   1.47682e-21  -4.11159e-35   1.61384e-22  -4.39596e-36   1.68783e-23  -4.49622e-37   1.68791e-24   -4.3953e-38    1.6125e-25  -4.10232e-39   1.46996e-26  -3.65143e-40   1.27711e-27  -3.09549e-41   1.05604e-28  -2.49574e-42   8.29843e-30  -1.91062e-43   6.18641e-31  -1.38637e-44   4.36704e-32  -9.51571e-46   2.91288e-33  -6.16442e-47   1.83155e-34  -3.75962e-48   1.08273e-35  -2.15263e-49   5.99964e-37  -1.15341e-50   3.10569e-38  -5.76254e-52   1.49601e-39  -2.67334e-53   6.67607e-41  -1.14612e-54   2.74586e-42   -4.5156e-56   1.03463e-43  -1.62432e-57   3.54604e-45  -5.29301e-59   1.09604e-46  -1.54777e-60   3.02338e-48  -4.01441e-62   7.34629e-50  -9.10024e-64   1.54628e-51  -1.76879e-65   2.75757e-53  -2.87227e-67   4.04029e-55  -3.75474e-69   4.64655e-57  -3.73056e-71    3.8924e-59  -2.54556e-73   2.05249e-61  -9.46935e-76     4.398e-64
    0.0031522  -8.89585e-16     0.0192025  -2.06845e-15      0.027721  -2.24945e-15     0.0240237  -1.67076e-15      0.015617  -9.78385e-16    0.00836046  -4.84689e-16    0.00387153  -2.11163e-16    0.00159716  -8.28392e-17   0.000598373  -2.97286e-17    0.00020631  -9.86953e-18    6.6095e-05  -3.05625e-18   1.98165e-05  -8.88319e-19   5.59095e-06  -2.43521e-19   1.49075e-06  -6.32047e-20   3.76931e-07  -1.55786e-20   9.06241e-08  -3.65539e-21   2.07638e-08  -8.18145e-22   4.54177e-09  -1.74951e-22   9.49796e-10  -3.57897e-23   1.90122e-10  -7.01154e-24    3.6462e-11  -1.31658e-24   6.70466e-12  -2.37106e-25   1.18275e-12  -4.09747e-26   2.00248e-13  -6.79706e-27   3.25486e-14  -1.08258e-27   5.07994e-15  -1.65568e-28   7.61326e-16   -2.4315e-29   1.09559e-16  -3.42858e-30   1.51367e-17  -4.64098e-31    2.0073e-18  -6.02888e-32   2.55415e-19  -7.51331e-33    3.1171e-20  -8.97817e-34    3.6467e-21  -1.02816e-34   4.08722e-22  -1.12763e-35   4.38557e-23   -1.1835e-36   4.50134e-24  -1.18767e-37   4.41546e-25  -1.13847e-38   4.13503e-26   -1.0413e-39   3.69273e-27  -9.07653e-41   3.14066e-28  -7.52948e-42   2.54023e-29  -5.93538e-43   1.95077e-30  -4.43849e-44   1.41985e-31  -3.14271e-45   9.77497e-33  -2.10251e-46   6.35117e-34   -1.3259e-47   3.88482e-35  -7.86079e-49    2.2307e-36  -4.36823e-50   1.19862e-37  -2.26753e-51   6.00505e-39  -1.09528e-52   2.79347e-40  -4.90104e-54   1.20084e-41  -2.02118e-55   4.74376e-43  -7.63578e-57   1.71085e-44  -2.62383e-58   5.58933e-46  -8.13071e-60   1.63857e-47  -2.24846e-61   4.26054e-49  -5.47694e-63   9.68199e-51  -1.15564e-64   1.88644e-52  -2.06589e-66   3.07067e-54  -3.03408e-68    4.0236e-56  -3.49755e-70   4.00702e-58  -2.93669e-72   2.74051e-60  -1.55208e-74   1.02177e-62  -3.33327e-77
 -2.05674e-16    0.00751432  -1.06628e-15     0.0171207  -1.55892e-15     0.0183508  -1.37026e-15     0.0136305  -8.98802e-16    0.00803458  -4.84689e-16    0.00401252  -2.26084e-16    0.00176209   -9.3958e-17   0.000696576  -3.54582e-17   0.000251829  -1.23125e-17   8.42002e-05  -3.97169e-18   2.62529e-05  -1.19872e-18   7.68101e-06  -3.40375e-19   2.11907e-06  -9.13197e-20   5.53372e-07  -2.32284e-20   1.37203e-07  -5.61706e-21    3.2378e-08  -1.29419e-21   7.28693e-09  -2.84621e-22   1.56658e-09  -5.98341e-23   3.22139e-10  -1.20381e-23   6.34278e-11  -2.32011e-24   1.19682e-11  -4.28672e-25   2.16562e-12  -7.59736e-26   3.75971e-13  -1.29213e-26   6.26477e-14  -2.10953e-27   1.00216e-14  -3.30657e-28   1.53921e-15  -4.97633e-29   2.26984e-16  -7.19055e-30   3.21359e-17  -9.97414e-31   4.36716e-18  -1.32785e-31   5.69507e-19  -1.69604e-32   7.12409e-20  -2.07757e-33   8.54447e-21  -2.43941e-34   9.82027e-22  -2.74384e-35   1.08083e-22  -2.95442e-36   1.13831e-23  -3.04278e-37   1.14619e-24  -2.99474e-38   1.10237e-25  -2.81376e-39   1.01156e-26  -2.52089e-40   8.84547e-28   -2.1508e-41   7.36081e-29  -1.74501e-42   5.82028e-30  -1.34417e-43   4.36558e-31  -9.81271e-45   3.10026e-32  -6.77544e-46   2.08017e-33    -4.415e-47   1.31557e-34  -2.70821e-48   7.82156e-36  -1.55943e-49   4.35849e-37  -8.40231e-51   2.26865e-38  -4.22093e-52   1.09877e-39  -1.96875e-53   4.92965e-41  -8.48537e-55   2.03827e-42   -3.3607e-56   7.72012e-44  -1.21513e-57   2.65952e-45  -3.97979e-59   8.26183e-47   -1.1696e-60   2.29033e-48  -3.04856e-62   5.59243e-50  -6.94445e-64   1.18282e-51  -1.35627e-65   2.11947e-53  -2.21284e-67      3.12e-55  -2.90624e-69   3.60484e-57  -2.90086e-71   3.03362e-59  -1.98843e-73   1.60689e-61  -7.43015e-76   3.45859e-64
   0.00166423  -4.11501e-16    0.00864635  -9.25677e-16     0.0123663  -1.00775e-15     0.0108113  -7.56595e-16    0.00712412  -4.49437e-16    0.00387153  -2.26084e-16    0.00182043  -1.00017e-16   0.000762422  -3.98282e-17   0.000289869   -1.4502e-17   0.000101375  -4.88245e-18   3.29262e-05  -1.53249e-18   1.00035e-05  -4.51267e-19   2.85859e-06  -1.25272e-19   7.71644e-07  -3.29096e-20   1.97439e-07  -8.20681e-21   4.80171e-08  -1.94752e-21   1.11243e-08  -4.40675e-22   2.45952e-09  -9.52339e-23   5.19717e-10  -1.96824e-23   1.05085e-10  -3.89441e-24   2.03513e-11  -7.38341e-25   3.77788e-12  -1.34219e-25   6.72613e-13  -2.34065e-26   1.14904e-13  -3.91727e-27   1.88403e-14  -6.29305e-28   2.96554e-15   -9.7056e-29    4.4814e-16  -1.43706e-29   6.50129e-17  -2.04258e-30   9.05326e-18   -2.7865e-31   1.20984e-18  -3.64746e-32   1.55107e-19  -4.57947e-33    1.9069e-20  -5.51227e-34   2.24699e-21  -6.35761e-35   2.53621e-22  -7.02137e-36   2.74016e-23  -7.41971e-37   2.83154e-24  -7.49577e-38   2.79595e-25  -7.23249e-39   2.63541e-26  -6.65778e-40   2.36853e-27  -5.83997e-41   2.02704e-28  -4.87462e-42   1.64959e-29  -3.86599e-43   1.27444e-30  -2.90828e-44   9.33088e-32  -2.07133e-45   6.46125e-33  -1.39374e-46   4.22215e-34  -8.83917e-48   2.59709e-35  -5.26968e-49   1.49953e-36  -2.94442e-50   8.10124e-38  -1.53669e-51   4.08043e-39  -7.46208e-53   1.90817e-40  -3.35652e-54   8.24532e-42  -1.39135e-55   3.27386e-43  -5.28306e-57   1.18667e-44  -1.82446e-58   3.89609e-46  -5.68147e-60   1.14777e-47  -1.57878e-61   2.99876e-49   -3.8641e-63   6.84703e-51  -8.19177e-65   1.34034e-52  -1.47123e-66   2.19183e-54  -2.17066e-68   2.88513e-56  -2.51359e-70   2.88619e-58  -2.11996e-72   1.98272e-60  -1.12538e-74   7.42483e-63  -2.42741e-77
 -9.68281e-17     0.0032737  -4.52732e-16    0.00718589  -6.55489e-16     0.0077283  -5.80416e-16    0.00581008  -3.85744e-16    0.00347511  -2.11163e-16    0.00176209  -1.00017e-16   0.000785617  -4.21955e-17   0.000315187  -1.61578e-17   0.000115589  -5.69015e-18   3.91845e-05  -1.86055e-18   1.23807e-05  -5.68917e-19   3.66893e-06  -1.63585e-19   1.02474e-06  -4.44226e-20   2.70793e-07   -1.1432e-20   6.79128e-08  -2.79575e-21   1.62046e-08  -6.51188e-22   3.68612e-09  -1.44723e-22   8.00688e-10  -3.07352e-23   1.66303e-10  -6.24487e-24   3.30633e-11  -1.21513e-24   6.29771e-12  -2.26604e-25   1.15001e-12  -4.05244e-26   2.01433e-13  -6.95287e-27   3.38558e-14  -1.14484e-27   5.46153e-15  -1.80943e-28   8.45733e-16  -2.74527e-29   1.25718e-16  -3.99818e-30    1.7938e-17  -5.58878e-31   2.45632e-18  -7.49639e-32   3.22709e-19  -9.64556e-33   4.06623e-20  -1.19005e-33   4.91167e-21  -1.40715e-34   5.68436e-22  -1.59367e-35   6.29893e-23  -1.72755e-36   6.67819e-24  -1.79097e-37    6.7684e-25  -1.77411e-38   6.55132e-26  -1.67747e-39   6.04942e-27  -1.51223e-40   5.32247e-28   -1.2981e-41   4.45591e-29   -1.0595e-42   3.54427e-30  -8.20925e-44   2.67393e-31  -6.02756e-45    1.9098e-32  -4.18552e-46   1.28862e-33  -2.74259e-47   8.19478e-35  -1.69156e-48   4.89863e-36  -9.79286e-50   2.74433e-37  -5.30448e-51   1.43598e-38  -2.67864e-52   6.99087e-40  -1.25582e-53   3.15248e-41  -5.44002e-55   1.31001e-42  -2.16531e-56   4.98635e-44  -7.86759e-58   1.72614e-45  -2.58927e-59   5.38804e-47  -7.64579e-61   1.50074e-48  -2.00225e-62   3.68157e-50  -4.58217e-64   7.82255e-52  -8.99004e-66   1.40807e-53   -1.4734e-67   2.08207e-55  -1.94372e-69   2.41626e-57  -1.94865e-71   2.04226e-59  -1.34152e-73   1.08644e-61  -5.03433e-76   2.34835e-64
  0.000747694  -1.68921e-16    0.00345687   -3.6862e-16    0.00491037  -4.02092e-16    0.00433372  -3.05281e-16    0.00289532  -1.83971e-16    0.00159716   -9.3958e-17   0.000762422  -4.21955e-17   0.000324073  -1.70503e-17   0.000124991  -6.29648e-18   4.43212e-05  -2.14884e-18   1.45881e-05  -6.83338e-19   4.48916e-06  -2.03762e-19    1.2987e-06  -5.72516e-20   3.54746e-07  -1.52163e-20     9.181e-08  -3.83732e-21   2.25753e-08  -9.20523e-22   5.28597e-09  -2.10479e-22   1.18076e-09  -4.59484e-23   2.51997e-10  -9.58969e-24    5.1446e-11  -1.91552e-24   1.00567e-11  -3.66517e-25   1.88384e-12  -6.72246e-26   3.38362e-13  -1.18254e-26   5.82995e-14  -1.99585e-27   9.63899e-15  -3.23275e-28   1.52956e-15  -5.02581e-29   2.32972e-16  -7.49968e-30   3.40591e-17  -1.07411e-30   4.77859e-18  -1.47622e-31   6.43291e-19   -1.9464e-32   8.30654e-20  -2.46112e-33   1.02839e-20  -2.98301e-34   1.22013e-21  -3.46385e-35   1.38643e-22  -3.85094e-36   1.50778e-23  -4.09593e-37   1.56811e-24  -4.16432e-38   1.55818e-25  -4.04318e-39   1.47781e-26  -3.74472e-40   1.33622e-27   -3.3045e-41   1.15038e-28  -2.77454e-42   9.41645e-30   -2.2132e-43   7.31676e-31  -1.67441e-44   5.38721e-32  -1.19921e-45   3.75109e-33  -8.11349e-47   2.46453e-34   -5.1734e-48   1.52408e-35  -3.10063e-49   8.84619e-37  -1.74152e-50   4.80395e-38  -9.13569e-52   2.43199e-39  -4.45869e-53     1.143e-40  -2.01556e-54   4.96341e-42  -8.39592e-56   1.98035e-43  -3.20339e-57   7.21258e-45  -1.11153e-58   2.37923e-46  -3.47762e-60   7.04174e-48   -9.7084e-62   1.84824e-49  -2.38699e-63   4.23918e-51   -5.0831e-65   8.33546e-53  -9.16971e-67   1.36909e-54  -1.35882e-68   1.80999e-56  -1.58029e-70   1.81843e-58   -1.3385e-72   1.25449e-60  -7.13533e-75   4.71744e-63  -1.54547e-77
 -3.98916e-17    0.00127052  -1.72433e-16     0.0027107  -2.47958e-16    0.00292972   -2.2138e-16    0.00223008  -1.49099e-16    0.00135336  -8.28392e-17   0.000696576  -3.98282e-17   0.000315187  -1.70503e-17    0.00012828  -6.62189e-18   4.77004e-05  -2.36389e-18    1.6387e-05  -7.83097e-19   5.24431e-06  -2.42478e-19   1.57333e-06  -7.05675e-20   4.44659e-07  -1.93866e-20   1.18849e-07  -5.04512e-21    3.0135e-08  -1.24717e-21   7.26689e-09  -2.93527e-22      1.67e-09  -6.58932e-23   3.66353e-10  -1.41305e-23   7.68221e-11  -2.89822e-24   1.54154e-11  -5.69104e-25   2.96272e-12  -1.07073e-25   5.45754e-13  -1.93135e-26   9.64061e-14  -3.34146e-27   1.63374e-14  -5.54684e-28   2.65673e-15  -8.83645e-29   4.14627e-16  -1.35104e-29   6.21051e-17  -1.98249e-30   8.92746e-18  -2.79158e-31   1.23136e-18  -3.77133e-32   1.62923e-19  -4.88661e-33   2.06712e-20  -6.07034e-34   2.51385e-21  -7.22593e-35   2.92862e-22  -8.23743e-36   3.26633e-23  -8.98681e-37   3.48501e-24  -9.37538e-38   3.55409e-25  -9.34436e-39    3.4611e-26   -8.8888e-40   3.21508e-27  -8.06069e-41   2.84534e-28  -6.95954e-42   2.39581e-29  -5.71277e-43   1.91643e-30  -4.45121e-44   1.45386e-31  -3.28625e-45   1.04406e-32  -2.29431e-46   7.08247e-34  -1.51136e-47   4.52775e-35  -9.37044e-49   2.72061e-36  -5.45268e-50   1.53192e-37  -2.96849e-51    8.0561e-39  -1.50649e-52   3.94138e-40  -7.09743e-54   1.78598e-41  -3.08935e-55   7.45722e-43  -1.23551e-56   2.85187e-44  -4.51023e-58   9.91828e-46   -1.4912e-59   3.11013e-47  -4.42336e-61   8.70186e-49  -1.16357e-62   2.14422e-50  -2.67463e-64   4.57603e-52  -5.27042e-66   8.27265e-54  -8.67502e-68   1.22848e-55  -1.14928e-69   1.43168e-57  -1.15702e-71   1.21512e-59  -7.99837e-74   6.49079e-62  -3.01381e-76   1.40869e-64
  0.000293391  -6.23671e-17    0.00125008  -1.33056e-16    0.00176982  -1.45688e-16      0.001578  -1.11907e-16    0.00106888  -6.84071e-17   0.000598373  -3.54582e-17   0.000289869  -1.61578e-17   0.000124991  -6.62189e-18   4.88796e-05  -2.47887e-18   1.75649e-05  -8.57101e-19   5.85586e-06     -2.76e-19   1.82427e-06  -8.32963e-20   5.34021e-07  -2.36764e-20   1.47535e-07  -6.36315e-21   3.86021e-08    -1.622e-21   9.59237e-09  -3.93141e-22   2.26898e-09  -9.07944e-23   5.11836e-10   -2.0013e-23   1.10277e-10  -4.21603e-24   2.27213e-11  -8.49797e-25   4.48132e-12  -1.64034e-25   8.46738e-13  -3.03436e-26   1.53367e-13  -5.38209e-27   2.66415e-14  -9.15707e-28    4.4399e-15  -1.49486e-28   7.10008e-16  -2.34178e-29   1.08961e-16  -3.52056e-30   1.60468e-17  -5.07888e-31   2.26759e-18   -7.0298e-32   3.07404e-19  -9.33306e-33   3.99657e-20  -1.18811e-33   4.98111e-21  -1.44959e-34   5.94851e-22  -1.69417e-35   6.80264e-23  -1.89544e-36   7.44447e-24  -2.02854e-37   7.78991e-25  -2.07496e-38   7.78721e-26  -2.02662e-39   7.42914e-27  -1.88799e-40   6.75628e-28   -1.6756e-41   5.84968e-29   -1.4148e-42   4.81495e-30  -1.13479e-43    3.7618e-31  -8.63193e-45   2.78465e-32  -6.21514e-46   1.94919e-33  -4.22702e-47    1.2873e-34  -2.70916e-48   8.00143e-36  -1.63193e-49    4.6676e-37  -9.21174e-51   2.54729e-38  -4.85601e-52   1.29584e-39  -2.38143e-53   6.11945e-41  -1.08165e-54   2.66986e-42  -4.52676e-56    1.0702e-43  -1.73511e-57   3.91559e-45  -6.04796e-59   1.29748e-46  -1.90069e-60   3.85718e-48  -5.32955e-62   1.01683e-49  -1.31608e-63   2.34232e-51  -2.81463e-65   4.62534e-53    -5.099e-67   7.62906e-55   -7.5876e-69   1.01278e-56  -8.86069e-71   1.02167e-58  -7.53554e-73   7.07682e-61  -4.03324e-75   2.67184e-63  -8.77047e-78
 -1.46342e-17   0.000446545  -5.98275e-17   0.000934094   -8.5748e-17    0.00101611  -7.72628e-17   0.000783289  -5.27362e-17     0.0004822  -2.97286e-17   0.000251829   -1.4502e-17   0.000115589  -6.29648e-18   4.77004e-05  -2.47887e-18    1.7975e-05  -8.96541e-19   6.25465e-06  -3.00747e-19   2.02638e-06  -9.42501e-20   6.15133e-07  -2.77479e-20    1.7583e-07  -7.70812e-21   4.75102e-08  -2.02749e-21   1.21735e-08  -5.06387e-22   2.96542e-09   -1.2037e-22   6.88166e-10  -2.72822e-23   1.52396e-10  -5.90509e-24   3.22495e-11  -1.22209e-24   6.52879e-12  -2.42071e-25   1.26559e-12  -4.59302e-26   2.35078e-13    -8.353e-27   4.18631e-14  -1.45673e-27    7.1503e-15  -2.43702e-28   1.17168e-15  -3.91173e-29   1.84228e-16  -6.02497e-30   2.77959e-17  -8.90454e-31     4.024e-18  -1.26267e-31   5.58878e-19  -1.71752e-32    7.4447e-20  -2.24033e-33   9.50815e-21  -2.80125e-34   1.16378e-21  -3.35585e-35   1.36438e-22  -3.84957e-36   1.53114e-23  -4.22553e-37   1.64357e-24  -4.43471e-38   1.68611e-25  -4.44605e-39   1.65156e-26   -4.2537e-40   1.54293e-27  -3.87924e-41   1.37315e-28  -3.36791e-42   1.16257e-29  -2.77963e-43   9.34971e-31  -2.17739e-44   7.13059e-32  -1.61599e-45   5.14736e-33  -1.13404e-46   3.50966e-34  -7.50833e-48   2.25499e-35  -4.67843e-49   1.36168e-36  -2.73576e-50   7.70472e-38  -1.49657e-51    4.0712e-39  -7.63115e-53    2.0012e-40  -3.61206e-54   9.11035e-42   -1.5795e-55   3.82136e-43  -6.34555e-57     1.468e-44  -2.32681e-58   5.12813e-46  -7.72698e-60    1.6151e-47  -2.30204e-61   4.53843e-49  -6.08151e-63   1.12308e-50  -1.40383e-64   2.40685e-52  -2.77784e-66    4.3692e-54  -4.59111e-68   6.51476e-56  -6.10707e-70   7.62302e-58   -6.1729e-72   6.49573e-60  -4.28415e-74   3.48346e-62   -1.6206e-76    7.5895e-65
  0.000103011  -2.10095e-17   0.000414663  -4.41321e-17   0.000586995  -4.85863e-17    0.00052904    -3.777e-17   0.000363289  -2.34147e-17    0.00020631  -1.23125e-17   0.000101375  -5.69015e-18   4.43212e-05  -2.36389e-18   1.75649e-05  -8.96541e-19   6.39321e-06  -3.13899e-19    2.1577e-06  -1.02302e-19   6.80142e-07  -3.12327e-20   2.01361e-07  -8.97655e-21   5.62375e-08  -2.43832e-21   1.48689e-08  -6.27946e-22   3.73221e-09  -1.53714e-22   8.91431e-10  -3.58401e-23   2.02984e-10  -7.97311e-24   4.41323e-11  -1.69471e-24   9.17313e-12  -3.44556e-25   1.82468e-12  -6.70685e-26   3.47627e-13  -1.25079e-26   6.34715e-14  -2.23615e-27   1.11119e-14  -3.83392e-28   1.86593e-15  -6.30572e-29   3.00601e-16  -9.95049e-30   4.64643e-17  -1.50658e-30   6.89098e-18  -2.18855e-31   9.80458e-19  -3.04976e-32   1.33805e-19   -4.0758e-33     1.751e-20  -5.22212e-34   2.19631e-21  -6.41174e-35   2.63928e-22  -7.53991e-36   3.03672e-23  -8.48676e-37   3.34316e-24   -9.1366e-38   3.51883e-25  -9.39999e-39   3.53785e-26  -9.23329e-40   3.39422e-27  -8.64977e-41   3.10388e-28  -7.71878e-42   2.70197e-29  -6.55243e-43   2.23589e-30   -5.2834e-44   1.75598e-31  -4.03973e-45   1.30654e-32   -2.9235e-46   9.19171e-34  -1.99828e-47   6.10064e-35  -1.28704e-48   3.81047e-36  -7.79039e-50   2.23351e-37  -4.41839e-51   1.22467e-38   -2.3401e-52   6.25907e-40   -1.1529e-53   2.96932e-41  -5.26032e-55   1.30134e-42  -2.21134e-56   5.23952e-44   -8.5135e-58   1.92541e-45   -2.9804e-59   6.40762e-47  -9.40663e-61   1.91299e-48  -2.64878e-62    5.0642e-50  -6.56815e-64   1.17139e-51  -1.41048e-65   2.32258e-53  -2.56559e-67   3.84631e-55  -3.83304e-69    5.1264e-57  -4.49386e-71   5.19172e-59  -3.83669e-73    3.6101e-61  -2.06142e-75    1.3682e-63  -4.49971e-78
 -4.87057e-18   0.000144059  -1.91405e-17   0.000297528  -2.74245e-17   0.000326159  -2.49565e-17   0.000254638   -1.7262e-17   0.000158967  -9.86953e-18   8.42002e-05  -4.88245e-18   3.91845e-05  -2.14884e-18    1.6387e-05  -8.57101e-19   6.25465e-06  -3.13899e-19   2.20324e-06  -1.06571e-19   7.22247e-07  -3.37846e-20   2.21735e-07   -1.0057e-20   6.40709e-08  -2.82357e-21   1.74936e-08   -7.5032e-22   4.52756e-09  -1.89255e-22   1.11361e-09  -4.54159e-23    2.6085e-10  -1.03885e-23   5.82891e-11  -2.26856e-24   1.24431e-11  -4.73539e-25   2.54043e-12  -9.45823e-26   4.96508e-13  -1.80914e-26   9.29609e-14  -3.31604e-27    1.6683e-14  -5.82729e-28   2.87099e-15  -9.82118e-29   4.73908e-16  -1.58785e-29   7.50469e-17   -2.4629e-30   1.14018e-17  -3.66506e-31   1.66184e-18  -5.23197e-32   2.32337e-19  -7.16329e-33   3.11496e-20  -9.40362e-34   4.00351e-21  -1.18316e-34   4.93053e-22  -1.42608e-35   5.81541e-23  -1.64568e-36   6.56485e-24    -1.817e-37   7.08778e-25   -1.9179e-38   7.31258e-26  -1.93362e-39   7.20267e-27  -1.86018e-40    6.7657e-28  -1.70561e-41   6.05348e-29  -1.48865e-42   5.15213e-30  -1.23504e-43    4.1649e-31  -9.72407e-45    3.1925e-32  -7.25318e-46   2.31607e-33  -5.11518e-47   1.58692e-34  -3.40316e-48   1.02453e-35  -2.13064e-49   6.21595e-37  -1.25178e-50   3.53356e-38  -6.87943e-52   1.87572e-39  -3.52386e-53    9.2618e-41  -1.67544e-54   4.23515e-42   -7.3588e-56   1.78423e-43  -2.96922e-57   6.88385e-45  -1.09344e-58   2.41496e-46  -3.64648e-60   7.63783e-48   -1.0909e-61   2.15511e-49  -2.89377e-63   5.35479e-51  -6.70695e-65    1.1522e-52  -1.33245e-66   2.09992e-54  -2.21091e-68   3.14339e-56   -2.9524e-70   3.69237e-58   -2.9957e-72   3.15837e-60  -2.08699e-74   1.70013e-62   -7.9242e-77   3.71791e-65
  3.29519e-05  -6.53351e-18    0.00012751  -1.35879e-17   0.000180942  -1.50614e-17   0.000164907  -1.18513e-17   0.000114776  -7.44869e-18    6.6095e-05  -3.97169e-18   3.29262e-05  -1.86055e-18   1.45881e-05  -7.83097e-19   5.85586e-06  -3.00747e-19    2.1577e-06  -1.06571e-19   7.36828e-07  -3.51344e-20   2.34893e-07  -1.08455e-20   7.02978e-08  -3.15031e-21   1.98384e-08  -8.64491e-22   5.29786e-09  -2.24829e-22   1.34267e-09  -5.55586e-23   3.23687e-10  -1.30729e-23   7.43697e-11    -2.934e-24   1.63102e-11  -6.28976e-25   3.41874e-12   -1.2894e-25   6.85598e-13  -2.53005e-26   1.31652e-13  -4.75526e-27   2.42227e-14   -8.5659e-28   4.27238e-15  -1.47948e-28   7.22643e-16  -2.45079e-29   1.17242e-16  -3.89441e-30   1.82474e-17  -5.93663e-31   2.72443e-18  -8.68121e-32    3.9018e-19  -1.21758e-32   5.35902e-20  -1.63753e-33   7.05681e-21  -2.11107e-34   8.90568e-22  -2.60767e-35   1.07659e-22  -3.08466e-36   1.24597e-23  -3.49217e-37   1.37958e-24  -3.78091e-38   1.46023e-25  -3.91155e-39   1.47621e-26  -3.86314e-40   1.42393e-27  -3.63836e-41   1.30903e-28   -3.2638e-42   1.14545e-29   -2.7849e-43   9.52702e-31   -2.2569e-44   7.51969e-32  -1.73421e-45   5.62259e-33  -1.26116e-46   3.97472e-34   -8.6617e-48   2.65063e-35  -5.60509e-49   1.66334e-36  -3.40849e-50   9.79454e-38  -1.94199e-51   5.39488e-39  -1.03316e-52   2.76952e-40  -5.11262e-54   1.31964e-41  -2.34289e-55   5.80849e-43  -9.89136e-57   2.34862e-44  -3.82422e-58   8.66692e-46  -1.34436e-59   2.89623e-47  -4.26048e-61   8.68197e-49  -1.20456e-62   2.30761e-50  -2.99888e-64   5.35891e-52  -6.46534e-66    1.0667e-53  -1.18059e-67   1.77334e-55   -1.7706e-69   2.37255e-57  -2.08373e-71   2.41183e-59  -1.78567e-73   1.68332e-61  -9.62973e-76   6.40312e-64  -2.10968e-78
  -1.4913e-18   4.31034e-05  -5.69883e-18    8.8367e-05  -8.18188e-18   9.77122e-05  -7.52342e-18   7.72572e-05  -5.27263e-18    4.8893e-05  -3.05625e-18   2.62529e-05  -1.53249e-18   1.23807e-05  -6.83338e-19   5.24431e-06     -2.76e-19   2.02638e-06  -1.02302e-19   7.22247e-07  -3.51344e-20   2.39443e-07  -1.12617e-20   7.43091e-08  -3.38805e-21   2.16957e-08  -9.60944e-22   5.98306e-09  -2.57866e-22   1.56343e-09   -6.5658e-23   3.88118e-10     -1.59e-23   9.17281e-11  -3.66904e-24    2.0675e-11  -8.08049e-25   4.45055e-12  -1.70064e-25   9.16023e-13  -3.42393e-26   1.80439e-13  -6.59998e-27   3.40418e-14  -1.21885e-27    6.1546e-15  -2.15756e-28   1.06679e-15   -3.6622e-29    1.7733e-16  -5.96194e-30   2.82737e-17  -9.31002e-31   4.32424e-18  -1.39455e-31    6.3437e-19  -2.00355e-32   8.92526e-20  -2.76036e-33   1.20404e-20  -3.64587e-34   1.55687e-21   -4.6147e-35   1.92873e-22  -5.59479e-36   2.28807e-23  -6.49338e-37    2.5976e-24   -7.2096e-38   2.82011e-25  -7.65185e-39    2.9254e-26   -7.7562e-40   2.89682e-27  -7.50106e-41   2.73533e-28  -6.91346e-42   2.45997e-29  -6.06479e-43   2.10425e-30   -5.0567e-44   1.70947e-31  -4.00095e-45   1.31673e-32  -2.99871e-46   9.59818e-34  -2.12482e-47    6.6074e-35  -1.42024e-48    4.2855e-36  -8.93261e-50    2.6119e-37  -5.27169e-51   1.49142e-38  -2.91005e-52    7.9518e-40  -1.49713e-53   3.94342e-41  -7.14883e-55   1.81091e-42   -3.1532e-56   7.66135e-44  -1.27761e-57   2.96812e-45  -4.72426e-59   1.04552e-46  -1.58188e-60   3.32001e-48  -4.75134e-62   9.40505e-50  -1.26534e-63   2.34603e-51  -2.94413e-65   5.06752e-53  -5.87146e-67   9.27093e-55  -9.77936e-69     1.393e-56   -1.3108e-70   1.64237e-58  -1.33494e-72      1.41e-60  -9.33393e-75   7.61745e-63  -3.55682e-77   1.67178e-65
