 3.42515e-36  1.49461e-52 -5.62767e-36 -1.26773e-51 -1.89891e-36  5.39555e-52  3.78796e-36  7.90637e-52 -2.97697e-38 -5.13074e-52  3.77042e-37 -7.92774e-52 -8.44737e-37 -2.50068e-51 -2.18922e-36  2.51892e-51  2.05938e-36  3.03788e-51  1.49336e-37 -3.95327e-52   -4.555e-37 -4.13303e-52  5.63087e-38 -2.40998e-52 -9.02038e-38  4.39971e-52  6.79363e-38  2.53863e-51  3.32991e-38  5.46618e-51 -1.26489e-38  2.62461e-51 -2.69325e-38 -1.69423e-50  1.29549e-38 -2.21891e-50  2.12479e-39  6.58406e-50 -5.87254e-40  4.04244e-49 -1.41414e-39  9.50151e-49   9.9186e-40  2.77502e-48 -3.52364e-40  4.91576e-48   9.4816e-41  9.58945e-48  2.88638e-42  1.60609e-47 -4.12146e-41  2.64935e-47  2.44157e-41  2.55739e-47 -8.13511e-42  3.54508e-47  1.18866e-42   4.6468e-47  4.71747e-43   3.9175e-47  3.07924e-43  2.84599e-47 -1.61842e-44  2.26405e-47 -1.15961e-43  1.92858e-47  8.09085e-44  1.11722e-47 -2.76486e-44  1.06763e-47  1.37155e-44  2.01764e-48 -5.29433e-45  3.01603e-48 -1.39702e-45  1.88213e-48  1.72732e-45  1.50696e-48 -2.43529e-46  5.09499e-49 -7.79764e-47 -2.43579e-49  8.10662e-47 -1.04112e-49 -3.64451e-47 -6.43112e-50  1.14143e-47 -5.54284e-51 -3.01162e-48 -9.18883e-51   4.2504e-49 -3.87388e-51  9.99377e-50 -2.39215e-51 -6.78655e-50  7.48935e-52   3.1469e-50 -3.09169e-55 -1.79201e-50  2.32612e-52  2.02446e-50 -2.59989e-52 -2.87377e-50  4.21288e-52  3.61718e-50 -5.27096e-52 -4.05312e-50  6.08022e-52  4.06518e-50 -6.23044e-52 -3.61485e-50  5.63894e-52  2.80945e-50 -4.42535e-52 -1.87298e-50  2.94481e-52  1.04404e-50 -1.61052e-52 -4.69023e-51  6.91299e-53  1.60368e-51 -2.16022e-53 -3.77176e-52  4.24482e-54   4.8442e-53 -3.38418e-55
 1.49461e-52  1.34049e-35  8.11032e-52 -1.31797e-35 -5.04443e-51 -5.52297e-36  4.40887e-51  6.28938e-36  3.80926e-51  4.12835e-36 -2.93144e-51  1.28359e-36 -5.60625e-51 -2.76396e-36 -7.93543e-51 -6.54831e-36  4.67454e-51  5.48009e-36  8.01527e-51  5.34447e-37  8.99302e-52 -1.01437e-36  6.88211e-53 -9.29103e-38  2.02122e-51 -8.13209e-38  9.44284e-51  1.29501e-37  3.22689e-50  5.43615e-38  7.02941e-50 -1.82442e-39  3.97537e-50 -7.86095e-38 -1.46749e-49  3.22736e-38 -2.02141e-49  7.53232e-39  7.68847e-49 -1.87081e-39   4.3729e-48 -3.30945e-39   9.7368e-48  2.37965e-39  2.72909e-47 -1.00801e-39  4.72091e-47  2.89199e-40  9.09812e-47  1.71046e-41  1.48517e-46 -1.11488e-40  2.36851e-46  6.22681e-41  2.29909e-46  -1.9714e-41  3.05678e-46  2.36493e-42  3.65098e-46  9.20126e-43  2.99578e-46  1.44614e-42  2.06721e-46 -5.12188e-44  1.43538e-46 -4.37621e-43  1.22068e-46  2.69028e-43  6.31853e-47 -8.28272e-44  5.95252e-47  4.41269e-44  6.41933e-48   -1.467e-44  1.43506e-47 -4.96039e-45  7.70883e-48  5.40327e-45  6.86643e-48 -5.47999e-46  2.36739e-48 -4.08481e-46 -1.07739e-48  3.19785e-46 -4.35765e-49 -1.29478e-46 -3.01357e-49  3.91048e-47  1.16996e-51 -9.84742e-48 -3.96261e-50  1.40379e-48  -1.4245e-50  3.82247e-49 -1.00436e-50 -3.16341e-49  4.90981e-51  2.14797e-49 -1.59967e-51 -2.13829e-49  3.53674e-51  2.87622e-49 -4.73692e-51 -3.79251e-49  6.59073e-51  4.49353e-49 -7.97818e-51 -4.77394e-49  8.71915e-51  4.52286e-49 -8.44299e-51 -3.77531e-49  7.14964e-51  2.73168e-49 -5.19088e-51 -1.67646e-49  3.14767e-51  8.46499e-50  -1.5356e-51 -3.36082e-50  5.68866e-52  9.73837e-51  -1.4455e-52 -1.77997e-51  1.99925e-53  1.32486e-52
-5.62767e-36  8.11032e-52  2.87234e-35  2.00243e-51  -2.1159e-35 -1.20581e-50 -1.32679e-35  1.54921e-50  7.22133e-36  1.00812e-50  1.39961e-35 -3.86782e-51  2.06778e-36 -1.27795e-50 -2.46865e-36  -1.9687e-50 -1.54288e-35  3.14462e-51  1.05088e-35  1.46948e-50  1.35818e-36  5.30223e-51 -1.74134e-36   5.6183e-51 -4.28383e-37  3.20508e-50  2.24707e-38  9.70849e-50  2.16421e-37  2.93627e-49  2.19993e-38  6.34048e-49  4.43416e-38  4.36874e-49 -1.56983e-37 -6.95742e-49  5.76353e-38 -9.73858e-49  1.64181e-38  6.97298e-48 -3.36588e-39  3.39205e-47 -5.03831e-39  7.11005e-47  3.96258e-39  1.88412e-46 -2.16654e-39   3.1305e-46   6.1753e-40  5.92948e-46  5.17749e-41  9.38823e-46 -2.10273e-40  1.44498e-45  1.06719e-40  1.39647e-45 -2.99903e-41    1.789e-45  4.37126e-42  1.96113e-45 -1.11298e-42  1.57138e-45   4.7801e-42   1.0311e-45 -2.63642e-43  6.23801e-46 -1.10622e-42  5.35906e-46  6.14824e-43  2.44391e-46 -1.61728e-43  2.29309e-46  9.13785e-44  4.11775e-48 -2.20267e-44  4.53793e-47  -1.2524e-44  1.91147e-47  1.16322e-44  2.04947e-47 -5.30613e-46   7.5208e-48 -1.37971e-45 -3.14049e-48  8.70094e-46  -1.2255e-48  -3.1411e-46 -9.87358e-49  9.15615e-47   1.0554e-49 -2.28761e-47 -1.17732e-49  3.32404e-48  -2.8853e-50  1.36479e-48 -3.36019e-50 -1.52207e-48  2.91522e-50   1.5797e-48 -2.44796e-50 -2.03627e-48  4.06571e-50   2.7457e-48 -5.58493e-50 -3.42279e-48   7.2287e-50  3.84696e-48 -8.34792e-50 -3.87362e-48  8.61232e-50  3.46059e-48  -7.8195e-50 -2.70455e-48  6.14631e-50  1.81474e-48  -4.0896e-50 -1.01905e-48  2.23324e-50   4.6159e-49 -9.56056e-51  -1.5927e-49  2.97701e-51   3.7833e-50 -5.82569e-52 -4.91155e-51  4.62404e-53
-1.26773e-51 -1.31797e-35  2.00243e-51   4.7346e-35  1.86538e-51 -2.98654e-35 -2.05946e-50 -2.70692e-35  3.37204e-50  5.10799e-36  1.93415e-50  2.86843e-35  5.40967e-51  1.41528e-36 -1.69967e-50   3.8597e-36 -4.00306e-50 -2.94904e-35  -5.4275e-51  1.67399e-35  2.28809e-50  2.60982e-36  1.68713e-50 -2.71722e-36  4.93222e-50 -7.82668e-37  2.71892e-49  1.65913e-37   7.4906e-49  3.85676e-37  2.16121e-48  -1.1067e-37  4.61559e-48  1.24326e-37  3.85174e-48 -2.53689e-37 -7.37676e-49  8.83004e-38 -8.04459e-49  2.44374e-38  5.36828e-47 -3.19145e-39    2.166e-46 -4.99471e-39   4.2537e-46  5.34057e-39   1.0519e-45 -4.06664e-39  1.65451e-45  1.05963e-39  3.06546e-45  1.05554e-40  4.69365e-45 -3.04215e-40  6.96093e-45  1.28993e-40  6.64442e-45  -2.7455e-41   8.2304e-45  1.27556e-41  8.31252e-45 -1.24669e-41  6.53043e-45  1.25971e-41  4.07515e-45 -1.02349e-42   2.1356e-45 -2.20835e-42  1.88316e-45  1.11675e-42  7.42252e-46 -2.18303e-43  7.04883e-46  1.28063e-43 -5.80306e-47  -4.7207e-45  1.08537e-46  -2.6351e-44  2.67992e-47  1.99796e-44  4.45691e-47  6.44125e-46  1.89688e-47 -3.61813e-45 -6.58129e-48  1.90833e-45 -2.62494e-48 -6.01591e-46 -2.60174e-48   1.6917e-46  5.94989e-49 -4.38437e-47 -2.90042e-49  5.45183e-48  6.36544e-51  6.33117e-48 -1.42897e-49 -8.89465e-48  2.00905e-49    1.167e-47 -2.56428e-49 -1.59504e-47  3.86334e-49  2.07554e-47 -5.16926e-49 -2.46147e-47  6.31958e-49  2.62895e-47 -6.90663e-49 -2.50621e-47  6.68936e-49  2.10683e-47 -5.65484e-49 -1.53657e-47   4.0932e-49  9.51289e-48 -2.47172e-49 -4.84909e-48  1.19971e-49   1.9448e-48  -4.4187e-50 -5.69594e-49  1.11582e-50  1.05291e-49 -1.53335e-51 -7.93089e-51
-1.89891e-36 -5.04443e-51  -2.1159e-35  1.86538e-51  7.35712e-35 -3.22198e-51 -4.25932e-35 -2.82763e-50 -4.58487e-35  5.00972e-50 -3.73523e-37  3.08868e-50  4.32388e-35  3.48416e-50 -1.16754e-36 -1.26895e-50  1.72121e-35 -6.84928e-50  -4.7006e-35   -2.199e-50  2.33652e-35  3.98223e-50  4.21022e-36  6.71405e-50 -4.05796e-36  3.69402e-49 -9.65442e-37  1.83078e-48  2.70607e-37  4.81586e-48  7.04938e-37  1.35916e-47 -3.62624e-37  2.87547e-47  2.20719e-37  2.83439e-47 -3.61242e-37  2.00607e-47  1.29194e-37  3.15957e-47  2.14958e-38  3.56075e-46  1.56085e-39  1.19746e-45 -8.88516e-40  2.19802e-45  6.30332e-39  5.02401e-45 -7.05047e-39  7.38845e-45  1.56983e-39  1.33334e-44  1.28943e-40   1.9714e-44 -3.09002e-40  2.81261e-44  7.42433e-41  2.63361e-44  4.31373e-42  3.16376e-44  4.24838e-41  2.94671e-44 -4.55098e-41  2.28163e-44   2.7698e-41  1.35288e-44 -2.71996e-42  6.06748e-45 -3.75925e-42  5.61492e-45  1.72178e-42  1.86122e-45 -1.50423e-43  1.83429e-45  8.31289e-44  -3.5779e-46  8.24559e-44  2.02758e-46 -5.00216e-44 -1.18457e-47  2.95092e-44   6.7533e-47  4.03436e-45  4.06246e-47 -8.01518e-45 -8.84706e-48   3.6329e-45 -4.38253e-48 -9.66359e-46 -5.86876e-48  2.59762e-46   2.2408e-48 -7.00214e-47 -7.51353e-49  -3.0593e-48  4.91205e-49  3.68491e-47 -9.30355e-49 -5.61082e-47  1.52615e-48  7.89638e-47 -2.20277e-48 -1.06637e-46  3.12652e-48  1.32978e-46  -4.0006e-48 -1.50313e-46  4.62033e-48  1.52513e-46 -4.75032e-48 -1.37407e-46  4.29478e-48  1.08375e-46 -3.35748e-48  -7.3432e-47  2.21985e-48  4.16584e-47 -1.20364e-48 -1.90693e-47  5.11359e-49  6.65067e-48  -1.5796e-49  -1.5971e-48  3.06602e-50  2.09664e-49 -2.41405e-51
 5.39555e-52 -5.52297e-36 -1.20581e-50 -2.98654e-35 -3.22198e-51  1.16383e-34  -1.4463e-50 -6.31314e-35 -3.64504e-50 -6.47446e-35  4.93444e-50  -6.6993e-36  4.46303e-50  5.05353e-35   8.7631e-50 -4.59702e-36   1.4132e-51  3.46538e-35 -1.02808e-49 -6.44364e-35 -4.57981e-50  2.91007e-35  1.16184e-49  6.24261e-36  3.67635e-49 -5.80705e-36   2.4352e-48 -9.19849e-37  1.06191e-47  2.79615e-37  2.68972e-47  1.21418e-36  7.53591e-47 -7.11759e-37   1.5831e-46  3.13204e-37   1.7872e-46 -4.81329e-37  2.29376e-46   1.9158e-37  3.47795e-46 -5.66496e-39  2.05151e-45  1.32037e-38  5.86834e-45  1.00237e-38   1.0067e-44  6.99388e-39  2.11454e-44 -1.15931e-38  2.87764e-44  2.16935e-39  5.03829e-44 -4.22531e-41  7.19261e-44 -6.17301e-41  9.85554e-44 -1.40874e-40  8.99608e-44   8.4399e-41  1.05115e-43  1.20403e-40   9.0117e-44 -1.16438e-40  6.92473e-44  5.20319e-41  3.89455e-44   -5.144e-42  1.46205e-44 -5.74861e-42  1.46666e-44   2.3903e-42   3.9234e-45  1.93269e-43   4.1765e-45 -1.62323e-43 -1.34667e-45  3.06484e-43  2.88781e-46 -9.06736e-44 -2.09044e-46  4.04686e-44  4.15811e-47  1.04473e-44  7.72563e-47 -1.57839e-44 -5.57075e-50  6.31149e-45 -5.31925e-48 -1.34426e-45 -1.20028e-47  3.24762e-46  7.15739e-48  -6.2696e-47 -2.95795e-48 -9.96075e-47  4.24826e-48  2.24024e-46 -6.95326e-48 -3.41786e-46  1.12512e-47  4.80479e-46 -1.62963e-47 -6.28009e-46  2.19289e-47  7.49474e-46 -2.66161e-47 -8.07358e-46  2.89436e-47  7.77037e-46 -2.78494e-47  -6.5979e-46  2.33697e-47   4.8619e-46 -1.67787e-47 -3.04137e-46  1.00436e-47  1.56621e-46 -4.83015e-48 -6.34384e-47  1.76214e-48  1.87566e-47 -4.40697e-49 -3.49926e-48  5.99821e-50  2.66051e-49
 3.78796e-36  4.40887e-51 -1.32679e-35 -2.05946e-50 -4.25932e-35  -1.4463e-50  1.81873e-34 -2.58246e-50 -9.47279e-35  -5.1792e-50 -7.67944e-35  2.05004e-50 -9.38736e-36  6.05282e-50  4.55224e-35  1.54356e-49 -7.00677e-36  1.87832e-50  5.11009e-35 -1.48316e-49 -7.78566e-35 -7.09977e-50  3.23406e-35  5.25125e-49  8.97321e-36  2.06863e-48 -7.84888e-36  1.41629e-47 -7.46161e-37  5.47483e-47  1.63526e-37  1.33615e-46  1.89763e-36  3.75968e-46 -1.10543e-36  7.85603e-46  3.93554e-37  9.85021e-46 -6.25724e-37  1.62928e-45  2.87381e-37   2.4082e-45 -6.69369e-38  1.03706e-44  3.12491e-38  2.58288e-44  3.04735e-38  4.14713e-44  7.98137e-39  7.98549e-44 -1.83807e-38  9.97151e-44  3.09143e-39  1.68754e-43 -7.62608e-40  2.32875e-43  7.01102e-40  3.05923e-43 -6.20444e-40  2.70557e-43   2.3074e-40  3.08465e-43  2.82525e-40  2.42218e-43 -2.39596e-40  1.86418e-43  8.47144e-41  9.91769e-44 -6.65073e-42  2.99517e-44 -8.24893e-42  3.42549e-44  3.26742e-42  6.91597e-45  9.66471e-43  8.50971e-45 -7.54592e-43 -3.96534e-45  7.45655e-43  2.73218e-46 -1.63694e-43 -7.87271e-46  5.74742e-44  -1.4916e-46   1.9876e-44  1.35606e-46 -2.85821e-44  4.37704e-47  1.03773e-44 -2.14034e-48 -1.61325e-45 -2.48991e-47  2.06087e-46  2.32949e-47  2.40157e-46 -1.75848e-47 -7.43169e-46  3.04066e-47  1.29969e-45 -4.90449e-47 -1.93602e-45  7.57269e-47  2.65137e-45 -1.05839e-46   -3.333e-45  1.34886e-46  3.80267e-45 -1.54515e-46 -3.89793e-45  1.57574e-46  3.54885e-45 -1.41182e-46 -2.82824e-45  1.09309e-46   1.9355e-45  -7.1537e-47 -1.10816e-45  3.83785e-47  5.11413e-46 -1.61275e-47 -1.79611e-46  4.92691e-48  4.33898e-47 -9.45784e-49 -5.72761e-48  7.36631e-50
 7.90637e-52  6.28938e-36  1.54921e-50 -2.70692e-35 -2.82763e-50 -6.31314e-35 -2.58246e-50  2.69714e-34  -2.5758e-50 -1.39571e-34 -8.15582e-50  -7.6483e-35 -3.35799e-50 -4.83576e-36  7.66573e-50  2.86047e-35  2.12869e-49 -7.22676e-36  2.12177e-50  6.21001e-35 -2.50785e-49 -8.43681e-35 -6.12577e-51  3.17507e-35  2.56285e-48  1.25832e-35  1.04599e-47 -9.88188e-36  7.35507e-47 -6.01994e-37  2.55583e-46 -9.27114e-38  6.00282e-46  2.67753e-36  1.71223e-45 -1.48484e-36   3.5597e-45  4.70918e-37  4.81912e-45 -8.07828e-37  9.12177e-45  4.19166e-37  1.31113e-44 -1.61257e-37  4.64981e-44  5.10528e-38  1.02982e-43  6.23094e-38  1.55132e-43  1.03947e-38  2.73853e-43 -2.84446e-38  3.11646e-43  4.90735e-39  5.07901e-43 -2.61876e-39  6.79131e-43  2.34512e-39  8.53717e-43 -1.46794e-39  7.26906e-43  4.55895e-40  8.11645e-43  5.64258e-40  5.78694e-43 -4.18857e-40  4.51694e-43  1.20596e-40  2.26463e-43 -3.72187e-42   5.1031e-44  -1.1546e-41  7.25924e-44  4.96126e-42  9.77934e-45   2.2325e-42  1.58132e-44 -1.82255e-42 -9.86974e-45  1.47335e-42    4.804e-47 -3.00756e-43  -2.0999e-45  9.40204e-44 -7.20017e-46  3.09863e-44  2.28878e-46 -4.85798e-44  1.65377e-46  1.64229e-44  1.71991e-47 -1.34309e-45 -6.60475e-47 -9.27962e-46  9.24298e-47  2.32389e-45 -1.14865e-46 -4.40069e-45  1.98094e-46   7.0427e-45 -3.12099e-46  -1.0158e-44  4.57889e-46  1.34324e-44 -6.09473e-46 -1.61949e-44  7.33604e-46  1.76317e-44 -7.89849e-46 -1.71505e-44  7.52127e-46  1.47104e-44 -6.24222e-46  -1.0939e-44  4.43029e-46  6.89531e-45 -2.62038e-46 -3.57116e-45  1.24478e-46  1.45149e-45 -4.48466e-47 -4.29719e-46  1.10753e-47  8.01583e-47 -1.48873e-48 -6.09376e-48
-2.97697e-38  3.80926e-51  7.22133e-36  3.37204e-50 -4.58487e-35 -3.64504e-50 -9.47279e-35  -2.5758e-50  3.73527e-34   -6.218e-51 -1.96258e-34 -1.26439e-49 -6.32018e-35 -9.69541e-50  7.30806e-36  8.69079e-50  5.61671e-36  2.30571e-49 -5.50783e-36 -2.61949e-50  6.56188e-35 -5.91507e-49 -8.29814e-35  9.36195e-49  2.69893e-35  1.17354e-47  1.68349e-35  4.65662e-47 -1.14551e-35  3.45719e-46  -5.8247e-37  1.09569e-45 -4.92575e-37   2.4715e-45  3.43051e-36  7.19411e-45 -1.80545e-36  1.48577e-44  5.62283e-37  2.11812e-44 -1.02837e-36   4.3313e-44  5.70927e-37   6.0303e-44 -2.71646e-37  1.86807e-43  6.43317e-38  3.74397e-43  1.05291e-37   5.3059e-43  1.61986e-38  8.60159e-43 -4.32753e-38  8.87355e-43  8.53917e-39  1.38703e-42 -6.38982e-39  1.80372e-42  5.30895e-39  2.16522e-42 -2.75628e-39  1.76267e-42  7.67124e-40  1.93628e-42   9.8452e-40  1.23642e-42 -6.39682e-40  9.95824e-43  1.51024e-40  4.68121e-43  8.32554e-42  6.65494e-44 -1.62849e-41  1.41222e-43  8.88068e-42  9.43044e-45  3.83996e-42  2.73518e-44 -3.42621e-42 -2.15374e-44  2.54565e-42 -3.44374e-46 -5.61035e-43 -4.59538e-45  1.77715e-43 -2.00004e-45  4.04319e-44  3.92181e-46 -7.79714e-44  4.09523e-46  2.44423e-44  1.17315e-46  1.76077e-45 -2.65096e-46 -7.50561e-45  4.55981e-46  1.38968e-44 -7.10179e-46 -2.34129e-44  1.17728e-45  3.56692e-44 -1.78465e-45 -4.96496e-44  2.48399e-45  6.31473e-44  -3.1306e-45 -7.28491e-44  3.54733e-45  7.54775e-44 -3.57521e-45 -6.93942e-44  3.16411e-45  5.57601e-44 -2.41849e-45 -3.83863e-44   1.5618e-45  2.20409e-44 -8.26428e-46 -1.01631e-44  3.42422e-46  3.55219e-45 -1.03122e-46  -8.5119e-46  1.95135e-47  1.11308e-46 -1.49844e-48
-5.13074e-52  4.12835e-36  1.00812e-50  5.10799e-36  5.00972e-50 -6.47446e-35  -5.1792e-50 -1.39571e-34   -6.218e-51  4.81184e-34  2.94073e-50 -2.57343e-34 -1.78574e-49 -4.20657e-35 -1.52307e-49  2.38073e-35  7.93136e-50 -1.53963e-35   1.7001e-49 -3.06425e-36 -1.25478e-49  6.22144e-35 -1.67695e-48 -7.47551e-35   7.7056e-48  1.90044e-35  4.92427e-47  2.09564e-35  1.83618e-46 -1.20561e-35  1.48915e-45 -6.70586e-37  4.36531e-45 -1.01364e-36  9.43085e-45  4.01822e-36  2.81096e-44 -2.04098e-36  5.74753e-44  6.72445e-37  8.44269e-44 -1.26242e-36  1.80565e-43  7.04711e-37  2.42589e-43 -3.64883e-37  6.78536e-43  6.13375e-38  1.24792e-42  1.56052e-37  1.66835e-42  2.84713e-38  2.49039e-42  -6.4765e-38  2.31986e-42  1.50937e-38  3.46148e-42 -1.29076e-38  4.40018e-42  1.00494e-38  5.03274e-42 -4.50558e-39  3.88608e-42  1.17787e-39  4.22393e-42  1.52861e-39  2.36508e-42 -8.67075e-40  2.01456e-42  1.67962e-40  8.81849e-43  3.31725e-41  4.28168e-44  -2.3723e-41  2.54838e-43  1.75449e-41  2.65507e-47  5.30254e-42   4.5194e-44 -5.52659e-42 -4.20587e-44  4.00189e-42 -3.58162e-46 -1.04314e-42 -8.68577e-45  3.55243e-43 -4.42174e-45  4.09767e-44  7.49791e-46 -1.16258e-43  6.90765e-46  2.94522e-44  6.76782e-46  1.99315e-44 -1.36432e-45 -4.19272e-44  2.44561e-45  7.25786e-44 -4.01824e-45 -1.15975e-43  6.35706e-45  1.69939e-43 -9.19228e-45 -2.27864e-43  1.21117e-44  2.78094e-43 -1.43967e-44  -3.0624e-43  1.53012e-44  3.00925e-43 -1.43729e-44 -2.60203e-43  1.17598e-44  1.94443e-43 -8.22319e-45 -1.22617e-43  4.78929e-45  6.31628e-44  -2.2391e-45 -2.53603e-44  7.93601e-46  7.36678e-45 -1.92753e-46 -1.34217e-45  2.54803e-47  9.97034e-47
 3.77042e-37 -2.93144e-51  1.39961e-35  1.93415e-50 -3.73523e-37  4.93444e-50 -7.67944e-35 -8.15582e-50 -1.96258e-34  2.94073e-50  5.76103e-34  6.65593e-50 -3.10593e-34 -2.28881e-49 -2.11789e-35 -1.97208e-49  3.93699e-35  5.85463e-50  -2.8132e-35  9.96854e-50 -1.12781e-36  3.29637e-49  5.41181e-35  -4.1914e-48 -6.22246e-35  4.62796e-47  9.67247e-36  1.90603e-46  2.38354e-35    6.485e-46 -1.12202e-35   5.9421e-45 -7.83083e-37  1.63315e-44 -1.58734e-36  3.36797e-44  4.31719e-36  1.02747e-43 -2.17067e-36  2.06981e-43  7.74263e-37  3.07461e-43 -1.45525e-36  6.74271e-43  7.65493e-37    8.713e-43 -3.95425e-37  2.24548e-42  3.34164e-38  3.83171e-42  2.07938e-37   4.8446e-42  5.13569e-38  6.67954e-42 -9.48289e-38  5.60446e-42  2.55299e-38   7.9355e-42 -2.28545e-38  9.92673e-42  1.69849e-38   1.0792e-41 -6.68977e-39  7.82837e-42  1.73369e-39   8.4831e-42  2.13825e-39  4.02934e-42 -1.05395e-39  3.76556e-42  1.71121e-40  1.52041e-42  7.04822e-41 -9.21771e-44 -3.62626e-41   4.3095e-43  3.47539e-41 -2.65195e-44   5.7294e-42  7.37257e-44 -7.99445e-42  -7.4411e-44  5.87836e-42  1.58655e-45 -1.89259e-42 -1.44723e-44  6.96571e-43 -8.56587e-45  1.48604e-44  1.86136e-45 -1.48326e-43  6.62893e-47  3.96328e-47   3.7891e-45   1.1448e-43 -7.27983e-45 -2.12011e-43  1.27895e-44  3.53476e-43 -2.06898e-44 -5.44041e-43  3.11425e-44  7.68994e-43 -4.27387e-44 -9.92554e-43  5.31571e-44  1.16085e-42 -5.93713e-44  -1.2177e-42  5.89422e-44  1.13071e-42 -5.13429e-44 -9.13928e-43  3.85956e-44  6.29039e-43 -2.44925e-44 -3.58034e-43  1.27258e-44  1.61845e-43 -5.17355e-45 -5.47519e-44  1.52774e-45  1.25492e-44  -2.8334e-46 -1.56067e-45  2.13227e-47
-7.92774e-52  1.28359e-36 -3.86782e-51  2.86843e-35  3.08868e-50  -6.6993e-36  2.05004e-50  -7.6483e-35 -1.26439e-49 -2.57343e-34  6.65593e-50  6.41815e-34  8.32083e-50 -3.44071e-34 -2.84968e-49 -7.19256e-36 -2.43781e-49  4.89469e-35  2.88501e-49 -3.02941e-35  1.13672e-48 -2.88981e-37  6.33769e-48  4.40275e-35  -4.7713e-48 -4.84101e-35  2.37464e-46  1.03363e-36  6.92551e-46  2.43943e-35  2.08324e-45 -8.62646e-36   2.2171e-44 -8.77058e-37  5.78779e-44 -2.08634e-36  1.13513e-43  4.23502e-36  3.52871e-43 -2.16073e-36  6.96234e-43  8.00526e-37  1.02911e-42  -1.5312e-36   2.2852e-42  6.93242e-37  2.83241e-42 -3.11791e-37  6.81408e-42  -2.5429e-38  1.08841e-41  2.52226e-37  1.30426e-41  8.93672e-38  1.66626e-41 -1.34657e-37  1.25813e-41  4.02747e-38  1.67742e-41 -3.65927e-38   2.0824e-41  2.64712e-38  2.14656e-41 -9.28292e-39  1.44518e-41  2.54359e-39  1.57719e-41  2.71819e-39  6.01541e-42 -1.16085e-39   6.5415e-42  1.75691e-40   2.4035e-42  1.13595e-40  -4.6335e-43  -5.8358e-41   6.9056e-43  6.55022e-41 -7.74975e-44  3.84111e-42   1.2284e-43  -1.0645e-41 -1.20086e-43  8.22304e-42  8.60685e-45 -3.30016e-42 -2.11387e-44  1.30343e-42 -1.57975e-44 -9.34501e-44  6.51089e-45 -9.03865e-44 -6.90189e-45  -2.2368e-43  2.00525e-44  5.79529e-43 -3.68669e-44 -1.01963e-42  6.23071e-44  1.64861e-42 -9.68695e-44 -2.45782e-42  1.38333e-43  3.35958e-42 -1.79475e-43 -4.17903e-42   2.0999e-43  4.68537e-42 -2.19451e-43 -4.67592e-42  2.02491e-43  4.08727e-42 -1.62569e-43 -3.06413e-42  1.11416e-43  1.91619e-42 -6.35214e-44 -9.62979e-43  2.90346e-44  3.69187e-43 -1.00486e-44  -9.9856e-44  2.38059e-45  1.65582e-44 -3.06707e-46 -1.11239e-45
-8.44737e-37 -5.60625e-51  2.06778e-36  5.40967e-51  4.32388e-35  4.46303e-50 -9.38736e-36 -3.35799e-50 -6.32018e-35 -1.78574e-49 -3.10593e-34  8.32083e-50  6.68159e-34   3.9466e-50 -3.51601e-34 -4.01759e-49 -2.30091e-36 -1.60005e-49  4.96326e-35  2.87686e-48  -2.3462e-35  1.09267e-47 -3.15419e-37  4.68395e-47  3.41357e-35  3.30247e-47 -3.58405e-35  1.09435e-45 -5.41447e-36  2.42069e-45  2.19617e-35  6.23735e-45 -4.16009e-36  7.79517e-44 -1.04978e-36   1.9561e-43 -2.33047e-36  3.63535e-43  3.71151e-36  1.14222e-42 -1.95388e-36  2.19344e-42  6.53857e-37  3.18108e-42 -1.41455e-36  7.09498e-42  4.38471e-37  8.41571e-42  -6.3718e-38  1.90649e-41  -1.1856e-37  2.87097e-41  2.80576e-37  3.26635e-41  1.45939e-37  3.87845e-41 -1.83753e-37  2.63787e-41  5.89835e-38  3.27734e-41 -5.41355e-38  4.08029e-41  3.88329e-38  3.97835e-41 -1.23302e-38  2.44659e-41  3.79346e-39  2.72718e-41  3.16481e-39  7.54094e-42 -1.18252e-39   1.0618e-41  2.16715e-40  3.47916e-42  1.49867e-40 -1.25175e-42 -9.76309e-41   1.0617e-42  1.15548e-40 -1.52958e-43 -1.93491e-42  2.13241e-43 -1.32541e-41 -1.76977e-43  1.10965e-41  2.50772e-44 -5.50121e-42 -2.49133e-44  2.35721e-42 -3.21667e-44 -5.03425e-43  2.83403e-44  4.66205e-43   -4.685e-44 -1.41647e-42    9.829e-44  2.80741e-42  -1.7252e-43 -4.79361e-42  2.78398e-43  7.56188e-42 -4.12015e-43 -1.09846e-41   5.5637e-43  1.45908e-41 -6.79682e-43 -1.75569e-41  7.44833e-43  1.89067e-41 -7.24492e-43 -1.79357e-41  6.17373e-43  1.46824e-41 -4.53225e-43 -1.00944e-41  2.80341e-43  5.62097e-42 -1.41677e-43 -2.41196e-42  5.58973e-44  7.42503e-43 -1.59823e-44 -1.46593e-43  2.86384e-45  1.48514e-44 -2.07878e-46
-2.50068e-51 -2.76396e-36 -1.27795e-50  1.41528e-36  3.48416e-50  5.05353e-35  6.05282e-50 -4.83576e-36 -9.69541e-50 -4.20657e-35 -2.28881e-49 -3.44071e-34   3.9466e-50  6.55103e-34 -1.71127e-49 -3.35046e-34 -6.89948e-49 -4.42793e-36  1.47063e-48  4.14154e-35  1.99727e-47 -1.14613e-35  6.93602e-47 -2.79675e-37  2.61311e-46  2.56363e-35  3.26704e-46 -2.59536e-35  4.64025e-45 -9.06629e-36  8.36004e-45  1.65251e-35   1.8105e-44  2.05504e-36  2.59807e-43 -1.56431e-36  6.33239e-43 -2.11865e-36  1.11183e-42  2.71466e-36  3.49249e-42 -1.47522e-36  6.48684e-42  2.33644e-37  9.11617e-42 -1.05543e-36  2.03218e-41 -2.36037e-38  2.30248e-41  3.90926e-37  4.94052e-41 -2.47906e-37  7.05629e-41  2.88087e-37   7.6316e-41  2.21518e-37  8.44579e-41  -2.3912e-37   5.1912e-41  8.06491e-38  5.92555e-41 -7.53285e-38  7.49473e-41  5.44414e-38  6.89715e-41 -1.60006e-38  3.78956e-41  5.71354e-39  4.40345e-41   3.4135e-39  6.92266e-42 -1.17139e-39  1.61902e-41  3.46098e-40  4.58347e-42  1.64974e-40  -2.6731e-42 -1.65691e-40  1.58783e-42  1.90637e-40 -2.36217e-43 -1.33512e-41  3.83316e-43 -1.55147e-41 -2.35839e-43  1.45795e-41  5.27322e-44 -8.85856e-42 -1.01158e-44  4.39427e-42 -8.73479e-44 -2.22588e-42  1.29852e-43  3.53003e-42  -2.3716e-43 -7.39434e-42  4.42315e-43  1.36094e-41 -7.39095e-43 -2.28538e-41  1.13328e-42  3.54915e-41 -1.58757e-42 -5.06458e-41  2.01868e-42  6.57998e-41 -2.31042e-42 -7.69013e-41   2.3574e-42  7.95988e-41 -2.11892e-42 -7.15139e-41  1.65276e-42  5.43176e-41 -1.09708e-42  -3.3673e-41   6.0362e-43  1.62295e-41 -2.65162e-43 -5.66616e-42   8.7784e-44  1.28181e-42 -1.97923e-44 -1.53688e-43  2.41428e-45  5.87035e-45
-2.18922e-36 -7.93543e-51 -2.46865e-36 -1.69967e-50 -1.16754e-36   8.7631e-50  4.55224e-35  7.66573e-50  7.30806e-36 -1.52307e-49 -2.11789e-35 -2.84968e-49 -3.51601e-34 -1.71127e-49  6.12054e-34 -7.95521e-49 -3.02519e-34  -9.7341e-49 -9.74531e-36  1.32767e-47  2.66583e-35  1.10075e-46  1.45803e-36  3.52161e-46  1.10327e-36  1.24102e-45  1.87356e-35  1.91692e-45 -1.89885e-35  1.83465e-44 -1.01912e-35  2.90854e-44  8.83436e-36  5.36625e-44  9.65251e-36  8.24213e-43 -2.76696e-36  1.96752e-42 -1.28531e-36  3.25737e-42    1.244e-36   1.0103e-41 -6.52364e-37  1.80456e-41 -5.27946e-37  2.42953e-41 -4.50612e-37  5.39945e-41 -6.84993e-37  5.83466e-41   1.0801e-36  1.19041e-40 -4.15493e-37  1.62093e-40  2.76087e-37  1.66766e-40   3.1176e-37  1.72441e-40 -2.95073e-37  9.63792e-41  1.04163e-37  9.91284e-41 -1.00213e-37  1.29413e-40  7.37984e-38  1.12242e-40 -2.05698e-38   5.3322e-41  8.48528e-39   6.6638e-41  3.49102e-39  1.32433e-42 -1.24583e-39  2.33335e-41  6.20006e-40  5.41331e-42   1.5103e-40 -4.91916e-42 -2.78034e-40  2.34211e-42  2.95543e-40 -2.82928e-43  -3.2294e-41  6.94321e-43 -1.69894e-41 -2.70976e-43  1.89824e-41  7.17398e-44  -1.4488e-41  9.02058e-44   9.8469e-42 -3.15022e-43 -1.04511e-41  5.73147e-43  1.96668e-41 -1.04517e-42 -3.84319e-41   1.8175e-42  6.94048e-41 -2.88092e-42 -1.15971e-40  4.17695e-42    1.788e-40 -5.50758e-42 -2.52012e-40  6.55522e-42  3.20864e-40 -6.97814e-42 -3.63486e-40  6.57061e-42  3.59405e-40 -5.39708e-42 -3.02606e-40  3.79916e-42  2.09979e-40 -2.23872e-42 -1.14785e-40  1.06913e-42  4.62552e-41 -3.94585e-43 -1.23323e-41  1.04213e-43  1.76051e-42 -1.69829e-44 -6.95774e-44  1.10057e-45
 2.51892e-51 -6.54831e-36  -1.9687e-50   3.8597e-36 -1.26895e-50 -4.59702e-36  1.54356e-49  2.86047e-35  8.69079e-50  2.38073e-35 -1.97208e-49 -7.19256e-36 -4.01759e-49 -3.35046e-34 -7.95521e-49  5.53714e-34 -1.96013e-48 -2.64333e-34  1.58656e-48 -1.52647e-35  7.66119e-47  8.80281e-36  5.20618e-46  1.18714e-35   1.5389e-45  4.93155e-36  5.24953e-45  1.30398e-35  9.15041e-45 -1.42507e-35  6.81436e-44 -9.70603e-36  1.02211e-43  3.39414e-37  1.69048e-43  1.80553e-35  2.49454e-42 -4.91735e-36  5.86757e-42  2.34497e-37  9.15317e-42 -6.55139e-37  2.76809e-41  5.60267e-37  4.73124e-41 -1.63287e-36  6.03623e-41  3.50412e-37  1.33679e-40 -1.50631e-36  1.37602e-40  2.01345e-36  2.67556e-40 -6.24739e-37  3.48984e-40  2.54035e-37  3.41553e-40  4.06592e-37  3.30716e-40 -3.44011e-37  1.69731e-40  1.29243e-37  1.53164e-40 -1.29452e-37  2.10479e-40  9.75627e-38  1.72021e-40 -2.63066e-38  6.70312e-41  1.21041e-38  9.48656e-41  3.55043e-39 -1.32426e-41 -1.57321e-39  3.20435e-41  1.07777e-39  5.53058e-42  1.16515e-40 -8.05692e-42 -4.52654e-40  3.44528e-42   4.3327e-40 -2.09057e-43 -6.07369e-41  1.22238e-42  -1.7546e-41 -2.05251e-43  2.64012e-41 -3.75788e-44 -2.81965e-41   5.5212e-43  3.23569e-41  -1.2557e-42 -5.52305e-41  2.35053e-42  1.11198e-40 -4.13555e-42 -2.15673e-40  6.77199e-42  3.89304e-40 -1.01296e-41 -6.49517e-40  1.37953e-41  9.93066e-40 -1.69853e-41 -1.37532e-39  1.87405e-41  1.70088e-39 -1.83286e-41 -1.84555e-39  1.56763e-41  1.71823e-39  -1.1524e-41 -1.33328e-39   7.1171e-42  8.28779e-40 -3.57906e-42 -3.89614e-40  1.40087e-42  1.26305e-40 -3.97743e-43 -2.36492e-41  7.23334e-44  1.48791e-42 -6.37344e-45  7.68196e-44
 2.05938e-36  4.67454e-51 -1.54288e-35 -4.00306e-50  1.72121e-35   1.4132e-51 -7.00677e-36  2.12869e-49  5.61671e-36  7.93136e-50  3.93699e-35 -2.43781e-49 -2.30091e-36 -6.89948e-49 -3.02519e-34 -1.96013e-48  4.95178e-34 -8.57274e-49 -2.29278e-34  2.32719e-47 -1.98899e-35  3.60571e-46 -8.95433e-36  2.19454e-45  1.77479e-35  5.98168e-45  1.14907e-35  2.02337e-44  8.04825e-36   3.8415e-44 -1.05298e-35    2.387e-43 -8.88099e-36  3.57869e-43 -7.05262e-36  5.64476e-43  2.65525e-35  7.20832e-42 -8.00122e-36  1.67733e-41  2.35781e-36  2.46637e-41 -2.87385e-36  7.18952e-41  2.16425e-36  1.17123e-40 -2.99915e-36  1.40062e-40  1.25901e-36   3.0955e-40 -2.42873e-36  3.03225e-40  3.18171e-36  5.62477e-40 -8.81657e-37  7.06007e-40   2.4022e-37  6.56803e-40  4.90687e-37  5.96704e-40 -3.78157e-37  2.85212e-40  1.57443e-37  2.17713e-40 -1.64666e-37  3.22786e-40  1.26478e-37  2.49139e-40 -3.32854e-38  7.23199e-41  1.62487e-38  1.27587e-40  3.86687e-39 -4.15046e-41 -2.32547e-39   4.2418e-41  1.71712e-39  4.41598e-42  9.45953e-41 -1.18922e-41 -7.07569e-40  5.07758e-42   6.0451e-40  1.33418e-43 -9.96485e-41   1.9984e-42 -2.12539e-41   2.2672e-43  5.12858e-41 -7.86538e-43 -8.71108e-41  2.42114e-42  1.60362e-40 -4.85379e-42 -3.34268e-40  8.79124e-42  6.91809e-40 -1.46932e-41 -1.34393e-39  2.25929e-41  2.41663e-39  -3.1612e-41 -3.98559e-39  3.99863e-41  5.96458e-39 -4.53093e-41  -7.9955e-39  4.54613e-41  9.45053e-39 -3.97909e-41 -9.65819e-39  2.97819e-41   8.3215e-39 -1.85337e-41 -5.84336e-39   9.1889e-42  3.18717e-39 -3.36983e-42 -1.25393e-39  7.72221e-43  3.12044e-40 -4.47206e-44 -3.57143e-41 -2.65129e-44 -4.28926e-43  4.61372e-45
 3.03788e-51  5.48009e-36  3.14462e-51 -2.94904e-35 -6.84928e-50  3.46538e-35  1.87832e-50 -7.22676e-36  2.30571e-49 -1.53963e-35  5.85463e-50  4.89469e-35 -1.60005e-49 -4.42793e-36  -9.7341e-49 -2.64333e-34 -8.57274e-49   4.4839e-34   2.3555e-47 -2.02772e-34  1.32122e-46 -2.38478e-35  1.47479e-45 -2.44802e-35  8.42209e-45  1.85358e-35  2.10444e-44   1.9848e-35  7.20411e-44   3.4928e-36  1.46391e-43  -6.4926e-36  7.89996e-43 -9.03645e-36  1.22315e-42 -1.13792e-35  1.91995e-42  3.44104e-35  1.98797e-41 -1.16127e-35  4.58733e-41  4.84722e-36  6.36496e-41 -5.23124e-36  1.77132e-40  4.11259e-36  2.74254e-40 -4.46593e-36  3.03863e-40  2.17831e-36  6.72612e-40 -3.39498e-36  6.26509e-40  4.56147e-36  1.10852e-39 -1.19646e-36   1.3453e-39  2.61211e-37  1.18757e-39  5.45451e-37  1.01429e-39  -3.9183e-37  4.60195e-40  1.92835e-37  2.82638e-40 -2.08535e-37  4.66753e-40  1.61197e-37  3.42365e-40 -4.12008e-38  5.92554e-41  2.02251e-38  1.63035e-40  4.78149e-39 -8.80319e-41 -3.61534e-39  5.50264e-41  2.47362e-39  1.58177e-42    1.459e-40 -1.58155e-41 -1.05734e-39    7.454e-42  8.05086e-40  1.04692e-42 -1.39057e-40  2.76956e-42 -6.55334e-41  1.96337e-42  1.98682e-40 -4.03402e-42 -4.58618e-40  9.21012e-42  1.03241e-39 -1.71827e-41 -2.27225e-39   2.9419e-41  4.71329e-39 -4.60804e-41 -9.05937e-39  6.57354e-41  1.59816e-38 -8.45166e-41 -2.56242e-38  9.68815e-41  3.69152e-38 -9.75316e-41 -4.71279e-38  8.43673e-41  5.24123e-38 -6.05576e-41 -4.96807e-38  3.37457e-41  3.89942e-38  -1.2172e-41 -2.43497e-38   2.1589e-43  1.14013e-38  3.20682e-42 -3.63176e-39 -2.33479e-42  6.46804e-40  8.60801e-43 -3.13323e-41 -1.52173e-43  -3.1403e-42
 1.49336e-37  8.01527e-51  1.05088e-35  -5.4275e-51  -4.7006e-35 -1.02808e-49  5.11009e-35  2.12177e-50 -5.50783e-36   1.7001e-49  -2.8132e-35  2.88501e-49  4.96326e-35  1.47063e-48 -9.74531e-36  1.58656e-48 -2.29278e-34   2.3555e-47  4.20575e-34  1.75592e-46 -1.86911e-34  5.59142e-46 -2.74124e-35  5.39138e-45  -3.6916e-35  2.98456e-44  1.49511e-35  6.77022e-44   2.7946e-35  2.39144e-43 -5.98933e-37   5.1454e-43 -9.74902e-37  2.47214e-42 -1.12413e-35  4.00843e-42  -1.1082e-35  6.36981e-42  4.09859e-35  5.22705e-41  -1.4968e-35  1.19792e-40  7.35112e-36  1.57052e-40 -7.48308e-36  4.14197e-40  6.31463e-36  6.08513e-40 -5.82212e-36  6.16571e-40  3.04193e-36  1.37533e-39 -4.37473e-36  1.21736e-39  6.12591e-36  2.05176e-39 -1.58576e-36   2.4201e-39  3.50006e-37  2.02115e-39  5.52078e-37  1.62648e-39 -3.83509e-37  7.17604e-40  2.42062e-37  3.30873e-40 -2.64663e-37  6.35494e-40   2.0206e-37  4.48814e-40 -4.92804e-38  1.51306e-41  2.30401e-38  1.99607e-40  6.59967e-39 -1.55961e-40 -5.43186e-39  7.14601e-41  3.21342e-39 -3.26889e-42  3.51103e-40 -1.86369e-41 -1.50308e-39  1.06717e-41  1.00054e-39  3.32304e-42 -7.69115e-41   2.2274e-42  -4.5262e-40  8.07303e-42   1.2851e-39 -1.55548e-41 -3.20319e-39  3.08675e-41   7.5034e-39 -5.36256e-41 -1.64862e-38   8.5055e-41  3.35817e-38 -1.21897e-40 -6.28472e-38  1.56174e-40  1.07116e-37 -1.75524e-40 -1.64594e-37  1.67976e-40  2.25259e-37 -1.28981e-40 -2.70488e-37   6.7087e-41  2.79616e-37 -2.64179e-42 -2.42748e-37 -4.21907e-41  1.71122e-37  5.63289e-41 -9.33451e-38 -4.54361e-41  3.65655e-38  2.53618e-41  -9.0037e-39 -9.60249e-42  1.00693e-39  2.18139e-42  1.36581e-41 -1.94133e-43
-3.95327e-52  5.34447e-37  1.46948e-50  1.67399e-35   -2.199e-50 -6.44364e-35 -1.48316e-49  6.21001e-35 -2.61949e-50 -3.06425e-36  9.96854e-50 -3.02941e-35  2.87686e-48  4.14154e-35  1.32767e-47 -1.52647e-35  2.32719e-47 -2.02772e-34  1.75592e-46  4.14222e-34  8.81684e-46 -1.81563e-34  1.96203e-45 -2.98877e-35  1.79037e-44 -4.64568e-35  9.87142e-44  8.57888e-36  2.00444e-43  3.32281e-35  7.45244e-43 -4.05762e-36  1.68355e-42  6.83314e-36  7.31717e-42 -1.60467e-35  1.24463e-41 -5.37027e-36  2.00462e-41  4.58061e-35  1.30847e-40 -1.70603e-35  2.98198e-40  9.47491e-36  3.69833e-40 -9.34412e-36  9.19649e-40  8.64079e-36  1.28158e-39 -6.85028e-36  1.16933e-39  3.84692e-36  2.65329e-39 -5.38744e-36   2.2305e-39  7.85964e-36  3.57158e-39 -2.07459e-36  4.11929e-39  5.42889e-37  3.24018e-39  4.94771e-37  2.46421e-39    -3.57e-37  1.08795e-39  3.13629e-37  3.41309e-40 -3.37231e-37  8.11909e-40  2.48905e-37  5.65669e-40 -5.63678e-38 -7.43121e-41  2.36167e-38  2.37147e-40  9.46932e-39   -2.456e-40 -7.60027e-39  9.49726e-41  3.75048e-39 -1.01008e-41  7.76133e-40 -1.83566e-41 -1.96077e-39   1.4191e-41  9.01359e-40  9.25438e-42  9.57513e-40 -3.98452e-42 -3.65091e-39  2.69905e-41  9.84388e-39 -4.94554e-41 -2.44544e-38  8.78286e-41  5.65657e-38 -1.38175e-40 -1.21265e-37  1.93723e-40  2.39194e-37 -2.35493e-40 -4.30729e-37  2.35996e-40  7.01787e-37 -1.68916e-40 -1.02348e-36  2.73006e-41  1.31848e-36  1.61181e-40 -1.47556e-36 -3.36219e-40  1.40407e-36   4.3185e-40 -1.10384e-36   -4.157e-40  6.88859e-37  3.10745e-40 -3.21584e-37 -1.78397e-40  1.01872e-37  7.52428e-41 -1.80176e-38 -2.12187e-41  8.90758e-40  3.18817e-42  7.74218e-41
  -4.555e-37  8.99302e-52  1.35818e-36  2.28809e-50  2.33652e-35 -4.57981e-50 -7.78566e-35 -2.50785e-49  6.56188e-35 -1.25478e-49 -1.12781e-36  1.13672e-48  -2.3462e-35  1.99727e-47  2.66583e-35  7.66119e-47 -1.98899e-35  1.32122e-46 -1.86911e-34  8.81684e-46  4.27956e-34  3.68561e-45 -1.85617e-34  5.92633e-45 -2.93649e-35  5.46419e-44 -5.39163e-35  3.07507e-43  1.37009e-36  5.48292e-43  3.35487e-35  2.19217e-42   -6.784e-36  5.15827e-42  1.73032e-35  2.04914e-41  -2.3329e-35  3.63824e-41  5.64305e-36  5.90625e-41  4.85996e-35  3.11374e-40 -1.69098e-35  7.06785e-40  1.08532e-35  8.29757e-40 -1.05102e-35  1.93948e-39  1.09167e-35  2.56636e-39 -7.37057e-36  2.06823e-39  4.66721e-36  4.84115e-39 -6.51422e-36  3.86301e-39  9.77249e-36  5.85293e-39 -2.69642e-36  6.64899e-39  8.75102e-37  4.89456e-39  3.63206e-37  3.53423e-39 -3.21359e-37  1.61142e-39  4.16676e-37  2.96231e-40 -4.30565e-37  9.66977e-40  3.00993e-37  6.93294e-40 -6.11862e-38 -2.23011e-40  2.11043e-38  2.78402e-40  1.32821e-38 -3.53303e-40 -9.79857e-39   1.3104e-40  3.93248e-39 -1.85912e-41  1.26464e-39 -1.16742e-41 -1.64173e-39  1.55525e-41 -1.96746e-39  2.47109e-41  1.02556e-38 -2.61164e-41 -2.97809e-38  7.42114e-41  7.76882e-38 -1.23013e-40 -1.88209e-37  1.85764e-40  4.22559e-37 -2.33797e-40 -8.74365e-37  2.20526e-40  1.65613e-36 -7.78375e-41 -2.84851e-36 -2.55306e-40  4.40646e-36  7.87357e-40 -6.05892e-36 -1.42929e-39   7.2969e-36  1.99344e-39 -7.55337e-36 -2.26495e-39  6.55611e-36  2.12325e-39 -4.61304e-36 -1.63022e-39  2.50678e-36  1.00244e-39 -9.75837e-37 -4.73992e-40  2.38042e-37  1.60394e-40 -2.63173e-38  -3.3618e-41 -3.04836e-40  2.81861e-42
-4.13303e-52 -1.01437e-36  5.30223e-51  2.60982e-36  3.98223e-50  2.91007e-35 -7.09977e-50 -8.43681e-35 -5.91507e-49  6.22144e-35  3.29637e-49 -2.88981e-37  1.09267e-47 -1.14613e-35  1.10075e-46  8.80281e-36  3.60571e-46 -2.38478e-35  5.59142e-46 -1.81563e-34  3.68561e-45  4.57835e-34  1.37351e-44 -1.97824e-34    1.575e-44  -2.3285e-35  1.54913e-43 -6.02165e-35  9.09632e-43 -4.85179e-36  1.38857e-42  2.79846e-35  6.11483e-42 -8.88295e-36  1.48614e-41  3.04023e-35  5.43205e-41 -3.23109e-35  9.98547e-41  2.10584e-35  1.62222e-40  4.92972e-35  7.03343e-40 -1.38285e-35  1.59401e-39  1.11916e-35  1.77112e-39 -1.06629e-35  3.88575e-39  1.29018e-35  4.89454e-39 -7.26829e-36  3.39625e-39  5.63922e-36  8.37341e-39   -7.891e-36  6.33793e-39  1.19046e-35  9.03399e-39 -3.48926e-36  1.02006e-38  1.37578e-36  6.96592e-39  1.53694e-37  4.81184e-39 -2.89775e-37  2.33861e-39  5.59661e-37  1.93059e-40 -5.48662e-37  1.06039e-39  3.57078e-37  8.39228e-40 -6.27095e-38 -4.42347e-40  1.51833e-38  3.30067e-40  1.76672e-38 -4.70984e-40 -1.17463e-38  1.87634e-40  4.17064e-39 -2.85974e-41 -2.36935e-40  6.79382e-42  6.28814e-39  9.07885e-42 -2.84784e-38   5.8457e-41  8.76172e-38  -7.1252e-41 -2.38888e-37  1.37868e-40  6.03387e-37  -1.6107e-40 -1.41379e-36  9.43384e-41  3.05878e-36  2.01429e-40 -6.07416e-36 -9.05774e-40  1.09921e-35  2.18374e-39 -1.79714e-35  -4.0581e-39  2.62666e-35  6.27568e-39  -3.3873e-35 -8.27081e-39  3.79064e-35  9.33488e-39 -3.60252e-35 -8.97478e-39  2.82477e-35   7.2521e-39 -1.75507e-35 -4.81662e-39  8.13657e-36  2.53946e-39 -2.54937e-36  -1.0048e-39  4.42439e-37  2.69758e-40 -2.07159e-38 -3.90026e-41 -1.86871e-39
 5.63087e-38  6.88211e-53 -1.74134e-36  1.68713e-50  4.21022e-36  1.16184e-49  3.23406e-35 -6.12577e-51 -8.29814e-35 -1.67695e-48  5.41181e-35  6.33769e-48 -3.15419e-37  6.93602e-47  1.45803e-36  5.20618e-46 -8.95433e-36  1.47479e-45 -2.74124e-35  1.96203e-45 -1.85617e-34  1.37351e-44  4.98815e-34  4.73054e-44 -2.17075e-34  3.80489e-44 -9.50558e-36  4.13024e-43 -6.59069e-35  2.57448e-42 -8.75622e-36  3.25716e-42  1.72394e-35  1.62396e-41 -1.06884e-35  4.03911e-41  4.58623e-35  1.36408e-40 -4.17663e-35  2.57187e-40  3.94659e-35  4.15373e-40  4.80369e-35  1.50581e-39 -7.61262e-36     3.42e-39  1.02581e-35  3.59224e-39 -9.44816e-36  7.39596e-39  1.42585e-35  8.90521e-39 -6.49388e-36  5.13269e-39  6.91941e-36  1.37605e-38  -9.6782e-36  9.87073e-39  1.43157e-35  1.31326e-38  -4.4871e-36  1.49092e-38  2.06297e-36  9.33403e-39 -1.30877e-37  6.24547e-39 -2.78002e-37  3.32755e-39  7.49378e-37  5.78166e-41 -6.94662e-37  1.04443e-39  4.15591e-37  1.02168e-39 -6.04925e-38 -7.38845e-40  6.18366e-39  4.02613e-40  2.23608e-38 -5.86508e-40 -1.45091e-38  2.74803e-40  9.75659e-39 -4.03354e-41 -2.19473e-38  4.21216e-41  7.94604e-38 -3.72803e-42 -2.49627e-37  8.51049e-41  7.07613e-37 -3.70723e-41 -1.85832e-36 -8.55553e-41  4.53245e-36  5.86504e-40 -1.02286e-35 -1.80127e-39  2.12437e-35  4.24466e-39 -4.03425e-35 -8.40587e-39  6.95059e-35  1.44344e-38 -1.07616e-34 -2.17296e-38  1.47987e-34  2.87262e-38 -1.78096e-34 -3.32113e-38  1.84048e-34  3.32815e-38 -1.59291e-34 -2.85091e-38  1.11579e-34  2.04558e-38 -6.02155e-35 -1.19359e-38  2.31859e-35  5.41459e-39 -5.54962e-36  -1.7724e-39   5.8652e-37  3.61659e-40  1.06082e-38 -2.96717e-41
-2.40998e-52 -9.29103e-38   5.6183e-51 -2.71722e-36  6.71405e-50  6.24261e-36  5.25125e-49  3.17507e-35  9.36195e-49 -7.47551e-35  -4.1914e-48  4.40275e-35  4.68395e-47 -2.79675e-37  3.52161e-46  1.18714e-35  2.19454e-45 -2.44802e-35  5.39138e-45 -2.98877e-35  5.92633e-45 -1.97824e-34  4.73054e-44  5.46084e-34  1.54325e-43 -2.42177e-34  9.05222e-44  1.26242e-35  1.05243e-42 -7.08401e-35  7.01888e-42 -9.66789e-36   7.0664e-42  3.53766e-36   4.1211e-41 -1.27445e-35  1.03837e-40  6.34666e-35  3.24806e-40 -5.03265e-35  6.22016e-40  5.92195e-35  9.93345e-40  4.51946e-35   3.0506e-39  1.40264e-36  6.98182e-39  7.82433e-36  6.91599e-39 -6.43488e-36  1.33701e-38  1.45285e-35  1.54815e-38 -5.03561e-36  7.01704e-39  8.62252e-36  2.15348e-38 -1.20084e-35  1.46204e-38  1.70564e-35  1.79655e-38 -5.70809e-36  2.08118e-38  2.93982e-36  1.17596e-38 -4.81663e-37  7.77772e-39 -3.03032e-37  4.63473e-39  9.90532e-37 -4.46395e-41  -8.7017e-37  8.71206e-40  4.74765e-37   1.2705e-39 -5.46609e-38 -1.11204e-39 -5.67234e-39  5.07913e-40  3.02514e-38 -6.84348e-40 -3.12384e-38  4.00838e-40  6.75186e-38 -4.54449e-41 -2.17036e-37  6.63553e-41  6.87799e-37  8.26055e-41 -2.01577e-36 -2.14147e-40  5.49174e-36   9.1263e-40 -1.39178e-35 -2.55407e-39  3.27023e-35  6.24338e-39 -7.08987e-35 -1.33423e-38  1.40989e-34  2.53523e-38 -2.55351e-34 -4.30562e-38  4.17599e-34  6.53738e-38 -6.10177e-34 -8.84466e-38  7.86139e-34  1.05954e-37 -8.78229e-34 -1.11331e-37   8.3234e-34  1.01267e-37 -6.49893e-34 -7.83117e-38   4.0121e-34   5.0202e-38 -1.84153e-34 -2.57145e-38  5.67359e-35  9.93616e-39 -9.50965e-36 -2.61604e-39  3.73425e-37  3.72225e-40   4.5249e-38
