  0.00582252  2.35944e-18   -0.0153787 -8.90648e-18   0.00896018  8.47903e-18    0.0020956 -3.91695e-18  -0.00238933  8.43609e-19 -0.000518359  2.13765e-19  0.000397874  -1.5719e-19  0.000108428 -6.60001e-21 -2.89159e-05  8.12832e-21 -8.71105e-06  1.64796e-22  1.01065e-07
 2.35944e-18    0.0249277  5.50646e-18   -0.0339314 -1.30394e-17   0.00930967  9.47422e-18     0.008071 -4.46806e-18  -0.00296896  1.06434e-18  -0.00183341  4.77001e-19  0.000447419 -2.55122e-19  0.000283014 -1.69749e-20 -1.66563e-05  4.97374e-21  -1.3488e-05   4.5955e-22
  -0.0153787  5.50646e-18     0.049945  6.43977e-18   -0.0427013 -9.53407e-18   0.00110592  6.26085e-18    0.0132249 -4.53668e-18   -0.0013718  1.28043e-18  -0.00305762   6.6939e-19   0.00014112 -2.24622e-19  0.000409985 -3.38128e-20  1.95502e-05  1.17395e-21  -9.7725e-06
-8.90648e-18   -0.0339314  6.43977e-18    0.0639744  3.56617e-18   -0.0377057 -1.49893e-18  -0.00906066  2.76215e-18    0.0149233  -4.9071e-18   0.00124042  1.25258e-18  -0.00365125  7.56039e-19 -0.000338956 -1.14149e-19  0.000427497 -3.07526e-20  4.99392e-05  -1.9684e-22
  0.00896018 -1.30394e-17   -0.0427013  3.56617e-18    0.0619254 -1.17899e-18   -0.0269238  5.71956e-18   -0.0160168  1.05591e-18    0.0139688 -5.28264e-18   0.00368708  8.36326e-19  -0.00362528    6.912e-19 -0.000798376 -3.07612e-20  0.000341282 -3.35794e-21  4.96476e-05
 8.47903e-18   0.00930967 -9.53407e-18   -0.0377057 -1.17899e-18    0.0522682 -5.19904e-18   -0.0178502  1.00057e-17   -0.0194388  9.57716e-19    0.0119978 -5.04954e-18   0.00555788  2.81366e-19  -0.00318258  4.41324e-19  -0.00112233 -1.10612e-20   0.00019276   1.8516e-20
   0.0020956  9.47422e-18   0.00110592 -1.49893e-18   -0.0269238 -5.19904e-18     0.043464 -7.74432e-18   -0.0122213  1.16855e-17   -0.0209338  1.49577e-18   0.00990643 -3.94244e-18    0.0068891 -5.67984e-22  -0.00248571  5.75904e-20  -0.00124777 -1.22986e-20  4.57833e-05
-3.91695e-18     0.008071  6.26085e-18  -0.00906066  5.71956e-18   -0.0178502 -7.74432e-18    0.0379228 -9.02598e-18  -0.00891189  1.10703e-17   -0.0217126   1.7503e-18   0.00793318 -2.20657e-18   0.00779887  9.44641e-20   -0.0016267 -3.04985e-19   -0.0011253 -5.36644e-21
 -0.00238933 -4.46806e-18    0.0132249  2.76215e-18   -0.0160168  1.00057e-17   -0.0122213 -9.02598e-18    0.0348377 -8.87542e-18  -0.00677409  8.38916e-18   -0.0223252  1.17066e-18   0.00605102 -2.95785e-19   0.00835275  2.77389e-19 -0.000667573 -4.65631e-19 -0.000719766
 8.43609e-19  -0.00296896 -4.53668e-18    0.0149233  1.05591e-18   -0.0194388  1.16855e-17  -0.00891189 -8.87542e-18    0.0332036 -7.02648e-18  -0.00520904  4.49927e-18   -0.0230001 -1.12694e-19   0.00414768   1.3872e-18   0.00852426  2.70042e-19  0.000278732 -3.63606e-19
-0.000518359  1.06434e-18   -0.0013718  -4.9071e-18    0.0139688  9.57716e-19   -0.0209338  1.10703e-17  -0.00677409 -7.02648e-18    0.0325183 -3.84339e-18  -0.00392356  5.24401e-19   -0.0238539 -1.36756e-18   0.00205904  2.45429e-18   0.00813447  6.77217e-20  0.000858222
 2.13765e-19  -0.00183341  1.28043e-18   0.00124042 -5.28264e-18    0.0119978  1.49577e-18   -0.0217126  8.38916e-18  -0.00520904 -3.84339e-18    0.0326009 -2.52097e-19  -0.00273049 -2.79036e-18   -0.0249635 -1.85134e-18 -0.000456145  2.60133e-18   0.00672469 -1.96235e-19
 0.000397874  4.77001e-19  -0.00305762  1.25258e-18   0.00368708 -5.04954e-18   0.00990643   1.7503e-18   -0.0223252  4.49927e-18  -0.00392356 -2.52097e-19    0.0334338  2.79329e-18  -0.00145282 -4.92547e-18   -0.0263748 -1.24507e-18  -0.00372751  1.93403e-18   0.00374249
 -1.5719e-19  0.000447419   6.6939e-19  -0.00365125  8.36326e-19   0.00555788 -3.94244e-18   0.00793318  1.17066e-18   -0.0230001  5.24401e-19  -0.00273049  2.79329e-18     0.035127  4.51267e-18  0.000155102 -5.27402e-18   -0.0280028  4.00573e-19  -0.00762726  9.46984e-19
 0.000108428 -2.55122e-19   0.00014112  7.56039e-19  -0.00362528  2.81366e-19    0.0068891 -2.20657e-18   0.00605102 -1.12694e-19   -0.0238539 -2.79036e-18  -0.00145282  4.51267e-18    0.0379567  4.22952e-18   0.00258982 -3.59661e-18   -0.0288613  2.66396e-18  -0.00925493
-6.60001e-21  0.000283014 -2.24622e-19 -0.000338956    6.912e-19  -0.00318258 -5.67984e-22   0.00779887 -2.95785e-19   0.00414768 -1.36756e-18   -0.0249635 -4.92547e-18  0.000155102  4.22952e-18    0.0425393  1.76222e-18   0.00741885 -3.18268e-19   -0.0248048  4.01772e-18
-2.89159e-05 -1.69749e-20  0.000409985 -1.14149e-19 -0.000798376  4.41324e-19  -0.00248571  9.44641e-20   0.00835275   1.3872e-18   0.00205904 -1.85134e-18   -0.0263748 -5.27402e-18   0.00258982  1.76222e-18    0.0506235 -1.80754e-18    0.0191573   3.8806e-18   -0.0105718
 8.12832e-21 -1.66563e-05 -3.38128e-20  0.000427497 -3.07612e-20  -0.00112233  5.75904e-20   -0.0016267  2.77389e-19   0.00852426  2.45429e-18 -0.000456145 -1.24507e-18   -0.0280028 -3.59661e-18   0.00741885 -1.80754e-18    0.0667399 -3.73385e-18      0.04109  6.44997e-18
-8.71105e-06  4.97374e-21  1.95502e-05 -3.07526e-20  0.000341282 -1.10612e-20  -0.00124777 -3.04985e-19 -0.000667573  2.70042e-19   0.00813447  2.60133e-18  -0.00372751  4.00573e-19   -0.0288613 -3.18268e-19    0.0191573 -3.73385e-18    0.0931135 -5.00031e-19    0.0525993
 1.64796e-22  -1.3488e-05  1.17395e-21  4.99392e-05 -3.35794e-21   0.00019276 -1.22986e-20   -0.0011253 -4.65631e-19  0.000278732  6.77217e-20   0.00672469  1.93403e-18  -0.00762726  2.66396e-18   -0.0248048   3.8806e-18      0.04109 -5.00031e-19     0.105586  4.80261e-18
 1.01065e-07   4.5955e-22  -9.7725e-06  -1.9684e-22  4.96476e-05   1.8516e-20  4.57833e-05 -5.36644e-21 -0.000719766 -3.63606e-19  0.000858222 -1.96235e-19   0.00374249  9.46984e-19  -0.00925493  4.01772e-18   -0.0105718  6.44997e-18    0.0525993  4.80261e-18    0.0614696
