 1.04816e-34 -3.44266e-42 -3.73362e-35   4.5587e-41 -2.76951e-35  5.08264e-41 -3.56554e-35 -3.56586e-40  9.43739e-36 -1.29812e-40  2.06396e-35  2.51713e-39  1.41202e-35 -1.16395e-39 -1.04542e-35  1.23705e-40  5.59201e-36 -4.91406e-40 -2.39172e-37  2.51508e-39 -2.54966e-36   -4.559e-39  1.44378e-36  3.95801e-39  4.35537e-37  2.40726e-39 -1.32481e-36  -1.2326e-39  5.50468e-37 -4.20089e-39 -9.12997e-38  3.61335e-39  6.53518e-38  2.31792e-39 -3.82167e-38  7.52697e-41  3.19508e-38 -1.27595e-39 -1.89631e-38  6.88965e-40 -1.20402e-39  3.31012e-40  -1.7014e-39 -8.02228e-41  1.94698e-39 -3.45579e-41 -1.48836e-39 -2.07859e-42 -4.14883e-40  1.45476e-41 -1.00633e-40 -6.84767e-42  6.47856e-41  4.37594e-42  1.33417e-42 -8.37493e-43 -4.29249e-41 -9.04139e-43   7.1548e-42 -6.31217e-43 -1.14703e-41  1.64443e-43  3.34715e-42 -1.28866e-43  -2.1666e-42  1.92862e-44  1.34887e-42  -2.6152e-44 -6.74125e-43  1.59832e-44  2.41651e-43  1.23488e-45 -6.44102e-44 -6.10501e-46  2.50235e-44 -1.58005e-46 -2.13952e-47 -8.68129e-47 -2.38834e-45  9.49655e-47  6.70562e-48 -4.79183e-47 -2.57185e-46 -1.83082e-48  1.49079e-46    4.174e-49  1.09919e-47  7.53502e-49  -3.5883e-48 -5.32806e-51 -4.65975e-48 -2.90275e-50 -4.19951e-49  3.92011e-50 -9.71216e-50  1.42064e-51   1.2802e-49 -3.10506e-51 -3.18184e-50 -1.36578e-51  6.93655e-51  1.45025e-52 -4.18889e-52 -1.43776e-52 -3.32905e-53  4.96539e-53  1.59501e-53  1.54263e-54   1.0317e-53 -4.10314e-54 -3.90039e-54  1.33554e-54  3.73458e-55 -3.13561e-55 -1.26249e-55  4.17268e-56  1.89318e-56  1.56253e-58 -6.40378e-58 -2.22286e-57 -8.56323e-58  1.09673e-57  3.46008e-58 -3.39505e-58 -7.03433e-59  4.49254e-59
-3.44266e-42  2.01034e-34 -3.99762e-41 -5.23063e-35  3.78327e-40 -9.64619e-35  5.31075e-40 -5.38757e-35 -1.62088e-39   8.5223e-36 -1.54598e-39  2.38331e-35  1.31257e-38  3.19966e-35 -2.97497e-39 -2.12373e-35 -2.16374e-40  1.78287e-35 -1.18713e-39 -4.16717e-36  1.07024e-38 -4.24506e-36 -2.05875e-38  2.52007e-36  1.67476e-38  2.49138e-36   1.2677e-38 -3.84647e-36 -4.06552e-39  1.26641e-36 -1.73938e-38  -3.5978e-37  1.37718e-38  2.78753e-37  8.18435e-39 -1.14037e-37  3.80858e-40  7.65796e-38 -4.21208e-39  -5.8439e-38  2.10858e-39 -1.28967e-39    1.043e-39 -1.14779e-38 -2.87113e-40  8.87645e-39 -2.55254e-41 -5.83728e-39 -5.10725e-41   -1.129e-39  4.51431e-41  -2.2047e-40 -1.96685e-41  1.70171e-40  1.31487e-41  8.19875e-41 -8.91755e-43 -1.39521e-40 -3.43644e-42  1.00443e-41 -1.85616e-42 -3.07916e-41  5.18641e-43  1.00746e-41 -4.46699e-43 -5.71616e-42  8.83016e-44  4.16038e-42 -8.37365e-44  -2.0289e-42  5.61696e-44  6.17319e-43  5.57487e-45  -1.4547e-43 -2.87336e-45  8.01295e-44 -8.29999e-46   3.3089e-45 -2.75339e-46 -1.03922e-44  2.49896e-46 -7.55359e-46 -1.62486e-46 -7.03739e-46 -8.22665e-49   5.9337e-46  2.53436e-48  3.87191e-47  3.96319e-48 -1.05246e-47 -7.85719e-49 -1.63108e-47 -1.18115e-49 -1.23279e-48  1.66041e-49 -6.37499e-49  1.09228e-50   4.7443e-49  -9.1724e-51  -1.0687e-49 -7.64313e-51  2.45209e-50   1.5645e-51 -2.66291e-52 -8.28993e-52 -3.99465e-52  2.39475e-52  8.26273e-53 -1.88823e-54     2.11e-53 -1.33226e-53 -1.02064e-53  4.29917e-54  9.99374e-55 -8.80158e-55 -2.70686e-55  6.17635e-56  1.72415e-56  3.81152e-56  1.31832e-56 -2.58486e-56 -8.56661e-57  1.04682e-56  2.49331e-57 -2.39149e-57 -2.94403e-58
-3.73362e-35 -3.99762e-41  3.34631e-34 -2.64546e-40 -7.93246e-35  2.01332e-39  -1.5743e-34  3.15958e-39 -4.16887e-35 -4.49987e-39 -1.61598e-35 -8.00388e-39  1.06025e-35  4.62194e-38  5.11493e-35 -2.48839e-39 -3.56636e-35  -1.8806e-39  4.19802e-35  2.12199e-39 -1.34207e-35  3.05344e-38 -4.62049e-36 -6.69422e-38  1.90872e-36  5.15454e-38  7.31224e-36  4.16836e-38 -7.66508e-36 -6.55629e-39   2.0262e-36  -4.9659e-38 -8.74302e-37  3.57538e-38    6.804e-37  1.98764e-38 -2.25088e-37  1.56966e-39  1.38325e-37 -9.83373e-39 -1.38753e-37  4.40045e-39  7.83058e-39   2.2748e-39 -3.96872e-38 -7.21419e-40   2.6091e-38  1.50469e-40 -1.57385e-38 -2.10616e-40 -2.16455e-39  9.17424e-41  -2.5817e-40 -3.65879e-41  3.54059e-40  2.42689e-41    3.432e-40  2.86171e-42 -2.96401e-40 -8.96198e-42 -2.15544e-41 -3.66322e-42 -5.31636e-41   1.0674e-42  1.97849e-41 -1.12518e-42 -9.10034e-42  2.68036e-43  8.79999e-42 -1.86194e-43 -4.28115e-42  1.41589e-43  9.12006e-43  1.68716e-44 -1.56654e-43 -9.49039e-45  1.89268e-43 -2.78477e-45  1.46885e-44 -6.88157e-46 -3.07862e-44  3.64024e-46 -4.04527e-45 -3.83731e-46 -1.30426e-45   2.1363e-47  1.75708e-45  7.76714e-48  7.06123e-47  1.39419e-47 -1.84469e-47 -4.42824e-48 -3.92655e-47 -2.07026e-49 -2.97416e-48  4.63538e-49 -2.32289e-48  4.16002e-50  1.19926e-48 -1.78692e-50 -2.25886e-49  -2.8312e-50  5.52458e-50  7.37014e-51  3.30057e-51 -2.97955e-51  -1.6957e-51  7.54802e-52  3.01333e-52  -2.0631e-53  9.60636e-54 -2.97106e-53 -1.54978e-53  8.87379e-54  1.37267e-54 -1.14802e-54 -6.40577e-56  -3.9176e-55 -1.97137e-55  3.92188e-55  1.29242e-55 -1.99062e-55 -5.09714e-56  6.39755e-56  1.04133e-56 -8.60508e-57
  4.5587e-41 -5.23063e-35 -2.64546e-40  5.41815e-34  -1.2098e-39 -1.12617e-34  8.11583e-39 -1.90278e-34  1.34041e-38  1.64605e-35 -8.35815e-39 -5.50104e-35 -2.70167e-38 -1.85519e-35  1.27419e-37   6.8632e-35  8.64036e-39 -5.71992e-35 -6.80692e-39  8.23094e-35  2.44094e-38 -2.85679e-35  7.12119e-38 -2.16756e-36 -1.77057e-37 -2.50449e-36   1.2978e-37   1.5224e-35   1.0182e-37 -1.20809e-35 -1.64832e-40  2.56277e-36 -1.12458e-37 -1.59852e-36   7.2997e-38  1.24142e-36  3.82151e-38 -3.61752e-37  5.03909e-39  2.26025e-37 -1.88617e-38 -2.88163e-37  7.21884e-39  4.33471e-38  3.92638e-39  -9.7155e-38 -1.45803e-39  5.94564e-38   6.7742e-40 -3.38194e-38 -5.41299e-40  -3.6316e-39  1.30925e-40 -7.72722e-42 -4.93719e-41  6.91014e-40  2.81638e-41  8.90119e-40  1.47545e-41 -4.64821e-40 -1.83521e-41 -1.48063e-40 -5.48828e-42 -6.46657e-41   1.5244e-42  2.97618e-41  -2.3714e-42  -7.4538e-42  6.49197e-43  1.44804e-41 -3.30411e-43 -7.44056e-42  2.94802e-43  4.85722e-43  4.06519e-44  1.04431e-43 -2.55126e-44  3.82209e-43 -7.16461e-45   3.9896e-44 -1.63138e-45 -7.25538e-44  1.04533e-46  -1.2987e-44 -7.20099e-46 -1.99179e-45  1.17022e-46  4.40375e-45  1.27456e-47  2.76315e-47  3.98979e-47 -1.78868e-47 -1.59959e-47 -7.50396e-47   3.2055e-49 -6.63973e-48  9.58642e-49 -6.26721e-48  1.15254e-49  2.35433e-48 -2.53454e-50 -3.07593e-49 -8.14891e-50  8.73301e-50  2.35537e-50  1.62979e-50 -7.95869e-51 -4.87203e-51  1.80323e-51  8.55985e-52 -6.41685e-53 -7.61645e-53 -4.91887e-53 -8.71808e-54  9.52624e-54 -1.46869e-54  3.49629e-54  2.40653e-54 -4.48031e-54 -1.61258e-54  2.77282e-54  7.32372e-55  -1.1452e-54 -2.12973e-55   2.6341e-55  2.53779e-56
-2.76951e-35  3.78327e-40 -7.93246e-35  -1.2098e-39  7.26473e-34 -4.13717e-39 -1.48182e-34  2.66655e-38 -2.03509e-34  4.46718e-38   1.1419e-34 -9.21833e-39 -7.49388e-35 -6.76486e-38 -6.24165e-35  2.92692e-37  8.21372e-35   4.2216e-38 -8.64795e-35 -1.90007e-38  1.39106e-34  9.59491e-38 -4.88561e-35  1.50664e-37  4.94523e-36 -3.98828e-37 -1.21127e-35  2.78781e-37  2.52587e-35  1.98638e-37 -1.59965e-35   3.1833e-38  2.67408e-36 -2.14371e-37  -2.3885e-36  1.24291e-37  1.90302e-36  6.13637e-38 -5.32502e-37  1.30596e-38  3.57465e-37 -3.18044e-38 -5.41911e-37  9.86996e-39  1.28702e-37  5.58748e-39 -1.88979e-37 -2.50884e-39  1.14095e-37  1.71752e-39 -6.17907e-38 -1.04922e-39 -6.14215e-39  1.09633e-40  7.97086e-40 -5.04273e-41  1.28862e-39   9.1587e-42  1.80578e-39  3.74883e-41 -5.46885e-40 -3.09049e-41 -4.46499e-40 -6.30275e-42 -5.10846e-41  1.13532e-42  3.85815e-41 -4.42745e-42  7.57832e-42  1.36593e-42  1.89427e-41 -4.93261e-43 -1.16159e-41  5.36542e-43 -1.76429e-42  8.40033e-44  9.33876e-43 -5.90123e-44  6.99259e-43 -1.53754e-44  8.32831e-44 -3.77952e-45 -1.44779e-43 -1.16682e-45 -3.18033e-44 -1.11567e-45  -3.0446e-45  3.99149e-46   9.7378e-45 -4.82083e-48 -2.85559e-46  1.01637e-46  9.70451e-48 -4.62821e-47  -1.2195e-46  3.63946e-48 -1.31869e-47  1.47112e-48 -1.39683e-47  2.60347e-49  3.71927e-48   -2.279e-50 -1.28602e-49 -1.94923e-49  8.72792e-50  5.82794e-50   4.7342e-50 -1.69813e-50 -1.11379e-50  3.47105e-51  2.00487e-51 -1.46736e-52 -3.21353e-52 -3.27744e-53  3.84008e-53 -3.17945e-53 -2.22743e-53  4.25528e-53  1.61437e-53 -3.05709e-53 -8.40865e-54  1.54017e-53  3.08049e-54 -4.94599e-54 -6.33173e-55  6.58355e-55
 5.08264e-41 -9.64619e-35  2.01332e-39 -1.12617e-34 -4.13717e-39  8.31309e-34 -1.09486e-38   -2.024e-34  7.43887e-38 -2.19374e-34  1.23371e-37  2.20794e-34  6.02158e-40 -3.30925e-35 -1.33327e-37 -1.23888e-34  5.80679e-37  9.34535e-35  1.01883e-37 -1.20447e-34 -4.34984e-38  2.06756e-34  2.55198e-37 -7.21109e-35   3.0508e-37  1.72818e-35 -7.85273e-37  -2.6219e-35  5.22702e-37  3.53526e-35  3.21188e-37 -1.84318e-35  1.10174e-37   2.3382e-36 -3.56458e-37 -3.05611e-36  1.82136e-37  2.63903e-36   8.4025e-38 -7.61353e-37  2.86743e-38  5.44925e-37 -4.91987e-38 -9.33249e-37  1.16626e-38  2.84184e-37  6.50644e-39 -3.09102e-37 -3.80539e-39  1.93314e-37  3.30688e-39 -9.96879e-38 -1.64732e-39 -1.10861e-38 -4.16289e-41  2.46905e-39  -4.7276e-41   2.2023e-39 -4.71796e-41  3.19716e-39  6.91921e-41 -4.50569e-40 -4.31946e-41 -9.80521e-40 -4.91533e-42 -1.11772e-41 -1.42432e-42  5.18459e-41 -7.57055e-42   4.7325e-41  2.62481e-42  1.84824e-41 -6.33956e-43 -1.74005e-41  8.81282e-43 -7.31896e-42  1.55475e-43  2.65447e-42 -1.20531e-43  1.19286e-42 -2.90758e-44  1.44011e-43 -8.25366e-45 -2.52632e-43 -4.42437e-45  -6.4992e-44 -1.41391e-45  -5.5622e-45  1.07712e-45  1.93379e-44 -1.16009e-46 -1.20999e-45  2.41127e-46  9.72795e-47   -1.162e-46 -1.79763e-46  1.49662e-47 -2.15465e-47  1.46359e-48 -2.72449e-47  4.87134e-49  4.66599e-48  9.51858e-51   7.0158e-49 -4.02376e-49  2.74078e-51  1.18685e-49  1.05243e-49 -3.00823e-50 -2.17921e-50  5.66615e-51  4.06972e-51 -4.59173e-52 -8.92371e-52  2.84768e-52  2.29844e-52 -3.48502e-52 -1.30403e-52   2.8057e-52  7.87186e-53 -1.65757e-52 -3.48572e-53  6.78557e-53   1.0006e-53 -1.53976e-53 -1.20083e-54
-3.56554e-35  5.31075e-40  -1.5743e-34  8.11583e-39 -1.48182e-34 -1.09486e-38  9.02476e-34 -2.24146e-38 -2.91554e-34  1.80627e-37 -2.54792e-34  2.91685e-37  2.96749e-34  2.85989e-38  1.07408e-34 -2.13187e-37 -2.13516e-34  1.02044e-36   1.1273e-34  1.59028e-37 -1.54402e-34 -7.93494e-38  2.74345e-34  5.24197e-37  -9.4216e-35  5.95584e-37  3.25593e-35 -1.37645e-36 -4.17369e-35  8.68318e-37  4.30859e-35   4.3914e-37 -1.89493e-35  2.48837e-37   1.6916e-36 -5.30728e-37 -3.43193e-36  2.33838e-37  3.47045e-36  9.75045e-38 -1.04557e-36  5.54535e-38  7.68281e-37 -7.18901e-38 -1.47994e-36  1.23523e-38  5.13451e-37  5.62376e-39 -4.38674e-37 -5.23423e-39  2.98046e-37  5.28269e-39 -1.45496e-37 -2.16382e-39 -2.06151e-38 -3.66182e-40  5.42476e-39 -7.79509e-41  3.29822e-39   -1.419e-40  5.32904e-39   1.0372e-40 -1.81131e-40 -4.84044e-41 -1.77125e-39 -5.16522e-43  3.20508e-41 -7.96239e-42  8.69279e-41 -1.21462e-41  1.24586e-40  4.75049e-42  8.72694e-42 -7.06114e-43 -2.61323e-41  1.33833e-42 -1.77863e-41  2.65223e-43  5.51937e-42 -2.20185e-43  1.92891e-42 -5.06745e-44  2.11512e-43 -1.63647e-44 -3.92883e-43 -1.09643e-44  -1.1611e-43  -1.3407e-45 -1.17402e-44   2.5084e-45  3.48489e-44 -4.91475e-46 -3.21854e-45  5.41539e-46  3.08469e-46 -2.62247e-46 -2.61788e-46   4.3805e-47 -2.54521e-47  1.31548e-49 -4.81827e-47  6.97062e-49  4.19938e-48  1.19719e-49  2.67579e-48 -7.34899e-49 -2.18954e-49  2.06198e-49   1.9578e-49 -4.58636e-50 -3.81884e-50  9.11124e-51  7.71454e-51 -2.58046e-51 -2.37991e-51   2.5081e-51  1.02535e-51 -2.20352e-51 -6.14225e-52  1.48682e-51  3.22051e-52 -7.35565e-52  -1.1831e-52  2.32442e-52  2.43614e-53 -3.03399e-53
-3.56586e-40 -5.38757e-35  3.15958e-39 -1.90278e-34  2.66655e-38   -2.024e-34 -2.24146e-38  1.02289e-33  -3.3281e-38 -4.10761e-34   3.8773e-37 -3.12299e-34  6.02286e-37  3.14994e-34  7.52229e-38   3.6537e-34  -2.8099e-37 -3.47055e-34  1.62261e-36  1.55902e-34  1.22866e-37 -1.84045e-34 -1.06879e-37  3.27884e-34  8.74901e-37 -1.08726e-34  1.09908e-36   4.5824e-35 -2.17876e-36 -5.43005e-35  1.29085e-36  4.65872e-35  5.13451e-37 -1.77559e-35  4.41732e-37  8.15349e-37 -7.23252e-37 -3.35017e-36  2.64873e-37  4.39921e-36  9.04661e-38 -1.29748e-36    9.716e-38  9.48514e-37 -1.00989e-37 -2.17097e-36  1.24172e-38  7.92285e-37  1.61804e-39 -5.49525e-37 -6.72567e-39  4.26825e-37  7.30187e-39 -1.95036e-37 -2.41018e-39 -3.73539e-38 -8.18246e-40  1.03012e-38 -2.15012e-40  4.16443e-39 -2.51282e-40  8.79235e-39  1.36431e-40   8.5477e-41  -3.6279e-41 -2.79304e-39  6.59977e-42  2.96619e-41 -2.04581e-41   1.7306e-40 -1.86291e-41   2.5093e-40  8.23333e-42 -1.37425e-41  -6.8118e-43 -3.97831e-41   1.9265e-42 -3.45102e-41  4.24084e-43  9.63607e-42  -3.6127e-43  2.98762e-42 -8.47726e-44  2.62238e-43 -2.87447e-44 -5.51366e-43 -2.23934e-44 -1.86473e-43 -5.37518e-46  -2.4596e-44  5.28508e-45  5.74574e-44 -1.47194e-45  -6.8605e-45  1.15093e-45   7.6971e-46 -5.40523e-46 -4.10557e-46  1.03491e-46 -1.08808e-47 -2.93331e-48 -7.90348e-47  4.82143e-49  1.26061e-48  4.18182e-49  6.21353e-48 -1.21116e-48 -6.02637e-49  3.16189e-49  3.20439e-49 -6.71319e-50 -6.31854e-50  2.22496e-50  1.58639e-50 -1.62405e-50 -7.44743e-51   1.5107e-50   4.3323e-51 -1.14151e-50 -2.50392e-51  6.59471e-51  1.12248e-51 -2.65024e-51 -3.24274e-52  5.89418e-52  3.91219e-53
 9.43739e-36 -1.62088e-39 -4.16887e-35  1.34041e-38 -2.03509e-34  7.43887e-38 -2.91554e-34  -3.3281e-38   1.2454e-33 -2.40761e-38 -5.41572e-34  7.43024e-37   -3.823e-34  1.09802e-36  2.69932e-34  1.32176e-37  7.34482e-34 -3.10094e-37 -5.35923e-34   2.3825e-36  2.34028e-34 -1.76041e-37 -2.05592e-34 -7.88612e-38  3.53004e-34  1.21058e-36 -1.07907e-34  1.87418e-36  5.18305e-35  -3.1513e-36 -6.00912e-35  1.72676e-36  4.51743e-35  5.19853e-37 -1.54477e-35   6.5405e-37 -5.84929e-37  -9.2031e-37 -2.56083e-36  2.62561e-37   5.3032e-36  5.00156e-38 -1.31794e-36   1.5729e-37  9.38936e-37 -1.37341e-37  -2.9608e-36  1.29915e-38  1.06663e-36 -7.11767e-39 -6.11953e-37 -8.35883e-39   5.7642e-37  8.97531e-39 -2.41896e-37 -2.28207e-39 -6.41167e-38 -1.20794e-39  1.80594e-38 -5.49434e-40  4.20556e-39 -3.23649e-40   1.4597e-38  1.73852e-40  1.13708e-41  6.65674e-42 -4.00661e-39  1.42443e-41 -8.30392e-41 -4.05933e-41  3.45315e-40 -2.76609e-41  4.32661e-40  1.37471e-41  -4.9197e-41   -5.906e-43 -6.04593e-41  2.71028e-42 -5.81156e-41  6.37153e-43   1.4965e-41 -5.29042e-43  4.45996e-42 -1.40892e-43  2.61133e-43 -4.36055e-44 -7.04864e-43  -4.0674e-44 -2.74046e-43  1.30459e-45 -4.70672e-44  1.03823e-44  8.73137e-44 -3.64469e-45  -1.2688e-44  2.30046e-45  1.70842e-45 -1.02455e-45 -7.05807e-46  2.07364e-46  4.32084e-47 -6.32999e-48 -1.21901e-46 -1.16864e-48 -4.78005e-48  1.12428e-48  1.14224e-47 -1.84503e-48   -1.128e-48  4.64955e-49  4.84332e-49  -1.3643e-49 -1.10429e-49  9.80049e-50  4.25203e-50 -9.18082e-50 -2.72604e-50  7.65053e-50  1.70838e-50 -5.03787e-50 -8.90308e-51  2.44412e-50   3.3006e-51 -7.56755e-51 -6.83971e-52  9.66605e-52
-1.29812e-40   8.5223e-36 -4.49987e-39  1.64605e-35  4.46718e-38 -2.19374e-34  1.80627e-37 -4.10761e-34 -2.40761e-38   1.5869e-33  4.78564e-38 -6.75393e-34    1.279e-36 -4.44968e-34  1.77279e-36  1.68316e-34  1.96876e-37  1.18231e-33 -3.03002e-37 -7.74801e-34  3.29437e-36  3.41557e-34 -9.63714e-37 -2.14126e-34  6.87962e-38  3.37864e-34  1.38848e-36 -8.58125e-35  2.91013e-36  4.82821e-35 -4.20682e-36 -5.72363e-35  2.07864e-36  3.94387e-35  4.74827e-37  -1.2573e-35  8.24156e-37 -3.39103e-36 -1.11381e-36 -6.55325e-37  2.18019e-37  5.87504e-36 -3.70671e-38 -8.34682e-37  2.38521e-37  5.46869e-37 -1.80819e-37 -3.77794e-36  1.54837e-38  1.26331e-36 -2.26344e-38 -6.04189e-37 -1.04168e-38  7.43136e-37  1.00848e-38  -2.7736e-37 -1.83837e-39 -1.04053e-37 -1.18886e-39  3.00079e-38 -1.15771e-39  2.99916e-39  -2.8992e-40  2.40777e-38  2.41283e-40   -7.789e-40  9.70895e-41 -5.41782e-39  1.76903e-41 -3.68811e-40 -6.92795e-41  6.34193e-40 -4.00011e-41  6.65857e-40  2.21018e-41 -9.26946e-41 -6.02753e-43 -8.98126e-41  3.85966e-42 -8.81024e-41  8.83732e-43  2.14219e-41 -6.73036e-43  6.43291e-42 -2.37757e-43  1.71135e-43 -5.39663e-44 -8.28622e-43 -6.82113e-44 -3.72697e-43  4.14002e-45 -8.08611e-44  1.93833e-44  1.23129e-43  -7.8967e-45 -2.11821e-44  4.30037e-45  3.46609e-45 -1.79168e-45 -1.25082e-45     3.61e-46  1.59122e-46 -5.02152e-48 -1.77984e-46 -6.13225e-48 -1.36982e-47  2.64859e-48  1.79286e-47 -2.75741e-48 -1.76546e-48  8.51255e-49   7.4044e-49 -5.16101e-49 -2.46407e-49  5.05021e-49  1.46719e-49 -4.54193e-49 -1.02971e-49  3.34998e-49  6.10224e-50 -1.89657e-49 -2.74436e-50  7.46841e-50  7.98333e-51 -1.62606e-50  -9.6829e-52
 2.06396e-35 -1.54598e-39 -1.61598e-35 -8.35815e-39   1.1419e-34  1.23371e-37 -2.54792e-34   3.8773e-37 -5.41572e-34  4.78564e-38  2.05433e-33  2.53004e-37 -8.27404e-34  1.98467e-36 -4.66309e-34  2.52067e-36  1.24411e-35  3.05247e-37  1.65562e-33 -3.19623e-37 -1.03366e-33  4.36069e-36  4.52127e-34 -2.44813e-36 -2.01984e-34  3.78588e-37  2.76382e-34  1.29101e-36  -4.2125e-35  4.08629e-36  3.77948e-35 -5.22776e-36 -4.59743e-35  2.23197e-36  3.07505e-35  4.48953e-37 -9.29765e-36  8.76694e-37  -8.9777e-36  -1.3027e-36  2.91261e-36  1.25788e-37  5.66036e-36 -1.82895e-37  4.03449e-37  3.42344e-37  -4.1368e-37 -2.30112e-37 -4.54947e-36  2.10872e-38  1.31035e-36 -4.77025e-38 -5.19485e-37 -1.33302e-38  9.24208e-37  1.07981e-38 -2.90525e-37   -1.307e-39 -1.61532e-37 -3.09471e-40  4.77246e-38 -2.06875e-39  8.54147e-40 -8.78881e-41    3.856e-38  3.81062e-40 -2.48196e-39  2.55046e-40 -7.12903e-39  9.56136e-42 -8.70501e-40 -1.06312e-40  1.05461e-39 -5.63912e-41  9.31768e-40  3.41217e-41 -1.33035e-40   -1.153e-42  -1.2883e-40  5.72517e-42 -1.22616e-40  1.07315e-42  2.90624e-41 -6.81215e-43  8.95931e-42 -4.09448e-43 -2.85981e-44 -4.39519e-44 -9.08287e-43 -1.07843e-43 -4.72036e-43  7.03087e-45 -1.25747e-43   3.4749e-44   1.6211e-43 -1.54027e-44 -3.26593e-44   7.4964e-45  6.44324e-45 -2.89615e-45 -2.13065e-45  5.52364e-46  3.50718e-46  1.09612e-47 -2.46359e-46  -1.7318e-47  -2.4421e-47   5.9924e-48  2.50005e-47  -4.8294e-48 -2.68102e-48  2.65456e-48  1.37616e-48 -2.50439e-48  -7.5238e-49   2.4235e-48  5.47398e-49 -1.96983e-48  -3.6742e-49  1.27102e-48  1.93923e-49 -6.04308e-49 -7.22473e-50  1.83263e-49  1.50463e-50 -2.29108e-50
 2.51713e-39  2.38331e-35 -8.00388e-39 -5.50104e-35 -9.21833e-39  2.20794e-34  2.91685e-37 -3.12299e-34  7.43024e-37 -6.75393e-34  2.53004e-37  2.65684e-33   6.8454e-37  -1.0331e-33   2.7803e-36 -3.95424e-34  3.09715e-36 -2.08423e-34  5.64632e-37  2.09027e-33  -4.7985e-37 -1.25993e-33  5.57418e-36   5.2556e-34 -4.70639e-36 -1.59512e-34  8.17607e-37   1.7117e-34  9.21087e-37  1.57744e-35  5.17563e-36  2.72409e-35 -6.08985e-36 -2.76042e-35  2.07757e-36  2.04437e-35  5.56819e-37 -5.38269e-36  7.41765e-37 -1.87916e-35 -1.48993e-36  8.70873e-36 -1.77354e-38  4.18638e-36 -3.96897e-37  2.52319e-36  4.69383e-37  -2.0526e-36 -2.83608e-37 -5.23506e-36  3.04534e-38  1.15775e-36 -8.60507e-38 -3.66506e-37 -1.74956e-38  1.11815e-36  1.17818e-38  -2.6887e-37 -1.00504e-39 -2.43627e-37  1.87782e-39  7.28778e-38 -3.25155e-39 -6.35414e-40  3.06572e-40  5.88339e-38  6.37618e-40 -4.88532e-39  5.03143e-40 -9.34679e-39 -1.93338e-41 -1.59771e-39 -1.50128e-40  1.59818e-39 -7.74528e-41  1.19449e-39  5.05031e-41 -1.53352e-40 -3.13263e-42  -1.7836e-40  8.90683e-42 -1.58484e-40  9.67775e-43  3.82818e-41 -3.45863e-43  1.20182e-41 -7.13781e-43 -3.19509e-43  1.52473e-44 -9.52417e-43 -1.62481e-43  -5.5832e-43  7.39852e-45  -1.7981e-43  6.00151e-44  2.00216e-43 -2.75056e-44 -4.71101e-44  1.21797e-44  1.09489e-44 -4.33397e-45 -3.35229e-45  7.44185e-46  6.13629e-46  5.66063e-47 -3.22356e-46 -3.96797e-47  -3.5932e-47  1.51043e-47  3.24375e-47 -1.29231e-47  -5.0241e-48  1.15807e-47  3.61955e-48 -1.17063e-47 -2.67875e-48  1.03784e-47  1.96528e-48 -7.49411e-48 -1.19293e-48  4.15926e-48  5.40381e-49 -1.60499e-48 -1.57801e-49  3.42229e-49  1.91803e-50
 1.41202e-35  1.31257e-38  1.06025e-35 -2.70167e-38 -7.49388e-35  6.02158e-40  2.96749e-34  6.02286e-37   -3.823e-34    1.279e-36 -8.27404e-34   6.8454e-37  3.39526e-33  1.44043e-36 -1.33459e-33  3.51284e-36 -1.73555e-34  3.13029e-36 -5.09985e-34  1.15037e-36   2.4229e-33 -9.22887e-37 -1.39133e-33  6.86454e-36  5.23133e-34 -7.57889e-36 -7.92125e-35  1.24102e-36  3.46417e-35  4.75003e-37  7.43952e-35  5.90646e-36   2.4837e-35 -6.68162e-36 -2.99064e-36  1.52974e-36  9.08354e-36   9.2419e-37 -4.72272e-37  3.72611e-37 -3.37961e-35 -1.67745e-36   1.7172e-35 -2.15105e-37  1.12125e-36 -6.84548e-37  5.46804e-36  6.20686e-37 -4.34289e-36 -3.41289e-37 -5.85636e-36  4.37146e-38  7.88669e-37 -1.42309e-37 -1.60353e-37 -2.30319e-38  1.32303e-36  1.41369e-38 -1.99516e-37   -1.211e-39 -3.61468e-37  5.68407e-39  1.06913e-37  -4.6358e-39  1.67681e-39  8.53314e-40  8.45776e-38   1.0326e-39 -7.22744e-39  8.63289e-40 -1.23271e-38 -7.81051e-41 -2.51828e-39 -1.97409e-40  2.23087e-39  -1.0382e-40  1.40277e-39  7.17714e-41 -1.33228e-40 -8.11491e-42 -2.40397e-40  1.42897e-41 -1.91535e-40  7.27514e-44  4.99309e-41    6.747e-43  1.54838e-41 -1.24293e-42 -6.23578e-43  1.68539e-43 -9.99715e-43 -2.34186e-43 -6.17183e-43  2.75957e-46 -2.40443e-43  9.97126e-44  2.32521e-43 -4.54623e-44 -6.39352e-44  1.84622e-44  1.69744e-44 -6.01134e-45  -4.7931e-45  8.71775e-46  9.19685e-46   1.5395e-46   -3.951e-46 -8.79647e-47 -5.03139e-47  4.87569e-47  4.37319e-47 -5.00091e-47 -1.37859e-47  5.18867e-47  1.20738e-47 -4.94637e-47 -9.53958e-48  3.94319e-47  6.49843e-48 -2.49429e-47 -3.46213e-48  1.16272e-47  1.29464e-48 -3.45524e-48 -2.69883e-49   4.2296e-49
-1.16395e-39  3.19966e-35  4.62194e-38 -1.85519e-35 -6.76486e-38 -3.30925e-35  2.85989e-38  3.14994e-34  1.09802e-36 -4.44968e-34  1.98467e-36  -1.0331e-33  1.44043e-36  4.24679e-33  2.59391e-36 -1.76482e-33  3.98455e-36   2.4238e-34  2.21463e-36 -8.93227e-34  2.23407e-36  2.60172e-33 -1.72792e-36 -1.37469e-33  8.03292e-36  4.24092e-34 -1.06278e-35  3.84572e-35  1.40662e-36 -1.13133e-34  3.48628e-37  1.19066e-34  6.06292e-36  3.66911e-35  -6.9115e-36  2.83655e-35  5.31222e-37 -3.86878e-36  1.64544e-36  5.51408e-36 -2.43569e-37 -5.40608e-35 -1.86318e-36  2.85121e-35 -4.66562e-37 -3.60266e-36 -1.04711e-36  9.01244e-36  7.99636e-37 -7.09597e-36 -4.06766e-37 -6.50613e-36  6.08858e-38  2.14758e-37 -2.21411e-37  9.45373e-38 -2.95995e-38   1.5328e-36  1.91478e-38 -7.12227e-38 -2.05904e-39 -5.30229e-37  1.11753e-38  1.50557e-37 -6.15826e-39  1.22265e-38  1.43922e-39  1.13947e-37  1.54023e-39 -8.23797e-39  1.34956e-39 -1.62699e-38 -1.73379e-40 -3.55222e-39 -2.42139e-40  2.89622e-39 -1.36627e-40  1.49696e-39   9.8478e-41 -5.13739e-41 -1.85644e-41 -3.19731e-40  2.30233e-41 -2.17098e-40 -2.49181e-42  6.52605e-41   2.8882e-42  1.91274e-41 -2.13514e-42 -7.96136e-43  4.77509e-43 -1.11489e-42 -3.22761e-43 -6.38939e-43 -2.19689e-44 -3.04976e-43  1.58765e-43  2.53433e-43 -7.00617e-44 -8.16337e-44  2.61483e-44  2.39722e-44 -7.72491e-45 -6.18621e-45  8.36808e-46  1.21521e-45  3.55961e-46 -4.40474e-46 -2.27542e-46 -8.29264e-47  1.92408e-46  7.69334e-47 -2.12378e-46 -4.76115e-47  2.15232e-46  4.23119e-47 -1.87179e-46 -3.18598e-47  1.32589e-46  1.94486e-47 -7.21765e-47 -8.83897e-48  2.73066e-47  2.58106e-48 -5.70423e-48 -3.12769e-49
-1.04542e-35 -2.97497e-39  5.11493e-35  1.27419e-37 -6.24165e-35 -1.33327e-37  1.07408e-34  7.52229e-38  2.69932e-34  1.77279e-36 -4.66309e-34   2.7803e-36 -1.33459e-33  2.59391e-36  5.16061e-33  4.15729e-36 -2.33326e-33  4.01204e-36  8.51529e-34  8.72512e-38 -1.32733e-33  3.84899e-36  2.59549e-33 -2.82699e-36 -1.18388e-33  8.72117e-36  2.36169e-34 -1.31978e-35  1.81356e-34  1.04888e-36 -2.49819e-34  1.06149e-36  1.39797e-34  5.57798e-36  6.46545e-35 -6.70259e-36  6.80992e-35 -9.57128e-37 -1.99121e-35  2.75009e-36  1.21473e-35 -1.08206e-36 -7.86824e-35 -2.04231e-36  4.26658e-35  -7.6711e-37 -9.74082e-36 -1.48259e-36  1.28399e-35  1.01346e-36 -9.99161e-36   -4.881e-37 -7.32719e-36  8.25315e-38 -5.42339e-37 -3.27376e-37  4.23523e-37 -3.64141e-38  1.73309e-36  2.79022e-38  1.23008e-37 -3.51721e-39 -7.66704e-37  1.81287e-38   2.0318e-37 -7.81024e-39  3.58427e-38  1.89479e-39  1.43555e-37  2.07535e-39 -6.39361e-39  1.95739e-39 -2.12037e-38 -3.07631e-40 -4.56767e-39 -2.73935e-40   3.5222e-39  -1.7821e-40  1.42035e-39  1.31693e-40  1.12401e-40 -3.79524e-41 -4.25334e-40  3.64362e-41 -2.30498e-40 -8.09863e-42  8.56379e-41  6.97751e-42  2.26639e-41 -3.58418e-42  -6.3935e-43  1.01676e-42 -1.36927e-42 -4.24483e-43 -6.26494e-43 -6.87838e-44 -3.69464e-43  2.41195e-43   2.5668e-43 -1.01156e-43 -9.75974e-44   3.4624e-44  3.07518e-44 -9.12645e-45 -7.15157e-45  4.35744e-46  1.40887e-45  8.77672e-46 -3.92648e-46 -7.51572e-46 -1.98639e-46  7.98776e-46  2.01385e-46 -8.60958e-46 -1.69844e-46  8.08787e-46  1.41964e-46 -6.32808e-46 -9.74735e-47  3.92813e-46  5.19937e-47 -1.79608e-46 -1.94195e-47  5.23129e-47  4.03119e-48 -6.26928e-48
 1.23705e-40 -2.12373e-35 -2.48839e-39   6.8632e-35  2.92692e-37 -1.23888e-34 -2.13187e-37   3.6537e-34  1.32176e-37  1.68316e-34  2.52067e-36 -3.95424e-34  3.51284e-36 -1.76482e-33  4.15729e-36  6.06711e-33  6.04653e-36 -3.01537e-33  3.49671e-36  1.59296e-33 -3.16702e-36 -1.74852e-33  5.75107e-36  2.40016e-33 -3.95309e-36 -8.30137e-34  8.45737e-36 -4.36224e-36 -1.45742e-35  3.27073e-34 -1.78353e-38 -3.57575e-34  3.12011e-36  1.35134e-34  4.57284e-36  1.06333e-34 -5.98453e-36  1.17756e-34 -2.97497e-36  -4.1006e-35  4.19344e-36  1.85592e-35 -2.08058e-36 -1.06026e-34  -2.2126e-36  5.92697e-35  -1.1042e-36 -1.67691e-35 -1.98715e-36   1.6649e-35  1.27312e-36 -1.26621e-35 -5.96334e-37 -8.46279e-36  1.10516e-37 -1.47389e-36  -4.6171e-37  8.93567e-37 -4.25189e-38  1.89896e-36  4.08962e-38  3.83098e-37 -5.46839e-39 -1.08424e-36  2.60682e-38  2.62242e-37 -9.65446e-39   7.6317e-38  2.03515e-39  1.68981e-37  2.50293e-39 -3.46155e-40   2.6511e-39 -2.69125e-38 -4.79567e-40 -5.38374e-39  -2.7607e-40  4.03024e-39  -2.3256e-40  1.13267e-39  1.73652e-40  3.76758e-40 -7.06921e-41 -5.70857e-40  5.58958e-41 -2.27336e-40 -1.86412e-41  1.12037e-40  1.37666e-41  2.58352e-41 -5.84035e-42  5.99262e-44  1.86508e-42 -1.80687e-42 -5.32064e-43 -6.04461e-43 -1.48905e-43  -4.2494e-43  3.48196e-43  2.35241e-43 -1.37159e-43 -1.08205e-43  4.27013e-44  3.55694e-44  -9.5003e-45 -7.22631e-45 -1.03334e-45  1.29314e-45  2.66018e-45 -3.18164e-47 -2.85755e-45 -6.37781e-46  3.17852e-45  6.54656e-46 -3.20433e-45 -5.76938e-46  2.73899e-45   4.4122e-46 -1.90492e-45  -2.6955e-46  1.01757e-45  1.22164e-46 -3.77462e-46 -3.54809e-47   7.7219e-47  4.26596e-48
 5.59201e-36 -2.16374e-40 -3.56636e-35  8.64036e-39  8.21372e-35  5.80679e-37 -2.13516e-34  -2.8099e-37  7.34482e-34  1.96876e-37  1.24411e-35  3.09715e-36 -1.73555e-34  3.98455e-36 -2.33326e-33  6.04653e-36  6.89337e-33    8.056e-36  -3.7491e-33  2.48039e-36   2.3541e-33 -6.97613e-36 -2.07802e-33  7.36464e-36  2.04228e-33 -4.65363e-36  -3.6104e-34  6.77924e-36  -2.4306e-34 -1.41881e-35  4.49371e-34 -1.82349e-36 -4.28333e-34  6.86744e-36  1.12262e-34  3.32317e-36  1.56806e-34 -4.69605e-36  1.77315e-34 -5.57428e-36 -6.88985e-35  5.87431e-36  2.37696e-35 -3.13862e-36 -1.34118e-34 -2.38012e-36  7.76017e-35 -1.45907e-36 -2.39797e-35 -2.55523e-36  2.02436e-35  1.59113e-36 -1.48088e-35 -7.41571e-37 -9.99324e-36  1.48649e-37 -2.59848e-36 -6.21843e-37  1.60904e-36 -4.72525e-38  1.99622e-36  5.77437e-38  6.99457e-37 -7.86016e-39 -1.48617e-36  3.43642e-38  3.23207e-37 -1.17889e-38  1.34739e-37  1.71535e-39  1.85814e-37  2.66933e-39  1.05988e-38  3.35297e-39 -3.29509e-38 -6.86766e-40 -5.78888e-39 -2.24436e-40    4.345e-39  -3.0484e-40  6.22143e-40  2.28179e-40  7.59617e-40 -1.21811e-40 -7.73786e-40  8.26287e-41 -2.03436e-40  -3.6411e-41   1.4437e-40  2.41264e-41  2.84981e-41 -9.19432e-42  1.46782e-42  3.09179e-42 -2.40258e-42 -6.37002e-43 -6.26394e-43 -2.66133e-43 -4.52195e-43  4.75865e-43   1.8158e-43 -1.74391e-43 -1.09286e-43  4.79783e-44  3.63302e-44 -6.64325e-45   -5.715e-45 -6.44339e-45  2.06991e-46  9.49554e-45  1.41916e-45 -1.09578e-44 -2.22324e-45  1.17085e-44  2.18125e-45 -1.08383e-44  -1.8188e-45  8.33127e-45  1.25114e-45 -5.07685e-45 -6.64786e-46  2.27668e-45  2.46665e-46 -6.49525e-46 -5.07701e-47  7.61099e-47
-4.91406e-40  1.78287e-35  -1.8806e-39 -5.71992e-35   4.2216e-38  9.34535e-35  1.02044e-36 -3.47055e-34 -3.10094e-37  1.18231e-33  3.05247e-37 -2.08423e-34  3.13029e-36   2.4238e-34  4.01204e-36 -3.01537e-33    8.056e-36  7.57635e-33  9.85545e-36 -4.44237e-33  1.16634e-36  3.00299e-33 -1.02981e-35 -2.25052e-33  7.87507e-36  1.57699e-33 -4.36589e-36  1.51859e-34  3.38694e-36 -4.23834e-34 -1.17995e-35   5.2632e-34 -4.24135e-36 -4.65379e-34  1.23677e-35    8.359e-35  2.17003e-36  2.10807e-34 -2.80927e-36  2.44261e-34 -8.80795e-36   -1.044e-34  7.66978e-36  2.70752e-35 -4.11571e-36 -1.60967e-34 -2.56049e-36  9.64973e-35 -1.81397e-36 -3.06155e-35 -3.17716e-36  2.35778e-35   1.9778e-36 -1.63113e-35 -9.27626e-37 -1.18812e-35  2.03047e-37 -3.95767e-36 -8.00181e-37  2.68808e-36 -5.07299e-38  1.98658e-36  7.70764e-38  1.05175e-36 -1.08589e-38 -1.96004e-36  4.23565e-38  3.80217e-37  -1.4257e-38  2.08058e-37  8.83213e-40   1.9098e-37  2.44728e-39  2.61183e-38  3.93682e-39 -3.87567e-38 -9.28748e-40 -5.58054e-39 -8.93403e-41  4.40479e-39 -3.99448e-40 -8.75534e-41  3.00375e-40   1.2788e-39 -1.96293e-40 -1.05312e-39  1.17518e-40 -1.54545e-40 -6.37648e-41  1.80805e-40  3.88123e-41  3.06875e-41 -1.39342e-41  3.61841e-42  4.73964e-42 -3.02429e-42 -7.34603e-43 -7.75879e-43  -4.1412e-43 -4.18013e-43  6.12765e-43  8.84482e-44 -2.05298e-43 -9.66351e-44  4.38801e-44  3.04192e-44  7.78386e-45 -7.86988e-46 -2.70654e-44 -4.18668e-45  3.52166e-44  6.61334e-45 -3.97238e-44 -7.55579e-45  3.94694e-44  6.90073e-45  -3.3172e-44 -5.25872e-45  2.26556e-44  3.19834e-45  -1.1872e-44 -1.43872e-45  4.31416e-45  4.14139e-46 -8.62934e-46 -4.93711e-47
-2.39172e-37 -1.18713e-39  4.19802e-35 -6.80692e-39 -8.64795e-35  1.01883e-37   1.1273e-34  1.62261e-36 -5.35923e-34 -3.03002e-37  1.65562e-33  5.64632e-37 -5.09985e-34  2.21463e-36  8.51529e-34  3.49671e-36  -3.7491e-33  9.85545e-36  8.07019e-33  1.10246e-35 -4.99169e-33 -1.00441e-37  3.43011e-33 -1.18259e-35 -2.23891e-33  6.45267e-36  1.07897e-33 -2.52045e-36  6.32535e-34  -1.7502e-36 -5.05045e-34 -7.60172e-36  5.45791e-34 -7.06509e-36 -4.80772e-34  1.93586e-35  6.16218e-35  1.41851e-36  2.64213e-34 -3.76939e-37  3.13621e-34 -1.26868e-35 -1.46672e-34  9.46842e-36  2.82744e-35 -4.83312e-36   -1.847e-34 -2.77202e-36  1.14313e-34 -2.16481e-36 -3.60128e-35 -3.83416e-36  2.67417e-35  2.43739e-36 -1.72899e-35 -1.14712e-36 -1.39477e-35  2.81994e-37 -5.59062e-36 -9.84155e-37  4.22422e-36 -5.40969e-38  1.83518e-36  9.66539e-38  1.40959e-36 -1.49525e-38 -2.47519e-36  4.94597e-38  4.27531e-37 -1.69278e-38   2.8836e-37  -3.8815e-40  1.83969e-37  1.78156e-39  4.47718e-38  4.22744e-39 -4.38381e-38 -1.20661e-39 -4.62133e-39  1.58134e-40  4.17127e-39 -5.16563e-40 -9.37616e-40   3.9517e-40  1.95103e-39 -2.98092e-40 -1.42568e-39   1.6088e-40 -7.60582e-41 -1.02573e-40  2.17274e-40  5.82433e-41  3.26491e-41 -2.02697e-41  6.31152e-42   6.8067e-42 -3.41353e-42 -8.30876e-43 -1.15775e-42 -5.70767e-43 -2.76237e-43  7.35496e-43 -5.03216e-44  -2.1112e-43 -6.53138e-44   7.5793e-45    1.256e-44  6.53402e-44  1.39785e-44 -1.03451e-43 -1.98971e-44  1.25547e-43  2.39849e-44 -1.33065e-43 -2.41384e-44  1.21154e-43  2.02101e-44 -9.14803e-44 -1.38125e-44  5.46925e-44  7.28049e-45 -2.40268e-44 -2.67722e-45   6.7013e-45  5.46874e-46 -7.65503e-46
 2.51508e-39 -4.16717e-36  2.12199e-39  8.23094e-35 -1.90007e-38 -1.20447e-34  1.59028e-37  1.55902e-34   2.3825e-36 -7.74801e-34 -3.19623e-37  2.09027e-33  1.15037e-36 -8.93227e-34  8.72512e-38  1.59296e-33  2.48039e-36 -4.44237e-33  1.10246e-35  8.34936e-33  1.11423e-35  -5.3074e-33 -8.87649e-37  3.58124e-33 -1.03211e-35 -2.06403e-33  2.51002e-36  6.27427e-34  1.36885e-36  1.02003e-33   -8.391e-36 -4.69306e-34 -2.22536e-36   5.0587e-34 -1.01136e-35 -4.89944e-34  2.72784e-35  5.43587e-35  1.26973e-36  3.14311e-34  2.40795e-36  3.78816e-34 -1.71116e-35 -1.92644e-34  1.11856e-35  2.75887e-35 -5.08674e-36 -2.03514e-34 -3.02079e-36  1.29035e-34 -2.53551e-36 -3.97191e-35 -4.49321e-36  2.98945e-35  2.96545e-36   -1.809e-35 -1.37913e-36 -1.58895e-35  3.95078e-37 -7.49558e-36 -1.15743e-36  6.24526e-36 -5.93739e-38  1.51805e-36  1.13636e-37  1.73559e-36 -2.09859e-38 -2.98543e-36  5.52191e-38  4.61294e-37 -1.93841e-38  3.63268e-37 -1.90073e-39  1.67487e-37  7.22885e-40  6.42323e-38  4.00587e-39 -4.79724e-38 -1.51506e-39 -2.89137e-39   5.3477e-40  3.63571e-39 -6.47853e-40   -1.842e-39  5.14716e-40  2.78858e-39 -4.28901e-40 -1.90157e-39  2.12237e-40  3.68351e-41 -1.53514e-40  2.47394e-40  8.22524e-41  3.48746e-41 -2.82288e-41  9.00979e-42  9.23101e-42 -3.19772e-42 -9.51246e-43 -1.87857e-42 -6.88447e-43   2.5417e-44  7.92263e-43  -2.4182e-43 -1.32465e-43 -3.74465e-45 -1.43999e-43 -3.42038e-44  2.77587e-43   6.0955e-44 -3.68599e-43 -7.24719e-44  4.17187e-43  7.80951e-44 -4.08439e-43 -7.14652e-44   3.3724e-43  5.41638e-44 -2.25976e-43 -3.26598e-44  1.15989e-43  1.45663e-44 -4.11939e-44 -4.16755e-45  8.02865e-45  4.97127e-46
-2.54966e-36  1.07024e-38 -1.34207e-35  2.44094e-38  1.39106e-34 -4.34984e-38 -1.54402e-34  1.22866e-37  2.34028e-34  3.29437e-36 -1.03366e-33  -4.7985e-37   2.4229e-33  2.23407e-36 -1.32733e-33 -3.16702e-36   2.3541e-33  1.16634e-36 -4.99169e-33  1.11423e-35  8.41101e-33  9.93824e-36 -5.33676e-33 -7.52972e-37   3.4684e-33 -4.95077e-36 -1.78721e-33 -4.13161e-36  2.89505e-34  7.64983e-36  1.28119e-33 -1.61297e-35 -3.24261e-34  3.34874e-36  4.10871e-34 -1.32858e-35 -5.05831e-34  3.53503e-35  6.29051e-35  1.81153e-36  3.59075e-34  5.16189e-36   4.3287e-34 -2.18063e-35 -2.36768e-34  1.27549e-35  2.52815e-35 -4.67698e-36 -2.15549e-34 -3.28266e-36  1.38596e-34 -2.98728e-36 -4.15511e-35 -5.10513e-36  3.31641e-35  3.54778e-36   -1.919e-35 -1.59071e-36  -1.7336e-35   5.5149e-37 -9.59437e-36  -1.3021e-36  8.68466e-36 -6.88574e-38  1.02798e-36  1.24931e-37  1.99051e-36 -3.01611e-38 -3.43697e-36  5.93133e-38  4.80956e-37 -2.08624e-38  4.17562e-37 -3.36694e-39   1.4717e-37 -5.57975e-40  8.17923e-38  3.01988e-39 -5.13488e-38 -1.82528e-39 -5.06846e-40  1.03082e-39  2.81672e-39 -7.72811e-40 -2.70097e-39   6.5531e-40   3.7948e-39 -5.87007e-40 -2.47954e-39  2.70132e-40  1.88361e-40 -2.15387e-40  2.62956e-40  1.09864e-40  3.81806e-41  -3.7547e-41  1.07721e-41  1.18881e-41 -1.94081e-42 -1.16066e-42 -3.02192e-42 -6.57966e-43  5.39304e-43   6.3613e-43 -5.08279e-43  2.37249e-43  1.29543e-43 -6.99203e-43 -1.68728e-43  1.00686e-42  2.12214e-43 -1.21887e-42 -2.36714e-43  1.27751e-42  2.33724e-43 -1.14317e-42 -1.94533e-43  8.46783e-43  1.31864e-43 -4.95747e-43  -6.8976e-44  2.12753e-43   2.5267e-44 -5.77781e-44  -5.1841e-45  6.39721e-45
  -4.559e-39 -4.24506e-36  3.05344e-38 -2.85679e-35  9.59491e-38  2.06756e-34 -7.93494e-38 -1.84045e-34 -1.76041e-37  3.41557e-34  4.36069e-36 -1.25993e-33 -9.22887e-37  2.60172e-33  3.84899e-36 -1.74852e-33 -6.97613e-36  3.00299e-33 -1.00441e-37  -5.3074e-33  9.93824e-36  8.27752e-33  7.49391e-36 -5.07716e-33  6.69714e-37   3.1579e-33  4.50044e-36 -1.49147e-33 -1.32415e-35  1.07844e-34  1.65044e-35  1.41289e-33 -2.45619e-35 -9.56064e-35  7.94308e-36  2.66144e-34 -1.65076e-35 -5.34718e-34  4.26977e-35  8.18696e-35  3.06362e-36  3.96097e-34  7.29661e-36  4.69475e-34 -2.62839e-35 -2.71386e-34  1.41044e-35  2.11245e-35 -3.45474e-36 -2.18854e-34 -3.49015e-36  1.41348e-34 -3.61597e-36 -4.15641e-35 -5.60859e-36  3.65386e-35  4.16076e-36  -2.1059e-35 -1.74262e-36 -1.79254e-35  7.57629e-37 -1.17177e-35 -1.40135e-36  1.13776e-35 -8.42227e-38  3.78264e-37  1.27537e-37  2.13982e-36 -4.40425e-38 -3.77959e-36  6.15146e-38  4.89727e-37 -2.02753e-38  4.35812e-37 -4.46854e-39  1.30313e-37 -1.77847e-39   9.4985e-38   1.0004e-39 -5.46006e-38 -2.06222e-39    2.321e-39  1.59736e-39  1.74544e-39 -8.57743e-40 -3.41779e-39  8.05192e-40  4.96043e-39 -7.66688e-40 -3.14351e-39  3.32077e-40  3.80842e-40 -2.84663e-40  2.54981e-40  1.39176e-40  4.38326e-41 -4.76037e-41  1.02786e-41  1.46338e-41  7.74455e-43 -1.64302e-42 -4.63722e-42 -1.62309e-43  1.33686e-42 -2.17917e-43 -9.42434e-43  1.60046e-42  4.82077e-43 -2.58483e-42 -5.81681e-43  3.32742e-42  6.80145e-43 -3.72096e-42 -7.12058e-43  3.58397e-42  6.44328e-43 -2.90255e-42 -4.84663e-43  1.90373e-42  2.90507e-43 -9.53956e-43 -1.29466e-43  3.29581e-43   3.7382e-44 -6.21764e-44  -4.5714e-45
 1.44378e-36 -2.05875e-38 -4.62049e-36  7.12119e-38 -4.88561e-35  2.55198e-37  2.74345e-34 -1.06879e-37 -2.05592e-34 -9.63714e-37  4.52127e-34  5.57418e-36 -1.39133e-33 -1.72792e-36  2.59549e-33  5.75107e-36 -2.07802e-33 -1.02981e-35  3.43011e-33 -8.87649e-37 -5.33676e-33  7.49391e-36  7.99723e-33  4.44197e-36 -4.57534e-33  3.59012e-36  2.74411e-33  1.76017e-35 -1.26072e-33 -2.43238e-35  9.62462e-35  2.79292e-35  1.43488e-33  -3.3429e-35  1.83513e-34  1.03828e-35  7.51912e-35 -1.95792e-35 -5.75066e-34  4.84566e-35   1.0211e-34  5.04781e-36   4.2188e-34   8.0645e-36  4.83657e-34 -2.98796e-35 -2.87853e-34  1.51363e-35  1.39539e-35 -1.37318e-36 -2.11522e-34 -3.53264e-36  1.36542e-34 -4.53346e-36 -3.99313e-35 -5.94029e-36  3.97822e-35   4.7718e-36 -2.40155e-35   -1.798e-36 -1.73793e-35  1.01457e-36  -1.3623e-35 -1.44202e-36  1.40857e-35 -1.05597e-37 -3.95083e-37   1.1883e-37  2.16034e-36 -6.45847e-38 -3.97794e-36  6.16268e-38   4.9387e-37 -1.63323e-38  4.05436e-37 -4.91708e-39  1.23881e-37 -2.57262e-39  1.02115e-37 -2.31326e-39 -5.87123e-38 -2.08585e-39  5.38876e-39  2.14217e-39  4.39131e-40 -8.59442e-40 -3.91625e-39  9.44917e-40  6.26306e-39 -9.58763e-40 -3.86177e-39  3.94801e-40  6.13413e-40 -3.55551e-40  2.15148e-40  1.67463e-40  5.36332e-41 -5.75038e-41    5.998e-42  1.74973e-41  5.26898e-42 -3.01426e-42 -6.79351e-42  1.85138e-42  2.62261e-42 -3.38386e-42 -1.88803e-42  6.18879e-42  1.53238e-42 -8.53048e-42 -1.83786e-42  1.01262e-41  2.03643e-42 -1.04394e-41 -1.98114e-42  9.16256e-42  1.63619e-42 -6.63943e-42 -1.10524e-42   3.7915e-42  5.80012e-43 -1.58094e-42 -2.15647e-43  4.14868e-43  4.56666e-44 -4.40332e-44
 3.95801e-39  2.52007e-36 -6.69422e-38 -2.16756e-36  1.50664e-37 -7.21109e-35  5.24197e-37  3.27884e-34 -7.88612e-38 -2.14126e-34 -2.44813e-36   5.2556e-34  6.86454e-36 -1.37469e-33 -2.82699e-36  2.40016e-33  7.36464e-36 -2.25052e-33 -1.18259e-35  3.58124e-33 -7.52972e-37 -5.07716e-33  4.44197e-36  7.64065e-33  2.08288e-36 -3.91477e-33  8.00196e-36  2.32164e-33   3.3403e-35 -1.16418e-33 -3.68127e-35  2.43617e-34  4.17182e-35  1.37773e-33 -4.26784e-35  4.81959e-34  9.71898e-36 -1.58998e-34 -2.19983e-35 -6.19407e-34  5.18638e-35  1.14664e-34  7.84312e-36  4.31947e-34  6.67372e-36  4.72026e-34 -3.18566e-35 -2.78323e-34  1.57269e-35  1.56894e-36  1.47231e-36 -1.91989e-34 -3.27412e-36  1.24627e-34 -5.83495e-36 -3.67625e-35  -6.0482e-36  4.24098e-35  5.34005e-36 -2.81388e-35 -1.73187e-36 -1.55545e-35  1.31622e-36 -1.50457e-35 -1.41641e-36  1.65436e-35 -1.30876e-37 -1.23189e-36  9.67869e-38  2.04559e-36 -9.41405e-38 -4.01987e-36  5.94241e-38   5.0117e-37 -7.75686e-39  3.19434e-37 -4.49179e-39  1.32399e-37  -2.5343e-39  1.02536e-37 -7.13698e-39 -6.48222e-38 -1.68876e-39  8.63223e-39  2.54031e-39 -1.12745e-39 -7.34737e-40 -4.15815e-39  1.05165e-39   7.6708e-39 -1.15264e-39 -4.59013e-39  4.54926e-40  8.81506e-40 -4.20739e-40  1.37305e-40  1.91642e-40  6.98325e-41 -6.65341e-41 -3.52549e-42  2.13687e-41  1.18033e-41  -7.4211e-42  -9.8414e-42  8.87151e-42  5.13533e-42 -1.39282e-41 -4.47125e-42  2.05217e-41  4.69775e-42 -2.58435e-41 -5.47072e-42  2.83599e-41  5.69165e-42 -2.67798e-41 -5.11269e-42  2.12025e-41  3.84378e-42 -1.35495e-41 -2.32319e-42  6.58662e-42  1.05779e-42 -2.19408e-42 -3.17485e-43  3.95527e-43  4.10599e-44
