 1.35619e-34 -3.90101e-51 -1.54342e-34  -4.8367e-49  2.50638e-35  1.40512e-48  3.89651e-35 -1.94573e-47 -2.50085e-35  6.67134e-47 -1.07221e-35  2.00864e-46   1.4558e-35  2.07964e-46  4.55967e-36  6.71246e-45 -6.92622e-36 -7.32954e-45  4.61862e-37 -1.79468e-44  1.73571e-36 -1.19713e-45 -3.19698e-37 -9.63932e-45 -1.36109e-37  2.60097e-43 -5.15681e-37 -8.54728e-43  2.77866e-36   3.8296e-43 -1.44214e-35 -1.28285e-42  7.07135e-35  3.18683e-43 -3.14619e-34  3.49191e-42  1.26511e-33 -5.45118e-42 -4.60498e-33  4.77125e-42   1.5177e-32  1.01407e-41 -4.52707e-32 -3.75063e-41  1.22084e-31  1.43065e-40 -2.97129e-31 -4.83666e-40  6.50952e-31   1.5173e-39 -1.27914e-30 -4.45024e-39   2.2436e-30  1.21737e-38 -3.48973e-30 -3.10285e-38  4.77034e-30  7.36683e-38 -5.65804e-30 -1.62912e-37  5.71175e-30  3.35445e-37 -4.75283e-30   -6.428e-37  3.06145e-30  1.14557e-36 -1.28473e-30 -1.89708e-36  5.56398e-32  2.91612e-36   3.9427e-31 -4.15554e-36 -2.98599e-31  5.48138e-36  6.72572e-32 -6.68049e-36  4.81891e-32  7.50685e-36 -4.06032e-32 -7.75789e-36  4.56002e-33  7.35134e-36  7.55977e-33 -6.36457e-36 -2.91155e-33  5.01264e-36 -9.11588e-34 -3.57219e-36  7.33535e-34  2.28788e-36  1.69968e-35 -1.30531e-36 -9.04998e-35  6.55316e-37 -4.11186e-36 -2.84216e-37  1.23461e-35  1.03203e-37  2.45698e-37 -2.93763e-38 -1.15632e-36  5.32121e-39 -9.78234e-39  2.15821e-40  5.05512e-38 -6.40909e-40  8.42018e-39  2.96991e-40 -1.26519e-39 -8.67153e-41 -7.79831e-40  1.72063e-41  7.43271e-41 -2.00467e-42  5.67464e-42 -9.71641e-46  6.77284e-43  4.88918e-44 -1.76247e-44 -9.06215e-45 -1.27014e-44  7.55389e-46  8.45438e-47 -2.35474e-47 -8.49887e-48 -3.89176e-50
-3.90101e-51  3.14103e-34  1.77816e-49 -2.47159e-34 -7.72547e-48  7.30855e-36  2.05467e-47  6.26631e-35 -2.88335e-46 -1.78917e-35  7.80414e-46 -3.51744e-35  2.13726e-45  2.59647e-35  6.47699e-46  1.05022e-35  5.89499e-44 -1.31488e-35    -6.95e-44  1.45084e-36 -1.03158e-43  2.67703e-36  3.15314e-44  -5.8731e-37  -5.3848e-43    2.188e-36  2.54642e-42 -1.73181e-35 -6.95935e-42  9.78422e-35  2.97802e-42 -5.05695e-34 -8.19122e-42    2.366e-33  1.57005e-43 -1.00115e-32  2.26133e-41  3.83363e-32 -2.91994e-41  -1.3292e-31  2.12128e-42  4.17246e-31  1.62769e-40 -1.18494e-30 -6.06685e-40  3.04016e-30  2.17353e-39 -7.03158e-30 -7.13216e-39  1.46163e-29  2.17798e-38 -2.71921e-29 -6.20182e-38  4.50219e-29  1.64564e-37 -6.58355e-29 -4.06776e-37   8.4124e-29  9.36524e-37 -9.24791e-29 -2.00787e-36  8.53487e-29  4.00706e-36 -6.33004e-29 -7.43954e-36  3.42027e-29  1.28403e-35 -9.19294e-30 -2.05834e-35 -4.21806e-30  3.06114e-35  6.27366e-30 -4.21791e-35 -2.87788e-30  5.37621e-35 -1.63204e-31 -6.32722e-35  8.77627e-31  6.86057e-35 -3.42218e-31 -6.83596e-35 -8.13347e-32  6.24026e-35  9.88243e-32 -5.19975e-35  -6.9847e-33  3.93748e-35 -1.78026e-32 -2.69496e-35  4.36535e-33  1.65583e-35  1.98349e-33 -9.05221e-36 -6.14689e-34  4.34995e-36 -2.66478e-34 -1.80457e-36  7.97616e-35  6.27005e-37  2.57794e-35 -1.71419e-37 -6.19648e-36  3.04648e-38 -1.73069e-36  5.10159e-40  1.03808e-37 -2.94276e-39  1.15865e-37  1.33071e-39  7.33834e-39 -3.74238e-40 -4.73237e-39  7.18924e-41  -1.5576e-40 -8.43225e-42  1.33491e-41  1.90478e-43  6.75099e-42  1.25965e-43  3.17257e-43 -2.24874e-44 -2.27505e-44  1.59449e-45 -1.70371e-45 -3.55955e-47 -3.86161e-48
-1.54342e-34  1.77816e-49  4.41088e-34  2.77736e-48 -2.42973e-34 -8.04795e-47 -6.98816e-35  1.99755e-46  9.47304e-35 -2.68599e-45 -3.76736e-36  6.34512e-45 -6.29472e-35  1.54516e-44  3.43408e-35 -6.08117e-45  1.37918e-35  3.56932e-43 -1.70357e-35 -4.29615e-43  3.27485e-36 -3.97916e-43  4.12296e-36  5.29852e-43  -1.0684e-35 -5.47617e-42  7.37078e-35  1.65494e-41 -4.53347e-34 -3.92115e-41  2.47454e-33  1.60835e-41 -1.21968e-32 -3.67811e-41  5.43157e-32 -6.73154e-42 -2.18824e-31  9.21434e-41  7.98141e-31 -6.18764e-41 -2.63613e-30 -2.80903e-40  7.88096e-30  1.78544e-39 -2.13037e-29 -6.54197e-39  5.19792e-29  2.25436e-38 -1.14177e-28  -7.1909e-38  2.24985e-28  2.13562e-37 -3.95776e-28  -5.9085e-37  6.17482e-28  1.52261e-36 -8.46787e-28 -3.65418e-36  1.00773e-27  8.16599e-36 -1.02083e-27 -1.69868e-35  8.52463e-28  3.28771e-35    -5.51e-28 -5.91672e-35  2.31822e-28  9.89303e-35 -9.57586e-30 -1.53539e-34 -7.23397e-29  2.20922e-34  5.49497e-29 -2.94307e-34  -1.2442e-29  3.62407e-34 -8.94118e-30 -4.11724e-34  7.57094e-30  4.30586e-34 -8.37588e-31 -4.13444e-34 -1.45164e-30  3.63346e-34  5.73428e-31 -2.91171e-34  1.62268e-31  2.11807e-34 -1.35409e-31 -1.39088e-34 -5.99231e-33  8.18828e-35  1.88859e-32 -4.28321e-35  4.14631e-34  1.96687e-35 -2.41342e-33 -7.79028e-36 -1.24425e-35  2.58509e-36  2.12483e-34 -6.77755e-37  7.96203e-36  1.18151e-37 -1.13741e-35 -6.81292e-40 -1.87692e-36  -8.9018e-39  4.30609e-37  3.95301e-39   1.1181e-37 -1.07158e-39 -7.48745e-39  1.98856e-40 -1.85652e-39 -2.31345e-41 -1.61761e-40  8.49392e-43  1.32297e-41  2.07556e-43  1.95788e-42 -3.59004e-44  3.62217e-44  2.06689e-45  -2.9641e-45 -2.68574e-47
 -4.8367e-49 -2.47159e-34  2.77736e-48  4.79231e-34  2.21463e-47 -1.72101e-34 -6.37796e-46 -1.58671e-34  1.48218e-45  1.33283e-34 -1.87538e-44  4.78872e-36   4.1315e-44 -8.76448e-35  8.95659e-44  3.74837e-35 -9.37079e-44  1.27816e-35  1.74114e-42 -1.73521e-35 -1.99692e-42  2.29291e-36 -1.34866e-42  3.80643e-35  4.63313e-42 -2.57238e-34 -3.53805e-41  1.65856e-33  8.37196e-41 -9.57533e-33 -1.75645e-40  4.97403e-32  6.90917e-41 -2.33231e-31 -1.36464e-40  9.88756e-31 -3.70187e-41 -3.79397e-30  2.16548e-40  1.31831e-29  3.71415e-40 -4.14777e-29 -3.40611e-39  1.18078e-28  1.52625e-38 -3.03724e-28 -5.47042e-38  7.04374e-28   1.8307e-37 -1.46832e-27 -5.68957e-37  2.73983e-27  1.64589e-36 -4.55062e-27 -4.43268e-36  6.67643e-27  1.11139e-35  -8.5608e-27 -2.59382e-35  9.44543e-27  5.63366e-35 -8.75042e-27 -1.13829e-34  6.51545e-27  2.13846e-34 -3.53413e-27 -3.73281e-34   9.5209e-28  6.04919e-34  4.42786e-28 -9.09169e-34 -6.59929e-28  1.26579e-33  3.04479e-28 -1.63018e-33  1.69848e-29  1.93891e-33 -9.36237e-29 -2.12565e-33  3.67666e-29  2.14315e-33  8.85135e-30  -1.9819e-33 -1.08806e-29  1.67569e-33  8.79278e-31  -1.2904e-33  1.90444e-30  9.00885e-34  -4.6214e-31 -5.66968e-34 -2.32525e-31  3.19392e-34  7.47702e-32 -1.59604e-34  2.86442e-32  6.99025e-35 -9.16635e-33 -2.63747e-35 -2.78604e-33  8.33836e-36  6.50956e-34  -2.0918e-36   2.2284e-34  3.57174e-37 -1.64422e-35 -9.39965e-39 -1.42398e-35 -2.03201e-38 -3.68433e-37  8.95216e-39  4.46676e-37 -2.34547e-39  3.56479e-38  4.20443e-40 -2.82982e-39 -4.80676e-41  -8.7246e-40  2.17564e-42 -3.05238e-41  2.46517e-43  3.24034e-42 -4.18728e-44  1.73715e-43  1.80122e-45 -6.84351e-46
 2.50638e-35 -7.72547e-48 -2.42973e-34  2.21463e-47  4.66439e-34   1.1628e-46 -1.10369e-34 -4.12276e-45 -2.25085e-34  8.96226e-45  1.77454e-34 -1.06473e-43  2.75619e-36  2.28201e-43 -1.05661e-34  4.49247e-43  3.29525e-35 -7.23949e-43  7.36194e-36  7.31823e-42 -5.00255e-36 -7.27441e-42 -8.64022e-35 -5.33151e-42  7.50803e-34  2.92197e-41 -5.09671e-33 -1.76027e-40  3.10621e-32  3.51993e-40 -1.70173e-31 -6.61911e-40  8.40503e-31  2.49905e-40 -3.75052e-30  -4.5546e-40  1.51413e-29 -4.69501e-41 -5.53481e-29 -2.23754e-40  1.83231e-28  5.20831e-39 -5.49133e-28 -2.66133e-38  1.48826e-27  1.06396e-37 -3.64119e-27  -3.7409e-37  8.02138e-27  1.22419e-36 -1.58543e-26 -3.72182e-36  2.79796e-26  1.05232e-35 -4.38018e-26 -2.76746e-35  6.02837e-26   6.7694e-35 -7.20135e-26 -1.53991e-34  7.32418e-26   3.2569e-34 -6.14205e-26 -6.40173e-34  3.98767e-26  1.16879e-33 -1.68548e-26 -1.98068e-33  6.95421e-28   3.1129e-33  5.32132e-27 -4.53254e-33 -4.06758e-27  6.10695e-33  9.31344e-28 -7.60331e-33   6.6531e-28  8.73301e-33 -5.69724e-28 -9.23572e-33  6.42966e-29  8.97292e-33  1.10771e-28 -7.98691e-33  -4.4796e-29  6.49225e-33   -1.196e-29 -4.80044e-33  1.03431e-29  3.21337e-33  5.25106e-31 -1.93593e-33 -1.53361e-30  1.04208e-33 -8.98043e-33 -4.96584e-34  1.89033e-31  2.06975e-34 -8.41292e-35 -7.41931e-35 -1.67095e-32  2.22798e-35 -8.13327e-34 -5.33236e-36  1.00857e-33  8.89869e-37  1.42405e-34 -3.98622e-38 -3.82373e-35 -3.65708e-38 -8.20919e-36  1.62761e-38  4.16219e-37 -4.14558e-39  1.87362e-37  7.19619e-40  1.25144e-38 -8.03772e-41 -1.32275e-39  4.02033e-42 -1.64781e-40  2.14061e-43 -1.36313e-42 -3.68141e-44  1.66449e-43   9.7579e-46
 1.40512e-48  7.30855e-36 -8.04795e-47 -1.72101e-34   1.1628e-46   4.6702e-34  4.00804e-46 -9.13822e-35 -2.26942e-44 -2.69011e-34  4.61706e-44  2.19883e-34 -5.16818e-43 -7.60703e-36  1.10382e-42 -1.14487e-34  2.03311e-42   2.1648e-35 -4.14409e-42 -2.26354e-35  2.74608e-41   2.1745e-34 -2.04493e-41 -1.85969e-33 -2.59786e-41  1.35424e-32  1.47236e-40 -8.72247e-32  -7.2745e-40  5.04235e-31  1.27389e-39 -2.62466e-30 -2.16408e-39  1.23316e-29  7.82511e-40 -5.23887e-29 -1.42907e-39  2.01469e-28  5.43386e-40 -7.01703e-28 -5.46454e-39  2.21325e-27  3.57927e-38 -6.31726e-27 -1.58958e-37  1.62946e-26  6.10673e-37 -3.79005e-26 -2.12632e-36  7.92522e-26  6.86835e-36 -1.48368e-25 -2.05754e-35  2.47284e-25  5.72065e-35 -3.64138e-25 -1.47657e-34  4.68736e-25  3.53858e-34 -5.19318e-25 -7.87315e-34  4.83234e-25  1.62603e-33 -3.61522e-25 -3.11616e-33  1.97126e-25  5.53858e-33 -5.34629e-26 -9.12391e-33 -2.48813e-26  1.39191e-32  3.74032e-26 -1.96456e-32 -1.74169e-26  2.56233e-32 -9.17739e-28  -3.0841e-32  5.38684e-27  3.42018e-32 -2.14605e-27 -3.48799e-32 -5.08885e-28  3.26381e-32  6.42534e-28  -2.7946e-32 -5.70746e-29  2.18239e-32  -1.1154e-28 -1.54815e-32   2.7571e-29  9.92683e-33   1.4189e-29 -5.71826e-33 -4.76789e-30  2.93677e-33 -1.67536e-30 -1.33193e-33  5.66397e-31  5.26959e-34  1.68578e-31 -1.78882e-34 -4.02337e-32  5.08299e-35 -1.44958e-32  -1.1563e-35  1.29448e-33  1.88102e-36  8.89049e-34 -1.15532e-37  1.55131e-35  -5.2009e-38 -2.70781e-35   2.4241e-38 -2.66391e-36 -6.07091e-39  2.34818e-37  1.02645e-39  5.81659e-38 -1.11615e-40  1.59791e-39  5.80042e-42 -2.18318e-40  1.26549e-43 -9.50717e-42 -2.38978e-44 -2.55777e-44
 3.89651e-35  2.05467e-47 -6.98816e-35 -6.37796e-46 -1.10369e-34  4.00804e-46  5.04086e-34  6.10015e-46 -1.04243e-34 -1.09706e-43 -2.97871e-34  2.10234e-43   2.4514e-34 -2.22121e-42 -2.02428e-35  4.77309e-42 -1.15841e-34  8.47519e-42  4.60667e-35 -1.95035e-41 -4.84711e-34  9.37179e-41  4.13792e-33 -3.88899e-41 -3.16991e-32 -1.27991e-40  2.16239e-31  6.22785e-40 -1.32013e-30 -2.59552e-39  7.24607e-30  4.05027e-39 -3.58614e-29 -6.23495e-39  1.60362e-28  2.04686e-39 -6.48858e-28 -3.83081e-39  2.37751e-27  3.05088e-39 -7.89066e-27  -2.8496e-38  2.37109e-26    1.635e-37 -6.44426e-26 -7.21062e-37  1.58136e-25  2.80415e-36 -3.49467e-25 -9.90068e-36  6.93036e-25  3.21649e-35  -1.2274e-24 -9.63192e-35  1.92871e-24  2.66321e-34 -2.66505e-24 -6.80682e-34  3.19717e-24  1.60937e-33 -3.26653e-24 -3.52152e-33  2.75285e-24  7.13252e-33 -1.79709e-24  -1.3371e-32  7.64723e-25  2.31935e-32 -3.31008e-26  -3.7209e-32 -2.43016e-25  5.51714e-32  1.87593e-25 -7.55429e-32 -4.37331e-26  9.54184e-32 -3.06933e-26 -1.11041e-31  2.67528e-26  1.18875e-31 -3.15413e-27 -1.16861e-31 -5.23215e-27  1.05263e-31  2.17406e-27 -8.66456e-32  5.53009e-28  6.49591e-32 -4.99236e-28 -4.41734e-32 -2.41827e-29  2.71057e-32  7.63307e-29 -1.49117e-32 -5.05789e-31  7.29544e-33 -9.28678e-30 -3.14236e-33  5.25229e-32  1.17663e-33  8.40988e-31 -3.76761e-34   3.9731e-32  1.00818e-34 -5.36999e-32 -2.16939e-35 -6.70308e-33  3.43043e-36  2.01001e-33 -2.62785e-37  4.13738e-34 -5.54892e-38 -2.03646e-35  2.95313e-38  -1.0604e-35 -7.43785e-39 -6.02513e-37  1.23843e-39  7.72423e-38 -1.30871e-40  8.35551e-39  6.75689e-42  7.01253e-41  3.42142e-44 -7.70403e-42 -1.02002e-44
-1.94573e-47  6.26631e-35  1.99755e-46 -1.58671e-34 -4.12276e-45 -9.13822e-35  6.10015e-46  5.69919e-34  -2.6461e-45 -1.25161e-34 -4.76934e-43 -3.11472e-34  8.73857e-43    2.384e-34 -8.66813e-42 -2.16565e-35   1.8722e-41 -1.80914e-34  3.27806e-41  8.56943e-34 -7.90834e-41 -8.19316e-33  2.93485e-40    6.644e-32 -8.90736e-42 -4.79686e-31 -5.61511e-40  3.09562e-30  2.27498e-39 -1.79299e-29 -8.16962e-39  9.35188e-29  1.14041e-38 -4.40329e-28 -1.56577e-38  1.87491e-27  2.71017e-39  -7.2276e-27 -1.67349e-39  2.52373e-26 -1.57339e-38 -7.98161e-26 -1.75956e-38  2.28469e-25  3.32714e-37 -5.91089e-25 -1.97776e-36  1.37925e-24  8.99521e-36 -2.89388e-24 -3.49168e-35  5.43713e-24  1.20182e-34  -9.0967e-24 -3.72556e-34  1.34499e-23   1.0497e-33 -1.73886e-23 -2.70332e-33  1.93549e-23  6.38621e-33 -1.81012e-23 -1.38712e-32  1.36182e-23  2.77421e-32 -7.47514e-24 -5.11317e-32  2.05035e-24  8.68813e-32  9.42179e-25 -1.36098e-31  -1.4385e-24  1.96488e-31  6.78558e-25 -2.61298e-31  3.19529e-26  3.19818e-31 -2.10345e-25   -3.599e-31  8.55567e-26  3.71882e-31  1.95663e-26 -3.52262e-31 -2.57362e-26  3.05265e-31  2.50753e-27 -2.41393e-31  4.46182e-27   1.7361e-31 -1.14545e-27 -1.13081e-31 -5.77458e-28   6.6344e-32  2.04214e-28 -3.48169e-32  6.70247e-29  1.62013e-32 -2.40482e-29 -6.61215e-33 -6.96831e-30  2.33524e-33   1.7599e-30 -7.01938e-34  6.19557e-31  1.75789e-34 -6.38968e-32 -3.55531e-35 -3.78623e-32  5.44864e-36 -4.86565e-34 -4.95356e-37  1.19266e-33 -3.42603e-38  1.19755e-34   2.8514e-38 -1.20015e-35  -7.5895e-39 -2.59407e-36  1.27017e-39 -5.98835e-38 -1.30443e-40  9.61368e-39    6.417e-42  4.43221e-40 -1.83805e-44  1.70113e-42
-2.50085e-35 -2.88335e-46  9.47304e-35  1.48218e-45 -2.25085e-34 -2.26942e-44 -1.04243e-34  -2.6461e-45  6.50837e-34 -2.55076e-44 -1.34382e-34 -1.89981e-42 -3.06775e-34  3.40286e-42  1.86631e-34  -3.1249e-41  1.07533e-34  6.73347e-41 -1.54902e-33  1.17735e-40  1.44677e-32 -2.83527e-40 -1.25605e-31  8.46806e-40  9.61628e-31  3.24557e-40 -6.56555e-30 -2.13306e-39  4.01597e-29  7.29419e-39 -2.20883e-28 -2.28837e-38  1.09553e-27  2.78957e-38 -4.91014e-27 -3.02746e-38  1.99156e-26 -2.30026e-38 -7.31613e-26  1.06802e-37  2.43474e-25 -4.25336e-37 -7.33734e-25  1.19261e-36  2.00028e-24 -2.72393e-36  -4.9244e-24  3.93872e-36  1.09199e-23  4.11683e-36 -2.17346e-23 -6.03159e-35  3.86424e-23  2.95843e-34 -6.09728e-23 -1.08269e-33  8.46232e-23  3.33564e-33 -1.02001e-22 -9.02566e-33  1.04751e-22  2.18756e-32 -8.87808e-23 -4.79972e-32   5.8339e-23  9.59199e-32 -2.50489e-23 -1.75243e-31  1.18966e-24  2.93335e-31  7.96908e-24 -4.50415e-31 -6.23571e-24  6.34786e-31  1.49076e-24 -8.21171e-31  1.01456e-24  9.74742e-31 -9.06242e-25 -1.06099e-30  1.13642e-25  1.05798e-30  1.77324e-25 -9.65182e-31 -7.61701e-26  8.04157e-31 -1.83425e-26 -6.10438e-31  1.74887e-26  4.20843e-31  7.13084e-28 -2.62362e-31 -2.71868e-27  1.47052e-31  4.99437e-29 -7.35417e-32   3.3102e-28  3.24984e-32 -4.43592e-30 -1.25364e-32 -3.07505e-29  4.15956e-33 -1.22566e-30 -1.16663e-33  2.02727e-30  2.71184e-34  2.29837e-31 -5.11044e-35 -7.68384e-32  7.56764e-36 -1.53461e-32 -7.95254e-37  8.48794e-34  1.82086e-38  4.17176e-34  1.94224e-38  2.08625e-35 -6.28329e-39 -3.13673e-36  1.10177e-39 -3.17325e-37 -1.10268e-40 -2.86777e-39  4.91056e-42  3.25289e-40 -2.30919e-44
 6.67134e-47 -1.78917e-35 -2.68599e-45  1.33283e-34  8.96226e-45 -2.69011e-34 -1.09706e-43 -1.25161e-34 -2.55076e-44  7.30677e-34 -1.17911e-43 -1.22193e-34 -7.03072e-42 -2.78123e-34  1.26147e-41 -5.74579e-35 -1.05167e-40  2.22863e-33  2.23882e-40 -2.34582e-32  3.92353e-40  2.15582e-31 -9.13267e-40 -1.75425e-30  2.25744e-39   1.2687e-29  1.81269e-39 -8.20251e-29 -7.03507e-39  4.76067e-28  2.05848e-38 -2.48847e-27 -5.62417e-38  1.17439e-26  5.16978e-38 -5.01273e-26 -1.27407e-39  1.93737e-25 -3.24025e-37  -6.7835e-25  1.28935e-36  2.15161e-24 -4.68626e-36 -6.17789e-24  1.48258e-35  1.60357e-23 -4.21095e-35 -3.75477e-23  1.05139e-34   7.9072e-23 -2.20953e-34 -1.49147e-22  3.46542e-34  2.50579e-22 -1.82313e-34 -3.72151e-22 -1.32887e-33  4.83448e-22  7.03745e-33 -5.40922e-22  -2.3319e-32  5.08787e-22  6.22904e-32 -3.85277e-22 -1.43511e-31  2.13209e-22  2.93193e-31 -5.94216e-23 -5.38531e-31 -2.65799e-23  8.96081e-31  4.15287e-23 -1.35659e-30 -1.99219e-23  1.87323e-30 -7.72936e-25 -2.36242e-30   6.1639e-24  2.72266e-30 -2.57552e-24 -2.86754e-30 -5.56828e-25  2.75885e-30  7.74697e-25  -2.4226e-30 -8.35218e-26  1.93907e-30 -1.34252e-25 -1.41183e-30  3.62949e-26  9.32277e-31  1.74733e-26 -5.55888e-31 -6.56215e-27  2.97459e-31 -2.01705e-27 -1.41644e-31  7.76714e-28  5.93579e-32  2.15216e-28 -2.15862e-32 -5.88206e-29  6.69774e-33 -1.96222e-29  -1.7394e-33  2.30641e-30  3.71075e-34  1.22363e-30 -6.43506e-35  8.12398e-33  9.18092e-36 -4.03006e-32 -1.10314e-36 -3.86951e-33   9.4758e-38  4.44731e-34  4.01291e-39  8.70315e-35 -3.88615e-39  1.76719e-36  7.92184e-40 -3.36471e-37  -7.7983e-41 -1.57227e-38  2.89348e-42 -4.63121e-41
-1.07221e-35  7.80414e-46 -3.76736e-36 -1.87538e-44  1.77454e-34  4.61706e-44 -2.97871e-34 -4.76934e-43 -1.34382e-34 -1.17911e-43  7.95567e-34 -3.80591e-43 -1.02506e-34 -2.43897e-41 -4.45801e-35  4.47394e-41 -3.00777e-33 -3.32162e-40  3.44592e-32  6.92537e-40 -3.38393e-31  1.21339e-39  2.92785e-30 -2.67181e-39 -2.24599e-29  5.58244e-39  1.53642e-28  6.70955e-39 -9.41719e-28 -2.01123e-38   5.1909e-27  4.96293e-38 -2.58056e-26 -1.09998e-37  1.15944e-25 -2.58183e-39 -4.71501e-25  5.22027e-37  1.73689e-24 -2.82778e-36 -5.79719e-24  1.08735e-35  1.75249e-23 -3.84214e-35 -4.79336e-23  1.22976e-34   1.1842e-22 -3.58726e-34 -2.63578e-22  9.47118e-34  5.26699e-22 -2.23817e-33 -9.40394e-22  4.63832e-33  1.49054e-21 -8.06407e-33 -2.07876e-21  1.03414e-32  2.51884e-21 -3.76838e-33 -2.60165e-21 -3.05751e-32  2.21929e-21  1.29704e-31 -1.46961e-21 -3.52968e-31  6.38153e-22  7.76981e-31 -3.44452e-23 -1.47453e-30 -2.02087e-22  2.47682e-30  1.60935e-22 -3.73066e-30 -3.97372e-23  5.07449e-30 -2.58616e-23 -6.25814e-30  2.38489e-23  7.01326e-30 -3.22673e-24 -7.15037e-30 -4.64725e-24  6.63557e-30  2.07864e-24 -5.60444e-30   4.6705e-25  4.30525e-30 -4.77399e-25 -3.00361e-30 -1.40555e-26  1.89813e-30  7.49721e-26 -1.08185e-30 -2.33654e-27  5.52436e-31 -9.19707e-27  -2.5033e-31  2.22547e-28  9.93609e-32  8.74364e-28 -3.39727e-32  2.57644e-29  9.80395e-33 -5.91945e-29 -2.33424e-33 -6.10152e-30   4.4974e-34  2.31356e-30 -7.04251e-35   4.4116e-31  9.65965e-36  -2.8864e-32 -1.33056e-36 -1.25872e-32  1.73342e-37 -5.59257e-34  -1.2689e-38  9.91814e-35 -1.21661e-39  9.58534e-36  4.48017e-40  7.37095e-38 -4.46604e-41 -1.07513e-38  1.14393e-42
 2.00864e-46 -3.51744e-35  6.34512e-45  4.78872e-36 -1.06473e-43  2.19883e-34  2.10234e-43 -3.11472e-34 -1.89981e-42 -1.22193e-34 -3.80591e-43  8.57044e-34 -8.85181e-43 -3.11775e-34 -7.96746e-41  3.52689e-33  1.51352e-40 -4.62971e-32 -9.86536e-40  4.87009e-31  2.00285e-39 -4.49014e-30  3.48862e-39  3.65838e-29 -7.15969e-39 -2.65097e-28  1.29218e-38  1.71749e-27  1.96464e-38 -9.99007e-27 -4.78717e-38  5.23415e-26  8.59843e-38 -2.47628e-25 -6.73452e-38  1.05975e-24 -8.48105e-37 -4.10726e-24  4.74626e-36  1.44237e-23 -2.04886e-35 -4.58934e-23  7.67085e-35  1.32212e-22 -2.64355e-34 -3.44393e-22  8.34592e-34  8.09437e-22 -2.41564e-33 -1.71143e-21  6.38911e-33  3.24194e-21 -1.53639e-32 -5.47159e-21  3.33139e-32   8.1661e-21 -6.41981e-32 -1.06645e-20  1.06889e-31  1.20014e-20 -1.43774e-31 -1.13611e-20  1.22129e-31  8.66748e-21  6.70107e-32  -4.8431e-21 -5.98574e-31  1.37795e-21  1.69048e-30  5.90881e-22 -3.53097e-30 -9.52754e-22  6.16347e-30  4.66678e-22 -9.37514e-30  1.29409e-23  1.26631e-29 -1.43469e-22 -1.53368e-29  6.19619e-23  1.67463e-29  1.23905e-23 -1.65371e-29 -1.85627e-23  1.47966e-29  2.23728e-24 -1.20083e-29  3.21001e-24  8.84209e-30 -9.24219e-25 -5.90375e-30 -4.17321e-25  3.56725e-30  1.68237e-25 -1.94251e-30  4.80828e-26  9.46436e-31 -2.01515e-26 -4.08043e-31 -5.24084e-27  1.53264e-31  1.57737e-27 -4.91322e-32  4.91078e-28  1.31027e-32 -6.60518e-29 -2.82277e-33 -3.16348e-29  4.79607e-34  6.37729e-32 -6.57447e-35  1.09061e-30  8.67793e-36  9.73484e-32 -1.39468e-36 -1.29951e-32  2.25008e-37  -2.3398e-33 -2.47245e-38 -3.99502e-35  8.75324e-40  9.67602e-36  1.69132e-40  4.34857e-37 -1.92404e-41  8.89245e-40
  1.4558e-35  2.13726e-45 -6.29472e-35   4.1315e-44  2.75619e-36 -5.16818e-43   2.4514e-34  8.73857e-43 -3.06775e-34 -7.03072e-42 -1.02506e-34 -8.85181e-43  1.16609e-33  -1.2235e-42 -4.35542e-33  -2.4549e-40  5.67276e-32  4.85593e-40 -6.44488e-31 -2.75653e-39  6.34671e-30  5.43566e-39 -5.50123e-29  9.35891e-39  4.22806e-28 -1.77375e-38 -2.89833e-27  2.86915e-38   1.7804e-26  4.53139e-38 -9.83687e-26 -7.45689e-38  4.90239e-25 -4.18635e-38 -2.20847e-24  1.04996e-36  9.00622e-24 -7.20671e-36 -3.32755e-23  3.26949e-35  1.11415e-22 -1.31143e-34 -3.37937e-22  4.77237e-34  9.27617e-22 -1.60066e-33 -2.30038e-21  4.93965e-33  5.14085e-21 -1.40209e-32  -1.0317e-20  3.65333e-32  1.85054e-20 -8.71215e-32 -2.94764e-20  1.89252e-31   4.1328e-20 -3.71688e-31 -5.03677e-20  6.51737e-31  5.23574e-20 -9.96735e-31 -4.49886e-20  1.26293e-30  3.00572e-20 -1.13155e-30 -1.32308e-20  9.03598e-32  8.30855e-22  2.47468e-30  4.14504e-21 -7.04164e-30 -3.37393e-21  1.36193e-29  8.66367e-22 -2.14807e-29  5.31368e-22  2.91719e-29 -5.10032e-22 -3.49078e-29  7.53127e-23  3.72357e-29  9.85133e-23 -3.56371e-29 -4.62448e-23  3.07246e-29  -9.5034e-24 -2.39261e-29  1.06088e-23  1.68586e-29  1.60037e-25  -1.0756e-29 -1.67761e-24  6.20769e-30  7.72084e-26 -3.22859e-30  2.07902e-25  1.50134e-30   -7.903e-27 -6.16087e-31 -2.01961e-26  2.18872e-31 -3.39603e-28 -6.55983e-32  1.40537e-27  1.60411e-32  1.29281e-28 -3.07181e-33 -5.71805e-29  4.43312e-34 -1.02301e-29 -5.02728e-35  8.05665e-31  6.47253e-36  3.07759e-31  -1.2592e-36  1.19439e-32    2.277e-37   -2.581e-33 -2.82605e-38 -2.36155e-34   1.9172e-39 -1.23183e-36  5.97326e-42  2.86102e-37 -5.11248e-42
 2.07964e-46  2.59647e-35  1.54516e-44 -8.76448e-35  2.28201e-43 -7.60703e-36 -2.22121e-42    2.384e-34  3.40286e-42 -2.78123e-34 -2.43897e-41 -3.11775e-34  -1.2235e-42  5.49511e-33  9.13926e-43 -6.46281e-32 -7.13726e-40  7.85687e-31  1.47063e-39 -8.28771e-30 -7.24636e-39  7.65667e-29  1.38779e-38 -6.25051e-28  2.35757e-38  4.53873e-27 -4.13286e-38 -2.94704e-26  6.54321e-38  1.71824e-25  5.95652e-38 -9.02502e-25  1.12591e-37  4.28111e-24 -1.59097e-36 -1.83732e-23  9.45997e-36  7.14222e-23  -4.6867e-35 -2.51616e-22  1.97544e-34  8.03299e-22 -7.59373e-34 -2.32251e-21  2.68145e-33   6.0729e-21 -8.73723e-33 -1.43314e-20   2.6253e-32  3.04332e-20 -7.27025e-32 -5.79164e-20  1.85304e-31  9.82348e-20 -4.33763e-31 -1.47396e-19  9.29472e-31  1.93611e-19 -1.81431e-30 -2.19274e-19  3.20171e-30  2.09066e-19 -5.04459e-30 -1.60848e-19  6.93713e-30  9.08936e-20 -7.92878e-30 -2.65226e-20  6.51174e-30 -1.07225e-20 -9.62913e-31  1.80168e-20  -9.9089e-30  -9.0484e-21  2.58451e-29 -1.25286e-22 -4.45679e-29  2.75054e-21   6.2093e-29 -1.23553e-21 -7.40439e-29 -2.22646e-22  7.74213e-29  3.67263e-22 -7.18609e-29 -4.99106e-23  5.96399e-29  -6.3188e-23  -4.4479e-29  1.95732e-23  2.99221e-29  8.16138e-24 -1.82051e-29 -3.57521e-24  1.00235e-29 -9.37657e-25 -4.97874e-30  4.34607e-25  2.21163e-30  1.04196e-25 -8.64765e-31 -3.51271e-26  2.90576e-31 -1.00854e-26 -8.11738e-32  1.56845e-27  1.80269e-32  6.76058e-28 -2.99298e-33 -8.87099e-30  3.44124e-34 -2.44415e-29 -2.85372e-35 -1.98655e-30  3.84886e-36  3.14388e-31 -9.55683e-37   5.2145e-32  1.77767e-37  6.68159e-34 -2.34449e-38 -2.32425e-34  1.96492e-39  -9.8492e-36 -4.88411e-41 -1.08688e-38
 4.55967e-36  6.47699e-46  3.43408e-35  8.95659e-44 -1.05661e-34  1.10382e-42 -2.02428e-35 -8.66813e-42  1.86631e-34  1.26147e-41 -4.45801e-35 -7.96746e-41 -4.35542e-33  9.13926e-43  6.84373e-32  1.34285e-41 -8.85103e-31 -1.95948e-39  1.00155e-29  4.19459e-39 -9.88292e-29 -1.79226e-38  8.58344e-28  3.33479e-38 -6.61075e-27  5.64555e-38  4.54175e-26 -9.45798e-38 -2.79653e-25  1.77354e-37    1.549e-24 -1.81872e-37 -7.74036e-24  1.96515e-36  3.49684e-23 -1.20736e-35 -1.43032e-22  6.01242e-35  5.30157e-22 -2.69056e-34 -1.78113e-21  1.08516e-33  5.42197e-21 -4.02754e-33 -1.49403e-20  1.37882e-32  3.72018e-20 -4.36033e-32 -8.35011e-20  1.27331e-31  1.68358e-19 -3.43172e-31 -3.03489e-19  8.52632e-31  4.86014e-19 -1.94952e-30 -6.85395e-19  4.09168e-30  8.40632e-19 -7.85373e-30 -8.80034e-19  1.37117e-29  7.62351e-19  -2.1594e-29 -5.14506e-19  3.02616e-29   2.3013e-19 -3.68088e-29 -1.70274e-20  3.67918e-29  -7.0857e-20 -2.54435e-29  5.92232e-20 -7.67686e-32 -1.59183e-20  3.82993e-29 -9.05979e-21 -8.24506e-29  9.13534e-21  1.22047e-28 -1.48548e-21 -1.46838e-28 -1.74002e-21  1.51157e-28   8.6447e-22 -1.36149e-28  1.58358e-22  1.08612e-28 -1.97665e-22 -7.73685e-29  4.21773e-25  4.95359e-29  3.14072e-23 -2.86614e-29 -1.99593e-24  1.50322e-29 -3.93476e-24 -7.13289e-30   2.1603e-25  3.03205e-30  3.90416e-25 -1.13193e-30  7.17651e-28  3.59916e-31 -2.79916e-26 -9.33809e-32 -2.22059e-27  1.85986e-32  1.19158e-27   -2.581e-33  1.96913e-28  2.08597e-34 -1.88613e-29 -8.48003e-36 -6.30349e-30  1.86168e-36 -2.04231e-31 -5.68101e-37  5.68281e-32  9.20881e-38  4.86065e-33 -1.39664e-38  9.88162e-36  1.44057e-39 -6.38959e-36 -3.77588e-41
 6.71246e-45  1.05022e-35 -6.08117e-45  3.74837e-35  4.49247e-43 -1.14487e-34  4.77309e-42 -2.16565e-35  -3.1249e-41 -5.74579e-35  4.47394e-41  3.52689e-33  -2.4549e-40 -6.46281e-32  1.34285e-41  9.21939e-31  5.96191e-41 -1.12163e-29 -5.08957e-39  1.18475e-28  1.12646e-38 -1.09673e-27  -4.1689e-38  8.97193e-27  7.51235e-38 -6.52941e-26  1.32086e-37  4.24968e-25 -2.35402e-37 -2.48399e-24  6.52316e-37  1.30821e-23 -2.22264e-36 -6.22331e-23   1.3755e-35  2.67894e-22 -7.17687e-35 -1.04474e-21  3.32624e-34  3.69314e-21 -1.41133e-33 -1.18334e-20  5.49003e-33  3.43452e-20 -1.97154e-32  -9.0176e-20  6.54246e-32  2.13741e-19 -2.00728e-31 -4.56012e-19  5.69238e-31  8.72181e-19 -1.49127e-30 -1.48733e-18  3.60535e-30  2.24468e-18 -8.03163e-30 -2.96721e-18  1.64502e-29   3.3841e-18 -3.08822e-29 -3.25223e-18  5.29088e-29  2.52589e-18 -8.22008e-29 -1.44586e-18  1.14695e-28  4.34616e-19 -1.41429e-28  1.62606e-19   1.4951e-28 -2.88024e-19 -1.26195e-28  1.48946e-19  6.53228e-29 -4.25098e-22  2.69643e-29 -4.45365e-20 -1.31272e-28  2.09407e-20  2.20989e-28  3.28932e-21 -2.73169e-28 -6.15297e-21  2.78333e-28  9.48779e-22 -2.43378e-28  1.04927e-21  1.86216e-28 -3.53138e-22 -1.26224e-28 -1.33868e-22  7.65794e-29  6.46096e-23 -4.19765e-29  1.52767e-23   2.0932e-29 -7.97887e-24 -9.49605e-30 -1.73018e-24  3.87405e-30  6.65776e-25 -1.38518e-30  1.74084e-25  4.17114e-31 -3.16975e-26 -1.00028e-31 -1.22191e-26   1.7558e-32  3.27699e-28 -1.92183e-33  4.64999e-28  7.89605e-35  3.35706e-29  1.65645e-36 -6.47978e-30  1.29108e-36 -9.84677e-31 -1.88218e-37 -7.32814e-33 -7.91825e-41  4.75883e-33 -4.74181e-39  1.88184e-34    8.089e-40 -5.59622e-39
-6.92622e-36  5.89499e-44  1.37918e-35 -9.37079e-44  3.29525e-35  2.03311e-42 -1.15841e-34   1.8722e-41  1.07533e-34 -1.05167e-40 -3.00777e-33  1.51352e-40  5.67276e-32 -7.13726e-40 -8.85103e-31  5.96191e-41  1.16481e-29  2.08193e-40 -1.32041e-28 -1.25454e-38  1.30545e-27  2.84945e-38 -1.13619e-26 -9.09504e-38  8.77023e-26  1.56109e-37 -6.03971e-25  3.20586e-37  3.72831e-24 -7.35392e-37 -2.07067e-23  3.03381e-36  1.03768e-22 -1.44276e-35 -4.70214e-22  7.79519e-35  1.92955e-21 -3.78669e-34 -7.17653e-21  1.67683e-33  2.41986e-20 -6.84068e-33 -7.39497e-20  2.57349e-32  2.04612e-19 -8.95151e-32 -5.11739e-19  2.88029e-31  1.15403e-18 -8.57465e-31 -2.33853e-18  2.36109e-30  4.23835e-18 -6.00987e-30 -6.82701e-18  1.41267e-29  9.68875e-18 -3.06203e-29  -1.1966e-17  6.10804e-29  1.26245e-17 -1.11821e-28 -1.10354e-17  1.87172e-28   7.5329e-18 -2.84946e-28 -3.43182e-18  3.91509e-28  3.00487e-19 -4.79699e-28  1.03107e-18  5.13439e-28 -8.89388e-19 -4.60584e-28  2.51735e-19  3.10127e-28  1.30764e-19 -8.45052e-29  -1.4001e-19 -1.62781e-28  2.52421e-20  3.66725e-28  2.61433e-20 -4.78558e-28 -1.38706e-20   4.8571e-28 -2.18927e-21 -4.12295e-28  3.15362e-21  3.01606e-28 -7.02381e-23 -1.93534e-28 -5.02518e-22  1.10573e-28   4.2321e-23  -5.7105e-29  6.36285e-23  2.70048e-29 -4.78119e-24 -1.17321e-29 -6.45065e-24  4.61514e-30  1.01898e-25 -1.58764e-30  4.77729e-25   4.5309e-31  3.09422e-26 -9.96944e-32 -2.13482e-26  1.50213e-32  -3.2074e-27  -1.1688e-33  3.77823e-28 -1.77436e-36  1.10493e-28 -2.92432e-36   2.7437e-30  2.18733e-36 -1.07817e-30  1.27094e-37 -8.52562e-32 -7.01347e-38  1.62322e-34  7.75099e-40  1.22754e-34  3.31045e-40
-7.32954e-45 -1.31488e-35  3.56932e-43  1.27816e-35 -7.23949e-43   2.1648e-35  8.47519e-42 -1.80914e-34  6.73347e-41  2.22863e-33 -3.32162e-40 -4.62971e-32  4.85593e-40  7.85687e-31 -1.95948e-39 -1.12163e-29  2.08193e-40  1.36892e-28   6.7152e-40 -1.44882e-27 -2.94503e-38  1.34399e-26  6.78301e-38 -1.10194e-25 -1.84172e-37  8.03861e-25  2.82909e-37 -5.24523e-24  8.89346e-37  3.07418e-23 -2.96175e-36 -1.62369e-22  1.51074e-35  7.74766e-22 -7.78048e-35 -3.34595e-21   3.9423e-34  1.30936e-20 -1.82884e-33 -4.64555e-20  7.80443e-33  1.49432e-19 -3.07658e-32 -4.35513e-19  1.12119e-31  1.14854e-18 -3.78155e-31 -2.73521e-18  1.18071e-30  5.86504e-18 -3.41263e-30 -1.12785e-17  9.12738e-30  1.93456e-17 -2.25749e-29 -2.93813e-17  5.15808e-29  3.91076e-17 -1.08721e-28 -4.49448e-17  2.10995e-28  4.35717e-17 -3.76058e-28  -3.4198e-17  6.13444e-28  1.98618e-17 -9.11602e-28  -6.1761e-18  1.22598e-27 -2.09348e-18 -1.47756e-27  3.96484e-18  1.57074e-27 -2.12047e-18 -1.43083e-27   4.7386e-20  1.04648e-27  6.20165e-19 -4.91932e-28 -3.07247e-19 -9.15485e-29 -4.01807e-20  5.52263e-28  8.88922e-20 -7.93261e-28 -1.56198e-20  8.07648e-28 -1.49557e-20 -6.64987e-28  5.52361e-21   4.6304e-28  1.87121e-21 -2.79277e-28 -1.01105e-21  1.48932e-28 -2.10679e-22 -7.18715e-29  1.26873e-22  3.21099e-29  2.43329e-23 -1.33993e-29  -1.0932e-23  5.12014e-30 -2.56514e-24 -1.70527e-30  5.54712e-25   4.6128e-31   1.8989e-25 -9.20353e-32 -8.26928e-27  1.14018e-32 -7.64611e-27 -5.01998e-34 -4.73196e-28 -5.46902e-36  1.15849e-28 -2.09795e-35  1.60079e-29  3.77324e-36  1.32661e-32  3.64128e-37 -8.45043e-32  -1.0114e-37 -3.08796e-33  2.07968e-39  4.45149e-36
 4.61862e-37    -6.95e-44 -1.70357e-35  1.74114e-42  7.36194e-36 -4.14409e-42  4.60667e-35  3.27806e-41 -1.54902e-33  2.23882e-40  3.44592e-32 -9.86536e-40 -6.44488e-31  1.47063e-39  1.00155e-29 -5.08957e-39 -1.32041e-28   6.7152e-40  1.49994e-27  2.10818e-39 -1.48607e-26  -6.6003e-38   1.2963e-25  1.51042e-37 -1.00301e-24 -3.34128e-37  6.92491e-24  3.48136e-37 -4.28631e-23  3.01086e-36  2.38743e-22 -1.34683e-35 -1.20008e-21  7.29765e-35  5.45577e-21 -3.75697e-34 -2.24655e-20  1.82245e-33  8.38632e-20 -8.14789e-33 -2.83887e-19  3.36424e-32  8.71164e-19 -1.28526e-31 -2.42115e-18  4.54535e-31  6.08408e-18 -1.48878e-30 -1.37899e-17  4.51641e-30  2.80959e-17 -1.26871e-29 -5.12187e-17  3.29862e-29   8.3023e-17 -7.93183e-29 -1.18636e-16  1.76208e-28  1.47632e-16 -3.61136e-28 -1.57088e-16  6.81551e-28  1.38686e-16 -1.18154e-27 -9.58758e-17  1.87554e-27   4.4594e-17 -2.71436e-27 -4.61452e-18  3.56037e-27 -1.29712e-17 -4.19655e-27  1.16119e-17  4.38638e-27 -3.47996e-18  -3.9744e-27 -1.61985e-18  2.98133e-27  1.86548e-18 -1.63175e-27  -3.7475e-19  2.79637e-28 -3.39119e-19  7.40163e-28  1.94046e-19 -1.25171e-27  2.51461e-20  1.28727e-27  -4.3756e-20   -1.026e-27  1.99127e-21  6.75972e-28  6.97785e-21 -3.79507e-28 -7.57314e-22  1.86429e-28 -8.92258e-22 -8.29528e-29   8.8553e-23  3.47913e-29  9.24827e-23 -1.40201e-29 -3.38164e-24  5.26657e-30 -7.09261e-24 -1.71319e-30 -3.40974e-25  4.38867e-31  3.33675e-25 -7.79597e-32  4.47412e-26  7.37458e-33   -6.576e-27 -8.91642e-35  -1.6821e-27  7.07679e-35 -2.66414e-29 -4.51365e-35  1.78749e-29  4.83382e-36  1.29253e-30  5.23286e-37 -8.81879e-33 -9.28927e-38 -2.06107e-33  1.08751e-39
-1.79468e-44  1.45084e-36 -4.29615e-43 -1.73521e-35  7.31823e-42 -2.26354e-35 -1.95035e-41  8.56943e-34  1.17735e-40 -2.34582e-32  6.92537e-40  4.87009e-31 -2.75653e-39 -8.28771e-30  4.19459e-39  1.18475e-28 -1.25454e-38 -1.44882e-27  2.10818e-39  1.53663e-26  6.43529e-39 -1.42865e-25 -1.41016e-37  1.17416e-24  3.08481e-37 -8.58731e-24 -4.75105e-37  5.61846e-23 -3.66318e-37 -3.30243e-22  1.17965e-35   1.7496e-21 -6.08651e-35 -8.37571e-21  3.28127e-34  3.62974e-20 -1.64986e-33 -1.42566e-19   7.7252e-33  5.07808e-19 -3.34544e-32 -1.64029e-18  1.34109e-31  4.80188e-18 -4.98028e-31 -1.27238e-17  1.71359e-30  3.04555e-17 -5.46308e-30 -6.56608e-17  1.61344e-29  1.27005e-16 -4.41245e-29 -2.19222e-16  1.11672e-28  3.35227e-16 -2.61327e-28 -4.49555e-16  5.64827e-28  5.20984e-16 -1.12595e-27 -5.09918e-16  2.06633e-27  4.04884e-16 -3.48286e-27 -2.38993e-16  5.37528e-27  7.71736e-17 -7.56549e-27  2.31087e-17  9.65721e-27 -4.76523e-17 -1.10932e-26  2.64763e-17  1.13333e-26 -1.18063e-18 -1.01017e-26 -7.52704e-18  7.57422e-27  3.95646e-18 -4.37448e-27  4.01503e-19  1.33745e-27 -1.12253e-18  8.45088e-28  2.25423e-19 -1.89435e-27  1.85281e-19  1.97829e-27 -7.58889e-20 -1.52079e-27 -2.25116e-20  9.40676e-28  1.38837e-20 -4.85063e-28  2.47372e-21  2.15019e-28  -1.7702e-21 -8.61127e-29  -2.9169e-22  3.34718e-29  1.57558e-22 -1.31589e-29  3.25765e-23  4.96306e-30  -8.5124e-24 -1.59869e-30  -2.5674e-24    3.875e-31  1.64564e-25 -5.98062e-32  1.10088e-25  3.84308e-33  5.52262e-27 -5.41485e-35 -1.81958e-27  2.02287e-34 -2.26648e-28 -6.46408e-35  1.66133e-30  4.43677e-36  1.31872e-30  5.88081e-37  4.40025e-32 -6.02311e-38  -1.4278e-34
 1.73571e-36 -1.03158e-43  3.27485e-36 -1.99692e-42 -5.00255e-36  2.74608e-41 -4.84711e-34 -7.90834e-41  1.44677e-32  3.92353e-40 -3.38393e-31  2.00285e-39  6.34671e-30 -7.24636e-39 -9.88292e-29  1.12646e-38  1.30545e-27 -2.94503e-38 -1.48607e-26  6.43529e-39  1.47565e-25  1.86256e-38 -1.29029e-24 -2.84142e-37  1.00091e-23  5.44928e-37 -6.92918e-23  -1.4176e-37  4.30136e-22 -5.16253e-36 -2.40319e-21  4.74886e-35  1.21195e-20 -2.55026e-34 -5.52893e-20  1.34021e-33  2.28511e-19 -6.55284e-33 -8.56391e-19  2.97953e-32  2.91116e-18 -1.25648e-31 -8.97343e-18   4.9138e-31   2.5058e-17 -1.78188e-30 -6.32892e-17  5.98943e-30  1.44231e-16 -1.86537e-29  -2.9558e-16  5.38015e-29   5.4224e-16 -1.43616e-28 -8.84949e-16  3.54542e-28  1.27398e-15 -8.08705e-28 -1.59843e-15  1.70249e-27  1.71666e-15 -3.30329e-27 -1.53218e-15  5.89674e-27  1.07415e-15 -9.66285e-27 -5.11263e-16  1.44931e-26  6.22188e-17 -1.98204e-26  1.42721e-16  2.45861e-26 -1.33432e-16 -2.74612e-26   4.2548e-17  2.73218e-26  1.73766e-17 -2.37993e-26 -2.18703e-17  1.75932e-26  4.91292e-18  -1.0296e-26  3.83823e-18  3.75041e-27 -2.39507e-18  7.21114e-28 -2.36057e-19 -2.77298e-27  5.34164e-19  2.94591e-27 -3.85288e-20 -2.17209e-27  -8.5042e-20  1.24882e-27  1.16633e-20 -5.80333e-28  1.09681e-20  2.23987e-28 -1.40411e-21  -7.6588e-29 -1.16317e-21  2.66448e-29  7.11086e-23 -1.04662e-29  9.26173e-23  4.15195e-30   2.6803e-24 -1.36133e-30 -4.60057e-24   3.1397e-31 -5.37412e-25 -4.15106e-32  1.00607e-25  1.86224e-33  2.24721e-26 -4.44745e-34  1.14171e-28   3.4284e-34 -2.61787e-28  -7.0081e-35 -1.70928e-29  2.55606e-36  2.23801e-31  5.33457e-37  3.05941e-32 -2.47609e-38
-1.19713e-45  2.67703e-36 -3.97916e-43  2.29291e-36 -7.27441e-42   2.1745e-34  9.37179e-41 -8.19316e-33 -2.83527e-40  2.15582e-31  1.21339e-39 -4.49014e-30  5.43566e-39  7.65667e-29 -1.79226e-38 -1.09673e-27  2.84945e-38  1.34399e-26  -6.6003e-38 -1.42865e-25  1.86256e-38  1.33145e-24  4.95763e-38 -1.09707e-23 -5.23369e-37  8.04531e-23  6.74395e-37 -5.27909e-22  2.63216e-36  3.11252e-21 -2.59477e-35 -1.65439e-20  1.76548e-34  7.94759e-20 -9.41071e-34   -3.457e-19  4.80868e-33  1.36318e-18 -2.29689e-32 -4.87597e-18  1.02343e-31  1.58207e-17  -4.2417e-31 -4.65359e-17  1.63267e-30  1.23939e-16 -5.82862e-30 -2.98279e-16  1.92775e-29  6.46842e-16 -5.90133e-29 -1.25904e-15  1.67071e-28  2.18803e-15 -4.37085e-28 -3.37064e-15  1.05585e-27  4.55699e-15 -2.35307e-27 -5.32912e-15  4.83304e-27   5.2706e-15 -9.13718e-27 -4.23853e-15  1.58753e-26  2.54704e-15 -2.52958e-26 -8.57076e-16  3.68653e-26 -2.19651e-16 -4.89606e-26  5.05384e-16  5.89631e-26 -2.93089e-16 -6.39421e-26  2.03824e-17  6.18047e-26   8.0435e-17 -5.23967e-26 -4.51883e-17  3.78795e-26 -3.13371e-18  -2.2003e-26  1.25181e-17  8.55491e-27 -2.87897e-18  1.60573e-28 -2.01268e-18 -3.95612e-27  9.24986e-19  4.26093e-27   2.3413e-19 -2.99008e-27 -1.68987e-19  1.57742e-27 -2.46544e-20 -6.41547e-28  2.18861e-20  2.00125e-28  2.97322e-21 -4.93993e-29 -2.01279e-21  1.29516e-29 -3.57999e-22 -5.66224e-30  1.15647e-22   2.7979e-30  3.04387e-23 -1.01273e-30 -2.73184e-24  2.31142e-31   -1.401e-24 -2.84994e-32  -5.1507e-26  2.42101e-33   2.5346e-26 -1.19532e-33  2.81632e-27  4.38264e-34  -4.9455e-29 -5.81176e-35 -1.82624e-29  1.30016e-37 -5.47892e-31  3.70168e-37  3.07557e-33
-3.19698e-37  3.15314e-44  4.12296e-36 -1.34866e-42 -8.64022e-35 -2.04493e-41  4.13792e-33  2.93485e-40 -1.25605e-31 -9.13267e-40  2.92785e-30  3.48862e-39 -5.50123e-29  1.38779e-38  8.58344e-28  -4.1689e-38 -1.13619e-26  6.78301e-38   1.2963e-25 -1.41016e-37 -1.29029e-24  4.95763e-38   1.1311e-23  1.17335e-37 -8.79805e-23 -8.15665e-37  6.10846e-22 -1.52497e-37 -3.80359e-21   1.3428e-35  2.13207e-20 -9.06864e-35 -1.07898e-19  5.35003e-34  4.94064e-19 -2.77927e-33 -2.05006e-18  1.39584e-32  7.71542e-18  -6.6381e-32 -2.63452e-17  2.96482e-31  8.15963e-17 -1.23488e-30 -2.29021e-16   4.7734e-30  5.81603e-16 -1.70687e-29  -1.3332e-15  5.63426e-29  2.74939e-15 -1.71466e-28 -5.07798e-15  4.80703e-28  8.34843e-15 -1.24079e-27 -1.21153e-14  2.94745e-27  1.53367e-14 -6.44041e-27 -1.66379e-14  1.29369e-26  1.50277e-14 -2.38682e-26 -1.06983e-14  4.03972e-26  5.22258e-15 -6.26149e-26 -7.42327e-16  8.86651e-26 -1.38534e-15 -1.14319e-25  1.36243e-15  1.33577e-25 -4.64294e-16 -1.40501e-25  -1.6215e-16  1.31725e-25  2.27712e-16 -1.08398e-25 -5.73496e-17  7.62513e-26 -3.81789e-17 -4.34478e-26  2.63201e-17  1.72045e-26  1.70565e-18 -1.09683e-27 -5.78823e-18 -5.52012e-27  5.93637e-19   5.9741e-27  9.17178e-19 -3.94994e-27 -1.56842e-19  1.87758e-27 -1.19098e-19 -6.33648e-28  1.93749e-20   1.2741e-28  1.29328e-20  6.83179e-31  -1.1702e-21 -8.93172e-30 -1.07231e-21  1.52973e-30 -7.38833e-24  8.77613e-31  5.64195e-23 -5.80131e-31  5.54738e-24  1.58683e-31 -1.36514e-24 -2.68609e-32 -2.65312e-25  6.04364e-33  2.11326e-27 -2.10331e-33    3.415e-27  4.46479e-34  1.98086e-28 -3.36397e-35 -4.22706e-30 -1.57832e-36 -4.04802e-31  1.69199e-37
-9.63932e-45  -5.8731e-37  5.29852e-43  3.80643e-35 -5.33151e-42 -1.85969e-33 -3.88899e-41    6.644e-32  8.46806e-40 -1.75425e-30 -2.67181e-39  3.65838e-29  9.35891e-39 -6.25051e-28  3.33479e-38  8.97193e-27 -9.09504e-38 -1.10194e-25  1.51042e-37  1.17416e-24 -2.84142e-37 -1.09707e-23  1.17335e-37  9.06405e-23  2.37049e-37 -6.66638e-22 -9.07685e-37  4.38779e-21 -3.27164e-36 -2.59553e-20  3.30713e-35  1.38443e-19  -1.6576e-34 -6.67548e-19  8.32968e-34  2.91519e-18 -4.21367e-33 -1.15439e-17  2.26932e-32  4.14774e-17 -1.20443e-31 -1.35225e-16  5.99895e-31  3.99796e-16 -2.73671e-30 -1.07061e-15  1.13362e-29  2.59169e-15 -4.25688e-29 -5.65565e-15  1.45067e-28   1.1083e-14  -4.4951e-28 -1.94018e-14    1.269e-27  3.01271e-14 -3.26947e-27 -4.10893e-14    7.698e-27  4.85255e-14 -1.65798e-26 -4.85395e-14  3.26821e-26  3.95802e-14 -5.89658e-26 -2.42548e-14  9.73315e-26  8.53133e-15 -1.46824e-25  1.79346e-15  2.02028e-25 -4.76897e-15 -2.52826e-25  2.90097e-15    2.865e-25 -2.81868e-16  -2.9209e-25  -7.6247e-16  2.65345e-25  4.61536e-16 -2.11585e-25  1.59198e-17  1.44365e-25 -1.24236e-16 -8.01277e-26  3.27845e-17  3.15606e-26  1.92784e-17  -3.3679e-27 -1.00791e-17 -7.49438e-27 -2.10074e-18  8.04992e-27  1.83705e-18 -4.94721e-27  2.04801e-19   2.0552e-27 -2.41567e-19 -5.04774e-28 -2.53367e-20 -1.42636e-29  2.29603e-20  7.96603e-29  3.39504e-21 -4.05559e-29  -1.4013e-21  1.14397e-29 -3.17784e-22 -1.60615e-30  3.89687e-23  -1.1535e-31  1.58636e-23  1.22084e-31  3.37579e-25 -4.14959e-32 -3.15394e-25  1.23323e-32 -3.08349e-26 -2.85982e-33  9.48274e-28  3.58002e-34  2.26052e-28 -7.47318e-36  5.96853e-30 -1.88534e-36 -5.28676e-32
