 1.06606e-34  1.76788e-50 -7.22815e-35  2.96031e-49 -8.95111e-35  2.31687e-48 -3.77854e-35  1.41581e-46  6.88971e-35 -1.05332e-45  2.81474e-36  5.39574e-45 -1.38505e-35 -6.85985e-45 -4.65791e-36  4.20482e-44  8.09059e-36 -8.14027e-44 -1.36002e-35  1.68492e-43   8.8895e-35 -4.05067e-43 -6.21849e-34  7.74652e-43  3.82929e-33 -7.16454e-43 -2.09229e-32  9.07292e-43  1.01764e-31 -4.08942e-43 -4.41906e-31  6.25182e-44  1.71699e-30  2.59982e-42 -5.97704e-30 -1.91048e-41  1.86508e-29   1.1906e-40 -5.21513e-29 -5.70622e-40  1.30518e-28  2.44019e-39 -2.91723e-28 -9.28725e-39  5.80392e-28  3.19723e-38 -1.02291e-27 -9.99913e-38  1.58626e-27  2.85303e-37 -2.14356e-27 -7.44707e-37  2.48846e-27  1.78159e-36 -2.42685e-27 -3.91111e-36   1.9117e-27  7.88415e-36 -1.11782e-27 -1.45977e-35  3.63949e-28  2.48219e-35  8.74226e-29 -3.87453e-35 -1.91265e-28   5.5479e-35  1.00475e-28 -7.28034e-35 -5.71645e-31  8.74602e-35 -2.86361e-29 -9.60739e-35  1.25681e-29  9.64067e-35  2.70242e-30 -8.83295e-35  -3.8487e-30  7.39357e-35     3.93e-31 -5.66786e-35  6.80793e-31   4.0001e-35 -1.50691e-31  -2.6207e-35 -1.18986e-31  1.60931e-35   4.1373e-32 -9.31346e-36   1.0708e-32  5.04194e-36 -2.76842e-33 -2.48073e-36 -2.48568e-33  1.04507e-36  5.81879e-34 -3.31153e-37  1.44179e-34   4.3906e-38 -3.02183e-36  3.13767e-38 -1.58456e-35 -2.93679e-38 -1.44133e-36  1.41214e-38  9.25935e-37 -4.60653e-39  5.52731e-38  1.02671e-39  8.01208e-39 -1.34394e-40 -8.98023e-39  1.26603e-42  5.68932e-40  3.27824e-42 -8.23447e-41 -6.25182e-43  2.02956e-41  4.64451e-44  -2.2949e-43  -3.3253e-47 -6.24811e-44 -1.40827e-46   3.8234e-45  3.49022e-49 -2.35881e-46  1.52867e-49
 1.76788e-50  2.83016e-34  8.12883e-49   -8.651e-35  4.25737e-48 -1.82983e-34  4.67355e-47 -6.61302e-35  1.77529e-45  1.08299e-34  -1.1282e-44  3.42886e-36  5.18444e-44  -2.1275e-35 -6.15542e-44 -1.12422e-35  3.68912e-43  6.84745e-35 -6.46965e-43 -4.68135e-34  1.30092e-42  3.44686e-33 -2.84551e-42 -2.26277e-32  4.51031e-42  1.31435e-31 -3.23089e-42 -6.78344e-31  4.88134e-42  3.12153e-30  -5.0026e-42 -1.28411e-29  1.50952e-41  4.73061e-29 -3.18921e-41 -1.56209e-28 -2.04184e-41  4.62393e-28  7.67298e-40 -1.22607e-27 -5.15937e-39  2.90735e-27  2.55376e-38 -6.14873e-27 -1.04825e-37  1.15516e-26   3.7493e-37 -1.91689e-26 -1.19287e-36  2.78714e-26  3.41627e-36 -3.50981e-26 -8.86903e-36  3.76127e-26  2.09645e-35 -3.33233e-26 -4.52474e-35   2.3097e-26  8.93191e-35  -1.0881e-26 -1.61411e-34  1.45492e-27  2.67113e-34   2.6482e-27 -4.04706e-34 -2.39809e-27  5.61047e-34  6.79017e-28 -7.10957e-34  3.42755e-28  8.22462e-34 -3.52976e-28 -8.67316e-34  5.13078e-29  8.32524e-34  7.02938e-29 -7.26641e-34 -3.16802e-29  5.76749e-34 -7.72105e-30  -4.1733e-34  7.37282e-30  2.77153e-34  6.55395e-31 -1.71089e-34  -1.4025e-30  9.99298e-35  2.92088e-32 -5.60699e-35  1.61024e-31  3.01705e-35  1.47014e-32 -1.51134e-35 -2.39835e-32  6.64314e-36 -7.21071e-34 -2.31636e-36  1.40064e-33  4.87889e-37  3.39863e-34    5.822e-38 -7.98317e-35 -1.11249e-37 -2.79825e-35  5.75783e-38  1.40708e-36 -1.86216e-38  9.34501e-37  3.95369e-39  1.56221e-37 -4.68285e-40 -2.73717e-38 -3.34611e-42 -1.43458e-39  1.14363e-41 -5.00839e-40 -1.79736e-42  5.76595e-41  9.76944e-44   1.5533e-42  2.42875e-45  9.92121e-45 -2.98748e-46  4.81308e-45 -5.00705e-48 -2.69869e-46
-7.22815e-35  8.12883e-49  4.82323e-34  1.57318e-47 -1.07649e-34  4.69833e-47 -2.34047e-34  5.43131e-46  -5.2556e-35  1.50687e-44  9.92713e-35 -8.12803e-44  9.96192e-36  3.33527e-43  -8.8833e-36 -3.68733e-43 -1.84546e-34  2.18567e-42  1.64574e-33  -3.4757e-42 -1.29909e-32  6.81764e-42  9.10146e-32  -1.3627e-41 -5.62718e-31  1.81476e-41  3.08441e-30  -1.1974e-41 -1.50502e-29  3.73608e-41  6.55762e-29 -1.20197e-40 -2.55704e-28  4.92915e-40  8.93495e-28 -1.67525e-39 -2.79921e-27  4.62592e-39  7.86023e-27 -8.50743e-39 -1.97598e-26 -1.91995e-39  4.43756e-26   1.1086e-37 -8.87342e-26 -6.47156e-37  1.57237e-25  2.66959e-36 -2.45253e-25 -9.09031e-36  3.33512e-25  2.68774e-35 -3.89867e-25   -7.059e-35    3.832e-25  1.66671e-34 -3.04669e-25 -3.56234e-34  1.80378e-25  6.92068e-34 -6.02768e-26 -1.22499e-33 -1.30674e-26  1.97791e-33  3.09256e-26 -2.91425e-33 -1.67404e-26  3.91695e-33  3.67987e-28  -4.7982e-33  4.69349e-27  5.34944e-33 -2.16463e-27 -5.41814e-33 -4.04208e-28  4.97519e-33  6.47371e-28 -4.13374e-33 -7.41364e-29  3.10459e-33 -1.18098e-28 -2.11085e-33  3.06699e-29  1.30855e-33  1.84459e-29 -7.52257e-34 -6.69236e-30  4.12721e-34 -2.22186e-30 -2.22835e-34  7.44422e-31  1.19208e-34  3.52245e-31 -6.09536e-35 -8.63257e-32  2.77918e-35 -3.13839e-32 -1.02854e-35  2.15196e-33  2.58255e-36  2.96211e-33 -1.07735e-37  1.33209e-34 -2.79698e-37 -1.40355e-34  1.61658e-37 -2.06195e-35 -5.18764e-38  1.96156e-36  1.04287e-38  9.67073e-37 -1.09772e-39   2.9327e-38 -2.96286e-41 -5.60603e-39  2.73362e-41 -2.17479e-39 -3.51862e-42   1.4648e-41  1.32433e-43  3.19198e-42  6.79694e-45  3.38281e-43 -3.34201e-46  9.24485e-45 -8.91017e-48
 2.96031e-49   -8.651e-35  1.57318e-47  6.72944e-34  1.90615e-46   -1.595e-34  4.68043e-46 -2.32657e-34  4.57039e-45 -1.19008e-35  9.97595e-44  6.16276e-35 -4.54864e-43 -2.08953e-35    1.658e-42  4.30502e-34 -1.70365e-42 -4.47923e-33  1.01098e-41  3.83799e-32 -1.46171e-41 -2.87525e-31  2.82995e-41  1.89468e-30 -5.26492e-41 -1.10409e-29  6.74128e-41   5.7167e-29 -9.58852e-41  -2.6396e-28  5.01057e-40  1.08976e-27 -2.17228e-39 -4.02986e-27  8.93923e-39  1.33603e-26 -3.21464e-38 -3.97156e-26  1.01275e-37  1.05782e-25 -2.71659e-37 -2.52036e-25  5.79775e-37  5.35736e-25 -7.41757e-37 -1.01194e-24 -9.60995e-37    1.689e-24  1.08752e-35 -2.47124e-24 -4.73905e-35  3.13339e-24  1.55102e-34 -3.38362e-24 -4.26348e-34  3.02428e-24  1.02456e-33 -2.11936e-24 -2.19303e-33  1.01566e-24  4.22273e-33 -1.48285e-25 -7.35506e-33  -2.4007e-25  1.16238e-32  2.25131e-25 -1.66919e-32 -6.69856e-26  2.17867e-32 -3.08314e-26 -2.58313e-32   3.3841e-26  2.77823e-32 -5.55191e-27 -2.70485e-32   -6.582e-27  2.37728e-32  3.16117e-27 -1.88029e-32  7.05619e-28  1.33456e-32 -7.52079e-28 -8.49317e-33 -3.91374e-29  4.87245e-33  1.34681e-28 -2.56945e-33 -2.42712e-30  1.29991e-33 -1.79457e-29 -6.68011e-34 -4.45098e-31   3.5675e-34  2.24069e-30 -1.88142e-34   1.0861e-31  8.92648e-35 -1.68388e-31 -3.45276e-35 -3.06199e-32  9.47113e-36  9.26566e-33 -1.05003e-36   2.7148e-33 -5.32365e-37 -1.31434e-34  3.62048e-37 -1.21229e-34 -1.15138e-37 -1.09064e-35  2.17534e-38  1.99529e-36 -1.99127e-39  3.95459e-37 -1.01354e-40  1.97615e-38  5.15801e-41 -4.04268e-39 -5.47831e-42 -2.51928e-40  1.43745e-43 -8.07472e-42   9.5445e-45  4.19849e-43 -1.89777e-46  9.78763e-45
-8.95111e-35  4.25737e-48 -1.07649e-34  1.90615e-46  8.15844e-34  1.66054e-45 -2.30143e-34  4.07425e-45 -1.89221e-34  3.05774e-44  1.84815e-35  5.44754e-43  1.02204e-34 -2.09629e-42 -9.38881e-34  6.75059e-42  1.01756e-32 -6.46085e-42 -9.41461e-32  3.88701e-41  7.56002e-31 -5.15923e-41 -5.31744e-30  1.02081e-40  3.29809e-29 -1.93459e-40 -1.81366e-28  3.63814e-40  8.87983e-28 -1.27968e-39 -3.88304e-27   6.6472e-39  1.51989e-26 -2.93902e-38 -5.33228e-26  1.18227e-37  1.67765e-25 -4.25461e-37  -4.7321e-25  1.37024e-36  1.19529e-24 -3.91092e-36 -2.69798e-24    9.702e-36  5.42419e-24 -1.99899e-35  -9.6675e-24   2.9888e-35  1.51735e-23 -1.05641e-35 -2.07745e-23 -1.32744e-34  2.44675e-23  6.39129e-34 -2.42542e-23 -2.00463e-33  1.94803e-23  5.08839e-33 -1.16928e-23  -1.1115e-32  4.02187e-24  2.14382e-32  7.65468e-25 -3.69779e-32  -2.0035e-24   5.7427e-32  1.12196e-24 -8.05827e-32 -4.56758e-26  1.02323e-31 -3.07673e-25  -1.1758e-31  1.49791e-25  1.22132e-31  2.37122e-26 -1.14414e-31 -4.39582e-26  9.63422e-32  5.89083e-27 -7.25911e-32  8.02856e-27  4.86821e-32 -2.34877e-27 -2.89194e-32 -1.19961e-27  1.52191e-32  4.77969e-28  -7.2173e-33  1.57511e-28    3.267e-33 -6.16547e-29 -1.56706e-33 -2.22482e-29  8.44734e-34  6.12113e-30  -4.7007e-34   2.3866e-30  2.34825e-34 -2.49684e-31 -9.44344e-35 -2.14211e-31  2.72286e-35  -5.8877e-33 -3.95973e-36  1.06348e-32 -7.96673e-37   1.5254e-33   6.8838e-37 -1.99272e-34  -2.1601e-37 -6.86079e-35  3.80134e-38 -3.17804e-36 -2.94442e-39  8.34542e-37 -2.37908e-40  1.27368e-37  8.17049e-41  1.33012e-39  -7.3684e-42 -4.18466e-40   1.6411e-43 -3.05407e-41  7.28803e-45 -1.47258e-43 -1.12465e-47
 2.31687e-48 -1.82983e-34  4.69833e-47   -1.595e-34  1.66054e-45  8.97197e-34  1.11557e-44 -3.02483e-34  2.96918e-44  -1.1957e-34  1.71076e-43  -8.9484e-35  2.52789e-42  1.73091e-33 -8.21224e-42 -1.98421e-32  2.32348e-41   1.9793e-31 -2.09588e-41 -1.70683e-30  1.29436e-40  1.28365e-29 -1.63857e-40 -8.48541e-29   3.6729e-40  4.96083e-28 -9.08578e-40  -2.5774e-27  3.19548e-39  1.19438e-26 -1.53364e-38 -4.94983e-26  7.47056e-38   1.8378e-25 -3.22176e-37  -6.1189e-25  1.26091e-36  1.82716e-24 -4.46128e-36 -4.88996e-24  1.42609e-35  1.17102e-23 -4.09915e-35 -2.50265e-23  1.05007e-34  4.75465e-23 -2.35615e-34 -7.98535e-23  4.46388e-34  1.17626e-22 -6.46634e-34 -1.50249e-22   4.2771e-34  1.63593e-22  1.32691e-33 -1.47628e-22  -6.9669e-33  1.04709e-22  2.04893e-32 -5.11361e-23 -4.73417e-32  8.18047e-24   9.3031e-32  1.16509e-23 -1.60347e-31 -1.13794e-23  2.45969e-31  3.57383e-24 -3.38307e-31  1.47418e-24  4.18729e-31 -1.74598e-24 -4.66968e-31  3.22592e-25  4.68962e-31  3.30953e-25 -4.23201e-31 -1.71278e-25  3.41843e-31 -3.32707e-26 -2.45703e-31  4.07528e-26  1.55846e-31  9.61299e-28 -8.63214e-32 -7.17406e-27  4.13338e-32  2.46564e-28 -1.71685e-32  1.00708e-27  6.58251e-33 -1.08436e-29 -2.81952e-33 -1.20677e-28   1.5791e-33 -4.99681e-30 -9.73826e-34  1.01593e-29  5.24196e-34  1.48453e-30 -2.19383e-34 -5.65884e-31  6.51367e-35 -1.48964e-31  -1.0624e-35  1.00871e-32  -9.2928e-37  7.25898e-33  1.15126e-36  5.45022e-34 -3.53426e-37 -1.26613e-34  5.72996e-38 -2.51155e-35 -3.61238e-39 -5.91747e-37 -4.40344e-40  2.19126e-37  1.13233e-40   1.8226e-38 -9.12053e-42  2.60007e-40  2.30759e-43 -2.72542e-41  1.34108e-45 -4.06785e-43
-3.77854e-35  4.67355e-47 -2.34047e-34  4.68043e-46 -2.30143e-34  1.11557e-44  9.33826e-34  6.02315e-44 -3.76487e-34  1.79669e-43  1.06168e-34  8.25295e-43 -2.61907e-33  1.01587e-41   3.3676e-32 -2.79025e-41 -3.63407e-31   6.9016e-41   3.3732e-30 -6.08828e-41 -2.71784e-29  3.90503e-40  1.91766e-28 -5.38413e-40 -1.19329e-27  1.66814e-39  6.58457e-27 -6.41146e-39 -3.23555e-26  3.11711e-38  1.42029e-25 -1.55159e-37 -5.58176e-25   7.1864e-37  1.96664e-24 -3.00061e-36  -6.2155e-24  1.13964e-35  1.76161e-23   -3.934e-35 -4.47238e-23  1.23341e-34  1.01498e-22 -3.50267e-34  -2.0524e-22  8.96368e-34  3.68074e-22 -2.04835e-33 -5.81585e-22  4.10981e-33  8.02097e-22 -6.99037e-33 -9.52348e-22  9.19335e-33  9.52765e-22 -6.02335e-33 -7.73729e-22 -1.26509e-32  4.71471e-22  6.37733e-32 -1.67367e-22 -1.69347e-31 -2.69654e-23  3.49423e-31  8.04914e-23 -6.10042e-31 -4.68199e-23  9.30675e-31  2.88957e-24 -1.25932e-30  1.24882e-23   1.5225e-30 -6.45448e-24 -1.64995e-30  -8.2745e-25  1.60367e-30  1.85723e-24 -1.39554e-30 -2.93121e-25  1.08285e-30 -3.35548e-25  -7.4384e-31  1.10058e-25  4.47194e-31  4.88605e-26 -2.31169e-31 -2.19232e-26  1.00093e-31 -6.56367e-27 -3.51613e-32  2.98635e-27  1.01439e-32  9.06085e-28 -3.34591e-33 -2.91544e-28  2.16281e-33 -1.06638e-28 -1.67683e-33  1.48317e-29  1.01472e-33  9.69146e-30 -4.44469e-34  8.52028e-32  1.34184e-34 -5.13897e-31 -2.29545e-35   -6.589e-32  -7.8147e-37  1.10221e-32  1.73216e-36  3.28522e-33 -5.13089e-37  1.17013e-34   7.5547e-38 -4.62593e-35 -3.61235e-39 -5.75787e-36 -6.90529e-40 -5.66028e-38  1.42226e-40  2.53977e-38 -1.07663e-41  1.35487e-39  3.22501e-43  7.86678e-42 -2.63601e-45
 1.41581e-46 -6.61302e-35  5.43131e-46 -2.32657e-34  4.07425e-45 -3.02483e-34  6.02315e-44  9.65061e-34  2.68075e-43 -6.37879e-34   9.1201e-43  3.56354e-33  3.50072e-42 -5.01735e-32   3.5836e-41  5.89887e-31 -8.34511e-41 -5.91055e-30  1.80353e-40   5.1132e-29 -1.73421e-40 -3.85755e-28  1.16618e-39  2.55832e-27 -2.33765e-39 -1.50082e-26  1.07371e-38  7.82583e-26 -5.39877e-38 -3.64045e-25  2.80671e-37  1.51482e-24 -1.36266e-36 -5.64843e-24  6.05247e-36  1.88917e-23 -2.44237e-35 -5.66838e-23   8.9865e-35  1.52475e-22 -3.01492e-34 -3.67121e-22  9.21795e-34  7.89143e-22 -2.56382e-33 -1.50855e-21   6.4651e-33   2.5505e-21 -1.46957e-32  -3.7842e-21   2.9814e-32  4.87224e-21 -5.30122e-32 -5.35242e-21  7.95456e-32  4.88047e-21 -9.09972e-32 -3.50731e-21  4.64949e-32  1.74857e-21  1.20909e-31 -3.07079e-22 -4.93511e-31 -3.80763e-22  1.13751e-30  3.89853e-22 -2.05614e-30 -1.29748e-22  3.14941e-30 -4.70319e-23 -4.21148e-30  6.10402e-23  4.98452e-30 -1.26977e-23 -5.25537e-30 -1.12138e-23  4.94742e-30  6.31546e-24 -4.15536e-30  1.01915e-24  3.10155e-30   -1.491e-24 -2.04069e-30  6.63486e-27  1.16653e-30   2.6117e-25  -5.6461e-31 -1.54473e-26  2.20472e-31 -3.75122e-26 -6.25521e-32  1.52233e-27  9.40604e-33  4.51354e-27  8.02219e-35  9.93594e-29  1.35381e-33 -4.04841e-28 -2.33438e-33 -4.79657e-29  1.72658e-33  2.35642e-29 -7.99543e-34  5.52034e-30  2.43217e-34 -5.19014e-31 -4.19934e-35 -2.92125e-31 -3.21455e-37 -1.79504e-32  2.37833e-36  5.72441e-33 -6.66029e-37  9.99491e-34  8.71416e-38  1.16743e-35 -2.60888e-39  -9.4922e-36 -9.68155e-40 -7.56704e-37  1.66549e-40 -5.44688e-39 -1.19659e-41  1.13577e-39  3.50491e-43  1.94268e-41
 6.88971e-35  1.77529e-45  -5.2556e-35  4.57039e-45 -1.89221e-34  2.96918e-44 -3.76487e-34  2.68075e-43  1.21497e-33   9.9792e-43 -4.77857e-33  3.94203e-42  6.64641e-32  1.32269e-41  -8.5341e-31  1.12185e-40  9.26349e-30 -2.23055e-40 -8.62622e-29  4.30906e-40  6.97203e-28 -5.90098e-40 -4.93546e-27  4.14359e-39  3.08175e-26 -1.46141e-38  -1.7067e-25  8.19988e-38  8.41871e-25  -4.4328e-37 -3.71052e-24  2.26856e-36  1.46451e-23 -1.06223e-35 -5.18343e-23  4.53984e-35   1.6461e-22 -1.76943e-34 -4.68926e-22  6.30064e-34  1.19698e-21 -2.05023e-33 -2.73219e-21   6.0942e-33  5.55899e-21 -1.65258e-32 -1.00357e-20  4.07824e-32  1.59712e-20 -9.12125e-32 -2.21998e-20  1.83641e-31  2.65883e-20 -3.29024e-31 -2.68651e-20  5.13615e-31  2.20794e-20 -6.67488e-31 -1.36764e-20  6.32912e-31  5.02308e-21 -1.59365e-31  6.50432e-22 -1.04167e-30 -2.31843e-21  3.16867e-30  1.40668e-21 -6.16556e-30 -1.19478e-22  9.61264e-30 -3.62744e-22 -1.27747e-29  2.00294e-22  1.48365e-29  1.92411e-23 -1.52331e-29 -5.63613e-23  1.38961e-29  1.04482e-23 -1.12713e-29  9.99949e-24  8.10249e-30 -3.69397e-24 -5.11836e-30 -1.41954e-24  2.79302e-30  7.30251e-25 -1.27274e-30  1.90473e-25   4.4931e-31 -1.02311e-25 -9.70235e-32 -2.65405e-26 -6.26489e-33    1.024e-26  1.42115e-32  3.33148e-27 -3.42471e-33 -5.94907e-28 -2.34249e-33  -3.1569e-28  2.60157e-33  4.23524e-30 -1.29308e-33  1.79177e-29  3.93268e-34  1.98304e-30 -6.66586e-35 -4.35655e-31  2.47162e-37 -1.12534e-31  3.00226e-36 -2.43633e-33 -7.71663e-37  1.76246e-33  8.60647e-38  1.95153e-34 -3.27749e-40  4.26216e-37 -1.26652e-39 -9.93736e-37  1.83653e-40 -4.73346e-38 -1.18068e-41 -2.54984e-40   2.4366e-43
-1.05332e-45  1.08299e-34  1.50687e-44 -1.19008e-35  3.05774e-44  -1.1957e-34  1.79669e-43 -6.37879e-34   9.9792e-43  5.60721e-33  3.12158e-42 -7.90524e-32   1.4718e-41  1.10711e-30  4.48897e-41 -1.30665e-29  3.15091e-40  1.31356e-28 -5.48764e-40 -1.13992e-27  1.06629e-39   8.6281e-27 -2.91898e-39 -5.74191e-26  2.06966e-38  3.38074e-25 -1.07097e-37 -1.76964e-24  6.23575e-37  8.26559e-24 -3.34572e-36  -3.4542e-23  1.65356e-35  1.29386e-22 -7.45522e-35 -4.34831e-22  3.07012e-34  1.31137e-21 -1.15559e-33 -3.54666e-21  3.98024e-33  8.58883e-21 -1.25487e-32 -1.85761e-20  3.62027e-32  3.57457e-20 -9.54732e-32 -6.08669e-20  2.29702e-31  9.10097e-20 -5.02564e-31 -1.18179e-19  9.94803e-31  1.31076e-19 -1.76695e-30 -1.20865e-19  2.77683e-30  8.81015e-20 -3.75958e-30 -4.49159e-20  4.12515e-30  8.66402e-21 -2.97855e-30   9.2562e-21 -6.32261e-31 -1.00106e-20  7.23839e-30  3.54325e-21 -1.64282e-29  1.10191e-21  2.66196e-29  -1.5989e-21 -3.54077e-29  3.74452e-22  4.04514e-29  2.82488e-22   -4.047e-29 -1.74958e-22  3.57739e-29 -2.20438e-23 -2.80258e-29  4.08273e-23  1.94214e-29  -1.4099e-24 -1.18072e-29 -7.13139e-24  6.17856e-30  6.35868e-25 -2.67041e-30  1.03835e-24   8.5961e-31 -7.44961e-26 -1.31147e-31  -1.2729e-25 -5.56968e-32  4.81487e-28  5.03116e-32  1.19742e-26 -1.63595e-32  1.10507e-27 -6.74354e-34 -7.37724e-28  3.47401e-33 -1.51437e-28 -1.89576e-33  1.94363e-29  5.71866e-34  8.78598e-30 -9.27996e-35  4.00278e-31  4.57361e-37 -1.92428e-31   3.4857e-36 -2.94894e-32  -7.8534e-37  1.96138e-35   6.7242e-38  3.16231e-34  3.42077e-39    2.284e-35 -1.57764e-39   3.8711e-38  1.87049e-40 -3.97224e-38 -9.43856e-42 -6.52659e-40
 2.81474e-36  -1.1282e-44  9.92713e-35  9.97595e-44  1.84815e-35  1.71076e-43  1.06168e-34   9.1201e-43 -4.77857e-33  3.12158e-42  8.41001e-32  8.14056e-42 -1.29299e-30  4.80617e-41  1.66593e-29  1.37261e-40 -1.81398e-28  8.08395e-40   1.6945e-27 -1.35703e-39 -1.37405e-26   3.6374e-39  9.76047e-26 -1.90563e-38  -6.1168e-25  1.31897e-37  3.40062e-24 -7.76584e-37 -1.68428e-23  4.42789e-36  7.45544e-23 -2.30288e-35 -2.95602e-22  1.09535e-34   1.0513e-21 -4.75641e-34 -3.35569e-21  1.88888e-33  9.61137e-21 -6.86726e-33 -2.46758e-20  2.28768e-32  5.66714e-20  -6.9848e-32 -1.16066e-19  1.95406e-31  2.11022e-19 -5.00435e-31  -3.3841e-19  1.17124e-30  4.74345e-19 -2.49837e-30 -5.73435e-19  4.83682e-30  5.85621e-19   -8.444e-30  -4.8755e-19   1.3155e-29  3.07396e-19 -1.79584e-29 -1.17074e-19  2.07101e-29  -1.1214e-20 -1.83577e-29  5.15371e-20  7.95604e-30  -3.2763e-20   1.1692e-29  3.61524e-21 -3.85569e-29  8.11261e-21  6.71617e-29 -4.81907e-21 -9.02327e-29 -2.98106e-22  1.01653e-28  1.32155e-21 -9.91084e-29 -2.86584e-22  8.48387e-29 -2.28669e-22 -6.41657e-29  9.58973e-23  4.28885e-29  3.14051e-23 -2.51511e-29 -1.88833e-23   1.2683e-29 -4.14819e-24 -5.24458e-30  2.70045e-24  1.56117e-30  5.90664e-25 -1.53551e-31 -2.80154e-25 -1.66158e-31 -7.89064e-26  1.24084e-31  1.79803e-26 -4.30622e-32  7.92917e-27  4.04225e-33 -3.16813e-28  4.07055e-33 -4.83493e-28 -2.52989e-33   -4.413e-29  7.49944e-34   1.3238e-29 -1.13217e-34   2.9543e-30 -2.95585e-37  1.72566e-32  3.68829e-36 -5.18208e-32 -6.68867e-37 -5.10193e-33  2.80687e-38  4.15338e-35  8.54307e-39  2.99897e-35 -1.84695e-39  1.29796e-36  1.67479e-40  3.46859e-39 -5.17993e-42
 5.39574e-45  3.42886e-36 -8.12803e-44  6.16276e-35  5.44754e-43  -8.9484e-35  8.25295e-43  3.56354e-33  3.94203e-42 -7.90524e-32  8.14056e-42  1.36173e-30  1.71359e-41 -1.92533e-29  1.38914e-40  2.27935e-28  3.74414e-40 -2.29858e-27  1.98713e-39  2.00128e-26 -4.17924e-39 -1.52002e-25  1.94781e-38  1.01526e-24 -1.32654e-37 -6.00079e-24  8.84595e-37  3.15393e-23  -5.2597e-36 -1.47949e-22  2.89288e-35  6.21106e-22  -1.4497e-34 -2.33777e-21  6.63684e-34  7.89687e-21 -2.77772e-33  -2.3945e-20  1.06456e-32  6.51344e-20 -3.73987e-32 -1.58705e-19  1.20519e-31  3.45509e-19 -3.56328e-31 -6.69552e-19  9.66292e-31  1.14879e-18 -2.40133e-30 -1.73195e-18  5.46015e-30   2.2696e-18 -1.13322e-29 -2.54328e-18  2.13898e-29  2.37358e-18 -3.65193e-29 -1.75687e-18  5.59258e-29  9.17461e-19 -7.57647e-29 -1.94284e-19  8.85194e-29 -1.76859e-19 -8.43125e-29  2.03886e-19     5.47e-29 -7.70027e-20  2.16441e-30 -1.99094e-20 -7.78919e-29  3.32002e-20  1.54862e-28 -8.75265e-21  -2.1263e-28 -5.58427e-21  2.36748e-28  3.85062e-21 -2.24796e-28  3.40852e-22   1.8607e-28 -8.85611e-22 -1.35699e-28  5.99158e-23  8.74864e-29  1.54075e-22 -4.95962e-29 -1.91158e-23  2.42239e-29 -2.26589e-23 -9.67152e-30  2.42485e-24  2.70775e-30  2.84356e-24 -1.51729e-31 -9.78626e-26 -3.71763e-31 -2.79516e-25  2.54469e-31 -1.81682e-26 -8.99056e-32   1.8326e-26   1.3312e-32  3.22994e-27  4.03984e-33 -5.63363e-28  -3.0694e-33 -2.08438e-28  8.83582e-34 -5.70373e-30 -1.19045e-34  5.09924e-30 -2.47409e-36  6.83908e-31  3.46048e-36 -1.08423e-32 -4.02071e-37 -8.38834e-33 -2.96249e-38 -5.40532e-34  1.42808e-38  3.08558e-36 -1.95054e-39  1.11573e-36  1.21613e-40  1.62137e-38
-1.38505e-35  5.18444e-44  9.96192e-36 -4.54864e-43  1.02204e-34  2.52789e-42 -2.61907e-33  3.50072e-42  6.64641e-32   1.4718e-41 -1.29299e-30  1.71359e-41  2.02017e-29   2.6122e-41 -2.61186e-28  3.61686e-40  2.85286e-27  8.61155e-40 -2.67371e-26  5.33157e-39   2.1756e-25 -1.91771e-38 -1.55109e-24  1.26384e-37  9.75814e-24 -8.86594e-37 -5.44721e-23  5.67546e-36   2.7096e-22 -3.28375e-35 -1.20488e-21  1.73709e-34  4.80039e-21 -8.38101e-34 -1.71599e-20  3.69662e-33  5.50716e-20 -1.49263e-32 -1.58647e-19  5.52528e-32  4.09807e-19 -1.87682e-31 -9.47356e-19  5.85319e-31  1.95388e-18 -1.67615e-30 -3.57926e-18  4.40582e-30  5.78706e-18 -1.06207e-29  -8.1846e-18  2.34448e-29   9.9936e-18 -4.72852e-29 -1.03235e-17  8.68466e-29   8.7147e-18 -1.44557e-28 -5.60018e-18  2.16505e-28   2.2162e-18 -2.88479e-28  1.33712e-19  3.35344e-28 -9.24269e-19 -3.27049e-28  6.18616e-19   2.4159e-28 -8.53373e-20 -7.97997e-29 -1.45918e-19 -1.27457e-28  9.39885e-20  3.27217e-28  2.40505e-21 -4.66059e-28  -2.5017e-20  5.13724e-28  6.32469e-21 -4.74243e-28  4.18734e-21  3.78567e-28 -2.01435e-21 -2.65617e-28 -5.48535e-22  1.65069e-28  3.95387e-22 -9.06409e-29  7.01295e-23  4.30994e-29 -5.75709e-23 -1.67585e-29  -1.0278e-23  4.48142e-30  6.20348e-24 -1.08183e-31  1.47811e-24  -7.1329e-31  -4.3319e-25  4.62428e-31 -1.59858e-25 -1.63246e-31  1.15411e-26  2.85309e-32  1.05308e-26  2.99371e-33  7.36598e-28 -3.35135e-33 -3.23035e-28  9.21397e-34 -6.20947e-29 -1.02364e-34  8.08226e-31 -6.03726e-36  1.23201e-30  2.66168e-36  1.06414e-31  5.63743e-39 -2.31563e-33 -9.74088e-38  -7.3354e-34  1.90037e-38 -2.81912e-35 -1.75613e-39  2.46746e-38  6.09987e-41
-6.85985e-45  -2.1275e-35  3.33527e-43 -2.08953e-35 -2.09629e-42  1.73091e-33  1.01587e-41 -5.01735e-32  1.32269e-41  1.10711e-30  4.80617e-41 -1.92533e-29   2.6122e-41  2.73278e-28  1.36951e-41 -3.24546e-27  8.87228e-40   3.2836e-26   1.2084e-39 -2.86882e-25  1.91456e-38  2.18693e-24 -1.12555e-37 -1.46637e-23  8.11194e-37   8.7026e-23  -5.5079e-36 -4.59376e-22  3.38269e-35  2.16478e-21 -1.88678e-34 -9.13198e-21  9.60365e-34   3.4548e-20 -4.46488e-33 -1.17336e-19  1.89985e-32  3.57843e-19 -7.40959e-32 -9.79371e-19  2.65193e-31  2.40194e-18 -8.71697e-31 -5.26575e-18  2.63259e-30  1.02811e-17 -7.30495e-30 -1.77831e-17  1.86158e-29   2.7048e-17 -4.35289e-29 -3.57916e-17  9.32542e-29  4.05514e-17 -1.82643e-28 -3.83377e-17  3.26008e-28  2.88469e-17 -5.27978e-28 -1.54554e-17  7.70839e-28  3.58836e-18 -1.00462e-27   2.7479e-18  1.15004e-27 -3.41475e-18   -1.122e-27  1.38043e-18  8.70136e-28  2.83805e-19 -4.16724e-28 -5.66387e-19 -1.34868e-28  1.68099e-19  6.35761e-28  8.94937e-20 -9.56705e-28 -6.97668e-20   1.0444e-27 -3.41719e-21 -9.34278e-28  1.57684e-20  7.16183e-28 -1.64836e-21 -4.81659e-28 -2.72506e-21  2.88073e-28  4.48695e-22  -1.5348e-28  4.03804e-22  7.14013e-29 -5.98842e-23 -2.72271e-29 -5.19714e-23  7.01193e-30  3.65141e-24  2.95677e-32  5.34167e-24 -1.24662e-30  1.88419e-25  7.71908e-31 -3.73772e-25 -2.69161e-31 -5.49283e-26  5.08736e-32  1.31631e-26  5.34074e-34  4.03428e-27 -3.19632e-33  2.50307e-29  8.16168e-34 -1.10663e-28   -5.935e-35 -1.28435e-29 -1.01388e-35  4.56303e-31  1.19338e-36  1.82907e-31  5.04702e-37  1.02998e-32 -1.59615e-37  -1.6195e-34  2.06963e-38 -2.54426e-35 -1.24935e-39 -3.26421e-37
-4.65791e-36 -6.15542e-44  -8.8833e-36    1.658e-42 -9.38881e-34 -8.21224e-42   3.3676e-32   3.5836e-41  -8.5341e-31  4.48897e-41  1.66593e-29  1.38914e-40 -2.61186e-28  1.36951e-41   3.3876e-27 -8.84685e-41 -3.71235e-26  2.32108e-39  3.49131e-25 -3.36282e-39 -2.85131e-24  9.40517e-38  2.04072e-23 -6.80381e-37 -1.28911e-22  4.84432e-36  7.22728e-22 -3.15125e-35 -3.61153e-21  1.85854e-34  1.61373e-20 -9.98261e-34  -6.4623e-20  4.89677e-33  2.32264e-19 -2.19724e-32 -7.49712e-19  9.03419e-32  2.17297e-18 -3.40811e-31 -5.64976e-18  1.18082e-30  1.31518e-17  -3.7599e-30 -2.73278e-17  1.10054e-29  5.04645e-17 -2.96095e-29 -8.23064e-17  7.31861e-29  1.17523e-16 -1.66029e-28 -1.45037e-16  3.45182e-28  1.51671e-16 -6.56271e-28 -1.29952e-16  1.13757e-27  8.52267e-17 -1.79017e-27 -3.51082e-17  2.54225e-27 -8.22898e-19 -3.22905e-27  1.37705e-17  3.61666e-27 -9.75547e-18 -3.48347e-27  1.63684e-18  2.73534e-27  2.17109e-18  -1.4907e-27 -1.53047e-18  6.76164e-29  1.95736e-20  1.14328e-27  3.93492e-19 -1.85507e-27  -1.1575e-19  2.00162e-27 -6.30311e-20 -1.72564e-27  3.52589e-20  1.26205e-27  7.69291e-21 -8.08798e-28 -6.89727e-21  4.64089e-28 -9.24378e-22 -2.40189e-28  1.02127e-21  1.09807e-28  1.40685e-22 -4.12129e-29 -1.14265e-22   1.0161e-29 -2.23568e-23  4.34121e-31  8.60757e-24 -2.06838e-30  2.65155e-24  1.21502e-30 -2.98244e-25 -4.14143e-31  -1.9027e-25  8.13994e-32 -8.80623e-27 -3.74703e-33  6.52488e-27 -2.43282e-33  1.07199e-27  5.37517e-34 -3.93086e-29  7.12226e-36 -2.43599e-29 -1.30765e-35 -1.80529e-30 -9.35507e-37  7.31398e-32  1.00098e-36  1.48915e-32 -1.96957e-37  4.98181e-34  1.81853e-38 -2.62638e-36 -6.03205e-40
 4.20482e-44 -1.12422e-35 -3.68733e-43  4.30502e-34  6.75059e-42 -1.98421e-32 -2.79025e-41  5.89887e-31  1.12185e-40 -1.30665e-29  1.37261e-40  2.27935e-28  3.61686e-40 -3.24546e-27 -8.84685e-41  3.86701e-26  -5.0402e-40 -3.92606e-25   7.9383e-39  3.44271e-24 -4.57075e-38 -2.63461e-23  5.19133e-37  1.77378e-22 -3.86838e-36 -1.05727e-21  2.65197e-35  5.60651e-21   -1.654e-34 -2.65484e-20  9.38745e-34  1.12568e-19 -4.86356e-33 -4.28183e-19  2.30453e-32  1.46264e-18 -1.00021e-31 -4.48798e-18  3.98187e-31  1.23632e-17 -1.45557e-30  -3.0532e-17  4.88965e-30  6.74333e-17 -1.51015e-29 -1.32713e-16  4.28869e-29  2.31541e-16  -1.1197e-28 -3.55499e-16  2.68598e-28  4.75335e-16 -5.91407e-28 -5.44916e-16  1.19342e-27  5.22335e-16 -2.20233e-27 -3.99992e-16  3.70561e-27   2.2021e-16 -5.66155e-27  -5.5952e-17    7.809e-27 -3.54782e-17 -9.64237e-27  4.82117e-17  1.05208e-26  -2.0925e-17  -9.9207e-27 -3.18839e-18  7.73252e-27  8.13444e-18 -4.41768e-27 -2.71919e-18  8.78981e-28 -1.18557e-18  1.93011e-27  1.06624e-18 -3.43545e-27  7.68964e-21  3.64236e-27 -2.36015e-19 -3.00088e-27  3.44661e-20  2.07368e-27  4.03584e-20 -1.25453e-27 -8.57707e-21  6.86587e-28 -6.00964e-21 -3.45142e-28  1.18941e-21  1.55501e-28  7.94117e-22 -5.72944e-29 -8.95915e-23  1.30802e-29  -8.5557e-23  1.56565e-30 -1.66053e-25 -3.36255e-30  6.40556e-24    1.841e-30  7.49202e-25 -6.06438e-31 -2.55133e-25  1.21279e-31 -6.50807e-26 -1.02785e-32  1.25173e-27 -9.21453e-34  2.01595e-27  8.21049e-35  1.98248e-28  8.64872e-35  -1.2383e-29 -1.26926e-35 -3.35035e-30 -3.51227e-36 -1.60155e-31   1.3693e-36  4.76912e-33 -1.95259e-37  4.86079e-34  1.22671e-38  5.48271e-36
 8.09059e-36  3.68912e-43 -1.84546e-34 -1.70365e-42  1.01756e-32  2.32348e-41 -3.63407e-31 -8.34511e-41  9.26349e-30  3.15091e-40 -1.81398e-28  3.74414e-40  2.85286e-27  8.87228e-40 -3.71235e-26  -5.0402e-40  4.08237e-25 -2.25031e-39  -3.8534e-24  3.68004e-38  3.15924e-23 -3.11645e-37 -2.27039e-22  2.77945e-36  1.44042e-21  -2.0101e-35 -8.11262e-21  1.32178e-34  4.07361e-20  -7.9301e-34 -1.82956e-19  4.34569e-33  7.36645e-19 -2.17871e-32 -2.66288e-18  1.00046e-31  8.64799e-18 -4.21249e-31 -2.52287e-17  1.62804e-30  6.60499e-17 -5.78006e-30 -1.54894e-16  1.88624e-29  3.24411e-16 -5.65978e-29 -6.04207e-16  1.56154e-28  9.94631e-16 -3.96041e-28 -1.43475e-15  9.22751e-28   1.7909e-15 -1.97304e-27 -1.89747e-15  3.86564e-27  1.65175e-15  -6.9247e-27   -1.107e-15  1.13079e-26  4.75435e-16 -1.67642e-26 -6.95478e-18  2.24354e-26 -1.73949e-16 -2.68833e-26  1.31225e-16   2.8486e-26 -2.62376e-17 -2.61463e-26 -2.72273e-17  1.99766e-26  2.12438e-17  -1.1494e-26 -1.13446e-18  3.06688e-27 -5.24523e-18  3.15097e-27    1.795e-18 -6.15997e-27  7.92074e-19    6.345e-27 -5.24962e-19 -4.93571e-27 -8.63903e-20  3.17673e-27  1.02265e-19 -1.78639e-27  9.12698e-21  9.21689e-28 -1.53821e-20 -4.48393e-28 -1.47153e-21  1.98856e-28  1.78569e-21 -7.08021e-29   2.7377e-22  1.34598e-29 -1.44306e-22  4.42429e-30 -3.66981e-23 -5.45794e-30  6.05532e-24  2.72408e-30  2.90437e-24 -8.56693e-31  5.63923e-26  1.71876e-31 -1.11434e-25 -1.94965e-32 -1.54036e-26  1.42219e-33  1.04775e-27 -5.20782e-34  4.08181e-28  1.61905e-34  2.50413e-29 -7.29556e-36 -1.70835e-30 -6.05055e-36 -2.55899e-31  1.49537e-36 -7.26369e-33 -1.55091e-37   8.2959e-35  5.53676e-39
-8.14027e-44  6.84745e-35  2.18567e-42 -4.47923e-33 -6.46085e-42   1.9793e-31   6.9016e-41 -5.91055e-30 -2.23055e-40  1.31356e-28  8.08395e-40 -2.29858e-27  8.61155e-40   3.2836e-26  2.32108e-39 -3.92606e-25 -2.25031e-39  4.00065e-24 -1.09596e-38 -3.52175e-23  1.90184e-37  2.70615e-22 -1.70772e-36 -1.82986e-21  1.35763e-35   1.0957e-20 -9.39272e-35 -5.83853e-20  5.93933e-34  2.77892e-19 -3.44557e-33  -1.1847e-18  1.83273e-32  4.53233e-18 -8.93707e-32 -1.55768e-17  3.99607e-31  4.81069e-17 -1.63924e-30 -1.33439e-16  6.17293e-30  3.31974e-16 -2.13513e-29 -7.39002e-16  6.78614e-29  1.46678e-15 -1.98237e-28 -2.58262e-15  5.32235e-28  4.00515e-15 -1.31296e-27 -5.41491e-15  2.97413e-27  6.28585e-15 -6.17983e-27 -6.11482e-15  1.17608e-26  4.77101e-15  -2.0455e-26 -2.70299e-15  3.24166e-26  7.49932e-16 -4.66185e-26   3.8562e-16  6.04914e-26 -5.84138e-16 -7.02481e-26  2.73043e-16  7.21205e-26  2.70418e-17 -6.41592e-26 -1.00068e-16  4.76264e-26  3.77205e-17 -2.69308e-26  1.31025e-17     7.82e-27 -1.39858e-17  5.23652e-27  5.19351e-19 -1.08564e-26  3.01905e-18  1.06756e-26 -5.83804e-19 -7.71509e-27 -5.08054e-19  4.52759e-27  1.37325e-19 -2.30213e-27  7.57391e-20  1.09094e-27 -1.96533e-20 -5.06284e-28 -1.02861e-20  2.18154e-28  1.69567e-21 -7.11225e-29  1.16627e-21  6.45889e-30 -4.25986e-23  1.08358e-29 -9.37404e-23 -8.86716e-30 -8.02144e-24  3.96138e-30  4.18793e-24  -1.1761e-30  8.85959e-25  2.34404e-31 -4.53715e-26 -3.17713e-32 -3.13447e-26  4.60112e-33 -2.51884e-27 -1.20833e-33  2.58059e-28  2.14323e-34  5.23529e-29  3.15786e-36  2.02896e-30 -7.85694e-36 -1.04704e-31  1.33636e-36  -7.9427e-33 -9.42255e-38 -7.70896e-35
-1.36002e-35 -6.46965e-43  1.64574e-33  1.01098e-41 -9.41461e-32 -2.09588e-41   3.3732e-30  1.80353e-40 -8.62622e-29 -5.48764e-40   1.6945e-27  1.98713e-39 -2.67371e-26   1.2084e-39  3.49131e-25   7.9383e-39  -3.8534e-24 -1.09596e-38   3.6514e-23 -5.64251e-38 -3.00592e-22  9.32948e-37  2.16958e-21 -7.96329e-36 -1.38279e-20  5.82769e-35  7.82586e-20 -3.85208e-34 -3.94982e-19  2.35795e-33  1.78361e-18 -1.33474e-32 -7.22288e-18  6.95542e-32  2.62695e-17 -3.32777e-31 -8.58672e-17  1.46008e-30   2.5223e-16  -5.8735e-30 -6.65214e-16  2.16681e-29  1.57228e-15 -7.33365e-29 -3.32082e-15  2.27802e-28  6.24135e-15 -6.49607e-28 -1.03762e-14  1.70071e-27  1.51308e-14 -4.08707e-27  -1.9117e-14  9.01095e-27  2.05387e-14 -1.82095e-26 -1.81837e-14  3.36793e-26  1.24698e-14 -5.68904e-26 -5.59117e-15  8.75046e-26  2.99893e-16 -1.22049e-25  1.89019e-15  1.53474e-25  -1.5292e-15 -1.72557e-25  3.58689e-16  1.71328e-25  2.91282e-16 -1.47215e-25 -2.55199e-16   1.0543e-25  2.46255e-17 -5.75452e-26  6.00709e-17  1.64594e-26  -2.3967e-17  9.40533e-27 -8.36194e-18 -1.90585e-26  6.74785e-18  1.74981e-26  7.47753e-19 -1.15138e-26  -1.3074e-18  5.96365e-27 -5.53751e-20 -2.59179e-27  1.99526e-19  1.04806e-27  1.02512e-20 -4.37183e-28 -2.40154e-20  1.71304e-28 -2.65035e-21 -3.78433e-29  2.07429e-21 -1.65149e-29  4.25694e-22   2.3641e-29 -1.01301e-22 -1.42603e-29 -3.78954e-23  5.65109e-30  4.60094e-25 -1.57099e-30  1.63333e-24  3.09138e-31  1.84594e-25 -4.72647e-32 -2.08256e-26  8.49854e-33 -5.87133e-27 -1.88768e-33 -2.79974e-28  2.28608e-34  3.20868e-29  1.62995e-35  3.77605e-30 -8.30293e-36  8.67981e-32  9.61195e-37 -1.83865e-33 -3.81498e-38
 1.68492e-43 -4.68135e-34  -3.4757e-42  3.83799e-32  3.88701e-41 -1.70683e-30 -6.08828e-41   5.1132e-29  4.30906e-40 -1.13992e-27 -1.35703e-39  2.00128e-26  5.33157e-39 -2.86882e-25 -3.36282e-39  3.44271e-24  3.68004e-38 -3.52175e-23 -5.64251e-38  3.11291e-22 -2.72967e-37 -2.40238e-21  3.98192e-36  1.63192e-20 -3.06785e-35 -9.81925e-20    2.065e-34  5.25915e-19 -1.30901e-33 -2.51678e-18  7.88124e-33  1.07914e-17 -4.44221e-32  -4.1537e-17  2.31312e-31  1.43682e-16 -1.10469e-30 -4.46802e-16  4.82369e-30  1.24844e-15 -1.92428e-29 -3.13027e-15  7.01489e-29   7.0268e-15 -2.33846e-28  -1.4073e-14  7.13394e-28  2.50215e-14 -1.99302e-27 -3.92189e-14  5.10122e-27  5.36522e-14 -1.19643e-26 -6.31182e-14  2.57072e-26  6.23712e-14 -5.05677e-26 -4.96406e-14  9.09468e-26  2.89824e-14 -1.49252e-25 -8.75888e-15  2.22839e-25 -3.54713e-15 -3.01418e-25  6.15421e-15   3.6717e-25 -3.10836e-15 -3.99355e-25 -1.41772e-16  3.82856e-25  1.06763e-15 -3.16781e-25 -4.54829e-16  2.17501e-25 -1.20538e-16 -1.12777e-25  1.59461e-16  2.93356e-26 -1.34938e-17  1.87212e-26 -3.33824e-17 -3.35732e-26  8.29248e-18  2.81243e-26  5.48566e-18 -1.64572e-26  -1.8781e-18  7.13123e-27 -8.14066e-19 -2.28307e-27  2.76226e-19  5.42515e-28  1.13776e-19 -9.82188e-29  -2.6308e-20  -1.6587e-29 -1.36577e-20  6.39285e-29  1.12702e-21 -6.87236e-29  1.18452e-21  4.65847e-29  6.12974e-23 -2.23273e-29 -5.90973e-23  7.84791e-30 -1.02204e-23 -2.03508e-30  9.59929e-25  3.94508e-31  4.20679e-25 -6.57259e-32  2.58509e-26  1.28255e-32 -4.40162e-27 -2.44582e-33 -7.05282e-28  1.99951e-34 -2.02957e-29  2.78122e-35   1.8651e-30 -7.20163e-36  1.12208e-31   5.2683e-37  8.99062e-34
  8.8895e-35  1.30092e-42 -1.29909e-32 -1.46171e-41  7.56002e-31  1.29436e-40 -2.71784e-29 -1.73421e-40  6.97203e-28  1.06629e-39 -1.37405e-26 -4.17924e-39   2.1756e-25  1.91456e-38 -2.85131e-24 -4.57075e-38  3.15924e-23  1.90184e-37 -3.00592e-22 -2.72967e-37   2.4853e-21 -1.12213e-36 -1.80206e-20  1.32031e-35  1.15412e-19 -8.29853e-35 -6.56534e-19  4.87019e-34  3.33166e-18  -3.0077e-33 -1.51314e-17  1.89745e-32  6.16503e-17 -1.14243e-31 -2.25675e-16  6.30138e-31  7.42743e-16 -3.13746e-30 -2.19775e-15  1.40647e-29   5.8415e-15 -5.68664e-29 -1.39222e-14  2.07979e-28  2.96691e-14 -6.90063e-28 -5.63023e-14  2.08244e-27  9.45889e-14 -5.72747e-27  -1.3953e-13  1.43791e-26  1.78575e-13 -3.29847e-26 -1.94721e-13   6.9166e-26  1.75514e-13 -1.32551e-25 -1.23316e-13  2.31943e-25  5.77929e-14 -3.69916e-25 -5.39788e-15  5.36166e-25   -1.785e-14 -7.03258e-25  1.56192e-14  8.29584e-25  -4.2463e-15 -8.72189e-25 -2.67511e-15  8.06122e-25  2.68327e-15 -6.40345e-25 -3.82283e-16  4.18806e-25 -5.96461e-16 -2.02761e-25  2.78885e-16  4.31828e-26  7.38161e-17  3.99531e-26 -7.57048e-17 -5.92861e-26 -4.24718e-18  4.44464e-26  1.45605e-17 -2.25126e-26 -1.12073e-19   7.3574e-27 -2.25108e-18  -7.4658e-28 -8.26228e-21 -8.44118e-28  2.80771e-19  7.52197e-28  1.84205e-20 -4.69696e-28 -2.58613e-20  2.87738e-28 -4.10493e-21 -1.67921e-28  1.43518e-21  8.36857e-29  4.25172e-22  -3.3512e-29 -2.16666e-23  1.05053e-29 -2.07605e-23 -2.54307e-30 -1.81936e-24  4.86619e-31  3.36029e-25 -8.62515e-32  7.31017e-26  1.70753e-32  2.37305e-27 -2.77026e-33  -5.0469e-28  1.37534e-34 -4.82508e-29  3.33473e-35 -8.17073e-31 -5.01369e-36  3.24362e-32  1.90129e-37
-4.05067e-43  3.44686e-33  6.81764e-42 -2.87525e-31 -5.15923e-41  1.28365e-29  3.90503e-40 -3.85755e-28 -5.90098e-40   8.6281e-27   3.6374e-39 -1.52002e-25 -1.91771e-38  2.18693e-24  9.40517e-38 -2.63461e-23 -3.11645e-37  2.70615e-22  9.32948e-37 -2.40238e-21 -1.12213e-36  1.86256e-20 -3.29654e-36 -1.27137e-19  1.96115e-35  7.68916e-19  3.97539e-36  -4.1407e-18 -4.50468e-34  1.99297e-17  2.01946e-33 -8.59755e-17  3.84336e-33  3.33072e-16 -1.22289e-31 -1.16006e-15  1.08252e-30  3.63379e-15 -6.75182e-30 -1.02325e-14  3.41351e-29    2.587e-14 -1.47358e-28 -5.85907e-14  5.57328e-28   1.1847e-13 -1.87431e-27 -2.12829e-13  5.65754e-27  3.37384e-13 -1.54233e-26 -4.67367e-13  3.81365e-26  5.57677e-13 -8.57737e-26  -5.6033e-13  1.75776e-25  4.55435e-13 -3.28444e-25 -2.74393e-13  5.59394e-25   9.0099e-14  -8.6717e-25  2.74951e-14  1.22021e-24 -5.69371e-14 -1.55176e-24  3.11904e-14  1.77191e-24 -2.49844e-16 -1.79919e-24 -9.96642e-15  1.60047e-24  4.81664e-15 -1.21638e-24  9.03655e-16  7.52073e-25 -1.59504e-15 -3.32333e-25  2.17091e-16  4.59868e-26  3.21391e-16  8.64159e-26 -1.00941e-16 -1.04078e-25 -5.09759e-17  6.88953e-26   2.2253e-17 -2.92004e-26  7.46019e-18  5.39407e-27 -3.35363e-18  3.08231e-27 -1.07515e-18 -3.80819e-27  3.45342e-19  2.50864e-27  1.37944e-19 -1.37865e-27 -1.93371e-20  7.06671e-28 -1.30146e-20 -3.34098e-28 -1.81135e-22  1.37969e-28   7.2462e-22 -4.76648e-29   9.9305e-23  1.34286e-29 -1.55121e-23 -3.05029e-30 -4.90778e-24  5.79491e-31 -1.99713e-25 -1.07056e-31  6.34817e-26   2.0536e-32  8.23913e-27 -2.78193e-33   1.4181e-28  6.24087e-35 -2.80005e-29  3.09824e-35 -1.37887e-30  -2.6445e-36 -8.43615e-33
-6.21849e-34 -2.84551e-42  9.10146e-32  2.82995e-41 -5.31744e-30 -1.63857e-40  1.91766e-28  1.16618e-39 -4.93546e-27 -2.91898e-39  9.76047e-26  1.94781e-38 -1.55109e-24 -1.12555e-37  2.04072e-23  5.19133e-37 -2.27039e-22 -1.70772e-36  2.16958e-21  3.98192e-36 -1.80206e-20 -3.29654e-36    1.313e-19 -7.03155e-37 -8.45231e-19 -1.63366e-34  4.83435e-18  2.10863e-33 -2.46738e-17  -1.5229e-32  1.12746e-16  8.02121e-32 -4.62336e-16 -3.26607e-31  1.70404e-15   9.8488e-31 -5.64929e-15 -1.56959e-30   1.6846e-14 -4.71988e-30 -4.51469e-14  5.62002e-29  1.08554e-13 -3.12046e-28  -2.3354e-13  1.31505e-27  4.47743e-13  -4.6437e-27 -7.60639e-13   1.4276e-26  1.13585e-12  -3.8948e-26 -1.47374e-12  9.53354e-26  1.63247e-12  -2.1078e-25 -1.49969e-12  4.22661e-25   1.0809e-12 -7.70393e-25 -5.30016e-13  1.27724e-24  7.09048e-14  -1.9244e-24  1.47485e-13  2.62835e-24 -1.41083e-13 -3.23973e-24  4.40439e-14  3.57887e-24  2.10916e-14 -3.50584e-24 -2.49027e-14  2.99508e-24  4.77963e-15 -2.16838e-24  5.16082e-15  1.25431e-24 -2.85437e-15 -4.87863e-25 -5.31765e-16  8.36071e-27  7.47227e-16  1.81719e-25 -4.93405e-19 -1.79494e-25 -1.42257e-16  1.03924e-25  8.88327e-18 -3.49317e-26  2.22332e-17  -1.0804e-27 -1.09551e-18  1.10205e-26 -2.87274e-18   -9.493e-27 -5.00249e-20  5.78241e-27  2.81931e-19 -3.00961e-27  3.18306e-20  1.40695e-27 -1.75224e-20 -5.84408e-28 -4.10073e-21  2.09706e-28  4.17577e-22 -6.37349e-29  2.30339e-22  1.62706e-29  1.40277e-23 -3.50121e-30 -4.57308e-24  6.65778e-31 -7.90842e-25 -1.25374e-31 -1.15451e-26  2.24203e-32  6.80228e-27 -2.47148e-33  5.35792e-28 -1.02579e-36  5.23263e-30  2.24882e-35  -4.7865e-31 -9.10011e-37
 7.74652e-43 -2.26277e-32  -1.3627e-41  1.89468e-30  1.02081e-40 -8.48541e-29 -5.38413e-40  2.55832e-27  4.14359e-39 -5.74191e-26 -1.90563e-38  1.01526e-24  1.26384e-37 -1.46637e-23 -6.80381e-37  1.77378e-22  2.77945e-36 -1.82986e-21 -7.96329e-36  1.63192e-20  1.32031e-35 -1.27137e-19 -7.03155e-37  8.72291e-19  8.41253e-35 -5.30428e-18 -2.06657e-33  2.87288e-17   1.9401e-32 -1.39119e-16 -1.25338e-31  6.04036e-16  6.40221e-31 -2.35612e-15 -2.70659e-30  8.26599e-15  9.52652e-30 -2.60932e-14 -2.70559e-29  7.40841e-14  5.46783e-29 -1.88954e-13 -2.69769e-29  4.31995e-13 -4.10667e-28 -8.82396e-13  2.56944e-27  1.60272e-12 -1.03346e-26 -2.57138e-12  3.33918e-26  3.60975e-12 -9.24151e-26 -4.37258e-12  2.25269e-25  4.47163e-12 -4.90757e-25 -3.71609e-12  9.63532e-25  2.31334e-12 -1.71295e-24 -8.23208e-13  2.76324e-24  -1.7582e-13  -4.0444e-24  4.65945e-13   5.3589e-24 -2.78066e-13 -6.39839e-24  1.72497e-14  6.83171e-24  8.18815e-14 -6.44594e-24 -4.51578e-14  5.27257e-24 -5.13932e-15 -3.61313e-24  1.40892e-14  1.92396e-24 -2.71724e-15 -6.13016e-25 -2.70339e-15  -1.2929e-25  1.06854e-15  3.63886e-25  4.06221e-16 -3.00493e-25 -2.30803e-16  1.50552e-25 -5.76401e-17 -3.57028e-26  3.55583e-17 -1.63369e-26  8.59612e-18  2.61326e-26 -3.90922e-18 -1.97024e-26 -1.19873e-18  1.14494e-26  2.60619e-19 -5.69068e-27  1.24705e-19  2.47047e-27 -3.80026e-21  -9.2549e-28 -7.77583e-21  2.94678e-28 -7.92619e-22 -7.96739e-29   2.0658e-22  1.85895e-29  4.99145e-23 -3.84441e-30  8.31183e-25  7.37358e-31 -7.89114e-25 -1.37708e-31 -8.35156e-26  2.21265e-32 -2.45332e-28 -1.91799e-33  3.61806e-28 -3.62142e-35  1.47718e-29  1.22272e-35  5.73861e-32
