 1.46913e-08 -8.80557e-24 -2.33672e-07  1.67312e-22   1.4089e-06  -9.4182e-22 -4.88689e-06  2.95444e-21  1.09358e-05 -6.28897e-21 -1.60978e-05  9.65519e-21    1.437e-05 -1.05301e-20 -4.49598e-06  7.47644e-21 -5.44054e-06 -2.24911e-21  6.24237e-06 -1.63748e-21  1.64388e-07  1.96056e-21 -3.70988e-06  5.03281e-22  9.78561e-07 -2.53267e-21  1.81893e-06  1.90601e-21 -7.58855e-07  8.54674e-23 -8.56277e-07 -9.08687e-22  3.76415e-07  3.39941e-22  4.00498e-07  1.45544e-22 -1.28506e-07 -4.16493e-23 -1.75547e-07 -9.06398e-23  1.94706e-08   2.7676e-23  6.34111e-08   2.1302e-23  8.31609e-09 -3.24985e-24 -1.52135e-08 -7.05113e-24 -6.13216e-09  2.25784e-24  1.25185e-09 -7.47102e-27  1.34024e-09  3.00192e-25   2.3479e-10  -2.8831e-25 -4.31893e-11  2.74403e-26 -1.78085e-11  1.18071e-26 -1.19638e-12
-8.80557e-24  3.36134e-07 -9.36842e-23 -2.98497e-06  1.19265e-21  1.33632e-05 -5.09602e-21 -3.70642e-05  1.30071e-20  6.77071e-05 -2.35901e-20 -7.97406e-05  3.12306e-20  5.00825e-05  -2.8994e-20  4.85696e-06  1.64209e-20 -3.49148e-05 -1.21986e-21  1.69883e-05 -7.27253e-21    1.317e-05  3.69143e-21 -1.43017e-05  7.09253e-21  -3.6844e-06 -1.20214e-20  8.31748e-06  5.74411e-21  9.61208e-07   2.5803e-21 -4.13209e-06 -3.86082e-21 -4.49575e-07   7.3537e-22  1.80167e-06  6.45722e-22  3.52131e-07 -9.95116e-24 -6.50089e-07 -2.68448e-22 -2.35079e-07  1.43276e-23  1.64459e-07  4.90282e-23  1.06649e-07  1.55888e-23 -1.51446e-08 -1.83417e-23 -2.76597e-08  2.40767e-24 -5.16675e-09  5.77478e-26  2.40764e-09  1.26771e-24  1.16443e-09 -7.48996e-25  1.24522e-10 -2.76971e-26 -1.00531e-11  2.08561e-26
-2.33672e-07 -9.36842e-23  3.72633e-06 -5.44384e-22 -2.25502e-05  4.94772e-21  7.86219e-05 -1.62402e-20  -0.00017724  3.44779e-20   0.00026385 -5.43963e-20 -0.000240449  6.35318e-20  8.18054e-05 -5.21775e-20   8.5078e-05  2.47759e-20 -0.000106352  5.31768e-21  3.36129e-06 -1.87202e-20   6.1039e-05  6.79957e-22 -2.06171e-05  2.92716e-20 -2.87648e-05 -3.31567e-20  1.52778e-05  8.34941e-21  1.30854e-05  1.12463e-20 -7.80557e-06 -8.88096e-21 -6.07347e-06  2.52006e-22  2.99029e-06  1.28198e-21  2.74937e-06  4.20144e-22 -7.34105e-07 -3.96462e-22 -1.07339e-06 -1.25272e-22  7.86558e-09  3.54239e-23  3.00195e-07  6.87084e-23  7.51445e-08 -2.67364e-23 -4.06814e-08 -2.21698e-25 -2.38041e-08  3.23485e-25 -1.61974e-09  2.84527e-24  1.51758e-09  -1.1232e-24  3.66092e-10 -1.41621e-25  1.69568e-11
 1.67312e-22 -2.98497e-06 -5.44384e-22   2.6606e-05  -2.0623e-21 -0.000119733  1.31997e-20   0.00033455 -3.32584e-20 -0.000617791  6.01075e-20  0.000740593 -8.58167e-20 -0.000484443  9.52087e-20 -2.01269e-05 -8.05659e-20  0.000319781  4.12837e-20 -0.000176606  1.29226e-20 -0.000108484 -2.94734e-20  0.000141498 -2.39434e-20  2.16664e-05  7.99679e-20 -8.04413e-05 -6.08182e-20 -4.59307e-07 -2.00903e-21   3.9729e-05  2.85477e-20 -6.53923e-07 -1.22564e-20  -1.7682e-05 -2.24539e-21 -9.52628e-07  9.74764e-22  6.80563e-06  1.38336e-21  1.33687e-06 -1.42806e-22 -2.01191e-06 -3.40206e-22 -8.19823e-07 -8.07255e-23  3.36956e-07  1.20614e-22  2.72525e-07 -2.31673e-23  1.08892e-08 -3.28599e-24 -3.69545e-08  7.19516e-25 -1.09471e-08   4.4943e-24 -1.80161e-10 -1.02934e-24  2.63066e-10 -1.76928e-25
  1.4089e-06  1.19265e-21 -2.25502e-05  -2.0623e-21  0.000137182 -4.99588e-21 -0.000481827  2.04599e-20   0.00109774  -3.6695e-20  -0.00166078   5.7016e-20   0.00155893 -8.30648e-20 -0.000592884  1.10531e-19 -0.000490268 -1.24507e-19  0.000700302   7.5416e-20 -7.90968e-05  1.79891e-20 -0.000378728 -1.48563e-20  0.000169935 -1.05209e-19   0.00016593  1.64241e-19 -0.000119401 -7.10639e-20 -7.01899e-05 -3.98623e-20   6.1991e-05  4.91226e-20  3.15745e-05 -8.01313e-21 -2.58068e-05 -5.64549e-21 -1.48351e-05 -1.48745e-21  8.08564e-06  2.09859e-21  6.40167e-06  6.75407e-22 -1.40483e-06  -3.3699e-22 -2.12122e-06 -2.72114e-22 -1.52476e-07    9.907e-23   4.0945e-07 -7.55946e-24  1.36501e-07 -4.47325e-24 -1.60249e-08  -4.3705e-26 -1.57503e-08  5.44869e-24 -2.38826e-09 -4.95474e-25 -3.14494e-11
 -9.4182e-22  1.33632e-05  4.94772e-21 -0.000119733 -4.99588e-21  0.000542816 -6.10119e-21   -0.0015326  5.20173e-21   0.00287377   1.4842e-20  -0.00353183 -2.43378e-20   0.00244208 -1.17745e-20 -8.34624e-05  1.11457e-19  -0.00147674 -1.92494e-19  0.000962031  1.05934e-19  0.000410712  2.17795e-20 -0.000718471  7.29934e-20 -1.35308e-05 -2.76435e-19  0.000391683  2.56228e-19 -5.59982e-05 -2.82068e-20 -0.000189038 -1.04118e-19  3.59957e-05  5.76902e-20  8.48996e-05  5.50163e-21 -1.17596e-05  -5.5835e-21 -3.46621e-05 -5.58199e-21  2.18896e-07  1.05305e-21   1.1762e-05  1.65845e-21  2.10837e-06  1.87667e-22 -2.75007e-06 -3.94417e-22 -1.15154e-06 -3.12767e-23   2.4416e-07  1.56122e-23  2.43303e-07 -3.66806e-24  3.63651e-08 -4.12329e-24 -8.09393e-09  5.12949e-24 -2.31025e-09 -1.98745e-26
-4.88689e-06 -5.09602e-21  7.86219e-05  1.31997e-20 -0.000481827 -6.10119e-21   0.00170999  3.73702e-21  -0.00395414 -6.04131e-20   0.00611877  1.52791e-19  -0.00598083 -1.98864e-19   0.00260667  1.03728e-19   0.00153246    1.456e-19  -0.00270902 -2.69776e-19  0.000604801  8.21068e-20    0.0013268   4.2949e-21 -0.000824543   2.8931e-19 -0.000503337 -5.22496e-19  0.000544609  2.91044e-19  0.000176886   8.5232e-20  -0.00028251 -1.65445e-19 -7.03452e-05  3.91164e-20  0.000124267  2.04982e-20  3.48482e-05  2.21184e-21 -4.52072e-05 -8.31161e-21 -1.79877e-05 -2.58473e-21  1.20256e-05  1.97608e-21  7.55784e-06  1.18891e-21 -1.49452e-06 -3.26648e-22 -2.03541e-06 -2.25381e-22 -2.52772e-07  4.84451e-23  2.13783e-07 -1.77836e-25  7.66864e-08 -1.14234e-23  4.91999e-09  3.67957e-24 -5.74013e-10
 2.95444e-21 -3.70642e-05 -1.62402e-20   0.00033455  2.04599e-20   -0.0015326  3.73702e-21    0.0043913  3.28737e-20  -0.00841247 -1.81791e-19    0.0106996  3.58787e-19  -0.00795575 -4.09468e-19   0.00105054  1.58137e-19   0.00419166  2.72526e-19  -0.00338131 -2.96741e-19 -0.000739353   -2.422e-20   0.00228965 -9.85162e-20 -0.000354805  6.50768e-19   -0.0011568 -7.53539e-19  0.000413941  2.02476e-19  0.000525698  2.39956e-19 -0.000244223 -1.80767e-19 -0.000231605 -6.52748e-21  0.000104171  2.38733e-20  9.93228e-05  1.71342e-20 -3.08699e-05 -6.33762e-21 -3.85781e-05 -7.85063e-21  3.73184e-06  1.13187e-21  1.16849e-05  2.26167e-21  1.63088e-06 -1.21728e-22 -2.03767e-06 -4.00832e-22 -7.95562e-07  9.49376e-23  3.85107e-08  7.48533e-24  6.73344e-08  -1.7815e-23  9.64906e-09  1.88605e-24
 1.09358e-05  1.30071e-20  -0.00017724 -3.32584e-20   0.00109774  5.20173e-21  -0.00395414  3.28737e-20   0.00933829  7.94614e-20   -0.0149136 -3.35712e-19    0.0153967  5.82071e-19  -0.00787045 -5.62335e-19  -0.00264069  3.82816e-20   0.00691405  4.62878e-19   -0.0025921 -1.79498e-19  -0.00283567 -1.75246e-19   0.00263821  -3.5658e-19  0.000741053  1.09179e-18  -0.00161074 -8.48816e-19 -8.21505e-05 -1.62847e-20  0.000813628  3.69623e-19 -2.70946e-05 -1.26577e-19 -0.000367122 -6.09179e-20  8.17596e-06  8.05653e-21  0.000147622  3.32274e-20  1.01615e-05   9.1607e-22 -4.92722e-05 -1.25506e-20 -1.11182e-05 -5.41862e-22  1.13618e-05   3.0045e-21  5.16488e-06  4.01032e-23 -9.30625e-07 -5.07876e-22 -1.00946e-06  1.46654e-22 -1.59764e-07  1.63707e-23   2.1179e-08 -1.85514e-23  4.66154e-09
-6.28897e-21  6.77071e-05  3.44779e-20 -0.000617791  -3.6695e-20   0.00287377 -6.04131e-20  -0.00841247  7.94614e-20    0.0166192  1.35203e-19   -0.0221727 -4.99445e-19    0.0181126  7.90462e-19  -0.00463644 -5.73771e-19  -0.00758838 -2.74596e-19    0.0082129  5.61253e-19 -0.000115201  1.48579e-19  -0.00480915 -2.94787e-19   0.00191966 -7.69072e-19   0.00208075  1.48278e-18  -0.00153594  -7.4763e-19 -0.000793682  -2.9504e-19  0.000863101  4.17653e-19  0.000307075 -1.80316e-20 -0.000397539 -1.00663e-19 -0.000134632 -2.26211e-20  0.000150523  4.36484e-20  6.34814e-05  1.06115e-20 -4.22461e-05 -1.48732e-20 -2.62421e-05 -2.23486e-21   5.8903e-06  3.31286e-21  7.22827e-06  4.23833e-23  7.71347e-07 -5.46744e-22 -7.43728e-07  1.83582e-22 -2.39089e-07  1.86629e-23 -1.46005e-08 -1.26144e-23
-1.60978e-05 -2.35901e-20   0.00026385  6.01075e-20  -0.00166078   1.4842e-20   0.00611877 -1.81791e-19   -0.0149136  1.35203e-19     0.024937   1.9503e-19   -0.0277599 -6.73705e-19    0.0170711  9.67001e-19   0.00125751 -3.74403e-19   -0.0118791 -6.72809e-19   0.00715117  3.92999e-19    0.0032574   6.7553e-19  -0.00572083 -3.41949e-19  0.000277031 -1.23998e-18   0.00309718  1.71368e-18 -0.000888116   -4.975e-19  -0.00143997 -5.36516e-19  0.000622416  3.74733e-19  0.000632365  1.03797e-19 -0.000297774 -1.12584e-19 -0.000271218  -5.5966e-20   0.00010159  4.51309e-20  0.000108583  1.88281e-20 -1.84705e-05 -1.44447e-20 -3.51615e-05 -3.38958e-21 -2.72956e-06  3.31797e-21  6.73349e-06 -6.02666e-23  2.18552e-06 -5.33442e-22 -1.83037e-07  1.91672e-22 -1.68196e-07  1.14599e-23 -1.54712e-08
 9.65519e-21 -7.97406e-05 -5.43963e-20  0.000740593   5.7016e-20  -0.00353183  1.52791e-19    0.0106996 -3.35712e-19   -0.0221727   1.9503e-19    0.0317495  2.60745e-19   -0.0293968  -8.8531e-19    0.0122304  1.06642e-18   0.00775831  6.30869e-20   -0.0138257 -9.87178e-19   0.00408273 -9.34382e-20   0.00624654  1.32625e-18  -0.00523724 -3.40957e-19  -0.00167541 -1.64091e-18   0.00343592  1.76186e-18   9.5289e-05 -2.07979e-19  -0.00180427 -6.80804e-19  0.000175908  2.72739e-19  0.000843089  2.00156e-19 -0.000100024 -9.77604e-20 -0.000357436 -8.09347e-20  1.57885e-05  3.87627e-20   0.00013015  2.33992e-20  1.43372e-05 -1.21536e-20 -3.44049e-05  -4.0385e-21 -1.11609e-05  3.14728e-21  3.90145e-06 -1.29338e-22   2.6271e-06 -4.74108e-22  3.04224e-07  1.73187e-22 -4.52295e-08  2.73608e-24
   1.437e-05  3.12306e-20 -0.000240449 -8.58167e-20   0.00155893 -2.43378e-20  -0.00598083  3.58787e-19    0.0153967 -4.99445e-19   -0.0277599  2.60745e-19    0.0345959  3.51091e-19   -0.0265974 -1.17619e-18   0.00553784  1.02337e-18    0.0126047  6.62299e-19   -0.0131218 -1.10384e-18  0.000310352 -7.96408e-19   0.00799361  2.00185e-18  -0.00373936 -3.33759e-19   -0.0033311  -1.8926e-18   0.00311229  1.67659e-18   0.00110597  3.61186e-20  -0.00183002 -7.23936e-19 -0.000340953  1.51837e-19  0.000897026  2.52897e-19  0.000138874 -6.56165e-20 -0.000373735  -9.3343e-20 -8.27688e-05  2.79028e-20  0.000122647   2.4984e-20  4.62829e-05 -9.23017e-21 -2.43264e-05 -4.54612e-21 -1.63738e-05  2.81716e-21  1.27248e-08 -1.12842e-22  1.99104e-06 -3.78135e-22  4.48042e-07  1.36436e-22  1.57921e-08
-1.05301e-20  5.00825e-05  6.35318e-20 -0.000484443 -8.30648e-20   0.00244208 -1.98864e-19  -0.00795575  5.82071e-19    0.0181126 -6.73705e-19   -0.0293968  3.51091e-19    0.0328189  5.08446e-19   -0.0211268 -1.55841e-18  -0.00043281  8.17781e-19    0.0148359  1.25975e-18   -0.0107899 -1.03429e-18  -0.00295621 -1.54409e-18   0.00845992  2.59019e-18  -0.00186731 -3.25887e-19  -0.00442088 -1.98685e-18   0.00235725  1.51419e-18   0.00194191  2.14414e-19  -0.00157677 -6.92964e-19  -0.00081858  3.74554e-20  0.000804132  2.65429e-19  0.000366841 -2.67336e-20 -0.000322218 -9.58356e-20 -0.000171286  1.56977e-20  8.91738e-05  2.59498e-20  6.89314e-05 -6.42237e-21 -8.25784e-06 -5.11141e-21 -1.67602e-05  2.34131e-21 -3.27151e-06  -9.7825e-23  7.81029e-07 -2.73069e-22  2.79671e-07  8.23036e-23
-4.49598e-06  -2.8994e-20  8.18054e-05  9.52087e-20 -0.000592884 -1.17745e-20   0.00260667 -4.09468e-19  -0.00787045  7.90462e-19    0.0170711  -8.8531e-19   -0.0265974  5.08446e-19    0.0280993  7.62581e-19   -0.0156698  -1.9569e-18  -0.00424124  5.03223e-19    0.0150549  1.72614e-18  -0.00812268 -8.77785e-19  -0.00527534  -2.1819e-18   0.00809376  2.97937e-18 -6.19934e-05 -2.94621e-19  -0.00497211 -1.95548e-18   0.00140102  1.30465e-18   0.00252971  3.46838e-19  -0.00113701 -6.19653e-19  -0.00119366 -6.14344e-20  0.000598643  2.54096e-19  0.000547439  1.12386e-20 -0.000217831 -9.44497e-20 -0.000233157  3.64858e-21  3.83664e-05  2.80587e-20  7.72017e-05 -3.85526e-21  8.96427e-06 -5.49369e-21 -1.25526e-05  1.86473e-21    -4.68e-06 -1.84485e-22 -2.23325e-07  -1.8502e-22  6.49509e-08
 7.47644e-21  4.85696e-06 -5.21775e-20 -2.01269e-05  1.10531e-19 -8.34624e-05  1.03728e-19   0.00105054 -5.62335e-19  -0.00463644  9.67001e-19    0.0122304 -1.17619e-18   -0.0211268  7.62581e-19    0.0231415  1.06982e-18   -0.0119285  -2.2207e-18  -0.00611322  1.47734e-19    0.0144393  2.06121e-18  -0.00579918  -7.3585e-19  -0.00681746 -2.60742e-18   0.00731775   3.1117e-18   0.00152137 -2.33364e-19  -0.00510688  -1.8436e-18    0.0003902  1.06856e-18    0.0028652  4.56087e-19 -0.000593396 -5.32854e-19  -0.00143745 -1.45524e-19  0.000321235  2.37447e-19  0.000659806  4.51525e-20 -8.13215e-05 -9.42835e-20 -0.000259233 -8.20514e-21 -1.86207e-05  3.07735e-20  6.99512e-05 -1.54951e-21   2.2513e-05 -5.21982e-21 -5.62907e-06  1.58353e-21 -3.93621e-06 -3.46398e-22 -5.22696e-07 -1.09801e-22
-5.44054e-06  1.64209e-20   8.5078e-05 -8.05659e-20 -0.000490268  1.11457e-19   0.00153246  1.58137e-19  -0.00264069 -5.73771e-19   0.00125751  1.06642e-18   0.00553784 -1.55841e-18   -0.0156698  1.06982e-18    0.0197268  1.31168e-18  -0.00991412 -2.22194e-18  -0.00705131 -2.36667e-19    0.0137295  2.36013e-18  -0.00386274 -6.70647e-19  -0.00786572 -2.78029e-18   0.00634059  3.03154e-18   0.00286281 -1.64995e-19   -0.0049278 -1.70698e-18 -0.000589471  8.37961e-19   0.00296902  5.55491e-19 -1.22621e-05 -4.56751e-19    -0.001543 -2.20101e-19  1.13799e-05  2.26665e-19  0.000695996   7.6031e-20  6.53386e-05 -9.60895e-20  -0.00024746 -1.97127e-20 -7.05573e-05  3.17396e-20  4.97208e-05  2.88086e-23  2.88753e-05 -4.12172e-21  1.18321e-06  1.50483e-21 -1.93955e-06  -4.3756e-22  -2.7651e-07
-2.24911e-21 -3.49148e-05  2.47759e-20  0.000319781 -1.24507e-19  -0.00147674    1.456e-19   0.00419166  3.82816e-20  -0.00758838 -3.74403e-19   0.00775831  1.02337e-18  -0.00043281  -1.9569e-18   -0.0119285  1.31168e-18    0.0179441  1.38176e-18  -0.00875538 -1.95867e-18  -0.00776206 -6.74094e-19    0.0130647  2.70173e-18  -0.00216939 -7.17214e-19  -0.00856866 -2.72489e-18   0.00524892  2.86248e-18   0.00396318 -1.13474e-19  -0.00451234 -1.60663e-18  -0.00148291  6.47005e-19   0.00287253  6.55206e-19  0.000554745 -4.02756e-19  -0.00151763 -2.90861e-19 -0.000296234  2.20469e-19  0.000658077  1.06276e-19  0.000201873 -9.58973e-20 -0.000201798 -2.91269e-20 -0.000107978    2.912e-20  2.19414e-05    7.017e-23  2.68208e-05 -2.61732e-21  5.21829e-06  1.41386e-21 -2.11913e-07 -3.27036e-22
 6.24237e-06 -1.21986e-21 -0.000106352  4.12837e-20  0.000700302 -1.92494e-19  -0.00270902  2.72526e-19   0.00691405 -2.74596e-19   -0.0118791  6.30869e-20    0.0126047  8.17781e-19  -0.00424124  -2.2207e-18  -0.00991412  1.38176e-18    0.0169684  1.27982e-18  -0.00779372 -1.57816e-18  -0.00839614 -1.13093e-18    0.0123731  3.07947e-18 -0.000658155 -9.05067e-19   -0.0089876 -2.51402e-18   0.00410553  2.73092e-18   0.00482822 -7.53026e-20  -0.00392729 -1.58606e-18  -0.00225641  5.05787e-19   0.00261217  7.63821e-19   0.00106969   -3.619e-19  -0.00137746 -3.58927e-19 -0.000573316  2.07884e-19  0.000555363  1.35238e-19  0.000311436 -8.86178e-20 -0.000130879 -3.33637e-20 -0.000124513  2.35203e-20 -6.24166e-06 -1.76624e-21  1.79343e-05 -1.30351e-21  5.34452e-06  1.13643e-21  3.22121e-07
-1.63748e-21  1.69883e-05  5.31768e-21 -0.000176606   7.5416e-20  0.000962031 -2.69776e-19  -0.00338131  4.62878e-19    0.0082129 -6.72809e-19   -0.0138257  6.62299e-19    0.0148359  5.03223e-19  -0.00611322 -2.22194e-18  -0.00875538  1.27982e-18    0.0161606  1.12146e-18  -0.00689509 -1.31393e-18  -0.00889387 -1.46705e-18     0.011646  3.43199e-18  0.000671565 -1.25656e-18  -0.00917859 -2.24325e-18   0.00296191  2.70305e-18   0.00547585 -1.75652e-20  -0.00322838 -1.64939e-18   -0.0028932  3.88169e-19   0.00222427  8.79452e-19   0.00150634 -3.10176e-19  -0.00114332 -4.18085e-19 -0.000798191  1.77745e-19  0.000402135  1.56541e-19   0.00038157 -7.30553e-20  -4.6621e-05 -2.98982e-20 -0.000117837  1.75781e-20 -2.74851e-05 -4.63859e-21   6.4765e-06 -3.97498e-22  2.87324e-06  6.75013e-22
 1.64388e-07 -7.27253e-21  3.36129e-06  1.29226e-20 -7.90968e-05  1.05934e-19  0.000604801 -2.96741e-19   -0.0025921  5.61253e-19   0.00715117 -9.87178e-19   -0.0131218  1.25975e-18    0.0150549  1.47734e-19  -0.00705131 -1.95867e-18  -0.00779372  1.12146e-18    0.0153959    1.062e-18  -0.00613124 -1.38125e-18  -0.00925621 -1.50956e-18    0.0109259   3.7234e-18   0.00183332 -1.75498e-18   -0.0091981 -2.01686e-18   0.00184861  2.76712e-18   0.00593009  1.04666e-19  -0.00245834  -1.7592e-18   -0.0033873  2.47765e-19   0.00174222  9.82148e-19   0.00184749 -2.26127e-19 -0.000838213 -4.56913e-19 -0.000955372  1.28276e-19  0.000215957  1.60614e-19  0.000404771 -5.37262e-20  3.71625e-05 -1.86472e-20 -9.03033e-05  1.35895e-20 -3.61616e-05 -6.94014e-21 -2.10063e-06  1.24065e-22   5.7703e-07
 1.96056e-21    1.317e-05 -1.87202e-20 -0.000108484  1.79891e-20  0.000410712  8.21068e-20 -0.000739353 -1.79498e-19 -0.000115201  3.92999e-19   0.00408273 -1.10384e-18   -0.0107899  1.72614e-18    0.0144393 -2.36667e-19  -0.00776206 -1.57816e-18  -0.00689509    1.062e-18    0.0147533  1.20501e-18   -0.0055112 -1.88122e-18  -0.00953729 -1.19234e-18    0.0102348  3.97985e-18   0.00285567 -2.30735e-18  -0.00908754 -1.93247e-18  0.000780868  2.85114e-18    0.0062137  3.25288e-19  -0.00164941  -1.8539e-18  -0.00373879  5.11021e-20   0.00119589  1.03948e-18   0.00208265 -1.06687e-19 -0.000485925 -4.63977e-19  -0.00103502  6.97522e-20  1.64434e-05  1.41668e-19  0.000378933 -3.78022e-20  0.000106287 -2.65499e-21 -4.91935e-05  1.14114e-20 -3.08297e-05 -7.58995e-21 -4.48347e-06   2.1043e-22
-3.70988e-06  3.69143e-21   6.1039e-05 -2.94734e-20 -0.000378728  2.17795e-20    0.0013268   -2.422e-20  -0.00283567  1.48579e-19    0.0032574 -9.34382e-20  0.000310352 -1.03429e-18  -0.00812268  2.06121e-18    0.0137295 -6.74094e-19  -0.00839614 -1.31393e-18  -0.00613124  1.20501e-18    0.0142483  1.55838e-18  -0.00498676 -2.75468e-18  -0.00977198 -6.27866e-19   0.00957229  4.25047e-18    0.0037624 -2.75198e-18  -0.00887494  -2.0448e-18 -0.000233084  2.86112e-18   0.00634678  6.47179e-19 -0.000826343 -1.87247e-18  -0.00395121 -1.97546e-19  0.000611797  1.02427e-18   0.00220632  3.06589e-20 -0.000110385 -4.32897e-19  -0.00103256  1.88471e-20 -0.000175695  1.03242e-19  0.000307809  -3.0323e-20  0.000148079  1.27512e-20  -6.3596e-06  8.92406e-21 -1.65166e-05  -6.4728e-21 -2.34483e-06
 5.03281e-22 -1.43017e-05  6.79957e-22  0.000141498 -1.48563e-20 -0.000718471   4.2949e-21   0.00228965 -1.75246e-19  -0.00480915   6.7553e-19   0.00624654 -7.96408e-19  -0.00295621 -8.77785e-19  -0.00579918  2.36013e-18    0.0130647 -1.13093e-18  -0.00889387 -1.38125e-18   -0.0055112  1.55838e-18    0.0138373  2.05099e-18  -0.00452612 -3.81098e-18  -0.00997173 -4.56623e-20   0.00893634  4.54897e-18   0.00457092 -2.92895e-18  -0.00858135 -2.33215e-18   -0.0011893  2.72525e-18   0.00634673  1.03461e-18 -8.14657e-06 -1.77635e-18  -0.00402983 -4.58487e-19  1.36251e-05  9.32146e-19   0.00221685  1.57722e-19  0.000264567 -3.66407e-19 -0.000948495 -1.05197e-20 -0.000339546  5.66897e-20  0.000201563 -3.14503e-20  0.000153825  2.27378e-20  2.39191e-05  5.11449e-21 -3.26201e-06 -3.86121e-21
 9.78561e-07  7.09253e-21 -2.06171e-05 -2.39434e-20  0.000169935  7.29934e-20 -0.000824543 -9.85162e-20   0.00263821 -2.94787e-19  -0.00572083  1.32625e-18   0.00799361 -1.54409e-18  -0.00527534  -7.3585e-19  -0.00386274  2.70173e-18    0.0123731 -1.46705e-18  -0.00925621 -1.88122e-18  -0.00498676  2.05099e-18    0.0134923  2.58193e-18  -0.00411952 -4.81635e-18   -0.0101455  3.37509e-19    0.0083267   4.8383e-18   0.00529657 -2.76323e-18  -0.00822253 -2.70559e-18   -0.0020869  2.42256e-18   0.00622802  1.42344e-18  0.000790269 -1.56309e-18  -0.00398057  -6.8186e-19 -0.000577018  7.85687e-19   0.00211564  2.47282e-19  0.000615132 -2.78279e-19 -0.000788714 -1.30938e-20 -0.000455114  1.42052e-20  7.71513e-05 -3.62287e-20  0.000122429  2.63707e-20  3.15506e-05  1.82177e-21  1.69784e-06
-2.53267e-21  -3.6844e-06  2.92716e-20  2.16664e-05 -1.05209e-19 -1.35308e-05   2.8931e-19 -0.000354805  -3.5658e-19   0.00191966 -3.41949e-19  -0.00523724  2.00185e-18   0.00845992  -2.1819e-18  -0.00681746 -6.70647e-19  -0.00216939  3.07947e-18     0.011646 -1.50956e-18  -0.00953729 -2.75468e-18  -0.00452612  2.58193e-18    0.0132064  3.06491e-18  -0.00375893 -5.58564e-18   -0.0103031  4.07528e-19   0.00774128  5.05805e-18   0.00595294 -2.29447e-18  -0.00780945 -3.05871e-18  -0.00292668  1.98519e-18   0.00600211  1.74364e-18   0.00155668 -1.26895e-18  -0.00380932 -8.33501e-19  -0.00113975  6.21808e-19   0.00190695  2.80616e-19   0.00091746 -1.89352e-19 -0.000565129  8.25811e-21 -0.000505148 -1.64428e-20 -4.16382e-05 -3.65603e-20  6.58611e-05  2.60259e-20  1.99637e-05  6.01805e-22
 1.81893e-06 -1.20214e-20 -2.87648e-05  7.99679e-20   0.00016593 -2.76435e-19 -0.000503337  6.50768e-19  0.000741053 -7.69072e-19  0.000277031 -3.40957e-19  -0.00373936  2.59019e-18   0.00809376 -2.60742e-18  -0.00786572 -7.17214e-19 -0.000658155  3.43199e-18    0.0109259 -1.19234e-18  -0.00977198 -3.81098e-18  -0.00411952  3.06491e-18    0.0129741  3.44784e-18  -0.00343486 -6.02746e-18   -0.0104518  1.66919e-19   0.00717658   5.1586e-18   0.00655137 -1.64318e-18  -0.00734936 -3.31546e-18  -0.00371005  1.48195e-18   0.00567772  1.94273e-18   0.00228035  -9.5692e-19   -0.0035218 -9.02122e-19  -0.00165453  4.72575e-19   0.00159811  2.52079e-19    0.0011477 -1.17006e-19 -0.000296925  4.61038e-20 -0.000478015 -3.30013e-20 -0.000125333 -2.73803e-20  1.08576e-05  2.21349e-20  5.39061e-06
 1.90601e-21  8.31748e-06 -3.31567e-20 -8.04413e-05  1.64241e-19  0.000391683 -5.22496e-19   -0.0011568  1.09179e-18   0.00208075 -1.23998e-18  -0.00167541 -3.33759e-19  -0.00186731  2.97937e-18   0.00731775 -2.78029e-18  -0.00856866 -9.05067e-19  0.000671565   3.7234e-18    0.0102348 -6.27866e-19  -0.00997173 -4.81635e-18  -0.00375893  3.44784e-18    0.0127883  3.71216e-18  -0.00314004 -6.14034e-18   -0.0105967 -2.93092e-19   0.00662877  5.12226e-18   0.00710127 -9.52081e-19  -0.00684664 -3.44371e-18  -0.00443838  9.94534e-19   0.00526107  2.00137e-18   0.00295097 -6.90032e-19  -0.00312355 -8.88142e-19  -0.00210082  3.54705e-19   0.00120037   1.7067e-19   0.00128238 -6.62803e-20 -1.20228e-05  8.88583e-20 -0.000372104 -3.98945e-20  -0.00014721 -1.37704e-20  -1.5781e-05  1.31288e-20
-7.58855e-07  5.74411e-21  1.52778e-05 -6.08182e-20 -0.000119401  2.56228e-19  0.000544609 -7.53539e-19  -0.00161074  1.48278e-18   0.00309718 -1.64091e-18   -0.0033311 -3.25887e-19 -6.19934e-05   3.1117e-18   0.00634059 -2.72489e-18   -0.0089876 -1.25656e-18   0.00183332  3.97985e-18   0.00957229 -4.56623e-20   -0.0101455 -5.58564e-18  -0.00343486  3.71216e-18    0.0126439  3.86426e-18  -0.00286908 -5.98704e-18   -0.0107422 -8.32777e-19   0.00609371  4.96805e-18   0.00761054 -3.38349e-19  -0.00630325  -3.4392e-18  -0.00511254    5.922e-19   0.00475621  1.93541e-18   0.00355773 -5.02465e-19   -0.0026204 -7.91984e-19  -0.00245671  2.71545e-19  0.000730251  5.47693e-20   0.00129986  -3.1869e-20  0.000251899  1.18455e-19 -0.000205497 -4.70009e-20 -0.000105697 -5.88976e-21 -1.22732e-05
 8.54674e-23  9.61208e-07  8.34941e-21 -4.59307e-07 -7.10639e-20 -5.59982e-05  2.91044e-19  0.000413941 -8.48816e-19  -0.00153594  1.71368e-18   0.00343592  -1.8926e-18  -0.00442088 -2.94621e-19   0.00152137  3.03154e-18   0.00524892 -2.51402e-18  -0.00917859 -1.75498e-18   0.00285567  4.25047e-18   0.00893634  3.37509e-19   -0.0103031 -6.02746e-18  -0.00314004  3.86426e-18    0.0125377   3.9231e-18  -0.00261729 -5.66369e-18   -0.0108919 -1.31402e-18   0.00556688  4.73692e-18   0.00808565  1.31415e-19  -0.00571905 -3.30723e-18  -0.00573235  3.12094e-19   0.00416529  1.78155e-18   0.00408829 -3.89716e-19  -0.00201919 -6.17744e-19  -0.00269842  2.17558e-19  0.000211854 -7.68694e-20   0.00118372 -7.13344e-21  0.000445585  1.16394e-19 -2.99265e-05 -5.69336e-20 -4.02567e-05 -3.89175e-21
-8.56277e-07   2.5803e-21  1.30854e-05 -2.00903e-21 -7.01899e-05 -2.82068e-20  0.000176886  2.02476e-19 -8.21505e-05  -7.4763e-19 -0.000888116  1.76186e-18   0.00311229 -1.98685e-18  -0.00497211 -2.33364e-19   0.00286281  2.86248e-18   0.00410553 -2.24325e-18   -0.0091981 -2.30735e-18    0.0037624  4.54897e-18    0.0083267  4.07528e-19   -0.0104518 -6.14034e-18  -0.00286908   3.9231e-18    0.0124673  3.90575e-18  -0.00238053 -5.26671e-18   -0.0110489  -1.6508e-18   0.00504338  4.46421e-18   0.00853176   4.4296e-19  -0.00509204 -3.06242e-18  -0.00629614  1.53688e-19   0.00348893   1.5718e-18   0.00452786 -3.26519e-19  -0.00132907 -3.85852e-19  -0.00279992  1.80095e-19 -0.000319507 -2.05198e-19  0.000927446  1.59347e-20  0.000510626   8.4526e-20   7.9639e-05 -5.51351e-20 -1.40257e-06
-9.08687e-22 -4.13209e-06  1.12463e-20   3.9729e-05 -3.98623e-20 -0.000189038   8.5232e-20  0.000525698 -1.62847e-20 -0.000793682   -4.975e-19   9.5289e-05  1.67659e-18   0.00235725 -1.95548e-18  -0.00510688 -1.64995e-19   0.00396318  2.73092e-18   0.00296191 -2.01686e-18  -0.00908754 -2.75198e-18   0.00457092   4.8383e-18   0.00774128  1.66919e-19   -0.0105967 -5.98704e-18  -0.00261729  3.90575e-18    0.0124309  3.82058e-18  -0.00215518 -4.86561e-18    -0.011216 -1.83177e-18   0.00451791  4.16036e-18   0.00895279  6.16746e-19  -0.00441852 -2.74056e-18   -0.0068002  8.83245e-20   0.00272673  1.31483e-18   0.00485801 -2.94602e-19  -0.00056349  -1.3155e-19  -0.00273302  1.46166e-19 -0.000814474 -2.98479e-19  0.000544262  5.61993e-20  0.000412432  5.25594e-20  8.57175e-05 -3.24229e-20
 3.76415e-07 -3.86082e-21 -7.80557e-06  2.85477e-20   6.1991e-05 -1.04118e-19  -0.00028251  2.39956e-19  0.000813628  -2.9504e-19  -0.00143997 -2.07979e-19   0.00110597  1.51419e-18   0.00140102  -1.8436e-18   -0.0049278 -1.13474e-19   0.00482822  2.70305e-18   0.00184861 -1.93247e-18  -0.00887494 -2.92895e-18   0.00529657  5.05805e-18   0.00717658 -2.93092e-19   -0.0107422 -5.66369e-18  -0.00238053  3.82058e-18    0.0124275  3.67536e-18  -0.00193791 -4.49411e-18   -0.0113957 -1.89875e-18   0.00398463    3.817e-18   0.00935137  6.82738e-19  -0.00369314  -2.3961e-18   -0.0072381  7.96338e-20   0.00187787  1.00352e-18   0.00505557  -2.9217e-19  0.000257268  1.15591e-19  -0.00247068  1.14461e-19  -0.00120618 -3.10554e-19  9.95471e-05  1.27592e-19  0.000204363  4.03131e-20  3.51826e-05
 3.39941e-22 -4.49575e-07 -8.88096e-21 -6.53923e-07  4.91226e-20  3.59957e-05 -1.65445e-19 -0.000244223  3.69623e-19  0.000863101 -5.36516e-19  -0.00180427  3.61186e-20   0.00194191  1.30465e-18    0.0003902 -1.70698e-18  -0.00451234 -7.53026e-20   0.00547585  2.76712e-18  0.000780868  -2.0448e-18  -0.00858135 -2.76323e-18   0.00595294   5.1586e-18   0.00662877 -8.32777e-19   -0.0108919 -5.26671e-18  -0.00215518  3.67536e-18    0.0124568  3.49045e-18  -0.00172555 -4.15818e-18   -0.0115904 -1.89972e-18   0.00343702   3.4315e-18   0.00972874  6.62905e-19  -0.00290887 -2.06916e-18  -0.00759987  1.09879e-19  0.000942173  6.42698e-19   0.00509181 -3.20864e-19   0.00110028  3.40551e-19  -0.00199332  8.80764e-20  -0.00139688 -2.24597e-19 -0.000257273  1.92887e-19  2.58157e-05  2.78771e-20
 4.00498e-07   7.3537e-22 -6.07347e-06 -1.22564e-20  3.15745e-05  5.76902e-20 -7.03452e-05 -1.80767e-19 -2.70946e-05  4.17653e-19  0.000622416 -6.80804e-19  -0.00183002  2.14414e-19   0.00252971  1.06856e-18 -0.000589471 -1.60663e-18  -0.00392729 -1.75652e-20   0.00593009  2.85114e-18 -0.000233084 -2.33215e-18  -0.00822253 -2.29447e-18   0.00655137  5.12226e-18   0.00609371 -1.31402e-18   -0.0110489 -4.86561e-18  -0.00193791  3.49045e-18    0.0125189  3.29773e-18  -0.00151497 -3.84658e-18   -0.0118024  -1.8514e-18   0.00286766  3.02562e-18    0.0100846  5.67838e-19  -0.00205714  -1.7454e-18  -0.00787082  1.97143e-19 -7.78136e-05  2.61145e-19   0.00493028 -3.73934e-19   0.00191237  5.13753e-19  -0.00129102  3.06131e-20   -0.0012684 -1.12279e-19 -0.000366451  1.79063e-19 -2.92192e-05
 1.45544e-22  1.80167e-06  2.52006e-22  -1.7682e-05 -8.01313e-21  8.48996e-05  3.91164e-20 -0.000231605 -1.26577e-19  0.000307075  3.74733e-19  0.000175908 -7.23936e-19  -0.00157677  3.46838e-19    0.0028652  8.37961e-19  -0.00148291 -1.58606e-18  -0.00322838  1.04666e-19    0.0062137  2.86112e-18   -0.0011893 -2.70559e-18  -0.00780945 -1.64318e-18   0.00710127  4.96805e-18   0.00556688  -1.6508e-18    -0.011216 -4.49411e-18  -0.00172555  3.29773e-18    0.0126146  3.11932e-18  -0.00130295 -3.53485e-18   -0.0120341 -1.73221e-18     0.002268  2.63534e-18    0.0104164  3.98869e-19  -0.00112776 -1.35966e-18  -0.00802951  3.79486e-19  -0.00117525 -1.12238e-19    0.0045257 -4.45315e-19   0.00261919  5.49077e-19 -0.000393174 -1.45133e-19 -0.000802168 -8.07797e-20 -0.000235693  9.14974e-20
-1.28506e-07  6.45722e-22  2.99029e-06 -2.24539e-21 -2.58068e-05  5.50163e-21  0.000124267 -6.52748e-21 -0.000367122 -1.80316e-20  0.000632365  2.72739e-19 -0.000340953 -6.92964e-19  -0.00113701  4.56087e-19   0.00296902  6.47005e-19  -0.00225641 -1.64939e-18  -0.00245834  3.25288e-19   0.00634678  2.72525e-18   -0.0020869 -3.05871e-18  -0.00734936 -9.52081e-19   0.00761054  4.73692e-18   0.00504338 -1.83177e-18   -0.0113957 -4.15818e-18  -0.00151497  3.11932e-18    0.0127453  2.94249e-18  -0.00108605 -3.18999e-18   -0.0122876 -1.50226e-18   0.00162793  2.26969e-18    0.0107192  1.42466e-19 -0.000108676 -8.57683e-19  -0.00804671  6.70287e-19  -0.00233518 -4.73813e-19   0.00383406 -5.45472e-19    0.0031065   3.3804e-19  0.000520877 -4.47307e-19 -0.000227232 -1.15136e-19 -6.31403e-05
-4.16493e-23  3.52131e-07  1.28198e-21 -9.52628e-07 -5.64549e-21 -1.17596e-05  2.04982e-20  0.000104171 -6.09179e-20 -0.000397539  1.03797e-19  0.000843089  1.51837e-19  -0.00081858 -6.19653e-19 -0.000593396  5.55491e-19   0.00287253  5.05787e-19   -0.0028932  -1.7592e-18  -0.00164941  6.47179e-19   0.00634673  2.42256e-18  -0.00292668 -3.31546e-18  -0.00684664 -3.38349e-19   0.00808565  4.46421e-18   0.00451791 -1.89875e-18   -0.0115904 -3.84658e-18  -0.00130295  2.94249e-18    0.0129132  2.71485e-18 -0.000860446 -2.78614e-18   -0.0125654  -1.1356e-18  0.000935346  1.86808e-18    0.0109848 -2.35347e-19    0.0010125 -2.47096e-19  -0.00788327  1.02977e-18  -0.00351893 -8.25256e-19   0.00281332 -6.57253e-19   0.00315637 -7.01848e-20   0.00107338 -6.66787e-19  0.000109307 -8.94403e-20
-1.75547e-07 -9.95116e-24  2.74937e-06  9.74764e-22 -1.48351e-05  -5.5835e-21  3.48482e-05  2.38733e-20  8.17596e-06 -1.00663e-19 -0.000297774  2.00156e-19  0.000897026  3.74554e-20  -0.00119366 -5.32854e-19 -1.22621e-05  6.55206e-19   0.00261217  3.88169e-19   -0.0033873  -1.8539e-18 -0.000826343  1.03461e-18   0.00622802  1.98519e-18  -0.00371005 -3.44371e-18  -0.00630325  1.31415e-19   0.00853176  4.16036e-18   0.00398463 -1.89972e-18   -0.0118024 -3.53485e-18  -0.00108605  2.71485e-18    0.0131211  2.37029e-18 -0.000621767 -2.31994e-18   -0.0128698 -6.47379e-19  0.000176042  1.30711e-18    0.0111991 -7.59518e-19   0.00224686  4.35588e-19  -0.00747859  1.38005e-18  -0.00465769 -1.09634e-18    0.0013993 -6.10261e-19   0.00250572 -3.52924e-19   0.00098411  -5.6541e-19  0.000115426
-9.06398e-23 -6.50089e-07  4.20144e-22  6.80563e-06 -1.48745e-21 -3.46621e-05  2.21184e-21  9.93228e-05  8.05653e-21 -0.000134632 -1.12584e-19 -0.000100024  2.52897e-19  0.000804132 -6.14344e-20  -0.00143745 -4.56751e-19  0.000554745  7.63821e-19   0.00222427  2.47765e-19  -0.00373879 -1.87247e-18 -8.14657e-06  1.42344e-18   0.00600211  1.48195e-18  -0.00443838  -3.4392e-18  -0.00571905   4.4296e-19   0.00895279    3.817e-18   0.00343702  -1.8514e-18   -0.0120341 -3.18999e-18 -0.000860446  2.37029e-18    0.0133727  1.87479e-18 -0.000364853 -1.79703e-18   -0.0132025 -9.40872e-20 -0.000668219  4.87823e-19    0.0113398 -1.37939e-18   0.00360966  1.17659e-18  -0.00675278  1.64498e-18  -0.00566949 -1.06429e-18 -0.000383618 -1.30177e-19   0.00122716 -2.39015e-19  0.000473121 -2.62064e-19
 1.94706e-08 -2.68448e-22 -7.34105e-07  1.38336e-21  8.08564e-06 -5.58199e-21 -4.52072e-05  1.71342e-20  0.000147622 -2.26211e-20 -0.000271218 -9.77604e-20  0.000138874  2.65429e-19  0.000598643 -1.45524e-19    -0.001543 -4.02756e-19   0.00106969  8.79452e-19   0.00174222  5.11021e-20  -0.00395121 -1.77635e-18  0.000790269  1.74364e-18   0.00567772  9.94534e-19  -0.00511254 -3.30723e-18  -0.00509204  6.16746e-19   0.00935137   3.4315e-18   0.00286766 -1.73221e-18   -0.0122876 -2.78614e-18 -0.000621767  1.87479e-18    0.0136731  1.26326e-18 -8.29304e-05 -1.19004e-18   -0.0135658   4.7209e-19  -0.00162133 -5.45563e-19    0.0113796 -1.95078e-18   0.00510935  1.92015e-18  -0.00563762  1.75674e-18   -0.0063597 -5.13637e-19  -0.00207822  7.05552e-19  -8.0999e-06  5.44414e-20   7.1799e-05
  2.7676e-23 -2.35079e-07 -3.96462e-22  1.33687e-06  2.09859e-21  2.18896e-07 -8.31161e-21 -3.08699e-05  3.32274e-20  0.000150523  -5.5966e-20 -0.000357436 -6.56165e-20  0.000366841  2.54096e-19  0.000321235 -2.20101e-19  -0.00151763   -3.619e-19   0.00150634  9.82148e-19   0.00119589 -1.97546e-19  -0.00402983 -1.56309e-18   0.00155668  1.94273e-18   0.00526107    5.922e-19  -0.00573235 -3.06242e-18  -0.00441852  6.82738e-19   0.00972874  3.02562e-18     0.002268 -1.50226e-18   -0.0125654 -2.31994e-18 -0.000364853  1.26326e-18    0.0140288  6.27809e-19  0.000231741 -4.26386e-19   -0.0139627   1.0697e-18  -0.00270687 -1.58529e-18    0.0112749 -2.33362e-18    0.0067059  2.42415e-18  -0.00401187  1.51018e-18  -0.00618771  2.60668e-19  -0.00279392  1.22736e-18 -0.000491194  8.52242e-20
 6.34111e-08  1.43276e-23 -1.07339e-06 -1.42806e-22  6.40167e-06  1.05305e-21 -1.79877e-05 -6.33762e-21  1.01615e-05  4.36484e-20   0.00010159 -8.09347e-20 -0.000373735 -2.67336e-20  0.000547439  2.37447e-19  1.13799e-05 -2.90861e-19  -0.00137746 -3.10176e-19   0.00184749  1.03948e-18  0.000611797 -4.58487e-19  -0.00398057 -1.26895e-18   0.00228035  2.00137e-18   0.00475621  3.12094e-19  -0.00629614 -2.74056e-18  -0.00369314  6.62905e-19    0.0100846  2.63534e-18   0.00162793  -1.1356e-18   -0.0128698 -1.79703e-18 -8.29304e-05  6.27809e-19    0.0144477  3.30901e-20  0.000587913  5.39448e-19   -0.0143887  1.79318e-18  -0.00395651 -2.39331e-18    0.0109256 -2.52927e-18   0.00835633  2.16473e-18   -0.0015698  3.98339e-19  -0.00452272  4.30998e-19  -0.00210799  9.28908e-19 -0.000291591
  2.1302e-23  1.64459e-07 -1.25272e-22 -2.01191e-06  6.75407e-22   1.1762e-05 -2.58473e-21 -3.85781e-05   9.1607e-22  6.34814e-05  4.51309e-20  1.57885e-05  -9.3343e-20 -0.000322218  1.12386e-20  0.000659806  2.26665e-19 -0.000296234 -3.58927e-19  -0.00114332 -2.26127e-19   0.00208265  1.02427e-18  1.36251e-05  -6.8186e-19  -0.00380932  -9.5692e-19   0.00295097  1.93541e-18   0.00416529  1.53688e-19   -0.0068002  -2.3961e-18  -0.00290887  5.67838e-19    0.0104164  2.26969e-18  0.000935346 -6.47379e-19   -0.0132025 -1.19004e-18  0.000231741  3.30901e-20    0.0149388 -5.98552e-19   0.00100367   1.6249e-18    -0.014838  2.72231e-18  -0.00544203 -2.84331e-18    0.0102247 -2.74761e-18    0.0101014   4.6579e-19   0.00178081 -1.87559e-18  -0.00169217 -2.50508e-19 -0.000805703  3.25647e-19
 8.31609e-09  4.90282e-23  7.86558e-09 -3.40206e-22 -1.40483e-06  1.65845e-21  1.20256e-05 -7.85063e-21 -4.92722e-05  1.06115e-20  0.000108583  3.87627e-20 -8.27688e-05 -9.58356e-20 -0.000217831  4.51525e-20  0.000695996  2.20469e-19 -0.000573316 -4.18085e-19 -0.000838213 -1.06687e-19   0.00220632  9.32146e-19 -0.000577018 -8.33501e-19   -0.0035218 -6.90032e-19   0.00355773  1.78155e-18   0.00348893  8.83245e-20   -0.0072381 -2.06916e-18  -0.00205714  3.98869e-19    0.0107192  1.86808e-18  0.000176042 -9.40872e-20   -0.0135658 -4.26386e-19  0.000587913 -5.98552e-19    0.0155203 -1.50345e-18   0.00150101  2.65403e-18    -0.015331  3.81532e-18  -0.00721583 -2.95662e-18    0.0091436  -3.2476e-18    0.0116493 -2.65886e-18   0.00495896 -4.29682e-18  0.000674445 -8.43333e-19 -3.23201e-05
-3.24985e-24  1.06649e-07  3.54239e-23 -8.19823e-07  -3.3699e-22  2.10837e-06  1.97608e-21  3.73184e-06 -1.25506e-20 -4.22461e-05  1.88281e-20   0.00013015  2.79028e-20 -0.000171286 -9.44497e-20 -8.13215e-05   7.6031e-20  0.000658077  2.07884e-19 -0.000798191 -4.56913e-19 -0.000485925  3.06589e-20   0.00221685  7.85687e-19  -0.00113975 -9.02122e-19  -0.00312355 -5.02465e-19   0.00408829   1.5718e-18   0.00272673  7.96338e-20  -0.00759987  -1.7454e-18  -0.00112776  1.42466e-19    0.0109848  1.30711e-18 -0.000668219   4.7209e-19   -0.0139627  5.39448e-19   0.00100367 -1.50345e-18    0.0162143 -2.86619e-18   0.00208002  3.56257e-18   -0.0158467  4.83987e-18  -0.00921304 -2.79063e-18   0.00736329 -3.68269e-18    0.0116497 -5.42586e-18   0.00596191  -4.8619e-18   0.00126777  -3.7465e-19
-1.52135e-08  1.55888e-23  3.00195e-07 -8.07255e-23 -2.12122e-06  1.87667e-22  7.55784e-06  1.13187e-21 -1.11182e-05 -1.48732e-20 -1.84705e-05  2.33992e-20  0.000122647  1.56977e-20 -0.000233157 -9.42835e-20  6.53386e-05  1.06276e-19  0.000555363  1.77745e-19 -0.000955372 -4.63977e-19 -0.000110385  1.57722e-19   0.00211564  6.21808e-19  -0.00165453 -8.88142e-19   -0.0026204 -3.89716e-19   0.00452786  1.31483e-18   0.00187787  1.09879e-19  -0.00787082 -1.35966e-18 -0.000108676 -2.35347e-19    0.0111991  4.87823e-19  -0.00162133   1.0697e-18   -0.0143887   1.6249e-18   0.00150101 -2.86619e-18    0.0170195 -4.47394e-18    0.0027833  4.42397e-18   -0.0162278  5.38899e-18   -0.0115825 -1.91378e-18   0.00377708 -2.58689e-18    0.0085081 -5.38145e-18   0.00413739 -3.03077e-18  0.000611463
-7.05113e-24 -1.51446e-08  6.87084e-23  3.36956e-07 -2.72114e-22 -2.75007e-06  1.18891e-21  1.16849e-05 -5.41862e-22 -2.62421e-05 -1.44447e-20  1.43372e-05   2.4984e-20  8.91738e-05  3.64858e-21 -0.000259233 -9.60895e-20  0.000201873  1.35238e-19  0.000402135  1.28276e-19  -0.00103502 -4.32897e-19  0.000264567  2.47282e-19   0.00190695  4.72575e-19  -0.00210082 -7.91984e-19  -0.00201919 -3.26519e-19   0.00485801  1.00352e-18  0.000942173  1.97143e-19  -0.00802951 -8.57683e-19    0.0010125 -7.59518e-19    0.0113398 -5.45563e-19  -0.00270687  1.79318e-18    -0.014838  2.65403e-18   0.00208002 -4.47394e-18    0.0179777  -5.6658e-18   0.00379363  5.04278e-18    -0.016486  5.19186e-18   -0.0150261  8.73298e-19  -0.00232019  1.09926e-18     0.002956 -2.58336e-18   0.00140055 -7.18416e-19
-6.13216e-09 -1.83417e-23  7.51445e-08  1.20614e-22 -1.52476e-07 -3.94417e-22 -1.49452e-06  2.26167e-21  1.13618e-05 -2.23486e-21 -3.51615e-05 -1.21536e-20  4.62829e-05  2.59498e-20  3.83664e-05 -8.20514e-21  -0.00024746 -9.58973e-20  0.000311436  1.56541e-19  0.000215957  6.97522e-20  -0.00103256 -3.66407e-19  0.000615132  2.80616e-19   0.00159811  3.54705e-19  -0.00245671 -6.17744e-19  -0.00132907 -2.94602e-19   0.00505557  6.42698e-19 -7.78136e-05  3.79486e-19  -0.00804671 -2.47096e-19   0.00224686 -1.37939e-18    0.0113796 -1.58529e-18  -0.00395651  2.72231e-18    -0.015331  3.56257e-18    0.0027833  -5.6658e-18    0.0192635 -5.83495e-18   0.00511839  4.84516e-18   -0.0170867  4.66397e-18   -0.0194702  5.85551e-18  -0.00876986  5.44816e-18  -0.00155273   9.2067e-20 -2.75348e-05
 2.25784e-24 -2.76597e-08 -2.67364e-23  2.72525e-07    9.907e-23 -1.15154e-06 -3.26648e-22  1.63088e-06   3.0045e-21   5.8903e-06 -3.38958e-21 -3.44049e-05 -9.23017e-21  6.89314e-05  2.80587e-20 -1.86207e-05 -1.97127e-20 -0.000201798 -8.86178e-20   0.00038157  1.60614e-19  1.64434e-05  1.88471e-20 -0.000948495 -2.78279e-19   0.00091746  2.52079e-19   0.00120037  2.71545e-19  -0.00269842 -3.85852e-19  -0.00056349  -2.9217e-19   0.00509181  2.61145e-19  -0.00117525  6.70287e-19  -0.00788327  4.35588e-19   0.00360966 -1.95078e-18    0.0112749 -2.39331e-18  -0.00544203  3.81532e-18   -0.0158467  4.42397e-18   0.00379363 -5.83495e-18    0.0208771 -4.91269e-18   0.00634208  3.50371e-18   -0.0175881  4.37228e-18   -0.0219269  1.02052e-17   -0.0112485  6.65044e-18  -0.00253843  -6.3151e-20
