   0.0116463 -1.01891e-19   -0.0244289  2.09079e-19   0.00148171  2.67127e-18   0.00418533 -1.37982e-18   0.00164924  4.96541e-18   0.00034912 -1.54222e-18  3.81532e-05 -1.40828e-18 -1.48066e-07 -4.18968e-19  -6.5396e-07 -5.12461e-20 -7.98647e-08  3.85291e-21 -2.82882e-09
-1.01891e-19    0.0477764 -1.63589e-18   -0.0470037  2.23499e-18   -0.0114821  5.73791e-18   0.00333433  4.19218e-18    0.0029305  9.49031e-18  0.000984527 -1.68097e-18  0.000204676 -2.38874e-18  2.80952e-05 -8.13589e-19  2.44089e-06 -7.91569e-20  1.10826e-07 -6.44633e-22
  -0.0244289 -1.63589e-18    0.0917571 -7.51767e-18   -0.0472697  4.56966e-18   -0.0288614  9.01209e-18  -0.00451429  1.62206e-17   0.00124111  1.46382e-17  0.000832575 -4.49978e-19  0.000217243 -2.71286e-18  3.24772e-05 -8.62541e-19    2.676e-06 -6.98328e-20  8.20011e-08
 2.09079e-19   -0.0470037 -7.51767e-18     0.114371 -1.87105e-17   -0.0254111  1.81869e-18   -0.0364493  1.24695e-17   -0.0133765  2.96347e-17  -0.00240964  1.95689e-17 -0.000120695  1.04871e-18  4.01135e-05 -2.31464e-18  8.91514e-06 -6.11973e-19  6.55051e-07 -3.61653e-20
  0.00148171  2.23499e-18   -0.0472697 -1.87105e-17     0.111951 -3.19319e-17    0.0026886 -8.13835e-18   -0.0299751   1.6551e-17   -0.0162791  3.95035e-17  -0.00467923  2.18494e-17  -0.00084909  1.64309e-18 -9.83805e-05 -1.55177e-18 -6.63912e-06 -3.08323e-19 -1.76121e-07
 2.67127e-18   -0.0114821  4.56966e-18   -0.0254111 -3.19319e-17     0.101526 -4.40859e-17    0.0270581 -2.00702e-17   -0.0140455   2.1767e-17   -0.0117961  4.31674e-17  -0.00401705  1.96796e-17  -0.00080146  1.22762e-18 -9.46844e-05 -8.37893e-19 -5.52596e-06 -1.03007e-19
  0.00418533  5.73791e-18   -0.0288614  1.81869e-18    0.0026886 -4.40859e-17     0.095588 -5.53737e-17    0.0458698 -2.65315e-17   0.00397101  2.71279e-17   -0.0038051  3.95266e-17  -0.00173953  1.39492e-17 -0.000352765  4.88087e-19 -3.59705e-05 -3.59607e-19 -1.29178e-06
-1.37982e-18   0.00333433  9.01209e-18   -0.0364493 -8.13835e-18    0.0270581 -5.53737e-17    0.0946511 -6.45556e-17    0.0577839   -2.381e-17    0.0171468  2.96408e-17   0.00258701  2.98092e-17  9.85691e-05  7.57704e-18 -2.60191e-05  1.75665e-20 -3.19143e-06 -1.07831e-19
  0.00164924  4.19218e-18  -0.00451429  1.24695e-17   -0.0299751 -2.00702e-17    0.0458698 -6.45556e-17    0.0928727 -6.54197e-17    0.0598991 -1.36762e-17    0.0215754  2.68187e-17   0.00489296   1.8026e-17  0.000703352  3.02368e-18  5.82927e-05 -9.43729e-20  1.86235e-06
 4.96541e-18    0.0029305  1.62206e-17   -0.0133765   1.6551e-17   -0.0140455 -2.65315e-17    0.0577839 -6.54197e-17      0.08421 -5.29779e-17     0.051406 -2.02539e-18    0.0182188  1.94681e-17   0.00401596  8.49528e-18  0.000529574  8.12831e-19  3.43589e-05   -4.836e-20
  0.00034912  9.49031e-18   0.00124111  2.96347e-17   -0.0162791   2.1767e-17   0.00397101   -2.381e-17    0.0598991 -5.29779e-17    0.0669201 -3.13779e-17    0.0361856  5.25656e-18    0.0114847  1.11104e-17     0.002188  3.01016e-18  0.000227578  1.13898e-19  8.60106e-06
-1.54222e-18  0.000984527  1.46382e-17  -0.00240964  3.95035e-17   -0.0117961  2.71279e-17    0.0171468 -1.36762e-17     0.051406 -3.13779e-17    0.0449919 -1.13485e-17    0.0206632  6.54058e-18   0.00554803  4.88407e-18  0.000849818  7.55563e-19   6.1572e-05 -2.82232e-21
 3.81532e-05 -1.68097e-18  0.000832575  1.95689e-17  -0.00467923  4.31674e-17   -0.0038051  2.96408e-17    0.0215754 -2.02539e-18    0.0361856 -1.13485e-17    0.0249914 -2.32884e-19   0.00946167  4.38908e-18    0.0020557  1.60629e-18  0.000235746   1.1825e-19  9.56573e-06
-1.40828e-18  0.000204676 -4.49978e-19 -0.000120695  2.18494e-17  -0.00401705  3.95266e-17   0.00258701  2.68187e-17    0.0182188  5.25656e-18    0.0206632 -2.32884e-19    0.0112646  2.62572e-18   0.00342695  1.97072e-18  0.000576009  3.76305e-19  4.47061e-05  7.60266e-21
-1.48066e-07 -2.38874e-18  0.000217243  1.04871e-18  -0.00084909  1.96796e-17  -0.00173953  2.98092e-17   0.00489296  1.94681e-17    0.0114847  6.54058e-18   0.00946167  2.62572e-18   0.00405185  1.82882e-18    0.0009641  6.13153e-19  0.000118321  5.70809e-20   5.0489e-06
-4.18968e-19  2.80952e-05 -2.71286e-18  4.01135e-05  1.64309e-18  -0.00080146  1.39492e-17  9.85691e-05   1.8026e-17   0.00401596  1.11104e-17   0.00554803  4.38908e-18   0.00342695  1.82882e-18   0.00114113  7.11352e-19  0.000205175  1.29405e-19  1.67493e-05  4.40544e-21
 -6.5396e-07 -8.13589e-19  3.24772e-05 -2.31464e-18 -9.83805e-05  1.22762e-18 -0.000352765  7.57704e-18  0.000703352  8.49528e-18     0.002188  4.88407e-18    0.0020557  1.97072e-18    0.0009641  7.11352e-19  0.000245359  1.78483e-19  3.16752e-05  1.71793e-20  1.40406e-06
-5.12461e-20  2.44089e-06 -8.62541e-19  8.91514e-06 -1.55177e-18 -9.46844e-05  4.88087e-19 -2.60191e-05  3.02368e-18  0.000529574  3.01016e-18  0.000849818  1.60629e-18  0.000576009  6.13153e-19  0.000205175  1.78483e-19  3.88062e-05  2.87874e-20  3.29169e-06  1.17267e-21
-7.98647e-08 -7.91569e-20    2.676e-06 -6.11973e-19 -6.63912e-06 -8.37893e-19 -3.59705e-05  1.75665e-20  5.82927e-05  8.12831e-19  0.000227578  7.55563e-19  0.000235746  3.76305e-19  0.000118321  1.29405e-19  3.16752e-05  2.87874e-20  4.24929e-06  2.74463e-21  1.93937e-07
 3.85291e-21  1.10826e-07 -6.98328e-20  6.55051e-07 -3.08323e-19 -5.52596e-06 -3.59607e-19 -3.19143e-06 -9.43729e-20  3.43589e-05  1.13898e-19   6.1572e-05   1.1825e-19  4.47061e-05  5.70809e-20  1.67493e-05  1.71793e-20  3.29169e-06  2.74463e-21  2.87511e-07  1.21964e-22
-2.82882e-09 -6.44633e-22  8.20011e-08 -3.61653e-20 -1.76121e-07 -1.03007e-19 -1.29178e-06 -1.07831e-19  1.86235e-06   -4.836e-20  8.60106e-06 -2.82232e-21  9.56573e-06  7.60266e-21   5.0489e-06  4.40544e-21  1.40406e-06  1.17267e-21  1.93937e-07  1.21964e-22  9.05158e-09
