   0.0317594  4.71526e-18   -0.0425658 -1.51796e-17 -0.000938823  6.54178e-18   0.00914415  2.46736e-18   0.00236742 -8.39532e-19 -0.000961575 -3.84478e-19 -0.000628412 -1.64214e-20 -7.92958e-05 -7.03624e-20  2.39345e-05 -3.88758e-21  7.65987e-06  7.18996e-21  4.79984e-07
 4.71526e-18    0.0797428  1.21894e-17   -0.0508464 -2.43934e-17   -0.0167444  5.13765e-18    0.0103628  4.87342e-18   0.00614504 -1.91582e-19 -0.000266013  -1.4581e-19 -0.000999038 -2.18305e-19 -0.000264532 -2.33438e-19 -4.33723e-06  -1.0466e-20  5.93185e-06  6.72395e-21
  -0.0425658  1.21894e-17    0.0967531  1.71011e-17   -0.0342584 -2.45272e-17   -0.0281418   7.9257e-19   0.00614317  4.86618e-18   0.00851651  1.61969e-18   0.00121368  7.41411e-19 -0.000917498 -3.82493e-19 -0.000390472 -3.94755e-19 -4.44902e-05 -1.17417e-20  2.65154e-07
-1.51796e-17   -0.0508464  1.71011e-17     0.082831  1.71203e-17   -0.0162719 -1.96935e-17   -0.0315063 -4.08241e-18  0.000724994  3.03295e-18   0.00902841  3.72055e-18    0.0027237  2.22561e-18 -0.000439711  -4.1985e-19 -0.000359184  -4.0042e-19 -5.35458e-05 -2.09314e-21
-0.000938823 -2.43934e-17   -0.0342584  1.71203e-17    0.0642342  1.52059e-17  -0.00580269 -1.48512e-17   -0.0309304 -9.20532e-18  -0.00401578  1.43146e-19   0.00818401  5.82255e-18   0.00381809  3.83643e-18  0.000213005  -2.7001e-19  -0.00019202 -2.25034e-19 -2.75326e-05
 6.54178e-18   -0.0167444 -2.45272e-17   -0.0162719  1.52059e-17    0.0524553  1.47048e-17 -0.000392675 -1.17902e-17   -0.0293349 -1.49312e-17  -0.00797084 -3.73452e-18   0.00637015   7.6975e-18   0.00422324  4.74616e-18  0.000744016 -1.61099e-20 -1.43983e-05  -3.2667e-20
  0.00914415  5.13765e-18   -0.0281418 -1.96935e-17  -0.00580269  1.47048e-17     0.046164  1.66718e-17    0.0029678 -1.03051e-17    -0.027599 -2.24111e-17   -0.0113847 -8.49862e-18   0.00376523  8.19756e-18   0.00375219  4.13553e-18  0.000886867  9.45123e-20  5.08097e-05
 2.46736e-18    0.0103628   7.9257e-19   -0.0315063 -1.48512e-17 -0.000392675  1.66718e-17    0.0426945  2.11934e-17   0.00562824 -1.00513e-17   -0.0257943 -3.24492e-17   -0.0143572 -1.37182e-17  0.000571985  5.76442e-18   0.00244738  1.95105e-18   0.00060768 -1.37604e-20
  0.00236742  4.87342e-18   0.00614317 -4.08241e-18   -0.0309304 -1.17902e-17    0.0029678  2.11934e-17    0.0408475  2.94219e-17   0.00819564 -1.08253e-17   -0.0236842 -4.27584e-17   -0.0166458 -1.84108e-17  -0.00265364  4.77545e-19  0.000814659 -5.08549e-19  0.000201512
-8.39532e-19   0.00614504  4.86618e-18  0.000724994 -9.20532e-18   -0.0293349 -1.03051e-17   0.00562824  2.94219e-17    0.0402282  4.30695e-17    0.0111442 -1.07129e-17   -0.0207076  -4.7182e-17   -0.0174648 -2.06297e-17  -0.00483052  -4.8192e-18 -0.000301928 -1.43172e-18
-0.000961575 -1.91582e-19   0.00851651  3.03295e-18  -0.00401578 -1.49312e-17    -0.027599 -1.00513e-17   0.00819564  4.30695e-17    0.0408137  6.18836e-17    0.0150965  -4.6802e-18   -0.0158845 -3.92462e-17    -0.015618 -1.83806e-17  -0.00489623 -6.67725e-18  -0.00044965
-3.84478e-19 -0.000266013  1.61969e-18   0.00902841  1.43146e-19  -0.00797084 -2.24111e-17   -0.0257943 -1.08253e-17    0.0111442  6.18836e-17    0.0429122  8.34803e-17    0.0209107  1.32079e-17  -0.00821622 -1.84464e-17     -0.01058  -1.2202e-17  -0.00302306  -4.5052e-18
-0.000628412  -1.4581e-19   0.00121368  3.72055e-18   0.00818401 -3.73452e-18   -0.0113847 -3.24492e-17   -0.0236842 -1.07129e-17    0.0150965  8.34803e-17    0.0471145  1.06772e-16     0.029121  4.35035e-17    0.0018527  5.96779e-18  -0.00401765 -5.76634e-18  -0.00090628
-1.64214e-20 -0.000999038  7.41411e-19    0.0027237  5.82255e-18   0.00637015 -8.49862e-18   -0.0143572 -4.27584e-17   -0.0207076  -4.6802e-18    0.0209107  1.06772e-16    0.0536237  1.32358e-16    0.0382941  7.49919e-17    0.0109494   1.9974e-17  0.000651802 -2.03032e-18
-7.92958e-05 -2.18305e-19 -0.000917498  2.22561e-18   0.00381809   7.6975e-18   0.00376523 -1.37182e-17   -0.0166458  -4.7182e-17   -0.0158845  1.32079e-17     0.029121  1.32358e-16    0.0605387  1.54557e-16    0.0437585  8.77566e-17    0.0143199  1.76215e-17   0.00154215
-7.03624e-20 -0.000264532 -3.82493e-19 -0.000439711  3.83643e-18   0.00422324  8.19756e-18  0.000571985 -1.84108e-17   -0.0174648 -3.92462e-17  -0.00821622  4.35035e-17    0.0382941  1.54557e-16    0.0626838  1.56277e-16     0.040145  7.08828e-17     0.010709  7.27921e-18
 2.39345e-05 -2.33438e-19 -0.000390472  -4.1985e-19  0.000213005  4.74616e-18   0.00375219  5.76442e-18  -0.00265364 -2.06297e-17    -0.015618 -1.84464e-17    0.0018527  7.49919e-17    0.0437585  1.56277e-16    0.0545404   1.2409e-16    0.0274269  3.72105e-17   0.00440655
-3.88758e-21 -4.33723e-06 -3.94755e-19 -0.000359184  -2.7001e-19  0.000744016  4.13553e-18   0.00244738  4.77545e-19  -0.00483052 -1.83806e-17     -0.01058  5.96779e-18    0.0109494  8.77566e-17     0.040145   1.2409e-16    0.0366986  7.03449e-17    0.0127089  1.06891e-17
 7.65987e-06  -1.0466e-20 -4.44902e-05  -4.0042e-19  -0.00019202 -1.61099e-20  0.000886867  1.95105e-18  0.000814659  -4.8192e-18  -0.00489623  -1.2202e-17  -0.00401765   1.9974e-17    0.0143199  7.08828e-17    0.0274269  7.03449e-17     0.017477  2.52893e-17   0.00333109
 7.18996e-21  5.93185e-06 -1.17417e-20 -5.35458e-05 -2.25034e-19 -1.43983e-05  9.45123e-20   0.00060768 -5.08549e-19 -0.000301928 -6.67725e-18  -0.00302306 -5.76634e-18  0.000651802  1.76215e-17     0.010709  3.72105e-17    0.0127089  2.52893e-17   0.00517577  4.58676e-18
 4.79984e-07  6.72395e-21  2.65154e-07 -2.09314e-21 -2.75326e-05  -3.2667e-20  5.08097e-05 -1.37604e-20  0.000201512 -1.43172e-18  -0.00044965  -4.5052e-18  -0.00090628 -2.03032e-18   0.00154215  7.27921e-18   0.00440655  1.06891e-17   0.00333109  4.58676e-18  0.000711747
