  0.00668503  7.99725e-20   -0.0174433 -2.35046e-19   0.00889053 -4.93764e-19   0.00330586  1.10631e-18   -0.0019227 -7.04545e-19  -0.00097281  2.74731e-19  0.000126037 -1.36084e-19  0.000150025  1.15079e-20  2.12571e-05  2.29298e-20 -3.03045e-06 -1.51756e-21 -5.41456e-07
 7.99725e-20    0.0289381  3.69461e-19   -0.0385001  -8.2975e-19   0.00761827 -5.58007e-19    0.0100132  1.17351e-18  -0.00121903 -4.83523e-19  -0.00228367  2.82728e-19 -0.000249815 -3.14222e-19  0.000218657   2.9885e-20   6.2258e-05  4.39332e-20  2.09091e-06 -1.12862e-21
  -0.0174433  3.69461e-19    0.0585173  9.08723e-19   -0.0480853 -1.55924e-18  -0.00323877 -1.19546e-19    0.0146525  3.47488e-19   0.00187703  3.95131e-19  -0.00287438  1.77316e-19 -0.000887743  -5.8392e-19  0.000126587  6.52398e-20  7.59393e-05  4.89095e-20  5.37222e-06
-2.35046e-19   -0.0385001  9.08723e-19    0.0755726   1.3218e-18   -0.0415406 -1.62191e-18   -0.0156586   1.2854e-20    0.0146507 -5.19801e-19   0.00552612  1.68566e-18  -0.00235761 -1.24422e-19  -0.00139342 -8.38107e-19 -7.24568e-05  7.59841e-20   4.6043e-05  3.26434e-20
  0.00889053  -8.2975e-19   -0.0480853   1.3218e-18    0.0737345  1.14764e-18   -0.0282216 -7.17499e-19   -0.0237359 -1.01021e-18    0.0114456 -5.98004e-19   0.00827755   3.1771e-18  -0.00104712 -6.19337e-19  -0.00150624 -9.65709e-19 -0.000238782  4.03592e-20  5.90169e-06
-4.93764e-19   0.00761827 -1.55924e-18   -0.0415406  1.14764e-18    0.0627246  6.13115e-19   -0.0169354  2.58484e-19    -0.027361 -3.38192e-18   0.00713929  5.87595e-19   0.00973389  4.59133e-18  0.000577962   -9.795e-19  -0.00117697 -8.99996e-19 -0.000257731 -1.53012e-22
  0.00330586 -5.58007e-19  -0.00323877 -1.62191e-18   -0.0282216  6.13115e-19     0.052538  7.30692e-19  -0.00970458 -1.35999e-19   -0.0285811 -6.75643e-18   0.00275647   2.8591e-18   0.00996833  5.70088e-18   0.00208729 -8.34499e-19 -0.000553068  -6.2364e-19 -0.000136209
 1.10631e-18    0.0100132 -1.19546e-19   -0.0156586 -7.17499e-19   -0.0169354  7.30692e-19    0.0461388  2.55391e-18  -0.00515334 -2.86767e-18   -0.0288539 -1.06281e-17  -0.00150855  5.04226e-18   0.00904522  6.27725e-18   0.00305339 -2.73283e-19  3.67593e-05  -2.5935e-19
  -0.0019227  1.17351e-18    0.0146525   1.2854e-20   -0.0237359  2.58484e-19  -0.00970458  2.55391e-18    0.0426629  6.50866e-18  -0.00185147 -7.76149e-18   -0.0287679 -1.46568e-17  -0.00573859  5.47758e-18   0.00692374  5.82949e-18   0.00306384   1.5635e-19  0.000244513
-7.04545e-19  -0.00121903  3.47488e-19    0.0146507 -1.01021e-18    -0.027361 -1.35999e-19  -0.00515334  6.50866e-18      0.04097  1.22768e-17   0.00101293 -1.32748e-17   -0.0284263 -1.86011e-17  -0.00995187  3.28236e-18   0.00368303  3.95251e-18   0.00204083  1.39022e-19
 -0.00097281 -4.83523e-19   0.00187703 -5.19801e-19    0.0114456 -3.38192e-18   -0.0285811 -2.86767e-18  -0.00185147  1.22768e-17    0.0405138  1.90242e-17   0.00395446 -1.70876e-17   -0.0275784 -2.17102e-17   -0.0137302 -6.80694e-19  5.40073e-05  1.38258e-18  0.000668614
 2.74731e-19  -0.00228367  3.95131e-19   0.00552612 -5.98004e-19   0.00713929 -6.75643e-18   -0.0288539 -7.76149e-18   0.00101293  1.90242e-17    0.0411756  2.58779e-17   0.00753416 -1.71372e-17    -0.025412 -2.21118e-17   -0.0157391 -3.78267e-18  -0.00231671 -6.99048e-20
 0.000126037  2.82728e-19  -0.00287438  1.68566e-18   0.00827755  5.87595e-19   0.00275647 -1.06281e-17   -0.0287679 -1.32748e-17   0.00395446  2.58779e-17    0.0431684  3.25693e-17    0.0126921 -1.18318e-17   -0.0203066 -1.72329e-17   -0.0139986 -3.33712e-18  -0.00210608
-1.36084e-19 -0.000249815  1.77316e-19  -0.00235761   3.1771e-18   0.00973389   2.8591e-18  -0.00150855 -1.46568e-17   -0.0284263 -1.70876e-17   0.00753416  3.25693e-17    0.0471688  3.99529e-17    0.0208541  1.64705e-19   -0.0107321 -6.37499e-18   -0.0081834  -1.9702e-19
 0.000150025 -3.14222e-19 -0.000887743 -1.24422e-19  -0.00104712  4.59133e-18   0.00996833  5.04226e-18  -0.00573859 -1.86011e-17   -0.0275784 -1.71372e-17    0.0126921  3.99529e-17    0.0542762  4.98995e-17    0.0326097   1.7904e-17   0.00163817  5.55433e-18  -0.00194854
 1.15079e-20  0.000218657  -5.8392e-19  -0.00139342 -6.19337e-19  0.000577962  5.70088e-18   0.00904522  5.47758e-18  -0.00995187 -2.17102e-17    -0.025412 -1.18318e-17    0.0208541  4.98995e-17    0.0645034  6.29046e-17    0.0442186  3.39609e-17    0.0100439  9.41735e-18
 2.12571e-05   2.9885e-20  0.000126587 -8.38107e-19  -0.00150624   -9.795e-19   0.00208729  6.27725e-18   0.00692374  3.28236e-18   -0.0137302 -2.21118e-17   -0.0203066  1.64705e-19    0.0326097  6.29046e-17    0.0731747   7.2931e-17    0.0465309  3.61931e-17   0.00868356
 2.29298e-20   6.2258e-05  6.52398e-20 -7.24568e-05 -9.65709e-19  -0.00117697 -8.34499e-19   0.00305339  5.82949e-18   0.00368303 -6.80694e-19   -0.0157391 -1.72329e-17   -0.0107321   1.7904e-17    0.0442186   7.2931e-17     0.070233  6.77223e-17    0.0336902  2.12527e-17
-3.03045e-06  4.39332e-20  7.59393e-05  7.59841e-20 -0.000238782 -8.99996e-19 -0.000553068 -2.73283e-19   0.00306384  3.95251e-18  5.40073e-05 -3.78267e-18   -0.0139986 -6.37499e-18   0.00163817  3.39609e-17    0.0465309  6.77223e-17    0.0500047  4.33043e-17    0.0137978
-1.51756e-21  2.09091e-06  4.89095e-20   4.6043e-05  4.03592e-20 -0.000257731  -6.2364e-19  3.67593e-05   1.5635e-19   0.00204083  1.38258e-18  -0.00231671 -3.33712e-18   -0.0081834  5.55433e-18    0.0100439  3.61931e-17    0.0336902  4.33043e-17    0.0225569  1.51514e-17
-5.41456e-07 -1.12862e-21  5.37222e-06  3.26434e-20  5.90169e-06 -1.53012e-22 -0.000136209  -2.5935e-19  0.000244513  1.39022e-19  0.000668614 -6.99048e-20  -0.00210608  -1.9702e-19  -0.00194854  9.41735e-18   0.00868356  2.12527e-17    0.0137978  1.51514e-17   0.00474262
