 1.79511e-15  1.87693e-29 -5.25833e-14 -9.66572e-28   5.8297e-13  1.32043e-26  -3.7592e-12 -9.05083e-26  1.61516e-11  3.59561e-25 -4.91721e-11 -7.64801e-25   1.0901e-10 -3.33765e-26 -1.76594e-10  6.39183e-24  2.04208e-10 -2.51537e-23 -1.56189e-10   5.8352e-23  5.95976e-11  -9.0354e-23  1.29808e-11  8.23035e-23 -2.37716e-11  1.15207e-23  3.31989e-12 -2.09853e-22  6.16396e-12  4.78925e-22 -1.45946e-12 -7.37344e-22 -1.63181e-12  8.90429e-22  2.65043e-13 -8.77141e-22  4.35778e-13  7.06234e-22  1.65503e-14 -4.54995e-22  -9.4895e-14  2.22669e-22 -2.89761e-14 -7.18844e-23  1.08741e-14  5.98423e-24  9.30904e-15  8.08776e-24  1.27583e-15 -4.30264e-24 -1.17493e-15  1.92034e-25 -6.77863e-16  6.99666e-25 -8.94497e-17 -1.82888e-25  6.43061e-17  -1.4153e-25  4.00799e-17  8.87264e-26  8.80396e-18  2.41953e-27 -1.13843e-18 -8.62664e-27 -1.51585e-18 -5.60355e-27 -5.36688e-19  4.35849e-27 -8.01816e-20  8.52157e-29  1.54212e-20 -5.25194e-28  1.33279e-20 -4.89963e-29  4.28978e-21  8.52315e-29  7.72796e-22  3.20989e-30   2.2399e-23 -1.14978e-29 -3.74966e-23  -1.4597e-32 -1.50299e-23  1.51572e-30 -3.51666e-24  2.07912e-32 -5.44316e-25 -1.83675e-31  -4.0838e-26  5.74357e-34  6.07298e-27  8.89801e-33  3.02842e-27  1.43239e-33   6.8059e-28 -4.53868e-34  1.07874e-28 -4.91004e-35  1.28041e-29  2.84637e-35  1.07468e-30  7.20341e-37  4.17525e-32 -1.88478e-36 -4.81356e-33 -3.23782e-37 -1.25017e-33  5.78759e-38  -1.5825e-34  2.94517e-38 -1.42635e-35  5.96328e-39 -9.82255e-37  8.20176e-40 -5.21048e-38  6.78215e-41 -2.05548e-39  1.91101e-42 -5.49082e-41 -1.35496e-43 -7.72929e-43 -1.92817e-44  5.39708e-46 -1.12949e-45  1.12842e-46 -2.15635e-47
 1.87693e-29   7.6366e-14  6.20204e-28 -1.26695e-12 -2.18163e-26  1.06446e-11  2.38081e-25 -5.65618e-11 -1.39968e-24  2.08031e-10  5.02738e-24 -5.52622e-10 -1.05529e-23  1.07732e-09  5.54177e-24 -1.53072e-09   4.5952e-23   1.5241e-09 -1.93011e-22 -9.42619e-10  4.42239e-22  1.91985e-10 -6.85944e-22  1.91113e-10  7.03991e-22 -1.32062e-10 -2.90956e-22 -2.20517e-11 -5.78068e-22  4.09024e-11   1.6918e-21  3.65653e-12  -2.6938e-21 -1.07608e-11  3.23641e-21 -1.88189e-12 -3.13027e-21  2.35872e-12  2.45094e-21  9.08959e-13 -1.51686e-21 -3.10542e-13   6.9879e-22 -2.82299e-13  -2.0054e-22 -2.45715e-14  1.63093e-24  4.67419e-14  3.10764e-23  2.15751e-14  -1.3783e-23  5.91438e-17 -3.21005e-25 -3.56679e-15  2.79974e-24 -1.48198e-15 -6.44578e-25 -9.88703e-17 -5.63352e-25  1.63498e-16  3.15047e-25  8.39423e-17  3.44089e-26  1.67689e-17 -3.77298e-26 -2.19754e-18 -2.39828e-26 -2.72443e-18  1.75739e-26 -9.60175e-19  8.29905e-29 -1.62907e-19 -1.86118e-27  1.15664e-20 -7.47175e-29  1.71563e-20  2.44612e-28  6.06008e-21  -9.5099e-31  1.27026e-21 -3.16278e-29  1.30472e-22  9.73595e-31 -1.84495e-23  4.72728e-30 -1.25422e-23  3.61491e-33 -3.43641e-24 -5.68242e-31 -6.34675e-25 -1.09572e-32 -8.04101e-26  2.42189e-32 -4.87516e-27  4.32498e-33   6.9661e-28 -1.00046e-33  2.82896e-28 -3.39893e-35  5.40447e-29  8.25855e-35  7.39087e-30 -4.40843e-36  7.76166e-31  -6.7991e-36  6.20242e-32 -7.14119e-37  3.40892e-33  2.85131e-37  6.61852e-35  1.04756e-37 -1.01929e-35  1.91836e-38  -1.4426e-36  2.48278e-39 -1.08427e-37  1.99193e-40 -5.49645e-39  6.82825e-42 -1.94388e-40 -1.51758e-43 -4.44914e-42 -2.86591e-44 -5.87805e-44 -1.24754e-45  -3.3845e-46
-5.25833e-14  6.20204e-28  1.59519e-12  1.13126e-26 -1.83532e-11 -2.98963e-25  1.23119e-10  2.69937e-24 -5.51965e-10 -1.38238e-23  1.76014e-09   4.5002e-23 -4.10856e-09 -9.07664e-23  7.06219e-09  7.19774e-23 -8.77932e-09  2.09113e-22  7.42626e-09 -9.75907e-22 -3.49188e-09   2.1922e-21 -1.08365e-10 -3.31559e-21  1.14325e-09  3.47798e-21 -3.55518e-10 -2.10143e-21 -2.57507e-10 -6.18858e-22   1.3139e-10  3.83754e-21  6.64521e-11 -6.54494e-21 -3.17618e-11  7.92882e-21 -2.03175e-11 -7.60006e-21  4.39158e-12  5.82212e-21  5.68193e-12 -3.47115e-21  4.70329e-13  1.50605e-21   -1.075e-12 -3.82162e-22 -4.42776e-13 -2.76381e-23  5.31852e-14  7.73269e-23  1.01077e-13  -3.1317e-23   3.0221e-14 -1.98175e-24 -4.35517e-15  7.43508e-24 -6.50296e-15 -1.58435e-24 -2.13965e-15 -1.61133e-24 -3.68783e-17  8.29886e-25  2.57792e-16  1.38699e-25  1.17389e-16 -1.10583e-25  2.27103e-17 -6.75579e-26 -2.23061e-18  4.67373e-26 -3.12655e-18 -2.57447e-28 -1.13011e-18 -4.24229e-27 -2.18005e-19   4.7031e-29 -5.19501e-21  4.28779e-28  1.26451e-20 -3.37388e-29  5.18937e-21 -5.66113e-29  1.23251e-21  4.87636e-30   1.8348e-22  1.06068e-29  8.11103e-24  2.07753e-32 -4.64201e-24 -1.24752e-30  -1.7437e-24 -7.81797e-32 -3.74574e-25  4.11765e-32 -5.77857e-26  9.65234e-33  -6.4014e-27 -1.17654e-33 -4.03319e-28  1.49912e-34  1.86682e-29   1.6277e-34  9.86279e-30 -2.21666e-35  1.68644e-30 -1.56923e-35  1.98606e-31   -6.938e-37  1.78752e-32  8.68407e-37  1.25268e-33  2.56339e-37  6.68866e-35  4.26276e-38  2.51128e-36  5.09913e-39   4.9285e-38  3.85147e-40 -7.52816e-40  1.39208e-41 -8.65433e-41  -3.4186e-44  -2.6128e-42 -2.46262e-44 -3.80964e-44  -6.6405e-46
-9.66572e-28 -1.26695e-12  1.13126e-26  2.18118e-11   1.4041e-25 -1.90594e-10 -2.94632e-24  1.05615e-09  2.25588e-23 -4.06461e-09 -1.01844e-22   1.1348e-08  3.01352e-22 -2.33944e-08 -5.75632e-22  3.54886e-08  5.25449e-22  -3.8393e-08  6.89941e-22  2.69737e-08 -3.80446e-21 -8.36394e-09  8.33816e-21 -3.75271e-09 -1.20957e-20  4.22756e-09  1.24119e-20 -1.18394e-10 -8.31701e-21 -1.21797e-09  1.27975e-21  1.40791e-10  6.18386e-21  3.31988e-10 -1.20595e-20 -1.50822e-11  1.50527e-20 -8.58385e-11 -1.45004e-20 -1.19311e-11  1.09522e-20  1.72108e-11 -6.30478e-21  7.26725e-12  2.57777e-21 -1.44237e-12 -5.82171e-22  -1.9457e-12 -8.43001e-23  -4.2044e-13  1.46427e-22  1.94093e-13 -6.01289e-23  1.49349e-13 -3.87229e-24  2.98933e-14  1.58692e-23 -1.02133e-14  -3.4105e-24  -8.6882e-15 -3.72199e-24  -2.4117e-15  1.82713e-24  3.43453e-17  3.74239e-25  2.97667e-16 -2.49781e-25   1.2664e-16 -1.49772e-25  2.50253e-17  9.53098e-26 -1.04267e-18 -1.21078e-27 -2.58385e-18 -6.96607e-27 -9.88031e-19  5.71942e-28 -2.14087e-19  4.38121e-28 -1.96918e-20 -1.38408e-28  5.16057e-21 -7.38928e-29  2.94987e-21  1.46116e-29  7.96606e-22  2.01846e-29  1.43782e-22  5.16061e-31  1.62097e-23  -2.2456e-30  1.50831e-25 -2.95706e-31 -4.34534e-25  4.11884e-32 -1.23003e-25  1.77846e-32 -2.19379e-26 -3.18128e-34 -2.90915e-27  5.36419e-34 -2.90708e-28  2.42366e-34 -1.99046e-29 -5.61181e-35 -4.49865e-31 -2.63608e-35  1.05655e-31  8.14714e-37  1.91645e-32  1.99201e-36  1.94468e-33   4.9536e-37  1.41673e-34  7.47132e-38  7.74997e-36  8.13709e-39  3.16216e-37   5.6451e-40  9.28464e-39  1.98979e-41  1.81273e-40  1.26547e-43  2.15583e-42 -1.30635e-44  1.00771e-44
  5.8297e-13 -2.18163e-26 -1.83532e-11   1.4041e-25  2.19595e-10  1.30486e-24 -1.53575e-09 -2.25433e-23  7.19943e-09  1.49057e-22  -2.4098e-08 -5.98922e-22  5.93452e-08  1.61563e-21 -1.08421e-07 -2.89869e-21  1.45005e-07  2.76436e-21 -1.35243e-07  1.71026e-21  7.58309e-08 -1.22655e-20 -8.95952e-09  2.60951e-20 -1.96645e-08 -3.58445e-20  1.03252e-08  3.50138e-20  3.29667e-09 -2.37231e-20 -3.52267e-09  7.92203e-21 -7.21489e-10  6.60513e-21  9.46224e-10 -1.74017e-20  2.71554e-10  2.33156e-20 -1.98482e-10  -2.3089e-20 -1.04759e-10  1.73581e-20  2.04625e-11 -9.65107e-21  2.88509e-11  3.71772e-21  4.75683e-12 -7.73461e-22 -4.14193e-12 -1.35223e-22 -2.42145e-12  2.25567e-22 -1.91266e-13 -1.06939e-22   3.3455e-13 -2.21625e-24  1.69962e-13  2.96667e-23  2.20486e-14 -6.98926e-24 -1.44759e-14  -7.3255e-24 -9.26352e-15  3.48276e-24 -2.29354e-15  8.16013e-25  5.38887e-17 -4.58441e-25  2.67944e-16  -2.8293e-25  1.10995e-16  1.57245e-25  2.32011e-17 -2.90414e-27   5.0641e-19 -7.82902e-27 -1.56093e-18  1.90523e-27 -6.61278e-19 -7.21072e-29 -1.59045e-19 -3.84244e-28 -2.21988e-20 -7.10786e-29  1.04521e-22   3.3087e-29  1.05705e-21   3.5209e-29  3.48101e-22  2.62885e-30  7.21688e-23 -3.50108e-30  1.06109e-23 -8.05291e-31   1.0006e-24 -8.97913e-33  1.00383e-26  2.68608e-32 -1.83633e-26  1.50766e-33  -4.4367e-27  8.89815e-34  -6.7448e-28  2.64931e-34 -7.69297e-29 -9.99267e-35 -6.80313e-30  -3.2488e-35 -4.55374e-31  5.17666e-36 -2.05443e-32  3.71869e-36 -2.82348e-34  7.97103e-37  4.61876e-35   1.0854e-37   4.8657e-36  1.06172e-38  2.68091e-37  6.61246e-40  9.50346e-39  2.14498e-41  2.16412e-40  2.04096e-43  2.64405e-42 -3.76356e-45
 1.32043e-26  1.06446e-11 -2.98963e-25 -1.90594e-10  1.30486e-24  1.73606e-09  9.60052e-24 -1.00555e-08 -1.40098e-22   4.0586e-08  8.11245e-22 -1.19356e-07 -2.92398e-21  2.60737e-07  7.21209e-21 -4.22935e-07 -1.20951e-20  4.97073e-07  1.14934e-20 -3.93536e-07  3.10407e-21  1.62652e-07 -3.41286e-20  2.58698e-08   6.9981e-20 -6.48224e-08 -8.99309e-20   1.3887e-08  8.18078e-20  1.65603e-08 -5.33054e-20 -6.05472e-09  2.21421e-20 -4.47328e-09  1.73917e-21  1.45897e-09 -1.89332e-20  1.32518e-09  3.00336e-20 -1.48968e-10 -3.18055e-20 -3.50069e-10  2.40589e-20 -5.53024e-11  -1.2861e-20  6.05427e-11  4.65415e-21  3.11923e-11  -9.7145e-22 -1.04085e-12 -1.00745e-22 -6.25868e-12  2.91669e-22  -2.2788e-12 -1.84867e-22  1.19272e-13  1.00888e-23  4.10896e-13  5.08905e-23  1.59218e-13 -1.36306e-23  1.23638e-14 -1.27606e-23 -1.52623e-14   5.8195e-24 -8.24574e-15  1.56843e-24 -1.92038e-15 -6.95803e-25  1.76063e-17 -4.76517e-25  1.92274e-16  2.12235e-25  8.04789e-17 -5.46066e-27  1.80914e-17 -2.99286e-27  1.43936e-18   4.6158e-27  -6.4494e-19 -1.50572e-27 -3.36328e-19 -8.64656e-28 -8.97536e-20 -4.94551e-29 -1.55518e-20   6.1441e-29 -1.38342e-21  5.85816e-29  1.55228e-22  8.31689e-30  9.60711e-23 -4.82977e-30  2.35864e-23 -1.75332e-30  4.00651e-24 -1.51926e-31  5.03532e-25   3.0017e-32  4.37378e-26  2.29313e-33  1.47988e-27  5.63833e-34 -3.00719e-28  1.52643e-34 -7.35126e-29  -1.3551e-34 -9.70077e-30 -2.53617e-35 -9.28698e-31  1.32739e-35 -6.83887e-32  5.86891e-36 -3.88419e-33  1.09651e-36 -1.64823e-34  1.33879e-37 -4.81482e-36  1.16021e-38 -7.38635e-38  6.33301e-40  4.53954e-40  1.78815e-41  4.38892e-41  1.64152e-43  5.15417e-43
 -3.7592e-12  2.38081e-25  1.23119e-10 -2.94632e-24 -1.53575e-09  9.60052e-24  1.12249e-08  5.80147e-23 -5.51611e-08 -7.28798e-22   1.9428e-07  3.73719e-21 -5.05959e-07 -1.21628e-20  9.84486e-07  2.75091e-20 -1.41822e-06 -4.30005e-20  1.45574e-06  3.96222e-20 -9.53151e-07  3.48647e-21  2.36875e-07 -8.44668e-20    1.785e-07  1.65223e-19 -1.53242e-07 -1.96135e-19 -1.00825e-08  1.62542e-19  4.83001e-08 -9.79476e-20 -1.46047e-09  4.44113e-20 -1.36051e-08 -1.21889e-20 -4.67127e-10 -1.18526e-20  3.48683e-09  3.20115e-20  7.45591e-10 -3.90308e-20 -6.64235e-10  3.00075e-20 -3.48867e-10 -1.52008e-20  3.85579e-11  5.11422e-21  8.52153e-11 -1.24326e-21  2.31493e-11  1.33949e-22 -7.03011e-12  3.18187e-22 -6.89406e-12 -3.13483e-22 -1.69367e-12  4.20611e-23  3.54808e-13  8.21728e-23  4.02335e-13 -2.45827e-23  1.28439e-13  -2.0309e-23  5.46991e-15  8.55119e-24 -1.28414e-14    2.784e-24 -6.27574e-15 -8.59446e-25 -1.44104e-15 -7.35342e-25 -3.43875e-17   2.2565e-25  1.09445e-16 -9.63042e-27  4.82407e-17  1.24008e-26   1.1721e-17  9.41516e-27  1.47959e-18 -4.17936e-27 -1.24881e-19 -1.68585e-27 -1.24108e-19 -3.46726e-29   -3.788e-20  9.74049e-29 -7.55345e-21  9.41391e-29  -1.0148e-21  2.00642e-29 -6.14534e-23 -5.89276e-30  1.14089e-23 -3.21786e-30  4.60977e-24 -4.28002e-31  9.19883e-25  1.31579e-32  1.31803e-25  -2.6001e-33  1.44168e-26 -1.43503e-33  1.17643e-27 -1.68253e-34  6.10302e-29 -1.39244e-34 -2.98146e-32  1.55021e-36 -4.09309e-31  2.45953e-35 -5.12662e-32  7.99493e-36 -3.97369e-33  1.30802e-36 -2.19873e-34  1.41963e-37 -8.81107e-36  1.07347e-38 -2.46529e-37  4.99179e-40 -4.34171e-39  1.14701e-41 -3.56155e-41   7.3492e-44
-9.05083e-26 -5.65618e-11  2.69937e-24  1.05615e-09 -2.25433e-23 -1.00555e-08  5.80147e-23  6.10447e-08  2.95511e-22 -2.59104e-07 -3.24288e-21  8.04736e-07  1.48601e-20 -1.86741e-06 -4.39168e-20  3.24532e-06  9.13306e-20 -4.14579e-06 -1.32846e-19  3.67841e-06  1.16631e-19 -1.90071e-06 -2.75562e-22  7.73031e-08 -1.90182e-19  5.92908e-07  3.50095e-19 -2.53565e-07 -3.78545e-19 -1.19494e-07  2.78489e-19  9.54241e-08 -1.48633e-19  2.88172e-08   7.0654e-20 -2.64406e-08 -3.85806e-20  -1.0026e-08  8.55562e-21  5.42938e-09  2.70217e-20  3.56317e-09 -4.40936e-20 -4.31458e-10  3.45931e-20 -9.31415e-10 -1.60751e-20 -2.00378e-10  4.87733e-21   1.2263e-10 -1.67602e-21  8.44154e-11  6.87121e-22  1.02893e-11  2.82036e-22 -1.05259e-11 -5.14657e-22 -6.11696e-12   1.0139e-22 -1.01413e-12  1.26639e-22  4.38446e-13 -4.01187e-23  3.30942e-13 -3.03652e-23  9.22329e-14  1.09941e-23   2.4452e-15  4.66131e-24 -8.86595e-15 -7.87115e-25 -4.12285e-15  -1.0557e-24 -9.67029e-16  1.54888e-25 -6.38677e-17 -1.75525e-26  4.74858e-17  4.29641e-26  2.35448e-17  1.70458e-26  6.20192e-18 -8.19802e-27   1.0036e-18  -2.9473e-27  4.88144e-20 -7.58905e-29 -2.85276e-20  1.34971e-28 -1.14199e-20  1.45552e-28 -2.58512e-21  4.01592e-29 -4.15252e-22 -6.20601e-30 -4.65601e-23  -5.1425e-30  -2.5371e-24 -8.62562e-31  3.09533e-25  -4.4382e-32  1.13155e-25 -1.96708e-32   1.9205e-26 -6.09997e-33  2.32779e-27 -7.31354e-34  2.17366e-28 -9.43752e-35  1.57361e-29  4.75875e-35  8.48007e-31  3.68705e-35  2.93561e-32  9.51311e-36  1.74088e-34  1.36348e-36 -5.09544e-35  1.30151e-37 -3.49042e-36   8.4301e-39 -1.20648e-37  3.21715e-40 -2.24123e-39  5.43338e-42 -1.48928e-41
 1.61516e-11 -1.39968e-24 -5.51965e-10  2.25588e-23  7.19943e-09 -1.40098e-22 -5.51611e-08  2.95511e-22  2.85006e-07  1.29355e-21 -1.05935e-06 -1.25449e-20  2.92571e-06   5.1759e-20 -6.07835e-06  -1.3959e-19  9.44787e-06  2.67623e-19 -1.06642e-05 -3.61914e-19  8.04234e-06  2.98972e-19 -2.97657e-06 -1.10748e-20 -8.50903e-07  -3.9599e-19   1.4061e-06  6.75149e-19 -2.08393e-07 -6.54438e-19 -3.94093e-07  4.12757e-19  1.12853e-07 -1.82546e-19  1.10884e-07  9.25943e-20 -2.76144e-08 -8.05534e-20 -3.28492e-08  4.55834e-20  1.86166e-09  1.51221e-20  8.55092e-09 -4.78803e-20  1.74366e-09  3.79228e-20 -1.42249e-09 -1.51957e-20 -8.39531e-10  3.79141e-21 -6.76318e-12 -2.31499e-21   1.5997e-10  1.64272e-21  6.48488e-11  1.67329e-22    -7.66e-13 -8.06275e-22 -1.08419e-11  1.90491e-22 -4.60576e-12  1.87827e-22  -4.9415e-13 -5.86347e-23  3.90345e-13 -4.36177e-23  2.35321e-13  1.21239e-23  6.02979e-14  7.39495e-24  1.84961e-15 -2.85924e-25  -5.0461e-15 -1.41972e-24 -2.33338e-15 -3.89886e-26 -5.71525e-16 -3.27243e-26 -6.17927e-17  9.16514e-26  1.37398e-17  2.80348e-26   9.0517e-18 -1.34386e-26  2.61986e-18 -4.72125e-27  4.95003e-19 -2.31788e-28  5.55602e-20   1.6582e-28   -9.034e-22  2.14684e-28 -2.15159e-21  6.97753e-29 -5.99877e-22 -5.23904e-30 -1.09163e-22  -7.3245e-30 -1.47397e-23 -1.45859e-30 -1.46074e-24 -1.64655e-31   -8.828e-26 -5.47753e-32  1.37338e-27 -1.38885e-32  1.19399e-27 -1.49995e-33  1.83476e-28 -2.63475e-36  1.85461e-29  1.03013e-34  1.40013e-30  4.67292e-35  8.08364e-32  9.95428e-36  3.51881e-33  1.24621e-36  1.10345e-34  1.03244e-37   2.2601e-36  5.59115e-39  2.31651e-38  1.65776e-40  1.08237e-41  1.66649e-42
 3.59561e-25  2.08031e-10 -1.38238e-23 -4.06461e-09  1.49057e-22   4.0586e-08 -7.28798e-22 -2.59104e-07  1.29355e-21  1.16034e-06  4.93878e-21 -3.81829e-06 -4.27287e-20  9.44035e-06   1.5975e-19 -1.76217e-05 -3.94889e-19  2.44985e-05  6.99711e-19 -2.42767e-05 -8.79358e-19  1.51283e-05  6.76828e-19 -3.04784e-06 -2.36264e-20 -3.43448e-06 -7.70673e-19  2.52389e-06  1.19688e-18  3.43408e-07 -1.02124e-18  -8.6075e-07  5.23325e-19 -1.97501e-08 -1.65286e-19  2.52092e-07  1.02005e-19  2.03469e-08 -1.41835e-19 -6.56116e-08  1.00042e-19 -1.69509e-08 -9.84776e-22  1.24044e-08  -5.2545e-20  7.34188e-09  4.07476e-20 -5.49864e-10 -1.26726e-20 -1.75643e-09  1.76068e-21 -5.27401e-10 -3.10293e-21  1.33488e-10  3.02578e-21  1.49629e-10 -3.36949e-23    4.006e-11 -1.19783e-21 -6.67904e-12  3.03464e-22 -8.94526e-12  2.69567e-22 -3.04946e-12 -7.62771e-23 -2.01269e-13 -6.10261e-23  2.78418e-13  1.07982e-23  1.46801e-13  1.10734e-23  3.62219e-14  8.13146e-25  1.89528e-15 -1.79179e-24 -2.32774e-15 -3.77989e-25 -1.12406e-15 -5.82551e-26 -2.91039e-16  1.58873e-25 -4.20664e-17  4.23461e-26  9.49099e-19 -1.96676e-26  2.55138e-18 -7.04161e-27   8.5349e-19 -5.51436e-28   1.8096e-19  1.81562e-28   2.6587e-20   3.0009e-28  2.23979e-21  1.08184e-28 -1.02614e-22 -2.62828e-30 -8.10149e-23 -9.48134e-30 -1.79772e-23 -2.19744e-30 -2.71895e-24 -3.62027e-31 -3.12504e-25 -1.09771e-31 -2.75355e-26 -2.42664e-32 -1.74481e-27 -2.36157e-33 -5.75474e-29  1.12893e-34  2.63872e-30  1.52246e-34  5.74068e-31  5.11716e-35  4.88603e-32  9.19054e-36  2.71884e-33  9.98829e-37  1.04729e-34  7.05936e-38  2.69321e-36  3.08941e-39  4.05191e-38  6.48618e-41  2.35199e-40
-4.91721e-11  5.02738e-24  1.76014e-09 -1.01844e-22  -2.4098e-08  8.11245e-22   1.9428e-07 -3.24288e-21 -1.05935e-06  4.93878e-21  4.17058e-06   1.6641e-20 -1.22577e-05 -1.29442e-19  2.72774e-05  4.40957e-19 -4.58588e-05 -1.00304e-18  5.69366e-05  1.64664e-18 -4.90169e-05 -1.92291e-18  2.39841e-05  1.36721e-18  4.70447e-07 -8.31338e-21 -8.59061e-06 -1.40974e-18  3.23667e-06  1.96371e-18  1.92526e-06 -1.44336e-18 -1.33721e-06  5.44519e-19 -4.89343e-07 -6.13582e-20  3.87307e-07  9.74847e-20  1.68298e-07 -2.27085e-19 -8.09105e-08  1.69519e-19  -5.9213e-08 -1.69337e-20  5.70586e-09 -6.03167e-20  1.55539e-08  4.41394e-20  3.65433e-09 -9.04103e-21 -2.03974e-09 -1.28184e-21 -1.49747e-09 -3.85664e-21  -2.0242e-10  4.80436e-21  1.85331e-10 -3.19479e-22  1.13112e-10 -1.69037e-21  2.00826e-11  4.25211e-22 -7.80131e-12  3.75452e-22   -6.267e-12 -8.74316e-23 -1.82506e-12 -8.34204e-23 -7.82255e-14  6.09589e-24  1.64739e-13  1.55603e-23  8.06793e-14  2.58818e-24  1.98928e-14 -2.12348e-24  1.68111e-15  -8.5702e-25  -8.2548e-16  -9.3353e-26 -4.50389e-16  2.42582e-25 -1.24501e-16  5.90751e-26 -2.16257e-17  -2.6729e-26 -1.57461e-18 -9.90976e-27    4.207e-19 -1.06248e-27  2.00851e-19  1.74871e-28  4.81849e-20  3.96126e-28  8.13455e-21  1.52316e-28  9.90487e-22  1.52963e-30  7.32286e-23  -1.1374e-29 -1.35975e-24 -3.04456e-30 -1.47941e-24 -6.33561e-31 -2.81828e-25 -1.80053e-31 -3.56872e-26  -3.5626e-32 -3.42169e-27 -3.15556e-33 -2.54949e-28  2.16726e-34 -1.45302e-29  1.80778e-34 -5.93995e-31    4.899e-35 -1.40095e-32  7.49295e-36  6.75368e-35  6.99966e-37  1.95569e-35  4.12324e-38  7.12437e-37   1.3842e-39  1.06422e-38  1.67806e-41
-7.64801e-25 -5.52622e-10   4.5002e-23   1.1348e-08 -5.98922e-22 -1.19356e-07  3.73719e-21  8.04736e-07 -1.25449e-20 -3.81829e-06   1.6641e-20  1.33662e-05  4.99544e-20 -3.53435e-05  -3.5165e-19  7.10975e-05  1.09681e-18   -0.0001078 -2.30425e-18  0.000119117  3.51308e-18 -8.76021e-05 -3.81232e-18  3.02171e-05  2.48335e-18  1.17059e-05  1.10195e-19 -1.63458e-05 -2.42768e-18  1.86501e-06  2.99413e-18  4.90945e-06 -1.84494e-18  -1.2573e-06  4.00604e-19 -1.43718e-06  1.49401e-19  3.24611e-07  8.96722e-20  4.36618e-07 -3.39887e-19 -1.86305e-08  2.47921e-19  -1.1661e-07 -2.87651e-20 -2.51735e-08 -7.19621e-20  1.99537e-08  4.91611e-20   1.2173e-08 -5.21449e-21   1.3292e-10  -5.4101e-21 -2.38525e-09 -4.30369e-21 -9.85463e-10  6.91674e-21  1.08347e-11 -6.74988e-22  1.69049e-10 -2.27912e-21  7.29736e-11  5.33083e-22  8.08017e-12  5.07318e-22 -6.23814e-12 -8.60621e-23 -3.83931e-12 -1.10756e-22 -1.00749e-12 -2.32594e-24  -3.9869e-14  2.04218e-23  8.13532e-14  4.96702e-24  3.88563e-14 -2.37034e-24  9.82074e-15 -1.44059e-24  1.17077e-15 -1.29364e-25 -1.89982e-16  3.39277e-25 -1.44195e-16  7.63846e-26 -4.34165e-17 -3.46825e-26 -8.54471e-18 -1.33142e-26 -1.05617e-18 -1.77438e-27 -2.04665e-20   1.3802e-28   2.8466e-20  4.92647e-28  8.77783e-21  1.96714e-28  1.66484e-21  6.41664e-30  2.33164e-22 -1.29242e-29  2.45327e-23 -3.95399e-30  1.76858e-24 -9.53649e-31  4.32836e-26 -2.54588e-31 -9.98954e-27 -4.57007e-32 -1.91013e-27 -3.72368e-33 -2.02557e-28  2.77244e-34 -1.53763e-29  1.81713e-34 -8.75674e-31  4.12556e-35 -3.71676e-32  5.38586e-36 -1.12767e-33  4.26186e-37 -2.23606e-35  2.02383e-38 -2.37499e-37  4.76063e-40 -7.20475e-40
  1.0901e-10 -1.05529e-23 -4.10856e-09  3.01352e-22  5.93452e-08 -2.92398e-21 -5.05959e-07  1.48601e-20  2.92571e-06 -4.27287e-20 -1.22577e-05  4.99544e-20  3.85121e-05   1.3464e-19 -9.21775e-05 -8.62527e-19  0.000168187  2.47387e-18 -0.000230033 -4.81666e-18  0.000224879  6.83629e-18 -0.000137386 -6.89503e-18  2.42007e-05  4.07883e-18  3.51352e-05  4.68434e-19 -2.43883e-05 -3.93299e-18 -4.13881e-06   4.2512e-18  8.88064e-06 -2.11459e-18  3.45507e-07  3.01061e-20 -2.72184e-06  4.56135e-19 -2.42301e-07  1.00518e-19  7.38577e-07 -4.78037e-19  1.94578e-07  3.25522e-19 -1.46619e-07 -3.52603e-20 -8.72996e-08 -8.57445e-20  7.48949e-09  5.67217e-20  2.19353e-08  -2.3272e-21  6.49286e-09 -1.07392e-20 -1.81829e-09 -4.17567e-21 -1.96219e-09  9.30542e-21 -5.16107e-10   -1.065e-21  9.74385e-11 -2.95412e-21  1.23002e-10  6.00758e-22  4.16219e-11   6.6263e-22   2.5381e-12 -6.75608e-23 -3.97781e-12 -1.41323e-22 -2.08714e-12 -1.39695e-23 -5.17947e-13  2.49577e-23 -2.83792e-14    7.698e-24  3.29906e-14 -2.51699e-24  1.61646e-14 -2.06776e-24  4.25442e-15 -1.47659e-25  6.40997e-16   4.4532e-25 -2.02665e-18   9.1811e-26 -3.39927e-17 -4.37889e-26 -1.18411e-17 -1.72509e-26 -2.57514e-18 -2.69371e-27 -3.93125e-19  5.90631e-29 -3.73696e-20  5.75029e-28  9.76041e-23  2.33859e-28  8.88484e-22  1.04291e-29  2.14114e-22 -1.42542e-29  3.33511e-23 -4.86777e-30  3.91227e-24 -1.27663e-30   3.5497e-25 -3.18883e-31  2.41539e-26 -5.23218e-32  1.07049e-27 -3.96079e-33  7.77216e-30  2.80817e-34 -3.43317e-30  1.58127e-34 -3.39941e-31    3.063e-35 -1.88154e-32  3.39908e-36 -6.73937e-34  2.23026e-37 -1.49618e-35  8.10924e-39 -1.67697e-37  1.09202e-40
-3.33765e-26  1.07732e-09 -9.07664e-23 -2.33944e-08  1.61563e-21  2.60737e-07 -1.21628e-20 -1.86741e-06   5.1759e-20  9.44035e-06 -1.29442e-19 -3.53435e-05   1.3464e-19  0.000100457  3.27924e-19 -0.000218753 -1.92098e-18  0.000362952  5.08654e-18 -0.000447324 -9.20885e-18  0.000383217  1.21969e-17 -0.000184998  -1.1436e-17 -8.95993e-06   6.0816e-18  7.25558e-05  1.25706e-18 -2.67769e-05 -5.98478e-18 -1.71532e-05  5.62288e-18  1.19073e-05 -2.12565e-18  4.47334e-06 -5.86506e-19 -3.65251e-06  8.10013e-19  -1.5803e-06  1.55198e-19  8.16161e-07 -6.28139e-19   5.8286e-07  3.90041e-19 -7.02513e-08 -3.94852e-20 -1.62913e-07 -9.75306e-20 -3.56678e-08  6.76283e-20   2.3504e-08 -1.44661e-21  1.63405e-08 -1.74327e-20  1.90238e-09 -3.32603e-21 -2.23682e-09  1.19318e-20 -1.29944e-09 -1.42911e-21 -2.12243e-10 -3.69486e-21  1.01612e-10  6.03759e-22  7.62815e-11  8.31585e-22  2.15881e-11 -3.05397e-23  6.30121e-13 -1.71367e-22 -2.11664e-12 -2.74282e-23 -1.01092e-12  2.83489e-23 -2.46986e-13  1.03669e-23 -2.04151e-14 -2.59873e-24  1.04528e-14 -2.66369e-24   5.6666e-15 -1.21404e-25  1.57223e-15  5.57827e-25  2.77393e-16  1.02889e-25  2.22329e-17 -5.43336e-26 -4.52882e-18 -2.17284e-26 -2.34565e-18 -3.83986e-27 -5.73927e-19 -8.21717e-29 -9.85121e-20  6.24595e-28 -1.23806e-20  2.54987e-28 -1.01965e-21  1.14521e-29  -1.3852e-23 -1.56167e-29  1.25487e-23 -5.71251e-30   2.6445e-24 -1.54769e-30  3.42278e-25 -3.59692e-31  3.29017e-26 -5.41651e-32  2.44551e-27  -3.8432e-33  1.39874e-28  2.35851e-34  5.91595e-30  1.20332e-34   1.6638e-31  2.00319e-35  2.05038e-33  1.86994e-36 -4.29528e-35  9.85508e-38 -2.06309e-36  2.50757e-39 -2.09064e-38
-1.76594e-10  5.54177e-24  7.06219e-09 -5.75632e-22 -1.08421e-07  7.21209e-21  9.84486e-07 -4.39168e-20 -6.07835e-06   1.5975e-19  2.72774e-05  -3.5165e-19 -9.21775e-05  3.27924e-19  0.000238636  7.25603e-19  -0.00047484 -3.90329e-18  0.000717665  9.57673e-18 -0.000794958 -1.61749e-17  0.000587881  2.00422e-17 -0.000202132 -1.74736e-17 -8.57888e-05  8.24922e-18  0.000118695  2.67854e-18 -1.40693e-05 -8.54192e-18 -3.73049e-05  6.92081e-18  1.02887e-05 -1.76897e-18  1.13374e-05 -1.40695e-18 -2.92271e-06   1.1309e-18 -3.61553e-06  2.69867e-19  2.70703e-07 -7.63083e-19  1.03282e-06  4.28979e-19  1.93748e-07   -4.871e-20 -1.95662e-07  -1.0214e-19 -1.09972e-07  8.26736e-20  3.25301e-09 -3.21111e-21  2.41283e-08 -2.56477e-20  9.23233e-09 -1.82377e-21 -5.03625e-10  1.47546e-20 -1.81184e-09 -1.68454e-21  -7.3307e-10 -4.46017e-21 -6.28373e-11  5.25733e-22  7.29946e-11   9.9561e-22  4.16382e-11  2.21059e-23  1.04172e-11 -1.95462e-22  1.94205e-13 -4.05763e-23 -9.50011e-13  2.98706e-23 -4.33937e-13  1.24632e-23 -1.07419e-13 -2.70632e-24 -1.23615e-14 -3.15431e-24   2.2259e-15 -2.17658e-26  1.60709e-15  6.74565e-25  4.79615e-16  1.07852e-25  9.44446e-17 -6.63794e-26  1.19061e-17   -2.675e-26  3.52114e-19 -5.24903e-27 -2.74605e-19 -3.15145e-28 -8.78402e-20  6.20172e-28 -1.68014e-20  2.51603e-28 -2.36884e-21  7.48845e-30 -2.53583e-22 -1.72377e-29 -1.94377e-23 -6.39984e-30 -7.54459e-25 -1.71832e-30  5.13702e-26 -3.69351e-31  1.31689e-26  -5.1143e-32   1.4409e-27 -3.42611e-33  1.07693e-28  1.65573e-34  5.90126e-30   8.0339e-35  2.36377e-31  1.14947e-35  6.61367e-33  8.86377e-37  1.16735e-34  3.56838e-38  1.01635e-36  5.19388e-40
 6.39183e-24 -1.53072e-09  7.19774e-23  3.54886e-08 -2.89869e-21 -4.22935e-07  2.75091e-20  3.24532e-06  -1.3959e-19 -1.76217e-05  4.40957e-19  7.10975e-05 -8.62527e-19 -0.000218753  7.25603e-19  0.000518939  1.46522e-18 -0.000947059 -7.26499e-18   0.00130506  1.65742e-17  -0.00129335 -2.62028e-17  0.000805709  3.04553e-17 -0.000146397 -2.46948e-17 -0.000216312  1.01804e-17  0.000157436  4.87304e-18  2.39115e-05 -1.14271e-17 -6.00335e-05  7.90693e-18 -5.55023e-07 -9.88535e-19  1.93402e-05  -2.3254e-18  9.97983e-07  1.32647e-18 -5.61736e-06  4.41551e-19 -1.24448e-06 -8.45298e-19  1.24026e-06  4.32826e-19  6.55023e-07  -7.2497e-20 -1.00597e-07 -9.53849e-20 -1.86488e-07  1.02559e-19 -4.75429e-08 -7.52406e-21  1.96411e-08 -3.54039e-20  1.74474e-08  2.18512e-23  3.98993e-09  1.76777e-20  -1.1928e-09 -1.74113e-21 -1.17601e-09 -5.17986e-21 -3.65212e-10  3.64084e-22 -8.28079e-12  1.12894e-21  4.22113e-11   8.3457e-23  2.03353e-11 -2.07638e-22  4.74045e-12 -5.10114e-23  1.42672e-13  2.90832e-23 -3.55696e-13  1.34798e-23 -1.62709e-13 -2.96638e-24  -4.1536e-14 -3.47983e-24  -6.0398e-15  1.72972e-25  8.33168e-17  7.92871e-25  3.40829e-16  1.06077e-25  1.15635e-16  -7.9592e-26  2.48661e-17  -3.2282e-26  3.78809e-18 -6.96178e-27  3.68706e-19 -6.74244e-28  3.51497e-21  5.41743e-28 -7.27545e-21  2.17699e-28 -1.79914e-21 -2.53308e-30 -2.79893e-22 -1.91534e-29 -3.26326e-23 -6.83681e-30  -2.9518e-24 -1.76019e-30 -2.03516e-25 -3.47866e-31 -9.78519e-27 -4.43026e-32 -2.11263e-28 -2.81673e-33  1.24522e-29  9.52797e-35  1.56408e-30  4.69828e-35  8.47262e-32  5.74389e-36  2.73302e-33  3.55408e-37  4.95663e-35  1.00002e-38  3.37588e-37
 2.04208e-10   4.5952e-23 -8.77932e-09  5.25449e-22  1.45005e-07 -1.20951e-20 -1.41822e-06  9.13306e-20  9.44787e-06 -3.94889e-19 -4.58588e-05  1.09681e-18  0.000168187 -1.92098e-18  -0.00047484  1.46522e-18    0.0010378   2.7103e-18  -0.00174262  -1.2428e-17   0.00218951  2.64546e-17   -0.0019272 -3.92852e-17  0.000969595  4.29534e-17  2.93539e-05  -3.2399e-17 -0.000393216     1.14e-17  0.000161725   7.8377e-18  9.25322e-05 -1.43313e-17 -7.48162e-05  8.34668e-18 -2.37939e-05  1.94485e-19  2.45148e-05 -3.19296e-18  8.94565e-06  1.31692e-18 -6.12432e-06   6.4584e-19 -3.69551e-06 -8.35836e-19  7.72026e-07  3.97993e-19  1.17109e-06 -1.19541e-19  1.89658e-07 -7.59068e-20 -2.03227e-07  1.27567e-19 -1.19472e-07 -1.34491e-20 -6.93623e-09 -4.64062e-20  2.00833e-08  1.72472e-21  1.01172e-08  2.04971e-20  1.19569e-09 -1.52733e-21 -1.03483e-09 -5.75695e-21 -6.54187e-10  1.32845e-22  -1.6572e-10  1.20383e-21  3.93229e-12  1.44411e-22  2.05965e-11 -2.02881e-22   8.9337e-12 -5.66429e-23  2.03201e-12  2.59241e-23  1.18523e-13  1.30222e-23 -1.07013e-13 -3.50209e-24 -5.20213e-14 -3.60429e-24 -1.38541e-14  4.68333e-25  -2.3595e-15  9.08091e-25 -1.72798e-16  9.80495e-26  4.26865e-17 -9.32526e-26  2.04728e-17 -3.82261e-26  4.88598e-18 -8.99906e-27  8.26001e-19 -1.18839e-27  1.03103e-19  3.76411e-28  8.64546e-21  1.52209e-28  1.98431e-22 -1.81043e-29 -8.26499e-23 -2.11288e-29  -1.8097e-23 -6.94645e-30 -2.31904e-24 -1.67214e-30 -2.17964e-25 -3.02085e-31 -1.57467e-26 -3.53449e-32 -8.73488e-28 -2.13782e-33  -3.6014e-29  4.18769e-35 -1.02046e-30  2.39185e-35 -1.60718e-32  2.46892e-36 -1.10966e-35   1.1689e-37  3.38781e-36  1.88126e-39
-2.51537e-23   1.5241e-09  2.09113e-22  -3.8393e-08  2.76436e-21  4.97073e-07 -4.30005e-20 -4.14579e-06  2.67623e-19  2.44985e-05 -1.00304e-18   -0.0001078  2.47387e-18  0.000362952 -3.90329e-18 -0.000947059   2.7103e-18   0.00191657  4.60664e-18  -0.00296907 -1.95949e-17   0.00339806   3.9054e-17  -0.00262652 -5.46812e-17  0.000983124   5.6419e-17   0.00035895 -3.95954e-17 -0.000583014  1.14996e-17  9.96339e-05  1.13782e-17  0.000185771 -1.68723e-17 -6.67113e-05  8.07402e-18 -5.81261e-05  1.68127e-18  2.11601e-05 -3.85525e-18   1.9924e-05  1.05592e-18 -3.35228e-06  8.43942e-19 -6.36506e-06 -7.06163e-19 -7.18046e-07  3.28284e-19  1.42451e-06  -1.9441e-19  6.54346e-07 -4.60048e-20  -8.7413e-08  1.57089e-19 -1.76708e-07 -1.93805e-20 -5.59058e-08 -5.78999e-20  9.47574e-09  2.75821e-21  1.42441e-08   2.2885e-20  4.95857e-09 -1.01956e-21  1.06642e-10 -6.08571e-21  -6.5858e-10 -1.39425e-22 -3.22548e-10  1.19826e-21 -7.05368e-11  1.96771e-22  3.23776e-12 -1.78392e-22  8.59156e-12 -5.62278e-23  3.51479e-12  2.06823e-23  8.06699e-13  1.08975e-23  7.56501e-14 -4.38776e-24 -2.34247e-14 -3.51993e-24 -1.36553e-14  8.47794e-25 -3.85182e-15  1.01232e-24  -7.2993e-16  8.48313e-26  -8.7865e-17 -1.06469e-25 -1.80518e-18 -4.44124e-26  2.19485e-18 -1.13365e-26  6.64635e-19 -1.86664e-27  1.23538e-19  1.25235e-28  1.70425e-20   6.0706e-29  1.79596e-21 -3.69798e-29   1.3766e-22 -2.27083e-29   5.8877e-24  -6.6917e-30 -2.10742e-25 -1.47822e-30 -6.88251e-26 -2.42738e-31 -7.46579e-27 -2.60275e-32 -5.33944e-28 -1.49584e-33 -2.73909e-29  1.03948e-35 -1.00207e-30  1.04781e-35 -2.46481e-32  8.95107e-37  -3.5343e-34  2.97583e-38 -1.88926e-36
-1.56189e-10 -1.93011e-22  7.42626e-09  6.89941e-22 -1.35243e-07  1.14934e-20  1.45574e-06 -1.32846e-19 -1.06642e-05  6.99711e-19  5.69366e-05 -2.30425e-18 -0.000230033  5.08654e-18  0.000717665 -7.26499e-18  -0.00174262  4.60664e-18   0.00328094  7.21258e-18  -0.00470004 -2.85403e-17   0.00488892   5.3456e-17  -0.00326016 -7.08615e-17  0.000741009  6.92374e-17  0.000841017 -4.52279e-17 -0.000725262  1.02853e-17 -5.34834e-05  1.51245e-17  0.000281976 -1.86953e-17 -2.13946e-05  7.04427e-18 -9.54682e-05  3.32112e-18  3.97871e-06 -4.19411e-18  3.04004e-05  5.40981e-19  3.89611e-06  9.95748e-19 -7.81868e-06 -4.47981e-19 -3.18114e-06  2.34262e-19  1.01654e-06 -2.95401e-19  1.13067e-06   -1.117e-20  1.96567e-07  1.89222e-19 -1.64641e-07 -2.34487e-20 -1.10197e-07 -6.86472e-20 -1.76718e-08  2.72169e-21  1.14226e-08  2.44368e-20  8.21477e-09 -2.63082e-22  2.12376e-09 -6.08304e-21 -1.51354e-10  -4.1772e-22  -3.4567e-10  1.10326e-21 -1.43577e-10  2.36567e-22  -2.8811e-11 -1.34095e-22  1.08172e-12 -4.96267e-23  3.04437e-12    1.391e-23  1.22142e-12  7.17091e-24  2.88393e-13 -5.61263e-24  3.68053e-14 -3.24615e-24 -2.39904e-15  1.27243e-24 -2.75268e-15  1.09417e-24 -8.55295e-16  6.72939e-26 -1.75496e-16 -1.18487e-25 -2.56825e-17 -5.06129e-26 -2.36802e-18 -1.38855e-26 -1.89104e-21 -2.68409e-27  4.98791e-20 -1.91935e-28  1.16614e-20 -4.46957e-29  1.74906e-21 -5.56748e-29  1.97422e-22 -2.33809e-29  1.73262e-23  -6.0922e-30  1.16495e-24 -1.21862e-30  5.57984e-26  -1.8087e-31  1.41591e-27 -1.77018e-32  -3.3184e-29  -9.6145e-34  -5.3787e-30 -3.07964e-36 -2.72419e-31  3.87438e-36 -7.49053e-33  2.64929e-37 -9.92513e-35  5.08053e-39
  5.8352e-23 -9.42619e-10 -9.75907e-22  2.69737e-08  1.71026e-21 -3.93536e-07  3.96222e-20  3.67841e-06 -3.61914e-19 -2.42767e-05  1.64664e-18  0.000119117 -4.81666e-18 -0.000447324  9.57673e-18   0.00130506  -1.2428e-17  -0.00296907  7.21258e-18   0.00522501  1.04225e-17  -0.00693483 -3.84701e-17   0.00653113  6.79846e-17   -0.0036509 -8.57181e-17  0.000162628  7.96306e-17   0.00142253 -4.84585e-17 -0.000743833  7.87088e-18 -0.000300515  1.86173e-17  0.000345422 -1.95836e-17  6.75293e-05  5.35308e-18 -0.000121154  4.95411e-18  -2.8828e-05 -4.15821e-18  3.47239e-05 -1.88977e-19  1.51484e-05  1.07273e-18 -6.31892e-06 -7.72189e-20 -5.93953e-06  1.30853e-19  -3.2159e-07 -4.14248e-19  1.32842e-06  2.13973e-20  5.95421e-07  2.20695e-19 -3.73975e-08 -2.40285e-20 -1.36264e-07 -7.70767e-20 -5.45956e-08  1.48534e-21 -1.47685e-09  2.47769e-20  8.15638e-09  6.26626e-22  4.09432e-09 -5.72319e-21  8.21716e-10 -6.73147e-22 -1.29402e-10  9.26934e-22 -1.55691e-10  2.66216e-22 -5.81251e-11 -7.22839e-23 -1.13524e-11 -3.76388e-23  2.61186e-14  6.35792e-24  8.93242e-13  2.19183e-24  3.66378e-13 -7.06293e-24  8.98097e-14 -2.82328e-24   1.3923e-14  1.68685e-24  6.77143e-16  1.14007e-24 -3.60263e-16  4.55136e-26 -1.41922e-16 -1.28939e-25 -3.16839e-17 -5.65584e-26 -5.11628e-18 -1.64856e-26 -6.12227e-19 -3.57425e-27  -4.8745e-20 -5.36756e-28 -8.69613e-22 -1.47702e-28  4.81697e-22 -7.04771e-29  9.83281e-23 -2.27837e-29  1.19853e-23 -5.22532e-30  1.07208e-24 -9.37657e-31  7.34401e-26 -1.25068e-31  3.84044e-27 -1.11084e-32  1.48281e-28  -5.6442e-34   3.9234e-30  -5.8864e-36  5.97655e-32  1.17067e-36  2.51855e-34  6.02375e-38 -2.94426e-36
 5.95976e-11  4.42239e-22 -3.49188e-09 -3.80446e-21  7.58309e-08  3.10407e-21 -9.53151e-07  1.16631e-19  8.04234e-06 -8.79358e-19 -4.90169e-05  3.51308e-18  0.000224879 -9.20885e-18 -0.000794958  1.65742e-17   0.00218951 -1.95949e-17  -0.00470004  1.04225e-17    0.0077676   1.3919e-17  -0.00956675 -4.80522e-17   0.00810882  8.04791e-17   -0.0036136 -9.70149e-17 -0.000771934  8.60857e-17   0.00199748 -4.89085e-17 -0.000569131  4.67706e-18 -0.000612153  2.14345e-17  0.000335058 -1.95317e-17  0.000191939  3.21338e-18 -0.000117579  6.45285e-18  -7.2867e-05 -3.77208e-18  2.69247e-05 -1.06538e-18  2.75929e-05  1.06518e-18 -6.42682e-07  3.68991e-19 -7.72086e-06  3.41622e-20  -2.4835e-06 -5.37685e-19  9.40037e-07  4.46483e-20  9.47872e-07  2.47205e-19  2.04727e-07 -2.02004e-20  -9.8056e-08 -8.15884e-20 -8.32837e-08  -7.2914e-22 -2.22457e-08  2.36927e-20   2.7095e-09  1.48667e-21  4.57706e-09 -5.06201e-21  1.82434e-09 -8.95828e-22  2.99842e-10  6.93031e-22 -6.54612e-11  2.94301e-22 -6.09176e-11  3.32691e-24  -2.1333e-11  -2.1451e-23 -4.23828e-12 -1.00522e-24 -1.94223e-13 -3.40229e-24  2.04682e-13 -8.52228e-24  9.16825e-14 -2.30098e-24  2.35062e-14  2.03056e-24  4.11513e-15  1.13703e-24  4.34559e-16  1.87173e-26 -6.62996e-18 -1.37874e-25 -1.51072e-17 -6.19374e-26 -4.01362e-18 -1.89094e-26 -7.00027e-19 -4.43299e-27 -9.19491e-20 -8.59228e-28  -9.2553e-21 -2.31918e-28 -6.75626e-22 -7.85792e-29 -2.70122e-23 -2.08479e-29  1.04139e-24  -4.2095e-30  3.01179e-25 -6.73198e-31  3.03762e-26 -8.02069e-32  2.00576e-27 -6.41437e-33  9.34226e-29 -3.00219e-34  3.01469e-30 -4.40529e-36  6.19256e-32  2.72593e-37  6.46346e-34  9.07385e-39
 -9.0354e-23  1.91985e-10   2.1922e-21 -8.36394e-09 -1.22655e-20  1.62652e-07  3.48647e-21 -1.90071e-06  2.98972e-19  1.51283e-05 -1.92291e-18 -8.76021e-05  6.83629e-18  0.000383217 -1.61749e-17  -0.00129335  2.64546e-17   0.00339806 -2.85403e-17  -0.00693483   1.3919e-17    0.0108164  1.71923e-17   -0.0123771 -5.56685e-17   0.00935642  8.88076e-17  -0.00300701 -1.02935e-16  -0.00199813  8.77258e-17    0.0024253 -4.67686e-17 -0.000164255  1.33452e-18 -0.000926502  2.33102e-17  0.000218444 -1.87513e-17  0.000326826  8.99535e-19 -7.05811e-05  7.74659e-18  -0.00011684 -3.12237e-18  3.43062e-06 -2.00568e-18   3.6373e-05  9.81628e-19  9.01604e-06  8.40796e-19 -7.05775e-06 -4.13239e-20 -4.85188e-06 -6.50169e-19 -1.82808e-07  5.32842e-20  1.02749e-06  2.64096e-19  4.90182e-07 -1.20548e-20  1.98896e-08 -8.09371e-20 -8.09991e-08 -3.35452e-21 -4.20678e-08  2.12478e-20  -7.5298e-09  2.14945e-21   2.4517e-09 -4.23895e-21  2.17987e-09 -1.10273e-21  7.42389e-10  4.34193e-22  1.08378e-10  3.32631e-22 -2.42495e-11  8.86172e-23 -2.06237e-11 -1.91682e-24 -7.00384e-12 -6.90323e-24 -1.44807e-12 -8.70066e-24  -1.3333e-13 -9.68638e-24  3.10975e-14 -1.72231e-24  1.81412e-14  2.25248e-24  4.96258e-15  1.07646e-24  9.40164e-16 -1.40704e-26  1.26714e-16 -1.45523e-25  9.96125e-18 -6.63735e-26 -3.80909e-19 -2.08846e-26 -2.97004e-19 -5.13633e-27 -6.11977e-20 -1.10967e-27 -8.55708e-21 -2.85207e-28 -9.11685e-22 -7.88737e-29 -7.56892e-23 -1.78259e-29 -4.80408e-24 -3.17547e-30 -2.16309e-25 -4.50355e-31 -5.16637e-27 -4.76061e-32  1.01712e-28 -3.39219e-33  1.53556e-29 -1.43143e-34  6.69099e-31 -2.31252e-36  1.44726e-32  4.31316e-38  1.12535e-34
 1.29808e-11 -6.85944e-22 -1.08365e-10  8.33816e-21 -8.95952e-09 -3.41286e-20  2.36875e-07 -2.75562e-22 -2.97657e-06  6.76828e-19  2.39841e-05 -3.81232e-18 -0.000137386  1.21969e-17  0.000587881 -2.62028e-17   -0.0019272   3.9054e-17   0.00488892 -3.84701e-17  -0.00956675  1.71923e-17    0.0141577  1.96442e-17   -0.0150646  -5.9846e-17    0.0100182   9.1451e-17  -0.00178144 -1.02522e-16  -0.00336757  8.44889e-17   0.00256541  -4.2742e-17  0.000455155 -1.47338e-18  -0.00116103  2.41961e-17 -1.41566e-05 -1.76036e-17  0.000434268 -1.31885e-18  2.37303e-05  8.82031e-18 -0.000144735 -2.32884e-18 -3.44084e-05 -2.92769e-18  3.60133e-05  8.41818e-19  2.05306e-05  1.28629e-18 -2.95855e-06 -8.44578e-20 -6.39757e-06 -7.36786e-19 -1.87025e-06   4.4738e-20  6.45536e-07  2.67185e-19  6.85971e-07 -7.96826e-22  1.92634e-07 -7.45822e-20  -3.3123e-08 -5.57262e-21 -4.84676e-08  1.78308e-20 -1.84924e-08   2.4923e-21 -2.12178e-09  -3.4526e-21  1.37543e-09 -1.33611e-21   9.0846e-10  1.82262e-22   2.7891e-10  3.91443e-22  3.98827e-11  1.79723e-22 -6.53037e-12  2.10254e-23 -5.93184e-12 -9.67745e-24 -2.01081e-12 -1.25672e-23 -4.35007e-13 -1.01897e-23 -5.58672e-14 -1.10689e-24  6.22871e-16  2.32497e-24  2.54748e-15  9.58011e-25  7.98209e-16 -5.28817e-26  1.61523e-16 -1.51903e-25   2.4192e-17 -6.94083e-26   2.6686e-18 -2.21331e-26   1.8441e-19 -5.56892e-27 -1.12492e-21 -1.25178e-27 -2.55864e-21 -3.02689e-28  -4.4333e-22 -7.21193e-29 -4.94429e-23 -1.41975e-29 -4.09792e-24 -2.23606e-30 -2.59785e-25 -2.80014e-31 -1.24673e-26 -2.60558e-32  -4.3509e-28 -1.63147e-33 -1.01506e-29 -6.02921e-35 -1.31018e-31  -9.1933e-37 -4.71341e-34  3.10474e-39
 8.23035e-23  1.91113e-10 -3.31559e-21 -3.75271e-09  2.60951e-20  2.58698e-08 -8.44668e-20  7.73031e-08 -1.10748e-20 -3.04784e-06  1.36721e-18  3.02171e-05 -6.89503e-18 -0.000184998  2.00422e-17  0.000805709 -3.92852e-17  -0.00262652   5.3456e-17   0.00653113 -4.80522e-17   -0.0123771  1.96442e-17    0.0174831  2.07599e-17   -0.0173066 -5.97273e-17   0.00991367  8.79366e-17 -3.35062e-06 -9.58554e-17  -0.00467582  7.70696e-17   0.00231636 -3.78471e-17     0.001216  -3.1744e-18  -0.00123384  2.42443e-17 -0.000341316 -1.64853e-17   0.00047323 -3.22986e-18   0.00015462  9.69411e-18 -0.000140596  -1.5117e-18 -7.92384e-05  -3.7603e-18  2.25806e-05  6.67075e-19  3.00974e-05  1.66095e-18  4.42876e-06 -8.79922e-20  -6.0369e-06 -7.85457e-19 -3.59368e-06  1.95212e-20 -2.27997e-07  2.53525e-19  6.49189e-07  1.13523e-20  3.52939e-07  -6.2907e-20  5.42459e-08 -6.48165e-21 -3.19588e-08  1.41121e-20 -2.40017e-08  2.47647e-21 -7.32596e-09 -2.91513e-21 -5.12454e-10 -1.65176e-21   5.9972e-10 -4.08883e-23  3.34726e-10  4.74591e-22  9.66258e-11   2.7322e-22  1.46149e-11  4.85455e-23 -1.01984e-12 -7.33697e-24 -1.39704e-12 -1.37457e-23 -4.89097e-13 -9.64705e-24 -1.10463e-13 -4.39542e-25 -1.69511e-14  2.25305e-24 -1.30698e-15  7.91922e-25  1.68055e-16 -9.56946e-26  8.76462e-17  -1.5647e-25  1.97475e-17 -7.05285e-26  3.14409e-18 -2.24274e-26  3.83146e-19 -5.65462e-27  3.56789e-20 -1.27194e-27  2.34472e-21 -2.87308e-28  7.03328e-23 -6.04791e-29 -6.09574e-24 -1.05079e-29 -1.15202e-24 -1.46485e-30  -1.0123e-25  -1.6122e-31 -5.94297e-27 -1.30786e-32 -2.43062e-28 -7.06486e-34 -6.64451e-30 -2.19706e-35 -1.06474e-31 -2.71843e-37 -6.49042e-34
