   0.0421767 -2.55134e-18   -0.0475986  5.87958e-18  -0.00576207  8.42531e-19   0.00897325 -2.79655e-18   0.00353081  4.73939e-19 -0.000491397 -6.07649e-19 -0.000652026  2.03323e-19 -0.000146281  1.04689e-19  5.48655e-06    7.837e-21  6.24892e-06 -1.86827e-22  5.37925e-07
-2.55134e-18    0.0929685 -6.14629e-18   -0.0484471  1.04756e-17   -0.0225222  1.40329e-18   0.00793382 -1.17324e-18   0.00703433 -8.62988e-19  0.000620175 -1.06906e-18 -0.000839054  2.64613e-19 -0.000320991  1.75046e-19 -3.24067e-05  3.61624e-20    2.366e-06  2.52468e-21
  -0.0475986 -6.14629e-18     0.100684 -9.79321e-18   -0.0275313  1.11773e-17   -0.0311926  2.33499e-18   0.00261709   1.4562e-18   0.00853424 -2.30336e-18   0.00216853 -1.64695e-18 -0.000560635  9.96879e-20  -0.00038148  1.91505e-19 -6.31215e-05   5.4572e-20 -2.15327e-06
 5.87958e-18   -0.0484471 -9.79321e-18    0.0803092 -1.07212e-17   -0.0106343  6.76415e-18   -0.0321738   4.2574e-18  -0.00272349  3.22329e-18   0.00825414 -3.54155e-18   0.00347154 -2.45555e-18  1.90252e-05 -3.38996e-19  -0.00027952  1.22104e-19 -5.43784e-05   4.0107e-20
 -0.00576207  1.04756e-17   -0.0275313 -1.07212e-17     0.061435 -8.15852e-18  -0.00210158   1.6996e-18   -0.0304824  7.94037e-18  -0.00703014  4.42746e-18   0.00683088 -4.29094e-18   0.00419861 -3.41986e-18  0.000635231 -9.13699e-19 -8.66972e-05  1.10837e-20 -2.07797e-05
 8.42531e-19   -0.0225222  1.11773e-17   -0.0106343 -8.15852e-18    0.0508873 -6.07053e-18   0.00225253  4.92627e-19   -0.0283868   1.3716e-17    -0.010532  6.63095e-18   0.00460205 -3.87389e-18   0.00415159 -4.08481e-18   0.00099895 -1.24897e-18  5.75197e-05 -4.13231e-20
  0.00897325  1.40329e-18   -0.0311926  6.76415e-18  -0.00210158 -6.07053e-18    0.0453029 -8.80662e-18    0.0051378  2.89315e-18   -0.0263273  2.07792e-17   -0.0134957  1.11289e-17   0.00173989 -1.75423e-18   0.00324372 -3.80652e-18  0.000925438 -1.03292e-18  7.07712e-05
-2.79655e-18   0.00793382  2.33499e-18   -0.0321738   1.6996e-18   0.00225253 -8.80662e-18    0.0421525 -1.67931e-17   0.00758123  5.60457e-18   -0.0242057   2.7906e-17   -0.0159362  1.79002e-17  -0.00145836  1.82474e-18    0.0016879 -2.38697e-18  0.000514519 -4.38218e-19
  0.00353081 -1.17324e-18   0.00261709   4.2574e-18   -0.0304824  4.92627e-19    0.0051378 -1.67931e-17     0.040507 -2.78213e-17    0.0100955  5.69376e-18   -0.0216729  3.40366e-17   -0.0174621  2.51083e-17  -0.00427662  5.54138e-18  0.000140324 -5.76021e-19  0.000121986
 4.73939e-19   0.00703433   1.4562e-18  -0.00272349  7.94037e-18   -0.0283868  2.89315e-18   0.00758123 -2.78213e-17    0.0400801 -4.06277e-17    0.0131634  1.61729e-18   -0.0180486  3.74816e-17   -0.0171633  2.93451e-17  -0.00561251  7.44282e-18 -0.000632644  4.29227e-19
-0.000491397 -8.62988e-19   0.00853424  3.22329e-18  -0.00703014   1.3716e-17   -0.0263273  5.60457e-18    0.0100955 -4.06277e-17     0.040924 -5.63474e-17    0.0174536   -7.571e-18   -0.0123323  3.54054e-17   -0.0140131  2.74995e-17  -0.00477102  6.44686e-18 -0.000489962
-6.07649e-19  0.000620175 -2.30336e-18   0.00825414  4.42746e-18    -0.010532  2.07792e-17   -0.0242057  5.69376e-18    0.0131634 -5.63474e-17    0.0434173 -7.69186e-17    0.0237539 -2.20659e-17  -0.00389496  2.61126e-17  -0.00814403  1.98329e-17  -0.00249063  3.48756e-18
-0.000652026 -1.06906e-18   0.00216853 -3.54155e-18   0.00683088  6.63095e-18   -0.0134957   2.7906e-17   -0.0216729  1.61729e-18    0.0174536 -7.69186e-17    0.0480789 -1.01328e-16     0.032111 -3.86808e-17   0.00597284  1.27811e-17   -0.0018823  1.05789e-17 -0.000569526
 2.03323e-19 -0.000839054 -1.64695e-18   0.00347154 -4.29094e-18   0.00460205  1.11289e-17   -0.0159362  3.40366e-17   -0.0180486   -7.571e-18    0.0237539 -1.01328e-16    0.0546088 -1.21804e-16    0.0401951 -4.91254e-17    0.0133596  2.50636e-18   0.00163814  3.90535e-18
-0.000146281  2.64613e-19 -0.000560635 -2.45555e-18   0.00419861 -3.87389e-18   0.00173989  1.79002e-17   -0.0174621  3.74816e-17   -0.0123323 -2.20659e-17     0.032111 -1.21804e-16    0.0602216 -1.25121e-16    0.0430147 -4.53109e-17    0.0143848 -8.20464e-19   0.00162971
 1.04689e-19 -0.000320991  9.96879e-20  1.90252e-05 -3.41986e-18   0.00415159 -1.75423e-18  -0.00145836  2.51083e-17   -0.0171633  3.54054e-17  -0.00389496 -3.86808e-17    0.0401951 -1.25121e-16    0.0595353 -1.03048e-16    0.0366053 -2.89146e-17   0.00952007 -2.07676e-19
 5.48655e-06  1.75046e-19  -0.00038148 -3.38996e-19  0.000635231 -4.08481e-18   0.00324372  1.82474e-18  -0.00427662  2.93451e-17   -0.0140131  2.61126e-17   0.00597284 -4.91254e-17    0.0430147 -1.03048e-16    0.0486508 -6.36792e-17    0.0230983 -1.14967e-17   0.00354203
   7.837e-21 -3.24067e-05  1.91505e-19  -0.00027952 -9.13699e-19   0.00099895 -3.80652e-18    0.0016879  5.54138e-18  -0.00561251  2.74995e-17  -0.00814403  1.27811e-17    0.0133596 -4.53109e-17    0.0366053 -6.36792e-17    0.0304632 -2.71127e-17   0.00987333 -2.18682e-18
 6.24892e-06  3.61624e-20 -6.31215e-05  1.22104e-19 -8.66972e-05 -1.24897e-18  0.000925438 -2.38697e-18  0.000140324  7.44282e-18  -0.00477102  1.98329e-17   -0.0018823  2.50636e-18    0.0143848 -2.89146e-17    0.0230983 -2.71127e-17    0.0134435 -6.88126e-18     0.002388
-1.86827e-22    2.366e-06   5.4572e-20 -5.43784e-05  1.10837e-20  5.75197e-05 -1.03292e-18  0.000514519 -5.76021e-19 -0.000632644  6.44686e-18  -0.00249063  1.05789e-17   0.00163814 -8.20464e-19   0.00952007 -1.14967e-17   0.00987333 -6.88126e-18   0.00368412 -7.28281e-19
 5.37925e-07  2.52468e-21 -2.15327e-06   4.0107e-20 -2.07797e-05 -4.13231e-20  7.07712e-05 -4.38218e-19  0.000121986  4.29227e-19 -0.000489962  3.48756e-18 -0.000569526  3.90535e-18   0.00162971 -2.07676e-19   0.00354203 -2.18682e-18     0.002388 -7.28281e-19  0.000468849
