 4.37283e-36  1.76603e-52 -7.77096e-36 -1.22609e-51  4.28578e-36  1.25013e-51 -7.90398e-37  4.60323e-50 -7.32522e-37 -1.59496e-49  1.15415e-36   1.3457e-48 -1.45792e-36 -5.01427e-48  1.24981e-36  1.04621e-47 -8.02632e-37  3.14652e-47   2.1979e-37  1.40611e-47  1.93922e-37  -4.2492e-47  -2.2653e-37  1.12768e-45  8.28163e-38  1.60378e-45  3.62046e-38  4.70129e-46 -3.68246e-38  2.41581e-45  7.08405e-40 -1.63478e-45  7.60507e-39  8.08489e-45  -2.9371e-39 -4.01184e-44  1.76288e-40  6.75759e-44  1.32724e-39 -9.63458e-44  2.12351e-39 -6.44171e-45 -1.66636e-38  -2.4089e-44  6.71557e-38 -2.46377e-44 -2.40526e-37 -2.05396e-44  7.90644e-37 -5.64306e-44 -2.38064e-36  6.08903e-44  6.55237e-36 -1.60789e-43  -1.6452e-35  3.76868e-43  3.75881e-35 -1.07533e-42 -7.78881e-35  2.85573e-42   1.4577e-34 -7.06071e-42  -2.4509e-34  1.62137e-41  3.67652e-34 -3.45801e-41 -4.87543e-34  6.83683e-41  5.64346e-34 -1.25066e-40  -5.5971e-34  2.11128e-40  4.61614e-34 -3.27816e-40 -2.99259e-34   4.6616e-40  1.32175e-34 -6.03662e-40 -1.59594e-35  7.06328e-40 -3.00061e-35 -7.38253e-40  2.62696e-35  6.76831e-40 -8.10908e-36 -5.26573e-40 -2.30155e-36  3.22485e-40  2.93661e-36 -1.18259e-40 -6.18268e-37 -3.61802e-41 -4.07569e-37  1.15363e-40  2.42255e-37  -1.2519e-40  2.70961e-39  9.32574e-41 -3.45767e-38 -5.07634e-41  8.56339e-39  1.81221e-41 -2.27141e-39 -1.15392e-42   3.2948e-39 -3.96594e-42 -2.24888e-39  3.52144e-42  9.25567e-40 -1.87184e-42 -3.18919e-40   7.1816e-43  9.93232e-41 -2.05471e-43 -2.47469e-41  4.31635e-44  4.66851e-42 -6.30417e-45 -6.73564e-43  5.64312e-46  7.03882e-44 -2.03394e-47 -4.61107e-45 -7.43192e-49  1.47568e-46  4.88635e-50
 1.76603e-52   1.2759e-35  7.94817e-52 -1.30552e-35  -3.6534e-51  4.62472e-36 -1.90775e-50  3.23549e-37  6.57849e-49   -1.457e-36 -2.39638e-48  1.97436e-36  1.90512e-47 -2.60189e-36 -6.62425e-47  2.37677e-36  1.24858e-46 -1.65408e-36  3.09898e-46  3.39927e-37  1.42126e-46  5.11144e-37 -6.80567e-46 -5.27368e-37  9.89595e-45  1.83985e-37  1.28626e-44   9.9313e-38  9.06779e-46 -8.86616e-38  1.25084e-44 -2.38063e-39  4.33408e-45  2.05624e-38  1.44693e-44 -1.02978e-38 -2.29909e-43  8.30595e-39  3.45388e-43 -2.63848e-38 -4.80079e-43  1.39424e-37 -1.34831e-43 -5.92349e-37 -8.85616e-44  2.22721e-36   -1.467e-43 -7.65499e-36 -7.77047e-44  2.40999e-35 -4.44326e-43  -6.9408e-35  8.93929e-43  1.82546e-34 -2.69265e-42 -4.37451e-34  7.48175e-42  9.52403e-34 -2.06619e-41 -1.87688e-33  5.31379e-41  3.33214e-33 -1.27238e-40 -5.29707e-33  2.83268e-40  7.48014e-33 -5.85728e-40 -9.28238e-33  1.12294e-39  9.96853e-33 -1.99204e-39 -9.04993e-33  3.26123e-39  6.66994e-33 -4.91108e-39 -3.65979e-33  6.77398e-39  1.10932e-33 -8.51066e-39  2.83915e-34  9.66534e-39 -5.65185e-34 -9.81294e-39  2.96189e-34  8.75236e-39 -2.13171e-35 -6.64634e-39 -6.20803e-35  4.00772e-39  3.09641e-35 -1.50809e-39  2.20618e-36 -3.00865e-40 -6.95127e-36  1.19686e-39  1.65333e-36 -1.31277e-39  5.45869e-37  9.87712e-40 -2.30167e-37 -5.60651e-40 -4.68513e-38  2.34488e-40  1.24609e-38 -5.94586e-41  1.84511e-38 -4.00126e-42 -1.08958e-38  1.37767e-41  3.66601e-39 -8.39845e-42  -1.2818e-39  3.24754e-42  4.01645e-40 -8.90525e-43 -8.98812e-41   1.7334e-43  1.49829e-41 -2.26513e-44 -1.94064e-42  1.71944e-45  1.71495e-43 -4.45892e-47 -8.50666e-45 -1.76864e-48  1.57421e-46
-7.77096e-36  7.94817e-52   1.9702e-35  2.18574e-51 -1.57768e-35  7.28637e-51  3.64099e-36 -3.47059e-49   1.9573e-36  6.51454e-48 -2.61224e-36 -2.49818e-47  3.04556e-36  1.82945e-46 -3.41153e-36 -5.85908e-46   3.3062e-36  1.00295e-45 -2.49183e-36  2.09014e-45  3.33444e-37  9.43622e-46  8.92811e-37 -5.78684e-45 -8.69592e-37  5.75081e-44  3.12278e-37  7.24689e-44  1.89505e-37 -1.20272e-44 -1.62364e-37  2.70378e-44 -1.48209e-39  1.06526e-43  4.00143e-38 -1.17944e-43 -5.31886e-38 -8.99501e-43  1.85709e-37  1.19096e-42 -8.33793e-37 -1.61009e-42  3.61278e-36 -8.87135e-43 -1.42056e-35 -1.61361e-43  5.10394e-35 -7.35505e-43 -1.67973e-34  4.09558e-43   5.0601e-34 -4.15607e-42 -1.39328e-33  1.17765e-41  3.49967e-33 -3.58708e-41 -7.99862e-33  1.01471e-40  1.65795e-32  -2.7146e-40 -3.10365e-32  6.76608e-40  5.21897e-32 -1.57023e-39 -7.82848e-32  3.38912e-39  1.03782e-31 -6.79437e-39 -1.20043e-31  1.26303e-38  1.18886e-31 -2.17262e-38 -9.77796e-32  3.44926e-38  6.30282e-32 -5.03768e-38 -2.74124e-32  6.74063e-38  2.81548e-33 -8.21854e-38  6.70234e-33  9.06457e-38 -5.65539e-33  -8.9503e-38  1.65987e-33  7.78535e-38  5.63093e-34 -5.80078e-38 -6.55533e-34  3.48844e-38   1.3258e-34 -1.40812e-38  9.05631e-35 -3.79997e-40 -5.21176e-35  7.37889e-39 -5.51524e-37 -8.45304e-39  6.02598e-36  6.38257e-39 -3.26181e-38 -3.64314e-39 -8.54573e-37  1.58384e-39  7.11529e-38  -4.8352e-40   9.1046e-38  6.50965e-41 -2.96568e-38  2.92367e-41  8.11929e-39 -2.46952e-41  -3.6828e-39   9.8397e-42  1.11024e-39 -2.58743e-42 -2.08421e-40  4.63491e-43   3.1367e-41 -5.34713e-44 -3.67186e-42  3.35321e-45   2.5722e-43 -5.68628e-47 -8.79353e-45 -2.02477e-48
-1.22609e-51 -1.30552e-35  2.18574e-51   2.4862e-35  9.16436e-51 -2.02021e-35  2.84271e-49  3.98559e-36 -3.75978e-48  4.09135e-36  5.16418e-47 -5.54964e-36 -2.05136e-46  4.81051e-36  1.37001e-45 -3.71207e-36 -4.00479e-45  4.02166e-36  6.17554e-45 -3.40206e-36   1.1345e-44  4.30666e-37  4.53449e-45  1.06457e-36 -3.52423e-44  -1.1322e-36   2.5723e-43  4.63452e-37  3.29089e-43  3.17213e-37 -1.27723e-43 -2.82499e-37 -7.85831e-44  1.13526e-38  7.72167e-43  1.84291e-37 -1.10988e-42 -8.30877e-37 -2.77831e-42  3.94471e-36  3.18075e-42 -1.75828e-35 -4.13183e-42  7.20849e-35  -3.8963e-42 -2.70621e-34  4.49702e-43  9.30821e-34 -4.61857e-42 -2.93203e-33  1.01714e-41  8.44825e-33 -4.27823e-41 -2.22294e-32  1.31826e-40   5.3294e-32 -3.92258e-40 -1.16078e-31   1.0871e-39  2.28835e-31 -2.81807e-39 -4.06376e-31  6.80757e-39   6.4611e-31 -1.53128e-38 -9.12344e-31  3.20375e-38  1.13174e-30 -6.22609e-38 -1.21432e-30  1.12199e-37  1.10042e-30 -1.87097e-37  -8.0803e-31  2.87958e-37  4.39545e-31 -4.07741e-37 -1.28801e-31  5.29031e-37  -3.9107e-32 -6.25694e-37  7.07518e-32  6.69916e-37 -3.59933e-32 -6.43046e-37  1.82995e-33  5.45344e-37  8.08268e-33 -3.98656e-37 -3.89368e-33  2.39078e-37 -3.00159e-34 -1.02576e-37  8.54987e-34  1.12898e-38 -1.79636e-34  3.21161e-38 -8.05922e-35 -4.01284e-38  2.78471e-35  3.04607e-38  1.01198e-35 -1.72529e-38 -4.83559e-36  7.51129e-39 -3.27622e-37 -2.41103e-39  3.25119e-37  4.69272e-40 -1.79237e-38   1.7141e-41  1.17311e-38  -5.4136e-41 -9.60802e-39  2.30129e-41  2.26871e-39 -5.80432e-42 -3.41869e-40  9.48615e-43  5.13773e-41 -9.50256e-44 -5.17492e-42   4.7602e-45  2.57406e-43 -4.60148e-47  -5.1808e-45
 4.28578e-36  -3.6534e-51 -1.57768e-35  9.16436e-51  3.39444e-35  5.30322e-50 -3.02985e-35  3.86504e-48  6.76232e-36 -3.21871e-47  7.72121e-36  3.46926e-46 -1.10291e-35 -1.39463e-45  6.99404e-36  8.46693e-45 -3.50635e-36 -2.24498e-44  4.79787e-36  3.06328e-44 -4.74849e-36  5.34057e-44   1.1763e-36  1.58046e-44   5.9516e-37 -1.72604e-43 -1.16895e-36  9.44503e-43  6.20351e-37  1.26943e-42  5.24639e-37 -7.33291e-43 -4.44362e-37 -1.05405e-42 -3.76669e-37  3.78881e-42  3.02881e-36 -5.51457e-42 -1.54775e-35 -7.19391e-42  7.21644e-35  6.87706e-42 -3.08647e-34 -8.17234e-42  1.21031e-33  -1.4252e-41 -4.34996e-33    8.668e-42  1.43236e-32 -3.76359e-41 -4.31718e-32  1.17612e-40  1.18934e-31 -4.09478e-40 -2.98896e-31   1.2564e-39  6.83481e-31 -3.62656e-39 -1.41738e-30  9.76139e-39   2.6544e-30 -2.45194e-38 -4.46495e-30  5.74012e-38  6.69858e-30 -1.25133e-37 -8.87965e-30  2.53732e-37  1.02663e-29 -4.77886e-37  -1.0156e-29  8.34581e-37  8.33307e-30 -1.34863e-36 -5.34328e-30  2.01129e-36  2.28939e-30 -2.75956e-36 -1.93619e-31  3.46955e-36 -6.00523e-31 -3.97735e-36  4.90425e-31  4.12988e-36 -1.37284e-31 -3.84918e-36 -5.39601e-32  3.17755e-36  5.84586e-32 -2.27347e-36 -1.12966e-32  1.35281e-36 -8.08138e-33 -6.03866e-37  4.37539e-33   1.2204e-37   2.5206e-34  1.03172e-37  -6.0699e-34 -1.51448e-37  1.08917e-35  1.16295e-37  8.02932e-35 -6.49868e-38 -1.10269e-35  2.78598e-38 -4.26323e-36 -8.97784e-39  3.84926e-37   1.9384e-39  2.09543e-37 -1.31264e-40  3.24795e-38 -9.12347e-41  -2.2706e-38  4.39139e-41  3.01822e-39 -1.06188e-41 -4.35048e-40  1.56544e-42  7.38356e-41 -1.33194e-43 -5.31304e-42  5.07565e-45  1.67636e-43 -2.18923e-47
 1.25013e-51  4.62472e-36  7.28637e-51 -2.02021e-35  5.30322e-50  5.10587e-35   7.7166e-50  -4.6338e-35  3.84195e-47  1.07942e-35 -2.31301e-46  1.37621e-35  2.03361e-45 -1.79533e-35 -8.06851e-45  8.57299e-36  4.45795e-44 -2.86469e-36 -1.06672e-43  5.87733e-36  1.25164e-43 -6.97168e-36  2.27585e-43  3.24794e-36  3.55806e-44 -9.33667e-37 -7.23251e-43 -8.70626e-37  2.95684e-42  7.61627e-37  4.27246e-42  6.96798e-37  -3.1007e-42  6.80364e-37   -5.929e-42 -9.45342e-36  1.46523e-41  5.27254e-35 -2.04199e-41 -2.57626e-34 -1.60726e-41   1.1512e-33  1.16828e-41 -4.71526e-33 -9.34241e-42  1.77059e-32  -5.3816e-41 -6.09331e-32  8.54944e-41  1.92046e-31 -3.20932e-40 -5.53675e-31  1.07058e-39  1.45771e-30 -3.47791e-39 -3.49683e-30  1.04002e-38  7.62064e-30 -2.90848e-38 -1.50312e-29  7.58862e-38  2.67057e-29 -1.84697e-37 -4.24753e-29  4.18982e-37  5.99885e-29 -8.85061e-37 -7.44069e-29  1.73895e-36  7.97893e-29 -3.17329e-36 -7.21999e-29  5.36879e-36  5.28432e-29 -8.40345e-36 -2.85131e-29  1.21375e-35  8.07593e-30 -1.61259e-35  2.85777e-30  1.96314e-35 -4.77809e-30 -2.17916e-35  2.36641e-30  2.19176e-35 -7.46724e-32 -1.98043e-35 -5.62593e-31  1.58804e-35  2.61705e-31 -1.10847e-35   2.3657e-32  6.50389e-36 -5.78335e-32 -2.96086e-36  1.06497e-32  7.70618e-37  6.42339e-33  2.33088e-37 -2.15614e-33 -4.72476e-37 -6.44377e-34  3.70818e-37   3.1359e-34  -2.0393e-37  2.40987e-35  8.52824e-38 -1.66034e-35 -2.69838e-38 -2.89536e-36  5.97274e-39  8.03968e-37 -6.42578e-40  1.77567e-37 -1.14475e-40 -3.65741e-38  7.02623e-41  1.29195e-39 -1.62637e-41 -6.08686e-40  2.12954e-42  9.10593e-41 -1.49128e-43 -3.38792e-42  3.97342e-45  6.97661e-44
-7.90398e-37 -1.90775e-50  3.64099e-36  2.84271e-49 -3.02985e-35   7.7166e-50   7.5418e-35 -2.77046e-48 -6.53212e-35  3.05887e-46  1.33481e-35 -1.43109e-45  2.18601e-35  1.05757e-44 -2.37742e-35 -4.04514e-44  8.51805e-36  2.04231e-43 -1.74198e-36 -4.38658e-43  7.24348e-36  4.22886e-43 -1.04163e-35   8.9802e-43  7.16663e-36  1.26896e-44 -3.69278e-36 -2.69231e-42 -2.93308e-37  8.11106e-42  1.38184e-36  1.27541e-41 -2.96149e-36 -1.05859e-41  2.68937e-35 -2.43613e-41 -1.59384e-34  4.75933e-41  8.17209e-34 -6.22727e-41 -3.81654e-33 -3.06821e-41   1.6331e-32  9.43085e-42 -6.40644e-32  2.75019e-41  2.30382e-31 -2.59685e-40 -7.59071e-31  7.13099e-40  2.28931e-30 -2.54798e-39 -6.31092e-30  8.42134e-39  1.58706e-29 -2.62503e-38 -3.63147e-29  7.61364e-38  7.53562e-29 -2.06255e-37 -1.41208e-28  5.21431e-37  2.37648e-28 -1.22962e-36 -3.56675e-28  2.70266e-36  4.72897e-28 -5.53138e-36 -5.46658e-28  1.05285e-35  5.40364e-28   -1.861e-35 -4.42502e-28  3.04916e-35  2.82401e-28 -4.62089e-35 -1.19278e-28  6.46021e-35  7.93939e-30 -8.30561e-35  3.34242e-29  9.78197e-35 -2.65212e-29 -1.05034e-34  7.10015e-30  1.02195e-34  3.16482e-30 -8.93724e-35 -3.23041e-30  6.94546e-35  5.87576e-31 -4.71377e-35   4.5934e-31  2.71087e-35 -2.35388e-31 -1.23875e-35 -2.16167e-32  3.65872e-36  3.65361e-32  2.46186e-37 -1.15119e-33 -1.24451e-36 -4.25353e-33  1.01378e-36  4.75001e-34 -5.48264e-37  2.69798e-34    2.223e-37 -1.39027e-35 -6.81603e-38 -1.80759e-35  1.49208e-38  4.11672e-37 -1.84538e-39  5.94398e-37 -8.75201e-41 -5.52466e-39   9.5528e-41 -2.28838e-39 -2.11027e-41 -1.15903e-39  2.40141e-42  7.37801e-41 -1.31756e-43 -8.86597e-43   2.0232e-45
 4.60323e-50  3.23549e-37 -3.47059e-49  3.98559e-36  3.86504e-48  -4.6338e-35 -2.77046e-48  1.02929e-34 -3.98204e-47 -8.24644e-35  2.03403e-45  1.18908e-35 -7.74147e-45  3.02159e-35  4.93006e-44  -2.6255e-35  -1.7811e-43  6.57724e-36  8.26841e-43  1.93199e-38 -1.58304e-42  8.76186e-36  1.15713e-42 -1.52781e-35  3.30754e-42  1.30297e-35 -3.23803e-43 -7.29227e-36 -9.11243e-42 -9.26493e-37  1.99645e-41  1.21087e-35  3.41682e-41 -7.21221e-35  -3.0453e-41  4.35322e-34 -8.21015e-41 -2.33588e-33  1.34606e-40  1.14053e-32 -1.65078e-40   -5.099e-32 -4.15288e-41  2.08969e-31  -5.9977e-41 -7.85155e-31  3.51788e-40  2.70381e-30 -1.58348e-39 -8.52754e-30  5.31875e-39  2.46026e-29 -1.83551e-38 -6.48206e-29  5.90498e-38  1.55609e-28 -1.77842e-37 -3.39366e-28  4.99783e-37  6.69855e-28 -1.31159e-36 -1.19091e-27  3.21256e-36  1.89523e-27  -7.3399e-36 -2.67782e-27    1.563e-35  3.32204e-27  -3.0989e-35 -3.56144e-27   5.7132e-35  3.21926e-27 -9.77906e-35 -2.34967e-27  1.55113e-34  1.25844e-27 -2.27492e-34 -3.44612e-28  3.07678e-34 -1.39963e-28 -3.82519e-34  2.19194e-28  4.35476e-34 -1.05958e-28 -4.51829e-34  1.43428e-30   4.2471e-34  2.64829e-29 -3.58868e-34 -1.19086e-29  2.69679e-34 -1.28752e-30 -1.77383e-34   2.7037e-30  9.94472e-35 -4.50125e-31 -4.50545e-35 -3.25734e-31  1.41873e-35  1.05961e-31 -7.74127e-37   2.9429e-32 -2.79464e-36 -1.37126e-32  2.41758e-36 -1.68825e-33 -1.28611e-36  8.74158e-34  5.03307e-37   1.4822e-34 -1.48199e-37 -4.47741e-35  3.14304e-38 -6.05075e-36  -4.0409e-39   8.5712e-37  2.45473e-41   1.3571e-37   1.1082e-40  2.44603e-39 -2.32475e-41  -1.7847e-39  2.22668e-42  8.38177e-42 -8.76812e-44 -1.33466e-43
-7.32522e-37  6.57849e-49   1.9573e-36 -3.75978e-48  6.76232e-36  3.84195e-47 -6.53212e-35 -3.98204e-47  1.28205e-34 -3.43171e-46 -9.33341e-35  1.16097e-44  5.86499e-36 -3.70147e-44  3.65971e-35  2.07511e-43 -2.49677e-35 -6.95962e-43  3.41278e-36  2.99446e-42  2.48903e-36 -5.06047e-42  1.04828e-35  2.35573e-42 -2.15747e-35  1.13655e-41  2.00944e-35 -1.83719e-42 -8.14115e-36 -2.84179e-41 -2.48977e-35  4.51617e-41  1.78361e-34  8.29474e-41 -1.08636e-33 -7.55499e-41  6.08031e-33 -2.38403e-40 -3.10361e-32  3.40672e-40  1.44995e-31 -4.01706e-40 -6.20806e-31  4.32766e-41  2.43694e-30 -6.12461e-40 -8.76954e-30  2.64249e-39  2.89153e-29 -1.03044e-38 -8.72729e-29  3.59561e-38  2.40774e-28  -1.2009e-37  -6.0598e-28  3.74544e-37  1.38772e-27 -1.09188e-36 -2.88199e-27  2.97264e-36  5.40475e-27  -7.5578e-36 -9.10275e-27  1.79355e-35  1.36706e-26 -3.97019e-35 -1.81336e-26  8.19039e-35  2.09652e-26 -1.57294e-34 -2.07155e-26  2.80832e-34  1.69383e-26  -4.6537e-34 -1.07654e-26  7.14376e-34  4.48617e-27 -1.01352e-33 -2.19405e-28  1.32537e-33 -1.33707e-27 -1.59232e-33  1.03451e-27  1.75077e-33  -2.6548e-28 -1.75342e-33 -1.32335e-28  1.59018e-33  1.28464e-28 -1.29606e-33 -2.18673e-29  9.39711e-34 -1.89732e-29 -5.97207e-34  9.29017e-30  3.24835e-34  1.06695e-30 -1.44501e-34 -1.52751e-30  4.67919e-35  4.66024e-32 -5.75908e-36  1.70072e-31 -5.34508e-36 -1.51484e-32  5.08782e-36 -1.24313e-32  -2.6653e-36  6.88505e-34  1.00292e-36  7.50235e-34 -2.81607e-37 -1.66357e-35  5.70605e-38 -2.23366e-35 -7.26877e-39 -8.89212e-37   2.2812e-40  2.90712e-37  1.09271e-40  2.64925e-38 -2.16044e-41 -1.17113e-39  1.65573e-42 -4.11759e-41 -3.83123e-44
-1.59496e-49   -1.457e-36  6.51454e-48  4.09135e-36 -3.21871e-47  1.07942e-35  3.05887e-46 -8.24644e-35 -3.43171e-46  1.46629e-34 -2.26562e-45 -9.63257e-35  5.80096e-44 -2.74625e-36 -1.57711e-43  3.95488e-35   7.9313e-43  -2.1279e-35 -2.43357e-42  7.13841e-38  9.79871e-42  5.47622e-36 -1.44102e-41  1.26894e-35  2.21304e-42 -2.85256e-35  3.63104e-41  2.17054e-35 -6.36472e-42  3.97908e-35 -8.21967e-41 -3.86844e-34  9.63454e-41  2.48915e-33  1.84094e-40  -1.4525e-32 -1.63424e-40  7.75018e-32 -6.14615e-40 -3.78416e-31  7.98353e-40  1.69285e-30 -9.91063e-40 -6.94246e-30  8.64586e-40  2.61039e-29  -4.3375e-39 -8.99622e-29  1.73911e-38  2.83961e-28 -6.45124e-38 -8.19937e-28  2.21977e-37  2.16217e-27 -7.17773e-37 -5.19517e-27  2.16856e-36  1.13404e-26 -6.12271e-36 -2.24043e-26  1.61493e-35  3.98667e-26 -3.97817e-35 -6.34964e-26  9.14721e-35  8.97783e-26 -1.96178e-34 -1.11431e-25  3.92061e-34  1.19473e-25 -7.29264e-34 -1.07925e-25  1.26072e-33  7.85982e-26 -2.02216e-33 -4.18162e-26  3.00326e-33  1.10797e-26 -4.12018e-33  5.09513e-27  5.20679e-33 -7.55754e-27 -6.04109e-33  3.57468e-27  6.40977e-33  1.22989e-29 -6.18999e-33 -9.35169e-28  5.40904e-33  4.07668e-28 -4.24535e-33  5.16842e-29  2.96348e-33 -9.57155e-29 -1.81442e-33  1.47091e-29  9.53366e-34  1.20686e-29 -4.13173e-34 -3.78011e-30  1.34429e-34 -1.07283e-30 -2.18666e-35  4.73549e-31 -8.56767e-36  7.31276e-32  9.52443e-36 -3.36858e-32  -4.9218e-36 -5.33139e-33  1.77471e-36  1.57258e-33  -4.7231e-37  2.37689e-34  9.04499e-38 -2.81279e-35 -1.10895e-38 -6.23773e-36  4.80985e-40   5.2364e-38  9.03866e-41   5.0062e-38 -1.66569e-41  9.06117e-40  9.33411e-43  -1.8927e-41
 1.15415e-36 -2.39638e-48 -2.61224e-36  5.16418e-47  7.72121e-36 -2.31301e-46  1.33481e-35  2.03403e-45 -9.33341e-35 -2.26562e-45  1.56784e-34 -1.23881e-44 -9.39342e-35  2.57563e-43 -1.02392e-35 -6.02555e-43  3.87179e-35  2.76651e-42  -1.7036e-35 -7.66579e-42 -2.71685e-36  2.92225e-41  8.69482e-36 -3.66249e-41  1.46292e-35 -8.41199e-42 -2.52066e-35  1.07523e-40  -6.8993e-35 -1.57692e-41  7.64022e-34 -2.21084e-40 -5.24029e-33  1.98994e-40  3.20243e-32  3.76555e-40 -1.78668e-31 -3.06289e-40   9.1193e-31 -1.44865e-39 -4.26296e-30  1.85606e-39  1.82653e-29 -2.94529e-39 -7.17543e-29  6.40105e-39  2.58423e-28 -2.72735e-38 -8.52807e-28  1.04982e-37  2.57626e-27 -3.76229e-37 -7.11415e-27   1.2589e-36  1.79222e-26 -3.94181e-36 -4.10832e-26  1.15358e-35  8.54063e-26 -3.15525e-35 -1.60327e-25   8.0638e-35  2.70287e-25 -1.92481e-34 -4.06284e-25  4.28858e-34  5.39329e-25 -8.91167e-34 -6.23856e-25  1.72534e-33  6.16426e-25 -3.10821e-33 -5.03524e-25  5.20239e-33  3.18926e-25 -8.07548e-33 -1.31264e-25  1.16007e-32  4.17975e-27 -1.53841e-32  4.14243e-26  1.87789e-32 -3.13605e-26 -2.10278e-32   7.7338e-27  2.15127e-32  4.26338e-27 -2.00117e-32 -3.96801e-27  1.68274e-32  6.32349e-28 -1.26971e-32  6.08897e-28   8.5151e-33  -2.8715e-28 -5.00853e-33 -3.80141e-29   2.5322e-33  4.89384e-29 -1.06214e-33 -1.16544e-30  3.41649e-34  -5.4437e-30 -6.32188e-35  4.08725e-31 -1.09392e-35  4.23893e-31  1.59415e-35 -2.31185e-32 -8.14623e-36 -2.42428e-32  2.80555e-36   2.8343e-34 -7.03696e-37  7.58079e-34  1.26169e-37  3.57114e-35 -1.45746e-38 -1.05025e-35  7.00031e-40 -8.07642e-37  6.10281e-41  2.66285e-38 -1.03101e-41  1.94905e-39  3.44451e-43
  1.3457e-48  1.97436e-36 -2.49818e-47 -5.54964e-36  3.46926e-46  1.37621e-35 -1.43109e-45  1.18908e-35  1.16097e-44 -9.63257e-35 -1.23881e-44  1.61755e-34 -5.82637e-44 -9.18928e-35  1.02831e-42 -1.25211e-35 -2.07417e-42   3.4208e-35   8.8485e-42 -1.31188e-35 -2.18678e-41 -5.11214e-36  8.00398e-41  1.37671e-35 -8.28469e-41  -1.4111e-36  -6.0586e-41  1.40056e-34  2.94716e-40 -1.41086e-33 -2.54715e-41  1.02096e-32 -5.53417e-40 -6.54418e-32  4.06773e-40  3.82059e-31  7.12777e-40 -2.03904e-30 -4.65498e-40  9.96217e-30 -3.28372e-39 -4.45989e-29  4.91143e-39  1.83048e-28 -1.17825e-38 -6.88846e-28  3.93056e-38   2.3761e-27 -1.57562e-37 -7.50704e-27  5.85749e-37  2.16979e-26 -2.03216e-36 -5.72761e-26  6.59053e-36  1.37767e-25 -1.99861e-35 -3.01055e-25   5.6663e-35  5.95431e-25  -1.5017e-34 -1.06069e-24  3.71917e-34  1.69119e-24 -8.60344e-34 -2.39355e-24  1.85764e-33  2.97323e-24 -3.74046e-33 -3.18935e-24  7.01573e-33   2.8806e-24 -1.22409e-32 -2.09446e-24  1.98356e-32   1.1079e-24 -2.97941e-32 -2.84416e-25  4.13903e-32  -1.4625e-25 -5.30418e-32  2.07403e-25   6.2513e-32 -9.62416e-26 -6.75175e-32 -1.85647e-27  6.65507e-32  2.62588e-26 -5.95719e-32   -1.114e-26    4.814e-32  -1.6119e-27 -3.48628e-32  2.70551e-27  2.24142e-32 -3.88397e-28 -1.26309e-32 -3.52385e-28  6.12151e-33  1.06391e-28 -2.47091e-33    3.183e-29  7.76328e-34 -1.33977e-29 -1.52556e-34 -2.32342e-30 -9.23181e-36  1.00095e-30  2.39214e-35  1.59235e-31 -1.21303e-35 -4.48347e-32  3.97732e-36 -7.57605e-33 -9.35008e-37  8.30892e-34  1.55535e-37   1.9425e-34 -1.66203e-38 -1.53847e-36  8.01085e-40 -1.45973e-36  3.17155e-41 -3.66106e-38 -4.79158e-42  7.10748e-40
-1.45792e-36  1.90512e-47  3.04556e-36 -2.05136e-46 -1.10291e-35  2.03361e-45  2.18601e-35 -7.74147e-45  5.86499e-36  5.80096e-44 -9.39342e-35 -5.82637e-44  1.68121e-34  -2.4104e-43 -9.69624e-35  3.72817e-42 -6.13614e-36 -6.45485e-42  2.57665e-35  2.60765e-41 -8.63637e-36 -5.67137e-41  -1.0683e-35  2.02774e-40  4.87367e-35 -1.64972e-40 -2.83255e-34 -2.39528e-40  2.45834e-33  7.47911e-40 -1.85106e-32   -3.192e-42  1.24446e-31 -1.29001e-39 -7.60717e-31  8.34603e-40  4.24681e-30  1.23095e-39 -2.16905e-29  -3.3099e-40  1.01473e-28 -7.95044e-39 -4.35135e-28  1.69956e-38   1.7109e-27 -5.71476e-38 -6.16751e-27  2.18722e-37   2.0373e-26  -8.4281e-37 -6.16088e-26  3.03022e-36  1.70312e-25 -1.01788e-35 -4.29541e-25  3.19736e-35  9.85796e-25  -9.3924e-35  -2.0518e-24  2.58011e-34  3.85641e-24 -6.62664e-34 -6.50923e-24  1.59066e-33  9.79592e-24 -3.56652e-33 -1.30177e-23   7.4638e-33  1.50709e-23 -1.45644e-32 -1.48978e-23  2.64678e-32  1.21637e-23 -4.47294e-32 -7.68373e-24  7.01725e-32  3.12752e-24 -1.01989e-31  -4.8878e-26  1.36999e-31 -1.04033e-24 -1.69615e-31  7.73235e-25  1.92933e-31  -1.8383e-25 -2.00881e-31 -1.10897e-25  1.90626e-31  9.96967e-26 -1.64034e-31 -1.49326e-26  1.27221e-31   -1.585e-26 -8.82774e-32  7.24897e-27  5.42931e-32  1.06595e-27 -2.92306e-32 -1.27069e-27  1.35305e-32  2.05101e-29 -5.22816e-33  1.43352e-28   1.5891e-33 -9.47348e-30 -3.19014e-34 -1.15099e-29  1.28221e-36  5.83373e-31  3.21922e-35  6.50543e-31 -1.62823e-35 -2.67445e-33  5.06702e-36 -2.10169e-32 -1.11022e-36 -1.04499e-33  1.69742e-37  2.87832e-34 -1.64774e-38  2.29178e-35  7.48302e-40 -6.54482e-37  1.07075e-41 -5.83429e-38 -1.40893e-42
-5.01427e-48 -2.60189e-36  1.82945e-46  4.81051e-36 -1.39463e-45 -1.79533e-35  1.05757e-44  3.02159e-35 -3.70147e-44 -2.74625e-36  2.57563e-43 -9.18928e-35  -2.4104e-43  1.83421e-34 -8.90261e-43 -1.14807e-34  1.23791e-41  1.11488e-35  -1.8198e-41  1.23552e-35   7.1167e-41  1.99094e-36 -1.34062e-40 -6.10125e-35  4.78364e-40  4.91927e-34 -2.80983e-40 -4.02406e-33 -7.45145e-40  3.13552e-32  1.75977e-39  -2.2094e-31  1.62787e-40  1.41483e-30 -2.80503e-39 -8.26556e-30  1.73919e-39  4.41454e-29  1.75721e-39 -2.15852e-28  1.81706e-39   9.6715e-28 -2.37959e-38 -3.97307e-27   7.4115e-38  1.49659e-26 -2.88545e-37 -5.16756e-26  1.12552e-36   1.6344e-25 -4.18949e-36 -4.72933e-25  1.45738e-35  1.24989e-24  -4.7399e-35 -3.01011e-24  1.44202e-34  6.58635e-24 -4.10387e-34 -1.30439e-23  1.09246e-33  2.32675e-23 -2.71955e-33 -3.71479e-23  6.32811e-33  5.26432e-23 -1.37549e-32 -6.54686e-23  2.79043e-32  7.02902e-23 -5.27778e-32 -6.35069e-23  9.29436e-32  4.61316e-23 -1.52156e-31 -2.42866e-23  2.31126e-31   6.0529e-24 -3.25049e-31  3.43884e-24   4.2217e-31 -4.70106e-24 -5.04887e-31  2.14618e-24  5.54112e-31  7.24953e-26 -5.55909e-31  -6.0858e-25  5.07511e-31  2.52365e-25   -4.194e-31  4.06429e-26  3.11773e-31 -6.32781e-26 -2.06922e-31  8.56634e-27  1.21468e-31  8.46821e-27 -6.23015e-32 -2.47783e-27  2.74425e-32 -7.83062e-28 -1.01001e-32  3.17562e-28  2.94592e-33   5.9153e-29 -5.89371e-34  -2.4344e-29   2.5422e-35 -4.00842e-30  3.87479e-35  1.08144e-30 -1.97069e-35  1.95904e-31  5.80515e-36 -2.04131e-32 -1.17884e-36 -4.95332e-33  1.63986e-37  2.54529e-35 -1.41811e-38  3.72375e-35  5.76509e-40  1.01792e-36  3.39103e-43 -1.86564e-38
 1.24981e-36 -6.62425e-47 -3.41153e-36  1.37001e-45  6.99404e-36 -8.06851e-45 -2.37742e-35  4.93006e-44  3.65971e-35 -1.57711e-43 -1.02392e-35  1.02831e-42 -9.69624e-35 -8.90261e-43  2.13767e-34 -2.96668e-42 -1.48717e-34  3.79307e-41  4.02213e-35 -4.64998e-41 -1.14338e-35  1.80869e-40  7.48023e-35 -2.89096e-40 -6.95203e-34   1.0577e-39  6.13255e-33  -3.7687e-40 -4.97197e-32 -1.98881e-39  3.67201e-31  3.84673e-39 -2.46445e-30  7.67043e-40  1.50736e-29 -5.72046e-39 -8.42146e-29  3.79059e-39  4.30475e-28  7.77488e-40 -2.01561e-27  1.48404e-38  8.65132e-27 -9.15467e-38 -3.40497e-26    3.512e-37  1.22873e-25 -1.40838e-36 -4.06337e-25  5.39196e-36  1.23023e-24 -1.94078e-35 -3.40511e-24  6.53286e-35  8.59919e-24 -2.05708e-34 -1.97621e-23  6.06128e-34  4.11906e-23 -1.67127e-33 -7.75317e-23  4.31168e-33   1.3106e-22 -1.04046e-32 -1.97525e-22  2.34727e-32   2.6286e-22 -4.94697e-32 -3.04698e-22  9.73075e-32  3.01473e-22 -1.78431e-31 -2.46179e-22  3.04569e-31  1.55225e-22 -4.83112e-31  -6.2579e-23  7.10687e-31  3.48844e-26 -9.67288e-31  2.18392e-23  1.21478e-30 -1.59905e-23 -1.40325e-30  3.67988e-24  1.48562e-30  2.40309e-24 -1.43552e-30  -2.1015e-24  1.25997e-30  2.97789e-25  -9.9897e-31  3.44896e-25  7.10822e-31 -1.53991e-25 -4.50424e-31 -2.45641e-26  2.51778e-31  2.76734e-26 -1.22655e-31 -2.57538e-28  5.12154e-32 -3.17833e-27 -1.78659e-32  1.90299e-28  4.96465e-33  2.60345e-28  -9.7289e-34  -1.2123e-29  6.56297e-35 -1.47941e-29  4.14116e-35 -1.21194e-32 -2.14774e-35  4.86751e-31  5.97899e-36  2.54815e-32 -1.11924e-36 -6.63376e-33  1.40126e-37 -5.53573e-34 -1.05662e-38  1.45781e-35  3.66449e-40  1.41242e-36 -2.03786e-42
 1.04621e-47  2.37677e-36 -5.85908e-46 -3.71207e-36  8.46693e-45  8.57299e-36 -4.04514e-44  -2.6255e-35  2.07511e-43  3.95488e-35 -6.02555e-43 -1.25211e-35  3.72817e-42 -1.14807e-34 -2.96668e-42   2.6257e-34 -8.99025e-42 -1.99393e-34  1.07999e-40  8.52166e-35 -1.07495e-40 -1.13172e-34  4.30691e-40  9.26706e-34 -5.67907e-40 -8.64193e-33  2.20571e-39  7.38711e-32 -2.68659e-40 -5.72488e-31   -4.722e-39  4.02922e-30  7.82699e-39 -2.58149e-29   2.4728e-39  1.50929e-28 -1.11148e-38 -8.06764e-28   9.2617e-39  3.94824e-27 -1.02941e-38 -1.77074e-26  8.19407e-38  7.28166e-26 -4.02757e-37 -2.74585e-25  1.64383e-36  9.49207e-25 -6.49468e-36 -3.00584e-24  2.41347e-35  8.70903e-24 -8.40042e-35 -2.30481e-23  2.73575e-34  5.55866e-23 -8.33869e-34  -1.2181e-22  2.37939e-33  2.41614e-22 -6.35593e-33 -4.31679e-22  1.58913e-32  6.90323e-22 -3.71749e-32 -9.79855e-22  8.13192e-32  1.22045e-21 -1.66204e-31 -1.31208e-21  3.17064e-31   1.1865e-21 -5.63822e-31 -8.61686e-22   9.3314e-31  4.52019e-22 -1.43466e-30 -1.09676e-22  2.04452e-30 -6.80251e-23 -2.69381e-30  9.03087e-23  3.27185e-30  -4.0688e-23 -3.65088e-30  -1.8965e-24  3.72817e-30  1.19475e-23 -3.46859e-30 -4.86604e-24  2.92518e-30 -8.53116e-25   -2.223e-30  1.25634e-24  1.51198e-30 -1.62045e-25  -9.1301e-31 -1.72208e-25  4.84752e-31  4.92018e-26 -2.23572e-31  1.62961e-26  8.81357e-32 -6.43599e-27 -2.89929e-32 -1.25978e-27  7.62474e-33   5.0262e-28 -1.44503e-33  8.58474e-29   1.1952e-34 -2.24513e-29  3.86848e-35 -4.25416e-30 -2.10101e-35  4.27058e-31  5.53161e-36  1.07599e-31 -9.50522e-37 -3.13837e-34  1.05972e-37 -8.15293e-34 -6.81755e-39 -2.32609e-35  1.91001e-40  4.05814e-37
-8.02632e-37  1.24858e-46   3.3062e-36 -4.00479e-45 -3.50635e-36  4.45795e-44  8.51805e-36  -1.7811e-43 -2.49677e-35   7.9313e-43  3.87179e-35 -2.07417e-42 -6.13614e-36  1.23791e-41 -1.48717e-34 -8.99025e-42  3.30477e-34 -2.49261e-41 -2.70324e-34  2.87572e-40  2.22533e-34 -2.23607e-40 -1.18401e-33  9.67399e-40  1.14253e-32   -1.011e-39 -1.02903e-31   4.3643e-39  8.38614e-31  4.92312e-40 -6.19428e-30 -1.01667e-38  4.15956e-29  1.48357e-38 -2.54612e-28  6.68062e-39  1.42369e-27 -2.14874e-38 -7.28403e-27  2.76016e-38  3.41393e-26  -7.3988e-38 -1.46684e-25  4.01884e-37   5.7796e-25 -1.80671e-36 -2.08812e-24  7.34357e-36   6.9141e-24 -2.81739e-35 -2.09613e-23  1.01255e-34  5.81003e-23 -3.40634e-34 -1.46945e-22  1.07276e-33  3.38232e-22 -3.16369e-33 -7.06146e-22  8.73875e-33  1.33143e-21 -2.26078e-32 -2.25462e-21  5.47689e-32  3.40411e-21 -1.24192e-31 -4.53807e-21  2.63426e-31  5.26917e-21 -5.22211e-31 -5.22075e-21   9.6641e-31  4.26654e-21 -1.66719e-30 -2.68778e-21  2.67651e-30  1.07518e-21  -3.9904e-30  1.40262e-23  5.51168e-30  -3.9176e-22 -7.03321e-30  2.83546e-22   8.2647e-30 -6.34873e-23 -8.91046e-30 -4.43646e-23  8.77694e-30   3.7997e-23 -7.86081e-30  -5.1407e-24   6.3663e-30 -6.41336e-24 -4.63306e-30  2.81444e-24  3.00786e-30  4.77658e-25 -1.72735e-30 -5.17397e-25  8.68741e-31  2.06213e-27 -3.77986e-31  6.05123e-26  1.40055e-31 -3.36909e-27 -4.32133e-32 -5.04119e-27  1.06864e-32  2.18707e-28 -1.93985e-33  2.89806e-28  1.79055e-34  1.15495e-30  3.05049e-35 -9.67087e-30 -1.83578e-35 -5.28921e-31  4.59803e-36  1.32359e-31 -7.24705e-37  1.14381e-32  7.14464e-38 -2.85869e-34 -3.84824e-39 -2.92101e-35  7.67537e-41
 3.14652e-47 -1.65408e-36  1.00295e-45  4.02166e-36 -2.24498e-44 -2.86469e-36  2.04231e-43  6.57724e-36 -6.95962e-43  -2.1279e-35  2.76651e-42   3.4208e-35 -6.45485e-42  1.11488e-35  3.79307e-41 -1.99393e-34 -2.49261e-41  4.21048e-34 -6.35326e-41 -4.44349e-34  7.20312e-40  1.49263e-33 -4.13451e-40 -1.42014e-32   2.0644e-39  1.34734e-31 -1.61075e-39 -1.15572e-30  8.23841e-39  8.96754e-30  2.81932e-39 -6.31579e-29 -2.00731e-38  4.04965e-28  2.61124e-38 -2.36969e-27  1.66161e-38  1.26785e-26 -4.56388e-38 -6.21095e-26   1.0102e-37  2.78852e-25 -3.85574e-37   -1.148e-24  1.84083e-36  4.33429e-24 -7.86022e-36 -1.50026e-23   3.1084e-35  4.75741e-23 -1.15205e-34 -1.38042e-22  3.99662e-34  3.65891e-22 -1.29812e-33 -8.83891e-22  3.94936e-33  1.94027e-21 -1.12584e-32 -3.85553e-21  3.00785e-32  6.90143e-21 -7.53109e-32 -1.10578e-20  1.76683e-31  1.57265e-20 -3.88216e-31 -1.96259e-20  7.98359e-31  2.11375e-20 -1.53516e-30 -1.91424e-20  2.75672e-30    1.391e-20 -4.61566e-30 -7.28004e-21  7.19189e-30  1.72599e-21 -1.04046e-29  1.15439e-21  1.39387e-29 -1.49851e-21 -1.72378e-29   6.6855e-22  1.96093e-29  3.84127e-23 -2.04361e-29   -2.025e-22  1.94216e-29  8.14263e-23 -1.67436e-29  1.52318e-23  1.30167e-29 -2.15821e-23 -9.06335e-30  2.68559e-24  5.60823e-30  3.02209e-24 -3.05638e-30 -8.50431e-25  1.45172e-30 -2.91955e-25 -5.93522e-31  1.13516e-25  2.05677e-31  2.29959e-26 -5.91742e-32 -9.01528e-27   1.3673e-32 -1.58483e-27 -2.36031e-33  4.07298e-28  2.32368e-34  7.95008e-29  1.85155e-35 -7.80661e-30  -1.4249e-35 -2.02774e-30   3.4521e-36  3.05682e-33 -5.02896e-37  1.55185e-32  4.39542e-38   4.5597e-34 -1.93127e-39 -7.67687e-36
  2.1979e-37  3.09898e-46 -2.49183e-36  6.17554e-45  4.79787e-36 -1.06672e-43 -1.74198e-36  8.26841e-43  3.41278e-36 -2.43357e-42  -1.7036e-35   8.8485e-42  2.57665e-35  -1.8198e-41  4.02213e-35  1.07999e-40 -2.70324e-34 -6.35326e-41  6.19796e-34 -1.49445e-40 -1.86368e-33  1.70609e-39  1.66747e-32  -6.6111e-40 -1.65998e-31  4.21529e-39  1.50031e-30    -2.23e-39 -1.22404e-29  1.49077e-38  9.04855e-29  8.33643e-39 -6.08115e-28 -3.65314e-38   3.7256e-27  4.19638e-38 -2.08517e-26   4.1923e-38  1.06792e-25 -1.22111e-37 -5.01062e-25  4.18282e-37  2.15539e-24 -1.79788e-36 -8.50318e-24  8.00983e-36  3.07622e-23 -3.27765e-35 -1.02003e-22  1.25051e-34  3.09707e-22 -4.46408e-34 -8.59819e-22  1.49179e-33  2.17832e-21 -4.66958e-33 -5.02297e-21  1.36992e-32  1.05066e-20 -3.76834e-32 -1.98493e-20  9.72211e-32  3.36818e-20 -2.35264e-31 -5.09621e-20   5.3391e-31  6.80847e-20 -1.13584e-30 -7.92209e-20  2.26361e-30  7.86461e-20 -4.22154e-30  -6.4367e-20  7.35743e-30  4.05539e-20  -1.1962e-29   -1.613e-20  1.81034e-29 -4.00478e-22 -2.54375e-29  6.10518e-21  3.30848e-29 -4.38344e-21 -3.96925e-29    9.609e-22  4.37505e-29  7.09571e-22 -4.41057e-29 -5.99211e-22  4.04602e-29  7.83195e-23 -3.35802e-29  1.03619e-22  2.50513e-29 -4.50103e-23 -1.66744e-29 -7.98271e-24  9.81916e-30  8.44714e-24  -5.0664e-30 -4.08272e-27  2.26512e-30 -1.00529e-24 -8.66291e-31  5.36109e-26  2.79166e-31  8.51051e-26 -7.44007e-32 -3.54144e-27  1.59607e-32  -4.9625e-27  -2.6076e-33 -2.84194e-29  2.67618e-34  1.68019e-28  5.69041e-36   9.4629e-30 -9.83271e-36 -2.32364e-30  2.39137e-36 -2.05459e-31 -3.29358e-37  4.98794e-33  2.57559e-38  5.28547e-34 -8.09025e-40
 1.40611e-47  3.39927e-37  2.09014e-45 -3.40206e-36  3.06328e-44  5.87733e-36 -4.38658e-43  1.93199e-38  2.99446e-42  7.13841e-38 -7.66579e-42 -1.31188e-35  2.60765e-41  1.23552e-35 -4.64998e-41  8.52166e-35  2.87572e-40 -4.44349e-34 -1.49445e-40   2.1052e-33 -3.25486e-40 -1.85249e-32  3.83792e-39  1.92692e-31 -8.50675e-40 -1.83628e-30  8.28856e-39  1.57686e-29  -2.4725e-39 -1.22452e-28  2.59637e-38  8.63142e-28  1.95648e-38 -5.53932e-27 -6.09896e-38  3.24448e-26  5.72062e-38 -1.73767e-25  1.20466e-37  8.52192e-25  -4.2785e-37  -3.8306e-24  1.81267e-36  1.57902e-23 -7.92875e-36 -5.96972e-23  3.35379e-35  2.06934e-22 -1.31594e-34 -6.57218e-22   4.8226e-34  1.91015e-21 -1.65319e-33 -5.07186e-21  5.30616e-33   1.2275e-20  -1.5959e-32 -2.69983e-20  4.50112e-32  5.37598e-20 -1.19123e-31 -9.64395e-20  2.95955e-31   1.5487e-19 -6.90441e-31 -2.20771e-19  1.51251e-30  2.76163e-19 -3.11039e-30 -2.98123e-19  6.00052e-30   2.7055e-19 -1.08482e-29 -1.96878e-19  1.83508e-29   1.0295e-19 -2.89876e-29 -2.39594e-20  4.26518e-29 -1.70574e-20 -5.82806e-29  2.17914e-20  7.36964e-29  -9.6627e-21 -8.58935e-29 -6.37468e-22  9.18541e-29  3.00659e-21 -8.96718e-29 -1.20029e-21   7.9463e-29 -2.35057e-22 -6.35123e-29  3.25517e-22   4.5459e-29 -3.96707e-23 -2.89014e-29 -4.64434e-23   1.6171e-29   1.2995e-23 -7.87939e-30  4.56726e-24  3.30346e-30  -1.7679e-24 -1.17572e-30 -3.65606e-25  3.49985e-31  1.42764e-25 -8.57514e-32  2.55437e-26  1.69685e-32 -6.54549e-27 -2.61784e-33 -1.29977e-27  2.76748e-34  1.27021e-28  -4.5146e-36  3.36063e-29 -6.25347e-36  -2.9453e-32   1.6223e-36 -2.60652e-31 -2.17233e-37 -7.80912e-33  1.46493e-38  1.29354e-34
 1.93922e-37  1.42126e-46  3.33444e-37   1.1345e-44 -4.74849e-36  1.25164e-43  7.24348e-36 -1.58304e-42  2.48903e-36  9.79871e-42 -2.71685e-36 -2.18678e-41 -8.63637e-36   7.1167e-41 -1.14338e-35 -1.07495e-40  2.22533e-34  7.20312e-40 -1.86368e-33 -3.25486e-40  1.93041e-32 -6.58404e-40  -2.1087e-31  8.22798e-39  2.12055e-30 -6.55618e-40 -1.91869e-29  1.57696e-38  1.56666e-28 -1.50887e-39  -1.1591e-27  4.37003e-38  7.79682e-27   3.9571e-38 -4.78131e-26 -8.99787e-38  2.67884e-25   3.9719e-38  -1.3735e-24  4.24075e-37  6.45216e-24  -1.7797e-36 -2.77908e-23   7.9502e-36  1.09789e-22 -3.39979e-35 -3.97775e-22  1.37144e-34  1.32105e-21 -5.14966e-34 -4.01783e-21  1.80617e-33  1.11745e-20 -5.92385e-33 -2.83645e-20  1.81888e-32  6.55384e-20  -5.2336e-32 -1.37382e-19  1.41262e-31  2.60134e-19 -3.57999e-31 -4.42467e-19  8.52575e-31  6.71136e-19 -1.90925e-30 -8.98929e-19  4.02203e-30  1.04868e-18 -7.97061e-30 -1.04371e-18  1.48527e-29  8.56121e-19 -2.59978e-29 -5.40054e-19  4.26737e-29  2.14081e-19 -6.55318e-29  7.36843e-21  9.38643e-29 -8.37193e-20 -1.24945e-28   5.9847e-20  1.53914e-28 -1.29392e-20 -1.74626e-28 -9.95989e-21  1.81521e-28  8.34923e-21 -1.71875e-28 -1.06957e-21  1.47296e-28 -1.47344e-21 -1.13445e-28  6.38276e-22  7.79029e-29  1.16215e-22 -4.72712e-29 -1.22012e-22  2.50886e-29 -1.21875e-25 -1.15114e-29  1.47606e-23  4.50626e-30 -7.80565e-25 -1.48341e-30 -1.26953e-24  4.04647e-31  5.26563e-26  -9.0332e-32  7.52044e-26  1.63792e-32  4.57934e-28 -2.38666e-33 -2.58833e-27  2.56899e-34 -1.47585e-28 -9.11436e-36  3.63503e-29 -4.25963e-36  3.25298e-30  1.19861e-36 -7.86886e-32 -1.51331e-37 -8.48923e-33  7.06182e-39
 -4.2492e-47  5.11144e-37  9.43622e-46  4.30666e-37  5.34057e-44 -6.97168e-36  4.22886e-43  8.76186e-36 -5.06047e-42  5.47622e-36  2.92225e-41 -5.11214e-36 -5.67137e-41  1.99094e-36  1.80869e-40 -1.13172e-34 -2.23607e-40  1.49263e-33  1.70609e-39 -1.85249e-32 -6.58404e-40  2.17429e-31  -1.2412e-39 -2.31161e-30  1.68504e-38  2.20647e-29  6.11871e-40 -1.89627e-28  2.91071e-38  1.47381e-27  2.08819e-39  -1.0398e-26  7.16545e-38  6.67954e-26  6.86623e-38 -3.91645e-25 -9.44128e-38  2.09995e-24 -1.76557e-37 -1.03112e-23  1.77751e-36  4.64096e-23 -7.98144e-36 -1.91576e-22  3.51221e-35  7.25373e-22 -1.44626e-34  -2.5185e-21  5.56674e-34   8.0125e-21  -1.9957e-33 -2.33306e-20  6.67718e-33  6.20696e-20 -2.08712e-32 -1.50536e-19  6.10189e-32  3.31832e-19 -1.67057e-31 -6.62308e-19  4.28858e-31  1.19107e-18 -1.03376e-30 -1.91771e-18  2.34324e-30  2.74119e-18 -5.00174e-30 -3.43864e-18  1.00662e-29   3.7227e-18 -1.91162e-29 -3.38777e-18   3.4261e-29  2.47107e-18 -5.79084e-29 -1.29306e-18  9.21421e-29  2.97055e-19  -1.3763e-28  2.22007e-19  1.92239e-28 -2.80903e-19  -2.4992e-28  1.24292e-19  3.00795e-28  8.92541e-21 -3.33201e-28 -3.95527e-20  3.37579e-28  1.57715e-20 -3.10714e-28  3.17338e-21  2.57942e-28 -4.36068e-21 -1.91615e-28  5.29567e-22  1.26262e-28  6.32211e-22 -7.30696e-29 -1.77684e-22  3.67188e-29 -6.30948e-23 -1.58144e-29  2.45981e-23   5.7516e-30  5.12203e-24 -1.73846e-30 -2.02042e-24   4.3029e-31 -3.63331e-25 -8.65561e-32  9.42627e-26  1.42791e-32  1.88138e-26 -1.96623e-33 -1.86437e-27  2.09009e-34 -4.95329e-28 -6.35866e-36  5.09169e-31 -3.98907e-36  3.91106e-30  1.02796e-36  1.18179e-31 -1.04243e-37 -1.96924e-33
 -2.2653e-37 -6.80567e-46  8.92811e-37  4.53449e-45   1.1763e-36  2.27585e-43 -1.04163e-35  1.15713e-42  1.04828e-35 -1.44102e-41  8.69482e-36  8.00398e-41  -1.0683e-35 -1.34062e-40  7.48023e-35  4.30691e-40 -1.18401e-33 -4.13451e-40  1.66747e-32  3.83792e-39  -2.1087e-31  -1.2412e-39  2.37912e-30 -2.19067e-39 -2.39908e-29  3.30067e-38  2.17258e-28  4.15415e-39 -1.77546e-27  5.21667e-38  1.31478e-26  1.01674e-38  -8.8527e-26  1.17558e-37   5.4346e-25  8.49397e-38 -3.04835e-24   8.8622e-38  1.56489e-23 -1.44052e-36 -7.36102e-23  8.23079e-36  3.17508e-22 -3.69706e-35 -1.25625e-21  1.56855e-34  4.55901e-21 -6.18899e-34 -1.51676e-20   2.2738e-33  4.62173e-20 -7.77418e-33   -1.288e-19  2.47649e-32  3.27635e-19 -7.35639e-32 -7.58755e-19  2.03972e-31  1.59437e-18 -5.28522e-31 -3.02672e-18  1.28168e-30  5.16222e-18  -2.9142e-30 -7.85255e-18  6.22681e-30  1.05494e-17  -1.2536e-29 -1.23451e-17  2.38455e-29  1.23254e-17 -4.29658e-29 -1.01409e-17  7.34646e-29  6.41263e-18 -1.19243e-28 -2.54012e-18  1.83458e-28 -1.05263e-19 -2.66608e-28  1.02047e-18  3.64049e-28 -7.29074e-19 -4.64038e-28  1.56782e-19   5.4814e-28  1.23942e-19 -5.95474e-28 -1.03855e-19  5.90333e-28  1.32589e-20 -5.29863e-28  1.86285e-20  4.27074e-28 -8.11095e-21 -3.06415e-28  -1.4888e-21  1.93815e-28  1.57543e-21 -1.06898e-28  4.44894e-25  5.07614e-29 -1.93519e-22 -2.04475e-29  1.05397e-23  6.86879e-30  1.69084e-23 -1.88933e-30 -7.29489e-25  4.19016e-31 -1.01891e-24 -7.48655e-32  -5.1025e-27   1.1132e-32  3.57336e-26 -1.43519e-33  2.02514e-27  1.35366e-34 -5.12059e-28  3.75427e-36 -4.58791e-29 -4.95391e-36   1.1373e-30  9.33586e-37  1.22292e-31 -5.65947e-38
 1.12768e-45 -5.27368e-37 -5.78684e-45  1.06457e-36  1.58046e-44  3.24794e-36   8.9802e-43 -1.52781e-35  2.35573e-42  1.26894e-35 -3.66249e-41  1.37671e-35  2.02774e-40 -6.10125e-35 -2.89096e-40  9.26706e-34  9.67399e-40 -1.42014e-32  -6.6111e-40  1.92692e-31  8.22798e-39 -2.31161e-30 -2.19067e-39  2.46691e-29 -3.64596e-39 -2.35699e-28  6.18629e-38  2.02736e-27  1.17443e-38 -1.57713e-26  9.09338e-38   1.1138e-25  2.24837e-38 -7.16259e-25  2.11211e-37  4.20454e-24 -6.41465e-38 -2.25724e-23  1.33214e-36  1.10984e-22 -8.10489e-36 -5.00253e-22   3.9785e-35  2.06823e-21 -1.73828e-34 -7.84409e-21   7.0795e-34  2.72835e-20 -2.67635e-33 -8.69676e-20  9.40105e-33  2.53749e-19 -3.06856e-32 -6.76563e-19  9.31194e-32  1.64469e-18 -2.62814e-31 -3.63449e-18  6.90182e-31  7.27337e-18 -1.68765e-30  -1.3117e-17  3.84667e-30  2.11824e-17 -8.18715e-30 -3.03738e-17  1.63152e-29   3.8228e-17 -3.05584e-29 -4.15283e-17   5.4068e-29  3.79244e-17 -9.09002e-29 -2.77553e-17  1.46034e-28  1.45589e-17 -2.25044e-28 -3.32309e-18   3.3277e-28 -2.56853e-18 -4.70271e-28  3.23921e-18  6.30205e-28 -1.43636e-18 -7.92725e-28 -1.07205e-19  9.25803e-28  4.65257e-19 -9.93238e-28 -1.86491e-19  9.69205e-28 -3.78209e-20 -8.52199e-28  5.23654e-20  6.69015e-28 -6.45802e-21  -4.6446e-28 -7.69222e-21  2.82176e-28  2.19506e-21 -1.48223e-28   7.7656e-22  6.63659e-29 -3.08679e-22    -2.49e-29 -6.37889e-23  7.67229e-30  2.57992e-23 -1.89917e-30  4.59999e-24  3.71154e-31   -1.228e-24 -5.76934e-32 -2.43303e-25  7.58283e-33  2.49334e-26 -8.59798e-34  6.55235e-27  3.88608e-35 -1.31963e-29   1.9138e-35 -5.29363e-29 -6.19368e-36 -1.59384e-30  7.51407e-37  2.73538e-32
