 7.35649e-35 -2.96639e-41 -3.80907e-35 -2.66156e-41 -1.09988e-34 -1.74665e-39  7.99564e-35  8.49512e-39 -1.70653e-35  8.35523e-39 -1.50914e-35 -2.57499e-38   2.9937e-35  2.74244e-38  1.58245e-35  3.26731e-38  -1.1579e-35  -1.4213e-37  2.50831e-36  8.74916e-38  2.82858e-36 -1.00595e-37 -3.85926e-36  1.07062e-37  1.29688e-36  4.15904e-38 -3.86476e-38  1.24122e-38  2.76642e-37  3.15366e-39 -4.83216e-37  5.57134e-39  2.11192e-37 -3.60638e-39 -1.28186e-37  4.83267e-40  5.55797e-38  6.93194e-41 -4.15522e-39  7.23098e-40  -1.0726e-38 -3.77916e-40  6.68056e-39  2.51231e-40 -5.45315e-39  2.25494e-41  4.40185e-39   3.7546e-41 -2.38637e-39 -3.45603e-41   5.8805e-40 -7.74575e-42  9.73487e-42  -1.2775e-41 -5.77886e-41 -2.86611e-43  1.55908e-41 -1.49639e-42 -6.89384e-42  3.93273e-44  1.04694e-41  2.98046e-43 -6.56828e-42  1.07422e-43   6.8516e-43 -2.08313e-44 -2.42763e-44  1.12254e-44 -3.84749e-43  4.35251e-45  1.59761e-43 -2.32339e-45 -1.83788e-44 -8.88479e-46 -2.55372e-45 -4.30476e-46  8.28379e-45 -2.80639e-46 -7.07267e-45  1.97921e-46  2.69197e-45 -8.63576e-47  -6.2734e-46  3.67996e-47  1.07966e-46 -8.26159e-48  2.61163e-47 -6.94453e-49 -3.25707e-47 -3.97792e-49  1.08098e-47 -5.63756e-50 -3.09971e-48 -2.17684e-50  8.24376e-50  5.73054e-51 -5.25708e-50 -9.30234e-52   1.5966e-50  6.67896e-52 -2.40697e-51 -4.77163e-52  3.95802e-52 -4.48258e-53  2.42185e-52  3.50286e-54 -1.61227e-52 -1.03201e-53  2.40729e-53  1.50741e-53   3.7786e-54 -1.70686e-53 -2.26372e-54  1.67113e-53  1.31211e-54 -1.38732e-53  -9.9024e-55  9.53334e-54  6.48953e-55 -5.18067e-54 -3.31684e-55  2.06715e-54  1.17949e-55 -5.23624e-55 -2.31123e-56  5.43853e-56
-2.96639e-41   2.2016e-34 -1.96949e-40 -8.58137e-35 -5.79844e-40 -2.71023e-34  -1.3338e-38    1.043e-34  3.45162e-38 -4.95857e-35  4.11363e-38 -1.91765e-35 -1.04152e-37  5.42344e-35  7.70908e-38  4.27877e-35  1.10044e-37 -2.88889e-35 -4.79259e-37  7.47782e-36   3.3899e-37  4.97717e-36 -3.23594e-37 -9.06551e-36  3.08181e-37  4.01486e-36  1.05481e-37 -7.57807e-37  3.06587e-38  7.41854e-37 -1.08701e-38 -1.16891e-36  2.32497e-38  5.10395e-37 -1.40336e-38 -3.60337e-37  2.77304e-39  1.57332e-37  1.95858e-40  -1.2648e-38  2.73061e-39 -3.44623e-38 -1.59677e-39   2.1745e-38  8.72171e-40 -2.03766e-38  5.92404e-41  1.57835e-38  1.14341e-40 -7.83626e-39 -1.09399e-40  1.43196e-39 -2.50418e-41  2.81248e-40 -4.04812e-41 -2.72373e-40 -2.34162e-42  8.74166e-41  -3.8818e-42 -4.26645e-41  3.60319e-43  4.10107e-41  1.05052e-42 -2.37499e-41  5.06676e-43  1.73939e-42 -1.05514e-43  4.53038e-43  2.61652e-44 -1.30415e-42  1.14888e-44  3.98141e-43  -1.0376e-44 -1.51116e-44 -3.43534e-45 -2.25932e-44 -1.62165e-45  3.53853e-44 -1.09676e-45 -2.64316e-44  7.80443e-46  1.02861e-44 -3.47879e-46 -2.43988e-45  1.38629e-46  3.69453e-46 -2.99704e-47  1.18018e-46  -1.9978e-48 -1.25863e-46 -1.78936e-48  4.03962e-47 -1.72044e-49 -1.02043e-47   -7.192e-50 -3.25173e-49  3.00359e-50  -1.4647e-49 -9.41979e-52  5.05307e-50  2.61276e-51 -7.02861e-51 -1.86326e-51  1.21761e-51 -2.20953e-52  6.61175e-52   1.2624e-52 -4.80395e-52 -2.02321e-52  6.05988e-53  2.48482e-52   3.0052e-53 -2.59397e-52 -2.42511e-53  2.33262e-52  1.89638e-53 -1.76188e-52  -1.3762e-53  1.07896e-52  8.04806e-54 -5.05968e-53 -3.47496e-54  1.64255e-53  9.54558e-55 -2.93162e-54 -1.07673e-55
-3.80907e-35 -1.96949e-40  4.93099e-34 -2.22327e-40 -1.25251e-34 -5.74788e-39 -4.40924e-34 -5.59086e-38  5.07463e-35  7.87336e-38 -1.01874e-34   1.2396e-37  -3.2332e-35 -2.89799e-37  6.82828e-35  1.32659e-37  7.62468e-35  2.30137e-37 -5.66813e-35 -1.07769e-36   1.5252e-35  8.46513e-37  7.12513e-36 -6.74203e-37 -1.56642e-35  6.03464e-37  7.96597e-36  1.89579e-37 -1.95497e-36  5.46579e-38  1.14547e-36 -6.43227e-38 -1.90391e-36  6.28814e-38  7.93133e-37 -3.59426e-38 -6.96761e-37  7.14363e-39  2.88296e-37 -4.38816e-40 -1.66384e-38  7.73151e-39 -8.16824e-38 -4.75776e-39  5.16386e-38  2.14446e-39 -5.26334e-38  1.42732e-40  3.91196e-38  2.34736e-40 -1.76017e-38 -2.36844e-40  1.98124e-39 -5.60367e-41  1.28649e-39  -9.3514e-41 -8.16311e-40 -8.27932e-42  2.92726e-40 -7.85943e-42 -1.62948e-40  1.94629e-42  1.20049e-40  2.33289e-42 -6.26882e-41  1.57934e-42   2.5526e-42 -3.09222e-43   2.9963e-42  1.00762e-44 -3.24963e-42   1.7304e-44   6.2241e-43 -3.37581e-44  7.28702e-44 -9.55183e-45 -8.81526e-44  -3.8172e-45  9.96069e-44 -2.91849e-45 -6.89918e-44  2.09971e-45  2.71875e-44 -9.54068e-46 -6.69837e-45  3.68041e-46   8.8765e-46 -7.69699e-47   3.3971e-46 -2.63437e-48 -3.39052e-46  -5.6421e-48  1.07048e-46 -3.68734e-49 -2.32788e-47 -1.55173e-49 -2.47011e-48  8.88685e-50 -2.79593e-49  4.06112e-51  1.27074e-49  6.63038e-51  -1.7999e-50 -4.48886e-51  4.05189e-51 -1.56588e-51  9.02629e-52  1.84072e-51  -8.5576e-52 -2.43786e-51 -5.48818e-53  2.73016e-51  2.70349e-52 -2.63791e-51 -2.44512e-52  2.17168e-51  1.93246e-52 -1.47803e-51 -1.27117e-52  7.95122e-52   6.4407e-53 -3.13893e-52  -2.2648e-53  7.86197e-53  4.38601e-54 -8.06883e-54
-2.66156e-41 -8.58137e-35 -2.22327e-40  8.87477e-34  4.00744e-39 -1.04113e-34  -3.5251e-38 -5.35399e-34  -1.5389e-37  -3.4942e-35  6.84793e-38 -1.59617e-34  2.73575e-37 -7.03323e-35 -6.45481e-37  7.27595e-35  1.69496e-37   1.0734e-34  3.06977e-37 -9.57613e-35 -1.85337e-36  2.52726e-35  1.60204e-36  8.89335e-36 -1.02375e-36 -2.17501e-35  9.31101e-37  1.18292e-35  2.83861e-37 -2.93164e-36  8.07549e-38  1.09296e-36   -1.745e-37 -2.39198e-36  1.32767e-37  8.40126e-37 -7.01091e-38 -1.05528e-36  1.23544e-38  3.73707e-37 -4.21877e-39  2.11285e-39   1.8167e-38 -1.62019e-37 -1.13556e-38   1.0214e-37  4.28405e-39  -1.0811e-37  3.46504e-40  7.73069e-38  3.78061e-40 -3.09668e-38 -4.08789e-40  7.44909e-40 -1.04263e-40  3.80139e-39 -1.83707e-40 -1.87582e-39 -1.91004e-41  7.54101e-40 -1.60572e-41 -4.76043e-40  7.20013e-42  2.96013e-40  3.57314e-42 -1.37197e-40  3.83278e-42  3.27179e-43 -6.41063e-43  1.10887e-41 -1.30216e-43 -6.89045e-42  3.29595e-45  6.37625e-43 -8.94341e-44  3.37082e-43 -2.21155e-44 -2.41802e-43 -5.95392e-45  2.15933e-43 -6.03811e-45 -1.44996e-43  4.42151e-45   5.7487e-44 -2.05597e-45 -1.51323e-44  7.99677e-46   1.7222e-45 -1.63669e-46  7.54178e-46  2.47204e-48 -7.43313e-46 -1.45692e-47  2.33749e-46 -6.06019e-49 -4.24496e-47 -2.57459e-49 -8.55349e-48  1.88597e-49 -4.31171e-49  2.12317e-50  3.06198e-49  1.01243e-50 -5.03775e-50 -2.57612e-51  1.43418e-50 -1.43635e-50 -9.72396e-52  1.87717e-50  2.09197e-52 -2.24586e-50 -1.98319e-51  2.32615e-50  2.39236e-51 -2.07105e-50  -2.0901e-51   1.5495e-50  1.52439e-51 -9.39209e-51 -8.84953e-52  4.35671e-51  3.78022e-52 -1.39812e-51  -1.0265e-52  2.46494e-52   1.1443e-53
-1.09988e-34 -5.79844e-40 -1.25251e-34  4.00744e-39  1.29216e-33  3.16617e-38 -3.48231e-35 -1.57002e-37 -5.20506e-34 -2.76812e-37 -7.25544e-35 -2.62384e-37 -1.96192e-34  4.95842e-37   -1.348e-34  -1.2524e-36  7.84566e-35  2.45924e-37  1.32305e-34  1.31381e-37 -1.42565e-34 -2.55387e-36  3.72938e-35  2.46636e-36  7.45241e-36 -1.12444e-36 -2.35309e-35  1.20956e-36  1.35029e-35  3.80925e-37 -2.80229e-36  1.03127e-37  4.68361e-37 -3.38104e-37 -2.52257e-36   2.3488e-37  4.15485e-37 -1.10158e-37 -1.28431e-36  1.57723e-38  2.92125e-37 -1.51932e-38  6.28905e-38  3.68117e-38 -2.80129e-37 -2.28597e-38  1.76514e-37  7.36904e-39 -1.87077e-37   7.8024e-40  1.29539e-37   5.0934e-40 -4.46537e-38 -5.99036e-40 -4.57441e-39 -1.83884e-40  8.81666e-39 -3.27975e-40 -3.58167e-39 -3.13439e-41  1.65753e-39 -3.52946e-41 -1.15732e-39  2.05079e-41  6.39919e-40   3.1309e-42 -2.60294e-40  7.75756e-42 -1.19901e-41 -9.87036e-43  3.06475e-41 -5.45084e-43 -1.31736e-41 -7.82409e-44  3.31881e-43 -2.02422e-43  8.42624e-43 -4.52092e-44 -5.35512e-43 -4.04201e-45  3.81622e-43 -1.01234e-44 -2.59656e-43  7.64848e-45   1.0331e-43 -3.69028e-45 -3.00952e-44  1.51775e-45  2.83895e-45 -3.10079e-46  1.41048e-45  2.48774e-47 -1.42018e-45 -3.28677e-47   4.4767e-46 -6.45433e-49 -6.53727e-47 -3.81804e-49 -2.13601e-47  3.16693e-49 -6.06402e-49  6.99609e-50  7.24141e-49 -2.30391e-50 -1.44135e-49  6.38523e-50  4.86336e-50  -1.2286e-49 -1.62229e-50  1.53744e-49  1.50197e-50 -1.69928e-49 -1.88205e-50  1.62737e-49  1.84615e-50 -1.32638e-49 -1.48381e-50  8.93355e-50  9.69441e-51 -4.75273e-50 -4.86163e-51  1.85414e-50  1.69028e-51 -4.58547e-51 -3.23534e-52  4.64225e-52
-1.74665e-39 -2.71023e-34 -5.74788e-39 -1.04113e-34  3.16617e-38  1.60358e-33  1.39702e-37  5.34751e-36 -5.50659e-37 -4.28262e-34 -2.13406e-37 -1.97049e-35 -1.50344e-36 -1.94837e-34  8.49519e-37 -2.12434e-34 -2.25789e-36  9.50275e-35  6.18442e-37   1.5332e-34 -6.05733e-37 -1.90484e-34 -2.84152e-36  5.26769e-35  3.21443e-36 -2.70456e-36 -7.09543e-37 -1.61814e-35  1.38289e-36  1.09587e-35  4.74869e-37 -1.22941e-36  1.13988e-37 -9.27038e-38 -5.26102e-37 -2.61872e-36   3.6086e-37 -6.71463e-37 -1.42463e-37 -1.18313e-36  1.41553e-38  -8.9503e-38 -3.80023e-38  1.71507e-37  6.60633e-38 -4.29704e-37 -4.00502e-38  2.73492e-37  1.13255e-38 -2.81974e-37  1.52737e-39   1.9145e-37  5.81397e-40 -5.30495e-38 -7.64804e-40 -1.65792e-38 -3.39969e-40  1.73347e-38 -5.50797e-40 -5.95672e-39 -3.39939e-41  3.27465e-39 -7.74869e-41 -2.44259e-39   4.8224e-41  1.23623e-39 -1.88134e-42 -4.36518e-40  1.35808e-41 -4.80636e-41 -1.05195e-42   6.9768e-41 -1.39217e-42 -2.33405e-41 -3.25284e-43 -4.21729e-44 -4.04594e-43  1.55472e-42 -8.40036e-44 -1.02461e-42  1.06851e-44  5.59664e-43 -1.37496e-44 -4.08636e-43  1.10135e-44  1.63617e-43 -5.69184e-45 -5.48429e-44  2.61286e-45  4.07063e-45 -5.47649e-46   2.3451e-45   8.5058e-47 -2.45765e-45 -6.70463e-47  7.75982e-46  2.80216e-49 -8.68138e-47 -6.32198e-49 -4.33963e-47  3.96123e-49 -9.07948e-49  3.16714e-49  1.62651e-48 -4.00995e-49 -3.98302e-49   6.4891e-49  1.78834e-49  -9.0982e-49 -1.23373e-49  1.06506e-48  1.32128e-49 -1.09133e-48 -1.38128e-49  9.62009e-49  1.21685e-49 -7.12037e-49 -8.83406e-50  4.26683e-49  5.07717e-50 -1.95515e-49 -2.14475e-50  6.19198e-50  5.75687e-51  -1.0761e-50 -6.34177e-52
 7.99564e-35  -1.3338e-38 -4.40924e-34  -3.5251e-38 -3.48231e-35  1.39702e-37  1.81813e-33  4.51867e-37  -5.9814e-35 -1.59164e-36 -3.11502e-34  5.73795e-37  1.01331e-34 -4.57604e-36 -1.56124e-34  1.58512e-36 -2.85393e-34 -3.92308e-36  1.22323e-34  1.75473e-36  1.74343e-34 -2.19079e-36 -2.34057e-34 -2.46113e-36  7.51116e-35  3.62365e-36 -2.77282e-35  3.69752e-37  4.20361e-36  1.43902e-36   3.5133e-36  5.56766e-37  7.74785e-37  1.06313e-37  1.03438e-36 -6.93431e-37 -3.46726e-36  4.92489e-37 -2.53432e-36 -1.50702e-37 -5.45229e-37  4.07575e-39 -8.52686e-37  -7.5912e-38  3.04821e-37  1.07476e-37 -5.91248e-37 -6.25487e-38  3.88539e-37  1.60489e-38 -3.79482e-37  2.53351e-39  2.58074e-37  5.04486e-40 -4.93972e-38 -8.44235e-40 -3.74535e-38 -6.69598e-40  3.01113e-38  -8.8486e-40 -8.92435e-39 -8.08782e-42   5.9654e-39 -1.58055e-40 -4.58537e-39  9.77149e-41  2.15775e-39 -1.52729e-41 -6.51512e-40  2.10012e-41 -1.29895e-40 -3.64327e-43  1.37435e-40 -2.73369e-42 -3.88204e-41 -9.09092e-43  3.80997e-43 -7.33171e-43  2.29049e-42 -1.44011e-43 -1.77022e-42  5.29683e-44  6.70961e-43 -1.42745e-44 -5.77517e-43  1.29464e-44  2.35182e-43 -7.68544e-45 -9.39697e-44  4.17626e-45  5.16702e-45 -9.26914e-46  3.58606e-45  2.13612e-46 -3.93538e-45 -1.26225e-46  1.23521e-45  3.94847e-48 -9.84383e-47 -1.09202e-48 -7.57603e-47 -2.78689e-49 -1.68167e-48   2.1357e-48  3.48472e-48 -3.28843e-48 -1.19368e-48  4.67882e-48  8.47731e-49 -5.86157e-48 -8.48281e-49  6.39251e-48  9.07726e-49  -6.0563e-48 -8.62549e-49  4.88201e-48  6.88561e-49 -3.24943e-48 -4.45588e-49  1.70681e-48  2.21008e-49  -6.5669e-49 -7.59605e-50  1.59945e-49  1.43684e-50 -1.59191e-50
 8.49512e-39    1.043e-34 -5.59086e-38 -5.35399e-34 -1.57002e-37  5.34751e-36  4.51867e-37  2.00961e-33  1.17328e-36 -2.52267e-34 -3.90012e-36 -2.02368e-34  2.97767e-36  2.27938e-34 -1.04789e-35 -8.86528e-35  3.24531e-36 -3.42122e-34 -6.56143e-36  1.52669e-34  4.13532e-36   1.9719e-34 -4.69328e-36 -2.72386e-34 -1.39633e-36  1.09841e-34  3.52953e-36 -7.11463e-35  2.06636e-36  3.84723e-35  1.38505e-36 -6.96317e-36  6.13653e-37  4.28235e-37  8.01692e-38  6.23799e-36  -8.0138e-37 -6.06757e-36  6.07302e-37 -5.17631e-36 -1.23357e-37   7.6883e-37 -1.89006e-38 -1.94765e-36 -1.28945e-37  4.00202e-37  1.61932e-37 -7.37464e-37 -8.89782e-38  5.20341e-37  2.16324e-38 -4.67106e-37  3.49882e-39  3.28264e-37  8.18212e-41 -2.72865e-38 -7.52292e-40 -6.83459e-38 -1.32792e-39  4.74177e-38 -1.36861e-39 -1.23756e-38  6.94727e-41  1.01236e-38 -2.91678e-40 -7.77215e-39  1.75411e-40  3.42474e-39 -4.09281e-41 -8.61767e-40  2.90507e-41  -2.8827e-40   1.6434e-42   2.4144e-40 -4.41209e-42 -6.09568e-41 -2.09223e-42   3.0838e-42 -1.23022e-42  2.75084e-42 -2.29264e-43 -2.86102e-42  1.42888e-43  6.06664e-43 -8.36239e-45 -7.47978e-43  1.12901e-44  3.16476e-43 -9.18724e-45 -1.53739e-43   6.2811e-45  6.00341e-45  -1.5224e-45  5.11827e-45  4.50079e-46 -5.88054e-45 -2.21856e-46   1.8117e-45  1.27179e-47 -8.86285e-47  4.48101e-49 -1.16892e-46 -7.30202e-48 -4.23191e-48  1.47841e-47  8.01313e-48 -2.18555e-47 -4.74473e-48  2.86824e-47  4.84545e-48 -3.32489e-47 -5.33144e-48  3.36695e-47  5.39302e-48 -2.93374e-47 -4.68439e-48   2.1448e-47  3.36667e-48 -1.26814e-47   -1.914e-48  5.72594e-48  7.99327e-49 -1.78389e-48  -2.1203e-49  3.04307e-49  2.30746e-50
-1.70653e-35  3.45162e-38  5.07463e-35  -1.5389e-37 -5.20506e-34 -5.50659e-37  -5.9814e-35  1.17328e-36  2.24004e-33   2.5606e-36 -5.36346e-34 -8.25956e-36 -1.02662e-34  8.01029e-36  2.96277e-34   -1.976e-35  1.93541e-36  6.52927e-36 -3.82012e-34 -1.02952e-35  1.78757e-34  7.89248e-36  2.20732e-34 -7.79611e-36 -3.09025e-34  8.43866e-38  1.61094e-34  2.81026e-36 -1.31055e-34   4.1731e-36  8.30351e-35  1.20334e-36 -1.55123e-35  6.31802e-37 -6.52322e-36  5.00501e-38  1.79862e-35 -8.43848e-37 -1.11986e-35  6.85861e-37 -8.42572e-36 -6.06161e-38  2.73365e-36 -6.21397e-38 -3.12044e-36 -1.93168e-37  3.53587e-37  2.30363e-37  -8.4525e-37  -1.1787e-37  6.80985e-37  2.85731e-38 -5.41499e-37  3.85372e-39  4.07622e-37  -1.0429e-39  1.82984e-38 -3.87507e-40 -1.09041e-37 -2.50556e-39  6.88536e-38 -2.04031e-39 -1.62405e-38  2.18925e-40  1.60399e-38 -4.86643e-40 -1.20087e-38  2.84344e-40  4.95765e-39 -8.17763e-41 -9.89346e-40    3.624e-41 -5.61679e-40  5.51111e-42  3.86183e-40 -5.95977e-42 -9.05946e-41 -4.23311e-42  9.77403e-42 -1.94203e-42  2.65913e-42 -3.38931e-43 -4.45688e-42  3.02325e-43  2.64971e-43  6.84944e-45 -9.09609e-43  3.90066e-45  4.13276e-43  -9.7825e-45 -2.41803e-43  8.94401e-45  6.95789e-45 -2.42883e-45  6.75976e-45  8.37068e-46 -8.18312e-45 -3.63117e-46  2.43643e-45  2.12296e-47 -4.37892e-47  2.44308e-47 -1.59404e-46 -5.67412e-47 -1.55749e-47   9.2017e-47  2.51524e-47 -1.26962e-46 -2.44202e-47  1.55342e-46  2.81312e-47  -1.6744e-46 -3.01545e-47  1.56694e-46  2.82509e-47 -1.24677e-46 -2.22969e-47  8.18116e-47  1.42715e-47  -4.2298e-47 -6.99821e-48  1.59855e-47  2.37695e-48 -3.81403e-48 -4.44136e-49  3.70498e-49
 8.35523e-39 -4.95857e-35  7.87336e-38  -3.4942e-35 -2.76812e-37 -4.28262e-34 -1.59164e-36 -2.52267e-34   2.5606e-36  2.50622e-33  4.83169e-36  -8.5321e-34  -1.5332e-35   7.7991e-36  1.62861e-35  2.64193e-34 -3.19264e-35  1.16814e-34  1.18355e-35 -4.12916e-34 -1.47273e-35  1.97899e-34  1.25144e-35  2.42731e-34 -1.07643e-35 -3.48786e-34  1.52936e-36  2.28789e-34  1.33071e-36 -1.99247e-34   6.4423e-36  1.29875e-34  8.30292e-37 -1.46891e-35  5.98187e-37 -2.47544e-35  4.78172e-38   3.7917e-35 -8.65464e-37 -1.89998e-35  7.15594e-37  -1.1856e-35   2.2673e-38  5.06244e-36 -1.37576e-37 -3.87833e-36 -2.61514e-37  2.68893e-38   3.1443e-37 -9.07948e-37 -1.48927e-37  9.04405e-37  3.77827e-38 -6.14008e-37  2.87379e-39  5.07125e-37 -3.34949e-39  9.06279e-38  3.35581e-40 -1.57858e-37 -4.37713e-39  9.32104e-38  -2.9296e-39 -2.04888e-38  4.51243e-40  2.36972e-38 -7.39995e-40 -1.70118e-38  4.22171e-40  6.54401e-39 -1.39176e-40 -9.27251e-40  4.10718e-41 -9.93693e-40  1.16335e-41  5.71154e-40 -6.59285e-42 -1.27649e-40 -7.76894e-42  2.16352e-41 -2.91425e-42  1.97879e-42 -4.62086e-43 -6.84072e-42  5.48223e-43   -3.969e-43  3.23979e-44 -1.07131e-42 -1.05552e-44  5.42848e-43 -9.29912e-45 -3.65881e-43  1.20758e-44  9.38086e-45 -3.74099e-45  7.92436e-45  1.39882e-45 -1.04848e-44 -5.26048e-46  2.96859e-45  -3.8202e-47  3.95805e-47  1.99818e-46 -1.71564e-46 -3.49299e-46 -7.75389e-47  5.10926e-46  1.13269e-46 -6.58782e-46 -1.33916e-46  7.52236e-46  1.52192e-46 -7.51954e-46 -1.52834e-46  6.46157e-46  1.31253e-46 -4.65212e-46 -9.32795e-47  2.70359e-46  5.24259e-47  -1.1968e-46 -2.16349e-47  3.64297e-47   5.6682e-48 -6.04337e-48 -6.08935e-49
-1.50914e-35  4.11363e-38 -1.01874e-34  6.84793e-38 -7.25544e-35 -2.13406e-37 -3.11502e-34 -3.90012e-36 -5.36346e-34  4.83169e-36   2.7624e-33  8.04096e-36 -1.16158e-33 -2.52181e-35  1.61586e-34  2.74402e-35  1.14014e-34 -4.51518e-35  2.59831e-34  1.86933e-35 -4.43883e-34 -1.87898e-35  2.09605e-34  1.68687e-35  2.62245e-34 -1.26022e-35 -3.93969e-34  2.51063e-36  3.06475e-34 -1.08949e-36 -2.62926e-34  8.70161e-36  1.68123e-34  1.82917e-37  3.66921e-36  4.94997e-37 -5.78602e-35  1.17541e-37  6.60508e-35 -9.61943e-37 -2.87549e-35  6.88369e-37 -1.47501e-35  9.96923e-38  7.15634e-36 -2.61209e-37 -3.52321e-36  -3.2555e-37 -7.35387e-37  4.16344e-37 -9.40096e-37 -1.83902e-37  1.24637e-36  5.02884e-38 -7.09632e-37 -8.09115e-41   6.3669e-37 -7.26186e-39  1.91273e-37  1.42139e-39 -2.11624e-37 -7.03864e-39  1.18407e-37 -4.04894e-39 -2.50248e-38  7.67248e-40  3.25665e-38 -1.03557e-39 -2.21539e-38  5.80905e-40  7.84408e-39 -2.13213e-40 -5.59084e-40  4.28471e-41 -1.62867e-39  2.01617e-41  7.90635e-40 -5.29633e-42 -1.70874e-40 -1.31723e-41  3.84883e-41 -4.17894e-42  1.13429e-42 -5.71029e-43 -1.04491e-41  8.83825e-43 -1.31771e-42  6.67255e-44 -1.26364e-42 -3.19658e-44   7.3311e-43   -7.899e-45 -5.31448e-43  1.54378e-44   1.6025e-44 -5.48846e-45  7.31663e-45  2.04169e-45 -1.21021e-44 -4.79135e-46  3.23229e-45 -5.89643e-46  8.20235e-47  1.21698e-45  1.22937e-47 -1.87993e-45 -4.26006e-46   2.5527e-45  5.83922e-46 -3.07767e-45 -6.98333e-46  3.26994e-45  7.48571e-46 -3.01452e-45 -6.94331e-46  2.35879e-45  5.41876e-46 -1.51853e-45 -3.42843e-46  7.67796e-46  1.66105e-46 -2.82539e-46 -5.57118e-47  6.52423e-47  1.02733e-47 -6.08046e-48
-2.57499e-38 -1.91765e-35   1.2396e-37 -1.59617e-34 -2.62384e-37 -1.97049e-35  5.73795e-37 -2.02368e-34 -8.25956e-36  -8.5321e-34  8.04096e-36  2.97873e-33   1.1993e-35 -1.45995e-33 -3.70752e-35  3.93711e-34  3.98478e-35 -1.51307e-34  -5.6565e-35   4.2815e-34  2.55244e-35 -4.77655e-34 -2.09976e-35  2.10206e-34  1.96153e-35  2.80593e-34 -1.23429e-35 -4.42295e-34  2.84117e-36  3.82104e-34 -4.63898e-36 -3.08577e-34  1.08887e-35  1.86791e-34  -7.7775e-37  4.60369e-35   2.8948e-37 -1.06948e-34  3.04042e-37  1.00454e-34 -1.26019e-36 -3.89766e-35  5.93383e-37 -1.61678e-35  1.39729e-37  8.14369e-36 -4.49461e-37 -1.26696e-36 -3.77023e-37 -2.07972e-36  5.37317e-37 -9.71319e-37 -2.26388e-37  1.77208e-36  6.66517e-38 -8.58321e-37 -5.30401e-39  7.95682e-37 -1.28434e-38  3.20104e-37   2.7029e-39 -2.65674e-37 -1.04638e-38  1.41582e-37 -5.38814e-39 -2.95077e-38  1.16525e-39  4.15045e-38 -1.34568e-39 -2.65086e-38  7.49079e-40  8.45209e-39 -3.03893e-40  2.08784e-40  4.25281e-41 -2.50547e-39   3.0857e-41  1.03476e-39 -9.52661e-43 -2.18077e-40 -2.08819e-41   5.8278e-41 -5.73375e-42  1.14583e-42 -6.14493e-43 -1.58478e-41  1.29049e-42  -2.3193e-42   1.0616e-43 -1.52632e-42 -5.86738e-44  1.01509e-42 -6.03864e-45 -7.39281e-43  1.85544e-44  3.12896e-44 -7.35659e-45  2.73636e-45  2.04671e-45 -1.21464e-44  1.10365e-45  3.28274e-45   -3.829e-45 -4.73693e-46   6.3743e-45  1.27329e-45 -9.09001e-45 -2.27628e-45   1.1538e-44  2.93845e-45 -1.29739e-44 -3.34423e-45  1.27565e-44  3.33023e-45 -1.07602e-44 -2.82855e-45  7.58202e-45  1.98683e-45 -4.29504e-45 -1.10307e-45  1.84288e-45  4.49388e-46 -5.39386e-46 -1.16147e-46  8.50213e-47  1.22994e-47
  2.9937e-35 -1.04152e-37  -3.2332e-35  2.73575e-37 -1.96192e-34 -1.50344e-36  1.01331e-34  2.97767e-36 -1.02662e-34  -1.5332e-35 -1.16158e-33   1.1993e-35   3.1775e-33   1.6273e-35 -1.78057e-33 -4.90896e-35  7.27137e-34  5.09191e-35 -5.07776e-34 -6.30905e-35  6.03711e-34  3.00671e-35 -5.07606e-34 -2.00734e-35  1.90039e-34   1.9816e-35  3.00094e-34 -9.34146e-36  -4.8746e-34  2.70232e-36  4.41855e-34 -9.41174e-36 -3.26545e-34  1.29908e-35  1.77736e-34 -1.98403e-36  1.15081e-34 -7.24743e-38 -1.69892e-34   6.4193e-37  1.37538e-34 -1.88399e-36 -4.77685e-35  4.10166e-37 -1.51333e-35  1.19677e-37  7.02781e-36 -7.13055e-37  3.58391e-36 -4.08284e-37 -4.10718e-36  6.74818e-37  -1.0329e-36 -2.80363e-37  2.53283e-36  8.63019e-38 -1.08082e-36 -1.26133e-38  9.64561e-37 -1.94718e-38  4.75122e-37  3.74786e-39 -3.14084e-37 -1.45057e-38  1.59419e-37 -6.91395e-39 -3.31955e-38  1.65569e-39  4.88407e-38 -1.63563e-39 -2.90146e-38   9.1605e-40  8.00758e-39 -4.12523e-40  1.41111e-39   4.3346e-41 -3.64914e-39  4.27637e-41  1.29173e-39  7.56445e-42 -2.66949e-40 -3.12142e-41  7.72476e-41 -7.52165e-42  3.61217e-42 -5.12818e-43 -2.36307e-41  1.72347e-42 -3.13989e-42  1.46722e-43 -1.88287e-42 -8.81074e-44  1.41071e-42 -4.14632e-45  -9.8418e-43  2.01439e-44  6.10304e-44 -7.31875e-45 -8.51713e-45 -2.40482e-45 -1.04112e-44  1.07492e-44  4.74302e-45 -1.98918e-44 -4.65009e-45  2.99045e-44  7.99794e-45 -3.98364e-44 -1.13272e-44  4.72201e-44  1.37207e-44 -4.92581e-44 -1.45879e-44   4.4468e-44  1.33852e-44 -3.39451e-44 -1.03232e-44  2.12079e-44  6.45016e-45 -1.03296e-44 -3.08386e-45  3.62204e-45  1.01981e-45 -7.83679e-46 -1.85236e-46  6.65533e-47
 2.74244e-38  5.42344e-35 -2.89799e-37 -7.03323e-35  4.95842e-37 -1.94837e-34 -4.57604e-36  2.27938e-34  8.01029e-36   7.7991e-36 -2.52181e-35 -1.45995e-33   1.6273e-35  3.42349e-33  2.04146e-35 -2.16137e-33 -5.89716e-35  1.15695e-33  5.79165e-35 -9.07435e-34 -6.24667e-35  7.52751e-34  3.03638e-35 -5.21073e-34 -1.56204e-35  1.35853e-34  1.74063e-35  3.21371e-34 -3.44873e-36 -5.21878e-34  2.61684e-36  4.75665e-34 -1.52821e-35 -3.14473e-34  1.49416e-35  1.37761e-34 -3.23971e-36  2.08712e-34 -6.61651e-37 -2.41604e-34  1.15183e-36  1.72942e-34 -2.91612e-36 -5.33299e-35  1.06878e-37 -1.08966e-35  3.55211e-38   2.9182e-36  -1.0506e-36  1.14173e-35 -4.11622e-37 -6.83129e-36  8.19563e-37 -1.14481e-36 -3.48058e-37  3.53894e-36  1.07085e-37 -1.37399e-36 -2.14839e-38  1.10212e-36 -2.56465e-38  6.52395e-37  3.79534e-39 -3.50313e-37  -1.8949e-38  1.68713e-37  -8.5726e-39 -3.49141e-38  2.27604e-39  5.26794e-38 -1.86886e-39 -2.87392e-38  1.07684e-39  6.32627e-39 -5.42204e-40  2.99682e-39  5.09159e-41 -5.06133e-39  5.36057e-41  1.55087e-39  2.13858e-41 -3.16461e-40 -4.42729e-41  9.09035e-41 -9.42425e-42  1.05187e-41 -1.57168e-43 -3.42465e-41  2.11426e-42 -3.50662e-42  1.86646e-43 -2.31396e-42 -1.18355e-43  1.92159e-42 -1.00427e-45 -1.25564e-42  1.48472e-44  1.11008e-43  4.82166e-45  -2.6961e-44 -2.93131e-44 -1.15577e-44  5.74592e-44  1.71641e-44  -9.1081e-44 -2.71666e-44  1.27196e-43  4.02387e-44 -1.58333e-43 -5.18978e-44  1.74364e-43  5.87252e-44  -1.6735e-43  -5.7841e-44  1.37121e-43  4.85386e-44 -9.32085e-44 -3.36571e-44  5.04253e-44  1.84297e-44  -2.0348e-44 -7.39728e-45  5.46255e-45  1.88133e-45 -7.54912e-46 -1.95794e-46
 1.58245e-35  7.70908e-38  6.82828e-35 -6.45481e-37   -1.348e-34  8.49519e-37 -1.56124e-34 -1.04789e-35  2.96277e-34  1.62861e-35  1.61586e-34 -3.70752e-35 -1.78057e-33  2.04146e-35  3.78397e-33  2.41252e-35  -2.6149e-33 -6.48463e-35  1.64294e-33  5.88918e-35 -1.28197e-33 -5.39191e-35  8.36122e-34  2.57835e-35 -5.06845e-34  -8.4393e-36  3.71849e-35  1.32835e-35  3.41114e-34  4.97775e-36  -5.4035e-34  3.26531e-36  4.82198e-34 -2.18185e-35 -2.78188e-34  1.65537e-35  6.91348e-35 -4.25802e-36  3.20697e-34 -1.54881e-36 -3.15261e-34  1.84491e-36  2.02723e-34 -4.36793e-36 -5.44219e-35 -3.53477e-37 -3.17971e-36  -9.0611e-38 -4.71913e-36 -1.44455e-36  2.21409e-35 -3.78477e-37 -1.01408e-35  9.53702e-37 -1.30966e-36 -4.28246e-37  4.73852e-36  1.25316e-37 -1.70165e-36 -3.14586e-38  1.15103e-36 -2.90655e-38  8.46448e-37  1.76137e-39 -3.68291e-37 -2.35933e-38  1.66988e-37 -1.02889e-38  -3.3216e-38  3.09693e-39  5.13573e-38  -2.0111e-39 -2.51759e-38  1.23519e-39  3.50423e-39 -6.96669e-40  4.82274e-39  7.28062e-41 -6.71138e-39   5.8976e-41  1.80585e-39  4.17156e-41 -3.68387e-40 -5.98758e-41  9.54996e-41 -1.12792e-41  2.38899e-41  5.85859e-43 -4.77892e-41  2.38016e-42 -3.21915e-42  2.29231e-43 -2.74565e-42  -1.5255e-43   2.5245e-42  1.42476e-44 -1.53845e-42 -2.24138e-44  1.79795e-43  7.54027e-44 -3.88144e-44 -1.55915e-43 -4.41097e-44  2.58157e-43   8.6576e-44 -3.76542e-43 -1.33735e-43  4.90677e-43   1.8184e-43 -5.67698e-43   -2.183e-43   5.7557e-43  2.29633e-43 -5.01762e-43  -2.0809e-43  3.66407e-43  1.58341e-43 -2.15895e-43 -9.75021e-44  9.69337e-44  4.58793e-44 -3.00975e-44 -1.49083e-44  5.31114e-45  2.65616e-45 -2.93708e-46
 3.26731e-38  4.27877e-35  1.32659e-37  7.27595e-35  -1.2524e-36 -2.12434e-34  1.58512e-36 -8.86528e-35   -1.976e-35  2.64193e-34  2.74402e-35  3.93711e-34 -4.90896e-35 -2.16137e-33  2.41252e-35  4.28987e-33  2.74239e-35 -3.11377e-33 -6.61124e-35  2.11763e-33  5.32278e-35 -1.55751e-33 -3.81582e-35  8.25283e-34  1.74835e-35 -4.62019e-34 -2.91154e-37  -1.0684e-34   8.9856e-36  3.51973e-34  1.51961e-35 -5.43053e-34    5.209e-36  4.70969e-34 -2.82922e-35 -2.29741e-34  1.75413e-35 -2.14957e-35 -4.74875e-36  4.42514e-34 -2.78145e-36 -3.84064e-34  2.72998e-36  2.24405e-34 -6.16434e-36 -5.06399e-35  -1.0001e-36  7.68473e-36 -2.11775e-37 -1.58735e-35  -1.8614e-36  3.51039e-35 -2.99789e-37 -1.37822e-35  1.05155e-36 -1.51462e-36 -5.16055e-37   6.0117e-36  1.36454e-37 -1.99615e-36 -4.26796e-38  1.05119e-36 -2.70253e-38  1.05112e-36 -3.65401e-39 -3.63638e-37 -2.83273e-38  1.52945e-37 -1.19548e-38 -2.67157e-38  4.21291e-39  4.39333e-38  -2.0331e-39 -1.84865e-38  1.40273e-39 -4.56263e-41 -8.77583e-40  6.67246e-39  1.17705e-40 -8.53133e-39  5.16386e-41   2.0571e-39   6.9882e-41 -4.28252e-40 -7.75235e-41  8.94506e-41 -1.29204e-41  4.53447e-41  1.86429e-42 -6.38161e-41  2.43784e-42 -2.20704e-42  2.89741e-43 -3.06365e-42 -2.16599e-43   3.1727e-42  9.81445e-44 -1.80169e-42  -2.0242e-43  2.27323e-43  3.96547e-43  3.70385e-44 -6.82915e-43 -2.43097e-43  1.03689e-42  4.14122e-43 -1.40815e-42 -5.93597e-43  1.70349e-42  7.52636e-43 -1.81247e-42 -8.41727e-43   1.6659e-42  8.18423e-43 -1.28984e-42 -6.77068e-43  8.11116e-43  4.62175e-43 -3.91351e-43 -2.48693e-43  1.30984e-43  9.78779e-44 -2.42245e-44 -2.43464e-44  7.88761e-46   2.4717e-45
 -1.1579e-35  1.10044e-37  7.62468e-35  1.69496e-37  7.84566e-35 -2.25789e-36 -2.85393e-34  3.24531e-36  1.93541e-36 -3.19264e-35  1.14014e-34  3.98478e-35  7.27137e-34 -5.89716e-35  -2.6149e-33  2.74239e-35  4.92088e-33   3.0568e-35 -3.60053e-33 -6.37805e-35  2.50797e-33   4.1482e-35 -1.67533e-33 -1.67666e-35  7.14325e-34    8.059e-36 -3.94148e-34   6.7667e-36 -2.83641e-34  6.13813e-36  3.44829e-34  2.62657e-35 -5.36371e-34  8.62525e-36   4.6046e-34 -3.38059e-35 -1.83537e-34   1.7629e-35 -1.25155e-34 -4.52083e-36  5.65603e-34 -4.36193e-36  -4.4284e-34  3.81442e-36  2.37487e-34 -8.14849e-36 -4.24287e-35 -1.83955e-36  2.07816e-35 -2.67273e-37 -2.99262e-35 -2.25653e-36  4.91495e-35 -1.68029e-37  -1.7373e-35   1.0835e-36 -1.73806e-36 -6.04739e-37  7.18547e-36  1.36303e-37 -2.17314e-36 -5.62512e-38  7.57223e-37 -1.70799e-38  1.26048e-36 -1.37484e-38 -3.34581e-37 -3.31586e-38  1.26556e-37 -1.34052e-38 -1.45385e-38  5.71765e-39  3.05673e-38 -1.91288e-39 -9.60743e-39  1.59368e-39 -3.64107e-39 -1.08146e-39  8.29436e-39  1.94425e-40 -1.04175e-38  2.14382e-41  2.31231e-39  1.07255e-40 -5.04931e-40 -9.64244e-41  7.40015e-41  -1.4227e-41  7.56555e-41  3.82914e-42 -8.12699e-41  2.20852e-42 -5.33967e-43  4.28423e-43 -3.14373e-42 -4.35348e-43  3.77723e-42  4.98782e-43 -1.92726e-42 -9.70489e-43   3.7642e-44  1.68865e-42  5.73461e-43 -2.65753e-42 -1.18548e-42  3.74759e-42  1.80752e-42 -4.71311e-42 -2.41627e-42  5.22445e-42  2.86065e-42 -5.01088e-42 -2.96773e-42  4.05034e-42  2.64827e-42 -2.65028e-42 -1.98057e-42  1.30979e-42  1.19576e-42 -4.19895e-43 -5.49944e-43  4.42769e-44  1.73979e-43  2.20853e-44 -3.00439e-44 -6.00977e-45
 -1.4213e-37 -2.88889e-35  2.30137e-37   1.0734e-34  2.45924e-37  9.50275e-35 -3.92308e-36 -3.42122e-34  6.52927e-36  1.16814e-34 -4.51518e-35 -1.51307e-34  5.09191e-35  1.15695e-33 -6.48463e-35 -3.11377e-33   3.0568e-35    5.619e-33  3.37589e-35 -4.01445e-33 -6.00312e-35  2.76049e-33   2.4653e-35 -1.60728e-33  8.60987e-36  5.20655e-34  6.09507e-37 -3.17712e-34  1.11208e-35 -4.67698e-34  5.91104e-36  3.12219e-34  3.72343e-35  -5.3101e-34  1.31605e-35  4.72703e-34 -3.75242e-35 -1.52165e-34  1.66893e-35  -2.3266e-34 -3.55996e-36   6.8309e-34 -6.23349e-36 -4.88986e-34  5.09438e-36  2.43273e-34 -1.01066e-35 -3.08757e-35 -2.84579e-36  3.48019e-35 -2.00782e-37 -4.57305e-35 -2.58244e-36  6.27897e-35  1.97706e-38 -2.04462e-35   1.0225e-36 -1.95715e-36 -6.88852e-37  8.06873e-36  1.22364e-37 -2.15684e-36 -7.41363e-38  2.54582e-37   2.2105e-39  1.46933e-36 -2.95137e-38 -2.82276e-37  -3.8182e-38  8.88579e-38 -1.43872e-38  3.21932e-39  7.67134e-39  1.26854e-38 -1.63867e-39 -1.74456e-40  1.81618e-39 -6.44702e-39 -1.29787e-39  9.44618e-39  3.10941e-40 -1.22406e-38 -4.37303e-41  2.58373e-39  1.54972e-40 -6.08453e-40 -1.15572e-40  5.27077e-41 -1.51616e-41  1.14449e-40  6.63939e-42 -9.85613e-41  1.56818e-42  1.63593e-42  8.99284e-43 -2.83071e-42 -1.33125e-42  4.05189e-42   2.1815e-42 -1.37806e-42 -3.93056e-42 -1.35278e-42   6.3437e-42  3.12512e-42 -9.23966e-42 -5.14063e-42  1.20077e-41  7.24069e-42 -1.37408e-41 -9.04533e-42  1.35696e-41  9.96138e-42 -1.12039e-41  -9.5215e-42  7.32284e-42  7.72352e-42 -3.35746e-42 -5.15144e-42  6.48078e-43  2.69568e-42  3.99504e-43 -1.02523e-42 -3.74768e-43  2.44465e-43  1.14166e-43 -2.35869e-44
 2.50831e-36 -4.79259e-37 -5.66813e-35  3.06977e-37  1.32305e-34  6.18442e-37  1.22323e-34 -6.56143e-36 -3.82012e-34  1.18355e-35  2.59831e-34  -5.6565e-35 -5.07776e-34  5.79165e-35  1.64294e-33 -6.61124e-35 -3.60053e-33  3.37589e-35  6.31945e-33  3.67456e-35 -4.31969e-33 -5.71497e-35  2.85823e-33  3.31978e-36 -1.35804e-33  3.67875e-35   2.7405e-34 -2.27117e-36 -2.47174e-34   1.2069e-35  -6.2486e-34  8.67083e-36  2.51126e-34  4.72896e-35 -5.38188e-34  1.79582e-35  5.26315e-34 -3.89338e-35 -1.43327e-34  1.48285e-35 -3.36113e-34 -2.05113e-36  7.90456e-34 -8.27911e-36 -5.22547e-34  6.53757e-36  2.44167e-34 -1.18104e-35 -1.73828e-35 -3.96099e-36  4.83207e-35  2.05974e-38 -6.17999e-35   -2.798e-36  7.44508e-35  2.59629e-37  -2.2514e-35  8.51415e-37 -2.15625e-36  -7.6741e-37   8.5005e-36  9.49027e-38 -1.90926e-36 -9.84478e-38 -4.31148e-37  3.06739e-38   1.6729e-36 -5.13139e-38 -2.10547e-37 -4.35062e-38  4.17005e-38 -1.45379e-38  2.51238e-38  1.00718e-38 -7.10774e-39 -1.21246e-39  7.72385e-39  2.06369e-39 -7.62293e-39  -1.5104e-39  9.93233e-39  4.73526e-40 -1.38638e-38 -1.55764e-40  2.88244e-39  2.13518e-40 -7.46299e-40 -1.33831e-40  2.97688e-41 -1.58097e-41  1.60173e-40  1.05616e-41 -1.13789e-40  7.66818e-44   3.9753e-42  2.72072e-42 -1.60251e-42  -4.8503e-42  2.75877e-42   8.4597e-42  2.17469e-42 -1.41061e-41 -7.87549e-42  2.10578e-41  1.36751e-41 -2.80339e-41 -2.03011e-41  3.27111e-41  2.66759e-41 -3.25822e-41 -3.10433e-41  2.64387e-41  3.15775e-41 -1.57221e-41 -2.75284e-41  4.41295e-42  2.00078e-41  3.17128e-42 -1.16516e-41  -5.2657e-42  5.11317e-42  3.59535e-42 -1.52006e-42 -1.31326e-42  2.41744e-43  1.81103e-43
 8.74916e-38  7.47782e-36 -1.07769e-36 -9.57613e-35  1.31381e-37   1.5332e-34  1.75473e-36  1.52669e-34 -1.02952e-35 -4.12916e-34  1.86933e-35   4.2815e-34 -6.30905e-35 -9.07435e-34  5.88918e-35  2.11763e-33 -6.37805e-35 -4.01445e-33  3.67456e-35  6.98332e-33  3.85238e-35 -4.52116e-33 -5.63241e-35   2.8227e-33 -2.28336e-35  -9.5456e-34  6.70311e-35  4.76741e-37   8.5717e-37 -1.90409e-34  9.84846e-36 -7.18693e-34  1.39041e-35  1.64047e-34  5.58501e-35 -5.65663e-34  2.18485e-35  6.30494e-34 -3.80358e-35  -1.5848e-34  1.23646e-35 -4.29572e-34 -3.37402e-37  8.85226e-34 -1.03368e-35 -5.45667e-34  8.06937e-36  2.42795e-34 -1.30689e-35  -3.3206e-36 -5.10884e-36  6.00533e-35  3.93185e-37 -7.65353e-35 -2.87602e-36  8.27156e-35  5.40458e-37 -2.31311e-35  5.68994e-37  -2.3386e-36  -8.4544e-37  8.39939e-36  5.73128e-38 -1.45378e-36 -1.30285e-37 -1.23471e-36   6.6281e-38  1.86621e-36 -7.86325e-38 -1.25318e-37 -4.91765e-38 -1.23016e-38 -1.33877e-38  4.82277e-38  1.28399e-38 -2.53398e-38 -6.52781e-40  1.19062e-38  2.31014e-39 -6.45928e-39 -1.70053e-39   9.6263e-39   6.8593e-40 -1.51652e-38 -3.23355e-40   3.2109e-39  2.82303e-40 -9.19249e-40 -1.49939e-40  7.81741e-42 -1.65454e-41  2.10319e-40  1.64431e-41 -1.24823e-40 -4.03718e-42  5.29212e-42  9.51919e-42  3.08405e-42 -1.72818e-41 -5.39524e-42  2.89301e-41   1.8068e-41 -4.41139e-41 -3.43393e-41   5.9396e-41  5.33514e-41 -6.92193e-41  -7.3516e-41  6.68875e-41   8.9982e-41 -4.85053e-41 -9.67859e-41  1.72712e-41  8.98549e-41  1.56563e-41 -7.02109e-41 -3.65485e-41  4.45442e-41  3.83701e-41 -2.17386e-41 -2.59574e-41  7.46972e-42  1.11883e-41 -1.52773e-42 -2.52616e-42  1.16222e-43
 2.82858e-36   3.3899e-37   1.5252e-35 -1.85337e-36 -1.42565e-34 -6.05733e-37  1.74343e-34  4.13532e-36  1.78757e-34 -1.47273e-35 -4.43883e-34  2.55244e-35  6.03711e-34 -6.24667e-35 -1.28197e-33  5.32278e-35  2.50797e-33 -6.00312e-35 -4.31969e-33  3.85238e-35  7.61855e-33  3.72977e-35 -4.66333e-33 -5.68716e-35  2.70243e-33 -5.48278e-35  -4.3029e-34  9.85919e-35 -2.90396e-34  1.01485e-35 -1.45781e-34  5.27635e-36 -7.17022e-34  2.03964e-35   5.8308e-35  6.25795e-35 -6.15384e-34   2.3625e-35   7.8194e-34 -3.53873e-35 -1.92977e-34     9.69e-36 -5.09138e-34  1.17136e-36  9.66227e-34 -1.22331e-35 -5.61786e-34  9.57388e-36  2.41325e-34 -1.37784e-35  1.02667e-35 -6.21594e-36  6.89897e-35  8.73592e-37 -8.84156e-35 -2.80724e-36  8.64991e-35  8.46607e-37 -2.19421e-35  1.92545e-37 -2.54242e-36 -9.32946e-37  7.80022e-36  1.56611e-38 -8.84589e-37 -1.68538e-37 -2.06135e-36  1.05385e-37  2.04308e-36 -1.09974e-37 -3.39878e-38 -5.51423e-38 -6.94856e-38 -1.03987e-38  6.81647e-38   1.5823e-38  -3.8136e-38  5.12051e-42  1.04863e-38  2.51174e-39  -2.4748e-39 -1.85362e-39  8.47816e-39   9.4848e-40 -1.60603e-38 -5.48899e-40  3.55649e-39  3.59329e-40 -1.11832e-39 -1.62163e-40 -1.37579e-41 -1.87711e-41  2.61397e-40  2.73613e-41 -1.28162e-40 -1.68807e-41  1.41898e-43  3.21277e-41  2.24452e-41 -5.48847e-41  -4.1291e-41  8.37202e-41  8.07173e-41 -1.11807e-40 -1.31739e-40  1.24833e-40  1.89499e-40 -1.05553e-40  -2.4272e-40  4.27337e-41  2.74108e-40  5.60739e-41 -2.68249e-40 -1.58926e-40   2.2187e-40  2.21776e-40 -1.49539e-40 -2.16621e-40  7.75946e-41  1.54221e-40 -2.80946e-41 -7.68358e-41   5.7707e-42  2.35511e-41 -3.21351e-43  -2.8956e-42
-1.00595e-37  4.97717e-36  8.46513e-37  2.52726e-35 -2.55387e-36 -1.90484e-34 -2.19079e-36   1.9719e-34  7.89248e-36  1.97899e-34 -1.87898e-35 -4.77655e-34  3.00671e-35  7.52751e-34 -5.39191e-35 -1.55751e-33   4.1482e-35  2.76049e-33 -5.71497e-35 -4.52116e-33  3.72977e-35  8.28309e-33  3.07782e-35 -4.81575e-33 -5.62472e-35  2.55526e-33 -9.36052e-35  1.86337e-34  1.30133e-34 -6.07479e-34  2.47253e-35 -1.04132e-34 -7.91034e-37 -5.97308e-34   2.6589e-35 -5.57111e-35  6.73233e-35 -6.83491e-34  2.23152e-35  9.65423e-34 -3.19652e-35 -2.37075e-34  7.07444e-36 -5.72925e-34  2.11038e-36  1.03301e-33 -1.38302e-35  -5.7489e-34  1.09152e-35  2.41129e-34 -1.39553e-35  2.28766e-35 -7.23167e-36  7.43632e-35  1.38532e-36 -9.61061e-35 -2.59968e-36  8.51242e-35  1.16197e-36 -1.87074e-35 -2.43479e-37 -2.85685e-36 -1.04145e-36  6.86617e-36 -2.24433e-38 -3.57783e-37 -2.09208e-37 -2.80362e-36  1.43416e-37  2.19562e-36 -1.42963e-37  5.51685e-38 -6.12962e-38  -1.2469e-37 -5.03874e-39  7.95508e-38  1.88147e-38 -4.17569e-38  7.12231e-40  2.20369e-39  2.61563e-39  4.53423e-39 -1.96485e-39  6.51294e-39  1.25695e-39 -1.65177e-38 -8.26061e-40  3.88893e-39  4.40753e-40 -1.32442e-39 -1.66989e-40 -3.82941e-41 -2.73273e-41   3.0661e-40  5.28772e-41 -1.12561e-40 -5.47978e-41  -3.4542e-41  9.36344e-41  1.00351e-40  -1.4083e-40 -1.80016e-40   1.7757e-40  3.05077e-40 -1.68798e-40  -4.5666e-40  6.83918e-41  6.08308e-40  1.55765e-40 -7.14863e-40  -4.8613e-40  7.27523e-40  8.31595e-40 -6.23077e-40  -1.0511e-39  4.28753e-40  1.03401e-39 -2.17355e-40 -7.87459e-40  6.46203e-41  4.45488e-40  1.16675e-42 -1.70793e-40 -8.61599e-42  3.54419e-41  1.86084e-42
-3.85926e-36 -3.23594e-37  7.12513e-36  1.60204e-36  3.72938e-35 -2.84152e-36 -2.34057e-34 -4.69328e-36  2.20732e-34  1.25144e-35  2.09605e-34 -2.09976e-35 -5.07606e-34  3.03638e-35  8.36122e-34 -3.81582e-35 -1.67533e-33   2.4653e-35  2.85823e-33 -5.63241e-35 -4.66333e-33  3.07782e-35  9.07037e-33  1.67602e-35 -5.05337e-33 -5.08452e-35  2.43167e-33 -1.39011e-34  8.73591e-34  1.59405e-34 -9.69216e-34  4.30735e-35 -5.45819e-35 -7.94547e-36 -3.50093e-34   3.1001e-35   -1.668e-34  6.99931e-35 -7.62146e-34  1.73723e-35  1.15741e-33 -2.88993e-35 -2.77295e-34  4.49382e-36 -6.21262e-34  2.25905e-36  1.08572e-33 -1.50759e-35 -5.88851e-34  1.19732e-35  2.42733e-34 -1.37405e-35  3.46687e-35 -8.13631e-36  7.54976e-35  1.83131e-36 -9.84922e-35 -2.27372e-36  7.83135e-35   1.4736e-36 -1.33166e-35 -6.92489e-37  -3.4274e-36 -1.17937e-36  5.87017e-36 -4.92391e-38 -6.56376e-38 -2.45686e-37 -3.36015e-36  1.75836e-37   2.3138e-36 -1.74628e-37   1.3374e-37 -6.75823e-38 -1.70974e-37  3.12238e-39  7.66837e-38  2.15825e-38 -3.31414e-38  1.41068e-39 -1.33623e-38  2.57246e-39  1.44861e-38 -2.04238e-39  3.82515e-39  1.60096e-39  -1.6564e-38  -1.1382e-39  4.16404e-39  5.19525e-40 -1.51262e-39 -1.55791e-40 -6.54175e-41 -5.53059e-41  3.23933e-40  1.13436e-40 -3.38112e-41 -1.40186e-40 -1.86081e-40  1.95914e-40  3.90048e-40 -2.01973e-40 -6.62389e-40  6.36446e-41  1.02545e-39   3.4358e-40 -1.40902e-39 -1.11725e-39  1.70073e-39  2.22559e-39 -1.76107e-39 -3.41995e-39  1.49928e-39  4.26283e-39  -9.5984e-40 -4.33722e-39  3.43399e-40  3.54552e-39  9.70107e-41 -2.24473e-39 -2.33951e-40  1.02739e-39  1.53893e-40 -2.94965e-40 -4.40888e-41  3.43958e-41
 1.07062e-37 -9.06551e-36 -6.74203e-37  8.89335e-36  2.46636e-36  5.26769e-35 -2.46113e-36 -2.72386e-34 -7.79611e-36  2.42731e-34  1.68687e-35  2.10206e-34 -2.00734e-35 -5.21073e-34  2.57835e-35  8.25283e-34 -1.67666e-35 -1.60728e-33  3.31978e-36   2.8227e-33 -5.68716e-35 -4.81575e-33  1.67602e-35   1.0082e-32  -6.1826e-36 -5.43772e-33 -3.72888e-35  2.36366e-33 -1.88997e-34   1.6089e-33  1.83392e-34 -1.38764e-33  6.33798e-35  8.82294e-36 -1.64801e-35  1.98273e-35  3.25976e-35 -2.65251e-34  7.04503e-35 -8.41932e-34  8.76715e-36  1.33133e-33 -2.71708e-35 -2.97911e-34  1.56746e-36 -6.57114e-34   1.6005e-36  1.12532e-33 -1.60349e-35 -6.06754e-34  1.26802e-35  2.45884e-34 -1.33714e-35  4.64658e-35 -8.93211e-36  7.16419e-35  2.10823e-36 -9.46873e-35 -1.85439e-36   6.6145e-35  1.77304e-36 -5.80271e-36 -1.10294e-36 -4.44012e-36 -1.34803e-36  5.14811e-36 -5.80108e-38 -2.00901e-37  -2.7009e-37 -3.65155e-36  1.99037e-37   2.3854e-36 -2.01801e-37  1.94205e-37 -7.41326e-38 -1.99878e-37  1.43134e-38  5.44767e-38   2.3897e-38 -1.03993e-38  2.03852e-39 -3.57217e-38  2.34721e-39  2.70373e-38 -2.10547e-39  5.70799e-40  1.96118e-39 -1.62743e-38 -1.45703e-39  4.33599e-39  5.82481e-40 -1.66605e-39 -1.11921e-40 -6.69298e-41 -1.18652e-40   2.3105e-40   2.0344e-40  2.69633e-40 -1.78344e-40 -7.45844e-40  4.08925e-42  1.35481e-39   6.0851e-40 -2.12977e-39 -2.00921e-39  2.97944e-39   4.5044e-39 -3.60885e-39 -8.08514e-39  3.63375e-39  1.21308e-38 -2.75379e-39 -1.53654e-38  1.03264e-39  1.63354e-38  9.44497e-40  -1.4319e-38 -2.29226e-39   1.0026e-38  2.42828e-39 -5.31467e-39 -1.58212e-39  1.93273e-39  5.93111e-40 -3.83602e-40 -8.38322e-41
