 0.000881385 -7.81474e-18   -0.0032585  4.48912e-17   0.00255816 -8.50837e-17  0.000435267  7.61117e-17 -0.000485545 -1.26987e-17 -0.000310937 -6.45161e-18 -5.19293e-05 -1.64184e-17   4.1884e-05  8.01243e-18  4.03673e-05  7.54559e-18  1.91912e-05 -7.05006e-19  5.26683e-06 -1.73881e-18 -8.35467e-08  -7.9636e-19 -1.11949e-06 -2.29026e-19 -8.32316e-07  2.15206e-21 -4.25431e-07  8.58494e-20 -1.75725e-07  8.50444e-20 -6.11021e-08  4.69002e-20 -1.77514e-08  1.34752e-20 -3.98853e-09 -1.59948e-21 -4.45274e-10 -4.24308e-21  1.74803e-10 -2.69996e-21  1.57801e-10 -1.10175e-21  7.83619e-11 -3.20404e-22  3.13538e-11 -7.03936e-23  1.10279e-11 -1.84694e-23  3.52992e-12 -1.14881e-23  1.04619e-12 -8.52128e-24  2.89886e-13 -5.13551e-24  7.55209e-14 -2.52301e-24  1.85588e-14 -1.04908e-24  4.30944e-15 -3.79785e-25   9.4611e-16 -1.22167e-25  1.96342e-16 -3.54351e-26  3.84813e-17 -9.35939e-27  7.11225e-18 -2.26476e-27  1.23711e-18 -5.04061e-28  2.01985e-19  -1.0352e-28   3.0854e-20 -1.96712e-29  4.39105e-21 -3.46552e-30  5.79028e-22 -5.66633e-31  7.02138e-23 -8.60197e-32  7.74254e-24 -1.21232e-32  7.62365e-25 -1.58555e-33  6.47521e-26 -1.92299e-34  4.36333e-27 -2.16043e-35  1.64562e-28 -2.24478e-36 -1.11243e-29 -2.15253e-37 -3.32268e-30 -1.89998e-38   -4.582e-31 -1.53907e-39 -4.80183e-32  -1.1399e-40 -4.19827e-33 -7.68404e-42  -3.1591e-34 -4.68852e-43 -2.06876e-35 -2.57258e-44 -1.18127e-36 -1.25926e-45 -5.86009e-38 -5.44411e-47 -2.50538e-39 -2.05257e-48 -9.11645e-41 -6.63968e-50 -2.77313e-42 -1.80313e-51 -6.87435e-44 -3.98781e-53 -1.33774e-45 -6.86417e-55 -1.92735e-47 -8.53611e-57 -1.85391e-49 -6.62983e-59 -9.41832e-52 -2.07678e-61
-7.81474e-18   0.00551198 -2.20317e-17   -0.0108478  8.42131e-17   0.00461203 -1.62208e-16    0.0026175   1.3375e-16 -0.000391017  1.73354e-17 -0.000847303 -4.39375e-17 -0.000381188 -2.78135e-17 -3.25895e-05  1.73401e-17  7.02103e-05  1.53121e-17  5.86765e-05  1.48344e-18  2.80921e-05 -2.98524e-18  8.74674e-06 -2.56663e-18  9.50797e-07  -1.1794e-18 -9.68983e-07 -1.93001e-19  -9.1147e-07  2.25403e-19 -5.18239e-07   2.5919e-19 -2.35934e-07  1.46572e-19 -9.26673e-08  4.63472e-20 -3.23547e-08  6.06791e-22 -1.01689e-08 -9.10224e-21 -2.88319e-09 -6.43197e-21 -7.31499e-10 -2.88026e-21 -1.61984e-10 -1.01552e-21 -2.92323e-11 -3.37984e-22 -3.26886e-12 -1.34933e-22  3.54123e-13 -6.76986e-23   3.7509e-13 -3.54949e-23  1.52289e-13  -1.7104e-23  4.72608e-14 -7.30653e-24  1.25178e-14 -2.76337e-24  2.93282e-15 -9.32681e-25  6.14919e-16 -2.83688e-25  1.15164e-16 -7.84513e-26  1.89588e-17  -1.9854e-26  2.62565e-18 -4.61778e-27  2.66301e-19 -9.89995e-28  5.67739e-21 -1.96118e-28 -6.11021e-21 -3.59757e-29 -2.07894e-21 -6.12024e-30 -4.72527e-22 -9.66372e-31 -8.83309e-23 -1.41648e-31 -1.44075e-23 -1.92684e-32 -2.10101e-24 -2.43097e-33 -2.77115e-25   -2.842e-34  -3.3246e-26 -3.07477e-35 -3.63664e-27 -3.07298e-36 -3.62814e-28 -2.83039e-37 -3.29747e-29 -2.39583e-38 -2.72366e-30 -1.85757e-39 -2.03739e-31 -1.31383e-40 -1.37377e-32 -8.43466e-42  -8.3002e-34 -4.88568e-43 -4.46024e-35   -2.535e-44 -2.11183e-36 -1.16778e-45 -8.70671e-38 -4.72284e-47 -3.07848e-39 -1.65305e-48 -9.14953e-41 -4.91436e-50 -2.22407e-42 -1.20964e-51 -4.25127e-44 -2.37623e-53 -6.01432e-46 -3.51834e-55 -5.67245e-48 -3.54911e-57  -2.8653e-50 -1.93682e-59  -3.7551e-53
  -0.0032585 -2.20317e-17    0.0165618 -2.05171e-17   -0.0209764  6.02792e-17   0.00323459 -2.15506e-16   0.00581696  1.93853e-16   0.00108215  4.72784e-17  -0.00105533 -8.83249e-17 -0.000916134 -3.91394e-17 -0.000330024   2.4746e-17 -1.91046e-06  2.64337e-17  7.92554e-05  7.37233e-18  6.11134e-05 -3.64661e-18  2.98682e-05 -5.32957e-18  1.04681e-05 -3.01592e-18    2.232e-06 -7.12899e-19 -2.22741e-07  3.76157e-19 -5.54326e-07  5.20207e-19 -3.74556e-07  3.07088e-19 -1.87663e-07  1.07116e-19 -7.99277e-08  1.25831e-20 -3.04093e-08 -1.15047e-20 -1.05943e-08 -1.01067e-20 -3.43071e-09 -5.16431e-21 -1.04329e-09 -2.17931e-21 -3.00301e-10 -9.03014e-22 -8.23517e-11 -4.03852e-22 -2.16377e-11 -1.90163e-22 -5.47391e-12 -8.73922e-23 -1.33864e-12 -3.72419e-23 -3.17326e-13 -1.44117e-23 -7.30064e-14  -5.0388e-24 -1.62944e-14 -1.59506e-24 -3.52105e-15 -4.59488e-25 -7.34277e-16 -1.21118e-25 -1.47189e-16 -2.93404e-26   -2.824e-17 -6.55126e-27 -5.16397e-18 -1.35112e-27 -8.96401e-19 -2.57846e-28 -1.47172e-19 -4.56036e-29 -2.27766e-20  -7.4832e-30 -3.31231e-21 -1.13983e-30 -4.51289e-22 -1.61153e-31 -5.74358e-23 -2.11378e-32 -6.80784e-24 -2.57014e-33 -7.49141e-25 -2.89361e-34 -7.62702e-26 -3.01195e-35 -7.15692e-27 -2.89261e-36   -6.163e-28 -2.55653e-37 -4.84573e-29 -2.07302e-38 -3.45797e-30 -1.53657e-39 -2.22334e-31 -1.03644e-40 -1.27628e-32 -6.32719e-42  -6.4637e-34 -3.47287e-43 -2.84148e-35 -1.70022e-44 -1.05851e-36 -7.35094e-46 -3.20996e-38 -2.77153e-47 -7.29171e-40 -8.96494e-49 -9.41914e-42 -2.43431e-50  8.13543e-44 -5.38279e-52   7.9306e-45 -9.26356e-54  2.13006e-46 -1.15176e-55  3.12095e-48 -8.94357e-58   2.2315e-50 -2.80092e-60
 4.48912e-17   -0.0108478 -2.05171e-17    0.0320652  3.29754e-17    -0.028068 -5.78862e-17  -0.00275647 -2.28444e-16   0.00777341  2.51508e-16   0.00376044  5.07823e-17 -0.000305163 -1.27862e-16  -0.00126235 -5.53648e-17 -0.000783047  2.97778e-17   -0.0002387  4.13665e-17  1.66259e-05  1.67238e-17  7.07372e-05 -3.48295e-18  5.22726e-05 -8.75675e-18  2.62871e-05 -5.60202e-18  1.02042e-05 -1.57657e-18  3.00433e-06  4.64828e-19  5.14532e-07  8.11296e-19 -1.00562e-07  5.05905e-19 -1.48755e-07  1.94527e-19 -9.01859e-08  3.91747e-20 -4.22047e-08 -7.59173e-21  -1.7075e-08 -1.19366e-20 -6.23551e-09 -7.39007e-21 -2.10053e-09 -3.69596e-21 -6.61069e-10 -1.75062e-21 -1.95944e-10 -8.18531e-22 -5.49926e-11 -3.70813e-22 -1.46649e-11 -1.57973e-22  -3.7239e-12 -6.20738e-23 -9.01449e-13 -2.22954e-23 -2.08078e-13 -7.30015e-24 -4.57796e-14 -2.18156e-24 -9.59101e-15 -5.96996e-25 -1.91072e-15 -1.50173e-25 -3.61348e-16   -3.483e-26 -6.47426e-17 -7.46375e-27 -1.09659e-17 -1.47994e-27 -1.75169e-18 -2.71878e-28 -2.63227e-19  -4.6325e-29 -3.71081e-20 -7.32625e-30 -4.89286e-21 -1.07563e-30 -6.01396e-22 -1.46567e-31 -6.86437e-23 -1.85222e-32 -7.24328e-24 -2.16866e-33 -7.02746e-25 -2.34934e-34 -6.22571e-26 -2.35064e-35 -4.98987e-27  -2.1673e-36 -3.57032e-28 -1.83619e-37 -2.23245e-29  -1.4247e-38 -1.17217e-30 -1.00828e-39 -4.68765e-32 -6.47663e-41 -9.11619e-34 -3.75333e-42   5.6305e-35 -1.94821e-43  7.92212e-36 -8.97721e-45  5.63265e-37  -3.6315e-46  2.94138e-38 -1.27135e-47  1.20913e-39 -3.78032e-49   3.9574e-41 -9.30644e-51  1.01661e-42 -1.82842e-52  1.97656e-44 -2.70763e-54  2.71414e-46 -2.73171e-56  2.28268e-48 -1.49097e-58  7.60724e-51
  0.00255816  8.42131e-17   -0.0209764  3.29754e-17    0.0455007  1.42373e-16     -0.02808 -2.18925e-16   -0.0110111 -1.87628e-16    0.0067811  2.91362e-16   0.00640241   2.7735e-17   0.00144528 -1.67033e-16  -0.00100235 -7.89057e-17  -0.00113798  3.32456e-17 -0.000584093  5.86839e-17 -0.000158559  2.79592e-17  1.86689e-05 -2.74578e-18  5.23694e-05 -1.23868e-17  3.82035e-05 -8.54159e-18  1.98332e-05 -2.68827e-18  8.34471e-06   4.2199e-19  2.93845e-06  1.05235e-18   8.5177e-07  7.01985e-19   1.8269e-07  2.96416e-19   1.2785e-08   7.9405e-20 -1.37736e-08  3.83208e-21 -1.02447e-08 -1.10122e-20 -4.89244e-09 -9.07474e-21 -1.92932e-09 -5.30423e-21 -6.73224e-10 -2.72993e-21 -2.14056e-10  -1.2953e-21 -6.29591e-11 -5.68202e-22 -1.72765e-11 -2.29265e-22 -4.44517e-12 -8.47798e-23 -1.07545e-12 -2.86853e-23 -2.45005e-13 -8.88108e-24 -5.25782e-14 -2.52032e-24 -1.06244e-14 -6.57465e-25 -2.01927e-15 -1.58133e-25 -3.60363e-16 -3.51502e-26 -6.02453e-17 -7.23197e-27 -9.40599e-18 -1.37872e-27 -1.36593e-18 -2.43765e-28 -1.83498e-19 -3.99994e-29 -2.26312e-20  -6.0939e-30 -2.53323e-21 -8.61934e-31 -2.52493e-22 -1.13127e-31 -2.15964e-23 -1.37649e-32 -1.44482e-24 -1.55084e-33 -4.93555e-26 -1.61534e-34  4.98138e-27 -1.55231e-35  1.31403e-27 -1.37279e-36  1.79472e-28 -1.11378e-37  1.89179e-29  -8.2596e-39  1.67242e-30 -5.57378e-40  1.27582e-31 -3.40418e-41  8.48465e-33  -1.8693e-42  4.92679e-34 -9.15515e-44  2.48864e-35 -3.95961e-45   1.0848e-36  -1.4934e-46  4.03051e-38 -4.83231e-48  1.25403e-39 -1.31261e-49   3.1862e-41 -2.90347e-51  6.37155e-43 -4.99855e-53  9.46493e-45 -6.21723e-55   9.4289e-47 -4.82973e-57  4.99169e-49 -1.51324e-59
-8.50837e-17   0.00461203  6.02792e-17    -0.028068  1.42373e-16    0.0514576  2.50854e-16   -0.0218476 -3.28162e-16   -0.0179957 -8.45923e-17   0.00304077  3.14906e-16   0.00774747 -9.35301e-18   0.00360842 -2.11084e-16 -2.64905e-05 -1.07091e-16  -0.00112935  3.62087e-17 -0.000880165  7.57361e-17  -0.00040342  3.85953e-17 -0.000105263 -2.08256e-18   1.0186e-05 -1.57882e-17  3.19506e-05 -1.13801e-17  2.37744e-05 -3.91075e-18  1.27595e-05  2.01052e-19  5.68883e-06   1.1706e-18  2.21241e-06  8.49381e-19  7.66525e-07  3.91168e-19  2.38481e-07  1.24513e-19  6.65038e-08  1.97011e-20  1.63919e-08 -8.05186e-21   3.4362e-09 -1.00991e-20  5.44589e-10 -6.71345e-21  2.95575e-11 -3.61656e-21 -2.20712e-11 -1.71025e-21 -1.23161e-11  -7.2705e-22 -4.34448e-12 -2.80475e-22 -1.24616e-12 -9.86607e-23 -3.09673e-13 -3.17349e-23  -6.8069e-14  -9.3544e-24 -1.32595e-14 -2.53314e-24  -2.2554e-15 -6.31985e-25 -3.20217e-16 -1.45655e-25 -3.26844e-17 -3.10723e-26 -4.37005e-19  -6.1432e-27  8.89332e-19 -1.12652e-27  3.00083e-19 -1.91721e-28  6.91544e-20 -3.02954e-29  1.31649e-20 -4.44542e-30  2.18972e-21  -6.0556e-31  3.25784e-22 -7.65233e-32  4.38489e-23 -8.96075e-33  5.36913e-24 -9.70926e-34  5.99545e-25 -9.71701e-35  6.10792e-26 -8.96168e-36  5.67109e-27 -7.59503e-37  4.78823e-28 -5.89495e-38  3.66418e-29 -4.17331e-39  2.53018e-30 -2.68163e-40  1.56765e-31 -1.55467e-41  8.65364e-33 -8.07307e-43  4.21862e-34 -3.72154e-44  1.79616e-35 -1.50608e-45  6.58538e-37 -5.27495e-47  2.04112e-38 -1.56925e-48  5.21732e-40 -3.86518e-50  1.06221e-41 -7.59802e-52  1.63531e-43 -1.12583e-53  1.74806e-45 -1.13658e-55  1.09971e-47 -6.20789e-58  2.52224e-50
 0.000435267 -1.62208e-16   0.00323459 -5.78862e-17     -0.02808  2.50854e-16    0.0498017  2.76798e-16   -0.0132399 -3.31543e-16   -0.0217756  7.39607e-17  -0.00196334  3.38733e-16   0.00732702 -4.73392e-17   0.00543138 -2.55672e-16    0.0014258 -1.32181e-16 -0.000645631  4.03809e-17 -0.000960752  8.98648e-17 -0.000619774  4.62702e-17 -0.000268685 -2.12655e-18 -7.40954e-05 -1.86695e-17 -7.35687e-07 -1.37947e-17   1.4906e-05 -5.13636e-18  1.20625e-05 -2.15935e-19   6.7495e-06  1.11861e-18  3.13546e-06  9.07581e-19  1.28429e-06  4.52045e-19  4.77416e-07  1.59827e-19  1.63824e-07   3.3536e-20  5.24924e-08 -5.12308e-21   1.5843e-08 -1.07302e-20  4.53642e-09  -7.7217e-21  1.24003e-09 -4.21567e-21  3.25358e-10 -1.95962e-21  8.23166e-11 -8.05908e-22  2.01492e-11 -2.98411e-22  4.78022e-12 -1.00422e-22  1.09916e-12 -3.08782e-23  2.44546e-13 -8.70617e-24  5.24837e-14 -2.25789e-24  1.08231e-14 -5.40215e-25  2.13541e-15 -1.19542e-25   4.0139e-16 -2.45095e-26  7.15938e-17   -4.661e-27  1.20732e-17 -8.22678e-28  1.91853e-18 -1.34823e-28  2.86416e-19 -2.05197e-29  4.00556e-20 -2.90007e-30  5.23311e-21 -3.80422e-31  6.36891e-22 -4.62747e-32  7.19956e-23 -5.21294e-33  7.53554e-24 -5.42965e-34  7.27747e-25 -5.21818e-35  6.45961e-26 -4.61546e-36   5.2462e-27 -3.74549e-37  3.87818e-28 -2.77835e-38  2.59337e-29 -1.87549e-39  1.55706e-30 -1.14589e-40  8.31648e-32 -6.29521e-42  3.90552e-33 -3.08474e-43  1.58789e-34 -1.33489e-44  5.47109e-36 -5.03768e-46  1.54703e-37 -1.63118e-47  3.39846e-39 -4.43409e-49  5.14519e-41 -9.81614e-51  3.27192e-43 -1.69144e-52 -5.99999e-45 -2.10592e-54 -1.76708e-46 -1.63774e-56 -1.63141e-48 -5.13761e-59
 7.61117e-17    0.0026175 -2.15506e-16  -0.00275647 -2.18925e-16   -0.0218476  2.76798e-16    0.0441838   1.7719e-16  -0.00555096 -2.48128e-16   -0.0225074  2.60063e-16  -0.00676972  3.70345e-16   0.00543931 -7.82843e-17   0.00641389 -2.89537e-16   0.00295315 -1.44622e-16  0.000234829  4.76831e-17 -0.000736252  9.94004e-17 -0.000704215  4.96945e-17 -0.000409673 -3.16994e-18  -0.00017593 -2.09222e-17 -5.47713e-05 -1.56723e-17 -8.33696e-06 -6.31747e-18  3.79465e-06 -8.24479e-19  4.40353e-06  8.75874e-19  2.69806e-06  8.46926e-19  1.30971e-06  4.53715e-19   5.5269e-07   1.6983e-19  2.10649e-07  3.82254e-20  7.39892e-08 -4.58283e-21  2.42442e-08 -1.14126e-20  7.47052e-09 -8.27274e-21  2.17644e-09 -4.43966e-21  6.01707e-10 -2.00325e-21  1.58225e-10 -7.94219e-22  3.96254e-11 -2.82512e-22  9.45506e-12 -9.11919e-23  2.14896e-12 -2.68875e-23  4.64839e-13 -7.27265e-24  9.55734e-14 -1.81088e-24  1.86483e-14 -4.16346e-25  3.44673e-15 -8.86018e-26  6.02236e-16 -1.74811e-26  9.92598e-17 -3.20072e-27  1.53967e-17 -5.44126e-28  2.24214e-18 -8.59081e-29  3.05729e-19 -1.25968e-29  3.89232e-20 -1.71497e-30  4.61216e-21 -2.16633e-31  5.06843e-22 -2.53622e-32  5.14427e-23 -2.74796e-33  4.79875e-24 -2.75036e-34  4.08961e-25 -2.53704e-35  3.15985e-26 -2.15077e-36  2.19092e-27 -1.66998e-37  1.34324e-28 -1.18279e-38  7.11216e-30 -7.60434e-40  3.11133e-31 -4.41146e-41  1.00689e-32 -2.29251e-42  1.36568e-34 -1.05771e-43 -1.00778e-35 -4.28454e-45  -1.0031e-36 -1.50221e-46 -5.31963e-38 -4.47414e-48 -2.02101e-39 -1.10344e-49 -5.76359e-41 -2.17219e-51 -1.21614e-42 -3.22366e-53 -1.78967e-44 -3.26009e-55 -1.60155e-46 -1.78404e-57 -5.65735e-49
-0.000485545   1.3375e-16   0.00581696 -2.28444e-16   -0.0110111 -3.28162e-16   -0.0132399   1.7719e-16    0.0382142  -2.6418e-17  2.11137e-05 -1.34542e-16   -0.0213083  4.30705e-16   -0.0106016   3.9623e-16   0.00269495 -1.01883e-16   0.00641361 -3.02815e-16   0.00419159 -1.38235e-16   0.00131131  5.87995e-17 -0.000222074  1.03839e-16 -0.000593828  4.88392e-17 -0.000464871 -5.16608e-18 -0.000256239 -2.26223e-17 -0.000112121 -1.70882e-17 -3.96298e-05 -7.46412e-18 -1.06101e-05 -1.61064e-18 -1.41766e-06  4.41675e-19  5.92007e-07   6.5209e-19  6.20773e-07  3.79775e-19  3.48101e-07  1.44165e-19  1.55532e-07   2.9165e-20  6.05867e-08 -7.91798e-21  2.13326e-08 -1.24887e-20  6.91416e-09 -8.43382e-21  2.08443e-09 -4.32107e-21  5.88195e-10 -1.86891e-21  1.55962e-10 -7.10742e-22  3.89458e-11 -2.42558e-22  9.16963e-12 -7.51376e-23  2.03627e-12 -2.12707e-23  4.26365e-13 -5.52782e-24  8.41073e-14 -1.32348e-24  1.56113e-14  -2.9279e-25  2.72185e-15 -5.99888e-26  4.44816e-16 -1.14003e-26  6.79595e-17 -2.01121e-27  9.67527e-18 -3.29507e-28  1.27835e-18 -5.01402e-29  1.55923e-19 -7.08535e-30  1.74312e-20 -9.29368e-31  1.76753e-21 -1.13056e-31  1.59891e-22 -1.27386e-32  1.25192e-23 -1.32728e-33  7.92327e-25  -1.2762e-34  3.18409e-26 -1.12948e-35 -7.28769e-28 -9.17262e-37 -3.19403e-28 -6.80994e-38 -4.10809e-29 -4.60141e-39 -3.81973e-30 -2.81447e-40 -2.89433e-31 -1.54814e-41 -1.85279e-32 -7.59694e-43 -1.01307e-33  -3.2927e-44 -4.72891e-35 -1.24477e-45 -1.86947e-36  -4.0382e-47 -6.16668e-38 -1.10002e-48 -1.65856e-39 -2.44079e-50 -3.51126e-41 -4.21631e-52 -5.53122e-43 -5.26383e-54 -5.86257e-45 -4.10581e-56 -3.31967e-47 -1.29222e-58
-1.26987e-17 -0.000391017  1.93853e-16   0.00777341 -1.87628e-16   -0.0179957 -3.31543e-16  -0.00555096  -2.6418e-17    0.0335533 -2.69113e-16   0.00373154 -3.71283e-17   -0.0192099  5.44357e-16   -0.0132923   3.9216e-16 -0.000348011 -1.23043e-16   0.00553953 -2.92695e-16   0.00491125 -1.13566e-16   0.00235153  7.22292e-17  0.000481684  1.03341e-16 -0.000286953  4.44036e-17 -0.000395635 -7.97521e-18 -0.000278321 -2.40109e-17 -0.000149368 -1.82415e-17 -6.69939e-05 -8.62911e-18  -2.5944e-05 -2.56144e-18 -8.74372e-06 -1.69914e-19 -2.52988e-06  3.26153e-19 -5.94999e-07  2.29021e-19 -9.13445e-08  8.18778e-20   6.4674e-09   6.1763e-21  1.27335e-08 -1.50986e-20  6.69837e-09 -1.40098e-20  2.62953e-09 -8.32231e-21  8.79303e-10  -3.9679e-21   2.6197e-10 -1.62443e-21  7.09486e-11 -5.88867e-22  1.76419e-11 -1.92241e-22  4.04701e-12 -5.70843e-23  8.57746e-13 -1.55134e-23  1.67781e-13 -3.87486e-24  3.01748e-14 -8.92534e-25  4.95298e-15 -1.90112e-25  7.32115e-16 -3.75249e-26  9.49442e-17 -6.87278e-27  1.01729e-17 -1.16884e-27  7.34857e-19  -1.8463e-28 -1.37201e-20 -2.70869e-29 -1.79864e-20 -3.68974e-30  -4.2987e-21 -4.66372e-31 -7.43613e-22  -5.4641e-32 -1.07321e-22 -5.92555e-33  -1.3522e-23 -5.93692e-34 -1.51585e-24 -5.48305e-35 -1.52486e-25 -4.65467e-36 -1.38099e-26 -3.61978e-37 -1.12619e-27  -2.5682e-38 -8.25299e-29 -1.65427e-39 -5.41396e-30 -9.61697e-41 -3.16143e-31 -5.00933e-42 -1.63098e-32 -2.31713e-43 -7.36125e-34 -9.41246e-45 -2.86995e-35 -3.31016e-46 -9.50537e-37  -9.8915e-48 -2.61506e-38 -2.44823e-49 -5.79108e-40  -4.8381e-51 -9.85145e-42 -7.20994e-53 -1.19257e-43 -7.32412e-55 -8.85437e-46 -4.02743e-57 -2.59232e-48
-0.000310937  1.73354e-17   0.00108215  2.51508e-16    0.0067811 -8.45923e-17   -0.0217756 -2.48128e-16  2.11137e-05 -2.69113e-16    0.0303177 -4.78343e-16   0.00622531  2.72447e-17    -0.016821  5.77369e-16   -0.0149737  3.41799e-16  -0.00331217 -1.46047e-16   0.00400972 -2.63423e-16   0.00502148  -7.7131e-17   0.00315598  8.47435e-17   0.00123083  9.81435e-17  0.000160866  3.71249e-17 -0.000201843 -1.16013e-17  -0.00022308  -2.5448e-17 -0.000148063 -1.93862e-17 -7.82538e-05 -9.88609e-18 -3.56148e-05 -3.66297e-18 -1.44523e-05 -9.27741e-19 -5.33121e-06 -1.05628e-19 -1.81002e-06  1.78451e-20 -5.70753e-07 -7.89634e-21 -1.68428e-07 -2.65268e-20 -4.68569e-08 -2.46626e-20 -1.23887e-08 -1.57131e-20 -3.14215e-09 -8.03199e-21 -7.72609e-10 -3.50018e-21 -1.86142e-10 -1.34121e-21 -4.43134e-11  -4.6031e-22 -1.04611e-11 -1.43165e-22 -2.44255e-12 -4.06546e-23   -5.597e-13 -1.05925e-23 -1.24577e-13 -2.54126e-24 -2.66581e-14  -5.6301e-25 -5.43659e-15 -1.15462e-25  -1.0495e-15 -2.19582e-26 -1.90809e-16 -3.87672e-27  -3.2549e-17 -6.35726e-28 -5.19435e-18 -9.68414e-29 -7.73623e-19 -1.37011e-29 -1.07296e-19 -1.79947e-30 -1.38281e-20 -2.19214e-31 -1.65232e-21 -2.47399e-32 -1.82607e-22 -2.58242e-33 -1.86139e-23 -2.48809e-34 -1.74457e-24 -2.20706e-35 -1.49793e-25 -1.79691e-36 -1.17328e-26 -1.33778e-37 -8.34157e-28 -9.06666e-39 -5.35131e-29 -5.56396e-40 -3.07576e-30 -3.07154e-41 -1.57028e-31 -1.51314e-42  -7.0457e-33 -6.58613e-44 -2.74155e-34 -2.50119e-45 -9.09369e-36 -8.15396e-47 -2.51339e-37 -2.23282e-48 -5.60874e-39 -4.98211e-50 -9.64947e-41 -8.65768e-52 -1.18918e-42 -1.08773e-53  -9.1844e-45 -8.54157e-56 -3.25191e-47 -2.70759e-58
-6.45161e-18 -0.000847303  4.72784e-17   0.00376044  2.91362e-16   0.00304077  7.39607e-17   -0.0225074 -1.34542e-16   0.00373154 -4.78343e-16     0.028093 -5.99889e-16   0.00800759  6.39475e-17   -0.0144169  5.31022e-16   -0.0158505  2.47864e-16  -0.00598401 -1.70178e-16   0.00205786 -2.22605e-16   0.00453606 -3.77994e-17   0.00358767  9.27785e-17   0.00187635   8.8322e-17  0.000656254  2.74008e-17  7.86377e-05 -1.62502e-17 -9.66652e-05 -2.73297e-17 -0.000102814 -2.07631e-17 -6.67311e-05 -1.12959e-17 -3.48953e-05 -4.88426e-18 -1.58833e-05 -1.77694e-18 -6.51474e-06  -5.9581e-19 -2.45531e-06 -2.22759e-19 -8.61025e-07 -1.08841e-19 -2.83433e-07 -6.20223e-20 -8.81497e-08  -3.4358e-20  -2.6027e-08 -1.71447e-20 -7.32114e-09 -7.59883e-21 -1.96652e-09 -3.00538e-21 -5.05048e-10 -1.06983e-21 -1.24054e-10 -3.45589e-22 -2.91274e-11 -1.01968e-22 -6.52951e-12 -2.76095e-23 -1.39509e-12 -6.88305e-24 -2.83519e-13   -1.584e-24 -5.46823e-14 -3.37249e-25 -9.98582e-15 -6.65561e-26 -1.72253e-15 -1.21917e-26 -2.80002e-16  -2.0746e-27 -4.27892e-17 -3.28035e-28 -6.13243e-18 -4.81934e-29 -8.22188e-19 -6.57614e-30 -1.02851e-19 -8.32871e-31 -1.19709e-20  -9.7805e-32 -1.29238e-21 -1.06342e-32 -1.28977e-22  -1.0686e-33 -1.18526e-23  -9.9015e-35  -9.9853e-25 -8.43623e-36 -7.67168e-26 -6.58688e-37 -5.34194e-27 -4.69376e-38 -3.34575e-28  -3.0377e-39 -1.86701e-29 -1.77494e-40 -9.16846e-31 -9.29612e-42 -3.89615e-32 -4.32537e-43 -1.39776e-33 -1.76809e-44 -4.06426e-35 -6.25968e-46 -8.81722e-37 -1.88383e-47 -1.09623e-38 -4.69765e-49  7.26237e-41 -9.35677e-51  7.16228e-42 -1.40597e-52   1.6868e-43 -1.44066e-54  1.97484e-45 -7.99412e-57  8.40756e-48
-5.19293e-05 -4.39375e-17  -0.00105533  5.07823e-17   0.00640241  3.14906e-16  -0.00196334  2.60063e-16   -0.0213083 -3.71283e-17   0.00622531 -5.99889e-16    0.0265013 -6.10433e-16   0.00937421  8.55198e-17   -0.0120983  4.27372e-16    -0.016106  1.30305e-16  -0.00825814  -1.8978e-16 -0.000107546 -1.77417e-16   0.00353509 -3.20403e-18   0.00357862   9.3691e-17   0.00229387  7.38632e-17   0.00109324  1.53071e-17  0.000381858  -2.2208e-17   7.1352e-05 -2.99722e-17 -2.37967e-05 -2.25247e-17 -3.43582e-05 -1.28624e-17 -2.32319e-05 -6.15647e-18 -1.22019e-05 -2.63621e-18 -5.51957e-06 -1.08129e-18 -2.24023e-06 -4.54828e-19 -8.33175e-07 -2.02521e-19 -2.87498e-07 -9.30726e-20 -9.27756e-08 -4.19722e-20 -2.81449e-08  -1.7852e-20 -8.05429e-09 -7.01463e-21 -2.17898e-09 -2.52713e-21 -5.57957e-10 -8.34202e-22 -1.35293e-10 -2.52856e-22 -3.10623e-11 -7.05662e-23  -6.7489e-12 -1.81729e-23 -1.38637e-12 -4.32639e-24 -2.68938e-13 -9.53635e-25 -4.91957e-14 -1.94912e-25 -8.47198e-15 -3.69873e-26 -1.37094e-15 -6.52271e-27  -2.0803e-16 -1.06944e-27 -2.95323e-17 -1.63024e-28 -3.91194e-18 -2.30977e-29 -4.82065e-19 -3.03985e-30   -5.507e-20 -3.71287e-31  -5.8078e-21 -4.20338e-32 -5.62569e-22  -4.4036e-33 -4.97268e-23 -4.26032e-34 -3.97659e-24 -3.79665e-35 -2.84201e-25 -3.10697e-36 -1.78108e-26 -2.32611e-37 -9.46159e-28 -1.58609e-38 -3.94853e-29   -9.797e-40 -9.82014e-31 -5.44613e-41  2.09479e-32 -2.70291e-42  4.48072e-33 -1.18575e-43  3.31862e-34 -4.54062e-45  1.71858e-35 -1.49321e-46  6.85138e-37 -4.12634e-48  2.13523e-38 -9.29492e-50  5.11151e-40  -1.6312e-51  8.97072e-42 -2.07035e-53  1.04983e-43  -1.6429e-55  6.53133e-46 -5.26434e-58
-1.64184e-17 -0.000381188 -8.83249e-17 -0.000305163   2.7735e-17   0.00774747  3.38733e-16  -0.00676972  4.30705e-16   -0.0192099  2.72447e-17   0.00800759 -6.10433e-16    0.0253172 -5.19367e-16    0.0104879   1.0108e-16  -0.00989032  2.98123e-16   -0.0158801  1.58397e-17   -0.0100894 -1.97809e-16  -0.00231254 -1.32916e-16   0.00213713  2.19285e-17   0.00312542   8.6236e-17   0.00240259  5.48575e-17   0.00137793  8.44809e-19  0.000636131 -2.96371e-17  0.000237726 -3.34891e-17  6.69786e-05 -2.46653e-17  9.10577e-06 -1.44957e-17 -4.46187e-06 -7.36334e-18 -4.76104e-06 -3.40577e-18 -2.77666e-06 -1.49594e-18 -1.29016e-06 -6.43032e-19 -5.21174e-07  -2.7352e-19 -1.89596e-07 -1.14221e-19 -6.32308e-08 -4.60018e-20 -1.95302e-08 -1.75541e-20 -5.62133e-09 -6.26685e-21 -1.51347e-09 -2.07852e-21 -3.82022e-10 -6.38749e-22 -9.05084e-11 -1.81827e-22 -2.01341e-11 -4.79729e-23 -4.20437e-12 -1.17394e-23 -8.23441e-13 -2.66615e-24 -1.51057e-13 -5.62369e-25 -2.59062e-14 -1.10255e-25 -4.14316e-15 -2.01061e-26 -6.15876e-16 -3.41194e-27 -8.47199e-17 -5.38828e-28   -1.072e-17  -7.9169e-29 -1.23694e-18  -1.0816e-29 -1.28394e-19 -1.37283e-30 -1.17073e-20 -1.61699e-31 -8.92193e-22 -1.76477e-32 -4.91456e-23 -1.78132e-33 -5.19387e-25 -1.65904e-34  3.29555e-25 -1.42169e-35   5.7761e-26 -1.11712e-36  6.63893e-27 -8.01585e-38   6.1122e-28 -5.22646e-39  4.75742e-29 -3.07815e-40  3.19002e-30 -1.62574e-41  1.85208e-31 -7.63146e-43   9.2879e-33 -3.14849e-44  3.99137e-34 -1.12547e-45  1.45047e-35 -3.42098e-47  4.37018e-37 -8.61889e-49  1.06039e-38 -1.73488e-50  1.98206e-40 -2.63503e-52  2.65068e-42 -2.72969e-54  2.19294e-44 -1.53152e-56  7.24722e-47
  4.1884e-05 -2.78135e-17 -0.000916134 -1.27862e-16   0.00144528 -9.35301e-18   0.00732702  3.70345e-16   -0.0106016  5.44357e-16    -0.016821  6.39475e-17   0.00937421 -5.19367e-16    0.0244209 -3.61305e-16    0.0114446  1.13105e-16  -0.00778639  1.72868e-16   -0.0152714  -7.3301e-17   -0.0114616 -1.89915e-16  -0.00441315 -9.24263e-17  0.000482496  3.55311e-17   0.00228117  7.03699e-17   0.00217557  3.16699e-17    0.0014486 -1.57745e-17  0.000781502 -3.83846e-17  0.000359401 -3.76986e-17  0.000143754 -2.69814e-17  5.01481e-05  -1.6005e-17  1.50143e-05 -8.35465e-18  3.64873e-06 -3.98658e-18   5.7835e-07 -1.78555e-18  -4.0875e-08 -7.62954e-19  -8.3891e-08 -3.12922e-19 -4.50085e-08 -1.22945e-19 -1.79225e-08 -4.59663e-20 -6.04851e-09  -1.6227e-20 -1.80892e-09 -5.37345e-21 -4.88883e-10 -1.66195e-21 -1.20499e-10 -4.79091e-22 -2.71813e-11 -1.28627e-22 -5.60787e-12 -3.21585e-23 -1.05319e-12 -7.48658e-24 -1.78151e-13 -1.62292e-24 -2.65612e-14 -3.27644e-25 -3.32312e-15 -6.16181e-26 -2.99904e-16 -1.07973e-26 -3.68556e-18 -1.76293e-27  6.31865e-18 -2.68131e-28  1.88228e-18 -3.79669e-29  3.81475e-19 -5.00085e-30  6.36393e-20 -6.12044e-31   9.2389e-21  -6.9504e-32  1.19424e-21  -7.3107e-33  1.38923e-22 -7.10713e-34   1.4614e-23 -6.36912e-35   1.3924e-24 -5.24498e-36  1.20089e-25   -3.954e-37  9.35411e-27 -2.71632e-38   6.5562e-28 -1.69125e-39  4.11344e-29 -9.48098e-41  2.29466e-30 -4.74697e-42  1.12828e-31 -2.10161e-43  4.83576e-33  -8.1241e-45  1.78079e-34  -2.6977e-46   5.5284e-36 -7.52895e-48  1.40969e-37 -1.71307e-49   2.8441e-39 -3.03695e-51  4.28409e-41  -3.8939e-53  4.34968e-43 -3.12147e-55   2.3598e-45 -1.01034e-57
 8.01243e-18 -3.25895e-05 -3.91394e-17  -0.00126235 -1.67033e-16   0.00360842 -4.73392e-17   0.00543931   3.9623e-16   -0.0132923  5.77369e-16   -0.0144169  8.55198e-17    0.0104879 -3.61305e-16    0.0237469 -1.81919e-16    0.0123083  1.19454e-16  -0.00576551  7.15501e-17   -0.0143442  -1.2589e-16   -0.0123682 -1.66675e-16  -0.00628688 -5.86549e-17  -0.00127584  3.71629e-17   0.00114641  4.68644e-17   0.00164235  5.08476e-18   0.00128839   -3.391e-17  0.000785356 -4.78735e-17  0.000406726 -4.21033e-17  0.000186067 -2.90936e-17  7.68328e-05  -1.7136e-17  2.90394e-05 -8.98124e-18  1.01486e-05 -4.30418e-18  3.30708e-06 -1.91992e-18  1.01271e-06 -8.05519e-19  2.93776e-07  -3.1938e-19  8.14313e-08 -1.19726e-19  2.17668e-08  -4.2345e-20  5.66041e-09 -1.40853e-20  1.44185e-09 -4.39298e-21  3.60894e-10  -1.2819e-21  8.86366e-11 -3.49592e-22   2.1246e-11 -8.90591e-23  4.93205e-12  -2.1188e-23  1.09979e-12 -4.70634e-24   2.3384e-13 -9.75768e-25  4.71214e-14 -1.88804e-25  8.95667e-15 -3.40912e-26  1.59997e-15 -5.74358e-27  2.67829e-16 -9.02604e-28  4.19117e-17 -1.32233e-28  6.11807e-18 -1.80446e-29   8.3138e-19 -2.29112e-30  1.04948e-19 -2.70301e-31  1.22789e-20 -2.95815e-32   1.3282e-21 -2.99695e-33   1.3245e-22 -2.80392e-34  1.21372e-23 -2.41549e-35  1.01819e-24 -1.90929e-36   7.7851e-26 -1.37892e-37  5.39742e-27 -9.05367e-39  3.37228e-28 -5.37165e-40  1.88485e-29 -2.85897e-41  9.34026e-31 -1.35277e-42  4.05857e-32 -5.62687e-44  1.52505e-33 -2.02821e-45  4.86752e-35 -6.21716e-47  1.28845e-36  -1.5797e-48  2.73599e-38  -3.2068e-50  4.43645e-40 -4.91177e-52  5.06883e-42 -5.13057e-54  3.49401e-44 -2.90202e-56  9.22783e-47
 4.03673e-05  1.73401e-17 -0.000330024 -5.53648e-17  -0.00100235 -2.11084e-16   0.00543138 -7.82843e-17   0.00269495   3.9216e-16   -0.0149737  5.31022e-16   -0.0120983   1.0108e-16    0.0114446 -1.81919e-16    0.0232582 -2.25479e-17    0.0131268  1.17251e-16  -0.00379846  2.60216e-18   -0.0131351 -1.42275e-16   -0.0128018 -1.33331e-16  -0.00782503 -3.43111e-17  -0.00297827  2.72432e-17 -0.000141722  1.71122e-17  0.000883896 -2.35683e-17  0.000928341 -5.23961e-17  0.000650169   -5.712e-17  0.000371731 -4.59703e-17  0.000185224 -3.05379e-17  8.29988e-05 -1.76421e-17  3.40704e-05 -9.13801e-18  1.29702e-05 -4.32765e-18  4.61967e-06 -1.89791e-18   1.5497e-06 -7.76783e-19   4.9209e-07 -2.97941e-19  1.48463e-07 -1.07269e-19  4.26672e-08 -3.62498e-20  1.16987e-08 -1.14871e-20  3.06193e-09 -3.40967e-21  7.64821e-10 -9.47254e-22  1.82151e-10  -2.4622e-22  4.13035e-11 -5.98727e-23  8.90151e-12 -1.36182e-23  1.81973e-12 -2.89659e-24  3.52147e-13 -5.75961e-25  6.43727e-14 -1.07031e-25  1.10925e-14 -1.85828e-26  1.79799e-15 -3.01324e-27  2.73563e-16 -4.56072e-28  3.89843e-17 -6.43813e-29  5.19152e-18 -8.46747e-30  6.44501e-19  -1.0362e-30  7.43942e-20 -1.17795e-31  7.96142e-21 -1.24157e-32  7.87378e-22 -1.21051e-33  7.17033e-23 -1.08876e-34  5.98758e-24 -9.00418e-36  4.56273e-25 -6.82046e-37  3.15501e-26 -4.71006e-38  1.96631e-27   -2.949e-39  1.09556e-28 -1.66287e-40  5.40248e-30  -8.3762e-42  2.32815e-31 -3.73137e-43  8.62413e-33 -1.45149e-44  2.68513e-34 -4.85035e-46  6.80328e-36 -1.36223e-47  1.33275e-37 -3.11893e-49    1.835e-39 -5.56335e-51  1.37698e-41 -7.17612e-53 -1.60329e-44 -5.78609e-55 -1.04913e-45 -1.88326e-57
 7.54559e-18  7.02103e-05   2.4746e-17 -0.000783047 -7.89057e-17 -2.64905e-05 -2.55672e-16   0.00641389 -1.01883e-16 -0.000348011  3.41799e-16   -0.0158505  4.27372e-16  -0.00989032  1.13105e-16    0.0123083 -2.25479e-17    0.0229346  9.06955e-17    0.0139403  1.05992e-16     -0.00185 -3.47187e-17   -0.0116584 -1.30972e-16   -0.0127491 -9.77543e-17  -0.00892898 -2.18284e-17  -0.00446578  6.91663e-18  -0.00142399 -1.68376e-17    1.933e-05 -5.23638e-17  0.000439966 -6.96151e-17    0.0004114  -6.4897e-17  0.000268975 -4.85074e-17  0.000145999 -3.08997e-17  6.97163e-05 -1.73634e-17  3.01147e-05 -8.79645e-18  1.19581e-05 -4.07626e-18  4.40993e-06 -1.74455e-18  1.52085e-06 -6.93897e-19  4.92818e-07 -2.57496e-19  1.50536e-07 -8.93381e-20  4.34383e-08 -2.90058e-20  1.18558e-08 -8.81447e-21  3.06246e-09 -2.50691e-21  7.48714e-10 -6.67291e-22  1.73184e-10 -1.66257e-22  3.78744e-11 -3.87784e-23  7.82375e-12 -8.46712e-24  1.52479e-12 -1.73035e-24  2.79996e-13 -3.30863e-25  4.83709e-14 -5.91733e-26  7.84858e-15 -9.89417e-27  1.19392e-15 -1.54586e-27  1.69928e-16 -2.25512e-28  2.25778e-17 -3.06864e-29  2.79337e-18 -3.89006e-30  3.20894e-19 -4.58708e-31  3.41154e-20 -5.02218e-32  3.34368e-21 -5.09422e-33  3.00742e-22 -4.77502e-34  2.46859e-23 -4.12349e-35  1.83645e-24 -3.26874e-36  1.22713e-25 -2.36843e-37  7.27594e-27  -1.5606e-38  3.76043e-28 -9.29426e-40  1.64552e-29 -4.96621e-41  5.75914e-31 -2.35934e-42  1.37714e-32 -9.85388e-44  4.98994e-35 -3.56641e-45 -1.53219e-35 -1.09768e-46 -9.27384e-37 -2.80026e-48 -3.30299e-38 -5.70682e-50 -8.06133e-40 -8.77412e-52 -1.32678e-41 -9.19821e-54 -1.30559e-43 -5.22062e-56  -5.0261e-46
 1.91912e-05  1.53121e-17 -1.91046e-06  2.97778e-17  -0.00113798 -1.07091e-16    0.0014258 -2.89537e-16   0.00641361 -1.23043e-16  -0.00331217  2.47864e-16    -0.016106  2.98123e-16  -0.00778639  1.19454e-16    0.0131268  9.06955e-17    0.0227687  1.50442e-16    0.0147866  8.85673e-17  0.000119934 -4.64754e-17   -0.0099113 -1.04054e-16   -0.0121925 -6.78599e-17  -0.00951241  -2.2534e-17  -0.00559124 -2.17026e-17  -0.00253856  -5.2221e-17  -0.00081506 -7.89067e-17 -8.17681e-05 -8.37555e-17  0.000126302 -7.00136e-17  0.000129207 -4.90798e-17  8.34289e-05 -2.99419e-17  4.37965e-05 -1.62781e-17  2.00725e-05 -8.01331e-18  8.28658e-06  -3.6116e-18  3.13372e-06 -1.50174e-18  1.09659e-06 -5.79169e-19  3.57377e-07 -2.07916e-19   1.0893e-07 -6.96383e-20  3.11394e-08  -2.1791e-20  8.36305e-09 -6.37526e-21  2.11222e-09 -1.74471e-21  5.01882e-10 -4.46824e-22  1.12183e-10 -1.07129e-22  2.35787e-11 -2.40517e-23  4.65626e-12 -5.05684e-24  8.62986e-13 -9.95501e-25  1.49902e-13 -1.83443e-25  2.43609e-14 -3.16285e-26  3.69607e-15 -5.09971e-27  5.22188e-16 -7.68424e-28  6.84814e-17 -1.08106e-28  8.30319e-18 -1.41838e-29  9.25984e-19 -1.73304e-30  9.43262e-20 -1.96857e-31  8.69008e-21 -2.07459e-32  7.13017e-22 -2.02352e-33  5.07179e-23 -1.82157e-34  2.95327e-24 -1.50831e-35  1.17914e-25 -1.14426e-36 -1.15963e-28 -7.91599e-38 -5.94388e-28 -4.96595e-39 -7.12848e-29 -2.80601e-40 -5.77364e-30 -1.41649e-41 -3.69631e-31  -6.3239e-43 -1.94893e-32 -2.46538e-44 -8.53913e-34 -8.25627e-46 -3.08892e-35 -2.32372e-47 -9.05777e-37 -5.33125e-49 -2.08492e-38 -9.52821e-51 -3.56884e-40 -1.23131e-52 -4.11494e-42 -9.94492e-55 -2.54154e-44 -3.24177e-57
-7.05006e-19  5.86765e-05  2.64337e-17   -0.0002387  3.32456e-17  -0.00112935 -1.32181e-16   0.00295315 -3.02815e-16   0.00553953 -1.46047e-16  -0.00598401  1.30305e-16   -0.0158801  1.72868e-16  -0.00576551  1.17251e-16    0.0139403  1.50442e-16    0.0227635  1.64919e-16    0.0157034  7.01919e-17   0.00215389 -4.07789e-17  -0.00788228 -7.33376e-17   -0.0111173 -4.95177e-17  -0.00951057 -3.58866e-17  -0.00623603 -5.53646e-17  -0.00334478 -8.57191e-17  -0.00149164 -1.00685e-16 -0.000540954 -9.32041e-17 -0.000142733 -7.16249e-17 -1.14201e-05 -4.73927e-17  1.65323e-05 -2.76762e-17  1.44485e-05 -1.45103e-17   8.0869e-06 -6.91328e-18  3.69912e-06 -3.01939e-18  1.48023e-06 -1.21656e-18  5.33502e-07 -4.54289e-19  1.75836e-07 -1.57748e-19  5.34609e-08 -5.10546e-20  1.50729e-08 -1.54247e-20  3.95319e-09 -4.35471e-21  9.66097e-10 -1.14971e-21   2.2013e-10 -2.84037e-22  4.67515e-11 -6.56963e-23  9.24412e-12 -1.42305e-23  1.69816e-12 -2.88698e-24  2.88876e-13 -5.48469e-25  4.52828e-14 -9.75447e-26  6.49192e-15  -1.6233e-26  8.40915e-16 -2.52617e-27  9.63082e-17 -3.67322e-28  9.31958e-18 -4.98535e-29  6.69912e-19 -6.30726e-30  1.41644e-20 -7.42667e-31 -6.12964e-21 -8.12325e-32 -1.46926e-21 -8.23518e-33 -2.24507e-22 -7.71749e-34  -2.7604e-23 -6.66485e-35 -2.90454e-24 -5.28478e-36 -2.67721e-25 -3.83095e-37 -2.18188e-26 -2.52578e-38 -1.57621e-27 -1.50529e-39 -1.00765e-28 -8.04932e-41 -5.67318e-30 -3.82705e-42 -2.79113e-31 -1.59964e-43 -1.18676e-32 -5.79403e-45 -4.29506e-34 -1.78462e-46  -1.2956e-35 -4.55586e-48 -3.16156e-37 -9.29061e-50 -5.96693e-39 -1.42923e-51 -8.08719e-41 -1.49902e-53 -6.80499e-43 -8.51106e-56 -2.29562e-45
 5.26683e-06  1.48344e-18  7.92554e-05  4.13665e-17 -0.000584093  3.62087e-17 -0.000645631 -1.44622e-16   0.00419159 -2.92695e-16   0.00400972 -1.70178e-16  -0.00825814  1.58397e-17   -0.0152714  7.15501e-17  -0.00379846  1.05992e-16    0.0147866  1.64919e-16    0.0229305  1.50988e-16    0.0167278  5.60869e-17   0.00429141 -2.58944e-17  -0.00556261 -4.81099e-17   -0.0095249 -4.54374e-17  -0.00889529 -5.92377e-17  -0.00632958 -8.99042e-17  -0.00374736 -1.13918e-16  -0.00191671 -1.15582e-16 -0.000862949 -9.69468e-17 -0.000344889 -6.94591e-17 -0.000122413 -4.35681e-17 -3.82364e-05 -2.43548e-17 -1.02372e-05 -1.22916e-17 -2.18362e-06 -5.65443e-18 -2.73293e-07 -2.38797e-18  4.49137e-08 -9.30821e-19   4.7423e-08 -3.36263e-19  2.12122e-08 -1.12928e-19  7.19841e-09 -3.53351e-20  2.04581e-09 -1.03177e-20  5.00175e-10 -2.81468e-21  1.04764e-10 -7.17999e-22  1.80559e-11 -1.71385e-22  2.20234e-12 -3.83002e-23  2.55784e-14 -8.01571e-24 -8.98388e-14 -1.57116e-24 -3.56192e-14 -2.88377e-25 -9.70805e-15 -4.95458e-26 -2.18792e-15 -7.96395e-27 -4.31145e-16 -1.19678e-27 -7.60901e-17  -1.6798e-28 -1.21724e-17 -2.19963e-29 -1.77649e-18 -2.68324e-30 -2.37315e-19 -3.04389e-31 -2.90584e-20 -3.20447e-32 -3.26151e-21 -3.12303e-33 -3.35213e-22 -2.80956e-34 -3.14879e-23 -2.32527e-35  -2.6957e-24 -1.76339e-36 -2.09558e-25 -1.21958e-37 -1.47236e-26 -7.64927e-39 -9.29562e-28 -4.32154e-40 -5.23572e-29 -2.18124e-41 -2.60748e-30 -9.73685e-43 -1.13535e-31 -3.79538e-44 -4.26032e-33 -1.27082e-45 -1.35188e-34 -3.57604e-47 -3.53514e-36  -8.2026e-49 -7.34089e-38 -1.46562e-50 -1.14281e-39  -1.8934e-52 -1.20497e-41 -1.52867e-54 -6.82852e-44 -4.98066e-57
-1.73881e-18  2.80921e-05  7.37233e-18  1.66259e-05  5.86839e-17 -0.000880165  4.03809e-17  0.000234829 -1.38235e-16   0.00491125 -2.63423e-16   0.00205786  -1.8978e-16   -0.0100894  -7.3301e-17   -0.0143442  2.60216e-18     -0.00185  8.85673e-17    0.0157034  1.50988e-16    0.0232866  1.26536e-16    0.0178918  4.90988e-17   0.00655909 -9.42545e-18  -0.00296246 -3.42162e-17  -0.00745058 -5.50402e-17    -0.007692 -8.82307e-17  -0.00586695 -1.20872e-16  -0.00371506 -1.33959e-16  -0.00204875 -1.22365e-16  -0.00100991 -9.48294e-17 -0.000452473 -6.38792e-17 -0.000186482 -3.80955e-17 -7.13771e-05 -2.03907e-17 -2.55812e-05 -9.89699e-18 -8.64909e-06 -4.39016e-18 -2.77803e-06 -1.79051e-18 -8.53074e-07 -6.74572e-19 -2.51801e-07 -2.35627e-19 -7.17166e-08 -7.65229e-20 -1.97457e-08  -2.3155e-20  -5.2538e-09 -6.53826e-21 -1.34789e-09 -1.72483e-21 -3.32249e-10 -4.25487e-22 -7.83574e-11 -9.82173e-23 -1.76056e-11 -2.12259e-23  -3.7537e-12 -4.29566e-24  -7.5683e-13  -8.1411e-25 -1.43869e-13 -1.44454e-25 -2.57187e-14 -2.39878e-26 -4.31377e-15  -3.7256e-27 -6.77465e-16 -5.40744e-28 -9.94195e-17 -7.32694e-29 -1.36063e-17 -9.25596e-30 -1.73293e-18 -1.08842e-30 -2.04932e-19  -1.1891e-31  -2.2446e-20 -1.20421e-32  -2.2706e-21 -1.12744e-33 -2.11459e-22 -9.72823e-35 -1.80629e-23 -7.70771e-36 -1.40918e-24 -5.58319e-37  -9.9903e-26 -3.67846e-38 -6.39811e-27 -2.19078e-39 -3.67541e-28 -1.17071e-40 -1.87765e-29 -5.56249e-42 -8.44107e-31 -2.32348e-43  -3.2954e-32 -8.41009e-45 -1.09839e-33 -2.58859e-46 -3.05583e-35 -6.60353e-48 -6.87669e-37 -1.34564e-49 -1.19483e-38  -2.0685e-51 -1.48562e-40  -2.1678e-53 -1.14031e-42 -1.22977e-55 -3.47931e-45
-8.35467e-08 -2.98524e-18  6.11134e-05  1.67238e-17 -0.000158559  7.57361e-17 -0.000960752  4.76831e-17   0.00131131 -1.13566e-16   0.00502148 -2.22605e-16 -0.000107546 -1.97809e-16   -0.0114616  -1.2589e-16   -0.0131351 -3.47187e-17  0.000119934  7.01919e-17    0.0167278  1.26536e-16    0.0238476  1.04627e-16    0.0192125  4.83577e-17   0.00895613  2.14107e-18 -0.000128937 -3.39848e-17   -0.0049803 -7.50467e-17  -0.00599218 -1.17673e-16  -0.00491757  -1.4437e-16  -0.00328746 -1.44137e-16  -0.00190408 -1.20976e-16 -0.000985407 -8.75808e-17  -0.00046423 -5.57631e-17 -0.000201605 -3.16853e-17 -8.14474e-05  -1.6246e-17  -3.0821e-05  -7.5804e-18 -1.09822e-05 -3.24013e-18 -3.69935e-06  -1.2753e-18 -1.18138e-06 -4.64136e-19  -3.5834e-07 -1.56707e-19 -1.03342e-07 -4.92111e-20 -2.83434e-08  -1.4402e-20 -7.39043e-09 -3.93379e-21 -1.83055e-09 -1.00395e-21 -4.30221e-10 -2.39611e-22 -9.58098e-11 -5.35152e-23 -2.01878e-11 -1.11895e-23 -4.01831e-12 -2.19071e-24 -7.54356e-13 -4.01586e-25 -1.33343e-13 -6.89073e-26 -2.21558e-14 -1.10619e-26  -3.4544e-15 -1.66022e-27 -5.04459e-16 -2.32741e-28  -6.8865e-17 -3.04399e-29 -8.76947e-18 -3.70895e-30 -1.03931e-18 -4.20282e-31  -1.1434e-19 -4.41986e-32 -1.16434e-20 -4.30317e-33  -1.0939e-21 -3.86745e-34 -9.44664e-23 -3.19777e-35 -7.46648e-24 -2.42279e-36 -5.37439e-25  -1.6741e-37 -3.50248e-26 -1.04905e-38 -2.05228e-27 -5.92133e-40 -1.07221e-28   -2.986e-41 -4.94389e-30  -1.3317e-42 -1.98648e-31  -5.1861e-44 -6.84365e-33 -1.73485e-45 -1.97904e-34 -4.87713e-47  -4.6666e-36 -1.11762e-48 -8.60681e-38 -1.99499e-50  -1.1639e-39 -2.57473e-52 -1.03031e-41 -2.07664e-54 -4.63335e-44 -6.75883e-57
 -7.9636e-19  8.74674e-06 -3.64661e-18  7.07372e-05  2.79592e-17  -0.00040342  8.98648e-17 -0.000736252  5.87995e-17   0.00235153  -7.7131e-17   0.00453606 -1.77417e-16  -0.00231254 -1.89915e-16   -0.0123682 -1.42275e-16   -0.0116584 -4.64754e-17   0.00215389  5.60869e-17    0.0178918  1.04627e-16    0.0246173  9.06955e-17    0.0206783  4.95673e-17    0.0114384  4.04059e-18   0.00283875 -4.65667e-17  -0.00225984  -1.0047e-16  -0.00395421 -1.42587e-16   -0.0036194 -1.57801e-16  -0.00256609 -1.44231e-16   -0.0015482  -1.1251e-16 -0.000827499 -7.66003e-17 -0.000400522  -4.6261e-17 -0.000177975 -2.50848e-17 -7.32811e-05 -1.23265e-17 -2.81424e-05 -5.52879e-18 -1.01275e-05 -2.27646e-18 -3.42672e-06 -8.64397e-19  -1.0927e-06 -3.03808e-19 -3.28886e-07 -9.91316e-20   -9.352e-08 -3.01003e-20 -2.51338e-08 -8.52047e-21 -6.38428e-09 -2.25158e-21 -1.53226e-09 -5.56033e-22 -3.47283e-10 -1.28426e-22 -7.42739e-11 -2.77584e-23 -1.49759e-11 -5.61667e-24 -2.84376e-12 -1.06402e-24 -5.07948e-13 -1.88688e-25   -8.523e-14 -3.13117e-26 -1.34145e-14  -4.8594e-27 -1.97722e-15 -7.04731e-28 -2.72424e-16 -9.54068e-29  -3.5016e-17 -1.20417e-29 -4.18915e-18  -1.4147e-30 -4.65269e-19 -1.54412e-31 -4.78326e-20 -1.56228e-32  -4.5365e-21 -1.46132e-33 -3.95369e-22 -1.25972e-34 -3.15201e-23 -9.97135e-36 -2.28635e-24 -7.21598e-37 -1.49926e-25 -4.74963e-38 -8.81843e-27 -2.82599e-39 -4.60772e-28 -1.50868e-40 -2.11256e-29 -7.16123e-42 -8.36214e-31 -2.98829e-43 -2.79424e-32 -1.08055e-44 -7.62307e-34 -3.32251e-46 -1.60508e-35 -8.46704e-48 -2.31593e-37  -1.7236e-49 -1.45828e-39 -2.64673e-51  1.90348e-41 -2.77088e-53  4.87065e-43 -1.57021e-55  2.76728e-45
