 3.48821e-33  1.88406e-47 -2.59097e-31 -2.56921e-45  8.47944e-30  8.44131e-44 -1.69306e-28 -1.74872e-42  2.37902e-27  2.87592e-41 -2.53047e-26 -3.65494e-40  2.12815e-25  3.77892e-39 -1.45605e-24 -3.26277e-38  8.26485e-24  2.39604e-37 -3.94613e-23 -1.51754e-36   1.6003e-22  8.38159e-36 -5.54867e-22 -4.07324e-35  1.65145e-21  1.75456e-34 -4.22626e-21 -6.73981e-34  9.29296e-21  2.32065e-33 -1.74988e-20 -7.19427e-33  2.80289e-20  2.01608e-32 -3.77507e-20  -5.1262e-32   4.1923e-20  1.18693e-31 -3.70512e-20 -2.51177e-31  2.41723e-20  4.87603e-31 -9.20863e-21 -8.71489e-31 -1.01186e-21  1.43878e-30  3.84718e-21 -2.19966e-30 -1.99386e-21  3.11784e-30 -1.81615e-22 -4.09453e-30  6.71636e-22  4.96832e-30 -1.82921e-22 -5.54343e-30 -1.30698e-22  5.65021e-30  7.52206e-23  -5.2199e-30  2.00162e-23  4.33315e-30 -1.94706e-23 -3.20299e-30 -3.23999e-24  2.08981e-30  4.04554e-24 -1.19513e-30  7.21817e-25  5.98123e-31  -6.8904e-25 -2.64996e-31 -1.83475e-25  1.07711e-31  8.70263e-26 -4.25512e-32  3.89845e-26  1.69526e-32 -5.47865e-27 -6.67562e-33 -5.82663e-27  2.58282e-33 -4.98009e-28 -1.08369e-33  5.05849e-28  5.10053e-34  1.54929e-28  -2.0475e-34 -9.22037e-30   3.0474e-35 -1.39882e-29   3.1936e-35 -2.51794e-30  -2.9451e-35  2.86601e-31  1.22908e-35  1.98449e-31 -2.27136e-36  2.96428e-32 -4.19094e-37 -1.73989e-33  4.35419e-37 -1.36859e-33 -1.64176e-37 -2.13949e-34  4.64029e-38 -5.62586e-36 -1.22043e-38  3.27815e-36   2.8276e-39  5.82839e-37 -5.00773e-40  4.00197e-38  6.84878e-41 -2.22876e-40 -7.77906e-42 -2.80094e-40  5.13369e-43 -2.32243e-41  2.67713e-45 -1.01345e-42  3.34046e-46  -8.8878e-46 -1.35436e-46  5.97561e-46 -2.68505e-48
 1.88406e-47  3.70463e-31  1.04584e-45 -1.75177e-29 -9.38283e-44  4.38262e-28  2.70403e-42  -7.2831e-27 -5.06345e-41  8.88131e-26  7.34859e-40 -8.40117e-25 -8.49042e-39  6.38392e-24  8.09004e-38 -3.98971e-23  -6.4934e-37   2.0847e-22  4.45987e-36 -9.21385e-22 -2.65402e-35  3.47254e-21  1.38225e-34  -1.1219e-20 -6.35206e-34  3.11608e-20   2.5929e-33 -7.44477e-20 -9.45326e-33  1.52711e-19  3.09238e-32 -2.67667e-19 -9.11245e-32   3.9743e-19  2.42742e-31 -4.92617e-19 -5.86518e-31  4.97001e-19  1.28978e-30 -3.88863e-19 -2.59066e-30  2.09937e-19  4.77154e-30 -4.53424e-20 -8.09215e-30  -3.8509e-20  1.26887e-29  4.07029e-20 -1.84605e-29 -1.05565e-20  2.49722e-29 -7.50583e-21 -3.14041e-29  6.04652e-21  3.66072e-29  1.70514e-22 -3.93292e-29 -1.65165e-21  3.86312e-29  2.71703e-22  -3.4357e-29  3.58651e-22  2.73697e-29 -9.18341e-23  -1.9309e-29 -7.29733e-23  1.19273e-29  1.82863e-23  -6.3878e-30  1.44685e-23  2.95565e-30 -2.18107e-24 -1.19892e-30 -2.60193e-24  4.48819e-31  2.78766e-27 -1.67547e-31  3.69241e-25  6.26733e-32  6.20126e-26 -2.03737e-32 -3.29583e-26  4.54103e-33 -1.33704e-26  -5.1855e-34  5.16583e-28  1.10365e-34  1.32766e-27  6.39986e-36  2.52584e-28 -2.11517e-34 -4.07228e-29  2.58998e-34 -2.56949e-29 -1.62576e-34 -3.40046e-30  5.92015e-35  5.49594e-31 -8.88892e-36  2.66719e-31 -3.02075e-36  3.46234e-32  2.42241e-36 -1.64691e-33 -8.84126e-37 -1.23695e-33  2.47698e-37 -1.79619e-34 -6.22348e-38 -6.95165e-36  1.30272e-38  1.45664e-36 -2.00327e-39  2.59617e-37  2.36819e-40   1.8837e-38 -2.46308e-41   3.7967e-40  1.43247e-42 -3.76545e-41  2.44709e-44 -3.30308e-42  1.27264e-45  -5.5744e-44 -3.06197e-46 -7.85934e-47
-2.59097e-31  1.04584e-45  2.16878e-29  3.64016e-44 -7.16285e-28 -2.31509e-42  1.44171e-26  5.68928e-41 -2.04291e-25 -9.51929e-40  2.19212e-24  1.24542e-38 -1.86063e-23 -1.32177e-37  1.28535e-22  1.16857e-36 -7.37017e-22 -8.76073e-36  3.55665e-21  5.64782e-35 -1.45865e-20 -3.16692e-34  5.11798e-20  1.55904e-33 -1.54261e-19 -6.78934e-33   4.0012e-19  2.63145e-32 -8.92622e-19  -9.1223e-32  1.70737e-18  2.83997e-31 -2.78231e-18 -7.96723e-31  3.82043e-18  2.02022e-30 -4.33884e-18 -4.64352e-30  3.94229e-18   9.7043e-30 -2.67468e-18 -1.85026e-29   1.1061e-18  3.23139e-29  3.52677e-20 -5.19353e-29  -4.0746e-19  7.72093e-29  2.40594e-19  -1.0669e-28   2.8443e-21  1.37511e-28    -7.41e-20 -1.65446e-28  2.59328e-20  1.85275e-28  1.28627e-20 -1.91818e-28 -9.68104e-21   1.8179e-28 -1.57698e-21 -1.55815e-28  2.45188e-21  1.19177e-28  1.90588e-22  -8.0191e-29 -5.16347e-22  4.67719e-29 -4.68616e-23 -2.33235e-29  9.25144e-23  9.88134e-30  1.59326e-23 -3.63472e-30 -1.30213e-23  1.26692e-30 -4.15763e-24  -4.7108e-31  1.13232e-24  1.72796e-31  7.26849e-25 -3.91235e-32  7.42063e-27 -1.01098e-32 -7.57036e-26  1.57197e-32 -1.68284e-26 -9.19542e-33  2.90877e-27  4.35317e-33  1.97134e-27 -2.34112e-33  2.41317e-28  1.35459e-33 -6.80037e-29 -6.40333e-34 -2.83114e-29  1.98055e-34 -2.94122e-30 -1.99847e-35   5.3912e-31 -1.49149e-35  2.12804e-31  9.57594e-36  2.52666e-32 -3.29782e-36 -6.27611e-34  8.88817e-37 -6.08014e-34  -2.1052e-37 -8.35002e-35  4.00248e-38 -4.16442e-36 -5.35932e-39  2.51632e-37  5.40505e-40  5.49141e-38 -5.12934e-41  3.56733e-39  2.61923e-42  9.26796e-41   6.9769e-44 -1.34194e-42  3.06335e-45 -6.04645e-44 -3.37948e-46
-2.56921e-45 -1.75177e-29  3.64016e-44  8.36273e-28  8.65398e-43 -2.10911e-26 -4.25166e-41  3.53447e-25  9.02539e-40 -4.34805e-24 -1.36046e-38  4.15093e-23   1.6284e-37 -3.18472e-22 -1.60112e-36  2.01053e-21  1.32067e-35 -1.06175e-20 -9.28206e-35  4.74541e-20   5.6315e-34  -1.8097e-19 -2.98162e-33  5.92032e-19  1.38991e-32 -1.66639e-18 -5.74536e-32  4.03835e-18  2.11783e-31 -8.41183e-18 -6.99245e-31  1.49929e-17  2.07517e-30  -2.2678e-17 -5.55136e-30  2.87085e-17  1.34191e-29 -2.96987e-17 -2.93792e-29  2.40034e-17  5.84026e-29 -1.36475e-17 -1.05737e-28  3.53633e-18  1.75039e-28  2.06156e-18 -2.66296e-28  -2.6031e-18   3.7462e-28  8.32604e-19 -4.90538e-28  4.06734e-19  6.01167e-28 -4.13299e-19 -6.91153e-28   2.1023e-20   7.4353e-28  1.06298e-19  -7.4254e-28 -2.66939e-20  6.79958e-28 -2.20457e-20 -5.62373e-28  8.18671e-21  4.13142e-28  4.41264e-21 -2.64794e-28  -1.6919e-21  1.45216e-28 -9.03806e-22 -6.68005e-29  2.42965e-22  2.54807e-29  1.75157e-22 -8.35733e-30 -1.61798e-23  2.80083e-30 -2.76814e-23 -1.15343e-30 -2.45758e-24  4.44578e-31  2.94483e-24 -4.73611e-32  8.56781e-25 -1.02913e-31 -1.22983e-25  1.01813e-31 -1.06081e-25  -5.9359e-32 -1.32804e-26  2.78124e-32  4.95415e-27 -1.23507e-32  2.00516e-27  5.39682e-33  1.59036e-28 -2.04677e-33  -6.8104e-29  5.24693e-34 -2.17991e-29 -1.77524e-35 -1.93086e-30 -5.68384e-35  3.24558e-31  3.04469e-35  1.13668e-31  -9.7469e-36  1.27269e-32  2.47931e-36  2.29145e-35 -5.48854e-37 -1.75861e-34  9.49124e-38 -2.33804e-35 -1.10242e-38 -1.29215e-36  9.25581e-40  7.57365e-39 -7.99302e-41  5.06003e-39  3.62698e-42  2.70563e-40  1.15126e-43  4.48995e-42  4.70306e-45  2.47583e-44
 8.47944e-30 -9.38283e-44 -7.16285e-28  8.65398e-43  2.38482e-26  1.52793e-41 -4.84048e-25 -6.15012e-40  6.91935e-24  1.15265e-38 -7.49315e-23 -1.58713e-37  6.42142e-22  1.75876e-36 -4.48093e-21   -1.613e-35  2.59667e-20  1.24607e-34 -1.26711e-19 -8.22837e-34  5.25801e-19  4.70459e-33 -1.86792e-18 -2.35426e-32  5.70476e-18  1.04016e-31 -1.50064e-17 -4.08538e-31  3.39863e-17  1.43391e-30 -6.60791e-17 -4.51519e-30   1.0963e-16   1.2793e-29 -1.53589e-16 -3.26862e-29  1.78527e-16  7.54435e-29 -1.66896e-16 -1.57561e-28    1.178e-16  2.98288e-28 -5.26487e-17  -5.1317e-28  2.06815e-18  8.05189e-28  1.69359e-17 -1.15836e-27 -1.14533e-17  1.53896e-27  7.27415e-19 -1.90455e-27  3.19594e-18  2.21368e-27 -1.40787e-18 -2.42814e-27 -4.69525e-19  2.50913e-27  4.85303e-19 -2.41994e-27  3.29766e-20  2.14483e-27     -1.2e-19   -1.714e-27  1.27047e-21  1.20948e-27  2.54962e-20 -7.36692e-28  5.76993e-23  3.77346e-28 -4.77728e-21 -1.57672e-28 -3.95085e-22  5.24736e-29  7.36823e-22 -1.48519e-29  1.58771e-22  5.23766e-30   -7.858e-23 -2.78713e-30 -3.42318e-23  1.16893e-30  2.81692e-24  1.42024e-32   4.2791e-24 -4.69193e-31  6.31352e-25  4.27258e-31 -2.42302e-25 -2.49962e-31 -1.04808e-25  1.16043e-31 -6.40447e-27 -4.72859e-32  5.18754e-27  1.75526e-32  1.51688e-27  -5.5556e-33  8.09145e-29   1.1475e-33 -4.62972e-29  6.76036e-35 -1.23651e-29 -1.76528e-34 -1.01343e-30  8.14847e-35  1.22912e-31 -2.40507e-35  4.13885e-32  5.70242e-36  4.45507e-33 -1.17277e-36  1.06768e-34  1.84352e-37   -2.875e-35 -1.84126e-38 -3.76773e-36  1.23221e-39 -1.92448e-37 -9.65486e-41 -2.73007e-39  4.02791e-42  1.44253e-40  1.23238e-43  4.59245e-42  4.19444e-45
 8.44131e-44  4.38262e-28 -2.31509e-42 -2.10911e-26  1.52793e-41  5.36404e-25  2.12944e-40 -9.06822e-24 -7.32587e-39  1.12583e-22  1.24171e-37 -1.08515e-21 -1.58585e-36  8.40969e-21  1.64226e-35 -5.36538e-20 -1.41084e-34  2.86502e-19  1.02225e-33 -1.29554e-18 -6.34305e-33  5.00195e-18  3.41629e-32 -1.65787e-17 -1.61506e-31  4.73171e-17  6.76148e-31 -1.16386e-16 -2.52361e-30  2.46344e-16  8.43837e-30   -4.468e-16 -2.53652e-29  6.88998e-16  6.87007e-29 -8.91514e-16 -1.67908e-28  9.46435e-16   3.7067e-28 -7.90714e-16 -7.39692e-28  4.73215e-16  1.33562e-27 -1.42871e-16 -2.18577e-27 -5.55447e-17   3.2518e-27  8.80988e-17  -4.4207e-27 -3.39315e-17  5.53608e-27 -1.09165e-17 -6.45633e-27  1.48673e-17  7.09544e-27 -1.94439e-18 -7.41056e-27 -3.55996e-18  7.35457e-27  1.25845e-18 -6.85989e-27  6.89652e-19  5.89605e-27 -3.64704e-19 -4.55803e-27 -1.33056e-19  3.08746e-27  7.73955e-20 -1.78004e-27  2.81718e-20  8.42424e-28 -1.24115e-20 -3.11157e-28 -5.96899e-21  8.44761e-29   1.2548e-21 -1.91171e-29  1.06004e-21  9.19989e-30  3.56164e-24 -7.06771e-30 -1.31994e-22  3.05525e-30 -2.62775e-23  4.07921e-31  8.33021e-24 -1.68543e-30  4.28707e-24  1.45975e-30  2.41593e-25 -8.44659e-31 -2.73141e-25  3.84153e-31 -7.83609e-26 -1.46898e-31 -1.27799e-27  4.84267e-32  3.83506e-27 -1.30876e-32  8.90148e-28  2.08601e-33  3.64993e-29  4.11071e-34 -2.22066e-29 -4.62132e-34 -5.22233e-30  1.88009e-34 -4.20156e-31 -5.09345e-35  2.69389e-32  1.11604e-35  1.00594e-32  -2.1222e-36  1.03577e-33  3.02737e-37  3.78639e-35 -2.56713e-38 -2.17172e-36  1.26188e-39 -2.98665e-37 -8.93019e-41 -1.27729e-38  3.66964e-42 -1.88482e-40  8.42791e-44  -1.7578e-43
-1.69306e-28  2.70403e-42  1.44171e-26 -4.25166e-41 -4.84048e-25  2.12944e-40  9.91119e-24  2.45463e-39 -1.42982e-22 -7.49643e-38   1.5633e-21  1.17901e-36 -1.35322e-20  -1.4161e-35  9.54281e-20  1.37785e-34 -5.59148e-19 -1.10925e-33  2.76041e-18  7.52519e-33  -1.1596e-17 -4.37633e-32  4.17326e-17   2.2144e-31  -1.2922e-16 -9.86667e-31  3.44939e-16  3.90709e-30 -7.93614e-16 -1.38426e-29  1.56954e-15  4.40818e-29  -2.6531e-15 -1.26539e-28  3.79531e-15  3.27941e-28 -4.51895e-15 -7.67779e-28  4.35004e-15  1.62389e-27  -3.1955e-15 -3.10212e-27   1.5377e-15  5.35189e-27 -1.61745e-16 -8.34389e-27 -4.25405e-16  1.17799e-26  3.32795e-16 -1.51302e-26 -4.55775e-17  1.78312e-26 -8.28799e-17 -1.95377e-26  4.57023e-17  2.02303e-26  9.24906e-18 -2.00682e-26  -1.4661e-17  1.91231e-26  3.56751e-19 -1.72775e-26  3.52145e-18  1.44282e-26 -3.66897e-19 -1.07969e-26 -7.50452e-19   7.0059e-27  7.04683e-20 -3.79647e-27  1.46435e-19  1.62968e-27 -1.50005e-21 -5.04235e-28  -2.4539e-20  9.19748e-29 -2.97792e-21 -1.23205e-29  3.05494e-21  1.82715e-29  9.19262e-22 -1.85148e-29 -1.96548e-22  7.37886e-30 -1.41251e-22  2.20008e-30 -1.01616e-23 -5.33584e-30  1.06055e-23  4.35789e-30  3.20846e-24 -2.45238e-30 -4.57215e-26  1.07987e-30 -2.17714e-25 -3.89295e-31 -4.63176e-26  1.16157e-31  5.74291e-28 -2.71022e-32  2.10243e-27  3.07399e-33  4.11939e-28  1.34361e-33  1.62153e-29 -1.04327e-33 -7.48334e-30   3.7974e-34 -1.61678e-30 -9.41749e-35 -1.30375e-31   1.8947e-35  2.24487e-33 -3.31651e-36  1.52668e-33  4.28405e-37  1.46551e-34 -3.03586e-38  5.77144e-36   9.1269e-40 -1.12966e-38  -5.7928e-41 -8.96235e-39  2.72194e-42 -2.27337e-40  3.09895e-44
-1.74872e-42  -7.2831e-27  5.68928e-41  3.53447e-25 -6.15012e-40 -9.06822e-24  2.45463e-39  1.54714e-22  2.44915e-38 -1.93927e-21   -6.918e-37  1.88804e-20  1.03468e-35 -1.47865e-19  -1.1781e-34   9.5384e-19   1.0761e-33 -5.15271e-18  -8.0838e-33  2.35864e-17  5.10751e-32 -9.22456e-17 -2.76886e-31  3.09945e-16  1.30951e-30 -8.97544e-16 -5.47443e-30  2.24221e-15  2.04299e-29  -4.8259e-15 -6.85319e-29  8.91347e-15  2.07544e-28 -1.40241e-14 -5.68723e-28  1.85631e-14  1.41109e-27 -2.02401e-14 -3.16859e-27   1.7492e-14   6.4319e-27 -1.10139e-14 -1.17854e-26  3.79531e-15  1.94674e-26   9.0405e-16 -2.89691e-26 -1.98148e-15  3.88667e-26  9.06307e-16  -4.7187e-26  1.70191e-16  5.22801e-26 -3.53494e-16 -5.36694e-26  7.59005e-17   5.2158e-26  7.73537e-17 -4.89979e-26 -3.73647e-17  4.48086e-26 -1.34321e-17 -3.92729e-26  1.04039e-17  3.19074e-26  2.38755e-18 -2.30935e-26 -2.25183e-18   1.4285e-26 -5.24582e-19 -7.18358e-27  3.90561e-19  2.70136e-27  1.25988e-19  -6.1188e-28 -4.86722e-20  6.24351e-30 -2.57952e-20  1.33997e-29  2.58294e-21  4.69727e-29  3.75928e-21 -4.77258e-29  4.29594e-22  1.54364e-29    -3.12e-22  8.98096e-30 -1.08816e-22 -1.53877e-29  3.00985e-24  1.16964e-29  9.17271e-24 -6.30986e-30  1.87693e-24  2.66386e-30 -1.37266e-25 -9.05021e-31 -1.31405e-25  2.46423e-31 -2.22713e-26 -4.97505e-32  5.51578e-28  3.31965e-33  8.65049e-28  3.35183e-33  1.49671e-28 -2.06369e-33  6.65188e-30   6.7867e-34 -1.70216e-30 -1.53783e-34 -3.52736e-31  2.82573e-35 -2.79507e-32 -4.53129e-36 -3.40927e-34  5.28836e-37  1.25696e-34 -3.07791e-38  1.10027e-35  2.80771e-40   3.7901e-37 -1.62143e-41  3.51551e-39  1.56149e-42 -3.48737e-41
 2.37902e-27 -5.06345e-41 -2.04291e-25  9.02539e-40  6.91935e-24 -7.32587e-39 -1.42982e-22  2.44915e-38  2.08255e-21  2.23447e-37 -2.29989e-20 -6.09105e-36  2.01184e-19  8.78996e-35 -1.43444e-18 -9.46253e-34   8.5026e-18  8.05276e-33 -4.24893e-17 -5.59977e-32  1.80793e-16  3.27008e-31 -6.59532e-16 -1.64047e-30  2.07174e-15  7.20081e-30 -5.61569e-15 -2.80602e-29  1.31344e-14  9.81341e-29 -2.64419e-14 -3.10327e-28   4.5575e-14  8.91213e-28 -6.66261e-14 -2.32822e-27  8.13298e-14  5.53047e-27 -8.06814e-14 -1.19232e-26  6.17086e-14  2.32683e-26 -3.18705e-14 -4.09832e-26   5.3244e-15  6.49676e-26  7.40724e-15 -9.24907e-26 -6.81827e-15  1.18168e-25  1.43497e-15 -1.35788e-25  1.47918e-15  1.41428e-25 -1.03028e-15 -1.35751e-25 -9.18342e-17  1.23371e-25  3.07935e-16 -1.09393e-25 -3.67303e-17  9.59188e-26 -7.11982e-17 -8.16108e-26  1.49995e-17  6.44816e-26    1.509e-17 -4.49584e-26  -3.1361e-18  2.62383e-26 -3.05705e-18  -1.1945e-26  3.56123e-19  3.63843e-27  5.55322e-19 -3.10809e-28  1.43987e-20 -2.80445e-28 -7.89626e-20  3.68032e-29 -1.53675e-20   1.4052e-28  6.89106e-21 -1.16606e-28  3.11642e-21  2.58831e-29 -4.94476e-23  3.08263e-29 -3.00103e-22 -4.07515e-29 -6.32393e-23  2.85789e-29  7.97943e-24 -1.46241e-29  5.99122e-24  5.87629e-30  8.89002e-25  -1.8787e-30 -1.06094e-25  4.68302e-31 -6.16499e-26 -8.14035e-32 -8.83031e-27   1.3825e-33  1.87882e-28  6.96851e-33  2.64072e-28 -3.61786e-33  4.16242e-29   1.0816e-33  2.14328e-30 -2.23605e-34 -2.37009e-31  3.73459e-35 -5.05365e-32 -5.45388e-36 -3.76219e-33   5.7415e-37 -9.64614e-35 -2.70246e-38  4.03147e-36  -3.7116e-40  3.37617e-37  1.60251e-41  6.67947e-39  5.94917e-43
 2.87592e-41  8.88131e-26 -9.51929e-40 -4.34805e-24  1.15265e-38  1.12583e-22 -7.49643e-38 -1.93927e-21  2.23447e-37  2.45527e-20  1.98572e-36 -2.41561e-19 -5.36779e-35  1.91274e-18  7.43726e-34 -1.24817e-17 -7.47552e-33  6.82497e-17  5.86505e-32 -3.16424e-16 -3.74469e-31  1.25431e-15  2.00694e-30 -4.27506e-15  -9.2518e-30   1.2569e-14  3.74157e-29 -3.19123e-14 -1.34882e-28  6.98934e-14  4.38882e-28 -1.31565e-13 -1.30035e-27  2.11371e-13  3.52571e-27 -2.86455e-13 -8.75932e-27  3.21066e-13  1.99071e-26 -2.87231e-13 -4.12372e-26  1.90211e-13  7.75022e-26 -7.36815e-14 -1.31519e-25 -8.52768e-15  2.00602e-25  3.26435e-14 -2.73968e-25 -1.76195e-14  3.34219e-25 -1.30329e-15 -3.64368e-25  6.12135e-15  3.57266e-25   -1.878e-15  -3.2051e-25 -1.18604e-15  2.71699e-25  7.86637e-16 -2.26673e-25  1.68403e-16  1.90212e-25 -2.11761e-16 -1.56861e-25 -2.38448e-17  1.19998e-25   4.6479e-17 -7.97725e-26  5.54072e-18  4.29853e-26 -8.57394e-18 -1.67697e-26 -1.70189e-18  3.17682e-27  1.22876e-18  1.02176e-27  4.30138e-19 -8.52017e-28 -1.05832e-19 -7.18391e-29 -7.49404e-20  4.15624e-28 -1.82823e-21 -2.64881e-28  7.78744e-21  2.74091e-29  1.85686e-21  9.18307e-29 -2.80903e-22 -9.92176e-29 -2.11688e-22  6.39575e-29 -2.83487e-23 -3.08271e-29   6.8158e-24  1.17322e-29  3.08487e-24 -3.52544e-30   3.5262e-25   8.0516e-31 -5.10048e-26 -1.19101e-31 -2.25567e-26   -4.614e-33 -2.87002e-27  1.25326e-32  1.79807e-29 -5.66689e-33  5.77809e-29  1.54569e-33  8.45374e-30 -2.91215e-34  4.76382e-31  4.40136e-35 -1.50174e-32 -5.80726e-36 -4.23324e-33  5.51479e-37 -2.77575e-34 -2.08537e-38 -7.27568e-36 -7.71919e-40 -1.48648e-39  2.62684e-41  1.72719e-39
-2.53047e-26  7.34859e-40  2.19212e-24 -1.36046e-38 -7.49315e-23  1.24171e-37   1.5633e-21   -6.918e-37 -2.29989e-20  1.98572e-36   2.5667e-19  1.80051e-35 -2.27002e-18 -4.79715e-34  1.63727e-17  6.25426e-33   -9.823e-17  -5.7885e-32  4.97161e-16  4.15534e-31 -2.14399e-15  -2.4254e-30  7.93291e-15  1.18885e-29 -2.52966e-14 -5.01592e-29  6.96763e-14  1.85887e-28 -1.65786e-13 -6.15682e-28  3.40005e-13  1.84947e-27 -5.98033e-13  -5.0959e-27  8.94206e-13  1.29664e-26 -1.12006e-12 -3.05205e-26  1.14603e-12  6.62704e-26 -9.13032e-13 -1.31966e-25  5.04754e-13  2.39277e-25 -1.14029e-13 -3.92179e-25 -9.49951e-14  5.77212e-25  1.05897e-13 -7.58605e-25 -3.02994e-14  8.86615e-25 -1.92189e-14 -9.20291e-25  1.73972e-14  8.52351e-25 -2.57493e-16 -7.16351e-25 -4.81997e-15   5.6653e-25  1.07622e-15 -4.43781e-25  1.05611e-15  3.55091e-25 -3.62138e-16 -2.81968e-25  -2.1951e-16   2.0626e-25  7.87334e-17 -1.27777e-25  4.60688e-17  6.05543e-26 -1.16661e-17 -1.71719e-26 -9.11489e-18 -1.51257e-27  7.58115e-19  4.31933e-27  1.47213e-18  -1.5519e-27  1.42367e-19 -7.25458e-28 -1.59674e-19  1.13141e-27 -4.82344e-20 -5.54367e-28  6.60877e-21 -1.66667e-29  6.02403e-21  2.41896e-28  7.89623e-22 -2.22158e-28 -2.78841e-22  1.31566e-28 -1.16997e-22 -5.94792e-29 -9.98289e-24  2.13782e-29  3.82524e-24  -6.0352e-30  1.27446e-24  1.26251e-30  1.20569e-25  -1.5592e-31 -1.68008e-26 -1.63069e-32  -6.3426e-27  1.98848e-32 -7.41868e-28 -7.97638e-33 -9.48239e-30  1.98818e-33  8.49194e-30  -3.4113e-34  1.16691e-30  4.64673e-35  6.59714e-32 -5.47848e-36  3.32691e-34  4.70942e-37 -1.67894e-34 -1.44907e-38 -8.61078e-36 -8.07477e-40 -1.35531e-37  1.72878e-41
-3.65494e-40 -8.40117e-25  1.24542e-38  4.15093e-23 -1.58713e-37 -1.08515e-21  1.17901e-36  1.88804e-20 -6.09105e-36 -2.41561e-19  1.80051e-35  2.40283e-18  1.66528e-34 -1.92464e-17 -4.24349e-33   1.2712e-16  5.10504e-32 -7.03961e-16 -4.31731e-31  3.30765e-15   2.8311e-30 -1.32978e-14 -1.51181e-29   4.6004e-14   6.7854e-29 -1.37417e-13 -2.62082e-28  3.54858e-13  8.88533e-28 -7.91482e-13 -2.69245e-27   1.5196e-12  7.41746e-27  -2.4951e-12 -1.88569e-26  3.46514e-12   4.4702e-26 -3.99596e-12 -9.91867e-26  3.70328e-12  2.05307e-25 -2.57856e-12 -3.93107e-25  1.10996e-12  6.88903e-25  1.35336e-14 -1.09349e-24 -4.14893e-13  1.55782e-24   2.6444e-13 -1.97703e-24 -7.30603e-15  2.22248e-24 -8.12494e-14 -2.20683e-24  3.35762e-14  1.94167e-24  1.31412e-14 -1.53823e-24 -1.25268e-14  1.14044e-24 -1.12695e-15 -8.39205e-25  3.25993e-15  6.36007e-25   5.2071e-18 -4.78669e-25 -7.21097e-16  3.25704e-25 -6.57757e-18 -1.78634e-25   1.4007e-16  6.47518e-26  1.21448e-17 -2.18991e-27 -2.23948e-17 -1.57161e-26 -4.90036e-18  1.05256e-26  2.48198e-18 -1.46606e-27  1.08945e-18 -2.93997e-27 -9.46271e-20  2.79117e-27 -1.40738e-19 -1.06284e-27 -2.06664e-20  -1.9461e-28  8.22693e-21  5.71229e-28   3.5512e-21 -4.57968e-28  2.15331e-22  2.49425e-28 -1.78371e-22 -1.05523e-28 -5.23301e-23  3.57762e-29 -2.87705e-24 -9.49324e-30   1.5677e-24  1.81763e-30  4.22718e-25  -1.8215e-31   3.5775e-26 -3.40957e-32 -3.74425e-27   2.8157e-32 -1.32534e-27  -1.0128e-32 -1.44533e-28  2.30653e-33 -4.15713e-30 -3.60365e-34  7.42691e-31  4.40951e-35  9.82032e-32  -4.5741e-36  4.98621e-33  3.59328e-37  8.18996e-35 -9.34836e-39 -1.83023e-36 -5.68017e-40 -4.86536e-38
 2.12815e-25 -8.49042e-39 -1.86063e-23   1.6284e-37  6.42142e-22 -1.58585e-36 -1.35322e-20  1.03468e-35  2.01184e-19 -5.36779e-35 -2.27002e-18  1.66528e-34  2.03087e-17  1.51357e-33 -1.48256e-16 -3.58588e-32  9.00813e-16  3.94178e-31 -4.62033e-15 -3.04425e-30  2.02066e-14   1.8292e-29 -7.58834e-14 -8.97576e-29  2.45814e-13  3.70571e-28 -6.88497e-13 -1.31543e-27  1.66783e-12  4.08898e-27 -3.48738e-12 -1.13303e-26  6.26493e-12   2.8515e-26 -9.58985e-12  -6.6432e-26  1.23371e-11  1.45592e-25 -1.30309e-11 -3.02666e-25   1.0819e-11  5.95449e-25 -6.38788e-12 -1.09628e-24  1.80487e-12  1.86053e-24   9.1532e-13 -2.86829e-24 -1.30099e-12  3.96834e-24  4.76782e-13 -4.88104e-24  1.83459e-13  5.30104e-24 -2.30038e-13 -5.06481e-24  2.66667e-14  4.26739e-24  5.83303e-14 -3.22019e-24 -2.01831e-14  2.26241e-24 -1.17723e-14 -1.57071e-24   6.2149e-15  1.11533e-24  2.33451e-15 -7.71889e-25 -1.38583e-15  4.61453e-25  -5.0696e-16 -1.95179e-25  2.33809e-16   1.9652e-26  1.11186e-16  5.06809e-26 -2.53226e-17 -4.78292e-26 -2.06118e-17  1.95777e-26  1.65717e-19  2.07581e-27  2.69451e-18 -8.82574e-27  5.13388e-19  6.25486e-27 -1.81744e-19 -1.85505e-27 -8.95877e-20  -6.8185e-28 -4.27897e-21  1.22197e-27  6.00352e-21 -8.70694e-28  1.67222e-21  4.36758e-28  1.65554e-23 -1.72748e-28 -8.47443e-23  5.52582e-29 -1.92488e-23 -1.38025e-29 -7.52089e-25   2.4164e-30  4.78955e-25 -1.88353e-31  1.10825e-25 -5.62752e-32  8.90761e-27  3.58357e-32 -5.09042e-28 -1.16301e-32 -1.94523e-28  2.41413e-33 -1.96483e-29  -3.4363e-34 -7.37561e-31  3.76999e-35  2.89101e-32  -3.3674e-36  4.18965e-33  2.46197e-37  1.59678e-34 -5.65726e-39  1.91928e-36 -2.54091e-40
 3.77892e-39  6.38392e-24 -1.32177e-37 -3.18472e-22  1.75876e-36  8.40969e-21  -1.4161e-35 -1.47865e-19  8.78996e-35  1.91274e-18 -4.79715e-34 -1.92464e-17  1.51357e-33  1.56032e-16      1.3e-32 -1.04369e-15 -2.82127e-31  5.85707e-15  2.83017e-30  -2.7908e-14 -2.00331e-29  1.13867e-13  1.10875e-28 -4.00128e-13 -5.02831e-28   1.2152e-12  1.92104e-27 -3.19414e-12  -6.3036e-27   7.2611e-12  1.80554e-26 -1.42315e-11 -4.58875e-26  2.39027e-11  1.05466e-25 -3.40492e-11 -2.24202e-25  4.04362e-11  4.51095e-25 -3.88505e-11 -8.72846e-25  2.84379e-11   1.6264e-24 -1.34822e-11 -2.87914e-24  1.05493e-12  4.74225e-24  4.18813e-12 -7.12248e-24 -3.17937e-12  9.60168e-24  3.89482e-13 -1.14885e-23   8.4947e-13  1.21101e-23 -4.62835e-13 -1.12064e-23 -1.00538e-13  9.13028e-24   1.5682e-13 -6.65342e-24 -4.06511e-15  4.49865e-24 -3.92285e-14 -2.96899e-24  4.48472e-15  1.94607e-24  8.67343e-15 -1.17838e-24 -9.53411e-16  5.44444e-25 -1.76246e-15 -8.15737e-26  4.96031e-17 -1.51482e-25   3.1017e-16  1.81875e-25  3.22757e-17 -1.08788e-25 -4.10856e-17  2.81025e-26  -1.1519e-17  1.51174e-26  2.95281e-18 -2.22046e-26  1.91467e-18  1.28101e-26  1.04798e-19 -2.91927e-27 -1.55238e-19 -1.77569e-27 -4.40052e-20  2.38681e-27  1.43466e-21 -1.52978e-27  3.21545e-21  7.07772e-28   6.4729e-22 -2.61703e-28 -1.62123e-23  7.91027e-29 -3.11134e-23 -1.86431e-29 -5.83608e-24  2.98028e-30 -2.03125e-25 -1.69157e-31   1.0735e-25 -7.88703e-32  2.22108e-26  4.11736e-32  1.73513e-27 -1.20962e-32 -2.68419e-29   2.2754e-33 -1.83099e-29 -2.95356e-34 -1.67049e-30   2.9074e-35 -6.30817e-32 -2.17126e-36 -7.64059e-35  1.51783e-37  6.03396e-35 -3.03797e-39  9.67215e-37
-1.45605e-24  8.09004e-38  1.28535e-22 -1.60112e-36 -4.48093e-21  1.64226e-35  9.54281e-20  -1.1781e-34 -1.43444e-18  7.43726e-34  1.63727e-17 -4.24349e-33 -1.48256e-16      1.3e-32  1.09606e-15  1.03073e-31 -6.74873e-15 -2.04107e-30  3.51013e-14  1.87447e-29 -1.55787e-13  -1.2223e-28    5.942e-13  6.26557e-28 -1.95678e-12 -2.64108e-27  5.57761e-12  9.39172e-27 -1.37671e-11 -2.86609e-26  2.93744e-11   7.6105e-26 -5.39454e-11 -1.78338e-25  8.46137e-11  3.75435e-25 -1.11906e-10 -7.27555e-25  1.22127e-10  1.33727e-24 -1.05723e-10 -2.39381e-24  6.65443e-11  4.20967e-24 -2.24701e-11 -7.16633e-24  -6.4547e-12  1.14834e-23  1.29835e-11 -1.68543e-23 -5.90703e-12  2.22082e-23 -1.20934e-12 -2.59373e-23  2.44809e-12  2.66559e-23 -5.39482e-13 -2.40508e-23 -5.54351e-13  1.91426e-23  2.80238e-13 -1.36662e-23  9.71631e-14  9.03391e-24 -8.15918e-14 -5.70948e-24 -1.71327e-14  3.39509e-24  1.85124e-14 -1.66572e-24  3.85464e-15  3.84083e-25 -3.40102e-15  3.72251e-25 -9.90079e-16 -5.93466e-25  4.60643e-16    4.554e-25    2.192e-16 -2.08642e-25 -3.08769e-17  2.52754e-26 -3.45943e-17   4.9247e-26 -3.05696e-18  -4.9178e-26  3.16684e-18  2.41195e-26  9.95419e-19 -4.06957e-27 -5.91341e-20 -3.90735e-27 -9.29754e-20   4.2823e-27 -1.72229e-20 -2.48877e-27  1.83559e-21  1.06325e-27  1.34675e-21 -3.67786e-28  2.10246e-22  1.05338e-28    -9.05e-24 -2.34962e-29 -8.86682e-24  3.42168e-30 -1.43823e-24 -1.25959e-31 -5.50733e-26 -9.65079e-32  1.68223e-26  4.28233e-32  3.22295e-27  -1.1408e-32  2.40867e-28  1.92185e-33  2.74342e-30 -2.27596e-34 -9.41941e-31  2.02103e-35 -7.44979e-32 -1.21346e-36 -2.19185e-33  8.32804e-38 -1.64866e-35 -1.20976e-39
-3.26277e-38 -3.98971e-23  1.16857e-36  2.01053e-21   -1.613e-35 -5.36538e-20  1.37785e-34   9.5384e-19 -9.46253e-34 -1.24817e-17  6.25426e-33   1.2712e-16 -3.58588e-32 -1.04369e-15  1.03073e-31  7.07446e-15  7.47482e-31 -4.02584e-14 -1.35302e-29  1.94659e-13  1.14297e-28 -8.06614e-13 -6.90113e-28  2.88121e-12  3.29271e-27 -8.90366e-12 -1.29634e-26  2.38408e-11  4.31223e-26 -5.52848e-11 -1.23048e-25  1.10714e-10  3.04678e-25 -1.90394e-10 -6.62251e-25   2.7846e-10  1.28351e-24 -3.40886e-10 -2.27264e-24  3.39817e-10  3.80881e-24 -2.61472e-10 -6.27984e-24  1.35575e-10  1.03934e-23 -2.16199e-11 -1.70253e-23 -3.40276e-11  2.66097e-23  3.13827e-11 -3.82717e-23 -6.74858e-12   4.9415e-23 -7.06283e-12 -5.64887e-23  5.10811e-12  5.68197e-23  3.85844e-13 -5.02905e-23 -1.57919e-12  3.94599e-23  2.27442e-13 -2.79234e-23  3.74865e-13  1.82438e-23  -9.3293e-14 -1.10766e-23 -8.17784e-14  5.86511e-24  2.09577e-14 -2.04315e-24  1.73024e-14 -4.60939e-25 -2.84187e-15  1.57545e-24 -3.34395e-15 -1.55111e-24  4.77419e-17   9.5945e-25  5.15396e-16 -3.48354e-25  8.11915e-17 -1.32437e-26 -5.07952e-17   1.2386e-25 -1.97655e-17 -9.83223e-26   1.1604e-18  4.19571e-26  2.14589e-18 -4.83826e-27  3.88814e-19 -7.60159e-27 -7.38366e-20  7.08907e-27 -4.31474e-20 -3.75571e-27 -5.50607e-21  1.48279e-27  9.67719e-22 -4.80512e-28  4.50536e-22  1.30943e-28  5.79519e-23 -2.77325e-29 -2.47525e-24  3.66224e-30 -1.92649e-24  -6.7066e-32 -2.78593e-25 -1.04134e-31 -1.24307e-26  4.03989e-32   1.6715e-27 -9.77386e-33  3.11612e-28  1.44016e-33  2.11963e-29 -1.55224e-34  4.85209e-31  1.26133e-35 -1.84471e-32 -5.78654e-37 -1.20577e-33  3.88093e-38 -1.43564e-35
 8.26485e-24  -6.4934e-37 -7.37017e-22  1.32067e-35  2.59667e-20 -1.41084e-34 -5.59148e-19   1.0761e-33   8.5026e-18 -7.47552e-33   -9.823e-17  5.10504e-32  9.00813e-16 -2.82127e-31 -6.74873e-15  7.47482e-31   4.2137e-14   4.9525e-30 -2.22396e-13 -8.22765e-29  1.00239e-12   6.4244e-28 -3.88608e-12  -3.6082e-27  1.30202e-11  1.60911e-26    -3.78e-11 -5.94021e-26  9.51494e-11  1.85583e-25 -2.07352e-10 -4.97305e-25  3.89652e-10  1.15395e-24  -6.2688e-10 -2.33983e-24  8.53187e-10  4.19964e-24 -9.62958e-10 -6.82604e-24  8.69686e-10  1.04463e-23 -5.82656e-10 -1.58392e-23   2.2834e-10  2.46455e-23  2.83389e-11 -3.89061e-23 -1.06979e-10  5.94603e-23  5.95699e-11 -8.39698e-23  3.65239e-12  1.06392e-22 -2.13093e-11 -1.19244e-22  7.15187e-12   1.1773e-22  4.10985e-12 -1.02703e-22 -3.05706e-12  7.99671e-23 -5.33581e-13 -5.64688e-23  8.50358e-13  3.65928e-23   5.9812e-14 -2.12883e-23 -1.94905e-13  9.82314e-24 -1.42321e-14 -1.72764e-24   3.8198e-14 -2.89261e-24  5.68148e-15  4.24622e-24 -5.98159e-15  -3.3954e-24 -1.72327e-15  1.79592e-24   6.0971e-16 -5.05744e-25  3.42607e-16 -1.32306e-25 -8.88403e-18  2.67527e-25 -4.04811e-17 -1.80091e-25 -7.91792e-18  6.76916e-26  1.92724e-18 -4.41207e-27  1.09012e-18 -1.33598e-26   1.1229e-19  1.08644e-26 -4.36078e-20 -5.26449e-27 -1.61312e-20  1.92185e-27 -1.48477e-21 -5.84788e-28  3.40489e-22  1.52455e-28  1.20314e-22 -3.07422e-29  1.34683e-23  3.64855e-30 -3.64901e-25 -5.16076e-33 -3.06696e-25 -9.88831e-32 -4.01229e-26  3.46615e-32 -1.97353e-27 -7.64294e-33  8.30674e-29  9.38717e-34  1.75777e-29  -9.1049e-35  9.93697e-31  7.00321e-36  2.13646e-32 -2.29643e-37  2.46243e-37  1.32645e-38
 2.39604e-37   2.0847e-22 -8.76073e-36 -1.06175e-20  1.24607e-34  2.86502e-19 -1.10925e-33 -5.15271e-18  8.05276e-33  6.82497e-17  -5.7885e-32 -7.03961e-16  3.94178e-31  5.85707e-15 -2.04107e-30 -4.02584e-14   4.9525e-30  2.32476e-13  3.00563e-29 -1.14153e-12 -4.60398e-28  4.80761e-12  3.33781e-27   -1.747e-11 -1.75062e-26  5.49791e-11  7.32197e-26 -1.50099e-10 -2.54242e-25  3.55386e-10  7.48287e-25 -7.27892e-10 -1.88931e-24  1.28293e-09  4.12434e-24 -1.92846e-09 -7.83851e-24  2.43602e-09  1.31032e-23 -2.52171e-09  -1.9666e-23  2.03973e-09   2.7603e-23 -1.15029e-09  -3.8567e-23  2.69401e-10  5.65139e-23  2.21858e-10 -8.62065e-23 -2.58522e-10  1.29095e-22  7.99875e-11 -1.79114e-22   4.6144e-11  2.22688e-22 -4.61981e-11 -2.44802e-22  2.36801e-12  2.37616e-22   1.2936e-11 -2.04921e-22 -3.57491e-12  1.58878e-22 -2.84052e-12 -1.12115e-22  1.21383e-12  7.18505e-23  5.96538e-13 -3.97595e-23 -2.80412e-13  1.55138e-23  -1.3094e-13  6.74672e-25    4.687e-14 -8.56486e-24  2.81001e-14  9.52395e-24 -4.50407e-15 -6.62625e-24  -5.0368e-15  3.05338e-24 -1.98487e-16 -6.17059e-25  6.25196e-16 -4.02651e-25  1.49484e-16  5.17079e-25 -3.61225e-17 -3.05075e-25 -2.26638e-17  1.01573e-25 -1.99335e-18 -1.68045e-27  1.30908e-18 -2.14678e-26  4.40614e-19  1.54514e-26  2.22512e-20 -6.86124e-27 -1.80118e-20  2.31687e-27 -4.93503e-21 -6.64225e-28 -3.53007e-22  1.66809e-28  8.58026e-23 -3.20643e-29    2.518e-23  3.36301e-30  2.55332e-24  4.66848e-32 -1.17346e-26 -8.12456e-32  -3.3428e-26  2.72088e-32 -3.95472e-27 -5.51923e-33 -1.93384e-28  5.09736e-34  1.40085e-31 -4.28264e-35  4.52073e-31  3.40203e-36  1.74324e-32 -7.22997e-38  1.60035e-34
-3.94613e-23  4.45987e-36  3.55665e-21 -9.28206e-35 -1.26711e-19  1.02225e-33  2.76041e-18  -8.0838e-33 -4.24893e-17  5.86505e-32  4.97161e-16 -4.31731e-31 -4.62033e-15  2.83017e-30  3.51013e-14 -1.35302e-29 -2.22396e-13  3.00563e-29    1.192e-12  1.67749e-28 -5.46039e-12 -2.37979e-27  2.15342e-11  1.60822e-26 -7.34677e-11 -7.90272e-26  2.17435e-10  3.10852e-25 -5.58688e-10 -1.01773e-24  1.24472e-09  2.82841e-24 -2.39588e-09 -6.74508e-24  3.95775e-09  1.38923e-23 -5.54903e-09 -2.48393e-23   6.4836e-09  3.88613e-23 -6.11283e-09 -5.41854e-23  4.35391e-09   7.0207e-23 -1.94083e-09 -9.09142e-23  1.09379e-11  1.26105e-22  7.33615e-10 -1.86588e-22 -4.99627e-10  2.74065e-22   3.1137e-11 -3.73152e-22  1.52706e-10  4.54462e-22 -7.22828e-11 -4.89559e-22 -2.26114e-11  4.67343e-22  2.70015e-11 -3.98944e-22  7.88083e-13  3.08151e-22 -7.16663e-12  -2.1673e-22  4.64888e-13   1.3644e-22  1.64441e-12 -7.10691e-23 -1.03034e-13   2.2311e-23 -3.39877e-13  7.99558e-24 -5.20657e-15 -2.02116e-23  5.97198e-14  1.90362e-23   8.7218e-15 -1.18306e-23 -7.69372e-15  4.76309e-24 -2.56816e-15 -5.59802e-25   4.8331e-16 -9.20716e-25  3.97204e-16  9.13041e-25  3.58507e-17 -4.81067e-25 -2.92818e-17  1.42005e-25 -9.74907e-18  4.55463e-27 -8.53282e-20 -3.17728e-26  6.17645e-19  2.04252e-26  1.46029e-19 -8.31873e-27  2.27449e-21  2.59923e-27  -5.6142e-21 -7.05554e-28 -1.23502e-21  1.72102e-28 -7.64978e-23  -3.1481e-29  1.53466e-23  2.82962e-30  3.97842e-24  7.86671e-32  3.71144e-25 -5.49958e-32  5.72259e-27  1.98227e-32 -2.22027e-27 -3.77333e-33 -2.35191e-28  2.04392e-34 -9.92339e-30 -1.26586e-35 -1.15842e-31  1.40772e-36  2.76762e-33 -1.58215e-38
-1.51754e-36 -9.21385e-22  5.64782e-35  4.74541e-20 -8.22837e-34 -1.29554e-18  7.52519e-33  2.35864e-17 -5.59977e-32 -3.16424e-16  4.15534e-31  3.30765e-15 -3.04425e-30  -2.7908e-14  1.87447e-29  1.94659e-13 -8.22765e-29 -1.14153e-12  1.67749e-28  5.69678e-12  8.64685e-28 -2.44054e-11 -1.14071e-26   9.0299e-11  7.20999e-26 -2.89661e-10 -3.32858e-25  8.07068e-10  1.23411e-24 -1.95298e-09 -3.81697e-24  4.09527e-09  1.00338e-23 -7.40575e-09 -2.26402e-23  1.14538e-08  4.40843e-23 -1.49455e-08 -7.43535e-23  1.60805e-08  1.09293e-22 -1.36754e-08 -1.42374e-22  8.35123e-09  1.71594e-22 -2.54252e-09 -2.07811e-22 -1.12494e-09   2.7518e-22  1.79572e-09 -3.96728e-22 -7.36948e-10  5.71272e-22  -2.2335e-10 -7.60961e-22  3.47129e-10   9.0507e-22 -6.07976e-11 -9.53586e-22 -8.61027e-11  8.94796e-22  3.81216e-11  -7.5599e-22   1.6559e-11   5.8082e-22 -1.18496e-11 -4.05129e-22 -3.14836e-12  2.48474e-22  2.78755e-12 -1.20298e-22  7.14812e-13   2.7607e-23 -5.20018e-13  2.52714e-23 -1.77986e-13 -4.19002e-23   6.9325e-14  3.48529e-23  3.83212e-14 -1.95814e-23 -3.89931e-15  6.84713e-24 -5.88909e-15 -1.46564e-25 -6.95866e-16 -1.79874e-24  5.09638e-16  1.49089e-24  1.83052e-16 -7.09379e-25 -4.14957e-18  1.85085e-25 -1.56385e-17   1.5218e-26 -3.34811e-18 -4.35135e-26  1.93969e-19  2.51163e-26  2.23571e-19 -9.38266e-27  4.03859e-20   2.7142e-27 -1.38598e-22 -7.02462e-28 -1.33777e-21  1.67991e-28 -2.48588e-22 -2.90596e-29 -1.47348e-23  2.11479e-30  1.83117e-24  8.63376e-32  4.46475e-25 -2.59171e-32  3.77945e-26   1.3812e-32  1.02665e-27 -2.54469e-33  -7.1053e-29  2.85178e-35 -6.77024e-30  1.87548e-36 -1.90429e-31  4.75302e-37 -1.25829e-33
  1.6003e-22 -2.65402e-35 -1.45865e-20   5.6315e-34  5.25801e-19 -6.34305e-33  -1.1596e-17  5.10751e-32  1.80793e-16 -3.74469e-31 -2.14399e-15   2.8311e-30  2.02066e-14 -2.00331e-29 -1.55787e-13  1.14297e-28  1.00239e-12 -4.60398e-28 -5.46039e-12  8.64685e-28  2.54438e-11  4.13349e-27 -1.02165e-10 -5.08902e-26   3.5525e-10  3.01721e-25 -1.07286e-09 -1.31167e-24  2.81673e-09  4.59233e-24  -6.4225e-09 -1.34379e-23  1.26763e-08  3.34558e-23  -2.1525e-08 -7.15124e-23   3.1125e-08  1.31823e-22 -3.76881e-08 -2.10114e-22  3.71203e-08  2.91014e-22 -2.80828e-08 -3.55911e-22  1.40357e-08  4.02245e-22 -1.60713e-09 -4.60836e-22 -4.18327e-09  5.88976e-22  3.53468e-09 -8.30934e-22 -6.23883e-10  1.17039e-21  -8.9651e-10 -1.51846e-21  5.88387e-10  1.75694e-21  7.38863e-11 -1.80637e-21 -1.95984e-10  1.66447e-21  2.16188e-11  -1.3905e-21  4.90486e-11  1.05961e-21 -1.05701e-11 -7.28711e-22  -1.1106e-11  4.31772e-22  2.48028e-12 -1.91427e-22  2.40296e-12  2.52966e-23 -3.26108e-13    6.043e-23 -4.69612e-13  -7.9035e-23 -4.68866e-15  5.92628e-23  7.23908e-14 -3.02826e-23  1.32169e-14  9.07925e-24  -6.9375e-15  8.59038e-25  -2.9994e-15   -3.143e-24  9.45312e-17  2.26915e-24  3.11171e-16 -9.81408e-25  6.36715e-17  2.24681e-25 -8.92599e-18  3.05421e-26 -6.35589e-18 -5.53015e-26 -9.41542e-19  2.87303e-26  1.08347e-19 -9.83956e-27   6.3949e-20  2.63814e-27  9.37963e-21 -6.57282e-28 -6.74984e-23  1.55614e-28 -2.39425e-22 -2.51378e-29 -3.88052e-23  1.32033e-30 -2.29841e-24   7.0868e-32  1.24542e-25  9.55908e-35  3.23261e-26  9.66515e-33  2.37057e-27 -1.76602e-33  6.84714e-29  -4.4709e-35  -4.6125e-31  5.74849e-36 -5.51593e-32  1.18334e-37
 8.38159e-36  3.47254e-21 -3.16692e-34  -1.8097e-19  4.70459e-33  5.00195e-18 -4.37633e-32 -9.22456e-17  3.27008e-31  1.25431e-15  -2.4254e-30 -1.32978e-14   1.8292e-29  1.13867e-13  -1.2223e-28 -8.06614e-13   6.4244e-28  4.80761e-12 -2.37979e-27 -2.44054e-11  4.13349e-27  1.06451e-10  1.83941e-26 -4.01412e-10 -2.12013e-25   1.3138e-09  1.18203e-24 -3.73969e-09 -4.84829e-24  9.25882e-09  1.60533e-23 -1.98994e-08 -4.44943e-23  3.69639e-08  1.05012e-22 -5.88899e-08  -2.1281e-22  7.94677e-08  3.71675e-22 -8.89576e-08 -5.60492e-22  7.95631e-08  7.32958e-22 -5.24313e-08  -8.4504e-22  1.94909e-08  9.02869e-22  3.93741e-09 -9.91213e-22 -1.05687e-08  1.23728e-21  5.54615e-09 -1.71343e-21  6.12729e-10  2.35215e-21 -2.17999e-09 -2.95726e-21  6.70543e-10   3.3158e-21  4.56171e-10 -3.31958e-21 -3.14116e-10   3.0009e-21 -6.60838e-11 -2.47573e-21  9.18684e-11  1.86512e-21  8.63975e-12 -1.25737e-21 -2.18274e-11  7.14021e-22 -2.02471e-12 -2.84694e-22  4.39263e-12   4.2047e-24  7.37405e-13  1.24516e-22 -6.99218e-13 -1.37909e-22 -2.17608e-13  9.43415e-23  7.07172e-14 -4.39963e-23  4.30282e-14  1.10854e-23 -4.21424e-16  2.69753e-24  -5.0269e-15 -5.02238e-24 -1.07074e-15  3.23707e-24  2.20887e-16 -1.27673e-24  1.39681e-16  2.53218e-25  1.66499e-17  4.97438e-26 -5.00746e-18 -6.53162e-26 -2.06305e-18  3.05423e-26 -2.22704e-19 -9.58318e-27  3.47222e-20  2.38678e-27  1.44679e-20 -5.79861e-28  1.81008e-21  1.37125e-28  1.88648e-24 -2.02566e-29 -3.07895e-23  5.65716e-31 -4.42407e-24  3.79863e-32 -2.56184e-25  1.87696e-32  2.40832e-27  7.12483e-33  1.28335e-27 -1.27028e-33  7.39566e-29 -5.51428e-35  1.54269e-30  4.36313e-36  4.87888e-33
-5.54867e-22  1.38225e-34  5.11798e-20 -2.98162e-33 -1.86792e-18  3.41629e-32  4.17326e-17 -2.76886e-31 -6.59532e-16  2.00694e-30  7.93291e-15 -1.51181e-29 -7.58834e-14  1.10875e-28    5.942e-13 -6.90113e-28 -3.88608e-12  3.33781e-27  2.15342e-11 -1.14071e-26 -1.02165e-10  1.83941e-26  4.18076e-10  7.64576e-26 -1.48318e-09   -8.273e-25  4.57547e-09   4.3467e-24 -1.22879e-08  -1.6849e-23   2.8707e-08  5.28269e-23 -5.81683e-08 -1.38814e-22  1.01654e-07  3.10781e-22 -1.51782e-07 -5.97384e-22   1.9068e-07  9.88927e-22 -1.96356e-07 -1.41177e-21  1.57686e-07  1.74543e-21 -8.74332e-08 -1.90356e-21  1.83512e-08  1.93822e-21  1.95491e-08 -2.06665e-21 -2.12755e-08  2.54734e-21  6.14963e-09 -3.46678e-21  4.20485e-09  4.61765e-21 -3.95753e-09 -5.59875e-21  1.19219e-10  6.06324e-21  1.17255e-09 -5.90189e-21 -3.07822e-10  5.23147e-21 -2.68963e-10 -4.25716e-21  1.11377e-10  3.16056e-21  5.84072e-11 -2.07768e-21 -2.67945e-11  1.12246e-21 -1.31549e-11 -3.93302e-22  4.61407e-12 -5.28582e-23  2.88871e-12  2.30979e-22 -4.47399e-13 -2.24665e-22 -5.28731e-13  1.41359e-22 -2.43071e-14 -6.03126e-23  6.65111e-14  1.24055e-23  1.65854e-14  5.54369e-24 -3.76211e-15  -7.4346e-24 -2.49782e-15  4.34614e-24 -2.44613e-16 -1.56392e-24  1.38955e-16  2.63091e-25  4.94872e-17  7.09532e-26  3.13243e-18 -7.16967e-26  -1.8508e-18   3.0107e-26 -5.44331e-19 -8.65268e-27 -4.57358e-20  2.01081e-27  7.59459e-21 -4.84204e-28  2.53847e-21  1.15063e-28   2.8028e-22 -1.50526e-29  4.12698e-24 -3.93408e-32 -2.62748e-24 -3.75811e-33 -3.35941e-25  2.84016e-32 -1.76426e-26  5.55755e-33 -1.94135e-28 -9.05221e-34  1.99793e-29 -3.88448e-35  6.90037e-31  1.83786e-36
-4.07324e-35  -1.1219e-20  1.55904e-33  5.92032e-19 -2.35426e-32 -1.65787e-17   2.2144e-31  3.09945e-16 -1.64047e-30 -4.27506e-15  1.18885e-29   4.6004e-14 -8.97576e-29 -4.00128e-13  6.26557e-28  2.88121e-12  -3.6082e-27   -1.747e-11  1.60822e-26   9.0299e-11 -5.08902e-26 -4.01412e-10  7.64576e-26  1.54429e-09  2.97752e-25  -5.1626e-09 -3.03179e-24  1.50298e-08  1.50394e-23 -3.81164e-08 -5.51703e-23  8.40664e-08  1.63961e-22 -1.60603e-07 -4.08761e-22  2.63906e-07   8.6849e-22 -3.68746e-07 -1.58382e-21  4.29923e-07  2.48534e-21 -4.04571e-07 -3.35921e-21  2.86929e-07  3.92955e-21 -1.25478e-07 -4.06601e-21 -3.65649e-09  3.97748e-21   5.2637e-08  -4.1739e-21 -3.49484e-08  5.12455e-21  1.52826e-09 -6.84761e-21  1.14123e-08  8.80902e-21 -5.30289e-09 -1.02582e-20 -1.79341e-09  1.07049e-20   2.0908e-09 -1.01249e-20  7.34176e-11   8.8007e-21 -5.77114e-10 -7.05784e-21  3.75595e-11  5.14891e-21  1.37006e-10 -3.28557e-21 -9.00964e-12  1.67714e-21 -2.92649e-11 -5.00469e-22 -3.52487e-13 -1.68477e-22  5.31475e-12  3.93628e-22  7.68002e-13 -3.43697e-22 -7.06711e-13  2.00164e-22 -2.36189e-13 -7.83336e-23  4.56205e-14  1.26158e-23  3.75134e-14   9.4292e-24  3.45381e-15 -1.02816e-23  -2.7861e-15  5.50935e-24 -9.44579e-16 -1.80459e-24 -1.41111e-17  2.48424e-25  5.84847e-17  9.14752e-26  1.42981e-17 -7.30243e-26  3.74383e-19  2.74039e-26 -5.05628e-19 -7.22538e-27 -1.16654e-19  1.58039e-27 -8.31947e-21 -3.84415e-28  1.14067e-21  9.18135e-29  3.31544e-22 -1.01278e-29  3.26745e-23 -4.24021e-31  8.70418e-25 -4.49466e-32 -1.28601e-25  2.98089e-32 -1.46558e-26  4.36641e-33 -6.06103e-28 -5.95148e-34 -8.06208e-30 -1.92158e-35  3.72214e-32
