 2.86446e-17 -5.39988e-33 -9.70566e-16  3.12965e-31    1.255e-14 -5.00423e-30 -9.53447e-14  4.10227e-29  4.88785e-13 -1.97794e-28 -1.80491e-12  5.22249e-28  4.96312e-12 -7.19792e-29 -1.03041e-11 -5.90694e-27  1.61063e-11  2.96816e-26  -1.8501e-11 -8.93221e-26  1.45993e-11   1.9397e-25 -6.34413e-12 -3.22647e-25 -4.75877e-13  4.23402e-25  2.20804e-12 -4.48689e-25 -6.69877e-13  3.94328e-25 -4.71782e-13 -2.92236e-25  2.61624e-13  1.68086e-25  1.08928e-13 -2.78184e-26  -6.7875e-14 -1.13226e-25 -3.17058e-14  2.16946e-25  1.24227e-14 -2.52445e-25  9.39277e-15  2.24787e-25 -7.31358e-16 -1.67065e-25   -2.149e-15  1.13659e-25 -4.57919e-16 -8.16119e-26   2.6617e-16  6.80214e-26  1.70603e-16 -6.07963e-26  1.46163e-17  5.14786e-26 -2.20566e-17 -3.86679e-26 -1.06093e-17  2.46249e-26 -1.00532e-18 -1.25722e-26  1.01637e-18  4.86349e-27  5.35729e-19 -1.37814e-27  9.92912e-20  2.48429e-28 -1.76259e-20   6.2559e-29 -1.71231e-20 -1.11742e-28 -5.25581e-21   6.0497e-29 -6.25794e-22  -1.3292e-29  1.67616e-22  -4.3509e-32   1.0912e-22 -3.45339e-31  2.98521e-23  7.83623e-31  4.38516e-24 -4.16983e-31 -5.33904e-26  1.55442e-31 -2.28763e-25 -3.69216e-32 -7.22461e-26 -5.68609e-33 -1.37863e-26  6.97855e-33 -1.65689e-27 -2.13897e-33 -5.86931e-29  6.86491e-34  2.70191e-29 -2.05914e-34   8.0171e-30  4.91523e-36  1.34571e-30  8.19169e-36  1.60349e-31 -7.25424e-37  1.36367e-32   -2.766e-38  6.87939e-34   3.6639e-38  -9.6149e-36 -6.37012e-39 -6.20366e-36 -2.91312e-40 -7.31977e-37 -4.45082e-41 -5.49517e-38 -1.96089e-41 -2.91751e-39  2.26413e-42 -1.07846e-40  1.03906e-43 -2.63234e-42 -9.01162e-45 -4.49833e-44  2.30818e-46 -1.86761e-46  1.17475e-48
-5.39988e-33  1.40494e-15 -1.93174e-31 -2.69888e-14  7.75524e-30  2.64885e-13 -9.86973e-29 -1.66224e-12  6.77171e-28  7.32075e-12 -2.76564e-27 -2.37169e-11  5.81086e-27  5.78455e-11  4.43205e-27 -1.06892e-10  -8.3596e-26  1.48048e-10   3.4984e-25 -1.48045e-10 -9.33323e-25  9.63986e-11  1.81672e-24 -2.61407e-11 -2.69121e-24 -1.51018e-11  3.07124e-24  1.49022e-11  -2.6832e-24 -3.24471e-13   1.7233e-24 -4.24341e-12 -6.35845e-25  6.21377e-13 -3.07356e-25  1.11358e-12  1.08003e-24  -1.3279e-13 -1.65205e-24 -2.87924e-13    1.896e-24 -8.45234e-15  -1.7559e-24  6.39918e-14  1.35462e-24  1.62941e-14 -9.05086e-25 -9.01463e-15  5.75329e-25 -5.84078e-15 -4.15111e-25 -1.64705e-16  3.63329e-25   9.8111e-16 -3.30018e-25  3.78857e-16  2.72971e-25 -1.40337e-17 -1.97413e-25 -6.18952e-17  1.20765e-25 -2.24639e-17 -5.87439e-26 -9.02419e-19  2.11608e-26  2.38429e-18  -5.3971e-27  1.07489e-18  8.19455e-28  1.85672e-19  3.51102e-28 -3.00305e-20 -5.13443e-28 -2.88425e-20  2.58424e-28 -8.92709e-21 -4.38398e-29 -1.27673e-21 -7.83754e-30  1.34231e-22  4.96258e-31  1.30277e-22  3.15001e-30   3.9171e-23 -1.69335e-30  6.91336e-24  5.76815e-31  5.08421e-25 -1.43108e-31 -1.20559e-25 -1.08786e-32 -5.53203e-26  2.03751e-32 -1.22152e-26  -5.7289e-33 -1.81007e-27  2.06419e-33 -1.72021e-28 -7.00199e-34 -3.95718e-30  5.50693e-36  2.14627e-30  2.98859e-35  5.02682e-31 -2.02406e-36  6.88538e-32   -1.206e-37  6.79081e-33  9.90184e-38  4.94217e-34 -1.27151e-38  2.48611e-35 -5.34061e-40  6.07186e-37  -3.2937e-40 -2.51783e-38 -5.54116e-41 -3.51139e-39   5.7214e-42 -1.84696e-40  2.42806e-43 -5.60912e-42  -1.0489e-44 -1.06632e-43  2.41428e-47 -5.37125e-46
-9.70566e-16 -1.93174e-31  3.38623e-14 -3.92204e-30 -4.51579e-13   1.1946e-28  3.54473e-12 -1.25179e-27 -1.88167e-11    7.308e-27  7.21386e-11  -2.5406e-26  -2.0664e-10  4.07334e-26  4.48935e-10  8.26052e-26 -7.39192e-10  -7.7254e-25    9.043e-10  2.77306e-24 -7.77492e-10 -6.62407e-24  3.97505e-10  1.16315e-23 -2.59119e-11 -1.54136e-23  -1.1254e-10  1.52715e-23  5.34616e-11 -1.06231e-23  1.83233e-11  3.72561e-24 -1.87842e-11   2.4621e-24 -3.28736e-12  -6.6596e-24  5.08979e-12  9.14239e-24  1.08356e-12 -1.01977e-23 -1.14146e-12  9.72053e-24 -4.33769e-13 -7.91085e-24  1.70946e-13  5.50602e-24  1.34303e-13 -3.35248e-24  1.48222e-15  1.99233e-24 -2.57643e-14  -1.4565e-24 -8.67404e-15  1.34447e-24  1.50681e-15 -1.23403e-24  1.98535e-15  9.93114e-25  5.16512e-16 -6.91149e-25 -8.99034e-17  4.06572e-25 -1.06852e-16 -1.88416e-25 -3.16136e-17  6.29712e-26 -6.59794e-20 -1.43637e-26  3.49916e-18  1.83579e-27  1.43407e-18  1.23875e-27  2.46663e-19 -1.63485e-27 -2.73486e-20   7.6716e-28 -3.06864e-20 -8.93601e-29 -9.84216e-21 -4.58447e-29 -1.65319e-21  6.49475e-30 -7.53669e-24  9.08716e-30  8.81015e-23 -4.70225e-30  3.05621e-23   1.3939e-30  6.17959e-24 -3.73757e-31    7.501e-25 -6.41907e-34  1.15549e-26  3.95642e-32 -1.94059e-26 -9.63713e-33 -5.50082e-27  4.33681e-33 -9.41097e-28 -1.72334e-33 -1.13698e-28 -7.93489e-36 -9.23779e-30  7.50411e-35 -2.87561e-31 -3.35349e-36   5.1474e-32 -3.66895e-37    1.102e-32  1.64438e-37  1.23589e-33 -1.14529e-38  9.71281e-35 -1.72603e-40  5.60732e-36 -9.78782e-40  2.31148e-37 -1.07611e-40  6.22593e-39  9.09928e-42  8.61567e-41   4.1696e-43 -5.50619e-43 -5.75753e-45 -4.31336e-44 -2.16588e-46
 3.12965e-31 -2.69888e-14 -3.92204e-30  5.34672e-13 -5.53605e-29 -5.42113e-12  1.34829e-27  3.52147e-11 -1.19144e-26 -1.60926e-10  5.99272e-26  5.42572e-10 -1.77671e-25 -1.38253e-09  2.00441e-25  2.68335e-09   8.3431e-25 -3.93554e-09 -5.42298e-24  4.22861e-09  1.70487e-23 -3.06358e-09 -3.67561e-23  1.10687e-09  5.85152e-23  2.90859e-10 -6.95783e-23 -4.94571e-10  5.95972e-23  8.87562e-11 -3.10067e-23  1.25062e-10 -2.13332e-24 -4.45549e-11  2.67541e-23  -3.1525e-11 -3.97101e-23   1.1733e-11  4.42677e-23   8.8468e-12 -4.29847e-23 -1.78557e-12  3.67732e-23 -2.38062e-12 -2.73682e-23 -1.09883e-13   1.7536e-23  4.80835e-13 -9.76219e-24    1.585e-13  5.38957e-24 -4.35688e-14 -4.03946e-24 -4.35682e-14  3.96537e-24 -7.88985e-15 -3.66517e-24  4.19015e-15  2.86224e-24  2.82052e-15 -1.91677e-24  5.06764e-16  1.08532e-24 -1.77591e-16  -4.7887e-25 -1.36143e-16  1.47844e-25 -3.48462e-17 -3.00961e-26  5.73377e-19  3.41204e-27   3.7503e-18  3.31049e-27  1.46343e-18 -4.19737e-27  2.63378e-19  1.83283e-27 -1.12911e-20 -1.10773e-28 -2.31423e-20 -1.61742e-28 -7.92361e-21  2.51538e-29 -1.51929e-21  2.17979e-29 -1.14953e-22 -1.02685e-29  3.29585e-23  2.44906e-30   1.5507e-23 -7.63172e-31  3.56393e-24  5.59619e-32  5.38268e-25  5.80553e-32  4.74714e-26   -1.006e-32 -9.37846e-28  7.37604e-33 -1.23698e-27 -3.53666e-33 -2.63391e-28 -5.21607e-35 -3.63295e-29  1.51309e-34 -3.64687e-30 -2.70798e-36 -2.61185e-31 -9.00649e-37 -1.08268e-32     1.66e-37   1.7432e-34  7.45058e-39  7.29624e-35  1.52663e-39  6.77783e-36 -1.90338e-39  3.85992e-37 -1.65512e-40   1.4775e-38  1.05836e-41  3.76839e-40  5.74186e-43    5.288e-42 -1.39781e-46  2.26692e-44
   1.255e-14  7.75524e-30 -4.51579e-13 -5.53605e-29  6.22093e-12 -5.95151e-28 -5.05384e-11  1.19955e-26  2.78261e-10  -9.0994e-26 -1.10945e-09  3.98113e-25  3.31621e-09 -1.00542e-24 -7.55157e-09  6.60213e-25  1.31165e-08  6.06716e-24 -1.71023e-08 -3.08732e-23  1.59916e-08  8.62761e-23 -9.43344e-09 -1.68911e-22  1.74964e-09   2.4466e-22  2.06095e-09  -2.6135e-22 -1.46796e-09  1.91796e-22 -1.62756e-10 -6.48647e-23  4.70248e-10 -5.72027e-23 -1.12735e-11  1.32331e-22 -1.29006e-10 -1.60493e-22 -3.92568e-13   1.5991e-22  3.27364e-11 -1.42135e-22  4.68644e-12  1.12587e-22 -6.74297e-12 -7.81685e-23 -2.57535e-12  4.65645e-23  7.49979e-13 -2.35709e-23  7.38491e-13  1.19044e-23  9.30493e-14 -9.32166e-24 -1.01673e-13   9.8607e-24 -5.26003e-14 -9.16114e-24 -3.43285e-15  6.93063e-24   6.6253e-15 -4.46762e-24  3.12402e-15  2.43684e-24   3.8524e-16 -1.02217e-24  -2.2895e-16  2.90053e-25 -1.38314e-16 -5.32245e-26  -3.2346e-17  6.30341e-27  4.21753e-19  7.30334e-27  3.10086e-18 -9.28137e-27  1.19779e-18  3.74308e-27  2.31698e-19 -7.77941e-30  5.51529e-21  -4.2977e-28 -1.24577e-20  6.54604e-29 -4.78294e-21  4.61069e-29 -1.02521e-21 -1.86194e-29 -1.24764e-22  3.04439e-30  1.44827e-24 -1.29975e-30  4.85521e-24  1.94226e-31  1.34901e-24  6.59129e-32  2.34292e-25  -7.2527e-34  2.81273e-26  1.08475e-32  2.00781e-27 -6.38778e-33 -3.11747e-29  -1.5566e-34 -3.42935e-29  2.61992e-34  -5.9269e-30  3.43106e-36 -6.61773e-31 -1.86587e-36 -5.40251e-32  2.04846e-38 -3.24898e-33  4.76812e-38 -1.34417e-34  4.87171e-39  -2.8355e-36 -2.78807e-39  5.17064e-38 -2.13293e-40  6.31801e-39  9.65175e-42  2.23512e-40  6.28319e-43  3.20844e-42  1.84148e-45
-5.00423e-30  2.64885e-13   1.1946e-28 -5.42113e-12 -5.95151e-28   5.6883e-11 -5.13685e-27  -3.8317e-10  8.77971e-26   1.8202e-09  -5.7964e-25 -6.39839e-09  2.22246e-24  1.70635e-08 -4.75935e-24 -3.48435e-08  7.95699e-25  5.41859e-08   3.5037e-23 -6.25649e-08 -1.48024e-22  5.01723e-08  3.71665e-22 -2.25806e-08 -6.63778e-22 -1.25417e-09   8.7667e-22  8.05285e-09 -8.40561e-22 -2.81362e-09  5.19719e-22 -1.67104e-09  -6.9365e-23  1.13661e-09 -2.96292e-22  3.67926e-10  4.77946e-22 -3.18701e-10 -5.13227e-22 -1.11975e-10  4.72642e-22  6.86736e-11 -3.93101e-22  3.78305e-11  2.92927e-22 -8.24948e-12 -1.91845e-22 -1.03193e-11   1.0661e-22 -1.10036e-12 -4.83482e-23  1.72211e-12   2.1665e-23  7.73963e-13 -1.83231e-23  -3.6766e-14  2.13025e-23 -1.43976e-13  -1.9884e-23  -4.9169e-14   1.4562e-23  2.10621e-15 -9.04171e-24  7.70361e-15  4.75225e-24  2.86536e-15 -1.88978e-24  2.43392e-16  4.90074e-25 -2.22119e-16 -8.41802e-26 -1.16548e-16  1.33462e-26 -2.61823e-17  1.40814e-26 -2.65591e-19 -1.83576e-26  2.00695e-18  6.74205e-27  7.97229e-19  3.91762e-28   1.6722e-19 -9.34655e-28   1.3242e-20  1.32507e-28 -4.37735e-21  8.84617e-29 -2.13761e-21 -2.87912e-29 -5.10547e-22  1.88648e-30 -7.77846e-23  -1.9208e-30 -5.93368e-24  4.22893e-31   6.1501e-25  5.33808e-32  3.12694e-25  2.61365e-32   6.3726e-26  1.44678e-32  8.82364e-27 -1.04259e-32   8.7716e-28 -3.67097e-34  5.64546e-29  4.04563e-34  7.36404e-31  1.91392e-35 -3.54521e-31 -3.30848e-36 -5.39198e-32 -3.17587e-37 -4.75262e-33  1.01335e-37 -2.92888e-34  9.30659e-39 -1.29121e-35 -3.29665e-39 -3.93219e-37 -2.36983e-40 -7.44241e-39  7.29005e-42 -6.07454e-41  5.19049e-43  -7.2652e-44
-9.53447e-14 -9.86973e-29  3.54473e-12  1.34829e-27 -5.05384e-11 -5.13685e-27  4.25727e-10 -3.68508e-26 -2.43596e-09  5.43949e-25  1.01204e-08 -3.16008e-24 -3.16272e-08  1.06803e-23  7.56298e-08 -1.92283e-23 -1.38803e-07 -7.07596e-24  1.93095e-07  1.68834e-22 -1.96142e-07 -6.12736e-22  1.31722e-07  1.39322e-21 -3.88466e-08 -2.27732e-21 -1.97167e-08  2.74511e-21  2.22623e-08   -2.355e-21 -1.72885e-09  1.19059e-21 -6.37506e-09   1.4755e-22  1.48041e-09 -1.06438e-21  1.70793e-09  1.40901e-21 -3.98036e-10 -1.38284e-21 -4.74461e-10  1.19706e-21  4.14822e-11 -9.42955e-22   1.2114e-10  6.67261e-22  1.65614e-11 -4.14871e-22 -2.22947e-11  2.14775e-22 -9.80289e-12 -8.49173e-23  1.32698e-12  3.16573e-23  2.27876e-12 -3.09178e-23  5.80207e-13  4.07068e-23 -1.61985e-13 -3.82185e-23 -1.53466e-13  2.71036e-23 -3.73003e-14  -1.6224e-23  5.91305e-15   8.2119e-24  7.19081e-15 -3.08012e-24  2.26527e-15  7.25343e-25  1.44169e-16 -1.27524e-25 -1.70848e-16  3.14363e-26 -8.29952e-17  2.48823e-26 -1.86574e-17  -3.3257e-26   -8.526e-19  1.08831e-26  9.99574e-19  1.31101e-27  4.29227e-19 -1.73528e-27  9.76858e-20  2.20937e-28  1.18411e-20  1.56051e-28 -5.56928e-22 -3.84503e-29 -6.67379e-22 -2.52606e-30 -1.84244e-22 -2.53411e-30 -3.22639e-23  6.79761e-31  -3.7398e-24   1.1966e-32 -1.91765e-25   7.7782e-32  3.00817e-26   1.8374e-32  9.94563e-27 -1.56086e-32  1.59326e-27 -7.56854e-34  1.78516e-28  5.69598e-34  1.47393e-29  4.69456e-35  8.58364e-31 -5.04705e-36  2.73006e-32 -8.05061e-37 -5.99534e-34  1.52301e-37 -1.38195e-34  1.35213e-38 -9.20352e-36 -3.30144e-39 -3.60476e-37 -2.29974e-40 -8.34517e-39  4.79046e-42 -9.16469e-41  2.81919e-43
 4.10227e-29 -1.66224e-12 -1.25179e-27  3.52147e-11  1.19955e-26  -3.8317e-10 -3.68508e-26  2.68207e-09 -2.25205e-25 -1.32718e-08  2.91225e-24  4.87424e-08  -1.5023e-23 -1.36325e-07  4.49603e-23  2.93439e-07 -6.71132e-23 -4.84623e-07 -6.63724e-23  6.01629e-07  6.99489e-22  -5.3207e-07 -2.22874e-21   2.8706e-07  4.61626e-21 -2.96676e-08 -6.92176e-21 -7.94748e-08  7.61395e-21  4.46989e-08 -5.81037e-21  1.08139e-08  2.27244e-21 -1.59584e-08  1.14326e-21 -1.20141e-09    -3.09e-21  4.57014e-09  3.55791e-21  4.42258e-10 -3.24681e-21 -1.15403e-09  2.67018e-21 -2.72298e-10 -2.00792e-21  2.24519e-10  1.35768e-21  1.13362e-10 -8.04107e-22  -1.8686e-11  3.85622e-22 -2.88843e-11 -1.26741e-22 -5.67045e-12  3.30925e-23  3.37715e-12 -4.44207e-23  2.21953e-12  6.95692e-23  2.89681e-13 -6.59331e-23 -2.28135e-13   4.5352e-23 -1.33479e-13  -2.6194e-23 -2.38345e-14  1.27397e-23   6.8866e-15 -4.46623e-24  5.62305e-15  9.48044e-25  1.58535e-15 -1.99546e-25  9.42746e-17  7.30852e-26  -1.0592e-16  4.20265e-26 -5.01709e-17 -5.59974e-26 -1.16099e-17  1.58211e-26  -9.8199e-19  2.96412e-27  3.57163e-19 -2.81822e-27  1.82942e-19  3.12252e-28  4.53417e-20  2.54603e-28  6.88663e-21 -4.44511e-29  3.95747e-22 -1.10428e-29 -1.18703e-22 -3.04101e-30 -4.55816e-23  7.95745e-31 -9.07322e-24 -7.06726e-32 -1.24666e-24  1.57995e-31 -1.17199e-25  2.33835e-32 -5.27219e-27 -2.16446e-32  5.06115e-28  -1.4002e-33  1.45784e-28  7.39288e-34  1.88042e-29  8.53967e-35  1.66728e-30 -6.65161e-36   1.0849e-31 -1.30399e-36  5.11895e-33    1.865e-37  1.62115e-34  1.61041e-38  2.59002e-36 -2.92215e-39 -2.31522e-38 -1.94469e-40 -1.74175e-39  2.74971e-42 -1.84646e-41
 4.88785e-13  6.77171e-28 -1.88167e-11 -1.19144e-26  2.78261e-10  8.77971e-26 -2.43596e-09 -2.25205e-25  1.45176e-08 -1.19444e-24 -6.29905e-08  1.36895e-23   2.0627e-07 -6.31842e-23 -5.19093e-07  1.68045e-22  1.00862e-06  -2.0362e-22 -1.49912e-06 -3.58468e-22  1.65348e-06  2.54215e-21 -1.25242e-06 -7.21806e-21  4.99825e-07  1.36793e-20  9.15021e-08 -1.88426e-20 -2.17152e-07  1.88917e-20  5.67625e-08 -1.27065e-20  5.23897e-08   3.4226e-21 -2.69418e-08  4.17757e-21 -1.27482e-08 -7.66528e-21    7.871e-09  7.90133e-21  3.81548e-09  -6.7821e-21 -1.64463e-09  5.34119e-21 -1.20551e-09 -3.85755e-21  1.46938e-10  2.50363e-21  3.08176e-10 -1.41389e-21  5.35036e-11   6.2187e-22 -4.65491e-11 -1.55368e-22  -2.5788e-11  9.79315e-24 -6.10838e-13 -5.22913e-23  4.21256e-12  1.06985e-22  1.72519e-12 -1.03113e-22   4.6794e-14  6.90199e-23 -2.25623e-13 -3.84858e-23 -9.90792e-14  1.78965e-23 -1.34013e-14 -5.76656e-24  5.69736e-15  1.09268e-24  3.76592e-15 -3.36486e-25   9.9602e-16  1.56243e-25  7.03017e-17  7.00155e-26 -5.24535e-17 -8.83622e-26 -2.55613e-17   2.0587e-26  -6.1945e-18  5.46286e-27 -7.44034e-19 -4.06313e-27  6.86847e-20  3.80939e-28  5.89573e-20  3.84974e-28  1.62853e-20 -4.40427e-29  2.84763e-21 -2.28252e-29  3.04619e-22 -3.32303e-30  3.60748e-24  4.96742e-31 -6.49959e-24 -2.20521e-31 -1.64748e-24  2.63814e-31 -2.54813e-25  3.08657e-32 -2.83296e-26 -2.80053e-32 -2.24993e-27 -2.34007e-33 -1.05933e-28   8.8656e-34  1.23545e-30  1.27783e-34  7.81866e-31 -7.62579e-36  8.29142e-32 -1.63611e-36  5.42305e-33  2.00271e-37  2.42674e-34  1.62805e-38  7.29584e-36 -2.36922e-39  1.33101e-37 -1.40026e-40  1.16471e-39  1.19994e-42
-1.97794e-28  7.32075e-12    7.308e-27 -1.60926e-10  -9.0994e-26   1.8202e-09  5.43949e-25 -1.32718e-08 -1.19444e-24  6.85777e-08 -5.57919e-24 -2.63783e-07  5.72226e-23  7.75586e-07 -2.37868e-22 -1.76378e-06  5.63829e-22  3.09951e-06  -5.3697e-22 -4.14122e-06 -1.50371e-21  4.02936e-06  8.22215e-21 -2.54452e-06 -2.10278e-20   6.0619e-07  3.65854e-20  5.01415e-07 -4.63304e-20 -4.48389e-07  4.22419e-20 -2.13447e-09 -2.46946e-20  1.41911e-07   3.2684e-21 -2.14177e-08   1.1585e-20 -4.00049e-08 -1.67106e-20  5.98055e-09  1.56888e-20  1.11945e-08 -1.27793e-20 -1.77937e-10  9.70409e-21 -2.79847e-09 -6.76859e-21  -5.6215e-10  4.23128e-21   4.8579e-10 -2.27517e-21  2.59601e-10  9.04222e-22  -1.6255e-11 -1.39642e-22 -5.52269e-11 -6.02823e-23   -1.701e-11 -4.36831e-23  2.95518e-12  1.48266e-22  3.87174e-12  -1.4736e-22  1.11612e-12  9.65087e-23  -8.2245e-14 -5.19453e-23 -1.78844e-13  2.28762e-23 -6.46623e-14 -6.55677e-24 -7.06231e-15  1.09051e-24   3.6963e-15 -5.98829e-25  2.17941e-15  3.01465e-25  5.62213e-16  1.16566e-25  5.19111e-17 -1.31187e-25 -1.98538e-17  2.34434e-26 -1.07746e-17  8.70842e-27 -2.76785e-18  -5.2435e-27   -4.133e-19  4.09997e-28 -1.19908e-20  5.39546e-28  1.28546e-20 -3.61649e-29   4.3308e-21  -3.4665e-29  8.46777e-22  -3.1794e-30  1.13027e-22 -5.38048e-31  9.16408e-24 -4.83967e-31  -4.2749e-26  3.83383e-31 -1.57989e-25  4.21035e-32 -3.06362e-26  -3.4004e-32 -3.75859e-27 -3.54271e-33  -3.3584e-28  9.78009e-34 -2.20822e-29  1.63306e-34  -9.9448e-31 -7.71507e-36  -2.1597e-32 -1.67058e-36  6.93627e-34  1.99603e-37  8.18878e-35  1.42277e-38  3.36595e-36 -1.78112e-39  6.90076e-38 -8.10285e-41  5.17003e-40
-1.80491e-12 -2.76564e-27  7.21386e-11  5.99272e-26 -1.10945e-09  -5.7964e-25  1.01204e-08  2.91225e-24 -6.29905e-08 -5.57919e-24  2.86202e-07 -2.32271e-23 -9.84655e-07  2.14963e-22  2.61448e-06  -8.0948e-22 -5.39098e-06  1.71421e-21  8.57639e-06  -1.2198e-21 -1.02737e-05 -5.31283e-21  8.72107e-06  2.39255e-20 -4.37704e-06 -5.55543e-20  1.31764e-07  8.89612e-20  1.44866e-06 -1.03585e-19 -6.88074e-07  8.55896e-20 -2.49965e-07 -4.25771e-20  2.71766e-07 -1.41724e-21  4.10758e-08  2.69544e-20 -8.14078e-08 -3.25535e-20 -1.33522e-08   2.8161e-20  2.07841e-08 -2.19315e-20  6.33136e-09  1.61679e-20 -3.92833e-09 -1.09558e-20 -2.38635e-09  6.61347e-21  2.40996e-10 -3.37095e-21  5.77264e-10  1.18588e-21  1.39729e-10  -4.2978e-23 -6.05859e-11 -1.98954e-22 -4.72845e-11 -4.37367e-24 -8.02167e-12    1.844e-22  4.24962e-12 -1.93827e-22  2.90777e-12  1.25219e-22  6.20139e-13 -6.49703e-23 -1.11076e-13  2.66393e-23 -1.19525e-13 -6.32548e-24 -3.78517e-14  8.83794e-25 -3.75063e-15 -1.06741e-24  1.92715e-15  5.26535e-25  1.08799e-15  1.92877e-25  2.81977e-16 -1.83474e-25  3.34552e-17  2.19591e-26 -4.97315e-18  1.22962e-26 -3.63268e-18 -6.07326e-27 -1.00694e-18  4.09546e-28 -1.73481e-19  7.00036e-28 -1.57878e-20 -2.20983e-29  1.12823e-21 -4.11479e-29  7.76124e-22 -2.25157e-30  1.75692e-22 -2.57019e-30  2.64484e-23 -9.22025e-31  2.83191e-24  4.96675e-31  1.93361e-25  5.73713e-32  1.87853e-27 -3.89043e-32 -1.58909e-27 -4.86949e-33 -2.55669e-28   9.8313e-34 -2.44775e-29  1.80731e-34 -1.65994e-30 -7.10355e-36 -8.15166e-32 -1.39153e-36 -2.79525e-33  1.91781e-37 -6.00946e-35  1.08259e-38  -5.9058e-37 -1.20465e-39  1.46349e-39  -3.2486e-41
 5.22249e-28 -2.37169e-11  -2.5406e-26  5.42572e-10  3.98113e-25 -6.39839e-09 -3.16008e-24  4.87424e-08  1.36895e-23 -2.63783e-07 -2.32271e-23   1.0658e-06 -8.70585e-23 -3.30388e-06  7.32317e-22  7.95978e-06 -2.51132e-21 -1.49197e-05  4.76204e-21  2.14871e-05 -2.32322e-21 -2.29731e-05 -1.63935e-20  1.67202e-05  6.31733e-20 -6.04227e-06  -1.3399e-19 -1.84823e-06  1.97846e-19  3.10325e-06 -2.11721e-19 -6.31897e-07  1.57777e-19 -8.30474e-07 -6.45814e-20  3.57124e-07 -1.63835e-20  2.15522e-07   5.4789e-20 -1.09691e-07 -5.72955e-20  -6.5055e-08  4.60401e-20  2.27631e-08 -3.45121e-20  2.02325e-08  2.48921e-20 -1.48947e-09 -1.65038e-20 -5.08005e-09  9.63114e-21 -1.08298e-09 -4.61471e-21  7.32893e-10  1.39828e-21  4.60948e-10   1.5929e-22  2.73739e-11 -4.18058e-22 -7.10468e-11  8.09606e-23 -3.23098e-11  2.03036e-22 -1.99765e-12 -2.36368e-22  3.85043e-12  1.52383e-22  1.87353e-12  -7.5992e-23  3.06342e-13  2.81587e-23 -8.71165e-14  -4.5614e-24 -6.89351e-14  4.33138e-25   -2.008e-14  -1.8298e-24 -2.06791e-15    8.399e-25  7.96803e-16  3.12522e-25  4.63045e-16 -2.41626e-25  1.23191e-16  1.33982e-26  1.77842e-17  1.54671e-26 -2.36019e-19  -6.2876e-27 -9.17524e-19  4.27434e-28 -2.87439e-19  8.38254e-28 -5.50045e-20 -5.03785e-30 -6.87348e-21 -3.58218e-29 -3.71248e-22 -8.47994e-33  6.64014e-23 -5.68679e-30  2.31231e-23 -1.58824e-30  3.94996e-24  5.79821e-31  4.71751e-25  7.52536e-32  4.12867e-26 -4.20147e-32  2.49391e-27 -6.08529e-33  7.11155e-29  8.87748e-34 -4.19774e-30  1.73027e-34 -7.11337e-31 -6.30293e-36  -5.0581e-32 -9.04009e-37 -2.24997e-33  1.78158e-37 -6.35708e-35   7.1342e-39  -1.0201e-36  -6.7643e-40 -6.02733e-39
 4.96312e-12  5.81086e-27  -2.0664e-10 -1.77671e-25  3.31621e-09  2.22246e-24 -3.16272e-08  -1.5023e-23   2.0627e-07  5.72226e-23 -9.84655e-07 -8.70585e-23  3.57071e-06 -2.96335e-22 -1.00348e-05  2.28028e-21  2.20218e-05 -7.15597e-21 -3.75886e-05  1.21795e-20   4.8952e-05 -3.42593e-21 -4.63809e-05 -4.50926e-20  2.81273e-05    1.524e-19 -5.52449e-06 -2.96649e-19 -6.62687e-06  4.04413e-19  5.21103e-06 -3.97344e-19  3.25305e-07  2.65316e-19 -1.78864e-06 -8.43583e-20  1.87872e-07  -4.9789e-20  5.28207e-07  9.94013e-20  -5.6627e-08 -9.18124e-20 -1.51222e-07  6.88884e-20 -3.01044e-09 -5.00185e-20   3.8153e-08  3.56516e-20  8.98137e-09 -2.33329e-20 -6.55387e-09  1.31456e-20  -3.8763e-09 -5.83963e-21  1.28567e-10  1.47207e-21  8.07699e-10   4.5596e-22  2.71544e-10 -7.09815e-22 -3.67909e-11  2.25743e-22 -5.89767e-11   1.9108e-22 -1.84305e-11 -2.69493e-22  7.31214e-13  1.76099e-22     2.74e-12  -8.4033e-23  1.06695e-12  2.67063e-23   1.4112e-13  -8.5095e-25 -5.13208e-14 -2.83357e-25 -3.46023e-14 -2.95935e-24 -9.64915e-15  1.23509e-24 -1.13071e-15  4.88796e-25  2.44836e-16 -2.99189e-25  1.64183e-16 -4.61111e-27    4.568e-17   1.7139e-26  7.61195e-18 -5.72666e-27  4.89375e-19  5.42129e-28 -1.45287e-19  9.20293e-28 -6.06733e-20  1.12173e-29 -1.28796e-20 -1.30671e-29 -1.86643e-21  4.14642e-30 -1.80535e-22 -9.72626e-30 -6.97824e-24 -2.49709e-30   1.2988e-24   6.1186e-31  3.36385e-25  9.26949e-32  4.48939e-26 -4.27634e-32  4.20884e-27 -6.91035e-33  2.91288e-28  7.04423e-34  1.45472e-29  1.40668e-34  4.68947e-31 -5.78659e-36  5.40841e-33   -3.779e-37 -2.84486e-34    1.549e-37 -1.50631e-35  3.97206e-39 -2.62711e-37 -2.66189e-40
-7.19792e-29  5.78455e-11  4.07334e-26 -1.38253e-09 -1.00542e-24  1.70635e-08  1.06803e-23 -1.36325e-07 -6.31842e-23  7.75586e-07  2.14963e-22 -3.30388e-06 -2.96335e-22  1.08366e-05 -9.22995e-22 -2.77531e-05  6.53483e-21  5.56556e-05 -1.88531e-20 -8.65944e-05  2.88821e-20  0.000101728 -2.69653e-21  -8.4484e-05  -1.1205e-19  4.05632e-05  3.37818e-19  9.76432e-07 -6.05666e-19 -1.52929e-05  7.62913e-19  6.60997e-06 -6.87121e-19  2.98459e-06  4.07524e-19 -2.84781e-06 -8.97971e-20  -5.5472e-07 -1.10701e-19  8.94663e-07  1.63142e-19  1.77251e-07 -1.34692e-19 -2.35444e-07   9.4542e-20 -7.96176e-08 -6.69166e-20  4.51466e-08  4.78111e-20  2.97135e-08  -3.1219e-20 -2.44696e-09   1.6883e-20 -7.23505e-09 -6.80465e-21 -1.87806e-09    1.371e-21  7.47613e-10  7.79425e-22  6.24229e-10 -1.04262e-21  1.14762e-10   4.3856e-22  -5.4339e-11  1.38179e-22 -3.96731e-11 -2.90245e-22 -9.03948e-12  1.96131e-22  1.31395e-12 -8.91233e-23  1.63806e-12    2.208e-23  5.47633e-13   5.0328e-24  6.41574e-14 -1.27471e-24 -2.39404e-14 -4.49245e-24 -1.50783e-14  1.68826e-24 -4.15361e-15  7.31046e-25  -5.6779e-16  -3.4735e-25  4.32291e-17 -3.33328e-26  4.65775e-17  1.60438e-26  1.39248e-17 -4.38696e-27  2.57718e-18  8.36109e-28  2.81091e-19  9.13099e-28 -1.30706e-21  2.37145e-29    -8.28e-21  2.99728e-29 -2.11046e-21  1.06486e-29 -3.37943e-22 -1.42802e-29 -3.87838e-23 -3.59841e-30 -3.08773e-24   5.8112e-31 -1.22165e-25  1.05873e-31  8.07364e-27 -4.07813e-32  2.03193e-27 -7.10402e-33  2.11842e-28    4.719e-34  1.46673e-29  9.18357e-35  7.17705e-31 -5.65487e-36  2.43227e-32  3.33174e-38  5.25865e-34  1.19927e-37  5.93295e-36  1.75808e-39  1.73653e-38
-1.03041e-11  4.43205e-27  4.48935e-10  2.00441e-25 -7.55157e-09 -4.75935e-24  7.56298e-08  4.49603e-23 -5.19093e-07 -2.37868e-22  2.61448e-06  7.32317e-22 -1.00348e-05 -9.22995e-22  2.99666e-05 -2.64826e-21 -7.02515e-05  1.73417e-20  0.000129064 -4.61945e-20 -0.000183083  6.39169e-20  0.000193214  4.68675e-21 -0.000138269 -2.53936e-19  4.72241e-05  6.91343e-19  1.87354e-05 -1.14482e-18 -2.75151e-05  1.33282e-18  4.88328e-06 -1.09798e-18   7.8956e-06  5.71665e-19 -3.18398e-06 -6.40905e-20 -2.14258e-06 -2.06104e-19  1.03567e-06  2.44579e-19  6.63161e-07   -1.816e-19 -2.23022e-07  1.18869e-19 -2.10983e-07 -8.26397e-20  1.41179e-08  6.04707e-20  5.44379e-08  -3.9856e-20   1.2031e-08  2.04252e-20 -8.06907e-09 -7.22236e-21 -5.20893e-09  1.12803e-21 -3.28906e-10  1.00207e-21  8.20441e-10 -1.36572e-21  3.81646e-10  7.20765e-22   2.5679e-11  3.95507e-23 -4.57319e-11 -2.99008e-22 -2.28686e-11  2.14113e-22 -3.92991e-12 -9.23886e-23  1.00197e-12  1.46901e-23  8.46322e-13  1.30619e-23  2.55978e-13 -2.53914e-24  2.97461e-14 -6.41085e-24  -8.7759e-15  2.16026e-24 -5.63145e-15  1.04109e-24 -1.56989e-15 -3.76262e-25 -2.46394e-16 -7.24079e-26  -4.9416e-18  1.09686e-26  9.74707e-18 -2.41957e-27  3.34366e-18  1.35824e-27  6.74619e-19  7.91201e-28  9.11776e-20  3.10983e-29  6.74493e-21  9.20939e-29  -3.5724e-22  1.95101e-29 -2.10575e-22 -1.87726e-29 -3.92585e-23 -4.77312e-30 -4.90115e-24  4.88436e-31 -4.49172e-25  1.11497e-31 -2.97831e-26 -3.60192e-32 -1.24241e-27 -6.55279e-33 -7.19219e-30  2.41605e-34  3.36157e-30  3.93048e-35  2.78977e-31 -5.60378e-36   1.2183e-32  2.52587e-37  3.08501e-34   7.8216e-38  3.79894e-36  5.28918e-40
-5.90694e-27 -1.06892e-10  8.26052e-26  2.68335e-09  6.60213e-25 -3.48435e-08 -1.92283e-23  2.93439e-07  1.68045e-22 -1.76378e-06  -8.0948e-22  7.95978e-06  2.28028e-21 -2.77531e-05 -2.64826e-21  7.58912e-05 -7.04084e-21 -0.000163483  4.28431e-20   0.00027569 -1.05805e-19 -0.000356296  1.32782e-19  0.000335619   2.8646e-20 -0.000201296 -5.28673e-19  3.56214e-05  1.31155e-18  5.27041e-05 -2.01004e-18  -3.9928e-05  2.16251e-18 -3.37737e-06 -1.62486e-18  1.45585e-05  7.30898e-19 -1.40984e-06  1.00033e-20 -4.48779e-06 -3.37245e-19    4.753e-07  3.37622e-19  1.33475e-06  -2.2552e-19  2.37411e-08  1.36034e-19 -3.50981e-07 -9.39564e-20  -8.1964e-08  7.27799e-20  6.34102e-08 -4.89132e-20  3.72663e-08  2.32035e-20 -1.63408e-09 -6.81125e-21 -8.15688e-09  8.65415e-22 -2.71667e-09  9.59549e-22   4.0709e-10  -1.6212e-21  6.20569e-10  1.06468e-21  1.93451e-10 -1.03459e-22 -8.65228e-12 -2.98738e-22 -2.97566e-11  2.33108e-22  -1.1666e-11 -9.57335e-23 -1.58209e-12  5.47576e-24  5.51299e-13  2.29139e-23  3.81855e-13 -4.06063e-24  1.08978e-13 -8.63477e-24  1.37359e-14  2.60302e-24 -2.35019e-15  1.41105e-24 -1.75874e-15 -3.76934e-25 -5.07129e-16 -1.19819e-25 -8.87995e-17  1.06477e-27 -7.16914e-18 -7.88551e-29  1.16676e-18  2.09024e-27  5.89457e-19  5.41171e-28   1.3163e-19  3.32332e-29  1.99122e-20  1.67816e-28  2.08785e-21  3.01527e-29  1.19435e-22  -2.2585e-29 -5.66793e-24 -5.85644e-30 -2.44829e-24  3.46127e-31 -3.53147e-25  1.07903e-31  -3.3953e-26 -2.88652e-32 -2.38117e-27 -5.32703e-33 -1.21771e-28  5.78044e-35 -4.28154e-30 -4.45074e-36 -8.58125e-32   -5.209e-36 -1.42323e-34  2.91676e-37  3.34876e-35   3.9982e-38  4.43858e-37
 1.61063e-11  -8.3596e-26 -7.39192e-10   8.3431e-25  1.31165e-08  7.95699e-25 -1.38803e-07 -6.71132e-23  1.00862e-06  5.63829e-22 -5.39098e-06 -2.51132e-21  2.20218e-05  6.53483e-21 -7.02515e-05 -7.04084e-21  0.000176802 -1.74351e-20 -0.000351133  9.89927e-20  0.000544263 -2.27513e-19 -0.000639691   2.6025e-19    0.0005326  8.62026e-20 -0.000254935 -1.01699e-18 -1.13852e-05  2.31461e-18  0.000103983 -3.28752e-18 -4.49478e-05   3.2664e-18 -2.12625e-05  -2.2306e-18  2.05719e-05   8.4786e-19  3.98966e-06  1.43196e-19 -6.78386e-06 -4.97036e-19 -1.28632e-06   4.3249e-19   1.8795e-06 -2.57963e-19  6.10873e-07  1.39294e-19 -3.85653e-07  -9.7729e-20 -2.43383e-07  8.43242e-20  2.66453e-08 -5.80246e-20  6.33715e-08  2.45123e-20  1.54721e-08 -5.37048e-21 -7.23531e-09  7.79935e-22 -5.68377e-09  4.99879e-22 -9.71732e-10 -1.75641e-21  5.43432e-10  1.45254e-21  3.78028e-10 -2.85899e-22  8.34508e-11  -2.9306e-22 -1.41003e-11  2.56721e-22 -1.62279e-11 -1.01191e-22  -5.3794e-12 -4.30946e-24 -6.25704e-13  3.39709e-23  2.38354e-13 -5.80251e-24  1.50205e-13 -1.10298e-23  4.18105e-14  2.96862e-24  5.93599e-15  1.82351e-24 -3.29608e-16 -3.43298e-25 -4.39856e-16  -1.7238e-25  -1.3535e-16  -1.3848e-26 -2.57868e-17  2.35358e-27 -3.02925e-18  2.93167e-27 -6.65368e-20  1.62478e-28  6.41996e-20  2.99417e-29  1.78731e-20  2.48302e-28  2.95741e-21  4.14435e-29  3.50099e-22 -2.51837e-29  2.97137e-23 -6.68081e-30  1.53882e-24  1.73859e-31 -6.03291e-27   9.5521e-32 -1.06465e-26 -2.01798e-32 -1.22599e-27 -3.67608e-33 -8.51168e-29 -5.74551e-35 -4.02152e-30  -3.1605e-35 -1.27766e-31 -4.27528e-36 -2.49164e-33  2.20562e-37 -2.32931e-35  1.37883e-38
 2.96816e-26  1.48048e-10  -7.7254e-25 -3.93554e-09  6.06716e-24  5.41859e-08 -7.07596e-24 -4.84623e-07  -2.0362e-22  3.09951e-06  1.71421e-21 -1.49197e-05 -7.15597e-21  5.56556e-05  1.73417e-20 -0.000163483 -1.74351e-20  0.000380396 -4.03908e-20 -0.000698513   2.1475e-19   0.00099595   -4.609e-19  -0.00106123  4.83184e-19   0.00076935  2.02209e-19 -0.000265905 -1.81637e-18 -0.000110836  3.81159e-18  0.000165386 -5.02092e-18 -3.12576e-05  4.60181e-18 -4.91941e-05 -2.84386e-18   2.1337e-05  8.84926e-19   1.3693e-05  3.32365e-19 -7.35746e-06 -6.70404e-19 -4.40489e-06  5.18631e-19  1.72885e-06 -2.70743e-19  1.48854e-06  1.22207e-19 -1.58689e-07 -9.19501e-20 -4.14014e-07  9.54158e-20 -7.95125e-08 -6.66787e-20  6.83031e-08  2.35766e-20   4.0502e-08  -2.8647e-21   1.2699e-09   1.0818e-21 -7.10893e-09 -4.57396e-22  -3.0979e-09 -1.72843e-21 -1.28158e-10  1.85681e-21  4.15824e-10 -5.03932e-22   1.9702e-10 -2.84336e-22  3.14058e-11  2.88073e-22 -9.87377e-12 -1.10147e-22 -7.66289e-12 -1.33615e-23 -2.26942e-12  4.53722e-23 -2.54571e-13 -7.70285e-24  8.13021e-14 -1.34269e-23  5.08733e-14  3.21858e-24  1.41681e-14  2.25411e-24  2.25855e-15 -2.74052e-25   6.6086e-17 -2.26555e-25 -8.06495e-17 -3.30736e-26 -2.85106e-17  4.63782e-27 -5.84689e-18  3.71086e-27 -8.13867e-19 -3.34759e-28 -6.74399e-20  1.96302e-29  8.81279e-22   3.2312e-28  1.41169e-21  5.19513e-29  2.79736e-22 -2.62154e-29  3.55506e-23 -7.12141e-30  3.29811e-24 -6.29131e-33  2.25019e-25  7.66397e-32  1.04794e-26 -1.11732e-32  2.30163e-28 -1.95427e-33 -8.53532e-30 -1.07061e-34 -1.00358e-30  -4.0898e-35 -4.25614e-32 -2.97152e-36  -9.0784e-34  1.19586e-37 -6.92259e-36
 -1.8501e-11   3.4984e-25    9.043e-10 -5.42298e-24 -1.71023e-08   3.5037e-23  1.93095e-07 -6.63724e-23 -1.49912e-06  -5.3697e-22  8.57639e-06  4.76204e-21 -3.75886e-05 -1.88531e-20  0.000129064  4.28431e-20 -0.000351133 -4.03908e-20  0.000758548 -8.78627e-20  -0.00129111  4.38759e-19    0.0016936    -8.82e-19    -0.001628  8.52174e-19   0.00100352  4.07528e-19 -0.000189361 -3.02436e-18 -0.000271129  5.87264e-18  0.000218178 -7.17512e-18  1.30284e-05  6.05555e-18  -8.2314e-05 -3.36951e-18  1.09837e-05   8.1897e-19  2.63286e-05  5.56448e-19 -4.02188e-06 -8.38499e-19 -8.25597e-06  5.88628e-19  2.40599e-07 -2.57571e-19   2.3399e-06  8.00158e-20  4.43864e-07 -7.68054e-20 -4.72968e-07  1.07099e-19 -2.45918e-07 -7.40452e-20  2.54107e-08   1.9718e-20  6.10418e-08  5.07503e-22  1.80664e-08   1.8937e-21 -4.16438e-09 -1.87722e-21 -4.84578e-09 -1.49663e-21 -1.37712e-09  2.24309e-21  1.31361e-10 -7.59236e-22  2.47012e-10 -2.72838e-22  9.09484e-11  3.28844e-22  1.07531e-11  -1.2273e-22 -5.03476e-12 -2.05528e-23 -3.17229e-12  5.61305e-23 -8.77349e-13 -9.67402e-24 -1.05314e-13 -1.56505e-23  2.06417e-14  3.33078e-24  1.44797e-14  2.67545e-24  4.12486e-15 -1.73891e-25  7.22957e-16 -2.79271e-25  6.11305e-17 -5.50085e-26 -8.09436e-18  6.61437e-27 -4.39275e-18  4.21953e-27 -9.91237e-19  -9.3299e-28 -1.51336e-19 -1.31489e-30 -1.63024e-20  3.82329e-28 -1.06032e-21  6.03339e-29  9.69051e-24 -2.55565e-29  1.32458e-23 -7.12704e-30  2.02188e-24  -1.7364e-31  1.94538e-25  5.47104e-32  1.34253e-26  -3.1258e-33  6.72447e-28 -5.03269e-34  2.34322e-29 -1.10105e-34   5.0471e-31 -3.66304e-35  4.53425e-33 -1.68043e-36 -2.81816e-35  4.23115e-38
-8.93221e-26 -1.48045e-10  2.77306e-24  4.22861e-09 -3.08732e-23 -6.25649e-08  1.68834e-22  6.01629e-07 -3.58468e-22 -4.14122e-06  -1.2198e-21  2.14871e-05  1.21795e-20 -8.65944e-05 -4.61945e-20   0.00027569  9.89927e-20 -0.000698513 -8.78627e-20   0.00140649 -1.80008e-19  -0.00222384  8.46311e-19   0.00268216 -1.59742e-18  -0.00230876  1.42997e-18   0.00116225  7.34013e-19  2.03606e-05 -4.71167e-18 -0.000481931  8.48578e-18  0.000232702 -9.60984e-18  9.46262e-05  7.44935e-18 -0.000109092  -3.7112e-18 -1.52319e-05  6.55378e-19  3.76673e-05  7.78574e-19  4.95237e-06 -9.85867e-19 -1.12029e-05  6.41246e-19 -2.91984e-06  -2.1473e-19  2.58108e-06  1.09817e-20  1.37251e-06  -5.5414e-20 -2.71524e-07  1.20749e-19 -4.09379e-07 -7.88464e-20 -7.87398e-08  1.26263e-20  5.70847e-08  4.29929e-21  3.76458e-08  3.13819e-21  4.77508e-09 -3.60372e-21 -4.44097e-09  -1.0083e-21 -2.66202e-09   2.5761e-21 -5.05879e-10 -1.05999e-21  1.38536e-10 -2.57392e-22  1.23537e-10  3.78518e-22  3.80812e-11 -1.37653e-22  3.61718e-12 -2.50762e-23 -2.04127e-12  6.53024e-23 -1.15076e-12 -1.16046e-23 -3.07745e-13 -1.75464e-23 -4.15574e-14  3.30268e-24  3.04084e-15  3.06085e-24  3.32054e-15 -5.38958e-26   9.9636e-16 -3.28405e-25  1.87891e-16 -7.73256e-26   2.2218e-17  8.20701e-27  6.44307e-19    4.262e-27 -4.08458e-19 -1.60891e-27 -1.16371e-19 -3.78221e-29 -1.92469e-20  4.18407e-28 -2.27726e-21  6.56959e-29 -1.96025e-22 -2.33224e-29 -1.10562e-23 -6.72684e-30 -1.70779e-25 -3.11066e-31  4.09069e-26  3.34495e-32  5.20311e-27  2.94644e-33  3.53592e-28   4.5852e-34  1.56302e-29 -8.92336e-35  4.44375e-31 -2.56892e-35  7.16895e-33 -7.26801e-37  4.23698e-35
 1.45993e-11 -9.33323e-25 -7.77492e-10  1.70487e-23  1.59916e-08 -1.48024e-22 -1.96142e-07  6.99489e-22  1.65348e-06 -1.50371e-21 -1.02737e-05 -2.32322e-21   4.8952e-05  2.88821e-20 -0.000183083 -1.05805e-19  0.000544263   2.1475e-19  -0.00129111 -1.80008e-19   0.00243227 -3.48143e-19  -0.00357912  1.54388e-18   0.00396336 -2.74154e-18  -0.00302121  2.28417e-18   0.00115029  1.20694e-18  0.000392338 -6.89021e-18 -0.000706953  1.15238e-17  0.000174786 -1.20774e-17  0.000208529  8.56817e-18 -0.000112706 -3.80013e-18 -5.76392e-05  4.34994e-19  4.09888e-05  9.55094e-19  1.94997e-05 -1.10786e-18 -1.08602e-05  6.81835e-19 -7.33829e-06 -1.40603e-19  1.54772e-06 -8.25245e-20  2.32403e-06 -3.38888e-20  2.82007e-07  1.37311e-19 -4.57646e-07 -7.94152e-20 -2.23882e-07  2.68453e-21  1.09249e-08  7.88744e-21  4.79788e-08  4.45901e-21  1.78654e-08 -5.40188e-21 -4.90502e-10 -1.90008e-22 -3.00613e-09  2.82771e-21 -1.25073e-09 -1.41653e-21 -1.53599e-10 -2.36812e-22  8.42097e-11  4.33938e-22  5.37852e-11 -1.52624e-22  1.46842e-11 -2.65134e-23  1.30497e-12  7.21791e-23 -6.65457e-13 -1.33609e-23 -3.61609e-13 -1.90016e-23 -9.59573e-14  3.15122e-24 -1.45915e-14   3.3866e-24 -2.64167e-16  6.91736e-26  5.64785e-16 -3.72828e-25  1.90609e-16 -9.73523e-26  3.82741e-17  9.40047e-27  5.27285e-18    3.706e-27  4.44093e-19 -2.33238e-27 -7.99322e-22 -9.41962e-29 -7.72648e-21  4.27593e-28 -1.54536e-21  6.77725e-29 -1.93934e-22 -1.98428e-29 -1.76926e-23 -6.01407e-30 -1.19297e-24 -4.06188e-31 -5.65009e-26  1.59517e-32 -1.52775e-27   6.5459e-33   6.9776e-30  8.89728e-34  2.55735e-30 -6.17441e-35   1.0252e-31 -1.43156e-35  1.66725e-33  -2.0754e-37
  1.9397e-25  9.63986e-11 -6.62407e-24 -3.06358e-09  8.62761e-23  5.01723e-08 -6.12736e-22  -5.3207e-07  2.54215e-21  4.02936e-06 -5.31283e-21 -2.29731e-05 -3.42593e-21  0.000101728  6.39169e-20 -0.000356296 -2.27513e-19   0.00099595  4.38759e-19  -0.00222384 -3.48143e-19   0.00393408 -6.36723e-19  -0.00539642  2.66692e-18    0.0054727  -4.4617e-18  -0.00363229  3.47209e-18  0.000871057  1.83701e-18  0.000920073 -9.48624e-18 -0.000884511  1.47355e-17  1.74516e-05 -1.42529e-17   0.00033371  9.20597e-18  -7.5821e-05 -3.61987e-18 -0.000109387  2.29823e-19  2.90299e-05  1.04906e-18  3.66758e-05   -1.215e-18 -4.96456e-06  7.19303e-19 -1.16081e-05 -3.44618e-20 -1.14927e-06 -1.93363e-19  2.76496e-06 -2.04781e-20  1.12239e-06  1.56369e-19 -2.73293e-07 -7.40284e-20 -3.47375e-07 -8.77851e-21 -7.81915e-08  1.06356e-20  3.52301e-08  5.22395e-21  2.89021e-08 -7.03253e-21  6.64388e-09  1.04197e-21  -1.5215e-09  2.98363e-21 -1.61609e-09 -1.83253e-21 -5.21004e-10 -2.10839e-22 -3.88392e-11  4.89358e-22  3.92096e-11 -1.65238e-22   2.0661e-11   -2.486e-23  5.23649e-12  7.64375e-23  5.08908e-13  -1.4788e-23 -1.68367e-13 -1.99496e-23 -9.62027e-14  2.91016e-24  -2.5846e-14  3.63219e-24 -4.32751e-15  1.74807e-25 -3.33184e-16 -4.12061e-25  5.53735e-17 -1.12558e-25  2.67935e-17  1.02122e-26  5.83751e-18  2.52298e-27  8.70994e-19  -3.0635e-27  9.25871e-20 -1.71618e-28  6.14017e-21  4.10425e-28  1.40081e-23  6.68774e-29 -5.90885e-23 -1.56091e-29 -9.07239e-24 -5.11589e-30 -8.47083e-25 -4.52419e-31 -5.59161e-26   3.9916e-33 -2.64959e-27  7.76509e-33 -8.65367e-29   9.0314e-34 -1.74937e-30 -3.71602e-35 -1.65316e-32 -6.09591e-36  -1.1711e-35
-6.34413e-12  1.81672e-24  3.97505e-10 -3.67561e-23 -9.43344e-09  3.71665e-22  1.31722e-07 -2.22874e-21 -1.25242e-06  8.22215e-21  8.72107e-06 -1.63935e-20 -4.63809e-05 -2.69653e-21  0.000193214  1.32782e-19 -0.000639691   -4.609e-19    0.0016936  8.46311e-19  -0.00357912 -6.36723e-19   0.00596809 -1.10256e-18  -0.00764153  4.36582e-18    0.0070693 -6.88779e-18   -0.0039767  5.01834e-18  0.000256526  2.61449e-18   0.00154875 -1.23305e-17 -0.000938663  1.77724e-17 -0.000245534 -1.57943e-17  0.000434118  9.21523e-18  1.22275e-05 -3.21752e-18 -0.000155902  1.27775e-19 -2.84338e-06  1.04347e-18  5.05674e-05 -1.33194e-18  7.36952e-06  7.60519e-19 -1.35338e-05  1.04579e-19 -5.23929e-06 -3.09575e-19  2.11365e-06 -2.37956e-20  1.97345e-06  1.75416e-19  1.93423e-07 -6.14913e-20 -3.60402e-07 -1.94577e-20 -1.83225e-07  1.21101e-20 -7.40286e-09  4.63742e-21  2.93115e-08 -8.32931e-21  1.40958e-08  2.74767e-21  1.84702e-09  3.04499e-21 -1.12947e-09 -2.29512e-21 -7.39876e-10 -1.79675e-22 -1.97803e-10  5.37194e-22  -8.9649e-12 -1.73987e-22  1.49001e-11 -2.05295e-23  7.00552e-12  7.81982e-23  1.71121e-12 -1.57178e-23  1.95845e-13 -2.03616e-23 -2.90778e-14  2.62607e-24  -2.0855e-14  3.77946e-24 -5.80318e-15   2.4185e-25 -1.04279e-15 -4.45772e-25 -1.16775e-16 -1.21028e-25 -2.37272e-18  1.06762e-26  2.31011e-18    8.076e-28  6.16854e-19 -3.75089e-27  9.83333e-20 -2.66095e-28  1.12921e-20  3.71386e-28   9.5003e-22  6.36694e-29  5.36627e-23 -1.11923e-29  1.14294e-24 -4.16057e-30 -1.31564e-25 -4.50008e-31 -1.74682e-26 -2.27843e-33 -1.11847e-27  7.16727e-33 -4.45322e-29  6.87069e-34 -1.07392e-30 -1.90965e-35 -1.27838e-32 -1.73207e-36
-3.22647e-25 -2.61407e-11  1.16315e-23  1.10687e-09 -1.68911e-22 -2.25806e-08  1.39322e-21   2.8706e-07 -7.21806e-21 -2.54452e-06  2.39255e-20  1.67202e-05 -4.50926e-20  -8.4484e-05  4.68675e-21  0.000335619   2.6025e-19  -0.00106123    -8.82e-19   0.00268216  1.54388e-18  -0.00539642 -1.10256e-18   0.00851495  -1.8091e-18   -0.0101879  6.77618e-18   0.00854741 -1.00874e-17  -0.00389238  6.89008e-18 -0.000703333  3.50749e-18   0.00217603 -1.51737e-17 -0.000799411  2.02508e-17 -0.000589731 -1.64163e-17  0.000466266  8.54323e-18  0.000148463 -2.69632e-18 -0.000177635  2.11372e-19 -5.34025e-05  9.49459e-19  5.36417e-05 -1.49093e-18  2.45465e-05  8.04312e-19  -1.0859e-05  2.77538e-19 -9.59731e-06 -4.15145e-19  4.08962e-08 -5.04597e-20  2.39701e-06  1.89681e-19  8.57838e-07 -4.18046e-20 -1.90015e-07 -2.63749e-20 -2.52098e-07  1.22705e-20 -7.13141e-08   1.9523e-21  1.29151e-08 -9.24329e-21  1.72767e-08  4.91529e-21  5.86569e-09  3.02262e-21  3.00195e-10 -2.76921e-21 -5.92667e-10 -1.42213e-22 -2.97651e-10  5.69493e-22 -6.98982e-11 -1.78953e-22 -2.60322e-12 -1.43129e-23  4.66935e-12  7.79632e-23  2.07443e-12 -1.59891e-23  5.01424e-13 -2.02288e-23  6.73059e-14  2.35278e-24 -1.41891e-15  3.81199e-24  -3.4379e-15  2.52409e-25 -1.03779e-15 -4.73322e-25  -1.9688e-16 -1.21799e-25 -2.58519e-17  1.08446e-26 -2.04435e-18 -1.23048e-27  2.00717e-20 -4.33413e-27  3.70912e-20 -3.67821e-28  6.98055e-21  3.17769e-28  8.36369e-22   5.8864e-29  7.29839e-23 -7.13904e-30  4.70968e-24 -3.25156e-30  2.14911e-25 -4.06372e-31  5.89771e-27 -4.09232e-33  2.24503e-29   5.5447e-33 -5.06059e-30  4.17423e-34 -1.77469e-31 -7.88845e-36  -1.7586e-33
