 3.88434e-05  7.21585e-20 -0.000319077 -3.24987e-19  0.000916614  6.82301e-19  -0.00128906  -8.5406e-19  0.000756515  8.29729e-19  0.000220399  -6.4252e-19 -0.000472436  2.57937e-19  2.12553e-05  1.27597e-19  0.000164138 -1.29354e-19 -7.38039e-06  9.53177e-22 -1.93609e-05
 7.21585e-20  0.000465502   5.0268e-20  -0.00206303  5.63501e-20   0.00412306 -3.84587e-19  -0.00399195  6.10334e-19  0.000877049  -1.5115e-19   0.00166828 -2.88125e-19 -0.000993627  -2.9396e-19 -0.000469448  6.90222e-19  0.000345673 -2.29024e-19  8.86693e-05 -2.85427e-20
-0.000319077   5.0268e-20   0.00262613 -1.98821e-19  -0.00757814  7.50003e-19    0.0107651 -1.89882e-18  -0.00651095  1.53844e-18  -0.00165476  1.21714e-19   0.00409469 -3.48795e-19 -0.000467162 -1.29287e-18  -0.00139492  1.23212e-18  0.000225816 -1.26133e-19  0.000177681
-3.24987e-19  -0.00206303 -1.98821e-19   0.00918797 -1.62518e-19    -0.018572  1.57911e-18    0.0184973 -2.74605e-18  -0.00485402  8.13036e-19  -0.00726894  2.04172e-18   0.00526436 -2.22961e-19   0.00157784 -2.26692e-18  -0.00193199  1.16468e-18 -0.000169307   8.9662e-20
 0.000916614  5.63501e-20  -0.00757814 -1.62518e-19     0.022125 -6.24098e-19    -0.032298  4.34078e-18    0.0212304 -4.63254e-18   0.00290838  4.82611e-21   -0.0126343  2.98274e-18   0.00340163  1.07937e-18   0.00385681 -2.94226e-18  -0.00162588  7.04717e-19 -0.000441039
 6.82301e-19   0.00412306  7.50003e-19    -0.018572 -6.24098e-19    0.0385651 -2.54193e-18   -0.0410284  7.29747e-18    0.0149962 -6.14629e-18    0.0128778 -1.94788e-18   -0.0140085   2.8335e-18 -0.000271446  2.43448e-18   0.00501089 -3.01429e-18 -0.000887693  2.89127e-19
 -0.00128906 -3.84587e-19    0.0107651  1.57911e-18    -0.032298 -2.54193e-18    0.0501643 -3.58465e-18   -0.0390128  7.87991e-18   0.00356293 -3.74334e-18    0.0192371 -6.08263e-18   -0.0117597  3.85723e-18  -0.00345077  2.50577e-18   0.00503772 -2.13851e-18 -0.000376497
 -8.5406e-19  -0.00399195 -1.89882e-18    0.0184973  4.34078e-18   -0.0410284 -3.58465e-18    0.0504652 -3.21357e-18   -0.0295553  8.23445e-18  -0.00563508  1.33415e-18    0.0209366 -1.02438e-17  -0.00873558  5.58131e-18  -0.00540775  1.61223e-18   0.00456141 -8.84878e-19
 0.000756515  6.10334e-19  -0.00651095 -2.74605e-18    0.0212304  7.29747e-18   -0.0390128 -3.21357e-18    0.0425311 -4.57812e-18   -0.0210222  9.01912e-18    -0.010077  4.55799e-18    0.0208291 -1.15206e-17  -0.00637239  5.12253e-18  -0.00646941  7.83776e-19   0.00417355
 8.29729e-19  0.000877049  1.53844e-18  -0.00485402 -4.63254e-18    0.0149962  7.87991e-18   -0.0295553 -4.57812e-18    0.0350201 -6.92282e-18   -0.0170031   7.6823e-18   -0.0122422  4.15175e-18    0.0207772 -9.18711e-18  -0.00472273  2.98253e-18    -0.007416 -2.07632e-19
 0.000220399  -1.5115e-19  -0.00165476  8.13036e-19   0.00290838 -6.14629e-18   0.00356293  8.23445e-18   -0.0210222 -6.92282e-18    0.0319093 -6.36208e-18   -0.0154565  5.42067e-18    -0.014094  1.64233e-18    0.0212236 -5.72807e-18  -0.00318682  2.86814e-18  -0.00661085
 -6.4252e-19   0.00166828  1.21714e-19  -0.00726894  4.82611e-21    0.0128778 -3.74334e-18  -0.00563508  9.01912e-18   -0.0170031 -6.36208e-18    0.0313522 -3.86768e-18   -0.0145675  7.04081e-18   -0.0161463 -1.24577e-18    0.0215562 -5.51056e-18  -0.00221529  6.56704e-18
-0.000472436 -2.88125e-19   0.00409469  2.04172e-18   -0.0126343 -1.94788e-18    0.0192371  1.33415e-18    -0.010077   7.6823e-18   -0.0154565 -3.86768e-18    0.0316266 -4.56832e-18    -0.013923  1.36863e-17   -0.0179437 -4.22049e-18    0.0223196 -6.87093e-18  -0.00741663
 2.57937e-19 -0.000993627 -3.48795e-19   0.00526436  2.98274e-18   -0.0140085 -6.08263e-18    0.0209366  4.55799e-18   -0.0122422  5.42067e-18   -0.0145675 -4.56832e-18    0.0324446  -9.4591e-18     -0.01424  1.98833e-17   -0.0193137 -5.32723e-18    0.0281468 -9.07184e-18
 2.12553e-05  -2.9396e-19 -0.000467162 -2.22961e-19   0.00340163   2.8335e-18   -0.0117597 -1.02438e-17    0.0208291  4.15175e-18    -0.014094  7.04081e-18    -0.013923  -9.4591e-18    0.0346786 -1.28649e-17   -0.0164512  1.85313e-17   -0.0248809 -1.12957e-18    0.0336213
 1.27597e-19 -0.000469448 -1.29287e-18   0.00157784  1.07937e-18 -0.000271446  3.85723e-18  -0.00873558 -1.15206e-17    0.0207772  1.64233e-18   -0.0161463  1.36863e-17     -0.01424 -1.28649e-17    0.0392066   -1.276e-17   -0.0148871  1.72345e-17   -0.0336766 -6.74452e-18
 0.000164138  6.90222e-19  -0.00139492 -2.26692e-18   0.00385681  2.43448e-18  -0.00345077  5.58131e-18  -0.00637239 -9.18711e-18    0.0212236 -1.24577e-18   -0.0179437  1.98833e-17   -0.0164512   -1.276e-17    0.0433733 -2.69846e-18   -0.0185986 -1.38568e-18  -0.00433334
-1.29354e-19  0.000345673  1.23212e-18  -0.00193199 -2.94226e-18   0.00501089  2.50577e-18  -0.00540775  5.12253e-18  -0.00472273 -5.72807e-18    0.0215562 -4.22049e-18   -0.0193137  1.85313e-17   -0.0148871 -2.69846e-18    0.0449148 -2.20791e-17   -0.0400209  5.02654e-17
-7.38039e-06 -2.29024e-19  0.000225816  1.16468e-18  -0.00162588 -3.01429e-18   0.00503772  1.61223e-18  -0.00646941  2.98253e-18  -0.00318682 -5.51056e-18    0.0223196 -5.32723e-18   -0.0248809  1.72345e-17   -0.0185986 -2.20791e-17    0.0969693  2.68728e-17    -0.131208
 9.53177e-22  8.86693e-05 -1.26133e-19 -0.000169307  7.04717e-19 -0.000887693 -2.13851e-18   0.00456141  7.83776e-19    -0.007416  2.86814e-18  -0.00221529 -6.87093e-18    0.0281468 -1.12957e-18   -0.0336766 -1.38568e-18   -0.0400209  2.68728e-17     0.143489 -9.48331e-17
-1.93609e-05 -2.85427e-20  0.000177681   8.9662e-20 -0.000441039  2.89127e-19 -0.000376497 -8.84878e-19   0.00417355 -2.07632e-19  -0.00661085  6.56704e-18  -0.00741663 -9.07184e-18    0.0336213 -6.74452e-18  -0.00433334  5.02654e-17    -0.131208 -9.48331e-17     0.218847
