 1.26564e-28    1.584e-44 -8.52171e-27 -1.75749e-42  2.24797e-25  5.98645e-41 -3.59146e-24 -1.17967e-39  4.01206e-23  1.61146e-38 -3.36839e-22 -1.65993e-37  2.21813e-21  1.35246e-36 -1.17755e-20 -8.98493e-36  5.13278e-20   4.9686e-35 -1.85951e-19 -2.32064e-34  5.64199e-19  9.24976e-34  -1.4392e-18 -3.16867e-33  3.08722e-18  9.36795e-33 -5.54836e-18 -2.39239e-32  8.28114e-18  5.25888e-32 -1.00959e-17 -9.83765e-32  9.74792e-18  1.52171e-31 -6.98878e-18 -1.79427e-31  3.09791e-18  1.10363e-31 -6.67504e-20  1.54123e-31 -9.96109e-19 -7.11179e-31   5.9475e-19   1.6028e-30  2.58885e-20 -2.76191e-30    -1.87e-19  3.98909e-30  5.00789e-20 -4.98325e-30  3.91235e-20  5.42711e-30 -1.96473e-20 -5.10359e-30 -7.49026e-21   4.0029e-30  5.05272e-21 -2.36893e-30  1.61706e-21  6.37986e-31 -1.01411e-21  7.32543e-31 -3.94027e-22 -1.46579e-30  1.49224e-22  1.56895e-30  8.97439e-23 -1.26952e-30 -1.01994e-23  8.45278e-31 -1.57778e-23 -4.82177e-31 -1.76024e-24  2.40905e-31  1.72483e-24 -1.05293e-31  6.25236e-25  3.90002e-32 -4.30408e-26 -1.16878e-32 -7.68019e-26  2.90631e-33 -1.59793e-26 -8.55722e-34  2.48675e-27  4.80828e-34  1.93549e-27  -3.8046e-34  3.38841e-28   2.7823e-34 -3.45977e-29 -1.44538e-34 -2.83833e-29  4.20266e-35 -5.47006e-30 -1.75075e-36 -9.04028e-32 -3.62977e-36  1.89401e-31  2.04686e-36  4.59569e-32 -9.54389e-37  4.51592e-33  3.48271e-37 -1.80528e-34 -7.31424e-38 -1.22475e-34  6.06278e-39 -1.81542e-35  5.96026e-40 -1.28427e-36 -4.02814e-40  5.97209e-40  1.43786e-40  9.59798e-39 -3.05831e-41  9.76636e-40  3.65455e-42  4.67385e-41 -2.22778e-43  9.33036e-43  4.57944e-45  5.28274e-45  1.05246e-46   -9.095e-46  -1.0467e-47
   1.584e-44  1.22056e-26  1.00362e-42 -4.67497e-25 -7.90282e-41  9.40441e-24  2.19697e-39 -1.24902e-22  -3.7323e-38  1.20914e-21  4.52334e-37 -9.01227e-21 -4.20636e-36  5.35088e-20  3.13005e-35 -2.58807e-19 -1.91478e-34  1.03518e-18  9.80956e-34 -3.45791e-18  -4.2642e-33  9.70217e-18  1.58763e-32 -2.29149e-17 -5.09546e-32  4.54902e-17  1.41516e-31 -7.54657e-17 -3.40441e-31  1.03395e-16  7.07388e-31 -1.14488e-16 -1.25764e-30  9.82665e-17  1.86866e-30 -5.93862e-17 -2.17836e-30   1.7531e-17  1.55558e-30  7.26164e-18  7.69037e-31 -1.04726e-17 -5.39062e-30  3.26852e-18  1.23383e-29  1.77618e-18 -2.08055e-29 -1.58882e-18  2.91879e-29 -5.86533e-20 -3.54669e-29  4.38493e-19  3.78064e-29 -4.87905e-20 -3.51665e-29 -1.02371e-19  2.77801e-29  1.51985e-20 -1.73134e-29  2.25389e-20  6.46675e-30 -2.05788e-21  2.04739e-30 -4.58139e-21 -6.68716e-30 -1.60398e-22  7.62896e-30  7.68108e-22 -6.28483e-30  1.57872e-22  4.24452e-30 -8.54408e-23 -2.49097e-30  -4.0343e-23  1.30639e-30  1.93505e-24 -6.06305e-31  5.32919e-24  2.38194e-31  1.12476e-24 -7.61597e-32 -2.51006e-25  2.12635e-32 -1.70843e-25 -7.11756e-33 -2.44607e-26  3.62147e-33  6.48307e-27 -2.45751e-33  3.40657e-27   1.6924e-33  4.99897e-28 -8.52291e-34 -5.61208e-29   2.3259e-34 -3.80473e-29 -1.92334e-36 -6.89688e-30 -2.26337e-35 -2.30521e-31   1.1285e-35  1.62592e-31  -4.8018e-36  4.00238e-32  1.61427e-36  4.26572e-33  -3.0916e-37   5.2375e-35  2.28278e-38 -5.26845e-35  2.23564e-39 -8.43052e-36 -1.46093e-39 -6.44403e-37  4.90965e-40 -1.93943e-38 -9.42712e-41  9.78626e-40  1.01212e-41  1.26218e-40 -5.16525e-43  5.36002e-42  5.56176e-45  1.12641e-43  1.54968e-46  6.69733e-47
-8.52171e-27  1.00362e-42  5.80063e-25  3.69421e-41 -1.54767e-23 -2.25965e-39  2.50218e-22  5.29972e-38 -2.83018e-21 -7.89223e-37  2.40728e-20  8.56857e-36 -1.60705e-19 -7.23782e-35  8.65507e-19  4.93917e-34 -3.83035e-18 -2.79005e-33  1.41017e-17  1.32659e-32 -4.35251e-17 -5.37241e-32  1.13082e-16  1.86882e-31  -2.4743e-16 -5.61603e-31  4.54443e-16  1.46288e-30 -6.94909e-16 -3.30545e-30  8.71158e-16  6.46081e-30 -8.70173e-16 -1.08281e-29  6.53455e-16  1.52268e-29 -3.15701e-16 -1.69661e-29  3.07342e-17  1.21087e-29  8.62679e-17  3.26467e-30 -6.14283e-17 -3.10819e-29   3.1068e-18  6.95214e-29   1.7352e-17 -1.12566e-28 -6.49105e-18  1.51375e-28 -3.19582e-18 -1.76905e-28  2.29902e-18  1.82503e-28  5.24132e-19 -1.65648e-28 -5.86376e-19  1.28967e-28 -1.07767e-19  -8.0489e-29  1.23559e-19  3.20138e-29  2.97881e-20  5.12903e-30 -2.07376e-20 -2.50413e-29 -8.06213e-21  2.92623e-29  2.23564e-21 -2.42255e-29  1.67918e-21  1.65502e-29  9.84667e-24 -9.98184e-30  -2.2768e-22  5.43691e-30 -5.45676e-23 -2.60014e-30  1.32014e-23  1.02786e-30  9.23343e-24 -3.24195e-31  1.11984e-24  9.23503e-32 -5.29005e-25 -3.42595e-32  -2.3276e-25  1.77506e-32 -2.36663e-26  -1.1099e-32  8.97322e-27  7.20569e-33  3.72983e-27 -3.48211e-33   4.9081e-28  8.81587e-34 -4.70468e-29     2.34e-35 -3.05556e-29 -9.39445e-35 -5.38377e-30  4.18451e-35 -2.83834e-31 -1.63564e-35  7.26765e-32  5.07047e-36   1.9406e-32 -8.84675e-37  2.18131e-33  6.06176e-38  9.19101e-35  4.67849e-39 -8.98358e-36 -3.48859e-39 -1.77885e-36  1.12014e-39  -1.3663e-37 -1.92194e-40 -5.21141e-39  1.84175e-41 -4.57543e-41 -7.69825e-43  3.79462e-42  1.92402e-45   1.3416e-43  9.86577e-47
-1.75749e-42 -4.67497e-25  3.69421e-41  1.81107e-23  9.67268e-40 -3.68676e-22 -4.83766e-38  4.95764e-21  9.79149e-37 -4.86209e-20 -1.29408e-35  3.67368e-19  1.26829e-34 -2.21264e-18 -9.78122e-34  1.08646e-17  6.14327e-33 -4.41552e-17 -3.21259e-32  1.50014e-16  1.42018e-31  -4.2858e-16 -5.36413e-31  1.03209e-15  1.74413e-30 -2.09259e-15 -4.90619e-30  3.55328e-15  1.19722e-29 -4.99804e-15 -2.53484e-29  5.70786e-15  4.64143e-29 -5.09449e-15 -7.28134e-29  3.26473e-15  9.56683e-29 -1.12374e-15 -9.90813e-29 -2.72088e-16  6.40235e-29  5.59975e-16  2.36111e-29 -2.21129e-16 -1.64117e-28 -7.38277e-17  3.39255e-28  9.34753e-17 -5.15469e-28 -6.15651e-18  6.54601e-28 -2.41921e-17 -7.26456e-28  5.41742e-18  7.16225e-28   5.4604e-18 -6.25244e-28 -1.53931e-18   4.7002e-28 -1.21809e-18 -2.82165e-28  2.75719e-19  1.03718e-28   2.6461e-19  2.72221e-29 -2.21749e-20 -9.35274e-29 -4.98129e-20  1.04518e-28 -4.68888e-21 -8.49891e-29  6.79073e-21  5.80406e-29  2.09791e-21 -3.54901e-29 -4.29928e-22  1.96162e-29 -3.61381e-22 -9.34424e-30 -4.17804e-23  3.55803e-30  2.67693e-23 -1.04628e-30  1.10423e-23  2.92009e-31  6.46257e-25 -1.24053e-31 -6.87301e-25   6.8301e-32 -2.29244e-25 -4.02368e-32 -1.76314e-26  2.45758e-32  8.15355e-27  -1.1332e-32   2.9245e-27  2.64135e-33   3.6701e-28  1.63287e-34 -2.19139e-29 -3.00938e-34 -1.64992e-29  1.20658e-34 -2.88985e-30 -4.35509e-35 -2.01216e-31   1.2441e-35  1.62215e-32 -1.97485e-36  5.64682e-33  1.33535e-37  6.56737e-34  4.75739e-39  3.68375e-35 -6.32733e-39 -1.85451e-38  1.97019e-39 -1.65011e-37 -2.97068e-40 -1.23683e-38  2.51731e-41 -4.29845e-40 -8.40315e-43 -5.82356e-42 -2.79586e-45  4.69526e-45
 2.24797e-25 -7.90282e-41 -1.54767e-23  9.67268e-40  4.17863e-22  1.97105e-38 -6.84008e-21 -8.32671e-37  7.83774e-20  1.47815e-35 -6.75783e-19 -1.75036e-34  4.57621e-18  1.55823e-33 -2.50188e-17   -1.102e-32  1.12489e-16  6.39056e-32 -4.21138e-16  -3.1012e-31  1.32325e-15  1.27686e-30 -3.50419e-15 -4.50339e-30   7.8271e-15  1.36952e-29 -1.47033e-14 -3.60602e-29  2.30545e-14  8.23637e-29 -2.97447e-14 -1.63078e-28  3.07595e-14  2.78679e-28 -2.41959e-14 -4.06446e-28  1.26764e-14  4.92459e-28 -2.11973e-15 -4.59698e-28 -2.86697e-15  2.35818e-28   2.4748e-15   2.0929e-28 -3.47917e-16 -8.35258e-28  -6.1701e-16  1.53006e-27  3.11401e-16  -2.1427e-27  9.23573e-17   2.5382e-27 -1.02002e-16 -2.64394e-27 -1.00452e-17  2.45897e-27  2.57108e-17 -2.03158e-27  1.58597e-18   1.4403e-27 -5.62101e-18  -7.9351e-28 -6.45769e-19  2.19975e-28  1.04019e-18  1.73528e-28  2.48232e-19 -3.51623e-28 -1.41614e-19  3.59413e-28 -6.51964e-20 -2.81696e-28  8.34499e-21  1.89544e-28  1.09308e-20  -1.1538e-28  1.45973e-21  6.31923e-29 -9.49037e-22 -2.91759e-29 -4.01938e-22  1.03467e-29 -9.79777e-24 -2.69311e-30  3.41891e-23  7.22543e-31   1.0001e-23  -3.7534e-31  1.32072e-25  2.21891e-31 -6.34992e-25  -1.2343e-31 -1.74896e-25  7.08117e-32 -1.15063e-26 -3.10929e-32  5.21439e-27  6.63845e-33  1.71717e-27  6.43088e-34  2.14607e-28 -7.91691e-34 -3.74938e-30  2.87079e-34 -6.06999e-30   -9.606e-35 -1.07868e-30  2.52264e-35 -8.78395e-32 -3.63775e-36  3.04999e-34  2.62071e-37  9.39008e-34 -4.79841e-39  1.13217e-34 -9.24488e-39  6.74703e-36  2.83118e-39  1.64951e-37 -3.65372e-40 -3.96344e-39  2.70123e-41 -3.76872e-40 -6.98565e-43 -7.89759e-42 -3.74988e-45
 5.98645e-41  9.40441e-24 -2.25965e-39 -3.68676e-22  1.97105e-38  7.59868e-21  3.28816e-37 -1.03514e-19 -1.19949e-35  1.02905e-18  1.89019e-34 -7.88668e-18 -2.02066e-33  4.82165e-17  1.64252e-32 -2.40512e-16 -1.06929e-31  9.93863e-16   5.7421e-31 -3.43668e-15 -2.59165e-30  1.00049e-14  9.95554e-30 -2.45856e-14 -3.28279e-29  5.09534e-14   9.3443e-29 -8.86347e-14 -2.30338e-28  1.28108e-13  4.92122e-28 -1.51017e-13 -9.09558e-28  1.40241e-13  1.44524e-27 -9.52009e-14 -1.94546e-27  3.74072e-14  2.14011e-27  4.01148e-15 -1.72245e-27 -1.56303e-14   4.8828e-28  7.63447e-15  1.53447e-27  1.34089e-15 -4.03589e-27 -2.84684e-15  6.48919e-27  4.84602e-16 -8.32482e-27  6.79375e-16  9.14934e-27 -2.44706e-16 -8.88105e-27 -1.44631e-16  7.70636e-27  6.73192e-17 -5.92403e-27  3.22735e-17  3.84667e-27  -1.3477e-17 -1.80816e-27 -7.53465e-18  1.52453e-28  1.78903e-18  8.77761e-28  1.60166e-18 -1.25739e-27 -4.04759e-20   1.1702e-27 -2.60043e-19 -8.77325e-28 -4.78791e-20  5.75452e-28  2.46815e-20 -3.43452e-28   1.1907e-20  1.83126e-28  1.10158e-22 -8.04227e-29 -1.23755e-21  2.58233e-29 -3.37853e-22 -5.56275e-30    1.859e-23  1.42738e-30  3.19445e-23 -1.00303e-30  7.25145e-24  6.30002e-31 -1.16402e-25 -3.29145e-31 -4.42057e-25  1.77419e-31 -1.06692e-25 -7.42447e-32 -6.98042e-27  1.44686e-32   2.3767e-27  1.89811e-33  7.60304e-28 -1.77087e-33  9.65782e-29  5.81884e-34  1.87002e-30  -1.8097e-34 -1.45858e-30  4.34949e-35 -2.72218e-31 -5.69092e-36 -2.38528e-32   4.7261e-37 -7.34634e-34 -3.30938e-38  7.14561e-35 -1.12678e-38  1.01621e-35  3.42946e-39   5.6513e-37 -3.63575e-40  1.50669e-38   2.2986e-41  1.00332e-40 -4.38952e-43 -1.35367e-42
-3.59146e-24  2.19697e-39  2.50218e-22 -4.83766e-38 -6.84008e-21  3.28816e-37  1.13427e-19  4.63622e-36 -1.31744e-18 -1.48364e-34  1.15216e-17  2.09484e-33 -7.91923e-17  -2.0343e-32  4.39793e-16  1.51667e-31 -2.01034e-15 -9.11997e-31  7.65912e-15  4.54725e-30 -2.45172e-14 -1.91291e-29    6.623e-14  6.86736e-29 -1.51141e-13 -2.11983e-28  2.90642e-13  5.65245e-28 -4.67717e-13 -1.30475e-27  6.21594e-13  2.60617e-27 -6.65992e-13  -4.4884e-27  5.48841e-13  6.60518e-27 -3.10532e-13 -8.13652e-27   7.2296e-14  7.95457e-27  5.56243e-14 -5.07955e-27 -6.01374e-14 -7.96672e-28   1.3853e-14  9.01436e-27  1.28198e-14 -1.80158e-26 -8.72555e-15  2.57612e-26 -1.26209e-15 -3.04156e-26  2.66433e-15  3.10757e-26 -6.04011e-17 -2.80725e-26  -6.5894e-16  2.25751e-26  4.00787e-17 -1.58882e-26  1.48067e-16   9.0989e-27 -1.33392e-18 -3.14142e-27 -2.97159e-17 -1.20183e-27 -3.26987e-18  3.55195e-27  4.75929e-18  -4.1149e-27  1.36449e-18   3.5349e-27  -4.6555e-19 -2.53627e-27 -2.95069e-19  1.61207e-27 -6.34406e-21 -9.33755e-28  3.45294e-20  4.79184e-28  9.47855e-21 -1.97606e-28  -1.0719e-21  5.58037e-29 -1.17356e-21 -8.77102e-30  -2.2512e-22  2.18872e-30  2.90414e-23 -2.44288e-30  2.32184e-23   1.5916e-30  4.36774e-24  -7.7539e-31 -1.21553e-25  3.93774e-31 -2.37061e-25  -1.5752e-31 -5.24623e-26   2.7942e-32 -3.78028e-27  4.59502e-33  7.46557e-28   -3.444e-33  2.49518e-28  1.02419e-33  3.23134e-29 -2.96382e-34  1.47181e-30   6.4732e-35 -1.99364e-31 -7.68367e-36 -4.37036e-32  7.87027e-37 -3.88611e-33  -8.4611e-38 -1.68276e-34 -1.17857e-38 -1.00002e-37  3.56751e-39  3.71454e-37  -2.9153e-40  1.72659e-38  1.52724e-41  2.74567e-40 -1.88647e-43
-1.17967e-39 -1.24902e-22  5.29972e-38  4.95764e-21 -8.32671e-37 -1.03514e-19  4.63622e-36  1.42935e-18  5.64576e-35 -1.44125e-17 -1.60376e-33  1.12112e-16  2.04421e-32 -6.96199e-16  -1.8128e-31  3.53032e-15   1.2445e-30 -1.48438e-14 -6.93343e-30   5.2282e-14  3.21777e-29  -1.5522e-13 -1.26419e-28  3.89545e-13  4.24834e-28 -8.25952e-13 -1.22916e-27  1.47321e-12  3.07283e-27 -2.18995e-12 -6.64396e-27  2.66712e-12  1.24007e-26 -2.57855e-12 -1.98631e-26  1.85267e-12   2.6949e-26 -8.18398e-13  -3.0044e-26   3.4539e-15  2.52376e-26  2.84972e-13 -1.02446e-26 -1.70833e-13 -1.41655e-26 -7.73425e-15  4.40327e-26  5.62516e-14 -7.31859e-26 -1.59494e-14  9.49011e-26 -1.19981e-14 -1.04112e-25  6.54081e-15  9.95112e-26  2.28842e-15 -8.39408e-26 -1.76619e-15  6.24298e-26 -4.96878e-16 -3.96639e-26  3.77662e-16  1.90116e-26  1.27452e-16 -2.82861e-27 -6.14448e-17 -7.51968e-27 -3.15139e-17  1.20707e-26  5.61122e-18 -1.21809e-26  6.10792e-18  9.81228e-27  4.02909e-19 -6.76195e-27 -7.61671e-19  4.15248e-27 -2.32099e-19 -2.31876e-27  3.26843e-20  1.13676e-27  3.36808e-20 -4.35754e-28  5.65694e-21  1.04198e-28 -1.52151e-21 -8.09409e-30  -8.7276e-22  2.22351e-30 -1.23912e-22 -5.51112e-30  2.40375e-23  3.61419e-30  1.35097e-23 -1.63092e-30  2.23215e-24   7.8456e-31 -4.93269e-26 -3.01453e-31 -9.78793e-26  4.85356e-32 -2.05759e-26  9.54648e-33 -1.67575e-27 -5.91551e-33  1.42793e-28  1.58398e-33  5.83513e-29 -4.26116e-34  7.67394e-30  8.36552e-35  4.66149e-31 -9.03507e-36 -7.48733e-33  1.20027e-36 -3.96781e-33 -1.52241e-37 -3.47988e-34 -1.09039e-38 -1.49492e-35  3.21999e-39 -2.61424e-37 -1.83304e-40  2.15016e-39   7.5279e-42  8.01197e-41
 4.01206e-23  -3.7323e-38 -2.83018e-21  9.79149e-37  7.83774e-20 -1.19949e-35 -1.31744e-18  5.64576e-35  1.55204e-17  6.03072e-34 -1.37763e-16 -1.53477e-32  9.61758e-16  1.77704e-31 -5.42928e-15 -1.44562e-30    2.525e-14  9.17041e-30 -9.79716e-14 -4.74682e-29  3.19754e-13  2.05518e-28 -8.81869e-13 -7.55503e-28  2.05792e-12  2.38026e-27 -4.05476e-12 -6.46267e-27  6.70316e-12  1.51595e-26 -9.18496e-12 -3.07103e-26  1.02043e-11  5.35285e-26 -8.81195e-12   -7.957e-26  5.36639e-12  9.89661e-26 -1.58536e-12 -9.83057e-26 -7.03766e-13  6.66589e-26  1.01682e-12 -1.80206e-27 -3.29343e-13 -8.76757e-26 -1.74792e-13  1.85006e-25  1.66485e-13 -2.69762e-25  2.24618e-15  3.22766e-25 -4.72573e-14 -3.32227e-25  6.98245e-15  2.99205e-25  1.13228e-14 -2.36933e-25 -2.25616e-15  1.63141e-25 -2.58952e-15 -9.23861e-26  3.85864e-16  3.40432e-26  5.59545e-16  6.68181e-27 -1.14931e-17 -2.88293e-26 -1.02628e-16  3.56776e-26 -1.53903e-17 -3.26699e-26  1.32093e-17  2.50026e-26    5.051e-18 -1.66167e-26 -6.37574e-19  9.84187e-27 -7.86672e-19  -5.2724e-27 -1.25739e-19  2.45553e-27  4.99763e-20 -8.66473e-28  2.53948e-20  1.65096e-28  2.51304e-21  7.33481e-30 -1.30856e-21 -8.59754e-32 -5.28876e-22  -1.1589e-29 -5.89159e-23  7.42277e-30  1.38395e-23 -3.08553e-30  6.35417e-24  1.41789e-30  9.70128e-25 -5.26533e-31 -3.02841e-27  7.66296e-32 -3.04908e-26  1.75153e-32 -6.27093e-27 -9.08109e-33 -5.64309e-28   2.1667e-33  8.07166e-30 -5.39709e-34  9.05208e-30  9.36367e-35  1.21579e-30 -9.30399e-36  8.08716e-32  1.65767e-36  1.75137e-33 -2.16168e-37 -1.52945e-34 -9.23138e-39 -1.42574e-35  2.52728e-39  -4.8128e-37 -8.42689e-41 -6.01563e-39  2.38305e-42
 1.61146e-38  1.20914e-21 -7.89223e-37 -4.86209e-20  1.47815e-35  1.02905e-18 -1.48364e-34 -1.44125e-17  6.03072e-34  1.47497e-16  5.71724e-33 -1.16533e-15 -1.31332e-31  7.35569e-15  1.38863e-30 -3.79462e-14 -1.04042e-29  1.62472e-13  6.11781e-29 -5.83356e-13 -2.94969e-28  1.76774e-12  1.19392e-27 -4.53479e-12 -4.11386e-27  9.84602e-12  1.21687e-26 -1.80245e-11 -3.10397e-26  2.75837e-11  6.83681e-26 -3.47389e-11 -1.29788e-25  3.49875e-11  2.11095e-25 -2.65901e-11 -2.90425e-25  1.30556e-11  3.28682e-25 -1.30944e-12 -2.83979e-25 -3.71708e-12   1.3427e-25  2.75117e-12  1.08053e-25 -1.92975e-13 -4.00312e-25 -7.90912e-13  6.85367e-25  3.29491e-13  -9.0534e-25   1.4167e-13  1.01264e-24 -1.19574e-13 -9.85609e-25 -2.09618e-14  8.41474e-25  3.17357e-14 -6.28773e-25  4.00198e-15  4.01597e-25 -7.09996e-15 -1.99901e-25 -1.24485e-15  4.71656e-26  1.31049e-15  4.72072e-26  3.98041e-16 -8.87086e-26 -1.70516e-16   9.3832e-26 -9.61941e-17 -7.98578e-26  6.92159e-18  5.86666e-26  1.52444e-17 -3.77412e-26  2.66605e-18  2.15281e-26 -1.19314e-18 -1.10167e-26 -6.04101e-19  4.84969e-27 -3.82669e-20 -1.55765e-27  4.55709e-20  2.09757e-28  1.55526e-20   5.8571e-29  7.91903e-22 -7.17121e-30 -8.30187e-22 -2.27254e-29  -2.6648e-22  1.38439e-29 -2.52915e-23 -5.27761e-30  5.85185e-24  2.34465e-30  2.40351e-24 -8.47471e-31  3.52235e-25  1.10714e-31  7.52398e-27  2.89804e-32 -6.84985e-27 -1.25816e-32   -1.426e-27  2.62679e-33  -1.3614e-28  -6.0018e-34  -3.4151e-30  8.94518e-35  8.05135e-31 -8.44408e-36  1.17101e-31  2.05393e-36  7.60305e-33 -2.52029e-37  2.35211e-34 -7.35249e-39  3.94715e-37  1.71052e-39 -1.69014e-37 -2.31852e-41 -2.58377e-39
-3.36839e-22  4.52334e-37  2.40728e-20 -1.29408e-35 -6.75783e-19  1.89019e-34  1.15216e-17 -1.60376e-33 -1.37763e-16  5.71724e-33  1.24197e-15  4.85485e-32 -8.81303e-15 -1.01293e-30  5.06108e-14  9.82557e-30 -2.39664e-13 -6.80433e-29  9.47829e-13  3.71924e-28 -3.15679e-12  -1.6742e-27  8.89664e-12  6.34737e-27 -2.12498e-11 -2.05334e-26   4.2941e-11  5.71001e-26 -7.29972e-11 -1.36975e-25   1.0323e-10  2.83474e-25 -1.19022e-10 -5.04303e-25  1.07735e-10  7.64562e-25 -7.04275e-11 -9.70186e-25  2.50778e-11  9.88806e-25  5.72557e-12 -7.13145e-25 -1.28299e-11  1.28498e-25  5.46859e-12  6.71021e-25  1.57137e-12 -1.52794e-24 -2.33382e-12  2.27899e-24  2.58511e-13 -2.78251e-24  6.07505e-13  2.93641e-24 -1.77117e-13 -2.71758e-24 -1.37756e-13  2.20927e-24  5.23419e-14 -1.56403e-24  3.16194e-14  9.27733e-25 -1.06406e-14  -3.9812e-25 -7.36291e-15  2.80457e-26  1.32064e-15  1.71752e-25  1.54127e-15 -2.35898e-25  2.44657e-17   2.2286e-25 -2.44092e-16 -1.79045e-25  -5.4633e-17   1.2735e-25  2.15656e-17 -7.95532e-26  1.21994e-17  4.36297e-26  5.34132e-19 -2.12337e-26 -1.17705e-18  8.78765e-27  -3.6687e-19  -2.5317e-27  5.54165e-21  1.71553e-28  3.09539e-20  1.78544e-28  7.98206e-21 -2.17161e-29  1.54698e-22 -4.14681e-29 -4.10614e-22  2.35088e-29 -1.12402e-22 -8.18864e-30 -1.00016e-23  3.57531e-30  1.80202e-24 -1.26715e-30  7.17401e-25  1.46824e-31  1.03199e-25  4.39726e-32  4.53275e-27 -1.58715e-32  -1.0106e-27  2.81378e-33 -2.28183e-28 -5.77734e-34 -2.21705e-29  7.00388e-35 -9.64083e-31 -6.86868e-36  2.40207e-32   2.2676e-36  5.82126e-33 -2.44438e-37  3.37286e-34 -5.51715e-39   8.7804e-36  9.73943e-40   7.5364e-38 -6.61991e-43
-1.65993e-37 -9.01227e-21  8.56857e-36  3.67368e-19 -1.75036e-34 -7.88668e-18  2.09484e-33  1.12112e-16 -1.53477e-32 -1.16533e-15  4.85485e-32  9.35817e-15  3.72048e-31 -6.00887e-14 -7.08834e-30   3.1561e-13   6.3334e-29 -1.37722e-12 -4.06677e-28  5.04531e-12  2.07163e-27 -1.56192e-11 -8.72479e-27  4.09957e-11  3.10386e-26 -9.12379e-11 -9.44071e-26  1.71597e-10  2.47111e-25 -2.70623e-10 -5.57987e-25   3.5278e-10  1.08554e-24 -3.70403e-10 -1.80945e-24  2.97628e-10  2.55339e-24 -1.61028e-10 -2.97479e-24  2.99601e-11  2.68947e-24  3.61083e-11 -1.49267e-24 -3.37843e-11 -4.88015e-25  6.05065e-12  2.84891e-24  8.24917e-12 -5.11539e-24 -4.86286e-12  6.89205e-24 -1.06399e-12 -7.88004e-24  1.60742e-12  7.89564e-24  4.31309e-14 -6.97387e-24 -4.17009e-13  5.41463e-24  7.30441e-15 -3.64163e-24  9.63092e-14  2.00529e-24  2.87402e-15 -7.19223e-25  -1.9556e-14 -1.10345e-25 -2.86377e-15  4.92566e-25  3.11775e-15 -5.59472e-25  1.02786e-15  4.82735e-25 -2.88877e-16 -3.70321e-25 -2.12929e-16  2.56985e-25 -1.05022e-17 -1.56301e-25  2.39507e-17  8.22496e-26   7.3474e-18 -3.78815e-26 -5.57426e-19  1.46455e-26 -8.46866e-19 -3.70751e-27 -1.82572e-19 -6.32126e-29  1.55054e-20  4.09056e-28  1.67382e-20 -4.55422e-29  3.50712e-21 -7.02256e-29  1.36856e-23  3.63996e-29 -1.60639e-22 -1.15446e-29 -3.94451e-23  5.06504e-30 -3.55024e-24  -1.7722e-30  3.77644e-25   1.7851e-31  1.63306e-25  6.20329e-32  2.32819e-26  -1.8392e-32  1.40028e-27  2.63467e-33 -7.45005e-29 -4.63326e-34 -2.34965e-29  3.96185e-35 -2.25005e-30 -5.25137e-36 -1.08192e-31  2.21838e-36 -1.53198e-33 -1.96514e-37  1.00827e-34 -3.76135e-39  4.90943e-36  4.41341e-40  5.34998e-38
 2.21813e-21 -4.20636e-36 -1.60705e-19  1.26829e-34  4.57621e-18 -2.02066e-33 -7.91923e-17  2.04421e-32  9.61758e-16 -1.31332e-31 -8.81303e-15  3.72048e-31  6.36153e-14  2.58937e-30 -3.71944e-13 -4.52583e-29  1.79493e-12  3.73819e-28 -7.24187e-12 -2.23201e-27  2.46359e-11  1.06209e-26 -7.10167e-11  -4.1931e-26  1.73791e-10    1.402e-25 -3.60558e-10 -4.01493e-25   6.3094e-10  9.90272e-25 -9.21802e-10 -2.10646e-24  1.10401e-09  3.85367e-24 -1.04791e-09 -6.01626e-24  7.33739e-10  7.88667e-24 -3.04971e-10 -8.38366e-24 -2.10452e-11  6.56781e-24  1.25522e-10 -2.27284e-24 -6.84033e-11 -3.68945e-24  -7.5395e-12  9.98047e-24  2.50661e-11 -1.53996e-23 -6.00891e-12  1.91444e-23 -5.80679e-12 -2.06803e-23   2.7904e-12  1.97579e-23  1.18591e-12 -1.66942e-23 -7.95179e-13  1.24032e-23 -2.65456e-13 -7.93818e-24  1.75167e-13   4.0481e-24  6.76968e-14 -1.14927e-24 -2.87326e-14  -5.7084e-25 -1.65721e-14  1.21946e-24   2.4623e-15 -1.20269e-24  3.19533e-15  9.59946e-25  2.77873e-16 -7.10053e-25 -3.93398e-16  4.84287e-25 -1.30625e-16 -2.87431e-25  1.47659e-17  1.44771e-25  1.83113e-17 -6.27356e-26  3.40595e-18  2.24796e-26 -7.48926e-19 -4.84701e-27 -4.84839e-19 -6.47207e-28 -7.67267e-20  7.90991e-28  1.11575e-20 -7.83504e-29  7.39295e-21 -1.10108e-28  1.33401e-21  5.13869e-29  5.19965e-24 -1.47859e-29 -4.93195e-23  6.71649e-30  -1.1295e-23 -2.33186e-30 -1.06402e-24  1.97653e-31   4.1929e-26  8.22422e-32  2.68522e-26 -1.97712e-32  3.81508e-27  2.10098e-33  2.61968e-28 -2.74942e-34  2.01847e-30  6.30104e-36 -1.32132e-30 -4.16376e-36 -1.25126e-31  1.91216e-36 -5.38781e-33 -1.28193e-37 -1.00811e-34 -2.17827e-39 -1.60034e-37  1.37976e-40
 1.35246e-36  5.35088e-20 -7.23782e-35 -2.21264e-18  1.55823e-33  4.82165e-17  -2.0343e-32 -6.96199e-16  1.77704e-31  7.35569e-15 -1.01293e-30 -6.00887e-14  2.58937e-30  3.92814e-13  1.64552e-29 -2.10251e-12 -2.64936e-28  9.35899e-12  2.02939e-27 -3.50148e-11 -1.12964e-26   1.1085e-10  5.03185e-26 -2.97988e-10 -1.86551e-25    6.805e-10  5.87114e-25 -1.31634e-09 -1.58497e-24   2.1417e-09  3.68732e-24 -2.89284e-09 -7.39368e-24  3.16891e-09  1.27221e-23 -2.69148e-09 -1.85893e-23  1.59398e-09  2.25778e-23 -4.22211e-10 -2.17113e-23 -2.62198e-10   1.4168e-23   3.2757e-10 -7.34253e-25 -9.45064e-11 -1.54259e-23 -6.42227e-11  3.06239e-23  5.45769e-11 -4.23219e-23  2.93222e-12  4.92192e-23 -1.65157e-11 -5.05446e-23  1.95407e-12  4.61744e-23  4.13327e-12 -3.73761e-23 -7.15781e-13  2.66073e-23 -9.73128e-13 -1.62192e-23   1.2421e-13   7.6235e-24  2.14561e-13 -1.53823e-24 -7.98321e-16 -1.75913e-24 -3.99741e-14  2.69884e-24 -6.63364e-15 -2.36487e-24  5.18409e-15   1.7602e-24  2.10354e-15 -1.26733e-24 -2.34443e-16  8.55839e-25 -3.26519e-16 -4.96617e-25 -5.60843e-17  2.38721e-25   2.0158e-17 -9.66642e-26  1.08995e-17  3.17724e-26   1.2019e-18 -5.54114e-27 -5.32444e-19 -1.73699e-27 -2.29459e-19  1.34824e-27 -2.81652e-20 -1.17077e-28  5.24501e-21 -1.59514e-28  2.68295e-21   6.6014e-29  4.37956e-22 -1.71583e-29  6.98412e-24  8.40193e-30 -1.15589e-23 -2.90069e-30 -2.55404e-24  1.96292e-31 -2.51067e-25   1.0322e-31 -1.93482e-27 -1.99424e-32  2.90999e-27  1.33255e-33  4.20653e-28 -5.27689e-35  2.94161e-29 -2.12154e-35  8.56164e-31  -3.7761e-36  -2.4787e-32  1.44168e-36 -2.96758e-33 -6.43936e-38 -8.97428e-35 -9.72353e-40 -7.54272e-37
-1.17755e-20  3.13005e-35  8.65507e-19 -9.78122e-34 -2.50188e-17  1.64252e-32  4.39793e-16  -1.8128e-31 -5.42928e-15  1.38863e-30  5.06108e-14 -7.08834e-30 -3.71944e-13  1.64552e-29  2.21605e-12  9.59331e-29 -1.09086e-11 -1.42794e-27  4.49433e-11  1.01728e-26 -1.56322e-10 -5.29134e-26    4.614e-10   2.2106e-25 -1.15811e-09 -7.70871e-25  2.46952e-09  2.28673e-24 -4.45344e-09 -5.82601e-24  6.72947e-09  1.27954e-23 -8.38036e-09 -2.41981e-23  8.34547e-09  3.91604e-23 -6.24837e-09 -5.34999e-23  2.96701e-09  5.99923e-23 -1.72711e-10 -5.15496e-23 -9.70506e-10  2.59875e-23  6.73064e-10  1.15387e-23 -2.34696e-11 -5.12785e-23 -2.10711e-10  8.46168e-23  8.16792e-11 -1.07268e-22   4.0724e-11  1.17822e-22 -3.18818e-11  -1.1553e-22 -6.50132e-12  1.01102e-22  8.85006e-12 -7.84724e-23  1.27837e-12   5.3577e-23 -2.04936e-12 -3.11142e-23 -3.88301e-13  1.33794e-23  3.89553e-13  -1.4488e-24  1.23667e-13 -4.38503e-24 -5.19587e-14  5.43084e-24 -3.03366e-14 -4.27584e-24  2.08091e-15  2.98444e-24  4.90285e-15 -2.11299e-24  8.82338e-16  1.42364e-24 -3.88371e-16 -8.08942e-25 -2.01446e-16    3.699e-25 -1.36767e-17 -1.38785e-25   1.5182e-17  4.12583e-26  5.31781e-18 -5.27022e-27  3.05922e-19 -3.43065e-27 -2.75242e-19  2.06973e-27 -9.14302e-20 -1.56566e-28 -9.36081e-21 -2.13062e-28  1.78994e-21  7.67676e-29  7.93142e-22 -1.79237e-29  1.21613e-22  9.99562e-30  4.11167e-24 -3.42474e-30 -1.95781e-24  1.69249e-31 -4.35016e-25   1.2308e-31 -4.35618e-26 -1.91201e-32 -1.52723e-27  5.12396e-34  1.70191e-28  1.54715e-34  2.78552e-29 -3.71038e-35  1.81346e-30 -3.81558e-36  5.72138e-32  9.40892e-37  4.53626e-34 -2.16728e-38 -1.48154e-35 -2.78305e-40
-8.98493e-36 -2.58807e-19  4.93917e-34  1.08646e-17   -1.102e-32 -2.40512e-16  1.51667e-31  3.53032e-15 -1.44562e-30 -3.79462e-14  9.82557e-30   3.1561e-13 -4.52583e-29 -2.10251e-12  9.59331e-29  1.14789e-11  5.15202e-28 -5.21746e-11 -7.11252e-27  1.99558e-10  4.72478e-26 -6.46739e-10  -2.3013e-25  1.78261e-09  9.03318e-25 -4.18191e-09  -2.9673e-24  8.32964e-09   8.3071e-24 -1.39979e-08 -1.99946e-23  1.96128e-08  4.14872e-23 -2.24347e-08  -7.4026e-23  2.01398e-08  1.12647e-22  -1.2989e-08 -1.43681e-22  4.40542e-09  1.48054e-22   1.3463e-09 -1.11617e-22 -2.56084e-09  3.62679e-23  1.03907e-09  5.85855e-23  3.55827e-10 -1.47604e-22 -4.81897e-10  2.13883e-22  4.54511e-11 -2.52587e-22   1.3186e-10  2.63864e-22 -3.71529e-11 -2.47817e-22 -3.09854e-11  2.07988e-22  1.16374e-11 -1.54903e-22  7.30641e-12  1.01516e-22 -2.47666e-12  -5.6147e-23 -1.74719e-12  2.18459e-23  3.23284e-13  4.79298e-26   3.7725e-13 -9.53827e-24  4.28872e-15  1.00297e-23 -6.18829e-14 -7.12791e-24 -1.36874e-14  4.68533e-24  5.70323e-15  -3.3007e-24  3.18817e-15   2.2366e-24   1.2627e-16 -1.24613e-24 -3.17655e-16  5.40077e-25 -9.85346e-17 -1.85792e-25  1.71389e-18  4.89489e-26  8.46904e-18 -3.55129e-27  2.19185e-18 -5.69318e-27  4.75996e-20   2.8968e-27 -1.11185e-19 -1.91647e-28 -3.08257e-20 -2.61619e-28 -2.87264e-21  7.99034e-29  4.44014e-22 -1.66255e-29  1.86778e-22  1.14007e-29  2.75373e-23 -3.85018e-30  1.40421e-24  1.16724e-31 -2.13837e-25  1.39484e-31 -5.22005e-26 -1.76569e-32 -5.16093e-27 -1.85049e-34 -2.42272e-28  3.07068e-34  1.56232e-30 -4.02527e-35  9.01578e-31 -3.80186e-36  5.01663e-32  5.23183e-37  1.13087e-33 -2.32779e-39  6.83907e-36
 5.13278e-20 -1.91478e-34 -3.83035e-18  6.14327e-33  1.12489e-16 -1.06929e-31 -2.01034e-15   1.2445e-30    2.525e-14 -1.04042e-29 -2.39664e-13   6.3334e-29  1.79493e-12 -2.64936e-28 -1.09086e-11  5.15202e-28  5.48297e-11  2.55809e-27 -2.30924e-10 -3.28488e-26   8.2213e-10  2.03947e-25 -2.48746e-09 -9.31984e-25  6.41131e-09  3.44271e-24 -1.40684e-08 -1.06677e-23  2.61776e-08  2.82176e-23 -4.09613e-08 -6.42238e-23  5.30971e-08  1.25979e-22 -5.55098e-08 -2.12135e-22   4.4385e-08  3.03401e-22 -2.37179e-08 -3.60598e-22  3.93647e-09  3.39286e-22  5.93984e-09 -2.18032e-22 -5.34918e-09  1.93937e-23  8.86218e-10  1.99165e-22  1.39059e-09 -3.80987e-22  -8.0654e-10  4.99594e-22 -1.88999e-10 -5.55646e-22  2.79867e-10  5.54924e-22   7.7963e-12 -5.00287e-22 -7.53611e-11  4.03025e-22   1.7564e-12 -2.88214e-22    1.803e-11  1.81445e-22  3.65752e-13 -9.54771e-23 -3.80691e-12  3.30754e-23 -5.16127e-13  4.58245e-24  6.36324e-13 -1.86706e-23  2.01274e-13   1.7091e-23 -6.34702e-14 -1.09619e-23 -4.41762e-14  6.80999e-24 -1.57917e-15 -4.84318e-24  5.25137e-15  3.32866e-24  1.54994e-15 -1.82049e-24 -1.44129e-16  7.44896e-25 -1.88877e-16 -2.31799e-25 -3.94828e-17  5.24341e-26  3.82782e-18 -1.42545e-28  3.77678e-18 -8.29878e-27  7.79114e-19  3.72348e-27  1.67556e-21 -2.19795e-28  -3.5741e-20 -2.93864e-28 -8.72615e-21  7.26141e-29 -7.98285e-22 -1.32866e-29  7.47065e-23   1.2557e-29  3.37396e-23 -4.13273e-30  4.83547e-24  4.56137e-32  3.05395e-25  1.49987e-31 -1.02982e-26 -1.58733e-32 -3.98247e-27 -6.54536e-34 -3.78605e-28  3.83437e-34  -1.7968e-29  -3.3789e-35 -3.10564e-31 -3.38471e-36  8.09744e-33  2.41555e-37  3.64097e-34  1.72739e-39
  4.9686e-35  1.03518e-18 -2.79005e-33 -4.41552e-17  6.39056e-32  9.93863e-16 -9.11997e-31 -1.48438e-14  9.17041e-30  1.62472e-13 -6.80433e-29 -1.37722e-12  3.73819e-28  9.35899e-12 -1.42794e-27 -5.21746e-11  2.55809e-27  2.42418e-10  1.17813e-26 -9.48976e-10 -1.41084e-25  3.15211e-09  8.20402e-25 -8.91907e-09 -3.52356e-24  2.15213e-08  1.22673e-23  -4.4196e-08 -3.59025e-23  7.68105e-08  8.98271e-23 -1.11773e-07 -1.93493e-22  1.33641e-07  3.59008e-22 -1.26819e-07 -5.70552e-22  8.87183e-08  7.66387e-22 -3.64375e-08 -8.46577e-22 -3.55634e-09  7.21039e-22  1.63086e-08 -3.75823e-22 -8.82675e-09 -9.93174e-23 -1.08016e-09  5.60182e-22  3.40531e-09 -8.98068e-22 -8.33506e-10  1.08608e-21 -8.12924e-10 -1.14685e-21  4.06669e-10  1.09924e-21  1.68386e-10 -9.52762e-22 -1.20923e-10  7.37255e-22 -3.82189e-11 -5.06697e-22  2.79248e-11  3.06656e-22  1.01063e-11 -1.53206e-22 -4.87973e-12  4.61275e-23 -2.61193e-12  1.46052e-23  4.80939e-13  -3.3404e-23  5.35347e-13  2.69509e-23   3.4529e-14 -1.55263e-23  -7.0806e-14  9.14574e-24 -2.18038e-14 -6.68975e-24  3.23499e-15  4.70576e-24  3.32498e-15 -2.52877e-24  5.68206e-16  9.72766e-25 -1.52826e-16 -2.68948e-25 -8.96765e-17   4.9433e-26 -1.33052e-17  4.76954e-27  2.30089e-18 -1.08234e-26  1.38456e-18  4.41297e-27  2.41634e-19 -2.42939e-28 -2.86302e-22 -2.99213e-28 -9.07715e-21  5.40997e-29 -2.03071e-21 -8.43513e-30 -1.89724e-22  1.34278e-29  6.49994e-24 -4.24581e-30  4.40751e-24 -3.14951e-32  6.17642e-25  1.52696e-31  4.23484e-26  -1.3954e-32  5.70173e-28 -8.80346e-34 -1.59112e-28  3.85442e-34 -1.46994e-29 -2.29077e-35  -5.7807e-31 -2.54671e-36 -9.44797e-33  8.82344e-38 -2.28659e-35
-1.85951e-19  9.80956e-34  1.41017e-17 -3.21259e-32 -4.21138e-16   5.7421e-31  7.65912e-15 -6.93343e-30 -9.79716e-14  6.11781e-29  9.47829e-13 -4.06677e-28 -7.24187e-12  2.02939e-27  4.49433e-11 -7.11252e-27 -2.30924e-10  1.17813e-26  9.95387e-10  5.04734e-26 -3.63167e-09 -5.64986e-25  1.12779e-08  3.08298e-24 -2.98879e-08 -1.24649e-23  6.75779e-08  4.09578e-23 -1.29919e-07 -1.13355e-22  2.10787e-07  2.68534e-22 -2.84757e-07 -5.47867e-22  3.12765e-07  9.61915e-22 -2.66844e-07 -1.44267e-21  1.58732e-07  1.81809e-21 -4.15236e-08 -1.86033e-21 -2.80646e-08   1.4169e-21   3.4879e-08 -5.42678e-22 -1.02637e-08  -4.9697e-22  -7.0333e-09  1.38738e-21  6.19498e-09  -1.9549e-21  2.50676e-10  2.20908e-21 -1.93192e-09  -2.2285e-21  2.73734e-10  2.05581e-21  4.96372e-10 -1.71502e-21 -1.02628e-10   1.2759e-21 -1.20716e-10 -8.43785e-22  2.00373e-11  4.91172e-22  2.78717e-11 -2.32149e-22  -1.0939e-12   5.8472e-23 -5.52202e-12  3.32805e-23 -7.38973e-13 -5.51124e-23   7.8007e-13  3.93699e-23  2.82705e-13  -2.0158e-23 -4.56515e-14  1.12937e-23 -4.85224e-14 -8.71403e-24  -7.1003e-15  6.33496e-24  3.41638e-15 -3.34789e-24  1.64059e-15  1.20537e-24  1.48376e-16 -2.88787e-25 -9.02552e-17    3.844e-26 -3.53758e-17  1.04951e-26 -3.89843e-18  -1.2708e-26  9.16613e-19  4.82732e-27  4.19935e-19 -2.67208e-28  6.52616e-20 -2.71218e-28  5.85512e-22  2.60683e-29 -1.77165e-21 -2.92608e-30 -3.75091e-22  1.39771e-29  -3.5857e-23 -4.18531e-30 -3.17945e-25 -9.97503e-32  3.77375e-25  1.46983e-31  5.27003e-26 -1.19515e-32  3.54232e-27 -9.13316e-34  1.03576e-28  3.32041e-34 -1.70512e-30   -1.238e-35 -2.19593e-31 -1.55201e-36 -5.08218e-33  2.24858e-38
-2.32064e-34 -3.45791e-18  1.32659e-32  1.50014e-16  -3.1012e-31 -3.43668e-15  4.54725e-30   5.2282e-14 -4.74682e-29 -5.83356e-13  3.71924e-28  5.04531e-12 -2.23201e-27 -3.50148e-11  1.01728e-26  1.99558e-10 -3.28488e-26 -9.48976e-10  5.04734e-26  3.80693e-09  2.01674e-25  -1.2977e-08 -2.11458e-24  3.77456e-08  1.08467e-23 -9.38084e-08 -4.13455e-23  1.98898e-07  1.28387e-22 -3.57992e-07   -3.364e-22  5.41763e-07  7.55267e-22 -6.77827e-07 -1.46049e-21  6.80179e-07   2.4273e-21 -5.14593e-07 -3.43458e-21  2.47486e-07  4.05521e-21 -1.42865e-08 -3.82686e-21 -8.45357e-08  2.56075e-21   6.0344e-08 -5.54153e-22 -2.93543e-09  -1.5362e-21 -1.93099e-08  3.11021e-21  8.09962e-09  -3.9593e-21  3.68315e-09  4.22146e-21 -3.23651e-09 -4.08774e-21 -5.40648e-10  3.63653e-21  9.28725e-10 -2.92274e-21  9.69978e-11  2.09335e-21 -2.25018e-10 -1.33437e-21 -3.28151e-11    7.471e-22  4.56324e-11 -3.32074e-22  1.21749e-11  6.54671e-23 -6.76516e-12  6.40333e-23 -3.36104e-12 -8.43068e-23  4.22551e-13  5.32389e-23  6.03033e-13 -2.37488e-23  8.60339e-14  1.26944e-23 -5.52638e-14 -1.07192e-23 -2.46444e-14  8.13949e-24 -8.36065e-16 -4.23387e-24   2.1287e-15  1.41998e-24  6.63719e-16 -2.84148e-25  2.08148e-17  1.92364e-26 -3.93727e-17  1.59462e-26 -1.18215e-17 -1.33851e-26 -1.03925e-18  4.86151e-27  2.69049e-19  -3.0037e-28  1.04445e-19 -2.10202e-28   1.5044e-20 -7.58523e-30  3.96908e-22  2.36883e-30 -2.51876e-22  1.41563e-29  -5.2277e-23 -3.96926e-30 -4.99703e-24 -1.46647e-31 -1.69037e-25  1.33827e-31  1.71264e-26 -9.86322e-33  2.64212e-27 -8.27037e-34   1.5811e-28  2.50102e-34  4.48755e-30  -4.9533e-36  3.52566e-32 -7.20525e-37  -4.2655e-34
 5.64199e-19  -4.2642e-33 -4.35251e-17  1.42018e-31  1.32325e-15 -2.59165e-30 -2.45172e-14  3.21777e-29  3.19754e-13 -2.94969e-28 -3.15679e-12  2.07163e-27  2.46359e-11 -1.12964e-26 -1.56322e-10  4.72478e-26   8.2213e-10 -1.41084e-25 -3.63167e-09  2.01674e-25  1.35975e-08  7.53281e-25 -4.34002e-08 -7.41228e-24   1.1843e-07  3.57978e-23 -2.76325e-07 -1.28826e-22  5.49681e-07  3.78515e-22 -9.26071e-07 -9.39989e-22  1.30553e-06  2.00194e-21 -1.50794e-06  -3.6715e-21  1.37209e-06  5.77727e-21 -9.01365e-07 -7.70882e-21  3.15224e-07  8.51183e-21  9.26614e-08 -7.36589e-21 -1.87902e-07  4.21473e-21  8.12352e-08  2.92208e-24  2.47159e-08 -3.87278e-21 -3.80667e-08  6.40656e-21  4.98547e-09 -7.50206e-21  1.04865e-08  7.60429e-21 -3.55338e-09 -7.09253e-21 -2.47149e-09  6.09228e-21  1.14454e-09 -4.72255e-21  5.95186e-10  3.26331e-21 -2.62021e-10  -2.0093e-21  -1.5053e-10  1.08098e-21  4.04407e-11 -4.47585e-22  3.52981e-11  6.01477e-23 -1.71176e-12  1.09718e-22 -6.41197e-12 -1.19979e-22 -1.08797e-12  6.64547e-23  6.94616e-13 -2.48569e-23  3.19086e-13  1.27166e-23   -3.514e-15  -1.2464e-23 -3.70112e-14  1.00023e-23 -9.80931e-15 -5.12497e-24  6.82922e-16   1.5932e-24   9.9969e-16 -2.50987e-25  2.26984e-16  -6.9516e-27 -2.70785e-18  1.99222e-26 -1.35673e-17 -1.24349e-26 -3.36687e-18  4.47105e-27 -2.61996e-19 -3.47985e-28   5.8622e-20 -1.24117e-28  2.08159e-20 -4.18219e-29  2.84743e-21  6.85571e-30  1.24856e-22  1.39127e-29 -2.34841e-23 -3.63194e-30 -5.11855e-24 -1.65845e-31 -4.72238e-25  1.15526e-31 -2.06958e-26 -7.71775e-33  1.07026e-28 -6.82703e-34  6.14139e-29  1.64995e-34  2.89494e-30 -1.10469e-36   4.8249e-32 -2.20182e-37
 9.24976e-34  9.70217e-18 -5.37241e-32  -4.2858e-16  1.27686e-30  1.00049e-14 -1.91291e-29  -1.5522e-13  2.05518e-28  1.76774e-12  -1.6742e-27 -1.56192e-11  1.06209e-26   1.1085e-10 -5.29134e-26 -6.46739e-10  2.03947e-25  3.15211e-09 -5.64986e-25  -1.2977e-08  7.53281e-25   4.5464e-08  2.63561e-24 -1.36141e-07 -2.43802e-23  3.49029e-07  1.11022e-22 -7.65242e-07 -3.77693e-22  1.42865e-06   1.0513e-21 -2.25182e-06 -2.47707e-21  2.95192e-06  5.00874e-21 -3.13416e-06 -8.71689e-21  2.55874e-06  1.29877e-20 -1.40999e-06 -1.63307e-20   2.5979e-07  1.68235e-20  3.50208e-07 -1.32495e-20 -3.38796e-07  6.19953e-21  6.78416e-08  1.96626e-21  8.63793e-08 -8.56189e-21 -5.70005e-08  1.22394e-20 -9.86128e-09 -1.33562e-20  1.99245e-08  1.29468e-20 -6.11523e-10 -1.16573e-20 -5.48107e-09  9.67488e-21  4.88848e-10 -7.24486e-21  1.36596e-09  4.84556e-21 -6.62468e-11 -2.88914e-21 -3.08469e-10  1.48952e-21 -2.12156e-11 -5.66071e-22  5.70287e-11   3.3595e-23  1.38191e-11   1.7154e-22 -6.86578e-12 -1.59183e-22 -3.67387e-12  7.61028e-23  1.10884e-13 -2.19772e-23   5.1274e-13  1.07977e-23  1.22134e-13 -1.37078e-23  -2.2806e-14  1.17788e-23 -1.83886e-14 -5.94877e-24 -3.12383e-15  1.70529e-24  5.80463e-16 -1.89643e-25  3.79147e-16 -3.77362e-26  6.71877e-17  2.14854e-26    -2.57e-18 -9.71471e-27 -3.75628e-18  3.68489e-27 -8.11546e-19 -4.09934e-28 -6.18994e-20 -2.72393e-29  9.05087e-21 -7.18217e-29  3.19791e-21  1.03577e-29  4.19011e-22  1.32186e-29  2.35661e-23 -3.21446e-30 -1.06636e-24 -1.58517e-31 -3.15889e-25  9.49144e-32 -2.70631e-26 -5.61577e-33 -1.15067e-27 -5.18283e-34 -1.74473e-29   9.4228e-35  3.38552e-31   1.6597e-37  9.24574e-33
 -1.4392e-18  1.58763e-32  1.13082e-16 -5.36413e-31 -3.50419e-15  9.95554e-30    6.623e-14 -1.26419e-28 -8.81869e-13  1.19392e-27  8.89664e-12 -8.72479e-27 -7.10167e-11  5.03185e-26    4.614e-10  -2.3013e-25 -2.48746e-09  8.20402e-25  1.12779e-08 -2.11458e-24 -4.34002e-08  2.63561e-24  1.42604e-07  8.65416e-24 -4.01338e-07  -7.5372e-23  9.67909e-07  3.24068e-22 -1.99559e-06 -1.04351e-21  3.49684e-06  2.75486e-21 -5.15214e-06 -6.16508e-21  6.26513e-06  1.18458e-20 -6.07917e-06 -1.95728e-20  4.38472e-06  2.76116e-20 -1.90087e-06 -3.26847e-20 -1.12537e-07  3.13205e-20  8.34429e-07 -2.22209e-20 -4.97758e-07  7.82137e-21 -3.23691e-08  6.78625e-21  1.88505e-07 -1.71104e-20  -5.8425e-08  2.18272e-20 -4.33237e-08 -2.24221e-20  2.72947e-08  2.08788e-20  8.36704e-09 -1.81653e-20 -8.31921e-09  1.45714e-20 -1.84145e-09 -1.05678e-20     2.04e-09  6.87295e-21  5.33514e-10 -3.97845e-21 -3.97518e-10   1.9554e-21   -1.596e-10  -6.6647e-22  5.08768e-11   -2.389e-23  3.78427e-11  2.48074e-22  -4.9141e-13 -1.97162e-22 -5.87964e-12  7.90024e-23 -1.37521e-12 -1.39176e-23  3.97678e-13  6.60157e-24  2.67406e-13 -1.42628e-23  3.17349e-14  1.33167e-23 -1.65572e-14 -6.63192e-24 -7.35325e-15  1.74416e-24 -8.03722e-16 -1.05116e-25  2.68757e-16 -7.02024e-26  1.19239e-16  2.02836e-26  1.75218e-17 -5.42002e-27 -7.80604e-19  2.60116e-27  -8.2969e-19 -4.78774e-28 -1.62002e-19  6.29495e-29 -1.28112e-20 -9.41633e-29   8.5761e-22  1.30419e-29  3.56887e-22  1.21023e-29  4.46973e-23 -2.75536e-30  2.74385e-24 -1.31873e-31  2.09298e-26  7.44925e-32  -1.0078e-26 -3.71166e-33 -7.82551e-28 -3.56482e-34 -2.53327e-29  4.53151e-35 -2.99648e-31  2.26305e-37
-3.16867e-33 -2.29149e-17  1.86882e-31  1.03209e-15 -4.50339e-30 -2.45856e-14  6.86736e-29  3.89545e-13 -7.55503e-28 -4.53479e-12  6.34737e-27  4.09957e-11  -4.1931e-26 -2.97988e-10   2.2106e-25  1.78261e-09 -9.31984e-25 -8.91907e-09  3.08298e-24  3.77456e-08 -7.41228e-24 -1.36141e-07  8.65416e-24  4.20428e-07  2.67115e-23 -1.11384e-06  -2.1934e-22  2.52977e-06  8.91554e-22 -4.90749e-06 -2.72056e-21  8.06999e-06  6.82004e-21 -1.11007e-05 -1.45117e-20   1.2481e-05  2.65179e-20 -1.09798e-05 -4.16175e-20  6.83094e-06  5.55765e-20 -2.00978e-06 -6.18521e-20 -1.09144e-06  5.49228e-20   1.5751e-06  -3.4608e-20 -5.53086e-07  7.52794e-21 -2.86268e-07    1.664e-20   3.1305e-07 -3.14022e-20 -1.15643e-08  3.65144e-20    -9.62e-08 -3.56045e-20  2.23658e-08  3.19429e-20  2.46706e-08 -2.68426e-20 -7.96821e-09  2.08165e-20 -6.18071e-09 -1.46816e-20  1.79421e-09   9.3436e-21  1.53724e-09 -5.26173e-21  -2.2495e-10  2.44401e-21 -3.40886e-10 -7.19876e-22 -1.54382e-11 -1.20762e-22  5.64345e-11  3.34843e-22  1.47892e-11 -2.28211e-22 -4.88692e-12  7.25129e-23 -3.24881e-12 -1.71475e-25 -2.50572e-13   1.4859e-25  2.98556e-13 -1.40423e-23  1.08824e-13   1.4478e-23  3.33907e-15  -7.1109e-24 -7.93641e-15  1.70798e-24 -2.45703e-15 -6.24525e-27 -1.70537e-16 -1.01642e-25  9.00742e-17  1.66805e-26   3.1295e-17 -5.39691e-29  4.04446e-18   1.3686e-27 -1.27333e-19 -5.40493e-28 -1.42436e-19  1.29838e-28  -2.5803e-20 -1.07435e-28 -2.12053e-21   1.5195e-29  2.13297e-23  1.06613e-29  2.63319e-23 -2.28494e-30  3.14917e-24 -9.58804e-32  1.86226e-25  5.59191e-32  4.50917e-27 -2.15746e-33  -9.2116e-29 -2.15042e-34 -7.65771e-30   1.7332e-35 -1.01691e-31
