     0.19298  5.52306e-16   0.00134384 -3.24731e-16   -0.0133886  2.51407e-18  -0.00615233 -7.97242e-18  -0.00163692 -1.01245e-17 -0.000279972 -3.03126e-18 -2.87476e-05 -4.93569e-19   -1.171e-06 -4.94693e-20  8.41789e-08 -2.97804e-21  1.17986e-08 -8.90414e-23  3.39059e-10
 5.52306e-16     0.220147 -1.76402e-16    0.0707838  -1.0062e-16    0.0187758 -6.84749e-17   0.00508618 -3.73649e-17   0.00141517 -1.14937e-17  0.000335667  -2.1808e-18  5.85198e-05 -2.69906e-19  6.88248e-06 -2.13817e-20  4.96251e-07 -9.68922e-22   1.7662e-08 -1.65644e-23
  0.00134384 -1.76402e-16     0.174074 -2.65159e-16    0.0973922 -1.83402e-16    0.0386017  -1.0271e-16    0.0119956 -3.47782e-17   0.00287376 -7.65577e-18  0.000510851  -1.1366e-18  6.43861e-05 -1.12613e-19  5.37677e-06 -6.93138e-21  2.59666e-07 -2.14672e-22  4.73044e-09
-3.24731e-16    0.0707838 -2.65159e-16     0.146346  -3.0057e-16     0.090956  -2.0279e-16    0.0364782 -8.11926e-17    0.0104069 -2.10653e-17    0.0021422 -3.71948e-18  0.000313769 -4.48489e-19  3.14377e-05 -3.53558e-20  1.97695e-06 -1.60853e-21  6.27439e-08 -2.76853e-23
  -0.0133886  -1.0062e-16    0.0973922  -3.0057e-16     0.117411 -2.83243e-16    0.0656172 -1.42312e-16    0.0234237 -4.45527e-17   0.00577968 -9.39072e-18   0.00100406 -1.36255e-18  0.000121034 -1.33303e-19  9.60638e-06 -8.14218e-21  4.41228e-07 -2.50785e-22  7.67143e-09
 2.51407e-18    0.0187758 -1.83402e-16     0.090956 -2.83243e-16    0.0790065 -1.87695e-16    0.0369122  -7.2739e-17    0.0111805 -1.84747e-17   0.00232978  -3.2164e-18  0.000337537  -3.8379e-19  3.31121e-05 -2.99981e-20  2.03138e-06 -1.35466e-21  6.28736e-08 -2.31578e-23
 -0.00615233 -6.84749e-17    0.0386017  -2.0279e-16    0.0656172 -1.87695e-16    0.0427583 -9.26415e-17    0.0163389 -2.87355e-17   0.00413212 -6.01594e-18  0.000719887 -8.67453e-19  8.61202e-05 -8.43478e-20  6.75244e-06 -5.12155e-21    3.059e-07  -1.5686e-22  5.24532e-09
-7.97242e-18   0.00508618  -1.0271e-16    0.0364782 -1.42312e-16    0.0369122 -9.26415e-17    0.0184949  -3.5735e-17   0.00576923 -9.05515e-18   0.00121328  -1.5721e-18  0.000175653  -1.8694e-19  1.71396e-05 -1.45566e-20  1.04385e-06 -6.54855e-22  3.20556e-08 -1.11542e-23
 -0.00163692 -3.73649e-17    0.0119956 -8.11926e-17    0.0234237  -7.2739e-17    0.0163389  -3.5735e-17     0.006438 -1.10815e-17   0.00164794 -2.31879e-18  0.000287947 -3.33901e-19  3.43986e-05  -3.2406e-20  2.68805e-06  -1.9636e-21  1.21277e-07 -6.00184e-23  2.07081e-09
-1.01245e-17   0.00141517 -3.47782e-17    0.0104069 -4.45527e-17    0.0111805 -2.87355e-17   0.00576923 -1.10815e-17   0.00182299 -2.80973e-18  0.000385208 -4.87836e-19  5.58165e-05 -5.79828e-20  5.44124e-06 -4.51187e-21  3.30833e-07 -2.02834e-22  1.01405e-08 -3.45285e-24
-0.000279972 -1.14937e-17   0.00287376 -2.10653e-17   0.00577968 -1.84747e-17   0.00413212 -9.05515e-18   0.00164794 -2.80973e-18   0.00042407 -5.88372e-19  7.42495e-05  -8.4766e-20  8.87461e-06 -8.22949e-21  6.93418e-07 -4.98818e-22  3.12751e-08  -1.5253e-23  5.33868e-10
-3.03126e-18  0.000335667 -7.65577e-18    0.0021422 -9.39072e-18   0.00232978 -6.01594e-18   0.00121328 -2.31879e-18  0.000385208 -5.88372e-19  8.15926e-05 -1.02253e-19  1.18382e-05 -1.21656e-20  1.15503e-06 -9.47657e-22  7.02779e-08 -4.26523e-23  2.15574e-09 -7.27013e-25
-2.87476e-05  -2.1808e-18  0.000510851 -3.71948e-18   0.00100406  -3.2164e-18  0.000719887  -1.5721e-18  0.000287947 -4.87836e-19  7.42495e-05 -1.02253e-19  1.30204e-05 -1.47509e-20  1.55842e-06 -1.43429e-21  1.21937e-07 -8.70857e-23  5.50777e-09 -2.66787e-24  9.41663e-11
-4.93569e-19  5.85198e-05  -1.1366e-18  0.000313769 -1.36255e-18  0.000337537 -8.67453e-19  0.000175653 -3.33901e-19  5.58165e-05  -8.4766e-20  1.18382e-05 -1.47509e-20  1.72027e-06  -1.7581e-21   1.6814e-07 -1.37231e-22  1.02503e-08 -6.19043e-24  3.15075e-10 -1.05769e-25
  -1.171e-06 -2.69906e-19  6.43861e-05 -4.48489e-19  0.000121034  -3.8379e-19  8.61202e-05  -1.8694e-19  3.43986e-05 -5.79828e-20  8.87461e-06 -1.21656e-20  1.55842e-06  -1.7581e-21  1.86879e-07 -1.71327e-22  1.46542e-08 -1.04285e-23   6.6351e-10 -3.20333e-25   1.1373e-11
-4.94693e-20  6.88248e-06 -1.12613e-19  3.14377e-05 -1.33303e-19  3.31121e-05 -8.43478e-20  1.71396e-05  -3.2406e-20  5.44124e-06 -8.22949e-21  1.15503e-06 -1.43429e-21   1.6814e-07 -1.71327e-22  1.64714e-08 -1.34083e-23  1.00675e-09 -6.06575e-25   3.1032e-11 -1.03953e-26
 8.41789e-08 -2.13817e-20  5.37677e-06 -3.53558e-20  9.60638e-06 -2.99981e-20  6.75244e-06 -1.45566e-20  2.68805e-06 -4.51187e-21  6.93418e-07 -9.47657e-22  1.21937e-07 -1.37231e-22  1.46542e-08 -1.34083e-23  1.15216e-09 -8.18559e-25  5.23201e-11 -2.52233e-26  8.99575e-13
-2.97804e-21  4.96251e-07 -6.93138e-21  1.97695e-06 -8.14218e-21  2.03138e-06 -5.12155e-21  1.04385e-06  -1.9636e-21  3.30833e-07 -4.98818e-22  7.02779e-08 -8.70857e-23  1.02503e-08 -1.04285e-23  1.00675e-09 -8.18559e-25  6.17159e-11 -3.71501e-26  1.90841e-12 -6.38817e-28
 1.17986e-08 -9.68922e-22  2.59666e-07 -1.60853e-21  4.41228e-07 -1.35466e-21    3.059e-07 -6.54855e-22  1.21277e-07 -2.02834e-22  3.12751e-08 -4.26523e-23  5.50777e-09 -6.19043e-24   6.6351e-10 -6.06575e-25  5.23201e-11 -3.71501e-26  2.38353e-12 -1.14868e-27  4.11207e-14
-8.90414e-23   1.7662e-08 -2.14672e-22  6.27439e-08 -2.50785e-22  6.28736e-08  -1.5686e-22  3.20556e-08 -6.00184e-23  1.01405e-08  -1.5253e-23  2.15574e-09 -2.66787e-24  3.15075e-10 -3.20333e-25   3.1032e-11 -2.52233e-26  1.90841e-12 -1.14868e-27  5.92142e-14 -1.98228e-29
 3.39059e-10 -1.65644e-23  4.73044e-09 -2.76853e-23  7.67143e-09 -2.31578e-23  5.24532e-09 -1.11542e-23  2.07081e-09 -3.45285e-24  5.33868e-10 -7.27013e-25  9.41663e-11 -1.05769e-25   1.1373e-11 -1.03953e-26  8.99575e-13 -6.38817e-28  4.11207e-14 -1.98228e-29  7.11937e-16
