  0.00298946 -1.79242e-12    0.0119993 -4.07064e-12    0.0184367 -4.49711e-12    0.0147187 -2.44491e-12    0.0042419  1.36855e-13  -0.00382576   1.3497e-12  -0.00544812  1.14957e-12  -0.00332349  5.30916e-13  -0.00117749  1.42576e-13 -0.000230818  1.88247e-14 -1.68972e-05
-1.79242e-12    0.0170817 -7.22329e-12     0.038892 -1.11124e-11    0.0429472  -8.8434e-12     0.023136 -2.46805e-12   -0.0017538  2.42809e-12   -0.0133637  3.38372e-12   -0.0112898  2.05564e-12  -0.00520141  7.27135e-13  -0.00139522  1.42405e-13 -0.000184062  1.04165e-14
   0.0119993 -7.22329e-12    0.0484819 -1.64814e-11    0.0747248 -1.82319e-11    0.0595838 -9.85073e-12    0.0167601  7.02777e-13   -0.0161741   5.6332e-12   -0.0226342  4.76392e-12   -0.0137493  2.19328e-12  -0.00485793  5.87439e-13 -0.000949657  7.73309e-14 -6.92936e-05
-4.07064e-12     0.038892 -1.64814e-11    0.0889518 -2.54883e-11    0.0989304  -2.0522e-11    0.0545645 -6.15404e-12   -0.0017598  4.98152e-12   -0.0284543  7.28893e-12   -0.0244284  4.45392e-12   -0.0112654  1.57243e-12  -0.00300994  3.06261e-13 -0.000394371  2.22214e-14
   0.0184367 -1.11124e-11    0.0747248 -2.54883e-11     0.116243 -2.86686e-11    0.0956582 -1.65689e-11    0.0328378  -9.1493e-13   -0.0167683   6.7728e-12   -0.0284363  6.09214e-12   -0.0177046  2.82758e-12  -0.00624787  7.51792e-13  -0.00120693  9.74293e-14  -8.6406e-05
-4.49711e-12    0.0429472 -1.82319e-11    0.0989304 -2.86686e-11     0.113716 -2.46049e-11    0.0716336 -1.04719e-11    0.0148217  1.16049e-12   -0.0152811  4.60932e-12   -0.0164143  3.06479e-12  -0.00779439  1.08181e-12  -0.00204288   2.0375e-13 -0.000255688    1.396e-14
   0.0147187  -8.8434e-12    0.0595838  -2.0522e-11    0.0956582 -2.46049e-11    0.0888145 -1.79482e-11    0.0507618 -7.85334e-12    0.0160011 -1.50488e-12  0.000681391  3.34049e-13  -0.00153657  2.67817e-13  -0.00054937  5.32362e-14 -5.49896e-05    1.291e-15  2.22131e-06
-2.44491e-12     0.023136 -9.85073e-12    0.0545645 -1.65689e-11    0.0716336 -1.79482e-11    0.0667033 -1.48473e-11    0.0503072 -1.03838e-11    0.0328055 -6.27078e-12    0.0180328 -3.06171e-12   0.00759637 -1.07621e-12   0.00213908 -2.29486e-13  0.000314838 -1.90371e-14
   0.0042419 -2.46805e-12    0.0167601 -6.15404e-12    0.0328378 -1.04719e-11    0.0507618 -1.48473e-11    0.0653174 -1.70367e-11    0.0657185 -1.48256e-11    0.0489156 -9.34231e-12    0.0258022 -4.06574e-12   0.00907827 -1.12198e-12   0.00187174 -1.58395e-13  0.000148286
 1.36855e-13   -0.0017538  7.02777e-13   -0.0017598  -9.1493e-13    0.0148217 -7.85334e-12    0.0503072 -1.70367e-11    0.0797753 -2.09702e-11    0.0786468 -1.68346e-11    0.0517792 -9.08702e-12    0.0227461 -3.19815e-12   0.00624123 -6.53028e-13  0.000870337 -5.10177e-14
 -0.00382576  2.42809e-12   -0.0161741  4.98152e-12   -0.0167683  1.16049e-12    0.0160011 -1.03838e-11    0.0657185 -2.09702e-11    0.0910532 -2.20378e-11    0.0757594 -1.47997e-11    0.0413126 -6.52831e-12     0.014543 -1.78702e-12   0.00295732 -2.47887e-13  0.000229644
  1.3497e-12   -0.0133637   5.6332e-12   -0.0284543   6.7728e-12   -0.0152811 -1.50488e-12    0.0328055 -1.48256e-11    0.0786468 -2.20378e-11    0.0856024 -1.86856e-11    0.0580801 -1.02433e-11     0.025676 -3.60667e-12   0.00702084 -7.31996e-13  0.000971442 -5.66758e-14
 -0.00544812  3.38372e-12   -0.0226342  7.28893e-12   -0.0284363  4.60932e-12  0.000681391 -6.27078e-12    0.0489156 -1.68346e-11    0.0757594 -1.86856e-11    0.0649026 -1.27491e-11    0.0356829 -5.64337e-12    0.0125672 -1.54248e-12   0.00254839 -2.13179e-13  0.000197045
 1.14957e-12   -0.0112898  4.76392e-12   -0.0244284  6.09214e-12   -0.0164143  3.34049e-13    0.0180328 -9.34231e-12    0.0517792 -1.47997e-11    0.0580801 -1.27491e-11    0.0397483 -7.02091e-12    0.0176089 -2.47343e-12   0.00481282 -5.01443e-13  0.000664904 -3.87544e-14
 -0.00332349  2.05564e-12   -0.0137493  4.45392e-12   -0.0177046  3.06479e-12  -0.00153657 -3.06171e-12    0.0258022 -9.08702e-12    0.0413126 -1.02433e-11    0.0356829 -7.02091e-12    0.0196684 -3.11206e-12   0.00693146 -8.50765e-13   0.00140544 -1.17548e-13   0.00010863
 5.30916e-13  -0.00520141  2.19328e-12   -0.0112654  2.82758e-12  -0.00779439  2.67817e-13   0.00759637 -4.06574e-12    0.0227461 -6.52831e-12     0.025676 -5.64337e-12    0.0176089 -3.11206e-12   0.00780843 -1.09717e-12   0.00213549 -2.22556e-13  0.000295186 -1.72101e-14
 -0.00117749  7.27135e-13  -0.00485793  1.57243e-12  -0.00624787  1.08181e-12  -0.00054937 -1.07621e-12   0.00907827 -3.19815e-12     0.014543 -3.60667e-12    0.0125672 -2.47343e-12   0.00693146 -1.09717e-12   0.00244479 -3.00218e-13  0.000496215 -4.15268e-14  3.84005e-05
 1.42576e-13  -0.00139522  5.87439e-13  -0.00300994  7.51792e-13  -0.00204288  5.32362e-14   0.00213908 -1.12198e-12   0.00624123 -1.78702e-12   0.00702084 -1.54248e-12   0.00481282 -8.50765e-13   0.00213549 -3.00218e-13  0.000584706 -6.09808e-14  8.09467e-05 -4.72356e-15
-0.000230818  1.42405e-13 -0.000949657  3.06261e-13  -0.00120693   2.0375e-13 -5.49896e-05 -2.29486e-13   0.00187174 -6.53028e-13   0.00295732 -7.31996e-13   0.00254839 -5.01443e-13   0.00140544 -2.22556e-13  0.000496215 -6.09808e-14   0.00010088 -8.45061e-15  7.82276e-06
 1.88247e-14 -0.000184062  7.73309e-14 -0.000394371  9.74293e-14 -0.000255688    1.291e-15  0.000314838 -1.58395e-13  0.000870337 -2.47887e-13  0.000971442 -2.13179e-13  0.000664904 -1.17548e-13  0.000295186 -4.15268e-14  8.09467e-05 -8.45061e-15    1.123e-05  -6.5611e-16
-1.68972e-05  1.04165e-14 -6.92936e-05  2.22214e-14  -8.6406e-05    1.396e-14  2.22131e-06 -1.90371e-14  0.000148286 -5.10177e-14  0.000229644 -5.66758e-14  0.000197045 -3.87544e-14   0.00010863 -1.72101e-14  3.84005e-05 -4.72356e-15  7.82276e-06  -6.5611e-16   6.0818e-07
