 7.55194e-33  6.96467e-37 -1.61944e-31  2.18601e-35  5.37068e-30  3.45557e-36 -1.08311e-28  4.93575e-35  1.53652e-27 -2.62467e-35 -1.65043e-26  2.85892e-35  1.40211e-25 -1.06327e-35 -9.69359e-25 -4.90343e-37    5.562e-24 -8.98125e-36 -2.68557e-23  6.23089e-35  1.10191e-22 -3.30767e-34 -3.86771e-22  1.69676e-33  1.16611e-21 -7.79109e-33 -3.02537e-21  3.22478e-32  6.75076e-21 -1.20555e-31 -1.29159e-20  4.07498e-31  2.10551e-20 -1.24609e-30 -2.89285e-20  3.44769e-30  3.28897e-20 -8.62965e-30  -2.9947e-20  1.95313e-29  2.04125e-20 -3.99342e-29 -8.56495e-21  7.36548e-29 -1.10253e-22 -1.22277e-28   3.0099e-21  1.82133e-28 -1.82425e-21 -2.42278e-28  1.12092e-23  2.85857e-28  5.42082e-22 -2.96049e-28 -1.98666e-22  2.64612e-28 -9.00526e-23 -1.97975e-28  7.17137e-23  1.16002e-28   1.0141e-23 -4.29582e-29 -1.78141e-23 -4.03394e-30 -1.05815e-24  2.16421e-29  3.70518e-24  -1.8459e-29  2.69407e-25  7.31248e-30 -6.60219e-25  2.14945e-30 -1.01061e-25  -6.3402e-30   9.3319e-26  6.21495e-30  2.75123e-26 -4.22105e-30  -8.3847e-27   2.2062e-30 -4.90973e-27 -8.94611e-31    3.482e-29  2.63068e-31   5.2257e-28 -4.07013e-32  1.06732e-28 -7.29473e-33 -2.18953e-29  6.60311e-33 -1.31257e-29  -1.5835e-33 -1.41658e-30 -1.40352e-34  4.89683e-31  2.05204e-34  1.84473e-31 -5.34636e-35  1.68056e-32  1.74166e-37 -3.97398e-33  3.21209e-36 -1.38252e-33  -6.4318e-37 -1.48708e-34 -4.38709e-38  6.67102e-36   3.2885e-38  4.05781e-36  -2.1742e-39  5.13049e-37 -9.00618e-40  2.18755e-38  1.52039e-40 -2.16954e-39  6.25416e-42 -3.43643e-40 -2.41075e-42 -2.18271e-41 -2.04762e-45 -3.65835e-43  1.48558e-44  4.44094e-45 -1.73975e-46  5.05417e-46 -9.59433e-48
 6.96467e-37  2.44647e-31  2.25939e-36 -1.11005e-29  7.84877e-35  2.80248e-28  9.71139e-36 -4.70092e-27  9.32287e-35  5.78772e-26 -5.52822e-35  -5.5291e-25  3.76159e-35  4.24443e-24 -2.49249e-35 -2.68065e-23  2.31299e-35  1.41605e-22 -1.54867e-34    -6.33e-22  9.49266e-34  2.41412e-21 -4.98762e-33 -7.89723e-21   2.3939e-32  2.22251e-20  -1.0408e-31  -5.3849e-20   4.1097e-31  1.12139e-19 -1.47406e-30 -1.99825e-19  4.80015e-30  3.02212e-19 -1.41803e-29 -3.82617e-19  3.79685e-29  3.96071e-19 -9.20606e-29 -3.20723e-19  2.01921e-28  1.83365e-19 -4.00113e-28 -4.89162e-20  7.15017e-28 -2.60653e-20 -1.14958e-27  3.41434e-20  1.65722e-27 -1.12745e-20 -2.13173e-27 -5.06961e-21  2.42945e-27  5.37987e-21  -2.4265e-27 -3.48463e-22   2.0864e-27 -1.34896e-21 -1.49444e-27  3.58448e-22    8.278e-28  2.73384e-22 -2.72512e-28 -1.06998e-22 -6.15027e-29 -5.37555e-23  1.74106e-28  2.18902e-23 -1.44089e-28  1.09147e-23  6.64402e-29 -3.16381e-24 -3.94824e-30   -2.112e-24 -2.42341e-29  2.29176e-25  2.65747e-29  3.34812e-25  -1.8219e-29  2.49695e-26  9.37517e-30 -3.60547e-26 -3.69577e-30 -9.80409e-27   1.0318e-30  1.62687e-27 -1.30641e-31  1.24708e-27 -4.48938e-32  1.39598e-28  3.06468e-32 -6.11951e-29 -6.77519e-33 -2.28905e-29  -6.2839e-34 -1.53188e-30  8.19415e-34  8.30738e-31 -1.96661e-34  2.45149e-31 -3.71762e-36  1.90428e-32  1.23749e-35 -4.12797e-33 -2.21552e-36 -1.28222e-33 -1.89287e-37 -1.32527e-34  1.14882e-37  1.57924e-36 -7.07232e-39  2.07419e-36 -2.93544e-39  2.55248e-37  4.87446e-40  1.21123e-38   1.3229e-41 -1.63235e-40 -5.77565e-42 -6.14304e-41 -3.14189e-44 -2.77483e-42  2.56745e-44 -5.70548e-44 -1.27327e-46  1.98384e-47
-1.61944e-31  2.25939e-36  1.37573e-29  4.04993e-36 -4.57917e-28  1.69269e-34  9.30143e-27  1.82117e-35 -1.33044e-25  1.19983e-34  1.44145e-24 -7.88519e-35 -1.23569e-23  3.92615e-35  8.62428e-23 -7.04332e-35  -4.9979e-22  3.18977e-34  2.43858e-21 -1.91715e-33 -1.01166e-20  1.04481e-32  3.59259e-20 -5.11087e-32 -1.09665e-19  2.28776e-31  2.88296e-19 -9.38754e-31 -6.52471e-19  3.53219e-30  1.26762e-18 -1.21627e-29 -2.10147e-18  3.82225e-29  2.94208e-18 -1.09332e-28 -3.41829e-18  2.83991e-28  3.19608e-18 -6.68571e-28 -2.25974e-18  1.42404e-27   1.0176e-18 -2.73949e-27  -5.1707e-20  4.75016e-27 -3.15264e-19 -7.40469e-27  2.16845e-19  1.03402e-26  -1.6157e-20 -1.28705e-26 -5.87612e-20  1.41752e-26  2.65797e-20 -1.36597e-26  8.27292e-21  1.13043e-26  -8.9398e-21 -7.75958e-27 -4.93114e-22  4.07471e-27   2.1725e-21  -1.2025e-27 -4.80202e-23 -4.07603e-28 -4.55534e-22  8.86562e-28  4.22743e-24 -7.05216e-28  8.45957e-23  3.38926e-28  5.98703e-24 -6.24573e-29     -1.3e-23 -6.04356e-29 -2.62057e-24  7.78689e-29  1.39713e-24 -5.40893e-29  5.75625e-25  2.75131e-29 -5.55199e-26 -1.06213e-29 -7.27253e-26   2.8453e-30 -9.87898e-27 -2.91301e-31  4.24986e-27 -1.62295e-31  1.72303e-27  9.51455e-32  8.58409e-29 -1.96875e-32 -8.85948e-29  -1.9361e-33 -2.43401e-29  2.25862e-33 -1.03284e-30 -5.03088e-34  7.90167e-31 -1.83251e-35  1.96524e-31  3.23542e-35  1.43741e-32 -5.35333e-36 -2.24132e-33 -4.83681e-37 -6.66561e-34   2.6989e-37 -6.67031e-35 -1.69757e-38 -1.03185e-36 -6.33122e-39  5.01613e-37  1.06146e-39  5.77349e-38  1.65841e-41  2.89442e-39   -9.035e-42  2.33775e-41 -1.15708e-43 -2.59168e-42  2.68933e-44 -8.89288e-44  2.00919e-48
 2.18601e-35 -1.11005e-29  4.04993e-36  5.34594e-28  7.46487e-36 -1.36036e-26  2.59408e-34  2.30075e-25   2.3533e-35 -2.85717e-24  1.40571e-34  2.75423e-23 -9.72968e-35 -2.13437e-22  1.08694e-34  1.36144e-21 -5.76114e-34 -7.26711e-21  3.47983e-33  3.28438e-20 -1.89461e-32 -1.26719e-19  9.28205e-32  4.19648e-19 -4.15015e-31 -1.19653e-18  1.71703e-30  2.93978e-18 -6.60499e-30 -6.21471e-18  2.36042e-29  1.12569e-17 -7.80042e-29 -1.73354e-17  2.36965e-28  2.24017e-17 -6.58074e-28 -2.37563e-17  1.66319e-27  1.98393e-17 -3.81247e-27 -1.18921e-17  7.90548e-27  3.63819e-18 -1.47952e-26  1.32488e-18  2.49332e-26 -2.16479e-18 -3.77312e-26  8.46481e-19  5.10863e-26  2.56346e-19 -6.15697e-26 -3.60962e-19  6.55586e-26  4.99975e-20 -6.09625e-26  8.46192e-20  4.85609e-26  -3.0679e-20 -3.19492e-26 -1.60513e-20  1.59186e-26  8.72585e-21 -4.22174e-27  3.04164e-21  -1.8659e-27 -1.82947e-21   3.4226e-27 -6.37323e-22 -2.59691e-27  2.91631e-22  1.24509e-27  1.34364e-22 -2.96505e-28 -2.98009e-23 -1.10039e-28 -2.37905e-23  1.79886e-28  1.34999e-25 -1.27067e-28  2.96357e-24  6.42813e-29  5.59336e-25 -2.45568e-29 -1.90739e-25  6.40508e-30 -9.30522e-26 -5.34722e-31 -4.37961e-27 -4.33178e-31  6.04577e-27  2.31495e-31  1.65072e-27 -4.54645e-32  9.90531e-30 -4.59482e-33  -8.3566e-29  4.93462e-33 -1.83857e-29 -1.03338e-33 -5.82342e-31 -4.91198e-35  4.87137e-31  6.59734e-35  1.07473e-31  -1.0469e-35  7.90599e-33 -8.49131e-37 -6.70951e-34   4.8977e-37 -2.11054e-34 -3.41377e-38 -2.04337e-35 -1.05629e-38 -6.29666e-37  1.82381e-39  4.99614e-38  1.33891e-41  6.38782e-39 -1.05833e-41  2.47842e-40 -2.42822e-43  3.40168e-42  1.83704e-44 -1.63506e-44
 5.37068e-30  7.84877e-35 -4.57917e-28  7.46487e-36  1.53805e-26  1.85661e-35 -3.15001e-25   3.0698e-34  4.54462e-24  1.62452e-35 -4.96837e-23  1.94574e-34  4.29952e-22 -2.01486e-34 -3.03063e-21  9.48687e-34  1.77464e-20 -5.94772e-33 -8.75397e-20  3.31713e-32  3.67374e-19   -1.621e-31  -1.3206e-18  7.11284e-31  4.08359e-18   -2.866e-30 -1.08842e-17  1.08052e-29  2.49999e-17 -3.85106e-29 -4.93527e-17  1.29821e-28   8.3263e-17 -4.10936e-28 -1.18871e-16  1.20859e-27  1.41253e-16 -3.26937e-27 -1.35729e-16  8.07046e-27  9.95937e-17 -1.80784e-26 -4.80022e-17   3.6608e-26  5.31192e-18 -6.68192e-26  1.29199e-17  1.09653e-25 -1.01853e-17  -1.6132e-25  1.44562e-18  2.11989e-25   2.4812e-18 -2.47543e-25 -1.38249e-18  2.54909e-25 -2.66723e-19 -2.28747e-25  4.35555e-19  1.75344e-25 -1.30249e-20 -1.10512e-25 -1.03039e-19  5.21976e-26  1.12569e-20 -1.23765e-26  2.16656e-20 -6.77348e-27 -2.14755e-21  1.08178e-26 -4.17903e-21 -7.76902e-27  6.59979e-23  3.62488e-27  6.93749e-22 -9.44233e-28  7.97024e-23 -1.43866e-28 -8.58985e-23  3.44991e-28 -2.50224e-23 -2.49045e-28  5.59658e-24  1.26569e-28  3.84659e-24 -4.85463e-29  2.50811e-25  1.25473e-29 -2.90572e-25 -8.89639e-31  -8.4695e-26 -9.37103e-31  1.91458e-27  4.72252e-31  5.83446e-27  -8.9375e-32  1.18967e-27 -8.69933e-33 -2.59728e-29  9.01298e-33 -5.57323e-29 -1.80659e-33 -1.04232e-29 -9.13267e-35 -3.32191e-31  1.10287e-34  2.01465e-31 -1.74865e-35  4.09805e-32 -1.00247e-36  3.07711e-33  7.24272e-37 -8.64383e-35 -6.03172e-38 -3.98936e-35 -1.46261e-38 -3.58184e-36  2.63079e-39 -1.34641e-37  7.75434e-42   1.2712e-39 -9.75178e-42  2.42235e-40  -3.3861e-43  5.66072e-42  7.29557e-45
 3.45557e-36  2.80248e-28  1.69269e-34 -1.36036e-26  1.85661e-35   3.4904e-25  3.98766e-35 -5.95427e-24  3.00062e-34  7.46112e-23 -1.96914e-35 -7.26041e-22  4.17583e-34  5.68224e-21 -1.40952e-33 -3.66225e-20  9.59855e-33  1.97625e-19 -5.66068e-32  -9.0347e-19  2.85624e-31  3.52824e-18 -1.25483e-30 -1.18351e-17  4.91662e-30  3.42079e-17  -1.7636e-29 -8.52797e-17  5.94975e-29  1.83131e-16 -1.92861e-28 -3.37418e-16  6.05419e-28  5.29494e-16 -1.82644e-27 -6.98946e-16   5.2065e-27  7.59959e-16  -1.3779e-26 -6.55012e-16  3.33957e-26  4.11584e-16 -7.34619e-26 -1.42096e-16  1.45858e-25 -3.25415e-17 -2.60467e-25   7.2589e-17  4.17199e-25 -3.32698e-17 -5.97701e-25 -6.03687e-18  7.63164e-25  1.27512e-17 -8.64019e-25 -2.75928e-18  8.60706e-25 -2.74705e-18 -7.45295e-25   1.3308e-18  5.49482e-25   4.6944e-19 -3.31375e-25 -3.65231e-19  1.48003e-25 -8.21684e-20 -3.09068e-26  7.80232e-20 -2.07992e-26  1.78334e-20  2.92068e-26  -1.3372e-20 -1.96816e-26 -4.23867e-21  8.77298e-27  1.65132e-21 -2.33067e-27  8.58918e-22 -1.03268e-28 -8.86166e-23  5.59184e-28 -1.24004e-22   -4.166e-28 -1.36574e-23  2.16458e-28  1.02502e-23 -8.49845e-29  3.48968e-24  2.21585e-29 -1.14246e-25 -1.42941e-30 -2.94303e-25  -1.7278e-30 -5.83827e-26  8.38743e-31  4.72924e-27 -1.55751e-31  4.13906e-27 -1.31284e-32  6.75882e-28  1.41261e-32 -2.22232e-29 -2.77005e-33  -2.7039e-29 -1.22662e-34 -4.49381e-30   1.5358e-34 -1.74107e-31 -2.55716e-35  5.47229e-32 -4.78003e-37  1.06391e-32  8.95956e-37  7.99863e-34 -9.62087e-38   5.1735e-36 -1.76093e-38 -3.95175e-36  3.29089e-39 -3.30379e-37  8.29417e-42  -1.0498e-38 -7.20994e-42  -8.5161e-41 -3.20244e-43  1.34912e-42
-1.08311e-28  9.71139e-36  9.30143e-27  2.59408e-34 -3.15001e-25  3.98766e-35  6.50714e-24  5.69868e-35  -9.4729e-23   2.6887e-34  1.04542e-21 -2.04557e-34 -9.13647e-21  2.07586e-33    6.507e-20 -1.38413e-32 -3.85189e-19  9.02876e-32   1.9219e-18 -4.89974e-31 -8.16325e-18   2.2572e-30  2.97203e-17 -8.98993e-30 -9.31513e-17  3.15707e-29  2.51879e-16 -1.00206e-28 -5.87535e-16  2.97003e-28  1.17937e-15 -8.52886e-28 -2.02637e-15  2.43667e-27  2.95238e-15 -6.92857e-27 -3.59106e-15  1.91481e-26  3.54907e-15 -4.98886e-26 -2.70409e-15   1.1964e-25  1.39168e-15 -2.60245e-25 -2.33114e-16  5.09432e-25 -3.18446e-16 -8.93654e-25  2.92347e-16  1.40114e-24 -6.13644e-17  -1.9586e-24 -6.26158e-17  2.43299e-24  4.33946e-17 -2.67258e-24   3.8483e-18  2.57621e-24 -1.28089e-17 -2.15221e-24  1.51124e-18  1.52506e-24  2.92536e-18 -8.78586e-25 -6.09579e-19  3.69526e-25  -6.1213e-19 -6.59945e-26  1.25691e-19 -5.60248e-26  1.22323e-19  6.91747e-26 -1.40472e-20 -4.32944e-26 -2.19035e-20  1.81186e-26 -5.72069e-22 -4.70788e-27  3.07051e-21  8.75339e-29  5.92899e-22  7.58144e-28 -2.64706e-22 -5.97475e-28  -1.1852e-22  3.27631e-28  2.04011e-24  -1.3491e-28   1.1292e-23  3.59797e-29  2.33957e-24 -2.25824e-30 -3.03669e-25 -2.80166e-30 -2.20764e-25  1.32866e-30  -3.1894e-26 -2.47583e-31  4.03122e-27 -1.49666e-32  2.23325e-27  1.92626e-32  3.09927e-28 -3.78344e-33 -8.54701e-30 -1.06362e-34 -9.52095e-30  1.75814e-34   -1.449e-30 -3.31516e-35 -6.86095e-32  1.21792e-36  8.97444e-33  9.41599e-37  1.77686e-33 -1.40973e-37  1.26312e-34 -1.91615e-38   2.9156e-36  3.63061e-39 -1.62842e-37  1.90885e-41 -1.16878e-38 -4.29381e-42 -2.24848e-40 -1.85875e-43
 4.93575e-35 -4.70092e-27  1.82117e-35  2.30075e-25   3.0698e-34 -5.95427e-24  5.69868e-35  1.02492e-22  3.85245e-35 -1.29644e-21  3.39748e-34  1.27405e-20 -1.84343e-33 -1.00746e-19  1.75882e-32   6.5639e-19 -1.27839e-31 -3.58261e-18  7.71483e-31  1.65759e-17  -3.8709e-30 -6.55567e-17  1.64564e-29  2.22868e-16 -6.01186e-29 -6.53411e-16  1.91259e-28  1.65391e-15 -5.39329e-28 -3.61026e-15  1.38841e-27  6.77124e-15 -3.42322e-27 -1.08361e-14  8.56299e-27  1.46235e-14 -2.24086e-26 -1.63159e-14  5.99158e-26  1.45246e-14 -1.55262e-25 -9.56636e-15   3.7311e-25  3.68157e-15 -8.11178e-25  4.28953e-16  1.57786e-24 -1.61581e-15 -2.73381e-24   8.6418e-16  4.21093e-24  6.59502e-17 -5.75684e-24  -2.9759e-16  6.96736e-24  8.98188e-17 -7.43177e-24  5.72735e-17  6.93397e-24 -3.73066e-17 -5.58748e-24 -8.12634e-18  3.80194e-24  9.92776e-18 -2.08787e-24  1.15554e-18  8.22065e-25 -2.15007e-18 -1.18887e-25 -2.64068e-19 -1.35383e-25  3.90581e-19  1.46338e-25  7.87115e-20  -8.4014e-26 -5.50009e-20  3.23575e-26 -1.94021e-20 -7.94724e-27  4.63149e-21  4.95964e-28  3.31059e-21  8.06062e-28  8.73814e-23 -7.23696e-28  -3.3769e-22  4.45164e-28 -8.04226e-23  -1.9765e-28  1.19695e-23  5.41762e-29  9.00435e-24 -3.41513e-30  1.19374e-24 -4.08265e-30 -2.87899e-25  1.91176e-30 -1.28512e-25 -3.67418e-31 -1.43785e-26 -9.90206e-33  2.15534e-27  2.30464e-32  9.24204e-28 -4.62388e-33  1.14621e-28 -7.77726e-36 -1.21971e-30  1.53666e-34 -2.36316e-30 -3.84224e-35 -3.35156e-31  4.37288e-36 -1.79544e-32  8.55633e-37  6.97658e-34 -1.91285e-37  1.70395e-34 -1.94731e-38   1.0789e-35  3.55246e-39  2.62771e-37  3.38055e-41 -3.76779e-40 -2.03042e-42  -7.2165e-41
 1.53652e-27  9.32287e-35 -1.33044e-25   2.3533e-35  4.54462e-24  3.00062e-34  -9.4729e-23  3.85245e-35  1.39207e-21 -7.14705e-35 -1.55147e-20  1.53634e-33  1.36997e-19 -1.74808e-32 -9.86304e-19  1.55402e-31   5.9052e-18 -1.06805e-30  -2.9818e-17  5.98203e-30  1.28256e-16 -2.79484e-29 -4.73202e-16   1.1069e-28  1.50422e-15 -3.75343e-28 -4.12898e-15  1.09726e-27   9.7877e-15 -2.78637e-27  -1.9992e-14  6.24575e-27  3.50094e-14 -1.28706e-26 -5.20981e-14  2.65388e-26  6.49183e-14 -6.06141e-26 -6.60448e-14  1.55446e-25  5.22782e-14 -4.08789e-25 -2.86714e-14  1.00803e-24  6.36661e-15 -2.23028e-24  5.39726e-15  4.36267e-24 -5.92082e-15 -7.52228e-24  1.65831e-15  1.14362e-23  1.07576e-15 -1.53343e-23 -9.51391e-16  1.81118e-23  7.63696e-18 -1.87758e-23  2.61843e-16   1.6961e-23 -5.61066e-17 -1.31795e-23 -5.69397e-17  8.60249e-24   1.8797e-17 -4.49141e-24   1.1712e-17  1.64215e-24  -4.0263e-18 -1.72078e-25    -2.42e-18 -2.97795e-25  5.82202e-19  2.80065e-25  4.69387e-19   -1.452e-25   -3.513e-20  5.00878e-26 -7.41569e-20 -1.11864e-26 -7.54669e-21  1.16846e-27  7.84926e-21  4.89925e-28  2.40546e-21 -7.01719e-28 -3.10845e-22     5.51e-28 -2.92237e-22 -2.70699e-28 -3.88081e-23   7.5624e-29  1.31893e-23  -4.7183e-30   5.5618e-24 -5.43546e-30  4.75537e-25  2.54279e-30 -1.78822e-25  -5.1964e-31 -5.92623e-26  5.76639e-33  -5.5266e-27  2.44363e-32  7.84321e-28 -5.01084e-33  2.90009e-28  1.82766e-34  3.32594e-29  6.89003e-35  3.33775e-31 -4.02351e-35 -3.89164e-31  8.85301e-36 -5.19912e-32   7.0173e-37 -2.83393e-33 -2.39846e-37 -6.49867e-36  -1.8848e-38  7.72139e-36  3.07003e-39  3.76782e-37  4.05384e-41   5.8334e-39 -7.01565e-43
-2.62467e-35  5.78772e-26  1.19983e-34 -2.85717e-24  1.62452e-35  7.46112e-23   2.6887e-34 -1.29644e-21 -7.14705e-35  1.65611e-20 -6.43129e-34 -1.64437e-19  1.33282e-32  1.31441e-18 -1.54136e-31 -8.66138e-18  1.26345e-30  4.78406e-17 -8.07452e-30  -2.2414e-16  4.21815e-29  8.98265e-16  -1.8459e-28 -3.09682e-15  6.86117e-28  9.21549e-15 -2.18112e-27 -2.36999e-14  5.94043e-27  5.26252e-14 -1.38338e-26 -1.00549e-13  2.74745e-26  1.64229e-13 -4.69557e-26  -2.2677e-13  7.35972e-26  2.59857e-13 -1.28763e-25 -2.39107e-13  3.06207e-25  1.65062e-13 -8.62871e-25  -7.0136e-14  2.30733e-24 -1.39066e-15 -5.37925e-24  2.62974e-14  1.07924e-23  -1.6429e-14 -1.87236e-23  3.05752e-16  2.82701e-23  5.04991e-15  -3.7307e-23 -2.01937e-15   4.3085e-23 -8.25386e-16   -4.345e-23  7.51829e-16  3.80134e-23  7.61691e-17 -2.84754e-23 -1.93967e-16  1.78086e-23  -2.4911e-18 -8.81225e-24  4.23538e-17  2.95925e-24  8.57395e-19 -1.66194e-25 -8.08342e-18 -6.02116e-25 -7.83093e-19  4.89425e-25  1.26343e-18 -2.24461e-25  2.88651e-19  6.64114e-26 -1.35722e-19  -1.2662e-26 -6.15209e-20  2.16656e-27  4.66564e-21 -4.55107e-28  7.69432e-21 -4.46586e-28  1.17066e-21  6.34583e-28 -4.32983e-22 -3.49325e-28 -1.91155e-22  9.71153e-29 -1.22826e-23 -5.66241e-30  9.29613e-24 -6.71098e-30  2.75329e-24  3.19661e-30  1.55277e-25 -7.12833e-31 -8.04303e-26  3.16517e-32 -2.17039e-26  2.35638e-32 -1.82436e-27 -4.64372e-33  1.91302e-28  4.35353e-34  6.68695e-29 -8.29831e-35  7.18757e-30 -3.88421e-35  1.95083e-31   1.4004e-35 -3.78604e-32  5.76377e-37 -4.85553e-33 -2.75076e-37 -2.40764e-34 -1.73282e-38 -3.65313e-36  2.30987e-39  9.67088e-38  3.30899e-41  2.43538e-39
-1.65043e-26 -5.52822e-35  1.44145e-24  1.40571e-34 -4.96837e-23 -1.96914e-35  1.04542e-21  3.39748e-34 -1.55147e-20 -6.43129e-34  1.74703e-19 -5.17756e-33 -1.55939e-18  1.15176e-31  1.13545e-17 -1.23063e-30 -6.87942e-17  9.31852e-30   3.5174e-16 -5.54539e-29   -1.533e-15  2.71304e-28  5.73527e-15 -1.11697e-27 -1.85023e-14  3.91747e-27  5.15919e-14 -1.17609e-26 -1.24373e-13  3.01731e-26  2.58696e-13 -6.55608e-26  -4.6209e-13  1.18341e-25  7.02937e-13 -1.71283e-25 -8.98127e-13  1.88395e-25  9.41365e-13 -1.65354e-25 -7.74562e-13  2.85221e-25  4.51903e-13 -1.18327e-24 -1.24233e-13  4.17902e-24 -6.63714e-14 -1.11615e-23  9.09249e-14  2.38196e-23 -3.22335e-14 -4.22916e-23 -1.31639e-14  6.39499e-23  1.56786e-14  -8.3414e-23 -1.60489e-15  9.43969e-23  -3.9794e-15 -9.27026e-23  1.29952e-15  7.85722e-23  8.04307e-16 -5.67227e-23 -3.98864e-16  3.39481e-23 -1.58928e-16 -1.58625e-23  8.76191e-17  4.81894e-24  3.39135e-17    2.833e-26 -1.44126e-17 -1.12672e-24 -7.22805e-18  7.86263e-25  1.48464e-18 -3.09848e-25  1.29775e-18  7.23164e-26  6.42227e-21 -9.99448e-27 -1.63932e-19  3.66677e-27 -3.28444e-20 -2.27612e-27  1.05155e-20  6.31514e-29  5.41363e-21  7.04095e-28  3.00054e-22 -4.25417e-28 -3.47606e-22     1.13e-28 -9.92143e-23 -5.51782e-30 -1.56122e-24 -7.82059e-30   4.8251e-24  3.91788e-30  1.11123e-24 -9.59492e-31  4.60462e-26  5.96685e-32  -2.6726e-26  2.21753e-32 -6.22285e-27 -3.24753e-33 -4.99795e-28  6.85444e-34  2.81106e-29 -2.87307e-34  1.07258e-29 -3.58658e-35  1.07272e-30  1.87413e-35  3.92031e-32  5.44914e-37 -1.64385e-33 -2.84378e-37 -2.28251e-34 -1.47552e-38 -8.50289e-36  1.47132e-39 -9.97787e-38   1.6695e-41
 2.85892e-35  -5.5291e-25 -7.88519e-35  2.75423e-23  1.94574e-34 -7.26041e-22 -2.04557e-34  1.27405e-20  1.53634e-33 -1.64437e-19 -5.17756e-33  1.65043e-18 -4.30761e-32 -1.33426e-17  9.06054e-31  8.89703e-17 -8.90258e-30 -4.97585e-16  6.25064e-29  2.36205e-15 -3.47462e-28 -9.59814e-15  1.59716e-27  3.35785e-14 -6.20647e-27 -1.01489e-13  2.06164e-26  2.65376e-13  -5.8746e-26 -5.99873e-13  1.43072e-25  1.16855e-12 -2.93934e-25 -1.94961e-12  4.94208e-25  2.75696e-12 -6.31803e-25 -3.24754e-12   4.7562e-25  3.09111e-12  1.80297e-25 -2.23659e-12 -1.05199e-24  1.04135e-12  6.14827e-25 -6.82906e-14  4.46597e-24 -3.29202e-13  -1.8859e-23  2.42031e-13   4.6396e-23 -2.60676e-14 -8.67323e-23 -6.54553e-14  1.32902e-22  3.39802e-14 -1.72257e-22  8.17459e-15  1.91489e-22 -1.15471e-14 -1.83322e-22  8.65255e-17  1.50577e-22  2.87461e-15 -1.04733e-22 -2.71442e-16  5.99083e-23 -6.28386e-16 -2.63196e-23  5.61538e-17  7.07853e-24  1.25247e-16  6.33086e-25 -1.19554e-18 -1.96117e-24 -2.14527e-17  1.16669e-24 -2.57669e-18 -3.77752e-25  2.74031e-18   5.5656e-26  8.16223e-19 -1.04895e-27 -1.83765e-19  6.08793e-27 -1.28592e-19 -5.08762e-27  -8.5549e-21  7.27042e-28  9.91765e-21   7.9107e-28  2.92985e-21 -4.85677e-28  -6.0569e-23  1.15892e-28  -2.0292e-22  -3.7007e-30 -4.20887e-23 -8.82439e-30  7.04577e-25  4.86136e-30  1.91973e-24 -1.27017e-30  3.66629e-25  7.25768e-32  1.38153e-26  2.32123e-32 -6.45535e-27 -6.32163e-34 -1.35205e-27   8.5763e-34 -1.05959e-28 -5.10575e-34  1.53945e-30 -3.32982e-35  1.09352e-30  2.18524e-35   9.9182e-32  5.97035e-37  3.69552e-33 -2.60736e-37  1.61362e-36 -1.11846e-38 -3.59618e-36  7.50978e-40 -5.66832e-38
 1.40211e-25  3.76159e-35 -1.23569e-23 -9.72968e-35  4.29952e-22  4.17583e-34 -9.13647e-21 -1.84343e-33  1.36997e-19  1.33282e-32 -1.55939e-18 -4.30761e-32  1.40773e-17 -3.34564e-31 -1.03724e-16  6.46644e-30  6.36305e-16 -5.86317e-29 -3.29623e-15   3.8306e-28  1.45655e-14 -1.99486e-27 -5.52921e-14  8.63739e-27   1.8115e-13 -3.17566e-26 -5.13487e-13  1.00167e-25  1.25983e-12 -2.71789e-25  -2.6706e-12  6.31455e-25   4.8699e-12 -1.23746e-24  -7.5796e-12   1.9739e-24  9.93895e-12 -2.33007e-24 -1.07422e-11  1.30701e-24  9.19298e-12  2.13164e-24 -5.69741e-12 -7.68291e-24  1.86082e-12  1.16668e-23  5.93394e-13 -5.77406e-24 -1.10417e-12 -2.12062e-23  4.81346e-13  7.75855e-23   1.1211e-13 -1.61061e-22 -2.02679e-13  2.54455e-22  4.03889e-14  -3.2991e-22  4.64841e-14  3.61241e-22 -2.17902e-14   -3.375e-22 -8.33164e-15  2.68737e-22  6.32912e-15 -1.80049e-22  1.49871e-15  9.83124e-23 -1.41533e-15 -4.04094e-23 -3.30358e-16  9.31201e-24  2.53461e-16  1.96011e-24  8.06104e-17 -3.18835e-24 -3.28747e-17  1.60357e-24 -1.69576e-17 -3.94182e-25  1.93326e-18  4.01665e-27    2.553e-18  1.47994e-26  2.66337e-19  1.01577e-26 -2.21085e-19 -8.73212e-27 -7.37865e-20  1.28857e-27  3.02359e-21   9.4229e-28  6.47644e-21 -5.10242e-28   1.2632e-21  9.87177e-29 -1.10332e-22 -2.99803e-31 -9.19353e-23 -1.00014e-29 -1.48926e-23  6.28907e-30  4.85494e-25 -1.64186e-30  5.88232e-25  4.68184e-32  9.75144e-26  2.95059e-32  4.01521e-27  3.22451e-33 -1.07873e-27   8.9561e-34 -2.10982e-28 -7.07554e-34 -1.58577e-29   -3.213e-35 -1.90418e-31  2.24408e-35  6.03727e-32  6.57962e-37  4.77532e-33 -2.08341e-37  1.39185e-34 -7.18357e-39  1.02173e-36  2.67064e-40
-1.06327e-35  4.24443e-24  3.92615e-35 -2.13437e-22 -2.01486e-34  5.68224e-21  2.07586e-33 -1.00746e-19 -1.74808e-32  1.31441e-18  1.15176e-31 -1.33426e-17 -3.34564e-31  1.09151e-16 -2.36971e-30 -7.36938e-16  4.20618e-29  4.17565e-15 -3.53287e-28 -2.00962e-14  2.15447e-27   8.2853e-14 -1.05374e-26 -2.94336e-13  4.30659e-26  9.04219e-13 -1.50082e-25 -2.40579e-12  4.50304e-25  5.54054e-12 -1.16585e-24 -1.10131e-11  2.59149e-24  1.87856e-11  -4.8694e-24 -2.72303e-11  7.45337e-24  3.30032e-11 -8.39468e-24 -3.25214e-11  4.13179e-24  2.46655e-11  9.02798e-24 -1.25077e-11 -3.09477e-23  1.78676e-12   5.2469e-23  3.25633e-12 -5.31381e-23 -2.86354e-12  6.90038e-24  5.57079e-13  1.03249e-22  6.63788e-13  -2.6873e-22 -4.48663e-13  4.49607e-22 -4.64921e-14 -5.88056e-22   1.3992e-13  6.36129e-22 -1.63982e-14 -5.80605e-22  -3.3262e-14  4.48308e-22  7.19084e-15 -2.89295e-22  7.20152e-15  1.50628e-22 -1.58557e-15  -5.7596e-23  -1.4924e-15  1.07798e-23  1.97094e-16   4.3729e-24  2.79173e-16 -4.85913e-24  3.01318e-18  2.04316e-24 -4.12485e-17 -3.20007e-25 -7.38796e-18 -9.11222e-26  3.81928e-18  3.54727e-26  1.61329e-18  1.68183e-26 -5.68376e-20 -1.26606e-26 -1.63965e-19   1.3515e-27 -3.20838e-20  1.19877e-27  4.97297e-21 -4.73455e-28    3.253e-21  5.76618e-29  4.45863e-22  3.52564e-30 -6.46405e-23 -1.18547e-29 -3.30348e-23  8.50042e-30 -4.43774e-24 -2.04512e-30  1.39437e-25 -3.98736e-32  1.36344e-25  4.21533e-32  2.02223e-26  8.07756e-33  9.52985e-28  7.82953e-34 -1.12536e-28 -8.33842e-34 -2.17652e-29   -3.164e-35 -1.49264e-30  2.03226e-35 -3.46951e-32  6.47238e-37  1.25123e-33 -1.42077e-37  8.27403e-35 -3.64667e-39  9.82443e-37
-9.69359e-25 -2.49249e-35  8.62428e-23  1.08694e-34 -3.03063e-21 -1.40952e-33    6.507e-20  1.75882e-32 -9.86304e-19 -1.54136e-31  1.13545e-17  9.06054e-31 -1.03724e-16 -2.36971e-30   7.7381e-16  -1.5317e-29 -4.80935e-15  2.50595e-28  2.52577e-14 -1.95658e-27 -1.13234e-13  1.11681e-26  4.36454e-13 -5.14106e-26 -1.45323e-12  1.98666e-25  4.19074e-12  -6.5716e-25 -1.04727e-11  1.87789e-24  2.26441e-11 -4.64488e-24 -4.21918e-11  9.89375e-24  6.72503e-11 -1.78725e-23 -9.05888e-11  2.64086e-23  1.01054e-10 -2.89106e-23 -9.00019e-11  1.42498e-23  5.91812e-11  2.84325e-23  -2.2348e-11 -9.88989e-23 -3.52292e-12   1.7365e-22   1.0881e-11 -2.03328e-22 -5.75014e-12   1.2988e-22 -5.33646e-13  7.86934e-23  2.10889e-12 -3.95953e-22 -6.42544e-13  7.33706e-22 -4.21016e-13 -9.78538e-22  2.82484e-13  1.04903e-21  5.97615e-14 -9.36213e-22 -7.85375e-14  7.01201e-22  -8.0277e-15 -4.35873e-22  1.77638e-14  2.16253e-22  1.84296e-15 -7.64293e-23  -3.3928e-15  1.05122e-23 -6.07316e-16  8.21027e-24  5.09742e-16 -6.96702e-24  1.64475e-16  2.40795e-24 -4.79992e-17 -1.19018e-25 -3.04058e-17 -2.30335e-25 -1.83018e-20  5.56672e-26  3.36383e-18  2.69263e-26  7.26918e-19 -1.58917e-26 -1.41089e-19  4.56338e-28 -9.04358e-20   1.5699e-27 -1.06011e-20 -3.48133e-28  3.25412e-21 -5.23692e-30  1.30825e-21  5.58296e-30  1.32913e-22 -1.50097e-29 -2.44439e-23  1.17033e-29 -9.40922e-24 -2.41817e-30 -1.10422e-24  -1.9824e-31  1.85688e-26  5.94709e-32  2.29637e-26  1.33452e-32  3.09414e-27  5.46125e-34    1.583e-28 -8.60218e-34 -5.61653e-30 -2.99767e-35 -1.29911e-30  1.61471e-35 -7.43532e-32  5.37138e-37 -1.61173e-33 -8.02268e-38 -4.74288e-37 -1.26187e-39
-4.90343e-37 -2.68065e-23 -7.04332e-35  1.36144e-21  9.48687e-34 -3.66225e-20 -1.38413e-32   6.5639e-19  1.55402e-31 -8.66138e-18 -1.23063e-30  8.89703e-17  6.46644e-30 -7.36938e-16  -1.5317e-29  5.04077e-15 -9.07406e-29  -2.8956e-14  1.37372e-27   1.4138e-13 -1.00012e-26 -5.91807e-13  5.35608e-26  2.13645e-12 -2.32495e-25 -6.67619e-12  8.50715e-25  1.80887e-11 -2.67406e-24 -4.24783e-11  7.28406e-24  8.62341e-11 -1.72251e-23 -1.50528e-10  3.51845e-23  2.23877e-10 -6.11723e-23 -2.79456e-10  8.74711e-23  2.85329e-10 -9.38163e-23 -2.26873e-10  4.89326e-23  1.24689e-10  7.47248e-23 -2.67163e-11  -2.7334e-22 -2.56818e-11  4.86156e-22  2.78573e-11 -5.97869e-22 -7.87013e-12  4.85968e-22 -5.28063e-12 -9.74144e-23  4.78869e-12 -4.94874e-22 -8.57356e-14  1.10551e-21 -1.36422e-12 -1.52436e-21  3.23692e-13  1.62454e-21  3.03584e-13 -1.41856e-21 -1.12585e-13  1.03089e-21 -6.38737e-14 -6.17585e-22  2.55743e-14  2.91954e-22  1.37139e-14 -9.46915e-23 -4.06726e-15  7.51336e-24 -2.82073e-15  1.36937e-23  3.32972e-16 -9.43265e-24  4.79795e-16  2.60577e-24  3.29525e-17  2.33691e-25 -5.58315e-17 -4.03912e-25 -1.49879e-17  6.74243e-26  2.80019e-18  4.08119e-26  2.05621e-18  -1.7101e-26  2.21601e-19 -1.79969e-27 -1.07115e-19  2.01668e-27 -3.95093e-20 -1.13151e-28 -2.61262e-21 -8.12916e-29  1.44847e-21  3.23561e-30  4.27851e-22 -2.00054e-29  3.46661e-23  1.58725e-29 -6.50188e-24 -2.67514e-30 -2.08523e-24 -4.18969e-31 -2.21803e-25  7.72171e-32 -7.37595e-28  1.81417e-32  2.62155e-27  2.41586e-34  3.21674e-28 -7.83268e-34  1.62071e-29 -2.56409e-35  2.99652e-32  1.11316e-35 -3.49415e-32  3.65112e-37  -1.3767e-33 -3.55163e-38 -1.27471e-35
   5.562e-24  2.31299e-35  -4.9979e-22 -5.76114e-34  1.77464e-20  9.59855e-33 -3.85189e-19 -1.27839e-31   5.9052e-18  1.26345e-30 -6.87942e-17 -8.90258e-30  6.36305e-16  4.20618e-29 -4.80935e-15 -9.07406e-29  3.03028e-14 -4.94898e-28 -1.61451e-13  6.95738e-27  7.34856e-13 -4.73623e-26 -2.87815e-12  2.38488e-25  9.74689e-12 -9.77772e-25 -2.86182e-11  3.39192e-24  7.29064e-11 -1.01407e-23 -1.60937e-10  2.63483e-23  3.06689e-10 -5.95944e-23 -5.01104e-10  1.16763e-22  6.94111e-10 -1.95418e-22 -7.99927e-10  2.70519e-22  7.41939e-10  -2.8473e-22 -5.17123e-10  1.58046e-22  2.21529e-10  1.70395e-22  6.41617e-12 -6.77375e-22 -8.83409e-11  1.20916e-21    5.643e-11 -1.50839e-21 -1.54667e-12  1.33336e-21  -1.7913e-11  -6.1377e-22  7.65513e-12 -4.66139e-22  2.88651e-12  1.53591e-21 -2.93373e-12 -2.22898e-21 -2.05421e-13  2.36803e-21  7.81368e-13  -2.0236e-21 -1.93416e-14  1.42729e-21 -1.77399e-13    -8.25e-22  3.94968e-15  3.72011e-22    3.572e-14 -1.09883e-22  1.89777e-15  1.03253e-24 -6.01514e-15  2.08548e-23 -1.09522e-15 -1.21058e-23  7.24879e-16  2.54271e-24  2.76069e-16  7.45666e-25 -3.77018e-17 -5.92297e-25 -3.90603e-17  6.18098e-26 -4.53243e-18  5.78757e-26  2.59599e-18 -1.48619e-26  9.63653e-19 -5.64003e-27  3.13564e-20  2.45671e-27 -5.47038e-20  2.37935e-28 -1.40975e-20 -1.57001e-28 -4.67201e-22 -5.63941e-30  4.80006e-22 -2.70416e-29  1.13664e-22  2.06636e-29  8.05529e-24 -2.72905e-30 -1.20538e-24 -6.70466e-31 -3.46259e-25  9.01127e-32  -3.3843e-26  2.14664e-32 -7.02199e-28 -6.46707e-35  1.79551e-28 -6.27188e-34  2.00332e-29 -1.87193e-35  8.67495e-31  6.53511e-36  1.09324e-32  1.97232e-37  -2.1656e-34  -1.0741e-38
-8.98125e-36  1.41605e-22  3.18977e-34 -7.26711e-21 -5.94772e-33  1.97625e-19  9.02876e-32 -3.58261e-18 -1.06805e-30  4.78406e-17  9.31852e-30 -4.97585e-16 -5.86317e-29  4.17565e-15  2.50595e-28  -2.8956e-14 -4.94898e-28  1.68743e-13 -2.49503e-27 -8.36459e-13  3.26752e-26  3.55766e-12   -2.085e-25 -1.30616e-11  9.89021e-25  4.15525e-11 -3.83541e-24 -1.14748e-10  1.26278e-23  2.75019e-10 -3.59354e-23 -5.70747e-10  8.91045e-23  1.02055e-09 -1.92802e-22 -1.55896e-09  3.62326e-22  2.00622e-09 -5.83531e-22  -2.1243e-09  7.81469e-22  1.77122e-09 -8.05935e-22 -1.05091e-09  4.69841e-22  2.95849e-10  3.42171e-22  1.59377e-10   -1.535e-21 -2.26315e-10  2.73662e-21  8.49672e-11 -3.40425e-21  3.19722e-11  3.09838e-21 -4.21005e-11 -1.77022e-21  5.66581e-12 -1.50587e-22  1.07807e-11  1.96269e-21 -4.11947e-12 -3.06777e-21 -2.15849e-12  3.25514e-21  1.29706e-12 -2.72095e-21  4.23221e-13  1.86333e-21 -3.00448e-13 -1.04141e-21 -9.38349e-14  4.49252e-22  5.38842e-14 -1.19934e-22  2.18145e-14 -9.20542e-24  -6.6108e-15  2.95182e-23  -4.3557e-15  -1.4786e-23  2.42165e-16  2.13636e-24  6.20426e-16  1.40477e-24  9.34048e-17 -7.69353e-25 -4.82901e-17  3.12651e-26 -1.98015e-17  7.64581e-26  -1.9589e-19  -8.0082e-27  1.51262e-18 -1.10321e-26  3.61312e-19  2.79413e-27 -9.47113e-21  6.90905e-28 -2.11493e-20 -2.18031e-28 -4.17521e-21 -2.17367e-29 -6.46433e-23 -3.57968e-29  1.20337e-22  2.54345e-29  2.40992e-23 -2.52201e-30  1.61664e-24 -9.05277e-31 -1.44709e-25  9.39647e-32 -4.05079e-26  2.25212e-32 -3.59068e-27 -3.16161e-34 -1.09246e-28 -4.35023e-34  5.68791e-30 -1.09135e-35  5.98698e-31   3.1677e-36  1.73142e-32  8.03257e-38  1.18123e-34
-2.68557e-23 -1.54867e-34  2.43858e-21  3.47983e-33 -8.75397e-20 -5.66068e-32   1.9219e-18  7.71483e-31  -2.9818e-17 -8.07452e-30   3.5174e-16  6.25064e-29 -3.29623e-15 -3.53287e-28  2.52577e-14  1.37372e-27 -1.61451e-13 -2.49503e-27    8.733e-13 -1.16698e-26 -4.03868e-12  1.42776e-25  1.60859e-11 -8.55858e-25 -5.54522e-11  3.83094e-24  1.65919e-10 -1.40705e-23 -4.31294e-10  4.40098e-23  9.72911e-10 -1.19289e-22  -1.8981e-09  2.82382e-22  3.18247e-09 -5.84589e-22 -4.53778e-09  1.05349e-21   5.4081e-09 -1.63166e-21 -5.22749e-09  2.11122e-21  3.85916e-09 -2.12712e-21 -1.84981e-09  1.27998e-21   1.4608e-10  6.06621e-22  5.94488e-10 -3.22155e-21  -4.6317e-10  5.71614e-21  6.35608e-11 -7.01827e-21   1.2462e-10  6.40527e-21 -7.26641e-11 -3.97557e-21 -1.33598e-11  6.56617e-22  2.48974e-11  2.29898e-21  -1.5397e-12 -3.98598e-21 -6.30238e-12  4.22505e-21  1.01006e-12 -3.44939e-21  1.42024e-12  2.29476e-21 -2.32465e-13 -1.24487e-21  -2.9922e-13    5.168e-22  2.44126e-14   -1.239e-22  5.57854e-14 -2.29194e-23  3.04398e-15  3.93493e-23 -8.04675e-15 -1.72527e-23 -1.81025e-15  1.32723e-24  6.87782e-16  2.18011e-24  3.50948e-16 -9.07581e-25  2.87745e-18 -2.80919e-26 -3.25985e-17  9.41678e-26 -7.67259e-18  3.96413e-27  6.76216e-19 -1.76908e-26   6.6092e-19  2.96339e-27  1.11347e-19  1.21077e-27 -7.96931e-21 -2.53622e-28 -6.40131e-21 -4.38559e-29 -1.03004e-21 -4.54227e-29 -1.17007e-23  2.93845e-29  2.24239e-23 -2.04993e-30  3.93055e-24 -1.07371e-30  2.57791e-25  8.73568e-32 -9.06319e-27  2.10311e-32  -3.0271e-27 -4.77938e-34 -2.33215e-28 -2.52776e-34 -7.17128e-30 -4.40401e-36   2.2304e-32   1.2001e-36  4.98903e-33  2.15826e-38
 6.23089e-35    -6.33e-22 -1.91715e-33  3.28438e-20  3.31713e-32  -9.0347e-19 -4.89974e-31  1.65759e-17  5.98203e-30  -2.2414e-16 -5.54539e-29  2.36205e-15   3.8306e-28 -2.00962e-14 -1.95658e-27   1.4138e-13  6.95738e-27 -8.36459e-13 -1.16698e-26  4.21282e-12  -5.0804e-26  -1.8221e-11  5.82159e-25  6.80921e-11  -3.2848e-24 -2.20722e-10  1.38958e-23  6.21821e-10 -4.83938e-23 -1.52254e-09  1.43922e-22  3.23338e-09 -3.71778e-22 -5.92865e-09   8.4045e-22  9.31187e-09  -1.6647e-21 -1.23677e-08  2.87587e-21  1.35938e-08 -4.28021e-21 -1.18895e-08  5.34272e-21  7.59159e-09 -5.24064e-21 -2.62625e-09  3.20198e-21 -7.30548e-10  9.42003e-22   1.5498e-09 -6.32048e-21 -7.41438e-10  1.11232e-20 -1.29283e-10 -1.33824e-20  3.08157e-10   1.2058e-20 -7.88283e-11 -7.69776e-21 -6.85088e-11  2.15784e-21  3.98013e-11  2.46042e-21  1.12314e-11 -4.90642e-21 -1.17645e-11  5.18033e-21 -1.78962e-12 -4.11803e-21  2.75846e-12   2.6641e-21  4.08006e-13 -1.41216e-21 -5.35855e-13  5.70045e-22 -1.19648e-13 -1.22326e-22  7.99864e-14 -3.93959e-23  3.02462e-14  4.99432e-23 -7.00118e-15 -1.92941e-23 -5.36829e-15  8.87879e-26 -1.85811e-16   3.0246e-24  5.64351e-16 -9.84088e-25  1.42425e-16 -1.14961e-25 -1.90597e-17  1.08701e-25 -1.58814e-17  2.05818e-26 -2.31094e-18 -2.51627e-26  4.59735e-19  2.96481e-27  2.28643e-19  1.74839e-27  2.88841e-20 -2.59343e-28 -2.86808e-21 -6.90612e-29 -1.51948e-21 -5.47392e-29  -2.0886e-22  3.17644e-29 -3.57597e-24 -1.37095e-30  2.96483e-24 -1.13965e-30  4.64413e-25  7.21046e-32  2.91679e-26  1.73966e-32 -7.17496e-30 -5.40215e-34 -1.22101e-28 -1.13636e-34 -7.48757e-30 -5.06825e-37 -1.63293e-31  3.17155e-37 -6.08129e-34
 1.10191e-22  9.49266e-34 -1.01166e-20 -1.89461e-32  3.67374e-19  2.85624e-31 -8.16325e-18  -3.8709e-30  1.28256e-16  4.21815e-29   -1.533e-15 -3.47462e-28  1.45655e-14  2.15447e-27 -1.13234e-13 -1.00012e-26  7.34856e-13  3.26752e-26 -4.03868e-12  -5.0804e-26  1.89929e-11 -2.06466e-25 -7.69963e-11  2.22096e-24  2.70431e-10 -1.18169e-23 -8.25368e-10  4.73095e-23  2.19134e-09 -1.56393e-22 -5.05667e-09  4.42573e-22  1.01107e-08 -1.09012e-21  -1.7415e-08  2.35397e-21  2.55899e-08 -4.46087e-21 -3.15729e-08  7.38483e-21  3.18301e-08 -1.05528e-20 -2.48764e-08  1.26866e-20  1.32056e-08 -1.20722e-20 -2.28791e-09  7.38321e-21 -3.30022e-09  1.25262e-21  3.21755e-09 -1.16788e-20 -7.83817e-10   2.0302e-20 -7.02022e-10 -2.37959e-20  5.66435e-10  2.09445e-20  1.60966e-11 -1.33528e-20 -1.74174e-10  4.46904e-21   3.4741e-11  2.40938e-21  4.10867e-11 -5.74622e-21  -1.3424e-11  5.99454e-21 -9.00672e-12 -4.61432e-21  3.17442e-12  2.90879e-21  1.97417e-12 -1.52382e-21 -5.05346e-13  6.08161e-22 -4.08583e-13 -1.17086e-22  3.58222e-14 -5.77722e-23  6.92704e-14  6.09011e-23  6.56649e-15 -2.07238e-23 -7.88316e-15 -1.56098e-24   -2.382e-15  3.87785e-24   3.4308e-16 -9.86195e-25  3.08231e-16 -2.22684e-25  4.06342e-17  1.18948e-25  -1.4327e-17   4.0302e-26 -6.06341e-18 -3.29547e-26 -5.43388e-19  2.86994e-27    1.862e-19  2.25127e-27  6.37999e-20 -2.36974e-28  6.43941e-21 -9.33537e-29 -6.59011e-22 -6.25472e-29 -2.77275e-22  3.20857e-29 -3.35795e-23 -5.93451e-31 -9.05494e-25 -1.09219e-30  2.55165e-25  5.23324e-32  3.62467e-26  1.25709e-32  2.03636e-27 -5.15167e-34  3.06358e-29  -2.9534e-35 -1.85636e-30  8.76997e-37 -7.12728e-32  4.19299e-38
-3.30767e-34  2.41412e-21  1.04481e-32 -1.26719e-19   -1.621e-31  3.52824e-18   2.2572e-30 -6.55567e-17 -2.79484e-29  8.98265e-16  2.71304e-28 -9.59814e-15 -1.99486e-27   8.2853e-14  1.11681e-26 -5.91807e-13 -4.73623e-26  3.55766e-12  1.42776e-25  -1.8221e-11 -2.06466e-25  8.02119e-11 -7.85346e-25 -3.05391e-10  7.94689e-24  1.00966e-09 -3.99352e-23 -2.90474e-09  1.51501e-22  7.27359e-09 -4.75842e-22 -1.58242e-08  1.28224e-21  2.97868e-08 -3.01291e-21 -4.81602e-08  6.21594e-21  6.60913e-08 -1.12691e-20 -7.54843e-08  1.78696e-20  6.92843e-08 -2.44951e-20 -4.74891e-08  2.83149e-20  1.94052e-08 -2.60479e-20  1.83218e-09   1.5753e-20 -8.97738e-09  1.35055e-21  5.38159e-09 -2.04512e-20  9.15686e-11  3.49365e-20 -1.88362e-09 -3.96896e-20  7.40872e-10  3.38497e-20  3.37274e-10 -2.11397e-20   -3.084e-10  7.51538e-21 -3.18793e-11  2.20452e-21  8.63354e-11 -6.43786e-21   -8.476e-15  6.52626e-21  -2.0315e-11 -4.81796e-21  1.64678e-14  2.97195e-21  4.19602e-12   -1.569e-21  3.07367e-13  6.34546e-22 -7.17713e-13 -1.10679e-22 -1.46339e-13 -7.73429e-23  8.63152e-14  7.18398e-23  3.57553e-14 -2.13877e-23 -4.03337e-15 -3.54437e-24 -4.97017e-15  4.66998e-24 -6.67546e-16 -9.15845e-25  3.12708e-16 -3.40576e-25  1.27545e-16  1.25979e-25  6.72685e-18  6.07346e-26 -6.61664e-18 -4.06465e-26 -1.87867e-18  2.78817e-27  -1.0126e-19  2.67373e-27  5.40221e-20 -1.91975e-28  1.43377e-20 -1.12577e-28  1.23907e-21 -6.79108e-29 -9.89954e-23  3.02549e-29 -3.73067e-23  1.52071e-31 -4.02158e-24 -9.48297e-31 -1.40627e-25  3.27221e-32  1.20656e-26  7.70446e-33  1.60947e-27 -4.29603e-34  7.08729e-29  7.08681e-36  1.05129e-30  7.90817e-37   -2.487e-33
-3.86771e-22 -4.98762e-33  3.59259e-20  9.28205e-32  -1.3206e-18 -1.25483e-30  2.97203e-17  1.64564e-29 -4.73202e-16  -1.8459e-28  5.73527e-15  1.59716e-27 -5.52921e-14 -1.05374e-26  4.36454e-13  5.35608e-26 -2.87815e-12   -2.085e-25  1.60859e-11  5.82159e-25 -7.69963e-11 -7.85346e-25  3.18006e-10  -2.8026e-24 -1.13912e-09   2.6727e-23  3.54993e-09 -1.27039e-22 -9.63682e-09  4.57206e-22  2.27736e-08 -1.36559e-21 -4.67222e-08  3.50627e-21  8.27716e-08 -7.86278e-21 -1.25492e-07  1.55012e-20  1.60474e-07  -2.6882e-20 -1.68881e-07  4.08127e-20  1.39686e-07 -5.36166e-20 -8.14875e-08   5.9492e-20  2.10602e-08 -5.27323e-20  1.47562e-08  3.12055e-20 -1.90498e-08   1.0016e-21  6.72285e-09 -3.41176e-20  3.06874e-09  5.69121e-20  -3.6831e-09   -6.237e-20  4.14349e-10  5.11959e-20  1.00186e-09 -3.08599e-20  -3.6308e-10  1.09397e-20 -2.10862e-10   2.0367e-21  1.21036e-10 -6.94659e-21  4.29274e-11  6.63664e-21  -2.9138e-11  -4.6185e-21 -9.73427e-12  2.81373e-21  5.37636e-12  -1.5487e-21  2.29985e-12  6.55895e-22 -6.68459e-13 -1.05185e-22 -4.66281e-13  -9.7722e-23  2.14059e-14  8.23143e-23  6.70705e-14 -2.11717e-23  1.08615e-14 -5.70722e-24 -5.14663e-15  5.32833e-24 -2.23462e-15 -7.91958e-25 -5.23583e-17  -4.5655e-25  1.64706e-16  1.33395e-25  4.19902e-17  7.91727e-26 -2.91133e-19 -4.79323e-26 -2.25601e-18  2.80751e-27 -4.80046e-19  2.98229e-27 -1.61956e-20 -1.30398e-28  1.16117e-20 -1.23299e-28  2.54452e-21 -7.02931e-29  1.99348e-22  2.65945e-29 -8.69227e-24  7.47768e-31 -3.45144e-24 -7.45652e-31 -3.26382e-25  1.68306e-32  -1.2119e-26  3.73274e-33  1.89588e-28 -3.15953e-34   3.0496e-29  1.40788e-35  7.47062e-31  3.22809e-37
 1.69676e-33 -7.89723e-21 -5.11087e-32  4.19648e-19  7.11284e-31 -1.18351e-17 -8.98993e-30  2.22868e-16   1.1069e-28 -3.09682e-15 -1.11697e-27  3.35785e-14  8.63739e-27 -2.94336e-13 -5.14106e-26  2.13645e-12  2.38488e-25 -1.30616e-11 -8.55858e-25  6.80921e-11  2.22096e-24 -3.05391e-10  -2.8026e-24   1.1858e-09 -9.40323e-24 -4.00279e-09  8.46539e-23   1.1773e-08 -3.81103e-22 -3.01832e-08  1.30252e-21  6.73507e-08 -3.70263e-21 -1.30311e-07  9.06392e-21  2.17155e-07 -1.94057e-20 -3.08298e-07  3.65637e-20  3.66286e-07 -6.06461e-20 -3.53023e-07  8.81108e-20  2.59247e-07 -1.10828e-19  -1.2197e-07   1.1784e-19  5.80973e-09 -1.00313e-19   4.3831e-08  5.75473e-20 -3.30224e-08  9.16503e-23  3.91203e-09 -5.44499e-20  9.55042e-09  8.80419e-20 -5.41873e-09 -9.26647e-20 -1.12408e-09  7.27726e-20  1.95997e-09 -4.17847e-20 -1.05934e-10  1.40666e-20 -5.16227e-10  2.23135e-21  8.15052e-11 -7.27678e-21  1.20272e-10  6.20659e-21  -1.9759e-11  -3.9337e-21 -2.61339e-11  2.42094e-21  2.16223e-12 -1.47651e-21    5.021e-12  6.80013e-22   2.7693e-13 -1.01252e-22  -7.4433e-13 -1.18744e-22 -1.70012e-13  9.16822e-23  6.47527e-14 -2.00239e-23  3.36428e-14 -7.80942e-24  4.14902e-16  5.78903e-24 -3.13642e-15 -6.49587e-25 -7.61978e-16 -5.60375e-25  5.82764e-17   1.4666e-25  6.37854e-17  9.32928e-26  1.13081e-17 -5.45709e-26 -5.91005e-19  2.93985e-27 -5.94691e-19  3.15529e-27 -1.01356e-19 -5.72808e-29 -2.68437e-21 -1.23531e-28  1.82125e-21 -6.95305e-29  3.42549e-22  2.17474e-29  2.48927e-23  1.11827e-30 -2.46807e-25 -5.29018e-31 -1.95656e-25  6.20799e-33 -1.55016e-26  1.10895e-33 -4.91127e-28  -2.0358e-34 -2.35471e-30  9.11429e-36  1.00673e-31
