 1.38312e-33  5.71613e-36  5.36104e-34 -2.50382e-35 -2.23604e-34 -8.39933e-36  1.47809e-33 -1.71035e-35 -7.05846e-34 -2.64893e-36 -1.07351e-35  3.00893e-35  2.72375e-34 -6.20279e-36 -4.39833e-34 -5.47113e-36   2.4206e-33  1.13959e-36 -1.84338e-32 -1.71302e-36  1.27174e-31   2.8752e-37 -7.66782e-31 -2.10593e-37  4.05657e-30 -1.56022e-37 -1.89318e-29 -1.13053e-37  7.82326e-29 -1.55174e-37 -2.86979e-28  1.16146e-37  9.35881e-28 -3.40314e-37 -2.71455e-27  1.35752e-36  6.99897e-27 -4.94989e-36 -1.60135e-26   1.6513e-35  3.24154e-26 -5.03945e-35 -5.77845e-26  1.41241e-34  9.00944e-26 -3.63611e-34 -1.21634e-25  8.59981e-34  1.40056e-25 -1.86829e-33  -1.3422e-25  3.72595e-33  1.02401e-25 -6.81334e-33 -5.61894e-26  1.14026e-32  1.47402e-26 -1.74145e-32  7.74237e-27  2.41631e-32 -1.07151e-26 -3.02458e-32  4.40091e-27  3.37495e-32  8.22558e-28 -3.28313e-32 -1.67039e-27  2.65072e-32  4.56126e-28 -1.52801e-32  2.74469e-28  1.22449e-33 -1.86879e-28  1.26159e-32 -2.03972e-29  -2.3282e-32  4.29162e-29  2.89085e-32  -1.3387e-30 -2.92272e-32 -7.68024e-30  2.53972e-32  5.53042e-31 -1.93455e-32  1.17742e-30  1.29881e-32 -5.23621e-32 -7.66393e-33 -1.52676e-31  3.93782e-33  -5.0871e-33 -1.73436e-33  1.54043e-32  6.39573e-34  2.11592e-33 -1.90767e-34 -9.93286e-34   4.3788e-35 -2.85131e-34 -7.35029e-36  2.34632e-35  1.06488e-36  1.82455e-35 -3.09123e-37  1.60356e-36  1.27985e-37 -4.66323e-37 -3.32842e-38 -1.13256e-37  3.25271e-39 -3.04851e-39  6.95238e-40  1.75105e-39 -2.75806e-40  2.42795e-40  3.57741e-41  4.94623e-42 -1.27077e-42 -1.27841e-42 -1.23854e-43 -1.03062e-43  7.59133e-45 -1.92491e-45   2.8589e-46  3.82417e-47 -1.01728e-47
 5.71613e-36  4.10585e-33  2.97827e-35 -3.16154e-34 -7.95463e-35 -1.75634e-33 -4.20576e-35  2.20175e-33 -4.88245e-35 -1.14916e-33 -1.27958e-36  1.77708e-34  5.70514e-35  1.41259e-33   2.7564e-36 -1.07514e-32 -1.10439e-35  9.05262e-32  1.43694e-36 -6.72062e-31 -4.68133e-36  4.34198e-30  6.74988e-37 -2.45519e-29  -1.1821e-36  1.22196e-28 -5.36003e-38 -5.37662e-28  -2.0148e-37  2.09792e-27 -6.55091e-37 -7.27398e-27  1.50147e-36  2.24327e-26 -5.99028e-36  -6.1532e-26  2.30552e-35  1.49952e-25 -8.07106e-35 -3.23916e-25  2.59093e-34    6.179e-25 -7.62951e-34 -1.03508e-24  2.06359e-33  1.51021e-24 -5.12884e-33 -1.89595e-24  1.17157e-32  2.00979e-24 -2.45928e-32 -1.74235e-24  4.74147e-32  1.15927e-24  -8.3882e-32 -4.96221e-25  1.35961e-31   1.7082e-26 -2.01448e-31  1.60557e-25  2.71915e-31 -1.17051e-25 -3.32642e-31  1.99212e-26  3.65758e-31  2.46999e-26 -3.56346e-31 -1.66764e-26   2.9916e-31 -3.17051e-28 -2.02468e-31  4.28686e-27  8.64249e-32 -1.01028e-27  2.37631e-32 -7.42136e-28 -1.06679e-31    3.178e-28  1.51277e-31  1.07945e-28 -1.58546e-31 -6.26667e-29  1.38458e-31 -1.57997e-29 -1.04591e-31  9.19636e-30  6.91256e-32  2.45267e-30 -3.99167e-32 -9.76796e-31  1.99317e-32 -3.51034e-31 -8.44389e-33   6.1474e-32  2.94404e-33  3.77483e-32 -8.03566e-34  6.58186e-35   1.5657e-34  -2.5459e-33 -1.78653e-35 -3.57075e-34  1.18039e-36  7.39751e-35  -8.6707e-37  2.56102e-35  5.32117e-37   1.0129e-36 -1.45638e-37 -5.76934e-37  1.50395e-38 -9.45248e-38  2.04282e-39 -1.40011e-39  -8.1377e-40  1.03894e-39  8.79899e-41  1.04582e-40 -1.05229e-42   1.9187e-42 -4.18383e-43 -2.27667e-43  1.47451e-44 -1.09957e-44  5.85232e-46 -7.48241e-47
 5.36104e-34  2.97827e-35  7.40218e-33  8.70835e-35 -1.68861e-33 -1.55121e-34 -3.74324e-33 -1.06376e-34  2.27624e-33 -7.61416e-35 -1.26421e-33 -5.26367e-36 -2.25844e-33  7.11421e-35  3.22642e-32  2.87768e-35 -2.99688e-31 -1.22403e-35  2.40327e-30   2.4365e-36 -1.66772e-29 -8.65283e-36  1.00932e-28  7.12978e-37 -5.36278e-28 -2.75155e-36  2.51424e-27  3.47574e-37 -1.04398e-26  4.00643e-37  3.84913e-26 -4.64071e-36 -1.26202e-25  1.79777e-35  3.68138e-25 -7.20733e-35 -9.54916e-25  2.66207e-34   2.1989e-24 -8.98797e-34 -4.48175e-24  2.78315e-33  8.04835e-24 -7.91067e-33 -1.26491e-23  2.06559e-32  1.72275e-23 -4.95689e-32 -2.00319e-23  1.09339e-31  1.94165e-23 -2.21655e-31 -1.50241e-23   4.1277e-31  8.41792e-24 -7.05511e-31 -2.34182e-24  1.10535e-30 -1.06321e-24 -1.58442e-30  1.59848e-24  2.07217e-30 -6.94802e-25 -2.46269e-30 -1.02312e-25  2.64332e-30  2.53803e-25 -2.53683e-30 -7.67752e-26  2.13817e-30 -3.95745e-26 -1.52482e-30  3.00712e-26  8.32018e-31  2.21948e-27 -2.03816e-31 -6.82148e-27   -2.554e-31  4.33207e-28  5.06535e-31   1.2195e-27 -5.71488e-31 -1.29649e-28  5.08576e-31 -1.88922e-28 -3.84008e-31  1.47504e-29  2.51384e-31  2.51809e-29 -1.42832e-31  5.97483e-32  6.96347e-32 -2.64612e-30 -2.84689e-32 -2.89778e-31  9.38632e-33  1.84343e-31 -2.32091e-33  4.53435e-32  3.59795e-34  -5.4112e-33 -1.06228e-35 -3.21415e-33 -6.02972e-36 -2.15512e-34 -1.46009e-36  9.27471e-35  1.53387e-36  1.94521e-35 -4.20748e-37  2.26469e-37   4.1247e-38 -3.50019e-37  4.76833e-39  -4.2267e-38  -1.7037e-39 -4.22727e-40  1.47794e-40   2.6406e-40  1.47481e-42  1.90102e-41 -7.87331e-43    2.779e-43  1.77843e-44 -8.38079e-45  5.18705e-46
-2.50382e-35 -3.16154e-34  8.70835e-35  1.09889e-32  1.75627e-34 -2.53069e-33 -2.22169e-34 -5.14633e-33  -1.7936e-34  1.57475e-33 -7.02661e-35   4.4643e-33 -2.29663e-35 -7.47285e-32  6.46753e-35  7.72618e-31  6.27186e-35 -6.70947e-30 -7.86731e-36  5.01172e-29  5.69148e-36 -3.25174e-28 -1.24472e-35  1.84667e-27 -2.78515e-37 -9.23312e-27 -4.08711e-36  4.08218e-26 -2.43545e-37 -1.60096e-25  8.20496e-36  5.58076e-25 -4.18734e-35 -1.73089e-24  1.75066e-34  4.77642e-24 -6.80685e-34 -1.17147e-23  2.42412e-33  2.54787e-23 -7.90496e-33 -4.89596e-23  2.36436e-32   8.2665e-23 -6.49204e-32 -1.21653e-22   1.6375e-31  1.54188e-22 -3.79553e-31 -1.65225e-22  8.08522e-31  1.45102e-22 -1.58258e-30 -9.82127e-23  2.84506e-30  4.33528e-23 -4.69386e-30 -2.60444e-24  7.09864e-30 -1.33135e-23  -9.8244e-30  1.02281e-23   1.2414e-29 -1.99615e-24 -1.42744e-29 -2.04981e-24  1.48642e-29  1.50286e-24 -1.39128e-29 -2.07523e-26  1.15597e-29 -3.75959e-25 -8.32717e-30  1.02108e-25   4.9288e-30  6.30703e-26 -2.00994e-30 -3.09049e-26 -4.78993e-32 -8.82621e-27  1.17887e-30  6.09884e-27 -1.55278e-30  1.26921e-27  1.44018e-30 -9.12885e-28 -1.09957e-30 -2.04126e-28  7.19206e-31   1.0148e-28 -4.05117e-31  3.10701e-29  1.94073e-31 -7.09312e-30 -7.69338e-32 -3.57725e-30  2.40223e-32  1.04037e-31 -5.32372e-33  2.58998e-31  5.80438e-34  3.02095e-32  7.76247e-35 -8.68148e-33 -3.49549e-35 -2.52654e-33 -1.53321e-36 -5.03995e-35  3.56325e-36  6.45686e-35 -9.40202e-37  9.33089e-36  8.20314e-38  -1.1667e-38  9.74557e-39   -1.189e-37 -2.86265e-39 -1.06283e-38  1.94194e-40 -1.14897e-40  5.36927e-42   2.8006e-41 -1.00449e-42  1.19017e-42  1.51776e-44  7.71514e-45
-2.23604e-34 -7.95463e-35 -1.68861e-33  1.75627e-34  1.42039e-32  2.68505e-34 -2.68271e-33 -2.56757e-34 -4.90577e-33 -2.21623e-34 -9.11423e-33 -2.38982e-35  1.44973e-31 -5.05186e-35 -1.64196e-30  4.04746e-35  1.54894e-29  9.05695e-35 -1.24846e-28 -1.23091e-36  8.70029e-28  1.19455e-35 -5.28846e-27 -1.47991e-35  2.82279e-26 -3.11932e-36 -1.32981e-25 -2.55638e-36  5.54988e-25 -1.27296e-35 -2.05724e-24  7.57268e-35  6.78345e-24 -3.46257e-34 -1.99071e-23   1.4238e-33  5.19676e-23 -5.35961e-33 -1.20483e-22  1.84605e-32  2.47356e-22 -5.82413e-32 -4.47689e-22  1.68508e-31  7.09598e-22 -4.47474e-31 -9.75478e-22  1.09122e-30  1.14617e-21 -2.44442e-30  -1.1245e-21  5.03017e-30  8.83326e-22  -9.5069e-30  -5.0603e-22  1.64947e-29  1.49444e-22 -2.62523e-29  5.73977e-23  3.82858e-29 -9.53999e-23 -5.10855e-29  4.40294e-23  6.22374e-29  4.68718e-24  -6.9034e-29 -1.54149e-23  6.94368e-29  5.17495e-24 -6.29609e-29   2.2484e-24  5.09905e-29  -1.9383e-24 -3.62977e-29 -7.08476e-26  2.19861e-29  4.33294e-25 -1.04117e-29 -4.30656e-26  2.60355e-30 -7.71721e-26  1.64639e-30  1.12247e-26 -3.25574e-30  1.20729e-26  3.28259e-30 -1.41279e-27 -2.58144e-30 -1.65381e-27  1.70922e-30  5.32989e-29 -9.64741e-31  1.81646e-28  4.58053e-31    1.433e-29 -1.77186e-31  -1.3592e-29  5.25553e-32 -2.84073e-30 -1.03285e-32  4.79891e-31  5.77723e-34  2.24674e-31  3.63919e-34  9.99895e-33 -1.06832e-34 -7.31388e-33 -6.99136e-37   -1.328e-33  7.07285e-36  1.09869e-35 -1.73225e-36  2.76367e-35  1.27545e-37  2.91712e-36  1.73015e-38 -9.01398e-39 -4.00163e-39 -2.17321e-38  2.10884e-40 -1.38718e-39  7.96677e-42 -1.48572e-41  -9.1912e-43  7.89565e-43  8.70935e-45
-8.39933e-36 -1.75634e-33 -1.55121e-34 -2.53069e-33  2.68505e-34  1.61066e-32  3.28598e-34  -3.3088e-33 -2.55595e-34  1.07966e-32 -2.03584e-34 -2.39259e-31  3.96757e-35  2.96602e-30  -7.3841e-35 -3.04898e-29  7.83132e-36  2.65914e-28  1.03122e-34 -1.99461e-27   3.5781e-36   1.2998e-26  2.02864e-35  -7.4155e-26 -1.47205e-35  3.72558e-25 -1.04024e-35 -1.65556e-24  1.64372e-35  6.52777e-24 -1.13123e-34 -2.28845e-23  5.64348e-34  7.14043e-23 -2.48294e-33   -1.983e-22  9.93601e-33  4.89658e-22 -3.63037e-32  -1.0727e-21  1.21292e-31  2.07733e-21 -3.71037e-31 -3.53692e-21  1.04033e-30  5.25283e-21 -2.67561e-30 -6.72543e-21  6.31523e-30  7.29044e-21 -1.36828e-29 -6.49129e-21  2.72137e-29  4.47456e-21 -4.96732e-29 -2.03998e-21  8.31716e-29  1.77648e-22 -1.27652e-28  5.89918e-22    1.794e-28 -4.80443e-22 -2.30539e-28  1.06784e-22  2.70375e-28  9.04805e-23 -2.88648e-28 -7.27888e-23  2.79525e-28  3.54768e-24  -2.4433e-28   1.7638e-23  1.91373e-28 -5.51771e-24 -1.32781e-28 -2.83934e-24  7.99312e-29  1.61264e-24 -3.98598e-29  3.75067e-25  1.42004e-29 -3.18268e-25 -5.75544e-31 -5.21518e-26 -4.97005e-30  4.85667e-26  6.02809e-30   8.7646e-27 -5.05209e-30 -5.63466e-27  3.45962e-30 -1.44546e-27 -1.98803e-30   4.3203e-28  9.46366e-31  1.80013e-28 -3.60074e-31 -1.17579e-29  1.01918e-31 -1.41106e-29 -1.75945e-32 -1.28144e-30  -8.2371e-35  5.37762e-31  1.00402e-33  1.32491e-31 -2.42398e-34 -4.33973e-34  4.41886e-37 -3.86738e-33  1.23252e-35 -4.84816e-34 -2.71576e-36  1.02072e-35  1.59453e-37  7.27943e-36   2.6201e-38  5.71464e-37 -4.69729e-39  7.64069e-40  1.96483e-40  -1.8348e-39  7.26186e-42 -6.87302e-41 -5.98061e-43 -3.66965e-43
 1.47809e-33 -4.20576e-35 -3.74324e-33 -2.22169e-34 -2.68271e-33  3.28598e-34  1.72626e-32  3.32283e-34 -2.23187e-32 -2.29567e-34  3.35499e-31 -1.25214e-34 -4.63421e-30  8.81382e-35  5.21291e-29 -8.15971e-35 -4.93535e-28 -2.36566e-35  3.99444e-27  9.92411e-35  -2.7958e-26  4.94673e-36  1.70723e-25  2.81327e-35 -9.15665e-25  -1.0007e-35  4.33567e-24 -3.69578e-35 -1.81921e-23  1.39967e-34   6.7818e-23 -7.55965e-34 -2.24965e-22  3.60229e-33  6.64404e-22 -1.54776e-32 -1.74618e-21  6.04726e-32  4.07759e-21 -2.15372e-31 -8.43615e-21  7.00501e-31  1.53956e-20 -2.08371e-30 -2.46228e-20  5.67488e-30  3.41851e-20 -1.41614e-29 -4.06151e-20  3.23969e-29  4.03638e-20 -6.79609e-29 -3.22194e-20   1.3073e-28  1.88961e-20 -2.30543e-28 -5.92795e-21  3.72557e-28 -1.87271e-21 -5.51295e-28  3.52464e-21  7.46265e-28 -1.73308e-21 -9.22845e-28 -1.12058e-22  1.04064e-27  5.78859e-22 -1.06746e-27 -2.16127e-22   9.9276e-28 -7.74285e-23 -8.33374e-28  7.74159e-23   6.2756e-28 -2.20016e-25  -4.2021e-28 -1.70036e-23    2.468e-28  2.37266e-24 -1.23958e-28  3.00721e-24  4.99142e-29 -5.73961e-25 -1.21424e-29 -4.74359e-25 -3.71948e-30  7.72422e-26  8.42419e-30  6.68287e-26 -8.15255e-30 -4.81033e-27  6.01206e-30 -7.69082e-27 -3.60666e-30 -3.49676e-28   1.7483e-30   6.1761e-28 -6.60493e-31  1.07095e-28  1.79432e-31 -2.54963e-29 -2.70202e-32 -9.63902e-30 -1.95166e-33 -1.82997e-31  2.14208e-33  3.54814e-31 -4.49676e-34  5.52309e-32 -2.25463e-37 -1.85971e-33  1.90966e-35 -1.34198e-33 -3.67852e-36 -1.22366e-34  1.59173e-37  2.48134e-36  3.34793e-38  1.10166e-36 -4.61505e-39  6.17175e-38  1.63223e-40  3.47135e-40  3.93549e-42 -4.41847e-41 -2.49079e-43
-1.71035e-35  2.20175e-33 -1.06376e-34 -5.14633e-33 -2.56757e-34  -3.3088e-33  3.32283e-34  3.71853e-32  2.80322e-34  -4.1882e-31 -1.93177e-34  6.32907e-30 -1.53101e-35 -7.83394e-29  1.06493e-34  8.08168e-28 -7.41974e-35 -7.07753e-27 -4.79997e-35    5.332e-26  8.33526e-35 -3.49061e-25  4.04378e-36  2.00106e-24  3.16735e-35 -1.01047e-23  9.25335e-36  4.51447e-23 -1.54286e-34 -1.79014e-22  7.97762e-34  6.31343e-22   -4.208e-33 -1.98245e-21  1.98261e-32  5.54274e-21 -8.41553e-32 -1.37849e-20  3.23554e-31  3.04305e-20 -1.13032e-30 -5.94159e-20   3.5967e-30  1.02065e-19 -1.04437e-29 -1.53057e-19  2.77107e-29  1.98085e-19 -6.72516e-29 -2.17373e-19  1.49382e-28  1.96399e-19 -3.03793e-28 -1.38026e-19  5.65691e-28   6.5084e-20  -9.6433e-28 -7.50551e-21  1.50432e-27 -1.75617e-20 -2.14603e-27  1.52679e-20  2.79708e-27 -3.84169e-21 -3.32648e-27 -2.66595e-21  3.60338e-27  2.38388e-21 -3.54683e-27 -2.04875e-22  3.16192e-27 -5.56406e-22 -2.54166e-27  2.00704e-22  1.83142e-27   8.4776e-23 -1.17407e-27 -5.67955e-23  6.63406e-28 -1.02361e-23 -3.26502e-28  1.12009e-23  1.37117e-28  1.33123e-24 -4.58709e-29 -1.74104e-24  7.51236e-30 -2.38233e-25  6.61823e-30  2.10416e-25 -1.01715e-29  4.39878e-26  8.88615e-30 -1.75221e-26 -5.81413e-30 -6.03258e-27  2.93129e-30  6.62799e-28 -1.11122e-30  5.16351e-28  2.91559e-31  3.23593e-29 -3.81688e-32 -2.22224e-29 -5.52281e-33 -4.62381e-30  3.83802e-33   1.4815e-31 -7.12637e-34  1.55499e-31 -5.91232e-36  1.65853e-32  2.64529e-35 -7.86795e-34 -4.32195e-36 -2.99289e-34  1.18335e-37 -2.03021e-35   3.5788e-38  2.23484e-37 -3.74336e-39  8.05511e-38  1.25523e-40  2.66183e-39  6.49918e-43  1.03603e-41
-7.05846e-34 -4.88245e-35  2.27624e-33  -1.7936e-34 -4.90577e-33 -2.55595e-34 -2.23187e-32  2.80322e-34  4.60249e-31  1.91382e-34 -7.61972e-30 -1.61363e-34  1.04288e-28  8.55099e-35 -1.17745e-27  1.03781e-34  1.11937e-26 -6.14649e-35 -9.09924e-26 -6.41524e-35  6.39805e-25  6.15332e-35 -3.92583e-24  2.02865e-36  2.11634e-23  3.00967e-35 -1.00748e-22  6.02227e-35  4.25131e-22 -5.68073e-34 -1.59435e-21  3.50156e-33  5.32237e-21 -1.92769e-32 -1.58248e-20  9.27953e-32  4.18882e-20 -3.96864e-31 -9.85622e-20  1.52221e-30  2.05583e-19 -5.26804e-30 -3.78487e-19  1.65196e-29  6.11127e-19 -4.70785e-29 -8.57402e-19  1.22193e-28  1.03074e-18 -2.89283e-28 -1.03847e-18  6.25288e-28  8.43152e-19 -1.23475e-27 -5.06881e-19   2.2281e-27  1.68964e-19 -3.67394e-27  4.22086e-20  5.53407e-27 -9.31667e-20 -7.61089e-27  4.89808e-20  9.54865e-27  1.07453e-21 -1.09156e-26 -1.55247e-20  1.13505e-26  6.46435e-21 -1.07103e-26  1.84978e-21  9.13948e-27 -2.21358e-21 -7.01939e-27  9.89885e-23  4.82131e-27  4.75917e-22 -2.93873e-27 -8.80446e-23   1.5777e-27 -8.32159e-23 -7.44152e-28  2.03617e-23  3.11987e-28  1.32045e-23 -1.19551e-28 -2.87986e-24  4.07819e-29 -1.91527e-24 -7.24541e-30  2.27663e-25 -7.15627e-30  2.31642e-25  1.07081e-29  1.92195e-27 -8.35114e-30  -1.9983e-26  4.51046e-30 -2.75708e-27 -1.73469e-30   9.4569e-28  4.42163e-31  2.92507e-28 -5.03489e-32 -3.26209e-30 -1.10143e-32 -1.22333e-29  6.00483e-33 -1.60242e-30 -9.87973e-34  1.08514e-31 -1.95023e-35  4.63241e-32  3.28158e-35  3.56068e-33 -4.37205e-36  -1.5728e-34  4.47314e-38 -3.96894e-35  3.15477e-38 -1.93102e-36 -2.43592e-39   1.9964e-39  9.00622e-41  1.76346e-39 -6.27974e-43
-2.64893e-36 -1.14916e-33 -7.61416e-35  1.57475e-33 -2.21623e-34  1.07966e-32 -2.29567e-34  -4.1882e-31  1.91382e-34  8.11215e-30  8.93603e-35   -1.236e-28 -1.47968e-34  1.53502e-27  1.45467e-34 -1.59012e-26  1.00823e-34  1.39863e-25 -5.35654e-35 -1.05854e-24 -7.58752e-35  6.96329e-24  4.15546e-35 -4.01222e-23 -1.75692e-35  2.03694e-22  9.93448e-35 -9.15211e-22 -1.15087e-34  3.65088e-21 -7.81596e-34 -1.29575e-20  9.54426e-33  4.09608e-20 -6.58249e-32  -1.1534e-19  3.51786e-31  2.89032e-19  -1.5854e-30 -6.43227e-19  6.23237e-30  1.26687e-18 -2.17403e-29 -2.19677e-18  6.79684e-29   3.3283e-18 -1.91644e-28 -4.35685e-18  4.89344e-28   4.8436e-18 -1.13465e-27  -4.4447e-18  2.39345e-27  3.18821e-18 -4.59837e-27 -1.55688e-18  8.05156e-27  2.25239e-19 -1.28518e-26  3.87762e-19  1.86992e-26 -3.62878e-19 -2.47917e-26  1.02849e-19  2.99316e-26  5.77175e-20 -3.28742e-26  -5.8345e-20  3.27949e-26  7.33284e-21 -2.96444e-26  1.30251e-20  2.41919e-26 -5.43435e-21 -1.77256e-26 -1.84062e-21  1.15708e-26  1.49167e-21 -6.66404e-27  1.90901e-22  3.35653e-27 -2.93637e-22 -1.48255e-27 -2.12629e-23  5.99025e-28  4.64425e-23 -2.46926e-28   4.2719e-24  1.11457e-28 -5.83851e-24 -4.55978e-29 -9.49262e-25  7.67187e-30  5.24237e-25  8.97377e-30   1.4787e-25 -1.06366e-29 -2.47437e-26  6.42506e-30 -1.39885e-26 -2.53375e-30 -4.37327e-28  6.30269e-31  6.78346e-28 -6.26403e-32  1.17777e-28 -1.82166e-32 -8.19166e-30  8.39251e-33 -4.63265e-30 -1.21421e-33 -4.07113e-31 -4.18439e-35  3.48771e-32  3.64246e-35   9.1186e-33 -3.71135e-36  5.20414e-34  -4.0188e-38 -1.47906e-35  2.22157e-38 -2.61868e-36 -1.19857e-39 -7.56158e-38  5.66124e-41 -1.58551e-40
-1.07351e-35 -1.27958e-36 -1.26421e-33 -7.02661e-35 -9.11423e-33 -2.03584e-34  3.35499e-31 -1.93177e-34 -7.61972e-30  8.93603e-35  1.30773e-28  -4.7807e-36  -1.7973e-27 -1.60897e-34  2.03759e-26  1.54331e-34 -1.94555e-25  1.14229e-34  1.58878e-24 -5.31049e-35 -1.12255e-23 -9.42109e-35  6.92311e-23  6.11645e-35 -3.75221e-22 -2.48513e-34  1.79637e-21  1.15774e-33 -7.62566e-21  -4.2831e-33  2.87794e-20  1.22167e-32 -9.67178e-20 -1.62156e-32  2.89612e-19 -8.88243e-32 -7.72407e-19   9.0076e-31  1.83213e-18 -4.99095e-30 -3.85456e-18  2.15148e-29  7.16257e-18 -7.83776e-29 -1.16824e-17  2.49395e-28  1.65733e-17 -7.04718e-28  -2.0174e-17  1.78507e-27  2.06222e-17 -4.07655e-27 -1.70475e-17  8.42344e-27   1.0518e-17 -1.57845e-26 -3.72551e-18  2.68607e-26 -6.92602e-19  -4.1541e-26  1.89589e-18   5.8404e-26 -1.06988e-18 -7.46448e-26  2.32193e-20  8.66958e-26  3.19761e-19 -9.14378e-26 -1.49041e-19   8.7462e-26 -3.24088e-20 -7.56983e-26  4.87415e-20  5.90487e-26 -4.36718e-21 -4.12433e-26 -1.02083e-20  2.55344e-26  2.42308e-21 -1.38179e-26  1.75414e-21  6.43872e-27 -5.44338e-22 -2.58473e-27 -2.79002e-22   9.6352e-28  8.01123e-23 -4.16694e-28  4.17296e-23  2.31868e-28 -7.34792e-24 -1.24131e-28 -5.32693e-24  4.36252e-29   1.8232e-25  1.80333e-31  4.94886e-25 -1.18067e-29  5.03031e-26  8.53214e-30 -2.65073e-26 -3.48295e-30 -6.72127e-27   8.4778e-31  3.25702e-28 -7.38472e-32  3.22292e-28 -2.64816e-32  3.43758e-29  1.06384e-32 -4.03143e-30 -1.33124e-33 -1.22163e-30 -7.07722e-35 -7.57777e-32  3.60449e-35  6.13801e-33 -2.45972e-36  1.09325e-33 -1.10774e-37  4.50727e-35   1.1525e-38 -4.67361e-37 -3.83655e-40 -5.31584e-38  2.59925e-41
 3.00893e-35  1.77708e-34 -5.26367e-36   4.4643e-33 -2.38982e-35 -2.39259e-31 -1.25214e-34  6.32907e-30 -1.61363e-34   -1.236e-28  -4.7807e-36  1.89391e-27 -7.49258e-35  -2.3619e-26 -1.98174e-34  2.45737e-25  1.23565e-34 -2.17139e-24  1.47338e-34  1.65135e-23 -4.82364e-35 -1.09184e-22 -1.73887e-34    6.325e-22  4.26062e-34 -3.22933e-21 -2.32751e-33  1.45965e-20  1.09988e-32 -5.85956e-20 -4.53388e-32  2.09357e-19  1.60425e-31 -6.66509e-19 -4.64288e-31  1.89094e-18  9.49785e-31 -4.77661e-18 -3.17699e-31  1.07214e-17 -8.98301e-30 -2.13111e-17  5.68283e-29  3.73232e-17  -2.3791e-28 -5.71659e-17  8.04452e-28  7.57409e-17 -2.33042e-27 -8.53695e-17  5.93325e-27  7.96356e-17 -1.34524e-26 -5.83672e-17  2.73667e-26  2.95519e-17 -5.01772e-26  -5.1729e-18  8.31452e-26 -6.70423e-18 -1.24715e-25  6.82383e-18  1.69493e-25 -2.16958e-18   -2.088e-25 -9.64797e-19  2.33186e-25  1.12851e-18 -2.36026e-25 -1.89994e-19   2.1634e-25 -2.38787e-19 -1.79215e-25  1.15904e-19  1.33622e-25  3.03059e-20 -8.89719e-26  -3.0888e-20   5.2197e-26 -2.31984e-21 -2.64142e-26  6.05949e-21  1.12019e-26  1.43376e-22 -3.90342e-27 -9.73943e-22  1.23628e-27 -4.37333e-23 -5.60149e-28  1.27223e-22    4.002e-28  1.47477e-23 -2.57979e-28 -1.22554e-23  1.10918e-28 -2.77446e-24 -1.95014e-29  6.83845e-25 -1.08954e-29   2.9569e-25  1.06217e-29 -1.50206e-27  -4.5231e-30 -1.61854e-26  1.07831e-30 -2.28643e-27 -8.25076e-32  2.79527e-28 -3.48749e-32  1.07967e-28  1.23732e-32  7.37215e-30 -1.30245e-33 -1.09482e-30 -1.01435e-34 -2.17327e-31  3.15555e-35 -9.94486e-33 -9.49251e-37  5.56164e-34 -1.48205e-37  6.66558e-35  3.21961e-39  1.65078e-36 -3.44616e-41 -4.96699e-40
 2.72375e-34  5.70514e-35 -2.25844e-33 -2.29663e-35  1.44973e-31  3.96757e-35 -4.63421e-30 -1.53101e-35  1.04288e-28 -1.47968e-34  -1.7973e-27 -7.49258e-35  2.48066e-26 -1.09585e-34 -2.82461e-25 -2.49502e-34  2.70943e-24  7.75153e-35 -2.22332e-23  1.85015e-34   1.5789e-22  2.74007e-35 -9.78994e-22 -6.96873e-34  5.33609e-21  3.36172e-33 -2.56994e-20 -1.78764e-32  1.09785e-19  8.40587e-32 -4.17102e-19 -3.51581e-31  1.41166e-18  1.29728e-30 -4.25886e-18 -4.15589e-30  1.14493e-17  1.11816e-29 -2.73892e-17 -2.31717e-29  5.81504e-17  2.48573e-29 -1.09121e-16  6.68782e-29  1.79891e-16  -5.4245e-28 -2.58221e-16   2.1986e-27  3.18498e-16 -6.84309e-27 -3.30606e-16  1.79109e-26  2.78537e-16  -4.0811e-26  -1.7658e-16  8.23111e-26  6.64458e-17 -1.48276e-25  8.25529e-18  2.39811e-25 -3.10334e-17 -3.49291e-25  1.88817e-17  4.59026e-25 -1.25259e-18 -5.44909e-25    -5.28e-18  5.84761e-25  2.76896e-18 -5.67541e-25  4.19197e-19  4.98128e-25  -8.6327e-19 -3.94841e-25  1.19344e-19  2.81499e-25  1.74991e-19 -1.78861e-25 -5.23364e-20  9.94886e-26 -2.92925e-20 -4.69213e-26  1.15272e-20  1.77588e-26  4.64417e-21 -4.94231e-27 -1.75421e-21  1.02952e-27 -7.17964e-22 -5.17221e-28  1.78926e-22   5.8783e-28  9.73697e-23 -4.55859e-28 -8.24961e-24  2.17659e-28 -9.78665e-24 -5.30299e-29 -6.17742e-25 -7.12506e-30   5.8891e-25  1.24482e-29  1.21153e-25 -5.56228e-30 -1.18216e-26  1.29864e-30 -6.77033e-27 -8.71316e-32 -5.52994e-28 -4.24375e-32  1.10336e-28  1.33387e-32   2.5655e-29 -1.12934e-33  1.17861e-30 -1.27723e-34 -1.74727e-31   2.4067e-35 -2.40028e-32  4.05219e-37   -8.041e-34 -1.47502e-37   1.9884e-35 -9.71128e-40  1.27986e-36  2.83287e-41
-6.20279e-36  1.41259e-33  7.11421e-35 -7.47285e-32 -5.05186e-35  2.96602e-30  8.81382e-35 -7.83394e-29  8.55099e-35  1.53502e-27 -1.60897e-34  -2.3619e-26 -1.09585e-34  2.95843e-25 -1.03239e-34 -3.09217e-24 -3.02051e-34  2.74556e-23  4.63921e-35 -2.09867e-22  1.57753e-34  1.39507e-21  5.82244e-34 -8.12742e-21 -4.18227e-33  4.17442e-20  2.30545e-32 -1.89875e-19 -1.18825e-31  7.67317e-19  5.49477e-31 -2.76094e-18  -2.2793e-30  8.85558e-18  8.43831e-30  -2.5324e-17 -2.76536e-29  6.45124e-17  7.90809e-29 -1.46116e-16 -1.91794e-28  2.93272e-16   3.6784e-28 -5.19049e-16 -4.26057e-28  8.04192e-16 -4.34266e-28 -1.07919e-15  4.55631e-27  1.23421e-15 -1.73054e-26 -1.17145e-15  4.86699e-26  8.78247e-16 -1.13675e-25 -4.61535e-16  2.29602e-25   9.5241e-17 -4.08576e-25  9.37839e-17  6.46835e-25  -1.0522e-16 -9.16082e-25  3.74091e-17  1.16448e-24  1.27583e-17 -1.33147e-24 -1.78701e-17  1.37167e-24  3.83419e-18 -1.27503e-24  3.54047e-18  1.07053e-24 -2.01852e-18 -8.11704e-25 -3.81343e-19  5.53835e-25  5.22231e-19 -3.36506e-25  1.07987e-20  1.77892e-25 -1.01868e-19 -7.80956e-26  2.91744e-21  2.57708e-26  1.66121e-20 -4.73694e-27 -9.65308e-23 -3.13535e-28 -2.25311e-21 -2.06715e-29 -1.52356e-22  7.31908e-28  2.32117e-22 -7.13982e-28  4.04951e-23  3.66048e-28 -1.48502e-23 -1.01061e-28 -5.02618e-24 -2.08452e-31   2.4736e-25  1.37673e-29  3.12614e-25 -6.48674e-30  3.42179e-26  1.48345e-30 -7.02372e-27 -8.66848e-32 -2.03374e-27 -4.84445e-32 -9.52826e-29  1.34647e-32  2.64874e-29 -8.51778e-34  4.18426e-30   -1.441e-34  1.39156e-31  1.54862e-35 -1.50852e-32  1.27689e-36 -1.37346e-33 -1.17653e-37 -2.83374e-35 -1.72171e-39  1.07154e-37
-4.39833e-34   2.7564e-36  3.22642e-32  6.46753e-35 -1.64196e-30  -7.3841e-35  5.21291e-29  1.06493e-34 -1.17745e-27  1.45467e-34  2.03759e-26 -1.98174e-34 -2.82461e-25 -1.03239e-34  3.23105e-24 -5.90071e-35 -3.11432e-23 -3.48615e-34  2.56861e-22  9.11878e-35 -1.83393e-21 -3.10895e-34  1.14357e-20  4.07498e-33 -6.27043e-20 -2.53728e-32  3.03901e-19  1.39552e-31 -1.30689e-18 -6.99601e-31  5.00025e-18   3.1692e-30 -1.70496e-17 -1.29406e-29  5.18452e-17  4.74341e-29 -1.40555e-16  -1.5524e-28  3.39268e-16  4.49927e-28 -7.27267e-16 -1.13854e-27  1.37898e-15  2.44562e-27 -2.29909e-15 -4.16293e-27  3.34146e-15  4.32577e-27 -4.17939e-15  3.54661e-27  4.40912e-15 -3.46267e-26  -3.7897e-15  1.16664e-25  2.47143e-15 -2.89431e-25 -9.87609e-16  5.94397e-25 -6.39424e-17 -1.05251e-24  4.20499e-16  1.63693e-24   -2.773e-16 -2.25765e-24  3.10939e-17   2.7765e-24  7.18337e-17 -3.05563e-24 -4.26907e-17  3.01788e-24 -3.72104e-18 -2.68231e-24  1.26509e-17  2.15142e-24 -2.42623e-18 -1.55985e-24 -2.45992e-18  1.01998e-24  9.20305e-19 -5.94649e-25  3.95781e-19  3.00143e-25 -1.99828e-19 -1.22888e-25 -6.19629e-20  3.44283e-26   3.1307e-20 -1.87473e-27  9.94064e-21 -3.68042e-27 -3.46902e-21   1.2776e-27 -1.44767e-21  7.41109e-28   2.1389e-22 -1.01223e-27  1.58667e-22  5.48932e-28  3.26338e-24 -1.60796e-28 -1.06969e-23    9.477e-30 -1.73652e-24  1.43655e-29  2.92097e-25 -7.18192e-30  1.16448e-25  1.61232e-30  6.37745e-27 -8.10875e-32 -2.37732e-27 -5.25453e-32 -4.39853e-28  1.28654e-32 -1.21091e-29 -5.33467e-34  3.90099e-30 -1.47144e-34  4.31023e-31  7.76489e-36  1.07616e-32  1.55068e-36 -5.50158e-34 -7.55814e-38 -2.52315e-35 -9.17579e-40
-5.47113e-36 -1.07514e-32  2.87768e-35  7.72618e-31  4.04746e-35 -3.04898e-29 -8.15971e-35  8.08168e-28  1.03781e-34 -1.59012e-26  1.54331e-34  2.45737e-25 -2.49502e-34 -3.09217e-24 -5.90071e-35  3.24764e-23  1.13226e-35 -2.89832e-22 -4.11239e-34  2.22736e-21  4.97574e-34 -1.48901e-20 -3.30484e-33   8.7266e-20  2.37446e-32 -4.51045e-19 -1.40476e-31  2.06527e-18  7.53916e-31 -8.40491e-18 -3.68925e-30  3.04679e-17  1.63824e-29 -9.84971e-17 -6.57476e-29  2.84037e-16  2.37526e-28 -7.30062e-16 -7.69234e-28  1.66939e-15  2.22107e-27 -3.38522e-15 -5.66899e-27  6.05826e-15  1.25962e-26 -9.50113e-15 -2.36144e-26  1.29234e-14  3.45085e-26 -1.50086e-14  -2.8168e-26  1.45082e-14 -3.68136e-26 -1.11379e-14  2.34841e-25  6.08115e-15 -6.67055e-25 -1.45068e-15  1.42728e-24 -1.08256e-15 -2.54026e-24   1.3632e-15  3.89849e-24  -5.4078e-16 -5.24518e-24 -1.33848e-16  6.24151e-24  2.37256e-16 -6.60468e-24 -6.29042e-17  6.24208e-24 -4.32669e-17 -5.29294e-24  2.94182e-17  4.04772e-24  3.51262e-18 -2.80477e-24 -7.38002e-18   1.7612e-24  2.69594e-19 -9.90133e-25  1.42681e-18  4.80575e-25 -1.23111e-19 -1.84609e-25 -2.35566e-19  4.27242e-26  1.46581e-20   5.2683e-27  3.31626e-20 -1.00214e-26  5.24531e-22  3.72233e-27 -3.64843e-21  5.19136e-28  -4.5195e-22 -1.31467e-27  2.62811e-22  7.48053e-28  6.97709e-23 -2.25682e-28  -7.4239e-24  2.09462e-29 -4.99917e-24  1.40801e-29 -3.82845e-25 -7.55932e-30  1.39502e-25   1.6759e-30  3.15703e-26 -7.13824e-32  6.96033e-28 -5.47217e-32 -5.16976e-28  1.17613e-32 -6.63199e-29 -2.39699e-34  -1.2323e-30  -1.3643e-34  3.21185e-31  2.21885e-36  2.34081e-32  1.33846e-36  3.78312e-34 -3.75574e-38 -3.63301e-36
  2.4206e-33 -1.10439e-35 -2.99688e-31  6.27186e-35  1.54894e-29  7.83132e-36 -4.93535e-28 -7.41974e-35  1.11937e-26  1.00823e-34 -1.94555e-25  1.23565e-34  2.70943e-24 -3.02051e-34 -3.11432e-23  1.13226e-35  3.01714e-22  9.76953e-35 -2.50185e-21 -6.61676e-34  1.79639e-20  2.77048e-33 -1.12687e-19 -1.91101e-32  6.21779e-19  1.21574e-31 -3.03356e-18 -6.93791e-31  1.31373e-17  3.63971e-30 -5.06383e-17 -1.74931e-29  1.74026e-16  7.64713e-29 -5.33619e-16 -3.02301e-28  1.45957e-15  1.07614e-27  -3.5566e-15 -3.43805e-27   7.7019e-15  9.82038e-27 -1.47645e-14 -2.49389e-26  2.49113e-14  5.57669e-26 -3.66842e-14 -1.07837e-25  4.65647e-14  1.73471e-25 -4.99705e-14 -2.08638e-25  4.38621e-14  1.02858e-25 -2.94576e-14   3.3811e-25  1.24949e-14 -1.36294e-24  9.10831e-17  3.17152e-24 -4.80965e-15 -5.75489e-24  3.45993e-15  8.76343e-24 -5.51292e-16 -1.15241e-23 -8.19492e-16  1.32678e-23  5.57589e-16 -1.34804e-23  1.33175e-17  1.21614e-23 -1.56355e-16 -9.80788e-24  3.93821e-17  7.13194e-24  2.87893e-17 -4.71952e-24 -1.35112e-17  2.85398e-24  -4.3538e-18 -1.55796e-24  2.90109e-18  7.34285e-25  6.61268e-19 -2.67404e-25 -4.66363e-19   5.0004e-26 -1.10937e-19  1.80839e-26  5.53527e-20 -2.00557e-26  1.76862e-20  7.51886e-27 -4.10293e-21  2.58542e-30 -2.14274e-21 -1.57462e-27  6.18456e-23  9.35011e-28  1.62173e-22 -2.86295e-28  1.95772e-23   3.2899e-29  -5.5754e-24  1.28147e-29 -1.66611e-24 -7.58024e-30 -4.00661e-26  1.67792e-30  4.18702e-26 -5.93847e-32   6.2381e-27 -5.50981e-32  3.11358e-29  1.03734e-32 -7.10698e-29  -1.7349e-35 -6.42388e-30 -1.14608e-34 -9.58074e-32 -7.85315e-37   1.1622e-32  8.87664e-37  4.15157e-34 -1.26359e-38
 1.13959e-36  9.05262e-32 -1.22403e-35 -6.70947e-30  9.05695e-35  2.65914e-28 -2.36566e-35 -7.07753e-27 -6.14649e-35  1.39863e-25  1.14229e-34 -2.17139e-24  7.75153e-35  2.74556e-23 -3.48615e-34 -2.89832e-22  9.76953e-35   2.6005e-21  2.38784e-34 -2.00981e-20 -1.99131e-33  1.35161e-19  1.37385e-32  -7.9713e-19 -9.01837e-32  4.14749e-18  5.39594e-31 -1.91242e-17 -3.00213e-30  7.84073e-17  1.55767e-29 -2.86465e-16 -7.43885e-29   9.3382e-16  3.22947e-28 -2.71677e-15 -1.26469e-27  7.04898e-15   4.4491e-27 -1.62817e-14 -1.40268e-26   3.3376e-14  3.95408e-26 -6.04352e-14 -9.93091e-26  9.60043e-14  2.20814e-25 -1.32458e-13 -4.29562e-25  1.56345e-13  7.14188e-25 -1.54066e-13   -9.615e-25  1.21247e-13   8.8029e-25 -6.88382e-14  2.59038e-26  1.86962e-14 -2.34994e-24  1.04109e-14  6.48933e-24 -1.50984e-14 -1.22581e-23  6.67576e-15   1.8649e-23  1.08029e-15 -2.40188e-23 -2.68531e-15  2.67481e-23  8.62824e-16 -2.60444e-23  4.39471e-16  2.23556e-23 -3.65111e-16 -1.70765e-23 -1.87347e-17  1.17625e-23  8.85782e-17 -7.42559e-24 -8.69974e-18  4.34214e-24 -1.68944e-17  -2.3232e-24  2.56824e-18   1.0763e-24  2.81549e-18 -3.76755e-25 -3.59186e-19  5.65277e-26 -4.11456e-19  3.72143e-26  1.73589e-20 -3.39186e-26  4.83604e-20  1.25802e-26  3.49102e-21 -7.99538e-28 -3.88189e-21 -1.74281e-27  -7.9215e-22  1.07528e-27  1.48659e-22 -3.32353e-28  6.71177e-23  4.41276e-29  2.72341e-24  1.05606e-29 -2.27463e-24  -7.2661e-30 -4.07561e-25  1.63144e-30  3.59177e-27 -4.69783e-32  8.37052e-27  -5.3733e-32  8.72268e-28  8.85139e-33  -3.7179e-32  1.15097e-34 -5.59741e-30 -8.66229e-35 -3.33889e-31  -1.7089e-36 -3.67634e-33   4.4394e-37  8.18047e-35
-1.84338e-32  1.43694e-36  2.40327e-30 -7.86731e-36 -1.24846e-28  1.03122e-34  3.99444e-27 -4.79997e-35 -9.09924e-26 -5.35654e-35  1.58878e-24  1.47338e-34 -2.22332e-23  4.63921e-35  2.56861e-22 -4.11239e-34 -2.50185e-21  2.38784e-34  2.08633e-20  7.12689e-34 -1.50699e-19 -8.10782e-33  9.51285e-19   5.7225e-32  -5.2839e-18 -3.44933e-31  2.59604e-17  1.96979e-30  -1.1326e-16  -1.0936e-29  4.39995e-16  5.77138e-29  -1.5247e-15 -2.80407e-28  4.71655e-15  1.22916e-27 -1.30222e-14 -4.81925e-27   3.2051e-14  1.68587e-26 -7.01557e-14  -5.2607e-26  1.36054e-13  1.46404e-25 -2.32463e-13  -3.6283e-25  3.47101e-13  7.97625e-25 -4.47492e-13  -1.5429e-24   4.8894e-13  2.58482e-24 -4.38734e-13 -3.62677e-24  3.03767e-13  3.90684e-24 -1.36687e-13 -2.18164e-24  6.60253e-15 -2.91749e-24  4.70631e-14  1.21095e-23 -3.72367e-14 -2.45875e-23  7.75737e-15  3.76864e-23  7.92025e-15 -4.76403e-23 -6.26255e-15  5.12883e-23  2.46925e-16 -4.77424e-23  1.65071e-15  3.88285e-23 -5.30025e-16 -2.79349e-23  -2.8219e-16  1.81294e-23  1.68605e-16 -1.09027e-23  3.84789e-17  6.20241e-24 -3.58454e-17 -3.29324e-24 -5.44704e-18  1.52069e-24  5.89596e-18 -5.19308e-25  9.73129e-19  6.35869e-26 -7.42864e-19  6.21809e-26 -1.76843e-19 -5.08664e-26  6.30406e-20   1.8415e-26  2.42804e-20 -1.78283e-27 -2.18829e-21 -1.77559e-27 -2.07995e-21  1.13467e-27 -1.62874e-22 -3.55276e-28  8.66722e-23  5.38408e-29   1.9969e-23  7.42736e-30 -2.72769e-25  -6.6895e-30 -6.16976e-25  1.55116e-30  -7.3323e-26 -3.54821e-32  1.84798e-27 -5.05426e-32  1.08247e-27  7.26883e-33  7.98175e-29  1.65564e-34   1.6172e-31 -5.82126e-35 -1.99105e-31 -1.42926e-36 -5.76421e-33   1.4779e-37
-1.71302e-36 -6.72062e-31   2.4365e-36  5.01172e-29 -1.23091e-36 -1.99461e-27  9.92411e-35    5.332e-26 -6.41524e-35 -1.05854e-24 -5.31049e-35  1.65135e-23  1.85015e-34 -2.09867e-22  9.11878e-35  2.22736e-21 -6.61676e-34 -2.00981e-20  7.12689e-34  1.56258e-19  2.66206e-33 -1.05747e-18 -2.94398e-32  6.27803e-18   1.7228e-31 -3.28941e-17 -8.82117e-31  1.52801e-16  4.90105e-30 -6.31381e-16 -2.96441e-29  2.32594e-15  1.73523e-28 -7.64894e-15 -9.09159e-28  2.24616e-14  4.16449e-27 -5.88617e-14 -1.66687e-26  1.37412e-13  5.86166e-26 -2.84923e-13  -1.8209e-25  5.22351e-13  5.01533e-25 -8.41095e-13 -1.22646e-24  1.17805e-12  2.65896e-24 -1.41444e-12 -5.08399e-24  1.42228e-12  8.47645e-24 -1.14864e-12 -1.20392e-23  6.78699e-13  1.37981e-23 -2.07324e-13 -1.07129e-23 -8.33032e-14 -2.57363e-25  1.44763e-13  2.02181e-23 -7.13517e-14 -4.65151e-23 -5.85841e-15  7.25604e-23  2.62112e-14 -9.02138e-23 -1.00897e-14  9.38043e-23 -3.69673e-15 -8.32254e-23  3.90765e-15  6.37917e-23 -6.65922e-17 -4.28997e-23 -9.12631e-16  2.60304e-23  1.52276e-16 -1.48841e-23  1.70527e-16   8.3152e-24  -3.9278e-17 -4.45375e-24 -2.85593e-17  2.07918e-24  5.92212e-18 -7.01174e-25  4.33609e-18   7.2758e-26 -4.80152e-19  9.13597e-26 -5.45979e-19 -6.91649e-26  -8.9638e-21  2.41166e-26  4.86165e-20 -2.75626e-27  7.21494e-21  -1.6415e-27 -2.31522e-21  1.08698e-27 -7.61516e-22 -3.50454e-28    1.306e-24  6.17433e-29  3.11448e-23  3.66979e-30  4.36582e-24 -5.94896e-30 -2.23351e-25  1.44623e-30  -1.1442e-25 -2.54486e-32 -9.47581e-27 -4.54271e-32  2.49569e-28  5.67134e-33  8.18124e-29  1.58213e-34  3.99897e-30 -3.41564e-35  1.81594e-32 -7.81665e-37 -1.43464e-33
 1.27174e-31 -4.68133e-36 -1.66772e-29  5.69148e-36  8.70029e-28   3.5781e-36  -2.7958e-26  8.33526e-35  6.39805e-25 -7.58752e-35 -1.12255e-23 -4.82364e-35   1.5789e-22  1.57753e-34 -1.83393e-21  4.97574e-34  1.79639e-20 -1.99131e-33 -1.50699e-19  2.66206e-33  1.09539e-18  8.77204e-33 -6.96058e-18 -6.08833e-32  3.89337e-17  8.14356e-32 -1.92703e-16  6.15296e-31  8.47311e-16 -2.06627e-30 -3.31895e-15 -2.38934e-29  1.16021e-14  3.28327e-28 -3.62254e-14 -2.32951e-27  1.01011e-13  1.21854e-26 -2.51252e-13 -5.17915e-26  5.56225e-13  1.86605e-25 -1.09195e-12 -5.82648e-25  1.89068e-12  1.59572e-24 -2.86464e-12 -3.85691e-24   3.7542e-12  8.24138e-24  -4.1803e-12 -1.55286e-23  3.83861e-12  2.55944e-23 -2.74285e-12 -3.62658e-23   1.3085e-12  4.25172e-23 -1.33798e-13 -3.71405e-23 -3.97376e-13  1.36987e-23  3.49585e-13  2.89344e-23  -9.0759e-14 -8.31446e-23 -6.50658e-14   1.3358e-22  6.11515e-14 -1.63627e-22 -6.35531e-15  1.64107e-22 -1.50028e-14 -1.38266e-22  6.05452e-15  9.92159e-23  2.30496e-15 -6.17248e-23 -1.81152e-15  3.46183e-23 -2.58009e-16 -1.87757e-23   3.8122e-16   1.0458e-23  2.98964e-17 -5.77197e-24 -6.39865e-17  2.75862e-24 -6.06892e-18 -9.24249e-25  8.50801e-18  8.42543e-26  1.40578e-18  1.22362e-25 -8.05498e-19 -8.62487e-26 -2.30313e-19  2.84893e-26  3.98594e-20 -3.48608e-27  2.27345e-20 -1.32552e-27  7.28597e-22  9.20939e-28 -1.12852e-21 -3.18422e-28  -1.9982e-22  6.78383e-29  1.29239e-23 -3.13383e-31  7.71673e-24 -5.13831e-30   7.0408e-25  1.31782e-30  -5.0214e-26 -1.69265e-32 -1.39899e-26 -3.85211e-32 -8.19675e-28  4.12858e-33   1.3552e-29  1.21252e-34   2.8529e-30 -1.69962e-35  6.77879e-32 -2.68853e-37
  2.8752e-37  4.34198e-30 -8.65283e-36 -3.25174e-28  1.19455e-35   1.2998e-26  4.94673e-36 -3.49061e-25  6.15332e-35  6.96329e-24 -9.42109e-35 -1.09184e-22  2.74007e-35  1.39507e-21 -3.10895e-34 -1.48901e-20  2.77048e-33  1.35161e-19 -8.10782e-33 -1.05747e-18  8.77204e-33  7.20393e-18  1.17246e-32 -4.30687e-17  2.43111e-31  2.27332e-16 -3.87954e-30 -1.06427e-15  2.76285e-29  4.43405e-15 -1.28279e-28 -1.64778e-14  3.93697e-28   5.4692e-14  -4.7969e-28 -1.62196e-13 -3.16087e-27  4.29526e-13  2.83261e-26 -1.01405e-12 -1.41133e-25  2.12816e-12  5.40259e-25 -3.95291e-12  -1.7226e-24  6.45664e-12  4.72597e-24 -9.18772e-12 -1.13271e-23  1.12316e-11  2.38723e-23 -1.15359e-11 -4.42681e-23  9.57099e-12  7.18566e-23 -5.88991e-12 -1.00751e-22  2.00372e-12  1.18507e-22  5.44109e-13 -1.08693e-22 -1.21242e-12  5.85083e-23   6.6726e-13  3.12743e-23  4.48196e-15 -1.40737e-22 -2.22334e-13  2.36023e-22  1.02018e-13 -2.85165e-22  2.51297e-14  2.75355e-22 -3.63881e-14 -2.19368e-22  3.18816e-15  1.46143e-22  8.12147e-15 -8.28968e-23 -2.00051e-15  4.22076e-23 -1.47061e-15 -2.16492e-23  4.84193e-16  1.23385e-23  2.45743e-16 -7.20846e-24 -7.66678e-17  3.55679e-24 -3.88387e-17 -1.18116e-24  7.67665e-18  9.49526e-26  5.27269e-18  1.52678e-25 -2.52014e-19 -9.91561e-26 -5.21339e-19  3.03034e-26  -4.9052e-20 -3.76245e-27  2.96416e-20 -8.32391e-28  7.28874e-21  6.44714e-28 -4.08649e-22 -2.64552e-28 -3.62998e-22  7.20965e-29 -3.79998e-23  -4.0307e-30  4.49955e-24 -4.32463e-30  1.33405e-24  1.16288e-30  8.27411e-26 -9.88084e-33 -5.79809e-27 -3.03841e-32 -1.01743e-27  2.74615e-33 -3.98517e-29  7.77614e-35   1.8302e-31 -6.79566e-36  2.07115e-32
-7.66782e-31  6.74988e-37  1.00932e-28 -1.24472e-35 -5.28846e-27  2.02864e-35  1.70723e-25  4.04378e-36 -3.92583e-24  4.15546e-35  6.92311e-23 -1.73887e-34 -9.78994e-22  5.82244e-34  1.14357e-20 -3.30484e-33 -1.12687e-19  1.37385e-32  9.51285e-19 -2.94398e-32 -6.96058e-18  1.17246e-32  4.45409e-17 -1.38074e-31 -2.50982e-16   4.0806e-30  1.25196e-15 -3.89286e-29 -5.55034e-15  2.36911e-28  2.19312e-14 -1.06725e-27 -7.73769e-14    3.681e-27  2.43975e-13 -9.21621e-27 -6.87441e-13  1.14194e-26   1.7291e-12  3.55718e-26 -3.87393e-12 -3.17405e-25  7.70381e-12  1.40141e-24 -1.35272e-11 -4.69093e-24  2.08141e-11  1.30403e-23 -2.77526e-11 -3.11478e-23  3.15233e-11  6.48659e-23 -2.96536e-11 -1.18355e-22  2.18898e-11  1.88801e-22 -1.10646e-11 -2.60676e-22  1.71279e-12  3.04292e-22  2.90744e-12 -2.83926e-22 -2.88712e-12  1.76143e-22  9.06351e-13  1.00527e-23  4.51798e-13 -2.26282e-22 -5.23276e-13  4.01818e-22  8.94995e-14  -4.7893e-22   1.1774e-13  4.44202e-22 -5.96238e-14 -3.32987e-22 -1.53042e-14  2.03835e-22  1.69098e-14 -1.03218e-22  1.02267e-15  4.62567e-23 -3.51553e-15 -2.23608e-23 -1.30068e-17  1.36725e-23  6.00374e-16 -8.73443e-24    1.396e-17  4.45694e-24 -8.39262e-17 -1.45079e-24 -8.01083e-18  9.71756e-26  8.73887e-18  1.80321e-25  1.79582e-18  -1.0516e-25 -5.40721e-19  2.86167e-26 -2.11993e-19 -3.46464e-27  4.80963e-21 -1.89637e-28  1.25047e-20  2.86414e-28  1.63495e-21 -1.97457e-28 -2.36022e-22  7.42156e-29 -8.25518e-23 -6.99893e-30 -5.24572e-24  -3.5433e-30  8.34173e-25  9.81146e-31  1.54633e-25 -4.41765e-33  6.71816e-27 -2.19653e-32 -3.26558e-28  1.63109e-33  -3.4775e-29  4.16114e-35 -6.70811e-31 -1.90492e-36
-2.10593e-37 -2.45519e-29  7.12978e-37  1.84667e-27 -1.47991e-35  -7.4155e-26  2.81327e-35  2.00106e-24  2.02865e-36 -4.01222e-23  6.11645e-35    6.325e-22 -6.96873e-34 -8.12742e-21  4.07498e-33   8.7266e-20 -1.91101e-32  -7.9713e-19   5.7225e-32  6.27803e-18 -6.08833e-32 -4.30687e-17 -1.38074e-31  2.59392e-16 -1.69542e-30 -1.37987e-15  3.28535e-29  6.51334e-15 -2.66744e-28 -2.73735e-14  1.49105e-27  1.02667e-13  -6.4494e-27 -3.44115e-13  2.23825e-26  1.03118e-12 -6.17652e-26 -2.76119e-12  1.24546e-25  6.59652e-12 -1.08624e-25 -1.40216e-11 -4.71966e-25  2.64059e-11  3.14945e-24 -4.37862e-11 -1.16826e-23  6.33568e-11  3.35073e-23 -7.89299e-11 -8.03415e-23  8.28915e-11    1.658e-22 -7.07278e-11 -2.97839e-22  4.53638e-11  4.66412e-22 -1.70475e-11 -6.32201e-22 -2.72051e-12  7.27515e-22  8.92459e-12 -6.78871e-22 -5.50393e-12  4.48032e-22   3.6233e-13 -6.93714e-23  1.64554e-12 -3.47135e-22 -9.01163e-13  6.61642e-22 -1.27137e-13 -7.77108e-22  2.96556e-13  6.90372e-22 -4.83116e-14 -4.84338e-22 -6.25207e-14  2.68939e-22  2.14578e-14 -1.17678e-22  1.07733e-14  4.36314e-23 -5.00795e-15 -1.98076e-23 -1.77321e-15  1.42945e-23   8.2297e-16 -1.03476e-23  2.92989e-16   5.4228e-24 -9.35583e-17 -1.69717e-24 -4.34533e-17  7.93151e-26  5.56547e-18  2.04195e-25  4.80831e-18  -1.0244e-25  1.76462e-19  2.30662e-26 -3.20378e-19 -2.59962e-27 -5.79737e-20  5.50574e-28  7.84399e-21 -1.10005e-28   3.6258e-21 -1.26769e-28  2.50691e-22  7.36441e-29 -6.42932e-23 -8.86417e-30 -1.33159e-23 -2.80871e-30  -5.2951e-25  7.80584e-31  8.92743e-26 -6.94184e-34  1.08417e-26 -1.43283e-32   3.1961e-28  8.42304e-34 -6.39759e-30  1.78128e-35 -2.52811e-31
