     0.02215 -5.16202e-07    0.0438117  -4.9524e-07    0.0222213 -9.80992e-08  -0.00287031  9.32622e-08  -0.00646795  5.41895e-08  -0.00158999  7.32524e-10  0.000549412 -7.73414e-09  0.000383909 -2.59187e-09  7.30707e-05 -2.54835e-10  1.72284e-06  1.46657e-11 -5.47074e-07
-5.16202e-07     0.068222  -1.0881e-06    0.0715988 -6.35195e-07    0.0195462  2.09422e-08    -0.012164  1.84247e-07   -0.0101289  7.17628e-08  -0.00159674 -5.56956e-09   0.00103824  -1.2382e-08   0.00057924 -3.84331e-09  0.000111345 -4.44704e-10  6.65435e-06 -8.23682e-12
   0.0438117  -1.0881e-06      0.10071 -1.28668e-06    0.0701545 -4.91158e-07    0.0067927  1.60091e-07   -0.0187039  2.28573e-07   -0.0113694  7.48908e-08  -0.00146865 -8.03292e-09   0.00117423 -1.34337e-08  0.000616768 -4.04983e-09   0.00011664  -4.6384e-10  6.77522e-06
 -4.9524e-07    0.0715988 -1.28668e-06    0.0994555 -1.11619e-06    0.0535861  -2.9601e-07  -0.00302982  2.31847e-07   -0.0210238   2.3973e-07   -0.0117019   7.8639e-08  -0.00179048 -3.64868e-09  0.000898203 -1.07291e-08  0.000488428 -3.07473e-09  8.06875e-05 -2.56803e-10
   0.0222213 -6.35195e-07    0.0701545 -1.11619e-06    0.0808118 -8.67516e-07    0.0393921 -1.79225e-07  -0.00710804  2.48995e-07   -0.0211505  2.40055e-07    -0.012039  8.73611e-08  -0.00257337  6.27134e-09  0.000316015 -5.38526e-09  0.000253085 -1.46114e-09   2.9817e-05
-9.80992e-08    0.0195462 -4.91158e-07    0.0535861 -8.67516e-07    0.0642116 -7.01097e-07    0.0318957 -1.34203e-07  -0.00772176  2.40541e-07   -0.0204078  2.36523e-07   -0.0123755  9.75747e-08  -0.00348054  1.73808e-08  -0.00030355 -1.11426e-10  4.57252e-05 -2.68854e-10
 -0.00287031  2.09422e-08    0.0067927  -2.9601e-07    0.0393921 -7.01097e-07    0.0546564 -6.16702e-07    0.0288366 -1.28029e-07  -0.00655835  2.17062e-07   -0.0188887  2.24675e-07   -0.0121694  1.01143e-07  -0.00394465  2.33967e-08 -0.000624237  2.30955e-09 -3.09311e-05
 9.32622e-08    -0.012164  1.60091e-07  -0.00302982 -1.79225e-07    0.0318957 -6.16702e-07    0.0499353 -5.79887e-07    0.0282867 -1.46627e-07  -0.00390375  1.75196e-07   -0.0160163  1.94635e-07   -0.0106715  8.92855e-08   -0.0034828  2.04015e-08 -0.000520722  1.65744e-09
 -0.00646795  1.84247e-07   -0.0187039  2.31847e-07  -0.00710804 -1.34203e-07    0.0288366 -5.79887e-07    0.0480322 -5.74235e-07    0.0297526 -1.90774e-07  0.000668119  1.06577e-07   -0.0111371  1.39111e-07  -0.00754967  6.07584e-08  -0.00220019  1.12639e-08 -0.000217352
 5.41895e-08   -0.0101289  2.28573e-07   -0.0210238  2.48995e-07  -0.00772176 -1.28029e-07    0.0282867 -5.74235e-07    0.0483585 -5.98231e-07    0.0334366 -2.65182e-07   0.00747408  9.69989e-09  -0.00445928  6.54144e-08  -0.00358646   2.7039e-08  -0.00084709   3.2089e-09
 -0.00158999  7.17628e-08   -0.0113694   2.3973e-07   -0.0211505  2.40541e-07  -0.00655835 -1.46627e-07    0.0297526 -5.98231e-07    0.0510081 -6.53483e-07    0.0392801  -3.6391e-07    0.0155507 -9.54375e-08   0.00217769 -8.94918e-10 -0.000430908  4.14517e-09 -0.000111496
 7.32524e-10  -0.00159674  7.48908e-08   -0.0117019  2.40055e-07   -0.0204078  2.17062e-07  -0.00390375 -1.90774e-07    0.0334366 -6.53483e-07    0.0557573 -7.28848e-07    0.0456701 -4.54679e-07    0.0219528 -1.67702e-07   0.00609561 -3.37003e-08   0.00081964 -2.50927e-09
 0.000549412 -5.56956e-09  -0.00146865   7.8639e-08    -0.012039  2.36523e-07   -0.0188887  1.75196e-07  0.000668119 -2.65182e-07    0.0392801 -7.28848e-07    0.0607374 -7.84621e-07    0.0488598 -4.84169e-07    0.0232001 -1.74181e-07   0.00608382 -3.07236e-08   0.00059439
-7.73414e-09   0.00103824 -8.03292e-09  -0.00179048  8.73611e-08   -0.0123755  2.24675e-07   -0.0160163  1.06577e-07   0.00747408  -3.6391e-07    0.0456701 -7.84621e-07    0.0619142 -7.61197e-07    0.0449529 -4.18013e-07    0.0184423 -1.23409e-07   0.00361646 -1.32341e-08
 0.000383909  -1.2382e-08   0.00117423 -3.64868e-09  -0.00257337  9.75747e-08   -0.0121694  1.94635e-07   -0.0111371  9.69989e-09    0.0155507 -4.54679e-07    0.0488598 -7.61197e-07    0.0552783 -6.25385e-07    0.0336765 -2.80402e-07    0.0107323 -5.87188e-08   0.00121719
-2.59187e-09   0.00057924 -1.34337e-08  0.000898203  6.27134e-09  -0.00348054  1.01143e-07   -0.0106715  1.39111e-07  -0.00445928 -9.54375e-08    0.0219528 -4.84169e-07    0.0449529 -6.25385e-07    0.0408371 -4.13149e-07    0.0195831 -1.39318e-07   0.00430113  -1.6448e-08
 7.30707e-05 -3.84331e-09  0.000616768 -1.07291e-08  0.000316015  1.73808e-08  -0.00394465  8.92855e-08  -0.00754967  6.54144e-08   0.00217769 -1.67702e-07    0.0232001 -4.18013e-07    0.0336765 -4.13149e-07    0.0237653  -2.0904e-07   0.00837807 -4.76491e-08   0.00102035
-2.54835e-10  0.000111345 -4.04983e-09  0.000488428 -5.38526e-09  -0.00030355  2.33967e-08   -0.0034828  6.07584e-08  -0.00358646 -8.94918e-10   0.00609561 -1.74181e-07    0.0184423 -2.80402e-07    0.0195831  -2.0904e-07    0.0103539 -7.64014e-08   0.00243187 -9.54031e-09
 1.72284e-06 -4.44704e-10   0.00011664 -3.07473e-09  0.000253085 -1.11426e-10 -0.000624237  2.04015e-08  -0.00220019   2.7039e-08 -0.000430908 -3.37003e-08   0.00608382 -1.23409e-07    0.0107323 -1.39318e-07   0.00837807 -7.64014e-08   0.00315469 -1.83926e-08  0.000402101
 1.46657e-11  6.65435e-06  -4.6384e-10  8.06875e-05 -1.46114e-09  4.57252e-05  2.30955e-09 -0.000520722  1.12639e-08  -0.00084709  4.14517e-09   0.00081964 -3.07236e-08   0.00361646 -5.87188e-08   0.00430113 -4.76491e-08   0.00243187 -1.83926e-08  0.000597558 -2.38468e-09
-5.47074e-07 -8.23682e-12  6.77522e-06 -2.56803e-10   2.9817e-05 -2.68854e-10 -3.09311e-05  1.65744e-09 -0.000217352   3.2089e-09 -0.000111496 -2.50927e-09   0.00059439 -1.32341e-08   0.00121719  -1.6448e-08   0.00102035 -9.54031e-09  0.000402101 -2.38468e-09  5.28817e-05
