 5.48041e-23  2.46118e-30  -2.4586e-21 -7.75275e-29  4.46143e-20  9.54572e-28 -5.06652e-19 -7.88989e-27  4.16143e-18  4.92067e-26  -2.6605e-17 -2.44592e-25  1.38385e-16  1.00359e-24 -6.03046e-16 -3.48252e-24  2.24749e-15  1.03985e-23 -7.27218e-15 -2.70587e-23    2.066e-14  6.19451e-23 -5.19733e-14 -1.25643e-22  1.16517e-13  2.26957e-22 -2.33891e-13 -3.66438e-22  4.21797e-13  5.30046e-22 -6.84837e-13 -6.87647e-22  1.00209e-12  8.00107e-22 -1.32141e-12 -8.33983e-22  1.56849e-12  7.76905e-22 -1.67191e-12 -6.44428e-22  1.59453e-12  4.73471e-22 -1.35341e-12 -3.05926e-22  1.01489e-12  1.72177e-22 -6.65656e-13 -8.33269e-23  3.76679e-13  3.40774e-23 -1.80412e-13 -1.14931e-23  7.11381e-14  3.08496e-24 -2.21341e-14 -6.23229e-25  5.06013e-15   8.5796e-26 -7.37237e-16 -6.40682e-27  4.43724e-17
 2.46118e-30  3.48583e-21  3.01009e-29  -8.9954e-20 -6.25789e-28  1.25892e-18  6.08688e-27 -1.20225e-17 -4.26742e-26  8.65912e-17  2.33182e-25 -4.97532e-16 -1.03426e-24  2.36339e-15  3.83261e-24 -9.51106e-15 -1.21114e-23  3.30006e-14  3.31236e-23 -1.00011e-13 -7.92575e-23   2.6733e-13  1.67267e-22 -6.34923e-13 -3.13198e-22  1.34731e-12  5.22507e-22 -2.56464e-12 -7.78808e-22  4.39119e-12  1.03867e-21 -6.77356e-12 -1.23985e-21  9.41762e-12   1.3235e-21 -1.17949e-11 -1.26084e-21  1.32838e-11  1.06837e-21  -1.3413e-11 -8.01379e-22  1.20884e-11  5.28684e-22 -9.66349e-12 -3.04158e-22  6.79353e-12  1.50916e-22 -4.15122e-12 -6.36561e-23  2.16951e-12  2.23959e-23 -9.47788e-13 -6.40551e-24  3.34558e-13  1.43534e-24 -9.03886e-14  -2.3734e-25  1.69492e-14  2.56262e-26 -1.75784e-15  -1.2039e-27
 -2.4586e-21  3.01009e-29  1.10468e-19  1.81284e-28 -2.00768e-18 -2.59685e-27  2.28347e-17  2.02614e-26 -1.87843e-16 -1.21501e-25  1.20276e-15  5.80967e-25 -6.26572e-15 -2.28133e-24  2.73463e-14  7.54221e-24 -1.02074e-13 -2.13645e-23  3.30792e-13  5.24992e-23 -9.41232e-13 -1.12927e-22  2.37152e-12  2.14001e-22 -5.32506e-12 -3.58848e-22  1.07064e-11   5.3387e-22 -1.93391e-11 -7.05502e-22  3.14508e-11   8.2798e-22 -4.60973e-11 -8.61737e-22  6.08897e-11  7.93335e-22 -7.23995e-11 -6.43883e-22  7.73098e-11  4.59133e-22 -7.38648e-11 -2.87146e-22  6.28114e-11  1.58098e-22 -4.71905e-11 -7.78463e-23  3.10127e-11  3.54382e-23  -1.7585e-11 -1.55122e-23   8.4402e-12   6.5537e-24 -3.33537e-12 -2.50909e-24  1.04016e-12  7.79196e-25 -2.38369e-13 -1.70067e-25  3.48181e-14  2.02737e-26 -2.10133e-15
-7.75275e-29  -8.9954e-20  1.81284e-28   2.3249e-18  5.55357e-28 -3.25873e-17 -4.74361e-27   3.1168e-16  2.82551e-26 -2.24829e-15 -1.42248e-25  1.29379e-14   5.6736e-25 -6.15518e-14 -1.82631e-24  2.48085e-13  4.84575e-24 -8.62109e-13 -1.06566e-23  2.61674e-12  1.92619e-23 -7.00546e-12 -2.76937e-23  1.66645e-11  2.84525e-23 -3.54183e-11 -1.08007e-23   6.7528e-11 -3.31455e-23  -1.1581e-10  9.92135e-23  1.78936e-10 -1.65559e-22 -2.49201e-10  1.98482e-22   3.1264e-10 -1.70674e-22 -3.52719e-10  8.13056e-23  3.56785e-10  3.81762e-23 -3.22139e-10   -1.401e-22  2.58001e-10  1.88354e-22 -1.81727e-10 -1.77356e-22  1.11267e-10  1.29198e-22 -5.82706e-11 -7.44677e-23  2.55112e-11  3.37037e-23 -9.02538e-12 -1.16092e-23  2.44415e-12  2.85273e-24 -4.59454e-13 -4.35561e-25  4.77766e-14  2.68501e-26
 4.46143e-20 -6.25789e-28 -2.00768e-18  5.55357e-28   3.6544e-17  1.38903e-28 -4.16277e-16  7.42503e-27  3.42959e-15 -4.83056e-26 -2.19933e-14  2.20007e-25  1.14748e-13 -9.04449e-25 -5.01574e-13  3.22401e-24  1.87507e-12  -9.7538e-24  -6.0859e-12  2.49232e-23  1.73436e-11 -5.33094e-23 -4.37672e-11  9.34718e-23  9.84305e-11  -1.2683e-22 -1.98216e-10  1.06718e-22  3.58619e-10  4.02225e-23 -5.84169e-10 -3.87768e-22  8.57637e-10  9.60078e-22 -1.13476e-09 -1.68349e-21  1.35159e-09  2.38085e-21  -1.4458e-09 -2.83263e-21  1.38386e-09  2.88236e-21 -1.17895e-09 -2.52143e-21  8.87431e-10  1.89296e-21 -5.84347e-10 -1.21076e-21  3.32012e-10  6.51089e-22 -1.59689e-10 -2.88263e-22  6.32438e-11  1.01696e-22 -1.97684e-11 -2.71009e-23  4.54116e-12  4.94873e-24 -6.65014e-13 -4.93422e-25  4.02439e-14
 9.54572e-28  1.25892e-18 -2.59685e-27 -3.25873e-17  1.38903e-28  4.57464e-16 -5.89564e-27 -4.38206e-15  5.75529e-26  3.16579e-14  -1.9977e-25 -1.82454e-13  4.77633e-25  8.69347e-13 -5.87507e-25 -3.50926e-12 -1.92227e-24  1.22136e-11  1.69627e-23 -3.71289e-11 -7.41143e-23  9.95548e-11  2.43255e-22 -2.37191e-10 -6.56326e-22  5.04917e-10  1.50915e-21 -9.64208e-10 -3.01308e-21  1.65629e-09  5.28088e-21 -2.56332e-09 -8.17855e-21  3.57586e-09  1.12335e-20  -4.4938e-09 -1.37038e-20  5.07871e-09  1.48401e-20 -5.14639e-09 -1.42319e-20   4.6551e-09  1.20345e-20 -3.73524e-09 -8.91323e-21  2.63606e-09  5.72725e-21  -1.6172e-09 -3.15019e-21  8.48677e-10  1.45531e-21 -3.72353e-10 -5.49261e-22  1.32026e-10  1.62305e-22  -3.5838e-11 -3.49551e-23  6.75356e-12  4.75701e-24 -7.04124e-13 -2.64993e-25
-5.06652e-19  6.08688e-27  2.28347e-17 -4.74361e-27 -4.16277e-16 -5.89564e-27  4.74909e-15 -1.86361e-26  -3.9186e-14 -1.04934e-26  2.51674e-13   9.0653e-25 -1.31507e-12 -6.19383e-24  5.75709e-12  2.88481e-23  -2.1555e-11 -1.08009e-22  7.00685e-11  3.41838e-22  -1.9999e-10 -9.37903e-22  5.05468e-10   2.2612e-21 -1.13856e-09 -4.82833e-21  2.29645e-09  9.17838e-21 -4.16149e-09 -1.55864e-20  6.78988e-09  2.36955e-20 -9.98495e-09 -3.22806e-20  1.32336e-08  3.93984e-20 -1.57894e-08  -4.3018e-20  1.69196e-08  4.19026e-20 -1.62238e-08 -3.62545e-20   1.3847e-08  2.76896e-20 -1.04429e-08 -1.85089e-20  6.88978e-09  1.07017e-20 -3.92253e-09  -5.2659e-21   1.8906e-09  2.15486e-21   -7.504e-10 -7.08647e-22  2.35093e-10  1.77347e-22 -5.41356e-11 -3.06139e-23  7.94794e-12  2.90298e-24 -4.82287e-13
-7.88989e-27 -1.20225e-17  2.02614e-26   3.1168e-16  7.42503e-27 -4.38206e-15 -1.86361e-26  4.20397e-14  4.33327e-26 -3.04174e-13 -1.40154e-24  1.75571e-12   1.0116e-23 -8.37821e-12  -4.8191e-23  3.38716e-11   1.8349e-22 -1.18067e-10 -5.89409e-22  3.59471e-10  1.64047e-21 -9.65355e-10 -4.01735e-21  2.30357e-09  8.73172e-21 -4.91144e-09 -1.69346e-20  9.39405e-09  2.94088e-20  -1.6163e-08  -4.5831e-20  2.50553e-08  6.41654e-20 -3.50108e-08 -8.07077e-20  4.40731e-08  9.11029e-20 -4.98961e-08 -9.20764e-20  5.06508e-08  8.30143e-20 -4.58988e-08 -6.64071e-20  3.68979e-08  4.67853e-20   -2.609e-08 -2.87372e-20  1.60379e-08  1.51776e-20 -8.43371e-09  -6.7606e-21  3.70818e-09  2.46973e-21 -1.31777e-09 -7.08973e-22  3.58543e-10  1.48851e-22 -6.77341e-11 -1.98141e-23  7.08056e-12  1.08309e-24
 4.16143e-18 -4.26742e-26 -1.87843e-16  2.82551e-26  3.42959e-15  5.75529e-26  -3.9186e-14  4.33327e-26  3.23824e-13  6.43623e-25 -2.08293e-12 -8.70437e-24  1.09005e-11  4.91754e-23 -4.77924e-11 -2.04378e-22  1.79212e-10  6.98061e-22 -5.83454e-10 -2.03935e-21  1.66787e-09  5.21196e-21 -4.22204e-09 -1.17963e-20  9.52505e-09   2.3807e-20 -1.92422e-08 -4.30227e-20  3.49257e-08  6.98029e-20 -5.70776e-08 -1.01834e-19  8.40751e-08  1.33651e-19 -1.11617e-07  -1.5771e-19  1.33402e-07  1.67037e-19 -1.43202e-07 -1.58312e-19   1.3756e-07  1.33657e-19 -1.17624e-07 -9.98785e-20  8.88753e-08  6.54886e-20 -5.87509e-08 -3.72325e-20  3.35162e-08  1.80564e-20 -1.61883e-08 -7.29824e-21  6.43937e-09  2.37555e-21 -2.02203e-09 -5.89555e-22  4.66741e-10  1.01097e-22 -6.87001e-11 -9.53758e-24  4.18015e-12
 4.92067e-26  8.65912e-17 -1.21501e-25 -2.24829e-15 -4.83056e-26  3.16579e-14 -1.04934e-26 -3.04174e-13  6.43623e-25  2.20416e-12  3.34398e-24 -1.27418e-11 -3.46103e-23   6.0896e-11   1.7239e-22 -2.46567e-10 -6.52345e-22  8.60775e-10  2.04823e-21 -2.62478e-09 -5.54776e-21  7.05974e-09  1.32325e-20 -1.68726e-08 -2.80806e-20  3.60307e-08  5.33088e-20 -6.90255e-08 -9.08304e-20  1.18954e-07  1.39172e-19 -1.84702e-07 -1.91941e-19  2.58522e-07  2.38263e-19 -3.25993e-07 -2.65902e-19  3.69704e-07  2.66152e-19 -3.75962e-07 -2.38028e-19   3.4131e-07  1.89159e-19 -2.74891e-07  -1.3257e-19  1.94746e-07  8.11033e-20 -1.19951e-07 -4.27102e-20  6.32079e-08  1.89868e-20 -2.78513e-08 -6.92746e-21  9.91964e-09  1.98715e-21 -2.70532e-09 -4.17003e-22  5.12346e-10  5.54786e-23 -5.36994e-11 -3.02977e-24
 -2.6605e-17  2.33182e-25  1.20276e-15 -1.42248e-25 -2.19933e-14  -1.9977e-25  2.51674e-13 -1.40154e-24 -2.08293e-12  3.34398e-24  1.34183e-11  1.22107e-23 -7.03279e-11 -1.10137e-22  3.08816e-10  5.04839e-22 -1.15976e-09 -1.76722e-21  3.78159e-09  5.16109e-21 -1.08268e-08 -1.30981e-20  2.74496e-08  2.94295e-20 -6.20243e-08 -5.90372e-20  1.25499e-07  1.06186e-19 -2.28153e-07 -1.71647e-19  3.73468e-07  2.49694e-19 -5.51029e-07 -3.27008e-19  7.32774e-07  3.85331e-19 -8.77297e-07 -4.07825e-19  9.43396e-07   3.8648e-19 -9.07857e-07 -3.26402e-19  7.77716e-07  2.44061e-19  -5.8875e-07 -1.60144e-19  3.89955e-07  9.11118e-20 -2.22912e-07 -4.42081e-20  1.07893e-07  1.78701e-20 -4.30119e-08 -5.81348e-21  1.35372e-08  1.44072e-21 -3.13234e-09 -2.46429e-22  4.62234e-10  2.31578e-23 -2.82022e-11
-2.44592e-25 -4.97532e-16  5.80967e-25  1.29379e-14  2.20007e-25 -1.82454e-13   9.0653e-25  1.75571e-12 -8.70437e-24 -1.27418e-11  1.22107e-23  7.37694e-11  3.73175e-23 -3.53096e-10 -3.12116e-22  1.43186e-09  1.33287e-21 -5.00632e-09 -4.33371e-21  1.52894e-08  1.18392e-20 -4.11868e-08 -2.83031e-20  9.85891e-08  6.01644e-20 -2.10866e-07 -1.14463e-19   4.0461e-07  1.95474e-19 -6.98408e-07 -3.00135e-19  1.08621e-06  4.14659e-19 -1.52288e-06 -5.15458e-19   1.9236e-06  5.75911e-19 -2.18532e-06 -5.76953e-19  2.22626e-06   5.1624e-19 -2.02475e-06 -4.10231e-19  1.63379e-06  2.87292e-19 -1.15969e-06 -1.75488e-19  7.15718e-07  9.21912e-20 -3.77926e-07 -4.08432e-20  1.66884e-07  1.48336e-20 -5.95717e-08 -4.23006e-21   1.6285e-08  8.81221e-22 -3.09181e-09  -1.1621e-22  3.24915e-10  6.28059e-24
 1.38385e-16 -1.03426e-24 -6.26572e-15   5.6736e-25  1.14748e-13  4.77633e-25 -1.31507e-12   1.0116e-23  1.09005e-11 -3.46103e-23 -7.03279e-11  3.73175e-23  3.69161e-10  1.05024e-22 -1.62348e-09 -8.26142e-22  6.10634e-09  3.26068e-21 -1.99412e-08 -9.83146e-21  5.71805e-08  2.51614e-20 -1.45197e-07 -5.67252e-20    3.286e-07  1.14107e-19  -6.6594e-07 -2.05717e-19  1.21261e-06  3.33003e-19 -1.98818e-06 -4.84508e-19  2.93831e-06  6.33898e-19 -3.91404e-06 -7.45493e-19  4.69406e-06  7.86861e-19 -5.05662e-06 -7.43109e-19  4.87489e-06  6.24927e-19  -4.1838e-06 -4.64857e-19  3.17327e-06  3.03144e-19 -2.10592e-06 -1.71246e-19  1.20627e-06   8.2422e-20 -5.85085e-07 -3.30166e-20   2.3376e-07  1.06329e-20 -7.37413e-08 -2.60588e-21  1.71043e-08  4.40349e-22 -2.53055e-09 -4.08463e-23   1.5482e-10
 1.00359e-24  2.36339e-15 -2.28133e-24 -6.15518e-14 -9.04449e-25  8.69347e-13 -6.19383e-24 -8.37821e-12  4.91754e-23   6.0896e-11 -1.10137e-22 -3.53096e-10  1.05024e-22  1.69266e-09  2.80176e-22 -6.87446e-09 -2.02783e-21  2.40726e-08  7.30655e-21 -7.36315e-08 -2.03973e-20  1.98658e-07  4.89046e-20 -4.76273e-07 -1.03932e-19  1.02028e-06  1.97593e-19 -1.96085e-06 -3.36853e-19  3.39018e-06  5.15452e-19 -5.28131e-06 -7.08475e-19  7.41688e-06  8.74956e-19 -9.38448e-06 -9.70327e-19  1.06799e-05  9.64335e-19 -1.08994e-05 -8.55548e-19  9.93094e-06   6.7368e-19 -8.02841e-06 -4.67176e-19  5.70971e-06   2.8242e-19 -3.53088e-06 -1.46775e-19  1.86831e-06  6.43056e-20 -8.26785e-07 -2.30885e-20    2.958e-07  6.50736e-21  -8.1054e-08 -1.33972e-21  1.54272e-08  1.74629e-22 -1.62554e-09 -9.33253e-24
-6.03046e-16  3.83261e-24  2.73463e-14 -1.82631e-24 -5.01574e-13 -5.87507e-25  5.75709e-12  -4.8191e-23 -4.77924e-11   1.7239e-22  3.08816e-10 -3.12116e-22 -1.62348e-09  2.80176e-22   7.1506e-09  6.88839e-22 -2.69364e-08 -4.46676e-21  8.81006e-08  1.46199e-20 -2.53016e-07 -3.78376e-20  6.43481e-07   8.5117e-20 -1.45858e-06  -1.7069e-19  2.96066e-06  3.06677e-19 -5.39975e-06 -4.93902e-19   8.8679e-06  7.13319e-19 -1.31275e-05 -9.24588e-19  1.75165e-05  1.07612e-18 -2.10436e-05 -1.12386e-18   2.2709e-05  1.05038e-18 -2.19324e-05 -8.74279e-19  1.88581e-05  6.43625e-19 -1.43306e-05 -4.15407e-19  9.52915e-06  2.32345e-19 -5.46941e-06 -1.10798e-19   2.6585e-06  4.40059e-20  -1.0645e-06 -1.40631e-20  3.36584e-07   3.4239e-21 -7.82611e-08  -5.7569e-22  1.16086e-08  5.32567e-23 -7.12182e-10
-3.48252e-24 -9.51106e-15  7.54221e-24  2.48085e-13  3.22401e-24 -3.50926e-12  2.88481e-23  3.38716e-11 -2.04378e-22 -2.46567e-10  5.04839e-22  1.43186e-09 -8.26142e-22 -6.87446e-09  6.88839e-22  2.79622e-08   1.4974e-21  -9.8067e-08  -8.5958e-21  3.00424e-07  2.56414e-20 -8.11806e-07 -6.18392e-20  1.94933e-06  1.31231e-19 -4.18252e-06   -2.494e-19  8.05121e-06   4.2455e-19 -1.39427e-05 -6.46681e-19  2.17562e-05  8.81895e-19 -3.06049e-05 -1.07851e-18  3.87904e-05  1.18421e-18 -4.42222e-05 -1.16645e-18  4.52118e-05  1.02703e-18 -4.12703e-05 -8.03324e-19  3.34269e-05   5.5381e-19  -2.3819e-05 -3.33282e-19  1.47593e-05  1.72775e-19 -7.82592e-06 -7.56757e-20  3.47073e-06  2.72263e-20 -1.24455e-06 -7.70946e-21  3.41839e-07  1.59982e-21 -6.52269e-08  -2.1106e-22   6.8913e-09  1.14713e-23
 2.24749e-15 -1.21114e-23 -1.02074e-13  4.84575e-24  1.87507e-12 -1.92227e-24  -2.1555e-11   1.8349e-22  1.79212e-10 -6.52345e-22 -1.15976e-09  1.33287e-21  6.10634e-09 -2.02783e-21 -2.69364e-08   1.4974e-21  1.01626e-07   2.8082e-21   -3.329e-07  -1.4309e-20   9.5754e-07    3.927e-20 -2.43908e-06 -8.92893e-20   5.5374e-06  1.80936e-19  -1.1258e-05 -3.28813e-19   2.0566e-05  5.33337e-19 -3.38307e-05 -7.70981e-19  5.01647e-05  9.95509e-19 -6.70503e-05 -1.15267e-18  8.06913e-05  1.19958e-18 -8.72316e-05 -1.12061e-18  8.44019e-05  9.34774e-19 -7.27065e-05 -6.90947e-19  5.53568e-05   4.4879e-19 -3.68826e-05 -2.53522e-19  2.12129e-05  1.22615e-19 -1.03329e-05 -4.95953e-20  4.14664e-06  1.62087e-20 -1.31418e-06 -4.05476e-21  3.06318e-07  7.04453e-22  -4.5555e-08 -6.78089e-23  2.80257e-09
 1.03985e-23  3.30006e-14 -2.13645e-23 -8.62109e-13  -9.7538e-24  1.22136e-11 -1.08009e-22 -1.18067e-10  6.98061e-22  8.60775e-10 -1.76722e-21 -5.00632e-09  3.26068e-21  2.40726e-08 -4.46676e-21  -9.8067e-08   2.8082e-21  3.44465e-07  4.52629e-21 -1.05689e-06 -2.07326e-20  2.86041e-06  5.33631e-20 -6.87933e-06 -1.17347e-19   1.4784e-05   2.3206e-19 -2.85046e-05 -4.08824e-19  4.94436e-05  6.36762e-19 -7.72803e-05  -8.7797e-19  0.000108896   1.0794e-18 -0.000138259 -1.19244e-18  0.000157896  1.18748e-18  -0.00016172 -1.06263e-18  0.000147894  8.47701e-19 -0.000120014 -5.97717e-19  8.56861e-05  3.69529e-19 -5.32022e-05 -1.97923e-19   2.8269e-05  9.00458e-20 -1.25645e-05 -3.38039e-20   4.5157e-06  1.00307e-20  -1.2433e-06 -2.19096e-21  2.37839e-07  3.05648e-22 -2.51959e-08  -1.7626e-23
-7.27218e-15  3.31236e-23  3.30792e-13 -1.06566e-23  -6.0859e-12  1.69627e-23  7.00685e-11 -5.89409e-22 -5.83454e-10  2.04823e-21  3.78159e-09 -4.33371e-21 -1.99412e-08  7.30655e-21  8.81006e-08  -8.5958e-21   -3.329e-07  4.52629e-21  1.09219e-06  6.34648e-21 -3.14644e-06  -2.6835e-20  8.02736e-06  6.78142e-20 -1.82534e-05 -1.51156e-19  3.71703e-05   2.9976e-19 -6.80133e-05 -5.18044e-19  0.000112066  7.78633e-19 -0.000166453 -1.02891e-18  0.000222862  1.21427e-18 -0.000268671 -1.29415e-18  0.000290966  1.24755e-18 -0.000282042 -1.07953e-18  0.000243416   8.2972e-19 -0.000185689 -5.62072e-19  0.000123966  3.32763e-19 -7.14459e-05 -1.69423e-19  3.48763e-05  7.23298e-20 -1.40275e-05 -2.49811e-20  4.45612e-06  6.60801e-21 -1.04124e-06 -1.21433e-21  1.55257e-07  1.23677e-22 -9.57837e-09
-2.70587e-23 -1.00011e-13  5.24992e-23  2.61674e-12  2.49232e-23 -3.71289e-11  3.41838e-22  3.59471e-10 -2.03935e-21 -2.62478e-09  5.16109e-21  1.52894e-08 -9.83146e-21 -7.36315e-08  1.46199e-20  3.00424e-07  -1.4309e-20 -1.05689e-06  6.34648e-21  3.24785e-06  7.98638e-21 -8.80392e-06 -3.34442e-20  2.12072e-05   9.0851e-20 -4.56485e-05 -2.14784e-19  8.81569e-05  4.29691e-19 -0.000153167 -7.23978e-19  0.000239801  1.04482e-18  -0.00033848 -1.32496e-18  0.000430494  1.51018e-18  -0.00049251  -1.5628e-18  0.000505352  1.46183e-18 -0.000463007 -1.22038e-18  0.000376443   9.0013e-19 -0.000269297 -5.82904e-19  0.000167547  3.27572e-19 -8.92141e-05  -1.5631e-19  3.97395e-05  6.14037e-20 -1.43154e-05 -1.90025e-20  3.95099e-06  4.31236e-21 -7.57745e-07 -6.22287e-22  8.04919e-08  3.68677e-23
   2.066e-14 -7.92575e-23 -9.41232e-13  1.92619e-23  1.73436e-11 -7.41143e-23  -1.9999e-10  1.64047e-21  1.66787e-09 -5.54776e-21 -1.08268e-08  1.18392e-20  5.71805e-08 -2.03973e-20 -2.53016e-07  2.56414e-20   9.5754e-07 -2.07326e-20 -3.14644e-06  7.98638e-21  9.07872e-06  9.86977e-21 -2.31989e-05 -4.76014e-20  5.28365e-05  1.48124e-19 -0.000107768  -3.6156e-19  0.000197515  7.02727e-19 -0.000325989 -1.12473e-18  0.000485016  1.53942e-18 -0.000650504 -1.86707e-18  0.000785593  2.05168e-18 -0.000852315 -2.04922e-18  0.000827698  1.83808e-18 -0.000715697 -1.46003e-18   0.00054703     1.02e-18 -0.000365933 -6.22314e-19  0.000211339  3.25952e-19 -0.000103389 -1.42649e-19  4.16776e-05   5.0278e-20 -1.32712e-05 -1.35089e-20  3.10876e-06   2.5103e-21 -4.64773e-07 -2.57606e-22  2.87548e-08
 6.19451e-23   2.6733e-13 -1.12927e-22 -7.00546e-12 -5.33094e-23  9.95548e-11 -9.37903e-22 -9.65355e-10  5.21196e-21  7.05974e-09 -1.30981e-20 -4.11868e-08  2.51614e-20  1.98658e-07 -3.78376e-20 -8.11806e-07    3.927e-20  2.86041e-06  -2.6835e-20 -8.80392e-06  9.86977e-21  2.39026e-05  1.47335e-20 -5.76698e-05 -8.90141e-20  0.000124335  2.89817e-19 -0.000240511 -6.72827e-19  0.000418567  1.21433e-18  -0.00065642 -1.80579e-18   0.00092813  2.32325e-18   -0.0011825 -2.68191e-18   0.00135527   2.8205e-18  -0.00139315 -2.68462e-18   0.00127881  2.27402e-18  -0.00104173 -1.69594e-18  0.000746706   1.1089e-18 -0.000465528 -6.28591e-19   0.00024841  3.01842e-19 -0.000110898 -1.18895e-19  4.00418e-05  3.67474e-20 -1.10784e-05 -8.29563e-21  2.13018e-06   1.1857e-21 -2.26903e-07 -6.90151e-23
-5.19733e-14  1.67267e-22  2.37152e-12 -2.76937e-23 -4.37672e-11  2.43255e-22  5.05468e-10 -4.01735e-21 -4.22204e-09  1.32325e-20  2.74496e-08 -2.83031e-20 -1.45197e-07  4.89046e-20  6.43481e-07 -6.18392e-20 -2.43908e-06  5.33631e-20  8.02736e-06 -3.34442e-20 -2.31989e-05  1.47335e-20  5.93752e-05  3.00032e-20 -0.000135448 -1.93513e-19  0.000276719  5.83642e-19 -0.000508006 -1.22648e-18  0.000839849  2.01251e-18  -0.00125169 -2.75874e-18   0.00168169    3.328e-18  -0.00203453 -3.64519e-18   0.00221133  3.64181e-18  -0.00215146 -3.26589e-18   0.00186388  2.58518e-18  -0.00142743 -1.79698e-18  0.000956813  1.09149e-18 -0.000553757 -5.69084e-19  0.000271495  2.47425e-19 -0.000109694 -8.63749e-20   3.5013e-05   2.2913e-20 -8.22249e-06 -4.19271e-21   1.2326e-06  4.23525e-22 -7.64778e-08
-1.25643e-22 -6.34923e-13  2.14001e-22  1.66645e-11  9.34718e-23 -2.37191e-10   2.2612e-21  2.30357e-09 -1.17963e-20 -1.68726e-08  2.94295e-20  9.85891e-08 -5.67252e-20 -4.76273e-07   8.5117e-20  1.94933e-06 -8.92893e-20 -6.87933e-06  6.78142e-20  2.12072e-05 -4.76014e-20 -5.76698e-05  3.00032e-20  0.000139365  6.86656e-20 -0.000300959 -4.04682e-19  0.000583131  1.08171e-18  -0.00101654 -2.02944e-18   0.00159691  3.01236e-18  -0.00226183 -3.80628e-18   0.00288682  4.31032e-18  -0.00331456 -4.47406e-18    0.0034135  4.21982e-18  -0.00313928 -3.53528e-18   0.00256226  2.60116e-18  -0.00184031 -1.68025e-18   0.00114971  9.43417e-19 -0.000614822 -4.48735e-19  0.000275093  1.74648e-19  -9.9561e-05 -5.31407e-20  2.76138e-05  1.17622e-20 -5.32354e-06 -1.63944e-21  5.68637e-07  9.14473e-23
 1.16517e-13 -3.13198e-22 -5.32506e-12  2.84525e-23  9.84305e-11 -6.56326e-22 -1.13856e-09  8.73172e-21  9.52505e-09 -2.80806e-20 -6.20243e-08  6.01644e-20    3.286e-07 -1.03932e-19 -1.45858e-06  1.31231e-19   5.5374e-06 -1.17347e-19 -1.82534e-05   9.0851e-20  5.28365e-05 -8.90141e-20 -0.000135448  6.86656e-20  0.000309493  1.45551e-19 -0.000633336 -7.49925e-19   0.00116463  1.76473e-18  -0.00192868 -2.94429e-18   0.00287941  3.94835e-18  -0.00387539 -4.60631e-18   0.00469692  4.90946e-18  -0.00511446 -4.82443e-18   0.00498533   4.2662e-18  -0.00432732 -3.31661e-18   0.00332061  2.26406e-18   -0.0022304 -1.35795e-18   0.00129359  7.01714e-19 -0.000635626 -3.01988e-19   0.00025741  1.03901e-19 -8.23616e-05 -2.70322e-20  1.93914e-05  4.83539e-21 -2.91477e-06 -4.79604e-22  1.81376e-07
 2.26957e-22  1.34731e-12 -3.58848e-22 -3.54183e-11  -1.2683e-22  5.04917e-10 -4.82833e-21 -4.91144e-09   2.3807e-20  3.60307e-08 -5.90372e-20 -2.10866e-07  1.14107e-19  1.02028e-06  -1.7069e-19 -4.18252e-06  1.80936e-19   1.4784e-05 -1.51156e-19 -4.56485e-05  1.48124e-19  0.000124335 -1.93513e-19 -0.000300959  1.45551e-19  0.000650996  2.68847e-19  -0.00126346 -1.20627e-18   0.00220626  2.48727e-18  -0.00347185 -3.66446e-18   0.00492606  4.42067e-18  -0.00629847 -4.76455e-18   0.00724491  4.79347e-18  -0.00747512 -4.44357e-18   0.00688779  3.64784e-18  -0.00563286 -2.61668e-18   0.00405396  1.65938e-18  -0.00253799 -9.24677e-19   0.00136019  4.37716e-19 -0.000609979  -1.6866e-19  0.000221289  5.03597e-20 -6.15295e-05 -1.08271e-20  1.18935e-05   1.4421e-21   -1.274e-06  -7.1525e-23
-2.33891e-13  5.22507e-22  1.07064e-11 -1.08007e-23 -1.98216e-10  1.50915e-21  2.29645e-09 -1.69346e-20 -1.92422e-08  5.33088e-20  1.25499e-07 -1.14463e-19  -6.6594e-07  1.97593e-19  2.96066e-06   -2.494e-19  -1.1258e-05   2.3206e-19  3.71703e-05 -2.14784e-19 -0.000107768  2.89817e-19  0.000276719 -4.04682e-19 -0.000633336  2.68847e-19    0.0012982  4.28942e-19  -0.00239129 -1.66553e-18   0.00396688  2.96145e-18  -0.00593268 -3.78089e-18     0.007999  4.04343e-18  -0.00971229 -4.01541e-18    0.0105953  3.81927e-18   -0.0103475 -3.30323e-18    0.0089993   2.4771e-18  -0.00691962 -1.63441e-18   0.00465746  9.71476e-19  -0.00270708 -5.06328e-19   0.00133315  2.19254e-19 -0.000541152 -7.49144e-20  0.000173574  1.90924e-20 -4.09727e-05 -3.32921e-21   6.1757e-06  3.33583e-22 -3.85427e-07
-3.66438e-22 -2.56464e-12   5.3387e-22   6.7528e-11  1.06718e-22 -9.64208e-10  9.17838e-21  9.39405e-09 -4.30227e-20 -6.90255e-08  1.06186e-19   4.0461e-07 -2.05717e-19 -1.96085e-06  3.06677e-19  8.05121e-06 -3.28813e-19 -2.85046e-05   2.9976e-19  8.81569e-05  -3.6156e-19 -0.000240511  5.83642e-19  0.000583131 -7.49925e-19  -0.00126346  4.28942e-19    0.0024563   5.8613e-19  -0.00429656 -1.92042e-18     0.006773  2.82372e-18    -0.009627 -2.95225e-18    0.0123314  2.65603e-18   -0.0142106 -2.39315e-18    0.0146899  2.13915e-18    -0.013562 -1.66383e-18    0.0111132  1.09778e-18  -0.00801463  -6.7464e-19   0.00502829  3.95022e-19  -0.00270078 -2.00359e-19   0.00121397  8.04752e-20 -0.000441469 -2.40591e-20  0.000123063  4.95162e-21 -2.38517e-05  -5.7342e-22  2.56228e-06  7.94011e-24
 4.21797e-13 -7.78808e-22 -1.93391e-11 -3.31455e-23  3.58619e-10 -3.01308e-21 -4.16149e-09  2.94088e-20  3.49257e-08 -9.08304e-20 -2.28153e-07  1.95474e-19  1.21261e-06 -3.36853e-19 -5.39975e-06   4.2455e-19   2.0566e-05 -4.08824e-19 -6.80133e-05  4.29691e-19  0.000197515 -6.72827e-19 -0.000508006  1.08171e-18   0.00116463 -1.20627e-18  -0.00239129   5.8613e-19   0.00441233  6.64578e-19  -0.00733229 -1.71551e-18    0.0109853  1.81047e-18   -0.0148381 -1.14044e-18    0.0180494  5.07615e-19   -0.0197276 -2.99737e-19    0.0193033  2.01676e-19   -0.0168216 -1.96306e-20    0.0129607 -5.17404e-20  -0.00874199 -7.79829e-21   0.00509227  5.08464e-20  -0.00251349 -4.13572e-20    0.0010227  1.86626e-20 -0.000328851 -5.49868e-21  7.78309e-05  1.12441e-21 -1.17641e-05 -1.72621e-22  7.36404e-07
 5.30046e-22  4.39119e-12 -7.05502e-22  -1.1581e-10  4.02225e-23  1.65629e-09 -1.55864e-20  -1.6163e-08  6.98029e-20  1.18954e-07 -1.71647e-19 -6.98408e-07  3.33003e-19  3.39018e-06 -4.93902e-19 -1.39427e-05  5.33337e-19  4.94436e-05 -5.18044e-19 -0.000153167  7.02727e-19  0.000418567 -1.22648e-18  -0.00101654  1.76473e-18   0.00220626 -1.66553e-18  -0.00429656  6.64578e-19   0.00752864  5.71601e-19    -0.011889 -8.87149e-19    0.0169292 -1.73587e-20   -0.0217246  1.22234e-18    0.0250823 -1.74262e-18   -0.0259781  1.61946e-18    0.0240307 -1.39794e-18   -0.0197317  1.10759e-18    0.0142599 -6.55962e-19  -0.00896588  2.58975e-19   0.00482655 -6.09193e-20  -0.00217457  3.70631e-21   0.00079274  2.85916e-21 -0.000221554 -1.02002e-21  4.30586e-05  5.78438e-23  -4.6391e-06  4.43074e-23
-6.84837e-13  1.03867e-21  3.14508e-11  9.92135e-23 -5.84169e-10  5.28088e-21  6.78988e-09  -4.5831e-20 -5.70776e-08  1.39172e-19  3.73468e-07 -3.00135e-19 -1.98818e-06  5.15452e-19   8.8679e-06 -6.46681e-19 -3.38307e-05  6.36762e-19  0.000112066 -7.23978e-19 -0.000325989  1.21433e-18  0.000839849 -2.02944e-18  -0.00192868  2.48727e-18   0.00396688 -1.92042e-18  -0.00733229  5.71601e-19    0.0122062  2.52533e-19   -0.0183202  4.72099e-19    0.0247909 -2.15924e-18   -0.0302127  3.31539e-18    0.0330849  -3.3036e-18   -0.0324369  2.76532e-18    0.0283236 -2.17801e-18    -0.021868  1.42812e-18    0.0147817 -6.69614e-19   -0.0086296  2.00245e-19   0.00426934 -2.41181e-20  -0.00174134 -9.68281e-21   0.00056135  6.66872e-21 -0.000133214 -2.12134e-21  2.01926e-05  4.26009e-22 -1.26787e-06
-6.87647e-22 -6.77356e-12   8.2798e-22  1.78936e-10 -3.87768e-22 -2.56332e-09  2.36955e-20  2.50553e-08 -1.01834e-19 -1.84702e-07  2.49694e-19  1.08621e-06 -4.84508e-19 -5.28131e-06  7.13319e-19  2.17562e-05 -7.70981e-19 -7.72803e-05  7.78633e-19  0.000239801 -1.12473e-18  -0.00065642  2.01251e-18   0.00159691 -2.94429e-18  -0.00347185  2.96145e-18     0.006773 -1.71551e-18    -0.011889  2.52533e-19    0.0188084 -2.50059e-19    -0.026831  1.96285e-18    0.0344956 -3.82066e-18   -0.0399031   4.3193e-18    0.0414089 -3.67823e-18   -0.0383816  2.86682e-18    0.0315802 -2.00276e-18   -0.0228713  1.02896e-18     0.014412 -3.07574e-19  -0.00777609  2.99686e-21   0.00351182  4.78475e-20  -0.00128344 -2.62589e-20  0.000359638  7.57997e-21 -7.00899e-05 -1.01708e-21  7.57391e-06 -3.87991e-23
 1.00209e-12 -1.23985e-21 -4.60973e-11 -1.65559e-22  8.57637e-10 -8.17855e-21 -9.98495e-09  6.41654e-20  8.40751e-08 -1.91941e-19 -5.51029e-07  4.14659e-19  2.93831e-06 -7.08475e-19 -1.31275e-05  8.81895e-19  5.01647e-05  -8.7797e-19 -0.000166453  1.04482e-18  0.000485016 -1.80579e-18  -0.00125169  3.01236e-18   0.00287941 -3.66446e-18  -0.00593268  2.82372e-18    0.0109853 -8.87149e-19   -0.0183202 -2.50059e-19    0.0275471 -7.83039e-19   -0.0373462  3.01308e-18    0.0456004 -4.29183e-18   -0.0500327  3.88626e-18    0.0491507 -2.90994e-18   -0.0430059  2.05905e-18    0.0332741 -1.11571e-18   -0.0225408     2.66e-19    0.0131892  1.39079e-19   -0.0065405 -1.77386e-19   0.00267425  9.73416e-20 -0.000864324 -3.45647e-20  0.000205674   8.3617e-21 -3.12667e-05 -1.31512e-21  1.96932e-06
 8.00107e-22  9.41762e-12 -8.61737e-22 -2.49201e-10  9.60078e-22  3.57586e-09 -3.22806e-20 -3.50108e-08  1.33651e-19  2.58522e-07 -3.27008e-19 -1.52288e-06  6.33898e-19  7.41688e-06 -9.24588e-19 -3.06049e-05  9.95509e-19  0.000108896 -1.02891e-18  -0.00033848  1.53942e-18   0.00092813 -2.75874e-18  -0.00226183  3.94835e-18   0.00492606 -3.78089e-18    -0.009627  1.81047e-18    0.0169292  4.72099e-19    -0.026831 -7.83039e-19     0.038347 -1.14067e-18   -0.0493949  3.14929e-18    0.0572488 -3.36658e-18   -0.0595274  2.35409e-18    0.0552882 -1.48819e-18   -0.0455865  7.74416e-19    0.0330867 -2.80101e-21   -0.0208958 -4.39474e-19    0.0113008  4.34336e-19  -0.00511607 -2.46204e-19    0.0018745  9.35612e-20 -0.000526672 -2.33897e-20  0.000102935  3.04286e-21  -1.1157e-05  3.26048e-23
-1.32141e-12   1.3235e-21  6.08897e-11  1.98482e-22 -1.13476e-09  1.12335e-20  1.32336e-08 -8.07077e-20 -1.11617e-07  2.38263e-19  7.32774e-07 -5.15458e-19 -3.91404e-06  8.74956e-19  1.75165e-05 -1.07851e-18 -6.70503e-05   1.0794e-18  0.000222862 -1.32496e-18 -0.000650504  2.32325e-18   0.00168169 -3.80628e-18  -0.00387539  4.42067e-18     0.007999 -2.95225e-18   -0.0148381 -1.73587e-20    0.0247909  1.96285e-18   -0.0373462 -1.14067e-18    0.0507274 -1.15506e-18   -0.0620591   2.2608e-18    0.0682262 -1.50815e-18   -0.0671598  5.07752e-19    0.0588865 -8.16639e-21   -0.0456593 -4.96102e-19    0.0309998  8.96913e-19   -0.0181807 -8.53005e-19   0.00903748  5.30911e-19   -0.0037045 -2.34263e-19   0.00120047  7.48137e-20  -0.00028646 -1.69753e-20  4.36773e-05  2.56932e-21 -2.75977e-06
-8.33983e-22 -1.17949e-11  7.93335e-22   3.1264e-10 -1.68349e-21  -4.4938e-09  3.93984e-20  4.40731e-08  -1.5771e-19 -3.25993e-07  3.85331e-19   1.9236e-06 -7.45493e-19 -9.38448e-06  1.07612e-18  3.87904e-05 -1.15267e-18 -0.000138259  1.21427e-18  0.000430494 -1.86707e-18   -0.0011825    3.328e-18   0.00288682 -4.60631e-18  -0.00629847  4.04343e-18    0.0123314 -1.14044e-18   -0.0217246 -2.15924e-18    0.0344956  3.01308e-18   -0.0493949 -1.15506e-18    0.0637491  -7.9483e-19   -0.0740318  7.39449e-19    0.0771346  3.73354e-19   -0.0717907 -8.94795e-19    0.0593202  1.08194e-18     -0.04315 -1.35355e-18    0.0273138  1.31882e-18   -0.0148069 -9.04646e-19   0.00672002  4.44067e-19  -0.00246859 -1.55766e-19  0.000695497   3.6444e-20 -0.000136327 -4.19828e-21  1.48222e-05 -1.73599e-22
 1.56849e-12 -1.26084e-21 -7.23995e-11 -1.70674e-22  1.35159e-09 -1.37038e-20 -1.57894e-08  9.11029e-20  1.33402e-07 -2.65902e-19 -8.77297e-07  5.75911e-19  4.69406e-06 -9.70327e-19 -2.10436e-05  1.18421e-18  8.06913e-05 -1.19244e-18 -0.000268671  1.51018e-18  0.000785593 -2.68191e-18  -0.00203453  4.31032e-18   0.00469692 -4.76455e-18  -0.00971229  2.65603e-18    0.0180494  1.22234e-18   -0.0302127 -3.82066e-18    0.0456004  3.14929e-18   -0.0620591  -7.9483e-19    0.0760726 -2.04639e-19   -0.0838017 -6.90402e-19    0.0826633  1.49645e-18    -0.072635 -1.55671e-18    0.0564437  1.65569e-18    -0.038409  -1.7039e-18    0.0225793  1.33375e-18   -0.0112516 -7.62338e-19   0.00462394  3.22148e-19  -0.00150247 -1.01013e-19  0.000359549  2.32306e-20 -5.49881e-05 -3.77359e-21  3.48579e-06
 7.76905e-22  1.32838e-11 -6.43883e-22 -3.52719e-10  2.38085e-21  5.07871e-09  -4.3018e-20 -4.98961e-08  1.67037e-19  3.69704e-07 -4.07825e-19 -2.18532e-06  7.86861e-19  1.06799e-05 -1.12386e-18 -4.42222e-05  1.19958e-18  0.000157896 -1.29415e-18  -0.00049251  2.05168e-18   0.00135527 -3.64519e-18  -0.00331456  4.90946e-18   0.00724491 -4.01541e-18   -0.0142106  5.07615e-19    0.0250823  3.31539e-18   -0.0399031 -4.29183e-18    0.0572488   2.2608e-18   -0.0740318 -2.04639e-19    0.0861471  3.27403e-19   -0.0899439 -1.38988e-18    0.0838911  1.65345e-18   -0.0694707 -1.61672e-18     0.050648  1.75984e-18   -0.0321352 -1.59943e-18    0.0174632  1.05705e-18  -0.00794569 -5.04889e-19   0.00292663  1.71592e-19 -0.000826862 -3.76166e-20   0.00016256  3.15503e-21 -1.77307e-05  5.54282e-22
-1.67191e-12  1.06837e-21  7.73098e-11  8.13056e-23  -1.4458e-09  1.48401e-20  1.69196e-08 -9.20764e-20 -1.43202e-07  2.66152e-19  9.43396e-07 -5.76953e-19 -5.05662e-06  9.64335e-19   2.2709e-05 -1.16645e-18 -8.72316e-05  1.18748e-18  0.000290966  -1.5628e-18 -0.000852315   2.8205e-18   0.00221133 -4.47406e-18  -0.00511446  4.79347e-18    0.0105953 -2.39315e-18   -0.0197276 -1.74262e-18    0.0330849   4.3193e-18   -0.0500327 -3.36658e-18    0.0682262  7.39449e-19   -0.0838017  3.27403e-19    0.0925075  5.69824e-19    -0.091445 -1.28345e-18    0.0805271  1.30121e-18   -0.0627177 -1.49837e-18    0.0427779  1.66039e-18   -0.0252085 -1.34206e-18    0.0125934  7.79145e-19  -0.00518904 -3.34373e-19   0.00169076  1.08179e-19 -0.000405794 -2.67609e-20  6.22544e-05  4.97792e-21 -3.95965e-06
-6.44428e-22  -1.3413e-11  4.59133e-22  3.56785e-10 -2.83263e-21 -5.14639e-09  4.19026e-20  5.06508e-08 -1.58312e-19 -3.75962e-07   3.8648e-19  2.22626e-06 -7.43109e-19 -1.08994e-05  1.05038e-18  4.52118e-05 -1.12061e-18  -0.00016172  1.24755e-18  0.000505352 -2.04922e-18  -0.00139315  3.64181e-18    0.0034135 -4.82443e-18  -0.00747512  3.81927e-18    0.0146899 -2.99737e-19   -0.0259781  -3.3036e-18    0.0414089  3.88626e-18   -0.0595274 -1.50815e-18    0.0771346 -6.90402e-19   -0.0899439  5.69824e-19    0.0941078  4.75765e-19   -0.0879664 -7.83504e-19    0.0730093  9.60772e-19   -0.0533515    -1.37e-18     0.033932  1.40177e-18   -0.0184857 -9.66826e-19   0.00843291  4.66477e-19  -0.00311459 -1.55561e-19  0.000882507  3.08246e-20 -0.000174031 -5.53083e-22  1.90441e-05 -1.12755e-21
 1.59453e-12 -8.01379e-22 -7.38648e-11  3.81762e-23  1.38386e-09 -1.42319e-20 -1.62238e-08  8.30143e-20   1.3756e-07 -2.38028e-19 -9.07857e-07   5.1624e-19  4.87489e-06 -8.55548e-19 -2.19324e-05  1.02703e-18  8.44019e-05 -1.06263e-18 -0.000282042  1.46183e-18  0.000827698 -2.68462e-18  -0.00215146  4.21982e-18   0.00498533 -4.44357e-18   -0.0103475  2.13915e-18    0.0193033  1.61946e-18   -0.0324369 -3.67823e-18    0.0491507  2.35409e-18   -0.0671598  3.73354e-19    0.0826633 -1.38988e-18    -0.091445  4.75765e-19     0.090592  2.70349e-19   -0.0799551  -4.8926e-19    0.0624164  9.77116e-19   -0.0426743  -1.3727e-18      0.02521  1.20481e-18   -0.0126268 -7.28497e-19   0.00521687  3.24351e-19  -0.00170467 -1.11005e-19  0.000410366  3.02894e-20  -6.3158e-05 -6.42312e-21  4.03098e-06
 4.73471e-22  1.20884e-11 -2.87146e-22 -3.22139e-10  2.88236e-21   4.6551e-09 -3.62545e-20 -4.58988e-08  1.33657e-19   3.4131e-07 -3.26402e-19 -2.02475e-06  6.24927e-19  9.93094e-06 -8.74279e-19 -4.12703e-05  9.34774e-19  0.000147894 -1.07953e-18 -0.000463007  1.83808e-18   0.00127881 -3.26589e-18  -0.00313928   4.2662e-18   0.00688779 -3.30323e-18    -0.013562  2.01676e-19    0.0240307  2.76532e-18   -0.0383816 -2.90994e-18    0.0552882  5.07752e-19   -0.0717907  1.49645e-18    0.0838911 -1.28345e-18   -0.0879664  2.70349e-19    0.0824103  1.13208e-19    -0.068556 -4.86931e-19    0.0502168  1.06004e-18   -0.0320173 -1.19956e-18    0.0174875  8.47731e-19  -0.00799895 -4.06756e-19   0.00296263  1.29493e-19 -0.000841946 -2.04588e-20  0.000166556 -2.98812e-21 -1.82877e-05  1.82225e-21
-1.35341e-12  5.28684e-22  6.28114e-11   -1.401e-22 -1.17895e-09  1.20345e-20   1.3847e-08 -6.64071e-20 -1.17624e-07  1.89159e-19  7.77716e-07 -4.10231e-19  -4.1838e-06   6.7368e-19  1.88581e-05 -8.03324e-19 -7.27065e-05  8.47701e-19  0.000243416 -1.22038e-18 -0.000715697  2.27402e-18   0.00186388 -3.53528e-18  -0.00432732  3.64784e-18    0.0089993 -1.66383e-18   -0.0168216 -1.39794e-18    0.0283236  2.86682e-18   -0.0430059 -1.48819e-18    0.0588865 -8.94795e-19    -0.072635  1.65345e-18    0.0805271 -7.83504e-19   -0.0799551  1.13208e-19      0.07073   1.7769e-19   -0.0553464 -7.44841e-19    0.0379338   1.1761e-18   -0.0224669 -1.06146e-18    0.0112829  6.53816e-19  -0.00467463 -3.00117e-19   0.00153197  1.09128e-19 -0.000369938 -3.30003e-20  5.71244e-05  7.83298e-21 -3.65888e-06
-3.05926e-22 -9.66349e-12  1.58098e-22  2.58001e-10 -2.52143e-21 -3.73524e-09  2.76896e-20  3.68979e-08 -9.98785e-20 -2.74891e-07  2.44061e-19  1.63379e-06 -4.64857e-19 -8.02841e-06  6.43625e-19  3.34269e-05 -6.90947e-19 -0.000120014   8.2972e-19  0.000376443 -1.46003e-18  -0.00104173  2.58518e-18   0.00256226 -3.31661e-18  -0.00563286   2.4771e-18    0.0111132 -1.96306e-20   -0.0197317 -2.17801e-18    0.0315802  2.05905e-18   -0.0455865 -8.16639e-21    0.0593202 -1.55671e-18   -0.0694707  1.30121e-18    0.0730093  -4.8926e-19    -0.068556   1.7769e-19    0.0571666  2.09145e-19   -0.0419771 -7.58152e-19    0.0268321  9.11001e-19   -0.0146942 -6.41935e-19   0.00673991  2.95735e-19  -0.00250357 -8.22057e-20  0.000713667  3.95238e-21  -0.00014164  7.59735e-21  1.56061e-05 -2.55845e-21
 1.01489e-12 -3.04158e-22 -4.71905e-11  1.88354e-22  8.87431e-10 -8.91323e-21 -1.04429e-08  4.67853e-20  8.88753e-08  -1.3257e-19  -5.8875e-07  2.87292e-19  3.17327e-06 -4.67176e-19 -1.43306e-05   5.5381e-19  5.53568e-05 -5.97717e-19 -0.000185689   9.0013e-19   0.00054703 -1.69594e-18  -0.00142743  2.60116e-18   0.00332061 -2.61668e-18  -0.00691962  1.09778e-18    0.0129607  1.10759e-18    -0.021868 -2.00276e-18    0.0332741  7.74416e-19   -0.0456593  1.08194e-18    0.0564437 -1.61672e-18   -0.0627177  9.60772e-19    0.0624164 -4.86931e-19   -0.0553464  2.09145e-19    0.0434152  3.46085e-19    -0.029832 -7.78292e-19    0.0177151  7.58285e-19  -0.00892102 -4.87893e-19   0.00370675  2.37268e-19  -0.00121846 -9.51714e-20  0.000295178   3.2959e-20 -4.57363e-05 -8.77156e-21  2.94026e-06
 1.72177e-22  6.79353e-12 -7.78463e-23 -1.81727e-10  1.89296e-21  2.63606e-09 -1.85089e-20   -2.609e-08  6.54886e-20  1.94746e-07 -1.60144e-19 -1.15969e-06  3.03144e-19  5.70971e-06 -4.15407e-19  -2.3819e-05   4.4879e-19  8.56861e-05 -5.62072e-19 -0.000269297     1.02e-18  0.000746706 -1.79698e-18  -0.00184031  2.26406e-18   0.00405396 -1.63441e-18  -0.00801463 -5.17404e-20    0.0142599  1.42812e-18   -0.0228713 -1.11571e-18    0.0330867 -4.96102e-19     -0.04315  1.65569e-18     0.050648 -1.49837e-18   -0.0533515  9.77116e-19    0.0502168 -7.44841e-19   -0.0419771  3.46085e-19    0.0309019  1.95927e-19   -0.0198048 -4.26104e-19    0.0108756  3.21811e-19  -0.00500267 -1.34001e-19   0.00186385  1.85525e-20 -0.000532997  1.57573e-20  0.000106139 -1.22106e-20 -1.17369e-05  3.14147e-21
-6.65656e-13  1.50916e-22  3.10127e-11 -1.77356e-22 -5.84347e-10  5.72725e-21  6.88978e-09 -2.87372e-20 -5.87509e-08  8.11033e-20  3.89955e-07 -1.75488e-19 -2.10592e-06   2.8242e-19  9.52915e-06 -3.33282e-19 -3.68826e-05  3.69529e-19  0.000123966 -5.82904e-19 -0.000365933   1.1089e-18  0.000956813 -1.68025e-18   -0.0022304  1.65938e-18   0.00465746  -6.7464e-19  -0.00874199 -6.55962e-19    0.0147817  1.02896e-18   -0.0225408 -2.80101e-21    0.0309998 -1.35355e-18    -0.038409  1.75984e-18    0.0427779    -1.37e-18   -0.0426743  1.06004e-18    0.0379338 -7.58152e-19    -0.029832  1.95927e-19    0.0205525  2.71098e-19   -0.0122381  -3.9002e-19   0.00618045  2.91434e-19  -0.00257569 -1.62454e-19  0.000849332  7.67157e-20  -0.00020644 -3.10972e-20  3.21005e-05  9.07775e-21 -2.07155e-06
-8.33269e-23 -4.15122e-12  3.54382e-23  1.11267e-10 -1.21076e-21  -1.6172e-09  1.07017e-20  1.60379e-08 -3.72325e-20 -1.19951e-07  9.11118e-20  7.15718e-07 -1.71246e-19 -3.53088e-06  2.32345e-19  1.47593e-05 -2.53522e-19 -5.32022e-05  3.32763e-19  0.000167547 -6.22314e-19 -0.000465528  1.09149e-18   0.00114971 -1.35795e-18  -0.00253799  9.71476e-19   0.00502829 -7.79829e-21  -0.00896588 -6.69614e-19     0.014412     2.66e-19   -0.0208958  8.96913e-19    0.0273138  -1.7039e-18   -0.0321352  1.66039e-18     0.033932  -1.3727e-18   -0.0320173   1.1761e-18    0.0268321 -7.78292e-19   -0.0198048  2.71098e-19    0.0127274  1.26244e-20  -0.00700899 -4.94226e-20   0.00323366 -8.26147e-22  -0.00120853  3.22631e-20  0.000346738 -3.01406e-20 -6.92904e-05  1.49746e-20  7.69093e-06 -3.34822e-21
 3.76679e-13 -6.36561e-23  -1.7585e-11  1.29198e-22  3.32012e-10 -3.15019e-21 -3.92253e-09  1.51776e-20  3.35162e-08 -4.27102e-20 -2.22912e-07  9.21912e-20  1.20627e-06 -1.46775e-19 -5.46941e-06  1.72775e-19  2.12129e-05 -1.97923e-19 -7.14459e-05  3.27572e-19  0.000211339 -6.28591e-19 -0.000553757  9.43417e-19   0.00129359 -9.24677e-19  -0.00270708  3.95022e-19   0.00509227  2.58975e-19   -0.0086296 -3.07574e-19    0.0131892 -4.39474e-19   -0.0181807  1.31882e-18    0.0225793 -1.59943e-18   -0.0252085  1.40177e-18      0.02521 -1.19956e-18   -0.0224669  9.11001e-19    0.0177151 -4.26104e-19   -0.0122381  1.26244e-20    0.0073079  1.59266e-19  -0.00370157 -1.61975e-19   0.00154742  1.10966e-19 -0.000511929 -6.23775e-20  0.000124861  2.83585e-20 -1.94873e-05 -8.63357e-21   1.2626e-06
 3.40774e-23  2.16951e-12 -1.55122e-23 -5.82706e-11  6.51089e-22  8.48677e-10  -5.2659e-21 -8.43371e-09  1.80564e-20  6.32079e-08 -4.42081e-20 -3.77926e-07   8.2422e-20  1.86831e-06 -1.10798e-19 -7.82592e-06  1.22615e-19   2.8269e-05 -1.69423e-19 -8.92141e-05  3.25952e-19   0.00024841 -5.69084e-19 -0.000614822  7.01714e-19   0.00136019 -5.06328e-19  -0.00270078  5.08464e-20   0.00482655  2.00245e-19  -0.00777609  1.39079e-19    0.0113008 -8.53005e-19   -0.0148069  1.33375e-18    0.0174632 -1.34206e-18   -0.0184857  1.20481e-18    0.0174875 -1.06146e-18   -0.0146942  7.58285e-19    0.0108756  -3.9002e-19  -0.00700899  1.59266e-19   0.00387128 -8.11539e-20  -0.00179158  6.68855e-20  0.000671757 -5.52809e-20 -0.000193395   3.4921e-20  3.87885e-05 -1.49763e-20 -4.32224e-06  3.08693e-21
