   1.649e-05  2.90178e-22 -0.000151902  -4.7534e-21  0.000408567  2.01853e-20 -0.000406131 -5.26708e-20  5.78845e-05  1.01682e-19  7.69144e-05 -1.20963e-19  4.21793e-06  7.00855e-20 -5.97114e-06 -5.30608e-21 -1.52441e-06 -1.17868e-20 -1.14292e-07  1.82369e-21 -1.02925e-10
 2.90178e-22  0.000236014   3.0812e-21  -0.00114247 -3.10198e-20   0.00204664  9.98343e-20  -0.00122785 -2.33156e-19 -0.000213619  3.87871e-19  0.000205179 -3.67157e-19  6.74751e-05  1.61261e-19  6.47568e-07 -5.67628e-21 -2.36765e-06 -2.43891e-20 -2.97435e-07  2.11531e-21
-0.000151902   3.0812e-21   0.00156089   1.6117e-20  -0.00483264 -1.03626e-19   0.00589279   2.8146e-19  -0.00167855 -6.53316e-19  -0.00117757  9.42647e-19  0.000114542 -6.90822e-19   0.00015023  2.18273e-19  2.77088e-05 -1.59554e-20   9.2996e-07 -2.96554e-20   -9.442e-08
 -4.7534e-21  -0.00114247   1.6117e-20   0.00635186  4.37465e-20   -0.0136771 -1.60303e-19    0.0111426  4.83098e-19  7.39757e-05 -1.31889e-18  -0.00237784  1.68505e-18 -0.000457942 -9.30539e-19  9.78603e-05   1.8556e-19  4.04404e-05 -5.69812e-20  3.78602e-06 -2.24936e-20
 0.000408567 -3.10198e-20  -0.00483264  4.37465e-20    0.0178939  2.83997e-20   -0.0279837  1.24185e-19    0.0140032  3.80149e-19   0.00496866 -1.98211e-18  -0.00232187  2.35303e-18  -0.00116277 -9.44599e-19 -0.000118636  6.31129e-20   1.2728e-05 -1.10804e-19  1.82487e-06
 2.01853e-20   0.00204664 -1.03626e-19   -0.0136771  2.83997e-20    0.0373169 -2.30496e-19   -0.0433156  1.25954e-18    0.0099262 -4.72464e-19    0.0109213 -2.20245e-18 -1.21208e-05  2.65516e-18    -0.001186 -7.08923e-19 -0.000268504 -9.35209e-20 -1.67706e-05 -1.13324e-19
-0.000406131  9.98343e-20   0.00589279 -1.60303e-19   -0.0279837 -2.30496e-19     0.060422 -9.57541e-19   -0.0522951  3.26596e-18  -0.00203011 -2.25828e-18     0.013672 -1.76107e-18   0.00340363  2.49315e-18 -0.000306539 -2.94569e-19 -0.000181909 -1.91434e-19  -1.3319e-05
-5.26708e-20  -0.00122785   2.8146e-19    0.0111426  1.24185e-19   -0.0433156 -9.57541e-19    0.0792453 -1.89722e-18   -0.0502374  5.04761e-18   -0.0177112 -4.61421e-18    0.0103264 -1.02471e-18   0.00529122  2.12086e-18  0.000652025  1.76182e-19 -1.15899e-05 -1.59879e-19
 5.78845e-05 -2.33156e-19  -0.00167855  4.83098e-19    0.0140032  1.25954e-18   -0.0522951 -1.89722e-18    0.0881994 -1.85131e-18   -0.0383749  5.16247e-18   -0.0308165 -6.71277e-18    0.0019773 -5.33797e-19   0.00413683  2.04134e-18  0.000831081  5.04683e-19  3.99074e-05
 1.01682e-19 -0.000213619 -6.53316e-19  7.39757e-05  3.80149e-19    0.0099262  3.26596e-18   -0.0502374 -1.85131e-18     0.088244   9.0722e-19   -0.0212807  3.69918e-18   -0.0364883 -7.61184e-18   -0.0068285 -9.87149e-20   0.00116992  2.41664e-18  0.000382725  4.63536e-19
 7.69144e-05  3.87871e-19  -0.00117757 -1.31889e-18   0.00496866 -4.72464e-19  -0.00203011  5.04761e-18   -0.0383749   9.0722e-19    0.0849741  7.27957e-18  -0.00236204  2.59587e-18   -0.0326261 -6.74415e-18   -0.0111494  1.00095e-18  -0.00100024  2.55948e-18  2.27058e-05
-1.20963e-19  0.000205179  9.42647e-19  -0.00237784 -1.98211e-18    0.0109213 -2.25828e-18   -0.0177112  5.16247e-18   -0.0212807  7.27957e-18     0.083849  1.59449e-17    0.0172949   3.0723e-18   -0.0203006 -4.41016e-18  -0.00930451  2.50821e-18    -0.001203  1.69021e-18
 4.21793e-06 -3.67157e-19  0.000114542  1.68505e-18  -0.00232187 -2.20245e-18     0.013672 -4.61421e-18   -0.0308165  3.69918e-18  -0.00236204  1.59449e-17    0.0869896  2.28411e-17    0.0360994  3.49748e-18   -0.0045162 -1.76118e-18   -0.0042099  2.96528e-18 -0.000455394
 7.00855e-20  6.74751e-05 -6.90822e-19 -0.000457942  2.35303e-18 -1.21208e-05 -1.76107e-18    0.0103264 -6.71277e-18   -0.0364883  2.59587e-18    0.0172949  2.28411e-17    0.0919155  2.27811e-17    0.0491316   1.6123e-18   0.00723842  2.11812e-20 -0.000357442  1.77974e-18
-5.97114e-06  1.61261e-19   0.00015023 -9.30539e-19  -0.00116277  2.65516e-18   0.00340363 -1.02471e-18    0.0019773 -7.61184e-18   -0.0326261   3.0723e-18    0.0360994  2.27811e-17    0.0919012  1.40732e-17    0.0502061  -1.6577e-18    0.0102874   5.7408e-19  0.000577769
-5.30608e-21  6.47568e-07  2.18273e-19  9.78603e-05 -9.44599e-19    -0.001186  2.49315e-18   0.00529122 -5.33797e-19   -0.0068285 -6.74415e-18   -0.0203006  3.49748e-18    0.0491316  1.40732e-17    0.0800856  2.07489e-18    0.0384378  -3.2145e-18   0.00672576  3.58908e-19
-1.52441e-06 -5.67628e-21  2.77088e-05   1.8556e-19 -0.000118636 -7.08923e-19 -0.000306539  2.12086e-18   0.00413683 -9.87149e-20   -0.0111494 -4.41016e-18   -0.0045162   1.6123e-18    0.0502061  2.07489e-18    0.0565139  -5.0869e-18    0.0211744 -2.24902e-18   0.00228548
-1.17868e-20 -2.36765e-06 -1.59554e-20  4.04404e-05  6.31129e-20 -0.000268504 -2.94569e-19  0.000652025  2.04134e-18   0.00116992  1.00095e-18  -0.00930451 -1.76118e-18   0.00723842  -1.6577e-18    0.0384378  -5.0869e-18    0.0301656 -5.09072e-18    0.0077688 -7.26498e-19
-1.14292e-07 -2.43891e-20   9.2996e-07 -5.69812e-20   1.2728e-05 -9.35209e-20 -0.000181909  1.76182e-19  0.000831081  2.41664e-18  -0.00100024  2.50821e-18   -0.0042099  2.11812e-20    0.0102874  -3.2145e-18    0.0211744 -5.09072e-18    0.0112532 -2.22624e-18   0.00159488
 1.82369e-21 -2.97435e-07 -2.96554e-20  3.78602e-06 -1.10804e-19 -1.67706e-05 -1.91434e-19 -1.15899e-05  5.04683e-19  0.000382725  2.55948e-18    -0.001203  2.96528e-18 -0.000357442   5.7408e-19   0.00672576 -2.24902e-18    0.0077688 -2.22624e-18    0.0025902 -4.37844e-19
-1.02925e-10  2.11531e-21   -9.442e-08 -2.24936e-20  1.82487e-06 -1.13324e-19  -1.3319e-05 -1.59879e-19  3.99074e-05  4.63536e-19  2.27058e-05  1.69021e-18 -0.000455394  1.77974e-18  0.000577769  3.58908e-19   0.00228548 -7.26498e-19   0.00159488 -4.37844e-19  0.000275228
