 7.54644e-11  2.37087e-25 -1.38098e-09 -8.73413e-24  9.21301e-09  6.08187e-23 -3.40288e-08 -8.08303e-23  7.81874e-08 -8.04422e-22 -1.14679e-07  4.98448e-21   1.0177e-07 -1.48744e-20 -4.11484e-08  2.89567e-20 -1.00333e-08 -4.09717e-20  1.46494e-08  4.62982e-20  9.31759e-10 -4.76426e-20 -4.00312e-09  5.01715e-20 -6.28163e-10 -5.26405e-20  9.15192e-10  4.85337e-20   3.8075e-10 -3.52707e-20 -1.03287e-10  1.80798e-20 -1.23678e-10 -4.85879e-21 -2.54507e-11 -6.54995e-22  1.53774e-11  7.39396e-22  1.20669e-11  1.97503e-22  2.73416e-12 -2.01062e-22  -8.7622e-13 -9.42253e-23 -9.18685e-13   7.5049e-23 -3.27368e-13   2.8802e-23  -2.6842e-14 -1.97412e-23  3.42512e-14 -8.86665e-24  2.17787e-14  3.93899e-24  6.98262e-15  2.12787e-24  9.87199e-16 -2.30659e-25 -2.86869e-16 -5.15491e-25 -2.51762e-16 -5.61487e-26 -9.81412e-17  6.96117e-26 -2.52577e-17  2.70306e-26 -3.84133e-18 -2.95477e-27   1.7082e-19 -4.82265e-27  3.53487e-19 -7.93515e-28  1.44858e-19  3.08067e-28  4.05927e-20  1.81831e-28  8.77949e-21   2.5161e-29  1.45921e-21 -1.47757e-29  1.59982e-22 -8.69094e-30 -7.77475e-25 -1.54336e-30 -6.01818e-24  4.23368e-31 -1.94149e-24  3.45052e-31 -4.29426e-25   1.1298e-31 -7.66117e-26  2.60026e-32 -1.15678e-26  4.73385e-33 -1.50258e-27  7.44067e-34 -1.68018e-28  1.00195e-34 -1.59628e-29  7.44006e-36 -1.24304e-30 -1.70036e-36 -7.16876e-32 -1.24871e-36 -1.80396e-33 -4.02209e-37  2.14692e-34 -7.82342e-38  3.96268e-35 -1.01392e-38  3.90597e-36 -9.42694e-40  2.83335e-37  -5.9427e-41  1.60989e-38 -9.36481e-43  7.21168e-40  2.56875e-43  2.51545e-41   2.7441e-44  6.48435e-43  1.37605e-45  1.08914e-44   3.8022e-47  1.02088e-46  3.91997e-49
 2.37087e-25  2.03441e-09   7.0426e-24 -2.09901e-08 -1.63921e-22  1.05268e-07  9.62031e-22 -3.16018e-07 -1.98641e-21  6.06871e-07 -2.70337e-21  -7.4231e-07  2.65547e-20  5.21161e-07 -7.73293e-20 -1.10884e-07  1.36714e-19 -1.08714e-07 -1.68053e-19  5.70119e-08  1.57754e-19  2.57155e-08 -1.34046e-19 -1.49238e-08  1.28477e-19  -8.6574e-09  -1.3548e-19  2.11165e-09  1.27247e-19   2.7074e-09 -9.24734e-20  3.56849e-10   4.5664e-20 -4.92495e-10 -9.47579e-21  -2.7633e-10 -4.43499e-21 -1.56591e-11  2.55273e-21   4.8521e-11   1.1041e-21  2.62814e-11 -7.92077e-22  4.17548e-12 -4.10331e-22 -2.43314e-12  2.77308e-22 -1.94741e-12  1.21046e-22 -6.44184e-13 -6.86969e-23 -5.53327e-14 -3.51791e-23  5.93107e-14   1.2316e-23   3.8396e-14  8.15684e-24  1.29403e-14 -4.29196e-25  2.37799e-15  -1.7656e-24 -1.41373e-16 -2.77532e-25 -3.01686e-16  2.11804e-25  -1.3524e-16  9.99731e-26  -3.9729e-17 -4.22143e-27 -8.19684e-18 -1.54853e-26 -9.28289e-19 -3.15551e-27  1.17454e-19  8.66905e-28  1.03485e-19   5.9214e-28  3.57779e-20   7.4869e-29  8.98392e-21 -5.54315e-29  1.80626e-21 -3.10006e-29  2.94887e-22 -5.17685e-30  3.73605e-23  1.65974e-30  2.93201e-24   1.3013e-30 -1.24329e-25  4.51742e-31 -1.05124e-25  1.15626e-31 -2.54799e-26  2.45916e-32 -4.45816e-27   4.4784e-33 -6.38159e-28  6.52451e-34 -7.78332e-29  6.20944e-35 -8.21606e-30 -1.91246e-36 -7.54138e-31 -3.32736e-36 -6.00683e-32 -1.04065e-36  -4.1216e-33 -1.89376e-37 -2.40469e-34 -2.29479e-38  -1.1684e-35 -2.01186e-39 -4.56595e-37 -1.22743e-40 -1.34473e-38 -2.74763e-42 -2.51238e-40  2.95436e-43 -6.53601e-43  3.04433e-44   1.0897e-43  1.27373e-45  2.35648e-45  2.51815e-47  1.91226e-47
-1.38098e-09   7.0426e-24   2.6843e-08  9.87163e-23 -1.91155e-07 -1.67098e-21  7.58705e-07  8.27338e-21 -1.89179e-06 -1.74191e-20  3.06127e-06  9.56135e-23 -3.10488e-06  9.54006e-20  1.63808e-06 -2.76629e-19  3.32079e-08  4.46138e-19 -5.00481e-07 -4.75195e-19  8.11765e-08  3.60601e-19  1.38134e-07 -2.36134e-19 -1.43921e-08  2.02644e-19 -3.90044e-08 -2.26219e-19 -4.86631e-09  2.24258e-19  8.33741e-09 -1.68011e-19    3.942e-09  8.30664e-20 -4.34094e-10 -1.26516e-20 -1.04764e-09 -1.38459e-20 -3.71891e-10  6.11554e-21  3.70244e-11  3.54483e-21  8.92287e-11 -2.09755e-21  3.80969e-11 -1.19965e-21  4.20739e-12  6.99592e-22 -4.01297e-12  3.46898e-22 -2.76641e-12 -1.64574e-22 -8.86813e-13 -9.55367e-23 -9.45002e-14  2.64731e-23  6.29334e-14  2.12311e-23  4.41751e-14 -1.73022e-25  1.58769e-14  -4.1562e-24  3.53917e-15 -8.46112e-25  2.55334e-16  4.39989e-25 -1.86411e-16  2.50615e-25 -1.09287e-16  2.10623e-27 -3.66498e-17 -3.39375e-26 -8.98062e-18 -7.85325e-27 -1.61298e-18  1.76644e-27 -1.66308e-19  1.27799e-27  1.56807e-20  1.05397e-28  1.36573e-20 -1.59329e-28  4.35093e-21 -7.96562e-29   1.0116e-21 -1.19689e-29  1.91465e-22  4.78873e-30  3.04326e-23  3.56803e-30  4.06198e-24  1.28817e-30  4.41244e-25  3.51683e-31  3.49076e-26  8.03733e-32  9.69232e-28  1.54028e-32 -2.89398e-28  2.33239e-33 -7.18523e-29  2.53937e-34 -1.06403e-29  9.94208e-36  -1.2214e-30 -4.93629e-36 -1.15864e-31 -1.71071e-36 -9.27565e-33 -3.00477e-37 -6.29435e-34 -3.44092e-38 -3.60282e-35 -2.85544e-39 -1.71743e-36 -1.67586e-40 -6.66798e-38 -4.41764e-42 -2.03336e-39  1.97926e-43 -4.59113e-41  2.08096e-44 -7.00349e-43  6.97349e-46 -6.04535e-45  8.09954e-48
-8.73413e-24 -2.09901e-08  9.87163e-23  2.31091e-07  8.80087e-22 -1.24364e-06 -1.16142e-20  4.03779e-06   4.9117e-20 -8.48781e-06 -9.73696e-20  1.16152e-05  4.21701e-20 -9.63023e-06  2.69005e-19  3.39825e-06 -7.87482e-19  1.32437e-06  1.16031e-18 -1.40987e-06 -1.06742e-18 -1.94053e-07  6.32818e-19   4.0626e-07 -2.78438e-19  8.86042e-08  2.07315e-19 -9.40312e-08 -2.75047e-19  -4.5457e-08  3.01511e-19  9.92634e-09 -2.44591e-19  1.43527e-08   1.2987e-19  3.29146e-09 -1.52306e-20 -1.77005e-09 -3.11664e-20 -1.49222e-09  1.22516e-20 -3.53766e-10   8.4388e-21  1.10027e-10 -4.41522e-21  1.20001e-10 -2.74864e-21  4.34719e-11  1.40367e-21  3.48345e-12  7.82558e-22 -4.77768e-12 -3.14817e-22 -3.04594e-12  -2.0475e-22 -9.79379e-13  4.51226e-23 -1.35709e-13   4.3611e-23  4.35386e-14  1.23764e-24  3.72451e-14   -7.802e-24    1.451e-14 -1.93564e-24  3.73987e-15   7.2025e-25  5.68099e-16  4.93414e-25 -2.69274e-17  2.40728e-26 -5.34045e-17 -5.78462e-26 -2.18925e-17  -1.4201e-26 -6.15273e-18  3.08558e-27 -1.33812e-18  2.05509e-27 -2.25112e-19  -4.5615e-29 -2.56757e-20 -3.97712e-28 -3.03693e-22 -1.72334e-28  8.05121e-22  -2.2466e-29  2.70444e-22  1.15268e-29  6.04142e-23  8.14252e-30  1.08055e-23  2.99909e-30   1.6319e-24  8.46223e-31  2.12069e-25  1.99087e-31  2.37964e-26  3.87492e-32  2.28713e-27  5.98487e-33  1.83898e-28  7.05341e-34  1.16703e-29  5.11488e-35  4.82303e-31 -3.40826e-36 -2.73318e-33 -1.97929e-36 -2.80189e-33 -3.52898e-37 -3.13575e-34 -3.87693e-38 -2.29929e-35 -3.06022e-39 -1.26261e-36 -1.71608e-40 -5.29126e-38 -4.81432e-42   -1.654e-39  7.92518e-44 -3.59842e-41   9.8408e-45 -4.88501e-43  2.44992e-46  -2.7207e-45
 9.21301e-09 -1.63921e-22 -1.91155e-07  8.80087e-22  1.46009e-06   5.6641e-21 -6.25607e-06 -6.07789e-20  1.69972e-05  2.22286e-19 -3.04256e-05 -4.04545e-19   3.5174e-05  2.34742e-19 -2.31764e-05  6.38506e-19  3.73511e-06 -1.89332e-18  5.66018e-06  2.54254e-18 -2.50491e-06 -2.00671e-18 -1.42934e-06  8.83072e-19  6.99209e-07 -1.72548e-19  4.76861e-07  1.02624e-19 -9.76328e-08 -2.41071e-19 -1.49237e-07  3.10201e-19 -2.23627e-08 -3.00613e-19  2.78204e-08  1.91271e-19  1.62954e-08 -2.23785e-20  9.33389e-10 -5.81334e-20 -2.99665e-09  2.20311e-20 -1.63465e-09  1.65157e-20 -2.48847e-10 -7.91739e-21  1.66553e-10 -5.27224e-21  1.29751e-10  2.38974e-21  4.21552e-11  1.47431e-21  2.93295e-12 -5.12123e-22  -4.4056e-12 -3.67853e-22 -2.74047e-12  6.50221e-23 -9.06329e-13    7.537e-23   -1.589e-13  4.40323e-24  1.49365e-14 -1.24347e-23  2.32696e-14 -3.61556e-24  1.01503e-14  9.78353e-25  2.94295e-15  8.11134e-25  5.98366e-16  6.89573e-26  6.47527e-17 -7.87634e-26 -9.93068e-18 -1.90114e-26  -7.9619e-18  4.96511e-27 -2.70817e-18   2.4047e-27 -6.74779e-19  -7.1068e-28 -1.35082e-19 -8.90122e-28 -2.20376e-20 -3.34175e-28 -2.81407e-21 -3.70292e-29 -2.31771e-22  2.41158e-29  4.99396e-24  1.62084e-29  6.75787e-24  5.99303e-30  1.67498e-24  1.70843e-30  2.92663e-25  4.03719e-31  4.15173e-26  7.83933e-32  4.99804e-27  1.21895e-32  5.19309e-28  1.50213e-33  4.68158e-29  1.34957e-34  3.65649e-30  3.44167e-36  2.45807e-31  -1.5188e-36  1.40571e-32 -3.12054e-37  6.71663e-34  -3.3857e-38  2.60857e-35 -2.56747e-39  7.89033e-37 -1.36873e-40   1.7227e-38 -3.82378e-42  2.35097e-40  1.19125e-44  1.23495e-42  3.28526e-45  -1.4565e-44  5.06181e-47
 6.08187e-23  1.05268e-07 -1.67098e-21 -1.24364e-06   5.6641e-21  7.22092e-06  2.82101e-20 -2.54838e-05 -2.53223e-19  5.88853e-05   8.0955e-19 -9.03113e-05 -1.34014e-18   8.7624e-05   8.2666e-19 -4.33876e-05  1.33675e-18  -3.6214e-06  -3.9715e-18  1.49954e-05    4.827e-18 -1.84143e-06 -3.22033e-18 -4.37186e-06  9.47782e-19  3.39344e-07  1.12171e-19  1.27492e-06 -5.95626e-20  1.77261e-07 -1.21266e-19 -2.84612e-07  2.00349e-19 -1.38171e-07 -3.14731e-19  1.69336e-08  2.78294e-19  3.88788e-08 -4.22609e-20  1.35252e-08 -9.57299e-20 -1.81334e-09  3.63818e-20 -3.59335e-09  2.79959e-20  -1.4812e-09 -1.25289e-20 -1.26439e-10 -8.76897e-21  1.83842e-10   3.5809e-21  1.18555e-10  2.39666e-21  3.62472e-11 -7.36565e-22  2.87071e-12 -5.73398e-22 -3.21066e-12  8.29472e-23 -2.05283e-12  1.13696e-22 -7.10628e-13  9.40807e-24 -1.50279e-13 -1.74361e-23 -6.90835e-15 -5.79322e-24  1.00062e-14  1.11335e-24  5.36074e-15  1.15258e-24  1.74286e-15  1.44373e-25  4.17611e-16 -8.07148e-26  7.29181e-17 -1.62715e-26  6.92635e-18    7.524e-27 -9.31696e-19  1.42153e-27 -6.72633e-19 -2.40017e-27 -2.07206e-19 -1.80217e-27 -4.73031e-20 -5.96844e-28 -8.83271e-21 -5.62856e-29 -1.38857e-21  4.46823e-29 -1.83832e-22  2.87292e-29 -1.99289e-23  1.05343e-29 -1.60756e-24  2.98643e-30 -5.70846e-26  6.98234e-31  9.76514e-27  1.33799e-31  2.63595e-27   2.0727e-32  3.90056e-28  2.60704e-33  4.39376e-29  2.57154e-34  4.05182e-30  1.53079e-35  3.12961e-31 -3.73081e-37  2.03331e-32 -1.92656e-37  1.10408e-33 -2.24035e-38  4.93318e-35 -1.67764e-39   1.7666e-36 -8.51934e-41  4.86279e-38 -2.25436e-42  9.61094e-40 -5.86704e-45   1.1858e-41  7.56581e-46  5.75154e-44
-3.40288e-08  9.62031e-22  7.58705e-07 -1.16142e-20 -6.25607e-06  2.82101e-20   2.9115e-05   1.1359e-19 -8.66696e-05 -8.70546e-19  0.000172331    2.455e-18  -0.00022704 -3.68474e-18  0.000182247  2.22383e-18 -5.97038e-05  2.55916e-18 -2.96975e-05 -7.41986e-18   2.8284e-05  8.06603e-18  4.80786e-06 -4.40834e-18 -8.70707e-06  6.15819e-19 -2.03286e-06  4.86491e-19   2.1449e-06 -1.08167e-19  1.05028e-06  4.53423e-20 -2.57245e-07 -7.29101e-20 -3.53609e-07 -2.69178e-19 -7.47183e-08  4.03101e-19  5.01333e-08 -8.22461e-20  3.92633e-08 -1.43525e-19  8.28278e-09  5.53101e-20 -3.69678e-09  4.22548e-20 -3.46831e-09 -1.78471e-20 -1.16617e-09 -1.29007e-20 -3.98314e-11  4.84422e-21  1.62958e-10  3.43087e-21  9.40706e-11 -9.66358e-22  2.82102e-11 -7.93362e-22  2.97764e-12  9.79551e-23 -1.80908e-12  1.53478e-22 -1.27781e-12  1.56577e-23 -4.69806e-13 -2.20344e-23 -1.14723e-13 -8.25482e-24 -1.52218e-14  1.01425e-24  1.91649e-15  1.45217e-24  1.99333e-15  2.65796e-25  7.60539e-16 -3.98793e-26  2.06233e-16   2.0738e-27  4.35734e-17  1.06302e-26  7.08335e-18 -2.12836e-27  7.52995e-19 -5.73372e-27 -7.95791e-21 -3.31534e-27 -2.89384e-20  -9.9142e-28 -9.05266e-21 -8.12929e-29 -1.95648e-21  7.41546e-29 -3.41576e-22  4.58394e-29 -5.05111e-23  1.65244e-29 -6.43571e-24  4.60839e-30 -7.08705e-25  1.05559e-30 -6.69574e-26  1.98101e-31  -5.3159e-27  3.03045e-32 -3.37838e-28  3.82138e-33 -1.49028e-29  3.91186e-34 -1.38242e-31  2.89073e-35  5.12466e-32  1.03735e-36  6.08285e-33 -4.76442e-38  4.33233e-34 -9.78291e-39  2.23415e-35 -8.03157e-40  8.55083e-37  -3.9945e-41  2.36047e-38  -9.6044e-43  4.32851e-40 -3.79772e-45   4.2279e-42  1.10934e-46
-8.08303e-23 -3.16018e-07  8.27338e-21  4.03779e-06 -6.07789e-20 -2.54838e-05   1.1359e-19  9.84393e-05  3.81012e-19  -0.00025154 -2.53187e-18  0.000433991  6.34685e-18 -0.000490637  -8.6316e-18  0.000317115  4.88628e-18  -4.4374e-05  4.59942e-18 -8.56655e-05 -1.25282e-17  3.69948e-05  1.19798e-17  2.25472e-05 -5.01933e-18 -1.13458e-05 -3.21565e-19 -7.77006e-06  7.38879e-19  1.84412e-06  2.02811e-19  2.59811e-06  1.99505e-19  3.13609e-07 -5.40497e-19 -5.46844e-07 -1.54008e-19  -2.9505e-07  5.71468e-19 -1.66239e-09  -1.4451e-19  6.44172e-08 -1.98553e-19  3.18066e-08  7.72053e-20  3.30839e-09  5.75646e-20 -4.26348e-09 -2.31882e-20 -2.85819e-09 -1.69693e-20 -8.29491e-10  6.04762e-21 -2.34828e-12  4.38374e-21  1.20479e-10 -1.19045e-21   6.5635e-11 -9.91171e-22  1.99346e-11  1.12041e-22  2.82363e-12  1.88944e-22 -7.06115e-13  2.21058e-23 -6.46555e-13 -2.56024e-23 -2.57797e-13 -1.08045e-23 -7.04727e-14  5.78015e-25 -1.32359e-14  1.66958e-24 -1.05389e-15  4.69181e-25  3.87176e-16  7.44486e-26  2.25373e-16  4.44687e-26  7.12145e-17  1.36748e-26  1.70241e-17 -9.59087e-27  3.29621e-18 -1.12801e-26  5.19503e-19 -5.56513e-27  6.32585e-20 -1.53437e-27  4.63446e-21 -1.13032e-28 -2.57655e-22  1.11147e-28 -1.75198e-22  6.63049e-29 -4.02582e-23  2.33557e-29   -6.741e-24  6.35943e-30 -9.23854e-25  1.41744e-30  -1.0767e-25  2.58975e-31 -1.08274e-26  3.88203e-32 -9.43254e-28  4.83979e-33  -7.1022e-29  4.97914e-34 -4.58806e-30  3.95932e-35 -2.51149e-31  2.17349e-36 -1.14345e-32  6.71146e-38 -4.21182e-34 -4.69311e-40 -1.20464e-35 -2.10995e-40 -2.50125e-37 -1.23461e-41 -3.31858e-39 -2.61816e-43  -1.9149e-41 -5.77567e-46  1.84826e-44
 7.81874e-08 -1.98641e-21 -1.89179e-06   4.9117e-20  1.69972e-05 -2.53223e-19 -8.66696e-05  3.81012e-19  0.000284917  1.08794e-18 -0.000633355 -6.34454e-18  0.000953505  1.42318e-17  -0.00091993 -1.75502e-17  0.000454439  9.07054e-18  4.67041e-05  7.86628e-18 -0.000171437 -1.93351e-17  2.27905e-05   1.5919e-17  5.27499e-05 -4.36242e-18 -5.64555e-06 -2.00661e-18 -1.64482e-05  6.12202e-19 -1.67049e-06  1.09147e-18  4.11445e-06  2.91121e-19  1.78037e-06 -1.20409e-18 -3.86033e-07  2.75257e-20 -5.93637e-07  7.75898e-19 -1.75606e-07 -2.23237e-19   4.7932e-08 -2.54386e-19  6.07217e-08  9.87891e-20  2.17691e-08  7.11059e-20  1.17212e-10 -2.78031e-20 -3.78498e-09 -2.00438e-20  -2.0805e-09  7.12597e-21 -5.49996e-10  5.04812e-21  1.32739e-12 -1.41279e-21  7.51246e-11 -1.13425e-21  4.03028e-11  1.28501e-22  1.26669e-11  2.15489e-22  2.27879e-12  2.76488e-23 -8.91746e-14 -2.79884e-23 -2.51129e-13 -1.34352e-23 -1.14065e-13 -2.61426e-25 -3.44387e-14  1.83811e-24 -7.73642e-15  8.22896e-25 -1.22444e-15  2.97302e-25 -7.69234e-17  1.17893e-25  3.11427e-17  1.56213e-26  1.53794e-17 -2.20127e-26  4.32948e-18 -1.93199e-26  9.39977e-19 -8.55974e-27  1.68892e-19 -2.21055e-27  2.56267e-20 -1.51288e-28   3.2676e-21  1.51454e-28  3.38017e-22  8.74097e-29  2.51789e-23  2.99552e-29  5.81128e-25  7.92042e-30 -2.07869e-25  1.70914e-30 -4.71655e-26  3.02503e-31 -6.50514e-27  4.41293e-32 -6.93936e-28  5.37852e-33 -6.07504e-29  5.44587e-34 -4.44357e-30  4.38943e-35  -2.7184e-31  2.68603e-36 -1.37757e-32  1.22957e-37 -5.67129e-34  3.99254e-39 -1.83637e-35  5.99741e-41 -4.43369e-37  -8.0688e-43  -7.2247e-39 -1.98548e-44 -6.28479e-41  1.83806e-46
-8.04422e-22  6.06871e-07 -1.74191e-20 -8.48781e-06  2.22286e-19  5.88853e-05 -8.70546e-19  -0.00025154  1.08794e-18  0.000717238  2.68796e-18  -0.00140155 -1.38904e-17   0.00184682   2.8048e-17  -0.00150303 -3.14154e-17   0.00050647  1.45199e-17  0.000257491  1.28119e-17 -0.000261716 -2.75316e-17  -3.7664e-05  1.90268e-17  8.67542e-05 -1.86096e-18  1.64106e-05 -4.45774e-18  -2.3855e-05  -7.1227e-20 -1.00397e-05  2.63926e-18  3.80555e-06  2.96735e-19  3.98887e-06 -2.02022e-18  5.67503e-07  2.55224e-19 -7.35168e-07  9.92806e-19 -4.69591e-07 -3.04864e-19 -6.50537e-08 -3.01253e-19  6.56167e-08  1.15962e-19  4.72662e-08  7.94222e-20  1.30632e-08 -3.12009e-20 -1.19752e-09 -2.12334e-20 -2.81129e-09  8.11436e-21 -1.36484e-09  5.28242e-21 -3.46617e-10  -1.6425e-21 -6.98462e-12 -1.20407e-21  3.91209e-11  1.49413e-22  2.15722e-11    2.308e-22  7.10988e-12  3.12651e-23  1.52862e-12 -2.98182e-23  1.26876e-13 -1.64332e-23 -6.26678e-14 -1.48304e-24 -3.84438e-14  2.10416e-24 -1.30362e-14  1.43122e-24 -3.29416e-15    6.636e-25 -6.51356e-16  2.26565e-25 -9.63591e-17  1.55521e-26 -7.85037e-18 -3.95678e-26  9.28629e-19 -2.95892e-26  5.82322e-19 -1.21084e-26  1.57424e-19 -2.96107e-27   3.1741e-20 -1.93429e-28  5.27801e-21  1.88657e-28  7.48889e-22  1.05486e-28  9.17539e-23  3.50548e-29  9.70873e-24  8.96367e-30  8.78471e-25  1.86506e-30  6.63357e-26  3.18363e-31  3.94935e-27  4.49166e-32   1.5507e-28  5.30172e-33 -1.40931e-31  5.20418e-34 -6.61727e-31  4.11578e-35 -6.74044e-32  2.55477e-36 -4.32466e-33  1.24505e-37 -2.00496e-34  4.63055e-39 -6.77422e-36  1.15807e-40 -1.58747e-37  1.72406e-42 -2.25505e-39  1.76292e-44 -1.25736e-41
-1.14679e-07 -2.70337e-21  3.06127e-06 -9.73696e-20 -3.04256e-05   8.0955e-19  0.000172331 -2.53187e-18 -0.000633355  2.68796e-18    0.0015904  5.81887e-18  -0.00275455 -2.68594e-17   0.00317867  4.90959e-17  -0.00213641 -5.00815e-17  0.000345737  2.03324e-17  0.000600187  1.97184e-17 -0.000300041 -3.64652e-17 -0.000158828  2.05745e-17  0.000102538  2.64699e-18  5.84674e-05 -7.54449e-18 -2.16417e-05 -1.30306e-18 -2.24013e-05  4.73428e-18 -6.83648e-07  2.20399e-19  5.81153e-06 -2.89605e-18  2.50999e-06  4.92791e-19 -3.27844e-07  1.18566e-18 -7.41595e-07 -3.71493e-19 -2.95081e-07 -3.27649e-19  3.32981e-09  1.25296e-19  6.02125e-08  7.93076e-20  3.20845e-08  -3.3423e-20  7.13574e-09 -2.00268e-20 -1.29297e-09  9.11668e-21 -1.80645e-09   5.0704e-21 -8.14511e-10 -1.87419e-21 -2.08067e-10 -1.19731e-21 -1.31948e-11  1.74795e-22  1.63593e-11  2.34931e-22  9.85753e-12   3.1666e-23  3.44457e-12 -3.26696e-23  8.43312e-13 -2.03345e-23  1.30898e-13 -2.90996e-24  2.03429e-18   2.7397e-24 -8.45707e-15  2.42353e-24 -3.59467e-15  1.20199e-24  -1.0193e-15  3.71679e-25 -2.27111e-16  1.36782e-26 -4.12636e-17 -6.09815e-26 -6.02782e-18 -4.11081e-26  -6.4433e-19 -1.57976e-26 -2.76702e-20 -3.68439e-27  8.04392e-21 -2.33807e-28  2.79393e-21  2.15857e-28  5.58655e-22  1.16979e-28  8.66896e-23  3.75946e-29  1.12197e-23  9.26545e-30   1.2432e-24  1.85236e-30  1.19069e-25  3.03702e-31  9.86939e-27  4.12014e-32  7.04874e-28  4.67124e-33  4.29788e-29  4.39304e-34  2.20493e-30  3.33791e-35  9.31609e-32  2.00997e-36  3.14116e-33  9.53707e-38  8.05319e-35  3.42376e-39  1.44569e-36  8.33396e-41  1.54565e-38  1.20579e-42  6.46141e-41  7.70241e-45
 4.98448e-21  -7.4231e-07  9.56135e-23  1.16152e-05 -4.04545e-19 -9.03113e-05    2.455e-18  0.000433991 -6.34454e-18  -0.00140155  5.81887e-18   0.00313904  1.11454e-17  -0.00485063 -4.62637e-17   0.00489049  7.69817e-17  -0.00261157   -7.181e-17 -0.000150662  2.52058e-17   0.00102273  2.83847e-17 -0.000211469 -4.52484e-17 -0.000328498  2.03185e-17  6.95665e-05  8.72054e-18  0.000112933 -1.10098e-17 -3.16788e-07 -2.86461e-18 -3.36832e-05  7.09419e-18 -1.07189e-05   8.7041e-20  5.18734e-06  -3.7045e-18  4.94514e-06  6.94017e-19  9.54417e-07  1.31337e-18 -7.00594e-07 -4.06301e-19 -5.67183e-07 -3.23122e-19 -1.51208e-07  1.25554e-19   3.0409e-08  6.88907e-20  4.47956e-08 -3.51022e-20  1.96434e-08 -1.65602e-20  3.71447e-09  1.02114e-20 -8.92573e-10  4.52728e-21 -1.01616e-09 -2.07113e-21  -4.4193e-10 -1.11727e-21 -1.17177e-10  2.04865e-22 -1.34258e-11  2.29568e-22  4.88619e-12  2.66897e-23  3.70256e-12 -3.89499e-23  1.39873e-12 -2.56946e-23  3.77957e-13 -4.14166e-24  7.53127e-14  4.11633e-24  9.34457e-15   3.9285e-24 -3.14229e-16    1.928e-24 -5.96314e-16  5.52162e-25 -2.13276e-16  1.24148e-26 -5.33997e-17 -8.32316e-26 -1.07615e-17 -5.22069e-26 -1.81746e-18 -1.90432e-26 -2.59175e-19 -4.25468e-27 -3.06853e-20 -2.64362e-28 -2.83707e-21  2.27882e-28  -1.6043e-22   1.1961e-28  5.78183e-24   3.7083e-29  3.21412e-24  8.78257e-30  5.51115e-25  1.68161e-30  6.74249e-26  2.63767e-31  6.61176e-27  3.42208e-32  5.37768e-28  3.69912e-33    3.659e-29  3.29974e-34  2.07359e-30  2.37119e-35  9.64873e-32  1.34753e-36  3.59465e-33  5.95939e-38  1.02846e-34  1.93824e-39  2.10282e-36  4.09647e-41   2.6598e-38  4.53562e-43  1.34998e-40
  1.0177e-07  2.65547e-20 -3.10488e-06  4.21701e-20   3.5174e-05 -1.34014e-18  -0.00022704  6.34685e-18  0.000953505 -1.38904e-17  -0.00275455  1.11454e-17   0.00556441  1.90316e-17  -0.00771158 -7.14545e-17   0.00675211  1.08888e-16  -0.00265465 -9.34442e-17  -0.00103425  2.80225e-17   0.00139816  3.78712e-17  6.49541e-05 -5.29343e-17 -0.000497418  1.86796e-17 -3.70903e-05  1.53682e-17  0.000157885 -1.45319e-17  4.47439e-05 -4.40649e-18 -3.50439e-05   9.3537e-18  -2.4759e-05 -6.12986e-20  9.35574e-09 -4.31477e-18  6.48622e-06  8.12636e-19  3.02006e-06  1.34074e-18 -3.41941e-08 -3.99081e-19 -6.90041e-07 -2.81277e-19 -3.62344e-07  1.18566e-19 -6.27449e-08  4.85295e-20  3.19648e-08  -3.7232e-20  2.88069e-08 -1.16894e-20  1.10992e-08   1.1335e-20  1.93365e-09    3.843e-21 -4.58083e-10 -2.16429e-21 -4.98983e-10 -9.61044e-22 -2.15835e-10  2.44046e-22 -6.03239e-11  2.17002e-22 -9.80028e-12   1.3038e-23  5.23036e-13 -5.13037e-23  1.05675e-12 -3.27033e-23  4.56175e-13 -4.51571e-24  1.34712e-13  6.64179e-24  3.06914e-14  6.03942e-24  5.39217e-15  2.83825e-24  6.40144e-16  7.65872e-25  7.64976e-18  1.68577e-26 -2.16977e-17 -1.01818e-25 -7.52944e-18 -6.08166e-26 -1.73528e-18 -2.12207e-26 -3.19695e-19  -4.5539e-27 -4.96709e-20 -2.76593e-28   -6.637e-21  2.22995e-28 -7.66388e-22  1.13116e-28  -7.6073e-23  3.37452e-29 -6.38176e-24  7.65806e-30 -4.35239e-25  1.39986e-30 -2.17756e-26  2.09244e-31 -4.79067e-28   2.5824e-32  4.44137e-29  2.64292e-33  6.77367e-30  2.21599e-34  5.26233e-31  1.48618e-35  2.86874e-32  7.80631e-37  1.14813e-33  3.12136e-38  3.29261e-35  8.80336e-40  6.21545e-37  1.49015e-41  6.19041e-39  9.91116e-44
-1.48744e-20  5.21161e-07  9.54006e-20 -9.63023e-06  2.34742e-19   8.7624e-05 -3.68474e-18 -0.000490637  1.42318e-17   0.00184682 -2.68594e-17  -0.00485063  1.90316e-17   0.00892916  2.91364e-17   -0.0111434 -9.94611e-17   0.00837874  1.39745e-16   -0.0020179 -1.11278e-16  -0.00222865  2.84544e-17   0.00155207  4.64998e-17  0.000537095 -5.86959e-17 -0.000586752   1.6625e-17 -0.000219001  2.13493e-17  0.000161879 -1.77969e-17  0.000107218 -5.59624e-18 -1.73046e-05  1.11716e-17 -3.74007e-05  -1.6537e-19 -1.03579e-05 -4.62493e-18  5.24317e-06  8.13282e-19  5.10487e-06   1.2471e-18   1.3492e-06 -3.50113e-19 -4.24584e-07 -2.01965e-19 -5.14354e-07  1.09068e-19 -2.03052e-07  2.11657e-20 -2.00886e-08 -4.07111e-20  2.33823e-08 -6.80742e-21  1.64866e-08  1.22049e-20  5.86592e-09  3.18711e-21  1.03184e-09 -2.07202e-21 -1.68668e-10 -7.11964e-22 -2.10207e-10  3.03067e-22 -9.31188e-11  1.99129e-22 -2.75531e-11 -1.30933e-23 -5.55113e-12 -7.15291e-23 -4.78753e-13 -4.07439e-23  1.77567e-13 -3.12683e-24  1.10164e-13  1.06727e-23  3.66485e-14   8.7813e-24  9.18226e-15  3.90758e-24  1.85656e-15  1.01034e-24  3.04255e-16  3.40569e-26  3.82268e-17 -1.11718e-25  2.79738e-18 -6.49844e-26 -2.07449e-19  -2.1838e-26 -1.27664e-19 -4.50717e-27 -2.99122e-20 -2.64392e-28 -5.15543e-21  2.03304e-28 -7.28836e-22  9.92393e-29 -8.76615e-23  2.84043e-29 -9.09672e-24  6.15828e-30  -8.1754e-25  1.07122e-30 -6.34817e-26  1.51978e-31 -4.22803e-27  1.77481e-32 -2.38593e-28  1.70803e-33 -1.12006e-29  1.33432e-34 -4.25792e-31  8.24883e-36 -1.25829e-32  3.93069e-37 -2.70521e-34  1.38239e-38 -3.74521e-36  3.23322e-40 -2.50689e-38  3.94813e-42  -1.4002e-41
-4.11484e-08 -7.73293e-20  1.63808e-06  2.69005e-19 -2.31764e-05   8.2666e-19  0.000182247  -8.6316e-18  -0.00091993   2.8048e-17   0.00317867 -4.62637e-17  -0.00771158  2.91364e-17    0.0130659  4.01512e-17   -0.0147277 -1.25218e-16   0.00932738   1.6349e-16 -0.000587335 -1.22217e-16  -0.00351937  2.71832e-17   0.00132337   5.2199e-17   0.00113571 -6.19685e-17 -0.000514721     1.53e-17 -0.000443062   2.5598e-17  9.65108e-05 -2.05527e-17  0.000167791 -6.26015e-18  2.37125e-05  1.23119e-17 -4.05329e-05 -1.52462e-19 -2.37557e-05 -4.58315e-18 -1.95109e-07  6.81045e-19  5.87441e-06  1.03039e-18  3.09951e-06 -2.71187e-19  3.62886e-07 -9.19694e-20 -4.47572e-07  1.03498e-19 -3.24185e-07 -8.03775e-21 -1.03499e-07 -4.58404e-20 -4.28095e-09 -3.45406e-21  1.38636e-08  1.23332e-20   8.5003e-09  2.62235e-21  2.90612e-09 -1.73329e-21  5.52996e-10 -3.44506e-22 -3.02784e-11  3.95731e-22 -7.30673e-11  1.76557e-22 -3.44937e-11 -5.44231e-23 -1.08231e-11  -9.9265e-23 -2.49954e-12  -4.8069e-23 -3.92782e-13  1.07755e-24 -1.62267e-14  1.64258e-23  1.52149e-14  1.20903e-23  6.90906e-15  5.08969e-24  1.95309e-15  1.28222e-24   4.3209e-16  7.09376e-26  7.93248e-17 -1.08828e-25  1.22699e-17 -6.34584e-26  1.58295e-18 -2.06895e-26  1.62484e-19 -4.10777e-27  1.11663e-20 -2.26636e-28 -3.47968e-23  1.73753e-28 -1.65864e-22  8.10203e-29 -3.32215e-23  2.21683e-29 -4.49842e-24  4.57676e-30 -4.82377e-25  7.54958e-31 -4.28199e-26  1.01238e-31 -3.18819e-27  1.11265e-32 -1.98917e-28  9.99912e-34 -1.02909e-29  7.21271e-35 -4.32681e-31  4.05849e-36 -1.43071e-32  1.72127e-37 -3.52387e-34  5.16564e-39 -5.85793e-36  9.44746e-41 -5.23199e-38  6.74399e-43
 2.89567e-20 -1.10884e-07 -2.76629e-19  3.39825e-06  6.38506e-19 -4.33876e-05  2.22383e-18  0.000317115 -1.75502e-17  -0.00150303  4.90959e-17   0.00489049 -7.14545e-17   -0.0111434  4.01512e-17    0.0175569  4.99203e-17   -0.0179095 -1.42899e-16   0.00924099  1.74965e-16   0.00154725 -1.24614e-16  -0.00460488  2.55696e-17  0.000632061  5.30982e-17   0.00172204 -6.25448e-17 -0.000231755  1.55892e-17 -0.000644841  2.75803e-17 -4.85622e-05 -2.26271e-17  0.000198656 -6.44934e-18  8.26739e-05  1.26754e-17 -2.66338e-05  4.89284e-20  -3.5084e-05 -4.19168e-18 -9.61924e-06  4.27261e-19  3.97548e-06  7.06176e-19  4.40531e-06 -1.83489e-19  1.54143e-06  3.59161e-20 -4.99294e-08  1.08141e-19 -3.29392e-07 -3.27069e-20 -1.81482e-07 -5.19875e-20 -4.96309e-08 -2.84956e-21 -3.33146e-10  1.11497e-20  6.94311e-09  2.07282e-21  3.94852e-09 -1.13942e-21  1.33662e-09   1.5787e-22  2.82826e-10  5.30058e-22  1.33802e-11  1.47923e-22 -1.91233e-11  -1.1057e-22 -1.04981e-11 -1.30977e-22 -3.52989e-12 -5.17844e-23 -8.94162e-13  9.11859e-24 -1.74975e-13  2.39066e-23 -2.42245e-14  1.58109e-23 -1.14187e-15  6.32066e-24  6.04136e-16  1.57508e-24   2.5615e-16  1.31412e-25    6.529e-17 -9.14159e-26  1.30168e-17  -5.6121e-26  2.17093e-18 -1.79309e-26   3.1029e-19  -3.4217e-27   3.8274e-20 -1.68328e-28  4.05803e-21  1.40262e-28  3.63948e-22  6.17641e-29  2.65814e-23  1.60796e-29  1.42753e-24  3.14928e-30  3.37265e-26  4.90753e-31 -3.42175e-27   6.1923e-32 -5.68079e-28   6.3683e-33 -4.85924e-29  5.30504e-34  -2.9564e-30  3.49943e-35 -1.34674e-31  1.76757e-36 -4.53688e-33  6.52869e-38 -1.06691e-34  1.60885e-39 -1.52923e-36  2.09214e-41 -8.68751e-39
-1.00333e-08  1.36714e-19  3.32079e-08 -7.87482e-19  3.73511e-06  1.33675e-18 -5.97038e-05  4.88628e-18  0.000454439 -3.14154e-17  -0.00213641  7.69817e-17   0.00675211 -9.94611e-17   -0.0147277  4.99203e-17    0.0218175   5.6042e-17   -0.0201588 -1.47963e-16   0.00797574  1.71602e-16   0.00409924 -1.18419e-16  -0.00518988  2.49771e-17 -0.000479253  4.81262e-17   0.00212708 -6.06228e-17  0.000252764  1.78079e-17 -0.000747258   2.7432e-17  -0.00025577 -2.39198e-17  0.000173555 -6.40268e-18  0.000143864  1.22851e-17  7.13134e-06  4.85399e-19  -3.7804e-05 -3.49617e-18 -2.05811e-05  8.95565e-20 -1.16301e-06     3.03e-19   4.2723e-06 -1.12958e-19  2.66452e-06  1.65058e-19   6.4093e-07   1.2721e-19 -1.44169e-07 -4.66564e-20 -1.99878e-07 -5.75805e-20 -9.27705e-08 -5.51239e-21 -2.30714e-08  8.20374e-21 -8.82462e-11  1.36593e-21  2.94624e-09 -3.49507e-22  1.63475e-09  7.79709e-22  5.59445e-10   6.9774e-22  1.31021e-10  1.09867e-22   1.6255e-11 -1.76498e-22  -2.6404e-12 -1.59815e-22 -2.41384e-12 -4.82752e-23 -9.10064e-13  2.17372e-23 -2.49158e-13  3.28681e-23 -5.44028e-14  1.97096e-23 -9.59567e-15  7.52327e-24 -1.30397e-15  1.87644e-24 -1.07647e-16  2.13798e-25  5.79881e-18 -6.09817e-26  4.69158e-18 -4.40906e-26  1.19545e-18 -1.40422e-26  2.20601e-19 -2.56931e-27  3.32555e-20 -9.95456e-29  4.26095e-21  1.07923e-28  4.71227e-22  4.41399e-29   4.5194e-23  1.08661e-29   3.7528e-24  2.00983e-30  2.68051e-25  2.94588e-31  1.62812e-26  3.48034e-32  8.26356e-28  3.32849e-33  3.41417e-29  2.54966e-34  1.10248e-30  1.52142e-35  2.59641e-32  6.78778e-37  3.86865e-34  2.12523e-38  2.24448e-36   4.0683e-40 -1.78046e-38  3.06295e-42
-4.09717e-20 -1.08714e-07  4.46138e-19  1.32437e-06 -1.89332e-18  -3.6214e-06  2.55916e-18  -4.4374e-05  9.07054e-18   0.00050647 -5.00815e-17  -0.00261157  1.08888e-16   0.00837874 -1.25218e-16   -0.0179095   5.6042e-17    0.0252607  5.67817e-17   -0.0211338 -1.39018e-16   0.00565066  1.54111e-16   0.00666811 -1.04716e-16  -0.00507883  2.61786e-17  -0.00185016  3.73673e-17   0.00220556 -5.67952e-17  0.000865324  2.16388e-17 -0.000687057  2.58374e-17 -0.000480426  -2.4384e-17  7.91047e-05 -6.43267e-18  0.000185089  1.12476e-17  5.60673e-05  1.15687e-18 -2.66568e-05 -2.56798e-18 -2.88154e-05 -2.74631e-19 -8.69826e-06 -1.43681e-19  2.02101e-06 -8.44009e-20  3.10175e-06  2.77795e-19  1.39356e-06  1.61442e-19  2.23975e-07 -4.53235e-20   -1.165e-07 -6.04763e-20 -1.05602e-07 -1.10865e-20 -4.39479e-08  3.37609e-21  -1.0562e-08  3.29749e-22 -3.55803e-10  5.17315e-22  1.03169e-09  1.45769e-21  5.90088e-10  8.68297e-22  2.07322e-10  5.82373e-23  5.27617e-11 -2.42206e-22  9.26017e-12 -1.76671e-22  5.85329e-13 -3.40591e-23  -3.2194e-13  3.91169e-23 -1.68497e-13  4.28029e-23 -5.15338e-14  2.34975e-23 -1.21622e-14  8.61128e-24 -2.36668e-15  2.16547e-24  -3.8628e-16  3.09781e-25 -5.23111e-17 -2.21192e-26 -5.57684e-18 -2.94361e-26 -3.81222e-19 -9.69201e-27  7.95289e-21 -1.69135e-27  7.97618e-21 -3.24877e-29  1.61616e-21  7.99422e-29  2.29157e-22  2.97115e-29  2.60288e-23  6.85991e-30  2.46547e-24  1.19165e-30   1.9722e-25  1.63462e-31  1.33228e-26  1.79812e-32  7.53603e-28  1.58812e-33  3.51087e-29  1.10852e-34  1.31166e-30  5.90819e-36  3.76638e-32  2.28249e-37  7.73364e-34  5.84049e-39  9.83511e-36  7.91187e-41  5.00898e-38
 1.46494e-08 -1.68053e-19 -5.00481e-07  1.16031e-18  5.66018e-06  -3.9715e-18 -2.96975e-05  4.59942e-18  4.67041e-05  1.45199e-17  0.000345737   -7.181e-17  -0.00265465  1.39745e-16   0.00932738 -1.42899e-16   -0.0201588  5.67817e-17    0.0274732  5.18997e-17   -0.0207746 -1.18584e-16   0.00259992  1.25944e-16   0.00885898 -8.50884e-17  -0.00422944  2.91707e-17  -0.00324929    2.205e-17   0.00188117 -5.19526e-17   0.00148676   2.6298e-17 -0.000437635  2.37271e-17 -0.000662377 -2.40188e-17 -7.76657e-05 -6.79516e-18  0.000185088  9.71126e-18  0.000107975  2.00912e-18 -4.16758e-07 -1.48668e-18 -2.97071e-05 -5.99716e-19 -1.63173e-05  -5.9721e-19 -2.23438e-06 -1.15919e-19  2.32592e-06  3.58278e-19  1.84488e-06  2.07605e-19  6.57826e-07 -2.68988e-20  6.67885e-08 -5.86025e-20 -6.75176e-08 -1.84259e-20 -4.95923e-08 -2.98314e-21 -1.93495e-08 -1.10242e-21 -4.72035e-09  1.30894e-21 -3.95493e-10  2.08246e-21   2.7552e-10  9.93184e-22  1.78909e-10 -9.23653e-24  6.57391e-11 -2.94002e-22  1.78615e-11 -1.72285e-22  3.71441e-12 -6.86608e-24   5.4144e-13  6.06499e-23  2.52329e-14  5.29679e-23 -1.58229e-14   2.6858e-23 -6.94961e-15  9.49417e-24 -1.85583e-15  2.41332e-24 -3.88111e-16  4.05627e-25 -6.78686e-17  1.86328e-26 -1.01575e-17 -1.46067e-26 -1.30873e-18 -5.55529e-27 -1.44252e-19 -9.12073e-28 -1.33134e-20  2.21677e-29 -9.74759e-22  5.75347e-29 -4.75638e-23  1.89415e-29  2.81882e-26  4.05881e-30  3.19776e-25   6.5766e-31  4.24635e-26  8.39242e-32  3.64794e-27   8.5405e-33  2.35687e-28  6.91093e-34  1.17803e-29  4.34938e-35  4.49937e-31  2.03887e-36  1.25687e-32  6.64658e-38  2.34025e-34  1.31647e-39  2.31889e-36  1.02875e-41
 4.62982e-20  5.70119e-08 -4.75195e-19 -1.40987e-06  2.54254e-18  1.49954e-05 -7.41986e-18 -8.56655e-05  7.86628e-18  0.000257491  2.03324e-17 -0.000150662 -9.34442e-17   -0.0020179   1.6349e-16   0.00924099 -1.47963e-16   -0.0211338  5.18997e-17    0.0283236  4.29672e-17   -0.0192891 -9.23307e-17 -0.000743034  9.19199e-17    0.0103855 -6.12203e-17  -0.00274938  3.34087e-17  -0.00444013  4.20771e-18   0.00116591 -4.70878e-17   0.00198548   3.0826e-17 -1.92973e-05  2.19391e-17 -0.000743739 -2.28744e-17 -0.000268874 -7.60285e-18  0.000131458  7.83521e-18  0.000146339  2.94579e-18  3.66313e-05 -3.26893e-19 -2.02468e-05 -8.25459e-19 -2.09041e-05  -1.0239e-18 -7.39948e-06  -2.1499e-19  2.24911e-07  3.94856e-19  1.65881e-06  2.58989e-19  9.62145e-07  7.09115e-21  2.90426e-07 -5.06688e-20  1.90172e-08 -2.59028e-20 -3.15249e-08 -1.00601e-20 -2.07578e-08 -2.83443e-21 -7.84679e-09  1.87533e-21 -1.99702e-09  2.52122e-21  -2.7222e-10  1.02038e-21  4.13608e-11 -8.95315e-23  4.25066e-11 -3.17129e-22  1.70382e-11 -1.39832e-22  4.91189e-12  3.33936e-23  1.12126e-12  8.48352e-23  2.04654e-13  6.24491e-23   2.8078e-14  2.94772e-23  2.05358e-15  1.00846e-23 -2.78467e-16  2.58733e-24 -1.52145e-16  4.85471e-25  -3.8351e-17  5.45494e-26 -7.26345e-18 -1.79005e-27 -1.13674e-18 -2.15087e-27 -1.51993e-19 -3.12369e-28 -1.75928e-20  5.80953e-29 -1.76912e-21  4.04806e-29 -1.54189e-22  1.15067e-29 -1.15612e-23  2.25919e-30 -7.36183e-25  3.38587e-31 -3.90025e-26  3.99078e-32 -1.66303e-27  3.72871e-33 -5.37581e-29  2.73875e-34 -1.14786e-30  1.53447e-35 -8.30051e-33  6.20458e-37  3.45531e-34  1.64675e-38  1.11867e-35   2.3015e-40  9.31977e-38
 9.31759e-10  1.57754e-19  8.11765e-08 -1.06742e-18 -2.50491e-06    4.827e-18   2.8284e-05 -1.25282e-17 -0.000171437  1.28119e-17  0.000600187  2.52058e-17  -0.00103425 -1.11278e-16 -0.000587335  1.74965e-16   0.00797574 -1.39018e-16   -0.0207746  4.29672e-17    0.0279634   3.2963e-17   -0.0170532 -6.71307e-17  -0.00397242  5.67065e-17      0.01112 -3.48378e-17 -0.000847759  3.82078e-17  -0.00523831 -1.38346e-17  0.000150673  -4.3041e-17   0.00225172  3.43809e-17  0.000505664  2.09776e-17 -0.000685801 -2.10636e-17 -0.000452479 -8.81173e-18  2.59606e-05  5.76894e-18  0.000155544  3.85463e-18  7.52689e-05  8.49093e-19 -6.26944e-07 -9.08325e-19 -1.97182e-05 -1.39533e-18 -1.16585e-05 -3.76923e-19 -2.72973e-06  3.81688e-19  7.10243e-07   3.0668e-19  9.49368e-07   5.1873e-20  4.55341e-07 -3.67109e-20  1.23588e-07 -3.18469e-20   7.2325e-09 -1.67506e-20 -1.20773e-08 -4.62973e-21 -7.65863e-09  2.09861e-21 -2.87386e-09  2.65453e-21 -7.68354e-10  9.14341e-22 -1.37931e-10 -1.71849e-22 -6.74052e-12 -2.99148e-22  6.56099e-12 -7.71578e-23  3.33861e-12  8.41243e-23  1.04578e-12  1.09379e-22  2.54604e-13  7.02667e-23   5.1041e-14    3.108e-23  8.52124e-15  1.03105e-23  1.15955e-15  2.65828e-24   1.1785e-16  5.35572e-25  5.60461e-18  8.04519e-26 -9.88809e-19  7.57985e-27 -3.48822e-19  2.51091e-28 -6.51672e-20  8.00017e-29 -9.26282e-21  7.43203e-29 -1.08415e-21  2.78745e-29  -1.0733e-22  6.70129e-30 -9.06328e-24  1.18808e-30 -6.52104e-25  1.63036e-31 -3.96657e-26  1.75966e-32 -2.01069e-27  1.49591e-33 -8.30551e-29   9.8625e-35 -2.70106e-30  4.84266e-36 -6.54359e-32  1.64606e-37 -1.06893e-33  3.37001e-39 -9.35981e-36  2.71009e-41
-4.76426e-20  2.57155e-08  3.60601e-19 -1.94053e-07 -2.00671e-18 -1.84143e-06  8.06603e-18  3.69948e-05 -1.93351e-17 -0.000261716  1.97184e-17   0.00102273  2.80225e-17  -0.00222865 -1.22217e-16   0.00154725  1.71602e-16   0.00565066 -1.18584e-16   -0.0192891   3.2963e-17    0.0267336  2.52959e-17   -0.0144784 -4.87992e-17  -0.00679841  2.37932e-17    0.0110847 -7.80812e-18    0.0012309  4.30216e-17  -0.00554287 -2.99743e-17   -0.0010242 -4.02709e-17   0.00222118  3.64427e-17   0.00104933  2.09409e-17 -0.000479505 -1.87656e-17 -0.000583375 -1.02712e-17 -0.000114685  3.64022e-18   0.00012616  4.63591e-18  0.000103867   1.9933e-18  2.52502e-05  -8.2779e-19 -1.16026e-05 -1.68913e-18 -1.31189e-05 -5.85733e-19 -5.57068e-06  3.19396e-19 -8.03158e-07  3.41252e-19   5.3972e-07  1.00172e-19  4.68214e-07 -1.82908e-20  1.98989e-07 -3.50037e-20  5.14984e-08 -2.19662e-20   4.1486e-09 -6.20952e-21 -3.66981e-09  1.90926e-21 -2.42844e-09  2.41345e-21 -9.23815e-10  6.72541e-22 -2.58397e-10 -2.37976e-22 -5.42855e-11 -2.33258e-22 -7.46149e-12  1.20412e-23   1.6395e-15  1.40225e-22  3.98389e-13  1.31518e-22  1.56493e-13   7.5519e-23  4.15579e-14  3.14713e-23  8.83307e-15  1.01297e-23  1.57928e-15  2.60869e-24  2.41538e-16  5.47994e-25  3.16119e-17  9.38231e-26  3.48781e-18  1.30233e-26  3.10955e-19  1.63418e-27  1.96773e-20  2.83216e-28  3.34473e-22  7.42988e-29 -1.26925e-22  1.87052e-29 -2.32611e-23  3.75977e-30 -2.58979e-24  5.92993e-31 -2.18202e-25  7.36436e-32 -1.46143e-26  7.20399e-33 -7.83123e-28  5.51187e-34  -3.3061e-29  3.21756e-35 -1.06046e-30  1.35704e-36 -2.41341e-32  3.74043e-38 -3.38277e-34  5.38524e-40 -1.89143e-36
-4.00312e-09 -1.34046e-19  1.38134e-07  6.32818e-19 -1.42934e-06 -3.22033e-18  4.80786e-06  1.19798e-17  2.27905e-05 -2.75316e-17 -0.000300041  2.83847e-17   0.00139816  2.84544e-17  -0.00351937 -1.24614e-16   0.00409924  1.54111e-16   0.00259992 -9.23307e-17   -0.0170532  2.52959e-17    0.0250339  2.26705e-17   -0.0119056 -4.04572e-17  -0.00907603 -4.81996e-18    0.0104044  1.78542e-17   0.00326365  4.74682e-17  -0.00533863 -4.27114e-17  -0.00220428 -3.87482e-17   0.00188346  3.68946e-17   0.00151904  2.16097e-17 -0.000147165 -1.62099e-17 -0.000624981 -1.18013e-17 -0.000262555  1.54749e-18   5.8437e-05  5.22184e-18  0.000111963  3.06997e-18  5.06288e-05 -5.86806e-19  2.29939e-06 -1.88861e-18 -1.05875e-05 -8.16924e-19 -7.17148e-06  2.14744e-19 -2.39164e-06  3.54468e-19 -1.77961e-07  1.43471e-19  2.91588e-07  1.69837e-21  2.04139e-07 -3.49054e-20  8.05846e-08 -2.49839e-20   2.0842e-08 -7.38606e-21  2.51017e-09  1.28666e-21 -7.73674e-10  1.80245e-21  -6.3168e-10  3.30551e-22 -2.50907e-10 -2.66454e-22  -7.3111e-11 -1.20748e-22 -1.68028e-11  1.18485e-22 -3.01639e-12  1.94954e-22 -3.73996e-13  1.48513e-22 -8.84394e-15  7.75428e-23  1.14716e-14  3.05758e-23  4.20408e-15  9.54435e-24  9.96762e-16  2.43873e-24  1.87839e-16  5.22423e-25  2.98182e-17  9.50104e-26  4.07745e-18   1.4913e-26  4.84282e-19  2.17108e-27  4.99832e-20  3.43657e-28  4.45861e-21  6.38282e-29  3.39705e-22  1.21342e-29  2.16473e-23  2.03725e-30  1.10995e-24  2.82072e-31  4.20475e-26  3.13036e-32  8.69372e-28  2.74234e-33 -1.68519e-29  1.86374e-34 -2.33357e-30  9.46982e-36 -1.02558e-31  3.34034e-37 -2.48978e-33   7.0703e-39 -2.96379e-35  5.83609e-41
 5.01715e-20 -1.49238e-08 -2.36134e-19   4.0626e-07  8.83072e-19 -4.37186e-06 -4.40834e-18  2.25472e-05   1.5919e-17  -3.7664e-05 -3.64652e-17 -0.000211469  3.78712e-17   0.00155207  2.71832e-17  -0.00460488 -1.18419e-16   0.00666811  1.25944e-16 -0.000743034 -6.71307e-17   -0.0144784  2.26705e-17    0.0232107  2.62637e-17  -0.00955354   -4.205e-17   -0.0107848 -2.83374e-17   0.00924928  4.01894e-17   0.00508251  5.11804e-17  -0.00467821 -5.13352e-17   -0.0032507 -3.80179e-17    0.0012767   3.5989e-17   0.00183608  2.26226e-17  0.000263574 -1.36408e-17 -0.000557914 -1.32583e-17 -0.000385352 -4.43041e-19 -3.70693e-05  5.58184e-18  9.36493e-05  4.05124e-18  6.78542e-05 -2.07432e-19  1.86475e-05 -1.98217e-18 -4.15036e-06 -1.04139e-18 -6.70043e-06  7.94618e-20 -3.44842e-06  3.40692e-19 -9.62377e-07  1.73537e-19 -2.89172e-08   1.9549e-20  1.26593e-07 -3.20724e-20  7.89893e-08 -2.57223e-20  2.99491e-08 -8.17268e-21  7.94801e-09  2.48308e-22  1.29245e-09  8.98673e-22 -4.00256e-11 -4.75646e-23 -1.21984e-10 -2.39735e-22 -5.44284e-11  2.81249e-23 -1.66699e-11  2.28963e-22 -4.04808e-12  2.41264e-22 -8.08601e-13  1.58191e-22 -1.32184e-13  7.60523e-23 -1.67078e-14   2.8465e-23 -1.26544e-15  8.60664e-24  7.51637e-17  2.16747e-24  5.19225e-17  4.65628e-25  1.22698e-17  8.65969e-26  2.10768e-18  1.41672e-26  2.95229e-19  2.12698e-27  3.50138e-20  3.16077e-28  3.56582e-21  4.88364e-29  3.12922e-22   7.5376e-30  2.35943e-23  1.06533e-30  1.51629e-24  1.28235e-31  8.19593e-26   1.2557e-32  3.65304e-27  9.71921e-34  1.30396e-28  5.77511e-35  3.56454e-30  2.49915e-36  6.92695e-32  7.10311e-38  8.26694e-34  1.05173e-39  3.90775e-36
