   0.0990505 -6.23283e-17   -0.0416219  1.38478e-17   -0.0282786  1.02455e-16   -0.0109105 -1.45799e-18  -0.00318692 -1.06125e-17 -0.000740006  6.76183e-18 -0.000134822  3.81733e-18 -1.83604e-05  8.13251e-19 -1.71932e-06   9.2988e-20 -9.49651e-08  4.28513e-21 -1.98899e-09
-6.23283e-17     0.170219 -1.50563e-16   0.00168486  4.46666e-17   -0.0227817  9.58017e-17   -0.0124059  -1.2071e-17  -0.00407617  5.83125e-19  -0.00093968  1.22195e-17 -0.000153964  5.04362e-18 -1.72433e-05  9.47172e-19 -1.20171e-06  8.57613e-20 -4.14717e-08  2.33005e-21
  -0.0416219 -1.50563e-16     0.160153 -1.75698e-16    0.0479568  6.24756e-17   0.00234011  4.04834e-17  -0.00328432 -1.24198e-17   -0.0014044  1.34758e-17 -0.000307723  1.37726e-17 -4.05701e-05  4.30839e-18 -3.06656e-06   6.4114e-19 -1.05415e-07  3.96379e-20 -5.11788e-10
 1.38478e-17   0.00168486 -1.75698e-16     0.135841 -1.03676e-16    0.0731953  4.88779e-17     0.024319 -2.19895e-18   0.00623801  3.73335e-20   0.00134917  1.95135e-17  0.000244095  1.10913e-17  3.36547e-05  2.61331e-18  3.05216e-06  2.82141e-19  1.40778e-07  9.50037e-21
  -0.0282786  4.46666e-17    0.0479568 -1.03676e-16      0.12345 -1.19673e-17    0.0796069  1.85968e-17    0.0323788 -1.12047e-17   0.00956295  1.26866e-17   0.00209459  1.74659e-17  0.000330453  6.66664e-18  3.50273e-05  1.14692e-18   2.1625e-06  8.05567e-20  5.03948e-08
 1.02455e-16   -0.0227817  6.24756e-17    0.0731953 -1.19673e-17     0.110532  2.34176e-17    0.0694821 -4.17655e-18     0.027593 -1.88024e-18   0.00759895  1.64667e-17   0.00146838  1.12713e-17  0.000192748  3.02099e-18  1.57766e-05  3.60006e-19  6.46645e-07  1.33594e-20
  -0.0109105  9.58017e-17   0.00234011  4.88779e-17    0.0796069  2.34176e-17    0.0878829  9.45433e-18    0.0489474 -9.61522e-18    0.0173642  6.83118e-18   0.00417656   1.2655e-17  0.000681569  5.46483e-18  7.19923e-05  1.02481e-18  4.33462e-06   7.7281e-20  9.73988e-08
-1.45799e-18   -0.0124059  4.04834e-17     0.024319  1.85968e-17    0.0694821  9.45433e-18    0.0587932 -8.52991e-18     0.027753 -4.34196e-18   0.00843277  8.51906e-18   0.00171365  6.89904e-18  0.000229367  2.01094e-18  1.87749e-05  2.54341e-19  7.60521e-07  9.96097e-21
 -0.00318692  -1.2071e-17  -0.00328432 -2.19895e-18    0.0323788 -4.17655e-18    0.0489474 -8.52991e-18    0.0323246 -1.04645e-17    0.0126673  1.21443e-18   0.00322288   5.8722e-18  0.000541128  2.81334e-18  5.77723e-05  5.58049e-19  3.47635e-06  4.38963e-20  7.75198e-08
-1.06125e-17  -0.00407617 -1.24198e-17   0.00623801 -1.12047e-17     0.027593 -9.61522e-18     0.027753 -1.04645e-17     0.014475 -4.20803e-18   0.00466292   2.8598e-18  0.000978941  2.82074e-18   0.00013314  8.70871e-19  1.09563e-05  1.14113e-19  4.43149e-07  4.60862e-21
-0.000740006  5.83125e-19   -0.0014044  3.73335e-20   0.00956295 -1.88024e-18    0.0173642 -4.34196e-18    0.0126673 -4.20803e-18   0.00526591   2.5154e-19   0.00138671  2.02139e-18   0.00023724  1.00234e-18  2.55488e-05  2.03482e-19  1.54069e-06  1.63259e-20  3.42877e-08
 6.76183e-18  -0.00093968  1.34758e-17   0.00134917  1.26866e-17   0.00759895  6.83118e-18   0.00843277  1.21443e-18   0.00466292   2.5154e-19   0.00155553   1.2002e-18  0.000333207  8.95335e-19  4.57992e-05  2.67608e-19  3.78552e-06  3.50287e-20  1.53179e-07  1.42746e-21
-0.000134822  1.22195e-17 -0.000307723  1.95135e-17   0.00209459  1.64667e-17   0.00417656  8.51906e-18   0.00322288   2.8598e-18   0.00138671   1.2002e-18  0.000372744  7.28739e-19  6.45108e-05  2.79617e-19  6.98738e-06   5.3366e-20  4.22207e-07  4.21111e-21  9.39216e-09
 3.81733e-18 -0.000153964  1.37726e-17  0.000244095  1.74659e-17   0.00146838   1.2655e-17   0.00171365   5.8722e-18  0.000978941  2.02139e-18  0.000333207  7.28739e-19  7.22273e-05  2.64207e-19  9.99209e-06  6.36947e-20  8.28353e-07  7.75378e-21  3.35426e-08  3.08238e-22
-1.83604e-05  5.04362e-18 -4.05701e-05  1.10913e-17  0.000330453  1.12713e-17  0.000681569  6.89904e-18  0.000541128  2.82074e-18   0.00023724  8.95335e-19  6.45108e-05  2.64207e-19  1.12399e-05  6.63195e-20  1.22171e-06  1.05955e-20   7.3927e-08  7.76927e-22  1.64469e-09
 8.13251e-19 -1.72433e-05  4.30839e-18  3.36547e-05  6.66664e-18  0.000192748  5.46483e-18  0.000229367  2.81334e-18   0.00013314  1.00234e-18  4.57992e-05  2.79617e-19  9.99209e-06  6.63195e-20  1.38742e-06  1.19587e-20   1.1523e-07  1.25715e-21    4.669e-09  4.66751e-23
-1.71932e-06  9.47172e-19 -3.06656e-06  2.61331e-18  3.50273e-05  3.02099e-18  7.19923e-05  2.01094e-18  5.77723e-05  8.70871e-19  2.55488e-05  2.67608e-19  6.98738e-06  6.36947e-20  1.22171e-06  1.19587e-20  1.33054e-07  1.54414e-21  8.05885e-09  1.00371e-22  1.79342e-10
  9.2988e-20 -1.20171e-06   6.4114e-19  3.05216e-06  1.14692e-18  1.57766e-05  1.02481e-18  1.87749e-05  5.58049e-19  1.09563e-05  2.03482e-19  3.78552e-06   5.3366e-20  8.28353e-07  1.05955e-20   1.1523e-07  1.54414e-21  9.58025e-09  1.38077e-22  3.88387e-10  4.64799e-24
-9.49651e-08  8.57613e-20 -1.05415e-07  2.82141e-19   2.1625e-06  3.60006e-19  4.33462e-06  2.54341e-19  3.47635e-06  1.14113e-19  1.54069e-06  3.50287e-20  4.22207e-07  7.75378e-21   7.3927e-08  1.25715e-21  8.05885e-09  1.38077e-22  4.88407e-10   7.9211e-24  1.08732e-11
 4.28513e-21 -4.14717e-08  3.96379e-20  1.40778e-07  8.05567e-20  6.46645e-07   7.7281e-20  7.60521e-07  4.38963e-20  4.43149e-07  1.63259e-20  1.53179e-07  4.21111e-21  3.35426e-08  7.76927e-22    4.669e-09  1.00371e-22  3.88387e-10   7.9211e-24  1.57525e-11  2.42049e-25
-1.98899e-09  2.33005e-21 -5.11788e-10  9.50037e-21  5.03948e-08  1.33594e-20  9.73988e-08  9.96097e-21  7.75198e-08  4.60862e-21  3.42877e-08  1.42746e-21  9.39216e-09  3.08238e-22  1.64469e-09  4.66751e-23  1.79342e-10  4.64799e-24  1.08732e-11  2.42049e-25  2.42177e-13
