  3.2442e-35  4.33442e-51 -6.17313e-35 -1.41764e-50  3.64344e-35  3.26941e-50 -1.44973e-35 -2.16573e-49  5.57701e-36  2.90269e-48  1.62885e-36 -9.58502e-48 -7.95937e-36  4.02648e-47  3.18255e-36  -6.7856e-47  3.03681e-37 -3.93802e-47 -3.24617e-37  8.06385e-46  9.53144e-37  3.32261e-45 -9.20838e-37 -4.95751e-45  4.66541e-37  2.95801e-44  1.12279e-37 -3.38335e-44 -1.24591e-37  1.06432e-43 -4.25519e-38 -8.76305e-44   7.3717e-38  1.08229e-43 -3.41401e-38   -8.278e-44  7.18641e-39 -3.53209e-44 -9.39054e-40 -2.02461e-43  4.02679e-39 -2.50978e-43 -7.64668e-39 -2.46849e-43  1.88946e-38 -1.97922e-44 -6.29203e-38 -4.13438e-43  2.10334e-37 -4.72303e-45 -6.54069e-37 -3.50515e-43  1.86392e-36  2.15976e-43 -4.85377e-36  -5.7268e-43  1.15227e-35   1.4316e-42 -2.48629e-35 -4.05125e-42  4.85767e-35  1.03078e-41 -8.55251e-35 -2.44737e-41  1.34856e-34  5.40219e-41 -1.88909e-34 -1.10949e-40  2.32549e-34   2.1156e-40  -2.4771e-34 -3.73886e-40  2.22988e-34  6.11024e-40 -1.62854e-34  -9.2091e-40  8.84023e-35  1.27575e-39    -2.63e-35  -1.6177e-39 -7.07442e-36  1.86767e-39  1.35579e-35 -1.94957e-39 -7.07987e-36   1.8224e-39   6.4519e-37 -1.50421e-39  1.24689e-36  1.07178e-39 -5.16651e-37 -6.31975e-40  -2.2068e-37  2.78386e-40  2.99296e-37 -5.72567e-41 -1.52111e-37 -3.93975e-41  7.33682e-38  5.41343e-41 -5.11496e-38 -3.45728e-41  3.37459e-38   1.2669e-41 -1.72128e-38 -3.97562e-43  7.29711e-39 -3.11921e-42 -2.75579e-39  2.55143e-42  8.96266e-40 -1.26183e-42 -2.35346e-40   4.4591e-43  4.84523e-41 -1.15714e-43  -7.6183e-42  2.16165e-44  8.42984e-43 -2.74085e-45 -5.48562e-44  2.08704e-46  1.16964e-45 -7.08379e-48  5.00294e-47  1.64359e-50
 4.33442e-51  1.02513e-34  2.29883e-50 -1.05926e-34   -6.945e-50  3.29703e-35  4.10075e-49 -7.83678e-36 -4.07258e-48   5.8823e-36  4.19042e-47  5.70724e-36 -1.30651e-46 -1.57628e-35   4.8955e-46   4.2711e-36 -7.67931e-46  1.28696e-36 -4.24152e-46 -1.71178e-36  8.33189e-45  2.46583e-36  2.53974e-44  -1.9702e-36 -2.44856e-44  8.99895e-37  2.13459e-43  3.57689e-37 -2.54123e-43 -2.19982e-37  7.90519e-43 -1.89329e-37 -7.16707e-43   2.1427e-37  8.00712e-43 -8.45883e-38 -6.65204e-43  2.09009e-38 -2.45851e-43 -1.63211e-38 -1.22228e-42  4.94745e-38 -1.67492e-42 -1.60254e-37 -1.01243e-42  5.76146e-37 -2.62857e-43 -2.02101e-36 -2.15164e-42  6.56512e-36  2.32141e-43  -1.9561e-35 -2.51373e-42  5.33095e-35   3.5864e-42 -1.32606e-34 -1.02623e-41  3.00277e-34  2.79416e-41 -6.16898e-34 -7.44827e-41  1.14493e-33  1.83686e-40 -1.90921e-33 -4.22192e-40   2.8403e-33  9.02992e-40 -3.73456e-33 -1.79584e-39  4.28402e-33  3.31533e-39 -4.20663e-33 -5.67092e-39  3.42859e-33  8.96706e-39 -2.18768e-33 -1.30709e-38  9.38619e-34  1.75034e-38 -8.99226e-35 -2.14406e-38  -2.3109e-34  2.38922e-38  1.91521e-34 -2.40442e-38 -5.58854e-35  2.16318e-38 -1.76524e-35 -1.71361e-38  2.01025e-35  1.16547e-38 -3.00038e-36 -6.47412e-39 -3.95585e-36  2.56569e-39  2.51384e-36 -2.79155e-40 -6.81955e-37 -6.25913e-40  3.24605e-37  6.93323e-40 -3.25298e-37 -4.45018e-40   2.1078e-37  1.97296e-40 -9.55043e-38 -5.47776e-41  3.81642e-38  1.66351e-42 -1.41839e-38  7.72596e-42  4.37405e-39 -4.82982e-42 -1.05045e-39  1.76559e-42  1.97322e-40 -4.41196e-43 -2.80369e-41  7.57297e-44  2.66494e-42 -8.39727e-45 -1.35659e-43  5.17387e-46  1.44765e-45 -1.17152e-47  8.69495e-47
-6.17313e-35  2.29883e-50  1.63855e-34  7.94273e-50 -1.12122e-34 -3.67662e-49  2.32908e-37  4.44066e-48  1.02153e-35 -5.00922e-47 -1.75104e-36  4.15125e-46  1.65763e-35 -1.22926e-45 -2.30218e-35  4.17921e-45  2.59727e-36 -6.14595e-45  3.85964e-36 -2.89508e-45 -5.31393e-36  5.96931e-44  4.90513e-36  1.24869e-43 -3.31889e-36  -3.4797e-44  1.35976e-36  1.02803e-42  6.07936e-37 -1.30385e-42 -9.94495e-38  4.02249e-42 -5.52289e-37 -3.99019e-42  4.62646e-37   4.1548e-42 -1.63919e-37 -3.61344e-42  8.78446e-38 -8.27744e-43 -2.37973e-37 -5.41279e-42  9.35369e-37 -7.32873e-42 -3.63875e-36 -2.56975e-42   1.3373e-35 -1.33043e-42 -4.53926e-35 -8.37739e-42  1.41356e-34  4.23417e-42 -4.02976e-34 -1.96017e-41  1.04968e-33  4.67192e-41 -2.49249e-33 -1.34987e-40   5.3791e-33  3.66914e-40 -1.05107e-32 -9.41581e-40  1.85051e-32  2.24928e-39 -2.91738e-32 -5.00654e-39  4.08504e-32  1.03715e-38 -5.02474e-32 -1.99733e-38  5.34491e-32   3.5699e-38 -4.79979e-32 -5.91053e-38  3.48962e-32   9.0437e-38 -1.87558e-32 -1.27521e-37  5.37609e-33   1.6513e-37  1.71747e-33 -1.95519e-37 -2.98217e-33  2.10508e-37   1.4906e-33 -2.04594e-37  -7.2827e-35  1.77685e-37 -3.24002e-34 -1.35816e-37  1.49353e-34  8.90862e-38  1.75428e-35 -4.76887e-38 -3.74251e-35  1.81583e-38  1.01783e-35 -1.78645e-39  3.35042e-37 -4.30906e-39  9.41281e-37  4.62073e-39 -1.61393e-36 -2.93727e-39  8.71512e-37  1.34002e-39 -3.34691e-37 -4.33503e-40  1.34647e-37   7.9671e-41 -5.03749e-38  7.11885e-42  1.43065e-38 -1.14916e-41 -3.10671e-39  4.60552e-42  5.38839e-40 -1.11586e-42 -6.86434e-41  1.74529e-43  5.42564e-42 -1.65639e-44 -2.09052e-43  7.84784e-46  7.32098e-46 -9.63388e-48
-1.41764e-50 -1.05926e-34  7.94273e-50  1.93746e-34   3.2217e-49 -1.02727e-34 -2.47694e-48 -3.60173e-35   4.0695e-47  3.44816e-35 -4.66667e-46 -2.64331e-35  3.24661e-45  3.81932e-35  -9.1075e-45 -2.79518e-35  2.84903e-44 -1.77252e-36 -3.93596e-44  8.32395e-36 -1.53663e-44 -1.14675e-35  3.42355e-43  8.19864e-36  4.34341e-43 -5.09087e-36  3.59498e-43  2.09224e-36  3.79463e-42   4.9616e-37 -5.29626e-42  5.57774e-37  1.62247e-41 -1.28189e-36 -1.75062e-41  8.90111e-37  1.73763e-41 -4.44307e-37 -1.53377e-41  1.04028e-36 -9.40768e-43  -4.4077e-36 -1.99482e-41  1.82746e-35 -2.45056e-41 -7.03952e-35 -4.45891e-42   2.4963e-34 -2.59821e-42 -8.12281e-34 -3.41123e-41  2.42125e-33  5.06868e-41 -6.60086e-33 -1.78536e-40  1.64246e-32  5.05678e-40 -3.72024e-32 -1.43326e-39  7.64462e-32  3.80147e-39 -1.41899e-31 -9.43526e-39  2.36622e-31  2.18288e-38 -3.51954e-31 -4.70521e-38  4.62548e-31  9.43887e-38 -5.30109e-31 -1.75989e-37  5.19649e-31  3.04482e-37 -4.22212e-31  -4.8786e-37  2.67692e-31  7.22193e-37 -1.12891e-31 -9.84897e-37  8.55749e-33  1.23307e-36  2.99101e-32 -1.41114e-36 -2.38651e-32  1.46808e-36  6.51212e-33 -1.37852e-36  2.60715e-33  1.15683e-36 -2.72599e-33  -8.5502e-37  4.91713e-34  5.43401e-37  3.87177e-34 -2.83447e-37 -2.05515e-34  1.07381e-37 -3.41549e-36 -1.41473e-38   1.8891e-35 -1.93583e-38  5.11155e-36  2.14781e-38 -6.85515e-36 -1.35173e-38  2.45026e-36  6.12975e-39 -8.21707e-37 -2.04215e-39  3.88501e-37  4.55436e-40 -1.42002e-37  -3.6782e-41  3.53173e-38 -1.81108e-41 -7.03601e-39  9.06159e-42  1.14848e-39 -2.15011e-42 -1.26889e-40  3.02816e-43    8.021e-42 -2.38423e-44 -2.30411e-43  7.95593e-46  -7.1306e-47
 3.64344e-35   -6.945e-50 -1.12122e-34   3.2217e-49  2.24243e-34  2.00597e-48 -1.15129e-34 -1.73556e-47 -5.41878e-35  3.19593e-46  6.47821e-35 -3.52366e-45   -7.226e-35  2.11684e-44  6.70386e-35 -5.59442e-44 -2.85344e-35  1.62773e-43 -7.76465e-36 -2.11132e-43  1.46622e-35 -7.02084e-44 -1.95526e-35  1.66553e-42   1.1839e-35  9.78307e-43 -7.37657e-36  3.48861e-42  3.57296e-36  1.13087e-41 -4.73687e-37 -1.81563e-41  2.11397e-36  5.51321e-41  -2.6416e-36  -6.4302e-41  2.14786e-36  6.18456e-41 -4.06968e-36 -5.40323e-41  1.77866e-35  5.78084e-42 -7.75692e-35 -6.38511e-41  3.12641e-34 -6.57325e-41 -1.15819e-33 -9.01483e-42  3.93702e-33  2.08921e-41 -1.22665e-32 -1.92405e-40   3.4983e-32  5.00135e-40 -9.11591e-32 -1.60809e-39  2.16537e-31  4.66487e-39 -4.67463e-31 -1.28494e-38  9.13648e-31  3.30645e-38 -1.60883e-30 -7.94483e-38  2.53641e-30   1.7799e-37 -3.55086e-30 -3.71484e-37  4.36529e-30  7.21477e-37 -4.63823e-30 -1.30209e-36   4.1563e-30  2.18003e-36 -3.00911e-30 -3.37919e-36  1.60168e-30  4.83773e-36 -4.41288e-31  -6.3781e-36 -1.66294e-31  7.71684e-36  2.65442e-31 -8.53133e-36 -1.28425e-31  8.57191e-36  3.08896e-33 -7.77289e-36  3.02367e-32   6.3009e-36 -1.35947e-32  -4.5034e-36 -1.37944e-33  2.77563e-36  2.98122e-33 -1.41504e-36  -5.2611e-34  5.38371e-37 -3.10216e-34 -9.32757e-38  9.00378e-35  -6.3167e-38  4.14662e-35  7.73694e-38 -2.17677e-35 -4.83953e-38  3.47885e-36  2.15352e-38 -1.58645e-36 -7.11036e-39  1.03211e-36   1.6576e-39 -3.22574e-37 -2.13025e-40  6.77768e-38 -1.44809e-41 -1.32848e-38  1.40828e-41  2.02115e-39 -3.32232e-42 -1.81221e-40  4.13941e-43  9.03738e-42 -2.57432e-44 -1.90482e-43  4.96433e-46
 3.26941e-50  3.29703e-35 -3.67662e-49 -1.02727e-34  2.00597e-48  2.90948e-34  1.41931e-47  -1.6523e-34 -1.16502e-46 -4.94756e-35  2.18448e-45  1.01663e-34 -2.23924e-44 -1.29504e-34  1.18472e-43  9.11454e-35 -2.93042e-43 -2.20081e-35  7.99947e-43 -1.56326e-35 -9.72741e-43  2.35869e-35 -2.93483e-43 -2.85207e-35  7.09003e-42  1.50769e-35   3.2793e-43 -1.01011e-35   1.9015e-41  6.26653e-36  2.78766e-41   -2.752e-36 -5.45922e-41   5.1403e-36  1.63322e-40 -6.68659e-36 -2.04427e-40  1.47329e-35  1.92699e-40 -6.30446e-35 -1.63425e-40  2.87273e-34  4.35119e-41 -1.21017e-33 -1.82743e-40  4.68211e-33 -1.35027e-40 -1.66239e-32 -7.28227e-41  5.41227e-32  3.22582e-40 -1.61403e-31 -1.39572e-39  4.40216e-31   4.2862e-39 -1.09584e-30 -1.31686e-38  2.48315e-30  3.74957e-38 -5.10445e-30 -1.00101e-37  9.47772e-30  2.49535e-37 -1.58075e-29 -5.80537e-37  2.35128e-29  1.25926e-36 -3.08938e-29 -2.54434e-36  3.53828e-29  4.78292e-36 -3.46364e-29 -8.35288e-36  2.80638e-29  1.35285e-35 -1.76873e-29 -2.02783e-35  7.33291e-30  2.80617e-35 -4.04832e-31 -3.57456e-35 -2.08757e-30  4.17665e-35  1.61169e-30 -4.45726e-35 -4.16299e-31  4.32147e-35  -1.9382e-31 -3.78055e-35   1.8935e-31  2.95718e-35  -3.2388e-32 -2.04151e-35 -2.67316e-32   1.2188e-35  1.30063e-32 -6.06471e-36   1.3636e-33  2.30971e-36 -1.99517e-33 -4.80116e-37  4.89765e-35 -1.51237e-37  2.27294e-34  2.27251e-37 -3.33686e-35 -1.42245e-37 -4.67755e-36  6.17452e-38 -3.82628e-36 -1.98511e-38  2.52748e-36   4.5995e-39 -5.49432e-37 -6.62789e-40  1.05295e-37  1.57079e-41 -2.26162e-38  1.74905e-41  2.91156e-39 -4.20571e-42 -1.97901e-40  4.51027e-43  8.23959e-42 -2.03011e-44 -1.05161e-43
-1.44973e-35  4.10075e-49  2.32908e-37 -2.47694e-48 -1.15129e-34  1.41931e-47  3.98874e-34  9.53213e-47 -2.45923e-34 -7.40355e-46 -2.97753e-35  1.31592e-44  1.40011e-34 -1.22707e-43 -1.77171e-34  5.79951e-43  9.65687e-35 -1.33307e-42 -4.47026e-36  3.44118e-42 -2.85114e-35 -3.91609e-42  3.69701e-35 -1.15482e-42 -3.75868e-35  2.69256e-41  1.73372e-35 -9.81955e-42 -1.30307e-35  7.89236e-41  1.04767e-35  5.76109e-41 -7.35147e-36 -1.47986e-40  1.51815e-35  4.31306e-40 -4.46245e-35 -5.74419e-40  2.00424e-34  5.34768e-40 -9.46942e-34 -4.34345e-40  4.16623e-33  1.82823e-40 -1.68325e-32 -4.91724e-40  6.24127e-32 -1.07897e-40  -2.1228e-31 -7.35425e-40  6.61735e-31  2.91875e-39 -1.88817e-30 -1.04268e-38  4.92269e-30    3.259e-38  -1.1699e-29 -9.66521e-38  2.52679e-29  2.67304e-37 -4.94066e-29 -6.91105e-37  8.70296e-29  1.66829e-36 -1.37237e-28 -3.75768e-36  1.92131e-28  7.89063e-36 -2.36129e-28 -1.54313e-35  2.50687e-28  2.80698e-35 -2.24239e-28 -4.74207e-35  1.61734e-28  7.42676e-35  -8.5297e-29 -1.07599e-34  2.25675e-29  1.43846e-34  9.90061e-30 -1.76919e-34 -1.47262e-29  1.99477e-34   6.9211e-30 -2.05302e-34 -1.80324e-32   1.9186e-34 -1.72651e-30 -1.61724e-34  7.46037e-31  1.21884e-34  9.00565e-32 -8.11294e-35 -1.67306e-31  4.68097e-35  2.53984e-32 -2.26592e-35  2.01156e-32  8.57192e-36   -6.244e-33 -1.99098e-36 -1.61214e-33 -2.34807e-37  7.09755e-34  5.59257e-37  9.02326e-35  -3.5391e-37  -3.2471e-35  1.49428e-37 -1.44991e-35 -4.63075e-38  4.83371e-36  1.04043e-38 -5.76046e-37 -1.52678e-39  1.56933e-37  8.61687e-41 -3.52797e-38  1.70714e-41    3.182e-39 -4.38236e-42  -1.6981e-40  3.86635e-43  6.31964e-42 -1.03227e-44
-2.16573e-49 -7.83678e-36  4.44066e-48 -3.60173e-35 -1.73556e-47  -1.6523e-34  9.53213e-47  5.31654e-34  5.89754e-46 -3.38684e-34 -4.38624e-45  -5.7726e-36  7.05727e-44  1.68174e-34 -5.89833e-43 -1.95131e-34  2.51731e-42  7.52517e-35 -5.33525e-42  2.82193e-35  1.31308e-41 -5.13251e-35 -1.39591e-41  5.71748e-35 -4.28365e-42 -4.67194e-35  9.24451e-41  1.86695e-35 -6.10638e-41 -1.62193e-35  2.72107e-40  1.82028e-35   1.0183e-40 -2.82482e-35 -3.69382e-40  1.15928e-34  1.03171e-39 -5.71151e-34 -1.44725e-39  2.81759e-33  1.33824e-39 -1.29362e-32 -1.03708e-39  5.45743e-32  6.22364e-40 -2.11303e-31 -1.39785e-39  7.50664e-31  1.10972e-39 -2.44531e-30 -6.03381e-39  7.29643e-30  2.18977e-38 -1.99119e-29 -7.28258e-38  4.95957e-29  2.22843e-37 -1.12445e-28 -6.39362e-37   2.3127e-28  1.71321e-36 -4.29619e-28 -4.28882e-36  7.16824e-28  1.00237e-35  -1.0665e-27 -2.18566e-35  1.40131e-27  4.44237e-35 -1.60433e-27 -8.40702e-35  1.56883e-27   1.4794e-34 -1.26813e-27 -2.41687e-34  7.94893e-28   3.6587e-34 -3.24147e-28 -5.12088e-34   1.1188e-29   6.6097e-34  9.87815e-29 -7.84355e-34 -7.40641e-29  8.52652e-34  1.81532e-29 -8.45444e-34  9.63068e-30   7.6063e-34 -8.87908e-30 -6.16869e-34  1.39618e-30  4.47152e-34  1.30806e-30 -2.86357e-34 -6.04053e-31  1.59235e-34 -7.81693e-32 -7.46797e-35  9.82418e-32  2.78246e-35 -2.88211e-33 -6.88227e-36 -9.78543e-33 -2.93184e-38  6.01783e-34  1.16891e-36  7.37757e-34 -7.59433e-37 -2.21488e-35  3.11548e-37 -4.75355e-35 -9.24349e-38  4.44561e-36  1.98367e-38  -1.7043e-37 -2.83645e-39  2.85082e-37  1.94209e-40 -4.46851e-38  1.22306e-41  2.30258e-39 -3.72441e-42 -1.36325e-40  2.48757e-43  3.37579e-42
 5.57701e-36 -4.07258e-48  1.02153e-35   4.0695e-47 -5.41878e-35 -1.16502e-46 -2.45923e-34  5.89754e-46  6.66815e-34  3.34358e-45 -4.23315e-34 -2.37435e-44  1.65565e-35  3.39852e-43  1.73802e-34 -2.51884e-42   -1.755e-34  9.79241e-42  2.83799e-35 -1.89679e-41  7.84288e-35  4.49338e-41 -8.80941e-35 -4.45336e-41  8.60849e-35 -1.47906e-41 -5.69127e-35  2.89798e-40  2.05408e-35 -2.48828e-40  -2.4594e-35  8.11453e-40  6.22898e-35  1.65347e-40 -2.70926e-34 -8.62632e-40  1.47316e-33  2.26302e-39 -7.63325e-33 -3.30504e-39  3.65992e-32  3.05653e-39 -1.61214e-31 -2.31017e-39  6.51767e-31  2.07156e-39  -2.4181e-30 -5.02607e-39  8.22941e-30  1.10084e-38 -2.56691e-29 -4.25597e-38  7.32891e-29  1.46237e-37 -1.91197e-28 -4.66234e-37  4.54682e-28  1.38435e-36 -9.82653e-28 -3.84445e-36  1.92255e-27  9.97507e-36 -3.38841e-27 -2.41766e-35  5.34555e-27  5.47026e-35 -7.48575e-27 -1.15458e-34  9.19988e-27  2.27106e-34 -9.76222e-27 -4.15819e-34  8.72014e-27  7.07682e-34 -6.26879e-27 -1.11764e-33  3.27778e-27   1.6347e-33 -8.32479e-28 -2.20927e-33 -4.19964e-28  2.75148e-33  5.88647e-28 -3.14796e-33  -2.6938e-28  3.29637e-33 -4.82258e-30 -3.14549e-33  7.07985e-29  2.72084e-33 -2.94474e-29 -2.11964e-33  -4.2245e-30  1.47495e-33  6.87122e-30  -9.0662e-34 -9.53609e-31  4.84411e-34  -8.5317e-31 -2.19166e-34  2.49966e-31  7.97814e-35  7.03283e-32 -2.03414e-35 -2.77437e-32  1.30427e-36 -5.40488e-33  2.08072e-36  2.07291e-33 -1.42172e-36  3.10049e-34    5.669e-37 -8.90844e-35 -1.60214e-37  -7.7295e-36  3.24793e-38  -2.2762e-37  -4.4052e-39  5.34453e-37  3.12194e-40 -3.36601e-38  4.84991e-42  1.04183e-39 -2.51431e-42 -1.15422e-40  1.04733e-43
 2.90269e-48   5.8823e-36 -5.00922e-47  3.44816e-35  3.19593e-46 -4.94756e-35 -7.40355e-46 -3.38684e-34  3.34358e-45  7.83313e-34  1.72866e-44 -4.85598e-34 -1.15723e-43   3.7743e-35  1.48065e-42  1.51464e-34 -9.65035e-42 -1.25267e-34  3.44401e-41 -3.57606e-35 -6.03337e-41  1.45029e-34   1.3922e-40 -1.39964e-34 -1.28329e-40  1.24818e-34 -4.68592e-41 -7.12057e-35  8.35964e-40  3.45231e-35 -8.16244e-40 -1.10247e-34  2.14303e-39    6.064e-34  3.01928e-40 -3.48268e-33 -1.90547e-39    1.897e-32  4.59938e-39 -9.50651e-32  -6.9107e-39  4.37292e-31  6.50291e-39 -1.84598e-30 -5.27254e-39  7.15173e-30  8.02492e-39  -2.5423e-29 -2.40502e-38  8.28706e-29   7.5824e-38 -2.47442e-28 -2.69494e-37  6.75742e-28  8.89634e-37 -1.68432e-27 -2.73886e-36  3.82151e-27  7.87605e-36 -7.86539e-27 -2.11737e-35   1.4621e-26  5.31907e-35 -2.44102e-26 -1.24809e-34  3.63356e-26  2.73368e-34 -4.77563e-26 -5.58444e-34  5.46717e-26  1.06289e-33 -5.34254e-26 -1.88248e-33  4.31024e-26  3.09775e-33 -2.68866e-26 -4.72791e-33  1.07923e-26   6.6788e-33 -1.50894e-28 -8.71139e-33 -3.50628e-27  1.04622e-32   2.5617e-27 -1.15316e-32   -5.966e-28   1.1621e-32 -3.56759e-28 -1.06597e-32  3.13081e-28  8.85285e-33 -4.51255e-29 -6.61382e-33  -4.8129e-29  4.40888e-33  2.12665e-29 -2.59463e-33  3.13648e-30  1.32783e-33 -3.54093e-30 -5.77059e-34  4.76263e-32  2.03747e-34  3.68087e-31 -5.23425e-35 -1.85212e-32  5.55449e-36 -2.89273e-32  3.12125e-36  1.46561e-33 -2.33686e-36  1.37186e-33  9.07562e-37 -5.17597e-36 -2.43334e-37 -3.35406e-35   4.6165e-38 -3.47844e-36 -5.81751e-39  6.76707e-37  3.95377e-40   3.4827e-39 -1.67774e-42  1.01072e-39 -1.27296e-42 -6.72232e-41
 1.62885e-36  4.19042e-47 -1.75104e-36 -4.66667e-46  6.47821e-35  2.18448e-45 -2.97753e-35 -4.38624e-45 -4.23315e-34  1.72866e-44   8.6765e-34  8.12929e-44 -5.22351e-34 -5.04191e-43  6.20564e-35  5.87546e-42  1.06028e-34 -3.34293e-41 -6.02655e-35  1.10339e-40 -1.06389e-34 -1.72591e-40  2.23152e-34  3.93996e-40 -2.05397e-34 -3.36719e-40  1.75917e-34 -1.34781e-40 -1.10752e-34   2.2334e-39  2.04661e-34 -2.30082e-39 -1.24005e-33  5.09234e-39   7.6333e-33  7.59867e-40 -4.35304e-32  -4.0066e-39  2.28067e-31  8.75863e-39 -1.09578e-30 -1.34386e-38  4.83027e-30  1.35753e-38 -1.95406e-29  -1.4858e-38  7.25454e-29  3.81436e-38 -2.47063e-28 -1.32216e-37  7.71201e-28  4.58488e-37 -2.20357e-27 -1.56283e-36  5.75319e-27  4.98154e-36 -1.36925e-26 -1.48358e-35  2.96159e-26  4.13027e-35 -5.79891e-26 -1.07494e-34   1.0228e-25   2.6143e-34 -1.61466e-25 -5.93849e-34  2.26234e-25  1.25902e-33 -2.78119e-25 -2.48906e-33  2.95076e-25  4.58347e-33 -2.63322e-25 -7.85092e-33  1.88779e-25  1.24888e-32 -9.79353e-26 -1.84151e-32  2.38803e-26  2.51152e-32  1.36987e-26  -3.1601e-32 -1.82657e-26   3.6576e-32  8.15822e-27 -3.88103e-32  3.06733e-28  3.76049e-32 -2.25082e-27 -3.31201e-32  9.04491e-28  2.63714e-32  1.49736e-28   -1.886e-32  -2.1926e-28   1.2018e-32  2.78508e-29  -6.7533e-33  2.80261e-29  3.29929e-33 -7.73671e-30 -1.37133e-33 -2.45136e-30  4.66548e-34  9.11454e-31  -1.1878e-34  1.82588e-31  1.56642e-35 -6.73765e-32  3.80326e-36 -1.01314e-32 -3.37916e-36  2.43176e-33  1.28413e-36  4.56109e-34  -3.2559e-37 -3.39298e-35  5.72912e-38 -1.07535e-35 -6.57857e-39  2.09353e-37  4.06077e-40  3.03033e-38 -4.72944e-42  1.80891e-39 -4.17335e-43
-9.58502e-48  5.70724e-36  4.15125e-46 -2.64331e-35 -3.52366e-45  1.01663e-34  1.31592e-44  -5.7726e-36 -2.37435e-44 -4.85598e-34  8.12929e-44  9.19203e-34  3.48228e-43 -5.41631e-34 -1.95897e-42  9.36188e-35  2.13653e-41  4.97694e-35 -1.05358e-40  3.72015e-36  3.24186e-40 -1.73955e-34 -4.45445e-40  3.05915e-34  1.02713e-39 -2.84974e-34  -8.1044e-40  2.72464e-34 -3.49451e-40 -4.39228e-34  5.55681e-39  2.39799e-33 -5.74813e-39 -1.55092e-32  1.10168e-38  9.27195e-32  2.31597e-39 -5.07823e-31 -8.05645e-39  2.54902e-30  1.59233e-38 -1.17344e-29 -2.52953e-38  4.95687e-29  3.15942e-38 -1.92175e-28 -5.86408e-38  6.83647e-28  2.01667e-37  -2.2302e-27 -7.31315e-37  6.66455e-27  2.54411e-36 -1.82157e-26 -8.38147e-36   4.5443e-26  2.58372e-35 -1.03196e-25 -7.44673e-35  2.12588e-25  2.00689e-34 -3.95529e-25 -5.05634e-34  6.60899e-25  1.19048e-33 -9.84513e-25 -2.61773e-33   1.2947e-24  5.37162e-33 -1.48259e-24 -1.02762e-32  1.44839e-24  1.83056e-32 -1.16687e-24 -3.03198e-32   7.2483e-25  4.66144e-32 -2.86672e-25 -6.63888e-32  -1.7604e-27  8.73863e-32  9.88813e-26 -1.06022e-31 -7.06261e-26  1.18199e-31  1.56584e-26 -1.20653e-31  1.04526e-26    1.123e-31 -8.79798e-27  -9.4856e-32  1.16326e-27  7.23044e-32  1.40606e-27 -4.94088e-32 -5.97345e-28  3.00264e-32 -9.89992e-29 -1.60652e-32   1.0224e-28  7.46633e-33 -1.75946e-32  -2.9551e-33 -1.10276e-29  9.62875e-34  5.04079e-31 -2.39909e-34  8.50848e-31  3.53208e-35 -3.39412e-32  3.33096e-36 -4.13778e-32 -4.28694e-36 -5.86832e-34  1.60865e-36  1.20526e-33  -3.8483e-37  6.93686e-35  6.22059e-38 -1.38475e-35  -6.3699e-39 -8.34519e-37  3.38588e-40  5.83491e-39 -4.16598e-42  1.32126e-39
-7.95937e-36 -1.30651e-46  1.65763e-35  3.24661e-45   -7.226e-35 -2.23924e-44  1.40011e-34  7.05727e-44  1.65565e-35 -1.15723e-43 -5.22351e-34  3.48228e-43  9.50349e-34  1.36562e-42 -5.58225e-34 -6.78141e-42  1.34117e-34  7.15955e-41 -4.12254e-36 -3.03638e-40    5.709e-35   8.7885e-40 -2.32177e-34 -1.03837e-39  3.91935e-34  2.48763e-39 -4.30032e-34  -1.8017e-39  8.62606e-34  -8.1165e-40 -4.41206e-33  1.29371e-38   2.9396e-32 -1.29574e-38 -1.83949e-31  2.19055e-38  1.05364e-30  6.89623e-39 -5.52645e-30 -1.56567e-38  2.65726e-29  2.89574e-38 -1.17216e-28 -5.14595e-38  4.74537e-28  9.77207e-38 -1.76311e-27 -2.86332e-37  6.00943e-27  1.07125e-36 -1.87744e-26 -3.86016e-36  5.36931e-26  1.31168e-35 -1.40316e-25 -4.18122e-35  3.34273e-25  1.24705e-34 -7.23724e-25 -3.47854e-34  1.41849e-24  9.07426e-34 -2.50435e-24 -2.21311e-33   3.9572e-24   5.0439e-33 -5.54905e-24 -1.07353e-32  6.82588e-24  2.13194e-32 -7.24375e-24 -3.94624e-32  6.46096e-24  6.79947e-32 -4.62198e-24 -1.08887e-31  2.38115e-24  1.61766e-31  -5.5787e-25 -2.22478e-31 -3.60078e-25  2.82553e-31  4.60467e-25 -3.30429e-31 -2.01241e-25  3.54645e-31  -1.1322e-26 -3.48017e-31  5.80802e-26  3.10886e-31 -2.26392e-26 -2.51544e-31 -4.22345e-27  1.83278e-31  5.68934e-27 -1.19435e-31 -6.61406e-28  6.90503e-32 -7.49573e-28 -3.50679e-32  1.97111e-28  1.54461e-32  6.80886e-29   -5.795e-33 -2.41778e-29  1.79803e-33 -5.01555e-30 -4.34144e-34  1.75121e-30  6.76153e-35   2.9843e-31  8.23205e-37  -6.5592e-32 -4.72663e-36 -1.33557e-32  1.78275e-36  1.04612e-33 -4.02028e-37  2.67727e-34   5.9035e-38   1.4318e-37 -5.24661e-39 -1.28899e-36  2.24481e-40 -3.53056e-38 -1.96114e-42
 4.02648e-47 -1.57628e-35 -1.22926e-45  3.81932e-35  2.11684e-44 -1.29504e-34 -1.22707e-43  1.68174e-34  3.39852e-43   3.7743e-35 -5.04191e-43 -5.41631e-34  1.36562e-42   9.8069e-34   4.9398e-42 -5.87193e-34 -2.08692e-41  1.82745e-34  2.22246e-40 -4.73112e-35 -8.03461e-40  9.84074e-35  2.21107e-39 -2.85545e-34 -2.18208e-39  5.58925e-34  5.64598e-39 -1.35725e-33 -3.72384e-39  7.58017e-33 -1.67341e-39 -5.21338e-32  2.82999e-38  3.41064e-31 -2.66567e-38 -2.04354e-30  4.03428e-38  1.12038e-29  1.86463e-38  -5.6278e-29  -3.0497e-38  2.59262e-28  5.91883e-38 -1.09602e-27 -1.37377e-37  4.25262e-27  4.05237e-37 -1.51414e-26 -1.46076e-36   4.9439e-26  5.45714e-36  -1.4788e-25 -1.91757e-35  4.04591e-25  6.31795e-35 -1.01039e-24 -1.94853e-34  2.29695e-24  5.62271e-34 -4.73698e-24 -1.51777e-33  8.82306e-24  3.83191e-33 -1.47586e-23 -9.04539e-33  2.20078e-23   1.9953e-32 -2.89675e-23 -4.11001e-32  3.31926e-23  7.89822e-32 -3.24316e-23 -1.41438e-31  2.61052e-23  2.35693e-31 -1.61603e-23  -3.6488e-31  6.30531e-24   5.2375e-31  1.61165e-25 -6.95466e-31 -2.29921e-24  8.52024e-31  1.61068e-24 -9.60108e-31 -3.40894e-25  9.91622e-31 -2.51575e-25 -9.34901e-31   2.0451e-25  8.00859e-31 -2.48629e-26 -6.20003e-31 -3.38696e-26   4.3113e-31   1.3911e-26 -2.67372e-31  2.54734e-27  1.46665e-31 -2.45121e-27 -7.04652e-32 -2.45279e-29  2.92944e-32  2.70967e-28 -1.03679e-32  -1.0753e-29  3.04605e-33 -2.09238e-29 -7.07169e-34  6.25057e-31   1.1298e-34  1.05837e-30 -4.26253e-36  1.87452e-32 -4.43212e-36 -3.06971e-32  1.74223e-36  -1.7627e-33 -3.70875e-37  3.21394e-34  4.87759e-38  2.57261e-35 -3.62266e-39 -3.27767e-37   1.1218e-40 -2.92907e-38
 3.18255e-36   4.8955e-46 -2.30218e-35  -9.1075e-45  6.70386e-35  1.18472e-43 -1.77171e-34 -5.89833e-43  1.73802e-34  1.48065e-42  6.20564e-35 -1.95897e-42 -5.58225e-34   4.9398e-42  1.02913e-33  1.66273e-41 -6.38648e-34 -5.67152e-41  2.37641e-34  6.42199e-40 -7.94486e-35 -1.95821e-39  1.42312e-34  5.19135e-39 -4.50381e-34 -4.10586e-39   1.8815e-33  1.21142e-38 -1.19302e-32 -7.19929e-39  8.65795e-32 -3.00513e-39 -5.92533e-31  5.83645e-38  3.71498e-30 -5.04066e-38 -2.12967e-29  6.91393e-38  1.11785e-28  4.62932e-38 -5.37888e-28 -6.57139e-38  2.37458e-27  1.61766e-37  -9.6213e-27 -5.16341e-37  3.57792e-26  1.91127e-36 -1.22066e-25 -7.22506e-36  3.81734e-25  2.62897e-35 -1.09287e-24 -8.95264e-35  2.85913e-24  2.85397e-34  -6.8191e-24 -8.51334e-34  1.47813e-23  2.37629e-33 -2.90062e-23 -6.20576e-33  5.12731e-23  1.51597e-32  -8.1115e-23 -3.46269e-32  1.13873e-22  7.39115e-32 -1.40209e-22 -1.47314e-31  1.48889e-22  2.73891e-31 -1.32798e-22 -4.74437e-31  9.48588e-23  7.64531e-31 -4.85788e-23 -1.14408e-30  1.09526e-23  1.58653e-30  7.87188e-24 -2.03377e-30 -9.72434e-24  2.40312e-30  4.17021e-24 -2.60875e-30  3.06952e-25  2.59187e-30 -1.25457e-24 -2.34647e-30  4.76382e-25  1.92597e-30  9.82018e-26 -1.42501e-30 -1.23867e-25  9.44195e-31  1.32487e-26 -5.56049e-31  1.67914e-26  2.88565e-31 -4.24721e-27  -1.3067e-31 -1.56733e-27  5.10377e-32  5.35515e-28 -1.69497e-32  1.16858e-28  4.68876e-33 -3.88618e-29 -1.04008e-33 -7.21868e-30  1.67361e-34  1.50596e-30  -1.1689e-35  3.14893e-31  -3.3567e-36 -2.32679e-32  1.49296e-36 -6.29665e-33 -3.01548e-37 -3.88692e-35  3.48307e-38  3.24748e-35 -2.04054e-39  8.00089e-37  3.66065e-41
 -6.7856e-47   4.2711e-36  4.17921e-45 -2.79518e-35 -5.59442e-44  9.11454e-35  5.79951e-43 -1.95131e-34 -2.51884e-42  1.51464e-34  5.87546e-42  9.36188e-35 -6.78141e-42 -5.87193e-34  1.66273e-41  1.10793e-33  5.25503e-41 -7.15828e-34  -1.3386e-40  2.98716e-34  1.73531e-39 -1.19747e-34 -4.40554e-39  3.51144e-34   1.1437e-38 -2.23805e-33 -6.80372e-39  1.74426e-32  2.47808e-38 -1.34613e-31 -1.30882e-38  9.66519e-31 -4.48148e-39 -6.34423e-30   1.1377e-37  3.80438e-29  -8.7825e-38 -2.08728e-28  1.09663e-37  1.04927e-27  1.11778e-37 -4.83769e-27  -1.8223e-37  2.04688e-26  6.08844e-37 -7.94935e-26 -2.32389e-36  2.83312e-25  9.08576e-36 -9.26023e-25 -3.39572e-35  2.77293e-24  1.19565e-34 -7.59537e-24 -3.93725e-34   1.8991e-23   1.2133e-33 -4.32275e-23 -3.49891e-33  8.92641e-23    9.443e-33 -1.66485e-22 -2.38479e-32   2.7886e-22  5.63436e-32 -4.16377e-22 -1.24481e-31  5.48726e-22  2.57016e-31 -6.29408e-22 -4.95508e-31  6.15358e-22   8.9108e-31 -4.95184e-22 -1.49276e-30  3.05747e-22  2.32582e-30 -1.17865e-22 -3.36397e-30 -5.17878e-24  4.50643e-30  4.52347e-23 -5.57656e-30 -3.11817e-23  6.35488e-30  6.32439e-24   -6.645e-30  5.10733e-24  6.34928e-30 -4.03619e-24 -5.51719e-30  4.53397e-25  4.33602e-30  6.90552e-25 -3.06278e-30 -2.75907e-25  1.93057e-30 -5.48135e-26 -1.07716e-30  4.99812e-26  5.27176e-31  9.07796e-28 -2.24049e-31 -5.63667e-27  8.17854e-32  1.89538e-28 -2.53338e-32   4.4065e-28  6.56013e-33 -1.01772e-29 -1.38382e-33 -2.28186e-29  2.21976e-34 -4.70048e-31 -2.02571e-35  6.57782e-31 -1.74287e-36  4.06514e-32  1.11286e-36 -6.86798e-33  -2.1565e-37 -5.91709e-34  2.12441e-38  7.18386e-36 -8.88662e-40  6.37783e-37
 3.03681e-37 -7.67931e-46  2.59727e-36  2.84903e-44 -2.85344e-35 -2.93042e-43  9.65687e-35  2.51731e-42   -1.755e-34 -9.65035e-42  1.06028e-34  2.13653e-41  1.34117e-34 -2.08692e-41 -6.38648e-34  5.25503e-41  1.22097e-33   1.5721e-40  -8.1782e-34  -2.6301e-40  3.83984e-34  4.40368e-39 -3.72105e-34 -9.15937e-39  2.71962e-33  2.37695e-38 -2.37891e-32 -9.52764e-39  1.96499e-31   4.8686e-38 -1.48255e-30 -2.24666e-38  1.01967e-29 -4.70116e-39 -6.39911e-29  2.09847e-37  3.67111e-28 -1.39891e-37 -1.92844e-27  1.53598e-37  9.28702e-27  2.91052e-37 -4.10352e-26 -6.76356e-37  1.66425e-25  2.69373e-36 -6.19517e-25 -1.07863e-35  2.11585e-24  4.16911e-35 -6.62443e-24 -1.51333e-34  1.89881e-23  5.14601e-34 -4.97394e-23 -1.63677e-33  1.18788e-22  4.87194e-33 -2.57848e-22 -1.35729e-32  5.06721e-22  3.53937e-32  -8.9703e-22 -8.63796e-32  1.42122e-21  1.97247e-31 -1.99805e-21 -4.21244e-31  2.46346e-21   8.4081e-31 -2.61879e-21 -1.56723e-30  2.33704e-21  2.72493e-30  -1.6681e-21 -4.41335e-30   8.5017e-22  6.64721e-30 -1.84923e-22 -9.29141e-30 -1.46413e-22  1.20237e-29  1.75868e-22 -1.43635e-29 -7.42355e-23  1.57863e-29 -6.62945e-24 -1.58999e-29  2.31945e-23  1.46089e-29 -8.62021e-24 -1.21806e-29 -1.92912e-24  9.16046e-30  2.31373e-24 -6.17093e-30 -2.29931e-25  3.69437e-30 -3.21832e-25 -1.94814e-30  7.89893e-26   8.9601e-31  3.07432e-26 -3.55681e-31  -1.0194e-26  1.20592e-31 -2.33575e-27 -3.45968e-32  7.49148e-28  8.33439e-33  1.47104e-28 -1.66691e-33 -2.95893e-29  2.65449e-34 -6.38003e-30 -2.80685e-35  4.44652e-31 -4.72181e-38   1.2923e-31  7.14931e-37  1.10762e-33  -1.3549e-37 -6.71345e-34  1.08461e-38 -1.69735e-35 -2.60932e-40
-3.93802e-47  1.28696e-36 -6.14595e-45 -1.77252e-36  1.62773e-43 -2.20081e-35 -1.33307e-42  7.52517e-35  9.79241e-42 -1.25267e-34 -3.34293e-41  4.97694e-35  7.15955e-41  1.82745e-34 -5.67152e-41 -7.15828e-34   1.5721e-40  1.36706e-33  4.47946e-40 -9.59868e-34 -3.75835e-40  7.26267e-34  1.05367e-38 -3.30684e-33 -1.75923e-38  3.09103e-32  4.68426e-38 -2.69854e-31 -9.90221e-39  2.14187e-30  9.23712e-38 -1.54479e-29 -3.65149e-38  1.01514e-28  1.69602e-40 -6.09205e-28  3.65459e-37  3.34507e-27 -1.94886e-37 -1.68298e-26    1.415e-37  7.76652e-26  9.10965e-37 -3.28931e-25 -2.95125e-36  1.27879e-24  1.23012e-35 -4.56262e-24 -4.88122e-35  1.49308e-23  1.82976e-34 -4.47659e-23 -6.41572e-34  1.22782e-22  2.10459e-33 -3.07427e-22 -6.45877e-33  7.00796e-22  1.85512e-32 -1.44936e-21 -4.98779e-32  2.70746e-21  1.25541e-31 -4.54232e-21 -2.95776e-31   6.7934e-21  6.52123e-31 -8.96694e-21 -1.34493e-30  1.03003e-20  2.59296e-30 -1.00817e-20 -4.66923e-30  8.11582e-21  7.84439e-30 -5.00276e-21 -1.22777e-29  1.90893e-21  1.78707e-29  1.16236e-22 -2.41374e-29 -7.67463e-22  3.01733e-29  5.22315e-22 -3.47996e-29 -1.02048e-22  3.68926e-29 -8.91759e-23 -3.57961e-29  6.89468e-23  3.16281e-29 -7.21742e-24 -2.52995e-29 -1.21465e-23  1.81982e-29  4.75266e-24 -1.16804e-29  1.00681e-24  6.63065e-30 -8.83122e-25 -3.29601e-30 -2.17485e-26  1.41904e-30  1.01468e-25 -5.23181e-31 -2.91021e-27  1.63517e-31  -8.0589e-27 -4.30758e-32  1.50026e-28  9.58881e-33  4.24239e-28 -1.81741e-33  9.94375e-30  2.87707e-34 -1.22825e-29 -3.31665e-35 -8.03979e-31  1.25468e-36  1.29204e-31  3.93631e-37  1.15757e-32 -7.48097e-38 -1.27771e-34  4.44804e-39 -1.24309e-35
-3.24617e-37 -4.24152e-46  3.85964e-36 -3.93596e-44 -7.76465e-36  7.99947e-43 -4.47026e-36 -5.33525e-42  2.83799e-35  3.44401e-41 -6.02655e-35 -1.05358e-40 -4.12254e-36  2.22246e-40  2.37641e-34  -1.3386e-40  -8.1782e-34  4.47946e-40  1.56151e-33  1.22017e-39 -1.39275e-33 -1.17052e-40  4.19536e-33  2.38572e-38 -3.79924e-32  -3.1142e-38   3.4973e-31  8.79595e-38 -2.91837e-30 -2.60582e-39  2.20889e-29  1.69758e-37 -1.52089e-28 -5.63689e-38  9.55213e-28  1.94521e-38  -5.4844e-27  5.93924e-37  2.88346e-26  -1.8446e-37 -1.38992e-25 -2.39506e-37  6.14758e-25  3.46965e-36 -2.49591e-24 -1.34118e-35  9.30169e-24  5.51997e-35 -3.18071e-23 -2.12843e-34  9.97127e-23  7.69582e-34 -2.86208e-22 -2.60086e-33  7.50818e-22  8.22092e-33 -1.79587e-21 -2.43117e-32  3.90452e-21  6.72919e-32 -7.68608e-21 -1.74361e-31  1.36302e-20  4.22974e-31 -2.16338e-20 -9.60584e-31  3.04689e-20  2.04188e-30 -3.76312e-20 -4.06103e-30  4.00665e-20  7.55274e-30 -3.57962e-20 -1.31245e-29  2.55511e-20  2.12855e-29 -1.29771e-20 -3.21724e-29  2.73307e-21  4.52346e-29  2.35659e-21 -5.90254e-29 -2.76931e-21  7.12772e-29  1.15454e-21 -7.93804e-29  1.18891e-22  8.11987e-29   -3.732e-22 -7.59214e-29   1.3646e-22  6.45228e-29  3.26026e-23 -4.95172e-29 -3.77032e-23  3.40567e-29  3.53038e-24 -2.08093e-29  5.36634e-24  1.11828e-29 -1.28964e-24 -5.22549e-30 -5.23397e-25  2.09657e-30  1.70096e-25 -7.13087e-31  4.05246e-26  2.03513e-31 -1.27019e-26 -4.86839e-32 -2.58923e-27  9.93772e-33  5.08748e-28 -1.79088e-33  1.12974e-28  2.83682e-34 -7.55927e-30 -3.42555e-35 -2.31749e-30  1.87597e-36 -2.34527e-32  1.88624e-37  1.21056e-32 -3.62306e-38  3.16338e-34   1.2999e-39
 8.06385e-46 -1.71178e-36 -2.89508e-45  8.32395e-36 -2.11132e-43 -1.56326e-35  3.44118e-42  2.82193e-35 -1.89679e-41 -3.57606e-35  1.10339e-40  3.72015e-36 -3.03638e-40 -4.73112e-35  6.42199e-40  2.98716e-34  -2.6301e-40 -9.59868e-34  1.22017e-39  2.06292e-33  3.18108e-39 -5.25603e-33  1.65186e-39  4.44394e-32  5.12823e-38 -4.27606e-31 -5.05203e-38  3.75464e-30  1.58068e-37 -2.98432e-29  2.23347e-38  2.15442e-28  3.02445e-37 -1.41688e-27 -8.36873e-38  8.50999e-27   7.7572e-38 -4.67685e-26  8.58984e-37  2.35527e-25  2.22969e-37 -1.08801e-24  -2.5134e-36  4.61301e-24  1.48138e-35 -1.79551e-23 -6.03971e-35  6.41428e-23  2.40797e-34 -2.10183e-22 -8.96117e-34  6.31072e-22  3.11896e-33 -1.73349e-21 -1.01448e-32  4.34735e-21  3.08558e-32 -9.92677e-21 -8.77952e-32  2.05666e-20  2.33776e-31 -3.84906e-20  -5.8268e-31  6.47001e-20  1.35965e-30 -9.69544e-20 -2.97035e-30  1.28227e-19  6.07488e-30 -1.47574e-19 -1.16282e-29  1.44683e-19  2.08228e-29 -1.16596e-19 -3.48594e-29  7.18275e-20  5.45016e-29 -2.71867e-20 -7.94681e-29 -2.06601e-21  1.07856e-28  1.13932e-20 -1.35923e-28 -7.68177e-21   1.5856e-28  1.45535e-21 -1.70567e-28  1.35912e-21  1.68424e-28 -1.03454e-21 -1.51835e-28  1.02223e-22  1.24176e-28  1.87028e-22 -9.14518e-29 -7.21753e-23  6.01332e-29 -1.60399e-23 -3.49522e-29  1.37234e-23  1.77522e-29   4.0232e-25 -7.77418e-30 -1.60531e-24  2.89191e-30  4.06597e-26 -8.99869e-31  1.29618e-25  2.31596e-31 -2.05848e-27 -4.95381e-32 -6.92715e-27  9.18684e-33 -1.77326e-28 -1.58935e-33  2.02724e-28  2.54788e-34  1.37808e-29 -3.11528e-35 -2.15393e-30  1.81984e-36 -1.98392e-31  8.51382e-38  2.03896e-33 -1.50409e-38  2.14199e-34
 9.53144e-37  8.33189e-45 -5.31393e-36 -1.53663e-44  1.46622e-35 -9.72741e-43 -2.85114e-35  1.31308e-41  7.84288e-35 -6.03337e-41 -1.06389e-34  3.24186e-40    5.709e-35 -8.03461e-40 -7.94486e-35  1.73531e-39  3.83984e-34 -3.75835e-40 -1.39275e-33  3.18108e-39  6.10749e-33   7.9316e-39 -4.92803e-32  7.85761e-39  4.93878e-31  1.04952e-37 -4.56403e-30 -7.42333e-38  3.81308e-29  2.72871e-37  -2.8883e-28   8.1385e-38  1.99025e-27  5.22472e-37 -1.25105e-26 -1.26496e-37  7.18939e-26  2.55181e-37 -3.78352e-25  8.65855e-37  1.82567e-24  2.60698e-36 -8.08393e-24 -1.38488e-35    3.286e-23     6.57e-35 -1.22619e-22  -2.6635e-34   4.1987e-22  1.02283e-33 -1.31819e-21 -3.66387e-33  3.78953e-21  1.22607e-32 -9.95766e-21 -3.83316e-32  2.38594e-20   1.1202e-31 -5.19705e-20 -3.06133e-31  1.02504e-19  7.82628e-31 -1.82147e-19 -1.87221e-30  2.89715e-19  4.19192e-30 -4.08916e-19 -8.78632e-30  5.06134e-19  1.72417e-29 -5.40004e-19 -3.16757e-29  4.83302e-19  5.44707e-29  -3.4529e-19 -8.76389e-29  1.75015e-19   1.3182e-28 -3.58639e-20 -1.85122e-28 -3.32578e-20  2.42277e-28  3.84588e-20 -2.94729e-28 -1.58961e-20  3.32134e-28 -1.81564e-21  -3.4525e-28  5.29396e-21  3.29324e-28 -1.91539e-21 -2.86483e-28 -4.80622e-22  2.25639e-28  5.42977e-22 -1.59556e-28 -4.87934e-23  1.00311e-28 -7.88703e-23 -5.54309e-29  1.87428e-23  2.65637e-29  7.83711e-24 -1.08661e-29 -2.52325e-24  3.72494e-30 -6.17444e-25 -1.04922e-30  1.91654e-25  2.39253e-31  4.00148e-26 -4.46783e-32 -7.78704e-27   7.4295e-33 -1.76712e-27    -1.26e-33   1.1595e-28    2.076e-34  3.67632e-29 -2.47958e-35  4.06714e-31  1.32687e-36    -1.94e-31  4.22221e-38 -5.19147e-33 -4.76318e-39
 3.32261e-45  2.46583e-36  5.96931e-44 -1.14675e-35 -7.02084e-44  2.35869e-35 -3.91609e-42 -5.13251e-35  4.49338e-41  1.45029e-34 -1.72591e-40 -1.73955e-34   8.7885e-40  9.84074e-35 -1.95821e-39 -1.19747e-34  4.40368e-39  7.26267e-34 -1.17052e-40 -5.25603e-33   7.9316e-39  5.15144e-32  1.88786e-38 -5.38895e-31  2.49667e-38  5.24527e-30  2.05004e-37 -4.61057e-29 -9.64054e-38  3.66748e-28  4.53947e-37 -2.64967e-27  1.98546e-37  1.74406e-26  8.78431e-37 -1.04845e-25 -2.34498e-37  5.76766e-25  8.88903e-37 -2.90767e-24 -9.43769e-37  1.34471e-23  1.44482e-35 -5.70838e-23  -6.7228e-35  2.22476e-22  2.91908e-34 -7.95891e-22 -1.15066e-33  2.61189e-21  4.24932e-33 -7.85472e-21 -1.46342e-32   2.1613e-20  4.70461e-32 -5.43006e-20 -1.41223e-31  1.24229e-19  3.96006e-31 -2.57905e-19 -1.03768e-30  4.83706e-19  2.54174e-30   -8.149e-19  -5.8216e-30  1.22399e-18   1.2472e-29 -1.62264e-18 -2.50015e-29   1.8719e-18  4.69118e-29 -1.83937e-18 -8.24188e-29  1.48502e-18  1.35612e-28 -9.15304e-19 -2.08976e-28    3.445e-19  3.01486e-28  3.05877e-20 -4.06815e-28  -1.4969e-19  5.12562e-28  1.00346e-19 -6.01399e-28 -1.85871e-20  6.54676e-28 -1.82912e-20 -6.57994e-28   1.3795e-20  6.06923e-28 -1.30934e-21 -5.10083e-28 -2.54992e-21  3.87352e-28  9.77869e-22 -2.63222e-28  2.24369e-22  1.58275e-28 -1.89778e-22 -8.31098e-29 -6.07913e-24  3.75144e-29   2.2584e-23 -1.42803e-29 -5.37001e-25  4.47822e-30 -1.85382e-24 -1.12567e-30  2.73819e-26  2.21312e-31  1.00648e-25 -3.45364e-32  2.68603e-27  5.02485e-33 -2.98922e-27 -8.73938e-34 -2.07503e-28  1.51005e-34  3.22001e-29 -1.68661e-35  3.01796e-30  7.19424e-37 -2.99789e-32  2.34515e-38 -3.29476e-33
-9.20838e-37  2.53974e-44  4.90513e-36  3.42355e-43 -1.95526e-35 -2.93483e-43  3.69701e-35 -1.39591e-41 -8.80941e-35   1.3922e-40  2.23152e-34 -4.45445e-40 -2.32177e-34  2.21107e-39  1.42312e-34 -4.40554e-39 -3.72105e-34  1.05367e-38  4.19536e-33  1.65186e-39 -4.92803e-32  1.88786e-38  5.55342e-31  4.28031e-38 -5.70155e-30  6.55946e-38  5.27854e-29  3.83011e-37 -4.41342e-28 -1.04357e-37  3.34567e-27  7.30084e-37 -2.30738e-26  4.01436e-37  1.45172e-25  1.46555e-36 -8.35086e-25 -6.88011e-37  4.39948e-24  3.56406e-36 -2.12534e-23 -1.22134e-35  9.42253e-23  7.07539e-35 -3.83523e-22 -3.11591e-34  1.43319e-21  1.28278e-33 -4.91502e-21 -4.88035e-33  1.54561e-20  1.73283e-32  -4.4511e-20  -5.7355e-32  1.17179e-19  1.77074e-31 -2.81329e-19 -5.10056e-31  6.14081e-19  1.37112e-30 -1.21388e-18 -3.44052e-30  2.16212e-18  8.06047e-30 -3.44744e-18 -1.76361e-29  4.87833e-18  3.60501e-29 -6.05398e-18 -6.88782e-29  6.47601e-18  1.23084e-28  -5.8102e-18 -2.05875e-28  4.15874e-18  3.22589e-28  -2.1071e-18 -4.73876e-28  4.22748e-19  6.52884e-28  4.15822e-19  -8.4346e-28 -4.75887e-19   1.0205e-27  1.95817e-19 -1.15336e-27  2.40086e-20  1.21266e-27   -6.689e-20 -1.17942e-27  2.40964e-20  1.05351e-27  6.24692e-21 -8.56897e-28 -6.98259e-21  6.28434e-28  6.15908e-22 -4.10907e-28  1.03238e-21  2.36458e-28 -2.45218e-22 -1.17941e-28 -1.04267e-22  5.00507e-29  3.36411e-23  -1.7652e-29  8.34471e-24   5.0168e-30 -2.60026e-24 -1.10245e-30 -5.49112e-25  1.78036e-31  1.07428e-25  -2.0883e-32   2.4643e-26  2.46186e-33 -1.62204e-27 -4.98256e-34 -5.21496e-28  9.37384e-35 -5.93288e-30 -9.22259e-36  2.79413e-30  2.45864e-37   7.5821e-32  1.09054e-38
-4.95751e-45  -1.9702e-36  1.24869e-43  8.19864e-36  1.66553e-42 -2.85207e-35 -1.15482e-42  5.71748e-35 -4.45336e-41 -1.39964e-34  3.93996e-40  3.05915e-34 -1.03837e-39 -2.85545e-34  5.19135e-39  3.51144e-34 -9.15937e-39 -3.30684e-33  2.38572e-38  4.44394e-32  7.85761e-39 -5.38895e-31  4.28031e-38  5.86277e-30  9.22757e-38 -5.72415e-29  1.51704e-37  5.03579e-28  6.85756e-37  -4.0089e-27 -7.73357e-38  2.89881e-26  1.14147e-36 -1.90981e-25  6.91632e-37  1.14925e-24  2.59445e-36 -6.32902e-24 -2.96388e-36   3.1944e-23  1.59796e-35 -1.47918e-22 -6.93999e-35  6.28772e-22  3.32323e-34 -2.45412e-21 -1.40595e-33  8.79314e-21  5.54748e-33 -2.89049e-20 -2.03318e-32  8.70814e-20  6.94409e-32 -2.40071e-19 -2.20972e-31  6.04387e-19  6.55338e-31 -1.38572e-18  -1.8115e-30  2.88347e-18  4.66742e-30 -5.42124e-18 -1.12093e-29  9.15675e-18  2.50931e-29 -1.37908e-17 -5.23651e-29  1.83341e-17  1.01895e-28 -2.12117e-17  -1.8497e-28  2.09032e-17  3.13508e-28  -1.6921e-17 -4.96731e-28  1.04478e-17  7.36914e-28 -3.92126e-18 -1.02551e-27 -3.87431e-19   1.3411e-27  1.75655e-18 -1.64997e-27 -1.17514e-18  1.90951e-27  2.14905e-19 -2.07438e-27  2.19379e-19   2.1059e-27 -1.65005e-19 -1.98432e-27  1.53774e-20  1.72012e-27  3.10666e-20 -1.35741e-27 -1.19342e-20  9.63646e-28  -2.7817e-21 -6.07345e-28  2.35774e-21  3.34774e-28  7.67785e-23 -1.58558e-28 -2.85164e-22  6.31227e-29  6.89476e-24  -2.0514e-29  2.37957e-23  5.21727e-30 -3.65231e-25 -9.69698e-31 -1.31411e-24  1.15361e-31 -3.48165e-26 -6.23091e-33  3.97328e-26  1.80053e-34  2.77244e-27 -1.77594e-34 -4.36035e-28  4.32384e-35   -4.114e-29 -3.34396e-36  4.12529e-31    3.157e-39  4.57071e-32
