 7.85709e-07  4.63701e-21 -7.59516e-06 -8.47028e-20  2.43129e-05  4.21323e-19 -3.66856e-05 -1.07265e-18  2.42334e-05  1.66037e-18  -1.4047e-08 -1.67328e-18 -6.42313e-06  1.15089e-18 -4.45823e-07 -6.63852e-19  1.57614e-06  5.84996e-19  6.06935e-07  -7.1958e-19 -1.52004e-07  6.85115e-19 -2.15186e-07 -4.00823e-19 -7.31774e-08   9.2696e-20  8.53298e-09  4.84058e-20  2.06575e-08 -4.60337e-20  1.05361e-08  1.16982e-20  2.37085e-09  2.64298e-21 -5.04665e-10 -2.93272e-21  -7.4353e-10  1.19845e-21 -3.86745e-10 -3.38801e-22 -1.26396e-10 -8.51968e-23  -2.1392e-11  1.74173e-22  4.59536e-12 -1.54661e-23  5.70971e-12 -5.25735e-23  2.90778e-12  7.70097e-24  1.07305e-12  9.29795e-24  3.11829e-13 -3.61117e-25   6.9662e-14 -1.44182e-24  9.52862e-15 -2.68372e-25 -8.79022e-16   2.7638e-25 -1.21449e-15  8.14249e-26 -5.46469e-16 -3.06961e-26 -1.83485e-16  -9.0503e-27  -5.2044e-17  2.51743e-27 -1.30287e-17 -8.24283e-28 -2.93722e-18 -9.04304e-28 -6.02394e-19  2.22488e-28 -1.12926e-19  1.83896e-28   -1.937e-20 -2.26665e-29 -3.03319e-21 -2.73269e-29 -4.30906e-22  2.35238e-31 -5.48448e-23  3.76095e-30 -6.09922e-24  8.77017e-31 -5.59318e-25 -1.55413e-31 -3.49148e-26 -1.22744e-31  3.48169e-28 -2.49919e-32  5.53402e-28 -4.56845e-34  1.11186e-28  9.27329e-34  1.58349e-29  3.09719e-34  1.85364e-30  8.03496e-35  1.86475e-31  1.76661e-35   1.6387e-32  2.96855e-36  1.26379e-33  4.72413e-37   8.5364e-35  1.01442e-37  5.01532e-36  1.98558e-38  2.53323e-37  1.82611e-39  1.08121e-38 -1.86535e-40  3.80656e-40 -8.02012e-41  1.05302e-41 -1.09999e-41  1.74491e-43 -7.66173e-43   -3.509e-45 -2.21097e-44  -3.7064e-46  2.86471e-46 -8.53396e-48  2.11988e-47
 4.63701e-21  1.15644e-05   5.2632e-20  -6.2309e-05 -6.59184e-19  0.000145839  2.58555e-18 -0.000166987 -5.47682e-18  7.17204e-05  7.22437e-18  2.38661e-05  -6.2326e-18 -2.10013e-05  3.62319e-18 -8.79965e-06 -1.84555e-18   3.4626e-06  1.80402e-18   3.4436e-06 -2.35773e-18  5.45877e-07  2.15855e-18 -5.82778e-07 -1.14564e-18 -4.29917e-07  1.84465e-19 -1.05989e-07   1.7777e-19  3.18131e-08 -1.25763e-19  4.12767e-08   2.3775e-20  1.92568e-08  8.33245e-21  4.33479e-09 -6.71648e-21 -6.96241e-10  2.79532e-21  -1.1825e-09 -1.05088e-21 -6.44201e-10 -1.99834e-22 -2.30797e-10  5.76252e-22 -5.38608e-11 -5.06674e-23 -2.77669e-12 -1.69132e-22  4.98544e-12  1.40035e-23  3.29923e-12   3.0735e-23  1.39025e-12  1.41524e-24  4.62112e-13 -4.86372e-24   1.2738e-13 -9.99191e-25   2.9003e-14   8.3601e-25  5.08021e-15  2.53407e-25  4.63678e-16 -7.26831e-26 -1.08732e-16 -1.76892e-26 -7.75353e-17  4.61897e-27 -2.82852e-17 -5.40231e-27 -8.11582e-18 -2.54249e-27 -2.00872e-18  1.05462e-27 -4.44574e-19  5.41777e-28 -8.95668e-20 -1.14687e-28 -1.65913e-20  -8.6683e-29   -2.843e-21  5.58697e-30 -4.52348e-22  1.34734e-29  -6.6986e-23  2.93517e-30 -9.24463e-24 -5.43204e-31 -1.18972e-24 -4.26697e-31 -1.42766e-25 -9.83767e-32 -1.59647e-26 -8.25714e-33 -1.66154e-27  1.66673e-33 -1.60633e-28  9.71609e-34 -1.43854e-29   3.0997e-34 -1.18884e-30  7.38461e-35  -9.0208e-32  1.42435e-35 -6.24387e-33   2.7333e-36  -3.9097e-34  5.54044e-37 -2.19157e-35  8.99088e-38 -1.08529e-36  7.60981e-39 -4.66741e-38  -3.8472e-40 -1.70453e-39 -1.92728e-40 -5.17879e-41 -2.39289e-41 -1.34995e-42 -1.43485e-42 -3.47321e-44 -3.19897e-44 -8.17892e-46  4.73923e-46  -8.1761e-48
-7.59516e-06   5.2632e-20  8.27695e-05  3.35342e-19    -0.000304 -3.15177e-18  0.000544552  1.00815e-17 -0.000471302 -1.80758e-17  9.93461e-05  2.05066e-17  0.000110852 -1.51506e-17 -2.87424e-05  7.27871e-18  -3.4955e-05 -3.18031e-18 -1.55419e-06  3.71771e-18  8.66581e-06 -5.23111e-18  4.11908e-06  4.62344e-18 -1.44526e-07 -2.22465e-18 -1.05924e-06  1.99955e-19 -5.65317e-07  4.11266e-19 -1.02019e-07 -2.26199e-19  5.61731e-08  2.93329e-20  5.56462e-08  1.54096e-20  2.47856e-08 -9.61711e-21  5.91268e-09  4.51094e-21 -4.05606e-10 -2.54456e-21 -1.20848e-09 -2.14954e-22 -7.10279e-10  1.36718e-21 -2.77706e-10 -1.17845e-22 -7.89542e-11 -3.93144e-22  -1.4044e-11  9.01003e-24  6.32398e-13   7.1631e-23  1.85273e-12  7.92789e-24  9.85927e-13 -1.09104e-23  3.73781e-13 -2.42211e-24  1.16621e-13  1.70735e-24  3.13096e-14  5.31317e-25  7.32971e-15 -9.72697e-26  1.48637e-15 -1.12235e-26  2.52073e-16  6.91825e-28   3.1704e-17 -1.80265e-26  1.21287e-18 -4.56867e-27 -8.74566e-19  3.10396e-27 -3.75001e-19   1.0678e-27 -1.03513e-19 -3.63912e-28 -2.33881e-20 -1.90277e-28 -4.61999e-21  2.77673e-29 -8.20006e-22  3.52532e-29 -1.32558e-22  7.23287e-30 -1.96576e-23   -1.308e-30 -2.68408e-24 -1.06065e-30 -3.37961e-25 -2.76349e-31 -3.92398e-26  -3.7607e-32 -4.19587e-27   7.8636e-35 -4.12207e-28  1.97106e-33 -3.70764e-29  7.83966e-34 -3.03923e-30  2.05713e-34 -2.25709e-31  4.46764e-35 -1.50746e-32  9.30762e-36 -8.97132e-34  1.78638e-36  -4.7031e-35  2.59516e-37 -2.14031e-36   2.1229e-38 -8.29456e-38 -2.70619e-40 -2.66991e-39 -2.89424e-40 -7.00115e-41 -3.28578e-41 -1.57163e-42 -1.64193e-42 -3.51888e-44 -2.42597e-44 -6.27788e-46  4.26353e-46
-8.47028e-20  -6.2309e-05  3.35342e-19   0.00038412  1.46762e-18  -0.00105174 -1.09009e-17    0.0014783  2.91139e-17 -0.000939066 -4.47792e-17 -2.64773e-05  4.40175e-17  0.000278392 -2.77657e-17  1.81052e-05  1.05033e-17 -7.56692e-05 -3.56419e-18 -2.71724e-05  5.83926e-18  1.00679e-05 -9.06935e-18  1.15787e-05  7.79973e-18  3.26388e-06 -3.40393e-18 -1.02873e-06  5.75979e-20 -1.35064e-06  7.14061e-19 -5.85205e-07 -3.07348e-19 -7.78472e-08  2.19942e-20  6.83698e-08  1.93768e-20  5.89073e-08 -9.02835e-21  2.58686e-08   5.5755e-21  6.77101e-09 -5.29326e-21  2.38988e-10  1.47794e-22  -8.6249e-10  2.69419e-21 -5.79151e-10 -2.25414e-22 -2.47519e-10 -7.62994e-22 -8.04826e-11 -2.28689e-23 -2.00205e-11  1.35177e-22 -3.21927e-12  2.17489e-23  1.11717e-13 -1.88486e-23  3.45301e-13 -4.44375e-24  1.72676e-13  2.70287e-24  6.19648e-14   8.7615e-25  1.85273e-14 -3.53837e-26  4.84947e-15   3.0557e-26  1.13563e-15  -2.1114e-26   2.4036e-16 -4.25596e-26  4.61473e-17 -5.50294e-27  8.02451e-18  6.85707e-27  1.25437e-18  1.52643e-27  1.73249e-19 -8.88986e-28  2.03272e-20 -3.26867e-28  1.81266e-21  9.01976e-29  6.32688e-23   7.7845e-29 -1.91713e-23  1.53957e-29 -6.01634e-24 -2.43559e-30 -1.14093e-24  -2.1657e-30 -1.73112e-25 -6.33023e-31 -2.25295e-26 -1.10927e-31 -2.58154e-27 -8.06108e-33 -2.63265e-28  2.89311e-33 -2.39786e-29  1.54846e-33 -1.94907e-30  4.54667e-34 -1.40831e-31  1.08506e-34  -8.9853e-33  2.32899e-35 -5.01396e-34  4.22559e-36 -2.41555e-35   5.6463e-37 -9.87117e-37  4.51128e-38 -3.33735e-38  5.50866e-40 -9.07138e-40 -3.01521e-40 -2.06358e-41 -3.19308e-41 -5.42556e-43 -1.26047e-42 -1.71382e-44 -8.22393e-45 -2.44277e-46
 2.43129e-05 -6.59184e-19    -0.000304  1.46762e-18   0.00130071  4.82794e-18   -0.0027931 -2.93045e-17   0.00311458  6.65035e-17  -0.00134281 -8.87229e-17 -0.000480527  7.60707e-17  0.000454632 -4.06885e-17  0.000178267  1.08262e-17  -9.4469e-05 -1.65634e-18 -8.04912e-05  7.24056e-18 -6.15895e-06 -1.30269e-17  1.85178e-05  1.10382e-17  1.11249e-05 -4.37674e-18    1.644e-06 -2.58184e-19 -1.64816e-06  1.00364e-18 -1.37951e-06 -3.28726e-19 -5.18685e-07  2.39129e-21 -5.42333e-08  1.66352e-20   6.4174e-08 -3.27897e-21  5.18332e-08  4.76498e-21  2.29869e-08 -9.69634e-21  6.67394e-09  1.26802e-21  8.62394e-10  4.67961e-21 -3.82564e-10 -3.80687e-22 -3.49832e-10 -1.30842e-21 -1.67063e-10 -9.79429e-23  -6.0319e-11  2.17653e-22 -1.76906e-11    4.416e-23 -4.20962e-12 -2.62774e-23 -7.46228e-13  -6.5273e-24 -5.58509e-14  3.48936e-24   2.5944e-14  1.25422e-24  1.61896e-14  2.10347e-25  5.92633e-15  1.15584e-25   1.7398e-15 -7.72826e-26  4.42928e-16 -7.96654e-26  1.00978e-16 -3.04727e-27  2.09544e-17  1.21434e-26  3.99521e-18  1.34588e-27  7.03885e-19 -1.82153e-27  1.15008e-19  -4.5001e-28  1.74665e-20  2.30662e-28  2.46913e-21  1.53746e-28  3.25144e-22  3.02339e-29  3.98963e-23 -3.55628e-30  4.56124e-24 -3.82514e-30  4.85663e-25 -1.24219e-30  4.81186e-26 -2.52781e-31  4.42994e-27 -2.78715e-32  3.78119e-28  3.05438e-33  2.98243e-29  2.61118e-33   2.1635e-30  8.62546e-34   1.4339e-31  2.19428e-34   8.6054e-33  4.69023e-35  4.62189e-34  8.00984e-36   2.1884e-35  9.93403e-37  8.96513e-37  7.71518e-38   3.1031e-38  2.12695e-39  8.67708e-40 -2.08874e-40  1.66365e-41 -2.20565e-41  4.97678e-44 -6.20471e-43 -6.25946e-45  1.16323e-45
 4.21323e-19  0.000145839 -3.15177e-18  -0.00105174  4.82794e-18   0.00343006  1.25676e-17  -0.00596513 -6.38045e-17   0.00526836  1.24732e-16  -0.00123118 -1.45785e-16  -0.00132754  1.09796e-16  0.000455866 -4.92638e-17  0.000459382  6.46633e-18 -2.56766e-05  3.31397e-18 -0.000142246  6.94262e-18 -5.24028e-05 -1.60024e-17  1.33066e-05  1.36047e-17  2.07155e-05 -4.91522e-18  8.49956e-06 -6.85134e-19  1.72051e-07  1.19177e-18 -1.82221e-06 -2.73447e-19 -1.20555e-06 -2.26858e-20 -4.14651e-07  8.55005e-21 -4.08974e-08  7.62977e-21  4.81746e-08  3.89863e-22  3.87189e-08 -1.58726e-20  1.76557e-08  3.54869e-21  5.65502e-09  7.38842e-21  1.15367e-09 -5.94294e-22  -6.6241e-12 -2.04025e-21 -1.40878e-10 -2.30764e-22 -8.26649e-11  3.06032e-22 -3.32988e-11  7.44526e-23 -1.08712e-11 -2.95321e-23 -3.01623e-12 -7.81422e-24 -7.18623e-13    3.798e-24 -1.44473e-13  1.75339e-24 -2.28002e-14  7.42151e-25 -2.00577e-15  2.25109e-25  3.23471e-16  -1.8265e-25     2.29e-16 -1.24489e-25  7.65445e-17  4.79516e-27  1.99181e-17  1.74539e-26  4.45347e-18 -4.62511e-28  8.87953e-19  -3.2803e-27   1.6071e-19 -4.72178e-28  2.66567e-20  5.00732e-28  4.07372e-21  2.79681e-28  5.75207e-22  5.62242e-29  7.51277e-23 -3.75829e-30  9.07547e-24 -5.98193e-30   1.0128e-24 -2.13979e-30  1.04191e-25 -4.77944e-31  9.84998e-27 -6.26524e-32  8.52207e-28  2.02908e-33  6.71217e-29   4.0177e-33  4.78103e-30  1.46733e-33  3.05472e-31  3.84169e-34  1.73308e-32  7.97216e-35  8.62202e-34  1.27383e-35  3.70307e-35   1.4673e-36  1.34689e-36  1.09507e-37  4.04712e-38   3.9509e-39  9.57968e-40 -6.13461e-41  1.51038e-41 -9.78566e-42  4.52347e-44 -1.44474e-43 -2.14402e-45
-3.66856e-05  2.58555e-18  0.000544552 -1.09009e-17   -0.0027931  1.25676e-17    0.0073455  2.67519e-17   -0.0105699 -1.15534e-16   0.00726774  1.96767e-16 -0.000141858 -2.03508e-16  -0.00237175  1.35877e-16  6.92348e-05 -5.04645e-17   0.00076252 -2.21159e-18   0.00018343  1.09043e-17 -0.000160778  4.43829e-18 -0.000123442 -1.71396e-17 -1.71757e-05  1.49988e-17  2.33512e-05 -4.95438e-18  1.80217e-05 -1.12248e-18   5.4273e-06  1.22861e-18 -6.86559e-07 -1.58196e-19 -1.62837e-06 -4.52677e-20 -9.36231e-07  2.49708e-21 -3.08989e-07  2.21915e-20 -3.61076e-08 -9.34527e-21  2.85569e-08 -2.34919e-20  2.45136e-08  7.34121e-21  1.16788e-08  1.07984e-20  4.07626e-09 -8.79273e-22  1.05747e-09  -2.9417e-21  1.64884e-10  -4.3473e-22 -1.66497e-11  3.78087e-22 -2.58227e-11  1.09601e-22 -1.27535e-11 -2.51224e-23 -4.65267e-12 -7.50149e-24 -1.42019e-12  3.73841e-24 -3.78673e-13  2.69486e-24 -8.98178e-14  1.64059e-24 -1.90735e-14  3.18464e-25 -3.61831e-15 -3.38257e-25 -6.05457e-16 -1.65761e-25 -8.64643e-17  1.79527e-26 -9.59676e-18  1.94079e-26 -5.15429e-19 -5.27465e-27  1.08238e-19 -5.34324e-27  4.64162e-20 -2.71347e-28  1.09702e-20  9.61085e-28  2.05244e-21  4.75885e-28  3.29864e-22  9.94399e-29  4.69664e-23 -1.55185e-30  6.00633e-24 -8.36432e-30   6.9419e-25 -3.28157e-30  7.26539e-26 -7.77541e-31  6.88076e-27 -1.10373e-31  5.88024e-28  3.94012e-34  4.51363e-29  5.93898e-33  3.09196e-30  2.29125e-33  1.87445e-31  5.95486e-34   9.9506e-33  1.17571e-34  4.56578e-34  1.74532e-35  1.78375e-35  1.85959e-36  5.84317e-37  1.31392e-37  1.57898e-38  5.21712e-39  3.33067e-40  6.15625e-41  4.02142e-42 -1.37806e-42 -1.95806e-44  2.26153e-44
-1.07265e-18 -0.000166987  1.00815e-17    0.0014783 -2.93045e-17  -0.00596513  2.67519e-17    0.0131625  4.76101e-17   -0.0158999 -1.77117e-16   0.00815498  2.65413e-16    0.0020674 -2.45687e-16  -0.00316188  1.47461e-16 -0.000792915  -4.4915e-17  0.000896091 -1.25137e-17  0.000516934  1.94361e-17 -7.46973e-05  9.59777e-21 -0.000186917 -1.61908e-17   -7.576e-05  1.51155e-17  7.80906e-06 -4.57477e-18  2.42336e-05 -1.48096e-18  1.33094e-05  1.11946e-18  3.00047e-06 -2.55365e-20  -9.3438e-07 -6.05482e-20 -1.24752e-06  8.79526e-21 -6.59962e-07  3.78246e-20 -2.17762e-07 -2.56821e-20 -3.36892e-08 -3.16889e-20  1.21234e-08  1.28982e-20  1.28258e-08  1.47925e-20  6.53075e-09 -1.23556e-21  2.45794e-09 -3.96504e-21  7.35409e-10 -7.23912e-22  1.71754e-10   4.0561e-22   2.6275e-11  1.43736e-22 -8.14911e-13 -1.20179e-23 -2.55197e-12 -5.32428e-24 -1.23294e-12  4.02618e-24 -4.28439e-13  4.63688e-24 -1.24512e-13  2.94718e-24 -3.18289e-14  3.64287e-25 -7.32475e-15 -5.16357e-25 -1.53651e-15 -1.86973e-25 -2.95923e-16  3.25364e-26 -5.25513e-17  1.27087e-26 -8.62603e-18 -1.46656e-26 -1.31035e-18 -8.02003e-27 -1.84275e-19  2.91609e-28 -2.39844e-20  1.67278e-27 -2.88723e-21  7.63177e-28 -3.21189e-22  1.66477e-28 -3.29945e-23   4.9018e-30 -3.12906e-24 -1.04698e-29 -2.74154e-25 -4.51888e-30  -2.2241e-26 -1.11036e-30  -1.6775e-27 -1.61285e-31 -1.18273e-28   1.5194e-34 -7.83215e-30  8.65901e-33 -4.87187e-31  3.31486e-33  -2.8206e-32  8.27795e-34 -1.48707e-33   1.5297e-34 -6.87928e-35  2.09334e-35 -2.62699e-36  2.04821e-36 -7.35625e-38  1.34656e-37 -1.09351e-39   5.3607e-39  3.05221e-42  1.11296e-40 -6.31789e-44  1.51001e-42 -1.33273e-44
 2.42334e-05 -5.47682e-18 -0.000471302  2.91139e-17   0.00311458 -6.38045e-17   -0.0105699  4.76101e-17    0.0202028   7.1918e-17   -0.0206753 -2.32616e-16   0.00716819  3.09625e-16   0.00502507 -2.60216e-16  -0.00319461  1.43522e-16  -0.00198434 -3.63594e-17  0.000669738 -2.07012e-17     0.000868  2.66417e-17  0.000145629 -5.37087e-18 -0.000192658 -1.35519e-17 -0.000145837  1.41952e-17 -3.17527e-05 -3.92603e-18   1.8687e-05 -1.70628e-18    1.991e-05  9.10239e-19  8.77712e-06  7.41508e-20  1.50457e-06 -6.76619e-20 -8.01845e-07  3.53757e-20 -8.40283e-07  5.10052e-20 -4.25596e-07  -4.8753e-20 -1.44567e-07 -3.91238e-20 -2.92062e-08  2.03412e-20  1.96488e-09  1.91882e-20  5.17235e-09 -1.62073e-21  2.97207e-09 -5.03415e-21  1.20734e-09 -1.11188e-21  3.96894e-10  3.60131e-22  1.09392e-10  1.66901e-22  2.51215e-11  5.95705e-24  4.51367e-12 -1.98378e-24  4.66861e-13  5.87208e-24 -6.79926e-14  8.19334e-24 -5.83426e-14  4.65789e-24 -2.18583e-14  3.85639e-25 -6.30724e-15 -6.51102e-25 -1.55743e-15 -1.70479e-25 -3.42284e-16  3.96877e-26 -6.82351e-17 -9.26764e-27 -1.24681e-17 -3.00906e-26 -2.10096e-18 -1.12314e-26 -3.27658e-19  1.34847e-27 -4.73881e-20  2.68425e-27  -6.3607e-21  1.15708e-27 -7.92244e-22  2.62256e-28 -9.14732e-23  1.72584e-29 -9.77272e-24 -1.16521e-29 -9.63519e-25 -5.61351e-30 -8.73492e-26 -1.40592e-30 -7.24739e-27 -1.98746e-31 -5.47089e-28  4.29117e-33 -3.72954e-29  1.23982e-32 -2.27451e-30  4.44591e-33 -1.22602e-31  1.03931e-33 -5.74682e-33  1.77361e-34 -2.28811e-34  2.21859e-35 -7.44824e-36  1.97412e-36 -1.84577e-37  1.18384e-37 -3.00003e-39  4.41997e-39 -2.31815e-41  9.50314e-41 -1.33199e-43  1.10821e-42
 1.66037e-18  7.17204e-05 -1.80758e-17 -0.000939066  6.65035e-17   0.00526836 -1.15534e-16   -0.0158999   7.1918e-17    0.0270957  9.30965e-17   -0.0235995  -2.6353e-16   0.00417757  3.14678e-16   0.00796408  -2.4473e-16  -0.00218584  1.28264e-16  -0.00315548  -2.9099e-17  7.87452e-06 -2.38452e-17   0.00107504  3.06091e-17   0.00046695 -1.04768e-17 -9.85803e-05 -1.00122e-17 -0.000193494  1.26428e-17 -8.85739e-05 -3.15165e-18 -4.48399e-06 -1.77204e-18  1.93945e-05  6.58828e-19  1.41539e-05  1.01461e-19  5.37076e-06 -6.74062e-20  7.48606e-07  8.32627e-20 -5.31321e-07    5.717e-20 -5.00563e-07 -7.75001e-20 -2.49985e-07 -4.42593e-20 -8.87421e-08    2.961e-20 -2.20237e-08  2.37966e-20 -2.28939e-09 -1.92192e-21  1.25943e-09 -6.05037e-21   1.0124e-09 -1.60421e-21  4.60149e-10  2.19366e-22  1.63831e-10  1.63411e-22  4.94205e-11   1.8741e-23  1.29959e-11  5.32452e-25  3.00397e-12  1.03797e-23  6.06281e-13  1.36776e-23  1.03802e-13  6.71619e-24  1.37888e-14  4.88735e-25  9.02298e-16  -6.4671e-25 -2.10836e-16 -1.05767e-25 -1.09439e-16  2.50308e-26 -3.09033e-17 -5.34791e-26 -6.91178e-18 -5.25635e-26 -1.33226e-18 -1.48138e-26  -2.2861e-19  2.99208e-27 -3.54588e-20  4.01336e-27 -5.00958e-21  1.65932e-27 -6.46991e-22  3.87114e-28 -7.64708e-23  3.62545e-29 -8.26602e-24 -1.13116e-29 -8.15409e-25 -6.29561e-30 -7.31535e-26 -1.58142e-30 -5.94021e-27   -2.041e-31 -4.33883e-28  1.54121e-32  -2.8281e-29  1.70434e-32 -1.62833e-30  5.50868e-33 -8.17132e-32   1.1827e-33 -3.50759e-33  1.84301e-34  -1.2508e-34  2.08798e-35 -3.51157e-36  1.66904e-36 -6.88307e-38  8.91928e-38 -6.47161e-40  2.93867e-39  3.13302e-42  5.24568e-41  3.99691e-44
 -1.4047e-08  7.22437e-18  9.93461e-05 -4.47792e-17  -0.00134281  1.24732e-16   0.00726774 -1.77117e-16   -0.0206753  9.30965e-17    0.0323509   1.0373e-16   -0.0239764 -2.57967e-16 -0.000238936  2.79496e-16    0.0100767 -2.06414e-16 -0.000220279  1.07645e-16  -0.00390646 -2.54711e-17 -0.000995585 -2.10866e-17   0.00099589  3.05094e-17  0.000795702 -1.43211e-17  0.000102796 -6.41524e-18 -0.000181724  1.08406e-17 -0.000142417 -2.34792e-18 -4.34674e-05 -1.66348e-18  7.13054e-06  4.11806e-19  1.53476e-05  4.12212e-20  9.09534e-06 -5.91937e-20  3.14631e-06  1.45145e-19  4.20389e-07  5.09202e-20 -2.79163e-07 -1.10102e-19 -2.60994e-07 -4.58404e-20 -1.31631e-07  4.03866e-20 -4.90189e-08   2.8481e-20 -1.40463e-08 -1.94895e-21 -2.82368e-09 -6.89682e-21 -1.54519e-10 -2.18516e-21  1.92099e-10 -2.76901e-23  1.20736e-10   1.1129e-22   4.8612e-11  1.06868e-23  1.58536e-11 -1.28157e-24  4.47547e-12  1.75621e-23  1.12492e-12  2.06945e-23  2.55316e-13  8.99166e-24  5.26997e-14  8.43269e-25   9.9216e-15 -4.11535e-25   1.7031e-15 -2.32161e-27  2.65559e-16 -3.17338e-26  3.73023e-17  -1.2632e-25   4.6444e-18 -8.24975e-26  4.95649e-19 -1.85717e-26  4.16299e-20  5.23462e-27  1.89442e-21  5.62547e-27 -1.84884e-22  2.24881e-27 -6.54217e-23  5.34207e-28 -1.11911e-23  6.10244e-29  -1.4637e-24 -9.12622e-30 -1.60067e-25 -6.34614e-30  -1.5081e-26 -1.56791e-30 -1.23692e-27 -1.64197e-31 -8.84184e-29  3.40411e-32 -5.48251e-30  2.19715e-32 -2.91915e-31  6.27798e-33 -1.31105e-32   1.2215e-33  -4.7947e-34  1.72097e-34 -1.30206e-35  1.74772e-35 -1.72683e-37  1.23611e-36  5.08351e-39  5.71979e-38  3.44746e-40  1.55064e-39  6.40825e-42  1.77444e-41
-1.67328e-18  2.38661e-05  2.05066e-17 -2.64773e-05 -8.87229e-17  -0.00123118  1.96767e-16   0.00815498 -2.32616e-16   -0.0235995   1.0373e-16    0.0350393  9.93201e-17   -0.0219723  -2.1708e-16  -0.00510817  2.16417e-16    0.0108589 -1.57076e-16   0.00230445  8.60757e-17  -0.00395807 -2.50411e-17  -0.00211211 -1.37039e-17  0.000573439  2.67731e-17   0.00101326 -1.64444e-17  0.000373821 -3.41029e-18 -8.88676e-05  9.03844e-18 -0.000166606 -1.55755e-18 -8.71277e-05 -1.37265e-18  -1.6973e-05  1.96013e-19   9.1902e-06 -9.22588e-20  1.03523e-05 -3.91656e-20  5.41283e-06  2.07548e-19  1.79944e-06  2.69754e-20  2.78369e-07 -1.44607e-19 -1.08562e-07 -4.34139e-20 -1.15553e-07  5.20346e-20 -6.04327e-08  3.31874e-20 -2.35954e-08 -1.45549e-21 -7.44284e-09 -7.43653e-21 -1.90356e-09  -2.8031e-21 -3.66556e-10 -3.77735e-22 -3.37274e-11 -1.50383e-23   1.1503e-11  -3.6332e-23  8.24059e-12 -1.25185e-23  3.22084e-12  2.54042e-23  9.95666e-13  2.78823e-23  2.65294e-13  1.12435e-23   6.3063e-14  1.60194e-24  1.36082e-14  8.49367e-26  2.69222e-15  9.52506e-26  4.91296e-16  -1.5728e-25  8.30173e-17 -2.33192e-25  1.30207e-17 -1.19789e-25  1.89831e-18 -2.23815e-26  2.57432e-19  7.95917e-27  3.24759e-20   7.4137e-27  3.80936e-21  2.87615e-27  4.15019e-22  6.88531e-28  4.19236e-23  8.88242e-29   3.9167e-24 -5.21387e-30  3.37225e-25 -5.67056e-30  2.66309e-26 -1.33594e-30  1.91676e-27 -7.81886e-32  1.24705e-28  5.76444e-32  7.25677e-30  2.61392e-32   3.7275e-31  6.55539e-33  1.66405e-32  1.14495e-33  6.35838e-34   1.4447e-34  2.06565e-35  1.29951e-35   5.7919e-37  7.97766e-37   1.4181e-38  3.07714e-38  2.63935e-40  6.19373e-40  2.08024e-42
-6.42313e-06  -6.2326e-18  0.000110852  4.40175e-17 -0.000480527 -1.45785e-16 -0.000141858  2.65413e-16   0.00716819  -2.6353e-16   -0.0239764  9.93201e-17    0.0351295  8.08568e-17   -0.0184011 -1.54463e-16  -0.00951241  1.44307e-16    0.0102446 -1.07602e-16    0.0048706  6.54242e-17  -0.00324236 -2.55961e-17  -0.00307122 -4.20618e-18 -0.000142044  2.07362e-17   0.00102239 -1.69195e-17  0.000642593 -1.36277e-18  7.89981e-05  7.33556e-18 -0.000139469 -7.85512e-19 -0.000118238 -9.08923e-19 -4.70049e-05  2.25536e-20 -4.80479e-06 -2.58231e-19  7.21338e-06 -2.15797e-22  6.19742e-06  2.55462e-19  3.01288e-06 -1.81925e-20  1.00465e-06 -1.79418e-19   1.9522e-07 -3.76375e-20 -2.06499e-08   6.3629e-20 -4.05528e-08  3.79392e-20 -2.31307e-08 -1.74272e-22  -9.5204e-09 -7.50225e-21 -3.20787e-09 -3.36054e-21 -9.19396e-10 -8.10728e-22 -2.25485e-10 -2.37316e-22 -4.62533e-11 -1.37808e-22 -7.26529e-12 -3.94768e-23 -5.39402e-13  2.95642e-23  1.66374e-13   3.3001e-23   9.8521e-14  1.30882e-23  3.25027e-14  2.77965e-24  8.52773e-15  7.50188e-25   1.9333e-15  9.59111e-26  3.91345e-16 -3.84292e-25  7.18776e-17 -3.78398e-25  1.20829e-17 -1.64042e-25  1.86797e-18 -2.63032e-26  2.66221e-19  1.08842e-26  3.50057e-20  9.19305e-27  4.24488e-21  3.46597e-27  4.73987e-22  8.28686e-28  4.86131e-23   1.1544e-28  4.56348e-24 -1.35335e-31  3.90295e-25 -4.33372e-30  3.02341e-26 -9.09904e-31  2.10576e-27  4.00117e-32  1.30654e-28    8.109e-32  7.13864e-30  2.84485e-32  3.38545e-31  6.25258e-33  1.36962e-32  9.72934e-34  4.64289e-34  1.08866e-34  1.30639e-35  8.54902e-36  3.09223e-37  4.44204e-37  6.15597e-39  1.35135e-38  8.22985e-41  1.63616e-40
 1.15089e-18 -2.10013e-05 -1.51506e-17  0.000278392  7.60707e-17  -0.00132754 -2.03508e-16    0.0020674  3.09625e-16   0.00417757 -2.57967e-16   -0.0219723  8.08568e-17    0.0333211  5.44478e-17   -0.0142555 -8.91905e-17   -0.0128952  8.00751e-17   0.00851441 -6.50279e-17     0.007035  4.60339e-17  -0.00188694 -2.48326e-17  -0.00365311  4.87755e-18   -0.0010167  1.40355e-17  0.000781119  -1.6164e-17  0.000827935 -3.88406e-19  0.000287582  5.72894e-18 -5.43556e-05  -2.5361e-20 -0.000120152 -3.14103e-19 -7.25065e-05 -1.04422e-19 -2.34403e-05  -3.9978e-19 -6.44242e-07  6.62166e-20  4.46197e-06  2.77394e-19  3.33398e-06 -8.46976e-20  1.56223e-06 -2.13428e-19  5.36091e-07 -3.01954e-20  1.27938e-07  7.41077e-20  1.06331e-08  4.28182e-20 -9.13885e-09   2.1594e-21 -6.77243e-09 -6.88227e-21 -3.04028e-09 -3.71267e-21 -1.08581e-09 -1.28559e-21 -3.31539e-10 -5.61946e-22  -8.9066e-11 -3.00734e-22 -2.13072e-11 -8.84572e-23 -4.55026e-12  2.41715e-23 -8.61792e-13  3.34433e-23  -1.4184e-13  1.40002e-23 -1.92388e-14  4.14063e-24 -1.79337e-15  1.33009e-24  1.72158e-17 -1.36942e-25  5.92651e-17 -7.48418e-25  1.80294e-17  -5.6472e-25  3.90094e-18 -2.14676e-25  7.02017e-19 -3.06228e-26  1.10358e-19  1.35727e-26  1.54699e-20  1.07203e-26  1.95213e-21  3.92972e-27  2.22621e-22  9.31527e-28  2.29576e-23   1.3627e-28  2.13717e-24  5.27372e-30  1.78945e-25 -2.54397e-30  1.34023e-26 -3.64458e-31  8.91168e-28  1.65353e-31  5.20931e-29  9.84844e-32   2.6431e-30  2.82101e-32  1.14567e-31    5.434e-33  4.16905e-33  7.48002e-34  1.26108e-34  7.33952e-35    3.247e-36  4.94066e-36  7.60621e-38  2.09804e-37  1.51747e-39  4.58694e-39  1.44714e-41
-4.45823e-07  3.62319e-18 -2.87424e-05 -2.77657e-17  0.000454632  1.09796e-16  -0.00237175 -2.45687e-16   0.00502507  3.14678e-16 -0.000238936  -2.1708e-16   -0.0184011  5.44478e-17    0.0305814  2.82751e-17   -0.0103088 -3.71715e-17   -0.0151129  3.33976e-17   0.00609727 -3.25438e-17   0.00853339  2.81362e-17  -0.00013322 -2.15716e-17  -0.00374069  1.18819e-17  -0.00188147  8.07373e-18  0.000312175 -1.47109e-17  0.000865743 -4.33769e-19  0.000484866  4.18128e-18  7.62691e-05  7.12657e-19 -8.37502e-05  3.31153e-19 -8.22804e-05 -1.81141e-19 -4.05583e-05 -4.58867e-19 -1.13737e-05  1.67122e-19  1.35874e-07  2.68762e-19  2.28884e-06 -1.68482e-19  1.60228e-06 -2.45961e-19  7.41712e-07 -2.33638e-20  2.64094e-07  8.24959e-20  7.30566e-08  4.79471e-20  1.39251e-08  5.80665e-21  3.99393e-10 -5.31476e-21 -1.15338e-09 -3.67627e-21 -6.78547e-10 -1.73368e-21 -2.68022e-10 -9.68117e-22 -8.67709e-11 -5.18762e-22 -2.44608e-11 -1.63614e-22 -6.16726e-12  3.70961e-24  -1.4105e-12  2.70464e-23 -2.95009e-13  1.33581e-23  -5.6697e-14  5.14868e-24 -1.00399e-14  1.41996e-24 -1.64025e-15 -7.65773e-25 -2.47295e-16  -1.2808e-24 -3.43876e-17 -7.91979e-25 -4.40506e-18 -2.70707e-25 -5.18959e-19 -3.57545e-26 -5.61178e-20  1.55094e-26  -5.5596e-21  1.17433e-26  -5.0401e-22  4.18692e-27 -4.18302e-23   9.7848e-28  -3.1899e-24  1.47719e-28 -2.25442e-25  1.01623e-29 -1.49781e-26  -5.9658e-31 -9.51127e-28  1.96253e-31 -5.82706e-29  2.70076e-31  -3.4131e-30  1.05483e-31 -1.85242e-31   2.5443e-32 -8.84576e-33  4.29297e-33 -3.41487e-34  5.18701e-34 -8.70704e-36  4.40285e-35 -1.79341e-38   2.4799e-36  8.85784e-39  8.16334e-38   2.8035e-40  1.04619e-39
-6.63852e-19 -8.79965e-06  7.27871e-18  1.81052e-05 -4.06885e-17  0.000455866  1.35877e-16  -0.00316188 -2.60216e-16   0.00796408  2.79496e-16  -0.00510817 -1.54463e-16   -0.0142555  2.82751e-17    0.0277215  8.84394e-18  -0.00696005  -5.7048e-18   -0.0163064  6.10993e-18   0.00339857 -1.07869e-17    0.0092849  1.24431e-17   0.00175383 -1.60187e-17  -0.00332469  1.62875e-17  -0.00257954  3.73103e-18 -0.000309207 -1.30415e-17  0.000726607 -1.34269e-18  0.000616998  2.67303e-18  0.000223815  1.38051e-18 -1.16704e-05  9.16451e-19 -6.88495e-05 -2.03057e-19 -4.92469e-05 -3.92336e-19 -2.14104e-05  3.04384e-19 -5.64063e-06  2.32276e-19 -2.94151e-08 -2.62177e-19  9.62284e-07 -2.76798e-19    6.724e-07 -1.94946e-20  3.13298e-07  8.80702e-20  1.15468e-07  5.34676e-20  3.50879e-08  1.10265e-20  8.70886e-09 -2.50859e-21  1.62133e-09 -3.04977e-21  1.33988e-10 -2.05423e-21 -5.66279e-11 -1.40129e-21 -3.77726e-11 -7.70153e-22 -1.44114e-11 -2.64319e-22 -4.38313e-12 -3.46174e-23  -1.1521e-12   1.2897e-23 -2.70456e-13  1.05246e-23 -5.76543e-14  5.01623e-24 -1.12672e-14  5.36334e-25 -2.03018e-15 -1.93985e-24 -3.38464e-16 -1.99628e-24 -5.23155e-17 -1.05452e-24 -7.50412e-18  -3.3017e-25 -9.98982e-19 -4.20029e-26 -1.23339e-19  1.62385e-26 -1.41028e-20  1.20676e-26 -1.49004e-21  4.18813e-27 -1.45021e-22  9.61186e-28  -1.2949e-23  1.48293e-28 -1.05521e-24  1.38919e-29 -7.79598e-26  1.20094e-30 -5.17903e-27  6.69071e-31  -3.0619e-28  3.33185e-31 -1.59015e-29  1.00892e-31 -7.13123e-31  2.08514e-32 -2.69451e-32  3.07487e-33 -8.22251e-34  3.23025e-34 -1.84616e-35    2.331e-35  -2.2716e-37  1.06177e-36  9.81318e-40  2.47376e-38  4.82949e-41
 1.57614e-06 -1.84555e-18  -3.4955e-05  1.05033e-17  0.000178267 -4.92638e-17  6.92348e-05  1.47461e-16  -0.00319461  -2.4473e-16    0.0100767  2.16417e-16  -0.00951241 -8.91905e-17   -0.0103088  8.84394e-18    0.0252081 -1.34787e-18  -0.00429227  6.80985e-18   -0.0167308 -5.26323e-18  0.000713441    1.071e-18   0.00933888 -1.47326e-19   0.00354764 -9.27972e-18  -0.00247802  1.84978e-17  -0.00299735  1.32784e-18 -0.000978996 -1.15033e-17  0.000420998 -2.88841e-18  0.000643303  1.22068e-18  0.000351795  1.88701e-18  8.16752e-05  1.32412e-18 -3.16857e-05 -1.68395e-19 -4.45769e-05 -1.84518e-19 -2.67898e-05  4.71647e-19 -1.08573e-05  1.75185e-19 -2.90881e-06 -3.57644e-19 -2.13574e-07 -3.06569e-19  3.05954e-07 -2.07596e-20  2.35436e-07  9.03342e-20  1.13012e-07  5.94778e-20  4.29779e-08  1.80379e-20  1.38105e-08  1.79608e-21   3.8327e-09 -1.64514e-21  9.18996e-10 -2.11914e-21  1.86022e-10 -1.77726e-21  2.93643e-11 -1.01973e-21  2.46647e-12 -3.83059e-22 -4.92854e-13 -8.90346e-23 -3.25108e-13 -8.23855e-24 -1.07661e-13  4.92705e-24 -2.78914e-14  2.85343e-24 -6.20163e-15 -1.76184e-24 -1.22589e-15 -3.74476e-24 -2.19066e-16  -2.8801e-24 -3.57013e-17 -1.33859e-24  -5.3306e-18   -3.895e-25 -7.30723e-19 -4.92804e-26 -9.19945e-20   1.5516e-26  -1.0626e-20  1.16168e-26 -1.12365e-21  3.93076e-27 -1.08423e-22  8.84125e-28  -9.5043e-24  1.38927e-28 -7.52571e-25   1.6145e-29 -5.34419e-26  2.59811e-30 -3.37301e-27  9.80609e-31 -1.87091e-28  3.46764e-31 -8.98908e-30  8.68269e-32 -3.66938e-31  1.55114e-32 -1.23605e-32  1.99008e-33 -3.25587e-34  1.79558e-34 -5.87751e-36  1.07602e-35 -4.20568e-38  3.76268e-37  6.63714e-40  5.06905e-39
 5.84996e-19   3.4626e-06 -3.18031e-18 -7.56692e-05  1.08262e-17  0.000459382 -5.04645e-17 -0.000792915  1.43522e-16  -0.00218584 -2.06414e-16    0.0108589  1.44307e-16   -0.0128952 -3.71715e-17  -0.00696005 -1.34787e-18    0.0231935 -3.79779e-18  -0.00221425  7.31085e-18   -0.0166348 -6.28843e-18  -0.00178352  4.80194e-18   0.00881105 -9.10787e-18    0.0050861 -2.63021e-18  -0.00132044  1.93871e-17  -0.00307639  7.45266e-19  -0.00158912 -1.02858e-17 -6.25718e-06 -4.78424e-18  0.000546136 -1.35139e-19  0.000425992   2.1132e-18  0.000174006  1.45726e-18  2.20174e-05  -8.2984e-20 -2.57096e-05  1.47308e-19 -2.47582e-05  6.52669e-19 -1.34278e-05  1.04533e-19 -5.27977e-06 -4.49406e-19 -1.50832e-06 -3.37518e-19  -2.3611e-07 -2.93243e-20  5.11131e-08  8.87761e-20  6.23428e-08  6.59031e-20  3.26587e-08  2.69153e-20  1.29406e-08  7.73288e-21  4.31399e-09  6.70218e-22  1.25878e-09  -1.7931e-21  3.27368e-10 -1.99827e-21  7.65037e-11 -1.22479e-21  1.60939e-11  -5.0506e-22  3.03475e-12 -1.52808e-22  5.06473e-13 -3.40986e-23  7.26297e-14 -3.88647e-24  8.28095e-15 -2.11538e-24  5.41253e-16 -5.73403e-24 -5.51224e-17 -6.15564e-24 -2.94542e-17 -3.87849e-24  -7.0426e-18 -1.62114e-24 -1.28931e-18 -4.43316e-25 -1.99602e-19 -5.69291e-26 -2.70607e-20  1.34103e-26 -3.26063e-21  1.04613e-26   -3.513e-22  3.46074e-27 -3.38859e-23  7.63017e-28 -2.92083e-24  1.22423e-28 -2.23991e-25  1.69038e-29 -1.51795e-26  3.44905e-30 -9.00676e-28  1.10412e-30 -4.62223e-29  3.16733e-31 -2.01848e-30  6.75198e-32 -7.32472e-32  1.04564e-32 -2.11501e-33  1.15862e-33 -4.33633e-35  8.83239e-35 -3.65828e-37  4.25087e-36    9.743e-39  1.04266e-37  2.28322e-40
 6.06935e-07  1.80402e-18 -1.55419e-06 -3.56419e-18  -9.4469e-05  6.46633e-18   0.00076252  -4.4915e-17  -0.00198434  1.28264e-16 -0.000220279 -1.57076e-16    0.0102446  8.00751e-17   -0.0151129  -5.7048e-18  -0.00429227 -3.79779e-18    0.0216439 -2.19072e-18  -0.00058304  3.51487e-18   -0.0162084 -2.30048e-18     -0.00401  2.77429e-18   0.00783554 -1.45675e-17   0.00627176  3.04263e-18  1.23751e-05  1.98752e-17  -0.00281051  1.60336e-18  -0.00204686 -9.41613e-18 -0.000487919 -6.69627e-18  0.000334047 -1.35382e-18  0.000423386  1.94635e-18  0.000241438  1.26501e-18   7.9226e-05  3.78651e-20  3.46829e-06  5.56664e-19 -1.49754e-05  8.22283e-19 -1.20757e-05  2.25628e-20 -6.17154e-06  -5.3762e-19 -2.41091e-06 -3.74239e-19 -7.39628e-07 -4.77875e-20 -1.65537e-07  8.25384e-20 -1.55257e-08  7.23284e-20  8.63738e-09  3.74409e-20  6.56104e-09  1.52105e-20  2.88619e-09  3.92907e-21  1.00944e-09 -9.67292e-22  3.03922e-10   -1.977e-21  8.14041e-11 -1.34359e-21  1.97276e-11 -6.10351e-22  4.36809e-12 -2.15714e-22  8.89018e-13  -6.1696e-23  1.66951e-13  -1.6206e-23  2.89987e-14 -1.03216e-23  4.66578e-15 -1.13427e-23  6.95982e-16 -9.01143e-24  9.62913e-17 -4.89851e-24  1.23585e-17 -1.87165e-24  1.47151e-18 -4.84989e-25  1.62551e-19 -6.37741e-26  1.66597e-20  1.03005e-26  1.58415e-21  8.80054e-27  1.39718e-22  2.85911e-27  1.14175e-23  6.19736e-28  8.62261e-25  1.02334e-28  5.98823e-26  1.63572e-29  3.79251e-27  3.72998e-30  2.16298e-28   1.0596e-30  1.09155e-29  2.58495e-31  4.76477e-31  4.75352e-32  1.75445e-32  6.37046e-33  5.37191e-34  6.03044e-34  1.40937e-35  3.79694e-35  3.36517e-37  1.39396e-36  6.06587e-39  1.96045e-38
 -7.1958e-19   3.4436e-06  3.71771e-18 -2.71724e-05 -1.65634e-18 -2.56766e-05 -2.21159e-18  0.000896091 -3.63594e-17  -0.00315548  1.07645e-16   0.00230445 -1.07602e-16   0.00851441  3.33976e-17   -0.0163064  6.80985e-18  -0.00221425 -2.19072e-18    0.0204593 -1.28441e-19  0.000730295  7.28394e-19   -0.0155792  2.66678e-18  -0.00594091 -2.54406e-18   0.00653804 -1.72158e-17   0.00705961  7.44197e-18   0.00138988  2.06505e-17  -0.00223555  3.43247e-18  -0.00228679 -8.76224e-18 -0.000948385  -8.2736e-18  3.88934e-05 -2.41104e-18  0.000337713  1.32347e-18  0.000265077  7.59378e-19  0.000124868  1.73701e-19  3.54132e-05  9.80583e-19  2.01063e-07   9.5074e-19 -6.90971e-06 -7.54296e-20 -5.14347e-06 -6.29072e-19 -2.54915e-06 -4.23765e-19 -9.99236e-07 -7.94319e-20 -3.23723e-07  7.02466e-20 -8.63795e-08  7.78901e-20 -1.78071e-08  4.89945e-20  -2.0419e-09  2.38572e-20  3.95197e-10  8.03241e-21  3.60847e-10  4.03924e-22  1.51445e-10 -1.66032e-21  4.90746e-11  -1.3441e-21  1.35883e-11 -6.78067e-22  3.34131e-12 -2.66973e-22  7.43533e-13 -8.83566e-23  1.51316e-13 -3.20996e-23  2.83394e-14 -2.16674e-23  4.90305e-15 -1.81997e-23  7.85332e-16 -1.20232e-23  1.16569e-16 -5.82005e-24  1.60355e-17 -2.05721e-24  2.04277e-18 -5.08004e-25  2.40614e-19 -6.84237e-26  2.61434e-20  6.76791e-27  2.61183e-21  6.90684e-27  2.38919e-22  2.21899e-27  1.99056e-23  4.75919e-28  1.50049e-24  8.18528e-29  1.01491e-25  1.48039e-29  6.09624e-27  3.52602e-30  3.20927e-28  8.99237e-31  1.45567e-29  1.90164e-31  5.56387e-31  3.02979e-32  1.74275e-32  3.49339e-33  4.34761e-34  2.78181e-34  8.55339e-36  1.39984e-35  1.33227e-37  3.58325e-37  1.18751e-39
-1.52004e-07 -2.35773e-18  8.66581e-06  5.83926e-18 -8.04912e-05  3.31397e-18   0.00018343 -1.25137e-17  0.000669738  -2.9099e-17  -0.00390646  8.60757e-17    0.0048706 -6.50279e-17   0.00609727  6.10993e-18   -0.0167308  7.31085e-18  -0.00058304 -1.28441e-19    0.0195406  4.16361e-19   0.00182099  9.05786e-19   -0.0148266  6.06382e-18  -0.00758121 -9.15538e-18    0.0050252 -1.80127e-17   0.00744206  1.07401e-17   0.00269826  2.20503e-17  -0.00141667  5.80596e-18   -0.0022758 -8.05369e-18  -0.00131673 -9.19592e-18 -0.000291333 -3.29542e-18  0.000180764  2.70653e-19  0.000236082  2.15219e-20  0.000146267  3.10191e-19  6.12875e-05  1.35863e-18  1.64655e-05   1.0114e-18  5.69871e-07  -1.9928e-19 -2.48498e-06 -7.35311e-19 -1.85807e-06  -4.9437e-19 -9.14958e-07 -1.27793e-19 -3.60979e-07  5.02359e-20 -1.20828e-07  8.13567e-20 -3.50135e-08  6.05767e-20 -8.79224e-09    3.305e-20 -1.87542e-09  1.27462e-20   -3.179e-10  2.27907e-21 -3.22445e-11 -1.04371e-21  3.56826e-12 -1.21056e-21  3.19422e-12 -6.91874e-22  1.14147e-12 -2.98596e-22  3.10557e-13 -1.12571e-22  7.18437e-14 -5.13019e-23   1.4706e-14 -3.54364e-23  2.71314e-15 -2.55975e-23  4.55478e-16 -1.48198e-23  6.99275e-17 -6.51879e-24  9.84044e-18 -2.14986e-24  1.26991e-18 -5.07712e-25   1.5015e-19  -6.9709e-26  1.62312e-20  3.42373e-27    1.599e-21  5.05123e-27  1.42927e-22  1.62178e-27  1.15263e-23   3.4782e-28  8.32675e-25  6.31375e-29  5.34043e-26   1.2587e-29  3.00652e-27  2.99332e-30  1.46421e-28  6.85935e-31  6.05179e-30  1.26607e-31  2.06992e-31  1.74529e-32  5.67889e-33  1.71412e-33  1.21482e-34  1.12312e-34  2.02354e-36  4.29186e-36  2.50048e-38  6.26334e-38
 6.85115e-19  5.45877e-07 -5.23111e-18  1.00679e-05  7.24056e-18 -0.000142246  1.09043e-17  0.000516934 -2.07012e-17  7.87452e-06 -2.54711e-17  -0.00395807  6.54242e-17     0.007035 -3.25438e-17   0.00339857 -5.26323e-18   -0.0166348  3.51487e-18  0.000730295  4.16361e-19    0.0188137 -5.59788e-19   0.00275379  3.47142e-18   -0.0139986  6.60912e-18  -0.00894913 -1.58917e-17     0.003383 -1.79142e-17     0.007436  1.32861e-17   0.00384516  2.40547e-17 -0.000436451  8.41972e-18  -0.00201302 -6.93819e-18  -0.00153706 -9.22583e-18 -0.000601924 -3.98797e-18 -2.03559e-05 -1.07499e-18  0.000157993 -8.02017e-19  0.000136839  4.54639e-19  7.37652e-05  1.65355e-18  2.90439e-05  9.90511e-19  8.02911e-06  -3.5825e-19   9.0464e-07 -8.68021e-19 -6.02091e-07 -5.92956e-19 -5.33671e-07  -1.9535e-19 -2.71153e-07  2.12505e-20 -1.08398e-07  8.14672e-20 -3.69174e-08  7.10137e-20 -1.10626e-08  4.20361e-20 -2.96207e-09  1.77348e-20 -7.13691e-10  4.52986e-21 -1.54959e-10 -1.71962e-22 -3.01969e-11  -9.4675e-22 -5.22017e-12  -6.4485e-22 -7.79538e-13 -3.07878e-22 -9.40343e-14 -1.34277e-22 -7.11098e-15 -7.30623e-23  3.91567e-16 -5.03354e-23  2.98618e-16  -3.2626e-23  7.63767e-17 -1.70212e-23  1.45438e-17  -6.8938e-24  2.32051e-18 -2.13378e-24  3.22763e-19 -4.82807e-25  3.97869e-20 -6.70766e-26  4.37633e-21  7.42806e-28  4.30251e-22  3.44081e-27  3.77451e-23  1.12116e-27  2.94229e-24  2.43988e-28  2.02445e-25  4.72113e-29  1.21817e-26  1.00551e-29  6.33142e-28  2.30946e-30  2.79553e-29  4.73877e-31  1.02556e-30  7.63594e-32  3.04099e-32  9.05417e-33  7.13548e-34  7.46169e-34  1.37179e-35  3.89423e-35  2.39476e-37  1.03322e-36  2.64424e-39
-2.15186e-07  2.15855e-18  4.11908e-06 -9.06935e-18 -6.15895e-06  6.94262e-18 -0.000160778  1.94361e-17     0.000868 -2.38452e-17 -0.000995585 -2.50411e-17  -0.00324236  4.60339e-17   0.00853339 -1.07869e-17  0.000713441 -6.28843e-18   -0.0162084  7.28394e-19   0.00182099 -5.59788e-19    0.0182288 -1.71951e-18   0.00357212  6.82237e-18   -0.0131239  3.98079e-18   -0.0100671 -2.23987e-17   0.00167911 -1.77124e-17   0.00707312  1.53146e-17   0.00476039  2.63533e-17  0.000614851  1.11114e-17  -0.00152642 -5.07668e-18  -0.00157542 -8.25044e-18 -0.000841278 -4.43789e-18 -0.000229098  -2.4698e-18  4.58917e-05 -1.51245e-18  9.79614e-05  6.50079e-19  6.93189e-05  1.86778e-18  3.43253e-05  8.96304e-19  1.31757e-05 -5.53348e-19   3.8907e-06 -1.03299e-18  7.52017e-07 -7.21589e-19 -1.81232e-08 -2.81658e-19 -1.02008e-07 -1.65704e-20 -6.03275e-08  7.74662e-20  -2.5249e-08  7.92983e-20 -8.76503e-09  5.01114e-20 -2.66047e-09  2.26253e-20 -7.23591e-10   6.9667e-21 -1.78728e-10  8.72591e-22 -4.04173e-11 -5.75632e-22  -8.4109e-12 -5.42241e-22 -1.61607e-12 -2.98102e-22 -2.87307e-13 -1.54453e-22 -4.73246e-14 -9.60206e-23 -7.22812e-15 -6.46747e-23 -1.02411e-15 -3.83487e-23 -1.34632e-16  -1.8321e-23 -1.64237e-17 -6.89148e-24  -1.8593e-18 -2.00973e-24 -1.95345e-19 -4.35931e-25 -1.90449e-20 -6.07721e-26 -1.72208e-21 -1.03621e-27 -1.44204e-22  2.18591e-27 -1.11481e-23  7.38536e-28 -7.91197e-25  1.65875e-28 -5.10951e-26  3.42614e-29 -2.96438e-27  7.52945e-30 -1.51869e-28  1.62803e-30 -6.71697e-30  2.97409e-31  -2.4864e-31   4.1665e-32 -7.32566e-33  4.20627e-33 -1.54134e-34  2.84588e-34 -1.61582e-36  1.12437e-35  1.00187e-38  1.69388e-37
-4.00823e-19 -5.82778e-07  4.62344e-18  1.15787e-05 -1.30269e-17 -5.24028e-05  4.43829e-18 -7.46973e-05  2.66417e-17   0.00107504 -2.10866e-17  -0.00211211 -2.55961e-17  -0.00188694  2.81362e-17    0.0092849    1.071e-18  -0.00178352 -2.30048e-18   -0.0155792  9.05786e-19   0.00275379 -1.71951e-18    0.0177541 -1.38135e-18   0.00430603  9.57326e-18   -0.0122195 -1.46894e-18   -0.0109575 -2.88193e-17 -3.35505e-05 -1.79889e-17   0.00639355  1.67743e-17   0.00539456  2.84568e-17   0.00164692  1.38212e-17 -0.000867532 -2.25794e-18  -0.00142342 -6.30178e-18 -0.000969625 -4.55168e-18 -0.000407076 -3.59641e-18  -7.7276e-05 -1.88085e-18  3.85549e-05  9.80912e-19  4.92404e-05  2.05005e-18  3.10345e-05  7.63886e-19  1.45817e-05 -7.70918e-19  5.55297e-06 -1.22485e-18  1.74116e-06 -8.74426e-19  4.34427e-07 -3.81687e-19  7.28601e-08 -6.08269e-20 -1.09182e-09  6.96289e-20 -7.33329e-09  8.49309e-20 -3.88078e-09  5.67876e-20 -1.45505e-09  2.70778e-20 -4.54238e-10  9.37841e-21 -1.24462e-10  1.98787e-21 -3.06639e-11 -1.36309e-22 -6.88217e-12 -4.01078e-22 -1.41805e-12 -2.77211e-22 -2.69521e-13 -1.74232e-22 -4.73908e-14  -1.1821e-22 -7.72145e-15 -7.66622e-23  -1.1665e-15 -4.19965e-23 -1.63369e-16 -1.85528e-23 -2.11909e-17 -6.51797e-24 -2.54151e-18 -1.79517e-24 -2.81147e-19 -3.73133e-25 -2.85918e-20 -5.17514e-26 -2.66176e-21 -1.91975e-27 -2.25623e-22   1.3021e-27 -1.72973e-23  4.68629e-28  -1.1894e-24  1.10263e-28 -7.25944e-26    2.405e-29  -3.8812e-27  5.26646e-30   -1.787e-28   1.0505e-30 -6.92646e-30  1.69611e-31 -2.18794e-31  2.04981e-32 -5.34136e-33  1.73522e-33 -9.04059e-35  9.33151e-35 -7.76985e-37  2.55212e-36  4.00834e-40
