   0.845631 1.42883e-15    0.132586  3.2949e-16   0.0211123 5.37989e-17  0.00294819   7.109e-18 0.000348916 7.88678e-19 3.41416e-05 7.09336e-20 2.68071e-06 4.99315e-21 1.61645e-07 2.60594e-22 6.95965e-09 9.13906e-24 1.85233e-10 1.71386e-25 1.97067e-12
1.42883e-15    0.113297 4.34236e-16   0.0264197 8.89241e-17  0.00472542 1.41013e-17 0.000682861 1.84159e-18 8.00751e-05 1.94415e-19 7.51696e-06  1.6211e-20 5.48594e-07 1.02679e-21 2.95492e-08 4.60746e-23 1.06583e-09 1.27061e-24 2.05019e-11 1.39435e-26
   0.132586 4.34236e-16   0.0320943 1.14717e-16  0.00659136 2.14131e-17  0.00109754 3.21055e-18 0.000148339 3.90552e-19 1.61344e-05 3.78626e-20 1.38256e-06 2.84205e-21 8.97914e-08 1.56942e-22 4.12285e-09  5.7888e-24 1.16128e-10 1.13629e-25 1.29953e-12
 3.2949e-16   0.0264197 1.14717e-16  0.00707071 2.58305e-17  0.00140544 4.48218e-18 0.000221134 6.28314e-19   2.784e-05 7.04309e-20 2.77735e-06 6.19018e-21 2.13749e-07 4.10959e-22 1.20683e-08 1.92414e-23 4.54086e-10 5.51596e-25  9.0757e-12  6.2726e-27
  0.0211123 8.89241e-17  0.00659136 2.58305e-17   0.0015403 5.26325e-18  0.00028029 8.49564e-19 4.05757e-05 1.09657e-19 4.66956e-06 1.11823e-20 4.19865e-07 8.77442e-22 2.84398e-08 5.04083e-23 1.35563e-09 1.92681e-24 3.94945e-11 3.90702e-26 4.55771e-13
5.37989e-17  0.00472542 2.14131e-17  0.00140544 5.26325e-18 0.000301802 9.83269e-19 5.04768e-05 1.46019e-19 6.68476e-06 1.71748e-20 6.96381e-07 1.57353e-21 5.56634e-08 1.08362e-22 3.25052e-09 5.24257e-24 1.26082e-10 1.54811e-25 2.59079e-12 1.80882e-27
 0.00294819 1.41013e-17  0.00109754 4.48218e-18  0.00028029 9.83269e-19 5.43121e-05 1.68167e-19  8.2629e-06 2.27353e-20 9.91212e-07 2.41117e-21  9.2376e-08 1.95778e-22 6.45818e-09 1.15941e-23 3.16698e-10 4.55469e-25 9.46736e-12 9.46874e-27 1.11867e-13
  7.109e-18 0.000682861 3.21055e-18 0.000221134 8.49564e-19 5.04768e-05 1.68167e-19 8.85803e-06 2.61183e-20  1.2208e-06 3.18898e-21 1.31602e-07 3.01766e-22 1.08401e-08 2.13837e-23  6.5024e-10 1.06144e-24 2.58423e-11 3.20841e-26 5.42966e-13 3.82991e-28
0.000348916 1.84159e-18 0.000148339 6.28314e-19 4.05757e-05 1.46019e-19  8.2629e-06 2.61183e-20 1.30815e-06  3.6622e-21 1.62278e-07 4.00699e-22 1.55707e-08 3.34399e-23 1.11709e-09 2.02952e-24 5.60716e-11  8.1521e-26 1.71219e-12 1.72961e-27 2.06309e-14
7.88678e-19 8.00751e-05 3.90552e-19   2.784e-05 1.09657e-19 6.68476e-06 2.27353e-20  1.2208e-06  3.6622e-21 1.73924e-07 4.61089e-22  1.9292e-08 4.48148e-23 1.62959e-09 3.25212e-24 9.99807e-11 1.64932e-25 4.05576e-12 5.08405e-27 8.68318e-14  6.1795e-29
3.41416e-05 1.94415e-19 1.61344e-05 7.04309e-20 4.66956e-06 1.71748e-20 9.91212e-07 3.18898e-21 1.62278e-07 4.61089e-22 2.07112e-08 5.18014e-23 2.03717e-09  4.4251e-24 1.49417e-10 2.74251e-25   7.651e-12 1.12279e-26  2.3793e-13 2.42424e-28 2.91557e-15
7.09336e-20 7.51696e-06 3.78626e-20 2.77735e-06 1.11823e-20 6.96381e-07 2.41117e-21 1.31602e-07 4.00699e-22  1.9292e-08 5.18014e-23 2.19335e-09 5.15252e-24 1.89353e-10 3.81699e-25 1.18473e-11 1.97226e-26 4.89237e-13 6.18425e-28 1.06475e-14 7.63625e-30
2.68071e-06  1.6211e-20 1.38256e-06 6.19018e-21 4.19865e-07 1.57353e-21  9.2376e-08 3.01766e-22 1.55707e-08 4.48148e-23 2.03717e-09 5.15252e-24 2.04775e-10 4.49252e-25 1.53132e-11 2.83605e-26 7.98015e-13 1.18073e-27 2.52189e-14 2.58902e-29 3.13657e-16
4.99315e-21 5.48594e-07 2.84205e-21 2.13749e-07 8.77442e-22 5.56634e-08 1.95778e-22 1.08401e-08 3.34399e-23 1.62959e-09  4.4251e-24 1.89353e-10 4.49252e-25 1.66658e-11 3.38952e-26 1.06102e-12 1.78068e-27 4.45158e-14 5.66908e-29 9.83076e-16 7.09928e-31
1.61645e-07 1.02679e-21 8.97914e-08 4.10959e-22 2.84398e-08 1.08362e-22 6.45818e-09 2.13837e-23 1.11709e-09 3.25212e-24 1.49417e-10 3.81699e-25 1.53132e-11 3.38952e-26 1.16516e-12 2.17533e-27 6.16828e-14 9.19391e-29 1.97764e-15 2.04414e-30 2.49276e-17
2.60594e-22 2.95492e-08 1.56942e-22 1.20683e-08 5.04083e-23 3.25052e-09 1.15941e-23  6.5024e-10 2.02952e-24 9.99807e-11 2.74251e-25 1.18473e-11 2.83605e-26 1.06102e-12 2.17533e-27 6.86183e-14 1.16005e-28 2.92048e-15 3.74436e-30 6.53536e-17  4.7491e-32
6.95965e-09 4.60746e-23 4.12285e-09 1.92414e-23 1.35563e-09 5.24257e-24 3.16698e-10 1.06144e-24 5.60716e-11 1.64932e-25   7.651e-12 1.97226e-26 7.98015e-13 1.78068e-27 6.16828e-14 1.16005e-28 3.31247e-15 4.97048e-30 1.07608e-16 1.11917e-31 1.37298e-18
9.13906e-24 1.06583e-09  5.7888e-24 4.54086e-10 1.92681e-24 1.26082e-10 4.55469e-25 2.58423e-11  8.1521e-26 4.05576e-12 1.12279e-26 4.89237e-13 1.18073e-27 4.45158e-14 9.19391e-29 2.92048e-15 4.97048e-30  1.2594e-16 1.62467e-31 2.85257e-18 2.08481e-33
1.85233e-10 1.27061e-24 1.16128e-10 5.51596e-25 3.94945e-11 1.54811e-25 9.46736e-12 3.20841e-26 1.71219e-12 5.08405e-27  2.3793e-13 6.18425e-28 2.52189e-14 5.66908e-29 1.97764e-15 3.74436e-30 1.07608e-16 1.62467e-31 3.53819e-18 3.70095e-33 4.56531e-20
1.71386e-25 2.05019e-11 1.13629e-25  9.0757e-12 3.90702e-26 2.59079e-12 9.46874e-27 5.42966e-13 1.72961e-27 8.68318e-14 2.42424e-28 1.06475e-14 2.58902e-29 9.83076e-16 2.04414e-30 6.53536e-17 1.11917e-31 2.85257e-18 3.70095e-33 6.53387e-20 4.80069e-35
1.97067e-12 1.39435e-26 1.29953e-12  6.2726e-27 4.55771e-13 1.80882e-27 1.11867e-13 3.82991e-28 2.06309e-14  6.1795e-29 2.91557e-15 7.63625e-30 3.13657e-16 7.09928e-31 2.49276e-17  4.7491e-32 1.37298e-18 2.08481e-33 4.56531e-20 4.80069e-35 5.95225e-22
