  0.00115569 -1.06859e-17  -0.00402039  6.14409e-17   0.00279563  -1.5002e-16  0.000719328  1.73594e-16 -0.000442026 -6.32942e-17 -0.000372867  -3.8728e-17 -0.000105421  2.33447e-17  2.09324e-05  1.52171e-17  3.89318e-05 -3.92347e-18  2.34753e-05 -3.31283e-18  9.05006e-06 -7.58399e-19  1.97423e-06 -4.09583e-19 -2.89487e-07 -3.05705e-20 -5.92454e-07  2.36853e-19 -3.96636e-07  1.95331e-19 -1.96933e-07  6.18853e-20 -8.21938e-08 -1.00747e-20  -3.0119e-08 -2.33298e-20  -9.8599e-09  -1.5374e-20 -2.89371e-09 -6.63862e-21 -7.54141e-10 -1.89707e-21 -1.69086e-10 -1.42038e-22 -2.96335e-11  2.45601e-22 -2.42958e-12  2.06142e-22  9.58679e-13  1.08126e-22  6.57217e-13  4.43942e-23  2.59134e-13  1.50319e-23   8.2382e-14  4.18135e-24  2.28328e-14  8.98691e-25  5.67793e-15    1.138e-25  1.28119e-15 -1.40755e-26  2.62851e-16 -1.56484e-26  4.87612e-17 -6.65344e-27   8.0514e-18 -2.13251e-27  1.14049e-18 -5.77252e-28  1.25027e-19 -1.37582e-28  6.04942e-21 -2.94577e-29 -1.71181e-21 -5.72889e-30 -7.00158e-22 -1.01898e-30 -1.67423e-22 -1.66563e-31 -3.21073e-23  -2.5104e-32 -5.32717e-24 -3.49447e-33 -7.87507e-25 -4.49408e-34 -1.05149e-25 -5.33822e-35 -1.27656e-26 -5.85353e-36 -1.41339e-27  -5.9199e-37 -1.42815e-28 -5.51345e-38 -1.31585e-29 -4.71819e-39 -1.10315e-30 -3.69903e-40 -8.38765e-32 -2.64716e-41 -5.75856e-33 -1.72174e-42 -3.54974e-34 -1.01244e-43  -1.9507e-35 -5.34795e-45 -9.47095e-37 -2.51735e-46 -4.01655e-38 -1.04556e-47 -1.46612e-39 -3.78441e-49  -4.5169e-41 -1.17448e-50 -1.14314e-42 -3.05788e-52 -2.28391e-44   -6.479e-54 -3.37872e-46 -1.06777e-55 -3.27808e-48 -1.27078e-57 -1.49931e-50  -9.4418e-60  1.94333e-53 -2.82807e-62
-1.06859e-17    0.0068698 -1.61448e-17   -0.0126557  7.08121e-17   0.00442374 -2.24193e-16   0.00324671  2.78554e-16 -4.19131e-05 -1.06318e-16 -0.000847272 -7.75512e-17 -0.000489818  4.47116e-17 -0.000112493   2.8299e-17  3.90317e-05 -6.23414e-19  5.52199e-05 -5.05352e-18   3.3229e-05 -3.65433e-18  1.38039e-05 -1.93597e-18  3.94087e-06 -7.92559e-20  3.93254e-07  6.94607e-19 -4.10051e-07  5.24197e-19 -3.74427e-07  1.65739e-19 -2.11005e-07 -2.37831e-20 -9.66955e-08 -6.26163e-20 -3.88682e-08 -4.38042e-20   -1.417e-08 -2.03016e-20  -4.7734e-09 -6.56482e-21 -1.50398e-09 -1.05765e-21 -4.47219e-10   3.8439e-22 -1.26437e-10   4.4458e-22 -3.42099e-11  2.47949e-22 -8.91124e-12  1.03962e-22  -2.2466e-12  3.56821e-23  -5.5047e-13  1.01761e-23 -1.31425e-13  2.35148e-24 -3.05914e-14  3.97486e-25 -6.93156e-15  2.47722e-26 -1.52382e-15 -1.49013e-26 -3.23565e-16 -8.40436e-27 -6.60318e-17 -2.88562e-27 -1.28874e-17 -7.95078e-28 -2.39445e-18 -1.89006e-28 -4.21799e-19 -3.99421e-29 -7.01935e-20 -7.61815e-30 -1.09998e-20 -1.32326e-30 -1.61842e-21 -2.10603e-31 -2.22953e-22 -3.08343e-32 -2.86783e-23 -4.16125e-33 -3.43466e-24 -5.17905e-34 -3.81852e-25 -5.94321e-35 -3.92781e-26 -6.28496e-36 -3.72411e-27 -6.11895e-37 -3.24067e-28 -5.47583e-38 -2.57495e-29 -4.49356e-39 -1.85667e-30  -3.3707e-40 -1.20553e-31 -2.30215e-41 -6.97849e-33  -1.4249e-42 -3.55283e-34  -7.9465e-44 -1.55939e-35 -3.96475e-45 -5.71023e-37 -1.75415e-46 -1.63394e-38 -6.80692e-48 -3.01432e-40 -2.28433e-49   3.6416e-43 -6.50713e-51  2.80927e-43  -1.5337e-52  1.20747e-44 -2.88312e-54  3.05454e-46 -4.08311e-56  4.95792e-48 -3.93835e-58  4.69717e-50 -2.05457e-60  1.71571e-52
 -0.00402039 -1.61448e-17    0.0196097  1.77973e-17   -0.0230786  -2.2253e-17   0.00188562 -1.68463e-16   0.00633826  2.97256e-16   0.00184039 -1.55601e-16 -0.000774727 -1.03515e-16 -0.000971823  5.26643e-17 -0.000460254  4.52578e-17 -8.88254e-05  9.88243e-18  4.46741e-05  -5.8179e-18  5.53551e-05 -7.98909e-18  3.36612e-05 -4.18578e-18  1.49809e-05 -1.16071e-19  5.13887e-06  1.34625e-18  1.22968e-06  9.83813e-19  5.76864e-08  3.10809e-19   -1.509e-07 -4.77955e-20 -1.16632e-07 -1.25511e-19 -6.08228e-08 -9.04793e-20 -2.64538e-08 -4.37375e-20 -1.02329e-08 -1.53384e-20 -3.62492e-09 -3.39663e-21 -1.19514e-09  9.95949e-23 -3.70442e-10  5.69656e-22 -1.08658e-10  3.59303e-22 -3.02935e-11  1.56737e-22 -8.05013e-12  5.49078e-23  -2.0423e-12  1.60201e-23  -4.9496e-13  3.88629e-24 -1.14573e-13  7.53877e-25 -2.53105e-14  9.94943e-26  -5.3292e-15 -3.68193e-28 -1.06766e-15 -5.67105e-27 -2.03123e-16 -2.36177e-27 -3.66186e-17 -6.88877e-28 -6.24094e-18 -1.66344e-28 -1.00307e-18 -3.50519e-29 -1.51634e-19 -6.59804e-30 -2.14992e-20  -1.1239e-30 -2.85007e-21 -1.74673e-31 -3.52031e-22 -2.48971e-32 -4.03503e-23 -3.26297e-33  -4.2712e-24 -3.93517e-34 -4.15015e-25 -4.36689e-35 -3.67215e-26 -4.45685e-36 -2.92568e-27 -4.17944e-37 -2.06251e-28 -3.59523e-38 -1.24723e-29 -2.82988e-39 -6.03993e-31 -2.03129e-40  -1.8493e-32 -1.32405e-41  2.83413e-34 -7.79734e-43  9.69459e-35 -4.12247e-44  8.96868e-36 -1.94144e-45  5.83169e-37  -8.0649e-47  2.99717e-38 -2.91901e-48  1.25415e-39 -9.05907e-50  4.27846e-41 -2.35913e-51  1.17236e-42 -5.00097e-53   2.5026e-44 -8.24824e-55  3.94508e-46 -9.82746e-57  4.16015e-48 -7.31364e-59   2.3328e-50 -2.19557e-61
 6.14409e-17   -0.0126557  1.77973e-17    0.0360876   8.8031e-17   -0.0290254 -1.51496e-16  -0.00521144  6.69282e-19   0.00750845  2.45903e-16   0.00464371 -2.09718e-16  0.000358912 -1.31473e-16  -0.00109608  4.81157e-17 -0.000874874  6.50669e-17 -0.000365954  2.40889e-17 -6.33639e-05  -5.7412e-18  3.76225e-05 -1.22593e-17  4.45523e-05 -6.21138e-18  2.76593e-05  1.31157e-19  1.30706e-05  2.19622e-18  5.08036e-06  1.53528e-18  1.63829e-06  4.70367e-19  4.14611e-07 -9.30683e-20  6.09243e-08 -2.14169e-19 -1.25804e-08 -1.54994e-19 -1.57013e-08 -7.67611e-20 -8.63678e-09 -2.85804e-20 -3.70973e-09 -7.66928e-21 -1.38401e-09 -9.91521e-22 -4.66773e-10  3.71376e-22 -1.45097e-10  3.48961e-22 -4.20177e-11  1.67505e-22 -1.14059e-11  6.10921e-23  -2.9128e-12  1.83091e-23 -7.01159e-13  4.59885e-24 -1.59212e-13  9.59375e-25 -3.40986e-14  1.57005e-25 -6.88241e-15  1.54652e-26 -1.30727e-15 -1.42395e-27 -2.33196e-16  -1.2738e-27 -3.89619e-17 -4.27362e-28 -6.07573e-18 -1.07972e-28 -8.80208e-19 -2.30152e-29  -1.1772e-19 -4.31106e-30 -1.44015e-20 -7.23969e-31 -1.58842e-21 -1.10293e-31 -1.53916e-22 -1.53499e-32 -1.23869e-23 -1.95842e-33  -6.9391e-25 -2.29345e-34  1.30215e-27 -2.46565e-35  7.39668e-27 -2.43267e-36  1.32755e-27  -2.2007e-37  1.65816e-28 -1.82245e-38  1.69412e-29 -1.37795e-39  1.48508e-30  -9.4785e-41  1.13737e-31 -5.90491e-42  7.65829e-33 -3.31316e-43  4.53386e-34 -1.66271e-44   2.3504e-35 -7.39887e-46   1.0589e-36  -2.8878e-47   4.0994e-38 -9.75006e-49   1.3425e-39 -2.79585e-50  3.63892e-41 -6.63861e-52  7.91453e-43 -1.25829e-53  1.31847e-44 -1.79832e-55  1.55848e-46 -1.75213e-57  1.12639e-48 -9.24323e-60   3.1987e-51
  0.00279563  7.08121e-17   -0.0230786   8.8031e-17    0.0488027  1.19836e-16   -0.0271536 -1.90048e-16   -0.0136817  2.15616e-16   0.00545201   1.8327e-16   0.00692015 -2.62139e-16   0.00234428 -1.70473e-16 -0.000522568  3.62716e-17  -0.00106912  8.17151e-17 -0.000684828  3.61073e-17 -0.000267058 -5.53422e-18 -4.73572e-05  -1.5044e-17  2.35079e-05 -6.89574e-18  2.94445e-05  1.12167e-18  1.89107e-05  3.34338e-18  9.39642e-06  2.16357e-18   3.9625e-06  6.23468e-19  1.46908e-06 -1.62676e-19    4.857e-07 -3.22154e-19  1.43433e-07 -2.31032e-19  3.74033e-08 -1.16151e-19  8.31175e-09 -4.53381e-20  1.41001e-09 -1.38475e-20  9.19451e-11 -3.04458e-21 -5.76181e-11 -2.62627e-22 -3.53032e-11  1.63551e-22 -1.33495e-11  1.15761e-22 -4.09988e-12  4.73895e-23 -1.09491e-12  1.49604e-23 -2.60526e-13  3.88574e-24 -5.56171e-14  8.42319e-25 -1.06033e-14  1.48971e-25 -1.77126e-15  1.92671e-26 -2.46539e-16  8.01627e-28 -2.41918e-17 -5.06218e-28 -2.39249e-20  -2.1654e-28  7.58762e-19 -5.82278e-29  2.46407e-19 -1.26178e-29  5.61824e-20 -2.35679e-30  1.06626e-20  -3.9073e-31  1.77459e-21 -5.84288e-32  2.64816e-22 -7.95246e-33  3.58165e-23 -9.89526e-34  4.41419e-24 -1.12755e-34  4.96896e-25 -1.17705e-35  5.11107e-26 -1.12541e-36   4.7992e-27 -9.84806e-38  4.10507e-28 -7.87399e-39  3.18861e-29 -5.73673e-40  2.23968e-30 -3.79412e-41  1.41498e-31 -2.26689e-42  7.98699e-33 -1.21615e-43  3.99447e-34 -5.81361e-45  1.75157e-35 -2.45252e-46  6.64508e-37 -9.01989e-48   2.1437e-38 -2.84687e-49  5.74594e-40 -7.54827e-51    1.239e-41 -1.63129e-52  2.04904e-43 -2.74658e-54  2.40623e-45 -3.34486e-56  1.73879e-47 -2.54753e-58  5.45187e-50 -7.83616e-61
 -1.5002e-16   0.00442374  -2.2253e-17   -0.0290254  1.19836e-16    0.0529226  3.58981e-17   -0.0195356 -9.80354e-17   -0.0199623  4.22699e-16  0.000941853   1.5355e-16   0.00756021 -3.02226e-16   0.00443434 -2.09822e-16  0.000705507  2.13773e-17 -0.000824395  8.77204e-17 -0.000868983  4.01244e-17 -0.000492002 -6.53341e-18 -0.000188222 -1.56977e-17 -3.97021e-05 -5.46714e-18  8.83344e-06  3.25183e-18  1.52983e-05  4.90313e-18  1.04894e-05  2.88053e-18  5.45852e-06  7.75611e-19  2.42344e-06 -2.39186e-19   9.6063e-07 -4.30632e-19  3.48119e-07  -3.0598e-19  1.17045e-07 -1.55651e-19  3.68974e-08 -6.31206e-20  1.09973e-08 -2.10853e-20  3.12143e-09 -5.79462e-21  8.49196e-10 -1.24922e-21  2.22708e-10 -1.69938e-22  5.65673e-11  1.03006e-23  1.39588e-11  1.64963e-23  3.35026e-12  6.68876e-24  7.81333e-13  1.89265e-24  1.76562e-13  4.18011e-25   3.8502e-14  7.15978e-26  8.06387e-15  8.07382e-27  1.61439e-15 -1.32988e-28  3.07563e-16 -3.93204e-28  5.55376e-17 -1.38679e-28  9.47186e-18   -3.472e-29  1.52098e-18 -7.18847e-30  2.29312e-19 -1.29409e-30  3.23737e-20  -2.0756e-31  4.26872e-21 -3.00865e-32  5.24323e-22 -3.97356e-33  5.98261e-23 -4.79983e-34  6.32211e-24 -5.30923e-35  6.16667e-25 -5.37789e-36  5.53087e-26 -4.98607e-37   4.5411e-27 -4.22696e-38   3.3953e-28 -3.27036e-39  2.29723e-29 -2.30221e-40  1.39563e-30 -1.46847e-41  7.53885e-32  -8.4417e-43  3.57433e-33 -4.34391e-44  1.46095e-34 -1.98362e-45  5.01005e-36 -7.95102e-47  1.37549e-37 -2.75902e-48   2.7252e-39 -8.13814e-50   2.5655e-41 -1.98967e-51 -5.29852e-43 -3.88693e-53  -2.8358e-44 -5.73033e-55 -5.94351e-46  -5.7627e-57 -6.49503e-48   -3.139e-59 -2.61725e-50
 0.000719328 -2.24193e-16   0.00188562 -1.51496e-16   -0.0271536  3.58981e-17    0.0496537 -1.63394e-16   -0.0105547  5.63318e-17    -0.022688  5.90172e-16  -0.00429332  1.59363e-16   0.00640172 -3.16661e-16   0.00590131 -2.31124e-16   0.00223441   5.9407e-18 -0.000119806  7.80512e-17 -0.000779696  3.23989e-17 -0.000630065 -1.01784e-17 -0.000334087 -1.44672e-17 -0.000130981 -1.84607e-18 -3.49834e-05  6.57392e-18  -1.7769e-06  6.87753e-18  5.16159e-06  3.69241e-18  4.29544e-06  9.55449e-19  2.39696e-06 -2.86888e-19  1.10913e-06 -5.11936e-19  4.54185e-07 -3.63542e-19  1.69592e-07 -1.87169e-19  5.87207e-08 -7.82846e-20  1.90532e-08  -2.7815e-20  5.83433e-09 -8.58456e-21  1.69409e-09 -2.32458e-21  4.67929e-10 -5.52493e-22  1.23182e-10 -1.14686e-22  3.09335e-11  -2.0829e-23  7.41053e-12 -3.44148e-24  1.69256e-12  -5.9243e-25  3.68152e-13 -1.30146e-25  7.61448e-14  -3.6274e-26  1.49488e-14 -1.05638e-26  2.78014e-15 -2.85872e-27  4.88764e-16 -6.97313e-28   8.1046e-17 -1.53075e-28  1.26457e-17 -3.03351e-29  1.85207e-18 -5.44316e-30  2.53928e-19 -8.87528e-31  3.24968e-20 -1.32108e-31  3.86929e-21 -1.80305e-32  4.27032e-22 -2.26262e-33  4.34923e-23 -2.61238e-34  4.06586e-24 -2.77295e-35  3.46508e-25 -2.70229e-36  2.66761e-26  -2.4139e-37  1.83096e-27  -1.9727e-38  1.09736e-28 -1.47086e-39  5.52676e-30 -9.96838e-41  2.13473e-31 -6.11075e-42  4.27724e-33 -3.36738e-43 -1.92962e-34 -1.65504e-44 -2.77576e-35 -7.18357e-46 -1.87346e-36 -2.71932e-47 -9.13022e-38   -8.835e-49 -3.45788e-39 -2.41136e-50 -1.02739e-40   -5.364e-52  -2.3477e-42  -9.2943e-54 -3.93348e-44 -1.16435e-55 -4.39206e-46 -9.11582e-58 -2.60416e-48 -2.87948e-60
 1.73594e-16   0.00324671 -1.68463e-16  -0.00521144 -1.90048e-16   -0.0195356 -1.63394e-16     0.043348 -4.06192e-16  -0.00318031  1.86699e-16   -0.0225225  6.92901e-16  -0.00890129  1.79066e-16   0.00396031 -2.95802e-16    0.0063788 -2.22966e-16   0.00363729 -9.22435e-18  0.000887098  5.18824e-17 -0.000381955  1.23792e-17 -0.000594973 -1.72029e-17 -0.000418789 -1.21551e-17 -0.000215895  3.32157e-18 -8.87942e-05  1.06807e-17 -2.90033e-05  9.08169e-18  -6.6225e-06  4.56219e-18 -1.96415e-07  1.19008e-18  8.70012e-07 -2.69301e-19  6.45257e-07 -5.40112e-19  3.29308e-07 -3.89057e-19  1.40562e-07 -2.03213e-19  5.32901e-08 -8.71536e-20   1.8436e-08 -3.22901e-20  5.90503e-09 -1.06312e-20  1.76605e-09 -3.16597e-21  4.95751e-10 -8.63305e-22  1.31027e-10 -2.18166e-22  3.26624e-11 -5.19209e-23  7.68525e-12 -1.18675e-23  1.70684e-12 -2.65041e-24  3.57609e-13 -5.82793e-25  7.06059e-14 -1.25696e-25  1.31173e-14 -2.63148e-26   2.2887e-15 -5.28966e-27  3.74142e-16 -1.01232e-27  5.71358e-17 -1.83182e-28  8.12093e-18  -3.1137e-29  1.06922e-18 -4.94212e-30  1.29575e-19 -7.29512e-31  1.43221e-20  -9.9968e-32  1.42356e-21 -1.27106e-32  1.24119e-22 -1.49839e-33  9.00685e-24 -1.63505e-34  4.64714e-25 -1.64758e-35  2.60906e-27 -1.52899e-36 -3.23804e-27 -1.30314e-37  -5.2694e-28 -1.01686e-38 -5.75407e-29 -7.23748e-40  -5.0578e-30 -4.67675e-41 -3.76417e-31 -2.72783e-42 -2.41407e-32 -1.42589e-43 -1.34012e-33 -6.61956e-45 -6.42134e-35 -2.69855e-46 -2.63403e-36 -9.52286e-48 -9.12506e-38 -2.85524e-49 -2.61668e-39 -7.09116e-51 -6.03091e-41 -1.40619e-52  -1.0682e-42 -2.10268e-54 -1.34968e-44  -2.1427e-56 -1.05108e-46 -1.18135e-58 -3.25471e-49
-0.000442026  2.78554e-16   0.00633826  6.69282e-19   -0.0136817 -9.80354e-17   -0.0105547 -4.06192e-16    0.0374211 -6.09112e-16    0.0019031  2.52925e-16   -0.0207443  7.15821e-16   -0.0123264  1.95625e-16  0.000908722 -2.37601e-16   0.00586009 -1.85653e-16   0.00459258 -2.44507e-17   0.00195693  1.24261e-17  0.000254286 -1.71795e-17 -0.000358607 -2.70941e-17 -0.000391476 -9.65449e-18 -0.000255314  8.92515e-18 -0.000130522  1.48248e-17 -5.62164e-05  1.11766e-17 -2.09121e-05   5.3953e-18 -6.72139e-06  1.47822e-18 -1.81442e-06 -1.69885e-19 -3.70527e-07 -5.02511e-19 -2.91927e-08 -3.75169e-19  2.13069e-08 -1.99659e-19   1.5585e-08 -8.74376e-20  7.02842e-09 -3.33152e-20  2.58522e-09 -1.13754e-20  8.33561e-10 -3.54224e-21  2.42561e-10 -1.01753e-21  6.45979e-11 -2.72219e-22  1.58546e-11  -6.8479e-23  3.59686e-12  -1.6341e-23   7.5436e-13 -3.72051e-24  1.45906e-13 -8.09523e-25  2.58842e-14 -1.68027e-25   4.1696e-15 -3.31636e-26  5.98536e-16 -6.20632e-27  7.36047e-17 -1.09892e-27  6.96737e-18 -1.83682e-28  2.79966e-19 -2.88922e-29 -7.50722e-20 -4.26123e-30 -2.59073e-20 -5.87463e-31  -5.2848e-21 -7.55471e-32 -8.62649e-22 -9.04907e-33 -1.21275e-22 -1.00788e-33 -1.51049e-23 -1.04139e-34 -1.68813e-24 -9.95286e-36 -1.70272e-25 -8.76987e-37 -1.55309e-26 -7.09955e-38 -1.28049e-27 -5.25986e-39 -9.52138e-29  -3.5502e-40 -6.36093e-30 -2.17122e-41 -3.79765e-31 -1.19524e-42 -2.01201e-32 -5.87427e-44 -9.37432e-34 -2.55137e-45  -3.7968e-35 -9.66795e-47 -1.31689e-36 -3.14415e-48 -3.83463e-38 -8.58669e-50 -9.12348e-40 -1.91033e-51 -1.70585e-41 -3.30883e-53 -2.35976e-43 -4.14154e-55 -2.17274e-45 -3.23781e-57 -1.04958e-47 -1.02064e-59
-6.32942e-17 -4.19131e-05  2.97256e-16   0.00750845  2.15616e-16   -0.0199623  5.63318e-17  -0.00318031 -6.09112e-16    0.0330594 -7.21084e-16   0.00522423  2.57937e-16   -0.0183218  6.66291e-16   -0.0145638  2.09473e-16  -0.00222844 -1.46927e-16   0.00454091 -1.27824e-16    0.0049385 -4.01199e-17   0.00285863 -3.41685e-17  0.000992284 -5.10456e-17  4.26371e-05 -3.81805e-17 -0.000237442 -7.61768e-18 -0.000222992  1.37897e-17  -0.00013943  1.81868e-17  -7.1046e-05  1.27798e-17 -3.14697e-05  6.05833e-18 -1.24915e-05  1.78014e-18 -4.52148e-06 -2.54307e-21 -1.50973e-06  -4.0572e-19 -4.69096e-07 -3.24873e-19 -1.36684e-07  -1.7743e-19 -3.76474e-08 -7.91803e-20 -9.89313e-09 -3.07421e-20 -2.50791e-09 -1.07079e-20 -6.20929e-10 -3.40321e-21 -1.51913e-10 -9.97325e-22 -3.70077e-11  -2.7165e-22 -8.98378e-12 -6.92536e-23 -2.15924e-12  -1.6618e-23 -5.08201e-13 -3.76616e-24 -1.15727e-13 -8.06903e-25 -2.52289e-14 -1.63313e-25 -5.22227e-15 -3.11843e-26 -1.02032e-15  -5.6123e-27 -1.87367e-16 -9.51348e-28 -3.22411e-17 -1.51734e-28 -5.18635e-18 -2.27283e-29 -7.78373e-19 -3.18977e-30  -1.0879e-19 -4.18477e-31 -1.41334e-20 -5.12286e-32 -1.70329e-21 -5.84209e-33 -1.89991e-22 -6.19438e-34 -1.95642e-23  -6.0912e-35 -1.85433e-24 -5.53783e-36 -1.61213e-25 -4.63859e-37 -1.28038e-26 -3.56578e-38 -9.24529e-28 -2.50458e-39  -6.0349e-29 -1.59921e-40  -3.5368e-30 -9.22623e-42 -1.84554e-31 -4.77395e-43 -8.48657e-33 -2.19532e-44 -3.39466e-34 -8.86979e-46 -1.16147e-35 -3.10318e-47 -3.32326e-37 -9.22505e-49 -7.70334e-39 -2.27132e-50 -1.37889e-40 -4.46443e-52 -1.75794e-42 -6.61593e-54 -1.35052e-44 -6.68073e-56  -3.4627e-47 -3.64945e-58  1.27873e-49
-0.000372867 -1.06318e-16   0.00184039  2.45903e-16   0.00545201  4.22699e-16    -0.022688  1.86699e-16    0.0019031 -7.21084e-16    0.0300946 -7.34853e-16   0.00746946  2.20131e-16    -0.015757  5.73181e-16    -0.015819  2.32381e-16  -0.00513333 -3.38628e-17   0.00267805 -6.13227e-17   0.00464922  -5.5828e-17    0.0034201 -8.04132e-17   0.00167473 -8.30746e-17  0.000523744 -4.82792e-17   1.6881e-05 -6.34785e-18 -0.000116874  1.70296e-17 -0.000105781  2.01424e-17 -6.49791e-05  1.35894e-17 -3.29508e-05  6.42047e-18 -1.46958e-05  2.03015e-18 -5.94166e-06  1.93534e-19 -2.21667e-06 -2.72898e-19 -7.72074e-07 -2.50335e-19 -2.53167e-07  -1.4212e-19  -7.8638e-08 -6.46889e-20 -2.32447e-08 -2.54593e-20 -6.55971e-09 -8.95944e-21 -1.77088e-09   -2.869e-21 -4.57749e-10  -8.4477e-22 -1.13281e-10 -2.30456e-22 -2.68154e-11 -5.86052e-23 -6.06225e-12  -1.3957e-23 -1.30632e-12 -3.12155e-24 -2.67711e-13 -6.56315e-25 -5.20553e-14 -1.29706e-25 -9.58111e-15 -2.40835e-26 -1.66532e-15 -4.20021e-27 -2.72709e-16 -6.87903e-28 -4.19774e-17 -1.05733e-28 -6.05936e-18  -1.5231e-29 -8.18245e-19 -2.05251e-30 -1.03104e-19 -2.58272e-31 -1.20897e-20 -3.02946e-32 -1.31517e-21 -3.30676e-33 -1.32281e-22 -3.35188e-34 -1.22539e-23 -3.14685e-35 -1.04073e-24 -2.72755e-36  -8.0601e-26 -2.17459e-37 -5.65473e-27 -1.58806e-38 -3.56412e-28 -1.05719e-39 -1.99645e-29 -6.37962e-41 -9.79148e-31 -3.46635e-42 -4.11191e-32 -1.68202e-43 -1.42379e-33 -7.21514e-45 -3.75364e-35 -2.70103e-46 -5.75941e-37 -8.67966e-48  5.88178e-39 -2.34231e-49  7.36264e-40 -5.14901e-51  2.65431e-41 -8.81176e-53  5.77936e-43 -1.08974e-54  7.74646e-45 -8.41783e-57  5.29409e-47 -2.62197e-59
 -3.8728e-17 -0.000847272 -1.55601e-16   0.00464371   1.8327e-16  0.000941853  5.90172e-16   -0.0225225  2.52925e-16   0.00522423 -7.34853e-16    0.0280487 -6.79487e-16   0.00910155  1.56177e-16   -0.0132518  4.71931e-16    -0.016317  2.73926e-16  -0.00764377  8.72071e-17  0.000514297  2.26606e-18   0.00378937 -7.03839e-17   0.00354443 -1.19348e-16   0.00216109 -1.07982e-16  0.000977307 -5.55105e-17  0.000313028 -5.85567e-18   3.9568e-05  1.82371e-17 -3.54754e-05  2.04191e-17 -3.75728e-05  1.34691e-17  -2.3675e-05  6.39795e-18 -1.20263e-05  2.16342e-18 -5.33365e-06   3.7036e-19 -2.13741e-06 -1.34509e-19 -7.88365e-07  -1.6821e-19 -2.70633e-07 -1.01792e-19 -8.70886e-08 -4.75255e-20 -2.63946e-08 -1.89346e-20 -7.55732e-09 -6.69899e-21 -2.04794e-09 -2.14641e-21 -5.25738e-10 -6.29975e-22 -1.27888e-10 -1.70721e-22 -2.94692e-11 -4.29764e-23 -6.42797e-12 -1.00942e-23 -1.32585e-12 -2.21812e-24 -2.58263e-13 -4.56552e-25 -4.74371e-14 -8.80458e-26  -8.2019e-15 -1.59091e-26 -1.33234e-15 -2.69361e-27 -2.02904e-16 -4.27341e-28 -2.88993e-17 -6.34956e-29 -3.83892e-18 -8.82558e-30 -4.74094e-19 -1.14574e-30 -5.42246e-20 -1.38689e-31 -5.71704e-21 -1.56276e-32 -5.52332e-22 -1.63625e-33 -4.85097e-23 -1.58839e-34 -3.82937e-24 -1.42565e-35 -2.66936e-25 -1.17915e-36 -1.59192e-26 -8.95208e-38 -7.56876e-28 -6.21052e-39  -2.2411e-29 -3.91663e-40  3.94614e-31 -2.23156e-41  1.19457e-31 -1.14027e-42  1.06913e-32 -5.17807e-44  6.73817e-34 -2.06609e-45  3.34452e-35 -7.13916e-47  1.34296e-36 -2.09618e-48  4.35468e-38 -5.09726e-50  1.11816e-39 -9.89447e-52  2.18694e-41 -1.44801e-53  3.03667e-43 -1.44403e-55  2.59467e-45 -7.79092e-58  8.82501e-48
-0.000105421 -7.75512e-17 -0.000774727 -2.09718e-16   0.00692015   1.5355e-16  -0.00429332  6.92901e-16   -0.0207443  2.57937e-16   0.00746946 -6.79487e-16    0.0265704 -6.02408e-16    0.0103758  7.77112e-17   -0.0108678  3.88684e-16   -0.0162392  3.32304e-16  -0.00968957  1.99125e-16  -0.00174614   5.3502e-17   0.00247587 -8.23748e-17    0.0032077 -1.46164e-16   0.00235226 -1.22644e-16   0.00130103 -5.88567e-17  0.000578486 -5.97413e-18   0.00020536  1.74896e-17  5.19969e-05  1.91148e-17  3.18378e-06  1.24711e-17 -6.48083e-06  5.98236e-18 -5.34806e-06  2.14181e-18 -2.91513e-06  4.89438e-19 -1.31191e-06 -1.74962e-20 -5.20236e-07  -9.3892e-20 -1.87041e-07 -6.41253e-20 -6.18954e-08 -3.11556e-20 -1.90186e-08  -1.2609e-20 -5.45532e-09 -4.48073e-21 -1.46552e-09 -1.43222e-21 -3.69402e-10 -4.17367e-22 -8.74412e-11 -1.11882e-22 -1.94396e-11 -2.77692e-23 -4.05687e-12 -6.41088e-24 -7.93885e-13 -1.38055e-24  -1.4544e-13 -2.77706e-25 -2.48885e-14 -5.22117e-26 -3.96653e-15 -9.17792e-27  -5.8639e-16 -1.50884e-27 -7.99732e-17 -2.32008e-28 -9.98268e-18 -3.33518e-29  -1.1266e-18 -4.47747e-30 -1.12549e-19 -5.60535e-31 -9.53573e-21 -6.53325e-32 -6.09966e-22 -7.07752e-33 -1.45911e-23 -7.11263e-34  3.44045e-24 -6.61543e-35  7.51672e-25 -5.67804e-36  9.93709e-26 -4.48145e-37  1.04098e-26 -3.23904e-38  9.23535e-28 -2.13348e-39  7.10657e-29 -1.27344e-40  4.78362e-30 -6.84168e-42  2.81934e-31  -3.2818e-43  1.44917e-32 -1.39138e-44  6.44474e-34 -5.14775e-46  2.44973e-35 -1.63479e-47  7.82195e-37 -4.35967e-49   2.0468e-38 -9.46986e-51   4.2331e-40 -1.60128e-52  6.53626e-42 -1.95666e-54   6.8104e-44 -1.49358e-56  3.80086e-46 -4.59795e-59
 2.33447e-17 -0.000489818 -1.03515e-16  0.000358912 -2.62139e-16   0.00756021  1.59363e-16  -0.00890129  7.15821e-16   -0.0183218  2.20131e-16   0.00910155 -6.02408e-16    0.0254664 -5.46862e-16    0.0114329 -5.93897e-18  -0.00860998  3.33205e-16   -0.0157164  3.94261e-16   -0.0112469  2.85442e-16   -0.0039373  8.63816e-17  0.000853613 -9.07152e-17   0.00244997 -1.59007e-16   0.00220422  -1.2649e-16   0.00142109 -5.82814e-17  0.000747522 -6.45899e-18  0.000335775  1.52269e-17  0.000130975  1.66094e-17  4.42943e-05  1.08028e-17    1.266e-05  5.24248e-18  2.80178e-06  1.96662e-18   3.0319e-07  5.33296e-19 -1.21891e-07  6.22461e-20 -1.05453e-07 -3.72863e-20 -5.01366e-08 -3.42469e-20 -1.89802e-08 -1.79269e-20  -6.2222e-09 -7.45474e-21 -1.82401e-09 -2.67096e-21 -4.85169e-10 -8.52185e-22 -1.17856e-10 -2.46334e-22 -2.61838e-11 -6.52136e-23 -5.30532e-12 -1.59298e-23 -9.72514e-13 -3.60866e-24  -1.5858e-13   -7.605e-25  -2.2171e-14 -1.49348e-25 -2.40477e-15 -2.73541e-26 -1.19997e-16 -4.67549e-27  2.93873e-17 -7.46129e-28   1.2027e-17 -1.11184e-28  2.80688e-18 -1.54641e-29  5.21862e-19  -2.0054e-30  8.35877e-20 -2.42134e-31  1.18863e-20 -2.71761e-32  1.52158e-21 -2.83037e-33   1.7653e-22 -2.72989e-34  1.86161e-23 -2.43226e-35  1.78551e-24  -1.9957e-36  1.55588e-25 -1.50235e-37   1.2288e-26 -1.03302e-38  8.76375e-28 -6.45417e-40  5.61651e-29 -3.64159e-41  3.21413e-30  -1.8419e-42  1.62932e-31 -8.27678e-44  7.24262e-33 -3.26732e-45  2.78693e-34 -1.11685e-46  9.12849e-36 -3.24388e-48  2.48856e-37  -7.8027e-50  5.47194e-39 -1.49819e-51  9.26279e-41 -2.16889e-53  1.11853e-42 -2.14004e-55  8.30839e-45 -1.14279e-57  2.44266e-47
 2.09324e-05  4.47116e-17 -0.000971823 -1.31473e-16   0.00234428 -3.02226e-16   0.00640172  1.79066e-16   -0.0123264  6.66291e-16    -0.015757  1.56177e-16    0.0103758 -5.46862e-16    0.0246357 -5.34311e-16    0.0123589 -8.51051e-17  -0.00646006  3.01267e-16   -0.0148362  4.41845e-16   -0.0123102  3.34828e-16  -0.00592236  9.91236e-17 -0.000917764 -9.49027e-17   0.00136455 -1.58814e-16   0.00173265 -1.21056e-16   0.00130793 -5.44983e-17  0.000779159 -7.06142e-18  0.000396766  1.20674e-17  0.000179074  1.34223e-17  7.31218e-05  8.75685e-18  2.73817e-05   4.3008e-18  9.49917e-06  1.67456e-18  3.07956e-06  5.06831e-19  9.40832e-07  1.01791e-19  2.73275e-07  -1.4751e-21  7.61942e-08  -1.4003e-20  2.05954e-08 -8.72705e-21  5.44462e-09 -3.83958e-21  1.41581e-09 -1.40351e-21  3.62534e-10 -4.49331e-22  9.10625e-11 -1.29128e-22  2.22748e-11 -3.37864e-23  5.26034e-12 -8.12288e-24  1.18948e-12 -1.80515e-24   2.5576e-13 -3.72159e-25  5.20113e-14 -7.13242e-26  9.96269e-15  -1.2722e-26  1.79195e-15 -2.11377e-27  3.01917e-16 -3.27357e-28  4.75526e-17 -4.72647e-29  6.98839e-18 -6.35934e-30  9.56535e-19 -7.96514e-31  1.21707e-19 -9.27384e-32  1.43654e-20 -1.00208e-32  1.56924e-21 -1.00309e-33  1.58225e-22 -9.28199e-35  1.46805e-23 -7.91877e-36  1.24894e-24 -6.20813e-37  9.70213e-26 -4.45463e-38  6.84845e-27 -2.91161e-39  4.36713e-28 -1.72375e-40  2.49838e-29 -9.18176e-42  1.27153e-30 -4.36498e-43  5.69775e-32 -1.83366e-44  2.21908e-33 -6.72143e-46  7.38812e-35 -2.11495e-47  2.05728e-36 -5.58907e-49   4.6497e-38 -1.20328e-50  8.16723e-40 -2.01726e-52  1.04167e-41 -2.44508e-54  8.55247e-44 -1.85272e-56  3.44618e-46 -5.66691e-59
 1.52171e-17 -0.000112493  5.26643e-17  -0.00109608 -1.70473e-16   0.00443434 -3.16661e-16   0.00396031  1.95625e-16   -0.0145638  5.73181e-16   -0.0132518  7.77112e-17    0.0114329 -5.34311e-16    0.0240225 -5.59489e-16    0.0132138  -1.4977e-16  -0.00438839  2.81693e-16   -0.0136514  4.60524e-16   -0.0128769  3.44011e-16  -0.00758385  9.39327e-17  -0.00267148 -9.50768e-17  8.62658e-05 -1.48495e-16    0.0010093 -1.09119e-16  0.000982127 -4.86149e-17  0.000667642 -7.58659e-18  0.000375158  8.62632e-18  0.000184786  1.00685e-17  8.21504e-05  6.63128e-18  3.35492e-05   3.2964e-18  1.27363e-05   1.3216e-18  4.53356e-06  4.30463e-19  1.52292e-06  1.08229e-19  4.85149e-07  1.59877e-20  1.47083e-07 -2.53828e-21  4.25351e-08 -3.24961e-21  1.17479e-08 -1.64941e-21  3.09956e-09 -6.34326e-22   7.8077e-10 -2.06684e-22  1.87545e-10  -5.9489e-23  4.28883e-11 -1.54479e-23  9.31964e-12 -3.66433e-24  1.92047e-12 -8.00051e-25  3.74513e-13  -1.6151e-25  6.89741e-14 -3.02251e-26  1.19725e-14 -5.25211e-27  1.95473e-15 -8.48451e-28  2.99581e-16 -1.27534e-28  4.30095e-17 -1.78428e-29   5.7716e-18 -2.32251e-30  7.22278e-19 -2.80966e-31  8.40806e-20 -3.15443e-32  9.07948e-21 -3.28128e-33  9.06658e-22 -3.15652e-34  8.34255e-23 -2.80184e-35  7.04444e-24 -2.28841e-36  5.43259e-25 -1.71381e-37  3.80467e-26 -1.17185e-38   2.4033e-27 -7.27824e-40   1.3578e-28 -4.08111e-41  6.78902e-30 -2.05098e-42  2.96308e-31 -9.15664e-44  1.10785e-32 -3.59171e-45  3.45199e-34 -1.22039e-46  8.56899e-36 -3.52539e-48  1.54803e-37 -8.44011e-50  1.52795e-39 -1.61448e-51 -9.45257e-42 -2.33123e-53 -6.02628e-43 -2.29787e-55 -8.77219e-45 -1.22824e-57 -4.13314e-47
 3.89318e-05   2.8299e-17 -0.000460254  4.81157e-17 -0.000522568 -2.09822e-16   0.00590131 -2.95802e-16  0.000908722  2.09473e-16    -0.015819  4.71931e-16   -0.0108678 -5.93897e-18    0.0123589 -5.59489e-16    0.0235959 -5.98473e-16    0.0140448 -1.92056e-16  -0.00235835  2.62964e-16   -0.0121877  4.44089e-16    -0.012939  3.17599e-16  -0.00881727  7.55702e-17  -0.00424061 -9.20515e-17  -0.00122329 -1.31935e-16   0.00014975 -9.38279e-17  0.000509036 -4.18233e-17  0.000442658 -7.93955e-18  0.000281392   5.3802e-18  0.000150419  6.95077e-18  7.11591e-05  4.66546e-18  3.05618e-05  2.34974e-18  1.20966e-05  9.64045e-19  4.45533e-06  3.30049e-19  1.53694e-06  9.34304e-20  4.98801e-07  2.04582e-20  1.52755e-07  2.46256e-21  4.42273e-08  -5.4961e-22  1.21193e-08 -5.21495e-22  3.14437e-09 -2.32685e-22  7.72366e-10 -8.01469e-23  1.79531e-10 -2.35435e-23  3.94584e-11 -6.13301e-24  8.19192e-12 -1.44501e-24  1.60457e-12 -3.11358e-25  2.96119e-13 -6.17392e-26   5.1411e-14 -1.13074e-26  8.38317e-15 -1.91734e-27  1.28154e-15 -3.01543e-28  1.83292e-16 -4.40407e-29  2.44716e-17 -5.97635e-30  3.04208e-18 -7.53253e-31  3.51063e-19 -8.80888e-32  3.74803e-20 -9.54447e-33  3.68669e-21  -9.5657e-34  3.32428e-22 -8.85109e-35   2.7305e-23 -7.54387e-36  2.02615e-24 -5.90535e-37  1.34284e-25 -4.23013e-38  7.81419e-27 -2.76023e-39  3.87966e-28 -1.63167e-40  1.55027e-29 -8.68087e-42  4.20072e-31 -4.12398e-43  4.95637e-34 -1.73257e-44 -7.92708e-34 -6.35853e-46 -5.80555e-35 -2.00618e-47 -2.68482e-36 -5.32576e-49 -9.11487e-38  -1.1543e-50 -2.31193e-39 -1.95305e-52 -4.23805e-41 -2.39626e-54 -5.13952e-43 -1.84444e-56 -3.29851e-45 -5.75323e-59
-3.92347e-18  3.90317e-05  4.52578e-17 -0.000874874  3.62716e-17  0.000705507 -2.31124e-16    0.0063788 -2.37601e-16  -0.00222844  2.32381e-16    -0.016317  3.88684e-16  -0.00860998 -8.51051e-17    0.0132138 -5.98473e-16    0.0233412  -6.2344e-16    0.0148937 -2.09342e-16 -0.000327924  2.36785e-16   -0.0104493  3.94839e-16   -0.0124829  2.65138e-16  -0.00953093  4.93045e-17  -0.00546848 -8.73241e-17  -0.00239515 -1.13139e-16 -0.000707204 -7.80764e-17 -1.71339e-05 -3.51955e-17  0.000159488 -8.13955e-18  0.000144368  2.60617e-18  8.97475e-05  4.31103e-18  4.62452e-05  3.00713e-18  2.09689e-05  1.54107e-18  8.60053e-06  6.44618e-19  3.23983e-06  2.28349e-19  1.13133e-06    6.919e-20  3.68395e-07  1.76763e-20    1.123e-07  3.57381e-21  3.21281e-08   4.3306e-22  8.63957e-09 -5.38301e-23  2.18554e-09 -5.78142e-23  5.20235e-10 -2.41465e-23  1.16503e-10 -7.63828e-24  2.45317e-11 -2.05155e-24  4.85277e-12 -4.88034e-25  9.00738e-13 -1.04899e-25  1.56634e-13 -2.05862e-26    2.547e-14 -3.71067e-27  3.86366e-15 -6.16721e-28  5.45167e-16 -9.47822e-29  7.12872e-17 -1.34964e-29    8.597e-18 -1.78219e-30   9.4992e-19 -2.18205e-31  9.52632e-20 -2.47486e-32  8.54362e-21 -2.59674e-33  6.67586e-22 -2.51667e-34  4.29829e-23 -2.24886e-35  1.92046e-24 -1.84868e-36  8.31638e-28 -1.39395e-37 -1.17117e-26 -9.60431e-39 -1.60927e-27 -6.01791e-40 -1.50065e-28 -3.40921e-41 -1.11919e-29 -1.73399e-42 -6.98389e-31 -7.85105e-44 -3.69586e-32 -3.13098e-45  -1.6583e-33 -1.08478e-46 -6.25197e-35 -3.20604e-48 -1.94679e-36 -7.88193e-50 -4.87182e-38 -1.55437e-51 -9.38383e-40 -2.32358e-53 -1.29333e-41  -2.3816e-55 -1.10377e-43 -1.32976e-57 -3.76936e-46
 2.34753e-05 -6.23414e-19 -8.88254e-05  6.50669e-17  -0.00106912  2.13773e-17   0.00223441 -2.22966e-16   0.00586009 -1.46927e-16  -0.00513333  2.73926e-16   -0.0162392  3.33205e-16  -0.00646006  -1.4977e-16    0.0140448  -6.2344e-16    0.0232563 -6.16008e-16    0.0158011 -2.05902e-16   0.00174825  1.98581e-16  -0.00842766  3.20395e-16   -0.0114944  1.97182e-16  -0.00965308   1.9187e-17  -0.00622453  -8.2907e-17   -0.0032772 -9.56004e-17  -0.00142598 -6.41139e-17 -0.000496207 -2.95515e-17 -0.000117651 -8.28578e-18  8.37901e-07  3.96388e-19  2.19159e-05  2.23774e-18  1.66129e-05  1.71291e-18  8.89337e-06  9.06133e-19  3.97992e-06   3.8693e-19  1.57207e-06  1.40484e-19  5.61798e-07  4.42948e-20  1.84051e-07  1.21722e-20  5.57042e-08  2.87243e-21   1.5647e-08  5.54248e-22  4.09004e-09  7.37631e-23  9.96189e-10   -2.301e-25   2.2614e-10 -4.31969e-24  4.78109e-11 -1.84309e-24  9.39839e-12 -5.53506e-25  1.71285e-12 -1.38477e-25  2.88133e-13 -3.04297e-26  4.44308e-14 -6.00949e-27  6.21072e-15 -1.07939e-27  7.71588e-16 -1.77631e-28  8.18066e-17 -2.69191e-29  6.63274e-18 -3.76925e-30  2.20456e-19 -4.88466e-31 -5.43692e-20 -5.86031e-32 -1.57019e-20 -6.50485e-33 -2.69667e-21 -6.67295e-34 -3.69066e-22 -6.31837e-35 -4.32302e-23 -5.51334e-36 -4.45211e-24 -4.42402e-37 -4.07766e-25 -3.25479e-38 -3.33572e-26 -2.18674e-39 -2.43779e-27 -1.33479e-40 -1.58741e-28 -7.35553e-42  -9.1641e-30 -3.63118e-43 -4.65577e-31 -1.59064e-44 -2.06067e-32  -6.1082e-46 -7.83918e-34 -2.02365e-47 -2.51687e-35 -5.66041e-49  -6.6501e-37 -1.29677e-50 -1.39411e-38 -2.32565e-52 -2.19017e-40 -3.03138e-54 -2.33061e-42 -2.48303e-56 -1.33368e-44  -8.2507e-59
-3.31283e-18  5.52199e-05  9.88243e-18 -0.000365954  8.17151e-17 -0.000824395   5.9407e-18   0.00363729 -1.85653e-16   0.00454091 -3.38628e-17  -0.00764377  3.32304e-16   -0.0157164  3.01267e-16  -0.00438839 -1.92056e-16    0.0148937 -6.16008e-16    0.0233494 -5.73749e-16    0.0168071 -1.92048e-16   0.00391427  1.46382e-16  -0.00611247  2.29685e-16  -0.00997186   1.2229e-16  -0.00914619 -1.26347e-17  -0.00642413 -8.08748e-17  -0.00375979 -8.18292e-17  -0.00190148 -5.33332e-17 -0.000845945 -2.53677e-17 -0.000333536 -8.48462e-18 -0.000116404 -1.27695e-18 -3.55167e-05   7.1096e-19  -9.1512e-06  7.71601e-19 -1.79577e-06  4.44897e-19 -1.49045e-07  1.97203e-19  8.03477e-08  7.33659e-20  5.61959e-08  2.37039e-20  2.29688e-08  6.73592e-21  7.41051e-09  1.68137e-21  2.01527e-09  3.62862e-22  4.67314e-10  6.48688e-23  9.00825e-11  8.39264e-24  1.29901e-11  2.36893e-25   6.9808e-13 -2.97866e-25 -3.74149e-13 -1.26913e-25 -1.86652e-13 -3.59575e-26 -5.72017e-14 -8.37074e-27 -1.41617e-14 -1.70074e-27 -3.04142e-15 -3.09511e-28  -5.8333e-16 -5.11711e-29 -1.01359e-16 -7.75352e-30 -1.60801e-17 -1.08251e-30 -2.33903e-18 -1.39639e-31 -3.12633e-19 -1.66565e-32  -3.8424e-20 -1.83669e-33 -4.34107e-21 -1.87074e-34 -4.50304e-22   -1.758e-35 -4.28033e-23 -1.52178e-36 -3.71822e-24 -1.21051e-37 -2.94145e-25 -8.81797e-39 -2.10987e-26 -5.85497e-40 -1.36483e-27 -3.52249e-41 -7.90973e-29 -1.90618e-42 -4.07346e-30  -9.1955e-44 -1.84536e-31 -3.91067e-45 -7.26014e-33 -1.44541e-46 -2.43977e-34 -4.55619e-48 -6.84982e-36 -1.19369e-49 -1.55787e-37 -2.50494e-51 -2.74155e-39 -3.97595e-53 -3.46298e-41 -4.31456e-55 -2.71172e-43  -2.5416e-57 -8.49082e-46
 9.05006e-06 -5.05352e-18  4.46741e-05  2.40889e-17 -0.000684828  8.77204e-17 -0.000119806 -9.22435e-18   0.00459258 -1.27824e-16   0.00267805  8.72071e-17  -0.00968957  3.94261e-16   -0.0148362  2.81693e-16  -0.00235835 -2.09342e-16    0.0158011 -5.73749e-16    0.0236361 -5.08881e-16    0.0179479 -1.81145e-16   0.00620376  7.96437e-17  -0.00350815  1.30224e-16  -0.00794356  4.59533e-17  -0.00802459 -4.54693e-17  -0.00604786 -8.27055e-17  -0.00379706 -7.30504e-17  -0.00208014 -4.61937e-17  -0.00102013 -2.27284e-17  -0.00045535 -8.77524e-18 -0.000187261  -2.4859e-18 -7.16502e-05 -3.43319e-19 -2.57258e-05  1.34683e-19 -8.73593e-06  1.35633e-19 -2.82612e-06   6.9772e-20 -8.76613e-07  2.75831e-20 -2.62047e-07   9.1546e-21 -7.57336e-08  2.62547e-21 -2.11801e-08  6.53394e-22 -5.72425e-09  1.38995e-22 -1.49047e-09  2.40841e-23 -3.72365e-10  2.86691e-24 -8.88674e-11 -1.53564e-26 -2.01756e-11 -1.40199e-25 -4.34122e-12 -5.41088e-26 -8.82511e-13 -1.47808e-26 -1.69043e-13 -3.36663e-27 -3.04408e-14 -6.73211e-28 -5.14313e-15 -1.20984e-28 -8.13791e-16 -1.97991e-29 -1.20375e-16 -2.97453e-30 -1.66154e-17  -4.1217e-31 -2.13601e-18 -5.27874e-32 -2.55213e-19 -6.25066e-33 -2.82748e-20 -6.83876e-34 -2.89703e-21 -6.90503e-35  -2.7369e-22 -6.42355e-36 -2.37584e-23 -5.49307e-37  -1.8875e-24  -4.3044e-38 -1.36596e-25 -3.07767e-39 -8.95508e-27 -1.99695e-40 -5.28365e-28 -1.16792e-41 -2.78355e-29 -6.10631e-43 -1.29681e-30 -2.82538e-44 -5.27923e-32 -1.14235e-45 -1.84959e-33 -3.97042e-47 -5.46724e-35 -1.16057e-48 -1.32725e-36 -2.76711e-50 -2.54628e-38 -5.14276e-52 -3.63748e-40  -6.9161e-54 -3.48631e-42 -5.81839e-56 -1.77193e-44 -1.97714e-58
-7.58399e-19   3.3229e-05  -5.8179e-18 -6.33639e-05  3.61073e-17 -0.000868983  7.80512e-17  0.000887098 -2.44507e-17    0.0049385 -6.13227e-17  0.000514297  1.99125e-16   -0.0112469  4.41845e-16   -0.0136514  2.62964e-16 -0.000327924 -2.05902e-16    0.0168071 -5.08881e-16    0.0241335 -4.41742e-16    0.0192473 -1.85768e-16   0.00862574 -1.10453e-18 -0.000652777  2.74347e-17  -0.00548664 -2.87046e-17   -0.0063692 -7.89653e-17  -0.00515303 -8.86812e-17   -0.0034168 -6.91158e-17  -0.00196873 -4.22921e-17  -0.00101563 -2.13513e-17 -0.000477754 -9.09462e-18 -0.000207488 -3.29445e-18 -8.39515e-05 -1.01167e-18  -3.1862e-05 -2.58701e-19 -1.14016e-05 -5.23301e-20 -3.86155e-06 -7.01145e-21 -1.24114e-06  2.28734e-23 -3.79189e-07  3.25701e-22 -1.10204e-07  8.15281e-23 -3.04695e-08 -7.04251e-24 -8.00982e-09  -1.5003e-23 -2.00012e-09 -7.90805e-24 -4.73837e-10 -2.95568e-24  -1.0635e-10 -9.07769e-25 -2.25803e-11 -2.42201e-25 -4.52844e-12 -5.77096e-26 -8.56487e-13 -1.24654e-26 -1.52535e-13 -2.46161e-27 -2.55391e-14 -4.46735e-28 -4.01343e-15 -7.47892e-29 -5.90953e-16 -1.15841e-29 -8.13804e-17 -1.66335e-30 -1.04605e-17 -2.21598e-31 -1.25227e-18 -2.73815e-32 -1.39285e-19 -3.13426e-33 -1.43543e-20  -3.3177e-34 -1.36642e-21 -3.24068e-35 -1.19723e-22 -2.91355e-36 -9.61575e-24  -2.4034e-37 -7.04593e-25 -1.81186e-38 -4.68402e-26 -1.24211e-39 -2.80639e-27 -7.69593e-41 -1.50337e-28 -4.27744e-42 -7.13108e-30 -2.11332e-43 -2.95917e-31 -9.17684e-45  -1.0579e-32 -3.45248e-46 -3.19344e-34 -1.10434e-47 -7.92086e-36 -2.92732e-49 -1.55264e-37 -6.19783e-51 -2.26565e-39 -9.89894e-53 -2.22168e-41 -1.07812e-54 -1.18445e-43 -6.35853e-57 -1.74118e-46
 1.97423e-06 -3.65433e-18  5.53551e-05  -5.7412e-18 -0.000267058  4.01244e-17 -0.000779696  5.18824e-17   0.00195693 -4.01199e-17   0.00464922  2.26606e-18  -0.00174614  2.85442e-16   -0.0123102  4.60524e-16   -0.0121877  2.36785e-16   0.00174825 -1.92048e-16    0.0179479 -4.41742e-16    0.0248497 -3.92809e-16    0.0207029 -2.14288e-16    0.0111477 -9.37581e-17   0.00236433 -7.44549e-17  -0.00273925  -9.9382e-17  -0.00433157 -1.12036e-16  -0.00387085 -9.76452e-17  -0.00271435 -6.87059e-17  -0.00162779 -4.05948e-17 -0.000867155  -2.0703e-17 -0.000419106 -9.29969e-18 -0.000186232 -3.74318e-18 -7.67723e-05 -1.37316e-18 -2.95484e-05 -4.67365e-19 -1.06663e-05 -1.50244e-19  -3.6227e-06 -4.63426e-20 -1.16025e-06 -1.38791e-20 -3.50897e-07   -4.065e-21 -1.00292e-07 -1.16662e-21 -2.70986e-08  -3.2683e-22  -6.9214e-09 -8.86143e-23 -1.67052e-09 -2.30088e-23 -3.80779e-10 -5.66863e-24 -8.19075e-11 -1.31683e-24 -1.66117e-11 -2.87412e-25 -3.17318e-12 -5.88208e-26  -5.7025e-13 -1.12711e-26 -9.62868e-14 -2.01949e-27  -1.5254e-14 -3.37982e-28 -2.26378e-15 -5.27971e-29 -3.14163e-16 -7.69412e-30 -4.06901e-17 -1.04531e-30 -4.90764e-18 -1.32242e-31 -5.49803e-19 -1.55529e-32 -5.70472e-20 -1.69684e-33 -5.46389e-21 -1.71305e-34 -4.81188e-22 -1.59576e-35 -3.87861e-23 -1.36715e-36 -2.84576e-24 -1.07311e-37 -1.88791e-25 -7.68129e-39 -1.12311e-26 -4.98588e-40 -5.92813e-28 -2.91478e-41 -2.73747e-29 -1.52205e-42 -1.08415e-30 -7.02734e-44 -3.57142e-32 -2.83243e-45 -9.26432e-34 -9.80406e-47 -1.66095e-35 -2.85126e-48 -1.03425e-37 -6.75785e-50  4.76489e-39 -1.24749e-51  1.84318e-40 -1.66499e-53  3.15383e-42 -1.38902e-55  2.51606e-44 -4.67731e-58
-4.09583e-19  1.38039e-05 -7.98909e-18  3.76225e-05 -5.53422e-18 -0.000492002  3.23989e-17 -0.000381955  1.24261e-17   0.00285863  -5.5828e-17   0.00378937   5.3502e-17   -0.0039373  3.34828e-16   -0.0128769  4.44089e-16   -0.0104493  1.98581e-16   0.00391427 -1.81145e-16    0.0192473 -3.92809e-16    0.0257693 -3.76336e-16    0.0222697 -2.68768e-16    0.0136809 -1.93854e-16   0.00539384 -1.71045e-16  0.000100782 -1.63282e-16  -0.00212134 -1.42396e-16  -0.00238631 -1.07271e-16   -0.0018305 -6.98092e-17   -0.0011522 -3.97956e-17 -0.000632409  -2.0178e-17 -0.000311554 -9.23136e-18 -0.000140056 -3.86233e-18 -5.80542e-05 -1.49652e-18 -2.23448e-05 -5.42865e-19 -8.02489e-06 -1.85884e-19 -2.69834e-06 -6.03949e-20 -8.51489e-07 -1.86727e-20 -2.52567e-07 -5.50137e-21 -7.04903e-08 -1.54516e-21 -1.85216e-08 -4.13448e-22 -4.58259e-09 -1.05204e-22 -1.06753e-09 -2.53932e-23 -2.34064e-10 -5.79913e-24 -4.82754e-11 -1.25043e-24 -9.35875e-12 -2.54159e-25 -1.70368e-12 -4.86286e-26 -2.90889e-13 -8.74579e-27 -4.65185e-14 -1.47634e-27 -6.95613e-15 -2.33585e-28 -9.70763e-16 -3.45953e-29 -1.26145e-16  -4.7902e-30 -1.52214e-17 -6.19212e-31 -1.70003e-18 -7.45955e-32  -1.7504e-19 -8.35687e-33 -1.65324e-20 -8.68442e-34 -1.42321e-21  -8.3476e-35  -1.1071e-22  -7.3977e-36 -7.68694e-24  -6.0218e-37 -4.67344e-25 -4.48285e-38 -2.40415e-26 -3.03614e-39 -9.68984e-28 -1.85919e-40 -2.31153e-29 -1.02161e-41  4.92771e-31 -4.99135e-43   9.9016e-32 -2.14375e-44  6.98044e-33 -7.97782e-46  3.42307e-34 -2.52434e-47   1.2805e-35 -6.61936e-49  3.69226e-37 -1.38641e-50  7.99609e-39 -2.19048e-52  1.22023e-40 -2.35983e-54  1.14169e-42 -1.37652e-56  4.24711e-45
