  0.00544405  8.02875e-18   -0.0122743 -1.80928e-17   0.00226319 -1.47045e-16   0.00307415  1.45016e-16   0.00101388  4.65885e-17 -8.34536e-05 -6.45482e-17 -0.000294444  7.85395e-18 -0.000200846  8.39208e-18 -9.03116e-05 -3.85088e-18 -2.84565e-05 -2.81698e-18 -4.20416e-06 -4.48946e-21  2.18313e-06  6.58886e-19  2.48889e-06  3.64942e-19  1.55178e-06  8.33425e-20  7.75847e-07 -1.80205e-20  3.40661e-07 -3.24135e-20  1.36491e-07 -2.26544e-20  5.09505e-08 -1.15676e-20  1.79514e-08 -4.75119e-21  6.02229e-09 -1.57961e-21  1.93529e-09 -4.09467e-22  5.98029e-10 -7.34293e-23  1.78065e-10 -4.49362e-24  5.11106e-11  1.85694e-24  1.41304e-11  2.63339e-25   3.7559e-12 -3.72132e-25  9.57459e-13  -2.9866e-25  2.33428e-13 -1.41178e-25  5.42687e-14 -5.22238e-26  1.19966e-14 -1.63871e-26  2.51465e-15 -4.51388e-27  4.98482e-16 -1.11409e-27  9.32046e-17 -2.49807e-28  1.63942e-17 -5.12936e-29   2.7051e-18  -9.6882e-30  4.17398e-19 -1.69008e-30  6.00018e-20 -2.73539e-31  7.99789e-21 -4.12312e-32  9.82252e-22 -5.79911e-33  1.10127e-22 -7.61289e-34  1.11069e-23 -9.32661e-35  9.81056e-25 -1.06646e-35  7.15174e-26 -1.13825e-36  3.54213e-27 -1.13319e-37 -3.08781e-29 -1.05082e-38 -3.61287e-29 -9.06099e-40  -5.7671e-30 -7.25179e-41 -6.54167e-31 -5.37462e-42 -6.10873e-32  -3.6773e-43 -4.91254e-33 -2.31331e-44 -3.46192e-34 -1.33165e-45 -2.15125e-35 -6.97659e-47 -1.17914e-36 -3.30511e-48 -5.68013e-38 -1.40443e-49 -2.38809e-39 -5.29817e-51 -8.67245e-41 -1.75171e-52 -2.68151e-42 -4.99285e-54 -6.92096e-44 -1.20028e-55 -1.45038e-45  -2.3604e-57 -2.37031e-47 -3.62814e-59 -2.83635e-49 -4.04523e-61 -2.22407e-51 -2.82748e-63 -8.91164e-54 -7.99837e-66
 8.02875e-18    0.0229125  9.01598e-17   -0.0259557 -1.72001e-16  -0.00281299 -2.36709e-16   0.00515685  2.54464e-16   0.00344833  1.71255e-17  0.000942491 -3.76657e-17 -0.000178607  1.49292e-17 -0.000366795  2.71906e-18 -0.000250431 -8.64526e-18  -0.00012083 -4.44609e-18 -4.51666e-05  6.98805e-20 -1.23915e-05  1.12953e-18  -1.4433e-06  6.73402e-19  1.02319e-06  1.75462e-19  1.00712e-06 -4.19629e-20   5.8848e-07 -8.30885e-20   2.8047e-07 -6.07926e-20  1.18156e-07 -3.21503e-20  4.54978e-08 -1.38246e-20  1.62915e-08 -5.04688e-21  5.47752e-09  -1.6078e-21  1.73902e-09 -4.62029e-22  5.22968e-10  -1.2737e-22   1.4918e-10 -3.71598e-23  4.03758e-11 -1.21634e-23   1.0362e-11 -4.23328e-24  2.51849e-12  -1.4377e-24  5.78695e-13 -4.55742e-25  1.25434e-13 -1.33046e-25  2.55774e-14  -3.5652e-26   4.8902e-15 -8.77544e-27  8.72926e-16 -1.99099e-27  1.44656e-16 -4.17873e-28  2.20722e-17 -8.12822e-29   3.0615e-18 -1.46678e-29   3.7733e-19 -2.46032e-30  3.93785e-20 -3.84699e-31  3.02013e-21 -5.62118e-32  4.86574e-23 -7.68317e-33 -3.97857e-23 -9.82113e-34 -1.02391e-23  -1.1735e-34 -1.75692e-24 -1.31032e-35 -2.47224e-25 -1.36653e-36 -3.02435e-26 -1.32948e-37  -3.2932e-27 -1.20449e-38 -3.22648e-28 -1.01416e-39 -2.85778e-29 -7.91814e-41 -2.29138e-30 -5.71682e-42 -1.66157e-31 -3.80298e-43 -1.08668e-32 -2.32046e-44 -6.38194e-34 -1.29189e-45 -3.34524e-35 -6.52301e-47 -1.55248e-36 -2.96532e-48 -6.31192e-38 -1.20264e-49   -2.217e-39 -4.30175e-51 -6.60092e-41 -1.33743e-52 -1.62172e-42  -3.5464e-54 -3.15495e-44  -7.8167e-56 -4.52465e-46 -1.38017e-57 -4.07466e-48  -1.8433e-59  -1.0469e-50 -1.68272e-61  1.87338e-52 -8.33531e-64  1.30078e-54
  -0.0122743  9.01598e-17    0.0462651  2.63206e-16    -0.030792 -3.78174e-16   -0.0129116 -2.24205e-16   0.00329885   1.9894e-16   0.00545456  2.29787e-17    0.0028182  1.08644e-17  0.000657278  2.15729e-17 -0.000206613 -3.89464e-18 -0.000332279 -1.24259e-17 -0.000228006 -5.65455e-18 -0.000116502  4.88864e-20 -4.90653e-05  1.46611e-18  -1.7451e-05  9.01832e-19 -5.12873e-06  2.04835e-19 -1.10643e-06 -1.20573e-19 -6.29139e-08 -1.72207e-19  1.01584e-07  -1.2145e-19  7.52907e-08 -6.45243e-20  3.69824e-08 -2.86555e-20  1.50886e-08  -1.1167e-20  5.44817e-09 -3.94504e-21  1.78723e-09 -1.30006e-21  5.39294e-10 -4.11799e-22  1.50551e-10 -1.28635e-22  3.89496e-11 -3.98733e-23   9.3254e-12 -1.20807e-23   2.0566e-12 -3.50683e-24  4.13938e-13 -9.62836e-25  7.47126e-14 -2.48386e-25  1.16558e-14 -5.99823e-26   1.4251e-15 -1.35402e-26  8.31192e-17 -2.85808e-27 -2.11808e-17 -5.64305e-28 -1.01206e-17 -1.04156e-28 -2.72833e-18 -1.79608e-29 -5.88331e-19 -2.89511e-30 -1.09998e-19 -4.36842e-31 -1.83961e-20 -6.17749e-32 -2.79306e-21 -8.18804e-33 -3.87957e-22 -1.01656e-33 -4.94954e-23 -1.18119e-34 -5.81033e-24 -1.28348e-35 -6.27805e-25 -1.30274e-36 -6.23854e-26 -1.23308e-37 -5.69114e-27 -1.08613e-38 -4.75324e-28 -8.88194e-40 -3.62102e-29 -6.72553e-41 -2.50369e-30 -4.70031e-42 -1.56106e-31 -3.01953e-43 -8.70166e-33  -1.7743e-44 -4.28495e-34 -9.48218e-46 -1.83175e-35 -4.57791e-47  -6.6082e-37 -1.98043e-48 -1.90593e-38 -7.59903e-50 -3.81024e-40 -2.55313e-51 -1.88871e-42 -7.38785e-53  2.26206e-43 -1.80121e-54  1.12515e-44 -3.58868e-56  3.10621e-46 -5.58323e-58  5.63686e-48 -6.29509e-60  6.47558e-50 -4.44552e-62  3.84085e-52 -1.26937e-64
-1.80928e-17   -0.0259557  2.63206e-16    0.0610113  4.06629e-16   -0.0237922 -4.38723e-16   -0.0215574 -2.17741e-16  -0.00219442  7.41474e-17   0.00528197  4.27503e-17   0.00446821  5.03383e-17   0.00198953  2.70658e-17  0.000412626 -6.28305e-18 -0.000169074 -1.31159e-17 -0.000245509 -5.58345e-18  -0.00017031  3.90846e-19 -9.09342e-05  1.77426e-18 -4.14071e-05  9.83171e-19 -1.67587e-05  9.64834e-20 -6.15948e-06 -2.86943e-19 -2.08323e-06 -3.07323e-19 -6.54847e-07  -2.0464e-19  -1.9321e-07 -1.07878e-19 -5.41894e-08 -4.87815e-20 -1.47161e-08 -1.97038e-20 -3.96842e-09 -7.28889e-21 -1.09221e-09 -2.51512e-21 -3.12219e-10 -8.22239e-22 -9.23773e-11 -2.57362e-22 -2.76762e-11 -7.72443e-23 -8.17135e-12 -2.21067e-23 -2.32568e-12 -5.99323e-24  -6.2901e-13 -1.53272e-24 -1.60354e-13 -3.68914e-25 -3.83681e-14  -8.3465e-26 -8.59832e-15 -1.77465e-26 -1.80288e-15 -3.54724e-27 -3.53498e-16 -6.66407e-28 -6.47885e-17 -1.17549e-28 -1.10941e-17 -1.94504e-29 -1.77379e-18 -3.01877e-30 -2.64578e-19 -4.39687e-31 -3.67748e-20 -6.01149e-32 -4.75605e-21 -7.71171e-33 -5.71236e-22 -9.27332e-34 -6.35639e-23 -1.04416e-34 -6.53278e-24 -1.09956e-35 -6.17684e-25 -1.08122e-36 -5.34529e-26 -9.90782e-38 -4.20406e-27  -8.4407e-39 -2.97519e-28 -6.66767e-40 -1.86564e-29 -4.86915e-41 -1.00941e-30 -3.27511e-42  -4.4585e-32    -2.02e-43 -1.36344e-33 -1.13636e-44 -2.96936e-36 -5.79447e-46  3.32203e-36 -2.65843e-47  2.95508e-37 -1.08742e-48  1.71505e-38 -3.92091e-50  7.68116e-40 -1.22825e-51  2.75952e-41 -3.27995e-53  7.97031e-43 -7.27709e-55  1.81796e-44  -1.2928e-56  3.15237e-46 -1.73655e-58  3.87465e-48 -1.59384e-60  2.92623e-50 -7.93482e-63  8.78331e-53
  0.00226319 -1.72001e-16    -0.030792  4.06629e-16    0.0614594  4.43201e-16   -0.0116423  -3.4931e-16    -0.024953 -2.43726e-16   -0.0085391 -2.69155e-17    0.0028388  5.12661e-17   0.00497409  6.74999e-17   0.00322815  2.97873e-17   0.00132164 -4.03096e-18   0.00027398 -9.88937e-18 -9.57397e-05 -3.20159e-18 -0.000147526  1.69855e-18  -0.00010497  2.23264e-18 -5.78767e-05  9.27481e-19 -2.75313e-05 -1.55877e-19 -1.18077e-05 -5.34627e-19  -4.6764e-06 -4.78512e-19 -1.73655e-06 -3.02741e-19 -6.11129e-07 -1.57491e-19 -2.05398e-07 -7.15289e-20 -6.62836e-08 -2.92532e-20 -2.06052e-08 -1.09705e-20 -6.17828e-09  -3.8212e-21 -1.78608e-09 -1.24883e-21 -4.96963e-10 -3.85432e-22  -1.3274e-10  -1.1251e-22 -3.39329e-11 -3.10097e-23 -8.27608e-12 -8.05318e-24 -1.92008e-12 -1.96826e-24  -4.2259e-13 -4.52494e-25 -8.80125e-14 -9.78512e-26 -1.73067e-14 -1.99149e-26 -3.20636e-15 -3.81649e-27 -5.58529e-16 -6.88536e-28 -9.12859e-17 -1.16837e-28 -1.39671e-17 -1.86323e-29 -1.99548e-18 -2.79155e-30 -2.65407e-19 -3.92925e-31 -3.27393e-20 -5.19447e-32 -3.72729e-21 -6.44481e-33 -3.89008e-22 -7.49608e-34 -3.68519e-23 -8.16328e-35 -3.11859e-24 -8.31109e-36 -2.28925e-25 -7.89603e-37 -1.36344e-26 -6.98451e-38 -5.21192e-28 -5.73746e-39  1.01963e-29 -4.36416e-40  4.51808e-30  -3.0635e-41  5.56434e-31 -1.97658e-42  4.96316e-32 -1.16648e-43  3.62792e-33 -6.26046e-45  2.25738e-34 -3.03485e-46  1.21115e-35 -1.31797e-47  5.61348e-37 -5.07578e-49  2.23656e-38 -1.71147e-50   7.5808e-40 -4.96981e-52  2.15042e-41 -1.21585e-53  4.98331e-43 -2.43063e-55  9.09993e-45 -3.79418e-57  1.23684e-46 -4.29216e-59  1.13048e-48 -3.04109e-61  5.51163e-51 -8.71156e-64
-1.47045e-16  -0.00281299 -3.78174e-16   -0.0237922  4.43201e-16    0.0535703  4.17839e-16  -0.00116002 -2.27145e-16   -0.0238474 -2.58822e-16   -0.0135193 -7.85455e-17 -0.000837002  4.28083e-17   0.00412596  6.28529e-17   0.00386717  2.79061e-17   0.00219139  6.88051e-19   0.00087831 -3.29099e-18  0.000215001  1.59558e-18 -2.06221e-05  4.04304e-18 -6.47176e-05  2.86295e-18 -4.98676e-05  7.66867e-19  -2.8427e-05 -5.08902e-19 -1.38122e-05 -8.27539e-19  -6.0187e-06  -6.6213e-19 -2.41131e-06 -4.01574e-19  -9.0082e-07 -2.05249e-19 -3.16496e-07 -9.25461e-20 -1.05126e-07 -3.76989e-20 -3.31109e-08  -1.4071e-20 -9.90343e-09 -4.86155e-21 -2.81394e-09  -1.5673e-21 -7.59236e-10 -4.73908e-22 -1.94339e-10 -1.34672e-22 -4.71287e-11 -3.59734e-23  -1.0811e-11 -9.03068e-24 -2.34163e-12 -2.13059e-24 -4.77943e-13 -4.72536e-25 -9.17195e-14 -9.85796e-26 -1.65062e-14 -1.93604e-26 -2.77698e-15 -3.58137e-27 -4.35044e-16 -6.23903e-28 -6.31322e-17 -1.02286e-28 -8.42341e-18 -1.57703e-29 -1.02151e-18 -2.28568e-30 -1.10384e-19 -3.11314e-31 -1.02114e-20 -3.98234e-32 -7.26823e-22    -4.78e-33 -2.22094e-23 -5.37703e-34  4.29278e-24 -5.66072e-35  1.10893e-24 -5.56779e-36  1.67653e-25 -5.10598e-37  2.01596e-26 -4.35512e-38  2.07483e-27 -3.44539e-39  1.87871e-28 -2.52012e-40  1.51427e-29   -1.698e-41  1.09134e-30 -1.04923e-42  7.03551e-32 -5.91448e-44  4.04712e-33 -3.02244e-45  2.06747e-34 -1.38976e-46  9.31347e-36 -5.69771e-48  3.66432e-37 -2.05922e-49  1.24323e-38  -6.4664e-51   3.5762e-40 -1.73122e-52  8.52348e-42 -3.85122e-54  1.62959e-43 -6.86073e-56  2.38146e-45  -9.2421e-58  2.45816e-47 -8.50781e-60  1.53803e-49 -4.24842e-62  3.72079e-52
  0.00307415 -2.36709e-16   -0.0129116 -4.38723e-16   -0.0116423  4.17839e-16    0.0449505  3.81648e-16   0.00560571 -1.38135e-16   -0.0205712  -2.3863e-16   -0.0165026 -9.45301e-17  -0.00467079  1.99061e-17   0.00223666  4.11842e-17   0.00369545  1.96816e-17     0.002723  4.82957e-18   0.00144749  4.53064e-18   0.00059996  7.35682e-18  0.000186692  6.60216e-18  3.07732e-05  3.33657e-18 -1.10047e-05  4.33498e-19  -1.4203e-05  -9.4307e-19 -9.07706e-06 -1.13518e-18 -4.57057e-06 -8.35315e-19 -1.99857e-06 -4.86696e-19 -7.88176e-07  -2.4295e-19 -2.85597e-07 -1.07689e-19  -9.6055e-08 -4.32008e-20 -3.01594e-08 -1.58718e-20 -8.86794e-09 -5.38804e-21 -2.44533e-09  -1.7018e-21 -6.32482e-10 -5.02409e-22 -1.53318e-10 -1.38969e-22 -3.47701e-11 -3.60556e-23 -7.35606e-12 -8.78013e-24 -1.44563e-12 -2.00791e-24 -2.62195e-13 -4.31503e-25 -4.34377e-14 -8.72142e-26 -6.45623e-15 -1.65936e-26 -8.30362e-16  -2.9734e-27 -8.41655e-17 -5.01725e-28 -4.29955e-18 -7.96774e-29  7.44762e-19 -1.19016e-29  3.04423e-19 -1.67133e-30  6.72033e-20 -2.20538e-31  1.17492e-20 -2.73231e-32  1.76993e-21   -3.175e-33  2.37176e-22 -3.45589e-34  2.86904e-23  -3.5181e-35   3.1558e-24 -3.34334e-36  3.16704e-25  -2.9594e-37  2.90277e-26 -2.43354e-38  2.42841e-27 -1.85347e-39  1.85078e-28 -1.30301e-40  1.28111e-29 -8.42111e-42  8.02028e-31 -4.97906e-43  4.51645e-32 -2.67784e-44  2.27196e-33 -1.30107e-45  1.01204e-34 -5.66379e-47  3.94779e-36 -2.18667e-48   1.3293e-37 -7.39218e-50   3.7907e-39 -2.15236e-51  8.91727e-41 -5.28048e-53  1.66552e-42 -1.05869e-54  2.32461e-44 -1.65753e-56  2.17014e-46 -1.88081e-58  1.03103e-48 -1.33674e-60 -4.94351e-53 -3.84122e-63
 1.45016e-16   0.00515685 -2.24205e-16   -0.0215574  -3.4931e-16  -0.00116002  3.81648e-16     0.038748  3.36384e-16   0.00957732 -8.25118e-17   -0.0167582  -1.9414e-16   -0.0177844 -9.84557e-17  -0.00802354 -1.60526e-17 -0.000225972  5.73808e-18   0.00275812  3.45287e-18   0.00274575   4.8057e-18   0.00179536  9.90717e-18  0.000934139  1.12975e-17  0.000409585  7.80387e-18  0.000153845  2.97773e-18   4.8897e-05 -2.93173e-19  1.23425e-05 -1.50677e-18  1.85223e-06 -1.45645e-18 -3.30874e-07 -9.87958e-19 -4.33357e-07 -5.49906e-19  -2.3449e-07 -2.65916e-19  -9.7188e-08 -1.14842e-19  -3.4307e-08 -4.49864e-20 -1.06868e-08 -1.61486e-20 -2.97365e-09 -5.35425e-21 -7.38411e-10 -1.64983e-21 -1.61261e-10  -4.7445e-22 -2.97316e-11 -1.27663e-22 -4.07258e-12 -3.21908e-23 -1.54674e-13 -7.61425e-24  1.45997e-13 -1.69083e-24  6.84682e-14 -3.52783e-25  2.09916e-14 -6.92238e-26  5.29058e-15 -1.27851e-26  1.16835e-15 -2.22344e-27  2.32202e-16 -3.64051e-28  4.20942e-17 -5.60933e-29  7.01246e-18 -8.12886e-30  1.07808e-18 -1.10733e-30   1.5331e-19 -1.41697e-31  2.01881e-20 -1.70169e-32  2.46199e-21 -1.91571e-33  2.77901e-22 -2.01882e-34  2.89981e-23 -1.98816e-35  2.79204e-24 -1.82603e-36   2.4744e-25 -1.56032e-37  2.01201e-26 -1.23695e-38  1.49512e-27 -9.06807e-40  1.01027e-28 -6.12457e-41  6.16879e-30 -3.79412e-42  3.37666e-31 -2.14451e-43  1.63961e-32 -1.09901e-44  6.96151e-34  -5.0682e-46  2.53053e-35 -2.08403e-47  7.60826e-37 -7.55443e-49   1.7677e-38 -2.37936e-50  2.60777e-40 -6.38928e-52 -2.66198e-43 -1.42559e-53 -1.46511e-43 -2.54714e-55 -4.60262e-45 -3.44132e-57 -7.92967e-47 -3.17708e-59 -7.60388e-49   -1.591e-61 -2.75832e-51
  0.00101388  2.54464e-16   0.00329885 -2.17741e-16    -0.024953 -2.27145e-16   0.00560571  3.36384e-16    0.0348007  2.76491e-16    0.0120294 -4.34778e-17   -0.0130801 -1.47095e-16   -0.0178537 -1.08426e-16   -0.0106372  -6.5161e-17  -0.00284891 -4.15414e-17   0.00124255 -2.21895e-17   0.00222808 -3.21683e-18   0.00180266  8.59375e-18   0.00110334  1.02803e-17  0.000570238  5.91877e-18  0.000260541  1.02734e-18  0.000107952 -1.68751e-18  4.12679e-05 -2.28165e-18  1.47594e-05 -1.80943e-18  5.00295e-06  -1.1216e-18  1.62822e-06 -5.90435e-19  5.15254e-07 -2.73993e-19  1.60236e-07  -1.1434e-19  4.92731e-08  -4.3432e-20   1.4983e-08 -1.51472e-20  4.48026e-09 -4.88372e-21   1.3057e-09 -1.46352e-21  3.67335e-10 -4.09198e-22  9.89249e-11 -1.07018e-22  2.53363e-11 -2.62231e-23  6.14234e-12 -6.02706e-24  1.40496e-12  -1.3005e-24   3.0252e-13 -2.63681e-25  6.12235e-14  -5.0281e-26  1.16312e-14 -9.02399e-27   2.0722e-15 -1.52472e-27  3.45869e-16 -2.42501e-28  5.40275e-17 -3.62886e-29  7.88928e-18 -5.10648e-30  1.07545e-18 -6.75284e-31  1.36637e-19 -8.38512e-32  1.61486e-20 -9.76648e-33  1.77117e-21 -1.06565e-33   1.7976e-22 -1.08759e-34  1.68223e-23 -1.03631e-35  1.44503e-24 -9.19883e-37  1.13276e-25 -7.58669e-38  8.04006e-27 -5.79612e-39  5.10999e-28 -4.08758e-40  2.85896e-29 -2.65011e-41  1.36696e-30 -1.57191e-42  5.24501e-32 -8.48124e-44  1.32361e-33 -4.13395e-45 -5.70037e-36 -1.80523e-46 -3.11443e-36 -6.99079e-48 -2.21326e-37 -2.37017e-49  -1.0482e-38 -6.92032e-51 -3.77426e-40 -1.70226e-52 -1.05778e-41 -3.42131e-54   -2.274e-43 -5.36892e-56 -3.58378e-45 -6.10524e-58 -3.76885e-47 -4.34778e-60 -2.10944e-49 -1.25164e-62
 4.65885e-17   0.00344833   1.9894e-16  -0.00219442 -2.43726e-16   -0.0238474 -1.38135e-16   0.00957732  2.76491e-16    0.0322223  2.17723e-16    0.0137222  -7.7795e-18   -0.0097023 -1.10656e-16   -0.0170981 -1.31625e-16   -0.0124566 -1.25089e-16  -0.00532519 -9.78474e-17 -0.000608867 -5.77825e-17   0.00125051 -2.22113e-17   0.00143961 -2.62715e-18   0.00104117  2.12526e-18  0.000608633 -1.42576e-19  0.000310197 -2.93835e-18  0.000142843 -3.87689e-18  6.06824e-05 -3.29483e-18  2.41105e-05 -2.19739e-18  9.04536e-06  -1.2375e-18  3.22547e-06 -6.10679e-19  1.09791e-06 -2.69701e-19   3.5757e-07  -1.0799e-19    1.115e-07 -3.95508e-20  3.32707e-08 -1.33408e-20  9.48653e-09 -4.16809e-21   2.5797e-09 -1.21166e-21  6.67611e-10 -3.28828e-22  1.64074e-10 -8.35038e-23  3.82154e-11 -1.98737e-23  8.41987e-12  -4.4378e-24  1.75182e-12 -9.30578e-25  3.43628e-13 -1.83402e-25  6.34485e-14 -3.39991e-26  1.10104e-14 -5.93189e-27  1.79273e-15 -9.74218e-28  2.73379e-16 -1.50579e-28  3.89629e-17 -2.18936e-29  5.17732e-18 -2.99261e-30  6.39476e-19 -3.84269e-31  7.31409e-20 -4.63083e-32  7.70811e-21 -5.23132e-33  7.43372e-22  -5.5319e-34  6.49469e-23 -5.46654e-35  5.05816e-24 -5.03788e-36  3.40971e-25  -4.3195e-37  1.86164e-26 -3.43595e-38  6.54218e-28 -2.52735e-39 -1.06566e-29 -1.71255e-40 -4.51828e-30 -1.06424e-41 -5.01909e-31 -6.03345e-43 -3.99689e-32 -3.10086e-44 -2.58399e-33 -1.43384e-45 -1.40678e-34 -5.91049e-47 -6.51811e-36 -2.14728e-48 -2.56634e-37 -6.77638e-50 -8.50336e-39 -1.82272e-51 -2.32975e-40 -4.07263e-53  -5.1341e-42 -7.28492e-55 -8.71371e-44 -9.85082e-57 -1.05866e-45 -9.09998e-59 -7.96575e-48 -4.55872e-61 -2.39826e-50
-8.34536e-05  1.71255e-17   0.00545456  7.41474e-17   -0.0085391 -2.58822e-16   -0.0205712 -8.25118e-17    0.0120294  2.17723e-16    0.0304289  1.85563e-16    0.0150206  3.41253e-17  -0.00661424 -8.56013e-17   -0.0157691 -1.64569e-16   -0.0135047  -1.8914e-16  -0.00743646 -1.58542e-16  -0.00254403 -1.02163e-16 -2.80329e-05 -5.28069e-17  0.000764412 -2.44288e-17  0.000747107 -1.33207e-17  0.000504231 -1.01955e-17  0.000282534 -8.66952e-18  0.000139728 -6.67913e-18  6.27983e-05 -4.44923e-18  2.60761e-05 -2.58138e-18  1.01059e-05 -1.32566e-18  3.67909e-06  -6.1119e-19   1.2632e-06 -2.55655e-19  4.09998e-07 -9.77665e-20  1.25943e-07 -3.43865e-20  3.66258e-08 -1.11811e-20  1.00812e-08 -3.37608e-21  2.62466e-09 -9.50098e-22   6.4576e-10 -2.49897e-22  1.49978e-10  -6.1555e-23  3.28395e-11 -1.42193e-23  6.76956e-12 -3.08342e-24  1.31166e-12 -6.28164e-25  2.38433e-13 -1.20316e-25  4.05725e-14 -2.16805e-26  6.44493e-15 -3.67687e-27  9.52332e-16 -5.86909e-28  1.30278e-16 -8.81493e-29  1.63879e-17 -1.24508e-29   1.8761e-18 -1.65272e-30  1.92101e-19 -2.05991e-31  1.70116e-20 -2.40807e-32   1.1996e-21 -2.63689e-33  4.76278e-23 -2.70044e-34 -3.37576e-24 -2.58159e-35 -1.07555e-24 -2.29873e-36 -1.59047e-25 -1.90154e-37 -1.80332e-26 -1.45685e-38 -1.72418e-27  -1.0301e-39 -1.43682e-28  -6.6944e-41 -1.05762e-29 -3.97924e-42 -6.90871e-31 -2.15099e-43  -4.0042e-32  -1.0501e-44 -2.05176e-33 -4.59147e-46 -9.23407e-35 -1.77973e-47 -3.61544e-36 -6.03762e-49 -1.21533e-37 -1.76324e-50 -3.44462e-39 -4.33665e-52 -8.02726e-41 -8.71183e-54 -1.48275e-42 -1.36597e-55 -2.05012e-44 -1.55152e-57 -1.91725e-46  -1.1033e-59  -9.6241e-49 -3.17076e-62
-6.45482e-17  0.000942491  2.29787e-17   0.00528197 -2.69155e-17   -0.0135193  -2.3863e-16   -0.0167582 -4.34778e-17    0.0137222  1.85563e-16    0.0291431  1.97059e-16    0.0161115  8.85457e-17  -0.00375503 -6.47602e-17   -0.0140139 -1.97004e-16   -0.0138202 -2.47888e-16  -0.00902326  -2.1764e-16  -0.00432142  -1.5188e-16  -0.00140186 -9.23226e-17 -9.45573e-05 -5.42474e-17  0.000284484 -3.38377e-17  0.000282006 -2.26405e-17  0.000185028 -1.51995e-17  9.98843e-05 -9.59778e-18  4.73673e-05 -5.52828e-18  2.03196e-05 -2.88323e-18  8.00993e-06 -1.36489e-18  2.92833e-06 -5.89465e-19  9.98453e-07 -2.33417e-19  3.18587e-07 -8.51172e-20  9.53167e-08 -2.86967e-20   2.6764e-08 -8.97832e-21   7.0541e-09 -2.61565e-21  1.74436e-09 -7.11596e-22  4.04277e-10 -1.81189e-22  8.76683e-11 -4.32507e-23  1.77449e-11 -9.68977e-24  3.34095e-12 -2.03915e-24  5.82153e-13 -4.03358e-25  9.31604e-14 -7.50413e-26    1.352e-14 -1.31365e-26  1.73891e-15 -2.16432e-27  1.88529e-16 -3.35569e-28  1.48014e-17 -4.89427e-29  1.58871e-19 -6.71081e-30 -2.38333e-19 -8.64356e-31 -6.23552e-20 -1.04473e-31 -1.11309e-20 -1.18352e-32 -1.64026e-21 -1.25479e-33 -2.10961e-22 -1.24291e-34 -2.42312e-23 -1.14787e-35 -2.51258e-24 -9.86015e-37 -2.36384e-25 -7.85574e-38 -2.02136e-26 -5.78594e-39 -1.57055e-27 -3.92448e-40 -1.10662e-28 -2.44043e-41 -7.04764e-30 -1.38397e-42 -4.03783e-31 -7.11255e-44 -2.06843e-32 -3.28754e-45  -9.3994e-34 -1.35411e-46 -3.75123e-35 -4.91371e-48 -1.29802e-36 -1.54822e-49 -3.82962e-38 -4.15617e-51 -9.41988e-40 -9.26428e-53  -1.8721e-41 -1.65256e-54 -2.86932e-43 -2.22762e-56 -3.14261e-45  -2.0507e-58 -2.12084e-47 -1.02345e-60  -5.6744e-50
-0.000294444 -3.76657e-17    0.0028182  4.27503e-17    0.0028388 -7.85455e-17   -0.0165026  -1.9414e-16   -0.0130801  -7.7795e-18    0.0150206  1.97059e-16    0.0282346   2.5434e-16    0.0171108  1.57741e-16  -0.00104904 -3.86399e-17   -0.0119067 -2.17322e-16   -0.0134327 -2.92326e-16  -0.00996453 -2.68796e-16  -0.00572302 -2.01236e-16  -0.00265049 -1.34926e-16 -0.000969007 -8.67662e-17 -0.000239486 -5.53977e-17  2.08282e-06 -3.49201e-17  4.83849e-05 -2.11443e-17  3.79458e-05 -1.19893e-17  2.10092e-05 -6.27594e-18  9.71297e-06 -3.01816e-18  3.95666e-06 -1.33385e-18  1.45451e-06 -5.42932e-19  4.88433e-07  -2.0409e-19  1.50774e-07 -7.10404e-20  4.29005e-08 -2.29607e-20  1.12512e-08 -6.90955e-21  2.71229e-09 -1.94098e-21  5.97213e-10 -5.10112e-22  1.18644e-10 -1.25649e-22  2.07485e-11 -2.90445e-23  3.01513e-12 -6.30633e-24  2.99636e-13   -1.287e-24 -5.89512e-15 -2.46998e-25 -1.31069e-14 -4.45973e-26 -4.38531e-15 -7.57786e-27 -1.06542e-15 -1.21177e-27  -2.1805e-16 -1.82315e-28 -3.94478e-17 -2.57948e-29  -6.4443e-18 -3.42956e-30  -9.6105e-19 -4.28093e-31 -1.31613e-19 -5.01112e-32 -1.66039e-20 -5.49331e-33 -1.93241e-21 -5.63036e-34 -2.07531e-22 -5.38536e-35  -2.0553e-23 -4.79626e-36 -1.87438e-24 -3.96701e-37 -1.57076e-25 -3.03788e-38 -1.20613e-26 -2.14626e-39 -8.45589e-28 -1.39315e-40 -5.38863e-29 -8.26801e-42 -3.10457e-30 -4.46055e-43 -1.60643e-31  -2.1725e-44 -7.40519e-33 -9.47297e-46 -3.01073e-34  -3.6603e-47 -1.06609e-35 -1.23729e-48 -3.23498e-37 -3.59895e-50 -8.23456e-39 -8.81237e-52 -1.70765e-40 -1.76174e-53 -2.76581e-42 -2.74787e-55 -3.27615e-44 -3.10364e-57 -2.52775e-46 -2.19392e-59 -9.80203e-49 -6.26569e-62
 7.85395e-18 -0.000178607  1.08644e-17   0.00446821  5.12661e-17 -0.000837002 -9.45301e-17   -0.0177844 -1.47095e-16   -0.0097023  3.41253e-17    0.0161115   2.5434e-16    0.0276387   3.4781e-16    0.0181042  2.40461e-16   0.00158434  4.49479e-19  -0.00947423 -2.17047e-16   -0.0123599 -3.16234e-16   -0.0101726  -3.0614e-16  -0.00657106 -2.43116e-16  -0.00357365 -1.72978e-16  -0.00168949 -1.15427e-16 -0.000705594 -7.34295e-17 -0.000262206 -4.43795e-17 -8.67806e-05 -2.51994e-17 -2.54696e-05 -1.33099e-17 -6.57493e-06 -6.50349e-18 -1.48592e-06 -2.93517e-18 -3.04636e-07 -1.22451e-18 -6.88359e-08 -4.72999e-19 -2.37958e-08 -1.69497e-19 -1.12902e-08 -5.64588e-20 -5.33585e-09 -1.75179e-20 -2.24626e-09 -5.07384e-21  -8.3507e-10  -1.3746e-21 -2.77356e-10  -3.4895e-22 -8.33005e-11 -8.31208e-23 -2.28369e-11 -1.85976e-23 -5.75441e-12 -3.91117e-24 -1.33938e-12 -7.73517e-25 -2.89002e-13 -1.43915e-25 -5.79545e-14 -2.51961e-26 -1.08198e-14 -4.15136e-27 -1.88271e-15 -6.43607e-28 -3.05523e-16 -9.38549e-29 -4.62461e-17 -1.28656e-29 -6.52814e-18 -1.65643e-30 -8.58894e-19 -2.00093e-31 -1.05228e-19 -2.26491e-32   -1.199e-20 -2.39871e-33 -1.26853e-21 -2.37269e-34 -1.24366e-22 -2.18746e-35 -1.12708e-23  -1.8751e-36 -9.41428e-25 -1.49027e-37 -7.22221e-26 -1.09452e-38 -5.06729e-27 -7.40014e-40 -3.23529e-28 -4.58519e-41 -1.86823e-29 -2.58986e-42 -9.68468e-31 -1.32512e-43 -4.46532e-32 -6.09543e-45 -1.80974e-33 -2.49751e-46 -6.34877e-35 -9.01135e-48 -1.88769e-36 -2.82194e-49 -4.61367e-38 -7.52572e-51 -8.82339e-40 -1.66574e-52 -1.20045e-41 -2.94916e-54 -8.79738e-44 -3.94406e-56  2.63207e-46 -3.60071e-58  1.17576e-47 -1.78145e-60  6.49115e-50
-0.000200846  1.49292e-17  0.000657278  5.03383e-17   0.00497409  4.28083e-17  -0.00467079 -9.84557e-17   -0.0178537 -1.10656e-16  -0.00661424  8.85457e-17    0.0171108   3.4781e-16    0.0273279  4.62941e-16    0.0191641  3.33512e-16   0.00422502  5.60879e-17  -0.00671805 -1.92997e-16   -0.0106206 -3.16941e-16  -0.00960365 -3.24966e-16  -0.00675129 -2.70515e-16   -0.0040277 -1.99121e-16  -0.00212524 -1.34401e-16  -0.00101684 -8.42676e-17 -0.000448968 -4.91441e-17 -0.000185464 -2.65877e-17 -7.24969e-05 -1.33117e-17 -2.70659e-05 -6.16313e-18 -9.71817e-06 -2.64066e-18 -3.36985e-06 -1.04871e-18 -1.12988e-06 -3.86731e-19 -3.65798e-07 -1.32663e-19 -1.13988e-07 -4.24082e-20 -3.40503e-08 -1.26556e-20 -9.71033e-09 -3.53205e-21 -2.63385e-09 -9.23431e-22 -6.77417e-10 -2.26484e-22 -1.64808e-10 -5.21695e-23 -3.78564e-11 -1.12949e-23 -8.19804e-12 -2.29969e-24 -1.67179e-12 -4.40478e-25 -3.20722e-13 -7.93868e-26 -5.78303e-14 -1.34645e-26 -9.79212e-15 -2.14892e-27 -1.55555e-15  -3.2264e-28 -2.31592e-16 -4.55472e-29  -3.2276e-17 -6.04127e-30 -4.20492e-18 -7.52148e-31 -5.11282e-19 -8.77963e-32  -5.7912e-20 -9.59479e-33 -6.09702e-21  -9.8008e-34 -5.95064e-22 -9.33935e-35 -5.36715e-23 -8.28364e-36 -4.45674e-24 -6.82079e-37 -3.39145e-25 -5.19789e-38 -2.35163e-26   -3.653e-39 -1.47509e-27 -2.35775e-40 -8.29052e-29 -1.39075e-41 -4.12013e-30 -7.45406e-43 -1.77503e-31 -3.60519e-44 -6.41147e-33 -1.56035e-45 -1.81199e-34  -5.9815e-47 -3.22616e-36 -2.00497e-48  1.50615e-38 -5.78005e-50  3.84959e-39 -1.40196e-51  1.69827e-40 -2.77483e-53  4.66154e-42 -4.28258e-55  8.67013e-44 -4.78367e-57  1.03562e-45 -3.34246e-59  6.44637e-48 -9.43061e-62
 8.39208e-18 -0.000366795  2.15729e-17   0.00198953  6.74999e-17   0.00412596  1.99061e-17  -0.00802354 -1.08426e-16   -0.0170981 -8.56013e-17  -0.00375503  1.57741e-16    0.0181042  4.62941e-16    0.0272991  5.86098e-16    0.0203546  4.32707e-16   0.00694229  1.26996e-16  -0.00364145 -1.47175e-16  -0.00825923 -2.94972e-16  -0.00827906  -3.2243e-16  -0.00623799 -2.78346e-16  -0.00395582  -2.0837e-16  -0.00221468 -1.40274e-16  -0.00112391 -8.62026e-17 -0.000525752 -4.86428e-17 -0.000229308 -2.52664e-17 -9.39941e-05 -1.21016e-17 -3.64066e-05 -5.35513e-18 -1.33704e-05 -2.19431e-18  -4.6645e-06 -8.34468e-19 -1.54685e-06 -2.95124e-19 -4.87525e-07 -9.72499e-20 -1.45926e-07 -2.99099e-20 -4.14394e-08 -8.60017e-21 -1.11516e-08 -2.31554e-21 -2.84052e-09 -5.84623e-22 -6.84091e-10 -1.38581e-22 -1.55607e-10 -3.08699e-23 -3.33973e-11 -6.46607e-24 -6.75678e-12 -1.27407e-24 -1.28735e-12 -2.36206e-25 -2.30753e-13 -4.12083e-26 -3.88705e-14 -6.76488e-27 -6.14606e-15 -1.04479e-27 -9.10931e-16 -1.51746e-28 -1.26358e-16 -2.07129e-29 -1.63734e-17 -2.65483e-30 -1.97758e-18 -3.19179e-31 -2.22036e-19 -3.59474e-32  -2.3098e-20 -3.78676e-33 -2.21707e-21 -3.72435e-34 -1.95296e-22 -3.41273e-35 -1.56732e-23 -2.90643e-36 -1.13409e-24 -2.29398e-37 -7.28072e-26 -1.67244e-38 -4.03163e-27 -1.12193e-39 -1.81304e-28 -6.89407e-41 -5.47892e-30 -3.85984e-42  1.81087e-32 -1.95658e-43   1.7626e-32 -8.91158e-45   1.5655e-33  -3.6134e-46  9.39836e-35 -1.28941e-47  4.40459e-36 -3.99079e-49  1.66734e-37 -1.05115e-50  5.10253e-39 -2.29618e-52  1.23951e-40  -4.0091e-54  2.30085e-42 -5.28316e-56  3.04367e-44 -4.74882e-58  2.48821e-46 -2.31127e-60  8.13558e-49
-9.03116e-05  2.71906e-18 -0.000206613  2.70658e-17   0.00322815  6.28529e-17   0.00223666 -1.60526e-17   -0.0106372 -1.31625e-16   -0.0157691 -6.47602e-17  -0.00104904  2.40461e-16    0.0191641  5.86098e-16     0.027564  7.06974e-16    0.0217256  5.32683e-16   0.00977702  2.07593e-16 -0.000280539 -8.52818e-17  -0.00537515 -2.53317e-16  -0.00630658 -2.98278e-16  -0.00510983 -2.64926e-16  -0.00340158 -1.99469e-16  -0.00197697 -1.32843e-16  -0.00103377 -7.97692e-17 -0.000494967 -4.36127e-17 -0.000219439 -2.18381e-17 -9.07498e-05 -1.00576e-17 -3.51809e-05 -4.27587e-18 -1.28262e-05 -1.68341e-18 -4.40643e-06 -6.15445e-19 -1.42817e-06 -2.09425e-19 -4.36938e-07 -6.64612e-20 -1.26202e-07 -1.97046e-20  -3.4408e-08 -5.46675e-21 -8.85225e-09 -1.42131e-21 -2.14804e-09 -3.46745e-22 -4.91323e-10 -7.94595e-23 -1.05858e-10 -1.71171e-23 -2.14664e-11 -3.46801e-24 -4.09311e-12 -6.61031e-25 -7.33016e-13 -1.18553e-25 -1.23125e-13 -2.00056e-26 -1.93658e-14 -3.17596e-27 -2.84635e-15 -4.74179e-28 -3.89926e-16 -6.65459e-29 -4.96213e-17 -8.77177e-30 -5.84001e-18 -1.08497e-30 -6.31735e-19 -1.25776e-31 -6.22413e-20 -1.36457e-32 -5.50469e-21  -1.3832e-33  -4.2573e-22 -1.30741e-34 -2.71944e-23 -1.14969e-35 -1.19714e-24 -9.38072e-37  3.43642e-27 -7.08012e-38  8.14798e-27 -4.92527e-39   1.1314e-27 -3.14473e-40  1.09117e-28 -1.83385e-41    8.548e-30 -9.71041e-43  5.69138e-31 -4.63643e-44  3.27145e-32 -1.97944e-45  1.62867e-33 -7.47866e-47  6.99465e-35 -2.46833e-48  2.56649e-36 -6.99936e-50  7.92055e-38 -1.66802e-51  2.00844e-39 -3.23969e-53  4.03999e-41 -4.89996e-55  6.09552e-43 -5.35606e-57  6.24105e-45 -3.65655e-59  3.44562e-47 -1.00627e-61
-3.85088e-18 -0.000250431 -3.89464e-18  0.000412626  2.97873e-17   0.00386717  4.11842e-17 -0.000225972  -6.5161e-17   -0.0124566 -1.64569e-16   -0.0140139 -3.86399e-17   0.00158434  3.33512e-16    0.0203546  7.06974e-16    0.0281342  8.17852e-16    0.0232964  6.26496e-16    0.0127169  2.89577e-16   0.00326517 -1.48352e-17  -0.00214567 -1.96811e-16  -0.00388813  -2.5529e-16   -0.0035452 -2.32564e-16  -0.00249813 -1.75026e-16  -0.00150025 -1.14815e-16 -0.000799712 -6.72672e-17 -0.000386585 -3.56667e-17 -0.000171659 -1.72581e-17 -7.05931e-05 -7.66645e-18 -2.70328e-05 -3.14128e-18 -9.67469e-06 -1.19178e-18 -3.24384e-06  -4.1996e-19 -1.02058e-06 -1.37796e-19 -3.01589e-07 -4.21883e-20 -8.37505e-08 -1.20739e-20 -2.18585e-08 -3.23514e-21  -5.3609e-09 -8.12711e-22 -1.23491e-09 -1.91642e-22 -2.66984e-10 -4.24582e-23 -5.41132e-11 -8.84362e-24 -1.02668e-11 -1.73249e-24 -1.81963e-12 -3.19278e-25 -3.00422e-13 -5.53534e-26 -4.60226e-14 -9.02719e-27 -6.50479e-15 -1.38447e-27 -8.40892e-16 -1.99591e-28 -9.80028e-17 -2.70302e-29 -1.00244e-17 -3.43581e-30 -8.46557e-19 -4.09456e-31 -4.80008e-20 -4.56884e-32  7.73132e-22 -4.76585e-33   7.4479e-22 -4.63882e-34   1.3961e-22 -4.20412e-35  1.89608e-23 -3.53882e-36  2.14575e-24 -2.75866e-37  2.11533e-25 -1.98487e-38  1.84993e-26 -1.31296e-39  1.44624e-27 -7.94816e-41    1.013e-28  -4.3795e-42  6.35001e-30 -2.18239e-43  3.54926e-31 -9.75965e-45  1.75823e-32 -3.88008e-46  7.65397e-34 -1.35546e-47  2.89441e-35 -4.09975e-49  9.36201e-37 -1.05317e-50  2.53586e-38 -2.23869e-52  5.58252e-40 -3.79373e-54  9.54963e-42 -4.83809e-56  1.17871e-43 -4.19447e-58  9.07684e-46 -1.96143e-60  2.81658e-48
-2.84565e-05 -8.64526e-18 -0.000332279 -6.28305e-18   0.00132164  2.79061e-17   0.00369545  5.73808e-18  -0.00284891 -1.25089e-16   -0.0135047 -1.97004e-16   -0.0119067  4.49479e-19   0.00422502  4.32707e-16    0.0217256  8.17852e-16    0.0289996  9.11771e-16    0.0250319  7.06028e-16    0.0156718  3.64015e-16   0.00681387   5.6425e-17   0.00117141 -1.31638e-16  -0.00130262 -1.99123e-16  -0.00179134 -1.86993e-16   -0.0014336 -1.40492e-16  -0.00091113 -9.06602e-17 -0.000498588 -5.18193e-17 -0.000243167 -2.66735e-17  -0.00010765 -1.24938e-17 -4.37311e-05 -5.36419e-18 -1.64144e-05 -2.12274e-18 -5.71835e-06 -7.77569e-19 -1.85437e-06  -2.6454e-19 -5.60771e-07 -8.38143e-20 -1.58289e-07 -2.47834e-20  -4.1714e-08 -6.85197e-21 -1.02579e-08 -1.77404e-21 -2.35088e-09 -4.30717e-22 -5.00972e-10 -9.81696e-23 -9.89094e-11 -2.10223e-23  -1.7989e-11 -4.23197e-24 -2.98549e-12 -8.01124e-25 -4.44643e-13 -1.42627e-25 -5.74629e-14 -2.38797e-26 -5.91616e-15  -3.7592e-27 -3.32543e-16 -5.56212e-28   4.2247e-17 -7.73075e-29  1.90443e-17 -1.00857e-29  4.27066e-18 -1.23384e-30  7.50029e-19 -1.41366e-31  1.13131e-19 -1.51469e-32  1.51641e-20 -1.51507e-33  1.83474e-21 -1.41184e-34  2.01938e-22 -1.22279e-35  2.02923e-23 -9.81594e-37  1.86401e-24 -7.28008e-38  1.56445e-25 -4.96985e-39  1.19756e-26 -3.10929e-40  8.33642e-28 -1.77365e-41  5.25563e-29 -9.16925e-43  2.98476e-30 -4.26494e-44  1.51663e-31 -1.76929e-45    6.836e-33 -6.47606e-47  2.70355e-34 -2.06345e-48  9.25047e-36 -5.62517e-50  2.68791e-37 -1.28226e-51  6.46604e-39  -2.3677e-53  1.24141e-40  -3.3792e-55  1.79664e-42 -3.45321e-57  1.77179e-44 -2.17803e-59  9.45443e-47 -5.45121e-62
-2.81698e-18  -0.00012083 -1.24259e-17 -0.000169074 -4.03096e-18   0.00219139  1.96816e-17   0.00275812 -4.15414e-17  -0.00532519  -1.8914e-16   -0.0138202 -2.17322e-16  -0.00947423  5.60879e-17   0.00694229  5.32683e-16    0.0232964  9.11771e-16    0.0301019  9.81681e-16     0.026819  7.63469e-16    0.0184623  4.23274e-16    0.0101069  1.21566e-16   0.00426437 -6.47898e-17   0.00113832 -1.37361e-16 -0.000112577 -1.35826e-16 -0.000402847 -1.02421e-16 -0.000336837 -6.51562e-17 -0.000204976 -3.63905e-17 -0.000104362  -1.8214e-17 -4.66521e-05 -8.27239e-18 -1.87253e-05 -3.43843e-18 -6.82921e-06 -1.31609e-18 -2.27758e-06 -4.66062e-19  -6.9663e-07  -1.5325e-19 -1.95435e-07 -4.69219e-20 -5.01448e-08 -1.34075e-20 -1.16853e-08 -3.58202e-21 -2.43822e-09 -8.96177e-22 -4.42016e-10 -2.10238e-22 -6.44708e-11 -4.62945e-23 -5.50093e-12 -9.57567e-24  6.90657e-13 -1.86138e-24  4.98551e-13 -3.40111e-25  1.59796e-13  -5.8417e-26  3.96975e-14 -9.43036e-27  8.47203e-15 -1.43038e-27  1.61295e-15  -2.0375e-28  2.78854e-16 -2.72371e-29  4.41947e-17 -3.41383e-30  6.45531e-18 -4.00717e-31  8.71579e-19 -4.39878e-32  1.08938e-19 -4.50806e-33  1.26101e-20 -4.30469e-34   1.3513e-21 -3.82103e-35  1.33912e-22 -3.14432e-36  1.22516e-23 -2.39116e-37  1.03244e-24 -1.67428e-38  7.99049e-26 -1.07474e-39  5.65893e-27 -6.29268e-41  3.65109e-28 -3.34041e-42   2.1345e-29  -1.5961e-43  1.12333e-30 -6.80462e-45  5.27902e-32 -2.56058e-46   2.1933e-33 -8.38998e-48  7.95528e-35 -2.35225e-49   2.4782e-36 -5.51356e-51  6.48743e-38 -1.04632e-52  1.38433e-39 -1.53364e-54  2.30126e-41 -1.61032e-56  2.76637e-43  -1.0549e-58  2.07877e-45 -3.09895e-61  6.30521e-48
-4.20416e-06 -4.44609e-18 -0.000228006 -1.31159e-17   0.00027398  6.88051e-19     0.002723  3.45287e-18   0.00124255 -9.78474e-17  -0.00743646 -2.47888e-16   -0.0134327 -2.17047e-16  -0.00671805  1.26996e-16   0.00977702  6.26496e-16    0.0250319  9.81681e-16     0.031309  1.02126e-15    0.0284576  7.93145e-16    0.0208334  4.62232e-16    0.0128453  1.74985e-16   0.00682148 -3.25795e-18   0.00315163 -7.79694e-17   0.00126728 -8.66102e-17  0.000438634 -6.67138e-17  0.000126702 -4.21587e-17  2.81087e-05 -2.31075e-17  3.41747e-06 -1.12792e-17  -5.8168e-07 -4.97835e-18 -4.53637e-07 -2.00673e-18 -8.81398e-08 -7.43922e-19  4.00035e-08 -2.54937e-19  4.66913e-08 -8.10736e-20  2.70993e-08 -2.39969e-20   1.2045e-08 -6.62638e-21  4.53083e-09 -1.71029e-21    1.503e-09 -4.13247e-22  4.49224e-10  -9.3594e-23  1.22516e-10 -1.98884e-23  3.07376e-11 -3.96778e-24  7.13279e-12 -7.43446e-25  1.53671e-12 -1.30844e-25  3.08176e-13 -2.16283e-26  5.76317e-14 -3.35684e-27  1.00619e-14 -4.88963e-28  1.64116e-15 -6.67982e-29  2.50136e-16 -8.55075e-30  3.56212e-17 -1.02445e-30  4.73749e-18 -1.14708e-31  5.87978e-19 -1.19828e-32  6.80254e-20 -1.16539e-33  7.32588e-21 -1.05257e-34  7.33088e-22 -8.80282e-36  6.80183e-23 -6.79327e-37  5.83642e-24  -4.8175e-38  4.61729e-25 -3.12385e-39   3.3556e-26 -1.84102e-40  2.23061e-27 -9.78753e-42  1.34935e-28 -4.64958e-43  7.38249e-30 -1.94924e-44   3.6261e-31 -7.08839e-46  1.58448e-32 -2.17927e-47   6.0902e-34  -5.4245e-49  2.02963e-35 -9.97884e-51  5.75513e-37 -9.85832e-53  1.35331e-38  1.01768e-54  2.54357e-40  6.36128e-56  3.60861e-42  1.26974e-57  3.49274e-44  1.29544e-59  1.83119e-46  4.86173e-62
-4.48946e-21 -4.51666e-05 -5.65455e-18 -0.000245509 -9.88937e-18   0.00087831  4.82957e-18   0.00274575 -2.21895e-17 -0.000608867 -1.58542e-16  -0.00902326 -2.92326e-16   -0.0123599 -1.92997e-16  -0.00364145  2.07593e-16    0.0127169  7.06028e-16     0.026819  1.02126e-15    0.0324059  1.02655e-15    0.0296785  7.92761e-16    0.0224997   4.7859e-16    0.0147526  2.12695e-16   0.00859727  4.70037e-17    0.0045415 -2.76146e-17   0.00220951 -4.51309e-17   0.00100388 -3.73985e-17  0.000431258 -2.39504e-17  0.000177035 -1.30147e-17   6.9994e-05  -6.2329e-18  2.67671e-05 -2.68384e-18  9.90563e-06 -1.05183e-18  3.53793e-06  -3.7828e-19   1.2141e-06 -1.25568e-19  3.98326e-07 -3.86348e-20  1.24373e-07 -1.10534e-20  3.68236e-08 -2.94777e-21  1.03099e-08 -7.34218e-22  2.72451e-09 -1.71067e-22   6.7869e-10 -3.73286e-23  1.59236e-10 -7.63531e-24  3.51684e-11  -1.4647e-24  7.30851e-12 -2.63567e-25  1.42863e-12 -4.44863e-26  2.62585e-13 -7.04067e-27  4.53632e-14 -1.04428e-27  7.36206e-15  -1.4504e-28  1.12173e-15 -1.88435e-29  1.60337e-16 -2.28682e-30  2.14796e-17 -2.58777e-31  2.69385e-18  -2.7244e-32  3.15857e-19 -2.66104e-33  3.45687e-20 -2.40297e-34  3.52483e-21 -1.99728e-35  3.34124e-22 -1.51928e-36  2.93685e-23 -1.04957e-37  2.38655e-24 -6.51413e-39  1.78676e-25 -3.57283e-40  1.22744e-26 -1.68343e-41  7.70005e-28 -6.42476e-43  4.38608e-29 -1.66253e-44  2.25316e-30  5.22453e-48  1.03526e-31  3.27403e-47   4.2115e-33  2.39236e-48  1.49763e-34  1.14086e-49  4.57936e-36  4.12196e-51  1.17793e-37  1.15931e-52  2.47223e-39  2.50427e-54  4.04572e-41   3.9726e-56  4.79155e-43  4.21367e-58  3.54999e-45  2.38426e-60  1.06236e-47
 2.18313e-06  6.98805e-20 -0.000116502 -5.58345e-18 -9.57397e-05 -3.29099e-18   0.00144749   4.8057e-18   0.00222808 -5.77825e-17  -0.00254403  -2.1764e-16  -0.00996453 -3.16234e-16   -0.0106206 -1.47175e-16 -0.000280539  2.89577e-16    0.0156718  7.63469e-16    0.0284576  1.02655e-15    0.0331125  9.97269e-16    0.0301926  7.63544e-16    0.0232146   4.7256e-16    0.0156441  2.32567e-16   0.00946825  8.21007e-17   0.00523537  9.59163e-18   0.00267839 -1.44898e-17   0.00127989 -1.62148e-17  0.000575275 -1.12068e-17  0.000244391 -6.20629e-18  9.84241e-05 -2.95929e-18  3.76331e-05 -1.25381e-18  1.36661e-05 -4.80211e-19  4.71141e-06 -1.68036e-19  1.54076e-06 -5.41021e-20    4.775e-07  -1.6107e-20  1.40101e-07 -4.44989e-21  3.88825e-08 -1.14387e-21  1.01997e-08 -2.74141e-22  2.52734e-09 -6.13492e-23  5.91223e-10 -1.28337e-23  1.30512e-10 -2.51118e-24  2.71748e-11 -4.59707e-25  5.33472e-12 -7.87162e-26  9.86916e-13 -1.25996e-26  1.71966e-13 -1.88329e-27  2.82052e-14 -2.62478e-28  4.35143e-15 -3.40402e-29   6.3093e-16 -4.09628e-30  8.58909e-17 -4.55599e-31  1.09655e-17 -4.65762e-32  1.31109e-18  -4.3408e-33  1.46583e-19 -3.64058e-34  1.52964e-20 -2.68608e-35  1.48675e-21 -1.66347e-36  1.34269e-22 -7.57112e-38   1.1235e-23 -9.39482e-40  8.68193e-25  2.85263e-40  6.17236e-26  4.18842e-41  4.01923e-27  3.90483e-42  2.38457e-28  2.88983e-43  1.28097e-29   1.7977e-44  6.18387e-31  9.57974e-46  2.65824e-32   4.3902e-47  1.00599e-33  1.72241e-48  3.30347e-35  5.72038e-50  9.23658e-37  1.57885e-51  2.14311e-38    3.521e-53  3.97696e-40   6.0733e-55  5.57383e-42     7.53e-57  5.33234e-44  5.80628e-59  2.76464e-46  1.79946e-61
 6.58886e-19 -1.23915e-05  4.88864e-20  -0.00017031 -3.20159e-18  0.000215001  4.53064e-18   0.00179536 -3.21683e-18   0.00125051 -1.02163e-16  -0.00432142 -2.68796e-16   -0.0101726 -3.16941e-16  -0.00825923 -8.52818e-17   0.00326517  3.64015e-16    0.0184623  7.93145e-16    0.0296785  9.97269e-16    0.0331339  9.36814e-16    0.0297619  7.09502e-16    0.0228406  4.46352e-16    0.0154783  2.34572e-16    0.0094575   1.0083e-16   0.00528552   3.2545e-17   0.00272949  4.91669e-18   0.00131203 -2.92118e-18  0.000590136 -3.39905e-18  0.000249278 -2.16268e-18    9.913e-05 -1.08162e-18  3.71699e-05 -4.63262e-19  1.31537e-05 -1.75993e-19  4.39535e-06 -6.03918e-20  1.38716e-06 -1.89197e-20  4.13503e-07 -5.44806e-21  1.16421e-07 -1.44845e-21  3.09563e-08 -3.56628e-22  7.77274e-09 -8.14794e-23  1.84263e-09 -1.72949e-23  4.12338e-10 -3.41186e-24    8.708e-11 -6.25253e-25  1.73501e-11  -1.0628e-25  3.26021e-12 -1.67093e-26  5.77499e-13 -2.41866e-27  9.63788e-14 -3.19947e-28  1.51443e-14 -3.81961e-29  2.23876e-15 -4.02051e-30  3.11068e-16 -3.54473e-31  4.05801e-17 -2.23486e-32  4.96396e-18 -1.30325e-34  5.68532e-19  2.48738e-34  6.08621e-20  5.13887e-35  6.07777e-21  7.28123e-36  5.64877e-22  8.48496e-37  4.87335e-23   8.5769e-38   3.8908e-24  7.68325e-39   2.8645e-25  6.15629e-40  1.93669e-26  4.42681e-41  1.19664e-27  2.85593e-42  6.71849e-29  1.64836e-43  3.40408e-30   8.4682e-45  1.54362e-31  3.84374e-46  6.20103e-33  1.52609e-47  2.17872e-34  5.22919e-49  6.58558e-36   1.5186e-50  1.67537e-37  3.64507e-52  3.47914e-39  6.97266e-54  5.63579e-41  1.00415e-55  6.60972e-43  9.84194e-58  4.85116e-45  5.21388e-60  1.43865e-47
