 5.63264e-05  2.77839e-20  -0.00033618 -4.09914e-19  0.000574651  2.29647e-18  -0.00030632 -7.06334e-18 -8.63954e-05  1.22086e-17   6.6301e-05 -1.10269e-17  4.10029e-05   2.5606e-18  4.50793e-07  4.12122e-18   -9.808e-06 -3.51145e-18 -5.63527e-06  6.83806e-19 -1.16521e-06  5.84209e-20   5.1142e-07  1.79948e-19  5.93758e-07 -2.38077e-19  3.02087e-07  1.32408e-19  9.35006e-08  -1.3108e-20  8.96266e-09 -7.15412e-21 -1.03585e-08 -9.69525e-21 -8.76952e-09  3.89525e-21 -4.44395e-09  1.73534e-21 -1.73572e-09 -1.13194e-21 -5.47518e-10 -3.37223e-22 -1.34527e-10  5.56233e-22 -2.01096e-11  1.46154e-22   2.5417e-12 -1.40363e-22  3.62503e-12 -5.49899e-23  1.87902e-12  1.77328e-23  7.42371e-13  1.29366e-23  2.52007e-13 -3.13714e-25  7.68176e-14 -2.35331e-24  2.14887e-14 -7.44349e-25  5.58649e-15  8.92336e-26  1.36075e-15  1.25708e-25  3.12301e-16  2.44158e-26  6.78099e-17 -7.63265e-27  1.39717e-17  -3.3583e-27  2.73778e-18  9.14634e-28  5.10969e-19   9.1423e-28  9.09086e-20  2.04157e-28   1.5421e-20 -3.83079e-29  2.49292e-21 -3.94668e-29  3.83622e-22 -1.35628e-29  5.60951e-23 -2.75151e-30  7.77586e-24 -2.76387e-31  1.01887e-24   3.5275e-32  1.25771e-25  2.83962e-32  1.45714e-26  1.09372e-32  1.57793e-27  3.15392e-33  1.58998e-28  4.94494e-34  1.48349e-29   -8.192e-35   1.2748e-30 -8.56524e-35  1.00298e-31 -3.27508e-35  7.17733e-33 -8.60715e-36   4.6367e-34 -1.76552e-36  2.68129e-35 -3.01878e-37  1.37405e-36 -4.57019e-38  6.15725e-38 -6.53902e-39  2.36127e-39 -9.17226e-40  7.44703e-41 -1.21177e-40  1.80341e-42 -1.36459e-41  3.21586e-44 -1.17571e-42   6.7097e-46 -6.95283e-44  2.63731e-47 -2.41234e-45  6.11025e-49 -3.18064e-47
 2.77839e-20  0.000533665  1.50269e-19  -0.00174638 -1.62058e-18    0.0020499  8.48189e-18 -0.000549303 -2.44144e-17  -0.00048276    3.874e-17  6.33058e-05 -3.08772e-17  0.000146623  3.68605e-18  4.79187e-05  1.26122e-17 -1.20954e-05 -7.72726e-18 -1.87679e-05  4.38562e-19 -8.83878e-06  4.16882e-19 -1.50924e-06  2.83154e-19  9.15599e-07 -4.63939e-19  9.54938e-07  2.76455e-19  4.91055e-07  1.72029e-20  1.67392e-07 -2.93054e-20  3.05921e-08 -2.64013e-20 -6.77455e-09  8.45607e-21 -9.59905e-09  3.32617e-21 -5.58717e-09 -3.64633e-21 -2.43001e-09 -3.15087e-22 -8.76944e-10  1.80568e-21 -2.70584e-10  3.65646e-22 -7.10779e-11 -4.11481e-22 -1.51312e-11 -1.49672e-22 -2.11263e-12  5.18287e-23  1.22413e-13  3.69997e-23  2.32789e-13 -1.01681e-24  1.11437e-13 -7.19233e-24  3.98366e-14 -2.39205e-24  1.21857e-14   1.8167e-25  3.34286e-15  3.29634e-25  8.40648e-16  5.47459e-26  1.96121e-16  -2.3048e-26  4.27476e-17 -6.30015e-27  8.74243e-18  4.64405e-27  1.68183e-18  3.19163e-27  3.04741e-19   6.5681e-28    5.203e-20 -1.27771e-28  8.36788e-21 -1.32095e-28  1.26653e-21  -4.8615e-29  1.80146e-22 -1.15566e-29  2.40327e-23 -1.87873e-30  2.99995e-24 -1.46485e-31  3.49398e-25  4.33899e-32  3.78426e-26  2.82735e-32  3.79691e-27   8.2944e-33  3.51358e-28  7.08673e-34  2.98349e-29   -5.819e-34  2.31084e-30 -3.53819e-34  1.62121e-31 -1.18618e-34  1.02167e-32 -2.91146e-35  5.72588e-34 -5.71883e-36  2.81953e-35 -9.49348e-37  1.20116e-36 -1.40359e-37  4.32135e-38  -1.9439e-38  1.24341e-39 -2.56059e-39  2.40257e-41 -3.04921e-40  6.90501e-44 -2.98247e-41 -9.26398e-45 -2.15243e-42  1.38893e-46 -1.00873e-43   2.1357e-47 -2.41852e-45  3.29451e-49
 -0.00033618  1.50269e-19   0.00244343  3.17194e-19  -0.00534726 -3.11412e-18   0.00437934   1.8685e-17 -8.12999e-05 -5.39364e-17  -0.00119089  8.13633e-17 -0.000228094 -5.82533e-17  0.000242527  7.42516e-19  0.000172856  2.49691e-17  2.99297e-05 -1.07032e-17 -2.58179e-05 -9.73169e-19  -2.3783e-05  8.68664e-19 -9.88734e-06  1.42597e-19 -1.51231e-06 -6.50733e-19  1.04466e-06  4.47211e-19  1.05458e-06  1.10427e-19   5.5686e-07 -5.99019e-20  2.07962e-07 -4.81174e-20  5.30038e-08   1.2252e-20  4.02042e-09  1.09776e-21 -5.12142e-09 -8.58579e-21 -4.01472e-09  7.13169e-22 -1.98489e-09  4.10133e-21 -7.92962e-10  6.42767e-22  -2.7417e-10 -8.48342e-22  -8.4378e-11 -2.75385e-22 -2.33986e-11  1.16481e-22 -5.86418e-12  7.68823e-23  -1.3211e-12 -2.99453e-24 -2.62768e-13 -1.57178e-23 -4.40478e-14   -5.331e-24  -5.3549e-15  1.84633e-25 -8.38365e-17  5.46044e-25  2.14105e-16  5.29697e-26  8.85641e-17 -5.24265e-26  2.53007e-17 -4.05171e-27  6.03505e-18  1.48478e-26  1.27135e-18  8.11571e-27   2.4215e-19  1.59051e-27  4.21688e-20 -2.91255e-28  6.74968e-21 -3.16353e-28  9.94881e-22 -1.24206e-28  1.34967e-22   -3.324e-29  1.68093e-23 -6.77634e-30   1.9129e-24 -9.98132e-31  1.97428e-25 -3.74693e-32  1.82624e-26  3.66255e-32  1.48413e-27  1.03455e-32  1.01958e-28 -1.48297e-33  5.37933e-30 -2.22801e-33   1.3975e-31 -9.96403e-34 -1.14843e-32 -2.97326e-34 -2.20875e-33 -6.81072e-35 -2.17254e-34 -1.27429e-35 -1.59627e-35 -2.03731e-36 -9.44091e-37 -2.91026e-37 -4.60363e-38 -3.85128e-38 -1.87913e-39 -4.70685e-39 -6.52114e-41 -5.00388e-40 -1.87369e-42 -4.20426e-41 -3.59808e-44 -2.48991e-42 -6.27521e-47 -8.80354e-44  1.21867e-47 -1.19418e-45
-4.09914e-19  -0.00174638  3.17194e-19   0.00721727 -2.04386e-19   -0.0115091 -1.40279e-18   0.00636803  2.70632e-17   0.00174871 -8.78357e-17  -0.00174392  1.31974e-16 -0.000938791 -8.66686e-17  0.000133062 -7.81157e-18  0.000324975  3.75047e-17  0.000145624 -1.02412e-17  4.73495e-06  -2.7125e-18 -3.33656e-05  1.07419e-18 -2.39651e-05 -4.51168e-19 -9.25986e-06 -8.33547e-19  -1.4382e-06   6.4653e-19  8.64615e-07  2.68686e-19  9.08041e-07 -7.67908e-20  4.99144e-07 -6.13247e-20  2.02179e-07  1.29518e-20  6.29271e-08 -1.06478e-20  1.34933e-08 -1.67953e-20  4.44292e-10  3.31236e-21 -1.42849e-09   7.4184e-21 -9.64255e-10  8.66584e-22 -4.41037e-10 -1.42122e-21  -1.6715e-10 -3.81632e-22 -5.58358e-11  2.31957e-22 -1.69074e-11  1.35612e-22 -4.71351e-12 -6.52045e-24 -1.22167e-12 -2.77852e-23 -2.96374e-13 -9.46914e-24 -6.76419e-14   -9.506e-26 -1.45845e-14  5.71095e-25 -2.98164e-15 -6.04049e-26 -5.79943e-16 -1.01194e-25 -1.07667e-16  1.21777e-26 -1.91357e-17  3.64706e-26  -3.2642e-18  1.72229e-26 -5.35369e-19  3.30683e-27 -8.44817e-20 -5.24947e-28 -1.28169e-20 -6.24917e-28  -1.8653e-21 -2.60783e-28 -2.59476e-22 -7.63266e-29 -3.43405e-23 -1.76843e-29 -4.30085e-24 -3.20999e-30 -5.06826e-25 -3.73507e-31 -5.58693e-26  -6.8427e-33 -5.72698e-27 -4.51207e-33  -5.4264e-28 -1.02727e-32 -4.72329e-29 -6.04239e-33 -3.75217e-30 -2.20066e-33 -2.70091e-31 -5.92045e-34 -1.74738e-32 -1.26558e-34 -1.00625e-33 -2.24605e-35  -5.0972e-35 -3.43548e-36 -2.23948e-36 -4.69742e-37 -8.41204e-38  -5.8693e-38 -2.67708e-39 -6.57376e-39 -7.20353e-41 -6.16472e-40 -1.57081e-42 -4.37825e-41 -2.07008e-44 -2.06191e-42  8.96152e-47 -5.03542e-44  4.74009e-48
 0.000574651 -1.62058e-18  -0.00534726 -2.04386e-19    0.0155089 -3.27787e-18   -0.0188599  9.58156e-18   0.00624085  2.26202e-17   0.00478025 -1.10634e-16  -0.00141452  1.77615e-16  -0.00185494 -1.09356e-16 -0.000348213 -2.09816e-17  0.000358472  4.55802e-17  0.000304957 -5.91022e-18  9.65059e-05 -3.13814e-18 -1.37345e-05  9.25715e-19 -3.33327e-05 -1.59376e-18 -2.07518e-05 -1.12846e-18 -7.78046e-06  8.41203e-19 -1.38947e-06  4.66224e-19  5.06226e-07 -4.74857e-20  6.25587e-07 -4.32394e-20  3.64553e-07  9.37763e-21  1.58626e-07 -3.62277e-20  5.60822e-08 -2.82687e-20  1.62108e-08  7.49182e-21  3.56981e-09  1.11804e-20  3.89102e-10  8.07597e-22 -1.41096e-10 -2.06443e-21 -1.21417e-10 -3.90202e-22 -5.65058e-11  4.24252e-22 -2.09844e-11  2.17249e-22 -6.79541e-12 -9.22227e-24 -1.98873e-12 -4.10689e-23 -5.35725e-13 -1.40628e-23 -1.34271e-13   -9.114e-25 -3.15259e-14  1.08234e-25 -6.96555e-15 -3.80222e-25  -1.4526e-15 -1.68866e-25 -2.86461e-16  5.43712e-26  -5.3476e-17  7.51453e-26 -9.45285e-18  3.21871e-26 -1.58175e-18  6.16929e-27 -2.50323e-19 -7.93963e-28 -3.74144e-20 -1.08002e-27  -5.2715e-21 -4.76699e-28 -6.98518e-22 -1.49066e-28 -8.68114e-23 -3.72881e-29  -1.0087e-23 -7.51562e-30 -1.09192e-24 -1.17303e-30 -1.09678e-25 -1.69211e-31 -1.01767e-26  -5.6881e-32 -8.67889e-28 -3.07161e-32 -6.76406e-29 -1.28931e-32 -4.78625e-30 -4.03522e-33 -3.05152e-31 -9.88672e-34 -1.73703e-32 -1.97276e-34   -8.729e-34 -3.30972e-35 -3.81738e-35 -4.81512e-36 -1.42772e-36  -6.2467e-37 -4.49168e-38 -7.28314e-38 -1.18563e-39 -7.37837e-39 -2.67021e-41 -6.01359e-40 -4.71686e-43 -3.52872e-41 -2.53934e-45 -1.25675e-42   1.1622e-46 -1.73499e-44
 2.29647e-18    0.0020499 -3.11412e-18   -0.0115091 -3.27787e-18    0.0259707 -1.08354e-17   -0.0246784  3.31932e-17   0.00300248 -4.18904e-18   0.00787683  -1.0765e-16  0.000204148  2.08262e-16  -0.00245943  -1.2215e-16  -0.00115457  -3.6253e-17  0.000123718  4.58904e-17  0.000409086  8.33292e-19  0.000232721 -9.60563e-19  5.21623e-05  6.94451e-19  -2.1278e-05 -3.16812e-18 -2.80616e-05 -1.64198e-18   -1.607e-05  9.39838e-19 -6.05923e-06  6.53692e-19 -1.32472e-06  5.97212e-20  1.44231e-07  2.92542e-20  3.32885e-07  2.83434e-21  2.14221e-07 -7.48212e-20  9.99514e-08 -4.12535e-20  3.85208e-08  1.26255e-20  1.27821e-08  1.42651e-20  3.69188e-09  1.15969e-22  9.17239e-10 -2.71393e-21  1.86161e-10 -2.24963e-22  2.51697e-11  7.14387e-22 -1.11255e-12  3.27061e-22 -2.37058e-12 -4.35461e-24 -1.09206e-12 -5.05857e-23 -3.72391e-13 -1.77354e-23 -1.08202e-13 -2.51252e-24 -2.80923e-14 -1.12923e-24 -6.66023e-15 -9.67728e-25 -1.45864e-15 -2.38805e-25 -2.97031e-16  1.37703e-25 -5.64505e-17  1.36518e-25 -1.00322e-17  5.45456e-26 -1.66841e-18  1.05306e-26 -2.59606e-19 -1.04164e-27 -3.77596e-20  -1.6882e-27 -5.12586e-21 -7.82389e-28 -6.48038e-22 -2.56241e-28 -7.60925e-23 -6.71166e-29 -8.27063e-24 -1.44118e-29 -8.28785e-25 -2.63037e-30 -7.61989e-26 -5.21674e-31 -6.39029e-27  -1.6621e-31 -4.85337e-28 -6.61109e-32 -3.30833e-29 -2.28502e-32 -2.00046e-30 -6.33886e-33  -1.0558e-31 -1.42502e-33  -4.7454e-33 -2.65483e-34  -1.7388e-34 -4.19822e-35 -4.70459e-36 -5.77731e-36 -6.43365e-38 -7.04825e-37  1.36592e-39  -7.5753e-38  9.71309e-41  -6.8416e-39  2.07865e-42 -4.75587e-40  3.71828e-44 -2.23043e-41  2.16069e-45 -5.49514e-43  4.50742e-47
 -0.00030632  8.48189e-18   0.00437934 -1.40279e-18   -0.0188599 -1.08354e-17    0.0355526 -2.17609e-17   -0.0266485  6.29976e-17  -0.00271643 -5.42011e-17   0.00963882 -7.41084e-17   0.00282713  2.21834e-16   -0.0022618 -1.23565e-16  -0.00199926  -5.1142e-17 -0.000412017   3.7618e-17  0.000343568  7.73535e-18  0.000350265  3.92807e-18     0.000155  8.18174e-19  2.33449e-05 -4.86159e-18 -2.02635e-05 -2.40452e-18 -2.06807e-05  8.13396e-19 -1.13322e-05  7.73462e-19  -4.4046e-06  2.62296e-19  -1.1729e-06  1.67192e-19 -9.94878e-08 -2.50401e-21  1.15411e-07 -1.18487e-19  9.50028e-08 -5.18949e-20  4.87107e-08  1.77406e-20  2.01468e-08   1.5292e-20  7.22018e-09 -1.60458e-21  2.31144e-09 -3.34556e-21  6.71269e-10  1.46527e-22  1.78271e-10  1.10226e-21   4.3447e-11  4.69364e-22  9.71616e-12  1.87319e-23  1.98607e-12 -4.96491e-23  3.67663e-13 -1.89227e-23  6.04844e-14  -5.0794e-24  8.48189e-15 -3.28762e-24  9.01369e-16 -1.79719e-24  3.45307e-17 -2.68234e-25 -1.51958e-17  2.80627e-25 -5.60986e-18  2.25589e-25 -1.27618e-18  8.53676e-26 -2.31384e-19  1.66166e-26  -3.5445e-20 -1.21651e-27 -4.63113e-21 -2.43847e-27 -5.04059e-22 -1.17449e-27 -4.17694e-23 -3.96043e-28 -1.63257e-24 -1.06548e-28  2.53288e-25 -2.38988e-29  7.64362e-26  -4.8409e-30  1.25284e-26 -1.10572e-30  1.59215e-27 -3.39331e-31  1.69758e-28 -1.15175e-31  1.56136e-29 -3.47432e-32  1.25157e-30 -8.70358e-33  8.76085e-32  -1.8047e-33  5.33931e-33  -3.1391e-34  2.81418e-34 -4.66559e-35  1.26859e-35 -6.03848e-36  4.79715e-37 -6.86263e-37  1.46633e-38 -6.71048e-38  3.38362e-40 -5.31302e-39  5.40652e-42 -3.07266e-40  6.86596e-44 -1.09383e-41  1.15966e-45 -1.52476e-43
-7.06334e-18 -0.000549303   1.8685e-17   0.00636803  9.58156e-18   -0.0246784 -2.17609e-17    0.0413843 -2.90356e-17   -0.0243468  8.18648e-17  -0.00912965 -1.18469e-16   0.00929471 -1.81977e-17    0.0056526  2.23204e-16  -0.00110996 -1.13575e-16  -0.00251141  -6.3874e-17  -0.00112181  2.23485e-17  5.21394e-05  1.29788e-17  0.000369426  1.05053e-17  0.000255642  1.59217e-18  9.48295e-05  -6.2959e-18   9.1259e-06 -3.38255e-18 -1.49985e-05  3.41926e-19 -1.35126e-05  7.78555e-19 -7.28263e-06  5.51077e-19 -2.95106e-06  3.60398e-19 -9.19051e-07 -4.25465e-22 -1.92581e-07 -1.53409e-19 -7.90454e-10 -5.49709e-20  2.50732e-08  2.19027e-20   1.6431e-08  1.30591e-20  7.52874e-09  -4.6706e-21  2.87965e-09 -4.00051e-21  9.73673e-10  6.76204e-22  2.98924e-10  1.55281e-21  8.45947e-11  6.43326e-22  2.22815e-11  7.09237e-23  5.49888e-12 -3.24814e-23  1.27789e-12 -1.67085e-23  2.80725e-13 -8.71717e-24  5.84758e-14 -6.27741e-24  1.15781e-14 -2.72543e-24  2.18303e-15 -1.85534e-25  3.92428e-16  5.03558e-25  6.72898e-17  3.45799e-25  1.10026e-17  1.24844e-25  1.71365e-18  2.43787e-26  2.53744e-19 -1.30805e-27  3.56262e-20 -3.30236e-27  4.72742e-21 -1.63182e-27   5.9063e-22 -5.58466e-28  6.91858e-23 -1.52441e-28  7.56401e-24 -3.53516e-29   7.6807e-25 -7.72515e-30  7.20587e-26 -1.90031e-30  6.21074e-27  -5.6161e-31  4.88717e-28 -1.70856e-31  3.48644e-29 -4.62875e-32  2.23684e-30 -1.05919e-32   1.2787e-31 -2.03268e-33  6.44212e-33 -3.29961e-34  2.82293e-34 -4.59494e-35  1.05782e-35 -5.55788e-36  3.30364e-37 -5.82293e-37  8.20872e-39 -5.10458e-38  1.49116e-40  -3.4716e-39  1.80614e-42 -1.61322e-40  1.98813e-44 -3.98336e-42  2.54211e-46
-8.63954e-05 -2.44144e-17 -8.12999e-05  2.70632e-17   0.00624085  3.31932e-17   -0.0266485 -2.90356e-17    0.0425195 -2.09794e-17    -0.019182  7.11282e-17   -0.0144912 -1.83913e-16   0.00700841  4.32063e-17    0.0078515  2.19307e-16  0.000757901   -9.316e-17  -0.00243249 -7.32911e-17  -0.00177992  3.30767e-18 -0.000425363  1.58488e-17  0.000237216  1.73204e-17  0.000301612  3.05599e-18  0.000168935 -7.17925e-18   5.5945e-05 -4.53542e-18  4.12465e-06 -5.40552e-19  -9.0018e-06  6.43865e-19 -7.76966e-06  8.83372e-19 -4.20185e-06  5.76612e-19 -1.77537e-06  1.55492e-20 -6.16742e-07 -1.64105e-19 -1.74749e-07 -4.56702e-20 -3.67754e-08     2.44e-20 -2.98195e-09  6.90501e-21  2.13103e-09 -9.21479e-21   1.5647e-09 -4.79833e-21  7.03227e-10  1.22032e-21  2.57276e-10  1.99264e-21  8.25751e-11  8.38419e-22  2.39981e-11  1.57357e-22  6.42043e-12  2.39755e-24  1.59679e-12 -1.16885e-23  3.71437e-13 -1.34859e-23  8.11329e-14 -9.75156e-24  1.66826e-14  -3.5008e-24  3.23376e-15  1.00326e-25  5.91281e-16  8.24756e-25  1.01974e-16  4.97571e-25  1.65772e-17  1.71804e-25  2.53716e-18   3.3352e-26  3.64992e-19 -1.37341e-27  4.92509e-20  -4.2343e-27  6.21805e-21 -2.11536e-27  7.32382e-22  -7.2626e-28  8.02071e-23 -1.99615e-28  8.13632e-24 -4.75717e-29  7.61218e-25 -1.09961e-29  6.53612e-26 -2.80831e-30  5.12165e-27 -7.96689e-31  3.63863e-28   -2.219e-31  2.32575e-29 -5.48281e-32  1.32528e-30  -1.1541e-32  6.65857e-32 -2.05397e-33  2.91056e-33 -3.10846e-34  1.08866e-34 -4.04078e-35  3.40597e-36 -4.53439e-36   8.5637e-38  -4.3277e-37  1.58025e-39 -3.34344e-38  1.69869e-41 -1.90279e-39  7.27848e-44 -6.73921e-41  2.36606e-45 -9.43263e-43
 1.22086e-17  -0.00048276 -5.39364e-17   0.00174871  2.26202e-17   0.00300248  6.29976e-17   -0.0243468 -2.09794e-17    0.0400711  1.24543e-17   -0.0131652  2.36446e-17   -0.0179254 -2.39981e-16   0.00354207  9.25209e-17   0.00894145  2.14629e-16   0.00288958 -6.49297e-17  -0.00171427 -7.87842e-17  -0.00216721 -1.56912e-17 -0.000969934  1.67293e-17 -4.46451e-05   2.3273e-17  0.000252183  5.11866e-18  0.000212278 -7.38703e-18  0.000104915 -5.84597e-18  3.32213e-05 -1.81684e-18  3.20908e-06  3.65609e-19 -4.22597e-06  1.18684e-18  -3.8148e-06  7.70079e-19 -2.11073e-06  5.03564e-20  -9.2577e-07 -1.38724e-19 -3.44799e-07 -2.16385e-20  -1.1176e-07  2.46782e-20 -3.16352e-08  -3.1463e-21 -7.68454e-09 -1.51609e-20 -1.50589e-09 -5.93335e-21 -1.84211e-10  1.55909e-21  1.83698e-11  2.32244e-21  2.22812e-11  1.03223e-21  9.65317e-12  2.71954e-22  3.18599e-12  4.97871e-23  9.01927e-13  -6.2923e-24  2.28435e-13 -1.93803e-23  5.27914e-14 -1.31472e-23   1.1249e-14   -3.808e-24  2.22313e-15  6.79019e-25  4.08804e-16  1.25355e-24   7.0055e-17  6.76469e-25  1.11916e-17  2.23284e-25  1.66587e-18   4.2587e-26  2.30734e-19 -1.53586e-27  2.96785e-20 -5.17217e-27  3.53565e-21 -2.57341e-27    3.888e-22 -8.78404e-28  3.92997e-23 -2.41991e-28  3.63247e-24 -5.90012e-29  3.05038e-25 -1.41937e-29  2.30809e-26 -3.67363e-30  1.55646e-27 -9.96511e-31  9.21128e-29 -2.56704e-31  4.67222e-30 -5.83487e-32  1.94796e-31  -1.1345e-32  6.07293e-33 -1.87401e-33  9.69266e-35 -2.63963e-34 -2.94088e-36 -3.18832e-35  -3.1064e-37 -3.29048e-36 -1.43528e-38 -2.82149e-37 -4.60155e-40 -1.88144e-38 -1.02628e-41 -8.64439e-40 -1.12184e-43  -2.1302e-41  1.63322e-46
  6.6301e-05    3.874e-17  -0.00119089 -8.78357e-17   0.00478025 -4.18904e-18  -0.00271643  8.18648e-17    -0.019182  1.24543e-17    0.0360147  7.24035e-17  -0.00776405  -5.0078e-17   -0.0194592 -2.81253e-16 -0.000268081  1.18497e-16   0.00885476  2.09713e-16   0.00484001 -3.36011e-17 -0.000493599 -8.05524e-17  -0.00215042  -3.1391e-17  -0.00143358  1.66545e-17 -0.000419683  2.80326e-17  9.72934e-05  7.74615e-18  0.000196981 -6.94462e-18  0.000135354 -7.29006e-18  6.25233e-05 -3.37588e-18  2.01905e-05  -4.4773e-20  3.20576e-06  1.37738e-18 -1.27834e-06  8.97132e-19 -1.49096e-06  1.06765e-19 -8.75937e-07 -7.28806e-20 -3.99375e-07   1.5849e-20 -1.55428e-07  2.22803e-20 -5.36313e-08 -1.64261e-20  -1.6724e-08 -2.22582e-20  -4.7633e-09 -7.63308e-21 -1.24659e-09  1.45767e-21 -3.00663e-10   2.4455e-21 -6.68747e-11  1.19363e-21 -1.36969e-11   3.9608e-22 -2.57322e-12  9.82009e-23 -4.40319e-13  -4.0978e-24 -6.78175e-14 -2.61612e-23 -9.21086e-15 -1.57518e-23 -1.06128e-15 -3.33187e-24 -9.49651e-17  1.61251e-24 -4.81213e-18  1.78278e-24  2.27964e-19  8.71656e-25   6.0334e-20  2.74409e-25 -5.65127e-21  5.07324e-26 -5.04118e-21  -1.9469e-27 -1.46253e-21 -6.04009e-27 -3.02199e-22 -2.95124e-27 -5.08236e-23 -9.94917e-28 -7.30681e-24 -2.73961e-28 -9.18451e-25 -6.80355e-29 -1.02046e-25 -1.67859e-29 -1.00694e-26 -4.32589e-30 -8.83181e-28 -1.11763e-30 -6.87184e-29 -2.67592e-31 -4.72223e-30 -5.62198e-32 -2.84628e-31 -1.01195e-32 -1.49009e-32  -1.5512e-33 -6.68523e-34 -2.02837e-34 -2.52535e-35 -2.26326e-35 -7.86388e-37  -2.1258e-36 -1.97422e-38 -1.61066e-37 -3.87414e-40 -9.02634e-39 -5.32714e-42 -3.17299e-40 -3.18782e-44 -4.44252e-42
-1.10269e-17  6.33058e-05  8.13633e-17  -0.00174392 -1.10634e-16   0.00787683 -5.42011e-17  -0.00912965  7.11282e-17   -0.0131652  7.24035e-17    0.0319501  1.48565e-16  -0.00355001 -1.27491e-16   -0.0195893 -3.05986e-16  -0.00383351  1.19448e-16    0.0077969  2.02531e-16   0.00630296 -5.28373e-18  0.000996182  -7.9833e-17  -0.00170693  -4.2026e-17  -0.00168998  1.67084e-17 -0.000798225  3.19786e-17 -0.000137655  1.10218e-17  0.000112847 -5.95423e-18   0.00012991 -8.77377e-18  7.96999e-05  -5.0237e-18  3.58092e-05 -5.63438e-19  1.22522e-05  1.38778e-18  2.84725e-06  9.33588e-19  7.59426e-08   1.8668e-19 -3.75969e-07  2.97977e-20 -2.69866e-07  6.24447e-20 -1.32111e-07  1.71063e-20 -5.35438e-08 -3.16969e-20 -1.90933e-08 -3.00922e-20 -6.16107e-09 -1.00541e-20 -1.82764e-09   7.6144e-22 -5.03438e-10  2.30653e-21 -1.29671e-10  1.29266e-21  -3.1391e-11  5.03513e-22 -7.17034e-12   1.3365e-22 -1.55018e-12 -8.16574e-24 -3.17952e-13 -3.30563e-23 -6.19765e-14 -1.67738e-23 -1.14933e-14 -1.82393e-24 -2.02849e-15  2.91026e-24 -3.40612e-16  2.38321e-24 -5.43538e-17  1.06558e-24 -8.22797e-18   3.1885e-25 -1.17863e-18  5.62984e-26 -1.59279e-19 -2.72274e-27 -2.02351e-20 -6.75558e-27 -2.40719e-21 -3.20249e-27 -2.66998e-22 -1.06128e-27 -2.74839e-23 -2.91524e-28  -2.6124e-24 -7.33569e-29 -2.28036e-25 -1.83103e-29  -1.8169e-26 -4.63468e-30 -1.31238e-27 -1.13619e-30 -8.52714e-29 -2.53389e-31 -4.93859e-30 -4.93259e-32 -2.52189e-31 -8.22609e-33  -1.1203e-32 -1.16887e-33 -4.25634e-34  -1.4138e-34 -1.35375e-35 -1.44656e-35 -3.51498e-37 -1.22085e-36  -7.2511e-39 -8.00687e-38 -1.13509e-40 -3.63625e-39 -1.12204e-42 -8.92072e-41 -2.72929e-45
 4.10029e-05 -3.08772e-17 -0.000228094  1.31974e-16  -0.00141452  -1.0765e-16   0.00963882 -1.18469e-16   -0.0144912  2.36446e-17  -0.00776405  1.48565e-16    0.0286331  2.23422e-16 -0.000464783 -1.86311e-16   -0.0188636  -3.1374e-16  -0.00686661   1.0218e-16   0.00606974  1.90871e-16   0.00713541  1.42907e-17   0.00251085 -7.87007e-17 -0.000906301  -4.7685e-17  -0.00166558  1.75464e-17  -0.00108636  3.57985e-17 -0.000400304  1.50319e-17 -2.78841e-05 -4.52767e-18  8.20695e-05 -1.00987e-17   7.5115e-05 -6.52011e-18  4.32431e-05 -1.15114e-18  1.93364e-05  1.19694e-18  7.04292e-06  8.87519e-19  2.05771e-06  2.93853e-19  4.25305e-07   1.6063e-19  1.58795e-08  1.12995e-19 -4.09748e-08  1.00641e-20 -2.74214e-08 -4.71363e-20 -1.23844e-08 -3.80021e-20 -4.63791e-09 -1.31219e-20 -1.53247e-09 -5.01331e-22 -4.59344e-10   1.9282e-21  -1.2679e-10  1.31484e-21 -3.25207e-11  5.70665e-22 -7.79606e-12  1.45579e-22 -1.75334e-12 -1.90596e-23 -3.70827e-13 -3.85148e-23  -7.3858e-14 -1.54372e-23 -1.38613e-14   8.3487e-25 -2.45113e-15  4.51189e-24 -4.08143e-16  3.00241e-24  -6.3923e-17  1.23564e-24 -9.40184e-18  3.49934e-25 -1.29602e-18  5.80453e-26 -1.67033e-19 -3.88257e-27 -2.00709e-20 -7.24136e-27 -2.24129e-21 -3.29861e-27 -2.31739e-22 -1.07109e-27 -2.20926e-23 -2.92928e-28 -1.93272e-24 -7.42155e-29 -1.54309e-25 -1.85043e-29 -1.11729e-26 -4.55042e-30  -7.2826e-28 -1.05478e-30 -4.23618e-29 -2.19235e-31 -2.17622e-30 -3.95786e-32 -9.74858e-32 -6.11389e-33 -3.74787e-33 -8.03613e-34 -1.21205e-34 -8.94702e-35 -3.21971e-36 -8.31634e-36 -6.87581e-38 -6.20757e-37 -1.16955e-39 -3.43143e-38 -1.51024e-41 -1.19614e-39 -9.85119e-44 -1.67124e-41
  2.5606e-18  0.000146623 -5.82533e-17 -0.000938791  1.77615e-16  0.000204148 -7.41084e-17   0.00929471 -1.83913e-16   -0.0179254  -5.0078e-17  -0.00355001  2.23422e-16    0.0261664  2.80011e-16   0.00178324 -2.14466e-16   -0.0176865 -3.04336e-16  -0.00929226  7.80262e-17   0.00395689  1.74066e-16    0.0073208  2.15868e-17   0.00384735 -7.94199e-17  0.000125775 -4.99552e-17  -0.00134827   1.9207e-17   -0.0012106  4.00012e-17  -0.00062736   1.9677e-17 -0.000193956 -2.76261e-18 -6.22025e-07  -1.0997e-17  4.61294e-05 -7.63679e-18  3.80232e-05 -1.74949e-18   2.1177e-05  8.46275e-19  9.50424e-06  8.01909e-19  3.62524e-06  4.36269e-19  1.19559e-06  3.10743e-19  3.39191e-07  1.64516e-19  7.97941e-08   3.8035e-21  1.36043e-08 -6.02508e-20   4.6101e-10 -4.49292e-20 -8.96188e-10  -1.6377e-20 -5.11299e-10 -2.05389e-21 -1.96716e-10  1.42895e-21 -6.28211e-11  1.27387e-21 -1.76992e-11  5.87678e-22 -4.51684e-12  1.32253e-22 -1.05841e-12 -3.36094e-23 -2.29475e-13 -4.02831e-23  -4.6238e-14 -1.11403e-23 -8.67971e-15  4.57888e-24 -1.51962e-15  6.28188e-24 -2.48168e-16  3.56987e-24 -3.77796e-17  1.35805e-24 -5.35433e-18   3.6219e-25 -7.05119e-19   5.5366e-26 -8.60687e-20 -5.31798e-27 -9.70742e-21 -7.43939e-27 -1.00784e-21  -3.2336e-27  -9.5875e-23 -1.02641e-27 -8.31039e-24 -2.78768e-28 -6.51847e-25 -7.05888e-29 -4.58686e-26 -1.73772e-29 -2.86319e-27  -4.1148e-30 -1.56143e-28  -8.9889e-31 -7.27597e-30 -1.74057e-31 -2.79449e-31 -2.91364e-32 -8.23988e-33 -4.16398e-33 -1.51631e-34 -5.04682e-34  3.32816e-37 -5.13837e-35   1.3391e-37   -4.288e-36  4.50542e-39 -2.77459e-37  6.45889e-41 -1.24634e-38  2.41768e-43 -3.04026e-40  2.17062e-45
 4.50793e-07  3.68605e-18  0.000242527 -8.66686e-17  -0.00185494  2.08262e-16   0.00282713 -1.81977e-17   0.00700841 -2.39981e-16   -0.0194592 -1.27491e-16 -0.000464783  2.80011e-16    0.0243733  3.08055e-16   0.00347547 -2.12474e-16   -0.0162996 -2.78111e-16    -0.011143  5.82042e-17    0.0016794  1.53386e-16   0.00691869  1.61843e-17   0.00486285 -8.36677e-17   0.00124241 -5.10467e-17 -0.000780045  2.12217e-17  -0.00113281  4.45807e-17 -0.000761778   2.4554e-17 -0.000344423  -7.6213e-19 -9.85182e-05 -1.12295e-17 -1.37448e-06 -8.22011e-18  2.01465e-05 -2.28348e-18  1.63376e-05  4.34841e-19  9.01239e-06  7.45223e-19   4.0644e-06  6.26309e-19  1.58951e-06  4.75389e-19  5.53661e-07  2.18373e-19  1.74165e-07   3.0051e-21  4.98312e-08 -6.78824e-20  1.30014e-08 -4.93209e-20  3.08868e-09 -1.89237e-20  6.63809e-10 -3.38661e-21  1.27188e-10  1.00805e-21  2.10386e-11  1.21475e-21  2.76204e-12  5.64703e-22  1.98301e-13  1.02782e-22 -3.09261e-14  -4.5289e-23 -1.76555e-14 -3.59572e-23  -4.9364e-15 -3.67683e-24 -1.06907e-15  9.12148e-24 -1.96046e-16  8.02086e-24 -3.13121e-17  4.00855e-24 -4.38014e-18  1.41296e-24 -5.31014e-19  3.52861e-25   -5.389e-20  4.85113e-26 -4.12866e-21 -6.80995e-27 -1.34002e-22 -7.32309e-27  2.65816e-23 -3.02322e-27  7.02447e-24 -9.36276e-28  1.06479e-24  -2.5166e-28   1.2585e-25 -6.31745e-29  1.24587e-26 -1.51953e-29  1.05905e-27 -3.43931e-30  7.79279e-29 -7.05876e-31  4.96165e-30   -1.272e-31  2.71659e-31 -1.97238e-32  1.26446e-32 -2.60229e-33  4.91534e-34 -2.89538e-34  1.55244e-35 -2.67291e-35  3.80442e-37 -1.97269e-36  6.65175e-39 -1.07777e-37  7.08617e-41 -3.72554e-39  3.56768e-43 -5.18729e-41
 4.12122e-18  4.79187e-05  7.42516e-19  0.000133062 -1.09356e-16  -0.00245943  2.21834e-16    0.0056526  4.32063e-17   0.00354207 -2.81253e-16   -0.0195893 -1.86311e-16   0.00178324  3.08055e-16    0.0230459  3.05556e-16   0.00480904 -1.89332e-16   -0.0148306 -2.36465e-16   -0.0124895  5.04313e-17 -0.000606561  1.31413e-16   0.00602473  5.05033e-19   0.00547348 -9.19728e-17   0.00230104 -5.28213e-17 -4.19706e-05  2.28935e-17 -0.000855139  4.89571e-17 -0.000766494  2.89936e-17 -0.000440313  1.32656e-18  -0.00018593 -1.06976e-17 -5.47576e-05 -8.23527e-18  -5.6849e-06  -2.6733e-18  5.95559e-06  9.34424e-20  5.53446e-06   7.9255e-19  3.13565e-06  8.77824e-19  1.42883e-06  6.55631e-19   5.6473e-07  2.80483e-19  2.00112e-07  1.38117e-20  6.47339e-08 -6.65016e-20   1.9335e-08 -4.92426e-20  5.37414e-09 -1.95628e-20  1.39815e-09 -3.87177e-21  3.42038e-10  8.95107e-22  7.89791e-11  1.20315e-21  1.72687e-11    5.296e-22  3.58493e-12  7.44132e-23  7.08138e-13 -4.63276e-23  1.33302e-13 -2.38939e-23  2.39323e-14  6.55201e-24  4.09754e-15  1.39612e-23  6.68367e-16  9.49621e-24  1.03662e-16  4.25097e-24  1.52455e-17  1.38971e-24  2.11874e-18  3.22814e-25  2.77141e-19  3.85578e-26  3.39711e-20 -8.08845e-27  3.88397e-21 -6.90381e-27  4.12149e-22 -2.69978e-27  4.03805e-23  -8.1418e-28  3.63236e-24  -2.1562e-28  2.98154e-25 -5.32099e-29  2.21796e-26 -1.23899e-29  1.48361e-27 -2.66404e-30  8.84146e-29 -5.12167e-31   4.6421e-30 -8.57564e-32  2.11758e-31 -1.22962e-32  8.24288e-33 -1.49301e-33  2.67176e-34 -1.51574e-34  6.95443e-36 -1.25479e-35  1.36881e-37 -8.03232e-37  1.82152e-39 -3.57296e-38  1.30987e-41 -8.66245e-40  3.29954e-44
  -9.808e-06  1.26122e-17  0.000172856 -7.81157e-18 -0.000348213  -1.2215e-16   -0.0022618  2.23204e-16    0.0078515  9.25209e-17 -0.000268081 -3.05986e-16   -0.0188636 -2.14466e-16   0.00347547  3.05556e-16    0.0220332  2.76502e-16    0.0059067 -1.56344e-16   -0.0133426 -1.82112e-16   -0.0134065  5.76022e-17  -0.00279638  1.11018e-16   0.00474575 -2.13024e-17   0.00564456 -1.03553e-16   0.00317912 -5.61346e-17  0.000762891  2.35757e-17 -0.000416681  5.21804e-17 -0.000632328  3.22311e-17 -0.000455171  3.28176e-18 -0.000239025 -9.51274e-18 -9.88801e-05 -7.77413e-18 -3.17588e-05 -2.85202e-18  -6.6844e-06 -5.26051e-20  2.48543e-07  1.00381e-18  1.18495e-06  1.20095e-18  7.87222e-07  8.56701e-19  3.76453e-07  3.59264e-19  1.51253e-07  4.23834e-20  5.38124e-08 -5.28654e-20  1.73813e-08  -4.2772e-20   5.1693e-09 -1.71085e-20  1.42815e-09 -2.95239e-21  3.68695e-10  1.27741e-21  8.93018e-11  1.30293e-21  2.03489e-11  5.17453e-22  4.37001e-12  6.60375e-23  8.85345e-13 -3.07575e-23  1.69269e-13 -4.09959e-24  3.05332e-14   1.8456e-23  5.19232e-15  1.84511e-23  8.31395e-16   1.0489e-23  1.25136e-16  4.25588e-24  1.76678e-17  1.29005e-24  2.33418e-18  2.76472e-25  2.87739e-19  2.71257e-26  3.29888e-20 -8.91118e-27  3.50466e-21  -6.2295e-27  3.43593e-22 -2.30476e-27  3.09408e-23 -6.75299e-28  2.54563e-24 -1.75278e-28  1.90182e-25 -4.21692e-29    1.281e-26 -9.42927e-30  7.71327e-28 -1.91586e-30  4.10929e-29 -3.44031e-31  1.91234e-30 -5.34166e-32  7.64699e-32 -7.06475e-33  2.57014e-33 -7.85995e-34  7.03367e-35  -7.2229e-35  1.48913e-36 -5.28534e-36  2.21385e-38 -2.85956e-37  1.84736e-40  -9.8071e-39  3.88203e-43 -1.35983e-40
-3.51145e-18 -1.20954e-05  2.49691e-17  0.000324975 -2.09816e-17  -0.00115457 -1.23565e-16  -0.00110996  2.19307e-16   0.00894145  1.18497e-16  -0.00383351  -3.1374e-16   -0.0176865 -2.12474e-16   0.00480904  2.76502e-16    0.0212424  2.27361e-16   0.00684434 -1.22619e-16   -0.0118646 -1.18993e-16   -0.0139599  7.82389e-17  -0.00482172  9.44238e-17   0.00318703 -4.47195e-17   0.00537957 -1.16553e-16   0.00378245 -6.07053e-17   0.00152548  2.28406e-17  0.000115319   5.3272e-17 -0.000379347  3.36144e-17 -0.000381884  4.80212e-18 -0.000242973 -7.99108e-18 -0.000121182 -7.02485e-18 -5.02115e-05  -2.7828e-18 -1.74923e-05  8.14792e-20 -4.99311e-06  1.40645e-18 -1.03885e-06   1.5966e-18 -6.07733e-08   1.0839e-18  8.10977e-08  4.62135e-19  5.62706e-08  9.29947e-20  2.53826e-08 -2.49219e-20  9.40972e-09 -2.86018e-20  3.06364e-09 -1.07982e-20  9.01494e-10 -3.40402e-22  2.43371e-10  2.23088e-21  6.08061e-11  1.55058e-21  1.41355e-11  5.56415e-22   3.0675e-12  9.07257e-23  6.22573e-13  2.94902e-24  1.18284e-13  2.13571e-23  2.10405e-14  3.03986e-23  3.50253e-15  2.19304e-23  5.45095e-16  1.08463e-23  7.91929e-17  4.01984e-24  1.07199e-17  1.12824e-24  1.34885e-18   2.2074e-25  1.57315e-19   1.5948e-26  1.69499e-20 -9.13145e-27  1.68062e-21 -5.37603e-27  1.52652e-22 -1.88121e-27  1.26343e-23 -5.34081e-28  9.46838e-25 -1.35069e-28   6.3767e-26 -3.14312e-29  3.82388e-27 -6.70216e-30   2.0183e-28 -1.28089e-30  9.23708e-30 -2.14217e-31  3.59142e-31 -3.07668e-32    1.151e-32 -3.74067e-33  2.88999e-34 -3.79107e-34   5.0896e-36  -3.1203e-35  4.01513e-38 -1.98047e-36 -7.31504e-40 -8.73492e-38 -2.54359e-41 -2.10494e-39 -1.89972e-43
-5.63527e-06 -7.72726e-18  2.99297e-05  3.75047e-17  0.000358472  -3.6253e-17  -0.00199926 -1.13575e-16  0.000757901  2.14629e-16   0.00885476  1.19448e-16  -0.00686661 -3.04336e-16   -0.0162996 -1.89332e-16    0.0059067  2.27361e-16    0.0206189  1.64586e-16   0.00767165 -9.34392e-17   -0.0104076 -5.20136e-17   -0.0142034  1.07877e-16  -0.00663786  8.25944e-17   0.00144723   -6.596e-17   0.00471088 -1.28575e-16    0.0040491 -6.54714e-17   0.00214469  2.05118e-17  0.000657826  5.15392e-17 -5.21312e-05  3.27446e-17 -0.000234307  5.53083e-18 -0.000196173 -6.57557e-18  -0.00011573 -6.21673e-18 -5.58414e-05 -2.46884e-18 -2.31858e-05  5.18716e-19 -8.46749e-06  1.98794e-18 -2.74199e-06   2.0529e-18 -7.85298e-07  1.33793e-18 -1.95583e-07  5.91965e-19 -4.03514e-08   1.6633e-19 -5.83217e-09  1.73169e-20  7.78172e-12  -6.6415e-21  4.08836e-10 -6.38574e-22  1.95971e-10  3.85267e-21  6.64234e-11  3.68229e-21  1.88481e-11  1.93763e-21  4.71999e-12  6.56168e-22   1.0674e-12  1.50536e-22  2.20531e-13  5.08552e-23  4.18821e-14  4.86762e-23  7.33392e-15  4.05599e-23  1.18539e-15  2.38836e-23  1.76784e-16   1.0521e-23  2.42873e-17  3.57924e-24  3.06514e-18  9.27738e-25  3.53877e-19  1.63289e-25  3.71565e-20  6.44956e-27  3.51861e-21 -8.73184e-27  2.96811e-22  -4.4334e-27   2.1862e-23 -1.46751e-27  1.35509e-24 -4.02409e-28   6.4783e-26 -9.85549e-29   1.6696e-27 -2.20221e-29 -7.77032e-29 -4.45086e-30 -1.46361e-29 -7.96809e-31 -1.22747e-30 -1.23741e-31 -7.40182e-32 -1.63899e-32 -3.47735e-33 -1.82369e-33 -1.29142e-34 -1.67064e-34 -3.74806e-36 -1.21458e-35 -8.22934e-38 -6.51862e-37 -1.26942e-39 -2.21975e-38  -1.1036e-41 -3.06432e-40
 6.83806e-19 -1.87679e-05 -1.07032e-17  0.000145624  4.55802e-17  0.000123718  -5.1142e-17  -0.00251141   -9.316e-17   0.00288958  2.09713e-16    0.0077969   1.0218e-16  -0.00929226 -2.78111e-16   -0.0148306 -1.56344e-16   0.00684434  1.64586e-16    0.0201294  9.38674e-17   0.00842374 -7.07362e-17  -0.00897267  1.34185e-17   -0.0141778  1.40629e-16  -0.00821416  7.50451e-17 -0.000382259 -8.25873e-17   0.00369334 -1.37353e-16   0.00395118 -6.92088e-17   0.00253918  1.65986e-17   0.00112606  4.67348e-17  0.000289823  2.95015e-17 -4.35218e-05  5.10447e-18   -0.0001104 -5.71929e-18 -8.48599e-05 -5.56061e-18 -4.77707e-05 -1.95289e-18 -2.24569e-05  1.21834e-18 -9.25315e-06  2.69947e-18 -3.42328e-06  2.54472e-18 -1.15324e-06  1.61154e-18 -3.56995e-07  7.44834e-19  -1.0219e-07  2.58584e-19 -2.71774e-08  7.12638e-20 -6.74087e-09  2.16308e-20 -1.56477e-09  1.24584e-20 -3.41188e-10   9.1074e-21 -7.01763e-11  5.41914e-21 -1.36881e-11  2.40897e-21 -2.54862e-12  8.03839e-22 -4.56466e-13  2.35684e-22 -7.92562e-14  1.04598e-22 -1.34229e-14  7.33214e-23 -2.22285e-15  4.74033e-23 -3.59045e-16  2.40719e-23 -5.61734e-17  9.58428e-24 -8.43017e-18  3.00138e-24 -1.20097e-18  7.15468e-25 -1.60838e-19  1.10812e-25 -2.00775e-20 -5.29032e-28 -2.31909e-21 -7.81573e-27 -2.46263e-22 -3.49025e-27 -2.38956e-23 -1.09314e-27 -2.10587e-24 -2.88482e-28 -1.67465e-25 -6.80057e-29 -1.19297e-26 -1.44957e-29 -7.54859e-28  -2.7621e-30  -4.1997e-29 -4.61415e-31 -2.02891e-30 -6.63263e-32 -8.37844e-32 -8.07161e-33 -2.89785e-33 -8.17148e-34 -8.16944e-35 -6.69735e-35  -1.8072e-36 -4.22231e-36 -2.95517e-38 -1.84876e-37 -3.15457e-40 -4.42979e-39 -1.42663e-42
-1.16521e-06  4.38562e-19 -2.58179e-05 -1.02412e-17  0.000304957  4.58904e-17 -0.000412017  -6.3874e-17  -0.00243249 -6.49297e-17   0.00484001  2.02531e-16   0.00606974  7.80262e-17    -0.011143 -2.36465e-16   -0.0133426 -1.22619e-16   0.00767165  9.38674e-17    0.0197528  2.04937e-17   0.00912746 -5.43104e-17  -0.00755431  7.20604e-17   -0.0139127  1.70515e-16  -0.00952706  7.00749e-17  -0.00221557  -9.3644e-17   0.00240032 -1.41374e-16   0.00349541 -7.11179e-17   0.00265688  1.11889e-17   0.00144759  3.90255e-17  0.000584631  2.39717e-17  0.000150197  3.21827e-18 -6.98876e-06 -5.77033e-18 -3.79645e-05 -5.20244e-18 -2.93982e-05  -1.3061e-18  -1.6245e-05  2.09116e-18 -7.48407e-06  3.46823e-18 -3.03305e-06  3.03669e-18  -1.1098e-06   1.8889e-18  -3.7221e-07  9.09851e-19 -1.15553e-07  3.61675e-19 -3.34357e-08  1.31846e-19 -9.06321e-09  5.32478e-20 -2.31031e-09  2.68189e-20 -5.55456e-10  1.46178e-20 -1.26234e-10  7.14468e-21 -2.71588e-11   2.8779e-21 -5.53658e-12  9.68607e-22 -1.06976e-12  3.28115e-22 -1.95837e-13  1.54002e-22 -3.39358e-14  9.12916e-23 -5.55807e-15  5.00711e-23 -8.58652e-16  2.25859e-23 -1.24814e-16   8.2047e-24 -1.70222e-17  2.36759e-24   -2.171e-18  5.15777e-25 -2.58009e-19  6.77813e-26  -2.8459e-20 -4.79633e-27 -2.90084e-21 -6.56566e-27  -2.7193e-22 -2.62042e-27 -2.33175e-23 -7.76578e-28 -1.81781e-24 -1.96477e-28 -1.27942e-25 -4.43205e-29 -8.06332e-27 -8.95862e-30  -4.5063e-28 -1.60172e-30 -2.20698e-29 -2.48755e-31 -9.33463e-31 -3.29805e-32 -3.34704e-32 -3.67037e-33 -9.93057e-34 -3.35498e-34  -2.3595e-35 -2.42708e-35 -4.28223e-37 -1.29404e-36 -5.47434e-39 -4.37884e-38 -4.01691e-41 -6.01864e-40
 5.84209e-20 -8.83878e-06 -9.73169e-19  4.73495e-06 -5.91022e-18  0.000409086   3.7618e-17  -0.00112181 -7.32911e-17  -0.00171427 -3.36011e-17   0.00630296  1.90871e-16   0.00395689  5.82042e-17   -0.0124895 -1.82112e-16   -0.0118646 -9.34392e-17   0.00842374  2.04937e-17    0.0194764 -5.01209e-17   0.00980497  -4.2873e-17   -0.0061424  1.19612e-16   -0.0134266  1.92479e-16   -0.0105549  6.53576e-17  -0.00396976  -9.9425e-17  0.000921493 -1.40267e-16   0.00272297 -7.11503e-17   0.00248186  4.35419e-18   0.00157457  2.88273e-17  0.000780976  1.63504e-17  0.000307541 -3.01583e-19  8.96061e-05 -6.88997e-18  1.19369e-05 -5.19864e-18 -6.82417e-06 -6.09722e-19 -7.11004e-06  3.02522e-18 -4.13409e-06  4.21365e-18 -1.91019e-06   3.4885e-18 -7.63743e-07  2.14767e-18 -2.73712e-07  1.07098e-18 -8.95617e-08  4.64529e-19 -2.70525e-08  1.92255e-19 -7.59666e-09  8.42838e-20 -1.99262e-09  4.03912e-20 -4.89785e-10  1.94992e-20 -1.13051e-10  8.55775e-21 -2.45349e-11  3.25165e-21 -5.00934e-12  1.11242e-21 -9.62209e-13  4.07665e-22 -1.73796e-13  1.90149e-22 -2.94906e-14  1.00174e-22 -4.69486e-15  4.85615e-23  -7.0002e-16   1.9802e-23 -9.75534e-17  6.60219e-24 -1.26752e-17  1.75441e-24 -1.53117e-18  3.45934e-25 -1.71414e-19  3.60316e-26 -1.77184e-20 -6.68826e-27 -1.68398e-21 -5.18777e-27 -1.46452e-22  -1.8742e-27   -1.159e-23 -5.25413e-28 -8.29273e-25 -1.26931e-28 -5.32379e-26 -2.72474e-29 -3.03878e-27  -5.1951e-30 -1.52526e-28 -8.67736e-31  -6.6414e-30 -1.24817e-31 -2.46646e-31 -1.52009e-32 -7.64526e-33 -1.53785e-33 -1.92328e-34 -1.25651e-34 -3.78402e-36 -7.87942e-36 -5.52369e-38 -3.42888e-37 -5.39356e-40 -8.17306e-39  -2.3657e-42
  5.1142e-07  4.16882e-19  -2.3783e-05  -2.7125e-18  9.65059e-05  8.33292e-19  0.000343568  2.23485e-17  -0.00177992 -7.87842e-17 -0.000493599 -5.28373e-18   0.00713541  1.74066e-16    0.0016794  5.04313e-17   -0.0134065 -1.18993e-16   -0.0104076 -7.07362e-17   0.00912746 -5.01209e-17    0.0192928 -1.12376e-16    0.0104763 -3.46222e-17  -0.00472266  1.53397e-16   -0.0127276  2.03117e-16   -0.0112744  5.87127e-17  -0.00556237 -1.01047e-16  -0.00063913 -1.34824e-16   0.00170755 -6.99888e-17   0.00203742 -3.89743e-18   0.00149221    1.662e-17  0.000848709  6.88422e-18  0.000399715 -5.43088e-18  0.000158744 -9.01856e-18  5.24873e-05 -5.51285e-18  1.34825e-05  6.50734e-20  1.90962e-06  3.91251e-18 -5.05137e-07  4.86251e-18 -5.69781e-07  3.86122e-18 -3.04925e-07  2.36302e-18 -1.27143e-07  1.21017e-18 -4.56249e-08   5.5508e-19  -1.4639e-08   2.4519e-19 -4.27965e-09  1.10693e-19 -1.15215e-09  5.12406e-20 -2.87478e-10  2.30107e-20 -6.67456e-11  9.42922e-21 -1.44547e-11  3.45728e-21 -2.92374e-12   1.2021e-21 -5.52619e-13  4.58225e-22  -9.7591e-14  2.07729e-22 -1.60913e-14  9.96131e-23 -2.47433e-15  4.36412e-23  -3.5425e-16  1.62631e-23  -4.7125e-17  4.99365e-24 -5.81017e-18  1.21891e-24 -6.61943e-19   2.1429e-25 -6.94401e-20  1.50988e-26 -6.67954e-21 -6.84185e-27 -5.86269e-22 -3.86223e-27 -4.66796e-23 -1.27564e-27  -3.3481e-24 -3.38042e-28 -2.14496e-25 -7.76646e-29 -1.21454e-26 -1.57836e-29 -5.99773e-28 -2.82491e-30 -2.53865e-29  -4.3898e-31 -8.99717e-31 -5.82513e-32 -2.58373e-32 -6.48436e-33 -5.73025e-34 -5.91808e-34 -9.14186e-36 -4.26504e-35 -9.66874e-38 -2.26174e-36 -7.72123e-40 -7.61152e-38 -8.07141e-42 -1.04187e-39
 1.79948e-19 -1.50924e-06  8.68664e-19 -3.33656e-05 -3.13814e-18  0.000232721  7.73535e-18  5.21394e-05  3.30767e-18  -0.00216721 -8.05524e-17  0.000996182  1.42907e-17    0.0073208  1.53386e-16 -0.000606561  5.76022e-17   -0.0139599 -5.20136e-17  -0.00897267 -5.43104e-17   0.00980497 -1.12376e-16    0.0191996 -1.60951e-16    0.0111609 -2.74923e-17  -0.00327674  1.72748e-16   -0.0118143  2.01143e-16   -0.0116586  4.88151e-17  -0.00691039 -9.99541e-17  -0.00216619 -1.26669e-16  0.000550766 -6.87491e-17   0.00138426 -1.36039e-17    0.0012214  2.84205e-18   0.00078457 -4.11157e-18  0.000414773 -1.19016e-17  0.000188828 -1.18886e-17  7.55653e-05 -6.03001e-18  2.68013e-05   6.7282e-19  8.41428e-06  4.66907e-18  2.30704e-06  5.35934e-18   5.3149e-07  4.12287e-18  9.10944e-08  2.51233e-18   4.7974e-09  1.31086e-18 -4.64903e-09  6.22493e-19 -2.72572e-09  2.84287e-19 -1.02746e-09  1.29192e-19 -3.16892e-10  5.79932e-20 -8.54183e-11  2.47182e-20 -2.06803e-11  9.65053e-21 -4.55827e-12  3.45921e-21   -9.213e-13  1.21838e-21 -1.71387e-13  4.71734e-22 -2.93905e-14  2.05958e-22 -4.64615e-15   9.1112e-23 -6.76218e-16  3.65516e-23 -9.03868e-17  1.25327e-23  -1.1053e-17  3.54879e-24 -1.22972e-18   7.9185e-25 -1.23483e-19  1.21086e-25 -1.10578e-20  3.02903e-27 -8.66046e-22 -5.96153e-27 -5.72128e-23 -2.71298e-27 -2.92633e-24  -8.2537e-28 -8.17106e-26 -2.06512e-28  3.88918e-27 -4.49407e-29   8.0488e-28  -8.6054e-30  7.32701e-29 -1.43928e-30  4.80764e-30 -2.07228e-31  2.46664e-31 -2.52558e-32  1.00306e-32 -2.55414e-33   3.1825e-34 -2.08206e-34  7.55513e-36 -1.30012e-35  1.23561e-37 -5.62852e-37  1.17117e-39 -1.33534e-38  3.89498e-42
