    0.108634 -7.89805e-13    0.0936552  -2.9299e-13   0.00892191  6.70849e-14   -0.0153342  7.61877e-14  -0.00683904  1.64269e-14  -0.00022526 -4.28573e-15   0.00076651 -3.46245e-15  0.000311093 -9.17389e-16  5.70379e-05 -1.15291e-16  4.60468e-06 -5.11751e-18  7.27482e-08
-7.89805e-13     0.153451 -7.89961e-13    0.0735471 -1.58326e-13  -0.00613644  1.21759e-13   -0.0199529  9.19128e-14  -0.00822748   2.0926e-14 -0.000498715 -4.17974e-15  0.000857918 -4.12382e-15  0.000389004 -1.20053e-15  7.81826e-05  -1.6605e-16  6.98534e-06 -7.96912e-18
   0.0936552 -7.89961e-13     0.117694 -5.35202e-13    0.0450182 -6.81859e-14   -0.0110414  1.27242e-13   -0.0200695  9.52031e-14   -0.0091522  2.71715e-14  -0.00130948 -7.09452e-16  0.000530912 -3.02258e-15  0.000301959 -9.40588e-16  5.93107e-05 -1.14719e-16  3.81144e-06
 -2.9299e-13    0.0735471 -5.35202e-13    0.0791036 -3.71168e-13    0.0321784 -4.46777e-14    -0.010431  1.17357e-13   -0.0191851  9.61603e-14   -0.0100385  3.44825e-14  -0.00239686  4.59063e-15 -3.70688e-05  -8.7739e-16  0.000118766 -3.88874e-16  2.27051e-05 -3.41035e-17
  0.00892191 -1.58326e-13    0.0450182 -3.71168e-13      0.06002 -3.00895e-13    0.0277233 -4.46894e-14   -0.0083755  1.03236e-13   -0.0177722  9.39645e-14   -0.0105018  3.98904e-14  -0.00329618  9.20078e-15 -0.000537941  9.73621e-16 -2.95765e-05  8.07859e-18  1.13186e-06
 6.70849e-14  -0.00613644 -6.81859e-14    0.0321784 -3.00895e-13    0.0514014 -2.68743e-13    0.0263057 -5.38047e-14  -0.00545116  8.38871e-14   -0.0153941  8.51164e-14  -0.00993377  3.96313e-14  -0.00348245    1.056e-14 -0.000696357  1.52783e-15 -6.73733e-05  8.17078e-17
  -0.0153342  1.21759e-13   -0.0110414 -4.46777e-14    0.0277233 -2.68743e-13    0.0470055 -2.54424e-13    0.0267511 -7.13832e-14  -0.00129443  5.59547e-14   -0.0114794  6.62142e-14  -0.00787651  3.15732e-14  -0.00274979  8.11378e-15 -0.000505528   9.9058e-16 -3.38389e-05
 7.61877e-14   -0.0199529  1.27242e-13    -0.010431 -4.46894e-14    0.0263057 -2.54424e-13    0.0452004 -2.53977e-13    0.0290265 -9.91923e-14   0.00446404  1.76119e-14  -0.00591873  3.78868e-14  -0.00460713  1.81118e-14  -0.00149545  4.01435e-15 -0.000213115  3.06388e-16
 -0.00683904  9.19128e-14   -0.0200695  1.17357e-13   -0.0083755 -5.38047e-14    0.0267511 -2.53977e-13    0.0456641 -2.66741e-13    0.0331142 -1.36517e-13    0.0114409 -2.65196e-14  0.000244318  7.72396e-15   -0.0013043  5.47522e-15 -0.000433043  1.01112e-15 -3.95873e-05
 1.64269e-14  -0.00822748  9.52031e-14   -0.0191851  1.03236e-13  -0.00545116 -7.13832e-14    0.0290265 -2.66741e-13    0.0481481 -2.89566e-13     0.038121 -1.74692e-13    0.0178149 -6.33546e-14   0.00495483 -1.32031e-14  0.000740423  -1.3189e-15  4.31496e-05 -3.31718e-17
 -0.00022526   2.0926e-14   -0.0091522  9.61603e-14   -0.0177722  8.38871e-14  -0.00129443 -9.91923e-14    0.0331142 -2.89566e-13    0.0515195 -3.10962e-13    0.0416223 -1.96328e-13    0.0208656 -7.84021e-14   0.00657832 -1.90996e-14   0.00118633 -2.34802e-15  8.17402e-05
-4.28573e-15 -0.000498715  2.71715e-14   -0.0100385  9.39645e-14   -0.0153941  5.59547e-14   0.00446404 -1.36517e-13     0.038121 -3.10962e-13    0.0531139 -3.11093e-13     0.040515 -1.85566e-13    0.0190167 -6.80476e-14   0.00532701 -1.39456e-14  0.000734182 -1.06121e-15
  0.00076651 -4.17974e-15  -0.00130948  3.44825e-14   -0.0105018  8.51164e-14   -0.0114794  1.76119e-14    0.0114409 -1.74692e-13    0.0416223 -3.11093e-13    0.0497012 -2.73835e-13    0.0334739 -1.42843e-13    0.0134587 -4.33725e-14   0.00295738 -6.34628e-15  0.000236718
-3.46245e-15  0.000857918 -7.09452e-16  -0.00239686  3.98904e-14  -0.00993377  6.62142e-14  -0.00591873 -2.65196e-14    0.0178149 -1.96328e-13     0.040515 -2.73835e-13    0.0400841 -2.02709e-13    0.0226213 -8.71312e-14   0.00726911 -2.00932e-14   0.00110787 -1.66413e-15
 0.000311093 -4.12382e-15  0.000530912  4.59063e-15  -0.00329618  3.96313e-14  -0.00787651  3.78868e-14  0.000244318 -6.33546e-14    0.0208656 -1.85566e-13    0.0334739 -2.02709e-13    0.0267623 -1.21796e-13    0.0121163 -4.08842e-14   0.00289837 -6.42625e-15  0.000246322
-9.17389e-16  0.000389004 -3.02258e-15 -3.70688e-05  9.20078e-15  -0.00348245  3.15732e-14  -0.00460713  7.72396e-15   0.00495483 -7.84021e-14    0.0190167 -1.42843e-13    0.0226213 -1.21796e-13    0.0143067 -5.75122e-14     0.004973 -1.41662e-14  0.000801028  -1.2288e-15
 5.70379e-05 -1.20053e-15  0.000301959  -8.7739e-16 -0.000537941    1.056e-14  -0.00274979  1.81118e-14   -0.0013043 -1.32031e-14   0.00657832 -6.80476e-14    0.0134587 -8.71312e-14    0.0121163 -5.75122e-14   0.00592306 -2.05731e-14   0.00149416  -3.3807e-15   0.00013179
-1.15291e-16  7.81826e-05 -9.40588e-16  0.000118766  9.73621e-16 -0.000696357  8.11378e-15  -0.00149545  5.47522e-15  0.000740423 -1.90996e-14   0.00532701 -4.33725e-14   0.00726911 -4.08842e-14     0.004973 -2.05731e-14    0.0018217 -5.29363e-15  0.000304338 -4.73404e-16
 4.60468e-06  -1.6605e-16  5.93107e-05 -3.88874e-16 -2.95765e-05  1.52783e-15 -0.000505528  4.01435e-15 -0.000433043  -1.3189e-15   0.00118633 -1.39456e-14   0.00295738 -2.00932e-14   0.00289837 -1.41662e-14   0.00149416 -5.29363e-15  0.000390848 -8.96649e-16  3.53592e-05
-5.11751e-18  6.98534e-06 -1.14719e-16  2.27051e-05  8.07859e-18 -6.73733e-05   9.9058e-16 -0.000213115  1.01112e-15  4.31496e-05 -2.34802e-15  0.000734182 -6.34628e-15   0.00110787 -6.42625e-15  0.000801028  -3.3807e-15  0.000304338 -8.96649e-16  5.21473e-05 -8.19047e-17
 7.27482e-08 -7.96912e-18  3.81144e-06 -3.41035e-17  1.13186e-06  8.17078e-17 -3.38389e-05  3.06388e-16 -3.95873e-05 -3.31718e-17  8.17402e-05 -1.06121e-15  0.000236718 -1.66413e-15  0.000246322  -1.2288e-15   0.00013179 -4.73404e-16  3.53592e-05 -8.19047e-17   3.2562e-06
