 2.88365e-28  2.16387e-43  -1.9077e-26 -2.17253e-41  4.94212e-25  6.60229e-40 -7.74997e-24 -1.15647e-38  8.49262e-23  1.40834e-37 -6.98955e-22 -1.30149e-36   4.5085e-21   9.5849e-36 -2.34241e-20 -5.79727e-35  9.98228e-20  2.93647e-34 -3.53139e-19 -1.26163e-33  1.04476e-18  4.63371e-33 -2.59398e-18 -1.45999e-32  5.40363e-18  3.94229e-32 -9.40247e-18 -9.05716e-32  1.35295e-17  1.73866e-31 -1.57989e-17 -2.67053e-31  1.44464e-17  2.88435e-31 -9.56587e-18  -8.4472e-32  3.56558e-18 -5.14911e-31  5.33682e-19  1.54303e-30 -1.53747e-18 -2.69652e-30   6.7234e-19  3.24116e-30  1.68857e-19 -2.18265e-30 -2.59448e-19 -1.29471e-30  2.65365e-20  7.33891e-30  6.41476e-20 -1.51804e-29 -1.65204e-20  2.32619e-29 -1.41352e-20 -2.96854e-29  4.43554e-21  3.28289e-29  3.13501e-21 -3.19552e-29 -7.81278e-22  2.75449e-29 -6.82812e-22 -2.10931e-29  6.55682e-23   1.4404e-29  1.28711e-22 -8.81906e-30  1.13416e-23  4.86243e-30 -1.74819e-23 -2.40091e-30 -5.33916e-24  1.02803e-30  1.09052e-24 -3.48166e-31  9.18674e-25  6.87953e-32   1.0922e-25  9.63467e-33 -6.68636e-26 -1.29174e-32 -2.82106e-26  3.65222e-33 -1.83506e-27  3.26297e-34  1.71332e-27 -4.58444e-34  5.92701e-28   6.0671e-35   5.0042e-29  3.70304e-35 -2.02531e-29 -2.26038e-35 -7.68096e-30  8.79667e-36 -1.02126e-30 -1.54777e-36  4.78702e-32 -9.07647e-37  4.42633e-32  6.01273e-37  8.21385e-33 -1.13645e-37  6.24625e-34   5.1834e-40 -4.18529e-35  9.87703e-40 -1.69624e-35 -5.93257e-41 -2.11128e-36  2.27193e-40 -1.32231e-37 -5.54234e-41 -6.61716e-40 -5.26186e-42  6.02593e-40  2.50817e-42    5.928e-41 -2.51684e-43  1.98908e-42  2.17048e-44  2.58157e-44 -1.31917e-45  1.84848e-46  1.18683e-47
 2.16387e-43  2.73293e-26  1.24088e-41 -1.02841e-24 -8.66264e-40  2.03153e-23  2.11623e-38 -2.64802e-22 -3.16247e-37  2.51428e-21  3.39441e-36 -1.83676e-20  -2.8218e-35  1.06801e-19  1.89562e-34 -5.05419e-19 -1.05649e-33  1.97581e-18   4.9692e-33 -6.44218e-18 -1.99454e-32  1.76154e-17  6.87728e-32 -4.04664e-17 -2.04257e-31  7.79361e-17  5.21689e-31 -1.25001e-16 -1.13707e-30   1.6475e-16  2.07631e-30 -1.74075e-16 -3.04082e-30  1.40399e-16   3.1367e-30 -7.65876e-17 -8.62762e-31  1.56916e-17 -5.25015e-30   1.4811e-17   1.5273e-29 -1.42171e-17 -2.64798e-29  2.53259e-18  3.32243e-29  3.26372e-18  -2.8937e-29 -1.81826e-18  9.46293e-30 -4.41174e-19  2.43883e-29  5.65888e-19 -6.66984e-29   3.9438e-20  1.08396e-28 -1.39079e-19 -1.39923e-28 -5.83004e-21  1.53887e-28  3.00002e-20 -1.47594e-28  3.04176e-21   1.2448e-28 -5.50168e-21 -9.27984e-29  -1.2622e-21  6.16618e-29  7.41448e-22  -3.7046e-29  3.36061e-22  2.04703e-29 -4.26441e-23 -1.04661e-29 -5.60447e-23  4.82018e-30 -7.69531e-24 -1.84447e-30   4.7636e-24  4.86501e-31  2.06735e-24 -3.23103e-32  6.76797e-26 -3.42212e-32 -1.71297e-25  1.12009e-32 -5.20826e-26  1.22046e-33 -1.24532e-27 -9.97967e-34  3.18617e-27 -2.33759e-34  9.22317e-28  2.44737e-34   6.9409e-29  -9.0375e-35  -2.5936e-29  3.70279e-35 -9.19536e-30 -7.12921e-36  -1.2289e-30 -4.67502e-36  6.94797e-33  2.97825e-36  3.31822e-32 -5.39824e-37  6.33963e-33 -4.13167e-39   5.5975e-34  8.74396e-39  2.54511e-36  -1.2348e-39 -5.82652e-36    9.883e-40 -7.89368e-37 -2.27942e-40  -5.2438e-38   -1.151e-41  -1.5538e-39  6.72225e-42  4.37541e-41 -5.63508e-43  3.70019e-42  4.12939e-44  1.05074e-43 -1.85729e-45  1.11876e-45
 -1.9077e-26  1.24088e-41   1.2763e-24  4.03304e-40 -3.34538e-23 -2.14393e-38  5.31068e-22  4.35585e-37 -5.89463e-21 -5.65139e-36  4.91696e-20  5.40162e-35 -3.21665e-19 -4.06556e-34  1.69622e-18  2.50176e-33 -7.34273e-18 -1.28827e-32  2.64114e-17  5.63603e-32 -7.95345e-17 -2.11529e-31  2.01261e-16  6.84946e-31 -4.27978e-16 -1.91724e-30  7.61734e-16  4.62888e-30 -1.12426e-15 -9.56151e-30  1.35216e-15  1.65829e-29 -1.28242e-15 -2.31101e-29  8.94502e-16  2.27218e-29 -3.72637e-16  -5.9671e-30 -1.60992e-17 -3.47137e-29  1.37123e-16  9.68497e-29 -7.26202e-17 -1.62034e-28 -8.80805e-18   1.9938e-28  2.51215e-17 -1.79811e-28 -5.02251e-18  9.25985e-29 -5.74232e-18  4.83423e-29   2.2534e-18 -2.12097e-28  1.19473e-18  3.63593e-28 -5.96082e-19  -4.7199e-28 -2.65872e-19  5.15375e-28  1.16687e-19 -4.87307e-28  6.23701e-20  4.02486e-28 -1.52122e-20 -2.92297e-28 -1.32485e-20  1.89271e-28  3.24202e-22 -1.12197e-28  2.12981e-21  6.29528e-29   4.0059e-22 -3.39523e-29 -1.96936e-22  1.70169e-29 -9.75865e-23 -7.25003e-30 -1.86861e-24   2.2625e-30  9.86278e-24 -3.57222e-31  2.81183e-24 -4.36222e-32 -1.11093e-25     2.42e-32 -2.55317e-25  1.89576e-33 -6.12295e-26  5.14701e-34  6.11144e-29 -2.42526e-33  3.53926e-27  1.03067e-33  9.08888e-28 -2.59657e-34  6.91568e-29  1.13011e-34 -1.86092e-29 -2.17274e-35 -6.57425e-30 -1.71836e-35 -8.99069e-31  1.01217e-35 -2.63233e-32 -1.74217e-36  1.27353e-32 -3.06868e-38  2.63004e-33  3.80031e-38  2.51556e-34 -5.69513e-39  9.36844e-36  2.75772e-39 -7.16764e-37 -6.17945e-40 -1.21808e-37 -1.23603e-41 -7.94697e-39   1.1748e-41 -2.35321e-40 -7.91699e-43 -3.08442e-42  4.84096e-44  3.02901e-44 -1.32112e-45
-2.17253e-41 -1.02841e-24  4.03304e-40  3.91558e-23  9.09733e-39 -7.83005e-22 -3.88049e-37  1.03376e-20  6.71453e-36 -9.94784e-20 -7.66353e-35  7.37006e-19  6.57468e-34 -4.34918e-18 -4.50254e-33  2.09049e-17  2.54571e-32 -8.30794e-17 -1.21335e-31  2.75664e-16  4.94138e-31 -7.68004e-16 -1.73428e-30  1.80017e-15  5.27087e-30 -3.54396e-15 -1.38898e-29  5.82402e-15  3.16488e-29 -7.89114e-15 -6.18151e-29  8.61638e-15  1.01488e-28 -7.25236e-15 -1.33857e-28  4.23595e-15  1.23957e-28 -1.11057e-15  -2.7845e-29 -6.43001e-16 -1.79178e-28  7.78581e-16  4.66508e-28 -2.03161e-16 -7.34565e-28 -1.52744e-16  8.50597e-28  1.13257e-16  -7.2301e-28  1.25692e-17  3.59354e-28  -3.3179e-17  1.42612e-28  1.38924e-18 -6.58742e-28  8.02838e-18   1.0925e-27 -5.85255e-19 -1.38015e-27 -1.78184e-18  1.47745e-27  2.60063e-20 -1.37223e-27  3.53805e-19  1.11045e-27  3.87714e-20 -7.87914e-28 -5.57852e-20  5.00007e-28 -1.62142e-20 -2.95245e-28  5.27317e-21  1.70304e-28  3.44759e-21 -9.75316e-29  1.11075e-22  5.26283e-29 -3.91764e-22 -2.41025e-29 -1.12849e-22  8.16187e-30  1.04254e-23 -1.58643e-30  1.33735e-23  8.63973e-33  2.74613e-24  4.87545e-32 -2.80765e-25 -2.14449e-33 -2.65732e-25  1.13007e-32 -5.36679e-26 -1.08349e-32  4.93405e-28  3.37276e-33  2.71137e-27 -6.36376e-34  6.46228e-28  2.86917e-34  5.37328e-29 -4.84609e-35 -8.07401e-30 -5.09652e-35 -3.12047e-30  2.70572e-35 -4.38239e-31 -4.43018e-36 -2.37462e-32  -1.0274e-37   2.3843e-33  1.13533e-37  6.26235e-34 -1.61902e-38  6.18767e-35  5.72885e-39  3.04575e-36 -1.27637e-39  1.90453e-38   8.2256e-43 -7.19965e-39  1.52604e-41 -4.00867e-40 -7.79698e-43 -1.05092e-41  3.84369e-44 -7.43408e-44
 4.94212e-25 -8.66264e-40 -3.34538e-23  9.09733e-39  8.87666e-22  1.55985e-37 -1.42727e-20 -5.52353e-36  1.60553e-19  8.28196e-35 -1.35814e-18 -8.39874e-34   9.0166e-18   6.5065e-33 -4.82887e-17 -4.06874e-32  2.12481e-16  2.11769e-31 -7.77636e-16 -9.34866e-31  2.38535e-15   3.5431e-30 -6.15666e-15 -1.16161e-29  1.33752e-14  3.30779e-29 -2.43711e-14 -8.18658e-29  3.69269e-14  1.75505e-28 -4.57805e-14 -3.22835e-28  4.50651e-14   4.9894e-28 -3.30991e-14  -6.1697e-28  1.52557e-14  5.25952e-28 -7.47446e-16   -7.088e-29 -4.73647e-15 -7.81536e-28  3.03559e-15   1.8228e-27  2.67324e-17 -2.61519e-27 -9.37817e-16  2.70467e-27   2.8893e-16  -1.9194e-27  1.92003e-16  5.00501e-28 -1.11007e-16  1.07571e-27 -3.58508e-17 -2.41874e-27   2.9077e-17  3.37501e-27  7.81883e-18 -3.91905e-27 -6.08209e-18  4.01019e-27 -2.02549e-18 -3.62352e-27  9.65536e-19  2.87104e-27  4.99115e-19 -2.00201e-27 -8.34717e-20  1.25857e-27 -9.51872e-20 -7.48652e-28 -7.31971e-21  4.44911e-28  1.15048e-20 -2.66298e-28  3.68982e-21  1.49831e-28 -4.31225e-22 -7.07304e-29 -5.12235e-22  2.44532e-29  -9.3812e-23 -4.90936e-30  2.08697e-23  1.34684e-31  1.33661e-23  1.14313e-31  2.09888e-24 -2.07053e-32 -3.16912e-25  4.76239e-32 -2.07538e-25 -3.49069e-32 -3.73342e-26  9.30106e-33  7.01836e-29 -1.44873e-33  1.49506e-27  6.36789e-34  3.42994e-28 -7.65072e-35  3.17111e-29  -1.2748e-34 -1.83423e-30  5.99965e-35 -9.87061e-31 -9.45504e-36 -1.42851e-31 -2.16568e-37 -9.84254e-33  2.62126e-37  4.50581e-35 -3.38891e-38  7.92594e-35  9.36374e-39  7.99383e-36 -2.12707e-39   4.0131e-37  2.98137e-41  8.82051e-39  1.53249e-41 -2.46593e-41 -5.39301e-43 -5.25125e-42  1.92284e-44
 6.60229e-40  2.03153e-23 -2.14393e-38 -7.83005e-22  1.55985e-37  1.58592e-20  2.14223e-36 -2.12196e-19 -6.44822e-35  2.07072e-18  8.48678e-34 -1.55681e-17 -7.70453e-33  9.32966e-17  5.41283e-32 -4.55786e-16 -3.09733e-31  1.84275e-15  1.48479e-30 -6.22693e-15 -6.06629e-30  1.76895e-14  2.13554e-29 -4.23415e-14 -6.52121e-29   8.5279e-14  1.73318e-28 -1.43719e-13 -4.00942e-28  2.00364e-13  8.04017e-28 -2.26271e-13 -1.38273e-27  1.98827e-13   1.9914e-27 -1.24071e-13 -2.26903e-27  3.94307e-14  1.69877e-27  1.34898e-14  1.10365e-28 -2.22864e-14 -2.98415e-27   7.7741e-15  5.90391e-27  3.51008e-15 -7.30065e-27 -3.62706e-15    5.983e-27  2.61181e-17 -2.07885e-27  9.95148e-16 -2.91971e-27 -1.58575e-16  7.21124e-27 -2.34224e-16 -9.88689e-27  4.77835e-17  1.11288e-26  5.30343e-17 -1.14233e-26  -7.7609e-18   1.0893e-26 -1.13342e-17 -9.45529e-27  1.44068e-19  7.31971e-27  2.04032e-18 -5.05032e-27  3.28843e-19  3.18251e-27  -2.5351e-19 -1.91916e-27 -1.02194e-19   1.1604e-27  1.04503e-20 -7.03111e-28  1.52632e-20  3.97193e-28  2.70368e-21 -1.86405e-28 -8.89314e-22  6.30638e-29 -4.98279e-22 -1.19067e-29 -5.82424e-23  7.53562e-32  2.32777e-23  3.01996e-31   1.0442e-23 -6.15368e-32   1.3352e-24  1.37994e-31 -2.32665e-25 -9.19708e-32 -1.25402e-25  2.25184e-32  -2.1062e-26   -3.197e-33 -3.41576e-28  1.26476e-33  5.92626e-28 -5.88251e-35  1.35419e-28 -2.75065e-34  1.36636e-29  1.13335e-34  2.54746e-32 -1.75644e-35 -1.97258e-31 -2.81547e-37 -3.00063e-32  4.95986e-37 -2.24708e-33 -5.58966e-38 -6.43424e-35   1.2273e-38  3.83115e-36 -2.94216e-39  4.77252e-37  6.43462e-41  2.03569e-38  1.19117e-41  3.89882e-40 -2.41124e-43  1.43436e-42
-7.74997e-24  2.11623e-38  5.31068e-22 -3.88049e-37 -1.42727e-20  2.14223e-36  2.32574e-19   2.4378e-35 -2.65303e-18 -6.34526e-34  2.27732e-17  7.40122e-33 -1.53531e-16 -6.04708e-32  8.35637e-16  3.86249e-31 -3.74024e-15 -2.02332e-30  1.39381e-14  8.92124e-30 -4.35841e-14 -3.36316e-29  1.14832e-13  1.09462e-28 -2.55086e-13 -3.09372e-28  4.76251e-13   7.6125e-28  -7.4148e-13  -1.6297e-27  9.48417e-13  3.01975e-27 -9.69655e-13 -4.78026e-27  7.49733e-13  6.27398e-27 -3.79333e-13 -6.32037e-27   4.9804e-14  3.59837e-27  9.71499e-14  2.36541e-27 -7.61576e-14 -1.00281e-26  7.18352e-15  1.55409e-26  2.07253e-14 -1.43802e-26 -9.05226e-15  4.52149e-27 -3.57214e-15   1.1274e-26  3.14569e-15 -2.67016e-26  5.19984e-16  3.62798e-26 -8.14772e-16  -3.8894e-26 -1.02251e-16  3.71557e-26  1.78646e-16 -3.38681e-26  3.24058e-17  2.98155e-26 -3.21642e-17 -2.46387e-26 -1.01928e-17  1.85834e-26  4.00033e-18 -1.27406e-26  2.39323e-18  8.10044e-27 -1.19888e-19 -4.94233e-27 -3.64866e-19  2.98405e-27 -7.09926e-20 -1.77643e-27  2.63085e-20  9.78351e-28  1.47039e-20 -4.44902e-28  1.24924e-21  1.42911e-28 -1.02032e-21 -2.34715e-29 -3.83431e-22 -1.16455e-30 -2.77692e-23   7.4725e-31   1.8389e-23 -1.00879e-31  6.57828e-24  3.23658e-31   7.3886e-25 -2.09463e-31 -1.19425e-25   4.8909e-32 -5.90081e-26 -6.88876e-33 -9.58097e-27   2.2804e-33 -3.66159e-28  1.13883e-34  1.62248e-28 -5.19022e-34  3.87157e-29   1.8491e-34  4.13165e-30 -2.90993e-35   1.4814e-31 -8.29473e-38 -2.11678e-32  7.97365e-37 -3.75687e-33 -7.48489e-38 -2.80861e-34  1.27682e-38 -1.05195e-35 -3.42558e-39 -7.06471e-38  8.73363e-41  8.77028e-39  6.93623e-42  2.59878e-40 -5.12591e-44
-1.15647e-38 -2.64802e-22  4.35585e-37  1.03376e-20 -5.52353e-36 -2.12196e-19   2.4378e-35  2.87911e-18  2.35336e-34 -2.85096e-17 -5.36375e-33  2.17651e-16  5.58287e-32 -1.32552e-15 -4.11856e-31  6.58641e-15  2.39289e-30 -2.71106e-14  -1.1453e-29  9.33703e-14  4.62467e-29 -2.70685e-13 -1.59743e-28  6.62201e-13  4.75842e-28 -1.36569e-12 -1.22756e-27  2.36247e-12  2.74536e-27 -3.39205e-12 -5.30879e-27  3.96517e-12  8.80204e-27 -3.63907e-12 -1.22597e-26  2.42171e-12  1.36181e-26  -9.0192e-13 -1.01542e-26 -1.53807e-13  1.13181e-29  4.18088e-13   1.5332e-26 -1.86583e-13 -2.89821e-26 -4.63185e-14  2.95649e-26   7.5199e-14 -7.19101e-27 -9.16929e-15 -3.78498e-26  -1.9057e-14  9.12412e-26  5.63089e-15 -1.31958e-25  4.27112e-15  1.46645e-25 -1.59945e-15 -1.37849e-25  -9.7526e-16   1.1824e-25   3.1256e-16 -9.82284e-26  2.24666e-16  8.03157e-26 -3.57649e-17 -6.30293e-26 -4.59927e-17   4.6207e-26 -1.63979e-18 -3.14966e-26  7.01607e-18  2.02065e-26  1.73157e-18 -1.23929e-26 -5.68905e-19  7.36348e-27 -3.58769e-19 -4.22763e-27 -2.46906e-20  2.23011e-27  3.20446e-20 -9.66625e-28  1.10472e-20  2.87989e-28  1.58607e-22 -3.73128e-29 -8.45712e-22 -5.90648e-30 -2.42342e-22  1.53517e-30 -1.08163e-23 -2.29219e-32  1.10085e-23  6.56638e-31  3.38608e-24 -4.24901e-31   3.6091e-25  9.63433e-32 -4.23028e-26 -1.42997e-32 -2.13681e-26  3.77595e-33 -3.42855e-27  6.26108e-34 -1.99047e-28 -8.63679e-34  2.73673e-29  2.61814e-34  7.62524e-30 -4.37502e-35  8.35677e-31  6.60936e-37  4.35748e-32  1.11779e-36 -4.42938e-34 -8.21063e-38 -2.40538e-34  9.89319e-39  -1.7133e-35 -3.37451e-39 -5.66187e-37    8.727e-41 -7.44436e-39  2.76744e-42  1.37299e-42
 8.49262e-23 -3.16247e-37 -5.89463e-21  6.71453e-36  1.60553e-19 -6.44822e-35 -2.65303e-18  2.35336e-34  3.07092e-17  1.95994e-33 -2.67669e-16 -3.94709e-32  1.83377e-15  3.68205e-31 -1.01509e-14 -2.45468e-30  4.62513e-14  1.29429e-29 -1.75637e-13 -5.62793e-29  5.60341e-13  2.06065e-28 -1.50837e-12 -6.42099e-28  3.42916e-12  1.70974e-27 -6.56629e-12 -3.88588e-27  1.05146e-11  7.48528e-27 -1.38886e-11 -1.20172e-26  1.47589e-11  1.54544e-26 -1.20116e-11  -1.4124e-26  6.63021e-12  3.93034e-27 -1.37039e-12  1.70657e-26 -1.34585e-12 -4.53893e-26  1.32591e-12  6.91255e-26 -2.57255e-13 -6.70551e-26 -3.09075e-13  1.43709e-26  1.86972e-13  1.01516e-25  3.85982e-14 -2.62094e-25 -5.99285e-14   4.1549e-25 -1.66894e-15 -5.03854e-25  1.52566e-14  5.02884e-25 -1.31789e-16 -4.35862e-25 -3.46279e-15  3.47967e-25  -1.5517e-16 -2.69975e-25  6.86392e-16  2.07355e-25   1.1418e-16 -1.54806e-25 -1.05079e-16   1.1014e-25 -3.78056e-17 -7.45276e-26  8.77293e-18  4.80972e-26  7.39774e-18 -2.94636e-26  5.67759e-19  1.70866e-26 -7.73466e-19 -9.37753e-27 -2.64752e-19  4.69405e-27  9.85725e-21 -1.91884e-27  2.77351e-20  5.19205e-28  6.75447e-21 -4.41131e-29 -2.90291e-22 -1.81075e-29 -5.46503e-22   2.3872e-30 -1.28843e-22  4.58812e-31 -4.10764e-24  1.19939e-30  5.09456e-24 -7.81129e-31  1.42133e-24  1.72934e-31  1.52238e-25 -2.81132e-32 -9.15982e-27  5.80363e-33 -5.77882e-27  1.71569e-33 -9.29004e-28 -1.27271e-33   -6.714e-29  3.20375e-34  1.72073e-30 -6.04537e-35  9.48102e-31   2.1224e-36  1.05449e-31  1.39588e-36  5.95861e-33 -7.30573e-38  1.25696e-34  4.22537e-39 -5.07835e-36 -2.80767e-39 -3.80648e-37  6.64218e-41 -7.49674e-39  5.85383e-43
 1.40834e-37  2.51428e-21 -5.65139e-36 -9.94784e-20  8.28196e-35  2.07072e-18 -6.34526e-34 -2.85096e-17  1.95994e-33  2.86661e-16  1.42527e-32 -2.22383e-15 -2.55139e-31  1.37735e-14  2.13654e-30 -6.96638e-14 -1.28415e-29  2.92168e-13  6.10281e-29 -1.02643e-12 -2.37967e-28  3.03933e-12  7.72471e-28 -7.60632e-12  -2.0889e-27  1.60782e-11   4.6402e-27 -2.85768e-11 -8.12578e-27  4.22983e-11  9.86626e-27 -5.12273e-11 -3.12473e-27   4.9128e-11 -2.22582e-26 -3.48151e-11  7.44436e-26  1.48528e-11 -1.50478e-25  5.38298e-13  2.29712e-25 -5.64927e-12 -2.75693e-25    3.165e-12  2.44581e-25  2.91696e-13 -9.39369e-26 -1.11244e-12 -2.04463e-25  2.69751e-13  6.36743e-25   2.5324e-13 -1.11563e-24 -1.19885e-13  1.49148e-24 -5.17684e-14 -1.63186e-24  3.32099e-14  1.51463e-24  1.16599e-14 -1.23912e-24 -7.08584e-15  9.39401e-25 -2.93935e-15  -6.9222e-25  1.10212e-15  5.04558e-25  6.97599e-16  -3.5946e-25 -7.85965e-17  2.47973e-25 -1.28644e-16 -1.66235e-25 -1.49383e-17  1.07561e-25  1.47528e-17 -6.55134e-26  5.51327e-18  3.69329e-26 -3.72691e-19 -1.93021e-26 -7.04828e-19  9.12175e-27 -1.52367e-19 -3.48964e-27  2.26843e-20  8.38308e-28  1.88005e-20 -2.36448e-29  3.47564e-21 -4.27204e-29 -2.99794e-22  2.10478e-30 -2.83704e-22  1.84892e-30 -5.82757e-23  2.03178e-30 -1.88525e-24 -1.31426e-30  1.81165e-24    2.832e-31  4.78888e-25 -5.17292e-32  5.29029e-26  8.35441e-33 -4.90018e-28  3.60415e-33 -1.10512e-27  -1.6599e-33 -1.81106e-28  3.32942e-34 -1.44635e-29 -7.74536e-35 -2.98727e-31  4.15433e-36  6.18902e-32  1.58206e-36  7.39805e-33 -5.05988e-38  3.87543e-34 -2.22327e-39   9.5858e-36 -1.95651e-39  5.05614e-38  3.76693e-41 -1.10381e-39
-6.98955e-22  3.39441e-36  4.91696e-20 -7.66353e-35 -1.35814e-18  8.48678e-34  2.27732e-17 -5.36375e-33 -2.67669e-16  1.42527e-32  2.37077e-15  9.12446e-32 -1.65173e-14 -1.45596e-30  9.30624e-14  1.09234e-29 -4.32003e-13 -5.87462e-29  1.67317e-12  2.47686e-28 -5.45093e-12  -8.4013e-28  1.50054e-11   2.2761e-27 -3.49463e-11 -4.66626e-27  6.86985e-11  5.75786e-27 -1.13258e-10  3.61703e-27   1.5464e-10 -4.53343e-26  -1.7094e-10  1.54433e-25  1.46434e-10  -3.6371e-25 -8.77514e-11  6.69382e-25  2.43359e-11 -9.97148e-25  1.31276e-11  1.20495e-24 -1.72174e-11 -1.13792e-24  5.08974e-12  6.97962e-25  3.25795e-12  1.27934e-25 -2.79156e-12 -1.27796e-24 -1.52488e-13  2.60321e-24   8.2729e-13 -3.82944e-24 -8.88772e-14   4.6011e-24 -2.04575e-13 -4.67215e-24  3.12772e-14  4.09748e-24  4.75334e-14 -3.20124e-24 -4.77756e-15  2.32998e-24 -1.02379e-14  -1.6478e-24 -2.63307e-16  1.14854e-24  1.83317e-15 -7.83043e-25  3.63542e-16  5.23455e-25 -2.20858e-16 -3.47086e-25 -1.01809e-16  2.24636e-25  6.55407e-18 -1.35664e-25  1.45246e-17  7.42006e-26  2.98674e-18 -3.68514e-26 -7.52362e-19  1.63805e-26  -4.9429e-19 -5.82421e-27 -6.96933e-20  1.20636e-27  1.99491e-20  5.64687e-29  1.04054e-20 -8.35308e-29  1.55212e-21 -2.08249e-30 -1.69391e-22  4.81179e-30  -1.1929e-22  3.26597e-30  -2.2356e-23 -2.03373e-30 -9.45264e-25  4.22748e-31  4.80283e-25 -8.85492e-32  1.25767e-25  1.13168e-32  1.43264e-26  6.38847e-33  3.88378e-28 -1.90235e-33  -1.3454e-28  2.80513e-34 -2.36666e-29 -9.25059e-35 -1.92638e-30  6.21521e-36 -7.28643e-32  1.65218e-36  9.09615e-34  -2.3753e-38  2.28881e-34 -7.04674e-39  9.61722e-36 -1.12176e-39   1.4689e-37  1.41365e-41
-1.30149e-36 -1.83676e-20  5.40162e-35  7.37006e-19 -8.39874e-34 -1.55681e-17  7.40122e-33  2.17651e-16 -3.94709e-32 -2.22383e-15  9.12446e-32  1.75442e-14  5.16561e-31 -1.10595e-13 -7.33917e-30  5.69855e-13   4.8956e-29 -2.43725e-12 -2.31415e-28  8.74205e-12  8.33335e-28 -2.64647e-11  -2.2524e-27    6.782e-11   3.9201e-27 -1.47082e-10  1.29922e-28  2.68873e-10 -3.25028e-26 -4.10694e-10   1.5085e-25  5.15807e-10 -4.61039e-25 -5.17208e-10   1.0936e-24  3.89867e-10 -2.11166e-24 -1.87485e-10  3.37102e-24  1.40989e-11 -4.44306e-24  5.76071e-11  4.73412e-24 -4.05078e-11 -3.79041e-24  1.61123e-12  1.56086e-24  1.23287e-11  1.61439e-24 -4.69551e-12 -5.22409e-24 -2.38163e-12  8.71193e-24  1.78726e-12 -1.14211e-23  3.96256e-13  1.26612e-23 -4.85849e-13 -1.20979e-23 -8.21381e-14  1.01075e-23  1.09572e-13 -7.58656e-24  2.42274e-14  5.33274e-24 -1.99608e-14 -3.64282e-24 -7.20807e-15  2.44089e-24    2.436e-15 -1.59592e-24  1.65354e-15  1.03323e-24 -3.96842e-17 -6.76967e-25 -2.48037e-16  4.37776e-25 -5.42078e-17 -2.61798e-25  1.68491e-17  1.38763e-25  1.05407e-17 -6.53589e-26   1.1035e-18  2.72172e-26 -6.84404e-19 -8.92593e-27  -2.8215e-19  1.52531e-27 -2.57703e-20  2.36245e-28  1.20921e-20 -1.39608e-28  4.79455e-21 -1.48875e-29  6.16331e-22  9.95528e-30 -6.48322e-23  5.05767e-30 -4.03333e-23 -2.89902e-30 -7.14154e-24  5.73847e-31 -4.02653e-25  -1.4067e-31  8.86031e-26   1.4393e-32  2.46273e-26  9.92955e-33   2.8521e-27 -1.87904e-33   1.3858e-28  1.65551e-34 -7.73615e-30 -1.03215e-34 -1.85622e-30  7.55037e-36 -1.45533e-31  1.60353e-36 -5.73277e-33 -2.25573e-39 -7.97673e-35 -8.75114e-39  1.55946e-36 -5.09047e-40  3.92807e-38
  4.5085e-21  -2.8218e-35 -3.21665e-19  6.57468e-34   9.0166e-18 -7.70453e-33 -1.53531e-16  5.58287e-32  1.83377e-15 -2.55139e-31 -1.65173e-14  5.16561e-31  1.17123e-13   2.5865e-30 -6.72242e-13 -3.24869e-29   3.1821e-12  1.89073e-28 -1.25813e-11 -7.51831e-28  4.18956e-11  2.05807e-27 -1.18059e-10 -2.70739e-27   2.8195e-10 -8.39464e-27 -5.69631e-10  7.50918e-26  9.67895e-10  -3.2053e-25 -1.36748e-09  1.00467e-24  1.57377e-09 -2.52824e-24 -1.41921e-09  5.26938e-24  9.19735e-10 -9.19505e-24 -3.17149e-10  1.34263e-23 -8.70461e-11 -1.62053e-23  1.73701e-10   1.5613e-23 -7.03813e-11 -1.07333e-23    -2.38e-11  2.31157e-24  3.17068e-11  7.74533e-24 -2.63873e-12   -1.749e-23 -8.59076e-12   2.5493e-23  2.21805e-12 -3.05753e-23  2.01769e-12  3.17105e-23 -6.75455e-13 -2.87362e-23 -4.73209e-13  2.29748e-23  1.35756e-13 -1.66167e-23  1.10495e-13  1.13155e-23 -1.50274e-14 -7.49558e-24 -2.28367e-14  4.84555e-24 -1.21732e-15 -3.04226e-24  3.50268e-15   1.9061e-24  9.34082e-16 -1.23369e-24 -2.77565e-16  7.97361e-25 -1.89736e-16 -4.72081e-25 -1.56659e-17  2.42269e-25   1.6579e-17 -1.07925e-25  6.07204e-18  4.18826e-26   1.7822e-19 -1.25488e-26 -4.44058e-19  1.63609e-27  -1.3524e-19  5.51673e-28 -8.03619e-21 -2.01717e-28   5.5865e-21 -4.25714e-29  1.84876e-21  1.74915e-29  2.18992e-22  7.59261e-30 -1.67102e-23 -3.80427e-30  -1.0731e-23  7.05297e-31 -1.83885e-24 -2.07179e-31  -1.2808e-25  1.69998e-32  9.46303e-27  1.37887e-32  3.36563e-27  -1.5226e-33  3.90321e-28  1.69631e-35  2.25772e-29 -1.07485e-34  1.91897e-31  7.57165e-36 -7.02611e-32  1.44433e-36 -5.23533e-33  8.76617e-39  -1.6221e-34 -7.45737e-39 -1.86263e-36 -1.62731e-40
  9.5849e-36  1.06801e-19 -4.06556e-34 -4.34918e-18   6.5065e-33  9.32966e-17 -6.04708e-32 -1.32552e-15  3.68205e-31  1.37735e-14 -1.45596e-30 -1.10595e-13   2.5865e-30  7.10198e-13  1.13835e-29 -3.73133e-12 -1.24031e-28  1.62899e-11  6.00681e-28 -5.97136e-11 -1.74537e-27  1.84999e-10  1.49514e-27 -4.85973e-10  1.65272e-26  1.08249e-09 -1.22476e-25 -2.03754e-09  5.35035e-25  3.21527e-09 -1.77995e-24 -4.19198e-09  4.82552e-24  4.39781e-09 -1.09395e-23 -3.52316e-09  2.09419e-23  1.88752e-09 -3.38825e-23  -3.2477e-10  4.60037e-23 -4.51671e-10 -5.14234e-23  4.06939e-10   4.5094e-23 -6.53947e-11 -2.63036e-23 -1.04495e-10 -3.97313e-25  5.83421e-11   2.8035e-23  1.48941e-11 -5.11558e-23 -1.99589e-11  6.71493e-23  -1.0845e-12 -7.47741e-23  5.30244e-12  7.31869e-23  5.59969e-14 -6.32137e-23 -1.24209e-12  4.84833e-23 -7.43412e-14 -3.38311e-23  2.52638e-13  2.23518e-23  4.54556e-14 -1.43934e-23  -3.9515e-14  8.99872e-24 -1.48787e-14 -5.42764e-24  3.31692e-15  3.28714e-24   2.9441e-15 -2.10266e-24  2.45457e-16  1.36061e-24   -3.105e-16 -7.98166e-25  -1.0977e-16  3.96248e-25  3.26838e-18 -1.66294e-25  1.14464e-17  5.96971e-26  2.88657e-18 -1.61315e-26 -9.28199e-20  1.34562e-27 -2.26333e-19  1.01836e-27  -5.5467e-20 -2.51073e-28 -2.36791e-21 -9.14944e-29  2.01707e-21  2.69261e-29  5.92122e-22  1.10315e-29    6.817e-23 -4.58578e-30 -2.37935e-24  7.78987e-31 -2.16168e-24 -2.82607e-31 -3.64816e-25  1.82615e-32 -2.87625e-26  1.72592e-32  9.15892e-29 -8.60279e-34  2.87547e-28 -1.18119e-34  3.35425e-29 -1.04047e-34  1.93679e-30  6.20331e-36  4.90088e-32  1.19185e-36 -5.46554e-34  1.03104e-38 -5.92259e-35 -4.58744e-39 -7.86773e-37
-2.34241e-20  1.89562e-34  1.69622e-18 -4.50254e-33 -4.82887e-17  5.41283e-32  8.35637e-16 -4.11856e-31 -1.01509e-14  2.13654e-30  9.30624e-14 -7.33917e-30 -6.72242e-13  1.13835e-29  3.93421e-12   4.3237e-29 -1.90082e-11 -3.89258e-28  7.67977e-11  1.34165e-27 -2.61669e-10 -6.30702e-28  7.55617e-10 -2.18528e-26 -1.85259e-09  1.61381e-25  3.85098e-09 -7.48229e-25 -6.75181e-09  2.67829e-24  9.88188e-09 -7.86758e-24 -1.18513e-08  1.94374e-23  1.12536e-08 -4.07955e-23 -7.86301e-09  7.29017e-23  3.22739e-09 -1.10495e-22  2.90132e-10  1.40449e-22 -1.39301e-09 -1.45975e-22  7.40356e-10    1.164e-22  9.88765e-11 -5.57025e-23 -2.81928e-10 -1.85077e-23  6.28284e-11  8.59213e-23  6.78012e-11 -1.34472e-22 -3.07237e-11   1.6174e-22 -1.44121e-11 -1.68868e-22  8.94692e-12  1.56949e-22  3.32029e-12 -1.29648e-22 -1.98598e-12  9.55108e-23 -8.52196e-13 -6.43083e-23  3.20584e-13  4.12432e-23  2.07159e-13   -2.586e-23  -2.3911e-14  1.56602e-23 -3.93337e-14 -9.06918e-24 -4.54234e-15  5.29957e-24  4.65523e-15 -3.35472e-24  1.74426e-15  2.18076e-24 -1.24099e-16 -1.26981e-24 -2.28966e-16  6.09213e-25 -4.97127e-17 -2.39537e-25  7.46806e-18  7.87139e-26  6.22418e-18 -1.88318e-26  1.16608e-18   4.8587e-28  -9.4242e-20  1.61738e-27 -9.36811e-20 -2.62718e-28 -1.96241e-20 -1.65833e-28 -7.70478e-22  3.69886e-29  5.65424e-22  1.54213e-29  1.54385e-22 -5.06192e-30  1.77762e-23  7.62103e-31  8.07983e-26 -3.56409e-31 -3.09067e-25  1.72266e-32 -5.25695e-26  1.95156e-32 -4.34474e-27 -1.98858e-35 -1.25008e-28 -1.93902e-34  1.19686e-29 -9.29398e-35  1.56395e-30  3.95054e-36  7.89508e-32  8.80246e-37   1.8325e-33  6.96349e-39  1.18359e-35 -1.83849e-39
-5.79727e-35 -5.05419e-19  2.50176e-33  2.09049e-17 -4.06874e-32 -4.55786e-16  3.86249e-31  6.58641e-15 -2.45468e-30 -6.96638e-14  1.09234e-29  5.69855e-13 -3.24869e-29 -3.73133e-12   4.3237e-29  2.00094e-11  1.35003e-28 -8.92597e-11  -8.5289e-28  3.34746e-10   1.8925e-28 -1.06252e-09  2.28057e-26  2.86434e-09 -1.79921e-25 -6.56079e-09  9.02845e-25  1.27307e-08 -3.50326e-24 -2.07789e-08  1.11789e-23  2.81537e-08 -3.00975e-23 -3.09262e-08  6.91319e-23  2.63161e-08 -1.35953e-22 -1.55702e-08  2.28533e-22  4.04016e-09 -3.26116e-22  2.69489e-09  3.89236e-22 -3.28837e-09 -3.76418e-22  9.21168e-10  2.71375e-22  6.72388e-10 -9.93725e-23 -5.54926e-10 -8.52758e-23 -3.86108e-11  2.32782e-22  1.72502e-10 -3.22628e-22 -1.79023e-11  3.59741e-22 -4.42003e-11 -3.54741e-22   6.8959e-12  3.14572e-22  1.06004e-11 -2.49125e-22 -1.14606e-12  1.76361e-22 -2.36256e-12 -1.14512e-22 -4.03536e-14  7.12854e-23   4.4032e-13 -4.35715e-23  8.37107e-14  2.55792e-23 -5.58215e-14 -1.41983e-23 -2.49805e-14  7.98261e-24  1.98233e-15 -5.01308e-24   3.7426e-15  3.29144e-24  7.41957e-16 -1.90753e-24 -2.07011e-16  8.83347e-25 -1.30259e-16  -3.2296e-25  -1.7757e-17  9.56713e-26  5.48942e-18 -1.96968e-26  2.78741e-18 -1.00838e-27    4.117e-19  2.29208e-27 -4.56026e-20  -2.1404e-28 -3.17419e-20  -2.6529e-28 -5.96014e-21  4.59453e-29 -2.72586e-22  2.06135e-29  1.19108e-22 -5.09874e-30  3.16935e-23  6.39878e-31  3.66642e-24  -4.1432e-31  1.23476e-25  1.33259e-32 -2.77007e-26  1.98561e-32  -5.0721e-27  8.07976e-34 -4.11908e-28 -1.87287e-34 -1.62548e-29 -7.57602e-35  4.69462e-33  1.63125e-36  2.93264e-32   5.6301e-37   1.0896e-33  3.11823e-39  1.06179e-35
 9.98228e-20 -1.05649e-33 -7.34273e-18  2.54571e-32  2.12481e-16 -3.09733e-31 -3.74024e-15  2.39289e-30  4.62513e-14 -1.28415e-29 -4.32003e-13   4.8956e-29   3.1821e-12 -1.24031e-28 -1.90082e-11  1.35003e-28  9.38388e-11  2.93739e-28 -3.87848e-10 -3.70461e-29   1.3537e-09 -1.94094e-26 -4.01054e-09  1.72472e-25  1.01067e-08 -9.53826e-25 -2.16426e-08  4.03913e-24  3.92028e-08 -1.40261e-23 -5.95098e-08  4.11274e-23  7.44519e-08 -1.03171e-22 -7.44734e-08  2.22525e-22  5.59706e-08  -4.1266e-22 -2.66004e-08  6.55246e-22  1.39077e-09 -8.82642e-22  8.95997e-09  9.90373e-22 -6.18282e-09 -8.90049e-22  1.71086e-10  5.74208e-22  1.98693e-09 -1.36927e-22 -7.58417e-10 -2.79154e-22 -3.96432e-10  5.69708e-22  3.03524e-10 -7.13329e-22  6.62577e-11  7.43785e-22 -8.59072e-11 -6.96811e-22 -1.36171e-11  5.91827e-22  2.01958e-11 -4.50138e-22  4.16137e-12  3.06181e-22  -3.8678e-12 -1.91511e-22  -1.3164e-12  1.15677e-22  5.09007e-13 -6.89879e-23  3.21238e-13  3.92671e-23 -1.53437e-14 -2.08213e-23  -5.1317e-14  1.12143e-23 -1.03415e-14 -7.01593e-24  3.83779e-15  4.68973e-24  2.21505e-15 -2.71514e-24  2.00916e-16  1.21175e-24 -1.55308e-16 -4.07731e-25 -6.06213e-17  1.06377e-25 -4.96954e-18 -1.79535e-26  2.76829e-18 -3.03146e-27  1.04868e-18  2.96158e-27  1.30301e-19 -9.59278e-29 -1.48303e-20 -3.83923e-28 -8.73122e-21  5.22334e-29 -1.52337e-21  2.62424e-29 -8.69734e-23 -4.67496e-30  1.75376e-23  4.22118e-31  4.87817e-24 -4.41871e-31  5.60875e-25  6.86897e-33  2.83894e-26   1.7966e-32 -1.05386e-27  1.43717e-33  -2.8827e-28  -1.0893e-34  -2.1817e-29 -5.54567e-35 -8.12178e-31 -5.18004e-38 -1.15998e-32  2.97893e-37  7.30582e-35  8.32912e-40
 2.93647e-34  1.97581e-18 -1.28827e-32 -8.30794e-17  2.11769e-31  1.84275e-15 -2.02332e-30 -2.71106e-14  1.29429e-29  2.92168e-13 -5.87462e-29 -2.43725e-12  1.89073e-28  1.62899e-11 -3.89258e-28 -8.92597e-11  2.93739e-28  4.07322e-10  4.32469e-30 -1.56464e-09  1.28106e-26  5.09432e-09 -1.40731e-25 -1.41113e-08  8.84696e-25  3.32795e-08 -4.13503e-24 -6.66583e-08  1.56775e-23   1.1268e-07 -5.00528e-23 -1.58852e-07  1.36865e-22  1.82871e-07 -3.22777e-22  -1.6524e-07  6.57493e-22  1.07261e-07 -1.15415e-21 -3.65636e-08  1.73539e-21   -1.138e-08 -2.20967e-21  2.16741e-08  2.33101e-21 -8.83144e-09 -1.94148e-21 -3.08299e-09  1.10294e-21   4.1767e-09  -9.2557e-23 -3.86178e-10 -7.62018e-22 -1.16592e-09  1.27585e-21  3.26501e-10 -1.46313e-21  2.79924e-10  1.43651e-21 -1.04014e-10 -1.28491e-21 -6.74339e-11   1.0486e-21  2.23595e-11 -7.66928e-22  1.64239e-11  5.00955e-22 -2.87857e-12 -3.01417e-22 -3.59313e-12  1.76574e-22  -8.2811e-14 -1.02834e-22  5.91919e-13  5.67107e-23  1.40554e-13 -2.85669e-23 -5.31162e-14  1.46415e-23 -3.20216e-14 -9.18761e-24 -1.83664e-15  6.32353e-24  3.08925e-15 -3.67443e-24  1.03912e-15  1.57736e-24  6.67572e-18 -4.81595e-25 -8.37644e-17  1.06528e-25 -2.38221e-17 -1.33409e-26 -1.08819e-18 -5.28242e-27  1.07086e-18  3.54895e-27  3.33126e-19  7.84559e-29  3.73581e-20 -5.10902e-28 -3.31644e-21  5.51326e-29  -1.9053e-21  3.17957e-29 -3.16469e-22 -3.91099e-30 -2.16063e-23  1.39392e-31  1.49298e-24   -4.292e-31  5.23859e-25  -7.6621e-34   5.8979e-26  1.40896e-32  3.34502e-27  1.75147e-33  4.15654e-29  2.77317e-36 -7.43059e-30 -3.55983e-35 -5.16324e-31 -8.21019e-37 -1.32956e-32  1.21125e-37 -9.69132e-35
-3.53139e-19   4.9692e-33  2.64114e-17 -1.21335e-31 -7.77636e-16  1.48479e-30  1.39381e-14  -1.1453e-29 -1.75637e-13  6.10281e-29  1.67317e-12 -2.31415e-28 -1.25813e-11  6.00681e-28  7.67977e-11  -8.5289e-28 -3.87848e-10  4.32469e-30  1.64189e-09 -4.44866e-27 -5.87772e-09  9.11601e-26   1.7889e-08 -7.08138e-25 -4.63986e-08  3.75391e-24  1.02495e-07 -1.56801e-23 -1.92072e-07  5.46037e-23  3.02806e-07 -1.62545e-22 -3.95653e-07  4.18051e-22  4.17153e-07 -9.32021e-22 -3.36637e-07  1.79964e-21  1.81836e-07 -2.99761e-21 -3.09337e-08  4.27453e-21 -4.58811e-08 -5.14797e-21   4.1984e-08  5.10216e-21 -7.15344e-09 -3.92206e-21 -1.10413e-08  1.91352e-21  6.51903e-09  2.25651e-22  1.51263e-09 -1.83017e-21 -2.29622e-09  2.63693e-21 -5.96508e-11 -2.79781e-21  6.29359e-10  2.60147e-21 -1.51926e-11 -2.23116e-21 -1.53471e-10  1.75417e-21 -3.34649e-12 -1.23471e-21  3.30033e-11  7.73834e-22  4.63783e-12  -4.4718e-22 -5.59232e-12  2.53977e-22 -1.82699e-12  -1.4456e-22  5.54684e-13  7.71014e-23  4.04301e-13 -3.65715e-23  1.88348e-14    1.765e-23 -4.78018e-14 -1.12342e-23 -1.49372e-14  8.08907e-24   1.0943e-15 -4.74413e-24  1.77021e-15  1.95423e-24  4.00466e-16 -5.30763e-25 -2.75421e-17  9.27946e-26 -3.57864e-17 -6.35941e-27 -8.06404e-18 -7.30761e-27 -2.04377e-19  4.01334e-27  3.26652e-19  2.72657e-28  8.86504e-20 -6.33154e-28   9.5275e-21  5.51067e-29  -4.4899e-22  3.67575e-29  -3.1693e-22 -3.03855e-30 -5.09012e-23 -1.69359e-31 -3.85477e-24 -3.75271e-31   1.0322e-26 -7.50215e-33   3.4865e-26  9.01326e-33  3.84358e-27  1.73765e-33  2.07744e-28  1.01422e-34  5.00227e-30  -1.9295e-35 -2.43615e-32  -8.4621e-37 -3.05136e-33   3.2156e-38
-1.26163e-33 -6.44218e-18  5.63603e-32  2.75664e-16 -9.34866e-31 -6.22693e-15  8.92124e-30  9.33703e-14 -5.62793e-29 -1.02643e-12  2.47686e-28  8.74205e-12 -7.51831e-28 -5.97136e-11  1.34165e-27  3.34746e-10 -3.70461e-29 -1.56464e-09 -4.44866e-27  6.16428e-09 -3.14505e-26 -2.06155e-08  4.54081e-25  5.87584e-08 -2.96297e-24 -1.42881e-07  1.39907e-23  2.95842e-07 -5.35547e-23 -5.18671e-07  1.73697e-22  7.61829e-07 -4.86273e-22  -9.2007e-07  1.18295e-21  8.82798e-07 -2.50261e-21 -6.25603e-07  4.59233e-21  2.61953e-07  -7.2705e-21  2.26503e-08  9.84133e-21 -1.17038e-07 -1.12114e-20  6.50403e-08  1.04257e-20  7.23945e-09 -7.35421e-21 -2.52218e-08  2.95831e-21  6.46619e-09  1.21318e-21  6.07171e-09 -3.96683e-21  -3.1547e-09  5.06038e-21 -1.27162e-09 -5.00676e-21  9.51606e-10  4.43103e-21  2.94558e-10 -3.65747e-21 -2.23877e-10  2.77623e-21 -8.02324e-11 -1.88141e-21     3.99e-11  1.13015e-21  2.13458e-11 -6.26243e-22 -3.99293e-12  3.44836e-22 -4.47761e-12 -1.91988e-22 -3.03232e-13  9.86893e-23  6.00162e-13 -4.34663e-23  1.90328e-13  1.94074e-23 -2.63405e-14 -1.27752e-23 -2.90694e-14  9.84173e-24 -5.28549e-15 -5.86413e-24  1.26566e-15  2.31126e-24  8.05459e-16 -5.42601e-25  1.30256e-16  6.38692e-26  -1.7899e-17  1.67881e-27 -1.25203e-17 -8.60999e-27 -2.37576e-18  4.37079e-27 -4.75661e-20  4.36199e-28  7.81903e-20 -7.38869e-28  1.93506e-20  5.35876e-29  2.06194e-21  4.07535e-29 -1.10947e-23 -2.31804e-30 -3.76623e-23 -4.70804e-31 -5.94584e-24 -2.89341e-31 -4.62893e-25 -1.13983e-32   -1.251e-26  3.83321e-33  1.10404e-27  1.47387e-33   1.3106e-28  1.54474e-34  5.79644e-30 -8.23197e-36  1.09835e-31  -5.2267e-37  4.71472e-34
 1.04476e-18 -1.99454e-32 -7.95345e-17  4.94138e-31  2.38535e-15 -6.06629e-30 -4.35841e-14  4.62467e-29  5.60341e-13 -2.37967e-28 -5.45093e-12  8.33335e-28  4.18956e-11 -1.74537e-27 -2.61669e-10   1.8925e-28   1.3537e-09  1.28106e-26 -5.87772e-09 -3.14505e-26   2.1612e-08 -1.56002e-25 -6.76709e-08  1.88422e-24  1.80917e-07 -1.09069e-23 -4.12891e-07  4.70395e-23  8.01692e-07 -1.67354e-22 -1.31456e-06  5.10048e-22  1.79623e-06 -1.35086e-21 -1.99774e-06  3.12097e-21    1.729e-06 -6.28277e-21 -1.04776e-06   1.0977e-20  2.86459e-07 -1.65372e-20  1.79877e-07  2.12596e-20 -2.34739e-07 -2.29031e-20  7.28493e-08  1.99452e-20  4.66086e-08 -1.28103e-20 -4.33683e-08  3.94764e-21 -1.04138e-09  3.56813e-21  1.36179e-08 -7.87164e-21 -2.15916e-09  9.05792e-21 -3.54671e-09 -8.41104e-21  7.98003e-10  7.11679e-21  8.80655e-10 -5.67184e-21 -1.60085e-10  4.16338e-21 -2.08796e-10 -2.71669e-21   1.0292e-11  1.56216e-21  4.25479e-11 -8.28936e-22   5.5024e-12  4.42866e-22 -6.16937e-12 -2.41364e-22 -2.23203e-12   1.1886e-22  3.67652e-13  -4.7516e-23  3.92804e-13   1.8997e-23  5.91254e-14 -1.34123e-23 -2.76857e-14  1.14185e-23 -1.37222e-14 -6.96392e-24 -1.35527e-15  2.61747e-24  7.34555e-16 -5.08436e-25  3.03959e-16  2.11345e-26  3.68944e-17  8.85882e-27 -7.05225e-18 -8.79689e-27 -3.61642e-18  4.69165e-27 -6.07444e-19  5.21786e-28 -1.62937e-20  -8.2032e-28  1.42683e-20  5.22811e-29    3.345e-21   4.3625e-29  3.55327e-22 -1.94114e-30  9.18678e-24 -7.45024e-31 -2.84324e-24 -1.88592e-31 -4.61926e-25 -1.15218e-32 -3.43977e-26 -4.10135e-34 -1.23433e-27  1.08536e-33  9.66908e-32  1.55124e-34  1.63463e-30 -2.31324e-36  4.43157e-32 -1.96965e-37
 4.63371e-33  1.76154e-17 -2.11529e-31 -7.68004e-16   3.5431e-30  1.76895e-14 -3.36316e-29 -2.70685e-13  2.06065e-28  3.03933e-12  -8.4013e-28 -2.64647e-11  2.05807e-27  1.84999e-10 -6.30702e-28 -1.06252e-09 -1.94094e-26  5.09432e-09  9.11601e-26 -2.06155e-08 -1.56002e-25   7.0927e-08 -6.44851e-25 -2.08337e-07  6.88029e-24  5.23193e-07 -3.62272e-23 -1.12164e-06   1.4475e-22  2.04278e-06 -4.83064e-22 -3.13083e-06  1.39228e-21  3.97159e-06 -3.50418e-21 -4.04761e-06   7.7131e-21  3.12007e-06 -1.48071e-20 -1.54402e-06  2.46672e-20  1.20435e-07 -3.53925e-20  5.13827e-07  4.32226e-20 -3.85062e-07 -4.40066e-20  2.73064e-08  3.57987e-20  1.21845e-07 -2.07151e-20 -5.48606e-08  4.16532e-21   -2.271e-08    8.363e-21  2.18517e-08  -1.4431e-20  3.12917e-09  1.51763e-20 -6.35159e-09 -1.32994e-20 -5.34706e-10  1.08023e-20  1.57291e-09 -8.33517e-21  2.02009e-10  5.92347e-21 -3.28332e-10 -3.72061e-21 -8.26829e-11  2.04536e-21  5.04683e-11  -1.0386e-21  2.41831e-11  5.39488e-22 -3.39225e-12 -2.87948e-22 -4.51371e-12  1.34478e-22 -6.27458e-13 -4.69197e-23  4.26044e-13  1.56302e-23  1.89818e-13  -1.2821e-23  6.65283e-15   1.2666e-23 -1.66414e-14 -7.97309e-24 -5.30613e-15  2.84721e-24 -2.02786e-16 -4.25663e-25  3.09757e-16 -3.12571e-26  9.71082e-17  1.30982e-26  9.46668e-18 -7.71884e-27 -1.99699e-18  5.07248e-27 -8.55313e-19  5.03578e-28 -1.32153e-19 -8.74801e-28 -5.31346e-21  5.23562e-29  1.86924e-21  4.53938e-29  4.35071e-22 -1.96614e-30  4.53725e-23 -9.83692e-31  1.98776e-24 -9.26874e-32 -9.95918e-26 -8.34889e-33 -2.08042e-26 -3.07118e-33 -1.37768e-27  6.92926e-34 -4.38607e-29  1.19225e-34 -4.97825e-31  -1.0351e-37  1.74406e-33
-2.59398e-18  6.87728e-32  2.01261e-16 -1.73428e-30 -6.15666e-15  2.13554e-29  1.14832e-13 -1.59743e-28 -1.50837e-12  7.72471e-28  1.50054e-11  -2.2524e-27 -1.18059e-10  1.49514e-27  7.55617e-10  2.28057e-26 -4.01054e-09 -1.40731e-25   1.7889e-08  4.54081e-25 -6.76709e-08 -6.44851e-25  2.18353e-07 -2.34532e-24  -6.0274e-07   2.2659e-23   1.4236e-06  -1.1006e-22 -2.86892e-06  4.11236e-22  4.90102e-06 -1.29608e-21 -7.01386e-06  3.55048e-21  8.23703e-06 -8.52323e-21 -7.64055e-06  1.79201e-20  5.14672e-06 -3.28653e-20 -1.89418e-06  5.22643e-20 -4.66042e-07  -7.1462e-20  1.08408e-06  8.29066e-20 -5.01471e-07 -7.97021e-20 -1.29555e-07  6.03707e-20  2.29894e-07 -3.10164e-20 -3.69652e-08  2.28766e-21 -6.29242e-08   1.7027e-20  2.38733e-08 -2.45927e-20  1.48347e-08   2.3868e-20 -7.71369e-09 -1.98371e-20 -3.63616e-09  1.55258e-20  1.81277e-09 -1.16248e-20  9.55225e-10   8.0029e-21 -2.94751e-10 -4.83524e-21 -2.34497e-10  2.53798e-21  1.64964e-11 -1.23406e-21  4.45669e-11  6.25963e-22  6.99785e-12 -3.27067e-22 -5.06519e-12  1.42449e-22 -2.24999e-12 -4.02318e-23   4.5347e-14  8.88823e-24  2.72042e-13  -1.0838e-23  7.16756e-14  1.34668e-23  -5.1914e-15 -8.83098e-24 -7.50202e-15  2.98379e-24 -1.73433e-15 -2.98556e-25  1.07851e-17  -8.6934e-26  1.02677e-16   1.2692e-26  2.64353e-17 -5.54935e-27  2.27147e-18  5.59261e-27 -4.13696e-19  3.88312e-28 -1.61857e-19 -9.03478e-28 -2.35649e-20  5.39513e-29 -1.27002e-21  4.61508e-29   1.5438e-22 -2.31421e-30  3.95518e-23 -1.18162e-30  3.94566e-24 -1.75997e-32  1.96711e-25 -3.47014e-33  1.38959e-27 -4.05808e-33 -4.14102e-28  3.77386e-34  -2.2547e-29   7.1783e-35 -4.11878e-31  2.26152e-37
-1.45999e-32 -4.04664e-17  6.84946e-31  1.80017e-15 -1.16161e-29 -4.23415e-14  1.09462e-28  6.62201e-13 -6.42099e-28 -7.60632e-12   2.2761e-27    6.782e-11 -2.70739e-27 -4.85973e-10 -2.18528e-26  2.86434e-09  1.72472e-25 -1.41113e-08 -7.08138e-25  5.87584e-08  1.88422e-24 -2.08337e-07 -2.34532e-24  6.31803e-07 -7.68977e-24 -1.64158e-06  6.81887e-23  3.65056e-06 -3.08305e-22 -6.91913e-06  1.08473e-21  1.10844e-05 -3.24653e-21 -1.47907e-05  8.48943e-21  1.60207e-05 -1.95003e-20 -1.33986e-05  3.92511e-20  7.64886e-06 -6.88768e-20  -1.6133e-06   1.0466e-19 -1.77919e-06 -1.36434e-19  1.86918e-06  1.50342e-19 -4.36176e-07 -1.36304e-19 -4.57594e-07  9.57425e-20  3.34807e-07 -4.27654e-20  4.32067e-08 -3.69987e-21 -1.16113e-07  3.11702e-20  7.85839e-09 -3.91269e-20  3.22074e-08  3.53159e-20  -4.0857e-09 -2.79682e-20 -8.21056e-09  2.11669e-20  6.83682e-10 -1.54059e-20  1.92182e-09  1.02738e-20  7.78224e-11 -5.96308e-21 -3.71986e-10    2.985e-21 -8.10922e-11 -1.39437e-21  4.76746e-11  6.96279e-22  2.37428e-11 -3.55338e-22 -1.21178e-12  1.40368e-22 -3.51657e-12 -2.67994e-23 -8.01953e-13 -1.07986e-24  1.69281e-13 -7.51399e-24  1.28855e-13  1.37559e-23  2.15452e-14 -9.49315e-24 -4.22961e-15  3.02016e-24 -2.72931e-15 -1.37617e-25 -4.90796e-16 -1.38337e-25  1.65352e-17  6.80613e-27  2.73002e-17 -2.77084e-27  6.09013e-18  6.27336e-27  5.05143e-19  2.13776e-28 -5.95726e-20  -9.0904e-28 -2.35627e-20  5.62332e-29 -3.26521e-21  4.59404e-29 -2.06665e-22 -2.81989e-30  4.91886e-24 -1.32863e-30  2.23856e-24  2.86572e-32  2.08291e-25  1.20266e-33  9.64291e-27 -3.75474e-33  1.85404e-28  1.69032e-34 -1.30116e-30  3.27348e-35 -6.22107e-32
