 3.01044e-16  7.13243e-28 -1.00616e-14 -2.17488e-26  1.34173e-13  2.24976e-25 -1.10204e-12 -1.51901e-24  6.42608e-12  7.54451e-24 -2.85337e-11 -2.91976e-23  1.00419e-10  9.16343e-23 -2.86858e-10 -2.39201e-22  6.73938e-10  5.27784e-22   -1.308e-09 -9.94101e-22  2.08701e-09  1.60641e-21  -2.6878e-09 -2.22932e-21  2.66843e-09  2.64938e-21 -1.78988e-09 -2.67589e-21  3.43577e-10  2.26379e-21   8.9373e-10 -1.56177e-21 -1.21024e-09  8.31809e-22  5.86592e-10 -2.94246e-22  2.67732e-10  1.96619e-23 -5.95384e-10  5.88141e-23  2.90619e-10 -5.12483e-23  1.42594e-10   3.0557e-23 -2.50636e-10 -1.78091e-23  7.24062e-11  9.88421e-24  8.16339e-11 -3.58705e-24  -7.0563e-11 -2.38253e-25 -1.94154e-12  1.15506e-24  2.46635e-11 -6.03314e-25 -7.32486e-12  8.98642e-26  -3.2424e-12  2.23748e-26  1.38915e-12
 7.13243e-28  1.43067e-14  1.09151e-26 -2.73082e-13 -2.10387e-25  2.78539e-12  1.77502e-24 -1.90551e-11 -1.03553e-23  9.63466e-11  4.50982e-23 -3.79418e-10 -1.55165e-22  1.20023e-09   4.3808e-22 -3.10534e-09 -1.03834e-21  6.62854e-09  2.09503e-21 -1.16728e-08 -3.62456e-21  1.67747e-08  5.38883e-21 -1.90989e-08 -6.87412e-21  1.59669e-08  7.48304e-21 -7.40235e-09  -6.8824e-21 -2.60338e-09  5.26491e-21  8.28465e-09 -3.27585e-21 -6.77024e-09  1.61661e-21  8.29086e-10 -6.37723e-22  3.68654e-09  2.44232e-22 -3.45925e-09 -1.29597e-22  3.28927e-10   6.4445e-23  1.74148e-09  5.92831e-24 -1.24193e-09 -4.78436e-23 -1.76719e-10  4.47432e-23  6.60239e-10 -1.95635e-23 -2.25868e-10  6.24532e-25 -1.51403e-10   3.9728e-24  1.23088e-10 -1.76508e-24  1.13024e-12  8.55305e-26 -2.05391e-11  6.68667e-26
-1.00616e-14  1.09151e-26   3.3641e-13   7.5914e-26 -4.48749e-12 -1.13432e-24  3.68673e-11  8.61193e-24 -2.15009e-10 -4.46638e-23  9.54752e-10  1.72194e-22  -3.3598e-09 -5.28677e-22  9.59508e-09  1.34385e-21 -2.25309e-08 -2.89107e-21  4.36904e-08  5.32359e-21 -6.96102e-08 -8.40999e-21  8.94245e-08  1.13553e-20 -8.83541e-08 -1.29861e-20  5.85412e-08  1.23714e-20 -1.00023e-08 -9.53506e-21 -3.10451e-08  5.63597e-21  4.08403e-08 -2.29763e-21 -1.91546e-08   5.5061e-22 -9.76443e-09 -2.80503e-22  2.04254e-08  6.10365e-22 -9.65585e-09 -7.51227e-22 -5.15594e-09  5.06875e-22  8.65451e-09 -1.32027e-22 -2.40452e-09 -9.51151e-23 -2.88191e-09  1.18099e-22  2.44522e-09 -4.82937e-23  7.94092e-11 -3.03388e-24 -8.61656e-10   1.0752e-23  2.57471e-10 -3.01308e-24  1.10372e-10 -2.50877e-25 -4.76855e-11
-2.17488e-26 -2.73082e-13   7.5914e-26  5.21417e-12  3.52087e-25 -5.31974e-11 -5.27453e-24  3.63995e-10  3.77919e-23 -1.84062e-09 -1.73533e-22  7.24838e-09  5.91143e-22 -2.29257e-08 -1.61904e-21  5.92954e-08   3.7124e-21 -1.26492e-07 -7.28497e-21  2.22524e-07  1.23104e-20 -3.19233e-07 -1.78087e-20  3.62334e-07  2.17438e-20  -3.0089e-07 -2.18196e-20  1.36108e-07   1.7017e-20  5.47655e-08 -8.80338e-21 -1.61159e-07  6.79325e-22  1.29083e-07  3.99778e-21 -1.32798e-08 -4.22373e-21 -7.30643e-08  1.69344e-21  6.69506e-08  8.93613e-22  -5.3356e-09 -1.88022e-21 -3.46139e-08  1.35331e-21  2.42246e-08 -3.68575e-22  3.73912e-09 -2.10509e-22  -1.3096e-08  2.46459e-22   4.4492e-09  -7.1949e-23   2.9992e-09 -2.64062e-23 -2.44659e-09  2.26843e-23 -2.30126e-12 -2.77064e-24  3.96367e-10 -6.91157e-25
 1.34173e-13 -2.10387e-25 -4.48749e-12  3.52087e-25   5.9876e-11   1.7881e-24 -4.92015e-10 -2.80509e-23   2.8698e-09  1.73819e-22  -1.2744e-08 -6.84313e-22  4.48437e-08  2.04109e-21 -1.28041e-07 -4.98546e-21   3.0054e-07  1.04062e-20 -5.82379e-07 -1.89497e-20  9.26789e-07  3.00767e-20 -1.18816e-06 -4.10525e-20  1.16927e-06  4.71186e-20 -7.66684e-07 -4.36574e-20  1.16965e-07  2.96801e-20  4.27393e-07  -9.8789e-21 -5.49637e-07  -7.4051e-21  2.51061e-07  1.54142e-20   1.3913e-07 -1.32524e-20 -2.78686e-07  5.66962e-21  1.28804e-07  1.11015e-21  7.27801e-08 -3.66242e-21 -1.18755e-07  2.56988e-21  3.23655e-08 -4.99981e-22  3.99311e-08 -5.48085e-22 -3.37249e-08     4.36e-22 -9.91601e-10 -4.21381e-23  1.18371e-08 -8.50527e-23 -3.63549e-09  3.39567e-23 -1.43637e-09  8.86066e-26  6.37041e-10
 2.24976e-25  2.78539e-12 -1.13432e-24 -5.31974e-11   1.7881e-24  5.42858e-10  1.09272e-23 -3.71499e-09  -1.4164e-22  1.87872e-08  7.06797e-22 -7.39846e-08 -2.33468e-21   2.3398e-07  6.00123e-21 -6.05017e-07 -1.29777e-20  1.29007e-06  2.48586e-20 -2.26771e-06  -4.2946e-20  3.24893e-06  6.61707e-20 -3.67858e-06 -8.89211e-20  3.03841e-06  1.01241e-19 -1.34648e-06 -9.34458e-20 -6.00797e-07  6.37222e-20  1.67083e-06 -2.21817e-20 -1.31842e-06 -1.38042e-20  1.16467e-07  3.04662e-20  7.67952e-07 -2.61994e-20  -6.9299e-07  1.09507e-20  4.89637e-08    2.333e-21  3.64174e-07 -6.70985e-21 -2.53009e-07  3.95018e-21 -3.96123e-08 -2.01711e-23  1.37546e-07 -1.32526e-21 -4.73955e-08  6.17828e-22 -3.08543e-08   1.0739e-22  2.57863e-08 -1.66621e-22 -4.05355e-10  3.14998e-23  -3.9518e-09  3.04238e-24
-1.10204e-12  1.77502e-24  3.68673e-11 -5.27453e-24 -4.92015e-10  1.09272e-23  4.04365e-09  5.59059e-23 -2.35882e-08 -5.42098e-22  1.04753e-07  2.11707e-21 -3.68596e-07 -5.59076e-21   1.0523e-06  1.15811e-20 -2.46932e-06 -2.10852e-20  4.78265e-06  3.72678e-20 -7.60471e-06 -6.49426e-20  9.73499e-06  1.05797e-19 -9.55197e-06 -1.51839e-19  6.21332e-06  1.83147e-19 -8.58079e-07 -1.77327e-19 -3.59991e-06  1.27091e-19  4.55631e-06 -5.03293e-20 -2.04456e-06 -1.85025e-20 -1.19592e-06   5.0956e-20  2.33485e-06 -4.31248e-20   -1.068e-06  1.50224e-20  -6.1813e-07  7.45182e-21  9.99593e-07 -1.20492e-20 -2.74274e-07  4.82456e-21 -3.34269e-07  1.80141e-21  2.85858e-07 -2.56295e-21  4.63875e-09   5.8343e-22 -9.83801e-08  3.91045e-22  3.18721e-08 -2.13748e-22  1.08316e-08  1.06014e-23 -5.07222e-09
-1.51901e-24 -1.90551e-11  8.61193e-24  3.63995e-10 -2.80509e-23 -3.71499e-09  5.59059e-23  2.54261e-08   2.0259e-22 -1.28593e-07 -1.39963e-21  5.06413e-07  3.74581e-21 -1.60148e-06 -5.49176e-21  4.14049e-06  2.69822e-21 -8.82634e-06  5.09663e-21  1.55077e-05 -7.00906e-21 -2.21991e-05 -1.79325e-20  2.50948e-05  8.61682e-20 -2.06518e-05 -1.87197e-19  9.01694e-06  2.75095e-19  4.32243e-06 -2.93682e-19 -1.15888e-05   2.1992e-19  9.06489e-06 -8.75083e-20  -7.2864e-07 -3.31521e-20 -5.36952e-06  8.52858e-20  4.81958e-06  -6.4215e-20 -3.36081e-07  1.26132e-20  -2.5423e-06  2.07238e-20  1.77827e-06 -1.99998e-20   2.6009e-07  3.79225e-21 -9.58536e-07  5.35182e-21   3.4373e-07 -3.71485e-21  2.05017e-07  7.45098e-23 -1.80554e-07  6.86458e-22  7.74605e-09 -1.66943e-22  2.52105e-08 -8.78426e-24
 6.42608e-12 -1.03553e-23 -2.15009e-10  3.77919e-23   2.8698e-09  -1.4164e-22 -2.35882e-08   2.0259e-22   1.3761e-07  4.74915e-22 -6.11149e-07 -1.69086e-21  2.15048e-06 -1.55742e-21 -6.13915e-06  2.32033e-20  1.44045e-05 -7.97058e-20  -2.7893e-05  1.66654e-19  4.43339e-05 -2.40549e-19 -5.67096e-05  2.30644e-19  5.55525e-05 -8.79547e-20 -3.59627e-05 -1.55016e-19  4.63234e-06  3.79456e-19   2.1375e-05 -4.55572e-19 -2.68294e-05  3.40006e-19  1.19629e-05 -1.12705e-19  7.13518e-06 -8.25512e-20 -1.38442e-05  1.45905e-19  6.36552e-06 -8.67912e-20  3.62551e-06 -3.94015e-21 -5.94687e-06  4.48817e-20  1.69621e-06 -2.83166e-20  1.93886e-06 -8.30425e-22 -1.71605e-06  9.74905e-21  1.63304e-08 -3.67571e-21  5.67027e-07 -9.11926e-22 -1.99925e-07  7.65641e-22 -5.25336e-08 -4.54949e-23  2.73773e-08
 7.54451e-24  9.63466e-11 -4.46638e-23 -1.84062e-09  1.73819e-22  1.87872e-08 -5.42098e-22 -1.28593e-07  4.74915e-22  6.50399e-07  4.02318e-22 -2.56146e-06  4.70187e-21  8.10062e-06 -4.11017e-20 -2.09436e-05  1.54834e-19  4.46445e-05 -3.76424e-19 -7.84325e-05  6.61558e-19   0.00011225 -8.71135e-19 -0.000126826  8.30951e-19  0.000104219 -4.66616e-19 -4.51811e-05  -9.1425e-20 -2.24626e-05  5.61937e-19  5.92561e-05 -7.02131e-19 -4.62999e-05  4.80246e-19  3.74599e-06 -9.17878e-20   2.7488e-05 -1.95643e-19 -2.48441e-05  2.39068e-19  1.96502e-06 -1.01681e-19  1.29471e-05 -4.11007e-20 -9.28061e-06  7.65521e-20 -1.11801e-06 -3.14168e-20  4.87031e-06 -9.46011e-21  -1.8739e-06  1.24721e-20 -9.53214e-07 -1.58731e-21  9.22386e-07 -1.87399e-21 -7.68201e-08   5.0109e-22  -1.1064e-07  3.54781e-23
-2.85337e-11  4.50982e-23  9.54752e-10 -1.73533e-22  -1.2744e-08  7.06797e-22  1.04753e-07 -1.39963e-21 -6.11149e-07  4.02318e-22  2.71436e-06 -2.39424e-21 -9.55182e-06  3.86819e-20  2.72707e-05 -1.88816e-19 -6.39927e-05  5.52661e-19  0.000123932 -1.14022e-18  -0.00019701  1.77378e-18  0.000252041 -2.11245e-18 -0.000246908  1.84562e-18  0.000159737 -9.66589e-19 -2.01761e-05 -1.41586e-19 -9.58785e-05  9.34659e-19  0.000120438  -1.0684e-18 -5.41485e-05  6.17022e-19 -3.15511e-05   1.1162e-20  6.22947e-05 -3.85577e-19 -2.93552e-05  3.51863e-19 -1.56192e-05 -9.29469e-20  2.67987e-05 -9.82081e-20 -8.24395e-06  1.03774e-19 -8.28415e-06 -2.28715e-20  7.81866e-06 -1.93789e-20 -3.97073e-07    1.056e-20 -2.40777e-06  2.01814e-21  9.59976e-07 -2.06493e-21  1.59205e-07   6.6237e-23 -1.04856e-07
-2.91976e-23 -3.79418e-10  1.72194e-22  7.24838e-09 -6.84313e-22 -7.39846e-08  2.11707e-21  5.06413e-07 -1.69086e-21 -2.56146e-06 -2.39424e-21  1.00886e-05 -1.57279e-20 -3.19093e-05  1.55319e-19  8.25154e-05 -6.02607e-19 -0.000175943  1.49863e-18  0.000309224 -2.71831e-18 -0.000442807   3.7849e-18  0.000500727 -4.05242e-18 -0.000412027  3.15283e-18  0.000179174 -1.36897e-18  8.85526e-05 -4.81226e-19  -0.00023532   1.5633e-18  0.000185441 -1.53468e-18 -1.71024e-05  7.07891e-19 -0.000108326  2.14016e-19  0.000100136 -6.31598e-19 -1.01516e-05  4.47045e-19 -5.04845e-05 -4.33686e-20  3.79374e-05  -1.6311e-19   2.8845e-06   1.0965e-19 -1.89182e-05 -1.11301e-21  8.09365e-06 -2.45588e-20  3.15276e-06  3.15924e-21 -3.59999e-06  5.03545e-21  5.06198e-07 -1.21569e-21  3.33454e-07 -1.50724e-22
 1.00419e-10 -1.55165e-22  -3.3598e-09  5.91143e-22  4.48437e-08 -2.33468e-21 -3.68596e-07  3.74581e-21  2.15048e-06  4.70187e-21 -9.55182e-06 -1.57279e-20  3.36176e-05 -6.00642e-20 -9.60023e-05   4.7139e-19  0.000225362 -1.54799e-18 -0.000436699  3.36078e-18  0.000694796 -5.42967e-18 -0.000890047  6.78836e-18  0.000873842 -6.50942e-18 -0.000567995  4.44408e-18  7.53028e-05 -1.44718e-18  0.000337565 -1.16179e-18 -0.000429259  2.37732e-18  0.000198179 -2.01094e-18  0.000106623  7.04022e-19 -0.000221228  5.07436e-19  0.000109395 -8.79384e-19  5.05749e-05  4.72787e-19 -9.50329e-05  5.47029e-20  3.28107e-05 -2.12646e-19  2.66826e-05  8.22556e-20 -2.80725e-05  2.56076e-20  3.12493e-06 -1.89492e-20  7.69923e-06 -6.69569e-21 -3.64936e-06   5.4102e-21 -1.91857e-07 -4.13699e-23  2.81309e-07
 9.16343e-23  1.20023e-09 -5.28677e-22 -2.29257e-08  2.04109e-21   2.3398e-07 -5.59076e-21 -1.60148e-06 -1.55742e-21  8.10062e-06  3.86819e-20 -3.19093e-05 -6.00642e-20  0.000100952 -1.78741e-19  -0.00026117  1.17869e-18  0.000557259 -3.34781e-18 -0.000980417  6.42687e-18   0.00140621  -9.3022e-18  -0.00159432  1.04528e-17   0.00131846 -8.97541e-18 -0.000582623  5.35883e-18 -0.000270926  -1.1474e-18  0.000748098 -2.02527e-18 -0.000601913  3.19114e-18  7.04799e-05 -2.37799e-18  0.000337548  5.58269e-19  -0.00032578  8.66386e-19  4.55466e-05 -1.05852e-18  0.000154317  3.85149e-19 -0.000125321  1.86185e-19 -1.21028e-06  -2.1954e-19  5.74078e-05  2.57856e-20 -2.84911e-05  4.10334e-20 -6.94965e-06 -2.01032e-21  1.09337e-05 -1.35054e-20 -2.41798e-06  3.07513e-21 -6.02639e-07  4.82378e-22
-2.86858e-10   4.3808e-22  9.59508e-09 -1.61904e-21 -1.28041e-07  6.00123e-21   1.0523e-06 -5.49176e-21 -6.13915e-06 -4.11017e-20  2.72707e-05  1.55319e-19 -9.60023e-05 -1.78741e-19   0.00027428 -4.41886e-19 -0.000644344   2.4937e-18   0.00125004 -6.19667e-18   -0.0019924  1.05924e-17   0.00255961  -1.3761e-17  -0.00252563  1.39137e-17   0.00166072 -1.07692e-17 -0.000249059  5.70651e-18  -0.00095221 -6.56613e-19   0.00124475 -2.81504e-18  -0.00060329  3.84309e-18 -0.000276537 -2.53889e-18  0.000633873  2.20427e-19 -0.000338365  1.25814e-18 -0.000121313 -1.10058e-18  0.000270557  1.75643e-19 -0.000109263  3.06176e-19 -6.39477e-05 -1.66453e-19  8.08976e-05 -3.57896e-20 -1.58979e-05  3.16179e-20 -1.82502e-05  1.88204e-20  1.11068e-05 -1.39416e-20 -8.20505e-07  4.99257e-22 -4.61442e-07
-2.39201e-22 -3.10534e-09  1.34385e-21  5.92954e-08 -4.98546e-21 -6.05017e-07  1.15811e-20  4.14049e-06  2.32033e-20 -2.09436e-05 -1.88816e-19  8.25154e-05   4.7139e-19  -0.00026117 -4.41886e-19   0.00067618 -9.24861e-19  -0.00144454  4.50875e-18    0.0025463 -9.87556e-18   -0.0036631   1.5066e-17   0.00417386 -1.75532e-17  -0.00348537  1.60435e-17   0.00159031 -1.14279e-17  0.000643478  5.62649e-18  -0.00193588 -2.49149e-19   0.00161601 -3.42243e-18 -0.000256623  4.30903e-18 -0.000840295  -2.4205e-18  0.000871561 -3.49899e-19 -0.000172977  1.62008e-18 -0.000371157 -9.55387e-19  0.000340247  -1.0675e-19 -2.80433e-05  3.52213e-19 -0.000135998 -6.23613e-20  8.27035e-05 -6.97843e-20  6.41143e-06 -1.68957e-21 -2.56167e-05  3.32704e-20  8.67745e-06 -9.45771e-21  5.01758e-08 -9.28456e-22
 6.73938e-10 -1.03834e-21 -2.25309e-08   3.7124e-21   3.0054e-07 -1.29777e-20 -2.46932e-06  2.69822e-21  1.44045e-05  1.54834e-19 -6.39927e-05 -6.02607e-19  0.000225362  1.17869e-18 -0.000644344 -9.24861e-19   0.00151559 -1.65127e-18  -0.00294607  7.00275e-18   0.00471009 -1.35612e-17  -0.00608092  1.84076e-17   0.00605295 -1.92083e-17  -0.00406169   1.6135e-17  0.000736196 -1.11126e-17   0.00216686  5.51083e-18  -0.00297679  2.34444e-21   0.00155473  -4.0187e-18  0.000532157  4.64085e-18  -0.00147911   -1.945e-18  0.000881922 -1.12149e-18  0.000195383  1.83395e-18 -0.000621634 -6.20417e-19  0.000306806  -3.5734e-19  0.000104184   2.7893e-19 -0.000187323   5.4625e-20  5.92476e-05 -5.75451e-20   2.9025e-05 -4.22785e-20 -2.67419e-05  3.64644e-20  5.73857e-06  -5.0405e-21  6.95725e-08
 5.27784e-22  6.62854e-09 -2.89107e-21 -1.26492e-07  1.04062e-20  1.29007e-06 -2.10852e-20 -8.82634e-06 -7.97058e-20  4.46445e-05  5.52661e-19 -0.000175943 -1.54799e-18  0.000557259   2.4937e-18  -0.00144454 -1.65127e-18   0.00309214 -2.52863e-18  -0.00546752  9.36361e-18    0.0079042 -1.59624e-17  -0.00908032  1.90979e-17   0.00770446 -1.79402e-17  -0.00369975  1.45537e-17  -0.00114614 -1.06205e-17   0.00410154  5.66225e-18  -0.00363026  3.85242e-19  0.000803761 -4.87627e-18   0.00165904  4.78336e-18  -0.00193309 -1.06313e-18  0.000547249 -1.91977e-18  0.000686219  1.75957e-18 -0.000762695 -1.73855e-19   0.00015695  -4.5761e-19  0.000242723  9.26341e-20 -0.000197276  1.37687e-19  2.11916e-05 -6.64803e-21  4.35881e-05 -7.36391e-20 -2.34656e-05  3.21863e-20  3.68211e-06 -3.51918e-22
  -1.308e-09  2.09503e-21  4.36904e-08 -7.28497e-21 -5.82379e-07  2.48586e-20  4.78265e-06  5.09663e-21  -2.7893e-05 -3.76424e-19  0.000123932  1.49863e-18 -0.000436699 -3.34781e-18   0.00125004  4.50875e-18  -0.00294607 -2.52863e-18   0.00574458  -3.3329e-18  -0.00922921  1.07289e-17    0.0120092 -1.58148e-17   -0.0121206  1.64049e-17   0.00839357 -1.43586e-17  -0.00192777   1.2699e-17  -0.00394371 -1.08229e-17   0.00589698  5.93962e-18  -0.00342277  1.35398e-18 -0.000653894 -6.00278e-18   0.00279991  4.51019e-18    -0.001947  1.28628e-19 -0.000104492 -2.44608e-18   0.00113736  1.33314e-18 -0.000723707  2.34071e-19 -6.42809e-05 -3.39517e-19  0.000340353 -1.50607e-19 -0.000168501  1.64337e-19 -1.53962e-05  5.36403e-20  4.83042e-05 -8.47098e-20 -1.86921e-05  2.29109e-20  2.11585e-06
-9.94101e-22 -1.16728e-08  5.32359e-21  2.22524e-07 -1.89497e-20 -2.26771e-06  3.72678e-20  1.55077e-05  1.66654e-19 -7.84325e-05 -1.14022e-18  0.000309224  3.36078e-18 -0.000980417 -6.19667e-18    0.0025463  7.00275e-18  -0.00546752  -3.3329e-18   0.00971491 -3.76597e-18   -0.0141526   1.0282e-17    0.0164667 -1.24856e-17   -0.0143166  1.09597e-17   0.00739787 -1.02938e-17   0.00132845  1.21028e-17  -0.00706958 -1.19228e-17   0.00684654  5.76638e-18  -0.00212544  3.07882e-18  -0.00249945 -6.96655e-18   0.00354359  3.61121e-18  -0.00142949  1.31811e-18 -0.000889975 -2.42751e-18   0.00139628  6.39292e-19 -0.000520013  4.50929e-19 -0.000282931 -2.23122e-20  0.000377529 -3.78417e-19 -0.000120902  1.36582e-19 -4.08168e-05  1.08031e-19  4.58841e-05 -8.58088e-20 -1.32101e-05  9.42602e-21
 2.08701e-09 -3.62456e-21 -6.96102e-08  1.23104e-20  9.26789e-07  -4.2946e-20 -7.60471e-06 -7.00906e-21  4.43339e-05  6.61558e-19  -0.00019701 -2.71831e-18  0.000694796  6.42687e-18   -0.0019924 -9.87556e-18   0.00471009  9.36361e-18  -0.00922921 -3.76597e-18    0.0149409 -3.54752e-18   -0.0196791  7.55439e-18    0.0202854 -6.36008e-18   -0.0147106  4.56245e-18   0.00440119 -7.71306e-18   0.00553458   1.3326e-17  -0.00961541 -1.32113e-17   0.00644054  4.59037e-18   4.8434e-05  5.14141e-18  -0.00419267 -7.14328e-18   0.00361971  2.15002e-18 -0.000523359  2.09156e-18   -0.0015734 -1.78551e-18   0.00141064  -1.2592e-19 -0.000235256   3.9751e-19 -0.000445367   4.1034e-19  0.000366545 -5.41999e-19 -7.34453e-05  8.38316e-20 -5.37205e-05  1.25676e-19  3.80316e-05 -5.60639e-20 -6.77889e-06
 1.60641e-21  1.67747e-08 -8.40999e-21 -3.19233e-07  3.00767e-20  3.24893e-06 -6.49426e-20 -2.21991e-05 -2.40549e-19   0.00011225  1.77378e-18 -0.000442807 -5.42967e-18   0.00140621  1.05924e-17   -0.0036631 -1.35612e-17    0.0079042  1.07289e-17   -0.0141526 -3.54752e-18     0.020866 -2.49802e-18   -0.0247575  2.65032e-18    0.0223211  1.20224e-18   -0.0127333 -7.29041e-19 -0.000194332 -7.51142e-18   0.00965189  1.55793e-17   -0.0107684 -1.35844e-17   0.00468495  2.40285e-18   0.00250356  6.71329e-18  -0.00525889 -6.17444e-18   0.00305431  4.98127e-19  0.000485679  2.16486e-18   -0.0020063 -6.69598e-19   0.00123992 -7.56832e-19  4.36049e-05  8.00532e-20 -0.000541027  8.56815e-19  0.000330044 -6.11175e-19 -3.50157e-05  1.08654e-20 -5.42586e-05  1.39697e-19  2.51301e-05 -3.70316e-20
 -2.6878e-09  5.38883e-21  8.94245e-08 -1.78087e-20 -1.18816e-06  6.61707e-20  9.73499e-06 -1.79325e-20 -5.67096e-05 -8.71135e-19  0.000252041   3.7849e-18 -0.000890047  -9.3022e-18   0.00255961   1.5066e-17  -0.00608092 -1.59624e-17    0.0120092   1.0282e-17   -0.0196791 -2.49802e-18    0.0264202 -6.15145e-19   -0.0281261 -3.65567e-18    0.0217867  8.37015e-18  -0.00861049 -3.64904e-18  -0.00530574 -9.10065e-18    0.0125949  1.73541e-17   -0.0102563 -1.23497e-17   0.00212922 -1.88205e-19   0.00458589  7.08741e-18    -0.005545 -4.20323e-18   0.00211973 -8.88762e-19   0.00135268  1.50685e-18  -0.00218599   6.6395e-19  0.000984974  -1.1253e-18  0.000273783 -4.11142e-19  -0.00058384  1.20211e-18  0.000282993 -5.85581e-19 -1.05536e-05 -1.71143e-20 -4.17381e-05   6.4683e-20  1.06921e-05
-2.22932e-21 -1.90989e-08  1.13553e-20  3.62334e-07 -4.10525e-20 -3.67858e-06  1.05797e-19  2.50948e-05  2.30644e-19 -0.000126826 -2.11245e-18  0.000500727  6.78836e-18  -0.00159432  -1.3761e-17   0.00417386  1.84076e-17  -0.00908032 -1.58148e-17    0.0164667  7.55439e-18   -0.0247575 -6.15145e-19    0.0303017  1.85951e-18   -0.0288528  -1.0067e-17    0.0187361  1.36063e-17  -0.00339847 -4.20796e-18  -0.00964313  -1.1038e-17    0.0137941  1.74532e-17  -0.00848853 -9.61559e-18 -0.000461967 -2.38053e-18    0.0059403  6.07091e-18  -0.00523918 -1.71384e-18   0.00112334 -1.71018e-18   0.00199032  2.83397e-19  -0.00219476  1.94691e-18  0.000714659 -1.14364e-18  0.000448414 -1.00525e-18 -0.000586086  1.43852e-18  0.000236049 -5.37757e-19 -5.51572e-06 -4.02375e-20 -2.10081e-05  8.87976e-20
 2.66843e-09 -6.87412e-21 -8.83541e-08  2.17438e-20  1.16927e-06 -8.89211e-20 -9.55197e-06  8.61682e-20  5.55525e-05  8.30951e-19 -0.000246908 -4.05242e-18  0.000873842  1.04528e-17  -0.00252563 -1.75532e-17   0.00605295  1.90979e-17   -0.0121206 -1.24856e-17    0.0202854  2.65032e-18   -0.0281261  1.85951e-18    0.0315281  4.45152e-18   -0.0268683 -1.52258e-17    0.0141636  1.62664e-17   0.00148726 -3.32162e-18   -0.0123701 -1.20748e-17    0.0134598  1.55716e-17  -0.00625364 -6.04803e-18  -0.00255598 -3.64307e-18   0.00662108  3.93866e-18  -0.00465518  7.78812e-19  0.000229833 -1.85124e-18   0.00243347 -1.32162e-18  -0.00210505   3.0532e-18  0.000457855 -9.63463e-19  0.000565062 -1.39631e-18 -0.000558008  1.37606e-18  0.000202197 -4.03694e-19 -1.69842e-05  2.15165e-20  -4.1928e-06
 2.64938e-21  1.59669e-08 -1.29861e-20  -3.0089e-07  4.71186e-20  3.03841e-06 -1.51839e-19 -2.06518e-05 -8.79547e-20  0.000104219  1.84562e-18 -0.000412027 -6.50942e-18   0.00131846  1.39137e-17  -0.00348537 -1.92083e-17   0.00770446  1.64049e-17   -0.0143166 -6.36008e-18    0.0223211 -3.65567e-18   -0.0288528  4.45152e-18    0.0299857  6.60808e-18   -0.0231099  -1.8276e-17   0.00954553   1.6632e-17   0.00500578 -1.97897e-18   -0.0134876 -1.17549e-17    0.0123314  1.21392e-17  -0.00420417 -2.38408e-18  -0.00406243 -3.82046e-18   0.00689543  1.11883e-18  -0.00400031  2.93167e-18 -0.000540645 -1.36044e-18   0.00273123 -3.05076e-18  -0.00195291  3.75555e-18  0.000237276  -4.4916e-19  0.000621932 -1.91882e-18 -0.000517578  1.57215e-18  0.000184908 -5.08396e-19  -2.7774e-05 -1.07557e-19
-1.78988e-09  7.48304e-21  5.85412e-08 -2.18196e-20 -7.66684e-07  1.01241e-19  6.21332e-06 -1.87197e-19 -3.59627e-05 -4.66616e-19  0.000159737  3.15283e-18 -0.000567995 -8.97541e-18   0.00166072  1.60435e-17  -0.00406169 -1.79402e-17   0.00839357  1.09597e-17   -0.0147106  1.20224e-18    0.0217867  -1.0067e-17   -0.0268683  6.60808e-18    0.0265888  7.93594e-18   -0.0190753 -1.91334e-17   0.00605739   1.5413e-17   0.00697654 -6.78912e-19   -0.0136449 -1.02555e-17    0.0111169    7.815e-18  -0.00254948  8.40157e-19  -0.00517446 -2.96268e-18   0.00696962 -2.02087e-18  -0.00333097  4.55134e-18  -0.00119973 -2.56305e-19   0.00290248 -4.93666e-18  -0.00177251  4.46887e-18  7.59444e-05 -4.50184e-19  0.000633082 -1.51289e-18 -0.000476359  8.74116e-19  0.000165146  -8.8466e-20 -2.18618e-05
-2.67589e-21 -7.40235e-09  1.23714e-20  1.36108e-07 -4.36574e-20 -1.34648e-06  1.83147e-19  9.01694e-06 -1.55016e-19 -4.51811e-05 -9.66589e-19  0.000179174  4.44408e-18 -0.000582623 -1.07692e-17   0.00159031   1.6135e-17  -0.00369975 -1.43586e-17   0.00739787  4.56245e-18   -0.0127333  8.37015e-18    0.0187361 -1.52258e-17   -0.0231099  7.93594e-18    0.0228397  8.35272e-18   -0.0160129 -1.82753e-17   0.00401124   1.3194e-17   0.00795438  5.06627e-19   -0.0135575 -7.89047e-18     0.010101  3.14209e-18  -0.00116629   3.2949e-18  -0.00606702 -1.17067e-18   0.00690258 -5.27592e-18  -0.00266402  5.67133e-18  -0.00173115  1.20885e-18   0.00297205 -6.53685e-18  -0.00160586  4.47046e-18 -2.64984e-05  4.51921e-19  0.000614501 -2.43745e-18 -0.000416473  1.69781e-18  0.000119659 -2.02087e-19
 3.43577e-10  -6.8824e-21 -1.00023e-08   1.7017e-20  1.16965e-07 -9.34458e-20 -8.58079e-07  2.75095e-19  4.63234e-06  -9.1425e-20 -2.01761e-05 -1.36897e-18  7.53028e-05  5.35883e-18 -0.000249059 -1.14279e-17  0.000736196  1.45537e-17  -0.00192777 -1.02938e-17   0.00440119 -7.29041e-19  -0.00861049  1.36063e-17    0.0141636  -1.8276e-17   -0.0190753  8.35272e-18    0.0200093  8.03817e-18   -0.0143115 -1.62723e-17   0.00292798  1.02461e-17   0.00863801  1.55058e-18   -0.0135452 -4.82294e-18   0.00920541  -1.5359e-18  8.34916e-05  4.83287e-18  -0.00677284  1.42667e-18    0.0067132 -8.59465e-18  -0.00204989  6.38001e-18  -0.00213034  3.01208e-18   0.00298596 -8.25185e-18  -0.00146828  5.20138e-18 -8.43475e-05 -7.00757e-19  0.000549157  -2.4829e-19 -0.000308846 -5.15188e-19  5.52671e-05
 2.26379e-21 -2.60338e-09 -9.53506e-21  5.47655e-08  2.96801e-20 -6.00797e-07 -1.77327e-19  4.32243e-06  3.79456e-19 -2.24626e-05 -1.41586e-19  8.85526e-05 -1.44718e-18 -0.000270926  5.70651e-18  0.000643478 -1.11126e-17  -0.00114614   1.2699e-17   0.00132845 -7.71306e-18 -0.000194332 -3.64904e-18  -0.00339847  1.62664e-17   0.00954553 -1.91334e-17   -0.0160129  8.03817e-18    0.0185114  7.24237e-18   -0.0135385 -1.34376e-17   0.00212907  6.67319e-18   0.00935764  2.28143e-18   -0.0135466 -1.08419e-18   0.00831437 -6.08061e-18   0.00119673  5.55584e-18  -0.00728558  4.55938e-18   0.00646655 -1.17501e-17  -0.00152785  6.39366e-18  -0.00242952  5.24508e-18   0.00296594 -9.56555e-18  -0.00134854  4.68121e-18 -7.86144e-05  8.99752e-19  0.000401453 -2.77481e-18 -0.000165594   1.5245e-18
  8.9373e-10  5.26491e-21 -3.10451e-08 -8.80338e-21  4.27393e-07  6.37222e-20 -3.59991e-06 -2.93682e-19   2.1375e-05  5.61937e-19 -9.58785e-05 -4.81226e-19  0.000337565  -1.1474e-18  -0.00095221  5.62649e-18   0.00216686 -1.06205e-17  -0.00394371  1.21028e-17   0.00553458 -7.51142e-18  -0.00530574 -4.20796e-18   0.00148726   1.6632e-17   0.00605739 -1.82753e-17   -0.0143115  7.24237e-18    0.0179286  6.10515e-18    -0.013029 -9.76971e-18   0.00128412  2.57344e-18    0.0100504  2.50211e-18   -0.0134481  3.30359e-18   0.00745761 -1.04467e-17   0.00212898    5.486e-18  -0.00766036  8.55963e-18   0.00622417 -1.57357e-17  -0.00108695  7.64206e-18  -0.00264299  5.08364e-18   0.00289612 -8.42927e-18  -0.00126749  4.22969e-18  3.63888e-05 -1.63773e-18  0.000189817  2.19449e-18 -4.80077e-05
-1.56177e-21  8.28465e-09  5.63597e-21 -1.61159e-07  -9.8789e-21  1.67083e-06  1.27091e-19 -1.15888e-05 -4.55572e-19  5.92561e-05  9.34659e-19  -0.00023532 -1.16179e-18  0.000748098 -6.56613e-19  -0.00193588  5.51083e-18   0.00410154 -1.08229e-17  -0.00706958   1.3326e-17   0.00965189 -9.10065e-18  -0.00964313 -3.32162e-18   0.00500578   1.5413e-17   0.00401124 -1.62723e-17   -0.0135385  6.10515e-18    0.0176008  4.59443e-18   -0.0124541 -5.10921e-18  0.000463735 -1.94272e-18    0.0105907  2.11601e-18   -0.0132885   8.3783e-18    0.0067128 -1.49901e-17   0.00291071  5.63933e-18  -0.00796067  1.13351e-17   0.00598795 -1.64453e-17 -0.000726493  3.49731e-18  -0.00273808  1.16653e-17   0.00279198 -1.43837e-17   -0.0012838  7.75427e-18  0.000239401 -1.92996e-19  1.15157e-05 -3.87906e-18
-1.21024e-09 -3.27585e-21  4.08403e-08  6.79325e-22 -5.49637e-07 -2.21817e-20  4.55631e-06   2.1992e-19 -2.68294e-05 -7.02131e-19  0.000120438   1.5633e-18 -0.000429259 -2.02527e-18   0.00124475 -2.49149e-19  -0.00297679  5.66225e-18   0.00589698 -1.19228e-17  -0.00961541  1.55793e-17    0.0125949  -1.1038e-17   -0.0123701 -1.97897e-18   0.00697654   1.3194e-17   0.00292798 -1.34376e-17    -0.013029  4.59443e-18    0.0171995  2.57909e-18   -0.0118907  6.43452e-19 -0.000191063 -6.79431e-18    0.0110129  1.25067e-18   -0.0131642  1.36871e-17   0.00607324 -1.87278e-17   0.00359339  3.45822e-18   -0.0081843  1.89229e-17    0.0057632 -2.61027e-17  -0.00050208  1.49678e-17  -0.00271342 -3.76947e-18   0.00272333  2.53573e-18  -0.00138008 -3.41586e-18  0.000394021 -3.64465e-19 -4.80712e-05
 8.31809e-22 -6.77024e-09 -2.29763e-21  1.29083e-07  -7.4051e-21 -1.31842e-06 -5.03293e-20  9.06489e-06  3.40006e-19 -4.62999e-05  -1.0684e-18  0.000185441  2.37732e-18 -0.000601913 -2.81504e-18   0.00161601  2.34444e-21  -0.00363026  5.93962e-18   0.00684654 -1.32113e-17   -0.0107684  1.73541e-17    0.0137941 -1.20748e-17   -0.0134876 -6.78912e-19   0.00795438  1.02461e-17   0.00212907 -9.76971e-18   -0.0124541  2.57909e-18     0.016804 -2.38593e-20   -0.0114912  7.34873e-18 -0.000704955 -1.17411e-17    0.0114182 -3.62803e-19   -0.0130814  2.01624e-17   0.00550025 -2.48135e-17   0.00415836  6.91403e-18  -0.00832667  1.36971e-17   0.00562195 -1.11957e-17 -0.000438681   -1.246e-17  -0.00264456   3.2304e-17   0.00268297  -3.3617e-17  -0.00138474  1.94779e-17  0.000366884  1.61745e-18
 5.86592e-10  1.61661e-21 -1.91546e-08  3.99778e-21  2.51061e-07 -1.38042e-20 -2.04456e-06 -8.75083e-20  1.19629e-05  4.80246e-19 -5.41485e-05 -1.53468e-18  0.000198179  3.19114e-18  -0.00060329 -3.42243e-18   0.00155473  3.85242e-19  -0.00342277  5.76638e-18   0.00644054 -1.35844e-17   -0.0102563  1.74532e-17    0.0134598 -1.17549e-17   -0.0136449  5.06627e-19   0.00863801  6.67319e-18   0.00128412 -5.10921e-18   -0.0118907 -2.38593e-20    0.0165705 -3.16921e-18   -0.0112387  1.47568e-17  -0.00117713 -1.68697e-17    0.0118148  -1.5778e-18   -0.0130056  2.44345e-17   0.00502929 -2.44395e-17   0.00457913  -5.0169e-18  -0.00846172   3.9549e-17   0.00560884 -5.24522e-17 -0.000457538  4.81932e-17  -0.00253986 -4.48064e-17   0.00247308  4.06379e-17  -0.00111701 -2.34271e-17  0.000188458
-2.94246e-22  8.29086e-10   5.5061e-22 -1.32798e-08  1.54142e-20  1.16467e-07 -1.85025e-20  -7.2864e-07 -1.12705e-19  3.74599e-06  6.17022e-19 -1.71024e-05 -2.01094e-18  7.04799e-05  3.84309e-18 -0.000256623  -4.0187e-18  0.000803761  1.35398e-18  -0.00212544  4.59037e-18   0.00468495 -1.23497e-17  -0.00848853  1.55716e-17    0.0123314 -1.02555e-17   -0.0135575  1.55058e-18   0.00935764  2.57344e-18  0.000463735  6.43452e-19   -0.0114912 -3.16921e-18    0.0164852 -6.59272e-18   -0.0110372   2.2179e-17  -0.00161171 -2.10003e-17     0.012163 -5.23058e-18   -0.0129802  3.45602e-17   0.00470912 -3.80953e-17   0.00492018  1.53328e-17   -0.0086428 -1.60048e-18   0.00563704  2.42862e-17 -0.000527299 -6.63039e-17  -0.00218673   9.1166e-17   0.00187338 -7.85788e-17 -0.000627564  2.52933e-17
 2.67732e-10 -6.37723e-22 -9.76443e-09 -4.22373e-21   1.3913e-07  3.04662e-20 -1.19592e-06 -3.31521e-20  7.13518e-06 -9.17878e-20 -3.15511e-05  7.07891e-19  0.000106623 -2.37799e-18 -0.000276537  4.30903e-18  0.000532157 -4.87627e-18 -0.000653894  3.07882e-18   4.8434e-05  2.40285e-18   0.00212922 -9.61559e-18  -0.00625364  1.21392e-17    0.0111169 -7.89047e-18   -0.0135452  2.28143e-18    0.0100504 -1.94272e-18 -0.000191063  7.34873e-18   -0.0112387 -6.59272e-18    0.0164531 -1.03652e-17   -0.0108866  3.00905e-17  -0.00196059 -2.62789e-17    0.0125049 -5.12119e-18   -0.0130675  3.42052e-17   0.00448554 -2.51212e-17   0.00523575 -2.35092e-17  -0.00876654  7.57058e-17   0.00564107 -1.08233e-16 -0.000861476  1.28342e-16  -0.00133668 -1.33221e-16  0.000973196  9.84449e-17 -0.000190811
 1.96619e-23  3.68654e-09 -2.80503e-22 -7.30643e-08 -1.32524e-20  7.67952e-07   5.0956e-20 -5.36952e-06 -8.25512e-20   2.7488e-05   1.1162e-20 -0.000108326  7.04022e-19  0.000337548 -2.53889e-18 -0.000840295  4.64085e-18   0.00165904 -6.00278e-18  -0.00249945  5.14141e-18   0.00250356 -1.88205e-19 -0.000461967 -6.04803e-18  -0.00420417    7.815e-18     0.010101 -4.82294e-18   -0.0135466  2.50211e-18    0.0105907 -6.79431e-18 -0.000704955  1.47568e-17   -0.0110372 -1.03652e-17    0.0164757 -1.36505e-17   -0.0108418  3.67079e-17  -0.00225993 -2.93187e-17    0.0129065 -9.11679e-18   -0.0132162  4.37363e-17   0.00430161 -4.04865e-17   0.00540304  1.49661e-17  -0.00872336  -2.0283e-17   0.00582066  7.70091e-17  -0.00172577  -1.4853e-16 -0.000134744  1.75808e-16  0.000198323 -1.04736e-16
-5.95384e-10  2.44232e-22  2.04254e-08  1.69344e-21 -2.78686e-07 -2.61994e-20  2.33485e-06  8.52858e-20 -1.38442e-05 -1.95643e-19  6.22947e-05  2.14016e-19 -0.000221228  5.58269e-19  0.000633873  -2.4205e-18  -0.00147911  4.78336e-18   0.00279991 -6.96655e-18  -0.00419267  6.71329e-18   0.00458589 -2.38053e-18  -0.00255598 -2.38408e-18  -0.00254948  3.14209e-18   0.00920541 -1.08419e-18   -0.0134481  2.11601e-18    0.0110129 -1.17411e-17  -0.00117713   2.2179e-17   -0.0108866 -1.36505e-17    0.0166105 -1.75038e-17   -0.0108719  4.28127e-17   -0.0025742  -2.8116e-17    0.0133114 -2.64686e-17   -0.0133583  7.90312e-17   0.00429206 -8.47669e-17   0.00526803  4.40447e-17   -0.0086897  1.88352e-17    0.0064518 -9.84321e-17  -0.00291174  1.79582e-16  0.000810677 -1.96446e-16 -0.000107903
 5.88141e-23 -3.45925e-09  6.10365e-22  6.69506e-08  5.66962e-21  -6.9299e-07 -4.31248e-20  4.81958e-06  1.45905e-19 -2.48441e-05 -3.85577e-19  0.000100136  5.07436e-19  -0.00032578  2.20427e-19  0.000871561   -1.945e-18  -0.00193309  4.51019e-18   0.00354359 -7.14328e-18  -0.00525889  7.08741e-18    0.0059403 -3.64307e-18  -0.00406243  8.40157e-19  -0.00116629  -1.5359e-18   0.00831437  3.30359e-18   -0.0132885  1.25067e-18    0.0114182 -1.68697e-17  -0.00161171  3.00905e-17   -0.0108418 -1.75038e-17    0.0168283  -2.2589e-17   -0.0109143  5.97887e-17  -0.00283953 -6.59756e-17    0.0136345  5.53323e-17   -0.0136274 -8.21361e-17   0.00464348  1.71946e-16   0.00498625 -2.60515e-16  -0.00895422   2.4579e-16   0.00726988 -9.40975e-17  -0.00361876  -1.1083e-16   0.00098855  1.94242e-16
 2.90619e-10 -1.29597e-22 -9.65585e-09  8.93613e-22  1.28804e-07  1.09507e-20   -1.068e-06  -6.4215e-20  6.36552e-06  2.39068e-19 -2.93552e-05 -6.31598e-19  0.000109395  8.66386e-19 -0.000338365 -3.49899e-19  0.000881922 -1.06313e-18    -0.001947  3.61121e-18   0.00361971 -6.17444e-18    -0.005545  6.07091e-18   0.00662108 -3.82046e-18  -0.00517446   3.2949e-18  8.34916e-05 -6.08061e-18   0.00745761   8.3783e-18   -0.0131642 -3.62803e-19    0.0118148 -2.10003e-17  -0.00196059  3.67079e-17   -0.0108719  -2.2589e-17    0.0170674 -1.23155e-17   -0.0110383  1.51288e-17   -0.0029543   7.4435e-17    0.0139991 -2.70697e-16   -0.0142255   5.1788e-16   0.00520695 -7.31566e-16   0.00487416  8.30201e-16  -0.00922121 -7.27341e-16   0.00730127   3.9442e-16  -0.00317198   6.0004e-18  0.000541876
-5.12483e-23  3.28927e-10 -7.51227e-22  -5.3356e-09  1.11015e-21  4.89637e-08  1.50224e-20 -3.36081e-07 -8.67912e-20  1.96502e-06  3.51863e-19 -1.01516e-05 -8.79384e-19  4.55466e-05  1.25814e-18 -0.000172977 -1.12149e-18  0.000547249  1.28628e-19  -0.00142949  2.15002e-18   0.00305431 -4.20323e-18  -0.00523918  3.93866e-18   0.00689543 -2.96268e-18  -0.00606702  4.83287e-18   0.00119673 -1.04467e-17    0.0067128  1.36871e-17   -0.0130814  -1.5778e-18     0.012163 -2.62789e-17  -0.00225993  4.28127e-17   -0.0109143 -1.23155e-17    0.0173989 -7.68897e-17   -0.0113561  2.15098e-16  -0.00303041 -4.11276e-16    0.0146102  7.24661e-16   -0.0149939 -1.20365e-15   0.00561565  1.73569e-15   0.00464476 -2.01543e-15  -0.00839083  1.74954e-15   0.00574588 -9.48731e-16   -0.0018251  4.22188e-17
 1.42594e-10   6.4445e-23 -5.15594e-09 -1.88022e-21  7.27801e-08    2.333e-21  -6.1813e-07  1.26132e-20  3.62551e-06 -1.01681e-19 -1.56192e-05  4.47045e-19  5.05749e-05 -1.05852e-18 -0.000121313  1.62008e-18  0.000195383 -1.91977e-18 -0.000104492  1.31811e-18 -0.000523359  4.98127e-19   0.00211973 -1.71384e-18  -0.00465518  1.11883e-18   0.00696962 -1.17067e-18  -0.00677284  5.55584e-18   0.00212898 -1.49901e-17   0.00607324  2.01624e-17   -0.0130056 -5.23058e-18    0.0125049 -2.93187e-17   -0.0025742  5.97887e-17   -0.0110383 -7.68897e-17    0.0179383  1.40748e-16   -0.0117627 -3.93582e-16  -0.00327319    9.925e-16    0.0152926 -1.96958e-15   -0.0154996  3.13196e-15   0.00610639 -4.06373e-15   0.00313484  4.22907e-15  -0.00560211 -3.27349e-15    0.0030491  1.50014e-15 -0.000554785
  3.0557e-23  1.74148e-09  5.06875e-22 -3.46139e-08 -3.66242e-21  3.64174e-07  7.45182e-21  -2.5423e-06 -3.94015e-21  1.29471e-05 -9.29469e-20 -5.04845e-05  4.72787e-19  0.000154317 -1.10058e-18 -0.000371157  1.83395e-18  0.000686219 -2.44608e-18 -0.000889975  2.09156e-18  0.000485679 -8.88762e-19   0.00112334  7.78812e-19  -0.00400031 -2.02087e-18   0.00690258  1.42667e-18  -0.00728558    5.486e-18   0.00291071 -1.87278e-17   0.00550025  2.44345e-17   -0.0129802 -5.12119e-18    0.0129065  -2.8116e-17  -0.00283953  1.51288e-17   -0.0113561  1.40748e-16    0.0185827 -5.53926e-16   -0.0120515  1.35251e-15   -0.0034946 -2.66817e-15    0.0155483  4.52799e-15   -0.0159031  -6.5813e-15   0.00784585  7.94296e-15 -0.000505962 -7.56836e-15  -0.00157899  5.11605e-15  0.000693816 -1.57748e-15
-2.50636e-10  5.92831e-24  8.65451e-09  1.35331e-21 -1.18755e-07 -6.70985e-21  9.99593e-07  2.07238e-20 -5.94687e-06 -4.11007e-20  2.67987e-05 -4.33686e-20 -9.50329e-05  3.85149e-19  0.000270557 -9.55387e-19 -0.000621634  1.75957e-18   0.00113736 -2.42751e-18   -0.0015734  2.16486e-18   0.00135268 -1.71018e-18  0.000229833  2.93167e-18  -0.00333097 -5.27592e-18    0.0067132  4.55938e-18  -0.00766036  5.63933e-18   0.00359339 -2.48135e-17   0.00502929  3.45602e-17   -0.0130675 -9.11679e-18    0.0133114 -6.59756e-17   -0.0029543  2.15098e-16   -0.0117627 -5.53926e-16    0.0191244  1.36976e-15    -0.012415 -3.08121e-15  -0.00315067   5.9515e-15    0.0154648   -9.652e-15   -0.0173425  1.30032e-14    0.0116244 -1.42271e-14   -0.0052155   1.1924e-14   0.00159515 -6.50814e-15 -0.000255983
-1.78091e-23 -1.24193e-09 -1.32027e-22  2.42246e-08  2.56988e-21 -2.53009e-07 -1.20492e-20  1.77827e-06  4.48817e-20 -9.28061e-06 -9.82081e-20  3.79374e-05  5.47029e-20 -0.000125321  1.75643e-19  0.000340247 -6.20417e-19 -0.000762695  1.33314e-18   0.00139628 -1.78551e-18   -0.0020063  1.50685e-18   0.00199032 -1.85124e-18 -0.000540645  4.55134e-18  -0.00266402 -8.59465e-18   0.00646655  8.55963e-18  -0.00796067  3.45822e-18   0.00415836 -2.44395e-17   0.00470912  3.42052e-17   -0.0132162 -2.64686e-17    0.0136345   7.4435e-17  -0.00303041 -3.93582e-16   -0.0120515  1.36976e-15    0.0197567 -3.51123e-15   -0.0134209   7.2637e-15  -0.00227898  -1.2631e-14    0.0161505  1.85974e-14   -0.0205348 -2.28143e-14    0.0160307  2.24108e-14  -0.00827659  -1.6119e-14   0.00241286  6.18395e-15
 7.24062e-11 -4.78436e-23 -2.40452e-09 -3.68575e-22  3.23655e-08  3.95018e-21 -2.74274e-07 -1.99998e-20  1.69621e-06  7.65521e-20 -8.24395e-06  -1.6311e-19  3.28107e-05  1.86185e-19 -0.000109263  -1.0675e-19  0.000306806 -1.73855e-19 -0.000723707  6.39292e-19   0.00141064 -6.69598e-19  -0.00218599  2.83397e-19   0.00243347 -1.36044e-18  -0.00119973  5.67133e-18  -0.00204989 -1.17501e-17   0.00622417  1.13351e-17   -0.0081843  6.91403e-18   0.00457913 -3.80953e-17   0.00448554  4.37363e-17   -0.0133583  5.53323e-17    0.0139991 -4.11276e-16  -0.00327319  1.35251e-15    -0.012415 -3.51123e-15    0.0210534  7.78663e-15   -0.0150534 -1.48345e-14  -0.00198178  2.40494e-14     0.018282 -3.27125e-14   -0.0237807  3.64108e-14    0.0177748 -3.14175e-14  -0.00778379  1.81812e-14   0.00137663
 9.88421e-24 -1.76719e-10 -9.51151e-23  3.73912e-09 -4.99981e-22 -3.96123e-08  4.82456e-21   2.6009e-07 -2.83166e-20 -1.11801e-06  1.03774e-19   2.8845e-06 -2.12646e-19 -1.21028e-06  3.06176e-19 -2.80433e-05  -3.5734e-19   0.00015695  2.34071e-19 -0.000520013  -1.2592e-19   0.00123992   6.6395e-19  -0.00219476 -1.32162e-18   0.00273123 -2.56305e-19  -0.00173115  6.38001e-18  -0.00152785 -1.57357e-17   0.00598795  1.89229e-17  -0.00832667  -5.0169e-18   0.00492018 -2.51212e-17   0.00430161  7.90312e-17   -0.0136274 -2.70697e-16    0.0146102    9.925e-16   -0.0034946 -3.08121e-15   -0.0134209  7.78663e-15    0.0230046 -1.62817e-14   -0.0162023  2.86252e-14  -0.00293417 -4.24526e-14    0.0199688  5.24241e-14   -0.0233468 -5.20362e-14    0.0146765  3.82414e-14  -0.00461535 -1.58385e-14
 8.16339e-11  4.47432e-23 -2.88191e-09 -2.10509e-22  3.99311e-08 -2.01711e-23 -3.34269e-07  3.79225e-21  1.93886e-06 -3.14168e-20 -8.28415e-06   1.0965e-19  2.66826e-05  -2.1954e-19 -6.39477e-05  3.52213e-19  0.000104184  -4.5761e-19 -6.42809e-05  4.50929e-19 -0.000235256 -7.56832e-19  0.000984974  1.94691e-18  -0.00210505 -3.05076e-18   0.00290248  1.20885e-18  -0.00213034  6.39366e-18  -0.00108695 -1.64453e-17    0.0057632  1.36971e-17  -0.00846172  1.53328e-17   0.00523575 -4.04865e-17   0.00429206 -8.21361e-17   -0.0142255  7.24661e-16    0.0152926 -2.66817e-15  -0.00315067   7.2637e-15   -0.0150534 -1.62817e-14     0.024492  3.09525e-14   -0.0161644 -5.00327e-14  -0.00317222  6.80339e-14    0.0172266 -7.59453e-14   -0.0169783  6.60608e-14   0.00820615  -3.8993e-14  -0.00146408
-3.58705e-24  6.60239e-10  1.18099e-22  -1.3096e-08 -5.48085e-22  1.37546e-07  1.80141e-21 -9.58536e-07 -8.30425e-22  4.87031e-06 -2.28715e-20 -1.89182e-05  8.22556e-20  5.74078e-05 -1.66453e-19 -0.000135998   2.7893e-19  0.000242723 -3.39517e-19 -0.000282931   3.9751e-19  4.36049e-05  -1.1253e-18  0.000714659   3.0532e-18  -0.00195291 -4.93666e-18   0.00297205  3.01208e-18  -0.00242952  7.64206e-18 -0.000726493 -2.61027e-17   0.00562195   3.9549e-17   -0.0086428 -2.35092e-17   0.00540304 -8.47669e-17   0.00464348   5.1788e-16   -0.0149939 -1.96958e-15    0.0155483   5.9515e-15  -0.00227898 -1.48345e-14   -0.0162023  3.09525e-14    0.0248018 -5.44832e-14   -0.0169195   8.0843e-14   0.00139239 -9.97827e-14   0.00789221  9.90315e-14  -0.00691128  -7.3013e-14    0.0023076   3.1006e-14
