 2.60335e-34  6.54411e-38 -1.59464e-34 -1.83895e-37 -1.70816e-34 -5.44036e-37 -2.81459e-34  5.01619e-37  2.41005e-34  4.55578e-36  8.26146e-35  1.36831e-36  4.45714e-35  1.35862e-36 -7.55149e-35 -2.65234e-37 -3.71956e-35  4.63828e-37 -2.83839e-37  3.07422e-37  1.22649e-35  7.55168e-37  2.82593e-36 -3.04397e-38  2.01222e-38  1.81815e-37 -2.77694e-36 -4.20519e-38  6.01261e-37 -4.86907e-38 -1.18688e-37  4.40965e-38   -3.499e-37 -1.47208e-39   3.0025e-37 -6.24841e-39 -8.67923e-38  4.84519e-39 -5.64398e-38 -9.76855e-40  1.72891e-38   6.7278e-41 -4.32582e-39   7.5301e-40    5.021e-39 -2.05689e-40 -2.38102e-39 -9.11306e-41  1.55451e-39   4.3451e-41 -1.08259e-39   2.1893e-41  4.38086e-40 -3.90991e-42  -1.7829e-40  1.72237e-42   3.6622e-42   1.9116e-42  1.89854e-41 -1.15216e-42 -9.33081e-42  3.93134e-43  4.23948e-42 -8.12858e-46  1.62108e-42  -2.2509e-44 -9.15461e-42 -9.82711e-44  2.27364e-41  1.94902e-43 -4.97878e-41 -5.03153e-43  1.00019e-40  1.19362e-42 -1.82694e-40 -2.62008e-42  3.02067e-40   5.3656e-42 -4.48685e-40 -1.02382e-41  5.93419e-40   1.8173e-41 -6.90752e-40 -2.99443e-41  6.96404e-40  4.56915e-41 -5.93782e-40 -6.43833e-41   4.1139e-40  8.35049e-41 -2.13153e-40 -9.93115e-41  6.28084e-41  1.07819e-40  1.18941e-41 -1.06289e-40  -2.6397e-41  9.45372e-41  1.55879e-41 -7.52671e-41 -4.99871e-42  5.31069e-41  1.29715e-42 -3.27714e-41 -1.04432e-42  1.73603e-41   9.7755e-43 -7.67051e-42 -5.77496e-43  2.68262e-42  2.39875e-43 -6.53176e-43 -8.31397e-44  5.39504e-44  2.64797e-44  3.91831e-44 -7.18087e-45 -2.27159e-44  1.47436e-45   6.5859e-45 -2.17067e-46 -1.16204e-45  2.15519e-47   1.1541e-46 -1.13725e-48 -4.27027e-48
 6.54411e-38  9.56597e-34  3.84184e-37 -3.54945e-34 -1.17537e-36 -2.97633e-34 -3.77479e-36 -5.74954e-34  1.99136e-36  3.01166e-34  1.13624e-35  1.99127e-34  4.17534e-36   5.6816e-35  1.47916e-36 -1.24201e-34 -1.74569e-38 -6.89989e-35 -1.98099e-37 -3.20684e-36  5.48783e-37  2.31762e-35   1.6732e-36  6.28974e-36  7.95212e-38  3.56006e-37  4.81183e-37 -6.21567e-36 -1.58926e-37  1.66527e-36 -1.38974e-37 -2.36768e-37  1.32007e-37 -1.12549e-36 -1.75266e-38  8.54809e-37 -1.86167e-38  -2.4961e-37  1.49155e-38 -1.44036e-37 -3.28552e-39  3.92924e-38   3.6086e-40 -1.08984e-38  1.95924e-39   1.0036e-38 -5.00364e-40 -5.10678e-39 -4.27657e-40  4.43948e-39  1.78468e-40 -3.13781e-39  5.79757e-41  1.59331e-39 -1.09095e-41 -6.74298e-40   6.1214e-43  4.29355e-41  7.69621e-42   6.2583e-41 -3.42109e-42 -1.88938e-41  1.42594e-42 -2.33121e-41 -1.86629e-43  1.10146e-40   3.8181e-43 -2.89298e-40 -1.68206e-42  6.65933e-40  4.13382e-42 -1.39886e-39 -1.00585e-41  2.68048e-39  2.28586e-41 -4.65904e-39 -4.84538e-41   7.3007e-39  9.58245e-41  -1.0232e-38 -1.76541e-40  1.26962e-38  3.02435e-40 -1.37584e-38 -4.80723e-40  1.27699e-38  7.07211e-40 -9.84602e-39 -9.60166e-40  5.96275e-39  1.19907e-39 -2.46902e-39 -1.37206e-39  3.05752e-40  1.43213e-39  4.53193e-40 -1.35638e-39  -3.8962e-40  1.15835e-39  1.44458e-40 -8.85223e-40 -1.71701e-41  5.99707e-40  3.33584e-43 -3.55873e-40 -9.18531e-42   1.8205e-40  9.05916e-42 -7.84856e-41 -4.38272e-42  2.75167e-41  1.49162e-42 -7.33582e-42 -4.75461e-43  1.24098e-42  1.47566e-43 -1.25282e-44  -3.6207e-44 -6.54245e-44  6.28202e-45  2.07679e-44 -7.68834e-46 -3.24037e-45  6.02489e-47  2.35388e-46 -1.84767e-48
-1.59464e-34  3.84184e-37  1.94004e-33  1.22583e-36 -3.83256e-34 -4.41737e-36 -4.03545e-34 -1.36856e-35 -8.54324e-34  4.94595e-36  2.82069e-34  1.77532e-35  2.98078e-34  8.60443e-36  5.09261e-35  7.05227e-38 -1.41867e-34  2.37792e-37 -9.56064e-35 -2.31847e-36 -3.75306e-36  6.72235e-37  3.31814e-35  2.76732e-36  9.22238e-36  3.63518e-37   2.4382e-36  8.65131e-37 -1.09421e-35  -4.1904e-37  3.81028e-36 -2.93163e-37 -3.46942e-37  2.92277e-37 -2.55617e-36 -5.58449e-38  1.69426e-36 -3.89114e-38  -5.3316e-37  3.06895e-38 -2.36227e-37 -8.20327e-39  5.37102e-38   1.7999e-39  -2.3892e-38  3.43154e-39  1.49696e-38 -8.29535e-40 -8.25493e-39 -1.28804e-39  1.02152e-38  5.07466e-40 -6.90641e-39  1.06371e-40   4.2071e-39 -2.53161e-41 -1.78067e-39  -1.0644e-41  1.88412e-40   2.0491e-41  4.89682e-41 -7.40742e-42  2.73801e-40  4.49397e-42 -9.37591e-40 -3.03818e-42  2.55354e-39  8.03782e-42 -6.14238e-39 -2.30926e-41  1.34917e-38  5.73144e-41 -2.70701e-38 -1.34374e-40  4.93989e-38  2.94678e-40 -8.15175e-38 -6.03418e-40  1.20791e-37  1.15245e-39 -1.59281e-37 -2.04945e-39  1.84718e-37  3.38696e-39 -1.85344e-37 -5.18986e-39  1.57036e-37   7.3544e-39  -1.0784e-37 -9.60928e-39  5.51168e-38  1.15371e-38 -1.57919e-38 -1.26779e-38 -3.16413e-39  1.26924e-38  6.34502e-39 -1.15146e-38 -3.25117e-39  9.40601e-39  5.63714e-40 -6.86594e-39  1.78653e-40  4.43707e-39  -4.1067e-41 -2.50925e-39 -7.81989e-41  1.22325e-39  5.85635e-41 -5.03685e-40 -2.06318e-41  1.70036e-40  5.67178e-42 -4.48074e-41 -1.85217e-42  8.33156e-42   5.6694e-43 -7.69508e-43 -1.17975e-43 -8.43543e-44    1.662e-44  4.00027e-44 -1.68587e-45 -5.43697e-45  9.63728e-47  2.38135e-46
-1.83895e-37 -3.54945e-34  1.22583e-36  2.92353e-33  2.56784e-36 -1.59899e-34 -1.15036e-35 -5.62468e-34 -3.39127e-35 -1.04799e-33  9.11032e-36  2.70464e-34  1.97453e-35  3.40799e-34  1.41876e-35  5.57276e-35 -2.07683e-36 -1.22828e-34 -2.60762e-37 -1.16734e-34 -5.46235e-36  7.87798e-37   8.0261e-37  4.24269e-35  3.77289e-36  1.16376e-35  8.89975e-37  7.71891e-36   1.1946e-36 -1.72943e-35 -8.74937e-37  7.56378e-36 -5.27947e-37  -4.2104e-37  5.40636e-37 -4.69142e-36 -1.21281e-37  2.71211e-36 -6.42771e-38 -1.00205e-36  4.96184e-38 -2.49702e-37 -1.75868e-38  3.40987e-38  6.18046e-39 -5.39205e-38  4.54998e-39  2.26836e-38 -1.05738e-39 -1.29355e-38  -3.0364e-39  2.13626e-38  1.16849e-39  -1.3019e-38  1.47961e-40  9.09171e-39  -5.5444e-41 -3.89432e-39 -4.61402e-41   1.0833e-39  4.32007e-41 -1.95501e-39 -1.60281e-41  6.55118e-39  1.99573e-41 -1.80028e-38 -3.61439e-41  4.51609e-38  9.79793e-41 -1.03596e-37 -2.56416e-40  2.17444e-37   6.1993e-40 -4.16035e-37 -1.40479e-39  7.21865e-37  2.97651e-39 -1.12865e-36 -5.88798e-39  1.57752e-36  1.08576e-38 -1.95078e-36  -1.8631e-38   2.1048e-36  2.96873e-38 -1.94228e-36 -4.38234e-38  1.48534e-36  5.97671e-38 -8.88036e-37 -7.50736e-38  3.58362e-37  8.65427e-38  -3.7319e-38  -9.1181e-38 -6.92622e-38  8.73852e-38  5.43481e-38 -7.57556e-38 -1.62044e-38  5.90183e-38 -1.65146e-39 -4.09976e-38  2.49634e-39  2.51544e-38 -3.02006e-41 -1.34728e-38 -5.93461e-40   6.2059e-39    2.739e-40 -2.41028e-39 -6.16011e-41   7.6774e-40  1.52483e-41 -1.92219e-40 -6.15173e-42  3.50594e-41  1.70627e-42  -3.8631e-42 -2.72629e-43  5.09465e-44  3.10022e-44  5.18597e-44 -2.63474e-45   -5.965e-45  8.76565e-47
-1.70816e-34 -1.17537e-36 -3.83256e-34  2.56784e-36  3.75919e-33  3.72002e-36  1.69789e-34 -2.21756e-35 -7.72162e-34 -6.41798e-35 -1.13585e-33  1.32914e-35  2.75368e-34  1.63492e-35  3.23948e-34  2.02374e-35  8.96622e-35 -3.80765e-36 -7.61135e-35 -1.88072e-36 -1.35031e-34 -8.60195e-36  8.47128e-36  1.39288e-36  5.23325e-35  4.23597e-36  1.52993e-35  1.78408e-36  1.66445e-35  1.29988e-36 -2.55224e-35 -1.51762e-36  1.29682e-35 -8.51696e-37 -3.59864e-37  8.73723e-37 -7.37582e-36 -2.16049e-37  3.76445e-36 -8.74406e-38  -1.7785e-36  6.74437e-38 -5.48048e-38 -3.40266e-38 -5.33785e-38  1.58086e-38 -1.18501e-37  4.57364e-39  4.09624e-38 -1.05369e-39 -2.22933e-38 -6.04122e-39  4.09726e-38   2.3034e-39 -2.18018e-38  1.49722e-40  1.75739e-38 -1.16858e-40 -1.02032e-38 -1.29099e-40   1.3212e-38  8.43553e-41 -3.77661e-38 -5.95948e-41  1.07858e-37  1.41619e-40 -2.80752e-37 -3.59109e-40  6.71986e-37  9.54373e-40 -1.47412e-36  -2.3912e-39  2.95378e-36   5.5981e-39 -5.38123e-36 -1.22648e-38  8.86225e-36  2.51119e-38 -1.30996e-35  -4.7978e-38  1.72211e-35  8.53958e-38 -1.98937e-35  -1.4133e-37  1.98592e-35  2.17013e-37 -1.67067e-35 -3.08393e-37  1.13496e-35  4.04437e-37 -5.68808e-36 -4.87875e-37  1.53529e-36  5.39324e-37  4.04063e-37 -5.44006e-37 -6.72958e-37    4.982e-37   3.1264e-37 -4.11835e-37  -2.8221e-38  3.05204e-37  -3.8245e-38 -2.01124e-37   1.4156e-38  1.16699e-37  3.13224e-39 -5.89014e-38 -3.38779e-39  2.54669e-38  8.38117e-40 -9.24493e-39 -8.67619e-41  2.74126e-39  3.78873e-41 -6.37513e-40 -1.92713e-41  1.08718e-40  3.95389e-42 -1.18291e-41 -4.39217e-43  4.88623e-43  4.45505e-44  4.36926e-44 -3.01401e-45 -3.91786e-45
-5.44036e-37 -2.97633e-34 -4.41737e-36 -1.59899e-34  3.72002e-36  4.40404e-33  3.40772e-36  3.95849e-34 -3.23519e-35 -9.18596e-34 -9.87919e-35 -1.13385e-33  1.54163e-35  2.40613e-34  1.11963e-35  2.57796e-34  2.60992e-35  1.48141e-34 -4.89065e-36 -1.90883e-35 -4.37314e-36 -1.52047e-34 -1.08034e-35  1.20714e-35  3.12426e-36  6.48537e-35  3.68949e-36  2.18483e-35   3.1843e-36  2.87216e-35  1.05671e-36 -3.58159e-35 -2.24129e-36  1.92222e-35 -1.25283e-36  1.03988e-37  1.26733e-36 -1.03214e-35 -3.41222e-37  4.77923e-36 -9.95461e-38 -3.04604e-36  8.04553e-38  4.96951e-37 -6.04912e-38 -2.40482e-37  3.25586e-38 -2.36699e-37  3.00255e-39  8.11423e-38 -8.01222e-40 -4.12961e-38 -1.05118e-38  7.21294e-38  3.98779e-39 -3.61191e-38  7.79714e-41  4.39853e-38 -2.30151e-40 -7.01163e-38 -3.11693e-40  1.93078e-37  2.25515e-40  -5.6263e-37 -4.07441e-40  1.52542e-36  1.15393e-39 -3.80436e-36 -3.09649e-39  8.71447e-36  7.98687e-39 -1.82684e-35 -1.93259e-38  3.49002e-35  4.37663e-38 -6.04454e-35 -9.26961e-38  9.42994e-35   1.8337e-37 -1.31443e-34 -3.38275e-37  1.61986e-34   5.8092e-37 -1.73995e-34 -9.26814e-37  1.59584e-34  1.37055e-36 -1.20958e-34  -1.8736e-36  7.12481e-35  2.36065e-36 -2.77969e-35 -2.73193e-36   2.0277e-36  2.89251e-36   6.0201e-36 -2.78919e-36 -4.35336e-36  2.43668e-36  1.11337e-36  -1.9168e-36  2.84041e-37  1.34796e-36 -2.72686e-37 -8.40175e-37  3.19416e-38  4.59349e-37  3.22157e-38 -2.17491e-37 -1.31474e-38  8.77517e-38   9.7262e-40 -2.95433e-38  9.95298e-41  8.06564e-39  1.35828e-40 -1.71328e-39 -5.29714e-41  2.65079e-40  6.20225e-42 -2.63748e-41 -4.76996e-43  1.19679e-42  5.63044e-44  1.87797e-44 -2.18234e-45
-2.81459e-34 -3.77479e-36 -4.03545e-34 -1.15036e-35  1.69789e-34  3.40772e-36   4.8037e-33  3.12714e-37   3.8235e-34 -3.47009e-35 -8.91566e-34 -1.29089e-34 -1.04573e-33  1.28744e-35  1.28177e-34  1.03741e-35  1.54077e-34  3.11038e-35  2.15099e-34 -6.04295e-36  3.42121e-35 -7.31764e-36 -1.65186e-34 -1.16578e-35  1.87222e-36  6.57561e-36  8.20722e-35  1.98055e-36  3.02158e-35  5.11401e-36  4.34503e-35  4.42786e-37 -4.83863e-35  -2.8562e-36  2.47105e-35 -1.69216e-36  1.42327e-36  1.68619e-36 -1.32485e-35 -4.97239e-37  5.82478e-36 -9.53653e-38 -5.00657e-36   8.8332e-38  1.52431e-36 -9.94307e-38 -5.43246e-37  5.67447e-38 -4.20322e-37 -1.12718e-40  1.55424e-37 -5.32354e-40 -7.85629e-38 -1.63088e-38  1.29888e-37  6.16233e-39 -1.13183e-37 -8.98336e-41  2.98397e-37  -3.7048e-40 -8.72433e-37 -8.43362e-40  2.62303e-36  1.15994e-39 -7.38574e-36 -3.15921e-39  1.91928e-35  8.93965e-39 -4.58668e-35 -2.36798e-38  1.00498e-34  5.91444e-38 -2.01099e-34 -1.38411e-37  3.65765e-34  3.03122e-37  -6.0118e-34 -6.20505e-37  8.86469e-34  1.18562e-36 -1.16184e-33 -2.11106e-36  1.33692e-33  3.49624e-36 -1.32766e-33 -5.37422e-36  1.10869e-33  7.64858e-36 -7.44527e-34 -1.00505e-35  3.64944e-34   1.2155e-35 -9.11535e-35 -1.34804e-35 -3.25167e-35   1.3653e-35  4.57421e-35 -1.25674e-35 -1.96704e-35  1.04554e-35  7.20836e-37 -7.81072e-36  3.09442e-36  5.19964e-36 -1.11267e-36 -3.05645e-36 -1.38849e-37  1.56896e-36  1.75792e-37 -6.93777e-37 -2.76598e-38  2.59737e-37 -4.71343e-39 -8.04948e-38  3.83268e-40  2.00267e-38   5.6229e-40 -3.82701e-39 -1.04939e-40   5.2394e-40  4.13674e-42 -4.52726e-41 -4.57496e-43  1.81664e-42   6.3808e-44  -2.0583e-45
 5.01619e-37 -5.74954e-34 -1.36856e-35 -5.62468e-34 -2.21756e-35  3.95849e-34  3.12714e-37  4.95591e-33 -6.42791e-36  1.07014e-34 -2.23862e-35 -7.00566e-34 -1.47946e-34 -8.44483e-34  3.48629e-36 -4.41638e-35  1.85274e-35  3.08397e-35  3.42778e-35  2.75684e-34 -7.85079e-36  8.00404e-35 -1.06374e-35 -1.69049e-34 -1.12478e-35 -2.86191e-35  1.17732e-35  1.05917e-34 -4.45585e-37  3.52282e-35   7.3609e-36   6.1033e-35  -4.4393e-37  -6.3288e-35 -3.15537e-36  2.74504e-35 -2.10686e-36  4.10765e-36  2.09906e-36 -1.59827e-35 -6.83123e-37  7.08593e-36 -7.83324e-38 -7.79437e-36  9.61543e-38  3.05756e-36 -1.51428e-37 -9.47857e-37  8.63204e-38 -6.66659e-37  -4.0757e-39  2.84107e-37 -8.60596e-40 -1.93144e-37 -2.28353e-38  4.32136e-37   8.6444e-39 -1.06204e-36 -4.53016e-40  3.53309e-36  -7.5386e-41 -1.10544e-35 -3.41122e-39  3.23511e-35  7.97822e-39 -8.75148e-35 -2.30352e-38  2.18059e-34  6.33306e-38 -4.98941e-34 -1.63105e-37  1.04465e-33  3.94269e-37 -1.99278e-33 -8.92473e-37  3.44528e-33  1.88967e-36 -5.36328e-33 -3.73767e-36  7.45579e-33  6.89573e-36 -9.15696e-33 -1.18459e-35  9.79187e-33  1.89104e-35 -8.92566e-33 -2.79891e-35  6.70334e-33  3.83097e-35 -3.88641e-33 -4.83479e-35  1.45914e-33  5.60707e-35 -5.13812e-35  -5.9527e-35 -3.59378e-34  5.75964e-35  2.41567e-34 -5.05323e-35  -5.4149e-35  3.99639e-35  -2.0827e-35 -2.82936e-35  1.66484e-35  1.77859e-35 -1.97882e-36 -9.83041e-36 -1.65237e-36  4.72062e-36   5.7772e-37  -1.9406e-36  2.28945e-38  6.70215e-37 -2.77348e-38 -1.89725e-37 -2.49268e-39  4.25598e-38  1.71404e-39 -7.20295e-39 -9.43278e-41  8.50669e-40 -4.85105e-42 -6.07392e-41 -8.37159e-43  1.85163e-42  4.61919e-44
 2.41005e-34  1.99136e-36 -8.54324e-34 -3.39127e-35 -7.72162e-34 -3.23519e-35   3.8235e-34 -6.42791e-36  4.98277e-33 -1.71309e-35 -3.55787e-34  6.64933e-36  -4.6718e-34 -1.52872e-34  -5.0195e-34 -1.29559e-35 -2.28997e-34  3.62905e-35 -8.21204e-35  3.41208e-35  3.18085e-34 -9.96272e-36  1.23271e-34 -1.46556e-35  -1.6119e-34 -9.85918e-36 -7.71341e-35  1.78591e-35  1.37783e-34 -2.51432e-36  2.85549e-35  9.47918e-36   8.2137e-35 -1.40964e-36 -7.99586e-35 -3.00075e-36  2.57654e-35 -2.42788e-36  8.49061e-36  2.48939e-36 -1.84397e-35 -8.94938e-37  8.75899e-36  -6.2458e-38 -1.13776e-35  1.14063e-37  4.98906e-36 -2.13752e-37 -1.39765e-36  1.16798e-37 -9.87028e-37 -7.70533e-39  6.51298e-37 -2.85677e-39  -1.1402e-36 -2.91376e-38  3.83801e-36  1.14216e-38 -1.29559e-35 -1.97514e-39  4.25642e-35  4.20888e-39 -1.29501e-34 -1.93821e-38  3.64538e-34  5.43958e-38 -9.46367e-34 -1.54086e-37   2.2595e-33  4.10249e-37 -4.94521e-33 -1.02378e-36  9.88242e-33  2.39454e-36  -1.7946e-32 -5.24204e-36  2.94397e-32  1.07281e-35 -4.33073e-32 -2.04964e-35  5.65907e-32  3.64977e-35 -6.48675e-32 -6.04613e-35  6.40836e-32  9.29812e-35 -5.31163e-32 -1.32425e-34  3.52463e-32  1.74186e-34 -1.68704e-32 -2.10941e-34  3.83849e-33  2.34352e-34  1.84481e-33 -2.37883e-34 -2.25693e-33  2.19589e-34  9.04636e-34 -1.83339e-34  7.56184e-36  1.37581e-34 -1.64395e-34  -9.2109e-35  5.46241e-35  5.45342e-35  7.24707e-36 -2.82527e-35 -7.97758e-36  1.26429e-35  8.19272e-37 -4.80848e-36  4.06465e-37  1.52241e-36   -5.367e-38 -3.90367e-37 -1.94845e-38  7.80289e-38  2.98806e-39 -1.14898e-38  1.46496e-40  1.13609e-39  -8.0863e-42 -6.29763e-41 -1.50999e-42   1.1571e-42
 4.55578e-36  3.01166e-34  4.94595e-36 -1.04799e-33 -6.41798e-35 -9.18596e-34 -3.47009e-35  1.07014e-34 -1.71309e-35  5.05051e-33 -3.17624e-35 -8.83668e-34  4.83381e-35  -3.2112e-34 -1.46118e-34 -3.66355e-35 -3.36346e-35 -3.87055e-34  6.04155e-35 -1.48659e-34  2.88407e-35  3.30789e-34 -1.14158e-35  1.71178e-34 -1.97196e-35 -1.47637e-34  -7.7147e-36 -1.31082e-34  2.31256e-35  1.78227e-34 -2.82422e-36  1.82802e-36  1.09474e-35  1.06885e-34 -2.22536e-36 -9.68142e-35 -2.37792e-36  1.89163e-35 -2.60382e-36  1.44953e-35   2.8556e-36 -2.05181e-35 -1.12433e-36  1.09257e-35 -6.94333e-38 -1.54901e-35  1.53992e-37  7.03855e-36  -2.7941e-37 -1.69728e-36  1.41998e-37 -1.88412e-36 -9.66288e-39  3.62254e-36 -7.95425e-39 -1.22507e-35 -3.45233e-38  4.43806e-35   1.6295e-38 -1.50872e-34 -1.16691e-38  4.77592e-34  3.57765e-38 -1.39833e-33 -1.20078e-37  3.78006e-33  3.45402e-37 -9.41048e-33 -9.48942e-37  2.15107e-32  2.44597e-36 -4.49842e-32 -5.90906e-36  8.56906e-32  1.33701e-35 -1.47895e-31 -2.82998e-35  2.29746e-31  5.59628e-35 -3.18547e-31 -1.03236e-34   3.8992e-31  1.77349e-34 -4.15112e-31 -2.83162e-34  3.76063e-31  4.19248e-34 -2.79807e-31 -5.74148e-34  1.59574e-31  7.25155e-34 -5.74343e-32 -8.41879e-34 -4.63634e-34  8.95028e-34   1.6118e-32 -8.67577e-34 -1.01316e-32   7.6295e-34  1.98384e-33 -6.05185e-34   1.0424e-33  4.30082e-34 -7.28224e-34  -2.7166e-34  7.25503e-35  1.51071e-34  7.27636e-35 -7.31174e-35 -2.19615e-35  3.03653e-35 -2.45835e-36 -1.06287e-35  1.47386e-36  3.06367e-36   7.0774e-38 -7.04855e-37 -6.06426e-38   1.2383e-37   6.5193e-40 -1.55253e-38  5.72367e-40  1.23574e-39  1.54658e-41 -4.82046e-41 -1.20976e-42
 8.26146e-35  1.13624e-35  2.82069e-34  9.11032e-36 -1.13585e-33 -9.87919e-35 -8.91566e-34 -2.23862e-35 -3.55787e-34 -3.17624e-35  5.24627e-33 -5.00261e-35 -1.36301e-33  9.49772e-35 -3.04905e-34 -1.32677e-34  4.64813e-34 -5.33588e-35  -4.9829e-34  8.58753e-35 -1.43861e-34  1.71323e-35  3.04907e-34 -1.16853e-35  2.27835e-34 -2.57933e-35  -1.4264e-34 -4.85116e-36 -1.71741e-34  2.54927e-35  2.27007e-34 -1.81118e-37 -4.94621e-35  1.13975e-35  1.33831e-34  -2.7029e-36 -1.11293e-34 -1.39056e-36   7.4804e-36 -2.61954e-36  2.14906e-35  3.20225e-36 -2.19797e-35 -1.35817e-36  1.34636e-35 -1.21666e-37 -1.95837e-35   2.2458e-37  8.50261e-36 -3.37399e-37 -1.93812e-37  1.55406e-37 -1.02106e-35 -8.88702e-39  3.74257e-35 -1.71322e-38 -1.40337e-34 -4.15183e-38  4.96795e-34   3.6414e-38 -1.63287e-33 -7.38387e-38  4.97121e-33  2.34855e-37 -1.39858e-32 -7.20726e-37  3.62805e-32  2.03517e-36 -8.65438e-32 -5.41502e-36  1.89211e-31  1.35113e-35 -3.77639e-31 -3.15871e-35  6.84727e-31  6.91234e-35 -1.12118e-30 -1.41421e-34  1.64552e-30  2.70126e-34 -2.14399e-30 -4.80938e-34  2.44824e-30  7.96672e-34  -2.4062e-30 -1.22525e-33  1.97952e-30  1.74537e-33 -1.29764e-30 -2.29659e-33  6.05687e-31  2.78273e-33 -1.23267e-31 -3.09402e-33 -7.94564e-32  3.14404e-33  8.65602e-32 -2.90644e-33 -3.23804e-32  2.43125e-33 -1.72112e-33 -1.82896e-33  6.59859e-33  1.22837e-33 -1.99621e-33 -7.30256e-34 -3.37816e-34  3.80322e-34  3.00688e-34  -1.7135e-34 -2.00863e-35  6.57445e-35 -1.85435e-35 -2.10563e-35  2.22686e-36  5.48278e-36  7.19657e-37 -1.11941e-36 -8.81843e-38  1.69992e-37 -1.01299e-38 -1.76463e-38  5.39299e-40  1.06746e-39  4.78602e-41 -2.37821e-41
 1.36831e-36  1.99127e-34  1.77532e-35  2.70464e-34  1.32914e-35 -1.13385e-33 -1.29089e-34 -7.00566e-34  6.64933e-36 -8.83668e-34 -5.00261e-35   5.5528e-33 -7.11109e-35 -1.73676e-33  1.39341e-34 -3.50272e-34 -1.17801e-34   8.6863e-34 -6.69267e-35 -5.47379e-34  1.08315e-34 -7.59364e-35  -9.3009e-37  2.42283e-34  -1.1424e-35  2.90992e-34  -3.2369e-35 -1.61204e-34 -1.12916e-36  -1.8254e-34  2.32561e-35  2.83281e-34  5.87078e-36 -1.23204e-34  1.07774e-35  1.59619e-34 -2.75333e-36 -1.20487e-34 -2.06299e-37 -6.62802e-36 -2.49951e-36  2.82865e-35  3.52842e-36 -2.23779e-35 -1.58007e-36   1.5911e-35 -2.34363e-37 -2.21985e-35  3.26661e-37   4.8218e-36 -3.74524e-37   2.2045e-35  1.51864e-37  -1.0565e-34 -5.81343e-39  4.14919e-34  -2.6237e-38 -1.52424e-33 -7.21692e-38  5.20405e-33  1.51103e-37 -1.64644e-32 -4.45909e-37  4.81833e-32   1.3878e-36 -1.30165e-31 -4.07419e-36  3.23786e-31  1.11777e-35 -7.39416e-31 -2.87964e-35  1.54456e-30  6.95432e-35 -2.93826e-30 -1.57287e-34  5.06289e-30  3.32801e-34 -7.84896e-30 -6.57904e-34  1.08551e-29  1.21333e-33 -1.32438e-29 -2.08393e-33  1.40381e-29  3.32679e-33 -1.26398e-29 -4.92531e-33  9.31648e-30  6.74534e-33 -5.22359e-30 -8.52083e-33  1.79533e-30  9.89557e-33  1.02888e-31 -1.05258e-32 -5.73716e-31  1.02108e-32  3.38679e-31 -8.98926e-33 -5.69221e-32  7.14112e-33 -4.00972e-32 -5.08515e-33  2.49704e-32  3.22061e-33 -1.85081e-33  -1.7973e-33 -2.64566e-33  8.73873e-34  6.95857e-34 -3.65082e-34  1.16703e-34  1.28779e-34 -5.36608e-35 -3.74948e-35 -2.95199e-36   8.7409e-36  2.00478e-36 -1.56305e-36  2.96145e-38  2.00913e-37 -2.34847e-38  -1.6614e-38 -5.17692e-40   6.9336e-40  3.63589e-41
 4.45714e-35  4.17534e-36  2.98078e-34  1.97453e-35  2.75368e-34  1.54163e-35 -1.04573e-33 -1.47946e-34  -4.6718e-34  4.83381e-35 -1.36301e-33 -7.11109e-35  5.92111e-33 -9.33369e-35 -2.03554e-33  1.77531e-34 -3.16486e-34 -1.05164e-34   1.0375e-33 -7.17847e-35 -5.04078e-34  1.25551e-34  2.11862e-36 -2.35194e-35  1.62076e-34 -1.22418e-35  3.51179e-34 -3.87334e-35 -2.08784e-34  3.67652e-36 -1.57045e-34  1.57593e-35  3.45425e-34  1.47677e-35 -2.10416e-34  9.35359e-36  1.79593e-34 -2.40042e-36 -1.22155e-34  1.00776e-36 -2.05033e-35   -2.293e-36  3.32431e-35   3.8206e-36 -2.08103e-35 -1.77367e-36  1.58414e-35 -4.10649e-37 -1.25106e-35  4.51738e-37 -5.25797e-35 -3.78836e-37  2.76185e-34  1.30271e-37 -1.14701e-33 -9.14916e-39  4.37918e-33  1.72574e-40 -1.55224e-32 -2.58674e-37  5.10195e-32  8.04798e-37 -1.55242e-31 -2.52592e-36  4.36491e-31   7.6247e-36 -1.13149e-30 -2.16241e-35  2.69681e-30  5.74968e-35 -5.89014e-30   -1.434e-34  1.17418e-29  3.35117e-34  -2.1259e-29 -7.33062e-34  3.47479e-29  1.49922e-33 -5.08851e-29 -2.86262e-33  6.61119e-29  5.09497e-33 -7.52139e-29 -8.43724e-33  7.35467e-29  1.29727e-32 -6.00539e-29 -1.84757e-32  3.88827e-29  2.43073e-32 -1.76754e-29 -2.94514e-32  3.14134e-30  3.27484e-32  2.73097e-30 -3.32859e-32 -2.69624e-30  3.07846e-32  9.40163e-31 -2.57707e-32  9.52008e-32  1.94082e-32 -2.12946e-31  -1.3056e-32  5.82118e-32  7.77899e-33  1.28052e-32 -4.06367e-33 -9.38669e-33  1.83831e-33  3.54244e-34 -7.09133e-34  6.36344e-34  2.28713e-34 -6.40484e-35 -6.00941e-35 -2.39658e-35  1.24119e-35  2.35319e-36 -1.91291e-36  3.90068e-37  2.02456e-37 -1.67422e-38 -1.25876e-38 -1.56083e-39  2.93729e-40
 1.35862e-36   5.6816e-35  8.60443e-36  3.40799e-34  1.63492e-35  2.40613e-34  1.28744e-35 -8.44483e-34 -1.52872e-34  -3.2112e-34  9.49772e-35 -1.73676e-33 -9.33369e-35  6.36081e-33 -1.14248e-34 -2.38165e-33  2.09359e-34 -4.87227e-35  -9.6098e-35   8.6766e-34 -6.92959e-35 -3.17035e-34  1.37695e-34   3.5013e-36 -4.74934e-35  9.85907e-35  -1.5706e-35   3.9334e-34 -4.43635e-35 -2.75395e-34  9.74848e-36 -1.02114e-34  3.68436e-36  4.10196e-34  2.50292e-35 -2.97635e-34   7.5642e-36  1.89103e-34 -1.74707e-36 -1.15712e-34  2.12533e-36 -3.07997e-35 -2.04674e-36   3.3913e-35  4.05408e-36  -1.2279e-35 -1.92632e-36 -1.08499e-35 -6.42444e-37  1.25706e-34  5.84562e-37 -6.89638e-34 -3.45472e-37  2.97938e-33  1.03936e-37  -1.1818e-32 -7.46506e-38  4.34895e-32  2.70437e-37 -1.48452e-31 -1.32362e-36  4.69471e-31  4.34148e-36 -1.37317e-30 -1.34521e-35  3.70721e-30  3.93415e-35 -9.21484e-30 -1.08011e-34  2.10248e-29  2.78136e-34  -4.3872e-29 -6.71427e-34  8.33519e-29  1.51798e-33 -1.43398e-28 -3.21054e-33  2.21877e-28  6.34418e-33 -3.06103e-28 -1.16952e-32  3.72278e-28  2.00784e-32 -3.92921e-28 -3.20398e-32   3.5164e-28  4.74155e-32 -2.56747e-28 -6.49119e-32  1.41457e-28  8.19695e-32 -4.62256e-29 -9.51675e-32 -5.24894e-30  1.01209e-31   1.6815e-29 -9.81752e-32 -9.35098e-30  8.64411e-32  1.30873e-30  -6.8696e-32  1.25117e-30  4.89542e-32 -7.02841e-31 -3.10421e-32  3.23377e-32  1.73553e-32  7.99773e-32 -8.46088e-33 -1.83893e-32   3.5479e-33 -4.08149e-33 -1.25782e-33  1.54997e-33   3.6867e-34  1.14032e-34  -8.6683e-35 -5.73445e-35  1.56655e-35 -1.90251e-36 -2.03902e-36  7.14442e-37  1.71007e-37  1.91593e-38 -7.24807e-39 -1.01237e-39
-7.55149e-35  1.47916e-36  5.09261e-35  1.41876e-35  3.23948e-34  1.11963e-35  1.28177e-34  3.48629e-36  -5.0195e-34 -1.46118e-34 -3.04905e-34  1.39341e-34 -2.03554e-33 -1.14248e-34  6.98329e-33 -1.31415e-34 -2.95832e-33  2.36915e-34  5.74755e-34 -8.99348e-35  3.07484e-34 -6.39252e-35  7.10866e-35  1.46219e-34 -1.58664e-34 -6.93734e-35  8.93435e-35 -2.22779e-35  4.01751e-34 -4.91735e-35 -3.38896e-34  1.70958e-35 -3.43275e-35 -1.11486e-35  4.71745e-34  3.47012e-35 -3.70854e-34  5.81802e-36  1.85043e-34 -9.19631e-37 -1.02957e-34  3.06587e-36 -3.31825e-35 -1.77647e-36  1.94834e-35  4.20201e-36  5.52703e-35 -2.03149e-36 -3.26742e-34 -9.17232e-37  1.62703e-33  7.10732e-37 -7.30451e-33 -2.93242e-37  3.00578e-32  1.55801e-37 -1.14792e-31 -5.13343e-37  4.06845e-31  1.89686e-36 -1.33672e-30 -6.98528e-36  4.06545e-30  2.24341e-35 -1.14244e-29 -6.76162e-35  2.95952e-29  1.91564e-34  -7.0482e-29 -5.09299e-34  1.53797e-28  1.26973e-33 -3.06242e-28 -2.96609e-33  5.53703e-28  6.48551e-33 -9.03493e-28 -1.32578e-32  1.32027e-27  2.53024e-32 -1.71067e-27 -4.50108e-32  1.93916e-27  7.44975e-32 -1.88671e-27  -1.1448e-31  1.52915e-27  1.62947e-31  -9.7772e-28 -2.14254e-31  4.32275e-28  2.59445e-31 -6.48454e-29 -2.88332e-31 -7.75541e-29  2.92921e-31  7.03067e-29 -2.70803e-31 -2.27924e-29  2.26644e-31 -3.52688e-30 -1.70689e-31  5.72656e-30  1.14861e-31 -1.40533e-30 -6.84921e-32 -3.97127e-31  3.58322e-32  2.46498e-31 -1.62478e-32 -2.65593e-33  6.28965e-33 -1.78541e-32 -2.03871e-33  1.43273e-33  5.39303e-34  6.84423e-34 -1.12364e-34 -5.34301e-35  1.75002e-35   -1.173e-35 -1.87313e-36  3.83289e-37  1.17543e-37  4.48386e-38 -2.74651e-39
-2.65234e-37 -1.24201e-34  7.05227e-38  5.57276e-35  2.02374e-35  2.57796e-34  1.03741e-35 -4.41638e-35 -1.29559e-35 -3.66355e-35 -1.32677e-34 -3.50272e-34  1.77531e-34 -2.38165e-33 -1.31415e-34   7.9811e-33   -1.435e-34 -3.95014e-33  2.62608e-34  1.61426e-33  -8.5101e-35 -6.35645e-34 -6.09631e-35  6.92037e-34  1.52651e-34  -5.2941e-34 -8.63063e-35  1.58777e-34 -3.08737e-35  3.67532e-34 -5.34824e-35 -3.76199e-34  2.54629e-35  2.82511e-35 -2.63472e-35  5.21546e-34  4.19465e-35 -4.19404e-34  4.35052e-36  1.67406e-34 -2.46804e-38 -9.04953e-35  3.77567e-36 -7.26691e-36 -1.44878e-36 -1.17582e-34  4.24763e-36  7.43416e-34 -2.08851e-36 -3.67249e-33 -1.23026e-36  1.69168e-32  8.39049e-37 -7.22348e-32  -3.4129e-37  2.86216e-31  7.29249e-37 -1.05294e-30 -2.94725e-36  3.59305e-30  1.04779e-35 -1.13581e-29 -3.53592e-35  3.32054e-29  1.10115e-34 -8.95939e-29 -3.21842e-34  2.22546e-28  8.83215e-34 -5.07349e-28  -2.2737e-33  1.05762e-27  5.48667e-33 -2.00695e-27 -1.23991e-32  3.44763e-27   2.6212e-32 -5.32462e-27 -5.17692e-32  7.32863e-27  9.53794e-32 -8.88564e-27 -1.63646e-31  9.33931e-27  2.60958e-31 -8.30817e-27 -3.85908e-31  6.00901e-27  5.27898e-31 -3.25173e-27 -6.66076e-31  1.00532e-27   7.7267e-31  1.79312e-28 -8.21023e-31 -4.16578e-28  7.95752e-31  2.18737e-28 -7.00105e-31 -2.42774e-29  5.56024e-31  -3.2709e-29  -3.9606e-31  1.67114e-29  2.51114e-31  -2.7106e-31 -1.40446e-31 -2.04616e-30  6.85425e-32  4.10396e-31 -2.88014e-32  1.15839e-31  1.02458e-32 -3.73649e-32 -3.01871e-33 -3.62149e-33  7.15021e-34  1.40522e-33 -1.30485e-34  6.99163e-35  1.71832e-35  -1.7915e-35  -1.4578e-36 -6.05658e-37  6.21164e-38  2.43361e-38
-3.71956e-35 -1.74569e-38 -1.41867e-34 -2.07683e-36  8.96622e-35  2.60992e-35  1.54077e-34  1.85274e-35 -2.28997e-34 -3.36346e-35  4.64813e-34 -1.17801e-34 -3.16486e-34  2.09359e-34 -2.95832e-33   -1.435e-34  9.55865e-33 -1.50738e-34  -5.4738e-33  2.87581e-34  3.05274e-33 -8.03381e-35 -1.89018e-33 -6.41086e-35  1.51962e-33  1.57541e-34 -1.08319e-33 -9.65832e-35   3.0569e-34 -3.92809e-35  2.95533e-34 -5.77643e-35 -3.76036e-34  3.43189e-35  7.43477e-35 -3.96174e-35  5.50076e-34  4.55365e-35 -4.38996e-34  3.19997e-36  1.44421e-34  8.61514e-37 -1.18618e-34  4.20462e-36  2.55945e-34 -9.81331e-37  -1.5163e-33  4.19325e-36  7.81621e-33 -2.09699e-36 -3.71466e-32 -1.61292e-36  1.64352e-31  1.10073e-36 -6.75615e-31 -1.09754e-36  2.57933e-30  4.07901e-36 -9.13875e-30 -1.53897e-35  3.00152e-29  5.27658e-35 -9.12482e-29 -1.70238e-34  2.56287e-28  5.13636e-34 -6.63522e-28  -1.4547e-33  1.57906e-27  3.86626e-33 -3.44264e-27 -9.63568e-33  6.84782e-27  2.24998e-32 -1.23653e-26 -4.91739e-32  2.01446e-26  1.00468e-31 -2.93777e-26 -1.91626e-31   3.7965e-26  3.40654e-31 -4.28857e-26 -5.63389e-31  4.15218e-26  8.65027e-31 -3.34053e-26 -1.23012e-30  2.10896e-26  1.61583e-30 -9.05593e-27 -1.95454e-30  1.08827e-27  2.16968e-30  1.86603e-27 -2.20159e-30 -1.56898e-27  2.03289e-30  4.71132e-28 -1.69936e-30  1.01495e-28  1.27837e-30 -1.31446e-28 -8.59431e-31  2.87359e-29  5.12143e-31   1.0311e-29 -2.67887e-31 -5.54118e-30  1.21544e-31 -8.82691e-32 -4.71334e-32  4.24562e-31  1.53298e-32 -2.55483e-32 -4.07825e-33 -1.67704e-32  8.57009e-34  1.01533e-33 -1.35066e-34   2.9525e-34  1.46696e-35 -6.86349e-36 -9.33732e-37  -1.1083e-36  2.18923e-38
 4.63828e-37 -6.89989e-35  2.37792e-37 -1.22828e-34 -3.80765e-36  1.48141e-34  3.11038e-35  3.08397e-35  3.62905e-35 -3.87055e-34 -5.33588e-35   8.6863e-34 -1.05164e-34 -4.87227e-35  2.36915e-34 -3.95014e-33 -1.50738e-34  1.18412e-32 -1.54418e-34 -7.52088e-33  3.10907e-34  4.78724e-33 -7.54559e-35 -3.31752e-33 -7.40403e-35  2.45582e-33  1.60048e-34 -1.72405e-33  -9.9632e-35  5.00519e-34 -4.51531e-35  2.06444e-34 -6.23601e-35 -3.45975e-34  4.29436e-35  1.03367e-34 -4.92907e-35  5.50914e-34   4.5072e-35 -4.40089e-34  2.29081e-36   1.8505e-34  1.67548e-36 -5.80206e-34   4.2932e-36  2.94829e-33 -2.62008e-37 -1.56842e-32  4.05745e-36  7.73696e-32 -2.03024e-36 -3.54802e-31  -2.2529e-36  1.51274e-30  2.24335e-36 -5.99238e-30  -5.5631e-36   2.2039e-29   2.1147e-35  -7.5182e-29 -7.55067e-35  2.37572e-28   2.5044e-34 -6.94237e-28 -7.80406e-34  1.87219e-27  2.28123e-33  -4.6475e-27 -6.25858e-33  1.05872e-26  1.61067e-32   -2.205e-26 -3.88524e-32  4.17954e-26  8.77615e-32 -7.16987e-26  -1.8543e-31  1.10541e-25     3.66e-31 -1.51805e-25 -6.73837e-31  1.83515e-25  1.15519e-30 -1.92106e-25 -1.84044e-30  1.69893e-25  2.71889e-30 -1.21722e-25 -3.71505e-30  6.46658e-26  4.68164e-30 -1.88063e-26 -5.42348e-30 -4.77469e-27  5.75444e-30  8.89544e-27  -5.5686e-30 -4.41769e-27  4.89123e-30  3.57245e-28 -3.87807e-30  7.32541e-28  2.75775e-30 -3.42453e-28 -1.74575e-30 -5.18698e-30    9.751e-31  4.50782e-29 -4.75483e-31 -7.83421e-30  1.99795e-31  -2.7753e-30 -7.11694e-32  7.71593e-31  2.10396e-32  9.53928e-32 -5.01532e-33 -2.97633e-32  9.24827e-34 -1.97505e-33 -1.23669e-34  3.83592e-34  1.07042e-35  1.60409e-35 -4.65728e-37 -5.03051e-37
-2.83839e-37 -1.98099e-37 -9.56064e-35 -2.60762e-37 -7.61135e-35 -4.89065e-36  2.15099e-34  3.42778e-35 -8.21204e-35  6.04155e-35  -4.9829e-34 -6.69267e-35   1.0375e-33  -9.6098e-35  5.74755e-34  2.62608e-34  -5.4738e-33 -1.54418e-34   1.4792e-32 -1.55746e-34 -9.93115e-33  3.29684e-34  6.63193e-33 -7.13699e-35 -4.72218e-33 -8.83985e-35  3.34731e-33  1.58227e-34 -2.31591e-33 -9.56742e-35  6.93799e-34 -4.70233e-35  1.31859e-34 -6.73097e-35 -3.09787e-34  5.05811e-35   1.2188e-34 -5.45678e-35  5.36961e-34  4.08958e-35 -5.36158e-34   1.5558e-36  9.80844e-34  2.34316e-36 -5.49335e-33   3.9738e-36   2.9911e-32  8.22869e-37 -1.53025e-31  3.83774e-36  7.27857e-31 -1.69693e-36  -3.2185e-30 -4.09059e-36  1.32264e-29  8.02209e-36 -5.04838e-29 -2.80341e-35   1.7882e-28  1.02615e-34 -5.87127e-28 -3.52159e-34  1.78423e-27  1.13135e-33 -5.00908e-27 -3.41345e-33  1.29614e-26  9.66632e-33 -3.08257e-26  -2.5684e-32  6.71528e-26  6.39891e-32 -1.33446e-25 -1.49354e-31  2.40681e-25  3.26247e-31 -3.91514e-25 -6.66151e-31  5.69873e-25  1.26965e-30 -7.34619e-25 -2.25517e-30  8.27048e-25  3.72614e-30 -7.96939e-25 -5.71492e-30  6.36502e-25  8.11708e-30 -3.96731e-25 -1.06477e-29  1.65208e-25  1.28604e-29 -1.45337e-26 -1.42524e-29 -3.87667e-26  1.44358e-29  3.04709e-26 -1.33034e-29 -8.43438e-27  1.10973e-29 -2.40758e-27 -8.32949e-30   2.6209e-27  5.58687e-30 -5.05314e-28 -3.32161e-30 -2.28927e-28  1.73373e-30   1.0827e-28 -7.85271e-31  4.67996e-30  3.04258e-31 -8.74088e-30 -9.90252e-32  3.55229e-31  2.64295e-32  3.56671e-31 -5.59412e-33 -1.59552e-32  8.93152e-34 -6.39926e-33 -9.90175e-35  9.31387e-35  6.48726e-36  2.37749e-35 -1.57336e-37
 3.07422e-37 -3.20684e-36 -2.31847e-36 -1.16734e-34 -1.88072e-36 -1.90883e-35 -6.04295e-36  2.75684e-34  3.41208e-35 -1.48659e-34  8.58753e-35 -5.47379e-34 -7.17847e-35   8.6766e-34 -8.99348e-35  1.61426e-33  2.87581e-34 -7.52088e-33 -1.55746e-34  1.81692e-32 -1.54981e-34 -1.24082e-32  3.40038e-34  8.34179e-33 -6.95732e-35 -5.88427e-33 -1.02885e-34  4.02903e-33   1.4978e-34 -2.72905e-33 -8.53264e-35  8.32121e-34 -4.48382e-35  1.03464e-34 -7.23612e-35 -2.94536e-34  5.66011e-35  1.17289e-34 -5.54808e-35  6.86811e-34  3.38017e-35 -1.88416e-33  1.01663e-36   9.5319e-33  2.77378e-36 -5.43307e-32  3.17928e-36  2.88021e-31  2.38507e-36 -1.42089e-30  3.33576e-36  6.51649e-30 -4.48124e-38 -2.77784e-29 -1.16893e-35  1.10015e-28  3.62467e-35 -4.04527e-28 -1.33829e-34   1.3796e-27  4.72858e-34 -4.35809e-27 -1.56876e-33  1.27304e-26  4.88327e-33  -3.4315e-26 -1.42728e-32  8.51358e-26    3.915e-32 -1.93811e-25 -1.00724e-31   4.0332e-25  2.42869e-31 -7.63707e-25  -5.4833e-31  1.30845e-24  1.15786e-30 -2.01402e-24 -2.28373e-30  2.76003e-24  4.20099e-30  -3.3272e-24 -7.19492e-30  3.46942e-24  1.14501e-29 -3.05066e-24  -1.6894e-29  2.16523e-24   2.3051e-29 -1.12879e-24 -2.90024e-29  3.06722e-25  3.35388e-29  1.05224e-25 -3.55158e-29 -1.66202e-25  3.42945e-29  7.81639e-26 -3.00513e-29  -3.8566e-27  2.37645e-29 -1.42891e-26 -1.68516e-29  6.13956e-27  1.06354e-29   2.9636e-28  -5.9217e-30 -8.67765e-28  2.87848e-30  1.29212e-28 -1.20607e-30  5.74254e-29  4.28739e-31 -1.38795e-29 -1.26704e-31 -2.13335e-30  3.02874e-32  5.51211e-31  -5.6303e-33  4.61958e-32  7.65242e-34 -7.14566e-33 -6.81063e-35 -3.62541e-34  3.09154e-36  9.01747e-36
 1.22649e-35  5.48783e-37 -3.75306e-36 -5.46235e-36 -1.35031e-34 -4.37314e-36  3.42121e-35 -7.85079e-36  3.18085e-34  2.88407e-35 -1.43861e-34  1.08315e-34 -5.04078e-34 -6.92959e-35  3.07484e-34  -8.5101e-35  3.05274e-33  3.10907e-34 -9.93115e-33 -1.54981e-34  2.15456e-32 -1.51432e-34 -1.45788e-32  3.38663e-34  9.66043e-33 -7.13923e-35 -6.61078e-33 -1.12818e-34  4.37643e-33  1.32942e-34 -2.88199e-33  -6.9352e-35  8.75401e-34 -3.98195e-35  1.37628e-34 -7.71011e-35 -2.87485e-34  6.06105e-35 -1.71227e-34 -5.26641e-35  2.84879e-33  2.47013e-35 -1.61013e-32  7.71665e-37  9.38243e-32  2.88438e-36 -5.16634e-31  1.82876e-36   2.6432e-30  4.68098e-36 -1.25725e-29  1.35168e-36  5.55888e-29  8.15695e-36 -2.28406e-28 -4.63835e-35  8.71636e-28  1.67576e-34 -3.08675e-27 -6.08926e-34  1.01322e-26  2.08282e-33 -3.07809e-26 -6.69184e-33  8.63812e-26  2.01841e-32 -2.23413e-25 -5.71485e-32  5.31034e-25  1.51809e-31 -1.15603e-24  -3.7808e-31  2.29528e-24  8.82042e-31 -4.13523e-24  -1.9256e-30   6.7175e-24  3.92901e-30 -9.76043e-24 -7.48219e-30  1.25526e-23   1.3277e-29 -1.40867e-23 -2.19123e-29  1.35115e-23  3.35647e-29 -1.07144e-23 -4.76041e-29   6.5929e-24  6.23442e-29 -2.65831e-24 -7.51631e-29  1.41249e-25  8.31301e-29  7.05638e-25 -8.40109e-29 -5.21771e-25  7.72275e-29  1.32336e-25 -6.42416e-29  4.86412e-26  4.80698e-29 -4.60122e-26 -3.21312e-29  7.71957e-27  1.90307e-29  4.42104e-27 -9.89208e-30 -1.86218e-27  4.46091e-30 -1.33368e-28 -1.72091e-30  1.58153e-28  5.58014e-31 -3.41082e-30 -1.48641e-31 -6.66525e-30  3.15181e-32  2.00699e-31 -5.07641e-33  1.21505e-31   5.7434e-34 -7.81619e-34 -3.90764e-35 -4.48059e-34  1.00829e-36
 7.55168e-37  2.31762e-35  6.72235e-37  7.87798e-37 -8.60195e-36 -1.52047e-34 -7.31764e-36  8.00404e-35 -9.96272e-36  3.30789e-34  1.71323e-35 -7.59364e-35  1.25551e-34 -3.17035e-34 -6.39252e-35 -6.35645e-34 -8.03381e-35  4.78724e-33  3.29684e-34 -1.24082e-32 -1.51432e-34  2.43976e-32 -1.44271e-34 -1.60841e-32  3.24274e-34  1.03815e-32 -7.73438e-35 -6.78784e-33 -1.14496e-34  4.34306e-33  1.07142e-34 -2.76219e-33 -4.86321e-35    8.136e-34 -3.38154e-35   1.8476e-34 -8.11005e-35  9.95044e-35  6.24941e-35 -3.54758e-33  -4.7055e-35  2.54228e-32  1.43971e-35 -1.54911e-31  8.84938e-37  8.83804e-31   2.6711e-36 -4.69103e-30 -3.34279e-37  2.31416e-29   8.9503e-36 -1.06123e-28 -8.02224e-36  4.52327e-28  4.73748e-35 -1.79116e-27 -2.03881e-34   6.5849e-27  7.52081e-34 -2.24522e-26 -2.65422e-33  7.09065e-26  8.79683e-33 -2.07058e-25 -2.73832e-32   5.5791e-25  8.00219e-32 -1.38352e-24  -2.1945e-31  3.14772e-24  5.64405e-31  -6.5456e-24 -1.36031e-30  1.23831e-23  3.06943e-30 -2.11913e-23 -6.47688e-30  3.25701e-23  1.27641e-29  -4.4547e-23 -2.34567e-29  5.35592e-23   4.0128e-29 -5.56407e-23 -6.37777e-29  4.86524e-23  9.39628e-29 -3.42113e-23 -1.27997e-28  1.74948e-23   1.6075e-28  -4.4062e-24 -1.85515e-28 -1.98252e-24  1.96008e-28  2.74964e-24 -1.88792e-28 -1.22567e-24   1.6497e-28  1.98271e-26 -1.30048e-28  2.45923e-25  9.18905e-29 -9.74371e-26 -5.77604e-29 -8.13087e-27  3.20129e-29  1.47734e-26   -1.548e-29 -1.85326e-27  6.44826e-30 -1.04261e-27 -2.27796e-30  2.20126e-28   6.6913e-31  4.13258e-29 -1.59238e-31 -9.02083e-30  2.95981e-32 -9.25906e-31 -4.05894e-33  1.17289e-31  3.70427e-34  7.12142e-33 -1.76898e-35 -1.41306e-34
 2.82593e-36   1.6732e-36  3.31814e-35   8.0261e-37  8.47128e-36 -1.08034e-35 -1.65186e-34 -1.06374e-35  1.23271e-34 -1.14158e-35  3.04907e-34  -9.3009e-37  2.11862e-36  1.37695e-34  7.10866e-35 -6.09631e-35 -1.89018e-33 -7.54559e-35  6.63193e-33  3.40038e-34 -1.45788e-32 -1.44271e-34  2.62414e-32 -1.33515e-34 -1.66739e-32   2.9829e-34  1.04028e-32 -8.67777e-35 -6.41158e-33 -1.05991e-34  3.96855e-33  7.32778e-35 -2.42613e-33 -2.42965e-35  7.27417e-34 -2.85218e-35 -3.28125e-34 -8.39924e-35  4.96198e-33   6.2399e-35  -3.7823e-32 -3.96193e-35  2.43767e-31  3.52435e-36 -1.44409e-30  1.19649e-36  7.95047e-30   2.4269e-36 -4.06806e-29 -4.60965e-36  1.93485e-28  2.13704e-35 -8.55411e-28 -5.20032e-35  3.51434e-27  2.26792e-34 -1.34094e-26  -8.9642e-34  4.74788e-26  3.24873e-33 -1.55814e-25 -1.11128e-32   4.7323e-25  3.56928e-32 -1.32761e-24  -1.0765e-31  3.43234e-24  3.04735e-31 -8.15441e-24 -8.09242e-31  1.77409e-23  2.01453e-30 -3.51975e-23 -4.69712e-30  6.33516e-23   1.0247e-29 -1.02784e-22 -2.08903e-29  1.49101e-22  3.97422e-29 -1.91336e-22 -7.04396e-29  2.14071e-22    1.161e-28 -2.04423e-22 -1.77573e-28  1.60974e-22   2.5143e-28 -9.77843e-23 -3.28676e-28  3.81141e-23  3.95452e-28 -5.85378e-25  -4.3639e-28 -1.13849e-23  4.39926e-28  7.96088e-24   -4.033e-28 -1.83637e-24  3.34463e-28 -8.54868e-25 -2.49409e-28  7.18962e-25  1.66059e-28 -1.03066e-25 -9.79069e-29 -7.52759e-26  5.06196e-29  2.84887e-26 -2.26827e-29  2.89148e-27  8.68488e-30 -2.54387e-27 -2.79183e-30  7.17446e-30  7.36803e-31  1.10637e-28 -1.54949e-31 -1.80753e-30  2.48692e-32 -2.04665e-30 -2.83676e-33 -2.58707e-33  1.99004e-34  7.50006e-33 -5.49285e-36
-3.04397e-38  6.28974e-36  2.76732e-36  4.24269e-35  1.39288e-36  1.20714e-35 -1.16578e-35 -1.69049e-34 -1.46556e-35  1.71178e-34 -1.16853e-35  2.42283e-34 -2.35194e-35   3.5013e-36  1.46219e-34  6.92037e-34 -6.41086e-35 -3.31752e-33 -7.13699e-35  8.34179e-33  3.38663e-34 -1.60841e-32 -1.33515e-34  2.67696e-32 -1.20515e-34 -1.62737e-32  2.64441e-34  9.75179e-33 -9.78835e-35  -5.5849e-33 -8.73249e-35  3.36372e-33   3.3583e-35 -2.04729e-33  2.11314e-36  1.39285e-33 -2.49469e-35 -7.11551e-33  -8.5462e-35  5.45024e-32  6.06992e-35 -3.66065e-31 -3.11533e-35  2.25478e-30  -7.3386e-36 -1.28801e-29  1.00764e-36  6.83606e-29  3.63565e-36 -3.37222e-28 -1.74048e-35  1.54634e-27  7.07059e-35 -6.59035e-27 -2.50853e-34  2.60941e-26  1.01405e-33 -9.59179e-26 -3.83158e-33  3.26993e-25  1.35054e-32 -1.03246e-24 -4.47672e-32  3.01419e-24  1.39332e-31 -8.11904e-24 -4.07099e-31  2.01259e-23  1.11607e-30 -4.57669e-23 -2.86916e-30  9.51117e-23  6.91107e-30 -1.79792e-22 -1.55828e-29  3.07363e-22  3.28522e-29 -4.71769e-22 -6.46739e-29  6.44096e-22  1.18708e-28 -7.72495e-22 -2.02795e-28  7.99689e-22  3.21814e-28 -6.95493e-22 -4.73308e-28  4.84587e-22  6.43528e-28 -2.42989e-22 -8.06529e-28  5.61806e-23  9.28699e-28  3.26026e-23 -9.78836e-28 -4.06697e-23   9.4031e-28  1.71938e-23 -8.19279e-28  3.24041e-25  6.43781e-28 -3.77324e-24 -4.53251e-28  1.38193e-24  2.83722e-28   1.6725e-25 -1.56478e-28 -2.24655e-25  7.52151e-29  2.31647e-26  -3.1099e-29  1.68112e-26   1.0884e-29 -3.10683e-27 -3.16016e-30 -7.04313e-28   7.4184e-31  1.31644e-28 -1.35979e-31  1.62372e-29  1.84766e-32 -1.71275e-30 -1.69605e-33 -1.23379e-31  8.40488e-35  1.94598e-33
