 2.59209e-05 -9.78986e-19 -0.000171747  1.04451e-17  0.000339231 -3.16243e-17 -0.000241713  5.03957e-17  -1.3287e-05 -5.07016e-17  6.03624e-05   3.5661e-17  1.65583e-05 -1.85562e-17 -9.35079e-06  6.48451e-18 -8.29606e-06 -4.44551e-19 -2.04944e-06 -8.58624e-19   7.7612e-07  2.89804e-19  9.40908e-07  8.62641e-20  4.33558e-07 -7.06479e-20  8.94374e-08 -3.25788e-21 -2.66708e-08  6.44472e-21 -3.54576e-08  2.56589e-21 -1.96058e-08  4.60386e-21 -7.40236e-09  1.67562e-21 -1.88163e-09  -2.6722e-21  -1.4167e-10 -2.22855e-21  1.76221e-10 -1.41733e-22   1.3498e-10  6.43333e-22  6.47149e-11  3.86915e-22  2.48469e-11  6.53502e-23  8.15521e-12 -4.21581e-23  2.33869e-12 -3.91329e-23  5.85919e-13 -1.61691e-23  1.25107e-13 -2.85543e-24  2.09077e-14  8.07166e-25  1.76768e-15  8.49434e-25 -4.94556e-16  3.90199e-25 -3.37036e-16  1.27151e-25 -1.24573e-16  2.99319e-26 -3.68619e-17  3.68682e-27 -9.52696e-18 -7.44615e-28 -2.22509e-18 -6.65699e-28 -4.77535e-19 -2.79843e-28  -9.5039e-20  -9.6554e-29 -1.76323e-20 -3.04904e-29 -3.05843e-21 -8.88774e-30 -4.96681e-22 -2.35799e-30 -7.55411e-23 -5.69077e-31 -1.07544e-23 -1.25846e-31 -1.43135e-24 -2.54262e-32 -1.77768e-25 -4.64261e-33 -2.05515e-26  -7.6282e-34  -2.2049e-27 -1.13251e-34 -2.18727e-28 -1.52188e-35 -1.99755e-29 -1.84155e-36  -1.6709e-30 -1.99546e-37 -1.27243e-31 -1.93403e-38 -8.75831e-33 -1.67475e-39 -5.40169e-34 -1.28768e-40 -2.95341e-35 -8.70976e-42  -1.4124e-36 -5.13797e-43 -5.80513e-38 -2.61727e-44 -2.00211e-39 -1.13335e-45 -5.59465e-41 -4.07924e-47  -1.1963e-42 -1.18468e-48 -1.74642e-44 -2.65757e-50 -1.20178e-46 -4.27685e-52  8.30638e-49  -4.2674e-54  2.02152e-50 -1.70548e-56
-9.78986e-19   0.00026975 -6.10112e-18   -0.0009843  4.43763e-17   0.00136207 -1.03183e-16  -0.00059528  1.30078e-16 -0.000243359 -1.03622e-16   0.00013653  5.81754e-17  9.90818e-05 -2.55313e-17  2.15508e-06  7.60159e-18 -2.42123e-05  5.73501e-19  -1.3519e-05  -1.6772e-18 -2.11255e-06  4.85509e-19  1.81577e-06  8.95377e-20  1.65551e-06 -9.31487e-20  7.25392e-07 -3.28567e-20   1.5999e-07   1.3113e-21 -2.97089e-08  2.54733e-20 -5.01112e-08   2.1866e-20 -2.96815e-08  2.80104e-22 -1.22926e-08 -1.12696e-20 -3.82803e-09  -6.6298e-21 -8.03319e-10  1.95534e-22 -1.53717e-11  2.10463e-21   9.0372e-11  1.14397e-21  5.84037e-11  1.91568e-22  2.58577e-11  -1.1913e-22  9.46707e-12 -1.12286e-22  3.03877e-12 -4.74036e-23  8.77497e-13 -9.54867e-24  2.30964e-13  1.46111e-24   5.5779e-14  2.12048e-24  1.23905e-14  1.05632e-24  2.52888e-15  3.70401e-25  4.71825e-16  9.72386e-26  7.95813e-17  1.67367e-26  1.18599e-17  2.18002e-28  1.48142e-18 -1.19826e-27  1.31088e-19 -6.18473e-28   1.9846e-22 -2.30298e-28  -3.3178e-21 -7.41655e-29 -9.71492e-22 -2.12577e-29 -1.98558e-22 -5.43325e-30 -3.35025e-23 -1.25038e-30 -4.89475e-24 -2.62073e-31 -6.28833e-25 -5.00049e-32 -7.10328e-26 -8.61819e-33 -6.95878e-27 -1.33849e-33 -5.69839e-28 -1.88053e-34 -3.51185e-29 -2.39159e-35  -9.1529e-31 -2.73774e-36  1.42964e-31  -2.8054e-37  2.97974e-32 -2.56874e-38  3.51793e-33  -2.0967e-39  3.19334e-34  -1.5147e-40  2.38675e-35 -9.58936e-42  1.49969e-36 -5.26817e-43   7.9439e-38 -2.48146e-44   3.5204e-39 -9.83888e-46  1.28386e-40 -3.19919e-47  3.75041e-42 -8.22926e-49  8.40566e-44 -1.58378e-50  1.34376e-45 -2.06225e-52  1.32581e-47 -1.44245e-54  5.21619e-50
-0.000171747 -6.10112e-18   0.00135848 -2.16126e-17  -0.00333257  1.17169e-16   0.00332231 -2.15445e-16  -0.00065344  2.15737e-16 -0.000841761 -1.32869e-16  6.88337e-05  5.69976e-17  0.000250045   -2.168e-17  8.27759e-05  5.78856e-18 -2.50401e-05  1.74972e-18 -3.49238e-05 -1.87891e-18 -1.48385e-05  4.87692e-19 -1.18765e-06  7.71093e-20  2.58141e-06 -1.51714e-19  2.02049e-06 -1.31108e-19  8.70983e-07  7.73103e-21  2.14997e-07  9.26163e-20 -1.02479e-08  5.47809e-20 -4.47473e-08 -9.68355e-21 -2.94082e-08 -2.92223e-20 -1.32835e-08  -1.3657e-20 -4.72874e-09  1.50947e-21 -1.34445e-09  4.76017e-21 -2.78961e-10  2.42813e-21 -2.04003e-11  4.18973e-22   1.7113e-11 -2.31318e-22  1.20112e-11 -2.25211e-22  5.26163e-12 -9.70576e-23  1.88065e-12 -2.15264e-23  5.89774e-13  1.43148e-24  1.67419e-13  3.67247e-24  4.37431e-14  1.98704e-24   1.0627e-14  7.41254e-25  2.41688e-15  2.09917e-25  5.17058e-16  4.25945e-26  1.04431e-16  4.10206e-27  1.99681e-17 -1.21058e-27   3.6223e-18 -8.96385e-28  6.24395e-19 -3.63951e-28  1.02377e-19 -1.19374e-28  1.59731e-20 -3.36916e-29  2.37086e-21 -8.33575e-30  3.34436e-22 -1.84098e-30  4.47543e-23 -3.68107e-31  5.66715e-24 -6.67182e-32  6.76822e-25 -1.09029e-32  7.59366e-26 -1.60557e-33  7.96748e-27 -2.13872e-34  7.77808e-28 -2.57658e-35  7.02518e-29 -2.79096e-36  5.83413e-30 -2.70337e-37  4.42413e-31 -2.33596e-38  3.03975e-32 -1.79427e-39  1.87558e-33 -1.21517e-40  1.02844e-34 -7.17942e-42  4.94888e-36 -3.65918e-43  2.05758e-37 -1.58583e-44  7.24511e-39  -5.7191e-46  2.10349e-40 -1.66425e-47   4.8478e-42 -3.73766e-49  8.36507e-44 -6.02105e-51   9.7545e-46 -6.01642e-53  6.09362e-48 -2.40804e-55
 1.04451e-17   -0.0009843 -2.16126e-17   0.00441792 -5.32836e-17  -0.00794906  2.26517e-16   0.00567234 -3.35814e-16  0.000282202  2.66232e-16  -0.00164687 -1.20351e-16  -0.00036921  3.52208e-17  0.000349454 -1.32881e-17  0.000252738  3.25894e-18  3.43035e-05  2.64279e-18 -4.65906e-05 -1.38278e-18 -3.73939e-05  5.18497e-19 -1.30778e-05  5.89759e-20 -1.89871e-07 -3.86157e-19   2.7539e-06 -3.24338e-19  1.98132e-06  6.66052e-20  8.61375e-07  2.22832e-19  2.41814e-07  9.87571e-20  1.96322e-08 -3.41068e-20 -2.60422e-08 -5.76574e-20 -2.09442e-08 -2.25226e-20 -1.04199e-08  4.31171e-21 -4.09633e-09  8.72362e-21 -1.35261e-09  4.27519e-21 -3.79545e-10  7.84624e-22 -8.81234e-11 -3.48051e-22 -1.50472e-11  -3.5985e-22 -7.28986e-13 -1.58203e-22  8.09286e-13  -3.7523e-23  4.71162e-13  4.12041e-25  1.79419e-13  5.16118e-24  5.64784e-14  3.02217e-24   1.5701e-14  1.18543e-24  3.96605e-15  3.53952e-25  9.23924e-16    7.903e-26  2.00222e-16  1.10874e-26   4.0577e-17 -3.84935e-28  7.71511e-18 -9.53384e-28  1.37881e-18 -4.36861e-28  2.31811e-19 -1.46777e-28  3.66646e-20 -4.09336e-29  5.45218e-21 -9.84644e-30   7.6133e-22 -2.09724e-30  9.96525e-23 -4.02058e-31   1.2199e-23 -6.95387e-32  1.39274e-24 -1.08155e-32  1.47805e-25 -1.51429e-33  1.45246e-26 -1.91591e-34  1.31577e-27 -2.18876e-35  1.09316e-28  -2.2443e-36  8.27998e-30 -2.05437e-37  5.67801e-31 -1.67374e-38  3.49646e-32 -1.20798e-39  1.91458e-33 -7.65291e-41  9.21192e-35 -4.20707e-42  3.83715e-36  -1.9813e-43  1.35767e-37 -7.85743e-45  3.97886e-39  -2.5579e-46  9.32593e-41 -6.58698e-48  1.65981e-42 -1.26824e-49  2.06099e-44 -1.65191e-51  1.51624e-46 -1.15622e-53  4.11833e-49
 0.000339231  4.43763e-17  -0.00333257 -5.32836e-17    0.0104546 -1.00065e-16   -0.0144659  3.44633e-16   0.00701469 -4.17686e-16   0.00257956  2.59459e-16  -0.00208744 -7.60755e-17  -0.00122535  9.21965e-18  0.000188178 -7.72061e-18  0.000439077   9.6833e-19  0.000180409   3.1731e-18 -1.20901e-05 -2.40151e-19 -5.43838e-05  9.27895e-19 -3.32517e-05 -4.50193e-20 -1.01034e-05 -9.26297e-19  3.27093e-07 -5.86755e-19  2.38016e-06  2.19577e-19  1.64649e-06  4.14703e-19  7.34134e-07  1.41698e-19  2.32772e-07 -7.59813e-20  4.28846e-08 -9.42575e-20 -6.01923e-09 -3.13127e-20  -1.0169e-08  9.01706e-21 -5.91643e-09  1.39048e-20 -2.55886e-09  6.65544e-21 -9.28726e-10  1.34193e-21 -2.95128e-10 -4.04251e-22 -8.35672e-11 -4.74761e-22 -2.11886e-11 -2.13274e-22 -4.78299e-12 -5.25027e-23 -9.40592e-13 -8.27315e-25 -1.51667e-13  6.45478e-24 -1.59529e-14  3.99995e-24   8.7113e-16  1.62379e-24  1.11552e-15  5.01878e-25  4.07639e-16  1.18955e-25  1.11667e-16  1.99398e-26  2.60871e-17  1.23026e-27  5.43034e-18  -7.2259e-28  1.02725e-18 -4.14458e-28  1.78359e-19 -1.45251e-28   2.8569e-20 -4.03217e-29  4.23144e-21 -9.48015e-30  5.79816e-22 -1.95659e-30  7.34394e-23 -3.61192e-31  8.58114e-24 -5.98441e-32  9.22185e-25 -8.88686e-33  9.07714e-26 -1.18584e-33  8.13914e-27 -1.42741e-34   6.6014e-28  -1.5479e-35  4.79789e-29 -1.50309e-36  3.08472e-30 -1.30002e-37  1.72136e-31 -9.97819e-39  8.08048e-33 -6.75655e-40  2.99884e-34 -3.99532e-41  7.36036e-36 -2.03724e-42   3.8326e-39 -8.82634e-44 -1.08585e-38 -3.18337e-45 -6.47598e-40 -9.27127e-47 -2.29836e-41 -2.08357e-48 -5.44815e-43 -3.35657e-50 -8.22457e-45 -3.35376e-52 -6.42757e-47 -1.34257e-54
-3.16243e-17   0.00136207  1.17169e-16  -0.00794906 -1.00065e-16    0.0192583 -1.50641e-16   -0.0210594  4.29958e-16    0.0059253 -4.31089e-16   0.00575567  2.06008e-16  -0.00151699  -2.4942e-17  -0.00220829 -7.30817e-18 -0.000371145 -7.51327e-18  0.000485056  -1.5686e-18  0.000375602  3.25519e-18  9.39092e-05  1.63796e-18 -3.87714e-05  1.88477e-18 -5.03016e-05  -4.0423e-19 -2.61054e-05  -1.7941e-18 -7.29154e-06 -8.34752e-19  3.21162e-07  4.84815e-19  1.70949e-06   6.4114e-19  1.17965e-06  1.67673e-19  5.45069e-07  -1.3351e-19  1.91515e-07 -1.33231e-19  4.96448e-08 -3.72005e-20  6.58771e-09  1.60222e-20 -2.12411e-09  2.01638e-20 -2.14765e-09  9.55855e-21 -1.09444e-09  2.18914e-21 -4.36564e-10 -2.97517e-22 -1.49923e-10 -5.07803e-22 -4.60347e-11 -2.35381e-22 -1.28847e-11 -5.76058e-23 -3.32463e-12   -7.601e-26 -7.96625e-13  7.88341e-24 -1.78155e-13  4.87589e-24  -3.7327e-14   1.9993e-24 -7.35003e-15  6.28382e-25 -1.36415e-15  1.54594e-25 -2.39369e-16  2.88153e-26 -3.98486e-17  3.28416e-27 -6.31918e-18 -2.58744e-28 -9.58968e-19 -3.05225e-28 -1.39925e-19 -1.17264e-28 -1.97101e-20 -3.29289e-29 -2.68637e-21 -7.63225e-30 -3.54081e-22 -1.53553e-30 -4.49661e-23 -2.74248e-31 -5.46623e-24 -4.36948e-32 -6.30789e-25 -6.21407e-33 -6.84713e-26 -7.92043e-34 -6.92764e-27 -9.08455e-35 -6.47546e-28 -9.36022e-36 -5.54421e-29  -8.6112e-37 -4.31097e-30 -7.03581e-38 -3.01711e-31 -5.08325e-39   -1.882e-32 -3.22436e-40 -1.03451e-33 -1.77539e-41 -4.94314e-35 -8.36794e-43 -2.01829e-36 -3.31864e-44 -6.88509e-38 -1.08073e-45 -1.90239e-39 -2.78547e-47  -4.0666e-41 -5.36609e-49  -6.2393e-43 -6.98903e-51 -5.93592e-45 -4.89067e-53 -2.25975e-47
-0.000241713 -1.03183e-16   0.00332231  2.26517e-16   -0.0144659 -1.50641e-16    0.0289055 -1.87621e-16   -0.0253375  4.51279e-16    0.0020211 -3.79922e-16   0.00862738  1.35918e-16  0.000293626  1.41181e-17  -0.00280632 -1.11267e-17  -0.00124907 -1.10448e-17  0.000245953 -5.14415e-18  0.000516614   2.9894e-18  0.000255182  4.35319e-18  2.98704e-05  3.18586e-18 -4.53988e-05 -1.18728e-18 -4.00478e-05  -2.8619e-18 -1.88071e-05 -9.60649e-19 -5.15299e-06  8.42004e-19  3.62291e-08  8.55985e-19  1.00859e-06  1.62409e-19  7.23937e-07 -1.99773e-19  3.49302e-07 -1.66388e-19  1.33096e-07 -3.68462e-20  4.13193e-08  2.59126e-20  1.00602e-08  2.75588e-20  1.52941e-09  1.31138e-20 -1.46781e-10  3.49966e-21 -2.37842e-10  1.06962e-22 -1.22088e-10 -3.85123e-22 -4.71298e-11  -1.9315e-22  -1.5534e-11 -4.18186e-23 -4.57565e-12  5.93395e-24 -1.23146e-12  1.02234e-23 -3.06654e-13  5.76796e-24 -7.12155e-14  2.30798e-24 -1.55051e-14  7.23258e-25 -3.17619e-15   1.8154e-25 -6.13642e-16  3.62733e-26 -1.11986e-16  5.34101e-27 -1.93195e-17  3.07406e-28 -3.15106e-18  -1.4911e-28 -4.85661e-19 -7.49648e-29 -7.06563e-20 -2.21861e-29 -9.68695e-21 -5.15977e-30 -1.24876e-21 -1.02243e-30 -1.50949e-22 -1.77893e-31 -1.70537e-23 -2.73893e-32 -1.79386e-24 -3.74363e-33 -1.74925e-25 -4.56953e-34 -1.57349e-26  -5.0029e-35 -1.29834e-27 -4.90304e-36 -9.76432e-29 -4.27545e-37 -6.64383e-30 -3.29944e-38 -4.05477e-31 -2.24184e-39 -2.19695e-32 -1.32984e-40 -1.04364e-33 -6.80027e-42 -4.27938e-35 -2.95101e-43  -1.4845e-36 -1.06513e-44 -4.24055e-38 -3.10501e-46 -9.59973e-40 -6.98633e-48 -1.62362e-41 -1.12629e-49 -1.85045e-43 -1.12538e-51 -1.12537e-45 -4.50388e-54
 5.03957e-17  -0.00059528 -2.15445e-16   0.00567234  3.44633e-16   -0.0210594 -1.87621e-16    0.0366437 -1.96949e-16   -0.0258288  4.04596e-16  -0.00372984  -2.9434e-16    0.0100319  7.61812e-17   0.00296154  3.68124e-17  -0.00259446 -6.33123e-18  -0.00215756  -1.5972e-17 -0.000306391 -9.87317e-18  0.000487035  2.92505e-18  0.000409214  7.76154e-18  0.000146098  4.31658e-18 -3.85908e-06 -2.43909e-18 -3.94836e-05 -3.89167e-18 -2.85713e-05 -8.84371e-19 -1.27216e-05  1.23291e-18 -3.63398e-06  1.00823e-18 -2.57628e-07  1.18612e-19  4.56448e-07 -2.63661e-19  3.68532e-07 -1.84723e-19  1.88186e-07 -2.67566e-20  7.64926e-08  3.97188e-20  2.63256e-08  3.65731e-20  7.81152e-09  1.76778e-20  1.98237e-09  5.52778e-21  4.10099e-10  9.58124e-22  5.70718e-11 -3.64133e-23 -1.85339e-12 -5.86232e-23 -5.05855e-12   4.7724e-24 -2.36138e-12  2.03903e-23 -8.06707e-13  1.43721e-23  -2.3376e-13  6.88851e-24 -6.03514e-14  2.59123e-24 -1.41982e-14  7.92532e-25 -3.08042e-15  1.99757e-25 -6.20594e-16  4.17265e-26 -1.16565e-16  7.06313e-27 -2.04575e-17   8.3901e-28 -3.35797e-18  7.26195e-30 -5.15531e-19 -3.22233e-29 -7.39726e-20 -1.16617e-29 -9.90667e-21 -2.85405e-30 -1.23587e-21 -5.70144e-31 -1.43253e-22 -9.79668e-32 -1.53807e-23 -1.47017e-32 -1.52399e-24 -1.94235e-33 -1.38747e-25 -2.27936e-34  -1.1547e-26 -2.38846e-35 -8.73148e-28 -2.23027e-36 -5.95622e-29 -1.84496e-37 -3.63398e-30 -1.34485e-38 -1.96237e-31 -8.58661e-40 -9.25821e-33 -4.75493e-41 -3.75357e-34 -2.25146e-42 -1.27965e-35 -8.95487e-44 -3.56028e-37 -2.92148e-45 -7.73894e-39 -7.54317e-47 -1.22586e-40 -1.45567e-48 -1.24425e-42  -1.8979e-50 -5.88462e-45 -1.32834e-52  2.35966e-49
 -1.3287e-05  1.30078e-16  -0.00065344 -3.35814e-16   0.00701469  4.29958e-16   -0.0253375 -1.96949e-16    0.0405298 -1.75118e-16   -0.0227667  3.11221e-16  -0.00967655 -2.09383e-16    0.0094697  3.82847e-17   0.00573054  4.85713e-17  -0.00146953  1.51652e-18  -0.00274881 -2.11607e-17  -0.00105312 -1.48695e-17  0.000224085  3.87151e-18  0.000474254  1.13627e-17  0.000273839  4.72698e-18    7.312e-05 -4.00669e-18 -1.48467e-05 -4.62516e-18 -2.87694e-05 -5.92054e-19 -1.86112e-05   1.5766e-18 -8.13606e-06  1.05776e-18 -2.51501e-06  3.96092e-20 -4.06453e-07 -3.11403e-19  1.18208e-07 -1.79719e-19  1.43408e-07  -3.4207e-21  8.09512e-08  5.90893e-20  3.50501e-08  4.81869e-20  1.28799e-08  2.38185e-20  4.17482e-09  8.56537e-21  1.21527e-09   2.3833e-21  3.20319e-10  5.84771e-22  7.65883e-11  1.83275e-22  1.65392e-11  8.70417e-23  3.18335e-12  4.49159e-23  5.29155e-13  2.08524e-23  6.97482e-14  8.39745e-24  4.92486e-15  2.89599e-24 -8.69034e-16   8.4844e-25 -4.90601e-16  2.11483e-25 -1.41104e-16  4.51979e-26  -3.1921e-17  8.26536e-27 -6.21452e-18  1.24044e-27 -1.07615e-18   1.3008e-28 -1.68191e-19  1.37366e-30 -2.38766e-20 -3.59397e-30 -3.08448e-21 -1.15122e-30  -3.6212e-22  -2.5014e-31  -3.8474e-23 -4.40453e-32 -3.67171e-24 -6.57654e-33 -3.10874e-25 -8.50435e-34 -2.28614e-26 -9.67399e-35 -1.40106e-27 -9.75635e-36 -6.44329e-29 -8.71215e-37 -1.31481e-30 -6.85224e-38  1.23964e-31 -4.72251e-39   1.8712e-32 -2.83274e-40  1.50592e-33 -1.46213e-41  8.92134e-35 -6.39079e-43  4.13496e-36 -2.31768e-44  1.50852e-37 -6.77874e-46  4.24144e-39 -1.52966e-47  8.75734e-41 -2.47204e-49  1.20665e-42 -2.47355e-51  8.84062e-45 -9.90208e-54
-5.07016e-17 -0.000243359  2.15737e-16  0.000282202 -4.17686e-16    0.0059253  4.51279e-16   -0.0258288 -1.75118e-16    0.0404108 -1.29316e-16   -0.0176384  2.02479e-16   -0.0144459 -1.47585e-16   0.00720939  2.00357e-17   0.00788515  5.58619e-17  0.000339062  8.16738e-18  -0.00278034 -2.64468e-17  -0.00178377 -1.85799e-17 -0.000246342  6.35956e-18  0.000389056  1.44271e-17  0.000359899   4.1356e-18  0.000164877 -5.55958e-18  3.36247e-05 -4.87374e-18 -1.38073e-05 -1.42147e-19 -1.82291e-05  1.79409e-18 -1.10952e-05  9.88158e-19 -4.87222e-06 -5.91306e-20  -1.6411e-06 -3.27874e-19 -3.92937e-07 -1.43847e-19 -3.16013e-08  3.67432e-20  3.17531e-08  8.62237e-20  2.45983e-08   6.3704e-20  1.18748e-08   3.2161e-20    4.649e-09  1.28442e-20  1.58707e-09  4.43864e-21   4.8756e-10  1.47977e-21    1.371e-10  5.26434e-22  3.56594e-11  2.01659e-22  8.63989e-12   7.8395e-23  1.96011e-12  2.94016e-23  4.18062e-13  1.02652e-23  8.41072e-14  3.23127e-24  1.60071e-14  8.96997e-25  2.88931e-15  2.18284e-25  4.95733e-16  4.68144e-26  8.09968e-17  8.87608e-27  1.26178e-17   1.4691e-27  1.87487e-18  2.04854e-28  2.65554e-19  2.22408e-29  3.57894e-20  1.36829e-30  4.57599e-21 -1.28672e-31  5.52836e-22 -6.38697e-32  6.27992e-23 -1.38126e-32  6.67006e-24 -2.21532e-33  6.58362e-25 -2.91871e-34  5.99931e-26 -3.29729e-35  5.01155e-27 -3.25161e-36  3.80843e-28 -2.80621e-37  2.61051e-29 -2.11307e-38  1.59844e-30 -1.38284e-39  8.64395e-32 -7.80888e-41  4.07168e-33 -3.75638e-42  1.64189e-34 -1.51174e-43  5.54065e-36 -4.97167e-45  1.51649e-37 -1.29104e-46  3.21489e-39  -2.5029e-48  4.89639e-41 -3.27444e-50  4.62758e-43 -2.29573e-52    1.751e-45
 6.03624e-05 -1.03622e-16 -0.000841761  2.66232e-16   0.00257956 -4.31089e-16    0.0020211  4.04596e-16   -0.0227667 -1.29316e-16    0.0375891 -7.20735e-17   -0.0121201  1.04294e-16   -0.0174536 -1.13956e-16   0.00394709  1.40669e-17   0.00902459    6.136e-17   0.00242709  1.07867e-17  -0.00219399 -3.16726e-17  -0.00228711 -1.95671e-17  -0.00082131  1.02015e-17   0.00014093  1.62717e-17  0.000356811  2.67644e-18  0.000238132 -6.69548e-18  9.36747e-05 -4.57094e-18  1.57853e-05  3.60761e-19 -8.76687e-06  1.83491e-18 -1.00723e-05  8.14443e-19 -5.97545e-06 -1.50205e-19 -2.66668e-06 -2.97123e-19 -9.65151e-07 -7.03459e-20 -2.84114e-07  9.73497e-20  -6.3075e-08  1.23448e-19  -6.5785e-09   8.4325e-20   2.8143e-09   4.3121e-20  2.33076e-09  1.84076e-20  1.07668e-09  7.06043e-21  3.97383e-10  2.59016e-21  1.27591e-10  9.39834e-22   3.6897e-11  3.36175e-22  9.78347e-12  1.16712e-22  2.40372e-12  3.88739e-23  5.50874e-13    1.223e-23  1.18275e-13  3.55064e-24  2.38589e-14   9.3218e-25  4.52997e-15  2.19588e-25  8.10275e-16  4.65224e-26   1.3657e-16  8.88839e-27  2.16813e-17   1.5252e-27  3.23885e-18  2.32988e-28  4.54578e-19  3.13806e-29  5.98204e-20  3.65888e-30  7.36216e-21  3.49334e-31  8.44798e-22  2.26792e-32  9.00626e-23 -3.74815e-35  8.88378e-24 -2.88754e-34  8.06993e-25 -5.45827e-35  6.71457e-26 -7.06436e-36  5.08563e-27 -7.36121e-37  3.48105e-28 -6.43389e-38  2.13511e-29 -4.77884e-39  1.16158e-30 -3.02883e-40    5.536e-32 -1.63089e-41  2.27556e-33 -7.36272e-43  7.90649e-35 -2.73291e-44  2.26006e-36 -8.12096e-46  5.11431e-38 -1.85312e-47  8.63519e-40  -3.0192e-49  9.80801e-42 -3.03645e-51  5.93072e-44 -1.21749e-53
  3.5661e-17   0.00013653 -1.32869e-16  -0.00164687  2.59459e-16   0.00575567 -3.79922e-16  -0.00372984  3.11221e-16   -0.0176384 -7.20735e-17      0.03375 -1.54458e-17  -0.00730232  3.01721e-17   -0.0188138 -1.00649e-16  0.000392447  1.45303e-17   0.00909334  6.40625e-17   0.00439636  7.81779e-18  -0.00109558 -3.61967e-17  -0.00242139 -1.73058e-17  -0.00136232  1.44646e-17 -0.000229668  1.65188e-17  0.000242386  8.26312e-19    0.0002601 -7.08215e-18  0.000144816  -3.7775e-18  5.22973e-05  8.09208e-19  8.77574e-06   1.6976e-18 -4.00822e-06  5.84949e-19 -4.73253e-06 -1.95775e-19 -2.82428e-06 -2.02415e-19 -1.28766e-06  4.70343e-20 -4.90529e-07  1.81545e-19 -1.60893e-07  1.72422e-19  -4.5629e-08  1.10571e-19 -1.09554e-08  5.66123e-20 -2.05971e-09  2.50019e-20 -2.06687e-10  1.00397e-20  5.03492e-11  3.79772e-21  4.02107e-11    1.371e-21  1.63023e-11  4.71134e-22  5.21832e-12  1.53636e-22  1.44749e-12  4.75353e-23  3.60632e-13   1.3878e-23  8.21223e-14  3.77031e-24  1.72567e-14  9.39633e-25  3.36465e-15  2.13394e-25  6.10595e-16  4.41784e-26  1.03293e-16  8.34666e-27  1.62958e-17  1.43674e-27  2.39653e-18  2.24906e-28  3.28166e-19  3.20223e-29  4.17672e-20  4.13875e-30  4.92914e-21  4.80861e-31  5.37779e-22  4.94561e-32  5.40459e-23  4.44204e-33  4.98161e-24  3.44156e-34  4.18984e-25   2.2334e-35  3.19593e-26  1.10776e-36  2.19483e-27  2.82391e-38  1.34516e-28 -1.59606e-39  7.27774e-30 -2.87037e-40  3.42874e-31 -2.41613e-41  1.38199e-32 -1.46138e-42  4.65335e-34 -6.79596e-44  1.26536e-35  -2.4513e-45  2.63736e-37 -6.75555e-47   3.8429e-39 -1.36189e-48  3.16613e-41 -1.82595e-50  3.98296e-44 -1.29457e-52 -8.66103e-46
 1.65583e-05  5.81754e-17  6.88337e-05 -1.20351e-16  -0.00208744  2.06008e-16   0.00862738  -2.9434e-16  -0.00967655  2.02479e-16   -0.0121201 -1.54458e-17    0.0301066  3.18402e-17  -0.00355095 -1.75478e-17   -0.0189697 -9.48326e-17  -0.00296181  1.88469e-17   0.00826068  6.18295e-17   0.00596196 -5.96365e-19  0.000316598 -3.90968e-17  -0.00214075  -1.2518e-17  -0.00174027  1.78466e-17 -0.000644512   1.5206e-17  2.80051e-05 -8.21833e-19  0.000211271 -6.57473e-18   0.00016607  -2.6484e-18  8.32667e-05  1.13392e-18  2.93549e-05  1.43812e-18  5.89576e-06  3.76881e-19 -1.01136e-06 -1.50748e-19 -1.76536e-06 -2.69438e-20 -1.11366e-06  2.13359e-19 -5.23321e-07  2.90839e-19 -2.06516e-07  2.33144e-19  -7.1517e-08  1.41744e-19 -2.21887e-08  7.18469e-20 -6.23209e-09  3.20418e-20 -1.59149e-09  1.30385e-20 -3.69338e-10  4.94331e-21 -7.74278e-11  1.75678e-21 -1.44489e-11  5.84797e-22 -2.32116e-12  1.82567e-22 -2.93237e-13  5.36239e-23 -1.88948e-14  1.48011e-23  3.83892e-15   3.8094e-24  1.96561e-15  9.05974e-25  5.35561e-16  1.98148e-25   1.1505e-16  3.98275e-26   2.1209e-17  7.35571e-27  3.46017e-18  1.24704e-27  5.06033e-19  1.94057e-28  6.66271e-20  2.77493e-29  7.88981e-21  3.64208e-30  8.35384e-22  4.36412e-31  7.81398e-23  4.74578e-32  6.30984e-24  4.67469e-33  4.18769e-25  4.17507e-34  1.98291e-26  3.37592e-35  2.06179e-28  2.45721e-36 -8.53137e-29  1.59934e-37 -1.20041e-29  9.25261e-39 -1.06025e-30   4.7171e-40 -7.19714e-32  2.09293e-41 -3.93529e-33  7.97292e-43 -1.74609e-34  2.56889e-44 -6.21145e-36  6.83135e-46 -1.72106e-37  1.43444e-47 -3.52516e-39  2.20475e-49 -4.83997e-41  2.14489e-51 -3.54463e-43  8.54468e-54
-1.85562e-17  9.90818e-05  5.69976e-17  -0.00036921 -7.60755e-17  -0.00151699  1.35918e-16    0.0100319 -2.09383e-16   -0.0144459  1.04294e-16  -0.00730232  3.18402e-17    0.0271744  6.43667e-17  -0.00076907 -4.28347e-17   -0.0183794 -8.53468e-17  -0.00586834  2.61367e-17   0.00677966  5.37676e-17   0.00697529 -1.24047e-17   0.00182351 -3.96988e-17  -0.00148503 -6.87878e-18   -0.0018665  1.92069e-17  -0.00101202  1.27157e-17 -0.000245235 -1.81271e-18  9.27777e-05 -5.26429e-18  0.000144043 -1.37977e-18  9.62207e-05  1.32877e-18  4.56359e-05  1.16365e-18  1.64097e-05  2.85437e-19  4.12023e-06  3.12173e-20   2.9312e-07  2.43336e-19 -4.20382e-07  4.30355e-19 -3.30712e-07  4.23434e-19 -1.66343e-07  3.03065e-19 -6.80756e-08  1.75642e-19 -2.42912e-08  8.73323e-20  -7.7929e-09   3.8683e-20 -2.28574e-09  1.56519e-20 -6.19395e-10  5.86125e-21 -1.56177e-10  2.03852e-21 -3.68336e-11  6.58874e-22  -8.1586e-12  1.98457e-22 -1.70286e-12  5.59249e-23 -3.35865e-13  1.47522e-23 -6.27521e-14  3.62763e-24 -1.11289e-14  8.27061e-25 -1.87632e-15  1.74256e-25 -3.01018e-16  3.38897e-26 -4.59577e-17  6.07848e-27 -6.67182e-18  1.00462e-27  -9.1927e-19  1.53031e-28 -1.19868e-19  2.14952e-29 -1.47357e-20  2.77922e-30 -1.70002e-21  3.29284e-31 -1.83094e-22  3.55948e-32 -1.83034e-23  3.50343e-33 -1.68775e-24  3.13587e-34 -1.42579e-25  2.54418e-35 -1.09531e-26  1.86024e-36  -7.5881e-28  1.21746e-37 -4.69551e-29  7.07335e-39 -2.56617e-30  3.60771e-40 -1.22174e-31  1.59207e-41 -4.98028e-33  5.97124e-43 -1.69932e-34   1.8587e-44 -4.70421e-36  4.63262e-46 -1.00903e-37  8.72675e-48 -1.55557e-39  1.12197e-49 -1.48893e-41  7.81475e-52 -5.70932e-44
-9.35079e-06 -2.55313e-17  0.000250045  3.52208e-17  -0.00122535  -2.4942e-17  0.000293626  7.61812e-17    0.0094697 -1.47585e-16   -0.0174536  3.01721e-17  -0.00355095  6.43667e-17    0.0249836  7.92208e-17   0.00129672 -5.15948e-17   -0.0173789 -6.65326e-17  -0.00825306  3.52925e-17   0.00489462  4.11868e-17   0.00739802 -2.43307e-17   0.00323222 -3.79887e-17 -0.000552276 -2.30861e-18  -0.00170552  1.79703e-17  -0.00125063  9.58012e-18 -0.000518698 -1.99693e-18 -7.34915e-05 -3.44436e-18   7.8156e-05 -1.52658e-19  8.36027e-05  1.45488e-18  5.09216e-05  1.01307e-18  2.35463e-05  4.06756e-19  8.78128e-06  3.88025e-19  2.61428e-06  6.14305e-19  5.51559e-07   6.9316e-19  2.46639e-08  5.72681e-19 -5.09454e-08  3.76729e-19 -3.46001e-08  2.08703e-19 -1.56442e-08  1.01107e-19 -5.83507e-09  4.39943e-20  -1.9135e-09  1.74999e-20 -5.67573e-10  6.41891e-21 -1.54634e-10  2.17654e-21 -3.90595e-11  6.83199e-22 -9.20252e-12  1.99158e-22 -2.03044e-12  5.41175e-23 -4.20661e-13   1.3724e-23 -8.19693e-14  3.24134e-24 -1.50354e-14  7.10692e-25 -2.59657e-15  1.44336e-25 -4.22003e-16  2.71155e-26 -6.44811e-17  4.70618e-27 -9.24898e-18  7.53987e-28 -1.24287e-18  1.11507e-28 -1.56077e-19  1.52181e-29 -1.82615e-20  1.91225e-30 -1.98383e-21  2.20312e-31 -1.99293e-22   2.3179e-32 -1.84287e-23  2.22064e-33 -1.56031e-24   1.9316e-34 -1.20223e-25  1.51852e-35 -8.37004e-27  1.07211e-36 -5.22143e-28  6.74533e-38 -2.88936e-29  3.74491e-39 -1.40095e-30   1.8111e-40 -5.86072e-32  7.50442e-42 -2.07363e-33  2.60807e-43 -6.04098e-35  7.38078e-45 -1.39477e-36  1.62609e-46 -2.40651e-38  2.58803e-48 -2.79915e-40  2.57098e-50 -1.73858e-42  1.02923e-52
 6.48451e-18  2.15508e-06   -2.168e-17  0.000349454  9.21965e-18  -0.00220829  1.41181e-17   0.00296154  3.82847e-17   0.00720939 -1.13956e-16   -0.0188138 -1.75478e-17  -0.00076907  7.92208e-17    0.0233716  7.59558e-17   0.00288062 -4.93776e-17    -0.016173 -3.89863e-17   -0.0101329  4.44268e-17   0.00280287  2.71113e-17   0.00726276 -3.31951e-17    0.0043964  -3.4658e-17  0.000530582 -2.52482e-19  -0.00127321  1.42412e-17  -0.00130542  6.26394e-18 -0.000731528 -1.55978e-18 -0.000251048  -1.5134e-18 -1.86303e-05  9.13212e-19  4.58802e-05  1.62592e-18  4.19284e-05  1.12784e-18  2.42618e-05  8.16287e-19  1.11034e-05  9.36645e-19  4.27288e-06  1.07696e-18  1.40837e-06  9.87325e-19  3.94466e-07   7.2649e-19  8.94336e-08  4.46227e-19  1.34687e-08  2.36612e-19 -5.74172e-10   1.1116e-19 -1.46647e-09  4.71775e-20 -7.34034e-10  1.83192e-20 -2.69284e-10  6.54794e-21 -8.36182e-11  2.15891e-21 -2.30707e-11  6.57739e-22 -5.78349e-12  1.85744e-22 -1.33319e-12  4.87796e-23 -2.84559e-13  1.19291e-23 -5.64689e-14  2.71406e-24 -1.04424e-14  5.73403e-25 -1.80138e-15  1.12308e-25 -2.89928e-16  2.03632e-26 -4.35101e-17  3.41317e-27 -6.08095e-18  5.28388e-28 -7.90038e-19  7.55221e-29 -9.51901e-20  9.95676e-30 -1.06056e-20  1.20763e-30 -1.08879e-21  1.34207e-31 -1.02569e-22  1.36111e-32 -8.82269e-24  1.25524e-33 -6.88931e-25  1.04832e-34  -4.8499e-26  7.88525e-36 -3.05254e-27  5.30444e-37 -1.70046e-28   3.1635e-38 -8.27944e-30  1.65395e-39 -3.46775e-31  7.47053e-41 -1.22365e-32  2.86043e-42 -3.53601e-34  9.05305e-44 -8.03347e-36  2.28398e-45 -1.34686e-37  4.33888e-47 -1.49123e-39  5.60876e-49 -8.56235e-42  3.91636e-51 -1.02249e-44
-8.29606e-06  7.60159e-18  8.27759e-05 -1.32881e-17  0.000188178 -7.30817e-18  -0.00280632  3.68124e-17   0.00573054  2.00357e-17   0.00394709 -1.00649e-16   -0.0189697 -4.28347e-17   0.00129672  7.59558e-17    0.0221633  5.71538e-17   0.00414726 -4.07853e-17   -0.0148745 -7.73676e-18   -0.0115602  5.16237e-17  0.000649692  1.50087e-17   0.00663992 -3.70883e-17   0.00521919 -3.07965e-17   0.00163111 -1.26839e-18 -0.000626842   8.6366e-18   -0.0011565  3.01415e-18 -0.000834813 -9.21895e-19 -0.000398681  1.49078e-19 -0.000123484  1.78608e-18 -8.27918e-06  1.97928e-18  2.02228e-05  1.61814e-18  1.77801e-05  1.54624e-18  1.00732e-05   1.6611e-18  4.59179e-06  1.60229e-18  1.79831e-06  1.28792e-18  6.22389e-07   8.6839e-19  1.92926e-07  5.02549e-19  5.38362e-08  2.55233e-19  1.35021e-08  1.15915e-19  3.01287e-09  4.77623e-20  5.82845e-10  1.80238e-20  9.12654e-11  6.25714e-21  8.82189e-12  2.00206e-21 -7.91363e-13  5.91496e-22  -7.2252e-13  1.61817e-22 -2.47801e-13  4.11042e-23 -6.46064e-14  9.70751e-24 -1.43446e-14  2.13082e-24 -2.82201e-15   4.3422e-25 -5.00659e-16  8.20375e-26 -8.07808e-17  1.43486e-26 -1.18979e-17  2.31986e-27 -1.60088e-18  3.46359e-28 -1.96498e-19  4.77171e-29 -2.19277e-20  6.05726e-30 -2.21223e-21  7.06437e-31 -2.00068e-22   7.5395e-32 -1.60091e-23  7.33279e-33 -1.10933e-24  6.47152e-34 -6.39193e-26  5.15694e-35 -2.77303e-27  3.68729e-36 -5.72837e-29  2.34724e-37  3.87209e-30  1.31725e-38  5.62703e-31  6.43457e-40   4.0799e-32  2.69094e-41  2.11881e-33  9.42577e-43  8.36542e-35  2.68314e-44  2.50207e-36  5.93413e-46  5.44263e-38  9.46632e-48  7.85468e-40   9.4146e-50  6.00552e-42  3.76886e-52
-4.44551e-19 -2.42123e-05  5.78856e-18  0.000252738 -7.72061e-18 -0.000371145 -1.11267e-17  -0.00259446  4.85713e-17   0.00788515  1.40669e-17  0.000392447 -9.48326e-17   -0.0183794 -5.15948e-17   0.00288062  5.71538e-17    0.0212321  2.83794e-17   0.00520102 -2.95776e-17   -0.0135419   2.0928e-17   -0.0125943  5.59527e-17  -0.00146301  7.52739e-18   0.00561561 -3.58074e-17   0.00564765 -2.74426e-17   0.00262716 -5.03455e-18  0.000148351  1.96705e-18 -0.000820017 -1.76384e-19 -0.000801834 -5.68401e-19 -0.000481073  1.28987e-18 -0.000210337  2.52239e-18 -6.47196e-05   2.6383e-18 -8.24387e-06  2.53059e-18  5.94563e-06  2.56794e-18  5.97595e-06  2.50582e-18  3.44996e-06  2.14096e-18  1.57984e-06  1.56206e-18  6.22906e-07  9.80349e-19   2.1896e-07  5.37515e-19  6.99066e-08  2.61595e-19  2.05035e-08  1.14614e-19  5.56698e-09  4.57136e-20  1.40704e-09  1.67162e-20  3.32484e-10  5.62374e-21  7.37202e-11  1.74358e-21  1.53876e-11  4.99075e-22  3.03307e-12  1.32208e-22  5.66311e-13  3.24859e-23  1.00462e-13  7.41293e-24    1.698e-14  1.57083e-24  2.74059e-15  3.08874e-25  4.22954e-16  5.62882e-26  6.24118e-17  9.49245e-27  8.79102e-18  1.47912e-27  1.17808e-18  2.12704e-28  1.49489e-19  2.81971e-29   1.7858e-20  3.43931e-30  1.99543e-21  3.84795e-31  2.07131e-22  3.93308e-32  1.98321e-23  3.65647e-33  1.73863e-24   3.0769e-34  1.38473e-25  2.33024e-35  9.93442e-27  1.57713e-36  6.35869e-28  9.45632e-38  3.59057e-29  4.96766e-39   1.7645e-30  2.25372e-40  7.41826e-32  8.66417e-42  2.60888e-33  2.75105e-43  7.44073e-35  6.95547e-45  1.64397e-36  1.32276e-46  2.61076e-38  1.71045e-48  2.57496e-40  1.19406e-50  1.01805e-42
-2.04944e-06  5.73501e-19 -2.50401e-05  3.25894e-18  0.000439077 -7.51327e-18  -0.00124907 -6.33123e-18  -0.00146953  5.58619e-17   0.00902459  1.45303e-17  -0.00296181 -8.53468e-17   -0.0173789 -4.93776e-17   0.00414726  2.83794e-17    0.0204993 -3.24767e-18   0.00610782 -1.87542e-17   -0.0122041  4.23528e-17   -0.0132897  5.78338e-17  -0.00346528  5.76389e-18   0.00427921 -3.05322e-17   0.00566462 -2.52517e-17   0.00341647 -1.06853e-17  0.000952908 -5.07501e-18 -0.000343441  -3.4985e-18 -0.000633051 -8.77119e-19 -0.000477516  1.83985e-18 -0.000257329  3.23838e-18 -0.000108335  3.67179e-18 -3.52553e-05  3.82521e-18 -7.51753e-06  3.78591e-18  2.44433e-07  3.37901e-18  1.31206e-06  2.62978e-18  8.73808e-07  1.77481e-18  4.16514e-07  1.04669e-18  1.66236e-07  5.45721e-19  5.85779e-08  2.54614e-19  1.86893e-08  1.07488e-19  5.47647e-09  4.14181e-20  1.48719e-09  1.46482e-20  3.76548e-10  4.76824e-21  8.92704e-11   1.4308e-21  1.98757e-11  3.96428e-22  4.16447e-12  1.01626e-22    8.222e-13  2.41487e-23  1.53057e-13   5.3243e-24  2.68658e-14   1.0893e-24  4.44409e-15   2.0667e-25  6.92041e-16  3.63194e-26  1.01286e-16  5.90274e-27   1.3903e-17  8.85796e-28  1.78519e-18  1.22568e-28  2.13761e-19  1.56147e-29  2.37837e-20  1.82737e-30  2.44879e-21  1.95802e-31  2.32227e-22  1.91292e-32  2.01764e-23  1.69595e-33   1.5962e-24   1.3571e-34  1.14172e-25  9.73863e-36  7.32235e-27  6.21809e-37  4.16899e-28  3.49814e-38  2.08174e-29  1.71237e-39  8.97907e-31  7.17494e-41  3.28025e-32  2.51749e-42  9.88451e-34  7.17504e-44  2.36597e-35  1.58774e-45  4.24448e-37  2.53269e-47  5.15282e-39  2.51764e-49  3.35725e-41  1.00708e-51
-8.58624e-19  -1.3519e-05  1.74972e-18  3.43035e-05   9.6833e-19  0.000485056 -1.10448e-17  -0.00215756  1.51652e-18  0.000339062    6.136e-17   0.00909334  1.88469e-17  -0.00586834 -6.65326e-17    -0.016173 -4.07853e-17   0.00520102 -3.24767e-18    0.0199172 -3.13721e-17   0.00691146 -1.04387e-17   -0.0108742  5.49148e-17   -0.0136922  5.85612e-17  -0.00530898  9.19263e-18   0.00271748 -2.31248e-17   0.00528128  -2.4438e-17   0.00392206 -1.72751e-17   0.00168597 -1.21006e-17  0.000203242 -7.19347e-18 -0.000355531 -2.00348e-18 -0.000386778  1.90699e-18 -0.000252866  4.05872e-18  -0.00012781  5.06039e-18 -5.32174e-05  5.36985e-18 -1.84699e-05  5.04856e-18 -5.17786e-06   4.1674e-18  -1.0128e-06  3.00399e-18 -1.58296e-08  1.89706e-18  1.07436e-07  1.05786e-18  6.76637e-08  5.25869e-19  2.94922e-08  2.35328e-19  1.07004e-08  9.56565e-20  3.42335e-09  3.55669e-20  9.91108e-10  1.21506e-20  2.63313e-10   3.8228e-21  6.47298e-11  1.10918e-21  1.47997e-11  2.97235e-22  3.15733e-12   7.3689e-23  6.29694e-13  1.69255e-23  1.17515e-13  3.60466e-24  2.05251e-14  7.11875e-25  3.35367e-15  1.30285e-25  5.12107e-16  2.20702e-26  7.29724e-17  3.45492e-27    9.684e-18  4.98957e-28  1.19395e-18   6.6372e-29  1.36355e-19  8.11711e-30   1.4375e-20  9.10309e-31  1.39327e-21  9.32841e-32  1.23568e-22  8.69666e-33  9.97291e-24  7.33841e-34   7.2773e-25  5.57129e-35  4.76442e-26   3.7783e-36  2.77286e-27  2.26886e-37  1.41847e-28  1.19318e-38  6.28883e-30  5.41772e-40  2.37327e-31  2.08429e-41  7.44361e-33  6.62187e-43  1.87724e-34  1.67463e-44   3.6254e-36   3.1842e-46  4.95246e-38  4.11517e-48   4.1061e-40  2.87043e-50  1.31821e-42
  7.7612e-07  -1.6772e-18 -3.49238e-05  2.64279e-18  0.000180409  -1.5686e-18  0.000245953  -1.5972e-17  -0.00274881  8.16738e-18   0.00242709  6.40625e-17   0.00826068  2.61367e-17  -0.00825306 -3.89863e-17   -0.0148745 -2.95776e-17   0.00610782 -3.13721e-17    0.0194564 -5.23141e-17   0.00764322 -5.72146e-18  -0.00955568  5.97323e-17   -0.0138381  5.94225e-17  -0.00695988  1.60941e-17   0.00101277  -1.5489e-17   0.00453155 -2.49661e-17   0.00409533 -2.41601e-17   0.00225678 -1.90403e-17  0.000738991 -1.14137e-17 -1.72475e-05 -3.85092e-18 -0.000227144  1.71228e-18 -0.000198579  5.05768e-18 -0.000118955  6.68159e-18 -5.76752e-05  6.95773e-18 -2.38841e-05  6.17591e-18 -8.63304e-06   4.7598e-18 -2.73934e-06  3.21211e-18  -7.5653e-07  1.91257e-18 -1.75976e-07  1.01285e-18 -3.10325e-08  4.81034e-19 -2.18067e-09  2.06584e-19  1.25541e-09  8.08272e-20  7.90536e-10  2.89783e-20  3.02109e-10  9.55497e-21  9.35005e-11  2.90326e-21  2.52255e-11  8.13938e-22  6.11295e-12  2.10811e-22  1.35051e-12  5.05101e-23   2.7421e-13  1.12082e-23  5.13994e-14  2.30479e-24   8.9151e-15  4.39196e-25  1.43206e-15   7.7504e-26  2.12998e-16  1.26493e-26   2.9302e-17  1.90614e-27  3.72157e-18  2.64732e-28  4.35254e-19  3.38238e-29  4.67193e-20  3.96695e-30  4.58321e-21  4.25836e-31  4.08809e-22  4.16795e-32  3.29438e-23  3.70223e-33   2.3794e-24   2.9679e-34  1.52471e-25   2.1331e-35   8.5532e-27  1.36359e-36  4.12353e-28  7.67708e-38  1.66208e-29  3.75956e-39   5.3465e-31  1.57563e-40  1.24319e-32   5.5292e-42  1.45467e-34   1.5759e-43 -2.43161e-36   3.4865e-45 -1.59009e-37  5.55863e-47 -3.47086e-39  5.52133e-49 -3.38008e-41  2.20648e-51
 2.89804e-19 -2.11255e-06 -1.87891e-18 -4.65906e-05   3.1731e-18  0.000375602 -5.14415e-18 -0.000306391 -2.11607e-17  -0.00278034  1.07867e-17   0.00439636  6.18295e-17   0.00677966  3.52925e-17   -0.0101329 -7.73676e-18   -0.0135419 -1.87542e-17   0.00691146 -5.23141e-17    0.0190982 -6.55628e-17   0.00832702 -4.64562e-18   -0.0082462  5.93639e-17   -0.0137541  6.09994e-17  -0.00839158  2.41891e-17 -0.000756398 -9.22221e-18   0.00346842 -2.68323e-17   0.00391804 -3.11588e-17   0.00259486 -2.60174e-17   0.00118453 -1.61263e-17  0.000322612  -6.1236e-18 -3.17419e-05  1.49494e-18 -0.000108432  6.21468e-18 -8.55968e-05  8.32317e-18 -4.85467e-05  8.34752e-18 -2.28086e-05  6.99819e-18 -9.33796e-06   5.0725e-18 -3.41376e-06  3.22829e-18  -1.1297e-06  1.82199e-18 -3.41166e-07  9.19297e-19 -9.44721e-08   4.1782e-19 -2.40447e-08  1.72302e-19 -5.62754e-09  6.48846e-20 -1.20945e-09  2.24216e-20 -2.37845e-10  7.13185e-21 -4.25255e-11  2.09168e-21 -6.83809e-12  5.66284e-22 -9.70331e-13   1.4167e-22 -1.17154e-13   3.2786e-23 -1.10368e-14  7.02477e-24 -5.76798e-16  1.39408e-24  4.48051e-17  2.56211e-25    1.633e-17  4.35728e-26  2.08347e-18  6.84762e-27   4.0356e-20  9.92646e-28 -4.85542e-20  1.32476e-28 -1.43962e-20  1.62426e-29  -2.7378e-21    1.825e-30 -4.11727e-22  1.87305e-31 -5.20668e-23  1.74871e-32 -5.67608e-24  1.47767e-33 -5.39019e-25  1.12329e-34 -4.47222e-26  7.62597e-36 -3.23589e-27  4.58277e-37 -2.03004e-28  2.41096e-38 -1.09363e-29  1.09481e-39 -4.98814e-31  4.21161e-41 -1.88773e-32  1.33784e-42 -5.75675e-34  3.38244e-44 -1.35323e-35  6.42858e-46  -2.2777e-37  8.30253e-48 -2.37412e-39  5.78619e-50 -9.89945e-42
 9.40908e-07  4.85509e-19 -1.48385e-05 -1.38278e-18 -1.20901e-05  3.25519e-18  0.000516614 -9.87317e-18  -0.00105312 -2.64468e-17  -0.00219399  7.81779e-18   0.00596196  5.37676e-17   0.00489462  4.44268e-17   -0.0115602   2.0928e-17   -0.0122041 -1.04387e-17   0.00764322 -6.55628e-17    0.0188306 -7.28255e-17   0.00898257 -6.39741e-18  -0.00693893  5.64373e-17   -0.0134582  6.29725e-17  -0.00958085  3.12164e-17  -0.00251353 -5.54862e-18   0.00216193 -3.02445e-17   0.00340355 -3.84625e-17   0.00265832 -3.31541e-17   0.00147501 -2.10871e-17  0.000605539 -8.43327e-18  0.000159651  1.42305e-18 -4.39399e-06  7.40337e-18  -3.7862e-05  9.72637e-18 -2.97262e-05  9.31691e-18 -1.64432e-05  7.39442e-18  -7.5422e-06  5.06847e-18 -3.03119e-06  3.05804e-18 -1.09601e-06  1.64226e-18 -3.62008e-07  7.91446e-19 -1.10306e-07   3.4472e-19 -3.12215e-08  1.36587e-19 -8.25108e-09  4.95104e-20 -2.04409e-09  1.64875e-20 -4.76221e-10   5.0575e-21 -1.04606e-10   1.4312e-21 -2.17088e-11  3.74006e-22 -4.26303e-12  9.03326e-23 -7.92931e-13  2.01813e-23  -1.3975e-13  4.17302e-24 -2.33314e-14  7.98817e-25 -3.68605e-15  1.41517e-25 -5.50114e-16  2.31812e-26 -7.73651e-17  3.50566e-27 -1.02208e-17  4.88522e-28 -1.26373e-18  6.25983e-29 -1.45619e-19  7.35831e-30 -1.55636e-20  7.91221e-31 -1.53481e-21  7.75464e-32 -1.38844e-22  6.89634e-33 -1.14475e-23  5.53458e-34 -8.53911e-25  3.98174e-35  -5.7141e-26  2.54731e-36 -3.39598e-27  1.43484e-37 -1.77092e-28   7.0278e-39 -7.98147e-30  2.94511e-40   -3.049e-31  1.03328e-41 -9.61674e-33  2.94408e-43 -2.41252e-34  6.51079e-45 -4.54378e-36  1.03744e-46 -5.80418e-38  1.02971e-48 -3.99067e-40  4.11133e-51
 8.62641e-20  1.81577e-06  4.87692e-19 -3.73939e-05 -2.40151e-19  9.39092e-05   2.9894e-18  0.000487035 -1.48695e-17  -0.00178377 -3.16726e-17  -0.00109558 -5.96365e-19   0.00697529  4.11868e-17   0.00280287  5.16237e-17   -0.0125943  4.23528e-17   -0.0108742 -5.72146e-18   0.00832702 -7.28255e-17    0.0186466 -7.64207e-17   0.00962739 -9.63311e-18  -0.00562331  5.28205e-17   -0.0129599  6.43785e-17   -0.0105041  3.53073e-17  -0.00418201 -5.37709e-18  0.000697931 -3.55937e-17   0.00259706 -4.63721e-17    0.0024399 -4.03996e-17   0.00157079 -2.58891e-17  0.000785475 -1.04192e-17  0.000310212  1.54144e-18  8.99153e-05  8.42173e-18  1.13654e-05  1.06483e-17 -7.37186e-06  9.71412e-18 -7.41449e-06  7.31888e-18 -4.25727e-06  4.76419e-18  -1.9465e-06   2.7356e-18 -7.69643e-07  1.40203e-18 -2.72418e-07  6.46659e-19 -8.79024e-08  2.70245e-19 -2.61421e-08  1.02946e-19 -7.21687e-09  3.59271e-20 -1.85835e-09  1.15292e-20 -4.47844e-10  3.41004e-21 -1.01234e-10  9.30861e-22 -2.14956e-11  2.34719e-22 -4.29056e-12  5.47081e-23 -8.05167e-13  1.17935e-23 -1.42003e-13  2.35228e-24  -2.3516e-14  4.34114e-25 -3.65179e-15  7.40942e-26 -5.30819e-16  1.16832e-26 -7.20643e-17   1.6991e-27 -9.11328e-18  2.27441e-28 -1.07019e-18  2.79583e-29 -1.16283e-19  3.14772e-30 -1.16427e-20   3.2355e-31 -1.06909e-21  3.02433e-32 -8.95418e-23  2.55817e-33 -6.79718e-24  1.94642e-34 -4.64171e-25  1.32243e-35 -2.82619e-26  7.95168e-37 -1.51775e-27  4.18467e-38  -7.0932e-29  1.90033e-39 -2.83588e-30  7.30915e-41 -9.48236e-32  2.32109e-42 -2.57002e-33  5.86608e-44 -5.39105e-35  1.11434e-45 -8.11621e-37  1.43826e-47 -7.57172e-39  1.00156e-49 -2.82254e-41
