   0.00254973   -3.5574e-17   -0.00726219   1.62329e-16    0.00315399  -2.16079e-16    0.00185122    1.1793e-16   5.78201e-06   8.91834e-18  -0.000432561  -2.30632e-17  -0.000276262   -1.2976e-17  -9.13458e-05   1.14128e-17  -4.25472e-06    3.6256e-18   1.69162e-05  -3.02912e-18   1.40224e-05  -1.72296e-18   7.53438e-06   8.22463e-20   3.18717e-06   4.98835e-19   1.10083e-06   2.57482e-19   2.97346e-07   4.93111e-20   4.75336e-08  -1.67511e-20  -9.05392e-09  -2.15753e-20  -1.27577e-08  -1.35826e-20   -7.5133e-09  -6.30973e-21  -3.44557e-09  -2.22632e-21  -1.37494e-09  -4.98275e-22  -4.97612e-10    6.7842e-23  -1.66652e-10    1.6782e-22  -5.22222e-11   1.24601e-22  -1.54106e-11   6.73562e-23   -4.2985e-12   3.03263e-23   -1.1355e-12   1.19787e-23  -2.84269e-13   4.25116e-24  -6.74311e-14   1.37105e-24  -1.51419e-14   4.04385e-25  -3.21395e-15   1.09587e-25  -6.43505e-16   2.74074e-26  -1.21224e-16   6.35275e-27  -2.14154e-17   1.36909e-27  -3.53297e-18   2.74793e-28  -5.41253e-19   5.14035e-29  -7.63964e-20   8.96816e-30  -9.81525e-21   1.46064e-30  -1.12428e-21   2.22239e-31  -1.10085e-22   3.15897e-32  -8.22263e-24   4.19249e-33  -2.38905e-25    5.1911e-34   6.22719e-26   5.99153e-35   1.64305e-26   6.43918e-36   2.62851e-27   6.43384e-37   3.36727e-28   5.96489e-38   3.70181e-29   5.11928e-39   3.58524e-30   4.05581e-40   3.09354e-31   2.95639e-41   2.38818e-32   1.97495e-42   1.64995e-33    1.2035e-43   1.01764e-34    6.6529e-45   5.57679e-36    3.3138e-46   2.69662e-37   1.47516e-47   1.13974e-38   5.80989e-49   4.15828e-40   1.99889e-50   1.28806e-41   5.90973e-52   3.31222e-43   1.46895e-53   6.85146e-45   2.97758e-55   1.08816e-46   4.70368e-57   1.23121e-48   5.37488e-59   8.64818e-51   3.84029e-61   2.71709e-53   1.10785e-63
  -3.5574e-17     0.0128769  -8.56091e-17     -0.019029   2.59579e-16    0.00234401  -2.93441e-16    0.00493181   1.31549e-16    0.00154933   4.95124e-17  -0.000365018  -5.47155e-17  -0.000630244  -6.66098e-18  -0.000361843   1.71892e-17  -0.000122529   1.88071e-18  -1.22003e-05  -5.89915e-18   1.72541e-05  -2.86831e-18   1.62557e-05   2.46952e-19   9.47357e-06   9.90047e-19   4.41288e-06   5.75959e-19   1.75996e-06   1.58978e-19   6.15575e-07  -1.38012e-20   1.89189e-07  -4.76752e-20   5.00111e-08  -3.53949e-20   1.05554e-08  -1.77217e-20   1.26127e-09  -6.57056e-21  -2.80241e-10  -1.55238e-21  -2.76941e-10   1.31739e-22  -1.30738e-10   4.31045e-22  -4.85383e-11   3.16756e-22  -1.56124e-11   1.66825e-22  -4.50462e-12   7.28443e-23  -1.18313e-12    2.7821e-23   -2.8439e-13   9.52871e-24  -6.25082e-14   2.96389e-24  -1.24757e-14   8.43241e-25  -2.22438e-15   2.20544e-25  -3.41577e-16   5.32666e-26  -4.08743e-17    1.1929e-26  -2.25402e-18   2.48445e-27   6.21212e-19   4.81966e-28   2.84347e-19   8.71541e-29   7.47573e-20   1.47009e-29   1.57513e-20   2.31482e-30   2.87665e-21   3.40423e-31   4.69429e-22   4.67514e-32   6.94386e-23   5.99194e-33   9.37899e-24   7.16078e-34   1.16096e-24   7.97145e-35   1.31891e-25    8.2554e-36   1.37508e-26      7.94e-37   1.31413e-27    7.0772e-38   1.14869e-28   5.83113e-39   9.15504e-30   4.42763e-40   6.62541e-31   3.08706e-41   4.33061e-32   1.96798e-42   2.53938e-33   1.14129e-43   1.32424e-34   5.98428e-45   6.07172e-36   2.81616e-46   2.40996e-37   1.17868e-47   8.09649e-39    4.3383e-49   2.22122e-40   1.38414e-50   4.64908e-42   3.75647e-52   6.17897e-44   8.45233e-54   4.36528e-47   1.51976e-55  -2.01664e-47   2.06213e-57  -4.86971e-49    1.9084e-59  -5.42446e-51    9.5643e-62  -2.15174e-53
  -0.00726219  -8.56091e-17     0.0311916  -9.65378e-17    -0.0285644    2.1704e-16   -0.00423973   -2.5754e-16     0.0064818   1.23143e-16    0.00422266   4.62975e-17   0.000767107  -5.03656e-17  -0.000608104   8.09873e-18  -0.000650364   1.71484e-17  -0.000352407  -3.26636e-18  -0.000125272  -9.00454e-18  -2.10623e-05  -3.89252e-18   9.82767e-06   4.52595e-19     1.213e-05   1.54723e-18   7.75497e-06   9.84123e-19   3.89594e-06   3.25512e-19   1.69173e-06    2.7972e-21   6.60591e-07   -7.9695e-20   2.36989e-07  -6.48784e-20   7.92056e-08  -3.35616e-20   2.49221e-08  -1.26055e-20   7.45035e-09   -2.9682e-21   2.13469e-09   2.37819e-22   5.91336e-10    7.7424e-22   1.59677e-10   5.51249e-22   4.23124e-11   2.80963e-22   1.10448e-11   1.18661e-22   2.83988e-12   4.37948e-23   7.16578e-13   1.44854e-23   1.76311e-13   4.35029e-24   4.19873e-14   1.19523e-24   9.60835e-15   3.02007e-25   2.09969e-15    7.0501e-26   4.35935e-16   1.52647e-26   8.56449e-17   3.07395e-27    1.5871e-17   5.76583e-28   2.76692e-18   1.00813e-28   4.52799e-19   1.64414e-29   6.94126e-20   2.50272e-30   9.94763e-21   3.55681e-31   1.32997e-21   4.71816e-32   1.65508e-22   5.83764e-33   1.91221e-23   6.73035e-34   2.04505e-24    7.2222e-35   2.01741e-25   7.20269e-36   1.82787e-26    6.6634e-37     1.513e-27    5.7052e-38   1.13626e-28   4.50831e-39    7.6703e-30   3.27706e-40    4.5922e-31    2.1826e-41   2.38715e-32   1.32575e-42    1.0363e-33   7.30355e-44   3.42664e-35   3.62472e-45   5.84237e-37   1.60744e-46  -2.19243e-38   6.30566e-48  -2.62694e-39   2.16046e-49  -1.45047e-40    6.3599e-51  -5.66883e-42   1.57376e-52  -1.67683e-43   3.17515e-54  -3.74771e-45   4.99141e-56  -6.07937e-47   5.67476e-58     -6.53e-49   4.03307e-60   -3.7081e-51     1.157e-62
  1.62329e-16     -0.019029  -9.65378e-17     0.0488906  -4.11416e-17    -0.0290978   7.82197e-17    -0.0135927  -1.65967e-16    0.00441109   8.86566e-17    0.00636297   2.23222e-17    0.00274041  -1.52738e-17   0.000133527   2.68357e-17  -0.000654621   1.33082e-17  -0.000559735  -9.79608e-18  -0.000295168  -1.22719e-17  -0.000112231  -4.90843e-18  -2.74833e-05   6.95624e-19   6.27421e-07   2.14663e-18   5.72392e-06   1.42883e-18   4.35293e-06   5.08426e-19   2.37165e-06   1.92866e-20   1.09206e-06  -1.15835e-19   4.49544e-07  -9.69577e-20   1.69995e-07  -5.02431e-20   5.99919e-08  -1.86439e-20   1.99596e-08  -4.22442e-21   6.30358e-09   4.19556e-22   1.89846e-09   1.11305e-21   5.46836e-10   7.57033e-22   1.50874e-10   3.71662e-22   3.98869e-11   1.51526e-22   1.00987e-11    5.4016e-23   2.44557e-12   1.72584e-23   5.65471e-13   5.00742e-24   1.24584e-13   1.32947e-24   2.60954e-14   3.24735e-25   5.18458e-15   7.33062e-26   9.74744e-16   1.53514e-26   1.73007e-16   2.98994e-27   2.89185e-17   5.42366e-28   4.54076e-18   9.16986e-29   6.67936e-19    1.4459e-29   9.17649e-20   2.12737e-30   1.17335e-20   2.92101e-31   1.39042e-21   3.74146e-32    1.5188e-22   4.46702e-33   1.51833e-23    4.9659e-34   1.37484e-24   5.13347e-35   1.10937e-25   4.92653e-36   7.74569e-27   4.38018e-37   4.38204e-28   3.59894e-38   1.60487e-29   2.72444e-39   -2.4292e-31   1.89335e-40   -1.1384e-31   1.20275e-41  -1.30552e-32   6.94873e-43    -1.067e-33   3.62886e-44  -7.05538e-35   1.70042e-45  -3.91652e-36   7.08485e-47  -1.84446e-37   2.59531e-48  -7.35653e-39   8.23911e-50  -2.46016e-40   2.22439e-51  -6.77525e-42   4.97768e-53  -1.49393e-43   8.89866e-55  -2.52375e-45   1.20015e-56   -3.0335e-47   1.10359e-58  -2.24207e-49   5.49346e-61  -6.57361e-52
   0.00315399   2.59579e-16    -0.0285644  -4.11416e-17     0.0570458   3.37978e-17    -0.0213567  -3.60463e-17    -0.0208642  -1.00517e-16  -0.000593936   2.29733e-17    0.00660774   7.92375e-18    0.00465876   3.12811e-17    0.00146683   4.41601e-17  -0.000191368    8.5268e-18  -0.000564877  -1.60357e-17  -0.000426602   -1.5437e-17  -0.000223709  -5.80558e-18  -9.16014e-05    9.9295e-19  -2.90429e-05   2.70858e-18  -5.87906e-06   1.80985e-18   4.89684e-07   6.44446e-19   1.31088e-06   1.56007e-20   8.82863e-07  -1.54432e-19    4.4328e-07  -1.25605e-19   1.90516e-07   -6.3645e-20   7.35726e-08   -2.2934e-20   2.61238e-08  -4.89896e-21   8.63774e-09   6.35214e-22   2.67948e-09   1.34051e-21   7.83293e-10   8.66347e-22   2.16335e-10   4.08858e-22   5.65181e-11   1.60773e-22    1.3971e-11    5.5347e-23   3.26634e-12   1.70862e-23   7.21534e-13   4.79131e-24   1.50376e-13   1.22978e-24   2.95119e-14   2.90481e-25   5.44103e-15   6.34279e-26   9.39612e-16   1.28493e-26   1.51417e-16   2.42074e-27   2.26585e-17   4.24673e-28   3.12734e-18   6.94246e-29   3.94126e-19    1.0582e-29   4.46133e-20   1.50446e-30   4.39767e-21   1.99505e-31   3.50943e-22   2.46639e-32   1.72054e-23   2.83995e-33  -7.92403e-25   3.04216e-34  -3.59639e-25   3.02716e-35  -6.10971e-26   2.79303e-36  -7.79172e-27    2.3841e-37  -8.33368e-28   1.87756e-38  -7.75883e-29   1.35973e-39  -6.38407e-30   9.01976e-41  -4.66945e-31     5.455e-42  -3.03843e-32    2.9911e-43  -1.75449e-33   1.47703e-44  -8.94344e-35   6.51499e-46  -3.99308e-36   2.54111e-47  -1.54483e-37   8.65362e-49  -5.10434e-39   2.53106e-50  -1.41255e-40   6.22053e-52  -3.18672e-42   1.24597e-53  -5.63627e-44   1.94366e-55  -7.35495e-46   2.19166e-57  -6.36502e-48   1.54392e-59  -2.87437e-50    4.3871e-62
 -2.16079e-16    0.00234401    2.1704e-16    -0.0290978   3.37978e-17     0.0548767   7.89267e-17    -0.0109414  -7.11569e-17    -0.0238311  -1.04154e-16   -0.00635364  -5.74944e-17     0.0048357   9.05911e-18    0.00570662   7.16979e-17    0.00292584   5.55601e-17   0.000674018   3.65115e-18  -0.000270034  -2.14041e-17  -0.000416543  -1.81048e-17  -0.000293266  -6.40094e-18  -0.000154805   1.28843e-18  -6.76443e-05   3.08492e-18  -2.52067e-05    1.9997e-18  -7.97545e-06   6.67443e-19   -2.0359e-06  -2.66164e-20  -3.34595e-07  -1.94277e-19   3.00894e-08  -1.46571e-19   5.81164e-08  -7.12919e-20   3.30526e-08  -2.47123e-20   1.41411e-08   -4.9758e-21    5.1752e-09   7.56041e-22   1.69311e-09   1.37246e-21   5.05058e-10   8.46547e-22   1.38716e-10   3.84528e-22    3.5237e-11   1.45929e-22   8.28816e-12   4.85393e-23   1.80219e-12   1.44855e-23    3.6059e-13   3.92764e-24   6.57989e-14   9.74916e-25   1.07682e-14   2.22744e-25   1.52694e-15   4.70524e-26   1.71639e-16   9.22121e-27   1.01659e-17   1.68032e-27  -1.64551e-18   2.85049e-28  -7.76885e-19   4.50468e-29  -1.90175e-19   6.63502e-30  -3.66574e-20   9.11109e-31  -6.07785e-21   1.16622e-31   -8.9588e-22    1.3906e-32  -1.19194e-22   1.54305e-33  -1.44223e-23   1.59127e-34  -1.59272e-24   1.52255e-35  -1.60728e-25   1.34894e-36  -1.48153e-26    1.1039e-37  -1.24529e-27    8.3193e-39  -9.51843e-29   5.75317e-40   -6.5906e-30   3.63519e-41  -4.11313e-31   2.08798e-42  -2.29907e-32   1.08354e-43  -1.14182e-33    5.0427e-45  -4.98808e-35    2.0856e-46  -1.89212e-36   7.57935e-48  -6.12771e-38   2.38565e-49  -1.65584e-39   6.38183e-51  -3.61345e-41   1.41407e-52  -6.05664e-43   2.50119e-54  -7.14766e-45   3.33469e-56  -4.90337e-47   3.02821e-58  -8.02188e-50   1.48677e-60   6.56579e-52
   0.00185122  -2.93441e-16   -0.00423973   7.82197e-17    -0.0213567   7.89267e-17     0.0477582   1.07421e-16   -0.00226478  -5.78757e-17    -0.0232497  -1.62249e-16    -0.0111705  -1.26765e-16    0.00178186   1.85073e-17     0.0055742   9.64827e-17    0.00403278   5.84254e-17    0.00169657  -2.12349e-18   0.000289059   -2.5981e-17  -0.000215454  -2.00003e-17  -0.000264873  -6.68416e-18  -0.000179792   1.39385e-18  -9.57681e-05   3.08202e-18  -4.37259e-05   1.87915e-18  -1.77709e-05   5.29966e-19  -6.56133e-06  -1.17817e-19  -2.22947e-06  -2.35459e-19  -7.03908e-07   -1.5936e-19  -2.08322e-07  -7.34909e-20  -5.83595e-08  -2.45232e-20  -1.56701e-08  -4.81988e-21  -4.09839e-09   6.39131e-22  -1.06357e-09   1.18581e-21   -2.7831e-10   7.10506e-22   -7.3947e-11   3.12549e-22   -1.9835e-11   1.14818e-22  -5.28963e-12   3.69672e-23  -1.37761e-12   1.06774e-23  -3.45054e-13   2.80156e-24  -8.22124e-14   6.72867e-25  -1.85004e-14   1.48747e-25  -3.91473e-15   3.04007e-26  -7.76824e-16   5.76342e-27  -1.44304e-16   1.01564e-27  -2.50618e-17   1.66552e-28  -4.06491e-18   2.54321e-29   -6.1506e-19   3.61764e-30  -8.67135e-20    4.7945e-31   -1.1375e-20   5.91846e-32  -1.38606e-21   6.79966e-33  -1.56575e-22   7.26229e-34  -1.63584e-23   7.19979e-35  -1.57618e-24   6.61348e-36  -1.39585e-25   5.61608e-37  -1.13152e-26   4.39699e-38  -8.35408e-28   3.16356e-39  -5.58284e-29   2.08346e-40  -3.35057e-30   1.25009e-41   -1.7874e-31   6.79515e-43  -8.35663e-33   3.32366e-44  -3.35345e-34   1.45082e-45   -1.1159e-35   5.59455e-47  -2.87245e-37   1.88157e-48  -4.63848e-39    5.4288e-50   1.33715e-41   1.31448e-51    3.8105e-42   2.59023e-53   1.38403e-43   3.96866e-55   2.91696e-45   4.38677e-57   3.74208e-47   3.02214e-59   2.43601e-49   8.37347e-62
   1.1793e-16    0.00493181   -2.5754e-16    -0.0135927  -3.60463e-17    -0.0109414   1.07421e-16     0.0407014   1.58178e-16    0.00353273  -3.98873e-17    -0.0208195  -2.29354e-16    -0.0144505  -1.64075e-16     -0.001703   3.10366e-17    0.00438825   1.04969e-16    0.00449786   5.27803e-17    0.00259194  -9.34769e-18   0.000974083  -2.98115e-17   0.000149869  -2.11033e-17  -0.000118921  -6.89901e-18  -0.000140274   1.02529e-18  -9.43429e-05   2.52222e-18  -5.05764e-05   1.37895e-18  -2.35597e-05   2.18851e-19   -9.9041e-06  -2.58093e-19   -3.8378e-06  -2.79634e-19  -1.38971e-06  -1.67046e-19   -4.7483e-07   -7.2719e-20  -1.54171e-07  -2.36691e-20  -4.78146e-08  -4.88254e-21   -1.4214e-08   2.24584e-22  -4.05804e-09   8.27833e-22  -1.11325e-09   5.04416e-22  -2.93269e-10   2.18297e-22  -7.40728e-11   7.82234e-23  -1.78992e-11   2.44845e-23   -4.1277e-12   6.86318e-24  -9.06065e-13   1.74562e-24  -1.88833e-13   4.06099e-25  -3.72741e-14   8.69123e-26  -6.95253e-15   1.71897e-26  -1.22274e-15   3.15222e-27  -2.02326e-16   5.37013e-28  -3.14322e-17   8.50796e-29   -4.5746e-18   1.25428e-29  -6.22263e-19   1.72127e-30  -7.89083e-20   2.19886e-31  -9.30113e-21   2.61371e-32  -1.01563e-21   2.88819e-33  -1.02316e-22   2.96296e-34  -9.46105e-24   2.81725e-35  -7.97727e-25   2.47762e-36    -6.078e-26   2.01036e-37  -4.12959e-27   1.50052e-38   -2.4488e-28   1.02651e-39  -1.21666e-29   6.40845e-41  -4.57461e-31   3.63193e-42  -7.95461e-33   1.85693e-43    5.5048e-34    8.5001e-45    7.0371e-35   3.45133e-46   4.72215e-36   1.22873e-47   2.34337e-37   3.77969e-49   9.18429e-39   9.85414e-51   2.87283e-40   2.12119e-52   7.06869e-42   3.63116e-54    1.3193e-43   4.66382e-56   1.74324e-45   4.05636e-58    1.4145e-47   1.89305e-60   4.56142e-50
  5.78201e-06   1.31549e-16     0.0064818  -1.65967e-16    -0.0208642  -7.11569e-17   -0.00226478   1.58178e-16     0.0355733   2.34479e-16    0.00714709  -3.28786e-17    -0.0177777  -2.65578e-16    -0.0163046  -1.60848e-16    -0.0050303    4.6465e-17    0.00246899   1.01976e-16    0.00424119     4.127e-17    0.00313716   -1.7233e-17    0.00160782  -3.26477e-17   0.000591106   -2.1632e-17   0.000118089  -7.44126e-18  -3.52658e-05  -7.80891e-20  -5.54338e-05   1.32295e-18  -3.88836e-05   5.11052e-19  -2.11039e-05  -2.39888e-19   -9.8737e-06  -4.37265e-19  -4.15503e-06  -3.28421e-19  -1.60732e-06   -1.7386e-19  -5.78911e-07   -7.1802e-20  -1.95696e-07  -2.32901e-20  -6.24081e-08  -5.39009e-21  -1.88353e-08  -4.17967e-22  -5.38971e-09   3.93296e-22  -1.46341e-09   2.84515e-22  -3.77043e-10   1.26449e-22  -9.21342e-11   4.50604e-23  -2.13331e-11   1.38582e-23  -4.67478e-12   3.79401e-24  -9.68077e-13   9.39134e-25  -1.89141e-13    2.1213e-25  -3.48007e-14   4.40107e-26  -6.01766e-15   8.42818e-27  -9.75651e-16   1.49486e-27  -1.47917e-16   2.46044e-28  -2.09028e-17   3.76192e-29  -2.74231e-18   5.34609e-30  -3.32288e-19   7.06349e-31  -3.69256e-20   8.67602e-32  -3.72427e-21   9.90103e-33   -3.3525e-22   1.04861e-33  -2.61084e-23   1.02907e-34  -1.63629e-24   9.33951e-36  -6.31161e-26   7.82027e-37   2.04538e-27   6.02426e-38   7.39929e-28   4.25482e-39   9.48153e-29   2.74378e-40   8.95624e-30   1.60743e-41   6.96958e-31   8.50365e-43   4.62749e-32   4.03258e-44   2.65275e-33   1.69893e-45   1.31483e-34   6.28884e-47   5.60617e-36   2.01699e-48   2.03489e-37    5.5047e-50   6.18597e-39   1.24788e-51   1.53758e-40   2.27172e-53   3.01483e-42   3.15809e-55   4.40611e-44   3.08664e-57   4.33845e-46   1.80688e-59   2.28444e-48   3.97438e-62
  8.91834e-18    0.00154933   1.23143e-16    0.00441109  -1.00517e-16    -0.0238311  -5.78757e-17    0.00353273   2.34479e-16     0.0321889   3.00804e-16    0.00949571  -3.41691e-17    -0.0147041  -2.55646e-16    -0.0170572  -1.21632e-16   -0.00789553   6.53294e-17   0.000153301   9.35158e-17    0.00333062   2.79041e-17    0.00320897  -2.40794e-17    0.00203033  -3.41923e-17   0.000992121  -2.19654e-17   0.000383898   -8.6736e-18   0.000109196  -2.01955e-18   1.28316e-05  -4.47552e-19  -9.97265e-06  -6.25451e-19  -9.91731e-06  -7.86729e-19  -5.86044e-06  -6.35783e-19  -2.80216e-06  -3.80448e-19  -1.17284e-06  -1.82148e-19  -4.43989e-07  -7.21881e-20  -1.54588e-07  -2.37265e-20  -4.99785e-08  -6.22556e-21  -1.50886e-08  -1.12059e-21  -4.26791e-09  -1.48972e-23  -1.13307e-09   9.63877e-23  -2.82536e-10   5.32409e-23  -6.61615e-11   2.01512e-23  -1.45371e-11   6.28766e-24  -2.99245e-12   1.71188e-24  -5.75775e-13   4.16844e-25  -1.03218e-13   9.20057e-26  -1.71615e-14   1.85703e-26  -2.62878e-15    3.4487e-27  -3.67171e-16   5.91624e-28  -4.59482e-17   9.39582e-29  -4.97742e-18   1.38291e-29  -4.28259e-19   1.88744e-30  -2.00839e-20   2.38927e-31    2.0865e-21   2.80454e-32   7.76518e-22   3.04985e-33   1.42237e-22   3.06806e-34   2.02267e-23   2.84916e-35   2.44669e-24   2.43621e-36   2.60162e-25   1.91201e-37   2.46648e-26   1.37208e-38   2.09749e-27   8.96056e-40   1.60266e-28   5.29429e-41   1.09903e-29   2.80921e-42    6.7417e-31   1.32605e-43   3.67998e-32   5.49972e-45   1.77451e-33   1.97048e-46   7.48651e-35   5.95083e-48   2.72883e-36   1.45602e-49   8.45166e-38   2.67321e-51   2.17482e-39   2.95567e-53   4.50543e-41  -5.38373e-56   7.17004e-43  -9.19982e-57   8.11795e-45   -1.6918e-58   5.63339e-47  -1.30331e-60   1.53928e-49
 -0.000432561   4.95124e-17    0.00422266   8.86566e-17  -0.000593936  -1.04154e-16    -0.0232497  -3.98873e-17    0.00714709   3.00804e-16     0.0299097   3.19433e-16      0.011163   -3.9846e-17    -0.0117928  -2.07423e-16    -0.0170078  -6.07164e-17    -0.0101772   8.55805e-17   -0.00227653   8.40005e-17    0.00191472   1.62744e-17    0.00278259  -2.84388e-17    0.00213432  -3.44814e-17    0.00124487  -2.25334e-17   0.000602833  -1.07571e-17   0.000250055  -4.66717e-18   8.92995e-05  -2.56908e-18   2.68733e-05  -1.86616e-18   6.27409e-06  -1.34159e-18   7.39364e-07   -8.2662e-19  -2.77787e-07  -4.29422e-19  -2.59425e-07  -1.90763e-19  -1.29606e-07  -7.33626e-20  -5.13135e-08  -2.44915e-20  -1.75484e-08  -7.03708e-21  -5.35289e-09  -1.69705e-21  -1.47653e-09  -3.20678e-22  -3.70026e-10  -3.54952e-23  -8.40992e-11    4.6891e-24  -1.71799e-11   4.43051e-24  -3.08815e-12   1.72516e-24  -4.64116e-13   5.11275e-25  -4.94283e-14   1.28381e-25  -1.47305e-16   2.84201e-26   1.78222e-15   5.65921e-27   6.31389e-16   1.02552e-27   1.56831e-16   1.70231e-28    3.2472e-17   2.59691e-29    5.9099e-18   3.64593e-30   9.67291e-19   4.71297e-31    1.4401e-19    5.6079e-32     1.962e-20   6.13442e-33   2.45365e-21   6.15298e-34   2.82008e-22   5.63515e-35   2.97869e-23   4.68292e-36   2.88835e-24   3.49876e-37   2.56634e-25   2.31678e-38   2.08372e-26   1.32648e-39    1.5406e-27   6.24039e-41   1.03261e-28   2.08347e-42   6.24013e-30   1.32888e-44   3.37696e-31  -4.76289e-45   1.62296e-32  -4.69678e-46   6.85536e-34  -2.93088e-47   2.51176e-35  -1.40405e-48   7.84813e-37  -5.39403e-50   2.04437e-38  -1.66872e-51   4.30252e-40   -4.0879e-53   6.98626e-42  -7.64123e-55   8.13283e-44  -1.01734e-56   5.93888e-46  -8.37504e-59   1.99023e-48  -2.76219e-61
 -2.30632e-17  -0.000365018   4.62975e-17    0.00636297   2.29733e-17   -0.00635364  -1.62249e-16    -0.0208195  -3.28786e-17    0.00949571   3.19433e-16     0.0282904   2.77317e-16     0.0124518  -4.88599e-17   -0.00907875  -1.40277e-16    -0.0163745   4.18188e-18    -0.0118455   1.03072e-16   -0.00460187   7.54861e-17   0.000178315   8.28342e-18    0.00191556   -2.9989e-17    0.00188173   -3.4024e-17    0.00127809  -2.36684e-17   0.000710829   -1.3564e-17   0.000343596  -7.66945e-18   0.000148724  -4.72347e-18   5.87096e-05  -3.02175e-18   2.14151e-05  -1.82071e-18   7.29729e-06  -9.79681e-19   2.34734e-06  -4.65211e-19   7.20643e-07  -1.95818e-19   2.13605e-07  -7.35292e-20   6.18181e-08  -2.47239e-20   1.76208e-08  -7.45666e-21   4.96661e-09  -2.01963e-21   1.38157e-09  -4.91861e-22   3.76704e-10  -1.07665e-22   9.97493e-11  -2.10592e-23   2.54133e-11  -3.61996e-24   6.18046e-12  -5.26654e-25   1.42611e-12  -5.89612e-26   3.10843e-13  -3.26895e-27    6.3801e-14    5.7451e-28   1.23034e-14   2.41062e-28   2.22529e-15   5.23868e-29   3.76955e-16   8.54446e-30   5.97264e-17   1.09334e-30   8.83999e-18   1.01494e-31    1.2205e-18   3.68358e-33   1.56944e-19  -1.01162e-33    1.8763e-20  -3.09068e-34   2.08118e-21  -5.57885e-35   2.13661e-22  -7.97619e-36   2.02452e-23  -9.72274e-37   1.76464e-24  -1.03996e-37   1.40937e-25   -9.8887e-39   1.02656e-26  -8.40791e-40   6.78068e-28   -6.4043e-41   4.03349e-29  -4.36652e-42   2.14213e-30  -2.65697e-43   1.00448e-31  -1.43564e-44   4.09776e-33  -6.83862e-46   1.42435e-34  -2.84354e-47   4.08582e-36  -1.01846e-48   9.13927e-38  -3.08616e-50   1.39542e-39  -7.71702e-52   7.30604e-42   -1.5358e-53  -2.71064e-43  -2.29894e-55  -8.19081e-45  -2.34152e-57  -1.00083e-46  -1.28986e-59  -4.24395e-49
 -0.000276262  -5.47155e-17   0.000767107   2.23222e-17    0.00660774  -5.74944e-17    -0.0111705  -2.29354e-16    -0.0177777  -3.41691e-17      0.011163   2.77317e-16     0.0271014   1.87756e-16     0.0135229  -6.02616e-17   -0.00654124   -7.3626e-17    -0.0153007   5.83463e-17    -0.0129062   1.13945e-16   -0.00665414   6.81835e-17   -0.00168098   3.83996e-18   0.000728845  -2.96208e-17    0.00130616  -3.35882e-17    0.00107427  -2.54563e-17   0.000675218  -1.66966e-17   0.000361267  -1.05515e-17    0.00017207   -6.5789e-18   7.47621e-05  -3.92275e-18   3.00956e-05  -2.15436e-18   1.13468e-05  -1.06899e-18   4.03857e-06  -4.77744e-19    1.3648e-06   -1.9306e-19   4.39686e-07  -7.08855e-20   1.35369e-07  -2.37405e-20    3.9873e-08  -7.28103e-21   1.12358e-08  -2.05538e-21    3.0262e-09  -5.37475e-22   7.77836e-10  -1.31039e-22   1.90439e-10   -2.9945e-23   4.43212e-11  -6.44053e-24   9.78508e-12   -1.3091e-24   2.04526e-12  -2.52696e-25   4.03963e-13  -4.65524e-26   7.52587e-14  -8.21185e-27   1.32018e-14  -1.38815e-27   2.17682e-15  -2.24603e-28   3.36787e-16  -3.47086e-29   4.88014e-17   -5.1082e-30   6.60978e-18  -7.13412e-31   8.34958e-19  -9.41491e-32   9.81262e-20  -1.16895e-32    1.0698e-20  -1.35987e-33   1.07835e-21  -1.47677e-34   1.00091e-22  -1.49187e-35   8.51242e-24  -1.39713e-36    6.5918e-25  -1.20846e-37   4.60947e-26   -9.6156e-39   2.87737e-27   -7.0069e-40   1.57586e-28  -4.65259e-41   7.35333e-30  -2.79877e-42   2.75206e-31  -1.51489e-43   6.88819e-33   -7.3178e-45  -5.26956e-36  -3.12317e-46  -1.25901e-35  -1.16285e-47  -8.51866e-37  -3.71595e-49  -3.69233e-38  -9.97139e-51  -1.17928e-39  -2.17959e-52  -2.81853e-41  -3.70938e-54  -4.87296e-43  -4.56377e-56  -5.57685e-45  -3.51084e-58  -3.37921e-47  -1.09142e-60
  -1.2976e-17  -0.000630244  -5.03656e-17    0.00274041   7.92375e-18     0.0048357  -1.26765e-16    -0.0144505  -2.65578e-16    -0.0147041   -3.9846e-17     0.0124518   1.87756e-16     0.0262284   7.79363e-17     0.0144748  -7.16247e-17    -0.0041389  -2.03637e-17    -0.0138729   9.38298e-17    -0.0133719   1.16368e-16   -0.00829818    6.1261e-17   -0.00346465   1.39135e-18  -0.000612178  -2.88551e-17   0.000504004  -3.38041e-17   0.000672695  -2.76662e-17    0.00050377  -1.96011e-17    0.00029904  -1.28473e-17   0.000153529  -7.87207e-18   7.07828e-05  -4.45616e-18   2.99068e-05  -2.30191e-18   1.17249e-05  -1.08024e-18    4.2999e-06  -4.61453e-19   1.48299e-06  -1.80236e-19   4.82693e-07  -6.46389e-20   1.48592e-07  -2.13623e-20   4.33127e-08   -6.5308e-21   1.19596e-08   -1.8555e-21   3.12784e-09  -4.92392e-22   7.74418e-10  -1.22574e-22   1.81368e-10  -2.87111e-23   4.01383e-11  -6.34074e-24   8.38423e-12  -1.32253e-24   1.65084e-12  -2.60947e-25   3.05953e-13  -4.87616e-26    5.3287e-14  -8.63102e-27   8.70617e-15  -1.44608e-27   1.33165e-15  -2.29061e-28   1.90233e-16  -3.42569e-29   2.53101e-17  -4.82979e-30   3.12552e-18  -6.40766e-31   3.56689e-19  -7.98226e-32   3.74039e-20  -9.31485e-33   3.57575e-21  -1.01569e-33   3.07983e-22  -1.03217e-34   2.34416e-23   -9.7481e-36   1.51943e-24  -8.52946e-37   7.65539e-26  -6.89004e-38    1.9951e-27  -5.11758e-39  -1.34895e-28  -3.47879e-40  -2.64596e-29  -2.15261e-41  -2.58355e-30   -1.2048e-42  -1.90478e-31  -6.05342e-44  -1.15092e-32  -2.70542e-45  -5.84061e-34  -1.06335e-46  -2.49988e-35  -3.62294e-48  -8.96267e-37  -1.04998e-49  -2.64881e-38   -2.5228e-51  -6.28302e-40  -4.84377e-53  -1.14608e-41  -7.01916e-55  -1.49492e-43  -6.94096e-57  -1.20683e-45  -3.72119e-59  -3.89684e-48
 -9.13458e-05  -6.66098e-18  -0.000608104  -1.52738e-17    0.00465876   9.05911e-18    0.00178186  -1.64075e-16    -0.0163046  -2.55646e-16    -0.0117928  -4.88599e-17     0.0135229   7.79363e-17     0.0256109  -2.49213e-17     0.0153779  -7.99363e-17   -0.00182106   1.46204e-17    -0.0121348   1.09637e-16    -0.0132486    1.1067e-16   -0.00942133   5.34895e-17   -0.00498269  -1.11625e-18   -0.00191908  -2.90426e-17  -0.000384767  -3.48506e-17   0.000158429  -2.98065e-17   0.000240765  -2.17284e-17   0.000177258  -1.42185e-17    0.00010156  -8.46367e-18   5.00431e-05  -4.58519e-18   2.20664e-05  -2.25953e-18   8.88553e-06  -1.01517e-18   3.30601e-06  -4.17698e-19   1.14486e-06  -1.58129e-19   3.70716e-07  -5.52896e-20   1.12577e-07  -1.79125e-20   3.21174e-08  -5.39502e-21   8.61629e-09  -1.51616e-21    2.1743e-09  -3.98979e-22   5.15999e-10  -9.85837e-23    1.1509e-10  -2.29122e-23   2.41013e-11  -5.01436e-24   4.73194e-12  -1.03428e-24   8.69383e-13  -2.01213e-25     1.491e-13  -3.69338e-26    2.3791e-14  -6.39504e-27   3.51624e-15   -1.0438e-27   4.78322e-16  -1.60451e-28   5.93173e-17  -2.32046e-29   6.60095e-18  -3.15344e-30   6.39903e-19  -4.02101e-31   5.04296e-20  -4.80243e-32   2.51106e-21  -5.36156e-33  -8.67109e-23  -5.58297e-34  -4.45106e-23  -5.40907e-35  -7.47317e-24  -4.86264e-36  -9.30097e-25  -4.04346e-37  -9.65861e-26  -3.09878e-38  -8.70002e-27  -2.17947e-39  -6.90352e-28  -1.39988e-40  -4.85312e-29  -8.16379e-42  -3.02357e-30  -4.29296e-43  -1.66397e-31  -2.01872e-44  -8.03828e-33  -8.40277e-46  -3.37672e-34  -3.05663e-47  -1.21751e-35  -9.55852e-49  -3.70101e-37  -2.51389e-50  -9.25064e-39  -5.39333e-52  -1.83319e-40  -9.02073e-54  -2.72064e-42  -1.09202e-55  -2.73313e-44  -8.27424e-58  -1.47549e-46  -2.53581e-60
  1.14128e-17  -0.000361843   8.09873e-18   0.000133527   3.12811e-17    0.00570662   1.85073e-17     -0.001703  -1.60848e-16    -0.0170572  -2.07423e-16   -0.00907875  -6.02616e-17     0.0144748  -2.49213e-17     0.0252183  -1.02448e-16     0.0162897  -8.30764e-17   0.000468504   3.26155e-17    -0.0100992   1.09364e-16    -0.0125343   9.83944e-17   -0.00993148    4.3729e-17   -0.00606665  -5.29723e-18   -0.00300618  -3.07891e-17   -0.00120472  -3.63929e-17  -0.000360362  -3.12896e-17  -4.80943e-05  -2.26841e-17   3.18394e-05  -1.45248e-17   3.42072e-05  -8.35496e-18   2.09962e-05  -4.34831e-18   1.03038e-05  -2.05788e-18    4.3872e-06  -8.90357e-19   1.67545e-06  -3.54083e-19   5.83551e-07  -1.30025e-19   1.87098e-07  -4.42439e-20   5.55156e-08  -1.39909e-20   1.52885e-08  -4.12334e-21   3.91217e-09  -1.13588e-21   9.29904e-10  -2.93234e-22   2.04959e-10  -7.10725e-23   4.17437e-11  -1.61916e-23   7.80905e-12   -3.4698e-24   1.32812e-12  -6.99842e-25   2.01563e-13   -1.3291e-25    2.6259e-14  -2.37692e-26   2.64482e-15  -4.00158e-27    1.1663e-16  -6.33779e-28  -3.08571e-17  -9.43604e-29  -1.15188e-17   -1.3194e-29  -2.51761e-18  -1.73064e-30  -4.40782e-19   -2.1265e-31  -6.66631e-20  -2.44359e-32  -8.96774e-21  -2.62092e-33  -1.08772e-21   -2.6181e-34  -1.19746e-22  -2.42969e-35  -1.19999e-23  -2.08887e-36  -1.09527e-24  -1.65822e-37  -9.09594e-26  -1.21081e-38  -6.85696e-27  -8.09574e-40  -4.67542e-28  -4.93043e-41  -2.86959e-29  -2.71788e-42  -1.57555e-30   -1.3459e-43  -7.67793e-32  -5.93269e-45    -3.288e-33  -2.30144e-46  -1.22175e-34  -7.74431e-48  -3.87446e-36  -2.21815e-49  -1.02567e-37  -5.27068e-51  -2.19756e-39  -1.00142e-52  -3.63949e-41  -1.43688e-54  -4.32105e-43  -1.40764e-56  -3.17535e-45  -7.48008e-59  -9.31092e-48
 -4.25472e-06   1.71892e-17  -0.000650364   2.68357e-17    0.00146683   7.16979e-17     0.0055742   3.10366e-17    -0.0050303  -1.21632e-16    -0.0170078  -1.40277e-16   -0.00654124  -7.16247e-17     0.0153779  -1.02448e-16       0.02504  -1.47759e-16     0.0172628  -8.05222e-17    0.00278834   3.79975e-17   -0.00776154   9.81493e-17     -0.011227   8.12695e-17   -0.00976577   3.13376e-17   -0.00658876  -1.17477e-17   -0.00372019  -3.38207e-17   -0.00181763  -3.77632e-17  -0.000780785  -3.16291e-17  -0.000296445  -2.23205e-17  -9.90425e-05  -1.38319e-17  -2.85808e-05   -7.6668e-18  -6.77197e-06  -3.83971e-18  -1.11152e-06  -1.75052e-18   9.67844e-10   -7.3123e-19   9.45515e-08  -2.81435e-19   4.79056e-08  -1.00235e-19   1.62778e-08  -3.31427e-20   4.21781e-09  -1.02011e-20   7.82955e-10  -2.93026e-21   5.15411e-11  -7.87417e-22  -3.64582e-11  -1.98336e-22  -2.23063e-11  -4.68915e-23  -8.40678e-12  -1.04149e-23  -2.55817e-12  -2.17438e-24  -6.75545e-13  -4.26902e-25  -1.59562e-13  -7.88392e-26  -3.42357e-14  -1.36947e-26  -6.73188e-15  -2.23669e-27  -1.21957e-15   -3.4327e-28  -2.04213e-16  -4.94666e-29  -3.16648e-17  -6.68693e-30  -4.55065e-18   -8.4698e-31  -6.06235e-19  -1.00377e-31  -7.48321e-20  -1.11113e-32  -8.55045e-21  -1.14659e-33  -9.03029e-22  -1.10046e-34  -8.79766e-23  -9.79799e-36  -7.88676e-24  -8.06837e-37  -6.48577e-25  -6.12348e-38  -4.87463e-26   -4.2657e-39  -3.33347e-27   -2.7143e-40  -2.06298e-28  -1.56858e-41  -1.14796e-29  -8.17638e-43  -5.69859e-31  -3.81255e-44  -2.49933e-32  -1.57415e-45  -9.56865e-34    -5.682e-47  -3.14896e-35  -1.76374e-48  -8.73013e-37  -4.60605e-50  -1.98387e-38  -9.81593e-52  -3.55312e-40   -1.6314e-53  -4.72054e-42  -1.96307e-55  -4.18386e-44  -1.47896e-57  -1.94892e-46  -4.50827e-60
   3.6256e-18  -0.000122529   1.71484e-17  -0.000654621   4.41601e-17    0.00292584   9.64827e-17    0.00438825    4.6465e-17   -0.00789553  -6.07164e-17    -0.0163745   -7.3626e-17    -0.0041389  -7.99363e-17     0.0162897  -1.47759e-16     0.0250808  -1.63334e-16     0.0183469  -7.32236e-17    0.00519277   3.54139e-17   -0.00511619   8.04195e-17     -0.009342   6.07302e-17   -0.00890769   1.64575e-17   -0.00648453  -1.99654e-17   -0.00396888  -3.72403e-17   -0.00213242  -3.82575e-17    -0.0010311  -3.05874e-17   -0.00045632  -2.07466e-17  -0.000187234  -1.23654e-17  -7.20011e-05  -6.59276e-18  -2.61987e-05  -3.17903e-18  -9.09667e-06  -1.39784e-18  -3.03534e-06  -5.64264e-19  -9.78249e-07  -2.10231e-19  -3.05281e-07  -7.25854e-20  -9.22354e-08  -2.32946e-20  -2.69157e-08  -6.96639e-21  -7.55708e-09  -1.94584e-21  -2.03247e-09  -5.08676e-22   -5.2136e-10  -1.24653e-22  -1.27069e-10  -2.86663e-23  -2.93324e-11  -6.19088e-24  -6.39656e-12   -1.2562e-24  -1.31503e-12  -2.39574e-25  -2.54439e-13  -4.29489e-26  -4.62656e-14  -7.23654e-27  -7.89566e-15  -1.14552e-27  -1.26306e-15  -1.70253e-28  -1.89147e-16  -2.37393e-29  -2.64798e-17  -3.10236e-30  -3.46028e-18  -3.79519e-31   -4.2135e-19  -4.33953e-32  -4.77162e-20   -4.6296e-33  -5.01432e-21  -4.59868e-34  -4.87712e-22  -4.24298e-35  -4.37752e-23   -3.6262e-36  -3.61329e-24  -2.86139e-37  -2.73168e-25  -2.07689e-38  -1.88251e-26  -1.38049e-39  -1.17591e-27  -8.35905e-41  -6.61302e-29   -4.5822e-42  -3.32083e-30  -2.25693e-43  -1.47409e-31  -9.89705e-45  -5.71101e-33   -3.8203e-46  -1.89981e-34  -1.27943e-47  -5.30951e-36  -3.64803e-49  -1.20945e-37  -8.63111e-51  -2.14684e-39  -1.63322e-52  -2.75982e-41  -2.33444e-54  -2.23201e-43  -2.27867e-56  -7.70445e-46  -1.20676e-58   7.08121e-49
  1.69162e-05   1.88071e-18  -0.000352407   1.33082e-17  -0.000191368   5.55601e-17    0.00403278   1.04969e-16    0.00246899   6.53294e-17    -0.0101772   4.18188e-18    -0.0153007  -2.03637e-17   -0.00182106  -8.30764e-17     0.0172628  -1.63334e-16     0.0253552  -1.56873e-16     0.0195845  -6.31731e-17    0.00771952   2.80852e-17   -0.00217865   5.90232e-17   -0.00693428   3.80012e-17   -0.00740701    6.5346e-20   -0.00577198  -2.86823e-17   -0.00374083  -3.99667e-17   -0.00212389  -3.73941e-17   -0.00108616  -2.82231e-17  -0.000509157  -1.82674e-17  -0.000221432  -1.04336e-17  -9.01265e-05  -5.34391e-18  -3.45519e-05  -2.48081e-18   -1.2534e-05  -1.05235e-18  -4.31561e-06  -4.10547e-19  -1.41291e-06  -1.48036e-19  -4.40182e-07  -4.95202e-20  -1.30489e-07  -1.54115e-20  -3.67843e-08  -4.47283e-21  -9.85041e-09  -1.21314e-21  -2.50273e-09   -3.0804e-22  -6.02512e-10  -7.33249e-23  -1.37256e-10  -1.63774e-23  -2.95486e-11  -3.43445e-24  -6.00382e-12  -6.76503e-25   -1.1499e-12  -1.25196e-25  -2.07341e-13  -2.17688e-26   -3.5152e-14  -3.55554e-27  -5.59596e-15  -5.45258e-28  -8.35291e-16  -7.84584e-29  -1.16725e-16   -1.0584e-29   -1.5244e-17  -1.33712e-30  -1.85696e-18   -1.5799e-31  -2.10532e-19  -1.74315e-32   -2.2159e-20  -1.79253e-33  -2.15888e-21   -1.7142e-34  -1.94034e-22  -1.52058e-35  -1.60233e-23  -1.24745e-36  -1.20996e-24  -9.43182e-38  -8.30644e-26  -6.54578e-39  -5.14714e-27  -4.14989e-40  -2.85279e-28   -2.3897e-41  -1.39739e-29  -1.24141e-42  -5.94941e-31   -5.7697e-44  -2.14708e-32  -2.37485e-45  -6.29156e-34  -8.54701e-47  -1.36354e-35   -2.6457e-48  -1.54446e-37  -6.89129e-50   2.44054e-39  -1.46502e-51   1.72301e-40  -2.42932e-53    4.4242e-42  -2.91708e-55   6.38977e-44  -2.19346e-57   4.56159e-46  -6.67469e-60
 -3.02912e-18  -1.22003e-05  -3.26636e-18  -0.000559735    8.5268e-18   0.000674018   5.84254e-17    0.00449786   1.01976e-16   0.000153301   8.55805e-17    -0.0118455   5.83463e-17    -0.0138729   1.46204e-17   0.000468504  -8.05222e-17     0.0183469  -1.56873e-16     0.0258792  -1.37555e-16      0.020999  -5.29995e-17     0.0103713   1.74241e-17   0.000990533   3.55268e-17   -0.00411977   1.44111e-17   -0.00539306  -1.62487e-17   -0.00455819  -3.63882e-17   -0.00310832  -4.11333e-17   -0.00183416  -3.50419e-17  -0.000968164  -2.48399e-17  -0.000465975  -1.52828e-17   -0.00020701  -8.34631e-18  -8.55915e-05  -4.10251e-18  -3.31261e-05  -1.83283e-18  -1.20484e-05  -7.49889e-19  -4.12926e-06  -2.82653e-19  -1.33578e-06  -9.85971e-20  -4.08261e-07  -3.19379e-20  -1.17944e-07  -9.63246e-21  -3.22079e-08  -2.71097e-21  -8.31173e-09  -7.13359e-22  -2.02611e-09   -1.7578e-22  -4.66243e-10  -4.06079e-23  -1.01209e-10  -8.80201e-24  -2.07071e-11  -1.79108e-24  -3.98937e-12  -3.42267e-25   -7.2296e-13  -6.14332e-26  -1.23094e-13  -1.03562e-26  -1.96652e-14  -1.63919e-27  -2.94332e-15   -2.4348e-28  -4.12002e-16  -3.39146e-29  -5.38283e-17   -4.4259e-30  -6.54853e-18  -5.40509e-31  -7.39742e-19  -6.16845e-32  -7.73302e-20  -6.56715e-33  -7.44972e-21  -6.50918e-34  -6.57914e-22  -5.99236e-35  -5.28995e-23  -5.10976e-36  -3.83614e-24  -4.02296e-37  -2.47453e-25  -2.91347e-38  -1.38834e-26  -1.93234e-39  -6.49156e-28  -1.16761e-40  -2.27169e-29  -6.38783e-42  -3.44127e-31  -3.14043e-43   2.64645e-32  -1.37476e-44   2.99155e-33  -5.29822e-46   1.81905e-34  -1.77181e-47   8.11401e-36   -5.0453e-49   2.80998e-37  -1.19229e-50   7.56284e-39  -2.25376e-52   1.53587e-40  -3.21848e-54   2.20448e-42  -3.13915e-56    1.9441e-44  -1.66141e-58    6.8278e-47
  1.40224e-05  -5.89915e-18  -0.000125272  -9.79608e-18  -0.000564877   3.65115e-18    0.00169657   5.27803e-17    0.00424119   9.35158e-17   -0.00227653   1.03072e-16    -0.0129062   9.38298e-17    -0.0121348   3.26155e-17    0.00278834  -7.32236e-17     0.0195845  -1.37555e-16     0.0266555  -1.13785e-16     0.0225776  -4.55225e-17     0.0130952   3.67511e-18    0.00426651   1.10305e-17   -0.00108537  -8.41166e-18   -0.00307183  -3.06917e-17   -0.00302626  -4.18158e-17   -0.00221013  -4.03146e-17   -0.00135624  -3.14044e-17  -0.000733568  -2.08754e-17  -0.000358345  -1.21853e-17  -0.000160387  -6.35453e-18  -6.63826e-05   -2.9952e-18  -2.55653e-05  -1.28713e-18  -9.20041e-06   -5.0772e-19  -3.10309e-06   -1.8482e-19  -9.82815e-07  -6.23402e-20  -2.92684e-07  -1.95448e-20  -8.20176e-08  -5.70972e-21   -2.1635e-08  -1.55749e-21  -5.37238e-09  -3.97395e-22  -1.25558e-09  -9.49757e-23  -2.76057e-10  -2.12831e-23  -5.70612e-11    -4.475e-24  -1.10787e-11  -8.83261e-25  -2.01815e-12  -1.63697e-25  -3.44456e-13  -2.84895e-26  -5.49897e-14  -4.65535e-27  -8.19351e-15  -7.13969e-28   -1.1364e-15  -1.02709e-28  -1.46207e-16  -1.38481e-29  -1.73702e-17  -1.74818e-30  -1.89379e-18  -2.06372e-31  -1.87761e-19  -2.27463e-32   -1.6689e-20  -2.33652e-33  -1.29673e-21  -2.23193e-34  -8.34672e-23  -1.97762e-35  -3.78132e-24  -1.62059e-36  -1.21616e-26  -1.22399e-37   2.15472e-26  -8.48586e-39   3.03817e-27   -5.3747e-40   2.88467e-28  -3.09233e-41   2.19548e-29  -1.60519e-42   1.40499e-30  -7.45572e-44   7.67603e-32  -3.06725e-45   3.58581e-33  -1.10346e-46   1.42259e-34  -3.41478e-48   4.72656e-36  -8.89311e-50    1.2861e-37   -1.8905e-51   2.76881e-39  -3.13506e-53   4.46162e-41  -3.76516e-55   4.86991e-43  -2.83193e-57   2.86173e-45    -8.621e-60
 -1.72296e-18   1.72541e-05  -9.00454e-18  -0.000295168  -1.60357e-17  -0.000270034  -2.12349e-18    0.00259194     4.127e-17    0.00333062   8.40005e-17   -0.00460187   1.13945e-16    -0.0133719   1.09637e-16    -0.0100992   3.79975e-17    0.00519277  -6.31731e-17      0.020999  -1.13785e-16     0.0276538  -9.22255e-17     0.0242509  -4.31083e-17      0.015768  -1.30152e-17    0.00745516   -1.3128e-17    0.00192089   -2.8628e-17  -0.000701482   -4.1717e-17   -0.00140218   -4.4243e-17   -0.00121773  -3.75588e-17  -0.000805532   -2.6908e-17  -0.000452382  -1.67795e-17  -0.000225004  -9.28602e-18  -0.000101269  -4.62082e-18  -4.17659e-05  -2.08737e-18  -1.59109e-05  -8.62408e-19  -5.62839e-06  -3.27831e-19  -1.85543e-06    -1.152e-19  -5.71375e-07  -3.75579e-20  -1.64621e-07  -1.13924e-20  -4.44156e-08  -3.22251e-21  -1.12261e-08  -8.51668e-22  -2.65786e-09  -2.10636e-22  -5.89126e-10  -4.88103e-23  -1.22129e-10   -1.0607e-23  -2.36424e-11  -2.16291e-24  -4.26439e-12  -4.14014e-25  -7.14394e-13  -7.44056e-26  -1.10651e-13  -1.25546e-26  -1.57388e-14  -1.98839e-27  -2.03395e-15   -2.9546e-28   -2.3443e-16  -4.11626e-29  -2.32211e-17  -5.37187e-30  -1.79586e-18  -6.55968e-31   -6.7999e-20  -7.48471e-32   9.56245e-21  -7.96668e-33   2.86474e-21   -7.8945e-34   4.66692e-22  -7.26611e-35   5.96917e-23  -6.19474e-36   6.50053e-24  -4.87645e-37   6.20831e-25  -3.53123e-38   5.26439e-26  -2.34199e-39   3.98152e-27  -1.41521e-40   2.68618e-28  -7.74351e-42   1.61186e-29  -3.80787e-43   8.55488e-31  -1.66755e-44   3.98316e-32  -6.42959e-46   1.60863e-33   -2.1514e-47   5.54935e-35  -6.13033e-49   1.60121e-36  -1.44981e-50   3.75077e-38   -2.7429e-52   6.82009e-40  -3.92068e-54   8.93914e-42  -3.82792e-56   7.30308e-44  -2.02814e-58   2.40208e-46
