  2.7921e-14  1.42495e-25 -8.11528e-13 -4.94859e-24  9.34024e-12   4.7625e-23 -6.56122e-11 -2.79849e-22  3.23576e-10  1.20656e-21 -1.19834e-09 -4.06136e-21  3.45527e-09  1.10034e-20 -7.89749e-09 -2.44395e-20  1.43613e-08  4.49605e-20 -2.05155e-08 -6.86996e-20  2.20849e-08  8.66802e-20 -1.58135e-08 -8.86031e-20  3.52814e-09  6.99816e-20  7.37677e-09  -3.7098e-20 -9.66462e-09  4.33613e-21  3.46824e-09  1.51946e-20  3.58289e-09 -1.80323e-20 -4.64091e-09  1.06292e-20  6.87919e-10 -2.31912e-21  2.29036e-09 -1.70906e-21 -1.45786e-09  1.80406e-21 -5.79622e-10 -6.24458e-22  9.03641e-10 -8.87588e-23 -6.77436e-12  1.70291e-22 -3.64029e-10 -5.57699e-23  6.86043e-11 -4.60555e-24   1.0482e-10  7.93618e-24 -2.54175e-11 -1.68652e-24 -1.99393e-11 -7.52471e-26  2.74181e-12  5.78468e-26  1.09615e-12
 1.42495e-25  1.15582e-12  2.96997e-24 -1.91142e-11 -5.83256e-23  1.67519e-10  4.26804e-22 -9.74843e-10  -2.1026e-21  4.14101e-09  7.92034e-21 -1.34871e-08 -2.38099e-20  3.45715e-08  5.84607e-20 -7.04915e-08 -1.18998e-19  1.13888e-07  2.02491e-19 -1.42252e-07 -2.88566e-19   1.2799e-07   3.4245e-19 -6.39862e-08 -3.32787e-19 -1.77588e-08  2.54605e-19  6.35842e-08 -1.37992e-19 -4.66805e-08  3.13764e-20 -3.65706e-09  2.92885e-20  3.25339e-08 -4.01517e-20 -1.89695e-08  2.33045e-20 -8.20021e-09 -4.46318e-21  1.48083e-08 -4.01772e-21 -2.21763e-09   3.7847e-21 -6.53643e-09 -1.15786e-21  3.14828e-09 -2.47495e-22  1.93847e-09  3.36841e-22 -1.62064e-09  -9.3153e-23  -3.9653e-10 -1.44044e-23  5.04418e-10   1.4936e-23   6.3482e-11 -2.99389e-24 -8.17735e-11 -6.00571e-26 -8.37263e-12  8.86152e-26
-8.11528e-13  2.96997e-24  2.35895e-11  2.47183e-23 -2.71518e-10 -3.32069e-22  1.90735e-09   1.9427e-21 -9.40597e-09 -8.21129e-21  3.48301e-08  2.74215e-20 -1.00407e-07 -7.43915e-20  2.29406e-07  1.66846e-19 -4.16902e-07 -3.13205e-19  5.94889e-07    4.954e-19 -6.38986e-07 -6.60652e-19  4.54904e-07  7.38141e-19 -9.67399e-08 -6.79377e-19 -2.19439e-07  4.95552e-19   2.8309e-07 -2.58671e-19 -9.95157e-08  5.95087e-20 -1.07253e-07  4.65688e-20  1.37086e-07 -6.37083e-20 -1.98002e-08  3.56461e-20 -6.82204e-08 -6.03002e-21  4.34844e-08 -6.43774e-21  1.71163e-08  5.56569e-21  -2.7079e-08 -1.50848e-21  4.85946e-10 -4.57067e-22  1.08618e-08  4.83728e-22 -2.24094e-09 -1.10832e-22 -3.08304e-09 -3.00601e-23  8.35564e-10  2.32916e-23  5.73775e-10  -4.7779e-24 -9.82821e-11 -1.18319e-25 -3.15387e-11
-4.94859e-24 -1.91142e-11  2.47183e-23  3.16118e-10  1.16584e-22 -2.77062e-09  -1.1223e-21  1.61232e-08  5.31932e-21 -6.84877e-08 -1.95129e-20  2.23044e-07  5.83802e-20 -5.71641e-07 -1.44262e-19  1.16525e-06  2.98379e-19 -1.88162e-06 -5.22307e-19  2.34786e-06  7.78107e-19 -2.10743e-06   -9.864e-19  1.04399e-06  1.05715e-18  3.10229e-07  -9.4186e-19  -1.0647e-06  6.71358e-19  7.76092e-07 -3.46382e-19  6.62905e-08  8.16617e-20 -5.47881e-07  5.74746e-20  3.19232e-07 -8.03156e-20  1.37871e-07  4.45234e-20 -2.50689e-07 -6.80395e-21  3.94137e-08 -8.58502e-21  1.10032e-07  6.90494e-21  -5.4836e-08 -1.58609e-21 -3.17629e-08  -7.3918e-22  2.81006e-08  6.13267e-22  5.97286e-09  -1.0745e-22  -8.7028e-09 -5.48851e-23 -7.90409e-10  3.45505e-23  1.41358e-09 -6.08445e-24   9.9691e-11 -4.83008e-25
 9.34024e-12 -5.83256e-23 -2.71518e-10  1.16584e-22  3.12537e-09  3.29216e-22  -2.1956e-08 -2.13021e-21  1.08279e-07  7.77029e-21 -4.00964e-07 -2.45533e-20  1.15589e-06  6.65358e-20 -2.64087e-06 -1.52408e-19  4.79878e-06  2.98587e-19 -6.84564e-06 -5.06154e-19  7.34765e-06  7.44954e-19 -5.21806e-06 -9.49771e-19  1.08177e-06  1.04002e-18  2.56608e-06 -9.59313e-19 -3.29177e-06  7.15543e-19  1.15426e-06 -3.91128e-19  1.25382e-06  1.04448e-19 -1.60705e-06  5.84245e-20  2.40822e-07  -9.0376e-20  7.96697e-07  5.02049e-20 -5.18962e-07 -5.94836e-21  -1.9238e-07 -1.12038e-20  3.20917e-07  7.95689e-21 -1.31428e-08 -1.32289e-21 -1.26812e-07    -1.11e-21  3.01833e-08  7.00595e-22   3.5014e-08 -6.48516e-23 -1.11245e-08 -9.37511e-23 -6.27257e-09  4.51458e-23  1.40836e-09 -4.18187e-24  3.40673e-10
  4.7625e-23  1.67519e-10 -3.32069e-22 -2.77062e-09  3.29216e-22  2.42845e-08  4.23997e-22 -1.41331e-07 -3.55539e-22  6.00399e-07 -3.04302e-21 -1.95557e-06   1.1856e-20  5.01273e-06 -2.81271e-20 -1.02201e-05  4.86032e-20  1.65067e-05 -5.16052e-20 -2.06008e-05 -4.00141e-21    1.849e-05  1.54315e-19 -9.14161e-06 -3.91099e-19 -2.77847e-06  6.34563e-19  9.43509e-06 -7.58664e-19 -6.89696e-06  6.76099e-19 -5.60685e-07 -4.17952e-19  4.86876e-06  1.23648e-19 -2.88431e-06  6.40194e-20 -1.18637e-06 -1.02112e-19  2.24724e-06  5.27457e-20  -3.9642e-07 -1.45785e-21 -9.67496e-07 -1.48113e-20  5.14477e-07  8.33587e-21  2.64951e-07 -5.67831e-22 -2.59003e-07 -1.42879e-21 -4.22543e-08  6.13565e-22   7.9021e-08  6.11265e-23  3.22152e-09 -1.45538e-22 -1.27442e-08  4.53679e-23 -3.53992e-10  7.59829e-25
-6.56122e-11  4.26804e-22  1.90735e-09  -1.1223e-21  -2.1956e-08  4.23997e-22  1.54257e-07 -7.83065e-22 -7.60839e-07  1.21637e-20  2.81803e-06  -5.0424e-20 -8.12612e-06   1.4051e-19  1.85733e-05 -3.14028e-19 -3.37686e-05  5.75427e-19  4.82087e-05 -8.56518e-19 -5.17992e-05  1.01743e-18  3.68459e-05 -9.11738e-19 -7.67565e-06   4.9762e-19 -1.81674e-05  7.85152e-20  2.34413e-05  -5.3595e-19  -8.3828e-06  6.52781e-19 -8.80067e-06  -4.3845e-19  1.15338e-05   1.1269e-19    -1.92e-06   9.4161e-20 -5.60993e-06 -1.16964e-19  3.82675e-06  4.67826e-20  1.24816e-06  8.32017e-21 -2.31669e-06  -1.7515e-20  1.83513e-07  6.49201e-21  8.89024e-07  7.81801e-22 -2.56168e-07   -1.334e-21 -2.33969e-07  1.69506e-22   9.1739e-08  2.96399e-22  3.91737e-08 -1.92701e-22 -1.22386e-08  2.83797e-23 -2.04187e-09
-2.79849e-22 -9.74843e-10   1.9427e-21  1.61232e-08 -2.13021e-21 -1.41331e-07 -7.83065e-22  8.22642e-07  -5.8781e-21 -3.49561e-06  4.62661e-20  1.13899e-05 -1.54796e-19 -2.92121e-05  3.88641e-19  5.96049e-05 -8.06767e-19 -9.63786e-05  1.38609e-18  0.000120485 -1.96323e-18 -0.000108443  2.26882e-18  5.39876e-05 -2.05426e-18  1.59068e-05  1.29048e-18 -5.54413e-05 -2.82033e-19  4.11347e-05 -4.83774e-19  2.61612e-06  6.87366e-19 -2.85822e-05  -4.1407e-19  1.75751e-05  3.35287e-20  6.45955e-06  1.51077e-19 -1.33597e-05 -1.16959e-19  2.80626e-06  2.09619e-20  5.53864e-06  2.19995e-20 -3.25873e-06 -1.45218e-20  -1.3795e-06   6.5651e-22  1.58665e-06  2.31481e-21  1.49892e-07  -4.0671e-22 -4.70188e-07 -6.70539e-22  1.29997e-08  5.92905e-22  7.40906e-08 -2.04899e-22 -2.17063e-09  3.86655e-24
 3.23576e-10  -2.1026e-21 -9.40597e-09  5.31932e-21  1.08279e-07 -3.55539e-22 -7.60839e-07  -5.8781e-21  3.75368e-06 -1.76978e-20 -1.39091e-05  1.05415e-19  4.01345e-05 -3.08389e-19 -9.18193e-05  7.21063e-19  0.000167168 -1.40805e-18 -0.000239142  2.27673e-18  0.000257804 -3.05156e-18 -0.000184608  3.34123e-18  4.00859e-05 -2.83508e-18  8.94173e-05  1.60689e-18 -0.000117706 -2.11378e-19  4.40477e-05 -6.56251e-19  4.24479e-05  7.04374e-19 -5.83293e-05 -2.50304e-19  1.14776e-05 -1.44974e-19  2.72793e-05  2.05404e-19 -2.00793e-05 -6.67229e-20 -5.18275e-06 -3.36962e-20  1.16936e-05  3.21496e-20  -1.5946e-06 -5.86886e-22 -4.26899e-06  -8.8224e-21   1.5573e-06  2.86002e-21  1.03395e-06  1.41521e-21  -5.3317e-07  -1.6746e-21 -1.51678e-07  8.41979e-22   7.2925e-08 -1.63922e-22  6.95676e-09
 1.20656e-21  4.14101e-09 -8.21129e-21 -6.84877e-08  7.77029e-21  6.00399e-07  1.21637e-20 -3.49561e-06 -1.76978e-20  1.48604e-05 -3.57394e-20 -4.84545e-05  1.73849e-19  0.000124403 -4.71555e-19 -0.000254225  1.06859e-18  0.000412009 -1.99903e-18 -0.000516896  3.07954e-18  0.000468203 -3.92109e-18 -0.000237254  3.99644e-18 -6.31281e-05 -2.98316e-18  0.000237408  1.21131e-18 -0.000181445  3.80963e-19 -5.40886e-06 -9.57545e-19  0.000121637  5.19134e-19   -7.958e-05  1.71824e-19 -2.37494e-05 -4.15579e-19  5.78218e-05  1.93835e-19 -1.51521e-05  6.59548e-20 -2.24707e-05 -1.08342e-19  1.52952e-05  2.53056e-20  4.68536e-06  2.49507e-20 -7.06723e-06 -1.79992e-20 -2.65452e-08  1.34748e-21   1.9909e-06  3.50003e-21 -2.40666e-07 -2.48876e-21 -2.97334e-07  9.46541e-22  3.25135e-08 -8.63073e-23
-1.19834e-09  7.92034e-21  3.48301e-08 -1.95129e-20 -4.00964e-07 -3.04302e-21  2.81803e-06  4.62661e-20 -1.39091e-05 -3.57394e-20  5.15765e-05 -5.29413e-20 -0.000148989  2.27765e-19  0.000341415 -6.37582e-19 -0.000623097  1.46575e-18  0.000894665 -2.66886e-18 -0.000970406  3.94953e-18  0.000703884 -4.71363e-18 -0.000165763  4.22252e-18 -0.000326154 -2.30582e-18  0.000446234 -9.80388e-20 -0.000179789  1.48816e-18 -0.000149006 -1.15771e-18  0.000222387  -1.0856e-19 -5.42737e-05  9.10178e-19 -9.71757e-05 -6.85722e-19  8.02041e-05  3.65113e-20  1.32613e-05  2.76195e-19 -4.39374e-05 -1.67391e-19  9.58207e-06 -9.71681e-21  1.47679e-05  5.38921e-20 -7.16039e-06  -2.1463e-20 -3.06064e-06 -1.61667e-21  2.30253e-06  4.86135e-21  3.19748e-07 -2.93563e-21 -3.11672e-07  8.59365e-22 -7.24877e-09
-4.06136e-21 -1.34871e-08  2.74215e-20  2.23044e-07 -2.45533e-20 -1.95557e-06  -5.0424e-20  1.13899e-05  1.05415e-19 -4.84545e-05 -5.29413e-20  0.000158171 -6.21864e-20 -0.000406783  2.98983e-19  0.000833379 -9.70031e-19  -0.00135571  2.24641e-18     0.001711 -3.94087e-18  -0.00156669  5.49452e-18   0.00081848 -5.82518e-18   0.00017636  3.98616e-18 -0.000777409 -4.86898e-19  0.000623398 -2.50207e-18 -1.41528e-05  2.90949e-18 -0.000392668 -8.74463e-19  0.000281741 -1.36038e-18  5.71713e-05  1.84139e-18 -0.000190693 -7.64617e-19  6.45493e-05 -3.10116e-19  6.64813e-05  4.96775e-19 -5.56387e-05 -1.63635e-19 -9.24995e-06 -6.77213e-20   2.3797e-05  7.16553e-20 -2.73255e-06 -1.75669e-20 -6.14128e-06 -3.56194e-21   1.5655e-06  5.12106e-21  8.12512e-07  -3.0553e-21  -1.9559e-07  5.72718e-22
 3.45527e-09 -2.38099e-20 -1.00407e-07  5.83802e-20  1.15589e-06   1.1856e-20 -8.12612e-06 -1.54796e-19  4.01345e-05  1.73849e-19 -0.000148989 -6.21864e-20  0.000431122 -8.28014e-20 -0.000990473  5.72587e-19   0.00181456 -1.91261e-18  -0.00262065  4.13242e-18   0.00287034 -6.75326e-18  -0.00212517   8.5073e-18  0.000564014 -7.45654e-18  0.000907906  2.89505e-18  -0.00132547  2.89858e-18  0.000592601 -5.88433e-18  0.000386469  4.05064e-18 -0.000662215  3.60381e-19  0.000207316 -3.17523e-18   0.00025842  2.60364e-18 -0.000252443 -4.49603e-19 -1.17554e-05 -7.83939e-19  0.000126124  6.15081e-19 -4.22683e-05 -7.58784e-20 -3.67178e-05 -1.22061e-19  2.54591e-05  6.83948e-20  5.23968e-06 -1.14794e-20 -7.49974e-06  -2.4846e-21  1.17446e-07  4.92542e-21  9.52348e-07 -2.81301e-21  -5.7419e-08
 1.10034e-20  3.45715e-08 -7.43915e-20 -5.71641e-07  6.65358e-20  5.01273e-06   1.4051e-19 -2.92121e-05 -3.08389e-19  0.000124403  2.27765e-19 -0.000406783 -8.28014e-20   0.00104886 -1.95128e-19  -0.00215706  1.41185e-18   0.00352926 -4.11709e-18  -0.00449493  8.04624e-18   0.00418442 -1.20205e-17  -0.00228764  1.32845e-17 -0.000321994 -9.03418e-18   0.00199354  9.22894e-20  -0.00171762  8.03118e-18  0.000166323 -9.46953e-18  0.000979178  3.93713e-18 -0.000801263  2.82043e-18 -6.44306e-05 -5.09562e-18  0.000487992  2.71681e-18 -0.000219964  3.07326e-19 -0.000140066 -1.20021e-18  0.000159703  5.42291e-19  3.93225e-07  6.18716e-20 -6.08599e-05 -1.40999e-19  1.68425e-05  4.99247e-20  1.33001e-05 -1.12443e-20 -6.41637e-06   6.8449e-22 -1.24826e-06  4.99158e-21  7.32366e-07 -1.97607e-21
-7.89749e-09  5.84607e-20  2.29406e-07 -1.44262e-19 -2.64087e-06 -2.81271e-20  1.85733e-05  3.88641e-19 -9.18193e-05 -4.71555e-19  0.000341415  2.98983e-19 -0.000990473 -1.95128e-19   0.00228429 -5.36954e-19  -0.00420881  3.21832e-18   0.00613185 -8.18927e-18  -0.00681431  1.46896e-17   0.00519928 -1.99313e-17  -0.00160793  1.89271e-17  -0.00193549 -8.98945e-18   0.00314264 -5.36325e-18  -0.00160934  1.43405e-17 -0.000715285 -1.17894e-17   0.00156357  1.65851e-18 -0.000643961  6.20704e-18  -0.00050112 -6.33824e-18  0.000634544  1.87495e-18 -6.46208e-05  1.28595e-18 -0.000275193 -1.34127e-18  0.000141252  2.90036e-19  5.96223e-05  1.74679e-19 -6.99962e-05 -1.15282e-19  8.45901e-07  3.52734e-20  1.80308e-05 -1.98203e-20 -3.64136e-06  2.91537e-21 -1.91594e-06  4.94492e-21  3.65586e-07
-2.44395e-20 -7.04915e-08  1.66846e-19  1.16525e-06 -1.52408e-19 -1.02201e-05 -3.14028e-19  5.96049e-05  7.21063e-19 -0.000254225 -6.37582e-19  0.000833379  5.72587e-19  -0.00215706 -5.36954e-19   0.00446147 -1.23541e-18   -0.0073622  6.24475e-18   0.00950342 -1.44987e-17  -0.00906192  2.41598e-17   0.00527461 -2.94451e-17  0.000214521  2.32231e-17  -0.00402402 -5.30533e-18   0.00384959 -1.36958e-17    -0.000756  2.02562e-17  -0.00187192 -1.12224e-17   0.00184972 -2.94347e-18 -0.000131266  9.52696e-18 -0.000961219 -6.17537e-18  0.000600755  2.19932e-19  0.000179171  2.07421e-18  -0.00035993 -1.10902e-18  7.00763e-05 -1.87556e-20  0.000113403  2.00717e-19  -6.0453e-05 -6.85402e-20 -1.62135e-05  4.03631e-20    1.819e-05 -3.20624e-20 -6.11902e-07  2.51122e-21 -1.77692e-06  3.67336e-21
 1.43613e-08 -1.18998e-19 -4.16902e-07  2.98379e-19  4.79878e-06  4.86032e-20 -3.37686e-05 -8.06767e-19  0.000167168  1.06859e-18 -0.000623097 -9.70031e-19   0.00181456  1.41185e-18  -0.00420881 -1.23541e-18    0.0078207 -2.34343e-18   -0.0115417  1.06255e-17    0.0130999  -2.3225e-17   -0.0104266  3.57918e-17   0.00386022 -3.83547e-17    0.0030594   2.3398e-17  -0.00596762  3.29269e-18   0.00362507 -2.37169e-17  0.000782467  2.36097e-17  -0.00291487 -6.92504e-18   0.00162368 -8.86597e-18   0.00062164  1.14855e-17  -0.00126498 -4.42331e-18   0.00036896 -1.65441e-18  0.000430559  2.31745e-18 -0.000360798 -6.10098e-19  -2.9866e-05   -2.287e-19  0.000144567  1.36065e-19 -3.73084e-05 -3.67654e-20 -2.88833e-05  6.45305e-20  1.47654e-05 -4.00624e-20  1.51102e-06  6.64632e-22 -1.10706e-06
 4.49605e-20  1.13888e-07 -3.13205e-19 -1.88162e-06  2.98587e-19  1.65067e-05  5.75427e-19 -9.63786e-05 -1.40805e-18  0.000412009  1.46575e-18  -0.00135571 -1.91261e-18   0.00352926  3.21832e-18   -0.0073622 -2.34343e-18    0.0123043 -3.88955e-18   -0.0161993  1.66291e-17    0.0159859 -3.44046e-17   -0.0101083  4.81614e-17  0.000865409  -4.3932e-17    0.0062802  1.74405e-17  -0.00702405  1.62258e-17   0.00230398 -3.29203e-17   0.00259949  2.26752e-17  -0.00344545  4.50993e-19  0.000891582 -1.42614e-17   0.00137858  1.12241e-17  -0.00130146 -1.64118e-18  1.04317e-05 -3.02857e-18  0.000612519  1.94608e-18  -0.00028363 -8.58541e-20  -0.00012772 -2.53853e-19  0.000148431  2.72326e-20  -9.2861e-06 -3.87514e-20 -3.47976e-05   9.3762e-20  9.74552e-06 -3.97551e-20  2.26771e-06 -3.82677e-22
-2.05155e-08  2.02491e-19  5.94889e-07 -5.22307e-19 -6.84564e-06 -5.16052e-20  4.82087e-05  1.38609e-18 -0.000239142 -1.99903e-18  0.000894665  2.24641e-18  -0.00262065 -4.11709e-18   0.00613185  6.24475e-18   -0.0115417 -3.88955e-18    0.0173654 -6.01064e-18   -0.0203279  2.47177e-17    0.0171557 -4.76418e-17  -0.00777128  5.92251e-17  -0.00313395 -4.39416e-17   0.00893269  5.30472e-18  -0.00673498  3.08944e-17  0.000195179 -3.85718e-17   0.00414172  1.72292e-17   -0.0032862  8.87841e-18 -0.000123629 -1.73903e-17   0.00192252  8.84817e-18  -0.00108211  1.17626e-18 -0.000367857 -3.47477e-18  0.000690721  1.18745e-18 -0.000159658   2.4963e-19  -0.00020228 -1.10806e-19  0.000130207 -7.34508e-20  1.61371e-05 -6.84814e-20 -3.43464e-05  1.13321e-19  4.96912e-06 -3.18006e-20  1.75734e-06
-6.86996e-20 -1.42252e-07    4.954e-19  2.34786e-06 -5.06154e-19 -2.06008e-05 -8.56518e-19  0.000120485  2.27673e-18 -0.000516896 -2.66886e-18     0.001711  4.13242e-18  -0.00449493 -8.18927e-18   0.00950342  1.06255e-17   -0.0161993 -6.01064e-18    0.0219744 -8.96809e-18   -0.0227903  3.50972e-17    0.0160503 -6.16861e-17  -0.00385188  6.68047e-17  -0.00708015 -3.76623e-17    0.0102597  -1.0779e-17  -0.00520416  4.37806e-17  -0.00208053 -3.91572e-17    0.0050202  8.78845e-18  -0.00255771  1.59754e-17  -0.00113333 -1.75406e-17   0.00216454  5.30054e-18 -0.000703156  3.18057e-18 -0.000685599 -3.03019e-18  0.000673314  3.74651e-19 -2.21834e-05  3.12061e-19 -0.000245765  1.28478e-19  9.88466e-05 -1.37605e-19  3.45456e-05 -1.08589e-19 -2.93971e-05  1.14354e-19  1.60666e-06 -1.91525e-20
 2.20849e-08 -2.88566e-19 -6.38986e-07  7.78107e-19  7.34765e-06 -4.00141e-21 -5.17992e-05 -1.96323e-18  0.000257804  3.07954e-18 -0.000970406 -3.94087e-18   0.00287034  8.04624e-18  -0.00681431 -1.44987e-17    0.0130999  1.66291e-17   -0.0203279 -8.96809e-18    0.0249491  -1.2928e-17   -0.0228739  4.71149e-17      0.01295 -7.45332e-17  0.000567081   6.9457e-17  -0.00996984 -2.63583e-17    0.0101004 -2.72569e-17  -0.00300929  5.21974e-17  -0.00395816 -3.51054e-17   0.00518593 -2.60674e-19  -0.00154706  2.02206e-17  -0.00194573 -1.52121e-17   0.00214131  1.71419e-18 -0.000268381  4.04407e-18 -0.000910292 -2.03239e-18  0.000587219 -2.47111e-19  0.000105321   1.2649e-19 -0.000259452  3.91428e-19  6.30231e-05 -1.57348e-19  4.43843e-05 -1.40959e-19 -2.21617e-05  9.44426e-20  1.59854e-07
 8.66802e-20   1.2799e-07 -6.60652e-19 -2.10743e-06  7.44954e-19    1.849e-05  1.01743e-18 -0.000108443 -3.05156e-18  0.000468203  3.94953e-18  -0.00156669 -6.75326e-18   0.00418442  1.46896e-17  -0.00906192  -2.3225e-17    0.0159859  2.47177e-17   -0.0227903  -1.2928e-17    0.0255227 -1.76844e-17   -0.0207407  5.92338e-17   0.00890722 -8.42885e-17   0.00431776  6.72218e-17   -0.0113808 -1.27254e-17   0.00890018 -4.09907e-17 -0.000810062  5.54457e-17  -0.00520496 -2.82234e-17   0.00484727 -7.97772e-18 -0.000506376   2.1445e-17  -0.00251145 -1.15132e-17   0.00193765 -1.16511e-18  0.000154823  3.88901e-18    -0.001041 -8.43154e-19  0.000460087 -5.68391e-19  0.000209424 -2.35302e-19 -0.000249144  6.18559e-19  2.94584e-05 -1.37606e-19  4.60205e-05 -1.49003e-19 -1.46962e-05  5.74753e-20
-1.58135e-08   3.4245e-19  4.54904e-07   -9.864e-19 -5.21806e-06  1.54315e-19  3.68459e-05  2.26882e-18 -0.000184608 -3.92109e-18  0.000703884  5.49452e-18  -0.00212517 -1.20205e-17   0.00519928  2.41598e-17   -0.0104266 -3.44046e-17    0.0171557  3.50972e-17   -0.0228739 -1.76844e-17    0.0238133 -2.26432e-17   -0.0174009  6.97965e-17   0.00517743  -9.0159e-17   0.00676714  6.15626e-17   -0.0115866  4.84906e-19   0.00732535 -5.05854e-17   0.00101652  5.45531e-17    -0.005907 -2.03894e-17   0.00425181 -1.35813e-17  0.000443039  2.03512e-17  -0.00286071 -7.41194e-18   0.00162535 -3.06859e-18  0.000531881  2.99126e-18  -0.00108902  2.85016e-19  0.000315153 -5.72451e-19  0.000284166 -6.78012e-19 -0.000222251  7.65334e-19  2.68913e-06 -9.74544e-20  4.10933e-05 -1.25579e-19 -8.18315e-06
-8.86031e-20 -6.39862e-08  7.38141e-19  1.04399e-06 -9.49771e-19 -9.14161e-06 -9.11738e-19  5.39876e-05  3.34123e-18 -0.000237254 -4.71363e-18   0.00081848   8.5073e-18  -0.00228764 -1.99313e-17   0.00527461  3.57918e-17   -0.0101083 -4.76418e-17    0.0160503  4.71149e-17   -0.0207407 -2.26432e-17    0.0208127 -2.71426e-17   -0.0141459  7.79314e-17   0.00253529 -9.26926e-17   0.00802724   5.4427e-17   -0.0111998  1.16995e-17   0.00583183 -5.63615e-17   0.00243851  5.09908e-17  -0.00625584 -1.26566e-17   0.00354756 -1.71479e-17   0.00127226  1.77015e-17  -0.00303427 -3.46925e-18   0.00125388 -3.96037e-18   0.00084523  1.60267e-18  -0.00107036  1.19881e-18  0.000170495 -3.16261e-19  0.000328745  -1.0949e-18 -0.000186255  8.17401e-19 -1.48723e-05 -6.06231e-20  3.18626e-05 -7.40871e-20
 3.52814e-09 -3.32787e-19 -9.67399e-08  1.05715e-18  1.08177e-06 -3.91099e-19 -7.67565e-06 -2.05426e-18  4.00859e-05  3.99644e-18 -0.000165763 -5.82518e-18  0.000564014  1.32845e-17  -0.00160793 -2.94451e-17   0.00386022  4.81614e-17  -0.00777128 -6.16861e-17      0.01295  5.92338e-17   -0.0174009 -2.71426e-17    0.0178213 -3.08254e-17   -0.0118274  8.37937e-17  0.000989744 -9.30793e-17   0.00863636  4.71662e-17   -0.0106973  2.07156e-17   0.00453186 -5.92154e-17   0.00357606  4.56212e-17  -0.00637958 -5.36783e-18   0.00279495 -1.88821e-17   0.00197607  1.39627e-17  -0.00306533 -2.62759e-20  0.000860822 -3.86938e-18   0.00108801  -5.6335e-20  -0.00100264  1.83587e-18  3.90949e-05  7.96132e-20  0.000345733 -1.40654e-18 -0.000147877  7.85694e-19 -2.31053e-05 -3.60032e-20   1.9176e-05
 6.99816e-20 -1.77588e-08 -6.79377e-19  3.10229e-07  1.04002e-18 -2.77847e-06   4.9762e-19  1.59068e-05 -2.83508e-18 -6.31281e-05  4.22252e-18   0.00017636 -7.45654e-18 -0.000321994  1.89271e-17  0.000214521 -3.83547e-17  0.000865409  5.92251e-17  -0.00385188 -7.45332e-17   0.00890722  6.97965e-17   -0.0141459 -3.08254e-17    0.0157143 -3.37273e-17   -0.0105254  8.80127e-17  6.69787e-05  -9.2191e-17   0.00905988  4.01574e-17   -0.0102282  2.79103e-17   0.00335978 -5.95707e-17   0.00451454  3.86953e-17  -0.00633186  1.20906e-18   0.00203061 -1.87923e-17    0.0025515  9.48477e-18  -0.00298638  2.63161e-18  0.000474645 -2.90657e-18   0.00126134 -1.80073e-18 -0.000902802  2.22962e-18 -7.05471e-05   4.9111e-19  0.000340054 -1.56929e-18 -0.000111556   6.7438e-19 -2.22242e-05 -2.63546e-20
 7.37677e-09  2.54605e-19 -2.19439e-07  -9.4186e-19  2.56608e-06  6.34563e-19 -1.81674e-05  1.29048e-18  8.94173e-05 -2.98316e-18 -0.000326154  3.98616e-18  0.000907906 -9.03418e-18  -0.00193549  2.32231e-17    0.0030594  -4.3932e-17  -0.00313395  6.68047e-17  0.000567081 -8.42885e-17   0.00517743  7.79314e-17   -0.0118274 -3.37273e-17    0.0145948 -3.60456e-17  -0.00980671  9.09604e-17 -0.000678365  -9.0179e-17    0.0094538  3.32431e-17  -0.00975229  3.34046e-17   0.00226783  -5.7319e-17   0.00527666  3.04979e-17  -0.00615082  6.60192e-18   0.00128881  -1.6904e-17   0.00300457  4.69516e-18  -0.00282864  4.34045e-18  0.000114619 -1.27048e-18   0.00137117 -3.50238e-18 -0.000786103  2.43695e-18 -0.000154446  8.37313e-19  0.000316484 -1.54287e-18 -8.02706e-05   4.9552e-19 -1.21358e-05
 -3.7098e-20  6.35842e-08  4.95552e-19  -1.0647e-06 -9.59313e-19  9.43509e-06  7.85152e-20 -5.54413e-05  1.60689e-18  0.000237408 -2.30582e-18 -0.000777409  2.89505e-18   0.00199354 -8.98945e-18  -0.00402402   2.3398e-17    0.0062802 -4.39416e-17  -0.00708015   6.9457e-17   0.00431776  -9.0159e-17   0.00253529  8.37937e-17   -0.0105254 -3.60456e-17    0.0140433 -3.78585e-17  -0.00924083  9.24939e-17  -0.00139695 -8.67869e-17    0.0097809  2.63259e-17  -0.00924022  3.69574e-17   0.00126564 -5.24536e-17   0.00587865  2.16678e-17  -0.00587962  1.04029e-17  0.000591719 -1.34865e-17   0.00334864  1.76529e-20  -0.00261853  5.11425e-18 -0.000207046   8.1094e-19    0.0014265  -5.0218e-18 -0.000664225  2.46636e-18 -0.000210878  1.03029e-18  0.000278745 -1.29125e-18 -5.78809e-05   2.7946e-19
-9.66462e-09 -1.37992e-19   2.8309e-07  6.71358e-19 -3.29177e-06 -7.58664e-19  2.34413e-05 -2.82033e-19 -0.000117706  1.21131e-18  0.000446234 -4.86898e-19  -0.00132547  9.22894e-20   0.00314264 -5.30533e-18  -0.00596762  1.74405e-17   0.00893269 -3.76623e-17  -0.00996984  6.72218e-17   0.00676714 -9.26926e-17  0.000989744  8.80127e-17  -0.00980671 -3.78585e-17    0.0136343 -3.90464e-17  -0.00868333  9.22495e-17  -0.00204448  -8.1831e-17    0.0100125  1.94919e-17  -0.00872074  3.84228e-17  0.000364297 -4.54418e-17   0.00635133  1.29036e-17  -0.00555279  1.25227e-17 -5.04301e-05 -8.96269e-18   0.00359867 -4.24012e-18  -0.00237791  5.05465e-18 -0.000484209  3.04637e-18   0.00143613 -6.14206e-18 -0.000546107  2.33896e-18 -0.000237875  9.85511e-19  0.000233287  -9.0113e-19 -4.05977e-05
 4.33613e-21 -4.66805e-08 -2.58671e-19  7.76092e-07  7.15543e-19 -6.89696e-06  -5.3595e-19  4.11347e-05 -2.11378e-19 -0.000181445 -9.80388e-20  0.000623398  2.89858e-18  -0.00171762 -5.36325e-18   0.00384959  3.29269e-18  -0.00702405  5.30472e-18    0.0102597 -2.63583e-17   -0.0113808  6.15626e-17   0.00802724 -9.30793e-17  6.69787e-05  9.09604e-17  -0.00924083 -3.90464e-17     0.013226 -3.94271e-17  -0.00818588  9.00377e-17  -0.00258456 -7.53024e-17    0.0101819  1.27659e-17  -0.00822377  3.80128e-17  -0.00044674 -3.69613e-17   0.00672302  4.65608e-18  -0.00519345  1.30452e-17 -0.000632888 -3.75316e-18   0.00376989 -7.83724e-18  -0.00212325  4.33188e-18 -0.000713392  5.01864e-18   0.00140752 -6.70017e-18 -0.000441566  2.16343e-18 -0.000238278  7.15332e-19  0.000182781 -4.43027e-19
 3.46824e-09  3.13764e-20 -9.95157e-08 -3.46382e-19  1.15426e-06  6.76099e-19  -8.3828e-06 -4.83774e-19  4.40477e-05  3.80963e-19 -0.000179789 -2.50207e-18  0.000592601  8.03118e-18  -0.00160934 -1.36958e-17   0.00362507  1.62258e-17  -0.00673498  -1.0779e-17    0.0101004 -1.27254e-17   -0.0115866   5.4427e-17   0.00863636  -9.2191e-17 -0.000678365  9.24939e-17  -0.00868333 -3.94271e-17    0.0128727 -3.89217e-17  -0.00779266  8.59184e-17   -0.0030463 -6.71766e-17    0.0103258  6.06839e-18  -0.00775434  3.60353e-17  -0.00118074 -2.75368e-17   0.00701408 -2.72524e-18   -0.0048193   1.2009e-17  -0.00115498  1.71447e-18   0.00387529 -1.06023e-17  -0.00186797  3.28954e-18 -0.000891126  6.36227e-18   0.00135143 -6.75116e-18 -0.000355385  1.99577e-18 -0.000217229  4.10198e-19   0.00011228
 1.51946e-20 -3.65706e-09  5.95087e-20  6.62905e-08 -3.91128e-19 -5.60685e-07  6.52781e-19  2.61612e-06 -6.56251e-19 -5.40886e-06  1.48816e-18 -1.41528e-05 -5.88433e-18  0.000166323  1.43405e-17    -0.000756 -2.37169e-17   0.00230398  3.08944e-17  -0.00520416 -2.72569e-17   0.00890018  4.84906e-19   -0.0111998  4.71662e-17   0.00905988  -9.0179e-17  -0.00139695  9.22495e-17  -0.00818588 -3.89217e-17    0.0126219 -3.75862e-17  -0.00748021  7.99875e-17  -0.00346494  -5.7412e-17    0.0104552 -4.58507e-19  -0.00731215  3.25602e-17  -0.00184611 -1.75861e-17   0.00724203 -8.75452e-18  -0.00444312  9.50746e-18   -0.0016167  7.02247e-18   0.00392649 -1.25832e-17  -0.00162608  2.35939e-18  -0.00101979  6.97929e-18   0.00127611 -6.34686e-18 -0.000283943  1.67803e-18 -0.000162486  9.15545e-20
 3.58289e-09  2.92885e-20 -1.07253e-07  8.16617e-20  1.25382e-06 -4.17952e-19 -8.80067e-06  6.87366e-19  4.24479e-05 -9.57545e-19 -0.000149006  2.90949e-18  0.000386469 -9.46953e-18 -0.000715285  2.02562e-17  0.000782467 -3.29203e-17  0.000195179  4.37806e-17  -0.00300929 -4.09907e-17   0.00732535  1.16995e-17   -0.0106973  4.01574e-17    0.0094538 -8.67869e-17  -0.00204448  9.00377e-17  -0.00779266 -3.75862e-17    0.0124524 -3.55054e-17  -0.00721724  7.22339e-17  -0.00385038 -4.62495e-17    0.0105756  -6.2373e-18  -0.00690041  2.75083e-17  -0.00245124  -7.6407e-18    0.0074209 -1.29855e-17  -0.00407606  5.87322e-18  -0.00201833  1.18943e-17   0.00393812 -1.39726e-17  -0.00140482  1.71604e-18  -0.00110342  6.96698e-18   0.00117691 -5.47011e-18 -0.000238563   1.2551e-18 -6.68074e-05
-1.80323e-20  3.25339e-08  4.65688e-20 -5.47881e-07  1.04448e-19  4.86876e-06  -4.3845e-19 -2.85822e-05  7.04374e-19  0.000121637 -1.15771e-18 -0.000392668  4.05064e-18  0.000979178 -1.17894e-17  -0.00187192  2.36097e-17   0.00259949 -3.85718e-17  -0.00208053  5.21974e-17 -0.000810062 -5.05854e-17   0.00583183  2.07156e-17   -0.0102282  3.32431e-17    0.0097809  -8.1831e-17  -0.00258456  8.59184e-17  -0.00748021 -3.55054e-17    0.0123348 -3.26827e-17  -0.00699765  6.26731e-17  -0.00420679 -3.43826e-17    0.0106958 -1.05597e-17  -0.00652076  2.09814e-17  -0.00300293  1.71284e-18   0.00756391 -1.53713e-17  -0.00372878  1.60382e-18  -0.00236604  1.61209e-17   0.00391906 -1.48275e-17  -0.00120535  1.42854e-18  -0.00113077  6.03348e-18   0.00106062  -3.8814e-18 -0.000237095  6.92345e-19
-4.64091e-09 -4.01517e-20  1.37086e-07  5.74746e-20 -1.60705e-06  1.23648e-19  1.15338e-05  -4.1407e-19 -5.83293e-05  5.19134e-19  0.000222387 -8.74463e-19 -0.000662215  3.93713e-18   0.00156357 -1.12224e-17  -0.00291487  2.26752e-17   0.00414172 -3.91572e-17  -0.00395816  5.54457e-17   0.00101652 -5.63615e-17   0.00453186  2.79103e-17  -0.00975229  2.63259e-17    0.0100125 -7.53024e-17   -0.0030463  7.99875e-17  -0.00721724 -3.26827e-17     0.012265 -2.90562e-17  -0.00682096  5.15712e-17  -0.00454242 -2.26774e-17    0.0108226 -1.30822e-17  -0.00617541   1.3349e-17  -0.00350838   1.0069e-17   0.00768502 -1.62997e-17   -0.0034041 -2.69221e-18   -0.0026624  1.92221e-17   0.00386848 -1.50223e-17  -0.00104541  1.63219e-18  -0.00109703  4.34386e-18  0.000954242 -2.54897e-18 -0.000216002
 1.06292e-20 -1.89695e-08 -6.37083e-20  3.19232e-07  5.84245e-20 -2.88431e-06   1.1269e-19  1.75751e-05 -2.50304e-19   -7.958e-05  -1.0856e-19  0.000281741  3.60381e-19 -0.000801263  1.65851e-18   0.00184972 -6.92504e-18  -0.00344545  1.72292e-17    0.0050202 -3.51054e-17  -0.00520496  5.45531e-17   0.00243851 -5.92154e-17   0.00335978  3.34046e-17  -0.00924022  1.94919e-17    0.0101819 -6.71766e-17  -0.00346494  7.22339e-17  -0.00699765 -2.90562e-17    0.0122443 -2.46247e-17  -0.00668237  3.94698e-17  -0.00486357  -1.1739e-17    0.0109634 -1.39214e-17   -0.0058654  5.10027e-18  -0.00397732  1.72577e-17    0.0077897 -1.63898e-17  -0.00310621 -6.14456e-18  -0.00289729  2.06382e-17   0.00380255  -1.4784e-17 -0.000942324  2.63497e-18  -0.00103294  2.14127e-18  0.000811277 -8.17628e-19
 6.87919e-10  2.33045e-20 -1.98002e-08 -8.03156e-20  2.40822e-07  6.40194e-20    -1.92e-06  3.35287e-20  1.14776e-05  1.71824e-19 -5.42737e-05 -1.36038e-18  0.000207316  2.82043e-18 -0.000643961 -2.94347e-18   0.00162368  4.50993e-19   -0.0032862  8.78845e-18   0.00518593 -2.82234e-17    -0.005907  5.09908e-17   0.00357606 -5.95707e-17   0.00226783  3.69574e-17  -0.00872074  1.27659e-17    0.0103258  -5.7412e-17  -0.00385038  6.26731e-17  -0.00682096 -2.46247e-17    0.0122696 -1.95432e-17  -0.00657913  2.70038e-17  -0.00517682 -1.80805e-18    0.0111242 -1.33634e-17  -0.00558798 -3.21856e-18  -0.00441095  2.33084e-17   0.00788284 -1.64058e-17  -0.00285455 -7.86514e-18  -0.00307753  2.04813e-17   0.00374466 -1.44936e-17 -0.000864129   3.6588e-18 -0.000912333   1.0536e-18   0.00049527
-2.31912e-21 -8.20021e-09  3.56461e-20  1.37871e-07  -9.0376e-20 -1.18637e-06   9.4161e-20  6.45955e-06 -1.44974e-19 -2.37494e-05  9.10178e-19  5.71713e-05 -3.17523e-18 -6.44306e-05  6.20704e-18 -0.000131266 -8.86597e-18  0.000891582  8.87841e-18  -0.00255771 -2.60674e-19   0.00484727 -2.03894e-17  -0.00625584  4.56212e-17   0.00451454  -5.7319e-17   0.00126564  3.84228e-17  -0.00822377  6.06839e-18    0.0104552 -4.62495e-17  -0.00420679  5.15712e-17  -0.00668237 -1.95432e-17    0.0123403 -1.40987e-17  -0.00650837  1.47271e-17  -0.00548751  7.01739e-18    0.0113062 -1.16993e-17  -0.00534886 -1.10387e-17  -0.00480828  2.84603e-17     0.007987  -1.7037e-17  -0.00265199 -7.55991e-18  -0.00322668  1.88819e-17   0.00365851 -1.28858e-17 -0.000810614  3.02121e-18 -0.000590229 -3.53684e-19
 2.29036e-09 -4.46318e-21 -6.82204e-08  4.45234e-20  7.96697e-07 -1.02112e-19 -5.60993e-06  1.51077e-19  2.72793e-05 -4.15579e-19 -9.71757e-05  1.84139e-18   0.00025842 -5.09562e-18  -0.00050112  9.52696e-18   0.00062164 -1.42614e-17 -0.000123629  1.59754e-17  -0.00154706 -7.97772e-18   0.00425181 -1.26566e-17  -0.00637958  3.86953e-17   0.00527666 -5.24536e-17  0.000364297  3.80128e-17  -0.00775434 -4.58507e-19    0.0105756 -3.43826e-17  -0.00454242  3.94698e-17  -0.00657913 -1.40987e-17    0.0124555 -8.60773e-18  -0.00646875  3.04017e-18  -0.00579543  1.46106e-17    0.0115193  -9.2994e-18  -0.00515741 -1.79663e-17  -0.00518819  3.27634e-17    0.0081093 -1.79434e-17  -0.00247431 -6.47947e-18  -0.00330222  1.66693e-17   0.00350901  -1.0614e-17 -0.000923783  2.75756e-18 -0.000107121
-1.70906e-21  1.48083e-08 -6.03002e-21 -2.50689e-07  5.02049e-20  2.24724e-06 -1.16964e-19 -1.33597e-05  2.05404e-19  5.78218e-05 -6.85722e-19 -0.000190693  2.60364e-18  0.000487992 -6.33824e-18 -0.000961219  1.14855e-17   0.00137858 -1.73903e-17  -0.00113333  2.02206e-17 -0.000506376 -1.35813e-17   0.00354756 -5.36783e-18  -0.00633186  3.04979e-17   0.00587865 -4.54418e-17  -0.00044674  3.60353e-17  -0.00731215  -6.2373e-18    0.0106958 -2.26774e-17  -0.00486357  2.70038e-17  -0.00650837 -8.60773e-18     0.012616 -3.30612e-18  -0.00646526 -7.85206e-18  -0.00610845  2.08771e-17     0.011778  -6.6337e-18  -0.00500132 -2.37785e-17  -0.00555579  3.57746e-17    0.0082185 -1.89002e-17  -0.00236251 -3.27707e-18  -0.00323582  9.83332e-18   0.00342444 -3.72828e-18  -0.00120257  4.18992e-19
-1.45786e-09 -4.01772e-21  4.34844e-08 -6.80395e-21 -5.18962e-07  5.27457e-20  3.82675e-06 -1.16959e-19 -2.00793e-05  1.93835e-19  8.02041e-05 -7.64617e-19 -0.000252443  2.71681e-18  0.000634544 -6.17537e-18  -0.00126498  1.12241e-17   0.00192252 -1.75406e-17  -0.00194573   2.1445e-17  0.000443039 -1.71479e-17   0.00279495  1.20906e-18  -0.00615082  2.16678e-17   0.00635133 -3.69613e-17  -0.00118074  3.25602e-17  -0.00690041 -1.05597e-17    0.0108226  -1.1739e-17  -0.00517682  1.47271e-17  -0.00646875 -3.30612e-18    0.0128294  1.72988e-18  -0.00649552 -1.79096e-17  -0.00643969  2.59371e-17    0.0120735 -4.37808e-18   -0.0048796  -2.7488e-17  -0.00586836  3.59523e-17   0.00834529 -1.87419e-17   -0.0024111  1.52942e-19  -0.00313138  5.29705e-18   0.00344005 -4.73578e-18  -0.00111345
 1.80406e-21 -2.21763e-09 -6.43774e-21  3.94137e-08 -5.94836e-21  -3.9642e-07  4.67826e-20  2.80626e-06 -6.67229e-20 -1.51521e-05  3.65113e-20  6.45493e-05 -4.49603e-19 -0.000219964  1.87495e-18  0.000600755 -4.42331e-18  -0.00130146  8.84817e-18   0.00216454 -1.52121e-17  -0.00251145  2.03512e-17   0.00127226 -1.88821e-17   0.00203061  6.60192e-18  -0.00587962  1.29036e-17   0.00672302 -2.75368e-17  -0.00184611  2.75083e-17  -0.00652076 -1.30822e-17    0.0109634 -1.80805e-18  -0.00548751  3.04017e-18  -0.00646526  1.72988e-18    0.0130962  6.56423e-18  -0.00655219 -2.70698e-17  -0.00677677  3.02331e-17    0.0124053 -3.39099e-18  -0.00484695 -2.79884e-17   -0.0061383  3.40961e-17   0.00859318 -2.06272e-17  -0.00252621  8.01161e-18  -0.00308245 -3.77041e-18   0.00301836  4.15329e-18
-5.79622e-10   3.7847e-21  1.71163e-08 -8.58502e-21  -1.9238e-07 -1.45785e-21  1.24816e-06  2.09619e-20 -5.18275e-06  6.59548e-20  1.32613e-05 -3.10116e-19 -1.17554e-05  3.07326e-19 -6.46208e-05  2.19932e-19   0.00036896 -1.64118e-18  -0.00108211  5.30054e-18   0.00214131 -1.15132e-17  -0.00286071  1.77015e-17   0.00197607 -1.87923e-17   0.00128881  1.04029e-17  -0.00555279  4.65608e-18   0.00701408 -1.75861e-17  -0.00245124  2.09814e-17  -0.00617541 -1.39214e-17    0.0111242  7.01739e-18  -0.00579543 -7.85206e-18  -0.00649552  6.56423e-18    0.0134124  1.12216e-17  -0.00665533 -3.52108e-17  -0.00711238  3.46831e-17    0.0128334 -4.92473e-18  -0.00490813 -2.46838e-17  -0.00647074  3.13227e-17   0.00887229  -2.2272e-17  -0.00254906  9.90221e-18  -0.00257086  7.72171e-19   0.00160953
-6.24458e-22 -6.53643e-09  5.56569e-21  1.10032e-07 -1.12038e-20 -9.67496e-07  8.32017e-21  5.53864e-06 -3.36962e-20 -2.24707e-05  2.76195e-19  6.64813e-05 -7.83939e-19 -0.000140066  1.28595e-18  0.000179171 -1.65441e-18  1.04317e-05  1.17626e-18 -0.000703156  1.71419e-18   0.00193765 -7.41194e-18  -0.00303427  1.39627e-17    0.0025515  -1.6904e-17  0.000591719  1.25227e-17  -0.00519345 -2.72524e-18   0.00724203  -7.6407e-18  -0.00300293   1.3349e-17   -0.0058654 -1.33634e-17    0.0113062  1.46106e-17  -0.00610845 -1.79096e-17  -0.00655219  1.12216e-17     0.013802  1.53586e-17  -0.00682291 -4.19396e-17   -0.0075017  3.92603e-17    0.0133718 -8.82031e-18  -0.00495746 -1.75794e-17   -0.0067763  2.28381e-17   0.00894452  -1.2511e-17   -0.0029161  1.88158e-18 -0.000961014 -6.98987e-18
 9.03641e-10 -1.15786e-21  -2.7079e-08  6.90494e-21  3.20917e-07 -1.48113e-20 -2.31669e-06  2.19995e-20  1.16936e-05 -1.08342e-19 -4.39374e-05  4.96775e-19  0.000126124 -1.20021e-18 -0.000275193  2.07421e-18  0.000430559 -3.02857e-18 -0.000367857  3.18057e-18 -0.000268381 -1.16511e-18   0.00162535 -3.46925e-18  -0.00306533  9.48477e-18   0.00300457 -1.34865e-17 -5.04301e-05  1.30452e-17   -0.0048193 -8.75452e-18    0.0074209  1.71284e-18  -0.00350838  5.10027e-18  -0.00558798 -1.16993e-17    0.0115193  2.08771e-17  -0.00643969 -2.70698e-17  -0.00665533  1.53586e-17    0.0142884  1.86771e-17  -0.00701062 -4.69739e-17  -0.00795509  4.17148e-17     0.013908 -9.85249e-18  -0.00508132 -1.57412e-17  -0.00673726  2.09875e-17   0.00912618 -1.32993e-17  -0.00430727  8.36845e-18  0.000782959
-8.87588e-23  3.14828e-09 -1.50848e-21  -5.4836e-08  7.95689e-21  5.14477e-07  -1.7515e-20 -3.25873e-06  3.21496e-20  1.52952e-05 -1.67391e-19 -5.56387e-05  6.15081e-19  0.000159703 -1.34127e-18  -0.00035993  2.31745e-18  0.000612519 -3.47477e-18 -0.000685599  4.04407e-18  0.000154823 -3.06859e-18   0.00125388 -2.62759e-20  -0.00298638  4.69516e-18   0.00334864 -8.96269e-18 -0.000632888   1.2009e-17  -0.00444312 -1.29855e-17   0.00756391   1.0069e-17  -0.00397732 -3.21856e-18  -0.00534886  -9.2994e-18     0.011778  2.59371e-17  -0.00677677 -3.52108e-17  -0.00682291  1.86771e-17    0.0148326  2.06779e-17  -0.00721928 -4.91434e-17   -0.0083408  4.12759e-17    0.0145052 -1.65171e-17   -0.0056334  1.10315e-17  -0.00659139 -2.94869e-17    0.0101556  4.06326e-17  -0.00576104 -1.74145e-17
-6.77436e-12 -2.47495e-22  4.85946e-10 -1.58609e-21 -1.31428e-08  8.33587e-21  1.83513e-07 -1.45218e-20  -1.5946e-06  2.53056e-20  9.58207e-06 -1.63635e-19 -4.22683e-05  5.42291e-19  0.000141252 -1.10902e-18 -0.000360798  1.94608e-18  0.000690721 -3.03019e-18 -0.000910292  3.88901e-18  0.000531881 -3.96037e-18  0.000860822  2.63161e-18  -0.00282864  1.76529e-20   0.00359867 -3.75316e-18  -0.00115498  9.50746e-18  -0.00407606 -1.53713e-17   0.00768502  1.72577e-17  -0.00441095 -1.10387e-17  -0.00515741  -6.6337e-18    0.0120735  3.02331e-17  -0.00711238 -4.19396e-17  -0.00701062  2.06779e-17    0.0154417  2.10127e-17  -0.00760178 -4.34273e-17  -0.00869467  2.62603e-17    0.0155488 -2.82574e-18  -0.00648277  1.11681e-18  -0.00704344 -3.18714e-18    0.0109999 -1.95995e-17  -0.00457405
 1.70291e-22  1.93847e-09 -4.57067e-22 -3.17629e-08 -1.32289e-21  2.64951e-07  6.49201e-21  -1.3795e-06 -5.86886e-22  4.68536e-06 -9.71681e-21 -9.24995e-06 -7.58784e-20  3.93225e-07  2.90036e-19  7.00763e-05 -6.10098e-19  -0.00028363  1.18745e-18  0.000673314 -2.03239e-18    -0.001041  2.99126e-18   0.00084523 -3.86938e-18  0.000474645  4.34045e-18  -0.00261853 -4.24012e-18   0.00376989  1.71447e-18   -0.0016167  5.87322e-18  -0.00372878 -1.62997e-17    0.0077897  2.33084e-17  -0.00480828 -1.79663e-17  -0.00500132 -4.37808e-18    0.0124053  3.46831e-17   -0.0075017 -4.69739e-17  -0.00721928  2.10127e-17    0.0162793  2.05903e-17  -0.00815895 -3.50512e-17  -0.00937837  2.31226e-17    0.0169043  -3.4648e-17  -0.00678444  7.91736e-17  -0.00729354 -1.05122e-16   0.00879832  8.52239e-17
-3.64029e-10  3.36841e-22  1.08618e-08  -7.3918e-22 -1.26812e-07 -5.67831e-22  8.89024e-07   6.5651e-22 -4.26899e-06  2.49507e-20  1.47679e-05 -6.77213e-20 -3.67178e-05  6.18716e-20  5.96223e-05 -1.87556e-20  -2.9866e-05 -8.58541e-20 -0.000159658  3.74651e-19  0.000587219 -8.43154e-19  -0.00108902  1.60267e-18   0.00108801 -2.90657e-18  0.000114619  5.11425e-18  -0.00237791 -7.83724e-18   0.00387529  7.02247e-18  -0.00201833  1.60382e-18   -0.0034041 -1.63898e-17   0.00788284  2.84603e-17  -0.00518819 -2.37785e-17   -0.0048796 -3.39099e-18    0.0128334  3.92603e-17  -0.00795509 -4.91434e-17  -0.00760178  2.05903e-17    0.0173575  1.17148e-17  -0.00854212 -7.10917e-18   -0.0102811 -8.10244e-18    0.0177001 -7.15327e-18  -0.00728737  2.36292e-17  -0.00410746  1.28565e-17   0.00311865
-5.57699e-23 -1.62064e-09  4.83728e-22  2.81006e-08    -1.11e-21 -2.59003e-07  7.81801e-22  1.58665e-06  -8.8224e-21 -7.06723e-06  5.38921e-20   2.3797e-05 -1.22061e-19 -6.08599e-05  1.74679e-19  0.000113403   -2.287e-19  -0.00012772   2.4963e-19 -2.21834e-05 -2.47111e-19  0.000460087  2.85016e-19  -0.00107036  -5.6335e-20   0.00126134 -1.27048e-18 -0.000207046  5.05465e-18  -0.00212325 -1.06023e-17   0.00392649  1.18943e-17  -0.00236604 -2.69221e-18  -0.00310621 -1.64058e-17     0.007987  3.27634e-17  -0.00555579  -2.7488e-17  -0.00484695 -4.92473e-18    0.0133718  4.17148e-17   -0.0083408 -4.34273e-17  -0.00815895  1.17148e-17    0.0183473  4.85644e-18  -0.00889993  2.16609e-17   -0.0103929 -3.96493e-17    0.0183759  8.53232e-18    -0.011024  4.80237e-17   0.00273737 -1.13685e-16
