 4.02781e-12  3.07438e-27 -8.54329e-11 -1.19545e-25  6.69846e-10  1.30967e-24 -2.96346e-09   -7.622e-24  8.38642e-09  2.80778e-23 -1.58603e-08 -6.98871e-23   1.9899e-08  1.17324e-22 -1.52583e-08 -1.16766e-22  4.84172e-09  9.14888e-24  2.19619e-09  1.93768e-22 -2.08083e-09 -3.77623e-22 -2.85082e-10  4.11383e-22  5.85632e-10 -2.74701e-22  1.06398e-10  7.31632e-23   -1.369e-10  7.12054e-23 -5.38965e-11 -1.12526e-22  1.89184e-11  7.61777e-23  1.81944e-11 -1.18675e-23  2.12641e-12 -3.84852e-23 -3.03809e-12  5.69624e-23 -1.67417e-12 -4.98347e-23 -1.39973e-13  3.20686e-23  2.43769e-13 -1.47717e-23  1.38564e-13  3.50391e-24  2.63035e-14  8.60385e-25 -8.77251e-15 -9.52013e-25 -8.21858e-15  -7.3477e-26   -2.879e-15  6.17655e-25  -3.6697e-16 -5.29465e-25  1.68392e-16  2.29701e-25  1.25031e-16 -3.80932e-26   4.3274e-17 -1.29418e-26  8.53554e-18  8.22351e-27  9.07726e-20 -6.26696e-28 -6.77632e-19 -7.40757e-28 -3.13666e-19    1.989e-28 -8.98102e-20  2.21016e-30 -1.79098e-20  -7.7033e-30 -2.06086e-21  6.31498e-30  1.45791e-22 -1.87796e-30  1.56431e-22  5.01228e-31  5.09781e-23 -2.36034e-32  1.16943e-23 -1.67397e-31  2.10681e-24  3.25486e-32  3.01261e-25  1.42145e-33   3.1971e-26 -4.34683e-33  1.70436e-27   1.2839e-33 -2.26351e-28  7.13238e-34 -8.73015e-29  4.73875e-35 -1.65127e-29 -2.81997e-35 -2.34061e-30 -6.61008e-36 -2.70942e-31  3.55247e-37 -2.63363e-32   3.9563e-37  -2.1651e-33  2.06253e-38 -1.49964e-34 -1.65454e-38 -8.63914e-36 -1.24524e-39 -4.03289e-37  5.06216e-40 -1.43521e-38  6.00798e-41 -3.41687e-40 -2.76879e-42 -3.74126e-42 -5.32247e-43 -5.61271e-45 -9.89361e-45 -1.14577e-45  5.51344e-46  4.49878e-47  1.50234e-47
 3.07438e-27  1.25206e-10  7.26106e-26 -1.49982e-09 -1.95508e-24   8.8681e-09  1.70786e-23 -3.20701e-08 -8.37704e-23  7.66615e-08  2.67204e-22 -1.23608e-07 -5.82037e-22  1.30332e-07  8.46933e-22 -7.80299e-08 -6.70131e-22   9.0205e-09 -2.22833e-22  1.95972e-08  1.53733e-21 -7.63833e-09 -2.45116e-21  -4.6419e-09   2.3265e-21  2.16511e-09 -1.32991e-21  1.40991e-09  1.99805e-22 -3.40171e-10  4.78502e-22 -4.25191e-10 -6.02746e-22 -3.48988e-11  3.67041e-22   8.6556e-11  -3.0394e-23  3.87088e-11 -2.01421e-22 -3.09784e-12  2.61575e-22 -9.08344e-12 -2.10599e-22 -3.41248e-12  1.28485e-22  8.77789e-14 -5.63338e-23   6.3164e-13  1.07448e-23  2.91963e-13  5.95011e-24  4.62652e-14 -5.04156e-24 -1.94879e-14  8.68182e-26 -1.60861e-14  2.33074e-24 -5.54911e-15 -1.94935e-24 -8.34462e-16  7.70445e-25  2.08791e-16 -9.14153e-26  1.88798e-16 -5.69052e-26  7.05661e-17  2.79485e-26  1.64098e-17 -8.75723e-28  1.75593e-18 -2.73233e-27 -4.52259e-19  5.53055e-28 -3.19023e-19  1.55799e-29 -1.06269e-19 -1.21149e-29  -2.5034e-20  2.00446e-29 -4.30044e-21 -3.48772e-30 -4.44599e-22  1.79592e-30  2.13551e-23 -7.28681e-31   2.4173e-23 -5.41294e-31  7.19215e-24  1.42195e-31  1.50869e-24  3.40728e-33  2.52533e-25 -1.67677e-32  3.47904e-26  3.69543e-33  3.91514e-27  2.74535e-33  3.40305e-28  3.17597e-34  1.80698e-29 -8.12546e-35 -5.34317e-31 -2.58226e-35 -2.88652e-31  1.07217e-36 -4.46504e-32  1.45908e-36 -4.84248e-33  5.06928e-38 -4.14263e-34 -5.63741e-38 -2.88938e-35  -3.1249e-39 -1.64847e-36  1.50999e-39 -7.57472e-38  1.60146e-40 -2.71964e-39 -5.74766e-42 -7.53013e-41 -1.15976e-42 -1.58721e-42 -3.10959e-44 -2.47454e-44  3.44638e-46 -1.22288e-46
-8.54329e-11  7.26106e-26  1.90709e-09  9.71698e-25 -1.57955e-08 -1.98391e-23  7.41747e-08  1.42989e-22 -2.24281e-07 -6.01709e-22  4.57695e-07  1.67933e-21 -6.30377e-07 -3.21906e-21  5.51766e-07  4.05096e-21 -2.38672e-07 -2.40007e-21 -3.87171e-08 -2.28139e-21  8.59592e-08  7.80648e-21 -6.63472e-09 -1.05304e-20 -2.39673e-08  8.74121e-21  1.41487e-09 -4.21264e-21  6.55802e-09  6.48052e-23  7.87455e-10  2.02871e-21 -1.44435e-09 -2.18827e-21 -6.05327e-10  1.22014e-21   1.2996e-10 -2.06501e-23  1.81045e-10 -7.04677e-22  4.53204e-11   8.1107e-22  -1.6902e-11 -6.03486e-22 -1.62194e-11  3.54173e-22 -4.49459e-12 -1.50257e-22  6.28373e-13  2.18233e-23  1.03664e-12  2.30919e-23  4.18567e-13  -1.7249e-23  6.03546e-14  1.23874e-24 -2.62368e-14  6.11149e-24 -2.07963e-14 -4.98449e-24 -7.27373e-15  1.77889e-24 -1.30554e-15 -1.22403e-25   1.0654e-16 -1.60433e-25  1.74409e-16  6.43839e-26  7.25217e-17  9.45377e-28  1.92169e-17 -6.73678e-27  3.22734e-18  8.91972e-28  1.02621e-19  2.64246e-29 -1.54883e-19  1.35406e-29  -6.8172e-20  5.12394e-29 -1.86401e-20  6.43554e-31 -3.83831e-21  3.75559e-30  -6.0558e-22 -3.53766e-30 -6.56187e-23 -1.20533e-30 -1.56959e-24  4.50085e-31  1.38689e-24  9.99271e-33  4.35177e-25 -4.77549e-32  8.64634e-26  6.85365e-33  1.34542e-26  7.36517e-33   1.7338e-27  1.15824e-33  1.88126e-28 -1.56495e-34  1.71421e-29 -6.70371e-35  1.28418e-30  3.04145e-36  7.47263e-32  3.62895e-36  2.80275e-33  4.43703e-38  -9.4567e-36 -1.32656e-37 -1.18018e-35 -5.23396e-39 -1.11169e-36  3.08653e-39 -6.45593e-38  3.00837e-40 -2.61231e-39 -6.92513e-42  -7.6579e-41 -1.64676e-42 -1.64748e-42 -4.90498e-44 -2.23748e-44 -1.29861e-47
-1.19545e-25 -1.49982e-09  9.71698e-25  1.89747e-08  9.02049e-24 -1.18988e-07 -1.47158e-22  4.58885e-07  8.96449e-22 -1.17895e-06 -3.28097e-21  2.06831e-06  8.07962e-21 -2.42844e-06 -1.36852e-20  1.72411e-06  1.48144e-20 -4.40782e-07 -5.77863e-21 -3.22735e-07   -1.251e-20  2.33583e-07  2.98859e-20  5.60204e-08 -3.47535e-20 -6.98181e-08  2.52304e-20 -1.87014e-08 -1.00068e-20  1.63466e-08 -1.53285e-21  8.02912e-09  6.44253e-21 -2.02895e-09 -6.24868e-21 -2.53404e-09  3.23636e-21 -4.10308e-10  1.42285e-22  3.99127e-10 -1.91565e-21  2.49784e-10  1.95698e-21  2.91918e-11 -1.35217e-21 -3.40498e-11  7.79808e-22 -2.13227e-11 -3.26842e-22 -4.53686e-12  3.37306e-23  1.18689e-12  6.49269e-23  1.28039e-12 -4.52056e-23  4.75714e-13  4.89112e-24  6.91679e-14  1.28665e-23 -2.45077e-14 -1.02396e-23 -2.02646e-14   3.2649e-24  -7.3533e-15 -5.13809e-26 -1.54635e-15 -3.44109e-25 -5.78037e-17  1.16857e-25  1.04737e-16    7.578e-27  5.21681e-17 -1.29844e-26   1.5565e-17  6.29275e-28  3.25946e-18 -4.01523e-29  4.24332e-19  1.20498e-28 -6.19218e-21  1.25673e-28 -2.29301e-20  2.45476e-29 -8.11374e-21  4.40951e-30 -1.93663e-21 -1.10188e-29 -3.60867e-22 -2.11392e-30 -5.39257e-23  1.18411e-30 -6.24197e-24  3.96371e-32  -4.6631e-25 -1.12157e-31  6.29272e-27  8.51802e-33  9.75327e-27  1.58742e-32  2.09934e-27   3.0265e-33  3.10923e-28 -2.33143e-34  3.66416e-29  -1.3285e-34  3.58522e-30   8.5976e-36  2.95162e-31  7.03191e-36  2.04439e-32 -1.11503e-37  1.17961e-33 -2.51177e-37  5.55578e-35 -6.96593e-39  2.06589e-36  4.98914e-39  5.85191e-38    4.576e-40  1.21149e-39 -4.50904e-42  1.47231e-41 -1.71272e-42 -1.12899e-43 -4.69188e-44 -4.59029e-45
 6.69846e-10 -1.95508e-24 -1.57955e-08  9.02049e-24  1.38712e-07  6.36119e-23 -6.93919e-07 -8.58047e-22  2.24951e-06   4.4977e-21 -4.96797e-06 -1.44741e-20  7.52133e-06  3.16668e-20 -7.47755e-06 -4.75331e-20  4.12178e-06  4.38515e-20 -1.78449e-07 -7.57504e-21  -1.2157e-06 -4.95136e-20  3.73462e-07  9.25131e-20  3.12143e-07 -9.37451e-20 -1.13917e-07  5.93241e-20 -9.49801e-08 -1.86355e-20  1.65105e-08 -7.19097e-21  2.81251e-08  1.65355e-20  3.47998e-09 -1.49745e-20 -5.61523e-09  7.27185e-21 -2.80425e-09  7.44106e-22  1.29988e-10  -4.3063e-21  6.39629e-10  3.88001e-21   2.5801e-10 -2.50736e-21 -1.17041e-12  1.46517e-21 -4.66578e-11 -6.20573e-22 -2.26553e-11  4.22329e-23 -3.85457e-12  1.45888e-22  1.45321e-12 -9.76329e-23  1.27697e-12  1.32486e-23  4.55003e-13  2.30939e-23  7.24656e-14 -1.79595e-23 -1.57772e-14  5.04768e-24 -1.54524e-14  2.08621e-25 -5.94373e-15 -6.03519e-25 -1.42677e-15  1.78851e-25 -1.68027e-16  2.18912e-26  3.27685e-17  -2.1048e-26  2.60473e-17 -1.26822e-27  8.96647e-18 -3.70046e-28  2.16949e-18  3.68643e-28  3.87363e-19  3.02383e-28   4.4614e-20  9.44089e-29 -1.44356e-22 -1.06476e-30 -1.71117e-21 -2.69043e-29 -5.50836e-22 -3.04318e-30 -1.19193e-22  2.71934e-30 -2.03719e-23  1.42701e-31 -2.86832e-24 -2.25223e-31 -3.33711e-25  4.73395e-33  -3.1109e-26  2.91265e-32 -2.07788e-27  6.26285e-33 -4.77877e-29 -2.89514e-34  1.16441e-29 -2.10272e-34  2.29828e-30  2.19182e-35   2.6364e-31  1.12715e-35  2.27217e-32 -5.68375e-37  1.55688e-33  -4.0811e-37  8.56165e-35 -8.38887e-39  3.74578e-36  6.73504e-39  1.28005e-37  5.89175e-40  3.31385e-39  7.12978e-43  5.80127e-41 -1.32873e-42  4.38539e-43  -2.5921e-44
 1.30967e-24   8.8681e-09 -1.98391e-23 -1.18988e-07  6.36119e-23   7.9461e-07  3.59082e-22 -3.28102e-06 -4.10261e-21  9.09274e-06  1.87627e-20 -1.74048e-05 -5.35663e-20  2.27573e-05  1.04719e-19    -1.89e-05 -1.39564e-19  7.37932e-06  1.08111e-19   2.0151e-06   8.2369e-21 -3.07679e-06 -1.56139e-19  5.64701e-08    2.408e-19  9.12946e-07 -2.13811e-19 -9.00289e-09  1.17143e-19 -2.55945e-07 -2.73326e-20 -4.08428e-08 -2.06311e-20  5.69289e-08  3.58707e-20   2.6423e-08 -3.12897e-20 -4.86097e-09  1.42797e-20 -7.83754e-09  2.30856e-21  -2.0904e-09 -8.27463e-21  7.32697e-10  6.47385e-21  7.44434e-10 -3.96182e-21  2.12455e-10   2.4472e-21 -2.92491e-11 -1.06811e-21 -5.00711e-11  4.61777e-23 -2.05372e-11  2.75229e-22 -2.98799e-12 -1.81093e-22  1.33116e-12   2.8824e-23  1.06301e-12  3.65655e-23  3.75427e-13 -2.78314e-23  6.81585e-14  6.77067e-24 -5.46624e-15  7.02403e-25 -9.17931e-15 -8.99387e-25 -3.85753e-15  2.41882e-25 -1.03502e-15  4.59629e-26 -1.78069e-16 -3.01859e-26 -7.43385e-18 -6.15894e-27   7.7999e-18 -1.31932e-27  3.56061e-18  7.94784e-28  9.89379e-19  6.91537e-28  2.06924e-19   2.5157e-28  3.34718e-20 -2.00936e-29  3.86868e-21 -5.56862e-29  1.75874e-22 -3.57277e-30  -5.4355e-23  5.57626e-30 -1.95703e-23  4.15122e-31 -4.01915e-24 -3.94024e-31  -6.3329e-25  -8.5172e-33 -8.21001e-26  4.69314e-32 -8.95425e-27  1.07595e-32 -8.23709e-28 -3.23942e-34 -6.31473e-29 -2.65739e-34 -3.90597e-30   4.8137e-35 -1.79556e-31  1.54634e-35 -4.43975e-33 -1.43457e-36  1.37853e-34 -5.88422e-37  2.30015e-35 -1.03583e-38  1.43919e-36  7.78195e-39  5.85715e-38  6.48929e-40  1.62635e-39  5.65186e-42  2.71145e-41 -7.40677e-43  1.37548e-43
-2.96346e-09  1.70786e-23  7.41747e-08 -1.47158e-22 -6.93919e-07  3.59082e-22  3.71508e-06  1.67895e-21 -1.29681e-05 -1.65418e-20  3.11121e-05  6.67386e-20 -5.19017e-05 -1.70299e-19  5.84574e-05  2.98965e-19 -3.95709e-05 -3.54142e-19  8.47967e-06  2.25061e-19  8.74009e-06  8.66661e-20 -5.51441e-06 -4.11991e-19 -1.70998e-06  5.40281e-19  1.76486e-06 -4.21012e-19  5.58389e-07  1.97533e-19 -4.29389e-07 -3.03854e-20 -2.32001e-07 -4.48908e-20  5.39284e-08  6.78504e-20  7.41031e-08 -5.84934e-20  1.26021e-08  2.49076e-20 -1.21305e-08  5.66326e-21 -7.75009e-09 -1.38505e-20 -8.82285e-10  9.13108e-21  1.12068e-09 -5.41942e-21  6.99158e-10  3.74033e-21  1.45171e-10 -1.70039e-21 -4.36116e-11  5.25964e-23 -4.47678e-11  4.48295e-22  -1.6439e-11 -2.96395e-22 -2.26231e-12  5.37619e-23  9.48701e-13  5.22655e-23  7.47867e-13 -3.89698e-23  2.68675e-13  7.99146e-24  5.57968e-14  1.39383e-24  1.65848e-15 -1.16324e-24 -4.02834e-15   3.0205e-25 -1.97584e-15  8.07212e-26 -5.88124e-16 -3.99514e-26 -1.23482e-16 -1.54877e-26 -1.63015e-17 -3.50327e-27    1.151e-19  1.37355e-27  8.28079e-19   1.4643e-27  2.96819e-19  5.53876e-28   7.1198e-20 -6.02337e-29  1.33354e-20 -1.01576e-28  2.01327e-21  -3.1063e-30  2.39273e-22  1.03412e-29  1.96695e-23  9.91065e-31  3.15351e-25 -6.07919e-31 -2.57664e-25 -3.23458e-32 -6.11522e-26  6.75677e-32 -9.22983e-27  1.56972e-32  -1.0856e-27 -3.62178e-34 -1.04996e-28 -2.50023e-34 -8.49261e-30  9.11744e-35 -5.75174e-31  1.85909e-35 -3.23319e-32  -2.6814e-36 -1.48273e-33 -7.65953e-37 -5.41043e-35  -1.3675e-38 -1.50359e-36  7.76895e-39  -2.8323e-38  6.07871e-40 -2.44926e-40  7.45821e-42  8.76911e-43 -2.58431e-43
  -7.622e-24 -3.20701e-08  1.42989e-22  4.58885e-07 -8.58047e-22 -3.28102e-06  1.67895e-21  1.45797e-05  6.66074e-21 -4.37917e-05 -5.73787e-20  9.18156e-05  2.06081e-19 -0.000133901 -4.73049e-19  0.000129022  7.49055e-19 -6.79997e-05 -7.88921e-19 -3.07261e-07  3.96307e-19  2.25856e-05  3.20878e-19 -6.17986e-06 -9.36616e-19 -6.15403e-06  1.06286e-18  2.07676e-06 -7.25219e-19  1.92351e-06  2.86691e-19 -3.17203e-07 -2.20816e-20 -5.87992e-07 -7.91332e-20 -7.32801e-08  1.14712e-19  1.23983e-07 -9.96215e-20  6.17939e-08   3.8818e-20 -4.06128e-09  1.19617e-20 -1.51665e-08   -2.039e-20 -5.94787e-09   1.0681e-20  1.92644e-10 -6.46476e-21  1.19701e-09  5.33757e-21   5.6019e-10 -2.52342e-21  8.55769e-11  7.98285e-23 -4.29772e-11  6.40609e-22 -3.44409e-11 -4.36606e-22 -1.18548e-11  8.90333e-23 -1.71572e-12  6.86389e-23  5.17276e-13 -5.00986e-23  4.43324e-13  8.30761e-24  1.65606e-13  2.16377e-24  3.87704e-14 -1.31746e-24  4.21755e-15  3.65057e-25   -1.059e-15  1.26462e-25 -7.61318e-16 -5.03615e-26 -2.56711e-16 -3.05435e-26 -6.14867e-17 -7.92785e-27 -1.09138e-17    1.981e-27 -1.25738e-18  2.84417e-27  3.35333e-23  1.07382e-27  4.60919e-20 -1.24505e-28  1.48439e-20 -1.66738e-28  3.19792e-21 -8.84775e-31  5.43919e-22  1.74962e-29  7.63319e-23  2.00283e-30  8.89514e-24 -8.33176e-31  8.41845e-25 -6.24469e-32  5.98241e-26  8.75213e-32   2.2311e-27   1.9551e-32 -1.55436e-28 -4.39084e-34 -4.11708e-29 -1.14136e-34 -4.88231e-30   1.5119e-34 -4.15102e-31   1.9976e-35  -2.7445e-32 -4.10232e-36 -1.43426e-33 -9.06473e-37  -5.8726e-35 -1.80182e-38 -1.81913e-36  6.69727e-39 -3.89849e-38  4.76227e-40 -4.63849e-40  5.79666e-42 -1.70201e-42
 8.38642e-09 -8.37704e-23 -2.24281e-07  8.96449e-22  2.24951e-06 -4.10261e-21 -1.29681e-05  6.66074e-21  4.90257e-05  2.28234e-20 -0.000128436 -1.73805e-19  0.000236999  5.59941e-19 -0.000302347 -1.16287e-18   0.00024602  1.66779e-18 -9.17238e-05 -1.56155e-18 -3.15711e-05  5.81833e-19  4.29123e-05  8.61967e-19  3.81673e-08 -1.87077e-18 -1.35141e-05  1.85547e-18  6.89463e-08 -1.10121e-18  3.98197e-06  3.58208e-19  6.18309e-07 -3.28698e-21 -9.46478e-07  -1.1571e-19 -4.28121e-07  1.77193e-19  9.63871e-08 -1.56553e-19  1.38208e-07  5.38621e-20  3.38223e-08   2.2596e-20 -1.54055e-08  -2.6429e-20 -1.40135e-08  9.60923e-21  -3.6571e-09 -6.72395e-21  7.91536e-10  7.19201e-21  1.03335e-09 -3.49119e-21  3.97486e-10  1.56707e-22  4.62368e-11  8.09581e-22 -3.30139e-11 -5.87923e-22 -2.31645e-11  1.33703e-22  -7.7579e-12  8.40007e-23 -1.26544e-12  -5.9865e-23  1.91839e-13  7.47141e-24   2.1715e-13  2.84894e-24  8.64897e-14 -1.30136e-24  2.24274e-14  4.45699e-25  3.66295e-15   1.8423e-25  7.79821e-17 -6.09425e-26 -1.91916e-16 -5.22963e-26 -8.18921e-17 -1.61218e-26 -2.21769e-17  2.36828e-27 -4.56186e-18  5.07116e-27 -7.28337e-19  1.89062e-27  -8.3324e-20 -2.06131e-28 -3.81813e-21 -2.49082e-28  1.11442e-21  4.03991e-30   3.9919e-22  2.71955e-29  8.09445e-23  3.51841e-30  1.25682e-23 -1.01527e-30    1.604e-24 -8.93729e-32  1.72174e-25   1.0156e-31  1.56042e-26  2.04628e-32  1.18319e-27 -5.63997e-34  7.32235e-29  1.69139e-34  3.49646e-30  2.22967e-34  1.09489e-31  1.95537e-35  4.09278e-34 -5.36485e-36 -1.97674e-34 -9.75744e-37 -1.37552e-35 -2.17564e-38 -5.23375e-37  4.93843e-39 -1.13557e-38  3.02792e-40 -9.95781e-41  2.67346e-42
 2.80778e-23  7.66615e-08 -6.01709e-22 -1.17895e-06   4.4977e-21  9.09274e-06 -1.65418e-20 -4.37917e-05  2.28234e-20  0.000143492  6.84769e-20 -0.000331389 -4.65104e-19  0.000540917  1.35288e-18 -0.000602389 -2.55541e-18  0.000404546  3.33331e-18 -8.15596e-05 -2.77333e-18 -9.81073e-05    6.767e-19  6.13325e-05  1.90226e-18  1.98483e-05  -3.3294e-18 -2.10985e-05  2.89903e-18 -6.52491e-06 -1.47749e-18  5.55779e-06  3.82069e-19  2.86215e-06  1.09893e-20 -8.27594e-07 -1.40028e-19  -9.9789e-07  2.55307e-19 -1.34353e-07 -2.28936e-19  1.88091e-07  6.54807e-20  1.08838e-07  3.89141e-20  7.36736e-09 -2.98531e-20 -1.89736e-08  4.56996e-21 -1.06118e-08 -6.04258e-21 -1.79885e-09  9.17212e-21  9.18453e-10 -4.48711e-21  7.64002e-10   3.1721e-22  2.56775e-10  9.05768e-22  2.52751e-11 -7.33003e-22 -2.06798e-11  1.84512e-22 -1.36758e-11  9.68574e-23 -4.58735e-12 -6.71759e-23 -8.61097e-13  5.46316e-24  1.82341e-14  3.30125e-24  8.38504e-14 -1.09518e-24  3.72642e-14  5.60234e-25  1.05933e-14  2.57907e-25   2.1286e-15 -6.85763e-26   2.5686e-16 -8.12907e-26 -1.10441e-17 -3.01521e-26 -1.64719e-17  2.15533e-27 -5.51459e-18  8.33693e-27 -1.28086e-18  3.07258e-27 -2.34461e-19 -2.85736e-28 -3.47167e-20 -3.40505e-28 -4.05533e-21  1.28102e-29 -3.29132e-22  3.90721e-29 -5.78906e-24  5.49203e-30  3.97655e-24 -1.08851e-30  9.31521e-25 -1.02574e-31  1.37358e-25  1.03355e-31  1.57124e-26  1.68886e-32  1.47202e-27 -6.95603e-34  1.14826e-28  5.87657e-34  7.46211e-30  2.96152e-34  4.00214e-31  1.77832e-35  1.73846e-32 -6.13675e-36  5.91874e-34 -9.51913e-37  1.48908e-35 -2.29457e-38  2.52423e-37  3.05255e-39  2.71208e-39  1.47498e-40  2.03531e-41
-1.58603e-08  2.67204e-22  4.57695e-07 -3.28097e-21 -4.96797e-06  1.87627e-20  3.11121e-05 -5.73787e-20 -0.000128436  6.84769e-20   0.00037015  1.81829e-19 -0.000760057 -1.10966e-18   0.00110103  2.93108e-18  -0.00106449 -5.06125e-18  0.000566039  6.03132e-18  6.93057e-06  -4.4576e-18 -0.000202361  5.10518e-19  5.89877e-05  3.62191e-18  5.72852e-05 -5.33594e-18 -2.19216e-05  4.07637e-18 -1.87473e-05 -1.74346e-18  4.14345e-06  3.40902e-19  6.21047e-06 -1.18051e-20  4.74419e-07 -1.34922e-19 -1.49086e-06  3.49856e-19 -6.51966e-07  -3.1318e-19  1.00953e-07  6.68752e-20  1.92156e-07  6.16961e-20  6.51719e-08 -2.84279e-20 -8.52372e-09 -4.96596e-21 -1.68238e-08 -4.58162e-21 -6.93307e-09  1.10148e-20 -6.78599e-10 -5.33443e-21  7.59965e-10  5.90926e-22    4.983e-10  8.90563e-22  1.53901e-10 -8.54926e-22  1.53026e-11  2.36011e-22 -1.05817e-11  1.05968e-22 -7.04088e-12 -7.14456e-23 -2.41795e-12  2.51633e-24 -5.16836e-13  3.43511e-24 -3.83598e-14 -7.39073e-25  2.24587e-14  7.13107e-25   1.2652e-14  3.56575e-25  3.97902e-15 -6.49636e-26  9.09497e-16 -1.17481e-25  1.53325e-16 -5.23683e-26  1.58434e-17   8.6481e-28 -5.91733e-19  1.27014e-26 -7.70869e-19  4.64825e-27 -2.27453e-19 -3.34319e-28  -4.6978e-20 -4.26926e-28 -7.74767e-21  2.65681e-29 -1.05859e-21  5.21737e-29  -1.2032e-22  7.76724e-30 -1.11253e-23 -9.89805e-31 -7.76517e-25   -9.665e-32 -2.96115e-26  8.68411e-32  1.60078e-27   8.2664e-33  4.45914e-28 -7.48276e-34  5.12455e-29  1.08522e-33  4.15444e-30  3.57481e-34  2.58768e-31  1.53006e-35  1.25567e-32 -6.22108e-36  4.65526e-34 -8.36627e-37     1.25e-35 -2.06915e-38   2.2118e-37  1.52303e-39  2.21251e-39   4.7649e-41
-6.98871e-23 -1.23608e-07  1.67933e-21  2.06831e-06 -1.44741e-20 -1.74048e-05  6.67386e-20  9.18156e-05 -1.73805e-19 -0.000331389  1.81829e-19  0.000850159   4.3096e-19  -0.00156292 -2.37764e-18   0.00201244   5.7331e-18  -0.00167192 -9.09722e-18  0.000647736  9.95457e-18  0.000218962 -6.53707e-18  -0.00032348 -1.14041e-19  9.89844e-06  6.10874e-18  0.000107294 -7.76564e-18 -5.86623e-06  5.17121e-18 -3.39904e-05 -1.77797e-18 -3.30952e-06  2.45726e-19  9.11293e-06 -1.16466e-19  3.44439e-06 -8.86329e-20 -1.28764e-06  4.63515e-19 -1.34935e-06 -4.01929e-19 -2.39661e-07  5.03601e-20  2.03737e-07  9.04716e-20   1.4635e-07 -2.05644e-20  2.90615e-08 -1.82063e-20 -1.37302e-08 -2.76811e-21 -1.22939e-08  1.23226e-20 -4.05158e-09 -5.84415e-21 -1.69768e-10  9.90695e-22  5.10681e-10  7.52946e-22   2.9099e-10 -9.39923e-22  8.62609e-11  2.81385e-22  1.00739e-11  1.10189e-22 -4.25259e-12 -7.26614e-23 -3.10521e-12 -8.95705e-25 -1.11275e-12  3.23761e-24  -2.6508e-13 -3.49663e-25 -3.68096e-14  8.81897e-25  1.89217e-15  4.96169e-25  3.05927e-15 -3.51772e-26  1.13479e-15 -1.59891e-25  2.88436e-16 -8.47745e-26  5.65328e-17 -1.97711e-27  8.56549e-18  1.80149e-26  8.96645e-19  6.57115e-27   2.2142e-20 -3.23399e-28 -1.70181e-20 -4.91239e-28 -5.16208e-21   4.5881e-29 -9.83441e-22  6.50865e-29 -1.46253e-22  1.01436e-29 -1.79815e-23  -6.7387e-31 -1.86235e-24 -7.63886e-32  -1.6282e-25  4.82272e-32 -1.18988e-26 -4.60101e-33 -7.09562e-28 -6.30714e-34 -3.27911e-29  1.57334e-33 -1.02318e-30  3.94306e-34 -8.75171e-33  1.25843e-35  1.16929e-33 -5.62987e-36  7.77533e-35  -6.5723e-37  2.48093e-36 -1.57366e-38  4.22154e-38  5.68959e-40  3.17527e-40
  1.9899e-08 -5.82037e-22 -6.30377e-07  8.07962e-21  7.52133e-06 -5.35663e-20 -5.19017e-05  2.06081e-19  0.000236999 -4.65104e-19 -0.000760057   4.3096e-19   0.00175351  9.17904e-19  -0.00290249 -4.60187e-18   0.00332091  1.01797e-17  -0.00232945 -1.49277e-17  0.000531822  1.50925e-17  0.000573643 -8.81984e-18 -0.000410301 -1.34798e-18  -0.00010744  9.28465e-18   0.00015089 -1.03316e-17  3.55087e-05  5.90908e-18 -4.44615e-05 -1.48996e-18 -1.83566e-05    1.414e-19  8.62148e-06 -3.45843e-19  7.66052e-06 -2.77116e-21  3.30421e-07  6.00333e-19 -1.81885e-06  -4.8453e-19  -8.4408e-07  9.81255e-21  3.69805e-08  1.22924e-19  2.00307e-07 -6.04567e-21  9.11623e-08 -3.29495e-20  7.77808e-09 -1.11625e-21 -1.24032e-08  1.26408e-20 -7.82482e-09  -5.8851e-21 -2.18543e-09  1.50088e-21 -1.15644e-11  5.17284e-22  2.90227e-10 -9.78295e-22  1.52753e-10  3.13747e-22   4.4996e-11  1.08309e-22  6.50176e-12 -7.12194e-23 -1.16116e-12 -4.09363e-24 -1.13364e-12  2.73574e-24 -4.34907e-13 -1.36314e-25 -1.13302e-13  1.00546e-24 -2.05611e-14  6.98726e-25  -1.8642e-15  4.12234e-26  3.46854e-16 -2.06119e-25  2.20393e-16  -1.2808e-25  6.52525e-17 -6.65942e-27  1.42097e-17  2.38801e-26  2.47414e-18  8.69097e-27   3.4865e-19 -2.39869e-28  3.82505e-20 -5.19139e-28  2.74065e-21  6.98384e-29 -2.07235e-23  7.62356e-29 -4.70135e-23  1.24717e-29 -9.54929e-24 -1.28787e-31 -1.31261e-24 -5.73988e-32 -1.42034e-25 -1.20016e-32 -1.26235e-26 -1.96405e-32 -9.32512e-28 -2.96162e-34 -5.71189e-29  1.95562e-33 -2.86486e-30  3.98316e-34 -1.14933e-31  9.84482e-36  -3.5532e-33 -4.56346e-36 -8.02167e-35 -4.56782e-37  -1.2256e-36 -9.89323e-39 -1.02817e-38  1.31964e-40
 1.17324e-22  1.30332e-07 -3.21906e-21 -2.42844e-06  3.16668e-20  2.27573e-05 -1.70299e-19 -0.000133901  5.59941e-19  0.000540917 -1.10966e-18  -0.00156292  9.17904e-19   0.00327193  1.76617e-18  -0.00489894  -8.0814e-18   0.00496823  1.64809e-17  -0.00285443 -2.24805e-17  0.000101057  2.11649e-17   0.00103525 -1.10475e-17 -0.000389178 -3.21903e-18 -0.000293396  1.28803e-17  0.000156692  -1.2634e-17  0.000101805  6.03124e-18 -3.84564e-05 -8.53336e-19 -3.85916e-05  9.63776e-20    1.461e-06 -7.23159e-19  1.13055e-05  1.04203e-19  3.66278e-06  7.63318e-19 -1.42211e-06 -5.48635e-19 -1.50245e-06 -5.65222e-20 -3.67021e-07  1.54717e-19  1.47395e-07  1.35923e-20  1.48751e-07 -4.60356e-20  4.84963e-08 -7.16138e-24 -1.17526e-09  1.16039e-20 -8.72993e-09 -5.44239e-21 -4.47016e-09  2.07212e-21  -1.1187e-09  2.38166e-22  5.65047e-12 -9.64408e-22  1.40711e-10  3.27395e-22  7.16762e-11   9.9091e-23  2.14936e-11 -6.75595e-23  3.77008e-12 -6.23357e-24 -5.27194e-14  1.93437e-24 -3.19268e-13 -4.13211e-25 -1.38825e-13  9.79867e-25 -3.92979e-14  9.87481e-25  -8.2525e-15  1.85795e-25 -1.24174e-15 -2.51868e-25 -9.07327e-17  -1.8067e-25  1.76159e-17 -1.30476e-26    9.129e-18  2.96866e-26  2.34442e-18  1.07507e-26  4.50259e-19  -9.9015e-29  7.03107e-20 -5.05927e-28  9.14152e-21  9.52639e-29   9.8675e-22  8.42791e-29  8.57623e-23  1.47147e-29  5.44269e-24  6.09844e-31  1.50242e-25 -6.13827e-32  -1.8534e-26 -8.80268e-32 -3.63644e-27 -3.40712e-32 -3.73238e-28  2.23913e-34 -2.77101e-29  2.15594e-33 -1.57961e-30  3.68209e-34 -6.92855e-32  7.14243e-36 -2.27389e-33 -3.31427e-36 -5.27685e-35 -2.76807e-37 -7.71789e-37 -4.91631e-39  -4.6379e-39
-1.52583e-08  8.46933e-22  5.51766e-07 -1.36852e-20 -7.47755e-06  1.04719e-19  5.84574e-05 -4.73049e-19 -0.000302347  1.35288e-18   0.00110103 -2.37764e-18  -0.00290249  1.76617e-18   0.00555935  3.08193e-18  -0.00755762 -1.29173e-17   0.00675748  2.44138e-17  -0.00300762 -3.12232e-17  -0.00070722  2.76477e-17   0.00149993 -1.29775e-17 -0.000189186 -5.59436e-18 -0.000514049   1.6483e-17  9.12697e-05 -1.42623e-17  0.000178102  5.37419e-18 -5.15713e-06  8.02396e-20 -5.63817e-05  1.80033e-19 -1.39095e-05  -1.2392e-18  1.14111e-05  2.00477e-19  8.02218e-06  9.50907e-19  3.92676e-07 -5.82603e-19 -1.77165e-06 -1.44034e-19 -9.27847e-07  1.80013e-19 -7.59886e-08  3.52309e-20  1.49554e-07 -5.42283e-20  9.27476e-08  4.60116e-22  2.27282e-08  9.09332e-21 -3.17168e-09 -4.63168e-21 -5.19895e-09  2.62874e-21 -2.33095e-09 -1.52222e-23 -5.53204e-10 -8.97001e-22 -7.59596e-12  3.18434e-22  5.74326e-11  8.15668e-23  2.96124e-11 -6.17163e-23  9.17981e-12 -6.35529e-24  1.87329e-12  7.48233e-25  1.62949e-13 -1.59617e-24 -5.61105e-14  6.65009e-25 -3.38178e-14  1.37705e-24 -1.06464e-14  4.14015e-25 -2.46643e-15  -2.9089e-25 -4.45352e-16 -2.37896e-25 -6.07026e-17 -2.03606e-26 -4.98368e-18  3.47314e-26  2.40957e-19  1.24254e-26  1.96475e-19   5.2325e-29  4.76846e-20 -4.60968e-28  8.24619e-21   1.1676e-28  1.14685e-21  8.84821e-29  1.33167e-22  1.69297e-29  1.30569e-23  1.45186e-30  1.07873e-24 -1.07733e-31  7.40915e-26 -1.69318e-31  4.10946e-27 -4.52178e-32  1.72904e-28  8.21478e-34  4.60727e-30  2.14019e-33  4.34121e-33  3.10295e-34 -6.47625e-33  4.57237e-36 -3.35155e-34 -2.15056e-36 -9.00182e-36 -1.42768e-37 -1.24793e-37 -1.69613e-39
-1.16766e-22 -7.80299e-08  4.05096e-21  1.72411e-06 -4.75331e-20    -1.89e-05  2.98965e-19  0.000129022 -1.16287e-18 -0.000602389  2.93108e-18   0.00201244 -4.60187e-18  -0.00489894  3.08193e-18   0.00865293  4.88886e-18   -0.0107121 -1.88254e-17   0.00836651   3.3173e-17  -0.00256334 -4.01855e-17  -0.00185201  3.38935e-17   0.00181162 -1.44576e-17  0.000223391 -8.20979e-18 -0.000701128  1.96469e-17 -6.44624e-05 -1.49154e-17  0.000235151  3.92226e-18  5.86014e-05  1.19667e-18 -6.03049e-05     4.38e-19  -3.5212e-05 -1.85066e-18  5.06385e-06   2.5025e-19  1.15315e-05  1.15391e-18   3.6307e-06 -5.77934e-19 -1.13811e-06 -2.41593e-19 -1.38468e-06  1.92708e-19 -4.53764e-07  5.48888e-20  4.39953e-08  -5.5222e-20  1.09224e-07  4.69702e-22  5.10359e-08  5.32221e-21  9.73052e-09 -3.65943e-21 -2.48459e-09   3.0906e-21 -2.70173e-09 -1.77545e-22 -1.11634e-09 -7.80087e-22  -2.6415e-10  2.84611e-22 -1.44169e-11  5.54674e-23  1.89115e-11 -5.29456e-23  1.04969e-11 -3.45079e-24  3.40549e-12 -1.04835e-24  7.76662e-13 -4.17056e-24  1.14433e-13   -9.843e-26  1.95778e-15  1.85989e-24  -5.2592e-15  7.26942e-25 -2.09389e-15 -3.15707e-25 -5.37952e-16 -2.92114e-25 -1.07194e-16 -2.70749e-26 -1.72756e-17  3.84085e-26 -2.23155e-18  1.34039e-26 -2.14018e-19  1.47329e-28 -1.01551e-20  -4.0659e-28  1.27734e-21  1.28123e-28  4.32964e-22  8.89585e-29  7.23116e-23  1.91778e-29  8.96889e-24  2.26137e-30    8.972e-25 -2.04815e-31  7.42353e-26 -2.42937e-31  5.10342e-27 -5.12586e-32   2.8941e-28   1.3491e-33  1.33093e-29  1.92455e-33  4.82432e-31  2.36674e-34  1.31749e-32  2.34417e-36   2.4965e-34 -1.23695e-36  2.66921e-36 -5.96891e-38  6.96845e-39
 4.84172e-09 -6.70131e-22 -2.38672e-07  1.48144e-20  4.12178e-06 -1.39564e-19 -3.95709e-05  7.49055e-19   0.00024602 -2.55541e-18  -0.00106449   5.7331e-18   0.00332091  -8.0814e-18  -0.00755762  4.88886e-18    0.0124074  7.05439e-18   -0.0140186 -2.50135e-17   0.00941947  4.14068e-17  -0.00139483 -4.81609e-17  -0.00317174   3.9302e-17   0.00180712 -1.54513e-17  0.000817481 -1.07538e-17 -0.000769149  2.20199e-17  -0.00030029 -1.44913e-17   0.00023744  1.81288e-18  0.000143021  2.35471e-18 -3.94753e-05  8.76951e-19 -5.56093e-05 -2.49011e-18 -8.80975e-06  2.24878e-19  1.16083e-05  1.35442e-18  7.41411e-06 -5.30943e-19  6.73287e-07 -3.33577e-19 -1.36688e-06  1.88136e-19 -8.49866e-07  6.87847e-20 -1.74743e-07 -4.83942e-20  6.55324e-08  3.40246e-22  6.62543e-08  7.92899e-22   2.5588e-08  -2.7495e-21  4.01682e-09  3.40309e-21 -1.36265e-09 -2.00511e-22 -1.23615e-09 -6.23442e-22 -4.89055e-10  2.24749e-22 -1.19367e-10    2.167e-23 -1.23585e-11 -3.95506e-23  4.45717e-12    3.435e-24  3.05901e-12  -3.8309e-24  1.05989e-12  -8.6208e-24  2.62757e-13 -1.46428e-24  4.81765e-14  2.39266e-24  5.65645e-15  1.10408e-24 -4.59808e-17 -3.19355e-25 -2.39905e-16 -3.33751e-25  -7.8484e-17 -3.10664e-26 -1.73627e-17  4.04073e-26 -3.04024e-18  1.34907e-26 -4.40122e-19  1.23132e-28 -5.31267e-20 -3.70446e-28 -5.26539e-21  1.24929e-28 -4.05678e-22  8.66918e-29 -1.99415e-23  2.14197e-29  2.00462e-25  2.88633e-30  1.77097e-25 -3.44486e-31  2.33819e-26  -2.9678e-31  2.04289e-27 -5.16471e-32  1.34531e-28  1.67523e-33  6.84116e-30  1.56782e-33  2.65121e-31  1.61518e-34  7.49606e-33  7.03693e-37  1.40054e-34 -6.18806e-37   1.3209e-36 -1.77117e-38
 9.14888e-24   9.0205e-09 -2.40007e-21 -4.40782e-07  4.38515e-20  7.37932e-06 -3.54142e-19 -6.79997e-05  1.66779e-18  0.000404546 -5.06125e-18  -0.00167192  1.01797e-17   0.00496823 -1.29173e-17   -0.0107121  7.05439e-18    0.0164816  9.24219e-18   -0.0170209 -3.02211e-17   0.00959593  4.74886e-17   0.00046335 -5.40285e-17  -0.00441411   4.3461e-17   0.00137378 -1.60091e-17   0.00149192 -1.29617e-17 -0.000644741  2.34363e-17 -0.000571464 -1.31132e-17  0.000156823 -7.05354e-19  0.000224906  3.42495e-18  1.08284e-05  1.46461e-18 -6.52299e-05 -3.08252e-18  -2.7978e-05  1.11135e-19   6.1008e-06  1.52749e-18  1.00517e-05 -4.43403e-19  3.39639e-06 -4.03567e-19 -5.77725e-07  1.64698e-19 -1.03376e-06  7.44149e-20 -4.41248e-07 -3.50147e-20 -4.84033e-08  2.99863e-22  4.97531e-08 -3.87163e-21   3.5191e-08 -2.07503e-21  1.19526e-08  3.56199e-21  1.70712e-09 -5.70494e-23 -5.75331e-10 -4.41535e-22 -4.95107e-10  1.38492e-22 -1.93295e-10  -1.7398e-23 -4.94363e-11 -1.89352e-23 -7.33859e-12  1.50836e-23  3.81287e-13 -8.06885e-24  6.73624e-13 -1.53213e-23   2.6381e-13  -3.5524e-24  7.05165e-14  2.88761e-24   1.4499e-14  1.49992e-24  2.29994e-15 -2.98024e-25  2.51573e-16 -3.53408e-25    6.438e-18  -3.0045e-26 -5.21445e-18  4.08383e-26 -1.64631e-18  1.26848e-26  -3.2642e-19  -5.2855e-29 -5.05003e-20 -3.73874e-28  -6.4579e-21  1.07201e-28 -6.95803e-22  8.32857e-29  -6.3339e-23  2.34621e-29 -4.82987e-24  3.20271e-30 -3.01993e-25 -5.02388e-31 -1.48104e-26 -3.22664e-31    -5.11e-28 -4.71018e-32 -7.56283e-30  1.73218e-33  3.78418e-31  1.15145e-33  3.18901e-32  9.68608e-35  1.13902e-33 -2.18802e-37   2.0955e-35  -2.5691e-37  1.23312e-37
 2.19619e-09 -2.22833e-22 -3.87171e-08 -5.77863e-21 -1.78449e-07  1.08111e-19  8.47967e-06 -7.88921e-19 -9.17238e-05  3.33331e-18  0.000566039 -9.09722e-18  -0.00232945  1.64809e-17   0.00675748 -1.88254e-17   -0.0140186  9.24219e-18    0.0203988  1.09299e-17   -0.0192685   -3.297e-17   0.00873348  4.99657e-17   0.00280699 -5.70671e-17  -0.00530431  4.61994e-17  0.000494486 -1.62161e-17   0.00209768 -1.46706e-17 -0.000295954  2.39423e-17 -0.000807325 -1.10873e-17 -1.40232e-05 -3.34252e-18  0.000273389   4.3167e-18  8.49119e-05  2.14279e-18  -5.4742e-05 -3.56078e-18 -4.67034e-05 -8.62027e-20 -5.38951e-06  1.64529e-18  9.61747e-06 -3.22314e-19  6.12771e-06 -4.38486e-19  9.88543e-07  1.24879e-19 -7.81536e-07  7.13268e-20 -6.25519e-07 -1.78275e-20 -2.02186e-07  2.98074e-22 -5.42357e-09 -8.15569e-21  2.89621e-08 -1.72948e-21  1.67665e-08  3.61881e-21  5.26526e-09  2.61123e-22  7.71337e-10 -2.51007e-22  -1.8151e-10  2.66786e-23 -1.70131e-10 -5.74329e-23 -6.73776e-11  1.21626e-23 -1.81114e-11  3.20042e-23  -3.3251e-12 -1.41819e-23 -2.63631e-13 -2.44003e-23  8.55204e-14 -6.41936e-24    4.809e-14  3.21493e-24  1.43203e-14  1.84604e-24  3.18786e-15 -2.53955e-25  5.68886e-16 -3.44565e-25  8.18788e-17 -2.22354e-26  9.05579e-18  4.02036e-26  6.15853e-19  1.11917e-26  -2.0356e-20 -3.67431e-28 -1.50626e-20 -4.21609e-28  -2.9799e-21   8.0548e-29 -4.14147e-22  8.04567e-29  -4.5756e-23  2.49869e-29 -4.16794e-24  3.15518e-30 -3.16107e-25 -6.44579e-31 -1.98958e-26 -3.18278e-31 -1.02589e-27 -3.92342e-32 -4.23503e-29  1.53588e-33 -1.34844e-30  7.54587e-34 -3.11093e-32  4.95604e-35 -4.65263e-34 -5.01981e-37 -3.71827e-36 -7.72312e-38
 1.93768e-22  1.95972e-08 -2.28139e-21 -3.22735e-07 -7.57504e-21   2.0151e-06  2.25061e-19 -3.07261e-07 -1.56155e-18 -8.15596e-05  6.03132e-18  0.000647736 -1.49277e-17  -0.00285443  2.44138e-17   0.00836651 -2.50135e-17   -0.0170209  1.09299e-17    0.0236674  1.15123e-17   -0.0204439 -3.19818e-17   0.00687928  4.80239e-17   0.00531381 -5.71229e-17  -0.00562379  4.75426e-17 -0.000739542 -1.61582e-17   0.00247935 -1.58157e-17  0.000251266  2.37538e-17 -0.000931236 -8.81135e-18 -0.000254483 -5.83755e-18  0.000260057  4.98525e-18  0.000166119  2.84574e-18 -1.95949e-05 -3.87514e-18 -5.72203e-05  -3.4726e-19 -2.06824e-05  1.68274e-18  4.85471e-06 -1.79295e-19  7.56276e-06 -4.31902e-19  2.92317e-06  7.51865e-20 -1.25457e-08  6.13774e-20 -5.86393e-07 -1.54552e-22 -3.27251e-07 -4.37967e-23  -8.4848e-08 -1.18403e-20  3.49809e-09 -1.74558e-21  1.40787e-08  3.66053e-21  7.22649e-09  7.46328e-22  2.18517e-09 -6.85578e-23  3.56613e-10  -1.0812e-22 -3.37834e-11 -9.21802e-23 -4.81484e-11  5.72842e-23 -2.00585e-11  5.44062e-23   -5.665e-12  -2.2307e-23 -1.18185e-12 -3.56014e-23 -1.68448e-13 -1.00296e-23  -6.9918e-15  3.22005e-24  4.85024e-15  2.05985e-24  1.98013e-15 -1.97519e-25   4.9155e-16 -3.06112e-25  9.43169e-17 -7.13289e-27  1.48485e-17  3.91882e-26  1.94736e-18  9.34949e-27    2.107e-19 -7.65825e-28  1.80062e-20 -4.98326e-28  1.04798e-21  5.47298e-29   8.5087e-24  7.93907e-29 -7.42989e-24  2.56417e-29 -1.17228e-24  2.77475e-30 -1.15698e-25 -7.38493e-31 -8.55091e-27 -2.87463e-31  -4.9134e-28 -2.99896e-32 -2.18591e-29  1.17176e-33 -7.29442e-31  4.33475e-34 -1.70572e-32  2.05108e-35 -2.43045e-34 -3.94113e-37 -1.42963e-36
-2.08083e-09  1.53733e-21  8.59592e-08   -1.251e-20  -1.2157e-06   8.2369e-21  8.74009e-06  3.96307e-19 -3.15711e-05 -2.77333e-18  6.93057e-06  9.95457e-18  0.000531822 -2.24805e-17  -0.00300762   3.3173e-17   0.00941947 -3.02211e-17   -0.0192685  1.15123e-17    0.0259156   1.0475e-17   -0.0204454 -2.66257e-17      0.00427  4.17731e-17   0.00763237 -5.45611e-17  -0.00526781  4.76178e-17  -0.00215239 -1.59325e-17   0.00251917 -1.63864e-17    0.0009161  2.31753e-17 -0.000884014 -6.66953e-18 -0.000518593 -8.00608e-18  0.000169482  5.42187e-18  0.000230696  3.51568e-18  3.69546e-05 -3.99565e-18 -5.24816e-05  -6.4305e-19 -3.52241e-05  1.62305e-18 -4.00466e-06 -2.98435e-20     6.52e-06 -3.85565e-19  4.47396e-06  2.49354e-20  1.11318e-06  4.84207e-20 -2.50361e-07  1.51635e-20  -3.4479e-07 -1.30142e-21 -1.54075e-07 -1.50683e-20  -3.3961e-08 -2.14061e-21  2.74299e-09  3.77073e-21  5.85234e-09  1.37299e-21  2.80751e-09   8.8321e-23  8.41835e-10 -2.61973e-22  1.56452e-10 -1.13999e-22  3.83582e-12   1.1966e-22 -1.02557e-11  8.22555e-23 -4.86452e-12 -3.20176e-23 -1.45562e-12 -4.81773e-23 -3.29245e-13 -1.42291e-23 -5.75186e-14  2.75623e-24  -7.1482e-15  2.05952e-24 -3.40894e-16 -1.47188e-25  1.19072e-16 -2.43746e-25  4.54203e-17  1.39299e-26   9.9357e-18  3.83251e-26  1.66659e-18  7.49127e-27  2.29828e-19 -1.17456e-27  2.66707e-20 -5.74433e-28  2.61736e-21   3.9846e-29  2.15718e-22  8.01966e-29  1.46397e-23  2.51487e-29  7.84199e-25  2.16433e-30  2.98532e-26 -7.63935e-31  5.01788e-28 -2.38761e-31 -2.67292e-29 -2.11018e-32 -2.63882e-30  7.56234e-34 -1.13086e-31  2.11685e-34 -2.75193e-33  6.09385e-36 -3.31291e-35 -1.74436e-37
-3.77623e-22 -7.63833e-09  7.80648e-21  2.33583e-07 -4.95136e-20 -3.07679e-06  8.66661e-20  2.25856e-05  5.81833e-19 -9.81073e-05  -4.4576e-18  0.000218962  1.50925e-17  0.000101057 -3.12232e-17  -0.00256334  4.14068e-17   0.00959593   -3.297e-17   -0.0204439   1.0475e-17    0.0269849  7.58259e-18   -0.0193942 -1.72205e-17   0.00125347  3.22286e-17   0.00947093 -5.00389e-17  -0.00426231  4.65682e-17  -0.00353125 -1.56819e-17   0.00216694 -1.63817e-17    0.0015832  2.25109e-17 -0.000641972  -4.9464e-18  -0.00074639 -9.75577e-18   6.0217e-06  5.63578e-18  0.000254789  4.11134e-18  0.000103464 -3.90995e-18 -2.91082e-05 -9.41512e-19 -4.34004e-05  1.46163e-18 -1.49343e-05  1.07616e-19  2.53791e-06 -3.08966e-19  4.81859e-06 -1.58996e-20  2.20443e-06  3.75029e-20  3.26223e-07  2.66275e-20 -2.08311e-07 -3.97516e-21 -1.73282e-07 -1.82521e-20 -6.68735e-08 -2.94892e-21 -1.34726e-08  3.99145e-21  1.01292e-09  2.09094e-21  2.07192e-09  1.96866e-22   9.6895e-10 -4.31674e-22  2.93463e-10 -1.15456e-22  6.10552e-11  2.01328e-22  6.45478e-12   1.1537e-22 -1.18712e-12 -4.20893e-23 -8.81001e-13 -6.08604e-23 -2.91572e-13 -1.87263e-23  -7.0351e-14  1.72754e-24 -1.34971e-14  1.78304e-24 -2.08338e-15 -1.26484e-25 -2.47693e-16 -1.69479e-25 -1.84573e-17  3.76694e-26  4.83445e-19  3.76733e-26  4.69697e-19  5.80551e-27  1.00851e-19 -1.53168e-27  1.50835e-20 -6.18751e-28  1.79292e-21   4.1845e-29  1.76128e-22  8.17321e-29  1.44654e-23  2.33908e-29  9.91829e-25  1.46031e-30  5.61805e-26  -7.1933e-31  2.57814e-27  -1.8275e-31  9.29205e-29  -1.3721e-32  2.50531e-30  3.92958e-34  4.67311e-32  8.29347e-35  5.23498e-34  8.21473e-37  2.21035e-36
-2.85082e-10 -2.45116e-21 -6.63472e-09  2.98859e-20  3.73462e-07 -1.56139e-19 -5.51441e-06  3.20878e-19  4.29123e-05    6.767e-19 -0.000202361 -6.53707e-18  0.000573643  2.11649e-17  -0.00070722 -4.01855e-17  -0.00139483  4.74886e-17   0.00873348 -3.19818e-17   -0.0204454  7.58259e-18    0.0269483  3.01207e-18   -0.0175719 -5.05928e-18  -0.00181082  2.09941e-17    0.0106543 -4.42171e-17  -0.00274079  4.45199e-17  -0.00467835  -1.5614e-17   0.00144775 -1.57958e-17   0.00213156  2.19939e-17 -0.000223787  -3.7818e-18 -0.000879651 -1.10737e-17 -0.000205567  5.63814e-18   0.00022203  4.60926e-18  0.000162898 -3.61989e-18  1.06772e-05 -1.21153e-18 -4.05192e-05  1.20743e-18 -2.45473e-05  2.13256e-19 -3.74014e-06 -2.17305e-19  3.43633e-06 -3.91933e-20  2.77338e-06  3.37379e-20   9.5201e-07  3.44589e-20  6.20506e-08 -8.18768e-21 -1.18857e-07 -2.18531e-20 -7.70015e-08 -4.20838e-21 -2.70713e-08  4.30729e-21 -5.37899e-09  2.81974e-21  1.36072e-10  2.22915e-22   6.0703e-10 -6.18242e-22  2.89579e-10 -9.19752e-23  8.96382e-11  3.01972e-22  2.02821e-11  1.53475e-22  3.15249e-12 -5.04323e-23  1.66552e-13 -7.19453e-23  -9.1081e-14  -2.3089e-23  -4.1158e-14  1.31499e-25 -1.09473e-14  1.20745e-24 -2.23447e-15 -1.57913e-25 -3.72989e-16 -9.90445e-26 -5.17372e-17  5.93491e-26 -5.89954e-18  3.66711e-26 -5.26703e-19   4.2648e-27  -3.0861e-20 -1.80897e-27  1.08831e-22 -6.12019e-28   3.2142e-22  5.96205e-29   5.1315e-23  8.19643e-29  5.38232e-24   2.0456e-29  4.30642e-25  7.89687e-31  2.71975e-26 -6.20529e-31  1.35403e-27 -1.29086e-31  5.19117e-29 -8.29816e-33  1.46084e-30  1.41826e-34  2.75557e-32  2.27276e-35  2.81037e-34 -2.13737e-37
 4.11383e-22  -4.6419e-09 -1.05304e-20  5.60204e-08  9.25131e-20  5.64701e-08 -4.11991e-19 -6.17986e-06  8.61967e-19  6.13325e-05  5.10518e-19  -0.00032348 -8.81984e-18   0.00103525  2.76477e-17  -0.00185201 -4.81609e-17   0.00046335  4.99657e-17   0.00687928 -2.66257e-17   -0.0193942  3.01207e-18    0.0260541 -2.62626e-18   -0.0153223  7.86517e-18   -0.0046334  9.77983e-18    0.0111365 -3.75475e-17 -0.000897103  4.15986e-17  -0.00544942 -1.59693e-17  0.000448856 -1.46344e-17   0.00246156  2.17471e-17  0.000314631 -3.17167e-18  -0.00087659 -1.19994e-17 -0.000425619  5.43398e-18  0.000129056  5.00078e-18  0.000197335 -3.13879e-18  5.89524e-05 -1.42442e-18 -2.47037e-05  8.81676e-19 -2.91708e-05  2.68239e-19 -1.06061e-05 -1.28587e-19  4.08598e-07 -4.08686e-20  2.44633e-06   4.1082e-20  1.36639e-06   4.0377e-20  3.75371e-07 -1.34917e-20  9.47321e-11 -2.61217e-20  -5.4554e-08 -5.89408e-21 -3.06008e-08  4.66391e-21 -1.02033e-08  3.45178e-21 -2.11258e-09  1.17686e-22 -9.41549e-11 -8.30212e-22  1.36835e-10 -4.49196e-23  7.19941e-11   4.1776e-22  2.31049e-11  1.96143e-22  5.54725e-12 -5.42883e-23  1.02051e-12 -7.94987e-23  1.31499e-13 -2.67684e-23  5.59728e-15 -1.91199e-24 -2.82868e-15  3.63089e-25 -1.08003e-15  -2.5528e-25 -2.46157e-16 -4.78181e-26 -4.33483e-17  7.38327e-26 -6.29331e-18   3.4271e-26 -7.69744e-19  2.66249e-27 -7.96173e-20 -2.01554e-27 -6.90347e-21 -5.54678e-28  -4.8988e-22  8.52812e-29 -2.69195e-23  7.87843e-29 -9.73147e-25   1.6638e-29 -3.69825e-27  2.40904e-31  2.47411e-27 -4.93228e-31  2.03705e-28 -8.42966e-32  9.48569e-30 -4.71181e-33  2.81171e-31  1.07494e-35  4.91273e-33  2.29213e-36  3.41392e-35
