  8.2254e-32 -1.56917e-36 -6.22795e-30 -1.15638e-35  1.91593e-28   5.0052e-36  -3.5848e-27 -1.42781e-35  4.71201e-26 -2.16228e-35 -4.67932e-25 -1.42801e-35  3.66628e-24  7.74773e-36  -2.3313e-23 -8.69964e-36  1.22652e-22  1.74575e-35 -5.41115e-22  -3.9014e-35  2.02046e-21 -7.61783e-35 -6.42323e-21  1.56175e-33  1.74417e-20 -1.07298e-32 -4.04769e-20  5.25165e-32  8.01012e-20 -2.05166e-31 -1.34414e-19  6.63535e-31  1.89294e-19 -1.79182e-30 -2.19766e-19  3.98741e-30  2.03676e-19 -6.94143e-30 -1.40985e-19  7.73127e-30  6.01821e-20  2.41091e-30  1.03005e-22 -4.13506e-29 -2.05613e-20  1.35841e-28  1.24091e-20 -3.13462e-28  1.11584e-22   5.8557e-28 -3.76163e-21 -9.28063e-28   1.2637e-21  1.27421e-27  6.79907e-22 -1.53178e-27 -4.69541e-22  1.62185e-27 -9.70803e-23 -1.51768e-27  1.19038e-22  1.25794e-27  1.56333e-23 -9.24717e-28  -2.4896e-23  6.02753e-28 -3.90141e-24 -3.46867e-28  4.32032e-24  1.73552e-28  1.10239e-24 -7.22648e-29 -5.56203e-25  2.18648e-29 -2.49082e-25 -1.84078e-30  3.46508e-26 -3.14281e-30  3.85602e-26  2.59045e-30  3.75425e-27  -1.1522e-30 -3.37289e-27  2.94717e-31 -1.12953e-27 -1.15461e-32   4.1787e-29   -2.303e-32  1.01527e-28  8.19023e-33   2.1064e-29 -6.59391e-35 -1.60539e-30 -8.88955e-34 -1.59002e-30  3.22348e-34 -2.85133e-31 -3.04719e-35  6.16754e-33 -1.58692e-35   1.2173e-32  6.64487e-36  2.31639e-33 -6.67961e-37  1.21078e-34 -2.04313e-37  -3.0157e-35  6.14677e-38 -7.34867e-36 -1.92173e-39   -6.916e-37 -8.35041e-40 -1.24261e-38 -1.77346e-41    4.407e-39  1.71711e-41  5.32534e-40 -5.62199e-44  2.65518e-41  3.09436e-44  5.47588e-43 -2.19979e-44 -1.29989e-44  7.32542e-46 -5.71497e-46  2.48544e-48
-1.56917e-36  8.91235e-30 -2.22357e-36 -3.96524e-28 -3.96866e-35  9.30867e-27 -1.31802e-35 -1.44912e-25 -6.10004e-35  1.65237e-24 -3.46065e-35 -1.45861e-23  -4.2819e-35  1.03201e-22  3.69007e-35 -5.99023e-22 -1.26934e-34  2.89876e-21  5.04357e-34 -1.18266e-20 -1.67671e-33  4.09888e-20   2.9484e-33 -1.21236e-19  9.07865e-33  3.06623e-19 -1.13727e-31 -6.62652e-19  6.38228e-31   1.2192e-18 -2.63208e-30 -1.89543e-18  8.77571e-30  2.45718e-18 -2.43992e-29 -2.59575e-18  5.68982e-29  2.13951e-18 -1.09611e-28 -1.24442e-18   1.6516e-28  3.43196e-19 -1.57772e-28  1.68882e-19 -5.22564e-29 -2.27692e-19  6.71174e-28  7.39653e-20 -1.89826e-27  3.53282e-20  3.78758e-27 -3.55719e-20 -6.11285e-27  1.22399e-21  8.34961e-27   9.2385e-21  -9.8473e-27  -2.0077e-21  1.01307e-26 -1.98003e-21 -9.14521e-27  6.11065e-22  7.27382e-27  4.10297e-22 -5.11524e-27 -1.20075e-22  3.18965e-27 -8.45899e-23 -1.76291e-27  1.46856e-23  8.53891e-28  1.58752e-23 -3.47784e-28 -1.23165e-25  1.04163e-28 -2.33464e-24 -9.35525e-30 -4.02357e-25 -1.38354e-29  2.11997e-25  1.12322e-29  9.04273e-26 -4.76684e-30 -2.28905e-27  1.08728e-30  -9.1396e-27  2.69754e-32 -1.93909e-27 -1.14602e-31   2.5089e-28  3.56393e-32  1.94589e-28  -3.4669e-34  3.05303e-29 -3.43549e-33 -3.49524e-30  1.26068e-33 -2.25521e-30 -1.53183e-34 -3.53895e-31 -4.29874e-35  4.90375e-33  2.10401e-35  1.16358e-32 -2.01977e-36  2.08959e-33 -7.21405e-37  1.29976e-34   1.8949e-37 -1.36186e-35 -1.25455e-39 -3.69176e-36 -2.41627e-39 -3.47486e-37 -2.41752e-40 -1.22585e-38  5.82977e-41  5.75646e-40  9.08356e-43  8.44495e-41  7.46209e-44  3.75909e-42 -4.90043e-44  5.16559e-44  1.09624e-45  1.32818e-47
-6.22795e-30 -2.22357e-36  4.91217e-28  9.27527e-36 -1.52425e-26 -9.47025e-35  2.87789e-25 -6.77191e-35 -3.81883e-24 -1.27538e-34  3.83012e-23 -2.39155e-35 -3.03226e-22 -1.19119e-34  1.94926e-21  3.89531e-34 -1.03735e-20 -2.01013e-33  4.63213e-20  9.11263e-33 -1.75178e-19  -3.3359e-32  5.64493e-19  8.89276e-32 -1.55509e-18 -1.04246e-31  3.66513e-18 -5.33069e-31 -7.37545e-18  4.56855e-30  1.26055e-17 -2.10515e-29 -1.81199e-17  7.34026e-29  2.15403e-17 -2.09211e-28 -2.05482e-17  4.99631e-28  1.48002e-17 -1.00156e-27 -6.81558e-18  1.65148e-27  4.50976e-19 -2.09461e-27  2.02824e-18  1.54235e-27 -1.41041e-18  1.15144e-27  9.50162e-20 -7.02383e-27  3.87634e-19  1.62177e-26 -1.66095e-19 -2.73295e-26 -6.01122e-20  3.75112e-26  5.69975e-20 -4.35803e-26  5.96881e-21  4.36102e-26 -1.41746e-20 -3.79434e-26 -5.39756e-22  2.88904e-26   3.0148e-21 -1.93709e-26  1.90454e-22  1.15175e-26 -5.53804e-22 -6.10525e-27 -8.59789e-23   2.8692e-27  8.03375e-23 -1.15015e-27  2.49875e-23  3.43845e-28 -7.16905e-24 -3.31558e-29 -4.61462e-24 -4.24324e-29 -6.83225e-26  3.40813e-29  4.95698e-25 -1.38143e-29  1.18023e-25  2.79443e-30 -1.81456e-26   2.5369e-31 -1.40485e-26 -3.64049e-31 -1.99403e-27  1.02325e-31    4.572e-28 -1.46513e-33  2.24886e-28 -8.70564e-33   2.8468e-29  3.31124e-33 -3.69191e-30 -4.99239e-34 -1.90664e-30 -7.11283e-35 -2.74656e-31  4.66411e-35 -1.07849e-33 -4.13808e-36  6.12672e-33  -1.8738e-36   1.0663e-33  4.18961e-37  7.43877e-35  8.53493e-39 -1.92601e-36 -4.96138e-39  -8.8099e-37 -8.40262e-40 -8.02583e-38  1.24184e-40 -3.21797e-39  3.30698e-42 -1.46927e-41  1.54222e-43   3.7849e-42 -6.63671e-44  9.56325e-44  8.20931e-46
-1.15638e-35 -3.96524e-28  9.27527e-36  1.78069e-26  4.46906e-35 -4.21833e-25 -1.86772e-34  6.62929e-24 -1.43922e-34 -7.63432e-23  -1.8854e-34  6.80934e-22  9.02859e-35 -4.87045e-21 -8.36678e-34  2.85947e-20  4.92426e-33 -1.40046e-19 -2.64027e-32  5.78654e-19  1.19278e-31 -2.03259e-18 -4.45821e-31  6.09826e-18  1.32746e-30 -1.56601e-17 -2.78532e-30  3.44032e-17  1.61307e-30 -6.44375e-17  1.92763e-29  1.02172e-16 -1.18809e-28  -1.3544e-16  4.51446e-28   1.4689e-16 -1.33308e-27 -1.25194e-16  3.24734e-27  7.66291e-17 -6.64304e-27 -2.43808e-17  1.13689e-26 -7.83771e-18 -1.58053e-26  1.36792e-17  1.62244e-26 -5.36915e-18 -7.32647e-27 -1.67494e-18 -1.53632e-26  2.28576e-18  5.18903e-26 -2.67032e-19 -9.53996e-26 -5.54958e-19  1.33448e-25  1.76975e-19 -1.53513e-25  1.12492e-19  1.49602e-25 -5.08285e-20 -1.25296e-25 -2.28851e-20  9.10415e-26  1.04628e-20 -5.79414e-26  4.92232e-21  3.27061e-26 -1.54121e-21  -1.6602e-26 -1.00955e-21   7.6003e-27   1.1152e-22 -3.02636e-27  1.67618e-22  9.13134e-28  1.43291e-23 -9.56046e-29 -1.85137e-23 -1.04658e-28 -5.52505e-24  8.35179e-29  7.65356e-25 -3.23047e-29  7.11514e-25  5.75101e-30  9.89499e-26  9.06242e-31 -3.29438e-26 -8.68937e-31 -1.48809e-26  2.23322e-31 -1.45528e-27 -4.78215e-33   4.8738e-28 -1.66803e-32  1.82642e-28  6.88496e-33   2.0036e-29   -1.296e-33 -2.33048e-30 -6.34903e-35 -1.08848e-30  8.45657e-35 -1.48806e-31 -6.59852e-36 -3.64967e-33 -4.08398e-36  1.92234e-33  7.66501e-37  3.33145e-34  3.61123e-38  2.44243e-35 -8.25596e-39  3.09025e-37 -1.84648e-39 -9.59779e-38  1.93519e-40 -8.42577e-39  6.65557e-42 -2.91036e-40  2.41992e-43 -2.91954e-42 -5.93428e-44  1.00918e-44
 1.91593e-28 -3.96866e-35 -1.52425e-26  4.46906e-35  4.77285e-25  9.62308e-35 -9.09714e-24 -3.17445e-34  1.21915e-22 -1.96569e-34 -1.23547e-21 -3.22121e-34  9.88771e-21   1.2258e-33 -6.42898e-20 -8.87621e-33   3.4625e-19  5.40371e-32 -1.56574e-18 -2.79725e-31  6.00067e-18  1.22798e-30 -1.96114e-17 -4.55211e-30   5.4845e-17  1.40011e-29 -1.31363e-16 -3.39673e-29  2.68993e-16  5.43514e-29 -4.68599e-16  8.01441e-30  6.88087e-16 -4.63496e-28 -8.38231e-16  2.14092e-27  8.23694e-16   -6.737e-27 -6.17566e-16   1.6854e-26   3.0573e-16  -3.5016e-26 -3.95764e-17  6.10348e-26 -7.78574e-17 -8.82068e-26  6.31088e-17  1.00921e-25 -8.95558e-18 -7.76857e-26 -1.54839e-17  1.68764e-27  8.39087e-18  1.25065e-25  1.87138e-18 -2.74141e-25 -2.68472e-18  3.98914e-25 -2.12859e-20 -4.57271e-25  6.52137e-19  4.34505e-25 -3.74708e-20  -3.4972e-25 -1.40261e-19  2.41511e-25  4.70394e-21 -1.45022e-25  2.71018e-20  7.72487e-26  1.59371e-21 -3.74853e-26 -4.34707e-21  1.68286e-26 -8.74666e-22 -6.74431e-27  4.83314e-22  2.07993e-27  2.06263e-22 -2.37946e-28 -1.81089e-23 -2.20654e-28 -2.71444e-23  1.75228e-28 -4.20347e-24 -6.43913e-29  1.56814e-24   9.9332e-30  7.25134e-25  2.25581e-30  5.39288e-26 -1.65926e-30 -3.62057e-26  3.88723e-31 -1.18017e-26 -1.27266e-32 -8.38808e-28 -2.52319e-32  3.51182e-28  1.22783e-32  1.10049e-28 -2.91271e-33  1.12085e-29  4.36153e-35 -8.97828e-31  1.35194e-34 -4.30059e-31 -8.62774e-36 -5.67944e-32  -7.7762e-36 -2.36786e-33  1.22162e-36  3.34615e-34  8.69818e-38  6.22777e-35 -1.16656e-38  4.46824e-36 -3.03738e-39  1.22791e-37  2.32727e-40  -3.3216e-39  9.48422e-42  -3.1773e-40  2.70854e-43 -6.14604e-42 -3.21279e-44
  5.0052e-36  9.30867e-27 -9.47025e-35 -4.21833e-25  9.62308e-35  1.00879e-23  1.38045e-34  -1.6011e-22 -4.71831e-34    1.863e-21 -9.09319e-35 -1.67977e-20  -1.6428e-33  1.21518e-19  1.25575e-32 -7.21995e-19 -8.62009e-32  3.58068e-18  4.99601e-31  -1.4992e-17 -2.46697e-30  5.34036e-17  1.04381e-29 -1.62625e-16 -3.78394e-29  4.24302e-16  1.16476e-28 -9.48206e-16 -2.96658e-28   1.8093e-15  5.81776e-28 -2.92821e-15 -6.51563e-28  3.97248e-15 -8.68584e-28  -4.4267e-15  7.75792e-27  3.90396e-15 -2.77516e-26 -2.51352e-15  7.26044e-26  9.06178e-16  -1.5372e-25  1.68649e-16  2.71191e-25 -4.33008e-16 -3.99134e-25  2.02557e-16  4.78254e-25  3.62316e-17 -4.30343e-25 -7.69614e-17  1.99352e-25  1.56185e-17  1.99913e-25  1.71669e-17 -6.63221e-25 -7.65037e-18  1.03557e-24  -3.1831e-18 -1.19199e-24  2.11742e-18  1.10571e-24   6.1804e-19 -8.53353e-25 -4.50363e-19   5.5716e-25 -1.39619e-19 -3.13106e-25  7.42875e-20  1.56045e-25  3.20404e-20 -7.22507e-26 -7.96412e-21  3.21649e-26 -6.08613e-21 -1.32078e-26  5.68522e-23  4.21436e-27  8.00097e-22 -5.23917e-28  1.58605e-22 -4.12875e-28 -5.25807e-23   3.2496e-28 -2.76997e-23 -1.12324e-28  -1.7481e-24  1.45107e-29  1.82744e-24  4.47723e-30  5.63695e-25 -2.59185e-30  1.66387e-26  5.41307e-31 -2.81209e-26 -2.90536e-32 -7.31008e-27 -2.98012e-32 -4.23517e-28  1.98621e-32  1.78976e-28 -5.88368e-33  4.99067e-29   3.2698e-34  4.95436e-30  2.00116e-34 -1.79909e-31 -9.47653e-36 -1.15248e-31 -1.31177e-35  -1.4787e-32  1.73219e-36  -7.7377e-34  1.57837e-37  2.30675e-35 -1.42951e-38   6.2866e-36 -3.98466e-39  4.06051e-37  2.18686e-40  1.09145e-38  1.02268e-41  4.69213e-41  2.08187e-43 -1.47205e-42
 -3.5848e-27 -1.31802e-35  2.87789e-25 -1.86772e-34 -9.09714e-24  1.38045e-34  1.75116e-22  1.57806e-34 -2.37117e-21 -6.88808e-34  2.42904e-20  1.24663e-33 -1.96616e-19 -1.44698e-32  1.29368e-18  1.12258e-31 -7.05504e-18 -7.24223e-31  3.23254e-17  3.96211e-30 -1.25621e-16 -1.86097e-29  4.16649e-16  7.55753e-29 -1.18362e-15 -2.65834e-28  2.88303e-15  8.06143e-28 -6.01184e-15 -2.07628e-27   1.0683e-14  4.37498e-27 -1.60373e-14 -6.75946e-27  2.00375e-14  3.97508e-27 -2.02989e-14   1.9063e-26  1.58483e-14 -9.32454e-26 -8.40956e-15    2.648e-25  1.59137e-15 -5.77515e-25  1.78348e-15  1.03162e-24 -1.71904e-15 -1.53336e-24  3.72542e-16  1.87644e-24  3.67166e-16 -1.80266e-24 -2.53652e-16  1.14523e-24 -2.66171e-17  2.22413e-26  7.58318e-17 -1.35444e-24 -6.80376e-18  2.38533e-24  -1.7851e-17 -2.78219e-24  2.90651e-18  2.52187e-24  3.85449e-18 -1.86097e-24 -5.50139e-19  1.14109e-24 -7.80336e-19 -5.93446e-25   3.4525e-20  2.73219e-25  1.37233e-19 -1.20477e-25  1.37738e-20  5.41908e-26 -1.80106e-20 -2.33325e-26 -5.16724e-21  7.77202e-27  1.23598e-21 -1.02944e-27  8.57961e-22 -7.05676e-28  6.12089e-23  5.43562e-28 -6.78474e-23 -1.73645e-28 -2.13002e-23  1.73527e-29  1.68278e-25  7.50862e-30  1.51265e-24 -3.26773e-30  3.49234e-25  5.65698e-31  3.04906e-28  -5.8639e-32 -1.62875e-26 -2.44681e-32  -3.6007e-27  3.04246e-32 -1.98847e-28 -1.08444e-32  6.44765e-29  8.46679e-34  1.68382e-29  2.82727e-34  1.66201e-30 -8.89299e-36  1.73402e-33 -1.97212e-35 -1.96968e-32  2.20573e-36 -2.46951e-33    2.341e-37 -1.36063e-34  -1.5346e-38 -1.26308e-36 -4.28172e-39  2.70092e-37  1.56824e-40  1.44199e-38   8.4175e-42  2.36256e-40   9.7795e-44
-1.42781e-35 -1.44912e-25 -6.77191e-35  6.62929e-24 -3.17445e-34  -1.6011e-22  1.57806e-34  2.56758e-21  2.00374e-34 -3.02002e-20 -1.70821e-33  2.75397e-19  1.32189e-32 -2.01606e-18 -1.21501e-31  1.21284e-17  8.80222e-31 -6.09434e-17 -5.32054e-30  2.58716e-16  2.74528e-29 -9.35152e-16 -1.22497e-28  2.89229e-15  4.76229e-28 -7.67237e-15 -1.61765e-27  1.74541e-14  4.79015e-27 -3.39553e-14   -1.225e-26  5.61372e-14  2.64513e-26 -7.80046e-14 -4.56147e-26  8.93883e-14  5.20413e-26 -8.16285e-14  8.19259e-27  5.52626e-14 -2.45667e-25 -2.22747e-14  8.22681e-25 -1.64747e-15 -1.88708e-24  9.05782e-15    3.432e-24  -5.0213e-15 -5.13988e-24 -3.29171e-16  6.35018e-24  1.70302e-15 -6.28469e-24 -5.06074e-16  4.50007e-24 -3.38808e-16 -1.29551e-24  2.09852e-16 -2.28253e-24  5.35368e-17   4.9527e-24 -5.64053e-17 -5.91419e-24 -9.18637e-18   5.2412e-24  1.22887e-17 -3.68495e-24  2.23285e-18  2.10418e-24 -2.19981e-18 -9.96885e-25 -6.13083e-19  4.15512e-25  2.89535e-19 -1.74222e-25   1.3852e-19  8.17723e-26 -1.77583e-20 -3.79623e-26 -2.17217e-20   1.3236e-26 -2.29538e-21 -1.80754e-27  1.92023e-21 -1.12899e-27  6.68539e-22  8.31905e-28 -2.01475e-23  -2.3874e-28 -6.01071e-23  1.47352e-29 -1.29209e-23  1.09864e-29  8.64692e-25 -3.03377e-30   9.5487e-25  2.99665e-31  1.77438e-25 -1.06094e-31 -2.08458e-27  -4.3232e-33 -7.14583e-27  4.53415e-32 -1.40758e-27 -1.83232e-32 -8.31641e-29  1.60922e-33  1.57437e-29  3.85832e-34  4.08789e-30 -7.43942e-36  3.98529e-31  -2.6527e-35  1.02943e-32  2.53756e-36 -1.87958e-33  2.93727e-37 -2.37478e-34 -1.44576e-38 -1.20261e-35 -3.79927e-39 -2.28112e-37  7.81174e-41  2.28814e-39  5.10049e-42  8.50593e-41
 4.71201e-26 -6.10004e-35 -3.81883e-24 -1.43922e-34  1.21915e-22 -4.71831e-34 -2.37117e-21  2.00374e-34  3.24557e-20   5.7725e-34 -3.36259e-19 -1.01074e-32  2.75423e-18  1.08477e-31 -1.83486e-17 -9.07998e-31  1.01379e-16  6.11945e-30 -4.70939e-16 -3.46597e-29  1.85691e-15  1.68646e-28 -6.25436e-15 -7.14223e-28  1.80609e-14  2.65319e-27 -4.47705e-14 -8.67553e-27  9.51419e-14  2.49491e-26 -1.72596e-13 -6.27081e-26  2.65118e-13  1.35696e-25 -3.40031e-13 -2.44447e-25  3.55409e-13  3.35386e-25  -2.8908e-13 -2.32587e-25  1.64007e-13 -4.25131e-25 -4.04141e-14  2.15594e-24 -2.77381e-14 -5.40886e-24  3.29066e-14  1.01256e-23 -9.67627e-15 -1.53044e-23 -5.86459e-15   1.8992e-23  5.31812e-15 -1.90359e-23 -1.23291e-17  1.43877e-23 -1.47915e-15  -6.0999e-24  2.88383e-16  -2.9068e-24  3.32901e-16  9.39008e-24 -9.64275e-17 -1.16059e-23 -7.13808e-17  1.00536e-23  1.99822e-17 -6.70585e-24  1.51121e-17  3.52871e-24 -2.53623e-18 -1.48832e-24 -2.91394e-18   5.4216e-25  1.45795e-20 -2.16139e-25  4.41767e-19  1.12161e-25  7.74889e-20 -5.78704e-26 -4.14769e-20  2.10001e-26 -1.78808e-20  -2.8305e-27  4.87948e-22 -1.72454e-27  1.85882e-21  1.17814e-27  3.96061e-22 -2.90461e-28 -5.24114e-23  1.55074e-30 -4.05751e-23  1.43337e-29 -6.40728e-24 -1.10431e-30  7.24153e-25 -4.31308e-31  4.72779e-25 -1.72849e-31   7.4988e-26  3.17934e-32 -6.90082e-28  6.62229e-32  -2.3553e-27 -2.84044e-32 -4.27705e-28  2.54057e-33 -2.78949e-29  5.06972e-34   2.3189e-30 -6.44029e-36  6.73313e-31 -3.20388e-35   6.3341e-32  2.65486e-36  2.38932e-33  3.16732e-37 -6.64798e-35 -1.18363e-38 -1.08806e-35 -2.76961e-39 -4.25206e-37  1.71665e-41 -5.56595e-39  1.99716e-42
-2.16228e-35  1.65237e-24 -1.27538e-34 -7.63432e-23 -1.96569e-34    1.863e-21 -6.88808e-34 -3.02002e-20   5.7725e-34  3.59256e-19  3.66216e-33 -3.31506e-18 -7.54311e-32   2.4571e-17  7.85803e-31 -1.49755e-16 -6.07649e-30  7.62872e-16  3.81581e-29 -3.28565e-15 -2.02604e-28  1.20591e-14  9.29403e-28 -3.79068e-14 -3.73232e-27   1.0231e-13  1.32276e-26 -2.37116e-13  -4.1538e-26  4.70678e-13  1.15587e-25 -7.95587e-13 -2.83761e-25  1.13331e-12  6.07923e-25  -1.3367e-12 -1.11096e-24  1.26485e-12   1.6439e-24 -9.00188e-13 -1.67445e-24   4.0151e-13  1.11286e-25 -8.96756e-15   4.5709e-24 -1.37724e-13 -1.36187e-23  9.06486e-14  2.67384e-23 -3.25775e-15 -4.09887e-23 -2.72305e-14  5.10141e-23  1.10578e-14  -5.1327e-23  4.57301e-15   3.9744e-23 -4.08773e-15 -1.95536e-23  -5.0059e-16 -1.70369e-24  1.06782e-15  1.64487e-23  4.87589e-17 -2.12617e-23 -2.36562e-16  1.79811e-23 -1.54188e-17 -1.13221e-23  4.52123e-17   5.4198e-24  6.97292e-18 -1.96432e-24 -6.85363e-18  5.81652e-25 -2.10915e-18 -2.21646e-25  6.49398e-19   1.4221e-25  4.07517e-19 -8.37937e-26  2.12605e-21   3.1201e-26 -4.59527e-20 -3.93635e-27 -1.06238e-20 -2.54781e-27  1.83478e-21  1.55971e-27  1.33612e-21 -3.07299e-28   1.8234e-22 -2.78453e-29 -4.61272e-23  1.70276e-29 -2.17939e-23  3.21302e-30 -2.68653e-24 -1.76471e-30  3.71763e-25 -2.53654e-31  1.84669e-25  7.94843e-32  2.62537e-26  9.39688e-32  1.16062e-28  -4.0394e-32 -5.65724e-28  3.48723e-33 -9.71454e-29  6.34505e-34 -6.78921e-30   -7.507e-36  1.26993e-31 -3.48752e-35  6.82378e-32  2.54752e-36  6.00026e-33  2.95365e-37  2.32352e-34 -8.16601e-39  1.56937e-36 -1.62802e-39  -1.5159e-37 -9.87825e-42 -2.67428e-39
-4.67932e-25 -3.46065e-35  3.83012e-23  -1.8854e-34 -1.23547e-21 -9.09319e-35  2.42904e-20 -1.70821e-33 -3.36259e-19  3.66216e-33  3.52527e-18   2.6979e-32 -2.92348e-17 -5.31422e-31  1.97311e-16  5.13036e-30 -1.10516e-15  -3.6802e-29  5.20822e-15  2.15631e-28 -2.08502e-14  -1.0735e-27  7.13652e-14  4.63994e-27  -2.0964e-13 -1.76492e-26   5.2927e-13  5.95838e-26 -1.14717e-12 -1.79336e-25  2.12634e-12  4.81574e-25 -3.34497e-12 -1.14998e-24   4.4079e-12  2.42149e-24 -4.75765e-12 -4.42079e-24  4.03329e-12  6.75755e-24 -2.44147e-12 -7.91871e-24  7.36716e-13  4.82246e-24  3.05535e-13  6.71277e-24 -4.75474e-13 -2.98853e-23  1.79106e-13  6.35446e-23  6.53668e-14 -9.96386e-23 -8.32652e-14  1.24494e-22  8.82457e-15 -1.25154e-22  2.12911e-14  9.77191e-23  -6.7585e-15 -5.14574e-23 -4.47152e-15  4.43677e-24  2.06134e-15  2.69354e-23  9.33479e-16 -3.67029e-23 -4.47784e-16  3.02276e-23 -2.06846e-16 -1.78694e-23   7.0333e-17  7.65872e-24  4.42228e-17 -2.24723e-24 -5.83915e-18  4.41473e-25 -7.73247e-18 -1.66102e-25 -5.38113e-19   1.7033e-25  9.10974e-19 -1.16344e-25  2.55813e-19  4.35554e-26 -4.35981e-20 -4.82871e-27  -3.5597e-20  -3.6574e-27 -4.47867e-21  1.95155e-27  1.81013e-21 -2.70129e-28  7.60099e-22 -7.83632e-29   6.6439e-23  1.89825e-29 -2.70305e-23  1.02542e-29 -9.49222e-24  -3.7494e-30 -9.80038e-25 -3.34748e-31  1.31328e-25  1.28857e-31  5.62604e-26  1.27608e-31  7.42571e-27 -5.26897e-32  1.65763e-28  4.25479e-33 -9.33073e-29  7.47854e-34 -1.55415e-29 -1.18084e-35 -1.09864e-30 -3.43566e-35 -1.53136e-32  2.26378e-36  3.53791e-33  2.38258e-37   2.8472e-34 -4.39184e-39  8.65409e-36 -7.42458e-40  8.02835e-38 -1.02382e-41
-1.42801e-35 -1.45861e-23 -2.39155e-35  6.80934e-22 -3.22121e-34 -1.67977e-20  1.24663e-33  2.75397e-19 -1.01074e-32 -3.31506e-18   2.6979e-32  3.09713e-17   1.8766e-31 -2.32557e-16 -3.41651e-30  1.43684e-15  3.05267e-29 -7.42514e-15 -2.03667e-28  3.24665e-14  1.11441e-27 -1.21079e-13 -5.20083e-27  3.87108e-13  2.11613e-26 -1.06386e-12 -7.61361e-26  2.51391e-12  2.44434e-25 -5.09608e-12 -7.03783e-25  8.81467e-12  1.81963e-24 -1.28843e-11 -4.21414e-24  1.56553e-11  8.68123e-24 -1.53617e-11 -1.56936e-23  1.14913e-11  2.42615e-23 -5.62641e-12 -3.03084e-23  6.05129e-13  2.56434e-23  1.59764e-12  4.83507e-25 -1.26207e-12 -5.57092e-23   1.6553e-13  1.36198e-22  3.29847e-13 -2.21322e-22 -1.78487e-13  2.78427e-22 -4.14106e-14 -2.79067e-22  6.00982e-14  2.17684e-22   1.0321e-16 -1.18113e-22 -1.51858e-14  2.06523e-23  1.09878e-15   4.1747e-23   3.3938e-15 -6.01486e-23 -1.83798e-16  4.80549e-23 -6.86046e-16 -2.65154e-23 -2.48426e-17  9.97723e-24  1.16573e-16 -2.10763e-24  2.06522e-17  3.26323e-26 -1.40763e-17  -3.5249e-26 -5.46962e-18  1.98037e-25  6.89242e-19 -1.55646e-25  7.85921e-19  5.73088e-26  1.04298e-19 -5.17311e-27 -5.12134e-20 -5.08951e-27 -2.12539e-20  2.33923e-27 -1.15618e-21 -1.70432e-28  1.18519e-21 -1.52984e-28  3.53531e-22  2.08854e-29  1.99696e-23  1.97905e-29 -1.17147e-23 -6.30295e-30 -3.36171e-24 -3.95836e-31 -3.13433e-25  1.66556e-31  3.16542e-26  1.63573e-31  1.29957e-26 -6.30244e-32  1.62167e-27  4.67464e-33  6.15537e-29  8.23266e-34 -9.39814e-30 -1.94243e-35 -1.60394e-30 -3.07821e-35 -1.06654e-31  1.87768e-36 -2.73104e-33  1.65505e-37   5.6124e-35 -1.41715e-39  4.62395e-36 -2.42887e-40  5.81452e-38
 3.66628e-24  -4.2819e-35 -3.03226e-22  9.02859e-35  9.88771e-21  -1.6428e-33 -1.96616e-19  1.32189e-32  2.75423e-18 -7.54311e-32 -2.92348e-17   1.8766e-31  2.45609e-16  1.19746e-30 -1.68038e-15 -2.01363e-29  9.54762e-15  1.67072e-28 -4.56769e-14 -1.03871e-27  1.85788e-13  5.31009e-27 -6.46696e-13 -2.32185e-26    1.934e-12  8.88227e-26 -4.97694e-12 -3.01757e-25  1.10118e-11  9.19449e-25 -2.08735e-11 -2.52713e-24  3.36596e-11  6.27752e-24 -4.56163e-11 -1.40665e-23  5.08877e-11  2.82599e-23  -4.4986e-11  -5.0314e-23  2.90049e-11  7.77537e-23 -1.03221e-11 -1.00121e-22 -2.30499e-12  9.68414e-23  5.40355e-12 -4.18853e-23 -2.53135e-12 -8.17806e-23 -4.79691e-13  2.62787e-22  1.01573e-12 -4.51468e-22  -2.1604e-13  5.74563e-22 -2.33272e-13 -5.73811e-22    1.107e-13  4.44601e-22  4.35366e-14 -2.43357e-22 -3.20429e-14  5.39835e-23 -8.45259e-15  6.20481e-23    7.178e-15 -9.40992e-23  1.97538e-15  7.25589e-23 -1.26933e-15 -3.71448e-23 -4.85824e-16  1.19703e-23  1.53787e-16 -1.31809e-24   1.0015e-16  -6.9616e-25 -4.98957e-18  1.65425e-25 -1.44329e-17  2.29768e-25 -2.38816e-18 -2.00721e-25  1.09942e-18   7.1393e-26  4.97047e-19 -4.78728e-27  1.59289e-20 -6.82718e-27 -3.74168e-20  2.73282e-27 -1.02318e-20  -1.6188e-29 -1.38414e-23 -2.52111e-28  5.85626e-22  2.42536e-29  1.36796e-22  3.09546e-29  5.50326e-24 -9.18761e-30  -3.8416e-24 -4.15865e-31 -9.56358e-25  1.79104e-31 -8.54335e-26  1.95985e-31  4.66838e-27 -6.90868e-32  2.16876e-27  4.67056e-33  2.56465e-28  8.42989e-34   1.2143e-29 -2.91077e-35 -4.17549e-31 -2.52372e-35 -9.27015e-32  1.45569e-36 -5.27447e-33  9.80809e-38  -1.2199e-34  2.41414e-40  -4.5121e-37  -4.6951e-41
 7.74773e-36  1.03201e-22 -1.19119e-34 -4.87045e-21   1.2258e-33  1.21518e-19 -1.44698e-32 -2.01606e-18  1.08477e-31   2.4571e-17 -5.31422e-31 -2.32557e-16  1.19746e-30  1.77015e-15   7.0289e-30 -1.10941e-14 -1.09678e-28  5.81982e-14  8.47726e-28 -2.58532e-13 -4.91831e-27   9.8041e-13  2.34961e-26 -3.19061e-12 -9.61873e-26  8.93577e-12   3.4545e-25 -2.15474e-11 -1.10588e-24  4.46473e-11  3.19029e-24 -7.91006e-11 -8.34985e-24  1.18753e-10  1.98816e-23 -1.48791e-10 -4.30129e-23   1.5152e-10  8.40815e-23 -1.19127e-10 -1.46937e-22  6.36244e-11  2.25453e-22 -1.17673e-11  -2.9407e-22 -1.44613e-11  3.03849e-22  1.40423e-11 -1.95263e-22 -3.15379e-12 -6.72115e-23 -3.08745e-12  4.52856e-22  2.23995e-12 -8.48829e-22  1.93134e-13  1.10013e-21 -6.90834e-13 -1.09518e-21  8.22084e-14  8.39715e-22   1.6696e-13 -4.57555e-22 -3.42186e-14  1.12268e-22 -3.72297e-14  8.95816e-23  7.19925e-15 -1.41042e-22  7.91689e-15  1.04335e-22 -7.41611e-16 -4.92566e-23 -1.49348e-15  1.31559e-23 -8.36212e-17  2.71404e-25  2.15991e-16 -1.72627e-24  5.13146e-17  4.07448e-25 -1.79248e-17  2.70307e-25 -9.96363e-18 -2.48832e-25 -2.93986e-19  8.48039e-26  9.12951e-19 -3.85501e-27  2.44261e-19 -8.78246e-27 -1.34053e-20  3.17427e-27 -2.04843e-20  1.68236e-28 -4.08898e-21 -3.73562e-28   1.4907e-22  3.10407e-29  2.26931e-22  4.23396e-29  4.42415e-23 -1.20172e-29  1.59747e-24 -3.79861e-31 -9.41852e-25  1.56551e-31 -2.12517e-25  2.18055e-31 -1.86773e-26 -6.93105e-32  2.36741e-28  4.29017e-33  2.41906e-28  8.02969e-34  2.69211e-29 -3.85834e-35  1.32064e-30 -1.90736e-35   7.6781e-33  1.04467e-36 -2.27529e-33  4.87873e-38 -9.33079e-35  6.64977e-40 -9.10929e-37
 -2.3313e-23  3.69007e-35  1.94926e-21 -8.36678e-34 -6.42898e-20  1.25575e-32  1.29368e-18 -1.21501e-31 -1.83486e-17  7.85803e-31  1.97311e-16 -3.41651e-30 -1.68038e-15   7.0289e-30  1.16619e-14  3.82261e-29 -6.72619e-14 -5.56095e-28  3.26906e-13  4.01431e-27 -1.35199e-12 -2.17589e-26  4.78967e-12  9.71524e-26 -1.45945e-11   -3.721e-25  3.83156e-11  1.25265e-24 -8.66181e-11 -3.76986e-24   1.6807e-10  1.02672e-23 -2.78091e-10 -2.55119e-23  3.87971e-10  5.80693e-23 -4.47741e-10 -1.21029e-22  4.12985e-10  2.29786e-22 -2.83219e-10 -3.93332e-22  1.15936e-10  5.96864e-22  8.90308e-12 -7.80995e-22 -4.94903e-11  8.35399e-22  2.84745e-11 -6.31248e-22  1.38393e-12  9.93228e-23 -9.89526e-12  6.83576e-22  3.26953e-12 -1.47464e-21  1.95105e-12  1.96369e-21 -1.37772e-12 -1.95076e-21 -2.85611e-13  1.47617e-21  3.83085e-13 -7.93439e-22  4.34418e-14  2.01862e-22 -8.75944e-14  1.26979e-22 -1.11843e-14 -2.02907e-22  1.68335e-14  1.43059e-22  3.65348e-15  -6.1908e-23 -2.48277e-15  1.30774e-23  -9.5974e-16  2.65837e-24  2.07096e-16 -2.95245e-24  1.71734e-16  6.45138e-25  9.27223e-18  3.20546e-25 -1.77939e-17 -2.95198e-25 -5.05524e-18  9.70731e-26  4.89685e-19 -3.04523e-27  5.48022e-19 -1.08085e-26  9.59555e-20  3.73173e-27 -1.35601e-20  3.49578e-28 -8.90313e-21 -5.12846e-28 -1.38781e-21  4.28024e-29  7.88809e-23  5.22549e-29  6.93965e-23 -1.43078e-29  1.18357e-23 -2.83247e-31  4.78247e-25  9.55283e-32  -1.6562e-25  2.24167e-31 -3.52378e-26 -6.34874e-32 -3.02518e-27  3.68178e-33 -4.77351e-29  7.14462e-34  1.57448e-29 -4.52745e-35  1.64775e-30 -1.33875e-35  7.09427e-32  6.78332e-37  1.05339e-33  1.97783e-38 -1.01069e-35  4.03426e-40
-8.69964e-36 -5.99023e-22  3.89531e-34  2.85947e-20 -8.87621e-33 -7.21995e-19  1.12258e-31  1.21284e-17 -9.07998e-31 -1.49755e-16  5.13036e-30  1.43684e-15 -2.01363e-29 -1.10941e-14  3.82261e-29  7.05795e-14  1.93911e-28  -3.7613e-13 -2.63994e-27  1.69882e-12  1.78342e-26 -6.55622e-12 -9.04053e-26  2.17363e-11   3.7739e-25 -6.20912e-11 -1.35172e-24  1.52929e-10   4.2594e-24 -3.24205e-10 -1.20214e-23  5.88914e-10  3.08068e-23 -9.09015e-10 -7.24066e-23  1.17562e-09  1.57016e-22 -1.24348e-09 -3.14469e-22  1.02758e-09  5.78964e-22 -5.95658e-10 -9.69546e-22     1.53e-10  1.45209e-21  1.02058e-10 -1.89582e-21 -1.27767e-10  2.06481e-21  4.09609e-11 -1.69469e-21   2.2165e-11  6.59721e-22 -2.25436e-11  8.60755e-22  9.76002e-13 -2.37053e-21  6.32639e-12  3.28108e-21 -1.59573e-12 -3.25757e-21 -1.43012e-12  2.42778e-21  5.36369e-13 -1.27835e-21  3.12185e-13  3.24456e-22  -1.2012e-13  1.77821e-22 -6.96818e-14 -2.80279e-22  1.83924e-14   1.8709e-22   1.4665e-14 -7.37454e-23 -1.16531e-15  1.14252e-23 -2.49528e-15  5.64074e-24 -2.79055e-16 -4.19101e-24  2.78636e-16  8.28963e-25  9.34261e-17  3.73567e-25 -1.01067e-17 -3.33371e-25 -1.17971e-17    1.086e-25 -1.90386e-18 -3.43099e-27  4.98546e-19 -1.27451e-26   2.5911e-19  4.47799e-27   3.0831e-20   4.9828e-28 -7.12139e-21 -6.63228e-28 -3.13766e-21  5.97008e-29 -4.06156e-22  5.90804e-29  2.31821e-23 -1.55758e-29  1.65141e-23 -1.31958e-31  2.54681e-24  9.58323e-34  1.22776e-25  2.11834e-31 -1.91593e-26 -5.28958e-32 -4.07092e-27  3.02677e-33 -3.30271e-28  5.98475e-34 -9.78539e-30 -4.71912e-35  4.36286e-31 -8.76484e-36  4.67421e-32  3.84264e-37  1.36773e-33  6.14367e-39  1.01479e-35
 1.22652e-22 -1.26934e-34 -1.03735e-20  4.92426e-33   3.4625e-19 -8.62009e-32 -7.05504e-18  8.80222e-31  1.01379e-16 -6.07649e-30 -1.10516e-15  3.05267e-29  9.54762e-15 -1.09678e-28 -6.72619e-14  1.93911e-28  3.94099e-13  9.22391e-28 -1.94738e-12 -1.17845e-26  8.19568e-12  7.46207e-26 -2.95759e-11  -3.5415e-25   9.1904e-11  1.38316e-24 -2.46381e-10 -4.63329e-24  5.69638e-10  1.36528e-23 -1.13257e-09 -3.60526e-23  1.92484e-09  8.66175e-23 -2.76736e-09 -1.91706e-22  3.30713e-09  3.94354e-22 -3.18474e-09 -7.56537e-22  2.32049e-09  1.34844e-21 -1.07368e-09   -2.208e-21  4.56343e-11  3.26187e-21  3.69892e-10 -4.23778e-21 -2.61832e-10   4.6564e-21  1.93435e-11 -4.00196e-21  7.78846e-11  2.06215e-21 -3.67246e-11  7.69312e-22 -1.19471e-11 -3.52718e-21  1.35721e-11  5.15118e-21   7.4831e-13 -5.11988e-21 -3.62434e-12  3.75097e-21  9.46553e-14 -1.92376e-21  8.37803e-13  4.73854e-22 -9.47811e-15  2.46184e-22  -1.7202e-13 -3.71514e-22 -1.30711e-14   2.3325e-22  2.91745e-14 -8.31526e-23  6.37748e-15   8.1438e-24 -3.40651e-15  8.82111e-24 -1.54194e-15 -5.21283e-24    1.263e-16  9.21044e-25  2.10258e-16  4.13327e-25  3.45607e-17 -3.56332e-25 -1.22577e-17  1.20634e-25 -5.97803e-18 -6.18264e-27 -5.03896e-19 -1.44825e-26  2.89099e-19  5.45831e-27  1.00095e-19  6.00936e-28   8.3877e-21 -8.15393e-28 -2.61837e-21   7.9818e-29  -8.9814e-22  6.16304e-29 -1.02358e-22 -1.54674e-29   4.0344e-24  6.00821e-32  2.95858e-24 -1.14187e-31  4.20506e-25  1.82685e-31   2.3042e-26 -3.98614e-32 -1.17905e-27  2.46394e-33 -2.95016e-28  4.76581e-34 -2.14026e-29 -4.36681e-35 -6.63873e-31 -5.33225e-36 -7.96872e-34  1.79943e-37  3.46428e-34  1.23649e-39
 1.74575e-35  2.89876e-21 -2.01013e-33 -1.40046e-19  5.40371e-32  3.58068e-18 -7.24223e-31 -6.09434e-17  6.11945e-30  7.62872e-16  -3.6802e-29 -7.42514e-15  1.67072e-28  5.81982e-14 -5.56095e-28  -3.7613e-13  9.22391e-28  2.03792e-12  4.12957e-27  -9.3662e-12 -4.96027e-26  3.68177e-11  2.94788e-25 -1.24465e-10 -1.31156e-24  3.62987e-10  4.79836e-24 -9.14059e-10  -1.5044e-23  1.98464e-09  4.14435e-23 -3.70017e-09 -1.02206e-22  5.87849e-09  2.29349e-22 -7.85579e-09 -4.75488e-22   8.6383e-09  9.22702e-22 -7.50446e-09 -1.68842e-21  4.70253e-09  2.90786e-21 -1.52842e-09 -4.65602e-21 -5.39257e-10  6.78896e-21  9.64454e-10 -8.77107e-21 -4.09255e-10  9.67423e-21 -1.14659e-10 -8.53826e-21   1.8537e-10  5.03195e-21 -3.14107e-11   2.8589e-23 -4.63376e-11 -4.85294e-21  1.93537e-11    7.626e-21  9.34904e-12 -7.59986e-21 -5.96924e-12  5.46269e-21 -1.91324e-12 -2.71459e-21   1.3841e-12  6.33976e-22   4.4967e-13  3.35565e-22 -2.47973e-13 -4.72071e-22 -1.08871e-13  2.76974e-22  2.92305e-14 -8.85077e-23  2.21185e-14  3.47848e-24 -4.56688e-16  1.16712e-23 -3.12696e-15 -5.79145e-24 -6.03017e-16  9.05926e-25  2.23154e-16  4.17266e-25  1.14577e-16 -3.58031e-25  6.62079e-18  1.34851e-25 -7.96448e-18 -1.21207e-26 -2.43999e-18  -1.6018e-26  -7.2053e-20  6.65892e-27  1.22365e-19  6.66668e-28  3.21296e-20  -9.5712e-28  2.04838e-21  9.92252e-29 -7.11471e-22   5.9435e-29 -2.05841e-22 -1.38757e-29 -2.16158e-23   2.7311e-31  2.76174e-25 -2.31398e-31  3.77066e-25  1.42065e-31  4.97549e-26 -2.69473e-32  2.83322e-27  2.04522e-33 -5.33011e-30  3.63698e-34 -1.11877e-29 -3.56514e-35  -6.6499e-31 -2.96158e-36 -1.47251e-32  6.37235e-38 -6.89877e-35
-5.41115e-22  5.04357e-34  4.63213e-20 -2.64027e-32 -1.56574e-18  4.99601e-31  3.23254e-17 -5.32054e-30 -4.70939e-16  3.81581e-29  5.20822e-15 -2.03667e-28 -4.56769e-14  8.47726e-28  3.26906e-13 -2.63994e-27 -1.94738e-12  4.12957e-27  9.79174e-12  1.74387e-26 -4.19722e-11 -1.97155e-25  1.54432e-10    1.101e-24 -4.89853e-10 -4.59938e-24  1.34233e-09  1.57904e-23 -3.17735e-09 -4.64081e-23  6.48014e-09  1.19603e-22 -1.13249e-08 -2.75181e-22  1.67976e-08  5.74749e-22 -2.08087e-08 -1.10953e-21  2.09359e-08  2.01671e-21 -1.61942e-08 -3.49967e-21  8.36263e-09  5.80929e-21 -1.20824e-09 -9.10147e-21 -2.25792e-09  1.31241e-20   2.0029e-09 -1.68791e-20 -3.76573e-10  1.86459e-20 -4.94206e-10 -1.67107e-20  3.26407e-10  1.06013e-20  4.36905e-11 -1.92138e-21  -1.0806e-10 -6.15793e-21  9.48734e-12  1.06838e-20  2.74291e-11 -1.06873e-20  -4.8321e-12  7.51962e-21 -6.32869e-12 -3.60188e-21  1.05647e-12  7.79388e-22  1.37573e-12  4.47368e-22 -9.80306e-14 -5.74466e-22 -2.63029e-13  3.12918e-22 -2.00411e-14  -8.8495e-23  3.81569e-14 -2.06974e-24   9.9761e-15  1.36445e-23 -3.06164e-15  -5.7507e-24 -1.87919e-15   7.9214e-25 -9.10391e-17  3.62291e-25  1.66082e-16 -3.34948e-25  4.83972e-17  1.52678e-25 -1.42062e-18 -2.12964e-26  -3.7715e-18 -1.74773e-26 -8.26277e-19   7.9904e-27  7.34051e-21  7.23839e-28  4.01129e-20 -1.07374e-27  8.59404e-21  1.12961e-28  4.76129e-22  5.28661e-29 -1.41896e-22 -1.09984e-29 -3.66216e-23  4.81927e-31 -3.62229e-24 -3.31071e-31 -4.41297e-26  9.73824e-32  3.10879e-26 -1.61494e-32  3.82428e-27  1.74095e-33  2.02989e-28  2.66316e-34  3.25441e-30 -2.53559e-35 -1.47264e-31 -1.44706e-36 -5.90392e-33   1.3997e-38
 -3.9014e-35 -1.18266e-20  9.11263e-33  5.78654e-19 -2.79725e-31  -1.4992e-17  3.96211e-30  2.58716e-16 -3.46597e-29 -3.28565e-15  2.15631e-28  3.24665e-14 -1.03871e-27 -2.58532e-13  4.01431e-27  1.69882e-12 -1.17845e-26  -9.3662e-12  1.74387e-26  4.38433e-11   6.9527e-26 -1.75709e-10 -7.40325e-25  6.06281e-10  3.88946e-24 -1.80701e-09 -1.52838e-23  4.65729e-09  4.93526e-23 -1.03681e-08 -1.36285e-22  1.98629e-08  3.29148e-22 -3.25174e-08 -7.06571e-22  4.49532e-08   1.3698e-21 -5.14388e-08 -2.44664e-21  4.69924e-08  4.12821e-21 -3.17325e-08 -6.73899e-21  1.24009e-08  1.07435e-20  1.77797e-09 -1.64916e-20 -6.08434e-09  2.36013e-20  3.30605e-09 -3.03007e-20   3.0971e-10  3.35159e-20 -1.25665e-09 -3.02995e-20  3.82512e-10  2.00523e-20  2.66961e-10 -5.77252e-21 -1.75985e-10 -7.17075e-21  -4.2475e-11  1.42154e-20  5.13719e-11 -1.42773e-20  6.93669e-12  9.80569e-21 -1.21712e-11 -4.50263e-21 -1.76602e-12  8.79064e-22  2.40418e-12  5.79447e-22  5.62808e-13 -6.69157e-22 -3.61261e-13  3.35984e-22 -1.47743e-13 -8.23714e-23  2.98202e-14 -7.88537e-24  2.66139e-14  1.43072e-23  1.72638e-15 -4.99745e-24  -2.7474e-15  6.04886e-25 -8.24171e-16  2.31986e-25  6.58593e-17  -2.8725e-25  8.68858e-17  1.74669e-25  1.63408e-17 -3.27778e-26 -1.84283e-18 -1.90835e-26 -1.40494e-18  9.29493e-27 -2.37005e-19  8.07704e-28  7.27139e-21 -1.15005e-27  1.03005e-20  1.16642e-28  1.89224e-21  4.30722e-29   1.0404e-22 -7.30115e-30 -1.97933e-23  6.56456e-31 -4.80907e-24 -3.97628e-31  -4.4586e-25  5.58879e-32 -1.27957e-26 -8.43663e-33  1.37963e-27  1.48289e-33  1.63555e-28   1.8536e-34  6.96302e-30  -1.5379e-35  1.08273e-31 -5.81107e-37 -2.49896e-35
 2.02046e-21 -1.67671e-33 -1.75178e-19  1.19278e-31  6.00067e-18 -2.46697e-30 -1.25621e-16  2.74528e-29  1.85691e-15 -2.02604e-28 -2.08502e-14  1.11441e-27  1.85788e-13 -4.91831e-27 -1.35199e-12  1.78342e-26  8.19568e-12 -4.96027e-26 -4.19722e-11   6.9527e-26  1.83424e-10  2.61729e-25 -6.88797e-10 -2.62588e-24   2.2326e-09  1.29948e-23 -6.26038e-09 -4.81319e-23  1.51884e-08  1.46573e-22 -3.18124e-08 -3.81428e-22  5.72381e-08  8.65571e-22 -8.76925e-08 -1.73601e-21  1.12737e-07  3.11912e-21   -1.186e-07  -5.1224e-21  9.73364e-08    7.935e-21 -5.55716e-08 -1.20456e-20  1.30694e-08  1.83439e-20  1.10716e-08 -2.76543e-20 -1.28853e-08  3.95074e-20   3.8869e-09 -5.08752e-20  2.46531e-09  5.64274e-20 -2.36539e-09  -5.1258e-20  5.75942e-11  3.47378e-20  7.00203e-10 -1.22198e-20 -1.68989e-10 -7.59781e-21 -1.64755e-10  1.80321e-20  6.05201e-11 -1.81631e-20  3.70896e-11  1.21341e-20 -1.41388e-11  -5.3092e-21 -8.50015e-12  9.03034e-22  2.24091e-12  7.25385e-22  1.83697e-12 -7.46361e-22 -1.44887e-13  3.42516e-22 -3.20826e-13  -7.0093e-23 -3.68234e-14 -1.34385e-23  3.65764e-14  1.34462e-23  1.25105e-14 -3.53272e-24 -1.30535e-15  3.74665e-25 -1.59407e-15   2.2298e-26 -2.66966e-16 -2.19304e-25  6.53052e-17  2.00202e-25  3.55073e-17 -4.47493e-26  4.50555e-18 -2.10762e-26 -8.90679e-19  1.03778e-26 -4.22448e-19  9.43818e-28 -5.83034e-20 -1.17361e-27  2.00594e-21  1.08073e-28  2.04341e-21  3.17338e-29  3.32839e-22 -3.39387e-30  1.93106e-23  7.65811e-31 -1.72298e-24 -4.23452e-31 -4.31557e-25  2.27743e-32 -3.63967e-26 -3.76144e-33 -1.26428e-27  1.21435e-33  1.81524e-29  1.20133e-34  2.88638e-30 -7.67952e-36  6.99808e-32 -1.64529e-37
-7.61783e-35  4.09888e-20  -3.3359e-32 -2.03259e-18  1.22798e-30  5.34036e-17 -1.86097e-29 -9.35152e-16  1.68646e-28  1.20591e-14  -1.0735e-27 -1.21079e-13  5.31009e-27   9.8041e-13 -2.17589e-26 -6.55622e-12  7.46207e-26  3.68177e-11 -1.97155e-25 -1.75709e-10  2.61729e-25  7.18687e-10  9.29878e-25 -2.53383e-09 -8.79343e-24  7.72675e-09  4.10446e-23 -2.04063e-08 -1.43615e-22  4.66347e-08  4.13644e-22 -9.19172e-08 -1.01781e-21  1.55255e-07  2.17767e-21 -2.22303e-07  -4.0914e-21   2.6499e-07  6.81337e-21 -2.54687e-07 -1.02324e-20   1.8488e-07  1.43618e-20 -8.41736e-08 -1.99383e-20  1.07825e-09  2.87551e-20  3.20709e-08 -4.27463e-20 -2.21567e-08  6.15348e-20  1.27744e-09 -8.00676e-20   7.0176e-09  8.93136e-20 -3.26419e-09 -8.13461e-20  -1.1328e-09  5.57745e-20  1.27042e-09 -2.17553e-20  7.44117e-11 -7.21901e-21 -3.52503e-10  2.18928e-20  1.02458e-11  -2.2049e-20   8.4338e-11  1.42669e-20 -1.46564e-12 -5.90776e-21 -1.79334e-11  8.30393e-22 -1.24702e-12  8.74989e-22   3.1576e-12 -7.98422e-22  6.72611e-13  3.31284e-22 -3.84335e-13 -5.22586e-23 -1.70953e-13 -1.84706e-23  1.55508e-14  1.11201e-23  2.41572e-14 -1.44293e-24  3.91836e-15  1.28151e-25  -1.4438e-15 -2.56251e-25 -7.00504e-16 -1.39464e-25 -5.99073e-17  2.27593e-25  3.36818e-17 -5.49159e-26  1.18125e-17    -2.36e-26  1.04536e-18  1.10539e-26 -2.88287e-19  1.13418e-27 -1.02793e-19 -1.13858e-27 -1.22638e-20  8.81569e-29  2.71856e-22  2.06992e-29  3.02166e-22  1.33485e-31  4.44819e-23  7.87022e-31  2.67969e-24 -4.10122e-31 -6.50437e-26  2.60744e-34 -2.34117e-26 -1.42108e-33 -1.69738e-27  9.19683e-34 -5.22915e-29  7.03163e-35 -3.29985e-31 -2.96097e-36  8.17598e-33
-6.42323e-21   2.9484e-33  5.64493e-19 -4.45821e-31 -1.96114e-17  1.04381e-29  4.16649e-16 -1.22497e-28 -6.25436e-15  9.29403e-28  7.13652e-14 -5.20083e-27 -6.46696e-13  2.34961e-26  4.78967e-12 -9.04053e-26 -2.95759e-11  2.94788e-25  1.54432e-10 -7.40325e-25 -6.88797e-10  9.29878e-25  2.64287e-09  3.11612e-24 -8.76376e-09 -2.77863e-23  2.51767e-08  1.22502e-22  -6.2684e-08 -4.05842e-22  1.35008e-07  1.10891e-21 -2.50413e-07 -2.58925e-21  3.96796e-07  5.24369e-21 -5.30039e-07 -9.26292e-21   5.8358e-07   1.4324e-20 -5.08032e-07 -1.95989e-20  3.18412e-07  2.45534e-20 -1.01432e-07 -3.04127e-20 -4.11481e-08  4.09244e-20  7.00766e-08 -6.04295e-20  -2.9635e-08  8.90227e-20   -8.847e-09 -1.18337e-19  1.41718e-08  1.33355e-19 -2.45804e-09 -1.21646e-19 -3.66129e-09  8.36527e-20  1.58823e-09 -3.44254e-20  7.52783e-10 -5.99358e-21 -5.09522e-10  2.55435e-20 -1.56185e-10 -2.55831e-20  1.23092e-10  1.59509e-20  3.78341e-11 -6.20246e-21 -2.31426e-11  6.56312e-22 -9.61746e-12  1.01607e-21  2.92638e-12 -8.21971e-22  2.06063e-12  3.03929e-22 -8.10326e-14 -2.99081e-23 -3.06911e-13 -2.30858e-23 -5.54602e-14  7.63758e-24  2.33129e-14   1.1202e-24  1.13933e-14 -1.14576e-25  5.64165e-16 -5.80252e-25 -8.24264e-16 -5.90958e-26 -2.46701e-16    2.545e-25 -6.61432e-18  -6.1093e-26  1.24814e-17 -2.65983e-26  3.25769e-18  1.11948e-26  2.15102e-19  1.35218e-27 -6.78653e-20 -1.04844e-27  -1.9936e-20    6.069e-29 -2.14555e-21  1.15845e-29  3.19439e-24  2.85387e-30   3.1279e-23  7.15073e-31   4.1923e-24 -3.66594e-31   2.4565e-25 -1.21718e-32  1.96847e-27 -5.16467e-34 -6.12685e-28   6.2311e-34 -3.44056e-29   3.5621e-35 -6.08183e-31 -7.56938e-37
 1.56175e-33 -1.21236e-19  8.89276e-32  6.09826e-18 -4.55211e-30 -1.62625e-16  7.55753e-29  2.89229e-15 -7.14223e-28 -3.79068e-14  4.63994e-27  3.87108e-13 -2.32185e-26 -3.19061e-12  9.71524e-26  2.17363e-11  -3.5415e-25 -1.24465e-10    1.101e-24  6.06281e-10 -2.62588e-24 -2.53383e-09  3.11612e-24  9.13898e-09  9.84384e-24  -2.8549e-08 -8.28103e-23  7.73595e-08  3.45348e-22 -1.81726e-07 -1.08578e-21   3.6901e-07  2.82291e-21 -6.43962e-07 -6.27734e-21  9.56306e-07  1.20826e-20 -1.18892e-06 -2.01562e-20  1.20292e-06  2.90468e-20 -9.36985e-07 -3.61633e-20  4.86727e-07  3.97977e-20  -6.7642e-08 -4.23501e-20  -1.3965e-07  5.16822e-20  1.24935e-07 -7.69206e-20 -2.41984e-08  1.19179e-19  -3.1778e-08 -1.64535e-19  2.17998e-08  1.88452e-19  2.62761e-09 -1.72074e-19 -7.43414e-09  1.17858e-19  8.10533e-10 -4.96229e-20  1.93654e-09  -4.1361e-21 -3.99543e-10  2.87527e-20 -4.60182e-10 -2.84019e-20  9.31057e-11   1.6962e-20  1.04135e-10 -6.13866e-21 -1.08363e-11  3.95691e-22 -2.09673e-11  1.13694e-21 -1.03871e-12 -8.19061e-22  3.23861e-12  2.64697e-22    7.639e-13 -4.28144e-24 -2.86249e-13 -2.77017e-23 -1.58623e-13  3.47399e-24 -4.54653e-15  3.96223e-24  1.50489e-14 -3.36685e-25  4.12191e-15 -9.17928e-25 -1.91005e-16  9.12786e-27 -3.40995e-16  2.78388e-25 -7.17878e-17 -6.17928e-26   1.1222e-18 -2.97568e-26  3.56236e-18   1.0761e-26  7.47079e-19  1.54885e-27  4.16428e-20 -9.16333e-28 -1.16064e-20  3.11283e-29 -2.98096e-21  5.43801e-30 -2.95297e-22  4.57566e-30 -5.39256e-24  5.68051e-31  2.03385e-24  -3.0542e-31  2.49335e-25 -1.67648e-32  1.28162e-26 -2.92902e-34  2.28164e-28  3.65615e-34 -4.27602e-30  1.45922e-35  -1.3063e-31
