 4.62105e-07 -4.33911e-21 -4.68537e-06  7.21113e-20  1.58895e-05 -2.74028e-19 -2.59024e-05  3.49546e-19  1.95967e-05  3.36488e-19 -2.23583e-06 -1.86995e-18 -4.84124e-06  3.08674e-18  4.68406e-07 -2.78717e-18  1.34735e-06  1.45255e-18  2.58236e-07 -5.32308e-19  -2.4221e-07  4.18009e-19   -1.669e-07 -4.34738e-19 -2.37299e-08  2.26675e-19   2.5325e-08 -1.34315e-20   1.9227e-08  -3.7717e-20   5.8733e-09  5.82249e-21 -3.19038e-10  7.17122e-21 -1.31396e-09  1.12319e-21 -7.59125e-10   -2.048e-21  -2.4987e-10 -1.43049e-21 -3.34464e-11  5.15721e-22  1.74373e-11  5.37089e-22  1.57032e-11  2.61294e-23   7.3076e-12 -1.09361e-22  2.44042e-12 -4.74749e-23  5.87602e-13   4.2522e-25  7.31251e-14  8.90087e-24 -1.87407e-14  3.93549e-24 -1.73895e-14  4.43406e-25 -7.73418e-15 -2.73313e-25 -2.63127e-15 -1.64105e-25 -7.52016e-16 -5.25024e-26 -1.86235e-16 -1.31812e-26 -4.02138e-17 -3.41977e-27 -7.46332e-18 -9.26789e-28 -1.12948e-18 -1.57521e-30 -1.14097e-19  2.45408e-28   3.2243e-21  2.06981e-28  5.58727e-21  1.15552e-28  1.87674e-21  5.18615e-29  4.60515e-22  2.02961e-29  9.52378e-23  7.10672e-30  1.74042e-23  2.20882e-30   2.8705e-24  6.04719e-31  4.31902e-25  1.46704e-31  5.96196e-26  3.18527e-32  7.57079e-27  6.20244e-33  8.85047e-28  1.07951e-33  9.51824e-29  1.67817e-34  9.39872e-30  2.33035e-35  8.49485e-31  2.87834e-36  6.99767e-32  3.14774e-37  5.22421e-33  3.04324e-38  3.50962e-34  2.58614e-39  2.10271e-35  1.90508e-40   1.1108e-36  1.20058e-41  5.09837e-38  6.41052e-43  1.99405e-39  2.84724e-44  6.47582e-41  1.01569e-45   1.6828e-42  2.77299e-47  3.30156e-44  5.40422e-49  4.41225e-46  6.54127e-51  3.18728e-48  3.17269e-53
-4.33911e-21  7.11106e-06 -5.10858e-20 -4.02348e-05  5.75272e-19  0.000100105 -1.78386e-18 -0.000125123  2.22664e-18  6.53643e-05  4.84811e-19  1.06908e-05 -5.83259e-18 -1.91048e-05  9.14047e-18 -4.25493e-06 -7.08059e-18  4.23083e-06  2.50679e-18  2.40097e-06 -1.49437e-19 -1.49442e-07   3.7528e-19 -6.56383e-07 -7.70489e-19 -2.89978e-07  4.32506e-19 -5.11446e-09 -2.07789e-21  6.07276e-08 -9.49891e-20  3.68378e-08  9.48836e-21  1.01571e-08  2.34346e-20 -7.54316e-10  4.03142e-21 -2.31826e-09 -7.42867e-21 -1.33423e-09 -4.43123e-21 -4.66574e-10  1.72107e-21 -8.94315e-11  1.71856e-21  1.13169e-11  1.08389e-22  1.90582e-11 -3.28343e-22   1.0154e-11 -1.53174e-22   3.8124e-12 -7.59884e-24  1.11271e-12  2.36407e-23  2.46148e-13  1.24724e-23  3.17722e-14  2.57931e-24 -4.24823e-15 -2.49687e-25 -4.73201e-15 -4.02273e-25 -2.05981e-15 -1.91792e-25 -6.77395e-16 -6.82536e-26 -1.88386e-16 -2.12263e-26  -4.6138e-17 -5.31502e-27 -1.01341e-17 -1.21336e-28 -2.01274e-18   1.0307e-27 -3.62204e-19  8.42922e-28 -5.88623e-20   4.5267e-28 -8.55007e-21  1.94801e-28 -1.08481e-21  7.25661e-29 -1.13768e-22  2.40355e-29 -8.20891e-24  7.06512e-30  6.16223e-26  1.83556e-30  1.62424e-25  4.23694e-31  3.80536e-26  8.75542e-32  6.31259e-27  1.62226e-32  8.65655e-28  2.68896e-33  1.02884e-28  3.98343e-34  1.07978e-29  5.26551e-35    1.008e-30  6.18066e-36    8.381e-32  6.41434e-37  6.19066e-33  5.86974e-38   4.0397e-34  4.70088e-39  2.30902e-35   3.2484e-40  1.14237e-36  1.90977e-41  4.81233e-38  9.42567e-43  1.68793e-39  3.81644e-44  4.77852e-41  1.21789e-45  1.04266e-42  2.88665e-47  1.62374e-44  4.61062e-49  1.55248e-46  3.96103e-51  5.86355e-49
-4.68537e-06 -5.10858e-20  5.32432e-05 -3.22475e-19 -0.000205624   2.7041e-18  0.000393227 -7.01431e-18 -0.000377478  8.15796e-18  0.000116272 -4.55939e-19  7.47517e-05 -1.26762e-17 -3.67888e-05  1.90057e-17  -2.4827e-05 -1.27359e-17  4.22937e-06  2.71744e-18  7.97478e-06  1.17802e-18   2.1239e-06 -9.98803e-21 -1.00502e-06 -1.01624e-18 -1.02173e-06  6.32233e-19 -3.26015e-07  5.62196e-22  3.86593e-08 -1.76622e-19  9.21443e-08  2.11072e-20  4.88087e-08  5.40227e-20  1.28594e-08  7.29532e-21 -7.46697e-10 -1.86449e-20 -2.68976e-09 -9.51709e-21 -1.58973e-09  4.03694e-21 -5.95152e-10  3.86964e-21 -1.45295e-10  3.20983e-22 -1.01024e-11 -6.84928e-22   1.2017e-11 -3.50024e-22  8.32961e-12   -3.809e-23  3.54762e-12  4.29055e-23  1.17757e-12  2.80846e-23  3.20795e-13  8.37502e-24  7.10358e-14  8.50627e-25  1.15912e-14 -5.65234e-25  6.88404e-16 -4.39662e-25 -4.25737e-16 -1.95636e-25 -2.35701e-16 -6.70921e-26 -8.04256e-17 -1.66581e-26 -2.22083e-17 -3.01098e-28 -5.33379e-18  3.01894e-27 -1.14822e-18  2.35296e-27 -2.24988e-19  1.20896e-27 -4.04797e-20  4.97536e-28 -6.72268e-21  1.76468e-28 -1.03386e-21  5.54275e-29 -1.47508e-22  1.54481e-29  -1.9545e-23  3.81462e-30 -2.40589e-24  8.38309e-31 -2.75092e-25  1.64903e-31 -2.92018e-26  2.90696e-32  -2.8752e-27  4.58526e-33 -2.62217e-28  6.46292e-34 -2.21079e-29  8.11663e-35 -1.71838e-30  9.03431e-36 -1.22646e-31  8.87218e-37 -7.99286e-33   7.6566e-38 -4.71843e-34  5.75397e-39 -2.49521e-35  3.70986e-40  -1.1644e-36   2.0203e-41 -4.69939e-38  9.13304e-43 -1.59558e-39  3.33126e-44 -4.38092e-41  9.34605e-46 -9.15817e-43  1.86912e-47 -1.31471e-44  2.31056e-49 -1.02751e-46  1.14493e-51
 7.21113e-20 -4.02348e-05 -3.22475e-19  0.000258625 -1.35231e-18  -0.00074569  8.91535e-18   0.00112541 -1.97584e-17 -0.000814688  2.11704e-17  7.11851e-05 -3.60158e-18  0.000223869 -2.22185e-17 -2.18738e-05  3.18425e-17 -6.69128e-05 -1.85313e-17 -1.13135e-05  1.87906e-18   1.4132e-05  2.84532e-18  8.90994e-06 -4.62564e-19  6.79644e-07 -1.07375e-18 -1.81388e-06  8.15652e-19 -1.17099e-06  -6.8702e-20 -2.80343e-07 -2.80926e-19  7.98041e-08   5.8668e-20   1.0665e-07  1.02796e-19  5.21213e-08  7.27909e-21  1.38427e-08  -3.7918e-20 -1.02819e-10 -1.66704e-20 -2.31049e-09  7.68564e-21 -1.45316e-09  7.12292e-21 -5.84506e-10  7.66447e-22 -1.68816e-10 -1.14774e-21 -3.02977e-11 -6.52925e-22  1.37017e-12   -1.075e-22  4.01422e-12  6.18052e-23  2.12811e-12  5.24681e-23  8.00399e-13  2.02602e-23  2.46497e-13   4.2873e-24  6.48746e-14 -2.55884e-25    1.473e-14 -7.24159e-25  2.83993e-15 -3.96127e-25  4.36206e-16 -1.45418e-25  4.04991e-17 -3.50921e-26 -3.84027e-18  8.15496e-28 -3.22649e-18  7.26926e-27 -1.05789e-18  5.23069e-27 -2.64359e-19  2.54982e-27 -5.63418e-20  1.00045e-27 -1.06637e-20  3.37801e-28  -1.8265e-21  1.00766e-28 -2.85925e-22  2.66722e-29 -4.11278e-23  6.26584e-30 -5.45047e-24  1.31138e-30 -6.66097e-25  2.45551e-31 -7.50329e-26  4.11725e-32 -7.77828e-27  6.17493e-33 -7.40072e-28  8.26897e-34 -6.43852e-29  9.84836e-35 -5.09639e-30   1.0372e-35 -3.64708e-31  9.61151e-37 -2.34074e-32  7.79462e-38 -1.33378e-33  5.47332e-39 -6.66076e-35  3.27496e-40 -2.86682e-36  1.64026e-41 -1.04004e-37  6.72812e-43 -3.08322e-39  2.18211e-44 -7.13272e-41  5.27435e-46 -1.19423e-42  8.57689e-48  -1.2502e-44  7.47055e-50   -5.281e-47
 1.58895e-05  5.75272e-19 -0.000205624 -1.35231e-18   0.00091704 -4.14691e-18  -0.00207717  2.22693e-17   0.00250698 -4.29824e-17  -0.00130019  4.25783e-17 -0.000239432 -9.30817e-18  0.000429247 -3.33627e-17  8.71177e-05   4.5251e-17 -0.000109912 -2.26653e-17 -5.61146e-05  2.87914e-19   9.5197e-06   3.8458e-18  1.91373e-05 -7.50099e-19  6.98364e-06 -7.71225e-19 -9.82241e-07  9.71951e-19  -2.2122e-06 -2.81783e-19   -1.098e-06  -3.9871e-19 -2.00797e-07  1.42063e-19  9.78826e-08  1.70929e-19  1.01588e-07 -4.97734e-22  4.76488e-08 -6.65558e-20  1.32938e-08 -2.56547e-20  8.50439e-10   1.2535e-20 -1.47139e-09  1.13896e-20 -1.04799e-09  1.54122e-21 -4.55906e-10 -1.64318e-21 -1.48765e-10 -1.05202e-21 -3.66147e-11 -2.23771e-22 -5.58464e-12  7.75509e-23  3.97329e-13  8.78494e-23  7.10313e-13  4.10135e-23  3.40235e-13   1.1677e-23  1.19204e-13  1.19613e-24  3.48815e-14 -8.19572e-25  8.91773e-15 -6.00138e-25  2.03055e-15 -2.32719e-25  4.14896e-16 -5.10839e-26   7.6045e-17  7.29338e-27  1.23934e-17  1.52563e-26  1.75505e-18  9.85896e-27  2.03614e-19  4.51924e-27   1.5706e-20   1.6846e-27 -3.88634e-22  5.41029e-28 -4.68151e-22  1.53364e-28 -1.19332e-22  3.85872e-29 -2.21415e-23  8.62782e-30 -3.43308e-24  1.71963e-30  -4.6506e-25  3.06436e-31 -5.60692e-26  4.88503e-32 -6.06462e-27  6.95978e-33 -5.90029e-28  8.84171e-34 -5.15929e-29  9.96824e-35 -4.04114e-30  9.91128e-36 -2.81959e-31  8.64207e-37 -1.73856e-32  6.56249e-38 -9.37305e-34  4.28698e-39 -4.35623e-35  2.36715e-40 -1.71264e-36  1.08217e-41 -5.55001e-38   3.9861e-43 -1.42808e-39   1.1321e-44 -2.75278e-41  2.29755e-46 -3.58817e-43  2.87744e-48 -2.50772e-45  1.43939e-50
-2.74028e-19  0.000100105   2.7041e-18  -0.00074569 -4.14691e-18   0.00253308 -9.80836e-18  -0.00465588  4.39925e-17    0.0045032 -7.54043e-17  -0.00146813  6.99537e-17 -0.000942988 -1.65694e-17  0.000551824 -4.44703e-17  0.000330726  5.59494e-17 -9.71708e-05 -2.32973e-17 -0.000126339 -1.49259e-18 -2.20233e-05  3.34664e-18  2.42908e-05 -8.30387e-19   1.8108e-05  4.21717e-20  3.87113e-06  1.06932e-18 -2.08414e-06 -6.79738e-19 -2.15177e-06 -5.06445e-19 -8.95899e-07  2.85197e-19 -1.30182e-07  2.55721e-19  8.99941e-08 -1.93526e-20  8.25296e-08 -1.04306e-19  3.82709e-08 -3.62855e-20  1.14781e-08  1.79497e-20  1.59097e-09   1.6286e-20 -6.06564e-10  2.65092e-21 -5.83995e-10 -2.09375e-21 -2.81192e-10 -1.50955e-21 -1.01211e-10 -3.74487e-22 -2.92929e-11  9.63908e-23 -6.76308e-12  1.39232e-22 -1.10627e-12  7.41558e-23 -3.89466e-14  2.50327e-23  6.05147e-14  4.77792e-24   3.1616e-14 -2.93765e-25  1.09271e-14 -6.32732e-25   3.0953e-15 -2.62335e-25  7.65091e-16 -4.10554e-26  1.69569e-16  2.63481e-26  3.41767e-17  2.85631e-26   6.3147e-18  1.63049e-26  1.07465e-18   6.9721e-27   1.6891e-19  2.45976e-27  2.45546e-20  7.50302e-28  3.30305e-21  2.02078e-28  4.11097e-22  4.83392e-29  4.73112e-23  1.02868e-29  5.03048e-24  1.95189e-30  4.93725e-25  3.30863e-31  4.46945e-26  5.01144e-32  3.73014e-27  6.77551e-33  2.87016e-28  8.15354e-34  2.03686e-29  8.68516e-35  1.33341e-30  8.13382e-36   8.0415e-32  6.65358e-37  4.44654e-33   4.7135e-38  2.23104e-34  2.85124e-39  9.97768e-36  1.44401e-40  3.87179e-37   5.9752e-42  1.25547e-38  1.95271e-43  3.22686e-40  4.76513e-45  6.06287e-42  7.83734e-47  7.15964e-44  6.89361e-49  3.41624e-46
-2.59024e-05 -1.78386e-18  0.000393227  8.91535e-18  -0.00207717 -9.80836e-18   0.00568267 -1.84602e-17  -0.00866289  7.04708e-17   0.00664536 -1.09799e-16 -0.000843972  9.75299e-17   -0.0019665 -2.33598e-17  0.000376949 -5.40972e-17    0.0006643  6.10915e-17  3.95053e-05 -1.93364e-17 -0.000185152 -2.90398e-18 -8.75738e-05  1.10727e-18  9.81259e-06 -7.53633e-19  2.84567e-05  1.34748e-18  1.35695e-05  1.02983e-18  1.17337e-06 -1.24803e-18 -2.40867e-06 -5.66333e-19 -1.79217e-06  4.92379e-19 -6.63966e-07  3.51961e-19 -8.52418e-08 -4.93907e-20  6.58633e-08 -1.48957e-19  5.79398e-08 -4.85182e-20  2.71766e-08  2.27671e-20  8.81648e-09  2.10463e-20  1.79986e-09  3.88874e-21  -2.0666e-11 -2.48083e-21  -2.2725e-10 -1.97109e-21 -1.31831e-10 -5.21419e-22 -5.25245e-11  1.38972e-22 -1.68894e-11  2.16816e-22 -4.58168e-12  1.24695e-22 -1.05354e-12   4.6938e-23 -1.98797e-13  1.18361e-23 -2.69717e-14  1.50961e-24 -7.36207e-16 -2.07627e-25  1.08977e-15 -1.25106e-25  4.83988e-16   3.0226e-26    1.437e-16  6.66711e-26  3.51408e-17  4.82059e-26  7.52332e-18    2.417e-26  1.44764e-18  9.57975e-27  2.53756e-19  3.18657e-27  4.08261e-20  9.21371e-28  6.05426e-21  2.35587e-28  8.29354e-22  5.35584e-29  1.05028e-22  1.08424e-29  1.22913e-23  1.95732e-30  1.32749e-24  3.15377e-31  1.32013e-25  4.53478e-32  1.20482e-26  5.81114e-33  1.00475e-27  6.61336e-34  7.61345e-29  6.64251e-35  5.20468e-30  5.84487e-36  3.18113e-31  4.47136e-37  1.71861e-32   2.9433e-38  8.08723e-34  1.64028e-39  3.25142e-35  7.56727e-41  1.08793e-36  2.80682e-42  2.91797e-38  8.01989e-44  5.92015e-40   1.6401e-45  8.20552e-42  2.07271e-47  6.16386e-44  1.04474e-49
 3.49546e-19 -0.000125123 -7.01431e-18   0.00112541  2.22693e-17  -0.00465588 -1.84602e-17    0.0106649 -2.80718e-17   -0.0136877  9.26018e-17   0.00809106 -1.35643e-16  0.000869943   1.1931e-16  -0.00296786 -2.76356e-17 -0.000258726   -6.162e-17  0.000935212  5.94546e-17  0.000326869 -1.10744e-17 -0.000170135 -3.61321e-18 -0.000170031 -2.37706e-18 -3.56336e-05 -4.80661e-19  2.68136e-05   2.8931e-18  2.47746e-05  7.23278e-19  8.50147e-06 -1.92696e-18 -4.16515e-07 -5.39255e-19 -2.15009e-06  7.58621e-19  -1.3291e-06  4.55481e-19  -4.6068e-07 -8.57664e-20 -6.18688e-08 -1.95965e-19   3.8246e-08  -6.2163e-20  3.49955e-08  2.54426e-20  1.69301e-08  2.44638e-20  5.91652e-09   4.7262e-21  1.51354e-09 -2.91175e-21  2.20147e-10 -2.39244e-21 -3.42143e-11 -6.07499e-22 -4.13234e-11  2.39814e-22 -1.96401e-11  3.36539e-22 -6.99631e-12   1.9945e-22 -2.08763e-12  8.06027e-23 -5.42414e-13  2.40229e-23 -1.24566e-13  5.40496e-24 -2.53352e-14  1.02561e-24 -4.51568e-15  3.04909e-25 -6.82841e-16  1.98427e-25 -7.95487e-17  1.34666e-25 -4.26691e-18  7.38153e-26    1.091e-18  3.25773e-26   4.7548e-19  1.19144e-26  1.17583e-19  3.72313e-27  2.31313e-20  1.01811e-27  3.91779e-21  2.46818e-28  5.88933e-22    5.328e-29  7.96747e-23  1.02518e-29  9.76413e-24  1.75905e-30  1.08661e-24  2.69148e-31  1.09794e-25  3.66984e-32  1.00511e-26  4.45105e-33  8.30444e-28  4.78191e-34  6.15818e-29  4.51895e-35  4.06827e-30  3.72588e-36  2.37127e-31  2.65646e-37  1.20427e-32  1.61772e-38  5.24205e-34  8.25827e-40  1.91312e-35  3.44314e-41  5.67603e-37  1.13158e-42  1.30766e-38  2.77485e-44  2.17005e-40  4.59263e-46  2.24052e-42  4.06946e-48  9.28434e-45
 1.95967e-05  2.22664e-18 -0.000377478 -1.97584e-17   0.00250698  4.39925e-17  -0.00866289 -2.80718e-17    0.0171315 -3.43839e-17   -0.0186964   9.9346e-17   0.00798798 -1.44988e-16   0.00353636   1.3245e-16  -0.00345159 -2.81717e-17  -0.00133046  -6.7235e-17  0.000939219   5.1787e-17  0.000707095 -3.13378e-19 -2.69052e-05 -3.63908e-18 -0.000226169 -6.00066e-18 -0.000108138  2.05703e-19  2.05401e-06  4.27867e-18  2.96862e-05  2.23071e-21  1.80183e-05 -2.64926e-18  4.60545e-06   -4.075e-19 -9.81705e-07  1.06989e-18 -1.62246e-06  5.66137e-19 -8.97334e-07 -1.17781e-19 -3.04096e-07 -2.37998e-19 -4.89623e-08 -7.62595e-20  1.61989e-08  2.43818e-20  1.77448e-08  2.49506e-20  9.06711e-09  4.29048e-21  3.39193e-09 -3.65838e-21   9.9788e-10 -2.77274e-21  2.24068e-10 -5.76202e-22  2.99265e-11  4.38669e-22 -3.52444e-12  5.16945e-22  -4.2687e-12  3.05991e-22 -1.89515e-12   1.2938e-22 -6.32162e-13  4.29858e-23 -1.78168e-13   1.2163e-23 -4.42684e-14  3.37151e-24 -9.89249e-15   1.1219e-24 -2.00929e-15   4.8268e-25 -3.73031e-16  2.30137e-25 -6.34641e-17  1.03109e-25 -9.89758e-18  4.03282e-26 -1.41257e-18  1.35752e-26 -1.83773e-19   3.9725e-27 -2.16476e-20  1.02486e-27 -2.28294e-21  2.35168e-28 -2.11334e-22  4.81396e-29 -1.65135e-23  8.79283e-30 -9.85491e-25  1.43218e-30 -2.75235e-26  2.07827e-31  3.08288e-27   2.6834e-32  6.50273e-28  3.07534e-33  7.32126e-29  3.11268e-34  6.22381e-30  2.76084e-35  4.28668e-31  2.12654e-36  2.43359e-32  1.40766e-37  1.13398e-33   7.8915e-39  4.25462e-35  3.66588e-40  1.23915e-36  1.36841e-41  2.62145e-38    3.928e-43  3.50392e-40  8.06521e-45  1.84418e-42  1.02462e-46 -1.22064e-44  5.19618e-49
 3.36488e-19  6.53643e-05  8.15796e-18 -0.000814688 -4.29824e-17    0.0045032  7.04708e-17   -0.0136877 -3.43839e-17    0.0240106 -3.25656e-17   -0.0224098  8.36853e-17   0.00592897 -1.37087e-16   0.00656357  1.38117e-16  -0.00301427 -2.47445e-17  -0.00258682 -7.12657e-17  0.000528676   4.0205e-17   0.00104262  1.00667e-17  0.000251315   -3.339e-18 -0.000203964 -8.39538e-18 -0.000183194  1.64007e-18 -4.83565e-05  5.13537e-18  1.93953e-05 -1.22881e-18  2.46498e-05 -3.37684e-18   1.1596e-05 -1.95136e-19  2.24034e-06  1.40092e-18 -9.26246e-07  6.87491e-19 -1.07204e-06 -1.29602e-19 -5.56625e-07 -2.64792e-19 -1.90835e-07 -8.84395e-20 -3.82817e-08  1.84053e-20  3.04046e-09  2.07986e-20   7.1023e-09  1.49165e-21  4.02443e-09   -5.132e-21  1.61344e-09 -3.17493e-21  5.20875e-10 -3.95575e-22  1.39606e-10  7.65739e-22  3.05308e-11  7.72325e-22  4.90897e-12  4.49795e-22  2.72714e-13    1.955e-22 -1.86129e-13  6.97191e-23 -1.00564e-13  2.21783e-23 -3.38744e-14   6.9398e-24 -9.24645e-15  2.33396e-24  -2.1946e-15  8.70499e-25   -4.665e-16   3.4375e-25 -9.01657e-17  1.32043e-25  -1.5983e-17  4.61866e-26 -2.61174e-18  1.43004e-26 -3.94608e-19  3.90888e-27 -5.52178e-20  9.49124e-28 -7.16026e-21  2.05743e-28 -8.60222e-22   3.9872e-29 -9.56499e-23  6.90229e-30 -9.82601e-24  1.06554e-30 -9.30148e-25  1.46414e-31 -8.08456e-26  1.78719e-32  -6.4216e-27  1.93167e-33 -4.63296e-28  1.83775e-34 -3.01227e-29  1.52571e-35 -1.74737e-30  1.09414e-36 -8.92702e-32  6.69529e-38 -3.94928e-33  3.43587e-39 -1.47913e-34  1.44118e-40 -4.54497e-36  4.76195e-42 -1.09383e-37  1.17215e-43 -1.91181e-39  1.94647e-45 -2.09528e-41  1.73241e-47 -9.28773e-44
-2.23583e-06  4.84811e-19  0.000116272  2.11704e-17  -0.00130019 -7.54043e-17   0.00664536  9.26018e-17   -0.0186964 -3.25656e-17    0.0298799 -1.97461e-17   -0.0238884  4.67067e-17   0.00218042 -1.18238e-16   0.00915681  1.39441e-16  -0.00155403 -1.77875e-17  -0.00364486 -7.32968e-17 -0.000299442  2.71165e-17   0.00117174  1.69144e-17  0.000605998 -3.26287e-18  -7.0353e-05 -8.39578e-18 -0.000222745  4.11898e-18 -0.000112861  5.29617e-18  -1.0548e-05 -2.94614e-18  2.20665e-05 -4.11246e-18  1.73834e-05  2.70166e-20  6.87645e-06  1.71252e-18  1.05094e-06  8.23066e-19 -6.34267e-07 -1.03114e-19 -6.26997e-07 -2.64102e-19  -3.1635e-07 -9.47848e-20 -1.12008e-07  7.19804e-21 -2.71888e-08  1.06241e-20  -2.3748e-09 -4.69319e-21  1.85284e-09 -7.77648e-21  1.37613e-09 -3.71511e-21  6.08169e-10 -7.48431e-23  2.11719e-10  1.22663e-21  6.23179e-11  1.10436e-21  1.58891e-11  6.30329e-22  3.51861e-12  2.78262e-22  6.64379e-13  1.03729e-22  1.00432e-13  3.51125e-23  9.37373e-15  1.15187e-23 -7.30359e-16  3.82934e-24  -6.5634e-16    1.313e-24 -2.11558e-16  4.58033e-25 -5.14596e-17  1.55727e-25  -1.0619e-17  4.91961e-26 -1.93726e-18   1.4025e-26 -3.18373e-19  3.57496e-27 -4.75855e-20  8.15233e-28 -6.49978e-21  1.66609e-28 -8.12996e-22  3.05097e-29 -9.31302e-23  4.99632e-30 -9.75666e-24  7.29673e-31 -9.32281e-25  9.47651e-32 -8.09274e-26   1.0914e-32 -6.34779e-27  1.11003e-33  -4.4681e-28  9.90086e-35 -2.79751e-29   7.6699e-36 -1.54062e-30  5.10131e-37 -7.35544e-32  2.87147e-38 -2.98702e-33  1.34002e-39 -1.00532e-34  5.02825e-41 -2.70166e-36  1.44988e-42 -5.47207e-38  2.98614e-44  -7.5459e-40  3.80406e-46 -5.62154e-42  1.93643e-48
-1.86995e-18  1.06908e-05 -4.55939e-19  7.11851e-05  4.25783e-17  -0.00146813 -1.09799e-16   0.00809106   9.9346e-17   -0.0224098 -1.97461e-17    0.0335936  3.32344e-18   -0.0229372 -3.02584e-18  -0.00246325 -9.74679e-17    0.0106677  1.38623e-16  0.000688503 -7.88221e-18  -0.00415435 -7.18324e-17  -0.00139114  1.43187e-17  0.000980953  1.77033e-17  0.000929996 -3.95064e-18  0.000167483 -5.45171e-18 -0.000191754  7.74506e-18 -0.000167632  4.86638e-18 -5.57526e-05 -4.98132e-18  6.16225e-06 -4.88375e-18   1.7824e-05  1.56502e-19  1.09857e-05  1.95306e-18  3.88386e-06  9.71655e-19  5.35905e-07 -2.25447e-20 -3.40539e-07 -2.24207e-19 -3.22437e-07 -9.05702e-20 -1.62388e-07 -8.47442e-21  -5.9866e-08 -6.13745e-21   -1.674e-08 -1.48519e-20 -3.13749e-09 -1.19002e-20 -3.79185e-11 -4.51616e-21  2.91097e-10  3.35874e-22  1.64587e-10  1.79395e-21  6.35472e-11  1.49594e-21  2.01116e-11  8.37727e-22  5.52076e-12  3.72487e-22  1.34685e-12  1.42405e-22  2.95377e-13  4.97003e-23  5.84886e-14  1.65437e-23  1.04467e-14  5.38545e-24  1.67149e-15  1.73478e-24  2.35688e-16  5.51973e-25  2.82193e-17  1.69809e-25  2.58835e-18  4.89205e-26   1.0411e-19  1.28722e-26 -2.37884e-20  3.05771e-27 -7.87577e-21  6.53768e-28 -1.50103e-21  1.25727e-28    -2.26e-22  2.17122e-29 -2.89552e-23  3.35672e-30 -3.24387e-24  4.62798e-31 -3.21241e-25  5.66889e-32 -2.82093e-26  6.14614e-33 -2.19335e-27   5.8673e-34 -1.50259e-28   4.8919e-35  -8.9964e-30  3.52362e-36 -4.65341e-31    2.164e-37 -2.04663e-32  1.11407e-38 -7.48794e-34  4.69097e-40 -2.20934e-35  1.55685e-41 -5.01866e-37   3.8464e-43 -8.13325e-39  6.40274e-45 -8.10842e-41  5.71113e-47 -3.19945e-43
-4.84124e-06 -5.83259e-18  7.47517e-05 -3.60158e-18 -0.000239432  6.99537e-17 -0.000843972 -1.35643e-16   0.00798798  8.36853e-17   -0.0238884  3.32344e-18    0.0347538  3.25668e-17   -0.0200897 -5.38643e-17  -0.00706752 -8.18623e-17    0.0108223  1.35508e-16   0.00325819  4.66153e-18  -0.00392938 -6.47865e-17  -0.00249785  2.66644e-18  0.000452308  1.12454e-17   0.00110812 -5.76119e-18  0.000459464  1.79372e-19 -7.52081e-05  1.23481e-17 -0.000185385  4.16992e-18 -0.000102707 -7.05509e-18 -2.18832e-05 -5.71563e-18  9.91727e-06  8.82287e-20  1.20259e-05  2.06692e-18  6.40399e-06   1.1248e-18  2.13836e-06    1.204e-19  3.22364e-07 -1.37628e-19 -1.37981e-07 -7.18731e-20 -1.42131e-07  -2.6946e-20 -7.33675e-08 -2.88959e-20 -2.82081e-08 -2.88224e-20 -8.69113e-09 -1.75067e-20  -2.1314e-09 -5.64238e-21 -3.71066e-10   7.6324e-22 -1.54669e-11  2.40965e-21  2.14752e-11  1.91029e-21  1.19029e-11  1.05197e-21   4.3142e-12  4.68197e-22  1.27645e-12  1.81047e-22  3.28739e-13  6.38798e-23  7.57769e-14  2.12033e-23  1.58631e-14  6.72437e-24  3.04129e-15  2.05571e-24   5.3675e-16  6.07462e-25  8.74766e-17  1.71773e-25  1.31894e-17  4.55344e-26  1.84161e-18  1.10963e-26  2.38213e-19  2.45728e-27  2.85414e-20  4.92108e-28  3.16604e-21  8.89122e-29  3.24887e-22  1.44526e-29  3.08045e-23  2.10494e-30  2.69435e-24  2.73368e-31  2.16889e-25  3.15084e-32  1.60137e-26  3.20774e-33  1.07903e-27  2.86599e-34  6.58684e-29  2.22622e-35   3.6047e-30  1.48499e-36  1.74276e-31   8.3784e-38  7.29493e-33  3.91858e-39  2.57117e-34  1.47483e-40   7.3349e-36  4.26785e-42  1.59476e-37  8.81536e-44  2.38165e-39  1.12495e-45  1.93475e-41  5.73588e-48
 3.08674e-18 -1.91048e-05 -1.26762e-17  0.000223869 -9.30817e-18 -0.000942988  9.75299e-17  0.000869943 -1.44988e-16   0.00592897  4.67067e-17   -0.0229372  3.25668e-17    0.0337506  6.24667e-17   -0.0162509 -9.59509e-17   -0.0109221 -7.46609e-17   0.00973157  1.28241e-16   0.00567774  1.99706e-17  -0.00298646 -5.05172e-17  -0.00336875 -7.69775e-18 -0.000333799 -1.98892e-18   0.00105893 -8.77697e-18   0.00072871  7.53808e-18  0.000113153  1.75152e-17 -0.000146768   3.6129e-18 -0.000133109 -8.85701e-18  -5.4801e-05 -6.61037e-18 -6.23345e-06 -2.54736e-19   8.1142e-06  2.00839e-18  7.14774e-06   1.2678e-18  3.48948e-06  3.22507e-19  1.15341e-06 -4.89353e-21  2.13433e-07 -3.75401e-20  -3.2202e-08 -4.62202e-20  -5.0705e-08 -5.58936e-20 -2.80091e-08 -4.55721e-20 -1.12796e-08  -2.4202e-20 -3.71268e-09 -7.04713e-21   -1.032e-09  1.13653e-21 -2.41739e-10  2.99714e-21  -4.5663e-11  2.29658e-21 -5.79292e-12  1.24564e-21  1.21866e-13  5.52127e-22   3.7949e-13  2.13746e-22  1.55542e-13  7.52718e-23  4.57935e-14  2.46585e-23  1.12837e-14  7.59528e-24  2.44663e-15  2.21571e-24  4.77507e-16  6.14859e-25  8.48872e-17  1.61642e-25  1.38367e-17  3.97414e-26  2.07562e-18  9.00546e-27  2.87046e-19  1.86155e-27  3.66103e-20  3.49098e-28  4.30312e-21  5.91919e-29  4.65298e-22  9.04137e-30  4.61589e-23  1.23803e-30  4.18519e-24  1.51108e-31  3.45111e-25  1.63478e-32  2.57185e-26  1.55847e-33  1.71835e-27  1.29909e-34  1.01901e-28  9.36617e-36  5.29496e-30  5.75933e-37  2.37095e-31  2.96771e-38  8.94716e-33  1.25097e-39  2.75862e-34  4.16032e-41  6.63743e-36  1.03058e-42  1.15608e-37  1.71897e-44  1.25916e-39  1.53489e-46  5.53377e-42
 4.68406e-07  9.14047e-18 -3.67888e-05 -2.22185e-17  0.000429247 -1.65694e-17   -0.0019665   1.1931e-16   0.00353636 -1.37087e-16   0.00218042 -3.02584e-18   -0.0200897  6.24667e-17    0.0314277  8.83188e-17   -0.0122757 -1.24001e-16    -0.013701 -7.62835e-17   0.00774454  1.14964e-16   0.00759369  3.83873e-17  -0.00149772  -2.8801e-17  -0.00382415 -1.68661e-17  -0.00123211 -2.00327e-17  0.000759263 -1.27855e-17  0.000896955  1.53113e-17  0.000333714  2.27128e-17 -4.89136e-05  3.53684e-18  -0.00013081 -1.01356e-17 -8.12922e-05 -7.54428e-18  -2.6726e-05 -8.99322e-19 -8.06811e-07  1.75584e-18  5.09021e-06  1.38321e-18  3.81108e-06  5.67359e-19  1.77534e-06  1.63101e-19  5.99106e-07  9.28623e-21  1.36343e-07 -6.47239e-20  7.02575e-09 -8.45571e-20 -1.25128e-08 -6.33472e-20 -8.39991e-09 -3.12337e-20 -3.63316e-09 -8.56362e-21 -1.26223e-09  1.40812e-21 -3.75012e-10  3.47819e-21 -9.76353e-11  2.60057e-21 -2.24553e-11  1.38974e-21 -4.54495e-12  6.10808e-22  -7.9393e-13  2.34914e-22 -1.13273e-13  8.18497e-23 -1.08198e-14  2.62914e-23   2.5809e-16  7.84993e-24  4.52835e-16  2.19225e-24  1.41745e-16  5.75426e-25  3.21127e-17  1.41823e-25  6.08157e-18  3.25611e-26  1.00883e-18  6.89002e-27  1.49562e-19  1.33213e-27  2.00065e-20  2.34042e-28  2.42494e-21   3.7221e-29  2.66605e-22  5.33579e-30  2.65563e-23  6.85674e-31  2.38952e-24  7.84818e-32   1.9332e-25  7.94945e-33  1.39727e-26  7.07569e-34  8.94659e-28  5.48371e-35  5.01945e-29  3.65442e-36  2.43272e-30  2.06074e-37  9.99455e-32  9.63203e-39  3.39192e-33  3.62465e-40   9.1623e-35  1.04992e-41  1.85948e-36  2.17216e-43   2.5612e-38    2.775e-45  1.89964e-40  1.41532e-47
-2.78717e-18 -4.25493e-06  1.90057e-17 -2.18738e-05 -3.33627e-17  0.000551824 -2.33598e-17  -0.00296786   1.3245e-16   0.00656357 -1.18238e-16  -0.00246325 -5.38643e-17   -0.0162509  8.83188e-17    0.0286493  1.07821e-16  -0.00871563 -1.37545e-16   -0.0154135 -8.62654e-17   0.00526743  9.52045e-17   0.00882889  5.98989e-17   0.00029276 -1.25592e-18  -0.00378634  -2.4809e-17   -0.0020793 -4.00039e-17  0.000246019 -1.73259e-17  0.000907795  2.22659e-17  0.000532928  2.74439e-17  9.22272e-05    4.121e-18 -8.82626e-05 -1.07632e-17 -9.00863e-05 -8.47664e-18 -4.48921e-05 -1.81478e-18 -1.25491e-05  1.32001e-18  2.78609e-07  1.45458e-18  2.63593e-06  8.26424e-19   1.8192e-06  3.45233e-19  8.30977e-07  6.07995e-20  2.89867e-07 -8.19348e-20  7.71016e-08 -1.12099e-19  1.31406e-08 -8.00621e-20 -5.50534e-10 -3.76631e-20  -1.6256e-09 -9.94927e-21 -8.52769e-10  1.55947e-21    -3.21e-10  3.78879e-21 -1.00489e-10  2.77679e-21 -2.74973e-11  1.46095e-21 -6.72844e-12  6.34203e-22  -1.4899e-12   2.4088e-22 -3.00454e-13   8.2532e-23 -5.53425e-14  2.58819e-23 -9.31496e-15  7.48058e-24 -1.42996e-15  2.00393e-24 -1.99308e-16  4.99947e-25 -2.50154e-17  1.16236e-25 -2.78648e-18  2.50618e-26 -2.67955e-19  4.97242e-27 -2.08894e-20  9.01371e-28 -1.06769e-21  1.48522e-28  1.70399e-23  2.21555e-29  1.31329e-23   2.9784e-30  2.07318e-24  3.58663e-31  2.30686e-25  3.84208e-32  2.06502e-26  3.63453e-33  1.54344e-27  3.01132e-34  9.72229e-29  2.16183e-35   5.1409e-30  1.32555e-36  2.25129e-31  6.81446e-38   7.9752e-33  2.86614e-39  2.20191e-34  9.51784e-41  4.46062e-36  2.35729e-42   5.9542e-38  3.93399e-44  4.14562e-40  3.51316e-46  6.44676e-43
 1.34735e-06 -7.08059e-18  -2.4827e-05  3.18425e-17  8.71177e-05 -4.44703e-17  0.000376949 -2.76356e-17  -0.00345159  1.38117e-16   0.00915681 -9.74679e-17  -0.00706752 -9.59509e-17   -0.0122757  1.07821e-16    0.0260182   1.2156e-16  -0.00578704 -1.39574e-16    -0.016256 -1.04183e-16   0.00264039  7.02737e-17   0.00935895  8.35389e-17   0.00214338  2.89234e-17  -0.00327214 -3.13335e-17  -0.00273376  -5.8903e-17 -0.000399346 -2.17901e-17  0.000740314  2.75927e-17  0.000658727  3.13732e-17  0.000246039  5.35501e-18  -9.9351e-06 -1.07553e-17 -7.42634e-05 -9.36106e-18 -5.36612e-05  -2.9192e-18 -2.32805e-05  7.42493e-19 -5.99128e-06  1.46825e-18  1.09112e-07   1.0626e-18  1.12735e-06  5.13036e-19  7.62863e-07  1.05624e-19  3.48415e-07 -9.86138e-20  1.25574e-07 -1.36166e-19  3.69612e-08 -9.38011e-20  8.67786e-09 -4.26143e-20  1.40834e-09 -1.09667e-20  1.81015e-11   1.5927e-21 -1.00481e-10  3.88981e-21 -5.13233e-11  2.79883e-21 -1.80066e-11  1.44757e-21 -5.21802e-12  6.18489e-22 -1.32253e-12  2.30922e-22 -3.00773e-13  7.74594e-23 -6.22176e-14  2.36434e-23 -1.18002e-14  6.60857e-24 -2.06193e-15   1.7003e-24 -3.32941e-16  4.04528e-25 -4.97629e-17  8.91244e-26 -6.89003e-18  1.81289e-26 -8.83723e-19  3.38505e-27 -1.04929e-19  5.76789e-28 -1.15177e-20  8.92648e-29 -1.16633e-21  1.24964e-29 -1.08638e-22   1.5748e-30 -9.27103e-24  1.77518e-31 -7.21088e-25  1.77662e-32  -5.0771e-26  1.56588e-33 -3.20772e-27  1.20395e-34 -1.79806e-28  7.97512e-36 -8.81111e-30  4.47667e-37 -3.70171e-31  2.08403e-38 -1.29834e-32  7.81334e-40 -3.66041e-34  2.25698e-41 -7.82467e-36  4.66311e-43 -1.14487e-37  5.95389e-45  -9.0928e-40  3.03407e-47
 1.45255e-18  4.23083e-06 -1.27359e-17 -6.69128e-05   4.5251e-17  0.000330726 -5.40972e-17 -0.000258726 -2.81717e-17  -0.00301427  1.39441e-16    0.0106677 -8.18623e-17   -0.0109221 -1.24001e-16  -0.00871563   1.2156e-16    0.0238152  1.32378e-16  -0.00347538 -1.34639e-16   -0.0164723 -1.29154e-16  9.24216e-05  4.28389e-17   0.00925614  1.07195e-16   0.00385896  5.77405e-17  -0.00236485 -3.62975e-17  -0.00309863 -7.43559e-17  -0.00107373 -2.55554e-17  0.000411362  3.10463e-17   0.00067398  3.43727e-17  0.000375739  7.06808e-18  8.83684e-05 -1.02454e-17 -3.41272e-05 -1.01526e-17 -4.82693e-05 -4.09736e-18  -2.8924e-05  8.44532e-20 -1.15839e-05  1.41254e-18 -2.99082e-06  1.23544e-18 -1.33759e-07  6.35707e-19  3.75793e-07  1.31129e-19  2.70272e-07 -1.16546e-19  1.25983e-07 -1.55309e-19  4.67396e-08 -1.03262e-19  1.46092e-08 -4.55074e-20  3.91062e-09 -1.14653e-20  8.88716e-10  1.51657e-21  1.63548e-10  3.77166e-21  2.02606e-11   2.6647e-21 -4.17317e-13   1.3524e-21 -1.26968e-12  5.66977e-22 -5.08964e-13  2.07338e-22 -1.46467e-13   6.7866e-23 -3.52412e-14  2.01187e-23 -7.45123e-15  5.43403e-24 -1.41558e-15  1.34385e-24 -2.44426e-16   3.0559e-25 -3.85974e-17   6.4011e-26  -5.5918e-18  1.23276e-26 -7.44141e-19  2.17313e-27 -9.09419e-20  3.48902e-28 -1.01918e-20  5.07975e-29 -1.04472e-21  6.67893e-30 -9.75939e-23  7.89018e-31 -8.26796e-24  8.31927e-32 -6.31265e-25  7.76715e-33 -4.30949e-26  6.36405e-34 -2.60434e-27  4.52673e-35 -1.37557e-28  2.75537e-36 -6.24586e-30   1.4081e-37 -2.38456e-31  5.89042e-39 -7.42226e-33  1.94629e-40 -1.79927e-34  4.80154e-42 -3.15161e-36  7.99366e-44 -3.44611e-38  7.12722e-46 -1.51803e-40
 2.58236e-07  2.50679e-18  4.22937e-06 -1.85313e-17 -0.000109912  5.59494e-17    0.0006643   -6.162e-17  -0.00133046 -2.47445e-17  -0.00155403  1.38623e-16    0.0108223 -7.46609e-17    -0.013701 -1.37545e-16  -0.00578704  1.32378e-16    0.0220849   1.4387e-16  -0.00166334 -1.27096e-16   -0.0162727 -1.58814e-16  -0.00224935  1.61632e-17   0.00863585  1.28042e-16   0.00530492   8.1359e-17   -0.0011827 -3.98569e-17  -0.00312855 -8.50617e-17  -0.00167436 -2.81108e-17 -3.11278e-05  3.28733e-17  0.000564718  3.64811e-17  0.000448109  8.98815e-18  0.000183736 -9.43346e-18  2.23804e-05 -1.08099e-17 -2.82168e-05  -5.2257e-18 -2.67641e-05 -5.91174e-19 -1.43537e-05  1.27542e-18 -5.54134e-06  1.30714e-18  -1.5207e-06  6.85992e-19 -1.99781e-07  1.26316e-19  7.77423e-08 -1.37878e-19  7.47407e-08 -1.69147e-19  3.71382e-08 -1.07998e-19  1.42539e-08 -4.61902e-20  4.62164e-09 -1.14265e-20  1.30996e-09  1.33725e-21  3.29417e-10  3.45356e-21  7.38309e-11  2.39629e-21  1.46911e-11   1.1915e-21  2.55599e-12  4.88907e-22  3.73857e-13   1.7462e-22  4.08603e-14   5.5637e-23  1.51873e-15  1.59923e-23 -7.55081e-16  4.17145e-24 -2.80546e-16  9.92021e-25  -6.5138e-17  2.15945e-25 -1.21902e-17   4.3107e-26  -1.9655e-18  7.88126e-27 -2.80281e-19  1.31498e-27 -3.57652e-20  1.99351e-28 -4.10412e-21  2.73462e-29 -4.23958e-22  3.37988e-30 -3.93609e-23  3.74367e-31 -3.27189e-24  3.69012e-32 -2.42098e-25  3.20975e-33 -1.58179e-26  2.43956e-34 -9.02904e-28  1.60025e-35 -4.43978e-29  8.91105e-37 -1.84568e-30  4.12022e-38 -6.32164e-32  1.53491e-39 -1.71885e-33  4.40747e-41 -3.50192e-35  9.06256e-43 -4.82831e-37   1.1533e-44 -3.57355e-39  5.86282e-47
-5.32308e-19  2.40097e-06  2.71744e-18 -1.13135e-05 -2.26653e-17 -9.71708e-05  6.10915e-17  0.000935212  -6.7235e-17  -0.00258682 -1.77875e-17  0.000688503  1.35508e-16   0.00973157 -7.62835e-17   -0.0154135 -1.39574e-16  -0.00347538   1.4387e-16    0.0207566  1.58546e-16 -0.000219209  -1.1989e-16   -0.0158093 -1.88888e-16  -0.00432947 -6.57928e-18   0.00762055  1.43417e-16   0.00640286  9.69377e-17  0.000146676 -4.25379e-17  -0.00282514 -9.08361e-17  -0.00211528 -2.91297e-17 -0.000519813  3.36062e-17  0.000342191  3.78158e-17  0.000441701  1.08101e-17  0.000252368 -8.52545e-18  8.17774e-05  -1.1297e-17  2.26697e-06 -6.19886e-18 -1.65854e-05 -1.23757e-18 -1.30287e-05  1.04303e-18 -6.54526e-06  1.24854e-18 -2.50199e-06  6.45604e-19 -7.39975e-07  8.44721e-20 -1.51738e-07 -1.64275e-19 -6.40588e-09 -1.78198e-19  1.26798e-08  -1.0839e-19  7.98937e-09 -4.49262e-20  3.30836e-09 -1.09552e-20  1.11471e-09  1.05934e-21  3.25528e-10  2.97892e-21   8.4703e-11  2.03355e-21  1.99238e-11  9.89706e-22  4.27152e-12  3.96728e-22  8.38672e-13  1.38101e-22  1.51186e-13  4.27538e-23   2.5048e-14  1.19013e-23  3.81302e-15  2.99634e-24  5.32635e-16  6.85374e-25  6.81137e-17  1.42959e-25  7.94687e-18  2.72405e-26  8.42003e-19  4.73732e-27  8.05358e-20  7.49576e-28  6.90108e-21   1.0748e-28  5.24779e-22  1.39091e-29  3.50138e-23  1.61724e-30  2.02555e-24  1.67982e-31  1.00979e-25  1.54714e-32  4.43587e-27  1.25215e-33  1.90694e-28  8.80856e-35  9.64939e-30  5.31068e-36  5.80779e-31  2.69228e-37  3.36145e-32  1.11831e-38  1.58324e-33  3.67004e-40  5.56464e-35  8.99603e-42  1.34957e-36  1.48974e-43  1.96321e-38  1.32314e-45  1.11348e-40
 -2.4221e-07 -1.49437e-19  7.97478e-06  1.87906e-18 -5.61146e-05 -2.32973e-17  3.95053e-05  5.94546e-17  0.000939219 -7.12657e-17  -0.00364486 -7.88221e-18   0.00325819  1.28241e-16   0.00774454 -8.62654e-17    -0.016256 -1.34639e-16  -0.00166334  1.58546e-16    0.0197324  1.76446e-16  0.000964377 -1.14124e-16   -0.0151817 -2.13861e-16  -0.00613466 -2.27861e-17   0.00632137  1.51671e-16    0.0071184  1.03123e-16   0.00150283 -4.50675e-17  -0.00222699 -9.23005e-17  -0.00233708 -2.84694e-17 -0.000980977  3.38345e-17  3.95617e-05  3.84942e-17  0.000351734  1.22636e-17  0.000275891 -7.68301e-18  0.000128878 -1.15858e-17  3.54068e-05 -6.95097e-18 -8.80698e-07 -1.83541e-18 -7.75666e-06  7.01003e-19 -5.55872e-06  1.04454e-18 -2.69435e-06   5.0908e-19  -1.0319e-06  4.95234e-21 -3.23969e-07 -1.96154e-19 -8.20826e-08 -1.83454e-19 -1.50706e-08  -1.0539e-19 -8.63972e-10 -4.22561e-20  8.04503e-10 -1.02254e-20  4.82016e-10  6.94703e-22  1.82628e-10  2.40766e-21  5.60763e-11   1.6252e-21  1.49439e-11  7.74417e-22  3.55886e-12  3.02943e-22  7.68975e-13  1.02633e-22  1.52078e-13  3.08334e-23  2.76744e-14  8.30467e-24   4.6489e-15  2.01722e-24  7.22231e-16  4.43836e-25  1.03849e-16  8.87632e-26  1.38199e-17  1.61621e-26  1.70072e-18   2.6771e-27  1.93246e-19  4.02257e-28  2.02263e-20  5.46205e-29  1.94376e-21  6.67439e-30  1.70777e-22  7.30429e-31   1.3642e-23   7.1146e-32  9.83864e-25  6.11878e-33  6.34907e-26  4.60118e-34  3.62448e-27  2.98861e-35  1.80364e-28  1.64991e-36  7.67387e-30  7.57252e-38  2.71898e-31  2.80204e-39  7.72666e-33  7.99247e-41  1.66169e-34   1.6329e-42  2.44221e-36  2.06686e-44   1.9459e-38  1.04643e-46
 4.18009e-19 -1.49442e-07  1.17802e-18   1.4132e-05  2.87914e-19 -0.000126339 -1.93364e-17  0.000326869   5.1787e-17  0.000528676 -7.32968e-17  -0.00415435  4.66153e-18   0.00567774  1.14964e-16   0.00526743 -1.04183e-16   -0.0164723 -1.27096e-16 -0.000219209  1.76446e-16    0.0189286  1.94844e-16   0.00196374  -1.0939e-16   -0.0144515 -2.28444e-16  -0.00767307 -3.07531e-17   0.00483168  1.52575e-16   0.00744819   1.0012e-16   0.00278132 -4.80568e-17  -0.00139838 -9.03997e-17  -0.00231091 -2.61121e-17  -0.00134643  3.40447e-17 -0.000295151   3.8604e-17  0.000190978  1.31743e-17  0.000246088 -6.99034e-18   0.00015113   -1.166e-17  6.22718e-05 -7.46528e-18  1.59479e-05 -2.39304e-18 -8.25568e-08  2.39908e-19 -2.87983e-06    6.983e-19 -2.02892e-06  2.85394e-19 -9.70781e-07 -1.06272e-19 -3.73642e-07 -2.32202e-19 -1.21669e-07 -1.85879e-19  -3.4029e-08 -1.00143e-19  -8.1141e-09 -3.87973e-20 -1.58304e-09 -9.40844e-21 -2.17134e-10  2.71317e-22 -2.53546e-12  1.80618e-21  1.12757e-11   1.2188e-21  4.97702e-12   5.6986e-22  1.51112e-12  2.17551e-22  3.79229e-13  7.16839e-23  8.32002e-14  2.08831e-23  1.63509e-14  5.43911e-24   2.9142e-15  1.27424e-24   4.7417e-16   2.6968e-25  7.06756e-17  5.17285e-26  9.66284e-18  9.00608e-27  1.21161e-18  1.42205e-27  1.39133e-19  2.03088e-28  1.45949e-20  2.61334e-29  1.39344e-21  3.01686e-30  1.20495e-22  3.10792e-31  9.37863e-24  2.83783e-32   6.5188e-25  2.27688e-33   4.0061e-26  1.58804e-34   2.1492e-27   9.4968e-36  9.90052e-29   4.7799e-37  3.83067e-30  1.97304e-38  1.20714e-31  6.43685e-40  2.95973e-33  1.56827e-41   5.2388e-35  2.58168e-43  5.78376e-37   2.2814e-45  2.57043e-39
  -1.669e-07   3.7528e-19   2.1239e-06  2.84532e-18   9.5197e-06 -1.49259e-18 -0.000185152 -1.10744e-17  0.000707095   4.0205e-17 -0.000299442 -7.18324e-17  -0.00392938  1.99706e-17   0.00759369  9.52045e-17   0.00264039 -1.29154e-16   -0.0162727  -1.1989e-16  0.000964377  1.94844e-16    0.0182858  2.09137e-16    0.0028305 -1.04574e-16   -0.0136565  -2.2908e-16  -0.00896193 -2.99191e-17   0.00322691  1.47122e-16   0.00740922  8.93811e-17    0.0038972 -5.17169e-17 -0.000418921 -8.59689e-17  -0.00203811  -2.2097e-17  -0.00156289  3.45587e-17 -0.000608067    3.823e-17 -1.31131e-05  1.35089e-17   0.00016697 -6.44392e-18  0.000142146 -1.15171e-17  7.55395e-05 -7.76868e-18  2.90773e-05 -2.93509e-18  7.62613e-06 -3.36662e-19   5.8086e-07  2.33246e-19 -7.70057e-07 -2.88825e-21 -6.00706e-07 -2.37379e-19 -2.92441e-07 -2.69338e-19 -1.13564e-07 -1.86003e-19 -3.76625e-08 -9.36339e-20 -1.09705e-08 -3.50627e-20 -2.84192e-09 -8.61654e-21 -6.57141e-10 -1.65141e-22 -1.35099e-10  1.23662e-21 -2.43404e-11  8.52576e-22 -3.70663e-12  3.93187e-22 -4.29728e-13  1.46707e-22 -2.09424e-14  4.70282e-23  6.77944e-15  1.32832e-23  2.79989e-15  3.34483e-24  6.79978e-16  7.55647e-25    1.315e-16  1.53827e-25  2.18018e-17  2.83043e-26  3.18784e-18  4.71353e-27  4.16291e-19   7.0979e-28  4.88109e-20  9.63864e-29  5.14521e-21  1.17577e-29  4.86863e-22  1.28237e-30  4.12023e-23  1.24325e-31  3.10053e-24  1.06341e-32  2.05815e-25  7.94878e-34  1.19241e-26  5.13058e-35  5.94552e-28   2.8151e-36  2.50393e-29  1.28498e-37  8.68018e-31  4.73187e-39  2.38652e-32  1.34331e-40  4.91186e-34   2.7305e-42  6.83466e-36  3.43857e-44  5.09963e-38  1.73327e-46
-4.34738e-19 -6.56383e-07 -9.98803e-21  8.90994e-06   3.8458e-18 -2.20233e-05 -2.90398e-18 -0.000170135 -3.13378e-19   0.00104262  2.71165e-17  -0.00139114 -6.47865e-17  -0.00298646  3.83873e-17   0.00882889  7.02737e-17  9.24216e-05 -1.58814e-16   -0.0158093 -1.14124e-16   0.00196374  2.09137e-16    0.0177651  2.14495e-16   0.00359984 -9.86646e-17   -0.0128194 -2.14876e-16   -0.0100211 -2.10298e-17   0.00156698  1.36894e-16   0.00703098  7.30618e-17   0.00478538 -5.57598e-17  0.000624964 -7.95168e-17  -0.00154706 -1.64914e-17  -0.00159842    3.555e-17 -0.000848768  3.75021e-17 -0.000224166  1.33862e-17  5.38104e-05 -5.96574e-18   0.00010345 -1.11683e-17  7.17117e-05 -7.91335e-18  3.48738e-05  -3.4839e-18  1.30531e-05 -1.00449e-18  3.67743e-06 -3.07997e-19   6.1328e-07 -3.22857e-19 -8.33219e-08 -3.72607e-19 -1.26717e-07 -3.03148e-19 -6.81145e-08  -1.8375e-19  -2.7276e-08 -8.64803e-20 -9.17522e-09   -3.136e-20 -2.70883e-09  -7.8825e-21 -7.16858e-10 -5.59475e-22 -1.72037e-10  7.47269e-22 -3.76973e-11  5.50706e-22 -7.57248e-12  2.53109e-22 -1.39746e-12  9.26454e-23 -2.37117e-13  2.89351e-23 -3.69818e-14  7.92878e-24 -5.29525e-15  1.93069e-24 -6.94622e-16  4.20643e-25 -8.32325e-17   8.2368e-26 -9.07529e-18  1.45396e-26  -8.9624e-19  2.31629e-27 -7.97334e-20  3.32694e-28 -6.35397e-21  4.29621e-29  -4.5144e-22  4.96766e-30 -2.85818e-23  5.11716e-31 -1.63008e-24  4.66554e-32 -8.66112e-26  3.73378e-33 -4.55137e-27  2.59527e-34 -2.47978e-28   1.5458e-35 -1.36193e-29   7.7486e-37 -6.87936e-31  3.18686e-38 -2.90866e-32  1.03631e-39 -9.50854e-34  2.51628e-41  -2.2016e-35  4.12613e-43 -3.11076e-37  3.63146e-45 -1.73309e-39
