 3.43616e-11  6.94602e-24 -9.74101e-10  1.03246e-21  1.07046e-08 -1.04103e-20 -6.94345e-08  5.86013e-20  2.99812e-07 -2.19683e-19 -8.90059e-07  5.65994e-19  1.75224e-06 -9.67119e-19 -1.91217e-06  9.43744e-19  2.25186e-07 -2.35136e-19  9.04787e-07 -2.63877e-19  1.78212e-07
 6.94602e-24   1.3935e-09 -1.17187e-21 -2.22839e-08  1.95271e-20  1.83868e-07 -1.25963e-19 -9.65827e-07  5.24281e-19  3.45982e-06 -1.52112e-18 -8.45152e-06  3.08951e-18  1.28949e-05 -4.15239e-18 -8.12562e-06  3.09618e-18 -5.76924e-06 -6.05328e-19  3.50152e-07 -1.23419e-19
-9.74101e-10 -1.17187e-21   2.7665e-08 -7.79211e-21 -3.04547e-07  8.69859e-20  1.97847e-06 -4.49241e-19 -8.55279e-06  1.53745e-18  2.53984e-05 -3.69521e-18 -4.99017e-05  6.10424e-18  5.38695e-05 -6.24193e-18 -4.60815e-06  2.80366e-18 -2.61456e-05   9.3312e-20 -5.44519e-06
 1.03246e-21 -2.22839e-08 -7.79211e-21  3.56969e-07 -2.66115e-20 -2.95016e-06  2.46723e-19  1.55177e-05 -1.06456e-18 -5.56341e-05  3.06422e-18  0.000135842 -6.14607e-18  -0.00020637  8.06991e-18   0.00012635 -5.58527e-18  9.98876e-05  4.35766e-19 -1.82571e-06  3.22466e-19
 1.07046e-08  1.95271e-20 -3.04547e-07 -2.66115e-20  3.35806e-06 -7.63664e-20 -2.18473e-05  6.08318e-19  9.45471e-05  -2.1796e-18 -0.000280841  5.27585e-18  0.000550712 -8.73366e-18 -0.000588242  8.79199e-18  3.16963e-05 -3.44126e-18  0.000292059 -1.13393e-18  6.39322e-05
-1.04103e-20  1.83868e-07  8.69859e-20 -2.95016e-06 -7.63664e-20  2.44178e-05 -2.00159e-19 -0.000128597  1.25268e-18  0.000461393 -3.65413e-18  -0.00112611  7.36005e-18   0.00170386 -9.90475e-18  -0.00101449  7.49343e-18 -0.000883288 -1.27507e-18 -1.49653e-05 -8.82703e-19
-6.94345e-08 -1.25963e-19  1.97847e-06  2.46723e-19 -2.18473e-05 -2.00159e-19   0.00014232 -3.91828e-19 -0.000616505  1.80489e-18   0.00183168 -4.23295e-18  -0.00358565  7.05101e-18   0.00379393 -7.79682e-18 -9.56739e-05  4.71436e-18  -0.00192364  1.30908e-20 -0.000439341
 5.86013e-20 -9.65827e-07 -4.49241e-19  1.55177e-05  6.08318e-19 -0.000128597 -3.91828e-19   0.00067797 -4.78567e-19  -0.00243403  1.44275e-18   0.00593865 -2.60052e-18  -0.00895535  3.66224e-18    0.0052062 -3.98124e-18   0.00489996   2.6918e-18  0.000207556  3.81842e-19
 2.99812e-07  5.24281e-19 -8.55279e-06 -1.06456e-18  9.45471e-05  1.25268e-18 -0.000616505 -4.78567e-19   0.00267253 -2.10955e-19  -0.00794209 -1.15962e-19    0.0155305  6.30407e-19   -0.0163286 -2.84917e-19   8.4979e-05 -1.62325e-18   0.00846342  1.50326e-18   0.00199387
-2.19683e-19  3.45982e-06  1.53745e-18 -5.56341e-05  -2.1796e-18  0.000461393  1.80489e-18  -0.00243403 -2.10955e-19   0.00874214  3.71987e-19   -0.0213272 -1.91779e-18    0.0321072  3.21539e-18   -0.0184333 -1.96821e-18   -0.0180587 -1.18057e-18 -0.000909377  4.08495e-19
-8.90059e-07 -1.52112e-18  2.53984e-05  3.06422e-18 -0.000280841 -3.65413e-18   0.00183168  1.44275e-18  -0.00794209  3.71987e-19    0.0236088  8.48182e-19   -0.0461928 -2.94062e-18    0.0486524  3.79921e-18 -0.000380531 -8.61302e-19   -0.0259955 -6.66604e-19  -0.00618032
 5.65994e-19 -8.45152e-06 -3.69521e-18  0.000135842  5.27585e-18  -0.00112611 -4.23295e-18   0.00593865 -1.15962e-19   -0.0213272  8.48182e-19    0.0520574  1.08329e-18   -0.0785816 -3.47541e-18    0.0459231  3.12612e-18    0.0427131  1.43871e-18  0.000638606  1.87216e-19
 1.75224e-06  3.08951e-18 -4.99017e-05 -6.14607e-18  0.000550712  7.36005e-18  -0.00358565 -2.60052e-18    0.0155305 -1.91779e-18   -0.0461928  1.08329e-18    0.0908643  1.40094e-18   -0.0980633 -3.94567e-18    0.0070845  1.92836e-18    0.0555436  1.98687e-18    0.0126573
-9.67119e-19  1.28949e-05  6.10424e-18  -0.00020637 -8.73366e-18   0.00170386  7.05101e-18  -0.00895535  6.30407e-19    0.0321072 -2.94062e-18   -0.0785816  1.40094e-18     0.120604  1.93115e-18   -0.0783451 -4.30916e-18   -0.0503999 -4.35181e-19    0.0113025  5.18556e-19
-1.91217e-06 -4.15239e-18  5.38695e-05  8.06991e-18 -0.000588242 -9.90475e-18   0.00379393  3.66224e-18   -0.0163286  3.21539e-18    0.0486524 -3.47541e-18   -0.0980633  1.93115e-18     0.117647  2.29044e-18   -0.0402177 -4.73712e-18   -0.0763716 -2.28224e-18   -0.0141147
 9.43744e-19 -8.12562e-06 -6.24193e-18   0.00012635  8.79199e-18  -0.00101449 -7.79682e-18    0.0052062 -2.84917e-19   -0.0184333  3.79921e-18    0.0459231 -3.94567e-18   -0.0783451  2.29044e-18    0.0817392   2.3613e-18    -0.027119 -3.37814e-18   -0.0536172 -1.31629e-18
 2.25186e-07  3.09618e-18 -4.60815e-06 -5.58527e-18  3.16963e-05  7.49343e-18 -9.56739e-05 -3.98124e-18   8.4979e-05 -1.96821e-18 -0.000380531  3.12612e-18    0.0070845 -4.30916e-18   -0.0402177   2.3613e-18    0.0925847  4.13011e-18    0.0345971  2.15587e-19  -0.00382835
-2.35136e-19 -5.76924e-06  2.80366e-18  9.98876e-05 -3.44126e-18 -0.000883288  4.71436e-18   0.00489996 -1.62325e-18   -0.0180587 -8.61302e-19    0.0427131  1.92836e-18   -0.0503999 -4.73712e-18    -0.027119  4.13011e-18     0.138221  7.05113e-18    0.0804975  1.66973e-18
 9.04787e-07 -6.05328e-19 -2.61456e-05  4.35766e-19  0.000292059 -1.27507e-18  -0.00192364   2.6918e-18   0.00846342 -1.18057e-18   -0.0259955  1.43871e-18    0.0555436 -4.35181e-19   -0.0763716 -3.37814e-18    0.0345971  7.05113e-18     0.158382  6.20119e-18     0.050306
-2.63877e-19  3.50152e-07   9.3312e-20 -1.82571e-06 -1.13393e-18 -1.49653e-05  1.30908e-20  0.000207556  1.50326e-18 -0.000909377 -6.66604e-19  0.000638606  1.98687e-18    0.0113025 -2.28224e-18   -0.0536172  2.15587e-19    0.0804975  6.20119e-18    0.0915557  2.28754e-18
 1.78212e-07 -1.23419e-19 -5.44519e-06  3.22466e-19  6.39322e-05 -8.82703e-19 -0.000439341  3.81842e-19   0.00199387  4.08495e-19  -0.00618032  1.87216e-19    0.0126573  5.18556e-19   -0.0141147 -1.31629e-18  -0.00382835  1.66973e-18     0.050306  2.28754e-18    0.0204722
