 3.33383e-32  1.14149e-36 -2.54397e-30  5.46495e-37  7.96481e-29 -3.25082e-35 -1.51817e-27 -3.86394e-36  2.03397e-26 -1.34764e-35 -2.05992e-25  3.40701e-36  1.64701e-24  2.47907e-35 -1.06949e-23 -2.35024e-35  5.75054e-23  1.08187e-34 -2.59521e-22 -5.98087e-34  9.92301e-22  3.06298e-33 -3.23442e-21 -1.37775e-32  9.01837e-21  5.46382e-32 -2.15296e-20 -1.91497e-31  4.39299e-20   5.9384e-31 -7.62394e-20 -1.62718e-30  1.11513e-19  3.92121e-30  -1.3532e-19 -8.22521e-30   1.3251e-19  1.46962e-29 -9.91327e-20 -2.12566e-29  4.92141e-20  2.11383e-29 -6.85661e-21  -8.7526e-31 -1.18617e-20 -5.86928e-29  9.77865e-21  1.75847e-28 -1.48432e-21 -3.56077e-28 -2.29738e-21  5.80183e-28   1.2728e-21 -8.01527e-28  2.59001e-22  9.59119e-28 -3.93199e-22 -1.00349e-27   1.5369e-24  9.21397e-28  9.27775e-23 -7.43202e-28  -6.3225e-24  5.27112e-28 -1.94578e-23 -3.30504e-28  8.64846e-25  1.86723e-28  3.68049e-24 -9.96507e-29  1.72901e-25  5.42821e-29 -5.80722e-25 -3.18762e-29 -1.08301e-25  1.94681e-29  6.42423e-26 -1.12857e-29  2.57573e-26  5.75141e-30 -2.64379e-27 -2.44767e-30 -3.38733e-27  8.28216e-31  -4.7676e-28 -2.03989e-31  2.01037e-28  2.68751e-32  8.57726e-29  3.45143e-33  5.16657e-30 -2.94196e-33 -4.45583e-30   8.4463e-34 -1.33601e-30 -1.74283e-34 -7.56067e-32  3.78443e-35  4.30529e-32 -5.31384e-36  1.21661e-32 -2.15164e-36  1.08101e-33  1.40144e-36 -1.27096e-34 -2.45591e-37 -4.80242e-35 -2.18975e-38 -5.73959e-36  1.24186e-38 -1.68431e-37 -5.32444e-40  4.35106e-38 -2.64865e-40  6.62649e-39  3.14518e-41  4.19116e-40 -9.05725e-43   8.8051e-42  1.69587e-43 -4.48213e-43  -1.1593e-44 -2.73892e-44 -4.79016e-46 -9.34201e-46   2.7919e-48
 1.14149e-36   3.6388e-30  5.46749e-36 -1.64755e-28   3.9042e-36  3.93863e-27 -9.82331e-35  -6.2469e-26 -8.32283e-36  7.26111e-25 -3.37057e-35 -6.53769e-24 -9.18153e-36  4.72109e-23  8.40092e-35 -2.79895e-22 -3.15321e-34   1.3846e-21   1.8925e-33 -5.78026e-21 -1.04336e-32  2.05221e-20  5.07262e-32 -6.22636e-20   -2.173e-31  1.61792e-19  8.23923e-31 -3.59966e-19 -2.77282e-30  6.83592e-19  8.29224e-30 -1.10074e-18 -2.20197e-29  1.48537e-18  5.17521e-29 -1.64629e-18 -1.06885e-28  1.44439e-18  1.91244e-28 -9.26296e-19 -2.87675e-28  3.35017e-19  3.37126e-28  5.69557e-20   -2.253e-28 -1.53442e-19 -2.01227e-28    7.214e-20   1.0729e-27  1.19974e-20 -2.40085e-27  -2.6482e-20  3.99805e-27  5.47816e-21 -5.48755e-27  5.72926e-21  6.43059e-27 -2.57377e-21 -6.52603e-27 -1.03056e-21  5.76425e-27  6.92489e-22 -4.43182e-27  1.94595e-22  2.95996e-27 -1.43657e-22  -1.7174e-27 -4.29673e-23  8.76694e-28  2.31871e-23 -4.13996e-28  9.66019e-24   2.0262e-28 -2.45639e-24 -1.14524e-28 -1.79877e-24  7.12211e-29  2.82748e-26 -4.22295e-29  2.32544e-25  2.16032e-29  4.38464e-26 -9.03673e-30 -1.53082e-26  2.94074e-30 -7.65208e-27 -6.72939e-31 -4.12027e-28  7.14954e-32    5.079e-28  1.58847e-32  1.48133e-28 -8.90632e-33  2.69688e-30    1.945e-33 -7.59034e-30 -3.80371e-34 -1.84617e-30  1.44971e-34 -8.55736e-32 -3.89319e-35  4.85705e-32 -2.92815e-36   1.2375e-32  4.65444e-36  1.10252e-33 -9.13169e-37 -6.50339e-35 -5.89021e-38 -2.92011e-35  3.63786e-38 -3.42899e-36 -6.00539e-40 -1.50143e-37 -8.51034e-40  8.28611e-39  7.60788e-41  1.57093e-39 -2.37611e-42  9.13613e-41  6.32168e-43  2.12584e-42 -2.93721e-44  1.36824e-44 -1.03573e-45 -6.96083e-46
-2.54397e-30  5.46749e-36  2.04063e-28  1.34048e-35 -6.44579e-27  1.34031e-35  1.23944e-25 -1.87576e-34 -1.67582e-24 -1.46396e-35  1.71354e-23 -4.04221e-35 -1.38388e-22 -9.36531e-35  9.08138e-22  6.24845e-34 -4.93731e-21 -3.93446e-33  2.25432e-20  2.34324e-32 -8.72631e-20  -1.2273e-31  2.88169e-19  5.66072e-31 -8.14718e-19 -2.31049e-30   1.9741e-18   8.3796e-30 -4.09321e-18 -2.70727e-29   7.2293e-18  7.80017e-29 -1.07821e-17 -2.00323e-28  1.33787e-17  4.57446e-28 -1.34557e-17 -9.23863e-28  1.04289e-17  1.63332e-27 -5.49741e-18 -2.47731e-27  1.04484e-18  3.08274e-27  1.12915e-18 -2.75943e-27 -1.08441e-18  6.42823e-28  2.34285e-19  3.90787e-27   2.2567e-19 -1.07806e-26 -1.54637e-19  1.87765e-26  -1.5951e-20 -2.58154e-26  4.50924e-20  2.97413e-26  -3.9758e-21 -2.93461e-26 -1.03592e-20  2.49805e-26  1.65418e-21 -1.83361e-26  2.18136e-21  1.15441e-26 -3.04347e-22 -6.18946e-27 -4.30079e-22  2.82753e-27  1.83303e-23 -1.14756e-27  7.35925e-23  4.84742e-28  7.31385e-24 -2.64842e-28 -9.40317e-24  1.74141e-28 -2.65602e-24 -1.08209e-28  6.32141e-25  5.60786e-29  4.29558e-25 -2.31015e-29  2.91245e-26  7.20876e-30 -3.33678e-26 -1.50841e-30 -1.01666e-26   1.0944e-31   1.3823e-28  4.91247e-32  7.17053e-28  -1.7729e-32   1.5874e-28  1.90332e-33 -1.22558e-30  -2.7586e-34  -7.5256e-30  3.76365e-34 -1.57695e-30 -1.44011e-34 -7.32536e-32  3.09861e-36  3.02325e-32  1.09703e-35  7.27054e-33 -2.30447e-36  6.60813e-34  -1.2703e-37 -7.85339e-36  7.52046e-38 -8.87218e-36  1.31898e-39 -1.00886e-36 -1.94673e-39 -5.02727e-38  1.28143e-40 -9.28366e-41 -4.19884e-42  1.23047e-40  1.28285e-42  5.88836e-42 -4.21422e-44  1.09632e-43 -9.98202e-46
 5.46495e-37 -1.64755e-28  1.34048e-35  7.52889e-27   1.9585e-35 -1.81571e-25  3.05197e-35  2.90629e-24 -2.62446e-34 -3.41061e-23 -2.73659e-35  3.10174e-22  5.79484e-35 -2.26352e-21 -8.66596e-34  1.35683e-20  6.26537e-33 -6.79033e-20 -4.02369e-32  2.86964e-19  2.26917e-31 -1.03209e-18 -1.12422e-30  3.17466e-18  4.92433e-30 -8.37117e-18  -1.9167e-29  1.89204e-17  6.65291e-29 -3.65501e-17 -2.06379e-28  5.99707e-17  5.72673e-28 -8.26547e-17 -1.42084e-27  9.38906e-17  3.14555e-27 -8.49342e-17  -6.1871e-27  5.69122e-17  1.07267e-26 -2.26686e-17 -1.61519e-26 -1.69878e-18  2.04996e-26  9.03872e-18 -2.03645e-26 -4.92763e-18  1.18157e-26 -3.41567e-19  7.59968e-27  1.64081e-18 -3.65947e-26  -4.7304e-19  6.91838e-26 -3.21599e-19 -9.62705e-26  1.92716e-19  1.09497e-25  5.04095e-20 -1.05287e-25 -5.06103e-20  8.65148e-26 -8.57176e-21 -6.07135e-26  1.07354e-20  3.60692e-26  2.01684e-21 -1.78513e-26 -1.86379e-21  7.21921e-27 -5.29651e-22 -2.40716e-27    2.366e-22  8.03643e-28  1.14799e-22 -4.30653e-28 -1.36517e-23  3.24957e-28 -1.73334e-23 -2.19564e-28 -1.87302e-24  1.16479e-28  1.47817e-24 -4.73567e-29  5.13535e-25  1.41322e-29 -1.44829e-26 -2.64329e-30 -4.47161e-26  6.39465e-32 -9.45951e-27  1.22572e-31  6.48347e-28 -2.69716e-32  6.85219e-28 -2.43611e-33  1.23534e-28  9.42942e-34 -2.15294e-30   7.6109e-34 -5.00272e-30 -3.78166e-34 -9.44677e-31  2.43021e-35 -4.98561e-32  2.12899e-35  1.13429e-32 -4.59466e-36  2.71295e-33 -2.59396e-37  2.48055e-34  1.27433e-37  4.64188e-36  7.17019e-39  -1.3368e-36  -3.5977e-39 -1.53658e-37  1.74924e-40 -7.21041e-39 -5.50363e-42 -1.09182e-40   1.7451e-42  1.96678e-42 -3.88424e-44  6.27231e-44
 7.96481e-29   3.9042e-36 -6.44579e-27   1.9585e-35    2.054e-25  1.67523e-35 -3.98586e-24   5.3344e-35  5.44096e-23 -2.79163e-34 -5.61937e-22 -1.12598e-34   4.5861e-21  9.82646e-34 -3.04279e-20 -8.07026e-33  1.67351e-19  5.63658e-32 -7.73459e-19 -3.42034e-31  3.03271e-18  1.81716e-30 -1.01522e-17 -8.51968e-30  2.91212e-17  3.54764e-29 -7.16647e-17 -1.31794e-28    1.511e-16   4.3812e-28 -2.71783e-16  -1.3055e-27  4.13642e-16  3.48904e-27 -5.25237e-16 -8.35894e-27  5.43004e-16  1.79184e-26 -4.36265e-16  -3.4241e-26  2.43847e-16  5.79515e-26 -5.83695e-17 -8.58681e-26 -4.12274e-17   1.0897e-25  4.74197e-17 -1.12822e-25 -1.34111e-17  8.22847e-26 -8.45358e-18 -9.89062e-27  7.33847e-18 -9.62921e-26  7.35198e-20   2.1129e-25 -2.01194e-18 -3.01611e-25  3.59849e-19  3.40224e-25  4.45241e-19 -3.19479e-25 -1.19363e-19  2.53762e-25 -9.33379e-20 -1.70457e-25  2.39283e-20  9.56412e-26  1.91545e-20 -4.36473e-26 -2.84165e-21   1.5427e-26 -3.55534e-21 -3.90542e-27 -2.91696e-23  7.72742e-28  5.16418e-22 -4.36947e-28  9.52899e-23  4.81321e-28 -4.60194e-23 -3.74883e-28 -2.04327e-23  2.05896e-28  3.58416e-25 -8.28765e-29   2.0203e-24  2.36411e-29  4.36808e-25 -3.83731e-30  -5.3156e-26 -1.90606e-31 -4.25218e-26    2.668e-31 -6.70499e-27 -3.47437e-32  7.31437e-28 -1.51672e-32  4.76849e-28   4.4773e-33   7.4205e-29  1.26382e-33 -8.96595e-31 -7.95314e-34 -2.31661e-30   6.8693e-35 -4.07259e-31  3.61416e-35 -2.47994e-32 -7.71414e-36  2.41761e-33 -5.07899e-37  6.36753e-34  1.89043e-37  5.68972e-35  1.77386e-38  1.92987e-36 -5.60274e-39  -7.9582e-38  2.06761e-40 -1.02334e-38 -5.36104e-42 -3.65308e-40  1.68469e-42 -4.71933e-42  -2.1592e-44
-3.25082e-35  3.93863e-27  1.34031e-35 -1.81571e-25  1.67523e-35  4.41908e-24  6.87313e-36 -7.14125e-23  7.66699e-35  8.46464e-22 -1.63733e-34 -7.77904e-21 -9.47707e-34  5.73943e-20  8.81529e-33 -3.48026e-19 -6.68597e-32  1.76294e-18  4.37091e-31 -7.54607e-18 -2.48642e-30  2.75092e-17  1.24442e-29 -8.58387e-17  -5.5251e-29  2.29834e-16  2.18889e-28 -5.28071e-16 -7.76758e-28  1.03844e-15  2.47483e-27 -1.73751e-15 -7.08789e-27  2.44782e-15  1.82508e-26 -2.85218e-15  -4.2219e-26  2.66224e-15  8.75748e-26 -1.86415e-15 -1.62345e-25  8.11958e-16  2.67451e-25 -7.37446e-18 -3.87847e-25 -2.79657e-16  4.86659e-25  1.77199e-16 -5.10137e-25 -3.44205e-18  4.07931e-25 -5.31707e-17 -1.62951e-25  2.02685e-17 -1.86269e-25  9.06041e-18  5.49412e-25 -7.45011e-18 -8.19323e-25 -1.07343e-18  9.21182e-25  1.91049e-18 -8.46427e-25  1.27187e-19  6.50607e-25 -4.11995e-19  -4.1865e-25 -3.52815e-20  2.21964e-25  7.59508e-20 -9.32761e-26  1.31884e-20   2.8352e-26 -1.09791e-20 -4.58769e-27 -3.61436e-21  -3.8518e-28  9.63307e-22  2.26828e-29   6.5278e-22  5.61328e-28  1.40415e-23 -5.57267e-28 -6.91915e-23  3.20602e-28 -1.67675e-23 -1.28451e-28  2.47359e-24  3.52036e-29  1.95522e-24 -4.80775e-30  2.78356e-25 -7.91712e-31 -6.24343e-26  5.25702e-31 -3.06017e-26 -4.49713e-32 -3.83218e-27 -3.94593e-32  4.89774e-28  1.16543e-32  2.48507e-28  1.75865e-33  3.50263e-29 -1.42381e-33  1.26825e-31  1.40587e-34  -7.4121e-31  5.52558e-35 -1.24367e-31  -1.1283e-35 -8.33859e-33 -9.18939e-37  2.01393e-34  2.54891e-37  8.73843e-35  3.12553e-38  7.36766e-36 -7.47733e-39   2.6514e-37  2.18532e-40  8.87967e-40 -3.65657e-42 -1.93502e-40  1.13729e-42 -3.32202e-42
-1.51817e-27 -9.82331e-35  1.23944e-25  3.05197e-35 -3.98586e-24  6.87313e-36  7.80894e-23  5.18269e-36 -1.07667e-21  6.23819e-35  1.12366e-20  6.24254e-34 -9.27142e-20  -8.1265e-33  6.22247e-19  6.89772e-32 -3.46386e-18 -4.87163e-31   1.6214e-17  2.96667e-30 -6.44335e-17  -1.5805e-29  2.18782e-16  7.45129e-29  -6.3713e-16 -3.13364e-28  1.59348e-15  1.18171e-27 -3.41884e-15 -4.00844e-27  6.26744e-15    1.225e-26 -9.74166e-15 -3.37454e-26  1.26691e-14  8.37649e-26 -1.34743e-14 -1.87147e-25  1.12286e-14  3.75573e-25 -6.64689e-15  -6.7483e-25  1.91204e-15  1.08015e-24  8.74972e-16  -1.5276e-24 -1.26329e-15  1.88212e-24  4.47108e-16  -1.9661e-24   1.8223e-16   1.6344e-24 -2.10466e-16 -8.66037e-25  1.69503e-17 -1.85608e-25  5.37659e-17  1.23148e-24 -1.51776e-17 -1.96852e-24 -1.12597e-17  2.21808e-24  4.59561e-18 -1.99788e-24  2.31669e-18  1.48726e-24  -9.6557e-19 -9.17145e-25 -4.94971e-19  4.59469e-25  1.42622e-19 -1.77407e-25  1.00405e-19  4.53603e-26 -9.86779e-21  -2.4244e-27 -1.65379e-20 -3.73507e-27 -1.51964e-21  1.29532e-27  1.81599e-21   4.7191e-28   5.5117e-22 -7.36435e-28 -7.41481e-23  4.49087e-28 -7.01465e-23 -1.80802e-28 -9.74483e-24  4.83229e-29  3.22771e-24 -5.49392e-30  1.44544e-24 -1.81545e-30  1.38626e-25  9.52202e-31 -4.68961e-26 -7.25454e-32 -1.71926e-26 -7.53453e-32  -1.8347e-27  2.35103e-32  2.16869e-28  2.03519e-33   9.7093e-29 -2.24933e-33  1.28202e-29  2.38748e-34  2.90586e-31  7.69834e-35 -1.56373e-31 -1.46411e-35 -2.56988e-32 -1.49223e-36 -1.77034e-33  3.18608e-37 -2.05306e-35  4.34599e-38  5.98748e-36 -8.60208e-39  4.54182e-37  2.07737e-40  1.31828e-38 -1.39255e-42  1.15264e-40  4.75523e-43
-3.86394e-36  -6.2469e-26 -1.87576e-34  2.90629e-24   5.3344e-35 -7.14125e-23  5.18269e-36  1.16561e-21  3.85366e-35 -1.39613e-20 -3.44872e-34  1.29715e-19  6.48515e-33 -9.68083e-19 -6.22884e-32  5.94132e-18   4.8377e-31 -3.04794e-17 -3.16572e-30  1.32216e-16   1.7929e-29 -4.88842e-16  -8.9345e-29  1.54837e-15  3.96418e-28 -4.21248e-15 -1.57839e-27  9.84592e-15  5.66601e-27 -1.97244e-14 -1.83801e-26  3.36811e-14  5.39184e-26 -4.85428e-14 -1.42987e-25  5.80676e-14  3.42423e-25 -5.59691e-14  -7.3929e-25  4.09601e-14   1.4356e-24 -1.93977e-14  -2.4992e-24    1.648e-15  3.88201e-24  5.68864e-15  -5.3413e-24 -4.22356e-15  6.43218e-24   4.3699e-16 -6.63154e-24  1.12706e-15  5.58018e-24  -5.5551e-16 -3.32511e-24 -1.54049e-16  3.95046e-25  1.87674e-16  2.38164e-24  6.90281e-18  -4.2406e-24 -4.68409e-17  4.81758e-24  1.67936e-18 -4.26054e-24  1.02065e-17  3.07312e-24 -1.78053e-19 -1.81604e-24 -1.98205e-18  8.59003e-25 -1.38584e-19 -3.03663e-25  3.18511e-19  6.31808e-26  6.66482e-20  5.31865e-27 -3.54405e-20  -1.0215e-26 -1.54053e-20  3.57107e-27  1.32039e-21  1.59066e-28  2.01862e-21  -8.7483e-28  3.10944e-22   5.7269e-28  -1.1699e-22 -2.35309e-28  -5.3437e-23   6.3072e-29 -3.81843e-24 -6.32006e-30   2.6698e-24 -3.18829e-30   8.4946e-25   1.5933e-30  5.72169e-26 -1.44523e-31 -2.52148e-26 -1.18324e-31 -7.61554e-27  4.03897e-32 -7.43176e-28  1.83479e-33  6.26362e-29 -3.20559e-33  2.78513e-29  3.56343e-34  3.50513e-30  9.77537e-35  1.35582e-31 -1.69711e-35 -1.94307e-32 -2.14807e-36 -3.31679e-33   3.7113e-37 -2.16949e-34  4.95796e-38 -5.27083e-36  -8.5237e-39  1.23408e-37  1.74397e-40  9.33874e-39   1.2492e-43  1.15541e-40
 2.03397e-26 -8.32283e-36 -1.67582e-24 -2.62446e-34  5.44096e-23  7.66699e-35 -1.07667e-21  3.85366e-35  1.50007e-20  2.26691e-34 -1.58274e-19 -3.96932e-33  1.32096e-18  4.92845e-32  -8.9727e-18 -4.31527e-31  5.05825e-17  3.08175e-30 -2.39938e-16  -1.8636e-29  9.66961e-16  9.79309e-29 -3.33239e-15 -4.55357e-28  9.85891e-15  1.89743e-27 -2.50772e-14 -7.14267e-27  5.47906e-14  2.43936e-26  -1.0245e-13 -7.56886e-26  1.62763e-13  2.13281e-25 -2.16983e-13  -5.4502e-25   2.3761e-13  1.26046e-24 -2.05505e-13 -2.63186e-24  1.28707e-13  4.94754e-24  -4.3156e-14 -8.34458e-24 -1.19266e-14  1.25694e-23  2.36459e-14 -1.67972e-23 -1.02115e-14  1.97065e-23 -2.46748e-15 -1.99241e-23  4.21041e-15  1.67108e-23 -7.27942e-16 -1.05042e-23 -9.86023e-16  2.91452e-24  4.03389e-16  3.91871e-24  1.89209e-16 -8.27297e-24  -1.1597e-16    9.539e-24 -3.71313e-17 -8.29457e-24  2.51477e-17  5.79816e-24  8.29013e-18 -3.28165e-24 -4.19505e-18  1.46306e-24 -1.87838e-18 -4.70816e-25  4.52678e-19  7.54021e-26  3.55215e-19   2.1121e-26 -2.94703e-21 -1.99523e-26    -4.68e-20  6.64391e-27 -9.21016e-21 -3.43936e-28  3.11213e-21 -9.35087e-28  1.61311e-21  6.67708e-28  9.49512e-23 -2.86454e-28  -1.0732e-22  8.01144e-29 -3.22098e-23 -8.26998e-30 -7.73906e-25  -4.6218e-30  1.61819e-24  2.46636e-30  4.05405e-25 -2.95144e-31   2.1389e-26 -1.59614e-31 -9.96848e-27  6.16969e-32 -2.63924e-27  9.00587e-34 -2.48063e-28  -4.1716e-33  1.01855e-29  4.81578e-34  5.61408e-30  1.12194e-34  6.75116e-31 -1.75077e-35  3.24664e-32 -2.73237e-36 -1.00748e-33  4.00551e-37 -2.33458e-34  4.70922e-38 -1.31294e-35 -7.22661e-39 -2.99181e-37  1.24159e-40  -9.8435e-40  4.29816e-43
-1.34764e-35  7.26111e-25 -1.46396e-35 -3.41061e-23 -2.79163e-34  8.46464e-22  6.23819e-35 -1.39613e-20  2.26691e-34   1.6906e-19  1.51627e-33 -1.58882e-18 -3.11689e-32  1.20006e-17  3.40985e-31 -7.45828e-17 -2.75238e-30  3.87713e-16  1.80896e-29 -1.70548e-15 -1.00833e-28  6.39932e-15  4.89958e-28 -2.05888e-14 -2.11754e-27  5.69553e-14  8.25716e-27 -1.35524e-13 -2.93096e-26  2.76797e-13  9.50934e-26 -4.82772e-13 -2.82142e-25  7.12428e-13  7.64153e-25 -8.75677e-13 -1.88372e-24   8.7226e-13  4.21236e-24 -6.67311e-13 -8.51569e-24  3.41985e-13  1.55089e-23 -5.29429e-14 -2.53488e-23 -8.33903e-14  3.70131e-23   7.3741e-14 -4.79825e-23 -1.37013e-14  5.47101e-23 -1.71016e-14 -5.39965e-23  1.08915e-14  4.46972e-23  1.53088e-15 -2.87013e-23 -3.40481e-15  1.03928e-23  2.33614e-16  5.23546e-24  8.20885e-16 -1.47289e-23 -1.20491e-16  1.73627e-23 -1.79312e-16 -1.48629e-23  2.37031e-17  1.00683e-23  3.64955e-17 -5.45174e-24 -1.43545e-18   2.2841e-24 -6.45062e-18 -6.63073e-25 -6.54271e-19  7.32802e-26  8.53873e-19    4.565e-26  2.43325e-19 -3.15552e-26 -5.99161e-20  9.75391e-27 -4.06753e-20 -8.94972e-28  -2.6749e-21 -8.90103e-28  3.26434e-21  7.09578e-28  9.92999e-22 -3.27369e-28 -1.59249e-23  9.98613e-29 -7.16192e-23 -1.26627e-29 -1.58667e-23 -5.60916e-30  1.15022e-25  3.53627e-30  7.50998e-25 -5.55544e-31  1.58107e-25 -1.88133e-31  7.75683e-27  8.58537e-32 -2.86532e-27 -9.71088e-34 -6.97908e-28 -4.97766e-33 -6.45343e-29  5.98032e-34  2.25961e-31  1.14516e-34  7.36044e-31 -1.58103e-35  8.43056e-32 -3.07011e-36  4.19196e-33  3.95892e-37  2.91634e-35  3.72716e-38 -6.74538e-36 -5.16949e-39 -2.79736e-37  6.98346e-41 -2.71024e-39
-2.05992e-25 -3.37057e-35  1.71354e-23 -2.73659e-35 -5.61937e-22 -1.63733e-34  1.12366e-20 -3.44872e-34 -1.58274e-19  1.51627e-33  1.68916e-18  1.08817e-32 -1.42678e-17 -2.18943e-31  9.81398e-17  2.20218e-30 -5.60602e-16 -1.64006e-29  2.69641e-15  9.91461e-29 -1.10272e-14 -5.08053e-28  3.85967e-14  2.27323e-27 -1.16088e-13 -9.08507e-27  3.00532e-13  3.29808e-26 -6.69198e-13  -1.0992e-25  1.27737e-12  3.37897e-25 -2.07605e-12 -9.57736e-25  2.83956e-12   2.4942e-24 -3.20441e-12 -5.93863e-24   2.8782e-12  1.28606e-23 -1.90556e-12 -2.52086e-23  7.29166e-13  4.45268e-23  9.85319e-14 -7.05664e-23 -3.33593e-13  9.98702e-23  1.73564e-13 -1.25481e-22   1.8689e-14  1.38786e-22 -6.30439e-14 -1.33248e-22  1.71547e-14  1.08115e-22  1.31499e-14 -6.96062e-23 -7.63395e-15  2.84629e-23 -2.15927e-15  4.79253e-24  2.11341e-15 -2.40757e-23   3.7413e-16  2.92507e-23 -4.68664e-16 -2.46784e-23 -8.86754e-17  1.61963e-23  8.50721e-17 -8.37587e-24  2.39543e-17  3.28265e-24  -1.1383e-17 -8.47489e-25 -5.41642e-18  4.82905e-26  7.29579e-19  7.60796e-26  8.57769e-19 -4.17597e-26  8.48508e-20  1.16302e-26 -7.74007e-20 -1.25527e-27  -2.5993e-20 -7.40875e-28  1.06708e-21  6.79818e-28  2.38874e-21 -3.48553e-28  4.88871e-22  1.21008e-28  -3.9485e-23 -2.06878e-29 -3.71409e-23 -5.50678e-30 -6.53036e-24  4.70698e-30  1.44589e-25  -9.4155e-31  2.69191e-25 -1.93542e-31  4.99041e-26  1.10449e-31  2.61525e-27 -3.87561e-33 -5.71832e-28 -5.42897e-33 -1.34788e-28  6.85316e-34 -1.21584e-29  1.01049e-34 -2.59512e-31 -1.20116e-35  5.43672e-32 -3.04482e-36   6.0102e-33  3.53595e-37  2.62875e-34  2.43195e-38  4.03482e-36 -3.03964e-39 -3.37297e-38   2.6551e-41
 3.40701e-36 -6.53769e-24 -4.04221e-35  3.10174e-22 -1.12598e-34 -7.77904e-21  6.24254e-34  1.29715e-19 -3.96932e-33 -1.58882e-18  1.08817e-32  1.51115e-17  7.58479e-32 -1.15581e-16 -1.43794e-30  7.27856e-16  1.34163e-29 -3.83647e-15 -9.22483e-29   1.7124e-14  5.12774e-28 -6.52515e-14 -2.41072e-27  2.13398e-13   9.8931e-27 -6.00697e-13 -3.63493e-26  1.45627e-12  1.22016e-25  -3.0349e-12  -3.7945e-25  5.41129e-12  1.10034e-24 -8.18376e-12 -2.97356e-24  1.03454e-11  7.44709e-24 -1.06584e-11  -1.7151e-23  8.52621e-12  3.60405e-23 -4.71028e-12  -6.8629e-23   1.0374e-12  1.17743e-22  9.18504e-13 -1.81085e-22 -9.96662e-13  2.48435e-22  2.68444e-13 -3.02325e-22  1.93011e-13  3.23835e-22 -1.62496e-13 -3.01585e-22  -3.3888e-15  2.38622e-22  4.69074e-14 -1.52194e-22 -8.45495e-15  6.60758e-23 -1.07731e-14 -2.04572e-25  3.00729e-15 -3.63035e-23  2.33065e-15  4.58739e-23 -6.43161e-16 -3.81922e-23 -4.95703e-16  2.42755e-23  8.44105e-17  -1.1961e-23  9.62931e-17  4.35538e-24 -1.03828e-18 -9.77604e-25 -1.47995e-17 -3.75145e-27 -2.47739e-18  1.05011e-25  1.42812e-18 -4.57706e-26  5.90744e-19  1.07802e-26  -2.3746e-20 -1.12149e-27 -6.30267e-20 -5.44148e-28 -1.26676e-20  5.74579e-28  1.95179e-21 -3.36702e-28  1.34983e-21  1.39321e-28   1.9833e-22 -3.29102e-29 -2.67829e-23 -3.69774e-30 -1.53279e-23  5.83631e-30 -2.27019e-24 -1.44389e-30  4.71101e-26 -1.69391e-31  7.35344e-26  1.32572e-31  1.24069e-26 -7.73432e-33  7.23366e-28 -5.35562e-33 -7.11341e-29  7.21985e-34 -1.77584e-29  7.27316e-35  -1.5167e-30 -6.89656e-36 -4.98284e-32 -2.65812e-36  1.55486e-33  2.81812e-37  1.94024e-34  1.27759e-38  5.83886e-36 -1.39423e-39   4.3837e-38
 1.64701e-24 -9.18153e-36 -1.38388e-22  5.79484e-35   4.5861e-21 -9.47707e-34 -9.27142e-20  6.48515e-33  1.32096e-18 -3.11689e-32 -1.42678e-17  7.58479e-32  1.22037e-16  5.02113e-31 -8.50537e-16 -8.93565e-30  4.92612e-15  7.75206e-29  -2.4041e-14 -4.92651e-28  9.98376e-14  2.52013e-27 -3.55166e-13  -1.0866e-26  1.08682e-12  4.07915e-26 -2.86587e-12 -1.37032e-25  6.50907e-12  4.21984e-25 -1.26944e-11 -1.21413e-24  2.11255e-11  3.29894e-24 -2.96737e-11 -8.46994e-24  3.45399e-11  2.03919e-23 -3.22404e-11 -4.55054e-23  2.25493e-11  9.30284e-23 -9.69698e-12  -1.7253e-22 -1.86635e-13  2.88078e-22  3.68942e-12 -4.30476e-22 -2.30659e-12  5.72686e-22  1.80376e-14  -6.7461e-22  7.34581e-13  6.98779e-22 -2.83073e-13 -6.29647e-22 -1.29223e-13  4.83805e-22  1.09675e-13 -3.03161e-22  1.48877e-14   1.3529e-22 -2.93333e-14 -1.37974e-23 -1.47424e-15 -5.06723e-23  6.60103e-15  6.73134e-23  4.23561e-16 -5.53886e-23 -1.28015e-15  3.40851e-23 -1.90555e-16 -1.59487e-23  1.97886e-16    5.343e-24  5.88094e-17 -1.00485e-24 -1.95041e-17 -7.78735e-26 -1.16228e-17  1.20661e-25  1.00411e-19 -3.83981e-26  1.34849e-18   5.9584e-27  2.92013e-19 -1.57634e-28 -5.87722e-20 -4.39787e-28 -3.84616e-20  4.10742e-28  -4.7482e-21 -2.75096e-28  1.42912e-21  1.47766e-28  6.13418e-22 -4.89776e-29   6.8475e-23  1.96521e-31 -1.16139e-23  6.77295e-30 -5.04608e-24 -2.02455e-30  -6.6245e-25  -1.1541e-31  4.50756e-27  1.49325e-31  1.47927e-26 -1.22288e-32   2.3212e-27 -4.68164e-33  1.45646e-28  6.91815e-34 -3.89272e-30  3.58166e-35 -1.43335e-30  -1.6914e-36 -1.10567e-31 -2.03072e-36 -3.63758e-33  1.98089e-37 -1.49099e-35  5.17992e-39  1.58182e-36 -4.35416e-40
 2.47907e-35  4.72109e-23 -9.36531e-35 -2.26352e-21  9.82646e-34  5.73943e-20  -8.1265e-33 -9.68083e-19  4.92845e-32  1.20006e-17 -2.18943e-31 -1.15581e-16  5.02113e-31  8.95735e-16  3.15388e-30 -5.71914e-15 -5.26691e-29  3.05857e-14  4.25218e-28 -1.38622e-13 -2.50212e-27  5.36817e-13   1.1807e-26 -1.78589e-12 -4.67746e-26  5.11952e-12  1.60597e-25 -1.26556e-11 -4.91401e-25  2.69354e-11   1.3772e-24 -4.91419e-11 -3.62704e-24  7.62377e-11   9.1431e-24 -9.92127e-11 -2.21713e-23  1.05811e-10  5.12553e-23 -8.85347e-11 -1.11067e-22  5.25581e-11  2.21673e-22 -1.48477e-11  -4.0178e-22 -7.65958e-12  6.54638e-22  1.07866e-11 -9.51988e-22 -3.85482e-12  1.22876e-21 -1.61851e-12 -1.40042e-21  1.91543e-12  1.40068e-21 -1.76293e-13 -1.21816e-21  -5.0485e-13  9.05701e-22  1.56034e-13 -5.54188e-22  1.07614e-13  2.49468e-22 -4.93252e-14   -4.074e-23 -2.25433e-14 -6.55846e-23  1.09976e-14  9.28414e-23  5.00791e-15 -7.56797e-23 -1.78241e-15    4.508e-23 -1.08206e-15 -1.99441e-23  1.60129e-16  6.06172e-24  1.92913e-16 -8.96351e-25  1.06402e-17 -1.55812e-25  -2.3449e-17  1.08564e-25 -6.14909e-18 -1.57277e-26  1.23691e-18 -3.34997e-27  8.96353e-19  1.97822e-27   9.8731e-20 -6.54758e-28 -4.87188e-20  2.24254e-28 -1.87034e-20 -1.46853e-28 -1.36196e-21  1.38559e-28  7.15085e-22 -6.76526e-29  2.28018e-22  6.11883e-30  2.07932e-23  7.40351e-30  -3.5478e-24 -2.62167e-30 -1.30615e-24 -3.82762e-32 -1.57703e-25  1.58494e-31 -1.95881e-27 -1.67743e-32  2.06051e-27 -3.48276e-33  3.05634e-28   5.9157e-34  1.92732e-29  -1.6999e-37  1.63496e-31  2.39178e-36  -5.8288e-32 -1.34319e-36  -3.8016e-33  1.21311e-37 -8.83723e-35  1.50602e-39 -4.54922e-37
-1.06949e-23  8.40092e-35  9.08138e-22 -8.66596e-34 -3.04279e-20  8.81529e-33  6.22247e-19 -6.22884e-32  -8.9727e-18  3.40985e-31  9.81398e-17 -1.43794e-30 -8.50537e-16  3.15388e-30  6.01018e-15  1.87772e-29 -3.53176e-14 -2.93887e-28  1.75009e-13  2.20946e-27 -7.38552e-13 -1.20681e-26   2.6724e-12  5.27258e-26 -8.32654e-12 -1.92674e-25  2.23834e-11  6.06654e-25 -5.19002e-11 -1.68948e-24  1.03513e-10  4.28158e-24 -1.76555e-10 -1.01966e-23   2.5493e-10  2.35169e-23 -3.06362e-10 -5.33439e-23  2.97394e-10  1.18116e-22 -2.19622e-10 -2.49252e-22   1.0493e-10  4.88094e-22 -8.38184e-12 -8.68709e-22 -3.26789e-11  1.38612e-21  2.47436e-11  -1.9658e-21 -2.80351e-12  2.46355e-21 -6.79498e-12  -2.7151e-21  3.56617e-12  2.61792e-21  8.92182e-13 -2.19187e-21 -1.24143e-12  1.57156e-21  -6.1709e-15 -9.34658e-22  3.19432e-13   4.1964e-22 -2.43145e-14 -8.54757e-23 -7.23111e-14 -7.86361e-23  4.59242e-15  1.20902e-22  1.48284e-14 -9.79834e-23   3.4338e-16  5.64943e-23 -2.57381e-15 -2.34966e-23 -4.14321e-16   6.3518e-24  3.22472e-16 -6.54591e-25  1.16711e-16 -2.04091e-25 -1.80395e-17  5.45022e-26  -1.7498e-17  2.32429e-26 -1.99746e-18 -1.66233e-26   1.2182e-18  5.59505e-27  4.60559e-19 -1.45944e-27  1.63443e-20  5.81229e-29 -2.74822e-20  5.87276e-29 -7.47695e-21  1.06692e-28 -3.00487e-22 -8.71239e-29  2.68146e-22  1.34722e-29  6.94143e-23  7.69202e-30  5.63431e-24 -3.16287e-30 -7.59055e-25  4.94925e-32 -2.57589e-25   1.5916e-31  -2.9109e-26 -2.05839e-32 -8.58123e-28 -1.99279e-33  1.77691e-28  4.35852e-34  2.56709e-29 -2.64051e-35  1.48601e-30  4.63193e-36  3.04107e-32 -7.54521e-37  -7.2561e-34  6.35919e-38 -3.65173e-35  2.72921e-40
-2.35024e-35 -2.79895e-22  6.24845e-34  1.35683e-20 -8.07026e-33 -3.48026e-19  6.89772e-32  5.94132e-18 -4.31527e-31 -7.45828e-17  2.20218e-30  7.27856e-16 -8.93565e-30 -5.71914e-15  1.87772e-29  3.70486e-14  1.05608e-28 -2.01173e-13 -1.54659e-27   9.2649e-13  1.08377e-26 -3.64908e-12 -5.51123e-26  1.23593e-11  2.23932e-25 -3.61116e-11 -7.58865e-25  9.11074e-11  2.20252e-24 -1.98215e-10 -5.59861e-24  3.70389e-10  1.27904e-23 -5.90033e-10 -2.72137e-23   7.9125e-10  5.63659e-23 -8.74345e-10 -1.17749e-22  7.65522e-10  2.48485e-22 -4.87078e-10 -5.12739e-22  1.66874e-10   9.9248e-22  4.63353e-11 -1.74644e-21 -9.54862e-11  2.74217e-21  4.33722e-11 -3.80309e-21  9.37473e-12  4.63177e-21 -1.82563e-11 -4.93333e-21  3.77172e-12  4.57694e-21  4.28694e-12 -3.67849e-21 -2.03488e-12  2.53474e-21 -8.03248e-13 -1.45995e-21  6.03866e-13  6.49759e-22  1.54202e-13 -1.51005e-22 -1.38272e-13 -8.68421e-23 -3.59639e-14  1.49379e-22  2.51465e-14 -1.21013e-22  9.02109e-15  6.75376e-23 -3.20873e-15 -2.62067e-23  -1.9177e-15  6.12807e-24  1.43903e-16 -3.32267e-25  2.87199e-16 -1.75673e-25  4.12639e-17 -5.21274e-26 -2.34476e-17  7.56687e-26 -9.56873e-18 -3.23194e-26 -8.11392e-20  1.08922e-26  7.70849e-19 -3.07046e-27   1.9082e-19 -5.64854e-29 -4.36714e-21  3.38242e-28 -1.18304e-20  5.34459e-29 -2.49981e-21 -1.05447e-28 -5.69306e-23   2.1178e-29  7.67964e-23  7.69535e-30  1.70662e-23 -3.58356e-30  1.32468e-24    1.324e-31 -1.05275e-25  1.51986e-31 -3.67471e-26 -2.28466e-32 -3.87653e-27   -5.381e-34 -1.54004e-28  2.54953e-34    7.298e-30  -3.8439e-35  1.17254e-30  5.02628e-36  5.46028e-32  -3.4686e-37  9.45688e-34  2.74435e-38  1.37768e-36
 5.75054e-23 -3.15321e-34 -4.93731e-21  6.26537e-33  1.67351e-19 -6.68597e-32 -3.46386e-18   4.8377e-31  5.05825e-17 -2.75238e-30 -5.60602e-16  1.34163e-29  4.92612e-15 -5.26691e-29 -3.53176e-14  1.05608e-28  2.10718e-13  5.58752e-28   -1.061e-12 -7.64715e-27  4.55366e-12  5.00156e-26 -1.67734e-11 -2.37547e-25  5.32594e-11  9.01799e-25 -1.46087e-10 -2.85074e-24  3.46132e-10  7.67824e-24  -7.0669e-10 -1.79222e-23  1.23664e-09  3.69666e-23 -1.83744e-09 -6.96085e-23  2.28206e-09  1.26499e-22 -2.30556e-09 -2.37269e-22  1.79714e-09  4.72569e-22  -9.4566e-10 -9.59763e-22  1.58547e-10  1.85837e-21  2.33421e-10 -3.26623e-21 -2.18853e-10  5.08046e-21  4.70442e-11 -6.91498e-21  5.00698e-11  8.19367e-21 -3.58239e-11 -8.42741e-21 -3.23375e-12  7.50537e-21  1.13076e-11 -5.77031e-21 -1.40864e-12  3.80705e-21 -2.76474e-12 -2.11786e-21  6.04857e-13  9.32624e-22  6.21597e-13 -2.38253e-22 -1.33399e-13 -8.70125e-23 -1.33966e-13  1.76168e-22  1.57694e-14 -1.43717e-22  2.58752e-14  7.76127e-23  8.38108e-16 -2.78173e-23 -3.88536e-15  5.41361e-24 -8.18834e-16 -3.54696e-26   3.4883e-16 -1.61026e-26  1.72169e-16 -2.15358e-25  3.83647e-19  1.35109e-25 -1.68759e-17 -4.82391e-26 -4.03509e-18  1.78389e-26  3.64011e-19 -5.52642e-27  3.69451e-19 -1.17012e-28  6.55604e-20   6.6793e-28 -4.43647e-21 -1.19784e-29 -4.02268e-21  -1.2096e-28 -7.02607e-22  2.79169e-29  -1.3145e-23  7.54507e-30  1.65743e-23 -3.84321e-30  3.28639e-24  1.95917e-31  2.51914e-25  1.38949e-31 -7.22184e-27 -2.29805e-32 -3.49513e-27  5.78441e-34 -3.37474e-28  8.54298e-35 -1.40196e-29 -3.74282e-35 -2.84284e-33   4.1521e-36  2.11862e-32  -1.2014e-37   5.8123e-34  8.61929e-39
 1.08187e-34   1.3846e-21 -3.93446e-33 -6.79033e-20  5.63658e-32  1.76294e-18 -4.87163e-31 -3.04794e-17  3.08175e-30  3.87713e-16 -1.64006e-29 -3.83647e-15  7.75206e-29  3.05857e-14 -2.93887e-28 -2.01173e-13  5.58752e-28  1.10996e-12   2.7709e-27 -5.19863e-12 -3.54247e-26  2.08422e-11  2.16612e-25 -7.19311e-11 -9.63863e-25  2.14409e-10  3.43371e-24  -5.5261e-10 -1.01832e-23   1.2302e-09  2.56348e-23 -2.35689e-09 -5.53893e-23  3.85941e-09  1.03781e-22 -5.33898e-09 -1.72238e-22  6.11858e-09  2.67448e-22 -5.60817e-09 -4.31839e-22   3.8166e-09  7.95407e-22 -1.53193e-09 -1.60927e-21   -1.614e-10  3.18349e-21  6.99864e-10  -5.6789e-21 -3.96513e-10  8.83334e-21 -2.33789e-11 -1.18534e-20  1.42495e-10  1.36826e-20 -4.73627e-11 -1.35746e-20 -2.83588e-11  1.15701e-20  2.05057e-11  -8.4724e-21  4.02911e-12  5.32897e-21 -5.80411e-12 -2.85824e-21  -5.6025e-13  1.24883e-21  1.35141e-12 -3.46433e-22  1.42897e-13  -7.6289e-23 -2.66392e-13  1.99981e-22 -5.05829e-14 -1.65727e-22  4.09952e-14  8.64601e-23  1.42252e-14  -2.8251e-23 -3.80381e-15  4.34268e-24 -2.69239e-15  8.95503e-26 -6.55624e-17  3.25702e-25  2.98046e-16 -4.30839e-25  7.47191e-17  1.93031e-25 -1.06781e-17 -6.21296e-26 -8.88685e-18  2.60411e-26 -1.33655e-18 -8.59002e-27    2.695e-19 -1.54311e-28  1.41435e-19  1.00296e-27  1.91464e-20 -7.39559e-29 -1.81301e-21 -1.32581e-28 -1.08508e-21  3.24906e-29 -1.64301e-22  7.39754e-30 -4.01358e-24 -3.93229e-30  2.58879e-24   2.3034e-31   4.7156e-25  1.22604e-31  3.53173e-26 -2.08617e-32  1.92817e-28  1.18739e-33 -1.93217e-28  -4.2373e-35  -1.6538e-29 -2.84723e-35 -5.77973e-31  2.78552e-36  -5.8753e-33 -2.42497e-38  5.25297e-35
-2.59521e-22   1.8925e-33  2.25432e-20 -4.02369e-32 -7.73459e-19  4.37091e-31   1.6214e-17 -3.16572e-30 -2.39938e-16  1.80896e-29  2.69641e-15 -9.22483e-29  -2.4041e-14  4.25218e-28  1.75009e-13 -1.54659e-27   -1.061e-12   2.7709e-27  5.43295e-12  1.28481e-26 -2.37342e-11  -1.5348e-25  8.90764e-11  8.79043e-25 -2.88505e-10 -3.67538e-24  8.08244e-10  1.23348e-23 -1.95886e-09  -3.4493e-23  4.09832e-09  8.17016e-23 -7.36588e-09 -1.64833e-22  1.12746e-08  2.83222e-22 -1.44869e-08 -4.15515e-22  1.52454e-08  5.37022e-22 -1.25411e-08 -6.93967e-22  7.21913e-09   1.1256e-21 -1.78816e-09  -2.3327e-21 -1.32919e-09  4.92253e-21  1.61829e-09 -9.15805e-21 -5.15153e-10  1.44403e-20 -2.87916e-10 -1.92161e-20  2.94061e-10  2.16391e-20 -1.45064e-11 -2.06754e-20 -8.36071e-11  1.67987e-20  2.24246e-11   -1.165e-20  1.89223e-11  6.94869e-21  -7.6849e-12 -3.59198e-21 -4.12644e-12  1.57051e-21  1.77737e-12 -4.74375e-22  9.31888e-13 -5.29139e-23 -2.89691e-13  2.21172e-22 -2.01899e-13 -1.87621e-22  2.36813e-14  9.41539e-23  3.58638e-14 -2.75795e-23  2.86513e-15  3.12958e-24 -4.27903e-15 -1.13474e-25 -1.25405e-15  8.83208e-25  2.00119e-16 -6.85511e-25  1.73233e-16  2.41133e-25  2.29745e-17 -7.23178e-26   -8.507e-18  3.46634e-26 -3.70259e-18 -1.17338e-26 -3.50776e-19 -2.21104e-28  1.20501e-19  1.28472e-27   4.4104e-20 -1.14876e-28  4.85392e-21 -1.39935e-28 -4.73252e-22  3.41737e-29 -2.28581e-22  7.36724e-30 -3.10195e-23 -3.86674e-30 -1.06825e-24  2.33215e-31   2.7079e-25   1.0523e-31  4.67924e-26 -1.69121e-32  3.27294e-27  1.29937e-33  7.19511e-29 -1.13729e-34 -4.66154e-30 -1.74653e-35 -3.44808e-31  1.53405e-36 -6.84289e-33  1.12475e-39
-5.98087e-34 -5.78026e-21  2.34324e-32  2.86964e-19 -3.42034e-31 -7.54607e-18  2.96667e-30  1.32216e-16  -1.8636e-29 -1.70548e-15  9.91461e-29   1.7124e-14 -4.92651e-28 -1.38622e-13  2.20946e-27   9.2649e-13 -7.64715e-27 -5.19863e-12  1.28481e-26  2.47832e-11  5.56335e-26 -1.01232e-10 -6.21504e-25  3.56343e-10  3.34065e-24 -1.08467e-09 -1.31595e-23  2.85885e-09   4.1746e-23  -6.5191e-09 -1.10555e-22  1.28197e-08  2.47831e-22 -2.16031e-08 -4.70665e-22  3.08635e-08  7.49793e-22 -3.67203e-08 -9.82005e-22  3.52549e-08  1.03506e-21 -2.56203e-08 -9.31666e-22  1.17748e-08  1.12944e-21 -3.50897e-10 -2.64532e-21 -4.26414e-09  6.67269e-21  3.01092e-09 -1.36311e-20 -2.24388e-10  2.22352e-20 -9.13336e-10 -2.95601e-20  4.42144e-10  3.25194e-20  1.37278e-10 -2.98574e-20 -1.65841e-10  2.30039e-20 -5.88907e-12 -1.49937e-20    4.477e-11  8.42244e-21 -2.33355e-12 -4.20375e-21 -1.04898e-11  1.86981e-21  4.47164e-13 -6.22064e-22  2.20459e-12 -1.72596e-23  9.27376e-14  2.42309e-22 -3.88864e-13 -2.10834e-22 -7.02706e-14  1.00938e-22  4.88056e-14 -2.59416e-23  1.90806e-14  2.01215e-24 -2.52098e-15 -7.68863e-25 -2.81986e-15  1.65756e-24 -3.68551e-16 -9.58847e-25  1.87725e-16  2.73717e-25  7.71373e-17 -7.81466e-26  4.14638e-18  4.24732e-26 -4.26144e-18 -1.42382e-26 -1.26369e-18 -3.68531e-28 -7.45804e-20  1.45533e-27  3.90407e-20 -1.20879e-28   1.1213e-20 -1.43281e-28   1.0737e-21  3.29057e-29 -8.13078e-23   7.4692e-30  -3.6318e-23 -3.67406e-30 -4.48881e-24  2.09408e-31 -1.93675e-25    8.829e-32  1.61612e-26 -1.19857e-32  2.86366e-27  1.06865e-33  1.72853e-28 -1.31753e-34  4.16872e-30 -8.50766e-36 -1.29479e-32  6.75097e-37 -1.28469e-33
 9.92301e-22 -1.04336e-32 -8.72631e-20  2.26917e-31  3.03271e-18 -2.48642e-30 -6.44335e-17   1.7929e-29  9.66961e-16 -1.00833e-28 -1.10272e-14  5.12774e-28  9.98376e-14 -2.50212e-27 -7.38552e-13  1.08377e-26  4.55366e-12 -3.54247e-26 -2.37342e-11  5.56335e-26  1.05636e-10  2.24908e-25 -4.04346e-10 -2.35253e-24  1.33721e-09  1.18902e-23 -3.83021e-09 -4.42346e-23  9.50578e-09  1.33027e-22 -2.04034e-08 -3.34836e-22  3.77079e-08  7.13796e-22 -5.95292e-08 -1.28497e-21  7.92244e-08  1.91821e-21 -8.69236e-08 -2.27551e-21  7.54612e-08  1.93993e-21 -4.72716e-08  -8.6349e-22  1.52475e-08 -2.37795e-23  5.73401e-09 -1.36517e-21 -1.00835e-08  7.34994e-21  4.33315e-09 -1.85487e-20  1.18982e-09  3.23097e-20 -1.99841e-09 -4.33082e-20  3.69345e-10  4.66024e-20  4.99211e-10 -4.09886e-20  -2.2489e-10  2.97372e-20 -9.86042e-11 -1.80237e-20  7.03286e-11  9.44479e-21  1.96451e-11 -4.57838e-21 -1.67178e-11  2.12947e-21  -4.6588e-12 -7.91207e-22  3.12995e-12  2.70589e-23  1.18267e-12  2.68133e-22 -4.06562e-13  -2.3718e-22 -2.55201e-13  1.06968e-22  1.70763e-14 -2.34545e-23   3.8698e-14  1.18718e-24  5.92986e-15 -1.92592e-24 -3.14016e-15  2.60705e-24 -1.34395e-15 -1.22548e-24 -2.66907e-17  2.89262e-25  1.05515e-16  -8.0064e-26  2.75915e-17  4.80379e-26 -1.76652e-19 -1.53814e-26 -1.59579e-18 -6.22181e-28 -3.59439e-19  1.47487e-27 -1.39484e-20 -8.65017e-29  9.50263e-21 -1.43239e-28   2.2886e-21    2.924e-29  2.01724e-22  7.59871e-30 -8.13113e-24 -3.37991e-30 -4.10546e-24    1.688e-31 -4.61336e-25  7.24178e-32 -2.15476e-26 -7.09022e-33  3.12231e-28  7.02088e-34  8.86729e-29 -1.12564e-34  3.98648e-30 -3.06226e-36  5.91879e-32  2.11377e-37
 3.06298e-33  2.05221e-20  -1.2273e-31 -1.03209e-18  1.81716e-30  2.75092e-17  -1.5805e-29 -4.88842e-16  9.79309e-29  6.39932e-15 -5.08053e-28 -6.52515e-14  2.52013e-27  5.36817e-13 -1.20681e-26 -3.64908e-12  5.00156e-26  2.08422e-11  -1.5348e-25 -1.01232e-10  2.24908e-25   4.2172e-10   8.4926e-25 -1.51566e-09 -8.32931e-24  4.71637e-09  3.96591e-23 -1.27264e-08 -1.39643e-22  2.97611e-08  3.99105e-22 -6.01434e-08 -9.57644e-22  1.04428e-07   1.9489e-21 -1.54265e-07 -3.34432e-21  1.90756e-07  4.72166e-21 -1.91968e-07 -5.15543e-21   1.4879e-07  3.58403e-21 -7.70544e-08  1.46944e-22  1.09807e-08 -4.04911e-21  2.14571e-08  3.86555e-21 -1.92483e-08  4.78401e-21  3.80204e-09 -2.26416e-20  4.75554e-09  4.44015e-20  -3.2896e-09   -6.068e-20 -3.62379e-10  6.39195e-20  1.09408e-09 -5.36298e-20 -1.28173e-10  3.62965e-20 -2.78067e-10 -2.01442e-20  6.02221e-11  9.70859e-21  6.45533e-11  -4.6346e-21 -1.39452e-11  2.35108e-21 -1.43362e-11 -9.83926e-22  1.72357e-12  7.24694e-23  2.85438e-12  3.04689e-22  8.97634e-14 -2.68072e-22 -4.41413e-13  1.12074e-22 -9.37529e-14 -2.01584e-23  4.05959e-14  7.57054e-25  2.02403e-14 -3.52884e-24  8.20906e-17   3.6457e-24 -2.00651e-15 -1.45887e-24 -4.90464e-16  2.90673e-25  4.03398e-17 -7.93552e-26  4.42171e-17  5.00413e-26  8.15582e-18 -1.46574e-26 -4.27906e-19 -9.69717e-28  -4.6776e-19  1.33467e-27 -8.55525e-20  -1.6293e-29  -2.7006e-21 -1.40375e-28  1.71965e-21  2.40814e-29  3.62749e-22  7.56472e-30  3.02286e-23 -3.00358e-30 -1.96979e-25  1.22627e-31 -3.00367e-25  5.77644e-32 -3.01465e-26 -3.06628e-33 -1.30707e-27  3.67712e-34 -1.19066e-29 -7.68371e-35   8.8901e-31 -6.32128e-37  1.76207e-32
-3.23442e-21  5.07262e-32  2.88169e-19 -1.12422e-30 -1.01522e-17  1.24442e-29  2.18782e-16  -8.9345e-29 -3.33239e-15  4.89958e-28  3.85967e-14 -2.41072e-27 -3.55166e-13   1.1807e-26   2.6724e-12 -5.51123e-26 -1.67734e-11  2.16612e-25  8.90764e-11 -6.21504e-25 -4.04346e-10   8.4926e-25   1.5802e-09  2.99796e-24 -5.34196e-09 -2.76111e-23  1.56624e-08  1.24071e-22 -3.98521e-08 -4.14295e-22  8.78648e-08  1.12775e-21  -1.6719e-07 -2.58609e-21  2.72574e-07  5.03983e-21 -3.76189e-07 -8.27994e-21  4.30767e-07  1.11377e-20 -3.94729e-07 -1.13617e-20  2.68009e-07  6.59814e-21 -1.05627e-07  3.31752e-21 -1.51857e-08 -1.40578e-20  5.30499e-08  1.71472e-20 -2.96155e-08 -4.68018e-21  -2.2651e-09 -2.37567e-20  1.12871e-08  5.78687e-20 -3.73827e-09 -8.16821e-20 -2.33631e-09  8.42294e-20  1.70671e-09 -6.70438e-20  3.37761e-10  4.18012e-20 -5.02326e-10 -2.07492e-20 -4.58913e-11  8.98263e-21  1.21301e-10 -4.35504e-21  1.18498e-11  2.55664e-21   -2.484e-11 -1.19963e-21 -4.49733e-12  1.07794e-22  3.98829e-12  3.57643e-22  1.34301e-12 -3.03705e-22 -3.91411e-13  1.15658e-22 -2.66445e-13 -1.60164e-23 -4.27013e-15  7.03398e-25  3.06401e-14  -5.4126e-24  7.55102e-15  4.65387e-24 -1.14364e-15 -1.63535e-24 -9.25309e-16  2.84185e-25 -1.39304e-16 -7.76474e-26  2.77753e-17  4.76241e-26  1.47093e-17 -1.19401e-26  2.03984e-18 -1.36629e-27 -1.66214e-19  1.06122e-27 -1.08079e-19   7.7137e-29 -1.68416e-20 -1.34813e-28 -5.67997e-22  1.83515e-29   2.2145e-22  7.16911e-30  4.22885e-23 -2.56321e-30  3.29952e-24  8.00171e-32  5.31885e-26  4.44005e-32 -1.20119e-26 -3.63521e-34 -1.04699e-27  1.46914e-34 -3.40427e-29  -4.1925e-35 -3.32315e-31  3.19987e-38
-1.37775e-32 -6.22636e-20  5.66072e-31  3.17466e-18 -8.51968e-30 -8.58387e-17  7.45129e-29  1.54837e-15 -4.55357e-28 -2.05888e-14  2.27323e-27  2.13398e-13  -1.0866e-26 -1.78589e-12  5.27258e-26  1.23593e-11 -2.37547e-25 -7.19311e-11  8.79043e-25  3.56343e-10 -2.35253e-24 -1.51566e-09  2.99796e-24  5.56812e-09  9.90487e-24 -1.77342e-08 -8.57924e-23  4.90516e-08  3.64435e-22 -1.17788e-07 -1.15614e-21   2.4494e-07  3.00334e-21 -4.38793e-07 -6.59592e-21  6.71132e-07  1.23399e-20 -8.63579e-07 -1.94743e-20  9.11684e-07  2.50972e-20 -7.53013e-07 -2.42142e-20   4.3439e-07  1.21563e-20 -1.04751e-07  1.07156e-20 -8.68993e-08 -3.51308e-20  1.04353e-07  4.48506e-20 -3.33799e-08 -2.64209e-20  -1.9347e-08 -1.88905e-20  2.00767e-08  7.18042e-20 -1.12236e-09 -1.06163e-19 -5.89352e-09  1.07036e-19  1.68431e-09 -8.02653e-20  1.36418e-09   4.5331e-20 -5.98123e-10  -1.9359e-20 -3.04112e-10   7.1855e-21   1.4462e-10 -3.80025e-21  7.10644e-11  2.78126e-21 -2.50422e-11 -1.43144e-21 -1.61435e-11  1.20151e-22  2.34826e-12   4.3018e-22  3.02386e-12   -3.425e-22  1.87467e-13  1.16768e-22 -3.81977e-13 -1.09615e-23 -1.05528e-13  8.96102e-25  1.98122e-14 -7.33078e-24  1.55487e-14   5.4998e-24     1.93e-15 -1.73788e-24 -8.01888e-16  2.77435e-25 -3.35755e-16 -7.63842e-26 -3.07921e-17  4.06336e-26  1.10162e-17  -7.5354e-27  3.97128e-18 -1.75483e-27  4.40496e-19  7.08689e-28 -3.85296e-20  1.77559e-28 -1.93704e-20 -1.26095e-28 -2.65595e-21  1.27417e-29 -1.06608e-22  6.29934e-30   1.8563e-23 -2.08431e-30   3.3365e-24  4.60788e-32   2.3294e-25    3.252e-32  5.91519e-27  1.00692e-33 -1.74987e-28  4.02903e-35 -1.32966e-29 -1.73812e-35 -1.71982e-31
