 0.000857467  1.18233e-20  -0.00436181 -1.71126e-19   0.00673844  4.70113e-19  -0.00310437 -6.12847e-19   -0.0019775  4.40007e-19   0.00166383 -4.54698e-21  0.000735075 -1.26051e-19 -0.000477182  -9.8288e-21 -0.000255513  2.80697e-20  3.02581e-05 -1.79799e-21  2.01398e-05
 1.18233e-20   0.00652521  1.13159e-19   -0.0171337 -8.41598e-19    0.0162534  1.60904e-18  -0.00100208 -1.71538e-18  -0.00722085  7.12042e-19   0.00123846  3.58057e-19   0.00263918 -2.34908e-19 -0.000136738 -7.81833e-20 -0.000598505  3.65955e-20 -8.38769e-05 -1.42849e-21
 -0.00436181  1.13159e-19    0.0226391  4.66738e-19   -0.0365624 -2.15419e-18    0.0195149  3.34457e-18   0.00890845 -2.83411e-18   -0.0109118  3.67549e-19  -0.00259269  8.22398e-19   0.00375895 -1.92028e-19   0.00102766 -9.21429e-20 -0.000568645  1.74325e-20 -0.000157721
-1.71126e-19   -0.0171337  4.66738e-19    0.0469908  1.06287e-18   -0.0494341  -3.5611e-18   0.00963604  4.88726e-18    0.0201453 -2.99241e-18  -0.00862486 -3.77522e-19  -0.00715915  8.83292e-19   0.00288985 -1.20288e-19   0.00206628 -1.75747e-20 -0.000164879 -8.69793e-21
  0.00673844 -8.41598e-19   -0.0365624  1.06287e-18    0.0649374   1.5239e-18   -0.0452412 -4.28748e-18  -0.00646945  5.10259e-18       0.0246 -1.99563e-18  -0.00257196 -7.30979e-19  -0.00955076  5.41015e-19  0.000919318  -1.7151e-19    0.0023801  4.94389e-20  0.000235342
 4.70113e-19    0.0162534 -2.15419e-18   -0.0494341   1.5239e-18    0.0644612  1.54669e-18   -0.0304206 -3.96219e-18   -0.0173948  3.71779e-18    0.0227077 -8.08552e-19    0.0029096 -3.95355e-19  -0.00980801  2.11799e-19   -0.0010568 -2.32638e-19   0.00195893  8.01638e-20
 -0.00310437  1.60904e-18    0.0195149  -3.5611e-18   -0.0452412  1.54669e-18    0.0516541  1.24728e-18   -0.0184752 -2.74383e-18   -0.0212281  1.82534e-18    0.0193443  -3.0162e-19   0.00670629  2.54105e-19  -0.00899624  1.00911e-19  -0.00268028 -1.17808e-19   0.00087027
-6.12847e-19  -0.00100208  3.34457e-18   0.00963604 -4.28748e-18   -0.0304206  1.24728e-18    0.0407136  8.15243e-19   -0.0132507 -1.25626e-18   -0.0225345  5.34324e-19    0.0165543 -4.60516e-19   0.00955281  7.88225e-19  -0.00756059  6.48548e-20  -0.00380894  3.63563e-20
  -0.0019775 -1.71538e-18   0.00890845  4.88726e-18  -0.00646945 -3.96219e-18   -0.0184752  8.15243e-19    0.0362325  3.29916e-19   -0.0108599 -1.00258e-19   -0.0237918 -1.03423e-19    0.0140831 -8.41116e-19    0.0119007  9.66147e-19  -0.00552594 -2.78939e-19   -0.0034701
 4.40007e-19  -0.00722085 -2.83411e-18    0.0201453  5.10259e-18   -0.0173948 -2.74383e-18   -0.0132507  3.29916e-19    0.0346739  -9.8535e-20  -0.00891211  6.46652e-19   -0.0251182  -5.5681e-19    0.0116401  -1.0847e-18    0.0138353   4.8072e-19  -0.00230231 -7.54585e-19
  0.00166383  7.12042e-19   -0.0109118 -2.99241e-18       0.0246  3.71779e-18   -0.0212281 -1.25626e-18   -0.0108599  -9.8535e-20    0.0337918 -3.83592e-19  -0.00730412  1.26264e-18   -0.0265796  -9.1082e-19   0.00901226 -1.01569e-18    0.0157499 -3.93992e-19   0.00197605
-4.54698e-21   0.00123846  3.67549e-19  -0.00862486 -1.99563e-18    0.0227077  1.82534e-18   -0.0225345 -1.00258e-19  -0.00891211 -3.83592e-19    0.0336246 -5.55951e-19  -0.00598512  1.87101e-18   -0.0284819 -8.56749e-19   0.00608559  2.34522e-19    0.0166239 -2.87257e-21
 0.000735075  3.58057e-19  -0.00259269 -3.77522e-19  -0.00257196 -8.08552e-19    0.0193443  5.34324e-19   -0.0237918  6.46652e-19  -0.00730412 -5.55951e-19    0.0342844 -6.85307e-19   -0.0047956  1.97489e-18   -0.0307669  7.46798e-20    0.0017093  3.78802e-18    0.0107069
-1.26051e-19   0.00263918  8.22398e-19  -0.00715915 -7.30979e-19    0.0029096  -3.0162e-19    0.0165543 -1.03423e-19   -0.0251182  1.26264e-18  -0.00598512 -6.85307e-19    0.0357376 -9.47678e-19  -0.00316774  1.36481e-18   -0.0337697  2.78364e-18   -0.0085128  4.61308e-18
-0.000477182 -2.34908e-19   0.00375895  8.83292e-19  -0.00955076 -3.95355e-19   0.00670629 -4.60516e-19    0.0140831  -5.5681e-19   -0.0265796  1.87101e-18   -0.0047956 -9.47678e-19     0.038353 -1.20773e-18  -0.00151885  1.62929e-19   -0.0413886  2.83408e-18   -0.0189272
 -9.8288e-21 -0.000136738 -1.92028e-19   0.00288985  5.41015e-19  -0.00980801  2.54105e-19   0.00955281 -8.41116e-19    0.0116401  -9.1082e-19   -0.0284819  1.97489e-18  -0.00316774 -1.20773e-18    0.0429815 -6.60418e-19  4.03112e-05 -5.10382e-18   -0.0419632 -2.08116e-18
-0.000255513 -7.81833e-20   0.00102766 -1.20288e-19  0.000919318  2.11799e-19  -0.00899624  7.88225e-19    0.0119007  -1.0847e-18   0.00901226 -8.56749e-19   -0.0307669  1.36481e-18  -0.00151885 -6.60418e-19    0.0461563 -2.37833e-18   0.00763911 -1.42751e-17   -0.0183488
 2.80697e-20 -0.000598505 -9.21429e-20   0.00206628  -1.7151e-19   -0.0010568  1.00911e-19  -0.00756059  9.66147e-19    0.0138353 -1.01569e-18   0.00608559  7.46798e-20   -0.0337697  1.62929e-19  4.03112e-05 -2.37833e-18    0.0630413 -8.42469e-18    0.0481342  -3.0457e-18
 3.02581e-05  3.65955e-20 -0.000568645 -1.75747e-20    0.0023801 -2.32638e-19  -0.00268028  6.48548e-20  -0.00552594   4.8072e-19    0.0157499  2.34522e-19    0.0017093  2.78364e-18   -0.0413886 -5.10382e-18   0.00763911 -8.42469e-18     0.101968 -7.72031e-18    0.0693003
-1.79799e-21 -8.38769e-05  1.74325e-20 -0.000164879  4.94389e-20   0.00195893 -1.17808e-19  -0.00380894 -2.78939e-19  -0.00230231 -3.93992e-19    0.0166239  3.78802e-18   -0.0085128  2.83408e-18   -0.0419632 -1.42751e-17    0.0481342 -7.72031e-18      0.13125  1.37632e-17
 2.01398e-05 -1.42849e-21 -0.000157721 -8.69793e-21  0.000235342  8.01638e-20   0.00087027  3.63563e-20   -0.0034701 -7.54585e-19   0.00197605 -2.87257e-21    0.0107069  4.61308e-18   -0.0189272 -2.08116e-18   -0.0183488  -3.0457e-18    0.0693003  1.37632e-17     0.069126
