 3.95396e-34  3.15228e-37  1.01679e-34 -3.38578e-36 -2.71691e-34  4.29375e-37   1.1299e-34   -5.805e-36 -9.59514e-35 -5.45447e-36  -5.7664e-35 -1.94238e-36  1.06858e-34  2.42021e-36  -7.5499e-35 -4.11348e-36 -3.81752e-35  2.04948e-36  5.76706e-35  2.28659e-36  -9.7235e-36 -1.83872e-36 -8.25828e-36  2.41406e-37  2.39664e-37 -1.42902e-38  2.41784e-36  6.72485e-38  -2.7255e-36 -8.31245e-38 -4.22664e-37 -3.44308e-38  2.84701e-36  3.97405e-40 -1.45248e-35  7.76991e-39  6.34512e-35 -1.82151e-40  -2.4889e-34  1.03142e-39  8.83547e-34  1.96501e-41 -2.84613e-33 -6.15387e-40   8.3162e-33 -5.17529e-40 -2.20139e-32  2.30189e-39  5.26885e-32 -7.41994e-39 -1.13705e-31  2.05269e-38  2.20426e-31 -5.27988e-38 -3.81943e-31  1.24811e-37  5.87608e-31 -2.70923e-37 -7.95378e-31  5.38466e-37  9.35104e-31 -9.75236e-37 -9.36573e-31  1.59842e-36  7.73925e-31 -2.34589e-36 -4.95537e-31  3.02911e-36  2.07034e-31 -3.32856e-36 -9.22559e-33  2.87624e-36 -6.27512e-32 -1.43404e-36   4.7645e-32 -8.99713e-37 -1.10609e-32  3.59298e-36  -7.2743e-33   -5.817e-36  6.29451e-33  6.81095e-36 -7.69519e-34  -6.2842e-36 -1.13881e-33  4.58634e-36  4.69955e-34 -2.50521e-36  1.10013e-34  8.20186e-37 -1.00067e-34  8.04107e-38 -3.16811e-36 -2.78829e-37  1.34849e-35  1.18413e-37 -2.27648e-38  7.92658e-38  -1.5951e-36 -1.66553e-37  5.65322e-38  1.50132e-37  1.05235e-37 -9.36055e-38  1.01873e-38  4.43844e-38 -8.33815e-39 -1.64627e-38 -2.98973e-40  4.78471e-39  1.23094e-40 -1.07012e-39  4.72826e-41  1.75686e-40 -1.84231e-42  -1.8711e-41 -9.73082e-43  7.05601e-43  3.28744e-44  1.23542e-43 -4.68001e-45 -2.07999e-44  7.68598e-46  1.14367e-45 -1.36588e-47 -1.50708e-47
 3.15228e-37   1.0939e-33  1.97464e-36  2.06986e-34 -1.88321e-35 -3.23009e-34  8.38928e-37  5.94744e-34 -4.38989e-36 -1.53917e-34 -2.00309e-35 -1.09649e-34  7.67458e-39  2.85634e-34  3.25617e-37  -1.4584e-34 -8.43522e-36 -8.91179e-35  5.30386e-36  1.18796e-34  5.70452e-36  -7.5243e-36 -3.94566e-36  -1.7546e-35   7.3788e-37  9.25194e-37 -7.46717e-38  3.12937e-36  2.78997e-37 -2.54897e-36 -2.09386e-37 -2.13095e-35 -1.19086e-37  1.09155e-34 -2.54142e-38 -4.96455e-34  1.85488e-38  2.04025e-33  3.29115e-39 -7.60701e-33  3.56537e-39  2.57418e-32 -2.24597e-39 -7.90511e-32  2.29914e-39  2.20097e-31 -1.51349e-38 -5.54695e-31  4.98042e-38  1.26243e-30  -1.4679e-37 -2.58625e-30  3.95732e-37  4.74861e-30 -9.85776e-37 -7.76943e-30  2.26197e-36  1.12398e-29 -4.77166e-36 -1.42231e-29  9.22579e-36  1.54983e-29 -1.62769e-35 -1.41889e-29  2.60396e-35  1.04467e-29 -3.74195e-35 -5.60665e-30  4.75764e-35  1.49655e-30 -5.20845e-35  6.86503e-31  4.62848e-35 -1.01651e-30 -2.77144e-35  4.68076e-31 -1.48747e-36  2.08971e-32   3.3957e-35 -1.37466e-31 -5.94782e-35   5.4669e-32  6.96943e-35  1.18408e-32  -6.2486e-35  -1.5339e-32   4.3027e-35  1.48543e-33 -2.06242e-35  2.46894e-33  3.50378e-36 -6.22227e-34  4.89834e-36 -2.87469e-34 -6.06715e-36  9.77393e-35  3.78315e-36  3.14654e-35 -1.25249e-36  -1.0956e-35 -1.54626e-37   -2.615e-36  5.14721e-37  5.95038e-37 -3.88835e-37  2.43285e-37  1.92112e-37 -2.85926e-38 -7.02834e-38 -9.11444e-39  1.95997e-38 -4.98362e-40 -4.13618e-39  3.22121e-40  6.33066e-40  2.15289e-41 -6.21693e-41 -2.53485e-42  2.15381e-42 -1.91894e-43  3.17734e-43 -2.22752e-44 -4.42651e-44  1.44405e-45  1.70958e-45 -2.67541e-48
 1.01679e-34  1.97464e-36  2.27237e-33   7.9793e-36  1.64146e-34 -6.15358e-35 -2.09846e-34  3.14825e-36  1.40132e-33   1.0054e-35 -2.53701e-34 -4.73982e-35   -1.991e-34   9.7297e-36  5.16947e-34 -7.60895e-36 -2.03008e-34 -1.16505e-35 -1.33259e-34  9.54186e-36   1.7098e-34  1.00348e-35   3.6786e-36 -5.95151e-36 -2.46771e-35  1.52272e-36  6.79398e-36 -1.24935e-37 -1.58609e-35  7.34075e-37  9.50355e-35 -3.68402e-37 -5.57281e-34 -2.61724e-37  2.66032e-33 -1.03986e-37 -1.14813e-32  3.33752e-38  4.49512e-32  1.47248e-38  -1.5978e-31  1.22278e-38  5.15567e-31 -2.48061e-38 -1.50921e-30  6.51242e-38  4.00274e-30 -2.28033e-37 -9.59963e-30  7.01565e-37  2.07605e-29 -1.98735e-36 -4.03347e-29  5.19681e-36  7.00506e-29 -1.25518e-35 -1.08027e-28  2.79515e-35  1.46579e-28 -5.72678e-35 -1.72751e-28  1.07626e-34  1.73435e-28 -1.84758e-34 -1.43623e-28  2.88007e-34   9.2087e-29 -4.04154e-34 -3.84036e-29  5.03657e-34  1.46948e-30 -5.44427e-34  1.19676e-29  4.86447e-34 -9.04531e-30 -3.14037e-34  2.07693e-30  5.42419e-35  1.41453e-30  2.23415e-34 -1.21484e-30 -4.32596e-34  1.45015e-31  5.10855e-34  2.24119e-31 -4.51068e-34 -9.23307e-32  3.02129e-34 -2.17604e-32 -1.38167e-34   1.9724e-32  1.80224e-35  7.77733e-34  3.81932e-35 -2.78285e-33 -4.47751e-35   3.5205e-35  2.90901e-35  3.10203e-34 -1.22506e-35 -4.81274e-36  2.52263e-36 -2.43414e-35  8.00086e-37  -1.2516e-36 -1.04384e-36  1.49104e-36  5.58548e-37  1.25684e-37 -2.02451e-37 -3.75379e-38  5.40251e-38  -8.9735e-39 -1.07187e-38  4.87238e-40  1.52553e-39  1.47687e-40 -1.37994e-40  6.00014e-42    4.435e-42 -4.97736e-43  5.19458e-43 -7.33888e-44  -5.7483e-44  4.96779e-46  1.27092e-45
-3.38578e-36  2.06986e-34   7.9793e-36  3.59073e-33  2.43598e-35 -1.90905e-34 -1.41915e-34 -2.14534e-34  1.10389e-35  2.35097e-33  3.85731e-35 -4.56807e-34  -8.5371e-35 -3.75812e-34    2.593e-35  7.49835e-34 -1.97519e-35 -2.13838e-34 -1.14641e-35 -1.25433e-34  1.30232e-35  1.89267e-34  1.40031e-35   2.1645e-35 -7.11157e-36 -3.35387e-35  2.48562e-36   7.8028e-35 -1.19545e-37 -4.09703e-34  1.47885e-36  2.23847e-33 -5.10244e-37  -1.1285e-32 -4.45674e-37   5.1182e-32 -2.61292e-37   -2.105e-31  5.72887e-38  7.85892e-31  2.90318e-38 -2.66405e-30   7.5958e-38  8.19643e-30 -2.53174e-37 -2.28658e-29  8.12466e-37  5.77469e-29 -2.61392e-36 -1.31713e-28  7.74506e-36  2.70447e-28 -2.12278e-35 -4.97753e-28  5.38054e-35   8.1642e-28 -1.26019e-34 -1.18413e-27  2.72298e-34  1.50237e-27 -5.41653e-34 -1.64141e-27  9.88984e-34   1.5066e-27  -1.6508e-33 -1.11173e-27  2.50491e-33  5.97252e-28  -3.4273e-33 -1.58253e-28  4.17588e-33 -7.56769e-29 -4.43649e-33  1.10715e-28  3.94384e-33 -5.08712e-29 -2.63884e-33 -2.51634e-30  7.71879e-34   1.5228e-29  1.14074e-33 -6.04231e-30 -2.52434e-33 -1.34372e-30  3.01743e-33  1.72651e-30 -2.63977e-33  -1.6698e-31  1.74542e-33 -2.80322e-31 -7.97981e-34  7.03565e-32  1.27783e-34  3.36027e-32  1.77208e-34 -1.15641e-32 -2.15895e-34 -3.56136e-33  1.41788e-34  1.23898e-33 -6.28236e-35  3.29171e-34  1.73802e-35 -7.85143e-35 -8.30982e-37 -2.66983e-35 -2.03114e-36  2.76882e-36  1.25741e-36  1.27535e-36 -4.53164e-37  2.96754e-38  1.15227e-37 -3.62307e-38 -2.14094e-38  -2.6853e-39  2.82893e-39  2.33194e-40 -2.35578e-40  4.19773e-41  7.04053e-42  9.86475e-43  6.15841e-43 -9.20563e-44 -4.99175e-44 -1.06841e-45
-2.71691e-34 -1.88321e-35  1.64146e-34  2.43598e-35  5.05483e-33   5.8295e-35 -1.02602e-33 -2.51253e-34 -5.61772e-34  2.59773e-35    3.161e-33   7.5981e-35 -7.22278e-34 -1.25695e-34 -6.83225e-34  4.17867e-35  9.30795e-34 -3.22207e-35 -1.49016e-34 -6.45826e-36 -2.27687e-35  1.38884e-35  1.61009e-34  1.63552e-35  6.75121e-35 -6.85965e-36 -2.16369e-34  3.40389e-36  1.33504e-33 -1.18346e-37 -7.64811e-33  2.47046e-36  4.02007e-32 -5.60066e-37 -1.91704e-31 -6.45308e-37  8.28393e-31 -5.19371e-37 -3.24868e-30  1.27261e-37   1.1568e-29 -7.56099e-38  -3.7398e-29  6.87175e-37  1.09695e-28 -2.45194e-36 -2.91553e-28  8.05853e-36  7.00785e-28  -2.4944e-35  -1.5191e-27  7.15004e-35  2.95868e-27 -1.89796e-34 -5.15169e-27  4.66252e-34   7.9659e-27  -1.0589e-33 -1.08389e-26  2.21977e-33  1.28107e-26 -4.28602e-33 -1.28985e-26  7.60041e-33   1.0711e-26 -1.23297e-32 -6.88332e-27  1.81991e-32  2.87068e-27  -2.4254e-32 -9.66266e-29  2.88468e-32 -9.15556e-28 -3.00379e-32  6.91078e-28    2.641e-32 -1.57911e-28 -1.79699e-32 -1.10144e-28  6.57074e-33   9.4432e-29  4.59508e-33 -1.11868e-29 -1.23479e-32 -1.76822e-29  1.49965e-32  7.30962e-30 -1.30187e-32  1.73159e-30  8.52641e-33 -1.57779e-30 -3.94099e-33 -6.46809e-32  8.04769e-34  2.27419e-31  5.92445e-34 -3.76321e-33  -7.9769e-34 -2.52128e-32  5.25364e-34  2.97432e-34  -2.3355e-34  2.08139e-33  6.92451e-35  8.48867e-35 -9.41827e-36 -1.20775e-34 -2.85425e-36 -1.21264e-35  2.32194e-36  3.60335e-36 -8.32883e-37  7.07287e-37  2.00524e-37 -3.52354e-38 -3.47718e-38 -1.32678e-38  4.26783e-39 -6.09016e-40  -3.2706e-40  6.36135e-41  8.99693e-42  4.87245e-42  5.49747e-43   1.7195e-44 -2.67969e-44
 4.29375e-37 -3.23009e-34 -6.15358e-35 -1.90905e-34   5.8295e-35  7.03057e-33  1.11447e-34 -2.30769e-33 -3.59189e-34 -1.19892e-33  4.34714e-35  3.53354e-33  1.13836e-34 -9.12032e-34 -1.57585e-34 -1.14948e-33  5.03162e-35  1.00638e-33 -4.15685e-35 -1.33096e-35   2.5025e-36   1.9122e-34  1.12817e-35  4.09987e-35  1.67132e-35  5.92807e-34 -4.90028e-36 -3.64538e-33   4.0095e-36   2.2469e-32 -3.30408e-37 -1.24314e-31  3.57897e-36  6.22969e-31 -4.36414e-37 -2.82908e-30 -8.34577e-37  1.16552e-29 -9.44589e-37  -4.3594e-29  5.39884e-37  1.48064e-28 -1.45038e-36 -4.56481e-28  6.12611e-36  1.27622e-27 -2.13489e-35 -3.23043e-27  6.87092e-35  7.38592e-27 -2.05687e-34  -1.5204e-26   5.7077e-34  2.80572e-26 -1.46762e-33 -4.61482e-26  3.49416e-33  6.71279e-26 -7.69436e-33 -8.54263e-26  1.56465e-32  9.36228e-26 -2.93189e-32 -8.62037e-26  5.04806e-32  6.38009e-26 -7.95573e-32 -3.43534e-26  1.14168e-31  9.07222e-27 -1.48086e-31  4.46878e-27  1.71725e-31 -6.50037e-27 -1.74917e-31  2.99039e-27  1.51513e-31  1.55723e-28 -1.03663e-31 -9.09224e-28  4.28426e-32  3.61889e-28  1.40089e-32  8.13359e-29 -5.18574e-32 -1.04878e-28  6.42735e-32  1.02726e-29 -5.53405e-32   1.7203e-29  3.58333e-32 -4.35975e-30 -1.66623e-32 -2.09311e-30   4.0007e-33  7.32201e-31  1.51385e-33  2.21617e-31 -2.42673e-33 -7.84366e-32  1.59727e-33 -2.12045e-32 -6.97082e-34  5.21296e-33  2.07078e-34  1.68892e-33 -3.41588e-35 -1.73916e-34 -2.45891e-36 -8.67075e-35  3.63096e-36 -1.16331e-36 -1.29016e-36  2.31259e-36  2.91543e-37  1.92073e-37 -4.71154e-38  -1.6831e-38  5.39469e-39 -2.92551e-39 -3.79688e-40 -5.02789e-41  9.32156e-42  5.21181e-42  3.64901e-43  1.01232e-43
  1.1299e-34  8.38928e-37 -2.09846e-34 -1.41915e-34 -1.02602e-33  1.11447e-34  9.53447e-33  1.74143e-34 -3.66126e-33 -4.29757e-34 -1.88297e-33  5.45027e-35  3.26906e-33  1.44168e-34 -9.03571e-34  -1.7338e-34 -1.76681e-33  4.96385e-35  9.36956e-34 -4.63246e-35  1.32744e-34   1.1937e-35  6.10233e-34  5.38979e-36 -1.18523e-33  1.57639e-35  9.05604e-33 -1.15341e-36 -5.81869e-32  4.05852e-36  3.39928e-31 -1.03994e-36 -1.79223e-30  4.62947e-36  8.55567e-30 -9.55854e-38 -3.70344e-29 -8.94259e-37  1.45507e-28 -2.08806e-36 -5.19149e-28  3.67422e-36  1.68186e-27 -1.32586e-35  -4.9441e-27  4.91668e-35  1.31713e-26 -1.65635e-34 -3.17369e-26   5.1691e-34  6.89752e-26 -1.49738e-33 -1.34707e-25  4.02305e-33  2.35228e-25 -1.00205e-32 -3.64824e-25  2.31209e-32   4.9797e-25 -4.93626e-32 -5.90501e-25  9.73593e-32  5.96571e-25 -1.77017e-31 -4.97102e-25  2.95853e-31  3.20502e-25 -4.52818e-31 -1.33937e-25  6.31462e-31   4.1437e-27 -7.96646e-31  4.35097e-26   8.9984e-31 -3.29089e-26 -8.95169e-31  7.53394e-27  7.61641e-31  5.31705e-27 -5.19934e-31  -4.5779e-27  2.31195e-31  5.47063e-28  2.60195e-32  8.66865e-28 -1.90051e-31 -3.61892e-28  2.41761e-31 -8.52804e-29 -2.06209e-31  7.89602e-29  1.31508e-31  3.10434e-30 -6.09392e-32 -1.15453e-29  1.60544e-32  2.33038e-31  2.95524e-33  1.29048e-30 -6.34096e-33 -1.75808e-32  4.15641e-33 -1.09039e-31 -1.75496e-33 -3.95684e-33  5.04889e-34  6.34648e-33  -8.6297e-35  6.47916e-34  2.57602e-37  -2.0004e-34  4.91022e-36 -3.68741e-35 -1.70075e-36  1.82341e-36  3.56629e-37  7.47639e-37  -5.3928e-38  3.16119e-38  5.81892e-39 -3.61636e-39 -3.73088e-40 -2.61549e-40  7.67387e-42 -1.51609e-42  1.61486e-43
  -5.805e-36  5.94744e-34  3.14825e-36 -2.14534e-34 -2.51253e-34 -2.30769e-33  1.74143e-34   1.2017e-32  2.28845e-34 -4.55362e-33 -4.43088e-34 -2.36699e-33  5.08253e-35  2.35213e-33  1.62047e-34  -6.8031e-34 -1.72079e-34 -2.47036e-33  4.38239e-35  7.39633e-34 -4.68114e-35 -2.96626e-35  1.70725e-35  3.31684e-33 -3.17079e-36 -1.97579e-32  1.47129e-35  1.35533e-31  4.30495e-36 -8.33517e-31   3.3708e-36  4.62743e-30 -2.44782e-36 -2.32313e-29  5.48228e-36  1.05683e-28  2.78425e-37 -4.36213e-28  1.70222e-37  1.63484e-27 -8.27072e-36  -5.5644e-27  2.70245e-35  1.71936e-26   -1.006e-34 -4.81836e-26  3.54316e-34   1.2227e-25 -1.15339e-33 -2.80295e-25  3.48325e-33  5.78606e-25 -9.76469e-33  -1.0709e-24  2.54013e-32  1.76688e-24 -6.12869e-32 -2.57855e-24  1.37038e-31  3.29273e-24 -2.83633e-31 -3.62165e-24   5.4252e-31  3.34713e-24  -9.5693e-31 -2.48672e-24  1.55211e-30  1.34381e-24 -2.30634e-30 -3.55256e-25  3.12406e-30 -1.78018e-25 -3.83112e-30  2.59103e-25  4.21141e-30 -1.19766e-25 -4.08617e-30 -6.25867e-27  3.40657e-30  3.68463e-26 -2.30663e-30 -1.47926e-26  1.07172e-30 -3.30869e-27 -2.41449e-32  4.33293e-27 -6.15351e-31  -4.3788e-28  8.09199e-31 -7.17127e-28 -6.82783e-31  1.85535e-28  4.27073e-31  8.80831e-29 -1.95308e-31 -3.15993e-29  5.38232e-32 -9.38158e-30  4.04079e-33  3.42319e-30 -1.46599e-32  9.14841e-31  9.51216e-33 -2.33591e-31 -3.83553e-33 -7.37029e-32  1.04313e-33  7.93848e-33  -1.7206e-34  3.90406e-33  5.26168e-36  3.47955e-35  5.82862e-36 -1.04559e-34 -1.89625e-36 -8.84828e-36  3.63954e-37  8.23743e-37  -5.2394e-38  1.34524e-37  5.42339e-39  2.23885e-39  -3.0953e-40  -2.4452e-40  4.74164e-42 -5.00867e-42
-9.59514e-35 -4.38989e-36  1.40132e-33  1.10389e-35 -5.61772e-34 -3.59189e-34 -3.66126e-33  2.28845e-34  1.38265e-32  2.61814e-34 -4.65575e-33 -4.04034e-34 -2.50502e-33  2.93455e-35  9.50851e-34  1.65898e-34 -3.24128e-34 -1.58282e-34 -3.18113e-33  3.95428e-35   8.8904e-34 -4.42895e-35 -4.56093e-33  1.41916e-35  4.03534e-32 -1.37219e-35 -2.85231e-31  1.44954e-35  1.85217e-30  1.12788e-35 -1.08301e-29  1.86116e-36   5.7208e-29 -4.55938e-36 -2.73593e-28  6.31161e-36  1.18655e-27 -9.42466e-37 -4.67136e-27  9.60196e-36  1.67026e-26 -4.96157e-35 -5.42338e-26  1.87272e-34  1.59813e-25 -6.81782e-34 -4.26837e-25  2.31226e-33  1.03126e-24 -7.27477e-33 -2.24768e-24  2.12515e-32  4.40292e-24 -5.76517e-32 -7.71299e-24  1.45202e-31  1.20027e-23 -3.39339e-31 -1.64414e-23  7.35238e-31  1.95697e-23  -1.4751e-30 -1.98491e-23  2.73588e-30  1.66082e-23 -4.68069e-30 -1.07541e-23  7.36598e-30  4.51294e-24 -1.06232e-29 -1.36641e-25  1.39716e-29 -1.48573e-24 -1.66457e-29  1.12999e-24  1.77936e-29 -2.61064e-25 -1.68179e-29 -1.84037e-25  1.37089e-29  1.60114e-25 -9.16346e-30 -1.96238e-26  4.36305e-30 -3.05528e-26 -4.86541e-31  1.29708e-26 -1.77755e-30  2.99971e-27  2.43771e-30 -2.85632e-27 -2.03178e-30 -1.00268e-28  1.24128e-30  4.22545e-28 -5.55306e-31 -1.06874e-29  1.54846e-31  -4.7779e-29  2.11318e-33  8.70687e-31 -3.07066e-32  4.11033e-30  1.95177e-32   1.3016e-31 -7.41341e-33 -2.43316e-31  1.86417e-33 -2.41385e-32 -2.81912e-34   7.9142e-33  1.01831e-35  1.41362e-33  6.12165e-36 -7.48115e-35 -1.73014e-36 -2.99238e-35  2.99836e-37 -1.18722e-36 -4.32388e-38  1.47353e-37  4.40183e-39  1.05751e-38 -2.12004e-40  5.81037e-41  1.89252e-42
-5.45447e-36 -1.53917e-34   1.0054e-35  2.35097e-33  2.59773e-35 -1.19892e-33 -4.29757e-34 -4.55362e-33  2.61814e-34  1.47493e-32  2.71731e-34 -4.03513e-33 -3.33089e-34 -2.26147e-33 -6.83915e-36 -6.64586e-34  1.56263e-34  1.11521e-34 -1.38227e-34 -4.47212e-33  4.17637e-35  8.25446e-33 -4.04097e-35 -7.12949e-32  2.62052e-36  5.48801e-31 -2.53959e-35  -3.7555e-30    1.528e-35  2.31497e-29  1.94859e-35  -1.2873e-28 -3.73364e-37   6.4746e-28 -7.45762e-36  -2.9511e-27  9.32318e-36  1.22058e-26 -1.47759e-35 -4.58446e-26  7.49145e-35  1.56398e-25 -3.16718e-34 -4.84439e-25  1.19424e-33  1.36112e-24 -4.20781e-33 -3.46344e-24  1.37767e-32  7.96272e-24 -4.18939e-32 -1.64878e-23  1.18365e-31  3.06155e-23 -3.10717e-31  -5.0687e-23  7.57614e-31  7.42419e-23 -1.71482e-30 -9.51719e-23  3.59983e-30   1.0511e-22 -6.99991e-30 -9.75674e-23  1.25868e-29  7.28256e-23 -2.08831e-29 -3.95533e-23  3.18782e-29  1.05173e-23  -4.4608e-29  5.29147e-24   5.6943e-29 -7.75687e-24 -6.58754e-29  3.61621e-24  6.84274e-29  1.80208e-25 -6.29333e-29 -1.12115e-24  5.00644e-29  4.56618e-25 -3.29053e-29  1.00006e-25  1.58345e-29 -1.34716e-25 -2.71164e-30  1.43197e-26 -4.61814e-30  2.24496e-26   6.6732e-30 -5.99089e-27  -5.4853e-30 -2.77429e-27  3.26019e-30  1.03121e-27  -1.4156e-30   2.9743e-28   3.8975e-31 -1.13325e-28  -7.4094e-33 -2.94694e-29 -5.94546e-32  7.91823e-30  3.64286e-32  2.42116e-30 -1.28325e-32 -2.79557e-31  2.91168e-33 -1.31642e-31 -3.82221e-34 -6.00766e-34  1.03357e-35  3.61358e-33  5.64263e-36  2.98887e-34  -1.1547e-36 -3.00726e-35  1.80511e-37 -4.69376e-36 -3.03501e-38 -7.38926e-38  3.11064e-39    8.936e-39 -1.13143e-40  1.79024e-40
 -5.7664e-35 -2.00309e-35 -2.53701e-34  3.85731e-35    3.161e-33  4.34714e-35 -1.88297e-33 -4.43088e-34 -4.65575e-33  2.71731e-34   1.5105e-32  2.67403e-34 -3.04665e-33 -2.50914e-34 -1.68103e-33 -4.99904e-35 -2.29552e-33  1.34808e-34  1.57829e-33 -1.16474e-34 -1.68339e-32  5.14748e-35  1.18359e-31  -3.7032e-35 -9.64326e-31  -1.4776e-35  6.99036e-30 -3.68934e-35 -4.54527e-29   1.6474e-35  2.66247e-28  2.85045e-35 -1.40897e-27 -2.61063e-36  6.75147e-27  -1.3618e-35 -2.93412e-26   2.9621e-35  1.15769e-25 -1.09968e-34   -4.149e-25  4.82528e-34  1.35052e-24 -1.91604e-33  -3.9901e-24  7.01284e-33  1.06866e-23 -2.38625e-32 -2.58956e-23  7.54523e-32  5.66171e-23 -2.21749e-31 -1.11274e-22   6.0586e-31  1.95614e-22 -1.53876e-30 -3.05545e-22  3.63172e-30  4.20205e-22 -7.96013e-30 -5.02275e-22  1.61877e-29  5.11756e-22 -3.05026e-29 -4.30296e-22  5.31652e-29  2.80129e-22 -8.55236e-29 -1.18317e-22  1.26609e-28  3.76757e-24 -1.71855e-28  3.92653e-23  2.12849e-28 -3.01406e-23  -2.3899e-28  7.08031e-24  2.41073e-28  4.91847e-24 -2.15533e-28 -4.35249e-24  1.67056e-28  5.56087e-25 -1.07605e-28  8.33853e-25  5.17941e-29 -3.62647e-25 -1.09447e-29 -8.10423e-26 -1.08655e-29  8.04279e-26  1.67374e-29  2.28983e-27 -1.35431e-29  -1.2019e-26  7.80081e-30  3.89608e-28 -3.26438e-30  1.37599e-27  8.70282e-31 -3.45189e-29 -2.85485e-32 -1.20461e-28 -1.08192e-31 -3.07831e-30  6.25341e-32  7.28394e-30 -2.00638e-32  6.86597e-31  3.98459e-33 -2.44278e-31 -4.18092e-34 -4.21933e-32  8.04084e-37  2.48082e-33  4.32354e-36  9.27552e-34 -2.69383e-37  3.45623e-35   4.7362e-38  -4.7458e-36 -1.83389e-38 -3.32634e-37  1.88122e-39 -1.58954e-39 -4.04143e-41
-1.94238e-36 -1.09649e-34 -4.73982e-35 -4.56807e-34   7.5981e-35  3.53354e-33  5.45027e-35 -2.36699e-33 -4.04034e-34 -4.03513e-33  2.67403e-34  1.54101e-32  2.58471e-34 -2.08825e-33 -1.69234e-34 -7.69118e-34 -9.04185e-35 -5.09529e-33   1.0429e-34  1.91734e-32 -9.51172e-35 -1.85303e-31  6.62405e-35   1.5626e-30 -3.59649e-35 -1.19915e-29 -3.28084e-35   8.2348e-29 -4.65226e-35 -5.08479e-28  1.71343e-35  2.83278e-27  3.72072e-35 -1.42758e-26 -7.67078e-37  6.52045e-26 -4.19186e-35 -2.70286e-25  1.59078e-34  1.01758e-24 -6.85041e-34 -3.48014e-24  2.82968e-33  1.08083e-23 -1.07818e-32 -3.04533e-23  3.80994e-32  7.77218e-23 -1.25121e-31 -1.79256e-22  3.82039e-31  3.72422e-22  -1.0849e-30 -6.94011e-22   2.8657e-30  1.15338e-21  -7.0402e-30 -1.69622e-21  1.60798e-29  2.18385e-21 -3.41215e-29 -2.42311e-21  6.72039e-29  2.26059e-21 -1.22686e-28 -1.69675e-21  2.07235e-28  9.27588e-22 -3.23153e-28 -2.49322e-22  4.63841e-28 -1.24212e-22 -6.10558e-28  1.84663e-22  7.33468e-28 -8.71675e-23 -7.98977e-28 -3.89251e-24  7.82187e-28  2.71173e-23 -6.79217e-28 -1.12708e-23  5.12191e-28 -2.37456e-24  -3.2241e-28  3.33742e-24  1.53991e-28 -3.79928e-25 -3.65904e-29  -5.5856e-25 -2.32945e-29  1.55323e-25  3.87384e-29  6.92349e-26 -3.07871e-29 -2.69605e-26   1.7121e-29 -7.46184e-27 -6.85971e-30  3.00881e-27  1.74131e-30  7.51005e-28  -5.7732e-32 -2.15461e-28 -1.87246e-31 -6.31879e-29  9.95436e-32  7.96386e-30 -2.84894e-32  3.53525e-30   4.7461e-33  -3.5099e-33 -3.32443e-34 -1.00193e-31 -2.00735e-35 -7.93837e-33  2.14597e-36  8.80105e-34  6.93378e-37  1.31159e-34 -5.39198e-38  1.85469e-36 -9.94087e-39 -2.62231e-37  9.22912e-40  -5.0926e-39
 1.06858e-34  7.67458e-39   -1.991e-34  -8.5371e-35 -7.22278e-34  1.13836e-34  3.26906e-33  5.08253e-35 -2.50502e-33 -3.33089e-34 -3.04665e-33  2.58471e-34   1.5978e-32  2.48367e-34 -1.53237e-33 -9.10456e-35  2.02043e-33 -1.19395e-34 -2.88196e-32  6.87271e-35  2.56446e-31 -7.48302e-35 -2.34505e-30  8.24712e-35  1.90307e-29  -3.8416e-35 -1.38156e-28 -4.61636e-35  9.00018e-28 -5.26014e-35 -5.28181e-27  1.69049e-35  2.80067e-26  4.04707e-35 -1.34484e-25  2.90451e-35  5.85764e-25 -2.06882e-34 -2.31669e-24  9.15194e-34  8.32372e-24 -3.89139e-33 -2.71669e-23  1.53985e-32  8.04928e-23 -5.64836e-32 -2.16235e-22  1.92461e-31  5.25659e-22 -6.09768e-31 -1.15321e-21  1.79727e-30  2.27471e-21 -4.92978e-30 -4.01431e-21  1.25848e-29  6.29616e-21  -2.9895e-29 -8.69709e-21  6.60544e-29  1.04451e-20 -1.35659e-28 -1.06971e-20  2.58695e-28  9.04545e-21 -4.57427e-28 -5.92733e-21  7.48613e-28  2.52571e-21 -1.13132e-27 -9.03558e-23  1.57408e-27 -8.40191e-22 -2.00881e-27  6.53456e-22  2.33998e-27 -1.57273e-22   -2.472e-27 -1.06142e-22  2.34753e-27  9.62149e-23 -1.97838e-27 -1.30115e-23  1.44964e-27  -1.8433e-23 -8.89612e-28  8.27567e-24  4.18975e-28  1.75601e-24 -1.06429e-28 -1.84409e-24  -4.5782e-29 -3.57083e-26  8.32511e-29  2.78015e-25 -6.48092e-29 -1.16289e-26  3.46665e-29 -3.22289e-26 -1.32162e-29  1.10343e-27  3.14445e-30  2.87286e-27 -7.23195e-32  5.05379e-29 -3.10021e-31 -1.77908e-28  1.47766e-31 -1.55951e-29 -3.68338e-32  6.17196e-30  4.81274e-33  1.02084e-30 -9.62048e-35 -6.82215e-32 -4.81096e-35 -2.34078e-32   -7.715e-37 -8.03981e-34  1.45258e-36  1.25853e-34 -9.75125e-38  8.50053e-36  -5.2044e-39  3.29087e-38  3.16106e-40
 2.42021e-36  2.85634e-34   9.7297e-36 -3.75812e-34 -1.25695e-34 -9.12032e-34  1.44168e-34  2.35213e-33  2.93455e-35 -2.26147e-33 -2.50914e-34 -2.08825e-33  2.48367e-34  1.68729e-32   2.3407e-34 -3.37206e-33 -1.51505e-35  3.07082e-32 -1.31629e-34 -3.37696e-31  3.29265e-35  3.24917e-30 -5.61348e-35 -2.80225e-29  9.76478e-35   2.1526e-28 -4.44195e-35 -1.48084e-27 -5.13893e-35  9.16109e-27 -5.44176e-35  -5.1139e-26  1.97092e-35  2.58262e-25  1.05301e-35 -1.18227e-24  2.22742e-34  4.91252e-24 -1.14103e-33 -1.85419e-23  5.02363e-33  6.35854e-23 -2.05941e-32 -1.98045e-22  7.83305e-32  5.59718e-22 -2.76643e-31 -1.43313e-21  9.08335e-31  3.31677e-21 -2.77488e-30 -6.91629e-21  7.89108e-30  1.29391e-20 -2.08955e-29 -2.15935e-20  5.15247e-29  3.18989e-20  -1.1829e-28 -4.12671e-20  2.52727e-28  4.60277e-20 -5.02119e-28 -4.31874e-20  9.26728e-28  3.26274e-20 -1.58659e-27 -1.79822e-20    2.515e-27   4.9109e-21 -3.68245e-27   2.3872e-21  4.96537e-27 -3.62641e-21 -6.14211e-27  1.74032e-21  6.93579e-27  6.37153e-23  -7.1036e-27 -5.40776e-22  6.54087e-27  2.30786e-22 -5.34625e-27  4.58406e-23  3.80238e-27 -6.83397e-23 -2.27027e-27  8.46438e-24  1.04898e-27  1.14537e-23 -2.76082e-28 -3.35281e-24 -8.30143e-29 -1.41918e-24  1.67018e-28  5.85805e-25  -1.2695e-28   1.5341e-25  6.50732e-29 -6.64213e-26 -2.34641e-29 -1.56918e-26  5.15001e-30   4.8821e-27 -1.90761e-32  1.35731e-27 -4.91081e-31 -1.89825e-28  2.05218e-31 -7.84594e-29 -4.33447e-32  6.39491e-31  3.90663e-33  2.30704e-30  2.66154e-34  1.72202e-31 -7.39536e-35 -2.15073e-32 -4.01498e-36 -3.03594e-33  1.80053e-36 -3.62819e-35 -8.85157e-38  6.41323e-36 -2.68361e-39  1.20006e-37
 -7.5499e-35  3.25617e-37  5.16947e-34    2.593e-35 -6.83225e-34 -1.57585e-34 -9.03571e-34  1.62047e-34  9.50851e-34 -6.83915e-36 -1.68103e-33 -1.69234e-34 -1.53237e-33   2.3407e-34  1.97838e-32  2.10283e-34 -3.47162e-32  6.01421e-35   4.0329e-31 -1.26686e-34 -4.18663e-30  1.37752e-36  3.83487e-29 -3.98645e-35 -3.12204e-28   1.1129e-34  2.27034e-27 -5.27251e-35 -1.48181e-26 -4.73298e-35  8.71355e-26 -5.60467e-35 -4.63021e-25  5.37826e-35  2.22842e-24  -2.0548e-34 -9.72961e-24  1.31437e-33  3.85793e-23 -6.11925e-33 -1.38992e-22  2.59932e-32  4.54957e-22 -1.02399e-31 -1.35215e-21  3.74452e-31  3.64433e-21 -1.27259e-30 -8.89018e-21  4.02354e-30  1.95761e-20 -1.18432e-29 -3.87672e-20  3.24701e-29  6.87045e-20 -8.29427e-29 -1.08247e-19  1.97411e-28  1.50255e-19 -4.37705e-28 -1.81408e-19  9.03664e-28  1.86861e-19 -1.73588e-27 -1.59039e-19  3.09917e-27  1.05025e-19  -5.1351e-27 -4.52609e-20  7.88131e-27  1.90922e-21 -1.11772e-26  1.50017e-20  1.46019e-26 -1.18704e-20 -1.75037e-26  2.94928e-21  1.91566e-26  1.90534e-21 -1.90165e-26 -1.78287e-21  1.69717e-26  2.58708e-22 -1.34467e-26  3.40076e-22  9.27433e-27 -1.58883e-22 -5.37826e-27 -3.13667e-23  2.42804e-27  3.54847e-23 -6.48283e-28    2.726e-25 -1.39911e-28  -5.3898e-24  3.14219e-28  2.89741e-25 -2.32338e-28  6.32549e-25  1.13709e-28 -2.90021e-26 -3.85517e-29 -5.74594e-26  7.67288e-30 -4.35066e-28  1.88557e-31   3.6528e-27  -7.4113e-31   2.8999e-28  2.66959e-31 -1.31573e-28 -4.62361e-32 -2.05973e-29  2.00745e-33  1.59321e-30  6.73816e-34  4.96124e-31 -8.74416e-35  1.52266e-32 -6.84529e-36 -2.82498e-33  1.69716e-36 -1.82063e-34 -5.38325e-38 -4.92287e-37 -1.12882e-39
-4.11348e-36  -1.4584e-34 -7.60895e-36  7.49835e-34  4.17867e-35 -1.14948e-33  -1.7338e-34  -6.8031e-34  1.65898e-34 -6.64586e-34 -4.99904e-35 -7.69118e-34 -9.10456e-35 -3.37206e-33  2.10283e-34  5.26192e-32  1.73582e-34 -4.50852e-31  1.35502e-34  5.00626e-30 -1.08946e-34 -4.88737e-29 -2.28234e-35  4.22243e-28 -2.68286e-35 -3.24967e-27  1.24516e-34  2.23977e-26 -6.17157e-35 -1.38841e-25 -3.12771e-35  7.76703e-25 -8.69386e-35 -3.93147e-24  2.81035e-34  1.80412e-23 -1.42211e-33 -7.51581e-23  7.06447e-33  2.84458e-22 -3.11916e-32 -9.78343e-22  1.27191e-31  3.05667e-21 -4.81113e-31 -8.66739e-21  1.69047e-30  2.22707e-20 -5.52389e-30 -5.17358e-20  1.68022e-29  1.08314e-19 -4.76073e-29 -2.03502e-19  1.25715e-28  3.41173e-19 -3.09482e-28 -5.06482e-19  7.10301e-28   6.5872e-19 -1.51961e-27 -7.38993e-19  3.02905e-27  6.97893e-19 -5.62136e-27 -5.31221e-19  9.70192e-27  2.95644e-19 -1.55491e-26 -8.24599e-20  2.30957e-26 -3.84974e-20 -3.17136e-26  6.02591e-20  4.01296e-26 -2.95247e-20 -4.66062e-26  -7.5657e-22   4.9426e-26   9.1193e-21 -4.75455e-26 -4.02142e-21   4.1117e-26 -7.35416e-22 -3.15644e-26  1.18635e-21  2.10959e-26 -1.61978e-22 -1.18652e-26 -1.98463e-22  5.21631e-27  6.17807e-23 -1.39186e-27  2.44822e-23 -2.21162e-28 -1.08483e-23  5.56444e-28 -2.64578e-24 -3.98627e-28  1.24997e-24  1.85608e-28  2.75239e-25 -5.88281e-29 -9.44426e-26  1.04103e-29 -2.45831e-26  6.54905e-31  3.87564e-27 -1.05931e-30  1.47524e-27  3.25127e-31 -2.53207e-29 -4.42813e-32 -4.52209e-29 -5.78956e-34 -3.12035e-30  1.01667e-33  4.50106e-31 -8.31637e-35  5.96374e-32 -8.44768e-36  5.45641e-34  1.27747e-36 -1.34153e-34 -2.13861e-38 -2.39728e-36
-3.81752e-35 -8.43522e-36 -2.03008e-34 -1.97519e-35  9.30795e-34  5.03162e-35 -1.76681e-33 -1.72079e-34 -3.24128e-34  1.56263e-34 -2.29552e-33 -9.04185e-35  2.02043e-33 -1.51505e-35 -3.47162e-32  1.73582e-34  4.83958e-31  1.24203e-34 -5.57303e-30  2.10213e-34  5.80636e-29 -8.61341e-35 -5.33282e-28 -3.85013e-35  4.34934e-27 -1.72736e-35 -3.16887e-26  1.39165e-34  2.07245e-25  -7.3472e-35  -1.2213e-24  2.25515e-35  6.50468e-24 -3.14255e-34 -3.13821e-23  1.56944e-33  1.37376e-22 -7.79679e-33 -5.46225e-22  3.58331e-32  1.97371e-21 -1.51276e-31 -6.48073e-21  5.91521e-31  1.93253e-20 -2.14685e-30 -5.22708e-20  7.24182e-30  1.27995e-19 -2.27296e-29 -2.82983e-19  6.64402e-29  5.62821e-19 -1.80999e-28 -1.00206e-18  4.59786e-28  1.58664e-18 -1.08946e-27  -2.2142e-18  2.40822e-27  2.68892e-18 -4.96534e-27 -2.78768e-18  9.54539e-27  2.39013e-18 -1.70969e-26 -1.59263e-18     2.85e-26  6.95908e-19  -4.4149e-26 -3.55926e-20   6.3427e-26  -2.2835e-19 -8.42905e-26  1.84643e-19  1.03278e-25  -4.7704e-20 -1.16185e-25 -2.90472e-20  1.19376e-25  2.82982e-20 -1.11262e-25 -4.45777e-21  9.32165e-26 -5.34808e-21 -6.93129e-26  2.62214e-21   4.4863e-26  4.69974e-22 -2.44442e-26 -5.85464e-22  1.04367e-26  3.92206e-24 -2.75243e-27  8.94625e-23 -3.31464e-28 -6.12391e-24  9.30212e-28 -1.06252e-23 -6.42924e-28  6.39496e-25  2.83849e-28  9.84455e-25 -8.36292e-29 -4.65199e-27  1.28486e-29 -6.43952e-26  1.46524e-30 -4.46736e-27  -1.4256e-30  2.41684e-27  3.70113e-31  3.53521e-28 -3.73337e-32 -3.21738e-29 -3.28903e-33 -9.02134e-30  1.20096e-33 -2.36167e-31  -6.3522e-35  5.47834e-32 -8.36149e-36  3.33718e-33   7.6472e-37  4.04644e-36 -4.28674e-39
 2.04948e-36 -8.91179e-35 -1.16505e-35 -2.13838e-34 -3.22207e-35  1.00638e-33  4.96385e-35 -2.47036e-33 -1.58282e-34  1.11521e-34  1.34808e-34 -5.09529e-33 -1.19395e-34  3.07082e-32  6.01421e-35 -4.50852e-31  1.24203e-34  5.79042e-30  6.56835e-35 -6.43681e-29   2.8207e-34  6.29603e-28 -6.68658e-35  -5.4496e-27 -4.63133e-35  4.20213e-26 -1.09722e-35 -2.90213e-25   1.5947e-34  1.80289e-24 -1.13729e-34  -1.0109e-23  2.76077e-34  5.12949e-23 -1.63409e-33 -2.36005e-22  8.36747e-33  9.85912e-22 -3.96759e-32 -3.74254e-21  1.73474e-31  1.29124e-20 -7.01157e-31 -4.04783e-20  2.62737e-30   1.1519e-19 -9.14213e-30 -2.97108e-19  2.95769e-29  6.93003e-19 -8.90652e-29 -1.45718e-18  2.49868e-28  2.75053e-18 -6.53565e-28 -4.63437e-18  1.59475e-27  6.91702e-18  -3.6316e-27 -9.04895e-18  7.71953e-27  1.02172e-17 -1.53164e-26 -9.71917e-18  2.83567e-26   7.4615e-18 -4.89563e-26 -4.20038e-18  7.87341e-26  1.20261e-18 -1.17778e-25  5.30056e-19  1.63542e-25 -8.63143e-19  -2.1023e-25  4.33652e-19   2.4933e-25  5.05552e-21 -2.71638e-25 -1.32451e-19  2.70372e-25  6.07456e-20 -2.44137e-25  9.93231e-21  1.98137e-25 -1.77844e-20 -1.42673e-25  2.70465e-21  8.93923e-26  2.95847e-21 -4.71413e-26  -9.8943e-22  1.95051e-26  -3.6151e-22 -5.04193e-27  1.74359e-22 -4.76651e-28  3.88814e-23  1.47097e-27 -2.04179e-23 -9.76855e-28 -4.11724e-24  4.07695e-28  1.58787e-24 -1.11053e-28  3.81773e-25  1.43686e-29 -6.89202e-26  2.63735e-30 -2.39192e-26 -1.79798e-30  6.78043e-28  3.92893e-31  7.68273e-28 -2.65323e-32  4.78453e-29 -5.49185e-33 -8.20914e-30  1.18894e-33 -1.01183e-30 -3.71445e-35 -5.71291e-33 -6.77661e-36  2.44355e-33  3.48055e-37  4.13069e-35
 5.76706e-35  5.30386e-36 -1.33259e-34 -1.14641e-35 -1.49016e-34 -4.15685e-35  9.36956e-34  4.38239e-35 -3.18113e-33 -1.38227e-34  1.57829e-33   1.0429e-34 -2.88196e-32 -1.31629e-34   4.0329e-31  1.35502e-34 -5.57303e-30  6.56835e-35  6.66279e-29  3.45217e-36 -6.95363e-28  3.47556e-34  6.39812e-27 -5.80898e-35 -5.22819e-26  -4.8041e-35  3.81695e-25 -9.94448e-36 -2.50172e-24  2.08993e-34  1.47769e-23 -3.39349e-34 -7.88963e-23  1.62091e-33   3.8164e-22  -8.6677e-33 -1.67531e-21  4.25996e-32  6.68113e-21 -1.92843e-31  -2.4218e-20  8.06094e-31  7.97894e-20  -3.1193e-30 -2.38786e-19   1.1195e-29  6.48345e-19 -3.73171e-29 -1.59411e-18  1.15677e-28  3.53983e-18 -3.33811e-28 -7.07332e-18  8.97586e-28  1.26569e-17  -2.2507e-27 -2.01494e-17   5.2664e-27  2.82845e-17 -1.15051e-26 -3.45702e-17  2.34742e-26  3.60975e-17 -4.47374e-26 -3.12063e-17  7.96268e-26  2.10089e-17 -1.32293e-25 -9.33168e-18  2.04973e-25  5.85143e-19  -2.9574e-25  3.01051e-18  3.96538e-25 -2.49946e-18 -4.92748e-25  6.76123e-19  5.65428e-25  3.81727e-19 -5.96446e-25 -3.90972e-19  5.75059e-25  6.75009e-20 -5.03065e-25  7.28034e-20  3.95495e-25 -3.77962e-20  -2.7576e-25 -5.96201e-21  1.67207e-25   8.4148e-21 -8.52848e-26 -2.01386e-22  3.41384e-26 -1.29143e-21  -8.5953e-27  1.11349e-22 -6.64786e-28   1.5513e-22  2.20308e-27 -1.20395e-23  -1.4005e-27 -1.46737e-23  5.51114e-28  2.87355e-25 -1.38089e-28  9.89955e-25  1.44363e-29  5.69264e-26  4.08315e-30 -3.88454e-26 -2.11825e-30 -5.23208e-27  3.87905e-31  5.69429e-28 -1.40438e-32  1.42912e-28 -6.71693e-33  2.95728e-30  1.01066e-33 -9.31809e-31 -1.38311e-35 -5.31355e-32 -4.44455e-36  3.56853e-35  1.05117e-37
 2.28659e-36  1.18796e-34  9.54186e-36 -1.25433e-34 -6.45826e-36 -1.33096e-35 -4.63246e-35  7.39633e-34  3.95428e-35 -4.47212e-33 -1.16474e-34  1.91734e-32  6.87271e-35 -3.37696e-31 -1.26686e-34  5.00626e-30  2.10213e-34 -6.43681e-29  3.45217e-36  7.18753e-28 -5.67207e-35 -7.04303e-27  4.02601e-34  6.10785e-26 -6.34985e-35 -4.71933e-25 -4.39775e-35  3.26642e-24 -3.42181e-35 -2.03392e-23  4.29781e-34  1.14327e-22 -1.61294e-33 -5.81645e-22  8.71232e-33  2.68364e-21 -4.43993e-32 -1.12445e-20  2.08448e-31  4.28206e-20 -9.02163e-31 -1.48241e-19  3.60854e-30  4.66393e-19 -1.33671e-29 -1.33235e-18  4.59287e-29  3.45069e-18 -1.46573e-28 -8.08417e-18  4.34965e-28  1.70788e-17 -1.20152e-27 -3.24005e-17   3.0924e-27  5.48889e-17 -7.42189e-27 -8.24074e-17  1.66234e-26  1.08501e-16 -3.47697e-26 -1.23382e-16  6.79499e-26  1.18317e-16 -1.24118e-25 -9.17113e-17  2.11923e-25  5.23126e-17 -3.38143e-25 -1.54499e-17  5.03829e-25 -6.30804e-18 -7.00088e-25  1.08082e-17  9.05382e-25 -5.59298e-18 -1.08666e-24  2.96141e-20  1.20588e-24   1.6799e-18 -1.23134e-24 -8.06648e-19  1.14994e-24 -1.13458e-19 -9.74679e-25  2.33431e-19  7.42349e-25 -3.98579e-20 -5.01224e-25 -3.84451e-20  2.94078e-25  1.39579e-20  -1.4501e-25  4.62302e-21  5.60861e-26 -2.46538e-21  -1.3691e-26 -4.91614e-22 -9.04851e-28  2.93411e-22  3.12658e-27  5.30409e-23  -1.8968e-27 -2.35119e-23  7.02372e-28 -5.14259e-24 -1.61163e-28  1.08069e-24  1.28114e-29  3.38735e-25  5.60433e-30 -1.42774e-26 -2.32656e-30 -1.14651e-26  3.55235e-31 -6.23622e-28 -2.40057e-33   1.3215e-28 -6.81121e-33  1.50183e-29  7.43014e-34  1.95712e-32  4.36808e-37 -3.92703e-32 -2.25276e-36  -6.2175e-34
 -9.7235e-36  5.70452e-36   1.7098e-34  1.30232e-35 -2.27687e-35   2.5025e-36  1.32744e-34 -4.68114e-35   8.8904e-34  4.17637e-35 -1.68339e-32 -9.51172e-35  2.56446e-31  3.29265e-35 -4.18663e-30 -1.08946e-34  5.80636e-29   2.8207e-34 -6.95363e-28 -5.67207e-35  7.27185e-27 -1.09945e-34 -6.70375e-26  4.43872e-34  5.48914e-25 -8.46211e-35 -4.01622e-24 -1.97654e-35  2.63846e-23   -2.094e-34 -1.56233e-22  1.61929e-33  8.36364e-22 -8.47306e-33 -4.05711e-21  4.49361e-32  1.78634e-20 -2.19122e-31 -7.14671e-20  9.83729e-31  2.59941e-19 -4.07402e-30 -8.59529e-19  1.55988e-29  2.58231e-18 -5.53153e-29 -7.04045e-18   1.8193e-28  1.73872e-17 -5.55646e-28 -3.87925e-17  1.57758e-27  7.79093e-17 -4.16783e-27 -1.40172e-16  1.02554e-26  2.24467e-16 -2.35238e-26  -3.1712e-16  5.03437e-26  3.90336e-16 -1.00607e-25 -4.10817e-16  1.87884e-25  3.58433e-16  -3.2811e-25  -2.4413e-16  5.36057e-25  1.10513e-16 -8.19423e-25 -8.49464e-18  1.17149e-24 -3.47909e-17 -1.56472e-24  2.98131e-17  1.94884e-24 -8.49778e-18 -2.25689e-24 -4.37066e-18   2.4206e-24  4.76007e-18 -2.39207e-24 -9.07495e-19  2.16393e-24 -8.67732e-19 -1.77739e-24  4.81624e-19  1.31177e-24  6.40901e-20 -8.57807e-25 -1.06632e-19  4.87016e-25  4.71445e-21 -2.32111e-25  1.64042e-20  8.66728e-26 -1.76303e-21 -2.04483e-26 -1.99137e-21 -1.20031e-27  1.96387e-22  4.20392e-27  1.92477e-22 -2.42868e-27 -7.19639e-24  8.45212e-28 -1.34258e-23 -1.76973e-28 -5.85531e-25  9.68171e-30  5.52634e-25  6.93366e-30  6.73492e-26 -2.37988e-30 -8.92314e-27  3.00973e-31  -1.9947e-27  6.30871e-33 -2.80717e-29 -5.95611e-33  1.40592e-29  4.71037e-34  7.42729e-31  5.33609e-36 -2.26474e-33 -7.71296e-37
-1.83872e-36  -7.5243e-36  1.00348e-35  1.89267e-34  1.38884e-35   1.9122e-34   1.1937e-35 -2.96626e-35 -4.42895e-35  8.25446e-33  5.14748e-35 -1.85303e-31 -7.48302e-35  3.24917e-30  1.37752e-36 -4.88737e-29 -8.61341e-35  6.29603e-28  3.47556e-34 -7.04303e-27 -1.09945e-34  6.91479e-26 -1.52851e-34 -6.00893e-25   4.7073e-34  4.65305e-24  -1.3109e-34 -3.22807e-23   1.2623e-34  2.01505e-22 -1.24286e-33 -1.13567e-21  8.02413e-33  5.79415e-21 -4.39051e-32 -2.68142e-20  2.23484e-31  1.12714e-19 -1.04323e-30   -4.307e-19   4.4831e-30   1.4965e-18 -1.77781e-29 -4.72661e-18  6.51874e-29  1.35588e-17 -2.21356e-28 -3.52723e-17  6.96976e-28  8.30281e-17 -2.03707e-27 -1.76301e-16  5.53184e-27  3.36298e-16 -1.39698e-26 -5.73084e-16  3.28353e-26  8.65926e-16 -7.18954e-26 -1.14813e-15  1.46781e-25  1.31582e-15 -2.79692e-25 -1.27308e-15  4.97941e-25  9.97472e-16 -8.29115e-25 -5.77529e-16  1.29239e-24  1.76754e-16 -1.88708e-24  6.54269e-17  2.58149e-24 -1.19604e-16 -3.30642e-24  6.40417e-17  3.95861e-24 -1.61458e-18 -4.41765e-24  -1.8802e-17  4.57603e-24  9.51832e-18 -4.37537e-24  1.08963e-18   3.8344e-24 -2.71128e-18 -3.05295e-24  5.22895e-19  2.18415e-24  4.39766e-19 -1.38377e-24 -1.75219e-19  7.60369e-25 -5.15811e-20 -3.50255e-25  3.09849e-20   1.2622e-25  5.36965e-21 -2.87297e-26 -3.74736e-21 -1.53672e-27 -5.90931e-22  5.35129e-27  3.09692e-22 -2.94104e-27  6.05171e-23  9.61642e-28 -1.50816e-23 -1.83347e-28 -4.22846e-24  5.64677e-30  2.50466e-25  7.81126e-30  1.51795e-25 -2.26636e-30  6.86678e-27  2.35368e-31 -1.89579e-27  1.10494e-32 -1.96809e-28 -4.55173e-33  8.04507e-31  2.54298e-34  5.62445e-31  4.44538e-36  8.24564e-33
-8.25828e-36 -3.94566e-36   3.6786e-36  1.40031e-35  1.61009e-34  1.12817e-35  6.10233e-34  1.70725e-35 -4.56093e-33 -4.04097e-35  1.18359e-31  6.62405e-35 -2.34505e-30 -5.61348e-35  3.83487e-29 -2.28234e-35 -5.33282e-28 -6.68658e-35  6.39812e-27  4.02601e-34 -6.70375e-26 -1.52851e-34  6.19271e-25 -1.83824e-34 -5.08179e-24  4.91433e-34  3.72687e-23 -2.76208e-34 -2.45449e-22  9.78841e-34  1.45726e-21 -6.91746e-33 -7.82332e-21  4.13043e-32   3.8065e-20  -2.1988e-31  -1.6814e-19  1.07171e-30  6.75006e-19 -4.79187e-30 -2.46415e-18  1.97281e-29  8.17993e-18 -7.49652e-29 -2.46779e-17  2.63396e-28  6.75826e-17 -8.56896e-28   -1.677e-16  2.58398e-27  3.76068e-16 -7.22908e-27 -7.59431e-16   1.8778e-26  1.37444e-15 -4.53214e-26  -2.2151e-15   1.0171e-25  3.15133e-15  -2.1241e-25 -3.90892e-15  4.13175e-25  4.14991e-15 -7.49392e-25 -3.65779e-15  1.26898e-24  2.52398e-15 -2.00905e-24  -1.1674e-15  2.97838e-24  1.09265e-16 -4.14014e-24  3.55688e-16  5.40138e-24  -3.1641e-16 -6.61444e-24  9.55822e-17  7.59437e-24  4.39163e-17 -8.15345e-24 -5.15597e-17  8.14964e-24   1.0917e-17  -7.5375e-24  9.13096e-18  6.40046e-24 -5.47643e-18 -4.94213e-24 -5.76892e-19   3.4292e-24  1.20233e-18 -2.10586e-24 -8.15203e-20  1.12033e-24 -1.84983e-19 -4.98883e-25    2.456e-20  1.73501e-25  2.26677e-20 -3.80879e-26  -2.8091e-21  -1.8671e-27 -2.24078e-21  6.44069e-27  1.31521e-22 -3.36859e-27  1.62032e-22  1.03571e-27  4.44728e-24 -1.79795e-28 -7.01978e-24  1.54257e-30 -7.56982e-25  8.06598e-30  1.24797e-25 -2.00902e-30  2.47322e-26  1.69551e-31   1.5044e-28  1.20068e-32 -1.89792e-28  -3.0401e-33  -9.1793e-30  1.13885e-34  5.58128e-32  1.93272e-36
 2.41406e-37  -1.7546e-35 -5.95151e-36   2.1645e-35  1.63552e-35  4.09987e-35  5.38979e-36  3.31684e-33  1.41916e-35 -7.12949e-32  -3.7032e-35   1.5626e-30  8.24712e-35 -2.80225e-29 -3.98645e-35  4.22243e-28 -3.85013e-35  -5.4496e-27 -5.80898e-35  6.10785e-26  4.43872e-34 -6.00893e-25 -1.83824e-34  5.23317e-24 -2.04471e-34 -4.06182e-23  5.56273e-34  2.82494e-22 -9.55334e-34 -1.76811e-21  5.68484e-33  9.99329e-21 -3.66014e-32 -5.11404e-20  2.07426e-31  2.37434e-19  -1.0603e-30  -1.0015e-18  4.95112e-30  3.84102e-18 -2.12201e-29 -1.33983e-17  8.37643e-29  4.24953e-17 -3.05229e-28 -1.22448e-16  1.02837e-27  3.20067e-16 -3.20731e-27 -7.57277e-16  9.26817e-27  1.61685e-15 -2.48321e-26 -3.10246e-15  6.17235e-26  5.32077e-15 -1.42408e-25 -8.09572e-15   3.0514e-25  1.08164e-14 -6.07596e-25 -1.25022e-14   1.1252e-24  1.22151e-14    -1.94e-24 -9.68534e-15  3.11851e-24  5.70238e-15 -4.68215e-24 -1.81617e-15  6.57999e-24 -5.94205e-16 -8.67514e-24  1.17969e-15   1.0752e-23 -6.56694e-16 -1.25429e-23  3.15547e-17  1.37693e-23  1.87205e-16 -1.41925e-23 -1.00646e-16  1.36734e-23  -8.5689e-18 -1.22297e-23  2.80953e-17  1.00657e-23  -6.1482e-18 -7.54233e-24 -4.45883e-18  5.07938e-24  1.97272e-18 -3.02538e-24  5.03768e-19  1.55909e-24 -3.48877e-19 -6.71398e-25 -5.05122e-20  2.25442e-25  4.28691e-20  -4.7785e-26  5.67813e-21 -2.10332e-27 -3.65634e-21  7.31637e-27 -6.23918e-22 -3.64859e-27  1.88673e-22   1.0572e-27  4.68147e-23 -1.67548e-28 -3.77411e-24 -1.82728e-30 -1.79625e-24  7.66705e-30  -6.2195e-26 -1.65732e-30  2.44144e-26  1.12315e-31  2.29116e-27  1.02842e-32  -2.4854e-29 -1.75501e-33 -7.23358e-30  4.00784e-35 -9.68589e-32
