   0.0402386   2.0394e-09     0.065672  1.64689e-09    0.0285505  2.79711e-10  -0.00374722 -2.73206e-10  -0.00802374 -1.77864e-10  -0.00288654 -3.50719e-11 -0.000151438  5.83385e-12  0.000212209  4.73381e-12  7.73733e-05  1.07826e-12  1.16603e-05  1.03341e-13  5.97867e-07
  2.0394e-09     0.101038  3.53806e-09    0.0893392   1.7843e-09    0.0216637 -5.48448e-11   -0.0129647 -4.84242e-10   -0.0119841 -2.47543e-10  -0.00395699 -5.11537e-11 -0.000370626   2.7413e-12  0.000168428  4.00812e-12  6.48147e-05  8.51221e-13  8.12284e-06  5.47978e-14
    0.065672  3.53806e-09     0.124443   3.5548e-09    0.0763476  1.25982e-09   0.00850837 -3.26821e-10    -0.017537 -5.60517e-10   -0.0133435  -2.7923e-10  -0.00475211 -7.16502e-11 -0.000832989 -7.12926e-12 -1.22883e-05   8.9989e-13  1.96739e-05  2.56537e-13  1.94612e-06
 1.64689e-09    0.0893392   3.5548e-09      0.10729  2.79186e-09    0.0557552  8.23573e-10   0.00186361 -3.97746e-10   -0.0177197 -5.53038e-10   -0.0133728 -2.91116e-10  -0.00529095  -8.8782e-11  -0.00124618 -1.59157e-11 -0.000164695 -1.46498e-12 -9.51688e-06 -4.22451e-14
   0.0285505   1.7843e-09    0.0763476  2.79186e-09    0.0822482  2.14755e-09    0.0435358  6.53085e-10   0.00128741 -3.41957e-10   -0.0154517 -4.92399e-10   -0.0121864 -2.72168e-10   -0.0050896 -8.81723e-11  -0.00128206 -1.69932e-11 -0.000181825  -1.6367e-12 -9.79834e-06
 2.79711e-10    0.0216637  1.25982e-09    0.0557552  2.14755e-09    0.0665354  1.82271e-09    0.0390782  6.52522e-10   0.00412903 -2.07536e-10    -0.011189 -3.73969e-10  -0.00941622 -2.10587e-10  -0.00389043 -6.55439e-11 -0.000906836 -1.10536e-11 -0.000102268 -6.86689e-13
 -0.00374722 -5.48448e-11   0.00850837  8.23573e-10    0.0435358  1.82271e-09    0.0594313  1.70552e-09    0.0390752  7.54322e-10   0.00944128 -3.86919e-12  -0.00500557  -2.0158e-10  -0.00531607 -1.18321e-10  -0.00210455 -3.30676e-11 -0.000409751 -4.18895e-12 -2.79802e-05
-2.73206e-10   -0.0129647 -3.26821e-10   0.00186361  6.53085e-10    0.0390782  1.70552e-09    0.0573261  1.71298e-09    0.0420575  9.31525e-10    0.0165412  2.41765e-10   0.00200491 -1.62625e-11  -0.00115945 -3.13334e-11 -0.000571222  -8.3945e-12 -8.89004e-05 -6.59615e-13
 -0.00802374 -4.84242e-10    -0.017537 -3.97746e-10   0.00128741  6.52522e-10    0.0390752  1.71298e-09    0.0585031  1.80433e-09    0.0467655  1.13313e-09    0.0234487  4.56148e-10   0.00756342  1.16896e-10   0.00151658  1.79025e-11  0.000170654  1.37897e-12  7.56565e-06
-1.77864e-10   -0.0119841 -5.60517e-10   -0.0177197 -3.41957e-10   0.00412903  7.54322e-10    0.0420575  1.80433e-09    0.0614517  1.91276e-09    0.0505307  1.25956e-09    0.0270573  5.51057e-10   0.00963457  1.57621e-10   0.00215795  2.64134e-11  0.000248336  1.71126e-12
 -0.00288654 -2.47543e-10   -0.0133435 -5.53038e-10   -0.0154517 -2.07536e-10   0.00944128  9.31525e-10    0.0467655  1.91276e-09    0.0632357  1.92361e-09    0.0497304  1.21002e-09    0.0252148  4.93004e-10   0.00814559  1.23005e-10   0.00149849  1.53051e-11  0.000103361
-3.50719e-11  -0.00395699  -2.7923e-10   -0.0133728 -4.92399e-10    -0.011189 -3.86919e-12    0.0165412  1.13313e-09    0.0505307  1.92361e-09    0.0600556  1.73129e-09    0.0423231  9.67602e-10    0.0187517  3.35876e-10   0.00497302  6.50271e-11  0.000645274  4.63839e-12
-0.000151438 -5.11537e-11  -0.00475211 -2.91116e-10   -0.0121864 -3.73969e-10  -0.00500557  2.41765e-10    0.0234487  1.25956e-09    0.0497304  1.73129e-09    0.0499448  1.33218e-09    0.0300117  6.27034e-10    0.0109585  1.73463e-10   0.00219709  2.31603e-11  0.000160363
 5.83385e-12 -0.000370626 -7.16502e-11  -0.00529095 -2.72168e-10  -0.00941622  -2.0158e-10   0.00200491  4.56148e-10    0.0270573  1.21002e-09    0.0423231  1.33218e-09    0.0349618  8.47462e-10     0.017242   3.2159e-10   0.00492399  6.61871e-11  0.000671667  4.91521e-12
 0.000212209   2.7413e-12 -0.000832989  -8.8782e-11   -0.0050896 -2.10587e-10  -0.00531607 -1.62625e-11   0.00756342  5.51057e-10    0.0252148  9.67602e-10    0.0300117  8.47462e-10    0.0199927  4.33795e-10   0.00782121  1.27021e-10   0.00164309  1.76198e-11  0.000123691
 4.73381e-12  0.000168428 -7.12926e-12  -0.00124618 -8.81723e-11  -0.00389043 -1.18321e-10  -0.00115945  1.16896e-10   0.00963457  4.93004e-10    0.0187517  6.27034e-10     0.017242  4.33795e-10   0.00909674  1.73924e-10   0.00271775  3.71454e-11  0.000382107  2.82706e-12
 7.73733e-05  4.00812e-12 -1.22883e-05 -1.59157e-11  -0.00128206 -6.55439e-11  -0.00210455 -3.13334e-11   0.00151658  1.57621e-10   0.00814559  3.35876e-10    0.0109585   3.2159e-10   0.00782121  1.73924e-10    0.0031993  5.28189e-11    0.0006925  7.50803e-12  5.31772e-05
 1.07826e-12  6.48147e-05   8.9989e-13 -0.000164695 -1.69932e-11 -0.000906836 -3.30676e-11 -0.000571222  1.79025e-11   0.00215795  1.23005e-10   0.00497302  1.73463e-10   0.00492399  1.27021e-10   0.00271775  5.28189e-11  0.000836478  1.15589e-11  0.000119975   8.9413e-13
 1.16603e-05  8.51221e-13  1.96739e-05 -1.46498e-12 -0.000181825 -1.10536e-11 -0.000409751  -8.3945e-12  0.000170654  2.64134e-11   0.00149849  6.50271e-11   0.00219709  6.61871e-11   0.00164309  3.71454e-11    0.0006925  1.15589e-11  0.000152915  1.67013e-12     1.19e-05
 1.03341e-13  8.12284e-06  2.56537e-13 -9.51688e-06  -1.6367e-12 -0.000102268 -4.18895e-12 -8.89004e-05  1.37897e-12  0.000248336  1.53051e-11  0.000645274  2.31603e-11  0.000671667  1.76198e-11  0.000382107  7.50803e-12  0.000119975  1.67013e-12  1.74399e-05  1.30615e-13
 5.97867e-07  5.47978e-14  1.94612e-06 -4.22451e-14 -9.79834e-06 -6.86689e-13 -2.79802e-05 -6.59615e-13  7.56565e-06  1.71126e-12  0.000103361  4.63839e-12  0.000160363  4.91521e-12  0.000123691  2.82706e-12  5.31772e-05   8.9413e-13     1.19e-05  1.30615e-13  9.34432e-07
