 0.000876342  2.36417e-06   0.00449046  6.52761e-06   0.00807746  8.22937e-06     0.007317  5.28373e-06    0.0030814  1.07346e-06  -0.00026245 -8.97254e-07  -0.00101372  -8.0805e-07 -0.000538532 -2.93504e-07 -0.000138918 -5.34286e-08 -1.71196e-05 -4.06321e-09  -6.4551e-07
 2.36417e-06   0.00657318   1.2191e-05    0.0183038  2.21819e-05    0.0234394   2.0541e-05    0.0155552  9.15806e-06   0.00365721 -2.83847e-07  -0.00231014 -2.75045e-06   -0.0023643  -1.6033e-06 -0.000944149 -4.61875e-07 -0.000197106 -6.79084e-08 -1.89526e-05  -3.5347e-09
  0.00449046   1.2191e-05    0.0233546  3.43437e-05    0.0431665  4.49335e-05    0.0411981  3.11928e-05    0.0198204  8.75761e-06  0.000872089 -3.52015e-06  -0.00499644 -4.47083e-06  -0.00328306 -1.97749e-06  -0.00104822 -4.61195e-07  -0.00017419 -5.08038e-08 -1.05319e-05
 6.52761e-06    0.0183038  3.43437e-05     0.052379  6.48368e-05    0.0705346   6.4417e-05    0.0519337  3.41007e-05     0.017767  4.73251e-06  -0.00306018 -6.21697e-06  -0.00640159 -4.89764e-06  -0.00320263 -1.73568e-06  -0.00082311   -3.168e-07  -9.9338e-05 -2.09162e-08
  0.00807746  2.21819e-05    0.0431665  6.48368e-05    0.0838497  9.07284e-05    0.0878041  7.19902e-05    0.0521433  3.03239e-05     0.013098  1.29033e-06  -0.00469374  -6.2716e-06  -0.00555564 -3.80783e-06  -0.00224291 -1.08322e-06 -0.000445467 -1.40496e-07  -3.1276e-05
 8.22937e-06    0.0234394  4.49335e-05    0.0705346  9.07284e-05     0.103895  0.000101731    0.0905019  6.90626e-05    0.0470879  2.61428e-05    0.0111534  1.72592e-06  -0.00263177 -3.62789e-06  -0.00305574 -1.93538e-06  -0.00102585 -4.29891e-07 -0.000144097 -3.19627e-08
    0.007317   2.0541e-05    0.0411981   6.4417e-05    0.0878041  0.000101731      0.10766  9.94627e-05    0.0851144  6.38431e-05    0.0441039  2.62255e-05    0.0138168  5.75825e-06   0.00167001 -2.40927e-08 -0.000431025 -3.41989e-07 -0.000178479 -6.43642e-08 -1.54482e-05
 5.28373e-06    0.0155552  3.11928e-05    0.0519337  7.19902e-05    0.0905019  9.94627e-05     0.102104  9.33274e-05    0.0805759  6.23304e-05    0.0456678  2.99826e-05     0.018607  1.03054e-05   0.00535857   2.4583e-06   0.00103731  3.71415e-07  0.000112937  2.39551e-08
   0.0030814  9.15806e-06    0.0198204  3.41007e-05    0.0521433  6.90626e-05    0.0851144  9.33274e-05     0.096781  9.01817e-05    0.0799294  6.38207e-05    0.0484575   3.3035e-05    0.0212627  1.21375e-05   0.00641395  2.91429e-06   0.00116564   3.6641e-07  8.28197e-05
 1.07346e-06   0.00365721  8.75761e-06     0.017767  3.03239e-05    0.0470879  6.38431e-05    0.0805759  9.01817e-05    0.0949783  8.93446e-05    0.0793905  6.30382e-05    0.0471293  3.12497e-05    0.0192601  1.03174e-05   0.00497971  1.98698e-06  0.000653443  1.45298e-07
 -0.00026245 -2.83847e-07  0.000872089  4.73251e-06     0.013098  2.61428e-05    0.0441039  6.23304e-05    0.0799294  8.93446e-05    0.0927799  8.51318e-05     0.073037  5.53965e-05    0.0390895  2.41169e-05     0.013586  6.49483e-06   0.00269978   8.7217e-07  0.000200595
-8.97254e-07  -0.00231014 -3.52015e-06  -0.00306018  1.29033e-06    0.0111534  2.62255e-05    0.0456678  6.38207e-05    0.0793905  8.51318e-05    0.0841004  7.28386e-05    0.0584929  4.11253e-05    0.0265801  1.47884e-05   0.00735116  2.99907e-06   0.00100212  2.25201e-07
 -0.00101372 -2.75045e-06  -0.00499644 -6.21697e-06  -0.00469374  1.72592e-06    0.0138168  2.99826e-05    0.0484575  6.30382e-05     0.073037  7.28386e-05    0.0667013  5.32777e-05    0.0391754  2.49724e-05    0.0144333  7.03766e-06   0.00296929  9.69633e-07  0.000224659
 -8.0805e-07   -0.0023643 -4.47083e-06  -0.00640159  -6.2716e-06  -0.00263177  5.75825e-06     0.018607   3.3035e-05    0.0471293  5.53965e-05    0.0584929  5.32777e-05    0.0444846  3.22426e-05    0.0213405  1.20947e-05   0.00609808  2.51455e-06  0.000846792  1.91328e-07
-0.000538532  -1.6033e-06  -0.00328306 -4.89764e-06  -0.00555564 -3.62789e-06   0.00167001  1.03054e-05    0.0212627  3.12497e-05    0.0390895  4.11253e-05    0.0391754  3.22426e-05    0.0242613  1.57439e-05   0.00922566   4.5461e-06   0.00193335  6.35027e-07  0.000147736
-2.93504e-07 -0.000944149 -1.97749e-06  -0.00320263 -3.80783e-06  -0.00305574 -2.40927e-08   0.00535857  1.21375e-05    0.0192601  2.41169e-05    0.0265801  2.49724e-05    0.0213405  1.57439e-05    0.0105631   6.0495e-06   0.00307456  1.27544e-06   0.00043142   9.7784e-08
-0.000138918 -4.61875e-07  -0.00104822 -1.73568e-06  -0.00224291 -1.93538e-06 -0.000431025   2.4583e-06   0.00641395  1.03174e-05     0.013586  1.47884e-05    0.0144333  1.20947e-05   0.00922566   6.0495e-06   0.00357334  1.77159e-06  0.000756886  2.49454e-07  5.81761e-05
-5.34286e-08 -0.000197106 -4.61195e-07  -0.00082311 -1.08322e-06  -0.00102585 -3.41989e-07   0.00103731  2.91429e-06   0.00497971  6.49483e-06   0.00735116  7.03766e-06   0.00609808   4.5461e-06   0.00307456  1.77159e-06  0.000904585  3.76583e-07  0.000127714  2.90023e-08
-1.71196e-05 -6.79084e-08  -0.00017419   -3.168e-07 -0.000445467 -4.29891e-07 -0.000178479  3.71415e-07   0.00116564  1.98698e-06   0.00269978  2.99907e-06   0.00296929  2.51455e-06   0.00193335  1.27544e-06  0.000756886  3.76583e-07  0.000161324  5.32769e-08  1.24433e-05
-4.06321e-09 -1.89526e-05 -5.08038e-08  -9.9338e-05 -1.40496e-07 -0.000144097 -6.43642e-08  0.000112937   3.6641e-07  0.000653443   8.7217e-07   0.00100212  9.69633e-07  0.000846792  6.35027e-07   0.00043142  2.49454e-07  0.000127714  5.32769e-08  1.80963e-05  4.11416e-09
 -6.4551e-07  -3.5347e-09 -1.05319e-05 -2.09162e-08  -3.1276e-05 -3.19627e-08 -1.54482e-05  2.39551e-08  8.28197e-05  1.45298e-07  0.000200595  2.25201e-07  0.000224659  1.91328e-07  0.000147736   9.7784e-08  5.81761e-05  2.90023e-08  1.24433e-05  4.11416e-09  9.61747e-07
