 5.22404e-34 -3.05589e-37 -7.78435e-35 -1.36943e-36 -5.60629e-35 -2.19261e-36   -1.325e-34 -5.54532e-36  1.74952e-34  9.21923e-37  6.03216e-35 -5.35264e-36  3.16409e-35 -9.99335e-37  1.23046e-35  6.88372e-38    -2.67e-36 -1.09455e-36 -8.00648e-36  1.03698e-37 -1.05774e-36 -6.74876e-37  3.00026e-36 -2.11633e-37  5.25433e-36  -1.1364e-37  5.35405e-37  2.04313e-39  9.16734e-37 -8.21936e-38 -6.27977e-37 -2.53549e-38 -1.90877e-37 -8.05449e-39  3.52182e-37  1.55343e-39 -4.24045e-38 -5.88221e-40   3.8631e-38  1.91303e-39 -3.14937e-38 -7.15904e-40  3.89357e-40  7.40411e-41  5.85185e-39 -4.32185e-40  1.67205e-39  5.02999e-41 -7.56486e-40  3.62854e-41  2.74683e-41 -1.31227e-41  -5.3926e-41 -1.72986e-41  1.54308e-40  5.46608e-42  7.31934e-41 -1.21825e-42 -3.90471e-40 -1.85558e-42  9.69584e-40  3.60484e-43 -2.43748e-39   5.4191e-43   5.6335e-39 -2.86874e-42 -1.18855e-38  7.27158e-42  2.28123e-38 -1.72763e-41   -3.962e-38  3.83731e-41  6.18815e-38  -7.9339e-41 -8.62279e-38  1.52768e-40  1.06078e-37 -2.73455e-40 -1.13566e-37  4.54073e-40  1.03594e-37 -6.97663e-40 -7.77872e-38  9.88842e-40  4.49489e-38 -1.28817e-39 -1.65512e-38  1.53539e-39   4.9644e-41 -1.66491e-39  4.67862e-39  1.63029e-39 -3.08551e-39 -1.42698e-39   6.6963e-40  1.09989e-39  3.05271e-40 -7.28406e-40 -2.34613e-40  3.95057e-40  1.90432e-41 -1.54412e-40  3.39382e-41  1.89655e-41 -1.21892e-41  3.31617e-41  -6.3845e-43 -3.76629e-41  9.14513e-43   2.5065e-41 -1.72762e-44 -1.23589e-41 -2.99009e-44  4.73566e-42 -1.03292e-44 -1.41296e-42  4.81074e-45  3.21124e-43 -5.98869e-46 -5.31092e-44  6.25738e-47  5.88342e-45  -8.9981e-48 -3.69769e-46     5.66e-49  8.12291e-48
-3.05589e-37  7.90037e-34 -1.91938e-36 -2.10037e-34 -5.94172e-36 -8.40466e-36 -8.81666e-36 -1.19358e-34 -1.67978e-35  2.60063e-34 -2.39578e-36  1.48503e-34 -1.33744e-35  8.97862e-35 -2.72699e-36  2.55339e-35  5.80333e-37 -1.01629e-35 -2.20101e-36 -3.33768e-35  -3.0654e-37   2.0961e-36 -1.35364e-36  1.17366e-35 -4.32527e-37  1.43431e-35 -2.24358e-37  6.88021e-37  4.40309e-38  1.65884e-36 -1.97899e-37 -1.69092e-36 -5.56447e-38 -5.28822e-37 -2.00384e-38  9.61023e-37  3.72765e-39 -1.08838e-37 -4.46391e-39  6.08386e-38  5.33674e-39 -6.41943e-38 -1.37764e-39  1.10279e-39  1.22893e-40   1.6544e-38 -1.23109e-39  3.19819e-39  1.25414e-40 -2.25248e-39  1.53156e-40  3.96597e-40 -3.61557e-41  -2.4645e-41 -5.67956e-41 -6.49368e-40  1.73096e-41  3.74374e-39 -2.61305e-42 -1.12169e-38 -5.32769e-42  2.91985e-38 -5.07189e-42 -7.04995e-38  1.98681e-41  1.55678e-37 -5.65564e-41 -3.13291e-37  1.39384e-40  5.72014e-37 -3.20588e-40 -9.42195e-37  6.88831e-40  1.39019e-36 -1.37992e-39 -1.82065e-36  2.57441e-39  2.09048e-36 -4.46497e-39 -2.06799e-36  7.18396e-39  1.71562e-36 -1.06966e-38  -1.1379e-36  1.46958e-38  5.41074e-37 -1.85656e-38 -1.15974e-37  2.14775e-38 -6.93357e-38 -2.26361e-38  8.02199e-38   2.1597e-38 -3.18488e-38 -1.84993e-38 -9.72913e-40   1.4066e-38  6.55707e-39 -9.33679e-39 -2.09578e-39  5.26362e-39 -4.82372e-40 -2.38618e-39  4.54225e-40  7.46183e-40 -5.51521e-41 -3.79212e-41 -2.72569e-41  -1.4485e-40  4.84302e-42  1.21221e-40  1.70874e-42 -6.19256e-41 -2.41643e-43  2.30716e-41 -1.04416e-43 -6.45458e-42  1.94299e-44  1.33314e-42 -5.14396e-46 -1.92982e-43  1.08168e-46  1.76126e-44  -1.8579e-47 -7.91619e-46  4.82351e-49
-7.78435e-35 -1.91938e-36  1.28496e-33   -6.622e-36 -1.36345e-34 -1.54834e-35   2.4211e-34 -2.26827e-35  3.80796e-35 -3.43327e-35  3.03504e-34 -1.14572e-35  2.44509e-34 -2.37216e-35  1.96843e-34 -4.02263e-36  2.60314e-35  8.16699e-37 -3.12068e-35 -2.83161e-36 -8.80544e-35 -1.51184e-36  9.00635e-36 -1.77994e-36  2.71914e-35 -6.14577e-37  2.79381e-35 -2.86429e-37  3.88253e-37  1.57421e-37  2.06042e-36 -3.27113e-37 -3.05339e-36 -8.35308e-38 -9.66723e-37 -3.99913e-38  1.79927e-36  5.85682e-39  -1.9217e-37 -1.42675e-38  4.60996e-38  1.06993e-38 -7.67293e-38 -1.09495e-39 -2.24365e-39  1.66039e-40  3.27852e-38 -2.60945e-39  2.85866e-39  1.89575e-40 -4.38429e-39  4.21542e-40 -9.13086e-40 -6.45584e-41  7.93709e-39 -1.28502e-40 -2.81103e-38   4.5075e-41  8.76885e-38  -1.0758e-41 -2.41568e-37  1.50545e-41  6.08155e-37 -1.02454e-40 -1.40432e-36  2.92759e-40  2.96055e-36 -7.54874e-40 -5.67536e-36  1.79999e-39  9.84307e-36 -4.00903e-39 -1.53472e-35  8.33841e-39  2.13391e-35 -1.61723e-38 -2.61781e-35  2.92058e-38  2.79213e-35  -4.9022e-38 -2.53358e-35  7.63175e-38  1.88714e-35 -1.09925e-37 -1.07479e-35   1.4607e-37  3.80837e-36 -1.78464e-37  1.43977e-37  1.99675e-37 -1.20009e-36 -2.03607e-37  7.46707e-37  1.88108e-37 -1.40026e-37 -1.56303e-37 -8.87271e-38   1.1569e-37  6.07573e-38 -7.52764e-38 -4.43261e-39  4.22169e-38 -8.35489e-39 -1.97357e-38  2.72473e-39  7.16883e-39   2.8216e-40 -1.61166e-39 -2.21355e-40 -1.31555e-40 -1.51682e-41  3.48355e-40  1.50499e-41 -1.99194e-40  4.01551e-43  7.32878e-41 -5.95141e-43 -1.91965e-41  1.91192e-44  3.56241e-42  3.25276e-45 -4.40606e-43  3.05288e-46  3.13825e-44 -1.86404e-47 -8.20678e-46
-1.36943e-36 -2.10037e-34   -6.622e-36  1.80349e-33  -1.5228e-35  2.11132e-34 -2.84707e-35  6.96085e-34 -4.45118e-35  1.51026e-34 -5.51753e-35  2.96011e-34 -2.36027e-35  3.44084e-34 -3.41295e-35  3.84827e-34 -3.13794e-36  3.04063e-37  1.32249e-37 -7.29821e-35 -2.61629e-36 -1.74076e-34 -3.42158e-36  1.48491e-35 -1.73345e-36  4.74251e-35 -7.53475e-37  4.45702e-35 -2.83282e-37 -5.07972e-38  3.45515e-37  1.88854e-36 -4.25724e-37 -4.14301e-36 -9.89517e-38 -1.35901e-36 -6.73886e-38  2.66248e-36  6.84797e-39 -2.65282e-37 -3.16872e-38  2.23316e-39  1.80545e-38 -4.08156e-38   1.5602e-39 -1.75945e-38  3.18824e-40  5.43473e-38 -4.68486e-39 -4.59941e-39   1.4417e-40  4.96383e-39  9.09818e-40 -4.95931e-38 -7.83408e-41  1.76486e-37 -2.37507e-40 -5.52724e-37  1.35638e-40   1.5883e-36 -1.29101e-40 -4.17824e-36  3.79342e-40  1.00785e-35 -1.20077e-39 -2.22378e-35   3.1921e-39  4.47084e-35 -7.88761e-39 -8.15295e-35  1.82003e-38   1.3409e-34 -3.92418e-38 -1.97477e-34  7.89903e-38  2.58002e-34 -1.48236e-37 -2.95303e-34  2.58941e-37  2.90856e-34 -4.20252e-37 -2.39756e-34  6.32334e-37  1.57347e-34 -8.79883e-37 -7.31679e-35  1.12898e-36  1.40849e-35 -1.33126e-36  1.08394e-35  1.43692e-36 -1.14481e-35 -1.41305e-36  4.25649e-36  1.25889e-36  3.40559e-37 -1.00907e-36 -9.95005e-37  7.21366e-37  2.97065e-37 -4.54672e-37  7.28975e-38  2.48631e-37 -6.21164e-38 -1.15075e-37  5.18658e-39  4.31284e-38  4.56541e-39 -1.18033e-38  -6.3233e-40  1.48789e-39 -3.05545e-40  5.78764e-40  4.89569e-41 -4.65518e-40  1.09175e-41  1.74199e-40 -1.54579e-42 -4.26989e-41 -1.36833e-43  7.01602e-42  5.42927e-45 -7.16776e-43  9.30621e-46  3.63338e-44  4.82579e-48
-5.60629e-35 -5.94172e-36 -1.36345e-34  -1.5228e-35  2.29322e-33 -2.50643e-35  7.61483e-34 -3.94586e-35  1.23199e-33 -7.26482e-35 -3.80314e-35 -7.44341e-35  2.16965e-34  -3.3426e-35  4.70776e-34 -4.18587e-35  6.78731e-34  6.39074e-37 -5.38774e-35 -1.39952e-36 -1.35238e-34 -1.62988e-36 -2.76802e-34 -5.53051e-36   1.1404e-35  -1.2287e-36  6.88871e-35 -9.64854e-37   6.1986e-35 -2.72428e-37 -4.72547e-37  5.72447e-37  1.24059e-36  -4.5923e-37 -4.22669e-36  -1.0253e-37 -1.62126e-36 -9.48006e-38  3.25385e-36  4.31665e-39 -2.75712e-37  -5.7147e-38 -1.24841e-38  2.73663e-38  5.66854e-38  7.92316e-39 -5.37493e-38   7.0713e-40     9.46e-38 -7.45046e-39 -7.88588e-38 -1.15847e-40  2.46189e-37  1.67376e-39 -9.12547e-37 -2.77382e-41  2.96293e-36 -4.64835e-40 -8.83421e-36  6.48893e-40  2.42407e-35 -1.37925e-39 -6.10607e-35  4.03763e-39  1.40882e-34 -1.12577e-38 -2.96747e-34   2.8765e-38  5.68262e-34 -6.86966e-38 -9.84282e-34  1.53413e-37  1.53219e-33 -3.20109e-37   -2.126e-33  6.23375e-37   2.6011e-33 -1.13135e-36 -2.76424e-33  1.91039e-36  2.49531e-33 -2.99561e-36 -1.84371e-33  4.35234e-36  1.03458e-33 -5.84409e-36  -3.5162e-34  7.23075e-36 -2.95337e-35 -8.21543e-36  1.23786e-34  8.53735e-36 -7.29366e-35 -8.07651e-36  1.16604e-35  6.91691e-36  9.93752e-36 -5.32676e-36 -6.18963e-36  3.65816e-36  3.51256e-37 -2.21661e-36  8.48837e-37   1.1683e-36 -2.45292e-37 -5.24726e-37 -4.26223e-38  1.94287e-37  2.39193e-38 -5.55915e-38  2.01007e-39  1.02262e-38 -1.63067e-39 -1.01256e-42 -3.22526e-41 -8.05132e-40  5.22832e-41  3.25745e-40  4.44876e-43 -7.47988e-41 -5.40904e-43  1.06678e-41 -2.21343e-44 -8.54872e-43  1.04864e-45  2.51586e-44
-2.19261e-36 -8.40466e-36 -1.54834e-35  2.11132e-34 -2.50643e-35  3.01108e-33 -2.96813e-35  1.30679e-33 -4.24261e-35   1.6565e-33 -1.03818e-34 -6.94688e-34 -8.73689e-35  8.20419e-35 -3.69971e-35  6.53024e-34  -4.4914e-35  1.06566e-33  6.30721e-36 -1.22424e-34 -2.83596e-36 -2.08374e-34 -2.74688e-37  -3.6826e-34 -7.13603e-36 -8.47221e-36 -4.28595e-37  8.81601e-35 -1.41828e-36  7.81948e-35 -3.46921e-37 -1.80695e-36  7.75382e-37  6.98803e-37 -4.22713e-37 -2.65537e-36 -1.12082e-37 -1.87366e-36   -1.106e-37  3.23934e-36 -7.74732e-39 -1.33059e-37 -9.08404e-38  8.18592e-38  3.81553e-38  2.07646e-37  1.85788e-38 -1.62093e-37  1.15905e-39  3.91786e-37 -1.07493e-38 -1.15326e-36 -5.36358e-40  4.09265e-36  2.71454e-39 -1.38328e-35  3.50805e-40  4.29321e-35 -1.67459e-39 -1.22724e-34  4.44385e-39   3.2259e-34 -1.21014e-38 -7.77745e-34  3.41465e-38  1.71472e-33 -9.04838e-38 -3.44424e-33  2.23512e-37  6.27378e-33 -5.16571e-37  -1.0304e-32  1.11638e-36  1.51479e-32 -2.25367e-36 -1.97454e-32  4.24439e-36  2.25313e-32  -7.4462e-36 -2.20981e-32  1.21476e-35  1.81008e-32 -1.83912e-35 -1.17534e-32  2.57804e-35  5.33973e-33 -3.33712e-35 -9.03371e-34  3.97675e-35 -9.05277e-34 -4.34738e-35   8.8277e-34  4.34206e-35 -3.07631e-34 -3.94332e-35 -3.99919e-35  3.23807e-35  8.00169e-35  -2.3881e-35 -2.20657e-35  1.56894e-35 -6.23315e-36 -9.08878e-36   4.6896e-36  4.58098e-36 -2.23496e-37 -1.97238e-36 -4.00786e-37  7.05652e-37  4.75293e-38 -1.99929e-37  2.55296e-38  4.02302e-38 -3.69824e-39 -3.58914e-39 -8.74041e-40 -9.58079e-40  9.65981e-41  4.88661e-40  1.45338e-41 -1.05532e-40 -4.13935e-43  1.26916e-41 -8.32972e-44 -7.29122e-43 -4.56055e-46
  -1.325e-34 -8.81666e-36   2.4211e-34 -2.84707e-35  7.61483e-34 -2.96813e-35  4.21023e-33 -2.25558e-35  1.57899e-33 -3.55443e-35  1.79526e-33 -1.33453e-34 -1.78982e-33 -9.11183e-35 -5.44705e-35 -3.44801e-35  8.88624e-34 -4.26385e-35  1.48109e-33  1.19166e-35 -1.78237e-34 -2.88333e-36 -2.77957e-34  1.00719e-36 -4.19168e-34 -7.55989e-36 -4.53846e-35  5.26374e-37  1.02995e-34 -2.19181e-36  9.19212e-35 -5.55476e-37 -6.18036e-36  8.82789e-37   1.2071e-36 -3.46462e-37  1.00537e-36 -1.60509e-37 -2.45054e-36 -1.07171e-37  2.28829e-36 -4.07239e-38  2.93896e-37 -1.34225e-37   2.9267e-37  4.87475e-38  5.47361e-37  3.28461e-38 -1.19288e-36  8.35903e-40  4.48022e-36 -1.43481e-38 -1.64908e-35 -5.48719e-40   5.7523e-35  3.53851e-39 -1.85861e-34   3.1024e-39  5.53503e-34 -1.06981e-38 -1.51723e-33  3.24648e-38   3.8197e-33  -9.2075e-38 -8.80738e-33  2.51015e-37  1.85367e-32 -6.41471e-37 -3.54629e-32  1.53352e-36  6.13511e-32 -3.43022e-36 -9.53581e-32  7.17283e-36  1.32057e-31 -1.40053e-35 -1.61155e-31  2.55001e-35  1.70663e-31  -4.3226e-35 -1.53282e-31  6.80937e-35  1.12352e-31  -9.9474e-35 -6.20995e-32  1.34432e-34  2.01759e-32 -1.67602e-34  2.74579e-33  1.92157e-34 -7.94332e-33 -2.01859e-34   4.4454e-33  1.93472e-34  -5.9138e-34 -1.68359e-34 -6.77308e-34  1.32253e-34  3.87603e-34 -9.31461e-35 -1.34063e-35  5.83373e-35 -5.49343e-35 -3.21622e-35  1.40332e-35  1.54081e-35  3.41788e-36 -6.30442e-36 -1.57331e-36  2.14912e-36 -1.53507e-37 -5.86473e-37  1.04433e-37   1.1846e-37  3.52695e-39  -1.4019e-38 -3.26114e-39 -4.64262e-40 -1.01504e-40  5.88664e-40  3.75166e-41 -1.20722e-40  1.84233e-42  1.16952e-41 -8.26346e-44 -3.93803e-43
-5.54532e-36 -1.19358e-34 -2.26827e-35  6.96085e-34 -3.94586e-35  1.30679e-33 -2.25558e-35  5.98295e-33  -2.4479e-36  1.40727e-33 -2.29997e-35  1.57671e-33 -1.55567e-34 -3.09894e-33 -8.55088e-35 -1.51941e-34 -2.96001e-35  1.13435e-33 -3.53417e-35  1.82905e-33    1.585e-35 -1.93372e-34  -6.9391e-37 -3.32351e-34   1.9772e-36 -4.10831e-34  -6.2711e-36 -9.02166e-35  1.63074e-36   1.1241e-34 -3.15595e-36    1.023e-34 -8.43742e-37 -1.57791e-35  8.28838e-37  3.64908e-36 -2.86998e-37  6.93622e-36 -2.85025e-37  -3.7369e-36 -8.88815e-38  1.05692e-37 -1.10567e-37  1.25838e-36  -1.9079e-37 -4.64598e-38  5.57729e-38  3.84818e-36  4.85969e-38 -1.52408e-35 -1.88319e-39  5.96368e-35 -1.82354e-38 -2.16433e-34  2.06989e-39  7.27222e-34 -1.59491e-40 -2.25542e-33  2.30441e-38  6.44437e-33 -7.46189e-38 -1.69305e-32   2.2364e-37  4.07959e-32 -6.25437e-37 -8.98836e-32  1.65006e-36  1.80393e-31  -4.0791e-36 -3.28254e-31  9.43906e-36  5.38423e-31 -2.04324e-35 -7.90234e-31  4.13324e-35  1.02785e-30  -7.8038e-35 -1.16946e-30   1.3732e-34  1.14228e-30 -2.24826e-34 -9.29864e-31  3.41822e-34  5.97382e-31 -4.81535e-34 -2.64923e-31  6.26939e-34  3.82561e-32  -7.5219e-34  5.09261e-32  8.28871e-34 -4.62791e-32 -8.35684e-34  1.51058e-32  7.67505e-34  2.76186e-33 -6.38836e-34 -4.33162e-33  4.79051e-34  1.09289e-33 -3.21375e-34  3.68378e-34  1.91263e-34 -2.44572e-34 -9.99504e-35   3.9608e-36  4.52769e-35  2.30676e-35 -1.74817e-35 -2.31553e-36  5.61987e-36 -1.43991e-36 -1.45137e-36  1.79485e-37  2.82517e-37  5.07009e-38 -3.55254e-38 -4.37511e-39   1.0921e-39 -9.18656e-40  5.59037e-40  1.80874e-41  -1.1131e-40  5.05902e-42  7.99916e-42  1.85646e-44
 1.74952e-34 -1.67978e-35  3.80796e-35 -4.45118e-35  1.23199e-33 -4.24261e-35  1.57899e-33  -2.4479e-36  8.17721e-33  2.40251e-35  8.37467e-34 -1.24898e-35  1.05995e-33 -1.63743e-34 -4.30411e-33 -7.30156e-35 -2.20941e-34 -2.71067e-35    1.332e-33 -2.37126e-35   2.0225e-33  1.75053e-35 -1.53918e-34  3.61594e-36 -3.67742e-34  2.66563e-36  -3.3994e-34 -2.95182e-36 -1.25647e-34  3.00146e-36  1.16439e-34 -3.97894e-36  1.08233e-34  -1.0666e-36 -3.11961e-35  5.66683e-37  8.29691e-36 -3.11268e-37  1.50021e-35 -5.12315e-37 -5.88263e-36  -7.4318e-38 -3.78883e-36 -2.34117e-37  4.68044e-36 -2.65421e-37 -9.75908e-36  5.47926e-38  4.80499e-35  6.24268e-38 -1.96494e-34 -8.71542e-39    7.434e-34 -2.43241e-38 -2.59891e-33  1.74812e-38  8.39076e-33 -3.79695e-38 -2.49794e-32  1.56449e-37  6.84454e-32 -4.87075e-37 -1.72233e-31  1.41557e-36  3.96905e-31 -3.85139e-36 -8.34773e-31  9.83788e-36  1.59563e-30 -2.35411e-35 -2.75743e-30   5.2726e-35  4.27989e-30 -1.10436e-34 -5.91628e-30  2.16074e-34   7.2024e-30 -3.94384e-34 -7.60179e-30  6.70488e-34  6.79411e-30 -1.05985e-33 -4.94066e-30  1.55448e-33   2.6893e-30 -2.11053e-33 -8.32283e-31  2.64546e-33 -1.62248e-31 -3.05194e-33   3.6675e-31   3.2292e-33 -1.95397e-31 -3.12111e-33  2.07568e-32  2.74289e-33  3.28338e-32 -2.18008e-33 -1.73724e-32   1.5574e-33  1.53826e-34  -9.9269e-34  2.58915e-33  5.59678e-34 -5.85359e-34 -2.76181e-34 -1.83534e-34   1.1773e-34  7.28943e-35 -4.26267e-35   8.4729e-36  1.28117e-35 -4.80036e-36 -3.09024e-36 -2.50229e-37  5.65327e-37  1.51239e-37 -6.96077e-38  7.44465e-39  3.66296e-39 -1.83504e-39  3.96366e-40 -9.94867e-41 -8.09892e-41  3.93732e-42  3.56442e-42
 9.21923e-37  2.60063e-34 -3.43327e-35  1.51026e-34 -7.26482e-35   1.6565e-33 -3.55443e-35  1.40727e-33  2.40251e-35   1.0426e-32  4.49536e-35  1.13311e-34 -1.07364e-35  3.96323e-34 -1.53664e-34 -5.13272e-33  -5.8161e-35 -3.08097e-34 -3.01082e-35  1.44634e-33 -8.84583e-36  2.01639e-33  1.71038e-35  -6.7985e-35  9.02415e-36  -3.8754e-34  3.27066e-36 -2.16037e-34  2.43929e-36 -1.31975e-34  4.77506e-36  1.16064e-34 -4.26024e-36   1.0796e-34 -1.07246e-36 -5.04647e-35  8.25306e-38  1.44187e-35 -4.82635e-37  2.44938e-35 -8.45242e-37 -7.85981e-36   -9.149e-38 -1.41768e-35 -4.23724e-37   3.4796e-35 -3.62632e-37  -1.3924e-34  4.26034e-38  5.96912e-34  6.96398e-38 -2.35049e-33 -1.78718e-38  8.54988e-33 -4.72545e-38 -2.87285e-32  1.01792e-37  8.90727e-32 -2.91365e-37 -2.54425e-31  9.72683e-37  6.68165e-31 -2.92395e-36 -1.60925e-30  8.22983e-36  3.54351e-30 -2.17104e-35 -7.10652e-30  5.36976e-35  1.29195e-29 -1.24389e-34 -2.11666e-29  2.69632e-34  3.10186e-29 -5.46373e-34 -4.02645e-29  1.03374e-33  4.56858e-29 -1.82357e-33 -4.44484e-29  2.99436e-33  3.59642e-29 -4.56809e-33 -2.28605e-29  6.46053e-33   9.8879e-30 -8.44933e-33 -1.16823e-30  1.01897e-32 -2.13799e-30 -1.12947e-32   1.8244e-30  1.14642e-32 -5.56761e-31 -1.06102e-32 -1.33896e-31  8.91024e-33  1.75452e-31 -6.75127e-33 -4.01756e-32  4.58525e-33 -1.63574e-32 -2.77002e-33   9.6703e-33  1.47498e-33  1.19897e-34   -6.847e-34 -9.78076e-34  2.73367e-34    8.017e-35 -9.22609e-35  6.13396e-35  2.57205e-35 -6.39439e-36 -5.72931e-36 -2.23828e-36  9.66792e-37  1.50818e-37 -1.11462e-37  4.18853e-38  6.48248e-39  -5.5689e-40   1.7621e-40  -2.1663e-40 -4.42534e-41 -1.08779e-42
 6.03216e-35 -2.39578e-36  3.03504e-34 -5.51753e-35 -3.80314e-35 -1.03818e-34  1.79526e-33 -2.29997e-35  8.37467e-34  4.49536e-35  1.22843e-32  4.93928e-35 -4.71189e-34  -2.0221e-35 -2.42316e-34 -1.25418e-34 -5.45158e-33 -4.65368e-35 -4.52025e-34 -3.86152e-35  1.48375e-33  7.20984e-36  1.81748e-33  1.51099e-35  3.79929e-35  1.41147e-35 -3.97689e-34  3.97855e-36 -5.59574e-35   9.6264e-36 -9.42748e-35  7.00413e-36  1.13301e-34 -3.71651e-36   9.9179e-35 -8.11581e-37 -6.94912e-35 -5.98395e-37  2.05518e-35 -8.52954e-37  3.21046e-35 -1.25439e-36  2.95615e-36 -1.68824e-37 -9.31582e-35 -6.81831e-37  3.87519e-34 -4.84864e-37 -1.68313e-33  2.15182e-38  6.88646e-33  6.07465e-38 -2.60555e-32 -5.59692e-39  9.10949e-32 -1.77748e-37 -2.94052e-31  5.72004e-37  8.75174e-31 -1.78131e-36  -2.3973e-30  5.56888e-36  6.03013e-30 -1.61949e-35 -1.38896e-29   4.4148e-35   2.9195e-29 -1.12822e-34 -5.57622e-29  2.70193e-34  9.62696e-29  -6.0587e-34 -1.49234e-28   1.2709e-33  2.05948e-28  -2.4911e-33 -2.50152e-28  4.55679e-33  2.63184e-28 -7.76704e-33 -2.34109e-28  1.23146e-32  1.68925e-28 -1.81248e-32 -9.05369e-29  2.47067e-32  2.65863e-29 -3.11095e-32  6.95826e-30   3.6074e-32 -1.31276e-29 -3.83899e-32  6.67063e-30  3.73462e-32 -5.27013e-31 -3.30607e-32 -1.22586e-30  2.64944e-32  6.02481e-31 -1.91055e-32  1.15269e-32   1.2311e-32 -9.50854e-32 -7.03102e-33  1.90139e-32  3.52482e-33  7.38218e-33 -1.53328e-33 -2.58556e-33  5.70575e-34 -3.60865e-34 -1.78407e-34  1.71706e-34  4.57717e-35  1.23414e-35 -9.31613e-36 -5.50964e-36  1.42687e-36  -3.5523e-37 -1.49219e-37  6.80964e-38  8.34107e-39  4.07856e-39  2.96794e-42 -1.33143e-40 -1.58696e-41
-5.35264e-36  1.48503e-34 -1.14572e-35  2.96011e-34 -7.44341e-35 -6.94688e-34 -1.33453e-34  1.57671e-33 -1.24898e-35  1.13311e-34  4.93928e-35  1.34038e-32  3.35051e-35 -7.41968e-34 -3.86768e-35 -7.25246e-34 -8.35547e-35 -5.28035e-33  -4.3537e-35 -6.52436e-34 -4.97517e-35  1.48205e-33  2.11824e-35  1.47341e-33  1.18551e-35  1.31157e-34  1.76739e-35 -4.01636e-34  4.78291e-36  1.20595e-34  1.80536e-35 -7.42199e-36  9.62518e-36  1.10963e-34 -2.31748e-36  7.98438e-35 -4.03679e-37 -8.42177e-35 -1.42614e-36  2.91282e-35 -1.46068e-36  7.85035e-36 -1.67547e-36  1.77778e-34 -3.26404e-37 -9.80722e-34 -9.96621e-37  4.42994e-33 -6.32991e-37  -1.8796e-32  8.72294e-39  7.39297e-32 -3.53806e-39 -2.68876e-31  1.72248e-37  9.03333e-31 -9.24401e-37 -2.80025e-30  3.12757e-36  7.99663e-30 -9.82378e-36 -2.09941e-29  2.95369e-35  5.05441e-29 -8.31658e-35 -1.11242e-28  2.19581e-34  2.22957e-28 -5.43459e-34 -4.05008e-28   1.2601e-33  6.62849e-28 -2.73494e-33 -9.70037e-28  5.55085e-33  1.25685e-27 -1.05227e-32  -1.4224e-27   1.8606e-32  1.37868e-27  -3.0636e-32 -1.10899e-27  4.68871e-32  6.97526e-28 -6.65557e-32 -2.94023e-28  8.74095e-32  2.65643e-29 -1.05913e-31  7.10259e-29  1.18021e-31 -5.72679e-29 -1.20499e-31  1.62969e-29  1.12251e-31  4.96583e-30 -9.49452e-32 -5.64405e-30  7.25113e-32  1.16372e-30 -4.96808e-32   5.7429e-31   3.0309e-32 -3.05547e-31 -1.63214e-32 -1.21129e-32  7.67823e-33  3.26677e-32 -3.11694e-33 -2.07104e-33  1.07553e-33 -2.08739e-33 -3.09553e-34  1.77671e-34  7.24886e-35  7.85863e-35 -1.33358e-35 -4.09603e-36  1.82516e-36 -1.48252e-36 -1.68415e-37  9.95639e-39  8.33426e-39  7.33232e-39 -6.56365e-41  5.35938e-41
 3.16409e-35 -1.33744e-35  2.44509e-34 -2.36027e-35  2.16965e-34 -8.73689e-35 -1.78982e-33 -1.55567e-34  1.05995e-33 -1.07364e-35 -4.71189e-34  3.35051e-35  1.36647e-32  2.99965e-36 -7.22533e-34 -6.08117e-35 -9.90459e-34 -3.48284e-35  -4.7442e-33 -5.29379e-35 -8.70232e-34 -5.92888e-35  1.48512e-33  2.91784e-35  1.05245e-33  7.58769e-36   1.8473e-34  1.90465e-35 -3.97803e-34  5.35711e-36  2.93225e-34  2.70064e-35  1.22748e-34  1.25075e-35  1.11698e-34 -3.01678e-37  5.05983e-35 -1.21482e-37 -1.01112e-34 -2.36076e-36  9.92122e-35 -2.33304e-36 -3.89868e-34 -2.01314e-36  2.25222e-33 -5.71486e-37 -1.08728e-32 -1.33847e-36  4.79711e-32 -8.15622e-37 -1.96134e-31  7.32618e-38   7.4184e-31 -3.31499e-37 -2.59331e-30  1.28625e-36  8.36998e-30 -4.92501e-36 -2.49067e-29   1.6276e-35  6.82095e-29 -5.01529e-35 -1.71522e-28  1.45835e-34  3.94924e-28 -3.97672e-34 -8.29695e-28  1.01687e-33  1.58369e-27 -2.43705e-33 -2.73181e-27  5.47037e-33  4.23002e-27 -1.14904e-32 -5.82875e-27   2.2561e-32  7.06503e-27 -4.13557e-32  -7.4109e-27  7.06683e-32  6.56234e-27 -1.12377e-31  -4.6993e-27  1.65972e-31  2.47973e-27 -2.27146e-31 -6.87974e-28  2.87307e-31  -2.3252e-28 -3.34853e-31   3.8131e-28  3.58372e-31  -1.8508e-28 -3.50808e-31  9.45856e-30  3.12673e-31  3.69836e-29 -2.52423e-31 -1.69488e-29  1.83473e-31 -8.26378e-31 -1.19232e-31  2.83862e-30  6.87199e-32 -5.00284e-31 -3.47959e-32 -2.36643e-31  1.53071e-32  7.39117e-32 -5.77301e-33  1.23259e-32  1.83675e-33 -5.00397e-33 -4.83153e-34 -4.60553e-34  1.02342e-34  1.63531e-34 -1.68201e-35  1.28394e-35  2.02338e-36 -2.01515e-36 -1.60111e-37 -1.36649e-37  6.51347e-39  3.57793e-39 -4.92295e-41
-9.99335e-37  8.97862e-35 -2.37216e-35  3.44084e-34  -3.3426e-35  8.20419e-35 -9.11183e-35 -3.09894e-33 -1.63743e-34  3.96323e-34  -2.0221e-35 -7.41968e-34  2.99965e-36  1.32035e-32  -2.9451e-35 -5.82084e-34 -8.07114e-35 -1.04113e-33  1.45884e-35 -4.00816e-33 -7.56384e-35  -1.0484e-33 -6.36531e-35  1.52189e-33  2.79814e-35  6.24006e-34  2.76736e-36  1.85521e-34  1.81477e-35 -3.80191e-34  5.03597e-36  4.41907e-34  3.57484e-35  2.81964e-34  1.55304e-35  1.14459e-34  1.93306e-36  3.28339e-35 -2.91585e-37 -2.43633e-34 -3.40946e-36  9.47987e-34 -3.49013e-36 -4.97909e-33 -2.15258e-36  2.49628e-32   -9.019e-37 -1.14834e-31 -1.65078e-36  4.88161e-31  -1.0983e-36 -1.91997e-30  5.21741e-37  6.98202e-30 -2.00155e-36 -2.34551e-29  7.17816e-36  7.26996e-29 -2.49335e-35 -2.07573e-28  7.97745e-35  5.44838e-28 -2.38987e-34 -1.31134e-27  6.72857e-34    2.885e-27 -1.77693e-33 -5.77933e-27  4.40001e-33  1.04913e-26 -1.02096e-32 -1.71549e-26  2.21822e-32  2.50745e-26  -4.5084e-32 -3.24336e-26  8.56188e-32  3.66183e-26 -1.51726e-31 -3.53676e-26  2.50502e-31  2.82883e-26  -3.8462e-31 -1.76083e-26  5.48031e-31  7.22794e-27 -7.22898e-31 -4.40448e-28  8.80307e-31 -1.93948e-27 -9.86463e-31   1.4854e-27  1.01348e-30 -3.92862e-28 -9.50579e-31 -1.48202e-28  8.09986e-31  1.49803e-28 -6.23489e-31 -2.75726e-29   4.3073e-31 -1.65235e-29 -2.65043e-31  7.98753e-30   1.4399e-31  5.31574e-31 -6.83544e-32  -8.9656e-31  2.80115e-32  4.02997e-32 -9.76682e-33  5.87599e-32  2.84715e-33 -3.97243e-33 -6.78989e-34  -2.2688e-33   1.2877e-34  8.84017e-35 -1.86578e-35   4.2835e-35  1.93601e-36   7.6311e-39 -1.26971e-37 -2.06447e-37  3.84803e-39 -1.97725e-39
 1.23046e-35 -2.72699e-36  1.96843e-34 -3.41295e-35  4.70776e-34 -3.69971e-35 -5.44705e-35 -8.55088e-35 -4.30411e-33 -1.53664e-34 -2.42316e-34 -3.86768e-35 -7.22533e-34  -2.9451e-35  1.23281e-32 -5.02166e-35 -5.10952e-34 -9.35649e-35 -9.26354e-34  6.05767e-35 -3.22455e-33 -1.08997e-34 -1.13562e-33 -6.14927e-35  1.59997e-33    1.633e-35  2.44657e-34 -1.70894e-36  1.35095e-34  1.52381e-35 -3.41075e-34   2.9592e-36  5.47767e-34  4.35839e-35  4.55668e-34  1.86143e-35  8.26874e-35  4.00724e-36  2.69902e-34 -1.15509e-36 -1.94361e-33 -4.63961e-36  1.04774e-32 -4.94875e-36 -5.40867e-32  -1.9779e-36  2.58591e-31 -1.32573e-36 -1.14317e-30 -1.79768e-36  4.67504e-30 -1.84461e-36 -1.76822e-29  2.80774e-36  6.18097e-29 -1.02503e-35 -1.99479e-28  3.58192e-35  5.93533e-28 -1.18674e-34 -1.62521e-27  3.67515e-34  4.08597e-27 -1.06742e-33 -9.40519e-27  2.91021e-33  1.97518e-26  -7.4421e-33 -3.76818e-26  1.78417e-32  6.49541e-26 -4.00733e-32  -1.0048e-25  8.42537e-32  1.38271e-25 -1.65652e-31 -1.67281e-25  3.04197e-31  1.74984e-25 -5.21007e-31 -1.54283e-25  8.30883e-31   1.0967e-25 -1.23142e-30 -5.69753e-26  1.69229e-30  1.48636e-26 -2.15091e-30  6.32713e-27   2.5209e-30 -9.26964e-27 -2.71507e-30  4.30353e-27  2.67654e-30  -9.6371e-29 -2.40403e-30 -9.31047e-28  1.95695e-30  3.99163e-28 -1.43489e-30  3.18426e-29  9.40936e-31 -7.09546e-29 -5.47265e-31  1.09487e-29  2.79588e-31  6.28288e-30 -1.24045e-31 -1.76205e-30  4.71572e-32 -3.47621e-31 -1.51174e-32  1.22413e-31  4.00867e-33  1.37669e-32 -8.58605e-34 -4.06307e-33  1.44043e-34 -3.76249e-34  -1.8113e-35  4.94652e-35  1.58437e-36  3.84079e-36 -8.21138e-38 -7.98456e-38  1.51748e-39
 6.88372e-38  2.55339e-35 -4.02263e-36  3.84827e-34 -4.18587e-35  6.53024e-34 -3.44801e-35 -1.51941e-34 -7.30156e-35 -5.13272e-33 -1.25418e-34 -7.25246e-34 -6.08117e-35 -5.82084e-34 -5.02166e-35  1.13772e-32    -5.07e-35 -6.13419e-34 -9.62587e-35 -7.18994e-34  1.00763e-34 -2.50338e-33 -1.47105e-34 -1.10211e-33 -5.42015e-35  1.71197e-33  -4.4947e-36 -4.95836e-35 -4.54495e-36  4.61253e-35  1.06514e-35 -2.73426e-34 -1.62742e-36  5.87481e-34  4.98084e-35   6.8637e-34  2.16578e-35 -4.16645e-34  5.71938e-36  3.45623e-33 -2.74966e-36 -2.06426e-32 -6.14961e-36  1.10605e-31 -6.72617e-36 -5.49471e-31 -1.38538e-36  2.52519e-30 -1.93783e-36  -1.0737e-29 -1.28685e-36  4.22312e-29 -4.84706e-36 -1.53575e-28  1.37005e-35  5.15901e-28 -4.89408e-35 -1.59898e-27  1.66251e-34  4.56506e-27 -5.31494e-34 -1.19809e-26  1.59346e-33  2.88305e-26 -4.48263e-33 -6.34113e-26  1.18326e-32  1.26979e-25 -2.92927e-32 -2.30384e-25  6.79709e-32  3.76434e-25 -1.47727e-31 -5.49641e-25  3.00458e-31  7.09899e-25 -5.71253e-31 -7.99755e-25  1.01401e-30  7.69893e-25 -1.67795e-30 -6.12468e-25   2.5839e-30  3.77361e-25 -3.69533e-30  -1.5074e-25   4.8965e-30  4.49995e-27 -5.99492e-30  4.47086e-26   6.7603e-30 -3.26721e-26 -6.99568e-30  7.99999e-27   6.6148e-30  3.68014e-27 -5.68676e-30  -3.3686e-27  4.41941e-30  5.47891e-28 -3.08384e-30  4.00072e-28  1.91708e-30 -1.77137e-28 -1.05204e-30 -1.65973e-29  5.04183e-31  2.08068e-29 -2.08358e-31 -5.58611e-31  7.31432e-32 -1.40226e-30 -2.14239e-32  7.23134e-32  5.12416e-33  5.52913e-32 -9.74706e-34 -1.49604e-33  1.42538e-34  -1.0445e-33 -1.52561e-35 -7.33732e-36  1.09122e-36  4.95163e-36 -4.12311e-38  5.78939e-38
   -2.67e-36  5.80333e-37  2.60314e-35 -3.13794e-36  6.78731e-34  -4.4914e-35  8.88624e-34 -2.96001e-35 -2.20941e-34  -5.8161e-35 -5.45158e-33 -8.35547e-35 -9.90459e-34 -8.07114e-35 -5.10952e-34    -5.07e-35  1.06005e-32 -3.02317e-35 -8.72319e-34 -8.72475e-35 -4.96334e-34  1.33343e-34 -1.90262e-33  -1.8204e-34 -9.45345e-34 -4.53235e-35  1.84598e-33 -3.09827e-35  -2.4555e-34  -4.3461e-36 -6.47365e-35  4.62656e-36 -1.61871e-34 -9.01555e-36  4.46747e-34  5.35989e-35  1.69021e-33  2.43968e-35 -6.15853e-33  7.11598e-36   3.8121e-32 -4.86515e-36 -2.13708e-31  -7.9998e-36  1.10366e-30  -8.8538e-36 -5.27311e-30 -2.37177e-37  2.33099e-29 -3.25082e-36 -9.53327e-29  2.04389e-36  3.60587e-28 -1.83636e-35  -1.2605e-27  6.32443e-35  4.06804e-27 -2.20578e-34 -1.21039e-26  7.26307e-34   3.3141e-26 -2.24612e-33 -8.33117e-26  6.51841e-33  1.91737e-25  -1.7751e-32 -4.02561e-25  4.53487e-32    7.677e-25 -1.08632e-31  -1.3226e-24   2.4386e-31  2.04435e-24 -5.12599e-31 -2.81002e-24  1.00801e-30  3.39387e-24 -1.85236e-30 -3.54117e-24  3.17671e-30  3.10967e-24 -5.07635e-30 -2.19481e-24  7.54501e-30  1.12266e-24 -1.04083e-29 -2.73943e-25  1.32932e-29  -1.4446e-25 -1.56729e-29  1.92843e-25  1.70008e-29 -8.57416e-26  -1.6899e-29 -6.16628e-28  1.53219e-29  2.00127e-26 -1.26029e-29 -8.05013e-27  9.34507e-30 -9.02413e-28 -6.20055e-30   1.5179e-27  3.64959e-30 -2.03088e-28 -1.88624e-30 -1.41806e-28  8.45798e-31  3.58882e-29 -3.24384e-31  8.28576e-30  1.04614e-31 -2.56805e-30 -2.77961e-32 -3.42426e-31  5.93671e-33  8.63587e-32 -9.89107e-34  9.26836e-33  1.23757e-34 -1.03524e-33 -1.09921e-35  -9.2107e-35  6.14711e-37  1.50126e-36 -1.40673e-38
-1.09455e-36 -1.01629e-35  8.16699e-37  3.04063e-37  6.39074e-37  1.06566e-33 -4.26385e-35  1.13435e-33 -2.71067e-35 -3.08097e-34 -4.65368e-35 -5.28035e-33 -3.48284e-35 -1.04113e-33 -9.35649e-35 -6.13419e-34 -3.02317e-35  1.01096e-32  5.09975e-36 -1.18227e-33 -6.63917e-35  -3.2461e-34  1.56284e-34 -1.43238e-33 -2.05758e-34 -6.86935e-34 -3.92292e-35  1.99213e-33 -5.83557e-35 -3.48925e-34 -4.84075e-38  -1.9978e-34 -2.69501e-36  1.52264e-34 -1.87963e-35  -1.0679e-33  5.39475e-35  1.14746e-32  2.62614e-35 -6.70511e-32   8.4494e-36  3.90667e-31 -7.09711e-36 -2.09932e-30 -1.01196e-35  1.04284e-29 -1.14522e-35 -4.79271e-29   1.9727e-36  2.03798e-28 -7.67161e-36 -8.01645e-28  1.78214e-35  2.91539e-27 -7.84232e-35 -9.79415e-27  2.78043e-34   3.0357e-26 -9.42266e-34 -8.66697e-26  3.00364e-33  2.27456e-25 -8.98747e-33 -5.47305e-25  2.52368e-32  1.20359e-24 -6.64886e-32 -2.40957e-24  1.64295e-31  4.37011e-24 -3.80578e-31 -7.13639e-24  8.25907e-31  1.04111e-23 -1.67781e-30 -1.34295e-23   3.1876e-30  1.51002e-23 -5.65722e-30 -1.44924e-23  9.36646e-30  1.14703e-23 -1.44442e-29 -6.99719e-24  2.07086e-29  2.71837e-24 -2.75414e-29  8.01146e-27  3.38902e-29 -8.87347e-25 -3.84666e-29  6.21216e-25  4.01272e-29 -1.40202e-25 -3.83071e-29 -7.78613e-26  3.32978e-29  6.54409e-26 -2.61978e-29 -9.28945e-27  1.85264e-29 -8.31783e-27 -1.16797e-29  3.39625e-27  6.50108e-30  4.12208e-28 -3.15863e-30 -4.16832e-28  1.32157e-30  3.84527e-30 -4.68516e-31  2.89026e-29  1.38011e-31 -1.06272e-30  -3.2987e-32 -1.16105e-30  6.21513e-33  1.86261e-32 -8.91149e-34  2.19787e-32  9.30699e-35  2.99349e-34 -6.62186e-36  -1.0284e-34  2.67893e-37 -1.41181e-36
-8.00648e-36 -2.20101e-36 -3.12068e-35  1.32249e-37 -5.38774e-35  6.30721e-36  1.48109e-33 -3.53417e-35    1.332e-33 -3.01082e-35 -4.52025e-34  -4.3537e-35  -4.7442e-33  1.45884e-35 -9.26354e-34 -9.62587e-35 -8.72319e-34  5.09975e-36  9.89553e-33  4.63417e-35 -1.41397e-33  -3.5132e-35 -2.48467e-34  1.67522e-34 -1.06807e-33 -2.12075e-34  -3.6273e-34  -3.9686e-35  2.14073e-33 -8.16923e-35 -3.54302e-34  8.69507e-36 -5.83486e-34 -1.11335e-35  2.48066e-33  -2.9889e-35 -1.67494e-32  4.97341e-35  1.12856e-31  2.63212e-35 -6.77633e-31  1.00588e-35  3.78725e-30 -8.99521e-36  -1.9564e-29  -1.2177e-35  9.34806e-29 -1.50952e-35 -4.13276e-28  7.70633e-36  1.69039e-27 -2.59144e-35  -6.3944e-27  8.74555e-35   2.2355e-26 -3.34972e-34 -7.21531e-26  1.16686e-33  2.14697e-25 -3.83149e-33 -5.87875e-25  1.18153e-32  1.47785e-24 -3.41916e-32 -3.40102e-24  9.28356e-32  7.13972e-24 -2.36433e-31 -1.36126e-23  5.64586e-31  2.34427e-23 -1.26342e-30 -3.62136e-23  2.64778e-30  4.97301e-23 -5.19259e-30 -5.99763e-23  9.52012e-30  6.24379e-23 -1.62994e-29 -5.46254e-23   2.6025e-29   3.8294e-23 -3.86918e-29 -1.92885e-23  5.34615e-29  4.37669e-24 -6.84988e-29  2.82794e-24  8.11663e-29 -3.49138e-24 -8.86577e-29  1.48851e-24  8.89246e-29  5.60466e-26 -8.15222e-29 -3.73692e-25  6.79321e-29  1.41418e-25 -5.11173e-29  2.06049e-26  3.44651e-29 -2.82627e-26 -2.06316e-29  3.23635e-27  1.08473e-29  2.77263e-27  -4.9451e-30 -6.35767e-28  1.92496e-30 -1.70084e-28 -6.28055e-31  4.69669e-29  1.67887e-31  7.27476e-30 -3.57448e-32 -1.59786e-30  5.85212e-33 -1.96319e-31 -7.05545e-34  1.88274e-32   5.9405e-35  1.91426e-33  -3.2084e-36 -2.38673e-35   7.8419e-38
 1.03698e-37 -3.33768e-35 -2.83161e-36 -7.29821e-35 -1.39952e-36 -1.22424e-34  1.19166e-35  1.82905e-33 -2.37126e-35  1.44634e-33 -3.86152e-35 -6.52436e-34 -5.29379e-35 -4.00816e-33  6.05767e-35 -7.18994e-34 -8.72475e-35 -1.18227e-33  4.63417e-35  9.88143e-33  8.58593e-35 -1.47112e-33  3.17553e-36 -2.87127e-34  1.65879e-34 -7.68312e-34 -1.98164e-34 -7.42485e-36 -4.88626e-35  2.24699e-33 -9.67994e-35  3.98868e-35   2.1312e-35 -3.85093e-33 -2.02632e-35  2.61751e-32 -4.08625e-35 -1.77153e-31  3.99687e-35   1.1171e-30   2.3379e-35 -6.48964e-30  1.22493e-35   3.4865e-29 -1.03162e-35 -1.73217e-28 -1.32093e-35  7.96171e-28 -2.24608e-35 -3.38597e-27  2.83017e-35  1.33207e-26 -1.03922e-34 -4.84508e-26  3.82531e-34   1.6279e-25 -1.38797e-33 -5.04632e-25  4.69432e-33  1.44089e-24 -1.49128e-32 -3.78179e-24  4.44568e-32  9.10013e-24 -1.24327e-31 -2.00121e-23  3.26096e-31  4.00599e-23 -8.01936e-31 -7.26386e-23  1.84824e-30  1.18572e-22 -3.98996e-30  -1.7287e-22  8.06277e-30  2.22757e-22 -1.52396e-29 -2.50052e-22  2.69178e-29  2.39334e-22 -4.43841e-29 -1.88525e-22  6.82324e-29  1.13904e-22 -9.76512e-29 -4.30162e-23  1.29867e-28 -1.61169e-24 -1.60137e-28  1.53943e-23  1.82583e-28 -1.03621e-23 -1.91841e-28  2.14502e-24  1.84981e-28  1.42864e-24 -1.62861e-28 -1.11486e-24  1.30121e-28  1.36001e-25 -9.36548e-29  1.50854e-25  6.01982e-29 -5.71423e-26 -3.42003e-29 -8.55247e-27  1.69658e-29    7.322e-27 -7.24291e-30  5.74259e-29  2.61488e-30 -5.22192e-28 -7.81409e-31  1.20184e-29  1.88156e-31  2.13478e-29 -3.52717e-32 -1.23388e-31  4.92299e-33 -4.05547e-31  -4.8329e-34  -8.0753e-33  3.11192e-35  1.87542e-33 -1.16146e-36  2.95334e-35
-1.05774e-36  -3.0654e-37 -8.80544e-35 -2.61629e-36 -1.35238e-34 -2.83596e-36 -1.78237e-34    1.585e-35   2.0225e-33 -8.84583e-36  1.48375e-33 -4.97517e-35 -8.70232e-34 -7.56384e-35 -3.22455e-33  1.00763e-34 -4.96334e-34 -6.63917e-35 -1.41397e-33  8.58593e-35  9.97736e-33   1.1982e-34 -1.31967e-33  4.32436e-35 -4.37811e-34  1.51954e-34 -4.95964e-34 -1.65155e-34  3.94459e-34 -6.70083e-35  1.86358e-33 -1.00643e-34  4.45076e-33  3.63755e-35   -3.785e-32 -2.92174e-35  2.66884e-31 -5.04254e-35 -1.74804e-30  2.41579e-35  1.05755e-29  1.61929e-35 -5.90951e-29  1.52776e-35  3.05305e-28 -1.15537e-35 -1.45903e-27 -1.00031e-35  6.45138e-27 -4.55728e-35 -2.63921e-26  1.13231e-34  9.98533e-26 -4.33036e-34 -3.49151e-25  1.59322e-33  1.12712e-24 -5.56716e-33 -3.35439e-24  1.82212e-32  9.18627e-24  -5.5948e-32 -2.30961e-23  1.61108e-31  5.31562e-23 -4.34978e-31 -1.11593e-22  1.10081e-30  2.12748e-22 -2.61024e-30 -3.66306e-22   5.7966e-30   5.6563e-22 -1.20489e-29 -7.76198e-22  2.34277e-29  9.35017e-22 -4.25803e-29  -9.7148e-22  7.22829e-29  8.47052e-22 -1.14501e-28 -5.90023e-22  1.69068e-28  2.92732e-22 -2.32394e-28 -6.13685e-23  2.96885e-28 -4.82436e-23 -3.51757e-28  5.57353e-23  3.85489e-28 -2.28157e-23 -3.89381e-28 -1.57272e-24  3.60903e-28  6.14386e-24 -3.05227e-28  -2.1932e-24  2.33925e-28 -3.95923e-25 -1.61115e-28  4.64174e-25  9.87419e-29 -4.47243e-26 -5.32227e-29 -4.76432e-26  2.48844e-29  9.93394e-27 -9.92775e-30  3.05272e-27  3.31281e-30  -7.5887e-28 -9.01889e-31   -1.345e-28  1.93985e-31  2.61017e-29 -3.15762e-32  3.63449e-30  3.66544e-33 -3.01765e-31 -2.79536e-34 -3.49616e-32  1.25854e-35  3.19281e-34 -2.62702e-37
-6.74876e-37   2.0961e-36 -1.51184e-36 -1.74076e-34 -1.62988e-36 -2.08374e-34 -2.88333e-36 -1.93372e-34  1.75053e-35  2.01639e-33  7.20984e-36  1.48205e-33 -5.92888e-35  -1.0484e-33 -1.08997e-34 -2.50338e-33  1.33343e-34  -3.2461e-34  -3.5132e-35 -1.47112e-33   1.1982e-34  1.01202e-32  1.48339e-34 -9.88309e-34   7.8522e-35 -6.80277e-34  1.28353e-34 -2.78467e-34   -1.178e-34  1.36606e-33 -9.27242e-35 -3.79837e-33  -9.1397e-35  5.09608e-32  5.19352e-35  -3.8162e-31 -3.65791e-35  2.60471e-30 -5.78778e-35  -1.6403e-29  2.69698e-36  9.53699e-29  3.71042e-36 -5.12433e-28  1.96828e-35  2.54631e-27 -1.57176e-35  -1.1706e-26  1.03001e-35  4.97935e-26 -1.37057e-34 -1.95932e-25  4.72043e-34  7.12812e-25 -1.79421e-33 -2.39551e-24  6.44073e-33  7.42746e-24 -2.17421e-32 -2.12124e-23   6.8786e-32  5.56856e-23 -2.03994e-31  -1.3402e-22  5.66951e-31   2.9476e-22 -1.47621e-30 -5.90085e-22  3.59961e-30  1.06993e-21 -8.21615e-30 -1.74617e-21  1.75449e-29  2.54471e-21 -3.50312e-29 -3.27649e-21  6.53594e-29  3.67293e-21 -1.13878e-28 -3.50711e-21  1.85166e-28  2.75052e-21  -2.8079e-28 -1.64661e-21  3.96797e-28  6.04317e-22 -5.22062e-28  4.45129e-23  6.38714e-28 -2.36251e-22 -7.25376e-28  1.53416e-22  7.62785e-28 -2.89754e-23  -7.4009e-28 -2.30475e-23   6.5934e-28  1.68548e-23 -5.35955e-28 -1.73265e-24  3.94359e-28 -2.41671e-24  -2.6014e-28  8.53917e-25  1.52094e-28  1.52468e-25  -7.7767e-29 -1.14171e-25  3.42332e-29 -2.77364e-27 -1.27342e-29  8.37027e-27  3.91269e-30 -8.53807e-29 -9.64649e-31 -3.48089e-28  1.83573e-31 -1.31789e-30 -2.55192e-32  6.64425e-30  2.38404e-33    1.721e-31  -1.3106e-34 -3.03961e-32  3.43552e-36 -5.40178e-34
 3.00026e-36 -1.35364e-36  9.00635e-36 -3.42158e-36 -2.76802e-34 -2.74688e-37 -2.77957e-34  -6.9391e-37 -1.53918e-34  1.71038e-35  1.81748e-33  2.11824e-35  1.48512e-33 -6.36531e-35 -1.13562e-33 -1.47105e-34 -1.90262e-33  1.56284e-34 -2.48467e-34  3.17553e-36 -1.31967e-33  1.48339e-34  1.02918e-32  1.73939e-34 -5.54205e-34  1.02523e-34 -9.31461e-34  9.91333e-35 -7.56171e-34 -6.33784e-35  8.83692e-33 -1.23551e-34 -6.43581e-32 -6.82962e-35  5.18557e-31  6.60205e-35 -3.69599e-30 -4.04179e-35  2.42403e-29 -6.33435e-35 -1.46679e-28 -2.28055e-35  8.19826e-28 -1.49951e-35  -4.2363e-27   2.7966e-35  2.02492e-26  -3.5981e-35 -8.95561e-26  1.03187e-34  3.66454e-25 -5.23791e-34 -1.38681e-24  1.97878e-33  4.85046e-24 -7.33594e-33 -1.56623e-23  2.55303e-32  4.66249e-23 -8.33079e-32  -1.2772e-22  2.54658e-31  3.21195e-22 -7.29102e-31 -7.39405e-22  1.95445e-30  1.55254e-21 -4.90307e-30 -2.96018e-21  1.15049e-29  5.09676e-21 -2.52352e-29 -7.86869e-21  5.17069e-29   1.0793e-20 -9.89046e-29 -1.29898e-20  1.76494e-28  1.34743e-20 -2.93656e-28 -1.17133e-20  4.55343e-28  8.11073e-21 -6.57781e-28 -3.96523e-21  8.85042e-28   7.6261e-22 -1.10887e-27  7.26358e-22  1.29314e-27 -7.92796e-22 -1.40227e-27  3.12077e-22  1.41122e-27  3.14877e-23 -1.31356e-27 -8.99015e-23   1.1249e-27  3.03559e-23 -8.79812e-28  6.56986e-24  6.22521e-28  -6.7972e-24 -3.93914e-28  5.39027e-25  2.19931e-28  7.27726e-25 -1.06683e-28 -1.38471e-25  4.41649e-29 -4.84997e-26 -1.52788e-29  1.09534e-26  4.30401e-30  2.19476e-27 -9.54518e-31 -3.80828e-28  1.58975e-31 -5.95648e-29 -1.85002e-32  4.31128e-30  1.32958e-33  5.67781e-31 -4.60544e-35 -3.51739e-33   3.9923e-37
-2.11633e-37  1.17366e-35 -1.77994e-36  1.48491e-35 -5.53051e-36  -3.6826e-34  1.00719e-36 -3.32351e-34  3.61594e-36  -6.7985e-35  1.51099e-35  1.47341e-33  2.91784e-35  1.52189e-33 -6.14927e-35 -1.10211e-33  -1.8204e-34 -1.43238e-33  1.67522e-34 -2.87127e-34  4.32436e-35 -9.88309e-34  1.73939e-34   1.0522e-32  1.99572e-34 -1.75641e-34  1.10413e-34 -4.35209e-34  6.88055e-35 -8.99498e-33 -1.02931e-35  8.42919e-32 -1.56596e-34 -6.70362e-31 -3.14915e-35  4.99776e-30  7.71404e-35  -3.4156e-29 -3.84932e-35  2.15166e-28 -6.77399e-35 -1.25128e-27 -4.91868e-35  6.72475e-27 -4.21739e-35 -3.34234e-26  5.23168e-35  1.53694e-25  -1.3012e-34 -6.53938e-25  5.11541e-34  2.57391e-24  -2.1737e-33 -9.36683e-24  8.24361e-33  3.14885e-23 -2.96457e-32  -9.7664e-23  9.98846e-32  2.79014e-22 -3.15175e-31 -7.32691e-22  9.30965e-31  1.76394e-21 -2.57317e-30 -3.88068e-21  6.65154e-30  7.77061e-21 -1.60696e-29 -1.40917e-20  3.62559e-29  2.29988e-20 -7.63262e-29 -3.35103e-20  1.49795e-28  4.31249e-20 -2.73816e-28 -4.82921e-20  4.65804e-28  4.60193e-20 -7.36972e-28 -3.59503e-20  1.08403e-27  2.13361e-20 -1.48245e-27 -7.60922e-21   1.8857e-27 -8.47627e-22 -2.23302e-27  3.23837e-21  2.46425e-27 -2.03535e-21 -2.53582e-27  3.48789e-22  2.43181e-27  3.30491e-22 -2.16722e-27 -2.28328e-22  1.78459e-27  1.92837e-23 -1.34565e-27  3.45478e-23  9.18122e-28 -1.14475e-23 -5.58742e-28 -2.37939e-24   2.9841e-28  1.59619e-24 -1.37367e-28  6.39214e-26  5.34106e-29 -1.20223e-25 -1.71315e-29 -2.05927e-28  4.40233e-30  5.08556e-27 -8.71544e-31  6.44462e-29  1.25475e-31 -9.76452e-29 -1.19327e-32 -3.08453e-30  6.18721e-34  4.42403e-31 -9.95497e-36  8.75844e-33
