 0.000507187 -3.82293e-18  -0.00210253  2.34625e-17   0.00203672 -2.03946e-17  2.09151e-05 -2.12592e-17 -0.000469611  4.36941e-17 -0.000176189 -9.48586e-18  2.70782e-05 -1.96802e-17  5.81266e-05  3.11695e-18   3.0847e-05  6.59963e-18  7.71361e-06  1.17765e-18 -1.35734e-06 -1.50149e-18 -2.63791e-06 -5.92354e-19 -1.67925e-06  1.06469e-19 -7.40063e-07  1.17217e-19 -2.41951e-07  -1.8248e-20 -5.01843e-08 -4.05596e-20  2.92825e-09 -5.35497e-21  9.77918e-09  1.35159e-20  6.43854e-09  1.04525e-20  3.10137e-09   3.0891e-21  1.26635e-09 -7.18281e-22  4.61455e-10 -1.34021e-21  1.53875e-10 -8.20812e-22  4.76502e-11 -3.12145e-22  1.38391e-11  -6.5744e-23  3.79765e-12  6.85387e-24  9.90668e-13  1.35585e-23  2.46989e-13  7.08088e-24  5.91407e-14  2.36946e-24  1.36601e-14  4.90088e-25  3.05459e-15 -5.35498e-28  6.62934e-16 -5.63125e-26  1.39778e-16 -3.22225e-26  2.86128e-17 -1.26003e-26  5.67328e-18 -4.01903e-27   1.0857e-18 -1.10769e-27  1.99662e-19 -2.70783e-28  3.51209e-20 -5.95741e-29  5.88182e-21 -1.19073e-29  9.33763e-22 -2.17531e-30  1.39953e-22 -3.64589e-31  1.97294e-23 -5.61952e-32  2.60678e-24 -7.97699e-33  3.21712e-25 -1.04332e-33   3.6959e-26  -1.2568e-34  3.93856e-27 -1.39324e-35  3.87873e-28  -1.4196e-36  3.51559e-29 -1.32693e-37  2.91926e-30 -1.13463e-38   2.2092e-31 -8.84408e-40  1.51438e-32 -6.25768e-41  9.33517e-34 -3.99864e-42  5.12951e-35  -2.2929e-43  2.48513e-36 -1.17053e-44   1.0468e-37 -5.26753e-46  3.76276e-39 -2.06369e-47  1.12416e-40 -6.92602e-49   2.6803e-42 -1.94856e-50  4.74236e-44 -4.45798e-52  5.22023e-46 -7.92688e-54  1.00112e-48   -1.017e-55 -6.42352e-50 -8.13924e-58 -7.89014e-52 -2.62405e-60
-3.82293e-18   0.00349433 -1.97328e-17  -0.00777915  7.95273e-17   0.00449299 -6.45398e-17   0.00146337 -3.47859e-17 -0.000809362  9.69945e-17 -0.000698992 -1.94719e-17 -0.000156078 -4.48865e-17  8.20183e-05  2.71225e-18  9.22348e-05  1.45793e-17   4.4893e-05  2.76705e-18  1.14673e-05 -2.20231e-18 -1.31743e-06 -8.26287e-19 -3.38791e-06  1.02286e-19  -2.3002e-06  3.67286e-20 -1.09907e-06 -1.34264e-19 -4.15384e-07 -9.11601e-20 -1.24225e-07  1.15924e-20 -2.56777e-08  4.65587e-20  -3.2702e-10  2.93063e-20   3.1659e-09  7.09967e-21  2.13462e-09 -2.93394e-21  1.00963e-09 -4.01204e-21  4.02276e-10 -2.30761e-21   1.4312e-10 -8.61337e-22  4.67043e-11 -1.94787e-22  1.41895e-11  4.36411e-25  4.05075e-12   2.4208e-23  1.09315e-12   1.2995e-23  2.79993e-13  4.11403e-24  6.82433e-14  6.95632e-25  1.58517e-14 -1.01727e-25  3.51134e-15 -1.39402e-25  7.41668e-16 -6.91208e-26  1.49275e-16 -2.52464e-26  2.85948e-17 -7.67379e-27    5.205e-18 -2.03135e-27   8.9857e-19 -4.78724e-28  1.46802e-19 -1.01737e-28  2.26417e-20 -1.96601e-29  3.28813e-21 -3.47328e-30  4.48347e-22 -5.62864e-31  5.72228e-23 -8.38524e-32  6.81305e-24  -1.1497e-32  7.53862e-25 -1.45107e-33  7.71888e-26 -1.68489e-34  7.27698e-27 -1.79802e-35  6.27859e-28 -1.76087e-36  4.92055e-29  -1.5791e-37   3.4682e-30 -1.29273e-38  2.16817e-31 -9.62381e-40  1.17663e-32 -6.48516e-41  5.33333e-34 -3.93343e-42  1.84755e-35 -2.13226e-43  3.42036e-37   -1.024e-44 -1.10244e-38 -4.30868e-46 -1.44383e-39 -1.56617e-47 -8.16116e-41 -4.82743e-49 -3.20274e-42 -1.23006e-50  -9.3298e-44 -2.49762e-52 -1.99934e-45 -3.81697e-54 -2.97686e-47  -3.9688e-56 -2.68731e-49 -2.22965e-58 -9.55019e-52
 -0.00210253 -1.97328e-17    0.0115807 -5.05834e-17   -0.0167914  1.46877e-16   0.00496933 -1.29995e-16   0.00443097 -2.12908e-17 -0.000160832  1.53875e-16  -0.00127745 -2.83167e-17  -0.00065232 -7.22413e-17 -6.93693e-05 -5.65339e-19   0.00011972  1.92661e-17   0.00010271  4.72729e-18  4.78451e-05 -1.19046e-18  1.30901e-05 -3.33888e-19 -2.14119e-07  -1.8887e-20 -2.80891e-06 -3.34186e-19 -2.10064e-06 -3.93937e-19 -1.08254e-06 -1.47081e-19 -4.52762e-07  6.65028e-20 -1.60904e-07  1.07014e-19 -4.88462e-08  5.74059e-20 -1.22413e-08   1.0795e-20 -2.19056e-09 -7.56249e-21 -4.18844e-11 -8.38276e-21  1.94942e-10 -4.58232e-21  1.17856e-10 -1.70645e-21  4.96937e-11  -4.2767e-22  1.76412e-11 -4.46462e-23  5.58548e-12   1.9277e-23  1.61783e-12   1.2711e-23  4.34411e-13  3.63845e-24  1.08949e-13  2.26353e-25  2.56317e-14 -3.65937e-25  5.67017e-15 -2.48617e-25  1.18067e-15 -1.05683e-25  2.31421e-16 -3.56374e-26  4.26685e-17 -1.02422e-26  7.38991e-18 -2.58997e-27  1.19981e-18 -5.86096e-28   1.8211e-19 -1.19939e-28  2.57487e-20 -2.23507e-29  3.37554e-21 -3.81005e-30  4.07707e-22 -5.95853e-31  4.49645e-23 -8.56471e-32  4.46602e-24 -1.13245e-32  3.90115e-25 -1.37721e-33  2.85387e-26 -1.53923e-34  1.52029e-27 -1.57905e-35  1.86511e-29 -1.48432e-36 -8.69709e-30  -1.2753e-37  -1.4767e-30  -9.9811e-39  -1.6179e-31 -7.08591e-40 -1.41079e-32 -4.53994e-41 -1.03448e-33 -2.60869e-42 -6.49756e-35 -1.33388e-43 -3.51022e-36 -6.00987e-45 -1.62486e-37 -2.35641e-46  -6.3811e-39 -7.91184e-48 -2.09214e-40 -2.22624e-49 -5.59077e-42 -5.09311e-51 -1.17467e-43 -9.05464e-53 -1.83301e-45 -1.16131e-54 -1.91936e-47 -9.28963e-57 -1.06978e-49 -2.99319e-59
 2.34625e-17  -0.00777915 -5.05834e-17    0.0247187  -7.2703e-17    -0.025208  1.61125e-16   0.00131962 -2.07086e-16   0.00739432   2.6493e-17   0.00191917  2.06336e-16  -0.00125505   -3.236e-17  -0.00126358 -9.08375e-17 -0.000468829 -8.49098e-18  9.69692e-06   1.7283e-17  0.000127028  6.57422e-18  9.39854e-05   1.8357e-18  4.31956e-05  1.02038e-18  1.30684e-05 -2.67745e-19   1.2772e-06  -1.0009e-18 -1.53208e-06 -7.64377e-19 -1.39378e-06 -1.73788e-19 -7.82796e-07  1.71776e-19 -3.53823e-07  1.92304e-19 -1.38445e-07  8.97556e-20 -4.83575e-08  1.18271e-20 -1.53051e-08 -1.48727e-20 -4.41944e-09  -1.4157e-20 -1.16571e-09 -7.45701e-21 -2.79676e-10  -2.8159e-21 -6.03072e-11 -7.90628e-22 -1.13792e-11 -1.54285e-22  -1.7583e-12 -1.45171e-23  -1.7447e-13  1.39505e-24  1.06359e-14 -3.54144e-25  1.15782e-14 -1.14405e-24  3.86501e-15 -7.95371e-25  9.40659e-16  -3.6727e-25  1.84696e-16 -1.34001e-25  2.90114e-17  -4.1322e-26  3.16972e-18 -1.11389e-26  2.68641e-20 -2.67436e-27  -1.0486e-19 -5.78426e-28 -3.66321e-20 -1.13565e-28 -8.81046e-21 -2.03469e-29 -1.75013e-21 -3.33838e-30 -3.03416e-22 -5.02766e-31 -4.70023e-23 -6.95972e-32 -6.58136e-24 -8.85944e-33 -8.37817e-25 -1.03658e-33 -9.72197e-26 -1.11356e-34 -1.02891e-26 -1.09669e-35 -9.92255e-28 -9.88177e-37 -8.70113e-29  -8.1233e-38 -6.91577e-30 -6.06948e-39 -4.96075e-31 -4.10279e-40 -3.19375e-32 -2.49499e-41 -1.83276e-33 -1.35551e-42 -9.29422e-35 -6.52224e-44  -4.1203e-36 -2.74887e-45   -1.575e-37 -1.00056e-46 -5.09924e-39 -3.08751e-48 -1.36529e-40 -7.87474e-50  -2.9237e-42 -1.60038e-51  -4.7654e-44 -2.44782e-53 -5.45224e-46 -2.54716e-55 -3.74546e-48   -1.432e-57  -9.7888e-51
  0.00203672  7.95273e-17   -0.0167914  -7.2703e-17    0.0385302 -4.08716e-17   -0.0284888  7.47999e-17  -0.00577518 -2.90053e-16   0.00832464   8.9477e-17   0.00478329  2.46112e-16 -0.000194836 -2.40438e-17  -0.00156001 -9.46103e-17  -0.00099168 -2.09894e-17 -0.000281112  8.84328e-18  5.09991e-05  8.04744e-18  0.000110521  6.17401e-18  7.50964e-05  2.80318e-18  3.48129e-05 -7.09519e-19  1.17667e-05  -1.8425e-18  2.39636e-06 -1.12199e-18 -2.90486e-07 -1.17762e-19 -6.17914e-07  3.29482e-19 -4.05421e-07   2.9058e-19  -1.9883e-07  1.18898e-19 -8.30527e-08  8.55993e-21 -3.10017e-08 -2.41879e-20 -1.05941e-08 -2.05782e-20  -3.3627e-09 -1.05881e-20 -1.00123e-09 -4.10181e-21 -2.81692e-10  -1.2778e-21 -7.53214e-11 -3.33681e-22 -1.92312e-11 -7.92844e-23 -4.70642e-12 -2.09765e-23 -1.10717e-12 -7.50334e-24 -2.50833e-13 -3.19278e-24 -5.47659e-14 -1.30517e-24 -1.15188e-14 -4.72261e-25 -2.33036e-15  -1.4983e-25 -4.52414e-16 -4.20725e-26 -8.40327e-17 -1.05696e-26 -1.48837e-17 -2.39554e-27   -2.505e-18 -4.92834e-28 -3.99234e-19 -9.24652e-29 -6.00462e-20 -1.58753e-29 -8.49451e-21 -2.50013e-30 -1.12659e-21  -3.6174e-31 -1.39622e-22 -4.81274e-32 -1.61158e-23 -5.88756e-33 -1.72642e-24 -6.61679e-34 -1.71007e-25 -6.82206e-35 -1.55981e-26   -6.441e-36 -1.30415e-27  -5.5555e-37 -9.94267e-29 -4.36343e-38 -6.86989e-30 -3.10787e-39   -4.271e-31 -1.99714e-40 -2.36832e-32 -1.15067e-41 -1.15871e-33  -5.8983e-43   -4.933e-35 -2.66376e-44 -1.79413e-36 -1.04676e-45 -5.43212e-38 -3.52189e-47 -1.31613e-39 -9.92932e-49 -2.38039e-41 -2.27594e-50 -2.73182e-43 -4.05409e-52 -7.72522e-46 -5.20994e-54   2.9254e-47 -4.17598e-56   3.8371e-49 -1.34827e-58
-2.03946e-17   0.00449299  1.46877e-16    -0.025208 -4.08716e-17    0.0474337  7.11409e-17   -0.0253576 -8.90956e-17   -0.0134192 -3.70588e-16   0.00640226  1.33599e-16   0.00718136  2.66401e-16   0.00173119 -1.66715e-19  -0.00120087 -8.49364e-17  -0.00137233 -3.55166e-17 -0.000677131 -2.61326e-18 -0.000149076  9.31771e-18  5.72175e-05  1.04956e-17  8.25825e-05  4.17712e-18  5.36109e-05 -1.44324e-18  2.54016e-05 -2.65504e-18  9.49218e-06 -1.30448e-18  2.71938e-06  6.70449e-20  4.60804e-07  5.28726e-19 -8.00517e-08  3.86315e-19 -1.20851e-07  1.39066e-19 -7.17769e-08  1.30364e-21 -3.27405e-08 -3.39685e-20 -1.28755e-08 -2.66535e-20 -4.55925e-09 -1.35536e-20 -1.48548e-09 -5.41131e-21 -4.50933e-10 -1.82981e-21 -1.28542e-10 -5.55661e-22 -3.45858e-11 -1.62214e-22 -8.81288e-12 -4.89768e-23 -2.13108e-12  -1.5853e-23 -4.89565e-13 -5.33426e-24 -1.06877e-13 -1.75525e-24 -2.21652e-14 -5.39784e-25 -4.36329e-15 -1.51984e-25 -8.14254e-16 -3.89645e-26 -1.43818e-16 -9.09896e-27 -2.39969e-17 -1.93911e-27 -3.77446e-18 -3.77969e-28 -5.58321e-19 -6.75229e-29 -7.74654e-20 -1.10741e-29 -1.00526e-20 -1.66938e-30  -1.2162e-21 -2.31502e-31 -1.36687e-22 -2.95395e-32 -1.42121e-23 -3.46622e-33  -1.3605e-24 -3.73548e-34 -1.19212e-25 -3.69059e-35 -9.49237e-27 -3.33545e-36  -6.8035e-28 -2.74986e-37 -4.33162e-29 -2.06053e-38 -2.40088e-30 -1.39685e-39 -1.11834e-31 -8.51842e-41 -4.05045e-33 -4.64081e-42 -8.63815e-35 -2.23917e-43  1.54849e-36 -9.46376e-45  2.74853e-37 -3.45444e-46  1.64535e-38 -1.06896e-47  6.66932e-40 -2.73403e-49  1.99206e-41 -5.57227e-51   4.3649e-43 -8.54839e-53  6.63826e-45 -8.92293e-55  6.12009e-47 -5.03247e-57  2.22217e-49
 2.09151e-05 -6.45398e-17   0.00496933  1.61125e-16   -0.0284888  7.11409e-17    0.0491288   2.3812e-16   -0.0181885 -2.54388e-16   -0.0189764 -4.33186e-16   0.00236585  1.36578e-16   0.00817613   2.6558e-16   0.00390252  3.29778e-17 -0.000156932 -6.82592e-17  -0.00137165 -4.81727e-17  -0.00101828 -1.23914e-17 -0.000426815  1.07225e-17 -7.68687e-05  1.34181e-17  4.33514e-05  4.34725e-18  5.34915e-05 -2.48129e-18  3.41235e-05 -3.21299e-18  1.65996e-05 -1.18547e-18  6.70048e-06  3.92558e-19  2.29476e-06  7.48497e-19  6.56892e-07  4.67402e-19  1.44614e-07  1.49168e-19  1.52325e-08 -7.50458e-21 -6.56378e-09 -4.22164e-20 -5.60755e-09 -3.13683e-20 -2.68992e-09 -1.58993e-20 -1.03851e-09 -6.52828e-21 -3.51039e-10 -2.33696e-21 -1.07443e-10 -7.67084e-22 -3.02796e-11 -2.40625e-22 -7.93078e-12 -7.43245e-23 -1.94096e-12 -2.28479e-23 -4.45238e-13 -6.91599e-24 -9.58783e-14 -2.01553e-24 -1.93914e-14 -5.53658e-25 -3.68217e-15  -1.4144e-25 -6.55747e-16 -3.33849e-26 -1.09334e-16 -7.26137e-27  -1.7026e-17 -1.45401e-27 -2.46833e-18 -2.68007e-28 -3.31725e-19 -4.54834e-29 -4.10901e-20 -7.10884e-30 -4.65329e-21 -1.02349e-30 -4.75917e-22 -1.35751e-31 -4.30692e-23 -1.65809e-32 -3.31327e-24 -1.86293e-33 -1.95389e-25 -1.92194e-34 -5.20135e-27 -1.81671e-35  6.79768e-28 -1.56928e-36  1.43109e-28 -1.23473e-37  1.67999e-29 -8.81255e-39  1.52657e-30  -5.6761e-40  1.15497e-31 -3.27852e-41  7.45159e-33 -1.68506e-42  4.12606e-34 -7.63187e-44  1.95559e-35 -3.00826e-45  7.86129e-37  -1.0154e-46  2.63886e-38 -2.87219e-48  7.22445e-40 -6.60573e-50  1.55673e-41 -1.18081e-51  2.49507e-43 -1.52305e-53  2.68891e-45 -1.22547e-55  1.54667e-47 -3.97217e-58
-2.12592e-17   0.00146337 -1.29995e-16   0.00131962  7.47999e-17   -0.0253576   2.3812e-16    0.0454775  3.99018e-16   -0.0103613 -3.54412e-16   -0.0215624   -4.634e-16  -0.00239301  1.02792e-16   0.00756702  2.47677e-16   0.00567081  6.34258e-17   0.00131869 -5.15809e-17 -0.000900956 -5.51023e-17  -0.00114562  -1.6757e-17 -0.000685302  1.23553e-17 -0.000261341   1.4038e-17 -4.52829e-05  3.01858e-18   2.3766e-05 -3.63394e-18  2.93678e-05 -3.32152e-18  1.88868e-05 -7.19362e-19  9.42791e-06  8.32513e-19  4.00546e-06  9.66578e-19  1.50263e-06  5.29997e-19  5.06554e-07  1.53103e-19  1.54685e-07 -1.41251e-20  4.28487e-08 -4.69613e-20  1.07117e-08 -3.38361e-20  2.38081e-09 -1.71886e-20  4.54067e-10 -7.21363e-21  6.73085e-11  -2.6736e-21  4.62757e-12 -9.10484e-22 -1.51481e-12 -2.92297e-22  -8.4837e-13 -8.98017e-23 -2.68027e-13  -2.6541e-23 -6.64927e-14 -7.51896e-24 -1.38393e-14 -2.02326e-24 -2.42951e-15 -5.12101e-25 -3.43924e-16 -1.21036e-25 -3.22038e-17 -2.65959e-26  8.70001e-19 -5.41893e-27  1.34694e-18 -1.02211e-27  4.12122e-19 -1.78278e-28  9.16054e-20 -2.87313e-29  1.70422e-20  -4.2756e-30  2.77975e-21 -5.87225e-31  4.05678e-22 -7.43957e-32  5.35017e-23 -8.68595e-33  6.40714e-24 -9.33069e-34  6.98067e-25 -9.20198e-35  6.91908e-26 -8.30966e-36  6.22974e-27 -6.84998e-37  5.08128e-28 -5.13534e-38  3.73989e-29 -3.48491e-39  2.47109e-30 -2.12841e-40  1.45619e-31 -1.16173e-41  7.59048e-33 -5.61775e-43  3.46363e-34  -2.3804e-44  1.36541e-35 -8.71375e-46  4.57098e-37  -2.7047e-47  1.26998e-38 -6.93987e-49  2.83609e-40 -1.41912e-50  4.85469e-42 -2.18458e-52  5.89468e-44 -2.28851e-54  4.36925e-46  -1.2955e-56  1.26788e-48
-0.000469611 -3.47859e-17   0.00443097 -2.07086e-16  -0.00577518 -8.90956e-17   -0.0181885  3.99018e-16     0.039901  5.01903e-16  -0.00395757 -3.71774e-16   -0.0217302  -4.5667e-16  -0.00676567  5.47547e-17   0.00570619  2.19021e-16   0.00664265  8.09335e-17   0.00286186 -3.86479e-17 -3.60304e-05 -5.36023e-17 -0.000970935 -1.42834e-17 -0.000821766  1.39439e-17 -0.000436031  1.22933e-17 -0.000161657  6.17034e-19 -3.33186e-05  -4.4958e-18  7.52631e-06  -2.8428e-18  1.27132e-05  6.70954e-20  8.60894e-06  1.34343e-18  4.42768e-06   1.1703e-18   1.9417e-06  5.79449e-19  7.59395e-07   1.5792e-19  2.71112e-07 -1.47221e-20  8.96297e-08 -4.66687e-20  2.77137e-08 -3.34272e-20  8.07527e-09 -1.70926e-20  2.23102e-09  -7.2818e-21  5.87447e-10 -2.74756e-21  1.48057e-10 -9.48169e-22  3.58397e-11 -3.04743e-22  8.35223e-12 -9.21344e-23    1.876e-12 -2.63146e-23  4.06049e-13  -7.0971e-24  8.45726e-14 -1.80116e-24  1.69096e-14 -4.28293e-25  3.23538e-15 -9.50881e-26  5.90305e-16 -1.96632e-26   1.0233e-16 -3.78058e-27  1.67931e-17 -6.74851e-28  2.59991e-18 -1.11695e-28  3.78477e-19 -1.71197e-29   5.1639e-20 -2.42722e-30   6.5827e-21 -3.18026e-31  7.81508e-22 -3.84707e-32  8.61257e-23 -4.29048e-33  8.77968e-24 -4.40261e-34  8.24727e-25 -4.14588e-35  7.10855e-26 -3.57201e-36    5.595e-27 -2.80585e-37  3.99907e-28 -2.00084e-38  2.57893e-29 -1.28846e-39  1.48898e-30 -7.44476e-41   7.6252e-32 -3.82944e-42  3.42383e-33  -1.7365e-43  1.32841e-34 -6.85566e-45  4.36955e-36 -2.31844e-46  1.18742e-37 -6.57172e-48  2.56897e-39 -1.51473e-49  4.17818e-41 -2.71374e-51  4.61796e-43 -3.50837e-53  2.76599e-45 -2.82955e-55  2.95038e-48 -9.19323e-58
 4.36941e-17 -0.000809362 -2.12908e-17   0.00739432 -2.90053e-16   -0.0134192 -2.54388e-16   -0.0103613  5.01903e-16    0.0348145  5.31206e-16  0.000580394 -3.30211e-16   -0.0204669  -4.1808e-16   -0.0102341  1.43174e-17   0.00312254  1.84198e-16   0.00671706  8.15949e-17   0.00415093 -2.90223e-17    0.0010432 -4.29759e-17 -0.000499399 -5.98447e-18 -0.000767772  1.51182e-17 -0.000535783  9.04441e-18 -0.000267578 -1.82641e-18 -0.000101721   -4.547e-18 -2.69843e-05 -1.69636e-18 -1.83033e-06  1.11796e-18  3.39237e-06  1.89273e-18  2.85569e-06  1.36247e-18  1.57086e-06  6.27571e-19  7.11294e-07  1.71141e-19  2.83741e-07 -6.45308e-21  1.02804e-07 -4.05626e-20  3.44046e-08 -2.99194e-20  1.07466e-08 -1.55057e-20  3.15466e-09 -6.67681e-21  8.74368e-10 -2.53718e-21  2.29536e-10 -8.75722e-22  5.71848e-11 -2.78795e-22  1.35344e-11 -8.25754e-23  3.04414e-12  -2.2857e-23  6.50455e-13 -5.92067e-24  1.31931e-13 -1.43404e-24  2.53702e-14 -3.24279e-25  4.61823e-15 -6.83675e-26  7.94362e-16 -1.34244e-26  1.28847e-16 -2.45264e-27  1.96642e-17 -4.16494e-28  2.81698e-18 -6.56573e-29  3.77804e-19 -9.59541e-30  4.73033e-20 -1.29829e-30  5.51198e-21 -1.62438e-31  5.95674e-22 -1.87692e-32  5.94692e-23 -1.99935e-33  5.46011e-24  -1.9588e-34  4.58603e-25 -1.75985e-35  3.50134e-26 -1.44498e-36  2.41085e-27 -1.07998e-37  1.48195e-28 -7.31195e-39  8.02134e-30 -4.45822e-40  3.74675e-31 -2.43045e-41  1.46103e-32 -1.17432e-42  4.45066e-34 -4.97354e-44  8.69939e-36  -1.8203e-45 -1.65842e-38 -5.65028e-47 -9.60057e-39 -1.44993e-48 -4.39166e-40 -2.96513e-50 -1.18972e-41 -4.56443e-52 -2.07334e-43 -4.78105e-54 -2.11308e-45 -2.70588e-56 -8.31806e-48
-0.000176189  9.69945e-17 -0.000160832   2.6493e-17   0.00832464 -3.70588e-16   -0.0189764 -3.54412e-16  -0.00395757  5.31206e-16    0.0310206  5.00903e-16   0.00365848 -2.64473e-16     -0.01855 -3.57549e-16   -0.0127193 -9.73284e-18  0.000273439  1.44518e-16   0.00598832  6.78486e-17   0.00497656 -2.00851e-17   0.00212646 -2.50245e-17  0.000186172  5.49382e-18 -0.000509306  1.58037e-17 -0.000514661   5.8115e-18 -0.000323316 -3.04926e-18 -0.000157621   -3.314e-18 -6.28577e-05  1.48385e-19 -2.03554e-05  2.38643e-18 -4.86202e-06  2.47236e-18 -4.21575e-07  1.55813e-18  3.90263e-07  6.87363e-19  3.20879e-07  1.98122e-19  1.64199e-07  1.16938e-20  6.86583e-08 -2.88876e-20  2.52334e-08 -2.36336e-20  8.40699e-09 -1.26234e-20  2.58027e-09 -5.50375e-21  7.36355e-10 -2.09717e-21  1.96503e-10 -7.19711e-22  4.92056e-11 -2.25941e-22  1.15853e-11 -6.54707e-23   2.5673e-12 -1.76029e-23  5.35583e-13 -4.40243e-24  1.05147e-13 -1.02492e-24  1.94088e-14 -2.22114e-25  3.36407e-15 -4.48003e-26  5.46549e-16 -8.40869e-27  8.30497e-17 -1.46809e-27  1.17712e-17 -2.38255e-28  1.55112e-18 -3.59019e-29  1.89247e-19 -5.01624e-30   2.1267e-20 -6.48949e-31  2.18612e-21 -7.76287e-32  2.03575e-22 -8.57329e-33  1.69227e-23 -8.72384e-34  1.22462e-24 -8.15736e-35  7.32692e-26 -6.98662e-36  3.12363e-27 -5.46028e-37  2.35651e-29 -3.87655e-38 -1.23464e-29 -2.48665e-39 -1.59327e-30 -1.43177e-40 -1.32405e-31 -7.34092e-42 -8.59071e-33 -3.31864e-43 -4.56436e-34 -1.30636e-44 -2.00778e-35 -4.40535e-46 -7.27039e-37 -1.24517e-47 -2.12842e-38 -2.86144e-49 -4.87823e-40  -5.1097e-51 -8.29165e-42 -6.58219e-53 -9.46541e-44 -5.28768e-55 -5.76937e-46 -1.71051e-57
-9.48586e-18 -0.000698992  1.53875e-16   0.00191917   8.9477e-17   0.00640226 -4.33186e-16   -0.0215624 -3.71774e-16  0.000580394  5.00903e-16    0.0283777  4.34088e-16   0.00580611 -1.98887e-16   -0.0164168 -2.86818e-16   -0.0143403 -2.21518e-17  -0.00252992  9.95471e-17   0.00463704  4.55185e-17   0.00524461 -1.00345e-17   0.00302597 -3.77038e-18  0.000957858  1.70915e-17 -8.64035e-05   1.6408e-17 -0.000360774  4.25569e-18 -0.000302541 -2.00235e-18 -0.000178986 -5.22075e-19 -8.65541e-05  2.66498e-18 -3.59495e-05  3.83987e-18 -1.30743e-05  3.08918e-18 -4.17435e-06  1.77303e-18 -1.15254e-06  7.66778e-19 -2.61431e-07  2.39912e-19 -4.02538e-08  3.83579e-20  1.26073e-09  -1.3038e-20  4.23107e-09  -1.5457e-20   2.1889e-09 -8.92274e-21  8.24885e-10 -3.99691e-21  2.62765e-10 -1.53354e-21   7.4263e-11 -5.23605e-22  1.90205e-11 -1.62121e-22  4.46103e-12 -4.60128e-23  9.62824e-13 -1.20478e-23  1.91516e-13 -2.92065e-24  3.50658e-14 -6.56714e-25  5.88623e-15 -1.37096e-25  8.98827e-16 -2.65891e-26  1.23087e-16 -4.79276e-27  1.47001e-17 -8.02946e-28   1.4338e-18 -1.24968e-28  9.03394e-20 -1.80503e-29  -3.0254e-21 -2.41629e-30 -2.22656e-21 -2.99335e-31  -4.6873e-22 -3.42659e-32 -7.26695e-23 -3.61836e-33 -9.40701e-24 -3.51659e-34 -1.05939e-24 -3.13635e-35 -1.05559e-25 -2.55791e-36 -9.37091e-27 -1.89972e-37 -7.42471e-28 -1.27842e-38 -5.24233e-29 -7.74867e-40 -3.28512e-30 -4.19935e-41 -1.81541e-31 -2.01681e-42 -8.76842e-33 -8.48881e-44 -3.65759e-34   -3.087e-45 -1.29675e-35 -9.51831e-47 -3.82363e-37 -2.42529e-48 -9.09435e-39 -4.92204e-50 -1.66687e-40 -7.51405e-52 -2.18401e-42 -7.79945e-54 -1.76664e-44 -4.37061e-56 -5.68914e-47
 2.70782e-05 -1.94719e-17  -0.00127745  2.06336e-16   0.00478329  1.33599e-16   0.00236585   -4.634e-16   -0.0217302 -3.30211e-16   0.00365848  4.34088e-16     0.026517  3.51104e-16   0.00739868 -1.42894e-16   -0.0142665 -2.18093e-16   -0.0152612 -3.38084e-17  -0.00510371  4.97028e-17   0.00285975  2.03471e-17   0.00495014  3.10188e-19   0.00360309  1.57497e-17   0.00167561  2.64198e-17  0.000420933  1.76778e-17 -9.91324e-05  5.62243e-18 -0.000201706  1.81421e-18  -0.00015432  3.80522e-18 -8.80815e-05  5.74243e-18 -4.23032e-05  5.43241e-18 -1.79096e-05   3.7402e-18  -6.8458e-06  2.00987e-18  -2.3973e-06  8.63735e-19 -7.76851e-07  2.92135e-19 -2.34766e-07  6.97699e-20 -6.66112e-08  4.59936e-21 -1.78626e-08 -6.68088e-21 -4.55916e-09 -5.03644e-21 -1.11612e-09 -2.44129e-21 -2.64206e-10 -9.63294e-22 -6.09339e-11  -3.3067e-22 -1.37676e-11 -1.01615e-22 -3.05357e-12 -2.83809e-23 -6.63395e-13 -7.26766e-24 -1.40375e-13 -1.71493e-24 -2.87098e-14  -3.7398e-25 -5.62995e-15 -7.55095e-26 -1.05082e-15 -1.41343e-26 -1.85535e-16 -2.45498e-27 -3.08333e-17 -3.95809e-28 -4.80346e-18 -5.92185e-29 -6.99123e-19 -8.21396e-30 -9.47799e-20 -1.05481e-30 -1.19349e-20 -1.25219e-31   -1.392e-21 -1.37196e-32 -1.49929e-22  -1.3847e-33 -1.48647e-23 -1.28419e-34 -1.35166e-24 -1.09088e-35 -1.12258e-25 -8.45523e-37 -8.47452e-27 -5.95225e-38 -5.78239e-28 -3.78481e-39 -3.54225e-29 -2.15928e-40 -1.93253e-30 -1.09634e-41 -9.29753e-32  -4.9046e-43 -3.89662e-33 -1.90906e-44 -1.40065e-34 -6.36045e-46 -4.23112e-36  -1.7745e-47 -1.04489e-37 -4.02049e-49 -2.02777e-39 -7.06868e-51 -2.90939e-41 -8.95088e-53 -2.77372e-43 -7.05566e-55 -1.38277e-45 -2.23517e-57
-1.96802e-17 -0.000156078 -2.83167e-17  -0.00125505  2.46112e-16   0.00718136  1.36578e-16  -0.00239301  -4.5667e-16   -0.0204669 -2.64473e-16   0.00580611  3.51104e-16    0.0251539  2.68824e-16   0.00865472 -9.62792e-17   -0.0121761 -1.61813e-16   -0.0156283 -5.31979e-17  -0.00734958 -2.39311e-18   0.00083671  -4.2637e-18   0.00414818  7.82245e-18   0.00377655   2.9175e-17   0.00221365  3.23564e-17  0.000913334  2.03533e-17  0.000215984  1.03678e-17 -4.13767e-05  8.21881e-18 -8.71538e-05  9.31863e-18 -6.51994e-05  9.15572e-18 -3.65497e-05  7.07008e-18 -1.73748e-05  4.39013e-18 -7.34214e-06  2.24977e-18 -2.82558e-06  9.64688e-19 -1.00498e-06  3.45561e-19 -3.33625e-07  1.00472e-19 -1.04112e-07  2.11607e-20 -3.07017e-08  1.32198e-21 -8.58903e-09 -1.57351e-21 -2.28589e-09 -1.08558e-21 -5.79808e-10  -4.7867e-22 -1.40289e-10 -1.71527e-22 -3.23833e-11 -5.34128e-23 -7.12715e-12  -1.4875e-23 -1.49381e-12 -3.75991e-24 -2.97685e-13 -8.69663e-25  -5.6292e-14 -1.84955e-25 -1.00791e-14 -3.62799e-26 -1.70482e-15 -6.57807e-27 -2.71748e-16 -1.10412e-27 -4.07194e-17 -1.71694e-28 -5.72095e-18 -2.47326e-29 -7.51628e-19 -3.29741e-30 -9.20834e-20 -4.06318e-31  -1.0488e-20 -4.62034e-32 -1.10691e-21 -4.84005e-33 -1.07863e-22 -4.66097e-34 -9.66528e-24 -4.11495e-35 -7.92751e-25   -3.319e-36 -5.92018e-26 -2.43538e-37 -4.00046e-27 -1.61745e-38 -2.42802e-28 -9.66317e-40 -1.31182e-29 -5.15432e-41 -6.23986e-31 -2.43224e-42 -2.57662e-32 -1.00392e-43 -9.06776e-34 -3.57249e-45  -2.6518e-35 -1.07535e-46 -6.20997e-37 -2.66758e-48  -1.0967e-38 -5.25349e-50 -1.29989e-40 -7.75216e-52 -7.30321e-43 -7.74172e-54  2.54412e-45 -4.15096e-56  3.82784e-47
 5.81266e-05 -4.48865e-17  -0.00065232   -3.236e-17 -0.000194836  2.66401e-16   0.00817613  1.02792e-16  -0.00676567  -4.1808e-16     -0.01855 -1.98887e-16   0.00739868  2.68824e-16    0.0241229  2.02142e-16   0.00969874 -5.56535e-17   -0.0101676 -1.23643e-16   -0.0155558 -8.19122e-17   -0.0092191 -5.26271e-17  -0.00127696  -2.7695e-17   0.00293142  8.90585e-18   0.00352147  3.42158e-17    0.0024791  3.50703e-17   0.00129395  2.48351e-17  0.000515739  1.80741e-17   0.00014018  1.64191e-17  5.17044e-06   1.5391e-17 -2.42818e-05   1.2564e-17 -2.04439e-05  8.59731e-18 -1.16917e-05  4.96634e-18 -5.53935e-06  2.45416e-18 -2.31321e-06  1.04798e-18  -8.7602e-07  3.88583e-19 -3.05646e-07  1.24745e-19 -9.92111e-08  3.40519e-20 -3.01508e-08  7.45863e-21 -8.61538e-09  1.03891e-21  -2.3211e-09 -8.24621e-23 -5.90614e-10 -1.28425e-22 -1.42068e-10 -5.96671e-23  -3.2314e-11 -2.05888e-23 -6.94831e-12 -5.99414e-24 -1.41149e-12 -1.53885e-24 -2.70616e-13 -3.55452e-25 -4.89045e-14 -7.46653e-26 -8.31754e-15 -1.43545e-26   -1.329e-15 -2.53649e-27 -1.99098e-16  -4.1313e-28 -2.79027e-17 -6.21203e-29 -3.64898e-18 -8.62598e-30 -4.44022e-19 -1.10531e-30 -5.01119e-20 -1.30518e-31 -5.22586e-21 -1.41796e-32 -5.01363e-22 -1.41471e-33 -4.40199e-23  -1.2932e-34 -3.51443e-24 -1.07976e-35 -2.53058e-25 -8.20282e-37 -1.62569e-26 -5.64266e-38 -9.17549e-28 -3.49412e-39 -4.44223e-29  -1.9337e-40 -1.76647e-30 -9.47968e-42 -5.20567e-32 -4.07213e-43 -7.13952e-34   -1.512e-44  3.17284e-35 -4.76784e-46  2.89201e-36 -1.24682e-47  1.26189e-37 -2.61515e-49  3.70815e-39 -4.18656e-51  7.54484e-41 -4.71827e-53   9.9312e-43 -3.20339e-55  6.82568e-45 -8.30848e-58
 3.11695e-18  8.20183e-05 -7.22413e-17  -0.00126358 -2.40438e-17   0.00173119   2.6558e-16   0.00756702  5.47547e-17   -0.0102341 -3.57549e-16   -0.0164168 -1.42894e-16   0.00865472  2.02142e-16    0.0233335  1.62025e-16    0.0106075 -1.83497e-17  -0.00823829  -1.0295e-16   -0.0151259 -1.15323e-16   -0.0106895 -9.72208e-17  -0.00334923 -5.10346e-17   0.00141623  1.54337e-18   0.00286474  3.11867e-17   0.00242397  3.56323e-17    0.0014881  3.10184e-17  0.000734407  2.76254e-17  0.000298646  2.52261e-17  9.76253e-05  2.12326e-17  2.23249e-05  1.55553e-17  5.56574e-07  9.81909e-18 -3.06109e-06  5.37548e-18 -2.25933e-06  2.57675e-18 -1.14844e-06  1.09098e-18 -4.86303e-07  4.10853e-19 -1.81938e-07  1.38267e-19 -6.17468e-08  4.16352e-20   -1.928e-08  1.11701e-20 -5.58471e-09  2.63341e-21 -1.50838e-09  5.27549e-22 -3.81062e-10  8.18055e-23 -9.02077e-11  6.14086e-24 -2.00279e-11 -1.76202e-24 -4.17097e-12 -1.04835e-24 -8.14444e-13 -3.41859e-25 -1.48969e-13 -8.80115e-26 -2.54867e-14 -1.94347e-26 -4.07072e-15   -3.803e-27 -6.05443e-16 -6.70386e-28 -8.35832e-17 -1.07453e-28 -1.06659e-17 -1.57404e-29 -1.25116e-18 -2.11157e-30 -1.33891e-19 -2.59384e-31  -1.2925e-20 -2.91399e-32 -1.10527e-21 -2.98849e-33 -8.09416e-23 -2.79143e-34 -4.68696e-24 -2.36713e-35 -1.56683e-25 -1.81426e-36  6.96151e-27 -1.24922e-37  1.87761e-27 -7.66559e-39  2.11186e-28 -4.14639e-40  1.75342e-29 -1.94685e-41  1.18353e-30 -7.75568e-43  6.68074e-32 -2.52507e-44  3.17145e-33 -6.23401e-46  1.25819e-34  -9.2849e-48  4.10631e-36  3.99478e-50  1.07359e-37  6.94816e-51  2.15456e-39  2.08697e-52  3.08634e-41  3.33364e-54  2.73115e-43  2.58492e-56  9.64866e-46
  3.0847e-05  2.71225e-18 -6.93693e-05 -9.08375e-17  -0.00156001 -1.66715e-19   0.00390252  2.47677e-16   0.00570619  1.43174e-17   -0.0127193 -2.86818e-16   -0.0142665 -9.62792e-17   0.00969874  1.62025e-16    0.0227348  1.52008e-16    0.0114336  1.65946e-17  -0.00637303   -9.407e-17   -0.0143944 -1.46419e-16    -0.011748 -1.34082e-16  -0.00526508 -7.53279e-17 -0.000265302 -1.35262e-17   0.00187918  2.25998e-17   0.00205092  3.54593e-17   0.00145797  3.83181e-17  0.000825685  3.75313e-17  0.000396705  3.33343e-17  0.000166021  2.60506e-17  6.11015e-05  1.77319e-17  1.97053e-05  1.05515e-17  5.44625e-06  5.53396e-18  1.20457e-06  2.58024e-18   1.5953e-07   1.0781e-18 -2.45706e-08  4.06612e-19  -2.8697e-08  1.39309e-19 -1.37479e-08   4.3576e-20 -5.05499e-09  1.24882e-20 -1.59016e-09  3.28545e-21  -4.4488e-10  7.94144e-22 -1.12637e-10  1.76352e-22 -2.60205e-11  3.59362e-23 -5.50135e-12   6.7016e-24 -1.06371e-12  1.13864e-24 -1.87245e-13  1.75189e-25 -2.97143e-14  2.42271e-26 -4.16883e-15  2.98447e-27 -4.95523e-16  3.23834e-28 -4.42039e-17   3.0524e-29 -1.32236e-18   2.4824e-30  5.59684e-19  1.87015e-31  1.70511e-19  1.84771e-32  3.25772e-20  3.13997e-33  5.01604e-21  6.14555e-34   6.6455e-22  1.05257e-34  7.77117e-23  1.51579e-35  8.11167e-24  1.85773e-36   7.5925e-25  1.96597e-37  6.37752e-26  1.81357e-38  4.79886e-27  1.46511e-39  3.22228e-28  1.03729e-40  1.91953e-29  6.41847e-42  1.00639e-30  3.44938e-43  4.59514e-32  1.59394e-44  1.80205e-33  6.24271e-46  5.95819e-35  2.03086e-47  1.61906e-36  5.33105e-49  3.48505e-38  1.08056e-50  5.61084e-40  1.57144e-52  6.10472e-42  1.41842e-54  3.56221e-44  5.13434e-57
 6.59963e-18  9.22348e-05 -5.65339e-19 -0.000468829 -9.46103e-17  -0.00120087  3.29778e-17   0.00567081  2.19021e-16   0.00312254 -9.73284e-18   -0.0143403 -2.18093e-16   -0.0121761 -5.56535e-17    0.0106075  1.52008e-16    0.0222968  1.67394e-16    0.0122174  4.91671e-17  -0.00454933 -8.95174e-17   -0.0133942 -1.69603e-16   -0.0123825 -1.62791e-16  -0.00692035 -1.00111e-16  -0.00197039 -3.28969e-17  0.000676231   1.2138e-17   0.00141287  3.58028e-17   0.00120996  4.58266e-17  0.000773676  4.62825e-17  0.000414414  3.95973e-17  0.000194684  2.92151e-17  8.21799e-05   1.8807e-17  3.16417e-05  1.06775e-17  1.12296e-05  5.39775e-18  3.70362e-06  2.45008e-18  1.14316e-06  1.00607e-18  3.32467e-07  3.76297e-19  9.17467e-08  1.28991e-19  2.42025e-08  4.07368e-20  6.14993e-09  1.19032e-20   1.5159e-09  3.22923e-21  3.64356e-10  8.15805e-22  8.55802e-11  1.92437e-22  1.96152e-11  4.24837e-23   4.3671e-12  8.79582e-24  9.38319e-13  1.71119e-24  1.93192e-13  3.13483e-25  3.78635e-14  5.42029e-26   7.0236e-15  8.86388e-27   1.2273e-15  1.37256e-27  2.01238e-16  2.01218e-28  3.08621e-17  2.78882e-29  4.41429e-18  3.64666e-30    5.873e-19  4.48842e-31  7.24908e-20  5.18655e-32  8.27834e-21  5.60803e-33  8.72078e-22  5.65025e-34  8.44667e-23  5.27845e-35  7.49389e-24   4.5473e-36  6.06378e-25  3.59123e-37  4.45248e-26  2.58335e-38  2.94914e-27  1.68065e-39  1.74959e-28  9.80851e-41  9.21678e-30  5.08619e-42  4.26605e-31  2.31604e-43    1.712e-32  9.12501e-45  5.85584e-34  3.05155e-46  1.66883e-35  8.44047e-48  3.83941e-37  1.86096e-49  6.80532e-39  3.08866e-51   8.6104e-41  3.48776e-53  6.70539e-43  2.12748e-55   2.0681e-45
 7.71361e-06  1.45793e-17   0.00011972 -8.49098e-18  -0.00099168 -8.49364e-17 -0.000156932  6.34258e-17   0.00664265  1.84198e-16  0.000273439 -2.21518e-17   -0.0152612 -1.61813e-16   -0.0101676 -1.83497e-17    0.0114336  1.67394e-16    0.0220029  1.98425e-16     0.012993  7.93868e-17  -0.00273895 -8.31348e-17   -0.0121394 -1.82381e-16   -0.0125769 -1.83522e-16  -0.00821794 -1.22891e-16  -0.00355088 -5.16071e-17 -0.000604454  3.46016e-18  0.000605204  3.74011e-17  0.000792948  5.25247e-17  0.000595744  5.26519e-17  0.000353747  4.32413e-17  0.000180599  3.03868e-17  8.22694e-05  1.86769e-17  3.41386e-05  1.01844e-17  1.30768e-05  4.97833e-18  4.66713e-06  2.19956e-18  1.56273e-06  8.84624e-19  4.93501e-07  3.25893e-19   1.4757e-07  1.10581e-19  4.19076e-08  3.47219e-20  1.13249e-08  1.01275e-20  2.91542e-09  2.75256e-21  7.15201e-10  6.98943e-22  1.67126e-10  1.66165e-22  3.71638e-11  3.70464e-23  7.85306e-12  7.75502e-24  1.57413e-12  1.52565e-24  2.98722e-13  2.82293e-25  5.35557e-14  4.91551e-26  9.05117e-15  8.05629e-27  1.43874e-15  1.24219e-27  2.14602e-16  1.79971e-28   2.9965e-17  2.44574e-29  3.90688e-18  3.11118e-30  4.74374e-19   3.6966e-31  5.34851e-20  4.09255e-32  5.58204e-21  4.20977e-33  5.37371e-22  4.00968e-34  4.75291e-23  3.52209e-35  3.84494e-24  2.83998e-36  2.83011e-25  2.09095e-37  1.88391e-26  1.39708e-38  1.12598e-27  8.41087e-40  5.99046e-29  4.52391e-41  2.80706e-30  2.15151e-42  1.14335e-31  8.93113e-44  3.98035e-33  3.18253e-45  1.15833e-34  9.52257e-47  2.73317e-36  2.32028e-48  5.00282e-38   4.3994e-50  6.62685e-40  6.02482e-52   5.6129e-42  5.15084e-54  2.29602e-44  1.77505e-56
 1.17765e-18   4.4893e-05  1.92661e-17  9.69692e-06 -2.09894e-17  -0.00137233 -6.82592e-17   0.00131869  8.09335e-17   0.00671706  1.44518e-16  -0.00252992 -3.38084e-17   -0.0156283 -1.23643e-16  -0.00823829  1.65946e-17    0.0122174  1.98425e-16     0.021847  2.35082e-16    0.0137928  1.07653e-16 -0.000908689 -7.17225e-17   -0.0106284 -1.84824e-16   -0.0123098 -1.95881e-16  -0.00906843 -1.39718e-16  -0.00486183 -6.47021e-17     -0.00181 -7.79856e-19 -0.000249435   4.0342e-17  0.000287241  5.74883e-17  0.000336495  5.58932e-17  0.000236193   4.3979e-17  0.000132867  2.95702e-17  6.47857e-05   1.7441e-17  2.83391e-05  9.16653e-18  1.13317e-05  4.33907e-18  4.19048e-06  1.86491e-18  1.44426e-06  7.32614e-19  4.66401e-07  2.64563e-19  1.41649e-07  8.82541e-20  4.05603e-08  2.73055e-20   1.0968e-08  7.86134e-21   2.8034e-09  2.11164e-21  6.77507e-10  5.30314e-22  1.54794e-10  1.24717e-22  3.34182e-11  2.74964e-23  6.81145e-12  5.68703e-24  1.30935e-12  1.10394e-24  2.37064e-13  2.01167e-25  4.03663e-14  3.44138e-26  6.45338e-15  5.52483e-27  9.66847e-16  8.31672e-28  1.35466e-16  1.17232e-28  1.77097e-17  1.54474e-29  2.15469e-18  1.89901e-30  2.43277e-19  2.17331e-31  2.54067e-20  2.30985e-32  2.44514e-21  2.27333e-33  2.15921e-22  2.06484e-34  1.74069e-23  1.72393e-35  1.27341e-24  1.31684e-36  8.39179e-26  9.15275e-38  4.93664e-27   5.7516e-39  2.56231e-28  3.24284e-40  1.15523e-29  1.62536e-41  4.42449e-31  7.15965e-43  1.38993e-32  2.73176e-44   3.3553e-34  8.85835e-46  5.25213e-36  2.37918e-47  1.13635e-38  5.10072e-49 -1.99087e-39  8.24311e-51 -5.73555e-41  9.07561e-53 -7.46006e-43  5.40484e-55 -3.44423e-45
-1.35734e-06  2.76705e-18   0.00010271   1.7283e-17 -0.000281112 -3.55166e-17  -0.00137165 -5.15809e-17   0.00286186  8.15949e-17   0.00598832  9.95471e-17  -0.00510371 -5.31979e-17   -0.0155558  -1.0295e-16  -0.00637303  4.91671e-17     0.012993  2.35082e-16    0.0218312  2.70384e-16    0.0146497  1.34366e-16  0.000978326 -5.48872e-17   -0.0088499 -1.77997e-16   -0.0115596 -1.98493e-16  -0.00939635 -1.46498e-16  -0.00577481 -6.86515e-17  -0.00279422  5.29472e-19  -0.00102268  4.41305e-17  -0.00021373  6.00576e-17  5.47392e-05  5.58178e-17  9.46799e-05  4.20082e-17  6.82194e-05   2.7081e-17  3.75672e-05  1.53656e-17  1.76685e-05  7.79652e-18  7.40415e-06  3.57538e-18  2.82384e-06  1.49352e-18  9.92226e-07  5.71849e-19  3.23684e-07   2.0174e-19  9.85252e-08  6.58602e-20  2.80755e-08  1.99666e-20  7.50575e-09  5.63718e-21  1.88499e-09  1.48548e-21  4.44995e-10  3.65981e-22  9.87634e-11   8.4405e-23  2.06022e-11  1.82361e-23  4.03676e-12  3.69258e-24  7.42236e-13  7.00881e-25  1.27908e-13  1.24701e-25  2.06264e-14  2.07924e-26   3.1067e-15  3.24714e-27  4.36066e-16   4.7449e-28  5.68876e-17  6.47854e-29  6.87539e-18  8.25093e-30  7.66814e-19  9.78248e-31  7.85386e-20  1.07734e-31  7.34124e-21  1.09926e-32   6.2106e-22  1.03608e-33  4.69947e-23  8.98866e-35  3.12313e-24  7.14815e-36   1.7651e-25  5.18506e-37  7.90445e-27  3.41077e-38  2.19976e-28  2.02064e-39 -3.30449e-30  1.06918e-40 -9.56172e-31  5.00154e-42 -7.69948e-32  2.04219e-43 -4.26669e-33  7.15921e-45 -1.81271e-34  2.10803e-46 -6.01291e-36  5.05654e-48 -1.53186e-37   9.4423e-50 -2.86227e-39  1.27406e-51 -3.56912e-41  1.07372e-53 -2.36847e-43  3.64934e-56
-1.50149e-18  1.14673e-05  4.72729e-18  0.000127028  8.84328e-18 -0.000677131 -4.81727e-17 -0.000900956 -3.86479e-17   0.00415093  6.78486e-17   0.00463704  4.97028e-17  -0.00734958 -8.19122e-17   -0.0151259   -9.407e-17  -0.00454933  7.93868e-17    0.0137928  2.70384e-16    0.0219655  3.00888e-16     0.015597    1.594e-16   0.00295904 -3.37882e-17  -0.00679102  -1.6266e-16   -0.0103143 -1.89533e-16  -0.00915228 -1.40447e-16  -0.00619528 -6.21955e-17  -0.00344026  6.92335e-18  -0.00160454  4.79098e-17 -0.000624651  5.99435e-17 -0.000192497  5.27533e-17 -3.70019e-05  3.79064e-17  4.74978e-06  2.34428e-17  9.48501e-06  1.28074e-17  6.14915e-06  6.27705e-18  2.99196e-06  2.78823e-18  1.23766e-06  1.13089e-18  4.55056e-07  4.21286e-19  1.51888e-07  1.44831e-19  4.65608e-08  4.61274e-20   1.3199e-08  1.36528e-20   3.4745e-09  3.76465e-21  8.51416e-10  9.68951e-22  1.94461e-10  2.33115e-22  4.14099e-11  5.24749e-23  8.21774e-12  1.10583e-23  1.51791e-12  2.18218e-24  2.60438e-13  4.03249e-25  4.13821e-14  6.97696e-26  6.06298e-15  1.12979e-26   8.1391e-16  1.71101e-27    9.915e-17  2.42079e-28  1.07879e-17  3.19509e-29  1.01775e-18  3.92697e-30  7.77552e-20  4.48537e-31  3.76629e-21  4.74996e-32 -1.11704e-22  4.65111e-33 -5.77993e-23  4.19773e-34 -9.15049e-24  3.47883e-35 -1.05847e-24  2.63561e-36 -1.00841e-25  1.81581e-37 -8.21617e-27  1.13053e-38 -5.80222e-28  6.31317e-40 -3.56144e-29   3.1332e-41 -1.89342e-30  1.36639e-42  -8.6455e-32  5.16097e-44 -3.34495e-33  1.65674e-45 -1.07506e-34  4.40534e-47 -2.78813e-36  9.35173e-49 -5.58213e-38  1.49669e-50 -8.01475e-40  1.63224e-52 -7.13756e-42  9.63078e-55 -2.54683e-44
-2.63791e-06 -2.20231e-18  4.78451e-05  6.57422e-18  5.09991e-05 -2.61326e-18  -0.00101828 -5.51023e-17 -3.60304e-05 -2.90223e-17   0.00497656  4.55185e-17   0.00285975 -2.39311e-18   -0.0092191 -1.15323e-16   -0.0143944 -8.95174e-17  -0.00273895  1.07653e-16    0.0146497  3.00888e-16    0.0222656  3.25348e-16    0.0166662  1.82047e-16   0.00506329 -9.72402e-18   -0.0044498  -1.3888e-16  -0.00858552 -1.67798e-16  -0.00832847 -1.21095e-16  -0.00608089 -4.64566e-17  -0.00368147  1.67427e-17  -0.00192456  5.07528e-17 -0.000886784  5.72525e-17 -0.000363943   4.7405e-17 -0.000133516  3.24605e-17 -4.36455e-05  1.92509e-17 -1.25504e-05  1.01265e-17 -3.07201e-06  4.79309e-18 -5.83212e-07   2.0611e-18 -5.37402e-08  8.10886e-19  1.87981e-08  2.93469e-19   1.3699e-08  9.81295e-20  5.44741e-09  3.04224e-20  1.69905e-09  8.76913e-21  4.49065e-10  2.35527e-21  1.02819e-10  5.90442e-22  2.03187e-11  1.38321e-22  3.35205e-12  3.03051e-23  4.11683e-13  6.21209e-24  1.71485e-14  1.19155e-24 -9.58956e-15  2.13848e-25 -4.00149e-15     3.59e-26 -1.04595e-15  5.63448e-27 -2.21085e-16  8.26075e-28 -4.04356e-17  1.12999e-28 -6.57726e-18  1.43995e-29 -9.64115e-19  1.70625e-30 -1.28209e-19  1.87596e-31  -1.5516e-20  1.90903e-32 -1.71053e-21  1.79288e-33 -1.71672e-22  1.54867e-34 -1.56556e-23  1.22542e-35 -1.29339e-24  8.83999e-37 -9.63985e-26  5.78081e-38 -6.44674e-27  3.40355e-39 -3.84196e-28  1.78936e-40 -2.02276e-29   8.3153e-42 -9.30525e-31  3.37238e-43 -3.68763e-32   1.1742e-44 -1.23558e-33  3.43385e-46 -3.41181e-35  8.18093e-48 -7.48335e-37  1.51741e-49 -1.23119e-38   2.0339e-51 -1.37311e-40  1.70295e-53 -8.24071e-43  5.75126e-56
-5.92354e-19 -1.31743e-06 -1.19046e-18  9.39854e-05  8.04744e-18 -0.000149076 -1.23914e-17  -0.00114562 -5.36023e-17    0.0010432 -2.00851e-17   0.00524461  2.03471e-17   0.00083671 -5.26271e-17   -0.0106895 -1.46419e-16   -0.0133942 -8.31348e-17 -0.000908689  1.34366e-16     0.015597  3.25348e-16    0.0227485  3.43278e-16    0.0178799  2.01555e-16   0.00730251  1.67362e-17  -0.00185084 -1.06521e-16  -0.00642523 -1.33719e-16  -0.00697344 -9.05357e-17  -0.00545496 -2.44065e-17  -0.00351466  2.77468e-17  -0.00196427  5.19255e-17 -0.000978547  5.24286e-17 -0.000441987  4.06649e-17 -0.000183175  2.64816e-17 -7.02967e-05  1.50458e-17 -2.51729e-05  7.61559e-18 -8.46844e-06  3.47899e-18 -2.69319e-06  1.44713e-18 -8.14446e-07  5.51685e-19 -2.35442e-07  1.93726e-19 -6.53471e-08  6.29118e-20 -1.74661e-08   1.8954e-20 -4.50153e-09  5.31115e-21 -1.11813e-09  1.38692e-21 -2.67098e-10   3.3801e-22 -6.11612e-11  7.69614e-23 -1.33729e-11  1.63816e-23 -2.78088e-12  3.26067e-24  -5.4787e-13  6.06932e-25 -1.01906e-13  1.05629e-25 -1.78396e-14  1.71816e-26 -2.93097e-15  2.61039e-27 -4.50765e-16  3.70082e-28 -6.47333e-17  4.88964e-29 -8.65921e-18  6.01078e-30 -1.07623e-18  6.86139e-31 -1.23948e-19  7.25653e-32 -1.31889e-20  7.09131e-33 -1.29235e-21  6.38338e-34 -1.16182e-22  5.27362e-35 -9.54174e-24  3.98118e-36  -7.1232e-25  2.73219e-37 -4.80545e-26  1.69402e-38 -2.90915e-27   9.4187e-40 -1.56711e-28   4.6534e-41 -7.43406e-30  2.01993e-42 -3.06542e-31  7.59344e-44  -1.0805e-32  2.42597e-45 -3.18395e-34  6.41996e-47 -7.60461e-36  1.35638e-48 -1.40614e-37  2.16065e-50 -1.86721e-39  2.34548e-52 -1.53793e-41  1.37769e-54 -5.06829e-44
