    0.220439 -7.00542e-17    0.0180318 -1.64248e-17  -0.00483929 -4.48594e-17    -0.002556 -1.99964e-17 -0.000474734 -8.12614e-18 -7.48329e-06 -2.48435e-18   1.5743e-05  -3.7928e-19  3.67038e-06  1.06646e-19  4.10374e-07  5.13633e-20  2.34149e-08  5.84373e-21   4.7273e-10
-7.00542e-17     0.229825 -2.16199e-16     0.087232 -1.61293e-16    0.0290788 -8.20664e-17   0.00905958 -2.82216e-17   0.00242117  -8.5736e-18  0.000501126 -1.98725e-18   7.5015e-05  4.68809e-20  7.66042e-06  1.83924e-19  4.87358e-07  3.89438e-20  1.55345e-08   2.0769e-21
   0.0180318 -2.16199e-16     0.177786 -3.51793e-16     0.104032 -2.16286e-16    0.0420411 -7.87513e-17    0.0127486 -2.19316e-17   0.00287848 -5.54319e-18  0.000473268  -6.2752e-19  5.48045e-05  3.28844e-19  4.20629e-06  1.33353e-19  1.87393e-07  1.49188e-20  3.16508e-09
-1.64248e-17     0.087232 -3.51793e-16     0.146327 -3.48573e-16    0.0875084 -1.60074e-16    0.0334514 -4.65434e-17   0.00895257 -1.14006e-17   0.00171177 -2.17914e-18  0.000232095  2.48554e-19  2.15469e-05  2.82196e-19   1.2596e-06  5.61262e-20  3.73233e-08  2.94824e-21
 -0.00483929 -1.61293e-16     0.104032 -3.48573e-16     0.109448 -2.27281e-16    0.0563836 -7.87301e-17    0.0185944 -1.93681e-17   0.00423304 -4.28006e-18  0.000679213 -2.40274e-19  7.58756e-05  3.87039e-19  5.60626e-06  1.34593e-19  2.40895e-07  1.45221e-20  3.93721e-09
-4.48594e-17    0.0290788 -2.16286e-16    0.0875084 -2.27281e-16       0.0666 -1.02877e-16     0.028115 -2.78778e-17   0.00776533 -6.26984e-18   0.00148507 -9.83059e-19  0.000198735  3.21696e-19  1.81228e-05  2.22122e-19  1.03974e-06  4.13042e-20   3.0261e-08  2.10987e-21
   -0.002556 -8.20664e-17    0.0420411 -1.60074e-16    0.0563836 -1.02877e-16    0.0321503 -3.36501e-17    0.0110228 -7.68353e-18   0.00253479 -1.58204e-18  0.000405658  8.09936e-20  4.49648e-05  2.58742e-19  3.29095e-06  7.93771e-20  1.40057e-07  8.21651e-21  2.26854e-09
-1.99964e-17   0.00905958 -7.87513e-17    0.0334514 -7.87301e-17     0.028115 -3.36501e-17     0.012362 -8.38739e-18    0.0034633  -1.8101e-18  0.000664054 -1.88388e-19  8.86586e-05  2.07805e-19  8.05104e-06  1.09452e-19  4.59757e-07  1.91434e-20   1.3321e-08  9.47055e-22
-0.000474734 -2.82216e-17    0.0127486 -4.65434e-17    0.0185944 -2.78778e-17    0.0110228 -8.38739e-18    0.0038378 -1.80333e-18  0.000887018 -3.44721e-19  0.000142053  9.81831e-20  1.57292e-05  1.10502e-19  1.14937e-06  3.08867e-20  4.88368e-08  3.07125e-21   7.8994e-10
-8.12614e-18   0.00242117 -2.19316e-17   0.00895257 -1.93681e-17   0.00776533 -7.68353e-18    0.0034633 -1.80333e-18  0.000975917 -3.86441e-19  0.000187538 -5.16469e-21  2.50583e-05   8.0485e-20  2.27626e-06  3.64343e-20  1.30022e-07    6.052e-21  3.76879e-09   2.8987e-22
-7.48329e-06  -8.5736e-18   0.00287848 -1.14006e-17   0.00423304 -6.26984e-18   0.00253479  -1.8101e-18  0.000887018 -3.86441e-19  0.000205566   -6.044e-20  3.29789e-05  3.92149e-20  3.65711e-06  3.21153e-20  2.67633e-07  8.35964e-21    1.139e-08  8.00085e-22  1.84559e-10
-2.48435e-18  0.000501126 -5.54319e-18   0.00171177 -4.28006e-18   0.00148507 -1.58204e-18  0.000664054 -3.44721e-19  0.000187538   -6.044e-20  3.61132e-05   1.1435e-20  4.83558e-06  2.16532e-20  4.40249e-07  8.59238e-21   2.5208e-08  1.35376e-21  7.32544e-10  6.26431e-23
  1.5743e-05 -1.98725e-18  0.000473268 -2.17914e-18  0.000679213 -9.83059e-19  0.000405658 -1.88388e-19  0.000142053 -5.16469e-21  3.29789e-05   1.1435e-20  5.30309e-06  1.32762e-20  5.89649e-07  6.98839e-21  4.32777e-08  1.63354e-21  1.84753e-09  1.48771e-22  3.00331e-11
 -3.7928e-19   7.5015e-05  -6.2752e-19  0.000232095 -2.40274e-19  0.000198735  8.09936e-20  8.86586e-05  9.81831e-20  2.50583e-05  3.92149e-20  4.83558e-06  1.32762e-20   6.4931e-07  5.34512e-21  5.93054e-08  1.54938e-21  3.40746e-09  2.20139e-22  9.93766e-11  9.67789e-24
 3.67038e-06  4.68809e-20  5.48045e-05  2.48554e-19  7.58756e-05  3.21696e-19  4.49648e-05  2.07805e-19  1.57292e-05   8.0485e-20  3.65711e-06  2.16532e-20  5.89649e-07  5.34512e-21  6.57796e-08   1.3544e-21  4.84555e-09  2.43872e-22  2.07652e-10   2.0049e-23  3.38885e-12
 1.06646e-19  7.66042e-06  3.28844e-19  2.15469e-05  3.87039e-19  1.81228e-05  2.58742e-19  8.05104e-06  1.10502e-19  2.27626e-06  3.21153e-20  4.40249e-07  6.98839e-21  5.93054e-08   1.3544e-21  5.43683e-09  2.37249e-22  3.13622e-10  2.69097e-23  9.18422e-12  1.06934e-24
 4.10374e-07  1.83924e-19  4.20629e-06  2.82196e-19  5.60626e-06  2.22122e-19  3.29095e-06  1.09452e-19  1.14937e-06  3.64343e-20  2.67633e-07  8.59238e-21  4.32777e-08  1.54938e-21  4.84555e-09  2.37249e-22  3.58376e-10  2.91397e-23  1.54226e-11  1.96794e-24  2.52776e-13
 5.13633e-20  4.87358e-07  1.33353e-19   1.2596e-06  1.34593e-19  1.03974e-06  7.93771e-20  4.59757e-07  3.08867e-20  1.30022e-07  8.35964e-21   2.5208e-08  1.63354e-21  3.40746e-09  2.43872e-22  3.13622e-10  2.91397e-23   1.8168e-11  2.44162e-24  5.34362e-13  8.17333e-26
 2.34149e-08  3.89438e-20  1.87393e-07  5.61262e-20  2.40895e-07  4.13042e-20  1.40057e-07  1.91434e-20  4.88368e-08    6.052e-21    1.139e-08  1.35376e-21  1.84753e-09  2.20139e-22  2.07652e-10  2.69097e-23  1.54226e-11  2.44162e-24  6.66618e-13  1.29207e-25  1.09746e-14
 5.84373e-21  1.55345e-08  1.49188e-20  3.73233e-08  1.45221e-20   3.0261e-08  8.21651e-21   1.3321e-08  3.07125e-21  3.76879e-09  8.00085e-22  7.32544e-10  1.48771e-22  9.93766e-11   2.0049e-23  9.18422e-12  1.96794e-24  5.34362e-13  1.29207e-25  1.57872e-14  3.55279e-27
  4.7273e-10   2.0769e-21  3.16508e-09  2.94824e-21  3.93721e-09  2.10987e-21  2.26854e-09  9.47055e-22   7.8994e-10   2.8987e-22  1.84559e-10  6.26431e-23  3.00331e-11  9.67789e-24  3.38885e-12  1.06934e-24  2.52776e-13  8.17333e-26  1.09746e-14  3.55279e-27  1.81492e-16
