 2.49469e-11   2.9506e-26 -4.83703e-10 -1.03258e-24  3.43864e-09  1.01322e-23 -1.36415e-08 -5.25585e-23  3.40671e-08  1.72019e-22  -5.5413e-08 -3.81549e-22  5.69305e-08  5.84329e-22 -3.12057e-08 -5.93662e-22  8.06952e-10  3.24836e-22  8.79464e-09  2.63521e-23 -1.94253e-09 -7.89733e-23 -2.31124e-09 -3.97396e-22  4.23128e-10  1.21736e-21  6.56994e-10 -1.85356e-21  2.73363e-11  1.84723e-21  -1.5215e-10 -1.20827e-21 -5.44236e-11  3.82354e-22  1.46007e-11  1.76997e-22  1.74606e-11 -3.43492e-22  4.40843e-12  2.70244e-22 -1.44896e-12  -1.4869e-22 -1.50469e-12  6.59346e-23 -4.72112e-13 -2.29066e-23  1.92013e-14  2.05356e-24  8.51664e-14  5.13638e-24   4.0724e-14 -4.16017e-24   8.8763e-15  1.21512e-24  -8.6318e-16   2.5022e-25 -1.55666e-15 -3.05796e-25 -6.93991e-16  5.16298e-26 -1.80451e-16  3.96919e-26 -1.92812e-17 -2.42305e-26  7.59297e-18  1.67762e-27  5.31974e-18  4.82365e-27  1.87624e-18 -2.17367e-27    4.601e-19 -2.68372e-28   7.5904e-20   3.7108e-28  3.92121e-21 -5.33645e-29 -2.66503e-21  -1.1548e-29 -1.25734e-21  1.00244e-29 -3.55021e-22 -3.12124e-30 -7.68341e-23 -6.02525e-31 -1.34153e-23  2.23224e-31 -1.86828e-24  1.09365e-32 -1.87725e-25 -2.81935e-33 -6.70276e-27  2.64402e-33  2.43119e-27  1.77004e-33   7.6573e-28 -6.12692e-35  1.43841e-28 -2.79143e-34  2.10686e-29 -1.77705e-35  2.57294e-30  1.96432e-35  2.68315e-31  3.18653e-36  2.40765e-32 -4.06772e-37  1.85694e-33 -1.66769e-37  1.22139e-34 -1.17705e-38  6.74543e-36   2.7957e-39  3.04322e-37  5.01324e-40  1.07731e-38 -1.40876e-41  2.89436e-40 -7.48961e-42  4.76692e-42 -2.26785e-43 -4.14077e-44  3.43901e-44 -3.82977e-45  1.46232e-45 -4.38439e-47  -1.1974e-47
  2.9506e-26  7.11064e-10  6.30186e-25 -7.77859e-09 -1.52755e-23  4.16248e-08   1.1947e-22 -1.34542e-07   -5.217e-22  2.82129e-07  1.47578e-21 -3.86607e-07 -2.86002e-21  3.23886e-07  3.80756e-21 -1.20507e-07  -3.2207e-21 -3.79017e-08  1.07857e-21  4.67257e-08  9.75572e-22  3.83267e-09 -7.90006e-22  -1.3102e-08 -2.36064e-21 -1.97189e-09    6.838e-21  3.11447e-09 -9.65351e-21  1.19244e-09  8.86828e-21 -4.20537e-10 -5.23175e-21 -4.17067e-10  1.27807e-21 -6.04819e-11  1.03162e-21  6.49662e-11 -1.50923e-21  4.05677e-11   1.0675e-21  5.83209e-12 -5.46771e-22 -4.77664e-12  2.35148e-22 -3.37556e-12 -8.05473e-23 -8.94568e-13  4.01503e-24  7.83867e-14  2.11826e-23  1.74066e-13 -1.55578e-23  7.90791e-14  3.96253e-24  1.79537e-14  1.27985e-24 -5.21179e-16 -1.22399e-24 -2.33759e-15   1.6622e-25 -1.12348e-15  1.73283e-25 -3.24733e-16 -9.33453e-26 -5.44087e-17  3.78223e-27   1.7811e-18  1.80344e-26  5.09936e-18 -7.31288e-27  2.17304e-18 -1.02654e-27  6.14222e-19  1.14178e-27  1.28968e-19 -1.56966e-28  1.89755e-20 -1.77327e-29  1.04983e-21  3.11449e-29 -4.51691e-22 -1.01186e-29 -2.03493e-22 -2.49129e-30 -5.31438e-23   5.0023e-31 -1.07037e-23  5.16325e-32 -1.77649e-24 -4.88372e-33 -2.46805e-25  1.45819e-32 -2.83033e-26  8.53076e-33 -2.51943e-27 -5.59736e-34 -1.34796e-28 -1.12812e-33  5.43961e-30 -7.05428e-35  2.66384e-30   6.8764e-35  4.35252e-31  1.25807e-35  5.09928e-32 -1.01559e-36   4.7916e-33  -5.6643e-37  3.73303e-34 -4.55862e-38  2.42839e-35   8.0202e-39  1.31213e-36   1.4207e-39    5.821e-38 -3.67521e-41  2.09029e-39 -1.71477e-41   5.7607e-41 -3.37137e-43  1.08008e-42   6.5936e-44  1.09222e-44  1.72854e-45  4.81548e-47
-4.83703e-10  6.30186e-25  9.92425e-09  7.63231e-24 -7.49867e-08 -1.40303e-22  3.18042e-07  9.04811e-22 -8.56281e-07 -3.38475e-21  1.52185e-06  8.35951e-21 -1.75354e-06 -1.42303e-20  1.16383e-06  1.64528e-20 -2.10054e-07  -1.1274e-20 -2.62875e-07  8.71568e-22  1.27489e-07  6.70107e-21  6.16626e-08 -3.85153e-21  -3.5355e-08 -9.83369e-21 -2.01605e-08  2.62214e-20  5.69411e-09 -3.42654e-20  6.46555e-09  2.89921e-20  5.37638e-10 -1.53476e-20 -1.32429e-09  2.62077e-21 -6.27004e-10  3.75309e-21  2.31543e-11 -4.44842e-21  1.38434e-10  2.84096e-21  5.98111e-11 -1.36463e-21  3.21697e-12  5.84296e-22 -8.91261e-12 -2.02148e-22  -5.0519e-12  2.50142e-24 -1.19691e-12  5.93958e-23  1.27034e-13  -4.0024e-23  2.32383e-13  9.03376e-24  1.04036e-13  4.00074e-24  2.53675e-14 -3.38058e-24  1.14628e-15  3.90415e-25 -2.09927e-15  5.05408e-25 -1.15148e-15 -2.49096e-25 -3.68678e-16  4.55358e-27  -7.8662e-17  4.60955e-26 -8.04256e-18 -1.68095e-26  1.91599e-18 -2.57909e-27  1.34402e-18  2.32369e-27  4.49813e-19  -3.3436e-28  1.09819e-19  1.35723e-29  2.08945e-20  7.28132e-29  2.99623e-21 -2.27126e-29  2.51386e-22 -7.02275e-30 -1.84647e-23  5.14895e-31 -1.34581e-23  5.05618e-32 -3.52426e-24 -1.30326e-32 -6.74139e-25  5.74335e-32 -1.05373e-25  2.81498e-32 -1.39515e-26 -2.10091e-33 -1.58193e-27 -3.18253e-33 -1.53164e-28 -2.24316e-34  -1.2449e-29   1.6669e-34  -8.1406e-31  3.40696e-35 -3.79512e-32 -1.59103e-36 -5.92376e-34 -1.29155e-36  1.01766e-34 -1.09246e-37  1.31991e-35  1.56357e-38  9.60049e-37   2.5936e-39  5.02406e-38 -7.97996e-41  1.97862e-39 -2.60661e-41  5.62359e-41 -1.96612e-43  9.96673e-43  7.89379e-44   8.3616e-45  1.01017e-45
-1.03258e-24 -7.77859e-09  7.63231e-24  9.04163e-08  6.41649e-23 -5.16684e-07 -9.42475e-22  1.79562e-06  5.13272e-21  -4.0896e-06 -1.66688e-20  6.19247e-06  3.62277e-20 -5.95272e-06 -5.43757e-20  2.95505e-06  5.44017e-20   1.8335e-07 -2.87045e-20 -9.67743e-07 -8.30629e-21  1.41582e-07  2.86089e-20  2.69811e-07 -1.30867e-20 -3.05471e-08 -3.23809e-20 -7.70758e-08  7.89532e-20 -7.17318e-09 -9.56164e-20  1.76325e-08  7.45054e-20  7.25015e-09 -3.51957e-20 -1.53094e-09  3.32946e-21 -2.22461e-09  1.02068e-20 -6.18754e-10 -1.01745e-20  1.74483e-10  5.86428e-21  2.02471e-10  -2.6686e-21  6.68485e-11  1.18078e-21 -1.80193e-12 -4.21165e-22 -1.19555e-11 -9.14648e-24  -5.9088e-12  1.31119e-22 -1.32875e-12 -8.18674e-23  1.18161e-13  1.70451e-23  2.32219e-13   9.2728e-24  1.05715e-13 -7.51374e-24   2.8039e-14  7.99043e-25  3.14664e-15   1.1546e-24 -1.13451e-15 -5.33118e-25 -8.25766e-16 -1.24002e-28 -2.96356e-16  9.30404e-26 -7.39977e-17 -3.00968e-26 -1.26098e-17 -4.87568e-27 -8.08568e-19   3.5054e-27  3.76604e-19 -6.33437e-28  1.90419e-19  1.34937e-28  5.49875e-20  1.49879e-28  1.20886e-20 -3.89374e-29  2.14856e-21 -1.52528e-29  3.08248e-22 -5.19435e-31  3.33369e-23 -3.27663e-31  1.89442e-24 -6.21164e-32  -2.2075e-25  1.73661e-31 -9.28542e-26  7.40311e-32 -1.84278e-26 -5.20752e-33 -2.74483e-27 -7.23319e-33  -3.3616e-28 -5.96695e-34  -3.4911e-29  3.22572e-34 -3.10715e-30  7.25022e-35 -2.37141e-31  -1.6473e-36 -1.54239e-32 -2.28439e-36 -8.44266e-34 -1.91685e-37 -3.81766e-35  2.41005e-38 -1.38697e-36  3.48714e-39 -3.82631e-38  -1.4962e-40 -6.92363e-40 -2.98735e-41 -5.88778e-42  1.39756e-43  9.33299e-46  6.37392e-44  2.56908e-47
 3.43864e-09 -1.52755e-23 -7.49867e-08  6.41649e-23  6.04837e-07  4.10017e-22 -2.75411e-06 -4.97885e-21  8.02475e-06  2.33049e-20 -1.56281e-05 -6.63915e-20  2.01885e-05  1.27772e-19 -1.59259e-05 -1.69513e-19  5.17782e-06  1.45766e-19  2.44792e-06 -5.33159e-20 -2.35246e-06 -5.09943e-20 -3.55742e-07  9.22404e-20  6.99259e-07 -3.52465e-20  1.43625e-07 -8.83081e-20 -1.69935e-07  1.97703e-19 -7.46433e-08 -2.22443e-19  2.24683e-08  1.59667e-19  2.55298e-08 -6.68918e-20  4.17973e-09  9.39273e-22 -4.01433e-09  2.24282e-20 -2.63859e-09 -1.91638e-20 -3.96349e-10  9.89519e-21  3.20098e-10 -4.33464e-21  2.31273e-10  2.08397e-21  6.18028e-11 -7.72836e-22 -5.99601e-12 -4.02007e-23 -1.26578e-11   2.4128e-22 -5.76244e-12 -1.41339e-22 -1.30084e-12  2.92255e-23  5.22338e-14  1.72547e-23  1.80567e-13 -1.43596e-23  8.63499e-14  1.53269e-24  2.49624e-14  2.21507e-24  4.16758e-15 -9.71859e-25 -1.55698e-16 -1.82975e-26 -4.03259e-16  1.56972e-25 -1.71652e-16 -4.33717e-26 -4.86715e-17 -7.06031e-27 -1.02911e-17  3.85924e-27 -1.54205e-18 -1.19959e-27 -9.69561e-20  3.84371e-28  3.18278e-20   2.8465e-28  1.51567e-20 -4.89882e-29  4.00774e-21 -2.61436e-29  8.11678e-22 -3.86693e-30  1.35361e-22 -1.88354e-30   1.8956e-23 -2.44524e-31  2.21288e-24  4.24584e-31  2.06471e-25  1.64737e-31  1.32672e-26 -9.72786e-33  1.04777e-28 -1.40087e-32 -1.26048e-28 -1.33208e-33 -2.33343e-29  5.27834e-34 -2.79824e-30   1.2805e-34 -2.61045e-31 -7.93658e-37 -1.98569e-32  -3.3148e-36 -1.24601e-33  -2.6099e-37 -6.42563e-35   3.1271e-38 -2.68157e-36  3.56753e-39 -8.72233e-38 -2.31386e-40 -2.06273e-39 -2.66638e-41 -3.20574e-41  4.17495e-43 -2.69801e-43  3.17766e-44
 1.01322e-23  4.16248e-08 -1.40303e-22 -5.16684e-07  4.10017e-22  3.16841e-06  2.09842e-21 -1.18935e-05  -2.1577e-20  2.95388e-05  8.79858e-20 -4.95422e-05 -2.21708e-19   5.4443e-05  3.79693e-19 -3.41619e-05  -4.4584e-19   4.5092e-06  3.25982e-19  8.91998e-06 -6.19221e-20 -3.73994e-06 -1.81239e-19 -2.23805e-06  2.43446e-19  1.11531e-06 -8.07607e-20  7.33319e-07 -2.04977e-19 -1.83074e-07  4.25169e-19 -2.37006e-07 -4.45698e-19 -2.27407e-08  2.94838e-19  5.01217e-08 -1.08817e-19  2.44522e-08 -7.99028e-21 -1.03221e-09  4.16323e-20  -5.6732e-09 -3.06667e-20 -2.44637e-09  1.39135e-20 -9.84137e-11 -6.03806e-21  3.97075e-10  3.35466e-21  2.20604e-10 -1.27944e-21  5.02739e-11 -1.01014e-22 -7.31734e-12  3.79629e-22 -1.10555e-11 -2.12969e-22 -4.83032e-12  4.85053e-23  -1.1415e-12  2.68395e-23 -2.87438e-14 -2.44797e-23  1.08318e-13  2.80771e-24  5.70384e-14  3.72049e-24   1.7974e-14 -1.55932e-24   3.7687e-15 -6.69294e-26  3.60157e-16  2.27112e-25 -1.03875e-16 -4.88029e-26 -6.82471e-17 -6.94779e-27 -2.25161e-17  2.40015e-27 -5.46139e-18 -2.34902e-27 -1.03641e-18  7.22725e-28 -1.49164e-19  4.99388e-28 -1.29388e-20 -3.06164e-29  7.19263e-22 -3.38998e-29  6.09038e-22 -1.10685e-29  1.60978e-22 -5.96415e-30  3.07197e-23 -7.31504e-31  4.77351e-24  8.73825e-31  6.27595e-25  3.19868e-31  7.07058e-26 -1.44535e-32  6.82247e-27 -2.38026e-32    5.571e-28  -2.5264e-33  3.73925e-29  7.53105e-34  1.92276e-30  1.93275e-34  5.90947e-32  9.48773e-37 -1.01109e-33 -4.04469e-36 -2.89888e-34 -2.78487e-37 -2.28471e-35  3.51988e-38 -1.16863e-36  2.69498e-39 -4.15718e-38 -2.87924e-40 -9.81157e-40 -1.83312e-41  -1.3249e-41  4.40944e-43 -6.82079e-44
-1.36415e-08   1.1947e-22  3.18042e-07 -9.42475e-22 -2.75411e-06  2.09842e-21  1.35375e-05  8.90056e-21 -4.29037e-05 -7.88875e-20  9.19315e-05  2.83236e-19 -0.000133319 -6.35501e-19  0.000123613  9.72257e-19 -5.80175e-05  -1.0108e-18 -7.17043e-06  6.18277e-19  2.14084e-05  8.76899e-21 -2.43685e-06 -4.90976e-19 -6.31676e-06  5.49958e-19  5.89445e-07 -1.65091e-19  1.87211e-06 -4.12844e-19  1.89835e-07   8.0192e-19 -4.49364e-07 -7.85311e-19 -1.86893e-07  4.79184e-19  4.37365e-08 -1.54778e-19  6.10071e-08  -2.6542e-20  1.62602e-08  6.73023e-20 -5.61196e-09 -4.24002e-20 -5.96703e-09  1.61734e-20 -1.87271e-09 -7.37276e-21  1.31951e-10  5.05732e-21  3.89243e-10  -1.9206e-21  1.83027e-10 -1.98595e-22  3.78121e-11  5.13996e-22 -5.91769e-12 -2.86458e-22 -8.12002e-12  8.00033e-23 -3.51916e-12  3.55725e-23 -8.90982e-13 -3.80586e-23 -8.10539e-14  4.87968e-24  4.64967e-14  5.64156e-24  2.99233e-14 -2.24762e-24   1.0369e-14 -1.80478e-25  2.52394e-15  2.82836e-25  4.14078e-16 -3.50981e-26  2.09747e-17 -5.74834e-28  -1.4627e-17 -1.47927e-27 -6.85928e-18 -4.59086e-27 -1.93246e-18  9.60963e-28 -4.18527e-19  7.97682e-28 -7.35713e-20  5.30748e-29  -1.0475e-20 -2.57564e-29 -1.13296e-21 -2.34775e-29 -6.75519e-23 -1.42796e-29  6.11115e-24 -1.76198e-30  2.78551e-24  1.55974e-30  5.51825e-25  5.51995e-31   8.1102e-26 -1.74348e-32  9.75015e-27 -3.61214e-32  9.90339e-28 -4.13875e-33  8.59224e-29  9.53413e-34  6.37165e-30  2.53595e-34  4.01345e-31  3.08622e-36  2.12151e-32 -4.17315e-36  9.22995e-34 -2.23047e-37  3.20017e-35  3.47101e-38  8.40969e-37  1.25212e-39  1.57057e-38 -2.85367e-40  1.99517e-40 -9.14602e-42  1.76088e-42  2.50491e-43
-5.25585e-23 -1.34542e-07  9.04811e-22  1.79562e-06 -4.97885e-21 -1.18935e-05  8.90056e-21  4.85219e-05  3.20523e-20 -0.000132136 -2.48246e-19  0.000246448  7.91473e-19 -0.000309324 -1.58982e-18  0.000238134  2.17945e-18 -7.24654e-05 -2.00533e-18 -4.22322e-05  1.00187e-18  3.75657e-05  2.71185e-19  6.65415e-06 -1.10232e-18 -1.19404e-05  1.09459e-18 -2.55316e-06 -3.11087e-19  3.09595e-06 -7.32348e-19  1.35294e-06   1.3465e-18 -4.61107e-07 -1.23449e-18 -4.95906e-07  6.96023e-19 -6.93251e-08  -1.9579e-19  8.82353e-08 -5.58872e-20  5.41251e-08   9.7086e-20  6.31538e-09 -5.09264e-20 -7.87426e-09  1.46531e-20 -5.15945e-09 -8.06695e-21 -1.23184e-09  7.22501e-21  2.33227e-10 -2.59745e-21   3.2042e-10 -3.27581e-22  1.35471e-10  5.91055e-22   2.7164e-11 -3.49934e-22  -3.3044e-12  1.29788e-22 -5.02256e-12  4.01191e-23 -2.22364e-12  -5.4725e-23 -6.07828e-13  7.97524e-24 -8.96938e-14  7.93596e-24  9.79653e-15 -2.95113e-24  1.18078e-14 -4.19843e-25  4.67506e-15  2.94525e-25  1.27733e-15   1.0201e-26  2.61182e-16  1.79831e-26  3.71395e-17 -7.35252e-27  1.74637e-18 -8.55247e-27 -9.72738e-19  7.09974e-28 -4.12733e-19  1.14119e-27 -1.05061e-19  2.50929e-28 -2.07694e-20  1.79323e-29 -3.39708e-21  -4.1661e-29 -4.67717e-22 -2.84122e-29 -5.38124e-23 -3.57863e-30  -4.9761e-24  2.46911e-30 -3.24202e-25  8.57026e-31 -5.03002e-27 -1.70428e-32  2.42224e-27  -4.9569e-32    4.586e-28 -5.95514e-33  5.39029e-29  1.07898e-33  4.86118e-30  2.91773e-34  3.54074e-31  4.90638e-36  2.10736e-32 -3.59078e-36  1.01765e-33 -1.08552e-37  3.89577e-35  2.97608e-38  1.13438e-36  -1.1201e-40  2.36154e-38 -2.22559e-40   3.1598e-40 -2.76781e-42   1.9274e-42
 3.40671e-08   -5.217e-22 -8.56281e-07  5.13272e-21  8.02475e-06  -2.1577e-20 -4.29037e-05  3.20523e-20  0.000148932   9.9773e-20 -0.000353212 -6.82602e-19  0.000577033  1.94597e-18 -0.000625314 -3.51466e-18  0.000388128  4.32747e-18 -4.46995e-05 -3.52086e-18 -0.000111067  1.38703e-18  4.64683e-05  8.65385e-19  2.89873e-05 -2.13595e-18 -1.52061e-05  1.95907e-18 -9.83329e-06 -5.50498e-19  2.87786e-06 -1.15821e-18  3.40277e-06  2.03517e-18  2.04044e-07 -1.74944e-18 -8.07385e-07  9.14791e-19 -3.58278e-07 -2.24149e-19  4.01539e-08 -9.46965e-20   9.8246e-08  1.27777e-19  3.79569e-08 -5.26087e-20 -1.08336e-09  7.78558e-21 -7.78797e-09 -8.19476e-21 -3.86173e-09  9.77748e-21 -7.25887e-10 -3.11571e-21  2.24944e-10 -4.58973e-22  2.28018e-10  5.48908e-22   9.0653e-11 -3.93483e-22  1.87482e-11  2.01775e-22 -9.80253e-13   3.6952e-23 -2.57266e-12 -7.35352e-23 -1.20297e-12  1.22347e-23 -3.55071e-13  1.06418e-23 -6.82403e-14 -3.56297e-24 -4.19948e-15 -8.75463e-25  2.94697e-15  2.25179e-25   1.5567e-15  9.69201e-26  4.81733e-16  5.62986e-26  1.12216e-16 -1.32402e-26  2.05057e-17  -1.4814e-26  2.80261e-18 -6.13768e-28  2.10252e-19  1.43631e-27 -2.31741e-20   6.1517e-28 -1.32833e-20  1.19986e-28 -3.28474e-21 -6.49336e-29 -6.03551e-22 -4.91397e-29 -9.10206e-23 -6.31383e-30 -1.16457e-23  3.52664e-30 -1.27794e-24  1.20778e-30 -1.20143e-25 -1.31609e-32 -9.56643e-27 -6.21026e-32 -6.28326e-28 -7.64797e-33  -3.2059e-29  1.08698e-33 -1.05555e-30  2.94531e-34  1.77053e-33  5.83682e-36  3.10519e-33 -2.45704e-36  2.44208e-34  2.01358e-38  1.15004e-35  2.15672e-38  3.60558e-37 -9.04799e-40  7.30591e-39 -1.32974e-40  8.37071e-41 -1.59761e-43
 1.72019e-22  2.82129e-07 -3.38475e-21  -4.0896e-06  2.33049e-20  2.95388e-05 -7.88875e-20 -0.000132136   9.9773e-20  0.000397699  2.72212e-19 -0.000830119 -1.65954e-18   0.00119265  4.25418e-18  -0.00110846 -6.93275e-18  0.000524426  7.68039e-18  7.16905e-05 -5.52094e-18 -0.000209793  1.62831e-18  2.73496e-05  1.89598e-18  6.51844e-05 -3.66044e-18 -8.45041e-06  3.20098e-18 -2.06331e-05 -9.19775e-19 -1.18447e-06 -1.65021e-18  5.52181e-06  2.79197e-18  1.99704e-06 -2.25192e-18 -7.24467e-07   1.1006e-18 -7.79964e-07 -2.37719e-19 -1.64508e-07  -1.4025e-19  9.93514e-08  1.56813e-19  8.29685e-08 -4.46692e-20  2.16492e-08 -4.78801e-21 -4.57675e-09 -8.26646e-21 -6.28378e-09  1.24238e-20 -2.58844e-09 -3.21624e-21 -4.04737e-10 -5.35347e-22  1.61748e-10  3.40678e-22  1.41985e-10 -4.10064e-22  5.49728e-11  2.94243e-22  1.21905e-11  2.28275e-23  3.39832e-13 -9.32823e-23 -1.04103e-12  1.76929e-23 -5.43738e-13  1.39718e-23 -1.73614e-13 -3.97617e-24 -3.92814e-14 -1.65895e-24 -5.64029e-15  3.19344e-26  1.50596e-17   2.2787e-25  3.23196e-16  1.22623e-25  1.27346e-16 -1.55065e-26   3.3569e-17 -2.37246e-26  6.95451e-18 -3.70763e-27  1.17515e-18  1.54539e-27  1.60055e-19  1.18833e-27  1.61644e-20  2.99348e-28  7.55575e-22 -9.12884e-29 -1.34783e-22 -7.58172e-29 -4.66571e-23 -9.86118e-30 -8.58659e-24  4.60866e-30 -1.20247e-24  1.55573e-30 -1.38647e-25 -7.55829e-33 -1.35202e-26 -7.15947e-32 -1.12449e-27 -8.90939e-33 -7.96845e-29  9.52116e-34 -4.77401e-30   2.5808e-34 -2.38372e-31  5.64666e-36 -9.69925e-33 -1.14578e-36 -3.11131e-34  1.12137e-37  -7.5074e-36  1.23343e-38 -1.25906e-37 -1.03876e-39 -1.19064e-39 -5.72814e-41 -1.15488e-42
 -5.5413e-08  1.47578e-21  1.52185e-06 -1.66688e-20 -1.56281e-05  8.79858e-20  9.19315e-05 -2.48246e-19 -0.000353212  2.72212e-19  0.000935631  6.58182e-19  -0.00173328 -3.60129e-18   0.00219414  8.33943e-18  -0.00172674 -1.22946e-17  0.000550016  1.22712e-17  0.000317159 -7.79491e-18 -0.000307409  1.59635e-18 -4.40465e-05  3.34349e-18  0.000104753 -5.64247e-18  1.70723e-05  4.82832e-18  -3.0131e-05 -1.44516e-18 -1.10088e-05 -2.13848e-18  5.65458e-06  3.49664e-18  4.80659e-06 -2.64673e-18  2.95762e-07    1.228e-18 -1.07312e-06 -2.41765e-19 -5.44211e-07 -1.90792e-19 -1.48506e-08  1.83178e-19  1.08388e-07 -2.58475e-20  5.83131e-08 -2.17187e-20  1.00463e-08 -9.11978e-21 -5.00789e-09  1.46162e-20 -4.37488e-09 -2.66342e-21 -1.59152e-09 -4.83942e-22 -2.27402e-10 -3.91624e-23  9.19632e-11 -3.92356e-22  7.73404e-11  3.98487e-22  2.99829e-11 -5.07315e-24  7.23371e-12 -1.13135e-22  7.22341e-13  2.42883e-23  -2.8986e-13  1.83488e-23 -1.96474e-13 -4.10082e-24 -6.90135e-14 -2.88282e-24 -1.74924e-14 -3.32437e-25 -3.29908e-15  3.95339e-25 -4.00063e-16  2.24314e-25  3.94723e-18 -9.37153e-27  1.87775e-17  -3.5307e-26  6.47181e-18 -9.23296e-27  1.52235e-18  1.32669e-27  2.85892e-19  1.98883e-27  4.48056e-20  5.62776e-28  5.91842e-21 -1.17803e-28  6.50403e-22 -1.06082e-28  5.66148e-23 -1.37927e-29  3.28076e-24  5.57797e-30 -7.64159e-27  1.84307e-30 -3.34643e-26 -2.87351e-33 -5.47438e-27 -7.64459e-32 -5.95334e-28 -9.57654e-33 -5.02471e-29  6.76359e-34 -3.42269e-30  1.89978e-34 -1.89192e-31   4.4271e-36 -8.37953e-33 -7.33793e-38  -2.8916e-34  1.39618e-37 -7.40589e-36  4.47499e-39 -1.28116e-37 -7.59177e-40 -1.15939e-39 -1.51564e-41
-3.81549e-22 -3.86607e-07  8.35951e-21  6.19247e-06 -6.63915e-20 -4.95422e-05  2.83236e-19  0.000246448 -6.82602e-19 -0.000830119  6.58182e-19   0.00195942  1.42314e-18  -0.00324338 -7.03023e-18   0.00361602  1.47598e-17  -0.00235581  -1.9721e-17  0.000337127  1.77491e-17  0.000694611  -9.9916e-18 -0.000342754  1.29094e-18 -0.000180741  4.99569e-18  0.000123502 -7.92415e-18  6.50646e-05  6.77762e-18 -2.91014e-05 -2.11766e-18 -2.57803e-05 -2.54398e-18  1.07442e-06  4.00996e-18  7.43235e-06 -2.84873e-18   2.5623e-06  1.29287e-18 -7.74033e-07 -2.46829e-19 -9.59064e-07 -2.47639e-19 -2.87239e-07  2.06875e-19  5.95085e-08  3.51394e-21  8.84529e-08 -3.99062e-20  3.57941e-08 -1.16129e-20   3.6903e-09  1.56208e-20 -3.90586e-09 -1.36705e-21 -2.70118e-09 -2.52539e-22 -9.10977e-10 -5.39353e-22 -1.33338e-10 -3.27082e-22  4.06676e-11  5.01436e-22  3.64019e-11 -4.90494e-23  1.44742e-11 -1.33339e-22  3.79279e-12  3.18735e-23  5.91963e-13  2.43403e-23 -1.99394e-14 -3.87349e-24 -5.14486e-14 -4.63468e-24 -2.12845e-14 -9.17067e-25 -5.96684e-15  5.80048e-25 -1.29217e-15  3.66004e-25 -2.18098e-16  9.93017e-27 -2.60522e-17 -4.93232e-26 -1.00876e-18 -1.76285e-26  5.12061e-19  6.90155e-28  1.85768e-19  2.99894e-27  4.08523e-20   8.9836e-28  7.01766e-21 -1.41361e-28  1.00491e-21  -1.3605e-28  1.22748e-22 -1.73783e-29  1.28705e-23  6.32714e-30  1.15374e-24  2.02194e-30  8.71517e-26 -5.73299e-34  5.37748e-27 -7.59647e-32   2.5221e-28 -9.66536e-33  7.02692e-30  2.96823e-34 -1.00013e-31  1.06617e-34 -2.58448e-32  2.48712e-36 -1.71061e-33  4.98922e-37 -6.98862e-35  1.10541e-37 -1.87242e-36 -3.99106e-40  -2.9817e-38   -3.893e-40 -1.73038e-40
 5.69305e-08 -2.86002e-21 -1.75354e-06  3.62277e-20  2.01885e-05 -2.21708e-19 -0.000133319  7.91473e-19  0.000577033 -1.65954e-18  -0.00173328  1.42314e-18   0.00368489   2.7726e-18  -0.00547972 -1.24269e-17   0.00536368  2.37193e-17  -0.00277754 -2.87454e-17  -0.00022536  2.33377e-17    0.0011411 -1.17413e-17  -0.00024001  9.32725e-19 -0.000367418  6.45221e-18  8.93104e-05  -1.0245e-17  0.000127321  8.90235e-18 -7.12969e-06 -2.86778e-18 -4.01589e-05 -2.80515e-18 -9.97844e-06  4.20714e-18   7.5829e-06 -2.80912e-18  5.64487e-06  1.31646e-18     5.56e-07 -2.63278e-19 -1.08311e-06 -3.15486e-19 -6.58033e-07  2.27113e-19 -1.07051e-07  4.17444e-20  7.50441e-08 -5.49942e-20  6.05279e-08 -1.62074e-20  1.98764e-08   1.4727e-20  1.00667e-09  5.16683e-22 -2.47671e-09  1.41454e-22 -1.49744e-09 -1.05909e-21 -4.87235e-10 -1.91017e-22 -7.95442e-11  5.91728e-22  1.23337e-11 -1.10449e-22  1.43979e-11 -1.55523e-22   6.0376e-12  4.02297e-23  1.70621e-12  3.25049e-23  3.35862e-13 -3.26084e-24  3.32558e-14 -6.95599e-24 -6.56819e-15 -1.76822e-24 -4.59396e-15   7.5374e-25 -1.49224e-15   5.4801e-25 -3.57944e-16  4.55504e-26 -6.90483e-17  -6.5484e-26 -1.08645e-17 -2.89383e-26 -1.34722e-18 -3.55917e-28  -1.1254e-19   4.1578e-27 -2.33981e-22  1.27354e-27  2.18803e-21 -1.59393e-28  5.32352e-22 -1.61008e-28  8.68696e-23  -1.9731e-29  1.12705e-23  6.81356e-30  1.22093e-24   2.0731e-30   1.1235e-25  8.78381e-34  8.81552e-27 -7.03678e-32  5.87403e-28 -9.29417e-33  3.28895e-29 -1.14291e-34  1.52073e-30  2.75554e-35  5.65693e-32    2.879e-37  1.62726e-33   5.6912e-37  3.38467e-35  5.74323e-38  4.43688e-37 -2.11508e-39  2.65479e-39 -1.28145e-40
 5.84329e-22  3.23886e-07 -1.42303e-20 -5.95272e-06  1.27772e-19   5.4443e-05 -6.35501e-19 -0.000309324  1.94597e-18   0.00119265 -3.60129e-18  -0.00324338   2.7726e-18   0.00627081  4.89844e-18  -0.00841394 -2.00025e-17   0.00718223  3.47727e-17  -0.00272843 -3.82019e-17  -0.00116926  2.79672e-17   0.00152339 -1.28115e-17  5.84035e-05  9.58491e-19 -0.000551823  7.22672e-18  -2.3406e-05 -1.23058e-17  0.000180894  1.09799e-17  4.12245e-05 -3.55562e-18 -4.46769e-05 -2.89738e-18 -2.62538e-05  4.00642e-18  2.75914e-06 -2.53054e-18  8.10509e-06  1.33971e-18  2.94489e-06 -2.94929e-19 -5.22728e-07 -4.00393e-19 -9.26607e-07  2.40352e-19 -3.73012e-07  8.61031e-20 -1.54093e-08 -6.23474e-20  6.12246e-08 -2.25938e-20  3.64995e-08  1.15421e-20  1.03011e-08  2.56474e-21  2.01152e-10  5.72158e-22 -1.32643e-09 -1.47978e-21 -7.46232e-10  4.70946e-23 -2.41546e-10  6.66203e-22 -4.53451e-11 -1.88881e-22  8.31593e-13 -1.82278e-22  4.51484e-12  4.91227e-23  2.10169e-12  4.32144e-23  6.39317e-13 -2.26101e-24  1.44384e-13 -9.83332e-24  2.32602e-14 -2.92105e-24  1.72325e-15  8.85695e-25 -4.48284e-16  7.65489e-25 -2.39908e-16  9.74403e-26 -6.72528e-17 -8.36786e-26 -1.42946e-17 -4.27085e-26 -2.49485e-18 -1.69322e-27 -3.66113e-19  5.36098e-27 -4.51095e-20  1.63872e-27 -4.54142e-21 -1.70447e-28 -3.42282e-22  -1.7648e-28 -1.25925e-23 -2.00454e-29  1.34751e-24  7.07216e-30  3.53902e-25  2.01504e-30  4.63488e-26  6.28179e-33  4.47615e-27 -6.04866e-32  3.44062e-28  -8.5621e-33   2.1449e-29 -4.64952e-34  1.08009e-30 -3.09987e-35  4.30666e-32 -1.61869e-36    1.308e-33  3.42936e-37  2.81142e-35  1.30473e-38  3.65735e-37 -1.75173e-39  1.83648e-39
-3.12057e-08  3.80756e-21  1.16383e-06 -5.43757e-20 -1.59259e-05  3.79693e-19  0.000123613 -1.58982e-18 -0.000625314  4.25418e-18   0.00219414 -7.03023e-18  -0.00547972  4.89844e-18   0.00972377  7.89253e-18   -0.0118116 -2.94637e-17   0.00868919  4.66843e-17  -0.00198953 -4.63747e-17  -0.00240062  3.05552e-17   0.00166912 -1.32058e-17  0.000555319  1.88615e-18 -0.000653682  6.91769e-18  -0.00021638 -1.38531e-17  0.000193058  1.27431e-17  0.000110249 -3.98808e-18  -2.9148e-05 -2.83572e-18 -4.23658e-05  3.38315e-18 -8.16533e-06 -2.06638e-18  7.82214e-06  1.40981e-18  5.69047e-06 -3.34643e-19  9.27165e-07 -5.06262e-19 -8.06157e-07  2.39619e-19 -6.25731e-07   1.3281e-19 -1.81006e-07 -5.83052e-20  1.59546e-08 -2.95289e-20   4.0227e-08  6.25922e-21  1.99354e-08  4.17684e-21  5.11614e-09  8.02859e-22  8.29495e-11 -1.70951e-21 -6.02317e-10   4.1756e-22 -3.31335e-10  7.32863e-22 -1.08994e-10 -2.81589e-22  -2.3306e-11 -2.16071e-22 -1.89425e-12  5.84309e-23  9.56896e-13  5.65373e-23  5.76228e-13 -9.04896e-25  1.92239e-13 -1.32028e-23   4.7715e-14 -4.38706e-24  9.25583e-15  9.52254e-25  1.34635e-15  1.00864e-24  1.11114e-16  1.61382e-25 -1.03359e-17 -1.04055e-25 -6.85661e-18 -5.79884e-26 -1.79767e-18  -3.1279e-27 -3.46635e-19  6.46724e-27  -5.4661e-20  1.93564e-27 -7.30094e-21 -1.74529e-28 -8.35943e-22 -1.79382e-28 -8.20527e-23 -1.78535e-29 -6.83759e-24  7.19962e-30 -4.72843e-25  1.89767e-30 -2.58207e-26  2.18514e-32 -9.70578e-28 -4.74177e-32 -9.51162e-30 -7.48112e-33  1.91061e-30 -6.73612e-34  1.76046e-31 -6.10551e-35  8.91073e-33 -2.74654e-36    2.949e-34  7.46681e-38  6.08972e-36 -7.87798e-39  6.19464e-38 -7.61442e-40
-5.93662e-22 -1.20507e-07  1.64528e-20  2.95505e-06 -1.69513e-19 -3.41619e-05  9.72257e-19  0.000238134 -3.51466e-18  -0.00110846  8.33943e-18   0.00361602 -1.24269e-17  -0.00841394  7.89253e-18    0.0138289  1.16576e-17    -0.015245 -3.98998e-17   0.00947451  5.75822e-17 -0.000481678 -5.14151e-17  -0.00369932  3.03259e-17   0.00142608 -1.31379e-17   0.00117855  4.09467e-18 -0.000591147  5.37399e-18 -0.000456839 -1.47537e-17  0.000133703   1.3934e-17  0.000180827 -3.96144e-18  1.19437e-05 -2.66084e-18  -4.9753e-05  2.36716e-18 -2.34633e-05  -1.5061e-18   2.9663e-06  1.56454e-18  7.38602e-06 -3.63839e-19  3.01698e-06 -6.31428e-19 -7.90109e-08  2.15904e-19 -6.81447e-07  1.76945e-19 -3.61889e-07 -4.13729e-20 -7.72963e-08 -3.49931e-20   1.8471e-08 -2.28604e-22  2.27061e-08  4.75369e-21  1.00079e-08  5.33456e-22   2.4697e-09 -1.71941e-21  1.01834e-10   9.3702e-22 -2.26651e-10  8.07892e-22 -1.28577e-10 -3.83708e-22 -4.36439e-11 -2.57997e-22 -1.03676e-11  6.83131e-23  -1.5222e-12  7.22274e-23  3.09302e-14  7.40441e-25  1.08763e-13 -1.69615e-23  4.35707e-14 -6.13816e-24   1.1865e-14  9.47109e-25  2.54341e-15  1.26393e-24   4.4365e-16  2.29198e-25  6.19666e-17 -1.26824e-25  6.29027e-18  -7.3442e-26  2.48642e-19 -4.46032e-27  -7.2596e-20  7.31313e-27  -2.3358e-20  2.10837e-27 -4.33637e-21 -1.73292e-28  -6.2074e-22 -1.68928e-28 -7.34632e-23 -1.32015e-29 -7.36463e-24  7.31467e-30 -6.30066e-25   1.7825e-30 -4.59342e-26  5.20072e-32 -2.83098e-27 -3.23317e-32 -1.45411e-28 -6.01588e-33  -6.0902e-30 -7.02203e-34 -2.01281e-31 -6.42983e-35 -4.99076e-33 -2.89782e-36 -8.58026e-35 -7.94619e-38 -9.14538e-37 -9.72316e-39 -4.75803e-39
 8.06952e-10  -3.2207e-21 -2.10054e-07  5.44017e-20  5.17782e-06  -4.4584e-19 -5.80175e-05  2.17945e-18  0.000388128 -6.93275e-18  -0.00172674  1.47598e-17   0.00536368 -2.00025e-17   -0.0118116  1.16576e-17    0.0181536  1.58642e-17     -0.01819 -4.99011e-17   0.00923246  6.54237e-17   0.00168137 -5.18925e-17  -0.00477322   2.7034e-17  0.000723892 -1.28924e-17   0.00179052  7.62749e-18 -0.000314292  2.77618e-18 -0.000680873 -1.50364e-17 -9.91611e-06  1.43671e-17  0.000224532 -3.31351e-18  7.46819e-05 -2.41675e-18 -3.98468e-05  1.02871e-18  -3.8166e-05 -9.53692e-19 -6.77068e-06  1.81976e-18  6.42246e-06 -3.56324e-19  4.95576e-06 -7.66854e-19  1.21662e-06  1.61297e-19 -3.74218e-07  2.12542e-19 -4.50308e-07   -1.296e-20 -1.87333e-07 -3.66664e-20 -3.02444e-08 -6.45245e-21   1.2253e-08  3.89569e-21  1.12811e-08 -5.11834e-22  4.63513e-09 -1.55283e-21  1.15187e-09  1.59829e-21  9.78104e-11  9.07603e-22 -6.59997e-11 -4.89701e-22 -4.22027e-11 -3.07003e-22 -1.50294e-11  7.93136e-23 -3.87273e-12  8.97908e-23 -7.28141e-13  2.56162e-24 -7.95821e-14 -2.09778e-23  6.51982e-15 -8.09012e-24  6.34488e-15  8.89052e-25   2.0697e-15  1.51622e-24  4.86612e-16  2.90388e-25  9.25053e-17 -1.51792e-25  1.47094e-17 -8.75417e-26   1.9647e-18  -5.5603e-27  2.15965e-19  7.73606e-27  1.82276e-20  2.11431e-27  8.82971e-22 -1.70015e-28 -4.66384e-23 -1.46979e-28 -1.80772e-23  -6.6732e-30  -2.6929e-24  7.50902e-30 -2.87802e-25  1.71775e-30 -2.43745e-26  9.64785e-32 -1.67993e-27 -1.64911e-32 -9.43379e-29 -4.19588e-33 -4.25587e-30  -5.7289e-34 -1.49764e-31 -4.97673e-35 -3.90421e-33 -2.27503e-36 -6.88008e-35 -1.03304e-37 -6.72788e-37 -4.48335e-39
 3.24836e-22 -3.79017e-08  -1.1274e-20   1.8335e-07  1.45766e-19   4.5092e-06  -1.0108e-18 -7.24654e-05  4.32747e-18  0.000524426 -1.22946e-17  -0.00235581  2.37193e-17   0.00718223 -2.94637e-17    -0.015245  1.58642e-17    0.0221418  1.99952e-17   -0.0201768 -5.79225e-17   0.00786682   6.8625e-17   0.00421077 -4.72618e-17  -0.00534593  2.10071e-17 -0.000390994 -1.26564e-17   0.00222636  1.21294e-17  0.000169884 -4.07375e-19 -0.000811199  -1.4889e-17 -0.000223197  1.39778e-17  0.000213215 -1.96467e-18  0.000144336 -2.13114e-18 -8.24783e-06 -5.38868e-19 -4.53267e-05 -5.06908e-19 -1.93615e-05  2.16398e-18  1.81502e-06 -2.85292e-19  5.63123e-06 -8.96614e-19  2.68668e-06  7.26142e-20  3.26485e-07  2.33155e-19 -3.40068e-07  2.26398e-20 -2.55029e-07 -3.25896e-20 -8.95625e-08 -1.07195e-20 -1.16834e-08  1.53838e-21  6.16282e-09 -2.48686e-21  4.95753e-09  -1.3007e-21  1.96665e-09  2.36843e-21  5.06321e-10  1.03909e-21  6.72393e-11 -5.95519e-22  -1.1662e-11 -3.59977e-22 -1.10475e-11  9.22957e-23 -4.27385e-12  1.08554e-22 -1.17947e-12  4.37574e-24 -2.52092e-13 -2.50953e-23  -4.0884e-14 -1.00921e-23 -4.13722e-15  8.23601e-25  1.48756e-16  1.75111e-24  1.97065e-16   3.3493e-25  5.86117e-17  -1.7779e-25  1.23138e-17 -9.87963e-26  2.09136e-18 -6.41311e-27  2.99543e-19  7.60444e-27  3.67222e-20  1.93298e-27  3.85956e-21 -1.69151e-28  3.44761e-22 -1.17613e-28  2.56047e-23  7.55463e-31  1.50493e-24  7.80865e-30  6.08908e-26  1.71983e-30  5.94859e-28  1.49313e-31 -1.50651e-28 -1.34356e-33 -1.52987e-29 -2.20332e-33 -8.79025e-31 -3.56804e-34 -3.42216e-32 -2.90547e-35 -8.95512e-34 -1.35036e-36 -1.42194e-35 -6.22935e-38 -9.54835e-38
 8.79464e-09  1.07857e-21 -2.62875e-07 -2.87045e-20  2.44792e-06  3.25982e-19 -7.17043e-06 -2.00533e-18 -4.46995e-05  7.68039e-18  0.000550016  -1.9721e-17  -0.00277754  3.47727e-17   0.00868919 -3.98998e-17     -0.01819  1.99952e-17    0.0252689  2.34821e-17    -0.020929  -6.2769e-17   0.00552133  6.65974e-17   0.00672496 -3.80593e-17  -0.00523999   1.3017e-17   -0.0017627 -1.24222e-17    0.0023442  1.69602e-17  0.000792541 -3.57033e-18 -0.000782316 -1.46171e-17 -0.000464162  1.28387e-17  0.000130222  6.66206e-20  0.000198617  -1.8056e-18  4.20567e-05 -2.23282e-18 -3.86377e-05 -2.42221e-19 -3.06184e-05  2.56033e-18  -6.0408e-06 -1.31366e-19  4.09798e-06 -1.00046e-18   3.6632e-06 -4.60642e-20  1.23944e-06  2.32966e-19  5.06632e-09  5.91045e-20 -2.20453e-07 -2.17916e-20 -1.28849e-07 -1.15931e-20 -4.04697e-08 -2.03493e-21 -4.91169e-09 -5.35353e-21   2.4508e-09 -1.05319e-21   1.9088e-09  3.19664e-21  7.51553e-10  1.19416e-21  2.02611e-10 -7.00354e-22  3.53028e-11 -4.12577e-22  1.03369e-12  1.08167e-22 -1.99993e-12  1.27652e-22 -9.41028e-13  5.89488e-24 -2.81507e-13 -2.91327e-23 -6.51764e-14 -1.19308e-23 -1.22025e-14  8.15992e-25 -1.82737e-15  1.95728e-24  -2.0024e-16  3.56441e-25 -9.29367e-18 -2.02279e-25  2.33601e-18 -1.05966e-25  8.34811e-19 -7.11413e-27  1.66485e-19  6.85009e-27  2.54756e-20  1.57086e-27  3.22131e-21 -1.75245e-28  3.45456e-22 -8.60145e-29  3.16912e-23  7.98125e-30  2.48601e-24  8.16136e-30  1.65644e-25  1.76937e-30   9.2572e-27  2.00367e-31  4.25519e-28  1.15169e-32  1.56238e-29 -3.55508e-34  4.38174e-31 -1.39962e-34  8.71983e-33 -1.14259e-35  1.06009e-34 -5.72926e-37  4.47583e-37 -2.06411e-38
 2.63521e-23  4.67257e-08  8.71568e-22 -9.67743e-07 -5.33159e-20  8.91998e-06  6.18277e-19 -4.22322e-05 -3.52086e-18  7.16905e-05  1.22712e-17  0.000337127 -2.87454e-17  -0.00272843  4.66843e-17   0.00947451 -4.99011e-17   -0.0201768  2.34821e-17    0.0271926  2.58845e-17   -0.0204317 -6.39894e-17   0.00252534  5.99536e-17   0.00885851 -2.57613e-17  -0.00442155  4.05248e-18  -0.00317045 -1.20107e-17   0.00206695  2.14362e-17   0.00143986 -6.15833e-18  -0.00056264 -1.45763e-17 -0.000673794  1.11336e-17 -2.15748e-05  2.67416e-18  0.000214606 -1.41675e-18  0.000100102 -3.94859e-18 -1.53405e-05 -2.06718e-19 -3.54727e-05  2.95445e-18 -1.51174e-05  1.10737e-19  1.22176e-07 -1.05766e-18   3.4704e-06  -1.8306e-19  1.99802e-06  2.08192e-19  5.03755e-07  8.95764e-20 -6.00309e-08 -4.66291e-21 -1.17855e-07 -8.34554e-21 -5.91921e-08 -6.30918e-21 -1.74819e-08 -8.86702e-21 -2.31622e-09  -8.4974e-22  7.36311e-10  4.02861e-21  6.28317e-10  1.34958e-21  2.52035e-10 -8.06869e-22  7.11694e-11 -4.60287e-22   1.4609e-11  1.27469e-22  1.80377e-12  1.45929e-22 -1.00626e-13  6.69325e-24 -1.37801e-13 -3.28852e-23 -4.89386e-14 -1.33546e-23 -1.22876e-14  9.35605e-25 -2.47799e-15  2.12787e-24 -4.16349e-16  3.54599e-25 -5.85343e-17 -2.21399e-25 -6.72933e-18 -1.08232e-25 -5.83686e-19 -7.81447e-27 -2.61003e-20  5.49371e-27    2.595e-21  1.06161e-27  8.37632e-22 -1.91297e-28  1.28215e-22 -5.70211e-29  1.44768e-23  1.40571e-29  1.31187e-24  8.45543e-30  9.77358e-26  1.82228e-30  5.99881e-27   2.3859e-31  2.99996e-28  2.06307e-32    1.194e-29  1.01851e-33  3.63244e-31   1.4078e-35  7.86675e-33 -1.10399e-36  1.04358e-34 -1.42872e-37  5.17942e-37
-1.94253e-09  9.75572e-22  1.27489e-07 -8.30629e-21 -2.35246e-06 -6.19221e-20  2.14084e-05  1.00187e-18 -0.000111067 -5.52094e-18  0.000317159  1.77491e-17  -0.00022536 -3.82019e-17  -0.00198953  5.75822e-17   0.00923246 -5.79225e-17    -0.020929  2.58845e-17    0.0278348   2.7029e-17   -0.0189057 -6.19869e-17 -0.000714656  5.02993e-17    0.0103517 -1.23832e-17   -0.0029943 -4.91671e-18  -0.00438889 -1.11853e-17   0.00140042  2.50875e-17   0.00198365  -7.8218e-18 -0.000165329 -1.50968e-17 -0.000792591  9.10053e-18 -0.000218218  5.68959e-18  0.000176671 -9.25361e-19  0.000149492 -5.58295e-18   2.1872e-05 -4.15446e-19 -2.99208e-05  3.28543e-18 -2.22335e-05  4.28942e-19  -5.4997e-06 -1.05112e-18  1.76739e-06 -3.21173e-19   2.1898e-06  1.58358e-19   9.6599e-07  1.08363e-19  1.88081e-07  1.70557e-20  -4.5461e-08 -1.23335e-21 -5.42988e-08 -1.07324e-20 -2.48515e-08 -1.26217e-20 -7.18501e-09 -6.50546e-22 -1.12844e-09  4.82051e-21  1.30422e-10  1.47328e-21  1.68465e-10 -9.19399e-22  7.15298e-11 -4.99108e-22  2.11539e-11  1.49982e-22  4.79555e-12  1.61803e-22  8.16988e-13    6.205e-24  8.44754e-14 -3.61366e-23  -4.5876e-15 -1.41209e-23 -5.00073e-15  1.23525e-24 -1.53612e-15  2.26093e-24 -3.37345e-16  3.35816e-25 -6.00608e-17 -2.30615e-25 -9.02324e-18 -1.05308e-25 -1.15959e-18 -8.64443e-27 -1.27489e-19  3.65321e-27 -1.18536e-20  4.61327e-28 -9.05328e-22 -2.17122e-28  -5.2851e-23 -3.38733e-29 -1.81165e-24  1.83923e-29  4.44162e-26  8.56017e-30  1.29487e-26  1.82948e-30  1.17648e-27  2.55624e-31  7.07559e-29  2.51146e-32  3.06289e-30  1.72824e-33  9.41485e-32  8.44382e-35  1.89489e-33  2.44613e-36  1.97423e-35 -3.53424e-39
-7.89733e-23  3.83267e-09  6.70107e-21  1.41582e-07 -5.09943e-20 -3.73994e-06  8.76899e-21  3.75657e-05  1.38703e-18 -0.000209793 -7.79491e-18  0.000694611  2.33377e-17  -0.00116926 -4.63747e-17 -0.000481678  6.54237e-17   0.00786682  -6.2769e-17   -0.0204317   2.7029e-17     0.027367  2.70347e-17   -0.0167102 -5.77859e-17  -0.00382732  3.97146e-17    0.0110911  1.95671e-20  -0.00115417 -1.31316e-17  -0.00524028 -9.77771e-18  0.000425361  2.78187e-17   0.00231338 -8.47934e-18  0.000354878 -1.64162e-17 -0.000777091  6.96584e-18 -0.000420006  8.91011e-18  8.23758e-05  -2.8939e-19  0.000173226 -7.03632e-18  6.48577e-05 -8.52378e-19 -1.28391e-05  3.49686e-18 -2.41446e-05  7.94989e-19 -1.10499e-05 -9.70962e-19 -1.20193e-06 -4.41467e-19  1.55432e-06  8.69906e-20  1.16592e-06  1.12357e-19  4.29108e-07  4.06638e-20  6.88743e-08  8.49292e-21 -2.21899e-08 -1.49079e-20 -2.17899e-08 -1.61408e-20  -9.4695e-09 -3.42698e-22 -2.75211e-09   5.5462e-21 -5.11148e-10  1.53399e-21 -1.52269e-11 -1.04064e-21  3.28855e-11  -5.2562e-22  1.62555e-11   1.7448e-22  5.10146e-12  1.73214e-22  1.23428e-12  3.77923e-24  2.39875e-13 -3.86856e-23  3.67573e-14 -1.40548e-23  3.93259e-15  1.73147e-24  9.66395e-17  2.35843e-24 -8.15875e-17  3.11703e-25 -2.58198e-17 -2.25863e-25 -5.18402e-18 -9.74906e-26 -8.19274e-19 -9.65187e-27 -1.08072e-19  1.52851e-27 -1.21582e-20 -1.60516e-28 -1.17464e-21 -2.48546e-28 -9.73577e-23 -1.76229e-29 -6.87437e-24  2.08102e-29 -4.08249e-25  8.37073e-30 -1.99865e-26  1.75576e-30 -7.82137e-28  2.48327e-31 -2.32783e-29  2.50237e-32 -4.81057e-31  1.80123e-33 -5.54223e-33  8.83465e-35  -8.2837e-36  2.17567e-36  2.26221e-37
-2.31124e-09 -7.90006e-22  6.16626e-08  2.86089e-20 -3.55742e-07 -1.81239e-19 -2.43685e-06  2.71185e-19  4.64683e-05  1.62831e-18 -0.000307409  -9.9916e-18    0.0011411  2.79672e-17  -0.00240062 -5.14151e-17   0.00168137   6.8625e-17   0.00552133 -6.39894e-17   -0.0189057  2.70347e-17    0.0261191  2.62066e-17   -0.0142249 -5.25683e-17  -0.00655135   3.0161e-17    0.0110998  9.78013e-18  0.000870465 -2.01685e-17  -0.00562321  -7.7559e-18 -0.000728719  2.99141e-17   0.00235925 -8.28292e-18  0.000915823 -1.86317e-17 -0.000611012  4.89211e-18 -0.000581519  1.21205e-17 -5.56529e-05  5.22246e-19  0.000159067 -8.21745e-18  0.000102036 -1.47419e-18  1.31017e-05  3.54595e-18 -1.88304e-05  1.16973e-18 -1.44352e-05 -8.16768e-19 -4.59371e-06 -5.27506e-19  1.42531e-07  1.46326e-21  9.49037e-07  1.01774e-19  5.50019e-07  6.31356e-20   1.7957e-07  1.88456e-20  2.67106e-08 -1.87061e-20  -7.9582e-09 -1.89786e-20 -7.54424e-09  2.21176e-22 -3.21672e-09  6.19487e-21 -9.52457e-10  1.51023e-21 -2.01186e-10 -1.16806e-21 -2.36868e-11   -5.366e-22  2.81223e-12  1.98713e-22  2.64068e-12   1.7776e-22  9.37104e-13 -1.20148e-24  2.41233e-13 -4.03846e-23  5.01024e-14  -1.3105e-23  8.64726e-15  2.39286e-24  1.23674e-15  2.42444e-24  1.40965e-16  2.95623e-25  1.10809e-17 -2.04866e-25  1.21708e-19 -8.56537e-26 -1.52135e-19  -1.0783e-26 -3.45906e-20 -6.35653e-28 -5.09048e-21 -7.32654e-28 -5.85539e-22 -2.78052e-28 -5.53609e-23 -7.37579e-30 -4.36791e-24  2.14704e-29 -2.87554e-25  7.84033e-30 -1.56357e-26  1.59069e-30 -6.88303e-28  2.19404e-31 -2.37309e-29   2.1395e-32   -6.063e-31  1.44678e-33 -1.03713e-32  6.00085e-35  -9.4666e-35  9.17885e-37
-3.97396e-22  -1.3102e-08 -3.85153e-21  2.69811e-07  9.22404e-20 -2.23805e-06 -4.90976e-19  6.65415e-06  8.65385e-19  2.73496e-05  1.59635e-18 -0.000342754 -1.17413e-17   0.00152339  3.05552e-17  -0.00369932 -5.18925e-17   0.00421077  6.65974e-17   0.00252534 -6.19869e-17   -0.0167102  2.62066e-17    0.0244612  2.48443e-17   -0.0117586 -4.71994e-17   -0.0087577  2.30454e-17    0.0104931   1.5877e-17   0.00287003 -2.59902e-17  -0.00551566 -5.21698e-18  -0.00191571  3.19009e-17   0.00210154 -7.51631e-18   0.00142702 -2.16779e-17 -0.000308493  2.95713e-18 -0.000662839  1.51095e-17 -0.000212288  1.51793e-18   0.00010361 -9.05139e-18  0.000121728 -2.21705e-18  4.18392e-05  3.40956e-18 -6.45343e-06  1.51092e-18 -1.39729e-05 -5.98306e-19 -7.22217e-06 -5.68777e-19 -1.64941e-06 -8.80167e-20  3.20459e-07   8.0056e-20  4.74231e-07  8.17905e-20  2.35008e-07  2.75448e-20  7.16268e-08 -2.22569e-20  1.12258e-08 -2.08036e-20 -1.94215e-09  1.16714e-21 -2.18762e-09  6.76112e-21 -9.46793e-10  1.39597e-21 -2.87385e-10 -1.29153e-21 -6.62182e-11 -5.28693e-22  -1.1072e-11  2.19598e-22 -9.16642e-13  1.73039e-22  1.90745e-13 -9.16365e-24  1.13449e-13 -4.11826e-23  3.32564e-14 -1.13766e-23  7.34328e-15  3.14124e-24  1.33364e-15  2.46268e-24  2.05204e-16  2.98424e-25  2.69674e-17 -1.68186e-25  3.00955e-18 -7.11627e-26  2.78928e-19 -1.19098e-26  2.02634e-20 -2.59808e-27  9.50108e-22 -1.19392e-27 -7.02786e-24 -2.96899e-28 -7.21805e-24  -1.1615e-30 -9.04908e-25  2.07201e-29 -7.42688e-26  6.99095e-30 -4.54929e-27  1.34926e-30  -2.1217e-28  1.76154e-31 -7.36648e-30  1.58964e-32 -1.78722e-31  9.37604e-34 -2.63124e-33  2.88607e-35 -1.53626e-35
