   0.0390153  1.61126e-16   -0.0307676 -3.24011e-16   -0.0156562 -5.42469e-17  -0.00381355  1.01109e-16  0.000508564  9.42464e-17   0.00124744  1.90947e-17  0.000934077 -3.77094e-17   0.00053006 -3.09986e-17  0.000261155 -4.94425e-18  0.000117709  4.43629e-18  4.99203e-05   2.6134e-18  2.02774e-05  3.29026e-19  7.97799e-06 -1.77907e-19  3.05743e-06 -9.77804e-20  1.14178e-06 -1.16982e-20  4.13966e-07  2.14594e-20  1.44821e-07   2.1523e-20  4.85507e-08  1.10526e-20  1.54979e-08  2.77611e-21  4.68543e-09 -9.47604e-22    1.336e-09 -1.78086e-21   3.5813e-10 -1.40209e-21   9.0019e-11 -7.73712e-22  2.11688e-11 -3.12621e-22  4.64626e-12 -8.53635e-23  9.49116e-13 -8.57829e-24  1.79737e-13  5.92794e-24  3.13676e-14  4.47554e-24  4.99606e-15  1.98415e-24  7.13637e-16  7.45953e-25  8.81678e-17   2.7443e-25   8.5587e-18   1.0147e-25  4.03896e-19  3.55435e-26 -7.71747e-20  1.10088e-26 -2.97095e-20  2.88001e-27  -6.3908e-21  6.21495e-28 -1.10027e-21  1.13705e-28 -1.64595e-22  2.22615e-29 -2.20874e-23  7.02066e-30 -2.69955e-24  2.92417e-30  -3.0292e-25  1.10235e-30 -3.13396e-26  3.40385e-31 -2.99539e-27  8.55164e-32 -2.64616e-28   1.7456e-32 -2.15921e-29  2.84171e-33  -1.6247e-30  3.47335e-34  -1.1244e-31  2.55779e-35 -7.13131e-33 -5.70923e-37 -4.12519e-34 -4.67996e-37  -2.1628e-35 -5.57429e-38 -1.01923e-36  2.98228e-39 -4.26845e-38    2.583e-39 -1.56262e-39  6.20673e-40 -4.87138e-41  1.02795e-40 -1.23176e-42  1.33397e-41 -2.23877e-44  1.40575e-42 -1.52354e-46  1.20783e-43  7.47205e-48  8.35467e-45  3.64524e-49  4.53532e-46  9.15968e-51  1.85392e-47  1.49556e-52  5.31749e-49  1.54249e-54  9.27111e-51  8.21874e-57  6.32283e-53
 1.61126e-16    0.0831591  3.32586e-16   -0.0215544 -4.29024e-16   -0.0261137 -1.36833e-16   -0.0125907  1.68606e-16  -0.00350042  1.86752e-16  0.000120716   2.9529e-17  0.000930871 -7.35847e-17   0.00078477 -5.44833e-17   0.00048136  -9.6669e-18  0.000252999  5.41684e-18  0.000120459  3.07647e-18  5.32966e-05  2.25561e-19  2.21912e-05 -3.23496e-19  8.74537e-06 -1.33014e-19  3.26734e-06  4.49186e-20  1.15631e-06  9.73195e-20  3.86803e-07  7.34765e-20  1.21967e-07  3.44473e-20  3.61444e-08  8.30141e-21  1.00355e-08 -2.95102e-21  2.60184e-09 -5.23796e-21  6.27411e-10 -3.87867e-21  1.39988e-10 -1.97983e-21  2.86783e-11 -7.28769e-22  5.32619e-12 -1.74006e-22  8.75594e-13 -7.69122e-24  1.20702e-13  1.70515e-23  1.17113e-14  1.09927e-23 -4.69684e-17  4.81051e-24 -3.97259e-16  1.87417e-24 -1.30351e-16  7.09485e-25 -3.05383e-17  2.57841e-25 -6.02155e-18  8.52322e-26 -1.05249e-18    2.444e-26  -1.6684e-19  5.90768e-27 -2.42707e-20  1.20474e-27  -3.2616e-21  2.29455e-28 -4.06407e-22  5.61284e-29 -4.70457e-23  2.03419e-29 -5.06309e-24  7.87217e-30 -5.06451e-25   2.6285e-30 -4.70335e-26  7.23262e-31 -4.04748e-27  1.62986e-31 -3.21834e-28   2.9761e-32 -2.35517e-29  4.25385e-33 -1.57754e-30  4.28881e-34 -9.59771e-32  1.78988e-35 -5.24417e-33 -3.07001e-36 -2.52764e-34 -6.76267e-37 -1.04047e-35 -2.08581e-38 -3.40162e-37  1.89334e-38 -6.82408e-39  5.95029e-39  9.47447e-41  1.13126e-39  1.80785e-41  1.63248e-40  1.09418e-42  1.89697e-41  4.65491e-44   1.8006e-42  1.54554e-45  1.38768e-43  4.08859e-47  8.51753e-45  8.52597e-49  4.03065e-46  1.35361e-50  1.39431e-47  1.52807e-52  3.19674e-49  1.06426e-54  3.85425e-51  2.96042e-57
  -0.0307676  3.32586e-16    0.0887876  3.70079e-16  0.000653334  -3.9085e-16   -0.0243233 -1.25679e-16   -0.0183733  2.60248e-16  -0.00864352  2.55638e-16  -0.00271214  1.61449e-17 -0.000250513 -1.07551e-16  0.000412848 -7.13305e-17  0.000413711 -1.53558e-17  0.000267749  2.38593e-18  0.000143159  1.22844e-18  6.76894e-05 -6.09126e-19  2.90951e-05 -5.73824e-19  1.15128e-05 -6.40699e-20  4.21676e-06   2.3246e-19  1.43179e-06  2.62233e-19  4.50231e-07  1.69214e-19  1.30689e-07  7.29886e-20   3.4813e-08  1.53444e-20  8.42437e-09 -7.59331e-21  1.81763e-09 -1.10408e-20  3.36036e-10 -7.43748e-21  4.76565e-11 -3.46417e-21  2.68878e-12 -1.14879e-21 -1.30073e-12 -2.30415e-22 -6.71859e-13  1.02945e-23 -2.12372e-13  3.42169e-23 -5.46311e-14  1.96291e-23 -1.23024e-14  8.53627e-24 -2.49873e-15   3.3883e-24 -4.64695e-16  1.27821e-24 -7.98045e-17  4.46008e-25 -1.27204e-17  1.37983e-25  -1.8876e-18  3.66714e-26 -2.61215e-19  8.27495e-27 -3.37347e-20  1.65128e-27 -4.06545e-21  3.52289e-28 -4.56804e-22  1.05194e-28 -4.77795e-23  3.92687e-29 -4.64039e-24  1.38634e-29 -4.16945e-25  4.14201e-30 -3.44756e-26  1.02311e-30 -2.60277e-27  2.07017e-31 -1.77207e-28  3.35953e-32 -1.06504e-29  4.12607e-33 -5.41118e-31  3.15378e-34 -2.06759e-32 -2.39975e-36 -2.93747e-34 -4.46159e-36   4.1051e-35 -4.39147e-37  5.26378e-36  7.52266e-38  4.04936e-37  3.71326e-38  2.44151e-38  8.32213e-39  1.22957e-39   1.3454e-39  5.27782e-41  1.72559e-40  1.93804e-42  1.80484e-41  6.05361e-44  1.54147e-42  1.58711e-45  1.06073e-43  3.41645e-47  5.73284e-45  5.83403e-49  2.33525e-46  7.47508e-51  6.67919e-48  6.50173e-53  1.16086e-49  3.04999e-55  7.87267e-52
-3.24011e-16   -0.0215544  3.70079e-16    0.0717393  2.28742e-16    0.0152835 -3.32044e-16   -0.0167646 -1.46696e-17   -0.0194272  3.75182e-16   -0.0123801  2.80477e-16  -0.00588746  -2.0765e-17  -0.00218165 -1.35462e-16 -0.000570935 -8.30337e-17 -3.44034e-05 -2.40056e-17  7.74868e-05 -4.76066e-18   6.5266e-05 -2.72029e-18  3.60976e-05  -2.0993e-18   1.6219e-05 -8.02096e-19  6.25296e-06  2.27889e-19  2.09667e-06  6.08675e-19  6.04768e-07  5.29967e-19  1.43038e-07  3.05009e-19  2.32258e-08  1.19421e-19 -3.65496e-10   1.8918e-20  -2.3159e-09 -1.64548e-20 -1.23597e-09 -1.88055e-20  -4.7195e-10 -1.13292e-20 -1.51257e-10 -4.76943e-21 -4.28548e-11 -1.40298e-21 -1.09914e-11  -2.1621e-22 -2.58507e-12  4.80583e-23 -5.61885e-13  5.56321e-23 -1.13433e-13  2.93146e-23 -2.13391e-14  1.26354e-23 -3.74863e-15  4.99839e-24 -6.15709e-16  1.83277e-24  -9.4607e-17   6.0524e-25  -1.3598e-17  1.74537e-25 -1.82687e-18  4.31632e-26 -2.29076e-19  9.26223e-27 -2.67461e-20   1.9059e-27 -2.89724e-21  4.78391e-28 -2.89592e-22  1.61446e-28  -2.6484e-23  5.81863e-29   -2.185e-24  1.86376e-29 -1.58424e-25  5.01159e-30 -9.51864e-27  1.11425e-30 -3.90757e-28  2.01825e-31  2.67912e-30  2.87444e-32  2.73948e-30  2.91578e-33   3.6726e-31  1.33404e-34  3.51188e-32 -1.64328e-35   2.7778e-33 -3.47791e-36   1.9017e-34  8.79762e-38  1.14679e-35   1.6979e-37  6.13017e-37  4.69856e-38  2.90579e-38  8.61102e-39  1.21699e-39   1.2226e-39  4.47206e-41  1.40733e-40  1.42684e-42  1.32662e-41  3.89485e-44  1.01647e-42  8.91029e-46  6.20791e-44  1.65854e-47  2.92566e-45  2.40192e-49  1.00875e-46  2.51297e-51  2.30557e-48  1.64206e-53  2.76709e-50  4.32734e-56
  -0.0156562 -4.29024e-16  0.000653334  2.28742e-16    0.0568295 -3.31659e-17    0.0216529 -3.03185e-16  -0.00913644  1.39609e-16   -0.0174946  4.65041e-16   -0.0140619  2.51158e-16  -0.00838595 -7.16891e-17  -0.00418176 -1.56642e-16  -0.00183471 -9.35087e-17 -0.000731653 -3.61428e-17 -0.000273734 -1.44931e-17  -9.9978e-05 -7.62556e-18 -3.73142e-05 -3.59787e-18 -1.46877e-05 -6.56101e-19 -6.06759e-06  8.79859e-19 -2.54013e-06  1.19183e-18 -1.03682e-06  8.78358e-19 -4.01839e-07  4.55414e-19 -1.45844e-07  1.57336e-19 -4.92855e-08  1.27768e-20 -1.54846e-08 -2.97206e-20 -4.52535e-09 -2.70336e-20  -1.2318e-09 -1.44567e-20 -3.12761e-10 -5.45179e-21 -7.41814e-11  -1.3855e-21 -1.64554e-11 -1.24459e-22 -3.41704e-12  9.96885e-23 -6.64616e-13  7.78826e-23 -1.21102e-13  3.84842e-23 -2.06674e-14  1.62881e-23 -3.30087e-15  6.29002e-24 -4.92661e-16  2.20326e-24  -6.8552e-17  6.82846e-25 -8.86025e-18  1.83439e-25 -1.05764e-18  4.26007e-26 -1.15521e-19  8.97471e-27 -1.13604e-20  2.02311e-27 -9.74261e-22  5.94417e-28 -6.73468e-23  2.08743e-28 -2.71774e-24  7.02912e-29  1.64577e-25  2.04065e-29  5.58292e-26  4.95185e-30  8.43069e-27  9.90148e-31  9.82135e-28  1.59349e-31  9.76064e-29  1.94807e-32  8.57535e-30  1.50444e-33  6.76437e-31  1.40511e-37   4.8242e-32 -1.70147e-35  3.11828e-33 -1.03905e-36  1.82618e-34  5.71113e-37  9.66619e-36  2.13929e-37  4.60477e-37   4.5284e-38  1.96236e-38  7.15585e-39  7.42129e-40  9.06725e-40   2.4646e-41  9.40654e-41  7.08948e-43  7.98163e-42  1.73429e-44  5.46182e-43  3.51803e-46   2.9381e-44  5.70523e-48  1.19229e-45  6.98633e-50  3.39894e-47  5.83868e-52  5.88399e-49  2.64391e-54  3.96228e-51
-5.42469e-17   -0.0261137  -3.9085e-16    0.0152835 -3.31659e-17    0.0486932 -3.25874e-16    0.0244993 -2.77862e-16  -0.00278845  2.81027e-16   -0.0141239   4.8539e-16   -0.0139203  1.74193e-16  -0.00972374 -1.25062e-16  -0.00567538  -1.7214e-16  -0.00295384 -1.04273e-16  -0.00142137 -4.94018e-17 -0.000647092 -2.39852e-17 -0.000282689 -1.16819e-17 -0.000119274 -4.14444e-18 -4.86059e-05  2.41486e-19  -1.9049e-05  1.94897e-18 -7.13582e-06  1.92697e-18  -2.5398e-06  1.24254e-18 -8.54719e-07  5.77511e-19 -2.71022e-07  1.68133e-19 -8.07926e-08 -6.27092e-21 -2.26126e-08 -4.51718e-20 -5.93796e-09 -3.35548e-20 -1.46241e-09 -1.58745e-20   -3.377e-10 -5.29875e-21 -7.30954e-11 -1.10296e-21 -1.48221e-11  1.95179e-23 -2.81308e-12  1.53612e-22 -4.98939e-13  9.68073e-23 -8.24998e-14  4.53308e-23 -1.26691e-14  1.86154e-23  -1.7959e-15   6.9036e-24 -2.32625e-16  2.28434e-24 -2.70319e-17  6.61666e-25 -2.71219e-18  1.66142e-25  -2.1191e-19  3.68919e-26 -7.40445e-21  7.99758e-27  1.47308e-21  2.06006e-27  4.37121e-22  6.72093e-28  7.59172e-23  2.31223e-28  1.06218e-23  7.16433e-29  1.29248e-24  1.88507e-29  1.40917e-25  4.12842e-30  1.39609e-26   7.3919e-31  1.26571e-27  1.04277e-31  1.05362e-28  1.05113e-32  8.06202e-30  4.95834e-34  5.66794e-31 -4.85723e-35  3.65513e-32 -8.84653e-36  2.15619e-33  1.23892e-36   1.1591e-34  7.98516e-37  5.65018e-36  2.01252e-37  2.48199e-37  3.57047e-38  9.74857e-39  4.98943e-39  3.39024e-40  5.68703e-40  1.03098e-41  5.32136e-41   2.6976e-43  4.05215e-42  5.94268e-45  2.46181e-43  1.06924e-46  1.15519e-44  1.50168e-48  3.96866e-46  1.52799e-50    9.037e-48  9.73568e-53  1.07844e-49  2.50763e-55
 -0.00381355 -1.36833e-16   -0.0243233 -3.32044e-16    0.0216529 -3.25874e-16    0.0442411 -5.53423e-16    0.0262373 -2.10816e-16   0.00254234  3.79341e-16   -0.0100277  4.32545e-16   -0.0122886  7.54942e-17  -0.00972997 -1.68098e-16   -0.0062847 -1.80384e-16  -0.00357136 -1.12291e-16  -0.00185019 -5.93637e-17 -0.000890541 -3.00315e-17 -0.000402192 -1.30889e-17 -0.000171181 -2.96775e-18 -6.87376e-05  2.03328e-18 -2.60232e-05  3.32755e-18  -9.2761e-06  2.67621e-18  -3.1087e-06  1.52872e-18 -9.78262e-07  6.27761e-19 -2.88776e-07  1.41454e-19 -7.99009e-08 -3.53319e-20 -2.07067e-08  -5.8724e-20 -5.02209e-09  -3.6474e-20 -1.13867e-09 -1.52141e-20 -2.40962e-10 -4.40351e-21 -4.74729e-11  -6.5548e-22 -8.67297e-12  1.74172e-22 -1.45986e-12   1.9748e-22 -2.23904e-13  1.08591e-22 -3.06473e-14  4.83305e-23 -3.57734e-15  1.90379e-23 -3.11367e-16  6.70099e-24 -6.83755e-18  2.08058e-24  4.92791e-18  5.62944e-25   1.4893e-18  1.33365e-25  2.99172e-19  2.92041e-26  4.97694e-20  6.86865e-27  7.29449e-21  2.01868e-27   9.6663e-22  6.84037e-28  1.17317e-22  2.22437e-28  1.31315e-23  6.29776e-29  1.36074e-24  1.50102e-29  1.30783e-25  2.95947e-30  1.16653e-26  4.70436e-31  9.65287e-28  5.68317e-32  7.40166e-29  4.35201e-33  5.24943e-30  1.65354e-35  3.43484e-31 -3.92163e-35  2.06685e-32  2.40821e-37  1.13913e-33  2.42189e-36   5.7223e-35  7.66392e-37  2.60434e-36  1.54728e-37  1.06606e-37  2.39379e-38  3.88963e-39   2.9966e-39  1.25083e-40  3.08239e-40  3.49479e-42  2.59761e-41  8.32553e-44  1.76723e-42  1.64831e-45  9.46035e-44  2.61399e-47  3.82363e-45  3.13565e-49  1.08599e-46  2.57124e-51  1.87095e-48  1.14419e-53  1.24908e-50
 1.01109e-16   -0.0125907 -1.25679e-16   -0.0167646 -3.03185e-16    0.0244993 -5.53423e-16    0.0415303 -6.27004e-16      0.02767 -7.22751e-17    0.0072764  4.36872e-16  -0.00545968  3.43305e-16  -0.00942819 -8.72524e-18  -0.00841646 -1.87597e-16  -0.00585296 -1.76125e-16  -0.00349826 -1.12023e-16  -0.00187147 -6.17875e-17 -0.000914376 -3.02948e-17 -0.000412391 -1.08515e-17  -0.00017266  7.51461e-20 -6.73012e-05  4.48276e-18 -2.44563e-05   4.7393e-18 -8.28915e-06  3.25406e-18 -2.62046e-06  1.64956e-18 -7.72346e-07  5.83432e-19 -2.12052e-07   8.1939e-20 -5.41528e-08 -6.61716e-20 -1.28316e-08  -6.6304e-20 -2.80967e-09 -3.50349e-20 -5.64627e-10 -1.27954e-20 -1.02873e-10 -3.08022e-21 -1.65931e-11 -1.77659e-22 -2.24249e-12  3.00941e-22 -2.11713e-13  2.22284e-22   1.9259e-15  1.10889e-22  7.40962e-15  4.68409e-23  2.38434e-15  1.75322e-23   5.5368e-16  5.81119e-24  1.08724e-16  1.68774e-24  1.89936e-17  4.28232e-25  3.01934e-18  9.75159e-26  4.41955e-19  2.20109e-26  5.99703e-20  5.82004e-27  7.57382e-21  1.87005e-27  8.92311e-22  6.23348e-28  9.81878e-23  1.87971e-28   1.0095e-23  4.84578e-29  9.69524e-25  1.04423e-29   8.6911e-26  1.84323e-30  7.26286e-27  2.56327e-31  5.64818e-28   2.5429e-32  4.07868e-29  1.19073e-33   2.7275e-30 -9.81807e-35  1.68353e-31 -1.19828e-35  9.55398e-33  5.67868e-36  4.96154e-34  2.50978e-36  2.34464e-35  5.88842e-37  1.00144e-36  1.01509e-37  3.83431e-38  1.39701e-38  1.30272e-39  1.57654e-39  3.87769e-41  1.46394e-40  9.94758e-43  1.10767e-41  2.15164e-44  6.69317e-43  3.80597e-46  3.12667e-44  5.26104e-48     1.07e-45  5.27458e-50  2.42597e-47  3.31483e-52   2.8752e-49  8.43146e-55
 0.000508564  1.68606e-16   -0.0183733 -1.46696e-17  -0.00913644 -2.77862e-16    0.0262373 -6.27004e-16    0.0399286 -4.94911e-16    0.0291512  1.41375e-16     0.011745   4.7963e-16  -0.00051508  2.69394e-16  -0.00558849  -4.7949e-17  -0.00596568 -1.74315e-16  -0.00446229 -1.54425e-16  -0.00276011 -9.95927e-17  -0.00149308 -5.47923e-17  -0.00072474 -2.42982e-17 -0.000319931 -5.25481e-18 -0.000129397  4.38209e-18 -4.81441e-05  7.03384e-18 -1.65092e-05  5.83151e-18 -5.21868e-06  3.49895e-18 -1.51846e-06  1.56395e-18 -4.05182e-07   4.5492e-19 -9.84364e-08  7.45936e-21 -2.14714e-08 -8.92743e-20 -4.08423e-09 -6.58022e-20  -6.2936e-10 -2.98796e-20 -5.83164e-11 -9.40515e-21  6.65933e-12 -1.70012e-21  5.46357e-12   2.1886e-22  1.88437e-12  3.76542e-22  5.03309e-13  2.24511e-22  1.15978e-13  1.03585e-22  2.39873e-14  4.13852e-23  4.53818e-15  1.46141e-23  7.93657e-16  4.54028e-24  1.29114e-16  1.23392e-24  1.96167e-17  2.96652e-25  2.79055e-18  6.69863e-26  3.72255e-19  1.63428e-26  4.66075e-20  4.84404e-27  5.47871e-21  1.60645e-27   6.0459e-22  5.08596e-28  6.26027e-23  1.40824e-28  6.07727e-24  3.29656e-29  5.52454e-25  6.39807e-30  4.69566e-26  1.00128e-30  3.72474e-27  1.18816e-31  2.75113e-28  8.89308e-33  1.88703e-29  4.66053e-35  1.19816e-30 -5.97432e-35  7.01611e-32    8.524e-36  3.77228e-33  7.01697e-36  1.85252e-34  1.97891e-36   8.2577e-36   3.8393e-37  3.31605e-37  5.82467e-38  1.18866e-38  7.20509e-39   3.7602e-40  7.34768e-40  1.03465e-41  6.14877e-41  2.42986e-43  4.15844e-42   4.7468e-45  2.21505e-43  7.43385e-47  8.91515e-45  8.81285e-49  2.52164e-46  7.14712e-51  4.31963e-48  3.14799e-53  2.85425e-50
 9.42464e-17  -0.00350042  2.60248e-16   -0.0194272  1.39609e-16  -0.00278845 -2.10816e-16      0.02767 -4.94911e-16    0.0392177 -1.69488e-16    0.0308884  4.08365e-16    0.0161518  5.36341e-16   0.00468595   2.4796e-16  -0.00110714 -3.04896e-17  -0.00274938 -1.28374e-16  -0.00241966  -1.1565e-16  -0.00157594 -7.56499e-17 -0.000856837 -3.97234e-17 -0.000406044 -1.35853e-17 -0.000170966  2.26697e-18 -6.44896e-05  8.85962e-18  -2.1817e-05  9.03438e-18 -6.57889e-06  6.31684e-18 -1.73722e-06  3.34294e-18 -3.84056e-07  1.29659e-18  -6.1595e-08  2.80801e-19 -1.69665e-09 -5.97942e-20   3.8444e-09 -9.84015e-20  2.06867e-09 -5.78789e-20  7.57273e-10 -2.26248e-20  2.30559e-10 -5.92082e-21  6.19895e-11 -5.49284e-22  1.51125e-11  4.75307e-22  3.38816e-12  3.95851e-22  7.04497e-13  2.06252e-22    1.366e-13  8.87829e-23  2.47902e-14  3.34195e-23  4.22149e-15  1.10793e-23  6.75724e-16  3.22057e-24  1.01788e-16  8.23133e-25  1.44397e-17  1.91278e-25  1.92979e-18  4.46958e-26  2.42976e-19  1.21359e-26  2.88144e-20  3.87872e-27  3.21681e-21  1.26409e-27  3.37813e-22  3.72552e-28  3.33361e-23  9.41908e-29   3.0873e-24  1.99552e-29  2.67908e-25   3.4648e-30  2.17431e-26  4.73062e-31  1.64673e-27  4.58162e-32  1.16081e-28  2.07461e-33  7.59328e-30 -1.44344e-34   4.5929e-31 -1.40862e-36  2.55822e-32  1.63505e-35  1.30577e-33  5.87601e-36  6.07254e-35  1.30252e-36  2.55535e-36  2.18877e-37  9.64899e-38  2.96884e-38  3.23603e-39  3.31735e-39  9.51619e-41  3.05665e-40  2.41356e-42  2.29782e-41  5.16478e-44  1.38091e-42   9.0439e-46  6.42129e-44  1.23828e-47  2.18835e-45  1.23034e-49  4.93703e-47  7.66734e-52  5.80362e-49   1.9355e-54
  0.00124744  1.86752e-16  -0.00864352  3.75182e-16   -0.0174946  2.81027e-16   0.00254234 -7.22751e-17    0.0291512 -1.69488e-16    0.0392992  2.75548e-16    0.0329626  6.90151e-16    0.0205157  6.19197e-16   0.00987769  2.85461e-16   0.00353029  3.30841e-17  0.000698873 -6.08541e-17 -0.000178718 -6.67908e-17 -0.000270379  -4.5129e-17 -0.000165583  -2.0357e-17  -7.0944e-05  -9.8519e-19 -2.16172e-05  9.76072e-18  -3.1472e-06  1.23795e-17  1.43738e-06  9.99689e-18  1.56508e-06  6.08814e-18  8.98745e-07  2.83911e-18  4.04316e-07  9.25505e-19  1.56044e-07  1.09317e-19  5.36226e-08 -1.03358e-19  1.67288e-08 -9.28741e-20  4.79392e-09  -4.5319e-20  1.27171e-09 -1.50962e-20  3.13993e-10 -2.99759e-21   7.2446e-11  2.34788e-22  1.56665e-11  5.85793e-22  3.18258e-12  3.68015e-22   6.0841e-13  1.73703e-22  1.09596e-13  6.99782e-23  1.86204e-14  2.47314e-23  2.98593e-15  7.67603e-24  4.52107e-16  2.09106e-24  6.46479e-17    5.086e-25  8.72975e-18  1.17952e-25  1.11295e-18  2.97704e-26  1.33902e-19  8.93727e-27   1.5193e-20  2.92439e-27  1.62436e-21   9.0615e-28  1.63467e-22  2.45857e-28  1.54642e-23  5.65228e-29  1.37308e-24  1.07834e-29  1.14221e-25  1.65673e-30  8.88288e-27  1.92103e-31  6.44243e-28   1.3889e-32    4.345e-29  7.98863e-35    2.716e-30 -5.44518e-35  1.56744e-31  2.98527e-35  8.31392e-33  1.53349e-35  4.03145e-34   3.9744e-36  1.77585e-35  7.45298e-37  7.05247e-37  1.11048e-37  2.50176e-38  1.35786e-38  7.83678e-40  1.37284e-39  2.13651e-41  1.14075e-40  4.97398e-43  7.66899e-42  9.63693e-45  4.06456e-43  1.49748e-46   1.6288e-44  1.76221e-48  4.58607e-46   1.4192e-50  7.80387e-48  6.21148e-53  5.09382e-50
 1.90947e-17  0.000120716  2.55638e-16   -0.0123801  4.65041e-16   -0.0141239  3.79341e-16    0.0072764  1.41375e-16    0.0308884  2.75548e-16    0.0400727  7.38139e-16    0.0352791  9.44217e-16    0.0246195  7.17542e-16    0.0146095  3.60096e-16   0.00772357  1.16812e-16   0.00378933  1.04738e-17   0.00179443 -1.83259e-17  0.000846119   -1.465e-17  0.000401875 -1.15229e-18  0.000190224  1.05421e-17  8.77701e-05  1.55074e-17  3.86641e-05  1.41907e-17  1.60371e-05   9.7662e-18   6.2182e-06  5.24844e-18  2.24769e-06  2.13298e-18  7.57299e-07  5.46355e-19  2.38094e-07 -2.18348e-20  6.99708e-08 -1.17942e-19  1.92566e-08 -7.67571e-20  4.97199e-09 -3.15705e-20  1.20642e-09 -8.67518e-21  2.75512e-10 -9.38357e-22  5.92945e-11  6.50129e-22  1.20392e-11  5.79726e-22  2.30822e-12  3.09778e-22  4.18178e-13  1.34753e-22  7.16261e-14  5.08241e-23  1.16026e-14  1.68215e-23  1.77783e-15   4.8862e-24  2.57673e-16  1.25544e-24    3.532e-17  2.96954e-25  4.57721e-18  7.16437e-26  5.60516e-19  1.99794e-26  6.48167e-20  6.38558e-27  7.07168e-21  2.04588e-27  7.27167e-22  5.90957e-28  7.03839e-23  1.46626e-28  6.40311e-24  3.05172e-29  5.46553e-25  5.20188e-30  4.36836e-26  6.94799e-31  3.26165e-27  6.52288e-32   2.2689e-28  2.80574e-33  1.46588e-29 -1.48778e-34  8.76434e-31  3.51774e-35   4.8289e-32  3.46968e-35  2.43974e-33  1.09037e-35  1.12377e-34   2.3075e-36  4.68635e-36  3.78997e-37  1.75457e-37  5.07046e-38  5.83735e-39  5.61082e-39  1.70362e-40  5.13005e-40  4.28994e-42  3.83156e-41  9.11787e-44  2.29006e-42  1.58635e-45  1.05995e-43  2.15879e-47  3.59628e-45  2.13272e-49  8.06765e-47   1.3219e-51  9.39299e-49   3.3232e-54
 0.000934077   2.9529e-17  -0.00271214  2.80477e-16   -0.0140619   4.8539e-16   -0.0100277  4.36872e-16     0.011745  4.08365e-16    0.0329626  7.38139e-16     0.041327  1.12815e-15    0.0375192  1.13519e-15    0.0280207  8.04956e-16    0.0183176  4.36681e-16     0.010888  1.91754e-16   0.00603187  6.87153e-17   0.00316023  2.06138e-17    0.0015755  1.03506e-17  0.000747407  1.43632e-17  0.000336297  1.88645e-17  0.000142937  1.85377e-17  5.71913e-05  1.41145e-17  2.14936e-05  8.53121e-18   7.5792e-06  4.04995e-18  2.50731e-06  1.39819e-18   7.7853e-07  2.35238e-19  2.27091e-07 -9.67137e-20  6.22935e-08 -1.08542e-19  1.60875e-08 -5.61421e-20  3.91578e-09 -1.94022e-20  8.99249e-10 -4.01821e-21  1.95018e-10  2.63813e-22  3.99716e-11  7.77102e-22  7.74816e-12  5.00637e-22  1.42117e-12  2.39029e-22  2.46751e-13  9.65953e-23  4.05641e-14  3.40833e-23  6.31445e-15  1.05523e-23  9.30718e-16  2.87711e-24  1.29868e-16  7.06821e-25  1.71489e-17  1.68069e-25  2.14191e-18  4.38293e-26  2.52877e-19   1.3354e-26  2.81967e-20  4.33096e-27  2.96638e-21  1.31777e-27  2.94083e-22  3.50802e-28  2.74356e-23  7.91933e-29  2.40458e-24  1.48321e-29  1.97615e-25  2.23143e-30  1.51949e-26  2.51627e-31  1.09036e-27  1.74008e-32   7.2807e-29  1.17651e-34  4.50853e-30  1.07473e-37  2.57904e-31  6.61678e-35  1.35661e-32  2.67924e-35  6.52679e-34  6.50562e-36  2.85381e-35  1.18455e-36  1.12543e-36  1.73578e-37  3.96593e-38  2.09892e-38  1.23457e-39  2.10407e-39  3.34584e-41  1.73609e-40  7.74564e-43  1.16022e-41  1.49268e-44  6.11836e-43  2.30776e-46  2.44082e-44  2.70279e-48  6.83784e-46  2.16741e-50  1.15459e-47  9.44629e-53  7.42857e-50
-3.77094e-17  0.000930871  1.61449e-17  -0.00588746  2.51158e-16   -0.0139203  4.32545e-16  -0.00545968   4.7963e-16    0.0161518  6.90151e-16    0.0352791  1.12815e-15    0.0426628  1.39147e-15    0.0391588  1.24071e-15    0.0301666  8.52879e-16    0.0204925  4.83767e-16    0.0126254  2.37329e-16   0.00717086  1.04071e-16   0.00378838  4.54713e-17   0.00186971  2.71504e-17  0.000863541  2.43839e-17  0.000373435  2.30951e-17  0.000151239  1.87615e-17   5.7381e-05  1.24895e-17  2.04068e-05  6.70337e-18  6.80838e-06  2.78447e-18  2.13313e-06  7.73243e-19  6.28321e-07  2.82573e-20  1.74199e-07 -1.20208e-19  4.55096e-08 -8.54588e-20  1.12157e-08 -3.64178e-20  2.61006e-09 -1.02576e-20  5.74053e-10 -1.13706e-21  1.19417e-10  7.96749e-22  2.35107e-11  7.22538e-22  4.38299e-12  3.89983e-22  7.73996e-13  1.70253e-22    1.295e-13  6.41306e-23  2.05308e-14   2.1154e-23  3.08409e-15  6.13241e-24  4.38888e-16  1.58214e-24  5.91488e-17  3.80556e-25  7.54566e-18  9.47063e-26  9.10619e-19  2.71225e-26  1.03878e-19  8.69142e-27  1.11903e-20  2.74629e-27  1.13709e-21  7.78857e-28  1.08845e-22  1.89714e-28  9.79942e-24  3.87612e-29  8.28311e-25  6.47475e-30  6.55975e-26  8.43181e-31  4.85565e-27   7.6239e-32  3.35032e-28  3.09018e-33  2.14799e-29 -7.61031e-35  1.27498e-30  1.00376e-34  6.97677e-32  5.84542e-35  3.50217e-33  1.66934e-35  1.60328e-34   3.3984e-36  6.64734e-36  5.46807e-37  2.47513e-37  7.22098e-38  8.19188e-39  7.91505e-39  2.37902e-40  7.18171e-40  5.96271e-42  5.32953e-41  1.26169e-43  3.16811e-42  2.18581e-45  1.45947e-43   2.9629e-47  4.92842e-45   2.9163e-49  1.09852e-46  1.80277e-51  1.26468e-48  4.51306e-54
  0.00053006 -7.35847e-17 -0.000250513  -2.0765e-17  -0.00838595  1.74193e-16   -0.0122886  3.43305e-16  -0.00051508  5.36341e-16    0.0205157  9.44217e-16    0.0375192  1.39147e-15    0.0434994   1.5118e-15    0.0395947  1.25287e-15    0.0305935  8.43015e-16     0.020868   4.8502e-16    0.0128476  2.46772e-16    0.0072334   1.1566e-16   0.00375389  5.65476e-17   0.00180457  3.56612e-17   0.00080618  2.87695e-17  0.000335506  2.34883e-17  0.000130329  1.67735e-17  4.73396e-05  9.95243e-18   1.6106e-05  4.74116e-18  5.14075e-06  1.68352e-18  1.54173e-06  3.27811e-19  4.35071e-07  -7.7402e-20  1.15681e-07 -1.09169e-19  2.90162e-08 -5.89186e-20  6.87337e-09 -2.07801e-20  1.53908e-09  -4.3327e-21  3.26042e-10  3.36533e-22  6.53877e-11  9.00292e-22  1.24213e-11  5.81769e-22  2.23593e-12  2.78482e-22  3.81492e-13   1.1241e-22  6.17031e-14  3.95149e-23  9.46062e-15  1.21877e-23  1.37486e-15  3.32281e-24  1.89324e-16  8.24055e-25   2.4693e-17  2.00845e-25   3.0487e-18  5.40848e-26   3.5605e-19  1.67342e-26  3.92986e-20  5.39184e-27  4.09498e-21  1.61411e-27  4.02336e-22  4.21923e-28  3.72181e-23  9.35022e-29  3.23606e-24  1.71706e-29  2.63955e-25   2.5235e-30  2.01523e-26  2.75494e-31  1.43644e-27  1.80812e-32  9.53096e-29  1.84932e-34  5.86674e-30  1.07316e-34    3.337e-31  1.11465e-34  1.74591e-32  3.88727e-35  8.35715e-34  8.95812e-36  3.63656e-35   1.5895e-36  1.42758e-36  2.29347e-37  5.00897e-38  2.74372e-38  1.55288e-39  2.72757e-39  4.19212e-41  2.23496e-40  9.66894e-43  1.48487e-41  1.85678e-44  7.79129e-43   2.8608e-46  3.09375e-44  3.34106e-48  8.61879e-46  2.67115e-50  1.44233e-47  1.16344e-52  9.12431e-50
-3.09986e-17   0.00078477 -1.07551e-16  -0.00218165 -7.16891e-17  -0.00972374  7.54942e-17  -0.00942819  2.69394e-16   0.00468595  6.19197e-16    0.0246195  1.13519e-15    0.0391588   1.5118e-15    0.0431988   1.4998e-15     0.038354  1.17778e-15    0.0291262   7.7364e-16     0.019532  4.41758e-16    0.0117852  2.25756e-16   0.00647401   1.0914e-16   0.00326331  5.71818e-17   0.00151775  3.74383e-17  0.000654053  2.85134e-17   0.00026203   2.1036e-17   9.7868e-05  1.35037e-17  3.41627e-05  7.17806e-18  1.11696e-05  3.00375e-18  3.42731e-06   8.6754e-19  9.88699e-07  6.44731e-20  2.68571e-07 -1.08303e-19  6.87937e-08 -8.23224e-20  1.66368e-08 -3.58127e-20  3.80265e-09 -1.01422e-20  8.22235e-10 -1.04931e-21  1.68317e-10   8.8319e-22  3.26398e-11  7.82942e-22  5.99869e-12  4.21946e-22  1.04519e-12  1.83882e-22  1.72682e-13  6.89901e-23  2.70538e-14  2.26472e-23  4.01885e-15  6.54624e-24  5.65938e-16  1.69514e-24  7.55212e-17  4.14697e-25  9.54507e-18  1.06449e-25  1.14186e-18  3.12893e-26  1.29184e-19  1.00624e-26  1.38084e-20  3.14106e-27  1.39286e-21  8.75539e-28  1.32405e-22  2.09386e-28  1.18426e-23  4.19639e-29  9.94832e-25   6.8574e-30  7.83247e-26  8.67861e-31   5.7657e-27  7.51341e-32  3.95742e-28  2.89343e-33  2.52465e-29  7.84003e-35  1.49152e-30  1.80987e-34  8.12539e-32  8.16557e-35  4.06155e-33  2.16851e-35  1.85193e-34  4.27101e-36  7.64917e-36  6.74511e-37  2.83793e-37  8.79855e-38   9.3606e-39   9.5558e-39  2.70965e-40  8.60557e-40  6.77054e-42  6.34587e-41  1.42845e-43  3.75208e-42  2.46782e-45  1.72028e-43  3.33477e-47   5.7797e-45  3.27858e-49  1.27887e-46  2.01683e-51  1.45313e-48  5.03713e-54
 0.000261155 -5.44833e-17  0.000412848 -1.35462e-16  -0.00418176 -1.25062e-16  -0.00972997 -8.72524e-18  -0.00558849   2.4796e-16   0.00987769  7.17542e-16    0.0280207  1.24071e-15    0.0395947   1.4998e-15    0.0412731  1.38118e-15    0.0352918  1.03386e-15    0.0259755  6.58551e-16    0.0169019  3.68115e-16   0.00988479  1.86664e-16    0.0052536  9.25539e-17   0.00255747  5.15045e-17   0.00114707  3.46175e-17  0.000476227  2.51274e-17  0.000183714  1.70003e-17  6.60649e-05  9.87612e-18  2.22079e-05  4.68461e-18  6.99519e-06   1.6819e-18  2.06904e-06  3.49723e-19  5.75732e-07 -5.66258e-20  1.50959e-07 -9.70286e-20   3.7351e-08 -5.36942e-20  8.73119e-09 -1.90478e-20  1.93029e-09 -3.88144e-21  4.03949e-10  4.34862e-22  8.00731e-11  9.23036e-22  1.50432e-11   5.8893e-22  2.67954e-12  2.80777e-22  4.52641e-13  1.12833e-22  7.25223e-14  3.94472e-23  1.10205e-14  1.21091e-23  1.58806e-15  3.29969e-24   2.1694e-16  8.26304e-25  2.80817e-17  2.06559e-25  3.44237e-18  5.74104e-26  3.99317e-19  1.80305e-26  4.37933e-20  5.77709e-27  4.53581e-21  1.70338e-27  4.43106e-22  4.37376e-28  4.07682e-23  9.51126e-29  3.52661e-24   1.7105e-29  2.86262e-25  2.44991e-30  2.17552e-26  2.57822e-31  1.54396e-27  1.59884e-32  1.02022e-28   3.0643e-34  6.25546e-30  2.41932e-34  3.54496e-31  1.53178e-34  1.84822e-32  4.80989e-35  8.81751e-34   1.0616e-35  3.82481e-35  1.84097e-36    1.497e-36  2.61849e-37  5.23772e-38  3.10051e-38  1.61945e-39  3.05723e-39  4.36075e-41  2.48807e-40  1.00337e-42  1.64352e-41   1.9224e-44   8.5809e-43  2.95531e-46  3.39079e-44  3.43611e-48  9.38789e-46  2.75569e-50  1.55488e-47  1.17066e-52  9.64311e-50
-4.94425e-18   0.00048136 -7.13305e-17 -0.000570935 -1.56642e-16  -0.00567538 -1.68098e-16  -0.00841646  -4.7949e-17  -0.00110714  2.85461e-16    0.0146095  8.04956e-16    0.0301666  1.25287e-15     0.038354  1.38118e-15      0.03758  1.18915e-15    0.0306745  8.48194e-16    0.0216828   5.2053e-16    0.0135799  2.82871e-16   0.00764863  1.42297e-16   0.00391483   7.2888e-17   0.00183503  4.29506e-17  0.000792468  2.92222e-17  0.000316832   2.0155e-17   0.00011774  1.25364e-17  4.08065e-05  6.58021e-18  1.32282e-05  2.75025e-18  4.02089e-06  8.06601e-19  1.14849e-06  7.39371e-20  3.08831e-07 -8.86734e-20  7.83083e-08  -7.0033e-20  1.87493e-08 -3.06658e-20  4.24383e-09 -8.58443e-21  9.08983e-10 -7.43881e-22  1.84385e-10  8.84414e-22  3.54439e-11  7.48315e-22  6.45972e-12  3.99434e-22  1.11656e-12  1.73078e-22  1.83075e-13  6.45455e-23  2.84752e-14  2.10624e-23  4.20102e-15   6.0673e-24  5.87744e-16  1.57722e-24  7.79472e-17  3.92811e-25  9.79405e-18  1.04039e-25  1.16514e-18  3.13539e-26  1.31126e-19  1.01173e-26  1.39461e-20  3.12237e-27  1.40011e-21  8.55863e-28  1.32499e-22  2.00939e-28  1.18009e-23  3.94707e-29  9.87348e-25  6.29894e-30    7.744e-26  7.72263e-31  5.68005e-27  6.36946e-32  3.88534e-28  2.41716e-33  2.47065e-29  2.76666e-34  1.45515e-30  2.52806e-34  7.90428e-32  9.73274e-35  3.94018e-33  2.43986e-35  1.79192e-34  4.66969e-36  7.38309e-36  7.25031e-37  2.73284e-37  9.34818e-38  8.99412e-39  1.00626e-38  2.59814e-40  8.99573e-40  6.47917e-42   6.5926e-41  1.36444e-43   3.8774e-42  2.35293e-45  1.76916e-43  3.17339e-47  5.91139e-45   3.0779e-49  1.29715e-46  1.92474e-51  1.45157e-48  4.04174e-54
 0.000117709  -9.6669e-18  0.000413711 -8.30337e-17  -0.00183471  -1.7214e-16   -0.0062847 -1.87597e-16  -0.00596568 -3.04896e-17   0.00353029  3.60096e-16    0.0183176  8.52879e-16    0.0305935  1.17778e-15    0.0352918  1.18915e-15    0.0323991  9.59439e-16    0.0251028  6.50541e-16     0.016946  3.82962e-16    0.0101669  2.02201e-16   0.00549494  1.01795e-16   0.00270185  5.45166e-17   0.00121769   3.3779e-17  0.000506027  2.28644e-17  0.000194835  1.48682e-17  6.97846e-05   8.4728e-18  2.33307e-05  3.98617e-18  7.30165e-06  1.43139e-18  2.14445e-06  3.04391e-19  5.92286e-07 -4.06237e-20  1.54121e-07 -7.75486e-20  3.78425e-08 -4.32289e-20  8.77932e-09 -1.52225e-20  1.92658e-09 -2.94276e-21  4.00271e-10  5.08165e-22  7.87918e-11  8.44498e-22  1.47033e-11  5.26782e-22  2.60215e-12  2.48984e-22  4.36863e-13  9.93702e-23  6.95831e-14  3.45051e-23  1.05146e-14  1.05349e-23  1.50708e-15  2.86933e-24  2.04834e-16   7.2623e-25  2.63868e-17  1.86414e-25  3.21981e-18   5.3441e-26  3.71878e-19  1.70158e-26  4.06161e-20  5.42185e-27  4.19032e-21   1.5753e-27   4.0784e-22  3.97373e-28   3.7392e-23  8.47545e-29  3.22382e-24  1.49085e-29  2.60861e-25  2.07607e-30  1.97658e-26  2.09741e-31  1.39882e-27  1.23097e-32  9.21852e-29  4.70738e-34  5.63804e-30   3.6125e-34  3.18745e-31    1.784e-34  1.65808e-32  5.17597e-35  7.89352e-34  1.10148e-35  3.41712e-35  1.87134e-36  1.33489e-36  2.62633e-37  4.66216e-38  3.07932e-38  1.43905e-39  3.01237e-39  3.86884e-41  2.43531e-40  8.88858e-43  1.59961e-41  1.70064e-44  8.31021e-43  2.61006e-46  3.26714e-44  3.02786e-48   8.9831e-46  2.28224e-50  1.47018e-47  1.02725e-52  8.90793e-50
 4.43629e-18  0.000252999 -1.53558e-17 -3.44034e-05 -9.35087e-17  -0.00295384 -1.80384e-16  -0.00585296 -1.74315e-16  -0.00274938  3.30841e-17   0.00772357  4.36681e-16    0.0204925  8.43015e-16    0.0291262  1.03386e-15    0.0306745  9.59439e-16    0.0263463  7.25703e-16    0.0193157  4.66705e-16    0.0124134  2.63265e-16   0.00711597  1.35846e-16   0.00368374  6.95175e-17   0.00173804  3.93109e-17  0.000752758  2.52405e-17  0.000301007  1.66799e-17  0.000111653  1.01276e-17  3.85691e-05  5.24814e-18  1.24489e-05  2.17925e-18  3.76497e-06  6.38847e-19  1.06949e-06  6.13614e-20  2.85937e-07 -6.70629e-20  7.20772e-08 -5.33499e-20  1.71556e-08   -2.321e-20  3.86042e-09 -6.31874e-21  8.22118e-10 -3.77462e-22  1.65833e-10  7.98099e-22  3.17052e-11  6.37553e-22  5.74819e-12  3.35312e-22  9.88593e-13   1.4406e-22  1.61314e-13  5.33186e-23  2.49754e-14  1.72818e-23  3.66854e-15   4.9604e-24  5.11105e-16  1.29543e-24  6.75142e-17  3.28956e-25  8.45114e-18  8.99335e-26  1.00178e-18  2.77444e-26  1.12358e-19  8.97468e-27  1.19116e-20  2.73871e-27   1.1922e-21  7.38359e-28  1.12497e-22  1.70142e-28  9.99205e-24  3.27287e-29  8.33844e-25   5.0918e-30  6.52403e-26  6.02836e-31  4.77417e-27  4.72028e-32  3.25855e-28  1.90828e-33  2.06782e-29  4.54802e-34  1.21552e-30  2.93292e-34  6.59054e-32  1.01016e-34  3.27962e-33  2.41538e-35  1.48909e-34  4.50795e-36  6.12596e-36  6.89074e-37  2.26425e-37  8.78723e-38   7.4419e-39  9.37772e-39  2.14703e-40  8.32378e-40  5.34795e-42  6.06339e-41  1.12498e-43  3.54762e-42  1.93827e-45   1.6107e-43  2.60711e-47  5.34985e-45  2.51751e-49  1.16281e-46  1.11371e-51  1.27833e-48  2.71188e-54
 4.99203e-05  5.41684e-18  0.000267749 -2.40056e-17 -0.000731653 -1.04273e-16  -0.00357136 -1.76125e-16  -0.00446229 -1.28374e-16  0.000698873  1.16812e-16     0.010888  4.83767e-16     0.020868   7.7364e-16    0.0259755  8.48194e-16    0.0251028  7.25703e-16    0.0201707  5.14573e-16     0.013974  3.13663e-16   0.00853703  1.70093e-16   0.00467057  8.68707e-17   0.00231415  4.60526e-17   0.00104737  2.75315e-17   0.00043595  1.79331e-17  0.000167799  1.13587e-17  5.99956e-05  6.37121e-18   2.0002e-05  2.96733e-18  6.23785e-06   1.0577e-18  1.82465e-06  2.23493e-19  5.01771e-07 -2.97367e-20  1.29976e-07 -5.63304e-20  3.17667e-08 -3.11199e-20  7.33568e-09 -1.07465e-20  1.60241e-09 -1.90305e-21  3.31424e-10  5.16449e-22   6.4954e-11  6.93874e-22  1.20697e-11  4.20906e-22  2.12733e-12  1.96627e-22  3.55745e-13  7.77997e-23  5.64495e-14  2.68066e-23  8.49934e-15   8.1376e-24  1.21406e-15  2.21632e-24  1.64469e-16   5.6781e-25  2.11213e-17  1.49865e-25   2.5697e-18    4.427e-26  2.95963e-19  1.42653e-26  3.22392e-20  4.51804e-27  3.31775e-21  1.29365e-27  3.22149e-22  3.20557e-28  2.94696e-23  6.70202e-29  2.53541e-24  1.15161e-29  2.04748e-25  1.55545e-30  1.54849e-26  1.50294e-31  1.09393e-27  8.45529e-33  7.19722e-29  6.25728e-34  4.39493e-30  4.28003e-34  2.48101e-31  1.80416e-34  1.28882e-32  4.91724e-35  6.12771e-34  1.01411e-35   2.6495e-35  1.69126e-36  1.03386e-36  2.34411e-37  3.60698e-38  2.72263e-38  1.11226e-39  2.64304e-39  2.98752e-41  2.12295e-40  6.85865e-43  1.38676e-41  1.31114e-44  7.16866e-43  2.01273e-46  2.80318e-44  2.31254e-48  7.64774e-46  1.72412e-50   1.2345e-47 -3.82811e-53  7.27753e-50
  2.6134e-18  0.000120459  2.38593e-18  7.74868e-05 -3.61428e-17  -0.00142137 -1.12291e-16  -0.00349826 -1.54425e-16  -0.00241966 -6.08541e-17   0.00378933  1.91754e-16    0.0126254   4.8502e-16     0.019532  6.58551e-16    0.0216828  6.50541e-16    0.0193157  5.14573e-16    0.0145335  3.42244e-16   0.00951316  1.98126e-16   0.00552301  1.04187e-16   0.00288319  5.36833e-17    0.0013673  2.99624e-17  0.000593755  1.87319e-17   0.00023761  1.20794e-17  8.80825e-05  7.21009e-18  3.03773e-05  3.69158e-18  9.78148e-06  1.51739e-18  2.94969e-06  4.39398e-19  8.35176e-07  3.99284e-20  2.22514e-07 -4.71334e-20   5.5888e-08 -3.67318e-20  1.32536e-08 -1.56958e-20  2.97149e-09 -4.08635e-21  6.30528e-10 -8.40043e-23  1.26737e-10  6.48971e-22  2.41473e-11  4.88275e-22  4.36338e-12  2.52258e-22  7.48026e-13  1.07255e-22  1.21684e-13  3.93541e-23  1.87844e-14  1.26635e-23  2.75144e-15   3.6225e-24   3.8231e-16  9.51553e-25   5.0373e-17  2.46839e-25  6.29031e-18  6.96688e-26  7.43943e-19  2.19563e-26  8.32595e-20  7.11029e-27  8.80872e-21  2.14495e-27   8.7995e-22  5.68747e-28  8.28831e-23  1.28586e-28  7.34917e-24     2.42e-29  6.12313e-25  3.66376e-30  4.78357e-26  4.17568e-31   3.4956e-27  3.10225e-32  2.38274e-28  1.50223e-33  1.51018e-29  5.57489e-34  8.86706e-31  2.92742e-34  4.80257e-32   9.2694e-35   2.3875e-33  2.13006e-35  1.08303e-34  3.88757e-36  4.45165e-36  5.85748e-37   1.6441e-37  7.39195e-38  5.39969e-39  7.82346e-39  1.55678e-40  6.89624e-40  3.87516e-42  4.99404e-41  8.15105e-44  2.90698e-42  1.40243e-45  1.31313e-43  1.89699e-47  4.33293e-45  1.74668e-49  9.31591e-47  7.56961e-52  1.00315e-48 -1.81266e-53
 2.02774e-05  3.07647e-18  0.000143159 -4.76066e-18 -0.000273734 -4.94018e-17  -0.00185019 -1.12023e-16  -0.00276011  -1.1565e-16 -0.000178718  1.04738e-17   0.00603187  2.37329e-16    0.0128476  4.41758e-16    0.0169019   5.2053e-16     0.016946  4.66705e-16     0.013974  3.42244e-16   0.00986117   2.1395e-16   0.00610299  1.18314e-16   0.00336859   6.1264e-17   0.00167864  3.25752e-17  0.000762303  1.92548e-17  0.000317797  1.23182e-17   0.00012235  7.67818e-18  4.37122e-05  4.25249e-18  1.45514e-05  1.95828e-18  4.52886e-06  6.88798e-19  1.32158e-06  1.41326e-19  3.62471e-07 -2.18604e-20  9.36306e-08 -3.74057e-20  2.28181e-08 -2.02044e-20  5.25395e-09 -6.76409e-21  1.14436e-09  -1.0455e-21  2.36015e-10    4.561e-22  4.61272e-11  5.14886e-22  8.54823e-12  3.03059e-22  1.50275e-12  1.39663e-22  2.50673e-13  5.47206e-23  3.96819e-14  1.86974e-23  5.96112e-15  5.64322e-24  8.49652e-16  1.53825e-24  1.14866e-16  3.99678e-25  1.47226e-17  1.08614e-25  1.78792e-18  3.30112e-26  2.05565e-19  1.07423e-26  2.23557e-20  3.37894e-27   2.2971e-21  9.53301e-28  2.22725e-22  2.31992e-28   2.0347e-23  4.75146e-29  1.74834e-24  7.96482e-30  1.41023e-25  1.04088e-30  1.06537e-26   9.5906e-32  7.51866e-28   5.3376e-33  4.94206e-29   7.1155e-34  3.01521e-30  4.28155e-34  1.70077e-31  1.61139e-34  8.82858e-33  4.17293e-35  4.19471e-34  8.37374e-36  1.81259e-35  1.37316e-36  7.06894e-37  1.88105e-37  2.46501e-38  2.16514e-38  7.59741e-40  2.08629e-39  2.03973e-41  1.66526e-40  4.67991e-43  1.08193e-41   8.9646e-45  5.56492e-43   1.3664e-46  2.16354e-44   1.6314e-48  5.85113e-46  9.23739e-51   9.2957e-48 -2.44914e-53  5.30478e-50
 3.29026e-19  5.32966e-05  1.22844e-18   6.5266e-05 -1.44931e-17 -0.000647092 -5.93637e-17  -0.00187147 -9.95927e-17  -0.00157594 -6.67908e-17   0.00179443  6.87153e-17   0.00717086  2.46772e-16    0.0117852  3.68115e-16    0.0135799  3.82962e-16    0.0124134  3.13663e-16   0.00951316   2.1395e-16   0.00630881  1.26277e-16   0.00369617  6.74562e-17   0.00194138  3.51524e-17  0.000924234  1.96642e-17   0.00040222  1.21956e-17  0.000161101  7.76847e-18  5.97149e-05  4.58153e-18  2.05774e-05  2.31881e-18  6.61708e-06  9.40609e-19  1.99203e-06  2.66398e-19  5.62919e-07  2.07121e-20  1.49658e-07   -3.075e-20  3.75052e-08 -2.29984e-20  8.87398e-09 -9.55784e-21  1.98502e-09 -2.33479e-21  4.20254e-10  8.22801e-23  8.42842e-11  4.76673e-22  1.60241e-11  3.38518e-22   2.8895e-12  1.71529e-22  4.94364e-13  7.20884e-23  8.02661e-14  2.62036e-23  1.23681e-14   8.3693e-24  1.80847e-15  2.38724e-24  2.50873e-16   6.3178e-25  3.30038e-17  1.67765e-25  4.11533e-18  4.88714e-26  4.86046e-19  1.56957e-26  5.43269e-20  5.08036e-27  5.74081e-21  1.51434e-27  5.72841e-22  3.94838e-28  5.39003e-23  8.75441e-29  4.77469e-24  1.61039e-29  3.97461e-25  2.36809e-30  3.10255e-26  2.59049e-31  2.26549e-27  1.83495e-32  1.54319e-28  1.20472e-33  9.77461e-30  5.64311e-34  5.73594e-31  2.56872e-34  3.10511e-32  7.60911e-35  1.54294e-33  1.69005e-35  6.99631e-35  3.02333e-36  2.87474e-36   4.4949e-37  1.06138e-37  5.61641e-38  3.48494e-39  5.89692e-39  1.00429e-40  5.16327e-40  2.49888e-42  3.71776e-41  5.24932e-44  2.15307e-42  9.13401e-46  9.67431e-44  1.18059e-47  3.16914e-45  1.37691e-49   6.7294e-47 -2.18613e-52  7.07313e-49 -8.92392e-54
