 2.00977e-34 -2.76304e-49 -5.90671e-33  3.24392e-47  2.04466e-31 -2.08081e-45  -4.3962e-30  4.66739e-44  6.66674e-29 -8.56382e-43 -7.66903e-28  1.05989e-41   6.9914e-27 -1.06855e-40 -5.19837e-26  8.96211e-40  3.21582e-25 -6.36707e-39 -1.67876e-24  3.89741e-38  7.47094e-24 -2.07601e-37 -2.85465e-23  9.69699e-37  9.40969e-23 -3.99248e-36 -2.68273e-22  1.45317e-35  6.61944e-22  -4.6785e-35 -1.41142e-21  1.32908e-34  2.59041e-21 -3.30844e-34 -4.06307e-21  7.10764e-34  5.38239e-21 -1.27404e-33 -5.90458e-21  1.73956e-33  5.17898e-21  -1.1668e-33 -3.37327e-21 -2.46852e-33  1.29985e-21  1.23813e-32  1.21057e-22  -3.2234e-32 -5.32001e-22  6.42679e-32  2.90175e-22 -1.06923e-31  1.34104e-23  1.53655e-31 -9.26499e-23 -1.94788e-31  3.02076e-23   2.2245e-31  1.60901e-23  -2.3559e-31  -1.1519e-23  2.40627e-31 -1.88865e-24 -2.45916e-31  2.87946e-24  2.53775e-31  1.92581e-25 -2.57105e-31 -5.92527e-25  2.44414e-31 -4.10698e-26 -2.09446e-31  1.04113e-25  1.57106e-31  1.44455e-26 -1.00766e-31 -1.46296e-26  5.38864e-32 -3.90005e-27 -2.31119e-32  1.36298e-27  7.31367e-33  6.95169e-28 -1.26018e-33 -2.69355e-29 -2.16347e-34 -7.51935e-29   2.5087e-34 -1.25082e-29 -9.42469e-35  3.58753e-30  1.80972e-35  1.66766e-30 -1.40136e-37   1.1999e-31  -1.0262e-36 -7.05584e-32  3.46766e-37 -2.05357e-32 -5.17381e-38 -1.13556e-33 -1.35847e-38  5.35514e-34  8.93584e-39  1.35192e-34  1.05514e-39  1.01499e-35  -2.6442e-39 -1.16437e-36  1.26426e-39 -3.50477e-37 -3.81797e-40 -3.16022e-38  9.16008e-41 -4.78855e-40 -1.76659e-41  1.63481e-40  2.51342e-42  1.69056e-41 -2.50139e-43  7.43975e-43  1.68039e-44 -9.78492e-46 -6.69889e-46 -3.11062e-46  9.51142e-48
-2.76304e-49  8.55439e-33  1.25363e-48 -4.21635e-31  2.47649e-45  1.13413e-29 -9.05876e-44 -2.03094e-28  1.78051e-42  2.67404e-27 -2.67958e-41 -2.73702e-26  3.01586e-40  2.25584e-25 -2.78208e-39  -1.5332e-24  2.15571e-38  8.73847e-24 -1.42765e-37 -4.22704e-23  8.19623e-37  1.75037e-22 -4.11791e-36 -6.24142e-22  1.82333e-35  1.92351e-21 -7.14965e-35 -5.13189e-21  2.48999e-34  1.18489e-20 -7.70883e-34 -2.36143e-20  2.11836e-33  4.04079e-20 -5.14155e-33 -5.88334e-20  1.09061e-32  7.18116e-20 -1.97776e-32 -7.16469e-20  2.91355e-32  5.56957e-20 -2.96541e-32 -3.00741e-20  1.74782e-33  6.66912e-21  8.38826e-32  5.36075e-21 -2.56793e-31 -5.87584e-21  5.27421e-31   1.6746e-21 -8.66081e-31  9.88978e-22  1.19777e-30 -8.97923e-22 -1.42795e-30  2.56286e-23  1.49412e-30  2.31745e-22 -1.41069e-30 -5.47467e-23  1.26684e-30 -4.68899e-23 -1.16736e-30  1.71022e-23  1.15663e-30  8.97455e-24 -1.18789e-30 -3.53331e-24  1.16561e-30 -1.75271e-24 -1.02424e-30  5.16529e-25  7.76281e-31  3.27924e-25 -4.95403e-31  -4.0811e-26   2.5979e-31 -5.10022e-26 -1.07615e-31 -2.64708e-27   3.2173e-32  5.51298e-27 -4.85163e-33  1.29737e-27 -1.12981e-33 -2.81039e-28  9.97039e-34 -1.70132e-28  -3.0184e-34 -1.34147e-29  2.95035e-35  9.02946e-30  1.17223e-35  2.73839e-30 -5.56335e-36  8.53894e-32  1.14363e-36 -1.10534e-31 -2.76344e-38 -2.55736e-32 -1.25289e-37 -1.13707e-33  4.84896e-38  5.22856e-34  1.05638e-38  1.16638e-34 -1.54213e-38  8.58195e-36  6.55471e-39 -5.13169e-37 -1.82414e-39 -1.59966e-37  4.03101e-40  -1.3979e-38 -6.97134e-41  -4.1973e-40  8.61662e-42  2.19893e-41 -7.18339e-43  2.39708e-42  3.79761e-44  5.49893e-44 -1.05059e-45  1.89367e-46
-5.90671e-33  1.25363e-48  5.21807e-31 -6.23936e-46 -1.84985e-29  8.82918e-44  4.00625e-28 -2.47126e-42 -6.11972e-27  4.26911e-41  7.09335e-26  -5.5901e-40 -6.51813e-25  5.73006e-39  4.88697e-24  -4.8583e-38 -3.04969e-23  3.48928e-37  1.60672e-22 -2.15799e-36 -7.21971e-22  1.16365e-35  2.78692e-21 -5.51909e-35 -9.28604e-21  2.31735e-34  2.67798e-20 -8.65276e-34 -6.68899e-20  2.88116e-33   1.4451e-19 -8.56415e-33 -2.69025e-19  2.27026e-32  4.28615e-19 -5.34724e-32 -5.77826e-19  1.11013e-31  6.46889e-19 -1.99935e-31 -5.81772e-19   3.0199e-31  3.92519e-19 -3.50315e-31 -1.62694e-19  2.09132e-31 -3.97004e-21   3.1271e-31  5.93997e-20 -1.38575e-30 -3.63312e-20  3.02593e-30  7.63683e-22 -4.97077e-30  1.06739e-20  6.68224e-30 -4.25738e-21  -7.5555e-30 -1.62561e-21  7.26587e-30  1.50584e-21 -6.02533e-30  1.24618e-22  4.51209e-30 -3.68032e-22 -3.45918e-30  2.69429e-24  3.18481e-30  7.61279e-23 -3.43189e-30  -3.7814e-25  3.63549e-30 -1.38462e-23 -3.37274e-30 -8.95894e-25  2.62217e-30  2.09111e-24  -1.6761e-30  3.86398e-25  8.63454e-31 -2.25501e-25 -3.44938e-31 -8.41708e-26  9.68998e-32  1.05313e-26 -1.24459e-32  1.06312e-26 -3.78879e-33  1.13535e-27  2.51724e-33 -6.54045e-28 -4.80518e-34 -2.22073e-28   -9.149e-35 -3.69978e-30  7.64915e-35  1.21695e-29 -1.85249e-35  2.72218e-30  1.31127e-36  2.03265e-32  8.64377e-37 -9.81246e-32 -6.60478e-37 -1.91155e-32  1.72988e-37  -8.2638e-34  5.98426e-38  2.71906e-34 -6.08871e-38  5.54916e-35  2.29244e-38  4.00649e-36 -5.83736e-39  -5.3604e-38   1.1783e-39 -3.48812e-38 -1.80964e-40 -2.72367e-39  1.91933e-41 -7.90688e-41 -1.30946e-42  5.84655e-43  5.13735e-44  4.19193e-44 -8.06563e-46
 3.24392e-47 -4.21635e-31 -6.23936e-46  2.15828e-29 -3.04509e-44 -5.84857e-28  2.15561e-42  1.05496e-26 -5.02793e-41 -1.39957e-25  7.69425e-40  1.44394e-24  -8.9911e-39 -1.20002e-23  8.42272e-38  8.22744e-23 -6.58724e-37 -4.73232e-22   4.3975e-36  2.31129e-21 -2.54445e-35 -9.66837e-21  1.29043e-34  3.48466e-20 -5.78282e-34 -1.08619e-19  2.30353e-33  2.93319e-19 -8.19064e-33 -6.86058e-19  2.60651e-32   1.3865e-18 -7.43187e-32 -2.40889e-18  1.89736e-31  3.56692e-18 -4.32453e-31 -4.43789e-18  8.74366e-31  4.52942e-18 -1.54895e-30 -3.62589e-18  2.34536e-30  2.05128e-18 -2.86614e-30 -5.34132e-19  2.33973e-30 -3.05722e-19  2.54001e-31  3.94216e-19 -5.71823e-30 -1.33682e-19  1.39171e-29 -5.60579e-20 -2.32143e-29  6.35672e-20  3.06682e-29 -6.15545e-21  -3.3277e-29  -1.5449e-20  2.97611e-29  4.93504e-21 -2.16619e-29  2.95083e-21  1.27066e-29 -1.45195e-21 -6.62168e-30 -5.44941e-22  4.92375e-30  3.05025e-22  -6.3486e-30  1.08705e-22  8.23147e-30 -4.83903e-23 -8.54668e-30 -2.18821e-23  6.97875e-30  5.01652e-24 -4.50704e-30  3.75446e-24  2.28565e-30 -8.11912e-26  -8.7945e-31 -4.61066e-25  2.31295e-31 -7.55609e-26 -2.49938e-32  3.07954e-26  -8.9143e-33  1.29538e-26  3.98841e-33  2.39964e-28   3.2705e-34 -8.69698e-28 -8.01812e-34 -1.99446e-28  3.02848e-34  5.89336e-30 -4.16079e-35  1.07423e-29  -6.8117e-36  1.91828e-30  5.88296e-36 -3.13897e-33 -2.58287e-36 -5.64681e-32   4.7458e-37 -9.67103e-33  2.38254e-37 -4.54385e-34 -1.86151e-37  8.06074e-35  6.21308e-38  1.56921e-35 -1.44129e-38  1.11122e-36  2.63566e-39  1.22283e-38 -3.54905e-40 -3.27844e-39  3.17385e-41 -2.13194e-40 -1.71293e-42 -4.42592e-42  4.51566e-44 -1.90318e-44
 2.04466e-31  2.47649e-45 -1.84985e-29 -3.04509e-44  6.60849e-28 -8.00664e-43 -1.44164e-26  4.07708e-41  2.21891e-25 -8.20895e-40 -2.59239e-24  1.12205e-38  2.40201e-23   -1.185e-37 -1.81664e-22  1.01848e-36  1.14406e-21 -7.37067e-36 -6.08556e-21  4.58474e-35  2.76228e-20  -2.4861e-34 -1.07771e-19  1.18731e-33  3.63166e-19 -5.03146e-33 -1.05994e-18  1.90234e-32  2.68155e-18 -6.44224e-32 -5.87333e-18  1.95895e-31  1.10978e-17 -5.35469e-31  -1.7972e-17  1.31517e-30   2.4675e-17 -2.89551e-30 -2.82132e-17  5.68417e-30  2.60375e-17 -9.84973e-30 -1.82079e-17   1.4776e-29  8.09401e-18 -1.84071e-29 -3.20045e-19  1.69699e-29 -2.61157e-18   -5.794e-30  1.80193e-18 -1.83415e-29 -1.55867e-19  5.39797e-29 -4.82334e-19 -9.29347e-29  2.33807e-19  1.21912e-28  6.03937e-20 -1.28503e-28 -7.72852e-20  1.08717e-28 -2.67437e-22  -7.0689e-29  1.83998e-20  3.08763e-29 -1.57912e-21 -4.53845e-30 -3.80835e-21 -2.76004e-30  3.26485e-22 -3.50569e-30  7.15047e-22    1.281e-29 -9.70955e-24 -1.73144e-29 -1.15509e-22  1.54633e-29 -1.23475e-23 -1.02109e-29  1.40678e-23  5.11146e-30    3.804e-24 -1.89431e-30 -9.48601e-25    4.679e-31 -5.76592e-25 -4.54059e-32    -2.46e-26 -1.27235e-32  4.40236e-26  5.31102e-34   1.1122e-26  5.33675e-33 -6.12377e-28 -3.34352e-33 -7.90594e-28  9.16853e-34  -1.3373e-28 -4.74698e-35  8.01887e-30  -5.1729e-35  6.70053e-30  2.45818e-35  1.01082e-30 -8.13966e-36  1.82021e-33  1.05833e-36 -2.16986e-32  7.34411e-37 -3.36169e-33  -4.6492e-37   -1.738e-34  1.37789e-37  1.24531e-35  -2.9038e-38  2.58651e-36  4.76758e-39  1.61388e-37  -5.5359e-40  3.37988e-39  4.07256e-41 -8.90915e-41 -1.64995e-42 -4.12258e-42  2.35987e-44
-2.08081e-45  1.13413e-29  8.82918e-44 -5.84857e-28 -8.00664e-43  1.59642e-26 -1.53077e-41 -2.90148e-25  6.32264e-40   3.8799e-24 -1.11974e-38 -4.03623e-23  1.37729e-37  3.38366e-22 -1.32459e-36  -2.3411e-21  1.04834e-35  1.35951e-20 -7.04001e-35  -6.7071e-20  4.08888e-34  2.83557e-19 -2.08113e-33 -1.03351e-18  9.37024e-33     3.26e-18 -3.75799e-32 -8.91544e-18   1.3493e-31  2.11368e-17 -4.35293e-31 -4.33441e-17   1.2647e-30  7.65115e-17 -3.31292e-30 -1.15301e-16  7.82237e-30  1.46342e-16 -1.66152e-29 -1.52917e-16  3.16056e-29  1.26157e-16 -5.33849e-29 -7.47695e-17  7.88012e-29  2.23614e-17 -9.84065e-29  8.85999e-18  9.59537e-29 -1.40391e-17 -5.26967e-29  5.58506e-18 -4.24939e-29  1.57571e-18  1.80766e-28 -2.37919e-18 -3.27244e-28  3.98894e-19   4.3007e-28  5.37694e-19 -4.44931e-28 -2.25969e-19  3.62171e-28 -9.42654e-20 -2.16722e-28  6.36621e-20  7.02487e-29  1.62402e-20  2.41851e-29 -1.35511e-20  -4.9859e-29  -3.3005e-21   2.7546e-29  2.28857e-21  6.83506e-30  7.32609e-22  -2.7559e-29 -2.79238e-22  2.92278e-29 -1.41597e-22 -2.00873e-29  1.57722e-23  9.96838e-30  1.98393e-23 -3.57201e-30  1.86096e-24  8.47003e-31 -1.63455e-24 -9.47012e-32 -4.99174e-25  5.45402e-33  2.90486e-26 -2.36773e-32  4.23105e-26   2.2993e-32  7.13533e-27 -1.05346e-32 -8.66642e-28  2.27468e-33 -5.27614e-28  9.66046e-35 -7.03856e-29 -2.11967e-34  5.04007e-30   7.8714e-35   3.0224e-30 -2.15059e-35  4.02189e-31  1.96417e-36  5.29823e-33  1.84545e-36 -5.44605e-33 -9.75998e-37 -7.76522e-34  2.57178e-37 -4.18129e-35 -4.91377e-38  6.63168e-37  7.16657e-39  2.10298e-37 -7.01987e-40  1.08133e-38  4.09931e-41  1.88691e-40 -1.13831e-42   1.1278e-43
 -4.3962e-30 -9.05876e-44  4.00625e-28  2.15561e-42 -1.44164e-26 -1.53077e-41  3.16883e-25 -2.35572e-40 -4.91609e-24  8.30277e-39  5.79134e-23 -1.30912e-37 -5.41281e-22  1.45825e-36  4.13112e-21 -1.28389e-35  -2.6266e-20  9.38696e-35  1.41124e-19 -5.86356e-34 -6.47376e-19  3.18582e-33  2.55406e-18 -1.52413e-32 -8.70877e-18  6.47673e-32  2.57379e-17 -2.46031e-31 -6.59902e-17  8.39357e-31  1.46625e-16 -2.58032e-30 -2.81386e-16  7.16344e-30   4.6351e-16 -1.79789e-29 -6.48607e-16  4.07894e-29  7.58045e-16 -8.35139e-29 -7.18495e-16  1.53718e-28  5.21059e-16 -2.52499e-28  -2.4778e-16  3.65144e-28   2.4693e-17  -4.5269e-28  6.96916e-17  4.52765e-28 -5.47639e-17 -2.98655e-28   8.2954e-18 -4.25669e-29  1.31575e-17  5.28758e-28 -7.76947e-18 -1.02915e-27 -1.17847e-18  1.36475e-27  2.40657e-18 -1.39591e-27 -1.85765e-19  1.10751e-27 -5.54589e-19 -6.28248e-28   9.6035e-20  1.60724e-28  1.14117e-19  1.33391e-28 -2.04548e-20 -2.11866e-28 -2.20613e-20  1.44313e-28  2.25614e-21 -3.91129e-29  3.80689e-21 -2.97872e-29  1.01038e-22  4.72686e-29 -5.17265e-22 -3.48452e-29 -9.47287e-23  1.72803e-29  4.41264e-23  -6.0673e-30  1.83779e-23  1.46945e-30 -6.23568e-25 -2.62312e-31  -1.7239e-24   1.1206e-31 -3.14132e-25 -1.09177e-31   5.1913e-26  7.22115e-32  3.00766e-26 -2.78281e-32  3.57857e-27  4.69966e-33 -6.37279e-28  7.95398e-34 -2.66437e-28  -6.5997e-34 -2.98469e-29  2.07717e-34  1.88057e-30 -4.88356e-35  9.78557e-31  3.06899e-36  1.18145e-31  3.89587e-36  3.08798e-33  -1.7517e-36 -8.30278e-34  4.10601e-37 -1.10931e-34 -7.10021e-38 -5.56472e-36  9.07578e-39 -4.88506e-38 -7.27888e-40  6.43572e-39   3.1932e-41  1.95582e-40 -4.96424e-43
 4.66739e-44 -2.03094e-28 -2.47126e-42  1.05496e-26  4.07708e-41 -2.90148e-25 -2.35572e-40  5.31534e-24 -3.05694e-39 -7.16686e-23  9.42834e-38  7.52054e-22 -1.33509e-36 -6.36218e-21  1.35386e-35  4.44403e-20 -1.09554e-34 -2.60668e-19  7.41946e-34  1.29961e-18 -4.31985e-33 -5.55566e-18  2.19922e-32  2.04881e-17  -9.9026e-32 -6.54334e-17   3.9759e-31  1.81328e-16 -1.43177e-30 -4.36016e-16  4.64427e-30  9.07844e-16 -1.36108e-29 -1.62934e-15  3.61118e-29  2.50079e-15 -8.68316e-29 -3.24049e-15  1.89223e-28  3.46964e-15 -3.73209e-28 -2.95228e-15   6.6402e-28  1.83294e-15 -1.05893e-27   -6.194e-16  1.49578e-27 -1.58357e-16 -1.82957e-27  3.33415e-16  1.84522e-27 -1.54306e-16 -1.33101e-27 -2.57384e-17  2.06033e-28  5.91299e-17  1.35865e-27 -1.43912e-17   -2.923e-27 -1.21844e-17  3.93171e-27  6.70588e-18 -3.99235e-27  1.85859e-18  3.11089e-27 -1.82313e-18 -1.70719e-27 -2.74455e-19  3.76998e-28  3.91835e-19  4.39566e-28  5.64754e-20 -6.52883e-28 -6.96429e-20  4.71752e-28  -1.4797e-20 -1.90679e-28  9.55379e-21  2.02799e-31  3.37995e-21  6.35977e-29 -7.92396e-22 -5.34881e-29 -5.50063e-22   2.6951e-29 -9.79613e-24  -9.5879e-30  5.45362e-23   2.6683e-30  1.19103e-23 -8.23975e-31 -2.04741e-24  4.76628e-31 -1.31444e-24 -3.45297e-31 -1.46502e-25  1.90115e-31  4.41904e-26 -6.41482e-32  1.65079e-26  7.90784e-33  1.46872e-27  2.99883e-33 -3.10372e-28 -1.70329e-33  -1.0229e-28  4.67995e-34 -1.01809e-29 -9.70612e-35  4.00284e-31  4.08077e-36   2.1989e-31  7.03741e-36  2.42527e-32 -2.71554e-36  8.58654e-34  5.66141e-37 -6.51871e-35 -8.84377e-38  -8.4379e-36  9.73194e-39 -3.48062e-37 -6.12627e-40 -4.29583e-39  1.83523e-41   2.4157e-41
 6.66674e-29  1.78051e-42 -6.11972e-27 -5.02793e-41  2.21891e-25  6.32264e-40 -4.91609e-24 -3.05694e-39  7.69017e-23 -3.43119e-38 -9.13817e-22  9.39548e-37  8.61878e-21 -1.20265e-35 -6.64085e-20  1.11485e-34   4.2647e-19 -8.31654e-34 -2.31555e-18  5.22845e-33  1.07401e-17 -2.84233e-32 -4.28695e-17   1.3578e-31   1.4799e-16 -5.76164e-31 -4.43137e-16  2.18814e-30  1.15216e-15 -7.47736e-30 -2.59866e-15  2.30798e-29  5.06863e-15 -6.45209e-29 -8.49891e-15  1.63661e-28  1.21308e-14 -3.77055e-28 -1.45039e-14  7.89113e-28  1.41306e-14 -1.49864e-27 -1.06335e-14  2.57545e-27  5.39705e-15  -3.9824e-27 -8.45984e-16  5.48252e-27 -1.29703e-15 -6.58726e-27  1.17814e-15  6.62723e-27 -2.55959e-16 -5.00225e-27 -2.48304e-16   1.5627e-27  1.80909e-16  3.07753e-27   9.9784e-18 -7.57298e-27 -5.24212e-17  1.03611e-26  8.54328e-18 -1.04559e-26  1.15731e-17  8.02186e-27 -3.19987e-18 -4.29471e-27 -2.34375e-18  8.63899e-28  6.94764e-19    1.187e-27  4.65264e-19 -1.70482e-27 -9.85131e-20  1.25794e-27 -8.59838e-20 -5.77902e-28  5.50365e-21  1.12557e-28   1.2991e-20  6.31171e-29  1.30619e-21 -7.18056e-29 -1.32856e-21  3.81255e-29 -3.89919e-22 -1.47429e-29  5.39931e-23  5.40206e-30  4.56431e-23  -2.4709e-30  5.32901e-24  1.47059e-30 -2.07277e-24 -9.06183e-31 -7.71965e-25  4.40792e-31 -5.11579e-26 -1.31386e-31  2.54028e-26    9.806e-33  7.12478e-27  8.50881e-33  5.15526e-28 -3.78126e-33 -1.04479e-28  9.19049e-34 -2.93818e-29 -1.71307e-34  -2.6972e-30  4.74593e-36  3.08528e-32  1.09981e-35  3.20328e-32 -3.65628e-36  3.19437e-33   6.7764e-37  1.20778e-34  -9.5383e-38  -1.4368e-36  8.81502e-39 -2.63191e-37 -4.08696e-40 -6.11594e-39  6.77486e-42
-8.56382e-43  2.67404e-27  4.26911e-41 -1.39957e-25 -8.20895e-40   3.8799e-24  8.30277e-39 -7.16686e-23 -3.43119e-38  9.74741e-22 -3.38419e-37 -1.03217e-20  8.30364e-36  8.81528e-20  -9.6546e-35 -6.21926e-19  8.20655e-34  3.68637e-18 -5.65582e-33 -1.85826e-17  3.30601e-32  8.03662e-17 -1.68031e-31 -3.00031e-16  7.54142e-31  9.70751e-16 -3.01946e-30 -2.72759e-15  1.08603e-29  6.65637e-15 -3.52595e-29 -1.40819e-14  1.03676e-28  2.57146e-14 -2.76722e-28 -4.02293e-14  6.71505e-28  5.32643e-14 -1.48286e-27 -5.84882e-14  2.98059e-27  5.13688e-14 -5.44923e-27 -3.34084e-14  9.04018e-27  1.25982e-14 -1.35406e-26  1.75302e-15  1.81359e-26 -5.82374e-15 -2.13312e-26  3.12458e-15  2.12411e-26  2.05399e-16 -1.63511e-26 -1.07558e-15    6.545e-27  3.52023e-16  6.19209e-27  1.95613e-16 -1.80934e-26 -1.43577e-16  2.51541e-26 -2.28954e-17 -2.51751e-26  3.77577e-17  1.89792e-26  1.99452e-18 -9.88741e-27 -8.15987e-18  1.77914e-27 -4.00768e-19  2.91753e-27  1.51477e-18 -4.02882e-27  1.74565e-19  2.97643e-27  -2.2836e-19  -1.4425e-27 -5.42894e-20   4.0001e-28  2.36285e-20   1.6396e-29  1.07363e-20 -8.07451e-29 -8.02043e-22  4.92469e-29 -1.27834e-21 -2.33433e-29 -1.81602e-22  1.19803e-29  7.05578e-23 -6.69128e-30  2.86896e-23  3.81381e-30   1.4277e-24 -2.09433e-30 -1.37358e-24   9.2062e-31 -3.60673e-25 -2.41037e-31 -1.38632e-26  4.75222e-33  1.06028e-26  2.01021e-32  2.41756e-27 -7.36273e-33  1.57078e-28  1.59402e-33 -2.38038e-29 -2.71762e-34 -6.07931e-30  5.23382e-36 -5.18553e-31  1.49566e-35 -5.66432e-33 -4.28269e-36  2.68204e-33  7.05441e-37  2.33773e-34 -8.90963e-38  7.62361e-36  6.67113e-39   4.2529e-38 -2.04742e-40 -1.33978e-39
-7.66903e-28 -2.67958e-41  7.09335e-26  7.69425e-40 -2.59239e-24 -1.11974e-38  5.79134e-23  9.42834e-38 -9.13817e-22 -3.38419e-37  1.09578e-20 -2.96423e-36 -1.04336e-19  6.55736e-35   8.1197e-19 -6.94817e-34 -5.26921e-18   5.4261e-33  2.89258e-17 -3.45908e-32 -1.35726e-16  1.88161e-31  5.48408e-16 -8.94888e-31 -1.91776e-15  3.77727e-30  5.82174e-15 -1.42879e-29 -1.53593e-14  4.87422e-29  3.51897e-14 -1.50589e-28 -6.98098e-14  4.22468e-28  1.19245e-13 -1.07812e-27 -1.73751e-13  2.50563e-27  2.12705e-13  -5.3075e-27 -2.13193e-13  1.02502e-26  1.66568e-13 -1.80408e-26 -9.00601e-14   2.8882e-26  1.90478e-14 -4.18693e-26  1.79456e-14  5.44707e-26 -1.92916e-14 -6.25241e-26  5.50466e-15   6.1221e-26  3.43794e-15 -4.72008e-26 -3.17874e-15  2.10496e-26  1.15311e-16  1.13802e-26  8.56122e-16 -4.03948e-26 -2.21789e-16  5.66537e-26 -1.77993e-16 -5.59119e-26  7.27756e-17  4.11565e-26  3.48621e-17 -2.05932e-26 -1.60398e-17    2.917e-27 -7.08248e-18  6.91534e-27  2.57397e-18 -8.96015e-27  1.41432e-18  6.52152e-27 -2.51119e-19 -3.21753e-27 -2.39016e-19  1.02045e-27   -3.182e-21 -1.25296e-28  2.86608e-20 -6.52037e-29  5.66487e-21  5.85415e-29 -1.77112e-21 -3.97512e-29  -8.7607e-22  2.71838e-29 -4.11858e-23 -1.63144e-29  5.41198e-23  8.75361e-30  1.41919e-23 -4.37546e-30  2.72112e-26  1.75259e-30 -6.70061e-25 -3.97017e-31 -1.36195e-25 -1.79901e-32 -3.37865e-27    4.114e-32  3.24778e-27 -1.27178e-32  6.33012e-28  2.46308e-33  3.97378e-29 -3.91555e-34  -3.3818e-30  6.40366e-36 -8.48233e-31  1.77223e-35  -6.5683e-32 -4.35442e-36 -1.50765e-33  6.38121e-37  9.99338e-35 -7.17442e-38  7.30232e-36  4.11733e-39  1.35498e-37 -6.67752e-41
 1.05989e-41 -2.73702e-26  -5.5901e-40  1.44394e-24  1.12205e-38 -4.03623e-23 -1.30912e-37  7.52054e-22  9.39548e-37 -1.03217e-20 -2.96423e-36  1.10341e-19 -2.32226e-35 -9.51802e-19  4.64924e-34  6.78554e-18 -4.49703e-33 -4.06638e-17  3.22821e-32   2.0736e-16 -1.90351e-31 -9.07761e-16  9.63444e-31  3.43274e-15 -4.28832e-30 -1.12588e-14  1.70352e-29  3.20955e-14 -6.09583e-29 -7.95459e-14  1.97617e-28  1.71107e-13 -5.82306e-28 -3.18156e-13  1.56236e-27  5.07752e-13  -3.8205e-27 -6.87508e-13  8.51987e-27  7.74912e-13 -1.73359e-26 -7.03049e-13  3.21981e-26  4.78974e-13 -5.45784e-26 -1.99601e-13  8.43085e-26 -7.87105e-15 -1.18199e-25  7.88819e-14  1.49111e-25 -4.91297e-14 -1.66481e-25  1.28944e-15  1.59238e-25  1.50818e-14 -1.21043e-25 -6.40103e-15  5.57504e-26 -2.28168e-15  2.07955e-26  2.35361e-15 -8.56634e-26  1.25041e-16  1.19193e-25 -5.97571e-16 -1.14785e-25  2.70309e-17  8.15462e-26  1.29138e-16  -3.8157e-26 -6.38719e-18  2.49933e-27 -2.48997e-17  1.62615e-26 -4.56985e-19 -1.92166e-26  4.07703e-18  1.35662e-26  5.58244e-19 -6.65184e-27 -4.95117e-19   2.2208e-27 -1.52195e-19 -4.31124e-28  3.13247e-20   -3.786e-30  2.22683e-20    6.462e-29  1.44797e-21 -7.25971e-29 -1.62785e-21  5.97095e-29 -4.57879e-22  -3.6154e-29  1.27893e-23  1.82206e-29  3.01001e-23 -8.37429e-30  5.68545e-24  3.06154e-30 -1.71164e-25 -5.85773e-31 -2.48677e-25 -7.41792e-32  -4.1594e-26  7.44141e-32 -9.42565e-28 -1.96152e-32  7.14022e-28  3.40964e-33  1.22901e-28 -5.16904e-34   7.5938e-30  9.56056e-36  -2.3586e-31  1.82304e-35 -7.16782e-32 -3.81735e-36 -4.73484e-33  4.99726e-37 -1.13795e-34 -4.92295e-38  7.02737e-37  1.96813e-39  4.13904e-38
  6.9914e-27  3.01586e-40 -6.51813e-25  -8.9911e-39  2.40201e-23  1.37729e-37 -5.41281e-22 -1.33509e-36  8.61878e-21  8.30364e-36 -1.04336e-19 -2.32226e-35  1.00339e-18 -1.63434e-34 -7.89056e-18  2.96573e-33   5.1769e-17 -2.61767e-32  -2.8748e-16  1.72468e-31  1.36537e-15  -9.3874e-31 -5.58779e-15  4.41281e-30  1.98063e-14 -1.83626e-29 -6.09945e-14  6.86621e-29  1.63399e-13 -2.32796e-28 -3.80549e-13  7.19149e-28  7.68423e-13 -2.02828e-27 -1.33821e-12   5.2246e-27  1.99226e-12 -1.22873e-26 -2.49941e-12  2.63766e-26  2.57948e-12 -5.16859e-26 -2.09369e-12  9.24856e-26  1.20391e-12 -1.51138e-25 -3.18436e-13   2.2531e-25 -1.89665e-13 -3.05243e-25  2.50985e-13   3.7259e-25 -8.97479e-14 -4.02908e-25 -3.54702e-14  3.73413e-25  4.40328e-14  -2.7497e-25 -5.58856e-15   1.2259e-25 -1.08821e-14   4.4206e-26  4.06725e-15  -1.7582e-25  2.06657e-15  2.35718e-25 -1.23711e-15 -2.17785e-25 -3.77767e-16  1.46435e-25  2.75833e-16 -6.07412e-26  7.81074e-17 -5.77949e-27 -4.79792e-17  3.80362e-26 -1.72545e-17 -4.02194e-26  5.90642e-18   2.7153e-26  3.33018e-18 -1.29736e-26 -3.02952e-19  4.34651e-27 -4.67191e-19 -9.82108e-28 -5.15475e-20  1.30929e-28  3.79804e-20  6.58969e-29  1.25492e-20 -1.36225e-28 -4.97765e-22  1.23653e-28 -1.02814e-21 -7.35692e-29 -1.88808e-22  3.48548e-29  1.77009e-23 -1.47924e-29  1.28926e-23   4.9274e-30  1.88122e-24 -7.67995e-31 -8.48528e-26 -1.81371e-31 -7.01994e-26  1.20355e-31 -1.00907e-26 -2.70975e-32 -2.80586e-28  4.24153e-33  1.06673e-28 -6.29608e-34   1.6566e-29  1.56075e-35  9.72684e-31  1.61076e-35  1.00507e-33 -2.84787e-36 -3.01396e-33  3.36506e-37  -1.4919e-34 -2.81091e-38 -2.20185e-36   6.3549e-40
-1.06855e-40  2.25584e-25  5.73006e-39 -1.20002e-23   -1.185e-37  3.38366e-22  1.45825e-36 -6.36218e-21 -1.20265e-35  8.81528e-20  6.55736e-35 -9.51802e-19 -1.63434e-34  8.29635e-18 -1.03488e-33 -5.97967e-17  1.69999e-32  3.62487e-16 -1.36445e-31 -1.87094e-15  8.20954e-31  8.29538e-15 -4.10112e-30 -3.17941e-14  1.78098e-29  1.05775e-13 -6.90334e-29 -3.06135e-13  2.42744e-28  7.71105e-13 -7.81407e-28 -1.68779e-12  2.31102e-27   3.1981e-12 -6.27827e-27 -5.21101e-12  1.56334e-26  7.22218e-12 -3.55941e-26 -8.36337e-12  7.39713e-26  7.84455e-12 -1.40229e-25 -5.59878e-12  2.42546e-25  2.55851e-12 -3.82891e-25 -1.23513e-13  5.51189e-25 -8.54451e-13  -7.2081e-25  6.22136e-13  8.48547e-25 -7.03121e-14 -8.82963e-25 -1.67792e-13  7.83303e-25  9.11733e-14 -5.44451e-25  1.85646e-14  2.13589e-25  -3.0627e-14  1.18597e-25  1.52406e-15 -3.55431e-25  7.45907e-15  4.40227e-25 -1.12959e-15 -3.80137e-25 -1.59865e-15  2.33691e-25  2.58174e-16 -7.52752e-26  3.18687e-16 -3.88068e-26 -2.83002e-17  8.73498e-26 -5.64121e-17 -8.22617e-26 -2.12159e-18  5.25242e-26  7.83259e-18 -2.40422e-26  1.52919e-18   7.8061e-27 -6.75146e-19 -1.84752e-27 -2.95562e-19  3.74892e-28  7.47884e-21  5.61696e-29  2.77493e-20 -2.50749e-28  5.32008e-21  2.39495e-28 -7.90855e-22  -1.3862e-28  -4.9513e-22  6.17576e-29 -6.30549e-23 -2.42202e-29  9.49739e-24  7.32565e-30  4.33195e-24  -8.7857e-31  5.18541e-25 -3.52111e-31 -2.19242e-26  1.75298e-31 -1.47214e-26 -3.35277e-32 -1.86652e-27  4.74531e-33  -6.5201e-29 -7.10825e-34  9.74696e-30  2.40697e-35  1.39699e-30  1.19389e-35  7.15498e-32 -1.76526e-36  9.66832e-34   1.9265e-37  -4.0274e-35  -1.2696e-38 -9.03531e-37
-5.19837e-26 -2.78208e-39  4.88697e-24  8.42272e-38 -1.81664e-22 -1.32459e-36  4.13112e-21  1.35386e-35 -6.64085e-20  -9.6546e-35   8.1197e-19  4.64924e-34 -7.89056e-18 -1.03488e-33   6.2733e-17 -5.88482e-33 -4.16337e-16  8.70236e-32  2.34004e-15 -6.29355e-31 -1.12559e-14  3.41543e-30  4.66862e-14  -1.5435e-29 -1.67843e-13  6.10528e-29  5.24704e-13 -2.18109e-28 -1.42831e-12  7.18279e-28  3.38401e-12 -2.20328e-27 -6.96079e-12  6.30194e-27  1.23695e-11 -1.67193e-26 -1.88318e-11  4.08351e-26  2.42341e-11 -9.12139e-26 -2.57759e-11   1.8557e-25  2.17482e-11 -3.43295e-25 -1.32811e-11  5.77548e-25   4.2005e-12 -8.84091e-25  1.52226e-12  1.23044e-24 -2.66607e-12 -1.55039e-24  1.16378e-12  1.75012e-24  2.62051e-13 -1.73222e-24 -4.94255e-13  1.43851e-24  1.09333e-13 -8.96153e-25  1.09542e-13  2.34109e-25 -5.72459e-14  3.57703e-25 -1.78582e-14 -7.15202e-25  1.64976e-14  7.77662e-25  2.76835e-15 -6.02398e-25 -3.70669e-15  3.15202e-25 -5.74165e-16 -4.22837e-26   6.8485e-16 -1.34816e-25  1.51119e-16  1.93787e-25 -9.74405e-17 -1.63543e-25 -3.52786e-17  9.80348e-26  8.36979e-18 -4.23705e-26  5.90735e-18  1.29528e-26  1.05639e-19 -3.04875e-27 -6.01457e-19   7.8557e-28 -1.32985e-19  1.27871e-29  2.28849e-20 -4.39461e-28   1.4907e-20   4.3387e-28  1.70297e-21 -2.43396e-28 -4.94897e-22  1.01842e-28 -1.88964e-22 -3.68558e-29 -1.75874e-23  1.00786e-29  3.31096e-24 -8.40206e-31  1.13689e-24 -5.85367e-31  1.17656e-25  2.30907e-31 -3.01227e-27 -3.70156e-32 -2.18522e-27  4.76632e-33 -2.45916e-28 -7.44996e-34 -9.66123e-30  3.27941e-35  4.31648e-31  7.02369e-36  6.16899e-32 -8.67617e-37  2.32424e-33  9.19066e-38  2.52198e-35 -3.96084e-39
 8.96211e-40  -1.5332e-24  -4.8583e-38  8.22744e-23  1.01848e-36  -2.3411e-21 -1.28389e-35  4.44403e-20  1.11485e-34 -6.21926e-19 -6.94817e-34  6.78554e-18  2.96573e-33 -5.97967e-17 -5.88482e-33  4.35966e-16  -2.9835e-32 -2.67487e-15  3.91737e-31  1.39822e-14 -2.49701e-30 -6.28277e-14  1.18373e-29  2.44222e-13 -4.64103e-29 -8.24715e-13  1.59552e-28  2.42507e-12  -5.0466e-28 -6.21268e-12  1.52814e-27   1.3848e-11 -4.51664e-27 -2.67626e-11   1.2929e-26  4.45619e-11 -3.49824e-26 -6.32755e-11  8.73258e-26  7.53523e-11 -1.97955e-25 -7.31309e-11   4.0452e-25  5.46863e-11 -7.43968e-25 -2.72348e-11  1.23284e-24  3.46696e-12 -1.84346e-24  7.52555e-12   2.4858e-24 -6.50186e-12 -3.00653e-24  1.28618e-12   3.2168e-24  1.50028e-12 -2.95615e-24 -1.05112e-12  2.18189e-24 -7.92854e-14 -1.03843e-24  3.23469e-13 -1.59514e-25  -5.0642e-14  1.05644e-24 -7.46008e-14 -1.43147e-24  2.06793e-14  1.29479e-24   1.5641e-14 -8.38594e-25 -4.75428e-15  3.02906e-25 -3.20879e-15  1.30377e-25  7.15375e-16 -3.70145e-25  6.15348e-16  4.10224e-25 -4.55003e-17 -3.13565e-25 -9.69321e-17  1.75721e-25 -9.06643e-18  -7.0836e-26   1.0384e-17  1.98616e-26  2.97554e-18 -4.52959e-27 -4.55812e-19  1.47669e-27 -3.64805e-19 -1.25118e-28 -4.09956e-20 -7.22936e-28  1.72024e-20  7.37388e-28  6.27881e-21 -4.00127e-28  4.05215e-22   1.5677e-28 -2.08217e-22 -5.22032e-29 -5.79134e-23   1.2848e-29 -4.24513e-24 -5.90079e-31  8.03214e-25 -8.60249e-31  2.27508e-25  2.75632e-31  2.10779e-26 -3.61273e-32 -8.28803e-29  4.27668e-33 -2.11412e-28 -7.23385e-34 -2.07785e-29  3.87724e-35 -7.85802e-31  2.75187e-36  2.80732e-33  -3.0205e-37  9.74976e-34  3.50043e-38  1.48351e-35
 3.21582e-25  2.15571e-38 -3.04969e-23 -6.58724e-37  1.14406e-21  1.04834e-35  -2.6266e-20 -1.09554e-34   4.2647e-19  8.20655e-34 -5.26921e-18 -4.49703e-33   5.1769e-17  1.69999e-32 -4.16337e-16  -2.9835e-32  2.79657e-15 -1.32503e-31 -1.59185e-14  1.49392e-30  7.75975e-14 -7.89296e-30 -3.26405e-13  2.92034e-29  1.19103e-12 -8.07331e-29 -3.78244e-12  1.65357e-28  1.04704e-11 -2.44877e-28  -2.5256e-11  3.62038e-28   5.2966e-11 -1.52046e-27 -9.61272e-11  8.59428e-27    1.498e-10 -3.66191e-26  -1.9793e-10  1.19791e-25  2.17168e-10 -3.17752e-25 -1.90598e-10  7.09068e-25  1.23467e-10 -1.36312e-24 -4.53488e-11  2.29227e-24 -8.63576e-12  -3.4012e-24    2.353e-11  4.46041e-24 -1.23739e-11 -5.13129e-24 -1.09108e-12  5.06199e-24  4.57233e-12 -4.04786e-24 -1.48484e-12   2.1976e-24 -8.71407e-13   1.1698e-26  6.45236e-13 -1.89221e-24  1.03531e-13  2.87806e-24 -1.77497e-13 -2.81918e-24 -8.01589e-15  2.00835e-24  3.99759e-14 -9.33775e-25  1.46668e-15 -9.00675e-27 -7.75484e-15  6.27657e-25 -7.80897e-16 -8.81836e-25  1.23077e-15  8.22614e-25  2.72506e-16 -5.75526e-25 -1.36316e-16  3.00804e-25 -5.81566e-17 -1.11903e-25  5.70081e-18  2.80329e-26  7.37982e-18 -6.17208e-27  9.53221e-19  2.68366e-27  -4.3899e-19 -4.86408e-28 -1.67867e-19 -1.11065e-27 -6.63259e-21  1.18006e-27  8.48752e-21  -6.1793e-28  2.13609e-21  2.25654e-28  7.04963e-23 -6.88844e-29 -6.42801e-23  1.51913e-29 -1.41887e-23 -1.10116e-31 -9.01017e-25  -1.1365e-30  1.33179e-25  2.98164e-31  3.31456e-26 -3.05635e-32  2.76677e-27   3.3935e-33  3.81092e-29 -6.46985e-34 -1.15327e-29  3.96855e-35  -9.4715e-31 -7.07502e-39 -2.75174e-32 -4.48329e-38 -1.59009e-34  9.39061e-39
-6.36707e-39  8.73847e-24  3.48928e-37 -4.73232e-22 -7.37067e-36  1.35951e-20  9.38696e-35 -2.60668e-19 -8.31654e-34  3.68637e-18   5.4261e-33 -4.06638e-17 -2.61767e-32  3.62487e-16  8.70236e-32 -2.67487e-15 -1.32503e-31  1.66207e-14  -4.9377e-31 -8.80441e-14  4.32404e-30  4.01202e-13 -1.42603e-29 -1.58278e-12  5.19588e-30  5.42926e-12  2.17104e-28 -1.62324e-11 -1.46017e-27  4.23295e-11  6.08503e-27 -9.61669e-11 -1.90929e-26  1.89724e-10  4.73813e-26 -3.23126e-10 -9.29389e-26  4.70535e-10  1.35779e-25 -5.76804e-10  -1.0914e-25  5.79733e-10 -1.16764e-25 -4.54299e-10  7.15119e-25  2.45342e-10 -1.82708e-24 -4.90753e-11  3.44202e-24 -5.41082e-11 -5.28549e-24  5.70256e-11  6.79236e-24 -1.61819e-11 -7.23437e-24 -1.07369e-11  6.01776e-24  1.00197e-11 -3.06027e-24 -4.07928e-13 -9.67908e-25  -2.8059e-12  4.78233e-24  7.75641e-13 -7.05734e-24  5.98117e-13  7.13783e-24  -2.6579e-13 -5.37889e-24 -1.19481e-13   2.8276e-24  6.16468e-14 -5.16775e-25  2.50713e-14 -1.03114e-24 -1.05777e-14  1.78098e-24 -5.27712e-15 -1.89289e-24  1.16454e-15  1.55719e-24  9.51719e-16 -1.00538e-24 -1.44031e-17  4.89262e-25 -1.22862e-16 -1.66302e-25 -2.13809e-17   3.6138e-26   8.4773e-18 -7.90464e-27  3.75095e-18  4.85491e-27  9.95827e-20 -1.29598e-27 -2.52945e-19 -1.59281e-27 -6.12556e-20  1.78435e-27  9.26194e-22 -8.98564e-28  3.11905e-21  3.03981e-28   5.9515e-22 -8.47066e-29  9.81095e-24  1.66748e-29 -1.47329e-23  5.54249e-31 -2.71535e-24 -1.36373e-30 -1.61584e-25  2.91616e-31  1.39003e-26  -2.1433e-32  3.25814e-27  2.33512e-33  2.37938e-28 -5.27862e-34  5.34161e-30  3.51475e-35 -2.61671e-31 -1.15246e-36 -1.62503e-32  2.23624e-38 -1.88284e-34
-1.67876e-24 -1.42765e-37  1.60672e-22   4.3975e-36 -6.08556e-21 -7.04001e-35  1.41124e-19  7.41946e-34 -2.31555e-18 -5.65582e-33  2.89258e-17  3.22821e-32  -2.8748e-16 -1.36445e-31  2.34004e-15  3.91737e-31 -1.59185e-14  -4.9377e-31  9.18242e-14 -1.34977e-30  -4.5392e-13   4.8165e-30  1.93774e-12  4.28923e-29 -7.18175e-12  -5.2281e-28  2.31877e-11  3.16198e-27 -6.53255e-11 -1.37941e-26  1.60565e-10   4.7796e-26  -3.4362e-10 -1.36816e-25  6.37519e-10  3.29398e-25 -1.01792e-09 -6.71123e-25  1.38234e-09  1.15217e-24  -1.5661e-09 -1.63334e-24  1.43073e-09  1.80141e-24 -9.82203e-10 -1.22957e-24  4.10558e-10  -4.1105e-25  2.25259e-11  3.03606e-24 -1.74299e-10 -5.89203e-24  1.10109e-10   7.5898e-24 -3.29717e-12 -6.59078e-24 -3.51601e-11  2.06375e-24  1.56843e-11  5.32188e-24  5.28667e-12 -1.32832e-23 -5.96694e-12   1.8829e-23 -1.72569e-13 -1.98139e-23   1.5644e-12  1.61541e-23 -1.20327e-13 -9.79307e-24 -3.50377e-13  3.40363e-24  3.03921e-14  1.16063e-24  7.08032e-14 -3.49318e-24 -1.37496e-15  4.12879e-24  -1.2342e-14  -3.7325e-24 -1.24647e-15  2.77913e-24  1.63119e-15 -1.66469e-24  4.32625e-16  7.52868e-25 -1.21516e-16 -2.31388e-25 -7.13278e-17  4.19914e-26 -2.44287e-18 -9.92593e-27  5.82866e-18  8.73935e-27  1.45082e-18  -2.8829e-27 -8.90943e-20  -2.1363e-27 -1.07163e-19  2.55671e-27 -1.81982e-20 -1.23222e-27  1.00187e-21  3.83316e-28  8.82347e-22 -9.70609e-29  1.35758e-22  1.70067e-29  1.72934e-24  1.29933e-30 -2.44697e-24 -1.49672e-30 -3.87853e-25  2.56463e-31 -2.21658e-26 -1.09201e-32  7.30994e-28  1.33679e-33  1.90641e-28  -3.8739e-34  1.12518e-29  2.68234e-35  2.33976e-31 -1.16761e-36 -7.64693e-34  1.63819e-38
 3.89741e-38 -4.22704e-23 -2.15799e-36  2.31129e-21  4.58474e-35  -6.7071e-20 -5.86356e-34  1.29961e-18  5.22845e-33 -1.85826e-17 -3.45908e-32   2.0736e-16  1.72468e-31 -1.87094e-15 -6.29355e-31  1.39822e-14  1.49392e-30 -8.80441e-14 -1.34977e-30  4.72963e-13 -8.50391e-31 -2.18719e-12 -5.01708e-29  8.76384e-12  6.40362e-28   -3.056e-11 -4.30552e-27  9.29769e-11  2.08117e-26 -2.47012e-10 -7.97492e-26  5.72487e-10  2.53049e-25 -1.15407e-09 -6.80125e-25  2.01246e-09  1.56788e-24 -3.00846e-09 -3.12003e-24  3.80018e-09  5.36766e-24  -3.9591e-09 -7.95052e-24   3.2521e-09  1.00083e-23 -1.89681e-09 -1.03884e-23  5.08832e-10  8.26571e-24  3.13391e-10 -3.99121e-24 -4.24448e-10 -3.48165e-25  1.58908e-10  1.31636e-24  5.94184e-11  4.23684e-24 -8.00428e-11 -1.69139e-23  1.23162e-11  3.34108e-23  2.00245e-11 -4.74658e-23 -8.50059e-12   5.3002e-23 -3.75528e-12 -4.75448e-23  2.65895e-12  3.35618e-23  6.70167e-13 -1.68043e-23 -6.20971e-13  2.88837e-24 -1.42019e-13   5.4288e-24   1.1558e-13 -8.56925e-24  3.42778e-14  8.46801e-24 -1.58803e-14 -6.83856e-24  -7.3596e-15  4.67541e-24  1.14086e-15 -2.60483e-24  1.14935e-15  1.09186e-24  7.95854e-17 -2.99711e-25 -1.06431e-16  4.29346e-26 -2.97133e-17 -1.30041e-26  2.68032e-18  1.54116e-26  2.81356e-18 -5.64722e-27  4.37229e-19 -2.68808e-27 -6.60813e-20  3.47902e-27 -3.53754e-20 -1.59493e-27  -4.4937e-21  4.52288e-28  3.47424e-22  -1.0359e-28  1.91798e-22   1.6134e-29  2.48688e-23  1.99339e-30  4.41935e-25 -1.51045e-30   -2.781e-25  2.00665e-31 -3.83711e-26 -1.47314e-33 -2.02724e-27  5.68923e-34   2.4638e-30 -2.50646e-34   5.2646e-30  1.74346e-35  2.05437e-31 -7.10871e-37  1.82628e-33
 7.47094e-24  8.19623e-37 -7.21971e-22 -2.54445e-35  2.76228e-20  4.08888e-34 -6.47376e-19 -4.31985e-33  1.07401e-17  3.30601e-32 -1.35726e-16 -1.90351e-31  1.36537e-15  8.20954e-31 -1.12559e-14 -2.49701e-30  7.75975e-14  4.32404e-30  -4.5392e-13 -8.50391e-31  2.27717e-12  2.14789e-29   -9.873e-12 -5.18866e-28  3.71962e-11  4.41365e-27 -1.22198e-10 -2.47697e-26  3.50674e-10   1.0676e-25 -8.79095e-10 -3.75818e-25  1.92166e-09  1.11439e-24 -3.64833e-09 -2.83245e-24   5.9748e-09  6.23597e-24 -8.34818e-09 -1.19659e-23  9.77604e-09  2.00682e-23 -9.30329e-09 -2.93962e-23  6.76365e-09  3.74209e-23 -3.17075e-09 -4.09757e-23  1.82912e-10  3.80773e-23   1.0871e-09 -3.01429e-23 -8.31534e-10  2.30238e-23  1.14791e-10 -2.51319e-23  2.24666e-10  4.24738e-23 -1.34993e-10 -7.32962e-23 -2.11439e-11  1.06769e-22  4.58772e-11 -1.27982e-22 -4.49295e-12  1.26441e-22 -1.13453e-11 -1.02026e-22  2.42079e-12  6.43956e-23  2.49308e-12 -2.69141e-23 -5.85383e-13 -3.74967e-25 -5.21335e-13  1.44072e-23   8.3469e-14  -1.7978e-23  9.94434e-14  1.58706e-23 -2.26376e-15  -1.1727e-23  -1.5268e-14  7.41588e-24 -2.13462e-15 -3.84269e-24  1.53405e-15  1.48675e-24  5.37224e-16 -3.58567e-25 -4.74242e-17  3.66865e-26  -5.9076e-17 -1.87255e-26 -8.94583e-18  2.61641e-26  2.25489e-18 -9.97153e-27  1.04745e-18  -3.1864e-27  1.04098e-19  4.50252e-27 -2.61182e-20 -1.94938e-27 -9.25663e-21  4.98946e-28 -9.35513e-22 -1.02912e-28  7.24846e-23   1.4257e-29  3.12057e-23  2.51875e-30  3.49782e-24 -1.40785e-30  9.01477e-26  1.36815e-31 -1.94518e-26  5.09184e-33 -2.33154e-27  9.52598e-35 -1.02531e-28 -1.38665e-34 -1.06068e-30  9.40651e-36  3.80449e-32 -2.67915e-37
-2.07601e-37  1.75037e-22  1.16365e-35 -9.66837e-21  -2.4861e-34  2.83557e-19  3.18582e-33 -5.55566e-18 -2.84233e-32  8.03662e-17  1.88161e-31 -9.07761e-16  -9.3874e-31  8.29538e-15  3.41543e-30 -6.28277e-14 -7.89296e-30  4.01202e-13   4.8165e-30 -2.18719e-12  2.14789e-29  1.02726e-11  1.98642e-28 -4.18397e-11 -3.30758e-27  1.48442e-10  2.37569e-26 -4.59984e-10 -1.19432e-25  1.24615e-09  4.73375e-25 -2.94922e-09 -1.55482e-24  6.08113e-09  4.34266e-24 -1.08689e-08 -1.04708e-23  1.66985e-08  2.20019e-23 -2.17588e-08 -4.05274e-23  2.35201e-08  6.56387e-23 -2.02589e-08 -9.34832e-23  1.27204e-08  1.16713e-22 -4.24067e-09 -1.27035e-22 -1.38814e-09  1.20339e-22  2.69843e-09  -1.0208e-22  -1.2801e-09  8.84138e-23 -2.22711e-10 -9.91611e-23  5.39694e-10  1.44175e-22 -1.47154e-10 -2.12359e-22 -1.16075e-10  2.74057e-22  7.34857e-11 -2.97873e-22  1.69103e-11  2.69791e-22 -2.15488e-11 -2.00085e-22 -2.07232e-12  1.14701e-22  5.04323e-12 -3.99067e-23  4.16508e-13 -9.13782e-24   -9.966e-13  3.11294e-23 -1.44859e-13 -3.40022e-23  1.57604e-13  2.76327e-23  4.27616e-14  -1.8915e-23 -1.66399e-14  1.10924e-23 -8.49811e-15 -5.33177e-24  4.42869e-16  1.89185e-24   1.0158e-15 -3.91191e-25  1.67635e-16  2.24804e-26  -5.2664e-17 -2.95045e-26 -2.44203e-17   4.2218e-26  -1.7983e-18 -1.60839e-26  1.03912e-18 -3.57621e-27  3.11788e-19  5.54661e-27  2.01017e-20 -2.25006e-27 -7.11307e-21  5.13943e-28 -1.90951e-21 -9.51056e-29 -1.63331e-22  1.17575e-29    9.335e-24  2.80592e-30  3.60663e-24 -1.21688e-30  3.49744e-25  7.76787e-32  1.08834e-26  8.13574e-33 -6.76457e-28 -1.17878e-34 -7.02214e-29 -6.21749e-35 -2.01556e-30  3.98476e-36 -1.24442e-32
-2.85465e-23 -4.11791e-36  2.78692e-21  1.29043e-34 -1.07771e-19 -2.08113e-33  2.55406e-18  2.19922e-32 -4.28695e-17 -1.68031e-31  5.48408e-16  9.63444e-31 -5.58779e-15 -4.10112e-30  4.66862e-14  1.18373e-29 -3.26405e-13 -1.42603e-29  1.93774e-12 -5.01708e-29   -9.873e-12  1.98642e-28   4.3511e-11  1.22674e-27 -1.66779e-10  -1.7195e-26  5.58002e-10  1.10568e-25 -1.63268e-09 -5.10828e-25  4.17856e-09  1.88683e-24 -9.33961e-09 -5.82559e-24  1.81643e-08  1.53885e-23 -3.05451e-08 -3.52618e-23  4.39612e-08  7.07132e-23 -5.32696e-08   -1.248e-22  5.28499e-08  1.94392e-22 -4.06695e-08 -2.67216e-22  2.11518e-08  3.23167e-22 -3.28171e-09 -3.42306e-22  -5.6767e-09  3.18315e-22  5.37855e-09 -2.70232e-22 -1.30529e-09   2.4069e-22 -1.17659e-09 -2.73401e-22  9.69216e-10  3.79481e-22  7.65014e-12 -5.19265e-22 -2.94539e-10  6.21014e-22  6.89305e-11 -6.26624e-22   6.7093e-11  5.27455e-22 -2.60896e-11 -3.62994e-22 -1.40869e-11  1.90512e-22  6.30796e-12 -5.43393e-23  3.02491e-12 -2.73348e-23 -1.09227e-12  5.94705e-23 -6.37481e-13 -5.93621e-23  1.13371e-13  4.51296e-23  1.13825e-13 -2.87963e-23  1.89809e-15  1.56461e-23 -1.43258e-14 -6.93727e-24 -2.96008e-15  2.23403e-24  9.02826e-16 -3.79718e-25  4.68741e-16  2.06576e-27  2.66333e-17 -4.81898e-26 -2.84714e-17   6.4268e-26 -7.94669e-18 -2.39072e-26 -1.52398e-19 -3.82169e-27  3.40849e-19  6.50514e-27  7.52104e-20 -2.45242e-27  3.36528e-21  4.93478e-28 -1.38972e-21 -8.17413e-29 -3.02512e-22  9.07435e-30 -2.29236e-23  2.84513e-30  6.27653e-25 -9.79226e-31  2.70991e-25  3.22176e-32  2.20038e-26    8.178e-33  6.63243e-28 -1.57937e-34 -5.99716e-30 -2.00579e-35 -6.21548e-31  1.14563e-36
 9.69699e-37 -6.24142e-22 -5.51909e-35  3.48466e-20  1.18731e-33 -1.03351e-18 -1.52413e-32  2.04881e-17   1.3578e-31 -3.00031e-16 -8.94888e-31  3.43274e-15  4.41281e-30 -3.17941e-14  -1.5435e-29  2.44222e-13  2.92034e-29 -1.58278e-12  4.28923e-29  8.76384e-12 -5.18866e-28 -4.18397e-11  1.22674e-27  1.73374e-10  6.28079e-27 -6.26413e-10 -7.84515e-26  1.97893e-09  4.62588e-25 -5.47243e-09 -1.98856e-24  1.32393e-08  6.89373e-24 -2.79531e-08 -2.00925e-23  5.12667e-08  5.03201e-23 -8.10411e-08 -1.09713e-22   1.0906e-07  2.10018e-22 -1.22443e-07 -3.54846e-22  1.10643e-07  5.30479e-22 -7.45955e-08 -7.01172e-22  2.95782e-08  8.16195e-22  3.81348e-09 -8.32513e-22  -1.4679e-08  7.47292e-22  8.67628e-09 -6.19902e-22  1.54119e-10  5.55716e-22 -3.07322e-09 -6.42681e-22  1.25491e-09  8.76925e-22  5.22809e-10 -1.14398e-21  -5.2028e-10  1.28778e-21 -3.35597e-11 -1.21686e-21  1.43775e-10  9.56974e-22 -7.01377e-12 -6.13842e-22 -3.34351e-11  2.96289e-22  2.03621e-12 -6.73168e-23  6.93017e-12 -5.97543e-23  3.34091e-14  1.03764e-22  -1.2247e-12 -9.68922e-23 -1.53581e-13  6.95648e-23  1.61342e-13 -4.14867e-23  4.78209e-14  2.08044e-23  -1.1305e-14 -8.42686e-24 -7.59851e-15   2.4189e-24 -4.38922e-16 -3.09351e-25  5.87233e-16 -1.99376e-26  1.63524e-16 -7.72282e-26 -4.68995e-18  9.19701e-26 -1.08688e-17 -3.29524e-26 -2.09361e-18 -3.90965e-27  3.91072e-20  7.26112e-27  8.41597e-20 -2.52372e-27  1.46525e-20  4.40788e-28  5.36497e-22 -6.54009e-29 -1.90752e-22  6.58322e-30  -3.4988e-23  2.67448e-30 -2.37066e-24 -7.36339e-31  3.92293e-27  3.71224e-33  1.13472e-26  6.41908e-33  7.05236e-28  -1.1735e-34  1.49335e-29 -2.91255e-36  3.54852e-32
