 2.21309e-09 -5.53695e-23 -3.33057e-08  1.29913e-21  1.78702e-07 -9.23033e-21 -5.13904e-07  3.75715e-20  8.72287e-07 -1.03767e-19 -8.52641e-07  2.07471e-19   3.6926e-07 -3.12635e-19  8.22616e-08  3.76861e-19 -1.21632e-07  -4.0172e-19 -1.56163e-08  4.08509e-19  3.15699e-08 -3.68311e-19  9.43279e-09   2.3753e-19 -5.62587e-09 -6.39561e-20 -4.09325e-09 -4.20348e-20 -1.90494e-10  4.62211e-20  8.51743e-10 -1.20358e-20  4.26829e-10 -4.33046e-21  2.73859e-11   2.8801e-21 -7.16179e-11  -8.3857e-23 -4.28234e-11 -2.34886e-22  -1.0068e-11  5.62639e-23  1.86419e-12  3.26075e-23  2.68788e-12 -4.36215e-23  1.21956e-12 -6.28603e-25  2.93118e-13  9.31757e-24 -3.20829e-15  4.15668e-24 -3.96022e-14 -3.19792e-24  -2.1455e-14 -7.96809e-25 -7.20451e-15  3.56223e-25 -1.59895e-15  1.88735e-25 -1.35027e-16 -1.38208e-26  7.53354e-17 -3.40617e-26  4.88315e-17 -4.85346e-27  1.78651e-17  5.47694e-27  4.93855e-18  1.75426e-27  1.08549e-18 -2.37456e-28  1.83253e-19 -4.16939e-28  1.87657e-20 -1.63152e-28 -1.35651e-21  8.02993e-30 -1.34927e-21  3.47594e-29 -4.42949e-22  1.59754e-29 -1.07224e-22  3.14862e-30   -2.159e-23 -2.78824e-31 -3.76705e-24 -4.48717e-31 -5.79206e-25 -1.97959e-31 -7.89294e-26 -6.01913e-32 -9.51728e-27 -1.37951e-32 -1.00616e-27  -2.3823e-33 -9.13213e-29 -3.01737e-34 -6.78235e-30 -2.53083e-35 -3.57367e-31 -5.04207e-37 -3.80478e-33  2.97283e-37   1.9814e-33  6.66696e-38  3.09588e-34  7.52328e-39  3.06232e-35  3.80573e-40  2.33852e-36 -1.95585e-41  1.44308e-37   -6.252e-42  7.25214e-39 -7.44408e-43  2.94447e-40 -5.77879e-44  9.36762e-42  -3.0779e-45  2.19655e-43 -1.09282e-46   3.4091e-45 -2.29448e-48  2.89611e-47 -1.85021e-50
-5.53695e-23  4.94633e-08 -7.32298e-22 -4.18569e-07   1.1804e-20    1.679e-06 -6.70207e-20 -3.88185e-06  2.32585e-19  5.38042e-06 -5.62752e-19 -4.11852e-06  9.86303e-19  9.67031e-07 -1.27778e-18  8.43324e-07  1.29375e-18 -4.13967e-07   -1.193e-18 -2.27507e-07  1.17726e-18  8.91864e-08 -1.10393e-18  7.72208e-08  7.21694e-19 -1.76547e-09 -1.78618e-19 -1.95957e-08 -1.32326e-19 -7.13601e-09  1.21504e-19  1.41672e-09 -1.95903e-20  2.21764e-09 -1.44519e-20  7.91979e-10  4.91709e-21 -3.71366e-11  7.24647e-22 -1.70874e-10 -3.86252e-22 -8.64041e-11  1.86259e-22 -1.85181e-11  4.69392e-23  3.68941e-12 -1.63318e-22  4.93046e-12  2.62559e-24  2.24906e-12  3.60476e-23  5.93812e-13   1.1416e-23  4.44935e-14 -9.82483e-24 -4.62404e-14 -2.24607e-24 -3.00589e-14  1.05387e-24 -1.12514e-14  4.76655e-25 -2.99255e-15 -6.23423e-26 -5.27467e-16 -9.13819e-26 -1.70247e-17 -3.26512e-27  3.13915e-17  1.81968e-26  1.57678e-17  4.40483e-27   5.1038e-18 -1.49686e-27  1.30237e-18 -1.53894e-27  2.74989e-19 -4.89556e-28  4.79996e-20  8.00712e-29  6.55589e-21  1.38073e-28  5.42232e-22   5.8468e-29 -3.71195e-23  1.09202e-29 -2.85525e-23 -1.10827e-30 -7.78585e-24 -1.58627e-30 -1.57827e-24 -6.83056e-31 -2.67166e-25 -2.05331e-31 -3.93184e-26 -4.73461e-32 -5.11979e-27 -8.48858e-33 -5.94583e-28 -1.18907e-33 -6.17641e-29 -1.30657e-34 -5.73688e-30 -1.08037e-35 -4.75138e-31 -4.76698e-37  -3.4914e-32  2.83751e-38  -2.2596e-33  5.99631e-39 -1.27548e-34  1.62854e-40 -6.19974e-36 -5.70284e-41 -2.55079e-37 -1.03431e-41 -8.68119e-39 -1.03243e-42 -2.35625e-40 -6.93418e-44 -4.81647e-42 -3.14408e-45 -7.21478e-44  -9.0206e-47 -7.32931e-46 -1.32782e-48 -2.57774e-48
-3.33057e-08 -7.32298e-22  5.40156e-07  -5.3953e-21 -3.14588e-06  6.52899e-20  9.92422e-06  -3.0817e-19 -1.88075e-05  9.38069e-19  2.13016e-05 -2.03119e-18 -1.22297e-05  3.15995e-18  6.83509e-08 -3.50764e-18  3.56709e-06  2.87252e-18 -4.36957e-07 -2.17475e-18 -1.01101e-06  2.17776e-18 -1.16644e-08 -2.26489e-18   2.6552e-07  1.52221e-18  8.01549e-08 -3.27871e-19 -3.76597e-08 -2.99323e-19 -3.41405e-08  2.16808e-19 -6.39202e-09 -8.01747e-21  4.46854e-09 -2.98527e-20  3.57543e-09  2.76468e-21  9.69813e-10  1.97852e-21 -1.59475e-10  1.48039e-22 -2.63392e-10  6.41016e-22 -1.20042e-10 -3.85236e-23 -2.51308e-11 -4.21827e-22  4.08496e-12  9.28011e-24  5.92563e-12  9.05711e-23   2.7905e-12  2.26341e-23  8.11858e-13 -2.03514e-23  1.19475e-13 -4.17946e-24 -2.40331e-14  2.12926e-24 -2.49031e-14  7.37064e-25 -1.06789e-14 -2.13225e-25 -3.24665e-15 -1.61445e-25 -7.44928e-16  2.75166e-26 -1.17391e-16  4.41387e-26 -4.19433e-18  6.18844e-27  5.30343e-18 -5.60189e-27  2.49522e-18 -3.94007e-27  7.54128e-19 -9.37672e-28    1.818e-19  3.55811e-28  3.70614e-20  3.86862e-28  6.50859e-21  1.50644e-28  9.82784e-22  2.65937e-29  1.24481e-22 -3.00534e-30  1.22261e-23  -3.8982e-30  6.49449e-25 -1.63642e-30 -6.89195e-26 -4.84525e-31 -2.81404e-26 -1.11477e-31 -5.44587e-27 -2.03553e-32  -8.0205e-28 -3.00104e-33 -9.86214e-29 -3.66751e-34 -1.04558e-29  -3.7629e-35 -9.67793e-31 -3.11293e-36 -7.84712e-32 -1.96031e-37 -5.56145e-33 -1.13339e-38  -3.4225e-34 -1.07759e-39 -1.80933e-35 -1.33079e-40 -8.08807e-37 -1.35431e-41 -2.98514e-38 -1.03601e-42 -8.76245e-40 -5.68829e-44 -1.93714e-41 -2.09498e-45 -2.94801e-43 -4.55447e-47 -2.47636e-45 -3.81294e-49
 1.29913e-21 -4.18569e-07  -5.3953e-21  3.84217e-06  -2.6847e-20 -1.68591e-05  2.56248e-19  4.31907e-05 -1.03877e-18 -6.78838e-05  2.85571e-18  6.23201e-05 -5.66196e-18 -2.43338e-05  7.93061e-18 -8.05623e-06 -7.51987e-18  9.14612e-06  4.66923e-18  1.67093e-06 -2.51822e-18 -2.50956e-06  2.90552e-18 -8.53583e-07  -3.7369e-18  4.66282e-07  2.59666e-18  3.64602e-07 -4.38192e-19  1.71675e-08 -5.58978e-19 -8.02655e-08  2.96268e-19 -4.01784e-08  3.94663e-20 -1.74798e-09 -4.29607e-20  7.55598e-09 -7.76085e-21  4.34925e-09  1.80864e-21  9.31628e-10  2.04565e-21 -2.66836e-10   1.8209e-21 -3.09746e-10 -2.74723e-22 -1.33196e-10  -8.5935e-22 -2.89705e-11  7.40774e-24  2.48522e-12  1.72695e-22  5.26694e-12   3.6921e-23  2.63515e-12 -3.24857e-23  8.41388e-13 -5.48877e-24  1.71634e-13  3.40039e-24  7.03484e-15  6.11092e-25 -1.21672e-14 -5.76795e-25 -6.71694e-15 -1.97974e-25 -2.33075e-15  1.26896e-25 -6.21748e-16  8.72237e-26  -1.3164e-16  1.97407e-27 -2.09154e-17 -1.52178e-26 -1.73508e-18 -7.91052e-27  3.16054e-19 -1.15932e-27  1.97554e-19  1.09361e-27  6.00367e-20  8.80052e-28  1.39826e-20  3.15662e-28  2.73947e-21  5.27371e-29  4.67064e-22 -6.36365e-30  7.02816e-23 -7.65842e-30  9.37526e-24 -3.13302e-30  1.10603e-24 -9.10783e-31  1.14289e-25 -2.07615e-31  1.01263e-26 -3.80668e-32  7.33406e-28 -5.73852e-33  3.77359e-29  -7.3263e-34  4.26754e-31 -8.05658e-35 -1.89129e-31 -7.51723e-36 -2.86242e-32     -5.9e-37 -2.70888e-33 -4.18772e-38 -1.96168e-34 -3.03861e-39 -1.13814e-35 -2.25793e-40 -5.32015e-37 -1.54559e-41  -1.9682e-38  -8.7885e-43 -5.54818e-40 -3.74148e-44 -1.11231e-41 -1.05354e-45 -1.39628e-43 -1.55801e-47 -7.14592e-46
 1.78702e-07   1.1804e-20 -3.14588e-06  -2.6847e-20  2.00243e-05 -9.72867e-20 -6.97273e-05  7.54171e-19   0.00014821 -2.71235e-18 -0.000194277  6.96955e-18  0.000141602 -1.29836e-17 -2.80843e-05  1.66385e-17 -3.31075e-05 -1.34578e-17  1.46321e-05  5.60733e-18  9.26497e-06 -9.94953e-19 -3.42985e-06  2.77548e-18 -3.20628e-06 -5.37985e-18  9.02459e-08  3.82258e-18  8.64823e-07 -3.96527e-19  3.06616e-07  -9.0636e-19 -7.78423e-08  3.10823e-19  -1.0684e-07   1.3009e-19 -3.55172e-08 -4.07915e-20  4.11097e-09 -2.85281e-20  9.32615e-09 -2.52614e-21  4.36421e-09  5.41677e-21  7.74419e-10  4.05679e-21 -3.01662e-10 -5.88966e-22 -2.96909e-10  -1.4511e-21 -1.24787e-10 -2.49192e-23 -2.93629e-11  2.65386e-22 -1.73754e-13  5.12893e-23   3.5115e-12 -4.15288e-23  1.95309e-12 -4.25848e-24  6.82749e-13  4.51462e-24  1.69216e-13 -4.14597e-25  2.54499e-14  -1.2589e-24 -1.30913e-15 -1.18715e-25 -2.56688e-15  3.37049e-25 -1.10979e-15  1.43695e-25 -3.37945e-16 -1.66807e-26 -8.26935e-17 -3.27196e-26 -1.67837e-17  -1.2865e-26 -2.78942e-18 -3.60873e-28 -3.49515e-19  2.66401e-27 -2.07381e-20  1.72128e-27  4.65739e-21  5.70908e-28  2.12191e-21  9.07685e-29   5.2338e-22 -1.10538e-29  1.00673e-22 -1.27019e-29  1.64041e-23  -5.0674e-30  2.33654e-24  -1.4425e-30  2.95038e-25 -3.23871e-31  3.32329e-26 -5.89889e-32  3.34527e-27 -8.92296e-33  3.00585e-28 -1.15266e-33  2.40244e-29 -1.28973e-34  1.69824e-30  -1.2373e-35  1.05316e-31 -1.01123e-36  5.66793e-33  -7.2536e-38  2.60956e-34 -4.76344e-39  1.00803e-35 -2.86306e-40  3.17834e-37 -1.50923e-41  7.88849e-39 -6.52558e-43  1.46108e-40 -2.08776e-44  1.81221e-42 -4.18769e-46  1.11964e-44 -3.38072e-48
-9.23033e-21    1.679e-06  6.52899e-20 -1.68591e-05 -9.72867e-20  8.15576e-05  -2.6302e-19 -0.000233091  1.67964e-18  0.000417095 -5.59213e-18 -0.000455805  1.40786e-17    0.0002526  -2.5395e-17  7.92901e-06  3.02997e-17 -8.19055e-05  -2.0936e-17  9.06618e-06  4.33679e-18  2.45557e-05  3.40516e-18  1.13966e-07   1.5413e-18 -6.90734e-06 -7.14686e-18 -1.96726e-06  5.02317e-18  1.14046e-06 -8.73391e-20   9.4828e-07 -1.30615e-18   1.3951e-07  2.15759e-19 -1.53898e-07   2.5527e-19 -1.08405e-07 -1.09264e-20 -2.46256e-08 -5.69891e-20  8.31975e-09 -1.30474e-20  9.32933e-09  9.43531e-21  3.80662e-09   7.3077e-21  6.04918e-10 -7.82184e-22  -2.5765e-10 -2.08568e-21 -2.38861e-10 -1.05916e-22 -1.00873e-10  3.38005e-22 -2.61023e-11  6.10895e-23  -2.3766e-12 -4.19563e-23  1.62892e-12  1.44896e-24  1.12441e-12   4.9882e-24  4.34655e-13 -2.79945e-24  1.23038e-13 -2.26092e-24  2.58593e-14  1.81452e-25  3.30433e-15  6.77055e-25 -2.14945e-16  1.95643e-25 -2.98419e-16 -5.93645e-26  -1.1565e-16 -5.81094e-26 -3.23584e-17 -1.66867e-26 -7.42202e-18  2.72869e-27 -1.45167e-18   5.4851e-27 -2.44647e-19  2.98747e-27 -3.52037e-20  9.21122e-28 -4.16339e-21  1.40741e-28 -3.56437e-22 -1.60464e-29 -8.15138e-24   -1.828e-29  4.67037e-24 -7.12601e-30  1.26671e-24 -1.98247e-30  2.18676e-25  -4.3627e-31  3.01054e-26 -7.82748e-32  3.51103e-27  -1.1725e-32  3.54794e-28 -1.50334e-33   3.1322e-29 -1.66785e-34  2.41782e-30 -1.58681e-35  1.62522e-31 -1.28455e-36  9.43269e-33 -8.94053e-38  4.66463e-34 -5.41954e-39  1.92737e-35 -2.83194e-40  6.46617e-37 -1.23088e-41  1.68662e-38  -4.1787e-43   3.1852e-40 -9.89628e-45  3.75791e-42 -1.28976e-46  1.76928e-44
-5.13904e-07 -6.70207e-20  9.92422e-06  2.56248e-19 -6.97273e-05  -2.6302e-19  0.000270422  -5.1491e-19 -0.000649402  2.68424e-18  0.000987581 -8.98828e-18 -0.000893116  2.39654e-17  0.000342291 -4.34036e-17  0.000129367  4.90933e-17  -0.00014393 -2.91292e-17 -2.60696e-05 -9.91949e-20  4.30065e-05  1.08085e-17  1.36586e-05 -4.57962e-19 -9.19506e-06 -9.08312e-18 -6.51799e-06   5.9959e-18  9.52748e-08  5.56334e-19  1.70029e-06 -1.69475e-18  7.44821e-07 -9.07428e-21 -3.47944e-08  3.91419e-19 -1.83594e-07  5.13672e-20 -9.10423e-08 -8.62592e-20 -1.35029e-08 -2.95371e-20  9.65315e-09  1.25717e-20  7.96334e-09  1.10231e-20  2.98297e-09  -6.3665e-22  4.71025e-10 -2.59881e-21 -1.69325e-10 -2.35284e-22 -1.62526e-10  3.60853e-22 -7.05741e-11  6.28187e-23 -2.00701e-11 -2.97783e-23  -3.2103e-12  1.23553e-23  3.26741e-13  4.29544e-24   4.7278e-13 -6.63796e-24    2.121e-13 -3.37818e-24  6.70895e-14  7.96065e-25  1.66232e-14  1.11587e-24  3.21809e-15  2.10196e-25  4.28382e-16  -1.3179e-25  7.78796e-18 -8.66992e-26 -1.75906e-17 -1.54387e-26 -7.09636e-18  9.67395e-27 -1.90866e-18    9.902e-27 -4.15456e-19  4.69483e-27 -7.74645e-20  1.35409e-27 -1.26572e-20  2.01486e-28 -1.82872e-21 -1.93976e-29 -2.33889e-22 -2.31697e-29 -2.63306e-23 -8.85905e-30 -2.57146e-24 -2.40589e-30 -2.11093e-25 -5.16926e-31 -1.34662e-26 -9.07586e-32 -4.87601e-28 -1.33318e-32  2.30694e-29 -1.67477e-33  6.50201e-30 -1.81369e-34  7.48575e-31 -1.67845e-35  6.20928e-32 -1.31451e-36  4.06558e-33 -8.70838e-38  2.14444e-34 -4.87006e-39  9.04886e-36 -2.25556e-40  2.97525e-37 -8.29562e-42  7.25674e-39 -2.24396e-43  1.19361e-40 -3.84007e-45  1.05039e-42 -2.69281e-47
 3.75715e-20 -3.88185e-06  -3.0817e-19  4.31907e-05  7.54171e-19 -0.000233091  -5.1491e-19  0.000750909 -5.98249e-19  -0.00154141  2.23849e-18   0.00200266 -1.03841e-17  -0.00147294  3.46763e-17   0.00029791 -6.59898e-17  0.000369372  7.20011e-17 -0.000177955 -3.70151e-17 -0.000106429 -7.70241e-18  4.85543e-05   2.0207e-17  3.98416e-05 -2.43597e-18 -4.18588e-06 -1.12051e-17 -1.24458e-05  6.55476e-18 -3.55926e-06  1.51033e-18  1.68884e-06 -1.99735e-18  1.66053e-06 -3.46247e-19  4.30082e-07  5.07315e-19 -1.45527e-07  1.39313e-19 -1.70603e-07 -1.07561e-19 -6.65237e-08 -4.91125e-20  -5.7317e-09  1.33404e-20  8.56482e-09  1.43135e-20  5.96427e-09 -6.40946e-23  2.13877e-09 -2.85538e-21   3.6832e-10 -3.91437e-22 -8.03064e-11  3.23365e-22 -9.25409e-11  5.80889e-23 -4.23224e-11 -4.41856e-24 -1.31269e-11  2.71419e-23 -2.78133e-12  2.13854e-24  -2.3953e-13 -1.13644e-23  1.13491e-13 -4.16842e-24  7.38515e-14  1.76067e-24  2.68278e-14  1.56331e-24  7.45574e-15  1.50121e-25  1.69616e-15 -2.28795e-25  3.18331e-16 -1.07737e-25  4.72069e-17 -3.81025e-27  4.53572e-18  2.19178e-26 -1.31829e-19  1.60415e-26 -1.94613e-19   6.7741e-27 -5.84245e-20  1.84014e-27 -1.25866e-20  2.70652e-28 -2.23923e-21 -1.87976e-29 -3.44453e-22  -2.6054e-29  -4.6725e-23 -9.83399e-30 -5.63974e-24 -2.60679e-30 -6.07813e-25 -5.45232e-31 -5.84922e-26  -9.3186e-32 -5.01356e-27 -1.33223e-32 -3.80929e-28  -1.6243e-33 -2.54761e-29 -1.69853e-34 -1.48538e-30 -1.50964e-35 -7.45409e-32 -1.12714e-36 -3.16504e-33 -7.01421e-38 -1.11097e-34 -3.59513e-39 -3.12243e-36 -1.47626e-40 -6.69542e-38 -4.60178e-42  -1.0088e-39 -9.82135e-44 -9.07155e-42 -1.13639e-45 -3.16377e-44
 8.72287e-07  2.32585e-19 -1.88075e-05 -1.03877e-18   0.00014821  1.67964e-18 -0.000649402 -5.98249e-19   0.00178314  2.74698e-19  -0.00316939 -2.94646e-18   0.00352225 -5.27591e-18  -0.00203556   4.2629e-17 -2.63723e-05  -9.0511e-17  0.000706476  9.67503e-17 -0.000115454 -4.36093e-17  -0.00022615 -1.74022e-17  1.61386e-05   2.9794e-17   7.1898e-05 -3.58938e-18  1.45712e-05 -1.33789e-17 -1.54149e-05  6.58864e-18 -1.00021e-05  2.65101e-18 -3.93212e-07 -2.15272e-18   2.2918e-06 -7.43005e-19    1.261e-06  5.74411e-19  1.60321e-07  2.36237e-19  -1.7929e-07 -1.13804e-19 -1.34373e-07 -6.71821e-20 -4.39523e-08  1.11273e-20 -1.82441e-09  1.63568e-20  6.26772e-09  8.07285e-22  3.97192e-09 -2.83253e-21  1.40974e-09  -5.4257e-22  2.77919e-10  2.44551e-22 -1.84584e-11  5.55418e-23 -4.25397e-11  3.09623e-23 -2.12859e-11  4.29587e-23  -7.1635e-12 -9.92724e-25 -1.79185e-12 -1.56015e-23 -3.09019e-13 -4.02225e-24 -1.53161e-14  3.02444e-24  1.38912e-14  1.89645e-24  7.16097e-15 -3.28499e-27  2.29702e-15 -3.27967e-25   5.8229e-16 -1.05085e-25  1.24142e-16  2.36109e-26  2.26955e-17  4.02358e-26  3.54932e-18  2.36927e-26   4.6197e-19    9.065e-27  4.57431e-20  2.33537e-27  2.16719e-21  3.44316e-28  -3.7658e-22 -1.25574e-29 -1.36286e-22  -2.6023e-29  -2.6432e-23  -9.8008e-30 -3.96545e-24  -2.5392e-30 -4.99042e-25    -5.16e-31 -5.42367e-26 -8.54933e-32 -5.14837e-27 -1.18245e-32 -4.28055e-28 -1.38895e-33 -3.10976e-29 -1.39085e-34 -1.96089e-30 -1.17587e-35 -1.06146e-31 -8.27713e-37  -4.8532e-33  -4.7846e-38 -1.83061e-34  -2.2261e-39 -5.50109e-36 -8.03014e-41 -1.24537e-37 -2.09094e-42 -1.91984e-39 -3.38828e-44 -1.60016e-41 -2.20172e-46
-1.03767e-19  5.38042e-06  9.38069e-19 -6.78838e-05 -2.71235e-18  0.000417095  2.68424e-18  -0.00154141  2.74698e-19   0.00368049  3.61024e-18  -0.00572048 -1.75586e-17   0.00541968  1.14602e-17  -0.00229482  4.38905e-17 -0.000736222 -1.13282e-16   0.00103443  1.20122e-16  0.000109622 -4.81161e-17 -0.000342926 -2.74043e-17 -7.50703e-05  3.76644e-17   9.0404e-05  -3.5218e-18  4.85211e-05 -1.53135e-17 -8.68571e-06  6.10826e-18  -1.6865e-05  3.79181e-18 -5.38529e-06  -2.1318e-18  1.56836e-06 -1.12828e-18  2.09879e-06  5.75494e-19  7.92365e-07  3.21291e-19 -2.90867e-10 -1.02582e-19 -1.59599e-07 -7.92407e-20 -9.36756e-08  6.62679e-21 -2.71493e-08  1.67984e-20 -5.60513e-10  1.66095e-21  3.87481e-09 -2.64883e-21  2.35594e-09 -6.61076e-22  8.48062e-10   1.6864e-22  1.92291e-10  6.85021e-23  1.07177e-11  7.12457e-23 -1.43157e-11  5.75647e-23 -8.62244e-12 -3.05291e-24 -3.17618e-12 -1.72138e-23  -8.8839e-13 -2.28716e-24 -1.94518e-13  4.48107e-24 -3.10047e-14  2.02591e-24 -2.10044e-15 -2.21814e-25  7.77401e-16 -3.87405e-25  4.14536e-16 -6.03636e-26  1.25418e-16  7.05525e-26  2.97004e-17  6.42547e-26  5.94781e-18  3.22656e-26  1.03715e-18  1.13341e-26  1.59348e-19  2.78744e-27  2.16254e-20  4.16414e-28  2.57966e-21 -5.61165e-31  2.66644e-22 -2.29535e-29  2.31265e-23 -8.78604e-30   1.5502e-24 -2.23235e-30  5.68276e-26 -4.40395e-31 -3.54982e-27 -7.05141e-32 -9.75528e-28 -9.38942e-33 -1.18986e-28 -1.05617e-33 -1.06086e-29 -1.00582e-34 -7.54099e-31  -8.0234e-36 -4.36544e-32 -5.27358e-37 -2.05104e-33 -2.80109e-38 -7.66708e-35 -1.16877e-39 -2.19378e-36 -3.64432e-41 -4.47871e-38 -7.69554e-43 -5.64811e-40 -8.71211e-45 -2.84517e-42
-8.52641e-07 -5.62752e-19  2.13016e-05  2.85571e-18 -0.000194277 -5.59213e-18  0.000987581  2.23849e-18  -0.00316939  3.61024e-18   0.00669109  1.13834e-17  -0.00916276 -4.58071e-17   0.00733211  4.27866e-17   -0.0019222  3.61124e-17  -0.00180892 -1.30578e-16   0.00117548  1.38577e-16  0.000514413 -5.00369e-17 -0.000382049 -3.57657e-17 -0.000222827  4.24838e-17  6.84281e-05 -2.40396e-18   8.8706e-05 -1.66807e-17  1.32173e-05  5.24441e-18 -1.90098e-05  4.74828e-18 -1.24304e-05 -1.94042e-18 -1.49107e-06 -1.43493e-18  2.17759e-06  5.08892e-19  1.55123e-06  3.76058e-19  4.25597e-07 -7.73444e-20 -6.24926e-08 -8.25939e-20 -1.17575e-07  1.63965e-21 -5.93059e-08  1.58988e-20 -1.60907e-08  2.10861e-21  -4.7102e-10 -2.51806e-21  2.01619e-09 -7.30405e-22  1.23349e-09  1.47705e-22  4.57977e-10  1.09773e-22  1.17217e-10  1.13214e-22  1.66242e-11  7.24843e-23 -2.24766e-12  2.47629e-25 -2.57348e-12 -1.35129e-23 -1.09338e-12   1.6658e-24 -3.36767e-13  6.08391e-24 -8.34534e-14  1.98434e-24 -1.69733e-14 -4.09445e-25 -2.74414e-15 -3.50437e-25  -3.0096e-16  4.20518e-26  1.49824e-19  1.37381e-25  1.11038e-17  9.22427e-26  3.73282e-18  4.08557e-26  8.65557e-19  1.33132e-26  1.63979e-19  3.14335e-27  2.67427e-20  4.78707e-28  3.83792e-21  1.53633e-29  4.89606e-22 -1.75687e-29  5.57514e-23  -7.0708e-30  5.66945e-24 -1.77372e-30  5.13759e-25 -3.39927e-31  4.13015e-26 -5.24867e-32  2.92554e-27 -6.70218e-33  1.80879e-28 -7.18253e-34   9.6381e-30 -6.46557e-35  4.35089e-31 -4.83039e-36  1.62531e-32  -2.9373e-37  4.85906e-34  -1.4173e-38  1.10494e-35 -5.22456e-40  1.75459e-37 -1.37519e-41  1.65137e-39 -2.23956e-43  6.03302e-42 -1.45253e-45
 2.07471e-19 -4.11852e-06 -2.03119e-18  6.23201e-05  6.96955e-18 -0.000455805 -8.98828e-18   0.00200266 -2.94646e-18  -0.00572048  1.13834e-17    0.0108358  2.51559e-17   -0.0131471 -8.85021e-17    0.0087257  8.67472e-17 -0.000692522  1.99643e-17  -0.00304714 -1.39601e-16   0.00094556  1.49051e-16   0.00103184 -4.92779e-17 -0.000264875 -4.09218e-17 -0.000389603  4.38386e-17 -1.48246e-05 -8.17532e-19   0.00011517 -1.72749e-17  4.95108e-05  4.18746e-18 -1.04629e-05  5.39591e-18 -1.83398e-05 -1.60762e-18 -6.87246e-06 -1.61558e-18  6.55902e-07  3.88273e-19  1.93666e-06  3.89369e-19    9.917e-07 -4.63935e-20   2.0081e-07 -7.72679e-20 -6.60516e-08 -1.68889e-21 -7.52705e-08   1.4324e-20 -3.45779e-08  1.81341e-21 -9.25129e-09 -2.65815e-21 -6.01485e-10 -7.45187e-22  8.53167e-10  2.19754e-22  5.58309e-10  1.87902e-22   2.1683e-10  1.60752e-22  6.11558e-11  9.58975e-23  1.21689e-11   1.5724e-23   1.0583e-12 -1.47021e-24 -4.05759e-13  8.52727e-24 -2.63026e-13  8.02266e-24 -9.31835e-14  1.99953e-24 -2.54185e-14 -4.02868e-25 -5.76831e-15 -1.57802e-25 -1.11514e-15  2.09681e-25 -1.83372e-16  2.20198e-25 -2.49015e-17   1.2129e-25 -2.52261e-18  4.84082e-26 -1.04177e-19  1.47504e-26  2.95936e-20  3.35817e-27  1.01422e-20  5.21974e-28  2.02469e-21  3.19322e-29  3.17307e-22 -1.11526e-29  4.19719e-23 -5.07105e-30  4.81403e-24 -1.27184e-30  4.84008e-25 -2.37458e-31  4.27884e-26 -3.53243e-32  3.32021e-27 -4.31232e-33  2.24877e-28 -4.38328e-34  1.31705e-29 -3.70868e-35  6.57883e-31  -2.5763e-36  2.74794e-32 -1.43568e-37  9.32617e-34 -6.21288e-39  2.46118e-35 -1.98526e-40  4.69324e-37 -4.26227e-42  5.59807e-39  -4.8925e-44  2.70333e-41
  3.6926e-07  9.86303e-19 -1.22297e-05 -5.66196e-18  0.000141602  1.40786e-17 -0.000893116 -1.03841e-17   0.00352225 -1.75586e-17  -0.00916276  2.51559e-17    0.0157898  4.48327e-17   -0.0170411 -1.40789e-16   0.00907312  1.35712e-16   0.00138384 -8.77164e-19  -0.00411685 -1.39067e-16  0.000243061  1.49685e-16   0.00151363 -4.62323e-17  5.00426e-05 -4.20203e-17 -0.000507957  4.22085e-17 -0.000158538  5.82222e-19   0.00010359  -1.7108e-17  9.00747e-05  3.09917e-18  1.19828e-05  5.69011e-18 -1.83818e-05 -1.17103e-18 -1.29004e-05 -1.64696e-18 -2.77557e-06  2.39686e-19  1.33596e-06  3.59602e-19  1.39066e-06 -1.99988e-20   5.7172e-07 -6.57792e-20   8.7014e-08 -1.83986e-21  -4.6986e-08  1.26819e-20 -4.27014e-08  5.40685e-22 -1.86261e-08 -3.22009e-21 -5.11326e-09 -7.17065e-22  -5.9254e-10  3.91664e-22   2.6396e-10  3.08442e-22  2.10218e-10  2.29663e-22  8.72294e-11  1.43896e-22  2.66236e-11  5.24097e-23  6.28988e-12  2.21922e-23  1.08153e-12  1.92738e-23  8.37392e-14  1.08797e-23 -2.75005e-14  2.50696e-24 -1.61334e-14 -1.44672e-27 -5.18202e-15  2.35189e-25 -1.29282e-15  4.38022e-25 -2.71658e-16  3.11101e-25 -4.95442e-17  1.47856e-25 -7.93381e-18  5.39369e-26  -1.1171e-18  1.54608e-26 -1.37245e-19  3.40365e-27 -1.44087e-20   5.3836e-28 -1.22843e-21  4.55514e-29 -7.23629e-23 -5.07183e-30  -2.8473e-25 -3.18585e-30  6.66693e-25 -8.18673e-31  1.16237e-25 -1.49868e-31   1.3414e-26 -2.14945e-32  1.21675e-27 -2.50331e-33  9.07159e-29 -2.40405e-34  5.61839e-30 -1.90154e-35  2.87506e-31 -1.21921e-36  1.19449e-32 -6.16235e-38  3.90411e-34 -2.35573e-39  9.51354e-36 -6.36393e-41  1.56605e-37  -1.0572e-42  1.38599e-39 -6.98757e-45
-3.12635e-19  9.67031e-07  3.15995e-18 -2.43338e-05 -1.29836e-17    0.0002526  2.39654e-17  -0.00147294 -5.27591e-18   0.00541968 -4.58071e-17   -0.0131471  4.48327e-17    0.0209017  6.78224e-17   -0.0201121 -1.92443e-16   0.00806252  1.78583e-16   0.00402298 -2.11738e-17  -0.00466102 -1.29293e-16 -0.000888064  1.40249e-16     0.001777 -4.17596e-17  0.000536001 -3.90462e-17 -0.000504247  3.86735e-17 -0.000332508  1.38671e-18  3.69146e-05 -1.63832e-17  0.000117054  2.04724e-18  4.54319e-05  5.64357e-18 -8.49994e-06 -6.70945e-19 -1.64295e-05 -1.52629e-18    -7.36e-06  9.69565e-20 -5.93439e-07  2.95045e-19  1.22273e-06 -6.41283e-21   8.6894e-07 -5.18459e-20   3.0685e-07  1.39238e-21  3.78654e-08  1.10624e-20 -2.62814e-08 -1.88739e-21 -2.15294e-08  -4.2907e-21 -9.20158e-09 -6.96982e-22 -2.64872e-09   6.3245e-22 -4.43811e-10  4.79633e-22   3.3942e-11  3.49559e-22  6.07885e-11  2.39203e-22  2.84774e-11  1.20658e-22  9.38024e-12  6.10038e-23  2.45414e-12   3.5373e-23  5.21292e-13  1.56519e-23  8.64826e-14  4.07057e-24  9.13483e-15  9.76474e-25 -3.62914e-16  8.41378e-25 -5.09449e-16  7.09429e-25  -1.6742e-16  3.99579e-25 -3.96728e-17  1.68515e-25 -7.76718e-18  5.67333e-26 -1.31455e-18  1.53634e-26 -1.96128e-19  3.27465e-27 -2.60295e-20  5.23972e-28 -3.08364e-21  5.35616e-29 -3.26065e-22 -3.37876e-31 -3.06874e-23 -1.68363e-30 -2.55671e-24 -4.67524e-31 -1.87016e-25 -8.50299e-32 -1.18679e-26 -1.17971e-32 -6.42218e-28 -1.30966e-33 -2.88747e-29 -1.18446e-34 -1.03314e-30 -8.71241e-36 -2.69915e-32 -5.11567e-37 -3.95685e-34 -2.31774e-38   2.5494e-36 -7.68131e-40  2.80903e-37 -1.69421e-41  5.90857e-39 -1.98788e-43  3.97657e-41
 8.22616e-08 -1.27778e-18  6.83509e-08  7.93061e-18 -2.80843e-05  -2.5395e-17  0.000342291  3.46763e-17  -0.00203556  1.14602e-17   0.00733211 -8.85021e-17   -0.0170411  6.78224e-17    0.0253749  8.93846e-17   -0.0217815 -2.31259e-16   0.00572638  2.04995e-16    0.0067515 -3.61037e-17   -0.0044323 -1.11893e-16  -0.00225732  1.22152e-16   0.00167323 -3.70281e-17   0.00109578 -3.27737e-17 -0.000329831  3.45146e-17 -0.000482913  1.59502e-18  -8.3891e-05 -1.53721e-17  0.000111308  9.99131e-19   8.0022e-05   5.2831e-18  1.20532e-05 -1.56225e-19 -1.40671e-05 -1.26789e-18  -1.1229e-05 -4.82971e-21 -3.55405e-06   2.1279e-19  2.26185e-07 -7.97258e-21  8.53049e-07 -3.84435e-20  4.89845e-07  6.91291e-21  1.57129e-07  8.86986e-21  1.86103e-08 -5.68231e-21 -1.17983e-08 -5.96872e-21 -9.54342e-09 -8.07209e-22 -4.09774e-09  8.78078e-22 -1.24445e-09   7.1803e-22  -2.6244e-10  5.60636e-22 -2.31146e-11  4.07282e-22  1.04101e-11  2.30707e-22  6.90523e-12  1.18606e-22  2.54483e-12  5.87281e-23  7.21495e-13  2.35506e-23  1.69464e-13   7.2152e-24  3.36571e-14  2.62609e-24  5.60619e-15   1.6301e-24  7.45792e-16  9.95251e-25   6.5346e-17    4.746e-25 -1.26694e-18  1.80673e-25 -2.11523e-18  5.65071e-26 -5.74868e-19  1.44957e-26 -1.10821e-19  2.99087e-27 -1.75246e-20  4.80444e-28 -2.38066e-21  5.50115e-29 -2.83137e-22  2.61426e-30 -2.97129e-23 -6.63384e-31 -2.75673e-24  -2.3091e-31 -2.25688e-25 -4.29126e-32 -1.62207e-26   -5.807e-33 -1.01506e-27 -6.15309e-34 -5.46485e-29 -5.22873e-35   -2.489e-30 -3.55833e-36 -9.36373e-32 -1.89709e-37 -2.80884e-33 -7.59766e-39 -6.35385e-35 -2.13012e-40 -9.81081e-37 -3.63885e-42 -8.22059e-39 -2.46243e-44
 3.76861e-19  8.43324e-07 -3.50764e-18 -8.05623e-06  1.66385e-17  7.92901e-06 -4.34036e-17   0.00029791   4.2629e-17  -0.00229482  4.27866e-17    0.0087257 -1.40789e-16   -0.0201121  8.93846e-17    0.0285353    1.043e-16   -0.0218209 -2.47993e-16   0.00242346  2.09182e-16   0.00906839 -4.27228e-17  -0.00337756 -8.92421e-17  -0.00358851  9.80604e-17   0.00114373 -3.32571e-17   0.00158986 -2.45809e-17  1.57718e-05  3.08388e-17 -0.000549881  1.57812e-18 -0.000235868 -1.42648e-17  6.09368e-05 -1.23819e-19  0.000101538   4.6181e-18   3.9148e-05  3.05293e-19 -3.94729e-06 -9.05002e-19 -1.20291e-05 -3.82297e-20 -6.51072e-06  1.35814e-19 -1.49134e-06 -1.87873e-20  3.60528e-07 -2.58689e-20   5.0347e-07  1.31452e-20  2.53747e-07  5.10257e-21   7.7733e-08 -1.11273e-20  1.05689e-08 -8.45032e-21  -4.0213e-09 -1.25536e-21 -3.62199e-09  1.04748e-21 -1.60209e-09  1.04958e-21 -5.12492e-10  9.05115e-22 -1.24653e-10  6.70602e-22 -2.11267e-11  3.90748e-22 -1.04421e-12  1.98148e-22  9.23339e-13  9.11839e-23  4.73791e-13  3.55829e-23  1.51544e-13  1.22163e-23  3.84596e-14  4.90067e-24  8.26293e-15  2.52575e-24  1.53973e-15  1.26078e-24  2.50714e-16  5.26798e-25  3.55289e-17  1.83052e-25   4.3031e-18  5.34216e-26  4.24625e-19  1.30007e-26  2.92789e-20  2.59299e-27  2.25834e-22   4.1467e-28 -3.44454e-22  5.06884e-29 -7.16638e-23  3.89233e-30 -9.85693e-24 -8.44778e-32 -1.07571e-24 -9.25863e-32 -9.78725e-26 -1.88475e-32 -7.54048e-27 -2.53485e-33 -4.92479e-28 -2.57739e-34 -2.70483e-29 -2.05673e-35 -1.22898e-30 -1.28886e-36 -4.49793e-32 -6.18003e-38 -1.27071e-33 -2.15038e-39 -2.57755e-35 -4.92976e-41 -3.25049e-37 -5.95627e-43 -1.64757e-39
-1.21632e-07  1.29375e-18  3.56709e-06 -7.51987e-18 -3.31075e-05  3.02997e-17  0.000129367 -6.59898e-17 -2.63723e-05  4.38905e-17   -0.0019222  8.67472e-17   0.00907312 -1.92443e-16   -0.0217815    1.043e-16    0.0300514  1.09093e-16   -0.0203947 -2.40163e-16  -0.00130623   1.9153e-16    0.0106009 -4.04112e-17  -0.00164007 -6.38508e-17   -0.0046088  7.12903e-17  0.000239124 -3.14433e-17   0.00188101 -1.61641e-17  0.000480333  2.83107e-17  -0.00048885  1.89692e-18 -0.000379192 -1.30695e-17 -3.21595e-05 -1.36224e-18  9.66346e-05  3.64164e-18  6.43246e-05  6.23999e-19  1.28417e-05 -4.94898e-19 -8.01027e-06  6.43222e-21 -8.00381e-06  8.76783e-20   -3.375e-06 -2.53357e-20 -5.64064e-07 -1.06191e-20  2.61199e-07  1.93194e-20  2.60462e-07 -9.99944e-22  1.21422e-07 -1.84813e-20  3.69694e-08  -1.2033e-20  6.21448e-09 -2.29654e-21 -7.88484e-10  1.06978e-21 -1.11552e-09   1.5056e-21 -5.29412e-10   1.4159e-21 -1.78509e-10  1.04252e-21 -4.75212e-11  6.04564e-22 -1.00765e-11  3.01048e-22 -1.57728e-12  1.33632e-22  -1.1145e-13  5.20387e-23  3.45046e-14  1.89239e-23  1.87126e-14  7.59095e-24  5.59695e-15   3.4186e-24  1.30542e-15  1.47183e-24  2.57477e-16   5.5019e-25  4.43069e-17  1.75846e-25  6.74619e-18   4.8025e-26  9.14376e-19  1.10921e-26  1.10463e-19  2.13362e-27  1.18662e-20  3.36819e-28   1.1268e-21  4.25326e-29  9.36139e-23  3.94199e-30  6.68869e-24  1.69293e-31  3.98733e-25  -2.3888e-32   1.8617e-26 -6.84609e-33  5.62539e-28 -9.59193e-34 -1.26175e-30 -9.49486e-35 -1.46651e-30 -7.13719e-36 -1.07302e-31  -4.1036e-37 -4.75315e-33  -1.7509e-38 -1.41328e-34  -5.1764e-40 -2.68436e-36 -9.21746e-42 -2.64734e-38 -6.43736e-44
 -4.0172e-19 -4.13967e-07  2.87252e-18  9.14612e-06 -1.34578e-17 -8.19055e-05  4.90933e-17  0.000369372  -9.0511e-17 -0.000736222  3.61124e-17 -0.000692522  1.35712e-16   0.00806252 -2.31259e-16   -0.0218209  1.09093e-16    0.0300009  1.03586e-16   -0.0179479 -2.12658e-16  -0.00492877   1.5738e-16     0.011187 -3.04827e-17  0.000507748   -3.783e-17   -0.0051242  4.51849e-17 -0.000901677 -3.21486e-17   0.00187483 -9.20913e-18   0.00097346  2.70312e-17 -0.000286525  3.06599e-18 -0.000469195 -1.16035e-17 -0.000150761 -2.64746e-18  5.84132e-05  2.36257e-18  7.74481e-05  7.01572e-19  3.19846e-05 -1.20079e-19  9.38046e-07  1.13143e-19 -6.78199e-06  8.53416e-20 -4.58515e-06 -1.03616e-20 -1.62474e-06  1.42366e-20 -2.09061e-07  2.65513e-20  1.39276e-07 -9.24568e-21  1.19121e-07 -2.77449e-20  5.33091e-08 -1.69825e-20  1.65391e-08  -4.1295e-21  3.37233e-09  9.21341e-22  1.44203e-10  2.11738e-21 -2.43769e-10  2.10677e-21 -1.38973e-10  1.52236e-21 -5.03115e-11  8.69073e-22 -1.42961e-11  4.25382e-22 -3.36367e-12  1.85027e-22 -6.60232e-13  7.20908e-23  -1.0479e-13  2.66986e-23 -1.18181e-14  1.03528e-23 -2.90379e-16  4.18613e-24  2.99349e-16  1.60136e-24  1.05154e-16  5.43087e-25  2.40307e-17  1.60539e-25  4.41829e-18   4.1107e-26     6.94e-19   9.0075e-27  9.54155e-20  1.66613e-27  1.16077e-20  2.57534e-28  1.25491e-21  3.28097e-29  1.20609e-22  3.30305e-30  1.02792e-23  2.27547e-31  7.72994e-25  3.29128e-33  5.09012e-26 -1.74713e-33  2.90401e-27 -2.98618e-34  1.41467e-28 -2.99372e-35  5.76676e-30 -2.14563e-36  1.91112e-31 -1.13139e-37  4.92875e-33 -4.24566e-39   9.1971e-35 -1.03447e-40  1.07507e-36 -1.30952e-42  5.09046e-39
-1.56163e-08   -1.193e-18 -4.36957e-07  4.66923e-18  1.46321e-05  -2.0936e-17  -0.00014393  7.20011e-17  0.000706476 -1.13282e-16  -0.00180892  1.99643e-17   0.00138384  1.78583e-16   0.00572638 -2.47993e-16   -0.0203947  1.03586e-16    0.0287735  9.09357e-17   -0.0150164 -1.75144e-16  -0.00805733  1.14221e-16    0.0108681 -1.54359e-17   0.00275799 -1.25768e-17  -0.00505502  2.26158e-17  -0.00209641  -3.5391e-17   0.00154192 -5.09059e-18   0.00139227  2.65681e-17   3.4167e-05  5.35171e-18 -0.000470238 -9.57402e-18 -0.000266447 -3.77712e-18 -1.00289e-05  8.47929e-19  7.04343e-05  4.58769e-19  4.70914e-05  1.21028e-19  1.28454e-05  2.38768e-19 -2.46625e-06  1.32195e-19  -4.3551e-06  4.09746e-20 -2.36594e-06  5.70003e-20 -7.48821e-07  3.80327e-20 -8.75075e-08 -1.80967e-20  5.82858e-08 -3.83812e-20   4.7718e-08 -2.32903e-20   2.1094e-08 -6.75162e-21  6.74056e-09   6.6508e-22  1.58474e-09  2.91397e-21  2.24229e-10  2.96776e-21 -1.68863e-11  2.09296e-21 -2.50864e-11  1.17243e-21 -1.06467e-11  5.64538e-22 -3.25903e-12   2.4177e-22  -8.1696e-13  9.37128e-23 -1.74711e-13  3.45043e-23 -3.23045e-14  1.27794e-23  -5.1507e-15  4.71954e-24 -6.93177e-16  1.63475e-24 -7.39053e-17  5.08096e-25 -4.88054e-18  1.39501e-25  2.12001e-19  3.35293e-26  1.40721e-19   6.9643e-27  2.95433e-20  1.23469e-27  4.51204e-21  1.85456e-28  5.64492e-22  2.34182e-29  6.00872e-23  2.42927e-30  5.51684e-24  1.94321e-31  4.38137e-25  9.89399e-33  2.99834e-26 -2.01712e-35  1.75165e-27   -6.475e-35  8.60393e-29 -7.57844e-36  3.47262e-30 -5.38881e-37  1.11233e-31 -2.63018e-38  2.67477e-33 -8.58249e-40  4.36981e-35 -1.64773e-41  3.85472e-37 -1.21674e-43
 4.08509e-19 -2.27507e-07 -2.17475e-18  1.67093e-06  5.60733e-18  9.06618e-06 -2.91292e-17 -0.000177955  9.67503e-17   0.00103443 -1.30578e-16  -0.00304714 -8.77164e-19   0.00402298  2.04995e-16   0.00242346 -2.40163e-16   -0.0179479  9.09357e-17    0.0268841  7.62141e-17    -0.012059 -1.37949e-16   -0.0105036  6.89177e-17   0.00982096  1.77383e-18   0.00484515  1.12543e-17  -0.00442984  5.68549e-18  -0.00316697  -4.0645e-17   0.00091795 -4.65747e-18   0.00164751  2.61128e-17  0.000420377  8.66274e-18 -0.000366337 -6.70805e-18 -0.000347593 -4.44911e-18 -9.54853e-05 -7.50696e-19  4.05316e-05 -1.32296e-19  5.18753e-05     1.35e-19  2.40936e-05  3.20778e-19  4.09083e-06    2.144e-19 -2.38094e-06  1.34936e-19 -2.37089e-06  1.24133e-19 -1.12499e-06  5.80484e-20 -3.36297e-07 -2.48472e-20 -4.42189e-08 -4.91419e-20   1.8337e-08  -3.0432e-20  1.62907e-08 -9.83412e-21  7.31313e-09  4.76361e-22  2.41395e-09  3.92311e-21  6.23889e-10  3.96627e-21  1.22391e-10  2.72107e-21  1.43651e-11  1.49357e-21 -1.24727e-12  7.06935e-22 -1.37297e-12  2.97886e-22 -5.08585e-13  1.14009e-22 -1.38512e-13  4.11408e-23 -3.12682e-14  1.44983e-23 -6.09833e-15  4.94815e-24 -1.04602e-15  1.57227e-24 -1.58953e-16  4.51307e-25 -2.14204e-17  1.15473e-25  -2.5488e-18  2.60715e-26 -2.64915e-19  5.12713e-27 -2.35355e-20  8.68268e-28 -1.70579e-21  1.25861e-28 -8.84365e-23  1.55375e-29 -1.28555e-24  1.60976e-30  3.72598e-25  1.35161e-31  5.59993e-26  8.56706e-33  5.04813e-27  3.38789e-34  3.39934e-28 -3.66944e-37  1.78634e-29 -1.23136e-36  7.30672e-31 -1.03288e-37  2.25576e-32 -4.88327e-39  4.92103e-34  -1.3797e-40  6.59308e-36   -1.937e-42  3.51535e-38
 3.15699e-08  1.17726e-18 -1.01101e-06 -2.51822e-18  9.26497e-06  4.33679e-18 -2.60696e-05 -3.70151e-17 -0.000115454  1.20122e-16   0.00117548 -1.39601e-16  -0.00411685 -2.11738e-17    0.0067515  2.09182e-16  -0.00130623 -2.12658e-16   -0.0150164  7.62141e-17    0.0247984  6.44041e-17  -0.00937023 -1.08597e-16   -0.0122503   2.6093e-17   0.00827401  1.82928e-17   0.00658677  3.35426e-17  -0.00335327 -4.37512e-18  -0.00397368 -4.69397e-17  8.74232e-05 -8.13706e-18    0.0016821  2.47101e-17  0.000803009  1.25527e-17  -0.00016556  -2.8794e-18 -0.000368282 -4.34205e-18 -0.000177911 -2.20474e-18 -8.11172e-06 -1.02543e-18  4.25073e-05 -1.39861e-19  3.06055e-05  2.93274e-19  1.09573e-05  3.02916e-19  9.53167e-07  2.65558e-19 -1.47287e-06  2.17047e-19 -1.13645e-06  9.01511e-20 -4.96512e-07 -2.63504e-20  -1.4667e-07 -5.81223e-20 -2.40253e-08 -3.72634e-20  3.31199e-09 -1.26885e-20  4.47573e-09  6.35652e-22  2.13174e-09  5.17041e-21  7.30379e-10  5.05172e-21  2.00675e-10  3.36038e-21  4.52548e-11  1.80381e-21  8.16871e-12  8.37316e-22  1.03779e-12  3.46073e-22  2.62319e-14  1.29881e-22 -3.44723e-14  4.55449e-23 -1.35064e-14  1.52615e-23 -3.46414e-15  4.85412e-24 -7.16244e-16  1.42828e-24 -1.26746e-16  3.80912e-25  -1.9676e-17  9.10772e-26  -2.7106e-18  1.93265e-26 -3.33067e-19  3.59374e-27 -3.65519e-20  5.79386e-28 -3.57791e-21  8.05472e-29 -3.11297e-22  9.61516e-30 -2.39407e-23  9.74619e-31 -1.61486e-24  8.19215e-32 -9.45468e-26  5.49861e-33 -4.73889e-27  2.77524e-34 -1.99617e-28    9.173e-36 -6.88936e-30  8.36184e-38 -1.87811e-31 -1.01658e-38 -3.82055e-33 -6.23717e-40 -5.24541e-35 -1.59497e-41 -3.86518e-37 -1.39587e-43
-3.68311e-19  8.91864e-08  2.17776e-18 -2.50956e-06 -9.94953e-19  2.45557e-05 -9.91949e-20 -0.000106429 -4.36093e-17  0.000109622  1.38577e-16   0.00094556 -1.39067e-16  -0.00466102 -3.61037e-17   0.00906839   1.9153e-16  -0.00492877 -1.75144e-16    -0.012059  6.44041e-17    0.0228347  5.88134e-17  -0.00707726 -9.03065e-17   -0.0133859 -1.21484e-17   0.00644322  3.17514e-17   0.00788834  5.43868e-17  -0.00196677 -7.16132e-18  -0.00443101 -5.30271e-17 -0.000839522 -1.51528e-17   0.00147893  2.15021e-17   0.00111253  1.63218e-17  0.000102175  1.81293e-18 -0.000315299 -3.21353e-18 -0.000235836  -3.2514e-18 -6.51484e-05 -2.09824e-18  1.92371e-05 -7.10917e-19  2.93348e-05  1.06814e-19  1.57601e-05  3.61437e-19  4.64142e-06  4.15138e-19  1.29621e-07  3.30252e-19 -7.17913e-07  1.35319e-19 -4.84231e-07 -1.99948e-20 -2.01999e-07 -6.30725e-20 -6.06004e-08 -4.21451e-20 -1.21452e-08 -1.43683e-20 -5.31132e-10  1.47496e-21  8.52722e-10  6.66986e-21  4.87671e-10  6.15998e-21  1.77634e-10  3.95651e-21  5.11407e-11  2.07076e-21  1.23346e-11  9.39512e-22  2.53603e-12  3.79362e-22  4.42058e-13  1.38816e-22  6.30524e-14  4.70566e-23  6.50919e-15  1.49996e-23  1.90808e-16   4.4735e-24 -1.17387e-16  1.22743e-24 -3.83479e-17  3.05588e-25 -7.90664e-18  6.84382e-26 -1.29852e-18   1.3654e-26  -1.8081e-19   2.3975e-27 -2.18642e-20  3.66802e-28 -2.31839e-21  4.86328e-29 -2.16108e-22   5.5634e-30 -1.76725e-23  5.43604e-31 -1.26055e-24  4.45055e-32 -7.76868e-26  2.97288e-33 -4.07967e-27  1.56832e-34  -1.7897e-28  6.23648e-36 -6.37222e-30  1.69938e-37 -1.76227e-31  2.33347e-39 -3.51791e-33 -1.68135e-41 -4.38601e-35 -9.55823e-43 -2.20717e-37
 9.43279e-09 -1.10393e-18 -1.16644e-08  2.90552e-18 -3.42985e-06  3.40516e-18  4.30065e-05 -7.70241e-18  -0.00022615 -4.81161e-17  0.000514413  1.49051e-16  0.000243061 -1.29293e-16   -0.0044323 -4.27228e-17    0.0106009   1.5738e-16  -0.00805733 -1.37949e-16  -0.00937023  5.88134e-17    0.0211498  6.04996e-17  -0.00518663 -8.24614e-17   -0.0140392 -4.56127e-17   0.00449889  4.04848e-17   0.00872608  7.38245e-17 -0.000416323 -2.96152e-18   -0.0045075 -5.75894e-17  -0.00174926 -2.48317e-17   0.00105891    1.593e-17   0.00129256  1.91818e-17  0.000392212  7.03657e-18 -0.000191512 -9.83041e-19 -0.000252152 -3.65751e-18 -0.000116717 -3.17358e-18 -1.33206e-05  -1.5217e-18  1.94757e-05 -2.54385e-19  1.65625e-05  3.57896e-19  7.40606e-06  5.58898e-19  1.91967e-06  4.51815e-19  1.43588e-08  1.91007e-19 -2.86606e-07 -4.50187e-21 -1.81861e-07 -6.18787e-20 -7.43061e-08 -4.32911e-20 -2.28605e-08 -1.38958e-20 -5.28679e-09  3.28294e-21 -7.62686e-10  8.40398e-21  3.80519e-11  7.21619e-21   7.3805e-11   4.4534e-21  3.18199e-11  2.26376e-21   9.7927e-12  9.99913e-22  2.47024e-12  3.92834e-22  5.34459e-13  1.39512e-22  1.01013e-13  4.55632e-23  1.67749e-14  1.38256e-23  2.44037e-15  3.88376e-24  3.06869e-16  9.98824e-25  3.22809e-17  2.33018e-25  2.60124e-18  4.89726e-26  1.07123e-19  9.18842e-27 -1.13151e-20  1.52155e-27 -3.43924e-21  2.20249e-28 -5.16031e-22  2.77108e-29 -5.80199e-23  3.01488e-30 -5.30674e-24  2.80752e-31 -4.04536e-25  2.19826e-32 -2.57885e-26  1.41414e-33 -1.36299e-27  7.28128e-35 -5.85901e-29  2.90288e-36 -1.98301e-30  8.48099e-38 -5.00587e-32  1.63064e-39 -8.53784e-34  1.62859e-41 -7.82464e-36  3.77477e-44
  2.3753e-19  7.72208e-08 -2.26489e-18 -8.53583e-07  2.77548e-18  1.13966e-07  1.08085e-17  4.85543e-05 -1.74022e-17 -0.000342926 -5.00369e-17   0.00103184  1.49685e-16 -0.000888064 -1.11893e-16  -0.00337756 -4.04112e-17     0.011187  1.14221e-16   -0.0105036 -1.08597e-16  -0.00707726  6.04996e-17    0.0197789  6.86611e-17  -0.00364233 -8.21942e-17   -0.0143359 -7.51338e-17   0.00255863  4.35943e-17   0.00912272  9.16709e-17   0.00116791  7.40439e-18  -0.00421622 -5.94499e-17  -0.00254122 -3.59687e-17  0.000472783  7.86111e-18   0.00130871  2.04385e-17  0.000654681  1.22853e-17 -1.52099e-05  2.22632e-18 -0.000218622 -3.28238e-18 -0.000149215 -4.05857e-18 -4.73336e-05 -2.45965e-18   2.9247e-06 -7.63677e-19  1.26293e-05  2.75574e-19  8.18895e-06  6.72239e-19  3.25796e-06  5.66228e-19  8.02101e-07  2.51626e-19  2.75739e-08  1.97891e-20 -9.17388e-08  -5.3053e-20 -5.87264e-08 -3.92365e-20 -2.39951e-08 -1.05485e-20 -7.56612e-09  6.19531e-21 -1.91204e-09  1.03004e-20 -3.75848e-10  8.13724e-21 -4.78498e-11  4.80051e-21  1.34915e-12  2.35966e-21  3.19292e-12  1.01057e-21   1.2363e-12    3.848e-22   3.3942e-13  1.32145e-22  7.65624e-14  4.14824e-23  1.48895e-14    1.199e-23  2.54926e-15   3.1826e-24   3.8807e-16  7.70125e-25  5.27439e-17   1.6884e-25  6.40367e-18  3.33501e-26  6.92922e-19  5.88543e-27  6.64943e-20  9.17979e-28  5.61377e-21  1.25375e-28   4.1195e-22  1.49013e-29  2.57938e-23  1.53178e-30  1.33671e-24  1.34683e-31  5.40854e-26  9.94858e-33  1.46561e-27  6.03351e-34  8.07982e-30  2.92571e-35 -1.58227e-30  1.09553e-36 -9.19431e-32  2.98954e-38  -2.7249e-33  5.32306e-40 -4.40997e-35  4.81784e-42 -2.67599e-37
