  1.0893e-21 -1.78294e-36 -5.00744e-20  9.71605e-34  8.90685e-19 -2.21616e-32  -9.4611e-18  2.62105e-31  6.91524e-17 -1.95942e-30 -3.72898e-16  1.00063e-29  1.54336e-15 -3.53494e-29 -5.01836e-15  8.02205e-29   1.2983e-14 -7.28014e-29  -2.6837e-14 -1.89416e-28  4.41308e-14  5.72293e-28   -5.683e-14  1.74817e-27  5.53005e-14 -1.79345e-26 -3.73452e-14  7.44601e-26  1.29706e-14 -2.12028e-25  3.32616e-15  4.63286e-25 -5.99962e-15 -8.10023e-25  1.61385e-15  1.15229e-24  1.23957e-15 -1.33846e-24 -7.64814e-16   1.2649e-24 -2.14634e-16 -9.72156e-25   2.2151e-16    6.346e-25  4.74629e-17 -4.28794e-25 -5.22355e-17  3.96996e-25  -1.4862e-17 -4.38228e-25  9.69856e-18   4.2533e-25  4.63401e-18 -3.18259e-25 -1.03373e-18  1.70193e-25 -1.09966e-18 -5.26975e-26 -8.87408e-20 -5.28157e-27  1.60256e-19  1.82884e-26  6.02976e-20 -1.28941e-26 -5.33267e-21  5.74645e-27 -1.00481e-20 -1.72003e-27  -2.6069e-21  2.66406e-28  3.34279e-22  2.49946e-29  4.05228e-22 -1.35406e-29  1.04935e-22 -4.09152e-30 -2.36229e-24  1.10624e-30 -9.98502e-24  1.20078e-30  -3.2186e-24 -2.05898e-31 -3.56886e-25 -2.93782e-31  9.43702e-26  8.54376e-32  5.16891e-26  2.70282e-32  1.11777e-26 -9.39197e-33  9.30461e-28  -2.1301e-33 -1.99919e-28  3.25106e-34 -9.03694e-29  2.59652e-34 -1.75355e-29  1.90272e-35 -1.87224e-30 -3.17184e-35  -2.0475e-32  1.57691e-36  3.36493e-32   5.2794e-37  7.21192e-33  1.67589e-37  8.76621e-34 -2.18965e-38  6.66844e-35 -9.86329e-39  2.23289e-36  2.49522e-40 -1.67156e-37  2.92234e-40 -3.07873e-38  5.55576e-42 -2.37571e-39 -1.15338e-42 -1.12594e-40 -1.96547e-43 -3.03362e-42 -1.08784e-44 -5.48784e-44 -2.44493e-46 -7.67829e-46  7.68244e-49
-1.78294e-36  7.20845e-20 -5.70516e-34  -1.8819e-18  3.43483e-32  2.54711e-17 -6.13392e-31  -2.2428e-16  6.14166e-30  1.41536e-15 -4.04357e-29 -6.74351e-15  1.86208e-28  2.50091e-14 -6.00567e-28 -7.34856e-14  1.22536e-27  1.72554e-13 -6.58056e-28 -3.23948e-13 -5.37951e-27  4.82009e-13  2.09837e-26 -5.55758e-13 -3.01038e-26    4.722e-13 -5.04579e-26 -2.58891e-13  4.22525e-25  4.37958e-14  -1.3818e-24  5.69752e-14  3.12588e-24 -4.30172e-14 -5.43882e-24 -2.66131e-16  7.52908e-24  1.27537e-14 -8.34701e-24 -2.64994e-15  7.33037e-24 -3.10683e-15 -4.97403e-24  9.05671e-16  2.57839e-24  7.67767e-16 -1.27179e-24 -1.81757e-16   1.1972e-24 -1.91495e-16 -1.62049e-24  1.37142e-17   1.7439e-24  4.17928e-17 -1.34371e-24  5.83296e-18  7.16683e-25 -6.37521e-18 -2.24484e-25 -2.65572e-18 -7.63323e-27  3.11206e-19  5.71942e-26  5.02859e-19 -3.93389e-26   1.1105e-19  1.67736e-26   -3.236e-20 -4.67366e-27 -2.47758e-20  5.05098e-28 -4.58941e-21  1.73043e-28  1.12144e-21 -2.66196e-29  8.48346e-22 -3.61291e-29  1.89475e-22  6.71125e-30 -6.70206e-24  6.38077e-30 -1.69169e-23 -1.06234e-30 -5.19332e-24 -1.34719e-30 -6.29673e-25   3.5154e-31  9.51141e-26  1.25299e-31   6.1608e-26 -3.54711e-32   1.4102e-26 -9.49555e-33  1.57755e-27   6.2336e-34 -6.32667e-29  1.11039e-33 -6.45968e-29  1.13871e-34 -1.41615e-29 -1.18863e-34 -1.80103e-30  3.86236e-36 -1.16707e-31  1.98845e-36  5.31074e-33  5.13375e-37  2.44947e-33  -6.9788e-38  3.41436e-34 -3.15419e-38  2.94005e-35  1.05633e-39  1.60742e-36  8.38091e-40  4.22568e-38   1.7772e-41 -1.18683e-39 -2.73767e-42 -1.69422e-40 -3.83917e-43 -7.00812e-42 -2.57238e-44  -1.6118e-43 -5.93423e-46 -1.72556e-45
-5.00744e-20 -5.70516e-34  2.34738e-18 -1.72633e-32  -4.2618e-17  7.29994e-31  4.62549e-16 -1.07543e-29 -3.45836e-15  9.32976e-29  1.91016e-14 -5.49026e-28 -8.11009e-14  2.31096e-27  2.71008e-13 -6.93886e-27 -7.22151e-13  1.34178e-26  1.54193e-12 -7.03566e-27 -2.62939e-12 -5.63464e-26  3.53207e-12   2.3509e-25 -3.62197e-12 -4.77434e-25  2.63712e-12  3.42232e-25 -1.08468e-12   1.2655e-24 -9.98428e-14 -5.86929e-24  4.12653e-13  1.42953e-23 -1.61302e-13 -2.50883e-23 -6.71192e-14  3.40367e-23  6.50589e-14 -3.62128e-23  6.86533e-15   2.9694e-23 -1.82982e-14  -1.7716e-23 -9.30573e-16  6.66574e-24  4.50937e-15 -1.29019e-24  5.02946e-16  1.55282e-24 -9.59528e-16  -3.8758e-24 -2.50035e-16  4.91049e-24  1.48962e-16 -3.89654e-24  8.01562e-17  2.04003e-24 -7.71677e-18 -6.19277e-25 -1.58149e-17 -6.44413e-27 -3.26636e-18  1.26108e-25  1.41279e-18 -8.32059e-26   9.1048e-19  3.46387e-26  1.10308e-19 -9.31397e-27 -7.54241e-20  5.15411e-28 -3.83754e-20  6.09673e-28 -5.24193e-21  -4.1308e-30  1.93159e-21 -1.51961e-28  1.13731e-21  2.29799e-29  2.31847e-22  2.26199e-29 -6.31813e-24 -3.26396e-30 -1.77736e-23 -4.38538e-30 -5.39305e-24  9.91231e-31 -7.33288e-25  4.07601e-31  3.85846e-26 -9.33336e-32  4.30148e-26 -2.85864e-32  1.06519e-26 -6.23867e-35  1.42986e-27  3.15386e-33  5.70931e-29  3.95163e-34 -2.15405e-29 -2.98302e-34 -5.98066e-30  6.67946e-36 -8.56155e-31  4.84565e-36  -7.5813e-32  1.00748e-36  -3.0377e-33 -1.64352e-37  2.31443e-34 -6.89313e-38  5.28721e-35  2.85689e-39  4.95074e-36  1.67113e-39  2.89225e-37  3.83635e-41  1.05427e-38 -4.25808e-42  1.94557e-40 -5.18505e-43  2.57488e-43 -3.61137e-44 -7.96394e-44 -5.87912e-46
 9.71605e-34  -1.8819e-18 -1.72633e-32  5.01472e-17  -3.3512e-31 -6.93464e-16  1.11881e-29  6.24556e-15 -1.39682e-28 -4.03639e-14  1.06671e-27  1.97231e-13 -5.67152e-27 -7.51407e-13  2.20149e-26  2.27271e-12 -6.21835e-26 -5.50717e-12  1.16708e-25  1.07048e-11 -7.55578e-26 -1.65693e-11 -3.77153e-25  2.00218e-11  1.68618e-24   -1.808e-11 -3.77261e-24  1.09386e-11  4.68203e-24 -2.75294e-12  4.78558e-25 -1.81792e-12  -1.8121e-23  1.87595e-12  5.09492e-23 -2.30078e-13 -9.17199e-23 -4.90657e-13  1.22822e-22  1.82195e-13 -1.26054e-22  1.08126e-13  9.70205e-23 -5.79968e-14 -5.08316e-23 -2.62428e-14  1.16901e-23  1.33599e-14  5.14792e-24  7.19087e-15 -2.30564e-24 -2.07846e-15 -6.73003e-24 -1.85546e-15  1.10841e-23  5.26755e-17 -9.01682e-24  3.63805e-16  4.54559e-24  8.20605e-17 -1.28228e-24 -3.89633e-17 -1.86682e-26 -2.44224e-17     2.23e-25 -1.73039e-18 -1.39635e-25  2.84239e-18  5.99857e-26  1.16546e-18 -1.68206e-26  5.18878e-20  7.98084e-29 -1.12315e-19  1.64269e-27 -4.42372e-20  1.23846e-28 -4.69459e-21 -4.54643e-28  2.22053e-21  5.76675e-29   1.1315e-21  6.28822e-29  2.21503e-22 -7.29437e-30 -4.37226e-25 -1.15773e-29  -1.3094e-23  2.22072e-30 -4.06764e-24  1.05987e-30 -6.17907e-25 -1.96204e-31 -1.19871e-26 -6.70185e-32   1.8896e-26 -3.99154e-33  5.32898e-27  6.88183e-33  8.09554e-28  9.95858e-34  6.53721e-29 -5.75825e-34 -1.54642e-30  1.14588e-35 -1.35415e-30  8.85301e-36 -2.24868e-31  1.38553e-36 -2.25043e-32 -3.34087e-37 -1.42298e-33 -1.20656e-37 -4.05371e-35  5.77373e-39  2.05439e-36  2.66544e-39  3.12593e-37  6.41345e-41  1.77877e-38    -5.08e-42  5.57736e-40 -5.56728e-43  9.48548e-42   -3.325e-44  3.91996e-44
 8.90685e-19  3.43483e-32  -4.2618e-17  -3.3512e-31  7.90535e-16 -4.85279e-30 -8.77538e-15   1.3331e-28  6.71851e-14 -1.43822e-27 -3.80498e-13  9.78658e-27  1.65906e-12 -4.74012e-26 -5.70393e-12  1.70708e-25  1.56731e-11 -4.55998e-25 -3.46079e-11  8.36579e-25  6.12691e-11 -6.58753e-25 -8.59371e-11 -1.84602e-24  9.29059e-11  9.13288e-24 -7.27818e-11 -2.13368e-23   3.4593e-11  3.07019e-23 -1.33444e-12 -1.81781e-23 -1.07123e-11 -3.94602e-23  5.74727e-12  1.49232e-22  1.10375e-12  -2.8167e-22  -2.0401e-12  3.74948e-22   1.0197e-13 -3.72895e-22  5.49932e-13  2.70761e-22 -6.16548e-14 -1.24689e-22 -1.39006e-13  1.03582e-23  8.02092e-15  3.25571e-23   3.2824e-14 -1.92495e-23  2.78149e-15 -8.46339e-24 -6.35329e-15  2.15746e-23 -1.86872e-15 -1.77522e-23  7.45926e-16  8.39776e-24  5.23755e-16 -2.08287e-24  2.36985e-17 -9.06948e-26 -7.45011e-17  3.23246e-25 -2.68488e-17 -1.94072e-25  1.39986e-18  9.65179e-26  3.87238e-18 -3.10706e-26  1.15728e-18 -8.99738e-28 -2.13502e-20  3.84826e-27 -1.23397e-19  4.49066e-28  -4.0871e-20 -1.09941e-27 -3.72002e-21  1.16623e-28  1.86026e-21   1.4697e-28  8.81119e-22 -1.27272e-29  1.72369e-22 -2.61261e-29  5.55647e-24  4.20244e-30  -6.8952e-24  2.32219e-30 -2.29306e-24 -3.46422e-31 -3.83674e-25 -1.29423e-31 -2.60079e-26 -1.46284e-32  4.60381e-27  1.21741e-32  1.76207e-27  1.99036e-33  2.97709e-28 -8.95774e-34  3.05147e-29    2.445e-35   1.4513e-30  1.27535e-35 -1.11029e-31  1.18168e-36 -3.08224e-32 -6.16977e-37 -3.40567e-33 -1.82254e-37 -2.35787e-34  9.21875e-39  -1.0343e-35  3.56818e-39 -2.25064e-37  8.60954e-41  1.99195e-39 -5.04677e-42  2.57647e-40 -4.88505e-43  5.85376e-42 -1.85983e-44
-2.21616e-32  2.54711e-17  7.29994e-31 -6.93464e-16 -4.85279e-30  9.80782e-15  -5.5607e-29 -9.04451e-14  1.29041e-27  5.99276e-13 -1.22126e-26 -3.00651e-12  7.47677e-26  1.17804e-11 -3.32044e-25 -3.67208e-11  1.11427e-24  9.19353e-11 -2.82208e-24 -1.85251e-10  5.05941e-24  2.98621e-10 -4.56365e-24 -3.78487e-10 -6.88206e-24  3.63169e-10  4.01044e-23 -2.41048e-10 -9.62324e-23  7.95189e-11  1.46822e-22  2.64126e-11 -1.25584e-22 -4.15146e-11 -4.15786e-23  1.04165e-11  3.67837e-22  9.15867e-12 -7.50107e-22 -5.46301e-12  9.99579e-22 -1.64398e-12 -9.66869e-22  1.66807e-12  6.65138e-22  3.62794e-13 -2.69706e-22 -4.12173e-13 -1.67601e-23  -1.1449e-13  1.08795e-22  8.10766e-14 -6.41577e-23  3.71706e-14 -6.65153e-24 -9.69493e-15  3.80215e-23  -9.3596e-15 -3.08269e-23 -5.17063e-16  1.31908e-23  1.48385e-15 -2.60707e-24  5.13209e-16 -2.84767e-25 -6.99272e-17  3.62082e-25 -9.56884e-17  -2.2395e-25 -2.22771e-17  1.56251e-25  4.31309e-18  -6.0311e-26  4.03885e-18 -2.48819e-27  9.45605e-19  8.20818e-27 -6.39656e-20  1.05752e-27 -1.06538e-19  -2.2803e-27 -3.14604e-20  1.98881e-28 -2.80569e-21  3.00203e-28  1.16598e-21 -1.75988e-29  5.46828e-22 -5.18932e-29  1.09772e-22  6.93984e-30  7.34375e-24  4.41681e-30 -2.46881e-24 -5.23157e-31 -9.58914e-25 -2.11389e-31 -1.74907e-25 -3.57482e-32 -1.72794e-26  1.77859e-32  5.90868e-29  3.29669e-33  3.53746e-28 -1.12963e-33  6.98998e-29  5.77958e-35   8.0467e-30  1.45363e-35   5.7811e-31 -9.61111e-38  1.74206e-32 -1.04641e-36 -1.43547e-33 -2.48634e-37  -2.3726e-34  1.18151e-38 -1.68274e-35  4.06779e-39 -7.09456e-37  9.25397e-41 -1.76815e-38 -4.42504e-42 -2.15202e-40  -3.3638e-43 -2.95229e-43
 -9.4611e-18 -6.13392e-31  4.62549e-16  1.11881e-29 -8.77538e-15  -5.5607e-29  9.97392e-14 -5.22939e-28 -7.82815e-13  1.04524e-26  4.55117e-12 -8.78237e-26 -2.04037e-11  4.87574e-25  7.22625e-11 -1.99582e-24  -2.0501e-10  6.26121e-24  4.68739e-10 -1.50539e-23 -8.62597e-10  2.62954e-23  1.26468e-09 -2.58448e-23 -1.44224e-09 -1.90789e-23   1.2138e-09  1.48415e-22 -6.55491e-10 -3.64404e-22  9.79516e-11  5.69831e-22  1.59603e-10 -5.56163e-22 -1.16576e-10  1.13116e-22 -2.36025e-12  7.67856e-22  3.64806e-11 -1.76781e-21 -7.64277e-12  2.37444e-21 -9.17476e-12 -2.23995e-21  2.82102e-12  1.46451e-21  2.32734e-12  -5.2343e-22 -6.18185e-13 -1.07636e-22 -6.02812e-13  2.76365e-22  6.24428e-14 -1.55471e-22  1.39389e-13 -3.42389e-25  1.51743e-14  6.28721e-23 -2.32746e-14 -4.82784e-23 -8.68928e-15   1.7675e-23  1.55882e-15 -2.13589e-24  1.85313e-15  -6.3237e-25  3.44092e-16  2.20372e-25 -1.47798e-16 -2.05052e-25 -9.42496e-17  2.63839e-25 -1.43165e-17 -1.17467e-25  5.58007e-18 -4.96114e-27  3.41974e-18  1.61481e-26  6.65311e-19  1.98178e-27 -6.46264e-20 -4.19217e-27 -7.44722e-20  2.93414e-28 -2.05326e-20  5.49403e-28 -2.00237e-21 -1.83354e-29  5.37051e-22 -9.25188e-29  2.69716e-22  1.01763e-29  5.64737e-23  7.43704e-30  5.45579e-24 -6.71927e-31 -4.72716e-25 -2.94561e-31 -2.86268e-25 -6.98321e-32 -5.74252e-26  2.12395e-32 -6.78972e-27  4.63668e-33 -3.80013e-28 -1.10321e-33  2.86084e-29  1.25877e-34  9.60409e-30  1.22345e-35   1.2282e-30 -2.71521e-36  9.84422e-32 -1.62484e-36   4.9759e-33 -3.14618e-37   1.1335e-34  1.19463e-38 -3.77291e-36  3.93421e-39 -4.09947e-37  7.72113e-41 -1.46179e-38 -3.48526e-42 -2.21399e-40 -1.57406e-43
 2.62105e-31  -2.2428e-16 -1.07543e-29  6.24556e-15   1.3331e-28 -9.04451e-14 -5.22939e-28  8.55012e-13 -4.14185e-27 -5.81512e-12   7.2392e-26  2.99909e-11 -5.45282e-25 -1.21014e-10  2.76315e-24   3.8926e-10 -1.04704e-23 -1.00826e-09  3.07857e-23  2.10886e-09 -7.03075e-23  -3.5447e-09   1.1923e-22  4.71699e-09 -1.23214e-22 -4.80942e-09 -3.24656e-23  3.48638e-09  4.74119e-22 -1.41465e-09 -1.19398e-21 -1.69385e-10  1.88339e-21  5.83701e-10 -1.94635e-21 -2.27957e-10  8.50335e-22 -9.83339e-11    1.341e-21  9.73421e-11 -3.74046e-21   9.3104e-12  5.09705e-21 -2.85069e-11 -4.69779e-21 -8.27576e-13   2.9248e-21  7.33627e-12 -9.20352e-22  5.93764e-13 -3.22351e-22 -1.65835e-12  5.87196e-22 -3.67594e-13 -3.08444e-22  2.84818e-13  6.58976e-24  1.33773e-13  9.97925e-23 -2.18193e-14 -6.91223e-23 -2.96215e-14  1.96971e-23 -4.79192e-15  2.38661e-25  3.20561e-15 -1.07204e-24  1.72257e-15 -2.72369e-25  1.27735e-16 -1.21022e-25 -1.76231e-16  4.56172e-25 -7.57625e-17 -2.18195e-25 -7.19221e-18 -8.95785e-27  5.06968e-18  2.93797e-26    2.429e-18  3.12701e-27  4.17467e-19 -6.97409e-27 -4.16583e-20  3.81026e-28 -4.25906e-20  9.17368e-28 -1.13788e-20 -1.04293e-29 -1.27345e-21  -1.5026e-28  1.65118e-22  1.33099e-29  1.03595e-22  1.12399e-29  2.29489e-23 -7.02728e-31  2.74202e-24 -3.46734e-31  4.46966e-26 -1.16325e-31 -5.52468e-26  1.94443e-32 -1.30362e-26  5.62281e-33 -1.71322e-27 -6.57384e-34  -1.3819e-28  2.37355e-34 -4.27493e-30  4.80615e-36  5.47286e-31 -6.53792e-36  9.83694e-32 -2.30012e-36   8.2607e-33 -3.73237e-37  4.31808e-34  8.76629e-39   1.3838e-35  3.16965e-39  2.19494e-37  4.62278e-41 -2.79481e-40 -2.32664e-42 -3.52413e-41
 6.91524e-17  6.14166e-30 -3.45836e-15 -1.39682e-28  6.71851e-14  1.29041e-27 -7.82815e-13 -4.14185e-27  6.30643e-12 -2.81722e-26 -3.76873e-11  4.35812e-25  1.73954e-10 -2.96662e-24 -6.35505e-10  1.37968e-23  1.86408e-09 -4.85723e-23 -4.41936e-09  1.34125e-22  8.46514e-09 -2.91028e-22 -1.29887e-08  4.77541e-22  1.56362e-08 -5.06068e-22 -1.41222e-08  1.95659e-23  8.56157e-09  1.32856e-21  -2.1267e-09 -3.45298e-21 -1.52117e-09  5.44859e-21   1.5743e-09 -5.76458e-21 -2.05935e-10  3.19953e-21 -4.24264e-10  1.86355e-21  1.69827e-10 -7.18449e-21  9.39266e-11  9.99211e-21 -5.68424e-11  -9.0053e-21 -2.29397e-11  5.34322e-21   1.4045e-11 -1.47372e-21  6.57087e-12 -7.39504e-22 -2.49345e-12  1.08933e-21 -1.83495e-12 -5.25679e-22  1.69562e-13  2.78624e-24  4.00092e-13  1.53342e-22  6.82144e-14 -9.11455e-23  -5.1604e-14  1.64949e-23 -2.63533e-14  5.36374e-24 -1.91056e-16 -1.41086e-24  3.73592e-15 -1.30599e-24  1.27232e-15  2.81662e-26 -3.02327e-17  7.74402e-25  -1.5687e-16 -3.76776e-25 -5.16868e-17 -1.52228e-26 -2.86498e-18  4.95344e-26  3.59241e-18  4.18084e-27  1.47286e-18 -1.06578e-26  2.38094e-19  4.41829e-28 -1.78045e-20  1.41863e-27 -1.98374e-20    1.057e-29 -5.29544e-21 -2.24973e-28 -6.79212e-22  1.53266e-29  1.96653e-23  1.53964e-29  2.96462e-23 -5.05121e-31  7.14066e-24 -3.29431e-31  9.72456e-25 -1.70513e-31  6.36239e-26  1.00193e-32 -4.62181e-27  5.97553e-33  -1.8749e-27  2.86763e-34 -2.73667e-28  3.87406e-34 -2.48829e-29 -7.35439e-36 -1.40187e-30 -1.10102e-35 -2.90482e-32 -2.96256e-36  2.65083e-33 -4.14415e-37  2.93857e-34  2.99453e-39  1.41082e-35  2.04853e-39  3.63882e-37  1.52841e-41  4.09304e-39 -1.10163e-42
-1.95942e-30  1.41536e-15  9.32976e-29 -4.03639e-14 -1.43822e-27  5.99276e-13  1.04524e-26 -5.81512e-12 -2.81722e-26  4.06515e-11 -1.67089e-25 -2.15826e-10  2.31053e-24  8.98081e-10   -1.431e-23 -2.98537e-09  6.13634e-23  8.01178e-09 -2.01326e-22 -1.74194e-08  5.22974e-22  3.05726e-08 -1.07824e-21 -4.27617e-08  1.70685e-21  4.63412e-08 -1.82231e-21 -3.65659e-08  4.28087e-22  1.75824e-08  3.30242e-21 -6.73994e-10 -8.93999e-21 -5.69511e-09  1.40448e-20   3.1852e-09 -1.49398e-20  5.46569e-10  9.22614e-21 -1.16612e-09  1.68914e-21  9.74733e-11 -1.26413e-20  3.22187e-10  1.80361e-20 -5.21934e-11 -1.58945e-20 -8.43788e-11  8.98718e-21  9.97628e-12 -2.15449e-21  2.11948e-11 -1.44124e-21  4.80885e-13  1.80745e-21  -4.5301e-12 -7.89256e-22  -1.0196e-12 -3.00048e-23  6.44821e-13  2.27438e-22  3.54218e-13 -1.11008e-22  -1.1747e-14    5.393e-24 -6.08898e-14  1.37075e-23 -1.74401e-14 -1.34729e-24  2.87266e-15 -3.02912e-24  3.25866e-15  2.23789e-25  7.74786e-16  1.24857e-24 -9.47235e-17 -6.01017e-25 -1.13135e-16  -2.3781e-26 -3.07821e-17  7.76823e-26 -1.00247e-18  4.55114e-27  2.05773e-18 -1.51539e-26  7.66699e-19  4.63279e-28  1.23014e-19   2.0592e-27 -3.87574e-21  4.87035e-29 -7.37683e-21  -3.1361e-28 -2.02643e-21  1.47871e-29 -2.91101e-22  1.92312e-29 -1.05659e-23  1.31747e-32  5.71837e-24 -2.12313e-31  1.62546e-24 -2.23628e-31   2.4263e-25 -7.16472e-33  2.17737e-26  5.78084e-33  6.71765e-28  1.69249e-33 -1.30336e-28  5.55934e-34 -2.53437e-29  -2.2386e-35 -2.44619e-30 -1.53073e-35 -1.50331e-31 -3.46975e-36 -5.70189e-33 -4.26728e-37 -9.49003e-35 -3.21664e-39  1.84006e-36  9.78556e-40  1.14648e-37 -2.26722e-42  1.27632e-39
-3.72898e-16 -4.04357e-29  1.91016e-14  1.06671e-27 -3.80498e-13 -1.22126e-26  4.55117e-12   7.2392e-26 -3.76873e-11 -1.67089e-25  2.31837e-10 -8.74797e-25 -1.10337e-09   1.0903e-23  4.16434e-09 -6.17927e-23 -1.26486e-08  2.45293e-22   3.1142e-08  -7.5194e-22 -6.21833e-08     1.84e-21  9.99899e-08 -3.60458e-21 -1.27182e-07  5.49078e-21  1.23193e-07 -5.83034e-21 -8.31141e-08  2.11805e-21  2.82898e-08   7.3406e-21   9.0698e-09 -2.09461e-20 -1.52567e-08  3.26668e-20  4.27503e-09 -3.45565e-20  3.33075e-09  2.24429e-20 -2.26312e-09 -4.40637e-22 -5.49211e-10 -2.05363e-20  7.16104e-10  3.01737e-20  1.10359e-10 -2.59819e-20 -1.87623e-10  1.39914e-20 -3.81006e-11 -2.87969e-21  4.08319e-11 -2.48488e-21  1.45537e-11  2.72305e-21  -6.1312e-12 -1.05971e-21 -4.27789e-12 -1.11459e-22  1.36964e-13  3.22835e-22  8.10513e-13 -1.24847e-22  2.11118e-13 -1.52085e-23 -6.41386e-14  2.50766e-23 -5.19794e-14 -5.64038e-25 -8.44539e-15 -5.47581e-24  3.77985e-15  4.34476e-25  2.31595e-15  1.87886e-24   4.0095e-16 -8.87963e-25 -9.06489e-17  -3.2727e-26 -6.85344e-17   1.1391e-25 -1.63175e-17  3.39722e-27 -4.35513e-19 -2.02997e-26  9.60255e-19  4.40305e-28  3.40883e-19  2.84041e-27  5.62477e-20  1.08679e-28  8.98412e-22 -4.10287e-28 -2.09889e-21  9.96387e-30 -6.18623e-22  2.19418e-29 -9.70769e-23  8.66254e-31 -7.38743e-24  9.86527e-33  5.06948e-25 -2.64441e-31  2.49727e-25 -2.90073e-32  4.11655e-26  5.63248e-33  4.17901e-27    3.418e-33  2.55165e-28  7.14156e-34  3.70914e-30  -3.7282e-35 -1.01085e-30 -1.85535e-35 -1.18308e-31 -3.69121e-36  -7.0364e-33 -4.02274e-37 -2.49638e-34 -7.43821e-39 -4.86382e-36  2.66627e-40 -3.64371e-38 -4.96223e-42
 1.00063e-29 -6.74351e-15 -5.49026e-28  1.97231e-13  9.78658e-27 -3.00651e-12 -8.78237e-26  2.99909e-11  4.35812e-25 -2.15826e-10 -8.74797e-25  1.18143e-09 -4.08405e-24 -5.07784e-09  4.62005e-23  1.74721e-08 -2.40794e-22 -4.86615e-08   8.8789e-22  1.10159e-07 -2.54871e-21  -2.0219e-07  5.88154e-21  2.97634e-07 -1.09466e-20 -3.43011e-07  1.60104e-20   2.9389e-07 -1.67464e-20 -1.63527e-07  7.47728e-21  2.74174e-08  1.46759e-20  3.97718e-08 -4.47918e-20 -3.15989e-08  6.92068e-20   6.8844e-10 -7.22811e-20  9.92602e-09  4.79209e-20 -2.70495e-09 -6.42292e-21 -2.48543e-09 -3.10194e-20  1.01728e-09  4.70323e-20  6.41149e-10 -3.95193e-20 -2.50905e-10   2.0255e-20 -1.77388e-10 -3.52591e-21   3.8285e-11 -3.86441e-21  4.58603e-11  3.76231e-21  7.80662e-13  -1.2851e-21 -9.03568e-12 -2.53134e-22 -2.43578e-12  4.34654e-22  9.35235e-13  -1.2942e-22  6.84523e-13 -4.48433e-23  6.85346e-14  3.84687e-23 -7.72664e-14  1.14167e-24 -3.53628e-14 -8.50472e-24  -2.5328e-15  6.28488e-25  3.20037e-15  2.62003e-24  1.39905e-15  -1.2221e-24   1.8303e-16 -3.71232e-26 -5.96971e-17  1.57147e-25 -3.54461e-17 -1.98018e-28  -7.7655e-18 -2.59629e-26   -2.807e-19  3.61431e-28  3.60709e-19  3.76312e-27  1.27519e-19  1.98128e-28  2.20019e-20  -5.0664e-28  1.25952e-21 -7.44659e-31 -4.14824e-22  2.27508e-29 -1.44281e-22  1.92615e-30 -2.43868e-23  3.04491e-31 -2.41818e-24  -2.8213e-31 -7.21449e-26 -4.94491e-32   2.0981e-26  6.52045e-33  4.39247e-27  5.26041e-33  4.76559e-28  8.35998e-34  3.31963e-29 -4.85135e-35  1.39252e-30 -2.00458e-35  1.69346e-32 -3.55554e-36 -1.77082e-33 -3.41898e-37 -1.15644e-34 -8.39015e-39 -2.91904e-36    -2.97e-41 -2.37954e-38
 1.54336e-15  1.86208e-28 -8.11009e-14 -5.67152e-27  1.65906e-12  7.47677e-26 -2.04037e-11 -5.45282e-25  1.73954e-10  2.31053e-24 -1.10337e-09 -4.08405e-24  5.42366e-09 -1.71471e-23 -2.11839e-08  1.77124e-22  6.67434e-08 -8.52589e-22 -1.70953e-07  2.92887e-21  3.56445e-07 -7.88735e-21  -6.0159e-07  1.71797e-20  8.09413e-07 -3.03712e-20  -8.4068e-07  4.25691e-20  6.27193e-07 -4.35368e-20 -2.68861e-07  2.17152e-20 -2.20569e-08  2.65014e-20    1.101e-07 -8.80388e-20 -4.91703e-08  1.34533e-19  -1.6615e-08 -1.38009e-19  2.08825e-08   9.1751e-20  4.49881e-10 -1.85044e-20 -6.23131e-09 -4.38386e-20  3.53408e-10  6.85861e-20  1.68018e-09 -5.61443e-20 -2.43935e-11  2.73848e-20 -4.15498e-10 -3.97708e-21 -4.95684e-11 -5.47218e-21  8.36587e-11  4.79878e-21  2.76783e-11 -1.41886e-21 -1.00381e-11 -4.48373e-22 -7.80581e-12  5.51312e-22 -4.66362e-13 -1.23447e-22  1.14004e-12  -8.0392e-23   4.3617e-13  5.21155e-23 -1.77097e-14  3.75077e-24 -6.37903e-14 -1.17739e-23  -2.0079e-14  7.85857e-25  1.00563e-16  3.37563e-24  2.10997e-15 -1.57696e-24  7.37093e-16 -2.86199e-26  7.77339e-17  2.05387e-25 -3.02942e-17 -6.92915e-27 -1.57081e-17 -3.21601e-26 -3.30201e-18  1.83051e-28 -1.85073e-19  4.82629e-27  1.05166e-19  3.29458e-28  3.91459e-20 -5.92111e-28  7.09593e-21 -1.80927e-29  6.25778e-22  2.10416e-29 -3.95927e-23  2.88801e-30 -2.39492e-23  5.99411e-31 -4.42178e-24 -2.69671e-31 -4.94691e-25 -6.11721e-32 -3.18797e-26  9.44277e-33 -7.93299e-29  7.00327e-33   2.3988e-28  9.07054e-34  2.99295e-29 -5.30223e-35  2.09285e-30 -1.94482e-35  9.19627e-32 -3.08158e-36   2.3519e-33 -2.57194e-37  2.35395e-35 -6.57785e-39  -1.8595e-37  -5.8982e-41
-3.53494e-29  2.50091e-14  2.31096e-27 -7.51407e-13 -4.74012e-26  1.17804e-11  4.87574e-25 -1.21014e-10 -2.96662e-24  8.98081e-10   1.0903e-23 -5.07784e-09 -1.71471e-23  2.25843e-08 -6.52176e-23 -8.05868e-08  6.18372e-22  2.33357e-07  -2.7593e-21  -5.5105e-07  8.85341e-21  1.05958e-06 -2.24016e-20 -1.64406e-06   4.6084e-20  2.01659e-06 -7.73605e-20 -1.87306e-06  1.03728e-19  1.18695e-06 -1.03122e-19  -3.3359e-07  5.45836e-20 -1.94012e-07  4.33537e-20  2.34389e-07 -1.59994e-19 -4.53012e-08  2.41383e-19 -6.07303e-08 -2.42247e-19  3.14383e-08  1.59618e-19  1.24048e-08 -3.86212e-20 -1.07479e-08 -5.82825e-20 -2.88699e-09  9.38563e-20  2.87552e-09 -7.47238e-20  9.04127e-10  3.47259e-20 -6.06291e-10 -4.19799e-21 -2.98703e-10 -7.07747e-21  7.78229e-11  5.67359e-21  7.89458e-11 -1.44009e-21  4.27329e-12 -6.66592e-22 -1.33654e-11  6.55785e-22 -4.65913e-12  -1.0855e-22  7.06623e-13 -1.16266e-22   9.3123e-13   6.3707e-23  2.15448e-13  6.99509e-24 -4.59667e-14 -1.47621e-23 -4.18884e-14  9.03805e-25 -9.82703e-15  4.00554e-24  7.08774e-16 -1.92005e-24  1.14947e-15  3.73932e-27  3.43936e-16  2.56321e-25  3.25314e-17 -1.69279e-26  -1.2126e-17  -3.9125e-26 -5.92219e-18 -1.96412e-28  -1.2324e-18  6.01548e-27 -9.83814e-20  5.19093e-28  2.17485e-20 -6.54133e-28  9.49927e-21 -4.11527e-29  1.81574e-21  1.64534e-29  1.97935e-22  3.29988e-30  5.51243e-24  7.96561e-31  -2.4067e-24 -2.26573e-31 -5.40002e-25 -5.82033e-32 -6.47044e-26  1.48807e-32 -4.95919e-27  8.44565e-33 -2.14677e-28  9.25809e-34  4.80871e-31 -4.94337e-35  7.87514e-31 -1.69197e-35  5.72316e-32 -2.37878e-36  2.11156e-33 -1.67157e-37  3.95956e-35 -3.68958e-39  2.48744e-37
-5.01836e-15 -6.00567e-28  2.71008e-13  2.20149e-26 -5.70393e-12 -3.32044e-25  7.22625e-11  2.76315e-24 -6.35505e-10   -1.431e-23  4.16434e-09  4.62005e-23 -2.11839e-08 -6.52176e-23  8.57967e-08 -2.26127e-22 -2.80963e-07  1.97711e-21  7.50153e-07 -8.20516e-21 -1.63645e-06  2.46431e-20  2.90415e-06 -5.86598e-20 -4.13909e-06  1.14018e-19  4.61069e-06 -1.81663e-19 -3.78665e-06  2.32626e-19  1.95308e-06 -2.23723e-19 -1.77323e-07  1.21766e-19 -5.97245e-07   6.4398e-20  3.94559e-07 -2.70209e-19  3.02631e-08  4.01669e-19  -1.4056e-07 -3.93071e-19  2.57854e-08  2.54602e-19  3.84013e-08 -6.75079e-20 -1.13566e-08 -7.31966e-20 -1.03256e-08  1.20759e-19  2.79713e-09 -9.33768e-20  2.83147e-09  4.14873e-20 -3.35757e-10 -4.30439e-21 -7.03424e-10 -8.33899e-21 -6.60051e-11  6.22939e-21  1.29055e-10 -1.36745e-21  4.59249e-11  -8.5586e-22 -1.04953e-11  7.29143e-22 -1.09609e-11 -8.90984e-23 -1.82298e-12 -1.45503e-22  1.01249e-12  7.07373e-23  5.95887e-13  1.04338e-23  8.03908e-14 -1.68315e-23  -4.0852e-14  9.92729e-25 -2.31528e-14  4.34639e-24 -4.27538e-15 -2.21995e-24  5.35903e-16  7.14357e-26  5.29494e-16  3.08232e-25  1.42907e-16 -2.95051e-26  1.36671e-17  -4.7267e-26 -3.75625e-18 -9.45801e-28 -1.86648e-18  7.28369e-27 -3.92723e-19  7.82785e-28 -4.00391e-20 -6.78708e-28  2.26634e-21 -6.68001e-29  1.71634e-21    8.934e-30  3.52662e-22  2.67314e-30  4.30038e-23  7.99727e-31   2.8465e-24 -1.59676e-31 -5.19049e-26 -3.83646e-32 -3.83345e-26  2.23959e-32 -5.09747e-27  9.41341e-33 -4.03708e-28  8.97975e-34 -2.04896e-29   -3.889e-35 -5.88391e-31  -1.3103e-35 -2.81728e-33 -1.61104e-36  3.94828e-34 -9.05926e-38  1.04612e-35 -1.32803e-39
 8.02205e-29 -7.34856e-14 -6.93886e-27  2.27271e-12  1.70708e-25 -3.67208e-11 -1.99582e-24   3.8926e-10  1.37968e-23 -2.98537e-09 -6.17927e-23  1.74721e-08  1.77124e-22 -8.05868e-08 -2.26127e-22  2.98849e-07 -7.18728e-22 -9.01711e-07  5.81848e-21  2.22587e-06 -2.25226e-20 -4.49301e-06  6.34343e-20  7.36159e-06 -1.42187e-19 -9.62181e-06   2.6117e-19   9.6798e-06   -3.947e-19 -6.90997e-06  4.81905e-19  2.66601e-06 -4.46508e-19  5.51147e-07  2.44634e-19 -1.33143e-06   8.7056e-20  4.92845e-07 -4.25973e-19  2.53858e-07  6.22366e-19 -2.41218e-07 -5.92202e-19 -2.59972e-08  3.74803e-19  7.69915e-08 -1.03918e-19  1.55424e-09 -8.70451e-20 -2.13996e-08    1.462e-19 -1.27551e-09 -1.09719e-19   5.2812e-09  4.69269e-20  1.01848e-09 -4.58932e-21 -1.02136e-09 -8.85948e-21 -4.32776e-10  6.34861e-21  1.02817e-10 -1.25963e-21   1.0987e-10 -9.54651e-22  1.34669e-11  7.55382e-22 -1.41909e-11 -7.07046e-23 -6.70406e-12 -1.61586e-22 -2.08386e-13   7.0879e-23  8.25209e-13  1.36116e-23  3.17206e-13 -1.73171e-23    1.968e-14  1.06537e-24 -2.58504e-14  4.23992e-24 -1.10899e-14 -2.45382e-24 -1.70904e-15  1.83481e-25  2.61192e-16  3.60823e-25  2.07324e-16 -4.30839e-26   5.2585e-17 -5.70041e-26  5.51263e-18 -2.28015e-27 -8.33199e-19  8.53409e-27 -4.77416e-19  1.12783e-27 -1.03244e-19 -6.52142e-28 -1.23283e-20 -8.99956e-29  -3.0677e-22 -1.23331e-30  2.04288e-22  6.51409e-31  4.89183e-23  5.48629e-31  6.37869e-24 -8.14273e-32  5.23632e-25 -4.46751e-33  2.13663e-26  3.05915e-32 -8.14807e-28  9.77156e-33 -2.03212e-28  8.29926e-34 -1.64028e-29 -2.48007e-35 -7.68471e-31 -8.92191e-36 -2.10702e-32 -9.36398e-37 -2.82161e-34 -3.84986e-38 -8.85092e-37
  1.2983e-14  1.22536e-27 -7.22151e-13 -6.21835e-26  1.56731e-11  1.11427e-24  -2.0501e-10 -1.04704e-23  1.86408e-09  6.13634e-23 -1.26486e-08 -2.40794e-22  6.67434e-08  6.18372e-22 -2.80963e-07 -7.18728e-22  9.58587e-07 -2.10454e-21 -2.67413e-06  1.58325e-20  6.11735e-06 -5.73071e-20 -1.14399e-05  1.51593e-19  1.73018e-05 -3.20181e-19 -2.06854e-05  5.55698e-19  1.86446e-05 -7.95928e-19 -1.12565e-05  9.24983e-19  2.60588e-06 -8.22707e-19  2.36839e-06  4.46856e-19 -2.37314e-06  1.07484e-19  3.02968e-07 -6.29226e-19  6.95281e-07  9.00912e-19 -2.96122e-07 -8.31413e-19 -1.60006e-07   5.1178e-19  1.09313e-07 -1.44372e-19  4.00174e-08 -9.80067e-20 -3.00301e-08  1.66461e-19 -1.22615e-08 -1.21292e-19  6.21256e-09  5.05294e-20     3.84e-09 -5.47637e-21 -6.75981e-10 -8.27408e-21 -9.65093e-10  5.98433e-21 -1.07038e-10 -1.20087e-21  1.51694e-10 -9.09839e-22  6.40606e-11  7.26068e-22 -4.64993e-12 -5.76999e-23 -1.13274e-11 -1.60476e-22  -3.2204e-12  6.23011e-23  3.52608e-13  1.62407e-23  5.13558e-13 -1.56208e-23  1.45562e-13  1.12538e-24  5.98208e-16  3.56274e-24 -1.31039e-14  -2.6133e-24 -4.67485e-15  3.43263e-25 -6.45704e-16  4.15555e-25  9.24104e-17 -5.53736e-26  6.84791e-17 -6.85118e-26   1.6856e-17 -4.40524e-27   1.9844e-18  9.61865e-27 -9.64743e-20  1.54539e-27 -9.44528e-20 -5.64299e-28 -2.14915e-20 -1.05069e-28 -2.82927e-21 -1.34301e-29 -1.86531e-22 -2.82245e-30  9.78937e-24  4.64887e-32  4.34839e-24 -6.13599e-33  6.13602e-25  3.63434e-32  5.34524e-26  3.75162e-32  2.95935e-27  9.45184e-33  8.03577e-29  7.26804e-34 -1.68588e-30 -1.13986e-35 -2.49938e-31 -5.24712e-36 -9.67096e-33 -4.51416e-37 -1.53248e-34 -1.10866e-38
-7.28014e-29  1.72554e-13  1.34178e-26 -5.50717e-12 -4.55998e-25  9.19353e-11  6.26121e-24 -1.00826e-09 -4.85723e-23  8.01178e-09  2.45293e-22 -4.86615e-08 -8.52589e-22  2.33357e-07  1.97711e-21 -9.01711e-07 -2.10454e-21  2.84227e-06 -5.70266e-21   -7.353e-06  3.99984e-20  1.56192e-05 -1.35679e-19 -2.70833e-05  3.37511e-19   3.7781e-05 -6.71956e-19 -4.11623e-05  1.10152e-18  3.28545e-05 -1.49364e-18 -1.59918e-05  1.64925e-18  3.94424e-07  -1.4035e-18  5.79857e-06  7.47024e-19 -3.39138e-06  1.22088e-19 -5.34208e-07 -8.73728e-19  1.33919e-06  1.22175e-18 -1.67719e-07 -1.09094e-18 -3.91178e-07  6.50756e-19  9.03618e-08 -1.83698e-19  1.09186e-07 -1.04125e-19 -2.23995e-08  1.77868e-19 -3.02061e-08 -1.26073e-19  1.88992e-09  5.21018e-20  7.41982e-09 -7.40244e-21  1.06694e-09 -6.34761e-21 -1.30927e-09  5.17501e-21  -5.5298e-10 -1.27653e-21  8.44733e-11 -6.95347e-22  1.21644e-10  6.43533e-22  2.57065e-11 -5.04941e-23 -9.56989e-12  -1.4222e-22 -6.89096e-12  4.38649e-23 -1.22129e-12  1.83389e-23  3.70299e-13 -1.12921e-23  2.64841e-13  1.16162e-24  5.92583e-14  2.25063e-24 -2.27288e-15 -2.70717e-24 -5.52785e-15  5.46142e-25 -1.74257e-15  4.75195e-25 -2.32229e-16 -6.37709e-26  2.29782e-17 -8.14838e-26  1.87022e-17 -7.43668e-27  4.58579e-18  1.03625e-26  5.98441e-19  2.00687e-27  1.25317e-20 -4.12814e-28 -1.31994e-20 -1.07685e-28  -3.3599e-21 -2.67372e-29 -4.70602e-22 -7.41598e-30 -4.02652e-23 -6.31692e-31 -1.31196e-24  5.42141e-32  1.79837e-25  7.48721e-32  3.40081e-26  4.13586e-32   3.0098e-27  8.48821e-33   1.6598e-28  5.95771e-34  5.61731e-30 -1.87161e-36  9.42859e-32 -2.59722e-36  -2.2414e-35 -1.69831e-37 -1.43348e-35
 -2.6837e-14 -6.58056e-28  1.54193e-12  1.16708e-25 -3.46079e-11 -2.82208e-24  4.68739e-10  3.07857e-23 -4.41936e-09 -2.01326e-22   3.1142e-08   8.8789e-22 -1.70953e-07  -2.7593e-21  7.50153e-07  5.81848e-21 -2.67413e-06 -5.70266e-21  7.81654e-06 -1.43584e-20 -1.88029e-05  9.41755e-20  3.71492e-05 -2.99955e-19 -5.97546e-05  7.02336e-19  7.67749e-05 -1.31812e-18 -7.58139e-05  2.03936e-18  5.26481e-05  -2.6144e-18 -1.87359e-05  2.73736e-18  -5.9904e-06 -2.22193e-18  1.09829e-05  1.14836e-18 -3.55633e-06  1.29556e-19  -2.4043e-06 -1.14351e-18   1.9712e-06  1.55577e-18  3.32045e-07 -1.34119e-18 -6.67311e-07  7.73054e-19 -4.57202e-08 -2.16298e-19  1.91819e-07 -1.03567e-19  2.01305e-08   1.7759e-19 -4.79753e-08 -1.22907e-19 -1.15149e-08  5.17529e-20  9.15577e-09  -1.0671e-20   4.4881e-09 -3.04747e-21 -8.03898e-10  4.04056e-21 -1.09345e-09 -1.54815e-21 -1.75628e-10 -3.25246e-22   1.3114e-10  5.21824e-22  7.11571e-11 -4.39157e-23   5.1221e-12 -1.11545e-22 -7.85391e-12  1.51752e-23 -3.45509e-12  2.02727e-23 -3.52267e-13 -4.08347e-24  2.32652e-13  1.15181e-24  1.17339e-13  3.13103e-25  2.19724e-14 -2.75988e-24 -1.31607e-15  7.78587e-25 -1.95987e-15  5.42521e-25 -5.71074e-16 -6.59259e-26 -7.76388e-17 -9.50188e-26  3.04886e-18  -1.1315e-26  4.07449e-18  1.06131e-26  1.02285e-18   2.4673e-27   1.4414e-19 -2.06675e-28  9.10856e-21 -9.66908e-29 -9.96113e-22 -4.00123e-29 -3.63458e-22 -1.24451e-29 -5.40698e-23 -1.35625e-30 -5.04672e-24  9.28804e-32 -2.86801e-25  1.02844e-31 -4.84777e-27  4.11175e-32  7.54906e-28  7.03408e-33  7.94155e-29  4.49805e-34  3.87675e-30  2.79079e-36  1.02502e-31 -1.03899e-36  1.21703e-33 -4.30955e-38
-1.89416e-28 -3.23948e-13 -7.03566e-27  1.07048e-11  8.36579e-25 -1.85251e-10 -1.50539e-23  2.10886e-09  1.34125e-22 -1.74194e-08  -7.5194e-22  1.10159e-07  2.92887e-21  -5.5105e-07 -8.20516e-21  2.22587e-06  1.58325e-20   -7.353e-06 -1.43584e-20   1.9998e-05 -3.37201e-20  -4.4837e-05  2.07381e-19  8.25052e-05 -6.21235e-19 -0.000123109  1.37006e-18  0.000145351 -2.42314e-18  -0.00012909  3.53446e-18  7.58218e-05 -4.27625e-18 -1.49833e-05  4.23624e-18 -1.87314e-05 -3.27019e-18  1.70699e-05  1.62903e-18 -1.48901e-06  1.32225e-19  -5.4542e-06 -1.41344e-18  2.08511e-06  1.86379e-18  1.35026e-06 -1.54799e-18 -8.24554e-07   8.6031e-19 -3.53869e-07 -2.37719e-19  2.34353e-07 -9.50342e-20  1.09506e-07  1.64377e-19 -4.87468e-08 -1.11726e-19 -3.41613e-08  4.97727e-20  4.76517e-09 -1.53388e-20  8.52714e-09  1.43439e-21  1.20065e-09  2.76336e-21 -1.30304e-09 -2.03724e-21 -6.11752e-10  1.43206e-22   2.1404e-11  3.85273e-22  1.02436e-10 -2.73454e-23  3.26045e-11 -7.71991e-23 -1.96579e-12 -2.34969e-23 -4.68251e-12  2.26855e-23 -1.48686e-12  6.02254e-24 -6.70584e-14  1.07547e-24  1.12079e-13 -2.16329e-24  4.54526e-14 -2.80608e-24  7.57037e-15  1.01925e-24 -4.21502e-16  6.18515e-25 -5.79896e-16 -6.03837e-26 -1.61891e-16 -1.07709e-25 -2.30622e-17 -1.57463e-26 -3.70142e-19  1.02975e-26  6.63467e-19  2.87505e-27  1.78861e-19  3.27805e-29  2.65856e-20 -7.49146e-29   2.2984e-21 -5.20088e-29  3.50323e-23 -1.70396e-29 -2.26986e-23 -1.98065e-30 -3.93749e-24  1.09047e-31 -3.75779e-25  1.15383e-31  -2.3066e-26  3.69404e-32 -8.51191e-28  5.33731e-33 -1.08038e-29  3.07189e-34  5.27589e-31  3.62812e-36  2.50741e-32 -3.12376e-37  2.79244e-34
 4.41308e-14 -5.37951e-27 -2.62939e-12 -7.55578e-26  6.12691e-11  5.05941e-24 -8.62597e-10 -7.03075e-23  8.46514e-09  5.22974e-22 -6.21833e-08 -2.54871e-21  3.56445e-07  8.85341e-21 -1.63645e-06 -2.25226e-20  6.11735e-06  3.99984e-20 -1.88029e-05 -3.37201e-20  4.77264e-05 -7.41257e-20 -9.99457e-05  4.28522e-19  0.000171469 -1.20904e-18 -0.000237235  2.51225e-18  0.000256526 -4.18449e-18 -0.000202613  5.74536e-18  9.57879e-05 -6.54584e-18  1.84483e-06  6.11991e-18 -3.90312e-05 -4.48022e-18  2.15841e-05  2.13828e-18  4.45229e-06  1.35513e-19 -9.19972e-06 -1.65227e-18  9.11367e-07  2.10364e-18  2.82857e-06 -1.68021e-18 -5.85294e-07  8.99213e-19 -8.18738e-07  -2.4591e-19  1.49428e-07  -7.8269e-20  2.32239e-07  1.38983e-19 -9.81933e-09 -9.34718e-20 -5.80105e-08  4.64763e-20 -9.57176e-09 -2.11904e-20  1.02578e-08  6.71775e-21  4.67394e-09   1.5608e-21 -5.86388e-10 -2.72261e-21 -1.01149e-09  6.18159e-22 -2.36748e-10  2.64992e-22  7.32156e-11  1.31786e-23  5.92775e-11 -5.01603e-23   1.1896e-11 -7.13653e-23 -2.69541e-12  2.63275e-23 -2.27452e-12  1.88089e-23 -5.65402e-13  9.32909e-25 -2.59252e-15 -5.02144e-24  4.40772e-14 -2.88217e-24  1.54746e-14   1.2419e-24  2.43308e-15  7.00602e-25 -6.93063e-17 -4.71854e-26 -1.39999e-16 -1.17932e-25 -3.86737e-17 -2.01984e-26 -5.78874e-18  9.46414e-27 -3.32304e-19  3.18447e-27  6.92064e-20  2.74714e-28  2.30139e-20  -4.8394e-29  3.58001e-21 -6.15221e-29  3.48545e-22   -2.038e-29  1.86604e-23 -2.38546e-30  -2.3294e-25  1.06527e-31 -1.49611e-25  1.12093e-31 -1.50994e-26  2.99939e-32 -8.66463e-28  3.67389e-33 -3.01199e-29  1.86001e-34 -5.65174e-31  2.56844e-36 -3.66831e-33  -5.9544e-38
 5.72293e-28  4.82009e-13 -5.63464e-26 -1.65693e-11 -6.58753e-25  2.98621e-10  2.62954e-23  -3.5447e-09 -2.91028e-22  3.05726e-08     1.84e-21  -2.0219e-07 -7.88735e-21  1.05958e-06  2.46431e-20 -4.49301e-06 -5.73071e-20  1.56192e-05  9.41755e-20  -4.4837e-05 -7.41257e-20  0.000106512 -1.53038e-19 -0.000208726  8.33517e-19  0.000334121 -2.21748e-18 -0.000428191  4.34143e-18  0.000422014 -6.80261e-18 -0.000291478  8.77355e-18  0.000100189 -9.38717e-18  3.91156e-05  8.25887e-18 -6.53954e-05 -5.71839e-18  2.01801e-05  2.60282e-18  1.54151e-05  1.45083e-19 -1.21682e-05 -1.82783e-18 -2.33315e-06  2.23926e-18  4.32257e-06 -1.71732e-18  3.56856e-07  8.85162e-19 -1.29013e-06 -2.41631e-19 -1.50571e-07 -5.45245e-20  3.32977e-07  1.04102e-19  8.43465e-08 -6.97634e-20 -6.50633e-08  4.20941e-20 -3.32766e-08 -2.78112e-20  5.61732e-09  1.23143e-20  8.22587e-09  6.54566e-22  1.42283e-09 -3.55072e-21 -9.79003e-10  9.91699e-22 -5.60298e-10  1.94041e-22 -4.91783e-11  9.14409e-23  5.96655e-11  -4.1232e-23  2.79855e-11 -1.27285e-22  3.39423e-12  3.18286e-23 -1.69218e-12    3.383e-23 -9.41252e-13  7.64515e-25 -1.94683e-13 -8.04715e-24  3.25847e-15 -3.01616e-24  1.43923e-14  1.41965e-24  4.60403e-15  7.81609e-25  7.15931e-16 -2.82775e-26  7.34961e-18 -1.24257e-25 -2.63933e-17 -2.39736e-26 -7.50842e-18  8.28487e-27 -1.17034e-18  3.36616e-27 -9.82239e-20  4.85205e-28  1.75365e-21 -2.42636e-29  1.94597e-21 -6.75521e-29  3.29002e-22   -2.192e-29  3.32175e-23 -2.51156e-30  2.15117e-24  9.15269e-32  7.36048e-26  9.65072e-32 -8.96651e-28  2.19613e-32 -2.46357e-28   2.2681e-33 -1.26915e-29  9.74449e-35 -3.00442e-31  1.23098e-36 -2.38103e-33
  -5.683e-14  2.09837e-26  3.53207e-12 -3.77153e-25 -8.59371e-11 -4.56365e-24  1.26468e-09   1.1923e-22 -1.29887e-08 -1.07824e-21  9.99899e-08  5.88154e-21  -6.0159e-07 -2.24016e-20  2.90415e-06  6.34343e-20 -1.14399e-05 -1.35679e-19  3.71492e-05  2.07381e-19 -9.99457e-05 -1.53038e-19  0.000222787 -2.97685e-19 -0.000409229  1.53069e-18  0.000611492  -3.8433e-18 -0.000724652  7.08736e-18  0.000646533 -1.04305e-17 -0.000380224  1.26022e-17  7.11329e-05 -1.26187e-17  0.000102117  1.04126e-17 -9.18722e-05 -6.80247e-18  7.27938e-06  2.94401e-18  3.09086e-05  1.62976e-19 -1.18537e-05 -1.91321e-18 -7.95397e-06  2.24863e-18  4.92466e-06 -1.65444e-18  2.15116e-06  8.23583e-19 -1.45981e-06 -2.27839e-19 -6.88074e-07 -2.67902e-20  3.16392e-07   6.3782e-20  2.22737e-07 -4.24223e-20 -3.24839e-08  3.67561e-20 -5.76295e-08 -3.47232e-20 -8.15929e-09  1.77236e-20  9.06299e-09  2.38153e-22  4.31918e-09 -4.45381e-21 -1.35363e-10  1.16383e-21 -7.33645e-10  2.02264e-22 -2.40873e-10  2.17228e-22  1.14192e-11  -5.8684e-23  3.39389e-11 -1.89853e-22  1.12799e-11  3.94639e-23  7.05492e-13  5.04181e-23 -7.79284e-13  6.62872e-25 -3.38654e-13 -1.09869e-23 -6.17688e-14 -3.21754e-24  9.96761e-16   1.5297e-24  3.87994e-15  8.49948e-25  1.17754e-15 -7.54585e-27  1.85863e-16 -1.25835e-25  8.89243e-18 -2.63568e-26 -3.54962e-18  7.01014e-27 -1.12742e-18  3.41083e-27   -1.816e-19  6.35333e-28 -1.78701e-20 -8.21282e-30 -7.59737e-22 -6.94668e-29   7.6488e-23 -2.15158e-29  1.82981e-23 -2.37042e-30  1.88137e-24  7.05443e-32  1.20657e-25   7.4328e-32   4.8519e-27  1.44305e-32  1.01766e-28  1.23733e-33  5.76191e-32  4.26674e-35 -3.45948e-32  3.71977e-37
 1.74817e-27 -5.55758e-13   2.3509e-25  2.00218e-11 -1.84602e-24 -3.78487e-10 -2.58448e-23  4.71699e-09  4.77541e-22 -4.27617e-08 -3.60458e-21  2.97634e-07  1.71797e-20 -1.64406e-06 -5.86598e-20  7.36159e-06  1.51593e-19 -2.70833e-05 -2.99955e-19  8.25052e-05  4.28522e-19 -0.000208726 -2.97685e-19  0.000437659 -5.47218e-19  -0.00075468  2.66147e-18   0.00105276 -6.31094e-18  -0.00115071  1.09542e-17  0.000920337 -1.51097e-17 -0.000440205  1.70415e-17 -1.17846e-05 -1.58998e-17  0.000189926  1.22578e-17 -0.000107216 -7.54187e-18 -2.20956e-05  3.10081e-18  4.76749e-05  1.85134e-19 -5.26171e-06 -1.89227e-18 -1.51826e-05  2.12808e-18  3.42755e-06 -1.50335e-18  4.55488e-06   7.2849e-19 -9.30751e-07  -2.0824e-19 -1.34715e-06  4.07999e-22  8.10202e-08  2.24527e-20  3.52685e-07 -1.30542e-20  5.40286e-08  3.05697e-20 -6.56253e-08   -4.151e-20  -2.9176e-08  2.25183e-20  4.13623e-09  4.43132e-22  6.63305e-09 -5.36979e-21  1.53691e-09  1.06572e-21 -4.96421e-10  3.11827e-22 -4.00149e-10  3.93465e-22 -8.18086e-11 -1.06516e-22  1.77257e-11 -2.57417e-22  1.55381e-11  4.89629e-23  4.00227e-12  6.76866e-23  8.31788e-14   7.6952e-25 -2.88116e-13 -1.35685e-23 -1.06595e-13 -3.46933e-24 -1.81123e-14  1.55775e-24 -6.65335e-17  8.91252e-25   8.4243e-16  9.68379e-27  2.52006e-16 -1.22634e-25  4.06851e-17 -2.68063e-26  3.12392e-18  5.88971e-27   -2.556e-19  3.32621e-27 -1.21303e-19  7.08133e-28 -2.04238e-20 -2.64616e-30 -2.13186e-21 -6.71424e-29 -1.35991e-22 -1.94273e-29 -2.70173e-24 -2.03056e-30  4.39573e-25  4.89654e-32  5.41486e-26  5.13185e-32  3.15631e-27  8.44137e-33  1.05157e-28  5.84139e-34  1.80525e-30  1.47036e-35  9.77943e-33
