 1.09469e-08 -7.03591e-23 -1.48335e-07  1.70743e-21  7.06533e-07 -8.30454e-21 -1.76447e-06  7.37637e-21  2.49965e-06  6.39658e-20 -1.85114e-06 -2.95514e-19  3.31279e-07  6.79783e-19  4.18559e-07 -1.03727e-18 -1.32956e-07  1.15091e-18 -1.18853e-07 -9.70766e-19  1.59604e-08  6.34668e-19   3.4353e-08 -3.19451e-19  7.11473e-09  1.20356e-19 -5.51336e-09 -3.71058e-20 -4.00337e-09  1.77597e-20 -6.45869e-10   -1.217e-20  5.30931e-10  3.32255e-21  4.09557e-10  2.29373e-21  1.18912e-10 -1.49227e-21 -9.71507e-12 -2.81627e-22 -2.65195e-11  2.41299e-22 -1.36429e-11  7.07256e-23 -3.70566e-12 -1.92911e-23 -1.10597e-13 -1.56344e-24  4.57975e-13 -5.97002e-24  2.77908e-13 -4.64654e-24  1.01274e-13  1.58096e-25  2.45855e-14  1.90441e-24  2.60996e-15  5.27864e-25 -1.05854e-15 -1.30835e-25 -8.00455e-16 -1.51936e-25 -3.19718e-16 -5.21653e-26 -9.58915e-17  5.81573e-27 -2.29982e-17  1.31187e-26 -4.32368e-18  4.26263e-27 -5.40093e-19  -3.9773e-28   7.0507e-21 -6.84886e-28  3.02399e-20 -2.49149e-28  1.16883e-20 -4.02422e-29  3.18284e-21  1.18113e-29  7.15284e-22  1.16301e-29  1.39505e-22  4.52346e-30  2.41217e-23  1.05154e-30  3.73279e-24  1.05195e-31  5.18461e-25 -3.86884e-32  6.44992e-26 -2.84414e-32  7.13395e-27 -1.08505e-32  6.90757e-28 -3.08474e-33  5.67144e-29 -7.24209e-34  3.65136e-30 -1.46459e-34  1.35045e-31 -2.58769e-35 -6.42514e-33 -4.04564e-36 -1.89596e-33 -5.63017e-37 -2.29324e-34 -6.90538e-38 -2.02265e-35 -7.38228e-39 -1.42886e-36 -6.82801e-40 -8.29622e-38 -5.36496e-41 -3.97041e-39 -3.47902e-42 -1.53987e-40 -1.80503e-43  -4.6566e-42 -7.17136e-45 -1.03965e-43 -2.01902e-46 -1.58719e-45 -3.47745e-48  -1.3349e-47 -2.37282e-50
-7.03591e-23  2.21401e-07 -1.33367e-21 -1.68407e-06  2.14199e-20  5.97414e-06 -8.98109e-20 -1.18965e-05  1.34327e-19  1.34839e-05  1.48519e-19 -7.22908e-06 -1.06317e-18   -5.251e-07  2.38558e-18  2.16887e-06 -3.33817e-18  3.20632e-08  3.33085e-18 -5.88688e-07 -2.51134e-18 -1.18792e-07  1.46443e-18  1.19459e-07   -6.424e-19  7.02745e-08   1.8461e-19 -9.67594e-10 -2.62707e-20 -1.67298e-08  1.78101e-20 -7.77942e-09 -2.53839e-20 -3.75036e-10  7.36965e-21   1.3902e-09  7.52757e-21  8.37608e-10 -4.16883e-21  2.14335e-10 -1.06475e-21 -2.46055e-11  4.70371e-22 -5.00399e-11  2.80503e-22 -2.52936e-11  4.23288e-23 -7.31249e-12 -5.03041e-24 -7.11991e-13 -3.60509e-23  5.47978e-13 -2.11846e-23  3.98905e-13  1.09075e-24  1.60746e-13  7.04646e-24  4.59147e-14  2.13642e-24  8.82397e-15 -3.84636e-25  4.35762e-16 -5.27407e-25 -5.20812e-16 -1.79843e-25 -2.91341e-16  2.04993e-26 -1.02383e-16  4.38054e-26 -2.83304e-17  1.36222e-26 -6.52045e-18 -1.41351e-27 -1.25538e-18 -2.27876e-27 -1.94592e-19 -8.32215e-28 -2.06003e-20 -1.29395e-28  6.35325e-23  4.33514e-29  7.57718e-22  4.00285e-29  2.52778e-22   1.5309e-29  5.89238e-23   3.5141e-30  1.13346e-23  3.42059e-31  1.89534e-24 -1.28075e-31  2.81751e-25 -9.00167e-32   3.7642e-26 -3.30396e-32  4.54363e-27 -9.07446e-33   4.9651e-28 -2.05441e-33  4.91102e-29 -3.98057e-34  4.38856e-30 -6.70024e-35  3.53116e-31 -9.91395e-36  2.54585e-32 -1.29317e-36  1.63382e-33  -1.4724e-37  9.25665e-35  -1.4486e-38  4.58128e-36 -1.22023e-39  1.95189e-37 -8.62779e-41  6.99908e-39 -4.96818e-42  2.05422e-40 -2.24617e-43  4.76406e-42 -7.53691e-45  8.19548e-44 -1.69206e-46  8.76632e-46 -2.01685e-48  3.71759e-48
-1.48335e-07 -1.33367e-21  2.18565e-06 -1.25978e-20 -1.14211e-05  1.49815e-19  3.17225e-05 -5.35213e-19 -5.12435e-05  8.27583e-19  4.60826e-05 -2.49236e-22 -1.57087e-05 -2.55297e-18 -7.49486e-06  5.67082e-18  5.80845e-06 -7.23533e-18  2.05774e-06  6.43584e-18 -1.36957e-06 -4.31816e-18 -8.43742e-07  2.26904e-18  1.09711e-07  -8.9004e-19  2.51472e-07  1.78424e-19  7.65283e-08  3.93239e-20 -2.39845e-08 -3.27324e-21 -2.88573e-08  -4.3253e-20 -9.77781e-09  1.42326e-20  6.33235e-10  1.68946e-20  2.26038e-09 -7.73936e-21  1.17082e-09 -3.11111e-21  2.80302e-10  3.72248e-22 -3.09384e-11  7.75152e-22 -6.21111e-11  3.24867e-22 -3.18054e-11  8.83011e-24 -9.91516e-12 -1.15406e-22 -1.59316e-12 -6.57599e-23  2.93818e-13  1.91292e-24  3.43806e-13  1.78429e-23  1.57641e-13  5.80297e-24  5.10705e-14 -7.27919e-25  1.25225e-14 -1.21841e-24   2.1337e-15 -4.05421e-25  9.92455e-17  5.86742e-26 -1.00787e-16  1.03045e-25 -5.23191e-17  3.00613e-26 -1.71744e-17 -3.80807e-27 -4.50032e-18 -5.38071e-27 -1.00191e-18 -1.92516e-27 -1.93635e-19 -2.68774e-28  -3.2568e-20  1.18621e-28  -4.6958e-21  9.76494e-29 -5.53053e-22  3.59824e-29 -4.49683e-23  8.01861e-30  3.75771e-26  7.28874e-31   9.5329e-25 -2.98403e-31  2.44497e-25 -1.96208e-31  4.34763e-26 -6.89436e-32  6.33178e-27 -1.82231e-32  7.94222e-28 -3.96301e-33  8.75495e-29 -7.33506e-34  8.55132e-30  -1.1732e-34  7.41578e-31  -1.6388e-35  5.69812e-32 -2.00034e-36  3.85887e-33 -2.11245e-37  2.28395e-34 -1.91034e-38  1.16736e-35 -1.46258e-39   5.0628e-37  -9.2728e-41  1.81614e-38 -4.70981e-42  5.20384e-40 -1.83298e-43   1.1282e-41 -5.07662e-45  1.67431e-43 -8.63125e-47  1.33966e-45 -5.81702e-49
 1.70743e-21 -1.68407e-06 -1.25978e-20  1.40401e-05 -7.72266e-20 -5.51661e-05  7.22607e-19  0.000123777   -2.212e-18 -0.000163589  3.21351e-18  0.000113905 -1.02987e-18 -1.53185e-05 -4.84031e-18 -2.92269e-05  1.06448e-17  8.02063e-06 -1.22059e-17  8.60819e-06  9.51741e-18  -1.0126e-06 -5.63147e-18 -2.57741e-06  2.72777e-18 -5.37552e-07  -1.0308e-18  4.53474e-07  1.43949e-19  3.23801e-07  1.45552e-19  4.42609e-08 -4.96153e-20   -5.079e-08 -6.83314e-20 -3.62627e-08  2.55121e-20 -9.43851e-09  3.22848e-20  1.75753e-09 -1.11243e-20  2.76203e-09 -7.56371e-21  1.30482e-09 -6.60096e-22  3.10257e-10  1.67862e-21 -2.06277e-11  1.03102e-21 -5.75982e-11  9.18496e-23 -3.07952e-11 -2.67059e-22 -1.03902e-11 -1.57832e-22 -2.22873e-12  -7.3618e-25 -9.05237e-14  3.50897e-23  1.79876e-13  1.20782e-23  1.04457e-13 -9.76013e-25   3.8376e-14  -2.1346e-24  1.08794e-14 -6.63215e-25  2.45826e-15  1.57335e-25   4.1971e-16  2.01272e-25   3.8482e-17  5.38639e-26 -6.74241e-18 -8.36085e-27  -4.7449e-18  -1.0261e-26 -1.57501e-18 -3.51007e-27 -4.00917e-19 -3.92957e-28 -8.62292e-20  2.71982e-28 -1.62403e-20   1.9411e-28 -2.72101e-21  6.78882e-29 -4.08243e-22  1.45001e-29 -5.48949e-23  1.18891e-30 -6.58842e-24 -5.58054e-31 -6.98552e-25 -3.39369e-31 -6.40781e-26 -1.13713e-31 -4.85916e-27 -2.88207e-32 -2.67624e-28  -5.9993e-33 -4.25651e-30 -1.05773e-33  1.32478e-30 -1.60348e-34  2.24049e-31  -2.1094e-35  2.32763e-32 -2.40484e-36  1.86417e-33 -2.35171e-37  1.21402e-34 -1.95077e-38  6.50425e-36 -1.35324e-39    2.843e-37 -7.65423e-41  9.90632e-39 -3.39868e-42  2.64361e-40 -1.12019e-43  5.05943e-42 -2.47787e-45  6.00349e-44 -2.91616e-47  2.82761e-46
 7.06533e-07  2.14199e-20 -1.14211e-05 -7.72266e-20  6.60187e-05 -3.45618e-19 -0.000205412  2.64381e-18  0.000379949 -6.98992e-18 -0.000411146  9.21385e-18  0.000209924 -3.74387e-18  2.56404e-05 -7.97743e-18 -7.04448e-05  1.69001e-17 -2.27748e-06  -1.6981e-17  2.04141e-05  1.12716e-17  4.11794e-06 -5.77344e-18 -4.55056e-06   2.6977e-18 -2.59871e-06 -1.14304e-18  1.54185e-07  1.75985e-19  7.08266e-07  2.67115e-19  3.01939e-07 -1.27599e-19 -6.33908e-09 -1.06139e-19  -6.8661e-08  4.31557e-20  -3.6882e-08   5.7219e-20 -7.65047e-09 -1.27762e-20  2.37826e-09 -1.57274e-20  2.74132e-09 -3.44859e-21  1.23255e-09  3.00396e-21  3.05677e-10  2.36103e-21  1.21535e-12  3.26989e-22 -4.08586e-11 -4.94714e-22 -2.37653e-11 -3.10785e-22 -8.69085e-12 -1.31564e-23 -2.24375e-12  5.58503e-23 -3.42653e-13  2.01808e-23  2.75476e-14 -8.90715e-25  4.35765e-14 -2.92322e-24  1.95705e-14 -7.43492e-25  6.29571e-15  3.95439e-25  1.63928e-15  3.54614e-25  3.56042e-16  8.64587e-26  6.37157e-17 -1.45072e-26  8.68391e-18 -1.62919e-26  5.88485e-19 -5.19734e-27 -1.23903e-19 -3.40681e-28 -6.44298e-20  5.44743e-28 -1.76189e-20  3.32887e-28 -3.76084e-21  1.09283e-28 -6.83577e-22  2.21582e-29 -1.09373e-22  1.59308e-30 -1.56454e-23 -8.78582e-31 -2.01619e-24 -4.92649e-31 -2.34884e-25 -1.56984e-31 -2.47575e-26 -3.80316e-32 -2.35844e-27 -7.55371e-33 -2.02514e-28 -1.26525e-33 -1.56099e-29 -1.81341e-34 -1.07397e-30 -2.24106e-35 -6.54667e-32 -2.38102e-36 -3.50206e-33 -2.15123e-37 -1.62301e-34 -1.63188e-38 -6.40464e-36  -1.0212e-39 -2.10345e-37 -5.11773e-41 -5.56504e-39 -1.96294e-42 -1.12283e-40 -5.35688e-44 -1.55831e-42 -8.99279e-46 -1.18612e-44 -5.98985e-48
-8.30454e-21  5.97414e-06  1.49815e-19 -5.51661e-05 -3.45618e-19  0.000242386  -1.2073e-18 -0.000617528  7.75181e-18  0.000953941 -1.78289e-17 -0.000838269    2.095e-17  0.000275633 -8.31678e-18  0.000152188 -1.23032e-17 -0.000116241  2.36105e-17 -4.20564e-05 -2.00282e-17  3.06227e-05  1.07601e-17   1.8094e-05 -4.56464e-18 -3.47851e-06  2.23553e-18  -6.0809e-06 -1.32315e-18 -1.56304e-06  3.67804e-19  8.06675e-07  3.90547e-19  7.67877e-07 -2.48888e-19  2.16272e-07 -1.68513e-19  -4.8749e-08  6.94535e-20 -7.21835e-08  9.67514e-20 -3.22442e-08 -1.07583e-20 -5.61603e-09  -2.8547e-20  2.29361e-09 -8.84923e-21  2.29281e-09  4.56619e-21  1.01375e-09  4.41395e-21  2.70134e-10  8.04715e-22  2.19961e-11 -7.66623e-22 -2.11233e-11 -5.20727e-22 -1.45548e-11 -4.38873e-23 -5.81813e-12  7.19092e-23 -1.71005e-12  2.71885e-23 -3.70319e-13 -4.13647e-25 -4.60194e-14 -2.99348e-24  5.65412e-15 -2.78119e-25  5.92102e-15  9.05828e-25  2.35812e-15  5.94393e-25  6.96764e-16  1.36349e-25  1.70644e-16 -1.77197e-26  3.59128e-17 -2.10989e-26  6.55981e-18 -6.04336e-27  1.03184e-18  1.55133e-28  1.35126e-19  9.77181e-28  1.32156e-20  5.09244e-28  4.90506e-22  1.55617e-28 -1.65744e-22  2.97633e-29 -5.48819e-23  1.85014e-30 -1.09434e-23 -1.19037e-30  -1.7341e-24 -6.17788e-31 -2.34139e-25 -1.86964e-31 -2.76627e-26  -4.3186e-32 -2.89201e-27 -8.16189e-33 -2.68573e-28 -1.29559e-33 -2.21423e-29 -1.75119e-34 -1.61426e-30 -2.02778e-35 -1.03346e-31 -2.00251e-36    -5.75e-33 -1.66656e-37 -2.73984e-34 -1.15145e-38 -1.09523e-35 -6.46216e-40 -3.56728e-37  -2.8429e-41 -9.06009e-39 -9.26714e-43 -1.66627e-40 -2.02648e-44 -1.91637e-42 -2.36062e-46 -8.91269e-45
-1.76447e-06 -8.98109e-20  3.17225e-05  7.22607e-19 -0.000205412  -1.2073e-18  0.000723909 -3.43708e-18  -0.00154564  1.88851e-17   0.00200856 -3.80025e-17  -0.00140344  3.93109e-17  0.000187296 -1.33827e-17   0.00039048 -1.85046e-17 -0.000119611  2.96615e-17 -0.000121176 -2.02069e-17  2.14931e-05  8.01468e-18   4.0175e-05 -2.42827e-18  5.97078e-06  1.44383e-18 -8.76311e-06 -1.59191e-18 -5.25216e-06  7.83829e-19 -2.44468e-07  5.27337e-19  1.13941e-06 -4.29239e-19  6.62287e-07 -2.74173e-19  1.19252e-07  1.05271e-19 -6.87925e-08  1.55956e-19 -6.37347e-08 -2.80253e-21 -2.52087e-08  -4.5924e-20 -4.02145e-09 -1.74067e-20  1.70636e-09  5.96417e-21  1.63955e-09  7.09391e-21  7.31556e-10   1.5866e-21  2.11708e-10  -1.0113e-21  3.20042e-11 -7.61449e-22 -6.09252e-12 -1.02712e-22 -6.76255e-12  6.98468e-23 -3.05817e-12  2.78242e-23 -9.98734e-13  3.75113e-26 -2.56625e-13 -1.68891e-24 -5.11301e-14  1.19428e-24 -6.66944e-15  1.86568e-24  1.35444e-16  9.75498e-25  4.32129e-16  2.25952e-25  1.72766e-16 -6.86913e-27  4.88529e-17 -1.99602e-26  1.13883e-17  -4.5142e-27  2.29906e-18  1.43827e-27  4.10399e-19  1.60005e-27  6.53584e-20  7.11809e-28   9.3056e-21  2.01258e-28  1.18038e-21  3.62231e-29  1.32045e-22  1.98417e-30  1.27487e-23 -1.40192e-30  1.01201e-24  -6.8021e-31  5.71497e-26 -1.95564e-31  6.08435e-28 -4.29942e-32 -3.83815e-28 -7.71447e-33 -6.55132e-29 -1.15782e-33  -7.1821e-30 -1.47218e-34 -6.15485e-31 -1.59283e-35 -4.33029e-32 -1.45761e-36 -2.53079e-33 -1.11319e-37 -1.22213e-34 -6.96881e-39 -4.79065e-36 -3.48076e-40 -1.47755e-37 -1.32771e-41 -3.39906e-39 -3.59569e-43 -5.28162e-41 -5.98668e-45 -4.40455e-43 -3.95721e-47
 7.37637e-21 -1.18965e-05 -5.35213e-19  0.000123777  2.64381e-18 -0.000617528 -3.43708e-18   0.00180955 -8.22154e-18  -0.00329291  3.92317e-17   0.00360684 -6.93582e-17  -0.00191773  6.23807e-17 -0.000207709 -1.58848e-17  0.000700509 -2.70816e-17 -1.07813e-05  3.36983e-17 -0.000222574 -1.72351e-17 -2.96112e-05   4.1552e-18  5.90828e-05 -1.40027e-19  2.74029e-05  2.95836e-19 -5.80811e-06 -1.89112e-18 -9.80218e-06  1.46738e-18 -3.22886e-06  7.16003e-19  7.13025e-07 -6.81825e-19    1.133e-06 -4.44104e-19  4.84481e-07  1.47011e-19  4.67429e-08  2.36962e-19 -6.73357e-08  1.32745e-20 -4.91815e-08 -6.61763e-20 -1.80848e-08 -2.89375e-20 -2.94799e-09  6.68836e-21  9.74198e-10  1.00925e-20  9.99735e-10  2.68018e-21  4.60571e-10 -1.13065e-21  1.44527e-10 -9.91085e-22  2.99388e-11  -2.0072e-22  1.53028e-12  3.27281e-23 -2.03532e-12  1.49819e-23 -1.19427e-12 -6.76015e-25 -4.38938e-13  1.42692e-24 -1.26232e-13  4.08442e-24 -2.99253e-14  3.45832e-24 -5.84428e-15  1.57544e-24 -8.86363e-16  3.94039e-25 -7.80726e-17  3.61214e-26  8.30704e-18 -6.17283e-27  6.12302e-18  1.25727e-27  1.85751e-18  3.84664e-27  4.26358e-19  2.42542e-27  8.24616e-20   9.2638e-28  1.39711e-20   2.4156e-28  2.11065e-21  4.10247e-29  2.86833e-22  2.13093e-30  3.52106e-23 -1.43727e-30  3.90946e-24 -6.63423e-31  3.92339e-25 -1.81634e-31  3.55069e-26 -3.79769e-32  2.88698e-27 -6.45819e-33  2.09793e-28 -9.14519e-34  1.35329e-29  -1.0911e-34  7.68111e-31 -1.09975e-35  3.79286e-32 -9.29257e-37  1.60556e-33 -6.48247e-38  5.71421e-35 -3.65296e-39  1.66349e-36 -1.60778e-40   3.7982e-38 -5.22935e-42  6.33076e-40 -1.13837e-43  6.69613e-42 -1.31926e-45  2.91849e-44
 2.49965e-06  1.34327e-19 -5.12435e-05   -2.212e-18  0.000379949  7.75181e-18  -0.00154564 -8.22154e-18   0.00386695 -1.69072e-17  -0.00607273  7.08911e-17    0.0055853 -1.10382e-16  -0.00205283  8.49824e-17  -0.00100016 -1.22236e-17  0.000949523  -3.7487e-17  0.000263837   3.4225e-17 -0.000291408 -1.17669e-17 -0.000133576  9.76633e-19  5.29659e-05  1.58322e-18  5.69859e-05 -1.41531e-18  8.02978e-06 -2.16295e-18 -1.16727e-05  2.44932e-18 -7.82987e-06  1.01451e-18 -1.27967e-06 -1.00496e-18  1.11043e-06 -6.92133e-19  9.21831e-07  1.84608e-19  3.13906e-07  3.35511e-19  7.89811e-09  3.85141e-20 -5.31988e-08 -8.60841e-20 -3.38828e-08 -4.22693e-20 -1.20583e-08  6.35622e-21 -2.19226e-09  1.30002e-20  3.78857e-10  4.05198e-21  5.08714e-10 -1.02414e-21  2.48726e-10 -1.16881e-21   8.4201e-11 -3.51732e-22  2.10049e-11 -5.73214e-23  3.35926e-12 -1.92391e-23 -5.62914e-14 -4.53406e-24 -2.89727e-13  6.25944e-24 -1.35312e-13  8.57123e-24 -4.38745e-14  5.81151e-24 -1.15523e-14  2.47728e-24 -2.58784e-15  6.88523e-25 -4.99879e-16   1.3229e-25 -8.26774e-17  2.71347e-26 -1.12954e-17  1.28657e-26 -1.12894e-18  7.57776e-27 -3.35037e-20  3.43398e-27  1.89993e-20  1.13854e-27  6.18113e-21  2.73907e-28  1.27375e-21  4.42574e-29  2.10792e-22  2.44529e-30  2.98592e-23 -1.27181e-30  3.71225e-24 -5.75028e-31  4.09508e-25 -1.50718e-31  4.02435e-26 -2.99864e-32  3.52279e-27 -4.82777e-33  2.73807e-28  -6.4383e-34  1.87835e-29 -7.18936e-35   1.1272e-30 -6.72873e-36  5.84334e-32 -5.22829e-37  2.57164e-33 -3.31284e-38    9.377e-35 -1.66668e-39  2.73313e-36 -6.38083e-41  6.01762e-38 -1.72922e-42  9.04869e-40 -2.87431e-44  7.38131e-42 -1.89554e-46
 6.39658e-20  1.34839e-05  8.27583e-19 -0.000163589 -6.98992e-18  0.000953941  1.88851e-17  -0.00329291 -1.69072e-17   0.00718312 -3.04423e-17  -0.00982607  1.13233e-16   0.00750225 -1.55411e-16  -0.00145474  1.00149e-16  -0.00212009 -1.91141e-19  0.000942002 -4.77379e-17  0.000690758   2.9932e-17  -0.00024901 -5.09553e-18  -0.00027132  2.58823e-19 -9.63057e-07  2.40198e-18  8.02405e-05 -3.97054e-18   3.3934e-05 -2.43335e-18 -5.93446e-06  3.72882e-18 -1.18298e-05   1.4819e-18 -4.94089e-06 -1.36909e-18 -3.13961e-08  -1.0136e-18  1.07652e-06  2.02942e-19  6.53594e-07  4.38948e-19  1.87235e-07  7.13084e-20 -5.35143e-09 -1.01844e-19 -3.56138e-08 -5.53862e-20 -2.10188e-08  4.98595e-21 -7.46903e-09  1.55312e-20 -1.57022e-09  5.68773e-21  3.17824e-11 -6.08652e-22  2.04305e-10 -1.27207e-21   1.1173e-10 -5.73187e-22  4.08379e-11 -2.16265e-22  1.14885e-11 -8.23156e-23  2.49529e-12 -1.42975e-23  3.63833e-13  1.19675e-23  1.47669e-15  1.44509e-23 -2.19497e-14  8.92912e-24 -9.65386e-15   3.7361e-24  -2.9096e-15  1.14841e-24 -7.15912e-16  2.97341e-25 -1.51738e-16  8.40255e-26 -2.83218e-17  3.08262e-26 -4.69715e-18  1.25377e-26  -6.9303e-19  4.55948e-27 -9.04389e-20  1.33299e-27 -1.02783e-20  2.97193e-28 -9.82064e-22  4.62432e-29 -7.17698e-23  2.98377e-30 -2.53278e-24 -9.45493e-31  3.13193e-25 -4.41818e-31  8.32592e-26 -1.11981e-31  1.16501e-26 -2.12517e-32  1.24083e-27 -3.23873e-33  1.08661e-28 -4.06165e-34  8.01075e-30 -4.23431e-35  4.99237e-31 -3.66705e-36  2.61243e-32 -2.60771e-37  1.12984e-33 -1.49068e-38  3.93331e-35 -6.62658e-40  1.05635e-36 -2.16923e-41  2.03519e-38 -4.73738e-43  2.43434e-40 -5.49511e-45  1.16829e-42
-1.85114e-06  1.48519e-19  4.60826e-05  3.21351e-18 -0.000411146 -1.78289e-17   0.00200856  3.92317e-17  -0.00607273 -3.04423e-17    0.0117599 -4.87298e-17   -0.0141082  1.62076e-16   0.00873698  -1.9593e-16  7.66454e-05  1.02049e-16  -0.00330258   1.9623e-17  0.000506501 -5.50696e-17   0.00116247  2.01746e-17  -3.1568e-05  1.34837e-18 -0.000388696  3.15093e-18 -0.000110433   2.4373e-18  7.56069e-05 -7.53758e-18  6.50587e-05 -2.83045e-18  1.07243e-05  5.23293e-18 -1.14636e-05   2.1506e-18 -9.03993e-06 -1.71181e-18 -2.53502e-06 -1.37688e-18  4.97762e-07  1.87302e-19  8.35346e-07  5.27478e-19  4.18831e-07   1.0615e-19  1.06829e-07 -1.10813e-19 -5.50015e-09 -6.60714e-20 -2.04774e-08  3.15276e-21 -1.17111e-08  1.77618e-20 -4.24548e-09  7.67678e-21  -1.0259e-09  1.78917e-22  -9.7781e-11  -1.3026e-21  5.46601e-11 -8.83243e-22  3.93728e-11 -4.54968e-22  1.59013e-11 -1.79969e-22  4.89918e-12 -3.31617e-23  1.22831e-12   1.6971e-23  2.50761e-13  2.10854e-23  3.89394e-14  1.26396e-23   3.1596e-15  5.33811e-24 -5.96584e-16  1.78035e-24 -3.68977e-16   5.3197e-25 -1.12926e-16  1.62797e-25 -2.66962e-17  5.39169e-26  -5.3496e-18  1.82453e-26 -9.41115e-19  5.67985e-27 -1.47746e-19  1.49117e-27 -2.08681e-20   3.1047e-28 -2.66184e-21  4.70972e-29 -3.06944e-22  3.64727e-30 -3.19669e-23 -5.45631e-31 -2.99901e-24 -2.97686e-31 -2.52405e-25 -7.43356e-32 -1.89487e-26 -1.35303e-32 -1.25945e-27 -1.95418e-33 -7.34052e-29 -2.30257e-34 -3.70592e-30 -2.23574e-35 -1.59535e-31 -1.78489e-36 -5.73737e-33 -1.15526e-37 -1.67684e-34 -5.90876e-39  -3.8303e-36  -2.2905e-40   -6.449e-38 -6.26267e-42 -7.25024e-40  -1.0467e-43 -4.37326e-42 -6.92502e-46
-2.95514e-19 -7.22908e-06 -2.49236e-22  0.000113905  9.21385e-18 -0.000838269 -3.80025e-17   0.00360684  7.08911e-17  -0.00982607 -4.87298e-17    0.0171748 -7.02643e-17   -0.0181541  2.10387e-16   0.00872251 -2.23613e-16   0.00244607  8.87847e-17  -0.00416005  4.39908e-17 -0.000405941 -5.73456e-17   0.00150093   5.2873e-18  0.000366858  6.47302e-18 -0.000412907  9.86564e-18 -0.000255598  2.13958e-18  2.48191e-05 -1.20127e-17  8.65153e-05 -3.52766e-18  3.65692e-05  6.78777e-18 -3.23793e-06  2.99916e-18 -1.10467e-05 -1.94761e-18 -5.77485e-06 -1.72285e-18 -1.04595e-06  1.31088e-19  5.64199e-07  5.79102e-19  5.59362e-07  1.33479e-19  2.48261e-07 -1.13364e-19  6.01606e-08 -7.28695e-20  -1.9342e-09  1.89354e-21 -1.00166e-08  2.02435e-20 -5.78379e-09  1.02682e-20 -2.16838e-09  1.39535e-21 -5.87544e-10 -1.27543e-21 -1.01897e-10 -1.29221e-21  8.92998e-13 -7.75273e-22  9.33402e-12 -3.14511e-22  4.63856e-12 -6.39851e-23  1.58029e-12  1.92692e-23  4.34198e-13  2.74922e-23  1.00805e-13  1.65857e-23   1.9992e-14  7.17048e-24  3.33863e-15  2.54065e-24  4.42482e-16  8.15623e-25  3.64396e-17  2.54637e-25 -2.04081e-18  7.90658e-26 -1.70266e-18  2.38658e-26 -4.60715e-19  6.62855e-27 -9.21885e-20  1.59106e-27 -1.53965e-20  3.12122e-28  -2.2365e-21  4.65631e-29 -2.87645e-22  4.22374e-30 -3.30201e-23  -1.7003e-31 -3.39298e-24 -1.71155e-31 -3.11948e-25 -4.37235e-32 -2.55849e-26  -7.7163e-33 -1.86195e-27 -1.05986e-33 -1.19295e-28 -1.17346e-34 -6.65602e-30 -1.05902e-35 -3.18626e-31 -7.76261e-37 -1.28198e-32 -4.54393e-38 -4.20947e-34 -2.05842e-39 -1.07888e-35 -6.83956e-41 -2.00461e-37 -1.51048e-42 -2.33524e-39 -1.76544e-44 -1.10175e-41
 3.31279e-07 -1.06317e-18 -1.57087e-05 -1.02987e-18  0.000209924    2.095e-17  -0.00140344 -6.93582e-17    0.0055853  1.13233e-16   -0.0141082 -7.02643e-17     0.022629 -9.23076e-17   -0.0211287  2.50287e-16   0.00719236 -2.33585e-16    0.0052548  6.34874e-17  -0.00433222  6.86758e-17  -0.00167258 -5.42672e-17   0.00152533 -1.35054e-17  0.000874213  9.77094e-18 -0.000284511  1.97142e-17 -0.000389425  2.06394e-18    -7.51e-05 -1.69697e-17  8.06692e-05 -4.65281e-18  6.33595e-05  8.13044e-18  1.35733e-05  3.93956e-18   -8.158e-06 -1.99079e-18 -8.18659e-06 -1.97423e-18 -3.24777e-06  4.23775e-20 -3.24619e-07  5.76662e-19  4.31795e-07  1.41082e-19  3.33807e-07 -1.13944e-19  1.37776e-07 -7.59634e-20  3.37609e-08  2.34214e-21  8.22635e-10  2.38883e-20 -4.01045e-09  1.38448e-20 -2.46821e-09  3.10434e-21 -9.67965e-10 -1.19685e-21 -2.86508e-10 -1.79042e-21  -6.4065e-11  -1.1656e-21 -9.00339e-12 -4.82797e-22  4.20332e-13 -1.08088e-22  8.25654e-13  1.70488e-23  3.52082e-13  3.25712e-23  1.07627e-13  2.02708e-23  2.71096e-14  9.02052e-24  5.88932e-15  3.33371e-24  1.12387e-15  1.10782e-24  1.89472e-16  3.44971e-25  2.81194e-17  1.01983e-25  3.61908e-18  2.84017e-26  3.89029e-19  7.23239e-27  3.13365e-20  1.61197e-27  1.00621e-21  3.00372e-28 -2.43582e-22  4.42204e-29 -6.59905e-23  4.49879e-30 -1.04638e-23  1.09174e-31 -1.29563e-24 -7.80254e-32  -1.3416e-25 -2.23423e-32 -1.18925e-26 -3.90883e-33 -9.08578e-28 -5.14493e-34 -5.97029e-29 -5.36292e-35 -3.34565e-30 -4.49217e-36  -1.5753e-31 -3.01077e-37 -6.09143e-33 -1.58212e-38 -1.86819e-34 -6.26791e-40 -4.29766e-36 -1.74421e-41 -6.70923e-38  -2.9549e-43 -5.64763e-40 -1.97406e-45
 6.79783e-19   -5.251e-07 -2.55297e-18 -1.53185e-05 -3.74387e-18  0.000275633  3.93109e-17  -0.00191773 -1.10382e-16   0.00750225  1.62076e-16   -0.0181541 -9.23076e-17    0.0271995 -1.11515e-16   -0.0224412  2.75287e-16   0.00429908  -2.2623e-16   0.00793829  3.31833e-17  -0.00363118  9.04315e-17  -0.00303011 -4.75465e-17   0.00112829 -3.44996e-17   0.00135725  1.12611e-17   1.1957e-05  3.13657e-17 -0.000452895  2.67221e-18 -0.000205353 -2.17344e-17  3.56348e-05 -6.21868e-18  7.83836e-05   8.9643e-18  3.52642e-05  4.82838e-18  1.06342e-06 -1.78198e-18 -7.82803e-06 -2.05244e-18 -5.18848e-06 -5.38305e-20 -1.67324e-06  5.14115e-19 -5.91898e-08   1.1685e-19  2.66489e-07 -1.20579e-19  1.79747e-07 -7.75173e-20  7.16046e-08  5.22697e-21  1.85164e-08  2.96337e-20  1.78431e-09  1.87946e-20 -1.17706e-09  5.36842e-21 -8.69994e-10 -1.04564e-21 -3.64327e-10 -2.33863e-21 -1.15757e-10 -1.59766e-21 -2.95697e-11 -6.74307e-22 -5.99121e-12 -1.63943e-22 -8.49817e-13  9.40075e-24 -2.25976e-14  3.54043e-23  3.61978e-14  2.31599e-23  1.58969e-14  1.06138e-23  4.60901e-15  4.03154e-24   1.0842e-15  1.35785e-24  2.19772e-16   4.1735e-25  3.93741e-17  1.18376e-25  6.31185e-18  3.09843e-26  9.10708e-19  7.36505e-27  1.18528e-19  1.54265e-27  1.39084e-20   2.7471e-28  1.46749e-21  3.98698e-29  1.38535e-22  4.36068e-30  1.16124e-23  2.64098e-31  8.54521e-25 -2.07776e-32  5.42569e-26  -9.4561e-33   2.8889e-27 -1.72629e-33    1.221e-28 -2.21345e-34  3.54437e-30 -2.18412e-35  2.47077e-32  -1.6981e-36 -4.36121e-33 -1.03647e-37 -3.02246e-34 -4.84738e-39  -1.1353e-35 -1.65247e-40  -2.6837e-37 -3.72643e-42 -3.67331e-39 -4.42673e-44 -1.92896e-41
 4.18559e-07  2.38558e-18 -7.49486e-06 -4.84031e-18  2.56404e-05 -8.31678e-18  0.000187296  6.23807e-17  -0.00205283 -1.55411e-16   0.00873698  2.10387e-16   -0.0211287 -1.11515e-16    0.0301747 -1.24646e-16   -0.0219511  2.81672e-16  0.000542146 -2.06783e-16   0.00997087  6.14473e-18  -0.00210554   1.0815e-16  -0.00416715 -3.99719e-17  0.000320367 -5.59412e-17   0.00166689  1.12234e-17  0.000435061  4.31881e-17 -0.000397956   4.2221e-18 -0.000328652  -2.5551e-17 -4.73947e-05 -8.10974e-18  6.94778e-05  9.03462e-18  5.40985e-05   5.4991e-18  1.53339e-05 -1.30701e-18 -3.38827e-06 -1.89575e-18 -5.64594e-06 -1.19137e-19 -2.95597e-06  3.99459e-19 -8.21507e-07  5.21178e-20   2.2258e-09 -1.42769e-19  1.38596e-07 -8.12322e-20  8.72085e-08  1.04573e-20  3.44443e-08  3.80087e-20  9.55366e-09  2.53145e-20  1.55231e-09  8.21029e-21 -1.42455e-10  -7.7211e-22 -2.30125e-10 -2.86789e-21 -1.09493e-10 -2.02685e-21 -3.73979e-11 -8.70528e-22 -1.03668e-11 -2.26381e-22 -2.41369e-12  -3.1505e-24 -4.71447e-13   3.5523e-23 -7.41176e-14  2.48092e-23  -7.9368e-15  1.16831e-23  3.03889e-17  4.50885e-24  2.99556e-16  1.51954e-24  1.00232e-16  4.58394e-25  2.33755e-17  1.25262e-25  4.48224e-18  3.11474e-26  7.44046e-19   6.9923e-27  1.09303e-19   1.3881e-27  1.43595e-20  2.37124e-28  1.69509e-21  3.38009e-29  1.80043e-22  3.84079e-30  1.71889e-23  3.07858e-31   1.4706e-24  7.22891e-33  1.12197e-25 -2.84983e-33  7.57998e-27 -6.36637e-34  4.49183e-28 -8.26728e-35  2.30509e-29 -7.82676e-36  1.00669e-30 -5.66639e-37  3.65141e-32 -3.13963e-38  1.06138e-33  -1.2938e-39  2.33728e-35 -3.71469e-41  3.52722e-37 -6.45441e-43  2.89847e-39 -4.39772e-45
-1.03727e-18  2.16887e-06  5.67082e-18 -2.92269e-05 -7.97743e-18  0.000152188 -1.33827e-17 -0.000207709  8.49824e-17  -0.00145474  -1.9593e-16   0.00872251  2.50287e-16   -0.0224412 -1.24646e-16    0.0312929 -1.29024e-16   -0.0199654  2.68656e-16  -0.00343893 -1.83141e-16    0.0110286 -1.09459e-17 -2.58985e-06  1.22663e-16  -0.00482712 -3.40141e-17 -0.000775054 -7.62403e-17   0.00168876   9.9221e-18  0.000896866  5.35804e-17  -0.00020717  6.74674e-18 -0.000401102  -2.7777e-17 -0.000151864 -1.01263e-17   3.0733e-05  8.19134e-18  6.09124e-05  5.80234e-18  3.04381e-05 -6.00792e-19  4.87108e-06 -1.47278e-18 -3.69281e-06 -1.10281e-19 -3.45805e-06  2.53156e-19  -1.5595e-06 -5.54237e-20 -3.98824e-07 -1.88363e-19  3.13688e-10 -9.11872e-20   6.0705e-08  1.70042e-20  3.75935e-08  4.87888e-20  1.50024e-08  3.32268e-20  4.44891e-09  1.15564e-20  9.47042e-10 -3.19027e-22  9.43593e-11 -3.29208e-21 -3.18916e-11   -2.398e-21  -2.3407e-11 -1.04681e-21 -9.06528e-12 -2.86966e-22 -2.70712e-12 -1.85868e-23 -6.78443e-13  3.30415e-23  -1.4709e-13  2.49804e-23 -2.78619e-14  1.20433e-23 -4.59497e-15  4.68006e-24 -6.46728e-16  1.56507e-24 -7.34013e-17  4.61756e-25 -5.47223e-18  1.21835e-25   1.1912e-19  2.89629e-26   1.4152e-19  6.18605e-27  3.32244e-20  1.17037e-27  5.57326e-21   1.9214e-28  7.67386e-22  2.67684e-29  9.05891e-23   3.0801e-30  9.32441e-24  2.77041e-31  8.41634e-25  1.61415e-32  6.65813e-26 -1.08152e-34  4.59334e-27 -1.72557e-34  2.73826e-28 -2.55804e-35   1.3912e-29 -2.40573e-36  5.90485e-31 -1.64007e-37  2.03383e-32 -8.24442e-39  5.43851e-34 -2.95983e-40  1.04883e-35  -6.9474e-42  1.26175e-37 -8.51976e-44  6.11702e-40
-1.32956e-07 -3.33817e-18  5.80845e-06  1.06448e-17 -7.04448e-05 -1.23032e-17   0.00039048 -1.58848e-17  -0.00100016  1.00149e-16  7.66454e-05 -2.23613e-16   0.00719236  2.75287e-16   -0.0219511 -1.29024e-16    0.0307676 -1.22719e-16   -0.0170579  2.37769e-16  -0.00708482 -1.63064e-16    0.0110442 -1.48866e-17   0.00233487  1.35574e-16  -0.00487454 -3.08014e-17  -0.00196648 -9.39892e-17   0.00137681  7.48074e-18   0.00128997  6.12647e-17  9.83047e-05  1.01009e-17 -0.000387295 -2.80402e-17  -0.00024984 -1.20594e-17  -3.3827e-05  6.41553e-18  4.88519e-05  5.63843e-18  4.04594e-05  2.62921e-19  1.47942e-05 -7.88413e-19  7.14056e-07  9.65112e-21 -2.62013e-06  1.02798e-19 -1.88248e-06 -2.00136e-19 -7.74442e-07 -2.60515e-19  -1.9504e-07 -1.10359e-19 -8.20425e-09  2.31567e-20  2.15371e-08  6.08984e-20   1.4001e-08  4.18963e-20  5.73932e-09  1.51929e-20  1.80031e-09  3.44687e-22  4.45004e-10 -3.53017e-21  8.13077e-11 -2.65641e-21  7.08428e-12 -1.17699e-21 -2.11091e-12 -3.35727e-22 -1.38458e-12 -3.39015e-23 -4.82936e-13   2.8599e-23 -1.30967e-13  2.36987e-23 -3.00918e-14  1.16434e-23 -6.05522e-15  4.52341e-24 -1.08347e-15  1.49229e-24 -1.73589e-16   4.2953e-25 -2.49508e-17  1.09539e-25  -3.2111e-18  2.49858e-26 -3.67789e-19  5.10005e-27 -3.70499e-20  9.22595e-28 -3.21052e-21   1.4561e-28 -2.28401e-22  1.97259e-29 -1.17119e-23  2.25573e-30  -1.7446e-25   2.1186e-31  4.79829e-26   1.5262e-32  7.28824e-27  6.61708e-34   6.6643e-28 -1.33864e-35  4.59184e-29 -5.69512e-36  2.49883e-30  -5.9806e-37  1.07629e-31 -3.97629e-38  3.58742e-33  -1.8275e-39  8.81113e-35 -5.65008e-41  1.44876e-36 -1.03715e-42  1.27048e-38 -7.37155e-45
 1.15091e-18  3.20632e-08 -7.23533e-18  8.02063e-06  1.69001e-17 -0.000116241 -1.85046e-17  0.000700509 -1.22236e-17  -0.00212009  1.02049e-16   0.00244607 -2.33585e-16   0.00429908  2.81672e-16   -0.0199654 -1.22719e-16    0.0291218  -1.0467e-16   -0.0138322  1.92168e-16   -0.0100495 -1.51884e-16    0.0101582 -6.40267e-18   0.00457741  1.47958e-16  -0.00430745 -2.99248e-17  -0.00305235 -1.07961e-16  0.000760198  3.93905e-18   0.00151833  6.55129e-17  0.000464252  1.40455e-17 -0.000272353 -2.63092e-17 -0.000310518 -1.37601e-17 -0.000110273  3.80675e-18  1.65877e-05  4.97304e-18  4.00042e-05  1.18987e-18  2.28904e-05  1.17145e-19  6.48514e-06  2.60346e-19 -3.76779e-07 -2.40771e-20 -1.49699e-06 -3.68705e-19 -9.27112e-07 -3.55844e-19 -3.62895e-07 -1.39372e-19 -9.47206e-08  2.70597e-20 -1.00969e-08  7.26163e-20   5.4575e-09  5.03032e-20  4.28267e-09  1.87641e-20   1.8519e-09  1.19528e-21  6.10176e-10 -3.52992e-21  1.64339e-10 -2.76092e-21  3.65515e-11 -1.23975e-21   6.4612e-12 -3.63818e-22  7.60833e-13  -4.6004e-23 -1.18127e-14  2.31402e-23 -3.96177e-14   2.1234e-23 -1.45081e-14   1.0576e-23  -3.7537e-15  4.08322e-24 -8.01468e-16  1.32309e-24 -1.48461e-16  3.70776e-25 -2.43866e-17  9.14128e-26 -3.59089e-18  2.00453e-26 -4.76528e-19  3.91993e-27 -5.71132e-20  6.79102e-28 -6.18208e-21  1.02973e-28 -6.03299e-22  1.34989e-29 -5.29092e-23  1.51314e-30  -4.1503e-24  1.42819e-31 -2.89339e-25  1.09898e-32 -1.77775e-26  6.39832e-34 -9.52136e-28  2.22951e-35 -4.38075e-29 -2.61665e-37 -1.69727e-30 -9.90785e-38 -5.38209e-32 -7.41855e-39 -1.33777e-33 -3.24067e-40 -2.42465e-35 -8.57753e-42 -2.77564e-37 -1.14308e-43 -1.29805e-39
-1.18853e-07  3.33085e-18  2.05774e-06 -1.22059e-17 -2.27748e-06  2.36105e-17 -0.000119611 -2.70816e-17  0.000949523 -1.91141e-19  -0.00330258  8.87847e-17    0.0052548  -2.2623e-16  0.000542146  2.68656e-16   -0.0170579  -1.0467e-16    0.0269489  -7.4975e-17   -0.0107465  1.36249e-16   -0.0122179 -1.51378e-16   0.00861999   1.0706e-17   0.00648043   1.5964e-16  -0.00322738 -2.99995e-17  -0.00386828 -1.17237e-16 -7.25743e-05 -5.98203e-19   0.00152045  6.62709e-17  0.000818483  1.83419e-17 -6.69272e-05 -2.28637e-17 -0.000309788 -1.51744e-17 -0.000178475  5.46698e-19 -3.03828e-05  3.83627e-18  2.64821e-05  2.08395e-18   2.5599e-05   1.1737e-18  1.16684e-05  6.36526e-19  2.70108e-06 -1.06788e-19 -3.83747e-07 -5.42351e-19 -7.25614e-07 -4.64519e-19 -4.13379e-07 -1.75967e-19 -1.58571e-07   2.7317e-20 -4.38669e-08  8.20105e-20 -7.40566e-09  5.72576e-20  4.39461e-10  2.18281e-20  9.61577e-10  2.14618e-21  4.73295e-10 -3.28378e-21  1.65553e-10 -2.69475e-21  4.71845e-11 -1.22441e-21   1.1433e-11 -3.66092e-22  2.38372e-12 -5.26606e-23  4.24274e-13  1.76247e-23  6.21047e-14  1.80147e-23  6.58448e-15  9.04224e-24  1.82199e-16  3.45158e-24 -1.36112e-16  1.09462e-24  -4.6212e-17  2.98105e-25 -1.00829e-17    7.103e-26 -1.76969e-18  1.49853e-26 -2.65756e-19  2.81054e-27 -3.49915e-20  4.66504e-28 -4.08286e-21    6.787e-29 -4.23832e-22  8.57134e-30 -3.91359e-23  9.32114e-31 -3.20409e-24  8.64013e-32 -2.31195e-25  6.69613e-33 -1.45714e-26  4.18549e-34  -7.9217e-28   1.9721e-35 -3.65066e-29  5.91514e-37 -1.39161e-30  2.64318e-39 -4.23308e-32 -7.53346e-40 -9.71065e-34 -3.97588e-41  -1.5192e-35 -9.34632e-43 -1.28747e-37 -7.70668e-45
-9.70766e-19 -5.88688e-07  6.43584e-18  8.60819e-06  -1.6981e-17 -4.20564e-05  2.96615e-17 -1.07813e-05  -3.7487e-17  0.000942002   1.9623e-17  -0.00416005  6.34874e-17   0.00793829 -2.06783e-16  -0.00343893  2.37769e-16   -0.0138322  -7.4975e-17    0.0247267 -3.52887e-17  -0.00805097  7.54034e-17   -0.0136446 -1.59868e-16   0.00669385  3.11821e-17   0.00790665   1.6928e-16  -0.00179184 -2.95555e-17  -0.00431175 -1.21447e-16  -0.00100083 -5.84818e-18   0.00127973  6.41369e-17     0.001089  2.28247e-17  0.000195529 -1.81899e-17 -0.000237544 -1.63338e-17 -0.000217999 -3.13918e-18 -8.08743e-05  2.31152e-18   1.4779e-06  2.86089e-18  2.07386e-05  2.28856e-18  1.41611e-05  1.10543e-18  5.55996e-06 -1.36196e-19  1.14246e-06 -7.00557e-19 -1.86175e-07 -5.72336e-19 -3.00035e-07 -2.15427e-19 -1.64683e-07  2.34102e-20 -6.30923e-08  8.74396e-20 -1.84754e-08  6.16854e-20 -3.99072e-09  2.39539e-20 -4.56486e-10   3.0656e-21  9.67416e-11 -2.83105e-21  8.31111e-11 -2.47007e-21  3.32227e-11 -1.13406e-21  1.00972e-11 -3.42585e-22   2.5733e-12 -5.30959e-23  5.70052e-13  1.27819e-23  1.11475e-13  1.45115e-23  1.93478e-14  7.29109e-24  2.97517e-15  2.73872e-24  4.01425e-16  8.47432e-25  4.64374e-17  2.23883e-25  4.35461e-18  5.15166e-26    2.746e-19  1.04562e-26 -2.11489e-21  1.88115e-27 -4.00984e-21  2.99038e-28 -7.68758e-22  4.16705e-29 -1.01912e-22  5.04903e-30 -1.08491e-23  5.28402e-31 -9.67921e-25  4.73754e-32 -7.33222e-26  3.58662e-33 -4.71542e-27  2.23793e-34 -2.55193e-28  1.10968e-35 -1.14268e-29  4.13246e-37 -4.12002e-31  1.03803e-38 -1.14583e-32  1.25415e-40 -2.28548e-34 -1.16818e-42 -2.82954e-36 -5.22303e-44 -1.40525e-38
 1.59604e-08 -2.51134e-18 -1.36957e-06  9.51741e-18  2.04141e-05 -2.00282e-17 -0.000121176  3.36983e-17  0.000263837 -4.77379e-17  0.000506501  4.39908e-17  -0.00433222  3.31833e-17   0.00997087 -1.83141e-16  -0.00708482  1.92168e-16   -0.0107465 -3.52887e-17    0.0227391  1.09798e-17  -0.00581704  1.55681e-17   -0.0144674 -1.73264e-16   0.00460028  5.00423e-17   0.00881248  1.75057e-16 -0.000170713 -2.77885e-17  -0.00434518 -1.20972e-16   -0.0018991 -1.13484e-17  0.000822455   6.0183e-17   0.00121952  2.74258e-17  0.000467172 -1.28475e-17 -0.000100712 -1.73131e-17 -0.000214133 -7.00777e-18 -0.000121156  5.20662e-19 -2.93504e-05  3.45526e-18  8.52771e-06  3.35536e-18  1.25667e-05  1.61029e-18  7.06558e-06 -1.16466e-19  2.53435e-06 -8.25466e-19  5.15142e-07 -6.64206e-19 -4.99876e-08 -2.51839e-19 -1.03107e-07  1.57747e-20 -5.70683e-08  8.79393e-20 -2.21275e-08  6.28854e-20 -6.77901e-09   2.4827e-20 -1.67255e-09  3.81206e-21 -3.16191e-10 -2.24649e-21 -3.46696e-11 -2.12475e-21  4.22234e-12 -9.84672e-22  3.88913e-12 -2.98331e-22  1.42783e-12 -4.80522e-23  3.93877e-13  8.98767e-24  9.11622e-14  1.11325e-23  1.84243e-14  5.55562e-24  3.31213e-15  2.04424e-24  5.34583e-16  6.15382e-25  7.78211e-17  1.57426e-25  1.02343e-17  3.49453e-26  1.21529e-18  6.81954e-27  1.30016e-19  1.17626e-27  1.24833e-20  1.78903e-28  1.06963e-21  2.38293e-29  8.11681e-23  2.75951e-30  5.39927e-24  2.76096e-31   3.1051e-25  2.36824e-32  1.51449e-26  1.71885e-33  6.09106e-28  1.03387e-34  1.93051e-29  5.00532e-36  4.41993e-31  1.87478e-37  5.70481e-33  5.12587e-39 -1.91578e-35  9.24565e-41 -2.21262e-36  8.82442e-43 -3.12516e-38  2.09948e-45
 6.34668e-19 -1.18792e-07 -4.31816e-18  -1.0126e-06  1.12716e-17  3.06227e-05 -2.02069e-17 -0.000222574   3.4225e-17  0.000690758 -5.50696e-17 -0.000405941  6.86758e-17  -0.00363118  6.14473e-18    0.0110286 -1.63064e-16   -0.0100495  1.36249e-16  -0.00805097  1.09798e-17    0.0210939  5.89673e-17  -0.00400696  -3.7578e-17   -0.0148401 -1.86528e-16   0.00249583  6.38896e-17   0.00921872  1.75492e-16   0.00148289  -2.4888e-17  -0.00398514 -1.16953e-16  -0.00265785  -1.6558e-17  0.000207696  5.56665e-17   0.00117923  3.21387e-17  0.000696711 -7.35909e-18  7.83196e-05 -1.81788e-17 -0.000162179 -1.08112e-17 -0.000138986 -1.39196e-18 -5.78247e-05   3.8212e-18 -8.25346e-06  4.26429e-18  6.82871e-06    2.079e-18  6.47864e-06 -6.39913e-20  3.23608e-06 -9.05949e-19  1.11104e-06 -7.28008e-19  2.43185e-07 -2.79802e-19  3.84965e-09  5.51932e-21 -2.72831e-08  8.33777e-20 -1.64392e-08  6.06729e-20 -6.56598e-09  2.43236e-20 -2.08335e-09  4.27236e-21 -5.51618e-10  -1.6203e-21 -1.22927e-10 -1.71248e-21 -2.24986e-11 -8.00708e-22 -3.06206e-12 -2.41692e-22 -1.67415e-13 -3.93518e-23  6.67398e-14  6.28004e-24   3.0855e-14  8.15909e-24  8.41438e-15  4.00839e-24  1.81941e-15  1.43825e-24  3.35876e-16  4.20015e-25  5.45105e-17  1.03843e-25  7.88463e-18  2.22069e-26  1.02312e-18  4.16239e-27  1.19405e-19  6.87608e-28   1.2532e-20  9.99203e-29  1.18028e-21  1.26926e-29  9.93468e-23  1.39965e-30  7.42884e-24  1.33121e-31  4.89434e-25  1.08307e-32  2.80955e-26  7.43723e-34  1.38428e-27  4.22181e-35  5.73433e-29  1.92447e-36  1.93923e-30  6.77061e-38    5.121e-32  1.73276e-39  9.80913e-34  2.90387e-41  1.17871e-35  2.50184e-43  5.73959e-38
  3.4353e-08  1.46443e-18 -8.43742e-07 -5.63147e-18  4.11794e-06  1.07601e-17  2.14931e-05 -1.72351e-17 -0.000291408   2.9932e-17   0.00116247 -5.73456e-17  -0.00167258  9.04315e-17  -0.00210554 -1.09459e-17    0.0110442 -1.51884e-16   -0.0122179  7.54034e-17  -0.00581704  5.89673e-17    0.0197857  1.03201e-16  -0.00253911 -7.95908e-17   -0.0148945 -1.95067e-16  0.000477871  7.15151e-17   0.00918143   1.7002e-16   0.00304641 -2.19048e-17  -0.00328599 -1.11055e-16  -0.00319538 -2.09929e-17 -0.000486316  5.17156e-17  0.000966039  3.69415e-17  0.000839882 -2.14857e-18  0.000266885 -1.89505e-17 -6.89457e-05 -1.43064e-17 -0.000127243  -3.2782e-18 -7.57049e-05  3.92867e-18 -2.50425e-05  4.91286e-18 -1.63866e-06  2.43571e-18  3.79029e-06  -4.2905e-21   2.9258e-06 -9.40346e-19  1.36078e-06  -7.5771e-19   4.6155e-07 -2.96018e-19  1.11835e-07 -6.07223e-21  1.31802e-08  7.43594e-20 -4.21692e-09  5.53751e-20 -3.60171e-09  2.25294e-20 -1.55427e-09  4.38768e-21 -5.12662e-10 -1.03704e-21 -1.41309e-10 -1.29001e-21 -3.36085e-11 -6.08808e-22 -6.97338e-12 -1.81921e-22 -1.25937e-12 -2.92047e-23 -1.94439e-13  4.47025e-24 -2.43801e-14  5.73068e-24 -2.07826e-15   2.7439e-24  1.33805e-17  9.55554e-25  5.28156e-17  2.69921e-25  1.40063e-17   6.4363e-26  2.58714e-18  1.32388e-26  3.89875e-19  2.38009e-27  5.02913e-20  3.76035e-28  5.65819e-21  5.21166e-29  5.59101e-22  6.29792e-30  4.85497e-23  6.58934e-31  3.69079e-24  5.92685e-32   2.4377e-25  4.54037e-33  1.38256e-26  2.91903e-34  6.62069e-28  1.53982e-35  2.61309e-29  6.45421e-37  8.20238e-31   2.0531e-38  1.93546e-32  4.60459e-40  3.10496e-34  6.29545e-42  2.69011e-36  3.37933e-44
-3.19451e-19  1.19459e-07  2.26904e-18 -2.57741e-06 -5.77344e-18   1.8094e-05  8.01468e-18 -2.96112e-05 -1.17669e-17  -0.00024901  2.01746e-17   0.00150093 -5.42672e-17  -0.00303011   1.0815e-16 -2.58985e-06 -1.48866e-17    0.0101582 -1.51378e-16   -0.0136446  1.55681e-17  -0.00400696  1.03201e-16    0.0187586  1.38707e-16  -0.00132942 -1.08023e-16   -0.0147294 -1.95658e-16  -0.00140036  7.37716e-17   0.00877039  1.59132e-16   0.00443056 -2.03004e-17  -0.00232393 -1.05044e-16  -0.00346208 -2.43197e-17  -0.00117555  4.90859e-17  0.000604416  4.17164e-17  0.000867402  2.47467e-18   0.00042918 -1.95897e-17  4.87207e-05 -1.72712e-17  -8.6088e-05 -5.00863e-18 -7.72248e-05  3.75709e-18 -3.69383e-05   5.2161e-18 -1.03854e-05  2.61232e-18 -2.35178e-07  3.20942e-20  1.66218e-06 -9.37246e-19  1.15871e-06 -7.54906e-19   5.1787e-07 -3.00255e-19  1.76299e-07 -1.80427e-20  4.65957e-08  6.19568e-20  8.70532e-09  4.76989e-20  5.04805e-10   1.9702e-20 -4.49042e-10  4.16078e-21 -2.60334e-10 -5.59457e-22  -9.3809e-11 -9.05345e-22 -2.69706e-11 -4.31858e-22 -6.62263e-12 -1.26903e-22 -1.42821e-12 -1.95541e-23 -2.74086e-13  3.28246e-24 -4.70799e-14  3.86777e-24 -7.24636e-15  1.78546e-24 -9.96481e-16  6.00522e-25 -1.21498e-16  1.63586e-25 -1.29399e-17  3.75376e-26 -1.16857e-18  7.41292e-27  -8.3438e-20  1.27614e-27 -3.65745e-21  1.92496e-28  1.06423e-22   2.5393e-29  4.51151e-23  2.91134e-30  5.97072e-24  2.87956e-31  5.58153e-25  2.43726e-32   4.1126e-26  1.74623e-33    2.453e-27  1.04137e-34  1.18249e-28  5.03796e-36  4.51868e-30  1.90436e-37  1.31694e-31  5.31357e-39  2.72892e-33  9.90769e-41  3.48543e-35   9.8148e-43  1.77518e-37
