   0.0696563 -1.59344e-17   -0.0829739  5.87763e-17   -0.0475634  2.19558e-17   -0.0260889  1.30246e-17    -0.012324  5.55132e-18  -0.00447979  1.75913e-18  -0.00120978  4.09162e-19  -0.00023608  6.71777e-20 -3.14627e-05  7.15096e-21 -2.51166e-06  3.96959e-22 -7.84335e-08
-1.59344e-17     0.177569 -5.49637e-17   -0.0202438  8.00814e-17   -0.0908771  6.44047e-17   -0.0612182  3.19264e-17   -0.0249266  1.08255e-17  -0.00713638  2.64043e-18  -0.00147939  4.62956e-19 -0.000216826  5.55165e-20 -2.07092e-05  3.99569e-21 -1.03651e-06  1.12571e-22
  -0.0829739 -5.49637e-17     0.188346 -9.55466e-17    0.0267241  9.75477e-18   -0.0120666  8.16423e-18  -0.00735003  2.41681e-18  -0.00189016  1.90031e-19 -0.000233031 -9.34847e-20  6.35118e-06 -3.61496e-20  7.10584e-06 -5.86336e-21  1.02076e-06 -4.28928e-22  4.49573e-08
 5.87763e-17   -0.0202438 -9.55466e-17    0.0744669 -1.34975e-16    0.0946575 -1.00798e-16    0.0603846 -5.12814e-17    0.0258839 -1.87441e-17    0.0080372 -5.03147e-18   0.00182798 -9.79174e-19  0.000295584 -1.30951e-19  3.12579e-05 -1.05547e-20  1.73756e-06 -3.34597e-22
  -0.0475634  8.00814e-17    0.0267241 -1.34975e-16      0.13397 -1.84916e-16     0.115471 -1.18103e-16    0.0592064 -5.01219e-17    0.0212946 -1.53289e-17   0.00560087 -3.42981e-18   0.00106834 -5.45737e-19  0.000140253 -5.68282e-20  1.11166e-05 -3.11311e-21  3.47125e-07
 2.19558e-17   -0.0908771  9.75477e-18    0.0946575 -1.84916e-16     0.145002 -1.59042e-16    0.0937431 -8.15893e-17     0.039693 -2.91627e-17    0.0120993 -7.60358e-18   0.00269814 -1.43747e-18  0.000427935 -1.87131e-19  4.44272e-05 -1.47172e-20  2.42702e-06 -4.56291e-22
  -0.0260889  6.44047e-17   -0.0120666 -1.00798e-16     0.115471 -1.59042e-16     0.106291 -1.01641e-16     0.054746  -4.3046e-17    0.0195562 -1.31104e-17   0.00509605 -2.91961e-18  0.000962932 -4.62425e-19    0.0001253 -4.79475e-20  9.85076e-06 -2.61635e-21  3.05321e-07
 1.30246e-17   -0.0612182  8.16423e-18    0.0603846 -1.18103e-16    0.0937431 -1.01641e-16    0.0606675 -5.21467e-17    0.0256745 -1.86338e-17   0.00781922 -4.85653e-18   0.00174205 -9.17802e-19  0.000276046 -1.19444e-19  2.86349e-05 -9.39164e-21  1.56315e-06 -2.91129e-22
   -0.012324  3.19264e-17  -0.00735003 -5.12814e-17    0.0592064 -8.15893e-17     0.054746 -5.21467e-17    0.0282213 -2.20964e-17    0.0100842 -6.73404e-18   0.00262848 -1.50067e-18   0.00049683 -2.37865e-19  6.46759e-05 -2.46837e-20  5.08724e-06 -1.34809e-21   1.5777e-07
 5.55132e-18   -0.0249266  2.41681e-18    0.0258839 -5.01219e-17     0.039693  -4.3046e-17    0.0256745 -2.20964e-17    0.0108774 -7.90643e-18   0.00331792 -2.06404e-18  0.000740482  -3.9075e-19  0.000117548 -5.09436e-20  1.22156e-05 -4.01281e-21  6.68053e-07 -1.24616e-22
 -0.00447979  1.08255e-17  -0.00189016 -1.87441e-17    0.0212946 -2.91627e-17    0.0195562 -1.86338e-17    0.0100842 -7.90643e-18   0.00360963 -2.41429e-18   0.00094288 -5.39202e-19  0.000178627 -8.56601e-20  2.33068e-05 -8.90929e-21  1.83746e-06 -4.87678e-22  5.71149e-08
 1.75913e-18  -0.00713638  1.90031e-19    0.0080372 -1.53289e-17    0.0120993 -1.31104e-17   0.00781922 -6.73404e-18   0.00331792 -2.41429e-18   0.00101434 -6.31797e-19  0.000226937 -1.19914e-19  3.61166e-05 -1.56739e-20   3.7628e-06 -1.23779e-21  2.06301e-07 -3.85366e-23
 -0.00120978  2.64043e-18 -0.000233031 -5.03147e-18   0.00560087 -7.60358e-18   0.00509605 -4.85653e-18   0.00262848 -2.06404e-18   0.00094288 -6.31797e-19  0.000246951 -1.41484e-19  4.69162e-05 -2.25386e-20  6.13877e-06 -2.35062e-21  4.85317e-07 -1.29017e-22  1.51267e-08
 4.09162e-19  -0.00147939 -9.34847e-20   0.00182798 -3.42981e-18   0.00269814 -2.91961e-18   0.00174205 -1.50067e-18  0.000740482 -5.39202e-19  0.000226937 -1.41484e-19  5.09098e-05 -2.69292e-20  8.12463e-06 -3.52991e-21  8.48804e-07 -2.79545e-22  4.66644e-08 -8.72724e-24
 -0.00023608  4.62956e-19  6.35118e-06 -9.79174e-19   0.00106834 -1.43747e-18  0.000962932 -9.17802e-19   0.00049683  -3.9075e-19  0.000178627 -1.19914e-19  4.69162e-05 -2.69292e-20   8.9395e-06 -4.30224e-21  1.17314e-06 -4.49978e-22  9.30146e-08 -2.47673e-23   2.9074e-09
 6.71777e-20 -0.000216826 -3.61496e-20  0.000295584 -5.45737e-19  0.000427935 -4.62425e-19  0.000276046 -2.37865e-19  0.000117548 -8.56601e-20  3.61166e-05 -2.25386e-20  8.12463e-06 -4.30224e-21  1.30026e-06 -5.65571e-22  1.36224e-07 -4.49171e-23  7.50997e-09 -1.40622e-24
-3.14627e-05  5.55165e-20  7.10584e-06 -1.30951e-19  0.000140253 -1.87131e-19    0.0001253 -1.19444e-19  6.46759e-05 -5.09436e-20  2.33068e-05 -1.56739e-20  6.13877e-06 -3.52991e-21  1.17314e-06 -5.65571e-22  1.54405e-07 -5.93233e-23  1.22777e-08 -3.27444e-24  3.84857e-10
 7.15096e-21 -2.07092e-05 -5.86336e-21  3.12579e-05 -5.68282e-20  4.44272e-05 -4.79475e-20  2.86349e-05 -2.46837e-20  1.22156e-05 -8.90929e-21   3.7628e-06 -2.35062e-21  8.48804e-07 -4.49978e-22  1.36224e-07 -5.93233e-23  1.43117e-08 -4.72471e-24  7.91174e-10 -1.48327e-25
-2.51166e-06  3.99569e-21  1.02076e-06 -1.05547e-20  1.11166e-05 -1.47172e-20  9.85076e-06 -9.39164e-21  5.08724e-06 -4.01281e-21  1.83746e-06 -1.23779e-21  4.85317e-07 -2.79545e-22  9.30146e-08 -4.49171e-23  1.22777e-08 -4.72471e-24  9.79053e-10 -2.61511e-25  3.07749e-11
 3.96959e-22 -1.03651e-06 -4.28928e-22  1.73756e-06 -3.11311e-21  2.42702e-06 -2.61635e-21  1.56315e-06 -1.34809e-21  6.68053e-07 -4.87678e-22  2.06301e-07 -1.29017e-22  4.66644e-08 -2.47673e-23  7.50997e-09 -3.27444e-24  7.91174e-10 -2.61511e-25  4.38563e-11 -8.23226e-27
-7.84335e-08  1.12571e-22  4.49573e-08 -3.34597e-22  3.47125e-07 -4.56291e-22  3.05321e-07 -2.91129e-22   1.5777e-07 -1.24616e-22  5.71149e-08 -3.85366e-23  1.51267e-08 -8.72724e-24   2.9074e-09 -1.40622e-24  3.84857e-10 -1.48327e-25  3.07749e-11 -8.23226e-27  9.69994e-13
