 7.90818e-34 -5.34825e-37 -2.08313e-34 -2.75034e-36  8.15023e-35 -1.54342e-36  3.03622e-34  7.60301e-36 -1.96571e-37  4.87979e-36  1.12309e-34   1.1496e-35 -2.56237e-35 -3.58428e-37  4.15378e-35  5.36497e-37  3.54686e-35 -1.52362e-36  8.32926e-36 -2.16211e-36 -4.25268e-36   3.0298e-37  1.13386e-35 -3.75657e-38  2.86031e-36  1.10815e-37 -2.48227e-36  2.26741e-37 -6.66489e-37  6.98609e-38 -4.01659e-37 -1.18611e-38  2.02776e-37  1.55595e-38 -1.47163e-38 -1.53622e-38  7.95332e-38 -4.69159e-39 -2.80399e-39   2.0117e-39  1.97667e-38  5.68745e-40  5.33253e-39  2.42856e-40  4.92477e-39 -1.88068e-40 -8.13277e-39  1.08736e-40  2.61556e-38  3.27241e-41  -8.9329e-38  3.63681e-43  2.65845e-37  -6.3214e-42 -7.30577e-37 -7.97095e-42   1.8354e-36  1.83097e-41 -4.20362e-36  -5.8614e-41   8.7483e-36  1.48856e-40 -1.64752e-35 -3.56846e-40  2.79296e-35  7.89995e-40 -4.23361e-35 -1.61096e-39  5.68765e-35  3.01043e-39 -6.69123e-35 -5.11463e-39  6.77498e-35  7.79839e-39 -5.74556e-35 -1.04224e-38   3.8854e-35  1.16023e-38 -1.86699e-35 -9.21411e-39   3.7519e-36  8.61623e-40  2.92893e-36  1.51324e-38 -3.23285e-36 -3.84904e-38  1.23841e-36  6.61447e-38  1.42485e-37 -9.25123e-38 -3.61619e-37  1.11145e-37  1.22925e-37 -1.17193e-37  2.07566e-38  1.09451e-37 -2.14934e-38 -9.08218e-38 -1.96216e-39  6.69248e-38  5.43013e-39 -4.36523e-38  -1.7306e-39   2.5062e-38   2.4699e-40  -1.2564e-38 -1.39157e-40  5.44058e-39  8.46143e-41 -2.00625e-39 -2.24927e-41  6.18293e-40  3.53562e-42 -1.55303e-40 -6.80284e-43  3.07145e-41  1.26383e-43 -4.55006e-42 -1.09121e-44  4.66987e-43   4.9506e-46 -2.88623e-44 -4.53145e-47  7.67837e-46  2.18867e-48  2.30938e-49
-5.34825e-37  1.95672e-33  -2.4953e-36 -3.03916e-34 -9.97781e-36  5.42405e-34 -2.77322e-36  3.88066e-34  2.54859e-35  1.03809e-34  1.11972e-35  4.89199e-35  2.79701e-35  2.98837e-37  5.02975e-37  5.15837e-35  1.65427e-36  7.45673e-35 -4.45731e-36  2.25745e-35 -4.05371e-36 -1.39017e-35  2.25788e-37   1.6532e-35 -3.62824e-38  5.34002e-36  2.42478e-37 -5.18086e-36    5.206e-37  -6.4007e-37  2.10787e-37 -1.06051e-36 -1.63527e-38  2.03351e-37  2.79316e-38  -2.6355e-38 -3.66453e-38  1.90926e-37 -1.24946e-38 -1.12707e-38  4.34263e-39  6.27792e-38  1.67699e-39   2.5561e-39  8.95367e-40  7.50592e-38 -5.38562e-40 -2.57587e-37  4.47203e-40  8.75642e-37  3.30636e-41 -2.75377e-36  9.34649e-42  7.90613e-36  2.78755e-41 -2.07822e-35 -1.74649e-40  4.98694e-35  4.93005e-40 -1.08922e-34 -1.36054e-39  2.15742e-34  3.43187e-39 -3.85709e-34 -8.07824e-39  6.18741e-34  1.76597e-38 -8.83749e-34 -3.57866e-38  1.11235e-33  6.70489e-38 -1.21613e-33 -1.15734e-37  1.13019e-33   1.8314e-37 -8.61044e-34   -2.638e-37  4.99725e-34  3.42107e-37 -1.77097e-34 -3.92054e-37 -1.35264e-35  3.82731e-37  6.55329e-35 -2.89968e-37 -4.05367e-35  1.10343e-37  6.56611e-36  1.29941e-37  6.56928e-36 -3.78542e-37 -4.40264e-36  5.74298e-37  3.70082e-37 -6.71237e-37  6.26697e-37  6.56704e-37   -1.736e-37 -5.53653e-37  -8.2556e-38  4.06673e-37  5.02377e-38 -2.60905e-37 -5.38228e-39  1.45812e-37 -2.95544e-41 -7.05139e-38 -1.25305e-39  2.91966e-38  5.79907e-40  -1.0197e-38 -9.21686e-41  2.94299e-39  1.20174e-41 -6.82432e-40 -3.45667e-42   1.2219e-40   4.8594e-43 -1.59243e-41 -1.65087e-44  1.37174e-42  6.70224e-46 -6.48321e-44 -1.04004e-46  9.89028e-46  1.60274e-48
-2.08313e-34  -2.4953e-36  2.76537e-33 -6.33091e-36  6.06564e-35 -2.34896e-35  9.62831e-34 -1.45034e-36  2.43585e-34  5.53157e-35  2.85787e-34  1.27454e-35 -1.54467e-34   4.7825e-35  5.05172e-35   3.4346e-36 -2.31398e-36  3.58569e-36  1.13604e-34  -8.6845e-36  4.63569e-35 -4.63303e-36 -2.89803e-35   -4.287e-37  1.27306e-35 -1.80625e-37  6.76548e-36  3.72364e-37 -6.77488e-36  8.14496e-37  2.26739e-37  4.43748e-37 -1.88239e-36  1.88033e-38 -1.66258e-37  1.81735e-38 -1.58466e-38 -5.99546e-38  3.36035e-37  -2.3693e-38 -5.19399e-38  5.48044e-39  2.31886e-37  3.87829e-39 -3.95213e-37  1.95376e-39  1.69138e-36 -1.10982e-39  -5.9984e-36  1.17649e-39  1.96291e-35  2.32941e-42 -5.89337e-35 -1.49102e-40  1.61997e-34  8.12973e-40 -4.07007e-34 -2.64981e-39  9.32179e-34  7.46931e-39 -1.93983e-33 -1.97672e-38  3.65246e-33  4.86403e-38 -6.18971e-33 -1.11568e-37  9.37712e-33   2.3812e-37 -1.25865e-32 -4.72202e-37  1.47868e-32  8.68394e-37 -1.49391e-32 -1.47746e-36  1.26233e-32  2.31833e-36 -8.47967e-33 -3.34135e-36  4.01134e-33   4.3988e-36 -7.37233e-34 -5.24755e-36 -6.98231e-34  5.60363e-36  7.27866e-34 -5.24561e-36 -2.68052e-34  4.12779e-36 -3.84648e-35 -2.44106e-36  8.13677e-35  5.72184e-37  -2.5067e-35  1.03518e-36 -6.75017e-36 -2.05249e-36  5.84403e-36  2.38046e-36 -3.84353e-38 -2.14866e-36 -9.16762e-37  1.61487e-36  2.02816e-37  -1.0337e-36  3.08621e-38  5.66958e-37  9.45458e-41 -2.65706e-37 -9.09569e-39   1.0543e-37   2.1936e-39 -3.48835e-38 -1.32197e-40  9.41248e-39  4.01565e-41 -2.00651e-39 -1.36117e-41  3.22715e-40  8.55289e-43 -3.64791e-41   1.7641e-44  2.56621e-42  2.34315e-45 -8.68237e-44  -1.1494e-46  5.42855e-46
-2.75034e-36 -3.03916e-34 -6.33091e-36  3.40426e-33 -1.10353e-35  6.49162e-34 -4.37433e-35  1.09076e-33  5.76199e-36 -1.19974e-34  8.97198e-35  5.98139e-34  5.38205e-36 -3.59695e-34  6.53209e-35  7.40134e-35  7.83726e-36 -1.32181e-34  5.18599e-36  1.46877e-34 -1.32591e-35  7.87958e-35 -2.93203e-36 -4.70678e-35 -1.76354e-36  1.37869e-36 -6.29465e-37  6.25015e-36  4.80086e-37 -5.71535e-36  9.71592e-37  1.48426e-36  7.44037e-37  -2.5063e-36  1.21168e-37 -9.84066e-37 -3.81623e-38  3.29796e-39  -7.5004e-38  6.03222e-37 -3.63357e-38 -5.61052e-37  3.29237e-39  2.40488e-36  7.81205e-39 -8.72582e-36  3.07915e-39  3.26377e-35 -1.87752e-39 -1.11451e-34  2.17541e-39  3.49404e-34  6.54354e-40 -1.00399e-33 -2.97544e-39  2.63946e-33  1.03804e-38 -6.33424e-33 -3.08023e-38  1.38353e-32  8.44654e-38 -2.74018e-32 -2.16391e-37  4.89804e-32  5.16952e-37  -7.8544e-32 -1.15142e-36  1.12115e-31  2.38826e-36 -1.40974e-31 -4.60719e-36  1.53878e-31  8.25281e-36 -1.42624e-31    -1.37e-35  1.08154e-31  2.10249e-35 -6.21713e-32 -2.97384e-35  2.13801e-32   3.8618e-35   2.4288e-33 -4.58079e-35     -8.6e-33  4.92882e-35  5.14048e-33 -4.76192e-35 -7.43628e-34  4.06463e-35 -8.84746e-34 -2.97623e-35  5.57169e-34   1.7496e-35 -2.85488e-35 -6.56791e-36 -9.09956e-35  -1.1123e-36  2.57575e-35  4.99401e-36  8.98518e-36 -5.75917e-36 -5.13813e-36  4.71065e-36 -9.91697e-38 -3.09302e-36  3.18336e-37   1.6885e-36  6.12211e-38 -7.72637e-37 -4.34548e-38  2.94873e-37  3.22035e-39 -9.25118e-38  1.73144e-40   2.3296e-38  2.04534e-40 -4.54263e-39 -3.48635e-41  6.49831e-40 -3.77585e-43 -6.25365e-41   4.5471e-44  3.45572e-42  7.38047e-45 -7.48571e-44  2.43797e-47
 8.15023e-35 -9.97781e-36  6.06564e-35 -1.10353e-35  4.34141e-33 -1.59377e-35  9.07041e-34  -7.0586e-35  9.27128e-34  2.26217e-35 -5.83083e-34  1.14887e-34  1.05979e-33 -5.72399e-36 -3.91667e-34  7.47335e-35  2.41994e-35  1.03415e-35 -3.06091e-34  4.27806e-36  1.72404e-34 -1.65279e-35  1.10062e-34   8.9586e-37  -6.3574e-35  -3.7243e-36 -1.18773e-35 -1.42664e-36  3.25351e-36  6.19466e-37 -1.32334e-36  8.82567e-37  2.07186e-36   1.0508e-36 -2.48381e-36  2.88156e-37 -2.03776e-36  -1.5735e-37 -3.28174e-37 -7.04639e-38  2.70838e-36  -4.7934e-38 -9.28913e-36 -3.11059e-39  3.89944e-35  1.39214e-38 -1.49785e-34  3.57457e-39   5.3405e-34 -2.27458e-39 -1.74803e-33  1.15215e-39  5.24805e-33  9.64685e-39 -1.44293e-32 -3.30603e-38  3.62587e-32   1.0306e-37 -8.30541e-32 -2.93548e-37  1.72842e-31  7.79867e-37 -3.25425e-31 -1.93475e-36  5.51385e-31  4.47878e-36    -8.35e-31 -9.66796e-36  1.12001e-30  1.94405e-35 -1.31428e-30   -3.637e-35  1.32527e-30   6.3212e-35 -1.11612e-30 -1.01882e-34  7.45029e-31  1.51954e-34 -3.47064e-31 -2.09175e-34  5.78038e-32  2.64928e-34  6.63877e-32 -3.07509e-34 -6.58029e-32  3.25475e-34  2.32439e-32  -3.1203e-34  4.14769e-33  2.68393e-34 -7.47604e-33 -2.04129e-34  2.13953e-33  1.33843e-34  7.16457e-34 -7.17472e-35 -5.61302e-34  2.68644e-35  8.55388e-36 -1.14286e-36   7.7637e-35 -9.12758e-36  -1.2787e-35  1.00758e-35 -5.58518e-36 -7.23619e-36  8.73734e-37  4.03815e-36  5.59878e-37  -1.8274e-36 -1.11504e-37  6.74903e-37 -9.96672e-39 -2.01153e-37 -1.72572e-40   4.7188e-38  8.24142e-40 -8.36534e-39 -3.24225e-41  1.05092e-39 -4.43968e-42 -8.39418e-41 -1.62808e-43  3.43462e-42  7.37798e-45 -3.76126e-44
-1.54342e-36  5.42405e-34 -2.34896e-35  6.49162e-34 -1.59377e-35  5.64988e-33  -2.3655e-35  5.53515e-34 -1.01933e-34  5.33379e-34  5.18227e-35 -1.02538e-33  1.18746e-34  1.58775e-33 -8.21894e-36 -1.55283e-34  7.35532e-35 -9.67089e-35  6.44267e-36 -4.64716e-34 -6.50929e-37  1.87278e-34   -1.671e-35  1.25642e-34  5.53056e-36 -7.32161e-35 -6.16541e-36 -2.16426e-35 -2.51259e-36 -2.69348e-36  9.38466e-37  5.93688e-36  5.27455e-37  8.05069e-37  1.29886e-36 -1.62615e-36  4.82394e-37 -1.82036e-36 -3.37437e-37 -6.89541e-36 -3.82668e-38  3.46448e-35 -5.77918e-38 -1.48422e-34 -1.19294e-38  6.00215e-34  2.21131e-38 -2.23067e-33  1.36902e-39  7.62157e-33  3.13786e-39 -2.38995e-32 -2.17698e-38    6.869e-32  9.23832e-38 -1.80627e-31 -2.93543e-37  4.33563e-31  8.69417e-37 -9.47137e-31 -2.39348e-36  1.87603e-30  6.15444e-36 -3.35329e-30 -1.47776e-35  5.37628e-30  3.31125e-35 -7.67097e-30 -6.91855e-35  9.63797e-30  1.34657e-34 -1.05059e-29 -2.43841e-34  9.71461e-30  4.10217e-34 -7.33495e-30 -6.40039e-34  4.17785e-30  9.24288e-34 -1.39363e-30  -1.2325e-33 -2.12704e-31   1.5133e-33  6.07553e-31 -1.70515e-33 -3.51547e-31  1.75597e-33  4.44846e-32 -1.64417e-33  6.45511e-32   1.3903e-33  -3.8512e-32 -1.05174e-33   1.0599e-33  7.01681e-34  6.74272e-33 -4.02921e-34 -1.82228e-33  1.89443e-34 -6.38393e-34  -6.3293e-35  3.34962e-34    4.652e-36  2.83401e-35  1.32996e-35 -2.98682e-35 -1.29681e-35 -2.41065e-36  7.85022e-36  2.39068e-36 -3.59711e-36  1.02663e-40  1.29909e-36 -5.70979e-38 -3.69128e-37 -8.99084e-39  8.05256e-38   1.7972e-39 -1.28785e-38  9.23129e-41  1.39703e-39 -4.60862e-42 -8.93132e-41 -5.75023e-43   2.4468e-42 -3.28364e-45
 3.03622e-34 -2.77322e-36  9.62831e-34 -4.37433e-35  9.07041e-34  -2.3655e-35  7.15299e-33 -3.95798e-35 -2.69644e-34 -1.31493e-34 -5.88585e-35  9.19897e-35 -1.42381e-33  9.90967e-35  2.03105e-33    8.233e-36  2.92937e-34  6.38718e-35 -2.37462e-34 -6.11122e-36 -5.56475e-34 -8.90278e-36  1.86962e-34 -1.29495e-35  1.16154e-34  9.21307e-36 -7.26671e-35 -8.91747e-36  -2.5815e-35 -3.79678e-36 -1.22631e-35  1.61578e-36  1.45776e-35  -5.1416e-39 -2.58481e-36  1.46043e-36 -3.09015e-36  6.48135e-37  1.83236e-35 -5.51458e-37 -1.09809e-34  2.38216e-38  5.07113e-34 -6.85298e-38 -2.13624e-33 -1.87352e-38  8.28988e-33  3.36878e-38 -2.95594e-32  -1.6284e-38  9.67852e-32  5.86465e-38 -2.90663e-31 -2.19855e-37   7.9941e-31  7.40336e-37 -2.00937e-30 -2.25963e-36  4.60379e-30  6.44693e-36 -9.58269e-30 -1.71674e-35  1.80443e-29  4.27058e-35 -3.05731e-29 -9.91953e-35  4.62901e-29  2.14991e-34  -6.2061e-29 -4.34413e-34    7.276e-29  8.17481e-34 -7.32478e-29 -1.43087e-33  6.15042e-29  2.32612e-33 -4.08129e-29  -3.5061e-33  1.87286e-29  4.89009e-33 -2.79507e-30 -6.29675e-33 -3.90765e-30  7.46578e-33   3.7044e-30 -8.12566e-33   -1.255e-30  8.08905e-33 -2.71422e-31 -7.33341e-33  4.29489e-31  6.02213e-33  -1.1518e-31 -4.44836e-33  -4.4999e-32  2.92726e-33  3.25426e-32  -1.6911e-33 -1.33423e-34   8.3635e-34 -4.46012e-33 -3.36112e-34  6.03539e-34  9.43978e-35   3.8394e-34  -4.3998e-36 -6.36839e-35 -1.54334e-35  -2.8681e-35  1.21533e-35  4.65301e-36 -5.92521e-36   1.0761e-36  2.13206e-36 -5.75225e-38 -5.81202e-37 -4.02419e-38  1.17704e-37   7.4616e-40 -1.68127e-38  3.23842e-40  1.53853e-39  1.12483e-41 -7.44619e-41 -4.84404e-43   1.0994e-42
 7.60301e-36  3.88066e-34 -1.45034e-36  1.09076e-33  -7.0586e-35  5.53515e-34 -3.95798e-35  8.72883e-33 -6.73671e-35 -1.17729e-33 -1.49763e-34 -8.49715e-34  1.35724e-34 -1.82117e-33  6.49484e-35  2.26208e-33   4.4409e-35  7.71789e-34  5.11012e-35 -3.39979e-34  -2.5204e-35 -5.63315e-34 -1.76005e-35  1.69521e-34 -6.06057e-36   8.3501e-35  1.06949e-35 -6.24509e-35  -1.1838e-35 -2.57141e-35 -5.19582e-36 -2.62715e-35  2.73116e-36  2.13197e-35 -5.48754e-37  8.61471e-37  1.56976e-36 -5.76842e-35  7.35029e-37  3.21628e-34  -7.4624e-37 -1.55723e-33  1.12843e-37  6.86555e-33 -8.43366e-38 -2.77942e-32 -2.17445e-38  1.03425e-31  6.95341e-38 -3.53513e-31 -1.40783e-37  1.10894e-30  4.86074e-37 -3.18839e-30 -1.66316e-36  8.38717e-30  5.27191e-36 -2.01386e-29 -1.55478e-35  4.40067e-29   4.2866e-35 -8.71863e-29 -1.10408e-34  1.55863e-28  2.65632e-34 -2.49895e-28 -5.96629e-34  3.56481e-28   1.2501e-33 -4.47649e-28 -2.44116e-33  4.87431e-28  4.43783e-33 -4.49804e-28 -7.50056e-33  3.38288e-28  1.17679e-32 -1.91005e-28 -1.71087e-32  6.17874e-29  2.30025e-32  1.19574e-29 -2.85351e-32 -2.91237e-29  3.25762e-32  1.63485e-29 -3.41243e-32 -1.77396e-30  3.26897e-32 -3.19508e-30 -2.85276e-32  1.81645e-30  2.25764e-32 -1.22978e-32 -1.61129e-32 -3.34556e-31  1.02974e-32  8.49713e-32  -5.8344e-33  3.26204e-32  2.88579e-33 -1.57917e-32 -1.21225e-33 -1.87331e-33  4.07571e-34  1.57027e-33 -9.12504e-35  1.06078e-34 -1.00717e-36 -1.07847e-34  1.36047e-35 -4.54212e-36 -8.05875e-36  3.60976e-36  2.99722e-36  3.71245e-37 -7.92681e-37 -7.57075e-38  1.48782e-37 -6.26199e-39 -1.87235e-38  2.39176e-40  1.39723e-39  3.18382e-41 -4.65152e-41  1.67003e-43
-1.96571e-37  2.54859e-35  2.43585e-34  5.76199e-36  9.27128e-34 -1.01933e-34 -2.69644e-34 -6.73671e-35  1.03323e-32 -1.05335e-34 -1.78462e-33 -1.49122e-34 -1.80683e-33  1.71604e-34 -2.22871e-33   3.0095e-35  2.23995e-33   9.1247e-35  1.08273e-33  4.10745e-35   -3.786e-34 -4.51828e-35 -5.02587e-34 -2.32071e-35  1.39051e-34  1.73222e-36  3.92412e-35  9.70853e-36 -4.68236e-35 -1.48403e-35  -2.4491e-35 -6.61447e-36 -4.26483e-35   4.1487e-36  2.59539e-36 -9.21019e-37  1.41557e-34  1.71459e-36 -8.64867e-34  7.14917e-37  4.37253e-33 -8.50707e-37 -2.01074e-32  2.22607e-37  8.49551e-32 -1.00229e-37 -3.29849e-31 -5.54568e-38  1.17672e-30  2.94856e-37 -3.85453e-30 -9.91839e-37  1.15807e-29  3.40867e-36 -3.18638e-29 -1.11597e-35  8.01245e-29  3.40739e-35  -1.8365e-28 -9.71882e-35  3.82397e-28  2.59115e-34 -7.20259e-28 -6.45461e-34  1.22058e-27  1.50163e-33 -1.84809e-27 -3.26047e-33  2.47715e-27  6.60182e-33 -2.90234e-27 -1.24528e-32  2.91792e-27  2.18557e-32  -2.4437e-27 -3.56405e-32  1.61275e-27  5.39132e-32 -7.29362e-28 -7.55114e-32  9.62305e-29  9.77201e-32  1.64926e-28 -1.16569e-31 -1.50311e-28  1.27839e-31  4.88777e-29 -1.28516e-31  1.25025e-29  1.18045e-31 -1.77962e-29 -9.87131e-32  4.48766e-30   7.4852e-32  2.00033e-30 -5.12337e-32  -1.3501e-30  3.14834e-32 -1.58074e-32 -1.72484e-32  1.89374e-31  8.33974e-33 -2.21257e-32 -3.49929e-33 -1.73689e-32  1.23374e-33   2.7273e-33 -3.39213e-34  1.21142e-33  5.60077e-35 -1.67651e-34   5.8926e-36 -5.47149e-35 -8.59553e-36   3.1896e-36  3.59352e-36   1.6426e-36 -9.40987e-37 -6.17756e-39  1.63411e-37 -1.54247e-38 -1.77674e-38 -5.54332e-40  1.02559e-39  2.20879e-41 -1.90413e-41
 4.87979e-36  1.03809e-34  5.53157e-35 -1.19974e-34  2.26217e-35  5.33379e-34 -1.31493e-34 -1.17729e-33 -1.05335e-34  1.18431e-32 -1.47343e-34 -1.88372e-33 -1.28772e-34 -2.79814e-33  1.89447e-34 -2.57969e-33  4.61806e-36  2.00949e-33   1.3519e-34  1.11668e-33  3.74997e-35 -3.65018e-34 -5.97769e-35 -4.09534e-34 -2.33112e-35  1.05551e-34   7.9602e-36 -1.99349e-36  6.73412e-36 -3.12482e-35 -1.78809e-35 -3.11049e-35  -7.9159e-36 -1.35356e-35  5.49525e-36   -3.459e-34  -9.8982e-37  2.13192e-33  1.99825e-36 -1.12678e-32  5.85816e-37  5.41251e-32 -7.93247e-37 -2.38562e-31  3.35436e-37  9.66434e-31 -4.64751e-38 -3.59787e-30 -4.00996e-37  1.23035e-29  1.80129e-36 -3.86133e-29 -6.45059e-36  1.11073e-28   2.1682e-35 -2.92321e-28 -6.84977e-35  7.02229e-28  2.02179e-34 -1.53519e-27 -5.57812e-34  3.04276e-27  1.43839e-33 -5.44136e-27  -3.4651e-33  8.72596e-27  7.79401e-33 -1.24481e-26 -1.63564e-32  1.56272e-26  3.19957e-32 -1.70027e-26 -5.82756e-32  1.56638e-26  9.86964e-32 -1.17393e-26 -1.55193e-31  6.57402e-27  2.26173e-31  -2.0622e-27 -3.04889e-31 -4.87072e-28  3.79319e-31  1.04852e-27 -4.34454e-31 -5.72319e-28  4.56832e-31   5.2025e-29  -4.3967e-31  1.18592e-28  3.86038e-31 -6.45578e-29 -3.08138e-31 -8.23365e-31  2.22783e-31  1.24301e-29 -1.45338e-31 -2.96013e-30  8.52109e-32 -1.26571e-30  -4.4692e-32  5.71139e-31  2.08386e-32  8.09132e-32 -8.54803e-33 -5.94093e-32  3.02286e-33 -4.40669e-33 -8.82725e-34  3.95098e-33   1.9116e-34  2.52422e-34 -1.91575e-35 -1.45957e-34 -5.88466e-36 -1.40001e-35  3.61133e-36  2.65649e-36 -9.73474e-37  2.76494e-37  1.56058e-37 -8.91186e-39 -1.42316e-38 -1.29046e-39  5.79295e-40 -7.29455e-42
 1.12309e-34  1.11972e-35  2.85787e-34  8.97198e-35 -5.83083e-34  5.18227e-35 -5.88585e-35 -1.49763e-34 -1.78462e-33 -1.47343e-34  1.30122e-32 -1.86292e-34 -1.49668e-33 -9.53948e-35 -3.60313e-33  1.85162e-34 -2.76785e-33 -9.13586e-36   1.6582e-33  1.64189e-34  8.92147e-34  4.10961e-35 -3.26728e-34 -6.49589e-35 -3.15603e-34 -1.75464e-35  8.33116e-35  1.12186e-35 -3.05645e-35   2.4068e-36 -7.76575e-36  -2.0899e-35 -1.46853e-34 -8.92513e-36  7.17355e-34  6.25869e-36 -4.89504e-33 -7.21743e-37  2.68579e-32  2.49313e-36  -1.3463e-31  3.62853e-37  6.19281e-31 -5.09684e-37  -2.6174e-30  3.44935e-37  1.01675e-29  5.38261e-37 -3.62904e-29 -2.84611e-36  1.18936e-28  1.11574e-35 -3.57529e-28 -3.90137e-35  9.84258e-28   1.2727e-34 -2.47637e-27 -3.88732e-34  5.67903e-27  1.10989e-33  -1.1831e-26 -2.96227e-33  2.22944e-26  7.38838e-33 -3.77955e-26 -1.72122e-32  5.72403e-26  3.74285e-32 -7.67255e-26 -7.59065e-32  8.98637e-26  1.43423e-31  -9.0257e-26  -2.5217e-31  7.54219e-26  4.11979e-31 -4.95293e-26 -6.24377e-31  2.20886e-26  8.76162e-31 -2.53512e-27 -1.13593e-30 -5.38152e-27  1.35738e-30  4.73748e-27 -1.49092e-30 -1.48047e-27  1.50078e-30  -4.3889e-28    -1.38e-30  5.72724e-28  1.15513e-30 -1.36103e-28 -8.77027e-31 -6.84028e-29  6.01853e-31  4.34747e-29 -3.72083e-31  1.21971e-30   2.0666e-31 -6.28496e-30 -1.02886e-31  6.44311e-31   4.5798e-32   5.9647e-31 -1.81324e-32 -8.64688e-32  6.30159e-33 -4.14762e-32 -1.86399e-33  5.08646e-33  4.38233e-34  1.97893e-33 -6.81919e-35 -1.05909e-34  1.12673e-36  -5.5657e-35  2.90598e-36 -3.24656e-37 -8.76037e-37   5.5189e-37  1.29102e-37  2.09165e-38 -9.40729e-39 -7.51357e-40  2.19797e-40
  1.1496e-35  4.89199e-35  1.27454e-35  5.98139e-34  1.14887e-34 -1.02538e-33  9.19897e-35 -8.49715e-34 -1.49122e-34 -1.88372e-33 -1.86292e-34  1.35743e-32 -2.16525e-34 -8.17736e-34 -5.95295e-35  -4.0046e-33  1.62197e-34 -2.72055e-33 -1.45819e-35   1.2692e-33  1.71166e-34  5.19114e-34  5.03478e-35 -2.84824e-34  -6.0163e-35 -2.36765e-34 -7.36397e-36  9.23076e-35  1.18529e-35 -6.83964e-35 -2.93159e-36  2.14971e-34 -2.37386e-35 -1.69119e-33 -9.46528e-36  1.02884e-32  5.96186e-36 -5.94894e-32 -1.99363e-37  3.11093e-31  3.21151e-36 -1.49325e-30  4.36701e-38  6.58514e-30  1.47259e-37   -2.669e-29 -4.18519e-37   9.9416e-29  4.39534e-36 -3.40159e-28 -1.77449e-35  1.06818e-27  6.50215e-35 -3.07452e-27 -2.19897e-34  8.09651e-27  6.94627e-34 -1.94619e-26 -2.05243e-33  4.25731e-26  5.66959e-33 -8.44293e-26 -1.46393e-32  1.51064e-25  3.53181e-32 -2.42357e-25 -7.95671e-32  3.45829e-25  1.67263e-31 -4.34153e-25 -3.27787e-31  4.72151e-25  5.98157e-31  -4.3441e-25 -1.01505e-30  3.24587e-25  1.59932e-30 -1.80395e-25 -2.33546e-30  5.48891e-26  3.15431e-30  1.53895e-26 -3.93108e-30 -3.00301e-26  4.50865e-30  1.59767e-26 -4.74477e-30 -1.18089e-27  4.56656e-30 -3.49597e-27   -4.005e-30   1.8305e-27  3.18854e-30  5.74612e-29 -2.29539e-30 -3.67291e-28  1.48866e-30  8.21813e-29 -8.67169e-31  3.90329e-29  4.52976e-31 -1.65702e-29 -2.12245e-31 -2.66992e-30   8.9373e-32  1.77349e-30 -3.38402e-32   1.5137e-31  1.14344e-32 -1.18337e-31 -3.35865e-33 -9.16134e-33  8.09234e-34  4.51224e-33 -1.41609e-34  4.52115e-34  1.19921e-35 -7.80246e-35  1.62144e-36 -9.26198e-36 -6.82495e-37  2.56903e-37  9.15768e-38  4.13815e-38 -4.87976e-39  2.68335e-40
-2.56237e-35  2.79701e-35 -1.54467e-34  5.38205e-36  1.05979e-33  1.18746e-34 -1.42381e-33  1.35724e-34 -1.80683e-33 -1.28772e-34 -1.49668e-33 -2.16525e-34  1.33959e-32 -2.34035e-34 -1.01667e-34 -3.07058e-35 -3.89201e-33  1.29345e-34 -2.44306e-33 -1.64536e-35  8.91964e-34  1.54702e-34  1.30716e-34  6.28921e-35 -2.45776e-34 -4.77055e-35 -1.80229e-34  4.85522e-36  1.95925e-34  1.17567e-35 -4.70059e-34 -9.28242e-36  3.11511e-33 -2.61147e-35 -2.06198e-32 -9.39902e-36  1.22605e-31  4.33148e-36 -6.70342e-31  3.94721e-37  3.35817e-30  4.12858e-36 -1.54528e-29 -5.48591e-37  6.53475e-29   2.0461e-36 -2.53991e-28 -5.84468e-36  9.07105e-28  2.67853e-35 -2.97478e-27 -1.00921e-34   8.9482e-27  3.54232e-34 -2.46506e-26 -1.15854e-33  6.20633e-26  3.54194e-33 -1.42429e-25 -1.01264e-32  2.96922e-25  2.70672e-32 -5.59891e-25 -6.76188e-32  9.49745e-25  1.57804e-31 -1.43906e-24 -3.43799e-31   1.9295e-24  6.98657e-31 -2.25982e-24 -1.32296e-30   2.2683e-24  2.33138e-30 -1.89215e-24 -3.81799e-30  1.23715e-24  5.80065e-30 -5.44485e-25 -8.15998e-30  5.33063e-26  1.06047e-29  1.42145e-25 -1.26998e-29 -1.21394e-25  1.39737e-29  3.65191e-26 -1.40805e-29  1.23356e-26  1.29452e-29 -1.49824e-26 -1.08144e-29  3.36342e-27  8.17314e-30  1.88837e-27 -5.56282e-30 -1.13943e-27  3.39531e-30   -4.983e-29 -1.85257e-30  1.69832e-28  9.02915e-31 -1.53354e-29 -3.94358e-31 -1.65483e-29  1.55546e-31  2.20742e-30 -5.58819e-32  1.16645e-30  1.82585e-32 -1.29364e-31 -5.28439e-33 -5.68288e-32  1.27463e-33  2.66011e-33 -2.30093e-34   1.5728e-33  2.44293e-35  1.95472e-35  1.61778e-37 -1.58473e-35 -4.56713e-37 -6.40372e-37  5.44834e-38  2.05996e-38   -1.733e-39
-3.58428e-37  2.98837e-37   4.7825e-35 -3.59695e-34 -5.72399e-36  1.58775e-33  9.90967e-35 -1.82117e-33  1.71604e-34 -2.79814e-33 -9.53948e-35 -8.17736e-34 -2.34035e-34   1.2535e-32  -2.3606e-34  4.41775e-34 -1.42193e-35 -3.30853e-33  9.67243e-35 -2.00987e-33 -1.79598e-35   5.3289e-34  1.18042e-34 -1.72257e-34  7.66216e-35 -1.98541e-34 -3.13011e-35 -2.17266e-34  1.66657e-35  1.00009e-33  1.35255e-35 -5.59485e-33 -1.67253e-35  3.79737e-32 -2.76659e-35 -2.36961e-31 -8.65433e-36  1.35102e-30   1.3973e-36 -7.06691e-30  7.97227e-37  3.39359e-29  5.37871e-36 -1.49738e-28 -2.59268e-36  6.07265e-28  1.02842e-35 -2.26341e-27 -3.69805e-35  7.74961e-27  1.47369e-34 -2.43528e-26  -5.3395e-34  7.01456e-26  1.80847e-33 -1.84863e-25 -5.72251e-33  4.44708e-25  1.69319e-32 -9.73566e-25 -4.68478e-32  1.93223e-24  1.21177e-31 -3.45979e-24 -2.92905e-31  5.55434e-24  6.61247e-31 -7.92997e-24 -1.39317e-30  9.95832e-24  2.73681e-30 -1.08288e-23 -5.00722e-30  9.95452e-24  8.52072e-30 -7.41946e-24 -1.34649e-29   4.0953e-24  1.97237e-29 -1.20946e-24 -2.67249e-29 -3.93893e-25  3.34142e-29  7.10046e-25 -3.84437e-29 -3.69129e-25    4.057e-29  2.13082e-26 -3.91274e-29  8.49578e-26  3.43426e-29  -4.2978e-26 -2.73032e-29 -2.10832e-27  1.95593e-29  8.96439e-27 -1.25559e-29 -1.89186e-27  7.18409e-30 -9.90707e-28 -3.64896e-30  3.99013e-28  1.64433e-30  7.14162e-29 -6.61531e-31 -4.37587e-29  2.41416e-31 -4.24283e-30 -8.16284e-32  2.95729e-30  2.57538e-32  2.59767e-31 -7.34568e-33 -1.14306e-31  1.75732e-33  -1.2276e-32 -3.15252e-34  1.93896e-33   3.4967e-35   2.5177e-34 -9.97592e-37 -6.01278e-36 -2.59525e-37 -1.09983e-36  2.58878e-38 -8.10118e-39
 4.15378e-35  5.02975e-37  5.05172e-35  6.53209e-35 -3.91667e-34 -8.21894e-36  2.03105e-33  6.49484e-35 -2.22871e-33  1.89447e-34 -3.60313e-33 -5.95295e-35 -1.01667e-34  -2.3606e-34  1.12002e-32 -2.21373e-34    7.075e-34 -1.05556e-35 -2.42249e-33  7.21529e-35 -1.52077e-33 -2.06911e-35   1.6107e-34  6.73038e-35 -3.52414e-34  9.01625e-35 -2.83622e-35 -1.46897e-35 -1.27736e-33    2.602e-35  9.66985e-33  1.94331e-35  -6.5841e-32 -2.50918e-35  4.28693e-31 -2.80772e-35 -2.55509e-30 -7.23753e-36  1.39541e-29 -2.47773e-36 -6.99433e-29   5.2951e-37  3.22035e-28  8.26447e-36 -1.36269e-27 -1.25908e-35  5.30005e-27  5.20216e-35 -1.89421e-26 -2.00561e-34  6.21655e-26   7.5629e-34 -1.87142e-25  -2.6488e-33  5.15964e-25  8.67565e-33 -1.30015e-24  -2.6568e-32   2.9863e-24  7.60877e-32 -6.23102e-24 -2.03759e-31  1.17597e-23  5.10069e-31 -1.99645e-23   -1.193e-30  3.02729e-23  2.60538e-30 -4.06138e-23 -5.30835e-30  4.75812e-23  1.00801e-29 -4.77494e-23 -1.78178e-29   3.9781e-23  2.92757e-29 -2.59135e-23  -4.4637e-29  1.12659e-23  6.30338e-29 -9.18496e-25 -8.22551e-29  -3.1349e-24  9.89311e-29  2.60793e-24 -1.09338e-28 -7.56921e-25  1.10653e-28 -2.87024e-25 -1.02125e-28  3.28563e-25  8.55525e-29 -6.99001e-26 -6.46965e-29 -4.34497e-26  4.38888e-29  2.50818e-26 -2.65232e-29  1.46225e-27  1.41765e-29 -3.84975e-27 -6.66072e-30    3.067e-28  2.74569e-30  3.84145e-28 -1.00162e-30 -4.73519e-29  3.32312e-31 -2.75431e-29 -1.04687e-31  2.79658e-30  3.20075e-32  1.35958e-30 -9.07267e-33 -5.48207e-32  2.15003e-33 -3.76192e-32 -3.75286e-34 -6.56237e-34  4.03908e-35  3.80451e-34 -1.54804e-36  1.64092e-35 -1.23085e-37 -4.75815e-37  8.58282e-39
 5.36497e-37  5.15837e-35   3.4346e-36  7.40134e-35  7.47335e-35 -1.55283e-34    8.233e-36  2.26208e-33   3.0095e-35 -2.57969e-33  1.85162e-34  -4.0046e-33 -3.07058e-35  4.41775e-34 -2.21373e-34  9.66553e-33 -1.90902e-34  6.96851e-34 -1.68672e-35 -1.45068e-33  5.93703e-35 -1.05722e-33 -2.57961e-35 -2.64518e-34  9.52182e-36 -5.58489e-34  1.02865e-34  1.63161e-33  -8.6774e-37 -1.44213e-32  3.13686e-35  1.07708e-31  3.06438e-35 -7.29261e-31 -3.37977e-35  4.54255e-30 -2.72028e-35 -2.59158e-29 -5.26979e-36  1.35612e-28 -6.46864e-36 -6.51623e-28 -2.13829e-36   2.8771e-27  2.03065e-35 -1.16763e-26 -6.37628e-35  4.35524e-26  2.61648e-34 -1.49236e-25   -1.005e-33  4.69358e-25  3.64852e-33 -1.35311e-24  -1.2365e-32  3.56928e-24  3.91929e-32  -8.5944e-24 -1.16183e-31  1.88333e-23  3.22104e-31 -3.74149e-23 -8.34968e-31  6.70585e-23  2.02299e-30 -1.07755e-22 -4.57853e-30  1.53969e-22  9.67272e-30 -1.93473e-22 -1.90575e-29  2.10444e-22  3.49783e-29 -1.93375e-22 -5.97285e-29  1.43856e-22  9.47438e-29 -7.89277e-23 -1.39359e-28  2.26501e-23  1.89689e-28  8.41481e-24 -2.38359e-28 -1.42236e-23  2.75742e-28  7.24473e-24  -2.9272e-28 -3.08211e-25  2.84075e-28 -1.74699e-24 -2.50899e-28  8.57707e-25  2.00606e-28  5.62011e-26 -1.44283e-28 -1.85519e-25  9.26496e-29  3.71182e-26 -5.26483e-29  2.12399e-26  2.62127e-29  -8.1821e-27 -1.13216e-29 -1.59945e-27  4.21586e-30  9.18301e-28 -1.36408e-30  9.89653e-29  3.99906e-31  -6.3006e-29 -1.15559e-31 -6.09446e-30  3.46788e-32   2.4594e-30 -9.97173e-33  2.82611e-31  2.35274e-33 -4.14061e-32 -3.93507e-34 -5.76601e-33  3.92258e-35   1.1865e-34 -1.48148e-36  2.49102e-35 -4.71158e-38  2.03537e-37
 3.54686e-35  1.65427e-36 -2.31398e-36  7.83726e-36  2.41994e-35  7.35532e-35  2.92937e-34   4.4409e-35  2.23995e-33  4.61806e-36 -2.76785e-33  1.62197e-34 -3.89201e-33 -1.42193e-35    7.075e-34 -1.90902e-34  8.19783e-33  -1.4762e-34   4.7813e-34 -2.92614e-35 -5.78287e-34  5.83595e-35 -6.76392e-34 -3.46114e-35 -6.04853e-34 -4.89697e-35 -2.69752e-33  1.14554e-34  2.08368e-32  8.15654e-36 -1.63792e-31  3.16602e-35  1.16878e-30  4.68797e-35 -7.60831e-30 -4.19192e-35  4.53575e-29 -2.50777e-35 -2.47858e-28 -3.20309e-36  1.24312e-27 -8.26501e-36 -5.72751e-27 -1.56419e-35  2.42537e-26  7.94599e-35 -9.44053e-26 -3.15572e-34  3.37678e-25  1.26275e-33 -1.10919e-24 -4.72765e-33  3.34217e-24  1.65914e-32 -9.22355e-24 -5.44309e-32  2.32655e-23  1.67027e-31 -5.34944e-23 -4.79398e-31  1.11738e-22  1.28682e-30 -2.11111e-22 -3.22935e-30   3.5879e-22  7.57328e-30   -5.446e-22 -1.65862e-29   7.3129e-22   3.3896e-29 -8.57316e-22 -6.45746e-29  8.60532e-22  1.14544e-28 -7.16412e-22 -1.88919e-28  4.65283e-22  2.89251e-28 -2.00052e-22 -4.10355e-28  1.31797e-23  5.38261e-28  5.90281e-23 -6.51165e-28 -4.80226e-23  7.24416e-28  1.34855e-23 -7.38583e-28  5.66282e-24  6.87326e-28 -6.17595e-24 -5.80985e-28  1.25049e-24  4.43447e-28  8.52433e-25 -3.03421e-28 -4.74277e-25  1.84452e-28 -3.39034e-26 -9.85193e-29  7.48439e-26  4.56043e-29 -5.28162e-27 -1.80035e-29 -7.63731e-27  5.96753e-30  8.76927e-28  -1.6571e-30  5.57235e-28  4.06734e-31   -5.237e-29 -1.04442e-31 -2.78425e-29  3.19153e-32  9.66853e-31 -9.73281e-33   7.7466e-31   2.3128e-33  1.66536e-32 -3.65351e-34 -7.84717e-33  3.23825e-35  -3.5923e-34 -1.04035e-36  9.51084e-36 -1.30877e-38
-1.52362e-36  7.45673e-35  3.58569e-36 -1.32181e-34  1.03415e-35 -9.67089e-35  6.38718e-35  7.71789e-34   9.1247e-35  2.00949e-33 -9.13586e-36 -2.72055e-33  1.29345e-34 -3.30853e-33 -1.05556e-35  6.96851e-34  -1.4762e-34  7.01421e-33 -9.54041e-35  1.35764e-34   -4.475e-35  1.06537e-34  6.69612e-35 -6.23957e-34 -4.81597e-35  1.54917e-33 -1.03408e-34 -2.87754e-32  1.25212e-34  2.35847e-31  1.13964e-35 -1.76364e-30  2.64431e-35  1.20249e-29  6.65689e-35 -7.49372e-29  -4.8481e-35  4.27767e-28 -2.16397e-35 -2.23988e-27 -2.95112e-36  1.07703e-26  1.43352e-36 -4.75896e-26 -8.08602e-35  1.93291e-25  3.63603e-34 -7.21594e-25 -1.48814e-33  2.47486e-24  5.77607e-33 -7.79117e-24 -2.09682e-32  2.24842e-23  7.12245e-32 -5.93732e-23  -2.2627e-31  1.43124e-22  6.72424e-31    -3.14e-22 -1.86913e-30   6.2455e-22  4.85868e-30 -1.12073e-21 -1.18061e-29  1.80302e-21  2.68015e-29 -2.57921e-21 -5.68019e-29  3.24416e-21  1.12287e-28 -3.53115e-21  -2.0682e-28  3.24504e-21  3.54489e-28 -2.41108e-21 -5.64582e-28  1.31619e-21  8.34126e-28 -3.67647e-22 -1.14097e-27  -1.5334e-22  1.44174e-27  2.46036e-22  -1.6786e-27 -1.23135e-22  1.79534e-27  3.52167e-24 -1.75765e-27  3.09869e-23  1.56838e-27 -1.48346e-23 -1.26893e-27 -1.19436e-24  9.24888e-28  3.31881e-24  -6.0236e-28 -6.33592e-25  3.46883e-28 -3.92209e-25  -1.7422e-28  1.45701e-25   7.4923e-29  3.06504e-26 -2.69096e-29 -1.67231e-26  7.80748e-30 -1.96205e-27 -1.76482e-30   1.1657e-27   3.1828e-31  1.21697e-28 -6.55846e-32 -4.59651e-29  2.33398e-32 -5.59931e-30 -8.38454e-33  7.72253e-31  2.04619e-33  1.13917e-31 -3.00111e-34 -2.03382e-33  2.25948e-35 -4.90148e-34 -5.37497e-37 -4.34748e-36
 8.32926e-36 -4.45731e-36  1.13604e-34  5.18599e-36 -3.06091e-34  6.44267e-36 -2.37462e-34  5.11012e-35  1.08273e-33   1.3519e-34   1.6582e-33 -1.45819e-35 -2.44306e-33  9.67243e-35 -2.42249e-33 -1.68672e-35   4.7813e-34 -9.54041e-35  6.26626e-33  -3.7629e-35 -2.84689e-34 -6.21565e-35  8.61565e-34  8.25591e-35 -3.88489e-33 -6.61085e-35  3.45579e-32 -1.50692e-34 -3.20507e-31  1.34686e-34  2.51452e-30  8.90163e-36 -1.79536e-29   1.6069e-35  1.17039e-28  8.73705e-35 -6.98158e-28 -5.29499e-35  3.81766e-27 -1.55179e-35 -1.91611e-26 -1.32947e-35  8.83507e-26  6.45065e-35 -3.74441e-25 -3.84259e-34  1.45878e-24  1.65481e-33 -5.22284e-24 -6.63972e-33  1.71731e-23  2.49684e-32 -5.18008e-23  -8.7812e-32  1.43119e-22  2.88903e-31 -3.61435e-22 -8.89157e-31   8.3208e-22  2.56003e-30 -1.74028e-21  -6.8941e-30  3.29234e-21  1.73594e-29 -5.60292e-21 -4.08511e-29  8.51577e-21  8.97844e-29 -1.14492e-20  -1.8415e-28  1.34365e-20  3.52118e-28 -1.34962e-20  -6.2697e-28  1.12344e-20  1.03816e-27 -7.28058e-21 -1.59616e-27  3.10017e-21  2.27466e-27 -1.58811e-22 -2.99862e-27 -9.64939e-22  3.64836e-27  7.70688e-22 -4.08605e-27 -2.10146e-22  4.19957e-27 -9.64447e-23 -3.94653e-27  1.01184e-22  3.37608e-27 -1.96081e-23 -2.61466e-27 -1.45052e-23  1.82055e-27  7.83597e-24 -1.12941e-27  6.50594e-25  6.16777e-28 -1.26916e-24 -2.91635e-28  8.00445e-26  1.16584e-28  1.32285e-25 -3.79855e-29 -1.43036e-26  9.47194e-30  -9.8202e-27 -1.58557e-30  8.65156e-28  1.19305e-31  4.97015e-28 -1.25815e-33  -1.5024e-29  1.05407e-32  -1.3947e-29 -6.29991e-33 -3.45724e-31  1.62844e-33  1.41757e-31 -2.16605e-34  6.82769e-33  1.30251e-35 -1.67687e-34 -1.81825e-37
-2.16211e-36  2.25745e-35  -8.6845e-36  1.46877e-34  4.27806e-36 -4.64716e-34 -6.11122e-36 -3.39979e-34  4.10745e-35  1.11668e-33  1.64189e-34   1.2692e-33 -1.64536e-35 -2.00987e-33  7.21529e-35 -1.45068e-33 -2.92614e-35  1.35764e-34  -3.7629e-35  6.05911e-33  2.35413e-35 -1.05418e-33 -8.18417e-35  5.19446e-33  1.02955e-34 -4.50046e-32  -8.6096e-35  4.08102e-31 -1.89015e-34 -3.38869e-30  1.42504e-34   2.5358e-29   1.7303e-36 -1.73003e-28  1.82116e-36  1.07893e-27  1.06975e-34  -6.1631e-27 -5.63758e-35  3.22952e-26  9.98992e-37 -1.55412e-25 -7.38295e-35  6.87293e-25  3.64716e-34 -2.79409e-24 -1.72252e-33  1.04411e-23  7.17984e-33 -3.58476e-23 -2.79691e-32  1.12979e-22  1.01916e-31 -3.26427e-22 -3.47378e-31  8.63061e-22  1.10773e-30 -2.08322e-21 -3.30484e-30  4.57667e-21  9.22373e-30 -9.11606e-21 -2.40761e-29  1.63824e-20  5.87491e-29 -2.63949e-20 -1.33935e-28  3.78127e-20  2.85059e-28 -4.76259e-20 -5.65881e-28  5.18978e-20  1.04663e-27 -4.77233e-20 -1.80134e-27  3.54401e-20  2.88081e-27 -1.92704e-20 -4.27411e-27  5.25159e-21  5.87227e-27  2.42283e-21 -7.45605e-27   -3.729e-21  8.72879e-27  1.83944e-21 -9.39719e-27 -2.97296e-23  9.27487e-27 -4.81129e-22 -8.36172e-27   2.2571e-22  6.85515e-27  2.11469e-23 -5.08176e-27 -5.20859e-23  3.38141e-27  9.56328e-24 -1.99986e-27  6.33201e-24  1.03713e-27 -2.28773e-24 -4.62551e-28 -5.10684e-25  1.72215e-28  2.68329e-25  -5.0877e-29  3.36352e-26  1.07049e-29 -1.90105e-26 -1.07895e-30 -2.10602e-27 -1.73025e-31   7.5828e-28  7.70426e-32  9.68448e-29 -3.32359e-33 -1.27655e-29 -4.03851e-33 -1.97375e-30  1.16178e-33  3.10611e-32 -1.35324e-34  8.50359e-33  5.88734e-36  8.03919e-35
-4.25268e-36 -4.05371e-36  4.63569e-35 -1.32591e-35  1.72404e-34 -6.50929e-37 -5.56475e-34  -2.5204e-35   -3.786e-34  3.74997e-35  8.92147e-34  1.71166e-34  8.91964e-34 -1.79598e-35 -1.52077e-33  5.93703e-35 -5.78287e-34   -4.475e-35 -2.84689e-34  2.35413e-35  6.73109e-33  8.67788e-35 -5.94685e-33 -1.04637e-34  5.29604e-32  1.26294e-34 -4.99135e-31 -1.03944e-34    4.317e-30 -2.17456e-34 -3.39117e-29  1.47864e-34  2.42284e-28 -8.23662e-36 -1.58047e-27  -1.4291e-35  9.43455e-27  1.24438e-34 -5.16288e-26 -6.55367e-35   2.5934e-25  6.28065e-35 -1.19685e-24 -3.53183e-34  5.07718e-24  1.65999e-33 -1.98001e-23 -7.27581e-33  7.09668e-23  2.93964e-32 -2.33613e-22 -1.11057e-31  7.05537e-22  3.92451e-31 -1.95185e-21 -1.29753e-30  4.93603e-21  4.01406e-30   -1.138e-20 -1.16188e-29  2.38373e-20  3.14594e-29 -4.51677e-20 -7.96502e-29  7.69913e-20  1.88464e-28 -1.17209e-19 -4.16454e-28  1.57837e-19  8.58656e-28 -1.85509e-19  -1.6502e-27  1.86555e-19  2.95255e-27 -1.55371e-19 -4.91147e-27  1.00564e-19  7.58434e-27 -4.24792e-20 -1.08538e-26  1.60845e-21   1.4368e-26  1.38734e-20 -1.75574e-26   -1.092e-20  1.97599e-26  2.90399e-21 -2.04288e-26  1.43763e-21  1.93438e-26 -1.46386e-21 -1.67162e-26  2.73449e-22  1.31256e-26  2.16932e-22 -9.31143e-27 -1.14636e-22  5.92278e-27 -1.06206e-23 -3.34261e-27  1.90209e-23  1.64892e-27 -1.08956e-24 -6.95338e-28 -2.02276e-24  2.41864e-28  2.08823e-25 -6.49364e-29  1.52747e-25  1.13493e-29 -1.28126e-26 -2.99275e-31 -7.83909e-27 -5.07416e-31  2.10961e-28   1.5152e-31  2.22405e-28 -1.47178e-32   6.0811e-30 -2.11178e-33 -2.27524e-30  7.37256e-34 -1.14154e-31 -7.11426e-35  2.64788e-33  1.81575e-36
  3.0298e-37 -1.39017e-35 -4.63303e-36  7.87958e-35 -1.65279e-35  1.87278e-34 -8.90278e-36 -5.63315e-34 -4.51828e-35 -3.65018e-34  4.10961e-35  5.19114e-34  1.54702e-34   5.3289e-34 -2.06911e-35 -1.05722e-33  5.83595e-35  1.06537e-34 -6.21565e-35 -1.05418e-33  8.67788e-35  1.21463e-32  1.50544e-34 -5.82554e-32 -1.30655e-34  5.74348e-31  1.50511e-34 -5.21679e-30 -1.14708e-34  4.29687e-29 -2.35788e-34 -3.21743e-28  1.49771e-34  2.19651e-27 -1.86346e-35 -1.37082e-26  -3.0471e-35  7.83652e-26  1.43702e-34 -4.10982e-25 -1.09371e-34  1.97952e-24    3.129e-34 -8.76266e-24 -1.51824e-33  3.56603e-23    6.852e-33 -1.33406e-22 -2.88336e-32  4.58569e-22   1.1305e-31 -1.44708e-21  -4.1462e-31  4.18667e-21  1.42281e-30 -1.10853e-20 -4.56918e-30   2.6798e-20  1.37314e-29 -5.89672e-20 -3.86098e-29  1.17651e-19  1.01538e-28 -2.11799e-19 -2.49624e-28  3.41857e-19  5.73278e-28 -4.90621e-19 -1.22884e-27  6.19038e-19  2.45604e-27 -6.75651e-19 -4.57168e-27  6.22066e-19  7.91474e-27 -4.62077e-19 -1.27255e-26  2.50574e-19  1.89704e-26   -6.683e-20 -2.61743e-26 -3.36173e-20  3.33603e-26  5.00926e-20 -3.91962e-26 -2.44363e-20  4.23586e-26  1.34904e-22 -4.20004e-26  6.61554e-21  3.81037e-26 -3.05724e-21 -3.15242e-26 -3.20107e-22  2.36855e-26  7.25543e-22 -1.60724e-26  -1.2934e-22  9.77462e-27 -9.04337e-23 -5.26924e-27   3.2062e-23  2.47714e-27  7.48998e-24 -9.90517e-28 -3.83945e-24   3.2319e-28 -5.05256e-25 -7.92568e-29  2.76582e-25  1.14035e-29  3.20035e-26  6.06164e-31 -1.11794e-26 -8.11798e-31 -1.47972e-27  2.04303e-31  1.89388e-28 -2.11369e-32  3.03635e-29 -8.01146e-34 -4.32618e-31  4.09907e-34 -1.31633e-31 -2.97554e-35 -1.30531e-33
 1.13386e-35  2.25788e-37 -2.89803e-35 -2.93203e-36  1.10062e-34   -1.671e-35  1.86962e-34 -1.76005e-35 -5.02587e-34 -5.97769e-35 -3.26728e-34  5.03478e-35  1.30716e-34  1.18042e-34   1.6107e-34 -2.57961e-35 -6.76392e-34  6.69612e-35  8.61565e-34 -8.18417e-35 -5.94685e-33  1.50544e-34  6.67467e-32  2.12163e-34 -6.24805e-31 -1.58573e-34  5.96768e-30  1.72925e-34 -5.16335e-29 -1.14111e-34  4.05413e-28 -2.44497e-34 -2.89842e-27  1.47218e-34  1.89206e-26 -2.67953e-35 -1.13034e-25 -4.79092e-35  6.19081e-25  1.85496e-34 -3.11258e-24 -2.98478e-34  1.43787e-23  1.28441e-33 -6.10609e-23 -5.97834e-33  2.38398e-22  2.61091e-32 -8.55503e-22 -1.06502e-31  2.81989e-21  4.06037e-31 -8.52826e-21 -1.44868e-30  2.36284e-20  4.83776e-30 -5.98481e-20 -1.51215e-29  1.38211e-19  4.42334e-29 -2.90016e-19 -1.21049e-28   5.5055e-19  3.09745e-28 -9.40253e-19 -7.40595e-28  1.43425e-18  1.65318e-27 -1.93524e-18 -3.44177e-27  2.27894e-18  6.67502e-27 -2.29577e-18 -1.20434e-26  1.91435e-18  2.01851e-26 -1.23876e-18 -3.13747e-26  5.20081e-19  4.51475e-26 -1.35871e-20 -6.00302e-26 -1.77249e-19  7.36079e-26   1.3803e-19 -8.30605e-26 -3.59889e-20  8.60681e-26 -1.89605e-20 -8.17108e-26  1.88972e-20   7.0898e-26 -3.43283e-21 -5.60608e-26 -2.88148e-21  4.02499e-26  1.50092e-21 -2.61059e-26  1.50161e-22  1.51812e-26  -2.5461e-22 -7.82533e-27  1.35822e-23  3.51318e-27   2.7593e-23 -1.33629e-27 -2.76573e-24  4.10888e-28 -2.11921e-24 -9.27056e-29  1.72459e-25  1.10076e-29  1.10413e-25  1.44027e-30 -2.74249e-27 -1.01754e-30 -3.17483e-27  2.24136e-31 -9.24619e-29 -2.19915e-32  3.28135e-29 -1.15392e-34  1.69698e-30  1.94039e-34 -3.79259e-32 -8.58934e-36
-3.75657e-38   1.6532e-35   -4.287e-37 -4.70678e-35   8.9586e-37  1.25642e-34 -1.29495e-35  1.69521e-34 -2.32071e-35 -4.09534e-34 -6.49589e-35 -2.84824e-34  6.28921e-35 -1.72257e-34  6.73038e-35 -2.64518e-34 -3.46114e-35 -6.23957e-34  8.25591e-35  5.19446e-33 -1.04637e-34 -5.82554e-32  2.12163e-34  6.50129e-31  2.67671e-34 -6.46857e-30  -1.8565e-34   5.8851e-29   1.9036e-34 -4.85008e-28 -9.98265e-35  3.63361e-27 -2.44827e-34 -2.48245e-26  1.39186e-34   1.5505e-25 -2.89482e-35 -8.87127e-25 -7.85091e-35  4.65682e-24  3.24285e-34 -2.24523e-23 -1.00649e-33  9.94963e-23  4.73235e-33  -4.0538e-22 -2.14516e-32  1.51843e-21  9.11768e-32 -5.22645e-21 -3.62468e-31  1.65165e-20   1.3485e-30 -4.78587e-20 -4.69702e-30  1.26926e-19  1.53171e-29 -3.07368e-19 -4.67562e-29   6.7759e-19  1.33552e-28 -1.35455e-18 -3.56765e-28  2.44348e-18  8.90687e-28 -3.95231e-18 -2.07635e-27   5.6846e-18  4.51503e-27 -7.18828e-18 -9.14703e-27  7.86236e-18  1.72413e-26  -7.2523e-18 -3.01903e-26  5.39312e-18  4.90286e-26 -2.92073e-18 -7.37107e-26  7.65347e-19  1.02393e-25  4.13739e-19 -1.31157e-25 -6.01934e-19  1.54592e-25  2.91447e-19  -1.6732e-25  8.78405e-22  1.65953e-25 -8.13067e-20  -1.5053e-25  3.72215e-20  1.24624e-25  4.21277e-21 -9.39666e-26 -9.05492e-21  6.43458e-26  1.58477e-21 -3.98457e-26  1.15336e-21  2.21558e-26 -4.05062e-22 -1.09334e-26 -9.76416e-23  4.69869e-27  4.94709e-23 -1.70588e-27  6.71897e-24   4.9668e-28 -3.62511e-24 -1.03962e-28  -4.3137e-25  1.03594e-29  1.48772e-25  2.02443e-30  2.01659e-26 -1.08378e-30 -2.54842e-27  2.10243e-31 -4.18779e-28 -1.85483e-32  5.61581e-30  1.20797e-34  1.83587e-30  7.38213e-35   1.8814e-32
