 2.24923e-07 -3.28386e-21 -2.42573e-06   5.6417e-20  8.85643e-06 -2.96913e-19 -1.58993e-05  8.84617e-19  1.40735e-05 -1.75609e-18 -3.53977e-06  2.46076e-18 -2.91821e-06 -2.38418e-18  1.04915e-06  1.37151e-18  8.97062e-07 -1.71306e-19 -5.93752e-08 -2.73314e-19 -2.45647e-07  1.61031e-20 -8.28964e-08  1.82881e-19  2.07264e-08 -7.97922e-20   2.9256e-08 -2.12525e-20  1.09951e-08  7.69652e-21 -3.14797e-11  7.37121e-21 -2.24238e-09  2.89791e-21 -1.33132e-09 -4.71561e-21 -3.96333e-10  2.93718e-22 -1.09075e-11  4.78884e-22  5.89072e-11  1.08541e-22  3.81398e-11 -5.38722e-23  1.47966e-11 -2.23039e-23  3.74557e-12 -1.36702e-23   3.3497e-13  4.49551e-24 -2.56772e-13  4.21953e-24 -1.87692e-13  1.93188e-24 -7.99194e-14 -2.09919e-25 -2.60684e-14 -8.35792e-25 -6.86149e-15 -3.21844e-25 -1.42165e-15   3.3052e-26 -1.94061e-16  7.53315e-26  5.29007e-18  3.36091e-26  1.50699e-17  3.19744e-27  6.53959e-18 -4.49524e-27  2.04112e-18 -2.97708e-27  5.32571e-19 -1.03577e-27  1.22091e-19 -2.13811e-28  2.51493e-20 -3.85767e-30  4.70888e-21  1.78892e-29  8.06336e-22  8.60486e-30  1.26643e-22  2.52423e-30  1.82556e-23  5.36477e-31  2.41231e-24  7.77274e-32  2.91314e-25  2.04286e-33   3.1981e-26  -3.2384e-33  3.16515e-27 -1.32697e-33  2.78633e-28 -3.51525e-34  2.13156e-29 -7.54342e-35   1.3519e-30 -1.39913e-35  6.25229e-32 -2.26802e-36  8.93643e-34 -3.19499e-37 -2.02898e-34 -3.90483e-38 -2.85412e-35 -4.14923e-39 -2.41321e-36  -3.8146e-40 -1.54477e-37 -2.98869e-41  -7.8472e-39 -1.95766e-42 -3.17307e-40 -1.05117e-43 -1.00637e-41 -4.50997e-45 -2.40803e-43  -1.4807e-46  -3.9719e-45 -3.44675e-48 -3.73278e-47 -4.91254e-50 -1.26424e-49 -2.77717e-52
-3.28386e-21  3.66707e-06 -3.10426e-20  -2.2101e-05   3.6855e-19  5.94313e-05 -1.53871e-18 -8.27334e-05  3.83724e-18  5.33276e-05  -6.6356e-18  -7.2151e-07  8.40822e-18 -1.46268e-05 -7.47893e-18 -9.80314e-09   3.7071e-18  3.93447e-06  1.63432e-19  1.03734e-06 -1.18261e-18 -6.46243e-07  8.37386e-20 -5.24461e-07  4.99385e-19 -8.98088e-08 -1.23658e-19  7.54088e-08 -1.09988e-19  6.08064e-08  8.57228e-21  1.85198e-08  3.17049e-20 -1.46567e-09  7.18362e-21  -4.4743e-09 -1.19415e-20 -2.47439e-09  3.27396e-22 -7.50681e-10  9.94343e-22 -5.77245e-11  3.68598e-22  8.12816e-11 -5.29144e-23  5.87183e-11 -9.74002e-23  2.47419e-11 -5.43393e-23  7.36866e-12  1.70805e-23  1.39632e-12  1.81886e-23 -1.34279e-14   6.3474e-24 -1.52927e-13   -1.725e-24 -8.33876e-14 -2.94158e-24 -3.12523e-14 -9.78562e-25 -9.45787e-15  1.41197e-25 -2.41317e-15  2.50192e-25 -5.20393e-16  1.02287e-25 -9.12574e-17  4.67277e-27 -1.10856e-17 -1.68586e-26 -5.97738e-21 -1.04403e-26  5.21707e-19 -3.65278e-27  2.04924e-19 -8.11118e-28  5.64648e-20 -6.13001e-29  1.29568e-20  3.89897e-29  2.61312e-21  2.17446e-29  4.74375e-22  6.65952e-30  7.84789e-23  1.46746e-30  1.19136e-23  2.26809e-31  1.66596e-24  1.21726e-32   2.1501e-25 -6.54101e-33  2.56257e-26 -2.93274e-33   2.8191e-27 -7.77003e-34  2.85851e-28  -1.6248e-34  2.66527e-29 -2.89241e-35   2.2775e-30 -4.45171e-36  1.77562e-31  -5.9055e-37  1.25571e-32 -6.74971e-38  7.99458e-34 -6.66324e-39  4.53764e-35 -5.65393e-40  2.26752e-36 -4.05885e-41  9.81549e-38 -2.41294e-42  3.59968e-39 -1.16032e-43  1.08369e-40 -4.37237e-45  2.55687e-42 -1.22207e-46  4.39051e-44 -2.28536e-48  4.74373e-46  -2.2682e-50  2.07318e-48
-2.42573e-06 -3.10426e-20  2.91107e-05 -1.65963e-19 -0.000119942  1.49297e-18  0.000249136 -5.07247e-18 -0.000270823  1.06324e-17  0.000116878 -1.61223e-17  3.61685e-05  1.89012e-17  -3.7368e-05 -1.59214e-17  -1.2238e-05  6.91023e-18  7.96247e-06  1.53856e-18  5.55978e-06 -2.91652e-18 -2.78298e-08  1.02466e-20 -1.40863e-06  1.04141e-18 -6.69827e-07 -7.23049e-20 -2.01835e-08 -2.86484e-19  1.38755e-07 -1.11494e-20   8.4452e-08  7.11189e-20  2.20042e-08  1.61154e-20 -3.00821e-09  -2.0449e-20 -5.92898e-09 -4.55179e-22 -3.17717e-09  1.53807e-21 -1.01033e-09  8.56841e-22 -1.36928e-10 -1.92554e-23   6.2657e-11 -2.79131e-22  5.71716e-11 -1.25399e-22  2.65442e-11  5.18263e-23  8.94291e-12  4.98782e-23  2.25647e-12   1.3501e-23   3.6172e-13 -6.24356e-24 -1.43512e-14 -7.11396e-24  -3.9239e-14  -2.0692e-24 -1.91492e-14  3.94223e-25 -6.67836e-15  5.65461e-25 -1.92499e-15   2.0461e-25 -4.80406e-16 -8.53334e-27 -1.05625e-16 -4.61237e-26 -2.05125e-17 -2.64304e-26 -3.47934e-18 -9.25028e-27 -4.97525e-19 -2.19211e-27 -5.37694e-20 -2.71541e-28 -2.23655e-21  4.05073e-29  8.49328e-22  3.43542e-29  3.22002e-22   1.1347e-29   7.4383e-23  2.59425e-30  1.38361e-23  4.16196e-31   2.2246e-24  2.76454e-32  3.17916e-25 -9.38855e-33  4.09058e-26  -4.4701e-33  4.76703e-27 -1.16883e-33  5.04185e-28 -2.36596e-34  4.83711e-29 -4.03041e-35  4.19893e-30 -5.88377e-36  3.28383e-31 -7.34857e-37  2.29954e-32 -7.85358e-38  1.43002e-33 -7.19919e-39   7.8123e-35 -5.63054e-40  3.69696e-36 -3.69339e-41  1.48751e-37 -1.98324e-42  4.95924e-39 -8.47466e-44  1.31974e-40 -2.76879e-45  2.64626e-42 -6.43501e-47  3.61511e-44  -9.1778e-49  2.67171e-46 -5.18206e-51
  5.6417e-20  -2.2101e-05 -1.65963e-19  0.000150022 -6.20979e-19 -0.000462292  4.46355e-18  0.000762706 -1.24463e-17 -0.000642079  2.16764e-17  0.000144344  -2.8824e-17  0.000149082  3.23416e-17 -5.16061e-05 -2.69156e-17 -4.75343e-05  1.04256e-17   4.1965e-06  4.33107e-18  1.42337e-05 -5.31053e-18  4.38117e-06 -4.93644e-19 -1.67319e-06  1.80235e-18 -1.90193e-06  1.39327e-19  -6.1863e-07 -5.14784e-19  8.11796e-08 -6.95666e-20  1.81156e-07  1.13001e-19  9.28623e-08  3.00321e-20   2.1939e-08 -2.75888e-20 -3.47052e-09 -1.93818e-21 -6.02539e-09  2.32201e-21 -3.22638e-09  1.58638e-21 -1.09194e-09 -9.08629e-23 -2.11099e-10 -6.29591e-22  1.84875e-11 -2.05326e-22  3.78911e-11  1.31943e-22   2.0284e-11  1.06075e-22  7.61554e-12  2.15818e-23  2.25157e-12 -1.56342e-23  5.26001e-13  -1.3673e-23  8.67849e-14 -3.49138e-24  3.27986e-15  8.29329e-25 -4.60402e-15  9.81197e-25 -2.40534e-15  2.89544e-25  -8.2411e-16 -6.74721e-26 -2.30353e-16 -1.05788e-25 -5.59473e-17 -5.58648e-26 -1.21278e-17 -1.94588e-26 -2.37778e-18 -4.86802e-27 -4.24505e-19 -7.90729e-28 -6.92076e-20  -2.3971e-29 -1.03032e-20  3.36837e-29 -1.39687e-21   1.3506e-29 -1.71448e-22  3.27744e-30 -1.88464e-23  5.37038e-31 -1.81931e-24  3.56562e-32 -1.48129e-25 -1.19093e-32 -9.14069e-27 -5.52123e-33 -2.40496e-28 -1.39375e-33  3.76499e-29 -2.70447e-34  7.96483e-30 -4.38743e-35   9.5557e-31 -6.06006e-36   8.8284e-32 -7.11505e-37  6.72247e-33  -7.1007e-38  4.30337e-34 -6.03448e-39  2.31945e-35 -4.33985e-40  1.04322e-36 -2.59119e-41  3.84582e-38 -1.24904e-42  1.12801e-39   -4.696e-44  2.50963e-41 -1.30774e-45  3.91421e-43  -2.4439e-47  3.68372e-45 -2.42852e-49  1.33401e-47
 8.85643e-06   3.6855e-19 -0.000119942 -6.20979e-19  0.000564703 -1.80932e-18  -0.00136977  1.07463e-17   0.00182306 -2.44224e-17  -0.00115371  3.41102e-17 -4.58901e-06 -3.93471e-17  0.000351246  4.48268e-17 -5.25507e-06 -3.90003e-17 -0.000103598   1.3732e-17 -2.35671e-05  8.53569e-18  2.08919e-05 -7.90262e-18  1.47574e-05 -1.62994e-18  1.40908e-06  2.62356e-18 -2.95456e-06  5.40963e-19 -1.94636e-06 -7.09719e-19 -4.43665e-07 -1.68197e-19  1.58698e-07  1.39829e-19  1.89145e-07  4.33886e-20  8.70713e-08 -3.21108e-20  1.99308e-08 -3.05215e-21 -2.58163e-09  3.95856e-21 -4.91966e-09  2.47806e-21 -2.70631e-09 -5.21373e-22  -9.8038e-10 -1.18956e-21 -2.39384e-10 -2.44767e-22 -2.20297e-11  2.85116e-22  1.47584e-11  1.89691e-22  1.08889e-11  2.74686e-23  4.65386e-12 -3.06651e-23  1.54276e-12 -2.20541e-23   4.2376e-13 -4.96562e-24   9.7387e-14    1.357e-24  1.80611e-14  1.31995e-24  2.29592e-15  2.37648e-25 -8.87815e-18 -2.25106e-25 -1.23947e-16 -2.14217e-25 -5.05571e-17 -1.04419e-25 -1.45294e-17 -3.60072e-26 -3.47774e-18   -9.384e-27 -7.31224e-19  -1.7956e-27 -1.38299e-19 -2.09601e-28 -2.38234e-20  4.36971e-30   -3.764e-21  9.43896e-30 -5.47653e-22  2.75454e-30 -7.35372e-23  4.58875e-31 -9.12065e-24  1.93546e-32 -1.04472e-24 -1.53116e-32 -1.10406e-25 -6.01304e-33 -1.07451e-26 -1.41634e-33 -9.60461e-28 -2.59591e-34 -7.85605e-29 -3.97963e-35 -5.85146e-30 -5.17734e-36 -3.94358e-31 -5.69639e-37 -2.38498e-32 -5.29423e-38 -1.28048e-33 -4.15933e-39 -6.01741e-35 -2.74063e-40  -2.4285e-36 -1.48164e-41 -8.19935e-38 -6.35998e-43 -2.23076e-39  -2.0767e-44 -4.61533e-41 -4.81549e-46 -6.55507e-43 -6.87065e-48 -5.06437e-45 -3.88689e-50
-2.96913e-19  5.94313e-05  1.49297e-18 -0.000462292 -1.80932e-18   0.00165662 -4.41164e-18  -0.00326832  2.21159e-17   0.00352938 -4.01284e-17  -0.00156303  4.15181e-17 -0.000494438 -3.99983e-17  0.000567962  5.23113e-17  0.000164231 -5.09742e-17 -0.000144439  1.64703e-17 -8.65334e-05  1.37919e-17  1.02874e-05  -1.0077e-17  2.79654e-05 -3.38667e-18  1.06522e-05  3.21942e-18 -1.49185e-06  1.09465e-18 -3.40405e-06 -7.76337e-19  -1.6496e-06 -2.76715e-19 -2.54314e-07  1.40043e-19  1.85217e-07  4.59543e-20  1.67325e-07 -3.55603e-20  7.24248e-08 -2.47048e-21  1.71121e-08  7.06228e-21  -9.5972e-10  3.26253e-21  -3.2384e-09 -1.59208e-21 -1.89204e-09  -1.9423e-21 -7.34983e-10 -1.77146e-22 -2.10281e-10  5.32548e-22 -4.00716e-11  2.98065e-22 -8.35259e-13  2.90958e-23  3.43211e-12   -4.946e-23  1.93257e-12 -3.05534e-23  7.29857e-13 -6.17124e-24  2.23397e-13  1.64647e-24  5.85497e-14  1.23059e-24  1.33933e-14 -1.39959e-25  2.67641e-15 -5.52137e-25  4.58877e-16 -3.92174e-25   6.3718e-17 -1.77421e-25  5.74118e-18 -6.02516e-26 -2.36776e-19 -1.61275e-26 -2.69042e-19 -3.41041e-27 -8.08537e-20 -5.54923e-28 -1.79319e-20 -6.39135e-29 -3.34754e-21 -3.19271e-30 -5.49802e-22  5.76491e-31 -8.10126e-23  1.10421e-31 -1.08119e-23 -3.02776e-32 -1.31279e-24 -2.06143e-32 -1.45233e-25 -6.12748e-33 -1.46294e-26 -1.29032e-33 -1.33861e-27 -2.18794e-34 -1.10828e-28 -3.13287e-35 -8.25657e-30   -3.811e-36 -5.49428e-31 -3.90894e-37 -3.23465e-32 -3.36839e-38 -1.66406e-33 -2.43563e-39 -7.35992e-35 -1.46275e-40 -2.73785e-36 -7.10984e-42 -8.30684e-38  -2.6892e-43 -1.96401e-39 -7.49441e-45 -3.35787e-41 -1.39903e-46  -3.5862e-43 -1.39216e-48 -1.54329e-45
-1.58993e-05 -1.53871e-18  0.000249136  4.46355e-18  -0.00136977 -4.41164e-18   0.00394792 -9.48122e-18  -0.00647753  4.06305e-17   0.00565263 -5.72089e-17   -0.0014478  3.64737e-17  -0.00137922 -2.50454e-17  0.000620601  5.31194e-17  0.000472752 -6.22318e-17 -0.000102248  1.82736e-17 -0.000171096   1.9518e-17 -3.44527e-05 -1.12096e-17   3.2434e-05 -5.53064e-18  2.52274e-05  3.29115e-18  5.23906e-06  1.67605e-18 -3.17856e-06 -6.57308e-19 -3.11957e-06 -3.38458e-19 -1.22286e-06  1.17199e-19 -1.18728e-07  2.93998e-20  1.65912e-07 -4.09053e-20  1.29223e-07  4.21202e-22  5.44785e-08  1.14817e-20  1.38856e-08  3.32208e-21  5.22257e-10 -3.53769e-21 -1.64738e-09 -2.81519e-21 -1.08632e-09   5.1381e-23 -4.55224e-10   8.7456e-22 -1.45803e-10  4.23144e-22 -3.62907e-11  2.83848e-23 -6.26038e-12 -6.66961e-23 -1.92941e-13 -3.66277e-23   3.9996e-13 -7.03307e-24  2.13567e-13  1.04921e-24  7.58145e-14  2.12547e-25   2.1967e-14 -1.07011e-24  5.51952e-15 -1.12096e-24  1.23395e-15 -6.56755e-25  2.48482e-16 -2.77748e-25  4.53132e-17 -9.24413e-26  7.48839e-18 -2.50721e-26  1.11732e-18 -5.62011e-27    1.491e-19 -1.05509e-27   1.7448e-20 -1.69298e-28    1.714e-21 -2.37261e-29  1.24612e-22 -3.06781e-30  2.76695e-24 -4.65554e-31 -1.10403e-24 -1.06286e-31 -2.63676e-25 -2.74032e-32 -3.95889e-26 -6.04974e-33  -4.7356e-27  -1.0969e-33 -4.79636e-28  -1.6794e-34 -4.20254e-29 -2.21101e-35 -3.20666e-30  -2.4884e-36 -2.12832e-31 -2.36088e-37 -1.22073e-32 -1.87394e-38  -5.9816e-34 -1.23924e-39 -2.46143e-35 -6.73471e-41 -8.29688e-37 -2.91539e-42 -2.20818e-38 -9.58083e-44 -4.38034e-40 -2.22449e-45 -5.84767e-42 -3.17265e-47 -4.16163e-44 -1.79847e-49
 8.84617e-19 -8.27334e-05 -5.07247e-18  0.000762706  1.07463e-17  -0.00326832 -9.48122e-18   0.00786971 -1.85386e-17   -0.0109068  6.84474e-17   0.00756284 -7.29209e-17 -0.000399011  1.47686e-17  -0.00247889  5.37193e-18   0.00029958  4.87387e-17  0.000837148 -7.23467e-17  8.62707e-05  1.86109e-17 -0.000229293  2.50491e-17 -0.000116041 -1.08057e-17   1.1819e-05 -7.67161e-18  3.76078e-05  2.65429e-18  1.76893e-05  2.09297e-18  1.02288e-06 -3.65916e-19  -3.5424e-06 -2.98216e-19 -2.45452e-06  9.07194e-20 -8.27166e-07 -4.50845e-21 -4.93427e-08 -4.87055e-20  1.22147e-07  5.35169e-21  8.82319e-08  1.58195e-20  3.72041e-08  1.61589e-21  1.04159e-08 -6.55838e-21   1.3172e-09 -3.75382e-21 -5.46328e-10  4.29918e-22  -4.8876e-10  1.27447e-21 -2.26703e-10   5.5168e-22 -7.95339e-11  3.19012e-23 -2.27525e-11   -7.487e-23 -5.34203e-12 -3.80093e-23 -9.72239e-13 -8.10959e-24 -1.01538e-13 -1.38703e-24  1.44034e-14 -2.28605e-24  1.24144e-14  -2.7541e-24  4.60561e-15 -1.97921e-24  1.30877e-15 -1.01251e-24  3.16779e-16 -4.03132e-25  6.79373e-17 -1.30951e-25  1.31567e-17 -3.55645e-26   2.3247e-18 -8.21407e-27  3.77021e-19 -1.64894e-27  5.63198e-20 -2.95456e-28   7.7639e-21 -4.82534e-29  9.88478e-22 -7.35893e-30  1.16227e-22 -1.12227e-30  1.26121e-23 -1.87722e-31  1.26132e-24 -3.37709e-32  1.16027e-25  -5.8185e-33  9.79074e-27  -8.9406e-34  7.55141e-28 -1.21041e-34  5.29811e-29 -1.43983e-35  3.35986e-30  -1.4792e-36  1.90942e-31 -1.28453e-37  9.61191e-33 -9.30767e-39  4.21834e-34 -5.58052e-40  1.57886e-35 -2.71776e-41  4.88498e-37 -1.03465e-42  1.19249e-38 -2.89856e-44  2.12819e-40 -5.41447e-46  2.39541e-42  -5.3848e-48  1.09621e-44
 1.40735e-05  3.83724e-18 -0.000270823 -1.24463e-17   0.00182306  2.21159e-17  -0.00647753 -1.85386e-17    0.0134183 -3.33516e-17   -0.0158783  1.06796e-16   0.00842208 -8.52154e-17   0.00170767 -2.14958e-17  -0.00338553   4.4663e-17 -0.000501813  4.24306e-17   0.00107988 -8.06082e-17  0.000427291  1.69034e-17 -0.000194599   2.9752e-17 -0.000210243 -8.62084e-18  -4.4173e-05 -9.34706e-18  3.49302e-05  1.31928e-18  3.15116e-05  2.14526e-18  1.01042e-05   7.7458e-21 -1.21141e-06 -1.37806e-19 -3.04941e-06  8.65483e-20   -1.729e-06  -3.9851e-20 -5.29169e-07 -5.33392e-20 -2.60922e-08  1.22373e-20  7.51426e-08  1.78892e-20  5.32039e-08 -3.10146e-21  2.28739e-08 -1.08855e-20  7.01733e-09 -4.84581e-21  1.38711e-09  8.22299e-22  2.30431e-12  1.64313e-21 -1.50105e-10  6.61713e-22 -8.54759e-11  4.62387e-23 -3.31819e-11 -6.84085e-23 -1.04247e-11 -3.45742e-23 -2.78548e-12 -1.09716e-23 -6.41732e-13 -6.79337e-24 -1.26243e-13 -6.71547e-24 -2.02436e-14 -5.28926e-24 -2.22014e-15 -3.12123e-24  2.11521e-17 -1.44303e-24  9.81853e-17  -5.4414e-25  3.48729e-17 -1.71917e-25  8.80119e-18 -4.62981e-26  1.85181e-18 -1.08019e-26  3.41799e-19 -2.23011e-27   5.6593e-20 -4.16118e-28  8.50039e-21 -7.10056e-29  1.16497e-21 -1.11861e-29  1.46065e-22 -1.67643e-30  1.67648e-23 -2.50114e-31  1.75971e-24 -3.74298e-32  1.68525e-25  -5.3667e-33  1.46716e-26 -7.05363e-34  1.15531e-27 -8.36612e-35  8.17412e-29 -8.86492e-36   5.1523e-30 -8.19824e-37  2.86159e-31 -6.43645e-38  1.38059e-32 -4.21022e-39  5.67772e-34 -2.26312e-40  1.93961e-35 -9.75158e-42  5.30358e-37  -3.2106e-43  1.09576e-38 -7.46864e-45  1.54531e-40 -1.06345e-46  1.18046e-42  -6.0158e-49
-1.75609e-18  5.33276e-05  1.06324e-17 -0.000642079 -2.44224e-17   0.00352938  4.06305e-17   -0.0109068 -3.33516e-17     0.019933 -5.50402e-17    -0.020279  1.53999e-16   0.00757766 -9.30757e-17   0.00455745 -6.41234e-17  -0.00363028  8.30043e-17  -0.00168547  3.70532e-17   0.00100433 -8.61463e-17  0.000840133  1.28062e-17 -1.87342e-05  3.31122e-17 -0.000268566 -4.72704e-18 -0.000128357 -1.01113e-17  5.68604e-06 -4.93238e-19  3.77932e-05  1.70322e-18  2.17619e-05  3.18734e-19   4.7462e-06   1.0118e-19  -1.8452e-06  1.22446e-19 -2.23268e-06 -5.02336e-20 -1.11851e-06 -4.21453e-20 -3.28474e-07  2.29127e-20 -2.31397e-08  1.61623e-20    3.789e-08 -1.16853e-20  2.79161e-08 -1.67821e-20  1.24291e-08 -6.40686e-21  4.12823e-09  9.34275e-22  1.02971e-09  1.83122e-21  1.58493e-10  7.13883e-22 -1.14132e-11  6.78251e-23   -2.038e-11 -4.97895e-23 -9.75505e-12 -3.03669e-23  -3.4055e-12 -1.83872e-23 -9.90019e-13 -1.62568e-23 -2.50727e-13 -1.32627e-23 -5.63966e-14 -8.60428e-24  -1.1354e-14 -4.46984e-24 -2.04603e-15 -1.90764e-24 -3.27417e-16  -6.8428e-25 -4.55697e-17 -2.09674e-25 -5.23798e-18 -5.55568e-26  -4.1939e-19 -1.29117e-26  2.91062e-22 -2.67992e-27  8.77285e-21  -5.0443e-28  2.25625e-21 -8.66137e-29  4.03997e-22 -1.36128e-29  5.94772e-23 -1.98914e-30  7.56821e-24 -2.77046e-31  8.49025e-25 -3.70381e-32  8.46436e-26 -4.65066e-33  7.51333e-27 -5.35096e-34  5.92598e-28 -5.58554e-35  4.13202e-29 -5.24134e-36  2.52663e-30 -4.31807e-37  1.33956e-31 -3.02943e-38  6.06279e-33 -1.76743e-39  2.29283e-34 -8.40597e-41  7.02884e-36 -3.15402e-42  1.66907e-37 -8.78508e-44  2.84873e-39 -1.63461e-45  3.01899e-41 -1.61597e-47  1.28179e-43
-3.53977e-06  -6.6356e-18  0.000116878  2.16764e-17  -0.00115371 -4.01284e-17   0.00565263  6.84474e-17   -0.0158783 -5.50402e-17    0.0262224 -8.26575e-17   -0.0230133  2.03842e-16   0.00490621 -9.63351e-17   0.00748758 -1.02217e-16  -0.00291217  1.12088e-16   -0.0029573  3.38167e-17  0.000497252 -8.85016e-17   0.00117687  6.37331e-18  0.000293366  3.47721e-17 -0.000238509  4.94454e-19 -0.000212818 -9.62324e-18 -5.17695e-05 -2.39558e-18  2.69139e-05  7.67903e-19  3.03077e-05  4.09191e-19  1.31541e-05  3.21297e-19   1.8018e-06  1.95957e-19 -1.60797e-06  -9.0386e-21 -1.44556e-06  1.45276e-21 -6.73258e-07  4.23698e-20 -1.99203e-07  1.15355e-20 -2.32741e-08 -2.37998e-20  1.44491e-08 -2.43733e-20  1.23295e-08 -8.92748e-21  5.80045e-09  3.51832e-22   2.0619e-09  1.64101e-21  5.88161e-10  6.42453e-22  1.32314e-10  7.16644e-23     2.02e-11 -3.47826e-23  1.41226e-14 -3.46325e-23 -1.44015e-12 -3.40625e-23 -6.86053e-13 -3.05257e-23 -2.27518e-13  -2.1733e-23 -6.24325e-14 -1.24361e-23 -1.49734e-14 -5.87939e-24 -3.21646e-15 -2.34658e-24 -6.26828e-16 -8.03014e-25 -1.11629e-16 -2.38055e-25 -1.82409e-17 -6.16792e-26 -2.74091e-18  -1.4135e-26 -3.79037e-19 -2.90736e-27 -4.82316e-20 -5.42489e-28 -5.64211e-21 -9.20536e-29 -6.05816e-22 -1.42141e-29 -5.95878e-23  -2.0149e-30 -5.35646e-24 -2.65978e-31 -4.38967e-25 -3.28046e-32 -3.27187e-26 -3.72913e-33 -2.21364e-27 -3.84759e-34 -1.35755e-28 -3.58126e-35  -7.5389e-30 -2.98591e-36 -3.78507e-31 -2.18309e-37 -1.71017e-32 -1.35775e-38 -6.87265e-34 -6.98991e-40 -2.39909e-35 -2.90122e-41 -6.98269e-37 -9.30352e-43 -1.58658e-38 -2.13052e-44 -2.51772e-40 -2.99759e-46 -2.19455e-42 -1.67507e-48
 2.46076e-18  -7.2151e-07 -1.61223e-17  0.000144344  3.41102e-17  -0.00156303 -5.72089e-17   0.00756284  1.06796e-16    -0.020279 -8.26575e-17    0.0310332 -1.12182e-16   -0.0234863  2.46162e-16  0.000878072 -9.56184e-17   0.00977055 -1.26663e-16  -0.00124112  1.28426e-16  -0.00394426  3.25335e-17 -0.000406895 -8.80064e-17   0.00128232 -2.01433e-18  0.000673725  3.45051e-17 -9.04392e-05  6.41968e-18 -0.000257659 -7.71973e-18 -0.000124473 -3.92074e-18 -5.75792e-06 -5.17445e-19  2.88132e-05  1.54895e-19  2.05544e-05  3.98721e-19  7.26421e-06  2.81155e-19  5.35044e-07  9.88378e-20 -1.08956e-06  9.22595e-20 -8.40203e-07   7.8633e-20 -3.77417e-07   8.4496e-21 -1.16239e-07 -3.72678e-20 -2.01331e-08 -3.33117e-20  2.89325e-09 -1.28408e-20  4.26709e-09 -1.33017e-21  2.22339e-09  8.67952e-22  8.45295e-10  3.56513e-22  2.62567e-10  7.23049e-24  6.87588e-11 -5.28137e-23    1.511e-11 -6.05957e-23  2.64732e-12 -6.17346e-23  2.96133e-13 -4.96777e-23 -1.65682e-14 -3.15105e-23 -2.19779e-14  -1.6362e-23 -8.11726e-15 -7.16249e-24 -2.21694e-15 -2.69418e-24 -5.10224e-16 -8.80955e-25 -1.03515e-16 -2.52118e-25  -1.8901e-17 -6.35636e-26 -3.14001e-18 -1.42572e-26 -4.77482e-19 -2.87792e-27 -6.66737e-20 -5.26625e-28 -8.56073e-21 -8.73929e-29  -1.0107e-21 -1.31425e-29 -1.09593e-22 -1.80016e-30 -1.08901e-23 -2.26409e-31 -9.88423e-25 -2.61521e-32 -8.15762e-26 -2.74428e-33 -6.08619e-27 -2.58607e-34 -4.07388e-28 -2.17732e-35 -2.42294e-29 -1.62687e-36 -1.26449e-30 -1.05808e-37 -5.69651e-32 -5.81629e-39 -2.16696e-33 -2.62229e-40  -6.7492e-35  -9.3773e-42 -1.64406e-36 -2.51692e-43 -2.90567e-38 -4.56401e-45 -3.21865e-40  -4.4196e-47  -1.4419e-42
-2.91821e-06  8.40822e-18  3.61685e-05  -2.8824e-17 -4.58901e-06  4.15181e-17   -0.0014478 -7.29209e-17   0.00842208  1.53999e-16   -0.0230133 -1.12182e-16    0.0335802 -1.36998e-16   -0.0218118  2.70202e-16  -0.00368134 -9.25386e-17    0.0109049 -1.33315e-16   0.00108207  1.33686e-16  -0.00434388  3.26705e-17  -0.00153496 -8.55831e-17   0.00105898 -1.18227e-17   0.00101274  3.21612e-17  0.000164374  1.22843e-17 -0.000227685 -4.45491e-18 -0.000187386 -4.63666e-18 -5.56579e-05 -1.91293e-18   1.2686e-05 -5.01295e-19  2.24039e-05   2.2314e-19  1.24878e-05  3.34732e-19  3.81715e-06  2.69332e-19  1.39507e-07  2.37806e-19 -6.11737e-07  1.41146e-19 -4.38042e-07  1.46637e-20 -1.94858e-07 -4.79222e-20 -6.32912e-08 -4.24131e-20 -1.42444e-08 -1.81806e-20 -1.08618e-09 -4.31849e-21  9.27866e-10 -6.29471e-22  6.41593e-10 -2.39286e-22  2.69595e-10 -1.91309e-22  8.98708e-11 -1.39703e-22   2.5487e-11 -1.21447e-22  6.31295e-12 -1.03656e-22  1.37708e-12 -7.28151e-23  2.63328e-13 -4.16119e-23  4.31772e-14 -1.98787e-23  5.69532e-15 -8.13295e-24  4.70679e-16 -2.89583e-24 -2.78229e-17 -9.05294e-25 -2.33711e-17 -2.49609e-25 -6.54696e-18 -6.09934e-26 -1.36982e-18  -1.3314e-26 -2.41331e-19 -2.61935e-27 -3.72994e-20 -4.66645e-28 -5.14879e-21 -7.52149e-29 -6.40079e-22 -1.09519e-29 -7.19014e-23 -1.44457e-30 -7.30006e-24 -1.73328e-31 -6.68539e-25 -1.88776e-32 -5.50068e-26 -1.84778e-33 -4.04239e-27 -1.60891e-34 -2.63216e-28 -1.23895e-35 -1.50258e-29 -8.37023e-37 -7.41582e-31 -4.86722e-38 -3.10593e-32 -2.36579e-39 -1.07602e-33 -9.29603e-41  -2.9717e-35 -2.83041e-42 -6.17744e-37  -6.2091e-44 -8.73325e-39  -8.4538e-46  -6.6642e-41  -4.5955e-48
-2.38418e-18 -1.46268e-05  1.89012e-17  0.000149082 -3.93471e-17 -0.000494438  3.64737e-17 -0.000399011 -8.52154e-17   0.00757766  2.03842e-16   -0.0234863 -1.36998e-16    0.0338121 -1.50022e-16   -0.0186559  2.69007e-16  -0.00795337 -8.96868e-17    0.0107534 -1.23653e-16   0.00361043  1.32602e-16  -0.00402264  3.41743e-17  -0.00264309 -8.21385e-17  0.000503014 -2.24635e-17   0.00119881  2.76578e-17  0.000473792  1.73195e-17 -0.000108306 -8.85451e-20 -0.000212334 -4.25821e-18 -0.000108911 -3.16514e-18 -1.72417e-05 -1.54173e-18  1.52381e-05  -2.7163e-19  1.46866e-05  3.06838e-19   7.0289e-06  4.78371e-19  1.98196e-06  4.35213e-19  7.55892e-08  2.38157e-19 -2.84833e-07  3.95982e-20 -2.01762e-07 -5.01333e-20 -9.06384e-08 -4.94756e-20 -3.10128e-08 -2.42886e-20 -8.22433e-09  -8.4461e-21 -1.51257e-09 -2.85111e-21 -5.48829e-11 -1.20487e-21  1.04298e-10  -5.8011e-22  5.90762e-11 -3.23699e-22   2.2064e-11 -2.24471e-22  6.70678e-12 -1.58932e-22  1.76533e-12 -9.79071e-23   4.1323e-13 -5.08259e-23  8.71757e-14 -2.25068e-23  1.66871e-14 -8.65015e-24   2.9065e-15 -2.92211e-24  4.60552e-16 -8.73264e-25   6.6183e-17  -2.3153e-25  8.56696e-18 -5.46528e-26  9.86399e-19 -1.15585e-26  9.86292e-20 -2.20486e-27  8.12367e-21 -3.80407e-28  4.68809e-22 -5.92587e-29  2.02677e-24 -8.31804e-30 -4.23593e-24 -1.05327e-30 -7.49163e-25 -1.20494e-31 -8.86091e-26 -1.24053e-32 -8.34238e-27  -1.1382e-33 -6.55102e-28  -9.2139e-35 -4.34957e-29 -6.53258e-36 -2.44002e-30 -4.01517e-37 -1.14509e-31 -2.09634e-38 -4.41313e-33 -9.01617e-40 -1.35654e-34 -3.07363e-41 -3.17711e-36 -7.86462e-43 -5.25147e-38 -1.36725e-44 -5.27276e-40 -1.27903e-46 -2.06083e-42
 1.04915e-06 -7.47893e-18  -3.7368e-05  3.23416e-17  0.000351246 -3.99983e-17  -0.00137922  1.47686e-17   0.00170767 -9.30757e-17   0.00490621  2.46162e-16   -0.0218118 -1.50022e-16    0.0322929 -1.46388e-16   -0.0148699  2.42217e-16   -0.0113941 -9.00326e-17   0.00949652 -1.03205e-16   0.00591887  1.30155e-16  -0.00302842  3.75619e-17  -0.00349987 -7.80448e-17 -0.000300114 -3.32845e-17   0.00115566  2.10561e-17  0.000761292  2.09218e-17  8.68272e-05  4.98378e-18 -0.000179034 -2.71814e-18 -0.000146616 -4.08989e-18 -5.38419e-05 -2.89255e-18 -1.29254e-06 -1.09876e-18  1.16278e-05  1.50857e-19  8.55952e-06  6.86888e-19  3.73566e-06  6.70924e-19  1.03763e-06  3.73815e-19  8.25185e-08  9.17261e-20 -1.04371e-07 -3.79558e-20 -7.94803e-08 -5.14714e-20 -3.67803e-08 -2.97481e-20 -1.31785e-08 -1.30999e-20 -3.86178e-09 -5.60054e-21 -9.21938e-10  -2.5198e-21 -1.65941e-10 -1.17474e-21 -1.42364e-11 -6.10074e-22  4.57164e-12 -3.65719e-22  3.04704e-12 -2.22496e-22  1.10728e-12 -1.21925e-22  3.17402e-13  -5.7922e-23  7.81614e-14   -2.389e-23  1.71057e-14 -8.65031e-24  3.38367e-15 -2.77524e-24  6.10674e-16 -7.92377e-25  1.01111e-16 -2.01649e-25   1.5408e-17 -4.58523e-26  2.16467e-18 -9.36153e-27  2.80541e-19 -1.72445e-27  3.35312e-20 -2.86959e-28  3.69239e-21 -4.30353e-29  3.73942e-22  -5.8026e-30  3.47396e-23 -7.03325e-31  2.95017e-24 -7.65963e-32  2.27957e-25 -7.45582e-33   1.5929e-26  -6.4222e-34  9.98571e-28 -4.84455e-35  5.55705e-29 -3.17097e-36  2.70716e-30 -1.77779e-37  1.13296e-31  -8.3451e-39  3.96874e-33 -3.17039e-40  1.12079e-34 -9.30814e-42  2.40741e-36 -1.96498e-43  3.55054e-38 -2.58158e-45  2.85099e-40 -1.36069e-47
 1.37151e-18 -9.80314e-09 -1.59214e-17 -5.16061e-05  4.48268e-17  0.000567962 -2.50454e-17  -0.00247889 -2.14958e-17   0.00455745 -9.63351e-17  0.000878072  2.70202e-16   -0.0186559 -1.46388e-16    0.0298428 -1.25161e-16   -0.0111579  1.95741e-16   -0.0138077  -9.5922e-17   0.00748218 -7.89625e-17   0.00771339  1.29523e-16  -0.00153712  4.34354e-17  -0.00394617 -7.30666e-17  -0.00120915 -4.35557e-17  0.000862759  1.26901e-17  0.000949846    2.283e-17  0.000318907  1.03474e-17  -8.3318e-05 -1.64768e-19 -0.000151606 -4.61679e-18 -8.56003e-05 -4.45563e-18 -2.35951e-05 -2.22968e-18  2.87083e-06 -1.70712e-19  7.14539e-06  8.48816e-19  4.52996e-06  9.22554e-19   1.8826e-06  5.45721e-19  5.41196e-07  1.75808e-19  7.70621e-08 -6.65073e-21 -2.45788e-08 -4.51805e-20 -2.51067e-08 -3.26403e-20 -1.24264e-08  -1.7309e-20 -4.66314e-09 -8.48683e-21 -1.45424e-09 -4.05589e-21 -3.88228e-10  -1.9282e-21 -8.90182e-11 -9.71779e-22 -1.71471e-11 -5.28066e-22  -2.5617e-12 -2.85478e-22  -2.0039e-13 -1.41355e-22  3.98007e-14 -6.18938e-23  2.42465e-14 -2.38659e-23  7.50325e-15  -8.1563e-24  1.81433e-15 -2.48612e-24  3.75522e-16 -6.77638e-25  6.88739e-17 -1.65244e-25  1.13785e-17 -3.61069e-26  1.70759e-18 -7.09511e-27  2.33775e-19  -1.2579e-27  2.92447e-20 -2.01218e-28  3.34245e-21 -2.89579e-29  3.48452e-22  -3.7389e-30  3.30367e-23 -4.32592e-31  2.83633e-24 -4.47561e-32  2.19237e-25 -4.11409e-33  1.51428e-26 -3.32514e-34  9.25637e-28 -2.33668e-35  4.94548e-29 -1.41158e-36   2.2721e-30 -7.21371e-38  8.78179e-32 -3.03791e-39  2.76923e-33 -1.01379e-40  6.80678e-35 -2.53104e-42  1.21013e-36  -4.2813e-44  1.34451e-38 -3.90008e-46    6.025e-41
 8.97062e-07   3.7071e-18  -1.2238e-05 -2.69156e-17 -5.25507e-06  5.23113e-17  0.000620601  5.37193e-18  -0.00338553 -6.41234e-17   0.00748758 -9.56184e-17  -0.00368134  2.69007e-16   -0.0148699 -1.25161e-16    0.0271888 -8.92625e-17  -0.00792247  1.38969e-16    -0.015264 -1.08219e-16   0.00507486  -5.7051e-17   0.00885849  1.31431e-16  0.000222642  5.18797e-17   -0.0039166 -6.67476e-17   -0.0020693   -5.256e-17  0.000355505  3.24715e-18  0.000983213  2.32405e-17  0.000535205  1.56986e-17  6.04469e-05  3.11804e-18 -0.000114835 -4.77741e-18 -0.000100526 -6.13466e-18 -4.49962e-05 -3.61245e-18 -9.68411e-06 -6.82552e-19  2.56541e-06  9.19722e-19  3.74556e-06  1.16199e-18  2.18205e-06  7.43677e-19  8.89501e-07  2.90813e-19  2.70339e-07  4.58014e-20  5.49143e-08 -2.81409e-20   1.2206e-09 -3.10833e-20 -5.35307e-09 -1.99861e-20 -3.21646e-09 -1.09969e-20 -1.29777e-09 -5.58682e-21 -4.25602e-10 -2.73104e-21 -1.20202e-10 -1.35194e-21 -2.99498e-11 -6.84307e-22 -6.65133e-12 -3.37158e-22  -1.3191e-12 -1.53015e-22 -2.32234e-13 -6.21825e-23 -3.56638e-14 -2.24914e-23 -4.57384e-15 -7.26536e-24 -4.28754e-16 -2.10432e-24 -9.91643e-18 -5.47118e-25  7.43749e-18 -1.27647e-25  2.28129e-18 -2.67451e-26  4.55433e-19 -5.04513e-27  7.36005e-20 -8.58456e-28  1.02222e-20 -1.31628e-28  1.24899e-21 -1.81266e-29  1.35568e-22 -2.23481e-30  1.31123e-23 -2.46141e-31  1.12905e-24 -2.41338e-32  8.61993e-26 -2.09071e-33  5.79571e-27 -1.58256e-34  3.39844e-28 -1.03387e-35   1.7148e-29 -5.74951e-37  7.31134e-31 -2.66894e-38  2.56821e-32 -1.00274e-39  7.16392e-34  -2.9094e-41  1.49848e-35 -6.05142e-43  2.12359e-37 -7.81199e-45  1.61806e-39 -4.04532e-47
-1.71306e-19  3.93447e-06  6.91023e-18 -4.75343e-05 -3.90003e-17  0.000164231  5.31194e-17   0.00029958   4.4663e-17  -0.00363028 -1.02217e-16   0.00977055 -9.25386e-17  -0.00795337  2.42217e-16   -0.0111579 -8.92625e-17    0.0247846 -4.39807e-17  -0.00528683  8.13579e-17   -0.0159625 -1.26008e-16   0.00256497 -4.13599e-17   0.00934719  1.34685e-16   0.00203132   6.2111e-17  -0.00342977 -5.89958e-17  -0.00274681 -5.97956e-17 -0.000289207 -6.28873e-18  0.000838471  2.27924e-17   0.00068347  2.09378e-17   0.00022297  6.83526e-18 -3.89883e-05 -4.64695e-18 -9.04621e-05 -7.84109e-18 -5.79779e-05 -5.18219e-18  -2.2254e-05 -1.39106e-18 -4.08291e-06   8.6542e-19   1.3639e-06  1.35966e-18  1.68867e-06  9.50368e-19  9.44483e-07  4.29227e-19  3.84494e-07  1.17648e-19  1.23283e-07    3.882e-22  3.06781e-08 -2.38689e-20   5.0193e-09 -2.02452e-20 -1.09605e-10 -1.26227e-20 -4.98714e-10  -6.8387e-21 -2.51741e-10 -3.43713e-21 -9.00782e-11 -1.67868e-21 -2.67333e-11 -8.04644e-22 -6.92997e-12 -3.67951e-22 -1.60657e-12 -1.54917e-22 -3.37283e-13 -5.88144e-23 -6.45792e-14 -2.00207e-23 -1.13224e-14 -6.12143e-24 -1.82143e-15 -1.68503e-24 -2.69023e-16 -4.17614e-25 -3.64641e-17 -9.30945e-26 -4.52937e-18 -1.86693e-26 -5.14456e-19 -3.37318e-27 -5.32734e-20  -5.4951e-28 -5.01118e-21 -8.05602e-29 -4.26385e-22 -1.05885e-29 -3.26681e-23 -1.24321e-30 -2.24398e-24 -1.29991e-31 -1.37764e-25 -1.20463e-32 -7.55857e-27 -9.80888e-34 -3.72659e-28 -6.93397e-35 -1.67175e-29 -4.19695e-36 -6.92626e-31 -2.13935e-37 -2.65491e-32 -8.96767e-39 -9.13008e-34 -2.97876e-40 -2.62814e-35 -7.39706e-42 -5.69515e-37 -1.24147e-43 -7.82959e-39 -1.11956e-45 -4.34088e-41
-5.93752e-08  1.63432e-19  7.96247e-06  1.04256e-17 -0.000103598 -5.09742e-17  0.000472752  4.87387e-17 -0.000501813  8.30043e-17  -0.00291217 -1.26663e-16    0.0109049 -8.96868e-17   -0.0113941  1.95741e-16  -0.00792247 -4.39807e-17    0.0228105   4.8904e-18   -0.0032016  3.00431e-17   -0.0161214 -1.46868e-16  0.000143029 -3.31687e-17   0.00925054  1.37271e-16   0.00371288  7.24926e-17  -0.00256283 -5.05393e-17  -0.00314876 -6.52057e-17 -0.000973612 -1.48546e-17  0.000528452  2.23947e-17  0.000724699  2.61812e-17  0.000367823   1.0791e-17  6.17014e-05 -4.27268e-18 -5.41782e-05 -9.47941e-18 -5.68909e-05 -6.85669e-18 -3.04795e-05 -2.27504e-18 -1.06924e-05  6.70659e-19 -1.94422e-06   1.4901e-18  4.82787e-07  1.14434e-18  6.39977e-07  5.78078e-19   3.5749e-07  2.03172e-19  1.46979e-07  3.88336e-20   4.9103e-08 -1.09511e-20    1.365e-08 -1.76797e-20   3.0995e-09 -1.30024e-20  5.20444e-10 -7.56611e-21  3.31394e-11 -3.90644e-21 -1.90032e-11  -1.8868e-21 -1.08179e-11 -8.65685e-22 -3.73361e-12 -3.72255e-22  -1.0353e-12 -1.46845e-22  -2.4818e-13 -5.23976e-23 -5.30135e-14 -1.68414e-23 -1.02462e-14 -4.88133e-24 -1.80713e-15 -1.27744e-24 -2.92274e-16 -3.01646e-25 -4.34642e-17 -6.41794e-26 -5.95003e-18 -1.22993e-26 -7.49824e-19 -2.12436e-27 -8.69018e-20 -3.30606e-28 -9.24491e-21 -4.62354e-29 -9.00201e-22 -5.78612e-30 -7.99167e-23 -6.45304e-31 -6.43517e-24 -6.38782e-32 -4.66897e-25 -5.57869e-33 -3.02633e-26  -4.2564e-34 -1.73332e-27  -2.7999e-35 -8.64801e-29 -1.56315e-36 -3.68809e-30 -7.26083e-38 -1.31003e-31 -2.72585e-39 -3.73392e-33 -7.90325e-41 -8.06052e-35 -1.64164e-42 -1.19033e-36 -2.11237e-44 -9.54052e-39 -1.08839e-46
-2.73314e-19  1.03734e-06  1.53856e-18   4.1965e-06   1.3732e-17 -0.000144439 -6.22318e-17  0.000837148  4.24306e-17  -0.00168547  1.12088e-16  -0.00124112 -1.33315e-16    0.0107534 -9.00326e-17   -0.0138077  1.38969e-16  -0.00528683   4.8904e-18     0.021267  5.23755e-17  -0.00155104 -1.09755e-17   -0.0159208 -1.67475e-16  -0.00208644  -3.1435e-17   0.00867313  1.37448e-16   0.00514499  8.08555e-17  -0.00142405 -4.30225e-17   -0.0032289 -6.93119e-17  -0.00159886 -2.16193e-17  9.61472e-05  2.29356e-17  0.000641348  3.16726e-17  0.000460655  1.49308e-17  0.000165103 -3.62759e-18  1.80745e-06 -1.09256e-17 -4.00974e-05 -8.52244e-18 -3.10506e-05 -3.27514e-18 -1.49247e-05  3.47015e-19 -5.05079e-06  1.53852e-18  -1.0356e-06  1.30482e-18  6.92345e-08  7.21548e-19  1.90664e-07  2.93562e-19  1.13005e-07  8.33691e-20  4.75994e-08  6.41669e-21  1.63911e-08 -1.24978e-20   4.8261e-09 -1.20244e-20  1.23344e-09 -7.62466e-21  2.72917e-10 -4.04765e-21  5.10088e-11 -1.93754e-21   7.4404e-12 -8.57319e-22  5.84026e-13  -3.5002e-22 -1.01053e-13 -1.30406e-22 -6.21353e-14 -4.39704e-23 -1.87838e-14 -1.33872e-23 -4.41188e-15 -3.68423e-24 -8.84099e-16 -9.17139e-25  -1.5653e-16 -2.06294e-25 -2.48854e-17 -4.18575e-26 -3.58128e-18 -7.65535e-27 -4.68274e-19 -1.26187e-27 -5.56911e-20 -1.87241e-28 -6.01884e-21 -2.49268e-29 -5.89658e-22 -2.96336e-30 -5.21572e-23 -3.13128e-31 -4.14226e-24 -2.92622e-32 -2.93207e-25 -2.40088e-33 -1.83227e-26 -1.71037e-34 -9.98421e-28  -1.0425e-35 -4.66778e-29 -5.33908e-37 -1.83191e-30 -2.24322e-38 -5.85359e-32 -7.46164e-40  -1.4551e-33 -1.85565e-41  -2.6113e-35 -3.11742e-43 -2.92337e-37 -2.80999e-45 -1.31777e-39
-2.45647e-07 -1.18261e-18  5.55978e-06  4.33107e-18 -2.35671e-05  1.64703e-17 -0.000102248 -7.23467e-17   0.00107988  3.70532e-17   -0.0029573  1.28426e-16   0.00108207 -1.23653e-16   0.00949652  -9.5922e-17    -0.015264  8.13579e-17   -0.0032016  5.23755e-17    0.0200768  9.47838e-17 -0.000218662 -4.04547e-17   -0.0154887 -1.84225e-16  -0.00407779 -3.33675e-17   0.00772405  1.34476e-16   0.00625438  8.49953e-17 -0.000130909 -3.86937e-17  -0.00298408 -7.31684e-17  -0.00208012 -2.62627e-17 -0.000395547  2.49709e-17  0.000440021  3.76201e-17  0.000477312  1.92956e-17  0.000246955 -2.61378e-18  6.48437e-05 -1.20179e-17 -1.07616e-05 -1.00249e-17 -2.29943e-05 -4.28862e-18 -1.51265e-05 -6.27126e-20 -6.82315e-06   1.5064e-18 -2.31067e-06  1.41699e-18 -5.52814e-07  8.44431e-19 -5.01868e-08  3.78666e-19  3.59066e-08  1.28673e-19  2.72946e-08  2.59557e-20   1.2273e-08 -5.46784e-21  4.36943e-09 -9.85585e-21   1.3281e-09 -7.01201e-21  3.55366e-10 -3.84372e-21  8.49267e-11 -1.82857e-21   1.8243e-11 -7.84838e-22  3.52527e-12 -3.06458e-22  6.10027e-13 -1.08537e-22   9.3383e-14 -3.47464e-23  1.23072e-14 -1.00514e-23   1.3049e-15  -2.6311e-24  8.62333e-17 -6.23509e-25 -4.19336e-18 -1.33597e-25   -2.748e-18 -2.58358e-26 -6.04362e-19 -4.50464e-27 -9.82779e-20 -7.07586e-28 -1.32789e-20 -9.99336e-29 -1.54881e-21 -1.26394e-29 -1.58275e-22 -1.42425e-30 -1.42391e-23 -1.42228e-31 -1.12675e-24 -1.25114e-32 -7.80364e-26 -9.61174e-34  -4.6897e-27 -6.36814e-35 -2.41477e-28 -3.57883e-36 -1.04657e-29 -1.67042e-37  -3.7234e-31 -6.29044e-39 -1.04826e-32 -1.82837e-40 -2.20511e-34 -3.80758e-42 -3.13102e-36 -4.91004e-44 -2.38049e-38 -2.53264e-46
 1.61031e-20 -6.46243e-07 -2.91652e-18  1.42337e-05  8.53569e-18 -8.65334e-05  1.82736e-17  8.62707e-05 -8.06082e-17   0.00100433  3.38167e-17  -0.00394426  1.33686e-16   0.00361043 -1.03205e-16   0.00748218 -1.08219e-16   -0.0159625  3.00431e-17  -0.00155104  9.47838e-17    0.0191514  1.29514e-16  0.000887138 -5.90448e-17   -0.0149088 -1.93732e-16  -0.00581986 -3.50786e-17   0.00650238  1.28884e-16    0.0070065  8.32137e-17   0.00120432 -3.97935e-17  -0.00244578 -7.81188e-17  -0.00235603 -2.91019e-17 -0.000875636  2.85031e-17  0.000149175  4.40165e-17  0.000409126  2.39104e-17  0.000287053 -1.11458e-18  0.000119616 -1.25732e-17  2.39721e-05 -1.11762e-17 -8.12268e-06 -5.17642e-18  -1.0992e-05 -4.87164e-19 -6.58996e-06   1.4136e-18 -2.87036e-06  1.47573e-18 -9.87806e-07  9.35373e-19 -2.67267e-07  4.49134e-19 -5.03961e-08  1.69139e-19 -1.77696e-09  4.49401e-20  3.78278e-09  2.29679e-21  2.20991e-09 -6.89057e-21  8.55528e-10 -5.86299e-21  2.70153e-10 -3.35178e-21  7.40218e-11 -1.59142e-21  1.80832e-11 -6.65944e-22  3.99529e-12 -2.50156e-22  8.04915e-13 -8.46733e-23  1.48599e-13  -2.5843e-23   2.5212e-14  -7.1235e-24  3.93734e-15 -1.77675e-24  5.66322e-16 -4.01187e-25  7.50143e-17 -8.19039e-26  9.14444e-18 -1.50912e-26  1.02477e-18 -2.50636e-27  1.05419e-19 -3.74706e-28  9.93775e-21 -5.02908e-29  8.56742e-22 -6.03182e-30  6.73868e-23 -6.42857e-31  4.82141e-24 -6.05161e-32  3.12533e-25 -4.99595e-33  1.82457e-26 -3.58082e-34  9.50638e-28 -2.19668e-35  4.35881e-29 -1.13179e-36  1.72186e-30 -4.77721e-38  5.67688e-32 -1.59432e-39  1.48849e-33 -3.97655e-41  2.86977e-35 -6.70046e-43  3.50154e-37 -6.05593e-45  1.73872e-39
-8.28964e-08  8.37386e-20 -2.78298e-08 -5.31053e-18  2.08919e-05  1.37919e-17 -0.000171096  1.86109e-17  0.000427291 -8.61463e-17  0.000497252  3.25335e-17  -0.00434388  1.32602e-16   0.00591887 -7.89625e-17   0.00507486 -1.26008e-16   -0.0161214 -1.09755e-17 -0.000218662  1.29514e-16     0.018419  1.54592e-16   0.00183098 -6.84753e-17   -0.0142337 -1.93177e-16  -0.00731909 -3.22735e-17   0.00509204  1.22308e-16   0.00739453  7.47812e-17   0.00248258 -4.78592e-17  -0.00167046 -8.54178e-17  -0.00239301 -3.10049e-17  -0.00127616  3.29265e-17 -0.000186841  5.05178e-17  0.000264589  2.86636e-17  0.000274253  9.28808e-19  0.000152367 -1.24284e-17  5.51059e-05 -1.17844e-17  9.52312e-06 -5.78528e-18 -3.69858e-06 -8.38298e-19 -4.41096e-06  1.29484e-18 -2.52539e-06  1.48638e-18 -1.08088e-06  9.88835e-19 -3.77933e-07  4.98258e-19 -1.10411e-07  2.00126e-19 -2.65401e-08  6.08625e-20 -4.82828e-09  9.62833e-21 -4.14547e-10 -3.63671e-21  1.41051e-10 -4.40391e-21  9.46761e-11 -2.67991e-21  3.49531e-11 -1.27864e-21  1.01886e-11 -5.24401e-22  2.55065e-12 -1.90475e-22  5.67048e-13    -6.19e-23  1.13817e-13 -1.80778e-23  2.08146e-14 -4.76086e-24  3.48629e-15 -1.13347e-24  5.36318e-16 -2.44114e-25  7.58723e-17 -4.75039e-26  9.87083e-18 -8.33832e-27  1.17976e-18 -1.31827e-27  1.29283e-19 -1.87377e-28  1.29511e-20 -2.38651e-29  1.18122e-21 -2.70961e-30  9.75719e-23 -2.72554e-31  7.25003e-24 -2.41233e-32  4.80424e-25 -1.86309e-33  2.80788e-26 -1.24101e-34  1.42687e-27 -7.01431e-36   6.1861e-29 -3.29149e-37  2.22967e-30 -1.24476e-38  6.43731e-32 -3.62979e-40  1.40529e-33 -7.58165e-42  2.09548e-35 -9.80674e-44  1.69365e-37 -5.07264e-46
 1.82881e-19 -5.24461e-07  1.02466e-20  4.38117e-06 -7.90262e-18  1.02874e-05   1.9518e-17 -0.000229293  1.69034e-17  0.000840133 -8.85016e-17 -0.000406895  3.26705e-17  -0.00402264  1.30155e-16   0.00771339  -5.7051e-17   0.00256497 -1.46868e-16   -0.0159208 -4.04547e-17  0.000887138  1.54592e-16    0.0178293  1.68266e-16   0.00265689  -7.0994e-17    -0.013496 -1.80582e-16  -0.00858967 -2.09934e-17   0.00356174  1.17027e-16   0.00743029   6.0203e-17   0.00362141 -6.31748e-17 -0.000730469 -9.58296e-17  -0.00218577 -3.31216e-17  -0.00154138   3.7158e-17 -0.000515893  5.64312e-17  6.74293e-05   3.3235e-17  0.000209153  3.45164e-18  0.000154644 -1.14926e-17  7.44965e-05 -1.16985e-17  2.50109e-05 -5.98132e-18  4.52914e-06 -1.03118e-18   -1.038e-06  1.19069e-18 -1.43595e-06   1.4619e-18 -8.22777e-07  1.00522e-18 -3.50893e-07  5.22961e-19 -1.23957e-07  2.18825e-19 -3.76444e-08  7.19603e-20 -9.95276e-09  1.55699e-20 -2.28383e-09 -5.88077e-22 -4.44412e-10 -2.88629e-21 -6.82239e-11 -1.95245e-21 -6.02932e-12 -9.47089e-22  7.69073e-13 -3.83123e-22  5.59651e-13 -1.35239e-22  1.78333e-13  -4.2374e-23  4.35079e-14 -1.18814e-23  9.00873e-15 -2.99703e-24  1.64347e-15  -6.8229e-25  2.68711e-16  -1.4031e-25  3.97106e-17 -2.60395e-26  5.32516e-18 -4.35426e-27  6.48731e-19 -6.54993e-28  7.17372e-20 -8.84332e-29  7.18297e-21 -1.06744e-29  6.48662e-22 -1.14534e-30  5.25382e-23 -1.08501e-31  3.78866e-24 -9.00494e-33  2.40944e-25 -6.48429e-34  1.33478e-26 -3.99688e-35  6.33781e-28 -2.06978e-36  2.52372e-29 -8.77796e-38  8.17439e-31 -2.94075e-39  2.05792e-32 -7.35733e-41  3.73695e-34 -1.24328e-42  4.22974e-36 -1.12697e-44   1.9262e-38
