    0.229145 -7.92214e-15     0.061957  7.31918e-17    -0.025328  1.07412e-15   -0.0125474  1.58783e-16   0.00156216 -1.30247e-16   0.00219279 -5.33949e-17  0.000332091  2.31299e-18  -0.00014746  5.49036e-18 -5.98484e-05  1.08989e-18 -5.59142e-06   2.7713e-20  1.55623e-07
-7.92214e-15     0.144287 -3.75646e-15    0.0235779  5.74062e-16   -0.0250052  1.01696e-15   -0.0123921  1.62613e-16   0.00189017 -1.64402e-16   0.00293044 -7.89163e-17   0.00059491  -1.3145e-18 -0.000158165  6.97433e-18 -8.15176e-05  1.60465e-18 -9.27509e-06  7.56262e-20
    0.061957 -3.75646e-15    0.0729461 -2.18306e-15    0.0141524  4.97525e-16   -0.0218792  9.46686e-16   -0.0123184   1.8486e-16   0.00163902 -1.72897e-16   0.00329775 -9.79145e-17   0.00087151 -8.81046e-18 -8.69157e-05   5.6871e-18 -7.08677e-05  1.38893e-18 -6.99925e-06
 7.31918e-17    0.0235779 -2.18306e-15    0.0516027 -1.67774e-15    0.0117507  4.26441e-16   -0.0196036  9.02703e-16   -0.0123948  2.16937e-16   0.00105915 -1.63589e-16   0.00337844 -1.09887e-16   0.00111626 -1.79346e-17  3.37978e-05  2.42904e-18 -3.62073e-05  6.30499e-19
   -0.025328  5.74062e-16    0.0141524 -1.67774e-15    0.0417975 -1.42135e-15    0.0104587  3.70049e-16   -0.0178433  8.71842e-16     -0.01261  2.57797e-16  0.000201359 -1.37768e-16   0.00316238 -1.11868e-16   0.00124865 -2.48522e-17  0.000141078 -7.09516e-19 -4.62988e-06
 1.07412e-15   -0.0250052  4.97525e-16    0.0117507 -1.42135e-15    0.0360145 -1.27661e-15   0.00990578  3.17627e-16   -0.0163976    8.486e-16    -0.012959  3.07322e-16 -0.000930625 -9.47054e-17   0.00259809 -9.96222e-17   0.00117022 -2.51295e-17  0.000165519 -1.59669e-18
  -0.0125474  1.01696e-15   -0.0218792  4.26441e-16    0.0104587 -1.27661e-15    0.0324535 -1.19475e-15   0.00983773  2.64807e-16    -0.015123  8.28821e-16   -0.0134015  3.64388e-16  -0.00232419 -3.44204e-17   0.00166082 -7.10936e-17  0.000839898  -1.7386e-17  9.67219e-05
 1.58783e-16   -0.0123921  9.46686e-16   -0.0196036  3.70049e-16   0.00990578 -1.19475e-15    0.0302779 -1.15257e-15    0.0101703  2.06476e-16   -0.0138612  8.07037e-16   -0.0138226  4.23126e-16  -0.00385385  3.63963e-17  0.000488405 -3.27451e-17  0.000381169   -6.639e-18
  0.00156216  1.62613e-16   -0.0123184  9.02703e-16   -0.0178433  3.17627e-16   0.00983773 -1.15257e-15    0.0290835 -1.14223e-15    0.0109302   1.3543e-16   -0.0123815  7.71197e-16   -0.0139236  4.66072e-16  -0.00512194  9.72726e-17  -0.00051264  -1.4312e-18  5.17222e-05
-1.30247e-16   0.00189017   1.8486e-16   -0.0123948  8.71842e-16   -0.0163976  2.64807e-16    0.0101703 -1.14223e-15    0.0287107 -1.16461e-15    0.0122645  3.83895e-17   -0.0102699  6.96114e-16    -0.013092  4.60123e-16  -0.00544041  1.18459e-16 -0.000865848  8.42677e-18
  0.00219279 -1.64402e-16   0.00163902  2.16937e-16     -0.01261    8.486e-16    -0.015123  2.06476e-16    0.0109302 -1.16461e-15    0.0291846 -1.22761e-15    0.0145144 -1.08452e-16  -0.00685017  5.44703e-16   -0.0105449  3.72611e-16  -0.00431096  8.77808e-17 -0.000536702
-5.33949e-17   0.00293044 -1.72897e-16   0.00105915  2.57797e-16    -0.012959  8.28821e-16   -0.0138612   1.3543e-16    0.0122645 -1.22761e-15     0.030751 -1.34722e-15    0.0182298 -3.33837e-16  -0.00149843   2.9639e-16  -0.00613052  2.13683e-16   -0.0022097  3.42212e-17
 0.000332091 -7.89163e-17   0.00329775 -1.63589e-16  0.000201359  3.07322e-16   -0.0134015  8.07037e-16   -0.0123815  3.83895e-17    0.0145144 -1.34722e-15     0.033854 -1.53957e-15    0.0237231 -6.35491e-16   0.00529725  8.46775e-19  -0.00128062  5.81013e-17 -0.000491834
 2.31299e-18   0.00059491 -9.79145e-17   0.00337844 -1.37768e-16 -0.000930625  3.64388e-16   -0.0138226  7.71197e-16   -0.0102699 -1.08452e-16    0.0182298 -1.53957e-15     0.038638 -1.78269e-15     0.029858 -9.22425e-16    0.0109822 -2.12661e-16    0.0016016  -1.4521e-17
 -0.00014746  -1.3145e-18   0.00087151 -1.09887e-16   0.00316238 -9.47054e-17  -0.00232419  4.23126e-16   -0.0139236  6.96114e-16  -0.00685017 -3.33837e-16    0.0237231 -1.78269e-15    0.0436861 -1.95934e-15    0.0331872 -1.02291e-15    0.0122575 -2.40616e-16   0.00158041
 5.49036e-18 -0.000158165 -8.81046e-18   0.00111626 -1.11868e-16   0.00259809 -3.44204e-17  -0.00385385  4.66072e-16    -0.013092  5.44703e-16  -0.00149843 -6.35491e-16     0.029858 -1.95934e-15    0.0452106 -1.87718e-15    0.0299045 -8.32429e-16   0.00860307 -1.27362e-16
-5.98484e-05  6.97433e-18 -8.69157e-05 -1.79346e-17   0.00124865 -9.96222e-17   0.00166082  3.63963e-17  -0.00512194  4.60123e-16   -0.0105449   2.9639e-16   0.00529725 -9.22425e-16    0.0331872 -1.87718e-15    0.0392569 -1.44159e-15    0.0201879 -4.62218e-16   0.00342539
 1.08989e-18 -8.15176e-05   5.6871e-18  3.37978e-05 -2.48522e-17   0.00117022 -7.10936e-17  0.000488405  9.72726e-17  -0.00544041  3.72611e-16  -0.00613052  8.46775e-19    0.0109822 -1.02291e-15    0.0299045 -1.44159e-15    0.0263507 -8.16833e-16   0.00928357 -1.48921e-16
-5.59142e-06  1.60465e-18 -7.08677e-05  2.42904e-18  0.000141078 -2.51295e-17  0.000839898 -3.27451e-17  -0.00051264  1.18459e-16  -0.00431096  2.13683e-16  -0.00128062 -2.12661e-16    0.0122575 -8.32429e-16    0.0201879 -8.16833e-16     0.012528  -3.0712e-16   0.00242381
  2.7713e-20 -9.27509e-06  1.38893e-18 -3.62073e-05 -7.09516e-19  0.000165519  -1.7386e-17  0.000381169  -1.4312e-18 -0.000865848  8.77808e-17   -0.0022097  5.81013e-17    0.0016016 -2.40616e-16   0.00860307 -4.62218e-16   0.00928357  -3.0712e-16   0.00371011   -6.223e-17
 1.55623e-07  7.56262e-20 -6.99925e-06  6.30499e-19 -4.62988e-06 -1.59669e-18  9.67219e-05   -6.639e-18  5.17222e-05  8.42677e-18 -0.000536702  3.42212e-17 -0.000491834  -1.4521e-17   0.00158041 -1.27362e-16   0.00342539 -1.48921e-16   0.00242381   -6.223e-17  0.000511413
