 1.88504e-14  1.12026e-29 -5.04522e-13  -5.4831e-28  5.08114e-12  7.52681e-27 -2.95493e-11 -5.49337e-26  1.13435e-10  2.55893e-25  -3.0468e-10 -8.23942e-25  5.85165e-10  1.89695e-24 -7.97748e-10  -3.1129e-24  7.34878e-10  3.38162e-24 -3.86697e-10 -1.47031e-24  2.08873e-11 -2.96716e-24   1.0762e-10  9.29659e-24  -3.9947e-11 -1.69579e-23 -2.31852e-11  2.57401e-23  1.30424e-11 -3.42238e-23  6.22988e-12  3.87398e-23 -2.87779e-12 -3.55228e-23 -1.95438e-12  2.45583e-23  3.00426e-13  -1.0681e-23  5.20432e-13  1.13658e-25   8.2825e-14   4.2264e-24 -8.23666e-14 -3.94682e-24 -4.53715e-14  2.31919e-24  -1.3673e-15 -1.15897e-24  7.65299e-15  4.95429e-25  3.39726e-15  4.85181e-27  2.10764e-16 -3.07731e-25 -4.27492e-16  3.30871e-25 -2.20848e-16 -2.02382e-25 -4.16643e-17  8.82445e-26  9.13136e-18 -3.35629e-26  9.08805e-18  1.14165e-26  3.10205e-18 -1.28475e-27  4.58532e-19 -2.03217e-27 -9.20752e-20  1.72735e-27 -8.06018e-20 -7.92915e-28 -2.70873e-20  2.61168e-28 -5.35267e-21 -5.19355e-29 -3.41281e-22 -5.27352e-31  1.96792e-22  -6.9113e-31  9.46928e-23  2.10782e-30  2.50026e-23  7.65116e-32  4.54781e-24  -4.5055e-31  5.21853e-25   8.6855e-32  3.18941e-27  5.90974e-33 -1.59132e-26 -2.71819e-33 -4.73714e-27  9.99576e-34 -9.06622e-28 -2.16849e-34 -1.31448e-28  7.75959e-35 -1.47658e-29  3.71231e-36 -1.21159e-30 -1.88581e-35 -5.18028e-32 -2.32322e-38  3.74791e-33  8.17182e-37  1.11569e-33 -7.81839e-39  1.43877e-34 -1.26183e-38  1.31241e-35  2.45962e-39  9.21477e-37  2.81515e-40  5.08726e-38 -5.69754e-41  2.16806e-39 -7.29898e-42  6.93785e-41 -1.55542e-43  1.63349e-42  2.84107e-45  2.58275e-44 -3.44985e-46  1.19808e-46 -1.94763e-47
 1.12026e-29  7.34372e-13  3.34903e-28 -1.11243e-11 -1.13284e-26  8.48055e-11   1.2402e-25  -4.0567e-10 -7.64514e-25  1.32933e-09  3.09935e-24 -3.10147e-09 -8.83358e-24  5.19802e-09  1.81627e-23 -6.12489e-09 -2.66611e-23  4.68952e-09  2.55921e-23 -1.71508e-09 -8.41408e-24 -4.74494e-10 -2.31615e-23   7.1434e-10  6.30986e-23 -5.23353e-11 -1.09993e-22 -1.96064e-10   1.6462e-22  2.52214e-11 -2.15704e-22  5.30019e-11  2.36568e-22  -1.1885e-12 -2.05652e-22 -1.32903e-11  1.30829e-22 -2.55857e-12 -4.79815e-23  2.36004e-12 -7.14833e-24  1.25987e-12  2.47248e-23 -7.31617e-14  -1.9665e-23 -2.75838e-13  1.07088e-23 -9.19445e-14 -5.41141e-24  1.22724e-14  2.41074e-24  2.07224e-14  3.75082e-26  6.98799e-15 -1.45982e-24 -4.16739e-17  1.47298e-24  -1.0113e-15 -8.30181e-25 -4.52667e-16  3.30245e-25 -7.98368e-17 -1.21972e-25  1.63966e-17  4.53688e-26  1.60727e-17 -6.92363e-27  5.55735e-18 -7.37964e-27  9.63306e-19  6.50308e-27 -5.79425e-20 -2.75583e-27 -1.00704e-19  7.91264e-28 -3.77007e-20  -1.2859e-28 -8.60965e-21 -1.24676e-29 -1.11499e-21 -4.30393e-30  4.52935e-23  9.43086e-30  7.11342e-23  2.10912e-32   2.2895e-23 -1.61554e-30  4.86277e-24   2.6354e-31  7.49813e-25  3.33346e-32  7.66662e-26 -5.34401e-33  1.60516e-27  1.34512e-33   -1.374e-27 -6.94171e-34 -3.77281e-28  4.28124e-34 -6.41182e-29 -9.87737e-36 -8.26842e-30 -6.97237e-35  -8.4599e-31 -3.11714e-37 -6.82971e-32  2.68881e-36 -4.10491e-33 -1.00018e-38 -1.44731e-34 -3.82955e-38  2.64133e-36  6.26053e-39  8.60387e-37  6.96938e-40  7.37334e-38 -1.37914e-40  4.05292e-39 -1.69608e-41  1.53395e-40 -3.10514e-43  4.10921e-42  1.47677e-44  6.73536e-44 -2.06504e-46  3.93894e-46
-5.04522e-13  3.34903e-28  1.40405e-11  5.65303e-27 -1.47387e-10 -1.44838e-25  8.96025e-10  1.30901e-24 -3.60909e-09 -6.93805e-24  1.02213e-08  2.47328e-23 -2.08444e-08 -6.27654e-23  3.05147e-08  1.15504e-22 -3.08535e-08 -1.51257e-22  1.89964e-08  1.26324e-22 -3.48129e-09 -2.47953e-23 -4.14906e-09 -1.25869e-22  2.54254e-09  2.96213e-22  6.43713e-10  -4.9528e-22 -8.02309e-10  7.32631e-22 -1.56529e-10 -9.42565e-22  2.05199e-10  9.94846e-22   6.4867e-11 -8.13303e-22 -3.89122e-11  4.69795e-22  -2.4249e-11 -1.36687e-22  2.19371e-12 -5.39265e-23  5.92463e-12  9.53604e-23  1.57081e-12 -6.55971e-23 -5.85512e-13  3.37329e-23 -5.22372e-13 -1.78122e-23 -1.10377e-13  8.30562e-24  4.06357e-14  1.36483e-25   3.5212e-14  -4.7493e-24   9.6381e-15   4.4842e-24 -5.74881e-16 -2.31354e-24 -1.52593e-15   8.3039e-25 -6.26053e-16 -3.03196e-25 -1.10812e-16  1.28895e-25  1.63277e-17 -2.59285e-26  1.82072e-17 -1.84358e-26   6.5465e-18  1.72042e-26  1.31147e-18 -6.61844e-27  5.30108e-20  1.57181e-27 -7.01156e-20 -1.81087e-28  -3.1485e-20 -5.52601e-29 -8.14732e-21 -1.54552e-29 -1.39892e-21  2.85947e-29 -1.19219e-22 -4.29311e-31  1.79179e-23 -4.15025e-30  1.03556e-23  5.23976e-31  2.63552e-24   1.2483e-31  4.75427e-25  2.64013e-34   6.4928e-26 -2.82668e-33  6.40259e-27 -1.75147e-33  3.20615e-28  1.40031e-33 -3.16167e-29 -6.74401e-35 -1.09726e-29 -1.77624e-34  -1.7299e-30 -1.19412e-36 -1.96446e-31  6.01922e-36 -1.74666e-32 -1.52847e-38   -1.239e-33 -7.96361e-38 -6.94869e-35  1.10756e-38 -2.96812e-36  1.18253e-39 -8.73724e-38 -2.30899e-40 -1.32555e-39 -2.66928e-41  2.04753e-41 -3.67124e-43  1.62144e-42  2.78336e-44    3.238e-44 -1.63265e-47
 -5.4831e-28 -1.11243e-11  5.65303e-27  1.75623e-10  6.60417e-26  -1.3991e-09 -1.35143e-24  7.01675e-09  1.03315e-23  -2.4208e-08 -4.77308e-23  5.98063e-08  1.50857e-22 -1.07044e-07 -3.42464e-22  1.36675e-07  5.64777e-22 -1.17072e-07 -6.57146e-22  5.43957e-08  4.67382e-22    3.217e-09 -1.37432e-23 -1.85105e-08 -5.37039e-22  4.79503e-09  1.10111e-21  4.54775e-09 -1.78025e-21 -1.76474e-09  2.61145e-21 -1.25386e-09 -3.28839e-21  3.73703e-10  3.32166e-21  3.72815e-10 -2.53502e-21 -1.85835e-11  1.30904e-21 -9.22456e-11 -2.68497e-22 -2.21642e-11 -2.31339e-22  1.27169e-11  2.80482e-22  9.01356e-12 -1.68779e-22  9.20018e-13  8.43238e-23  -1.3019e-12 -4.80748e-23 -7.03331e-13  2.32426e-23 -8.69636e-14  3.98331e-25  7.15314e-14 -1.22721e-23  4.49247e-14  1.07791e-23  1.05574e-14 -5.03944e-24 -9.69045e-16   1.6017e-24 -1.71468e-15 -5.94526e-25 -6.73168e-16  3.02214e-25 -1.26163e-16  -7.6255e-26  8.36417e-18  -3.6892e-26  1.48547e-17  3.71382e-26  5.71551e-18 -1.26956e-26  1.29595e-18  2.27463e-27  1.41553e-19 -9.80404e-29 -2.39302e-20 -1.60208e-28 -1.70875e-20 -3.93091e-29 -5.09895e-21  6.88502e-29 -1.03247e-21 -1.47741e-30 -1.43603e-22 -8.88672e-30 -9.28612e-24  7.35924e-31  1.70076e-24  3.68093e-31  7.47762e-25  3.35968e-32  1.61714e-25 -1.93376e-32  2.54362e-26 -3.98872e-33  3.11807e-27   3.3754e-33  2.96022e-28 -2.04384e-34   1.9866e-29 -3.59147e-34  5.32978e-31 -2.92657e-36 -8.09804e-32  1.05316e-35 -1.55303e-32 -6.08822e-38 -1.58596e-33 -1.30622e-37 -1.16169e-34  1.61306e-38 -6.43863e-36  1.61638e-39 -2.68813e-37  -3.0942e-40 -8.23961e-39 -3.26724e-41 -1.69316e-40 -2.73482e-43 -1.88989e-42  2.97302e-44  -6.3346e-45
 5.08114e-12 -1.13284e-26 -1.47387e-10  6.60417e-26  1.61659e-09  5.85299e-25 -1.02992e-08 -9.90354e-24  4.36339e-08  6.52119e-23 -1.30607e-07 -2.65452e-22  2.83417e-07  7.48825e-22 -4.46168e-07 -1.52617e-21  4.94662e-07  2.25619e-21 -3.51158e-07 -2.31866e-21  1.06135e-07  1.35899e-21  5.29032e-08  2.62925e-22 -5.48028e-08 -1.88043e-21  -1.3289e-09  3.41248e-21  1.63789e-08 -5.39875e-21 -5.67362e-10  7.88596e-21 -4.52263e-09 -9.69452e-21 -2.89333e-10  9.32859e-21  1.10668e-09 -6.59834e-21   3.0581e-10  2.98476e-21 -1.80274e-10  -3.1055e-22 -1.22258e-10 -7.25122e-22 -2.06819e-12  6.66759e-22  2.41462e-11 -3.54004e-22  9.71177e-12  1.79217e-22 -4.88167e-13 -1.13182e-22 -1.89258e-12  5.55928e-23 -7.44703e-13  1.18246e-24 -3.98541e-14 -2.67875e-23  8.99147e-14  2.16976e-23   4.6525e-14 -9.04892e-24  9.95169e-15  2.45977e-24 -9.34956e-16  -9.7262e-25  -1.5193e-15  6.18157e-25 -5.91162e-16 -1.85937e-25 -1.20677e-16 -6.33985e-26 -1.73168e-18  6.96863e-26  8.81649e-18 -2.06429e-26  3.80485e-18  2.30364e-27  9.61859e-19  2.44484e-28  1.50264e-19 -3.74238e-28  5.02527e-21 -7.75534e-29 -5.45143e-21  1.41435e-28 -2.11637e-21 -2.77405e-30 -4.92956e-22  -1.6934e-29  -8.3425e-23   6.0422e-31 -1.01337e-23  9.10188e-31 -6.66145e-25   1.2502e-31  5.43829e-26 -5.86551e-32  2.63943e-26 -8.27345e-33  5.12222e-27  6.54792e-33  7.08156e-28 -4.58912e-34  7.66518e-29 -6.10892e-34  6.62338e-30 -5.52823e-36  4.49212e-31  1.51601e-35   2.2348e-32 -2.11806e-37  6.26506e-34 -1.77999e-37 -1.19815e-35  2.12056e-38 -2.55942e-36  1.92983e-39 -1.58496e-37 -3.50751e-40 -5.87132e-39 -3.24733e-41 -1.30566e-40 -9.61238e-44 -1.37059e-42  1.79669e-44
 7.52681e-27  8.48055e-11 -1.44838e-25  -1.3991e-09  5.85299e-25  1.16787e-08  4.14973e-24 -6.15722e-08 -5.94996e-23   2.2424e-07  3.42188e-22 -5.88072e-07 -1.23799e-21  1.12642e-06  3.13393e-21 -1.55985e-06 -5.74983e-21  1.48917e-06   7.6138e-21 -8.42578e-07 -6.85045e-21  9.14001e-08  3.12662e-21  2.26134e-07  1.65213e-21 -1.09992e-07 -5.52995e-21 -4.35868e-08  9.04858e-21  3.78395e-08 -1.42269e-20   1.1288e-08  2.07923e-20 -9.85353e-09 -2.49062e-20 -4.14695e-09  2.27409e-20  1.77288e-09 -1.47928e-20  1.41543e-09  5.69242e-21 -2.86526e-11  1.30697e-22 -3.24512e-10 -1.81447e-21 -1.05153e-10  1.31676e-21  2.66759e-11 -6.21303e-22  3.06977e-11  3.38666e-22  7.82919e-12 -2.39597e-22 -1.92053e-12  1.16529e-22 -2.11558e-12  3.61587e-24 -6.59315e-13 -5.11629e-23  1.63432e-15  3.77704e-23  8.89098e-14 -1.37017e-23  4.07648e-14  2.95698e-24  8.42029e-15 -1.36274e-24  -5.4325e-16  1.13337e-24 -1.08229e-15 -3.89077e-25 -4.30774e-16 -9.78505e-26  -9.6509e-17   1.1763e-25 -7.88947e-18 -2.93698e-26  3.50647e-18  1.05243e-27  1.91056e-18  8.98452e-28  5.39104e-19 -7.71524e-28  1.02214e-19 -1.25578e-28  1.15492e-20  2.58899e-28 -2.84863e-22 -2.73268e-30 -5.17776e-22 -2.97421e-29 -1.50805e-22 -3.08827e-31 -2.92931e-23  1.94524e-30 -4.30548e-24  3.07617e-31  -4.7922e-25 -1.30066e-31 -3.57342e-26 -1.53046e-32 -4.73829e-28   1.0711e-32  3.66416e-28 -8.64747e-34  7.26755e-29 -9.02662e-34  8.92378e-30 -8.86598e-36  8.24011e-31  1.82954e-35  5.98481e-32 -5.32893e-37  3.43305e-33 -2.06059e-37  1.52581e-34   2.6558e-38  5.02257e-36  2.10833e-39  1.12489e-37 -3.43065e-40  1.34497e-39 -2.62416e-41  1.78002e-42  4.32012e-44 -6.69444e-44
-2.95493e-11   1.2402e-25  8.96025e-10 -1.35143e-24 -1.02992e-08  4.14973e-24  6.89656e-08  2.43701e-23 -3.08219e-07 -3.01544e-22  9.77823e-07  1.53147e-21 -2.26368e-06 -4.95947e-21  3.83951e-06  1.13159e-20 -4.66706e-06 -1.87242e-20  3.78238e-06  2.21632e-20 -1.57845e-06 -1.72298e-20 -2.67586e-07  5.45255e-21   6.3612e-07  6.31683e-21 -1.16699e-07 -1.38374e-20 -1.71723e-07  2.08247e-20  5.04152e-08 -3.31829e-20  4.87829e-08  4.87827e-20 -1.03811e-08 -5.68614e-20 -1.43216e-08  4.90919e-20  -1.3933e-10 -2.91023e-20  3.44936e-09  9.08731e-21  1.01662e-09  1.82112e-21 -4.38466e-10 -3.78245e-21  -3.6978e-10  2.17966e-21 -5.22784e-11 -9.21217e-22  4.94565e-11   5.8836e-22  3.01991e-11 -4.62867e-22  4.71028e-12  2.17301e-22  -2.7378e-12  1.03406e-23 -1.95179e-12 -8.75755e-23 -5.10871e-13  5.80393e-23  2.07874e-14 -1.75422e-23  7.22128e-14  2.43187e-24  3.08703e-14 -1.64739e-24  6.47643e-15  1.89076e-24 -8.41281e-17  -7.1621e-25 -6.15854e-16 -1.40159e-25 -2.59844e-16  1.82102e-25 -6.37218e-17 -3.72132e-26 -8.48624e-18 -1.63268e-27  5.52976e-19  1.76742e-27  6.83449e-19 -1.47347e-27  2.24142e-19 -1.76593e-28  4.85696e-20  4.34847e-28  7.45106e-21  2.09989e-30  6.78663e-22 -4.89957e-29  -2.4311e-23 -2.46944e-30 -2.51699e-23  3.65706e-30 -6.15429e-24  6.00272e-31 -1.02894e-24 -2.36412e-31 -1.32821e-25 -2.48509e-32 -1.35128e-26  1.52087e-32 -1.04727e-27 -1.43198e-33 -5.29651e-29  -1.1814e-33 -1.68442e-31 -1.28707e-35  3.03855e-31  1.83891e-35  3.80775e-32 -1.05011e-36  2.93209e-33   -2.045e-37  1.62014e-34  3.19353e-38  6.56574e-36  2.12945e-39  1.87912e-37 -2.88902e-40   3.4828e-39 -1.66868e-41  3.38436e-41  7.19938e-44
-5.49337e-26  -4.0567e-10  1.30901e-24  7.01675e-09 -9.90354e-24 -6.15722e-08  2.43701e-23   3.4236e-07  1.21501e-22 -1.32038e-06 -1.31581e-21  3.68682e-06  5.95441e-21  -7.5773e-06 -1.73612e-20   1.1398e-05  3.58302e-20 -1.21016e-05 -5.35235e-20  8.12721e-06  5.64259e-20 -2.05617e-06 -3.71358e-20 -1.55252e-06  5.79269e-21  1.31026e-06  1.84564e-20  1.29081e-07 -2.96085e-20  -4.2258e-07  4.18886e-20 -1.10184e-08 -6.93684e-20  1.20488e-07  1.03202e-19  1.41709e-08 -1.16961e-19 -2.96348e-08  9.51682e-20 -9.81499e-09 -5.08274e-20  4.66467e-09  1.17945e-20  3.66581e-09  5.86676e-21  1.90671e-10 -6.71464e-21 -7.01609e-10  2.99009e-21 -3.10678e-10 -1.14642e-21  5.40256e-12  9.62504e-22  5.78169e-11  -8.2173e-22  2.45552e-11  3.64561e-22  1.91348e-12  2.60852e-23 -2.76933e-12 -1.36854e-22 -1.54622e-12  7.98973e-23 -3.59289e-13 -1.85462e-23  1.95053e-14  1.89659e-25  4.90561e-14 -1.69192e-24  2.03512e-14  2.89735e-24   4.4848e-15 -1.18159e-24  2.04221e-16 -1.90706e-25 -2.69069e-16  2.60966e-25 -1.27608e-16 -4.22669e-26 -3.41836e-17 -4.94471e-27 -5.84476e-18   2.6004e-27 -3.82522e-19  -2.6702e-27  1.41209e-19 -2.35903e-28  6.53073e-20    6.832e-28  1.62176e-20  1.71247e-29  2.89844e-21 -7.61374e-29  3.82949e-22 -6.17432e-30  3.27667e-23  6.11974e-30  1.24675e-25  9.86633e-31  -5.8288e-25 -3.70201e-31 -1.32022e-25 -3.51867e-32 -1.93228e-26  1.91319e-32 -2.16217e-27 -2.11239e-33 -1.92559e-28 -1.38394e-33 -1.36531e-29 -1.74721e-35 -7.47864e-31  1.46378e-35 -2.89823e-32 -1.72292e-36 -5.56183e-34 -1.74993e-37  1.57392e-35  3.57519e-38  1.71955e-36  1.93712e-39   6.5749e-38 -2.05652e-40  1.28639e-39 -7.71215e-42  9.44089e-42
 1.13435e-10 -7.64514e-25 -3.60909e-09  1.03315e-23  4.36339e-08 -5.94996e-23 -3.08219e-07  1.21501e-22  1.45831e-06  5.23794e-22 -4.92057e-06  -5.0206e-21  1.21914e-05  2.03932e-20 -2.23371e-05 -5.37962e-20  2.97919e-05  1.00702e-19 -2.73878e-05 -1.35825e-19   1.4599e-05    1.268e-19 -7.16907e-07 -6.83158e-20  -4.5574e-06   -3.151e-21  1.91115e-06  4.41462e-20   9.8947e-07 -5.38914e-20  -7.1738e-07  7.36392e-20  -2.6649e-07  -1.3115e-19  1.93772e-07  1.98835e-19  9.51255e-08 -2.19051e-19 -3.47105e-08  1.67415e-19 -3.19126e-08 -7.93204e-20  -2.5376e-10  1.10811e-20  7.29517e-09  1.34329e-20  2.56803e-09 -1.02388e-20 -5.67777e-10  3.22229e-21 -7.34928e-10 -1.15581e-21 -2.00157e-10  1.50227e-21  4.33642e-11 -1.34565e-21  5.27032e-11  5.55865e-22  1.72195e-11  5.73784e-23   2.3198e-13  -1.9835e-22 -2.24657e-12  9.97289e-23 -1.07684e-12 -1.47399e-23 -2.35082e-13 -4.24604e-24  9.26874e-15 -1.37794e-24  2.78993e-14   4.1068e-24  1.16339e-14 -1.77153e-24   2.7373e-15 -2.50008e-25  2.71533e-16  3.46782e-25 -7.94615e-17 -4.27166e-26 -4.92641e-17 -6.77771e-27 -1.45759e-17  3.09127e-27  -2.9055e-18 -4.63026e-27 -3.68554e-19 -3.41427e-28 -7.01275e-21  1.01497e-27  1.10182e-20  4.86411e-29  3.59597e-21 -1.11483e-28  7.32795e-22 -1.13275e-29  1.12124e-22  9.19332e-30  1.32238e-23  1.40028e-30  1.13366e-24 -5.14063e-31  4.99379e-26 -4.34078e-32 -3.98992e-27  2.16674e-32 -1.20986e-27 -2.76659e-33 -1.61686e-28  -1.4527e-33  -1.5309e-29 -2.20398e-35 -1.11456e-30  7.43192e-36 -6.33488e-32 -2.43941e-36 -2.77568e-33 -1.31276e-37 -9.02999e-35  3.56354e-38 -2.02853e-36  1.50597e-39 -2.73696e-38 -1.19624e-40 -1.53615e-40 -2.12437e-42
 2.55893e-25  1.32933e-09 -6.93805e-24  -2.4208e-08  6.52119e-23   2.2424e-07 -3.01544e-22 -1.32038e-06  5.23794e-22  5.41408e-06  1.98049e-21 -1.61569e-05 -1.69555e-20    3.575e-05  6.22004e-20 -5.85544e-05 -1.49052e-19  6.90923e-05    2.536e-19  -5.4201e-05 -3.08593e-19  2.10199e-05  2.52892e-19  5.47993e-06 -1.04936e-19 -9.71597e-06 -3.59441e-20  1.37497e-06  8.89202e-20  2.81711e-06 -8.13968e-20 -7.12186e-07  1.11974e-19 -8.29024e-07 -2.25725e-19  1.50442e-07  3.51677e-19  2.48093e-07 -3.76733e-19  7.45985e-09  2.69457e-19 -6.09395e-08 -1.10793e-19  -1.9163e-08  3.00756e-21    7.854e-09  2.52201e-20  6.99067e-09 -1.33457e-20  1.04196e-09  2.17124e-21 -9.54649e-10 -8.28971e-22 -5.99563e-10  2.24196e-21 -9.63294e-11 -2.03903e-21  5.53522e-11  7.78646e-22  4.03507e-11  1.10883e-22  1.07838e-11 -2.70431e-22 -3.84981e-13  1.14207e-22 -1.52886e-12 -4.96353e-24 -6.67265e-13 -1.09201e-23 -1.44157e-13 -6.36565e-25   1.3457e-16  5.41702e-24   1.3067e-14 -2.43707e-24  5.68942e-15 -3.18039e-25  1.43662e-15  4.24979e-25   2.0505e-16 -3.71009e-26 -6.56768e-18 -3.72821e-27 -1.38415e-17  3.05995e-27  -4.7674e-18 -7.68286e-27 -1.06689e-18 -5.79116e-28  -1.7121e-19  1.43091e-27  -1.7701e-20  1.01355e-28 -1.61026e-22 -1.53222e-28  4.15971e-22 -1.72899e-29  1.12929e-22  1.24754e-29  1.96111e-23   1.7281e-30  2.59579e-24 -6.46527e-31  2.71971e-25 -4.68839e-32  2.22934e-26  2.23933e-32  1.32753e-27  -3.1678e-33  4.06766e-29 -1.34977e-33 -2.00843e-30 -2.47553e-35 -4.04043e-31 -1.63153e-36 -3.33219e-32 -3.03652e-36 -1.81646e-33 -9.14379e-38 -6.91189e-35  3.02478e-38 -1.76742e-36  9.25428e-40 -2.67944e-38 -5.36186e-41  -1.5556e-40
 -3.0468e-10  3.09935e-24  1.02213e-08 -4.77308e-23 -1.30607e-07  3.42188e-22  9.77823e-07 -1.31581e-21 -4.92057e-06  1.98049e-21  1.77364e-05  6.64274e-21 -4.72255e-05 -5.11816e-20  9.37948e-05  1.70448e-19 -0.000137526 -3.72283e-19  0.000142892  5.76554e-19 -9.33557e-05 -6.31752e-19  2.09111e-05  4.48465e-19  2.06067e-05 -1.25507e-19 -1.59166e-05 -1.14793e-19 -2.21264e-06   1.5214e-19  5.48896e-06 -9.40971e-20  2.73576e-07  1.42554e-19 -1.63499e-06 -3.55276e-19 -2.18426e-07  5.74869e-19  4.17893e-07 -5.99352e-19  1.44127e-07  3.99472e-19 -6.87432e-08 -1.37866e-19  -5.5266e-08 -1.67475e-20 -2.70752e-09  4.08728e-20  1.10753e-08 -1.44629e-20  4.90649e-09 -8.17908e-22 -1.35126e-10 -1.24776e-22 -9.64637e-10  3.18083e-21 -4.07143e-10 -2.86962e-21 -2.87712e-11  1.01471e-21  4.87686e-11   1.9046e-22  2.69627e-11 -3.51222e-22  6.22683e-12  1.21686e-22 -3.87672e-13  1.05662e-23 -8.87768e-13 -1.93713e-23 -3.68632e-13  5.20667e-25 -8.19255e-14  6.68872e-24 -4.01582e-15 -3.09175e-24  4.82075e-15 -3.94315e-25  2.32453e-15  4.73216e-25   6.3187e-16 -2.45288e-26  1.11137e-16  8.49533e-27   8.5029e-18  2.63131e-27 -2.18521e-18 -1.21605e-26 -1.11249e-18 -1.07993e-27 -2.83894e-19  1.91065e-27  -5.1864e-20  1.74843e-28 -7.09644e-21 -1.96876e-28 -6.69807e-22 -2.28979e-29 -2.15432e-23  1.53609e-29  6.88315e-24  1.83832e-30  1.82255e-24 -7.50902e-31  2.76887e-25 -4.52513e-32   3.1352e-26  2.13392e-32  2.80385e-27 -3.06793e-33  1.99961e-28 -1.06802e-33  1.11831e-29 -2.27389e-35  4.67022e-31  -1.0212e-35  1.27851e-32 -3.34563e-36  1.14092e-34 -6.72535e-38 -7.01888e-36  2.07923e-38 -3.22312e-37  3.86348e-40 -5.14836e-39 -1.61699e-41
-8.23942e-25 -3.10147e-09  2.47328e-23  5.98063e-08 -2.65452e-22 -5.88072e-07  1.53147e-21  3.68682e-06  -5.0206e-21 -1.61569e-05  6.64274e-21  5.17863e-05  1.99489e-20 -0.000123918 -1.39211e-19  0.000221777  4.22723e-19 -0.000291099 -8.43866e-19   0.00026417  1.19058e-18 -0.000137688 -1.17094e-18  2.28197e-06  7.05249e-19  4.76245e-05 -8.56371e-20 -1.90898e-05 -2.65432e-19  -1.1007e-05  2.19136e-19  7.74467e-06 -5.55561e-20  3.04269e-06  1.36967e-19 -2.21684e-06 -5.12723e-19 -1.11014e-06  8.73725e-19   4.2529e-07 -8.87839e-19  3.88334e-07  5.48549e-19 -2.46994e-09 -1.50414e-19  -9.4308e-08 -5.14904e-20 -3.21195e-08   5.8617e-20  8.41415e-09 -1.18693e-20  9.99588e-09 -6.03863e-21  2.58959e-09  8.93546e-22 -6.92914e-10  4.25032e-21 -7.59419e-10 -3.76854e-21 -2.39384e-10    1.249e-21  2.17605e-12  2.93844e-22  3.46092e-11 -4.39008e-22  1.60817e-11  1.23013e-22  3.40235e-12  3.01731e-23  -2.0009e-13 -2.87351e-23 -4.39995e-13  1.97086e-24 -1.80274e-13  7.78279e-24 -4.21302e-14 -3.61387e-24 -4.13781e-15 -4.79388e-25  1.23717e-15  4.62779e-25  7.62801e-16 -4.94497e-27   2.2618e-16  3.42817e-26  4.54896e-17  2.30495e-27  5.95477e-18 -1.82998e-26  1.94056e-19  -1.9916e-27 -1.47849e-19   2.4022e-27 -5.08269e-20  2.60258e-28 -1.05179e-20 -2.35753e-28 -1.62767e-21 -2.66938e-29  -1.9568e-22  1.72159e-29 -1.76563e-23  1.62752e-30 -9.84862e-25 -8.22644e-31  1.40148e-26 -4.17045e-32  1.15431e-26  1.88017e-32  1.66796e-27 -2.31229e-33  1.59086e-28 -6.38287e-34  1.13746e-29 -1.33436e-35  6.25106e-31 -1.60341e-35  2.61147e-32 -3.25735e-36  7.97521e-34 -5.84152e-38  1.65054e-35    1.063e-38  1.96432e-37  5.53475e-41  8.22231e-40
 5.85165e-10 -8.83358e-24 -2.08444e-08  1.50857e-22  2.83417e-07 -1.23799e-21 -2.26368e-06  5.95441e-21  1.21914e-05 -1.69555e-20 -4.72255e-05  1.99489e-20  0.000135884  5.40565e-20 -0.000293971 -3.43516e-19  0.000475451  9.54686e-19 -0.000557755 -1.74578e-18  0.000436257  2.24431e-18 -0.000166457 -1.97149e-18 -5.06322e-05  9.73686e-19  8.44231e-05  8.28872e-20 -1.16619e-05  -5.0807e-19 -2.57467e-05  2.55133e-19  6.78043e-06   8.9822e-20  7.88128e-06  5.23239e-20 -1.60155e-06 -6.78839e-19  -2.4763e-06  1.24166e-18 -1.70276e-08 -1.23207e-18  6.51396e-07  7.01011e-19  1.89705e-07 -1.37789e-19 -9.51959e-08 -1.01973e-19 -7.74714e-08  7.53968e-20 -9.36811e-09 -4.36911e-21  1.20174e-08 -1.31708e-20  6.99058e-09  2.08942e-21  9.40412e-10  5.29656e-21 -7.59729e-10 -4.64392e-21 -5.05064e-10  1.47777e-21 -1.25945e-10  4.10274e-22  9.90438e-12 -5.31891e-22  2.08261e-11   1.2137e-22  8.66276e-12  5.11785e-23  1.77958e-12 -3.79893e-23 -4.64633e-14   3.4494e-24 -1.83344e-13  8.60725e-24 -7.68238e-14 -3.85258e-24 -1.90472e-14 -5.77025e-25  -2.6591e-15  3.62343e-25  1.04397e-16  2.05251e-26  1.86019e-16  7.70342e-26  6.32692e-17  2.84292e-27  1.41036e-17 -2.61172e-26  2.27307e-18 -3.43101e-27  2.42353e-19  2.81816e-27  5.43385e-21  3.39112e-28 -4.60342e-21 -2.62534e-28  -1.3071e-21 -2.73108e-29 -2.28529e-22  1.76116e-29 -3.02349e-23  1.06893e-30 -3.16981e-24 -8.70875e-31 -2.62725e-25 -4.24755e-32 -1.64205e-26  1.50751e-32 -6.49428e-28 -9.46043e-34  6.66266e-31  -1.2906e-34  2.49501e-30   3.9728e-36  2.23304e-31 -1.77495e-35  1.17951e-32 -2.77944e-36  4.10752e-34  -5.5646e-38  8.99349e-36  3.14627e-39  1.00314e-37 -4.23173e-41
 1.89695e-24  5.19802e-09 -6.27654e-23 -1.07044e-07  7.48825e-22  1.12642e-06 -4.95947e-21  -7.5773e-06  2.03932e-20    3.575e-05 -5.11816e-20 -0.000123918  5.40565e-20  0.000322677  1.33042e-19 -0.000634317 -7.73492e-19  0.000928832  1.97377e-18 -0.000970318 -3.31218e-18  0.000640095  3.87828e-18 -0.000143021  -3.0212e-18 -0.000150946  1.15056e-18  0.000119443  4.61731e-19  1.57108e-05 -8.46864e-19 -4.34294e-05  2.07078e-19 -1.22923e-06  4.08752e-19  1.36524e-05 -1.63697e-19  1.41682e-06 -8.22665e-19 -3.75263e-06  1.65897e-18 -1.15496e-06 -1.61104e-18  7.01031e-07  8.36975e-19  5.01305e-07 -9.18833e-20    5.275e-10  -1.6531e-19 -1.14124e-07  8.75846e-20 -4.54948e-08  8.03688e-21   4.1174e-09 -2.12324e-20   1.0538e-08  3.32671e-21  4.04312e-09  6.09673e-21  1.02731e-10 -5.40147e-21 -5.88053e-10  1.71094e-21 -2.95488e-10  5.20295e-22 -6.13823e-11 -6.26885e-22  7.86958e-12  1.21224e-22  1.08351e-11  7.07208e-23  4.22328e-12 -4.62654e-23  8.83039e-13  4.52722e-24  2.14173e-14   9.1606e-24  -6.1879e-14 -3.63834e-24 -2.78315e-14 -6.95056e-25 -7.34757e-15  1.43738e-25 -1.25937e-15  4.92272e-26 -8.97131e-17  1.37943e-25  2.65261e-17  4.98528e-27  1.28424e-17 -3.52964e-26  3.22218e-18 -5.43505e-27  5.83028e-19  3.04419e-27  7.96063e-20  3.85576e-28  7.66042e-21 -2.71516e-28  3.11722e-22 -2.38692e-29 -5.84674e-23  1.65207e-29   -1.684e-23   2.3937e-31 -2.56651e-24 -9.12772e-31 -2.86925e-25  -5.4354e-32 -2.51733e-26  1.03078e-32 -1.75682e-27  7.55814e-34 -9.63515e-29  3.66229e-34  -4.0008e-30   2.6486e-35 -1.15616e-31 -1.54609e-35 -1.80898e-33 -2.04832e-36   7.1209e-36 -4.93492e-38  8.51928e-37 -3.18004e-40  9.27207e-39
-7.97748e-10  1.81627e-23  3.05147e-08 -3.42464e-22 -4.46168e-07  3.13393e-21  3.83951e-06 -1.73612e-20 -2.23371e-05  6.22004e-20  9.37948e-05 -1.39211e-19 -0.000293971  1.33042e-19  0.000697645  2.99083e-19  -0.00125147  -1.5973e-18   0.00166054  3.75273e-18  -0.00153508 -5.78704e-18  0.000822852  6.16535e-18 -2.03528e-05 -4.21578e-18 -0.000298505  1.08606e-18  0.000129867  1.12402e-18  6.94262e-05 -1.26496e-18 -5.56424e-05  1.82157e-20 -1.92554e-05  9.61497e-19  1.71794e-05 -5.62226e-19  7.51605e-06 -9.06327e-19 -3.77703e-06  2.09564e-18 -2.92237e-06 -1.99611e-18  2.14761e-07  9.36497e-19  8.06008e-07 -1.00664e-20  2.30499e-07  -2.3485e-19  -9.5433e-08  9.20666e-20 -8.85097e-08  2.38082e-20 -1.87176e-08 -2.87984e-20  8.48422e-09  4.53996e-21  7.25483e-09   6.4126e-21  2.00143e-09 -5.96128e-21 -1.72354e-10  1.96625e-21 -3.71861e-10  5.98367e-22  -1.5583e-10 -7.19115e-22 -2.87152e-11  1.26897e-22  4.07151e-12  8.66141e-23  4.88573e-12 -5.31502e-23  1.85008e-12  4.60731e-24   4.0505e-13    9.557e-24  3.12741e-14 -2.79938e-24  -1.5441e-14 -8.42988e-25 -8.25268e-15 -2.11197e-25 -2.34189e-15  7.68032e-26 -4.56865e-16  2.14856e-25 -5.76599e-17   9.0976e-27 -1.45093e-18  -4.5138e-26  1.52781e-18 -7.93105e-27  5.02292e-19  2.96137e-27  1.01612e-19  3.72405e-28  1.54624e-20 -2.60612e-28  1.83751e-21 -1.62179e-29  1.65869e-22  1.43833e-29  9.76392e-24 -6.90636e-31  2.99313e-26 -9.63567e-31 -7.87775e-26 -8.13083e-32 -1.17503e-26  4.57886e-33 -1.09664e-27  2.36844e-33   -7.518e-29  7.54379e-34 -3.89794e-30  4.87498e-35 -1.50717e-31 -1.06115e-35 -4.14433e-33 -1.27368e-36   -7.328e-35 -3.64372e-38 -6.57308e-37 -7.67774e-40
 -3.1129e-24 -6.12489e-09  1.15504e-22  1.36675e-07 -1.52617e-21 -1.55985e-06  1.13159e-20   1.1398e-05 -5.37962e-20 -5.85544e-05  1.70448e-19  0.000221777 -3.43516e-19 -0.000634317  2.99083e-19    0.0013806  6.17151e-19   -0.0022681 -3.03843e-18   0.00272634   6.5881e-18   -0.0022078  -9.3456e-18  0.000895977  9.04374e-18  0.000243172 -5.34905e-18 -0.000469045  6.18169e-19  8.56023e-05  2.10741e-18   0.00014638 -1.73194e-18 -4.93348e-05 -3.45488e-19 -4.65726e-05  1.77898e-18  1.36637e-05 -1.17937e-18  1.58291e-05 -8.93671e-19 -1.13001e-06  2.51742e-18 -4.68766e-06 -2.35612e-18 -1.03565e-06  9.83926e-19  8.47374e-07  1.03042e-19  5.55908e-07 -3.01174e-19  2.62257e-08  8.73087e-20 -1.08088e-07  4.00728e-20 -5.27699e-08 -3.44197e-20 -3.60941e-09  5.74985e-21  7.64603e-09  6.06327e-21  4.24198e-09 -6.26286e-21  8.72301e-10  2.25812e-21 -1.80769e-10  6.18069e-22 -2.02004e-10 -8.01768e-22  -7.5118e-11  1.41444e-22 -1.32083e-11  9.79356e-23  1.46282e-12 -5.89262e-23  1.88804e-12   2.9497e-24  7.16754e-13  1.00204e-23  1.66129e-13 -1.18532e-24  2.03707e-14 -1.02622e-24 -1.98012e-15 -7.04076e-25 -1.87252e-15  9.73527e-26 -5.92109e-16  3.01606e-25 -1.26873e-16  1.49111e-26 -1.97743e-17  -5.4615e-26 -2.01911e-18 -1.07405e-26 -3.09437e-20  2.47794e-27     4.07e-20  2.78818e-28  1.09757e-20  -2.3223e-28  1.86042e-21 -4.92749e-30  2.39659e-22  1.19994e-29  2.45173e-23 -1.50368e-30  1.99043e-24 -1.02739e-30  1.23358e-25 -1.21938e-31  5.12139e-27 -1.88373e-33  5.56938e-29  3.47792e-33 -1.10626e-29  9.71885e-34 -1.03694e-30  6.47342e-35 -5.11627e-32 -5.26149e-36 -1.56359e-33 -6.42715e-37 -2.72922e-35  -2.0655e-38 -1.80884e-37
 7.34878e-10 -2.66611e-23 -3.08535e-08  5.64777e-22  4.94662e-07 -5.74983e-21 -4.66706e-06  3.58302e-20  2.97919e-05 -1.49052e-19 -0.000137526  4.22723e-19  0.000475451 -7.73492e-19  -0.00125147  6.17151e-19   0.00251262  1.17398e-18  -0.00379185 -5.34478e-18   0.00412265   1.0717e-17  -0.00287779 -1.39952e-17  0.000749883  1.22732e-17  0.000660667 -6.14697e-18 -0.000609709 -3.69703e-19 -3.97976e-05   3.3938e-18  0.000228765 -2.22448e-18 -1.11199e-05  -8.6593e-19 -7.63434e-05  2.84299e-18 -1.44976e-06 -2.02334e-18  2.32748e-05  -7.6039e-19  5.06193e-06  2.89322e-18 -5.24119e-06 -2.66248e-18 -2.92481e-06  9.71071e-19  3.29747e-07  2.35571e-19  8.25161e-07  -3.5398e-19  2.59394e-07  7.39872e-20 -6.47236e-08  5.33821e-20 -8.10066e-08 -3.70713e-20 -2.54297e-08  7.00334e-21  2.11123e-09  4.98535e-21  5.16608e-09 -6.26022e-21  2.19513e-09  2.58713e-21  3.47673e-10  5.58797e-22 -1.14238e-10 -8.66913e-22 -9.61731e-11  1.66383e-22 -3.32339e-11  1.05177e-22 -5.95397e-12 -6.47159e-23   2.8059e-13 -1.27208e-24  6.08222e-13  1.08388e-23   2.3969e-13  1.30132e-24  5.88911e-14 -1.23944e-24  9.25041e-15 -1.31551e-24  4.28668e-16  1.03965e-25 -2.73023e-16  3.88199e-25 -1.11045e-16  2.15001e-26 -2.62489e-17 -6.25381e-26  -4.5623e-18  -1.3614e-26 -6.00831e-19  1.56056e-27 -5.54468e-20  9.74478e-29 -2.01473e-21 -1.92629e-28  4.42915e-22  8.93263e-30  1.18447e-22  1.02763e-29  1.72858e-23 -2.00255e-30  1.85546e-24 -1.09373e-30  1.56046e-25 -1.69163e-31   1.0406e-26 -8.52876e-33  5.43345e-28  3.84463e-33  2.14364e-29   1.0049e-33  5.93616e-31  7.03827e-35  9.64995e-33  -1.1378e-36  3.41072e-35 -2.44241e-37 -1.28267e-36 -7.78681e-39
 3.38162e-24  4.68952e-09 -1.51257e-22 -1.17072e-07  2.25619e-21  1.48917e-06 -1.87242e-20 -1.21016e-05  1.00702e-19  6.90923e-05 -3.72283e-19 -0.000291099  9.54686e-19  0.000928832  -1.5973e-18   -0.0022681  1.17398e-18   0.00422375  2.06659e-18  -0.00587022 -8.72408e-18   0.00575445  1.62052e-17  -0.00337277 -1.94916e-17  0.000286148  1.54467e-17   0.00119529 -6.34805e-18 -0.000646786 -1.88627e-18 -0.000254141  4.90565e-18  0.000284166 -2.75178e-18  6.56796e-05 -1.45461e-18 -9.54713e-05   4.0783e-18 -2.95789e-05 -3.06699e-18  2.49258e-05 -5.02366e-19  1.41581e-05  3.20091e-18 -3.19044e-06 -2.89253e-18  -4.7937e-06  8.98322e-19 -8.93992e-07  3.70227e-19  8.01179e-07 -3.84365e-19  5.35704e-07  5.49348e-20   6.5301e-08  6.07653e-20 -7.67672e-08 -3.64387e-20  -4.8378e-08  8.26742e-21 -1.00008e-08  3.25305e-21   2.9098e-09 -5.91692e-21  2.92033e-09  2.93515e-21  1.03317e-09  4.11941e-22  1.34485e-10 -9.06651e-22 -5.49477e-11  2.02501e-22  -4.0293e-11  1.10003e-22 -1.34105e-11 -7.24761e-23 -2.54912e-12 -8.88232e-24 -6.22846e-14  1.22803e-23    1.541e-13  4.66761e-24  6.68339e-14 -1.46375e-24    1.744e-14 -2.00473e-24  3.16621e-15  8.94751e-26  3.54063e-16  4.62138e-25 -3.55787e-18  2.75485e-26  -1.3064e-17 -6.77947e-26 -3.77721e-18 -1.62813e-26 -7.20206e-19  2.53439e-28 -1.04883e-19 -1.62387e-28 -1.19765e-20 -1.50017e-28 -1.03773e-21  2.40968e-29 -5.81142e-23  9.92303e-30 -4.13204e-26 -2.07191e-30  4.51772e-25 -1.14117e-30  6.32869e-26 -2.12425e-31  5.55179e-27 -1.45008e-32  3.54775e-28  3.48694e-33  1.69057e-29  8.89195e-34  5.87443e-31  6.51839e-35  1.39621e-32  1.01291e-36  1.97075e-34 -5.78983e-38   1.0686e-36
-3.86697e-10  2.55921e-23  1.89964e-08 -6.57146e-22 -3.51158e-07   7.6138e-21  3.78238e-06 -5.35235e-20 -2.73878e-05    2.536e-19  0.000142892 -8.43866e-19 -0.000557755  1.97377e-18   0.00166054 -3.03843e-18  -0.00379185  2.06659e-18   0.00658494  3.37782e-18  -0.00844592 -1.32538e-17   0.00742498  2.28414e-17  -0.00349143 -2.53146e-17 -0.000541487  1.80734e-17   0.00175219 -5.80794e-18 -0.000506645 -3.79103e-18 -0.000534005  6.52032e-18  0.000273213 -3.37048e-18  0.000174129 -1.95799e-18 -8.78942e-05  5.36193e-18 -6.63965e-05 -4.24845e-18  1.57099e-05 -1.39404e-19  2.34378e-05  3.42961e-18  2.28615e-06 -3.03039e-18 -5.52642e-06  7.73742e-19 -2.62182e-06  4.87436e-19  2.70049e-07 -3.86883e-19  7.06364e-07  3.44049e-20  2.60815e-07  6.07022e-20  -1.7886e-08 -3.29286e-20 -5.66989e-08  9.34223e-21 -2.46328e-08  1.05013e-21 -3.14544e-09 -5.21177e-21  2.05917e-09  3.26736e-21  1.44192e-09   1.8401e-22  4.50503e-10 -9.13843e-22  5.40328e-11  2.51508e-22 -2.09112e-11  1.14804e-22 -1.47344e-11   -8.477e-23 -4.85737e-12 -2.05771e-23 -9.92539e-13   1.4489e-23 -8.49675e-14   8.7922e-24   2.6241e-14 -1.67127e-24  1.47178e-14  -2.7148e-24  4.14974e-15  4.72016e-26  8.26716e-16  5.10785e-25  1.19556e-16  3.18253e-26  1.06262e-17 -6.95805e-26  -2.0779e-19 -1.84974e-26 -3.05192e-19 -1.32283e-27 -7.19134e-20 -4.76344e-28 -1.13981e-20 -1.12161e-28 -1.39375e-21  3.93364e-29 -1.35874e-22  1.12079e-29  -1.0509e-23 -1.71129e-30 -6.19057e-25 -1.14644e-30 -2.43899e-26 -2.41408e-31 -2.66456e-28 -1.88672e-32  4.35613e-29  2.64705e-33  3.74258e-30  6.90412e-34  1.62451e-31  5.20281e-35  4.11407e-33  1.45762e-36  5.17305e-35 -2.60856e-39
-1.47031e-24 -1.71508e-09  1.26324e-22  5.43957e-08 -2.31866e-21 -8.42578e-07  2.21632e-20  8.12721e-06 -1.35825e-19  -5.4201e-05  5.76554e-19   0.00026417 -1.74578e-18 -0.000970318  3.75273e-18   0.00272634 -5.34478e-18  -0.00587022  3.37782e-18   0.00955864  5.14163e-18   -0.0113331 -1.87909e-17    0.0088603  3.00846e-17  -0.00305808 -3.07339e-17  -0.00169369  1.97136e-17     0.002192 -4.58561e-18 -0.000143822  -5.7951e-18 -0.000821758  8.09415e-18  0.000163447 -4.17581e-18  0.000290717 -2.18968e-18 -4.08113e-05  6.54767e-18 -0.000101142 -5.47988e-18 -7.00217e-06   2.8672e-19  2.84749e-05  3.57837e-18  1.06458e-05 -3.06591e-18 -3.95954e-06  6.10868e-19 -4.22331e-06  5.69046e-19 -8.04777e-07 -3.60895e-19  5.94393e-07  1.68901e-20  4.43053e-07  5.36564e-20  9.42969e-08 -2.74198e-20 -3.49875e-08   9.8588e-21 -3.33081e-08 -1.38905e-21 -1.11281e-08 -4.15707e-21 -7.42667e-10  3.53754e-21  1.10746e-09 -1.05495e-22  6.33765e-10 -8.82105e-22  1.83487e-10   3.1783e-22  2.30315e-11  1.22278e-22  -6.0823e-12 -1.04251e-22  -4.6069e-12 -3.67527e-23 -1.54133e-12  1.73936e-23 -3.37132e-13  1.33991e-23 -4.39513e-14 -1.83756e-24  7.79921e-16 -3.38364e-24  2.28712e-15  -2.8483e-26  7.49706e-16  5.24241e-25  1.61595e-16  3.36863e-26  2.62022e-17 -6.75509e-26  3.20742e-18 -2.00704e-26  2.63228e-19  -2.9941e-27  4.22243e-21 -8.10838e-28 -3.10823e-21 -8.43836e-29 -6.76024e-22  5.35507e-29  -9.0322e-23  1.38691e-29 -9.05501e-24  -1.0289e-30 -7.13597e-25 -1.09438e-30 -4.44498e-26 -2.49566e-31 -2.15165e-27 -2.09379e-32 -7.77653e-29  1.66474e-33 -1.93963e-30  4.75932e-34 -2.79058e-32  3.56315e-35 -1.06507e-34   1.0023e-36  1.36832e-36
 2.08873e-11 -8.41408e-24 -3.48129e-09  4.67382e-22  1.06135e-07 -6.85045e-21 -1.57845e-06  5.64259e-20   1.4599e-05 -3.08593e-19 -9.33557e-05  1.19058e-18  0.000436257 -3.31218e-18  -0.00153508   6.5881e-18   0.00412265 -8.72408e-18  -0.00844592  5.14163e-18    0.0129699  7.30769e-18   -0.0142323 -2.49198e-17   0.00976817  3.71053e-17  -0.00198136 -3.49581e-17   -0.0030362  2.01161e-17   0.00236487 -2.96737e-18  0.000434905 -7.50966e-18  -0.00103603  9.48319e-18 -5.56625e-05 -5.26691e-18  0.000378943 -1.98037e-18  4.84669e-05  7.49865e-18 -0.000118862 -6.66177e-18 -4.10471e-05   7.1898e-19  2.45946e-05  3.65219e-18   1.9611e-05 -2.99319e-18  4.91363e-07  4.26209e-19 -4.78742e-06  6.01749e-19 -2.16665e-06 -3.10899e-19  9.21818e-08  5.86443e-21  4.96654e-07  4.19777e-20  2.23116e-07 -2.08837e-20  2.06691e-08  9.38584e-21 -2.69961e-08 -3.83799e-21 -1.67892e-08 -2.81959e-21 -4.60671e-09  3.69241e-21 -1.13835e-10  -4.3197e-22  4.90735e-10 -8.05517e-22  2.49174e-10  4.09555e-22  6.94935e-11  1.35141e-22  9.86584e-12 -1.32878e-22 -1.13456e-12  -5.7292e-23 -1.18555e-12   2.0671e-23 -4.14865e-13  1.80603e-23 -9.62697e-14 -1.95722e-24 -1.54211e-14 -3.95828e-24 -1.27777e-15 -1.41633e-25  1.57516e-16  4.97914e-25  9.14592e-17  3.33911e-26  2.24073e-17 -6.18491e-26  3.91454e-18 -2.08741e-26  5.31863e-19 -4.57063e-27  5.66634e-20 -1.13054e-27  4.49833e-21 -6.85552e-29  2.10733e-22  6.57504e-29 -5.21763e-24   1.7208e-29 -2.31046e-24 -2.01431e-31 -2.76784e-25 -9.84237e-31 -2.18914e-26 -2.35975e-31  -1.2659e-27 -2.05137e-32 -5.39179e-29  8.30198e-34 -1.62956e-30  2.92875e-34 -3.18945e-32  2.04975e-35 -3.22102e-34  4.05058e-37
-2.96716e-24 -4.74494e-10 -2.47953e-23    3.217e-09  1.35899e-21  9.14001e-08 -1.72298e-20 -2.05617e-06    1.268e-19  2.10199e-05 -6.31752e-19 -0.000137688  2.24431e-18  0.000640095 -5.78704e-18   -0.0022078   1.0717e-17   0.00575445 -1.32538e-17   -0.0113331  7.30769e-18    0.0165168  9.71952e-18   -0.0167874 -3.09723e-17   0.00991375  4.29281e-17 -0.000293547 -3.73235e-17  -0.00436219   1.9297e-17   0.00215405 -1.40658e-18    0.0011614 -8.52812e-18  -0.00109343  1.05524e-17 -0.000363049 -6.69889e-18  0.000399246 -1.22786e-18   0.00016817   8.1177e-18 -0.000105256 -7.69867e-18 -7.86398e-05  1.09429e-18  8.97063e-06  3.65777e-18  2.55734e-05 -2.81002e-18  7.27649e-06  2.37221e-19 -3.49364e-06  5.79608e-19 -3.27735e-06 -2.45765e-19 -7.41783e-07  2.82111e-21  3.24122e-07  2.92073e-20  3.03561e-07 -1.40514e-20  9.46551e-08  7.61087e-21 -2.12309e-09 -6.10716e-21 -1.54667e-08 -1.32776e-21 -7.52819e-09  3.67304e-21 -1.79855e-09 -7.77299e-22 -1.32347e-11 -6.78999e-22  1.82669e-10  5.37554e-22   8.7067e-11  1.55892e-22  2.40586e-11 -1.71035e-22  3.91682e-12 -8.13517e-23  1.27259e-14  2.37946e-23 -2.32707e-13  2.22425e-23 -9.06187e-14 -2.05422e-24  -2.2274e-14  -4.4079e-24 -3.99001e-15 -2.93914e-25 -5.04676e-16  4.33952e-25 -3.09727e-17  3.21038e-26  4.54601e-18 -5.30237e-26  1.90196e-18 -2.08527e-26  3.78198e-19 -5.88789e-27  5.45691e-20 -1.40488e-27  6.19153e-21  -6.3228e-29  5.61978e-22  7.50345e-29  4.02351e-23  2.03232e-29  2.15376e-24  5.82493e-31  7.23871e-26 -8.29918e-31  6.58503e-29 -2.04924e-31 -1.66159e-28 -1.79551e-32 -1.11421e-29  2.89272e-34 -3.96034e-31  1.60817e-34 -7.69461e-33  9.41372e-36 -5.57826e-35
  1.0762e-10 -2.31615e-23 -4.14906e-09 -1.37432e-23  5.29032e-08  3.12662e-21 -2.67586e-07 -3.71358e-20 -7.16907e-07  2.52892e-19  2.09111e-05 -1.17094e-18 -0.000166457  3.87828e-18  0.000822852  -9.3456e-18  -0.00287779  1.62052e-17   0.00742498 -1.87909e-17   -0.0142323  9.71952e-18    0.0198263  1.21203e-17   -0.0186691 -3.61334e-17   0.00918489   4.6643e-17    0.0018466 -3.74522e-17  -0.00544047   1.7519e-17   0.00151262 -3.92258e-19   0.00191709 -8.51676e-18 -0.000934052  1.11749e-17 -0.000706459 -8.44374e-18  0.000321986  7.08728e-20  0.000292596  8.36737e-18 -5.24228e-05 -8.51253e-18 -0.000107814  1.35284e-18 -1.75203e-05  3.60025e-18  2.47786e-05 -2.51899e-18   1.4553e-05  6.10073e-20 -6.63736e-08  5.05253e-19 -3.49288e-06 -1.77001e-19 -1.64788e-06  6.88763e-21 -8.95612e-08  1.90208e-20  2.70334e-07 -7.26781e-21   1.5376e-07  4.51577e-21  3.48826e-08  -8.0335e-21 -5.09774e-09  1.47428e-22 -7.35979e-09  3.41527e-21 -3.05957e-09  -1.1406e-21 -6.75408e-10 -5.00006e-22 -1.21604e-11  7.12371e-22  5.65226e-11  1.86451e-22  2.65806e-11 -2.16859e-22  7.41288e-12 -1.07237e-22  1.35365e-12  2.61673e-23  1.09518e-13  2.54014e-23 -2.77796e-14 -2.17966e-24 -1.49305e-14 -4.73015e-24 -3.98632e-15 -4.83219e-25 -7.66109e-16  3.41074e-25 -1.12367e-16  3.15739e-26 -1.21314e-17  -4.1887e-26 -7.52292e-19  -2.0027e-26  3.56032e-20  -6.8374e-27  1.85328e-20 -1.61178e-27  3.17734e-21 -6.46502e-29  3.77346e-22  8.06467e-29   3.4524e-23   2.2393e-29  2.49583e-24  1.17427e-30  1.41986e-25  -6.5466e-31  6.20156e-27 -1.63813e-31    1.978e-28 -1.40525e-32  4.17666e-30  3.51569e-35  4.61226e-32  7.78075e-35  6.21002e-35  3.00715e-36
 9.29659e-24   7.1434e-10 -1.25869e-22 -1.85105e-08  2.62925e-22  2.26134e-07  5.45255e-21 -1.55252e-06 -6.83158e-20  5.47993e-06  4.48465e-19  2.28197e-06 -1.97149e-18 -0.000143021  6.16535e-18  0.000895977 -1.39952e-17  -0.00337277  2.28414e-17    0.0088603 -2.49198e-17   -0.0167874  1.21203e-17    0.0225394  1.41923e-17   -0.0196563 -3.96156e-17     0.007622  4.76232e-17   0.00418962 -3.53229e-17  -0.00607221  1.51767e-17  0.000479811 -2.91918e-19   0.00256047 -7.28771e-18 -0.000541149  1.12314e-17  -0.00101349 -1.03797e-17  0.000138643  1.81587e-18  0.000387897  8.27546e-18  3.67901e-05 -9.05082e-18 -0.000115895  1.44606e-18 -4.95981e-05  3.48166e-18  1.48947e-05 -2.12991e-18  1.96049e-05 -8.65061e-20  4.90877e-06  3.89561e-19 -2.35209e-06 -1.16408e-19 -2.23164e-06  1.51326e-20 -6.38986e-07  1.41528e-20  9.56682e-08 -5.73564e-22  1.61033e-07  4.61332e-22  6.81724e-08 -9.44284e-21  1.15781e-08  1.43746e-21  -3.2047e-09  2.85405e-21 -3.01969e-09  -1.5427e-21 -1.13402e-09 -2.71353e-22 -2.44094e-10  9.39419e-22 -1.23633e-11  2.27496e-22  1.39309e-11 -2.66122e-22  6.88986e-12 -1.32471e-22  1.96674e-12  2.73015e-23  3.90598e-13  2.71049e-23  4.97823e-14  -2.3949e-24  9.02157e-16 -4.94761e-24 -1.54524e-15 -7.01889e-25 -5.09756e-16  2.32864e-25 -1.05612e-16  3.36207e-26 -1.65721e-17  -2.9375e-26 -2.04747e-18 -1.85011e-26  -1.9596e-19 -7.37892e-27 -1.31796e-20 -1.73848e-27 -3.44314e-22 -6.81824e-29  5.47888e-23  8.21178e-29   1.0167e-23  2.29044e-29  9.98678e-25  1.49683e-30  6.90301e-26 -4.82939e-31  3.51614e-27   -1.205e-31  1.30077e-28 -9.76503e-33  3.29185e-30 -3.08006e-35  4.95721e-32  3.17609e-35  2.86592e-34
