  0.00172359  7.09563e-18  -0.00544471 -4.83631e-17   0.00306728  8.25839e-17   0.00123991 -5.26938e-17 -0.000285273 -2.27666e-18 -0.000436123  7.92245e-18  -0.00019454  4.42813e-18 -2.74694e-05  2.02731e-18  2.51667e-05 -3.45968e-18  2.48371e-05  -3.7718e-19  1.35071e-05  7.12838e-19  5.30674e-06 -2.11152e-19  1.46134e-06  1.25684e-19  1.42815e-07  2.92242e-20 -1.45416e-07 -8.03884e-20 -1.31677e-07 -1.39624e-20 -7.39744e-08  5.48252e-21 -3.39844e-08  2.62599e-21 -1.37719e-08  1.15412e-21  -5.0905e-09  5.15357e-22  -1.7486e-09  8.86634e-23  -5.6497e-10 -3.05622e-23  -1.7318e-10  -5.6852e-23 -5.06917e-11 -4.45864e-23   -1.424e-11  -1.2323e-23 -3.85317e-12  5.09372e-24 -1.00668e-12   5.0845e-24 -2.54211e-13   1.7029e-24 -6.20334e-14  4.63963e-25 -1.46082e-14  3.07827e-25 -3.31227e-15  2.07964e-25 -7.21069e-16  9.36626e-26 -1.50236e-16  3.31666e-26 -2.98613e-17  1.20524e-26 -5.64406e-18  4.50425e-27 -1.01134e-18  1.16053e-27 -1.71301e-19 -7.14072e-29 -2.73502e-20 -2.60426e-28 -4.10497e-21  -1.5334e-28 -5.77563e-22 -5.59515e-29 -7.59575e-23 -1.35315e-29 -9.30817e-24 -1.52409e-30 -1.05915e-24  4.34554e-31 -1.11451e-25  3.31198e-31 -1.07922e-26  1.23269e-31 -9.55794e-28  3.40672e-32 -7.67901e-29  7.60997e-33 -5.53266e-30  1.40383e-33 -3.51176e-31  2.11892e-34 -1.90296e-32  2.49093e-35 -8.21669e-34  1.89378e-36 -2.23488e-35   -1.313e-38  2.91938e-37 -2.94855e-38  8.91904e-38 -3.50839e-39  7.19837e-39  3.55919e-40  4.07727e-40  2.14993e-40   1.8323e-41  4.43597e-41  6.72618e-43  5.73397e-42  1.98246e-44  5.02293e-43  4.35566e-46  2.94804e-44  5.90381e-48  1.08162e-45  2.21085e-50  2.10452e-47 -3.71579e-52  1.31506e-49
 7.09563e-18   0.00946393  3.07153e-17   -0.0156869 -1.40911e-16   0.00370942  1.91745e-16    0.0041697 -9.21297e-17  0.000661835 -2.65427e-17 -0.000708503  1.15024e-17 -0.000610075  1.59256e-17 -0.000244851   5.4885e-18 -3.23716e-05 -6.65016e-18  3.22251e-05 -9.22572e-19  3.22158e-05  8.46373e-19  1.84399e-05 -1.57696e-20  8.01077e-06  3.81852e-19  2.76012e-06 -2.49809e-20    7.047e-07 -1.83429e-19  7.65496e-08 -4.95534e-20 -5.10646e-08  2.06135e-21 -4.69951e-08  5.74829e-21  -2.5673e-08  3.99723e-21 -1.14256e-08  1.81291e-21 -4.48838e-09  4.33787e-22  -1.6096e-09  -1.0629e-22 -5.36296e-10 -2.50397e-22 -1.67735e-10 -1.68169e-22  -4.9561e-11 -4.16168e-23 -1.38889e-11  1.21162e-23 -3.69995e-12  1.25522e-23 -9.37996e-13  5.13197e-24 -2.26342e-13  2.43463e-24 -5.19602e-14  1.61355e-24 -1.13362e-14  9.10973e-25 -2.34705e-15  4.02228e-25 -4.60321e-16  1.58623e-25 -8.53447e-17  6.17911e-26 -1.49226e-17  2.16237e-26 -2.45413e-18  5.04769e-27 -3.78443e-19 -1.73316e-28 -5.45231e-20 -8.57473e-28 -7.30664e-21 -4.77482e-28 -9.05644e-22 -1.63198e-28  -1.0303e-22 -3.59167e-29 -1.06373e-23 -2.73815e-30 -9.78536e-25   1.7573e-30 -7.74531e-26  1.05689e-30 -4.84595e-27   3.6573e-31 -1.67577e-28  9.63927e-32  1.10527e-29  2.06807e-32  2.99266e-30  3.67222e-33  3.79602e-31  5.33986e-34  3.65692e-32  6.05314e-35  2.93195e-33  4.49745e-36   2.0165e-34   2.1903e-38  1.20235e-35 -4.09906e-38  6.22779e-37   -7.663e-40  2.79658e-38  1.95744e-39  1.08473e-39  5.65734e-40  3.61585e-41   9.1282e-41  1.02363e-42  9.80409e-42  2.37393e-44  7.16369e-43  4.09532e-46   3.4267e-44  4.09802e-48  9.67083e-46  5.26324e-51  1.24378e-47 -1.49048e-52
 -0.00544471  3.07153e-17    0.0249362  7.07446e-17   -0.0260557 -2.41565e-16  -0.00079077  2.85939e-16   0.00673601 -1.02462e-16   0.00305903 -6.80692e-17  -0.00012573  5.33677e-18 -0.000903536  3.06554e-17 -0.000610348  9.89658e-18  -0.00023149 -8.16666e-18 -3.27284e-05 -1.55896e-18  2.73165e-05  7.09499e-19  2.89461e-05  7.29612e-19  1.74561e-05  7.83257e-19  8.20374e-06 -1.08635e-19  3.23601e-06 -3.09416e-19  1.09131e-06 -1.13521e-19  3.09022e-07 -1.49975e-20  6.71404e-08  7.62171e-21  6.52675e-09  8.46311e-21 -3.50328e-09  4.36917e-21 -2.88601e-09  1.20029e-21 -1.39604e-09 -3.50291e-22 -5.48951e-10 -7.10341e-22  -1.8992e-10 -4.26459e-22 -5.96722e-11 -1.09739e-22 -1.72927e-11    1.014e-23 -4.66033e-12  1.90654e-23 -1.17306e-12  1.11166e-23 -2.76322e-13  7.42607e-24 -6.09255e-14  4.90976e-24 -1.25589e-14  2.63647e-24 -2.41402e-15  1.19276e-24 -4.30817e-16  4.98943e-25 -7.09032e-17  1.95602e-25 -1.06441e-17  6.46609e-26 -1.42992e-18  1.41253e-26 -1.65358e-19  -2.3219e-28  -1.4858e-20 -1.91573e-27 -6.07261e-22 -1.01141e-27  1.28516e-22   -3.216e-28  4.34133e-23 -6.22489e-29   8.4143e-24 -1.15118e-30  1.29853e-24  4.75922e-30  1.72279e-25  2.35857e-30  2.02283e-26  7.56289e-31  2.12932e-27  1.89026e-31  2.02095e-28   3.8728e-32  1.73259e-29  6.57977e-33  1.34076e-30  9.14861e-34  9.34099e-32  9.89223e-35  5.83374e-33  7.08518e-36  3.24655e-34  1.23168e-37  1.59778e-35 -1.66507e-38  6.89233e-37  1.01263e-38  2.58218e-38  4.48983e-39  8.33977e-40  9.20404e-40  2.31205e-41  1.21032e-40  5.45656e-43  1.08528e-41  1.04944e-44  6.55611e-43  1.41349e-46  2.49816e-44  7.87399e-49  5.13888e-46 -5.18592e-51  3.54739e-48
-4.83631e-17   -0.0156869  7.07446e-17    0.0424179  1.01736e-16   -0.0296527 -2.80406e-16  -0.00928165  3.31944e-16   0.00641553 -8.54539e-17   0.00574415 -1.12981e-16    0.0015199 -9.84469e-18 -0.000612313  4.07798e-17 -0.000872082  1.30562e-17 -0.000515044 -7.75041e-18  -0.00019232 -2.23148e-18  -3.3414e-05   8.9208e-19  1.58799e-05  2.07758e-18  1.98523e-05  1.35784e-18  1.27446e-05 -1.24675e-19  6.37738e-06 -4.21628e-19   2.7344e-06 -1.94898e-19  1.04376e-06 -4.34676e-20  3.61627e-07  7.95401e-21  1.14967e-07  1.47886e-20  3.37582e-08  8.61847e-21  9.19425e-09  2.35382e-21  2.33105e-09 -9.89961e-22  5.52924e-10 -1.57351e-21  1.23915e-10 -8.85287e-22  2.67688e-11 -2.62893e-22  5.77739e-12 -2.83595e-23  1.30646e-12  1.53754e-23   3.2011e-13  1.90177e-23  8.41723e-14  1.65682e-23  2.27303e-14  1.11481e-23  6.02531e-15  5.99681e-24  1.52233e-15  2.80483e-24  3.61126e-16  1.20472e-24  7.99048e-17  4.63866e-25  1.64505e-17  1.45494e-25  3.14894e-18  3.00563e-26  5.60354e-19 -1.61204e-28  9.26898e-20 -3.37343e-27  1.42479e-20 -1.68055e-27  2.03407e-21 -4.89887e-28  2.69449e-22 -7.78058e-29  3.30763e-23  6.86935e-30  3.75613e-24   9.9758e-30  3.93742e-25  4.21654e-30  3.79992e-26  1.25211e-30  3.36532e-27  2.95608e-31  2.72434e-28  5.75701e-32  2.00638e-29  9.30863e-33  1.33641e-30  1.22912e-33  7.99247e-32  1.25753e-34  4.25205e-33  8.71275e-36  1.98809e-34  3.11311e-37  8.03964e-36  4.85264e-38  2.75364e-37  2.60605e-38  7.78887e-39  6.81224e-39  1.78061e-40  1.09796e-39  3.33302e-42  1.19776e-40  5.58989e-44  8.94661e-42  8.30421e-46   4.4029e-43  3.90653e-48  1.29179e-44 -1.86407e-49  1.76408e-46 -2.26928e-51
  0.00306728 -1.40911e-16   -0.0260557  1.01736e-16    0.0533066  8.71544e-17   -0.0248129 -2.22937e-16   -0.0175144  3.40942e-16   0.00278175 -5.68981e-17   0.00715988   -1.471e-16   0.00363624 -2.76652e-17   0.00040327   4.0598e-17 -0.000753645  1.24535e-17 -0.000717244 -7.31835e-18 -0.000392762 -3.15816e-18 -0.000149991  1.75905e-18  -3.4262e-05  3.87934e-18  3.87782e-06  2.13367e-18   9.8949e-06   1.8931e-20   7.0883e-06 -4.70576e-19  3.76999e-06  -2.6611e-19  1.70588e-06 -7.15296e-20  6.90462e-07  1.04088e-20  2.56423e-07  2.44511e-20   8.8739e-08  1.48516e-20  2.89204e-08  3.51448e-21  8.94537e-09 -2.36238e-21  2.64152e-09  -3.0067e-21  7.47944e-10 -1.66177e-21  2.03675e-10 -5.91058e-22  5.34267e-11  -1.5082e-22  1.35039e-11  -1.4816e-23    3.286e-12  2.51196e-23  7.68415e-13  2.95821e-23  1.72258e-13  2.08327e-23  3.69142e-14  1.15121e-23  7.53965e-15  5.54107e-24  1.46345e-15  2.39163e-24  2.69179e-16  8.94048e-25  4.67917e-17  2.66495e-25   7.6672e-18  5.21666e-26  1.18127e-18  2.87393e-29  1.70692e-19 -4.97231e-27  2.30729e-20 -2.31192e-27  2.90951e-21  -6.0136e-28  3.41235e-22 -6.54541e-29  3.70958e-23  2.38078e-29  3.72314e-24  1.72141e-29  3.43354e-25   6.3681e-30  2.89237e-26   1.7528e-30  2.20858e-27   3.8982e-31  1.51273e-28  7.18864e-32  9.15047e-30  1.10079e-32  4.76377e-31  1.37198e-33  2.02779e-32  1.32296e-34  6.12674e-34   9.0999e-36  4.35827e-36  5.78603e-37 -9.80696e-37  1.33382e-37  -8.3422e-38  3.98933e-38 -4.24744e-39  7.81303e-39  -1.5604e-40   1.0304e-39 -4.20763e-42  9.37976e-41 -8.09496e-44  5.78887e-42 -1.09436e-45  2.26969e-43 -1.17237e-47  4.86223e-45 -1.05495e-49  3.58562e-47
 8.25839e-17   0.00370942 -2.41565e-16   -0.0296527  8.71544e-17    0.0543595  1.15874e-17   -0.0154948 -9.92748e-17   -0.0223263   3.4192e-16  -0.00258382 -2.72067e-17   0.00660937 -1.60422e-16   0.00535346   -4.123e-17   0.00186526  3.00965e-17  -0.00015925  6.56949e-18 -0.000675104  -9.5305e-18 -0.000529032 -4.82873e-18 -0.000279399  3.02031e-18 -0.000112137  5.76235e-18 -3.29074e-05  3.04751e-18 -4.49614e-06  3.38305e-19  2.43091e-06 -4.27399e-19  2.60773e-06 -2.99932e-19  1.55622e-06  -8.4516e-20  7.44687e-07  2.09923e-20  3.11846e-07  3.91838e-20  1.18496e-07  2.25338e-20  4.16374e-08   3.7535e-21  1.36817e-08 -4.99923e-21  4.23371e-09 -5.30915e-21  1.23924e-09 -2.98332e-21  3.44049e-10 -1.24067e-21  9.07297e-11 -4.24761e-22  2.27388e-11 -9.58902e-23  5.41484e-12  2.14153e-23  1.22428e-12  4.42222e-23  2.62512e-13  3.37308e-23  5.33025e-14  1.93732e-23   1.0231e-14  9.50328e-24  1.85271e-15  4.06098e-24  3.15833e-16  1.46388e-24  5.05594e-17  4.14572e-25  7.57917e-18  7.67649e-26  1.06048e-18  2.10481e-28  1.37956e-19 -6.31423e-27  1.66039e-20 -2.69161e-27  1.83697e-21 -5.92568e-28  1.85131e-22 -1.50487e-29  1.67619e-23  4.89227e-29  1.33129e-24  2.53316e-29  8.82937e-26   8.3576e-30  4.24537e-27  2.13546e-30  4.49059e-29  4.46493e-31 -2.00978e-29  7.76989e-32 -3.05146e-30  1.12166e-32 -2.99204e-31  1.31335e-33 -2.32987e-32  1.19693e-34 -1.52096e-33  8.60858e-36 -8.47069e-35  8.62314e-37 -4.03343e-36  2.02897e-37 -1.62894e-37  4.56184e-38  -5.4783e-39  7.19264e-39 -1.48672e-40  7.89153e-40 -3.10084e-42  5.98378e-41 -4.64617e-44  3.00814e-42 -4.69054e-46  9.08717e-44  -3.2945e-48  1.29566e-45 -1.42049e-50
  0.00123991  1.91745e-16  -0.00079077 -2.80406e-16   -0.0248129  1.15874e-17     0.048928 -1.05107e-16  -0.00641024  2.88976e-17   -0.0233841  3.47241e-16  -0.00781593  2.48572e-18   0.00441002 -1.48356e-16   0.00609712 -4.58275e-17   0.00330904  1.41005e-17  0.000787744 -4.46036e-18 -0.000324921  -1.5903e-17 -0.000505787 -7.75649e-18 -0.000356543  3.87645e-18 -0.000186221  7.20069e-18 -7.91256e-05  3.88742e-18 -2.78063e-05  7.35818e-19 -7.73957e-06 -3.15604e-19 -1.35246e-06 -2.91662e-19  1.56081e-07 -7.56774e-20  2.90236e-07  4.28511e-20  1.75296e-07  5.81719e-20  8.01958e-08  2.92582e-20  3.14982e-08  1.30589e-21  1.11045e-08 -9.82597e-21  3.58825e-09 -9.04965e-21  1.07481e-09 -5.22304e-21   3.0035e-10 -2.40696e-21  7.85852e-11 -9.30328e-22   1.9287e-11 -2.57698e-22  4.44257e-12 -3.18684e-24  9.59973e-13  5.68299e-23  1.94339e-13  4.88722e-23  3.67764e-14  2.92518e-23  6.48407e-15  1.44577e-23  1.06005e-15  6.05003e-24  1.59567e-16  2.09276e-24  2.18736e-17  5.62289e-25  2.67947e-18  9.81638e-26  2.82457e-19  2.65378e-28  2.32388e-20 -6.98454e-27  9.21126e-22 -2.65182e-27 -1.46905e-22 -4.34709e-28 -4.65058e-23  6.95987e-29 -8.12119e-24  7.76905e-29 -1.11781e-24  3.25287e-29  -1.3137e-25   9.7018e-30 -1.35778e-26  2.30467e-30 -1.24986e-27   4.5228e-31 -1.02992e-28  7.40358e-32 -7.60426e-30  1.00345e-32  -5.0215e-31  1.10119e-33 -2.95386e-32  9.61281e-35  -1.5384e-33  7.74488e-36 -7.03267e-35  1.06354e-36  -2.7876e-36  2.30635e-37 -9.40813e-38  4.20251e-38  -2.6279e-39  5.48884e-39 -5.80182e-41  5.03504e-40 -9.38006e-43   3.1551e-41 -9.75374e-45  1.26395e-42 -5.25994e-47  2.79107e-44 -1.36974e-49  2.15676e-46
-5.26938e-17    0.0041697  2.85939e-16  -0.00928165 -2.22937e-16   -0.0154948 -1.05107e-16    0.0420043 -2.23971e-16  0.000262592  1.15627e-16   -0.0219881  3.48279e-16   -0.0118801  3.35699e-17   0.00131433 -1.12679e-16   0.00574405 -3.91869e-17   0.00433864 -1.13377e-18   0.00183971 -1.88909e-17  0.000276873 -2.59515e-17 -0.000285197 -1.21448e-17 -0.000327934  3.51634e-18 -0.000218086  7.68342e-18 -0.000113897  4.33986e-18 -5.06199e-05  1.02316e-18 -1.97803e-05 -2.15782e-19 -6.89292e-06 -2.68588e-19 -2.14892e-06 -5.31175e-20 -5.94981e-07  7.11321e-20 -1.42822e-07  7.54899e-20 -2.78138e-08  3.01013e-20 -3.39228e-09 -6.61967e-21  3.28523e-10 -1.83251e-20  3.96335e-10 -1.51082e-20  1.66751e-10 -8.85679e-21   5.2251e-11 -4.29233e-21  1.35644e-11 -1.73988e-21  2.97542e-12 -5.26208e-22  5.35762e-13 -5.83408e-23  6.91358e-14   6.4002e-23  1.51301e-15  6.48401e-23 -2.73225e-15  4.02503e-23 -1.15745e-15  1.98098e-23 -3.31389e-16  8.04816e-24 -7.83225e-17  2.66055e-24  -1.6207e-17   6.7676e-25 -3.01089e-18  1.11022e-25 -5.08573e-19  2.53348e-28 -7.86421e-20 -6.69689e-27 -1.11741e-20 -2.14426e-27 -1.46152e-21 -1.50074e-28 -1.76053e-22  1.70648e-28 -1.95214e-23  1.03312e-28 -1.98995e-24  3.70422e-29 -1.86101e-25  1.00838e-29 -1.59233e-26  2.22974e-30 -1.24211e-27  4.10054e-31 -8.79493e-29  6.29502e-32 -5.62239e-30  7.98456e-33 -3.22396e-31  8.22662e-34 -1.64497e-32  7.07534e-35 -7.39379e-34  6.77194e-36 -2.88935e-35  1.10647e-36 -9.63419e-37  2.12795e-37 -2.65997e-38  3.23265e-38 -5.75362e-40  3.53711e-39 -8.60872e-42  2.70647e-40 -5.56584e-44  1.38191e-41  7.35235e-46  4.26768e-43  1.71748e-47  6.28284e-45  7.83193e-50
-0.000285273 -9.21297e-17   0.00673601  3.31944e-16   -0.0175144 -9.92748e-17  -0.00641024 -2.23971e-16    0.0363787 -3.12342e-16   0.00459303  1.48312e-16   -0.0194897  3.32128e-16   -0.0145702  6.51619e-17  -0.00200053 -6.06154e-17   0.00447385 -2.12992e-17   0.00473798 -1.10384e-17   0.00273974 -3.39317e-17  0.000991242 -3.76101e-17  0.000100138 -1.76703e-17 -0.000176735  1.56789e-18 -0.000181486  6.90765e-18 -0.000117271  4.11913e-18  -6.1279e-05  9.97203e-19 -2.78767e-05  -2.3434e-19 -1.14228e-05  -2.7816e-19 -4.30033e-06 -3.78757e-20 -1.50742e-06  9.18355e-20 -4.97036e-07  7.99896e-20 -1.55457e-07  1.80813e-20 -4.64556e-08 -2.36391e-20 -1.33455e-08 -3.24194e-20 -3.70323e-09 -2.45015e-20 -9.95662e-10 -1.43161e-20 -2.59648e-10  -7.0291e-21 -6.56111e-11 -2.88422e-21 -1.60229e-11 -9.08274e-22 -3.76739e-12 -1.45912e-22 -8.49254e-13  6.45304e-23 -1.82764e-13  8.01678e-23 -3.74019e-14  5.10299e-23 -7.25328e-15  2.47216e-23 -1.32889e-15  9.68116e-24 -2.29403e-16  3.04718e-24 -3.72235e-17  7.32067e-25 -5.66463e-18   1.1266e-25 -8.06713e-19   4.5873e-28 -1.07276e-19 -5.40498e-27 -1.32898e-20 -1.26407e-27 -1.52993e-21   1.9525e-28 -1.63211e-22  2.63192e-28 -1.60832e-23  1.19465e-28 -1.45862e-24  3.78516e-29 -1.21222e-25  9.46855e-30 -9.18426e-27  1.95032e-30 -6.30349e-28  3.35556e-31 -3.88824e-29  4.81764e-32 -2.13356e-30  5.70932e-33 -1.02707e-31  5.57029e-34 -4.25052e-33  4.93127e-35 -1.46276e-34  5.70571e-36 -3.91129e-36  9.85007e-37 -6.56729e-38  1.65263e-37  2.76918e-40  2.11737e-38  6.84474e-41  1.94522e-39  2.81037e-42  1.23131e-40  6.88888e-44  5.01227e-42  1.02368e-45  1.13248e-43  7.39189e-48  9.05688e-46
-2.27666e-18  0.000661835 -1.02462e-16   0.00641553  3.40942e-16   -0.0223263  2.88976e-17  0.000262592 -3.12342e-16    0.0325085 -3.56787e-16   0.00738752  1.37378e-16   -0.0166871  2.95036e-16   -0.0160795  9.45671e-17  -0.00510441 -1.38001e-18   0.00257671  5.73332e-18   0.00446034 -1.38734e-17   0.00329299 -4.65599e-17   0.00165116 -4.82397e-17  0.000563201 -2.34793e-17  7.03463e-05 -1.72391e-18 -7.49857e-05  4.90737e-18 -8.04205e-05  3.10277e-18 -5.20783e-05  5.31639e-19 -2.72249e-05  -4.5086e-19 -1.24327e-05 -3.62073e-19 -5.13579e-06 -5.46111e-20 -1.95638e-06  8.57309e-20 -6.95547e-07  5.81156e-20 -2.32657e-07 -1.42349e-20 -7.36213e-08 -5.34326e-20 -2.21197e-08 -5.39419e-20 -6.32453e-09  -3.7985e-20 -1.72287e-09 -2.17697e-20 -4.47267e-10 -1.05872e-20 -1.10605e-10 -4.31604e-21 -2.60292e-11 -1.37722e-21  -5.8216e-12 -2.55391e-22 -1.23546e-12  6.03685e-23  -2.4835e-13  9.36028e-23 -4.71998e-14  6.00797e-23 -8.46489e-15  2.83354e-23 -1.42967e-15  1.06293e-23 -2.26921e-16  3.17438e-24 -3.37726e-17  7.18753e-25 -4.70171e-18  1.04012e-25 -6.10634e-19  1.23761e-27 -7.37583e-20 -3.33511e-27 -8.25644e-21 -2.14651e-28 -8.52821e-22  5.17705e-28 -8.08487e-23  3.25241e-28 -6.98559e-24  1.22753e-28  -5.4484e-25  3.50186e-29 -3.78149e-26  8.08676e-30 -2.28077e-27  1.55198e-30 -1.14087e-28  2.49377e-31 -4.17628e-30  3.34097e-32   -5.038e-32  3.70421e-33  7.94214e-33  3.48679e-34  8.88529e-34  3.34258e-35  5.89976e-35  4.52146e-36   2.9668e-36  7.58678e-37  1.19413e-37  1.10146e-37   3.8981e-39  1.19414e-38   1.0256e-40  9.17532e-40  2.11503e-42  4.73626e-41  3.18931e-44  1.48716e-42  2.99742e-46  2.24286e-44   1.1048e-48
-0.000436123 -2.65427e-17   0.00305903 -8.54539e-17   0.00278175   3.4192e-16   -0.0233841  1.15627e-16   0.00459303 -3.56787e-16    0.0299137  -3.6127e-16   0.00931417  1.00216e-16   -0.0139197  2.43516e-16   -0.0166829  1.19772e-16  -0.00777865  5.74629e-17  0.000337815  3.83344e-17   0.00357347 -1.00264e-17   0.00339117 -5.42377e-17   0.00210709 -5.54792e-17  0.000992285 -2.83638e-17  0.000352857 -5.59001e-18  7.65867e-05  2.06788e-18 -1.03974e-05   1.4041e-18  -2.3477e-05 -3.58499e-19   -1.675e-05 -8.73104e-19 -8.96771e-06 -5.33049e-19 -4.09721e-06  -1.2111e-19 -1.67399e-06   3.4962e-20 -6.25729e-07 -1.82969e-21 -2.16761e-07 -7.25693e-20 -7.01374e-08 -9.85389e-20 -2.13023e-08 -8.38031e-20 -6.09169e-09 -5.55698e-20 -1.64304e-09 -3.09201e-20 -4.18336e-10 -1.47068e-20 -1.00562e-10 -5.88982e-21 -2.28145e-11 -1.86878e-21 -4.88101e-12 -3.64573e-22 -9.83608e-13  5.58481e-23 -1.86421e-13   1.0413e-22 -3.31686e-14  6.60489e-23 -5.52764e-15  3.00179e-23 -8.60478e-16  1.07271e-23 -1.24692e-16  3.03005e-24 -1.67466e-17  6.45872e-25 -2.07222e-18  8.88015e-26 -2.34269e-19  2.76419e-27 -2.38854e-20 -9.20165e-28  -2.1477e-21  7.67766e-28 -1.62674e-22  7.47469e-28 -9.13092e-24   3.4549e-28 -1.54863e-25  1.13647e-28  4.87646e-26  2.95337e-29  8.97842e-27  6.31504e-30  1.03949e-27  1.12889e-30  9.57293e-29  1.69115e-31   7.4487e-30    2.112e-32  5.00186e-31  2.20463e-33  2.91754e-32  2.06517e-34  1.47664e-33  2.22634e-35  6.44572e-35  3.29316e-36  2.40251e-36   5.0982e-37  7.54308e-38  6.36975e-38  1.95971e-39  5.83253e-39  4.10682e-41  3.71392e-40  6.63443e-43  1.52949e-41  7.49744e-45  3.51624e-43  4.65059e-47  2.88544e-45
 7.92245e-18 -0.000708503 -6.80692e-17   0.00574415 -5.68981e-17  -0.00258382  3.47241e-16   -0.0219881  1.48312e-16   0.00738752  -3.6127e-16    0.0280992 -3.39331e-16     0.010756  5.18604e-17   -0.0112955  1.88403e-16   -0.0166129  1.40872e-16   -0.0099332  1.11532e-16  -0.00200436  7.26041e-17   0.00220911 -6.82614e-19   0.00301035 -5.53089e-17   0.00225617 -5.76593e-17   0.00128226 -3.10382e-17  0.000596612 -8.99188e-18  0.000231107 -9.74495e-19  7.23896e-05 -6.46709e-19  1.58304e-05 -1.50825e-18  2.29265e-07 -1.42524e-18  -2.1798e-06 -7.68507e-19 -1.55427e-06 -2.42799e-19 -7.72687e-07 -7.13678e-20  -3.2126e-07 -1.06051e-19 -1.18208e-07 -1.58969e-19 -3.94683e-08 -1.59064e-19 -1.21148e-08 -1.21181e-19 -3.44352e-09 -7.61739e-20 -9.10018e-10 -4.09174e-20 -2.24025e-10 -1.88975e-20  -5.1394e-11  -7.3764e-21 -1.09775e-11 -2.29346e-21  -2.1781e-12 -4.46339e-22 -3.99879e-13  5.54631e-23 -6.74982e-14  1.10859e-22 -1.03663e-14  6.80508e-23 -1.42194e-15  2.95317e-23 -1.67763e-16   1.0005e-23  -1.5418e-17  2.66603e-24 -6.68227e-19  5.35503e-25  1.28529e-19  7.16178e-26  4.50838e-20  4.86262e-27  8.87552e-21   1.3414e-27  1.38517e-21  1.49379e-27  1.85484e-22  8.49896e-28  2.19555e-23   3.2558e-28  2.32799e-24   9.5713e-29  2.22434e-25  2.28274e-29  1.91896e-26  4.52759e-30  1.49393e-27   7.5338e-31  1.04694e-28  1.05071e-31  6.57724e-30   1.2247e-32  3.68269e-31  1.22056e-33  1.82368e-32  1.18477e-34  7.90899e-34   1.4434e-35    2.967e-35  2.17139e-36  9.48279e-37   3.0068e-37  2.53506e-38  3.21579e-38  5.54171e-40  2.47166e-39  9.59626e-42  1.28505e-40  1.24134e-43  4.08493e-42   1.0441e-45  6.27447e-44   3.6536e-48
 -0.00019454  1.15024e-17  -0.00012573 -1.12981e-16   0.00715988 -2.72067e-17  -0.00781593  3.48279e-16   -0.0194897  1.37378e-16   0.00931417 -3.39331e-16    0.0267723 -3.07017e-16    0.0119148  2.15333e-18  -0.00882946  1.39029e-16   -0.0160369  1.59555e-16   -0.0115422  1.58944e-16  -0.00426062  1.05354e-16   0.00053038  1.30559e-17   0.00219868 -4.91021e-17   0.00205707 -5.39085e-17   0.00136034 -3.04469e-17  0.000736459 -1.09302e-17  0.000344139 -3.51196e-18  0.000142327 -2.60145e-18  5.27663e-05 -2.65472e-18  1.76336e-05 -1.97671e-18   5.3112e-06 -1.02395e-18  1.43296e-06 -4.14394e-19  3.41207e-07 -2.34932e-19  6.94927e-08 -2.53453e-19  1.12527e-08 -2.70552e-19    1.134e-09 -2.31772e-19 -4.72391e-11 -1.63119e-19 -4.38745e-11 -9.76004e-20 -2.63264e-12 -5.04591e-20  5.21227e-12 -2.25257e-20  3.35241e-12 -8.51556e-21  1.36331e-12 -2.56279e-21  4.43063e-13 -4.78711e-22  1.23691e-13  6.14846e-23  3.06436e-14  1.12992e-22  6.85525e-15  6.58596e-23  1.39899e-15   2.7077e-23  2.62079e-16  8.66095e-24  4.52434e-17  2.17362e-24  7.21415e-18  4.13414e-25  1.06375e-18  5.60664e-26  1.45104e-19  7.04584e-27  1.83045e-20  3.04273e-27  2.13344e-21  1.87153e-27  2.29408e-22  8.29804e-28  2.27127e-23  2.76962e-28  2.06513e-24  7.38356e-29  1.71894e-25  1.62377e-29  1.30476e-26  2.98984e-30  8.98916e-28  4.62672e-31  5.58954e-29  6.00411e-32  3.11542e-30  6.56562e-33  1.54344e-31  6.39869e-34  6.72639e-33  6.68791e-35  2.54556e-34  8.91998e-36  8.23296e-36  1.28566e-36  2.23216e-37  1.56237e-37   4.9622e-39  1.42096e-38  8.82943e-41    9.072e-40  1.22064e-42  3.76653e-41   1.2296e-44  8.77255e-43   7.3135e-47  7.34055e-45
 4.42813e-18 -0.000610075  5.33677e-18    0.0015199   -1.471e-16   0.00660937  2.48572e-18   -0.0118801  3.32128e-16   -0.0166871  1.00216e-16     0.010756 -3.07017e-16    0.0257833 -2.78394e-16    0.0129061 -4.41224e-17  -0.00650153   1.0042e-16   -0.0150664  1.77333e-16   -0.0126054  1.98739e-16  -0.00627985  1.34458e-16  -0.00128569  3.02734e-17   0.00106227 -3.59134e-17   0.00153372 -4.41815e-17   0.00120243 -2.60543e-17  0.000735154 -1.07294e-17  0.000384067 -4.96775e-18   0.00017849  -4.0334e-18  7.54894e-05 -3.52897e-18  2.94971e-05 -2.39715e-18  1.07685e-05   -1.257e-18  3.70603e-06 -6.25975e-19  1.21141e-06 -4.48939e-19  3.78436e-07 -4.35556e-19   1.1353e-07 -3.99171e-19  3.28126e-08 -3.09963e-19  9.14957e-09 -2.04779e-19  2.46065e-09 -1.16911e-19  6.37098e-10 -5.80686e-20  1.58358e-10 -2.49709e-20  3.76609e-11 -9.09043e-21  8.53989e-12 -2.61868e-21   1.8403e-12 -4.53273e-22  3.75749e-13   7.2782e-23  7.24974e-14  1.09992e-22  1.31867e-14   5.9948e-23  2.25639e-15     2.32e-23  3.62489e-16  6.98368e-24  5.45694e-17  1.65076e-24  7.68317e-18  3.00644e-25  1.00972e-18  4.38499e-26  1.23596e-19  8.73205e-27  1.40579e-20  3.97666e-27  1.48186e-21  1.91347e-27  1.44332e-22  7.20679e-28  1.29446e-23  2.14985e-28  1.06475e-24  5.24395e-29  7.99449e-26  1.06644e-29   5.4484e-27   1.8232e-30  3.34752e-28   2.6218e-31  1.83861e-29  3.16986e-32  8.93142e-31  3.28915e-33  3.78359e-32  3.24058e-34  1.37103e-33  3.71712e-35   4.1316e-35  5.14331e-36  9.90296e-37  6.80856e-37   1.7412e-38  7.16571e-38  1.84364e-40  5.49348e-39   2.1398e-43  2.86814e-40 -2.17348e-44  9.19865e-42 -2.07661e-46  1.43258e-43 -1.48659e-49
-2.74694e-05  1.59256e-17 -0.000903536 -9.84469e-18   0.00363624 -1.60422e-16   0.00441002  3.35699e-17   -0.0145702  2.95036e-16   -0.0139197  5.18604e-17    0.0119148 -2.78394e-16    0.0250539 -2.63232e-16    0.0138055 -8.60127e-17  -0.00427703  7.30717e-17   -0.0137688  1.93861e-16   -0.0131265  2.29664e-16   -0.0079364  1.58508e-16  -0.00305761  4.98583e-17 -0.000249832 -1.69905e-17  0.000769379 -2.93046e-17  0.000837856 -1.80511e-17  0.000593247 -8.23155e-18  0.000341982 -5.05724e-18  0.000172025 -4.66716e-18  7.80071e-05 -3.94998e-18  3.24897e-05 -2.60977e-18  1.25791e-05  -1.4478e-18  4.56479e-06 -8.68403e-19  1.56159e-06 -6.99948e-19  5.05612e-07 -6.37435e-19  1.55347e-07 -5.32098e-19  4.53599e-08 -3.84347e-19  1.25947e-08 -2.40363e-19  3.32514e-09 -1.31104e-19  8.34199e-10 -6.24713e-20  1.98672e-10 -2.57984e-20  4.48612e-11 -8.99407e-21  9.59098e-12 -2.45275e-21  1.93848e-12 -3.77888e-22  3.69815e-13  8.54436e-23  6.64857e-14  1.01883e-22   1.1245e-14  5.13536e-23  1.78611e-15   1.8615e-23  2.65924e-16   5.2625e-24  3.70355e-17  1.17485e-24  4.81402e-18   2.0913e-25   5.8254e-19  3.49304e-26  6.54346e-20  9.49844e-27  6.79958e-21  4.15809e-27  6.51027e-22  1.70659e-27  5.71512e-23  5.67013e-28  4.57179e-24  1.53377e-28  3.30596e-25  3.44207e-29  2.13738e-26  6.48343e-30  1.21557e-27  1.02887e-30  5.92005e-29  1.37471e-31  2.34125e-30  1.55561e-32  6.49124e-32  1.56219e-33   3.6937e-34  1.61214e-34 -9.18565e-35  2.00615e-35 -6.97441e-36  2.72292e-36 -3.18631e-37  3.21812e-37 -1.04965e-38  2.90067e-38 -2.53606e-40  1.85209e-39 -4.31011e-42  7.73039e-41 -4.65148e-44  1.81783e-42 -2.49817e-46   1.5437e-44
 2.02731e-18 -0.000244851  3.06554e-17 -0.000612313 -2.76652e-17   0.00535346 -1.48356e-16   0.00131433  6.51619e-17   -0.0160795  2.43516e-16   -0.0112955  2.15333e-18    0.0129061 -2.63232e-16    0.0245412  -2.6631e-16    0.0146701 -1.24731e-16  -0.00211323  5.39573e-17   -0.0121775  2.06355e-16   -0.0131039  2.49781e-16  -0.00912176  1.76241e-16  -0.00460749  7.01151e-17  -0.00156325   5.5182e-18 -0.000108712 -1.09646e-17  0.000341438 -7.39865e-18  0.000347477 -3.84572e-18  0.000233134 -3.85527e-18  0.000128249 -4.45373e-18  6.18172e-05  -3.8822e-18  2.69128e-05 -2.61796e-18  1.07622e-05 -1.60506e-18  3.99405e-06 -1.13426e-18  1.38484e-06 -9.69121e-19   4.5058e-07 -8.39267e-19  1.37968e-07 -6.53774e-19   3.9828e-08 -4.44808e-19  1.08499e-08 -2.64461e-19  2.79034e-09 -1.37873e-19  6.77393e-10 -6.29362e-20  1.55161e-10  -2.4882e-20  3.35095e-11 -8.26034e-21  6.81662e-12 -2.10716e-21  1.30456e-12 -2.72786e-22  2.34547e-13  9.47081e-23  3.95493e-14  8.94543e-23  6.24216e-15  4.14125e-23  9.20033e-16  1.40123e-23  1.26276e-16  3.71862e-24  1.60834e-17  7.89675e-25  1.89258e-18  1.41816e-25  2.04558e-19  2.83317e-26   2.0143e-20  9.23131e-27  1.78516e-21  3.76763e-27  1.39532e-22  1.36661e-27  9.24736e-24   4.0854e-28  4.70196e-25  1.01084e-28  1.12313e-26   2.0942e-29 -1.08889e-27  3.65603e-30 -1.99196e-28  5.38387e-31 -1.96481e-29   6.6933e-32 -1.48092e-30   7.1588e-33 -9.18446e-32  7.15778e-34 -4.79267e-33  7.92552e-35 -2.11107e-34  1.03016e-35 -7.78791e-36  1.30968e-36 -2.36401e-37  1.35514e-37 -5.73096e-39  1.03414e-38 -1.05725e-40   5.4092e-40 -1.36831e-42  1.74552e-41 -1.06206e-44  2.74659e-43 -3.13451e-47
 2.51667e-05   5.4885e-18 -0.000610348  4.07798e-17   0.00040327   -4.123e-17   0.00609712 -1.12679e-16  -0.00200053  9.45671e-17   -0.0166829  1.88403e-16  -0.00882946 -4.41224e-17    0.0138055  -2.6631e-16    0.0242237 -2.87828e-16    0.0155484 -1.62147e-16  3.80688e-05  3.79138e-17   -0.0103009  2.10323e-16   -0.0125289  2.56814e-16  -0.00974368  1.86216e-16  -0.00577267  8.87058e-17  -0.00270064  2.87713e-17  -0.00095336  8.48184e-18 -0.000185511  4.34243e-18  5.84854e-05  1.57202e-18  9.00753e-05 -1.74979e-18  6.31846e-05 -3.56742e-18  3.42772e-05  -3.4355e-18   1.5958e-05 -2.49527e-18  6.63696e-06 -1.75603e-18  2.51583e-06 -1.41419e-18  8.79153e-07 -1.23289e-18  2.85197e-07 -1.01865e-18  8.62619e-08 -7.48516e-19  2.43931e-08 -4.82629e-19  6.45908e-09 -2.73372e-19  1.60265e-09 -1.36201e-19  3.72641e-10 -5.94622e-20  8.11484e-11 -2.24314e-20  1.65317e-11 -7.04781e-21  3.14514e-12 -1.65795e-21  5.57388e-13 -1.62501e-22   9.1694e-14  9.70621e-23  1.39319e-14  7.42129e-23  1.94063e-15  3.14445e-23  2.44922e-16  9.91316e-24   2.7437e-17  2.47438e-24   2.6154e-18  5.06571e-25  1.89036e-19   9.5605e-26  5.16226e-21   2.2983e-26  -1.3704e-21   8.1175e-27 -3.44033e-22  3.05638e-27 -5.25383e-23  9.97768e-28 -6.40669e-24  2.71463e-28 -6.67711e-25  6.17695e-29 -6.10107e-26  1.18364e-29  -4.9387e-27  1.91554e-30 -3.55347e-28  2.61815e-31 -2.27061e-29  3.04142e-32 -1.28341e-30  3.12758e-33  -6.3741e-32  3.21593e-34 -2.75486e-33  3.81996e-35 -1.02236e-34  4.93803e-36 -3.19792e-36  5.68465e-37 -8.21088e-38  5.07183e-38 -1.66353e-39  3.23254e-39  -2.4982e-41  1.35335e-40 -2.49089e-43  3.20431e-42 -1.29061e-45  2.75133e-44
-3.45968e-18 -3.23716e-05  9.89658e-18 -0.000872082   4.0598e-17   0.00186526 -4.58275e-17   0.00574405 -6.06154e-17  -0.00510441  1.19772e-16   -0.0166129  1.39029e-16  -0.00650153 -8.60127e-17    0.0146701 -2.87828e-16    0.0240958 -3.24506e-16    0.0164865 -1.99905e-16   0.00222809  1.90877e-17  -0.00813183  2.01107e-16   -0.0113929  2.48891e-16  -0.00973396  1.86976e-16   -0.0064231  1.03004e-16  -0.00350841  4.96752e-17  -0.00162683   2.6424e-17 -0.000640721  1.53759e-17 -0.000207855  6.96915e-18 -4.93105e-05  6.95083e-19 -3.34438e-06 -2.33205e-18  4.94666e-06 -2.81261e-18  3.91065e-06 -2.34749e-18  1.99948e-06 -1.92725e-18    8.362e-07 -1.69182e-18  3.05349e-07 -1.46433e-18  1.00041e-07 -1.15392e-18  2.97977e-08 -8.03674e-19  8.12051e-09 -4.92523e-19  2.02927e-09    -2.66e-19  4.64451e-10 -1.26574e-19  9.68784e-11 -5.27482e-20  1.82223e-11 -1.89172e-20  3.02501e-12 -5.58603e-21  4.22041e-13 -1.18939e-21  4.25455e-14 -6.76624e-23  5.80782e-16  9.14653e-23 -1.12891e-15  5.80432e-23 -3.78676e-16  2.24884e-23 -8.67594e-17  6.60546e-24 -1.64333e-17  1.55915e-24 -2.72216e-18  3.14421e-25 -4.03774e-19  6.49565e-26  -5.4248e-20  1.82124e-26    -6.64e-21  6.51826e-27  -7.4242e-22  2.25743e-27   -7.588e-23  6.70329e-28 -7.08407e-24  1.67148e-28 -6.02978e-25   3.5092e-29 -4.66572e-26   6.2257e-30 -3.26901e-27  9.34008e-31 -2.06343e-28  1.18669e-31 -1.16593e-29  1.29958e-32 -5.85056e-31  1.31745e-33 -2.58122e-32  1.42911e-34 -9.88574e-34  1.77385e-35 -3.23206e-35  2.17784e-36 -8.81729e-37  2.21583e-37 -1.94273e-38  1.68095e-38 -3.28964e-40  8.79259e-40 -3.94226e-42   2.8485e-41 -2.85051e-44  4.51581e-43 -7.82734e-47
 2.48371e-05 -6.65016e-18  -0.00023149  1.30562e-17 -0.000753645  3.00965e-17   0.00330904 -3.91869e-17   0.00447385 -1.38001e-18  -0.00777865  1.40872e-16   -0.0160369   1.0042e-16  -0.00427703 -1.24731e-16    0.0155484 -3.24506e-16    0.0241645 -3.71066e-16    0.0175287 -2.39212e-16   0.00450557 -7.67385e-18  -0.00566225  1.75495e-16  -0.00970133  2.25351e-16   -0.0090641  1.77578e-16  -0.00648254  1.10723e-16  -0.00388396  6.54946e-17  -0.00202955   4.0551e-17 -0.000946025  2.41141e-17   -0.0003991  1.13889e-17 -0.000153995  2.91107e-18  -5.4828e-05 -1.10947e-18 -1.81719e-05 -2.23066e-18 -5.66525e-06  -2.2668e-18 -1.68378e-06 -2.12691e-18 -4.85258e-07 -1.94157e-18 -1.38167e-07 -1.63646e-18  -3.9463e-08 -1.22816e-18 -1.13664e-08 -8.12403e-19 -3.27825e-09 -4.73817e-19 -9.32406e-10 -2.44019e-19 -2.57155e-10 -1.10786e-19 -6.78225e-11 -4.39701e-20 -1.69406e-11 -1.49286e-20 -3.98286e-12  -4.1083e-21 -8.78187e-13 -7.70561e-22 -1.81206e-13  2.65426e-26 -3.49445e-14  7.93196e-23 -6.29241e-15  4.27412e-23 -1.05719e-15   1.5159e-23 -1.65593e-16  4.15774e-24 -2.41595e-17  9.37695e-25 -3.27952e-18  1.91855e-25  -4.1364e-19  4.45528e-26 -4.83965e-20  1.38268e-26 -5.24244e-21  4.81281e-27 -5.24525e-22  1.53324e-27 -4.83402e-23    4.169e-28 -4.09016e-24  9.56935e-29 -3.16509e-25  1.85721e-29 -2.22976e-26  3.05173e-30 -1.42232e-27  4.24614e-31  -8.1617e-29  5.03539e-32 -4.18021e-30  5.27906e-33 -1.89266e-31   5.4348e-34 -7.48525e-33  6.25785e-35 -2.54651e-34  7.78271e-36 -7.30265e-36  8.74847e-37 -1.71622e-37  7.72237e-38 -3.17068e-39  4.90621e-39 -4.30867e-41  2.05664e-40 -3.82257e-43  4.89203e-42 -1.69186e-45  4.23463e-44
 -3.7718e-19  3.22251e-05 -8.16666e-18 -0.000515044  1.24535e-17  -0.00015925  1.41005e-17   0.00433864 -2.12992e-17   0.00257671  5.74629e-17   -0.0099332  1.59555e-16   -0.0150664  7.30717e-17  -0.00211323 -1.62147e-16    0.0164865 -3.71066e-16    0.0244448  -4.2187e-16    0.0187142 -2.80939e-16   0.00690618 -4.56506e-17  -0.00290124  1.32871e-16   -0.0074944  1.87362e-16  -0.00776401  1.58182e-16  -0.00594803  1.10565e-16  -0.00379655  7.44482e-17  -0.00212043  4.93614e-17   -0.0010645  2.95488e-17 -0.000488748  1.42001e-17 -0.000207799  4.47145e-18 -8.25999e-05 -1.93759e-19 -3.09312e-05 -1.85032e-18 -1.09781e-05 -2.29828e-18 -3.71004e-06 -2.33727e-18 -1.19767e-06 -2.13187e-18 -3.69976e-07 -1.72738e-18 -1.09418e-07 -1.23288e-18 -3.09601e-08 -7.75152e-19 -8.36911e-09 -4.30435e-19 -2.15708e-09 -2.11306e-19 -5.28944e-10 -9.14071e-20 -1.23125e-10 -3.44584e-20 -2.71487e-11 -1.10212e-20  -5.6593e-12 -2.79644e-21 -1.11326e-12 -4.42007e-22 -2.06309e-13  3.85145e-23 -3.59611e-14  6.34976e-23 -5.88657e-15  2.96191e-23 -9.03497e-16   9.6435e-24 -1.29813e-16  2.48278e-24 -1.74293e-17  5.44014e-25  -2.1827e-18  1.16779e-25 -2.54418e-19  3.05273e-26 -2.75375e-20  9.93308e-27 -2.76036e-21  3.28496e-27 -2.55477e-22  9.63804e-28 -2.17552e-23  2.41019e-28  -1.6976e-24  5.10644e-29 -1.20813e-25  9.17067e-30 -7.79769e-27  1.39603e-30 -4.53421e-28  1.80445e-31 -2.35632e-29  2.01386e-32 -1.08368e-30   2.0676e-33 -4.35699e-32  2.21747e-34 -1.50761e-33  2.66142e-35 -4.39739e-35  3.17327e-36 -1.05031e-36   3.1775e-37 -1.96666e-38  2.39432e-38 -2.68376e-40  1.25067e-39 -2.30759e-42  4.06042e-41 -8.13286e-45  6.47062e-43  1.33642e-47
 1.35071e-05 -9.22572e-19 -3.27284e-05 -7.75041e-18 -0.000717244  6.56949e-18  0.000787744 -1.13377e-18   0.00473798  5.73332e-18  0.000337815  1.11532e-16   -0.0115422  1.77333e-16   -0.0137688  5.39573e-17  3.80688e-05 -1.99905e-16    0.0175287  -4.2187e-16    0.0249536 -4.72363e-16    0.0200668 -3.25619e-16   0.00943647 -9.54725e-17  0.000103356  7.56487e-17  -0.00486646  1.38134e-16  -0.00593637  1.30413e-16  -0.00489943  1.02619e-16  -0.00329431  7.60762e-17  -0.00192255  5.24447e-17  -0.00100482   3.1422e-17 -0.000479162  1.51957e-17 -0.000211064  5.16885e-18 -8.66216e-05  2.55395e-19 -3.33279e-05 -1.73658e-18 -1.20749e-05 -2.42988e-18 -4.13231e-06 -2.51967e-18 -1.33846e-06 -2.23285e-18 -4.10788e-07 -1.72551e-18 -1.19519e-07 -1.16995e-18 -3.29639e-08 -6.99341e-19 -8.61479e-09 -3.69723e-19 -2.13184e-09 -1.72882e-19 -4.99106e-10 -7.11338e-20 -1.10441e-10 -2.53895e-20 -2.30729e-11 -7.60444e-21 -4.54588e-12  -1.7531e-21 -8.43638e-13 -2.14495e-22 -1.47288e-13  5.28149e-23 -2.41584e-14  4.70936e-23 -3.71725e-15  1.93236e-23  -5.3572e-16  5.80239e-24 -7.21857e-17  1.41534e-24 -9.07629e-18   3.0848e-25 -1.06254e-18  7.14822e-26 -1.15522e-19  2.05525e-26 -1.16308e-20  6.70805e-27 -1.08075e-21  2.08126e-27 -9.23207e-23  5.63215e-28 -7.21638e-24  1.29903e-28  -5.1329e-25  2.54442e-29 -3.29969e-26  4.23037e-30 -1.90089e-27  5.96961e-31 -9.70628e-29  7.19687e-32 -4.32875e-30  7.66743e-33 -1.65087e-31  7.92457e-34 -5.20669e-33   8.9397e-35 -1.27504e-34  1.07883e-35 -2.05033e-36  1.18752e-36 -4.32109e-39  1.03714e-37  9.03617e-40  6.56189e-39  2.96544e-41  2.75021e-40   4.8674e-43  6.56011e-42  3.86422e-45    5.711e-44
 7.12838e-19  3.22158e-05 -1.55896e-18  -0.00019232 -7.31835e-18 -0.000675104 -4.46036e-18   0.00183971 -1.10384e-17   0.00446034  3.83344e-17  -0.00200436  1.58944e-16   -0.0126054  1.93861e-16   -0.0121775  3.79138e-17   0.00222809 -2.39212e-16    0.0187142 -4.72363e-16    0.0256969 -5.19824e-16      0.02158 -3.73128e-16    0.0120552 -1.54844e-16    0.0032465  9.00883e-18  -0.00197773   8.2648e-17  -0.00375784  9.72848e-17  -0.00349226  8.83786e-17  -0.00249326   7.1243e-17  -0.00151216  5.04437e-17 -0.000812374  3.01623e-17 -0.000395321  1.45529e-17 -0.000176652  5.01694e-18 -7.31443e-05   2.2699e-19 -2.82377e-05 -1.85846e-18  -1.0208e-05 -2.60526e-18 -3.46592e-06 -2.62872e-18 -1.10751e-06 -2.22538e-18 -3.33501e-07 -1.63293e-18 -9.47096e-08 -1.05112e-18 -2.53738e-08 -5.97353e-19 -6.41318e-09 -3.00564e-19  -1.5288e-09 -1.33728e-19 -3.43576e-10 -5.22266e-20 -7.27466e-11 -1.75824e-20 -1.45004e-11 -4.89425e-21  -2.7184e-12 -1.00326e-21 -4.78781e-13 -7.66068e-23 -7.91221e-14  5.11241e-23 -1.22507e-14  3.24759e-23 -1.77414e-15  1.18829e-23  -2.3984e-16  3.31373e-24 -3.01969e-17  7.77025e-25 -3.53121e-18   1.7329e-25 -3.82282e-19  4.39177e-26 -3.81598e-20  1.33804e-26 -3.49482e-21  4.24642e-27 -2.91776e-22    1.228e-27 -2.20154e-23  3.06926e-28 -1.48286e-24  6.54107e-29  -8.7458e-26  1.18546e-29 -4.36368e-27  1.82526e-30  -1.7042e-28  2.39184e-31 -3.91558e-30  2.71089e-32  8.51047e-32  2.81572e-33  1.61894e-32  3.00344e-34  1.10563e-33  3.51874e-35  5.26526e-35  4.09567e-36  1.91549e-36  4.04132e-37  5.38126e-38  3.02358e-38  1.13882e-39  1.57549e-39   1.7065e-41  5.11844e-41  1.57917e-43  8.18373e-43  5.86883e-46
 5.30674e-06  8.46373e-19  2.73165e-05 -2.23148e-18 -0.000392762  -9.5305e-18 -0.000324921 -1.88909e-17   0.00273974 -1.38734e-17   0.00357347  7.26041e-17  -0.00426062  1.98739e-16   -0.0131265  2.06355e-16   -0.0103009  1.90877e-17   0.00450557 -2.80939e-16    0.0200668 -5.19824e-16    0.0266529 -5.63145e-16    0.0231982 -4.22117e-16    0.0146586 -2.18794e-16   0.00635855 -5.99386e-17  0.000950576  2.69159e-17  -0.00146126  6.26871e-17  -0.00193166   7.0337e-17  -0.00154971  6.17882e-17 -0.000994863  4.47382e-17 -0.000551564  2.66443e-17  -0.00027311     1.27e-17 -0.000123007  4.19522e-18 -5.09601e-05 -1.71382e-19 -1.95627e-05 -2.11876e-18 -6.99333e-06 -2.75001e-18 -2.33612e-06 -2.62868e-18 -7.30956e-07 -2.10735e-18 -2.14567e-07  -1.4651e-18 -5.91491e-08 -8.95069e-19 -1.53209e-08 -4.83537e-19 -3.72946e-09 -2.31418e-19 -8.53049e-10 -9.78363e-20 -1.83266e-10 -3.61745e-20 -3.69546e-11 -1.14332e-20 -6.98729e-12 -2.92829e-21 -1.23723e-12 -5.15371e-22 -2.04825e-13 -5.72447e-24 -3.16384e-14  4.14627e-23 -4.54791e-15   2.0897e-23 -6.06336e-16  6.90292e-24  -7.4643e-17   1.8059e-24 -8.43326e-18  4.15445e-25 -8.66774e-19  9.74041e-26 -7.99368e-20  2.67991e-26 -6.45757e-21  8.32355e-27 -4.34522e-22  2.51788e-27 -2.10277e-23  6.76498e-28 -1.85549e-25  1.56338e-28   1.0967e-25  3.08184e-29   1.6651e-26  5.17001e-30  1.65277e-27  7.37727e-31  1.30559e-28  9.01324e-32  8.64577e-30   9.7342e-33   4.8797e-31  1.01159e-33  2.35231e-32  1.12646e-34  9.62274e-34   1.3284e-35  3.29492e-35  1.43602e-36  9.23797e-37  1.24135e-37  2.05007e-38   7.8162e-39  3.40988e-40  3.27162e-40  3.85266e-42  7.81394e-42  2.35464e-44  6.82786e-44
-2.11152e-19  1.84399e-05  7.09499e-19  -3.3414e-05 -3.15816e-18 -0.000529032  -1.5903e-17  0.000276873 -3.39317e-17   0.00329299 -1.00264e-17   0.00220911  1.05354e-16  -0.00627985  2.29664e-16   -0.0131039  2.10323e-16  -0.00813183 -7.67385e-18   0.00690618 -3.25619e-16      0.02158 -5.63145e-16    0.0277536 -6.01787e-16    0.0248039 -4.69524e-16    0.0170774 -2.80438e-16   0.00921661 -1.23395e-16   0.00366182 -2.30645e-17  0.000700475  3.05949e-17 -0.000432674  5.13427e-17 -0.000623957  4.99629e-17 -0.000477035  3.69904e-17 -0.000286024   2.1887e-17 -0.000147177  1.01571e-17 -6.74201e-05  2.96907e-18 -2.80202e-05  -7.6803e-19 -1.06836e-05 -2.39701e-18 -3.76336e-06 -2.79927e-18 -1.23042e-06 -2.50523e-18 -3.74514e-07 -1.89474e-18 -1.06334e-07 -1.24708e-18 -2.81936e-08 -7.23016e-19 -6.98391e-09 -3.71192e-19 -1.61602e-09 -1.68837e-19 -3.49034e-10  -6.7708e-20 -7.02664e-11 -2.36277e-20  -1.3156e-11  -6.9696e-21 -2.28331e-12 -1.61947e-21  -3.6555e-13 -2.29316e-22 -5.35813e-14  2.23147e-23  -7.1034e-15  2.97599e-23 -8.33247e-16  1.25917e-23 -8.25471e-17  3.80123e-24 -6.03487e-18  9.46364e-25 -1.11965e-19   2.1899e-25  6.39999e-20  5.49225e-26  1.55722e-20  1.60132e-26  2.46884e-21  4.90988e-27  3.17548e-22  1.39882e-27   3.5178e-23  3.48663e-28  3.43547e-24  7.45583e-29  2.98691e-25  1.36022e-29   2.3197e-26  2.11294e-30   1.6084e-27  2.79937e-31  9.92345e-29  3.21351e-32  5.41656e-30  3.37359e-33  2.59383e-31  3.59329e-34  1.07736e-32  4.13906e-35   3.8221e-34  4.72479e-36  1.13409e-35  4.60072e-37  2.73222e-37  3.41719e-38   5.1123e-39  1.77477e-39  6.90417e-41  5.76288e-41  5.82596e-43   9.2302e-43  1.98732e-45
