 1.43397e-22 -3.28033e-36 -6.95717e-21  7.84507e-35  1.30873e-19 -1.76712e-33 -1.47364e-18  2.49339e-32   1.1449e-17 -2.55307e-31 -6.58344e-17  2.01702e-30  2.91684e-16 -1.28985e-29 -1.02012e-15   6.8849e-29  2.85578e-15 -3.12844e-28 -6.43864e-15  1.22447e-27  1.16767e-14 -4.15525e-27 -1.68634e-14  1.22664e-26  1.89394e-14 -3.15425e-26 -1.57049e-14  7.06491e-26  8.37983e-15 -1.37634e-25 -1.28687e-15  2.32472e-25  -1.9157e-15 -3.38541e-25  1.39979e-15   4.2128e-25  1.24584e-17 -4.42262e-25 -4.14492e-16  3.86353e-25  9.00079e-17 -2.83509e-25   9.8664e-17  2.01568e-25 -3.14626e-17 -2.04876e-25 -2.37595e-17  3.05519e-25  6.72249e-18 -4.48226e-25  5.88912e-18  5.46096e-25 -7.38508e-19 -5.40177e-25 -1.31789e-18   4.3475e-25 -1.06975e-19 -2.83842e-25  2.17844e-19  1.47842e-25  7.14049e-20 -5.88649e-26 -1.65559e-20  1.59535e-26 -1.55822e-20 -1.58174e-27  -2.2661e-21 -9.54886e-28  1.38109e-21  6.15193e-28  7.23096e-22 -2.17052e-28  7.63283e-23  6.35782e-29 -5.20911e-23 -1.44166e-29 -2.49097e-23 -2.32103e-32 -3.59958e-24  9.59664e-31  8.69188e-25  4.52157e-31  5.58248e-25 -5.27337e-31  1.21408e-25  1.13156e-31  4.02039e-27  2.69266e-32 -5.49879e-27 -7.40648e-33 -1.84924e-27 -4.53749e-33 -2.93365e-28  1.51572e-33 -9.82821e-30  -1.6152e-35  7.32116e-30  4.49756e-35  2.12375e-30 -2.92317e-35  3.17401e-31  5.14726e-37  2.47809e-32 -7.16846e-38 -5.98168e-34  3.64277e-37 -4.77073e-34 -1.38165e-39 -7.42359e-35 -1.07574e-38 -6.85915e-36 -1.27537e-39 -3.84911e-37  2.79089e-40 -7.93858e-39  1.49102e-41   7.0032e-40 -1.15037e-42  7.84972e-41  -1.5037e-43  3.84639e-42 -3.94885e-45  9.11066e-44  5.71931e-46  7.29161e-46  3.19226e-48
-3.28033e-36  1.00069e-20 -5.38236e-35 -2.75797e-19  1.91845e-33  3.94916e-18 -3.66839e-32 -3.68794e-17  4.46467e-31  2.47542e-16 -3.99123e-30 -1.25878e-15  2.80391e-29  5.00322e-15 -1.61999e-28 -1.58379e-14  7.93214e-28  4.03331e-14 -3.35197e-27 -8.28624e-14  1.23395e-26  1.36677e-13 -3.97157e-26 -1.78303e-13  1.11829e-25  1.78036e-13 -2.75245e-25 -1.26222e-13  5.91208e-25  4.99432e-14 -1.10528e-24  6.05054e-15  1.79071e-24  -1.9829e-14 -2.49575e-24  7.50656e-15  2.95476e-24  3.21679e-15 -2.90676e-24 -3.07523e-15  2.28215e-24 -2.95624e-16 -1.32316e-24  8.60077e-16  5.01572e-25  2.49568e-17 -2.39106e-25 -2.10888e-16  6.20778e-25 -1.61944e-17 -1.33512e-24  4.54723e-17  1.90095e-24  9.54679e-18 -1.99638e-24 -7.52265e-18  1.62925e-24 -3.33064e-18  -1.0493e-24  5.93603e-19  5.27191e-25  7.14575e-19 -1.97075e-25  9.96069e-20  4.74292e-26 -7.81851e-20 -2.50889e-27 -3.76359e-20 -3.29618e-27 -1.61143e-21  1.57693e-27  4.05228e-21 -4.91592e-28   1.5147e-21  1.77096e-28  8.25597e-23  -5.4401e-29 -1.17449e-22  8.85442e-31 -4.65004e-23  3.86131e-30 -6.01674e-24  2.13832e-30  1.41692e-24 -2.35977e-30   8.5318e-25  4.94187e-31  1.84488e-25  1.07255e-31  1.11415e-26 -2.31641e-32 -5.42054e-27 -1.94011e-32  -2.0085e-27  4.79977e-33 -3.48397e-28  2.26074e-34 -2.62042e-29   2.5376e-34  3.15886e-30 -1.23944e-34  1.33862e-30 -3.80267e-36  2.23638e-31  4.80054e-37  2.21199e-32  1.27689e-36  9.84714e-34  9.67699e-39 -7.75214e-35 -3.35193e-38 -1.95244e-35 -3.65779e-39 -1.97294e-36  6.94051e-40 -1.22911e-37  3.07869e-41 -4.71939e-39 -2.19849e-42 -7.53298e-41 -2.69245e-43  2.05612e-42 -4.16431e-45  1.05494e-43  6.53652e-46  1.00357e-45
-6.95717e-21 -5.38236e-35  3.43717e-19  -8.7455e-34 -6.58961e-18  3.18627e-32  7.56919e-17  -5.1283e-31 -6.00508e-16  5.39883e-30  3.53027e-15 -4.22596e-29 -1.60122e-14  2.63308e-28  5.74189e-14 -1.36876e-27 -1.65127e-13  6.12778e-27  3.83362e-13 -2.40569e-26 -7.18159e-13  8.33989e-26  1.07613e-12 -2.55302e-25  -1.2629e-12  6.88038e-25  1.10909e-12 -1.62658e-24 -6.50248e-13  3.36155e-24  1.51118e-13 -6.05044e-24  1.15471e-13  9.43631e-24 -1.11805e-13  -1.2647e-23  1.24699e-14  1.43544e-23  2.93462e-14 -1.34185e-23 -1.08069e-14  9.72637e-24 -6.30174e-15 -4.58899e-24  3.48636e-15  2.02359e-25  1.46935e-15  1.62613e-24 -8.18577e-16 -5.95752e-25 -3.94079e-16 -2.00067e-24  1.36703e-16  4.27863e-24  1.02633e-16 -5.01739e-24 -8.37749e-18  4.21273e-24 -2.10135e-17 -2.68649e-24 -3.51617e-18  1.29932e-24  2.58651e-18 -4.51234e-25  1.27251e-18  9.24095e-26 -3.76385e-21  1.25893e-27 -1.75489e-19 -7.47388e-27 -5.53892e-20   2.3248e-27  2.73348e-21 -6.38065e-28  6.97936e-21  4.13114e-28  2.05698e-21  -1.7927e-28  4.11082e-23  1.11676e-29 -1.61108e-22  1.05524e-29 -5.65061e-23  6.79615e-30 -7.11715e-24 -7.20045e-30  1.30494e-24  1.41552e-30  8.11537e-25  3.27209e-31  1.79164e-25 -4.69518e-32  1.57544e-26 -5.93583e-32 -2.68611e-27  1.01173e-32 -1.26178e-27  1.43974e-33 -2.38747e-28    8.671e-34 -2.44659e-29 -3.48986e-34 -2.49182e-31 -2.29639e-35  3.94511e-31  2.21193e-36  7.85115e-32  3.00232e-36  8.72418e-33  7.00396e-38  5.91307e-34 -6.81295e-38  1.57423e-35 -7.13276e-39 -1.41187e-36  1.12974e-39 -2.02836e-37  4.00345e-41 -1.26947e-38  -2.9429e-42 -4.49424e-40  -3.2026e-43 -7.90012e-42 -8.39988e-46 -4.98565e-44  4.17107e-46
 7.84507e-35 -2.75797e-19  -8.7455e-34  7.74672e-18 -1.27303e-32 -1.13152e-16  4.09325e-31  1.07895e-15 -5.65935e-30 -7.40308e-15  5.18132e-29  3.85305e-14 -3.54853e-28 -1.56977e-13  1.94949e-27  5.10229e-13 -9.04349e-27 -1.33702e-12  3.67487e-26  2.83412e-12 -1.33512e-25 -4.84108e-12  4.35868e-25  6.57598e-12  -1.2724e-24 -6.90032e-12  3.29429e-24  5.24378e-12  -7.5082e-24 -2.38939e-12  1.49783e-23   1.9906e-14 -2.60292e-23  7.81127e-13  3.91867e-23 -3.97985e-13 -5.06758e-23 -8.43563e-14   5.5435e-23  1.43555e-13 -4.97525e-23 -6.89478e-15  3.41023e-23 -3.83493e-14 -1.39212e-23  4.68738e-15 -2.88629e-24  9.54642e-15  1.04241e-23  -7.7348e-16 -8.11083e-24 -2.24311e-15  3.71816e-25 -1.12292e-16  6.85411e-24   4.4398e-16 -9.89628e-24  1.08072e-16  8.71162e-24 -5.78516e-17 -5.52277e-24 -3.30866e-17  2.56444e-24  5.91137e-19 -8.15757e-25  5.24713e-18  1.31407e-25  1.49401e-18  1.63934e-26  -2.3543e-19 -1.23852e-26  -2.6199e-19  1.19525e-27 -5.89953e-20 -2.66896e-28  8.28626e-21  9.43185e-28  8.57332e-21 -5.20902e-28  2.13045e-21  5.51422e-29  5.93506e-24  2.24755e-29 -1.57204e-22  1.72153e-29 -5.13672e-23 -1.75752e-29 -6.72698e-24  3.13545e-30    7.202e-25  8.63692e-31  5.40392e-25 -6.87492e-32  1.24366e-25 -1.47921e-31  1.39078e-26  1.56505e-32 -4.20447e-28  4.98265e-33 -4.94319e-28  2.23148e-33 -1.04404e-28 -7.59013e-34 -1.25391e-29 -7.12401e-35 -7.45557e-31  4.79409e-36  3.61141e-32  5.44822e-36    1.411e-32  2.31964e-37  1.75263e-33 -1.03292e-37  1.31933e-34  -1.0717e-38  6.08556e-36  1.38285e-39  1.16669e-37  3.62717e-41 -4.63207e-39 -3.34251e-42 -3.82906e-40  -2.8973e-43 -9.58409e-42  2.68932e-45 -8.07927e-44
 1.30873e-19  1.91845e-33 -6.58961e-18 -1.27303e-32  1.28867e-16 -1.57233e-31 -1.51138e-15   4.4002e-30   1.2256e-14 -5.30114e-29 -7.37331e-14  4.24036e-28  3.42711e-13  -2.5382e-27  -1.2614e-12  1.22095e-26  3.73055e-12 -4.99615e-26 -8.92818e-12  1.82055e-25  1.72956e-11 -6.07282e-25 -2.69184e-11  1.86364e-24  3.30359e-11 -5.20194e-24 -3.07223e-11  1.29961e-23  1.96839e-11 -2.86808e-23 -6.04246e-12   5.5426e-23 -2.45126e-12 -9.32467e-23  3.40358e-12  1.35811e-22 -7.84465e-13 -1.69856e-22 -7.62444e-13  1.79698e-22  4.35177e-13 -1.55907e-22  1.34204e-13  1.02854e-22 -1.33657e-13 -3.88903e-23 -2.78182e-14 -1.26229e-23  3.30563e-14  3.61105e-23  8.38449e-15 -3.15361e-23 -6.61721e-15  1.18361e-23 -2.71649e-15  7.16944e-24  8.70274e-16 -1.62488e-23  7.00773e-16   1.5361e-23  4.92567e-18 -9.71806e-24 -1.18504e-16  4.31905e-24  -3.3468e-17 -1.23555e-24  8.03652e-18  1.31118e-25  7.16617e-18  4.92243e-26  1.22205e-18 -1.45721e-26 -4.73166e-19 -4.58968e-27  -2.9437e-19   1.1567e-27 -4.95467e-20  2.08029e-27  1.13866e-20 -1.31258e-27  8.14031e-21  1.82976e-28  1.80491e-21  4.01957e-29  6.33896e-24  3.67908e-29 -1.15191e-22 -3.66885e-29 -3.65516e-23  5.76567e-30 -5.15298e-24  2.03192e-30  1.68165e-25 -6.86967e-32  2.56378e-25 -3.15844e-31  6.30864e-26  1.64932e-32  8.25045e-27  1.26464e-32  3.26825e-28  4.73178e-33 -1.10174e-28  -1.3536e-33 -2.90419e-29 -1.60285e-34 -3.86705e-30  6.03975e-36 -3.11744e-31  8.02648e-36 -1.05736e-32  5.25372e-37  9.08802e-34 -1.21389e-37   1.6768e-34  -1.2916e-38  1.31631e-35  1.34496e-39  6.19659e-37   2.2577e-41  1.68704e-38  -3.4143e-42   2.0351e-40 -2.03218e-43 -5.44088e-44  3.08712e-45
-1.76712e-33  3.94916e-18  3.18627e-32 -1.13152e-16 -1.57233e-31  1.68749e-15 -1.67852e-30  -1.6446e-14  4.12994e-29  1.15465e-13 -4.37587e-28 -6.15726e-13  3.07471e-27  2.57402e-12 -1.61107e-26 -8.60011e-12  6.75241e-26  2.32152e-11 -2.40619e-25 -5.08321e-11  7.72683e-25  9.00195e-11 -2.33423e-24 -1.27451e-10   6.7034e-24   1.4062e-10 -1.79455e-23 -1.14385e-10  4.35192e-23  5.90448e-11 -9.35161e-23 -6.94464e-12  1.75797e-22 -1.54961e-11 -2.87114e-22  1.04952e-11  4.05306e-22  4.82692e-13 -4.90995e-22 -3.34778e-12  5.03397e-22  6.52944e-13  -4.2396e-22  8.34174e-13  2.72246e-22 -2.52381e-13 -1.00457e-22 -2.06525e-13 -3.28241e-23  5.71793e-14  9.32511e-23  5.24028e-14 -8.51801e-23 -6.72053e-15  4.14887e-23 -1.20993e-14   1.2381e-24 -9.11346e-16 -2.29787e-23  2.09268e-15   2.4015e-23  6.68822e-16 -1.52098e-23 -1.74729e-16   6.4521e-24 -1.54801e-16 -1.62364e-24 -2.04808e-17  5.75182e-26  1.49088e-17  1.02013e-25  7.41265e-18 -8.48377e-27   6.7047e-19 -1.85284e-26 -5.88003e-19  4.31803e-27 -2.65429e-19  4.23826e-27 -3.50965e-20 -2.89693e-27  1.06194e-20   4.7761e-28  6.21305e-21  6.55552e-29   1.2921e-21  6.75788e-29  2.53378e-23   -6.798e-29 -6.41903e-23  9.18601e-30 -2.05722e-23  4.29659e-30 -3.14785e-24 -2.05651e-32 -8.29697e-26 -5.94157e-31  8.31475e-26  4.27401e-33  2.31002e-26  2.59254e-32  3.36449e-27  8.67335e-33  2.56029e-28 -2.03481e-33 -6.17343e-30 -2.89415e-34 -4.71401e-30  2.10832e-36 -7.12272e-31   9.7581e-36 -6.37921e-32  9.15109e-37 -3.49532e-33 -1.09233e-37 -7.63611e-35 -1.26393e-38  4.75106e-36  1.07321e-39  5.05707e-37  8.65023e-42  2.06982e-38  -3.0058e-42  4.09678e-40 -1.03113e-43  2.87158e-42
-1.47364e-18 -3.66839e-32  7.56919e-17  4.09325e-31 -1.51138e-15 -1.67852e-30  1.81166e-14 -1.58212e-29 -1.50315e-13  3.45036e-28  9.26417e-13 -3.23835e-27 -4.41746e-12  2.01317e-26  1.67074e-11 -9.28583e-26 -5.08736e-11  3.39135e-25   1.2566e-10 -1.04124e-24 -2.52028e-10  2.88254e-24  4.07869e-10 -7.71265e-24 -5.23935e-10  2.05403e-23  5.15972e-10 -5.29539e-23 -3.59747e-10  1.25753e-22   1.3636e-10 -2.65176e-22  2.44809e-11  4.87464e-22 -6.08801e-11 -7.75236e-22  2.17575e-11   1.0624e-21  1.07519e-11 -1.24781e-21 -9.69389e-12  1.24111e-21 -1.09608e-12 -1.01692e-21  2.84283e-12  6.39681e-22  9.43548e-14 -2.37396e-22 -7.24297e-13 -6.28706e-23 -5.28134e-14  1.97015e-22  1.62811e-13 -1.84532e-22  3.26405e-14  9.89966e-23 -2.85228e-14 -1.51618e-23 -1.20912e-14 -2.87461e-23  2.57586e-15  3.42621e-23  2.76838e-15 -2.17609e-23  3.28296e-16  8.80118e-24 -3.32615e-16 -1.90668e-24 -1.48669e-16 -1.04281e-25 -2.28674e-18  1.70423e-25  1.78211e-17  1.17063e-26  6.17724e-18 -4.40708e-26  1.75818e-19  1.01604e-26 -5.45145e-19  7.80372e-27 -1.99551e-19 -5.70831e-27 -2.23594e-20   1.0532e-27  7.35754e-21  1.08498e-28  3.87647e-21  1.06712e-28  7.87539e-22 -1.14553e-28  3.54464e-23  1.31133e-29 -2.66717e-23  8.21191e-30 -9.07054e-24  1.04633e-31 -1.49858e-24 -1.00281e-30  -1.0172e-25 -3.19246e-32  1.55819e-26  4.49197e-32  5.85217e-27   1.4139e-32  9.34733e-28 -2.60065e-33  8.88755e-29 -4.38202e-34   3.7464e-30 -1.05876e-35 -3.02812e-31  9.67999e-36 -7.10569e-32  1.29346e-36  -6.7929e-33 -6.77404e-38 -3.96176e-34  -1.0006e-38 -1.38704e-35  7.21667e-40 -2.10855e-37  1.91958e-42  2.60982e-39 -2.07484e-42   1.2706e-40 -3.01529e-44
 2.49339e-32 -3.68794e-17  -5.1283e-31  1.07895e-15   4.4002e-30  -1.6446e-14 -1.58212e-29  1.63993e-13 -1.32975e-28 -1.17943e-12  2.58277e-27  6.45123e-12 -2.16167e-26 -2.77056e-11   1.1991e-25  9.52675e-11 -4.91275e-25 -2.65243e-10  1.57284e-24  6.00666e-10 -4.14089e-24 -1.10417e-09  9.64658e-24  1.63119e-09 -2.20738e-23 -1.89363e-09  5.35661e-23  1.64714e-09  -1.3389e-22 -9.51851e-10  3.15963e-22  2.04115e-10 -6.61568e-22  1.89918e-10  1.19764e-21  -1.7516e-10 -1.86123e-21   1.7164e-11  2.47979e-21  4.85787e-11 -2.82517e-21 -1.77809e-11  2.72694e-21 -1.07451e-11 -2.17591e-21  6.08898e-12  1.34509e-21  2.54226e-12  -5.0885e-22  -1.5117e-12 -9.16758e-23 -6.99129e-13  3.55287e-22  2.73036e-13 -3.39213e-22  1.90781e-13  1.89952e-22 -2.21058e-14 -4.41962e-23 -4.17131e-14  -3.2808e-23 -5.80411e-15  4.56769e-23  5.68931e-15 -2.90714e-23  2.53026e-15  1.12372e-23 -1.12244e-16 -2.07784e-24 -3.92417e-16  -3.3166e-25 -1.11107e-16  2.43359e-25  1.12813e-17  4.93237e-26  1.62777e-17 -8.37505e-26  4.32572e-18  2.00713e-26 -8.14252e-20   1.2951e-26 -4.02232e-19 -1.02251e-26   -1.279e-19  2.04098e-27 -1.34296e-20  1.97286e-28  3.86173e-21  1.42374e-28  1.97932e-21 -1.78703e-28  4.04507e-22  1.73319e-29  2.93853e-23  1.42822e-29 -7.68889e-24  3.40884e-31 -3.05138e-24 -1.53855e-30 -5.41555e-25 -1.03182e-31 -5.13955e-26  6.73872e-32  1.24992e-28  2.08527e-32  9.25353e-28 -2.79497e-33  1.69791e-28 -5.67218e-34  1.78346e-29 -3.25886e-35  1.13866e-30  7.36863e-36  2.74107e-32  1.52742e-36 -2.57478e-33 -1.24053e-38 -3.30746e-34 -6.29142e-39  -1.8387e-35  4.20786e-40  -5.6633e-37  2.19635e-42 -8.84353e-39 -9.85839e-43 -4.08863e-41
  1.1449e-17  4.46467e-31 -6.00508e-16 -5.65935e-30   1.2256e-14  4.12994e-29 -1.50315e-13 -1.32975e-28  1.27754e-12 -9.99244e-28 -8.07561e-12  1.73519e-26  3.95518e-11 -1.30367e-25 -1.53906e-10  6.50923e-25  4.83119e-10 -2.39347e-24 -1.23321e-09  6.78712e-24  2.56405e-09 -1.53682e-23 -4.32007e-09  2.94625e-23  5.81438e-09 -5.45716e-23 -6.06505e-09  1.16324e-22  4.58682e-09 -2.85922e-22   -2.064e-09  6.89613e-22  -3.0892e-11 -1.46168e-21  7.33219e-10  2.63192e-21 -3.70406e-10 -4.01402e-21 -8.32788e-11  5.20617e-21  1.40923e-10 -5.75335e-21 -7.81325e-12  5.38785e-21 -3.89753e-11 -4.18765e-21  5.54741e-12   2.5477e-21  1.00287e-11 -9.86586e-22 -1.11098e-12 -9.32231e-23 -2.46508e-12  5.59246e-22 -4.11656e-14 -5.44463e-22  5.21539e-13  3.10603e-22  1.07644e-13 -8.35745e-23 -7.61959e-14 -3.58361e-23 -3.81508e-14  5.80521e-23  2.69571e-15 -3.68665e-23  6.83511e-15  1.37205e-23  1.66692e-15 -2.22778e-24 -4.20162e-16 -5.55636e-25 -3.50579e-16  3.04419e-25 -6.64783e-17  1.02834e-25  1.60265e-17 -1.38474e-25  1.21199e-17  3.60176e-26  2.63308e-18  1.94494e-26 -1.28478e-19 -1.68866e-26 -2.42659e-19  3.56376e-27 -7.05262e-20  3.86351e-28 -7.62432e-21  1.51747e-28  1.49402e-21 -2.61718e-28  8.16932e-22  2.19526e-29  1.71319e-22  2.27817e-29  1.66663e-23   7.3706e-31 -1.16786e-24  -2.1672e-30 -7.45175e-25 -2.17202e-31 -1.43636e-25  8.85768e-32 -1.60179e-26  2.80939e-32 -8.23837e-28 -2.40523e-33  6.16007e-29 -6.29353e-34  1.82512e-29   -5.963e-35  2.07461e-30  3.26735e-36  1.44485e-31  1.53388e-36  6.08802e-33  3.60988e-38  1.00493e-34 -3.02141e-39  -3.9238e-36  2.18326e-40  -2.5802e-37  4.37112e-42 -4.94034e-39 -2.45128e-43
-2.55307e-31  2.47542e-16  5.39883e-30 -7.40308e-15 -5.30114e-29  1.15465e-13  3.45036e-28 -1.17943e-12 -9.99244e-28  8.69966e-12 -6.71918e-27 -4.88713e-11  1.04753e-25  2.15894e-10 -7.11028e-25 -7.65025e-10  3.22117e-24  2.19985e-09 -1.07359e-23 -5.15934e-09  2.72882e-23  9.85776e-09 -5.36584e-23 -1.52138e-08  8.33035e-23  1.85981e-08 -1.14107e-22 -1.72878e-08  1.94629e-22  1.10872e-08 -4.89956e-22 -3.36621e-09  1.28946e-21 -1.49918e-09 -2.86564e-21  2.05029e-09   5.2087e-21 -4.85484e-10 -7.83685e-21 -4.72315e-10  9.90524e-21  2.83822e-10 -1.06125e-20  8.16069e-11  9.63514e-21 -9.09565e-11 -7.29341e-21  -1.6137e-11  4.37035e-21  2.36469e-11 -1.73315e-21  5.04292e-12 -2.74865e-23 -5.09199e-12   7.7677e-22 -1.80132e-12 -7.74949e-22  7.71153e-13  4.44394e-22  5.15904e-13 -1.25195e-22 -2.66502e-14 -4.03084e-23 -9.83696e-14  7.14752e-23 -2.27047e-14 -4.48876e-23  8.66789e-15  1.62765e-23  5.97455e-15 -2.52958e-24  7.38725e-16 -6.66008e-25 -5.06301e-16   3.3307e-25 -2.55138e-16  1.65229e-25 -3.24524e-17 -2.07009e-25  1.38799e-17  6.04368e-26  7.59877e-18  2.65099e-26  1.43148e-18 -2.59725e-26 -8.15005e-20  5.70683e-27 -1.20594e-19  7.54043e-28 -3.33564e-20  1.03262e-28 -3.92492e-21 -3.63949e-28  3.78358e-22  2.74828e-29  2.65323e-22   3.3607e-29  5.81008e-23  1.36766e-30   6.7705e-24 -2.82399e-30  1.23703e-25 -3.74433e-31 -1.18764e-25  1.02212e-31  -2.6572e-26  3.47228e-32 -3.24192e-27 -1.36806e-33 -2.37494e-28 -5.88265e-34 -6.12668e-30 -8.35535e-35  8.37765e-31    -1.42e-36  1.25014e-31  1.32755e-36  8.69909e-33  6.37254e-38  3.59453e-34 -1.01984e-39  8.33045e-36  1.01522e-40   7.7835e-38  4.48208e-42 -1.51277e-40
-6.58344e-17 -3.99123e-30  3.53027e-15  5.18132e-29 -7.37331e-14 -4.37587e-28  9.26417e-13  2.58277e-27 -8.07561e-12 -6.71918e-27  5.24254e-11 -4.05008e-26 -2.64084e-10  5.69549e-25  1.05872e-09 -3.51339e-24 -3.43089e-09  1.45409e-23  9.06328e-09 -4.42985e-23 -1.95627e-08  1.02056e-22   3.4362e-08 -1.76567e-22 -4.85114e-08  2.20318e-22  5.36225e-08 -1.87863e-22 -4.38808e-08  1.69848e-22  2.28604e-08 -5.51504e-22 -2.67269e-09  1.97906e-21  -6.2901e-09 -4.96692e-21  4.39075e-09  9.32729e-21  1.35332e-10 -1.39346e-20 -1.44088e-09  1.71745e-20  3.27026e-10 -1.78183e-20  3.64109e-10  1.56652e-20 -1.30813e-10 -1.15455e-20 -9.19249e-11  6.82032e-21  3.24446e-11 -2.76998e-21  2.44594e-11  1.51565e-22 -4.92225e-12  9.52886e-22 -6.11275e-12  -9.8467e-22 -8.53558e-14  5.62484e-22  1.18686e-12 -1.55649e-22  3.00942e-13 -5.02957e-23 -1.27872e-13  8.62352e-23 -8.55012e-14 -5.27754e-23 -6.11861e-15  1.88797e-23  1.02581e-14 -3.17193e-24  4.13724e-15 -5.30614e-25  1.19676e-16   3.0417e-25 -4.26243e-16  2.25668e-25 -1.57461e-16 -2.85505e-25 -1.32989e-17  9.57215e-26  9.06355e-18  3.27125e-26  4.07735e-18 -3.74606e-26  7.05964e-19  8.49727e-27 -2.98084e-20  1.38591e-27 -4.90162e-20 -3.62089e-29 -1.33439e-20 -4.84935e-28 -1.73341e-21  3.45606e-29  2.80853e-23  4.62267e-29  6.45344e-23  2.33102e-30  1.52036e-23 -3.42307e-30  1.98242e-24 -5.65057e-31  1.22688e-25  1.02446e-31 -8.32706e-27   3.9371e-32 -3.12025e-27  1.71653e-34 -4.14171e-28 -4.35633e-34 -3.35439e-29 -9.58279e-35  -1.6261e-30 -5.25163e-36 -2.46545e-32  1.00595e-36  2.56521e-33  6.86504e-38  2.05993e-34 -1.81008e-40  6.79131e-36  4.15486e-41   9.5875e-38  2.46425e-42
 2.01702e-30 -1.25878e-15 -4.22596e-29  3.85305e-14  4.24036e-28 -6.15726e-13 -3.23835e-27  6.45123e-12  1.73519e-26 -4.88713e-11 -4.05008e-26  2.82355e-10  -2.1952e-25  -1.2849e-09  2.79836e-24  4.69897e-09 -1.57724e-23 -1.39761e-08  5.99718e-23  3.39981e-08 -1.68109e-22 -6.76181e-08  3.54234e-22   1.0917e-07 -5.46306e-22 -1.40669e-07   5.4777e-22  1.39696e-07 -1.73674e-22 -9.87904e-08 -3.77275e-22  3.83676e-08  1.85742e-22  6.63018e-09  2.15191e-21 -1.77311e-08  -7.5139e-21  6.82765e-09  1.51584e-20  3.04386e-09 -2.26683e-20 -3.10511e-09  2.72413e-20 -2.16087e-10 -2.73099e-20  9.36013e-10  2.32113e-20 -1.91722e-11 -1.66556e-20 -2.48642e-10  9.71771e-21  -2.5767e-12 -4.04903e-21  5.99002e-11  4.83159e-22  7.87762e-12    1.019e-21 -1.17818e-11 -1.11466e-21 -3.90811e-12   6.2895e-22  1.41493e-12 -1.58677e-22  1.06813e-12 -7.07403e-23  4.76594e-14  1.02649e-22 -1.57737e-13 -5.99092e-23 -5.54869e-14  2.12834e-23  4.28771e-15 -4.25698e-24  8.57843e-15 -2.55381e-26    2.367e-15  1.86299e-25  -1.3717e-16  2.72936e-25 -2.84921e-16  -3.6691e-25 -8.46531e-17  1.43266e-25 -4.93509e-18  3.60548e-26  4.72282e-18 -5.09029e-26  1.88081e-18  1.19008e-26  3.15152e-19  2.34695e-27 -3.39987e-21 -2.91142e-28 -1.59312e-20 -6.23361e-28 -4.40976e-21  4.34024e-29 -6.25848e-22  5.97451e-29 -2.44514e-23  3.72345e-30  1.05756e-23 -3.87348e-30  2.91684e-24 -7.68235e-31  4.10666e-25   8.6079e-32  3.41293e-26  4.07969e-32  9.20816e-28  1.88678e-33 -1.78708e-28 -1.98209e-34 -3.02704e-29 -9.17271e-35 -2.51566e-30 -7.20145e-36 -1.28555e-31  6.85968e-37 -3.81289e-33  5.82609e-38 -4.17419e-35  4.60039e-41  7.99496e-37  1.47836e-41  1.74353e-38
 2.91684e-16  2.80391e-29 -1.60122e-14 -3.54853e-28  3.42711e-13  3.07471e-27 -4.41746e-12 -2.16167e-26  3.95518e-11  1.04753e-25 -2.64084e-10  -2.1952e-25  1.37027e-09 -1.07436e-24  -5.6685e-09  1.24758e-23  1.89935e-08 -6.45514e-23 -5.20083e-08  2.26529e-22  1.16724e-07 -5.87191e-22 -2.14069e-07   1.1393e-21  3.17425e-07 -1.58299e-21 -3.72056e-07  1.27844e-21  3.28883e-07  2.92321e-22 -1.95034e-07 -2.57283e-21  4.49136e-08  3.35208e-21  3.87279e-08  2.87487e-22 -3.85926e-08 -9.59942e-21  5.18457e-09  2.23854e-20  1.06656e-08 -3.38428e-20 -4.63731e-09  3.95981e-20 -2.28135e-09 -3.82282e-20  1.63233e-09   3.1343e-20  5.27031e-10 -2.19121e-20 -4.33322e-10  1.26742e-20 -1.53118e-10 -5.44531e-21  8.92521e-11  9.87537e-22  4.69073e-11  9.08914e-22 -1.10862e-11 -1.10717e-21 -1.18122e-11  6.09683e-22 -6.42561e-13 -1.19002e-22  1.96016e-12 -1.06461e-22  6.57439e-13  1.20927e-22 -1.13254e-13 -6.53121e-23 -1.31951e-13  2.28799e-23 -2.73013e-14  -5.6978e-24  7.56654e-15   9.2867e-25  5.73599e-15 -5.90103e-26  1.15334e-15  2.99735e-25 -1.64322e-16 -4.40402e-25 -1.58521e-16  2.02262e-25 -4.03627e-17   3.4152e-26 -1.93582e-18 -6.53767e-26  1.99069e-18  1.58374e-26  7.41392e-19  3.65375e-27  1.24772e-19 -6.67793e-28  3.32513e-21 -7.76686e-28 -3.95456e-21   5.3232e-29 -1.16463e-21  7.30368e-29 -1.77447e-22  5.58874e-30 -1.30731e-23 -4.09784e-30  7.86501e-25 -9.54654e-31  3.76699e-25  5.40933e-32  5.75999e-26  3.83096e-32  5.31751e-27  3.37628e-33  2.86831e-28  6.98283e-35  2.92018e-30  -7.2645e-35 -9.45076e-31 -7.07121e-36 -8.82305e-32  4.42051e-37 -4.02676e-33  4.20811e-38 -9.89603e-35  9.03978e-41 -1.04781e-36  4.51211e-42
-1.28985e-29  5.00322e-15  2.63308e-28 -1.56977e-13  -2.5382e-27  2.57402e-12  2.01317e-26 -2.77056e-11 -1.30367e-25  2.15894e-10  5.69549e-25  -1.2849e-09 -1.07436e-24  6.03313e-09 -4.76993e-24 -2.28085e-08  5.06911e-23  7.02877e-08 -2.41772e-22 -1.77644e-07  7.85945e-22  3.68385e-07 -1.89082e-21 -6.23149e-07  3.39337e-21  8.47373e-07 -4.27858e-21 -8.99085e-07  2.77775e-21  6.97794e-07  2.21922e-21 -3.28732e-07 -8.97827e-21  4.91329e-09  1.23097e-20   1.1594e-07 -6.55419e-21 -6.52928e-08 -9.41496e-21 -1.04823e-08  3.00123e-20  2.47863e-08 -4.64245e-20 -3.02177e-09  5.26925e-20 -6.89175e-09  -4.8722e-20  1.59483e-09  3.84352e-20  1.82167e-09 -2.62395e-20 -3.92322e-10  1.51542e-20 -4.79191e-10 -6.78106e-21  4.04498e-11  1.65971e-21  1.13676e-10  5.76777e-22  1.24809e-11 -9.22217e-22 -2.00883e-11  4.82532e-22 -7.26049e-12 -2.65758e-23  1.61458e-12 -1.61083e-22  1.66859e-12  1.41138e-22  2.58406e-13   -6.773e-23 -1.57858e-13  2.26872e-23 -8.63232e-14 -7.15684e-24 -9.59202e-15   2.3307e-24   6.5016e-15 -4.74631e-25  3.22873e-15  3.06806e-25  4.94405e-16 -4.91347e-25 -1.08441e-16  2.68649e-25 -7.48785e-17  2.45881e-26  -1.7206e-17 -7.95588e-26  -8.9131e-19  2.02068e-26  6.71289e-19  5.25951e-27  2.45768e-19 -1.14882e-27  4.24003e-20  -9.4048e-28  2.57807e-21  6.20475e-29 -6.76199e-22  8.48895e-29 -2.34628e-22   7.8586e-30 -3.79662e-23 -4.05014e-30 -3.54934e-24 -1.09256e-30 -9.79803e-26  1.17878e-32  2.65346e-26  3.20863e-32  5.01762e-27  4.30917e-33  4.82487e-28  3.06205e-34  2.89551e-29 -4.52237e-35  9.95947e-31 -5.44924e-36   7.4747e-33  2.86239e-37 -8.96419e-34  2.66666e-38 -3.55468e-35  9.18416e-41 -3.65398e-37
-1.02012e-15 -1.61999e-28  5.74189e-14  1.94949e-27  -1.2614e-12 -1.61107e-26  1.67074e-11   1.1991e-25 -1.53906e-10 -7.11028e-25  1.05872e-09  2.79836e-24  -5.6685e-09 -4.76993e-24  2.42393e-08 -1.93029e-23 -8.41296e-08  1.88544e-22  2.39215e-07 -8.31923e-22 -5.59242e-07  2.51264e-21  1.07272e-06 -5.62502e-21 -1.67325e-06    9.363e-21  2.08162e-06 -1.07522e-20 -1.98551e-06  5.52966e-21  1.32463e-06  8.02562e-21 -4.41235e-07 -2.47258e-20 -1.59732e-07  3.30448e-20  2.59919e-07 -2.30561e-20 -7.68635e-08 -4.29187e-21 -5.62353e-08  3.63738e-20   4.2345e-08 -5.83954e-20  7.84819e-09   6.3805e-20 -1.37945e-08 -5.60186e-20 -1.07997e-09  4.23939e-20  3.77913e-09 -2.84295e-20  3.99876e-10  1.66152e-20 -9.00895e-10 -7.87586e-21 -2.05683e-10   2.4709e-21  1.66515e-10  1.11859e-23  7.60457e-11 -5.51351e-22 -1.56267e-11  2.45716e-22 -1.81067e-11  1.19785e-22 -2.28016e-12 -2.36014e-22   2.2756e-12  1.63245e-22  1.05355e-12 -6.59368e-23  2.02881e-14  1.95285e-23 -1.30495e-13 -8.05803e-24 -4.67505e-14  4.06906e-24 -1.68448e-15 -1.10048e-24  4.12585e-15  3.06086e-25  1.57382e-15 -5.02394e-25  1.94399e-16  3.34739e-25 -5.22731e-17  5.35965e-27 -3.01722e-17  -9.1937e-26 -6.53026e-18  2.49078e-26 -4.29596e-19  7.05944e-27   1.7425e-19 -1.69377e-27  6.67282e-20 -1.10771e-27  1.19032e-20  6.69682e-29  1.03557e-21  9.41152e-29 -5.34727e-23  1.03111e-29 -3.34615e-23 -3.72935e-30 -5.83391e-24 -1.15604e-30 -6.04321e-25 -3.26546e-32 -3.52428e-26   2.3214e-32 -6.23315e-30  4.53697e-33  2.20239e-28   4.6254e-34  2.32335e-29 -1.80071e-35  1.32919e-30 -3.29548e-36  4.48985e-32  1.90952e-37  7.83932e-34  1.47343e-38  3.79703e-36  5.73727e-41
  6.8849e-29 -1.58379e-14 -1.36876e-27  5.10229e-13  1.22095e-26 -8.60011e-12 -9.28583e-26  9.52675e-11  6.50923e-25 -7.65025e-10 -3.51339e-24  4.69897e-09  1.24758e-23 -2.28085e-08 -1.93029e-23  8.93109e-08 -7.15295e-23 -2.85712e-07   6.4469e-22  7.51697e-07 -2.63984e-21 -1.62842e-06  7.42565e-21   2.8912e-06  -1.5497e-20 -4.15504e-06  2.39556e-20   4.7124e-06 -2.50623e-20 -4.00043e-06  9.80784e-21  2.21499e-06  2.29057e-20 -3.58474e-07  -5.9022e-20 -5.70865e-07  7.48647e-20  4.64635e-07 -5.54012e-20 -2.17673e-08  8.75317e-21  -1.4745e-07  3.94083e-20  4.86579e-08 -6.67889e-20  3.57522e-08     6.92e-20 -1.89893e-08 -5.68253e-20 -8.92619e-09  4.11348e-20  5.16491e-09 -2.74916e-20   2.5502e-09  1.66784e-20 -1.01797e-09 -8.60078e-21 -7.32819e-10  3.37489e-21  9.44815e-11 -7.58669e-22  1.71638e-10 -2.41294e-23  2.24441e-11 -7.82489e-23 -2.55253e-11  3.10397e-22 -1.11118e-11 -3.29563e-22  7.20485e-13  1.87135e-22  1.88083e-12 -5.92216e-23   5.1865e-13  1.23995e-23 -6.44657e-14 -7.68427e-24 -8.27562e-14  5.90775e-24 -2.16979e-14 -1.96224e-24  5.71336e-16  3.22131e-25  2.11909e-15 -4.56033e-25  6.75073e-16  3.89926e-25  7.32884e-17 -2.46895e-26 -1.93882e-17 -1.01118e-25    -1.03e-17  2.98392e-26 -2.16972e-18  8.91405e-27 -1.82849e-19 -2.24489e-27  3.15398e-20 -1.26822e-27  1.42637e-20  6.51381e-29  2.64784e-21  9.96436e-29  2.76701e-22   1.2575e-29   7.6549e-24  -3.1855e-30 -2.86279e-24 -1.13293e-30  -5.9679e-25 -7.06658e-32 -6.48551e-26  1.33965e-32 -4.40095e-27  4.12474e-33 -1.61723e-28  5.18963e-34  8.03842e-31  2.29347e-36  4.43265e-31 -1.44224e-36  2.34549e-32  1.24795e-37  5.50355e-34  6.71651e-39  4.22424e-36
 2.85578e-15  7.93214e-28 -1.65127e-13 -9.04349e-27  3.73055e-12  6.75241e-26 -5.08736e-11 -4.91275e-25  4.83119e-10  3.22117e-24 -3.43089e-09 -1.57724e-23  1.89935e-08  5.06911e-23 -8.41296e-08 -7.15295e-23  3.03093e-07 -2.43778e-22 -8.96807e-07   2.0346e-21  2.18844e-06 -7.75262e-21 -4.39933e-06  2.03501e-20  7.23153e-06 -3.96373e-20 -9.56066e-06  5.69077e-20  9.83558e-06 -5.40797e-20 -7.32154e-06  1.46364e-20  3.15081e-06  5.69876e-20  2.73667e-07 -1.26712e-19 -1.35814e-06  1.50311e-19  6.47184e-07 -1.10051e-19  1.86095e-07   3.1915e-20 -2.79666e-07  3.70918e-20    1.173e-08 -6.78698e-20  8.38916e-08  6.45673e-20 -1.23531e-08 -4.80198e-20 -2.30656e-08  3.31988e-20  2.97869e-09 -2.30029e-20  6.08363e-09  1.52594e-20 -4.32183e-11 -8.90931e-21 -1.40389e-09  4.31406e-21 -2.55521e-10 -1.66616e-21  2.30928e-10  5.95115e-22  1.06515e-10 -4.44909e-22 -1.26361e-11  5.25151e-22 -2.16459e-11 -4.36392e-22 -4.71452e-12  2.12561e-22  1.63089e-12 -4.79059e-23  1.17885e-12  9.33849e-25  1.99296e-13 -5.34572e-24 -6.54153e-14  7.49545e-24  -4.3459e-14 -3.05901e-24 -8.88644e-15  3.90904e-25  6.63128e-16 -3.38291e-25  9.09633e-16  4.22576e-25  2.56291e-16 -6.55473e-26  2.70071e-17 -1.06147e-25   -5.457e-18  3.48742e-26 -2.92558e-18  1.06796e-26 -6.13971e-19  -2.7363e-27 -6.27119e-20 -1.40884e-27  2.65019e-21  5.48778e-29  2.25395e-21  1.00641e-28  4.44564e-22  1.41945e-29  5.10173e-23  -2.5142e-30  3.13048e-24 -1.02934e-30 -5.33087e-26 -9.58811e-32 -3.48707e-26    4.427e-33  -4.0763e-27  3.29496e-33 -2.75686e-28  4.85884e-34 -1.14343e-29  1.29622e-35 -2.47676e-31 -2.93096e-37 -4.20732e-34  7.26743e-38  7.61714e-35  2.16207e-39
-3.12844e-28  4.03331e-14  6.12778e-27 -1.33702e-12 -4.99615e-26  2.32152e-11  3.39135e-25 -2.65243e-10 -2.39347e-24  2.19985e-09  1.45409e-23 -1.39761e-08 -6.45514e-23  7.02877e-08  1.88544e-22 -2.85712e-07 -2.43778e-22  9.51008e-07 -7.67197e-22 -2.61051e-06  5.94851e-21  5.92085e-06 -2.11427e-20 -1.10568e-05  5.18706e-20  1.68233e-05 -9.43521e-20 -2.04128e-05  1.25694e-19  1.89128e-05 -1.07812e-19 -1.20625e-05  1.54329e-20  3.46648e-06  1.28244e-19  2.00395e-06  -2.4918e-19 -2.55314e-06  2.73533e-19  5.89671e-07 -1.91344e-19   6.4239e-07  6.52024e-20 -3.97571e-07  2.77632e-20 -1.13968e-07 -5.73795e-20  1.39089e-07  4.57067e-20  2.15788e-08 -2.74794e-20 -3.93685e-08  1.83075e-20  -7.0184e-09 -1.53174e-20  9.39275e-09  1.25945e-20  2.87348e-09 -8.82852e-21 -1.65832e-09  5.22146e-21 -9.49925e-10 -2.61793e-21  1.14963e-10  1.21961e-21  2.09857e-10 -7.96737e-22  3.85945e-11  7.36761e-22 -2.31602e-11 -5.47553e-22 -1.32626e-11  2.38946e-22 -1.05352e-12  -3.3663e-23  1.39011e-12 -1.41941e-23  6.06069e-13 -5.80621e-25  5.68266e-14  8.40385e-24 -4.13635e-14 -4.35373e-24 -1.95706e-14  5.55134e-25  -3.3061e-15 -1.42583e-25  3.34826e-16   4.2273e-25  3.29098e-16 -1.15887e-25  8.56855e-17 -1.06745e-25  9.45854e-18  3.98201e-26 -1.06709e-18  1.22324e-26 -6.70366e-19 -3.10469e-27 -1.42792e-19 -1.51436e-27 -1.66033e-20  3.66026e-29  -4.5091e-22  9.66772e-29  2.31722e-22  1.47448e-29  5.27314e-23 -1.83749e-30  6.35662e-24 -8.68394e-31  4.72662e-25 -1.05803e-31  1.68779e-26 -2.34802e-33  -6.1943e-28   2.3225e-33 -1.23993e-28  3.94308e-34 -7.98556e-30  1.51711e-35 -2.77204e-31  1.79092e-37 -4.84147e-33  3.39158e-38  -2.6266e-35
-6.43864e-15 -3.35197e-27  3.83362e-13  3.67487e-26 -8.92818e-12 -2.40619e-25   1.2566e-10  1.57284e-24 -1.23321e-09 -1.07359e-23  9.06328e-09  5.99718e-23 -5.20083e-08 -2.41772e-22  2.39215e-07   6.4469e-22 -8.96807e-07 -7.67197e-22  2.76812e-06 -2.23793e-21 -7.06828e-06  1.61669e-20  1.49266e-05 -5.37122e-20 -2.59128e-05  1.23316e-19  3.64681e-05 -2.09509e-19 -4.04712e-05   2.5847e-19  3.34248e-05 -1.98023e-19 -1.75663e-05 -2.53957e-22  1.82527e-06  2.65564e-19  5.45143e-06 -4.53386e-19 -3.90381e-06   4.5647e-19  -8.6003e-08 -2.98204e-19  1.37914e-06  1.05352e-19 -3.66012e-07   1.0058e-20  -3.6392e-07 -3.08311e-20  1.58963e-07    9.375e-21  9.57861e-08  5.16342e-21 -4.45563e-08 -2.33994e-21  -2.7539e-08 -5.54078e-21  8.49747e-09  9.15004e-21   7.7523e-09 -8.41625e-21 -5.22807e-10  6.01955e-21 -1.75575e-09 -3.50828e-21 -3.21494e-10  1.75825e-21  2.42028e-10 -1.07668e-21  1.26273e-10  9.16374e-22 -5.01588e-13 -6.51351e-22 -1.92239e-11    2.651e-22 -6.34771e-12 -1.94166e-23  2.99642e-13 -3.10996e-23  8.52556e-13  6.66319e-24  2.66144e-13  8.19397e-24   9.7061e-15 -5.77024e-24 -2.01843e-14  8.56082e-25 -7.69048e-15  1.27524e-25 -1.14509e-15  3.84878e-25   1.1256e-16 -1.73094e-25  9.96875e-17 -1.03363e-25  2.48232e-17  4.43817e-26  2.96561e-18  1.34796e-26 -9.47945e-20 -3.29999e-27 -1.17803e-19 -1.56965e-27 -2.61291e-20  1.30662e-29 -3.28652e-21  8.78963e-29 -2.06288e-22  1.39643e-29  9.27979e-24 -1.27329e-30   3.9401e-24 -6.83212e-31  5.02629e-25 -1.01952e-31  3.85714e-26 -6.35166e-33  1.81865e-27  1.43551e-33  3.92522e-29   2.8108e-34 -7.91663e-31  1.22649e-35 -7.42249e-32  2.32929e-37 -1.57724e-33  1.07348e-38
 1.22447e-27 -8.28624e-14 -2.40569e-26  2.83412e-12  1.82055e-25 -5.08321e-11 -1.04124e-24  6.00666e-10  6.78712e-24 -5.15934e-09 -4.42985e-23  3.39981e-08  2.26529e-22 -1.77644e-07 -8.31923e-22  7.51697e-07   2.0346e-21 -2.61051e-06 -2.23793e-21  7.49688e-06 -6.07167e-21 -1.78497e-05  4.09745e-20  3.51485e-05 -1.27484e-19 -5.67456e-05  2.74159e-19  7.37665e-05 -4.34903e-19 -7.45097e-05  4.95359e-19  5.40216e-05 -3.33579e-19 -2.17105e-05 -5.89772e-20 -3.83139e-06  5.10525e-19  1.09525e-05 -7.67636e-19 -4.65741e-06  7.02809e-19 -1.84323e-06 -4.20951e-19   2.2447e-06  1.45807e-19  2.66077e-08   -1.762e-20 -7.16355e-07  1.60264e-20  6.97135e-08 -4.58087e-20  2.04472e-07  4.80646e-20 -1.63565e-08 -2.61532e-20 -5.47838e-08  4.72861e-21 -2.12926e-09  5.45543e-21   1.2591e-08 -7.71109e-21  2.89267e-09  6.62011e-21 -1.98962e-09 -4.23332e-21 -1.07275e-09   2.1345e-21  6.88033e-11 -1.24257e-21  2.04806e-10  1.04013e-21  5.35321e-11 -7.35105e-22 -1.27067e-11  2.88947e-22 -1.16127e-11 -8.70538e-24 -2.42503e-12 -4.68625e-23  4.83208e-13  1.59186e-23  4.23525e-13  6.50001e-24  1.02768e-13 -7.19902e-24 -5.05769e-16  1.32275e-24 -8.04948e-15  4.57616e-25 -2.65195e-15  3.09932e-25 -3.72093e-16 -2.33432e-25  2.49076e-17 -9.70561e-26  2.47719e-17  4.81604e-26  6.06865e-18  1.43565e-26  7.82674e-19 -3.29489e-27  2.04197e-20 -1.56281e-27 -1.44226e-20 -1.12707e-29 -3.55418e-21  7.51124e-29 -4.67894e-22  1.18553e-29  -3.7023e-23 -9.02341e-31  -1.0988e-24 -5.06661e-31  1.34068e-25 -8.86057e-32  2.21009e-26 -7.77896e-33  1.64832e-27  7.62016e-34  7.29027e-29  1.76175e-34  1.82193e-30  7.72562e-36  1.89513e-32  1.36312e-37 -1.53011e-35
 1.16767e-14  1.23395e-26 -7.18159e-13 -1.33512e-25  1.72956e-11  7.72683e-25 -2.52028e-10 -4.14089e-24  2.56405e-09  2.72882e-23 -1.95627e-08 -1.68109e-22  1.16724e-07  7.85945e-22 -5.59242e-07 -2.63984e-21  2.18844e-06  5.94851e-21 -7.06828e-06 -6.07167e-21  1.89425e-05   -1.537e-20 -4.21439e-05  9.71292e-20  7.74752e-05 -2.83461e-19 -0.000116319  5.71381e-19  0.000139377  -8.4562e-19 -0.000127252  8.85394e-19   7.9086e-05 -5.11167e-19 -2.02612e-05 -2.08418e-19 -1.59127e-05  9.15502e-19  1.79641e-05 -1.21304e-18 -3.44448e-06  1.00082e-18 -4.99428e-06 -5.39772e-19  2.78193e-06   1.7827e-19  9.95719e-07 -5.77643e-20 -1.03561e-06  8.63869e-20  -2.1033e-07 -1.18566e-19  3.03775e-07  9.71779e-20  6.74694e-08 -4.96157e-20 -7.36448e-08  1.38003e-20 -2.61321e-08  1.93803e-21  1.27977e-08 -6.70841e-21  8.37794e-09  6.93108e-21 -6.72522e-10 -4.70201e-21 -1.80378e-09  2.30095e-21 -3.95067e-10 -1.27758e-21  1.83737e-10  1.09459e-21  1.21081e-10 -7.87697e-22  1.38784e-11  3.07403e-22   -1.138e-11 -4.59963e-24 -5.67696e-12 -5.80435e-23 -7.33344e-13  2.62023e-23  3.16471e-13  3.11189e-24  1.78362e-13 -8.51195e-24  3.57626e-14  1.96088e-24 -9.79688e-16  8.24053e-25 -2.66527e-15  2.05692e-25   -7.982e-16 -2.92325e-25 -1.11333e-16 -8.91806e-26  2.29893e-18  5.07053e-26  4.86346e-18  1.48198e-26  1.20768e-18 -3.09112e-27  1.64967e-19 -1.48859e-27  1.02557e-20 -3.15788e-29 -9.21808e-22  5.97355e-29 -3.29257e-22  8.70987e-30 -4.52346e-23 -7.45443e-31 -3.81126e-24 -3.61957e-31 -1.90504e-25  -7.0874e-32 -2.63276e-27 -7.33713e-33  3.70554e-28  3.29327e-34  2.99826e-29  9.62883e-35  1.02491e-30  3.84914e-36  1.50378e-32  4.58813e-38
-4.15525e-27  1.36677e-13  8.33989e-26 -4.84108e-12 -6.07282e-25  9.00195e-11  2.88254e-24 -1.10417e-09 -1.53682e-23  9.85776e-09  1.02056e-22 -6.76181e-08 -5.87191e-22  3.68385e-07  2.51264e-21 -1.62842e-06 -7.75262e-21  5.92085e-06  1.61669e-20 -1.78497e-05   -1.537e-20  4.47623e-05 -3.64103e-20 -9.32356e-05   2.1594e-19  0.000160166 -5.91958e-19 -0.000223524  1.11888e-18  0.000246123 -1.54279e-18 -0.000201115  1.47605e-18  0.000102918 -7.01416e-19  -6.7439e-06 -5.22208e-19  -3.6168e-05  1.53543e-18  2.43747e-05 -1.79111e-18  1.53973e-06  1.31753e-18 -9.30555e-06 -6.26506e-19  2.19972e-06   1.9562e-19  2.60219e-06  -1.1391e-19 -1.04399e-06  1.81148e-19 -7.13617e-07 -2.04522e-19  3.03704e-07  1.46795e-19  2.09848e-07  -6.9004e-20 -5.79255e-08  2.02983e-20 -5.97601e-08 -1.16672e-21  2.50848e-09 -5.38288e-21  1.35728e-08   6.8719e-21  2.84471e-09 -4.84451e-21 -1.82107e-09  2.24652e-21 -1.04646e-09 -1.19228e-21 -2.62982e-11  1.07921e-21  1.52199e-10 -8.02509e-22  5.54837e-11  3.16538e-22  -5.0579e-13 -8.47787e-24 -6.78671e-12 -6.14097e-23 -2.35552e-12  3.61469e-23  -1.6842e-13 -1.96381e-24  1.49355e-13 -9.58376e-24  6.50092e-14  2.74481e-24  1.14217e-14  1.19734e-24 -3.16959e-16  8.55421e-26 -7.28844e-16  -3.4478e-25 -2.06314e-16 -8.10293e-26 -2.94563e-17  5.16186e-26 -7.20926e-19  1.48457e-26  7.03792e-19 -2.72028e-27  1.86554e-19 -1.35107e-27  2.64528e-20 -4.42063e-29  2.15989e-21  4.35154e-29  3.43982e-23  5.04539e-30 -1.71801e-23 -7.61054e-31 -2.69455e-24 -2.57898e-31 -2.24823e-25 -5.29963e-32 -1.16351e-26  -5.8886e-33 -3.42718e-28  9.75261e-35 -3.01177e-30  4.50507e-35  1.12363e-31  1.46053e-36  2.14024e-33
-1.68634e-14 -3.97157e-26  1.07613e-12  4.35868e-25 -2.69184e-11 -2.33423e-24  4.07869e-10  9.64658e-24 -4.32007e-09 -5.36584e-23   3.4362e-08  3.54234e-22 -2.14069e-07 -1.89082e-21  1.07272e-06  7.42565e-21 -4.39933e-06 -2.11427e-20  1.49266e-05  4.09745e-20 -4.21439e-05 -3.64103e-20  9.91455e-05 -8.09402e-20 -0.000193666  4.51434e-19  0.000311094 -1.16385e-18 -0.000403181  2.06298e-18   0.00040619 -2.64511e-18 -0.000292757  2.29343e-18  0.000114192 -8.33142e-19   2.6582e-05  -1.0979e-18 -6.40428e-05  2.41162e-18  2.60848e-05 -2.47017e-18  1.18878e-05   1.5978e-18 -1.35709e-05 -6.50575e-19 -4.48572e-07  1.95136e-19   4.5452e-06 -1.89623e-19 -3.73092e-07  2.97538e-19  -1.3464e-06 -2.96399e-19  8.93935e-08  1.90528e-19  3.71542e-07 -8.11697e-20  1.96162e-08  2.34558e-20  -8.7311e-08 -3.79635e-21  -2.1599e-08 -3.75046e-21  1.38762e-08   6.3928e-21  7.95213e-09 -4.62066e-21 -3.66028e-10  1.99594e-21 -1.50915e-09  -1.0166e-21   -4.257e-10  1.00497e-21  8.46445e-11 -7.80171e-22  8.82514e-11  3.12017e-22  2.03364e-11 -1.91154e-23 -2.98531e-12 -5.46608e-23 -3.20571e-12  4.42501e-23 -8.55323e-13 -8.47962e-24  -2.6526e-14 -1.03152e-23  5.61091e-14  3.61524e-24  2.06393e-14  1.54624e-24  3.36126e-15 -3.43406e-26 -2.74742e-17 -3.85978e-25 -1.60861e-16 -7.35135e-26 -4.45781e-17  5.06818e-26 -6.55949e-18  1.44367e-26   -3.877e-19 -2.23771e-27   6.3425e-20 -1.16408e-27  2.09013e-20 -4.78001e-29  3.05463e-21  2.81795e-29  2.74123e-22  1.46848e-30   1.3322e-23 -8.65253e-31 -1.37287e-25 -1.90117e-31 -8.00923e-26 -3.75018e-32 -6.70733e-27 -4.16362e-33 -3.00222e-28  4.46398e-37 -7.32437e-30  1.74484e-35 -7.59273e-32  3.69287e-37
 1.22664e-26 -1.78303e-13 -2.55302e-25  6.57598e-12  1.86364e-24 -1.27451e-10 -7.71265e-24  1.63119e-09  2.94625e-23 -1.52138e-08 -1.76567e-22   1.0917e-07   1.1393e-21 -6.23149e-07 -5.62502e-21   2.8912e-06  2.03501e-20 -1.10568e-05 -5.37122e-20  3.51485e-05  9.71292e-20 -9.32356e-05 -8.09402e-20  0.000206257  -1.6929e-19 -0.000378407  8.89629e-19  0.000568616 -2.15932e-18 -0.000683288  3.58862e-18  0.000626018 -4.26694e-18  -0.00038911  3.31439e-18  9.57536e-05 -7.81791e-19  8.62185e-05 -2.04316e-18 -9.48126e-05  3.54878e-18  1.73542e-05 -3.17592e-18  2.78738e-05  1.77135e-18 -1.54111e-05 -5.88187e-19 -5.82052e-06  1.80315e-19  6.01286e-06 -2.86263e-19   1.2729e-06  4.28266e-19 -1.83363e-06 -3.85013e-19 -4.18926e-07  2.22499e-19  4.60342e-07 -8.41964e-20  1.67081e-07  2.32407e-20 -8.23748e-08 -5.95147e-21 -5.51883e-08 -1.93424e-21  4.24976e-09  5.48826e-21  1.21583e-08 -4.03321e-21  2.77347e-09  1.60362e-21   -1.234e-09 -7.83507e-22 -8.49854e-10  8.90123e-22 -1.08103e-10   -7.303e-22  7.72395e-11  2.89741e-22  4.08944e-11 -3.25223e-23  5.97304e-12 -3.69498e-23 -2.02846e-12  4.91908e-23 -1.27026e-12 -1.59639e-23 -2.78286e-13 -1.06521e-23 -2.38825e-15  4.48487e-24  1.72289e-14  1.84172e-24  5.67715e-15 -1.38544e-25  8.96597e-16 -4.12014e-25  2.00258e-17 -6.69932e-26 -2.73467e-17  4.79559e-26 -7.75151e-18   1.3633e-26 -1.16875e-18 -1.71018e-27 -9.49263e-20 -9.49039e-28  1.01083e-21 -4.35384e-29  1.50508e-21  1.50919e-29  2.35334e-22 -1.48408e-30  2.13438e-23 -9.65451e-31   1.2084e-24 -1.46852e-31  3.48269e-26 -2.52858e-32 -3.63103e-28 -2.62541e-33 -7.17444e-29 -2.39934e-35 -2.37868e-30  5.24965e-36 -2.33951e-32
