   0.0029864  1.79243e-12    0.0119938  4.07065e-12    0.0184312  4.49712e-12    0.0147148  2.44492e-12   0.00423995 -1.36848e-13  -0.00382648  -1.3497e-12   -0.0054483 -1.14957e-12  -0.00332352 -5.30917e-13  -0.00117749 -1.42577e-13 -0.000230817 -1.88248e-14 -1.68972e-05
 1.79243e-12    0.0170874   7.2233e-12    0.0388986  1.11124e-11    0.0429522   8.8434e-12    0.0231387  2.46806e-12  -0.00175269 -2.42808e-12   -0.0133633 -3.38371e-12   -0.0112897 -2.05564e-12   -0.0052014 -7.27137e-13  -0.00139522 -1.42405e-13 -0.000184062 -1.04165e-14
   0.0119938   7.2233e-12    0.0484743  1.64814e-11    0.0747183  1.82319e-11    0.0595798  9.85073e-12    0.0167583 -7.02754e-13   -0.0161748 -5.63317e-12   -0.0226344 -4.76392e-12   -0.0137493 -2.19329e-12  -0.00485794 -5.87441e-13 -0.000949659 -7.73311e-14 -6.92937e-05
 4.07065e-12    0.0388986  1.64814e-11    0.0889587  2.54883e-11    0.0989353  2.05219e-11     0.054567  6.15405e-12  -0.00175885 -4.98148e-12   -0.0284541  -7.2889e-12   -0.0244283 -4.45393e-12   -0.0112654 -1.57244e-12  -0.00300995 -3.06262e-13 -0.000394371 -2.22213e-14
   0.0184312  1.11124e-11    0.0747183  2.54883e-11     0.116238  2.86686e-11    0.0956554  1.65688e-11    0.0328365  9.14955e-13   -0.0167688 -6.77276e-12   -0.0284364 -6.09213e-12   -0.0177046 -2.82758e-12  -0.00624788 -7.51793e-13  -0.00120693 -9.74286e-14 -8.64062e-05
 4.49712e-12    0.0429522  1.82319e-11    0.0989353  2.86686e-11     0.113719  2.46049e-11    0.0716352  1.04719e-11    0.0148223 -1.16045e-12    -0.015281 -4.60929e-12   -0.0164143 -3.06478e-12   -0.0077944 -1.08181e-12  -0.00204289 -2.03748e-13 -0.000255688 -1.39591e-14
   0.0147148   8.8434e-12    0.0595798  2.05219e-11    0.0956554  2.46049e-11    0.0888131  1.79481e-11    0.0507612  7.85333e-12    0.0160009   1.5049e-12  0.000681325 -3.34037e-13  -0.00153659 -2.67818e-13 -0.000549377  -5.3234e-14 -5.49906e-05 -1.28809e-15  2.22125e-06
 2.44492e-12    0.0231387  9.85073e-12     0.054567  1.65688e-11    0.0716352  1.79481e-11    0.0667041  1.48472e-11    0.0503075  1.03838e-11    0.0328056  6.27079e-12    0.0180328  3.06171e-12   0.00759638  1.07621e-12   0.00213908  2.29491e-13  0.000314838  1.90395e-14
  0.00423995  2.46806e-12    0.0167583  6.15405e-12    0.0328365  1.04719e-11    0.0507612  1.48472e-11    0.0653172  1.70366e-11    0.0657185  1.48256e-11    0.0489157  9.34233e-12    0.0258022  4.06575e-12   0.00907828  1.12198e-12   0.00187174  1.58401e-13  0.000148286
-1.36848e-13  -0.00175269 -7.02754e-13  -0.00175885  9.14955e-13    0.0148223  7.85333e-12    0.0503075  1.70366e-11    0.0797755  2.09701e-11    0.0786469  1.68346e-11    0.0517793  9.08705e-12    0.0227462  3.19817e-12   0.00624124  6.53038e-13  0.000870339  5.10214e-14
 -0.00382648 -2.42808e-12   -0.0161748 -4.98148e-12   -0.0167688 -1.16045e-12    0.0160009  1.03838e-11    0.0657185  2.09701e-11    0.0910533  2.20378e-11    0.0757595  1.47997e-11    0.0413127  6.52834e-12     0.014543  1.78703e-12   0.00295732  2.47895e-13  0.000229644
 -1.3497e-12   -0.0133633 -5.63317e-12   -0.0284541 -6.77276e-12    -0.015281   1.5049e-12    0.0328056  1.48256e-11    0.0786469  2.20378e-11    0.0856026  1.86857e-11    0.0580802  1.02434e-11     0.025676  3.60669e-12   0.00702085  7.32008e-13  0.000971444  5.66796e-14
  -0.0054483 -3.38371e-12   -0.0226344  -7.2889e-12   -0.0284364 -4.60929e-12  0.000681325  6.27079e-12    0.0489157  1.68346e-11    0.0757595  1.86857e-11    0.0649027  1.27492e-11     0.035683   5.6434e-12    0.0125672   1.5425e-12   0.00254839  2.13186e-13  0.000197046
-1.14957e-12   -0.0112897 -4.76392e-12   -0.0244283 -6.09213e-12   -0.0164143 -3.34037e-13    0.0180328  9.34233e-12    0.0517793  1.47997e-11    0.0580802  1.27492e-11    0.0397484  7.02095e-12    0.0176089  2.47345e-12   0.00481283  5.01452e-13  0.000664905  3.87571e-14
 -0.00332352 -2.05564e-12   -0.0137493 -4.45393e-12   -0.0177046 -3.06478e-12  -0.00153659  3.06171e-12    0.0258022  9.08705e-12    0.0413127  1.02434e-11     0.035683  7.02095e-12    0.0196684  3.11208e-12   0.00693148  8.50775e-13   0.00140544  1.17552e-13  0.000108631
-5.30917e-13   -0.0052014 -2.19329e-12   -0.0112654 -2.82758e-12   -0.0077944 -2.67818e-13   0.00759638  4.06575e-12    0.0227462  6.52834e-12     0.025676   5.6434e-12    0.0176089  3.11208e-12   0.00780845  1.09718e-12    0.0021355   2.2256e-13  0.000295186  1.72114e-14
 -0.00117749 -7.27137e-13  -0.00485794 -1.57244e-12  -0.00624788 -1.08181e-12 -0.000549377  1.07621e-12   0.00907828  3.19817e-12     0.014543  3.60669e-12    0.0125672  2.47345e-12   0.00693148  1.09718e-12    0.0024448  3.00223e-13  0.000496216  4.15284e-14  3.84006e-05
-1.42577e-13  -0.00139522 -5.87441e-13  -0.00300995 -7.51793e-13  -0.00204289  -5.3234e-14   0.00213908  1.12198e-12   0.00624124  1.78703e-12   0.00702085   1.5425e-12   0.00481283  8.50775e-13    0.0021355  3.00223e-13  0.000584707  6.09824e-14  8.09469e-05  4.72396e-15
-0.000230817 -1.42405e-13 -0.000949659 -3.06262e-13  -0.00120693 -2.03748e-13 -5.49906e-05  2.29491e-13   0.00187174  6.53038e-13   0.00295732  7.32008e-13   0.00254839  5.01452e-13   0.00140544   2.2256e-13  0.000496216  6.09824e-14   0.00010088  8.45106e-15  7.82277e-06
-1.88248e-14 -0.000184062 -7.73311e-14 -0.000394371 -9.74286e-14 -0.000255688 -1.28809e-15  0.000314838  1.58401e-13  0.000870339  2.47895e-13  0.000971444  2.13186e-13  0.000664905  1.17552e-13  0.000295186  4.15284e-14  8.09469e-05  8.45106e-15    1.123e-05   6.5619e-16
-1.68972e-05 -1.04165e-14 -6.92937e-05 -2.22213e-14 -8.64062e-05 -1.39591e-14  2.22125e-06  1.90395e-14  0.000148286  5.10214e-14  0.000229644  5.66796e-14  0.000197046  3.87571e-14  0.000108631  1.72114e-14  3.84006e-05  4.72396e-15  7.82277e-06   6.5619e-16  6.08182e-07
