  0.00240838 -5.12516e-20   -0.0121239  8.68586e-19    0.0116171 -1.73904e-18   0.00526404   9.4235e-19  -0.00157581  1.43107e-19   -0.0025881   8.6017e-19  -0.00139265  1.94797e-19 -0.000444475 -2.15122e-19 -8.80372e-05 -2.79241e-19 -9.82175e-06  3.37924e-20 -4.09534e-07
-5.12516e-20    0.0195151 -6.07488e-19    -0.044647  4.51159e-18    0.0122822 -3.96056e-18    0.0214797  2.16637e-18   0.00965052  1.35097e-18   0.00215883  2.72842e-18  0.000209074  1.13348e-18 -5.30757e-06 -2.09448e-19 -1.76761e-06   -6.127e-19  1.20217e-07 -9.58481e-20
  -0.0121239 -6.07488e-19    0.0659683  -2.9482e-18   -0.0766361  1.09828e-17   -0.0201632 -4.71484e-18    0.0218797 -4.98153e-19    0.0219995 -3.33317e-18    0.0107021  1.73149e-19    0.0033065  1.30094e-18  0.000653037  1.77277e-19  7.38361e-05 -4.23519e-19  3.15221e-06
 8.68586e-19    -0.044647  -2.9482e-18     0.119905 -7.63745e-18   -0.0638526  1.39481e-17   -0.0610798 -7.15027e-18   -0.0110219 -1.03445e-17   0.00697974 -1.10641e-17   0.00495665 -2.21449e-18   0.00145574  2.21674e-18  0.000228546  7.15717e-19  1.67875e-05  1.45075e-19
   0.0116171  4.51159e-18   -0.0766361 -7.63745e-18     0.129577 -1.24734e-17   -0.0156787  8.14115e-18   -0.0690636   -6.046e-18   -0.0452507 -7.25485e-18   -0.0182722 -5.36307e-18  -0.00518785  6.35757e-19  -0.00100515  3.08566e-18 -0.000116001   1.2362e-18  -5.1679e-06
-1.73904e-18    0.0122822  1.09828e-17   -0.0638526 -1.24734e-17    0.0974567 -1.22025e-17    0.0151717  1.03654e-17   -0.0501938  1.72125e-17   -0.0446219  1.22005e-17   -0.0195568  2.59962e-18  -0.00516023  1.72477e-18 -0.000808623  2.69967e-18 -6.24614e-05  1.83673e-18
  0.00526404 -3.96056e-18   -0.0201632  1.39481e-17   -0.0156787 -1.22025e-17       0.0749  8.74159e-18     0.027414   4.0222e-17   -0.0161927  4.22624e-17   -0.0164919  1.65871e-17  -0.00635878  -7.2642e-19  -0.00134901  5.50203e-19  -0.00015298  2.87799e-18 -6.31119e-06
  9.4235e-19    0.0214797 -4.71484e-18   -0.0610798  8.14115e-18    0.0151717  8.74159e-18    0.0771215  5.31232e-17    0.0542224  6.29371e-17    0.0228892  3.51947e-17   0.00712978  2.63368e-18   0.00166912 -5.92141e-18    0.0002656  1.04038e-18  2.23856e-05  3.12946e-18
 -0.00157581  2.16637e-18    0.0218797 -7.15027e-18   -0.0690636  1.03654e-17     0.027414  5.31232e-17    0.0952415  7.33591e-17    0.0816598  4.52212e-17    0.0405533  9.72586e-18    0.0130043 -9.85095e-18    0.0026641 -4.97227e-18  0.000312383  2.65409e-18  1.38599e-05
 1.43107e-19   0.00965052 -4.98153e-19   -0.0110219   -6.046e-18   -0.0501938   4.0222e-17    0.0542224  7.33591e-17     0.109963  4.62921e-17    0.0794693  1.25651e-17    0.0332489 -8.74635e-18   0.00872686 -1.12953e-17   0.00138426 -9.55532e-19  0.000109307  2.82367e-18
  -0.0025881  1.35097e-18    0.0219995 -1.03445e-17   -0.0452507  1.72125e-17   -0.0161927  6.29371e-17    0.0816598  4.62921e-17     0.096953  1.03909e-17    0.0541372 -7.20906e-18    0.0181476 -1.31044e-17   0.00375772 -5.93703e-18  0.000437845  1.58066e-18   1.9133e-05
  8.6017e-19   0.00215883 -3.33317e-18   0.00697974 -7.25485e-18   -0.0446219  4.22624e-17    0.0228892  4.52212e-17    0.0794693  1.03909e-17    0.0631932 -7.46078e-18     0.027343 -1.15429e-17   0.00725624 -8.83586e-18   0.00115167 -1.14272e-18  9.05076e-05  1.63863e-18
 -0.00139265  2.72842e-18    0.0107021 -1.10641e-17   -0.0182722  1.22005e-17   -0.0164919  3.51947e-17    0.0405533  1.25651e-17    0.0541372 -7.46078e-18    0.0312076 -1.00409e-17    0.0105775  -8.4598e-18   0.00219621 -3.45057e-18  0.000255577  6.78017e-19  1.11306e-05
 1.94797e-19  0.000209074  1.73149e-19   0.00495665 -5.36307e-18   -0.0195568  1.65871e-17   0.00712978  9.72586e-18    0.0332489 -7.20906e-18     0.027343 -1.00409e-17    0.0119627 -7.14349e-18    0.0031862 -4.13006e-18  0.000505862 -5.70021e-19  3.97014e-05  6.43559e-19
-0.000444475  1.13348e-18    0.0033065 -2.21449e-18  -0.00518785  2.59962e-18  -0.00635878  2.63368e-18    0.0130043 -8.74635e-18    0.0181476 -1.15429e-17    0.0105775 -7.14349e-18   0.00359867 -3.78932e-18  0.000747932 -1.30032e-18  8.70082e-05  2.02714e-19  3.78534e-06
-2.15122e-19 -5.30757e-06  1.30094e-18   0.00145574  6.35757e-19  -0.00516023  -7.2642e-19   0.00166912 -9.85095e-18   0.00872686 -1.31044e-17   0.00725624  -8.4598e-18    0.0031862 -3.78932e-18  0.000849676 -1.47805e-18  0.000134925 -1.96008e-19  1.05856e-05  1.68241e-19
-8.80372e-05 -2.09448e-19  0.000653037  2.21674e-18  -0.00100515  1.72477e-18  -0.00134901 -5.92141e-18    0.0026641 -1.12953e-17   0.00375772 -8.83586e-18   0.00219621 -4.13006e-18  0.000747932 -1.47805e-18  0.000155494 -3.77981e-19  1.80888e-05  3.50995e-20  7.86835e-07
-2.79241e-19 -1.76761e-06  1.77277e-19  0.000228546  3.08566e-18 -0.000808623  5.50203e-19    0.0002656 -4.97227e-18   0.00138426 -5.93703e-18   0.00115167 -3.45057e-18  0.000505862 -1.30032e-18  0.000134925 -3.77981e-19  2.14278e-05 -4.67445e-20  1.68127e-06  2.71647e-20
-9.82175e-06   -6.127e-19  7.38361e-05  7.15717e-19 -0.000116001  2.69967e-18  -0.00015298  1.04038e-18  0.000312383 -9.55532e-19  0.000437845 -1.14272e-18  0.000255577 -5.70021e-19  8.70082e-05 -1.96008e-19  1.80888e-05 -4.67445e-20  2.10462e-06  4.49036e-21  9.15714e-08
 3.37924e-20  1.20217e-07 -4.23519e-19  1.67875e-05   1.2362e-18 -6.24614e-05  2.87799e-18  2.23856e-05  2.65409e-18  0.000109307  1.58066e-18  9.05076e-05  6.78017e-19  3.97014e-05  2.02714e-19  1.05856e-05  3.50995e-20  1.68127e-06  4.49036e-21  1.31958e-07  2.67325e-21
-4.09534e-07 -9.58481e-20  3.15221e-06  1.45075e-19  -5.1679e-06  1.83673e-18 -6.31119e-06  3.12946e-18  1.38599e-05  2.82367e-18   1.9133e-05  1.63863e-18  1.11306e-05  6.43559e-19  3.78534e-06  1.68241e-19  7.86835e-07  2.71647e-20  9.15714e-08  2.67325e-21  3.98623e-09
