 6.16113e-36  9.41597e-51 -4.55432e-37  2.88704e-49 -6.89926e-36 -7.04101e-48 -4.50044e-36    7.245e-47  1.92283e-36 -4.52114e-46   1.0889e-36  7.89272e-46 -2.14942e-36  1.75743e-45  2.05211e-36  4.56778e-45 -9.37626e-37  1.42907e-46 -2.94631e-36  5.56612e-45  2.73266e-35 -2.08199e-44 -1.94198e-34 -1.36563e-43  1.22401e-33   3.3862e-43 -6.85173e-33  -1.1828e-43  3.41642e-32 -1.90577e-43 -1.52215e-31  3.38415e-43  6.07345e-31 -9.43683e-43 -2.17333e-30   1.2445e-43  6.97908e-30  8.73672e-42 -2.01088e-29 -6.99308e-41  5.19345e-29  3.82423e-40     -1.2e-28 -1.68911e-39  2.47328e-28   6.4581e-39 -4.52748e-28 -2.18841e-38   7.3164e-28  6.66168e-38 -1.03485e-27 -1.83536e-37  1.26535e-27  4.59845e-37 -1.31242e-27 -1.05082e-36   1.1187e-27  2.19391e-36 -7.36248e-28 -4.18842e-36   3.1533e-28  7.31277e-36 -1.51739e-29  -1.1671e-35 -9.74705e-29  1.70089e-35   7.3847e-29 -2.25992e-35 -1.53408e-29  2.73155e-35 -1.34233e-29 -2.99495e-35  1.04185e-29  2.96806e-35 -5.96057e-31 -2.64679e-35 -2.34021e-30  2.11241e-35   7.7788e-31 -1.49928e-35  3.09781e-31  9.39902e-36 -1.91706e-31 -5.17637e-36 -3.86666e-32  2.50757e-36  3.82752e-32 -1.08986e-36    1.882e-33  4.47648e-37 -4.06311e-33 -1.83536e-37 -7.66163e-34  7.00129e-38  5.69602e-34 -1.52574e-38   6.4103e-35 -8.59356e-39 -3.49786e-35  1.34337e-38 -7.06067e-36 -9.64584e-39  5.75836e-38  4.74927e-39   1.0469e-36 -1.70665e-39 -1.01619e-37  4.43299e-40  6.82982e-39 -7.72176e-41 -8.05766e-39  6.64315e-42  9.75392e-40  5.10238e-43 -4.07353e-41 -2.33229e-43  1.39524e-41  2.89651e-44 -7.52146e-43 -1.28427e-45 -4.40974e-44  -4.2038e-47  2.11323e-45  4.40847e-48 -1.16665e-46 -2.06446e-50
 9.41597e-51  2.10099e-35  3.24973e-49  -3.5653e-36  4.79728e-48 -1.19978e-35  -9.7165e-47 -4.21519e-36   9.1399e-46  4.55811e-36  -4.9182e-45 -2.39574e-36  7.30888e-45 -1.70694e-36  1.69367e-44  3.00925e-36  3.65435e-44  1.25187e-35 -6.37353e-45 -1.38914e-34  8.93206e-44  1.07234e-33 -2.21567e-43 -7.20775e-33 -8.54211e-43  4.28735e-32  2.16119e-42 -2.26735e-31 -6.67408e-43  1.06994e-30 -2.55321e-42 -4.51736e-30  9.58766e-42   1.7096e-29 -3.62344e-41 -5.80545e-29  1.04215e-40  1.76935e-28 -2.34315e-40 -4.83707e-28  1.56795e-40  1.18448e-27  1.96033e-39  -2.5918e-27 -1.41702e-38  5.04948e-27  6.50554e-38 -8.71465e-27 -2.40401e-37  1.32281e-26  7.63743e-37 -1.74803e-26 -2.14425e-36  1.98079e-26  5.39537e-36 -1.87904e-26 -1.22631e-35  1.42945e-26  2.52923e-35 -7.91942e-27 -4.74572e-35  2.21069e-27  8.11092e-35  9.53162e-28 -1.26296e-34 -1.47315e-27  1.79059e-34  6.72071e-28 -2.30837e-34  5.82771e-29  2.70026e-34 -2.21613e-28 -2.85782e-34  7.92023e-29    2.726e-34  2.73064e-29 -2.33202e-34 -2.69272e-29  1.77801e-34  6.91828e-31 -1.19894e-34  5.21798e-30  7.08859e-35 -8.04161e-31 -3.64856e-35 -8.59926e-31   1.6406e-35  2.05738e-31 -6.70806e-36  1.02236e-31   2.7932e-36 -1.91466e-32 -1.33414e-36  -1.5117e-32  6.74969e-37  2.09218e-33 -2.82036e-37  1.25995e-33  6.09171e-38 -7.49651e-36  2.38174e-38  -8.5485e-35 -3.23182e-38 -1.39361e-35  1.82454e-38  4.98147e-36 -6.72691e-39  4.04176e-37  1.70202e-39   5.9551e-38 -2.77078e-40 -3.75658e-38  2.02536e-41   1.3482e-40  2.16948e-42 -1.15944e-40 -7.35765e-43  5.78268e-41  7.71149e-44  9.18334e-44 -2.59123e-45  -6.3703e-44 -1.19585e-46  9.79387e-49  7.42937e-48   -1.494e-46
-4.55432e-37  3.24973e-49  4.29271e-35   5.5129e-48 -1.17352e-35  5.05291e-47 -1.57277e-35 -8.65913e-46  1.06376e-36  7.62568e-45  7.44098e-36 -3.57379e-44 -1.12955e-35  4.66078e-44  8.49706e-36  1.05857e-43 -4.62087e-35   2.0616e-43   4.8536e-34 -7.61276e-44 -4.02522e-33  6.91869e-43   2.8899e-32    -1.38e-42 -1.82898e-31 -3.53081e-42   1.0268e-30  8.32038e-42 -5.13526e-30  4.04319e-42  2.29519e-29 -4.93611e-41  -9.1885e-29  2.13965e-40   3.2996e-28 -8.36106e-40 -1.06353e-27  2.82757e-39   3.0764e-27 -8.33435e-39 -7.97851e-27  2.01231e-38  1.85168e-26  -3.3881e-38 -3.83437e-26  2.73295e-39  7.05425e-26   2.7964e-37  -1.1461e-25 -1.48608e-36  1.63047e-25  5.42397e-36 -2.00625e-25 -1.62236e-35  2.09554e-25  4.19848e-35 -1.80071e-25 -9.62464e-35  1.19716e-25  1.97799e-34 -5.21204e-26 -3.66806e-34  3.11278e-27  6.15933e-34  1.58129e-26 -9.37998e-34 -1.23073e-26  1.29582e-33  2.70531e-27 -1.62252e-33  2.18716e-27  1.83797e-33 -1.77641e-27 -1.87819e-33  1.31232e-28  1.72438e-33  3.92252e-28 -1.41459e-33 -1.37638e-28  1.02926e-33 -5.23803e-29  -6.5777e-34  3.51985e-29  3.64666e-34  5.49125e-30 -1.73075e-34 -6.47623e-30  7.01098e-35 -4.11388e-31 -2.55583e-35  8.21264e-31  1.02723e-35  9.35935e-32 -5.57665e-36 -9.70311e-32   3.3646e-36 -1.15808e-32  -1.6816e-36  6.35255e-33  5.63001e-37  1.63672e-33 -5.64093e-38 -2.34681e-34 -6.44849e-38  -1.2744e-34  4.76026e-38   1.6403e-36 -1.82702e-38  3.19914e-36  4.48567e-39  6.85945e-37 -6.74253e-40 -6.21995e-38   3.9684e-41 -9.16005e-39  6.12742e-42 -1.15583e-39 -1.59348e-42  9.33078e-41  1.43418e-43  4.99848e-42 -4.00886e-45  1.71671e-43  -1.6928e-46  9.28016e-46  6.52374e-48
 2.88704e-49  -3.5653e-36   5.5129e-48  6.73586e-35  6.22435e-47 -2.30842e-35  3.94376e-46 -2.14821e-35 -5.79421e-45  9.81427e-36  4.87492e-44  9.53735e-36   -2.006e-43  -3.4391e-35  2.36233e-43   1.4864e-34  5.00851e-43  -1.3457e-33  9.45593e-43  1.18625e-32  -4.9706e-43 -9.10328e-32  3.78267e-42  6.13822e-31 -6.69319e-42 -3.66199e-30 -8.25118e-42  1.94248e-29    5.265e-42 -9.19548e-29  1.41927e-40  3.89541e-28 -7.92996e-40 -1.47944e-27  3.41319e-39  5.04267e-27 -1.32217e-38 -1.54295e-26  4.57546e-38  4.23582e-26 -1.41272e-37 -1.04185e-25  3.82418e-37  2.29048e-25 -8.79246e-37 -4.48489e-25  1.57886e-36  7.78191e-25 -1.52146e-36 -1.18807e-24 -3.21542e-36  1.57986e-24  2.39915e-35 -1.80264e-24  -8.7329e-35  1.72347e-24  2.44893e-34 -1.32342e-24 -5.80723e-34  7.42707e-25  1.20571e-33 -2.13837e-25 -2.22769e-33 -8.53456e-26  3.69336e-33   1.3875e-25 -5.51797e-33 -6.52854e-26  7.44212e-33 -4.46268e-27 -9.06146e-33  2.11895e-26  9.94725e-33 -7.97411e-27 -9.81865e-33 -2.48666e-27  8.67833e-33  2.65744e-27   -6.827e-33 -1.08572e-28  4.73879e-33 -5.20694e-28 -2.86634e-33  9.43357e-29  1.48372e-33   8.2197e-29   -6.408e-34 -2.10287e-29  2.24768e-34 -1.07833e-29 -6.62721e-35   2.4792e-30   2.3733e-35  1.42823e-30 -1.57662e-35 -2.16875e-31  1.16208e-35 -1.35559e-31 -6.52054e-36  2.56021e-33  2.49124e-36  1.01501e-32 -5.02446e-37  9.42408e-34 -6.94778e-38 -4.23408e-34  9.76037e-38 -7.69231e-35 -3.95521e-38  2.14677e-36  9.34479e-39  2.86517e-36 -1.27309e-39  1.71185e-37  5.39318e-41 -1.47583e-38  1.34552e-41 -4.37524e-39 -2.75821e-42 -8.62904e-41  2.19154e-43  4.89682e-42 -5.75647e-45  5.08228e-43 -1.40694e-46  6.03563e-45
-6.89926e-36  4.79728e-48 -1.17352e-35  6.22435e-47  9.17345e-35  5.22331e-46 -3.40482e-35   2.4368e-45 -3.07387e-35 -3.10139e-44  1.85943e-35  2.53845e-43  2.84657e-35 -9.23457e-43 -3.16145e-34  1.00807e-42  3.10701e-33  1.91182e-42  -2.9074e-32  3.74601e-42  2.38753e-31 -2.43972e-42 -1.71767e-30  1.72499e-41  1.09024e-29 -3.26273e-41 -6.13922e-29  3.51268e-41  3.08014e-28  -3.1728e-40 -1.38129e-27  2.11296e-39  5.54948e-27   -1.015e-38 -2.00031e-26  4.25423e-38  6.47302e-26 -1.61456e-37 -1.88029e-25   5.5379e-37  4.89818e-25 -1.71316e-36 -1.14217e-24  4.74412e-36  2.37708e-24 -1.16101e-35 -4.39677e-24  2.44619e-35   7.1847e-24 -4.16867e-35 -1.02852e-23  4.60539e-35  1.27424e-23  2.12772e-35 -1.34115e-23 -3.04267e-34  1.16272e-23  1.08396e-33 -7.81728e-24 -2.80634e-33  3.46669e-24  6.02952e-33 -2.54185e-25 -1.12367e-32 -1.02617e-24  1.85197e-32  8.24109e-25 -2.72517e-32 -1.92791e-25  3.59656e-32 -1.42034e-25 -4.26408e-32  1.21638e-25  4.53956e-32 -1.11977e-26 -4.33005e-32 -2.64175e-26  3.68542e-32    9.916e-27 -2.78092e-32  3.45558e-27  1.84192e-32 -2.54677e-27 -1.05426e-32 -3.19929e-28  5.08232e-33  4.57555e-28 -1.97215e-33  2.47822e-29  5.64621e-34 -6.20337e-29  -1.0208e-34 -4.74314e-30  2.13659e-35  6.95447e-30 -2.95019e-35   8.1217e-31  3.07373e-35 -5.07827e-31 -1.93417e-35 -1.16075e-31  7.90033e-36  2.17133e-32  -1.8907e-36  8.76914e-33  4.04604e-38 -1.77572e-35  1.67586e-37  -3.1178e-34 -7.23945e-38 -3.99716e-35  1.62043e-38  3.67613e-36 -1.93739e-39  9.84456e-37  4.02166e-41   5.4536e-38  2.48727e-41 -5.41603e-39 -4.10414e-42 -5.13273e-40  2.93081e-43 -1.45885e-41 -7.30125e-45  2.55926e-43 -6.80623e-47
-7.04101e-48 -1.19978e-35  5.05291e-47 -2.30842e-35  5.22331e-46  1.17556e-34  3.45188e-45 -4.40417e-35  1.23467e-44 -3.97201e-35 -1.37405e-43  -4.8554e-36  1.11361e-42  5.01716e-34 -3.60266e-42 -6.02871e-33  3.73677e-42   6.1077e-32  6.06262e-42  -5.3788e-31  1.34096e-41  4.13575e-30 -1.11024e-41 -2.79655e-29  7.78993e-41  1.67345e-28 -2.09909e-40 -8.90511e-28  7.96679e-40  4.22981e-27 -4.60598e-39 -1.79824e-26  2.39295e-38  6.85529e-26 -1.08079e-37 -2.34594e-25  4.39429e-37  7.20838e-25 -1.62491e-36 -1.98775e-24  5.46114e-36  4.91233e-24 -1.66553e-35 -1.08541e-23  4.59059e-35  2.13676e-23 -1.13553e-34 -3.72901e-23  2.48911e-34   5.7286e-23 -4.71704e-34 -7.66946e-23  7.29998e-34  8.81675e-23 -7.63319e-34 -8.50169e-23  -1.1824e-34  6.59572e-23  3.27469e-33 -3.75488e-23 -1.08128e-32  1.11898e-23  2.52228e-32   4.0622e-24 -4.83768e-32 -7.02861e-24  8.00424e-32  3.42442e-24 -1.16603e-31  1.62266e-25  1.51001e-31 -1.08867e-24 -1.74575e-31  4.33529e-25   1.8037e-31  1.20301e-25 -1.66311e-31 -1.41715e-25  1.36342e-31  8.60632e-27 -9.87174e-32  2.76982e-26  6.24313e-32 -5.74753e-27 -3.38416e-32 -4.29599e-27  1.51857e-32  1.22105e-27 -5.23527e-33   5.8337e-28  1.10691e-33 -1.56634e-28  3.54894e-35 -7.52409e-29 -9.64761e-35  1.32102e-29 -2.12068e-35  7.74473e-30  6.47599e-35 -3.32063e-31 -4.71135e-35 -5.92388e-31   2.0124e-35 -4.28506e-32 -5.12353e-36  2.49663e-32  3.96909e-37  4.65694e-33  2.50784e-37  -2.7447e-34 -1.15248e-37 -1.62268e-34  2.37619e-38 -1.08485e-35 -2.32936e-39   1.3305e-36 -3.58158e-41  2.36927e-37  4.09489e-41  6.81648e-39 -5.48964e-42 -4.69736e-40   3.4428e-43 -3.30998e-41 -6.97474e-45 -2.54778e-43
-4.50044e-36  -9.7165e-47 -1.57277e-35  3.94376e-46 -3.40482e-35  3.45188e-45  1.48821e-34   1.8622e-44  -5.9182e-35  5.22608e-44 -7.13141e-37 -5.13679e-43 -7.35133e-34  4.20373e-42   1.0119e-32 -1.21569e-41 -1.11929e-31  1.22962e-41  1.06105e-30  1.59265e-41 -8.73653e-30  4.62192e-41  6.30315e-29 -6.02558e-41 -4.01287e-28  4.25799e-40  2.26693e-27 -1.75385e-39 -1.14121e-26  9.00417e-39  5.13607e-26 -4.75583e-38 -2.07127e-25   2.2847e-37  7.49577e-25 -9.89602e-37  -2.4359e-24  3.89688e-36  7.10756e-24 -1.39981e-35 -1.86035e-23  4.58582e-35  4.35995e-23 -1.36857e-34 -9.12288e-23  3.71103e-34  1.69716e-22  -9.1023e-34 -2.79054e-22  2.00407e-33   4.0217e-22 -3.90769e-33 -5.01943e-22  6.57421e-33   5.3269e-22 -8.98257e-33 -4.66305e-22  8.10402e-33  3.17404e-22  2.10391e-33 -1.43667e-22 -3.07541e-32  1.27697e-23  8.79559e-32  4.12205e-23 -1.80069e-31 -3.43229e-23  3.03548e-31  8.58592e-24 -4.40779e-31  5.68616e-24  5.61961e-31 -5.18072e-24 -6.34515e-31  5.82485e-25  6.36621e-31  1.10328e-24 -5.67525e-31 -4.47026e-25  4.48163e-31 -1.38875e-25 -3.11464e-31  1.14022e-25  1.88254e-31  1.11848e-26 -9.68119e-32 -2.03741e-26    4.051e-32 -7.02633e-28 -1.23103e-32  2.84499e-27  1.56268e-33  1.39442e-28  8.75023e-34 -3.18685e-28 -6.13794e-34 -3.24547e-29  9.28965e-35  2.49644e-29  1.08801e-34  4.95859e-30 -9.80418e-35 -1.14059e-30  4.34422e-35 -4.01714e-31 -1.12558e-35  5.92923e-33  1.12479e-36  1.59035e-32  3.36712e-37   1.7002e-33 -1.60754e-37 -1.97948e-34  2.89386e-38 -5.01669e-35 -1.89473e-39 -2.10693e-36 -2.16542e-40  2.73569e-37  6.22646e-41  2.80605e-38 -6.71168e-42  5.77889e-40  3.39669e-43 -1.56604e-41 -4.01409e-45
   7.245e-47 -4.21519e-36 -8.65913e-46 -2.14821e-35   2.4368e-45 -4.40417e-35   1.8622e-44  1.93446e-34  8.40117e-44 -1.39727e-34  1.85716e-43  1.00372e-33 -1.63355e-42 -1.50518e-32  1.38446e-41  1.81338e-31 -3.59707e-41 -1.85613e-30   3.6721e-41  1.64041e-29  3.13291e-41 -1.26495e-28  1.72792e-40  8.57951e-28 -4.31755e-40 -5.15046e-27  2.96434e-39  2.75009e-26 -1.53812e-38 -1.31095e-25  8.27125e-38  5.59441e-25  -4.1604e-37 -2.14127e-24  1.90781e-36  7.35873e-24 -7.96426e-36 -2.27129e-23  3.03504e-35  6.29307e-23 -1.05738e-34 -1.56309e-22  3.36764e-34  3.47242e-22 -9.79678e-34  -6.8753e-22  2.59834e-33  1.20729e-21 -6.26269e-33 -1.86709e-21  1.36449e-32  2.51796e-21 -2.66379e-32 -2.91814e-21   4.5883e-32  2.84001e-21 -6.76504e-32 -2.22817e-21  7.93449e-32  1.28861e-21  -5.5723e-32 -3.98761e-22 -4.00118e-32    -1.29e-22  2.45803e-31  2.41058e-22 -5.80464e-31 -1.22096e-22  1.02092e-30 -2.92657e-24 -1.49163e-30  3.78338e-23  1.87977e-30 -1.60297e-23 -2.07621e-30   -3.865e-24  2.02372e-30  5.13021e-24   -1.744e-30 -4.30934e-25  1.32633e-30 -9.93652e-25 -8.84905e-31   2.3522e-25   5.1171e-31  1.52285e-25   -2.503e-31  -4.8957e-26  9.80871e-32  -2.0926e-26 -2.62264e-32  6.52948e-27  9.42667e-34  2.71369e-27  3.63216e-33 -5.67252e-28 -2.15131e-33 -2.94618e-28  5.03827e-34  2.02975e-29  1.37441e-34  2.33046e-29 -1.78805e-34  1.28052e-30  8.20183e-35 -1.04586e-30 -2.10948e-35 -1.78219e-31  2.26211e-36  1.49966e-32  4.10629e-37  6.63019e-33 -1.92538e-37  3.90316e-34  2.65899e-38  -6.3733e-35  6.91273e-41  -9.7008e-36 -5.39909e-40 -2.52589e-37   8.8062e-41  2.44935e-38 -7.36764e-42  1.37583e-39  2.58131e-43  9.49762e-42
 1.92283e-36   9.1399e-46  1.06376e-36 -5.79421e-45 -3.07387e-35  1.23467e-44  -5.9182e-35  8.40117e-44  3.14884e-34  3.22308e-43 -1.38464e-33  5.46336e-43  1.99586e-32 -4.39527e-42 -2.62104e-31    4.013e-41  2.90513e-30 -9.43212e-41 -2.76285e-29  1.03479e-40  2.28159e-28  8.49399e-42 -1.65113e-27  8.14884e-40  1.05457e-26 -3.49743e-39 -5.97772e-26  2.28313e-38   3.0201e-25 -1.26383e-37 -1.36439e-24  6.66237e-37  5.52442e-24 -3.21826e-36 -2.00775e-23  1.41937e-35  6.55402e-23 -5.71924e-35 -1.92149e-22   2.1086e-34  5.05488e-22 -7.11943e-34 -1.19108e-21  2.20137e-33  2.50661e-21 -6.22952e-33 -4.69196e-21  1.61095e-32  7.76612e-21 -3.79728e-32 -1.12735e-20  8.12559e-32  1.41826e-20 -1.56828e-31 -1.51866e-20  2.70127e-31  1.34343e-20 -4.07475e-31 -9.26864e-21  5.17941e-31  4.29045e-21 -5.00873e-31 -4.56314e-22  2.16083e-31 -1.18461e-21  4.69004e-31  1.02816e-21 -1.60034e-30 -2.76097e-22  3.06223e-30 -1.62016e-22 -4.56185e-30  1.58716e-22  5.71036e-30 -2.14744e-23 -6.17972e-30 -3.29857e-23  5.85258e-30  1.45436e-23 -4.87316e-30  3.92765e-24  3.56698e-30 -3.66752e-24 -2.28436e-30  -2.5558e-25  1.26517e-30  6.54887e-25 -5.90559e-31  6.31532e-27  2.18223e-31  -9.3066e-26 -5.17269e-32 -2.11004e-27 -2.82302e-33  1.06081e-26  1.05454e-32  8.52153e-28 -5.81972e-33 -8.74685e-28  1.55644e-33 -1.49982e-28  9.37773e-35  4.28485e-29 -2.91106e-34  1.32947e-29  1.38333e-34 -4.58255e-31 -3.47112e-35  -5.6994e-31   3.7094e-36 -5.23562e-32  4.38496e-37   8.0507e-33 -1.81178e-37  1.78161e-33  9.80474e-39  5.97091e-35  4.20934e-39  -1.0977e-35 -1.00939e-39 -1.02838e-36  1.13185e-40 -1.65605e-38  -6.9066e-42  6.52135e-40  1.26974e-43
-4.52114e-46  4.55811e-36  7.62568e-45  9.81427e-36 -3.10139e-44 -3.97201e-35  5.22608e-44 -1.39727e-34  3.22308e-43  1.67696e-33  1.06392e-42 -2.38079e-32  1.25327e-42  3.39863e-31 -9.69404e-42 -4.09364e-30   1.0289e-40  4.20142e-29 -2.22563e-40 -3.72399e-28  3.01904e-40  2.88044e-27 -4.48931e-40 -1.95996e-26  4.92988e-39  1.18062e-25 -2.76741e-38 -6.32667e-25  1.71812e-37  3.02737e-24 -9.45665e-37 -1.29713e-23  4.81401e-36  4.98596e-23 -2.23852e-35 -1.72122e-22  9.51762e-35  5.33802e-22 -3.70456e-34 -1.48653e-21  1.32151e-33  3.71224e-21 -4.32323e-33  -8.2943e-21  1.29703e-32  1.65238e-20  -3.5665e-32  -2.9208e-20  8.97695e-32   4.5495e-20  -2.0638e-31 -6.18367e-20  4.31914e-31   7.2292e-20 -8.18604e-31 -7.10639e-20  1.39376e-30   5.6438e-20 -2.10334e-30 -3.32056e-20  2.74471e-30  1.07008e-20 -2.93286e-30  3.00882e-21  2.16253e-30 -6.18941e-21 -3.56102e-33  3.27228e-21 -3.61739e-30 -5.78779e-24  8.19937e-30 -9.83169e-22 -1.26987e-29  4.45727e-22  1.58838e-29  9.03737e-23 -1.68685e-29 -1.39292e-22  1.55183e-29  1.53807e-23 -1.24716e-29  2.66069e-23  8.77598e-30 -7.19924e-24 -5.39182e-30 -4.02251e-24   2.8629e-30   1.4807e-24 -1.28026e-30   5.5397e-25  4.50219e-31 -2.02595e-25 -9.64557e-32  -7.3064e-26 -1.28714e-32  1.84435e-26  2.50282e-32  8.30257e-27 -1.32977e-32 -8.18912e-28  3.76793e-33 -6.87645e-28 -1.13792e-34 -2.42988e-29 -4.29339e-34  3.30901e-29  2.11813e-34  4.98656e-30 -5.11811e-35 -5.73143e-31  5.30146e-36 -2.04621e-31   3.2763e-37 -9.81865e-33 -8.09935e-38  2.24119e-33 -2.86905e-38  3.02029e-34  1.07353e-38  6.01265e-36 -1.55108e-39 -8.91595e-37  1.26745e-40 -4.38538e-38 -5.09155e-42  -2.6353e-40
  1.0889e-36  -4.9182e-45  7.44098e-36  4.87492e-44  1.85943e-35 -1.37405e-43 -7.13141e-37  1.85716e-43 -1.38464e-33  1.06392e-42  2.54099e-32  3.04693e-42 -3.96889e-31  1.71049e-42  5.21559e-30 -1.56457e-41 -5.79588e-29  2.34545e-40  5.52798e-28 -4.96554e-40 -4.57907e-27  1.08255e-39  3.32448e-26 -4.31263e-39  -2.1306e-25  3.32895e-38  1.21207e-24 -2.02694e-37 -6.14709e-24  1.20206e-36  2.78828e-23 -6.42893e-36  -1.1338e-22  3.15237e-35  4.13925e-22 -1.41289e-34 -1.35768e-21  5.79849e-34  4.00067e-21 -2.18178e-33 -1.05815e-20  7.53359e-33  2.50767e-20 -2.38836e-32 -5.30986e-20  6.95165e-32  1.00048e-19 -1.85659e-31 -1.66781e-19  4.54428e-31  2.43984e-19  -1.0174e-30 -3.09575e-19  2.07732e-30  3.34703e-19  -3.8512e-30 -2.99465e-19  6.44002e-30  2.09657e-19 -9.61228e-30 -9.94423e-20   1.2578e-29  1.24965e-20 -1.39287e-29  2.62083e-20  1.19477e-29 -2.38538e-20 -5.35344e-30  6.89857e-21 -5.78308e-30  3.52924e-21  1.95054e-29 -3.76564e-21 -3.23599e-29  6.05779e-22  4.07396e-29   7.5917e-22  -4.2516e-29 -3.67267e-22  3.79625e-29 -8.36364e-23 -2.93964e-29  9.13329e-23  1.98492e-29  3.58125e-24 -1.16862e-29 -1.63028e-23  5.95396e-30  3.08952e-25 -2.56237e-30  2.34826e-24  8.67237e-31 -1.32169e-26 -1.73157e-31  -2.7401e-25 -3.26197e-32 -1.50651e-26  5.14785e-32   2.3642e-26 -2.67781e-32  3.42328e-27  7.79967e-33 -1.24626e-27 -6.02033e-34 -3.38108e-28 -5.81071e-34  2.00328e-29  2.98611e-34  1.57346e-29 -6.89639e-35  1.20859e-30  7.07675e-36 -2.53186e-31 -1.31255e-37 -4.87267e-32  1.67565e-37 -1.17361e-33 -9.34618e-38  3.43958e-34  1.89286e-38  2.86818e-35 -1.99428e-39  3.47106e-37  1.17303e-40 -2.13991e-38 -2.50589e-42
 7.89272e-46 -2.39574e-36 -3.57379e-44  9.53735e-36  2.53845e-43  -4.8554e-36 -5.13679e-43  1.00372e-33  5.46336e-43 -2.38079e-32  3.04693e-42  4.18048e-31  7.62177e-42 -6.02525e-30 -2.29389e-42  7.27733e-29 -8.66374e-42 -7.49055e-28  4.87746e-40  6.65973e-27  -1.2389e-39 -5.16787e-26  5.28143e-39  3.52846e-25 -3.19428e-38 -2.13314e-24  2.22401e-37  1.14747e-23 -1.35672e-36 -5.51298e-23  7.71231e-36  2.37224e-22 -3.98243e-35 -9.15985e-22  1.88191e-34  3.17729e-21 -8.14002e-34 -9.90391e-21  3.22826e-33  2.77295e-20 -1.17529e-32 -6.96466e-20  3.93092e-32  1.56569e-19 -1.20829e-31 -3.13968e-19  3.41287e-31  5.58913e-19 -8.85282e-31 -8.77269e-19  2.10643e-30  1.20244e-18 -4.58895e-30 -1.41898e-18   9.1285e-30  1.40999e-18 -1.65156e-29 -1.13465e-18  2.70207e-29  6.80133e-19 -3.96287e-29 -2.28829e-19  5.13637e-29 -5.41556e-20 -5.73344e-29  1.25894e-19  5.20821e-29 -6.97658e-20 -3.21769e-29  2.07428e-21 -1.07246e-30  2.02075e-20  4.06432e-29 -9.86153e-21 -7.58677e-29 -1.60352e-21  9.69709e-29  3.00004e-21 -9.95419e-29 -4.20476e-22  8.61322e-29 -5.62394e-22 -6.40962e-29  1.74638e-22  4.14134e-29  8.34312e-23 -2.33212e-29 -3.56053e-23  1.14084e-29 -1.14384e-23 -4.74962e-30  4.97674e-24  1.56692e-30  1.54146e-24 -3.02421e-31 -4.75716e-25 -6.43997e-32 -1.83645e-25  9.48564e-32    2.469e-26 -4.88168e-32  1.60671e-26  1.43906e-32  2.03091e-28 -1.49259e-33  -8.3111e-28 -7.30863e-34 -1.08034e-28   3.9341e-34  1.68954e-29 -8.72033e-35  5.00411e-30  9.72493e-36  1.76991e-31  -1.3054e-36 -6.23622e-32  6.22287e-37  -7.4254e-33 -1.81725e-37  -9.2198e-35  2.68508e-38   2.5429e-35 -2.12711e-39  1.11424e-36  8.34169e-41  5.38182e-39
-2.14942e-36  7.30888e-45 -1.12955e-35   -2.006e-43  2.84657e-35  1.11361e-42 -7.35133e-34 -1.63355e-42  1.99586e-32  1.25327e-42 -3.96889e-31  7.62177e-42  6.32127e-30  1.67948e-41 -8.33522e-29 -2.74212e-41  9.28962e-28  5.17806e-41 -8.88744e-27  1.05322e-39  7.38575e-26 -4.56204e-39 -5.38056e-25  3.09459e-38   3.4608e-24 -2.10892e-37 -1.97635e-23   1.3928e-36  1.00638e-22 -8.28255e-36 -4.58447e-22    4.525e-35  1.87265e-21 -2.25407e-34 -6.86948e-21  1.02798e-33  2.26468e-20 -4.29734e-33 -6.70944e-20  1.64917e-32  1.78482e-19 -5.81609e-32 -4.25574e-19  1.88612e-31  9.07047e-19 -5.62566e-31 -1.72111e-18  1.54294e-30  2.89097e-18 -3.88868e-30 -4.26437e-18  8.99536e-30  5.46055e-18 -1.90638e-29 -5.96527e-18  3.69191e-29  5.40296e-18 -6.50951e-29 -3.84298e-18  1.03953e-28  1.87113e-18 -1.49204e-28  -2.7456e-19  1.90183e-28 -4.66396e-19 -2.10899e-28  4.48248e-19   1.9525e-28  -1.3999e-19 -1.35332e-28 -6.12434e-20  3.85942e-29  7.23421e-20   7.1608e-29 -1.36996e-20 -1.64474e-28 -1.40428e-20  2.15569e-28  7.52314e-21 -2.17706e-28  1.38472e-21  1.82088e-28 -1.84122e-21 -1.29731e-28 -1.13151e-23  7.98829e-29  3.28113e-22 -4.29013e-29 -1.68169e-23   2.0158e-29 -4.78133e-23 -8.16692e-30  1.78098e-24  2.66147e-30  5.72354e-24 -5.13083e-31  1.50988e-25 -1.09051e-31 -5.16303e-25  1.60622e-31 -6.05534e-26 -8.22465e-32  2.93018e-26  2.42918e-32   6.8754e-27  -2.8906e-33 -6.21613e-28 -8.66629e-34 -3.50567e-28    4.937e-34 -2.12298e-29 -1.07867e-34  6.41145e-30  1.50227e-35  1.07247e-30 -3.67903e-36  1.38262e-32  1.30494e-36 -8.69667e-33 -2.79003e-37 -6.43043e-34  3.17229e-38 -4.82021e-36 -1.83139e-39  5.70076e-37   3.9134e-41
 1.75743e-45 -1.70694e-36  4.66078e-44  -3.4391e-35 -9.23457e-43  5.01716e-34  4.20373e-42 -1.50518e-32 -4.39527e-42  3.39863e-31  1.71049e-42 -6.02525e-30  1.67948e-41   8.7198e-29   3.3126e-41 -1.05631e-27 -1.21529e-40   1.0906e-26  1.93924e-40 -9.72788e-26  3.27546e-39  7.57463e-25 -2.40716e-38 -5.19051e-24  1.84613e-37  3.14997e-23 -1.26524e-36 -1.70133e-22  8.01336e-36  8.20906e-22 -4.60855e-35 -3.54842e-21  2.42591e-34  1.37673e-20 -1.16723e-33 -4.79985e-20  5.14745e-33  1.50426e-19 -2.08353e-32 -4.23595e-19  7.75058e-32  1.07044e-18 -2.65192e-31 -2.42216e-18  8.34983e-31  4.89127e-18 -2.41944e-30 -8.77313e-18   6.4495e-30  1.38835e-17 -1.58045e-29 -1.92013e-17  3.55584e-29   2.2888e-17 -7.33194e-29  -2.3008e-17    1.382e-28  1.87799e-17 -2.37295e-28 -1.14851e-17  3.69348e-28  4.04306e-18 -5.17494e-28  7.70312e-19  6.45786e-28 -2.10291e-18 -7.05362e-28  1.22686e-18   6.5261e-28 -7.34245e-20 -4.73463e-28 -3.40345e-19  1.99768e-28  1.79949e-19   9.6291e-29  2.17422e-20 -3.31682e-28 -5.31123e-20  4.50562e-28  9.22002e-21 -4.47227e-28  9.71463e-21  3.60193e-28 -3.48158e-21 -2.44409e-28 -1.40239e-21  1.42598e-28  7.04625e-22 -7.27073e-29  1.89904e-22  3.28092e-29 -1.00442e-22 -1.30227e-29 -2.62231e-23  4.24566e-30  1.00631e-23 -8.33065e-31  3.29752e-24 -1.69771e-31 -5.91125e-25  2.56024e-31 -3.07326e-25 -1.30367e-31  4.26032e-27  3.82483e-32  1.71477e-26 -4.87296e-33  1.85936e-27 -9.87651e-34 -4.02474e-28   6.0621e-34 -1.00196e-28 -1.38007e-34 -2.07161e-30  2.58827e-35  1.42299e-30  -7.6642e-36  1.48844e-31  2.15543e-36  5.06625e-34 -3.59093e-37 -5.94998e-34   3.1197e-38 -2.32099e-35 -1.20281e-39 -7.84486e-38
 2.05211e-36  1.69367e-44  8.49706e-36  2.36233e-43 -3.16145e-34 -3.60266e-42   1.0119e-32  1.38446e-41 -2.62104e-31 -9.69404e-42  5.21559e-30 -2.29389e-42 -8.33522e-29   3.3126e-41  1.10241e-27  5.98976e-41 -1.23242e-26 -3.67527e-40  1.18289e-25 -1.34142e-40 -9.86402e-25  1.60379e-38  7.21211e-24 -1.37272e-37 -4.65669e-23  1.03164e-36  2.67009e-22 -6.87838e-36 -1.36549e-21  4.19374e-35  6.24862e-21 -2.33099e-34 -2.56471e-20  1.18583e-33  9.45621e-20 -5.52495e-33 -3.13434e-19  2.36234e-32  9.33936e-19 -9.28179e-32 -2.49963e-18  3.35459e-31  5.99909e-18 -1.11593e-30 -1.28756e-17  3.41777e-30   2.4615e-17 -9.63638e-30 -4.16826e-17  2.50006e-29   6.2031e-17 -5.96323e-29 -8.02134e-17  1.30598e-28  8.86066e-17 -2.62128e-28 -8.13162e-17   4.8097e-28  5.88304e-17 -8.04011e-28 -2.94562e-17  1.21874e-27  4.99209e-18 -1.66418e-27  6.86953e-18  2.02721e-27 -7.02908e-18 -2.16907e-27  2.37603e-18  1.98274e-27  8.67386e-19 -1.45742e-27 -1.15906e-18  7.08851e-28  2.56281e-19   5.5515e-29  2.14618e-19 -6.27297e-28 -1.28717e-19  8.91914e-28 -1.79141e-20 -8.67713e-28  3.09379e-20  6.69348e-28 -9.26241e-22  -4.2949e-28 -5.49256e-21  2.35458e-28  4.82362e-22 -1.13168e-28  8.08502e-22  4.89806e-29 -5.92402e-23  -1.9187e-29 -9.93845e-23  6.32211e-30  5.81052e-25 -1.25826e-30  9.38141e-24 -2.64587e-31  8.27086e-25  3.93588e-31 -5.72974e-25 -1.97496e-31 -1.14508e-25  5.70409e-32  1.49994e-26 -7.48843e-33   6.4858e-27 -1.11438e-33  2.75343e-28  7.53924e-34 -1.34626e-28 -1.90693e-34 -1.94994e-29  4.55826e-35  1.35752e-32 -1.32653e-35  1.82754e-31  3.00213e-36  1.19074e-32 -3.92238e-37  2.16236e-35  2.49613e-38 -1.26197e-35 -5.22446e-40
 4.56778e-45  3.00925e-36  1.05857e-43   1.4864e-34  1.00807e-42 -6.02871e-33 -1.21569e-41  1.81338e-31    4.013e-41 -4.09364e-30 -1.56457e-41  7.27733e-29 -2.74212e-41 -1.05631e-27  5.98976e-41  1.28356e-26  9.64239e-41 -1.32954e-25 -6.41173e-40  1.18999e-24  -5.6998e-39 -9.29956e-24  8.79624e-38  6.39701e-23 -7.25536e-37 -3.89795e-22  5.20159e-36  2.11438e-21 -3.35194e-35 -1.02485e-20  1.97519e-34  4.45135e-20 -1.06426e-33 -1.73588e-19    5.255e-33  6.08476e-19 -2.38045e-32 -1.91792e-18  9.90729e-32  5.43383e-18 -3.79238e-31 -1.38211e-17  1.33611e-30  3.14918e-17 -4.33419e-30 -6.40697e-17  1.29462e-29  1.15845e-16 -3.55982e-29 -1.84933e-16  9.00569e-29  2.58236e-16 -2.09408e-28 -3.11145e-16  4.46957e-28  3.16685e-16  -8.7401e-28 -2.62456e-16  1.56189e-27  1.63991e-16 -2.54217e-27 -6.05137e-17  3.75142e-27 -8.66965e-18 -4.98733e-27  2.95665e-17  5.91872e-27 -1.82448e-17 -6.18106e-27  1.67989e-18  5.54143e-27  4.81081e-18 -4.05243e-27 -2.77579e-18   2.0869e-27 -2.15132e-19 -1.99177e-28  7.91844e-19  -1.1261e-27 -1.67343e-19  1.68566e-27  -1.4027e-19 -1.59905e-27  5.84674e-20  1.17301e-27  1.94581e-20 -7.04922e-28 -1.17548e-20  3.58681e-28 -2.57105e-21 -1.60556e-28  1.70698e-21  6.63753e-29  3.64909e-22 -2.58445e-29 -1.78829e-22  8.65009e-30 -4.90123e-23 -1.68403e-30  1.16527e-23 -4.50462e-31  4.91744e-24  5.96567e-31 -2.23323e-25 -2.89633e-31  -2.9751e-25   8.1533e-32 -2.54867e-26 -1.07584e-32  7.97832e-27 -1.30027e-33  1.67794e-27  9.80098e-34  5.31144e-30 -2.82705e-34 -2.72797e-29  7.59941e-35 -2.48293e-30 -1.97386e-35  1.96398e-32   3.5886e-36  1.17118e-32 -3.60525e-37  4.03615e-34  1.53996e-38  6.46493e-37
-9.37626e-37  3.65435e-44 -4.62087e-35  5.00851e-43  3.10701e-33  3.73677e-42 -1.11929e-31 -3.59707e-41  2.90513e-30   1.0289e-40 -5.79588e-29 -8.66374e-42  9.28962e-28 -1.21529e-40 -1.23242e-26  9.64239e-41  1.38225e-25  7.18877e-41 -1.33126e-24  1.06051e-39  1.11417e-23 -4.21209e-38  -8.1776e-23   4.3368e-37  5.30158e-22 -3.33888e-36 -3.05295e-21  2.28955e-35   1.5684e-20 -1.43093e-34 -7.21179e-20  8.20689e-34  2.97517e-19 -4.31665e-33  -1.1029e-18  2.08405e-32  3.67668e-18 -9.24235e-32 -1.10223e-17   3.7685e-31  2.96928e-17 -1.41363e-30 -7.17576e-17   4.8803e-30  1.55157e-16 -1.55078e-29 -2.98999e-16  4.53518e-29  5.10712e-16 -1.22015e-28 -7.67241e-16    3.018e-28  1.00257e-15 -6.85618e-28 -1.12072e-15  1.42858e-27  1.04309e-15 -2.72503e-27 -7.68522e-16   4.7468e-27  3.96363e-16 -7.52576e-27 -7.68154e-17  1.08112e-26 -8.53754e-17 -1.39858e-26  9.39412e-17  1.61486e-26 -3.44412e-17  -1.6418e-26 -1.01465e-17  1.43637e-26   1.5812e-17 -1.03311e-26 -4.05579e-18  5.40641e-27 -2.75899e-18 -9.65871e-28  1.87774e-18 -1.95259e-27  1.74611e-19  3.06728e-27 -4.42152e-19 -2.81475e-27  3.07728e-20  1.94585e-27  7.79771e-20 -1.08107e-27 -1.01116e-20  5.00836e-28 -1.15737e-20 -2.04125e-28   1.3319e-21   7.9613e-29  1.46193e-21 -3.09589e-29 -6.23862e-23  1.04708e-29 -1.44659e-22 -1.78818e-30 -8.20384e-24 -8.56931e-31  9.50694e-24  9.04261e-31   1.5806e-24 -4.14654e-31  -2.9531e-25  1.12627e-31 -1.01507e-25 -1.46618e-32 -2.20521e-27 -1.64226e-33  2.39341e-27  1.34369e-33  2.97557e-28 -4.27654e-34 -5.30037e-30  1.15291e-34 -3.25897e-30 -2.55197e-35 -1.84825e-31  3.67608e-36   1.0164e-33 -2.71632e-37  2.36736e-34  6.36585e-39
 1.42907e-46  1.25187e-35   2.0616e-43  -1.3457e-33  1.91182e-42   6.1077e-32  1.22962e-41 -1.85613e-30 -9.43212e-41  4.20142e-29  2.34545e-40 -7.49055e-28  5.17806e-41   1.0906e-26 -3.67527e-40 -1.32954e-25  7.18877e-41   1.3819e-24  -5.8035e-40 -1.24136e-23  1.54124e-38  9.73836e-23 -2.04026e-37 -6.72614e-22  1.71995e-36  4.11616e-21 -1.23945e-35 -2.24293e-20  8.22443e-35  1.09241e-19  -5.0556e-34 -4.76903e-19  2.86923e-33  1.86984e-18 -1.49757e-32 -6.59202e-18  7.18048e-32   2.0905e-17 -3.16185e-31 -5.96129e-17  1.27883e-30  1.52678e-16 -4.75149e-30  -3.5046e-16  1.62193e-29  7.18685e-16 -5.08644e-29 -1.31063e-15  1.46526e-28  2.11184e-15 -3.87612e-28  -2.9793e-15  9.41053e-28  3.63117e-15 -2.09502e-27 -3.74522e-15  4.27141e-27  3.15486e-15 -7.96168e-27 -2.01685e-15  1.35348e-26  7.81306e-16 -2.09176e-26  7.44647e-17  2.92607e-26 -3.56115e-16 -3.68245e-26  2.33624e-16  4.13328e-26 -2.95345e-17 -4.08344e-26 -5.80216e-17  3.47358e-26  3.68435e-17 -2.43784e-26  1.20191e-18  1.26548e-26 -1.01128e-17 -2.73822e-27   2.5712e-18 -3.34559e-27  1.71783e-18  5.41742e-27 -8.41877e-19 -4.75825e-27 -2.24501e-19  3.06611e-27  1.68179e-19 -1.54732e-27  2.83195e-20  6.31831e-28 -2.48553e-20 -2.22953e-28 -4.15201e-21  7.87373e-29  2.71696e-21 -3.04153e-29  6.08268e-22   1.0066e-29 -1.93754e-22 -8.72636e-31 -6.67249e-23 -1.71831e-30  5.61561e-24  1.37328e-30   4.4111e-24 -5.81391e-31  2.69392e-25  1.51073e-31 -1.34314e-25 -1.90999e-32 -2.38122e-26 -2.27956e-33  4.39423e-28  1.90046e-33  4.47028e-28  -6.2533e-34  3.48305e-29  1.56439e-34  -7.9674e-31 -2.86641e-35 -1.97253e-31  3.18251e-36 -5.92925e-33 -1.58726e-37  4.01849e-36
-2.94631e-36 -6.37353e-45   4.8536e-34  9.45593e-43  -2.9074e-32  6.06262e-42  1.06105e-30   3.6721e-41 -2.76285e-29 -2.22563e-40  5.52798e-28  4.87746e-40 -8.88744e-27  1.93924e-40  1.18289e-25 -6.41173e-40 -1.33126e-24  -5.8035e-40  1.28683e-23 -4.44704e-39 -1.08113e-22  7.07402e-38  7.96744e-22  -6.0483e-37  -5.1876e-21  4.14296e-36  3.00095e-20 -2.78339e-35 -1.54913e-19  1.87056e-34   7.1596e-19 -1.20729e-33 -2.96965e-18  7.23997e-33  1.10718e-17 -3.97169e-32 -3.71349e-17  1.98349e-31   1.1205e-16 -9.01032e-31 -3.03934e-16  3.72549e-30  7.39936e-16 -1.40352e-29 -1.61258e-15  4.82322e-29  3.13407e-15 -1.51347e-28 -5.40271e-15  4.33978e-28  8.19857e-15 -1.13772e-27 -1.08336e-14  2.72725e-27   1.2265e-14 -5.97607e-27 -1.15883e-14  1.19608e-26  8.70533e-15 -2.18358e-26 -4.63199e-15  3.62853e-26  1.01731e-15 -5.47201e-26  9.06902e-16  7.45745e-26 -1.08671e-15 -9.13029e-26   4.3297e-16  9.95646e-26  9.79412e-17 -9.54519e-26 -1.86449e-16  7.87276e-26  5.52132e-17  -5.3594e-26  3.01545e-17  2.71461e-26 -2.37088e-17 -6.16863e-27 -1.07315e-18 -5.79993e-27  5.45254e-18  9.34937e-27 -6.19664e-19 -7.76092e-27 -9.51519e-19  4.60271e-27  1.69776e-19 -2.05797e-27  1.42049e-19  6.95387e-28 -2.34067e-20 -1.82358e-28 -1.84502e-20  4.70159e-29  1.58204e-21 -1.66618e-29  1.91864e-21  4.15264e-30  4.21302e-23  2.29367e-30 -1.35794e-22 -3.38384e-30 -1.80678e-23  2.07056e-30  4.88511e-24 -7.97428e-31  1.35979e-24  1.97176e-31 -3.82687e-27 -2.38572e-32 -3.65738e-26 -3.36542e-33 -3.83883e-27  2.66887e-33  1.55737e-28 -8.51741e-34  5.00362e-29  1.88103e-34  2.41858e-30 -2.77527e-35 -3.74827e-32  2.26303e-36 -3.82173e-33  -6.2452e-38
 5.56612e-45 -1.38914e-34 -7.61276e-44  1.18625e-32  3.74601e-42  -5.3788e-31  1.59265e-41  1.64041e-29  1.03479e-40 -3.72399e-28 -4.96554e-40  6.65973e-27  1.05322e-39 -9.72788e-26 -1.34142e-40  1.18999e-24  1.06051e-39 -1.24136e-23 -4.44704e-39   1.1194e-22 -1.51051e-38 -8.81742e-22   6.6867e-38  6.11633e-21  6.93697e-37 -3.76006e-20 -1.02254e-35  2.05878e-19  7.12636e-35 -1.00785e-18 -3.27713e-34  4.42374e-18  8.42686e-34 -1.74443e-17  1.77075e-33  6.18742e-17 -3.92023e-32 -1.97491e-16  3.05996e-31  5.67055e-16 -1.75419e-30 -1.46301e-15   8.3215e-30   3.3847e-15 -3.41221e-29 -6.99974e-15  1.23537e-28  1.28819e-14 -3.99662e-28 -2.09636e-14  1.16394e-27  2.98993e-14 -3.06587e-27 -3.68902e-14  7.32543e-27  3.85916e-14 -1.59032e-26 -3.30777e-14  3.13878e-26  2.16647e-14 -5.62973e-26 -8.82157e-15  9.16357e-26   -4.145e-16 -1.35022e-25  3.72194e-15  1.79402e-25 -2.61092e-15 -2.13719e-25  4.25424e-16  2.26341e-25  6.03869e-16 -2.10338e-25  -4.2638e-16  1.67825e-25  5.95286e-18 -1.10279e-25  1.11991e-16  5.38058e-26 -3.40057e-17 -1.18283e-26 -1.79897e-17  -1.0331e-26  1.05312e-17  1.58309e-26  2.14118e-18 -1.22545e-26 -2.08985e-18  6.59321e-27 -2.46145e-19 -2.51455e-27     3.14e-19  6.00025e-28  3.76854e-20 -2.85886e-29 -3.57502e-20 -4.27099e-29 -6.28259e-21  2.32644e-29  2.76428e-21 -1.27622e-29  7.73149e-22  9.54092e-30 -1.03539e-22 -6.28067e-30 -5.65002e-23  3.05655e-30 -1.90409e-24 -1.06634e-30   1.9486e-24  2.50564e-31  2.88093e-25 -2.85879e-32  -1.3407e-26 -5.00228e-33 -6.33893e-27  3.59089e-33 -4.11059e-28 -1.05718e-33  1.81623e-29  1.98709e-34  2.87689e-30 -2.27883e-35  7.38306e-32  1.24912e-36 -2.79614e-34
 2.73266e-35  8.93206e-44 -4.02522e-33  -4.9706e-43  2.38753e-31  1.34096e-41 -8.73653e-30  3.13291e-41  2.28159e-28  3.01904e-40 -4.57907e-27  -1.2389e-39  7.38575e-26  3.27546e-39 -9.86402e-25  -5.6998e-39  1.11417e-23  1.54124e-38 -1.08113e-22 -1.51051e-38  9.12006e-22  3.31771e-38 -6.75009e-21 -2.09018e-36  4.41504e-20  2.75154e-35 -2.56638e-19 -2.27018e-34  1.33158e-18  1.44906e-33 -6.18752e-18 -7.69952e-33   2.5812e-17    3.487e-32 -9.68226e-17 -1.34174e-31  3.26846e-16  4.24576e-31 -9.93009e-16 -9.91102e-31  2.71332e-15  8.61744e-31  -6.6575e-15  6.92893e-30  1.46312e-14 -5.31006e-29 -2.86938e-14  2.44082e-28  4.99507e-14 -8.88678e-28 -7.66164e-14  2.75497e-27  1.02453e-13 -7.49153e-27 -1.17568e-13  1.81372e-26  1.12876e-13 -3.94123e-26 -8.65609e-14  7.72076e-26  4.75874e-14 -1.36618e-25 -1.17482e-14  2.18392e-25 -8.29711e-15 -3.14913e-25  1.10084e-14  4.08283e-25  -4.7761e-15 -4.73388e-25 -7.63104e-16  4.86765e-25  1.92142e-15 -4.38058e-25 -6.54893e-16  3.37421e-25 -2.81319e-16 -2.13079e-25  2.61993e-16  9.89834e-26  -1.1622e-18 -1.95913e-26 -5.86142e-17 -1.89012e-26  9.57248e-18  2.63248e-26  1.00674e-17 -1.87592e-26 -2.38255e-18  9.00269e-27 -1.50614e-18 -2.73894e-27  3.40113e-19  2.04172e-28  2.01317e-19  3.20923e-28 -2.77403e-20 -2.33936e-28 -2.20832e-20  1.10101e-28  3.88248e-22 -4.87474e-29  1.68705e-21  2.31468e-29  1.67445e-22 -1.08133e-29 -6.92307e-23  4.36237e-30 -1.56864e-23 -1.38591e-30  5.20602e-25  3.10122e-31  4.85609e-25 -3.28435e-32  4.17666e-26 -7.15241e-33 -3.06162e-27  4.51025e-33 -6.68032e-28 -1.17868e-33 -2.65343e-29  1.82275e-34  8.06749e-31 -1.54097e-35  5.36746e-32  4.64259e-37
-2.08199e-44  1.07234e-33  6.91869e-43 -9.10328e-32 -2.43972e-42  4.13575e-30  4.62192e-41 -1.26495e-28  8.49399e-42  2.88044e-27  1.08255e-39 -5.16787e-26 -4.56204e-39  7.57463e-25  1.60379e-38 -9.29956e-24 -4.21209e-38  9.73836e-23  7.07402e-38 -8.81742e-22  3.31771e-38  6.97536e-21  1.00814e-36 -4.86065e-20 -2.54919e-35  3.00257e-19  2.67006e-34 -1.65244e-18 -1.99265e-33  8.13318e-18  1.21363e-32 -3.59039e-17 -6.34748e-32  1.42444e-16   2.9071e-31 -5.08513e-16 -1.17197e-30  1.63425e-15  4.14302e-30  -4.7268e-15 -1.26696e-29  1.22906e-14  3.24414e-29 -2.86726e-14 -6.35752e-29  5.98303e-14  6.15641e-29 -1.11179e-13  1.89689e-28  1.82848e-13 -1.39701e-27 -2.63836e-13  5.39978e-27  3.29796e-13 -1.61808e-26 -3.50247e-13  4.09788e-26  3.05796e-13 -9.06641e-26 -2.05475e-13  1.77986e-25  8.80269e-14 -3.12442e-25  -1.2672e-16  4.92099e-25 -3.40719e-14 -6.95684e-25    2.573e-14  8.80911e-25 -5.19168e-15 -9.94366e-25 -5.46171e-15  9.92436e-25  4.34521e-15 -8.64078e-25  -2.7173e-16  6.41208e-25 -1.08451e-15 -3.87393e-25  3.92032e-16  1.69237e-25   1.6137e-16 -2.74347e-26 -1.15579e-16 -3.50169e-26 -1.63669e-17  4.29013e-26  2.27645e-17 -2.78089e-26   1.5011e-18  1.16416e-26 -3.47279e-18 -2.42344e-27 -2.48611e-19 -7.13187e-28   4.1125e-19  9.95249e-28  5.27387e-20  -5.9467e-28 -3.42601e-20  2.74198e-28 -7.64725e-21 -1.14007e-28  1.54522e-21  4.53523e-29  6.29237e-22 -1.72083e-29  1.29488e-24  5.97057e-30 -2.46195e-23 -1.74843e-30 -2.96488e-24  3.73994e-31  2.54352e-25 -3.61244e-32  7.84338e-26 -9.56435e-33    4.023e-27  5.19444e-33 -3.14478e-28  -1.1658e-33 -3.66387e-29  1.42563e-34 -7.73115e-31 -8.10733e-36  6.53517e-33
-1.94198e-34 -2.21567e-43   2.8899e-32  3.78267e-42 -1.71767e-30 -1.11024e-41  6.30315e-29  1.72792e-40 -1.65113e-27 -4.48931e-40  3.32448e-26  5.28143e-39 -5.38056e-25 -2.40716e-38  7.21211e-24  8.79624e-38  -8.1776e-23 -2.04026e-37  7.96744e-22   6.6867e-38 -6.75009e-21  1.00814e-36   5.0188e-20  1.01194e-35 -3.29853e-19 -2.05617e-34  1.92718e-18  1.93663e-33 -1.00535e-17  -1.3581e-32  4.69847e-17  7.93911e-32 -1.97197e-16 -4.03309e-31  7.44482e-16  1.81016e-30 -2.53043e-15 -7.22107e-30  7.74408e-15  2.56145e-29 -2.13251e-14  -8.0478e-29  5.27602e-14  2.21793e-28 -1.16988e-13 -5.25026e-28  2.31642e-13  1.01567e-27 -4.07466e-13 -1.36837e-27   6.3215e-13  1.15126e-28 -8.56091e-13   6.9311e-27  9.96629e-13 -2.90403e-26 -9.73282e-13  8.28688e-26  7.62857e-13 -1.92536e-25 -4.33915e-13  3.84386e-25  1.19537e-13  -6.7441e-25  6.55351e-14  1.05061e-24  -9.8515e-14 -1.45899e-24  4.66516e-14  1.80589e-24  4.43498e-15 -1.98485e-24 -1.74446e-14  1.92195e-24  6.83554e-15 -1.61708e-24  2.23017e-15  1.15333e-24 -2.55488e-15 -6.63202e-25  1.45051e-16  2.68319e-25   5.5306e-16 -2.94466e-26 -1.21943e-16 -6.44516e-26 -9.27762e-17  6.82316e-26  2.86383e-17 -3.97511e-26  1.38314e-17  1.40055e-26 -4.20843e-18 -1.03546e-27 -1.90458e-18 -2.50717e-27  3.87745e-19  2.19727e-27   2.2163e-19 -1.22573e-27  -1.4255e-20  5.54996e-28 -1.83559e-20 -2.19045e-28 -1.16748e-21  7.75285e-29   8.5181e-22 -2.53524e-29  1.55812e-22  7.81088e-30 -1.14006e-23 -2.14291e-30 -5.64343e-24  4.39337e-31 -3.76177e-25 -3.79269e-32  4.76041e-26 -1.17718e-32  7.80486e-27  5.41053e-33   2.3779e-28  -1.0082e-33 -1.33323e-29  9.22163e-35 -6.60787e-31 -2.87858e-36
-1.36563e-43 -7.20775e-33    -1.38e-42  6.13822e-31  1.72499e-41 -2.79655e-29 -6.02558e-41  8.57951e-28  8.14884e-40 -1.95996e-26 -4.31263e-39  3.52846e-25  3.09459e-38 -5.19051e-24 -1.37272e-37  6.39701e-23   4.3368e-37 -6.72614e-22  -6.0483e-37  6.11633e-21 -2.09018e-36 -4.86065e-20  1.01194e-35  3.40343e-19  7.65279e-35 -2.11316e-18 -1.37967e-33  1.16927e-17  1.21018e-32 -5.78812e-17 -8.08118e-32  2.57073e-16  4.54643e-31  -1.0265e-15 -2.23477e-30  3.68966e-15  9.74048e-30 -1.19443e-14 -3.78766e-29  3.48156e-14  1.31661e-28 -9.12792e-14 -4.08743e-28  2.14839e-13  1.12873e-27 -4.52585e-13 -2.74777e-27  8.49713e-13  5.78826e-27 -1.41321e-12 -1.01157e-26  2.06451e-12  1.29576e-26 -2.61667e-12 -5.05611e-27  2.82381e-12 -3.47215e-26 -2.51415e-12  1.43803e-25   1.7354e-12 -3.74071e-25 -7.82783e-13  7.77474e-25  3.89793e-14 -1.37694e-24  2.74982e-13  2.13093e-24 -2.25373e-13 -2.91233e-24  5.48005e-14  3.52573e-24  4.30519e-14 -3.77251e-24 -3.92888e-14  3.54134e-24  4.46194e-15 -2.87486e-24  9.23248e-15  1.96474e-24 -3.97768e-15 -1.06808e-24 -1.23097e-15  3.91423e-25  1.12105e-15 -1.28877e-26  8.99917e-17 -1.15961e-25 -2.18796e-16   1.0532e-25 -2.53418e-18 -5.43325e-26  3.38331e-17  1.49864e-26  6.86913e-19  2.34876e-27 -4.16293e-18 -5.75335e-27 -3.32245e-19  4.23627e-27  3.72149e-19 -2.26372e-27  6.38388e-20  9.95709e-28 -1.94625e-20 -3.71114e-28 -6.10581e-21  1.19168e-28  2.22217e-22 -3.46984e-29  2.72844e-22  9.77598e-30  2.55541e-23 -2.55646e-30 -3.75978e-24  5.01574e-31 -8.50939e-25  -3.7786e-32 -3.11097e-26 -1.32028e-32  4.48529e-27  5.03092e-33  4.09432e-28 -7.47109e-34  6.60748e-30  4.65735e-35 -1.09802e-31
