 1.45841e-14 -1.80552e-28 -3.94317e-13  8.18784e-27  4.01449e-12 -1.05751e-25 -2.36207e-11  7.31924e-25  9.18445e-11 -3.29592e-24 -2.50253e-10  1.08432e-23  4.88676e-10 -2.90956e-23 -6.79889e-10  7.14599e-23  6.43989e-10 -1.71293e-22 -3.56562e-10  3.88175e-22  3.50506e-11 -7.74983e-22  9.17454e-11  1.29927e-21 -4.03896e-11 -1.79125e-21 -1.81663e-11    2.013e-21  1.29677e-11 -1.82492e-21  4.77757e-12  1.29434e-21 -3.02536e-12 -6.41677e-22 -1.59459e-12  9.27756e-23  4.20992e-13  2.28655e-22  4.66139e-13 -3.19527e-22  3.76914e-14  2.58037e-22 -8.60501e-14 -1.45153e-22 -3.72346e-14  5.41292e-23  2.62655e-15 -9.36809e-24  7.78162e-15 -1.41102e-24  2.73421e-15 -6.08501e-26  -1.0833e-16  1.32276e-24  -4.6725e-16 -6.60478e-25 -1.91185e-16  -7.1999e-26 -2.21314e-17  1.59709e-25  1.43918e-17 -1.56547e-26   9.1443e-18 -3.43833e-26  2.52219e-18  1.26156e-26  1.83802e-19  1.62314e-27 -1.60273e-19 -9.98269e-28 -8.61453e-20 -2.93159e-28   -2.379e-20  5.91757e-29 -3.50568e-21  3.63711e-29  1.99704e-22   9.9058e-30  2.97925e-22 -5.77145e-30  1.02892e-22 -1.80771e-30  2.27826e-23  3.99813e-31  3.35327e-24  2.07007e-31  2.00609e-25   1.8317e-32  -5.8229e-26 -2.88974e-32 -2.45191e-26 -6.03494e-33 -5.49482e-27  2.01996e-33 -8.98081e-28  9.68756e-34 -1.12324e-28   2.4181e-35  -1.0241e-29 -7.81291e-35 -4.95179e-31 -1.95315e-35  3.60132e-32 -1.33963e-37  1.23746e-32  8.51323e-37  1.79011e-33  2.01677e-37  1.83785e-34   1.9472e-38  1.46311e-35 -1.34022e-39  9.21195e-37 -6.60624e-40  4.53618e-38 -9.35366e-41  1.67579e-39 -8.94249e-42  4.46232e-41 -6.31929e-43  7.85647e-43 -2.97179e-44  2.91802e-45 -9.19868e-46 -2.12792e-46 -1.26035e-47
-1.80552e-28  5.73809e-13 -4.91316e-27 -8.78147e-12  1.55288e-25  6.76835e-11 -1.59064e-24 -3.27644e-10  9.13249e-24  1.08786e-09 -3.45824e-23  -2.5762e-09   9.5085e-23  4.39425e-09 -2.10578e-22 -5.29457e-09  4.34597e-22  4.18997e-09 -9.38664e-22  -1.6589e-09  2.04022e-21 -3.28894e-10   -3.972e-21  6.44076e-10   6.4453e-21 -8.41894e-11 -8.50611e-21 -1.70747e-10  9.08388e-21  3.44734e-11 -7.82348e-21  4.63399e-11  5.33634e-21 -4.65842e-12 -2.66518e-21 -1.22053e-11  6.07981e-22 -1.41177e-12  5.39298e-22  2.42947e-12 -8.79058e-22   1.0175e-12  7.17967e-22 -1.75346e-13 -3.91138e-22 -2.64455e-13  1.29137e-22  -6.6986e-14 -7.18518e-24  2.07678e-14  -1.3743e-23  2.00242e-14  2.02973e-24  5.24333e-15  4.40164e-24 -7.36493e-16 -2.51961e-24 -1.07665e-15 -6.00307e-26 -3.86589e-16  4.75543e-25 -4.01365e-17 -4.16274e-26  2.70586e-17 -1.12888e-25  1.65737e-17   3.7999e-26  4.67252e-18  6.39874e-27  5.11383e-19 -2.42206e-27 -1.81325e-19 -1.22295e-27 -1.17722e-19  2.32904e-29 -3.57167e-20  1.57792e-28 -6.62236e-21   5.2149e-29 -4.39534e-22 -2.25059e-29  1.95589e-22 -6.94135e-30   9.2999e-23   1.7067e-30  2.38873e-23  7.25561e-31  4.31536e-24 -1.19448e-32  5.36194e-25 -1.02656e-31  2.82457e-26 -1.39028e-32 -6.52508e-27  8.20242e-33  -2.4214e-27  2.98427e-33 -4.74613e-28  -9.5465e-35   -6.847e-29 -2.77607e-34 -7.74615e-30 -5.96675e-35  -6.8531e-31  7.15608e-37 -4.42617e-32  2.62803e-36  -1.4932e-33  5.72599e-37  7.79019e-35  5.10505e-38  1.78122e-35 -3.85036e-39  1.67987e-36 -1.64571e-39  1.07388e-37 -2.21748e-40  4.95637e-39 -2.00342e-41  1.65531e-40 -1.26857e-42  3.93628e-42 -5.01359e-44  4.88957e-44  -1.0945e-45  1.59976e-46
-3.94317e-13 -4.91316e-27  1.10803e-11  -7.7139e-26  -1.1752e-10  1.85555e-24  7.22438e-10 -1.56066e-23 -2.94546e-09  7.58964e-23  8.45552e-09 -2.45344e-22  -1.7514e-08  5.68169e-22   2.6126e-08 -1.02701e-21 -2.70844e-08  1.72099e-21  1.73848e-08 -3.30532e-21 -3.82183e-09  7.04128e-21 -3.42944e-09 -1.36484e-20    2.438e-09  2.16368e-20  4.29032e-10 -2.73635e-20 -7.53803e-10  2.76561e-20 -9.14601e-11 -2.24597e-20  1.97204e-10  1.45807e-20  4.56735e-11 -7.18644e-21 -4.08887e-11  1.98471e-21   -1.992e-11  7.86933e-22  3.98039e-12 -1.65174e-21  5.53387e-12   1.3906e-21  1.03599e-12 -7.47328e-22 -7.14968e-13   2.1996e-22 -4.70681e-13  1.92566e-23 -6.38496e-14 -4.60375e-23  5.23049e-14  8.66843e-24   3.2818e-14  9.99312e-24  6.70061e-15 -6.38686e-24 -1.60541e-15  2.06187e-25 -1.61017e-15  1.00516e-24 -5.33912e-16 -7.26786e-26 -5.73473e-17 -2.69175e-25  3.11157e-17  8.12604e-26   1.9557e-17  1.83659e-26   5.7619e-18 -3.78467e-27  8.44674e-19 -3.39239e-27 -8.75819e-20 -3.50692e-28 -9.56975e-20  4.28985e-28 -3.26873e-20  1.59659e-28 -7.08932e-21    -5.71e-29 -9.28662e-22 -1.66242e-29  2.16046e-24  4.92235e-30  4.01376e-23  1.62379e-30  1.31037e-23 -2.28165e-31   2.7489e-24 -2.47667e-31  4.26726e-25 -1.53646e-32  4.81299e-26  2.21634e-32  3.04882e-27  6.06577e-33 -1.81061e-28 -6.70111e-34 -9.08748e-29 -6.83988e-34 -1.64588e-29 -1.26601e-34 -2.09852e-30  3.59433e-36 -2.08505e-31  5.53165e-36 -1.65215e-32  1.11254e-36 -1.03379e-33  8.95968e-38 -4.87895e-35 -7.82266e-39 -1.51678e-36 -2.82227e-39 -1.35017e-38 -3.54231e-40  1.46102e-39 -2.92777e-41  9.15081e-41 -1.59989e-42  2.56598e-42 -4.99041e-44  2.98623e-44 -6.27529e-46
 8.18784e-27 -8.78147e-12  -7.7139e-26  1.39991e-10  -8.5027e-25 -1.12691e-09  1.63692e-23  5.71573e-09 -1.15897e-22 -1.99658e-08  4.85501e-22  5.00209e-08 -1.35822e-21 -9.10068e-08  2.67392e-21  1.18589e-07 -3.90271e-21 -1.04551e-07  5.01904e-21  5.14844e-08 -8.33308e-21  3.10975e-10  1.81953e-20 -1.63203e-08 -3.63441e-20  5.20412e-09   5.6979e-20  3.77808e-09 -6.90883e-20 -1.85844e-09  6.57225e-20 -1.02725e-09 -4.98894e-20  4.26265e-10  3.05212e-20  3.19708e-10  -1.4655e-20 -4.45888e-11  4.48581e-21 -8.60513e-11  7.09013e-22 -1.39728e-11 -2.42197e-21  1.41601e-11  2.15595e-21  7.77836e-12 -1.17386e-21  1.25351e-13  3.17615e-22  -1.3961e-12  7.59373e-23 -5.97766e-13 -1.03436e-22 -2.28265e-14  2.22823e-23  8.38114e-14  1.77469e-23  4.07883e-14 -1.27108e-23  6.82659e-15  9.81964e-25 -2.18152e-15  1.76966e-24 -1.82006e-15 -1.05369e-25 -5.81035e-16 -5.37119e-25 -7.17238e-17   1.4229e-25  2.42066e-17  4.32579e-26  1.70017e-17 -3.64211e-27   5.3253e-18 -7.27033e-27   9.6111e-19 -1.45658e-27  2.84822e-20  8.55922e-28 -4.84672e-20   3.5524e-28 -2.01703e-20 -1.09583e-28 -4.98328e-21 -2.82482e-29 -8.46471e-22  1.12496e-29 -8.41171e-23  2.63368e-30  3.40327e-24 -8.48595e-31  3.71665e-24 -4.64611e-31  9.78236e-25  6.60715e-33    1.753e-25  4.57548e-32  2.40015e-26   8.9754e-33  2.52407e-27 -2.18321e-33  1.86429e-28 -1.35199e-33  5.25489e-30 -2.16727e-34 -1.00217e-30  8.69975e-36 -2.10605e-31  9.10222e-36 -2.42358e-32  1.69272e-36 -2.03136e-33  1.19377e-37 -1.31271e-34 -1.28321e-38 -6.57278e-36 -3.82071e-39 -2.50296e-37 -4.36122e-40 -6.96234e-39 -3.19031e-41 -1.29535e-40 -1.43978e-42 -1.24958e-42 -3.21289e-44 -4.89234e-45
 4.01449e-12  1.55288e-25  -1.1752e-10  -8.5027e-25  1.30165e-09 -7.17082e-24 -8.38029e-09  1.14176e-22  3.59129e-08 -6.93383e-22 -1.08872e-07  2.53644e-21  2.39707e-07  -6.2149e-21 -3.83956e-07  1.05042e-20  4.35344e-07 -1.22476e-20 -3.19974e-07  1.08731e-20  1.06814e-07 -1.44366e-20  4.11277e-08  3.63887e-20 -5.08821e-08 -7.96787e-20  1.78635e-09  1.25447e-19  1.47611e-08 -1.45702e-19 -1.51302e-09  1.29447e-19 -4.09954e-09 -9.08445e-20  3.83993e-11  5.18226e-20  1.05388e-09 -2.40224e-20  2.06876e-10  7.82518e-21 -1.95629e-10   1.1885e-22 -1.03645e-10 -2.87717e-21   8.1148e-12  2.80613e-21  2.40677e-11 -1.60433e-21  7.59356e-12  4.20634e-22 -1.38261e-12  1.54576e-22 -1.90264e-12 -1.82065e-22 -5.94948e-13  4.40543e-23  3.15521e-14  2.57287e-23  1.00829e-13 -2.13801e-23  4.15481e-14  2.59103e-24  6.13095e-15  2.81524e-24 -2.13478e-15 -1.63184e-25 -1.64698e-15  -9.4967e-25 -5.23407e-16  2.14837e-25 -7.70768e-17  8.70003e-26  1.18136e-17  6.69285e-28  1.11881e-17 -1.26256e-26  3.80316e-18 -3.74366e-27  7.99008e-19  1.29334e-27  8.48489e-20   6.2171e-28 -1.12397e-20 -1.67435e-28 -8.22547e-21 -3.33793e-29 -2.37535e-21   2.1671e-29 -4.70328e-22  3.09717e-30 -6.70047e-23  -2.0604e-30 -5.82855e-24 -7.06547e-31  1.25756e-25  7.00498e-32  1.66586e-25  7.55625e-32  3.86023e-26  8.96233e-33  6.03957e-27 -5.16577e-33  7.28679e-28 -2.28231e-33  6.96807e-29 -3.20729e-34  5.18471e-30  1.41949e-35   2.7508e-31  1.22871e-35  6.69235e-33   2.1131e-36 -4.75021e-34  1.24233e-37 -7.28424e-35 -1.77753e-38 -5.16277e-36 -4.29366e-39 -2.42826e-37 -4.34242e-40  -7.8195e-39 -2.71125e-41 -1.59368e-40  -9.5189e-43 -1.61671e-42 -1.23426e-44
-1.05751e-25  6.76835e-11  1.85555e-24 -1.12691e-09 -7.17082e-24  9.49929e-09 -4.85902e-23 -5.06154e-08  6.54955e-22  1.86495e-07 -3.46175e-21 -4.95513e-07  1.11818e-20   9.6361e-07 -2.42422e-20 -1.35937e-06  3.55077e-20  1.33098e-06 -3.26688e-20 -7.87613e-07  1.53221e-20  1.17147e-07  -1.0364e-20  1.94144e-07  5.46695e-20 -1.09201e-07  -1.4902e-19 -3.28892e-08  2.39887e-19  3.67298e-08 -2.65912e-19  7.93838e-09  2.18212e-19 -9.81229e-09 -1.39594e-19 -3.18102e-09  7.33803e-20  1.96457e-09 -3.25719e-20  1.21229e-09  1.09658e-20 -1.37873e-10 -8.82174e-22 -3.13162e-10 -2.72642e-21 -7.62519e-11   3.0939e-21  3.56868e-11 -1.95097e-21   2.8588e-11  5.22788e-22  5.17633e-12  2.36904e-22 -2.73367e-12 -2.66321e-22 -2.03833e-12  7.29943e-23 -4.92684e-13  3.00434e-23  6.92135e-14 -3.17761e-23    9.783e-14  5.45485e-24     3.62e-14  4.28287e-24  5.16632e-15 -3.11408e-25 -1.56463e-15 -1.53316e-24 -1.22003e-15  2.83042e-25 -3.96256e-16  1.51931e-25 -6.89724e-17  1.35173e-26  1.38885e-18 -1.77605e-26  5.44333e-18 -7.55468e-27  2.09451e-18  1.37192e-27  4.96461e-19  8.76245e-28  7.60064e-20 -2.05765e-28  3.99339e-21 -1.91665e-29 -1.80584e-21  3.62005e-29 -7.37018e-22  2.18426e-30 -1.69025e-22 -3.83654e-30 -2.82854e-23 -8.70194e-31 -3.55878e-24  1.80677e-31 -3.06173e-25  1.00218e-31 -7.72142e-27   2.0948e-33  3.06283e-27 -1.00151e-32  7.22383e-28 -3.41569e-33  1.00625e-28 -4.29778e-34  1.04808e-29  1.62071e-35  8.60729e-31  1.38198e-35  5.61245e-32   2.1964e-36   2.8507e-33  9.78558e-38  1.07165e-34 -2.11755e-38  2.62166e-36 -4.09562e-39  2.17893e-38 -3.56581e-40 -1.02614e-39  -1.8186e-41 -3.56843e-41 -4.50976e-43 -3.20289e-43
-2.36207e-11 -1.59064e-24  7.22438e-10  1.63692e-23 -8.38029e-09 -4.85902e-23  5.66704e-08 -2.73102e-22 -2.55994e-07  3.17124e-21  8.21821e-07  -1.4759e-20  -1.9283e-06  4.24805e-20  3.32305e-06 -8.21784e-20 -4.12131e-06  1.05165e-19  3.43961e-06 -7.50398e-20 -1.53216e-06  4.47952e-22 -1.61949e-07  3.70158e-20  5.75961e-07  5.05669e-20 -1.37977e-07 -2.44369e-19 -1.48068e-07  4.09527e-19  5.61392e-08 -4.29672e-19    4.159e-08   3.2061e-19 -1.28698e-08 -1.83602e-19 -1.26886e-08  8.78212e-20  9.11221e-10 -3.68644e-20  3.31034e-09  1.22076e-20  7.11319e-10 -1.76799e-21 -5.12292e-10 -1.81721e-21 -3.29096e-10  2.81218e-21 -2.00535e-11 -2.11643e-21  5.49644e-11  5.89805e-22  2.64949e-11  3.04827e-22  2.03017e-12  -3.2809e-22 -3.36318e-12   1.0609e-22  -1.8239e-12  2.46792e-23 -3.57151e-13 -4.31827e-23  7.69017e-14    1.012e-23  7.93671e-14  6.46014e-24  2.75973e-14 -6.36101e-25  4.14652e-15 -2.29862e-24 -8.34192e-16  3.16085e-25 -7.40703e-16  2.31649e-25 -2.51528e-16  4.11626e-26 -5.03998e-17 -1.89328e-26 -3.45917e-18 -1.29048e-26  1.74999e-18  5.23646e-28  8.63863e-19  9.68105e-28  2.30278e-19  -1.9836e-28  4.24508e-20   2.5289e-29  5.09473e-21  5.30369e-29  1.31042e-22 -6.61581e-31 -1.18379e-22 -5.79635e-30 -3.73059e-23  -8.2211e-31 -7.19816e-24  3.18946e-31 -1.04351e-24  1.01167e-31 -1.17936e-25 -1.56263e-32  -1.0074e-26 -1.68188e-32 -5.48868e-28 -4.65208e-33  1.97054e-30 -5.40282e-34  4.65637e-30  1.04936e-35  6.43594e-31  1.28369e-35  5.69024e-32  1.88537e-36   3.7132e-33  4.86181e-38   1.8351e-34 -2.18602e-38  6.75765e-36 -3.34601e-39  1.75838e-37 -2.42562e-40  2.90945e-39  -9.5157e-42  2.38158e-41 -1.35498e-43
 7.31924e-25 -3.27644e-10 -1.56066e-23  5.71573e-09  1.14176e-22 -5.06154e-08 -2.73102e-22  2.84226e-07 -1.30229e-21 -1.10808e-06  1.32058e-20  3.13164e-06 -5.46324e-20 -6.52644e-06  1.41172e-19  9.98362e-06 -2.45367e-19 -1.08375e-05  2.76117e-19  7.54331e-06 -1.48512e-19 -2.15635e-06 -8.20882e-20 -1.27397e-06   1.9712e-19  1.24644e-06 -1.78689e-20   4.4785e-08  -3.6146e-19  -3.9074e-07  6.37855e-19  1.57296e-08 -6.23846e-19  1.12061e-07   4.1396e-19  5.08515e-09 -2.07469e-19 -2.89387e-08   8.9426e-20 -7.16279e-09 -3.43287e-20  5.24557e-09  9.49901e-21   3.1972e-09 -1.67399e-21 -1.15416e-10 -1.83155e-22 -7.15819e-10  1.90327e-21 -2.51629e-10 -2.02128e-21  3.38419e-11  5.39286e-22  5.94366e-11  3.47608e-22  2.02452e-11 -3.27488e-22 -3.88328e-13  1.40161e-22  -3.1951e-12  1.81756e-24 -1.41518e-12 -5.54756e-23   -2.383e-13  1.71904e-23  6.10952e-14  9.77264e-24  5.47537e-14 -1.17698e-24  1.85539e-14 -3.22949e-24   3.0879e-15  2.63512e-25 -2.66587e-16  3.06893e-25 -3.61802e-16  9.09594e-26  -1.3203e-16 -1.04722e-26 -2.96851e-17 -1.92402e-26 -3.75833e-18 -1.84054e-27  1.76741e-19  7.11094e-28  2.45404e-19 -1.38038e-28  7.75467e-20  9.94744e-29  1.62678e-20  6.80143e-29  2.49245e-21 -5.36084e-30  2.58969e-22 -7.26657e-30  8.28691e-24 -4.66809e-31 -3.55488e-24  4.35184e-31  -1.0158e-24  5.77611e-32 -1.70378e-25  -4.6675e-32 -2.14172e-26 -2.52424e-32 -2.12848e-27 -5.87767e-33  -1.6769e-28 -6.52503e-34 -1.01007e-29 -4.94331e-36 -4.10865e-31  9.37944e-36 -4.95665e-33  1.27951e-36  7.62598e-34  -4.8899e-39  7.10027e-35 -1.96033e-38  3.41501e-36 -2.34301e-39  1.01418e-37 -1.35638e-40  1.70344e-39 -3.71445e-42  1.07646e-41
 9.18445e-11  9.13249e-24 -2.94546e-09 -1.15897e-22  3.59129e-08  6.54955e-22 -2.55994e-07 -1.30229e-21  1.22324e-06 -5.35866e-21 -4.17271e-06  4.79743e-20  1.04669e-05 -1.77808e-19 -1.94566e-05  4.15076e-19  2.64199e-05 -6.51809e-19 -2.49027e-05  6.47966e-19  1.39121e-05 -2.49319e-19 -1.29035e-06 -3.32103e-19 -4.02021e-06  5.83554e-19  1.95237e-06 -2.04239e-19  7.89536e-07 -5.00038e-19 -7.13361e-07  9.22179e-19 -2.01023e-07 -8.20095e-19  1.97684e-07  4.68489e-19  7.60795e-08 -2.00322e-19 -3.97493e-08   7.8487e-20 -2.80028e-08 -2.43355e-20  2.23404e-09  8.47603e-22   7.1698e-09  1.91701e-22  1.93643e-09  2.00172e-21 -7.91733e-10  5.78709e-22 -6.96231e-10 -1.63737e-21 -1.38525e-10  2.35004e-22   6.4209e-11   3.5943e-22  5.15952e-11  -2.1605e-22  1.32522e-11  1.75205e-22 -1.50621e-12 -4.68998e-23 -2.51707e-12 -6.98219e-23 -9.75422e-13  2.70804e-23  -1.5277e-13   1.4691e-23  3.69076e-14 -1.83983e-24  3.22224e-14 -4.26886e-24  1.09578e-14   5.6817e-26  2.04961e-15  3.45552e-25  2.33415e-17  1.69147e-25 -1.35202e-16  1.41009e-26 -5.58824e-17 -2.52371e-26 -1.38915e-17 -6.02397e-27 -2.29029e-18 -5.44092e-29 -1.76083e-19 -5.63248e-29  3.40764e-20  1.84127e-28  1.74321e-20  7.47565e-29  4.25689e-21 -1.12908e-29  7.44354e-22 -7.61446e-30  9.89998e-23  1.62197e-31  9.60689e-24  4.56688e-31  5.08684e-25 -4.50763e-32 -3.23419e-26 -9.05627e-32 -1.26251e-26 -3.45085e-32 -1.93229e-27 -6.97972e-33 -2.08049e-28 -7.63517e-34 -1.73074e-29 -2.79664e-35 -1.13558e-30  4.44713e-36 -5.82738e-32  5.84585e-37 -2.26603e-33 -4.43714e-38 -6.23552e-35 -1.52545e-38 -1.03646e-36 -1.39758e-39 -5.35022e-39 -6.09377e-41  8.77414e-41 -9.46714e-43
-3.29592e-24  1.08786e-09  7.58964e-23 -1.99658e-08 -6.93383e-22  1.86495e-07  3.17124e-21 -1.10808e-06 -5.35866e-21  4.58873e-06 -1.92808e-20 -1.38458e-05  1.53763e-19  3.10261e-05 -5.13935e-19 -5.15901e-05  1.08957e-18   6.2067e-05 -1.55295e-18 -5.01287e-05  1.36743e-18  2.08531e-05 -3.37469e-19  3.89837e-06 -9.17536e-19 -8.98007e-06  1.34302e-18  1.75949e-06 -5.48742e-19  2.48963e-06 -6.77391e-19  -8.2344e-07  1.25259e-18 -7.24132e-07 -9.75193e-19  1.95842e-07  4.55503e-19  2.24107e-07 -1.63496e-19 -1.08721e-08  6.31659e-20 -5.93611e-08 -7.77245e-21 -1.39016e-08 -1.51936e-20  9.30817e-09  3.87457e-21  6.31279e-09  4.51008e-21  4.42589e-10 -5.96415e-22 -1.07041e-09 -9.98416e-22 -5.33001e-10 -4.99421e-22 -4.40508e-11  3.27525e-22   6.8471e-11   5.5616e-23   3.8125e-11   2.1788e-22  7.70854e-12 -1.27874e-22 -1.56546e-12 -8.89599e-23 -1.69787e-12  3.96277e-23 -6.05316e-13  2.15612e-23 -9.56935e-14 -2.34582e-24  1.64986e-14 -5.31463e-24  1.60261e-14 -3.77899e-25  5.61081e-15  3.08609e-25   1.1708e-15  2.77677e-25  9.80467e-17  6.01938e-26 -3.33342e-17 -2.87123e-26  -1.8229e-17 -1.17226e-26 -5.04818e-18 -1.38991e-27  -9.6775e-19 -2.76885e-29 -1.25946e-19   2.4188e-28  -6.5499e-21  6.57262e-29  1.84304e-21 -1.79497e-29  6.90743e-22 -6.74014e-30  1.40111e-22  8.34604e-31  2.09424e-23  3.05448e-31  2.44739e-24 -2.10024e-31  2.22069e-25 -1.43219e-31  1.44215e-26 -4.34816e-32  4.30645e-28 -7.84514e-33 -3.93351e-29 -8.60585e-34 -7.70173e-30 -5.25945e-35 -7.24776e-31 -4.57191e-37 -4.72263e-32  8.23756e-39 -2.25413e-33   -6.087e-38 -7.78342e-35 -1.02538e-38 -1.82653e-36 -7.00021e-40 -2.53702e-38 -2.08902e-41 -1.34968e-40
-2.50253e-10 -3.45824e-23  8.45552e-09  4.85501e-22 -1.08872e-07 -3.46175e-21  8.21821e-07  1.32058e-20 -4.17271e-06 -1.92808e-20  1.51902e-05 -6.13095e-20 -4.08998e-05  4.38787e-19  8.22928e-05 -1.33003e-18 -0.000122593  2.57255e-18  0.000130121 -3.34067e-18 -8.80895e-05  2.60764e-18  2.26814e-05 -3.05412e-19  1.74593e-05 -2.07175e-18 -1.54135e-05  2.61598e-18 -1.14965e-06 -1.03974e-18  5.16358e-06 -9.38899e-19 -8.07447e-08  1.60735e-18 -1.54415e-06 -1.03421e-18 -9.59566e-08  3.57463e-19  4.12953e-07 -1.14614e-19  1.07826e-07  5.69183e-20 -7.77561e-08  1.48034e-20 -4.87816e-08 -3.89081e-20  1.86231e-09  8.03406e-21  1.13528e-08  7.09125e-21  4.01298e-09 -7.19053e-22 -5.84724e-10 -1.65639e-22 -9.94093e-10 -1.84635e-21 -3.38131e-10  2.18056e-22  9.30927e-12   5.2469e-22   5.6102e-11   2.8294e-22  2.48262e-11 -2.42337e-22  4.16034e-12 -1.16641e-22 -1.11809e-12  5.37742e-23  -9.9414e-13  3.04045e-23 -3.39237e-13 -2.27556e-24 -5.74723e-14 -6.23393e-24  4.48671e-15 -1.09776e-24  6.57262e-15  1.60716e-25  2.43923e-15  4.11462e-25   5.5994e-16  1.30314e-25  7.49925e-17 -2.67017e-26 -1.55298e-18  -1.7844e-26 -4.13945e-18 -3.20106e-27 -1.36491e-18 -1.47324e-28 -2.93425e-19  2.28543e-28 -4.63763e-20  3.40404e-29 -5.17926e-21 -2.58514e-29 -2.73371e-22 -5.44578e-30  3.99543e-23  1.13325e-30  1.43907e-23 -7.81039e-32  2.53477e-24 -4.24299e-31  3.24709e-25 -1.97535e-31  3.26473e-26 -5.08542e-32  2.61355e-27 -8.35867e-33   1.6362e-28  -9.2162e-34  7.52714e-30 -7.15473e-35  2.05698e-31 -4.02127e-36 -1.21121e-33 -3.31064e-37   -4.437e-34  -5.6854e-38 -2.29057e-35  -5.9003e-39  -6.1456e-37 -2.86489e-40 -7.85489e-39 -4.76076e-42
 1.08432e-23  -2.5762e-09 -2.45344e-22  5.00209e-08  2.53644e-21 -4.95513e-07  -1.4759e-20  3.13164e-06  4.79743e-20 -1.38458e-05 -6.13095e-20  4.48192e-05 -1.73794e-19 -0.000108465  1.12325e-18  0.000196735 -3.10274e-18 -0.000262618  5.49773e-18    0.0002441 -6.52633e-18 -0.000133315  4.51137e-18  8.24689e-06  4.80245e-20  4.28373e-05 -4.05699e-18 -1.98202e-05  4.47249e-18 -9.02853e-06 -1.57789e-18   7.7968e-06 -1.35483e-18  2.35599e-06   1.9446e-18 -2.28063e-06 -9.37972e-19  -9.0188e-07  1.77312e-19  4.86136e-07 -8.54405e-20  3.43913e-07  7.20682e-20 -3.23972e-08  4.51849e-20 -9.29321e-08  -6.8715e-20 -2.42406e-08  9.76709e-21   1.1265e-08  9.38855e-21  9.48001e-09  1.28774e-21  1.76858e-09  8.41869e-22  -9.7222e-10 -3.94196e-21 -7.42132e-10 -2.97999e-23 -1.83359e-10  1.19991e-21  2.68101e-11  3.90657e-22  3.84218e-11 -3.83823e-22  1.45751e-11 -1.56114e-22  2.18359e-12  6.76157e-23 -6.12972e-13  4.07716e-23 -5.05848e-13 -1.22186e-24 -1.70523e-13 -6.90348e-24  -3.1797e-14 -2.12181e-24 -3.45702e-16 -1.19337e-25  2.10844e-15   5.5759e-25  8.73465e-16  2.23245e-25  2.18629e-16 -1.57278e-26  3.67325e-17 -2.25747e-26  3.11262e-18 -5.20786e-27  -4.2806e-19 -4.84038e-28 -2.48368e-19  1.11986e-28 -6.21045e-20 -2.43225e-29 -1.10135e-20 -3.69794e-29 -1.49349e-21   -5.383e-30 -1.51754e-22  5.71161e-31 -9.72757e-24 -7.10944e-31  7.94008e-26 -6.61285e-31  1.27305e-25 -2.44936e-31  2.12159e-26 -5.54142e-32  2.31789e-27 -8.41919e-33  1.91317e-28   -9.242e-34  1.23163e-29  -7.9573e-35  6.16031e-31 -5.64367e-36  2.32843e-32 -4.31729e-37  6.28099e-34  -4.1657e-38  1.08078e-35 -2.86039e-39  9.21021e-38 -9.07004e-41  1.31448e-40
 4.88676e-10   9.5085e-23  -1.7514e-08 -1.35822e-21  2.39707e-07  1.11818e-20  -1.9283e-06 -5.46324e-20  1.04669e-05  1.53763e-19 -4.08998e-05 -1.73794e-19  0.000118847 -4.42344e-19  -0.00026007  2.59551e-18  0.000426487 -6.56193e-18 -0.000509445  1.06922e-17  0.000409673 -1.16394e-17 -0.000167614  7.10525e-18 -3.79738e-05  1.01627e-18  7.91731e-05   -7.091e-18  -1.5131e-05  6.84438e-18 -2.30868e-05  -1.9654e-18  7.83151e-06 -1.99757e-18  6.96335e-06  2.19529e-18 -2.03239e-06 -6.36149e-19 -2.25248e-06 -5.60046e-20  1.61727e-07 -1.13492e-19  6.34931e-07  1.12584e-19  1.35658e-07  8.80919e-20 -1.09939e-07 -1.00688e-19 -6.98666e-08  5.19656e-21 -2.80611e-09  1.08018e-20  1.32134e-08  6.37112e-21  6.18329e-09   2.1085e-21  3.30123e-10 -6.81647e-21 -9.07145e-10 -4.93657e-22  -4.7405e-10  2.04839e-21 -8.75017e-11  5.59732e-22  2.43872e-11 -5.37939e-22  2.27827e-11 -2.08031e-22  7.81903e-12  7.90105e-23   1.1482e-12  5.17472e-23   -2.581e-13  1.00256e-24  -2.2144e-13 -7.27128e-24  -7.5704e-14  -3.4257e-24 -1.55539e-14 -5.34375e-25 -1.25052e-15  6.97139e-25  4.59559e-16  3.34645e-25  2.45512e-16  7.73789e-27  6.76247e-17 -2.36969e-26  1.29868e-17 -6.94672e-27   1.7199e-18 -1.02543e-27  1.03196e-19 -1.09209e-28 -1.99546e-20  -1.0843e-28 -8.16329e-21 -5.42301e-29 -1.67881e-21 -8.46957e-30 -2.51843e-22 -1.20915e-30 -2.95618e-23 -1.54944e-30 -2.72451e-24 -8.85928e-31 -1.87248e-25 -2.77466e-31 -7.69704e-27 -5.63398e-32  1.24941e-28 -7.97602e-33  5.49906e-29 -8.57725e-34  5.49984e-30 -7.55895e-35  3.51327e-31 -5.52079e-36  1.57992e-32 -3.72774e-37  4.94327e-34 -2.48745e-38  9.92732e-36 -1.13559e-39  1.03009e-37 -1.93071e-41
-2.90956e-23  4.39425e-09  5.68169e-22 -9.10068e-08  -6.2149e-21   9.6361e-07  4.24805e-20 -6.52644e-06 -1.77808e-19  3.10261e-05  4.38787e-19 -0.000108465 -4.42344e-19  0.000285216 -1.01691e-18 -0.000567209  5.44176e-18  0.000842621 -1.26415e-17 -0.000897757  1.90146e-17  0.000612415 -1.90436e-17 -0.000156906  1.02192e-17 -0.000130324  2.93612e-18  0.000116823 -1.12543e-17  8.05738e-06  9.48689e-18 -4.12017e-05 -1.93697e-18  1.46337e-06 -2.90466e-18  1.29547e-05  2.26507e-18  4.40044e-07 -1.04203e-19 -3.70082e-06 -2.88925e-19 -8.46417e-07 -2.30004e-19  7.73472e-07  1.69939e-19  4.40489e-07  1.49476e-19 -4.04227e-08 -1.28764e-19  -1.1543e-07 -9.25026e-21 -3.65678e-08   1.0442e-20   8.3763e-09   1.4994e-20  1.06827e-08  3.82567e-21  3.29552e-09  -1.0347e-20 -2.87121e-10 -1.24139e-21 -6.55655e-10  2.99255e-21 -2.68644e-10  7.97333e-22 -3.83317e-11 -6.85272e-22   1.5721e-11 -2.68577e-22   1.1873e-11  8.66623e-23  3.84683e-12  6.21799e-23  5.98497e-13  4.20853e-24 -7.53612e-14 -7.41934e-24 -8.14822e-14  -4.9621e-24 -2.90127e-14 -1.07476e-24 -6.49988e-15  8.08606e-25  -8.4283e-16  4.58552e-25  2.56386e-17  4.66248e-26  4.90152e-17 -1.90571e-26  1.58089e-17   -7.808e-27  3.36303e-18 -1.64273e-27  5.29639e-19 -3.96422e-28  5.98387e-20 -2.11015e-28  3.52529e-21 -7.98435e-29 -3.32752e-22 -1.59745e-29 -1.37698e-22 -4.23548e-30 -2.45099e-23 -2.48535e-30 -3.11772e-24 -1.06223e-30 -3.09588e-25 -2.89743e-31 -2.44712e-26 -5.34354e-32 -1.52294e-27 -7.06493e-33 -7.14883e-29 -7.30592e-34 -2.24923e-30 -6.25606e-35 -2.62875e-32 -4.34491e-36  1.47624e-33 -2.51845e-37  8.92533e-35 -1.21631e-38  2.07105e-36 -3.49284e-40  1.64144e-38
-6.79889e-10 -2.10578e-22   2.6126e-08  2.67392e-21 -3.83956e-07 -2.42422e-20  3.32305e-06  1.41172e-19 -1.94566e-05 -5.13935e-19  8.22928e-05  1.12325e-18  -0.00026007 -1.01691e-18  0.000623213 -2.12192e-18  -0.00113116   1.0396e-17   0.00152373 -2.22742e-17  -0.00143971  3.10537e-17  0.000805835  -2.8723e-17 -5.51279e-05  1.34635e-17 -0.000271943  6.09022e-18  0.000134831 -1.64145e-17  5.72903e-05  1.19983e-17  -5.5976e-05  -1.2306e-18 -1.47352e-05 -4.04368e-18  1.75357e-05  2.05072e-18  6.03846e-06  6.41263e-19 -4.17555e-06 -4.53468e-19 -2.57125e-06 -4.48461e-19  4.34739e-07  2.24564e-19  7.84616e-07  2.33172e-19  1.65359e-07 -1.45924e-19 -1.16746e-07 -3.53644e-20 -8.27105e-08  7.29949e-21 -1.14586e-08  2.68731e-20  1.07246e-08  6.21912e-21   6.9582e-09 -1.42466e-20  1.45795e-09 -2.29711e-21 -3.94237e-10   3.9206e-21  -3.9986e-10  1.08963e-21 -1.38487e-10 -8.06806e-22 -1.64609e-11 -3.28741e-22  8.01425e-12  9.12941e-23  5.45002e-12  7.11359e-23  1.72404e-12  7.83035e-24  2.95871e-13 -7.59729e-24 -7.28765e-15 -6.70207e-24 -2.40833e-14 -1.73322e-24 -9.30445e-15  8.70892e-25 -2.25158e-15  5.88628e-25 -3.66923e-16  1.02444e-25 -2.90731e-17 -7.06158e-27  4.74826e-18 -7.12129e-27   2.5276e-18 -2.10037e-27  6.16203e-19 -6.76792e-28  1.07484e-19   -3.185e-28  1.44159e-20 -1.13534e-28  1.46421e-21  -2.7714e-29  9.79953e-23 -8.10867e-30  7.07522e-25  -3.3627e-30   -9.247e-25 -1.16127e-30  -1.5957e-25 -2.80243e-31 -1.71766e-26 -4.72145e-32 -1.37377e-27 -5.81699e-33 -8.47243e-29 -5.67785e-34  -4.0142e-30 -4.55343e-35 -1.41834e-31 -2.87203e-36 -3.51705e-33 -1.38919e-37 -5.43819e-35 -4.78508e-39 -3.97105e-37 -7.22986e-41
 7.14599e-23 -5.29457e-09 -1.02701e-21  1.18589e-07  1.05042e-20 -1.35937e-06 -8.21784e-20  9.98362e-06  4.15076e-19 -5.15901e-05 -1.33003e-18  0.000196735  2.59551e-18 -0.000567209 -2.12192e-18   0.00124643 -4.03458e-18  -0.00207226  1.81581e-17   0.00253095 -3.60164e-17  -0.00210114  4.67604e-17  0.000907326 -4.01397e-17  0.000181844  1.63044e-17 -0.000443595  1.05901e-17  0.000103673 -2.22071e-17   0.00013185   1.3903e-17  -5.4911e-05  3.24728e-19 -4.10641e-05 -5.29795e-18  1.60577e-05  1.46932e-18  1.43101e-05  1.53653e-18 -2.22092e-06 -4.85133e-19 -4.51177e-06 -7.57918e-19 -6.63919e-07  2.52635e-19   9.3072e-07  3.37635e-19  4.91881e-07 -1.46185e-19 -2.10027e-08 -7.21556e-20  -1.1431e-07  6.12282e-22 -4.54569e-08  4.09385e-20  1.15269e-09  9.43072e-21  8.60423e-09 -1.80999e-20  3.88404e-09  -3.6139e-21  5.36236e-10  4.70765e-21 -2.96284e-10  1.39644e-21 -2.13367e-10 -8.90013e-22 -6.60333e-11 -3.75276e-22 -7.41821e-12  9.64121e-23  3.28502e-12  7.84775e-23  2.18478e-12  1.11264e-23  6.92619e-13 -8.19699e-24  1.31857e-13 -8.67629e-24  7.38988e-15 -2.52134e-24 -5.14707e-15  8.64224e-25 -2.38556e-15  7.18121e-25 -6.25829e-16  1.74391e-25 -1.16143e-16  1.28918e-26 -1.48242e-17 -4.30218e-27 -8.03335e-19 -2.11874e-27  1.87557e-19 -8.63857e-28  7.10637e-20 -4.13006e-28  1.41557e-20 -1.51417e-28  2.07152e-21 -4.18086e-29  2.37986e-22 -1.20766e-29  2.15699e-23 -4.01591e-30  1.47862e-24 -1.16801e-30  6.50253e-26 -2.51564e-31  8.54996e-29 -3.87798e-32 -2.84697e-28 -4.42793e-33 -2.90424e-29 -4.00724e-34 -1.76124e-30 -2.92425e-35 -7.23502e-32 -1.61687e-36 -1.97463e-33 -6.29304e-38   -3.175e-35 -1.44158e-39 -1.96803e-37
 6.43989e-10  4.34597e-22 -2.70844e-08 -3.90271e-21  4.35344e-07  3.55077e-20 -4.12131e-06 -2.45367e-19  2.64199e-05  1.08957e-18 -0.000122593 -3.10274e-18  0.000426487  5.44176e-18  -0.00113116 -4.03458e-18   0.00229256 -7.01103e-18  -0.00350197  2.90687e-17    0.0038728 -5.35895e-17  -0.00278367  6.51726e-17  0.000809592  -5.2267e-17   0.00057407  1.82293e-17 -0.000597559   1.6291e-17 -5.07054e-06 -2.80914e-17  0.000216986  1.47735e-17 -2.40107e-05  2.73883e-18 -7.20284e-05 -6.48432e-18  3.59694e-06  4.90888e-19  2.26322e-05  2.47928e-18  3.27757e-06 -3.43466e-19 -5.54532e-06 -1.12369e-18 -2.50469e-06  2.35266e-19  5.68101e-07  4.54588e-19  8.11919e-07  -1.2668e-19  1.95443e-07  -1.1583e-19 -9.07307e-08 -9.73576e-21  -7.9566e-08  5.55555e-20 -1.95083e-08  1.34194e-20  4.78939e-09 -2.14374e-20  5.48909e-09 -5.06537e-21   1.9287e-09  5.23928e-21  1.64537e-10  1.65222e-21 -1.70304e-10  -9.3357e-22 -1.01247e-10 -3.93368e-22  -2.9318e-11  1.08255e-22 -3.54188e-12  8.53727e-23  1.04282e-12  1.35303e-23  7.49825e-13  -9.6539e-24   2.4358e-13 -1.09877e-23  5.07984e-14 -3.47757e-24   5.7148e-15  7.69297e-25 -5.06523e-16  8.38546e-25 -4.49227e-16  2.58594e-25 -1.33346e-16  4.00996e-26  -2.7126e-17  9.49883e-28 -4.11964e-18 -1.47422e-27 -4.47534e-19 -8.86259e-28 -2.43327e-20 -4.76385e-28   2.7247e-21 -1.86554e-28  1.01454e-21  -5.5193e-29  1.73042e-22 -1.52676e-29  2.12207e-23 -4.31859e-30  2.03226e-24 -1.08522e-30  1.54787e-25 -2.09606e-31  9.28162e-27 -2.95256e-32  4.22017e-28 -3.10026e-33  1.32645e-29  -2.5569e-34  2.07942e-31 -1.65519e-35   -3.011e-33  -7.7506e-37 -2.33765e-34 -2.30044e-38 -4.24613e-36 -2.89949e-40
-1.71293e-22  4.18997e-09  1.72099e-21 -1.04551e-07 -1.22476e-20  1.33098e-06  1.05165e-19 -1.08375e-05 -6.51809e-19   6.2067e-05  2.57255e-18 -0.000262618 -6.56193e-18  0.000842621   1.0396e-17  -0.00207226 -7.01103e-18   0.00389463 -1.11563e-17  -0.00548008  4.27135e-17   0.00547178 -7.35259e-17  -0.00332533  8.44071e-17  0.000409801 -6.38306e-17   0.00109518   1.8936e-17 -0.000662823  2.27861e-17  -0.00020414 -3.34668e-17  0.000282704   1.4347e-17   4.5542e-05   5.8358e-18 -9.55821e-05 -7.39944e-18 -2.22662e-05 -8.38471e-19  2.63087e-05  3.35057e-18  1.21058e-05 -2.77892e-20 -4.22909e-06 -1.49534e-18 -4.54979e-06  1.66106e-19 -5.14201e-07   5.7044e-19  8.95419e-07 -8.89585e-20  4.84708e-07 -1.60802e-19  2.00501e-08 -2.30158e-20 -8.76906e-08   6.8929e-20  -4.4775e-08  1.79415e-20 -6.15999e-09 -2.38149e-20  4.25045e-09 -6.45998e-21  2.99797e-09  5.42889e-21  8.77192e-10  1.77354e-21  4.50674e-11 -9.49356e-22 -8.05464e-11 -3.70359e-22 -4.28784e-11  1.34796e-22 -1.20562e-11  9.45024e-23 -1.67956e-12  1.50224e-23  2.19284e-13 -1.22883e-23  2.12566e-13 -1.37755e-23  7.27116e-14 -4.65806e-24   1.6354e-14  5.67016e-25  2.44301e-15  9.38277e-25  1.40725e-16   3.4786e-25 -4.78888e-17  7.24108e-26 -1.99606e-17  8.45683e-27 -4.53039e-18 -9.83631e-29 -7.54543e-19 -7.13738e-28 -9.72769e-20 -4.95359e-28 -9.49428e-21 -2.11093e-28 -6.04337e-22 -6.46819e-29 -2.22719e-24 -1.69859e-29  5.65801e-24 -4.22362e-30  9.18404e-25 -9.32571e-31  9.36433e-26 -1.61909e-31  7.06443e-27 -2.07684e-32   4.0745e-28 -1.98651e-33  1.78191e-29 -1.46741e-34  5.69534e-31 -8.21365e-36  1.23451e-32 -3.12716e-37  1.55065e-34 -6.45795e-39  7.04071e-37
-3.56562e-10 -9.38664e-22  1.73848e-08  5.01904e-21 -3.19974e-07 -3.26688e-20  3.43961e-06  2.76117e-19 -2.49027e-05 -1.55295e-18  0.000130121  5.49773e-18 -0.000509445 -1.26415e-17   0.00152373  1.81581e-17  -0.00350197 -1.11563e-17   0.00613565 -1.62668e-17  -0.00796946  5.76197e-17   0.00714948 -9.31471e-17    -0.003528  1.02015e-16 -0.000350429 -7.36792e-17   0.00166118  1.84477e-17  -0.00056364  2.94898e-17 -0.000477015 -3.78032e-17  0.000289884   1.2595e-17  0.000150146  9.28385e-18 -9.56819e-05 -7.87781e-18 -5.86198e-05 -2.39313e-18  1.99982e-05   4.0427e-18  2.20013e-05  4.18513e-19  5.00054e-07 -1.81911e-18  -5.7448e-06  5.42571e-20 -2.21434e-06  6.69956e-19  5.01228e-07 -3.88848e-20  7.12075e-07 -2.01339e-19  2.10845e-07 -3.78086e-20 -4.36672e-08  7.95291e-20 -5.98024e-08    2.263e-20 -2.14939e-08 -2.48675e-20 -1.00147e-09 -7.57149e-21   2.6755e-09  5.22476e-21  1.45095e-09  1.67112e-21  3.74165e-10   -9.615e-22  1.47481e-11 -2.99593e-22 -3.18599e-11  1.83936e-22 -1.60954e-11  1.09771e-22   -4.515e-12  1.63588e-23 -7.29967e-13 -1.61298e-23  4.06435e-15 -1.71337e-23    4.642e-14 -6.10873e-24   1.7677e-14  2.41869e-25  4.25807e-15  1.00275e-24  7.35773e-16  4.32277e-25  8.47624e-17  1.06349e-25    2.624e-18  1.74614e-26  -1.5841e-18  1.86787e-27 -4.89267e-19 -3.69934e-28 -9.04374e-20 -4.65904e-28   -1.256e-20 -2.19088e-28 -1.37798e-21  -6.8102e-29 -1.19366e-22 -1.69391e-29   -7.805e-24 -3.77647e-30 -3.26104e-25 -7.40937e-31 -4.15389e-28 -1.15694e-31  1.25933e-27 -1.34443e-32  1.18655e-28 -1.15854e-33  6.51924e-30  -7.5245e-35  2.35294e-31 -3.53701e-36  5.32911e-33 -1.03457e-37  6.16065e-35 -1.21347e-39
 3.88175e-22  -1.6589e-09 -3.30532e-21  5.14844e-08  1.08731e-20 -7.87613e-07 -7.50398e-20  7.54331e-06  6.47966e-19 -5.01287e-05 -3.34067e-18    0.0002441  1.06922e-17 -0.000897757 -2.22742e-17   0.00253095  2.90687e-17  -0.00548008 -1.62668e-17   0.00899889 -2.17093e-17   -0.0108079  7.12396e-17   0.00864459  -1.0901e-16  -0.00320841  1.15616e-16  -0.00144937 -8.11176e-17   0.00213963  1.70887e-17 -0.000246794  3.57757e-17 -0.000772617 -4.07365e-17  0.000203144  9.72672e-18   0.00026971  1.26662e-17 -5.80362e-05 -7.83928e-18 -9.59825e-05 -3.98722e-18  1.99346e-07  4.48278e-18  2.87811e-05  9.17408e-19   8.4913e-06 -2.05066e-18 -4.85596e-06 -7.82828e-20 -3.99418e-06    7.407e-19 -4.70576e-07  1.49086e-20  6.94466e-07 -2.33217e-19  4.15819e-07 -5.25042e-20   5.9511e-08  8.63686e-20 -4.74429e-08  2.71384e-20 -3.34516e-08 -2.43181e-20 -9.11971e-09 -8.17306e-21  3.23842e-10  4.60909e-21  1.37513e-09  1.26445e-21  6.33014e-10 -1.00291e-21  1.51787e-10 -1.83279e-22   7.5992e-12  2.61291e-22 -1.03925e-11  1.35459e-22 -5.26463e-12  1.90325e-23 -1.50103e-12 -2.07911e-23 -2.74539e-13 -2.10114e-23 -2.07992e-14 -7.82643e-24  6.42333e-15  -2.0998e-25  3.27463e-15  1.01733e-24  8.60395e-16  5.00833e-25  1.62322e-16  1.37587e-25  2.29677e-17  2.67035e-26  2.25713e-18  4.09435e-27  8.32018e-20  7.36825e-29 -2.18793e-20 -3.94909e-28 -6.12201e-21 -2.08659e-28 -9.51778e-22 -6.49794e-29 -1.09321e-22 -1.53004e-29 -9.86617e-24 -3.09539e-30 -7.07666e-25 -5.43535e-31 -3.97876e-26 -7.62537e-32 -1.68459e-27 -7.97393e-33 -4.89619e-29 -6.11125e-34 -7.23565e-31 -3.41637e-35  6.42254e-33 -1.29892e-36  4.67234e-34 -2.65774e-38  5.05435e-36
 3.50506e-11  2.04022e-21 -3.82183e-09 -8.33308e-21  1.06814e-07  1.53221e-20 -1.53216e-06 -1.48512e-19  1.39121e-05  1.36743e-18 -8.80895e-05 -6.52633e-18  0.000409673  1.90146e-17  -0.00143971 -3.60164e-17    0.0038728  4.27135e-17  -0.00796946 -2.17093e-17    0.0123347 -2.64172e-17   -0.0137156   8.0355e-17    0.0096657 -1.17764e-16  -0.00225695  1.23584e-16  -0.00277066 -8.60383e-17   0.00238006  1.53279e-17  0.000292834  4.11046e-17    -0.001013 -4.21026e-17  6.08705e-06  6.13314e-18  0.000369763  1.55679e-17  2.29163e-05 -7.30847e-18 -0.000119871 -5.41145e-18 -3.22123e-05  4.64405e-18  2.75725e-05  1.37589e-18  1.78624e-05 -2.16418e-18 -1.07315e-06 -2.03124e-19 -4.96724e-06  7.76655e-19 -1.84155e-06  6.34697e-20  2.91352e-07 -2.54784e-19  5.22106e-07 -6.59748e-20  1.94308e-07  8.90401e-20   7.6074e-10  3.12794e-20 -3.22728e-08  -2.1953e-20 -1.62804e-08 -8.06438e-21 -3.54243e-09  3.59539e-21  3.67716e-10  4.96674e-22   6.0272e-10 -1.10978e-21  2.50221e-10 -3.34942e-23  5.84431e-11  3.68079e-22  4.53359e-12  1.74963e-22 -2.65442e-12  2.49323e-23 -1.45804e-12 -2.54532e-23 -4.29224e-13 -2.51411e-23  -8.6061e-14 -9.72456e-24   -1.076e-14 -7.70269e-25 -4.66808e-17  9.72214e-25  3.95263e-16  5.43769e-25  1.25841e-16  1.61757e-25  2.57528e-17  3.46928e-26  3.98752e-18  6.15434e-27  4.79876e-19  5.20681e-28  4.30445e-20 -2.98147e-28  2.31392e-21 -1.82503e-28 -5.41962e-23 -5.65231e-29 -3.07776e-23 -1.25952e-29 -4.28996e-24  -2.3285e-30 -3.98187e-25 -3.67407e-31  -2.7565e-26 -4.61934e-32 -1.45049e-27 -4.31045e-33 -5.69946e-29 -2.89326e-34  -1.5911e-30 -1.35582e-35 -2.85007e-32 -3.94811e-37 -2.57381e-34 -4.60671e-39
-7.74983e-22 -3.28894e-10  7.04128e-21  3.10975e-10 -1.44366e-20  1.17147e-07  4.47952e-22 -2.15635e-06 -2.49319e-19  2.08531e-05  2.60764e-18 -0.000133315 -1.16394e-17  0.000612415  3.10537e-17  -0.00210114 -5.35895e-17   0.00547178  5.76197e-17   -0.0108079 -2.64172e-17    0.0158634  -2.9056e-17   -0.0163447  8.18642e-17   0.00996474 -1.17136e-16 -0.000681479  1.25476e-16  -0.00411966 -8.87906e-17   0.00225638  1.35744e-17  0.000999665  4.50944e-17  -0.00111311 -4.19143e-17 -0.000287478  2.29787e-18  0.000410171  1.76525e-17  0.000138854 -6.40027e-18 -0.000115169 -6.47604e-18 -7.07012e-05  4.54283e-18  1.48411e-05  1.70846e-18  2.52016e-05 -2.15605e-18  5.37842e-06 -2.93127e-19 -4.22637e-06  7.80003e-19 -3.12706e-06  1.00085e-19 -4.90604e-07 -2.67167e-19  4.17795e-07  -7.8163e-20  2.99907e-07  8.75261e-20  7.47119e-08  3.50857e-20 -1.20601e-08 -1.75957e-20 -1.74989e-08 -7.08923e-21 -7.12301e-09  2.22906e-21 -1.31259e-09 -6.51451e-22  1.85393e-10 -1.31437e-21  2.27855e-10  1.29231e-22   8.9109e-11  4.99718e-22  2.09488e-11  2.29459e-22  2.33995e-12   3.5778e-23 -4.51739e-13  -2.8997e-23 -3.26061e-13 -2.90334e-23 -1.01612e-13 -1.16208e-23  -2.1811e-14 -1.39139e-24 -3.35108e-15  8.67457e-25 -3.07895e-16  5.55013e-25  1.01596e-17  1.75443e-25  1.11391e-17  4.00999e-26  2.72495e-18  7.65437e-27  4.53894e-19   8.8021e-28  5.84082e-20 -1.95242e-28  5.97411e-21 -1.46662e-28  4.80045e-22 -4.50012e-29  2.85133e-23 -9.48361e-30  9.89733e-25 -1.60775e-30 -1.56129e-26 -2.28263e-31 -5.08695e-27 -2.56114e-32 -3.96768e-28 -2.11029e-33 -1.87323e-29 -1.21708e-34 -5.66445e-31 -4.61293e-36 -9.92186e-33 -9.38195e-38 -6.63638e-35
 9.17454e-11   -3.972e-21 -3.42944e-09  1.81953e-20  4.11277e-08  -1.0364e-20 -1.61949e-07 -8.20882e-20 -1.29035e-06 -3.37469e-19  2.26814e-05  4.51137e-18 -0.000167614 -1.90436e-17  0.000805835  4.67604e-17  -0.00278367 -7.35259e-17   0.00714948  7.12396e-17   -0.0137156  -2.9056e-17    0.0192231 -2.83487e-17   -0.0183586  7.37243e-17   0.00940509 -1.06676e-16   0.00138264  1.22041e-16  -0.00526719 -8.98696e-17   0.00170581  1.20329e-17   0.00176425  4.75207e-17  -0.00100608 -4.03111e-17 -0.000631604 -1.30062e-18  0.000357786   1.8713e-17  0.000266892 -5.27826e-18 -7.18637e-05 -7.04698e-18  -0.00010396  4.22484e-18 -9.59557e-06  1.85446e-18  2.65904e-05 -2.04329e-18  1.29519e-05 -3.28596e-19 -1.30187e-06  7.60867e-19 -3.67273e-06  1.22215e-19 -1.44006e-06 -2.73586e-19  5.83721e-08 -9.03385e-20  3.05615e-07  8.19003e-20  1.44479e-07  3.87578e-20  2.37394e-08 -1.11188e-20 -9.57515e-09 -5.15025e-21 -8.10818e-09  5.90576e-22 -2.85708e-09 -2.15088e-21 -4.82069e-10 -1.63677e-21  6.23188e-11  2.79669e-22  7.37463e-11  6.45653e-22  2.81421e-11  2.96943e-22  6.77626e-12  5.25081e-23  9.71386e-13 -3.02608e-23 -8.88171e-15 -3.20561e-23 -5.35429e-14 -1.32579e-23 -1.88999e-14 -1.99808e-24 -4.31718e-15  7.15322e-25 -7.34049e-16  5.33823e-25 -9.25331e-17  1.77019e-25 -7.33088e-18  4.21246e-26  7.37821e-20  8.34952e-27   1.4698e-19  1.09312e-27  3.05489e-20 -1.03773e-28  4.19826e-21 -1.08262e-28  4.41078e-22 -3.28712e-29  3.67168e-23 -6.54381e-30  2.42444e-24 -1.01818e-30   1.2431e-25 -1.29942e-31  4.70808e-27 -1.29307e-32   1.1738e-28 -9.28325e-34  1.25911e-30 -4.48697e-35 -2.09876e-32 -1.30399e-36 -7.27514e-34 -1.51173e-38
 1.29927e-21  6.44076e-10 -1.36484e-20 -1.63203e-08  3.63887e-20  1.94144e-07  3.70158e-20 -1.27397e-06 -3.32103e-19  3.89837e-06 -3.05412e-19  8.24689e-06  7.10525e-18 -0.000156906  -2.8723e-17  0.000907326  6.51726e-17  -0.00332533 -9.31471e-17   0.00864459   8.0355e-17   -0.0163447 -2.83487e-17    0.0220496 -2.34702e-17   -0.0195145  5.57059e-17   0.00799854  -8.7951e-17   0.00370135  1.14818e-16  -0.00600542 -8.96018e-17  0.000749623  1.06827e-17   0.00244778  4.82817e-17 -0.000664608 -3.75131e-17 -0.000957069 -4.27543e-18  0.000198407  1.86898e-17  0.000374237 -4.10218e-18  1.00748e-05 -7.06512e-18 -0.000118981  3.74856e-18 -4.15143e-05  1.78548e-18  1.91412e-05 -1.85911e-18  1.90505e-05 -3.00692e-19  3.46099e-06  7.35342e-19 -2.92683e-06  1.32353e-19 -2.17963e-06 -2.78083e-19 -4.83753e-07 -1.04872e-19  1.68493e-07  7.20807e-20   1.7132e-07  4.25138e-20  6.12166e-08 -2.51056e-21  6.21349e-09 -2.23136e-21 -5.06725e-09 -1.20521e-21 -3.29934e-09 -3.91984e-21 -1.05922e-09 -2.07737e-21 -1.77498e-10  3.93216e-22  1.26304e-11  7.90666e-22  1.99173e-11  3.72049e-22  7.68404e-12  7.48284e-23  1.90796e-12 -2.83528e-23  3.20389e-13 -3.35812e-23  2.58189e-14 -1.43573e-23 -4.65494e-15 -2.50054e-24 -2.51264e-15  5.38494e-25 -6.33252e-16  4.84975e-25 -1.14759e-16  1.67032e-25 -1.61098e-17  4.06937e-26 -1.74537e-18  8.20033e-27 -1.33778e-19  1.14427e-27 -4.26994e-21 -3.48883e-29  6.49472e-22 -7.33169e-29   1.4363e-22 -2.20552e-29  1.65317e-23 -4.14051e-30  1.35669e-24 -5.90549e-31  8.41027e-26 -6.75235e-32  3.94037e-27 -5.90826e-33  1.35186e-28 -3.63201e-34  3.16731e-30 -1.42094e-35  4.37007e-32  -2.8897e-37  2.26821e-34
