  0.00355474 -4.42503e-20   -0.0123853  3.88208e-19    0.0109544  9.17011e-19    0.0013234 -4.56799e-18  -0.00519076  3.74309e-18 -0.000930384   3.4257e-18   0.00229759 -3.79439e-18  0.000945566  3.34155e-19 -0.000789677 -1.15679e-18 -0.000665458  1.64988e-18  0.000113717 -1.86871e-20  0.000320201 -4.11095e-19  7.90237e-05 -2.25847e-19 -9.20942e-05  1.14188e-19 -6.88726e-05  1.16422e-19  2.21415e-06  2.01462e-21   2.4323e-05 -5.05735e-20  1.07747e-05  4.16832e-21 -2.07961e-06   1.4527e-21 -4.03272e-06  2.10447e-21 -1.49286e-06 -3.27608e-22  1.79545e-07  1.28793e-21  3.99859e-07  -8.5972e-23   1.6903e-07 -3.52299e-22  2.27029e-08 -8.75093e-23 -9.68109e-09  1.83309e-23 -6.06306e-09  5.18366e-24 -1.58282e-09   2.6481e-24 -2.26032e-10  9.06392e-25 -1.57981e-11  6.71986e-26  -2.9597e-13
-4.42503e-20    0.0190695 -3.98016e-19   -0.0332932  9.39812e-19     0.014013  4.63056e-18    0.0116491 -1.27208e-17  -0.00712393  3.07682e-18  -0.00615325  1.05216e-17   0.00240479 -4.19753e-18   0.00340717 -4.22404e-19 -0.000200163 -3.37583e-18  -0.00158439  2.63022e-18 -0.000438419  9.62557e-19   0.00051145 -5.52112e-19  0.000373588 -6.92941e-19 -5.06702e-05  2.39343e-20 -0.000162083  2.89612e-19  -5.2928e-05  4.44553e-20  3.12915e-05 -8.04187e-20  3.18201e-05 -1.55872e-20  5.97789e-06  5.13689e-21 -5.94368e-06  1.59138e-21 -4.54633e-06  2.46325e-22 -9.59557e-07   2.5838e-21  4.31554e-07  2.64298e-22  3.85412e-07 -5.55141e-22  1.26937e-07 -1.70692e-22  1.54969e-08 -1.70206e-24 -3.60246e-09 -3.39937e-24 -1.91841e-09  2.87344e-24 -3.56794e-10  1.21956e-24 -2.88078e-11  7.95749e-26
  -0.0123853 -3.98016e-19    0.0460885 -1.26939e-18   -0.0470048  6.70422e-19   0.00181942  1.13895e-17     0.021947 -1.93963e-17  -0.00136942 -4.44583e-18   -0.0107866  1.45212e-17  -0.00101327  3.32173e-20   0.00491851  -8.4178e-19   0.00171767 -5.55199e-18  -0.00174253  2.36912e-18  -0.00132009  2.27478e-18  0.000289544 -2.38341e-19  0.000657242 -1.12337e-18  0.000144733  -1.9916e-19 -0.000192116  4.38785e-19 -0.000137403  1.02961e-19  3.98486e-06 -8.79811e-20  4.69624e-05 -3.91476e-20  2.18725e-05  7.70736e-21 -2.21301e-06 -1.64531e-21 -6.76673e-06  2.26242e-22 -3.03088e-06  3.62898e-21 -2.34972e-07  9.24696e-22  3.85561e-07  -4.8452e-22  2.18825e-07 -1.22956e-22  5.90081e-08 -2.39123e-23  7.91156e-09 -1.68913e-23  8.55859e-11  5.58015e-26 -1.14872e-10  7.11743e-25 -9.05284e-12
 3.88208e-19   -0.0332932 -1.26939e-18    0.0659074 -1.55494e-18   -0.0398566 -1.63744e-19     -0.01583  1.92932e-17    0.0221489 -1.97766e-17   0.00753369 -1.22706e-17   -0.0106171  1.14134e-17  -0.00525517  5.43471e-18   0.00418396 -1.12948e-18   0.00354137 -6.66617e-18 -0.000977069  1.40795e-18  -0.00192927  3.19473e-18 -0.000230773   2.5332e-19  0.000742269   -1.405e-18  0.000391184 -3.89452e-19 -0.000128162  5.24172e-19 -0.000204464  1.63905e-19 -4.98298e-05  -8.7938e-20  4.41143e-05 -4.78868e-20  3.77407e-05  8.80725e-21  7.04122e-06 -6.39692e-21 -5.96154e-06 -1.70342e-21 -4.79142e-06  3.82455e-21 -1.39877e-06  1.45173e-21  3.50876e-08 -6.32793e-23  1.86027e-07  1.14845e-22   7.5673e-08   1.5486e-25  1.61524e-08 -2.12455e-23  1.90644e-09 -2.40182e-24  1.01215e-10  8.80504e-26
   0.0109544  9.39812e-19   -0.0470048 -1.55494e-18    0.0623418 -2.97807e-18   -0.0207863  2.49011e-18   -0.0246406  2.36247e-17    0.0150742 -1.62844e-17    0.0126891 -1.39603e-17  -0.00728054  5.72071e-18  -0.00766613  9.02767e-18   0.00231262 -1.96818e-18     0.004439 -7.12005e-18  0.000107163  5.20154e-19  -0.00209061  3.63574e-18 -0.000783813  6.49481e-19   0.00063238 -1.61749e-18  0.000593762 -4.91735e-19  8.51948e-07  5.41915e-19  -0.00022922  2.14447e-19 -0.000110983 -8.97609e-20  2.20657e-05 -3.59479e-20  4.63879e-05  1.12251e-20  1.86284e-05 -1.11873e-20 -1.62764e-06 -5.96404e-21 -5.02346e-06  2.53641e-21 -2.42107e-06  1.32574e-21 -5.14436e-07  5.68752e-22  1.83621e-08  4.66347e-22  4.33461e-08  7.47932e-23  1.22778e-08  -1.1983e-23  1.60483e-09 -2.23298e-24  7.35168e-11
 9.17011e-19     0.014013  6.70422e-19   -0.0398566 -2.97807e-18    0.0445473 -7.34768e-18  -0.00791508  8.13436e-18    -0.023622  2.38516e-17   0.00861054 -1.44633e-17    0.0137941 -1.14181e-17   -0.0040722  2.98261e-18  -0.00841467  1.09537e-17  0.000530426 -2.69519e-18   0.00463538 -7.49094e-18   0.00109979 -1.31753e-19  -0.00194692  3.83968e-18  -0.00124395   9.0586e-19  0.000401195 -1.76969e-18  0.000718709 -5.47267e-19  0.000158512  5.05334e-19 -0.000208047  2.23294e-19 -0.000163347 -9.15497e-20 -1.40387e-05 -7.45966e-21  4.39331e-05  1.91164e-20  2.84892e-05 -1.49827e-20  5.10118e-06 -1.16178e-20 -3.21425e-06 -6.19055e-22 -2.64792e-06  2.85291e-22 -9.25065e-07  1.04682e-21 -1.70531e-07  7.50116e-22 -9.56574e-09   1.4652e-22  2.35881e-09  1.87839e-24  4.18106e-10 -8.22988e-25
   0.0013234  4.63056e-18   0.00181942 -1.63744e-19   -0.0207863 -7.34768e-18    0.0308481 -1.50247e-17  -0.00432191  1.52591e-17   -0.0209063  2.13354e-17   0.00524086 -1.36894e-17    0.0136517 -1.00322e-17  -0.00178661  3.61227e-18  -0.00850758  1.21261e-17 -0.000941126 -2.45636e-18   0.00447939 -7.71763e-18   0.00193358 -6.84687e-19  -0.00162374  3.94332e-18  -0.00158688   1.0385e-18  0.000102881 -1.77531e-18  0.000760667 -5.77048e-19  0.000317678  4.41488e-19 -0.000146239  1.67637e-19 -0.000195852 -8.91113e-20 -5.64809e-05  3.06895e-20  2.97584e-05  3.42667e-20  3.30717e-05 -1.68655e-20  1.20274e-05 -1.66671e-20  1.96666e-07 -5.28825e-21 -1.81292e-06 -1.55537e-21 -9.18384e-07   1.0056e-21 -2.44087e-07  8.00118e-22 -3.78564e-08  1.60218e-22 -3.07583e-09  9.04169e-24 -8.16469e-11
-4.56799e-18    0.0116491  1.13895e-17     -0.01583  2.49011e-18  -0.00791508 -1.50247e-17    0.0264406 -2.05392e-17  -0.00368081   1.9789e-17   -0.0195187  1.80605e-17   0.00300628 -1.19087e-17    0.0134097 -1.14258e-17  6.54412e-05    5.045e-18  -0.00830394  1.26876e-17  -0.00219157 -1.39257e-18   0.00410078 -7.57707e-18   0.00260974 -1.16284e-18  -0.00118494  3.94798e-18  -0.00180725  1.07254e-18 -0.000225035 -1.59776e-18  0.000722848 -5.56372e-19  0.000457643  3.65917e-19 -5.33802e-05  5.90176e-20 -0.000201847 -8.11369e-20 -9.66816e-05  7.26695e-20  6.12455e-06   5.3918e-20  3.02192e-05  -1.5141e-20  1.66401e-05 -1.89018e-20  3.94157e-06 -1.01185e-20 -2.49395e-07 -3.73658e-21 -5.00089e-07  4.02466e-22 -1.71008e-07  5.96991e-22 -2.97408e-08  1.15322e-22 -2.43557e-09  6.88838e-24
 -0.00519076 -1.27208e-17     0.021947  1.92932e-17   -0.0246406  8.13436e-18  -0.00432191 -2.05392e-17    0.0245661 -2.33009e-17   -0.0022072  2.11203e-17   -0.0185607  1.44209e-17    0.0010661 -9.52692e-18    0.0129432 -1.38367e-17   0.00162652  5.18319e-18  -0.00785962  1.24993e-17  -0.00322937 -9.47409e-20   0.00356894 -7.13159e-18   0.00312487 -1.48677e-18 -0.000678842    3.815e-18  -0.00190723  1.08418e-18 -0.000552481 -1.30331e-18  0.000614019 -4.65945e-19  0.000562786  2.67662e-19  5.82951e-05 -7.03826e-20 -0.000178918 -7.05922e-20 -0.000126447  1.12822e-19 -2.23577e-05  7.27409e-20  1.97867e-05 -7.15013e-21  1.69834e-05 -1.65825e-20  6.42025e-06 -1.31357e-20  1.24027e-06  -5.5074e-21  2.90503e-08 -3.93541e-22 -4.40503e-08  2.83166e-22  -9.4183e-09  5.54761e-23 -5.66053e-10
 3.74309e-18  -0.00712393 -1.93963e-17    0.0221489  2.36247e-17    -0.023622  1.52591e-17  -0.00368081 -2.33009e-17    0.0223064 -2.24915e-17 -0.000984993  1.89589e-17   -0.0173819  1.21162e-17 -0.000443091 -7.78145e-18    0.0122969 -1.54604e-17   0.00288779   3.7219e-18  -0.00727563  1.16873e-17  -0.00406578  1.02336e-18   0.00294724 -6.69722e-18   0.00348856 -1.65732e-18 -0.000142519  3.53624e-18  -0.00189546  1.15357e-18 -0.000856264 -9.85056e-19  0.000446318 -3.26146e-19  0.000622166  1.33205e-19  0.000175186 -1.95253e-19 -0.000128707 -6.48468e-20 -0.000139083   1.4228e-19 -4.95171e-05  8.62118e-20  3.91132e-06  8.63449e-21  1.25033e-05 -9.02982e-21  6.48763e-06 -1.27748e-20  1.88213e-06 -6.07806e-21  3.28158e-07 -9.03101e-22  3.08694e-08   3.7979e-23  1.01425e-09  1.68579e-23
-0.000930384  3.07682e-18  -0.00136942 -1.97766e-17    0.0150742  2.38516e-17   -0.0209063   1.9789e-17   -0.0022072 -2.24915e-17    0.0201987 -1.92632e-17 -0.000290544  1.45358e-17   -0.0163367  1.20208e-17  -0.00158477 -6.63602e-18    0.0116284 -1.57237e-17   0.00391426  1.62658e-18  -0.00662228  1.07563e-17  -0.00473292  1.77385e-18   0.00227379 -6.58727e-18   0.00371485  -1.8283e-18  0.000398235  3.16806e-18  -0.00178245   1.2806e-18  -0.00111833 -6.78705e-19  0.000233811 -1.71373e-19  0.000628976 -2.08619e-20  0.000283212 -3.06566e-19 -5.67113e-05 -7.28759e-20 -0.000130451  1.48164e-19 -6.87307e-05  9.12947e-20 -1.32144e-05  2.95085e-20  4.59472e-06  2.56506e-21  4.20888e-06 -9.00476e-21  1.49733e-06 -5.14834e-21  3.05829e-07 -9.33048e-22   3.4539e-08 -5.74532e-23  1.46247e-09
  3.4257e-18  -0.00615325 -4.44583e-18   0.00753369 -1.62844e-17   0.00861054  2.13354e-17   -0.0195187  2.11203e-17 -0.000984993 -1.92632e-17    0.0188126  -1.4506e-17  0.000212307  9.78215e-18   -0.0154743  1.33636e-17  -0.00251508 -5.48668e-18    0.0109591 -1.52556e-17   0.00476841 -4.27935e-20  -0.00592586  1.03965e-17  -0.00525566  2.14607e-18   0.00157184 -6.85128e-18   0.00381561  -2.1652e-18  0.000923672  2.78823e-18  -0.00157924  1.37748e-18  -0.00132408  -3.6379e-19 -7.87602e-06 -8.45877e-21  0.000580389 -1.48115e-19  0.000368615 -4.00687e-19   2.7981e-05 -1.00022e-19  -9.9993e-05   1.1891e-19 -7.44039e-05  8.47943e-20 -2.62799e-05   4.8132e-20 -3.61159e-06  1.47506e-20  9.82816e-07 -3.57057e-21  6.11618e-07 -3.23346e-21  1.34935e-07 -6.49614e-22  1.30511e-08 -4.27293e-23
  0.00229759  1.05216e-17   -0.0107866 -1.22706e-17    0.0126891 -1.44633e-17   0.00524086  1.80605e-17   -0.0185607  1.89589e-17 -0.000290544  -1.4506e-17    0.0176805 -1.04892e-17  0.000657739  7.10442e-18   -0.0146974  1.51362e-17  -0.00329282 -4.41457e-18    0.0102938  -1.5101e-17   0.00548227 -8.41117e-19  -0.00520485   1.1004e-17  -0.00565191   2.2861e-18  0.000858255 -7.22929e-18   0.00380108 -2.63234e-18   0.00141767  2.41482e-18  -0.00129742  1.34086e-18   -0.0014616 -2.61973e-20 -0.000261669  1.83987e-19  0.000477743 -2.03573e-19  0.000418929  -4.6418e-19  0.000113203 -1.43737e-19 -5.15885e-05  5.30387e-20  -6.3774e-05  6.33983e-20 -3.06852e-05  5.64033e-20  -8.6286e-06  2.30136e-20 -1.36241e-06  1.12204e-21 -6.71742e-08 -1.31665e-21  1.19625e-08 -3.27512e-22   1.2775e-09
-3.79439e-18   0.00240479  1.45212e-17   -0.0106171 -1.39603e-17    0.0137941 -1.36894e-17   0.00300628  1.44209e-17   -0.0173819  1.45358e-17  0.000212307 -1.04892e-17    0.0166924 -9.24298e-18   0.00100935  7.38718e-18    -0.014005   1.7011e-17  -0.00394513 -3.87324e-18    0.0096447 -1.58126e-17   0.00608272 -8.42927e-19  -0.00447069  1.23205e-17  -0.00593671  2.39326e-18  0.000144784 -7.36612e-18   0.00367989 -2.98217e-18   0.00186635  1.98202e-18 -0.000949208  1.11971e-18  -0.00152132  3.00772e-19 -0.000509086  4.21497e-19  0.000326958 -1.68151e-19  0.000424262 -4.69431e-19   0.00018473 -1.91424e-19  6.03027e-06 -3.53434e-20 -3.87579e-05  2.74249e-20 -2.49837e-05  5.08438e-20 -8.74853e-06  2.44418e-20 -1.92373e-06  3.58386e-21 -2.57006e-07 -1.33063e-22  -1.7156e-08 -1.16177e-22
 0.000945566 -4.19753e-18  -0.00101327  1.14134e-17  -0.00728054 -1.14181e-17    0.0136517 -1.19087e-17    0.0010661  1.21162e-17   -0.0163367  9.78215e-18  0.000657739 -9.24298e-18    0.0158799 -1.11822e-17   0.00129282   9.4277e-18   -0.0133939  1.89605e-17  -0.00450815 -4.01224e-18   0.00901377 -1.71506e-17   0.00659234 -2.93612e-19   -0.0037286  1.36024e-17  -0.00612109  2.57793e-18 -0.000559698 -7.05035e-18   0.00345897 -2.97787e-18   0.00225682  1.40212e-18 -0.000547945  7.19479e-19    -0.001496  5.50826e-19 -0.000730364  6.85834e-19  0.000139101 -4.46142e-20  0.000378988 -3.85382e-19  0.000228086 -2.20002e-19  5.98347e-05 -1.19203e-19 -6.93363e-06 -1.50799e-20 -1.25022e-05  3.49242e-20 -5.26677e-06  1.96864e-20 -1.22018e-06  3.84987e-21 -1.54782e-07  2.15672e-22 -7.33618e-09
 3.34155e-19   0.00340717  3.32173e-20  -0.00525517  5.72071e-18   -0.0040722 -1.00322e-17    0.0134097 -9.52692e-18 -0.000443091  1.20208e-17   -0.0154743  7.10442e-18   0.00100935 -1.11822e-17    0.0151993 -1.48779e-17   0.00153978  1.15113e-17   -0.0128486  2.06337e-17  -0.00500543 -4.64161e-18   0.00839905 -1.84809e-17   0.00702672  4.99716e-19  -0.00298087  1.41555e-17  -0.00621246  2.78218e-18  -0.00124762 -6.25418e-18   0.00314407 -2.57916e-18   0.00257642  6.51932e-19  -0.00010871   1.6467e-19  -0.00138122  6.61224e-19  -0.00090486  9.21939e-19 -6.90596e-05  1.57322e-19  0.000283857 -1.96322e-19  0.000231423 -2.01154e-19  9.49428e-05 -1.69668e-19  2.01529e-05 -4.99379e-20  -3.2088e-09  1.62735e-20 -1.30766e-06  1.22211e-20  -3.6086e-07  2.85267e-21 -3.89393e-08  1.07029e-22
-0.000789677 -4.22404e-19   0.00491851  5.43471e-18  -0.00766613  2.98261e-18  -0.00178661 -1.14258e-17    0.0129432 -7.78145e-18  -0.00158477  1.33636e-17   -0.0146974  7.38718e-18   0.00129282 -1.48779e-17    0.0146182 -1.82275e-17   0.00175634  1.27623e-17   -0.0123596   2.1552e-17  -0.00545265 -5.55246e-18   0.00779783 -1.92952e-17   0.00739758  1.14967e-18  -0.00222802  1.36987e-17  -0.00621542  2.83643e-18  -0.00191171 -5.01594e-18   0.00274025 -1.90114e-18   0.00281224 -1.94191e-19  0.000350927 -5.22347e-19  -0.00117627  5.88752e-19  -0.00101193  1.05492e-18 -0.000274841  4.20095e-19  0.000148267   8.2223e-20  0.000189781 -1.17173e-19  0.000100055   -1.709e-19   3.2499e-05 -6.54757e-20  6.73444e-06  1.46976e-21  8.17721e-07  5.67724e-21    4.307e-08  1.54373e-21 -6.30843e-11
-1.15679e-18 -0.000200163  -8.4178e-19   0.00418396  9.02767e-18  -0.00841467  3.61227e-18  6.54412e-05 -1.38367e-17    0.0122969 -6.63602e-18  -0.00251508  1.51362e-17    -0.014005   9.4277e-18   0.00153978 -1.82275e-17    0.0141237  -1.9992e-17   0.00195052  1.32288e-17   -0.0119194  2.16145e-17  -0.00586331  -6.6053e-18   0.00720623 -1.93742e-17   0.00771344  1.31114e-18  -0.00146945  1.23071e-17  -0.00613196  2.62694e-18  -0.00254419 -3.35818e-18   0.00225258 -1.04918e-18   0.00295093  -1.0025e-18  0.000810114 -1.30441e-18 -0.000885535  3.04285e-19  -0.00103261  1.01969e-18 -0.000450311  7.01761e-19 -7.65904e-06  3.98361e-19  0.000110526  1.93953e-20  7.48045e-05  -1.2939e-19  2.81805e-05 -6.07443e-20  6.78956e-06 -6.87371e-21  1.01375e-06  1.83342e-21  7.73134e-08  5.27712e-22
-0.000665458 -3.37583e-18   0.00171767 -1.12948e-18   0.00231262  1.09537e-17  -0.00850758    5.045e-18   0.00162652 -1.54604e-17    0.0116284 -5.48668e-18  -0.00329282   1.7011e-17   -0.0133939  1.15113e-17   0.00175634  -1.9992e-17    0.0137028 -2.02196e-17   0.00213027  1.33334e-17   -0.0115211   2.1113e-17  -0.00624764 -7.54129e-18   0.00661968  -1.8671e-17   0.00797999  8.88471e-19 -0.000704099  1.01507e-17  -0.00596183  2.20902e-18  -0.00313597 -1.32371e-18   0.00168686 -3.67332e-20   0.00297879 -1.64162e-18   0.00124396 -2.09938e-18 -0.000520414  -2.0001e-19 -0.000952498  7.92458e-19 -0.000564387  9.29151e-19 -0.000152334  6.74339e-19  1.67505e-05  1.62753e-19  3.31942e-05 -6.90898e-20  1.46698e-05 -4.46947e-20  3.56061e-06 -9.29701e-21  4.72785e-07  4.77199e-22  2.34047e-08
 1.64988e-18  -0.00158439 -5.55199e-18   0.00354137 -1.96818e-18  0.000530426  1.21261e-17  -0.00830394  5.18319e-18   0.00288779 -1.57237e-17    0.0109591 -4.41457e-18  -0.00394513  1.89605e-17   -0.0128486  1.27623e-17   0.00195052 -2.02196e-17    0.0133445 -1.95949e-17   0.00230027  1.34327e-17   -0.0111585  2.03748e-17   -0.0066136 -7.88496e-18   0.00603316 -1.71836e-17   0.00820054  5.73422e-20  6.91061e-05  7.34383e-18  -0.00570279  1.73637e-18  -0.00367609  9.45402e-19   0.00105067  1.14649e-18   0.00288231 -2.01247e-18   0.00162296 -2.77304e-18 -0.000101741 -8.75931e-19 -0.000765844  4.05623e-19  -0.00058738  1.02179e-18 -0.000247269  8.34754e-19 -5.83746e-05  2.59657e-19 -3.33611e-06 -1.51946e-20  2.46519e-06 -2.78068e-20  7.94701e-07 -7.53903e-21  9.09362e-08  3.26903e-22
 0.000113717  2.63022e-18  -0.00174253 -6.66617e-18     0.004439 -2.69519e-18 -0.000941126  1.26876e-17  -0.00785962   3.7219e-18   0.00391426 -1.52556e-17    0.0102938 -3.87324e-18  -0.00450815  2.06337e-17   -0.0123596  1.32288e-17   0.00213027 -1.95949e-17    0.0130412 -1.87424e-17   0.00246465  1.36141e-17   -0.0108264  1.95415e-17  -0.00696772 -7.16401e-18    0.0054413  -1.4911e-17   0.00837629 -9.43693e-19  0.000850888  3.99771e-18  -0.00535086  1.29361e-18  -0.00415098  3.18149e-18  0.000354602  2.41633e-18   0.00264919 -2.03774e-18   0.00191277 -3.17067e-18  0.000337788 -1.59337e-18 -0.000481153 -6.40237e-20 -0.000501108  9.38727e-19 -0.000262288  8.42918e-19 -8.90253e-05  2.85058e-19  -2.0212e-05  1.90143e-20  -2.9267e-06 -1.54765e-20 -2.34153e-07 -3.77856e-21 -6.53191e-09
-1.86871e-20 -0.000438419  2.36912e-18 -0.000977069 -7.12005e-18   0.00463538 -2.45636e-18  -0.00219157  1.24993e-17  -0.00727563  1.62658e-18   0.00476841  -1.5101e-17    0.0096447 -4.01224e-18  -0.00500543   2.1552e-17   -0.0119194  1.33334e-17   0.00230027 -1.87424e-17    0.0127867 -1.79889e-17   0.00262697  1.36276e-17   -0.0105201   1.8578e-17   -0.0073153 -5.27934e-18   0.00483839 -1.18898e-17   0.00850639 -1.98859e-18   0.00164119  3.59971e-19  -0.00490062  8.25331e-19  -0.00454381  5.03918e-18 -0.000386154  3.56868e-18   0.00227016 -1.65137e-18    0.0020753 -3.17386e-18  0.000751846  -2.1705e-18 -0.000129759  -5.2155e-19 -0.000316396  7.11316e-19 -0.000197363  7.20079e-19 -7.42855e-05  2.53112e-19 -1.83585e-05  3.27281e-20 -2.85033e-06 -7.95078e-21 -2.27822e-07 -6.18141e-22
 0.000320201  9.62557e-19  -0.00132009  1.40795e-18  0.000107163 -7.49094e-18   0.00447939 -1.39257e-18  -0.00322937  1.16873e-17  -0.00662228 -4.27935e-20   0.00548227 -1.58126e-17   0.00901377 -4.64161e-18  -0.00545265  2.16145e-17   -0.0115211  1.34327e-17   0.00246465 -1.79889e-17    0.0125763 -1.73999e-17   0.00279021  1.30076e-17   -0.0102354  1.73139e-17  -0.00766069 -2.65424e-18   0.00421829 -8.27943e-18    0.0085879 -3.00901e-18   0.00243873 -3.14403e-18  -0.00434553  2.15898e-19  -0.00483386  6.18381e-18  -0.00114991  4.38765e-18   0.00174218 -8.29303e-19    0.0020718 -2.75152e-18   0.00107865 -2.45539e-18  0.000224085 -8.77996e-19 -8.69375e-05  4.26172e-19 -9.11184e-05  5.28687e-19  -3.7609e-05  1.96049e-19 -9.00551e-06  3.08693e-20  -1.1998e-06 -3.63952e-21 -5.99906e-08
-4.11095e-19   0.00051145  2.27478e-18  -0.00192927  5.20154e-19   0.00109979 -7.71763e-18   0.00410078 -9.47409e-20  -0.00406578  1.07563e-17  -0.00592586 -8.41117e-19   0.00608272 -1.71506e-17   0.00839905 -5.55246e-18  -0.00586331   2.1113e-17   -0.0111585  1.36141e-17   0.00262697 -1.73999e-17    0.0124061 -1.68489e-17   0.00295715   1.1419e-17  -0.00996826  1.54703e-17  -0.00800754  1.25672e-20   0.00357445  -4.3951e-18   0.00861572 -3.83334e-18   0.00324043 -6.04231e-18  -0.00367853 -5.97682e-19   -0.0049961  6.38573e-18  -0.00190569  4.78532e-18    0.0010736  3.50876e-19   0.00186698 -1.97839e-18   0.00124227 -2.40195e-18  0.000486879 -1.07386e-18  0.000104096  1.67208e-19  8.13449e-07  3.34258e-19 -6.61939e-06  1.38055e-19 -1.89554e-06  1.95533e-20 -2.10298e-07  -1.3664e-21
 7.90237e-05 -5.52112e-19  0.000289544  3.19473e-18  -0.00209061 -1.31753e-19   0.00193358 -7.57707e-18   0.00356894  1.02336e-18  -0.00473292  1.03965e-17  -0.00520485 -8.42927e-19   0.00659234 -1.84809e-17   0.00779783  -6.6053e-18  -0.00624764  2.03748e-17   -0.0108264  1.36276e-17   0.00279021 -1.68489e-17    0.0122735 -1.60717e-17    0.0031304  8.96925e-18  -0.00971476  1.27794e-17  -0.00835886   2.1758e-18   0.00289973 -5.98275e-19   0.00858232 -4.17101e-18   0.00404058 -8.01146e-18  -0.00289299 -1.59054e-18  -0.00500052   5.6075e-18  -0.00260982  4.84173e-18  0.000289083  1.69004e-18    0.0014373 -1.01536e-18    0.0011727 -2.08556e-18  0.000573822 -1.10215e-18  0.000190828 -2.70074e-20  4.35506e-05  1.78873e-19  6.49543e-06  8.75401e-20  5.54955e-07  5.83214e-21  1.77442e-08
-2.25847e-19  0.000373588 -2.38341e-19 -0.000230773  3.63574e-18  -0.00194692 -6.84687e-19   0.00260974 -7.13159e-18   0.00294724  1.77385e-18  -0.00525566   1.1004e-17  -0.00447069 -2.93612e-19   0.00702672 -1.92952e-17   0.00720623 -7.54129e-18   -0.0066136  1.95415e-17   -0.0105201  1.30076e-17   0.00295715 -1.60717e-17    0.0121764 -1.47231e-17   0.00331258  6.13255e-18  -0.00947108  9.18186e-18  -0.00871709  3.67836e-18   0.00218646  2.85844e-18   0.00847737 -3.80229e-18   0.00482974 -8.96288e-18  -0.00198366 -2.68093e-18   -0.0048119  4.06664e-18  -0.00320471  4.72956e-18 -0.000563295  2.93804e-18  0.000796759 -6.14426e-20   0.00085671 -1.64639e-18  0.000469078 -1.00768e-18  0.000168992 -1.53875e-19  4.12409e-05   7.7795e-20  6.42256e-06  4.47469e-20  5.19519e-07 -2.37758e-21
-9.20942e-05 -6.92941e-19  0.000657242   2.5332e-19 -0.000783813  3.83968e-18  -0.00162374 -1.16284e-18   0.00312487 -6.69722e-18   0.00227379  2.14607e-18  -0.00565191  1.23205e-17   -0.0037286  4.99716e-19   0.00739758 -1.93742e-17   0.00661968 -7.88496e-18  -0.00696772   1.8578e-17   -0.0102354   1.1419e-17    0.0031304 -1.47231e-17    0.0121136  -1.2467e-17    0.0035064  3.34334e-18  -0.00923326  4.93945e-18  -0.00908411   4.6427e-18   0.00142621  5.83403e-18   0.00828707 -2.79268e-18   0.00559365 -8.98977e-18 -0.000948391 -3.76198e-18  -0.00439318  2.21872e-18  -0.00361817  4.61247e-18    -0.001392  3.90834e-18  4.21569e-05  7.11995e-19  0.000387793 -1.19992e-18  0.000251755 -8.51694e-19   9.2299e-05 -2.15859e-19  2.10575e-05  2.61486e-20   2.7453e-06  1.19257e-20  1.36089e-07
 1.14188e-19 -5.06702e-05 -1.12337e-18  0.000742269  6.49481e-19  -0.00124395  3.94332e-18  -0.00118494 -1.48677e-18   0.00348856 -6.58727e-18   0.00157184   2.2861e-18  -0.00593671  1.36024e-17  -0.00298087  1.14967e-18   0.00771344  -1.8671e-17   0.00603316 -7.16401e-18   -0.0073153  1.73139e-17  -0.00996826  8.96925e-18   0.00331258  -1.2467e-17    0.0120845 -9.15218e-18   0.00371477  7.22808e-19    -0.008997  5.74761e-19  -0.00946116  5.21307e-18  0.000609625  8.13451e-18     0.007994 -1.51563e-18   0.00631177 -8.30213e-18  0.000206283 -4.72025e-18  -0.00371054  5.95047e-19  -0.00375353  4.57896e-18  -0.00203538  4.53071e-18 -0.000629528  1.22483e-18 -5.30677e-05 -7.89043e-19  4.65337e-05 -6.77237e-19  2.36794e-05 -2.13303e-19  5.27387e-06  7.25344e-21  5.32646e-07 -3.60656e-21
-6.88726e-05  2.39343e-20  0.000144733   -1.405e-18   0.00063238   9.0586e-19  -0.00158688  3.94798e-18 -0.000678842 -1.65732e-18   0.00371485 -6.85128e-18  0.000858255  2.39326e-18  -0.00612109  1.41555e-17  -0.00222802  1.31114e-18   0.00797999 -1.71836e-17    0.0054413 -5.27934e-18  -0.00766069  1.54703e-17  -0.00971476  6.13255e-18    0.0035064 -9.15218e-18    0.0120889 -5.01844e-18   0.00394099 -1.76937e-18  -0.00875753 -3.28378e-18   -0.0098489  5.43127e-18 -0.000273137  9.42109e-18   0.00757666 -4.41247e-19   0.00695218  -7.2313e-18   0.00145843 -5.48274e-18  -0.00273034 -4.73314e-19  -0.00348223  4.60764e-18   -0.0022838  4.80748e-18 -0.000997035  1.50486e-18 -0.000303124 -4.18773e-19 -6.29446e-05 -5.06464e-19  -8.2844e-06 -1.56381e-19 -5.79312e-07  3.52708e-21 -1.24865e-08
 1.16422e-19 -0.000162083  -1.9916e-19  0.000391184 -1.61749e-18  0.000401195   1.0385e-18  -0.00180725    3.815e-18 -0.000142519  -1.8283e-18   0.00381561 -7.22929e-18  0.000144784  2.57793e-18  -0.00621246  1.36987e-17  -0.00146945  8.88471e-19   0.00820054  -1.4911e-17   0.00483839 -2.65424e-18  -0.00800754  1.27794e-17  -0.00947108  3.34334e-18   0.00371477 -5.01844e-18    0.0121276 -7.38948e-19   0.00418879 -4.00795e-18  -0.00850954 -6.04904e-18   -0.0102466  5.30879e-18  -0.00123194  9.39669e-18   0.00700603  1.38402e-19   0.00746675 -6.23437e-18    0.0027734 -6.10662e-18  -0.00142202 -1.05283e-18  -0.00269494   4.5664e-18  -0.00199997  4.74754e-18 -0.000961647  1.62677e-18 -0.000324339 -1.17784e-19  -7.6249e-05 -3.49566e-19 -1.16304e-05 -7.04538e-20 -9.32004e-07  4.33408e-21
 2.21415e-06  2.89612e-19 -0.000192116 -3.89452e-19  0.000593762 -1.76969e-18  0.000102881  1.07254e-18  -0.00190723  3.53624e-18  0.000398235  -2.1652e-18   0.00380108 -7.36612e-18 -0.000559698  2.78218e-18  -0.00621542  1.23071e-17 -0.000704099  5.73422e-20   0.00837629 -1.18898e-17   0.00421829  1.25672e-20  -0.00835886  9.18186e-18  -0.00923326  7.22808e-19   0.00394099 -7.38948e-19     0.012202  2.83036e-18   0.00446242 -5.62937e-18  -0.00824633 -7.29442e-18   -0.0106516  4.93892e-18  -0.00227914  8.15587e-18   0.00624349  2.17622e-19   0.00779778 -5.79847e-18   0.00410064  -6.8226e-18   0.00018006 -1.51519e-18  -0.00143773  4.27088e-18  -0.00126845  4.35671e-18 -0.000631211  1.62709e-18  -0.00020744  6.37322e-20 -4.47263e-05 -2.02598e-19 -5.65313e-06   6.2235e-21 -2.75751e-07
 2.01462e-21  -5.2928e-05  4.38785e-19 -0.000128162 -4.91735e-19  0.000718709 -1.77531e-18 -0.000225035  1.08418e-18  -0.00189546  3.16806e-18  0.000923672 -2.63234e-18   0.00367989 -7.05035e-18  -0.00124762  2.83643e-18  -0.00613196  1.01507e-17  6.91061e-05 -9.43693e-19   0.00850639 -8.27943e-18   0.00357445   2.1758e-18  -0.00871709  4.93945e-18    -0.008997 -1.76937e-18   0.00418879  2.83036e-18     0.012314  5.05175e-18   0.00476734 -6.27896e-18  -0.00795901 -6.86092e-18    -0.011061  4.52633e-18   -0.0034298  6.35078e-18   0.00525173 -3.20866e-20   0.00787952 -6.23629e-18   0.00531564 -7.89082e-18   0.00185325 -2.19381e-18 -2.09553e-05  3.58951e-18 -0.000406744  3.68263e-18 -0.000241374  1.49263e-18 -7.78043e-05  1.15881e-19 -1.46741e-05 -6.01435e-20 -1.36521e-06  3.43354e-20
  2.4323e-05  4.44553e-20 -0.000137403  5.24172e-19  8.51948e-07 -5.47267e-19  0.000760667 -1.59776e-18 -0.000552481  1.15357e-18  -0.00178245  2.78823e-18   0.00141767 -2.98217e-18   0.00345897 -6.25418e-18  -0.00191171  2.62694e-18  -0.00596183  7.34383e-18  0.000850888 -1.98859e-18    0.0085879  -4.3951e-18   0.00289973  3.67836e-18  -0.00908411  5.74761e-19  -0.00875753 -4.00795e-18   0.00446242  5.05175e-18    0.0124669  5.74081e-18   0.00511094 -5.87627e-18  -0.00763873 -4.93229e-18   -0.0114717  4.36755e-18  -0.00468845  4.96977e-18   0.00400054 -3.80935e-19   0.00758883 -7.45198e-18    0.0061244  -9.2961e-18    0.0031455 -3.10943e-18   0.00107654  2.54444e-18  0.000225571   2.8548e-18  1.68835e-05  1.22221e-18 -4.43848e-06  9.69396e-20 -1.26219e-06  4.87208e-20 -8.46273e-08
-5.05735e-20  3.12915e-05  1.02961e-19 -0.000204464  5.41915e-19  0.000158512 -5.77048e-19  0.000722848 -1.30331e-18 -0.000856264   1.2806e-18  -0.00157924  2.41482e-18   0.00186635 -2.97787e-18   0.00314407 -5.01594e-18  -0.00254419  2.20902e-18  -0.00570279  3.99771e-18   0.00164119 -3.00901e-18   0.00861572 -5.98275e-19   0.00218646   4.6427e-18  -0.00946116 -3.28378e-18  -0.00850954 -5.62937e-18   0.00476734  5.74081e-18    0.0126661  5.07178e-18   0.00550008 -4.66707e-18   -0.0072764 -2.03431e-18   -0.0118665  4.83617e-18  -0.00604168  4.91037e-18   0.00242369 -4.73889e-19   0.00667727 -8.85039e-18   0.00609258 -1.05915e-17   0.00357938 -4.01202e-18   0.00150386  1.35531e-18  0.000460606  2.05683e-18   0.00010042  8.61826e-19  1.44305e-05  7.66226e-20   1.1065e-06  6.64184e-20
 1.07747e-05 -8.04187e-20  3.98486e-06  1.63905e-19  -0.00022922  5.05334e-19  0.000317678 -5.56372e-19  0.000614019 -9.85056e-19  -0.00111833  1.37748e-18  -0.00129742  1.98202e-18   0.00225682 -2.57916e-18   0.00274025 -3.35818e-18  -0.00313597  1.73637e-18  -0.00535086  3.59971e-19   0.00243873 -3.83334e-18   0.00858232  2.85844e-18   0.00142621  5.21307e-18   -0.0098489 -6.04904e-18  -0.00824633 -6.27896e-18   0.00511094  5.07178e-18    0.0129159  3.31137e-18   0.00594126 -3.13646e-18   -0.0068487  1.08711e-18   -0.0122068  6.34451e-18  -0.00749969  6.70273e-18  0.000369685  2.40086e-19   0.00485384 -9.59242e-18   0.00492886 -1.11566e-17   0.00300989 -4.61233e-18   0.00127798  3.66607e-19  0.000384298  1.41724e-18  7.84874e-05   4.7681e-19  9.59814e-06  6.63337e-20  4.59744e-07
 4.16832e-21  3.18201e-05 -8.79811e-20 -4.98298e-05  2.14447e-19 -0.000208047  4.41488e-19  0.000457643 -4.65945e-19  0.000446318 -6.78705e-19  -0.00132408  1.34086e-18 -0.000949208  1.40212e-18   0.00257642 -1.90114e-18   0.00225258 -1.32371e-18  -0.00367609  1.29361e-18  -0.00490062 -3.14403e-18   0.00324043 -4.17101e-18   0.00847737  5.83403e-18  0.000609625  5.43127e-18   -0.0102466 -7.29442e-18  -0.00795901 -5.87627e-18   0.00550008  3.31137e-18    0.0132205  6.66962e-19   0.00645433 -1.92215e-18  -0.00631258  3.75785e-18   -0.0124758  9.25007e-18  -0.00913612  1.04573e-17  -0.00228387  2.20276e-18   0.00210649 -9.12519e-18   0.00284112 -1.06656e-17   0.00179364 -4.72786e-18  0.000732392 -1.54149e-19  0.000200396  9.06473e-19  3.45918e-05  1.28816e-19  3.05949e-06  2.35118e-20
-2.07961e-06 -1.55872e-20  4.69624e-05  -8.7938e-20 -0.000110983  2.23294e-19 -0.000146239  3.65917e-19  0.000562786 -3.26146e-19  0.000233811  -3.6379e-19   -0.0014616  1.11971e-18 -0.000547945  6.51932e-19   0.00281224 -1.04918e-18   0.00168686  9.45402e-19  -0.00415098  8.25331e-19  -0.00434553 -6.04231e-18   0.00404058 -3.80229e-18   0.00828707  8.13451e-18 -0.000273137  5.30879e-18   -0.0106516 -6.86092e-18  -0.00763873 -4.66707e-18   0.00594126  6.66962e-19    0.0135969 -2.66034e-18    0.0070771  -1.6432e-18  -0.00564971   5.7745e-18   -0.0127145  1.36942e-17   -0.0109593   1.5768e-17  -0.00530569  5.19096e-18 -0.000998789 -7.52685e-18  0.000566256 -9.28562e-18  0.000560274 -4.30765e-18  0.000238944 -2.22345e-19  5.97588e-05  3.82644e-19   8.3111e-06 -1.03467e-19  4.31752e-07
  1.4527e-21  5.97789e-06 -3.91476e-20  4.41143e-05 -8.97609e-20 -0.000163347  1.67637e-19 -5.33802e-05  2.67662e-19  0.000622166 -1.71373e-19 -7.87602e-06 -2.61973e-20  -0.00152132  7.19479e-19  -0.00010871 -1.94191e-19   0.00295093 -3.67332e-20   0.00105067  3.18149e-18  -0.00454381  2.15898e-19  -0.00367853 -8.01146e-18   0.00482974 -2.79268e-18     0.007994  9.42109e-18  -0.00123194  4.93892e-18    -0.011061 -4.93229e-18   -0.0072764 -3.13646e-18   0.00645433 -2.66034e-18    0.0140795 -6.37801e-18    0.0078196 -2.54925e-18  -0.00490123   7.5375e-18   -0.0128874  1.93226e-17   -0.0126034  2.15049e-17  -0.00789866  8.23305e-18  -0.00346245 -5.35038e-18  -0.00106227 -7.48417e-18 -0.000214418 -3.44999e-18 -2.32958e-05 -1.64518e-19 -1.40749e-07 -1.85607e-19  2.05404e-07 -1.77371e-19
-4.03272e-06  5.13689e-21  2.18725e-05 -4.78868e-20  2.20657e-05 -9.15497e-20 -0.000195852  5.90176e-20  5.82951e-05  1.33205e-19  0.000628976 -8.45877e-21 -0.000261669  3.00772e-19    -0.001496   1.6467e-19  0.000350927  -1.0025e-18   0.00297879  1.14649e-18  0.000354602  5.03918e-18  -0.00483386 -5.97682e-19  -0.00289299 -8.96288e-18   0.00559365 -1.51563e-18   0.00757666  9.39669e-18  -0.00227914  4.52633e-18   -0.0114717 -2.03431e-18   -0.0068487 -1.92215e-18    0.0070771 -6.37801e-18    0.0146737 -1.01646e-17   0.00863012 -4.35238e-18  -0.00403142  9.48228e-18   -0.0125945  2.49867e-17    -0.013206  2.59635e-17   -0.0090132   1.0289e-17  -0.00446652 -3.25362e-18  -0.00164857  -5.7334e-18 -0.000447301 -2.41686e-18 -8.46366e-05 -3.74823e-19  -9.8075e-06 -5.58371e-19 -4.54618e-07
 2.10447e-21 -5.94368e-06  7.70736e-21  3.77407e-05 -3.59479e-20 -1.40387e-05 -8.91113e-20 -0.000201847 -7.03826e-20  0.000175186 -2.08619e-20  0.000580389  1.83987e-19 -0.000509086  5.50826e-19  -0.00138122 -5.22347e-19  0.000810114 -1.64162e-18   0.00288231  2.41633e-18 -0.000386154  6.18381e-18   -0.0049961 -1.59054e-18  -0.00198366 -8.98977e-18   0.00631177 -4.41247e-19   0.00700603  8.15587e-18   -0.0034298  4.36755e-18   -0.0118665  1.08711e-18  -0.00631258  -1.6432e-18    0.0078196 -1.01646e-17    0.0153226 -1.39946e-17   0.00953252 -6.78704e-18   -0.0026558  1.11314e-17   -0.0110208  2.88955e-17   -0.0118557  2.77046e-17   -0.0080884  1.09216e-17  -0.00393711 -1.80974e-18   -0.0013944 -4.29862e-18 -0.000349632 -1.60663e-18 -5.71363e-05  -8.7897e-19  -4.8919e-06 -5.23552e-19
-1.49286e-06  1.59138e-21 -2.21301e-06  8.80725e-21  4.63879e-05 -7.45966e-21 -5.64809e-05 -8.11369e-20 -0.000178918 -1.95253e-19  0.000283212 -1.48115e-19  0.000477743  4.21497e-19 -0.000730364  6.61224e-19  -0.00117627 -1.30441e-18   0.00124396 -2.01247e-18   0.00264919  3.56868e-18  -0.00114991  6.38573e-18  -0.00500052 -2.68093e-18 -0.000948391 -8.30213e-18   0.00695218  1.38402e-19   0.00624349  6.35078e-18  -0.00468845  4.83617e-18   -0.0122068  3.75785e-18  -0.00564971 -2.54925e-18   0.00863012 -1.39946e-17    0.0160444 -1.86299e-17    0.0108884 -1.05062e-17 -4.17287e-05  1.10217e-17  -0.00747735  2.95789e-17  -0.00839368  2.64687e-17  -0.00555555  1.01809e-17  -0.00253198 -1.36024e-18 -0.000810185 -3.18819e-18 -0.000174492 -1.37653e-18 -2.22909e-05 -1.16923e-18 -1.10475e-06
-3.27608e-22 -4.54633e-06 -1.64531e-21  7.04122e-06  1.12251e-20  4.39331e-05  3.06895e-20 -9.66816e-05 -7.05922e-20 -0.000128707 -3.06566e-19  0.000368615 -2.03573e-19  0.000326958  6.85834e-19  -0.00090486  5.88752e-19 -0.000885535 -2.09938e-18   0.00162296 -2.03774e-18   0.00227016  4.38765e-18  -0.00190569   5.6075e-18   -0.0048119 -3.76198e-18  0.000206283  -7.2313e-18   0.00746675  2.17622e-19   0.00525173  4.96977e-18  -0.00604168  6.34451e-18   -0.0124758   5.7745e-18  -0.00490123 -4.35238e-18   0.00953252 -1.86299e-17    0.0171912 -2.57314e-17     0.013368 -1.68083e-17   0.00429765  8.17278e-18    -0.002209  2.70507e-17  -0.00379321  2.31164e-17  -0.00258514  8.14306e-18  -0.00110866 -1.71377e-18 -0.000314656 -2.38792e-18 -5.58665e-05 -1.61538e-18 -5.04785e-06 -8.71033e-19
 1.79545e-07  2.46325e-22 -6.76673e-06 -6.39692e-21  1.86284e-05  1.91164e-20  2.97584e-05  7.26695e-20 -0.000126447 -6.48468e-20 -5.67113e-05 -4.00687e-19  0.000418929 -1.68151e-19  0.000139101  9.21939e-19  -0.00101193  3.04285e-19 -0.000520414 -2.77304e-18   0.00191277 -1.65137e-18   0.00174218  4.78532e-18  -0.00260982  4.06664e-18  -0.00439318 -4.72025e-18   0.00145843 -6.23437e-18   0.00779778 -3.20866e-20   0.00400054  4.91037e-18  -0.00749969  9.25007e-18   -0.0127145   7.5375e-18  -0.00403142 -6.78704e-18    0.0108884 -2.57314e-17    0.0194113 -3.67135e-17    0.0173297 -2.55912e-17   0.00981365  3.70866e-18   0.00337321  2.28637e-17  0.000355315  1.86255e-17 -0.000304143   5.0306e-18 -0.000190905 -2.17316e-18 -5.43748e-05 -2.02737e-18 -8.04451e-06 -1.63167e-18 -4.30966e-07
 1.28793e-21 -9.59557e-07  2.26242e-22 -5.96154e-06 -1.11873e-20  2.84892e-05  3.42667e-20  6.12455e-06  1.12822e-19 -0.000139083 -7.28759e-20   2.7981e-05  -4.6418e-19  0.000424262 -4.46142e-20 -6.90596e-05  1.05492e-18  -0.00103261  -2.0001e-19 -0.000101741 -3.17067e-18    0.0020753 -8.29303e-19    0.0010736  4.84173e-18  -0.00320471  2.21872e-18  -0.00371054 -5.48274e-18    0.0027734 -5.79847e-18   0.00787952 -3.80935e-19   0.00242369  6.70273e-18  -0.00913612  1.36942e-17   -0.0128874  9.48228e-18   -0.0026558 -1.05062e-17     0.013368 -3.67135e-17    0.0230205 -5.04009e-17    0.0220517 -3.36146e-17     0.014823  4.73614e-19   0.00744402  1.87111e-17   0.00284066  1.34519e-17  0.000817434  1.69691e-18  0.000171622 -2.24091e-18  2.42961e-05 -1.99001e-18  1.87906e-06 -1.03962e-18
 3.99859e-07   2.5838e-21 -3.03088e-06 -1.70342e-21 -1.62764e-06 -1.49827e-20  3.30717e-05   5.3918e-20 -2.23577e-05   1.4228e-19 -0.000130451 -1.00022e-19  0.000113203 -4.69431e-19  0.000378988  1.57322e-19 -0.000274841  1.01969e-18 -0.000952498 -8.75931e-19  0.000337788 -3.17386e-18    0.0020718  3.50876e-19  0.000289083  4.72956e-18  -0.00361817  5.95047e-19  -0.00273034 -6.10662e-18   0.00410064 -6.23629e-18   0.00758883 -4.73889e-19  0.000369685  1.04573e-17   -0.0109593  1.93226e-17   -0.0125945  1.11314e-17 -4.17287e-05 -1.68083e-17    0.0173297 -5.04009e-17    0.0272427 -6.16706e-17    0.0257226 -3.58884e-17    0.0174386   5.9609e-19   0.00890999  1.50295e-17   0.00345079  8.01238e-18   0.00098989 -6.66273e-19  0.000198163  -2.0636e-18  2.41844e-05 -1.70389e-18   1.1709e-06
 -8.5972e-23  4.31554e-07  3.62898e-21 -4.79142e-06 -5.96404e-21  5.10118e-06 -1.68655e-20  3.02192e-05  7.27409e-20 -4.95171e-05  1.48164e-19  -9.9993e-05 -1.43737e-19   0.00018473 -3.85382e-19  0.000283857  4.20095e-19 -0.000450311  7.92458e-19 -0.000765844 -1.59337e-18  0.000751846 -2.75152e-18   0.00186698  1.69004e-18 -0.000563295  4.61247e-18  -0.00375353 -4.73314e-19  -0.00142202  -6.8226e-18   0.00531564 -7.45198e-18   0.00667727  2.40086e-19  -0.00228387   1.5768e-17   -0.0126034  2.49867e-17   -0.0110208  1.10217e-17   0.00429765 -2.55912e-17    0.0220517 -6.16706e-17    0.0302317 -6.37428e-17    0.0264799  -2.9723e-17     0.016801   3.4831e-18   0.00797165  1.12134e-17   0.00281111  3.28757e-18  0.000709161 -1.58841e-18  0.000117191 -1.84461e-18   1.0169e-05 -9.53716e-19
  1.6903e-07  2.64298e-22 -2.34972e-07  3.82455e-21 -5.02346e-06 -1.16178e-20  1.20274e-05  -1.5141e-20  1.97867e-05  8.62118e-20 -6.87307e-05   1.1891e-19 -5.15885e-05 -1.91424e-19  0.000228086 -1.96322e-19  0.000148267  7.01761e-19 -0.000564387  4.05623e-19 -0.000481153  -2.1705e-18   0.00107865 -1.97839e-18    0.0014373  2.93804e-18    -0.001392  4.57896e-18  -0.00348223 -1.05283e-18   0.00018006 -7.89082e-18    0.0061244 -8.85039e-18   0.00485384  2.20276e-18  -0.00530569  2.15049e-17    -0.013206  2.88955e-17  -0.00747735  8.17278e-18   0.00981365 -3.36146e-17    0.0257226 -6.37428e-17    0.0301457 -5.33849e-17    0.0236797 -1.74455e-17     0.013552  6.41126e-18   0.00574356  7.02202e-18   0.00176879  3.11437e-19  0.000373713 -1.60452e-18  4.73925e-05 -1.38708e-18  2.35055e-06
-3.52299e-22  3.85412e-07  9.24696e-22 -1.39877e-06  2.53641e-21 -3.21425e-06 -1.66671e-20  1.66401e-05 -7.15013e-21  3.91132e-06  9.12947e-20 -7.44039e-05  5.30387e-20  6.03027e-06 -2.20002e-19  0.000231423   8.2223e-20 -7.65904e-06  9.29151e-19  -0.00058738 -6.40237e-20 -0.000129759 -2.45539e-18   0.00124227 -1.01536e-18  0.000796759  3.90834e-18  -0.00203538  4.60764e-18  -0.00269494 -1.51519e-18   0.00185325  -9.2961e-18   0.00609258 -9.59242e-18   0.00210649  5.19096e-18  -0.00789866  2.59635e-17   -0.0118557  2.95789e-17    -0.002209  3.70866e-18     0.014823 -3.58884e-17    0.0264799 -5.33849e-17    0.0264265 -3.42101e-17    0.0182943 -4.82769e-18   0.00925181  7.06154e-18    0.0034223  3.23937e-18  0.000894578 -8.31115e-19   0.00015165 -1.32741e-18  1.33854e-05 -6.88845e-19
 2.27029e-08 -5.55141e-22  3.85561e-07  1.45173e-21 -2.42107e-06 -6.19055e-22  1.96666e-07 -1.89018e-20  1.69834e-05  8.63449e-21 -1.32144e-05  8.47943e-20  -6.3774e-05 -3.53434e-20  5.98347e-05 -2.01154e-19  0.000189781  3.98361e-19 -0.000152334  1.02179e-18 -0.000501108  -5.2155e-19  0.000224085 -2.40195e-18    0.0011727 -6.14426e-20  4.21569e-05  4.53071e-18   -0.0022838   4.5664e-18  -0.00143773 -2.19381e-18    0.0031455 -1.05915e-17   0.00492886 -9.12519e-18 -0.000998789  8.23305e-18   -0.0090132  2.77046e-17  -0.00839368  2.70507e-17   0.00337321  4.73614e-19    0.0174386  -2.9723e-17    0.0236797 -3.42101e-17    0.0201677 -1.43595e-17    0.0121863  3.21317e-18   0.00537022  5.33494e-18   0.00170161  8.08968e-19  0.000366989 -9.41424e-19  4.72075e-05 -8.88775e-19  2.36267e-06
-8.75093e-23  1.26937e-07  -4.8452e-22  3.50876e-08  1.32574e-21 -2.64792e-06 -5.28825e-21  3.94157e-06 -1.65825e-20  1.25033e-05  2.95085e-20 -2.62799e-05  6.33983e-20 -3.87579e-05 -1.19203e-19  9.49428e-05 -1.17173e-19  0.000110526  6.74339e-19 -0.000247269  9.38727e-19 -0.000316396 -8.77996e-19  0.000486879 -2.08556e-18   0.00085671  7.11995e-19 -0.000629528  4.80748e-18  -0.00199997  4.27088e-18 -2.09553e-05 -3.10943e-18   0.00357938 -1.11566e-17   0.00284112 -7.52685e-18  -0.00346245   1.0289e-17   -0.0080884  2.64687e-17  -0.00379321  2.28637e-17   0.00744402   5.9609e-19     0.016801 -1.74455e-17    0.0182943 -1.43595e-17    0.0133377 -7.17139e-19   0.00698714  5.54852e-18   0.00265044  2.82191e-18  0.000705484 -1.89531e-19  0.000121135 -7.34784e-19  1.07843e-05  -3.9284e-19
