 2.81991e-14  2.15082e-29 -1.40529e-12 -1.11223e-27  2.60505e-11  1.70743e-26 -2.72772e-10 -1.44709e-25  1.81565e-09  7.88585e-25 -7.94779e-09 -2.90304e-24  2.24654e-08  7.24244e-24  -3.7888e-08 -1.17807e-23  3.12194e-08  1.12831e-23 -6.38001e-09 -4.94536e-24 -1.07223e-09
 2.15082e-29  2.03066e-12  6.25584e-28 -5.59215e-11 -2.19657e-26  7.61365e-10  2.64257e-25 -6.30609e-09 -1.83649e-24  3.40009e-08  8.31572e-24 -1.20122e-07 -2.53851e-23  2.65471e-07  5.16151e-23 -3.22639e-07 -6.54867e-23  1.51751e-07  4.40918e-23  4.38471e-09 -9.63828e-24
-1.40529e-12  6.25584e-28  7.01179e-11  1.01042e-26 -1.30104e-09 -2.66615e-25  1.36308e-08  2.60013e-24 -9.07243e-08 -1.49771e-23  3.96672e-07  5.64148e-23  -1.1175e-06 -1.42147e-22  1.86856e-06  2.32348e-22  -1.5004e-06 -2.21982e-22  2.60633e-07  9.42334e-23  6.27832e-08
-1.11223e-27 -5.59215e-11  1.01042e-26  1.54154e-09  1.12828e-25 -2.10036e-08 -2.36266e-24  1.74027e-07  1.89717e-23 -9.38051e-07 -9.07412e-23  3.30908e-06  2.83606e-22 -7.28183e-06 -5.85897e-22  8.73936e-06  7.56212e-22 -3.89984e-06 -5.16769e-22 -2.74395e-07   1.0859e-22
 2.60505e-11 -2.19657e-26 -1.30104e-09  1.12828e-25  2.41605e-08   9.5991e-25 -2.53278e-07 -1.63488e-23  1.68627e-06  1.08306e-22 -7.37086e-06 -4.28818e-22  2.07329e-05   1.1085e-21 -3.44838e-05 -1.86366e-21  2.71204e-05  1.85706e-21 -3.89267e-06 -8.33774e-22 -1.35361e-06
 1.70743e-26  7.61365e-10 -2.66615e-25 -2.10036e-08   9.5991e-25  2.86371e-07  6.49897e-24 -2.37422e-06 -9.03708e-23  1.28042e-05  4.91198e-22 -4.51775e-05 -1.60461e-21  9.93136e-05  3.42574e-21 -0.000118392 -4.65108e-21  5.04966e-05   3.4725e-21  5.84464e-06 -8.44709e-22
-2.72772e-10  2.64257e-25  1.36308e-08 -2.36266e-24 -2.53278e-07  6.49897e-24  2.65706e-06  3.54042e-23  -1.7707e-05  -3.9868e-22  7.74991e-05   1.7655e-21 -0.000218334 -4.76051e-21  0.000363336  8.40227e-21 -0.000282804 -9.12869e-21  3.28472e-05  4.85166e-21  1.66949e-05
-1.44709e-25 -6.30609e-09  2.60013e-24  1.74027e-07 -1.63488e-23 -2.37422e-06  3.54042e-23  1.97054e-05  1.53948e-22 -0.000106473 -1.38542e-21  0.000376846  4.98211e-21 -0.000832227 -1.11629e-20  0.000995809  1.63095e-20 -0.000413772 -1.39543e-20 -6.73398e-05  4.59764e-21
 1.81565e-09 -1.83649e-24 -9.07243e-08  1.89717e-23  1.68627e-06 -9.03708e-23  -1.7707e-05  1.53948e-22  0.000118247  5.24455e-22 -0.000519587 -3.72295e-21   0.00147389  1.09501e-20  -0.00247876 -2.06527e-20   0.00194662  2.48288e-20 -0.000187047 -1.60598e-20 -0.000136464
 7.88585e-25  3.40009e-08 -1.49771e-23 -9.38051e-07  1.08306e-22  1.28042e-05  -3.9868e-22 -0.000106473  5.24455e-22  0.000577722  1.36576e-21  -0.00206128 -7.63011e-21   0.00461654  1.89252e-20  -0.00564552 -3.03681e-20   0.00237717  2.90719e-20  0.000486791 -1.26138e-20
-7.94779e-09  8.31572e-24  3.96672e-07 -9.07412e-23 -7.37086e-06  4.91198e-22  7.74991e-05 -1.38542e-21 -0.000519587  1.36576e-21   0.00230237  2.66668e-21  -0.00663467 -1.22962e-20    0.0114681  2.75364e-20  -0.00939824 -3.68256e-20  0.000867141  2.52145e-20  0.000796787
-2.90304e-24 -1.20122e-07  5.64148e-23  3.30908e-06 -4.28818e-22 -4.51775e-05   1.7655e-21  0.000376846 -3.72295e-21  -0.00206128  2.66668e-21     0.007475  4.10007e-21   -0.0172492 -1.87648e-20    0.0222214  3.96128e-20   -0.0101877 -4.12506e-20  -0.00232114   1.5322e-20
 2.24654e-08 -2.53851e-23  -1.1175e-06  2.83606e-22  2.07329e-05 -1.60461e-21 -0.000218334  4.98211e-21   0.00147389 -7.63011e-21  -0.00663467  4.10007e-21    0.0197128  6.68438e-21   -0.0360202 -3.49177e-20    0.0325975  6.14509e-20  -0.00400328 -4.95949e-20   -0.0034671
 7.24244e-24  2.65471e-07 -1.42147e-22 -7.28183e-06   1.1085e-21  9.93136e-05 -4.76051e-21 -0.000832227  1.09501e-20   0.00461654 -1.22962e-20   -0.0172492  6.68438e-21    0.0421161  1.48025e-20   -0.0601212 -6.28089e-20    0.0337276  8.50831e-20   0.00704651  -5.2314e-20
 -3.7888e-08  5.16151e-23  1.86856e-06 -5.85897e-22 -3.44838e-05  3.42574e-21  0.000363336 -1.11629e-20  -0.00247876  1.89252e-20    0.0114681 -1.87648e-20   -0.0360202  1.48025e-20    0.0729836  2.70597e-20   -0.0800615 -5.61888e-20    0.0183708   7.3646e-20    0.0113961
-1.17807e-23 -3.22639e-07  2.32348e-22  8.73936e-06 -1.86366e-21 -0.000118392  8.40227e-21  0.000995809 -2.06527e-20  -0.00564552  2.75364e-20    0.0222214 -3.49177e-20   -0.0601212  2.70597e-20     0.103762  1.08359e-20   -0.0850536  7.97484e-20  -0.00956018 -2.57579e-20
 3.12194e-08 -6.54867e-23  -1.5004e-06  7.56212e-22  2.71204e-05 -4.65108e-21 -0.000282804  1.63095e-20   0.00194662 -3.03681e-20  -0.00939824  3.96128e-20    0.0325975 -6.28089e-20   -0.0800615  1.08359e-20     0.125323 -7.67487e-20   -0.0689386   3.1732e-19    -0.026948
 1.12831e-23  1.51751e-07 -2.21982e-22 -3.89984e-06  1.85706e-21  5.04966e-05 -9.12869e-21 -0.000413772  2.48288e-20   0.00237717 -3.68256e-20   -0.0101877  6.14509e-20    0.0337276 -5.61888e-20   -0.0850536 -7.67487e-20     0.140137 -1.08727e-19   -0.0259559  2.17646e-19
-6.38001e-09  4.40918e-23  2.60633e-07 -5.16769e-22 -3.89267e-06   3.4725e-21  3.28472e-05 -1.39543e-20 -0.000187047  2.90719e-20  0.000867141 -4.12506e-20  -0.00400328  8.50831e-20    0.0183708  7.97484e-20   -0.0689386 -1.08727e-19     0.165127  2.09123e-19     0.031031
-4.94536e-24  4.38471e-09  9.42334e-23 -2.74395e-07 -8.33774e-22  5.84464e-06  4.85166e-21 -6.73398e-05 -1.60598e-20  0.000486791  2.52145e-20  -0.00232114 -4.95949e-20   0.00704651   7.3646e-20  -0.00956018   3.1732e-19   -0.0259559  2.09123e-19     0.190658  3.44674e-19
-1.07223e-09 -9.63828e-24  6.27832e-08   1.0859e-22 -1.35361e-06 -8.44709e-22  1.66949e-05  4.59764e-21 -0.000136464 -1.26138e-20  0.000796787   1.5322e-20   -0.0034671  -5.2314e-20    0.0113961 -2.57579e-20    -0.026948  2.17646e-19     0.031031  3.44674e-19     0.129684
