 0.000457141 -5.77148e-21  -0.00329743  1.28853e-19   0.00605463 -3.67642e-19  -0.00138488  4.94317e-19  -0.00292027 -5.46503e-20  -0.00118258  6.61893e-19 -0.000117143 -1.34407e-19  6.89301e-05 -1.60857e-19  2.89385e-05  1.04252e-20  4.45937e-06  -3.0394e-20  2.19634e-07
-5.77148e-21   0.00509998 -8.70703e-20   -0.0178398   8.7127e-19    0.0170572  -1.4636e-18    0.0060266  1.32748e-18  -0.00467874 -2.39354e-19  -0.00492679  2.34541e-18  -0.00226675  5.36934e-19 -0.000643225 -2.33127e-19 -0.000112402 -9.74692e-21 -9.94858e-06 -8.27297e-20
 -0.00329743 -8.70703e-20     0.024642 -5.68101e-19   -0.0487266  2.75988e-18    0.0169675 -4.06636e-18     0.024035 -1.09186e-19   0.00644611 -4.07774e-18  -0.00161692  1.85354e-18   -0.0016319   1.1084e-18 -0.000500077 -1.00714e-19 -7.23403e-05 -5.53005e-20 -3.60188e-06
 1.28853e-19   -0.0178398 -5.68101e-19    0.0668478 -1.85564e-18   -0.0756875  5.33645e-18   -0.0124065 -7.64316e-18    0.0296696 -4.72727e-18    0.0233015 -1.08245e-17   0.00935659 -1.46601e-18   0.00243082  8.13669e-19  0.000405388  1.77171e-19  3.55013e-05  -1.5354e-19
  0.00605463   8.7127e-19   -0.0487266 -1.85564e-18     0.111165 -2.80577e-18   -0.0655383  8.63454e-18   -0.0518157 -5.35443e-18   0.00458395   -3.486e-18    0.0179282 -1.06108e-17   0.00944831 -2.66639e-18   0.00253492  3.28511e-19  0.000354552  4.29157e-19  1.78098e-05
-3.67642e-19    0.0170572  2.75988e-18   -0.0756875 -2.80577e-18     0.119349 -5.43022e-19   -0.0251833  1.25711e-17   -0.0665783   6.3067e-18   -0.0312794  4.80248e-18    -0.006769 -4.67465e-18 -0.000567015 -1.62598e-18  2.87889e-05  1.52216e-19  6.24405e-06  4.61078e-19
 -0.00138488  -1.4636e-18    0.0169675  5.33645e-18   -0.0655383 -5.43022e-19     0.093525  3.01728e-18   0.00461559  9.57392e-18   -0.0578639  1.20677e-17     -0.04541  6.18822e-18   -0.0184988  -2.2452e-18  -0.00451909 -1.18855e-18 -0.000615119   6.9781e-19 -3.11753e-05
 4.94317e-19    0.0060266 -4.06636e-18   -0.0124065  8.63454e-18   -0.0251833  3.01728e-18    0.0730237 -4.08945e-18    0.0165191 -1.00484e-17   -0.0345342  9.22805e-19   -0.0294101 -3.00287e-19   -0.0110615 -2.52676e-18  -0.00222256 -1.05199e-18 -0.000208551  1.26121e-18
 -0.00292027  1.32748e-18     0.024035 -7.64316e-18   -0.0518157  1.25711e-17   0.00461559 -4.08945e-18    0.0715746 -3.27539e-17     0.037397 -3.76138e-17   0.00243031 -1.26466e-17  -0.00394387   -4.318e-18  -0.00156346  -2.5044e-18 -0.000244318  3.21083e-19 -1.23729e-05
-5.46503e-20  -0.00467874 -1.09186e-19    0.0296696 -5.35443e-18   -0.0665783  9.57392e-18    0.0165191 -3.27539e-17    0.0843816 -7.03567e-17    0.0680975 -5.03486e-17    0.0310579 -1.45749e-17   0.00913062 -3.86183e-18   0.00166781 -1.84462e-18  0.000154391  1.45459e-18
 -0.00118258 -2.39354e-19   0.00644611 -4.72727e-18   0.00458395   6.3067e-18   -0.0578639 -1.00484e-17     0.037397 -7.03567e-17     0.103284 -8.58164e-17    0.0801358 -4.05587e-17    0.0342046 -8.92668e-18   0.00868966 -2.60023e-18   0.00121446 -4.69858e-20  6.26283e-05
 6.61893e-19  -0.00492679 -4.07774e-18    0.0233015   -3.486e-18   -0.0312794  1.20677e-17   -0.0345342 -3.76138e-17    0.0680975 -8.58164e-17     0.103747  -6.7328e-17    0.0635387 -2.14104e-17    0.0217636 -3.85578e-18    0.0042532 -1.53305e-18  0.000399636  1.02794e-18
-0.000117143  2.34541e-18  -0.00161692 -1.08245e-17    0.0179282  4.80248e-18     -0.04541  9.22805e-19   0.00243031 -5.03486e-17    0.0801358  -6.7328e-17    0.0769226 -3.46463e-17    0.0358215 -7.36876e-18   0.00945566  -1.5946e-18   0.00133966  -1.1292e-19  6.90774e-05
-1.34407e-19  -0.00226675  1.85354e-18   0.00935659 -1.06108e-17    -0.006769  6.18822e-18   -0.0294101 -1.26466e-17    0.0310579 -4.05587e-17    0.0635387 -3.46463e-17    0.0420101 -1.11366e-17    0.0148473 -1.61943e-18   0.00293856 -6.90096e-19  0.000276992  4.86562e-19
 6.89301e-05  5.36934e-19   -0.0016319 -1.46601e-18   0.00944831 -4.67465e-18   -0.0184988 -3.00287e-19  -0.00394387 -1.45749e-17    0.0342046 -2.14104e-17    0.0358215 -1.11366e-17    0.0171872 -1.84149e-18   0.00459318 -3.45182e-19  0.000653636 -2.85313e-20  3.37112e-05
-1.60857e-19 -0.000643225   1.1084e-18   0.00243082 -2.66639e-18 -0.000567015  -2.2452e-18   -0.0110615   -4.318e-18   0.00913062 -8.92668e-18    0.0217636 -7.36876e-18    0.0148473 -1.84149e-18   0.00531153 -6.27308e-21   0.00105638 -1.40774e-19  9.97067e-05  1.55425e-19
 2.89385e-05 -2.33127e-19 -0.000500077  8.13669e-19   0.00253492 -1.62598e-18  -0.00451909 -2.52676e-18  -0.00156346 -3.86183e-18   0.00868966 -3.85578e-18   0.00945566 -1.61943e-18   0.00459318 -6.27308e-21   0.00123368  1.32952e-20   0.00017588  2.41347e-21  9.07248e-06
 1.04252e-20 -0.000112402 -1.00714e-19  0.000405388  3.28511e-19  2.87889e-05 -1.18855e-18  -0.00222256  -2.5044e-18   0.00166781 -2.60023e-18    0.0042532  -1.5946e-18   0.00293856 -3.45182e-19   0.00105638  1.32952e-20  0.000210515 -2.40133e-20  1.98808e-05  3.00793e-20
 4.45937e-06 -9.74692e-21 -7.23403e-05  1.77171e-19  0.000354552  1.52216e-19 -0.000615119 -1.05199e-18 -0.000244318 -1.84462e-18   0.00121446 -1.53305e-18   0.00133966 -6.90096e-19  0.000653636 -1.40774e-19   0.00017588 -2.40133e-20   2.5092e-05 -1.83122e-21  1.29446e-06
 -3.0394e-20 -9.94858e-06 -5.53005e-20  3.55013e-05  4.29157e-19  6.24405e-06   6.9781e-19 -0.000208551  3.21083e-19  0.000154391 -4.69858e-20  0.000399636  -1.1292e-19  0.000276992 -2.85313e-20  9.97067e-05  2.41347e-21  1.98808e-05 -1.83122e-21   1.8779e-06    2.959e-21
 2.19634e-07 -8.27297e-20 -3.60188e-06  -1.5354e-19  1.78098e-05  4.61078e-19 -3.11753e-05  1.26121e-18 -1.23729e-05  1.45459e-18  6.26283e-05  1.02794e-18  6.90774e-05  4.86562e-19  3.37112e-05  1.55425e-19  9.07248e-06  3.00793e-20  1.29446e-06    2.959e-21  6.67848e-08
