    0.403374 -4.28736e-16   -0.0022046  1.20268e-16    -0.028663  1.00178e-16   -0.0106355  1.41282e-17  0.000413429 -9.24455e-18   0.00167507  -4.2537e-18  0.000589954 -4.24419e-19  6.15801e-05  9.33822e-20 -1.47697e-05  1.19925e-20 -4.85089e-06 -8.44705e-22 -3.47959e-07
-4.28736e-16    0.0980658 -2.77694e-16     0.017902  6.24613e-17   -0.0212195  9.39069e-17   -0.0122989  1.82538e-17 -0.000653553 -8.82892e-18   0.00191611 -5.10153e-18  0.000910432 -1.14129e-18  0.000173864 -2.42665e-19  6.62802e-06 -5.63792e-20 -1.97605e-06 -3.86834e-21
  -0.0022046 -2.77694e-16    0.0633535 -2.15099e-16    0.0138473  4.09969e-17   -0.0175482  7.57338e-17   -0.0128652  1.76845e-17  -0.00189004 -5.32094e-18   0.00162637 -4.43991e-18   0.00101005 -1.85802e-18   0.00025064 -5.87867e-19  2.75109e-05 -9.01513e-20  7.62007e-07
 1.20268e-16     0.017902 -2.15099e-16    0.0462642 -1.59628e-16    0.0129314  2.70581e-17   -0.0147876  5.78448e-17   -0.0131286  2.14077e-17  -0.00324297  2.67868e-18  0.000913112 -1.98067e-18  0.000838952 -1.79643e-18  0.000232884  -5.6555e-19  2.66646e-05 -5.17486e-20
   -0.028663  6.24613e-17    0.0138473 -1.59628e-16    0.0380046 -1.14476e-16    0.0125434  1.74351e-17   -0.0125082   4.9362e-17   -0.0131641  3.41284e-17  -0.00459731  1.44161e-17 -7.87868e-05  2.11052e-18  0.000449495 -7.12012e-19  0.000134406 -2.47568e-19  1.12155e-05
 1.00178e-16   -0.0212195  4.09969e-17    0.0129314 -1.14476e-16    0.0332353  -8.2179e-17    0.0126601  6.66433e-18    -0.010341  5.12258e-17   -0.0128475  5.12899e-17  -0.00569145  2.57928e-17    -0.001052  6.28147e-18  3.09983e-05  5.52837e-19    3.425e-05 -5.07716e-21
  -0.0106355  9.39069e-17   -0.0175482  2.70581e-17    0.0125434  -8.2179e-17    0.0304574 -7.75121e-17    0.0133084 -9.72371e-18   -0.0079276  5.53075e-17   -0.0118393  6.29912e-17  -0.00608056  3.16964e-17  -0.00160076  8.18773e-18 -0.000199852  9.83109e-19 -6.94431e-06
 1.41282e-17   -0.0122989  7.57338e-17   -0.0147876  1.74351e-17    0.0126601 -7.75121e-17    0.0290404 -1.03443e-16    0.0146317 -3.27835e-17   -0.0048193  5.10114e-17  -0.00967275  6.13399e-17  -0.00534432  2.91238e-17  -0.00148377  6.78444e-18 -0.000189076  5.68746e-19
 0.000413429  1.82538e-17   -0.0128652  5.78448e-17   -0.0125082  6.66433e-18    0.0133084 -1.03443e-16    0.0287969 -1.47079e-16    0.0169056 -6.15568e-17 -0.000599026  3.24785e-17  -0.00613626  4.53775e-17  -0.00353992  1.96441e-17 -0.000890293  3.57786e-18 -7.57009e-05
-9.24455e-18 -0.000653553  1.76845e-17   -0.0131286   4.9362e-17    -0.010341 -9.72371e-18    0.0146317 -1.47079e-16    0.0297972  -1.9223e-16    0.0203262 -9.38441e-17   0.00463532  2.67933e-18  -0.00183935  2.21445e-17  -0.00143267  8.86327e-18 -0.000300899  1.02232e-18
  0.00167507 -8.82892e-18  -0.00189004  2.14077e-17   -0.0131641  5.12258e-17   -0.0079276 -3.27835e-17    0.0169056  -1.9223e-16    0.0320705 -2.28486e-16    0.0244452 -1.23691e-16   0.00969828 -2.68832e-17   0.00174656  2.65369e-18  2.78774e-06  1.97998e-18 -2.42241e-05
 -4.2537e-18   0.00191611 -5.32094e-18  -0.00324297  3.41284e-17   -0.0128475  5.53075e-17   -0.0048193 -6.15568e-17    0.0203262 -2.28486e-16    0.0349895 -2.48922e-16    0.0276198  -1.3993e-16    0.0125636 -4.27306e-17   0.00328809  -6.0543e-18  0.000416632 -1.75394e-19
 0.000589954 -5.10153e-18   0.00162637  2.67868e-18  -0.00459731  5.12899e-17   -0.0118393  5.10114e-17 -0.000599026 -9.38441e-17    0.0244452 -2.48922e-16    0.0367231 -2.45244e-16       0.0275 -1.31945e-16    0.0118706 -3.96912e-17    0.0027769 -5.55727e-18  0.000237798
-4.24419e-19  0.000910432 -4.43991e-18  0.000913112  1.44161e-17  -0.00569145  6.29912e-17  -0.00967275  3.24785e-17   0.00463532 -1.23691e-16    0.0276198 -2.45244e-16    0.0348122 -2.11212e-16    0.0228917 -1.00188e-16   0.00834332 -2.49691e-17   0.00143113 -2.19884e-18
 6.15801e-05 -1.14129e-18   0.00101005 -1.98067e-18 -7.87868e-05  2.57928e-17  -0.00608056  6.13399e-17  -0.00613626  2.67933e-18   0.00969828  -1.3993e-16       0.0275 -2.11212e-16    0.0281563 -1.52422e-16    0.0152674 -5.90117e-17    0.0042694 -1.05001e-17  0.000419985
 9.33822e-20  0.000173864 -1.85802e-18  0.000838952  2.11052e-18    -0.001052  3.16964e-17  -0.00534432  4.53775e-17  -0.00183935 -2.68832e-17    0.0125636 -1.31945e-16    0.0228917 -1.52422e-16    0.0185398 -8.82387e-17   0.00783415 -2.57319e-17   0.00149992 -2.59076e-18
-1.47697e-05 -2.42665e-19   0.00025064 -1.79643e-18  0.000449495  6.28147e-18  -0.00160076  2.91238e-17  -0.00353992  2.21445e-17   0.00174656 -4.27306e-17    0.0118706 -1.00188e-16    0.0152674 -8.82387e-17   0.00952767 -3.91177e-17   0.00294287 -7.71726e-18  0.000311278
 1.19925e-20  6.62802e-06 -5.87867e-19  0.000232884 -7.12012e-19  3.09983e-05  8.18773e-18  -0.00148377  1.96441e-17  -0.00143267  2.65369e-18   0.00328809 -3.96912e-17   0.00834332 -5.90117e-17   0.00783415 -3.91177e-17   0.00364607  -1.2523e-17  0.000747752 -1.35297e-18
-4.85089e-06 -5.63792e-20  2.75109e-05  -5.6555e-19  0.000134406  5.52837e-19 -0.000199852  6.78444e-18 -0.000890293  8.86327e-18  2.78774e-06  -6.0543e-18    0.0027769 -2.49691e-17    0.0042694 -2.57319e-17   0.00294287  -1.2523e-17  0.000972589  -2.6377e-18   0.00010799
-8.44705e-22 -1.97605e-06 -9.01513e-20  2.66646e-05 -2.47568e-19    3.425e-05  9.83109e-19 -0.000189076  3.57786e-18 -0.000300899  1.97998e-18  0.000416632 -5.55727e-18   0.00143113 -1.05001e-17   0.00149992 -7.71726e-18  0.000747752  -2.6377e-18  0.000160912  -2.9864e-19
-3.47959e-07 -3.86834e-21  7.62007e-07 -5.17486e-20  1.12155e-05 -5.07716e-21 -6.94431e-06  5.68746e-19 -7.57009e-05  1.02232e-18 -2.42241e-05 -1.75394e-19  0.000237798 -2.19884e-18  0.000419985 -2.59076e-18  0.000311278 -1.35297e-18   0.00010799  -2.9864e-19  1.24135e-05
