  0.00112218 -5.50235e-20  -0.00482351  4.32836e-19   0.00425362 -8.84301e-19  0.000473479  1.19958e-18 -0.000604402 -1.64119e-18 -0.000262711  1.55264e-18 -4.10488e-05 -4.65705e-19  9.74314e-07  1.33946e-20  1.37319e-06 -2.22374e-20  1.97477e-07 -4.93358e-22  8.35484e-09
-5.50235e-20    0.0081496 -2.83006e-19   -0.0178444  1.34112e-18   0.00796237 -1.86971e-18   0.00387234  1.58274e-18   -0.0002321  -2.5056e-18  -0.00053449   2.7708e-18 -0.000168286 -5.50004e-19 -2.56533e-05  -7.2925e-20 -1.81648e-06 -3.09135e-20 -2.62967e-08  1.27273e-22
 -0.00482351 -2.83006e-19    0.0273435 -7.19344e-19   -0.0367117  2.23994e-18   0.00477954 -2.33435e-18   0.00833735 -3.51248e-19   0.00194386 -1.77764e-18 -0.000165233   3.2594e-18 -0.000177662 -4.06237e-19 -3.99554e-05 -1.62926e-19 -4.09087e-06 -2.17361e-20 -1.42765e-07
 4.32836e-19   -0.0178444 -7.19344e-19    0.0569316 -9.51645e-19   -0.0498855  2.35852e-18   -0.0078607 -3.02664e-18   0.00892288  -4.6081e-18   0.00441137 -2.11146e-19  0.000803413  2.84272e-18   2.2656e-05     -3.4e-19 -1.40119e-05 -1.82899e-19 -1.81372e-06 -8.52618e-21
  0.00425362  1.34112e-18   -0.0367117 -9.51645e-19    0.0841022 -1.57037e-20   -0.0479102  1.77973e-18   -0.0239736 -6.03395e-18   0.00311529 -9.40659e-18   0.00454262  4.12053e-19   0.00139766  1.62785e-18  0.000208449 -4.58712e-19  1.44468e-05 -1.36972e-19  2.72362e-07
-8.84301e-19   0.00796237  2.23994e-18   -0.0498855 -1.57037e-20    0.0970013  3.14785e-18   -0.0323752  1.15421e-18   -0.0348199 -1.19248e-17  -0.00617803 -1.30086e-17   0.00177288 -6.90914e-19   0.00100079  3.14206e-20  0.000186791 -5.67011e-19  1.44869e-05 -6.87196e-20
 0.000473479 -1.86971e-18   0.00477954  2.35852e-18   -0.0479102  3.14785e-18     0.095881  8.77952e-18   -0.0113554  2.61293e-19   -0.0357029 -1.84617e-17   -0.0133397 -1.47612e-17  -0.00171393 -2.68941e-18  0.000125791 -1.21798e-18  5.56084e-05 -4.76847e-19  3.58931e-06
 1.19958e-18   0.00387234 -2.33435e-18   -0.0078607  1.77973e-18   -0.0323752  8.77952e-18    0.0896046  1.52808e-17   0.00938346  -2.0571e-18   -0.0269082 -2.27136e-17    -0.014473 -1.46676e-17  -0.00337295 -4.15885e-18 -0.000383356 -1.56612e-18 -1.66745e-05 -2.38237e-19
-0.000604402  1.58274e-18   0.00833735 -3.02664e-18   -0.0239736  1.15421e-18   -0.0113554  1.52808e-17    0.0858369  1.90973e-17    0.0282369 -6.32006e-18   -0.0119411 -2.32824e-17  -0.00985544 -1.29232e-17  -0.00269633 -4.24976e-18 -0.000342564 -1.11858e-18 -1.47739e-05
-1.64119e-18   -0.0002321 -3.51248e-19   0.00892288 -6.03395e-18   -0.0348199  2.61293e-19   0.00938346  1.90973e-17     0.086536  1.67767e-17    0.0440243 -1.12703e-17   0.00360509  -2.0473e-17  -0.00323962 -9.97146e-18  -0.00110933 -3.12207e-18 -0.000124887 -4.58416e-19
-0.000262711  -2.5056e-18   0.00194386  -4.6081e-18   0.00311529 -1.19248e-17   -0.0357029  -2.0571e-18    0.0282369  1.67767e-17    0.0886868   8.3147e-18    0.0534077 -1.44619e-17    0.0138802 -1.55429e-17   0.00135257 -6.55204e-18 -5.94829e-05 -1.61698e-18 -1.22901e-05
 1.55264e-18  -0.00053449 -1.77764e-18   0.00441137 -9.40659e-18  -0.00617803 -1.84617e-17   -0.0269082 -6.32006e-18    0.0440243   8.3147e-18     0.086651 -1.86454e-18    0.0527485 -1.41548e-17    0.0160629 -1.00825e-17   0.00257331 -3.49706e-18  0.000184414 -5.18539e-19
-4.10488e-05   2.7708e-18 -0.000165233 -2.11146e-19   0.00454262 -1.30086e-17   -0.0133397 -2.27136e-17   -0.0119411 -1.12703e-17    0.0534077 -1.86454e-18     0.075812 -8.33256e-18    0.0421888 -1.07836e-17    0.0120963 -5.45643e-18   0.00175112 -1.40111e-18  8.82252e-05
-4.65705e-19 -0.000168286   3.2594e-18  0.000803413  4.12053e-19   0.00177288 -1.47612e-17    -0.014473 -2.32824e-17   0.00360509 -1.44619e-17    0.0527485 -8.33256e-18    0.0565322 -9.12203e-18    0.0268714 -6.42858e-18   0.00647599 -2.36215e-18  0.000693341 -3.57618e-19
 9.74314e-07 -5.50004e-19 -0.000177662  2.84272e-18   0.00139766 -6.90914e-19  -0.00171393 -1.46676e-17  -0.00985544  -2.0473e-17    0.0138802 -1.41548e-17    0.0421888 -9.12203e-18    0.0345959 -6.35226e-18    0.0133316 -2.98049e-18   0.00246361 -7.59052e-19  0.000152485
 1.33946e-20 -2.56533e-05 -4.06237e-19   2.2656e-05  1.62785e-18   0.00100079 -2.68941e-18  -0.00337295 -1.29232e-17  -0.00323962 -1.55429e-17    0.0160629 -1.07836e-17    0.0268714 -6.35226e-18    0.0168238 -3.17126e-18   0.00500144 -1.04901e-18  0.000633414 -1.53643e-19
 1.37319e-06  -7.2925e-20 -3.99554e-05     -3.4e-19  0.000208449  3.14206e-20  0.000125791 -4.15885e-18  -0.00269633 -9.97146e-18   0.00135257 -1.00825e-17    0.0120963 -6.42858e-18    0.0133316 -3.17126e-18   0.00628782 -1.16776e-18    0.0013574 -2.63721e-19  9.50648e-05
-2.22374e-20 -1.81648e-06 -1.62926e-19 -1.40119e-05 -4.58712e-19  0.000186791 -1.21798e-18 -0.000383356 -4.24976e-18  -0.00110933 -6.55204e-18   0.00257331 -5.45643e-18   0.00647599 -2.98049e-18   0.00500144 -1.16776e-18   0.00173133 -3.12899e-19  0.000246869 -4.03595e-20
 1.97477e-07 -3.09135e-20 -4.09087e-06 -1.82899e-19  1.44468e-05 -5.67011e-19  5.56084e-05 -1.56612e-18 -0.000342564 -3.12207e-18 -5.94829e-05 -3.49706e-18   0.00175112 -2.36215e-18   0.00246361 -1.04901e-18    0.0013574 -3.12899e-19  0.000329464 -5.70299e-20  2.53068e-05
-4.93358e-22 -2.62967e-08 -2.17361e-20 -1.81372e-06 -1.36972e-19  1.44869e-05 -4.76847e-19 -1.66745e-05 -1.11858e-18 -0.000124887 -1.61698e-18  0.000184414 -1.40111e-18  0.000693341 -7.59052e-19  0.000633414 -2.63721e-19  0.000246869 -5.70299e-20  3.85845e-05 -5.82415e-21
 8.35484e-09  1.27273e-22 -1.42765e-07 -8.52618e-21  2.72362e-07 -6.87196e-20  3.58931e-06 -2.38237e-19 -1.47739e-05 -4.58416e-19 -1.22901e-05 -5.18539e-19  8.82252e-05 -3.57618e-19  0.000152485 -1.53643e-19  9.50648e-05 -4.03595e-20  2.53068e-05 -5.82415e-21   2.0908e-06
