 6.16574e-08    1.484e-22  -7.3729e-07 -3.25443e-21  3.03975e-06  1.88501e-20 -6.36486e-06 -5.26644e-20  7.08786e-06  7.78989e-20 -3.34494e-06  -4.5026e-20 -6.75987e-07 -4.20141e-20  1.00892e-06   9.7406e-20  2.08654e-07  -5.6299e-20 -2.33139e-07 -3.52619e-20 -1.13206e-07  8.64904e-20  2.02846e-08 -7.03051e-20  3.54116e-08    2.392e-20  1.11243e-08  1.12397e-20 -2.52681e-09 -2.04716e-20 -3.71764e-09  1.32324e-20 -1.50757e-09 -4.71151e-21 -1.17607e-10  6.79888e-22  2.16249e-10  3.96804e-22  1.49005e-10 -3.63336e-22  5.22488e-11   1.3252e-22  7.37072e-12 -4.22451e-23 -3.52943e-12 -8.99524e-26 -3.17274e-12  3.29498e-23 -1.40922e-12 -2.28289e-23 -4.26385e-13  3.59445e-24 -8.00287e-14  1.19461e-24  1.54603e-15 -5.70421e-25  9.05345e-15  1.36859e-25  4.75847e-15  1.62504e-26  1.71371e-15   -3.464e-26  4.91453e-16  1.96611e-26  1.15766e-16  2.63662e-27  2.17947e-17 -7.16114e-27  2.80839e-18 -4.59251e-28   1.4499e-21  1.12617e-27 -1.45076e-19  1.84723e-28  -5.9087e-20 -8.74658e-29 -1.67846e-20 -2.84596e-29 -3.94874e-21  2.40131e-30 -8.11992e-22  1.83628e-30 -1.49443e-22 -5.68095e-31 -2.49146e-23 -3.92799e-31 -3.78673e-24 -4.07445e-33 -5.26371e-25  3.26727e-32 -6.69908e-26  2.80787e-33 -7.80281e-27 -2.68087e-33  -8.3037e-28 -9.09269e-34 -8.05114e-29 -1.29933e-34 -7.08438e-30  -1.0928e-35 -5.62823e-31 -2.08042e-36 -4.01127e-32  -8.2779e-37 -2.54414e-33 -1.03812e-37 -1.42093e-34  4.50944e-38 -6.88906e-36  1.78809e-38  -2.8558e-37  1.53941e-39 -1.03246e-38 -3.54495e-40 -3.87377e-40 -1.00319e-40  -1.8538e-41 -9.27269e-42 -7.43753e-43 -1.87424e-43  6.99298e-46  2.39758e-44  1.91532e-45  1.36014e-45  7.79846e-47  1.23667e-47
   1.484e-22   1.1078e-06  2.06875e-21 -7.41893e-06  -3.1202e-20  2.26551e-05  1.42316e-19 -3.73324e-05 -3.26984e-19  3.19961e-05  3.93535e-19 -8.38622e-06 -1.35405e-19 -6.49042e-06  -2.9669e-19  2.90441e-06  4.60352e-19  1.96748e-06 -1.88746e-19 -4.09579e-07 -1.97968e-19 -6.25823e-07  3.49551e-19  -1.1796e-07 -2.48891e-19  1.03895e-07  7.07467e-20  7.56336e-08  4.73542e-20  1.42714e-08  -6.9095e-20  -8.8532e-09  3.89655e-20 -7.87609e-09 -1.18817e-20 -2.75849e-09  1.35325e-21 -1.30888e-10  1.18417e-21  4.17283e-10 -9.71783e-22  2.73683e-10  3.27528e-22  9.84189e-11 -1.63778e-22  1.79633e-11  4.18669e-23 -3.24106e-12  8.50305e-23 -4.33197e-12 -6.02028e-23 -2.13901e-12  7.42685e-24 -7.29889e-13  3.19866e-24 -1.80943e-13 -1.37643e-24 -2.65547e-14  3.50392e-25   2.5604e-15 -1.87756e-27   3.6277e-15  -5.0849e-26  1.63937e-15  8.06346e-26  5.41009e-16 -3.05741e-27  1.47024e-16 -2.73919e-26  3.41063e-17 -1.94175e-27  6.78484e-18  3.93867e-27  1.13038e-18  8.70416e-28  1.44447e-19 -2.15455e-28  8.85084e-21 -9.95949e-29 -2.10257e-21 -3.96337e-31 -1.01672e-21  1.91487e-30 -2.70078e-22 -3.25671e-30 -5.67054e-23 -1.40378e-30 -1.02268e-23  5.68636e-32 -1.63617e-24  1.34456e-31  -2.3578e-25  1.81111e-32 -3.08409e-26 -5.86509e-33 -3.67529e-27 -2.48443e-33 -3.99492e-28 -4.29394e-34  -3.9582e-29  -5.6543e-35 -3.56711e-30 -1.35727e-35 -2.91339e-31 -3.76783e-36 -2.14533e-32 -2.36804e-37 -1.41413e-33  2.03093e-37 -8.26405e-35  5.87695e-38 -4.23199e-36   3.1433e-39 -1.87963e-37 -1.27129e-39 -7.23133e-39  -2.7979e-40 -2.41236e-40 -2.25989e-41 -6.47204e-42 -4.84371e-43 -8.80593e-44   3.0627e-44  1.88647e-45  1.29742e-45  6.79379e-47
 -7.3729e-07  2.06875e-21  9.70253e-06  1.62897e-20 -4.45269e-05 -1.85025e-19  0.000105758  6.87187e-19 -0.000138937 -1.31817e-18  8.87354e-05  1.28481e-18 -3.00119e-06  -1.3838e-19 -2.48187e-05  -1.2207e-18  1.84349e-06  1.41321e-18  7.08475e-06 -3.80559e-19  1.01322e-06 -6.72042e-19 -1.56041e-06  9.33575e-19 -8.38065e-07 -5.96028e-19  2.56119e-08  1.43578e-19  2.10976e-07  1.28056e-19  1.01901e-07 -1.57366e-19  8.95004e-09  7.65032e-20  -1.6236e-08 -1.97292e-20 -1.12108e-08  1.95069e-21  -3.5805e-09  2.29611e-21 -1.42726e-10 -1.67529e-21  5.21743e-10  4.85767e-22  3.40372e-10 -4.33622e-22  1.27879e-10  1.68836e-22  2.88794e-11  1.57881e-22  2.64297e-13 -1.09403e-22 -3.41929e-12  1.00073e-23 -2.00317e-12  5.25544e-24  -7.6531e-13 -2.30026e-24 -2.23226e-13  5.27809e-25 -4.96515e-14 -1.19274e-25 -7.01651e-15   5.9296e-26  3.11808e-16  2.31067e-25   6.4968e-16 -3.47235e-26  2.84192e-16 -7.58974e-26   8.9588e-17 -6.78542e-27  2.34284e-17  9.56038e-27   5.3227e-18  2.67309e-27  1.07047e-18 -2.73934e-28  1.91761e-19 -2.09582e-28  3.05107e-20 -1.54829e-29   4.2524e-21 -8.15575e-30  5.01136e-22 -1.22036e-29  4.51346e-23 -3.84954e-30  1.79525e-24  2.36771e-31 -3.90005e-25  3.78726e-31 -1.26508e-25  6.97327e-32 -2.34867e-26 -4.33559e-33  -3.4388e-27 -3.90332e-33 -4.28029e-28 -8.28925e-34 -4.65561e-29 -1.56134e-34 -4.47407e-30 -4.53134e-35 -3.81086e-31 -1.02297e-35 -2.87211e-32 -6.61139e-38 -1.90446e-33  5.94262e-37 -1.10045e-34  1.29879e-37 -5.47341e-36  3.14469e-39 -2.32186e-37 -2.95736e-39 -8.44057e-39 -5.25108e-40 -2.65586e-40 -3.71249e-41 -6.56065e-42 -8.33277e-43 -6.54079e-44  1.90455e-44  2.05975e-45  5.32853e-46
-3.25443e-21 -7.41893e-06  1.62897e-20  5.52267e-05  8.87292e-20 -0.000190053 -7.99717e-19    0.0003617    2.476e-18 -0.000379541 -4.00877e-18  0.000167074  3.12553e-18  4.58827e-05  4.73225e-19 -5.69433e-05 -3.61008e-18 -1.34163e-05   3.2775e-18   1.4291e-05 -4.76874e-19  7.10713e-06 -1.65805e-18 -1.52808e-06  1.91038e-18 -2.42919e-06 -1.12526e-18   -6.952e-07  2.36097e-19  2.43518e-07  2.64399e-19  2.86828e-07 -2.79869e-19  1.04204e-07  1.14615e-19 -5.98725e-10 -2.48473e-20 -2.11683e-08  2.66946e-21 -1.25913e-08   3.5204e-21 -3.85092e-09  -1.9923e-21 -2.19633e-10  3.87472e-22  4.80802e-10 -9.16261e-22  3.26123e-10  3.99081e-22   1.2958e-10  2.46502e-22  3.45382e-11 -1.55639e-22  4.43427e-12    9.939e-24 -1.37286e-12  5.91105e-24 -1.24033e-12 -3.23572e-24  -5.4689e-13  2.08962e-25 -1.80262e-13 -3.89884e-25 -4.80174e-14  5.26769e-25 -1.03468e-14  5.43054e-25 -1.66217e-15 -1.18447e-25 -1.17634e-16 -1.74277e-25  4.29776e-17 -2.05645e-26   2.4408e-17  1.81456e-26   7.9089e-18  6.26753e-27  2.03368e-18  4.78566e-29  4.49452e-19 -2.67379e-28  8.81341e-20 -4.18713e-29  1.55733e-20  -4.3714e-29  2.49983e-21 -3.46429e-29  3.66032e-22 -9.25499e-30  4.89663e-23   4.4961e-31  5.98331e-24  8.30341e-31  6.66641e-25  1.94081e-31  6.75088e-26  1.39128e-32  6.18425e-27 -2.33546e-33  5.09099e-28 -8.72128e-34   3.7322e-29 -2.81764e-34  2.40574e-30 -9.96919e-35  1.33825e-31 -1.82704e-35  6.24109e-33  1.43363e-36   2.3266e-34  1.35703e-36  6.34962e-36  2.26679e-37  9.04636e-38 -2.51789e-40 -4.27063e-39 -5.17707e-39 -7.25355e-40  -7.5916e-40 -5.76028e-41 -4.68128e-41 -2.11008e-42 -1.05236e-42  2.07929e-45  2.49034e-45  1.37864e-45
 3.03975e-06  -3.1202e-20 -4.45269e-05  8.87292e-20  0.000229831  3.66196e-19 -0.000624426 -2.70996e-18  0.000969729  7.11762e-18 -0.000804349 -9.80651e-18  0.000196374  5.97946e-18  0.000181352  2.77772e-18 -8.06756e-05 -8.38291e-18 -5.68278e-05  6.11749e-18  1.38933e-05 -1.97826e-19  1.95523e-05 -3.20772e-18  2.91517e-06  3.18777e-18 -3.93367e-06 -1.79768e-18 -2.53393e-06  3.40995e-19 -3.13881e-07  4.51288e-19  4.19875e-07 -4.11938e-19  3.04661e-07  1.36781e-19  8.83681e-08 -2.56365e-20 -8.39414e-09  3.65452e-21 -2.18873e-08  4.90215e-21 -1.19213e-08  -1.2202e-21 -3.64248e-09 -1.78152e-22 -3.46041e-10 -1.64824e-21  3.31543e-10  6.88573e-22  2.49293e-10  3.42843e-22  1.05932e-10 -1.79493e-22  3.20794e-11  8.05914e-24  6.57185e-12  4.51536e-24  3.62591e-13 -4.58414e-24 -4.30355e-13 -1.60194e-24 -2.59934e-13 -7.83499e-25  -9.8574e-14  1.72058e-24 -2.96079e-14  1.12508e-24 -7.47432e-15 -2.76621e-25  -1.6084e-15  -3.4859e-25 -2.90429e-16 -5.38543e-26 -4.10266e-17  2.74535e-26 -3.26389e-18  1.19307e-26  4.26517e-19  1.26863e-27   2.7318e-19 -4.44518e-29  7.97147e-20 -5.25625e-29  1.79105e-20 -1.22185e-28  3.42592e-21 -8.01506e-29  5.78957e-22 -2.01653e-29  8.79447e-23  2.49457e-31  1.21142e-23  1.47922e-30   1.5199e-24  4.25626e-31  1.73998e-25   6.5601e-32  1.81732e-26   7.0334e-33  1.72896e-27  3.58585e-34  1.49386e-28 -3.11788e-34  1.16707e-29 -1.51191e-34  8.19513e-31 -1.88214e-35  5.13274e-32  6.10451e-36  2.84043e-33  2.60617e-36  1.37271e-34  3.37118e-37  5.68709e-36 -6.78864e-39   1.9348e-37 -7.22715e-39  4.81466e-39 -8.87389e-40  6.24208e-41 -4.71961e-41  4.68821e-45 -9.88728e-43  1.76334e-44 -4.37436e-45
 1.88501e-20  2.26551e-05 -1.85025e-19 -0.000190053  3.66196e-19  0.000746032  1.20683e-18  -0.00165409 -7.51162e-18   0.00211711  1.69677e-17  -0.00134889 -2.00259e-17  3.50975e-05  9.19211e-18  0.000414705  8.18553e-18 -4.13233e-05 -1.60457e-17 -0.000128277  9.50726e-18 -1.24747e-05  7.07498e-19  3.29755e-05 -5.05329e-18  1.53345e-05  4.49625e-18 -2.27654e-06 -2.54554e-18 -4.98697e-06   4.4952e-19 -1.99919e-06  6.68077e-19  7.69706e-08 -5.15289e-19   4.8986e-07  1.30597e-19  2.72709e-07 -2.44717e-20  6.62225e-08  3.88877e-21 -1.12597e-08  6.90765e-21 -1.88681e-08   1.3626e-21 -9.81848e-09 -1.21744e-21 -3.09346e-09 -2.60136e-21 -4.47104e-10  9.28542e-22  1.56024e-10  4.30326e-22  1.50906e-10 -1.66982e-22  6.99628e-11  8.18038e-24  2.34814e-11  2.50754e-24  6.00046e-12 -7.86521e-24  1.05777e-12 -6.57791e-24  4.02851e-14  -1.1484e-24 -6.28436e-14  4.13462e-24 -3.37034e-14  2.14065e-24 -1.17715e-14 -5.05283e-25  -3.3193e-15   -6.216e-25 -8.03074e-16 -1.22601e-25 -1.70684e-16  3.13475e-26 -3.21182e-17  1.89451e-26 -5.33454e-18  4.02887e-27 -7.69301e-19  8.33598e-28 -9.21551e-20  2.04891e-29 -7.96537e-21 -2.53981e-28  -1.3227e-22 -1.58244e-28  1.32774e-22  -4.0131e-29  3.70898e-23 -1.36201e-30  6.87203e-24  2.15271e-30  1.03465e-24   7.6925e-31  1.34036e-25  1.65281e-31  1.52798e-26   2.9467e-32  1.54705e-27  3.99587e-33   1.3949e-28 -2.06332e-35  1.11841e-29 -1.34111e-34   7.9373e-31  4.73151e-36  4.94944e-32  1.60462e-35  2.68534e-33  4.35822e-36   1.2514e-34  4.47326e-37  4.89955e-36 -1.35701e-38  1.52549e-37 -8.27606e-39  3.22546e-39 -8.55495e-40  2.50618e-41  -3.8364e-41 -2.78496e-43 -6.69484e-43  6.81412e-45
-6.36486e-06  1.42316e-19  0.000105758 -7.99717e-19 -0.000624426  1.20683e-18   0.00196826   3.2862e-18  -0.00364342 -1.75147e-17   0.00385365  3.44172e-17  -0.00176895 -3.50129e-17 -0.000472028  1.13329e-17  0.000672969  1.77286e-17  0.000127329 -2.61078e-17 -0.000194297  1.25305e-17 -8.05152e-05  2.23071e-18  3.16477e-05  -6.5855e-18  3.45669e-05  5.50104e-18   6.6466e-06 -3.30693e-18 -5.69958e-06  5.38516e-19 -4.64203e-06  8.84728e-19  -1.2394e-06 -5.50606e-19  3.23158e-07  9.70783e-20  4.58255e-07 -2.70341e-20  2.15486e-07   3.9651e-22  4.64547e-08  9.99773e-21 -9.63032e-09  6.18811e-21 -1.38573e-08 -2.38264e-21 -7.11846e-09 -3.63901e-21 -2.35663e-09  9.93304e-22 -4.60717e-10  4.80509e-22  2.38134e-11 -1.18567e-22  6.82084e-11  1.71003e-23  3.64506e-11  3.21582e-24  1.34712e-11 -1.65527e-23  3.92711e-12 -1.71751e-23  9.18444e-13  -1.2971e-24  1.61225e-13   8.3179e-24  1.39375e-14  3.82416e-24 -3.75778e-15 -7.44966e-25 -2.47924e-15 -9.99647e-25 -8.61722e-16 -2.45743e-25 -2.34261e-16  1.94172e-26 -5.43936e-17  2.52541e-26 -1.11621e-17  8.92577e-27  -2.0577e-18  2.82985e-27 -3.43613e-19  2.88145e-28 -5.21835e-20 -4.33427e-28  -7.2152e-21 -2.75344e-28 -9.07197e-22 -7.33159e-29 -1.03378e-22 -5.99727e-30 -1.06133e-23  2.44693e-30 -9.72327e-25  1.16871e-30 -7.82574e-26  3.14225e-31 -5.38176e-27  6.74967e-32 -2.98146e-28  1.07899e-32 -1.11168e-29  8.59771e-34  1.08031e-32   4.4334e-35  4.58253e-32  7.03009e-35  4.76761e-33  3.22905e-35  3.26198e-34  6.44424e-36  1.71757e-35  5.43146e-37  6.99375e-37 -1.69147e-38  1.78802e-38 -7.88436e-39 -7.72251e-41 -6.83741e-40 -2.37377e-41  -2.4788e-41 -4.40718e-43 -2.88614e-43
-5.26644e-20 -3.73324e-05  6.87187e-19    0.0003617 -2.70996e-18  -0.00165409   3.2862e-18   0.00434414  7.57138e-18  -0.00682364 -3.50379e-17   0.00593322   6.0515e-17   -0.0016737 -5.34481e-17  -0.00137554  1.07837e-17  0.000785631  3.11971e-17  0.000451041 -3.68761e-17 -0.000187108  1.40731e-17 -0.000183753  3.96877e-18 -5.03528e-06 -7.05793e-18  5.03774e-05  5.98381e-18  2.43471e-05 -4.03678e-18 -9.77929e-07  5.56511e-19  -6.6248e-06  1.06578e-18 -3.53883e-06 -4.91271e-19 -5.95098e-07  5.38998e-20  3.96957e-07 -3.88279e-20  3.67295e-07 -1.11517e-20  1.55025e-07  1.37747e-20  3.20167e-08  1.30469e-20  -5.8452e-09 -3.01569e-21 -8.68735e-09 -4.49278e-21 -4.53292e-09  8.19327e-22 -1.58973e-09  4.62408e-22 -3.82984e-10 -4.73218e-23 -3.98606e-11  4.57045e-23  1.81784e-11  1.00036e-23  1.39862e-11 -3.69404e-23   5.8718e-12 -3.67819e-23  1.89467e-12 -1.28996e-24  5.06523e-13  1.47182e-23  1.14156e-13  6.46885e-24   2.1283e-14 -8.59257e-25  3.00348e-15 -1.45873e-24  1.92519e-16 -4.39931e-25 -5.84858e-17 -2.13213e-26 -2.99792e-17  2.77665e-26 -8.68037e-18  1.63587e-26 -1.99285e-18  6.38886e-27  -3.9319e-19  8.87021e-28 -6.88237e-20 -6.35501e-28 -1.08532e-20  -4.3279e-28 -1.55439e-21 -1.23904e-28 -2.03028e-22 -1.57707e-29 -2.42277e-23  1.71343e-30 -2.64157e-24  1.48403e-30 -2.62816e-25  4.88663e-31 -2.38014e-26  1.17253e-31 -1.95479e-27  2.04085e-32  -1.4486e-28  2.51003e-33 -9.62218e-30  4.60512e-34 -5.67926e-31  1.85601e-34 -2.94291e-32  5.33869e-35 -1.31516e-33  8.47369e-36 -4.94171e-35  6.07643e-37 -1.52953e-36 -1.51394e-38 -4.08336e-38 -6.28231e-39 -1.09472e-39 -4.50221e-40 -2.52474e-41 -1.21614e-41 -1.88635e-43
 7.08786e-06 -3.26984e-19 -0.000138937    2.476e-18  0.000969729 -7.51162e-18  -0.00364342  7.57138e-18   0.00819673  1.50146e-17   -0.0110544 -6.10045e-17   0.00777712  9.35577e-17 -0.000695191 -7.24767e-17  -0.00251682  6.74331e-18  0.000546884  4.67726e-17  0.000864849  -4.5873e-17 -3.47803e-05  1.32511e-17 -0.000280808  5.20924e-18 -8.79125e-05 -5.93266e-18  4.48206e-05  5.97665e-18  4.56901e-05 -4.68402e-18  1.17485e-05  4.28561e-19 -5.07612e-06  1.16974e-18 -5.78715e-06 -3.33008e-19 -2.33531e-06  3.00352e-20 -1.97589e-07 -6.09716e-20  3.50647e-07 -3.43662e-20  2.60771e-07  1.63584e-20  1.03464e-07  2.08253e-20  2.21234e-08 -2.43924e-21 -2.18434e-09 -4.80652e-21 -4.56343e-09   4.6422e-22 -2.49847e-09  3.66155e-22 -9.31006e-10  4.01112e-23 -2.58866e-10  1.13415e-22 -4.94721e-11  2.44805e-23 -2.37763e-12 -7.83286e-23  3.08093e-12 -6.98427e-23  1.77385e-12 -1.88403e-24  6.52401e-13  2.34347e-23   1.9226e-13  1.03599e-23   4.8322e-14 -6.41774e-25  1.05985e-14  -1.9391e-24  2.03953e-15 -7.13419e-25  3.41311e-16 -1.02726e-25  4.81354e-17  2.33916e-26  5.20115e-18  2.64752e-26  2.59695e-19  1.18222e-26 -5.88832e-20  1.94612e-27 -2.34492e-20 -8.22112e-28 -5.22941e-21 -6.27362e-28 -9.19624e-22 -1.95661e-28 -1.38027e-22 -3.30524e-29 -1.82166e-23  -8.8434e-31  -2.1419e-24  1.48866e-30 -2.25583e-25  6.33043e-31 -2.13032e-26  1.66437e-31 -1.80038e-27  3.10629e-32 -1.35562e-28  4.88055e-33 -9.03234e-30   1.1193e-33 -5.27447e-31  3.38206e-34 -2.66281e-32  7.50204e-35 -1.13911e-33  9.92117e-36 -4.01775e-35   6.2212e-37 -1.14604e-36 -9.70232e-39 -2.78656e-38 -4.18014e-39 -6.52767e-40 -2.39296e-40 -1.09311e-41 -3.96579e-42
 7.78989e-20  3.19961e-05 -1.31817e-18 -0.000379541  7.11762e-18   0.00211711 -1.75147e-17  -0.00682364  1.50146e-17     0.013454  2.59435e-17   -0.0157081 -9.33995e-17   0.00864785  1.28655e-16    0.0012864  -8.8825e-17  -0.00353056 -8.59612e-20 -0.000168265  6.15848e-17   0.00120897 -5.06873e-17  0.000289989  9.73209e-18 -0.000304351  5.19843e-18 -0.000203049 -3.17144e-18  1.24653e-06  5.75923e-18   5.8132e-05 -5.15923e-18  3.07358e-05  8.67775e-20  2.55712e-06   1.1499e-18 -5.96093e-06 -9.64548e-20  -4.2596e-06  5.42998e-20  -1.3899e-06 -8.78113e-20 -1.90367e-08 -6.97034e-20  2.53609e-07  1.46102e-20  1.66656e-07  2.74971e-20  6.44623e-08 -3.92891e-22  1.50506e-08 -4.28305e-21  1.49415e-10  8.96433e-23 -1.90327e-09  2.27676e-22 -1.15749e-09  1.74802e-22 -4.61149e-10  2.56076e-22   -1.419e-10  4.73013e-23  -3.4356e-11 -1.51513e-22 -5.99434e-12 -1.21615e-22 -3.70918e-13 -4.93373e-24  2.42997e-13  3.39475e-23  1.37588e-13  1.56507e-23  4.75634e-14  1.33157e-25  1.31566e-14 -2.35774e-24  3.12749e-15 -1.06279e-24  6.57761e-16 -2.31298e-25  1.24104e-16  1.03837e-26  2.11441e-17  3.92273e-26  3.25952e-18  1.92245e-26  4.53929e-19  3.54472e-27  5.67965e-20 -9.57733e-28  6.31542e-21 -8.54741e-28  6.11111e-22 -2.91919e-28  4.92115e-23 -6.01676e-29  2.90924e-24 -6.25416e-30  5.41762e-26  8.93246e-31  -1.5728e-26  6.64566e-31 -2.93194e-27  1.95994e-31  -3.3413e-28  3.98135e-32 -2.95649e-29  7.62241e-33 -2.15108e-30  1.92248e-33  -1.3073e-31  4.95045e-34 -6.61414e-33  9.13315e-35  -2.7347e-34  1.03351e-35 -9.02572e-36   5.7501e-37 -2.48621e-37 -3.78978e-39 -7.29373e-39 -2.30161e-39 -2.19142e-40 -9.78531e-41  -2.7257e-42
-3.34494e-06  3.93535e-19  8.87354e-05 -4.00877e-18 -0.000804349  1.69677e-17   0.00385365 -3.50379e-17   -0.0110544  2.59435e-17    0.0194991  3.93772e-17    -0.019815 -1.26597e-16   0.00797135  1.58926e-16     0.004013 -1.00298e-16  -0.00397998 -7.77994e-18  -0.00130746  7.29503e-17   0.00128701 -4.97779e-17  0.000734739  3.82269e-18 -0.000192016  3.42846e-18 -0.000308405  6.92661e-19 -8.33708e-05  5.72108e-18  4.64069e-05 -5.32917e-18  4.84626e-05 -4.89391e-19  1.62494e-05   9.6349e-19 -2.01656e-06  1.77927e-19 -5.03643e-06  1.43723e-19 -2.78728e-06 -1.07629e-19 -7.76556e-07 -1.13051e-19  2.74432e-08  5.31151e-21  1.56242e-07  3.04789e-20  9.61937e-08  2.60038e-21   3.7259e-08 -2.91787e-21  9.67199e-09  -1.5503e-22  1.05446e-09  1.32209e-22  -5.3239e-10  4.51471e-22 -4.25589e-10  5.33267e-22 -1.86009e-10  8.26429e-23 -6.20925e-11 -2.65025e-22 -1.70021e-11 -1.97105e-22 -3.85655e-12  -1.3392e-23  -6.9576e-13  4.49779e-23 -8.24886e-14  2.22256e-23   2.4441e-15  1.62161e-24  5.15946e-15  -2.6406e-24  1.94964e-15 -1.47539e-24  5.31277e-16 -4.05534e-25  1.20781e-16 -1.07094e-26  2.40452e-17  5.44597e-26  4.28442e-18  2.84327e-26  6.91038e-19   5.6704e-27  1.01514e-19 -1.03015e-27  1.36255e-20 -1.11482e-27   1.6732e-21 -4.15914e-28  1.87966e-22 -9.90809e-29  1.92947e-23 -1.52125e-29  1.80583e-24 -5.98892e-31  1.53609e-25  4.92937e-31  1.18249e-26  1.86066e-31  8.19162e-28   4.3579e-32   5.0685e-29   1.0156e-32  2.77284e-30  2.68795e-33  1.32309e-31  6.13953e-34  5.41185e-33    9.744e-35  1.85517e-34  9.56049e-36  5.05592e-36  4.72466e-37  8.51319e-38  1.03984e-40 -6.47006e-40 -1.02743e-39 -6.42217e-41 -2.69469e-41
 -4.5026e-20 -8.38622e-06  1.28481e-18  0.000167074 -9.80651e-18  -0.00134889  3.44172e-17   0.00593322 -6.10045e-17   -0.0157081  3.93772e-17    0.0252968  5.27014e-17   -0.0224326 -1.52365e-16    0.0056168  1.77994e-16   0.00691426 -1.06699e-16  -0.00355128 -1.43803e-17  -0.00263182  7.95192e-17  0.000956616 -4.28352e-17   0.00117239 -3.63654e-18  7.76753e-05 -2.04125e-19 -0.000347474  4.73315e-18 -0.000190834  6.17253e-18  9.39038e-07 -5.05398e-18  5.36799e-05  -1.2505e-18   3.1984e-05   5.8804e-19  6.61908e-06  4.40682e-19   -3.232e-06  2.97394e-19 -3.55637e-06 -1.05864e-19 -1.67569e-06 -1.55973e-19 -4.24162e-07 -1.31467e-20  1.94427e-08  2.73467e-20  8.24091e-08  5.15118e-21  4.97336e-08 -1.23892e-21  1.96394e-08 -3.14403e-22  5.62529e-09  1.80804e-22  1.03504e-09  1.02758e-21 -8.80985e-12  1.02792e-21 -1.06968e-10  1.44428e-22  -5.6978e-11 -4.19853e-22 -2.08927e-11 -2.99014e-22 -6.21583e-12 -3.06082e-23 -1.57582e-12  5.46547e-23  -3.4566e-13  2.96289e-23 -6.52998e-14  3.81625e-24  -1.0303e-14 -2.76333e-24 -1.22619e-15 -1.93675e-24 -6.01974e-17 -6.16086e-25   2.0532e-17 -3.69745e-26  8.57022e-18  7.19477e-26  2.11243e-18  3.90209e-26   4.1503e-19  8.18722e-27  6.99994e-20 -1.06892e-27   1.0434e-20 -1.41635e-27  1.39307e-21 -5.70919e-28  1.67639e-22 -1.51018e-28  1.82233e-23 -2.82796e-29  1.78872e-24   -3.204e-30  1.58131e-25  5.32062e-32  1.25347e-26  1.24444e-31  8.85128e-28  4.04463e-32  5.51821e-29  1.18688e-32  3.00056e-30  3.21728e-33  1.39994e-31  6.61728e-34   5.4833e-33  9.17134e-35  1.74602e-34   7.8283e-36  4.20593e-36  3.39801e-37  5.75307e-38  1.45716e-39 -3.80392e-40 -3.55455e-40 -1.88465e-41
-6.75987e-07 -1.35405e-19 -3.00119e-06  3.12553e-18  0.000196374 -2.00259e-17  -0.00176895   6.0515e-17   0.00777712 -9.33995e-17    -0.019815  5.27014e-17    0.0297753  6.20703e-17   -0.0230322 -1.62468e-16   0.00195885  1.82567e-16   0.00933356 -1.09592e-16  -0.00219023 -1.91851e-17  -0.00380208  8.16159e-17  0.000198953 -3.06498e-17   0.00144653 -1.14649e-17  0.000466025 -5.40112e-18 -0.000273762    7.957e-18  -0.00028463  7.20783e-18 -7.47642e-05 -4.25033e-18  3.65153e-05 -2.08922e-18  4.24668e-05  3.47016e-20  1.79649e-05  6.45585e-19   1.7557e-06  4.97804e-19  -2.7863e-06 -6.91917e-20 -2.21675e-06 -1.87246e-19 -9.44864e-07  -3.9232e-20 -2.33083e-07  1.67834e-20  2.06269e-09  5.30498e-21  3.63891e-08 -4.29702e-22  2.25666e-08 -7.89597e-22  9.20218e-09  4.24536e-22  2.85654e-09  2.08395e-21  6.71849e-10  1.83219e-21  9.86287e-11  2.59939e-22 -5.90624e-12 -6.04774e-22 -1.08448e-11 -4.25154e-22 -4.92149e-12 -5.89009e-23 -1.61926e-12  6.10762e-23 -4.42373e-13  3.71355e-23 -1.05055e-13  6.49805e-24 -2.21222e-14 -2.77822e-24 -4.16595e-15 -2.43758e-24 -7.02698e-16 -8.47951e-25 -1.05675e-16 -6.37628e-26 -1.39839e-17   9.1404e-26  -1.5806e-18  5.03354e-26 -1.41394e-19  1.08278e-26 -7.33421e-21 -1.15237e-27   5.0755e-22  -1.7776e-27  2.16106e-22 -7.59457e-28  3.88258e-23 -2.15937e-28  5.23181e-24 -4.54328e-29  5.84577e-25 -6.95035e-30  5.59699e-26 -6.58722e-31  4.64438e-27  1.37411e-32   3.3445e-28  3.06294e-32  2.07907e-29  1.23514e-32  1.10326e-30  3.37708e-33  4.90975e-32  6.28365e-34  1.78451e-33  7.64008e-35  5.04333e-35  5.64594e-36  9.41689e-37  2.10344e-37  1.63042e-39  1.22525e-39 -4.16498e-40 -8.39578e-41
-4.20141e-20 -6.49042e-06  -1.3838e-19  4.58827e-05  5.97946e-18  3.50975e-05 -3.50129e-17   -0.0016737  9.35577e-17   0.00864785 -1.26597e-16   -0.0224326  6.20703e-17    0.0322491  6.35382e-17   -0.0216752 -1.51751e-16  -0.00230224   1.7374e-16     0.010776 -1.11183e-16 -0.000110008 -2.32299e-17  -0.00450673  8.06601e-17 -0.000869741 -1.47199e-17   0.00143144 -1.83672e-17  0.000882426 -1.15666e-17 -7.30323e-05  9.63057e-18 -0.000322726  8.68301e-18 -0.000162254 -2.94369e-18 -5.93229e-06 -2.88128e-18  4.00004e-05 -6.52048e-19  2.76475e-05  7.58097e-19  8.97176e-06  7.17264e-19  -4.9782e-08  1.09579e-20 -1.87116e-06 -1.94912e-19 -1.24926e-06 -6.74665e-20 -5.03913e-07 -4.79208e-22 -1.28692e-07  1.16375e-21 -7.92163e-09 -2.22838e-21  1.25552e-08 -2.38465e-21  8.66098e-09  7.94058e-22  3.70564e-09  3.75512e-21   1.2267e-09  3.01922e-21  3.29205e-10  4.66617e-22  7.03523e-11 -7.94916e-22  1.04954e-11 -5.66345e-22    2.353e-13 -9.77877e-23 -5.44042e-13  6.31619e-23 -2.53664e-13  4.39835e-23 -7.94056e-14  9.27579e-24 -2.03369e-14 -2.80535e-24 -4.52146e-15 -2.97317e-24 -8.95336e-16 -1.08222e-24 -1.59989e-16 -8.52708e-26 -2.59827e-17  1.12583e-25 -3.84966e-18  6.15898e-26 -5.21252e-19  1.32236e-26 -6.45161e-20 -1.39573e-27 -7.29289e-21 -2.22077e-27 -7.51533e-22 -9.81131e-28 -7.04131e-23  -2.9183e-28 -5.97731e-24 -6.58541e-29 -4.57769e-25 -1.15855e-29 -3.14665e-26 -1.56456e-30 -1.92964e-27 -1.26725e-31 -1.04838e-28  1.65339e-32 -5.00945e-30  1.15518e-32  -2.0919e-31  3.15009e-33 -7.60531e-33  5.29603e-34 -2.41775e-34  5.63428e-35 -7.17039e-36  3.55972e-36 -2.46666e-37  1.09693e-37 -9.18678e-39  5.87782e-40 -1.60569e-40
 1.00892e-06  -2.9669e-19 -2.48187e-05  4.73225e-19  0.000181352  9.19211e-18 -0.000472028 -5.34481e-17 -0.000695191  1.28655e-16   0.00797135 -1.52365e-16   -0.0230322  6.35382e-17    0.0326391  5.44654e-17   -0.0189028 -1.20194e-16  -0.00643336  1.56424e-16    0.0110468 -1.13073e-16   0.00231328 -2.86466e-17  -0.00456228  7.81582e-17    -0.002043  3.13741e-18   0.00107622 -2.31911e-17   0.00121448 -1.79436e-17  0.000227671   9.4857e-18 -0.000273982  1.03047e-17 -0.000233195 -1.27731e-18 -6.65229e-05 -3.53149e-18  2.02106e-05 -1.41035e-18  3.04646e-05  7.56897e-19   1.5903e-05  9.24692e-19  4.16232e-06  1.35938e-19 -4.03248e-07 -1.68331e-19  -1.0599e-06 -8.86661e-20 -6.40788e-07  -2.1043e-20  -2.5285e-07 -8.38483e-21 -6.90932e-08 -8.57302e-21 -9.51443e-09 -6.17898e-21  2.64317e-09  1.06214e-21  2.61706e-09  6.05521e-21  1.22229e-09  4.60848e-21  4.29782e-10  8.00825e-22  1.24751e-10 -9.55214e-22  3.07097e-11 -7.05931e-22  6.38945e-12 -1.42564e-22  1.07831e-12  6.14943e-23  1.25687e-13  4.97048e-23  1.87267e-16  1.17199e-23 -5.27968e-15 -2.97935e-24 -1.95316e-15 -3.53045e-24 -5.02273e-16 -1.29501e-24 -1.06648e-16  -9.4348e-26 -1.97233e-17  1.35581e-25 -3.25134e-18  7.20277e-26 -4.83264e-19  1.49778e-26 -6.51433e-20 -1.91907e-27 -7.98419e-21 -2.76032e-27  -8.9009e-22 -1.22953e-27 -9.01388e-23 -3.74062e-28 -8.26897e-24 -8.77733e-29  -6.8421e-25 -1.65498e-29  -5.0763e-26 -2.51104e-30  -3.3504e-27 -2.66162e-31 -1.94709e-28  1.84006e-33 -9.83352e-30  9.76863e-33 -4.24413e-31  2.63091e-33 -1.53234e-32  3.97514e-34 -4.51762e-34  3.66842e-35 -1.08441e-35  1.93944e-36 -2.31243e-37  4.66542e-38 -4.34854e-39  1.62867e-40
  9.7406e-20  2.90441e-06  -1.2207e-18 -5.69433e-05  2.77772e-18  0.000414705  1.13329e-17  -0.00137554 -7.24767e-17    0.0012864  1.58926e-16    0.0056168 -1.62468e-16   -0.0216752  5.44654e-17    0.0313944  3.45233e-17   -0.0154485 -7.29365e-17   -0.0099053  1.37301e-16    0.0102405 -1.15625e-16    0.0046829 -3.73674e-17  -0.00394661  7.49314e-17  -0.00309457  2.10527e-17  0.000416413 -2.51994e-17   0.00136416 -2.37545e-17  0.000567162  7.75575e-18 -0.000130627   1.1774e-17 -0.000259039  5.31171e-19 -0.000129202 -3.99945e-18 -1.52252e-05 -2.18362e-18  2.26938e-05  6.29434e-19  1.93355e-05  1.08919e-18  8.43034e-06  2.98264e-19  1.89839e-06 -1.00155e-19 -2.80006e-07   -9.129e-20 -5.16019e-07 -3.88883e-20 -2.97047e-07 -2.31157e-20  -1.1722e-07 -2.10755e-20 -3.44379e-08 -1.32442e-20 -6.89175e-09  8.65472e-22 -3.01703e-10  8.83068e-21  5.07524e-10   6.5367e-21  3.02018e-10  1.28142e-21  1.16201e-10 -1.04848e-21  3.59092e-11 -8.21572e-22  9.47994e-12 -1.83956e-22  2.19008e-12   5.8764e-23  4.46411e-13  5.44224e-23  8.00657e-14  1.35499e-23  1.24341e-14 -3.36587e-24  1.60039e-15  -4.0657e-24  1.48523e-16 -1.45364e-24  2.76684e-18 -8.15771e-26 -2.77731e-18  1.61226e-25 -8.28388e-19  8.11106e-26 -1.63055e-19  1.57627e-26 -2.60106e-20 -2.80381e-27 -3.56239e-21 -3.38936e-27 -4.28488e-22 -1.48957e-27 -4.56899e-23 -4.55144e-28 -4.33103e-24 -1.08549e-28 -3.64471e-25 -2.10579e-29  -2.7105e-26 -3.30976e-30 -1.76792e-27  -3.7285e-31 -1.00053e-28 -9.94437e-33 -4.84301e-30  7.50149e-33 -1.96808e-31  1.97527e-33 -6.56202e-33  2.65765e-34 -1.75949e-34  2.09585e-35 -3.88591e-36  8.96565e-37 -7.77709e-38  1.52568e-38 -1.00153e-39
 2.08654e-07  4.60352e-19  1.84349e-06 -3.61008e-18 -8.06756e-05  8.18553e-18  0.000672969  1.07837e-17  -0.00251682  -8.8825e-17     0.004013  1.77994e-16   0.00195885 -1.51751e-16   -0.0189028  3.45233e-17    0.0292134  5.81752e-18   -0.0119561 -1.83512e-17   -0.0124809  1.22375e-16   0.00862915 -1.18077e-16   0.00668982   -4.999e-17  -0.00277052  7.09597e-17  -0.00383987  3.72773e-17 -0.000444385 -2.42839e-17   0.00127478 -2.83444e-17  0.000868444   5.0558e-18  8.79249e-05  1.29125e-17 -0.000221101  2.26707e-18 -0.000173885 -4.29356e-18 -5.81999e-05 -2.93643e-18  4.05957e-06  3.66027e-19  1.67291e-05  1.18012e-18  1.08973e-05  4.80786e-19  4.23882e-06  1.17772e-20  9.01997e-07 -6.37018e-20 -1.09997e-07 -4.62886e-20 -2.13234e-07 -4.13342e-20 -1.21975e-07 -4.04974e-20 -4.88169e-08 -2.42995e-20 -1.52477e-08  -2.1559e-22 -3.71332e-09  1.17602e-20 -6.19986e-10  8.64603e-21 -1.24066e-11   1.8939e-21  4.17337e-11 -1.04573e-21  2.12935e-11 -8.89191e-22  7.32163e-12 -2.09304e-22  2.05583e-12  5.95162e-23  4.99696e-13  5.89707e-23   1.0783e-13  1.48008e-23  2.09203e-14 -3.88152e-24  3.67268e-15 -4.48367e-24   5.8498e-16 -1.51297e-24  8.45318e-17 -3.46788e-26   1.1054e-17  1.91234e-25  1.30115e-18   8.8631e-26  1.36598e-19   1.5406e-26  1.25896e-20 -4.05418e-27  9.89218e-22 -4.07022e-27  6.20556e-23 -1.73697e-27  2.49138e-24 -5.25365e-28 -3.64909e-26 -1.25085e-28 -1.91007e-26 -2.42892e-29 -2.23365e-27 -3.79636e-30 -1.79657e-28 -4.25269e-31 -1.12355e-29 -1.67342e-32 -5.63495e-31  5.24899e-33 -2.28436e-32  1.33498e-33 -7.59183e-34  1.57816e-34 -2.23016e-35  1.03952e-35  -6.7396e-37  3.41074e-37 -1.73803e-38  3.32033e-39
 -5.6299e-20  1.96748e-06  1.41321e-18 -1.34163e-05 -8.38291e-18 -4.13233e-05  1.77286e-17  0.000785631  6.74331e-18  -0.00353056 -1.00298e-16   0.00691426  1.82567e-16  -0.00230224 -1.20194e-16   -0.0154485  5.81752e-18     0.026751 -2.78793e-17  -0.00882888   3.4778e-17   -0.0141689  1.15171e-16   0.00653357 -1.19141e-16   0.00815667 -6.53876e-17  -0.00121874   6.5771e-17  -0.00416912  5.03346e-17  -0.00136828 -2.10261e-17  0.000941681 -3.13148e-17   0.00105987  2.16515e-18  0.000340219   1.3719e-17 -0.000117171  3.79537e-18 -0.000183063 -4.43985e-18 -9.63751e-05 -3.65454e-18 -2.15793e-05 -4.22606e-20  7.47519e-06  1.16641e-18  1.00657e-05  6.57281e-19  5.61205e-06  1.63051e-19  2.05133e-06  3.15512e-21  4.54061e-07 -3.55122e-20 -1.25443e-08 -6.02487e-20 -7.12358e-08  -6.6418e-20 -4.28255e-08 -3.94327e-20 -1.76145e-08 -2.54868e-21 -5.76819e-09  1.44021e-20 -1.56166e-09  1.06945e-20 -3.46446e-10  2.58116e-21 -5.83293e-11 -9.35542e-22 -4.87191e-12 -8.88172e-22  1.26479e-12 -2.05184e-22   8.1016e-13  6.91383e-23  2.73294e-13  6.47494e-23  7.21221e-14  1.58917e-23  1.62586e-14 -4.25687e-24   3.2401e-15 -4.63247e-24  5.80374e-16 -1.41691e-24  9.42755e-17  6.02434e-26  1.39552e-17   2.2773e-25  1.88699e-18  9.46567e-26   2.3325e-19  1.39261e-26  2.63427e-20 -5.58052e-27  2.71381e-21 -4.73461e-27  2.54343e-22 -1.94114e-27  2.16039e-23 -5.74471e-28  1.65471e-24 -1.34551e-28  1.13531e-25 -2.56275e-29  6.91784e-27 -3.88423e-30  3.70127e-28 -4.18686e-31  1.71164e-29  -1.8348e-32  6.68221e-31  3.35644e-33  2.11568e-32  8.11361e-34  4.97756e-34  8.27167e-35  6.28544e-36  4.39752e-36 -7.23515e-38  1.00784e-37 -3.19916e-39
-2.33139e-07 -1.88746e-19  7.08475e-06   3.2775e-18 -5.68278e-05 -1.60457e-17  0.000127329  3.11971e-17  0.000546884 -8.59612e-20  -0.00397998 -1.06699e-16   0.00933356   1.7374e-16  -0.00643336 -7.29365e-17   -0.0119561 -2.78793e-17     0.024449 -6.23435e-17  -0.00622409  7.96703e-17   -0.0151171  1.16114e-16   0.00423262 -1.17629e-16   0.00902736 -8.11206e-17  0.000507635  5.90263e-17  -0.00405138  5.91775e-17  -0.00221695 -1.65572e-17  0.000407453 -3.26122e-17     0.001092 -2.11104e-19  0.000573845  1.43422e-17  3.72119e-05  5.10349e-18 -0.000147631  -4.4448e-18 -0.000117086  -4.3302e-18 -4.71686e-05 -5.99494e-19 -6.55629e-06  1.01836e-18  5.52866e-06  7.95505e-19   5.2472e-06  3.42598e-19  2.66531e-06  1.13412e-19  9.51889e-07 -8.61507e-22  2.31358e-07 -7.67179e-20  1.90889e-08  -9.7212e-20 -1.66558e-08 -5.79904e-20 -1.20681e-08 -6.35429e-21   -5.247e-09  1.62712e-20 -1.79133e-09   1.2386e-20 -5.14438e-10  3.24467e-21  -1.2721e-10 -7.29343e-22 -2.71373e-11 -8.06525e-22 -4.89669e-12 -1.60915e-22 -6.99301e-13  9.23226e-23 -5.96584e-14  7.33261e-23  5.36434e-15  1.75512e-23  4.02313e-15 -4.06953e-24  1.18332e-15 -4.32507e-24  2.62687e-16 -1.10875e-24  4.91489e-17  2.14747e-25  8.05884e-18  2.72054e-25  1.17838e-18  9.92923e-26  1.54936e-19  1.15043e-26  1.83825e-20 -7.21228e-27   1.9691e-21 -5.29509e-27  1.90108e-22 -2.07123e-27  1.64828e-23 -5.94056e-28  1.27633e-24 -1.35173e-28  8.75958e-26 -2.48557e-29  5.27451e-27 -3.58899e-30  2.74893e-28 -3.64573e-31  1.21699e-29 -1.61221e-32  4.45146e-31  1.96615e-33  1.28361e-32  4.41873e-34  2.63233e-34  3.78542e-35  2.60995e-36  1.53942e-36 -2.68615e-38  2.00415e-38
-3.52619e-20 -4.09579e-07 -3.80559e-19   1.4291e-05  6.11749e-18 -0.000128277 -2.61078e-17  0.000451041  4.67726e-17 -0.000168265 -7.77994e-18  -0.00355128 -1.09592e-16     0.010776  1.56424e-16   -0.0099053 -1.83512e-17  -0.00882888 -6.23435e-17     0.022511 -9.39744e-17  -0.00413025  1.12696e-16   -0.0155132  1.23014e-16   0.00192596 -1.12871e-16   0.00933028 -9.42918e-17   0.00223017  5.09446e-17  -0.00351971  6.33191e-17  -0.00287612 -1.22558e-17 -0.000252317 -3.25366e-17  0.000946541 -1.62967e-18  0.000738262  1.49953e-17  0.000212614   6.2944e-18 -7.00555e-05 -4.27185e-18 -0.000111497 -4.94225e-18 -6.46805e-05 -1.29635e-18 -2.14559e-05  7.13353e-19 -1.71483e-06   8.6323e-19  2.99096e-06  5.34631e-19  2.40754e-06  2.65039e-19   1.1599e-06  5.96431e-20   4.1446e-07 -8.80733e-20  1.11075e-07 -1.30327e-19  1.87442e-08 -7.86694e-20 -9.08247e-10 -1.16573e-20 -2.33734e-09    1.692e-20 -1.18814e-09  1.34127e-20 -4.31747e-10  3.75657e-21 -1.29479e-10 -4.61252e-22 -3.36188e-11 -6.44728e-22 -7.71587e-12 -7.19574e-23 -1.57946e-12  1.31464e-22  -2.8889e-13  8.59025e-23 -4.69919e-14   2.0614e-23  -6.7057e-15 -2.84816e-24 -8.13335e-16 -3.38747e-24 -7.71253e-17 -5.49446e-25 -3.95093e-18  4.32092e-25  4.24592e-19  3.23214e-25  1.67825e-19  1.02378e-25  3.18333e-20  8.41286e-27  4.60288e-21 -8.73565e-27   5.5542e-22 -5.66462e-27  5.76785e-23 -2.10366e-27  5.21227e-24 -5.79922e-28  4.10663e-25 -1.26802e-28  2.81009e-26  -2.2218e-29  1.65583e-27 -3.01433e-30  8.28725e-29 -2.84023e-31  3.44927e-30 -1.20198e-32  1.15272e-31  1.05672e-33  2.88194e-33  2.14193e-34    4.364e-35  1.48581e-35 -2.53481e-38  4.21042e-37 -1.08628e-38
-1.13206e-07 -1.97968e-19  1.01322e-06 -4.76874e-19  1.38933e-05  9.50726e-18 -0.000194297 -3.68761e-17  0.000864849  6.15848e-17  -0.00130746 -1.43803e-17  -0.00219023 -1.11183e-16    0.0110468  1.37301e-16   -0.0124809   3.4778e-17  -0.00622409 -9.39744e-17    0.0209687 -1.20328e-16  -0.00245803  1.33176e-16   -0.0155253  1.32191e-16  -0.00026428 -1.04845e-16   0.00913907 -1.02399e-16   0.00381092  4.23878e-17  -0.00264922  6.28887e-17  -0.00326826 -9.38886e-18 -0.000946471  -3.1657e-17  0.000637258 -1.99806e-18  0.000795773  1.58544e-17  0.000372946  7.53635e-18  3.58912e-05 -3.84244e-18 -7.75847e-05 -5.44352e-18 -6.77881e-05 -2.10229e-18   -3.255e-05  2.44023e-19  -9.5262e-06  8.36441e-19 -5.64288e-07  7.22514e-19  1.27935e-06  4.50187e-19  9.64456e-07  1.43572e-19  4.53466e-07 -9.26896e-20  1.63785e-07 -1.62747e-19  4.73248e-08 -9.97675e-20  1.05853e-08 -1.82975e-20   1.4852e-09  1.60017e-20 -9.69318e-11  1.34982e-20 -1.61192e-10     3.98e-21 -7.15096e-11 -1.82689e-22 -2.31866e-11 -4.17303e-22 -6.27664e-12  5.77977e-23  -1.4854e-12  1.85521e-22 -3.13933e-13  1.02828e-22 -5.99232e-14  2.57498e-23 -1.03947e-14 -2.18863e-25 -1.64404e-15  -1.7208e-24 -2.37404e-16   2.6136e-25 -3.12976e-17  7.01652e-25 -3.76241e-18  3.76793e-25 -4.11528e-19  1.03314e-25  -4.0827e-20  4.94323e-27 -3.65882e-21 -9.94113e-27 -2.94712e-22 -5.77772e-27 -2.12083e-23 -2.02869e-27   -1.354e-24 -5.33498e-28 -7.60759e-26    -1.11e-28 -3.72765e-27 -1.83254e-29 -1.57678e-28 -2.30866e-30  -5.7035e-30 -1.99012e-31 -1.77094e-31 -7.76647e-33 -5.07483e-33  5.20858e-34 -1.68391e-34   9.1386e-35  -7.0115e-36  4.85246e-36 -2.21348e-37  7.79767e-38
 8.64904e-20 -6.25823e-07 -6.72042e-19  7.10713e-06 -1.97826e-19 -1.24747e-05  1.25305e-17 -0.000187108  -4.5873e-17   0.00120897  7.29503e-17  -0.00263182 -1.91851e-17 -0.000110008 -1.13073e-16    0.0102405  1.22375e-16   -0.0141689  7.96703e-17  -0.00413025 -1.20328e-16    0.0197678 -1.40072e-16  -0.00110403  1.42369e-16   -0.0152802  1.39702e-16  -0.00227449 -9.41345e-17   0.00854333  -1.0389e-16   0.00515498  3.46334e-17  -0.00153643  5.85797e-17  -0.00335532 -8.81471e-18  -0.00158417 -3.06606e-17  0.000204755 -1.55355e-18  0.000728567  1.69832e-17   0.00048384  8.99299e-18  0.000148472 -3.06047e-18 -2.10499e-05 -5.76348e-18 -5.40388e-05 -2.96394e-18 -3.60231e-05 -3.74627e-19 -1.53767e-05  7.07395e-19 -4.27656e-06  8.93431e-19  -3.6024e-07  6.56991e-19  4.20631e-07  2.44656e-19  3.27539e-07 -9.01133e-20  1.54257e-07 -1.91482e-19  5.65131e-08  -1.1951e-19  1.71395e-08 -2.59911e-20  4.35844e-09  1.33036e-20  9.07617e-10  1.24354e-20  1.39496e-10   3.7927e-21  7.86418e-12  4.65015e-23 -4.43841e-12 -1.51708e-22 -2.28599e-12  2.15639e-22 -7.18105e-13  2.49752e-22  -1.8088e-13  1.23333e-22 -3.92419e-14  3.32174e-23 -7.55074e-15  3.95342e-24 -1.30734e-15  6.44142e-25  -2.0525e-16  1.27083e-24 -2.93364e-17   9.9671e-25 -3.82375e-18   4.2509e-25 -4.54503e-19   1.0117e-25 -4.92004e-20  1.36899e-27 -4.83795e-21 -1.06655e-26  -4.3047e-22 -5.60663e-27 -3.44767e-23 -1.85367e-27 -2.46824e-24 -4.61703e-28 -1.56521e-25 -9.05838e-29 -8.68733e-27 -1.39486e-29 -4.15361e-28 -1.61416e-30 -1.67497e-29 -1.25608e-31 -5.54301e-31 -4.37975e-33 -1.46055e-32  2.34463e-34 -3.03061e-34  3.36985e-35 -5.17998e-36  1.24479e-36 -5.83888e-38
 2.02846e-08  3.49551e-19 -1.56041e-06 -1.65805e-18  1.95523e-05  7.07498e-19 -8.05152e-05  1.40731e-17 -3.47803e-05 -5.06873e-17   0.00128701  7.95192e-17  -0.00380208 -2.32299e-17   0.00231328 -1.15625e-16   0.00862915  1.15171e-16   -0.0151171  1.12696e-16  -0.00245803 -1.40072e-16    0.0188306  -1.5262e-16  1.91139e-05  1.42334e-16   -0.0148648  1.42293e-16  -0.00407853 -8.17703e-17   0.00763137 -9.83484e-17   0.00620482  2.89858e-17 -0.000283592  5.14924e-17  -0.00313513 -1.08311e-17  -0.00208699 -3.01859e-17 -0.000292271 -7.55755e-19   0.00054117  1.83076e-17  0.000520112  1.07612e-17  0.000243292 -1.84975e-18  4.60345e-05 -5.82697e-18 -2.57928e-05 -3.81225e-18 -3.02752e-05 -1.10288e-18 -1.72769e-05  4.89495e-19 -6.89209e-06  1.04204e-18 -1.93791e-06  8.72142e-19 -2.70156e-07  3.54351e-19  8.80787e-08 -8.07969e-20  8.84909e-08 -2.13999e-19  4.35292e-08 -1.36374e-19  1.62896e-08 -3.44223e-20  5.08742e-09  8.75096e-21  1.37042e-09   1.0113e-20  3.21889e-10  3.10858e-21  6.56777e-11  1.68168e-22  1.13791e-11  1.15446e-22  1.56334e-12  3.81841e-22  1.28275e-13  3.16477e-22 -1.12032e-14  1.45587e-22 -8.05417e-15  4.27261e-23 -2.27636e-15  9.47753e-24 -4.84859e-16  3.52248e-24 -8.68443e-17  2.37265e-24 -1.35922e-17  1.27772e-24 -1.89037e-18  4.58769e-25 -2.35403e-19   9.5075e-26 -2.63185e-20 -2.05193e-27 -2.64063e-21 -1.08188e-26  -2.3709e-22 -5.16785e-27 -1.89535e-23 -1.60169e-27 -1.33922e-24 -3.75222e-28 -8.28016e-26 -6.88267e-29 -4.41947e-27 -9.79113e-30 -1.99947e-28 -1.02971e-30 -7.48065e-30 -7.13257e-32 -2.24049e-31 -2.15379e-33 -5.18112e-33  9.53885e-35 -9.11657e-35  1.04143e-35 -1.21671e-36  2.17355e-37
-7.03051e-20  -1.1796e-07  9.33575e-19 -1.52808e-06 -3.20772e-18  3.29755e-05  2.23071e-18 -0.000183753  1.32511e-17  0.000289989 -4.97779e-17  0.000956616  8.16159e-17  -0.00450673 -2.86466e-17    0.0046829 -1.18077e-16   0.00653357  1.16114e-16   -0.0155132  1.33176e-16  -0.00110403  -1.5262e-16    0.0180888 -1.57755e-16   0.00097575  1.35162e-16   -0.0143356  1.37929e-16  -0.00567155 -6.90102e-17   0.00648225 -8.63942e-17   0.00693208  2.63993e-17   0.00101154  4.29085e-17   -0.0026348 -1.51936e-17  -0.00239665  -3.0692e-17 -0.000787052 -1.39041e-19  0.000258721  1.96397e-17  0.000470863  1.28364e-17  0.000299116 -1.90611e-19  0.000108367 -5.58238e-18  1.03591e-05 -4.57749e-18 -1.65177e-05  -1.8807e-18 -1.45105e-05   2.1654e-19 -7.53288e-06  1.17144e-18 -2.90427e-06   1.0832e-18 -8.51023e-07  4.63735e-19 -1.67557e-07 -6.56874e-20 -3.09631e-09 -2.28547e-19  1.59778e-08 -1.49358e-19  9.35037e-09 -4.33443e-20  3.68893e-09  2.38912e-21  1.18393e-09   6.5278e-21  3.27445e-10  1.89305e-21   8.0011e-11  1.35265e-22  1.74812e-11  3.44319e-22  3.43296e-12  5.33383e-22  6.06272e-13   3.7669e-22   9.5903e-14  1.67071e-22  1.34526e-14  5.34472e-23  1.63873e-15  1.58348e-23    1.654e-16  6.59394e-24  1.20265e-17  3.42424e-24  1.88824e-19  1.50085e-24 -1.29735e-19  4.69586e-25 -2.95165e-20  8.47048e-26 -4.33809e-21 -5.06234e-27 -5.06385e-22 -1.03943e-26  -4.9582e-23 -4.51788e-27 -4.14694e-24 -1.30626e-27 -2.97344e-25 -2.85824e-28 -1.81898e-26  -4.8611e-29 -9.38356e-28 -6.32863e-30 -4.00608e-29 -5.98155e-31 -1.37822e-30 -3.63087e-32 -3.70407e-32 -9.17167e-34 -7.69549e-34  3.43816e-35 -1.31462e-35  2.54493e-36 -1.52551e-37
