 1.97543e-34 -8.80209e-39 -4.79512e-36 -1.23661e-37  5.76966e-36  2.22765e-37 -3.37266e-35  -1.2632e-36  7.93422e-36  2.38553e-36 -5.73067e-35  -3.5563e-36  1.62926e-35  1.89762e-36   1.4452e-35 -2.56403e-36 -9.72745e-36  6.43481e-38  1.09048e-35 -4.63966e-37 -1.36891e-35  3.52846e-37  8.49022e-36  1.14494e-37 -6.23566e-36  7.46715e-38  3.13499e-36 -6.83721e-39 -2.20789e-38 -1.88249e-38  4.26154e-37  2.12926e-38  4.18795e-38 -4.63756e-39 -5.30521e-38  6.97738e-39 -4.90984e-38  2.38471e-39  4.15579e-38  -3.3501e-40 -1.92328e-38  1.41039e-39 -1.63114e-38     2.22e-40  8.76599e-39 -5.39156e-40  2.46238e-39  1.37513e-40  5.70028e-40 -8.80309e-41 -1.03653e-39  9.34173e-42 -4.01063e-41  2.13858e-41  3.35941e-41  -8.0736e-42  7.85261e-41 -1.24636e-42 -3.92707e-41 -5.23262e-43  3.13162e-41  2.31791e-43 -3.71085e-41  2.42208e-43  7.90761e-41  1.69403e-43 -1.88504e-40 -2.93237e-43  4.14142e-40  5.33997e-43 -8.31471e-40 -1.19185e-42  1.51597e-39  2.60667e-42 -2.49802e-39 -5.36471e-42   3.6937e-39  1.03379e-41 -4.85724e-39 -1.85994e-41  5.61366e-39  3.11902e-41 -5.60917e-39 -4.86764e-41  4.72785e-39   7.0577e-41 -3.22475e-39 -9.49003e-41  1.63203e-39  1.18115e-40 -4.59512e-40 -1.35801e-40 -9.13664e-41  1.43934e-40  1.69691e-40 -1.40329e-40 -6.83122e-41  1.25565e-40 -1.11339e-41 -1.02858e-40  2.64008e-41  7.69099e-41 -1.44451e-41 -5.22988e-41  5.05124e-42    3.218e-41 -2.10287e-42 -1.77916e-41  1.22664e-42  8.75126e-42 -5.88303e-43 -3.77724e-42  1.99675e-43  1.40395e-42 -5.31413e-44 -4.38036e-43  1.23757e-44  1.10759e-43 -2.35615e-45 -2.15734e-44  3.13387e-46  2.98666e-45 -2.61881e-47 -2.52361e-46   1.1478e-48  8.33932e-48
-8.80209e-39  2.09072e-34 -3.16885e-38 -5.73914e-35 -6.28432e-37  6.70448e-35  1.11216e-36 -8.45071e-35 -4.97282e-36  6.49293e-35  7.87396e-36 -1.06065e-34 -1.12885e-35  1.59708e-35  4.90202e-36  7.20274e-35 -7.29021e-36 -2.39724e-35 -5.87214e-37  1.87926e-35 -8.93046e-37 -3.79701e-35    9.996e-37   1.2613e-35  3.76458e-37 -1.51074e-35  1.73018e-37  8.45947e-36 -2.71949e-38 -4.50828e-38  -2.8984e-38  1.18789e-36   5.2306e-38  6.65006e-38 -2.30121e-38  1.50496e-38   1.9833e-38 -1.36885e-37  7.88418e-39  7.19254e-38 -7.07125e-40 -4.01509e-38   4.2137e-39 -4.71671e-38  3.98486e-40  1.82007e-38 -1.64048e-39  1.18012e-38   4.9172e-40  1.19812e-39 -3.13805e-40 -3.70461e-39   3.6098e-41 -4.33501e-40  5.54269e-41  4.29948e-40 -2.38983e-41  2.38665e-40 -3.33222e-42 -2.88584e-40 -2.54872e-42  4.44339e-40  8.59363e-43 -9.81833e-40  5.25557e-43  2.37865e-39  1.53263e-42 -5.44892e-39  -3.5796e-42  1.14437e-38  8.01763e-42 -2.18927e-38  -1.8002e-41  3.79472e-38  3.82226e-41 -5.92287e-38 -7.59402e-41  8.25839e-38  1.40835e-40 -1.01807e-37 -2.43322e-40   1.0942e-37  3.90951e-40 -1.00477e-37 -5.83079e-40  7.63346e-38   8.0561e-40 -4.51774e-38 -1.02894e-39  1.78505e-38  1.21213e-39 -1.55714e-39 -1.31407e-39 -3.58906e-39  1.30803e-39  2.55985e-39 -1.19291e-39 -5.00523e-40  9.94752e-40 -3.75062e-40 -7.57073e-40  3.19494e-40  5.24908e-40 -1.07216e-40 -3.30817e-40   2.4248e-41  1.88872e-40 -1.37998e-41 -9.71163e-41  9.67874e-42  4.45351e-41 -4.03713e-42 -1.79364e-41  1.11844e-42  6.20376e-42  -2.6648e-43  -1.7859e-42  5.95141e-44  4.09571e-43 -9.95532e-45 -7.01452e-44  1.05417e-45  8.04821e-45 -6.66264e-47  -4.8748e-46  1.71459e-48
-4.79512e-36 -3.16885e-38  3.76642e-34 -3.27887e-38 -2.64543e-34 -2.17362e-36   1.7734e-34  3.76755e-36 -2.16127e-34 -1.27412e-35  1.13052e-34   1.8348e-35 -9.67725e-35   -2.415e-35  5.32382e-36  8.73483e-36  1.94426e-34 -1.43401e-35 -2.93097e-35 -2.59165e-36  1.74085e-35 -1.14296e-36 -7.72692e-35  2.08123e-36  9.91817e-36  8.07592e-37  -2.7892e-35  3.11074e-37  1.62497e-35 -9.51324e-38 -3.97596e-37 -5.81734e-39  2.43982e-36  9.51998e-38 -1.24563e-38 -7.21106e-38  4.19576e-37  4.22853e-38 -2.35082e-37  1.71501e-38  1.66832e-38 -1.67998e-39 -3.46829e-38  9.59389e-39 -9.91309e-38  3.00278e-40  2.17791e-38 -3.67491e-39  3.52738e-38  1.23232e-39  2.21392e-39 -7.88451e-40 -9.41096e-39  1.03826e-40 -1.66979e-39  9.42572e-41  1.39947e-39 -5.20001e-41  1.30531e-39 -4.94178e-42 -3.33575e-39 -8.33498e-42  8.20771e-39  3.27144e-42 -2.07281e-38 -2.86704e-42  4.94541e-38  1.58462e-41 -1.08555e-37 -3.93968e-41  2.17572e-37  9.09712e-41 -3.96156e-37 -1.99467e-40  6.51558e-37  4.09553e-40 -9.61139e-37 -7.84655e-40  1.26011e-36  1.40011e-39 -1.45066e-36  -2.3223e-39  1.44182e-36  3.57318e-39 -1.20594e-36 -5.08856e-39  8.12236e-37  6.69052e-39 -4.00562e-37 -8.10008e-39  1.02236e-37  9.00422e-39  3.36386e-38 -9.16329e-39 -4.88232e-38  8.51204e-39  2.02787e-38 -7.19795e-39  7.56483e-40  5.52831e-39 -4.82292e-39 -3.85067e-39  2.15332e-39  2.43129e-39 -3.15719e-40 -1.39216e-39  2.91396e-41  7.23253e-40 -8.18762e-41 -3.40311e-40  5.57129e-41  1.43962e-40 -1.75329e-41 -5.38578e-41  3.84017e-42  1.73292e-41 -9.09485e-43 -4.60424e-42   1.9711e-43  9.54138e-43 -2.66751e-44 -1.41568e-43   2.1342e-45   1.2874e-44 -9.85926e-47 -4.59377e-46
-1.23661e-37 -5.73914e-35 -3.27887e-38  8.08194e-34  8.42727e-38 -6.16495e-34 -5.88338e-36  3.31662e-34  9.78642e-36 -4.69287e-34 -2.48243e-35  3.86568e-35  3.50914e-35  7.02156e-36 -4.05966e-35  1.89726e-35  1.22593e-35  3.74157e-34 -2.28851e-35 -7.17174e-36 -6.09223e-36   3.9822e-36 -1.13483e-36 -1.30496e-34  3.45455e-36  1.06161e-36  1.39574e-36 -4.46642e-35  5.14926e-37  2.53917e-35  -2.6686e-37 -1.53933e-36   6.0166e-38  4.44153e-36  1.52629e-37 -4.48848e-37 -1.65599e-37  1.39291e-36  7.43995e-38 -2.46674e-37  2.88413e-38 -2.45238e-37 -4.86474e-39  5.61925e-38  1.93498e-38 -1.78333e-37 -4.46788e-40   8.7607e-39 -7.07773e-39  8.08782e-38   2.4965e-39  5.03777e-39 -1.59885e-39 -1.98292e-38  2.53504e-40 -3.09674e-39  1.10915e-40 -1.37776e-39 -9.87807e-41  1.85454e-38  -6.2838e-43 -5.39305e-38 -2.53923e-41  1.43608e-37  2.27701e-41 -3.57454e-37 -5.33426e-41  8.19535e-37  1.58547e-40 -1.71912e-36 -3.86616e-40  3.28384e-36  8.76762e-40 -5.68236e-36  -1.8635e-39  8.85057e-36  3.69676e-39 -1.23083e-35 -6.83039e-39  1.51228e-35  1.17319e-38 -1.61821e-35 -1.86918e-38  1.47683e-35   2.7558e-38 -1.11153e-35 -3.74957e-38  6.46995e-36   4.6938e-38 -2.45069e-36  -5.3877e-38  1.03994e-37  5.64923e-38  5.91459e-37 -5.38905e-38 -3.99385e-37   4.6569e-38  8.30426e-38 -3.62957e-38   4.5266e-38  2.54129e-38 -3.63045e-38  -1.5938e-38  7.67932e-39  8.94747e-39  9.80473e-40 -4.50982e-39 -9.20448e-41  2.05609e-39 -5.19462e-40 -8.56086e-40  2.42765e-40   3.2678e-40 -4.97285e-41 -1.12837e-40  9.33881e-42    3.396e-41 -2.64639e-42 -8.39771e-42  5.02809e-43  1.57471e-42 -4.88823e-44 -1.98762e-43  2.95611e-45  1.32408e-44 -8.85181e-47
 5.76966e-36 -6.28432e-37 -2.64543e-34  8.42727e-38  1.52318e-33  2.94537e-37 -1.03356e-33 -1.30507e-35   5.0769e-34  2.05102e-35 -8.58385e-34 -3.90861e-35   -2.587e-34  5.85772e-35  1.75648e-34 -5.71725e-35   1.0725e-34   1.3904e-35  5.72308e-34  -3.1796e-35  5.15143e-35 -1.02163e-35 -1.61754e-35 -9.66369e-37 -1.90196e-34  4.51136e-36 -9.39703e-36  2.15533e-36  -6.4314e-35  8.45582e-37  3.39888e-35  -5.9197e-37 -3.85752e-36  1.25313e-37  7.66056e-36   2.3519e-37 -1.73736e-36 -3.01038e-37  3.04358e-36  1.10408e-37 -1.11801e-38  3.96095e-38 -8.41466e-37 -1.29026e-38  3.13007e-37  3.62564e-38 -2.93126e-37 -2.29986e-39 -3.25421e-38 -1.24551e-38  1.53738e-37  4.32652e-39  1.45771e-38 -2.76711e-39 -4.25827e-38  5.53831e-40   1.9087e-38  6.43792e-41 -8.81382e-38 -1.80748e-40  2.96994e-37  3.37039e-41 -8.39658e-37 -1.08271e-40  2.18266e-36  2.09082e-40 -5.22414e-36 -5.53801e-40  1.14592e-35  1.44036e-39 -2.29377e-35 -3.40203e-39  4.17005e-35  7.49289e-39 -6.84578e-35 -1.54117e-38  1.00754e-34  2.95398e-38 -1.31713e-34 -5.26604e-38  1.51063e-34  8.71308e-38 -1.49382e-34 -1.33482e-37  1.24028e-34  1.88819e-37 -8.25486e-35 -2.45847e-37  3.97338e-35   2.9357e-37 -9.20081e-36 -3.20174e-37 -4.25359e-36  3.17407e-37  5.31631e-36 -2.84466e-37 -2.13019e-36  2.29042e-37 -6.77437e-38 -1.64514e-37  4.52721e-37  1.04598e-37  -1.6891e-37  -5.8401e-38 -2.93298e-39  2.84426e-38   1.3981e-38 -1.20592e-38  1.33889e-39  4.49619e-39 -2.82709e-39 -1.52174e-39  7.25228e-40  4.91202e-40 -7.61932e-41 -1.54629e-40  2.07983e-41  4.49224e-41 -7.14679e-42   -1.076e-41   9.4599e-43  1.86466e-42 -5.98196e-44 -1.96097e-43  3.09828e-45  7.97706e-45
 2.22765e-37  6.70448e-35 -2.17362e-36 -6.16495e-34  2.94537e-37  2.51003e-33 -4.70388e-38 -1.41267e-33  -2.4318e-35  6.92261e-34  3.58512e-35 -1.36971e-33 -5.09783e-35 -7.79916e-34  8.78361e-35   3.2315e-34 -6.99141e-35   2.9506e-34  1.20336e-35  7.40818e-34 -3.99757e-35   1.3557e-34  -1.3137e-35 -3.31762e-35 -8.35106e-37 -2.44276e-34  4.23138e-36 -1.59793e-35  3.13715e-36 -8.45337e-35  1.39129e-36  4.00031e-35 -1.06145e-36 -7.41979e-36  8.20805e-38  1.25709e-35  3.61939e-37 -4.56693e-36 -4.52425e-37  5.25665e-36  1.39762e-37  6.64612e-37  4.45285e-38 -1.86044e-36  -2.8244e-38  8.12854e-37  6.37018e-38 -4.46629e-37 -5.85674e-39  -1.1311e-37 -2.04948e-38   2.4519e-37  6.59774e-39  6.54641e-38 -4.22025e-39 -1.86592e-37  1.10796e-39  4.38311e-37 -7.87454e-41 -1.43999e-36 -3.66486e-40  4.28368e-36  2.64772e-40 -1.16316e-35 -7.20892e-40  2.90496e-35  1.84091e-39 -6.65773e-35 -4.81057e-39  1.39507e-34   1.1847e-38  -2.6612e-34 -2.70857e-38  4.59737e-34  5.77881e-38 -7.14622e-34  -1.1498e-37  9.91314e-34  2.12958e-37 -1.21408e-33 -3.66433e-37  1.29357e-33  5.84431e-37 -1.17353e-33 -8.61725e-37  8.75271e-34  1.17107e-36 -5.01289e-34 -1.46165e-36  1.82062e-34   1.6687e-36  3.36124e-37 -1.73421e-36   -5.068e-35  1.63138e-36  3.22696e-35 -1.37975e-36 -6.25263e-36  1.04059e-36 -3.66402e-36 -6.92799e-37  2.64608e-36   4.0201e-37 -3.64685e-37 -1.99979e-37 -2.08116e-37  8.34104e-38  5.81585e-38 -2.82942e-38  2.12648e-38   7.4904e-39 -1.09254e-38 -1.48888e-39   1.0485e-39  2.47874e-40  8.19579e-44 -6.47776e-41  6.32561e-41  2.64628e-41  -1.6186e-41 -8.15585e-42   1.1123e-42  1.47946e-42 -5.09134e-44 -1.28032e-43   2.4952e-45
-3.37266e-35  1.11216e-36   1.7734e-34 -5.88338e-36 -1.03356e-33 -4.70388e-38  3.72253e-33  -2.8144e-36 -1.69929e-33 -3.88059e-35   8.8588e-34  5.37112e-35 -1.96077e-33 -5.50454e-35 -1.41236e-33  1.19743e-34  3.64078e-34 -7.59979e-35  5.54742e-34  5.46686e-36  8.47693e-34 -4.64324e-35  2.14818e-34 -1.28002e-35 -3.74939e-35 -9.22259e-37 -2.81842e-34  1.60264e-36 -1.48481e-35  4.36111e-36 -1.02488e-34  2.22025e-36  4.18342e-35 -1.56647e-36 -1.16742e-35 -2.12693e-37  1.91829e-35   5.5496e-37 -9.57066e-36 -5.76057e-37  7.66577e-36  1.53623e-37  1.94526e-36  3.79516e-38 -3.30285e-36 -5.09739e-38  1.58655e-36  1.04669e-37 -6.23584e-37 -1.20169e-38 -2.20601e-37 -3.16933e-38  2.29667e-37   8.9816e-39  6.00865e-37  -5.7895e-39 -2.00107e-36  2.02263e-39  6.34839e-36 -2.22873e-40 -1.95116e-35 -1.10565e-39  5.52335e-35  1.99387e-39 -1.43858e-34 -5.54136e-39  3.44225e-34  1.47422e-38 -7.54357e-34  -3.7359e-38  1.50817e-33  8.86412e-38 -2.73784e-33 -1.96192e-37  4.48662e-33  4.05159e-37 -6.58872e-33 -7.79626e-37  8.58929e-33   1.3953e-36 -9.81535e-33 -2.31768e-36  9.65817e-33  3.56444e-36 -7.96139e-33 -5.06127e-36  5.23682e-33  6.61366e-36 -2.45992e-33 -7.92295e-36  5.11337e-34  8.66282e-36  3.17871e-34 -8.59932e-36 -3.54011e-34  7.70103e-36  1.34211e-34 -6.17376e-36  7.91976e-36  4.38782e-36 -2.93384e-35 -2.73006e-36  9.54315e-36   1.4616e-36  1.17209e-36 -6.56363e-37 -1.27867e-36  2.36854e-37  3.24663e-38 -6.27283e-38  1.31616e-37  8.85305e-39 -2.46628e-38  1.32664e-39 -1.77594e-39 -1.17258e-39  7.04318e-41   3.3154e-40  2.12273e-40 -4.59315e-41 -2.43378e-41  9.95813e-43  4.33214e-43  5.54987e-43 -4.86555e-44 -4.49164e-44
 -1.2632e-36 -8.45071e-35  3.76755e-36  3.31662e-34 -1.30507e-35 -1.41267e-33  -2.8144e-36  5.14567e-33 -1.12006e-35 -1.89467e-33 -5.38844e-35  1.07955e-33  7.08211e-35 -2.55788e-33 -4.74328e-35 -1.99804e-33  1.48902e-34  2.62736e-34 -7.45913e-35  8.20156e-34  -6.0125e-36  8.84824e-34  -5.0282e-35  2.52244e-34 -7.99354e-36 -2.14103e-35 -1.26301e-36 -2.99361e-34 -3.80405e-36 -4.55567e-36  5.70746e-36 -1.15391e-34  3.31574e-36  3.85268e-35 -1.90363e-36 -1.51121e-35  -8.8126e-37  2.65173e-35  8.29436e-37  -1.6909e-35 -6.29978e-37  9.69498e-36  1.53694e-37  3.89106e-36  1.45384e-38   -5.041e-36 -7.66632e-38  2.58411e-36  1.60483e-37 -8.50797e-37 -2.21542e-38  2.47644e-38  -4.6029e-38 -1.50038e-36  1.09664e-38  7.46591e-36 -7.18733e-39 -2.53975e-35  3.13881e-39  8.05519e-35  6.79639e-40 -2.37146e-34 -5.70159e-39   6.4363e-34  1.48707e-38  -1.6068e-33 -4.11541e-38   3.6795e-33  1.07559e-37 -7.70188e-33 -2.63939e-37   1.4673e-32  6.05673e-37 -2.53087e-32 -1.29756e-36  3.92644e-32  2.59252e-36 -5.43353e-32 -4.82321e-36  6.63377e-32  8.33943e-36 -7.03877e-32 -1.33709e-35  6.34826e-32  1.98288e-35 -4.69237e-32  -2.7118e-35  2.64397e-32  3.40834e-35 -9.18721e-33 -3.92111e-35  -4.5436e-34  4.10956e-35  2.91143e-33 -3.90172e-35 -1.74901e-33  3.33296e-35  2.99713e-34 -2.54019e-35  2.16158e-34  1.70889e-35 -1.40159e-34 -1.00046e-35  1.29724e-35  4.99531e-36  1.44282e-35  -2.0607e-36 -3.90921e-36  6.61814e-37 -9.34581e-37 -1.41522e-37  4.61651e-37  5.53689e-39  -2.8216e-39  1.00938e-38 -1.27075e-38 -4.70331e-39   -1.255e-39  1.16535e-39  5.04975e-40 -1.72232e-40 -1.14366e-41  1.32828e-41 -4.72116e-43 -2.76942e-43 -5.73898e-44
 7.93422e-36 -4.97282e-36 -2.16127e-34  9.78642e-36   5.0769e-34  -2.4318e-35 -1.69929e-33 -1.12006e-35  6.77746e-33 -2.86483e-35 -1.99924e-33 -6.58702e-35  1.23469e-33  8.46431e-35  -3.0635e-33 -2.80171e-35 -2.41826e-33  1.68721e-34  3.83326e-35 -6.65442e-35  1.03023e-33 -2.13906e-35  8.59423e-34 -5.08721e-35  2.18347e-34  8.32447e-37  2.25987e-35 -1.60977e-36 -3.03247e-34 -1.14665e-35  1.49637e-35  6.84527e-36 -1.20772e-34  4.54168e-36  2.96244e-35 -1.83798e-36 -1.50917e-35 -1.96474e-36  3.23466e-35  1.18168e-36 -2.58501e-35 -5.98604e-37  1.06406e-35  1.57574e-37  6.41306e-36 -2.96828e-38 -6.84776e-36 -9.55421e-38   3.8877e-36  2.30026e-37 -2.28798e-36 -3.81503e-38  5.86878e-36 -6.27874e-38 -2.51107e-35  1.18389e-38  9.19693e-35 -7.55901e-39 -3.04008e-34  2.20169e-39   9.3037e-34  1.03098e-38 -2.62928e-33 -3.72999e-38  6.84362e-33  1.04749e-37 -1.63631e-32 -2.83202e-37  3.58255e-32  7.18734e-37 -7.15436e-32 -1.70767e-36  1.29697e-31  3.79237e-36  -2.1218e-31 -7.86147e-36  3.10936e-31  1.51908e-35 -4.04258e-31 -2.73145e-35  4.60333e-31  4.56109e-35  -4.5077e-31 -7.05664e-35  3.68938e-31  1.00882e-34 -2.39832e-31 -1.32852e-34  1.09857e-31  1.60579e-34   -2.012e-32 -1.77396e-34 -1.66891e-32   1.7823e-34  1.68802e-32 -1.61891e-34 -6.00879e-33  1.31997e-34  -5.9789e-34 -9.57538e-35  1.41545e-33  6.11057e-35 -4.10398e-34 -3.37891e-35  -8.1735e-35   1.5843e-35   6.6607e-35 -6.08432e-36 -2.09773e-36  1.78951e-36 -5.72862e-36 -3.32965e-37  7.89933e-37  -2.1955e-39   1.9656e-37  2.75465e-38 -2.14221e-38 -1.07983e-38 -7.09403e-39  2.36052e-39  6.07409e-40 -3.09503e-40  3.31223e-41  2.13816e-41  1.75095e-43 -4.66289e-43
 2.38553e-36  6.49293e-35 -1.27412e-35 -4.69287e-34  2.05102e-35  6.92261e-34 -3.88059e-35 -1.89467e-33 -2.86483e-35  8.52909e-33 -5.67949e-35  -1.9729e-33 -7.14005e-35  1.29436e-33  9.49204e-35 -3.37927e-33 -8.01462e-37 -2.63062e-33  1.73499e-34 -2.65737e-34 -5.35005e-35  1.16726e-33 -3.85288e-35   7.8288e-34 -4.80121e-35  1.00256e-34  1.14669e-35  1.02573e-34 -1.35457e-36 -3.07905e-34 -1.99818e-35  4.43306e-35  7.27037e-36 -1.16868e-34  5.66489e-36  1.49193e-35 -1.20035e-36 -8.11999e-36 -3.38138e-36  3.34444e-35  1.57786e-36 -3.45719e-35 -5.09992e-37  9.74385e-36    1.958e-37  9.42127e-36 -9.61258e-38 -9.11903e-36 -9.38732e-38  8.94226e-36  3.09993e-37 -2.09383e-35 -6.22167e-38  8.13739e-35 -8.04959e-38 -3.06223e-34  9.83673e-39  1.05597e-33 -1.96064e-39 -3.36131e-33 -1.71103e-38  9.88652e-33  7.98246e-38 -2.68132e-32 -2.45856e-37   6.6891e-32  6.84659e-37  -1.5305e-31 -1.79687e-36  3.20041e-31  4.41799e-36 -6.08978e-31 -1.01615e-35  1.04884e-30   2.1837e-35  -1.6242e-30 -4.37863e-35  2.24239e-30  8.17944e-35 -2.72948e-30 -1.42089e-34  2.88439e-30  2.29049e-34 -2.58647e-30 -3.41802e-34  1.89472e-30  4.70839e-34 -1.05003e-30 -5.96778e-34  3.47932e-31  6.93353e-34  3.56539e-32 -7.35164e-34 -1.24961e-31  7.07702e-34  7.09491e-32 -6.14714e-34 -1.03454e-32  4.78202e-34 -9.71822e-33 -3.30113e-34  5.70306e-33  1.99862e-34 -3.30639e-34 -1.04479e-34 -6.67916e-34  4.61195e-35  1.64521e-34 -1.65933e-35  4.02526e-35  4.54616e-36 -1.74544e-35 -7.83119e-37 -8.41854e-37 -3.94221e-39   6.9767e-37   5.3342e-38  3.51469e-38 -1.86555e-38 -1.68912e-38   3.5478e-39 -2.35556e-40 -3.87494e-40   6.0803e-41  1.99697e-41  1.55813e-42
-5.73067e-35  7.87396e-36  1.13052e-34 -2.48243e-35 -8.58385e-34  3.58512e-35   8.8588e-34 -5.38844e-35 -1.99924e-33 -5.67949e-35  1.01667e-32 -9.37537e-35 -1.75979e-33 -6.89166e-35   1.2163e-33  1.03665e-34 -3.43265e-33  2.77142e-35  -2.6502e-33  1.60602e-34 -6.17526e-34 -3.73129e-35  1.26481e-33 -5.45668e-35  6.65788e-34 -4.21401e-35 -9.57541e-35   2.0632e-35  2.24228e-34  3.90984e-37 -3.30909e-34 -2.75374e-35  8.63356e-35  6.46942e-36 -1.03406e-34   6.4145e-36  -5.6475e-36  2.68118e-38  9.26868e-36 -4.91614e-36    2.636e-35  1.94728e-36 -4.03071e-35  -4.3615e-37  5.93598e-36   2.9999e-37  1.47558e-35 -1.82248e-37 -2.17315e-35 -5.74388e-38  6.33514e-35  3.96293e-37 -2.46011e-34 -9.68614e-38  9.49149e-34 -9.55515e-38 -3.39921e-33 -4.47347e-39  1.12532e-32  4.16651e-38 -3.44363e-32 -1.59042e-37  9.72629e-32   5.2484e-37 -2.52999e-31 -1.52813e-36  6.04476e-31  4.14291e-36 -1.32228e-30 -1.05352e-35  2.63778e-30  2.50798e-35 -4.77567e-30 -5.58275e-35  7.80036e-30  1.16062e-34 -1.14079e-29 -2.25025e-34  1.47936e-29  4.06212e-34  -1.6788e-29 -6.81436e-34  1.63615e-29  1.05995e-33 -1.32972e-29 -1.52482e-33  8.54188e-30   2.0228e-33 -3.81157e-30 -2.46606e-33  5.98235e-31  2.75208e-33  6.69747e-31 -2.79849e-33 -6.23325e-31  2.57894e-33  2.07412e-31 -2.14002e-33   3.0745e-32  1.58665e-33 -5.34667e-32 -1.04107e-33  1.39063e-32  5.97242e-34  3.74361e-33 -2.94807e-34 -2.54436e-33  1.22418e-34  3.89516e-35 -4.12843e-35  2.14479e-34  1.05879e-35 -2.25888e-35 -1.73242e-36 -9.15052e-36  2.41315e-38  9.10427e-37  8.21426e-38   2.5172e-37 -2.59988e-38 -1.56204e-38  4.20054e-39 -1.94829e-39 -3.58436e-40  1.03766e-41  1.09349e-41
 -3.5563e-36 -1.06065e-34   1.8348e-35  3.86568e-35 -3.90861e-35 -1.36971e-33  5.37112e-35  1.07955e-33 -6.58702e-35  -1.9729e-33 -9.37537e-35   1.1385e-32 -1.34224e-34 -1.35092e-33 -5.95144e-35   9.9445e-34  1.13641e-34 -3.19011e-33  5.11915e-35  -2.5103e-33  1.31621e-34 -1.01428e-33 -2.01225e-35  1.38598e-33  -6.6453e-35  5.17498e-34  -3.4301e-35 -3.45897e-34  2.51224e-35  3.85803e-34  4.53073e-36 -3.87588e-34 -3.25349e-35  1.45894e-34    4.151e-36 -8.22976e-35  6.53826e-36 -3.18638e-35  1.67852e-36  3.92826e-35 -6.24607e-36    8.356e-36  2.18485e-36 -3.91235e-35  -4.7491e-37  -6.5886e-36  4.86438e-37  4.86841e-35 -2.80222e-37 -1.66438e-34  2.38052e-38  6.88776e-34   4.8657e-37  -2.7452e-33 -1.47418e-37  1.01989e-32 -9.08717e-38 -3.50916e-32  -8.9807e-38  1.11686e-31  3.19725e-37 -3.28357e-31 -1.03965e-36  8.90048e-31  3.15159e-36 -2.21897e-30 -8.84892e-36   5.0732e-30  2.32593e-35 -1.05986e-29 -5.72744e-35  2.01444e-29  1.31973e-34 -3.46463e-29 -2.84239e-34   5.3559e-29  5.71477e-34 -7.37807e-29 -1.07097e-33  8.95473e-29  1.86751e-33 -9.42573e-29 -3.02396e-33  8.40442e-29  4.53632e-33 -6.10187e-29 -6.28758e-33  3.32478e-29  8.02736e-33 -1.04631e-29 -9.40634e-33 -1.70099e-30  1.00747e-32  4.25447e-30 -9.81549e-33 -2.28717e-30  8.64964e-33  2.71272e-31 -6.84805e-33  3.47134e-31  4.83166e-33 -1.85853e-31 -3.00789e-33  4.93094e-33  1.63158e-33  2.37976e-32 -7.58561e-34 -5.22351e-33  2.95439e-34 -1.49505e-33 -9.30799e-35   5.5945e-34  2.22737e-35  4.73381e-35 -3.45843e-36 -2.52501e-35  1.09844e-37 -1.34094e-36  1.04812e-37  5.36375e-37 -2.99598e-38  1.85921e-38  3.96658e-39 -2.42169e-39 -2.39615e-40 -5.08555e-41
 1.62926e-35 -1.12885e-35 -9.67725e-35  3.50914e-35   -2.587e-34 -5.09783e-35 -1.96077e-33  7.08211e-35  1.23469e-33 -7.14005e-35 -1.75979e-33 -1.34224e-34  1.19703e-32 -1.71576e-34 -8.27444e-34 -4.65257e-35   6.4991e-34  1.26477e-34 -2.65293e-33  6.56534e-35   -2.238e-33  9.20618e-35 -1.47761e-33 -4.73477e-36  1.59011e-33 -7.14563e-35  3.45225e-34 -2.59555e-35 -6.12742e-34  2.28712e-35  5.74351e-34  1.16322e-35 -4.86281e-34 -3.40862e-35  2.27581e-34  4.31472e-37 -5.74483e-35  5.83565e-36 -6.30768e-35  3.44784e-36  8.21116e-35 -6.99962e-36 -2.35078e-35  2.16607e-36 -1.63653e-35 -7.20336e-37 -9.16259e-35  7.42519e-37  4.15201e-34 -3.76185e-37 -1.79103e-33  1.50571e-37  7.42728e-33  5.86428e-37 -2.86384e-32   -2.409e-37  1.02366e-31  3.40526e-38 -3.38721e-31 -5.92413e-37  1.03615e-30  1.95102e-36 -2.92517e-30 -6.04723e-36  7.60464e-30    1.757e-35 -1.81571e-29 -4.77425e-35  3.96862e-29  1.21541e-34 -7.90915e-29 -2.89722e-34  1.43022e-28  6.46011e-34 -2.33255e-28 -1.34583e-33  3.40484e-28  2.61603e-33 -4.40446e-28   -4.737e-33  4.98183e-28  7.97574e-33 -4.83288e-28 -1.24601e-32  3.90049e-28  1.80173e-32 -2.47584e-28 -2.40466e-32  1.07501e-28  2.95259e-32 -1.38694e-29 -3.32282e-32 -2.15984e-29  3.41254e-32   1.8679e-29 -3.18211e-32 -5.78777e-30   2.6781e-32 -1.18325e-30 -2.01995e-32  1.64286e-30   1.3538e-32 -3.82686e-31  -7.9788e-33 -1.31873e-31  4.08121e-33   7.7558e-32 -1.78113e-33  5.80548e-34  6.47845e-34 -6.72358e-33 -1.89609e-34  5.40635e-34  4.20055e-35  3.12481e-34 -6.10409e-36 -2.59583e-35  2.60878e-37 -8.11279e-36  1.13089e-37   3.7082e-37 -2.87302e-38   6.9752e-38  2.94504e-39 -2.40782e-40 -1.02126e-40
 1.89762e-36  1.59708e-35   -2.415e-35  7.02156e-36  5.85772e-35 -7.79916e-34 -5.50454e-35 -2.55788e-33  8.46431e-35  1.29436e-33 -6.89166e-35 -1.35092e-33 -1.71576e-34   1.1932e-32 -2.00438e-34 -3.50506e-34 -3.38331e-35  2.03653e-34  1.41641e-34 -1.84695e-33  7.02864e-35 -1.85456e-33  4.98182e-35 -2.03252e-33  5.34191e-36  1.90725e-33 -6.75732e-35  1.51611e-34 -1.87255e-35 -8.51475e-34  1.35324e-35  7.66646e-34  2.16605e-35 -6.24577e-34 -3.22108e-35  3.31288e-34 -4.12891e-36 -3.33098e-35  4.18329e-36 -9.87519e-35  4.97846e-36  1.39566e-34 -6.83867e-36 -9.44899e-35  1.77369e-36  1.72253e-34 -1.23299e-36 -9.60193e-34  1.02243e-36   4.3865e-33  -4.4955e-37 -1.88569e-32  3.04672e-37  7.55075e-32   7.3895e-37 -2.80338e-31 -5.36433e-37   9.6408e-31  8.50312e-37 -3.06729e-30 -3.41503e-36  9.01425e-30  1.08762e-35 -2.44223e-29 -3.25683e-35  6.08518e-29  9.14507e-35 -1.39028e-28 -2.40605e-34  2.90203e-28  5.93021e-34 -5.51005e-28 -1.36811e-33  9.46449e-28  2.95125e-33 -1.46071e-27 -5.94544e-33  2.00801e-27  1.11693e-32 -2.43037e-27 -1.95346e-32  2.54849e-27  3.17445e-32  -2.2598e-27 -4.78242e-32  1.62616e-27  6.66224e-32 -8.70885e-28 -8.55654e-32   2.5906e-28  1.00971e-31  5.99858e-29 -1.09044e-31 -1.19359e-28   1.0728e-31  6.08545e-29 -9.56364e-32 -5.48389e-30  7.67682e-32 -1.01888e-29 -5.50731e-32  5.00838e-30  3.49931e-32  2.30785e-32 -1.94767e-32  -6.9171e-31  9.36546e-33  1.33788e-31 -3.82152e-33  4.64226e-32  1.29133e-33 -1.50814e-32 -3.48596e-34  -1.7442e-33  7.07489e-35  7.21178e-34 -9.43731e-36  4.79146e-35  4.41402e-37 -1.48585e-35  1.04612e-37 -7.20689e-37 -2.27902e-38  6.98085e-38  1.63941e-39  1.60167e-39
  1.4452e-35  4.90202e-36  5.32382e-36 -4.05966e-35  1.75648e-34  8.78361e-35 -1.41236e-33 -4.74328e-35  -3.0635e-33  9.49204e-35   1.2163e-33 -5.95144e-35 -8.27444e-34 -2.00438e-34  1.15116e-32 -2.18073e-34  -1.0701e-34 -2.38193e-35 -3.40405e-34  1.56703e-34 -8.19655e-34   6.6845e-35 -1.38927e-33   1.3178e-35 -2.68034e-33  6.51602e-36  2.32814e-33 -5.37715e-35 -6.61087e-35 -1.41659e-35  -1.0192e-33 -1.56577e-36  9.34965e-34  3.39338e-35 -7.86872e-34 -2.77238e-35  4.47798e-34 -8.67818e-36 -1.17908e-35   1.5804e-36 -1.46418e-34  5.96409e-36  2.61797e-34 -5.54314e-36 -5.05689e-34  9.30444e-37  2.09371e-33 -2.01983e-36 -1.00976e-32  1.25346e-36  4.51118e-32 -4.65397e-37 -1.87476e-31  4.06782e-37  7.22889e-31  1.18684e-36 -2.58306e-30 -1.91593e-36  8.54442e-30  5.39492e-36 -2.61284e-29  -1.8334e-35  7.37331e-29  5.66005e-35 -1.91592e-28 -1.64061e-34  4.57178e-28  4.45923e-34 -9.98534e-28 -1.13588e-33  1.98823e-27   2.7098e-33 -3.59136e-27 -6.04893e-33  5.84903e-27  1.26203e-32 -8.52271e-27 -2.45775e-32  1.09992e-26  4.46085e-32 -1.24019e-26 -7.53246e-32  1.19774e-26  1.18087e-31 -9.60068e-27 -1.71471e-31  6.02138e-27  2.29996e-31 -2.54097e-27 -2.84075e-31  2.51869e-28  3.21932e-31  5.78663e-28  -3.3335e-31 -4.68646e-28  3.13861e-31  1.34657e-28 -2.67182e-31  3.62234e-29   2.0427e-31 -4.22579e-29 -1.39146e-31  8.76249e-30  8.36424e-32  3.78969e-30 -4.38491e-32 -1.96677e-30  1.97542e-32 -6.47627e-32 -7.50301e-33  1.77818e-31  2.34138e-33 -1.04391e-32  -5.7815e-34 -8.68583e-33  1.06165e-34  5.75008e-34 -1.27119e-35  2.24752e-34   5.7606e-37 -7.38907e-36  8.40128e-38   -1.975e-36 -1.46511e-38   -4.911e-40  5.97529e-40
-2.56403e-36  7.20274e-35  8.73483e-36  1.89726e-35 -5.71725e-35   3.2315e-34  1.19743e-34 -1.99804e-33 -2.80171e-35 -3.37927e-33  1.03665e-34   9.9445e-34 -4.65257e-35 -3.50506e-34 -2.18073e-34  1.10798e-32 -2.24165e-34   -2.465e-34 -1.61967e-35 -9.84634e-34  1.68445e-34  3.53385e-34   5.8309e-35 -8.91564e-34 -1.09857e-35 -3.37571e-33 -3.82395e-36  2.80706e-33 -3.00171e-35  -3.1231e-34 -1.35841e-35 -1.08614e-33 -1.99589e-35  1.05523e-33  4.73156e-35 -9.44069e-34 -2.19089e-35  5.55085e-34  -1.2361e-35  2.33103e-35 -1.77964e-36 -3.10595e-34  6.20935e-36  1.05499e-33 -3.07368e-36 -4.51841e-33 -3.70668e-37  2.19274e-32 -3.02685e-36 -1.01869e-31  1.34142e-36  4.39519e-31 -3.20819e-37 -1.75972e-30  9.06581e-38  6.53195e-30  3.21876e-36 -2.24576e-29 -8.94011e-36  7.14294e-29  2.88137e-35 -2.09847e-28 -9.24777e-35  5.68301e-28  2.76603e-34 -1.41529e-27 -7.76302e-34  3.23152e-27  2.04279e-33 -6.74028e-27 -5.03693e-33  1.27857e-26  1.16281e-32 -2.19358e-26 -2.51084e-32   3.3804e-26  5.06502e-32 -4.63785e-26 -9.53209e-32  5.59866e-26  1.67084e-31 -5.84938e-26 -2.72275e-31  5.15888e-26  4.11591e-31 -3.67979e-26 -5.75745e-31  1.93634e-26  7.43118e-31  -5.4146e-27   -8.821e-31 -1.68753e-27  9.59301e-31   2.8333e-27 -9.51593e-31  -1.3718e-27  8.56584e-31  8.28087e-29 -6.95485e-31  2.52158e-28   5.0571e-31 -1.14351e-28 -3.26516e-31 -4.18413e-30  1.85274e-31  1.69416e-29 -9.12264e-32 -2.85753e-30  3.83626e-32 -1.21583e-30 -1.34967e-32  3.45784e-31  3.86361e-33  5.06745e-32 -8.64418e-34 -1.72065e-32   1.4157e-34  -1.4328e-33 -1.48349e-35  3.53158e-34  5.92649e-37  2.14571e-35   5.9154e-38 -1.64697e-36 -7.27367e-39 -4.39734e-38
-9.72745e-36 -7.29021e-36  1.94426e-34  1.22593e-35   1.0725e-34 -6.99141e-35  3.64078e-34  1.48902e-34 -2.41826e-33 -8.01462e-37 -3.43265e-33  1.13641e-34   6.4991e-34 -3.38331e-35  -1.0701e-34 -2.24165e-34  1.09936e-32 -2.19914e-34 -8.40736e-34  -8.3884e-36 -1.70729e-33  1.73984e-34  1.56309e-33  4.75611e-35 -4.33934e-34 -1.84627e-35 -4.01735e-33 -2.63415e-35  3.27091e-33  2.92116e-36 -5.85134e-34 -1.78899e-35 -1.04519e-33 -3.87796e-35  1.11361e-33  6.05449e-35 -1.05377e-33 -1.61158e-35  5.96191e-34 -1.46253e-35  2.67236e-34 -5.44407e-36 -1.75119e-33  5.63254e-36  8.95526e-33  4.05525e-37 -4.52483e-32 -2.04926e-36  2.17633e-31 -4.13265e-36 -9.74965e-31   1.1203e-36  4.05296e-30  4.52145e-37  -1.5625e-29 -2.44614e-36  5.58208e-29  1.33063e-35 -1.84604e-28 -4.37632e-35  5.64348e-28  1.42186e-34 -1.59201e-27 -4.39627e-34  4.13501e-27   1.2735e-33 -9.86194e-27 -3.46046e-33   2.1526e-26  8.81468e-33 -4.28276e-26 -2.10335e-32  7.72831e-26  4.69748e-32 -1.25707e-25 -9.80849e-32  1.82868e-25  1.91238e-31 -2.35491e-25 -3.47651e-31  2.64729e-25  5.88251e-31 -2.54568e-25 -9.24649e-31  2.02691e-25   1.3471e-30 -1.25608e-25 -1.81422e-30  5.14513e-26  2.25188e-30 -3.45039e-27 -2.56715e-30 -1.31906e-26  2.67707e-30  1.00667e-26 -2.54176e-30 -2.66923e-27  2.18521e-30 -9.17451e-28 -1.69018e-30  9.29874e-28  1.16714e-30 -1.70013e-28 -7.12967e-31 -9.17569e-29  3.80999e-31   4.2568e-29  -1.7567e-31  2.55259e-30  6.86823e-32 -4.02984e-30 -2.22622e-32  1.55271e-31  5.80237e-33  2.04504e-31 -1.16353e-33 -1.02441e-32  1.67128e-34 -5.34742e-33 -1.48784e-35  1.15967e-34   4.7673e-37  4.71538e-35  3.63034e-38  1.97944e-37 -2.43871e-39
 6.43481e-38 -2.39724e-35 -1.43401e-35  3.74157e-34   1.3904e-35   2.9506e-34 -7.59979e-35  2.62736e-34  1.68721e-34 -2.63062e-33  2.77142e-35 -3.19011e-33  1.26477e-34  2.03653e-34 -2.38193e-35   -2.465e-34 -2.19914e-34  1.14919e-32 -2.07442e-34 -1.87635e-33  2.92804e-36 -2.43743e-33  1.71223e-34  2.67539e-33  3.66171e-35 -1.05969e-34 -8.29995e-36 -4.45848e-33 -5.93706e-35  3.63018e-33  4.37989e-35 -8.68918e-34 -2.74652e-35 -9.15092e-34 -5.53907e-35  1.10432e-33   7.2558e-35 -1.02672e-33 -1.14015e-35  2.08171e-34 -1.54185e-35  2.81216e-33 -8.69608e-36  -1.6511e-32  4.22508e-36  8.82582e-32  4.55012e-36 -4.40974e-31  -3.9533e-36  2.05031e-30 -5.08018e-36 -8.84899e-30 -3.87328e-39  3.54265e-29  4.17045e-36 -1.31479e-28 -1.59355e-35  4.51956e-28  6.21468e-35 -1.43718e-27 -2.07928e-34  4.22098e-27  6.60354e-34 -1.14272e-26 -1.97479e-33  2.84461e-26  5.53883e-33 -6.49166e-26 -1.45689e-32  1.35314e-25  3.59139e-32 -2.56465e-25  -8.2907e-32  4.39539e-25  1.79059e-31  -6.7642e-25 -3.61396e-31  9.26359e-25  6.80729e-31 -1.11552e-24  -1.1948e-30  1.16144e-24  1.95057e-30 -1.01901e-24 -2.95581e-30  7.20565e-25  4.14769e-30 -3.72451e-25  -5.3747e-30  9.72782e-26  6.41128e-30  3.94798e-26 -7.01427e-30  -5.8024e-26  7.00834e-30  2.67077e-26 -6.36322e-30 -7.81587e-28  5.21946e-30  -5.3669e-27 -3.84107e-30  2.25365e-27  2.51516e-30  1.57739e-28  -1.4509e-30 -3.57251e-28  7.28413e-31  5.18905e-29 -3.13492e-31  2.72997e-29  1.13463e-31 -6.84074e-30 -3.36811e-32 -1.22785e-30   7.9249e-33  3.52452e-31 -1.40642e-33  3.59572e-32   1.7366e-34 -7.25688e-33 -1.26619e-35  -5.3163e-34  2.88394e-37  3.30989e-35   1.8456e-38  1.03979e-36
 1.09048e-35 -5.87214e-37 -2.93097e-35 -2.28851e-35  5.72308e-34  1.20336e-35  5.54742e-34 -7.45913e-35  3.83326e-35  1.73499e-34  -2.6502e-33  5.11915e-35 -2.65293e-33  1.41641e-34 -3.40405e-34 -1.61967e-35 -8.40736e-34 -2.07442e-34  1.26544e-32 -1.89676e-34 -3.27209e-33  2.01966e-35 -3.05699e-33  1.58513e-34  3.55791e-33  2.65782e-35 -2.05758e-36   1.7213e-35 -4.53652e-33 -9.92862e-35  3.79152e-33  9.11782e-35 -1.13281e-33  -4.2065e-35 -7.27515e-34 -6.77623e-35  9.63091e-34  8.26916e-35 -2.80767e-34 -8.29666e-36 -4.20083e-33 -1.51935e-35  2.90495e-32 -1.06518e-35  -1.6317e-31  2.00291e-36  8.48262e-31  8.90951e-36 -4.09472e-30  -5.9789e-36  1.83463e-29  -5.0538e-36 -7.62635e-29 -4.86643e-36   2.9398e-28  2.19517e-35  -1.0501e-27 -8.08471e-35  3.47214e-27  2.87612e-34 -1.06123e-26 -9.42089e-34  2.99287e-26  2.90342e-33 -7.77088e-26 -8.40377e-33  1.85255e-25  2.28153e-32 -4.04146e-25 -5.80731e-32   8.0353e-25   1.3849e-31 -1.44872e-24 -3.09162e-31  2.35378e-24  6.45415e-31 -3.41899e-24  -1.2585e-30  4.39398e-24  2.28888e-30 -4.92565e-24 -3.87649e-30  4.71716e-24  6.10217e-30 -3.73147e-24 -8.90884e-30  2.28488e-24  1.20328e-29 -9.07339e-25 -1.49922e-29  2.95982e-26  1.71742e-29  2.60432e-25 -1.80182e-29 -1.88268e-25  1.72349e-29  4.58008e-26 -1.49506e-29  1.97483e-26  1.16881e-29 -1.77999e-26 -8.17359e-30  2.83192e-27  5.06734e-30  1.91243e-27 -2.75501e-30 -8.00631e-28   1.2961e-30 -7.07637e-29 -5.18875e-31    7.945e-29  1.73026e-31  -1.5256e-30 -4.67229e-32 -4.16966e-30  9.82728e-33  1.45419e-31 -1.52039e-33  1.10574e-31  1.57422e-34 -1.26558e-33 -8.96038e-36 -9.74702e-34  1.18943e-37 -7.88164e-36  6.59968e-39
-4.63966e-37  1.87926e-35 -2.59165e-36 -7.17174e-36  -3.1796e-35  7.40818e-34  5.46686e-36  8.20156e-34 -6.65442e-35 -2.65737e-34  1.60602e-34  -2.5103e-33  6.56534e-35 -1.84695e-33  1.56703e-34 -9.84634e-34  -8.3884e-36 -1.87635e-33 -1.89676e-34  1.44131e-32 -1.70196e-34 -4.90625e-33  4.42589e-35  -3.4339e-33  1.33963e-34  4.11555e-33  1.81445e-35   -2.045e-34  5.30784e-35   -4.114e-33  -1.4143e-34  3.67393e-33  1.43483e-34 -1.34864e-33 -6.07763e-35 -4.17008e-34 -7.46006e-35  -1.5006e-34  9.07333e-35  7.00512e-33 -6.73294e-36 -4.87693e-32 -1.47255e-35  2.87014e-31 -1.04533e-35 -1.55145e-30 -1.03002e-36  7.77695e-30   1.3109e-35 -3.61735e-29 -8.61921e-36  1.56118e-28  -5.6305e-37 -6.24962e-28 -2.69483e-35  2.31921e-27  1.04617e-34 -7.97114e-27 -3.75816e-34  2.53433e-26  1.27806e-33 -7.44174e-26 -4.06291e-33  2.01412e-25  1.21277e-32 -5.01214e-25 -3.39719e-32  1.14332e-24  8.92413e-32 -2.38186e-24 -2.19719e-31  4.51122e-24   5.0664e-31 -7.72436e-24 -1.09312e-30  1.18728e-23  2.20448e-30 -1.62331e-23 -4.15018e-30  1.95035e-23  7.28302e-30 -2.02399e-23 -1.18934e-29  1.76692e-23  1.80386e-29 -1.23883e-23 -2.53527e-29  6.28851e-24  3.29338e-29 -1.52264e-24  -3.9423e-29  -7.8884e-25  4.33339e-29  1.04059e-24 -4.35615e-29 -4.55745e-25  3.98555e-29 -1.50904e-27 -3.30005e-29  9.97631e-26  2.45626e-29 -3.89019e-26 -1.63019e-29 -4.09216e-27  9.55381e-30  6.58957e-27 -4.88547e-30 -8.10581e-28  2.14788e-30 -5.33596e-28 -7.96866e-31  1.18309e-28  2.43532e-31   2.5522e-29 -5.93636e-32 -6.30614e-30  1.10324e-32 -7.72152e-31 -1.46063e-33  1.30459e-31  1.22801e-34  1.13069e-32 -5.10065e-36 -5.77288e-34  2.43621e-38 -2.13985e-35
-1.36891e-35 -8.93046e-37  1.74085e-35 -6.09223e-36  5.15143e-35 -3.99757e-35  8.47693e-34  -6.0125e-36  1.03023e-33 -5.35005e-35 -6.17526e-34  1.31621e-34   -2.238e-33  7.02864e-35 -8.19655e-34  1.68445e-34 -1.70729e-33  2.92804e-36 -3.27209e-33 -1.70196e-34  1.65916e-32 -1.52659e-34 -6.64411e-33  7.47905e-35 -3.47147e-33  9.50335e-35  4.31839e-33  1.23264e-35 -7.63198e-34  9.25248e-35 -3.12036e-33 -1.81188e-34  3.24237e-33  1.98769e-34 -1.64328e-33 -8.20588e-35  1.25301e-33 -7.53454e-35 -1.12034e-32   9.6846e-35   7.8949e-32 -6.12551e-36 -4.81097e-31 -1.48185e-35    2.702e-30 -7.48816e-36 -1.40649e-29 -4.97231e-36  6.79183e-29  1.74783e-35 -3.04313e-28 -1.54304e-35  1.26494e-27  2.42911e-35 -4.87574e-27 -1.27344e-34  1.74147e-26  4.73852e-34 -5.75747e-26 -1.65355e-33  1.75945e-25   5.4287e-33 -4.96103e-25 -1.67125e-32  1.28779e-24  4.82813e-32 -3.06902e-24 -1.30838e-31  6.69238e-24  3.32393e-31 -1.32984e-23 -7.91145e-31  2.39586e-23  1.76276e-30  -3.8888e-23 -3.67324e-30  5.64119e-23  7.15042e-30 -7.23662e-23 -1.29858e-29  8.09114e-23  2.19688e-29 -7.71856e-23 -3.45606e-29  6.06736e-23  5.04571e-29 -3.67138e-23 -6.82055e-29  1.41159e-23  8.51343e-29  6.22809e-26  -9.7818e-29 -4.51591e-24   1.0308e-28  3.10603e-24 -9.91962e-29 -6.88479e-25  8.67305e-29  -3.6835e-25 -6.84806e-29  3.00347e-25  4.84756e-29 -4.08442e-26 -3.04948e-29 -3.48589e-26  1.68668e-29  1.32657e-26 -8.09512e-30  1.56854e-27  3.31626e-30 -1.38035e-27  -1.1355e-30   5.6012e-31  3.16145e-31  7.47527e-29 -6.89434e-32 -1.52923e-30  1.11621e-32 -2.01231e-30 -1.23502e-33  3.74953e-33  8.06747e-35  1.77219e-32 -2.20278e-36  2.10603e-34 -2.31601e-39
 3.52846e-37 -3.79701e-35 -1.14296e-36   3.9822e-36 -1.02163e-35   1.3557e-34 -4.64324e-35  8.84824e-34 -2.13906e-35  1.16726e-33 -3.73129e-35 -1.01428e-33  9.20618e-35 -1.85456e-33   6.6845e-35  3.53385e-34  1.73984e-34 -2.43743e-33  2.01966e-35 -4.90625e-33 -1.52659e-34  1.89584e-32 -1.39962e-34 -8.36132e-33  1.11364e-34 -3.14965e-33  3.88793e-35  4.20705e-33  1.09421e-35 -1.67311e-33    1.282e-34 -1.60131e-33 -2.14839e-34  2.71394e-33  2.54329e-34 -3.81125e-33 -1.03892e-34  1.75178e-32  -7.0142e-35 -1.21313e-31  1.01411e-34  7.69302e-31 -5.56974e-36  -4.4864e-30  -1.6036e-35  2.42496e-29 -1.47256e-36 -1.21575e-28 -1.05566e-35   5.6551e-28  2.57333e-35  -2.4406e-27 -4.40114e-35  9.76978e-27  1.40461e-34 -3.62535e-26 -5.70835e-34  1.24595e-25  2.05677e-33 -3.96096e-25 -6.95486e-33  1.16293e-24  2.20838e-32 -3.14694e-24 -6.57857e-32  7.82924e-24   1.8383e-31 -1.78536e-23 -4.81657e-31   3.7178e-23  1.18261e-30 -7.03741e-23 -2.71903e-30  1.20405e-22  5.84908e-30 -1.84873e-22 -1.17604e-29    2.524e-22  2.20753e-29 -3.02624e-22 -3.86326e-29  3.13096e-22  6.29348e-29 -2.72031e-22 -9.52669e-29   1.8915e-22  1.33726e-28  -9.4279e-23 -1.73653e-28   2.0976e-23  2.08037e-28  1.37155e-23 -2.29185e-28 -1.65362e-23  2.31293e-28  6.89634e-24 -2.12864e-28   2.5851e-25  1.77685e-28 -1.63961e-24 -1.33653e-28  5.95071e-25  8.98807e-29  8.47876e-26 -5.35237e-29 -1.07637e-25  2.78935e-29  1.09577e-26 -1.25367e-29  9.19624e-27   4.7705e-30 -1.80857e-27 -1.50064e-30 -4.63509e-28  3.78022e-31  9.98148e-29 -7.29627e-32  1.44401e-29  1.01099e-32 -2.07466e-30 -9.05519e-34 -2.10284e-31  4.30468e-35  8.83757e-33 -6.40582e-37  3.88186e-34
 8.49022e-36    9.996e-37 -7.72692e-35 -1.13483e-36 -1.61754e-35  -1.3137e-35  2.14818e-34  -5.0282e-35  8.59423e-34 -3.85288e-35  1.26481e-33 -2.01225e-35 -1.47761e-33  4.98182e-35 -1.38927e-33   5.8309e-35  1.56309e-33  1.71223e-34 -3.05699e-33  4.42589e-35 -6.64411e-33 -1.39962e-34  2.12891e-32 -1.33622e-34  -9.9619e-33  1.54232e-34 -2.53839e-33 -3.65592e-35  3.86985e-33  1.66082e-35 -2.83209e-33  1.53468e-34  2.66322e-35 -2.39976e-34  4.58986e-33  3.06419e-34 -2.65096e-32 -1.24045e-34  1.78762e-31  -5.9819e-35 -1.17237e-30  1.04833e-34  7.10791e-30 -4.07796e-36 -3.98986e-29 -1.86379e-35  2.07687e-28  8.05515e-36 -1.00294e-27 -2.18554e-35   4.4938e-27  5.68795e-35 -1.86794e-26 -1.73825e-34  7.19995e-26  6.54225e-34 -2.57153e-25 -2.46274e-33  8.50135e-25  8.59112e-33 -2.59777e-24  -2.8119e-32  7.32397e-24  8.63618e-32 -1.90086e-23 -2.48788e-31  4.52905e-23  6.72014e-31 -9.87306e-23 -1.70117e-30  1.96103e-22  4.03332e-30 -3.53091e-22  -8.9492e-30  5.72644e-22   1.8566e-29 -8.29741e-22 -3.59758e-29  1.06268e-21  6.50331e-29 -1.18534e-21  -1.0952e-28  1.12665e-21  1.71554e-28 -8.80307e-22 -2.49508e-28  5.26478e-22  3.36237e-28 -1.95746e-22 -4.18836e-28 -8.66117e-24  4.80911e-28   6.9538e-23 -5.07308e-28 -4.56817e-23  4.89717e-28  9.14983e-24 -4.30546e-28  6.04131e-24  3.42761e-28 -4.51523e-24 -2.45366e-28  5.12128e-25   1.5659e-28   5.6256e-25 -8.81578e-29 -1.95748e-25  4.32151e-29 -2.92954e-26  -1.8146e-29  2.13624e-26  6.39178e-30   3.8499e-28 -1.83767e-30 -1.19224e-27  4.15485e-31  8.01826e-30 -7.00475e-32  3.25874e-29  8.11621e-33  2.35099e-31 -5.62161e-34 -2.86777e-31   1.7429e-35 -4.47763e-33 -8.99192e-38
 1.14494e-37   1.2613e-35  2.08123e-36 -1.30496e-34 -9.66369e-37 -3.31762e-35 -1.28002e-35  2.52244e-34 -5.08721e-35   7.8288e-34 -5.45668e-35  1.38598e-33 -4.73477e-36 -2.03252e-33   1.3178e-35 -8.91564e-34  4.75611e-35  2.67539e-33  1.58513e-34  -3.4339e-33  7.47905e-35 -8.36132e-33 -1.33622e-34  2.34264e-32 -1.33682e-34 -1.13891e-32  2.04164e-34 -1.77442e-33 -1.31157e-34   3.3738e-33  3.21442e-35 -3.73324e-33  1.63625e-34 -1.61191e-33 -2.55517e-34  3.40072e-32  3.50392e-34 -2.51856e-31 -1.40463e-34  1.70733e-30 -4.58185e-35 -1.07519e-29  1.07313e-34  6.26995e-29  -7.1507e-37 -3.38906e-28 -2.31504e-35  1.69915e-27  2.46104e-35 -7.90394e-27 -5.88098e-35  3.41124e-26  1.97435e-34 -1.36556e-25 -7.49533e-34  5.06734e-25  2.84838e-33 -1.74152e-24 -1.02769e-32  5.53631e-24  3.46893e-32 -1.62537e-23  -1.0983e-31  4.39793e-23   3.2614e-31 -1.09401e-22 -9.07987e-31  2.49423e-22  2.36895e-30 -5.19236e-22 -5.78872e-30  9.82437e-22  1.32388e-29 -1.67984e-21 -2.83138e-29  2.57702e-21   5.6573e-29 -3.51388e-21  -1.0549e-28  4.20535e-21  1.83345e-28 -4.33878e-21 -2.96606e-28  3.75289e-21  4.45931e-28 -2.58861e-21 -6.21963e-28  1.26683e-21  8.03136e-28 -2.56278e-22 -9.57894e-28  -2.1042e-22   1.0523e-27  2.35081e-22 -1.06122e-27 -9.34225e-23  9.78478e-28 -6.85319e-24 -8.20759e-28  2.40636e-23  6.22492e-28 -8.14418e-24 -4.23651e-28 -1.48314e-24  2.56307e-28   1.5726e-24 -1.36246e-28 -1.28193e-25  6.27146e-29 -1.41241e-25  -2.4541e-29   2.4664e-26  7.97176e-30  7.45443e-27 -2.08243e-30 -1.41181e-27  4.18544e-31 -2.38503e-28 -6.06192e-32  2.94634e-29  5.68913e-33  3.46616e-30 -2.83544e-34 -1.19677e-31  4.56641e-36  -6.2773e-33
